9.999992e-01 7.308999e-04 1.026231e-03 -6.458443e-02 -7.311373e-04 9.999997e-01 2.309776e-04 -1.480793e-02 -1.026062e-03 -2.317283e-04 9.999995e-01 6.498488e-01
9.999999e-01 3.458534e-04 3.158674e-04 -1.247127e-01 -3.459194e-04 9.999999e-01 2.088115e-04 -3.236959e-02 -3.157949e-04 -2.089202e-04 9.999998e-01 1.401229e+00
1.000000e+00 -1.503649e-04 -1.376115e-04 -2.437753e-01 1.503670e-04 1.000000e+00 1.556455e-05 -3.914584e-02 1.376089e-04 -1.558581e-05 1.000000e+00 1.822626e+00
9.999958e-01 1.554229e-03 2.433925e-03 -6.947334e-02 -1.554763e-03 9.999988e-01 2.177341e-04 -6.174420e-02 -2.433583e-03 -2.215168e-04 9.999969e-01 2.604232e+00
9.999987e-01 -2.705962e-04 1.566929e-03 4.166927e-01 2.706810e-04 1.000000e+00 -5.394042e-05 -8.795002e-02 -1.566915e-03 5.436388e-05 9.999989e-01 3.217589e+00
9.999826e-01 3.375031e-03 4.831928e-03 1.693452e+00 -3.370665e-03 9.999939e-01 -9.113004e-04 -1.371545e-01 -4.834973e-03 8.949983e-04 9.999878e-01 3.983366e+00
9.999973e-01 4.538519e-04 2.298692e-03 2.683146e+00 -4.559288e-04 9.999995e-01 9.030623e-04 -1.930584e-01 -2.298283e-03 -9.041083e-04 9.999971e-01 5.287251e+00
9.999903e-01 2.810057e-03 3.385774e-03 3.201505e+00 -2.809213e-03 9.999960e-01 -2.542677e-04 -2.399185e-01 -3.386472e-03 2.447545e-04 9.999941e-01 6.684717e+00
9.999928e-01 1.285994e-03 3.572440e-03 4.130197e+00 -1.286553e-03 9.999992e-01 1.542950e-04 -2.967444e-01 -3.572242e-03 -1.588906e-04 9.999937e-01 8.094500e+00
9.999910e-01 2.004301e-03 3.732011e-03 4.838646e+00 -2.005952e-03 9.999979e-01 4.387369e-04 -3.491485e-01 -3.731120e-03 -4.462186e-04 9.999928e-01 9.557554e+00
9.999994e-01 1.687564e-04 -1.086711e-03 5.001494e+00 -1.684625e-04 9.999999e-01 2.705271e-04 -3.780904e-01 1.086752e-03 -2.703446e-04 9.999995e-01 1.057618e+01
9.999936e-01 1.332401e-03 3.314777e-03 5.271058e+00 -1.333513e-03 9.999991e-01 3.331645e-04 -4.016536e-01 -3.314326e-03 -3.375819e-04 9.999944e-01 1.125607e+01
9.999987e-01 1.318931e-03 -8.918259e-04 5.730999e+00 -1.319349e-03 9.999990e-01 -4.690974e-04 -4.352422e-01 8.912014e-04 4.702726e-04 9.999996e-01 1.215240e+01
9.999734e-01 3.456833e-03 6.419531e-03 6.727540e+00 -3.462309e-03 9.999937e-01 8.420962e-04 -5.003055e-01 -6.416574e-03 -8.642994e-04 9.999789e-01 1.368911e+01
9.999988e-01 7.663315e-04 -1.354775e-03 7.571642e+00 -7.667204e-04 9.999997e-01 -2.865683e-04 -5.579997e-01 1.354549e-03 2.876058e-04 9.999991e-01 1.510691e+01
9.999882e-01 1.335150e-03 4.666809e-03 8.041207e+00 -1.339869e-03 9.999986e-01 1.008137e-03 -5.907569e-01 -4.665451e-03 -1.014377e-03 9.999885e-01 1.591563e+01
9.999938e-01 3.021356e-03 -1.811234e-03 8.618223e+00 -3.023236e-03 9.999949e-01 -1.035619e-03 -6.406936e-01 1.808090e-03 1.041087e-03 9.999979e-01 1.732614e+01
9.999748e-01 2.019337e-03 6.805054e-03 9.417181e+00 -2.031584e-03 9.999963e-01 1.793229e-03 -7.044987e-01 -6.801400e-03 -1.807007e-03 9.999751e-01 1.898085e+01
9.999939e-01 3.336806e-03 -1.017637e-03 1.037465e+01 -3.338147e-03 9.999936e-01 -1.318878e-03 -7.720295e-01 1.013222e-03 1.322265e-03 9.999987e-01 2.067417e+01
9.999744e-01 1.812087e-03 6.916955e-03 1.137973e+01 -1.822705e-03 9.999972e-01 1.528979e-03 -8.358378e-01 -6.914156e-03 -1.541546e-03 9.999748e-01 2.218981e+01
9.999933e-01 3.647409e-03 -4.417811e-04 1.235884e+01 -3.647854e-03 9.999928e-01 -1.009863e-03 -9.061578e-01 4.380856e-04 1.011467e-03 9.999995e-01 2.401780e+01
9.999838e-01 -2.578149e-04 5.680611e-03 1.279471e+01 2.470814e-04 9.999982e-01 1.890119e-03 -9.511249e-01 -5.681078e-03 -1.888683e-03 9.999820e-01 2.540573e+01
9.999928e-01 3.719981e-03 7.692612e-04 1.335202e+01 -3.719127e-03 9.999925e-01 -1.108373e-03 -1.000194e+00 -7.733887e-04 1.105502e-03 9.999992e-01 2.683105e+01
9.999870e-01 1.376747e-04 5.100701e-03 1.391992e+01 -1.463439e-04 9.999985e-01 1.699268e-03 -1.051815e+00 -5.100449e-03 -1.699990e-03 9.999854e-01 2.833655e+01
9.999445e-01 8.067090e-03 6.781870e-03 1.504502e+01 -8.055986e-03 9.999662e-01 -1.662945e-03 -1.149000e+00 -6.795067e-03 1.608216e-03 9.999757e-01 3.100450e+01
9.999830e-01 -2.066680e-03 5.453735e-03 1.621129e+01 2.046569e-03 9.999911e-01 3.690566e-03 -1.240117e+00 -5.461300e-03 -3.679340e-03 9.999782e-01 3.351419e+01
9.999871e-01 3.731158e-03 -3.442365e-03 1.617710e+01 -3.743449e-03 9.999866e-01 -3.571133e-03 -1.262654e+00 3.428981e-03 3.583971e-03 9.999878e-01 3.444576e+01
9.999861e-01 -2.332122e-03 4.722463e-03 1.607046e+01 2.314787e-03 9.999906e-01 3.672840e-03 -1.281949e+00 -4.730970e-03 -3.661855e-03 9.999820e-01 3.531537e+01
9.999868e-01 4.776110e-03 -1.889141e-03 1.617397e+01 -4.782154e-03 9.999834e-01 -3.207582e-03 -1.314392e+00 1.873777e-03 3.216572e-03 9.999932e-01 3.650707e+01
9.999887e-01 -2.998889e-03 3.691726e-03 1.612084e+01 2.986140e-03 9.999896e-01 3.454021e-03 -1.337534e+00 -3.702032e-03 -3.442956e-03 9.999871e-01 3.747583e+01
9.999871e-01 4.488294e-03 -2.372559e-03 1.594456e+01 -4.496081e-03 9.999845e-01 -3.287105e-03 -1.358154e+00 2.357754e-03 3.297728e-03 9.999919e-01 3.844791e+01
9.999901e-01 -3.920832e-03 2.104786e-03 1.563449e+01 3.913850e-03 9.999869e-01 3.311129e-03 -1.372210e+00 -2.117727e-03 -3.302856e-03 9.999922e-01 3.928566e+01
9.999848e-01 5.280674e-03 -1.558275e-03 1.544978e+01 -5.285777e-03 9.999806e-01 -3.289187e-03 -1.391381e+00 1.540862e-03 3.297371e-03 9.999935e-01 4.018993e+01
9.999900e-01 -3.951054e-03 2.103889e-03 1.523966e+01 3.943809e-03 9.999863e-01 3.436711e-03 -1.410574e+00 -2.117425e-03 -3.428378e-03 9.999918e-01 4.112512e+01
9.999851e-01 3.800455e-03 -3.921408e-03 1.488842e+01 -3.815624e-03 9.999852e-01 -3.867985e-03 -1.411534e+00 3.906636e-03 3.882888e-03 9.999849e-01 4.156591e+01
9.999891e-01 -4.510177e-03 1.178839e-03 1.430737e+01 4.505654e-03 9.999826e-01 3.811309e-03 -1.403303e+00 -1.195994e-03 -3.805954e-03 9.999919e-01 4.188041e+01
9.999795e-01 3.723271e-03 -5.218272e-03 1.348701e+01 -3.743344e-03 9.999856e-01 -3.842390e-03 -1.388977e+00 5.203877e-03 3.861843e-03 9.999791e-01 4.215997e+01
9.999889e-01 -4.671264e-03 6.367063e-04 1.259303e+01 4.668715e-03 9.999813e-01 3.947048e-03 -1.371615e+00 -6.551193e-04 -3.944030e-03 9.999919e-01 4.240353e+01
9.999820e-01 6.002052e-03 -2.489703e-04 1.234785e+01 -6.002975e-03 9.999744e-01 -3.885801e-03 -1.388052e+00 2.256283e-04 3.887223e-03 9.999925e-01 4.327081e+01
9.999842e-01 -1.932152e-03 5.274167e-03 1.302873e+01 1.910513e-03 9.999898e-01 4.104787e-03 -1.440339e+00 -5.282031e-03 -4.094643e-03 9.999776e-01 4.469502e+01
9.999849e-01 5.362292e-03 1.203626e-03 1.360785e+01 -5.358227e-03 9.999800e-01 -3.355920e-03 -1.490812e+00 -1.221612e-03 3.349418e-03 9.999937e-01 4.615866e+01
9.999903e-01 -1.255234e-03 4.224019e-03 1.423334e+01 1.239539e-03 9.999923e-01 3.716230e-03 -1.545366e+00 -4.228637e-03 -3.710955e-03 9.999841e-01 4.774346e+01
9.999712e-01 5.880090e-03 4.807416e-03 1.534090e+01 -5.862826e-03 9.999763e-01 -3.597171e-03 -1.612553e+00 -4.828469e-03 3.568880e-03 9.999821e-01 4.936301e+01
9.999909e-01 -1.342231e-03 4.055000e-03 1.648926e+01 1.327153e-03 9.999922e-01 3.718913e-03 -1.678430e+00 -4.059944e-03 -3.713496e-03 9.999848e-01 5.085511e+01
9.999885e-01 4.384696e-03 1.960357e-03 1.712705e+01 -4.378338e-03 9.999852e-01 -3.236123e-03 -1.726272e+00 -1.974534e-03 3.227501e-03 9.999929e-01 5.212756e+01
9.999947e-01 -1.851303e-03 2.683834e-03 1.748038e+01 1.841201e-03 9.999912e-01 3.761436e-03 -1.763750e+00 -2.690756e-03 -3.756472e-03 9.999892e-01 5.329194e+01
9.999966e-01 2.296000e-03 -1.251699e-03 1.743398e+01 -2.300354e-03 9.999913e-01 -3.488949e-03 -1.775403e+00 1.243660e-03 3.491814e-03 9.999932e-01 5.384551e+01
9.999939e-01 -2.618078e-04 3.486271e-03 1.758743e+01 2.503485e-04 9.999946e-01 3.286985e-03 -1.799902e+00 -3.487095e-03 -3.286090e-03 9.999884e-01 5.470229e+01
9.999972e-01 1.174229e-03 -2.059706e-03 1.743247e+01 -1.180608e-03 9.999945e-01 -3.098524e-03 -1.816835e+00 2.056038e-03 3.100944e-03 9.999932e-01 5.551758e+01
9.999994e-01 -1.094683e-03 1.021407e-04 1.700876e+01 1.094363e-03 9.999947e-01 3.080199e-03 -1.819763e+00 -1.054944e-04 -3.080083e-03 9.999952e-01 5.607277e+01
9.999986e-01 1.671306e-03 -6.416376e-06 1.685494e+01 -1.671318e-03 9.999938e-01 -3.095240e-03 -1.831000e+00 1.225633e-06 3.095244e-03 9.999953e-01 5.667596e+01
9.999979e-01 -1.586652e-03 -1.273125e-03 1.656077e+01 1.590242e-03 9.999947e-01 2.823439e-03 -1.834682e+00 1.268656e-03 -2.825455e-03 9.999951e-01 5.715564e+01
9.999990e-01 1.395642e-03 -3.526118e-04 1.620056e+01 -1.396717e-03 9.999943e-01 -3.069413e-03 -1.834804e+00 3.483087e-04 3.069899e-03 9.999953e-01 5.755630e+01
9.999992e-01 -9.513413e-04 -8.172258e-04 1.585843e+01 9.536257e-04 9.999956e-01 2.799713e-03 -1.844011e+00 8.145760e-04 -2.800488e-03 9.999956e-01 5.824968e+01
9.999978e-01 1.959141e-03 7.633480e-04 1.564404e+01 -1.956860e-03 9.999937e-01 -2.977599e-03 -1.860870e+00 -7.691939e-04 2.976096e-03 9.999954e-01 5.908535e+01
9.999988e-01 -1.207611e-03 -9.274611e-04 1.550872e+01 1.209996e-03 9.999960e-01 2.575573e-03 -1.871762e+00 9.243642e-04 -2.576690e-03 9.999962e-01 5.967496e+01
9.999797e-01 3.905580e-03 5.038940e-03 1.579096e+01 -3.893024e-03 9.999893e-01 -2.499064e-03 -1.906375e+00 -5.048664e-03 2.479394e-03 9.999843e-01 6.075743e+01
9.999978e-01 -1.317754e-03 -1.633225e-03 1.580693e+01 1.323316e-03 9.999933e-01 3.409191e-03 -1.942431e+00 1.628739e-03 -3.411342e-03 9.999928e-01 6.214636e+01
9.999615e-01 4.892107e-03 7.286700e-03 1.621080e+01 -4.872449e-03 9.999844e-01 -2.713017e-03 -1.991593e+00 -7.299877e-03 2.677405e-03 9.999699e-01 6.372259e+01
9.999997e-01 -3.294269e-04 7.367558e-04 1.691643e+01 3.268699e-04 9.999939e-01 3.467801e-03 -2.055365e+00 -7.378745e-04 -3.467557e-03 9.999936e-01 6.557627e+01
9.999922e-01 1.982861e-03 3.411354e-03 1.709048e+01 -1.973245e-03 9.999941e-01 -2.819781e-03 -2.085650e+00 -3.416944e-03 2.813024e-03 9.999903e-01 6.661618e+01
9.999881e-01 -1.615000e-03 -4.599175e-03 1.681782e+01 1.626589e-03 9.999955e-01 2.517396e-03 -2.094414e+00 4.595109e-03 -2.524844e-03 9.999862e-01 6.722769e+01
9.999899e-01 2.197754e-03 3.918045e-03 1.658081e+01 -2.187576e-03 9.999942e-01 -2.600159e-03 -2.106604e+00 -3.923756e-03 2.591559e-03 9.999890e-01 6.790567e+01
9.999890e-01 -1.542233e-03 -4.425181e-03 1.634894e+01 1.552908e-03 9.999959e-01 2.409896e-03 -2.120245e+00 4.421465e-03 -2.416739e-03 9.999872e-01 6.862944e+01
9.999825e-01 2.687388e-03 5.275976e-03 1.623332e+01 -2.674630e-03 9.999935e-01 -2.423542e-03 -2.137381e+00 -5.282474e-03 2.409385e-03 9.999832e-01 6.939820e+01
9.999819e-01 -1.844880e-03 -5.719570e-03 1.598655e+01 1.857895e-03 9.999957e-01 2.271123e-03 -2.152881e+00 5.715375e-03 -2.281706e-03 9.999810e-01 7.019803e+01
9.999818e-01 2.812083e-03 5.338810e-03 1.575785e+01 -2.799953e-03 9.999935e-01 -2.278178e-03 -2.169220e+00 -5.345201e-03 2.263185e-03 9.999833e-01 7.101653e+01
9.999813e-01 -1.883556e-03 -5.823187e-03 1.551608e+01 1.896797e-03 9.999956e-01 2.269332e-03 -2.184151e+00 5.818907e-03 -2.280332e-03 9.999804e-01 7.179101e+01
9.999617e-01 4.399851e-03 7.561743e-03 1.552631e+01 -4.385655e-03 9.999886e-01 -1.892861e-03 -2.213528e+00 -7.570005e-03 1.859623e-03 9.999697e-01 7.294123e+01
9.999907e-01 -2.479406e-03 -3.536322e-03 1.579057e+01 2.488428e-03 9.999937e-01 2.549140e-03 -2.243408e+00 3.529999e-03 -2.557913e-03 9.999904e-01 7.388545e+01
9.999900e-01 2.843666e-03 3.461519e-03 1.566144e+01 -2.834087e-03 9.999922e-01 -2.769068e-03 -2.252638e+00 -3.469387e-03 2.759227e-03 9.999903e-01 7.438447e+01
9.999917e-01 -2.087682e-03 -3.512236e-03 1.549147e+01 2.097415e-03 9.999940e-01 2.769979e-03 -2.266606e+00 3.506452e-03 -2.777319e-03 9.999899e-01 7.507130e+01
9.999612e-01 5.670550e-03 6.735624e-03 1.566220e+01 -5.654174e-03 9.999810e-01 -2.447683e-03 -2.307455e+00 -6.749396e-03 2.409500e-03 9.999744e-01 7.651412e+01
9.999995e-01 -6.390666e-04 7.860636e-04 1.645128e+01 6.366249e-04 9.999950e-01 3.102266e-03 -2.375833e+00 -7.880212e-04 -3.101761e-03 9.999948e-01 7.844943e+01
9.999800e-01 3.847055e-03 5.018934e-03 1.699165e+01 -3.835160e-03 9.999898e-01 -2.377516e-03 -2.422984e+00 -5.028051e-03 2.358217e-03 9.999847e-01 7.976977e+01
9.999949e-01 -1.146324e-03 -2.986300e-03 1.696740e+01 1.154218e-03 9.999958e-01 2.643035e-03 -2.453941e+00 2.983279e-03 -2.646465e-03 9.999919e-01 8.096951e+01
9.999598e-01 6.121430e-03 6.556336e-03 1.717659e+01 -6.110257e-03 9.999798e-01 -1.722716e-03 -2.507238e+00 -6.566772e-03 1.682582e-03 9.999771e-01 8.283657e+01
9.999915e-01 -2.268856e-03 -3.434165e-03 1.732391e+01 2.277809e-03 9.999940e-01 2.605343e-03 -2.552325e+00 3.428255e-03 -2.613140e-03 9.999906e-01 8.445533e+01
9.999845e-01 4.204282e-03 3.655370e-03 1.725579e+01 -4.195762e-03 9.999885e-01 -2.335096e-03 -2.575468e+00 -3.665167e-03 2.319719e-03 9.999907e-01 8.538584e+01
9.999885e-01 -3.379200e-03 -3.397602e-03 1.719304e+01 3.387099e-03 9.999916e-01 2.322119e-03 -2.587629e+00 3.389749e-03 -2.333597e-03 9.999914e-01 8.591451e+01
9.999832e-01 4.518322e-03 3.619312e-03 1.714257e+01 -4.510442e-03 9.999874e-01 -2.182285e-03 -2.603070e+00 -3.629149e-03 2.165920e-03 9.999912e-01 8.654364e+01
9.999901e-01 -2.602533e-03 -3.602916e-03 1.712285e+01 2.611473e-03 9.999935e-01 2.478889e-03 -2.624672e+00 3.596464e-03 -2.488270e-03 9.999903e-01 8.738012e+01
9.999793e-01 4.775002e-03 4.302519e-03 1.733551e+01 -4.766338e-03 9.999866e-01 -2.021586e-03 -2.651825e+00 -4.312137e-03 2.001033e-03 9.999888e-01 8.817932e+01
9.999789e-01 -3.123495e-03 -5.697759e-03 1.736612e+01 3.135396e-03 9.999929e-01 2.081028e-03 -2.671559e+00 5.691241e-03 -2.098845e-03 9.999815e-01 8.880311e+01
9.999781e-01 4.385527e-03 4.963439e-03 1.741355e+01 -4.375296e-03 9.999883e-01 -2.070040e-03 -2.687424e+00 -4.972482e-03 2.048275e-03 9.999856e-01 8.933421e+01
9.999849e-01 -2.815079e-03 -4.725907e-03 1.766110e+01 2.825528e-03 9.999936e-01 2.205916e-03 -2.706763e+00 4.719689e-03 -2.219232e-03 9.999863e-01 8.985388e+01
9.999721e-01 4.286996e-03 6.123583e-03 1.784716e+01 -4.275073e-03 9.999889e-01 -1.958799e-03 -2.727595e+00 -6.131935e-03 1.932562e-03 9.999794e-01 9.045730e+01
9.999781e-01 -2.691918e-03 -6.052916e-03 1.809579e+01 2.704011e-03 9.999944e-01 1.990693e-03 -2.746311e+00 6.047545e-03 -2.007013e-03 9.999796e-01 9.093327e+01
9.999807e-01 4.025256e-03 4.724082e-03 1.825347e+01 -4.015837e-03 9.999899e-01 -2.001442e-03 -2.761167e+00 -4.732114e-03 1.982428e-03 9.999869e-01 9.131438e+01
9.999896e-01 -8.158791e-04 -4.482148e-03 1.869138e+01 8.226621e-04 9.999985e-01 1.511794e-03 -2.790878e+00 4.480930e-03 -1.515462e-03 9.999887e-01 9.198174e+01
9.999577e-01 5.262371e-03 7.538146e-03 1.935526e+01 -5.252053e-03 9.999852e-01 -1.387924e-03 -2.839179e+00 -7.545361e-03 1.348271e-03 9.999707e-01 9.315714e+01
9.999977e-01 2.064920e-03 -5.150701e-04 2.085820e+01 -2.064767e-03 9.999978e-01 2.976931e-04 -2.909883e+00 5.157069e-04 -2.966250e-04 9.999997e-01 9.442870e+01
9.999750e-01 2.102611e-03 6.752921e-03 2.221126e+01 -2.102019e-03 9.999978e-01 -9.465321e-05 -2.965329e+00 -6.753129e-03 8.045200e-05 9.999773e-01 9.536358e+01
9.999194e-01 1.110145e-03 -1.264679e-02 2.296629e+01 -1.119326e-03 9.999991e-01 -7.188763e-04 -2.998828e+00 1.264601e-02 7.329783e-04 9.999197e-01 9.560855e+01
9.999767e-01 2.059867e-03 6.508322e-03 2.348301e+01 -2.060732e-03 9.999979e-01 1.262374e-04 -3.031541e+00 -6.508071e-03 -1.396504e-04 9.999789e-01 9.605647e+01
9.999716e-01 1.086061e-03 -7.453851e-03 2.389332e+01 -1.088083e-03 9.999994e-01 -2.671672e-04 -3.065751e+00 7.453579e-03 2.752741e-04 9.999721e-01 9.684634e+01
9.998559e-01 6.243869e-03 1.578543e-02 2.514118e+01 -6.229089e-03 9.999801e-01 -9.852558e-04 -3.134297e+00 -1.579129e-02 8.867809e-04 9.998750e-01 9.831215e+01
9.999791e-01 -2.724483e-03 -5.858682e-03 2.628142e+01 2.736480e-03 9.999942e-01 2.040824e-03 -3.192099e+00 5.853112e-03 -2.056809e-03 9.999807e-01 9.958181e+01
9.999831e-01 3.395007e-03 4.709563e-03 2.637395e+01 -3.383769e-03 9.999914e-01 -2.392113e-03 -3.198126e+00 -4.717668e-03 2.376132e-03 9.999861e-01 9.980472e+01
9.999774e-01 -2.519173e-03 -6.232877e-03 2.676150e+01 2.532227e-03 9.999946e-01 2.087358e-03 -3.207480e+00 6.227609e-03 -2.103090e-03 9.999783e-01 9.975680e+01
9.999831e-01 2.191791e-03 5.390024e-03 2.693098e+01 -2.181165e-03 9.999957e-01 -1.976444e-03 -3.207444e+00 -5.394357e-03 1.964650e-03 9.999836e-01 9.961616e+01
9.999676e-01 -2.845451e-03 -7.524990e-03 2.672747e+01 2.856267e-03 9.999949e-01 1.427093e-03 -3.204101e+00 7.520915e-03 -1.448536e-03 9.999706e-01 9.974470e+01
9.999828e-01 2.226367e-03 5.418658e-03 2.649931e+01 -2.215300e-03 9.999955e-01 -2.047336e-03 -3.199650e+00 -5.423215e-03 2.035293e-03 9.999833e-01 9.986383e+01
9.999786e-01 -2.358523e-03 -6.095345e-03 2.640700e+01 2.370899e-03 9.999951e-01 2.024002e-03 -3.203546e+00 6.090565e-03 -2.038406e-03 9.999793e-01 1.000907e+02
9.999714e-01 3.423795e-03 6.737230e-03 2.646233e+01 -3.413956e-03 9.999931e-01 -1.471237e-03 -3.221005e+00 -6.742244e-03 1.448190e-03 9.999763e-01 1.006890e+02
9.999850e-01 -2.828989e-03 -4.689735e-03 2.650113e+01 2.841092e-03 9.999926e-01 2.576041e-03 -3.238518e+00 4.682437e-03 -2.589322e-03 9.999856e-01 1.012950e+02
9.999957e-01 1.975047e-03 2.168697e-03 2.656664e+01 -1.969519e-03 9.999948e-01 -2.548199e-03 -3.236101e+00 -2.173742e-03 2.543913e-03 9.999945e-01 1.011768e+02
9.999950e-01 -2.133574e-03 -2.353434e-03 2.683107e+01 2.140064e-03 9.999939e-01 2.758728e-03 -3.240198e+00 2.347557e-03 -2.763747e-03 9.999933e-01 1.010999e+02
9.999982e-01 1.271928e-03 1.409932e-03 2.694114e+01 -1.268200e-03 9.999957e-01 -2.641448e-03 -3.239048e+00 -1.413309e-03 2.639651e-03 9.999956e-01 1.009560e+02
9.999950e-01 -1.993608e-03 -2.453103e-03 2.690264e+01 1.999561e-03 9.999951e-01 2.426810e-03 -3.239097e+00 2.448276e-03 -2.431699e-03 9.999939e-01 1.010123e+02
9.999986e-01 1.245718e-03 1.129344e-03 2.676742e+01 -1.242609e-03 9.999955e-01 -2.748696e-03 -3.239717e+00 -1.132786e-03 2.747285e-03 9.999957e-01 1.011808e+02
9.999984e-01 -1.430607e-03 -1.071226e-03 2.693293e+01 1.433355e-03 9.999957e-01 2.569586e-03 -3.244751e+00 1.067568e-03 -2.571113e-03 9.999960e-01 1.012022e+02
9.999987e-01 9.865615e-04 1.246651e-03 2.700784e+01 -9.836545e-04 9.999968e-01 -2.329922e-03 -3.250029e+00 -1.248969e-03 2.328688e-03 9.999966e-01 1.013354e+02
9.999919e-01 -2.268950e-03 -3.323628e-03 2.686618e+01 2.276206e-03 9.999950e-01 2.181210e-03 -3.246300e+00 3.318685e-03 -2.188754e-03 9.999920e-01 1.013711e+02
9.999991e-01 1.045201e-03 8.599365e-04 2.669725e+01 -1.043090e-03 9.999965e-01 -2.450341e-03 -3.240517e+00 -8.625173e-04 2.449437e-03 9.999967e-01 1.013637e+02
9.999935e-01 -1.823009e-03 -3.122520e-03 2.649264e+01 1.829250e-03 9.999963e-01 1.997034e-03 -3.236921e+00 3.118891e-03 -2.002729e-03 9.999930e-01 1.014837e+02
9.999988e-01 1.171114e-03 9.710019e-04 2.625649e+01 -1.168651e-03 9.999961e-01 -2.533106e-03 -3.233146e+00 -9.739871e-04 2.531965e-03 9.999964e-01 1.016329e+02
9.999914e-01 -2.109569e-03 -3.564889e-03 2.601035e+01 2.117118e-03 9.999955e-01 2.115256e-03 -3.227311e+00 3.560433e-03 -2.122781e-03 9.999913e-01 1.017122e+02
9.999953e-01 2.143559e-03 2.206623e-03 2.580314e+01 -2.138105e-03 9.999947e-01 -2.470769e-03 -3.231433e+00 -2.211930e-03 2.466035e-03 9.999946e-01 1.020494e+02
9.999952e-01 -2.185170e-03 -2.192238e-03 2.576570e+01 2.190491e-03 9.999947e-01 2.427857e-03 -3.237759e+00 2.186943e-03 -2.432644e-03 9.999946e-01 1.023311e+02
9.999967e-01 2.121123e-03 1.477013e-03 2.567356e+01 -2.117360e-03 9.999945e-01 -2.544323e-03 -3.242417e+00 -1.482424e-03 2.541183e-03 9.999958e-01 1.025907e+02
9.999993e-01 -1.145585e-03 2.484038e-04 2.582292e+01 1.144907e-03 9.999957e-01 2.708882e-03 -3.259422e+00 -2.514839e-04 -2.708592e-03 9.999962e-01 1.031280e+02
9.999913e-01 2.599650e-03 3.253121e-03 2.625400e+01 -2.591908e-03 9.999938e-01 -2.381476e-03 -3.287209e+00 -3.259314e-03 2.373020e-03 9.999920e-01 1.038224e+02
9.999956e-01 -1.941742e-03 -2.228305e-03 2.652572e+01 1.945914e-03 9.999964e-01 1.871615e-03 -3.298569e+00 2.224685e-03 -1.875939e-03 9.999957e-01 1.040193e+02
9.999806e-01 3.095154e-03 5.400959e-03 2.699637e+01 -3.080793e-03 9.999917e-01 -2.665090e-03 -3.317320e+00 -5.409185e-03 2.648395e-03 9.999820e-01 1.043272e+02
9.999923e-01 -1.815122e-03 -3.465428e-03 2.718931e+01 1.824133e-03 9.999950e-01 2.599078e-03 -3.336010e+00 3.460716e-03 -2.605376e-03 9.999905e-01 1.049038e+02
9.999858e-01 2.954146e-03 4.443958e-03 2.720793e+01 -2.943315e-03 9.999927e-01 -2.441819e-03 -3.352009e+00 -4.451162e-03 2.428700e-03 9.999872e-01 1.055184e+02
9.999870e-01 -1.617090e-03 -4.844273e-03 2.698389e+01 1.629194e-03 9.999956e-01 2.495897e-03 -3.371595e+00 4.840239e-03 -2.503753e-03 9.999851e-01 1.064072e+02
9.999881e-01 2.954903e-03 3.889531e-03 2.675548e+01 -2.945204e-03 9.999925e-01 -2.496744e-03 -3.390813e+00 -3.896903e-03 2.485255e-03 9.999894e-01 1.073020e+02
9.999882e-01 -1.731032e-03 -4.549134e-03 2.661958e+01 1.743169e-03 9.999949e-01 2.665463e-03 -3.406987e+00 4.544520e-03 -2.673357e-03 9.999860e-01 1.080190e+02
9.999907e-01 2.551048e-03 3.473690e-03 2.643907e+01 -2.541799e-03 9.999932e-01 -2.664014e-03 -3.420052e+00 -3.480485e-03 2.655156e-03 9.999905e-01 1.086595e+02
9.999935e-01 -9.339189e-04 -3.491463e-03 2.631961e+01 9.438219e-04 9.999955e-01 2.835885e-03 -3.439552e+00 3.488821e-03 -2.839158e-03 9.999898e-01 1.094741e+02
9.999890e-01 2.841884e-03 3.742452e-03 2.616722e+01 -2.832335e-03 9.999927e-01 -2.554453e-03 -3.463143e+00 -3.749707e-03 2.543820e-03 9.999898e-01 1.104765e+02
9.999994e-01 1.062375e-03 -3.185124e-04 2.634291e+01 -1.061460e-03 9.999954e-01 2.858311e-03 -3.501550e+00 3.215707e-04 -2.857967e-03 9.999958e-01 1.118141e+02
9.998625e-01 8.676807e-03 1.412795e-02 2.782887e+01 -8.637068e-03 9.999586e-01 -2.871390e-03 -3.606172e+00 -1.415231e-02 2.748967e-03 9.998962e-01 1.144197e+02
9.998981e-01 7.661519e-03 1.204383e-02 3.095789e+01 -7.696685e-03 9.999662e-01 2.876133e-03 -3.784937e+00 -1.202136e-02 -2.968533e-03 9.999232e-01 1.184058e+02
9.997611e-01 8.825925e-03 1.999633e-02 3.502345e+01 -8.781423e-03 9.999588e-01 -2.312221e-03 -3.983341e+00 -2.001594e-02 2.136068e-03 9.997975e-01 1.223863e+02
9.999812e-01 2.776832e-03 5.471330e-03 3.841016e+01 -2.790777e-03 9.999929e-01 2.542597e-03 -4.137652e+00 -5.464198e-03 -2.557813e-03 9.999817e-01 1.252711e+02
9.999846e-01 2.035188e-03 5.154592e-03 3.948977e+01 -2.026213e-03 9.999964e-01 -1.745650e-03 -4.204303e+00 -5.158159e-03 1.735174e-03 9.999853e-01 1.269085e+02
9.999992e-01 1.263278e-03 2.570888e-04 3.982282e+01 -1.263811e-03 9.999970e-01 2.080195e-03 -4.244767e+00 -2.544263e-04 -2.080513e-03 9.999977e-01 1.282123e+02
9.999449e-01 3.185279e-03 1.000246e-02 4.110803e+01 -3.154160e-03 9.999901e-01 -3.125359e-03 -4.304572e+00 -1.001235e-02 3.093632e-03 9.999452e-01 1.293561e+02
9.999683e-01 -1.552873e-03 -7.809201e-03 4.100531e+01 1.580264e-03 9.999926e-01 3.502735e-03 -4.328194e+00 7.803739e-03 -3.514960e-03 9.999633e-01 1.303438e+02
9.999187e-01 5.867004e-03 1.132132e-02 4.151528e+01 -5.826944e-03 9.999767e-01 -3.568104e-03 -4.374583e+00 -1.134202e-02 3.501840e-03 9.999296e-01 1.316570e+02
9.999757e-01 -3.496239e-03 -6.023776e-03 4.188433e+01 3.522033e-03 9.999847e-01 4.276933e-03 -4.412007e+00 6.008767e-03 -4.298040e-03 9.999726e-01 1.327809e+02
9.999734e-01 4.126961e-03 6.016282e-03 4.167691e+01 -4.101617e-03 9.999827e-01 -4.218759e-03 -4.424095e+00 -6.033625e-03 4.193965e-03 9.999731e-01 1.334390e+02
9.999989e-01 -3.327701e-04 -1.430265e-03 4.220371e+01 3.382947e-04 9.999925e-01 3.864752e-03 -4.470332e+00 1.429004e-03 -3.865227e-03 9.999914e-01 1.347714e+02
9.999603e-01 3.755020e-03 8.086824e-03 4.293596e+01 -3.729267e-03 9.999879e-01 -3.197094e-03 -4.522379e+00 -8.098769e-03 3.166803e-03 9.999623e-01 1.361013e+02
9.999740e-01 -1.473963e-03 -7.057269e-03 4.276040e+01 1.498156e-03 9.999930e-01 3.424202e-03 -4.550364e+00 7.052210e-03 -3.434680e-03 9.999691e-01 1.372833e+02
9.999008e-01 6.517396e-03 1.248825e-02 4.349288e+01 -6.472916e-03 9.999726e-01 -3.598805e-03 -4.611875e+00 -1.251140e-02 3.517606e-03 9.999156e-01 1.390466e+02
9.999943e-01 -1.979998e-03 -2.737029e-03 4.439813e+01 1.993057e-03 9.999866e-01 4.777197e-03 -4.679038e+00 2.727572e-03 -4.782619e-03 9.999847e-01 1.407788e+02
9.999877e-01 3.552907e-03 3.452992e-03 4.418971e+01 -3.537423e-03 9.999837e-01 -4.479549e-03 -4.701828e+00 -3.468889e-03 4.467273e-03 9.999841e-01 1.418005e+02
9.999964e-01 -1.736472e-03 -2.024402e-03 4.406975e+01 1.745986e-03 9.999874e-01 4.707709e-03 -4.725144e+00 2.016240e-03 -4.711221e-03 9.999868e-01 1.427948e+02
9.999498e-01 4.773483e-03 8.815794e-03 4.439907e+01 -4.742495e-03 9.999825e-01 -3.532415e-03 -4.771672e+00 -8.832540e-03 3.490422e-03 9.999550e-01 1.443019e+02
9.999969e-01 7.334504e-05 -2.485776e-03 4.504623e+01 -6.483244e-05 9.999941e-01 3.424921e-03 -4.835411e+00 2.486052e-03 -3.424743e-03 9.999909e-01 1.462226e+02
9.999576e-01 2.887290e-03 8.744913e-03 4.538945e+01 -2.869161e-03 9.999937e-01 -2.084786e-03 -4.878903e+00 -8.750917e-03 2.059600e-03 9.999597e-01 1.476317e+02
9.999631e-01 -1.858570e-03 -8.392258e-03 4.528196e+01 1.875942e-03 9.999961e-01 2.062680e-03 -4.891017e+00 8.388432e-03 -2.078341e-03 9.999626e-01 1.482298e+02
9.999130e-01 6.131581e-03 1.167521e-02 4.605151e+01 -6.099913e-03 9.999776e-01 -2.745967e-03 -4.937620e+00 -1.169182e-02 2.674504e-03 9.999282e-01 1.493686e+02
9.999906e-01 -2.263656e-03 -3.686931e-03 4.680547e+01 2.276397e-03 9.999914e-01 3.455463e-03 -4.995006e+00 3.679119e-03 -3.463817e-03 9.999871e-01 1.509264e+02
9.999652e-01 4.346202e-03 7.119974e-03 4.684347e+01 -4.326435e-03 9.999868e-01 -2.789071e-03 -5.023795e+00 -7.132043e-03 2.758163e-03 9.999709e-01 1.520254e+02
9.999946e-01 -5.941988e-04 -3.235956e-03 4.715605e+01 6.035279e-04 9.999957e-01 2.883181e-03 -5.066542e+00 3.234270e-03 -2.885111e-03 9.999905e-01 1.534303e+02
9.999300e-01 4.877186e-03 1.077980e-02 4.760535e+01 -4.860824e-03 9.999870e-01 -1.543368e-03 -5.123965e+00 -1.078723e-02 1.490854e-03 9.999408e-01 1.552718e+02
9.999673e-01 -2.200055e-03 -7.786253e-03 4.751417e+01 2.217272e-03 9.999951e-01 2.203507e-03 -5.156638e+00 7.781410e-03 -2.220692e-03 9.999672e-01 1.566005e+02
9.999538e-01 3.878114e-03 8.798075e-03 4.730411e+01 -3.862665e-03 9.999910e-01 -1.772056e-03 -5.178751e+00 -8.804910e-03 1.737983e-03 9.999598e-01 1.576220e+02
9.999843e-01 -6.085574e-04 -5.578398e-03 4.734688e+01 6.219452e-04 9.999969e-01 2.398807e-03 -5.216947e+00 5.576964e-03 -2.402231e-03 9.999815e-01 1.590716e+02
9.999063e-01 4.361743e-03 1.297235e-02 4.779902e+01 -4.347505e-03 9.999899e-01 -1.125453e-03 -5.271673e+00 -1.297717e-02 1.068942e-03 9.999153e-01 1.608112e+02
9.999618e-01 -2.018557e-03 -8.502267e-03 4.791712e+01 2.032750e-03 9.999966e-01 1.661199e-03 -5.304900e+00 8.498929e-03 -1.678411e-03 9.999624e-01 1.620016e+02
9.998203e-01 6.839770e-03 1.767964e-02 4.892811e+01 -6.816987e-03 9.999759e-01 -1.348480e-03 -5.374091e+00 -1.768849e-02 1.227708e-03 9.998429e-01 1.638132e+02
9.999273e-01 -3.908438e-03 -1.140530e-02 4.935810e+01 3.937278e-03 9.999891e-01 2.507450e-03 -5.418430e+00 1.139542e-02 -2.552166e-03 9.999317e-01 1.651504e+02
9.998402e-01 8.518084e-03 1.571485e-02 5.003552e+01 -8.472926e-03 9.999598e-01 -2.937851e-03 -5.470595e+00 -1.573929e-02 2.804223e-03 9.998723e-01 1.665606e+02
9.999881e-01 -2.259333e-03 -4.317446e-03 5.146460e+01 2.272601e-03 9.999927e-01 3.070944e-03 -5.556333e+00 4.310523e-03 -3.080711e-03 9.999859e-01 1.685911e+02
9.999056e-01 6.066188e-03 1.233101e-02 5.213350e+01 -6.044880e-03 9.999802e-01 -1.764388e-03 -5.613818e+00 -1.234152e-02 1.689674e-03 9.999225e-01 1.701867e+02
9.999576e-01 -3.552376e-03 -8.489467e-03 5.229025e+01 3.569380e-03 9.999917e-01 1.988918e-03 -5.643426e+00 8.482379e-03 -2.019127e-03 9.999619e-01 1.712188e+02
9.998482e-01 8.281717e-03 1.532687e-02 5.279049e+01 -8.259459e-03 9.999647e-01 -1.514785e-03 -5.701481e+00 -1.533892e-02 1.387955e-03 9.998815e-01 1.730420e+02
9.999798e-01 -2.863112e-03 -5.674715e-03 5.357158e+01 2.878084e-03 9.999924e-01 2.632396e-03 -5.776827e+00 5.667184e-03 -2.648667e-03 9.999803e-01 1.752826e+02
9.998591e-01 8.291237e-03 1.459430e-02 5.439176e+01 -8.263922e-03 9.999640e-01 -1.930725e-03 -5.852078e+00 -1.460983e-02 1.809837e-03 9.998917e-01 1.774852e+02
9.999478e-01 -5.498369e-03 -8.609805e-03 5.467002e+01 5.524790e-03 9.999801e-01 3.048212e-03 -5.893992e+00 8.592924e-03 -3.095611e-03 9.999582e-01 1.788784e+02
9.999282e-01 6.850153e-03 9.828577e-03 5.453784e+01 -6.821510e-03 9.999724e-01 -2.944578e-03 -5.911274e+00 -9.848527e-03 2.877312e-03 9.999475e-01 1.796797e+02
9.999381e-01 -5.275838e-03 -9.793592e-03 5.430211e+01 5.305776e-03 9.999813e-01 3.033699e-03 -5.932952e+00 9.777454e-03 -3.085465e-03 9.999473e-01 1.806916e+02
9.998518e-01 9.671025e-03 1.423998e-02 5.469740e+01 -9.629191e-03 9.999491e-01 -3.003236e-03 -5.985375e+00 -1.426836e-02 2.865662e-03 9.998942e-01 1.824022e+02
9.999879e-01 -3.736591e-03 -3.211025e-03 5.604566e+01 3.747097e-03 9.999876e-01 3.272821e-03 -6.068438e+00 3.198808e-03 -3.284804e-03 9.999894e-01 1.844101e+02
9.998533e-01 9.326108e-03 1.436884e-02 5.736397e+01 -9.287411e-03 9.999531e-01 -2.757320e-03 -6.150192e+00 -1.439394e-02 2.623456e-03 9.998931e-01 1.863999e+02
9.999754e-01 -5.131944e-03 -4.774987e-03 5.843785e+01 5.147313e-03 9.999816e-01 3.212554e-03 -6.217518e+00 4.758466e-03 -3.237044e-03 9.999833e-01 1.880308e+02
9.998782e-01 9.082291e-03 1.269045e-02 5.924876e+01 -9.048770e-03 9.999554e-01 -2.696102e-03 -6.276937e+00 -1.271443e-02 2.580930e-03 9.999159e-01 1.895782e+02
9.999753e-01 -3.960426e-03 -5.813056e-03 6.009377e+01 3.974013e-03 9.999894e-01 2.328098e-03 -6.342926e+00 5.803829e-03 -2.351131e-03 9.999803e-01 1.913424e+02
9.998769e-01 8.286655e-03 1.332578e-02 6.059704e+01 -8.278275e-03 9.999655e-01 -6.836260e-04 -6.405396e+00 -1.333104e-02 5.732167e-04 9.999111e-01 1.932387e+02
9.999157e-01 -5.396775e-03 -1.180679e-02 6.053210e+01 5.416436e-03 9.999840e-01 1.634205e-03 -6.437644e+00 1.179783e-02 -1.698007e-03 9.999289e-01 1.945073e+02
9.997855e-01 9.949415e-03 1.816421e-02 6.123186e+01 -9.924364e-03 9.999497e-01 -1.468549e-03 -6.498522e+00 -1.817797e-02 1.287955e-03 9.998340e-01 1.962456e+02
9.999342e-01 -5.663524e-03 -9.979833e-03 6.196745e+01 5.687515e-03 9.999810e-01 2.377531e-03 -6.560997e+00 9.966235e-03 -2.434124e-03 9.999473e-01 1.979262e+02
9.999001e-01 8.814475e-03 1.104831e-02 6.190182e+01 -8.799676e-03 9.999603e-01 -1.387098e-03 -6.596021e+00 -1.106015e-02 1.289726e-03 9.999381e-01 1.992540e+02
9.999429e-01 -5.257109e-03 -9.300168e-03 6.187764e+01 5.276831e-03 9.999839e-01 2.097698e-03 -6.634483e+00 9.289047e-03 -2.146642e-03 9.999545e-01 2.007484e+02
9.998022e-01 1.074907e-02 1.673194e-02 6.297788e+01 -1.070951e-02 9.999396e-01 -2.451715e-03 -6.705152e+00 -1.675734e-02 2.272027e-03 9.998571e-01 2.024998e+02
9.999913e-01 -2.196032e-03 -3.546798e-03 6.485555e+01 2.205260e-03 9.999942e-01 2.601108e-03 -6.819365e+00 3.541124e-03 -2.608896e-03 9.999902e-01 2.051729e+02
9.999099e-01 6.202508e-03 1.190612e-02 6.560227e+01 -6.188505e-03 9.999801e-01 -1.212263e-03 -6.879746e+00 -1.191346e-02 1.138461e-03 9.999285e-01 2.068070e+02
9.999752e-01 -1.716252e-03 -6.826375e-03 6.622882e+01 1.724146e-03 9.999979e-01 1.151304e-03 -6.933707e+00 6.824444e-03 -1.163034e-03 9.999759e-01 2.083325e+02
9.999076e-01 4.807692e-03 1.271512e-02 6.675729e+01 -4.803713e-03 9.999884e-01 -3.431737e-04 -6.980615e+00 -1.271668e-02 2.820499e-04 9.999192e-01 2.096567e+02
9.999740e-01 3.997538e-04 -7.196615e-03 6.806615e+01 -4.062656e-04 9.999995e-01 -9.028234e-04 -7.045471e+00 7.196311e-03 9.057359e-04 9.999736e-01 2.109837e+02
9.997443e-01 8.211740e-03 2.106873e-02 7.037522e+01 -8.223201e-03 9.999661e-01 4.575970e-04 -7.164951e+00 -2.106432e-02 -6.307451e-04 9.997780e-01 2.134624e+02
9.999658e-01 1.381656e-04 -8.269273e-03 7.182122e+01 -1.282737e-04 9.999993e-01 1.197296e-03 -7.277269e+00 8.269495e-03 -1.196182e-03 9.999650e-01 2.162788e+02
9.996534e-01 1.233959e-02 2.325678e-02 7.400004e+01 -1.233768e-02 9.999239e-01 -2.253503e-04 -7.427478e+00 -2.325785e-02 -6.167611e-05 9.997296e-01 2.199026e+02
9.999912e-01 -2.856552e-03 -3.077092e-03 7.675048e+01 2.864334e-03 9.999927e-01 2.529335e-03 -7.576690e+00 3.069910e-03 -2.538113e-03 9.999920e-01 2.230676e+02
9.998268e-01 1.083420e-02 1.513138e-02 7.869929e+01 -1.080387e-02 9.999395e-01 -2.084258e-03 -7.686697e+00 -1.515311e-02 1.920405e-03 9.998834e-01 2.254167e+02
9.999923e-01 -3.512472e-03 -1.757896e-03 8.101198e+01 3.516140e-03 9.999916e-01 2.090559e-03 -7.796691e+00 1.750605e-03 -2.096710e-03 9.999962e-01 2.274091e+02
9.997568e-01 1.491919e-02 1.624393e-02 8.383666e+01 -1.487184e-02 9.998848e-01 -3.031801e-03 -7.935695e+00 -1.628736e-02 2.789472e-03 9.998635e-01 2.299574e+02
9.999786e-01 -6.018323e-03 -2.577276e-03 8.627621e+01 6.027948e-03 9.999748e-01 3.745453e-03 -8.056028e+00 2.554738e-03 -3.760894e-03 9.999896e-01 2.323872e+02
9.996863e-01 1.675591e-02 1.861608e-02 8.899682e+01 -1.667302e-02 9.998504e-01 -4.598802e-03 -8.195395e+00 -1.869042e-02 4.286958e-03 9.998162e-01 2.351535e+02
9.999809e-01 -5.984484e-03 -1.546800e-03 9.193125e+01 5.991337e-03 9.999721e-01 4.468501e-03 -8.345669e+00 1.520086e-03 -4.477668e-03 9.999887e-01 2.380926e+02
9.998155e-01 1.345560e-02 1.370852e-02 9.418897e+01 -1.339322e-02 9.998996e-01 -4.631513e-03 -8.452061e+00 -1.376954e-02 4.447041e-03 9.998954e-01 2.400547e+02
9.999560e-01 -4.727901e-03 -8.096969e-03 9.652049e+01 4.746339e-03 9.999862e-01 2.260201e-03 -8.558913e+00 8.086243e-03 -2.298517e-03 9.999646e-01 2.417558e+02
9.995528e-01 1.712647e-02 2.451190e-02 1.004541e+02 -1.700551e-02 9.998422e-01 -5.134184e-03 -8.697341e+00 -2.459603e-02 4.715034e-03 9.996864e-01 2.432726e+02
9.998959e-01 -1.167640e-02 -8.479395e-03 1.030441e+02 1.171052e-02 9.999235e-01 3.987164e-03 -8.782586e+00 8.432264e-03 -4.086031e-03 9.999560e-01 2.441072e+02
9.996048e-01 1.779491e-02 2.176267e-02 1.052514e+02 -1.767541e-02 9.998277e-01 -5.670487e-03 -8.876495e+00 -2.185990e-02 5.283565e-03 9.997472e-01 2.456644e+02
9.999799e-01 -3.248722e-03 5.439687e-03 1.107375e+02 3.246856e-03 9.999947e-01 3.504490e-04 -9.072155e+00 -5.440720e-03 -3.327642e-04 9.999851e-01 2.479587e+02
9.998611e-01 1.256026e-02 1.095796e-02 1.142653e+02 -1.253063e-02 9.999177e-01 -2.767040e-03 -9.198282e+00 -1.099189e-02 2.629329e-03 9.999362e-01 2.494933e+02
9.999120e-01 -1.024271e-02 -8.423044e-03 1.148669e+02 1.026300e-02 9.999445e-01 2.370536e-03 -9.229855e+00 8.398374e-03 -2.456758e-03 9.999616e-01 2.501142e+02
9.997701e-01 1.447276e-02 1.582185e-02 1.161195e+02 -1.442349e-02 9.998908e-01 -3.222824e-03 -9.281469e+00 -1.586684e-02 2.993860e-03 9.998697e-01 2.508863e+02
9.999970e-01 -2.420315e-03 -2.932382e-04 1.202784e+02 2.419762e-03 9.999954e-01 -1.845001e-03 -9.406358e+00 2.977813e-04 1.844302e-03 9.999982e-01 2.515856e+02
9.997318e-01 1.350321e-02 1.881496e-02 1.246048e+02 -1.347452e-02 9.999079e-01 -1.650786e-03 -9.542349e+00 -1.883559e-02 1.396804e-03 9.998217e-01 2.525709e+02
9.999984e-01 2.328229e-04 1.736652e-03 1.294486e+02 -2.265043e-04 9.999933e-01 -3.642668e-03 -9.696326e+00 -1.737407e-03 3.642286e-03 9.999918e-01 2.537758e+02
9.996266e-01 1.355429e-02 2.372542e-02 1.345390e+02 -1.355696e-02 9.999081e-01 -4.801617e-05 -9.863067e+00 -2.372397e-02 -2.736636e-04 9.997186e-01 2.553456e+02
9.999985e-01 -1.484351e-03 8.571839e-04 1.394520e+02 1.487600e-03 9.999916e-01 -3.813191e-03 -1.001592e+01 -8.514330e-04 3.814477e-03 9.999923e-01 2.565286e+02
9.995937e-01 1.406980e-02 2.479013e-02 1.444940e+02 -1.404654e-02 9.999007e-01 -1.111880e-03 -1.016885e+01 -2.480340e-02 7.631956e-04 9.996921e-01 2.575480e+02
9.999825e-01 -2.792017e-03 -5.209063e-03 1.487689e+02 2.775979e-03 9.999914e-01 -3.081631e-03 -1.030743e+01 5.217708e-03 3.067134e-03 9.999816e-01 2.587731e+02
9.997311e-01 1.044558e-02 2.070205e-02 1.517329e+02 -1.047404e-02 9.999443e-01 1.267650e-03 -1.040307e+01 -2.068774e-02 -1.484160e-03 9.997850e-01 2.595758e+02
9.999116e-01 -5.403305e-03 -1.214851e-02 1.535726e+02 5.359442e-03 9.999790e-01 -3.639397e-03 -1.045705e+01 1.216800e-02 3.573983e-03 9.999195e-01 2.598090e+02
9.997130e-01 1.015077e-02 2.170031e-02 1.554430e+02 -1.018156e-02 9.999473e-01 1.309546e-03 -1.051186e+01 -2.168596e-02 -1.530131e-03 9.997637e-01 2.600359e+02
9.999029e-01 -5.079419e-03 -1.297432e-02 1.572518e+02 5.028791e-03 9.999796e-01 -3.931038e-03 -1.056278e+01 1.299411e-02 3.865428e-03 9.999080e-01 2.601453e+02
9.996625e-01 1.134199e-02 2.337101e-02 1.595346e+02 -1.136096e-02 9.999352e-01 6.792440e-04 -1.062435e+01 -2.336188e-02 -9.445495e-04 9.997267e-01 2.601928e+02
9.999440e-01 -3.768836e-03 -9.883790e-03 1.623710e+02 3.727765e-03 9.999844e-01 -4.169348e-03 -1.070065e+01 9.899437e-03 4.132288e-03 9.999424e-01 2.602742e+02
9.996599e-01 1.087640e-02 2.370308e-02 1.652382e+02 -1.089242e-02 9.999405e-01 5.471360e-04 -1.077655e+01 -2.369581e-02 -8.051514e-04 9.997190e-01 2.603042e+02
9.999332e-01 -4.808376e-03 -1.050350e-02 1.677896e+02 4.767214e-03 9.999809e-01 -3.939340e-03 -1.083983e+01 1.052233e-02 3.889022e-03 9.999370e-01 2.601375e+02
9.996119e-01 1.200749e-02 2.513968e-02 1.707369e+02 -1.200473e-02 9.999279e-01 -2.603983e-04 -1.091814e+01 -2.514109e-02 -4.151558e-05 9.996840e-01 2.601371e+02
9.999979e-01 1.242732e-04 -2.019048e-03 1.749553e+02 -1.334986e-04 9.999896e-01 -4.564000e-03 -1.105605e+01 2.018551e-03 4.564277e-03 9.999875e-01 2.612515e+02
9.992550e-01 1.618870e-02 3.503329e-02 1.807274e+02 -1.619454e-02 9.998689e-01 -1.166137e-04 -1.125328e+01 -3.503068e-02 -4.508396e-04 9.993862e-01 2.632367e+02
9.999607e-01 -4.905409e-03 -7.381758e-03 1.857973e+02 4.879543e-03 9.999819e-01 -3.516240e-03 -1.140882e+01 7.398966e-03 3.480100e-03 9.999665e-01 2.643158e+02
9.996333e-01 1.221844e-02 2.416682e-02 1.890030e+02 -1.221246e-02 9.999253e-01 -3.943030e-04 -1.149350e+01 -2.416993e-02 9.900369e-05 9.997079e-01 2.643300e+02
9.999671e-01 -4.100311e-03 -6.997555e-03 1.923977e+02 4.068626e-03 9.999814e-01 -4.534464e-03 -1.158395e+01 7.016112e-03 4.505861e-03 9.999652e-01 2.644074e+02
9.995679e-01 1.225138e-02 2.672033e-02 1.959163e+02 -1.225213e-02 9.999249e-01 -1.353359e-04 -1.167686e+01 -2.672007e-02 -1.921217e-04 9.996430e-01 2.644233e+02
9.999760e-01 -3.038992e-03 -6.226491e-03 1.996279e+02 3.007306e-03 9.999825e-01 -5.089714e-03 -1.177846e+01 6.241945e-03 5.070884e-03 9.999676e-01 2.646186e+02
9.995936e-01 1.118574e-02 2.622255e-02 2.030997e+02 -1.120622e-02 9.999370e-01 6.345423e-04 -1.187404e+01 -2.621390e-02 -9.281582e-04 9.996560e-01 2.648061e+02
9.999572e-01 -3.042599e-03 -8.729890e-03 2.061403e+02 2.996580e-03 9.999816e-01 -5.278066e-03 -1.195748e+01 8.745885e-03 5.251698e-03 9.999479e-01 2.649290e+02
9.996153e-01 1.146499e-02 2.525776e-02 2.091895e+02 -1.148608e-02 9.999338e-01 6.909300e-04 -1.204208e+01 -2.524826e-02 -9.807951e-04 9.996808e-01 2.651478e+02
9.999626e-01 -2.351963e-03 -8.319509e-03 2.126702e+02 2.303815e-03 9.999806e-01 -5.790491e-03 -1.213998e+01 8.333064e-03 5.771125e-03 9.999486e-01 2.654842e+02
9.997331e-01 8.269280e-03 2.157450e-02 2.152969e+02 -8.328653e-03 9.999618e-01 2.664257e-03 -1.220913e+01 -2.155174e-02 -2.843251e-03 9.997638e-01 2.655134e+02
9.999540e-01 -4.466454e-04 -9.573594e-03 2.185069e+02 3.812893e-04 9.999766e-01 -6.825871e-03 -1.229910e+01 9.576516e-03 6.821925e-03 9.999308e-01 2.658214e+02
9.996413e-01 9.305585e-03 2.511363e-02 2.219753e+02 -9.417923e-03 9.999461e-01 4.359211e-03 -1.240981e+01 -2.507181e-02 -4.594184e-03 9.996752e-01 2.666488e+02
9.999326e-01 -5.017768e-04 -1.159287e-02 2.255232e+02 4.040003e-04 9.999644e-01 -8.433630e-03 -1.251453e+01 1.159678e-02 8.428396e-03 9.998972e-01 2.672169e+02
9.993640e-01 1.142433e-02 3.378124e-02 2.301560e+02 -1.159314e-02 9.999212e-01 4.805940e-03 -1.265012e+01 -3.372377e-02 -5.194533e-03 9.994177e-01 2.678278e+02
9.999435e-01 -2.169367e-03 -1.040231e-02 2.345423e+02 2.075432e-03 9.999571e-01 -9.030944e-03 -1.276598e+01 1.042156e-02 9.008863e-03 9.999051e-01 2.679153e+02
9.995194e-01 1.030876e-02 2.923647e-02 2.383038e+02 -1.045166e-02 9.999341e-01 4.739500e-03 -1.286165e+01 -2.918578e-02 -5.042811e-03 9.995613e-01 2.677889e+02
