9.999924e-01 -7.286480e-04 -3.838533e-03 -2.230454e-01 7.325064e-04 9.999992e-01 1.003882e-03 7.081346e-03 3.837799e-03 -1.006687e-03 9.999922e-01 3.760145e-02
9.999996e-01 -6.052557e-04 -6.534109e-04 -5.496140e-01 6.053974e-04 9.999998e-01 2.167699e-04 1.581804e-02 6.532788e-04 -2.171647e-04 9.999997e-01 1.109328e-01
9.999898e-01 -2.040335e-03 -4.031037e-03 -1.202234e+00 2.043867e-03 9.999975e-01 8.721825e-04 3.128237e-02 4.029249e-03 -8.804133e-04 9.999916e-01 2.487411e-01
9.999996e-01 8.617078e-04 1.804585e-04 -1.521470e+00 -8.617629e-04 9.999996e-01 3.058118e-04 3.706452e-02 -1.801965e-04 -3.059662e-04 9.999998e-01 3.895496e-01
9.999971e-01 1.658745e-03 -1.745011e-03 -1.073823e+00 -1.662132e-03 9.999967e-01 -1.941380e-03 2.675665e-02 1.741787e-03 1.944274e-03 9.999967e-01 3.703861e-01
9.999954e-01 3.013897e-03 3.767899e-04 -2.880469e-01 -3.013571e-03 9.999951e-01 -8.629748e-04 8.376230e-03 -3.793909e-04 8.618358e-04 9.999995e-01 3.608120e-01
9.999975e-01 4.255470e-04 -2.198982e-03 2.505665e-01 -4.275462e-04 9.999995e-01 -9.087530e-04 -4.493516e-03 2.198596e-03 9.096906e-04 9.999973e-01 3.906858e-01
9.999996e-01 1.288887e-04 -8.524867e-04 2.376585e-01 -1.278320e-04 9.999992e-01 1.239378e-03 -2.831526e-03 8.526434e-04 -1.239268e-03 9.999988e-01 4.353505e-01
9.999981e-01 1.024874e-03 -1.670363e-03 3.362522e-01 -1.026888e-03 9.999987e-01 -1.205831e-03 -5.933721e-03 1.669128e-03 1.207543e-03 9.999980e-01 4.907907e-01
9.999992e-01 -1.449700e-04 -1.273050e-03 4.167865e-01 1.465405e-04 9.999992e-01 1.233625e-03 -6.590407e-03 1.272867e-03 -1.233810e-03 9.999983e-01 4.981235e-01
9.999968e-01 -4.313273e-04 -2.507173e-03 1.818732e-01 4.300116e-04 9.999998e-01 -5.252802e-04 2.407135e-03 2.507402e-03 5.242000e-04 9.999968e-01 4.848292e-01
9.999992e-01 -4.121433e-05 -1.297004e-03 -6.008014e-02 4.276387e-05 9.999993e-01 1.194681e-03 1.105445e-02 1.296950e-03 -1.194735e-03 9.999983e-01 5.091677e-01
9.999949e-01 -1.283028e-03 -2.922586e-03 -4.173025e-01 1.282591e-03 9.999992e-01 -1.512751e-04 2.168913e-02 2.922782e-03 1.475253e-04 9.999958e-01 5.415022e-01
9.999983e-01 9.280462e-04 -1.622915e-03 -6.306610e-01 -9.267553e-04 9.999993e-01 7.959896e-04 2.836390e-02 1.623648e-03 -7.944835e-04 9.999983e-01 6.063192e-01
9.999944e-01 -8.591956e-04 -3.242437e-03 -7.296798e-01 8.582649e-04 9.999996e-01 -2.883923e-04 3.260560e-02 3.242689e-03 2.856071e-04 9.999948e-01 6.002334e-01
9.999943e-01 1.909498e-03 -2.771458e-03 -6.084859e-01 -1.908118e-03 9.999981e-01 5.005613e-04 2.992985e-02 2.772403e-03 -4.952695e-04 9.999959e-01 5.607078e-01
9.999958e-01 1.713465e-04 -2.906288e-03 -4.034591e-01 -1.728765e-04 9.999998e-01 -5.261671e-04 2.281608e-02 2.906203e-03 5.266666e-04 9.999957e-01 6.759261e-01
9.999963e-01 -1.395518e-03 -2.352143e-03 -7.648813e-01 1.398991e-03 9.999979e-01 1.475831e-03 3.444409e-02 2.350072e-03 -1.479116e-03 9.999960e-01 6.351185e-01
9.999784e-01 3.404995e-03 -5.625958e-03 -4.751583e-01 -3.410896e-03 9.999936e-01 -1.039678e-03 2.189227e-02 5.622389e-03 1.058844e-03 9.999837e-01 7.814562e-01
9.999896e-01 -1.926546e-03 -4.140397e-03 -2.399885e-01 1.932890e-03 9.999970e-01 1.528781e-03 1.619003e-02 4.137430e-03 -1.536767e-03 9.999902e-01 6.128975e-01
9.999834e-01 3.622134e-03 -4.473314e-03 4.958393e-02 -3.627364e-03 9.999927e-01 -1.161713e-03 8.661465e-03 4.469083e-03 1.177919e-03 9.999894e-01 5.191729e-01
9.999903e-01 -3.482443e-03 -2.709878e-03 -5.627742e-02 3.487802e-03 9.999920e-01 1.975472e-03 1.531757e-02 2.702967e-03 -1.984903e-03 9.999943e-01 3.327503e-01
9.999831e-01 4.577366e-03 -3.598257e-03 -8.075587e-03 -4.582034e-03 9.999887e-01 -1.290041e-03 1.419268e-02 3.592322e-03 1.306506e-03 9.999928e-01 3.003341e-01
9.999930e-01 -2.991919e-03 -2.254451e-03 2.072082e-01 2.995863e-03 9.999940e-01 1.748116e-03 8.537410e-03 2.249195e-03 -1.754857e-03 9.999958e-01 3.281887e-01
9.999120e-01 1.321874e-02 -1.114639e-03 1.858134e+00 -1.322608e-02 9.998890e-01 -6.862994e-03 -3.262565e-02 1.023807e-03 6.877132e-03 9.999759e-01 4.563683e-01
9.999775e-01 -6.702933e-03 -3.362114e-04 3.062910e+00 6.703721e-03 9.999747e-01 2.398228e-03 -5.937123e-02 3.201159e-04 -2.400427e-03 9.999970e-01 4.413211e-01
9.999502e-01 4.030344e-03 -9.130872e-03 2.146847e+00 -4.034899e-03 9.999917e-01 -4.804198e-04 -2.662766e-02 9.128873e-03 5.172378e-04 9.999583e-01 1.559342e-01
9.999695e-01 -7.792706e-03 4.424696e-04 1.065830e+00 7.791705e-03 9.999672e-01 2.221763e-03 8.211045e-03 -4.597822e-04 -2.218248e-03 9.999973e-01 -4.375398e-02
9.999613e-01 4.495716e-03 -7.561108e-03 1.048169e-01 -4.502855e-03 9.999894e-01 -9.274079e-04 3.833863e-02 7.556873e-03 9.614181e-04 9.999711e-01 -1.626728e-01
9.999441e-01 -1.025568e-02 -2.577977e-03 -1.421553e+00 1.026231e-02 9.999440e-01 2.570674e-03 8.451068e-02 2.551453e-03 -2.596985e-03 9.999933e-01 -3.507790e-01
9.999524e-01 3.954147e-03 -8.915354e-03 -3.109094e+00 -3.959837e-03 9.999920e-01 -6.206151e-04 1.362006e-01 8.912845e-03 6.558880e-04 9.999602e-01 -5.993433e-01
9.999510e-01 -9.865381e-03 -7.897571e-04 -4.632238e+00 9.867249e-03 9.999484e-01 2.396249e-03 1.813662e-01 7.660591e-04 -2.403923e-03 9.999967e-01 -7.562258e-01
9.999583e-01 3.676048e-03 -8.357951e-03 -6.194870e+00 -3.680943e-03 9.999931e-01 -5.703632e-04 2.253922e-01 8.355815e-03 6.011031e-04 9.999650e-01 -8.417822e-01
9.999499e-01 -9.898542e-03 -1.515619e-03 -7.770288e+00 9.902162e-03 9.999481e-01 2.399662e-03 2.708034e-01 1.491768e-03 -2.414548e-03 9.999959e-01 -9.707579e-01
9.999555e-01 4.269155e-03 -8.416609e-03 -9.209754e+00 -4.273535e-03 9.999907e-01 -5.025038e-04 3.141652e-01 8.414406e-03 5.384481e-04 9.999646e-01 -1.155756e+00
9.999709e-01 -7.619930e-03 -4.687036e-04 -1.015477e+01 7.621073e-03 9.999679e-01 2.487288e-03 3.439289e-01 4.497146e-04 -2.490786e-03 9.999967e-01 -1.340116e+00
9.999139e-01 -1.446475e-03 -1.304292e-02 -1.255500e+01 1.447628e-03 9.999989e-01 7.897498e-05 4.120080e-01 1.304281e-02 -9.785205e-05 9.999150e-01 -1.614922e+00
9.999751e-01 -7.022007e-03 -7.263042e-04 -1.474057e+01 7.023619e-03 9.999728e-01 2.240322e-03 4.758797e-01 7.105292e-04 -2.245364e-03 9.999971e-01 -1.926640e+00
9.999700e-01 3.088659e-03 -7.101377e-03 -1.567005e+01 -3.092265e-03 9.999951e-01 -4.968039e-04 5.013438e-01 7.099832e-03 5.187453e-04 9.999748e-01 -2.032429e+00
9.999902e-01 -1.671245e-03 4.092644e-03 -1.554076e+01 1.665638e-03 9.999977e-01 1.373078e-03 4.821521e-01 -4.094954e-03 -1.366244e-03 9.999906e-01 -1.428029e+00
9.999800e-01 6.053400e-04 -6.294096e-03 -1.580048e+01 -6.042236e-04 9.999998e-01 1.793431e-04 4.796934e-01 6.294228e-03 -1.755398e-04 9.999803e-01 -1.061560e+00
9.999945e-01 -2.933109e-03 -1.554405e-03 -1.655670e+01 2.933812e-03 9.999956e-01 4.497010e-04 5.036675e-01 1.553054e-03 -4.542554e-04 9.999986e-01 -1.278243e+00
9.999906e-01 4.182884e-03 -1.122140e-03 -1.645274e+01 -4.183230e-03 9.999912e-01 -3.058520e-04 4.938315e-01 1.120877e-03 3.105400e-04 9.999994e-01 -8.949732e-01
9.999973e-01 -7.442717e-04 2.211919e-03 -1.582711e+01 7.473378e-04 9.999988e-01 -1.385448e-03 4.625526e-01 -2.210911e-03 1.387100e-03 9.999965e-01 -2.079919e-01
9.999839e-01 6.168780e-04 -5.640837e-03 -1.586678e+01 -6.049771e-04 9.999976e-01 2.111323e-03 4.621645e-01 5.642152e-03 -2.107880e-03 9.999820e-01 -1.572388e-01
9.999963e-01 -2.114407e-03 -1.683844e-03 -1.649082e+01 2.112970e-03 9.999974e-01 -8.552184e-04 4.863311e-01 1.685621e-03 8.516608e-04 9.999981e-01 -4.146253e-01
9.999750e-01 4.762058e-04 -7.058171e-03 -1.703610e+01 -4.586610e-04 9.999968e-01 2.487219e-03 5.066224e-01 7.059360e-03 -2.483923e-03 9.999721e-01 -6.678628e-01
9.999999e-01 -4.885603e-04 -1.585426e-04 -1.715646e+01 4.883154e-04 9.999987e-01 -1.544437e-03 5.091357e-01 1.592685e-04 1.544363e-03 9.999987e-01 -7.224494e-01
9.999765e-01 -2.369713e-03 -6.434094e-03 -1.791499e+01 2.389854e-03 9.999923e-01 3.124528e-03 5.321966e-01 6.426669e-03 -3.139835e-03 9.999745e-01 -7.899021e-01
9.999995e-01 -8.547232e-04 5.803163e-04 -1.870508e+01 8.557595e-04 9.999980e-01 -1.786648e-03 5.547493e-01 -5.788177e-04 1.787148e-03 9.999981e-01 -8.046942e-01
9.999806e-01 -9.891467e-04 -6.149472e-03 -1.920566e+01 1.008710e-03 9.999944e-01 3.179172e-03 5.709968e-01 6.146323e-03 -3.185317e-03 9.999761e-01 -8.550452e-01
9.999977e-01 -7.134806e-04 2.005408e-03 -1.966281e+01 7.177665e-04 9.999975e-01 -2.136895e-03 5.832875e-01 -2.003909e-03 2.138334e-03 9.999956e-01 -7.911596e-01
9.999785e-01 -1.658944e-03 -6.337787e-03 -2.021425e+01 1.679775e-03 9.999932e-01 3.283043e-03 5.973422e-01 6.332328e-03 -3.293623e-03 9.999746e-01 -7.222245e-01
9.999962e-01 -7.974812e-04 2.641205e-03 -2.081903e+01 8.032869e-04 9.999973e-01 -2.197479e-03 6.093540e-01 -2.639477e-03 2.199597e-03 9.999940e-01 -5.297061e-01
9.999951e-01 2.191976e-03 -2.251637e-03 -2.058884e+01 -2.186820e-03 9.999950e-01 2.289751e-03 5.841858e-01 2.256676e-03 -2.284820e-03 9.999949e-01 2.672851e-01
9.999964e-01 -1.192250e-03 2.395026e-03 -2.033730e+01 1.196383e-03 9.999978e-01 -1.724764e-03 5.591028e-01 -2.392995e-03 1.727628e-03 9.999955e-01 1.084702e+00
9.999971e-01 6.753002e-04 -2.299261e-03 -2.047944e+01 -6.684361e-04 9.999953e-01 2.985119e-03 5.485178e-01 2.301298e-03 -2.983578e-03 9.999930e-01 1.617801e+00
9.999984e-01 -1.672111e-03 5.968291e-04 -2.073155e+01 1.673090e-03 9.999973e-01 -1.642706e-03 5.448062e-01 -5.941121e-04 1.643707e-03 9.999984e-01 2.001630e+00
9.999976e-01 1.664275e-03 -1.419908e-03 -2.083754e+01 -1.660423e-03 9.999949e-01 2.709938e-03 5.361887e-01 1.424442e-03 -2.707579e-03 9.999954e-01 2.467248e+00
9.999980e-01 -1.496507e-03 1.290015e-03 -2.091232e+01 1.498701e-03 9.999974e-01 -1.700708e-03 5.250712e-01 -1.287498e-03 1.702643e-03 9.999976e-01 3.001370e+00
9.999975e-01 6.984155e-04 -2.115635e-03 -2.115229e+01 -6.919326e-04 9.999951e-01 3.063871e-03 5.179176e-01 2.117796e-03 -3.062405e-03 9.999932e-01 3.486283e+00
9.999962e-01 -2.645561e-03 -7.353747e-04 -2.159295e+01 2.644145e-03 9.999947e-01 -1.921374e-03 5.236873e-01 7.404221e-04 1.919427e-03 9.999978e-01 3.724159e+00
9.999982e-01 8.832028e-04 -1.657540e-03 -2.198017e+01 -8.778347e-04 9.999944e-01 3.237045e-03 5.244512e-01 1.660422e-03 -3.235590e-03 9.999935e-01 4.072959e+00
9.999978e-01 -1.946892e-03 -7.111761e-04 -2.223167e+01 1.945441e-03 9.999960e-01 -2.036638e-03 5.243467e-01 7.151061e-04 2.035256e-03 9.999976e-01 4.352641e+00
9.999959e-01 1.676890e-03 -2.309794e-03 -2.235795e+01 -1.669570e-03 9.999936e-01 3.167732e-03 5.210521e-01 2.315124e-03 -3.163869e-03 9.999924e-01 4.632690e+00
9.999969e-01 -2.454277e-03 4.439300e-04 -2.260543e+01 2.455169e-03 9.999950e-01 -2.017681e-03 5.178372e-01 -4.390086e-04 2.018771e-03 9.999978e-01 5.028426e+00
9.999943e-01 7.077363e-04 -3.317060e-03 -2.306482e+01 -6.972932e-04 9.999948e-01 3.148704e-03 5.224324e-01 3.319304e-03 -3.146379e-03 9.999896e-01 5.329550e+00
9.999939e-01 -3.373675e-03 -9.171191e-04 -2.372064e+01 3.371968e-03 9.999926e-01 -1.857914e-03 5.356663e-01 9.233469e-04 1.854816e-03 9.999978e-01 5.495234e+00
9.999983e-01 1.473242e-03 -1.141289e-03 -2.417720e+01 -1.469610e-03 9.999939e-01 3.177324e-03 5.360803e-01 1.145996e-03 -3.175648e-03 9.999944e-01 5.938205e+00
9.999930e-01 -3.195925e-03 -1.935549e-03 -2.457344e+01 3.192600e-03 9.999934e-01 -1.719263e-03 5.397713e-01 1.940997e-03 1.713078e-03 9.999966e-01 6.208787e+00
9.999976e-01 1.360759e-03 -1.707108e-03 -2.498129e+01 -1.355444e-03 9.999942e-01 3.111544e-03 5.462479e-01 1.711367e-03 -3.109229e-03 9.999938e-01 6.387147e+00
9.999967e-01 -2.463976e-03 -7.673545e-04 -2.528287e+01 2.462564e-03 9.999953e-01 -1.837266e-03 5.472125e-01 7.718435e-04 1.835378e-03 9.999979e-01 6.692558e+00
9.999974e-01 2.172384e-03 -6.408069e-04 -2.541350e+01 -2.170292e-03 9.999924e-01 3.248732e-03 5.369006e-01 6.478941e-04 -3.247340e-03 9.999946e-01 7.214968e+00
9.999969e-01 -2.491907e-03 2.109908e-04 -2.549245e+01 2.492269e-03 9.999954e-01 -1.728404e-03 5.134420e-01 -2.067174e-04 1.728932e-03 9.999984e-01 8.103736e+00
9.999904e-01 2.739950e-03 -3.413540e-03 -2.539398e+01 -2.728715e-03 9.999909e-01 3.291899e-03 4.927557e-01 3.422564e-03 -3.282560e-03 9.999889e-01 8.705886e+00
9.999986e-01 -1.487060e-03 -8.178748e-04 -2.523292e+01 1.485742e-03 9.999976e-01 -1.611159e-03 4.644332e-01 8.202334e-04 1.609949e-03 9.999983e-01 9.469292e+00
9.999975e-01 2.220601e-03 -3.665949e-04 -2.513367e+01 -2.219436e-03 9.999926e-01 3.152426e-03 4.328746e-01 3.736278e-04 -3.151612e-03 9.999951e-01 1.051897e+01
9.999967e-01 -2.419377e-03 8.400858e-04 -2.526758e+01 2.420855e-03 9.999955e-01 -1.760892e-03 4.146760e-01 -8.358571e-04 1.762928e-03 9.999980e-01 1.132710e+01
9.999981e-01 1.289197e-03 -1.480464e-03 -2.554612e+01 -1.284473e-03 9.999941e-01 3.188591e-03 4.048652e-01 1.484601e-03 -3.186691e-03 9.999939e-01 1.192526e+01
9.999967e-01 -2.555952e-03 -1.814889e-04 -2.584342e+01 2.555642e-03 9.999953e-01 -1.692758e-03 3.992932e-01 1.857791e-04 1.692296e-03 9.999985e-01 1.240340e+01
9.999970e-01 1.430763e-03 -1.988799e-03 -2.612009e+01 -1.424987e-03 9.999948e-01 2.903339e-03 3.981033e-01 1.992979e-03 -2.900504e-03 9.999939e-01 1.274079e+01
9.999968e-01 -1.732191e-03 -1.847268e-03 -2.615425e+01 1.728965e-03 9.999970e-01 -1.747659e-03 3.907317e-01 1.850253e-03 1.744468e-03 9.999967e-01 1.300886e+01
9.999818e-01 2.399479e-03 -5.532491e-03 -2.600349e+01 -2.385961e-03 9.999942e-01 2.448884e-03 3.835960e-01 5.538372e-03 -2.435647e-03 9.999818e-01 1.294835e+01
9.999979e-01 -2.003913e-03 3.071372e-04 -2.595679e+01 2.004355e-03 9.999970e-01 -1.440956e-03 3.747801e-01 -3.042860e-04 1.441577e-03 9.999988e-01 1.317418e+01
9.999699e-01 2.756385e-03 -7.254218e-03 -2.576849e+01 -2.737702e-03 9.999929e-01 2.584445e-03 3.658277e-01 7.261328e-03 -2.564516e-03 9.999704e-01 1.322615e+01
9.999963e-01 -1.129960e-03 -2.481087e-03 -2.547829e+01 1.124809e-03 9.999972e-01 -2.077392e-03 3.580767e-01 2.483388e-03 2.074602e-03 9.999947e-01 1.303736e+01
9.999651e-01 3.390710e-03 -7.641237e-03 -2.506144e+01 -3.369679e-03 9.999905e-01 2.763686e-03 3.459398e-01 7.650575e-03 -2.737849e-03 9.999671e-01 1.290226e+01
9.999982e-01 -1.320394e-03 -1.378827e-03 -2.467573e+01 1.317764e-03 9.999973e-01 -1.907997e-03 3.316890e-01 1.381302e-03 1.906185e-03 9.999971e-01 1.287326e+01
9.999719e-01 2.063400e-03 -7.207969e-03 -2.456296e+01 -2.039507e-03 9.999924e-01 3.320739e-03 3.241940e-01 7.214808e-03 -3.305954e-03 9.999686e-01 1.286851e+01
9.999998e-01 -5.891746e-04 -3.694184e-04 -2.429928e+01 5.884359e-04 9.999978e-01 -2.001934e-03 3.115956e-01 3.705550e-04 2.001725e-03 9.999978e-01 1.293687e+01
9.999340e-01 4.393187e-03 -1.062000e-02 -2.349320e+01 -4.367798e-03 9.999876e-01 2.412820e-03 2.846515e-01 1.063051e-02 -2.366283e-03 9.999408e-01 1.287464e+01
9.999982e-01 1.388475e-03 -1.316925e-03 -2.233505e+01 -1.393386e-03 9.999920e-01 -3.737692e-03 2.497213e-01 1.311680e-03 3.739528e-03 9.999921e-01 1.274384e+01
9.999671e-01 2.155006e-03 -7.819325e-03 -2.159500e+01 -2.129514e-03 9.999924e-01 3.267274e-03 2.270233e-01 7.826352e-03 -3.250523e-03 9.999642e-01 1.266693e+01
9.999996e-01 -5.812708e-04 -6.323738e-04 -2.126460e+01 5.798017e-04 9.999971e-01 -2.324208e-03 2.135975e-01 6.336773e-04 2.323849e-03 9.999970e-01 1.266840e+01
9.999588e-01 2.192933e-03 -8.810904e-03 -2.089869e+01 -2.160222e-03 9.999907e-01 3.720613e-03 1.972558e-01 8.819028e-03 -3.701434e-03 9.999544e-01 1.272298e+01
9.999981e-01 4.363983e-04 -1.889943e-03 -2.032854e+01 -4.412647e-04 9.999966e-01 -2.576421e-03 1.740319e-01 1.888765e-03 2.577258e-03 9.999948e-01 1.280021e+01
9.999805e-01 3.421350e-03 -5.223205e-03 -1.968025e+01 -3.407561e-03 9.999907e-01 2.646875e-03 1.528155e-01 5.232260e-03 -2.629034e-03 9.999829e-01 1.291407e+01
9.999984e-01 -7.381230e-04 1.640880e-03 -1.929903e+01 7.430225e-04 9.999953e-01 -2.985922e-03 1.426748e-01 -1.638716e-03 2.987145e-03 9.999941e-01 1.304168e+01
9.999870e-01 -1.896691e-04 -5.101389e-03 -1.949445e+01 2.105880e-04 9.999916e-01 4.100808e-03 1.453669e-01 5.100617e-03 -4.101837e-03 9.999787e-01 1.317104e+01
9.999980e-01 1.601973e-03 1.166944e-03 -1.920224e+01 -1.596929e-03 9.999894e-01 -4.307988e-03 1.403940e-01 -1.173882e-03 4.306125e-03 9.999899e-01 1.305680e+01
9.999904e-01 -4.789067e-04 -4.348452e-03 -1.891884e+01 4.949801e-04 9.999930e-01 3.696520e-03 1.394632e-01 4.346701e-03 -3.698645e-03 9.999838e-01 1.283958e+01
9.999985e-01 -1.568328e-04 1.715994e-03 -1.906122e+01 1.614952e-04 9.999963e-01 -2.715834e-03 1.407541e-01 -1.715612e-03 2.716115e-03 9.999947e-01 1.296787e+01
9.999889e-01 -5.108902e-04 -4.681156e-03 -1.920361e+01 5.278589e-04 9.999933e-01 3.624848e-03 1.430989e-01 4.679323e-03 -3.627287e-03 9.999826e-01 1.306495e+01
9.999962e-01 4.687853e-04 2.698119e-03 -1.924268e+01 -4.602925e-04 9.999949e-01 -3.146555e-03 1.447221e-01 -2.699631e-03 3.145310e-03 9.999913e-01 1.307955e+01
9.999921e-01 -1.358260e-04 -3.965347e-03 -1.924961e+01 1.491281e-04 9.999944e-01 3.355049e-03 1.450707e-01 3.964920e-03 -3.355622e-03 9.999866e-01 1.312064e+01
9.999970e-01 -4.558443e-04 2.407282e-03 -1.939609e+01 4.616934e-04 9.999969e-01 -2.428784e-03 1.426491e-01 -2.406217e-03 2.429896e-03 9.999941e-01 1.335964e+01
9.999912e-01 7.105441e-04 -4.132993e-03 -1.937264e+01 -7.006985e-04 9.999969e-01 2.383703e-03 1.469420e-01 4.134725e-03 -2.380794e-03 9.999887e-01 1.326986e+01
9.999965e-01 -6.242078e-05 2.624840e-03 -1.911142e+01 7.112325e-05 9.999945e-01 -3.314541e-03 1.524260e-01 -2.624669e-03 3.314725e-03 9.999910e-01 1.287391e+01
9.999913e-01 -3.011823e-04 -4.155948e-03 -1.910861e+01 3.156755e-04 9.999939e-01 3.487654e-03 1.572280e-01 4.154923e-03 -3.488944e-03 9.999854e-01 1.276202e+01
9.999960e-01 2.039035e-04 2.808332e-03 -1.915064e+01 -1.957922e-04 9.999958e-01 -2.887394e-03 1.580502e-01 -2.808960e-03 2.886841e-03 9.999918e-01 1.282496e+01
9.999924e-01 -4.207277e-05 -3.905002e-03 -1.902877e+01 5.159000e-05 9.999970e-01 2.437705e-03 1.630153e-01 3.904938e-03 -2.437896e-03 9.999895e-01 1.258923e+01
9.999952e-01 6.448679e-04 3.041678e-03 -1.889110e+01 -6.364392e-04 9.999960e-01 -2.770426e-03 1.635272e-01 -3.043503e-03 2.768485e-03 9.999914e-01 1.249226e+01
9.999936e-01 -1.514939e-04 -3.575131e-03 -1.881601e+01 1.618357e-04 9.999958e-01 2.893227e-03 1.621001e-01 3.574729e-03 -2.893795e-03 9.999895e-01 1.253199e+01
9.999984e-01 -5.048282e-04 1.702226e-03 -1.895403e+01 5.079646e-04 9.999982e-01 -1.841157e-03 1.613039e-01 -1.701345e-03 1.842027e-03 9.999968e-01 1.272095e+01
9.999935e-01 8.141896e-05 -3.596953e-03 -1.907225e+01 -7.170091e-05 9.999963e-01 2.702444e-03 1.601677e-01 3.597212e-03 -2.702177e-03 9.999900e-01 1.289794e+01
9.999992e-01 -7.510127e-04 1.040853e-03 -1.922437e+01 7.528602e-04 9.999981e-01 -1.773296e-03 1.622951e-01 -1.039571e-03 1.774087e-03 9.999978e-01 1.301146e+01
9.999917e-01 -2.725346e-04 -4.058739e-03 -1.943976e+01 2.841769e-04 9.999958e-01 2.868765e-03 1.659160e-01 4.057992e-03 -2.869904e-03 9.999877e-01 1.313694e+01
9.999984e-01 -4.811484e-04 1.721063e-03 -1.960972e+01 4.843230e-04 9.999982e-01 -1.843084e-03 1.662181e-01 -1.720225e-03 1.843924e-03 9.999967e-01 1.332018e+01
9.999935e-01 -2.188005e-04 -3.610971e-03 -1.976195e+01 2.292590e-04 9.999958e-01 2.896837e-03 1.644514e-01 3.610374e-03 -2.897655e-03 9.999894e-01 1.354384e+01
9.999963e-01 2.230777e-04 2.706242e-03 -1.980768e+01 -2.170032e-04 9.999975e-01 -2.243716e-03 1.606871e-01 -2.706788e-03 2.243130e-03 9.999937e-01 1.375483e+01
9.999916e-01 -4.813097e-04 -4.075964e-03 -1.988850e+01 4.937808e-04 9.999952e-01 3.059854e-03 1.574054e-01 4.074525e-03 -3.061850e-03 9.999871e-01 1.397362e+01
9.999959e-01 1.225956e-03 2.603307e-03 -1.974528e+01 -1.217820e-03 9.999944e-01 -3.123456e-03 1.568980e-01 -2.607174e-03 3.120282e-03 9.999916e-01 1.391601e+01
9.999927e-01 -6.284019e-04 -3.779148e-03 -1.966566e+01 6.407822e-04 9.999944e-01 3.276304e-03 1.529683e-01 3.777121e-03 -3.278711e-03 9.999876e-01 1.402541e+01
9.999974e-01 6.992830e-04 2.154901e-03 -1.968844e+01 -6.935769e-04 9.999963e-01 -2.646260e-03 1.503887e-01 -2.156796e-03 2.644768e-03 9.999941e-01 1.418390e+01
9.999928e-01 1.074768e-03 -3.634454e-03 -1.935977e+01 -1.067244e-03 9.999973e-01 2.071971e-03 1.425431e-01 3.636724e-03 -2.068087e-03 9.999913e-01 1.421434e+01
9.999979e-01 1.647175e-03 1.198000e-03 -1.888242e+01 -1.643520e-03 9.999940e-01 -3.043225e-03 1.299836e-01 -1.203058e-03 3.041259e-03 9.999946e-01 1.426932e+01
9.999969e-01 -1.339530e-03 -2.093560e-03 -1.889649e+01 1.347458e-03 9.999919e-01 3.790995e-03 1.199634e-01 2.088518e-03 -3.793813e-03 9.999907e-01 1.468810e+01
9.999914e-01 1.163339e-03 3.989864e-03 -1.901301e+01 -1.153213e-03 9.999961e-01 -2.538549e-03 1.002443e-01 -3.992855e-03 2.533935e-03 9.999887e-01 1.554121e+01
9.999941e-01 -2.159847e-03 -2.658157e-03 -1.922207e+01 2.170350e-03 9.999898e-01 3.955759e-03 8.266789e-02 2.649639e-03 -3.961514e-03 9.999887e-01 1.635772e+01
9.999992e-01 1.109670e-03 -6.488001e-04 -1.947760e+01 -1.111563e-03 9.999951e-01 -2.929036e-03 8.695940e-02 6.454935e-04 2.929764e-03 9.999954e-01 1.645487e+01
9.999971e-01 -1.863261e-03 -1.562079e-03 -1.964527e+01 1.869272e-03 9.999908e-01 3.857772e-03 8.671450e-02 1.554930e-03 -3.860690e-03 9.999914e-01 1.666740e+01
9.999991e-01 1.176516e-03 -6.409890e-04 -1.983316e+01 -1.178201e-03 9.999958e-01 -2.639138e-03 8.434714e-02 6.378278e-04 2.639901e-03 9.999962e-01 1.697783e+01
9.999895e-01 -1.016163e-03 -4.459895e-03 -1.982582e+01 1.032421e-03 9.999928e-01 3.645139e-03 8.135633e-02 4.456213e-03 -3.649715e-03 9.999835e-01 1.709645e+01
9.999932e-01 3.625988e-03 -6.723994e-04 -1.942981e+01 -3.628430e-03 9.999867e-01 -3.672145e-03 6.749427e-02 6.590208e-04 3.674569e-03 9.999929e-01 1.729089e+01
9.999662e-01 5.025448e-03 -6.515959e-03 -1.796038e+01 -5.023622e-03 9.999873e-01 2.968898e-04 2.626312e-02 6.517423e-03 -2.641551e-04 9.999788e-01 1.748564e+01
9.999685e-01 7.929769e-03 -1.871472e-04 -1.584325e+01 -7.930803e-03 9.999480e-01 -6.405478e-03 -2.985973e-02 1.362878e-04 6.406768e-03 9.999794e-01 1.772287e+01
9.999442e-01 1.001473e-02 -3.356239e-03 -1.282205e+01 -1.002429e-02 9.999457e-01 -2.844429e-03 -1.114192e-01 3.327626e-03 2.877908e-03 9.999904e-01 1.819234e+01
9.999961e-01 1.103613e-03 2.565167e-03 -1.096242e+01 -1.096188e-03 9.999952e-01 -2.893350e-03 -1.621237e-01 -2.568404e-03 2.890532e-03 9.999924e-01 1.856647e+01
9.999966e-01 5.929841e-04 -2.551399e-03 -1.078539e+01 -5.855403e-04 9.999956e-01 2.917960e-03 -1.760022e-01 2.553175e-03 -2.916462e-03 9.999926e-01 1.900023e+01
9.999855e-01 -1.302684e-03 5.226294e-03 -1.102283e+01 1.310436e-03 9.999980e-01 -1.479795e-03 -1.992439e-01 -5.224412e-03 1.486629e-03 9.999852e-01 2.005699e+01
9.999964e-01 4.622359e-04 -2.632547e-03 -1.124000e+01 -4.549383e-04 9.999961e-01 2.772705e-03 -2.225144e-01 2.633874e-03 -2.771504e-03 9.999928e-01 2.110364e+01
9.999970e-01 -2.384704e-03 5.357781e-04 -1.168827e+01 2.385369e-03 9.999964e-01 -1.240399e-03 -2.250468e-01 -5.328741e-04 1.241680e-03 9.999990e-01 2.163409e+01
9.999679e-01 1.870938e-03 -7.794532e-03 -1.185000e+01 -1.846961e-03 9.999935e-01 3.082470e-03 -2.286413e-01 7.800305e-03 -3.067982e-03 9.999650e-01 2.170403e+01
9.999921e-01 -1.223679e-03 -3.770973e-03 -1.177014e+01 1.218259e-03 9.999982e-01 -1.439829e-03 -2.322034e-01 3.772671e-03 1.435230e-03 9.999918e-01 2.142880e+01
9.999878e-01 6.217265e-04 -4.905519e-03 -1.201129e+01 -6.051040e-04 9.999941e-01 3.389712e-03 -2.284789e-01 4.907655e-03 -3.386709e-03 9.999823e-01 2.133765e+01
9.999995e-01 -3.766884e-04 -9.440772e-04 -1.205514e+01 3.749948e-04 9.999983e-01 -1.795991e-03 -2.353299e-01 9.446935e-04 1.795643e-03 9.999979e-01 2.149569e+01
9.999985e-01 1.396138e-03 1.047861e-03 -1.197617e+01 -1.398587e-03 9.999963e-01 2.337696e-03 -2.547845e-01 -1.044534e-03 -2.339165e-03 9.999968e-01 2.217374e+01
9.999959e-01 -1.066351e-03 -2.643856e-03 -1.197810e+01 1.062574e-03 9.999984e-01 -1.430274e-03 -2.691255e-01 2.645318e-03 1.427466e-03 9.999954e-01 2.270247e+01
9.999868e-01 4.453973e-03 2.570104e-03 -1.158010e+01 -4.457223e-03 9.999893e-01 1.259449e-03 -3.041655e-01 -2.564408e-03 -1.270894e-03 9.999960e-01 2.375131e+01
9.999901e-01 -2.240849e-03 -3.854342e-03 -1.123426e+01 2.235550e-03 9.999966e-01 -1.379038e-03 -3.287173e-01 3.857360e-03 1.370415e-03 9.999915e-01 2.440698e+01
9.999963e-01 1.414015e-03 2.320150e-03 -1.138725e+01 -1.420955e-03 9.999945e-01 2.990932e-03 -3.426523e-01 -2.315849e-03 -2.994225e-03 9.999929e-01 2.500594e+01
9.999939e-01 -1.661379e-03 -3.058927e-03 -1.148652e+01 1.656309e-03 9.999973e-01 -1.659963e-03 -3.559354e-01 3.061617e-03 1.654894e-03 9.999939e-01 2.563565e+01
9.999959e-01 1.548371e-03 2.433230e-03 -1.162412e+01 -1.555435e-03 9.999946e-01 2.902672e-03 -3.680376e-01 -2.428663e-03 -2.906452e-03 9.999929e-01 2.622861e+01
9.999983e-01 -6.336147e-04 -1.719631e-03 -1.158749e+01 6.299189e-04 9.999975e-01 -2.150355e-03 -3.882152e-01 1.720930e-03 2.149276e-03 9.999961e-01 2.699861e+01
9.999976e-01 2.076279e-03 -7.072886e-04 -1.147702e+01 -2.074303e-03 9.999940e-01 2.786128e-03 -4.036170e-01 7.131283e-04 -2.784661e-03 9.999960e-01 2.748732e+01
9.999842e-01 -2.469341e-03 -5.051061e-03 -1.153627e+01 2.462891e-03 9.999961e-01 -1.283323e-03 -4.075083e-01 5.054151e-03 1.270870e-03 9.999863e-01 2.759371e+01
9.999854e-01 5.348372e-03 -7.490842e-04 -1.106293e+01 -5.347197e-03 9.999845e-01 1.565853e-03 -4.284877e-01 7.575076e-04 -1.561832e-03 9.999986e-01 2.781622e+01
9.999822e-01 -4.334345e-03 -4.085784e-03 -1.093984e+01 4.332447e-03 9.999905e-01 -4.738137e-04 -4.422481e-01 4.087739e-03 4.561116e-04 9.999915e-01 2.813108e+01
9.999889e-01 3.524667e-03 3.139044e-03 -1.116303e+01 -3.531188e-03 9.999916e-01 2.073522e-03 -4.536583e-01 -3.131648e-03 -2.084591e-03 9.999930e-01 2.878122e+01
9.999908e-01 -3.998464e-03 -1.514373e-03 -1.133464e+01 3.997625e-03 9.999919e-01 -5.580350e-04 -4.764328e-01 1.516532e-03 5.519841e-04 9.999986e-01 2.979086e+01
9.999893e-01 3.851942e-03 2.562615e-03 -1.139516e+01 -3.856826e-03 9.999908e-01 1.902591e-03 -4.996078e-01 -2.555202e-03 -1.912462e-03 9.999950e-01 3.072760e+01
9.999882e-01 -4.736765e-03 -1.059687e-03 -1.163093e+01 4.736350e-03 9.999887e-01 -3.958869e-04 -5.211311e-01 1.061490e-03 3.908716e-04 9.999993e-01 3.172627e+01
9.999855e-01 3.315486e-03 4.252722e-03 -1.195578e+01 -3.324267e-03 9.999924e-01 2.058712e-03 -5.485332e-01 -4.245804e-03 -2.072828e-03 9.999889e-01 3.298675e+01
9.999864e-01 -5.067091e-03 -1.252405e-03 -1.236757e+01 5.066881e-03 9.999871e-01 -1.733654e-04 -5.760672e-01 1.253208e-03 1.670260e-04 9.999991e-01 3.431667e+01
9.999822e-01 3.947084e-03 4.471801e-03 -1.268193e+01 -3.955346e-03 9.999905e-01 1.839532e-03 -6.037742e-01 -4.464438e-03 -1.857196e-03 9.999884e-01 3.559358e+01
9.999859e-01 -5.025542e-03 -1.727431e-03 -1.299154e+01 5.025201e-03 9.999874e-01 -2.031788e-04 -6.290959e-01 1.728371e-03 1.945044e-04 9.999984e-01 3.678376e+01
9.999883e-01 4.066101e-03 2.625842e-03 -1.324260e+01 -4.070454e-03 9.999903e-01 1.653571e-03 -6.455074e-01 -2.619034e-03 -1.664249e-03 9.999953e-01 3.761050e+01
9.999829e-01 -5.090687e-03 -2.892155e-03 -1.358531e+01 5.089992e-03 9.999870e-01 -2.486793e-04 -6.554851e-01 2.893324e-03 2.339634e-04 9.999957e-01 3.831850e+01
9.999720e-01 5.087211e-03 5.483177e-03 -1.370212e+01 -5.096046e-03 9.999857e-01 1.597913e-03 -6.823402e-01 -5.474910e-03 -1.625820e-03 9.999838e-01 3.944263e+01
9.999902e-01 -3.540788e-03 -2.639350e-03 -1.349399e+01 3.537760e-03 9.999931e-01 -1.151876e-03 -7.178041e-01 2.643352e-03 1.142537e-03 9.999958e-01 4.068329e+01
9.999733e-01 3.619289e-03 6.345625e-03 -1.361133e+01 -3.636136e-03 9.999899e-01 2.644809e-03 -7.490650e-01 -6.335930e-03 -2.667821e-03 9.999765e-01 4.197094e+01
9.999863e-01 -4.019556e-03 -3.361105e-03 -1.381948e+01 4.015769e-03 9.999913e-01 -1.133778e-03 -7.756169e-01 3.365575e-03 1.120275e-03 9.999936e-01 4.314229e+01
9.999650e-01 4.392374e-03 7.120089e-03 -1.387586e+01 -4.411441e-03 9.999867e-01 2.663946e-03 -8.092089e-01 -7.108235e-03 -2.695272e-03 9.999712e-01 4.447752e+01
9.999799e-01 -4.438942e-03 -4.521740e-03 -1.402374e+01 4.432748e-03 9.999892e-01 -1.379544e-03 -8.338745e-01 4.527758e-03 1.359483e-03 9.999887e-01 4.554492e+01
9.999761e-01 3.279642e-03 6.088451e-03 -1.431322e+01 -3.296925e-03 9.999906e-01 2.830242e-03 -8.531033e-01 -6.079054e-03 -2.850257e-03 9.999776e-01 4.649093e+01
9.999725e-01 -4.176028e-03 -6.134092e-03 -1.453673e+01 4.166486e-03 9.999901e-01 -1.568060e-03 -8.654968e-01 6.140522e-03 1.542469e-03 9.999799e-01 4.715961e+01
9.999694e-01 4.009635e-03 6.724664e-03 -1.464747e+01 -4.027899e-03 9.999882e-01 2.704160e-03 -8.796165e-01 -6.713684e-03 -2.731173e-03 9.999738e-01 4.780904e+01
9.999680e-01 -4.388037e-03 -6.684014e-03 -1.483692e+01 4.377733e-03 9.999892e-01 -1.555888e-03 -8.917763e-01 6.690712e-03 1.526588e-03 9.999764e-01 4.845088e+01
9.999860e-01 2.546841e-03 4.637112e-03 -1.525623e+01 -2.560286e-03 9.999925e-01 2.895102e-03 -8.929002e-01 -4.629647e-03 -2.906945e-03 9.999851e-01 4.890283e+01
9.999786e-01 -3.210342e-03 -5.696513e-03 -1.549550e+01 3.202708e-03 9.999940e-01 -1.349285e-03 -9.018876e-01 5.700753e-03 1.331023e-03 9.999828e-01 4.948906e+01
9.999675e-01 3.556214e-03 7.236686e-03 -1.551597e+01 -3.573488e-03 9.999908e-01 2.375103e-03 -9.235989e-01 -7.228115e-03 -2.400897e-03 9.999711e-01 5.037801e+01
9.999683e-01 -4.706659e-03 -6.413279e-03 -1.579580e+01 4.701537e-03 9.999886e-01 -8.140590e-04 -9.407634e-01 6.416980e-03 7.838922e-04 9.999790e-01 5.125035e+01
9.999620e-01 3.682133e-03 7.898600e-03 -1.609685e+01 -3.702327e-03 9.999899e-01 2.543114e-03 -9.638256e-01 -7.889099e-03 -2.572272e-03 9.999657e-01 5.236637e+01
9.999787e-01 -4.779116e-03 -4.432805e-03 -1.635100e+01 4.776033e-03 9.999883e-01 -7.065872e-04 -9.963422e-01 4.436073e-03 6.854127e-04 9.999898e-01 5.377274e+01
9.999632e-01 4.897699e-03 7.048766e-03 -1.649910e+01 -4.910506e-03 9.999863e-01 1.800269e-03 -1.024650e+00 -7.039796e-03 -1.834827e-03 9.999736e-01 5.499388e+01
9.999111e-01 -9.000996e-03 -9.839296e-03 -1.758786e+01 8.997698e-03 9.999594e-01 -3.798257e-04 -1.014122e+00 9.842258e-03 2.912731e-04 9.999514e-01 5.563335e+01
9.999405e-01 6.221473e-03 8.960310e-03 -1.824006e+01 -6.241003e-03 9.999782e-01 2.152846e-03 -1.020253e+00 -8.946664e-03 -2.208651e-03 9.999576e-01 5.646757e+01
9.999470e-01 -6.105504e-03 -8.292291e-03 -1.853444e+01 6.095618e-03 9.999807e-01 -1.217465e-03 -1.031753e+00 8.299507e-03 1.166866e-03 9.999648e-01 5.722691e+01
9.999648e-01 5.114881e-03 6.659007e-03 -1.900483e+01 -5.127969e-03 9.999850e-01 1.949229e-03 -1.029714e+00 -6.648879e-03 -1.983319e-03 9.999760e-01 5.767240e+01
9.999768e-01 -2.848366e-03 -6.178320e-03 -1.872220e+01 2.834291e-03 9.999934e-01 -2.286294e-03 -1.053546e+00 6.184734e-03 2.268742e-03 9.999782e-01 5.837247e+01
9.999652e-01 4.423876e-03 7.078312e-03 -1.857059e+01 -4.442623e-03 9.999867e-01 2.634356e-03 -1.075589e+00 -7.066507e-03 -2.665723e-03 9.999716e-01 5.914221e+01
9.999811e-01 2.940356e-04 -6.134277e-03 -1.788824e+01 -3.155874e-04 9.999938e-01 -3.513296e-03 -1.119049e+00 6.133149e-03 3.515178e-03 9.999749e-01 6.034117e+01
9.999761e-01 1.254305e-03 6.793417e-03 -1.766669e+01 -1.279750e-03 9.999922e-01 3.741890e-03 -1.145934e+00 -6.788613e-03 -3.750506e-03 9.999700e-01 6.124281e+01
9.999735e-01 3.230938e-03 -6.529873e-03 -1.709495e+01 -3.254799e-03 9.999881e-01 -3.647374e-03 -1.196000e+00 6.517954e-03 3.668543e-03 9.999719e-01 6.271358e+01
9.999810e-01 -1.417017e-03 6.001576e-03 -1.673238e+01 1.394474e-03 9.999920e-01 3.758119e-03 -1.224887e+00 -6.006796e-03 -3.749690e-03 9.999750e-01 6.357803e+01
9.999675e-01 2.790150e-03 -7.564838e-03 -1.658679e+01 -2.814339e-03 9.999910e-01 -3.189314e-03 -1.232755e+00 7.555814e-03 3.210513e-03 9.999662e-01 6.383546e+01
9.999770e-01 4.612832e-03 4.976459e-03 -1.543962e+01 -4.620027e-03 9.999883e-01 1.434597e-03 -1.282465e+00 -4.969726e-03 -1.457566e-03 9.999867e-01 6.485142e+01
9.999504e-01 1.605005e-03 -9.828848e-03 -1.460640e+01 -1.633463e-03 9.999945e-01 -2.888307e-03 -1.316879e+00 9.824100e-03 2.904230e-03 9.999474e-01 6.538785e+01
9.999667e-01 7.224512e-03 3.801893e-03 -1.338338e+01 -7.225607e-03 9.999739e-01 2.733872e-04 -1.371045e+00 -3.799760e-03 -3.008595e-04 9.999928e-01 6.632462e+01
9.999850e-01 -3.472045e-04 -5.458990e-03 -1.234847e+01 3.365557e-04 9.999980e-01 -1.952107e-03 -1.417773e+00 5.459598e-03 1.950251e-03 9.999831e-01 6.733708e+01
9.999555e-01 9.259083e-03 -1.839942e-03 -1.076845e+01 -9.264333e-03 9.999530e-01 -2.863679e-03 -1.460647e+00 1.813400e-03 2.880588e-03 9.999943e-01 6.743113e+01
9.999571e-01 -1.499698e-03 -9.135272e-03 -9.144967e+00 1.484971e-03 9.999976e-01 -1.619059e-03 -1.502682e+00 9.137618e-03 1.605433e-03 9.999569e-01 6.728900e+01
9.999598e-01 7.833003e-03 -4.363961e-03 -7.743691e+00 -7.841688e-03 9.999673e-01 -1.975966e-03 -1.536328e+00 4.348402e-03 2.010099e-03 9.999886e-01 6.684780e+01
9.999851e-01 -7.621556e-04 -5.407113e-03 -6.242863e+00 7.501153e-04 9.999972e-01 -2.228949e-03 -1.574280e+00 5.408734e-03 2.224867e-03 9.999828e-01 6.662567e+01
9.999539e-01 8.968427e-03 3.420723e-03 -5.121781e+00 -8.967979e-03 9.999598e-01 -1.469145e-04 -1.622194e+00 -3.421841e-03 1.162237e-04 9.999942e-01 6.753496e+01
9.999859e-01 -2.694367e-03 -4.571827e-03 -3.947254e+00 2.689147e-03 9.999957e-01 -1.147965e-03 -1.692013e+00 4.574838e-03 1.135662e-03 9.999888e-01 6.931639e+01
9.999774e-01 5.091939e-03 4.398908e-03 -3.535238e+00 -5.098189e-03 9.999860e-01 1.410211e-03 -1.727358e+00 -4.391603e-03 -1.432612e-03 9.999894e-01 7.036360e+01
9.999483e-01 -1.680018e-04 -1.016446e-02 -2.820429e+00 1.535971e-04 9.999990e-01 -1.418168e-03 -1.764101e+00 1.016462e-02 1.416541e-03 9.999472e-01 7.110972e+01
9.998627e-01 1.466582e-02 7.709997e-03 -3.986908e-01 -1.462094e-02 9.998760e-01 -5.846048e-03 -1.825576e+00 -7.794715e-03 5.732513e-03 9.999533e-01 7.136105e+01
9.999631e-01 -7.038961e-04 -8.554880e-03 2.087031e+00 6.688992e-04 9.999914e-01 -4.093241e-03 -1.884084e+00 8.557624e-03 4.087372e-03 9.999549e-01 7.128165e+01
9.999357e-01 8.589546e-03 7.399142e-03 3.467263e+00 -8.573419e-03 9.999608e-01 -2.208712e-03 -1.911796e+00 -7.417760e-03 2.145131e-03 9.999703e-01 7.098233e+01
9.999678e-01 2.489477e-03 -7.633963e-03 5.259877e+00 -2.516013e-03 9.999908e-01 -3.468600e-03 -1.960699e+00 7.625194e-03 3.487698e-03 9.999648e-01 7.129576e+01
9.999517e-01 7.301464e-03 6.582463e-03 6.916157e+00 -7.288009e-03 9.999713e-01 -2.065804e-03 -2.003179e+00 -6.597294e-03 2.017729e-03 9.999763e-01 7.141062e+01
9.999702e-01 -2.283225e-03 -7.367298e-03 7.798404e+00 2.267377e-03 9.999951e-01 -2.158834e-03 -2.021796e+00 7.372128e-03 2.142067e-03 9.999704e-01 7.119358e+01
9.999282e-01 9.926121e-03 6.718669e-03 9.128465e+00 -9.902548e-03 9.999447e-01 -3.532881e-03 -2.053086e+00 -6.753301e-03 3.466095e-03 9.999713e-01 7.098672e+01
9.999146e-01 9.644472e-03 -8.819698e-03 1.229574e+01 -9.723176e-03 9.999129e-01 -8.924739e-03 -2.135426e+00 8.732792e-03 9.009730e-03 9.999212e-01 7.121040e+01
9.999062e-01 1.051041e-02 8.786178e-03 1.576840e+01 -1.047855e-02 9.999384e-01 -3.663749e-03 -2.228914e+00 -8.824080e-03 3.571342e-03 9.999548e-01 7.166976e+01
9.998319e-01 1.504441e-02 -1.047628e-02 1.974787e+01 -1.515551e-02 9.998289e-01 -1.060724e-02 -2.342445e+00 1.031484e-02 1.076423e-02 9.998888e-01 7.251585e+01
9.999386e-01 5.204381e-03 9.787863e-03 2.314329e+01 -5.198420e-03 9.999863e-01 -6.341004e-04 -2.442317e+00 -9.790965e-03 5.831868e-04 9.999520e-01 7.343230e+01
9.999372e-01 7.032709e-03 -8.724274e-03 2.513425e+01 -7.085521e-03 9.999567e-01 -6.037154e-03 -2.500896e+00 8.681374e-03 6.098583e-03 9.999436e-01 7.381416e+01
9.999329e-01 5.131576e-03 1.038588e-02 2.717016e+01 -5.119763e-03 9.999862e-01 -1.163323e-03 -2.559967e+00 -1.039164e-02 1.110081e-03 9.999455e-01 7.409636e+01
9.999181e-01 8.267354e-03 -9.764408e-03 2.919961e+01 -8.330541e-03 9.999445e-01 -6.448003e-03 -2.614247e+00 9.710495e-03 6.528808e-03 9.999314e-01 7.436711e+01
9.999461e-01 2.112122e-03 1.016311e-02 3.095182e+01 -2.113575e-03 9.999978e-01 1.325643e-04 -2.661972e+00 -1.016274e-02 -1.540270e-04 9.999484e-01 7.449054e+01
9.999327e-01 4.505130e-03 -1.068977e-02 3.198935e+01 -4.545281e-03 9.999827e-01 -3.734346e-03 -2.692879e+00 1.067270e-02 3.782671e-03 9.999358e-01 7.455566e+01
9.999389e-01 3.055067e-03 1.062110e-02 3.312561e+01 -3.051281e-03 9.999953e-01 -3.722480e-04 -2.728186e+00 -1.062213e-02 3.398291e-04 9.999436e-01 7.468854e+01
9.999189e-01 6.423413e-03 -1.099197e-02 3.464997e+01 -6.483868e-03 9.999640e-01 -5.472744e-03 -2.772037e+00 1.095636e-02 5.543558e-03 9.999245e-01 7.474971e+01
9.999435e-01 1.357990e-03 1.054309e-02 3.593281e+01 -1.368597e-03 9.999986e-01 9.994084e-04 -2.810799e+00 -1.054165e-02 -1.013768e-03 9.999440e-01 7.482528e+01
9.999102e-01 8.761732e-03 -1.013852e-02 3.767573e+01 -8.837862e-03 9.999329e-01 -7.488224e-03 -2.861062e+00 1.007217e-02 7.577141e-03 9.999205e-01 7.490649e+01
9.999390e-01 1.570277e-03 1.093023e-02 3.938616e+01 -1.582531e-03 9.999981e-01 1.113077e-03 -2.910581e+00 -1.092840e-02 -1.130291e-03 9.999397e-01 7.502438e+01
9.999231e-01 5.874698e-03 -1.091763e-02 4.060784e+01 -5.939236e-03 9.999650e-01 -5.887847e-03 -2.944265e+00 1.088260e-02 5.952222e-03 9.999230e-01 7.500868e+01
9.999373e-01 2.496120e-03 1.091547e-02 4.194999e+01 -2.504618e-03 9.999966e-01 7.654853e-04 -2.984231e+00 -1.091346e-02 -7.927600e-04 9.999402e-01 7.511438e+01
9.999012e-01 1.003894e-02 -9.843073e-03 4.381924e+01 -1.011179e-02 9.999216e-01 -7.379356e-03 -3.046217e+00 9.768158e-03 7.478140e-03 9.999242e-01 7.570988e+01
9.998473e-01 1.149298e-02 1.316532e-02 4.731364e+01 -1.142835e-02 9.999223e-01 -4.973514e-03 -3.154109e+00 -1.322140e-02 4.822316e-03 9.999011e-01 7.676044e+01
9.999307e-01 5.523915e-03 -1.039282e-02 5.022903e+01 -5.584651e-03 9.999674e-01 -5.823492e-03 -3.239689e+00 1.036025e-02 5.881109e-03 9.999289e-01 7.727446e+01
9.999430e-01 2.448586e-03 1.039039e-02 5.155477e+01 -2.453529e-03 9.999969e-01 4.637227e-04 -3.276814e+00 -1.038916e-02 -4.891681e-04 9.999460e-01 7.723738e+01
9.999208e-01 7.563822e-03 -1.005721e-02 5.323503e+01 -7.639450e-03 9.999427e-01 -7.502022e-03 -3.323080e+00 9.999828e-03 7.578237e-03 9.999212e-01 7.721928e+01
9.999376e-01 2.794744e-03 1.081937e-02 5.499612e+01 -2.802170e-03 9.999958e-01 6.720552e-04 -3.375406e+00 -1.081739e-02 -7.023079e-04 9.999413e-01 7.733531e+01
9.999169e-01 8.524636e-03 -9.664784e-03 5.698184e+01 -8.602545e-03 9.999306e-01 -8.047589e-03 -3.433987e+00 9.595450e-03 8.130038e-03 9.999208e-01 7.747182e+01
9.999270e-01 2.395887e-03 1.184591e-02 5.883798e+01 -2.409495e-03 9.999965e-01 1.135377e-03 -3.490322e+00 -1.184309e-02 -1.163812e-03 9.999293e-01 7.775452e+01
9.999114e-01 8.252935e-03 -1.044355e-02 6.048933e+01 -8.331514e-03 9.999371e-01 -7.502365e-03 -3.540649e+00 1.038092e-02 7.588685e-03 9.999172e-01 7.801013e+01
9.999244e-01 5.320163e-03 1.108913e-02 6.290053e+01 -5.299638e-03 9.999842e-01 -1.878653e-03 -3.607148e+00 -1.109889e-02 1.819769e-03 9.999368e-01 7.803342e+01
9.999060e-01 8.406312e-03 -1.083296e-02 6.530123e+01 -8.494203e-03 9.999312e-01 -8.092088e-03 -3.672368e+00 1.076413e-02 8.183316e-03 9.999085e-01 7.805488e+01
9.999183e-01 6.348116e-03 1.109692e-02 6.788011e+01 -6.333332e-03 9.999790e-01 -1.366009e-03 -3.740185e+00 -1.110530e-02 1.295646e-03 9.999376e-01 7.808572e+01
9.998571e-01 1.216552e-02 -1.174126e-02 7.107239e+01 -1.228460e-02 9.998733e-01 -1.012316e-02 -3.821984e+00 1.161656e-02 1.026592e-02 9.998797e-01 7.822194e+01
9.999295e-01 1.659563e-03 1.175751e-02 7.360354e+01 -1.660909e-03 9.999986e-01 1.056131e-04 -3.883007e+00 -1.175726e-02 -1.251014e-04 9.999310e-01 7.814014e+01
9.997973e-01 1.579533e-02 -1.248137e-02 7.658526e+01 -1.593413e-02 9.998114e-01 -1.109920e-02 -3.957713e+00 1.230365e-02 1.129579e-02 9.998604e-01 7.821490e+01
9.999020e-01 6.744379e-03 1.226793e-02 8.073397e+01 -6.692517e-03 9.999685e-01 -4.262589e-03 -4.060013e+00 -1.229623e-02 4.180104e-03 9.999157e-01 7.815892e+01
9.998229e-01 1.460556e-02 -1.186304e-02 8.489531e+01 -1.475263e-02 9.998142e-01 -1.240432e-02 -4.158676e+00 1.167961e-02 1.257710e-02 9.998526e-01 7.777359e+01
9.999053e-01 5.613950e-03 1.256954e-02 8.881373e+01 -5.572217e-03 9.999789e-01 -3.351693e-03 -4.253532e+00 -1.258803e-02 3.281375e-03 9.999155e-01 7.742840e+01
