9.999995e-01 1.905976e-04 -9.428162e-04 -1.762731e-01 -1.890968e-04 9.999987e-01 1.591704e-03 -1.805210e-02 9.431184e-04 -1.591525e-03 9.999984e-01 8.566628e-01
9.999983e-01 -3.766921e-04 1.789724e-03 -4.112848e-01 3.770462e-04 9.999999e-01 -1.975133e-04 -4.103904e-02 -1.789649e-03 1.981886e-04 9.999983e-01 1.950325e+00
9.999982e-01 -9.569618e-04 -1.666736e-03 -7.863082e-01 9.601479e-04 9.999977e-01 1.911857e-03 -5.882115e-02 1.664903e-03 -1.913455e-03 9.999969e-01 2.967344e+00
9.999993e-01 -1.205849e-03 1.046292e-04 -1.278984e+00 1.205842e-03 9.999993e-01 7.326311e-05 -6.655461e-02 -1.047175e-04 -7.313574e-05 9.999999e-01 3.716856e+00
9.999794e-01 -6.912067e-04 -6.375825e-03 -1.764263e+00 7.053706e-04 9.999973e-01 2.219515e-03 -6.129493e-02 6.374275e-03 -2.223968e-03 9.999773e-01 3.891458e+00
9.999912e-01 -1.986090e-03 3.704051e-03 -2.329084e+00 1.987726e-03 9.999979e-01 -4.381382e-04 -6.150858e-02 -3.703174e-03 4.454985e-04 9.999929e-01 4.449580e+00
9.999087e-01 7.750190e-04 -1.348871e-02 -2.749095e+00 -7.415876e-04 9.999966e-01 2.483294e-03 -5.130466e-02 1.349059e-02 -2.473066e-03 9.999060e-01 4.285457e+00
9.999740e-01 -3.281253e-03 6.417692e-03 -3.333968e+00 3.283330e-03 9.999946e-01 -3.131810e-04 -4.483330e-02 -6.416632e-03 3.342462e-04 9.999793e-01 4.481044e+00
9.999496e-01 1.230569e-03 -9.969029e-03 -3.770065e+00 -1.208837e-03 9.999969e-01 2.185678e-03 -4.329114e-02 9.971690e-03 -2.173519e-03 9.999480e-01 4.830740e+00
9.999716e-01 -2.593945e-03 7.074003e-03 -4.081764e+00 2.597099e-03 9.999965e-01 -4.367527e-04 -4.604409e-02 -7.072849e-03 4.551145e-04 9.999748e-01 5.246502e+00
9.999170e-01 1.456867e-03 -1.280037e-02 -4.454189e+00 -1.428506e-03 9.999965e-01 2.224476e-03 -3.714059e-02 1.280357e-02 -2.206008e-03 9.999157e-01 5.253784e+00
9.999820e-01 -2.520380e-03 5.437795e-03 -4.824927e+00 2.523891e-03 9.999966e-01 -6.388550e-04 -2.396560e-02 -5.436171e-03 6.525706e-04 9.999849e-01 5.083750e+00
9.999289e-01 8.320173e-04 -1.189497e-02 -5.387869e+00 -8.067158e-04 9.999974e-01 2.131720e-03 -9.690939e-03 1.189672e-02 -2.121976e-03 9.999271e-01 5.070429e+00
9.999906e-01 -1.290598e-03 4.141569e-03 -5.635891e+00 1.293463e-03 9.999989e-01 -6.893224e-04 -3.306325e-03 -4.140681e-03 6.946759e-04 9.999911e-01 4.986164e+00
9.999642e-01 4.398766e-05 -8.460596e-03 -6.010299e+00 -2.466861e-05 9.999974e-01 2.283517e-03 2.560847e-03 8.460681e-03 -2.283230e-03 9.999617e-01 5.136647e+00
9.999828e-01 -2.353458e-03 5.375521e-03 -6.490367e+00 2.356624e-03 9.999971e-01 -5.826371e-04 4.894087e-03 -5.374141e-03 5.952985e-04 9.999853e-01 5.523388e+00
9.999314e-01 1.638545e-03 -1.160129e-02 -6.667602e+00 -1.613074e-03 9.999963e-01 2.204574e-03 5.625309e-03 1.160487e-02 -2.185713e-03 9.999304e-01 5.558288e+00
9.999981e-01 -1.257914e-03 1.514913e-03 -6.801257e+00 1.260063e-03 9.999982e-01 -1.417876e-03 1.018980e-02 -1.513135e-03 1.419786e-03 9.999977e-01 5.323135e+00
9.999458e-01 1.892112e-03 -1.023831e-02 -6.765533e+00 -1.868140e-03 9.999955e-01 2.350541e-03 8.375257e-03 1.024273e-02 -2.331290e-03 9.999449e-01 5.203463e+00
9.999935e-01 -2.400069e-03 2.686988e-03 -6.989193e+00 2.402444e-03 9.999967e-01 -8.811326e-04 1.362533e-02 -2.684875e-03 8.875861e-04 9.999959e-01 5.134762e+00
9.999782e-01 4.330779e-04 -6.596368e-03 -7.441468e+00 -4.169983e-04 9.999969e-01 2.438848e-03 1.972964e-02 6.597415e-03 -2.436048e-03 9.999754e-01 5.366432e+00
9.999969e-01 -4.853861e-04 2.425059e-03 -7.539680e+00 4.884331e-04 9.999991e-01 -1.255948e-03 2.389642e-02 -2.424458e-03 1.257133e-03 9.999962e-01 5.396918e+00
9.999198e-01 2.206164e-03 -1.246903e-02 -7.291152e+00 -2.183724e-03 9.999960e-01 1.812965e-03 1.995511e-02 1.247299e-02 -1.785595e-03 9.999207e-01 5.223705e+00
9.999996e-01 3.825250e-04 -8.003910e-04 -6.835197e+00 -3.835865e-04 9.999990e-01 -1.326877e-03 7.888714e-03 7.998695e-04 1.327188e-03 9.999987e-01 4.986890e+00
9.999207e-01 2.662592e-03 -1.230709e-02 -6.243060e+00 -2.641882e-03 9.999951e-01 1.698795e-03 -9.999508e-03 1.231157e-02 -1.666150e-03 9.999229e-01 4.813445e+00
9.999928e-01 -1.508196e-03 3.481757e-03 -6.140128e+00 1.510712e-03 9.999986e-01 -7.200023e-04 -1.182840e-02 -3.480681e-03 7.252613e-04 9.999936e-01 4.694713e+00
9.999712e-01 1.102910e-04 -7.587202e-03 -6.494062e+00 -9.334602e-05 9.999975e-01 2.233725e-03 -5.185332e-03 7.587446e-03 -2.232957e-03 9.999688e-01 4.844135e+00
9.999633e-01 4.032665e-03 7.557423e-03 -6.021027e+00 -4.011284e-03 9.999879e-01 -2.842051e-03 -3.892596e-02 -7.568808e-03 2.811636e-03 9.999673e-01 5.779707e+00
9.999785e-01 3.361038e-03 -5.638512e-03 -4.873890e+00 -3.359008e-03 9.999943e-01 3.694648e-04 -9.749332e-02 5.639737e-03 -3.505210e-04 9.999841e-01 7.165177e+00
9.999554e-01 6.203735e-03 7.115650e-03 -3.408390e+00 -6.179681e-03 9.999751e-01 -3.397364e-03 -1.706314e-01 -7.136565e-03 3.353244e-03 9.999688e-01 8.860291e+00
9.999658e-01 5.113583e-03 -6.493868e-03 -1.652687e+00 -5.116329e-03 9.999868e-01 -4.062221e-04 -2.517812e-01 6.491720e-03 4.394298e-04 9.999789e-01 1.061563e+01
9.999735e-01 3.648859e-03 6.299223e-03 -1.857089e-01 -3.633293e-03 9.999903e-01 -2.480681e-03 -3.195479e-01 -6.308229e-03 2.457732e-03 9.999770e-01 1.207439e+01
9.999813e-01 1.564613e-03 -5.913124e-03 6.297934e-01 -1.560829e-03 9.999986e-01 6.444898e-04 -3.571081e-01 5.914139e-03 -6.352509e-04 9.999824e-01 1.289443e+01
9.999690e-01 5.233423e-03 5.881850e-03 1.596721e+00 -5.216901e-03 9.999824e-01 -2.820760e-03 -3.972968e-01 -5.896524e-03 2.789990e-03 9.999786e-01 1.368122e+01
9.999731e-01 5.062419e-03 -5.311942e-03 3.132720e+00 -5.066108e-03 9.999869e-01 -6.812552e-04 -4.612027e-01 5.308439e-03 7.081459e-04 9.999858e-01 1.497262e+01
9.999716e-01 3.323992e-03 6.758952e-03 4.496177e+00 -3.309182e-03 9.999921e-01 -2.201179e-03 -5.212212e-01 -6.766231e-03 2.178751e-03 9.999746e-01 1.625432e+01
9.999607e-01 7.206591e-03 -5.169345e-03 6.082256e+00 -7.213076e-03 9.999732e-01 -1.237001e-03 -5.900397e-01 5.160307e-03 1.274238e-03 9.999860e-01 1.768906e+01
9.999705e-01 5.243753e-03 5.605453e-03 8.085681e+00 -5.226266e-03 9.999814e-01 -3.129791e-03 -6.724719e-01 -5.621776e-03 3.100404e-03 9.999793e-01 1.927367e+01
9.999123e-01 1.059291e-02 -7.948129e-03 1.053313e+01 -1.061011e-02 9.999415e-01 -2.125453e-03 -7.691428e-01 7.925164e-03 2.209597e-03 9.999663e-01 2.099410e+01
9.999615e-01 7.508988e-03 4.536261e-03 1.337370e+01 -7.493124e-03 9.999658e-01 -3.504006e-03 -8.850896e-01 -4.562433e-03 3.469880e-03 9.999835e-01 2.312473e+01
9.999552e-01 5.874787e-03 -7.415712e-03 1.555594e+01 -5.883056e-03 9.999821e-01 -1.093737e-03 -9.739668e-01 7.409170e-03 1.137317e-03 9.999720e-01 2.476714e+01
9.998667e-01 1.619531e-02 2.088335e-03 1.893126e+01 -1.618323e-02 9.998529e-01 -5.674184e-03 -1.111391e+00 -2.179939e-03 5.639630e-03 9.999816e-01 2.724762e+01
9.999528e-01 6.462354e-03 -7.260914e-03 2.259481e+01 -6.475300e-03 9.999775e-01 -1.760887e-03 -1.258822e+00 7.249387e-03 1.807824e-03 9.999722e-01 2.987589e+01
9.997233e-01 2.352260e-02 -7.087014e-05 2.725299e+01 -2.352235e-02 9.996868e-01 -8.541680e-03 -1.437197e+00 -1.300920e-04 8.540979e-03 9.999634e-01 3.280039e+01
9.999079e-01 9.243992e-03 -9.931912e-03 3.248601e+01 -9.278542e-03 9.999510e-01 -3.438344e-03 -1.628925e+00 9.899661e-03 3.530187e-03 9.999449e-01 3.572722e+01
9.997888e-01 2.044217e-02 2.120214e-03 3.717188e+01 -2.042836e-02 9.997712e-01 -6.343646e-03 -1.809056e+00 -2.249426e-03 6.298986e-03 9.999775e-01 3.870758e+01
9.999638e-01 2.917326e-03 -7.988039e-03 4.091600e+01 -2.929240e-03 9.999946e-01 -1.480216e-03 -1.955782e+00 7.983697e-03 1.503569e-03 9.999671e-01 4.121268e+01
9.998577e-01 1.677209e-02 1.810676e-03 4.411844e+01 -1.676240e-02 9.998458e-01 -5.240075e-03 -2.078055e+00 -1.898303e-03 5.208969e-03 9.999845e-01 4.319520e+01
9.999716e-01 -2.847205e-03 -6.978558e-03 4.639388e+01 2.852902e-03 9.999956e-01 8.064055e-04 -2.172067e+00 6.976252e-03 -8.262822e-04 9.999754e-01 4.491578e+01
9.999451e-01 9.165870e-03 5.081078e-03 4.749318e+01 -9.151123e-03 9.999539e-01 -2.918365e-03 -2.215083e+00 -5.107614e-03 2.871697e-03 9.999827e-01 4.572668e+01
9.999381e-01 -6.967537e-03 -8.671647e-03 4.781254e+01 6.988425e-03 9.999727e-01 2.380704e-03 -2.214208e+00 8.654844e-03 -2.441148e-03 9.999597e-01 4.556417e+01
9.999319e-01 1.058435e-02 4.923824e-03 4.828730e+01 -1.056348e-02 9.999352e-01 -4.246608e-03 -2.210182e+00 -4.968474e-03 4.194296e-03 9.999788e-01 4.515737e+01
9.999281e-01 -5.349977e-03 -1.073154e-02 4.899684e+01 5.364066e-03 9.999848e-01 1.284404e-03 -2.210677e+00 1.072452e-02 -1.341866e-03 9.999417e-01 4.468014e+01
9.999327e-01 1.150770e-02 1.458054e-03 4.973088e+01 -1.150257e-02 9.999278e-01 -3.476754e-03 -2.211504e+00 -1.497981e-03 3.459738e-03 9.999928e-01 4.411827e+01
9.999473e-01 -6.459086e-03 -7.979847e-03 5.026900e+01 6.462982e-03 9.999790e-01 4.623347e-04 -2.204194e+00 7.976717e-03 -5.138730e-04 9.999682e-01 4.353180e+01
9.999358e-01 1.074618e-02 3.590506e-03 5.076104e+01 -1.073609e-02 9.999384e-01 -2.817891e-03 -2.199182e+00 -3.620590e-03 2.779150e-03 9.999895e-01 4.310690e+01
9.999467e-01 -7.557206e-03 -7.028045e-03 5.104522e+01 7.566553e-03 9.999705e-01 1.304174e-03 -2.194563e+00 7.018006e-03 -1.357271e-03 9.999746e-01 4.287131e+01
9.999310e-01 1.096914e-02 4.203544e-03 5.151992e+01 -1.095548e-02 9.999347e-01 -3.259420e-03 -2.193728e+00 -4.239047e-03 3.213131e-03 9.999858e-01 4.254242e+01
9.999489e-01 -7.101563e-03 -7.199307e-03 5.204907e+01 7.107999e-03 9.999744e-01 8.685225e-04 -2.192277e+00 7.192979e-03 -9.196388e-04 9.999738e-01 4.215070e+01
9.999154e-01 1.273507e-02 2.644439e-03 5.282046e+01 -1.272500e-02 9.999118e-01 -3.790668e-03 -2.195770e+00 -2.692505e-03 3.756684e-03 9.999892e-01 4.173853e+01
9.999254e-01 -7.100646e-03 -9.941424e-03 5.351752e+01 7.105882e-03 9.999746e-01 4.912582e-04 -2.194877e+00 9.937709e-03 -5.618515e-04 9.999506e-01 4.115622e+01
9.999168e-01 1.289893e-02 -9.486498e-05 5.421393e+01 -1.289918e-02 9.999110e-01 -3.416129e-03 -2.193679e+00 5.076571e-05 3.417055e-03 9.999941e-01 4.050991e+01
9.998871e-01 -7.307612e-03 -1.312954e-02 5.486629e+01 7.315714e-03 9.999731e-01 5.690435e-04 -2.186720e+00 1.312506e-02 -6.650179e-04 9.999137e-01 3.952732e+01
9.999181e-01 1.244784e-02 2.964519e-03 5.557661e+01 -1.243895e-02 9.999181e-01 -2.997555e-03 -2.186675e+00 -3.001618e-03 2.960420e-03 9.999910e-01 3.878892e+01
9.998212e-01 -7.041769e-03 -1.755205e-02 5.619703e+01 7.054296e-03 9.999749e-01 6.517948e-04 -2.180553e+00 1.754705e-02 -7.754817e-04 9.998458e-01 3.778858e+01
9.998645e-01 1.173605e-02 1.154527e-02 5.676178e+01 -1.170721e-02 9.999282e-01 -2.562768e-03 -2.185961e+00 -1.157455e-02 2.427244e-03 9.999300e-01 3.750607e+01
9.998431e-01 -8.986490e-03 -1.526184e-02 5.727303e+01 9.012135e-03 9.999581e-01 1.612267e-03 -2.194686e+00 1.524674e-02 -1.749541e-03 9.998823e-01 3.743186e+01
9.998664e-01 1.095350e-02 1.212890e-02 5.749387e+01 -1.092922e-02 9.999381e-01 -2.066677e-03 -2.196160e+00 -1.215082e-02 1.933827e-03 9.999242e-01 3.738543e+01
9.998323e-01 -1.111944e-02 -1.455323e-02 5.736884e+01 1.116116e-02 9.999338e-01 2.788580e-03 -2.194885e+00 1.452129e-02 -2.950529e-03 9.998903e-01 3.752204e+01
9.998727e-01 1.045134e-02 1.205227e-02 5.715140e+01 -1.042858e-02 9.999437e-01 -1.950099e-03 -2.192984e+00 -1.207200e-02 1.824148e-03 9.999254e-01 3.771027e+01
9.998302e-01 -1.111594e-02 -1.469627e-02 5.694096e+01 1.115762e-02 9.999340e-01 2.756510e-03 -2.190652e+00 1.466469e-02 -2.920003e-03 9.998883e-01 3.788125e+01
9.998773e-01 1.147694e-02 1.065718e-02 5.693927e+01 -1.145476e-02 9.999321e-01 -2.140378e-03 -2.189651e+00 -1.068106e-02 2.018026e-03 9.999408e-01 3.792236e+01
9.998283e-01 -9.561598e-03 -1.587558e-02 5.724258e+01 9.596120e-03 9.999518e-01 2.099621e-03 -2.199363e+00 1.585477e-02 -2.251590e-03 9.998719e-01 3.799278e+01
9.998714e-01 9.910130e-03 1.261095e-02 5.727263e+01 -9.892197e-03 9.999500e-01 -1.483821e-03 -2.208045e+00 -1.262505e-02 1.358866e-03 9.999193e-01 3.831022e+01
9.997991e-01 -1.006268e-02 -1.733236e-02 5.722863e+01 1.010705e-02 9.999459e-01 2.474057e-03 -2.211657e+00 1.730655e-02 -2.648725e-03 9.998468e-01 3.848460e+01
9.998889e-01 9.451699e-03 1.152540e-02 5.707755e+01 -9.436498e-03 9.999545e-01 -1.372781e-03 -2.207997e+00 -1.153789e-02 1.263856e-03 9.999325e-01 3.848102e+01
9.997274e-01 -8.690849e-03 -2.166838e-02 5.722097e+01 8.745832e-03 9.999588e-01 2.443885e-03 -2.214031e+00 2.164628e-02 -2.632714e-03 9.997623e-01 3.834844e+01
9.999561e-01 3.464566e-03 8.704631e-03 5.568211e+01 -3.461572e-03 9.999939e-01 -3.592839e-04 -2.162024e+00 -8.705859e-03 3.291231e-04 9.999620e-01 3.795778e+01
9.997005e-01 -2.809264e-03 -2.431101e-02 5.569573e+01 2.845010e-03 9.999949e-01 1.435802e-03 -2.159815e+00 2.430689e-02 -1.504524e-03 9.997035e-01 3.756643e+01
9.999385e-01 7.033428e-03 8.574783e-03 5.660246e+01 -7.024557e-03 9.999748e-01 -1.064541e-03 -2.193207e+00 -8.582093e-03 1.004228e-03 9.999626e-01 3.745914e+01
9.998201e-01 -5.108323e-03 -1.826670e-02 5.694944e+01 5.132657e-03 9.999860e-01 1.285352e-03 -2.204181e+00 1.825992e-02 -1.378865e-03 9.998324e-01 3.738383e+01
9.999398e-01 6.455121e-03 8.868246e-03 5.721346e+01 -6.448031e-03 9.999789e-01 -8.282457e-04 -2.211908e+00 -8.873446e-03 7.709999e-04 9.999602e-01 3.728647e+01
9.997658e-01 -7.852924e-03 -2.016590e-02 5.671232e+01 7.892054e-03 9.999671e-01 1.861418e-03 -2.195064e+00 2.015066e-02 -2.020120e-03 9.997950e-01 3.705320e+01
9.999660e-01 5.917195e-03 5.739475e-03 5.611619e+01 -5.916862e-03 9.999825e-01 -7.550043e-05 -2.174623e+00 -5.739864e-03 4.152534e-05 9.999834e-01 3.667948e+01
9.997213e-01 -7.512843e-03 -2.238111e-02 5.551359e+01 7.556850e-03 9.999697e-01 1.882195e-03 -2.150555e+00 2.236634e-02 -2.050789e-03 9.997478e-01 3.613231e+01
9.999365e-01 6.525820e-03 9.191698e-03 5.520412e+01 -6.525263e-03 9.999787e-01 -9.091627e-05 -2.140039e+00 -9.192142e-03 3.091984e-05 9.999577e-01 3.582995e+01
9.997508e-01 -6.568101e-03 -2.133441e-02 5.517658e+01 6.601759e-03 9.999771e-01 1.507451e-03 -2.139939e+00 2.132407e-02 -1.647908e-03 9.997714e-01 3.559465e+01
9.999318e-01 6.952652e-03 9.386696e-03 5.518560e+01 -6.949617e-03 9.999758e-01 -3.562199e-04 -2.139994e+00 -9.388993e-03 2.909495e-04 9.999558e-01 3.534900e+01
9.998167e-01 -7.019636e-03 -1.781127e-02 5.512286e+01 7.047925e-03 9.999740e-01 1.525843e-03 -2.138984e+00 1.780014e-02 -1.651084e-03 9.998403e-01 3.526372e+01
9.999086e-01 6.773516e-03 1.169895e-02 5.509168e+01 -6.771609e-03 9.999771e-01 -2.028665e-04 -2.141319e+00 -1.170011e-02 1.236154e-04 9.999315e-01 3.531999e+01
9.998010e-01 -7.152065e-03 -1.862271e-02 5.503372e+01 7.182951e-03 9.999729e-01 1.591990e-03 -2.142385e+00 1.861087e-02 -1.725428e-03 9.998254e-01 3.532605e+01
9.999343e-01 8.435188e-03 7.760495e-03 5.528450e+01 -8.440081e-03 9.999642e-01 5.976368e-04 -2.161960e+00 -7.755226e-03 -6.631083e-04 9.999696e-01 3.555553e+01
9.998162e-01 -7.929923e-03 -1.745395e-02 5.543018e+01 7.954641e-03 9.999675e-01 1.347046e-03 -2.178763e+00 1.744275e-02 -1.485627e-03 9.998469e-01 3.584368e+01
9.999407e-01 9.046017e-03 6.059072e-03 5.570173e+01 -9.046643e-03 9.999591e-01 7.535175e-05 -2.190626e+00 -6.058195e-03 -1.301728e-04 9.999815e-01 3.574729e+01
9.998030e-01 -6.483157e-03 -1.875821e-02 5.627047e+01 6.497798e-03 9.999786e-01 7.195138e-04 -2.212970e+00 1.875320e-02 -8.412483e-04 9.998239e-01 3.568145e+01
9.999330e-01 8.689831e-03 7.644086e-03 5.677512e+01 -8.690162e-03 9.999622e-01 9.651012e-06 -2.231885e+00 -7.643768e-03 -7.608990e-05 9.999707e-01 3.561708e+01
9.997563e-01 -6.742270e-03 -2.101918e-02 5.703315e+01 6.753661e-03 9.999771e-01 4.708279e-04 -2.242878e+00 2.101558e-02 -6.126588e-04 9.997791e-01 3.557488e+01
9.998846e-01 7.572495e-03 1.316705e-02 5.714204e+01 -7.577485e-03 9.999712e-01 3.288532e-04 -2.247212e+00 -1.316424e-02 -4.285994e-04 9.999132e-01 3.556962e+01
9.998100e-01 -8.356489e-03 -1.761178e-02 5.693033e+01 8.369717e-03 9.999647e-01 6.773364e-04 -2.241761e+00 1.760556e-02 -8.246028e-04 9.998448e-01 3.561171e+01
9.999009e-01 6.968550e-03 1.223033e-02 5.661735e+01 -6.977170e-03 9.999754e-01 6.620061e-04 -2.232402e+00 -1.222548e-02 -7.472844e-04 9.999249e-01 3.563278e+01
9.997664e-01 -6.692615e-03 -2.055092e-02 5.661291e+01 6.703344e-03 9.999774e-01 4.530778e-04 -2.233350e+00 2.054749e-02 -5.907216e-04 9.997888e-01 3.557254e+01
9.999273e-01 7.872730e-03 9.135967e-03 5.685025e+01 -7.879314e-03 9.999687e-01 6.844271e-04 -2.242759e+00 -9.130352e-03 -7.563730e-04 9.999579e-01 3.545487e+01
9.997963e-01 -7.071288e-03 -1.890660e-02 5.698130e+01 7.073918e-03 9.999750e-01 7.206324e-05 -2.246340e+00 1.890568e-02 -2.057822e-04 9.998213e-01 3.528987e+01
9.999043e-01 5.897879e-03 1.251009e-02 5.665886e+01 -5.916619e-03 9.999814e-01 1.461234e-03 -2.237508e+00 -1.250130e-02 -1.535122e-03 9.999206e-01 3.528433e+01
9.998024e-01 -8.470885e-03 -1.798624e-02 5.612467e+01 8.474067e-03 9.999641e-01 1.005001e-04 -2.225482e+00 1.798480e-02 -2.528872e-04 9.998383e-01 3.540332e+01
9.998887e-01 5.716021e-03 1.377954e-02 5.554459e+01 -5.736181e-03 9.999825e-01 1.423739e-03 -2.216872e+00 -1.377122e-02 -1.502632e-03 9.999040e-01 3.567887e+01
9.997773e-01 -8.697571e-03 -1.922880e-02 5.489113e+01 8.700062e-03 9.999622e-01 4.571625e-05 -2.201399e+00 1.922773e-02 -2.129887e-04 9.998152e-01 3.580609e+01
9.998831e-01 6.154075e-03 1.399869e-02 5.435337e+01 -6.174181e-03 9.999800e-01 1.393281e-03 -2.188831e+00 -1.398989e-02 -1.479558e-03 9.999010e-01 3.593460e+01
9.997674e-01 -8.083276e-03 -1.999800e-02 5.391687e+01 8.088832e-03 9.999673e-01 1.967965e-04 -2.176400e+00 1.999582e-02 -3.585025e-04 9.998001e-01 3.595101e+01
9.998863e-01 6.728165e-03 1.349063e-02 5.357899e+01 -6.747733e-03 9.999762e-01 1.405226e-03 -2.166597e+00 -1.348092e-02 -1.496106e-03 9.999079e-01 3.593878e+01
9.997604e-01 -7.815788e-03 -2.044728e-02 5.334388e+01 7.821773e-03 9.999694e-01 2.125676e-04 -2.161879e+00 2.044506e-02 -3.724424e-04 9.997910e-01 3.594868e+01
9.998910e-01 7.636873e-03 1.263642e-02 5.330384e+01 -7.651859e-03 9.999701e-01 1.137742e-03 -2.163791e+00 -1.262742e-02 -1.234318e-03 9.999194e-01 3.594754e+01
9.997821e-01 -8.507161e-03 -1.906292e-02 5.309344e+01 8.507831e-03 9.999638e-01 -4.607321e-05 -2.158885e+00 1.906268e-02 -1.161129e-04 9.998184e-01 3.594425e+01
9.998643e-01 6.862619e-03 1.497559e-02 5.274714e+01 -6.881116e-03 9.999756e-01 1.183755e-03 -2.151476e+00 -1.496717e-02 -1.286651e-03 9.998871e-01 3.605662e+01
9.997774e-01 -8.774988e-03 -1.918678e-02 5.235761e+01 8.776595e-03 9.999615e-01 -5.780902e-07 -2.144208e+00 1.918611e-02 -1.678090e-04 9.998160e-01 3.621611e+01
9.998742e-01 7.364913e-03 1.404630e-02 5.207395e+01 -7.383227e-03 9.999720e-01 1.252175e-03 -2.137768e+00 -1.403675e-02 -1.355732e-03 9.999005e-01 3.627281e+01
9.997979e-01 -9.266024e-03 -1.783961e-02 5.165239e+01 9.263822e-03 9.999571e-01 -2.061757e-04 -2.129692e+00 1.784082e-02 4.087832e-05 9.998409e-01 3.643301e+01
9.998748e-01 7.239224e-03 1.407032e-02 5.124334e+01 -7.260454e-03 9.999726e-01 1.458148e-03 -2.123901e+00 -1.405945e-02 -1.560130e-03 9.998999e-01 3.665082e+01
9.997870e-01 -9.620931e-03 -1.826130e-02 5.073099e+01 9.618708e-03 9.999537e-01 -2.096982e-04 -2.115108e+00 1.826254e-02 3.401025e-05 9.998333e-01 3.685700e+01
9.998654e-01 7.831482e-03 1.441681e-02 5.035805e+01 -7.851681e-03 9.999683e-01 1.344794e-03 -2.108579e+00 -1.440589e-02 -1.457817e-03 9.998951e-01 3.702127e+01
9.997568e-01 -9.374920e-03 -1.995954e-02 5.010374e+01 9.376531e-03 9.999560e-01 -1.300974e-05 -2.105693e+00 1.995885e-02 -1.741382e-04 9.998009e-01 3.712548e+01
9.998938e-01 8.169863e-03 1.207024e-02 4.984004e+01 -8.190546e-03 9.999651e-01 1.664865e-03 -2.102122e+00 -1.205629e-02 -1.763557e-03 9.999257e-01 3.711893e+01
9.997721e-01 -1.094862e-02 -1.832691e-02 4.926504e+01 1.094775e-02 9.999401e-01 -1.483146e-04 -2.091760e+00 1.832750e-02 -5.235159e-05 9.998321e-01 3.724625e+01
9.999176e-01 8.860541e-03 9.285022e-03 4.892516e+01 -8.885105e-03 9.999571e-01 2.607369e-03 -2.091292e+00 -9.261590e-03 -2.689659e-03 9.999534e-01 3.732537e+01
9.997642e-01 -9.781116e-03 -1.938623e-02 4.882259e+01 9.777875e-03 9.999522e-01 -2.620997e-04 -2.101086e+00 1.938793e-02 7.248720e-05 9.998121e-01 3.752207e+01
9.999300e-01 9.133028e-03 7.518973e-03 4.877326e+01 -9.154002e-03 9.999543e-01 2.759480e-03 -2.107727e+00 -7.493498e-03 -2.828121e-03 9.999678e-01 3.751948e+01
9.997432e-01 -9.783236e-03 -2.044331e-02 4.866462e+01 9.778577e-03 9.999521e-01 -3.279542e-04 -2.111208e+00 2.044561e-02 1.279683e-04 9.997910e-01 3.741832e+01
9.999035e-01 8.496777e-03 1.099207e-02 4.850228e+01 -8.528160e-03 9.999597e-01 2.811102e-03 -2.120861e+00 -1.096781e-02 -2.904578e-03 9.999355e-01 3.766095e+01
9.997649e-01 -1.005053e-02 -1.921195e-02 4.829500e+01 1.004175e-02 9.999494e-01 -5.538902e-04 -2.126733e+00 1.921661e-02 3.608428e-04 9.998154e-01 3.785321e+01
9.999061e-01 8.730911e-03 1.055609e-02 4.811136e+01 -8.762984e-03 9.999571e-01 2.995680e-03 -2.134163e+00 -1.052955e-02 -3.087906e-03 9.999397e-01 3.804374e+01
9.997896e-01 -1.027435e-02 -1.775329e-02 4.786661e+01 1.026219e-02 9.999470e-01 -7.758033e-04 -2.139387e+00 1.776039e-02 5.934561e-04 9.998422e-01 3.827249e+01
9.999040e-01 9.341071e-03 1.022887e-02 4.774647e+01 -9.373217e-03 9.999513e-01 3.099087e-03 -2.146538e+00 -1.019950e-02 -3.194671e-03 9.999428e-01 3.843950e+01
9.998198e-01 -1.040235e-02 -1.588217e-02 4.760262e+01 1.038405e-02 9.999453e-01 -1.234816e-03 -2.154563e+00 1.589422e-02 1.069676e-03 9.998732e-01 3.874023e+01
9.999331e-01 8.885256e-03 7.402373e-03 4.723768e+01 -8.909228e-03 9.999552e-01 3.211649e-03 -2.145147e+00 -7.373580e-03 -3.277388e-03 9.999674e-01 3.862838e+01
9.998516e-01 -1.085607e-02 -1.337618e-02 4.680635e+01 1.083802e-02 9.999403e-01 -1.421577e-03 -2.136612e+00 1.339089e-02 1.276398e-03 9.999096e-01 3.868164e+01
9.999205e-01 8.433349e-03 9.375125e-03 4.629625e+01 -8.461917e-03 9.999597e-01 3.011629e-03 -2.131370e+00 -9.349425e-03 -3.090724e-03 9.999514e-01 3.897429e+01
9.998352e-01 -1.098805e-02 -1.445147e-02 4.575681e+01 1.096957e-02 9.999389e-01 -1.357306e-03 -2.122719e+00 1.446557e-02 1.198558e-03 9.998947e-01 3.915503e+01
9.999188e-01 9.766430e-03 8.185779e-03 4.557799e+01 -9.796379e-03 9.999454e-01 3.626364e-03 -2.133868e+00 -8.149992e-03 -3.706264e-03 9.999598e-01 3.954995e+01
9.997863e-01 -9.529600e-03 -1.834364e-02 4.569234e+01 9.508983e-03 9.999541e-01 -1.210907e-03 -2.154737e+00 1.835441e-02 1.036221e-03 9.998311e-01 3.989668e+01
9.998870e-01 8.683445e-03 1.227348e-02 4.554709e+01 -8.725674e-03 9.999562e-01 3.391225e-03 -2.163296e+00 -1.224357e-02 -3.497938e-03 9.999188e-01 4.016419e+01
9.997850e-01 -9.296037e-03 -1.853600e-02 4.540507e+01 9.271119e-03 9.999560e-01 -1.429827e-03 -2.171219e+00 1.854855e-02 1.257672e-03 9.998273e-01 4.041232e+01
9.998964e-01 8.252609e-03 1.179571e-02 4.513728e+01 -8.294247e-03 9.999595e-01 3.485299e-03 -2.171230e+00 -1.176655e-02 -3.582776e-03 9.999243e-01 4.052357e+01
9.998357e-01 -9.045748e-03 -1.570800e-02 4.498221e+01 9.015713e-03 9.999574e-01 -1.981946e-03 -2.175235e+00 1.572534e-02 1.840003e-03 9.998747e-01 4.076506e+01
9.998673e-01 9.041581e-03 1.355129e-02 4.494889e+01 -9.078907e-03 9.999552e-01 2.695441e-03 -2.179002e+00 -1.352639e-02 -2.818116e-03 9.999045e-01 4.099220e+01
9.998149e-01 -1.038639e-02 -1.619502e-02 4.466120e+01 1.036160e-02 9.999450e-01 -1.614026e-03 -2.176327e+00 1.621097e-02 1.445921e-03 9.998676e-01 4.121406e+01
9.998678e-01 8.952106e-03 1.357208e-02 4.433860e+01 -8.992247e-03 9.999554e-01 2.899428e-03 -2.173757e+00 -1.354560e-02 -3.021090e-03 9.999036e-01 4.146796e+01
9.998191e-01 -9.916764e-03 -1.623223e-02 4.413906e+01 9.888778e-03 9.999495e-01 -1.803514e-03 -2.172462e+00 1.624938e-02 1.642671e-03 9.998667e-01 4.164885e+01
9.998540e-01 9.340346e-03 1.430460e-02 4.402771e+01 -9.381136e-03 9.999521e-01 2.787092e-03 -2.174124e+00 -1.427796e-02 -2.920880e-03 9.998937e-01 4.185399e+01
9.998353e-01 -9.807556e-03 -1.527222e-02 4.393661e+01 9.781012e-03 9.999505e-01 -1.811750e-03 -2.181535e+00 1.528931e-02 1.662074e-03 9.998818e-01 4.223856e+01
9.998834e-01 7.978970e-03 1.301828e-02 4.358421e+01 -8.023632e-03 9.999621e-01 3.382023e-03 -2.185121e+00 -1.299088e-02 -3.486084e-03 9.999095e-01 4.269056e+01
9.997597e-01 -9.803606e-03 -1.960956e-02 4.324437e+01 9.780302e-03 9.999513e-01 -1.283966e-03 -2.187295e+00 1.962127e-02 1.091870e-03 9.998070e-01 4.294822e+01
9.999275e-01 9.170638e-03 7.795293e-03 4.310732e+01 -9.200458e-03 9.999505e-01 3.798148e-03 -2.193684e+00 -7.760156e-03 -3.869594e-03 9.999623e-01 4.304065e+01
9.998068e-01 -9.928598e-03 -1.696621e-02 4.291743e+01 9.890466e-03 9.999484e-01 -2.329959e-03 -2.189572e+00 1.698855e-02 2.161704e-03 9.998534e-01 4.290897e+01
9.999375e-01 8.607374e-03 7.133218e-03 4.261449e+01 -8.637414e-03 9.999539e-01 4.191140e-03 -2.183071e+00 -7.096896e-03 -4.252491e-03 9.999657e-01 4.274063e+01
9.997794e-01 -9.428078e-03 -1.877130e-02 4.237789e+01 9.392046e-03 9.999539e-01 -2.006752e-03 -2.180493e+00 1.878944e-02 1.830008e-03 9.998219e-01 4.266661e+01
9.999308e-01 7.632570e-03 8.953127e-03 4.199171e+01 -7.669438e-03 9.999622e-01 4.090835e-03 -2.172082e+00 -8.921648e-03 -4.159217e-03 9.999515e-01 4.258338e+01
9.997845e-01 -1.015861e-02 -1.810608e-02 4.134084e+01 1.012124e-02 9.999465e-01 -2.154351e-03 -2.149952e+00 1.812708e-02 1.970630e-03 9.998338e-01 4.230278e+01
9.998832e-01 7.864543e-03 1.309927e-02 4.081349e+01 -7.914541e-03 9.999616e-01 3.769492e-03 -2.137115e+00 -1.306920e-02 -3.872726e-03 9.999070e-01 4.232431e+01
9.998356e-01 -9.283266e-03 -1.557872e-02 4.053340e+01 9.246157e-03 9.999542e-01 -2.452318e-03 -2.136118e+00 1.560085e-02 2.307869e-03 9.998757e-01 4.257256e+01
9.998960e-01 9.041197e-03 1.123539e-02 4.050243e+01 -9.085184e-03 9.999512e-01 3.870247e-03 -2.141494e+00 -1.119993e-02 -3.971919e-03 9.999293e-01 4.273845e+01
9.998488e-01 -9.991118e-03 -1.423476e-02 4.032134e+01 9.954306e-03 9.999469e-01 -2.654510e-03 -2.144320e+00 1.426061e-02 2.512409e-03 9.998952e-01 4.300475e+01
9.999074e-01 7.820429e-03 1.113658e-02 3.983772e+01 -7.862439e-03 9.999621e-01 3.733626e-03 -2.137078e+00 -1.110705e-02 -3.820839e-03 9.999309e-01 4.321114e+01
9.998394e-01 -9.997580e-03 -1.487615e-02 3.936975e+01 9.960004e-03 9.999470e-01 -2.597787e-03 -2.128411e+00 1.490142e-02 2.449201e-03 9.998860e-01 4.335658e+01
9.999284e-01 7.787957e-03 9.078045e-03 3.891308e+01 -7.825505e-03 9.999609e-01 4.108077e-03 -2.119327e+00 -9.045782e-03 -4.178822e-03 9.999503e-01 4.339144e+01
9.998060e-01 -9.841775e-03 -1.706243e-02 3.847150e+01 9.804852e-03 9.999494e-01 -2.246189e-03 -2.109111e+00 1.708376e-02 2.078456e-03 9.998520e-01 4.331350e+01
9.999234e-01 8.173694e-03 9.289078e-03 3.800489e+01 -8.210544e-03 9.999585e-01 3.935989e-03 -2.093987e+00 -9.256607e-03 -4.011954e-03 9.999490e-01 4.315611e+01
9.998208e-01 -9.621887e-03 -1.630153e-02 3.760409e+01 9.583824e-03 9.999512e-01 -2.411319e-03 -2.081049e+00 1.632402e-02 2.254652e-03 9.998643e-01 4.301665e+01
9.999239e-01 8.518577e-03 8.921490e-03 3.724998e+01 -8.552643e-03 9.999563e-01 3.787426e-03 -2.067523e+00 -8.888922e-03 -3.863438e-03 9.999530e-01 4.282866e+01
9.997975e-01 -9.872465e-03 -1.753716e-02 3.680040e+01 9.831987e-03 9.999488e-01 -2.392755e-03 -2.048386e+00 1.755997e-02 2.219842e-03 9.998434e-01 4.252204e+01
9.999068e-01 9.360983e-03 9.939912e-03 3.666173e+01 -9.395763e-03 9.999499e-01 3.458292e-03 -2.039832e+00 -9.907128e-03 -3.551360e-03 9.999445e-01 4.227060e+01
9.997961e-01 -1.021076e-02 -1.742481e-02 3.633327e+01 1.017393e-02 9.999458e-01 -2.200705e-03 -2.025588e+00 1.744643e-02 2.022973e-03 9.998458e-01 4.206506e+01
9.999422e-01 8.440320e-03 6.652956e-03 3.567578e+01 -8.466344e-03 9.999566e-01 3.893483e-03 -1.997017e+00 -6.619893e-03 -3.949581e-03 9.999702e-01 4.162285e+01
9.998054e-01 -8.926518e-03 -1.759562e-02 3.547738e+01 8.883240e-03 9.999573e-01 -2.536100e-03 -1.986720e+00 1.761759e-02 2.379296e-03 9.998420e-01 4.125486e+01
9.999375e-01 7.797505e-03 8.004158e-03 3.509873e+01 -7.833775e-03 9.999591e-01 4.510345e-03 -1.973159e+00 -7.968750e-03 -4.572763e-03 9.999577e-01 4.103847e+01
9.997970e-01 -9.278921e-03 -1.788688e-02 3.451937e+01 9.231515e-03 9.999537e-01 -2.730936e-03 -1.950595e+00 1.791148e-02 2.565254e-03 9.998364e-01 4.074039e+01
9.999452e-01 7.757378e-03 7.020073e-03 3.389473e+01 -7.787878e-03 9.999603e-01 4.328121e-03 -1.922189e+00 -6.986310e-03 -4.382551e-03 9.999659e-01 4.027588e+01
9.996869e-01 -9.697516e-03 -2.306638e-02 3.309449e+01 9.641623e-03 9.999503e-01 -2.532998e-03 -1.882990e+00 2.308989e-02 2.309803e-03 9.997308e-01 3.942109e+01
9.999495e-01 7.853842e-03 6.263444e-03 3.253863e+01 -7.883522e-03 9.999577e-01 4.728526e-03 -1.857774e+00 -6.226133e-03 -4.777661e-03 9.999691e-01 3.868741e+01
9.997362e-01 -1.047876e-02 -2.044217e-02 3.173610e+01 1.043169e-02 9.999427e-01 -2.407576e-03 -1.829960e+00 2.046632e-02 2.193688e-03 9.997882e-01 3.821737e+01
9.998609e-01 7.217647e-03 1.503167e-02 3.106469e+01 -7.280145e-03 9.999651e-01 4.107442e-03 -1.818440e+00 -1.500159e-02 -4.216299e-03 9.998785e-01 3.840534e+01
9.997851e-01 -9.671329e-03 -1.834001e-02 3.054811e+01 9.627798e-03 9.999506e-01 -2.460152e-03 -1.814701e+00 1.836299e-02 2.283043e-03 9.998288e-01 3.878175e+01
9.999051e-01 7.059734e-03 1.182867e-02 3.009566e+01 -7.111947e-03 9.999651e-01 4.378160e-03 -1.806738e+00 -1.179744e-02 -4.461864e-03 9.999204e-01 3.886028e+01
9.997734e-01 -7.522287e-03 -1.991514e-02 3.001264e+01 7.468048e-03 9.999682e-01 -2.796282e-03 -1.805880e+00 1.993564e-02 2.646915e-03 9.997978e-01 3.877338e+01
9.998794e-01 6.597818e-03 1.405949e-02 2.985688e+01 -6.658669e-03 9.999686e-01 4.286011e-03 -1.802517e+00 -1.403087e-02 -4.379106e-03 9.998919e-01 3.876392e+01
9.997577e-01 -6.690329e-03 -2.097174e-02 2.981306e+01 6.627470e-03 9.999733e-01 -3.065218e-03 -1.802803e+00 2.099178e-02 2.925480e-03 9.997754e-01 3.875415e+01
9.998791e-01 4.645066e-03 1.483911e-02 2.930347e+01 -4.707910e-03 9.999801e-01 4.203244e-03 -1.787594e+00 -1.481938e-02 -4.272591e-03 9.998810e-01 3.870971e+01
9.997723e-01 -6.869245e-03 -2.020227e-02 2.880826e+01 6.809690e-03 9.999723e-01 -3.015039e-03 -1.775347e+00 2.022252e-02 2.876775e-03 9.997914e-01 3.875049e+01
9.998903e-01 4.460360e-03 1.412033e-02 2.836121e+01 -4.526074e-03 9.999791e-01 4.625667e-03 -1.767710e+00 -1.409950e-02 -4.689063e-03 9.998895e-01 3.881832e+01
9.997906e-01 -6.475054e-03 -1.941328e-02 2.795778e+01 6.416142e-03 9.999746e-01 -3.095152e-03 -1.763688e+00 1.943292e-02 2.969938e-03 9.998068e-01 3.898697e+01
9.999262e-01 1.673373e-03 1.203302e-02 2.688259e+01 -1.730193e-03 9.999874e-01 4.713606e-03 -1.735272e+00 -1.202508e-02 -4.734070e-03 9.999164e-01 3.898017e+01
9.997753e-01 -6.563040e-03 -2.015742e-02 2.574648e+01 6.503408e-03 9.999743e-01 -3.022189e-03 -1.703497e+00 2.017683e-02 2.890410e-03 9.997923e-01 3.891665e+01
9.998985e-01 3.253603e-03 1.386762e-02 2.500978e+01 -3.315409e-03 9.999847e-01 4.436622e-03 -1.682606e+00 -1.385306e-02 -4.482141e-03 9.998939e-01 3.888851e+01
9.998044e-01 -5.190685e-03 -1.908805e-02 2.458244e+01 5.130584e-03 9.999817e-01 -3.195945e-03 -1.671738e+00 1.910439e-02 3.097379e-03 9.998128e-01 3.889989e+01
9.999301e-01 1.649028e-03 1.170909e-02 2.373155e+01 -1.704770e-03 9.999873e-01 4.752676e-03 -1.646293e+00 -1.170120e-02 -4.772297e-03 9.999201e-01 3.880146e+01
9.998308e-01 -4.173276e-03 -1.791593e-02 2.318507e+01 4.118239e-03 9.999867e-01 -3.107405e-03 -1.631548e+00 1.792875e-02 3.033089e-03 9.998347e-01 3.875549e+01
9.999016e-01 2.541145e-03 1.379222e-02 2.286504e+01 -2.605187e-03 9.999859e-01 4.627849e-03 -1.627858e+00 -1.378036e-02 -4.663316e-03 9.998941e-01 3.890326e+01
9.997860e-01 -3.694155e-03 -2.035619e-02 2.267666e+01 3.636685e-03 9.999893e-01 -2.859221e-03 -1.626486e+00 2.036663e-02 2.784571e-03 9.997888e-01 3.891424e+01
9.998970e-01 2.509757e-03 1.413068e-02 2.248378e+01 -2.573663e-03 9.999865e-01 4.506572e-03 -1.624392e+00 -1.411928e-02 -4.542467e-03 9.998899e-01 3.891458e+01
9.997783e-01 -3.744093e-03 -2.072106e-02 2.218450e+01 3.685563e-03 9.999891e-01 -2.861787e-03 -1.616482e+00 2.073165e-02 2.784774e-03 9.997813e-01 3.883839e+01
9.998955e-01 2.429373e-03 1.425109e-02 2.182912e+01 -2.491663e-03 9.999874e-01 4.355233e-03 -1.605727e+00 -1.424042e-02 -4.390278e-03 9.998889e-01 3.872052e+01
9.997535e-01 -2.948618e-03 -2.200575e-02 2.176587e+01 2.877907e-03 9.999906e-01 -3.243963e-03 -1.604395e+00 2.201521e-02 3.179823e-03 9.997526e-01 3.853795e+01
9.998968e-01 1.738078e-03 1.425468e-02 2.155362e+01 -1.802578e-03 9.999882e-01 4.513699e-03 -1.599570e+00 -1.424676e-02 -4.538920e-03 9.998881e-01 3.839355e+01
9.997638e-01 -3.419317e-03 -2.146405e-02 2.113978e+01 3.354421e-03 9.999897e-01 -3.058364e-03 -1.587993e+00 2.147438e-02 2.985632e-03 9.997650e-01 3.827342e+01
9.998875e-01 1.281083e-03 1.494476e-02 2.060320e+01 -1.346508e-03 9.999895e-01 4.369064e-03 -1.571942e+00 -1.493910e-02 -4.388687e-03 9.998787e-01 3.819678e+01
9.997238e-01 -4.856945e-03 -2.299481e-02 1.970907e+01 4.794792e-03 9.999847e-01 -2.756945e-03 -1.543660e+00 2.300795e-02 2.645918e-03 9.997318e-01 3.806335e+01
9.998594e-01 4.130338e-03 1.624829e-02 1.956961e+01 -4.190847e-03 9.999844e-01 3.692200e-03 -1.538045e+00 -1.623288e-02 -3.759766e-03 9.998611e-01 3.789105e+01
9.996007e-01 -5.060501e-03 -2.780137e-02 1.931747e+01 4.991394e-03 9.999843e-01 -2.554293e-03 -1.523563e+00 2.781396e-02 2.414495e-03 9.996103e-01 3.737869e+01
9.998757e-01 2.970114e-03 1.547861e-02 1.865150e+01 -3.034182e-03 9.999869e-01 4.117787e-03 -1.495218e+00 -1.546627e-02 -4.164231e-03 9.998717e-01 3.685243e+01
9.995348e-01 -4.940410e-03 -3.009761e-02 1.807735e+01 4.870515e-03 9.999853e-01 -2.394888e-03 -1.468933e+00 3.010909e-02 2.247172e-03 9.995442e-01 3.619416e+01
9.998578e-01 3.610079e-03 1.647160e-02 1.774334e+01 -3.674297e-03 9.999858e-01 3.870626e-03 -1.453259e+00 -1.645749e-02 -3.930587e-03 9.998568e-01 3.565643e+01
9.996238e-01 -4.870305e-03 -2.699147e-02 1.734540e+01 4.794281e-03 9.999844e-01 -2.880261e-03 -1.433380e+00 2.700518e-02 2.749762e-03 9.996316e-01 3.518411e+01
9.998612e-01 4.762717e-03 1.596409e-02 1.741626e+01 -4.818175e-03 9.999825e-01 3.437785e-03 -1.430606e+00 -1.594754e-02 -3.514216e-03 9.998666e-01 3.470128e+01
9.996969e-01 -5.215309e-03 -2.406414e-02 1.731950e+01 5.149113e-03 9.999828e-01 -2.811582e-03 -1.425183e+00 2.407849e-02 2.686810e-03 9.997065e-01 3.443196e+01
9.998632e-01 5.519264e-03 1.558815e-02 1.738644e+01 -5.572020e-03 9.999789e-01 3.343561e-03 -1.425305e+00 -1.556947e-02 -3.429951e-03 9.998728e-01 3.421981e+01
9.997195e-01 -4.819881e-03 -2.318807e-02 1.748947e+01 4.751018e-03 9.999841e-01 -3.023575e-03 -1.427736e+00 2.320238e-02 2.912549e-03 9.997266e-01 3.412187e+01
9.998722e-01 5.687936e-03 1.493706e-02 1.771313e+01 -5.747615e-03 9.999757e-01 3.956073e-03 -1.439020e+00 -1.491430e-02 -4.041410e-03 9.998806e-01 3.413285e+01
9.996981e-01 -3.849467e-03 -2.426762e-02 1.818973e+01 3.763117e-03 9.999864e-01 -3.602540e-03 -1.456340e+00 2.428126e-02 3.510120e-03 9.996991e-01 3.402479e+01
9.999014e-01 5.815278e-03 1.277813e-02 1.876113e+01 -5.865552e-03 9.999752e-01 3.901150e-03 -1.473056e+00 -1.275523e-02 -3.975706e-03 9.999107e-01 3.370720e+01
9.997014e-01 -4.940993e-03 -2.393265e-02 1.905197e+01 4.867066e-03 9.999832e-01 -3.145845e-03 -1.483094e+00 2.394789e-02 3.028414e-03 9.997087e-01 3.343416e+01
9.998697e-01 4.998863e-03 1.534682e-02 1.911277e+01 -5.060870e-03 9.999792e-01 4.004777e-03 -1.488918e+00 -1.532658e-02 -4.081914e-03 9.998742e-01 3.334435e+01
9.996799e-01 -5.884930e-03 -2.460634e-02 1.891935e+01 5.811980e-03 9.999785e-01 -3.034791e-03 -1.486070e+00 2.462377e-02 2.890797e-03 9.996927e-01 3.320316e+01
9.998959e-01 3.941214e-03 1.387761e-02 1.841932e+01 -4.000916e-03 9.999828e-01 4.277554e-03 -1.471267e+00 -1.386061e-02 -4.332622e-03 9.998945e-01 3.296218e+01
9.996932e-01 -4.251388e-03 -2.440226e-02 1.837011e+01 4.167545e-03 9.999852e-01 -3.485313e-03 -1.469681e+00 2.441681e-02 3.382536e-03 9.996962e-01 3.268721e+01
9.998928e-01 6.539778e-03 1.309746e-02 1.901426e+01 -6.583118e-03 9.999730e-01 3.269327e-03 -1.486392e+00 -1.307583e-02 -3.355189e-03 9.999088e-01 3.230882e+01
9.997238e-01 -5.192755e-03 -2.292359e-02 1.945484e+01 5.131128e-03 9.999831e-01 -2.745958e-03 -1.502247e+00 2.293756e-02 2.627565e-03 9.997335e-01 3.213727e+01
9.998678e-01 5.953264e-03 1.512661e-02 1.970759e+01 -6.008837e-03 9.999754e-01 3.631704e-03 -1.516009e+00 -1.510471e-02 -3.722108e-03 9.998789e-01 3.216075e+01
9.997091e-01 -5.972614e-03 -2.337149e-02 1.982248e+01 5.907732e-03 9.999785e-01 -2.843748e-03 -1.520848e+00 2.338807e-02 2.704838e-03 9.997229e-01 3.198192e+01
9.999060e-01 6.639602e-03 1.199332e-02 2.015291e+01 -6.682332e-03 9.999715e-01 3.527083e-03 -1.530882e+00 -1.196966e-02 -3.606885e-03 9.999218e-01 3.164710e+01
9.996828e-01 -5.712457e-03 -2.453184e-02 2.052441e+01 5.640191e-03 9.999796e-01 -3.013583e-03 -1.542246e+00 2.454866e-02 2.874253e-03 9.996946e-01 3.126916e+01
9.998789e-01 5.550861e-03 1.453237e-02 2.048990e+01 -5.612083e-03 9.999755e-01 4.176080e-03 -1.543879e+00 -1.450894e-02 -4.257123e-03 9.998856e-01 3.112678e+01
9.997087e-01 -7.338949e-03 -2.299339e-02 2.002300e+01 7.269938e-03 9.999688e-01 -3.083042e-03 -1.530092e+00 2.301540e-02 2.914973e-03 9.997309e-01 3.099151e+01
9.998914e-01 4.474567e-03 1.404088e-02 1.926167e+01 -4.536715e-03 9.999800e-01 4.398234e-03 -1.505160e+00 -1.402102e-02 -4.461446e-03 9.998917e-01 3.078409e+01
9.997167e-01 -7.481059e-03 -2.259972e-02 1.845155e+01 7.409913e-03 9.999673e-01 -3.229726e-03 -1.478893e+00 2.262324e-02 3.061338e-03 9.997394e-01 3.058830e+01
9.998950e-01 6.211116e-03 1.308702e-02 1.815621e+01 -6.268084e-03 9.999710e-01 4.317350e-03 -1.470722e+00 -1.305992e-02 -4.398918e-03 9.999050e-01 3.037560e+01
9.996305e-01 -5.260365e-03 -2.667157e-02 1.837471e+01 5.182385e-03 9.999821e-01 -2.991609e-03 -1.480220e+00 2.668692e-02 2.852270e-03 9.996398e-01 3.013570e+01
9.998967e-01 4.912776e-03 1.350376e-02 1.828295e+01 -4.975512e-03 9.999770e-01 4.616983e-03 -1.480565e+00 -1.348087e-02 -4.683685e-03 9.998981e-01 2.988918e+01
9.995400e-01 -5.075545e-03 -2.990156e-02 1.823423e+01 4.997075e-03 9.999839e-01 -2.698033e-03 -1.482067e+00 2.991487e-02 2.547361e-03 9.995493e-01 2.952610e+01
9.998821e-01 5.382819e-03 1.437900e-02 1.835534e+01 -5.446254e-03 9.999756e-01 4.376937e-03 -1.486871e+00 -1.435519e-02 -4.454723e-03 9.998870e-01 2.913331e+01
9.996005e-01 -4.126068e-03 -2.796179e-02 1.868833e+01 4.035179e-03 9.999864e-01 -3.305699e-03 -1.499674e+00 2.797515e-02 3.191537e-03 9.996036e-01 2.886182e+01
9.998433e-01 5.417094e-03 1.684930e-02 1.900972e+01 -5.489726e-03 9.999758e-01 4.268094e-03 -1.513048e+00 -1.682587e-02 -4.359914e-03 9.998489e-01 2.873917e+01
9.993890e-01 -3.742963e-03 -3.475110e-02 1.945005e+01 3.638385e-03 9.999887e-01 -3.071767e-03 -1.526764e+00 3.476230e-02 2.943442e-03 9.993913e-01 2.821819e+01
9.997907e-01 5.470801e-03 1.971004e-02 1.990323e+01 -5.550026e-03 9.999767e-01 3.967660e-03 -1.542041e+00 -1.968797e-02 -4.076211e-03 9.997978e-01 2.786260e+01
9.994008e-01 -3.077095e-03 -3.447628e-02 2.048232e+01 2.961694e-03 9.999898e-01 -3.397502e-03 -1.561886e+00 3.448648e-02 3.293348e-03 9.993998e-01 2.754124e+01
9.997572e-01 4.864141e-03 2.148870e-02 2.094645e+01 -4.952980e-03 9.999794e-01 4.083453e-03 -1.578557e+00 -2.146850e-02 -4.188886e-03 9.997607e-01 2.729072e+01
9.992106e-01 -9.627960e-04 -3.971545e-02 2.187608e+01 7.996616e-04 9.999912e-01 -4.122975e-03 -1.608555e+00 3.971916e-02 4.087952e-03 9.992026e-01 2.686795e+01
9.997388e-01 3.668073e-03 2.255527e-02 2.252595e+01 -3.780138e-03 9.999807e-01 4.928320e-03 -1.630294e+00 -2.253686e-02 -5.012287e-03 9.997334e-01 2.644920e+01
9.993548e-01 -1.696449e-03 -3.587828e-02 2.302317e+01 1.534691e-03 9.999885e-01 -4.535251e-03 -1.644665e+00 3.588566e-02 4.477254e-03 9.993459e-01 2.605427e+01
9.996871e-01 4.303835e-03 2.463759e-02 2.362789e+01 -4.406027e-03 9.999819e-01 4.095453e-03 -1.657304e+00 -2.461961e-02 -4.202718e-03 9.996880e-01 2.560787e+01
9.993171e-01 -1.901748e-03 -3.690350e-02 2.419267e+01 1.746638e-03 9.999895e-01 -4.234628e-03 -1.672089e+00 3.691126e-02 4.167270e-03 9.993099e-01 2.523050e+01
