9.999402e-01 2.505118e-03 1.064775e-02 -7.156021e-01 -2.570642e-03 9.999778e-01 6.144587e-03 -2.201802e-02 -1.063212e-02 -6.171592e-03 9.999245e-01 1.455857e+00
9.999854e-01 3.546267e-03 4.081397e-03 -6.895343e-01 -3.557393e-03 9.999900e-01 2.722095e-03 -8.333559e-02 -4.071700e-03 -2.736572e-03 9.999879e-01 3.581279e+00
9.999975e-01 1.432959e-03 -1.717029e-03 -1.945262e-01 -1.430969e-03 9.999983e-01 1.159277e-03 -1.324922e-01 1.718684e-03 -1.156819e-03 9.999980e-01 4.711544e+00
9.999079e-01 2.338990e-03 1.336774e-02 -4.378148e-01 -2.427882e-03 9.999750e-01 6.637378e-03 -1.750157e-01 -1.335188e-02 -6.669219e-03 9.998885e-01 6.442004e+00
9.999988e-01 1.487318e-03 4.827568e-04 -8.315319e-01 -1.488067e-03 9.999977e-01 1.555770e-03 -2.173303e-01 -4.804471e-04 -1.556490e-03 9.999988e-01 8.274268e+00
9.999853e-01 2.415627e-04 5.408983e-03 -1.113727e+00 -2.486103e-04 9.999991e-01 1.302290e-03 -2.288907e-01 -5.408658e-03 -1.303612e-03 9.999844e-01 8.852341e+00
9.999995e-01 7.208523e-04 7.457780e-04 -1.539538e+00 -7.220109e-04 9.999985e-01 1.554598e-03 -2.343545e-01 -7.446628e-04 -1.555140e-03 9.999986e-01 9.395877e+00
9.999732e-01 3.959869e-04 7.317012e-03 -2.133838e+00 -4.116080e-04 9.999976e-01 2.133491e-03 -2.398265e-01 -7.316143e-03 -2.136440e-03 9.999709e-01 1.014748e+01
9.999974e-01 1.666360e-03 1.575283e-03 -2.755661e+00 -1.671451e-03 9.999934e-01 3.236417e-03 -2.597116e-01 -1.569888e-03 -3.239047e-03 9.999936e-01 1.143064e+01
9.999660e-01 1.172880e-04 8.242768e-03 -3.321258e+00 -1.312321e-04 9.999986e-01 1.691130e-03 -2.774630e-01 -8.242548e-03 -1.692149e-03 9.999645e-01 1.259156e+01
9.999959e-01 9.809033e-04 -2.686699e-03 -3.648092e+00 -9.785223e-04 9.999991e-01 8.872709e-04 -2.859542e-01 2.687557e-03 -8.846446e-04 9.999961e-01 1.314550e+01
9.999815e-01 -1.353865e-04 6.076886e-03 -3.858170e+00 1.293267e-04 9.999995e-01 9.975180e-04 -2.888224e-01 -6.077008e-03 -9.967072e-04 9.999809e-01 1.329477e+01
9.999995e-01 3.618567e-04 -8.865213e-04 -4.337324e+00 -3.614023e-04 9.999998e-01 5.122301e-04 -2.766635e-01 8.866959e-04 -5.119161e-04 9.999996e-01 1.315106e+01
9.999579e-01 9.401050e-04 9.133100e-03 -4.889639e+00 -9.670704e-04 9.999952e-01 2.948490e-03 -2.808367e-01 -9.130273e-03 -2.957191e-03 9.999538e-01 1.383614e+01
9.999987e-01 -3.215151e-04 -1.599897e-03 -5.449302e+00 3.215414e-04 9.999999e-01 1.594260e-05 -2.817343e-01 1.599880e-03 -1.646426e-05 9.999988e-01 1.441517e+01
9.999587e-01 2.670967e-03 8.686733e-03 -5.666725e+00 -2.710086e-03 9.999862e-01 4.494573e-03 -3.054331e-01 -8.674596e-03 -4.517922e-03 9.999521e-01 1.545049e+01
9.999958e-01 -5.449119e-04 -2.843878e-03 -5.865471e+00 5.436485e-04 9.999998e-01 -4.451895e-04 -3.268050e-01 2.844107e-03 4.436334e-04 9.999960e-01 1.638986e+01
9.999759e-01 2.386583e-03 6.526867e-03 -5.945120e+00 -2.408721e-03 9.999914e-01 3.385899e-03 -3.455118e-01 -6.518717e-03 -3.401530e-03 9.999729e-01 1.711146e+01
9.999915e-01 -9.509889e-04 -4.000911e-03 -5.978760e+00 9.439419e-04 9.999980e-01 -1.763015e-03 -3.579538e-01 4.002566e-03 1.759215e-03 9.999905e-01 1.750695e+01
9.999554e-01 2.229929e-03 9.176155e-03 -6.266225e+00 -2.271298e-03 9.999873e-01 4.500310e-03 -3.693255e-01 -9.165988e-03 -4.520942e-03 9.999477e-01 1.817677e+01
9.999930e-01 -1.480777e-04 -3.734119e-03 -6.436292e+00 1.442897e-04 9.999995e-01 -1.014864e-03 -3.886913e-01 3.734253e-03 1.014309e-03 9.999926e-01 1.900637e+01
9.999766e-01 2.801975e-03 6.237457e-03 -6.284923e+00 -2.824946e-03 9.999892e-01 3.676890e-03 -4.122273e-01 -6.227073e-03 -3.694415e-03 9.999737e-01 1.970183e+01
9.999748e-01 -1.322710e-03 -6.973373e-03 -6.029282e+00 1.295975e-03 9.999918e-01 -3.837083e-03 -4.213335e-01 6.978376e-03 3.827940e-03 9.999684e-01 1.965805e+01
9.999722e-01 2.562531e-03 7.007306e-03 -5.841561e+00 -2.588302e-03 9.999899e-01 3.671127e-03 -4.255966e-01 -6.997813e-03 -3.689152e-03 9.999686e-01 1.943717e+01
9.999716e-01 -1.444800e-03 -7.399775e-03 -5.617551e+00 1.411438e-03 9.999888e-01 -4.511866e-03 -4.267580e-01 7.406196e-03 4.501284e-03 9.999625e-01 1.905035e+01
9.999303e-01 1.276524e-03 1.173896e-02 -6.039339e+00 -1.338498e-03 9.999852e-01 5.272958e-03 -4.140083e-01 -1.173204e-02 -5.288294e-03 9.999171e-01 1.900274e+01
9.999900e-01 -4.029137e-04 -4.444743e-03 -6.665437e+00 3.956900e-04 9.999986e-01 -1.626173e-03 -4.188300e-01 4.445375e-03 1.624388e-03 9.999889e-01 1.977401e+01
9.999239e-01 4.822363e-04 1.232600e-02 -7.282069e+00 -5.384145e-04 9.999895e-01 4.554722e-03 -4.153305e-01 -1.232366e-02 -4.561002e-03 9.999136e-01 2.026546e+01
9.999776e-01 1.311185e-04 -6.695265e-03 -7.606999e+00 -1.418039e-04 9.999987e-01 -1.595653e-03 -4.229233e-01 6.695030e-03 1.596556e-03 9.999764e-01 2.085378e+01
9.999147e-01 2.325028e-04 1.305813e-02 -8.207992e+00 -2.953687e-04 9.999884e-01 4.812520e-03 -4.258792e-01 -1.305684e-02 -4.815956e-03 9.999031e-01 2.153207e+01
9.999689e-01 -2.006747e-04 -7.882846e-03 -8.614039e+00 1.771524e-04 9.999955e-01 -2.984707e-03 -4.225082e-01 7.883391e-03 2.983207e-03 9.999646e-01 2.179879e+01
9.998984e-01 -7.690865e-04 1.423618e-02 -9.151867e+00 7.242701e-04 9.999948e-01 3.152885e-03 -4.006647e-01 -1.423852e-02 -3.142243e-03 9.998936e-01 2.154837e+01
9.999686e-01 -2.253851e-04 -7.917823e-03 -9.661955e+00 2.014371e-04 9.999954e-01 -3.025385e-03 -3.787612e-01 7.918449e-03 3.023685e-03 9.999642e-01 2.126154e+01
9.999093e-01 -7.734906e-04 1.344839e-02 -1.006429e+01 7.275714e-04 9.999939e-01 3.418953e-03 -3.619921e-01 -1.345093e-02 -3.408848e-03 9.999036e-01 2.105116e+01
9.999634e-01 1.632915e-03 -8.402776e-03 -1.034072e+01 -1.639676e-03 9.999983e-01 -7.979762e-04 -3.685483e-01 8.401438e-03 8.117135e-04 9.999645e-01 2.152237e+01
9.998961e-01 -4.190492e-04 1.441113e-02 -1.063959e+01 3.487640e-04 9.999880e-01 4.879239e-03 -3.831249e-01 -1.441298e-02 -4.873694e-03 9.998842e-01 2.226614e+01
9.999588e-01 5.140912e-04 -9.060616e-03 -1.072152e+01 -5.467660e-04 9.999934e-01 -3.604296e-03 -3.823028e-01 9.058681e-03 3.609090e-03 9.999526e-01 2.226718e+01
9.999076e-01 6.505239e-04 1.357986e-02 -1.071056e+01 -7.228112e-04 9.999856e-01 5.318807e-03 -3.913736e-01 -1.357618e-02 -5.328119e-03 9.998935e-01 2.256315e+01
9.999801e-01 3.177231e-03 -5.444906e-03 -1.045196e+01 -3.173136e-03 9.999947e-01 7.603995e-04 -4.317226e-01 5.447270e-03 -7.431196e-04 9.999850e-01 2.373720e+01
9.999055e-01 2.261973e-04 1.374263e-02 -1.027829e+01 -3.044703e-04 9.999837e-01 5.693704e-03 -4.712986e-01 -1.374110e-02 -5.697338e-03 9.998893e-01 2.489163e+01
9.999912e-01 3.591651e-03 -2.164481e-03 -1.013498e+01 -3.586774e-03 9.999910e-01 2.252095e-03 -5.205144e-01 2.172526e-03 -2.244326e-03 9.999952e-01 2.643606e+01
9.999010e-01 1.048298e-03 1.403482e-02 -9.593660e+00 -1.136184e-03 9.999798e-01 6.255372e-03 -5.824791e-01 -1.402795e-02 -6.270683e-03 9.998818e-01 2.805131e+01
9.999907e-01 4.065976e-03 -1.442288e-03 -9.016161e+00 -4.061462e-03 9.999869e-01 3.117333e-03 -6.493069e-01 1.454916e-03 -3.111462e-03 9.999942e-01 2.980145e+01
9.999225e-01 3.139075e-03 1.204604e-02 -7.139209e+00 -3.187993e-03 9.999867e-01 4.043699e-03 -7.390850e-01 -1.203316e-02 -4.081772e-03 9.999192e-01 3.119749e+01
9.999781e-01 6.606126e-03 -3.413137e-04 -4.763203e+00 -6.604499e-03 9.999678e-01 4.559190e-03 -8.507475e-01 3.713920e-04 -4.556854e-03 9.999896e-01 3.294825e+01
9.999250e-01 1.848015e-03 1.210918e-02 -3.038010e+00 -1.894550e-03 9.999909e-01 3.832344e-03 -9.435907e-01 -1.210196e-02 -3.854979e-03 9.999192e-01 3.456759e+01
9.999754e-01 1.415064e-03 -6.873149e-03 -2.381675e+00 -1.414582e-03 9.999990e-01 7.449472e-05 -9.843805e-01 6.873217e-03 -6.478925e-05 9.999765e-01 3.521609e+01
9.999077e-01 1.952327e-03 1.344367e-02 -2.081719e+00 -2.016608e-03 9.999866e-01 4.769389e-03 -1.022209e+00 -1.343415e-02 -4.796040e-03 9.998982e-01 3.614023e+01
9.999908e-01 3.792270e-03 1.988940e-03 -1.662612e+00 -3.803801e-03 9.999758e-01 5.827982e-03 -1.094904e+00 -1.966823e-03 -5.835515e-03 9.999811e-01 3.827972e+01
9.999423e-01 1.757079e-05 1.073970e-02 -1.653047e+00 -5.188796e-05 9.999949e-01 3.194750e-03 -1.144644e+00 -1.073956e-02 -3.195102e-03 9.999371e-01 3.997077e+01
9.999947e-01 2.720675e-03 -1.799411e-03 -1.870778e+00 -2.714299e-03 9.999901e-01 3.534248e-03 -1.176102e+00 1.808974e-03 -3.529368e-03 9.999922e-01 4.125283e+01
9.999115e-01 4.178986e-04 1.329891e-02 -2.306923e+00 -4.811648e-04 9.999886e-01 4.754106e-03 -1.212491e+00 -1.329673e-02 -4.760061e-03 9.999002e-01 4.290782e+01
9.999923e-01 2.207129e-03 -3.246651e-03 -2.646697e+00 -2.200104e-03 9.999952e-01 2.164439e-03 -1.243249e+00 3.251376e-03 -2.157303e-03 9.999925e-01 4.427326e+01
9.999728e-01 -5.896340e-04 7.347542e-03 -2.764866e+00 5.833888e-04 9.999995e-01 8.514720e-04 -1.256645e+00 -7.348003e-03 -8.471384e-04 9.999725e-01 4.491226e+01
9.999840e-01 2.629578e-03 -5.013205e-03 -2.620331e+00 -2.622505e-03 9.999956e-01 1.415918e-03 -1.272400e+00 5.016869e-03 -1.402772e-03 9.999865e-01 4.541473e+01
9.999698e-01 -1.470450e-03 7.626626e-03 -2.634282e+00 1.463583e-03 9.999985e-01 9.052767e-04 -1.284275e+00 -7.627908e-03 -8.940628e-04 9.999704e-01 4.588707e+01
9.999860e-01 1.479648e-03 -5.082968e-03 -2.965590e+00 -1.476844e-03 9.999988e-01 5.544338e-04 -1.281755e+00 5.083745e-03 -5.469438e-04 9.999870e-01 4.615738e+01
9.999731e-01 -1.247953e-03 7.231326e-03 -3.216024e+00 1.239493e-03 9.999985e-01 1.173510e-03 -1.283271e+00 -7.232742e-03 -1.164490e-03 9.999731e-01 4.648504e+01
9.999875e-01 2.453626e-03 -4.357201e-03 -3.329401e+00 -2.446828e-03 9.999958e-01 1.563851e-03 -1.295968e+00 4.360982e-03 -1.553195e-03 9.999894e-01 4.705976e+01
9.999603e-01 -7.404710e-04 8.881771e-03 -3.484298e+00 7.187229e-04 9.999967e-01 2.451010e-03 -1.313955e+00 -8.883519e-03 -2.444504e-03 9.999575e-01 4.784366e+01
9.999869e-01 3.003293e-03 -4.139191e-03 -3.420071e+00 -2.997177e-03 9.999944e-01 1.481739e-03 -1.336992e+00 4.143579e-03 -1.469339e-03 9.999904e-01 4.861470e+01
9.999896e-01 -9.075158e-04 4.471408e-03 -3.102398e+00 9.101673e-04 9.999994e-01 -5.921620e-04 -1.351420e+00 -4.470830e-03 5.962514e-04 9.999897e-01 4.889839e+01
9.999891e-01 2.937673e-03 -3.624648e-03 -2.847037e+00 -2.930864e-03 9.999939e-01 1.880945e-03 -1.365753e+00 3.630113e-03 -1.870327e-03 9.999918e-01 4.924029e+01
9.999919e-01 3.802115e-04 4.013829e-03 -2.291277e+00 -3.777181e-04 9.999997e-01 -6.232656e-04 -1.389916e+00 -4.014026e-03 6.217707e-04 9.999917e-01 4.967616e+01
9.999892e-01 2.391914e-03 -3.976378e-03 -1.838931e+00 -2.386038e-03 9.999961e-01 1.480544e-03 -1.409185e+00 3.979865e-03 -1.471066e-03 9.999911e-01 5.003154e+01
9.999890e-01 -3.917701e-04 4.675389e-03 -1.603882e+00 3.929229e-04 9.999999e-01 -2.468050e-04 -1.422861e+00 -4.675253e-03 2.486658e-04 9.999889e-01 5.036281e+01
9.999945e-01 1.623695e-03 -2.882195e-03 -1.579467e+00 -1.617144e-03 9.999961e-01 2.271998e-03 -1.434918e+00 2.885834e-03 -2.267352e-03 9.999934e-01 5.079374e+01
9.999862e-01 -9.660287e-05 5.248881e-03 -1.569727e+00 9.729956e-05 1.000000e+00 -1.335255e-04 -1.447855e+00 -5.248829e-03 1.340613e-04 9.999861e-01 5.127533e+01
9.999958e-01 9.253189e-04 -2.736068e-03 -1.718038e+00 -9.196949e-04 9.999975e-01 2.054016e-03 -1.454494e+00 2.737923e-03 -2.051518e-03 9.999942e-01 5.168184e+01
9.999830e-01 -4.142092e-05 5.827743e-03 -1.893537e+00 4.221081e-05 1.000000e+00 -1.363860e-04 -1.462526e+00 -5.827697e-03 1.366569e-04 9.999829e-01 5.215791e+01
9.999982e-01 7.847238e-04 -1.754101e-03 -2.149172e+00 -7.806790e-04 9.999970e-01 2.302092e-03 -1.468380e+00 1.755863e-03 -2.300746e-03 9.999959e-01 5.264570e+01
9.999906e-01 1.388156e-04 4.343489e-03 -2.295932e+00 -1.370098e-04 9.999999e-01 -4.173851e-04 -1.477225e+00 -4.343506e-03 4.168137e-04 9.999904e-01 5.312925e+01
9.999972e-01 1.489985e-03 -1.851498e-03 -2.332029e+00 -1.484512e-03 9.999945e-01 2.950633e-03 -1.494190e+00 1.855844e-03 -2.947904e-03 9.999940e-01 5.375572e+01
9.999626e-01 -1.438877e-04 8.650069e-03 -2.874497e+00 1.334526e-04 9.999993e-01 1.206229e-03 -1.509083e+00 -8.650195e-03 -1.205001e-03 9.999618e-01 5.477026e+01
9.999951e-01 3.743137e-04 -3.124139e-03 -3.398663e+00 -3.709812e-04 9.999994e-01 1.065178e-03 -1.515096e+00 3.124495e-03 -1.064042e-03 9.999946e-01 5.546184e+01
9.999708e-01 2.095263e-04 7.632019e-03 -3.857717e+00 -2.220079e-04 9.999986e-01 1.633795e-03 -1.521533e+00 -7.631625e-03 -1.635413e-03 9.999694e-01 5.612533e+01
9.999911e-01 -7.708686e-05 -4.226061e-03 -4.241741e+00 7.662218e-05 1.000000e+00 -1.116735e-04 -1.527196e+00 4.226028e-03 1.113198e-04 9.999912e-01 5.661933e+01
9.999985e-01 1.741563e-03 2.144224e-04 -3.778695e+00 -1.741480e-03 9.999984e-01 -4.130179e-04 -1.545700e+00 -2.150997e-04 4.126727e-04 9.999998e-01 5.670560e+01
9.999999e-01 -2.140781e-04 3.575649e-04 -3.887191e+00 2.136824e-04 9.999993e-01 1.124439e-03 -1.560769e+00 -3.578471e-04 -1.124391e-03 9.999994e-01 5.710634e+01
9.999760e-01 2.848012e-03 -6.321794e-03 -3.223471e+00 -2.861192e-03 9.999938e-01 -2.075769e-03 -1.586788e+00 6.315883e-03 2.093836e-03 9.999778e-01 5.707272e+01
9.999465e-01 -2.208205e-03 1.010755e-02 -3.817472e+00 2.156141e-03 9.999844e-01 5.159671e-03 -1.591979e+00 -1.011883e-02 -5.137631e-03 9.999357e-01 5.775592e+01
9.999737e-01 3.643455e-03 -6.269679e-03 -4.103741e+00 -3.652912e-03 9.999922e-01 -1.496560e-03 -1.612882e+00 6.264220e-03 1.519453e-03 9.999791e-01 5.861823e+01
9.999819e-01 -3.710779e-03 4.740930e-03 -4.294374e+00 3.707013e-03 9.999928e-01 8.044086e-04 -1.610439e+00 -4.743923e-03 -7.868488e-04 9.999885e-01 5.859490e+01
9.999936e-01 2.253050e-03 2.759993e-03 -5.549262e+00 -2.254088e-03 9.999974e-01 3.703627e-04 -1.585357e+00 -2.759109e-03 -3.765520e-04 9.999960e-01 5.886917e+01
9.999693e-01 -3.755623e-03 6.883338e-03 -7.061349e+00 3.748845e-03 9.999925e-01 9.983748e-04 -1.552475e+00 -6.887079e-03 -9.725691e-04 9.999759e-01 5.917096e+01
9.999800e-01 2.938411e-03 5.600555e-03 -8.841860e+00 -2.949254e-03 9.999938e-01 1.927559e-03 -1.529434e+00 -5.594812e-03 -1.944008e-03 9.999824e-01 6.004739e+01
9.999919e-01 -3.231310e-03 2.411750e-03 -9.805152e+00 3.229441e-03 9.999945e-01 7.814904e-04 -1.528983e+00 -2.414307e-03 -7.737254e-04 9.999969e-01 6.088111e+01
9.999758e-01 2.794810e-03 6.363397e-03 -1.102101e+01 -2.808071e-03 9.999939e-01 2.074768e-03 -1.520882e+00 -6.357514e-03 -2.092557e-03 9.999775e-01 6.175240e+01
9.999933e-01 -3.055313e-03 2.011245e-03 -1.198404e+01 3.053415e-03 9.999949e-01 9.502361e-04 -1.519609e+00 -2.014184e-03 -9.441190e-04 9.999976e-01 6.262052e+01
9.999839e-01 3.308844e-03 4.598124e-03 -1.268795e+01 -3.318912e-03 9.999921e-01 2.182167e-03 -1.523801e+00 -4.590820e-03 -2.197362e-03 9.999870e-01 6.343575e+01
9.999922e-01 -3.948307e-03 1.524292e-04 -1.335901e+01 3.948450e-03 9.999918e-01 -8.909190e-04 -1.516746e+00 -1.489577e-04 8.914832e-04 9.999997e-01 6.386434e+01
9.999929e-01 3.757165e-03 4.312975e-05 -1.356027e+01 -3.757217e-03 9.999924e-01 1.081394e-03 -1.514736e+00 -3.901910e-05 -1.081517e-03 9.999993e-01 6.390624e+01
9.999913e-01 -4.138152e-03 6.043595e-04 -1.379009e+01 4.138742e-03 9.999910e-01 -9.653545e-04 -1.510959e+00 -6.004068e-04 9.678166e-04 9.999994e-01 6.392453e+01
9.999914e-01 3.987782e-03 -1.142673e-03 -1.392760e+01 -3.987047e-03 9.999918e-01 6.514833e-04 -1.507837e+00 1.145309e-03 -6.468909e-04 9.999990e-01 6.391358e+01
9.999922e-01 -3.938025e-03 4.384750e-04 -1.407367e+01 3.938317e-03 9.999920e-01 -6.486462e-04 -1.507644e+00 -4.359646e-04 6.503372e-04 9.999998e-01 6.400198e+01
9.999910e-01 4.242521e-03 -2.588051e-04 -1.422618e+01 -4.242363e-03 9.999908e-01 6.400867e-04 -1.507380e+00 2.615656e-04 -6.389520e-04 9.999997e-01 6.408461e+01
9.999768e-01 -4.044658e-03 5.484460e-03 -1.488457e+01 4.037156e-03 9.999909e-01 1.379661e-03 -1.504613e+00 -5.490038e-03 -1.357518e-03 9.999841e-01 6.459331e+01
9.999929e-01 3.596912e-03 -1.097498e-03 -1.549833e+01 -3.597351e-03 9.999935e-01 -3.907653e-04 -1.495568e+00 1.096133e-03 3.947418e-04 9.999992e-01 6.487611e+01
9.999742e-01 -4.783351e-03 5.352787e-03 -1.614452e+01 4.779696e-03 9.999883e-01 6.969933e-04 -1.478794e+00 -5.356107e-03 -6.714216e-04 9.999855e-01 6.498467e+01
9.999859e-01 3.985267e-03 -3.515994e-03 -1.645004e+01 -3.988833e-03 9.999915e-01 -1.005487e-03 -1.465697e+00 3.512005e-03 1.019529e-03 9.999932e-01 6.489075e+01
9.999792e-01 -4.450722e-03 4.679668e-03 -1.670814e+01 4.447782e-03 9.999899e-01 6.403854e-04 -1.454379e+00 -4.682520e-03 -6.195887e-04 9.999889e-01 6.475643e+01
9.999748e-01 4.431708e-03 -5.536185e-03 -1.674713e+01 -4.437843e-03 9.999896e-01 -1.094867e-03 -1.452674e+00 5.531323e-03 1.119439e-03 9.999840e-01 6.465673e+01
9.999783e-01 -4.265192e-03 5.023468e-03 -1.679178e+01 4.261155e-03 9.999906e-01 8.156593e-04 -1.447775e+00 -5.026948e-03 -7.942666e-04 9.999871e-01 6.436650e+01
9.999911e-01 3.584300e-03 -2.239440e-03 -1.719309e+01 -3.586421e-03 9.999931e-01 -9.401224e-04 -1.430964e+00 2.236103e-03 9.481765e-04 9.999970e-01 6.417223e+01
9.999611e-01 -4.932033e-03 7.306858e-03 -1.793481e+01 4.923746e-03 9.999872e-01 1.152868e-03 -1.408711e+00 -7.312500e-03 -1.116876e-03 9.999727e-01 6.419497e+01
9.999889e-01 3.865460e-03 -2.681619e-03 -1.864313e+01 -3.867941e-03 9.999921e-01 -9.173826e-04 -1.390031e+00 2.678102e-03 9.277756e-04 9.999959e-01 6.429928e+01
9.999625e-01 -4.841700e-03 7.178846e-03 -1.935421e+01 4.832039e-03 9.999874e-01 1.363695e-03 -1.374334e+00 -7.185408e-03 -1.328986e-03 9.999734e-01 6.450115e+01
9.999931e-01 3.400404e-03 -1.463130e-03 -2.020448e+01 -3.402123e-03 9.999935e-01 -1.168514e-03 -1.350896e+00 1.459198e-03 1.173515e-03 9.999982e-01 6.459136e+01
9.999760e-01 -4.629568e-03 5.153133e-03 -2.078946e+01 4.623434e-03 9.999886e-01 1.203415e-03 -1.332992e+00 -5.158697e-03 -1.179591e-03 9.999861e-01 6.461937e+01
9.999926e-01 3.613988e-03 -1.292901e-03 -2.144194e+01 -3.615337e-03 9.999929e-01 -1.035663e-03 -1.315057e+00 1.289201e-03 1.040360e-03 9.999985e-01 6.470209e+01
9.999819e-01 -4.509161e-03 3.990114e-03 -2.187620e+01 4.504615e-03 9.999892e-01 1.149678e-03 -1.302399e+00 -3.995307e-03 -1.131714e-03 9.999915e-01 6.474464e+01
9.999860e-01 4.222057e-03 -3.185124e-03 -2.211855e+01 -4.224999e-03 9.999907e-01 -9.146718e-04 -1.298787e+00 3.181284e-03 9.281469e-04 9.999944e-01 6.483823e+01
9.999724e-01 -4.960033e-03 5.535640e-03 -2.255036e+01 4.953848e-03 9.999871e-01 1.131949e-03 -1.287860e+00 -5.541235e-03 -1.104525e-03 9.999841e-01 6.493100e+01
9.999889e-01 4.134813e-03 -2.247897e-03 -2.310215e+01 -4.136661e-03 9.999911e-01 -8.142362e-04 -1.275401e+00 2.244562e-03 8.235567e-04 9.999971e-01 6.508944e+01
9.999709e-01 -4.794696e-03 5.931373e-03 -2.368354e+01 4.786276e-03 9.999875e-01 1.434298e-03 -1.264957e+00 -5.938228e-03 -1.405898e-03 9.999815e-01 6.533425e+01
9.999873e-01 4.282721e-03 -2.658407e-03 -2.419991e+01 -4.284484e-03 9.999906e-01 -6.544132e-04 -1.257692e+00 2.655632e-03 6.658255e-04 9.999962e-01 6.561928e+01
9.999732e-01 -4.657065e-03 5.653125e-03 -2.470020e+01 4.647971e-03 9.999879e-01 1.622319e-03 -1.251989e+00 -5.660665e-03 -1.596030e-03 9.999828e-01 6.593541e+01
9.999901e-01 4.416875e-03 -6.048400e-04 -2.538732e+01 -4.416850e-03 9.999902e-01 5.909714e-05 -1.248400e+00 6.051485e-04 -5.639414e-05 9.999997e-01 6.648050e+01
9.999807e-01 -5.112713e-03 3.537881e-03 -2.586313e+01 5.111575e-03 9.999869e-01 3.333240e-04 -1.238778e+00 -3.539593e-03 -3.152641e-04 9.999938e-01 6.665898e+01
9.999912e-01 4.175394e-03 -3.581933e-04 -2.638146e+01 -4.175479e-03 9.999913e-01 -2.099188e-04 -1.223944e+00 3.573675e-04 2.114435e-04 9.999998e-01 6.671480e+01
9.999863e-01 -4.846380e-03 1.970101e-03 -2.666433e+01 4.846043e-03 9.999882e-01 1.808210e-04 -1.214822e+00 -1.971008e-03 -1.713019e-04 9.999981e-01 6.671871e+01
9.999863e-01 4.663594e-03 -2.374190e-03 -2.679231e+01 -4.664235e-03 9.999891e-01 -2.605657e-04 -1.213535e+00 2.373002e-03 2.716668e-04 9.999971e-01 6.671624e+01
9.999780e-01 -4.770421e-03 4.620420e-03 -2.711170e+01 4.765252e-03 9.999880e-01 1.130996e-03 -1.212915e+00 -4.625814e-03 -1.108984e-03 9.999888e-01 6.698810e+01
9.999862e-01 4.691740e-03 -2.364187e-03 -2.742983e+01 -4.692794e-03 9.999889e-01 -4.367408e-04 -1.210275e+00 2.362165e-03 4.478603e-04 9.999970e-01 6.713279e+01
9.999832e-01 -4.428414e-03 3.751740e-03 -2.760789e+01 4.424038e-03 9.999895e-01 1.176416e-03 -1.212207e+00 -3.756965e-03 -1.159829e-03 9.999924e-01 6.725667e+01
9.999795e-01 4.973903e-03 -4.039039e-03 -2.766418e+01 -4.977386e-03 9.999872e-01 -8.502181e-04 -1.213799e+00 4.034813e-03 8.703356e-04 9.999914e-01 6.714528e+01
9.999738e-01 -5.083194e-03 5.163732e-03 -2.794430e+01 5.076228e-03 9.999862e-01 1.363168e-03 -1.209156e+00 -5.170645e-03 -1.336951e-03 9.999858e-01 6.711611e+01
9.999810e-01 4.640274e-03 -4.063084e-03 -2.825685e+01 -4.644460e-03 9.999887e-01 -1.019153e-03 -1.204004e+00 4.058364e-03 1.038036e-03 9.999911e-01 6.714821e+01
9.999764e-01 -4.543621e-03 5.163959e-03 -2.855264e+01 4.534431e-03 9.999881e-01 1.791794e-03 -1.201637e+00 -5.172094e-03 -1.768367e-03 9.999852e-01 6.713661e+01
9.999650e-01 5.839945e-03 -5.990127e-03 -2.854290e+01 -5.844330e-03 9.999827e-01 -7.130879e-04 -1.213859e+00 5.985913e-03 7.481026e-04 9.999817e-01 6.718968e+01
9.999820e-01 -3.989617e-03 4.477966e-03 -2.832180e+01 3.981359e-03 9.999904e-01 1.853701e-03 -1.234678e+00 -4.485373e-03 -1.835871e-03 9.999883e-01 6.740666e+01
9.999314e-01 7.806660e-03 -8.736326e-03 -2.753875e+01 -7.817062e-03 9.999688e-01 -1.155995e-03 -1.275753e+00 8.727083e-03 1.224240e-03 9.999611e-01 6.776020e+01
9.999472e-01 -6.187403e-03 8.203068e-03 -2.728851e+01 6.170135e-03 9.999787e-01 2.129783e-03 -1.290660e+00 -8.216125e-03 -2.079088e-03 9.999642e-01 6.781518e+01
9.999379e-01 7.108745e-03 -8.576338e-03 -2.723606e+01 -7.124044e-03 9.999731e-01 -1.753473e-03 -1.294666e+00 8.563696e-03 1.814494e-03 9.999616e-01 6.768488e+01
9.999291e-01 -6.365415e-03 1.005952e-02 -2.732312e+01 6.340769e-03 9.999768e-01 2.480998e-03 -1.294105e+00 -1.007514e-02 -2.417069e-03 9.999464e-01 6.754342e+01
9.999130e-01 8.743620e-03 -9.878818e-03 -2.711805e+01 -8.754187e-03 9.999612e-01 -1.025976e-03 -1.317311e+00 9.869518e-03 1.112400e-03 9.999506e-01 6.794662e+01
9.999609e-01 -5.235618e-03 7.122590e-03 -2.651732e+01 5.223192e-03 9.999848e-01 1.763426e-03 -1.350193e+00 -7.131769e-03 -1.726186e-03 9.999732e-01 6.813869e+01
9.998998e-01 8.763327e-03 -1.111308e-02 -2.572805e+01 -8.782058e-03 9.999601e-01 -1.636885e-03 -1.386425e+00 1.109834e-02 1.734349e-03 9.999368e-01 6.826010e+01
9.999210e-01 -6.690830e-03 1.063878e-02 -2.548549e+01 6.653441e-03 9.999716e-01 3.546808e-03 -1.410590e+00 -1.066226e-02 -3.475776e-03 9.999372e-01 6.869308e+01
9.999293e-01 8.095167e-03 -8.713363e-03 -2.541797e+01 -8.111174e-03 9.999655e-01 -1.802089e-03 -1.424111e+00 8.698527e-03 1.872670e-03 9.999603e-01 6.895290e+01
9.999428e-01 -5.827189e-03 8.968120e-03 -2.501891e+01 5.795407e-03 9.999768e-01 3.566807e-03 -1.447932e+00 -8.988750e-03 -3.514662e-03 9.999535e-01 6.914138e+01
9.999091e-01 8.433215e-03 -1.051744e-02 -2.440097e+01 -8.456302e-03 9.999619e-01 -2.151583e-03 -1.475500e+00 1.049895e-02 2.240359e-03 9.999423e-01 6.917223e+01
9.999293e-01 -6.357637e-03 1.004684e-02 -2.392058e+01 6.328304e-03 9.999756e-01 2.949700e-03 -1.496918e+00 -1.006540e-02 -2.885945e-03 9.999453e-01 6.934061e+01
9.998520e-01 9.550785e-03 -1.430698e-02 -2.298519e+01 -9.602406e-03 9.999476e-01 -3.543087e-03 -1.528827e+00 1.427244e-02 3.679978e-03 9.998913e-01 6.938975e+01
9.998935e-01 -7.174340e-03 1.271006e-02 -2.257707e+01 7.122019e-03 9.999660e-01 4.157677e-03 -1.548218e+00 -1.273951e-02 -4.066746e-03 9.999107e-01 6.963349e+01
9.998928e-01 8.095971e-03 -1.220313e-02 -2.255229e+01 -8.134055e-03 9.999622e-01 -3.073676e-03 -1.554220e+00 1.217784e-02 3.172641e-03 9.999207e-01 6.986011e+01
9.998703e-01 -8.300872e-03 1.380423e-02 -2.265841e+01 8.251959e-03 9.999595e-01 3.597213e-03 -1.549123e+00 -1.383359e-02 -3.482868e-03 9.998983e-01 6.981054e+01
9.998977e-01 8.581118e-03 -1.144601e-02 -2.283222e+01 -8.604581e-03 9.999610e-01 -2.001287e-03 -1.550355e+00 1.142845e-02 2.099604e-03 9.999324e-01 7.006692e+01
9.998568e-01 -7.729814e-03 1.505550e-02 -2.311858e+01 7.660822e-03 9.999599e-01 4.635464e-03 -1.559137e+00 -1.509078e-02 -4.519496e-03 9.998760e-01 7.066658e+01
9.999109e-01 7.888851e-03 -1.077214e-02 -2.354857e+01 -7.918217e-03 9.999650e-01 -2.685245e-03 -1.559007e+00 1.075063e-02 2.770336e-03 9.999383e-01 7.109264e+01
9.999033e-01 -6.728581e-03 1.216733e-02 -2.372108e+01 6.687938e-03 9.999719e-01 3.378716e-03 -1.559687e+00 -1.218977e-02 -3.297049e-03 9.999204e-01 7.110826e+01
9.998325e-01 9.753156e-03 -1.548904e-02 -2.321652e+01 -9.810710e-03 9.999452e-01 -3.643490e-03 -1.581438e+00 1.545271e-02 3.794872e-03 9.998733e-01 7.111629e+01
9.998713e-01 -8.634986e-03 1.352498e-02 -2.303010e+01 8.583693e-03 9.999558e-01 3.846606e-03 -1.589034e+00 -1.355765e-02 -3.730051e-03 9.999012e-01 7.095625e+01
9.998411e-01 9.987590e-03 -1.476241e-02 -2.286838e+01 -1.004984e-02 9.999409e-01 -4.148179e-03 -1.594276e+00 1.472016e-02 4.295914e-03 9.998823e-01 7.070375e+01
9.998968e-01 -7.746347e-03 1.210356e-02 -2.256427e+01 7.702292e-03 9.999636e-01 3.683051e-03 -1.605794e+00 -1.213170e-02 -3.589480e-03 9.999201e-01 7.045564e+01
9.998665e-01 8.854065e-03 -1.373180e-02 -2.253077e+01 -8.904140e-03 9.999539e-01 -3.589026e-03 -1.609168e+00 1.369944e-02 3.710851e-03 9.998992e-01 7.024934e+01
9.999015e-01 -7.327584e-03 1.196879e-02 -2.242602e+01 7.285176e-03 9.999670e-01 3.583854e-03 -1.616149e+00 -1.199471e-02 -3.496341e-03 9.999220e-01 7.009614e+01
9.999306e-01 7.782059e-03 -8.839038e-03 -2.276692e+01 -7.800624e-03 9.999674e-01 -2.066673e-03 -1.611264e+00 8.822720e-03 2.135514e-03 9.999587e-01 7.019857e+01
9.998819e-01 -7.547061e-03 1.338533e-02 -2.314303e+01 7.496697e-03 9.999646e-01 3.809565e-03 -1.608455e+00 -1.341366e-02 -3.708804e-03 9.999032e-01 7.050235e+01
9.998635e-01 9.796764e-03 -1.330230e-02 -2.290884e+01 -9.819697e-03 9.999504e-01 -1.658985e-03 -1.632319e+00 1.328544e-02 1.789418e-03 9.999101e-01 7.103006e+01
9.998257e-01 -7.505099e-03 1.709770e-02 -2.289930e+01 7.414364e-03 9.999581e-01 5.364671e-03 -1.659411e+00 -1.713730e-02 -5.237002e-03 9.998395e-01 7.192020e+01
9.998717e-01 8.910467e-03 -1.331329e-02 -2.307678e+01 -8.943490e-03 9.999571e-01 -2.422155e-03 -1.676442e+00 1.329119e-02 2.540947e-03 9.999084e-01 7.264458e+01
9.998373e-01 -9.267093e-03 1.547722e-02 -2.344742e+01 9.215701e-03 9.999518e-01 3.389220e-03 -1.670009e+00 -1.550793e-02 -3.246071e-03 9.998746e-01 7.271649e+01
9.998662e-01 9.189416e-03 -1.352999e-02 -2.380411e+01 -9.221043e-03 9.999549e-01 -2.276169e-03 -1.665163e+00 1.350851e-02 2.400660e-03 9.999058e-01 7.279769e+01
9.997879e-01 -9.862355e-03 1.807985e-02 -2.442954e+01 9.800459e-03 9.999458e-01 3.509488e-03 -1.650513e+00 -1.811354e-02 -3.331588e-03 9.998305e-01 7.284098e+01
9.998869e-01 8.742211e-03 -1.223615e-02 -2.524814e+01 -8.774712e-03 9.999581e-01 -2.604089e-03 -1.624055e+00 1.221292e-02 2.711198e-03 9.999217e-01 7.269560e+01
9.997980e-01 -9.902185e-03 1.749091e-02 -2.596300e+01 9.843030e-03 9.999456e-01 3.465462e-03 -1.600127e+00 -1.752433e-02 -3.292634e-03 9.998411e-01 7.253688e+01
9.998809e-01 8.884328e-03 -1.261511e-02 -2.658708e+01 -8.919645e-03 9.999564e-01 -2.745156e-03 -1.577389e+00 1.259023e-02 2.857387e-03 9.999166e-01 7.233157e+01
9.998003e-01 -9.915129e-03 1.735343e-02 -2.713970e+01 9.857692e-03 9.999457e-01 3.392851e-03 -1.553364e+00 -1.738618e-02 -3.221144e-03 9.998437e-01 7.197992e+01
9.998247e-01 9.865158e-03 -1.591254e-02 -2.726521e+01 -9.911986e-03 9.999468e-01 -2.865935e-03 -1.543975e+00 1.588347e-02 3.023193e-03 9.998692e-01 7.163186e+01
9.998096e-01 -1.009097e-02 1.670279e-02 -2.747796e+01 1.003823e-02 9.999444e-01 3.239059e-03 -1.536086e+00 -1.673460e-02 -3.070811e-03 9.998553e-01 7.146022e+01
9.998190e-01 9.840015e-03 -1.628208e-02 -2.766495e+01 -9.889587e-03 9.999467e-01 -2.966134e-03 -1.530474e+00 1.625208e-02 3.126656e-03 9.998630e-01 7.136560e+01
9.998284e-01 -9.688252e-03 1.578959e-02 -2.773248e+01 9.634870e-03 9.999476e-01 3.454089e-03 -1.532704e+00 -1.582228e-02 -3.301401e-03 9.998695e-01 7.143551e+01
9.998823e-01 8.944470e-03 -1.246841e-02 -2.823125e+01 -8.982318e-03 9.999552e-01 -2.981910e-03 -1.518068e+00 1.244124e-02 3.093590e-03 9.999177e-01 7.136791e+01
9.998430e-01 -9.271528e-03 1.509979e-02 -2.858371e+01 9.215127e-03 9.999503e-01 3.801265e-03 -1.513470e+00 -1.513434e-02 -3.661557e-03 9.998789e-01 7.150775e+01
9.998726e-01 9.631658e-03 -1.272884e-02 -2.880864e+01 -9.660414e-03 9.999509e-01 -2.198604e-03 -1.517253e+00 1.270710e-02 2.321325e-03 9.999165e-01 7.188307e+01
9.998392e-01 -9.862928e-03 1.497555e-02 -2.913918e+01 9.815766e-03 9.999466e-01 3.220230e-03 -1.514714e+00 -1.500657e-02 -3.072751e-03 9.998828e-01 7.211295e+01
9.998939e-01 9.467639e-03 -1.106724e-02 -2.963152e+01 -9.489720e-03 9.999531e-01 -1.943286e-03 -1.509578e+00 1.104838e-02 2.048141e-03 9.999368e-01 7.238320e+01
9.998488e-01 -9.883392e-03 1.431006e-02 -3.009887e+01 9.839470e-03 9.999467e-01 3.137282e-03 -1.501169e+00 -1.434036e-02 -2.996040e-03 9.998928e-01 7.240736e+01
9.999140e-01 9.069858e-03 -9.473079e-03 -3.074300e+01 -9.089666e-03 9.999566e-01 -2.048755e-03 -1.484978e+00 9.454143e-03 2.134722e-03 9.999529e-01 7.242647e+01
9.998196e-01 -9.470332e-03 1.646435e-02 -3.148061e+01 9.402269e-03 9.999470e-01 4.207176e-03 -1.476182e+00 -1.650338e-02 -4.051651e-03 9.998557e-01 7.284388e+01
9.999012e-01 8.377204e-03 -1.128740e-02 -3.213870e+01 -8.414415e-03 9.999593e-01 -3.252107e-03 -1.460628e+00 1.125975e-02 3.346799e-03 9.999309e-01 7.295748e+01
9.999142e-01 -8.500880e-03 9.966153e-03 -3.216213e+01 8.470090e-03 9.999592e-01 3.128803e-03 -1.461509e+00 -9.992403e-03 -3.044156e-03 9.999455e-01 7.289545e+01
9.998779e-01 8.847289e-03 -1.287951e-02 -3.201222e+01 -8.885737e-03 9.999562e-01 -2.930039e-03 -1.471486e+00 1.285308e-02 3.044162e-03 9.999127e-01 7.295847e+01
9.998831e-01 -8.693128e-03 1.258056e-02 -3.206059e+01 8.645325e-03 9.999552e-01 3.850074e-03 -1.477621e+00 -1.261352e-02 -3.740897e-03 9.999135e-01 7.315483e+01
9.998720e-01 9.529422e-03 -1.285099e-02 -3.202324e+01 -9.563032e-03 9.999510e-01 -2.555484e-03 -1.490161e+00 1.282607e-02 2.678088e-03 9.999141e-01 7.349064e+01
9.998912e-01 -8.445578e-03 1.209053e-02 -3.202046e+01 8.400413e-03 9.999576e-01 3.782503e-03 -1.502468e+00 -1.212203e-02 -3.680563e-03 9.999198e-01 7.378098e+01
9.998696e-01 1.016299e-02 -1.254672e-02 -3.196891e+01 -1.018683e-02 9.999464e-01 -1.836645e-03 -1.521719e+00 1.252744e-02 1.964254e-03 9.999195e-01 7.425483e+01
9.998900e-01 -8.267987e-03 1.231672e-02 -3.185595e+01 8.220845e-03 9.999587e-01 3.874143e-03 -1.546328e+00 -1.234830e-02 -3.772499e-03 9.999167e-01 7.482377e+01
9.999214e-01 8.129395e-03 -9.547568e-03 -3.236202e+01 -8.155660e-03 9.999631e-01 -2.713867e-03 -1.538065e+00 9.525211e-03 2.791557e-03 9.999507e-01 7.492975e+01
9.998980e-01 -8.420057e-03 1.153490e-02 -3.277780e+01 8.379126e-03 9.999584e-01 3.593289e-03 -1.530386e+00 -1.156473e-02 -3.496307e-03 9.999271e-01 7.498689e+01
9.999294e-01 7.744789e-03 -9.015849e-03 -3.320110e+01 -7.773796e-03 9.999647e-01 -3.185300e-03 -1.517777e+00 8.990920e-03 3.255200e-03 9.999542e-01 7.495974e+01
9.999094e-01 -8.120670e-03 1.073658e-02 -3.354618e+01 8.082272e-03 9.999608e-01 3.616103e-03 -1.507474e+00 -1.076558e-02 -3.529036e-03 9.999359e-01 7.491365e+01
9.999143e-01 7.895225e-03 -1.044197e-02 -3.377754e+01 -7.927980e-03 9.999638e-01 -3.097946e-03 -1.503280e+00 1.041719e-02 3.180501e-03 9.999406e-01 7.488999e+01
9.998912e-01 -8.213155e-03 1.225734e-02 -3.407972e+01 8.168359e-03 9.999598e-01 3.701233e-03 -1.493955e+00 -1.228731e-02 -3.600744e-03 9.999181e-01 7.474907e+01
9.999119e-01 8.142539e-03 -1.047770e-02 -3.428530e+01 -8.176991e-03 9.999613e-01 -3.248260e-03 -1.484730e+00 1.045090e-02 3.333687e-03 9.999397e-01 7.445107e+01
9.998767e-01 -8.466558e-03 1.322370e-02 -3.464753e+01 8.417802e-03 9.999576e-01 3.739256e-03 -1.471169e+00 -1.325486e-02 -3.627518e-03 9.999057e-01 7.423480e+01
9.999061e-01 8.114707e-03 -1.104597e-02 -3.496868e+01 -8.150848e-03 9.999616e-01 -3.229618e-03 -1.458995e+00 1.101940e-02 3.319385e-03 9.999337e-01 7.402092e+01
9.998718e-01 -8.448934e-03 1.360457e-02 -3.527929e+01 8.398589e-03 9.999577e-01 3.754400e-03 -1.445806e+00 -1.363577e-02 -3.639696e-03 9.999005e-01 7.379083e+01
9.999118e-01 7.863997e-03 -1.070433e-02 -3.566917e+01 -7.897858e-03 9.999639e-01 -3.123449e-03 -1.431463e+00 1.067944e-02 3.207752e-03 9.999377e-01 7.365082e+01
9.998904e-01 -7.958516e-03 1.248629e-02 -3.584823e+01 7.914817e-03 9.999624e-01 3.546269e-03 -1.423180e+00 -1.251411e-02 -3.447090e-03 9.999158e-01 7.342341e+01
9.998555e-01 9.077722e-03 -1.437384e-02 -3.554753e+01 -9.127884e-03 9.999525e-01 -3.427171e-03 -1.431589e+00 1.434210e-02 3.557916e-03 9.998907e-01 7.316810e+01
9.998778e-01 -8.652063e-03 1.301867e-02 -3.547746e+01 8.605846e-03 9.999565e-01 3.602909e-03 -1.435672e+00 -1.304933e-02 -3.490469e-03 9.999088e-01 7.310364e+01
9.998650e-01 8.832822e-03 -1.385277e-02 -3.548000e+01 -8.883025e-03 9.999542e-01 -3.565697e-03 -1.435366e+00 1.382070e-02 3.688307e-03 9.998976e-01 7.298332e+01
9.998786e-01 -8.640788e-03 1.296808e-02 -3.544453e+01 8.594262e-03 9.999564e-01 3.640146e-03 -1.435548e+00 -1.299903e-02 -3.528290e-03 9.999094e-01 7.280829e+01
9.998778e-01 8.701179e-03 -1.298747e-02 -3.549768e+01 -8.746228e-03 9.999559e-01 -3.414857e-03 -1.431479e+00 1.295724e-02 3.528069e-03 9.999097e-01 7.254930e+01
9.998773e-01 -8.741698e-03 1.300113e-02 -3.558928e+01 8.693282e-03 9.999551e-01 3.776834e-03 -1.427419e+00 -1.303362e-02 -3.663385e-03 9.999084e-01 7.230964e+01
9.998745e-01 8.938454e-03 -1.308241e-02 -3.564125e+01 -8.982203e-03 9.999542e-01 -3.288161e-03 -1.422947e+00 1.305248e-02 3.405295e-03 9.999089e-01 7.181201e+01
9.999059e-01 -8.098504e-03 1.107058e-02 -3.544002e+01 8.055353e-03 9.999598e-01 3.937988e-03 -1.425023e+00 -1.110209e-02 -3.848477e-03 9.999311e-01 7.113191e+01
9.998924e-01 8.691428e-03 -1.181735e-02 -3.532545e+01 -8.730620e-03 9.999565e-01 -3.267830e-03 -1.424435e+00 1.178850e-02 3.370689e-03 9.999247e-01 7.050545e+01
9.999238e-01 -7.658219e-03 9.684479e-03 -3.506180e+01 7.624507e-03 9.999648e-01 3.514524e-03 -1.429018e+00 -9.711112e-03 -3.440454e-03 9.999470e-01 7.001986e+01
9.999105e-01 8.038673e-03 -1.069656e-02 -3.496899e+01 -8.072320e-03 9.999626e-01 -3.104821e-03 -1.425662e+00 1.067127e-02 3.190927e-03 9.999379e-01 6.948768e+01
9.998951e-01 -8.117301e-03 1.199438e-02 -3.502662e+01 8.074130e-03 9.999608e-01 3.644328e-03 -1.415372e+00 -1.202355e-02 -3.547139e-03 9.999215e-01 6.885939e+01
9.999128e-01 7.938776e-03 -1.054996e-02 -3.518088e+01 -7.976485e-03 9.999619e-01 -3.535770e-03 -1.405237e+00 1.052155e-02 3.619651e-03 9.999380e-01 6.856387e+01
9.999261e-01 -7.800142e-03 9.330395e-03 -3.524216e+01 7.767158e-03 9.999635e-01 3.567533e-03 -1.402524e+00 -9.357941e-03 -3.494836e-03 9.999502e-01 6.843339e+01
9.999153e-01 7.781676e-03 -1.042873e-02 -3.528046e+01 -7.817870e-03 9.999635e-01 -3.433108e-03 -1.403221e+00 1.040169e-02 3.514385e-03 9.999396e-01 6.841171e+01
9.999364e-01 -6.937791e-03 8.890820e-03 -3.505651e+01 6.906708e-03 9.999699e-01 3.523414e-03 -1.408494e+00 -8.915057e-03 -3.461821e-03 9.999544e-01 6.810516e+01
9.998825e-01 8.660067e-03 -1.264888e-02 -3.461702e+01 -8.705835e-03 9.999557e-01 -3.566684e-03 -1.419264e+00 1.261749e-02 3.676422e-03 9.999136e-01 6.762340e+01
9.999216e-01 -7.570711e-03 9.976352e-03 -3.435756e+01 7.532366e-03 9.999641e-01 3.876826e-03 -1.425418e+00 -1.000540e-02 -3.801414e-03 9.999428e-01 6.717581e+01
9.998807e-01 8.391381e-03 -1.297106e-02 -3.413383e+01 -8.440104e-03 9.999575e-01 -3.705132e-03 -1.433762e+00 1.293947e-02 3.814205e-03 9.999089e-01 6.693267e+01
9.999345e-01 -7.416890e-03 8.713877e-03 -3.385312e+01 7.385257e-03 9.999660e-01 3.658183e-03 -1.446281e+00 -8.740771e-03 -3.593627e-03 9.999554e-01 6.678954e+01
9.999087e-01 7.666982e-03 -1.112336e-02 -3.376159e+01 -7.708483e-03 9.999635e-01 -3.691735e-03 -1.449377e+00 1.109471e-02 3.777180e-03 9.999312e-01 6.648357e+01
9.999203e-01 -7.744365e-03 9.968795e-03 -3.386340e+01 7.708191e-03 9.999636e-01 3.663283e-03 -1.449036e+00 -9.996860e-03 -3.586188e-03 9.999437e-01 6.642951e+01
9.998681e-01 9.051232e-03 -1.348484e-02 -3.352068e+01 -9.100524e-03 9.999521e-01 -3.597529e-03 -1.466741e+00 1.345169e-02 3.719812e-03 9.999025e-01 6.653621e+01
9.999129e-01 -8.226495e-03 1.031889e-02 -3.327947e+01 8.189723e-03 9.999600e-01 3.602000e-03 -1.475218e+00 -1.034817e-02 -3.517215e-03 9.999404e-01 6.636395e+01
9.998722e-01 8.813344e-03 -1.333723e-02 -3.312103e+01 -8.860689e-03 9.999546e-01 -3.493974e-03 -1.483928e+00 1.330589e-02 3.611743e-03 9.999049e-01 6.631949e+01
9.998825e-01 -8.944200e-03 1.245099e-02 -3.318557e+01 8.898787e-03 9.999536e-01 3.698897e-03 -1.485691e+00 -1.248355e-02 -3.587701e-03 9.999157e-01 6.631737e+01
9.998733e-01 8.866917e-03 -1.321611e-02 -3.318987e+01 -8.914452e-03 9.999540e-01 -3.541212e-03 -1.483580e+00 1.318416e-02 3.658616e-03 9.999063e-01 6.599960e+01
9.999068e-01 -8.570136e-03 1.063123e-02 -3.305300e+01 8.532177e-03 9.999571e-01 3.611857e-03 -1.487593e+00 -1.066178e-02 -3.520850e-03 9.999370e-01 6.570218e+01
9.998618e-01 9.249406e-03 -1.381492e-02 -3.285931e+01 -9.298177e-03 9.999507e-01 -3.469324e-03 -1.495661e+00 1.378221e-02 3.597336e-03 9.998985e-01 6.551148e+01
9.998609e-01 -9.367493e-03 1.380148e-02 -3.303698e+01 9.316666e-03 9.999496e-01 3.743303e-03 -1.490059e+00 -1.383590e-02 -3.614236e-03 9.998978e-01 6.534209e+01
9.999201e-01 8.378066e-03 -9.462145e-03 -3.368612e+01 -8.408981e-03 9.999594e-01 -3.230852e-03 -1.466915e+00 9.434749e-03 3.310199e-03 9.999499e-01 6.512008e+01
9.998626e-01 -9.289940e-03 1.372806e-02 -3.434005e+01 9.235643e-03 9.999493e-01 4.014213e-03 -1.444655e+00 -1.376471e-02 -3.886912e-03 9.998978e-01 6.494353e+01
9.998526e-01 9.432068e-03 -1.434533e-02 -3.434944e+01 -9.487548e-03 9.999478e-01 -3.803395e-03 -1.443737e+00 1.430876e-02 3.938974e-03 9.998898e-01 6.461792e+01
9.999375e-01 -7.173865e-03 8.575581e-03 -3.370839e+01 7.146639e-03 9.999693e-01 3.202685e-03 -1.466328e+00 -8.598350e-03 -3.141236e-03 9.999582e-01 6.427927e+01
9.998772e-01 8.834613e-03 -1.294473e-02 -3.331165e+01 -8.881262e-03 9.999543e-01 -3.549688e-03 -1.481156e+00 1.291283e-02 3.664256e-03 9.999098e-01 6.393175e+01
9.999304e-01 -7.454986e-03 9.144057e-03 -3.295931e+01 7.427219e-03 9.999677e-01 3.068080e-03 -1.493389e+00 -9.166691e-03 -2.999990e-03 9.999536e-01 6.364943e+01
9.999086e-01 8.055894e-03 -1.085334e-02 -3.281567e+01 -8.093176e-03 9.999615e-01 -3.394346e-03 -1.496590e+00 1.082563e-02 3.481912e-03 9.999353e-01 6.341172e+01
9.999359e-01 -7.220619e-03 8.718604e-03 -3.267153e+01 7.192413e-03 9.999688e-01 3.263531e-03 -1.500974e+00 -8.741953e-03 -3.200652e-03 9.999568e-01 6.313872e+01
9.998781e-01 9.218968e-03 -1.259809e-02 -3.213069e+01 -9.265293e-03 9.999505e-01 -3.622758e-03 -1.517031e+00 1.256412e-02 3.739080e-03 9.999140e-01 6.278652e+01
9.999411e-01 -6.869122e-03 8.398642e-03 -3.147476e+01 6.840450e-03 9.999707e-01 3.439205e-03 -1.534484e+00 -8.422075e-03 -3.381591e-03 9.999589e-01 6.221222e+01
9.998764e-01 9.101052e-03 -1.281904e-02 -3.080980e+01 -9.149602e-03 9.999512e-01 -3.732831e-03 -1.553090e+00 1.278450e-02 3.849697e-03 9.999108e-01 6.167607e+01
9.999670e-01 -6.000202e-03 5.482352e-03 -2.983885e+01 5.982139e-03 9.999766e-01 3.307197e-03 -1.578215e+00 -5.502122e-03 -3.274330e-03 9.999796e-01 6.082142e+01
9.998735e-01 8.924835e-03 -1.316637e-02 -2.888696e+01 -8.972368e-03 9.999534e-01 -3.554616e-03 -1.601930e+00 1.313409e-02 3.672338e-03 9.999069e-01 5.988350e+01
9.999752e-01 -5.192856e-03 4.762923e-03 -2.764995e+01 5.182554e-03 9.999842e-01 2.175136e-03 -1.635892e+00 -4.774195e-03 -2.150437e-03 9.999864e-01 5.918092e+01
9.998790e-01 8.751176e-03 -1.286300e-02 -2.646917e+01 -8.799993e-03 9.999543e-01 -3.742557e-03 -1.665364e+00 1.282971e-02 3.855337e-03 9.999102e-01 5.845276e+01
9.999676e-01 -6.046853e-03 5.319272e-03 -2.540161e+01 6.034210e-03 9.999789e-01 2.391860e-03 -1.691982e+00 -5.333675e-03 -2.359723e-03 9.999831e-01 5.780140e+01
9.999114e-01 8.439625e-03 -1.029649e-02 -2.447649e+01 -8.475561e-03 9.999581e-01 -3.450358e-03 -1.713136e+00 1.026699e-02 3.537360e-03 9.999409e-01 5.723060e+01
