9.999979e-01 4.729713e-04 -1.980110e-03 -1.402149e-01 -4.751981e-04 9.999993e-01 -1.124267e-03 -1.131250e-02 1.979577e-03 1.125206e-03 9.999975e-01 5.984309e-01
9.999855e-01 -2.539331e-04 5.381282e-03 -2.145690e-01 2.487520e-04 9.999995e-01 9.634406e-04 -1.914265e-02 -5.381524e-03 -9.620876e-04 9.999850e-01 9.839586e-01
9.999948e-01 3.608275e-04 -3.205561e-03 -1.867705e-01 -3.644096e-04 9.999993e-01 -1.116949e-03 -3.232513e-02 3.205156e-03 1.118111e-03 9.999943e-01 1.418241e+00
9.999832e-01 -4.172945e-04 5.774377e-03 -8.659222e-02 4.113575e-04 9.999994e-01 1.029321e-03 -5.092836e-02 -5.774802e-03 -1.026928e-03 9.999827e-01 1.928896e+00
9.999953e-01 3.616648e-04 -3.060269e-03 8.089133e-04 -3.654482e-04 9.999992e-01 -1.235809e-03 -6.162872e-02 3.059818e-03 1.236921e-03 9.999947e-01 2.167554e+00
9.999864e-01 -3.182898e-04 5.200831e-03 4.226990e-02 3.136277e-04 9.999995e-01 8.971924e-04 -6.736639e-02 -5.201114e-03 -8.955488e-04 9.999860e-01 2.292424e+00
9.999928e-01 3.187181e-04 -3.770192e-03 6.601653e-02 -3.236819e-04 9.999991e-01 -1.316047e-03 -7.016151e-02 3.769768e-03 1.317258e-03 9.999921e-01 2.371129e+00
9.999839e-01 -3.306513e-04 5.658231e-03 1.357320e-01 3.251735e-04 9.999995e-01 9.690136e-04 -7.380179e-02 -5.658547e-03 -9.671580e-04 9.999834e-01 2.412101e+00
9.999959e-01 3.070566e-04 -2.845195e-03 2.140024e-01 -3.105445e-04 9.999992e-01 -1.225540e-03 -7.879547e-02 2.844815e-03 1.226418e-03 9.999953e-01 2.472815e+00
9.999881e-01 -2.535552e-04 4.881541e-03 2.409017e-01 2.490750e-04 9.999995e-01 9.183812e-04 -8.195990e-02 -4.881769e-03 -9.171542e-04 9.999876e-01 2.552673e+00
9.999924e-01 2.327085e-04 -3.885441e-03 2.700018e-01 -2.383466e-04 9.999989e-01 -1.450668e-03 -8.396747e-02 3.885097e-03 1.451583e-03 9.999915e-01 2.599039e+00
9.999780e-01 -2.366114e-04 6.629199e-03 3.743283e-01 2.290964e-04 9.999993e-01 1.134361e-03 -9.020654e-02 -6.629461e-03 -1.132818e-03 9.999773e-01 2.655911e+00
9.999916e-01 2.225147e-04 -4.098540e-03 4.432308e-01 -2.283810e-04 9.999990e-01 -1.430910e-03 -9.895549e-02 4.098214e-03 1.431834e-03 9.999907e-01 2.841762e+00
9.999755e-01 -1.858162e-04 6.995006e-03 4.657843e-01 1.779580e-04 9.999994e-01 1.124014e-03 -1.027840e-01 -6.995208e-03 -1.122741e-03 9.999748e-01 2.937794e+00
9.999842e-01 1.349496e-04 -5.610945e-03 5.196158e-01 -1.437630e-04 9.999988e-01 -1.570363e-03 -1.048672e-01 5.610723e-03 1.571145e-03 9.999831e-01 2.959021e+00
9.999613e-01 -1.517660e-04 8.797525e-03 4.905260e-01 1.410782e-04 9.999993e-01 1.215477e-03 -1.028918e-01 -8.797699e-03 -1.214189e-03 9.999605e-01 2.949202e+00
9.999533e-01 1.094212e-04 -9.659625e-03 5.570064e-01 -1.318251e-04 9.999973e-01 -2.318726e-03 -1.083409e-01 9.659342e-03 2.319891e-03 9.999508e-01 3.035693e+00
9.999515e-01 -3.203229e-04 9.846996e-03 1.103453e+00 3.062516e-04 9.999989e-01 1.430466e-03 -1.558980e-01 -9.847440e-03 -1.427381e-03 9.999504e-01 3.859234e+00
9.999696e-01 -1.318576e-04 -7.790980e-03 1.637698e+00 1.151313e-04 9.999977e-01 -2.147288e-03 -1.960287e-01 7.791242e-03 2.146326e-03 9.999674e-01 4.425922e+00
9.999596e-01 6.753517e-05 8.988039e-03 1.679656e+00 -8.162491e-05 9.999988e-01 1.567255e-03 -1.975431e-01 -8.987919e-03 -1.567926e-03 9.999583e-01 4.443694e+00
9.999605e-01 -7.902951e-05 -8.885413e-03 1.622177e+00 5.732994e-05 9.999970e-01 -2.442382e-03 -1.960235e-01 8.885576e-03 2.441776e-03 9.999576e-01 4.474331e+00
9.999792e-01 2.239238e-04 6.449439e-03 1.578792e+00 -2.324054e-04 9.999991e-01 1.314379e-03 -1.970267e-01 -6.449135e-03 -1.315851e-03 9.999782e-01 4.592764e+00
9.999587e-01 1.204080e-05 -9.090070e-03 1.503220e+00 -3.473810e-05 9.999969e-01 -2.496776e-03 -1.962205e-01 9.090009e-03 2.496990e-03 9.999557e-01 4.698390e+00
9.999753e-01 2.553059e-04 7.021097e-03 1.380775e+00 -2.644545e-04 9.999991e-01 1.302123e-03 -1.928275e-01 -7.020756e-03 -1.303948e-03 9.999744e-01 4.762340e+00
9.999842e-01 -7.642659e-05 -5.624562e-03 1.299661e+00 6.655450e-05 9.999985e-01 -1.755336e-03 -1.897664e-01 5.624684e-03 1.754935e-03 9.999827e-01 4.799267e+00
9.999838e-01 1.115585e-04 5.693762e-03 1.205541e+00 -1.171356e-04 9.999995e-01 9.792065e-04 -1.857558e-01 -5.693647e-03 -9.798586e-04 9.999832e-01 4.801777e+00
9.999927e-01 -5.522896e-05 -3.812841e-03 1.152294e+00 4.977868e-05 9.999990e-01 -1.429526e-03 -1.834719e-01 3.812913e-03 1.429327e-03 9.999918e-01 4.812729e+00
9.999764e-01 7.953210e-05 6.863550e-03 1.058273e+00 -8.704035e-05 9.999994e-01 1.093644e-03 -1.784137e-01 -6.863456e-03 -1.094217e-03 9.999757e-01 4.775769e+00
9.999893e-01 2.980496e-05 -4.618074e-03 9.905953e-01 -3.670283e-05 9.999989e-01 -1.493582e-03 -1.758660e-01 4.618021e-03 1.493737e-03 9.999883e-01 4.804102e+00
9.999778e-01 1.144133e-04 6.659208e-03 9.228318e-01 -1.216068e-04 9.999994e-01 1.079859e-03 -1.737349e-01 -6.659077e-03 -1.080646e-03 9.999771e-01 4.848720e+00
9.999819e-01 1.714240e-05 -6.012291e-03 8.478840e-01 -2.741834e-05 9.999985e-01 -1.709070e-03 -1.713700e-01 6.012249e-03 1.709206e-03 9.999806e-01 4.895311e+00
9.999788e-01 1.018261e-04 6.518304e-03 7.830944e-01 -1.090381e-04 9.999994e-01 1.106088e-03 -1.691853e-01 -6.518184e-03 -1.106776e-03 9.999780e-01 4.933046e+00
9.999947e-01 -7.037273e-05 -3.258788e-03 7.315954e-01 6.625834e-05 9.999992e-01 -1.262630e-03 -1.666365e-01 3.258870e-03 1.262408e-03 9.999940e-01 4.946186e+00
9.999845e-01 1.754960e-04 5.568323e-03 6.652827e-01 -1.802447e-04 9.999996e-01 8.523144e-04 -1.641199e-01 -5.568166e-03 -8.533061e-04 9.999840e-01 4.976719e+00
9.999937e-01 -1.136618e-04 -3.535420e-03 6.252103e-01 1.089851e-04 9.999991e-01 -1.322965e-03 -1.637958e-01 3.535563e-03 1.322573e-03 9.999930e-01 5.033626e+00
9.999741e-01 1.347047e-04 7.196824e-03 6.815717e-01 -1.426220e-04 9.999994e-01 1.099613e-03 -1.681880e-01 -7.196666e-03 -1.100612e-03 9.999734e-01 5.094113e+00
9.999936e-01 -1.675507e-04 -3.570401e-03 6.999109e-01 1.625040e-04 9.999990e-01 -1.413701e-03 -1.674112e-01 3.570628e-03 1.413113e-03 9.999927e-01 5.041035e+00
9.999737e-01 9.170426e-05 7.245666e-03 7.203705e-01 -9.945604e-05 9.999994e-01 1.069506e-03 -1.658881e-01 -7.245558e-03 -1.070200e-03 9.999731e-01 4.953934e+00
9.999934e-01 -1.913331e-04 -3.614657e-03 7.813485e-01 1.864215e-04 9.999991e-01 -1.359086e-03 -1.667965e-01 3.614907e-03 1.358405e-03 9.999926e-01 4.892140e+00
9.999750e-01 1.341831e-04 7.071967e-03 7.254827e-01 -1.413245e-04 9.999995e-01 1.009332e-03 -1.612590e-01 -7.071821e-03 -1.010308e-03 9.999744e-01 4.778717e+00
9.999927e-01 -4.897839e-05 -3.814582e-03 5.922022e-01 4.372747e-05 9.999991e-01 -1.376591e-03 -1.542293e-01 3.814639e-03 1.376416e-03 9.999919e-01 4.716185e+00
9.999852e-01 1.938215e-04 5.431267e-03 4.654872e-01 -1.982753e-04 9.999996e-01 8.195042e-04 -1.487975e-01 -5.431099e-03 -8.205706e-04 9.999848e-01 4.695114e+00
9.999976e-01 -1.080459e-04 -2.207900e-03 3.370361e-01 1.053405e-04 9.999992e-01 -1.225391e-03 -1.425782e-01 2.208023e-03 1.225157e-03 9.999969e-01 4.643818e+00
9.999892e-01 8.811362e-05 4.648174e-03 3.684908e-01 -9.185988e-05 9.999997e-01 8.057743e-04 -1.458707e-01 -4.648094e-03 -8.061943e-04 9.999888e-01 4.716812e+00
9.999994e-01 -1.651847e-04 -1.082172e-03 3.467585e-01 1.639233e-04 9.999993e-01 -1.165550e-03 -1.412789e-01 1.082356e-03 1.165373e-03 9.999988e-01 4.577516e+00
9.999891e-01 1.106711e-04 4.659931e-03 2.690830e-01 -1.147753e-04 9.999996e-01 8.805037e-04 -1.349078e-01 -4.659823e-03 -8.810307e-04 9.999887e-01 4.459692e+00
9.999991e-01 -1.204842e-04 -1.315900e-03 2.818813e-01 1.190062e-04 9.999994e-01 -1.123141e-03 -1.338233e-01 1.316026e-03 1.122985e-03 9.999986e-01 4.410995e+00
9.999892e-01 8.144070e-05 4.639457e-03 3.189558e-01 -8.528488e-05 9.999997e-01 8.284143e-04 -1.342827e-01 -4.639378e-03 -8.288029e-04 9.999888e-01 4.383926e+00
9.999992e-01 -1.290196e-04 -1.221529e-03 4.162566e-01 1.275302e-04 9.999992e-01 -1.219216e-03 -1.385127e-01 1.221676e-03 1.219061e-03 9.999986e-01 4.379335e+00
9.999888e-01 1.213803e-04 4.721407e-03 4.298832e-01 -1.252855e-04 9.999997e-01 8.268649e-04 -1.378572e-01 -4.721295e-03 -8.274491e-04 9.999884e-01 4.337352e+00
9.999982e-01 -1.209151e-04 -1.886267e-03 4.123692e-01 1.187257e-04 9.999993e-01 -1.160745e-03 -1.356202e-01 1.886396e-03 1.160521e-03 9.999976e-01 4.299729e+00
9.999939e-01 1.195496e-04 3.477814e-03 4.152217e-01 -1.215068e-04 9.999998e-01 5.625868e-04 -1.344073e-01 -3.477736e-03 -5.630079e-04 9.999937e-01 4.267025e+00
9.999999e-01 -1.351613e-04 -5.297453e-04 5.777643e-01 1.346299e-04 9.999995e-01 -1.002810e-03 -1.439607e-01 5.298701e-04 1.002741e-03 9.999995e-01 4.335214e+00
9.999962e-01 1.636119e-04 2.751661e-03 1.047407e+00 -1.640893e-04 1.000000e+00 1.733080e-04 -1.737331e-01 -2.751622e-03 -1.737610e-04 9.999961e-01 4.633846e+00
9.999999e-01 -4.109476e-04 -1.999575e-04 1.381663e+00 4.107355e-04 9.999994e-01 -1.059117e-03 -1.942124e-01 2.003816e-04 1.059037e-03 9.999995e-01 4.835944e+00
9.999945e-01 2.991246e-04 3.293755e-03 1.488527e+00 -3.011750e-04 9.999998e-01 6.220796e-04 -1.975031e-01 -3.293557e-03 -6.230704e-04 9.999943e-01 4.779211e+00
9.999999e-01 -3.476162e-04 -1.267756e-04 1.636291e+00 3.474973e-04 9.999995e-01 -9.355298e-04 -2.033105e-01 1.270891e-04 9.354879e-04 9.999997e-01 4.756154e+00
9.999946e-01 2.925825e-04 3.265601e-03 1.898598e+00 -2.947104e-04 9.999997e-01 6.511917e-04 -2.140136e-01 -3.265398e-03 -6.521529e-04 9.999944e-01 4.715511e+00
9.999999e-01 -3.942254e-04 -2.075818e-04 2.108599e+00 3.940322e-04 9.999995e-01 -9.293957e-04 -2.234466e-01 2.079359e-04 9.293161e-04 9.999996e-01 4.713308e+00
9.999952e-01 2.890895e-04 3.098698e-03 2.361397e+00 -2.912677e-04 9.999997e-01 7.025769e-04 -2.363564e-01 -3.098481e-03 -7.034783e-04 9.999949e-01 4.742125e+00
9.999999e-01 -4.018366e-04 -3.343944e-04 2.661819e+00 4.015300e-04 9.999995e-01 -9.161828e-04 -2.512536e-01 3.347496e-04 9.160508e-04 9.999996e-01 4.761416e+00
9.999971e-01 2.811987e-04 2.382338e-03 2.871125e+00 -2.825823e-04 9.999998e-01 5.805563e-04 -2.619762e-01 -2.382161e-03 -5.812302e-04 9.999969e-01 4.794368e+00
9.999999e-01 -3.682532e-04 2.678154e-04 3.145417e+00 3.684629e-04 9.999996e-01 -7.839901e-04 -2.750402e-01 -2.675399e-04 7.840912e-04 9.999998e-01 4.802376e+00
9.999973e-01 2.441810e-04 2.289588e-03 3.446994e+00 -2.455683e-04 9.999998e-01 6.057250e-04 -2.897270e-01 -2.289427e-03 -6.062881e-04 9.999971e-01 4.818979e+00
9.999942e-01 -4.456328e-04 -3.384484e-03 3.769062e+00 4.408246e-04 9.999989e-01 -1.421234e-03 -3.072096e-01 3.385100e-03 1.419737e-03 9.999934e-01 4.892487e+00
9.999856e-01 3.037108e-04 5.357633e-03 4.084936e+00 -3.091856e-04 9.999994e-01 1.021119e-03 -3.238350e-01 -5.357307e-03 -1.022763e-03 9.999850e-01 4.943908e+00
9.999961e-01 -4.891257e-04 -2.733869e-03 4.483223e+00 4.852885e-04 9.999989e-01 -1.403986e-03 -3.442959e-01 2.734539e-03 1.402656e-03 9.999954e-01 4.993100e+00
9.999847e-01 3.356788e-04 5.520453e-03 4.791874e+00 -3.414848e-04 9.999994e-01 1.050852e-03 -3.612849e-01 -5.520083e-03 -1.052724e-03 9.999841e-01 5.068686e+00
9.999962e-01 -4.573378e-04 -2.734932e-03 5.166489e+00 4.536186e-04 9.999990e-01 -1.360252e-03 -3.807537e-01 2.735537e-03 1.359008e-03 9.999954e-01 5.125480e+00
9.999852e-01 2.961133e-04 5.428920e-03 5.603256e+00 -3.015480e-04 9.999995e-01 1.000327e-03 -4.032304e-01 -5.428606e-03 -1.001952e-03 9.999847e-01 5.181751e+00
9.999962e-01 -4.439178e-04 -2.726322e-03 6.037388e+00 4.403619e-04 9.999991e-01 -1.304660e-03 -4.259956e-01 2.726884e-03 1.303457e-03 9.999955e-01 5.248780e+00
9.999849e-01 3.032871e-04 5.482340e-03 6.428391e+00 -3.088620e-04 9.999994e-01 1.016097e-03 -4.466084e-01 -5.482014e-03 -1.017778e-03 9.999844e-01 5.319128e+00
9.999959e-01 -4.595287e-04 -2.825705e-03 6.840250e+00 4.556016e-04 9.999989e-01 -1.390182e-03 -4.681245e-01 2.826325e-03 1.388892e-03 9.999951e-01 5.390834e+00
9.999852e-01 3.390271e-04 5.424905e-03 7.269145e+00 -3.447458e-04 9.999994e-01 1.053316e-03 -4.899063e-01 -5.424528e-03 -1.055173e-03 9.999846e-01 5.437912e+00
9.999963e-01 -3.885798e-04 -2.679864e-03 7.355284e+00 3.850182e-04 9.999990e-01 -1.329302e-03 -4.961839e-01 2.680362e-03 1.328269e-03 9.999956e-01 5.522760e+00
9.999848e-01 3.512765e-04 5.504461e-03 7.446500e+00 -3.572524e-04 9.999993e-01 1.084741e-03 -5.035752e-01 -5.504061e-03 -1.086694e-03 9.999842e-01 5.625315e+00
9.999965e-01 -4.594905e-04 -2.618679e-03 7.713082e+00 4.557034e-04 9.999988e-01 -1.446507e-03 -5.173918e-01 2.619324e-03 1.445311e-03 9.999956e-01 5.661016e+00
9.999859e-01 3.935614e-04 5.294120e-03 8.117733e+00 -3.990591e-04 9.999994e-01 1.037500e-03 -5.373761e-01 -5.293692e-03 -1.039601e-03 9.999853e-01 5.689712e+00
9.999966e-01 -4.871422e-04 -2.553329e-03 8.576064e+00 4.833539e-04 9.999988e-01 -1.484003e-03 -5.593226e-01 2.554032e-03 1.482766e-03 9.999957e-01 5.695059e+00
9.999858e-01 4.455989e-04 5.311306e-03 9.007969e+00 -4.515921e-04 9.999993e-01 1.127290e-03 -5.791667e-01 -5.310783e-03 -1.129676e-03 9.999852e-01 5.679118e+00
9.999977e-01 -4.783028e-04 -2.114896e-03 9.247554e+00 4.751647e-04 9.999988e-01 -1.483929e-03 -5.882518e-01 2.115586e-03 1.482924e-03 9.999968e-01 5.610930e+00
9.999858e-01 3.956042e-04 5.322885e-03 9.382349e+00 -4.020539e-04 9.999992e-01 1.210721e-03 -5.931119e-01 -5.322384e-03 -1.212847e-03 9.999850e-01 5.574013e+00
9.999980e-01 -4.637408e-04 -1.924449e-03 9.514153e+00 4.606368e-04 9.999986e-01 -1.612924e-03 -5.962591e-01 1.925176e-03 1.612037e-03 9.999969e-01 5.477487e+00
9.999859e-01 3.837545e-04 5.302108e-03 9.587646e+00 -3.897657e-04 9.999993e-01 1.132822e-03 -5.958250e-01 -5.301651e-03 -1.134876e-03 9.999852e-01 5.320198e+00
9.999981e-01 -5.220640e-04 -1.879278e-03 9.619434e+00 5.192314e-04 9.999987e-01 -1.507294e-03 -5.936884e-01 1.880043e-03 1.506318e-03 9.999972e-01 5.201980e+00
9.999881e-01 4.120701e-04 4.859447e-03 9.617916e+00 -4.175077e-04 9.999993e-01 1.118087e-03 -5.910251e-01 -4.858964e-03 -1.120106e-03 9.999875e-01 5.108732e+00
9.999986e-01 -6.129621e-04 -1.529531e-03 9.657434e+00 6.103095e-04 9.999983e-01 -1.733878e-03 -5.865713e-01 1.530571e-03 1.732946e-03 9.999974e-01 4.892051e+00
9.999869e-01 4.332568e-04 5.108593e-03 9.667008e+00 -4.383580e-04 9.999994e-01 9.975421e-04 -5.799488e-01 -5.108138e-03 -9.997718e-04 9.999864e-01 4.590672e+00
9.999975e-01 -5.164248e-04 -2.173280e-03 9.633493e+00 5.134419e-04 9.999989e-01 -1.372717e-03 -5.761634e-01 2.173967e-03 1.371601e-03 9.999968e-01 4.508417e+00
9.999966e-01 5.553572e-04 2.559623e-03 9.607299e+00 -5.571552e-04 9.999996e-01 7.019400e-04 -5.749666e-01 -2.559212e-03 -7.033672e-04 9.999964e-01 4.534771e+00
9.999998e-01 -6.444167e-04 6.087874e-05 9.744150e+00 6.444827e-04 9.999992e-01 -1.095808e-03 -5.801797e-01 -6.019305e-05 1.095851e-03 9.999995e-01 4.516979e+00
9.999959e-01 5.922497e-04 2.795565e-03 1.002573e+01 -5.943937e-04 9.999995e-01 7.663039e-04 -5.910946e-01 -2.795089e-03 -7.679660e-04 9.999957e-01 4.452943e+00
9.999998e-01 -6.739611e-04 -2.048465e-04 1.025616e+01 6.737544e-04 9.999993e-01 -1.005175e-03 -6.025250e-01 2.055027e-04 1.005040e-03 9.999996e-01 4.479909e+00
9.999994e-01 5.817348e-04 9.649651e-04 1.044493e+01 -5.821603e-04 9.999997e-01 4.411650e-04 -6.116341e-01 -9.646871e-04 -4.417301e-04 9.999993e-01 4.510750e+00
9.999976e-01 -6.559347e-04 2.081903e-03 1.056282e+01 6.575080e-04 9.999995e-01 -7.553010e-04 -6.158510e-01 -2.081428e-03 7.566718e-04 9.999976e-01 4.487768e+00
9.999995e-01 5.666640e-04 8.021090e-04 1.066113e+01 -5.668475e-04 9.999998e-01 2.291373e-04 -6.189509e-01 -8.019573e-04 -2.295956e-04 9.999996e-01 4.447541e+00
9.999976e-01 -7.021962e-04 2.079485e-03 1.075196e+01 7.035352e-04 9.999995e-01 -6.434295e-04 -6.241537e-01 -2.079054e-03 6.448948e-04 9.999977e-01 4.482739e+00
9.999995e-01 7.535983e-04 7.199226e-04 1.075715e+01 -7.539045e-04 9.999996e-01 4.258315e-04 -6.274727e-01 -7.195792e-04 -4.263778e-04 9.999996e-01 4.599335e+00
9.999976e-01 -7.539365e-04 2.050631e-03 1.084118e+01 7.550567e-04 9.999996e-01 -5.457596e-04 -6.339320e-01 -2.050242e-03 5.473105e-04 9.999978e-01 4.693932e+00
9.999997e-01 6.766881e-04 -4.654058e-04 1.089850e+01 -6.765677e-04 9.999997e-01 2.577688e-04 -6.369711e-01 4.656028e-04 -2.574577e-04 9.999998e-01 4.739420e+00
9.999958e-01 -6.732626e-04 2.820776e-03 1.087686e+01 6.746674e-04 9.999996e-01 -4.972478e-04 -6.368652e-01 -2.820463e-03 4.991527e-04 9.999960e-01 4.789868e+00
9.999933e-01 7.517437e-04 -3.581883e-03 1.087439e+01 -7.524247e-04 9.999997e-01 -1.889021e-04 -6.399882e-01 3.581763e-03 1.915920e-04 9.999935e-01 4.914099e+00
9.999986e-01 -7.321756e-04 1.483110e-03 1.091270e+01 7.332330e-04 9.999995e-01 -7.129124e-04 -6.466883e-01 -1.482610e-03 7.140029e-04 9.999987e-01 5.084306e+00
9.999990e-01 6.908851e-04 1.258396e-03 1.098947e+01 -6.913395e-04 9.999997e-01 3.610152e-04 -6.582526e-01 -1.258123e-03 -3.618889e-04 9.999990e-01 5.366413e+00
9.999989e-01 -7.774820e-04 1.246474e-03 1.114991e+01 7.781268e-04 9.999996e-01 -5.173100e-04 -6.691609e-01 -1.246094e-03 5.182835e-04 9.999992e-01 5.482492e+00
9.999986e-01 7.353251e-04 1.479996e-03 1.128772e+01 -7.359485e-04 9.999996e-01 4.210565e-04 -6.788255e-01 -1.479663e-03 -4.221492e-04 9.999987e-01 5.585356e+00
9.999967e-01 -8.014949e-04 -2.458541e-03 1.137335e+01 7.988905e-04 9.999991e-01 -1.059958e-03 -6.846757e-01 2.459365e-03 1.057994e-03 9.999965e-01 5.664229e+00
9.999881e-01 6.982244e-04 4.826020e-03 1.148290e+01 -7.030372e-04 9.999993e-01 9.957402e-04 -6.915126e-01 -4.825297e-03 -9.991254e-04 9.999878e-01 5.731861e+00
9.999934e-01 -8.415414e-04 -3.538330e-03 1.165721e+01 8.371043e-04 9.999989e-01 -1.255166e-03 -6.999177e-01 3.539358e-03 1.252200e-03 9.999931e-01 5.756797e+00
9.999850e-01 6.911702e-04 5.434013e-03 1.192545e+01 -6.967212e-04 9.999992e-01 1.019789e-03 -7.120582e-01 -5.433280e-03 -1.023564e-03 9.999846e-01 5.753206e+00
9.999944e-01 -8.438343e-04 -3.237985e-03 1.231726e+01 8.403821e-04 9.999991e-01 -1.067213e-03 -7.298033e-01 3.238859e-03 1.064490e-03 9.999943e-01 5.735847e+00
9.999959e-01 6.013954e-04 2.785506e-03 1.256850e+01 -6.029119e-04 9.999997e-01 5.437942e-04 -7.431864e-01 -2.785154e-03 -5.454757e-04 9.999959e-01 5.782874e+00
9.999993e-01 -7.606283e-04 -9.003174e-04 1.272912e+01 7.600204e-04 9.999995e-01 -6.747053e-04 -7.527629e-01 9.008060e-04 6.740249e-04 9.999995e-01 5.853301e+00
9.999995e-01 6.234407e-04 8.384159e-04 1.289397e+01 -6.235597e-04 9.999998e-01 1.423462e-04 -7.630252e-01 -8.383028e-04 -1.428732e-04 9.999995e-01 5.936813e+00
9.999997e-01 -7.849524e-04 -8.679345e-06 1.304358e+01 7.849477e-04 9.999996e-01 -4.697334e-04 -7.730977e-01 9.023790e-06 4.697309e-04 1.000000e+00 6.035058e+00
9.999997e-01 7.124741e-04 1.167749e-04 1.312819e+01 -7.124642e-04 9.999997e-01 -7.977877e-05 -7.806634e-01 -1.168074e-04 7.969114e-05 9.999999e-01 6.157768e+00
9.999971e-01 -7.734810e-04 2.269674e-03 1.320445e+01 7.735157e-04 9.999997e-01 -1.466123e-05 -7.862580e-01 -2.269686e-03 1.642126e-05 9.999975e-01 6.235604e+00
9.999994e-01 7.157692e-04 -7.825290e-04 1.328038e+01 -7.160160e-04 9.999997e-01 -3.158094e-04 -7.917953e-01 7.823273e-04 3.163650e-04 9.999995e-01 6.315144e+00
9.999997e-01 -7.940010e-04 -1.029821e-04 1.334023e+01 7.939661e-04 9.999996e-01 -3.335245e-04 -7.976662e-01 1.032223e-04 3.334472e-04 1.000000e+00 6.426298e+00
9.999997e-01 6.913787e-04 -2.359049e-04 1.346658e+01 -6.914277e-04 9.999997e-01 -2.100780e-04 -8.054423e-01 2.357841e-04 2.102365e-04 9.999999e-01 6.496371e+00
9.999983e-01 -8.079945e-04 1.628737e-03 1.366690e+01 8.081015e-04 9.999997e-01 -6.538751e-05 -8.165675e-01 -1.628709e-03 6.670822e-05 9.999988e-01 6.553473e+00
9.999990e-01 7.207677e-04 1.203730e-03 1.384119e+01 -7.206545e-04 9.999997e-01 -9.394500e-05 -8.253987e-01 -1.203772e-03 9.307281e-05 9.999992e-01 6.583558e+00
9.999986e-01 -8.030977e-04 1.438469e-03 1.397596e+01 8.032836e-04 9.999997e-01 -1.290852e-04 -8.326312e-01 -1.438390e-03 1.302452e-04 9.999991e-01 6.627725e+00
9.999982e-01 7.548889e-04 1.750053e-03 1.404655e+01 -7.548865e-04 9.999997e-01 -1.665435e-06 -8.365595e-01 -1.750028e-03 3.396829e-07 9.999984e-01 6.667039e+00
9.999992e-01 -7.740417e-04 1.046963e-03 1.413128e+01 7.742464e-04 9.999997e-01 -1.956836e-04 -8.409606e-01 -1.046837e-03 1.964987e-04 9.999995e-01 6.704347e+00
9.999978e-01 7.200319e-04 1.944645e-03 1.432190e+01 -7.199278e-04 9.999997e-01 -5.390553e-05 -8.487785e-01 -1.944657e-03 5.250071e-05 9.999980e-01 6.689044e+00
9.999990e-01 -8.297450e-04 1.123885e-03 1.451615e+01 8.300676e-04 9.999996e-01 -2.871578e-04 -8.570085e-01 -1.123672e-03 2.880952e-04 9.999994e-01 6.674709e+00
9.999983e-01 7.781191e-04 1.653854e-03 1.480940e+01 -7.781152e-04 9.999997e-01 -2.590881e-06 -8.737712e-01 -1.653829e-03 1.299226e-06 9.999985e-01 6.773913e+00
9.999992e-01 -8.732407e-04 9.104365e-04 1.517658e+01 8.735467e-04 9.999996e-01 -3.364853e-04 -8.935048e-01 -9.101691e-04 3.372852e-04 9.999996e-01 6.861112e+00
9.999973e-01 7.839653e-04 2.192792e-03 1.537123e+01 -7.837709e-04 9.999997e-01 -8.920683e-05 -8.997478e-01 -2.192834e-03 8.748311e-05 9.999975e-01 6.763465e+00
9.999991e-01 -8.670860e-04 1.002219e-03 1.548291e+01 8.674290e-04 9.999996e-01 -3.425870e-04 -9.019134e-01 -1.001949e-03 3.434609e-04 9.999995e-01 6.666589e+00
9.999988e-01 7.747996e-04 1.355293e-03 1.571735e+01 -7.748438e-04 9.999997e-01 3.265335e-05 -9.144473e-01 -1.355239e-03 -3.370836e-05 9.999990e-01 6.717173e+00
9.999987e-01 -8.456411e-04 1.403953e-03 1.599072e+01 8.460564e-04 9.999996e-01 -2.957320e-04 -9.271107e-01 -1.403730e-03 2.969244e-04 9.999991e-01 6.722727e+00
9.999986e-01 7.859943e-04 1.493971e-03 1.624251e+01 -7.859716e-04 9.999997e-01 -1.532221e-05 -9.373159e-01 -1.493954e-03 1.414301e-05 9.999988e-01 6.680585e+00
9.999985e-01 -8.591154e-04 1.526743e-03 1.639310e+01 8.595201e-04 9.999996e-01 -2.649185e-04 -9.449437e-01 -1.526544e-03 2.662354e-04 9.999989e-01 6.703856e+00
9.999985e-01 7.946097e-04 -1.551293e-03 1.664464e+01 -7.951638e-04 9.999996e-01 -3.570941e-04 -9.591763e-01 1.551037e-03 3.583221e-04 9.999986e-01 6.778978e+00
9.999911e-01 -9.766113e-04 4.093544e-03 1.690958e+01 9.762304e-04 9.999995e-01 9.487767e-05 -9.733187e-01 -4.093663e-03 -9.087548e-05 9.999917e-01 6.830879e+00
9.999945e-01 8.767754e-04 -3.210938e-03 1.714858e+01 -8.786232e-04 9.999994e-01 -5.743500e-04 -9.845394e-01 3.210461e-03 5.771629e-04 9.999946e-01 6.840363e+00
9.999812e-01 -1.022247e-03 6.045132e-03 1.740665e+01 1.020245e-03 9.999994e-01 3.341247e-04 -9.973563e-01 -6.045499e-03 -3.279457e-04 9.999818e-01 6.866134e+00
9.999947e-01 7.254359e-04 -3.174109e-03 1.797501e+01 -7.281003e-04 9.999994e-01 -8.385933e-04 -1.028977e+00 3.173528e-03 8.408947e-04 9.999945e-01 6.989085e+00
9.999828e-01 -1.035781e-03 5.776640e-03 1.892137e+01 1.034567e-03 9.999994e-01 2.129518e-04 -1.077746e+00 -5.776887e-03 -2.069665e-04 9.999834e-01 7.063247e+00
9.999929e-01 3.080523e-04 -3.745814e-03 2.036341e+01 -3.129880e-04 9.999991e-01 -1.317356e-03 -1.158249e+00 3.745434e-03 1.318514e-03 9.999920e-01 7.529766e+00
9.999881e-01 -1.147527e-03 4.735777e-03 2.169550e+01 1.145405e-03 9.999992e-01 4.504943e-04 -1.236625e+00 -4.736320e-03 -4.450591e-04 9.999888e-01 8.135863e+00
9.999974e-01 8.348637e-04 -2.139909e-03 2.280201e+01 -8.372341e-04 9.999990e-01 -1.107481e-03 -1.292520e+00 2.139012e-03 1.109264e-03 9.999970e-01 8.197221e+00
9.999901e-01 -1.003067e-03 4.325618e-03 2.392094e+01 1.001395e-03 9.999994e-01 3.884396e-04 -1.347173e+00 -4.326036e-03 -3.840985e-04 9.999907e-01 8.214660e+00
9.999981e-01 8.166965e-04 -1.780154e-03 2.474956e+01 -8.182559e-04 9.999993e-01 -8.759736e-04 -1.389006e+00 1.779468e-03 8.774228e-04 9.999979e-01 8.267174e+00
9.999906e-01 -1.097802e-03 4.194492e-03 2.547324e+01 1.096086e-03 9.999993e-01 4.111721e-04 -1.426922e+00 -4.194971e-03 -4.065649e-04 9.999912e-01 8.365034e+00
9.999987e-01 1.060654e-03 -1.194762e-03 2.553620e+01 -1.061727e-03 9.999990e-01 -8.985436e-04 -1.436203e+00 1.193839e-03 8.998052e-04 9.999988e-01 8.557915e+00
9.999892e-01 -1.060224e-03 4.525649e-03 2.552347e+01 1.058338e-03 9.999994e-01 4.187270e-04 -1.442256e+00 -4.526121e-03 -4.139269e-04 9.999898e-01 8.765989e+00
9.999978e-01 9.694932e-04 -1.858662e-03 2.574788e+01 -9.713088e-04 9.999991e-01 -9.766801e-04 -1.455727e+00 1.857746e-03 9.784774e-04 9.999977e-01 8.876346e+00
9.999878e-01 -1.098362e-03 4.814518e-03 2.599785e+01 1.095853e-03 9.999993e-01 5.235633e-04 -1.467225e+00 -4.815122e-03 -5.182750e-04 9.999884e-01 8.871505e+00
9.999973e-01 1.041645e-03 -2.081679e-03 2.630815e+01 -1.043955e-03 9.999988e-01 -1.108974e-03 -1.480823e+00 2.080554e-03 1.111138e-03 9.999971e-01 8.851189e+00
9.999888e-01 -1.122145e-03 4.598285e-03 2.673531e+01 1.120172e-03 9.999993e-01 4.313851e-04 -1.502231e+00 -4.598798e-03 -4.262233e-04 9.999894e-01 8.898351e+00
9.999973e-01 9.916982e-04 -2.087404e-03 2.705883e+01 -9.939437e-04 9.999989e-01 -1.075504e-03 -1.519763e+00 2.086368e-03 1.077569e-03 9.999971e-01 8.981620e+00
9.999870e-01 -1.013005e-03 5.007721e-03 2.722612e+01 1.009805e-03 9.999993e-01 6.412926e-04 -1.530439e+00 -5.008400e-03 -6.362212e-04 9.999874e-01 9.071942e+00
9.999976e-01 9.535485e-04 -1.990200e-03 2.742203e+01 -9.556222e-04 9.999990e-01 -1.041789e-03 -1.541594e+00 1.989237e-03 1.043682e-03 9.999974e-01 9.134471e+00
9.999865e-01 -9.603185e-04 5.115997e-03 2.770632e+01 9.578940e-04 9.999994e-01 4.761334e-04 -1.554478e+00 -5.116485e-03 -4.712201e-04 9.999869e-01 9.119051e+00
9.999980e-01 9.188628e-04 -1.783759e-03 2.790217e+01 -9.205833e-04 9.999991e-01 -9.645841e-04 -1.562965e+00 1.782905e-03 9.662180e-04 9.999978e-01 9.091263e+00
9.999864e-01 -8.491766e-04 5.150125e-03 2.799093e+01 8.469676e-04 9.999995e-01 4.308856e-04 -1.568359e+00 -5.150522e-03 -4.265113e-04 9.999867e-01 9.113588e+00
9.999974e-01 8.708253e-04 -2.115727e-03 2.813096e+01 -8.726116e-04 9.999993e-01 -8.440867e-04 -1.578442e+00 2.115025e-03 8.459243e-04 9.999973e-01 9.223305e+00
9.999867e-01 -9.362898e-04 5.065352e-03 2.838922e+01 9.343313e-04 9.999995e-01 3.887803e-04 -1.593284e+00 -5.065748e-03 -3.840360e-04 9.999872e-01 9.305870e+00
9.999972e-01 8.917813e-04 -2.187816e-03 2.862600e+01 -8.936474e-04 9.999992e-01 -8.526660e-04 -1.608673e+00 2.187089e-03 8.546123e-04 9.999971e-01 9.441964e+00
9.999866e-01 -9.760658e-04 5.080749e-03 2.891421e+01 9.744652e-04 9.999995e-01 3.172627e-04 -1.625929e+00 -5.081091e-03 -3.123009e-04 9.999871e-01 9.556781e+00
9.999974e-01 8.558408e-04 -2.129496e-03 2.927490e+01 -8.577231e-04 9.999992e-01 -8.836973e-04 -1.645400e+00 2.128774e-03 8.855149e-04 9.999972e-01 9.624634e+00
9.999879e-01 -1.006988e-03 4.817848e-03 2.996499e+01 1.005837e-03 9.999995e-01 2.409483e-04 -1.679809e+00 -4.818123e-03 -2.360927e-04 9.999885e-01 9.659734e+00
9.999971e-01 8.229775e-04 -2.265630e-03 3.054980e+01 -8.244950e-04 9.999994e-01 -6.694921e-04 -1.708932e+00 2.265114e-03 6.713515e-04 9.999971e-01 9.688631e+00
9.999866e-01 -9.001901e-04 5.099294e-03 3.081755e+01 8.982488e-04 9.999995e-01 3.827208e-04 -1.722634e+00 -5.099672e-03 -3.781285e-04 9.999870e-01 9.725876e+00
9.999971e-01 7.606651e-04 -2.281942e-03 3.115975e+01 -7.623721e-04 9.999994e-01 -7.478401e-04 -1.739554e+00 2.281409e-03 7.495709e-04 9.999970e-01 9.755228e+00
9.999866e-01 -8.853948e-04 5.107430e-03 3.148475e+01 8.836736e-04 9.999996e-01 3.389805e-04 -1.756236e+00 -5.107765e-03 -3.344559e-04 9.999870e-01 9.801495e+00
9.999974e-01 8.164028e-04 -2.143666e-03 3.176103e+01 -8.179548e-04 9.999994e-01 -7.238499e-04 -1.772006e+00 2.143111e-03 7.255946e-04 9.999973e-01 9.879559e+00
9.999868e-01 -8.632705e-04 5.061693e-03 3.201236e+01 8.613652e-04 9.999996e-01 3.783236e-04 -1.788276e+00 -5.062055e-03 -3.739517e-04 9.999872e-01 1.001039e+01
9.999972e-01 7.835427e-04 -2.245970e-03 3.228451e+01 -7.853277e-04 9.999994e-01 -7.945696e-04 -1.802829e+00 2.245383e-03 7.963243e-04 9.999971e-01 1.006775e+01
9.999863e-01 -8.832775e-04 5.160649e-03 3.261689e+01 8.814754e-04 9.999995e-01 3.511880e-04 -1.821011e+00 -5.160995e-03 -3.466272e-04 9.999867e-01 1.013798e+01
9.999972e-01 7.799102e-04 -2.211125e-03 3.300109e+01 -7.816615e-04 9.999994e-01 -7.919030e-04 -1.843147e+00 2.210544e-03 7.936223e-04 9.999971e-01 1.024513e+01
9.999876e-01 -8.377637e-04 4.912837e-03 3.336211e+01 8.361291e-04 9.999996e-01 3.344760e-04 -1.864311e+00 -4.913154e-03 -3.303570e-04 9.999880e-01 1.037089e+01
9.999978e-01 7.775838e-04 -1.957769e-03 3.360113e+01 -7.789626e-04 9.999994e-01 -7.043373e-04 -1.876696e+00 1.957259e-03 7.058537e-04 9.999977e-01 1.040877e+01
9.999877e-01 -6.813337e-04 4.921071e-03 3.375514e+01 6.794401e-04 9.999997e-01 3.861770e-04 -1.886039e+00 -4.921372e-03 -3.828215e-04 9.999879e-01 1.047662e+01
9.999983e-01 6.685955e-04 -1.708038e-03 3.381237e+01 -6.697031e-04 9.999996e-01 -6.488526e-04 -1.890992e+00 1.707643e-03 6.499883e-04 9.999982e-01 1.056554e+01
9.999881e-01 -7.452533e-04 4.814358e-03 3.397936e+01 7.432831e-04 9.999996e-01 4.107081e-04 -1.899677e+00 -4.814702e-03 -4.071176e-04 9.999884e-01 1.060039e+01
9.999983e-01 6.762514e-04 -1.694846e-03 3.423443e+01 -6.775196e-04 9.999995e-01 -7.486994e-04 -1.911069e+00 1.694379e-03 7.498393e-04 9.999982e-01 1.058866e+01
9.999890e-01 -7.019013e-04 4.641806e-03 3.476570e+01 7.012308e-04 9.999997e-01 1.457559e-04 -1.943635e+00 -4.641947e-03 -1.424921e-04 9.999893e-01 1.087694e+01
9.999982e-01 5.226636e-04 -1.825771e-03 3.530910e+01 -5.236380e-04 9.999997e-01 -5.341103e-04 -1.992232e+00 1.825531e-03 5.350581e-04 9.999981e-01 1.172423e+01
9.999885e-01 -5.996445e-04 4.757394e-03 3.564213e+01 5.983828e-04 9.999998e-01 2.663084e-04 -2.036176e+00 -4.757593e-03 -2.634513e-04 9.999887e-01 1.274521e+01
9.999978e-01 4.555142e-04 -2.059638e-03 3.604051e+01 -4.568971e-04 9.999997e-01 -6.717668e-04 -2.071670e+00 2.059372e-03 6.726990e-04 9.999976e-01 1.333861e+01
9.999867e-01 -6.745875e-04 5.116447e-03 3.679261e+01 6.744469e-04 9.999998e-01 2.888638e-05 -2.125377e+00 -5.116506e-03 -2.542782e-05 9.999870e-01 1.401038e+01
9.999961e-01 4.253573e-04 -2.747002e-03 3.724813e+01 -4.261964e-04 9.999999e-01 -3.054845e-04 -2.163812e+00 2.746913e-03 3.066467e-04 9.999961e-01 1.462814e+01
9.999844e-01 -4.767827e-04 5.563052e-03 3.748471e+01 4.763257e-04 9.999999e-01 8.318378e-05 -2.179741e+00 -5.563133e-03 -8.052521e-05 9.999846e-01 1.478050e+01
9.999970e-01 4.169705e-04 -2.417601e-03 3.763713e+01 -4.178849e-04 9.999998e-01 -3.784125e-04 -2.189544e+00 2.417485e-03 3.794142e-04 9.999969e-01 1.486583e+01
9.999848e-01 -5.082441e-04 5.488700e-03 3.778673e+01 5.077380e-04 9.999999e-01 9.330456e-05 -2.195377e+00 -5.488788e-03 -9.050882e-05 9.999850e-01 1.482907e+01
9.999958e-01 3.235632e-04 -2.883928e-03 3.811970e+01 -3.245921e-04 9.999999e-01 -3.568902e-04 -2.213468e+00 2.883855e-03 3.578173e-04 9.999957e-01 1.490049e+01
9.999848e-01 -4.452953e-04 5.500229e-03 3.845610e+01 4.454575e-04 9.999999e-01 -2.857483e-05 -2.229333e+00 -5.500258e-03 3.103208e-05 9.999850e-01 1.490664e+01
9.999958e-01 3.366147e-04 -2.894016e-03 3.876775e+01 -3.373629e-04 9.999999e-01 -2.586594e-04 -2.241076e+00 2.893972e-03 2.596271e-04 9.999957e-01 1.483144e+01
9.999836e-01 -4.177306e-04 5.716721e-03 3.906045e+01 4.178133e-04 9.999999e-01 -1.357414e-05 -2.255565e+00 -5.716758e-03 1.597006e-05 9.999838e-01 1.485421e+01
9.999953e-01 3.016661e-04 -3.036630e-03 3.945301e+01 -3.024066e-04 9.999999e-01 -2.439913e-04 -2.280216e+00 3.036600e-03 2.449009e-04 9.999953e-01 1.504661e+01
9.999836e-01 -4.513260e-04 5.704625e-03 3.978119e+01 4.507712e-04 9.999999e-01 9.822364e-05 -2.299167e+00 -5.704713e-03 -9.564289e-05 9.999838e-01 1.515500e+01
9.999918e-01 3.540576e-04 -4.024158e-03 3.995956e+01 -3.556177e-04 9.999999e-01 -3.874172e-04 -2.309125e+00 4.024064e-03 3.888374e-04 9.999917e-01 1.520972e+01
9.999777e-01 -4.340332e-04 6.668202e-03 4.020246e+01 4.323548e-04 9.999999e-01 2.528861e-04 -2.324062e+00 -6.668355e-03 -2.499897e-04 9.999778e-01 1.532450e+01
9.999910e-01 3.045742e-04 -4.234054e-03 4.047527e+01 -3.061269e-04 9.999999e-01 -3.665102e-04 -2.345488e+00 4.233987e-03 3.677953e-04 9.999909e-01 1.563520e+01
9.999762e-01 -4.548727e-04 6.881398e-03 4.074184e+01 4.535909e-04 9.999999e-01 1.875691e-04 -2.363952e+00 -6.881527e-03 -1.844356e-04 9.999764e-01 1.583229e+01
9.999930e-01 3.992590e-04 -3.720625e-03 4.085427e+01 -4.003824e-04 9.999999e-01 -3.016954e-04 -2.372041e+00 3.720549e-03 3.031752e-04 9.999929e-01 1.591813e+01
9.999761e-01 -4.145393e-04 6.908190e-03 4.086262e+01 4.130599e-04 9.999999e-01 2.153175e-04 -2.373744e+00 -6.908323e-03 -2.124511e-04 9.999762e-01 1.596357e+01
9.999912e-01 4.427382e-04 -4.166380e-03 4.088986e+01 -4.438847e-04 9.999999e-01 -2.747120e-04 -2.376983e+00 4.166303e-03 2.765513e-04 9.999912e-01 1.603666e+01
9.999718e-01 -4.234576e-04 7.501679e-03 4.097497e+01 4.219587e-04 9.999999e-01 2.011470e-04 -2.383993e+00 -7.501809e-03 -1.979682e-04 9.999719e-01 1.612560e+01
9.999895e-01 3.484006e-04 -4.573958e-03 4.117610e+01 -3.499257e-04 9.999999e-01 -3.330723e-04 -2.396483e+00 4.573887e-03 3.346616e-04 9.999894e-01 1.621645e+01
9.999744e-01 -5.032050e-04 7.141863e-03 4.146164e+01 5.024771e-04 9.999999e-01 1.034481e-04 -2.414382e+00 -7.141961e-03 -9.984904e-05 9.999746e-01 1.637357e+01
9.999903e-01 3.122504e-04 -4.385171e-03 4.176771e+01 -3.137805e-04 9.999999e-01 -3.486849e-04 -2.430404e+00 4.385108e-03 3.500497e-04 9.999902e-01 1.642385e+01
9.999735e-01 -3.801957e-04 7.268618e-03 4.202342e+01 3.810760e-04 9.999999e-01 -1.199924e-04 -2.443502e+00 -7.268619e-03 1.227670e-04 9.999737e-01 1.645023e+01
9.999916e-01 2.048363e-04 -4.088402e-03 4.214380e+01 -2.080221e-04 9.999997e-01 -7.793074e-04 -2.445884e+00 4.088288e-03 7.801435e-04 9.999912e-01 1.629763e+01
9.999752e-01 -2.058711e-05 7.038400e-03 4.210132e+01 2.206655e-05 1.000000e+00 -2.104013e-04 -2.451512e+00 -7.038442e-03 2.105595e-04 9.999753e-01 1.652692e+01
9.997875e-01 6.153208e-05 -2.061449e-02 4.206035e+01 -1.197093e-04 9.999960e-01 -2.821032e-03 -2.476223e+00 2.061428e-02 2.822892e-03 9.997834e-01 1.742103e+01
9.998393e-01 -6.851227e-04 1.791613e-02 4.243742e+01 6.644835e-04 9.999991e-01 1.157800e-03 -2.511886e+00 -1.791695e-02 -1.145700e-03 9.998389e-01 1.807440e+01
9.998813e-01 3.663569e-04 -1.540519e-02 4.281044e+01 -3.884303e-04 9.999989e-01 -1.430026e-03 -2.532379e+00 1.540469e-02 1.435832e-03 9.998802e-01 1.815098e+01
9.998428e-01 -6.993467e-04 1.771871e-02 4.322988e+01 6.758872e-04 9.999989e-01 1.329834e-03 -2.556563e+00 -1.771967e-02 -1.317641e-03 9.998422e-01 1.826769e+01
9.998825e-01 4.234225e-04 -1.532565e-02 4.351548e+01 -4.436854e-04 9.999990e-01 -1.318921e-03 -2.573899e+00 1.532513e-02 1.325558e-03 9.998816e-01 1.839340e+01
9.998458e-01 -7.493186e-04 1.754749e-02 4.393679e+01 7.280738e-04 9.999990e-01 1.216946e-03 -2.599416e+00 -1.754843e-02 -1.203974e-03 9.998454e-01 1.857870e+01
9.998791e-01 2.523225e-04 -1.554757e-02 4.459197e+01 -2.742585e-04 9.999990e-01 -1.408918e-03 -2.638391e+00 1.554724e-02 1.413003e-03 9.998780e-01 1.884137e+01
9.998488e-01 -6.835529e-04 1.737672e-02 4.532534e+01 6.622772e-04 9.999990e-01 1.229981e-03 -2.678451e+00 -1.737759e-02 -1.218278e-03 9.998484e-01 1.902012e+01
9.998824e-01 2.175163e-04 -1.533271e-02 4.595397e+01 -2.382950e-04 9.999991e-01 -1.353520e-03 -2.714488e+00 1.533245e-02 1.357006e-03 9.998814e-01 1.923531e+01
9.998514e-01 -7.449950e-04 1.722323e-02 4.656697e+01 7.229703e-04 9.999989e-01 1.284845e-03 -2.752593e+00 -1.722421e-02 -1.272193e-03 9.998509e-01 1.955426e+01
9.998830e-01 2.239973e-04 -1.529573e-02 4.713395e+01 -2.450916e-04 9.999990e-01 -1.377380e-03 -2.788516e+00 1.529546e-02 1.380959e-03 9.998820e-01 1.986865e+01
9.998515e-01 -6.800732e-04 1.721770e-02 4.765935e+01 6.604550e-04 9.999991e-01 1.144956e-03 -2.821667e+00 -1.721851e-02 -1.133406e-03 9.998512e-01 2.016944e+01
9.998867e-01 3.077688e-04 -1.505124e-02 4.808400e+01 -3.270968e-04 9.999991e-01 -1.281851e-03 -2.846599e+00 1.505088e-02 1.286620e-03 9.998858e-01 2.033528e+01
9.998520e-01 -6.816196e-04 1.719128e-02 4.862962e+01 6.638676e-04 9.999992e-01 1.038175e-03 -2.876802e+00 -1.719202e-02 -1.026599e-03 9.998518e-01 2.049041e+01
9.998808e-01 1.582389e-04 -1.543614e-02 4.949463e+01 -1.796853e-04 9.999990e-01 -1.388136e-03 -2.923719e+00 1.543595e-02 1.390735e-03 9.998798e-01 2.069529e+01
9.998523e-01 -6.970179e-04 1.717567e-02 5.044293e+01 6.802901e-04 9.999993e-01 9.796200e-04 -2.975019e+00 -1.717639e-02 -9.677819e-04 9.998521e-01 2.090788e+01
9.998803e-01 1.833646e-04 -1.546993e-02 5.131011e+01 -2.021895e-04 9.999992e-01 -1.215465e-03 -3.024683e+00 1.546975e-02 1.218439e-03 9.998795e-01 2.120771e+01
9.998509e-01 -6.249488e-04 1.725863e-02 5.213128e+01 6.070541e-04 9.999993e-01 1.041943e-03 -3.069100e+00 -1.725932e-02 -1.031302e-03 9.998506e-01 2.138221e+01
9.998770e-01 8.928754e-05 -1.568156e-02 5.291940e+01 -1.109342e-04 9.999990e-01 -1.379678e-03 -3.113344e+00 1.568147e-02 1.381239e-03 9.998760e-01 2.162110e+01
9.998467e-01 -5.422079e-04 1.750333e-02 5.356392e+01 5.225872e-04 9.999992e-01 1.125390e-03 -3.151742e+00 -1.750398e-02 -1.116062e-03 9.998463e-01 2.189013e+01
9.998708e-01 -9.574995e-05 -1.607304e-02 5.432948e+01 7.246556e-05 9.999989e-01 -1.449388e-03 -3.201754e+00 1.607321e-02 1.448027e-03 9.998697e-01 2.238848e+01
9.998395e-01 -4.499767e-04 1.790774e-02 5.505111e+01 4.284392e-04 9.999992e-01 1.206378e-03 -3.245822e+00 -1.790832e-02 -1.198503e-03 9.998390e-01 2.270242e+01
9.998722e-01 -1.138346e-04 -1.598539e-02 5.577707e+01 9.139021e-05 9.999990e-01 -1.404930e-03 -3.291254e+00 1.598558e-02 1.403280e-03 9.998711e-01 2.308686e+01
9.998477e-01 -5.985686e-04 1.743992e-02 5.648694e+01 5.771250e-04 9.999991e-01 1.234439e-03 -3.340382e+00 -1.744069e-02 -1.224177e-03 9.998472e-01 2.363753e+01
9.998825e-01 4.777189e-05 -1.532917e-02 5.713545e+01 -7.017021e-05 9.999989e-01 -1.460784e-03 -3.381473e+00 1.532913e-02 1.461679e-03 9.998813e-01 2.399247e+01
9.998562e-01 -6.538247e-04 1.694535e-02 5.755155e+01 6.319182e-04 9.999990e-01 1.297949e-03 -3.414815e+00 -1.694623e-02 -1.287045e-03 9.998557e-01 2.447941e+01
9.998883e-01 1.080131e-04 -1.494683e-02 5.807824e+01 -1.284724e-04 9.999991e-01 -1.368015e-03 -3.453117e+00 1.494672e-02 1.369773e-03 9.998873e-01 2.493920e+01
9.998522e-01 -7.050167e-04 1.717966e-02 5.866107e+01 6.837229e-04 9.999990e-01 1.245182e-03 -3.492505e+00 -1.718057e-02 -1.233242e-03 9.998517e-01 2.532371e+01
9.998768e-01 6.006320e-05 -1.569292e-02 5.922248e+01 -8.037147e-05 9.999992e-01 -1.293638e-03 -3.531790e+00 1.569288e-02 1.294731e-03 9.998759e-01 2.578133e+01
9.998495e-01 -7.254150e-04 1.733192e-02 5.974512e+01 7.052685e-04 9.999991e-01 1.168333e-03 -3.572081e+00 -1.733281e-02 -1.155924e-03 9.998492e-01 2.632646e+01
9.998790e-01 1.403117e-04 -1.555274e-02 6.039301e+01 -1.595654e-04 9.999992e-01 -1.236893e-03 -3.616622e+00 1.555260e-02 1.239215e-03 9.998782e-01 2.681120e+01
9.998579e-01 -7.566099e-04 1.684086e-02 6.080287e+01 7.372146e-04 9.999991e-01 1.157713e-03 -3.653186e+00 -1.684178e-02 -1.145124e-03 9.998576e-01 2.744720e+01
9.998929e-01 4.944577e-04 -1.462942e-02 6.097654e+01 -5.126694e-04 9.999991e-01 -1.241323e-03 -3.686895e+00 1.462885e-02 1.248681e-03 9.998921e-01 2.833129e+01
9.998634e-01 -9.709783e-04 1.650227e-02 6.135973e+01 9.522256e-04 9.999989e-01 1.144038e-03 -3.721005e+00 -1.650342e-02 -1.128158e-03 9.998633e-01 2.889731e+01
9.998950e-01 4.864034e-04 -1.447911e-02 6.194627e+01 -5.045211e-04 9.999991e-01 -1.247856e-03 -3.756385e+00 1.447855e-02 1.255021e-03 9.998943e-01 2.915002e+01
9.998623e-01 -8.972622e-04 1.657360e-02 6.258235e+01 8.787522e-04 9.999990e-01 1.123929e-03 -3.792520e+00 -1.657465e-02 -1.109200e-03 9.998621e-01 2.935063e+01
9.998926e-01 3.277536e-04 -1.465320e-02 6.322778e+01 -3.466282e-04 9.999991e-01 -1.285747e-03 -3.831918e+00 1.465281e-02 1.290679e-03 9.998917e-01 2.966920e+01
9.998572e-01 -8.536488e-04 1.688017e-02 6.382158e+01 8.376761e-04 9.999992e-01 9.531343e-04 -3.867117e+00 -1.688102e-02 -9.388486e-04 9.998572e-01 2.989291e+01
9.998954e-01 3.822413e-04 -1.445508e-02 6.422227e+01 -3.984207e-04 9.999993e-01 -1.116615e-03 -3.892166e+00 1.445469e-02 1.122248e-03 9.998948e-01 3.005816e+01
9.998537e-01 -8.020842e-04 1.708724e-02 6.452822e+01 7.852030e-04 9.999992e-01 9.944715e-04 -3.914242e+00 -1.708807e-02 -9.808996e-04 9.998536e-01 3.026347e+01
