9.999963e-01 -2.091593e-04 2.708960e-03 4.413005e-01 2.102028e-04 9.999999e-01 -3.849424e-04 -2.501947e-02 -2.708880e-03 3.855100e-04 9.999964e-01 1.224256e-01
1.000000e+00 1.138354e-06 -2.032048e-04 1.103692e+00 -1.159457e-06 1.000000e+00 -1.039325e-04 -5.940207e-02 2.032052e-04 1.039331e-04 9.999999e-01 1.879755e-01
9.999955e-01 -2.314009e-04 2.984077e-03 1.902042e+00 2.327455e-04 9.999999e-01 -4.502820e-04 -9.976288e-02 -2.983973e-03 4.509742e-04 9.999955e-01 2.259670e-01
9.999999e-01 4.645710e-05 -5.062061e-04 2.938141e+00 -4.654249e-05 1.000000e+00 -1.686969e-04 -1.505015e-01 5.061993e-04 1.687207e-04 9.999998e-01 2.428592e-01
9.999953e-01 -2.215401e-04 3.047136e-03 3.852597e+00 2.231538e-04 9.999998e-01 -5.292765e-04 -1.954855e-01 -3.047019e-03 5.299538e-04 9.999953e-01 2.676470e-01
9.999998e-01 -5.476941e-05 -5.937611e-04 4.530454e+00 5.473782e-05 1.000000e+00 -5.324361e-05 -2.318963e-01 5.937657e-04 5.321124e-05 9.999997e-01 3.888971e-01
9.999948e-01 -2.054595e-04 3.207534e-03 5.199973e+00 2.069589e-04 9.999999e-01 -4.671415e-04 -2.671569e-01 -3.207439e-03 4.678028e-04 9.999948e-01 4.734014e-01
9.999999e-01 2.460990e-05 -4.851571e-04 5.944583e+00 -2.461800e-05 1.000000e+00 -1.671958e-05 -3.041158e-01 4.851588e-04 1.673157e-05 9.999998e-01 4.885645e-01
9.999950e-01 -1.872284e-04 3.165847e-03 6.442895e+00 1.884416e-04 9.999999e-01 -3.829280e-04 -3.299771e-01 -3.165778e-03 3.835227e-04 9.999950e-01 5.344531e-01
1.000000e+00 1.310342e-04 -2.564361e-04 6.668098e+00 -1.310362e-04 1.000000e+00 -7.982172e-06 -3.450331e-01 2.564377e-04 8.015739e-06 9.999999e-01 6.635567e-01
9.999963e-01 -1.155472e-04 2.718505e-03 6.833819e+00 1.165767e-04 9.999999e-01 -3.785270e-04 -3.619229e-01 -2.718464e-03 3.788426e-04 9.999963e-01 9.549560e-01
1.000000e+00 1.722454e-04 3.433282e-05 6.968061e+00 -1.722406e-04 1.000000e+00 -1.400117e-04 -3.738068e-01 -3.435373e-05 1.400057e-04 9.999999e-01 1.132612e+00
9.999951e-01 -8.224738e-05 3.128961e-03 6.961917e+00 8.323796e-05 9.999999e-01 -3.164610e-04 -3.814202e-01 -3.128939e-03 3.167201e-04 9.999952e-01 1.390017e+00
1.000000e+00 1.323318e-04 1.393390e-04 6.976293e+00 -1.323152e-04 1.000000e+00 -1.188230e-04 -3.891396e-01 -1.393508e-04 1.188043e-04 9.999999e-01 1.613912e+00
9.999964e-01 -1.883735e-04 2.664883e-03 7.223557e+00 1.894789e-04 9.999999e-01 -4.145813e-04 -4.063245e-01 -2.664808e-03 4.150851e-04 9.999965e-01 1.773265e+00
1.000000e+00 8.201273e-05 1.049296e-04 7.489868e+00 -8.200712e-05 1.000000e+00 -5.321322e-05 -4.209359e-01 -1.049296e-04 5.320430e-05 9.999999e-01 1.832198e+00
9.999953e-01 -8.686278e-05 3.071271e-03 7.660975e+00 8.842584e-05 9.999999e-01 -5.088076e-04 -4.289806e-01 -3.071231e-03 5.090772e-04 9.999953e-01 1.835414e+00
1.000000e+00 -2.012009e-06 7.501284e-06 7.856179e+00 2.011998e-06 1.000000e+00 5.356972e-06 -4.376363e-01 -7.496263e-06 -5.357379e-06 9.999999e-01 1.825264e+00
9.999955e-01 -1.727775e-05 2.990431e-03 8.007696e+00 1.852526e-05 9.999999e-01 -4.171499e-04 -4.435245e-01 -2.990429e-03 4.172039e-04 9.999955e-01 1.802642e+00
1.000000e+00 -5.905113e-05 9.838004e-05 8.407805e+00 5.907412e-05 1.000000e+00 -2.333336e-04 -4.606616e-01 -9.836062e-05 2.333388e-04 9.999999e-01 1.752133e+00
9.999953e-01 2.388567e-05 3.065257e-03 8.832432e+00 -2.249051e-05 9.999999e-01 -4.551970e-04 -4.778802e-01 -3.065274e-03 4.551265e-04 9.999953e-01 1.653642e+00
1.000000e+00 1.457856e-05 -1.298407e-04 8.983750e+00 -1.458169e-05 1.000000e+00 -2.442097e-05 -4.862624e-01 1.298466e-04 2.442222e-05 9.999999e-01 1.707299e+00
9.999956e-01 -5.925905e-05 2.956267e-03 9.128933e+00 6.030136e-05 9.999999e-01 -3.525013e-04 -4.939959e-01 -2.956252e-03 3.526787e-04 9.999957e-01 1.748429e+00
9.999999e-01 -5.647192e-05 4.848701e-04 9.219733e+00 5.681239e-05 9.999998e-01 -7.021046e-04 -4.893526e-01 -4.848234e-04 7.021313e-04 9.999995e-01 1.375381e+00
9.999943e-01 -1.573994e-04 3.386826e-03 9.224766e+00 1.593981e-04 9.999998e-01 -5.898960e-04 -4.799084e-01 -3.386740e-03 5.904334e-04 9.999942e-01 9.102368e-01
9.999998e-01 -1.017337e-04 6.975628e-04 9.156523e+00 1.020418e-04 9.999999e-01 -4.415846e-04 -4.644320e-01 -6.975101e-04 4.416547e-04 9.999996e-01 3.782928e-01
9.999905e-01 -4.716402e-04 4.335081e-03 8.851066e+00 4.773727e-04 9.999990e-01 -1.321427e-03 -4.224747e-01 -4.334461e-03 1.323485e-03 9.999898e-01 -9.266793e-01
9.999999e-01 1.923632e-04 3.080942e-04 8.972120e+00 -1.921633e-04 9.999998e-01 -6.483086e-04 -4.059540e-01 -3.082102e-04 6.482480e-04 9.999996e-01 -1.892784e+00
9.999947e-01 -1.243626e-04 3.254852e-03 9.735689e+00 1.262220e-04 9.999998e-01 -5.710917e-04 -4.320416e-01 -3.254789e-03 5.715011e-04 9.999946e-01 -2.218312e+00
1.000000e+00 1.296848e-04 1.788538e-04 1.028385e+01 -1.295680e-04 9.999998e-01 -6.521305e-04 -4.479173e-01 -1.789290e-04 6.521057e-04 9.999997e-01 -2.581198e+00
9.999943e-01 -2.596756e-04 3.356533e-03 1.063727e+01 2.614819e-04 9.999998e-01 -5.377382e-04 -4.561369e-01 -3.356403e-03 5.386146e-04 9.999943e-01 -2.919259e+00
9.999997e-01 1.199032e-04 -8.222068e-04 1.097916e+01 -1.200387e-04 1.000000e+00 -1.648599e-04 -4.706869e-01 8.221969e-04 1.649567e-04 9.999995e-01 -2.983654e+00
9.999924e-01 -2.863635e-04 3.889462e-03 1.118997e+01 2.880970e-04 9.999999e-01 -4.451607e-04 -4.802045e-01 -3.889344e-03 4.462797e-04 9.999924e-01 -2.996204e+00
9.999997e-01 1.308019e-04 -7.679550e-04 1.135080e+01 -1.308957e-04 1.000000e+00 -1.223128e-04 -4.851179e-01 7.679496e-04 1.224114e-04 9.999996e-01 -3.099050e+00
9.999904e-01 -3.523470e-04 4.362683e-03 1.145101e+01 3.555899e-04 9.999997e-01 -7.426191e-04 -4.830746e-01 -4.362431e-03 7.441654e-04 9.999903e-01 -3.395946e+00
9.999991e-01 1.839756e-04 -1.352666e-03 1.169422e+01 -1.839164e-04 1.000000e+00 4.379601e-05 -4.909158e-01 1.352686e-03 -4.354930e-05 9.999990e-01 -3.562747e+00
9.999882e-01 -3.224107e-04 4.848330e-03 1.191752e+01 3.264457e-04 9.999996e-01 -8.315022e-04 -4.959559e-01 -4.848071e-03 8.330773e-04 9.999880e-01 -3.787898e+00
9.999981e-01 3.057234e-04 -1.913506e-03 1.205493e+01 -3.051492e-04 9.999999e-01 3.002662e-04 -5.028455e-01 1.913609e-03 -2.996840e-04 9.999980e-01 -3.787690e+00
9.999851e-01 -3.321966e-04 5.440472e-03 1.191854e+01 3.373248e-04 9.999995e-01 -9.417334e-04 -4.921006e-01 -5.440168e-03 9.435569e-04 9.999849e-01 -4.033423e+00
9.999978e-01 1.820930e-04 -2.085468e-03 1.187060e+01 -1.815492e-04 9.999999e-01 2.608564e-04 -4.816724e-01 2.085528e-03 -2.604796e-04 9.999977e-01 -4.388186e+00
9.999868e-01 -3.002289e-04 5.132189e-03 1.212418e+01 3.042908e-04 9.999996e-01 -7.907172e-04 -4.924932e-01 -5.131963e-03 7.922709e-04 9.999866e-01 -4.434454e+00
9.999979e-01 2.062631e-04 -2.043980e-03 1.240062e+01 -2.056918e-04 9.999999e-01 2.795876e-04 -5.046389e-01 2.044050e-03 -2.791691e-04 9.999978e-01 -4.471471e+00
9.999867e-01 -2.441748e-04 5.147295e-03 1.258568e+01 2.476861e-04 9.999997e-01 -6.815659e-04 -5.121866e-01 -5.147141e-03 6.828343e-04 9.999866e-01 -4.505664e+00
9.999981e-01 1.899611e-04 -1.920559e-03 1.268932e+01 -1.894934e-04 1.000000e+00 2.436257e-04 -5.173186e-01 1.920619e-03 -2.432639e-04 9.999980e-01 -4.505757e+00
9.999863e-01 -1.526269e-04 5.239307e-03 1.264994e+01 1.560903e-04 9.999998e-01 -6.606784e-04 -5.149551e-01 -5.239219e-03 6.614898e-04 9.999862e-01 -4.554405e+00
9.999982e-01 1.352771e-04 -1.884265e-03 1.262667e+01 -1.347094e-04 9.999999e-01 3.012789e-04 -5.108106e-01 1.884320e-03 -3.010271e-04 9.999981e-01 -4.691287e+00
9.999818e-01 -3.315119e-04 6.022853e-03 1.259230e+01 3.387955e-04 9.999992e-01 -1.208390e-03 -4.975004e-01 -6.022463e-03 1.210411e-03 9.999812e-01 -5.176310e+00
9.999979e-01 3.459788e-05 -2.039367e-03 1.244309e+01 -3.428113e-05 1.000000e+00 1.552329e-04 -4.775930e-01 2.039388e-03 -1.551655e-04 9.999978e-01 -5.771758e+00
9.999821e-01 -3.956329e-04 5.966963e-03 1.227331e+01 4.024522e-04 9.999993e-01 -1.141724e-03 -4.587536e-01 -5.966523e-03 1.144108e-03 9.999816e-01 -6.327122e+00
9.999985e-01 6.452226e-05 -1.721847e-03 1.201711e+01 -6.428238e-05 1.000000e+00 1.392190e-04 -4.342590e-01 1.721872e-03 -1.391112e-04 9.999984e-01 -6.956707e+00
9.999802e-01 -4.656544e-04 6.275934e-03 1.167768e+01 4.739454e-04 9.999990e-01 -1.319699e-03 -4.069266e-01 -6.275329e-03 1.322650e-03 9.999795e-01 -7.573726e+00
9.999984e-01 8.245500e-05 -1.776324e-03 1.130997e+01 -8.224873e-05 1.000000e+00 1.160277e-04 -3.786821e-01 1.776350e-03 -1.158847e-04 9.999983e-01 -8.207919e+00
9.999786e-01 -3.256640e-04 6.529012e-03 1.086833e+01 3.343587e-04 9.999991e-01 -1.330694e-03 -3.507197e-01 -6.528590e-03 1.332852e-03 9.999779e-01 -8.761646e+00
9.999983e-01 3.570263e-04 -1.782954e-03 1.042863e+01 -3.564746e-04 9.999999e-01 3.095855e-04 -3.279293e-01 1.783082e-03 -3.089529e-04 9.999983e-01 -9.129374e+00
9.999788e-01 -7.649607e-05 6.512118e-03 1.006236e+01 8.332305e-05 9.999994e-01 -1.048136e-03 -3.135762e-01 -6.512053e-03 1.048660e-03 9.999783e-01 -9.264662e+00
9.999740e-01 8.458226e-04 -7.156184e-03 9.766282e+00 -8.480349e-04 9.999996e-01 -3.061648e-04 -3.152254e-01 7.155941e-03 3.122218e-04 9.999742e-01 -8.873772e+00
9.999906e-01 3.257678e-04 -4.313575e-03 9.458471e+00 -3.379896e-04 9.999959e-01 -2.832831e-03 -3.293433e-01 4.312617e-03 2.834267e-03 9.999868e-01 -7.976330e+00
9.999625e-01 6.709990e-04 -8.634818e-03 9.153997e+00 -6.747184e-04 9.999997e-01 -4.278846e-04 -3.447006e-01 8.634544e-03 4.336903e-04 9.999625e-01 -7.052198e+00
9.999973e-01 1.910550e-04 -2.327271e-03 8.908055e+00 -1.968305e-04 9.999969e-01 -2.481540e-03 -3.563806e-01 2.326774e-03 2.481996e-03 9.999943e-01 -6.327125e+00
9.999860e-01 6.290966e-04 -5.256128e-03 8.636426e+00 -6.284942e-04 9.999998e-01 1.161897e-04 -3.650052e-01 5.256214e-03 -1.128895e-04 9.999861e-01 -5.699218e+00
1.000000e+00 2.044810e-05 -1.414047e-04 8.294989e+00 -2.074784e-05 9.999978e-01 -2.117597e-03 -3.641633e-01 1.413476e-04 2.117605e-03 9.999978e-01 -5.368198e+00
9.999875e-01 -2.689042e-04 4.991154e-03 7.813564e+00 2.638654e-04 9.999995e-01 1.010237e-03 -3.355555e-01 -4.991409e-03 -1.008913e-03 9.999869e-01 -5.908827e+00
9.999999e-01 -3.390652e-04 -2.521487e-04 7.266031e+00 3.384619e-04 9.999971e-01 -2.387212e-03 -2.919309e-01 2.529430e-04 2.387132e-03 9.999972e-01 -6.909176e+00
9.999884e-01 -2.249702e-04 4.805456e-03 6.752528e+00 2.191852e-04 9.999993e-01 1.204425e-03 -2.539140e-01 -4.805709e-03 -1.203363e-03 9.999876e-01 -7.735516e+00
1.000000e+00 2.168110e-05 1.145507e-04 6.309878e+00 -2.139424e-05 9.999969e-01 -2.507347e-03 -2.267310e-01 -1.146201e-04 2.507350e-03 9.999969e-01 -8.266948e+00
9.999877e-01 -4.277766e-04 4.948209e-03 5.831948e+00 4.208190e-04 9.999989e-01 1.407135e-03 -1.944893e-01 -4.948790e-03 -1.405041e-03 9.999867e-01 -8.936714e+00
1.000000e+00 -1.289452e-04 2.293996e-04 5.333859e+00 1.295870e-04 9.999961e-01 -2.801882e-03 -1.550400e-01 -2.290538e-04 2.801917e-03 9.999961e-01 -9.850338e+00
9.999948e-01 -5.858817e-04 3.171515e-03 4.799361e+00 5.821097e-04 9.999991e-01 1.190306e-03 -1.088273e-01 -3.172193e-03 -1.188459e-03 9.999942e-01 -1.096165e+01
9.999999e-01 -8.999669e-05 4.506357e-04 4.304740e+00 9.114970e-05 9.999967e-01 -2.560398e-03 -6.420977e-02 -4.504208e-04 2.560445e-03 9.999967e-01 -1.206537e+01
9.999918e-01 -3.380524e-04 4.025280e-03 3.982292e+00 3.315940e-04 9.999987e-01 1.605156e-03 -3.524206e-02 -4.025799e-03 -1.603815e-03 9.999905e-01 -1.276499e+01
1.000000e+00 1.046398e-04 7.760171e-05 3.679600e+00 -1.044267e-04 9.999962e-01 -2.749107e-03 -6.529229e-03 -7.790699e-05 2.749105e-03 9.999963e-01 -1.347230e+01
9.999931e-01 -2.807093e-04 3.695178e-03 3.583227e+00 2.743628e-04 9.999985e-01 1.718055e-03 7.342010e-03 -3.695637e-03 -1.717036e-03 9.999916e-01 -1.395155e+01
9.999999e-01 1.367153e-04 -3.750269e-04 3.745035e+00 -1.375550e-04 9.999975e-01 -2.238257e-03 -8.380857e-04 3.747013e-04 2.238315e-03 9.999975e-01 -1.392089e+01
9.999937e-01 -2.109393e-04 3.533569e-03 3.874714e+00 2.042574e-04 9.999982e-01 1.891402e-03 -7.312963e-03 -3.533943e-03 -1.890675e-03 9.999919e-01 -1.390372e+01
9.999999e-01 1.610834e-04 -4.136422e-04 4.064808e+00 -1.619782e-04 9.999976e-01 -2.162706e-03 -1.720950e-02 4.132737e-04 2.162779e-03 9.999977e-01 -1.387043e+01
9.999939e-01 -2.134193e-04 3.500057e-03 4.322757e+00 2.067308e-04 9.999982e-01 1.911399e-03 -3.059983e-02 -3.500439e-03 -1.910670e-03 9.999919e-01 -1.383146e+01
9.999999e-01 2.231714e-04 -2.687916e-04 4.408437e+00 -2.237434e-04 9.999977e-01 -2.127272e-03 -3.596946e-02 2.682964e-04 2.127339e-03 9.999978e-01 -1.377505e+01
9.999942e-01 -1.855472e-04 3.413482e-03 4.713111e+00 1.795210e-04 9.999984e-01 1.765830e-03 -5.313040e-02 -3.413784e-03 -1.765214e-03 9.999925e-01 -1.370641e+01
1.000000e+00 1.570819e-04 -3.913730e-05 4.891082e+00 -1.571660e-04 9.999977e-01 -2.138352e-03 -6.413433e-02 3.878084e-05 2.138364e-03 9.999978e-01 -1.362567e+01
9.999944e-01 -7.147762e-05 3.357800e-03 5.102256e+00 6.595510e-05 9.999986e-01 1.644981e-03 -7.684498e-02 -3.357892e-03 -1.644757e-03 9.999929e-01 -1.355986e+01
1.000000e+00 4.054017e-05 3.979530e-05 5.290296e+00 -4.045879e-05 9.999979e-01 -2.060599e-03 -8.666314e-02 -3.989988e-05 2.060604e-03 9.999980e-01 -1.353816e+01
9.999945e-01 -2.610786e-05 3.302975e-03 5.371466e+00 2.028509e-05 9.999984e-01 1.763137e-03 -9.166681e-02 -3.302995e-03 -1.763068e-03 9.999929e-01 -1.349309e+01
9.999983e-01 1.245956e-04 -1.858423e-03 5.584656e+00 -1.293178e-04 9.999968e-01 -2.540633e-03 -1.043497e-01 1.858079e-03 2.540875e-03 9.999951e-01 -1.342076e+01
9.999862e-01 -1.255450e-04 5.245303e-03 5.676965e+00 1.136574e-04 9.999974e-01 2.266716e-03 -1.099488e-01 -5.245552e-03 -2.266096e-03 9.999836e-01 -1.337570e+01
9.999968e-01 9.345885e-05 -2.543186e-03 5.733431e+00 -1.001032e-04 9.999966e-01 -2.612298e-03 -1.133261e-01 2.542911e-03 2.612551e-03 9.999935e-01 -1.333031e+01
9.999821e-01 -1.194861e-04 5.980264e-03 5.736590e+00 1.055310e-04 9.999973e-01 2.333932e-03 -1.123632e-01 -5.980504e-03 -2.333266e-03 9.999793e-01 -1.335719e+01
9.999967e-01 1.141611e-04 -2.554998e-03 5.836292e+00 -1.209150e-04 9.999965e-01 -2.643079e-03 -1.163993e-01 2.554664e-03 2.643386e-03 9.999933e-01 -1.336688e+01
9.999837e-01 -8.237168e-05 5.714539e-03 5.905523e+00 6.833605e-05 9.999970e-01 2.456425e-03 -1.200631e-01 -5.714700e-03 -2.456001e-03 9.999806e-01 -1.332955e+01
9.999969e-01 1.524970e-04 -2.497000e-03 5.906023e+00 -1.591214e-04 9.999965e-01 -2.652596e-03 -1.213531e-01 2.496564e-03 2.652992e-03 9.999935e-01 -1.326428e+01
9.999859e-01 -1.291162e-04 5.303066e-03 5.941657e+00 1.161682e-04 9.999970e-01 2.442020e-03 -1.247999e-01 -5.303342e-03 -2.441377e-03 9.999829e-01 -1.318772e+01
9.999959e-01 1.625406e-04 -2.872840e-03 5.911522e+00 -1.703249e-04 9.999963e-01 -2.709289e-03 -1.242782e-01 2.872365e-03 2.709774e-03 9.999923e-01 -1.312686e+01
9.999974e-01 -1.804528e-04 2.260783e-03 5.922418e+00 1.758102e-04 9.999979e-01 2.053990e-03 -1.249554e-01 -2.261124e-03 -2.053595e-03 9.999952e-01 -1.307436e+01
9.999995e-01 6.795085e-05 9.609504e-04 5.921606e+00 -6.548777e-05 9.999967e-01 -2.563867e-03 -1.228708e-01 -9.611457e-04 2.563810e-03 9.999963e-01 -1.314728e+01
9.999970e-01 -8.815557e-05 2.431319e-03 6.018394e+00 8.299259e-05 9.999977e-01 2.123935e-03 -1.244333e-01 -2.431476e-03 -2.123734e-03 9.999947e-01 -1.322414e+01
9.999994e-01 2.862369e-05 1.057149e-03 6.036607e+00 -2.591749e-05 9.999967e-01 -2.560675e-03 -1.228053e-01 -1.057244e-03 2.560653e-03 9.999963e-01 -1.329419e+01
9.999972e-01 -1.006154e-04 2.375649e-03 6.048540e+00 9.535925e-05 9.999975e-01 2.212925e-03 -1.221037e-01 -2.375840e-03 -2.212699e-03 9.999946e-01 -1.330588e+01
9.999995e-01 1.588680e-04 9.875869e-04 5.994709e+00 -1.563940e-04 9.999968e-01 -2.505604e-03 -1.197177e-01 -9.880074e-04 2.505456e-03 9.999965e-01 -1.328860e+01
9.999995e-01 7.082849e-05 -9.587671e-04 5.925020e+00 -6.916199e-05 9.999985e-01 1.737054e-03 -1.193209e-01 9.589142e-04 -1.736994e-03 9.999979e-01 -1.318383e+01
9.999918e-01 1.246223e-04 4.053245e-03 5.876146e+00 -1.164794e-04 9.999980e-01 -2.009378e-03 -1.202630e-01 -4.053513e-03 2.008897e-03 9.999899e-01 -1.306860e+01
9.999997e-01 3.440094e-05 -7.343081e-04 5.856310e+00 -3.321814e-05 9.999987e-01 1.609306e-03 -1.243349e-01 7.343886e-04 -1.609289e-03 9.999983e-01 -1.289587e+01
9.999916e-01 1.396904e-04 4.091465e-03 5.817967e+00 -1.315850e-04 9.999980e-01 -1.981506e-03 -1.282746e-01 -4.091760e-03 1.980958e-03 9.999898e-01 -1.270417e+01
9.999988e-01 -4.265825e-05 -1.517510e-03 5.903676e+00 4.521967e-05 9.999986e-01 1.687213e-03 -1.380520e-01 1.517462e-03 -1.687287e-03 9.999973e-01 -1.248829e+01
9.999892e-01 -1.073263e-04 4.655578e-03 5.972426e+00 1.177069e-04 9.999975e-01 -2.229727e-03 -1.409818e-01 -4.655354e-03 2.230258e-03 9.999868e-01 -1.249850e+01
9.999992e-01 9.482178e-05 -1.291850e-03 5.969106e+00 -9.259594e-05 9.999985e-01 1.722084e-03 -1.397251e-01 1.292038e-03 -1.721970e-03 9.999976e-01 -1.254317e+01
9.999901e-01 -2.942097e-05 4.442526e-03 6.069182e+00 3.888830e-05 9.999977e-01 -2.131235e-03 -1.455721e-01 -4.442481e-03 2.131394e-03 9.999880e-01 -1.249226e+01
9.999991e-01 7.318731e-05 -1.309051e-03 6.083667e+00 -7.094005e-05 9.999985e-01 1.715804e-03 -1.480875e-01 1.309203e-03 -1.715718e-03 9.999976e-01 -1.241804e+01
9.999910e-01 3.746536e-06 4.246635e-03 6.122041e+00 5.315298e-06 9.999977e-01 -2.134127e-03 -1.536607e-01 -4.246661e-03 2.134138e-03 9.999888e-01 -1.228413e+01
9.999988e-01 -5.107871e-05 -1.527166e-03 6.252233e+00 5.369203e-05 9.999985e-01 1.710459e-03 -1.628702e-01 1.527105e-03 -1.710547e-03 9.999973e-01 -1.217343e+01
9.999903e-01 -1.744629e-05 4.409392e-03 6.407191e+00 2.708145e-05 9.999976e-01 -2.185348e-03 -1.711184e-01 -4.409372e-03 2.185454e-03 9.999880e-01 -1.213145e+01
9.999990e-01 -1.209255e-05 -1.382640e-03 6.582869e+00 1.449860e-05 9.999985e-01 1.739315e-03 -1.801082e-01 1.382646e-03 -1.739341e-03 9.999974e-01 -1.209780e+01
9.999903e-01 6.392256e-05 4.399367e-03 6.675160e+00 -5.475233e-05 9.999978e-01 -2.084793e-03 -1.870824e-01 -4.399520e-03 2.084540e-03 9.999882e-01 -1.200885e+01
9.999989e-01 -1.537351e-05 -1.510155e-03 6.783991e+00 1.794149e-05 9.999986e-01 1.699651e-03 -1.955188e-01 1.510157e-03 -1.699684e-03 9.999973e-01 -1.189026e+01
9.999909e-01 -1.770241e-06 4.270399e-03 6.939324e+00 1.084065e-05 9.999977e-01 -2.124274e-03 -2.058571e-01 -4.270415e-03 2.124309e-03 9.999887e-01 -1.177921e+01
9.999990e-01 -3.797037e-05 -1.382083e-03 7.031365e+00 4.041560e-05 9.999984e-01 1.768320e-03 -2.111239e-01 1.382044e-03 -1.768383e-03 9.999974e-01 -1.172950e+01
9.999896e-01 -1.930065e-05 4.557925e-03 7.063451e+00 2.903377e-05 9.999977e-01 -2.135639e-03 -2.122750e-01 -4.557904e-03 2.135757e-03 9.999874e-01 -1.172014e+01
9.999992e-01 1.588812e-05 -1.276064e-03 7.045455e+00 -1.351804e-05 9.999983e-01 1.856289e-03 -2.117277e-01 1.276122e-03 -1.856278e-03 9.999974e-01 -1.169029e+01
9.999885e-01 1.381053e-05 4.787135e-03 6.933481e+00 -3.201557e-06 9.999975e-01 -2.216404e-03 -2.059783e-01 -4.787185e-03 2.216371e-03 9.999862e-01 -1.174274e+01
9.999993e-01 -3.668173e-06 -1.158560e-03 6.805092e+00 5.734220e-06 9.999984e-01 1.782119e-03 -1.985132e-01 1.158583e-03 -1.782132e-03 9.999976e-01 -1.183955e+01
9.999892e-01 -1.971859e-06 4.645497e-03 6.691505e+00 1.193941e-05 9.999977e-01 -2.145889e-03 -1.922375e-01 -4.645513e-03 2.145929e-03 9.999870e-01 -1.191201e+01
9.999992e-01 -1.251240e-04 -1.289008e-03 6.562759e+00 1.272306e-04 9.999987e-01 1.633240e-03 -1.825558e-01 1.288834e-03 -1.633411e-03 9.999977e-01 -1.210147e+01
9.999894e-01 7.925773e-06 4.606520e-03 6.526110e+00 2.280899e-06 9.999975e-01 -2.215982e-03 -1.762185e-01 -4.606559e-03 2.215977e-03 9.999870e-01 -1.230203e+01
9.999993e-01 -3.197696e-05 -1.213232e-03 6.644754e+00 3.395164e-05 9.999987e-01 1.626436e-03 -1.773501e-01 1.213212e-03 -1.626484e-03 9.999978e-01 -1.245425e+01
9.999908e-01 -7.331536e-06 4.295405e-03 6.860911e+00 1.661056e-05 9.999977e-01 -2.160511e-03 -1.858885e-01 -4.295412e-03 2.160571e-03 9.999885e-01 -1.249692e+01
9.999993e-01 -6.474506e-06 -1.200956e-03 6.997464e+00 8.574150e-06 9.999985e-01 1.747072e-03 -1.931586e-01 1.200976e-03 -1.747090e-03 9.999977e-01 -1.245745e+01
9.999898e-01 -5.795437e-05 4.524068e-03 7.067466e+00 6.794050e-05 9.999976e-01 -2.207528e-03 -1.963477e-01 -4.523962e-03 2.207821e-03 9.999874e-01 -1.246688e+01
9.999996e-01 2.878287e-05 -8.397615e-04 7.017705e+00 -2.737228e-05 9.999986e-01 1.677883e-03 -1.922843e-01 8.398426e-04 -1.677868e-03 9.999981e-01 -1.256666e+01
9.999901e-01 -1.531998e-05 4.450868e-03 6.902840e+00 2.509000e-05 9.999976e-01 -2.195364e-03 -1.846400e-01 -4.450858e-03 2.195463e-03 9.999878e-01 -1.269638e+01
9.999993e-01 5.269953e-05 -1.205816e-03 6.967991e+00 -5.053617e-05 9.999984e-01 1.792760e-03 -1.893869e-01 1.205943e-03 -1.792707e-03 9.999976e-01 -1.263313e+01
9.999894e-01 -9.568787e-05 4.602942e-03 7.141955e+00 1.061713e-04 9.999974e-01 -2.277686e-03 -1.998136e-01 -4.602747e-03 2.278159e-03 9.999869e-01 -1.257176e+01
9.999992e-01 8.369330e-05 -1.278877e-03 7.361646e+00 -8.137212e-05 9.999984e-01 1.813679e-03 -2.139599e-01 1.279062e-03 -1.813582e-03 9.999974e-01 -1.246979e+01
9.999902e-01 -1.864715e-04 4.430777e-03 7.708890e+00 1.965723e-04 9.999974e-01 -2.279702e-03 -2.338759e-01 -4.430376e-03 2.280559e-03 9.999877e-01 -1.237616e+01
9.999993e-01 1.882764e-04 -1.181029e-03 7.889179e+00 -1.861513e-04 9.999984e-01 1.797790e-03 -2.461647e-01 1.181401e-03 -1.797578e-03 9.999976e-01 -1.227216e+01
9.999892e-01 -2.228416e-04 4.647005e-03 8.062604e+00 2.337110e-04 9.999972e-01 -2.338952e-03 -2.555771e-01 -4.646507e-03 2.340022e-03 9.999866e-01 -1.224788e+01
9.999991e-01 1.821873e-04 -1.358694e-03 8.280813e+00 -1.797492e-04 9.999984e-01 1.793034e-03 -2.668681e-01 1.359055e-03 -1.792797e-03 9.999974e-01 -1.222194e+01
9.999896e-01 -2.253308e-04 4.563670e-03 8.565159e+00 2.356865e-04 9.999974e-01 -2.269110e-03 -2.835144e-01 -4.563183e-03 2.270171e-03 9.999871e-01 -1.213887e+01
9.999985e-01 2.767247e-05 -1.757921e-03 8.980190e+00 -2.444649e-05 9.999983e-01 1.834099e-03 -3.123186e-01 1.758006e-03 -1.834062e-03 9.999967e-01 -1.184016e+01
9.999882e-01 -1.502748e-04 4.859723e-03 9.355633e+00 1.612699e-04 9.999974e-01 -2.262530e-03 -3.352998e-01 -4.859408e-03 2.263296e-03 9.999857e-01 -1.169293e+01
9.999988e-01 2.308893e-05 -1.546971e-03 9.672627e+00 -2.039050e-05 9.999985e-01 1.743144e-03 -3.534359e-01 1.547047e-03 -1.743119e-03 9.999972e-01 -1.161731e+01
9.999895e-01 -9.844740e-05 4.576169e-03 1.004331e+01 1.089400e-04 9.999974e-01 -2.293067e-03 -3.758568e-01 -4.575970e-03 2.293551e-03 9.999870e-01 -1.149363e+01
9.999985e-01 -6.657127e-05 -1.705449e-03 1.042377e+01 6.971401e-05 9.999983e-01 1.841679e-03 -3.996752e-01 1.705362e-03 -1.841804e-03 9.999968e-01 -1.132349e+01
9.999901e-01 -2.086890e-04 4.443999e-03 1.098953e+01 2.188082e-04 9.999974e-01 -2.277089e-03 -4.320661e-01 -4.443551e-03 2.278048e-03 9.999876e-01 -1.116453e+01
9.999985e-01 -9.889881e-05 -1.735215e-03 1.162940e+01 1.020759e-04 9.999983e-01 1.829865e-03 -4.674702e-01 1.735070e-03 -1.830048e-03 9.999967e-01 -1.102168e+01
9.999887e-01 -5.649296e-05 4.745597e-03 1.199934e+01 6.616653e-05 9.999979e-01 -2.038684e-03 -4.897607e-01 -4.745510e-03 2.038985e-03 9.999868e-01 -1.088902e+01
9.999735e-01 1.295181e-04 -7.275526e-03 1.213722e+01 -1.226903e-04 9.999996e-01 9.386273e-04 -5.059543e-01 7.275683e-03 -9.377191e-04 9.999730e-01 -1.054552e+01
9.999410e-01 -1.767427e-04 1.085766e-02 1.236230e+01 1.903422e-04 9.999992e-01 -1.251671e-03 -5.282767e-01 -1.085747e-02 1.253673e-03 9.999404e-01 -1.011710e+01
9.999713e-01 2.196698e-04 -7.571443e-03 1.241594e+01 -2.108551e-04 9.999993e-01 1.164720e-03 -5.329157e-01 7.571733e-03 -1.163099e-03 9.999706e-01 -1.003370e+01
9.999411e-01 -2.006744e-04 1.085001e-02 1.249376e+01 2.143001e-04 9.999992e-01 -1.254851e-03 -5.386937e-01 -1.084979e-02 1.257112e-03 9.999404e-01 -9.947948e+00
9.999710e-01 2.770821e-04 -7.616574e-03 1.255499e+01 -2.690185e-04 9.999994e-01 1.059424e-03 -5.461511e-01 7.616903e-03 -1.057354e-03 9.999703e-01 -9.795340e+00
9.999441e-01 -2.836262e-04 1.057241e-02 1.266407e+01 2.963904e-04 9.999992e-01 -1.205946e-03 -5.560965e-01 -1.057210e-02 1.209021e-03 9.999435e-01 -9.624910e+00
9.999726e-01 3.428793e-04 -7.390385e-03 1.266492e+01 -3.345078e-04 9.999993e-01 1.133685e-03 -5.592498e-01 7.390809e-03 -1.131191e-03 9.999720e-01 -9.502521e+00
9.999431e-01 -2.578053e-04 1.066460e-02 1.267075e+01 2.714609e-04 9.999991e-01 -1.279215e-03 -5.620554e-01 -1.066431e-02 1.282046e-03 9.999424e-01 -9.406939e+00
9.999404e-01 3.302505e-04 -1.090962e-02 1.277019e+01 -3.240980e-04 9.999998e-01 5.655288e-04 -5.733736e-01 1.090984e-02 -5.619687e-04 9.999402e-01 -9.172267e+00
9.999025e-01 -5.229760e-04 1.395118e-02 1.303623e+01 5.350452e-04 9.999995e-01 -8.615291e-04 -5.939601e-01 -1.395076e-02 8.689191e-04 9.999024e-01 -8.854647e+00
9.999318e-01 5.888914e-04 -1.166777e-02 1.359694e+01 -5.855866e-04 9.999998e-01 2.864732e-04 -6.247793e-01 1.166798e-02 -2.796306e-04 9.999318e-01 -8.624663e+00
9.998920e-01 -8.208388e-04 1.467588e-02 1.413033e+01 8.353903e-04 9.999992e-01 -9.855614e-04 -6.537026e-01 -1.467511e-02 9.977246e-04 9.998919e-01 -8.447007e+00
9.998792e-01 8.730335e-04 -1.551648e-02 1.448243e+01 -8.761915e-04 9.999996e-01 -1.968686e-04 -6.810942e-01 1.551634e-02 2.104306e-04 9.998795e-01 -8.020507e+00
9.998188e-01 -1.034839e-03 1.900826e-02 1.490421e+01 1.048265e-03 9.999992e-01 -6.964809e-04 -6.992276e-01 -1.900757e-02 7.162903e-04 9.998192e-01 -8.031103e+00
9.998772e-01 1.000753e-03 -1.563969e-02 1.490016e+01 -9.938917e-04 9.999994e-01 4.463093e-04 -6.995717e-01 1.564017e-02 -4.307201e-04 9.998775e-01 -8.020065e+00
9.998220e-01 -1.001356e-03 1.884277e-02 1.486120e+01 1.013406e-03 9.999993e-01 -6.300917e-04 -6.976642e-01 -1.884217e-02 6.490848e-04 9.998224e-01 -8.024304e+00
9.998777e-01 9.385932e-04 -1.561323e-02 1.482599e+01 -9.324007e-04 9.999995e-01 4.037424e-04 -6.949453e-01 1.561365e-02 -3.891450e-04 9.998779e-01 -8.077555e+00
9.998278e-01 -9.286389e-04 1.853477e-02 1.482091e+01 9.392562e-04 9.999994e-01 -5.642487e-04 -6.959493e-01 -1.853428e-02 5.815703e-04 9.998282e-01 -8.026990e+00
9.998779e-01 9.634074e-04 -1.559548e-02 1.481261e+01 -9.566693e-04 9.999994e-01 4.393564e-04 -6.978343e-01 1.559594e-02 -4.243929e-04 9.998782e-01 -7.931685e+00
9.998193e-01 -7.636170e-04 1.899343e-02 1.473000e+01 7.751589e-04 9.999995e-01 -6.004405e-04 -6.962258e-01 -1.899301e-02 6.150648e-04 9.998195e-01 -7.865259e+00
9.998423e-01 8.408444e-04 -1.773612e-02 1.461113e+01 -8.414393e-04 9.999996e-01 -2.621406e-05 -6.910932e-01 1.773614e-02 4.112389e-05 9.998426e-01 -7.886104e+00
9.997798e-01 -9.094477e-04 2.096340e-02 1.462694e+01 9.201218e-04 9.999995e-01 -4.996424e-04 -6.901884e-01 -2.096297e-02 5.188313e-04 9.997802e-01 -7.962456e+00
9.998365e-01 9.348748e-04 -1.805912e-02 1.468332e+01 -9.357806e-04 9.999996e-01 -4.184282e-05 -6.953418e-01 1.805912e-02 5.872535e-05 9.998368e-01 -7.901062e+00
9.997735e-01 -1.026361e-03 2.125982e-02 1.471098e+01 1.039963e-03 9.999993e-01 -6.288250e-04 -6.981124e-01 -2.125920e-02 6.508021e-04 9.997739e-01 -7.871740e+00
9.998372e-01 9.400708e-04 -1.802125e-02 1.461767e+01 -9.367031e-04 9.999995e-01 1.951756e-04 -6.918829e-01 1.802147e-02 -1.782733e-04 9.998375e-01 -7.984876e+00
9.997699e-01 -1.149425e-03 2.142076e-02 1.452091e+01 1.164701e-03 9.999991e-01 -7.008024e-04 -6.827535e-01 -2.141998e-02 7.256002e-04 9.997704e-01 -8.204793e+00
9.998364e-01 9.382680e-04 -1.806221e-02 1.450206e+01 -9.353005e-04 9.999995e-01 1.725997e-04 -6.763716e-01 1.806241e-02 -1.556881e-04 9.998368e-01 -8.449105e+00
9.997748e-01 -1.042657e-03 2.119508e-02 1.461705e+01 1.056228e-03 9.999992e-01 -6.292171e-04 -6.790562e-01 -2.119445e-02 6.514726e-04 9.997753e-01 -8.543791e+00
9.998432e-01 8.516318e-04 -1.768801e-02 1.453898e+01 -8.489311e-04 9.999996e-01 1.600421e-04 -6.698669e-01 1.768818e-02 -1.450114e-04 9.998434e-01 -8.789053e+00
9.997756e-01 -8.156435e-04 2.116754e-02 1.434264e+01 8.252419e-04 9.999996e-01 -4.448337e-04 -6.589501e-01 -2.116721e-02 4.622126e-04 9.997759e-01 -8.941422e+00
9.998532e-01 9.866695e-04 -1.710400e-02 1.405042e+01 -9.872203e-04 9.999995e-01 -2.391135e-05 -6.445143e-01 1.710402e-02 4.078291e-05 9.998536e-01 -9.121537e+00
9.997792e-01 -8.649373e-04 2.099602e-02 1.374574e+01 8.753303e-04 9.999995e-01 -4.859343e-04 -6.286884e-01 -2.099564e-02 5.042159e-04 9.997795e-01 -9.345350e+00
9.998482e-01 9.881605e-04 -1.739425e-02 1.348392e+01 -9.873889e-04 9.999995e-01 5.278905e-05 -6.154730e-01 1.739434e-02 -3.561657e-05 9.998486e-01 -9.512937e+00
9.997760e-01 -1.016963e-03 2.114151e-02 1.329395e+01 1.026758e-03 9.999994e-01 -4.525830e-04 -6.041304e-01 -2.114108e-02 4.741994e-04 9.997765e-01 -9.690001e+00
9.998469e-01 1.058007e-03 -1.746796e-02 1.314496e+01 -1.056866e-03 9.999994e-01 7.442036e-05 -5.960105e-01 1.746808e-02 -5.595816e-05 9.998473e-01 -9.792736e+00
9.997872e-01 -9.739726e-04 2.060642e-02 1.325099e+01 9.876660e-04 9.999993e-01 -6.544862e-04 -6.035836e-01 -2.060581e-02 6.747098e-04 9.997875e-01 -9.704903e+00
9.998367e-01 8.308465e-04 -1.805311e-02 1.378476e+01 -8.352069e-04 9.999996e-01 -2.341572e-04 -6.375592e-01 1.805296e-02 2.491864e-04 9.998369e-01 -9.334637e+00
9.997801e-01 -8.325969e-04 2.095561e-02 1.420879e+01 8.424434e-04 9.999995e-01 -4.611813e-04 -6.624645e-01 -2.095526e-02 4.787446e-04 9.997804e-01 -9.183549e+00
9.998435e-01 8.218991e-04 -1.766933e-02 1.426228e+01 -8.217336e-04 9.999997e-01 1.646023e-05 -6.649877e-01 1.766939e-02 -1.948900e-06 9.998438e-01 -9.194889e+00
9.997749e-01 -9.370093e-04 2.119580e-02 1.416510e+01 9.471285e-04 9.999994e-01 -4.675119e-04 -6.565965e-01 -2.119540e-02 4.874927e-04 9.997753e-01 -9.363573e+00
9.998433e-01 8.801970e-04 -1.768164e-02 1.400267e+01 -8.784014e-04 9.999996e-01 1.091466e-04 -6.458570e-01 1.768178e-02 -9.360870e-05 9.998436e-01 -9.536197e+00
9.997903e-01 -8.718236e-04 2.046070e-02 1.394022e+01 8.817979e-04 9.999995e-01 -4.786102e-04 -6.413557e-01 -2.046033e-02 4.965629e-04 9.997906e-01 -9.601577e+00
9.998440e-01 9.416315e-04 -1.763568e-02 1.452058e+01 -9.484442e-04 9.999995e-01 -3.781204e-04 -6.693509e-01 1.763536e-02 3.947770e-04 9.998443e-01 -9.537374e+00
9.998245e-01 -9.785725e-04 1.870889e-02 1.493756e+01 9.873781e-04 9.999994e-01 -4.615835e-04 -6.923869e-01 -1.870848e-02 4.799863e-04 9.998250e-01 -9.418614e+00
9.998751e-01 8.872485e-04 -1.578058e-02 1.539556e+01 -8.909262e-04 9.999996e-01 -2.262223e-04 -7.190640e-01 1.578042e-02 2.402423e-04 9.998754e-01 -9.261457e+00
9.998337e-01 -9.896047e-04 1.821224e-02 1.583986e+01 9.954608e-04 9.999995e-01 -3.126450e-04 -7.448691e-01 -1.821197e-02 3.307338e-04 9.998342e-01 -9.127517e+00
9.998392e-01 8.317102e-04 -1.791270e-02 1.632149e+01 -8.406630e-04 9.999995e-01 -4.924532e-04 -7.727605e-01 1.791233e-02 5.074213e-04 9.998393e-01 -8.961527e+00
9.998842e-01 -9.083697e-04 1.519125e-02 1.656473e+01 9.174511e-04 9.999994e-01 -5.910405e-04 -7.949892e-01 -1.519075e-02 6.049207e-04 9.998845e-01 -8.547104e+00
9.998628e-01 1.040269e-03 -1.652908e-02 1.656556e+01 -1.046860e-03 9.999994e-01 -3.902599e-04 -8.028269e-01 1.652871e-02 4.074986e-04 9.998632e-01 -8.263122e+00
9.999003e-01 -9.725308e-04 1.408886e-02 1.663309e+01 9.836285e-04 9.999992e-01 -7.809976e-04 -8.106846e-01 -1.408814e-02 7.947895e-04 9.999005e-01 -8.107224e+00
9.999299e-01 8.777643e-04 -1.181010e-02 1.707747e+01 -8.737777e-04 9.999996e-01 3.424360e-04 -8.402600e-01 1.181045e-02 -3.321041e-04 9.999301e-01 -7.785210e+00
9.998933e-01 -9.305761e-04 1.457744e-02 1.749307e+01 9.424027e-04 9.999992e-01 -8.046534e-04 -8.658487e-01 -1.457673e-02 8.183170e-04 9.998935e-01 -7.604385e+00
9.999262e-01 8.435156e-04 -1.212015e-02 1.788321e+01 -8.382353e-04 9.999996e-01 4.404642e-04 -8.912396e-01 1.212057e-02 -4.302838e-04 9.999264e-01 -7.357726e+00
9.998945e-01 -1.053247e-03 1.448629e-02 1.853376e+01 1.066358e-03 9.999990e-01 -8.975621e-04 -9.279229e-01 -1.448538e-02 9.129268e-04 9.998948e-01 -7.176832e+00
9.999316e-01 9.893350e-04 -1.165399e-02 1.889504e+01 -9.828241e-04 9.999994e-01 5.641110e-04 -9.457685e-01 1.165460e-02 -5.526302e-04 9.999318e-01 -7.160738e+00
9.998915e-01 -1.097152e-03 1.468912e-02 1.909547e+01 1.108417e-03 9.999991e-01 -7.589458e-04 -9.556478e-01 -1.468833e-02 7.751570e-04 9.998919e-01 -7.141164e+00
9.999280e-01 9.896984e-04 -1.195751e-02 1.943521e+01 -9.839147e-04 9.999994e-01 4.892791e-04 -9.730972e-01 1.195804e-02 -4.774904e-04 9.999283e-01 -7.085577e+00
9.998929e-01 -1.111738e-03 1.459312e-02 1.985151e+01 1.124154e-03 9.999990e-01 -8.428827e-04 -9.941672e-01 -1.459222e-02 8.592092e-04 9.998933e-01 -7.022656e+00
9.999314e-01 1.029264e-03 -1.166307e-02 2.014857e+01 -1.023316e-03 9.999993e-01 5.156710e-04 -1.009421e+00 1.166364e-02 -5.037125e-04 9.999318e-01 -6.969353e+00
9.998887e-01 -1.100492e-03 1.487736e-02 2.024960e+01 1.113490e-03 9.999990e-01 -8.656353e-04 -1.014125e+00 -1.487645e-02 8.821167e-04 9.998890e-01 -6.971704e+00
9.999337e-01 1.016957e-03 -1.146541e-02 2.036631e+01 -1.011767e-03 9.999994e-01 4.581284e-04 -1.019534e+00 1.146592e-02 -4.465096e-04 9.999341e-01 -6.979124e+00
9.998884e-01 -1.041125e-03 1.490335e-02 2.044262e+01 1.053402e-03 9.999991e-01 -8.161782e-04 -1.023142e+00 -1.490254e-02 8.317983e-04 9.998887e-01 -6.993895e+00
9.999356e-01 9.499675e-04 -1.130562e-02 2.041118e+01 -9.465319e-04 9.999995e-01 3.089180e-04 -1.019537e+00 1.130596e-02 -2.982089e-04 9.999359e-01 -7.106070e+00
9.998857e-01 -1.024601e-03 1.508743e-02 2.028559e+01 1.036818e-03 9.999991e-01 -8.021941e-04 -1.010856e+00 -1.508665e-02 8.177573e-04 9.998859e-01 -7.254991e+00
9.999352e-01 8.822066e-04 -1.135125e-02 2.010649e+01 -8.792411e-04 9.999996e-01 2.659199e-04 -9.985441e-01 1.135153e-02 -2.559342e-04 9.999354e-01 -7.487697e+00
9.998872e-01 -9.585297e-04 1.498847e-02 2.005147e+01 9.695232e-04 9.999993e-01 -7.264504e-04 -9.935906e-01 -1.498782e-02 7.409123e-04 9.998875e-01 -7.638282e+00
9.999369e-01 8.094773e-04 -1.120258e-02 1.998552e+01 -8.070902e-04 9.999997e-01 2.172796e-04 -9.866500e-01 1.120281e-02 -2.082365e-04 9.999371e-01 -7.827567e+00
9.998877e-01 -9.094079e-04 1.495700e-02 1.988868e+01 9.195712e-04 9.999994e-01 -6.728773e-04 -9.789084e-01 -1.495643e-02 6.865680e-04 9.998880e-01 -7.990652e+00
9.999371e-01 8.357099e-04 -1.118505e-02 1.977507e+01 -8.332892e-04 9.999996e-01 2.207439e-04 -9.716371e-01 1.118528e-02 -2.114218e-04 9.999373e-01 -8.113019e+00
9.998897e-01 -8.911662e-04 1.482672e-02 1.970830e+01 8.997326e-04 9.999994e-01 -5.713558e-04 -9.681458e-01 -1.482626e-02 5.846452e-04 9.998900e-01 -8.156497e+00
9.999025e-01 7.788499e-04 -1.394223e-02 1.983429e+01 -7.818934e-04 9.999997e-01 -2.131178e-04 -9.768360e-01 1.394211e-02 2.239861e-04 9.999027e-01 -8.068648e+00
9.998576e-01 -9.035572e-04 1.685152e-02 2.008207e+01 9.084080e-04 9.999995e-01 -2.804212e-04 -9.913615e-01 -1.685131e-02 2.957017e-04 9.998581e-01 -7.992634e+00
9.999022e-01 8.143220e-04 -1.395844e-02 2.011043e+01 -8.174286e-04 9.999996e-01 -2.171397e-04 -9.911454e-01 1.395831e-02 2.285162e-04 9.999025e-01 -8.059679e+00
9.998490e-01 -8.242169e-04 1.735683e-02 2.036149e+01 8.316515e-04 9.999996e-01 -4.213384e-04 -1.002614e+00 -1.735653e-02 4.357221e-04 9.998494e-01 -8.094203e+00
9.999020e-01 7.153604e-04 -1.398290e-02 2.035322e+01 -7.185560e-04 9.999997e-01 -2.238020e-04 -9.987860e-01 1.398279e-02 2.338151e-04 9.999021e-01 -8.216146e+00
9.998341e-01 -9.104469e-04 1.819344e-02 2.020129e+01 9.211064e-04 9.999994e-01 -5.777381e-04 -9.856832e-01 -1.819296e-02 5.944130e-04 9.998344e-01 -8.510050e+00
9.998988e-01 9.935631e-04 -1.419274e-02 2.005489e+01 -9.900799e-04 9.999995e-01 2.521605e-04 -9.794318e-01 1.419304e-02 -2.380956e-04 9.998992e-01 -8.552408e+00
9.998340e-01 -9.450063e-04 1.819549e-02 1.983580e+01 9.588222e-04 9.999993e-01 -7.508090e-04 -9.680729e-01 -1.819482e-02 7.681433e-04 9.998343e-01 -8.699511e+00
9.998921e-01 1.087672e-03 -1.464877e-02 1.963046e+01 -1.082383e-03 9.999993e-01 3.686453e-04 -9.578901e-01 1.464922e-02 -3.527625e-04 9.998925e-01 -8.803136e+00
9.998919e-01 -9.150733e-04 1.467728e-02 1.949668e+01 9.323814e-04 9.999989e-01 -1.172713e-03 -9.530069e-01 -1.467625e-02 1.186283e-03 9.998917e-01 -8.787572e+00
9.999355e-01 1.161350e-03 -1.129776e-02 1.939138e+01 -1.150555e-03 9.999989e-01 9.615451e-04 -9.493805e-01 1.129892e-02 -9.484971e-04 9.999356e-01 -8.744390e+00
9.999348e-01 -8.894634e-04 1.138649e-02 1.917238e+01 9.101859e-04 9.999979e-01 -1.815222e-03 -9.402939e-01 -1.138491e-02 1.825481e-03 9.999336e-01 -8.802633e+00
9.999616e-01 1.130657e-03 -8.688399e-03 1.908605e+01 -1.118066e-03 9.999983e-01 1.453327e-03 -9.387491e-01 8.690086e-03 -1.443569e-03 9.999611e-01 -8.724449e+00
9.999395e-01 -7.866736e-04 1.096805e-02 1.903018e+01 8.069086e-04 9.999980e-01 -1.840972e-03 -9.410451e-01 -1.096664e-02 1.849724e-03 9.999382e-01 -8.552255e+00
9.999714e-01 1.214410e-03 -7.464461e-03 1.892840e+01 -1.201733e-03 9.999978e-01 1.702016e-03 -9.402974e-01 7.466571e-03 -1.693010e-03 9.999706e-01 -8.427709e+00
9.999752e-01 -9.491118e-04 6.973198e-03 1.887020e+01 9.669204e-04 9.999963e-01 -2.551536e-03 -9.396683e-01 -6.970809e-03 2.558229e-03 9.999725e-01 -8.346305e+00
9.999861e-01 1.178440e-03 -5.138619e-03 1.885025e+01 -1.167890e-03 9.999972e-01 2.054720e-03 -9.414865e-01 5.141085e-03 -2.048703e-03 9.999846e-01 -8.231625e+00
9.999658e-01 -9.609243e-04 8.211023e-03 1.891049e+01 9.803515e-04 9.999967e-01 -2.362791e-03 -9.483217e-01 -8.208785e-03 2.370773e-03 9.999636e-01 -8.102972e+00
9.999877e-01 1.089289e-03 -4.843429e-03 1.916766e+01 -1.080643e-03 9.999978e-01 1.786307e-03 -9.607273e-01 4.845423e-03 -1.781064e-03 9.999866e-01 -8.114921e+00
9.999659e-01 -1.015145e-03 8.194516e-03 1.947732e+01 1.034988e-03 9.999965e-01 -2.418204e-03 -9.750551e-01 -8.192093e-03 2.426616e-03 9.999636e-01 -8.143317e+00
9.999847e-01 9.072989e-04 -5.454930e-03 2.009061e+01 -8.976634e-04 9.999980e-01 1.767752e-03 -1.004367e+00 5.456583e-03 -1.762841e-03 9.999835e-01 -8.166826e+00
9.999647e-01 -1.029609e-03 8.337631e-03 2.094399e+01 1.050183e-03 9.999964e-01 -2.464161e-03 -1.049214e+00 -8.335125e-03 2.472844e-03 9.999623e-01 -8.085087e+00
9.999833e-01 9.115593e-04 -5.701144e-03 2.185668e+01 -9.019228e-04 9.999982e-01 1.691806e-03 -1.096341e+00 5.702736e-03 -1.686649e-03 9.999822e-01 -8.026554e+00
9.999658e-01 -9.757518e-04 8.208285e-03 2.301022e+01 9.976477e-04 9.999960e-01 -2.664403e-03 -1.150556e+00 -8.205713e-03 2.672514e-03 9.999629e-01 -8.105305e+00
9.999840e-01 8.954005e-04 -5.591332e-03 2.375491e+01 -8.835829e-04 9.999974e-01 2.114824e-03 -1.187976e+00 5.593272e-03 -2.109863e-03 9.999820e-01 -8.067077e+00
9.999635e-01 -8.603735e-04 8.504244e-03 2.437668e+01 8.836880e-04 9.999959e-01 -2.738658e-03 -1.217927e+00 -8.501913e-03 2.746087e-03 9.999602e-01 -8.079879e+00
9.999819e-01 6.551443e-04 -5.972405e-03 2.500343e+01 -6.420064e-04 9.999974e-01 2.200619e-03 -1.251353e+00 5.973892e-03 -2.196758e-03 9.999797e-01 -7.989837e+00
9.999627e-01 -7.855499e-04 8.605640e-03 2.556216e+01 8.075294e-04 9.999964e-01 -2.551427e-03 -1.280597e+00 -8.603667e-03 2.558295e-03 9.999598e-01 -7.917326e+00
9.999835e-01 7.826515e-04 -5.696917e-03 2.636635e+01 -7.720440e-04 9.999980e-01 1.863081e-03 -1.319981e+00 5.698425e-03 -1.858666e-03 9.999819e-01 -7.923984e+00
9.999674e-01 -9.678592e-04 8.015938e-03 2.740258e+01 9.898835e-04 9.999957e-01 -2.744635e-03 -1.371042e+00 -8.013309e-03 2.752494e-03 9.999642e-01 -7.920143e+00
9.999837e-01 8.159527e-04 -5.647589e-03 2.844420e+01 -8.057115e-04 9.999980e-01 1.814533e-03 -1.422802e+00 5.649121e-03 -1.809967e-03 9.999823e-01 -7.898670e+00
9.999658e-01 -9.107796e-04 8.217096e-03 2.911028e+01 9.310722e-04 9.999965e-01 -2.466654e-03 -1.455000e+00 -8.214883e-03 2.474234e-03 9.999633e-01 -7.908141e+00
9.999835e-01 8.677706e-04 -5.673770e-03 2.962332e+01 -8.560363e-04 9.999975e-01 2.069388e-03 -1.478965e+00 5.675614e-03 -2.064511e-03 9.999817e-01 -7.920621e+00
9.999608e-01 -8.982744e-04 8.805792e-03 3.027121e+01 9.215722e-04 9.999961e-01 -2.642587e-03 -1.509598e+00 -8.803446e-03 2.650613e-03 9.999578e-01 -7.955613e+00
9.999777e-01 8.073603e-04 -6.635133e-03 3.130343e+01 -7.951467e-04 9.999980e-01 1.842402e-03 -1.556409e+00 6.636670e-03 -1.837099e-03 9.999762e-01 -8.080252e+00
