9.999736e-01 9.196241e-05 -7.259887e-03 -2.019905e-01 -8.446580e-05 9.999995e-01 1.032910e-03 -1.361966e-02 7.259978e-03 -1.032270e-03 9.999732e-01 7.926564e-01
9.999933e-01 1.199634e-04 3.670130e-03 -3.538413e-01 -1.190239e-04 1.000000e+00 -2.562026e-04 -2.377115e-02 -3.670162e-03 2.557647e-04 9.999931e-01 1.393565e+00
9.999754e-01 -1.329524e-04 -7.017533e-03 -4.108201e-01 1.406872e-04 9.999994e-01 1.101721e-03 -3.841758e-02 7.017383e-03 -1.102682e-03 9.999749e-01 2.041351e+00
9.999929e-01 3.020094e-04 3.753828e-03 -3.207030e-01 -3.019247e-04 1.000000e+00 -2.312007e-05 -6.441384e-02 -3.753837e-03 2.198738e-05 9.999929e-01 2.870104e+00
9.999963e-01 -2.025477e-04 -2.709523e-03 -2.075997e-01 2.037892e-04 9.999999e-01 4.579464e-04 -8.002358e-02 2.709431e-03 -4.584978e-04 9.999963e-01 3.260154e+00
9.999948e-01 2.784255e-04 3.215329e-03 -2.387324e-01 -2.774010e-04 9.999999e-01 -3.190623e-04 -8.406886e-02 -3.215419e-03 3.181696e-04 9.999947e-01 3.456316e+00
9.999936e-01 -1.180839e-04 -3.587877e-03 -2.768886e-01 1.191644e-04 9.999999e-01 3.009546e-04 -8.542251e-02 3.587843e-03 -3.013811e-04 9.999936e-01 3.582005e+00
9.999956e-01 4.103892e-04 2.942869e-03 -3.225728e-01 -4.094460e-04 9.999999e-01 -3.211022e-04 -8.655684e-02 -2.943002e-03 3.198968e-04 9.999955e-01 3.714397e+00
9.999977e-01 -2.622381e-04 -2.123164e-03 -3.105875e-01 2.629055e-04 9.999999e-01 3.141134e-04 -8.947590e-02 2.123083e-03 -3.146718e-04 9.999978e-01 3.812258e+00
9.999968e-01 3.949424e-04 2.492138e-03 -3.184308e-01 -3.938861e-04 9.999998e-01 -4.243003e-04 -9.072672e-02 -2.492306e-03 4.233182e-04 9.999967e-01 3.896804e+00
9.999999e-01 -4.493658e-04 -1.471485e-04 -2.713679e-01 4.494310e-04 9.999998e-01 4.440837e-04 -8.924460e-02 1.469502e-04 -4.441506e-04 1.000000e+00 3.771752e+00
9.999961e-01 4.613662e-04 2.760604e-03 -2.105762e-01 -4.602274e-04 9.999998e-01 -4.131215e-04 -9.045950e-02 -2.760795e-03 4.118503e-04 9.999960e-01 3.722154e+00
9.999997e-01 -3.757868e-04 -7.103318e-04 -1.815129e-01 3.760477e-04 9.999999e-01 3.672916e-04 -9.352498e-02 7.101945e-04 -3.675595e-04 9.999998e-01 3.794251e+00
9.999982e-01 5.051526e-04 1.819538e-03 -1.028167e-01 -5.047495e-04 9.999998e-01 -2.219824e-04 -1.028871e-01 -1.819651e-03 2.210645e-04 9.999982e-01 3.996185e+00
9.999995e-01 -4.558612e-04 -9.267117e-04 1.682223e-02 4.561312e-04 9.999999e-01 2.911583e-04 -1.105117e-01 9.265795e-04 -2.915818e-04 9.999996e-01 4.079521e+00
9.999947e-01 5.581992e-04 3.194621e-03 5.051394e-02 -5.571742e-04 9.999998e-01 -3.217477e-04 -1.136745e-01 -3.194800e-03 3.199670e-04 9.999947e-01 4.143988e+00
9.999894e-01 -4.392480e-04 -4.578411e-03 1.539630e-02 4.411576e-04 9.999998e-01 4.160821e-04 -1.167556e-01 4.578228e-03 -4.180985e-04 9.999895e-01 4.308411e+00
9.999978e-01 4.941724e-04 2.042046e-03 1.406636e-01 -4.945069e-04 9.999999e-01 1.633365e-04 -1.382960e-01 -2.041966e-03 -1.643450e-04 9.999978e-01 4.905328e+00
9.999972e-01 -3.337003e-04 -2.346937e-03 3.112763e-01 3.338387e-04 9.999999e-01 5.861859e-05 -1.551934e-01 2.346918e-03 -5.940293e-05 9.999973e-01 5.232383e+00
9.999948e-01 5.985754e-04 3.161117e-03 2.717410e-01 -5.980052e-04 9.999998e-01 -1.813355e-04 -1.547346e-01 -3.161226e-03 1.794452e-04 9.999949e-01 5.305061e+00
9.999979e-01 -3.337627e-04 -2.004984e-03 1.950482e-01 3.338232e-04 9.999999e-01 2.985080e-05 -1.514486e-01 2.004975e-03 -3.052103e-05 9.999981e-01 5.317988e+00
9.999955e-01 6.695892e-04 2.925710e-03 9.598422e-02 -6.690308e-04 9.999998e-01 -1.918112e-04 -1.472394e-01 -2.925838e-03 1.898539e-04 9.999956e-01 5.332365e+00
9.999952e-01 -2.392295e-04 -3.076991e-03 -5.604457e-02 2.392254e-04 1.000000e+00 -1.679607e-06 -1.408833e-01 3.076992e-03 9.425652e-07 9.999954e-01 5.328146e+00
9.999959e-01 6.611849e-04 2.800794e-03 -2.171163e-01 -6.607496e-04 9.999998e-01 -1.563093e-04 -1.343217e-01 -2.800897e-03 1.544589e-04 9.999960e-01 5.327276e+00
9.999980e-01 -2.278705e-04 -2.005439e-03 -3.791839e-01 2.276599e-04 1.000000e+00 -1.052318e-04 -1.261502e-01 2.005464e-03 1.047741e-04 9.999981e-01 5.265786e+00
9.999952e-01 5.844085e-04 3.056778e-03 -5.076884e-01 -5.839630e-04 9.999998e-01 -1.466211e-04 -1.186793e-01 -3.056863e-03 1.448362e-04 9.999952e-01 5.187140e+00
9.999988e-01 -2.897259e-04 -1.515063e-03 -6.320157e-01 2.896327e-04 1.000000e+00 -6.176194e-05 -1.108291e-01 1.515081e-03 6.132221e-05 9.999990e-01 5.086067e+00
9.999939e-01 6.566408e-04 3.426722e-03 -8.077280e-01 -6.561456e-04 9.999998e-01 -1.456229e-04 -9.934198e-02 -3.426817e-03 1.433744e-04 9.999940e-01 4.904018e+00
9.999983e-01 -3.393441e-04 -1.832172e-03 -9.279839e-01 3.392256e-04 9.999999e-01 -6.495988e-05 -9.227945e-02 1.832194e-03 6.433743e-05 9.999984e-01 4.824771e+00
9.999945e-01 6.519557e-04 3.257681e-03 -1.049091e+00 -6.515401e-04 9.999998e-01 -1.286068e-04 -8.533336e-02 -3.257764e-03 1.264844e-04 9.999946e-01 4.757653e+00
9.999977e-01 -2.528865e-04 -2.139079e-03 -1.203617e+00 2.527611e-04 1.000000e+00 -5.887504e-05 -7.746733e-02 2.139094e-03 5.833346e-05 9.999978e-01 4.696357e+00
9.999932e-01 5.854125e-04 3.645248e-03 -1.349043e+00 -5.848817e-04 9.999998e-01 -1.466792e-04 -6.897968e-02 -3.645332e-03 1.445469e-04 9.999932e-01 4.593457e+00
9.999990e-01 -3.086220e-04 -1.368766e-03 -1.452553e+00 3.085656e-04 1.000000e+00 -4.142050e-05 -6.257178e-02 1.368778e-03 4.099738e-05 9.999992e-01 4.518936e+00
9.999947e-01 5.949602e-04 3.202301e-03 -1.551032e+00 -5.945926e-04 9.999998e-01 -1.157350e-04 -5.768518e-02 -3.202369e-03 1.138310e-04 9.999948e-01 4.501275e+00
9.999999e-01 -4.021504e-04 -2.829292e-04 -1.584125e+00 4.021397e-04 9.999999e-01 -3.781496e-05 -5.595938e-02 2.829432e-04 3.770047e-05 1.000000e+00 4.502896e+00
9.999955e-01 3.964131e-04 2.980063e-03 -1.463874e+00 -3.965184e-04 9.999999e-01 3.475050e-05 -6.091524e-02 -2.980047e-03 -3.593129e-05 9.999955e-01 4.481681e+00
9.999997e-01 -4.916653e-04 -6.176479e-04 -1.383315e+00 4.916645e-04 9.999999e-01 -1.446881e-06 -6.097603e-02 6.176468e-04 1.142499e-06 9.999999e-01 4.342113e+00
9.999957e-01 4.496909e-04 2.909005e-03 -1.378679e+00 -4.499208e-04 9.999999e-01 7.837240e-05 -5.558425e-02 -2.908967e-03 -7.968017e-05 9.999957e-01 4.115672e+00
9.999998e-01 -4.110680e-04 -5.657725e-04 -1.410062e+00 4.110187e-04 9.999999e-01 -8.729142e-05 -5.056862e-02 5.658061e-04 8.705815e-05 9.999999e-01 3.973811e+00
9.999993e-01 6.664923e-04 9.582697e-04 -1.513908e+00 -6.664640e-04 9.999998e-01 -2.986833e-05 -4.549994e-02 -9.582872e-04 2.923036e-05 9.999994e-01 3.946433e+00
9.999998e-01 -3.972779e-04 -4.337750e-04 -1.670617e+00 3.972756e-04 9.999999e-01 -5.424378e-06 -3.893455e-02 4.337749e-04 5.251351e-06 1.000000e+00 3.918326e+00
9.999990e-01 7.724818e-04 1.195327e-03 -1.862604e+00 -7.722531e-04 9.999997e-01 -1.917659e-04 -2.841568e-02 -1.195472e-03 1.908433e-04 9.999992e-01 3.784217e+00
9.999999e-01 -4.667365e-04 9.797904e-05 -2.016250e+00 4.667292e-04 9.999999e-01 7.508415e-05 -2.016816e-02 -9.801655e-05 -7.503908e-05 1.000000e+00 3.693013e+00
9.999992e-01 6.148756e-04 1.108545e-03 -2.115052e+00 -6.146772e-04 9.999998e-01 -1.793216e-04 -1.377124e-02 -1.108652e-03 1.786407e-04 9.999993e-01 3.593774e+00
9.999995e-01 -4.664155e-04 8.783749e-04 -2.250546e+00 4.663670e-04 9.999999e-01 5.548973e-05 -2.915215e-03 -8.784035e-04 -5.508070e-05 9.999997e-01 3.378423e+00
9.999996e-01 6.976921e-04 6.165143e-04 -2.424542e+00 -6.975774e-04 9.999997e-01 -1.862054e-04 1.062302e-02 -6.166411e-04 1.857759e-04 9.999997e-01 3.104848e+00
9.999986e-01 -4.619578e-04 1.600314e-03 -2.563528e+00 4.618831e-04 9.999999e-01 4.704974e-05 2.312596e-02 -1.600339e-03 -4.631114e-05 9.999988e-01 2.836841e+00
9.999997e-01 6.440356e-04 -3.054406e-04 -2.673910e+00 -6.440968e-04 9.999998e-01 -2.002660e-04 3.057839e-02 3.053148e-04 2.004633e-04 9.999998e-01 2.722089e+00
9.999965e-01 -4.792755e-04 2.600101e-03 -2.733516e+00 4.791275e-04 9.999999e-01 5.754812e-05 3.446694e-02 -2.600132e-03 -5.630273e-05 9.999967e-01 2.680285e+00
9.999995e-01 8.301124e-04 -5.037953e-04 -2.863044e+00 -8.302448e-04 9.999996e-01 -2.627218e-04 4.294607e-02 5.035808e-04 2.631406e-04 9.999997e-01 2.550839e+00
9.999976e-01 -6.779437e-04 2.060551e-03 -2.943585e+00 6.776956e-04 9.999998e-01 1.211013e-04 4.882835e-02 -2.060636e-03 -1.197052e-04 9.999980e-01 2.465185e+00
9.999997e-01 6.957581e-04 3.327698e-04 -2.946592e+00 -6.956909e-04 9.999997e-01 -2.019508e-04 4.994091e-02 -3.329061e-04 2.017198e-04 9.999998e-01 2.429899e+00
9.999980e-01 -6.513819e-04 1.879472e-03 -2.932295e+00 6.511826e-04 9.999998e-01 1.066647e-04 4.834842e-02 -1.879546e-03 -1.054412e-04 9.999983e-01 2.481141e+00
9.999998e-01 5.726423e-04 1.765084e-04 -2.725184e+00 -5.726549e-04 9.999998e-01 7.148976e-05 3.703335e-02 -1.764629e-04 -7.159027e-05 9.999999e-01 2.543288e+00
9.999970e-01 -6.832134e-04 2.340287e-03 -2.540483e+00 6.829705e-04 9.999998e-01 1.046062e-04 3.029640e-02 -2.340363e-03 -1.030081e-04 9.999974e-01 2.483588e+00
9.999998e-01 5.492219e-04 -3.438692e-04 -2.430719e+00 -5.492575e-04 9.999998e-01 -1.033232e-04 2.922055e-02 3.438174e-04 1.035126e-04 9.999998e-01 2.314473e+00
9.999965e-01 -6.251464e-04 2.563054e-03 -2.365975e+00 6.249445e-04 9.999998e-01 7.956959e-05 2.877281e-02 -2.563109e-03 -7.796811e-05 9.999968e-01 2.200428e+00
9.999999e-01 4.145262e-04 -2.681178e-04 -2.143253e+00 -4.145009e-04 9.999999e-01 9.454805e-05 2.033822e-02 2.681625e-04 -9.443631e-05 9.999999e-01 2.145533e+00
9.999963e-01 -4.985886e-04 2.657913e-03 -2.023803e+00 4.986659e-04 9.999999e-01 -2.842123e-05 1.696967e-02 -2.657904e-03 2.974594e-05 9.999966e-01 2.088621e+00
9.999998e-01 3.769855e-04 -5.842403e-04 -1.838368e+00 -3.769120e-04 9.999999e-01 1.259531e-04 9.167744e-03 5.842937e-04 -1.257322e-04 9.999997e-01 2.059930e+00
9.999957e-01 -5.737854e-04 2.870294e-03 -1.533568e+00 5.735544e-04 9.999998e-01 8.127474e-05 -4.185782e-03 -2.870346e-03 -7.962874e-05 9.999960e-01 2.028956e+00
9.999989e-01 6.189062e-04 -1.377975e-03 -1.474779e+00 -6.190777e-04 9.999998e-01 -1.239725e-04 -8.129968e-03 1.377904e-03 1.248261e-04 9.999989e-01 2.075845e+00
9.999971e-01 -6.915289e-04 2.298011e-03 -1.303823e+00 6.912766e-04 9.999998e-01 1.105873e-04 -1.715176e-02 -2.298093e-03 -1.089990e-04 9.999975e-01 2.109837e+00
9.999995e-01 4.758972e-04 -8.999313e-04 -9.927520e-01 -4.757691e-04 9.999999e-01 1.425201e-04 -3.122822e-02 9.000055e-04 -1.420912e-04 9.999995e-01 2.095796e+00
9.999970e-01 -4.662335e-04 2.410143e-03 -7.907730e-01 4.663568e-04 9.999999e-01 -5.060367e-05 -4.141320e-02 -2.410126e-03 5.172686e-05 9.999972e-01 2.118548e+00
9.999999e-01 3.516916e-04 -5.338900e-05 -5.017402e-01 -3.516793e-04 9.999999e-01 2.305927e-04 -5.645902e-02 5.347700e-05 -2.305733e-04 9.999999e-01 2.155760e+00
9.999960e-01 -5.563743e-04 2.784128e-03 -3.847890e-02 5.560050e-04 9.999998e-01 1.334154e-04 -7.988423e-02 -2.784209e-03 -1.318676e-04 9.999962e-01 2.189003e+00
9.999999e-01 3.743552e-04 1.139320e-04 3.569679e-01 -3.743749e-04 9.999999e-01 1.730783e-04 -1.005362e-01 -1.138597e-04 -1.731202e-04 9.999999e-01 2.233249e+00
9.999962e-01 -4.965229e-04 2.720550e-03 7.143359e-01 4.963838e-04 9.999999e-01 5.178419e-05 -1.201277e-01 -2.720584e-03 -5.043431e-05 9.999964e-01 2.305034e+00
1.000000e+00 2.623155e-04 -2.988262e-06 1.173876e+00 -2.623146e-04 9.999999e-01 3.046228e-04 -1.431368e-01 3.076190e-06 -3.046212e-04 9.999999e-01 2.319982e+00
9.999957e-01 -3.928176e-04 2.895341e-03 1.616602e+00 3.930107e-04 9.999999e-01 -6.612581e-05 -1.676629e-01 -2.895323e-03 6.726261e-05 9.999959e-01 2.416494e+00
1.000000e+00 1.440228e-04 5.411781e-05 2.080900e+00 -1.440472e-04 9.999999e-01 4.504527e-04 -1.918666e-01 -5.404432e-05 -4.504596e-04 9.999998e-01 2.471714e+00
9.999956e-01 -3.828386e-04 2.954395e-03 2.576326e+00 3.830771e-04 9.999999e-01 -8.012638e-05 -2.181156e-01 -2.954373e-03 8.125690e-05 9.999957e-01 2.541419e+00
1.000000e+00 5.096723e-05 -2.237340e-04 3.139492e+00 -5.084478e-05 9.999998e-01 5.473523e-04 -2.461208e-01 2.237710e-04 -5.473400e-04 9.999997e-01 2.543782e+00
9.999951e-01 -2.495301e-04 3.134223e-03 3.689394e+00 2.500703e-04 1.000000e+00 -1.719444e-04 -2.750283e-01 -3.134189e-03 1.727264e-04 9.999952e-01 2.607336e+00
9.999999e-01 -6.603283e-06 -5.131031e-04 4.168518e+00 6.895983e-06 9.999998e-01 5.705044e-04 -2.989427e-01 5.131090e-04 -5.705069e-04 9.999996e-01 2.614342e+00
9.999944e-01 -1.435985e-04 3.329846e-03 4.645680e+00 1.446170e-04 9.999999e-01 -3.056477e-04 -3.242862e-01 -3.329812e-03 3.061266e-04 9.999945e-01 2.669769e+00
9.999998e-01 -1.591285e-04 -5.955235e-04 5.220558e+00 1.595588e-04 9.999997e-01 7.226075e-04 -3.527146e-01 5.954186e-04 -7.227013e-04 9.999995e-01 2.680589e+00
9.999943e-01 -1.702485e-04 3.357452e-03 5.815277e+00 1.711189e-04 1.000000e+00 -2.589433e-04 -3.817624e-01 -3.357418e-03 2.595152e-04 9.999944e-01 2.675525e+00
9.999997e-01 -1.806188e-04 -7.981336e-04 6.406082e+00 1.812184e-04 9.999997e-01 7.513429e-04 -4.094614e-01 7.980085e-04 -7.514861e-04 9.999993e-01 2.640222e+00
9.999952e-01 3.096039e-05 3.099932e-03 6.722993e+00 -2.915185e-05 9.999998e-01 -5.834398e-04 -4.225516e-01 -3.099961e-03 5.833455e-04 9.999951e-01 2.568569e+00
9.999998e-01 -7.094933e-05 -6.766374e-04 6.859943e+00 7.141384e-05 9.999998e-01 6.865762e-04 -4.246897e-01 6.765998e-04 -6.866231e-04 9.999994e-01 2.416976e+00
9.999956e-01 -2.523419e-05 2.967902e-03 7.021125e+00 2.700756e-05 9.999998e-01 -5.974586e-04 -4.284189e-01 -2.967898e-03 5.975350e-04 9.999955e-01 2.286209e+00
9.999997e-01 -1.792071e-05 -7.378110e-04 7.113036e+00 1.837231e-05 9.999998e-01 6.121411e-04 -4.309038e-01 7.378117e-04 -6.121532e-04 9.999994e-01 2.223223e+00
9.999978e-01 1.021239e-04 2.081356e-03 7.154429e+00 -1.007871e-04 9.999998e-01 -6.423193e-04 -4.324836e-01 -2.081433e-03 6.421070e-04 9.999977e-01 2.234249e+00
9.999999e-01 -2.106528e-04 4.768318e-04 7.342301e+00 2.102945e-04 9.999997e-01 7.512500e-04 -4.408322e-01 -4.769778e-04 -7.511484e-04 9.999995e-01 2.225142e+00
9.999982e-01 8.380803e-06 1.919100e-03 7.608618e+00 -7.451422e-06 9.999999e-01 -4.842552e-04 -4.490092e-01 -1.919116e-03 4.842387e-04 9.999981e-01 2.092034e+00
9.999998e-01 -2.703083e-04 4.866499e-04 7.907670e+00 2.699330e-04 9.999997e-01 7.709622e-04 -4.596307e-01 -4.868456e-04 -7.708295e-04 9.999995e-01 1.964242e+00
9.999981e-01 6.527032e-05 1.971275e-03 8.222773e+00 -6.418188e-05 9.999998e-01 -5.521767e-04 -4.729564e-01 -1.971324e-03 5.520478e-04 9.999980e-01 1.918013e+00
9.999998e-01 -2.820446e-04 4.784401e-04 8.524113e+00 2.816553e-04 9.999996e-01 8.132762e-04 -4.854832e-01 -4.786562e-04 -8.131400e-04 9.999995e-01 1.876805e+00
9.999982e-01 9.811630e-05 1.914555e-03 8.815303e+00 -9.700411e-05 9.999998e-01 -5.809601e-04 -4.978674e-01 -1.914625e-03 5.807720e-04 9.999981e-01 1.837534e+00
9.999998e-01 -3.324035e-04 4.576847e-04 9.186122e+00 3.320117e-04 9.999996e-01 8.556672e-04 -5.142257e-01 -4.579554e-04 -8.555137e-04 9.999994e-01 1.804717e+00
9.999981e-01 1.053857e-04 1.948300e-03 9.547513e+00 -1.042079e-04 9.999998e-01 -6.045730e-04 -5.302947e-01 -1.948377e-03 6.043674e-04 9.999980e-01 1.775051e+00
9.999998e-01 -2.878330e-04 4.873812e-04 9.860683e+00 2.874327e-04 9.999996e-01 8.209431e-04 -5.444195e-01 -4.876033e-04 -8.208015e-04 9.999994e-01 1.765006e+00
9.999979e-01 1.297736e-04 2.067332e-03 1.009622e+01 -1.284134e-04 9.999998e-01 -6.580205e-04 -5.549033e-01 -2.067431e-03 6.577522e-04 9.999977e-01 1.761546e+00
9.999998e-01 -2.413788e-04 5.961537e-04 1.025194e+01 2.409481e-04 9.999997e-01 7.223070e-04 -5.615362e-01 -5.963133e-04 -7.221618e-04 9.999995e-01 1.764961e+00
9.999976e-01 2.183129e-04 2.185259e-03 1.044944e+01 -2.167798e-04 9.999997e-01 -7.017054e-04 -5.727048e-01 -2.185426e-03 7.012286e-04 9.999975e-01 1.814939e+00
9.999998e-01 -2.942447e-04 5.631001e-04 1.073821e+01 2.937823e-04 9.999996e-01 8.207627e-04 -5.883193e-01 -5.633263e-04 -8.205957e-04 9.999994e-01 1.873355e+00
9.999979e-01 2.566608e-04 2.047359e-03 1.095993e+01 -2.549441e-04 9.999996e-01 -8.386577e-04 -6.004410e-01 -2.047588e-03 8.381325e-04 9.999977e-01 1.930421e+00
9.999999e-01 -2.778590e-04 3.202541e-04 1.103840e+01 2.776018e-04 9.999996e-01 8.027338e-04 -6.028119e-01 -3.204614e-04 -8.026434e-04 9.999995e-01 1.925681e+00
9.999973e-01 3.454315e-04 2.309212e-03 1.105175e+01 -3.433033e-04 9.999995e-01 -9.219174e-04 -6.037445e-01 -2.309545e-03 9.211207e-04 9.999970e-01 1.965689e+00
9.999996e-01 -2.697171e-04 -8.734168e-04 1.110478e+01 2.704727e-04 9.999996e-01 8.652781e-04 -6.082690e-01 8.731990e-04 -8.655125e-04 9.999991e-01 2.055379e+00
9.999986e-01 3.712592e-04 1.625609e-03 1.116194e+01 -3.698648e-04 9.999996e-01 -8.579327e-04 -6.135933e-01 -1.625943e-03 8.573288e-04 9.999984e-01 2.160737e+00
9.999996e-01 -3.410868e-04 8.826617e-04 1.126717e+01 3.402730e-04 9.999995e-01 9.219062e-04 -6.231550e-01 -8.829594e-04 -9.216041e-04 9.999991e-01 2.327029e+00
9.999984e-01 2.617641e-04 1.786122e-03 1.160668e+01 -2.602789e-04 9.999996e-01 -8.316393e-04 -6.425369e-01 -1.786356e-03 8.311716e-04 9.999982e-01 2.439275e+00
9.999999e-01 -2.428018e-04 3.809214e-04 1.182886e+01 2.424624e-04 9.999996e-01 8.904980e-04 -6.555788e-01 -3.811207e-04 -8.904042e-04 9.999994e-01 2.518732e+00
1.000000e+00 2.999295e-04 -5.631068e-05 1.193289e+01 -2.999794e-04 9.999996e-01 -8.901954e-04 -6.618606e-01 5.602684e-05 8.902108e-04 9.999997e-01 2.589884e+00
9.999979e-01 -3.555711e-04 2.031962e-03 1.205135e+01 3.537057e-04 9.999995e-01 9.182414e-04 -6.677703e-01 -2.032271e-03 -9.175193e-04 9.999974e-01 2.631864e+00
9.999997e-01 2.831493e-04 -7.512340e-04 1.224857e+01 -2.837794e-04 9.999996e-01 -8.388738e-04 -6.751098e-01 7.509790e-04 8.390853e-04 9.999995e-01 2.612457e+00
9.999965e-01 -5.209376e-04 2.601912e-03 1.256399e+01 5.182147e-04 9.999993e-01 1.047003e-03 -6.859772e-01 -2.602438e-03 -1.045649e-03 9.999960e-01 2.536375e+00
9.999994e-01 3.847837e-04 -1.043809e-03 1.289810e+01 -3.856964e-04 9.999995e-01 -8.744505e-04 -7.002203e-01 1.043454e-03 8.748510e-04 9.999992e-01 2.516914e+00
9.999971e-01 -5.020461e-04 2.368248e-03 1.308684e+01 4.997716e-04 9.999994e-01 9.608710e-04 -7.093676e-01 -2.368711e-03 -9.596832e-04 9.999966e-01 2.547855e+00
9.999990e-01 4.572117e-04 -1.368137e-03 1.317795e+01 -4.584721e-04 9.999995e-01 -9.211429e-04 -7.146493e-01 1.367698e-03 9.217677e-04 9.999987e-01 2.610609e+00
9.999972e-01 -5.064012e-04 2.301802e-03 1.333324e+01 5.042841e-04 9.999994e-01 9.201960e-04 -7.235229e-01 -2.302249e-03 -9.190312e-04 9.999968e-01 2.678558e+00
9.999982e-01 5.312873e-04 -1.838956e-03 1.346397e+01 -5.329355e-04 9.999995e-01 -8.959545e-04 -7.317918e-01 1.838462e-03 8.969314e-04 9.999980e-01 2.759485e+00
9.999938e-01 -5.597947e-04 3.488801e-03 1.363315e+01 5.565164e-04 9.999994e-01 9.405123e-04 -7.413740e-01 -3.489308e-03 -9.385633e-04 9.999934e-01 2.824549e+00
9.999981e-01 6.018922e-04 -1.861837e-03 1.371179e+01 -6.037428e-04 9.999993e-01 -9.936330e-04 -7.466443e-01 1.861220e-03 9.947537e-04 9.999979e-01 2.898629e+00
9.999936e-01 -5.948708e-04 3.516270e-03 1.380397e+01 5.915675e-04 9.999994e-01 9.403602e-04 -7.518819e-01 -3.516809e-03 -9.382727e-04 9.999933e-01 2.959228e+00
9.999969e-01 5.556097e-04 -2.425016e-03 1.392578e+01 -5.578250e-04 9.999994e-01 -9.130093e-04 -7.591492e-01 2.424489e-03 9.143577e-04 9.999967e-01 3.033048e+00
9.999938e-01 -6.525861e-04 3.448781e-03 1.414828e+01 6.491519e-04 9.999993e-01 9.967801e-04 -7.701327e-01 -3.449411e-03 -9.945337e-04 9.999935e-01 3.066725e+00
9.999992e-01 4.839154e-04 -1.194050e-03 1.443609e+01 -4.849039e-04 9.999995e-01 -8.277746e-04 -7.826506e-01 1.193630e-03 8.283514e-04 9.999990e-01 3.049325e+00
9.999942e-01 -5.681066e-04 3.343256e-03 1.460727e+01 5.651159e-04 9.999994e-01 8.953910e-04 -7.891181e-01 -3.343744e-03 -8.934950e-04 9.999939e-01 3.024418e+00
9.999989e-01 5.463463e-04 -1.344134e-03 1.480788e+01 -5.474850e-04 9.999995e-01 -8.470953e-04 -7.977845e-01 1.343652e-03 8.478288e-04 9.999988e-01 3.025048e+00
9.999930e-01 -5.694771e-04 3.696478e-03 1.492345e+01 5.662984e-04 9.999995e-01 8.608685e-04 -8.026993e-01 -3.696946e-03 -8.587676e-04 9.999927e-01 3.035678e+00
9.999989e-01 4.285978e-04 -1.392846e-03 1.509667e+01 -4.296455e-04 9.999996e-01 -7.521082e-04 -8.087594e-01 1.392504e-03 7.527043e-04 9.999988e-01 2.996765e+00
9.999924e-01 -6.380558e-04 3.839455e-03 1.543375e+01 6.341038e-04 9.999993e-01 1.030414e-03 -8.242049e-01 -3.840090e-03 -1.027970e-03 9.999920e-01 2.986673e+00
9.999993e-01 4.778393e-04 -1.099236e-03 1.575167e+01 -4.787341e-04 9.999996e-01 -8.140279e-04 -8.405076e-01 1.098827e-03 8.145520e-04 9.999992e-01 3.025590e+00
9.999923e-01 -5.370337e-04 3.898693e-03 1.614063e+01 5.331069e-04 9.999993e-01 1.008140e-03 -8.627829e-01 -3.899212e-03 -1.006053e-03 9.999918e-01 3.130837e+00
9.999992e-01 3.338381e-04 -1.238453e-03 1.665983e+01 -3.346484e-04 9.999997e-01 -6.541902e-04 -8.893608e-01 1.238213e-03 6.546024e-04 9.999991e-01 3.181301e+00
9.999937e-01 -5.626935e-04 3.492000e-03 1.699156e+01 5.593337e-04 9.999994e-01 9.629878e-04 -9.017696e-01 -3.492519e-03 -9.610269e-04 9.999933e-01 3.070858e+00
9.999992e-01 4.109242e-04 -1.215537e-03 1.721230e+01 -4.118743e-04 9.999996e-01 -7.816221e-04 -9.085851e-01 1.215194e-03 7.821204e-04 9.999991e-01 2.954801e+00
9.999931e-01 -5.261459e-04 3.667698e-03 1.745474e+01 5.229665e-04 9.999995e-01 8.677141e-04 -9.198543e-01 -3.668132e-03 -8.657884e-04 9.999928e-01 2.950348e+00
9.999991e-01 3.461046e-04 -1.293413e-03 1.777386e+01 -3.470061e-04 9.999997e-01 -6.970277e-04 -9.343275e-01 1.293150e-03 6.974742e-04 9.999990e-01 2.941336e+00
9.999936e-01 -5.218240e-04 3.549285e-03 1.803153e+01 5.188104e-04 9.999995e-01 8.498952e-04 -9.440528e-01 -3.549705e-03 -8.480466e-04 9.999932e-01 2.879276e+00
9.999992e-01 3.844483e-04 -1.244973e-03 1.824125e+01 -3.853868e-04 9.999996e-01 -7.538416e-04 -9.521104e-01 1.244660e-03 7.543190e-04 9.999990e-01 2.823326e+00
9.999945e-01 -5.556289e-04 3.272742e-03 1.856339e+01 5.526452e-04 9.999994e-01 9.124721e-04 -9.680461e-01 -3.273224e-03 -9.106567e-04 9.999941e-01 2.849207e+00
9.999995e-01 4.232703e-04 -8.952971e-04 1.888229e+01 -4.239448e-04 9.999996e-01 -7.535278e-04 -9.824820e-01 8.949554e-04 7.539052e-04 9.999994e-01 2.828469e+00
9.999981e-01 -5.520341e-04 1.879774e-03 1.916336e+01 5.504055e-04 9.999995e-01 8.667087e-04 -9.935185e-01 -1.880229e-03 -8.656707e-04 9.999978e-01 2.772944e+00
9.999997e-01 2.049888e-04 7.853047e-04 1.966898e+01 -2.046618e-04 9.999999e-01 -4.161146e-04 -1.017899e+00 -7.854128e-04 4.159519e-04 9.999997e-01 2.754731e+00
9.999965e-01 -8.790487e-04 2.485028e-03 2.105327e+01 8.752160e-04 9.999984e-01 1.542878e-03 -1.088171e+00 -2.486358e-03 -1.540695e-03 9.999956e-01 2.781931e+00
9.999998e-01 5.419264e-04 -3.773825e-04 2.319711e+01 -5.419925e-04 9.999998e-01 -1.758201e-04 -1.191424e+00 3.772639e-04 1.760226e-04 1.000000e+00 2.685041e+00
9.999925e-01 -1.318879e-03 3.634044e-03 2.535215e+01 1.311866e-03 9.999973e-01 1.931648e-03 -1.301664e+00 -3.636558e-03 -1.926864e-03 9.999914e-01 2.793412e+00
9.999999e-01 3.210669e-04 1.806681e-05 2.759897e+01 -3.210641e-04 9.999999e-01 -1.406945e-04 -1.413044e+00 -1.813598e-05 1.406863e-04 1.000000e+00 2.848951e+00
9.999948e-01 -8.272008e-04 3.114084e-03 2.978191e+01 8.226791e-04 9.999986e-01 1.452925e-03 -1.515575e+00 -3.115257e-03 -1.450353e-03 9.999940e-01 2.713368e+00
9.999999e-01 3.424534e-04 2.569918e-04 3.195912e+01 -3.423792e-04 9.999999e-01 -2.875010e-04 -1.614497e+00 -2.571149e-04 2.874104e-04 1.000000e+00 2.485178e+00
9.999986e-01 -6.280171e-04 1.556450e-03 3.371878e+01 6.258142e-04 9.999988e-01 1.415258e-03 -1.696936e+00 -1.557312e-03 -1.414279e-03 9.999977e-01 2.346586e+00
9.999991e-01 3.225086e-04 1.281543e-03 3.458669e+01 -3.214955e-04 9.999996e-01 -7.903617e-04 -1.742578e+00 -1.281823e-03 7.899463e-04 9.999990e-01 2.412629e+00
1.000000e+00 -2.265994e-04 1.812575e-04 3.494558e+01 2.263915e-04 9.999993e-01 1.144142e-03 -1.766179e+00 -1.814914e-04 -1.144098e-03 9.999992e-01 2.594901e+00
9.999953e-01 3.221794e-04 3.060679e-03 3.528080e+01 -3.198253e-04 9.999997e-01 -7.694816e-04 -1.788129e+00 -3.060952e-03 7.684963e-04 9.999951e-01 2.765639e+00
1.000000e+00 -1.877648e-04 6.133164e-05 3.555936e+01 1.877021e-04 9.999995e-01 1.014223e-03 -1.807807e+00 -6.149620e-05 -1.014209e-03 9.999994e-01 2.948115e+00
9.999958e-01 4.714722e-05 2.902147e-03 3.589141e+01 -4.479083e-05 9.999997e-01 -8.118816e-04 -1.826158e+00 -2.902210e-03 8.117454e-04 9.999956e-01 3.009698e+00
9.999999e-01 -2.904249e-04 -2.198748e-04 3.629502e+01 2.906792e-04 9.999993e-01 1.159124e-03 -1.844174e+00 2.195644e-04 -1.159185e-03 9.999992e-01 2.964676e+00
9.999949e-01 -2.177586e-05 3.202347e-03 3.685722e+01 2.408609e-05 9.999997e-01 -7.212637e-04 -1.872326e+00 -3.202357e-03 7.213342e-04 9.999947e-01 2.978251e+00
1.000000e+00 -1.060185e-04 -1.642773e-04 3.728766e+01 1.061797e-04 9.999995e-01 9.839058e-04 -1.896491e+00 1.641998e-04 -9.839203e-04 9.999994e-01 3.059029e+00
9.999978e-01 2.196312e-04 2.079837e-03 3.740202e+01 -2.176801e-04 9.999995e-01 -9.380824e-04 -1.907311e+00 -2.080069e-03 9.376246e-04 9.999975e-01 3.220652e+00
9.999998e-01 -4.569969e-04 4.674702e-04 3.785867e+01 4.563988e-04 9.999991e-01 1.277838e-03 -1.928602e+00 -4.680263e-04 -1.277621e-03 9.999990e-01 3.188834e+00
9.999976e-01 2.049291e-04 2.192965e-03 3.831982e+01 -2.028756e-04 9.999995e-01 -9.363949e-04 -1.950361e+00 -2.193183e-03 9.359447e-04 9.999973e-01 3.160377e+00
9.999998e-01 -4.374304e-04 3.409427e-04 3.870032e+01 4.369911e-04 9.999991e-01 1.286393e-03 -1.966532e+00 -3.414772e-04 -1.286241e-03 9.999990e-01 3.075846e+00
9.999974e-01 2.602161e-04 2.288049e-03 3.900837e+01 -2.578035e-04 9.999994e-01 -1.054465e-03 -1.980070e+00 -2.288350e-03 1.053870e-03 9.999969e-01 3.018099e+00
9.999997e-01 -4.038085e-04 5.968038e-04 3.930818e+01 4.030781e-04 9.999992e-01 1.222731e-03 -1.996285e+00 -5.972686e-04 -1.222487e-03 9.999990e-01 3.065038e+00
9.999972e-01 1.051972e-04 2.347897e-03 3.975645e+01 -1.032644e-04 9.999997e-01 -8.230888e-04 -2.019154e+00 -2.348012e-03 8.228409e-04 9.999970e-01 3.088585e+00
9.999998e-01 -4.527352e-04 5.004680e-04 4.035354e+01 4.520460e-04 9.999990e-01 1.375411e-03 -2.049163e+00 -5.010612e-04 -1.375182e-03 9.999988e-01 3.094749e+00
9.999968e-01 1.284230e-04 2.530632e-03 4.088600e+01 -1.261495e-04 9.999996e-01 -8.983685e-04 -2.076652e+00 -2.530776e-03 8.980431e-04 9.999965e-01 3.132963e+00
9.999998e-01 -4.707563e-04 4.007421e-04 4.144385e+01 4.702074e-04 9.999990e-01 1.367582e-03 -2.105304e+00 -4.013559e-04 -1.367390e-03 9.999989e-01 3.157299e+00
9.999967e-01 -3.047553e-04 2.567814e-03 4.271816e+01 3.054209e-04 9.999999e-01 -2.586309e-04 -2.167727e+00 -2.567765e-03 2.594110e-04 9.999968e-01 3.105735e+00
9.999999e-01 1.209948e-04 -3.585775e-04 4.387985e+01 -1.205996e-04 9.999994e-01 1.103291e-03 -2.221960e+00 3.587408e-04 -1.103244e-03 9.999992e-01 2.993753e+00
9.999958e-01 -3.584369e-04 2.891163e-03 4.425391e+01 3.608354e-04 9.999996e-01 -8.289395e-04 -2.239288e+00 -2.890895e-03 8.299758e-04 9.999956e-01 2.971678e+00
9.999999e-01 7.181693e-05 -3.589205e-04 4.471140e+01 -7.137631e-05 9.999992e-01 1.228880e-03 -2.260234e+00 3.590390e-04 -1.228851e-03 9.999991e-01 2.930544e+00
9.999954e-01 -3.090041e-04 3.031445e-03 4.511109e+01 3.118398e-04 9.999995e-01 -9.348403e-04 -2.279838e+00 -3.031186e-03 9.357778e-04 9.999951e-01 2.933772e+00
1.000000e+00 7.235064e-05 -2.815927e-04 4.548854e+01 -7.201490e-05 9.999993e-01 1.193980e-03 -2.298658e+00 2.817100e-04 -1.193956e-03 9.999992e-01 2.944310e+00
9.999952e-01 -3.575255e-04 3.085167e-03 4.596779e+01 3.600998e-04 9.999996e-01 -8.337123e-04 -2.322734e+00 -3.084899e-03 8.348157e-04 9.999950e-01 2.955066e+00
9.999999e-01 8.704370e-05 -3.128379e-04 4.646870e+01 -8.666425e-05 9.999993e-01 1.214468e-03 -2.347971e+00 3.129750e-04 -1.214437e-03 9.999991e-01 2.972181e+00
9.999943e-01 -5.155289e-04 3.334981e-03 4.720594e+01 5.178173e-04 9.999996e-01 -6.851777e-04 -2.385065e+00 -3.334658e-03 6.868971e-04 9.999943e-01 2.980318e+00
9.999999e-01 9.104258e-06 -5.391784e-04 4.809141e+01 -8.333789e-06 9.999990e-01 1.430006e-03 -2.428627e+00 5.392230e-04 -1.429997e-03 9.999987e-01 2.940009e+00
9.999945e-01 -3.370946e-04 3.288045e-03 4.877214e+01 3.401132e-04 9.999995e-01 -9.173407e-04 -2.463491e+00 -3.287766e-03 9.184502e-04 9.999943e-01 2.962011e+00
9.999997e-01 9.941933e-05 -6.978097e-04 4.924146e+01 -9.856579e-05 9.999992e-01 1.223944e-03 -2.486626e+00 6.979635e-04 -1.223871e-03 9.999989e-01 2.964013e+00
9.999948e-01 -2.012479e-04 3.204529e-03 4.941698e+01 2.047304e-04 9.999994e-01 -1.086252e-03 -2.495649e+00 -3.204341e-03 1.086899e-03 9.999944e-01 2.994077e+00
9.999999e-01 3.307139e-04 -1.980168e-04 4.949918e+01 -3.304852e-04 9.999993e-01 1.156927e-03 -2.501703e+00 1.984324e-04 -1.156857e-03 9.999992e-01 3.069982e+00
9.999955e-01 -3.431657e-04 2.987227e-03 4.962178e+01 3.464073e-04 9.999994e-01 -1.084484e-03 -2.506668e+00 -2.986887e-03 1.085510e-03 9.999950e-01 3.051302e+00
9.999998e-01 1.629833e-04 -6.216809e-04 4.987573e+01 -1.621849e-04 9.999992e-01 1.285052e-03 -2.515662e+00 6.219235e-04 -1.284947e-03 9.999989e-01 2.953933e+00
9.999942e-01 -2.216403e-04 3.391922e-03 5.011160e+01 2.256646e-04 9.999993e-01 -1.185914e-03 -2.528393e+00 -3.391690e-03 1.186669e-03 9.999936e-01 3.003297e+00
9.999969e-01 2.458400e-04 -2.473351e-03 5.051260e+01 -2.409603e-04 9.999980e-01 1.973301e-03 -2.560883e+00 2.473865e-03 -1.972695e-03 9.999949e-01 3.474335e+00
9.999928e-01 -9.273274e-06 3.798286e-03 5.102246e+01 1.263175e-05 9.999996e-01 -8.840025e-04 -2.603886e+00 -3.798310e-03 8.840401e-04 9.999925e-01 4.127586e+00
9.999997e-01 -1.698045e-04 -8.042265e-04 5.158096e+01 1.708367e-04 9.999992e-01 1.284451e-03 -2.635041e+00 8.040421e-04 -1.284584e-03 9.999988e-01 4.239175e+00
9.999933e-01 2.483734e-04 3.639638e-03 5.214521e+01 -2.455617e-04 9.999997e-01 -7.727433e-04 -2.669630e+00 -3.639864e-03 7.718403e-04 9.999932e-01 4.477141e+00
9.999976e-01 -1.100605e-04 -2.175417e-03 5.250381e+01 1.132581e-04 9.999989e-01 1.470130e-03 -2.698638e+00 2.175288e-03 -1.470369e-03 9.999965e-01 4.908588e+00
9.999877e-01 -2.095038e-06 4.965996e-03 5.281328e+01 8.374179e-06 9.999992e-01 -1.264257e-03 -2.716108e+00 -4.966024e-03 1.264279e-03 9.999870e-01 4.989813e+00
9.999969e-01 -5.871689e-05 -2.503094e-03 5.301506e+01 6.218434e-05 9.999990e-01 1.385501e-03 -2.725123e+00 2.503045e-03 -1.385648e-03 9.999958e-01 4.966885e+00
9.999885e-01 5.242266e-05 4.787371e-03 5.306049e+01 -4.575304e-05 9.999990e-01 -1.393110e-03 -2.725254e+00 -4.787475e-03 1.392870e-03 9.999877e-01 4.886410e+00
9.999961e-01 -7.869945e-05 -2.803117e-03 5.320887e+01 8.278239e-05 9.999989e-01 1.456745e-03 -2.731964e+00 2.803035e-03 -1.456967e-03 9.999949e-01 4.896544e+00
9.999882e-01 -7.331587e-05 4.855182e-03 5.345417e+01 7.940173e-05 9.999992e-01 -1.253138e-03 -2.740530e+00 -4.855122e-03 1.253504e-03 9.999875e-01 4.798068e+00
9.999933e-01 -2.464932e-04 -3.662131e-03 5.372972e+01 2.526310e-04 9.999986e-01 1.675862e-03 -2.742149e+00 3.661748e-03 -1.676771e-03 9.999918e-01 4.413342e+00
9.999802e-01 -5.734611e-05 6.287847e-03 5.414285e+01 6.508083e-05 9.999992e-01 -1.229783e-03 -2.760688e+00 -6.287808e-03 1.230164e-03 9.999796e-01 4.370680e+00
9.999943e-01 -2.269956e-04 -3.368882e-03 5.469549e+01 2.326707e-04 9.999986e-01 1.684485e-03 -2.789683e+00 3.368531e-03 -1.685255e-03 9.999928e-01 4.424627e+00
9.999832e-01 9.472051e-05 5.795252e-03 5.503311e+01 -8.645448e-05 9.999990e-01 -1.426439e-03 -2.805411e+00 -5.795418e-03 1.425909e-03 9.999823e-01 4.393603e+00
9.999935e-01 -8.334949e-05 -3.602487e-03 5.514358e+01 8.878380e-05 9.999989e-01 1.508573e-03 -2.807260e+00 3.602395e-03 -1.508879e-03 9.999923e-01 4.292216e+00
9.999818e-01 -4.097157e-05 6.036089e-03 5.540504e+01 4.861165e-05 9.999992e-01 -1.265454e-03 -2.819970e+00 -6.036070e-03 1.265720e-03 9.999811e-01 4.310060e+00
9.999941e-01 -8.577733e-05 -3.421011e-03 5.573913e+01 9.087151e-05 9.999989e-01 1.489193e-03 -2.837837e+00 3.420916e-03 -1.489491e-03 9.999929e-01 4.374237e+00
9.999809e-01 9.999535e-05 6.179293e-03 5.605935e+01 -9.245457e-05 9.999993e-01 -1.220466e-03 -2.857627e+00 -6.179448e-03 1.219867e-03 9.999803e-01 4.516292e+00
9.999899e-01 3.998643e-05 -4.503241e-03 5.614459e+01 -3.419881e-05 9.999992e-01 1.285464e-03 -2.863582e+00 4.503326e-03 -1.285293e-03 9.999889e-01 4.581969e+00
9.999826e-01 2.249729e-04 5.892061e-03 5.603007e+01 -2.164875e-04 9.999989e-01 -1.440583e-03 -2.854823e+00 -5.892417e-03 1.439278e-03 9.999817e-01 4.437571e+00
9.999897e-01 -1.129257e-04 -4.539122e-03 5.612068e+01 1.188944e-04 9.999991e-01 1.314876e-03 -2.854497e+00 4.539008e-03 -1.315398e-03 9.999887e-01 4.343452e+00
9.999759e-01 1.267035e-04 6.943157e-03 5.620690e+01 -1.183533e-04 9.999993e-01 -1.202919e-03 -2.857923e+00 -6.943343e-03 1.202064e-03 9.999753e-01 4.331849e+00
9.999823e-01 1.314527e-04 -5.947829e-03 5.626321e+01 -1.232559e-04 9.999990e-01 1.378610e-03 -2.865884e+00 5.948043e-03 -1.377848e-03 9.999813e-01 4.501551e+00
9.999681e-01 -6.746780e-05 7.987028e-03 5.646507e+01 7.524017e-05 9.999995e-01 -9.727187e-04 -2.882365e+00 -7.986997e-03 9.732842e-04 9.999677e-01 4.732177e+00
9.999863e-01 -1.314287e-04 -5.227129e-03 5.680792e+01 1.380347e-04 9.999992e-01 1.263633e-03 -2.900020e+00 5.226998e-03 -1.264333e-03 9.999854e-01 4.758436e+00
9.999691e-01 -1.599004e-04 7.866011e-03 5.704658e+01 1.685242e-04 9.999994e-01 -1.095575e-03 -2.908759e+00 -7.865871e-03 1.096863e-03 9.999686e-01 4.651996e+00
9.999849e-01 1.306433e-06 -5.499805e-03 5.701845e+01 5.947178e-06 9.999991e-01 1.319030e-03 -2.896499e+00 5.499841e-03 -1.319038e-03 9.999839e-01 4.155386e+00
9.999963e-01 3.256497e-04 2.717236e-03 5.690422e+01 -3.215839e-04 9.999988e-01 -1.496250e-03 -2.897836e+00 -2.717759e-03 1.495366e-03 9.999953e-01 4.351029e+00
9.997689e-01 3.150142e-06 -2.149642e-02 5.687629e+01 7.521444e-05 9.999934e-01 3.644703e-03 -2.939266e+00 2.149632e-02 -3.645473e-03 9.997622e-01 5.872784e+00
9.998996e-01 7.108258e-04 1.415057e-02 5.745035e+01 -6.856419e-04 9.999982e-01 -1.784422e-03 -2.996086e+00 -1.415185e-02 1.774536e-03 9.998984e-01 6.958556e+00
9.999357e-01 -1.147782e-03 -1.128053e-02 5.831679e+01 1.177902e-03 9.999958e-01 2.663886e-03 -3.041685e+00 1.127746e-02 -2.676997e-03 9.999327e-01 7.044683e+00
9.999049e-01 9.231062e-04 1.376299e-02 5.926459e+01 -8.954416e-04 9.999976e-01 -2.016033e-03 -3.089916e+00 -1.376485e-02 2.003512e-03 9.999033e-01 7.087425e+00
9.999358e-01 -1.169384e-03 -1.127438e-02 5.980808e+01 1.196768e-03 9.999963e-01 2.422561e-03 -3.118087e+00 1.127155e-02 -2.435893e-03 9.999334e-01 7.142288e+00
9.999005e-01 5.427774e-04 1.409356e-02 6.090232e+01 -5.225991e-04 9.999988e-01 -1.435311e-03 -3.172629e+00 -1.409436e-02 1.427798e-03 9.998997e-01 7.159017e+00
9.999364e-01 -1.133504e-03 -1.121735e-02 6.248407e+01 1.164368e-03 9.999956e-01 2.745401e-03 -3.251835e+00 1.121423e-02 -2.758283e-03 9.999332e-01 7.182241e+00
9.999024e-01 6.804841e-04 1.395683e-02 6.403482e+01 -6.592070e-04 9.999986e-01 -1.528964e-03 -3.329110e+00 -1.395789e-02 1.519609e-03 9.999015e-01 7.203076e+00
9.999376e-01 -1.295723e-03 -1.109638e-02 6.549425e+01 1.326120e-03 9.999954e-01 2.732550e-03 -3.403129e+00 1.109283e-02 -2.747089e-03 9.999346e-01 7.252723e+00
9.998992e-01 6.808590e-04 1.418087e-02 6.708511e+01 -6.602014e-04 9.999987e-01 -1.461274e-03 -3.483497e+00 -1.418189e-02 1.451759e-03 9.998985e-01 7.309366e+00
9.999357e-01 -1.255594e-03 -1.126676e-02 6.866843e+01 1.287039e-03 9.999953e-01 2.784277e-03 -3.563338e+00 1.126325e-02 -2.798594e-03 9.999326e-01 7.344619e+00
9.998976e-01 7.316764e-04 1.428876e-02 7.022985e+01 -7.107125e-04 9.999987e-01 -1.472099e-03 -3.640535e+00 -1.428986e-02 1.461788e-03 9.998969e-01 7.341394e+00
9.999290e-01 -9.872237e-04 -1.187641e-02 7.138251e+01 1.015759e-03 9.999966e-01 2.397035e-03 -3.695576e+00 1.187404e-02 -2.408923e-03 9.999265e-01 7.289807e+00
9.998903e-01 2.062761e-04 1.480832e-02 7.275413e+01 -1.891347e-04 9.999993e-01 -1.158866e-03 -3.763541e+00 -1.480859e-02 1.155932e-03 9.998898e-01 7.298763e+00
9.999300e-01 -9.538524e-04 -1.179313e-02 7.474350e+01 9.867676e-04 9.999956e-01 2.785656e-03 -3.861712e+00 1.179046e-02 -2.797092e-03 9.999265e-01 7.299138e+00
9.998893e-01 3.641919e-04 1.487270e-02 7.664642e+01 -3.446909e-04 9.999991e-01 -1.313651e-03 -3.958501e+00 -1.487320e-02 1.308372e-03 9.998886e-01 7.394927e+00
9.999271e-01 -1.037643e-03 -1.203245e-02 7.837627e+01 1.071975e-03 9.999954e-01 2.847334e-03 -4.049369e+00 1.202948e-02 -2.860019e-03 9.999235e-01 7.563164e+00
9.998837e-01 1.306950e-04 1.524757e-02 8.014081e+01 -1.098007e-04 9.999991e-01 -1.371077e-03 -4.139538e+00 -1.524778e-02 1.369237e-03 9.998829e-01 7.640172e+00
9.999256e-01 -7.012830e-04 -1.217690e-02 8.178586e+01 7.329212e-04 9.999964e-01 2.594064e-03 -4.225187e+00 1.217508e-02 -2.602789e-03 9.999224e-01 7.773611e+00
9.998934e-01 2.175262e-04 1.459684e-02 8.315195e+01 -2.008456e-04 9.999993e-01 -1.144114e-03 -4.299525e+00 -1.459712e-02 1.141054e-03 9.998929e-01 8.010310e+00
9.999278e-01 -4.329621e-04 -1.200451e-02 8.459614e+01 4.668769e-04 9.999959e-01 2.822634e-03 -4.381832e+00 1.200328e-02 -2.828028e-03 9.999239e-01 8.441714e+00
9.998876e-01 1.482859e-04 1.499121e-02 8.604275e+01 -1.269033e-04 9.999990e-01 -1.427184e-03 -4.462713e+00 -1.499144e-02 1.425114e-03 9.998867e-01 8.800290e+00
9.999284e-01 -7.028045e-04 -1.194309e-02 8.763395e+01 7.363266e-04 9.999958e-01 2.802780e-03 -4.546392e+00 1.194112e-02 -2.811366e-03 9.999247e-01 8.984280e+00
9.998862e-01 2.295611e-04 1.508329e-02 8.920949e+01 -2.077887e-04 9.999989e-01 -1.444930e-03 -4.630968e+00 -1.508365e-02 1.441624e-03 9.998853e-01 9.238785e+00
9.999298e-01 -7.913980e-04 -1.182527e-02 9.072865e+01 8.244179e-04 9.999958e-01 2.787841e-03 -4.710698e+00 1.182306e-02 -2.797387e-03 9.999261e-01 9.387250e+00
9.998898e-01 6.200729e-04 1.483579e-02 9.193629e+01 -5.956171e-04 9.999985e-01 -1.652684e-03 -4.779862e+00 -1.483684e-02 1.643658e-03 9.998887e-01 9.728174e+00
9.998854e-01 -4.954722e-04 -1.512910e-02 9.271351e+01 5.469013e-04 9.999941e-01 3.395510e-03 -4.838633e+00 1.512737e-02 -3.403387e-03 9.998797e-01 1.046742e+01
9.998327e-01 -1.083684e-05 1.828992e-02 9.404014e+01 5.173996e-05 9.999975e-01 -2.235809e-03 -4.909483e+00 -1.828990e-02 2.236374e-03 9.998303e-01 1.064333e+01
9.998822e-01 -3.498261e-04 -1.534710e-02 9.517496e+01 3.987386e-04 9.999949e-01 3.184257e-03 -4.970950e+00 1.534595e-02 -3.189994e-03 9.998771e-01 1.082385e+01
9.998604e-01 1.772716e-04 1.670726e-02 9.622900e+01 -1.417589e-04 9.999977e-01 -2.126639e-03 -5.032488e+00 -1.670764e-02 2.123965e-03 9.998583e-01 1.114909e+01
9.999067e-01 -5.776322e-04 -1.364379e-02 9.747151e+01 6.209222e-04 9.999948e-01 3.168984e-03 -5.099933e+00 1.364193e-02 -3.177152e-03 9.999018e-01 1.134994e+01
9.998773e-01 7.275901e-04 1.564634e-02 9.821018e+01 -7.023218e-04 9.999984e-01 -1.620285e-03 -5.153046e+00 -1.564753e-02 1.609089e-03 9.998764e-01 1.193687e+01
9.998211e-01 -5.786014e-04 -1.890466e-02 9.889822e+01 6.397745e-04 9.999946e-01 3.230088e-03 -5.207723e+00 1.890273e-02 -3.241597e-03 9.998160e-01 1.263587e+01
9.998003e-01 5.426589e-04 1.997520e-02 9.978180e+01 -4.967921e-04 9.999972e-01 -2.300983e-03 -5.261084e+00 -1.997644e-02 2.290592e-03 9.997979e-01 1.297495e+01
9.998540e-01 -8.087828e-04 -1.707066e-02 1.006744e+02 8.615530e-04 9.999949e-01 3.084266e-03 -5.308134e+00 1.706813e-02 -3.098514e-03 9.998494e-01 1.309302e+01
9.998132e-01 7.100467e-04 1.931547e-02 1.017649e+02 -6.667868e-04 9.999973e-01 -2.245896e-03 -5.358970e+00 -1.931706e-02 2.232589e-03 9.998110e-01 1.305663e+01
9.998537e-01 -9.851623e-04 -1.707753e-02 1.029115e+02 1.041951e-03 9.999940e-01 3.316903e-03 -5.411656e+00 1.707420e-02 -3.334203e-03 9.998486e-01 1.298814e+01
9.998163e-01 7.307031e-04 1.915333e-02 1.040865e+02 -6.849312e-04 9.999969e-01 -2.396109e-03 -5.464942e+00 -1.915506e-02 2.382541e-03 9.998138e-01 1.290365e+01
9.998541e-01 -1.041819e-03 -1.704983e-02 1.050460e+02 1.092192e-03 9.999951e-01 2.945516e-03 -5.512272e+00 1.704672e-02 -2.963699e-03 9.998502e-01 1.291705e+01
9.998227e-01 7.263918e-04 1.881744e-02 1.058192e+02 -6.833526e-04 9.999971e-01 -2.293415e-03 -5.553557e+00 -1.881910e-02 2.280140e-03 9.998204e-01 1.301281e+01
