9.999950e-01 -7.277554e-04 3.064897e-03 1.163421e+00 7.247307e-04 9.999992e-01 9.878778e-04 -5.672386e-02 -3.065614e-03 -9.856523e-04 9.999949e-01 -2.631546e-02
9.999998e-01 1.450007e-04 -6.451440e-04 3.130996e+00 -1.447134e-04 9.999999e-01 4.453177e-04 -1.522547e-01 6.452091e-04 -4.452235e-04 9.999996e-01 -9.466257e-02
9.999964e-01 -6.886371e-04 2.586902e-03 5.160924e+00 6.862289e-04 9.999993e-01 9.316884e-04 -2.480845e-01 -2.587543e-03 -9.299108e-04 9.999963e-01 -2.434965e-01
9.999999e-01 2.607846e-04 2.317426e-04 7.358624e+00 -2.608740e-04 9.999999e-01 3.858345e-04 -3.489912e-01 -2.316409e-04 -3.858939e-04 9.999998e-01 -4.407798e-01
9.999979e-01 -8.489048e-04 1.868064e-03 9.379762e+00 8.470112e-04 9.999991e-01 1.014190e-03 -4.432213e-01 -1.868924e-03 -1.012606e-03 9.999978e-01 -6.062379e-01
9.999999e-01 3.093613e-04 2.805504e-04 1.137193e+01 -3.094708e-04 9.999999e-01 3.902632e-04 -5.361998e-01 -2.804282e-04 -3.903487e-04 9.999998e-01 -7.689788e-01
9.999978e-01 -8.524604e-04 1.920295e-03 1.325180e+01 8.506096e-04 9.999992e-01 9.644384e-04 -6.250968e-01 -1.921117e-03 -9.628043e-04 9.999978e-01 -8.863145e-01
9.999999e-01 4.752675e-04 -1.300258e-04 1.517707e+01 -4.752347e-04 9.999999e-01 2.520711e-04 -7.127486e-01 1.301474e-04 -2.520078e-04 9.999999e-01 -1.106239e+00
9.999953e-01 -1.102936e-03 2.862829e-03 1.650612e+01 1.100384e-03 9.999990e-01 8.927732e-04 -7.767509e-01 -2.863813e-03 -8.896205e-04 9.999956e-01 -1.175066e+00
9.999995e-01 9.141350e-04 2.632818e-04 1.715617e+01 -9.140218e-04 9.999995e-01 -4.299230e-04 -8.126190e-01 -2.636721e-04 4.296839e-04 9.999998e-01 -1.072198e+00
9.999954e-01 -1.150901e-03 2.797697e-03 1.790201e+01 1.147870e-03 9.999988e-01 1.084826e-03 -8.531492e-01 -2.798944e-03 -1.081612e-03 9.999956e-01 -9.528830e-01
9.999995e-01 9.449283e-04 4.300946e-04 1.841233e+01 -9.445416e-04 9.999992e-01 -8.984673e-04 -8.812639e-01 -4.309401e-04 8.980624e-04 9.999994e-01 -8.604520e-01
9.999958e-01 -1.079748e-03 2.685447e-03 1.875457e+01 1.076839e-03 9.999988e-01 1.084324e-03 -9.000070e-01 -2.686618e-03 -1.081430e-03 9.999959e-01 -7.983829e-01
9.999993e-01 1.108813e-03 -2.766982e-04 1.902264e+01 -1.109046e-03 9.999990e-01 -8.445063e-04 -9.176410e-01 2.757652e-04 8.448144e-04 9.999995e-01 -6.434700e-01
9.999918e-01 -1.885866e-03 3.572469e-03 2.008569e+01 1.879459e-03 9.999966e-01 1.795955e-03 -9.696682e-01 -3.575848e-03 -1.789227e-03 9.999921e-01 -6.481360e-01
9.999988e-01 1.300854e-03 -7.852513e-04 2.113187e+01 -1.301573e-03 9.999987e-01 -9.158083e-04 -1.020642e+00 7.840633e-04 9.168313e-04 9.999992e-01 -6.854450e-01
9.999916e-01 -1.510268e-03 3.813197e-03 2.157300e+01 1.505623e-03 9.999981e-01 1.220698e-03 -1.042716e+00 -3.815038e-03 -1.214949e-03 9.999921e-01 -6.799782e-01
9.999985e-01 1.336433e-03 -1.109936e-03 2.195337e+01 -1.337456e-03 9.999987e-01 -9.212674e-04 -1.059696e+00 1.108709e-03 9.227526e-04 9.999989e-01 -7.374241e-01
9.999920e-01 -1.581560e-03 3.674394e-03 2.232765e+01 1.577028e-03 9.999980e-01 1.235826e-03 -1.074668e+00 -3.676346e-03 -1.230023e-03 9.999926e-01 -8.250394e-01
9.999994e-01 7.581049e-04 -7.538771e-04 2.339925e+01 -7.583233e-04 9.999997e-01 -2.894284e-04 -1.125105e+00 7.536628e-04 2.900021e-04 9.999996e-01 -9.015082e-01
9.999947e-01 -1.218506e-03 3.028759e-03 2.446116e+01 1.214987e-03 9.999986e-01 1.163284e-03 -1.174481e+00 -3.030178e-03 -1.159600e-03 9.999948e-01 -1.025034e+00
9.999994e-01 1.104141e-03 -8.405874e-05 2.489674e+01 -1.104218e-03 9.999990e-01 -9.170366e-04 -1.197294e+00 8.305203e-05 9.171311e-04 9.999995e-01 -9.737942e-01
9.999942e-01 -1.105733e-03 3.219916e-03 2.531689e+01 1.101888e-03 9.999987e-01 1.195512e-03 -1.221000e+00 -3.221240e-03 -1.191959e-03 9.999942e-01 -8.485756e-01
9.999986e-01 7.971747e-04 -1.438324e-03 2.545539e+01 -7.983105e-04 9.999994e-01 -7.892636e-04 -1.217653e+00 1.437701e-03 7.904132e-04 9.999986e-01 -1.320252e+00
9.999963e-01 -8.204168e-04 2.580690e-03 2.545985e+01 8.179367e-04 9.999992e-01 9.619677e-04 -1.204870e+00 -2.581483e-03 -9.598557e-04 9.999963e-01 -1.946030e+00
9.999996e-01 5.374068e-04 -7.323964e-04 2.557843e+01 -5.378922e-04 9.999996e-01 -6.626266e-04 -1.200464e+00 7.320468e-04 6.630227e-04 9.999994e-01 -2.376049e+00
9.999990e-01 -7.788576e-04 1.149769e-03 2.552747e+01 7.776078e-04 9.999991e-01 1.087082e-03 -1.178498e+00 -1.150621e-03 -1.086189e-03 9.999988e-01 -3.301100e+00
9.999995e-01 -1.385006e-04 1.016412e-03 2.648509e+01 1.384267e-04 1.000000e+00 7.276878e-05 -1.210150e+00 -1.016415e-03 -7.262549e-05 9.999994e-01 -3.805268e+00
9.999995e-01 -5.806498e-04 8.036790e-04 2.833992e+01 5.795216e-04 9.999988e-01 1.403439e-03 -1.292504e+00 -8.045001e-04 -1.402975e-03 9.999988e-01 -4.086794e+00
9.999987e-01 -1.021919e-04 1.605276e-03 2.979696e+01 1.024648e-04 1.000000e+00 -1.699800e-04 -1.360078e+00 -1.605251e-03 1.701471e-04 9.999986e-01 -4.242919e+00
9.999989e-01 -6.047666e-04 1.340634e-03 3.088646e+01 6.031596e-04 9.999991e-01 1.198835e-03 -1.412501e+00 -1.341365e-03 -1.198028e-03 9.999985e-01 -4.298549e+00
9.999987e-01 1.727087e-04 1.625850e-03 3.183509e+01 -1.720667e-04 9.999999e-01 -3.950781e-04 -1.460703e+00 -1.625910e-03 3.948008e-04 9.999985e-01 -4.266321e+00
9.999989e-01 -5.692879e-04 1.363410e-03 3.257944e+01 5.678185e-04 9.999993e-01 1.077925e-03 -1.498284e+00 -1.364031e-03 -1.077153e-03 9.999986e-01 -4.243749e+00
9.999991e-01 6.694048e-05 1.346126e-03 3.332820e+01 -6.654849e-05 1.000000e+00 -2.913224e-04 -1.532463e+00 -1.346137e-03 2.912357e-04 9.999990e-01 -4.341528e+00
9.999990e-01 -5.527041e-04 1.264033e-03 3.401442e+01 5.514226e-04 9.999993e-01 1.014046e-03 -1.563216e+00 -1.264602e-03 -1.013351e-03 9.999988e-01 -4.434830e+00
9.999991e-01 2.060249e-04 1.361767e-03 3.459424e+01 -2.053585e-04 9.999999e-01 -4.895654e-04 -1.590162e+00 -1.361859e-03 4.892885e-04 9.999989e-01 -4.485214e+00
9.999987e-01 -4.488631e-04 1.551315e-03 3.506086e+01 4.475431e-04 9.999995e-01 8.511642e-04 -1.613602e+00 -1.551706e-03 -8.504721e-04 9.999985e-01 -4.457735e+00
9.999989e-01 3.074203e-04 1.473511e-03 3.548034e+01 -3.066794e-04 9.999998e-01 -5.031116e-04 -1.636849e+00 -1.473656e-03 5.026624e-04 9.999987e-01 -4.358898e+00
9.999996e-01 -3.027790e-04 7.990149e-04 3.562827e+01 3.023388e-04 9.999998e-01 5.511517e-04 -1.643703e+00 -7.991915e-04 -5.509132e-04 9.999996e-01 -4.401392e+00
9.999986e-01 9.817181e-05 1.669437e-03 3.578703e+01 -9.762975e-05 9.999999e-01 -3.248619e-04 -1.647028e+00 -1.669459e-03 3.247018e-04 9.999985e-01 -4.573408e+00
9.999995e-01 -3.857961e-04 9.680082e-04 3.618096e+01 3.850967e-04 9.999997e-01 7.227759e-04 -1.664806e+00 -9.682972e-04 -7.224061e-04 9.999994e-01 -4.636381e+00
9.999994e-01 1.513182e-04 1.105932e-03 3.644800e+01 -1.508221e-04 9.999999e-01 -4.488062e-04 -1.673343e+00 -1.105989e-03 4.486425e-04 9.999992e-01 -4.836520e+00
9.999995e-01 -2.946605e-04 9.283842e-04 3.654663e+01 2.941438e-04 9.999998e-01 5.568467e-04 -1.672104e+00 -9.285589e-04 -5.565768e-04 9.999995e-01 -5.098577e+00
9.999997e-01 2.676983e-04 7.246867e-04 3.644381e+01 -2.672460e-04 9.999998e-01 -6.245070e-04 -1.660519e+00 -7.248427e-04 6.243166e-04 9.999994e-01 -5.438609e+00
9.999995e-01 -2.439034e-04 9.755250e-04 3.630107e+01 2.433601e-04 9.999998e-01 5.571975e-04 -1.646665e+00 -9.756719e-04 -5.569633e-04 9.999995e-01 -5.808268e+00
9.999998e-01 2.865877e-04 6.011720e-04 3.617622e+01 -2.861730e-04 9.999997e-01 -6.899496e-04 -1.635139e+00 -6.013582e-04 6.897808e-04 9.999995e-01 -6.097483e+00
9.999984e-01 -4.818190e-04 1.721739e-03 3.626873e+01 4.802024e-04 9.999994e-01 9.393231e-04 -1.631985e+00 -1.722202e-03 -9.384982e-04 9.999982e-01 -6.396941e+00
1.000000e+00 1.764149e-04 2.102081e-04 3.654084e+01 -1.762868e-04 9.999998e-01 -6.101847e-04 -1.638067e+00 -2.103040e-04 6.101511e-04 9.999997e-01 -6.712154e+00
9.999988e-01 -3.979707e-04 1.528536e-03 3.675976e+01 3.966792e-04 9.999996e-01 8.453090e-04 -1.640091e+00 -1.528884e-03 -8.447051e-04 9.999986e-01 -7.072760e+00
9.999998e-01 5.412363e-04 -2.272560e-04 3.657797e+01 -5.414651e-04 9.999993e-01 -1.006884e-03 -1.620456e+00 2.267229e-04 1.007011e-03 9.999994e-01 -7.620971e+00
9.999990e-01 -1.497993e-04 1.386802e-03 3.617504e+01 1.484946e-04 9.999995e-01 9.409810e-04 -1.587388e+00 -1.386954e-03 -9.407776e-04 9.999987e-01 -8.393520e+00
9.999998e-01 5.093288e-04 2.913680e-04 3.582131e+01 -5.089462e-04 9.999990e-01 -1.312125e-03 -1.564509e+00 -2.920237e-04 1.311980e-03 9.999990e-01 -8.856095e+00
9.999991e-01 6.342073e-06 1.341873e-03 3.540469e+01 -7.562080e-06 9.999996e-01 9.093170e-04 -1.540656e+00 -1.341880e-03 -9.093297e-04 9.999988e-01 -9.291694e+00
9.999979e-01 6.345585e-04 -1.951330e-03 3.497082e+01 -6.366887e-04 9.999992e-01 -1.091120e-03 -1.520317e+00 1.950649e-03 1.092363e-03 9.999974e-01 -9.570354e+00
9.999998e-01 -2.402749e-04 -6.185506e-04 3.462738e+01 2.410519e-04 9.999992e-01 1.256135e-03 -1.512499e+00 6.182361e-04 -1.256287e-03 9.999991e-01 -9.492064e+00
9.999803e-01 5.013930e-04 -6.260853e-03 3.430820e+01 -5.049156e-04 9.999997e-01 -5.610361e-04 -1.516157e+00 6.260582e-03 5.641897e-04 9.999801e-01 -8.977650e+00
9.999855e-01 -1.481909e-04 -5.389483e-03 3.398675e+01 1.577131e-04 9.999984e-01 1.766400e-03 -1.530378e+00 5.389202e-03 -1.767228e-03 9.999840e-01 -8.011951e+00
9.999850e-01 8.221196e-04 -5.421048e-03 3.367454e+01 -8.228473e-04 9.999997e-01 -1.319920e-04 -1.542623e+00 5.420947e-03 1.364544e-04 9.999852e-01 -7.130086e+00
9.999871e-01 -4.169166e-04 -5.065735e-03 3.339442e+01 4.232374e-04 9.999991e-01 1.246716e-03 -1.550687e+00 5.065203e-03 -1.248848e-03 9.999865e-01 -6.437663e+00
9.999833e-01 1.055291e-03 -5.680345e-03 3.307974e+01 -1.054268e-03 9.999994e-01 1.830580e-04 -1.558984e+00 5.680542e-03 -1.770623e-04 9.999838e-01 -5.704991e+00
9.999960e-01 -4.915394e-04 -2.799029e-03 3.273820e+01 4.938700e-04 9.999995e-01 8.319645e-04 -1.563963e+00 2.798612e-03 -8.333476e-04 9.999958e-01 -5.095517e+00
9.999985e-01 1.221810e-03 -1.189164e-03 3.224845e+01 -1.223185e-03 9.999986e-01 -1.156245e-03 -1.539936e+00 1.187755e-03 1.157702e-03 9.999985e-01 -5.455744e+00
9.999983e-01 -2.966492e-04 1.830669e-03 3.159388e+01 2.955625e-04 9.999998e-01 5.939088e-04 -1.493798e+00 -1.830851e-03 -5.933707e-04 9.999982e-01 -6.447134e+00
9.999985e-01 1.212869e-03 -1.222521e-03 3.095676e+01 -1.214478e-03 9.999984e-01 -1.316035e-03 -1.451067e+00 1.220929e-03 1.317522e-03 9.999983e-01 -7.320868e+00
9.999999e-01 -2.862661e-04 2.398367e-04 3.037304e+01 2.860844e-04 9.999997e-01 7.577414e-04 -1.417179e+00 -2.400594e-04 -7.576766e-04 9.999998e-01 -7.936041e+00
9.999994e-01 1.123058e-03 -1.560193e-04 2.988124e+01 -1.123262e-03 9.999985e-01 -1.313297e-03 -1.388550e+00 1.545501e-04 1.313475e-03 9.999990e-01 -8.450255e+00
9.999993e-01 -2.780664e-04 1.159031e-03 2.929513e+01 2.773150e-04 9.999998e-01 6.485156e-04 -1.348634e+00 -1.159217e-03 -6.481975e-04 9.999992e-01 -9.286358e+00
9.999967e-01 1.253491e-03 -2.220563e-03 2.867944e+01 -1.255492e-03 9.999988e-01 -8.997923e-04 -1.299518e+00 2.219439e-03 9.025810e-04 9.999970e-01 -1.041652e+01
9.999999e-01 -3.836857e-04 9.290128e-05 2.811347e+01 3.836120e-04 9.999996e-01 7.931503e-04 -1.250195e+00 -9.321124e-05 -7.931183e-04 9.999998e-01 -1.161278e+01
9.999996e-01 9.427905e-04 1.043501e-04 2.774882e+01 -9.426828e-04 9.999990e-01 -1.028158e-03 -1.217853e+00 -1.053137e-04 1.028063e-03 9.999994e-01 -1.238090e+01
9.999992e-01 -8.565886e-04 9.775507e-04 2.746466e+01 8.555333e-04 9.999991e-01 1.079501e-03 -1.190917e+00 -9.784803e-04 -1.078667e-03 9.999990e-01 -1.306383e+01
9.999993e-01 1.018251e-03 6.141660e-04 2.736155e+01 -1.017600e-03 9.999989e-01 -1.059581e-03 -1.178946e+00 -6.152383e-04 1.058959e-03 9.999992e-01 -1.345843e+01
9.999963e-01 -8.842247e-04 2.566091e-03 2.755272e+01 8.811768e-04 9.999989e-01 1.188662e-03 -1.188864e+00 -2.567145e-03 -1.186400e-03 9.999961e-01 -1.344093e+01
9.999996e-01 8.803911e-04 2.306278e-04 2.765270e+01 -8.801174e-04 9.999989e-01 -1.184534e-03 -1.191653e+00 -2.316638e-04 1.184335e-03 9.999992e-01 -1.349316e+01
9.999961e-01 -9.087901e-04 2.632266e-03 2.780756e+01 9.056099e-04 9.999989e-01 1.209127e-03 -1.198481e+00 -2.633369e-03 -1.206743e-03 9.999959e-01 -1.349782e+01
9.999992e-01 1.064149e-03 -7.431369e-04 2.786934e+01 -1.065122e-03 9.999986e-01 -1.310640e-03 -1.203916e+00 7.417481e-04 1.311434e-03 9.999988e-01 -1.340027e+01
9.999976e-01 -1.044494e-03 1.933234e-03 2.806023e+01 1.041980e-03 9.999986e-01 1.301047e-03 -1.214841e+00 -1.934598e-03 -1.299034e-03 9.999974e-01 -1.333689e+01
9.999990e-01 1.262992e-03 -6.907429e-04 2.812403e+01 -1.263871e-03 9.999984e-01 -1.273335e-03 -1.222496e+00 6.891409e-04 1.274210e-03 9.999989e-01 -1.320457e+01
9.999923e-01 -1.200604e-03 3.723947e-03 2.834796e+01 1.195491e-03 9.999983e-01 1.375096e-03 -1.234834e+00 -3.725600e-03 -1.370637e-03 9.999922e-01 -1.316336e+01
9.999956e-01 1.446690e-03 -2.603253e-03 2.837659e+01 -1.450569e-03 9.999978e-01 -1.488743e-03 -1.238736e+00 2.601101e-03 1.492516e-03 9.999954e-01 -1.308356e+01
9.999852e-01 -1.506868e-03 5.222327e-03 2.866979e+01 1.498515e-03 9.999976e-01 1.603067e-03 -1.252764e+00 -5.224738e-03 -1.595222e-03 9.999852e-01 -1.309629e+01
9.999962e-01 1.854004e-03 -2.020778e-03 2.856870e+01 -1.857682e-03 9.999966e-01 -1.819872e-03 -1.247313e+00 2.017405e-03 1.823623e-03 9.999962e-01 -1.313598e+01
9.999920e-01 -1.606146e-03 3.664097e-03 2.854531e+01 1.600235e-03 9.999974e-01 1.615668e-03 -1.246094e+00 -3.666691e-03 -1.609796e-03 9.999921e-01 -1.312394e+01
9.999979e-01 1.844358e-03 -8.538343e-04 2.858945e+01 -1.845930e-03 9.999966e-01 -1.843771e-03 -1.249120e+00 8.504395e-04 1.845348e-03 9.999978e-01 -1.307285e+01
9.999932e-01 -1.544680e-03 3.339121e-03 2.855898e+01 1.539188e-03 9.999975e-01 1.646910e-03 -1.247324e+00 -3.341666e-03 -1.641763e-03 9.999932e-01 -1.306167e+01
9.999982e-01 1.738218e-03 -7.748946e-04 2.856973e+01 -1.739602e-03 9.999969e-01 -1.788589e-03 -1.246674e+00 7.717925e-04 1.789938e-03 9.999980e-01 -1.308809e+01
9.999917e-01 -1.690389e-03 3.711442e-03 2.866448e+01 1.683631e-03 9.999969e-01 1.823254e-03 -1.248917e+00 -3.714522e-03 -1.816994e-03 9.999916e-01 -1.314674e+01
9.999983e-01 1.706473e-03 -7.393488e-04 2.877023e+01 -1.707805e-03 9.999969e-01 -1.803933e-03 -1.252687e+00 7.362780e-04 1.805196e-03 9.999980e-01 -1.316758e+01
9.999940e-01 -1.528861e-03 3.118592e-03 2.877192e+01 1.523626e-03 9.999974e-01 1.680105e-03 -1.253908e+00 -3.121163e-03 -1.675347e-03 9.999938e-01 -1.310713e+01
9.999982e-01 1.692337e-03 -8.682815e-04 2.878678e+01 -1.693965e-03 9.999968e-01 -1.877409e-03 -1.255068e+00 8.651117e-04 1.878880e-03 9.999978e-01 -1.306043e+01
9.999911e-01 -1.535553e-03 3.924772e-03 2.879361e+01 1.528878e-03 9.999974e-01 1.703323e-03 -1.254703e+00 -3.927388e-03 -1.697311e-03 9.999909e-01 -1.306073e+01
9.999978e-01 1.684589e-03 -1.261605e-03 2.878825e+01 -1.686898e-03 9.999969e-01 -1.831678e-03 -1.253250e+00 1.258527e-03 1.833806e-03 9.999974e-01 -1.307219e+01
9.999907e-01 -1.645861e-03 3.989529e-03 2.887073e+01 1.638427e-03 9.999969e-01 1.865961e-03 -1.253936e+00 -3.992599e-03 -1.859411e-03 9.999904e-01 -1.317526e+01
9.999975e-01 1.642351e-03 -1.528579e-03 2.899630e+01 -1.645041e-03 9.999971e-01 -1.759865e-03 -1.253360e+00 1.525696e-03 1.762378e-03 9.999972e-01 -1.338902e+01
9.999908e-01 -1.633967e-03 3.977454e-03 2.907208e+01 1.626548e-03 9.999969e-01 1.867884e-03 -1.250907e+00 -3.980506e-03 -1.861400e-03 9.999904e-01 -1.360900e+01
9.999978e-01 1.688037e-03 -1.248169e-03 2.911615e+01 -1.690311e-03 9.999969e-01 -1.823127e-03 -1.248528e+00 1.245099e-03 1.825237e-03 9.999975e-01 -1.375807e+01
9.999910e-01 -1.480776e-03 3.964504e-03 2.904534e+01 1.473826e-03 9.999974e-01 1.755356e-03 -1.239835e+00 -3.967105e-03 -1.749501e-03 9.999907e-01 -1.396265e+01
9.999923e-01 1.636054e-03 -3.574843e-03 2.899034e+01 -1.642352e-03 9.999971e-01 -1.759447e-03 -1.240875e+00 3.571966e-03 1.765308e-03 9.999920e-01 -1.383135e+01
9.999781e-01 -1.555398e-03 6.432757e-03 2.895977e+01 1.544755e-03 9.999974e-01 1.659120e-03 -1.239219e+00 -6.435334e-03 -1.649150e-03 9.999780e-01 -1.384459e+01
9.999909e-01 1.720252e-03 -3.903773e-03 2.894985e+01 -1.726627e-03 9.999972e-01 -1.630232e-03 -1.242953e+00 3.900970e-03 1.636961e-03 9.999910e-01 -1.369925e+01
9.999758e-01 -1.649669e-03 6.759492e-03 2.901971e+01 1.638835e-03 9.999974e-01 1.607978e-03 -1.248057e+00 -6.762139e-03 -1.596865e-03 9.999760e-01 -1.364109e+01
9.999904e-01 1.615290e-03 -4.077142e-03 2.913822e+01 -1.621751e-03 9.999974e-01 -1.581840e-03 -1.252157e+00 4.074590e-03 1.588440e-03 9.999903e-01 -1.372164e+01
9.999743e-01 -1.726589e-03 6.965483e-03 2.940706e+01 1.714236e-03 9.999969e-01 1.779106e-03 -1.263874e+00 -6.968547e-03 -1.767123e-03 9.999743e-01 -1.376699e+01
9.999901e-01 1.608245e-03 -4.152427e-03 2.963258e+01 -1.615083e-03 9.999973e-01 -1.643968e-03 -1.273217e+00 4.149786e-03 1.650662e-03 9.999899e-01 -1.380592e+01
9.999740e-01 -1.683958e-03 7.006915e-03 2.983450e+01 1.672214e-03 9.999972e-01 1.681607e-03 -1.283923e+00 -7.009741e-03 -1.669850e-03 9.999741e-01 -1.376632e+01
9.999905e-01 1.648017e-03 -4.044434e-03 3.002820e+01 -1.654551e-03 9.999973e-01 -1.612670e-03 -1.294751e+00 4.041780e-03 1.619350e-03 9.999904e-01 -1.370899e+01
9.999740e-01 -1.558929e-03 7.035687e-03 3.020895e+01 1.546689e-03 9.999973e-01 1.744926e-03 -1.308644e+00 -7.038403e-03 -1.734002e-03 9.999738e-01 -1.351677e+01
9.999907e-01 1.604121e-03 -3.996348e-03 3.046090e+01 -1.610822e-03 9.999973e-01 -1.673976e-03 -1.324794e+00 3.993667e-03 1.680401e-03 9.999905e-01 -1.337416e+01
9.999746e-01 -1.679952e-03 6.923032e-03 3.077675e+01 1.667411e-03 9.999970e-01 1.816956e-03 -1.342086e+00 -6.926079e-03 -1.805370e-03 9.999745e-01 -1.330825e+01
9.999905e-01 1.531647e-03 -4.092859e-03 3.115976e+01 -1.538187e-03 9.999975e-01 -1.595206e-03 -1.361459e+00 4.090422e-03 1.601490e-03 9.999903e-01 -1.328222e+01
9.999739e-01 -1.583361e-03 7.054261e-03 3.150351e+01 1.570986e-03 9.999972e-01 1.759476e-03 -1.380430e+00 -7.057043e-03 -1.748352e-03 9.999737e-01 -1.320944e+01
9.999906e-01 1.513767e-03 -4.072379e-03 3.185071e+01 -1.520364e-03 9.999975e-01 -1.617135e-03 -1.399722e+00 4.069937e-03 1.623315e-03 9.999903e-01 -1.312746e+01
9.999748e-01 -1.611220e-03 6.907340e-03 3.208254e+01 1.599320e-03 9.999972e-01 1.728074e-03 -1.411082e+00 -6.910121e-03 -1.716987e-03 9.999748e-01 -1.310757e+01
9.999902e-01 1.552773e-03 -4.157217e-03 3.222051e+01 -1.559647e-03 9.999974e-01 -1.650658e-03 -1.418083e+00 4.154660e-03 1.657129e-03 9.999899e-01 -1.307027e+01
9.999748e-01 -1.637395e-03 6.912432e-03 3.242193e+01 1.625392e-03 9.999972e-01 1.741778e-03 -1.427887e+00 -6.915281e-03 -1.730503e-03 9.999747e-01 -1.305237e+01
9.999901e-01 1.577199e-03 -4.164699e-03 3.258915e+01 -1.584209e-03 9.999973e-01 -1.680545e-03 -1.435227e+00 4.162055e-03 1.687130e-03 9.999898e-01 -1.306275e+01
9.999734e-01 -1.528387e-03 7.128506e-03 3.265555e+01 1.516749e-03 9.999975e-01 1.637796e-03 -1.438927e+00 -7.131009e-03 -1.626944e-03 9.999733e-01 -1.304607e+01
9.999887e-01 1.500522e-03 -4.500576e-03 3.273935e+01 -1.507851e-03 9.999975e-01 -1.625357e-03 -1.440733e+00 4.498144e-03 1.632129e-03 9.999885e-01 -1.314442e+01
9.999733e-01 -1.442908e-03 7.168996e-03 3.272462e+01 1.431769e-03 9.999978e-01 1.558707e-03 -1.437403e+00 -7.171247e-03 -1.548405e-03 9.999732e-01 -1.326910e+01
9.999885e-01 1.364739e-03 -4.587854e-03 3.287730e+01 -1.371551e-03 9.999980e-01 -1.481992e-03 -1.441641e+00 4.585841e-03 1.488271e-03 9.999883e-01 -1.338075e+01
9.999737e-01 -1.576862e-03 7.074856e-03 3.311012e+01 1.565445e-03 9.999975e-01 1.618943e-03 -1.449377e+00 -7.077409e-03 -1.607829e-03 9.999738e-01 -1.349520e+01
9.999885e-01 1.293755e-03 -4.624785e-03 3.341151e+01 -1.299797e-03 9.999983e-01 -1.303692e-03 -1.458541e+00 4.623110e-03 1.309692e-03 9.999884e-01 -1.366652e+01
9.999719e-01 -1.566205e-03 7.335969e-03 3.381059e+01 1.554261e-03 9.999975e-01 1.633602e-03 -1.475103e+00 -7.338528e-03 -1.622158e-03 9.999719e-01 -1.376121e+01
9.999884e-01 1.214500e-03 -4.665058e-03 3.426687e+01 -1.220349e-03 9.999985e-01 -1.251025e-03 -1.495873e+00 4.663550e-03 1.256707e-03 9.999882e-01 -1.380503e+01
9.999706e-01 -1.415679e-03 7.536750e-03 3.460871e+01 1.404024e-03 9.999978e-01 1.551574e-03 -1.511784e+00 -7.538949e-03 -1.540951e-03 9.999705e-01 -1.382516e+01
9.999889e-01 1.341614e-03 -4.520171e-03 3.485115e+01 -1.347493e-03 9.999982e-01 -1.297799e-03 -1.521865e+00 4.518442e-03 1.303879e-03 9.999888e-01 -1.389241e+01
9.999704e-01 -1.409075e-03 7.567826e-03 3.510060e+01 1.397370e-03 9.999978e-01 1.551752e-03 -1.533301e+00 -7.570016e-03 -1.541135e-03 9.999703e-01 -1.392003e+01
9.999885e-01 1.263335e-03 -4.615523e-03 3.538719e+01 -1.269597e-03 9.999983e-01 -1.354059e-03 -1.548334e+00 4.613825e-03 1.359908e-03 9.999883e-01 -1.389406e+01
9.999700e-01 -1.489855e-03 7.605433e-03 3.575632e+01 1.477364e-03 9.999976e-01 1.647774e-03 -1.566761e+00 -7.607890e-03 -1.636492e-03 9.999698e-01 -1.389337e+01
9.999883e-01 1.314996e-03 -4.662518e-03 3.611723e+01 -1.321453e-03 9.999982e-01 -1.381968e-03 -1.585960e+00 4.660713e-03 1.388117e-03 9.999881e-01 -1.386772e+01
9.999696e-01 -1.499219e-03 7.656733e-03 3.656933e+01 1.486278e-03 9.999975e-01 1.695606e-03 -1.609643e+00 -7.659277e-03 -1.684179e-03 9.999693e-01 -1.383279e+01
9.999881e-01 1.286821e-03 -4.701122e-03 3.701674e+01 -1.293182e-03 9.999983e-01 -1.350053e-03 -1.633116e+00 4.699398e-03 1.356120e-03 9.999879e-01 -1.380444e+01
9.999709e-01 -1.569196e-03 7.465186e-03 3.747860e+01 1.555630e-03 9.999971e-01 1.822735e-03 -1.653504e+00 -7.468047e-03 -1.811073e-03 9.999706e-01 -1.389159e+01
9.999886e-01 1.271858e-03 -4.599376e-03 3.792837e+01 -1.278302e-03 9.999982e-01 -1.398115e-03 -1.674878e+00 4.597612e-03 1.403982e-03 9.999883e-01 -1.393058e+01
9.999702e-01 -1.557088e-03 7.566136e-03 3.846051e+01 1.542943e-03 9.999971e-01 1.875109e-03 -1.702775e+00 -7.569056e-03 -1.863383e-03 9.999697e-01 -1.389644e+01
9.999885e-01 1.282570e-03 -4.622620e-03 3.912074e+01 -1.288958e-03 9.999982e-01 -1.379131e-03 -1.737520e+00 4.620866e-03 1.385077e-03 9.999883e-01 -1.384078e+01
9.999690e-01 -1.583351e-03 7.711596e-03 3.980517e+01 1.568480e-03 9.999969e-01 1.934150e-03 -1.773772e+00 -7.714658e-03 -1.921999e-03 9.999685e-01 -1.377423e+01
9.999883e-01 1.218855e-03 -4.685498e-03 4.047521e+01 -1.225211e-03 9.999983e-01 -1.353695e-03 -1.808214e+00 4.683864e-03 1.359424e-03 9.999880e-01 -1.375322e+01
9.999703e-01 -1.728443e-03 7.505210e-03 4.128707e+01 1.712276e-03 9.999962e-01 2.160073e-03 -1.848214e+00 -7.508939e-03 -2.147163e-03 9.999696e-01 -1.378464e+01
9.999895e-01 1.197341e-03 -4.421726e-03 4.220833e+01 -1.203109e-03 9.999984e-01 -1.301761e-03 -1.894959e+00 4.420184e-03 1.307072e-03 9.999893e-01 -1.376055e+01
9.999700e-01 -1.552334e-03 7.588079e-03 4.310478e+01 1.537097e-03 9.999968e-01 2.013553e-03 -1.943253e+00 -7.591205e-03 -2.001833e-03 9.999693e-01 -1.366160e+01
9.999897e-01 9.592166e-04 -4.440862e-03 4.426493e+01 -9.636226e-04 9.999990e-01 -9.899905e-04 -2.002841e+00 4.439933e-03 9.942642e-04 9.999896e-01 -1.361862e+01
9.999758e-01 -1.067564e-03 6.868926e-03 4.511903e+01 1.056625e-03 9.999982e-01 1.596049e-03 -2.046471e+00 -6.870642e-03 -1.588757e-03 9.999752e-01 -1.359270e+01
9.999789e-01 1.473084e-03 -6.328950e-03 4.505134e+01 -1.482578e-03 9.999978e-01 -1.495509e-03 -2.047555e+00 6.326758e-03 1.504865e-03 9.999788e-01 -1.344099e+01
9.999670e-01 -1.140819e-03 8.039267e-03 4.494220e+01 1.129745e-03 9.999984e-01 1.381982e-03 -2.042344e+00 -8.040856e-03 -1.372859e-03 9.999668e-01 -1.345335e+01
9.999810e-01 1.380776e-03 -6.005940e-03 4.489947e+01 -1.389362e-03 9.999980e-01 -1.425639e-03 -2.041779e+00 6.003985e-03 1.433961e-03 9.999808e-01 -1.338706e+01
9.999618e-01 -1.288572e-03 8.649409e-03 4.489694e+01 1.276478e-03 9.999982e-01 1.403593e-03 -2.041172e+00 -8.651228e-03 -1.392504e-03 9.999617e-01 -1.339151e+01
9.999812e-01 1.447269e-03 -5.965404e-03 4.485667e+01 -1.456085e-03 9.999979e-01 -1.473736e-03 -2.038589e+00 5.963284e-03 1.482399e-03 9.999810e-01 -1.340512e+01
9.999611e-01 -1.304587e-03 8.718661e-03 4.482663e+01 1.292396e-03 9.999982e-01 1.403794e-03 -2.036895e+00 -8.720503e-03 -1.392476e-03 9.999611e-01 -1.340561e+01
9.999799e-01 1.507174e-03 -6.152197e-03 4.473514e+01 -1.516522e-03 9.999977e-01 -1.515097e-03 -2.030185e+00 6.149925e-03 1.524401e-03 9.999798e-01 -1.350563e+01
9.999609e-01 -1.382920e-03 8.729177e-03 4.468833e+01 1.370327e-03 9.999980e-01 1.448494e-03 -2.027766e+00 -8.731189e-03 -1.436480e-03 9.999609e-01 -1.350751e+01
9.999665e-01 1.535820e-03 -8.033949e-03 4.466005e+01 -1.546292e-03 9.999980e-01 -1.297354e-03 -2.030930e+00 8.031967e-03 1.309738e-03 9.999668e-01 -1.335059e+01
9.999613e-01 -1.450820e-03 8.672220e-03 4.485262e+01 1.437506e-03 9.999978e-01 1.541357e-03 -2.044865e+00 -8.674464e-03 -1.528836e-03 9.999613e-01 -1.316580e+01
9.999730e-01 1.265233e-03 -7.242013e-03 4.517079e+01 -1.274418e-03 9.999984e-01 -1.263738e-03 -2.061098e+00 7.240430e-03 1.272938e-03 9.999729e-01 -1.312140e+01
9.999734e-01 -1.176787e-03 7.198351e-03 4.547162e+01 1.165263e-03 9.999980e-01 1.604984e-03 -2.079877e+00 -7.200252e-03 -1.596558e-03 9.999729e-01 -1.295935e+01
9.999734e-01 1.381649e-03 -7.158913e-03 4.560927e+01 -1.392690e-03 9.999978e-01 -1.537393e-03 -2.090111e+00 7.156801e-03 1.547327e-03 9.999731e-01 -1.283722e+01
9.999556e-01 -1.172985e-03 9.353491e-03 4.554020e+01 1.158040e-03 9.999980e-01 1.603048e-03 -2.082925e+00 -9.355380e-03 -1.592150e-03 9.999551e-01 -1.301806e+01
9.999763e-01 1.385741e-03 -6.743713e-03 4.547115e+01 -1.396951e-03 9.999977e-01 -1.657690e-03 -2.076460e+00 6.741427e-03 1.667076e-03 9.999758e-01 -1.316934e+01
9.999604e-01 -1.392868e-03 8.792416e-03 4.543250e+01 1.378323e-03 9.999977e-01 1.660150e-03 -2.070056e+00 -8.794735e-03 -1.647970e-03 9.999601e-01 -1.336097e+01
9.999724e-01 1.461662e-03 -7.284575e-03 4.529375e+01 -1.474450e-03 9.999974e-01 -1.750238e-03 -2.056447e+00 7.282025e-03 1.760936e-03 9.999718e-01 -1.370454e+01
9.999553e-01 -1.510029e-03 9.329817e-03 4.532572e+01 1.493950e-03 9.999974e-01 1.730127e-03 -2.054765e+00 -9.332433e-03 -1.716117e-03 9.999551e-01 -1.383470e+01
9.999740e-01 1.626071e-03 -7.027253e-03 4.523626e+01 -1.639299e-03 9.999969e-01 -1.876873e-03 -2.048683e+00 7.024208e-03 1.888349e-03 9.999734e-01 -1.392509e+01
9.999565e-01 -1.408918e-03 9.216582e-03 4.511912e+01 1.392883e-03 9.999975e-01 1.745982e-03 -2.042844e+00 -9.219048e-03 -1.733073e-03 9.999561e-01 -1.397229e+01
9.999741e-01 1.446541e-03 -7.046108e-03 4.509678e+01 -1.458932e-03 9.999974e-01 -1.753648e-03 -2.039268e+00 7.043581e-03 1.763887e-03 9.999735e-01 -1.409072e+01
9.999545e-01 -1.563613e-03 9.411855e-03 4.533930e+01 1.544779e-03 9.999968e-01 2.008167e-03 -2.047902e+00 -9.414993e-03 -1.993541e-03 9.999538e-01 -1.419692e+01
9.999794e-01 1.345197e-03 -6.279263e-03 4.605099e+01 -1.353680e-03 9.999982e-01 -1.346803e-03 -2.084379e+00 6.277469e-03 1.355280e-03 9.999793e-01 -1.408703e+01
9.999600e-01 -1.473480e-03 8.819479e-03 4.635551e+01 1.458317e-03 9.999974e-01 1.725521e-03 -2.097170e+00 -8.822028e-03 -1.712595e-03 9.999597e-01 -1.414050e+01
9.999777e-01 1.386754e-03 -6.539415e-03 4.649929e+01 -1.397529e-03 9.999977e-01 -1.643429e-03 -2.101139e+00 6.537150e-03 1.652536e-03 9.999772e-01 -1.425487e+01
9.999623e-01 -1.525895e-03 8.546480e-03 4.662409e+01 1.510064e-03 9.999971e-01 1.858484e-03 -2.101492e+00 -8.549321e-03 -1.845513e-03 9.999618e-01 -1.449867e+01
9.999781e-01 1.285939e-03 -6.491135e-03 4.682599e+01 -1.295783e-03 9.999980e-01 -1.512471e-03 -2.105194e+00 6.489207e-03 1.520854e-03 9.999777e-01 -1.472826e+01
9.999570e-01 -1.550569e-03 9.145803e-03 4.725043e+01 1.533583e-03 9.999971e-01 1.864129e-03 -2.125325e+00 -9.148697e-03 -1.850028e-03 9.999565e-01 -1.472161e+01
9.999775e-01 1.461603e-03 -6.554207e-03 4.743533e+01 -1.472892e-03 9.999974e-01 -1.717869e-03 -2.132843e+00 6.551709e-03 1.727489e-03 9.999769e-01 -1.476895e+01
9.999727e-01 -1.253099e-03 7.276891e-03 4.736493e+01 1.241317e-03 9.999979e-01 1.623502e-03 -2.129650e+00 -7.278940e-03 -1.614430e-03 9.999723e-01 -1.478103e+01
9.999875e-01 1.483301e-03 -4.774663e-03 4.721023e+01 -1.491420e-03 9.999974e-01 -1.697086e-03 -2.121553e+00 4.772164e-03 1.704191e-03 9.999871e-01 -1.489115e+01
9.999751e-01 -1.319886e-03 6.928606e-03 4.704685e+01 1.309096e-03 9.999979e-01 1.561810e-03 -2.111329e+00 -6.930684e-03 -1.552706e-03 9.999749e-01 -1.507209e+01
9.999884e-01 1.575271e-03 -4.552092e-03 4.686914e+01 -1.582687e-03 9.999974e-01 -1.625711e-03 -2.099130e+00 4.549551e-03 1.632902e-03 9.999882e-01 -1.530504e+01
9.999744e-01 -1.263079e-03 7.047022e-03 4.668416e+01 1.252771e-03 9.999981e-01 1.467179e-03 -2.088237e+00 -7.048894e-03 -1.458318e-03 9.999742e-01 -1.547549e+01
9.999899e-01 1.306886e-03 -4.306190e-03 4.667219e+01 -1.313122e-03 9.999981e-01 -1.445552e-03 -2.085096e+00 4.304324e-03 1.451197e-03 9.999896e-01 -1.561219e+01
9.999750e-01 -1.492829e-03 6.916504e-03 4.704077e+01 1.480547e-03 9.999973e-01 1.780570e-03 -2.101834e+00 -6.919176e-03 -1.770291e-03 9.999746e-01 -1.565031e+01
9.999913e-01 1.314531e-03 -3.958047e-03 4.752389e+01 -1.320159e-03 9.999981e-01 -1.419361e-03 -2.126909e+00 3.956206e-03 1.424579e-03 9.999911e-01 -1.558253e+01
9.999743e-01 -1.385357e-03 7.029883e-03 4.805985e+01 1.372902e-03 9.999975e-01 1.776335e-03 -2.156562e+00 -7.032359e-03 -1.766643e-03 9.999738e-01 -1.545800e+01
9.999897e-01 1.343774e-03 -4.335717e-03 4.830814e+01 -1.351021e-03 9.999977e-01 -1.668897e-03 -2.169900e+00 4.333497e-03 1.674742e-03 9.999891e-01 -1.542350e+01
9.999737e-01 -1.375116e-03 7.119489e-03 4.836323e+01 1.362448e-03 9.999975e-01 1.783957e-03 -2.168631e+00 -7.121957e-03 -1.774216e-03 9.999732e-01 -1.554612e+01
9.999887e-01 1.487251e-03 -4.506141e-03 4.830288e+01 -1.495563e-03 9.999972e-01 -1.841502e-03 -2.163625e+00 4.503423e-03 1.848226e-03 9.999881e-01 -1.564132e+01
9.999747e-01 -1.391295e-03 6.975761e-03 4.837223e+01 1.378518e-03 9.999974e-01 1.836175e-03 -2.165021e+00 -6.978330e-03 -1.826518e-03 9.999741e-01 -1.569345e+01
9.999902e-01 1.215511e-03 -4.267473e-03 4.878737e+01 -1.222097e-03 9.999981e-01 -1.540856e-03 -2.185300e+00 4.265625e-03 1.546061e-03 9.999896e-01 -1.567606e+01
9.999748e-01 -1.278394e-03 6.984176e-03 4.949274e+01 1.264021e-03 9.999971e-01 2.062057e-03 -2.223428e+00 -6.986825e-03 -2.053182e-03 9.999736e-01 -1.552074e+01
9.999898e-01 1.215381e-03 -4.350196e-03 5.011096e+01 -1.222408e-03 9.999980e-01 -1.612951e-03 -2.256485e+00 4.348261e-03 1.618257e-03 9.999891e-01 -1.540721e+01
9.999794e-01 -1.278852e-03 6.286145e-03 5.054523e+01 1.267102e-03 9.999974e-01 1.873005e-03 -2.279667e+00 -6.288559e-03 -1.865006e-03 9.999786e-01 -1.532801e+01
9.999906e-01 1.128178e-03 -4.195784e-03 5.113043e+01 -1.134115e-03 9.999984e-01 -1.412840e-03 -2.309898e+00 4.194218e-03 1.417590e-03 9.999901e-01 -1.525322e+01
9.999837e-01 -1.166122e-03 5.592234e-03 5.157746e+01 1.156263e-03 9.999978e-01 1.766066e-03 -2.334544e+00 -5.594316e-03 -1.759577e-03 9.999829e-01 -1.513198e+01
9.999879e-01 1.235877e-03 -4.762296e-03 5.190903e+01 -1.242573e-03 9.999982e-01 -1.403214e-03 -2.355302e+00 4.760589e-03 1.409119e-03 9.999876e-01 -1.495530e+01
9.999763e-01 -1.269980e-03 6.773583e-03 5.218425e+01 1.259711e-03 9.999981e-01 1.520208e-03 -2.369865e+00 -6.775536e-03 -1.511644e-03 9.999760e-01 -1.491076e+01
9.999913e-01 1.191795e-03 -4.001405e-03 5.270179e+01 -1.196739e-03 9.999985e-01 -1.233021e-03 -2.397558e+00 3.999965e-03 1.237804e-03 9.999911e-01 -1.481254e+01
9.999761e-01 -1.231259e-03 6.802115e-03 5.318917e+01 1.220591e-03 9.999980e-01 1.572267e-03 -2.424832e+00 -6.804072e-03 -1.563932e-03 9.999757e-01 -1.470564e+01
9.999915e-01 1.095165e-03 -3.964624e-03 5.378334e+01 -1.099927e-03 9.999987e-01 -1.198885e-03 -2.456382e+00 3.963341e-03 1.203241e-03 9.999913e-01 -1.461481e+01
9.999768e-01 -1.291544e-03 6.694222e-03 5.446422e+01 1.280490e-03 9.999978e-01 1.655482e-03 -2.491653e+00 -6.696381e-03 -1.646877e-03 9.999763e-01 -1.454579e+01
9.999913e-01 1.085433e-03 -4.014524e-03 5.500378e+01 -1.090463e-03 9.999986e-01 -1.250561e-03 -2.519026e+00 4.013197e-03 1.254933e-03 9.999911e-01 -1.450412e+01
9.999787e-01 -1.301921e-03 6.397205e-03 5.534902e+01 1.292199e-03 9.999980e-01 1.523813e-03 -2.534047e+00 -6.399213e-03 -1.515520e-03 9.999785e-01 -1.455254e+01
9.999914e-01 1.056408e-03 -4.020769e-03 5.572883e+01 -1.061300e-03 9.999987e-01 -1.214567e-03 -2.551911e+00 4.019518e-03 1.218829e-03 9.999911e-01 -1.455500e+01
9.999776e-01 -1.382592e-03 6.553853e-03 5.625808e+01 1.371425e-03 9.999976e-01 1.708152e-03 -2.576766e+00 -6.556236e-03 -1.699131e-03 9.999772e-01 -1.456536e+01
9.999917e-01 1.142905e-03 -3.914237e-03 5.667522e+01 -1.148317e-03 9.999984e-01 -1.380374e-03 -2.596871e+00 3.912690e-03 1.384863e-03 9.999913e-01 -1.455674e+01
9.999790e-01 -1.347473e-03 6.341739e-03 5.694150e+01 1.337174e-03 9.999978e-01 1.628032e-03 -2.606821e+00 -6.343956e-03 -1.619523e-03 9.999787e-01 -1.464808e+01
9.999922e-01 1.195970e-03 -3.764180e-03 5.713255e+01 -1.201496e-03 9.999982e-01 -1.465843e-03 -2.614136e+00 3.762457e-03 1.470360e-03 9.999917e-01 -1.470800e+01
9.999781e-01 -1.231503e-03 6.499393e-03 5.726741e+01 1.221498e-03 9.999981e-01 1.543285e-03 -2.618893e+00 -6.501318e-03 -1.535317e-03 9.999778e-01 -1.476306e+01
9.999913e-01 1.166653e-03 -3.995744e-03 5.740321e+01 -1.172735e-03 9.999982e-01 -1.519947e-03 -2.623524e+00 3.994001e-03 1.524626e-03 9.999908e-01 -1.484283e+01
9.999784e-01 -1.150340e-03 6.475623e-03 5.739109e+01 1.140767e-03 9.999983e-01 1.482052e-03 -2.619928e+00 -6.477355e-03 -1.474638e-03 9.999780e-01 -1.498693e+01
9.999892e-01 1.250736e-03 -4.470131e-03 5.723651e+01 -1.257856e-03 9.999979e-01 -1.589919e-03 -2.607614e+00 4.468171e-03 1.595530e-03 9.999886e-01 -1.526554e+01
9.999776e-01 -1.404332e-03 6.545752e-03 5.737780e+01 1.393205e-03 9.999976e-01 1.704223e-03 -2.610884e+00 -6.548168e-03 -1.695071e-03 9.999772e-01 -1.542880e+01
9.999895e-01 1.301957e-03 -4.385627e-03 5.747546e+01 -1.309098e-03 9.999978e-01 -1.625411e-03 -2.611756e+00 4.383540e-03 1.631140e-03 9.999890e-01 -1.559594e+01
9.999776e-01 -1.296525e-03 6.561640e-03 5.743115e+01 1.286201e-03 9.999979e-01 1.577594e-03 -2.605658e+00 -6.563711e-03 -1.569125e-03 9.999773e-01 -1.578221e+01
9.999893e-01 1.338465e-03 -4.423220e-03 5.739231e+01 -1.345620e-03 9.999978e-01 -1.614724e-03 -2.599665e+00 4.421088e-03 1.620665e-03 9.999888e-01 -1.598349e+01
9.999773e-01 -1.379688e-03 6.599254e-03 5.743767e+01 1.368800e-03 9.999977e-01 1.654344e-03 -2.598891e+00 -6.601560e-03 -1.645278e-03 9.999770e-01 -1.612605e+01
9.999897e-01 1.298445e-03 -4.349845e-03 5.770062e+01 -1.305519e-03 9.999978e-01 -1.623547e-03 -2.612122e+00 4.347767e-03 1.629215e-03 9.999891e-01 -1.610281e+01
9.999736e-01 -1.376087e-03 7.133175e-03 5.786202e+01 1.364760e-03 9.999978e-01 1.592640e-03 -2.620544e+00 -7.135391e-03 -1.582868e-03 9.999734e-01 -1.606621e+01
9.999890e-01 1.422546e-03 -4.468593e-03 5.786264e+01 -1.430122e-03 9.999975e-01 -1.692311e-03 -2.622229e+00 4.466215e-03 1.698688e-03 9.999885e-01 -1.598891e+01
9.999849e-01 -1.325128e-03 5.337304e-03 5.793417e+01 1.316155e-03 9.999977e-01 1.684520e-03 -2.628989e+00 -5.339564e-03 -1.677476e-03 9.999844e-01 -1.588266e+01
9.999950e-01 1.270736e-03 -2.893425e-03 5.809352e+01 -1.275405e-03 9.999979e-01 -1.612087e-03 -2.635003e+00 2.891410e-03 1.615775e-03 9.999944e-01 -1.594127e+01
9.999850e-01 -1.432664e-03 5.295861e-03 5.820967e+01 1.423350e-03 9.999974e-01 1.762350e-03 -2.638275e+00 -5.298413e-03 -1.754791e-03 9.999845e-01 -1.604271e+01
9.999933e-01 1.271413e-03 -3.420124e-03 5.818723e+01 -1.276249e-03 9.999982e-01 -1.411851e-03 -2.628856e+00 3.418364e-03 1.416212e-03 9.999931e-01 -1.645443e+01
9.999827e-01 -1.273186e-03 5.750916e-03 5.814922e+01 1.265678e-03 9.999983e-01 1.309257e-03 -2.623698e+00 -5.752615e-03 -1.301961e-03 9.999827e-01 -1.659816e+01
9.999933e-01 1.462324e-03 -3.340614e-03 5.800759e+01 -1.467247e-03 9.999978e-01 -1.471230e-03 -2.613048e+00 3.338496e-03 1.476127e-03 9.999932e-01 -1.679415e+01
9.999801e-01 -1.263441e-03 6.186900e-03 5.793583e+01 1.255157e-03 9.999983e-01 1.342787e-03 -2.606895e+00 -6.188628e-03 -1.335000e-03 9.999801e-01 -1.692785e+01
9.999912e-01 1.543706e-03 -3.901479e-03 5.777117e+01 -1.549642e-03 9.999976e-01 -1.518532e-03 -2.595491e+00 3.899167e-03 1.524571e-03 9.999911e-01 -1.711486e+01
9.999831e-01 -1.078610e-03 5.718344e-03 5.747830e+01 1.071553e-03 9.999987e-01 1.237062e-03 -2.578257e+00 -5.719713e-03 -1.230919e-03 9.999830e-01 -1.740087e+01
9.999944e-01 1.240820e-03 -3.100775e-03 5.739325e+01 -1.245158e-03 9.999982e-01 -1.397078e-03 -2.574512e+00 3.099078e-03 1.400936e-03 9.999941e-01 -1.740930e+01
9.999828e-01 -1.176762e-03 5.748038e-03 5.736713e+01 1.169234e-03 9.999985e-01 1.312993e-03 -2.572065e+00 -5.749617e-03 -1.306255e-03 9.999827e-01 -1.744398e+01
9.999939e-01 1.264866e-03 -3.260950e-03 5.728710e+01 -1.269623e-03 9.999981e-01 -1.456690e-03 -2.566997e+00 3.259144e-03 1.460827e-03 9.999935e-01 -1.751039e+01
9.999823e-01 -1.174095e-03 5.842092e-03 5.720632e+01 1.166324e-03 9.999984e-01 1.333485e-03 -2.560344e+00 -5.843691e-03 -1.326653e-03 9.999821e-01 -1.764342e+01
9.999882e-01 1.355395e-03 -4.673574e-03 5.725723e+01 -1.361244e-03 9.999983e-01 -1.248392e-03 -2.566705e+00 4.671917e-03 1.254744e-03 9.999882e-01 -1.750459e+01
9.999834e-01 -1.042046e-03 5.660344e-03 5.737128e+01 1.032591e-03 9.999981e-01 1.673417e-03 -2.580062e+00 -5.662120e-03 -1.667550e-03 9.999827e-01 -1.725738e+01
9.999950e-01 1.131724e-03 -2.951310e-03 5.766181e+01 -1.135746e-03 9.999984e-01 -1.361276e-03 -2.598637e+00 2.949808e-03 1.364626e-03 9.999946e-01 -1.711539e+01
9.999846e-01 -1.483944e-03 5.343865e-03 5.821158e+01 1.474462e-03 9.999973e-01 1.778034e-03 -2.624168e+00 -5.346533e-03 -1.770133e-03 9.999842e-01 -1.717416e+01
9.999962e-01 1.312924e-03 -2.429896e-03 5.871796e+01 -1.316527e-03 9.999980e-01 -1.481434e-03 -2.650098e+00 2.427990e-03 1.484633e-03 9.999959e-01 -1.714842e+01
9.999844e-01 -1.542339e-03 5.377259e-03 5.962039e+01 1.530916e-03 9.999966e-01 2.128071e-03 -2.697949e+00 -5.380567e-03 -2.119811e-03 9.999834e-01 -1.705626e+01
9.999960e-01 1.208331e-03 -2.554362e-03 6.049473e+01 -1.212043e-03 9.999982e-01 -1.451696e-03 -2.743161e+00 2.552647e-03 1.454792e-03 9.999956e-01 -1.701817e+01
9.999946e-01 -1.343577e-03 3.014781e-03 6.209456e+01 1.335078e-03 9.999951e-01 2.819886e-03 -2.799837e+00 -3.018599e-03 -2.815851e-03 9.999916e-01 -1.759155e+01
9.999995e-01 1.022706e-03 -1.790090e-04 6.289534e+01 -1.023099e-03 9.999971e-01 -2.197746e-03 -2.840715e+00 1.768053e-04 2.197934e-03 9.999975e-01 -1.755176e+01
9.999957e-01 -1.356629e-03 2.609541e-03 6.355233e+01 1.349510e-03 9.999954e-01 2.728553e-03 -2.870738e+00 -2.613276e-03 -2.725026e-03 9.999930e-01 -1.761758e+01
9.999995e-01 1.018270e-03 1.097939e-04 6.425490e+01 -1.018028e-03 9.999971e-01 -2.194647e-03 -2.905716e+00 -1.119833e-04 2.194540e-03 9.999975e-01 -1.762267e+01
9.999955e-01 -1.344229e-03 2.687045e-03 6.504438e+01 1.336719e-03 9.999952e-01 2.795416e-03 -2.946236e+00 -2.690835e-03 -2.791818e-03 9.999926e-01 -1.758630e+01
9.999996e-01 9.048192e-04 1.322283e-05 6.590458e+01 -9.047908e-04 9.999974e-01 -2.110608e-03 -2.988669e+00 -1.508701e-05 2.110602e-03 9.999977e-01 -1.760199e+01
9.999955e-01 -1.283070e-03 2.717740e-03 6.684928e+01 1.275358e-03 9.999952e-01 2.837702e-03 -3.036383e+00 -2.721413e-03 -2.834230e-03 9.999924e-01 -1.757907e+01
9.999997e-01 7.448892e-04 -4.549594e-05 6.799608e+01 -7.449720e-04 9.999981e-01 -1.812240e-03 -3.092170e+00 4.419192e-05 1.812279e-03 9.999983e-01 -1.760310e+01
9.999966e-01 -1.266026e-03 2.269768e-03 6.892054e+01 1.260015e-03 9.999957e-01 2.648125e-03 -3.133924e+00 -2.273157e-03 -2.645262e-03 9.999940e-01 -1.772212e+01
9.999996e-01 8.559194e-04 3.196777e-04 6.962777e+01 -8.552493e-04 9.999974e-01 -2.095535e-03 -3.168705e+00 -3.214241e-04 2.095267e-03 9.999977e-01 -1.772409e+01
9.999968e-01 -1.272117e-03 2.210022e-03 7.027172e+01 1.266365e-03 9.999958e-01 2.602657e-03 -3.199255e+00 -2.213370e-03 -2.599856e-03 9.999943e-01 -1.776387e+01
9.999994e-01 1.043431e-03 -1.969945e-04 7.127606e+01 -1.043793e-03 9.999978e-01 -1.835438e-03 -3.242092e+00 1.951257e-04 1.835649e-03 9.999982e-01 -1.794821e+01
