9.999920e-01 -1.069728e-04 -3.996422e-03 -1.424298e-01 1.081695e-04 9.999999e-01 2.992099e-04 -1.368606e-02 3.996390e-03 -2.996403e-04 9.999921e-01 7.454249e-01
9.999988e-01 6.440305e-05 1.530722e-03 -2.436982e-01 -6.422927e-05 1.000000e+00 -1.135624e-04 -2.414626e-02 -1.530730e-03 1.134645e-04 9.999987e-01 1.315330e+00
9.999895e-01 -1.585688e-04 -4.569684e-03 -2.893169e-01 1.602725e-04 9.999999e-01 3.724663e-04 -3.887441e-02 4.569625e-03 -3.731953e-04 9.999896e-01 1.967295e+00
9.999991e-01 4.804351e-05 1.343201e-03 -2.984403e-01 -4.786130e-05 1.000000e+00 -1.356719e-04 -5.621178e-02 -1.343209e-03 1.356081e-04 9.999990e-01 2.653126e+00
9.999984e-01 -2.498033e-05 -1.797488e-03 -3.097547e-01 2.525971e-05 1.000000e+00 1.554146e-04 -6.512750e-02 1.797485e-03 -1.554603e-04 9.999985e-01 3.016661e+00
9.999994e-01 3.959726e-05 1.060902e-03 -3.509701e-01 -3.946854e-05 1.000000e+00 -1.213304e-04 -7.289212e-02 -1.060908e-03 1.212891e-04 9.999993e-01 3.383109e+00
9.999992e-01 -6.772776e-06 -1.252511e-03 -4.055386e-01 6.917866e-06 1.000000e+00 1.158528e-04 -7.822645e-02 1.252511e-03 -1.158619e-04 9.999993e-01 3.667690e+00
9.999989e-01 8.206604e-05 1.450588e-03 -4.449518e-01 -8.180360e-05 1.000000e+00 -1.809564e-04 -8.294092e-02 -1.450604e-03 1.808381e-04 9.999988e-01 3.902303e+00
9.999997e-01 1.717713e-06 -7.384691e-04 -4.301877e-01 -1.670190e-06 1.000000e+00 6.438372e-05 -8.980173e-02 7.384705e-04 -6.438303e-05 9.999998e-01 4.121247e+00
9.999979e-01 1.034535e-04 2.044511e-03 -4.511093e-01 -1.029761e-04 1.000000e+00 -2.335737e-04 -9.226532e-02 -2.044536e-03 2.333632e-04 9.999978e-01 4.250773e+00
1.000000e+00 -1.500356e-05 1.871607e-04 -4.602599e-01 1.497365e-05 1.000000e+00 1.596896e-04 -9.017246e-02 -1.871622e-04 -1.596874e-04 1.000000e+00 4.181247e+00
9.999975e-01 9.751684e-05 2.222384e-03 -4.510396e-01 -9.699419e-05 1.000000e+00 -2.352730e-04 -8.896180e-02 -2.222407e-03 2.350574e-04 9.999974e-01 4.121342e+00
9.999990e-01 6.557080e-06 -1.403462e-03 -4.085668e-01 -6.379628e-06 1.000000e+00 1.264572e-04 -9.654549e-02 1.403464e-03 -1.264487e-04 9.999991e-01 4.339997e+00
9.999995e-01 8.857114e-05 1.027004e-03 -3.998403e-01 -8.841758e-05 1.000000e+00 -1.495448e-04 -1.059482e-01 -1.027018e-03 1.494544e-04 9.999994e-01 4.683198e+00
9.999998e-01 1.493330e-05 6.769438e-04 -3.788884e-01 -1.489897e-05 1.000000e+00 -5.075039e-05 -1.091718e-01 -6.769441e-04 5.073980e-05 9.999999e-01 4.783178e+00
9.999994e-01 5.303558e-05 1.076100e-03 -3.974044e-01 -5.288904e-05 1.000000e+00 -1.361869e-04 -1.104003e-01 -1.076107e-03 1.361304e-04 9.999993e-01 4.862912e+00
1.000000e+00 2.851034e-06 -2.333810e-04 -3.550282e-01 -2.860653e-06 1.000000e+00 -4.113839e-05 -1.186355e-01 2.333811e-04 4.113859e-05 1.000000e+00 5.099997e+00
9.999993e-01 2.562989e-05 -1.169949e-03 -9.763319e-02 -2.558321e-05 1.000000e+00 3.990373e-05 -1.440946e-01 1.169949e-03 -3.987331e-05 9.999992e-01 5.607083e+00
9.999985e-01 1.104357e-04 1.716288e-03 1.399343e-01 -1.101350e-04 1.000000e+00 -1.753248e-04 -1.646771e-01 -1.716307e-03 1.751351e-04 9.999986e-01 5.966258e+00
9.999999e-01 -4.955470e-05 5.380586e-04 1.424093e-01 4.954036e-05 1.000000e+00 2.668864e-05 -1.650978e-01 -5.380600e-04 -2.666154e-05 9.999998e-01 5.978659e+00
9.999987e-01 8.474854e-05 1.595061e-03 8.822005e-02 -8.453063e-05 1.000000e+00 -1.366942e-04 -1.635477e-01 -1.595073e-03 1.365587e-04 9.999988e-01 6.012974e+00
1.000000e+00 -7.512309e-06 -3.104361e-04 3.415693e-02 7.539540e-06 1.000000e+00 8.766294e-05 -1.650438e-01 3.104357e-04 -8.766486e-05 9.999998e-01 6.154473e+00
9.999985e-01 2.342247e-05 1.741702e-03 -9.139518e-02 -2.344773e-05 1.000000e+00 1.447320e-05 -1.616264e-01 -1.741702e-03 -1.451445e-05 9.999986e-01 6.222276e+00
9.999997e-01 -5.895511e-05 -8.166277e-04 -2.469449e-01 5.901859e-05 1.000000e+00 7.769867e-05 -1.579022e-01 8.166236e-04 -7.774640e-05 9.999996e-01 6.317427e+00
9.999973e-01 4.650537e-05 2.303820e-03 -3.675266e-01 -4.652272e-05 1.000000e+00 7.467927e-06 -1.544644e-01 -2.303820e-03 -7.575533e-06 9.999974e-01 6.380553e+00
1.000000e+00 -4.009392e-06 -1.658250e-04 -4.843122e-01 4.023711e-06 1.000000e+00 8.625027e-05 -1.489829e-01 1.658256e-04 -8.625048e-05 9.999999e-01 6.348458e+00
9.999974e-01 4.839781e-05 2.279793e-03 -6.011149e-01 -4.838330e-05 1.000000e+00 -6.427990e-06 -1.435364e-01 -2.279794e-03 6.317207e-06 9.999975e-01 6.318844e+00
1.000000e+00 -4.781099e-05 -1.871311e-04 -7.635724e-01 4.784441e-05 1.000000e+00 1.784788e-04 -1.352168e-01 1.871238e-04 -1.784872e-04 9.999999e-01 6.238157e+00
9.999974e-01 2.505512e-05 2.273091e-03 -8.754367e-01 -2.489584e-05 1.000000e+00 -7.010809e-05 -1.306688e-01 -2.273094e-03 7.005083e-05 9.999975e-01 6.238458e+00
1.000000e+00 -1.541406e-05 -5.686841e-05 -1.012412e+00 1.542485e-05 1.000000e+00 1.894677e-04 -1.234897e-01 5.686721e-05 -1.894681e-04 9.999999e-01 6.165416e+00
9.999972e-01 3.993371e-05 2.356868e-03 -1.134401e+00 -3.976735e-05 1.000000e+00 -7.064155e-05 -1.173282e-01 -2.356873e-03 7.054712e-05 9.999973e-01 6.111978e+00
1.000000e+00 -2.131664e-05 -1.164034e-04 -1.265407e+00 2.134532e-05 1.000000e+00 2.462710e-04 -1.101301e-01 1.164003e-04 -2.462730e-04 9.999999e-01 6.026951e+00
9.999966e-01 6.026496e-05 2.588034e-03 -1.381099e+00 -6.000529e-05 1.000000e+00 -1.004179e-04 -1.035867e-01 -2.588042e-03 1.002617e-04 9.999967e-01 5.944309e+00
9.999998e-01 -7.692600e-05 -5.818051e-04 -1.485782e+00 7.705134e-05 1.000000e+00 2.153918e-04 -9.953915e-02 5.817911e-04 -2.154361e-04 9.999997e-01 5.957039e+00
9.999954e-01 1.686125e-04 3.019382e-03 -1.511631e+00 -1.679164e-04 1.000000e+00 -2.307841e-04 -1.002400e-01 -3.019424e-03 2.302755e-04 9.999955e-01 6.014511e+00
9.999999e-01 -5.045996e-05 -4.810412e-04 -1.475232e+00 5.057263e-05 1.000000e+00 2.341761e-04 -1.040193e-01 4.810325e-04 -2.341998e-04 9.999998e-01 6.069091e+00
9.999955e-01 9.300998e-05 3.010706e-03 -1.550846e+00 -9.247485e-05 1.000000e+00 -1.778857e-04 -1.004130e-01 -3.010726e-03 1.776060e-04 9.999956e-01 6.040184e+00
9.999999e-01 -3.792863e-05 -5.182698e-04 -1.654149e+00 3.807801e-05 1.000000e+00 2.881967e-04 -9.419069e-02 5.182625e-04 -2.882158e-04 9.999997e-01 5.951300e+00
9.999961e-01 7.373400e-05 2.778895e-03 -1.783428e+00 -7.350274e-05 1.000000e+00 -8.332556e-05 -8.440569e-02 -2.778905e-03 8.312038e-05 9.999962e-01 5.748344e+00
9.999995e-01 -4.700306e-07 -1.011302e-03 -1.906642e+00 6.291070e-07 1.000000e+00 1.572922e-04 -7.868061e-02 1.011306e-03 -1.572922e-04 9.999994e-01 5.705202e+00
9.999974e-01 -2.582985e-05 2.258605e-03 -2.120565e+00 2.574988e-05 1.000000e+00 3.543085e-05 -6.955855e-02 -2.258610e-03 -3.537323e-05 9.999975e-01 5.653984e+00
9.999995e-01 2.529535e-05 -1.001582e-03 -2.306447e+00 -2.517469e-05 1.000000e+00 1.204765e-04 -6.301653e-02 1.001589e-03 -1.204506e-04 9.999994e-01 5.657392e+00
9.999979e-01 -1.934727e-05 2.027077e-03 -2.480153e+00 1.938852e-05 1.000000e+00 -2.033374e-05 -5.837809e-02 -2.027081e-03 2.037235e-05 9.999980e-01 5.722090e+00
9.999998e-01 1.308303e-04 -6.337300e-04 -2.514026e+00 -1.309299e-04 1.000000e+00 -1.571028e-04 -6.111509e-02 6.337139e-04 1.571863e-04 9.999997e-01 5.863274e+00
9.999967e-01 -4.898021e-05 2.574336e-03 -2.626118e+00 4.850505e-05 1.000000e+00 1.846386e-04 -5.598856e-02 -2.574350e-03 -1.845138e-04 9.999968e-01 5.836224e+00
9.999998e-01 1.217132e-04 -5.772682e-04 -2.781435e+00 -1.217292e-04 1.000000e+00 -2.760823e-05 -4.626230e-02 5.772697e-04 2.767914e-05 9.999997e-01 5.680685e+00
9.999961e-01 -7.328330e-05 2.805575e-03 -2.926964e+00 7.261445e-05 1.000000e+00 2.385006e-04 -3.459758e-02 -2.805597e-03 -2.382966e-04 9.999961e-01 5.439301e+00
9.999998e-01 9.948439e-05 -5.389383e-04 -3.009533e+00 -9.959728e-05 1.000000e+00 -2.094578e-04 -3.028077e-02 5.389228e-04 2.095121e-04 9.999997e-01 5.406223e+00
9.999970e-01 -6.848906e-05 2.448194e-03 -3.118132e+00 6.805918e-05 1.000000e+00 1.756737e-04 -2.607752e-02 -2.448211e-03 -1.755072e-04 9.999971e-01 5.417144e+00
1.000000e+00 1.150404e-04 -2.476107e-04 -3.267190e+00 -1.150584e-04 1.000000e+00 -7.298176e-05 -1.689141e-02 2.476081e-04 7.301093e-05 9.999999e-01 5.279467e+00
9.999970e-01 -3.023753e-05 2.469531e-03 -3.262804e+00 3.036486e-05 1.000000e+00 -5.152553e-05 -1.908819e-02 -2.469535e-03 5.159970e-05 9.999970e-01 5.343608e+00
1.000000e+00 1.391257e-04 -1.383117e-04 -3.173390e+00 -1.391389e-04 1.000000e+00 -9.488453e-05 -2.649170e-02 1.383047e-04 9.490443e-05 9.999999e-01 5.431877e+00
9.999968e-01 -1.350828e-05 2.518646e-03 -3.114578e+00 1.375896e-05 1.000000e+00 -9.951159e-05 -3.179815e-02 -2.518651e-03 9.954530e-05 9.999969e-01 5.511751e+00
9.999999e-01 9.118736e-05 -3.391816e-04 -2.962169e+00 -9.117118e-05 1.000000e+00 4.772457e-05 -4.161858e-02 3.391927e-04 -4.769301e-05 9.999998e-01 5.597781e+00
9.999964e-01 -5.874688e-05 2.677746e-03 -2.911333e+00 5.854203e-05 1.000000e+00 7.657978e-05 -4.125422e-02 -2.677757e-03 -7.642339e-05 9.999965e-01 5.451064e+00
1.000000e+00 2.524968e-05 -2.990802e-04 -3.011987e+00 -2.519854e-05 1.000000e+00 1.710141e-04 -2.699571e-02 2.990917e-04 -1.710059e-04 9.999998e-01 5.023404e+00
9.999962e-01 2.769499e-05 2.761572e-03 -3.056115e+00 -2.761767e-05 1.000000e+00 -2.803407e-05 -2.135598e-02 -2.761581e-03 2.795702e-05 9.999963e-01 4.824418e+00
1.000000e+00 1.051165e-04 -5.390102e-06 -2.889721e+00 -1.051167e-04 1.000000e+00 -2.755925e-05 -2.947120e-02 5.394879e-06 2.756050e-05 9.999999e-01 4.827214e+00
9.999964e-01 1.876657e-05 2.671028e-03 -2.785490e+00 -1.845648e-05 1.000000e+00 -1.161151e-04 -3.511712e-02 -2.671038e-03 1.160648e-04 9.999965e-01 4.856611e+00
9.999998e-01 8.113470e-05 -6.901775e-04 -2.740587e+00 -8.111962e-05 1.000000e+00 2.189810e-05 -3.976336e-02 6.901874e-04 -2.184145e-05 9.999997e-01 4.940994e+00
9.999960e-01 5.539781e-05 2.825572e-03 -2.626029e+00 -5.506042e-05 1.000000e+00 -1.194796e-04 -4.814748e-02 -2.825587e-03 1.193229e-04 9.999961e-01 5.040629e+00
9.999999e-01 4.728050e-05 -4.609631e-04 -2.554871e+00 -4.726958e-05 1.000000e+00 2.370878e-05 -5.341738e-02 4.609728e-04 -2.368635e-05 9.999998e-01 5.103609e+00
9.999972e-01 6.746050e-05 2.368730e-03 -2.443967e+00 -6.720386e-05 1.000000e+00 -1.084232e-04 -6.184775e-02 -2.368747e-03 1.082631e-04 9.999973e-01 5.204756e+00
1.000000e+00 1.189758e-04 7.148438e-05 -2.107098e+00 -1.189721e-04 1.000000e+00 -5.315145e-05 -8.081284e-02 -7.148169e-05 5.314355e-05 9.999999e-01 5.299745e+00
9.999977e-01 7.963648e-05 2.154546e-03 -1.833224e+00 -7.918109e-05 1.000000e+00 -2.114448e-04 -9.707442e-02 -2.154572e-03 2.112731e-04 9.999978e-01 5.414271e+00
1.000000e+00 1.083951e-04 2.929438e-04 -1.601169e+00 -1.084371e-04 1.000000e+00 1.431639e-04 -1.118567e-01 -2.929188e-04 -1.431951e-04 9.999998e-01 5.533189e+00
9.999970e-01 8.499825e-05 2.431143e-03 -1.367208e+00 -8.451415e-05 1.000000e+00 -1.992244e-04 -1.273039e-01 -2.431170e-03 1.990177e-04 9.999971e-01 5.663591e+00
9.999995e-01 1.078458e-04 -1.042254e-03 -1.286176e+00 -1.076555e-04 1.000000e+00 1.826022e-04 -1.383930e-01 1.042284e-03 -1.824893e-04 9.999993e-01 5.893134e+00
9.999962e-01 6.369936e-05 2.752085e-03 -1.221964e+00 -6.314289e-05 1.000000e+00 -2.022815e-04 -1.480085e-01 -2.752108e-03 2.021064e-04 9.999963e-01 6.101050e+00
9.999996e-01 1.426465e-04 -9.233603e-04 -1.124869e+00 -1.425211e-04 1.000000e+00 1.358714e-04 -1.588219e-01 9.233899e-04 -1.357392e-04 9.999995e-01 6.296872e+00
9.999932e-01 9.098704e-05 3.681389e-03 -9.693900e-01 -9.030519e-05 1.000000e+00 -1.853802e-04 -1.704145e-01 -3.681417e-03 1.850459e-04 9.999933e-01 6.420901e+00
9.999995e-01 1.499775e-04 -1.006435e-03 -8.188952e-01 -1.498347e-04 1.000000e+00 1.419675e-04 -1.822209e-01 1.006467e-03 -1.418161e-04 9.999994e-01 6.558118e+00
9.999924e-01 6.493740e-05 3.900998e-03 -6.823417e-01 -6.402118e-05 1.000000e+00 -2.349906e-04 -1.926832e-01 -3.901024e-03 2.347385e-04 9.999925e-01 6.665880e+00
9.999995e-01 1.500465e-04 -9.821279e-04 -5.342251e-01 -1.498281e-04 1.000000e+00 2.223941e-04 -2.011560e-01 9.821726e-04 -2.222463e-04 9.999994e-01 6.694639e+00
9.999929e-01 2.107756e-05 3.763695e-03 -4.444202e-01 -1.980002e-05 9.999999e-01 -3.394713e-04 -2.072135e-01 -3.763714e-03 3.393938e-04 9.999930e-01 6.739724e+00
9.999989e-01 2.112405e-04 -1.460849e-03 -2.141080e-01 -2.108423e-04 9.999999e-01 2.727367e-04 -2.237847e-01 1.460918e-03 -2.724279e-04 9.999988e-01 6.911507e+00
9.999928e-01 -1.782951e-05 3.792066e-03 -7.947557e-02 1.916186e-05 9.999999e-01 -3.513139e-04 -2.348495e-01 -3.792072e-03 3.513835e-04 9.999928e-01 7.050689e+00
9.999995e-01 2.258640e-04 -9.886818e-04 9.799892e-02 -2.255725e-04 9.999999e-01 2.949546e-04 -2.468598e-01 9.887607e-04 -2.947309e-04 9.999994e-01 7.149068e+00
9.999928e-01 -1.203472e-05 3.790884e-03 3.252513e-01 1.316699e-05 1.000000e+00 -2.986542e-04 -2.601421e-01 -3.790893e-03 2.987015e-04 9.999929e-01 7.215452e+00
9.999995e-01 2.452786e-04 -9.244782e-04 5.966724e-01 -2.450412e-04 9.999999e-01 2.569158e-04 -2.758655e-01 9.245541e-04 -2.566886e-04 9.999994e-01 7.298518e+00
9.999929e-01 -8.491985e-05 3.778981e-03 7.792187e-01 8.611347e-05 9.999999e-01 -3.156919e-04 -2.851726e-01 -3.778967e-03 3.160145e-04 9.999929e-01 7.310907e+00
9.999994e-01 1.926372e-04 -1.049912e-03 8.975140e-01 -1.922708e-04 9.999999e-01 3.490278e-04 -2.889698e-01 1.049993e-03 -3.488252e-04 9.999993e-01 7.234171e+00
9.999932e-01 -8.598585e-05 3.699188e-03 1.004489e+00 8.691195e-05 1.000000e+00 -2.501865e-04 -2.909094e-01 -3.699180e-03 2.505057e-04 9.999932e-01 7.105951e+00
9.999994e-01 1.556577e-04 -1.110768e-03 1.008675e+00 -1.552969e-04 9.999999e-01 3.248905e-04 -2.891283e-01 1.110833e-03 -3.247173e-04 9.999992e-01 6.998867e+00
9.999951e-01 -9.400367e-05 3.130995e-03 9.701702e-01 9.506763e-05 9.999999e-01 -3.396627e-04 -2.872834e-01 -3.130977e-03 3.399582e-04 9.999951e-01 6.997474e+00
9.999994e-01 1.552945e-04 -1.084621e-03 9.356721e-01 -1.550183e-04 1.000000e+00 2.548128e-04 -2.859601e-01 1.084675e-03 -2.546440e-04 9.999993e-01 7.017091e+00
9.999938e-01 -1.859044e-04 3.507130e-03 7.016242e-01 1.860020e-04 1.000000e+00 -2.749216e-05 -2.641679e-01 -3.507140e-03 2.814377e-05 9.999939e-01 6.508266e+00
9.999991e-01 1.707926e-04 -1.363368e-03 4.231116e-01 -1.699355e-04 9.999998e-01 6.287349e-04 -2.400789e-01 1.363489e-03 -6.285020e-04 9.999988e-01 5.910191e+00
9.999928e-01 -8.251399e-05 3.786572e-03 4.735294e-01 8.480735e-05 9.999998e-01 -6.054903e-04 -2.415990e-01 -3.786537e-03 6.058065e-04 9.999927e-01 5.883139e+00
9.999988e-01 2.094114e-04 -1.519667e-03 5.914279e-01 -2.084826e-04 9.999998e-01 6.113340e-04 -2.478000e-01 1.519810e-03 -6.110158e-04 9.999986e-01 5.914878e+00
9.999930e-01 -6.621037e-05 3.743069e-03 7.386818e-01 6.878623e-05 9.999998e-01 -6.880347e-04 -2.571138e-01 -3.743039e-03 6.882867e-04 9.999929e-01 5.997101e+00
9.999991e-01 2.261745e-04 -1.323393e-03 9.516772e-01 -2.253662e-04 9.999998e-01 6.109360e-04 -2.695715e-01 1.323547e-03 -6.106366e-04 9.999988e-01 6.088211e+00
9.999928e-01 -1.053536e-04 3.789661e-03 1.107415e+00 1.079177e-04 9.999998e-01 -6.763918e-04 -2.790940e-01 -3.789605e-03 6.767953e-04 9.999927e-01 6.158219e+00
9.999985e-01 2.229772e-04 -1.721608e-03 1.260133e+00 -2.218638e-04 9.999998e-01 6.468981e-04 -2.875692e-01 1.721768e-03 -6.465146e-04 9.999982e-01 6.211724e+00
9.999902e-01 -1.359020e-04 4.427874e-03 1.403117e+00 1.393131e-04 9.999997e-01 -7.700590e-04 -2.947619e-01 -4.427784e-03 7.706677e-04 9.999900e-01 6.225554e+00
9.999969e-01 2.172138e-04 -2.496750e-03 1.440230e+00 -2.155530e-04 9.999998e-01 6.654251e-04 -2.989250e-01 2.496911e-03 -6.648842e-04 9.999966e-01 6.300311e+00
9.999914e-01 -1.188726e-04 4.156884e-03 1.441089e+00 1.222395e-04 9.999997e-01 -8.097101e-04 -3.033852e-01 -4.156803e-03 8.102106e-04 9.999911e-01 6.447993e+00
9.999972e-01 3.053344e-04 -2.329343e-03 1.446221e+00 -3.037209e-04 9.999997e-01 6.930128e-04 -3.079170e-01 2.329571e-03 -6.923029e-04 9.999969e-01 6.601983e+00
9.999943e-01 -1.621417e-04 3.385867e-03 1.435941e+00 1.650672e-04 9.999996e-01 -8.637871e-04 -3.127854e-01 -3.385743e-03 8.643405e-04 9.999940e-01 6.797069e+00
9.999975e-01 2.548404e-04 -2.227761e-03 1.420886e+00 -2.530882e-04 9.999997e-01 7.867745e-04 -3.149742e-01 2.227978e-03 -7.862081e-04 9.999971e-01 6.927701e+00
9.999944e-01 -1.635925e-04 3.341016e-03 1.390443e+00 1.665553e-04 9.999996e-01 -8.865210e-04 -3.173343e-01 -3.340887e-03 8.870720e-04 9.999941e-01 7.078410e+00
9.999980e-01 2.882555e-04 -1.984122e-03 1.400591e+00 -2.867238e-04 9.999997e-01 7.722391e-04 -3.223783e-01 1.984361e-03 -7.716682e-04 9.999976e-01 7.245660e+00
9.999948e-01 -1.776960e-04 3.220062e-03 1.414339e+00 1.805317e-04 9.999996e-01 -8.803693e-04 -3.275139e-01 -3.219922e-03 8.809455e-04 9.999945e-01 7.428473e+00
9.999961e-01 2.518478e-04 -2.780255e-03 1.400077e+00 -2.496060e-04 9.999996e-01 8.066218e-04 -3.338216e-01 2.780475e-03 -8.059242e-04 9.999957e-01 7.701206e+00
9.999936e-01 -1.371106e-04 3.569712e-03 1.462239e+00 1.401464e-04 9.999996e-01 -8.501692e-04 -3.438573e-01 -3.569612e-03 8.506636e-04 9.999934e-01 7.968830e+00
9.999985e-01 2.722059e-04 -1.692262e-03 1.572249e+00 -2.709882e-04 9.999997e-01 7.198010e-04 -3.527250e-01 1.692475e-03 -7.193409e-04 9.999982e-01 8.101446e+00
9.999935e-01 -1.535624e-04 3.597505e-03 1.668452e+00 1.566586e-04 9.999996e-01 -8.603942e-04 -3.599581e-01 -3.597390e-03 8.609517e-04 9.999933e-01 8.207196e+00
9.999987e-01 2.717827e-04 -1.598908e-03 1.773159e+00 -2.707795e-04 9.999998e-01 6.276479e-04 -3.672885e-01 1.599097e-03 -6.272136e-04 9.999984e-01 8.303922e+00
9.999923e-01 -1.468385e-04 3.922206e-03 1.889699e+00 1.499799e-04 9.999997e-01 -8.006380e-04 -3.743068e-01 -3.922105e-03 8.012196e-04 9.999921e-01 8.373537e+00
9.999989e-01 2.927656e-04 -1.484093e-03 2.037662e+00 -2.918640e-04 9.999998e-01 6.076920e-04 -3.827439e-01 1.484289e-03 -6.072578e-04 9.999986e-01 8.440133e+00
9.999933e-01 -1.160343e-04 3.665470e-03 2.299984e+00 1.196299e-04 9.999995e-01 -9.807525e-04 -3.963161e-01 -3.665374e-03 9.811840e-04 9.999929e-01 8.498929e+00
9.999985e-01 2.182151e-04 -1.744283e-03 2.412446e+00 -2.167711e-04 9.999996e-01 8.280293e-04 -4.039486e-01 1.744482e-03 -8.276496e-04 9.999980e-01 8.589178e+00
9.999945e-01 -9.983625e-05 3.301007e-03 2.435112e+00 1.031497e-04 9.999995e-01 -1.003621e-03 -4.077474e-01 -3.300925e-03 1.003956e-03 9.999941e-01 8.704310e+00
9.999982e-01 2.156825e-04 -1.861362e-03 2.476901e+00 -2.141437e-04 9.999996e-01 8.268760e-04 -4.138376e-01 1.861560e-03 -8.264756e-04 9.999978e-01 8.854544e+00
9.999925e-01 -1.000713e-04 3.880625e-03 2.612128e+00 1.039896e-04 9.999995e-01 -1.009515e-03 -4.227179e-01 -3.880542e-03 1.009910e-03 9.999921e-01 8.948553e+00
9.999986e-01 2.344726e-04 -1.626077e-03 2.763983e+00 -2.330842e-04 9.999996e-01 8.539907e-04 -4.324227e-01 1.626296e-03 -8.536102e-04 9.999982e-01 9.040355e+00
9.999932e-01 -1.055619e-04 3.676442e-03 2.829615e+00 1.091315e-04 9.999995e-01 -9.707460e-04 -4.380198e-01 -3.676358e-03 9.711404e-04 9.999929e-01 9.140298e+00
9.999984e-01 2.250234e-04 -1.780028e-03 2.865904e+00 -2.235852e-04 9.999996e-01 8.081063e-04 -4.418009e-01 1.780229e-03 -8.077067e-04 9.999980e-01 9.237441e+00
9.999928e-01 -1.133864e-04 3.786583e-03 2.961822e+00 1.168341e-04 9.999996e-01 -9.102911e-04 -4.485372e-01 -3.786499e-03 9.107267e-04 9.999925e-01 9.330551e+00
9.999989e-01 2.265043e-04 -1.473450e-03 3.064761e+00 -2.253892e-04 9.999997e-01 7.569361e-04 -4.558812e-01 1.473642e-03 -7.566029e-04 9.999985e-01 9.420132e+00
9.999924e-01 -1.032396e-04 3.897804e-03 3.210341e+00 1.068185e-04 9.999996e-01 -9.179896e-04 -4.646676e-01 -3.897729e-03 9.183987e-04 9.999921e-01 9.489569e+00
9.999982e-01 2.221521e-04 -1.909759e-03 3.279517e+00 -2.207097e-04 9.999997e-01 7.554514e-04 -4.708038e-01 1.909947e-03 -7.550283e-04 9.999978e-01 9.598008e+00
9.999921e-01 -1.221003e-04 3.982232e-03 3.361858e+00 1.257639e-04 9.999996e-01 -9.197537e-04 -4.769763e-01 -3.982139e-03 9.202470e-04 9.999917e-01 9.685204e+00
9.999981e-01 2.322383e-04 -1.911716e-03 3.399639e+00 -2.306857e-04 9.999996e-01 8.123344e-04 -4.802280e-01 1.911926e-03 -8.118917e-04 9.999977e-01 9.754773e+00
9.999923e-01 -1.244315e-04 3.930033e-03 3.449005e+00 1.281225e-04 9.999996e-01 -9.389478e-04 -4.840828e-01 -3.929936e-03 9.394439e-04 9.999919e-01 9.830840e+00
9.999989e-01 2.494030e-04 -1.489224e-03 3.524171e+00 -2.480741e-04 9.999996e-01 8.924719e-04 -4.892144e-01 1.489468e-03 -8.921013e-04 9.999984e-01 9.888612e+00
9.999920e-01 -1.013242e-04 4.000183e-03 3.602247e+00 1.051351e-04 9.999995e-01 -9.524648e-04 -4.956612e-01 -4.000107e-03 9.528776e-04 9.999916e-01 9.971532e+00
9.999989e-01 3.102609e-04 -1.467604e-03 3.768404e+00 -3.089372e-04 9.999995e-01 9.020434e-04 -5.079399e-01 1.467906e-03 -9.015888e-04 9.999984e-01 1.010806e+01
9.999916e-01 -9.775576e-05 4.104264e-03 3.975763e+00 1.016552e-04 9.999995e-01 -9.498940e-04 -5.224690e-01 -4.104192e-03 9.503031e-04 9.999912e-01 1.025441e+01
9.999990e-01 1.884740e-04 -1.423206e-03 4.028717e+00 -1.871091e-04 9.999995e-01 9.590843e-04 -5.242697e-01 1.423409e-03 -9.588168e-04 9.999984e-01 1.020263e+01
9.999923e-01 -1.520487e-04 3.914479e-03 4.078153e+00 1.556805e-04 9.999996e-01 -9.275012e-04 -5.258302e-01 -3.914360e-03 9.281033e-04 9.999920e-01 1.016905e+01
9.999988e-01 2.715247e-04 -1.519346e-03 4.196784e+00 -2.702697e-04 9.999996e-01 8.262029e-04 -5.338269e-01 1.519593e-03 -8.257911e-04 9.999984e-01 1.024710e+01
9.999913e-01 -1.315978e-04 4.180568e-03 4.417303e+00 1.352329e-04 9.999996e-01 -8.692649e-04 -5.450442e-01 -4.180475e-03 8.698225e-04 9.999910e-01 1.027674e+01
9.999982e-01 2.328651e-04 -1.862069e-03 4.517546e+00 -2.314967e-04 9.999997e-01 7.350640e-04 -5.517842e-01 1.862263e-03 -7.346315e-04 9.999979e-01 1.034622e+01
9.999923e-01 -1.557493e-04 3.915909e-03 4.519986e+00 1.589980e-04 9.999996e-01 -8.293242e-04 -5.542199e-01 -3.915803e-03 8.299403e-04 9.999921e-01 1.042742e+01
9.999977e-01 2.632310e-04 -2.146850e-03 4.598064e+00 -2.615357e-04 9.999997e-01 7.898928e-04 -5.610314e-01 2.147082e-03 -7.893293e-04 9.999973e-01 1.053428e+01
9.999903e-01 -1.858921e-04 4.392553e-03 4.716397e+00 1.901008e-04 9.999995e-01 -9.577576e-04 -5.689759e-01 -4.392398e-03 9.585833e-04 9.999900e-01 1.061001e+01
9.999967e-01 2.522339e-04 -2.547578e-03 4.796474e+00 -2.501698e-04 9.999996e-01 8.105188e-04 -5.741337e-01 2.547806e-03 -8.098787e-04 9.999963e-01 1.067311e+01
9.999874e-01 -9.036235e-05 5.027371e-03 4.900839e+00 9.459429e-05 9.999996e-01 -8.415466e-04 -5.812567e-01 -5.027318e-03 8.420114e-04 9.999871e-01 1.073591e+01
9.999973e-01 3.325917e-04 -2.305879e-03 5.195742e+00 -3.307627e-04 9.999996e-01 7.935304e-04 -6.015278e-01 2.306167e-03 -7.927655e-04 9.999969e-01 1.089980e+01
9.999836e-01 4.940790e-05 5.733958e-03 5.683407e+00 -4.446920e-05 9.999996e-01 -8.614318e-04 -6.300488e-01 -5.734024e-03 8.611625e-04 9.999833e-01 1.101844e+01
9.999970e-01 3.585570e-04 -2.418691e-03 6.337283e+00 -3.571219e-04 9.999998e-01 5.937400e-04 -6.688812e-01 2.418929e-03 -5.928744e-04 9.999968e-01 1.123871e+01
9.999871e-01 -2.201123e-06 5.085882e-03 6.918643e+00 6.087690e-06 9.999997e-01 -7.641719e-04 -7.057389e-01 -5.085905e-03 7.641929e-04 9.999869e-01 1.151895e+01
9.999989e-01 4.309477e-04 -1.394962e-03 7.497096e+00 -4.302179e-04 9.999998e-01 5.233848e-04 -7.383054e-01 1.395214e-03 -5.227841e-04 9.999988e-01 1.163608e+01
9.999866e-01 -1.489327e-05 5.186009e-03 8.106165e+00 1.784834e-05 9.999998e-01 -5.697712e-04 -7.698338e-01 -5.186026e-03 5.698560e-04 9.999865e-01 1.167438e+01
9.999988e-01 4.093782e-04 -1.468928e-03 8.717439e+00 -4.085972e-04 9.999998e-01 5.319295e-04 -8.010447e-01 1.469172e-03 -5.313286e-04 9.999987e-01 1.170437e+01
9.999884e-01 -7.080480e-05 4.814427e-03 9.126170e+00 7.380668e-05 9.999998e-01 -6.233436e-04 -8.238507e-01 -4.814410e-03 6.236916e-04 9.999883e-01 1.178972e+01
9.999980e-01 1.874932e-04 -1.996062e-03 9.056700e+00 -1.859661e-04 9.999997e-01 7.652374e-04 -8.146530e-01 1.996232e-03 -7.648646e-04 9.999976e-01 1.146001e+01
9.999871e-01 -1.091135e-05 5.085915e-03 8.935828e+00 1.397454e-05 9.999998e-01 -6.022531e-04 -8.046864e-01 -5.085935e-03 6.023162e-04 9.999870e-01 1.119929e+01
9.999975e-01 2.612340e-04 -2.198930e-03 8.997975e+00 -2.602330e-04 9.999999e-01 4.554824e-04 -8.118687e-01 2.199077e-03 -4.549090e-04 9.999974e-01 1.131877e+01
9.999880e-01 -5.381000e-05 4.900768e-03 9.067566e+00 5.663681e-05 9.999998e-01 -5.766728e-04 -8.184472e-01 -4.900765e-03 5.769433e-04 9.999879e-01 1.141868e+01
9.999981e-01 3.086049e-04 -1.917011e-03 9.172013e+00 -3.077471e-04 9.999999e-01 4.477328e-04 -8.264984e-01 1.917178e-03 -4.471419e-04 9.999980e-01 1.150573e+01
9.999863e-01 5.457917e-06 5.237014e-03 9.466711e+00 -2.538106e-06 9.999998e-01 -5.575404e-04 -8.456816e-01 -5.237046e-03 5.575194e-04 9.999862e-01 1.163950e+01
9.999978e-01 2.813430e-04 -2.066522e-03 9.605903e+00 -2.804470e-04 9.999999e-01 4.338824e-04 -8.561982e-01 2.066673e-03 -4.333018e-04 9.999977e-01 1.174287e+01
9.999872e-01 -1.140074e-04 5.049713e-03 9.591450e+00 1.162566e-04 9.999999e-01 -4.451328e-04 -8.580457e-01 -5.049691e-03 4.457141e-04 9.999872e-01 1.179414e+01
9.999963e-01 2.888241e-04 -2.711016e-03 9.720113e+00 -2.878510e-04 9.999999e-01 3.593165e-04 -8.683610e-01 2.711149e-03 -3.585347e-04 9.999962e-01 1.192958e+01
9.999835e-01 -3.776869e-05 5.749542e-03 9.808349e+00 3.979870e-05 9.999999e-01 -3.529598e-04 -8.758471e-01 -5.749558e-03 3.531827e-04 9.999835e-01 1.201427e+01
9.999955e-01 1.096750e-04 -2.984897e-03 9.740298e+00 -1.084793e-04 9.999999e-01 4.007506e-04 -8.725056e-01 2.984971e-03 -4.004250e-04 9.999954e-01 1.196899e+01
9.999840e-01 -1.010469e-05 5.663225e-03 9.578471e+00 1.191034e-05 9.999999e-01 -3.188042e-04 -8.643029e-01 -5.663252e-03 3.188665e-04 9.999840e-01 1.185976e+01
9.999931e-01 1.473627e-04 -3.708802e-03 9.486165e+00 -1.463707e-04 1.000000e+00 2.677399e-04 -8.643872e-01 3.708873e-03 -2.671951e-04 9.999930e-01 1.196923e+01
9.999816e-01 -1.034525e-05 6.060159e-03 9.437721e+00 1.258270e-05 9.999999e-01 -3.691693e-04 -8.645856e-01 -6.060186e-03 3.692387e-04 9.999817e-01 1.201947e+01
9.999952e-01 1.797872e-04 -3.091262e-03 9.416776e+00 -1.788802e-04 9.999999e-01 2.936577e-04 -8.644761e-01 3.091346e-03 -2.931033e-04 9.999951e-01 1.201279e+01
9.999817e-01 -3.139722e-05 6.053955e-03 9.379580e+00 3.340356e-05 9.999999e-01 -3.313109e-04 -8.640910e-01 -6.053976e-03 3.315070e-04 9.999817e-01 1.201048e+01
9.999955e-01 1.617337e-04 -2.997408e-03 9.350710e+00 -1.611159e-04 1.000000e+00 2.063539e-04 -8.641750e-01 2.997473e-03 -2.058700e-04 9.999954e-01 1.202759e+01
9.999811e-01 1.473198e-04 6.153427e-03 9.606276e+00 -1.460759e-04 1.000000e+00 -2.026059e-04 -8.805876e-01 -6.153489e-03 2.017032e-04 9.999811e-01 1.213871e+01
9.999947e-01 9.422709e-05 -3.239239e-03 9.828064e+00 -9.366662e-05 1.000000e+00 1.731724e-04 -8.954391e-01 3.239288e-03 -1.728680e-04 9.999946e-01 1.226085e+01
9.999849e-01 9.376719e-05 5.497995e-03 9.874233e+00 -9.232994e-05 1.000000e+00 -2.616690e-04 -9.016172e-01 -5.498052e-03 2.611574e-04 9.999849e-01 1.238966e+01
9.999958e-01 9.419274e-05 -2.888891e-03 9.903491e+00 -9.374960e-05 1.000000e+00 1.535228e-04 -9.061237e-01 2.888939e-03 -1.532513e-04 9.999957e-01 1.248240e+01
9.999843e-01 3.393633e-05 5.610796e-03 9.909960e+00 -3.276952e-05 1.000000e+00 -2.080517e-04 -9.081211e-01 -5.610836e-03 2.078645e-04 9.999843e-01 1.251054e+01
9.999951e-01 1.636749e-04 -3.120730e-03 9.939243e+00 -1.633334e-04 1.000000e+00 1.096784e-04 -9.129430e-01 3.120781e-03 -1.091682e-04 9.999950e-01 1.261041e+01
9.999842e-01 7.161720e-05 5.614794e-03 1.000100e+01 -7.034429e-05 1.000000e+00 -2.269057e-04 -9.205107e-01 -5.614844e-03 2.265071e-04 9.999843e-01 1.275097e+01
9.999965e-01 1.026012e-04 -2.630033e-03 1.003917e+01 -1.023803e-04 1.000000e+00 8.412949e-05 -9.240378e-01 2.630076e-03 -8.385994e-05 9.999964e-01 1.279360e+01
9.999844e-01 1.460372e-04 5.581956e-03 1.019582e+01 -1.453193e-04 1.000000e+00 -1.290174e-04 -9.348991e-01 -5.582010e-03 1.282042e-04 9.999845e-01 1.288232e+01
9.999967e-01 1.125030e-04 -2.584588e-03 1.035501e+01 -1.123351e-04 1.000000e+00 6.508489e-05 -9.471006e-01 2.584630e-03 -6.479434e-05 9.999966e-01 1.301635e+01
9.999845e-01 1.394610e-04 5.567814e-03 1.048386e+01 -1.385159e-04 1.000000e+00 -1.701192e-04 -9.571867e-01 -5.567873e-03 1.693453e-04 9.999846e-01 1.313672e+01
9.999953e-01 1.525450e-05 -3.051213e-03 1.053655e+01 -1.514719e-05 1.000000e+00 3.518341e-05 -9.621246e-01 3.051249e-03 -3.513705e-05 9.999952e-01 1.322109e+01
9.999884e-01 1.522078e-04 4.815782e-03 1.050558e+01 -1.518050e-04 1.000000e+00 -8.402202e-05 -9.635613e-01 -4.815830e-03 8.329001e-05 9.999885e-01 1.332048e+01
9.999960e-01 -5.183129e-05 -2.811914e-03 1.048166e+01 5.168204e-05 1.000000e+00 -5.315885e-05 -9.655586e-01 2.811952e-03 5.301328e-05 9.999959e-01 1.343217e+01
9.999863e-01 2.023040e-04 5.231838e-03 1.048915e+01 -2.023207e-04 1.000000e+00 2.658094e-06 -9.683798e-01 -5.231873e-03 -3.716534e-06 9.999864e-01 1.351316e+01
9.999968e-01 -5.153672e-05 -2.516457e-03 1.057026e+01 5.138987e-05 1.000000e+00 -5.842638e-05 -9.744616e-01 2.516496e-03 5.829684e-05 9.999967e-01 1.358792e+01
9.999925e-01 1.881101e-04 3.874265e-03 1.068033e+01 -1.883511e-04 1.000000e+00 6.184152e-05 -9.864190e-01 -3.874289e-03 -6.257075e-05 9.999926e-01 1.380971e+01
9.999917e-01 -9.976775e-05 -4.081647e-03 1.085552e+01 1.001211e-04 1.000000e+00 8.636871e-05 -1.006640e+00 4.081674e-03 -8.677667e-05 9.999916e-01 1.422631e+01
9.999954e-01 2.541173e-04 3.034564e-03 1.093466e+01 -2.543507e-04 1.000000e+00 7.652914e-05 -1.027340e+00 -3.034580e-03 -7.730063e-05 9.999955e-01 1.480596e+01
9.999982e-01 5.328781e-06 -1.905162e-03 1.104692e+01 -5.476076e-06 1.000000e+00 -7.731689e-05 -1.042266e+00 1.905198e-03 7.732719e-05 9.999981e-01 1.509781e+01
9.999967e-01 1.716000e-04 2.579521e-03 1.121213e+01 -1.719025e-04 1.000000e+00 1.170481e-04 -1.060985e+00 -2.579537e-03 -1.174912e-04 9.999968e-01 1.546828e+01
9.999925e-01 -9.740301e-05 -3.873780e-03 1.124930e+01 9.785411e-05 1.000000e+00 1.162554e-04 -1.076522e+00 3.873805e-03 -1.166335e-04 9.999924e-01 1.596475e+01
9.999878e-01 2.876033e-04 4.923906e-03 1.125160e+01 -2.868351e-04 9.999999e-01 -1.567183e-04 -1.083963e+00 -4.923987e-03 1.553040e-04 9.999880e-01 1.620820e+01
9.999966e-01 -1.303452e-04 -2.600324e-03 1.125824e+01 1.305636e-04 1.000000e+00 8.380666e-05 -1.087961e+00 2.600350e-03 -8.414585e-05 9.999965e-01 1.632242e+01
9.999877e-01 2.391251e-04 4.962397e-03 1.121932e+01 -2.386864e-04 1.000000e+00 -8.899924e-05 -1.087340e+00 -4.962455e-03 8.781365e-05 9.999878e-01 1.636990e+01
9.999971e-01 -7.592733e-05 -2.425496e-03 1.139927e+01 7.590302e-05 1.000000e+00 -1.012199e-05 -1.100873e+00 2.425534e-03 9.937878e-06 9.999970e-01 1.650991e+01
9.999858e-01 2.680040e-04 5.314015e-03 1.159438e+01 -2.671679e-04 1.000000e+00 -1.580469e-04 -1.113344e+00 -5.314094e-03 1.566249e-04 9.999860e-01 1.659735e+01
9.999966e-01 -1.625536e-04 -2.612542e-03 1.167220e+01 1.626895e-04 1.000000e+00 5.179114e-05 -1.117588e+00 2.612571e-03 -5.221599e-05 9.999965e-01 1.661642e+01
9.999870e-01 3.336688e-04 5.088531e-03 1.179883e+01 -3.333177e-04 9.999999e-01 -6.983957e-05 -1.126392e+00 -5.088592e-03 6.814256e-05 9.999871e-01 1.670427e+01
9.999960e-01 -1.074458e-04 -2.823081e-03 1.195825e+01 1.074593e-04 1.000000e+00 4.626817e-06 -1.139932e+00 2.823118e-03 -4.930163e-06 9.999959e-01 1.687763e+01
9.999856e-01 2.850782e-04 5.363766e-03 1.207168e+01 -2.843787e-04 1.000000e+00 -1.311845e-04 -1.147396e+00 -5.363841e-03 1.296573e-04 9.999857e-01 1.693099e+01
9.999946e-01 -1.996580e-04 -3.289843e-03 1.210165e+01 2.000946e-04 1.000000e+00 1.323740e-04 -1.148696e+00 3.289855e-03 -1.330316e-04 9.999945e-01 1.693169e+01
9.999838e-01 3.644154e-04 5.675177e-03 1.224466e+01 -3.632955e-04 9.999999e-01 -1.983730e-04 -1.158505e+00 -5.675287e-03 1.963080e-04 9.999840e-01 1.703547e+01
9.999947e-01 -1.814635e-04 -3.260906e-03 1.241879e+01 1.819283e-04 1.000000e+00 1.422251e-04 -1.171124e+00 3.260919e-03 -1.428176e-04 9.999946e-01 1.717200e+01
9.999882e-01 3.709359e-04 4.849963e-03 1.252712e+01 -3.702416e-04 9.999999e-01 -1.440477e-04 -1.182404e+00 -4.850055e-03 1.422503e-04 9.999883e-01 1.737488e+01
9.999955e-01 -2.528003e-04 -2.971549e-03 1.252157e+01 2.528599e-04 1.000000e+00 1.965346e-05 -1.184259e+00 2.971583e-03 -2.040478e-05 9.999955e-01 1.745915e+01
9.999899e-01 3.170160e-04 4.484565e-03 1.244519e+01 -3.171387e-04 9.999999e-01 2.663761e-05 -1.181251e+00 -4.484596e-03 -2.805957e-05 9.999900e-01 1.748026e+01
9.999969e-01 -2.410570e-04 -2.463982e-03 1.252141e+01 2.409824e-04 1.000000e+00 -3.057559e-05 -1.184030e+00 2.464028e-03 2.998171e-05 9.999969e-01 1.748122e+01
9.999887e-01 3.298794e-04 4.743888e-03 1.259223e+01 -3.302623e-04 9.999999e-01 7.991725e-05 -1.186383e+00 -4.743901e-03 -8.148308e-05 9.999888e-01 1.745386e+01
9.999972e-01 -2.083958e-04 -2.340395e-03 1.261097e+01 2.085041e-04 1.000000e+00 4.601976e-05 -1.187979e+00 2.340425e-03 -4.650760e-05 9.999972e-01 1.744688e+01
9.999923e-01 3.241154e-04 3.900581e-03 1.262796e+01 -3.237902e-04 9.999999e-01 -8.402512e-05 -1.193995e+00 -3.900648e-03 8.276148e-05 9.999925e-01 1.759671e+01
9.999993e-01 -1.932649e-04 -1.140355e-03 1.264089e+01 1.934017e-04 1.000000e+00 1.198388e-04 -1.193619e+00 1.140372e-03 -1.200593e-04 9.999992e-01 1.748322e+01
9.999923e-01 -5.551711e-05 3.932052e-03 1.201711e+01 5.260143e-05 9.999997e-01 7.416105e-04 -1.143004e+00 -3.932133e-03 -7.413980e-04 9.999921e-01 1.625339e+01
9.999992e-01 8.363672e-06 -1.245478e-03 1.052309e+01 -7.323335e-06 9.999997e-01 8.353070e-04 -1.020110e+00 1.245525e-03 -8.352970e-04 9.999988e-01 1.321828e+01
9.999987e-01 -9.632257e-04 1.273779e-03 9.404402e+00 9.614024e-04 9.999985e-01 1.431297e-03 -9.280790e-01 -1.275197e-03 -1.430071e-03 9.999983e-01 1.108009e+01
9.999858e-01 6.875455e-04 -5.285233e-03 9.753092e+00 -6.965473e-04 9.999983e-01 -1.701516e-03 -9.639422e-01 5.284094e-03 1.705174e-03 9.999845e-01 1.180418e+01
9.999860e-01 -6.027656e-04 5.255772e-03 1.021484e+01 5.961815e-04 9.999990e-01 1.254209e-03 -9.979250e-01 -5.256563e-03 -1.251059e-03 9.999855e-01 1.222014e+01
9.999969e-01 8.600041e-04 -2.333526e-03 1.057725e+01 -8.632495e-04 9.999987e-01 -1.390075e-03 -1.020347e+00 2.332368e-03 1.392086e-03 9.999962e-01 1.234665e+01
9.999856e-01 -6.484737e-04 5.332237e-03 1.095145e+01 6.417680e-04 9.999990e-01 1.259195e-03 -1.042548e+00 -5.333089e-03 -1.255755e-03 9.999851e-01 1.247488e+01
9.999968e-01 9.013132e-04 -2.381729e-03 1.136595e+01 -9.043874e-04 9.999988e-01 -1.289951e-03 -1.063232e+00 2.380604e-03 1.292101e-03 9.999962e-01 1.250242e+01
9.999841e-01 -6.031918e-04 5.606747e-03 1.179586e+01 5.966873e-04 9.999991e-01 1.161728e-03 -1.088206e+00 -5.607485e-03 -1.158365e-03 9.999837e-01 1.261399e+01
9.999960e-01 8.615679e-04 -2.705425e-03 1.226346e+01 -8.649167e-04 9.999989e-01 -1.236852e-03 -1.118348e+00 2.704398e-03 1.239187e-03 9.999955e-01 1.283839e+01
9.999829e-01 -5.859604e-04 5.825673e-03 1.274125e+01 5.791655e-04 9.999992e-01 1.167995e-03 -1.146177e+00 -5.826394e-03 -1.164601e-03 9.999824e-01 1.298015e+01
9.999954e-01 8.349455e-04 -2.916388e-03 1.317947e+01 -8.386141e-04 9.999989e-01 -1.256898e-03 -1.173311e+00 2.915378e-03 1.259339e-03 9.999949e-01 1.315486e+01
9.999877e-01 -6.450852e-04 4.912692e-03 1.357020e+01 6.391336e-04 9.999991e-01 1.212937e-03 -1.200088e+00 -4.913512e-03 -1.209782e-03 9.999873e-01 1.339762e+01
9.999953e-01 8.394860e-04 -2.933705e-03 1.393832e+01 -8.432016e-04 9.999988e-01 -1.265509e-03 -1.225972e+00 2.932682e-03 1.267977e-03 9.999948e-01 1.364948e+01
9.999819e-01 -5.720436e-04 5.986600e-03 1.435343e+01 5.648980e-04 9.999991e-01 1.195215e-03 -1.251679e+00 -5.987322e-03 -1.191812e-03 9.999815e-01 1.381366e+01
9.999952e-01 7.661191e-04 -2.992452e-03 1.470522e+01 -7.701392e-04 9.999988e-01 -1.342493e-03 -1.272184e+00 2.991463e-03 1.344792e-03 9.999945e-01 1.393020e+01
9.999850e-01 -5.532829e-04 5.443178e-03 1.502117e+01 5.463912e-04 9.999990e-01 1.267517e-03 -1.292771e+00 -5.443917e-03 -1.264524e-03 9.999845e-01 1.408231e+01
9.999962e-01 8.175951e-04 -2.629530e-03 1.542811e+01 -8.213325e-04 9.999987e-01 -1.420515e-03 -1.319034e+00 2.628409e-03 1.422669e-03 9.999954e-01 1.426505e+01
9.999881e-01 -6.051016e-04 4.839573e-03 1.578860e+01 5.987870e-04 9.999990e-01 1.306124e-03 -1.344239e+00 -4.840402e-03 -1.303210e-03 9.999875e-01 1.448621e+01
9.999955e-01 7.718956e-04 -2.911035e-03 1.610259e+01 -7.758887e-04 9.999988e-01 -1.370807e-03 -1.366949e+00 2.910017e-03 1.373060e-03 9.999947e-01 1.469518e+01
9.999821e-01 -5.114611e-04 5.955515e-03 1.646816e+01 5.034346e-04 9.999990e-01 1.349163e-03 -1.389987e+00 -5.956244e-03 -1.346141e-03 9.999815e-01 1.483468e+01
9.999949e-01 7.200184e-04 -3.103058e-03 1.671837e+01 -7.246668e-04 9.999986e-01 -1.497115e-03 -1.407534e+00 3.102021e-03 1.499356e-03 9.999940e-01 1.498983e+01
9.999870e-01 -4.991972e-04 5.072455e-03 1.684787e+01 4.923559e-04 9.999990e-01 1.349869e-03 -1.420961e+00 -5.073169e-03 -1.347354e-03 9.999863e-01 1.520473e+01
9.999828e-01 5.463845e-04 -5.833519e-03 1.700215e+01 -5.542414e-04 9.999989e-01 -1.345308e-03 -1.442610e+00 5.832822e-03 1.348519e-03 9.999820e-01 1.568152e+01
9.999712e-01 -3.787725e-04 7.579245e-03 1.715482e+01 3.708118e-04 9.999994e-01 1.051713e-03 -1.453987e+00 -7.579683e-03 -1.048872e-03 9.999708e-01 1.582621e+01
9.999908e-01 6.358995e-04 -4.244855e-03 1.750481e+01 -6.417914e-04 9.999988e-01 -1.386782e-03 -1.474026e+00 4.244014e-03 1.389494e-03 9.999899e-01 1.590404e+01
9.999866e-01 -5.199364e-04 5.153520e-03 1.780790e+01 5.130389e-04 9.999990e-01 1.339637e-03 -1.499473e+00 -5.154256e-03 -1.336975e-03 9.999859e-01 1.626559e+01
9.999898e-01 6.710980e-04 -4.454056e-03 1.800877e+01 -6.773478e-04 9.999988e-01 -1.401799e-03 -1.519961e+00 4.453155e-03 1.404802e-03 9.999890e-01 1.662532e+01
9.999938e-01 -5.475501e-04 3.493964e-03 1.809730e+01 5.424772e-04 9.999988e-01 1.452701e-03 -1.537526e+00 -3.494801e-03 -1.450796e-03 9.999929e-01 1.707819e+01
9.999884e-01 6.536954e-04 -4.773716e-03 1.822184e+01 -6.599280e-04 9.999989e-01 -1.304124e-03 -1.558632e+00 4.772904e-03 1.307259e-03 9.999877e-01 1.759801e+01
9.999908e-01 -4.892996e-04 4.260533e-03 1.830445e+01 4.835108e-04 9.999990e-01 1.359627e-03 -1.576018e+00 -4.261238e-03 -1.357555e-03 9.999901e-01 1.804564e+01
9.999872e-01 5.964042e-04 -5.017555e-03 1.835203e+01 -6.030645e-04 9.999989e-01 -1.325980e-03 -1.591009e+00 5.016804e-03 1.328989e-03 9.999864e-01 1.848679e+01
9.999947e-01 -5.169089e-04 3.204500e-03 1.841718e+01 5.120731e-04 9.999987e-01 1.509705e-03 -1.610184e+00 -3.205321e-03 -1.508056e-03 9.999938e-01 1.904029e+01
9.999936e-01 6.428864e-04 -3.524211e-03 1.860146e+01 -6.478521e-04 9.999988e-01 -1.408040e-03 -1.632197e+00 3.523347e-03 1.410315e-03 9.999927e-01 1.948188e+01
9.999991e-01 -6.318612e-04 1.157981e-03 1.864601e+01 6.300567e-04 9.999986e-01 1.558104e-03 -1.651932e+00 -1.159009e-03 -1.557373e-03 9.999982e-01 2.009863e+01
9.999897e-01 6.295020e-04 -4.484466e-03 1.867123e+01 -6.354992e-04 9.999989e-01 -1.335994e-03 -1.672868e+00 4.483665e-03 1.338831e-03 9.999890e-01 2.078465e+01
9.999827e-01 -4.806726e-04 5.854930e-03 1.888559e+01 4.735980e-04 9.999992e-01 1.209651e-03 -1.690381e+00 -5.855551e-03 -1.206858e-03 9.999822e-01 2.100500e+01
9.999952e-01 6.605941e-04 -3.021147e-03 1.914953e+01 -6.646474e-04 9.999989e-01 -1.340795e-03 -1.706415e+00 3.020303e-03 1.342797e-03 9.999944e-01 2.110491e+01
9.999823e-01 -4.567724e-04 5.929383e-03 1.954218e+01 4.502685e-04 9.999993e-01 1.098185e-03 -1.726630e+00 -5.929925e-03 -1.095496e-03 9.999819e-01 2.117007e+01
9.999954e-01 6.572807e-04 -2.973366e-03 1.996369e+01 -6.614923e-04 9.999988e-01 -1.415675e-03 -1.747551e+00 2.972477e-03 1.417635e-03 9.999945e-01 2.122106e+01
9.999899e-01 -5.125290e-04 4.473171e-03 2.040527e+01 5.072515e-04 9.999992e-01 1.180861e-03 -1.774189e+00 -4.473818e-03 -1.178581e-03 9.999894e-01 2.145082e+01
9.999951e-01 6.709901e-04 -3.056764e-03 2.063352e+01 -6.748044e-04 9.999990e-01 -1.246938e-03 -1.791721e+00 3.055969e-03 1.248995e-03 9.999945e-01 2.166899e+01
9.999870e-01 -4.940473e-04 5.081885e-03 2.088531e+01 4.880635e-04 9.999992e-01 1.178651e-03 -1.809336e+00 -5.082509e-03 -1.176156e-03 9.999865e-01 2.185054e+01
