9.999951e-01 2.343763e-04 3.135858e-03 2.059239e-01 -2.342486e-04 1.000000e+00 -4.110537e-05 -1.237408e-02 -3.135868e-03 4.037012e-05 9.999952e-01 6.157460e-02
1.000000e+00 7.925171e-05 1.140067e-04 5.072593e-01 -7.926125e-05 1.000000e+00 8.378616e-05 -2.755645e-02 -1.139994e-04 -8.379472e-05 9.999999e-01 7.149274e-02
9.999941e-01 3.254506e-04 3.431940e-03 9.797182e-01 -3.253864e-04 9.999999e-01 -1.925341e-05 -5.075887e-02 -3.431948e-03 1.813610e-05 9.999942e-01 6.486619e-02
1.000000e+00 6.966818e-05 2.655549e-04 1.619731e+00 -6.967919e-05 1.000000e+00 4.153140e-05 -8.362189e-02 -2.655506e-04 -4.154941e-05 9.999999e-01 9.913155e-02
9.999948e-01 3.304287e-04 3.221645e-03 2.207468e+00 -3.305741e-04 9.999999e-01 4.462275e-05 -1.118914e-01 -3.221632e-03 -4.568801e-05 9.999949e-01 7.986860e-02
1.000000e+00 6.608752e-06 2.235944e-04 2.738352e+00 -6.633056e-06 1.000000e+00 1.087551e-04 -1.356799e-01 -2.235916e-04 -1.087561e-04 9.999999e-01 9.189062e-04
9.999953e-01 2.809516e-04 3.053412e-03 3.123797e+00 -2.811697e-04 1.000000e+00 7.100255e-05 -1.530322e-01 -3.053394e-03 -7.186127e-05 9.999954e-01 -6.227423e-02
9.999999e-01 4.726536e-05 3.131096e-04 3.580528e+00 -4.726155e-05 1.000000e+00 -1.211923e-05 -1.760620e-01 -3.131074e-04 1.210497e-05 9.999999e-01 -5.033228e-02
9.999960e-01 2.234212e-04 2.829022e-03 3.913242e+00 -2.237637e-04 1.000000e+00 1.207659e-04 -1.910878e-01 -2.828998e-03 -1.213990e-04 9.999961e-01 -1.023201e-01
1.000000e+00 2.072318e-05 2.823390e-04 4.010722e+00 -2.064726e-05 1.000000e+00 -2.688715e-04 -1.988651e-01 -2.823411e-04 2.688662e-04 9.999998e-01 -1.098490e-02
9.999965e-01 1.858909e-04 2.656048e-03 4.072112e+00 -1.861076e-04 1.000000e+00 8.135298e-05 -2.043573e-01 -2.656037e-03 -8.184752e-05 9.999966e-01 7.518476e-02
1.000000e+00 -6.762463e-05 2.113646e-04 4.050465e+00 6.763450e-05 1.000000e+00 -4.665197e-05 -2.024300e-01 -2.113574e-04 4.666679e-05 9.999999e-01 6.268777e-03
9.999962e-01 2.297568e-04 2.729110e-03 3.993181e+00 -2.299304e-04 1.000000e+00 6.327070e-05 -1.978151e-01 -2.729099e-03 -6.389849e-05 9.999964e-01 -1.098387e-01
1.000000e+00 -1.049795e-04 5.604712e-05 3.950130e+00 1.049773e-04 1.000000e+00 3.968931e-05 -1.919941e-01 -5.604674e-05 -3.968289e-05 9.999999e-01 -3.107581e-01
9.999963e-01 2.289821e-04 2.716327e-03 4.090419e+00 -2.292465e-04 1.000000e+00 9.699544e-05 -1.964154e-01 -2.716309e-03 -9.761834e-05 9.999964e-01 -4.109254e-01
1.000000e+00 -6.676678e-05 2.397306e-04 4.246778e+00 6.675682e-05 1.000000e+00 4.155145e-05 -2.024829e-01 -2.397283e-04 -4.153488e-05 9.999999e-01 -4.909655e-01
9.999965e-01 2.080007e-04 2.645612e-03 4.289454e+00 -2.077116e-04 1.000000e+00 -1.095572e-04 -2.052590e-01 -2.645640e-03 1.090068e-04 9.999966e-01 -4.868589e-01
1.000000e+00 -4.594704e-05 2.338470e-04 4.267651e+00 4.589981e-05 1.000000e+00 2.019805e-04 -2.019610e-01 -2.338506e-04 -2.019692e-04 9.999999e-01 -6.432738e-01
9.999967e-01 1.448578e-04 2.573393e-03 4.247494e+00 -1.445417e-04 1.000000e+00 -1.230099e-04 -1.976134e-01 -2.573417e-03 1.226370e-04 9.999968e-01 -8.140852e-01
9.999999e-01 6.881594e-05 4.056132e-04 4.417797e+00 -6.890398e-05 1.000000e+00 2.170433e-04 -2.043124e-01 -4.055920e-04 -2.170707e-04 9.999998e-01 -8.852650e-01
9.999966e-01 1.337321e-04 2.614220e-03 4.576810e+00 -1.335732e-04 1.000000e+00 -6.097596e-05 -2.099303e-01 -2.614235e-03 6.062596e-05 9.999967e-01 -9.778003e-01
1.000000e+00 -7.699091e-06 4.059196e-05 4.537366e+00 7.699877e-06 1.000000e+00 -1.940514e-05 -2.079516e-01 -4.058498e-05 1.940604e-05 9.999999e-01 -9.957519e-01
9.999970e-01 1.393259e-04 2.447546e-03 4.454700e+00 -1.390997e-04 1.000000e+00 -9.259848e-05 -2.043235e-01 -2.447566e-03 9.225717e-05 9.999971e-01 -1.020702e+00
1.000000e+00 -1.306690e-04 6.930383e-05 3.609498e+00 1.305970e-04 9.999995e-01 1.037699e-03 -1.285485e-01 -6.943205e-05 -1.037690e-03 9.999994e-01 -2.953063e+00
9.999997e-01 -7.848066e-04 -2.561303e-04 2.581241e+00 7.851801e-04 9.999986e-01 1.461489e-03 -4.046162e-02 2.549756e-04 -1.461690e-03 9.999990e-01 -5.056706e+00
9.999960e-01 7.869567e-04 2.716249e-03 1.982528e+00 -7.852249e-04 9.999995e-01 -6.385630e-04 1.612587e-02 -2.716743e-03 6.364286e-04 9.999960e-01 -6.535319e+00
9.999955e-01 -1.795364e-03 -2.411920e-03 6.925317e-01 1.804212e-03 9.999916e-01 3.671607e-03 1.364326e-01 2.405300e-03 -3.675943e-03 9.999905e-01 -9.650548e+00
9.999978e-01 8.236195e-04 1.940606e-03 -4.355322e-01 -8.226387e-04 9.999995e-01 -5.061771e-04 2.515691e-01 -1.941015e-03 5.045812e-04 9.999979e-01 -1.275296e+01
9.999994e-01 -1.055452e-03 -1.063697e-04 -8.074335e-01 1.055675e-03 9.999972e-01 2.114534e-03 3.098656e-01 1.041299e-04 -2.114647e-03 9.999979e-01 -1.470270e+01
9.999957e-01 1.008684e-03 2.757240e-03 -9.909915e-01 -1.005225e-03 9.999987e-01 -1.255577e-03 3.463007e-01 -2.758495e-03 1.252802e-03 9.999953e-01 -1.600174e+01
9.999992e-01 -1.139558e-03 -5.060206e-04 -1.368688e+00 1.140719e-03 9.999967e-01 2.299013e-03 3.943322e-01 5.033908e-04 -2.299590e-03 9.999973e-01 -1.748428e+01
9.999951e-01 9.564852e-04 2.963922e-03 -1.679398e+00 -9.522105e-04 9.999985e-01 -1.443350e-03 4.322055e-01 -2.965289e-03 1.440523e-03 9.999945e-01 -1.862595e+01
9.999996e-01 -8.768894e-04 -2.000149e-04 -1.783472e+00 8.773019e-04 9.999975e-01 2.071277e-03 4.521312e-01 1.981893e-04 -2.071453e-03 9.999979e-01 -1.940157e+01
9.999945e-01 1.066606e-03 3.143167e-03 -1.780991e+00 -1.061950e-03 9.999983e-01 -1.482706e-03 4.655744e-01 -3.144734e-03 1.479363e-03 9.999939e-01 -2.009677e+01
9.999996e-01 -8.850181e-04 -1.177416e-04 -1.764519e+00 8.852483e-04 9.999977e-01 1.968758e-03 4.782441e-01 1.159896e-04 -1.968864e-03 9.999982e-01 -2.078259e+01
9.999947e-01 1.039315e-03 3.088733e-03 -1.764429e+00 -1.035096e-03 9.999985e-01 -1.367243e-03 4.927486e-01 -3.090140e-03 1.364041e-03 9.999942e-01 -2.153122e+01
9.999994e-01 -9.406300e-04 -4.862322e-04 -1.966422e+00 9.416324e-04 9.999974e-01 2.065225e-03 5.187362e-01 4.842785e-04 -2.065684e-03 9.999978e-01 -2.241631e+01
9.999942e-01 1.050939e-03 3.236211e-03 -2.089937e+00 -1.045445e-03 9.999980e-01 -1.698914e-03 5.339728e-01 -3.237980e-03 1.695524e-03 9.999932e-01 -2.294586e+01
9.999986e-01 -1.118945e-03 -1.224424e-03 -2.403629e+00 1.121695e-03 9.999968e-01 2.246952e-03 5.629900e-01 1.221896e-03 -2.248325e-03 9.999968e-01 -2.370157e+01
9.999954e-01 9.733024e-04 2.866415e-03 -2.862041e+00 -9.691832e-04 9.999985e-01 -1.438164e-03 6.051430e-01 -2.867800e-03 1.435381e-03 9.999948e-01 -2.473478e+01
9.999992e-01 -1.082786e-03 -6.733778e-04 -3.162068e+00 1.084135e-03 9.999974e-01 2.006003e-03 6.355340e-01 6.711933e-04 -2.006734e-03 9.999979e-01 -2.555090e+01
9.999951e-01 1.041632e-03 2.967382e-03 -3.381523e+00 -1.036637e-03 9.999980e-01 -1.684497e-03 6.567013e-01 -2.969120e-03 1.681416e-03 9.999941e-01 -2.610657e+01
9.999992e-01 -1.060498e-03 -6.299337e-04 -3.558520e+00 1.061766e-03 9.999974e-01 2.016037e-03 6.741262e-01 6.277829e-04 -2.016707e-03 9.999979e-01 -2.655245e+01
9.999969e-01 9.033670e-04 2.310403e-03 -3.857641e+00 -8.998387e-04 9.999984e-01 -1.527769e-03 7.003800e-01 -2.311769e-03 1.525688e-03 9.999961e-01 -2.717423e+01
9.999988e-01 -1.182195e-03 -9.712754e-04 -4.306471e+00 1.184360e-03 9.999968e-01 2.231626e-03 7.369443e-01 9.686226e-04 -2.232776e-03 9.999971e-01 -2.799753e+01
9.999959e-01 1.057635e-03 2.652255e-03 -4.626228e+00 -1.053045e-03 9.999979e-01 -1.731299e-03 7.632408e-01 -2.654069e-03 1.728502e-03 9.999949e-01 -2.860681e+01
9.999988e-01 -1.201278e-03 -1.027768e-03 -5.082950e+00 1.203930e-03 9.999959e-01 2.583046e-03 8.085604e-01 1.024649e-03 -2.584283e-03 9.999962e-01 -2.980892e+01
9.999950e-01 1.014430e-03 2.997296e-03 -5.646195e+00 -1.010098e-03 9.999984e-01 -1.446652e-03 8.632471e-01 -2.998747e-03 1.443620e-03 9.999944e-01 -3.127724e+01
9.999995e-01 -9.708854e-04 -2.883262e-04 -5.860717e+00 9.715117e-04 9.999972e-01 2.179459e-03 8.894457e-01 2.861971e-04 -2.179741e-03 9.999977e-01 -3.213543e+01
9.999982e-01 7.735403e-04 1.747935e-03 -6.578349e+00 -7.722734e-04 9.999994e-01 -7.254217e-04 9.543594e-01 -1.748482e-03 7.240737e-04 9.999981e-01 -3.379378e+01
9.999964e-01 -9.302595e-04 -2.500514e-03 -7.858504e+00 9.373791e-04 9.999955e-01 2.847540e-03 1.052726e+00 2.497841e-03 -2.849878e-03 9.999929e-01 -3.609273e+01
9.999962e-01 7.410584e-04 2.646368e-03 -9.229947e+00 -7.383355e-04 9.999992e-01 -1.029822e-03 1.150539e+00 -2.647116e-03 1.027867e-03 9.999959e-01 -3.827761e+01
9.999993e-01 -1.013010e-03 -6.400047e-04 -1.043141e+01 1.014536e-03 9.999966e-01 2.389455e-03 1.234497e+00 6.375694e-04 -2.390106e-03 9.999970e-01 -4.013281e+01
9.999966e-01 9.791111e-04 2.426426e-03 -1.122057e+01 -9.752015e-04 9.999982e-01 -1.612028e-03 1.283056e+00 -2.427987e-03 1.609660e-03 9.999957e-01 -4.106942e+01
9.999948e-01 -9.212016e-04 -3.101940e-03 -1.160793e+01 9.268103e-04 9.999979e-01 1.807120e-03 1.292245e+00 3.100256e-03 -1.809990e-03 9.999937e-01 -4.095176e+01
9.999984e-01 9.434483e-04 1.530563e-03 -1.198968e+01 -9.410778e-04 9.999984e-01 -1.548908e-03 1.297892e+00 -1.532009e-03 1.547469e-03 9.999975e-01 -4.069397e+01
9.999844e-01 -1.092172e-03 -5.470526e-03 -1.228924e+01 1.102674e-03 9.999976e-01 1.917019e-03 1.292545e+00 5.468406e-03 -1.923025e-03 9.999833e-01 -4.008467e+01
9.999983e-01 9.314974e-04 1.605259e-03 -1.257003e+01 -9.289462e-04 9.999983e-01 -1.589425e-03 1.285838e+00 -1.606725e-03 1.587935e-03 9.999973e-01 -3.944815e+01
9.999897e-01 -1.022569e-03 -4.425436e-03 -1.284275e+01 1.031134e-03 9.999976e-01 1.933399e-03 1.283678e+00 4.423437e-03 -1.937946e-03 9.999884e-01 -3.899666e+01
9.999985e-01 9.306024e-04 1.436926e-03 -1.312112e+01 -9.281246e-04 9.999981e-01 -1.724227e-03 1.279975e+00 -1.438516e-03 1.722894e-03 9.999974e-01 -3.849356e+01
9.999923e-01 -1.017293e-03 -3.790485e-03 -1.339758e+01 1.024441e-03 9.999977e-01 1.884135e-03 1.278461e+00 3.788549e-03 -1.888007e-03 9.999911e-01 -3.807802e+01
9.999807e-01 9.754522e-04 6.143721e-03 -1.407024e+01 -9.646468e-04 9.999980e-01 -1.761531e-03 1.316837e+00 -6.145416e-03 1.755575e-03 9.999795e-01 -3.878343e+01
9.999798e-01 -9.088606e-04 -6.298590e-03 -1.529767e+01 9.297996e-04 9.999940e-01 3.322220e-03 1.404022e+00 6.295522e-03 -3.328014e-03 9.999747e-01 -4.073048e+01
9.999904e-01 1.000532e-03 4.264457e-03 -1.660894e+01 -9.941573e-04 9.999984e-01 -1.496819e-03 1.495902e+00 -4.265937e-03 1.492570e-03 9.999897e-01 -4.274193e+01
9.999914e-01 -8.830282e-04 -4.055695e-03 -1.770814e+01 8.937791e-04 9.999961e-01 2.649727e-03 1.566713e+00 4.053329e-03 -2.653333e-03 9.999884e-01 -4.417604e+01
9.999810e-01 8.406830e-04 6.099470e-03 -1.874550e+01 -8.301248e-04 9.999982e-01 -1.733371e-03 1.634954e+00 -6.100905e-03 1.728279e-03 9.999798e-01 -4.561666e+01
9.999816e-01 -8.552562e-04 -6.013427e-03 -1.995117e+01 8.752225e-04 9.999941e-01 3.318405e-03 1.721698e+00 6.010543e-03 -3.323611e-03 9.999765e-01 -4.758342e+01
9.999940e-01 9.248414e-04 3.347987e-03 -2.132841e+01 -9.213206e-04 9.999990e-01 -1.053066e-03 1.824429e+00 -3.348946e-03 1.049980e-03 9.999937e-01 -4.995363e+01
9.999773e-01 -8.817142e-04 -6.678298e-03 -2.270063e+01 9.041308e-04 9.999940e-01 3.354314e-03 1.930211e+00 6.675290e-03 -3.360281e-03 9.999722e-01 -5.242543e+01
9.999907e-01 1.113982e-03 4.158132e-03 -2.347017e+01 -1.106669e-03 9.999978e-01 -1.760697e-03 1.993454e+00 -4.160074e-03 1.756084e-03 9.999897e-01 -5.391873e+01
9.999967e-01 -1.206703e-03 -2.255133e-03 -2.387006e+01 1.212471e-03 9.999960e-01 2.558000e-03 2.032939e+00 2.252027e-03 -2.560731e-03 9.999943e-01 -5.497134e+01
9.999905e-01 1.214007e-03 4.183429e-03 -2.417758e+01 -1.206366e-03 9.999976e-01 -1.828424e-03 2.061767e+00 -4.185628e-03 1.823365e-03 9.999895e-01 -5.573320e+01
9.999984e-01 -1.098568e-03 -1.437568e-03 -2.416167e+01 1.101027e-03 9.999979e-01 1.710155e-03 2.059165e+00 1.435675e-03 -1.711740e-03 9.999976e-01 -5.566535e+01
9.999898e-01 1.248668e-03 4.337605e-03 -2.406922e+01 -1.240559e-03 9.999975e-01 -1.871680e-03 2.053467e+00 -4.339919e-03 1.866285e-03 9.999887e-01 -5.562262e+01
9.999984e-01 -1.069094e-03 -1.443531e-03 -2.390036e+01 1.071614e-03 9.999979e-01 1.745958e-03 2.044980e+00 1.441650e-03 -1.747508e-03 9.999975e-01 -5.560780e+01
9.999895e-01 1.245452e-03 4.416419e-03 -2.374182e+01 -1.237035e-03 9.999974e-01 -1.908104e-03 2.035231e+00 -4.418772e-03 1.902626e-03 9.999883e-01 -5.553790e+01
9.999980e-01 -1.068198e-03 -1.661639e-03 -2.360824e+01 1.071148e-03 9.999979e-01 1.775326e-03 2.026516e+00 1.659726e-03 -1.777108e-03 9.999971e-01 -5.545852e+01
9.999896e-01 1.226252e-03 4.382746e-03 -2.354612e+01 -1.218042e-03 9.999975e-01 -1.875477e-03 2.020776e+00 -4.385022e-03 1.870125e-03 9.999885e-01 -5.537200e+01
9.999978e-01 -1.071412e-03 -1.808717e-03 -2.345352e+01 1.074648e-03 9.999978e-01 1.788905e-03 2.013645e+00 1.806784e-03 -1.790851e-03 9.999969e-01 -5.529258e+01
9.999877e-01 1.207564e-03 4.810687e-03 -2.336697e+01 -1.198134e-03 9.999974e-01 -1.962533e-03 2.006982e+00 -4.813032e-03 1.956750e-03 9.999864e-01 -5.522940e+01
9.999981e-01 -1.013390e-03 -1.643718e-03 -2.318006e+01 1.016285e-03 9.999979e-01 1.761240e-03 1.997910e+00 1.641917e-03 -1.762913e-03 9.999972e-01 -5.524395e+01
9.999900e-01 1.039638e-03 4.343730e-03 -2.326053e+01 -1.031813e-03 9.999978e-01 -1.803443e-03 2.003429e+00 -4.345582e-03 1.798949e-03 9.999888e-01 -5.533478e+01
9.999981e-01 -9.781327e-04 -1.696921e-03 -2.328708e+01 9.811944e-04 9.999979e-01 1.804198e-03 2.006238e+00 1.695139e-03 -1.805865e-03 9.999970e-01 -5.541682e+01
9.999906e-01 1.094529e-03 4.191544e-03 -2.329221e+01 -1.086647e-03 9.999976e-01 -1.882508e-03 2.005312e+00 -4.193581e-03 1.877941e-03 9.999893e-01 -5.535952e+01
9.999976e-01 -1.019320e-03 -1.937598e-03 -2.332815e+01 1.022881e-03 9.999978e-01 1.837620e-03 2.006060e+00 1.935706e-03 -1.839603e-03 9.999965e-01 -5.531611e+01
9.999887e-01 1.121480e-03 4.622395e-03 -2.326624e+01 -1.112776e-03 9.999976e-01 -1.885215e-03 2.004334e+00 -4.624484e-03 1.880056e-03 9.999874e-01 -5.535431e+01
9.999980e-01 -9.446623e-04 -1.754241e-03 -2.308613e+01 9.477860e-04 9.999980e-01 1.780501e-03 1.996055e+00 1.752541e-03 -1.782165e-03 9.999970e-01 -5.535862e+01
9.999887e-01 1.113326e-03 4.629211e-03 -2.294577e+01 -1.104400e-03 9.999975e-01 -1.930426e-03 1.988126e+00 -4.631334e-03 1.925297e-03 9.999873e-01 -5.530900e+01
9.999956e-01 -9.925048e-04 -2.779988e-03 -2.291153e+01 9.974915e-04 9.999979e-01 1.792823e-03 1.982726e+00 2.778187e-03 -1.795593e-03 9.999946e-01 -5.518243e+01
9.999905e-01 1.095926e-03 4.213738e-03 -2.290403e+01 -1.088003e-03 9.999976e-01 -1.882282e-03 1.978108e+00 -4.215775e-03 1.877685e-03 9.999893e-01 -5.503481e+01
9.999981e-01 -9.744844e-04 -1.681566e-03 -2.288120e+01 9.774021e-04 9.999980e-01 1.734904e-03 1.975756e+00 1.679857e-03 -1.736550e-03 9.999972e-01 -5.497626e+01
9.999907e-01 1.086418e-03 4.178415e-03 -2.283590e+01 -1.078534e-03 9.999976e-01 -1.888706e-03 1.972673e+00 -4.180441e-03 1.884187e-03 9.999894e-01 -5.492044e+01
9.999985e-01 -9.989852e-04 -1.444265e-03 -2.275825e+01 1.001484e-03 9.999980e-01 1.729955e-03 1.968991e+00 1.442517e-03 -1.731404e-03 9.999976e-01 -5.491192e+01
9.999920e-01 1.070563e-03 3.857213e-03 -2.271839e+01 -1.064096e-03 9.999980e-01 -1.678586e-03 1.970808e+00 -3.858986e-03 1.674473e-03 9.999911e-01 -5.503508e+01
9.999983e-01 -1.017118e-03 -1.525230e-03 -2.274506e+01 1.019764e-03 9.999980e-01 1.735051e-03 1.975460e+00 1.523445e-03 -1.736609e-03 9.999974e-01 -5.515762e+01
9.999925e-01 1.046285e-03 3.730530e-03 -2.281958e+01 -1.040249e-03 9.999981e-01 -1.619713e-03 1.982391e+00 -3.732201e-03 1.615825e-03 9.999916e-01 -5.528235e+01
9.999984e-01 -1.015730e-03 -1.442946e-03 -2.292981e+01 1.018106e-03 9.999981e-01 1.647030e-03 1.990663e+00 1.441253e-03 -1.648502e-03 9.999977e-01 -5.541319e+01
9.999929e-01 1.073651e-03 3.624007e-03 -2.301766e+01 -1.067577e-03 9.999980e-01 -1.677540e-03 1.995955e+00 -3.625784e-03 1.673664e-03 9.999919e-01 -5.547265e+01
9.999964e-01 -9.949498e-04 -2.474506e-03 -2.309349e+01 9.989422e-04 9.999982e-01 1.612522e-03 1.994984e+00 2.472880e-03 -1.614993e-03 9.999957e-01 -5.531581e+01
9.999953e-01 1.124122e-03 2.845742e-03 -2.312354e+01 -1.119365e-03 9.999980e-01 -1.672788e-03 1.988062e+00 -2.847600e-03 1.669600e-03 9.999945e-01 -5.499885e+01
9.999969e-01 -1.026287e-03 -2.273440e-03 -2.316790e+01 1.029897e-03 9.999982e-01 1.586933e-03 1.982637e+00 2.271789e-03 -1.589275e-03 9.999963e-01 -5.472015e+01
9.999880e-01 1.161156e-03 4.765708e-03 -2.313899e+01 -1.152796e-03 9.999978e-01 -1.756709e-03 1.978624e+00 -4.767720e-03 1.751199e-03 9.999870e-01 -5.463687e+01
9.999971e-01 -1.047134e-03 -2.155148e-03 -2.306374e+01 1.050676e-03 9.999981e-01 1.642642e-03 1.973367e+00 2.153406e-03 -1.644906e-03 9.999964e-01 -5.458376e+01
9.999890e-01 1.160489e-03 4.544265e-03 -2.310039e+01 -1.152513e-03 9.999978e-01 -1.757501e-03 1.972887e+00 -4.546276e-03 1.752250e-03 9.999880e-01 -5.452836e+01
9.999967e-01 -9.560823e-04 -2.395854e-03 -2.305375e+01 9.598577e-04 9.999983e-01 1.574976e-03 1.965953e+00 2.394326e-03 -1.577276e-03 9.999960e-01 -5.436865e+01
9.999925e-01 1.105683e-03 3.724231e-03 -2.297241e+01 -1.099420e-03 9.999980e-01 -1.683311e-03 1.954616e+00 -3.726066e-03 1.679209e-03 9.999915e-01 -5.409531e+01
9.999927e-01 -1.012977e-03 -3.679680e-03 -2.295269e+01 1.019045e-03 9.999981e-01 1.647590e-03 1.942794e+00 3.677985e-03 -1.651333e-03 9.999920e-01 -5.368356e+01
9.999867e-01 1.175137e-03 5.027410e-03 -2.286860e+01 -1.166300e-03 9.999978e-01 -1.760344e-03 1.931669e+00 -5.029449e-03 1.754462e-03 9.999857e-01 -5.342329e+01
9.999964e-01 -9.749562e-04 -2.493852e-03 -2.271808e+01 9.789403e-04 9.999982e-01 1.596695e-03 1.920235e+00 2.492272e-03 -1.599136e-03 9.999957e-01 -5.327344e+01
9.999863e-01 1.186620e-03 5.097723e-03 -2.261004e+01 -1.177480e-03 9.999977e-01 -1.795725e-03 1.910684e+00 -5.099823e-03 1.789703e-03 9.999853e-01 -5.313206e+01
9.999950e-01 -9.751054e-04 -2.998647e-03 -2.252960e+01 9.800331e-04 9.999982e-01 1.642133e-03 1.901582e+00 2.997020e-03 -1.645069e-03 9.999943e-01 -5.296210e+01
9.999882e-01 1.176647e-03 4.719949e-03 -2.245659e+01 -1.168287e-03 9.999977e-01 -1.773653e-03 1.892231e+00 -4.722006e-03 1.768123e-03 9.999872e-01 -5.276448e+01
9.999967e-01 -9.731081e-04 -2.370075e-03 -2.238135e+01 9.769629e-04 9.999982e-01 1.625637e-03 1.884957e+00 2.368469e-03 -1.627952e-03 9.999960e-01 -5.264418e+01
9.999879e-01 1.125846e-03 4.782979e-03 -2.229914e+01 -1.117642e-03 9.999979e-01 -1.717606e-03 1.879167e+00 -4.784883e-03 1.712245e-03 9.999870e-01 -5.257166e+01
9.999968e-01 -1.023355e-03 -2.301828e-03 -2.225780e+01 1.027181e-03 9.999981e-01 1.661306e-03 1.877002e+00 2.300103e-03 -1.663670e-03 9.999961e-01 -5.256322e+01
9.999872e-01 1.140930e-03 4.933996e-03 -2.227641e+01 -1.132279e-03 9.999978e-01 -1.755884e-03 1.877171e+00 -4.935968e-03 1.750280e-03 9.999862e-01 -5.254458e+01
9.999969e-01 -9.844108e-04 -2.299057e-03 -2.229616e+01 9.880928e-04 9.999982e-01 1.600734e-03 1.876251e+00 2.297456e-03 -1.603005e-03 9.999962e-01 -5.248422e+01
9.999872e-01 1.102950e-03 4.943654e-03 -2.235040e+01 -1.094775e-03 9.999980e-01 -1.656300e-03 1.878531e+00 -4.945450e-03 1.650872e-03 9.999863e-01 -5.250410e+01
9.999967e-01 -9.754230e-04 -2.358845e-03 -2.241493e+01 9.793066e-04 9.999982e-01 1.645594e-03 1.881882e+00 2.357214e-03 -1.647904e-03 9.999960e-01 -5.255233e+01
9.999871e-01 1.065143e-03 4.957377e-03 -2.241936e+01 -1.056948e-03 9.999981e-01 -1.655532e-03 1.882259e+00 -4.959109e-03 1.650277e-03 9.999862e-01 -5.257607e+01
9.999968e-01 -1.001926e-03 -2.304990e-03 -2.241133e+01 1.005735e-03 9.999981e-01 1.651629e-03 1.882553e+00 2.303309e-03 -1.653947e-03 9.999961e-01 -5.261000e+01
9.999871e-01 1.103942e-03 4.957650e-03 -2.240254e+01 -1.096057e-03 9.999981e-01 -1.592947e-03 1.883998e+00 -4.959377e-03 1.587497e-03 9.999863e-01 -5.269672e+01
9.999971e-01 -9.714064e-04 -2.189113e-03 -2.234477e+01 9.751135e-04 9.999981e-01 1.692730e-03 1.882663e+00 2.187442e-03 -1.694865e-03 9.999963e-01 -5.278261e+01
9.999864e-01 1.159909e-03 5.076443e-03 -2.226391e+01 -1.151308e-03 9.999979e-01 -1.696964e-03 1.878781e+00 -5.078378e-03 1.691101e-03 9.999856e-01 -5.280725e+01
9.999970e-01 -9.976563e-04 -2.259529e-03 -2.219286e+01 1.001325e-03 9.999982e-01 1.622832e-03 1.873788e+00 2.257883e-03 -1.625095e-03 9.999962e-01 -5.277466e+01
9.999885e-01 1.161564e-03 4.651386e-03 -2.225119e+01 -1.153470e-03 9.999978e-01 -1.742444e-03 1.873995e+00 -4.653377e-03 1.737064e-03 9.999876e-01 -5.271811e+01
9.999977e-01 -9.845719e-04 -1.924969e-03 -2.239756e+01 9.879415e-04 9.999980e-01 1.750002e-03 1.881723e+00 1.923219e-03 -1.751905e-03 9.999967e-01 -5.281897e+01
9.999885e-01 1.142529e-03 4.649698e-03 -2.243169e+01 -1.134099e-03 9.999977e-01 -1.815232e-03 1.882321e+00 -4.651737e-03 1.809943e-03 9.999874e-01 -5.282516e+01
9.999980e-01 -1.007509e-03 -1.724598e-03 -2.244060e+01 1.010645e-03 9.999978e-01 1.818496e-03 1.882101e+00 1.722739e-03 -1.820241e-03 9.999970e-01 -5.283828e+01
9.999888e-01 1.155933e-03 4.587006e-03 -2.241026e+01 -1.147310e-03 9.999976e-01 -1.882185e-03 1.878279e+00 -4.589146e-03 1.876906e-03 9.999876e-01 -5.279401e+01
9.999984e-01 -9.944522e-04 -1.502369e-03 -2.232315e+01 9.972293e-04 9.999978e-01 1.848491e-03 1.872189e+00 1.500503e-03 -1.849991e-03 9.999973e-01 -5.276727e+01
9.999888e-01 1.177496e-03 4.575658e-03 -2.223672e+01 -1.169124e-03 9.999976e-01 -1.832129e-03 1.866713e+00 -4.577780e-03 1.826764e-03 9.999878e-01 -5.276747e+01
9.999984e-01 -9.517155e-04 -1.491351e-03 -2.217972e+01 9.545063e-04 9.999978e-01 1.871281e-03 1.865021e+00 1.489542e-03 -1.872707e-03 9.999972e-01 -5.286049e+01
9.999896e-01 1.173697e-03 4.401033e-03 -2.214548e+01 -1.165733e-03 9.999977e-01 -1.811974e-03 1.864563e+00 -4.403124e-03 1.806830e-03 9.999886e-01 -5.295246e+01
9.999988e-01 -9.038244e-04 -1.292005e-03 -2.201283e+01 9.061582e-04 9.999980e-01 1.806446e-03 1.857787e+00 1.290344e-03 -1.807620e-03 9.999976e-01 -5.297340e+01
9.999896e-01 1.175440e-03 4.415275e-03 -2.182939e+01 -1.167117e-03 9.999975e-01 -1.887341e-03 1.845113e+00 -4.417457e-03 1.882174e-03 9.999884e-01 -5.287242e+01
9.999988e-01 -8.899157e-04 -1.304232e-03 -2.156064e+01 8.923193e-04 9.999979e-01 1.843017e-03 1.827964e+00 1.302563e-03 -1.844184e-03 9.999975e-01 -5.276462e+01
9.999894e-01 1.170643e-03 4.459475e-03 -2.136601e+01 -1.162309e-03 9.999976e-01 -1.871104e-03 1.815987e+00 -4.461628e-03 1.865906e-03 9.999882e-01 -5.271655e+01
9.999987e-01 -8.521845e-04 -1.339346e-03 -2.119514e+01 8.546398e-04 9.999980e-01 1.833202e-03 1.806531e+00 1.337754e-03 -1.834350e-03 9.999975e-01 -5.270533e+01
9.999887e-01 1.160032e-03 4.607161e-03 -2.093785e+01 -1.151167e-03 9.999975e-01 -1.926437e-03 1.790595e+00 -4.609357e-03 1.921117e-03 9.999874e-01 -5.261613e+01
9.999986e-01 -8.418367e-04 -1.429303e-03 -2.065559e+01 8.445331e-04 9.999979e-01 1.886514e-03 1.772427e+00 1.427685e-03 -1.887724e-03 9.999973e-01 -5.249803e+01
9.999877e-01 1.179630e-03 4.813700e-03 -2.025617e+01 -1.170216e-03 9.999974e-01 -1.958171e-03 1.748115e+00 -4.815970e-03 1.952519e-03 9.999864e-01 -5.237266e+01
9.999979e-01 -9.395762e-04 -1.799920e-03 -2.007029e+01 9.428546e-04 9.999979e-01 1.821018e-03 1.735251e+00 1.798177e-03 -1.822716e-03 9.999968e-01 -5.225414e+01
9.999931e-01 9.951860e-04 3.587262e-03 -2.012551e+01 -9.885945e-04 9.999978e-01 -1.838974e-03 1.735078e+00 -3.589056e-03 1.835420e-03 9.999918e-01 -5.216286e+01
9.999943e-01 -9.503477e-04 -3.236374e-03 -2.018286e+01 9.564049e-04 9.999978e-01 1.870356e-03 1.729947e+00 3.234561e-03 -1.873446e-03 9.999931e-01 -5.189722e+01
9.999879e-01 1.028361e-03 4.810073e-03 -2.023700e+01 -1.019121e-03 9.999976e-01 -1.923259e-03 1.729311e+00 -4.812011e-03 1.918338e-03 9.999865e-01 -5.178543e+01
9.999945e-01 -9.332921e-04 -3.186563e-03 -2.025526e+01 9.391896e-04 9.999978e-01 1.849526e-03 1.726244e+00 3.184802e-03 -1.852514e-03 9.999933e-01 -5.164768e+01
9.999863e-01 1.022134e-03 5.127727e-03 -2.030367e+01 -1.012521e-03 9.999977e-01 -1.877134e-03 1.727559e+00 -5.129606e-03 1.871922e-03 9.999850e-01 -5.160568e+01
9.999952e-01 -9.103884e-04 -2.945518e-03 -2.033649e+01 9.156535e-04 9.999980e-01 1.786401e-03 1.727877e+00 2.943857e-03 -1.789095e-03 9.999942e-01 -5.155523e+01
9.999864e-01 9.604762e-04 5.118546e-03 -2.038657e+01 -9.512573e-04 9.999979e-01 -1.803342e-03 1.728992e+00 -5.120238e-03 1.798454e-03 9.999852e-01 -5.151615e+01
9.999947e-01 -9.008005e-04 -3.130059e-03 -2.043470e+01 9.067635e-04 9.999978e-01 1.903940e-03 1.729507e+00 3.128308e-03 -1.906773e-03 9.999934e-01 -5.147172e+01
9.999872e-01 1.035905e-03 4.950283e-03 -2.040244e+01 -1.026284e-03 9.999976e-01 -1.945817e-03 1.723715e+00 -4.952257e-03 1.940717e-03 9.999858e-01 -5.133222e+01
9.999918e-01 -9.257123e-04 -3.945185e-03 -2.027855e+01 9.328747e-04 9.999979e-01 1.813846e-03 1.711191e+00 3.943468e-03 -1.817516e-03 9.999907e-01 -5.108323e+01
9.999850e-01 1.102612e-03 5.366594e-03 -2.007545e+01 -1.092480e-03 9.999976e-01 -1.890676e-03 1.695256e+00 -5.368636e-03 1.884790e-03 9.999837e-01 -5.086336e+01
9.999859e-01 -1.022397e-03 -5.202572e-03 -1.994127e+01 1.031958e-03 9.999978e-01 1.835289e-03 1.679985e+00 5.200655e-03 -1.840637e-03 9.999849e-01 -5.051205e+01
9.999750e-01 1.091225e-03 6.986976e-03 -1.990211e+01 -1.077672e-03 9.999975e-01 -1.943371e-03 1.675218e+00 -6.989049e-03 1.935798e-03 9.999736e-01 -5.041369e+01
9.999873e-01 -1.049314e-03 -4.935931e-03 -2.004708e+01 1.060045e-03 9.999971e-01 2.171860e-03 1.685452e+00 4.933608e-03 -2.177070e-03 9.999856e-01 -5.060248e+01
9.999720e-01 1.181310e-03 7.384922e-03 -2.015108e+01 -1.165156e-03 9.999969e-01 -2.191529e-03 1.691126e+00 -7.387458e-03 2.182868e-03 9.999702e-01 -5.067594e+01
9.999863e-01 -1.061843e-03 -5.125713e-03 -2.026188e+01 1.073354e-03 9.999969e-01 2.243349e-03 1.698081e+00 5.123284e-03 -2.248825e-03 9.999844e-01 -5.077972e+01
9.999739e-01 1.078805e-03 7.145078e-03 -2.045010e+01 -1.064691e-03 9.999975e-01 -1.978949e-03 1.713196e+00 -7.147163e-03 1.971295e-03 9.999724e-01 -5.111120e+01
9.999872e-01 -9.817224e-04 -4.970179e-03 -2.056920e+01 9.920225e-04 9.999974e-01 2.070187e-03 1.721670e+00 4.968102e-03 -2.075096e-03 9.999856e-01 -5.127298e+01
9.999734e-01 1.077099e-03 7.212979e-03 -2.061163e+01 -1.061923e-03 9.999972e-01 -2.107625e-03 1.724131e+00 -7.215197e-03 2.099915e-03 9.999717e-01 -5.128347e+01
9.999870e-01 -9.384078e-04 -5.017515e-03 -2.070627e+01 9.490579e-04 9.999973e-01 2.120465e-03 1.728283e+00 5.015480e-03 -2.125205e-03 9.999853e-01 -5.129846e+01
9.999731e-01 1.069170e-03 7.252936e-03 -2.077437e+01 -1.053767e-03 9.999972e-01 -2.127331e-03 1.730758e+00 -7.255158e-03 2.119636e-03 9.999713e-01 -5.130259e+01
9.999886e-01 -9.670811e-04 -4.667781e-03 -2.077730e+01 9.772690e-04 9.999971e-01 2.180640e-03 1.732795e+00 4.665627e-03 -2.185182e-03 9.999868e-01 -5.141373e+01
9.999734e-01 1.131709e-03 7.209172e-03 -2.080839e+01 -1.116093e-03 9.999970e-01 -2.169894e-03 1.735299e+00 -7.211574e-03 2.161795e-03 9.999716e-01 -5.153670e+01
9.999899e-01 -8.591915e-04 -4.401434e-03 -2.076312e+01 8.678358e-04 9.999977e-01 1.962262e-03 1.733725e+00 4.399706e-03 -1.966067e-03 9.999885e-01 -5.162395e+01
9.999761e-01 9.883098e-04 6.836066e-03 -2.085174e+01 -9.749881e-04 9.999976e-01 -1.951921e-03 1.739447e+00 -6.837946e-03 1.945214e-03 9.999746e-01 -5.173164e+01
9.999896e-01 -8.314111e-04 -4.492451e-03 -2.094392e+01 8.408956e-04 9.999974e-01 2.109546e-03 1.747641e+00 4.490653e-03 -2.113307e-03 9.999878e-01 -5.195307e+01
9.999751e-01 1.010453e-03 6.981381e-03 -2.094092e+01 -9.964849e-04 9.999975e-01 -2.004130e-03 1.751654e+00 -6.983355e-03 1.997129e-03 9.999735e-01 -5.216139e+01
9.999897e-01 -8.088688e-04 -4.467018e-03 -2.073683e+01 8.172900e-04 9.999979e-01 1.883511e-03 1.739347e+00 4.465452e-03 -1.887148e-03 9.999883e-01 -5.206445e+01
9.999757e-01 8.554274e-04 6.925219e-03 -2.080383e+01 -8.433945e-04 9.999981e-01 -1.740408e-03 1.745541e+00 -6.926661e-03 1.734530e-03 9.999744e-01 -5.223671e+01
9.999884e-01 -7.772244e-04 -4.756738e-03 -2.102383e+01 7.863358e-04 9.999979e-01 1.913717e-03 1.759479e+00 4.755206e-03 -1.917440e-03 9.999870e-01 -5.248371e+01
9.999762e-01 9.190920e-04 6.842561e-03 -2.126628e+01 -9.070944e-04 9.999980e-01 -1.756408e-03 1.771651e+00 -6.844128e-03 1.750164e-03 9.999750e-01 -5.263223e+01
9.999893e-01 -7.949417e-04 -4.562496e-03 -2.148311e+01 8.033459e-04 9.999980e-01 1.840285e-03 1.783131e+00 4.560990e-03 -1.843936e-03 9.999880e-01 -5.279036e+01
9.999771e-01 7.917672e-04 6.713834e-03 -2.169152e+01 -7.802801e-04 9.999982e-01 -1.713554e-03 1.793751e+00 -6.715144e-03 1.708282e-03 9.999759e-01 -5.290905e+01
9.999896e-01 -7.193154e-04 -4.497759e-03 -2.188052e+01 7.273767e-04 9.999981e-01 1.790716e-03 1.803317e+00 4.496428e-03 -1.793975e-03 9.999884e-01 -5.301610e+01
9.999766e-01 8.470994e-04 6.789428e-03 -2.200956e+01 -8.349701e-04 9.999981e-01 -1.789270e-03 1.808344e+00 -6.790895e-03 1.783565e-03 9.999753e-01 -5.304108e+01
9.999910e-01 -6.859877e-04 -4.176577e-03 -2.197341e+01 6.931255e-04 9.999983e-01 1.707590e-03 1.804100e+00 4.175363e-03 -1.710475e-03 9.999899e-01 -5.298713e+01
9.999792e-01 8.857784e-04 6.382812e-03 -2.188866e+01 -8.737832e-04 9.999978e-01 -1.881982e-03 1.794647e+00 -6.384430e-03 1.876371e-03 9.999778e-01 -5.281805e+01
9.999903e-01 -6.626295e-04 -4.356413e-03 -2.181041e+01 6.702815e-04 9.999982e-01 1.755053e-03 1.784452e+00 4.355207e-03 -1.757962e-03 9.999891e-01 -5.261210e+01
9.999736e-01 7.661485e-04 7.229142e-03 -2.178788e+01 -7.529805e-04 9.999981e-01 -1.824184e-03 1.782625e+00 -7.230489e-03 1.818698e-03 9.999721e-01 -5.261879e+01
9.999875e-01 -7.180191e-04 -4.945613e-03 -2.186779e+01 7.277393e-04 9.999978e-01 1.963705e-03 1.789029e+00 4.944156e-03 -1.967285e-03 9.999859e-01 -5.274837e+01
9.999722e-01 7.815342e-04 7.409378e-03 -2.194964e+01 -7.671823e-04 9.999978e-01 -1.939769e-03 1.794017e+00 -7.410842e-03 1.934036e-03 9.999706e-01 -5.282502e+01
9.999874e-01 -6.752914e-04 -4.979829e-03 -2.191908e+01 6.845389e-04 9.999980e-01 1.855335e-03 1.790690e+00 4.978529e-03 -1.858726e-03 9.999860e-01 -5.276159e+01
9.999780e-01 9.222032e-04 6.571336e-03 -2.157389e+01 -9.083763e-04 9.999974e-01 -2.106935e-03 1.767903e+00 -6.573225e-03 2.100924e-03 9.999761e-01 -5.252212e+01
9.999908e-01 -6.693375e-04 -4.227434e-03 -2.104472e+01 6.764933e-04 9.999983e-01 1.691279e-03 1.736483e+00 4.226258e-03 -1.694129e-03 9.999897e-01 -5.228880e+01
9.999761e-01 9.524125e-04 6.850775e-03 -2.062008e+01 -9.385622e-04 9.999975e-01 -2.024791e-03 1.711731e+00 -6.852649e-03 2.018318e-03 9.999744e-01 -5.213242e+01
9.999899e-01 -7.463262e-04 -4.436455e-03 -2.034179e+01 7.541614e-04 9.999982e-01 1.764458e-03 1.693520e+00 4.435093e-03 -1.767791e-03 9.999887e-01 -5.197136e+01
9.999772e-01 9.738147e-04 6.674412e-03 -2.002241e+01 -9.605354e-04 9.999976e-01 -1.992652e-03 1.673831e+00 -6.676298e-03 1.986201e-03 9.999756e-01 -5.181748e+01
9.999806e-01 -8.614377e-04 -6.169152e-03 -1.980269e+01 8.732971e-04 9.999978e-01 1.919774e-03 1.655088e+00 6.167447e-03 -1.925129e-03 9.999792e-01 -5.149878e+01
9.999773e-01 9.996044e-04 6.664302e-03 -1.970085e+01 -9.863310e-04 9.999975e-01 -1.994857e-03 1.642317e+00 -6.666242e-03 1.988243e-03 9.999757e-01 -5.119984e+01
9.999904e-01 -7.787497e-04 -4.320066e-03 -1.943813e+01 7.864136e-04 9.999981e-01 1.772397e-03 1.625470e+00 4.318640e-03 -1.775783e-03 9.999892e-01 -5.105703e+01
9.999736e-01 1.054671e-03 7.194115e-03 -1.896393e+01 -1.039745e-03 9.999973e-01 -2.078333e-03 1.597535e+00 -7.196249e-03 2.070803e-03 9.999719e-01 -5.086769e+01
9.999901e-01 -7.825410e-04 -4.376666e-03 -1.855159e+01 7.906254e-04 9.999980e-01 1.845515e-03 1.572135e+00 4.375175e-03 -1.848962e-03 9.999888e-01 -5.067874e+01
9.999766e-01 1.029316e-03 6.757493e-03 -1.821440e+01 -1.015579e-03 9.999974e-01 -2.036040e-03 1.549919e+00 -6.759532e-03 2.029135e-03 9.999750e-01 -5.046548e+01
9.999925e-01 -7.619999e-04 -3.791324e-03 -1.780977e+01 7.689354e-04 9.999980e-01 1.827949e-03 1.526048e+00 3.789885e-03 -1.830855e-03 9.999912e-01 -5.031195e+01
9.999764e-01 1.030338e-03 6.793108e-03 -1.737378e+01 -1.016748e-03 9.999975e-01 -2.003849e-03 1.502160e+00 -6.795116e-03 1.996900e-03 9.999748e-01 -5.019954e+01
9.999913e-01 -8.021660e-04 -4.087382e-03 -1.711714e+01 8.100070e-04 9.999978e-01 1.916825e-03 1.487511e+00 4.085796e-03 -1.920124e-03 9.999899e-01 -5.011303e+01
9.999759e-01 1.025051e-03 6.864989e-03 -1.686117e+01 -1.010915e-03 9.999974e-01 -2.062527e-03 1.472730e+00 -6.867045e-03 2.055542e-03 9.999742e-01 -5.001702e+01
9.999912e-01 -7.858549e-04 -4.111264e-03 -1.655270e+01 7.939747e-04 9.999977e-01 1.973514e-03 1.455912e+00 4.109664e-03 -1.976766e-03 9.999897e-01 -4.993999e+01
9.999764e-01 1.006681e-03 6.798931e-03 -1.626560e+01 -9.929142e-04 9.999975e-01 -2.028044e-03 1.440344e+00 -6.800915e-03 2.021250e-03 9.999747e-01 -4.987334e+01
9.999910e-01 -8.863428e-04 -4.161071e-03 -1.610119e+01 8.946715e-04 9.999976e-01 1.999918e-03 1.432234e+00 4.159248e-03 -2.003627e-03 9.999894e-01 -4.986822e+01
9.999766e-01 9.623648e-04 6.769431e-03 -1.600558e+01 -9.490103e-04 9.999976e-01 -1.975863e-03 1.427742e+00 -6.771276e-03 1.969397e-03 9.999750e-01 -4.989267e+01
9.999904e-01 -9.016330e-04 -4.279482e-03 -1.599779e+01 9.105170e-04 9.999974e-01 2.074209e-03 1.427840e+00 4.277560e-03 -2.078091e-03 9.999888e-01 -4.994008e+01
9.999756e-01 9.694639e-04 6.919408e-03 -1.595999e+01 -9.555643e-04 9.999975e-01 -2.011959e-03 1.426310e+00 -6.921300e-03 2.005303e-03 9.999739e-01 -4.999444e+01
9.999905e-01 -9.653497e-04 -4.255256e-03 -1.606859e+01 9.744241e-04 9.999973e-01 2.130727e-03 1.434374e+00 4.253146e-03 -2.134858e-03 9.999888e-01 -5.016831e+01
9.999769e-01 9.990535e-04 6.725651e-03 -1.621002e+01 -9.857212e-04 9.999975e-01 -1.985485e-03 1.445203e+00 -6.727576e-03 1.978815e-03 9.999753e-01 -5.040602e+01
9.999911e-01 -8.746184e-04 -4.128782e-03 -1.621313e+01 8.837576e-04 9.999972e-01 2.211997e-03 1.448147e+00 4.126794e-03 -2.215631e-03 9.999891e-01 -5.058950e+01
9.999767e-01 9.433161e-04 6.755862e-03 -1.621587e+01 -9.295885e-04 9.999975e-01 -2.034969e-03 1.452342e+00 -6.757723e-03 2.028647e-03 9.999750e-01 -5.080145e+01
9.999901e-01 -8.763939e-04 -4.367209e-03 -1.631747e+01 8.861838e-04 9.999971e-01 2.240003e-03 1.460330e+00 4.365191e-03 -2.243856e-03 9.999881e-01 -5.099477e+01
9.999766e-01 9.587365e-04 6.779839e-03 -1.644431e+01 -9.443187e-04 9.999973e-01 -2.129618e-03 1.468081e+00 -6.781820e-03 2.123171e-03 9.999747e-01 -5.114205e+01
9.999906e-01 -8.576677e-04 -4.248146e-03 -1.656769e+01 8.671376e-04 9.999971e-01 2.227601e-03 1.476583e+00 4.246181e-03 -2.231269e-03 9.999886e-01 -5.131786e+01
9.999737e-01 1.062737e-03 7.179496e-03 -1.634584e+01 -1.045067e-03 9.999964e-01 -2.464570e-03 1.462839e+00 -7.182047e-03 2.457007e-03 9.999711e-01 -5.123324e+01
9.999894e-01 -8.408945e-04 -4.530691e-03 -1.612321e+01 8.508808e-04 9.999972e-01 2.202427e-03 1.448611e+00 4.528783e-03 -2.206264e-03 9.999874e-01 -5.112013e+01
9.999743e-01 9.452084e-04 7.103793e-03 -1.615172e+01 -9.291935e-04 9.999970e-01 -2.257546e-03 1.450593e+00 -7.105862e-03 2.250892e-03 9.999721e-01 -5.116289e+01
9.999898e-01 -7.986708e-04 -4.443830e-03 -1.612320e+01 8.087114e-04 9.999971e-01 2.257867e-03 1.449626e+00 4.441970e-03 -2.261443e-03 9.999877e-01 -5.121292e+01
9.999754e-01 8.917255e-04 6.958234e-03 -1.622354e+01 -8.774325e-04 9.999975e-01 -2.057056e-03 1.458999e+00 -6.960007e-03 2.050905e-03 9.999736e-01 -5.146163e+01
9.999895e-01 -7.126911e-04 -4.519457e-03 -1.641341e+01 7.227222e-04 9.999973e-01 2.218044e-03 1.472402e+00 4.517819e-03 -2.221292e-03 9.999874e-01 -5.175046e+01
9.999728e-01 8.863758e-04 7.315119e-03 -1.663904e+01 -8.700342e-04 9.999971e-01 -2.236987e-03 1.487631e+00 -7.317036e-03 2.230567e-03 9.999706e-01 -5.205863e+01
9.999880e-01 -8.501264e-04 -4.834803e-03 -1.681183e+01 8.612866e-04 9.999970e-01 2.306458e-03 1.498743e+00 4.832783e-03 -2.310599e-03 9.999857e-01 -5.223498e+01
9.999730e-01 8.366828e-04 7.302176e-03 -1.701689e+01 -8.202465e-04 9.999971e-01 -2.253742e-03 1.511229e+00 -7.303996e-03 2.247696e-03 9.999707e-01 -5.242510e+01
9.999888e-01 -7.293333e-04 -4.668469e-03 -1.720233e+01 7.398090e-04 9.999972e-01 2.242351e-03 1.521129e+00 4.666776e-03 -2.245785e-03 9.999867e-01 -5.254780e+01
9.999763e-01 7.382825e-04 6.843107e-03 -1.741220e+01 -7.242696e-04 9.999976e-01 -2.050182e-03 1.534813e+00 -6.844559e-03 2.045182e-03 9.999744e-01 -5.276336e+01
9.999895e-01 -7.088398e-04 -4.528561e-03 -1.774736e+01 7.189573e-04 9.999972e-01 2.232652e-03 1.554137e+00 4.526921e-03 -2.235889e-03 9.999873e-01 -5.308167e+01
9.999776e-01 7.886702e-04 6.639627e-03 -1.787518e+01 -7.736994e-04 9.999972e-01 -2.257214e-03 1.559084e+00 -6.641343e-03 2.252032e-03 9.999753e-01 -5.308008e+01
9.999899e-01 -7.530537e-04 -4.430835e-03 -1.799888e+01 7.632580e-04 9.999971e-01 2.301514e-03 1.565514e+00 4.429043e-03 -2.304878e-03 9.999876e-01 -5.313079e+01
9.999769e-01 8.058721e-04 6.750972e-03 -1.811596e+01 -7.900687e-04 9.999969e-01 -2.343426e-03 1.570760e+00 -6.752794e-03 2.338044e-03 9.999744e-01 -5.314344e+01
9.999915e-01 -7.612158e-04 -4.046139e-03 -1.834420e+01 7.705999e-04 9.999970e-01 2.317928e-03 1.586162e+00 4.044317e-03 -2.321032e-03 9.999892e-01 -5.343696e+01
9.999775e-01 9.900073e-04 6.626933e-03 -1.829241e+01 -9.735016e-04 9.999964e-01 -2.493654e-03 1.581231e+00 -6.629332e-03 2.487152e-03 9.999748e-01 -5.335013e+01
9.999920e-01 -7.877712e-04 -3.934271e-03 -1.811499e+01 7.966006e-04 9.999972e-01 2.242876e-03 1.570392e+00 3.932447e-03 -2.245997e-03 9.999898e-01 -5.327334e+01
9.999742e-01 9.601839e-04 7.113068e-03 -1.787850e+01 -9.423853e-04 9.999964e-01 -2.505341e-03 1.558420e+00 -7.115401e-03 2.498578e-03 9.999715e-01 -5.326253e+01
9.999915e-01 -8.206370e-04 -4.031905e-03 -1.761260e+01 8.303886e-04 9.999967e-01 2.417232e-03 1.548692e+00 4.029861e-03 -2.420565e-03 9.999890e-01 -5.339407e+01
9.999727e-01 1.086233e-03 7.312696e-03 -1.735648e+01 -1.067151e-03 9.999960e-01 -2.613029e-03 1.533796e+00 -7.315457e-03 2.605159e-03 9.999698e-01 -5.332485e+01
9.999919e-01 -7.591179e-04 -3.946679e-03 -1.698196e+01 7.691980e-04 9.999964e-01 2.552887e-03 1.510631e+00 3.944679e-03 -2.555907e-03 9.999890e-01 -5.319311e+01
9.999721e-01 1.097852e-03 7.387803e-03 -1.656440e+01 -1.078486e-03 9.999960e-01 -2.625044e-03 1.486267e+00 -7.390607e-03 2.617008e-03 9.999692e-01 -5.309055e+01
9.999930e-01 -6.635448e-04 -3.696187e-03 -1.592448e+01 6.729574e-04 9.999965e-01 2.545578e-03 1.456633e+00 3.694436e-03 -2.548052e-03 9.999900e-01 -5.315794e+01
9.999762e-01 9.627441e-04 6.832608e-03 -1.549531e+01 -9.449559e-04 9.999962e-01 -2.606371e-03 1.432825e+00 -6.835043e-03 2.599858e-03 9.999732e-01 -5.307845e+01
9.999935e-01 -6.549271e-04 -3.554913e-03 -1.508950e+01 6.638304e-04 9.999966e-01 2.503553e-03 1.412822e+00 3.553213e-03 -2.505901e-03 9.999906e-01 -5.306997e+01
9.999762e-01 9.241655e-04 6.840442e-03 -1.475600e+01 -9.058617e-04 9.999960e-01 -2.678624e-03 1.394562e+00 -6.842841e-03 2.672369e-03 9.999729e-01 -5.301222e+01
9.999932e-01 -6.354141e-04 -3.643986e-03 -1.444070e+01 6.447586e-04 9.999965e-01 2.563436e-03 1.375668e+00 3.642295e-03 -2.565773e-03 9.999902e-01 -5.291105e+01
9.999753e-01 9.381170e-04 6.960990e-03 -1.414049e+01 -9.199112e-04 9.999961e-01 -2.618331e-03 1.358511e+00 -6.963370e-03 2.611868e-03 9.999723e-01 -5.284182e+01
9.999945e-01 -5.540414e-04 -3.266284e-03 -1.366920e+01 5.619371e-04 9.999969e-01 2.416531e-03 1.332747e+00 3.264885e-03 -2.418358e-03 9.999918e-01 -5.277055e+01
9.999766e-01 8.778330e-04 6.784013e-03 -1.329733e+01 -8.599780e-04 9.999962e-01 -2.634600e-03 1.311848e+00 -6.786249e-03 2.628709e-03 9.999734e-01 -5.270329e+01
9.999943e-01 -5.787985e-04 -3.339407e-03 -1.294400e+01 5.869697e-04 9.999968e-01 2.446041e-03 1.293122e+00 3.337930e-03 -2.447992e-03 9.999915e-01 -5.266218e+01
9.999779e-01 8.606610e-04 6.590582e-03 -1.266203e+01 -8.436416e-04 9.999963e-01 -2.584932e-03 1.279116e+00 -6.592731e-03 2.579320e-03 9.999748e-01 -5.265114e+01
9.999935e-01 -5.328548e-04 -3.575041e-03 -1.230376e+01 5.418557e-04 9.999967e-01 2.516849e-03 1.261014e+00 3.573637e-03 -2.518775e-03 9.999905e-01 -5.262415e+01
9.999746e-01 8.973193e-04 7.069462e-03 -1.171142e+01 -8.792758e-04 9.999963e-01 -2.555219e-03 1.232596e+00 -7.071678e-03 2.548943e-03 9.999717e-01 -5.263502e+01
