9.999996e-01 -1.297160e-05 -9.013252e-04 -1.052147e-01 1.287393e-05 1.000000e+00 -1.083415e-04 -8.788208e-03 9.013266e-04 1.083294e-04 9.999997e-01 4.926693e-01
9.999998e-01 -2.020273e-05 6.478126e-04 -1.916592e-01 2.024790e-05 1.000000e+00 -6.968916e-05 -1.492250e-02 -6.478112e-04 6.970271e-05 9.999997e-01 8.638445e-01
9.999985e-01 3.310596e-04 -1.707138e-03 -1.718950e-01 -3.308481e-04 9.999999e-01 1.241518e-04 -3.084400e-02 1.707179e-03 -1.235872e-04 9.999986e-01 1.440334e+00
9.999999e-01 2.967658e-04 2.986398e-04 -4.564282e-02 -2.968136e-04 9.999999e-01 1.600595e-04 -5.549473e-02 -2.985926e-04 -1.601477e-04 9.999998e-01 2.179975e+00
9.999999e-01 -1.143374e-04 3.981640e-04 4.130213e-03 1.144402e-04 1.000000e+00 -2.582924e-04 -6.522263e-02 -3.981342e-04 2.583374e-04 1.000000e+00 2.475184e+00
9.999997e-01 5.868909e-05 7.288846e-04 -2.887871e-02 -5.866286e-05 1.000000e+00 -3.597693e-05 -6.642217e-02 -7.288868e-04 3.593460e-05 9.999996e-01 2.602886e+00
9.999997e-01 -1.491724e-04 7.571309e-04 -6.054475e-02 1.493603e-04 1.000000e+00 -2.481547e-04 -6.583398e-02 -7.570939e-04 2.482673e-04 9.999998e-01 2.683772e+00
9.999998e-01 1.112527e-04 5.589149e-04 -9.123309e-02 -1.112371e-04 1.000000e+00 -2.790192e-05 -6.592404e-02 -5.589179e-04 2.784013e-05 9.999997e-01 2.787883e+00
9.999994e-01 -1.626306e-04 1.075823e-03 -5.493942e-02 1.628943e-04 1.000000e+00 -2.450373e-04 -6.862531e-02 -1.075784e-03 2.452120e-04 9.999995e-01 2.863932e+00
9.999999e-01 1.038885e-04 4.072284e-04 -7.692916e-02 -1.038799e-04 1.000000e+00 -2.111359e-05 -6.909864e-02 -4.072301e-04 2.107162e-05 9.999998e-01 2.957631e+00
9.999985e-01 -1.541524e-04 1.699979e-03 -2.975424e-02 1.546429e-04 9.999999e-01 -2.884109e-04 -7.047591e-02 -1.699935e-03 2.886731e-04 9.999986e-01 2.962142e+00
1.000000e+00 8.796738e-05 -6.108811e-05 -4.471709e-02 -8.796454e-05 1.000000e+00 4.621971e-05 -7.125077e-02 6.109301e-05 -4.621406e-05 9.999999e-01 3.047163e+00
9.999990e-01 -5.977009e-05 1.447265e-03 -4.436039e-02 6.017971e-05 1.000000e+00 -2.829995e-04 -7.455356e-02 -1.447249e-03 2.830860e-04 9.999990e-01 3.176138e+00
1.000000e+00 4.037605e-05 -2.444384e-04 -7.387278e-02 -4.036978e-05 1.000000e+00 2.557740e-05 -7.637069e-02 2.444405e-04 -2.556730e-05 9.999999e-01 3.309548e+00
9.999981e-01 1.093671e-05 1.950295e-03 -3.405754e-02 -1.056571e-05 1.000000e+00 -1.902440e-04 -8.050493e-02 -1.950298e-03 1.902228e-04 9.999982e-01 3.421740e+00
1.000000e+00 -1.282711e-04 -1.169263e-06 -8.476007e-02 1.282710e-04 1.000000e+00 -6.277297e-05 -7.769857e-02 1.178772e-06 6.277301e-05 9.999999e-01 3.424249e+00
9.999996e-01 1.411129e-04 8.604312e-04 -1.493123e-01 -1.408961e-04 1.000000e+00 -2.520351e-04 -7.877518e-02 -8.604683e-04 2.519136e-04 9.999997e-01 3.581503e+00
9.999995e-01 5.085696e-04 -8.401715e-04 6.138936e-03 -5.083809e-04 9.999998e-01 2.247548e-04 -9.937077e-02 8.402872e-04 -2.243274e-04 9.999995e-01 4.070102e+00
9.999982e-01 4.556541e-04 1.827551e-03 2.978320e-01 -4.556202e-04 9.999999e-01 -1.896725e-05 -1.236157e-01 -1.827561e-03 1.813437e-05 9.999984e-01 4.446722e+00
9.999999e-01 -5.287439e-04 -5.904949e-05 2.877556e-01 5.287284e-04 9.999998e-01 -2.629105e-04 -1.235645e-01 5.919031e-05 2.628794e-04 9.999999e-01 4.501912e+00
9.999987e-01 4.229703e-04 1.547115e-03 2.095561e-01 -4.230282e-04 9.999999e-01 3.703906e-05 -1.207081e-01 -1.547102e-03 -3.769361e-05 9.999989e-01 4.554156e+00
9.999998e-01 -4.925722e-04 -3.004028e-04 1.319681e-01 4.924801e-04 9.999998e-01 -3.067392e-04 -1.195121e-01 3.005560e-04 3.065913e-04 9.999998e-01 4.666495e+00
9.999996e-01 4.073372e-04 7.935886e-04 -1.722602e-02 -4.072690e-04 9.999999e-01 -8.602280e-05 -1.172374e-01 -7.936258e-04 8.569950e-05 9.999998e-01 4.846859e+00
9.999997e-01 -5.434762e-04 5.063163e-04 -1.865873e-01 5.435177e-04 9.999998e-01 -8.182177e-05 -1.109099e-01 -5.062695e-04 8.209698e-05 9.999998e-01 4.884361e+00
9.999996e-01 4.225108e-04 7.503269e-04 -2.875945e-01 -4.223355e-04 9.999999e-01 -2.337762e-04 -1.083417e-01 -7.504280e-04 2.334592e-04 9.999998e-01 4.986728e+00
9.999992e-01 -5.515441e-04 1.143003e-03 -3.806445e-01 5.515505e-04 9.999998e-01 -5.319129e-06 -1.041208e-01 -1.142998e-03 5.949534e-06 9.999992e-01 4.994479e+00
9.999992e-01 4.283114e-04 1.194472e-03 -4.710076e-01 -4.280110e-04 9.999999e-01 -2.517976e-04 -9.810772e-02 -1.194583e-03 2.512862e-04 9.999994e-01 4.919908e+00
9.999994e-01 -5.801273e-04 9.600934e-04 -5.940924e-01 5.801111e-04 9.999998e-01 1.715453e-05 -9.111043e-02 -9.601001e-04 -1.659762e-05 9.999994e-01 4.861431e+00
9.999992e-01 4.106711e-04 1.217077e-03 -6.973675e-01 -4.103506e-04 9.999999e-01 -2.635923e-04 -8.565215e-02 -1.217188e-03 2.630928e-04 9.999993e-01 4.827404e+00
9.999994e-01 -5.907756e-04 8.722825e-04 -8.202251e-01 5.907559e-04 9.999998e-01 2.284733e-05 -7.928714e-02 -8.722923e-04 -2.233213e-05 9.999995e-01 4.788863e+00
9.999993e-01 3.995618e-04 1.092216e-03 -9.580970e-01 -3.992910e-04 9.999999e-01 -2.481718e-04 -7.265690e-02 -1.092319e-03 2.477357e-04 9.999995e-01 4.762539e+00
9.999993e-01 -6.123771e-04 9.720017e-04 -1.087442e+00 6.123374e-04 9.999998e-01 4.109758e-05 -6.575723e-02 -9.720228e-04 -4.050252e-05 9.999994e-01 4.710517e+00
9.999996e-01 4.223029e-04 8.438082e-04 -1.231569e+00 -4.221093e-04 9.999999e-01 -2.296652e-04 -5.825470e-02 -8.439092e-04 2.293091e-04 9.999997e-01 4.660568e+00
9.999991e-01 -5.974178e-04 1.187185e-03 -1.353670e+00 5.974218e-04 9.999998e-01 -2.944700e-06 -5.178686e-02 -1.187178e-03 3.653746e-06 9.999992e-01 4.616826e+00
9.999998e-01 5.293909e-04 2.024580e-04 -1.414300e+00 -5.293394e-04 9.999998e-01 -2.544140e-04 -5.110264e-02 -2.025971e-04 2.543070e-04 1.000000e+00 4.714963e+00
9.999981e-01 -6.484577e-04 1.823532e-03 -1.449126e+00 6.485034e-04 9.999998e-01 -2.449521e-05 -5.002726e-02 -1.823512e-03 2.567747e-05 9.999982e-01 4.751300e+00
9.999995e-01 5.062155e-04 9.129957e-04 -1.510958e+00 -5.059401e-04 9.999998e-01 -3.018456e-04 -4.382815e-02 -9.131532e-04 3.013838e-04 9.999996e-01 4.618244e+00
9.999984e-01 -5.898456e-04 1.669546e-03 -1.587546e+00 5.897934e-04 9.999998e-01 3.175490e-05 -3.660287e-02 -1.669559e-03 -3.077048e-05 9.999985e-01 4.462037e+00
9.999993e-01 5.206771e-04 1.016587e-03 -1.635427e+00 -5.203973e-04 9.999998e-01 -2.754502e-04 -3.036217e-02 -1.016735e-03 2.749213e-04 9.999995e-01 4.284375e+00
9.999994e-01 -6.844041e-04 8.132643e-04 -1.788718e+00 6.842684e-04 9.999998e-01 1.670628e-04 -2.162681e-02 -8.133729e-04 -1.665066e-04 9.999996e-01 4.194097e+00
9.999996e-01 4.141862e-04 7.667680e-04 -2.011140e+00 -4.139798e-04 9.999999e-01 -2.693878e-04 -1.100958e-02 -7.668852e-04 2.690706e-04 9.999998e-01 4.113513e+00
9.999993e-01 -6.687978e-04 9.479393e-04 -2.236636e+00 6.686107e-04 9.999998e-01 1.977277e-04 1.184417e-03 -9.480654e-04 -1.970942e-04 9.999994e-01 3.976067e+00
9.999998e-01 5.215346e-04 4.129079e-04 -2.337176e+00 -5.213564e-04 9.999998e-01 -4.315387e-04 3.926132e-03 -4.131389e-04 4.313237e-04 9.999999e-01 4.058806e+00
9.999993e-01 -5.395344e-04 1.015629e-03 -2.379962e+00 5.393361e-04 9.999998e-01 1.955546e-04 3.849985e-03 -1.015728e-03 -1.950072e-04 9.999994e-01 4.150614e+00
9.999988e-01 4.455799e-04 1.495086e-03 -2.479762e+00 -4.449817e-04 9.999998e-01 -4.004463e-04 1.215941e-02 -1.495270e-03 3.997810e-04 9.999989e-01 3.999735e+00
9.999992e-01 -4.965402e-04 1.176278e-03 -2.596634e+00 4.962167e-04 9.999998e-01 2.753076e-04 2.313087e-02 -1.176407e-03 -2.747241e-04 9.999992e-01 3.761597e+00
9.999988e-01 4.181971e-04 1.468058e-03 -2.730244e+00 -4.175907e-04 9.999998e-01 -4.133482e-04 3.466135e-02 -1.468238e-03 4.127352e-04 9.999989e-01 3.528952e+00
9.999996e-01 -5.537542e-04 7.271974e-04 -2.824897e+00 5.536594e-04 9.999998e-01 1.306570e-04 4.165031e-02 -7.272625e-04 -1.302548e-04 9.999996e-01 3.438151e+00
9.999993e-01 4.194687e-04 1.110353e-03 -2.905417e+00 -4.189657e-04 9.999998e-01 -4.531994e-04 4.512831e-02 -1.110550e-03 4.527344e-04 9.999994e-01 3.473974e+00
9.999991e-01 -5.562916e-04 1.196126e-03 -3.012321e+00 5.560437e-04 9.999998e-01 2.076127e-04 5.294548e-02 -1.196234e-03 -2.069480e-04 9.999992e-01 3.356792e+00
9.999993e-01 3.142338e-04 1.183471e-03 -3.072667e+00 -3.136691e-04 9.999998e-01 -4.772942e-04 5.715443e-02 -1.183628e-03 4.769232e-04 9.999993e-01 3.321971e+00
9.999994e-01 -4.049796e-04 9.871367e-04 -3.053191e+00 4.047959e-04 9.999999e-01 1.863074e-04 5.584225e-02 -9.872040e-04 -1.859084e-04 9.999994e-01 3.352776e+00
9.999993e-01 3.444732e-04 1.146283e-03 -3.011291e+00 -3.439686e-04 9.999998e-01 -4.404216e-04 5.317378e-02 -1.146443e-03 4.400277e-04 9.999993e-01 3.399374e+00
9.999991e-01 1.005793e-04 1.346342e-03 -2.706525e+00 -1.009624e-04 1.000000e+00 2.845483e-04 3.598583e-02 -1.346305e-03 -2.846846e-04 9.999990e-01 3.510645e+00
9.999988e-01 2.816199e-04 1.527103e-03 -2.493183e+00 -2.807731e-04 9.999998e-01 -5.547347e-04 2.594115e-02 -1.527267e-03 5.543059e-04 9.999988e-01 3.530459e+00
9.999995e-01 -3.473205e-04 9.569320e-04 -2.519870e+00 3.471313e-04 9.999999e-01 1.978853e-04 2.970261e-02 -9.569916e-04 -1.975537e-04 9.999994e-01 3.436606e+00
9.999985e-01 4.109651e-04 1.712062e-03 -2.429418e+00 -4.099481e-04 9.999997e-01 -5.943995e-04 2.790533e-02 -1.712315e-03 5.936974e-04 9.999985e-01 3.341144e+00
9.999995e-01 -3.123692e-04 9.742500e-04 -2.316762e+00 3.121644e-04 9.999999e-01 2.103914e-04 2.606612e-02 -9.743061e-04 -2.100880e-04 9.999994e-01 3.210995e+00
9.999994e-01 2.579507e-04 1.097072e-03 -2.297577e+00 -2.574005e-04 9.999998e-01 -5.016874e-04 2.636609e-02 -1.097211e-03 5.014055e-04 9.999994e-01 3.200191e+00
9.999994e-01 -1.759924e-04 1.079883e-03 -2.166247e+00 1.757615e-04 1.000000e+00 2.139359e-04 2.010483e-02 -1.079911e-03 -2.137468e-04 9.999993e-01 3.207977e+00
9.999997e-01 2.220541e-04 7.749594e-04 -2.078240e+00 -2.216753e-04 9.999999e-01 -4.889006e-04 1.479169e-02 -7.750780e-04 4.887296e-04 9.999997e-01 3.260101e+00
9.999994e-01 -1.835325e-04 1.058570e-03 -2.021539e+00 1.832807e-04 1.000000e+00 2.380153e-04 1.078690e-02 -1.058603e-03 -2.378221e-04 9.999993e-01 3.312766e+00
9.999992e-01 3.616356e-04 1.185044e-03 -1.825298e+00 -3.610221e-04 9.999998e-01 -5.179641e-04 1.035723e-03 -1.185241e-03 5.175368e-04 9.999993e-01 3.324276e+00
9.999992e-01 8.881780e-05 1.248729e-03 -1.465085e+00 -8.904862e-05 1.000000e+00 1.848440e-04 -1.583519e-02 -1.248702e-03 -1.849560e-04 9.999991e-01 3.316445e+00
9.999993e-01 2.848523e-04 1.106906e-03 -1.120124e+00 -2.842801e-04 9.999998e-01 -5.171661e-04 -3.305863e-02 -1.107064e-03 5.168521e-04 9.999994e-01 3.344048e+00
9.999993e-01 -8.837471e-05 1.209166e-03 -9.098108e-01 8.810749e-05 1.000000e+00 2.211079e-04 -4.411158e-02 -1.209175e-03 -2.210022e-04 9.999991e-01 3.378186e+00
9.999991e-01 3.908793e-04 1.257955e-03 -6.450594e-01 -3.902534e-04 9.999998e-01 -4.978760e-04 -5.782112e-02 -1.258161e-03 4.973857e-04 9.999992e-01 3.415078e+00
9.999995e-01 -1.987373e-04 9.384685e-04 -4.909367e-01 1.985074e-04 1.000000e+00 2.451251e-04 -6.669777e-02 -9.385054e-04 -2.449398e-04 9.999994e-01 3.474401e+00
9.999996e-01 4.285302e-04 7.571934e-04 -3.961211e-01 -4.282104e-04 9.999998e-01 -4.225953e-04 -7.515371e-02 -7.573863e-04 4.222720e-04 9.999997e-01 3.615660e+00
9.999985e-01 -9.156593e-05 1.730108e-03 -1.314457e-01 9.126811e-05 1.000000e+00 1.722680e-04 -8.937130e-02 -1.730111e-03 -1.721109e-04 9.999984e-01 3.667030e+00
9.999996e-01 3.978793e-04 7.605212e-04 1.342268e-01 -3.975467e-04 9.999998e-01 -4.375595e-04 -1.034528e-01 -7.607076e-04 4.372581e-04 9.999997e-01 3.708656e+00
9.999987e-01 -1.341487e-04 1.585840e-03 3.265782e-01 1.337908e-04 1.000000e+00 2.258510e-04 -1.142435e-01 -1.585858e-03 -2.256397e-04 9.999986e-01 3.769217e+00
9.999997e-01 3.469685e-04 7.416351e-04 5.089525e-01 -3.465810e-04 9.999998e-01 -5.225814e-04 -1.242252e-01 -7.418292e-04 5.223253e-04 9.999997e-01 3.818483e+00
9.999984e-01 -1.163762e-04 1.802254e-03 7.223862e-01 1.159674e-04 1.000000e+00 2.269644e-04 -1.343908e-01 -1.802268e-03 -2.267562e-04 9.999983e-01 3.821724e+00
9.999997e-01 3.993332e-04 6.080243e-04 9.687375e-01 -3.990291e-04 9.999998e-01 -5.002692e-04 -1.483067e-01 -6.082374e-04 5.000276e-04 9.999998e-01 3.890316e+00
9.999990e-01 -2.178254e-04 1.366762e-03 1.114104e+00 2.174976e-04 9.999999e-01 2.400273e-04 -1.580544e-01 -1.366801e-03 -2.397311e-04 9.999989e-01 3.985109e+00
9.999995e-01 4.093714e-04 8.679508e-04 1.287346e+00 -4.089114e-04 9.999998e-01 -5.302209e-04 -1.680423e-01 -8.681815e-04 5.298670e-04 9.999996e-01 4.051652e+00
9.999987e-01 -8.704815e-05 1.596478e-03 1.562554e+00 8.660498e-05 1.000000e+00 2.777292e-04 -1.828529e-01 -1.596488e-03 -2.775919e-04 9.999986e-01 4.106396e+00
9.999993e-01 4.544735e-04 1.111506e-03 1.898960e+00 -4.538209e-04 9.999997e-01 -5.873620e-04 -2.001640e-01 -1.111787e-03 5.868585e-04 9.999993e-01 4.145954e+00
9.999988e-01 -7.882131e-05 1.575707e-03 2.253244e+00 7.839487e-05 1.000000e+00 2.707685e-04 -2.174254e-01 -1.575714e-03 -2.706460e-04 9.999986e-01 4.160045e+00
9.999994e-01 2.777906e-04 1.061094e-03 2.470745e+00 -2.771158e-04 9.999998e-01 -6.362290e-04 -2.266980e-01 -1.061285e-03 6.359360e-04 9.999993e-01 4.116182e+00
9.999983e-01 -1.393670e-04 1.829164e-03 2.619491e+00 1.389567e-04 1.000000e+00 2.245218e-04 -2.302622e-01 -1.829180e-03 -2.242687e-04 9.999982e-01 3.980613e+00
9.999994e-01 2.242759e-04 1.051706e-03 2.738236e+00 -2.236298e-04 9.999998e-01 -6.145724e-04 -2.328096e-01 -1.051859e-03 6.143383e-04 9.999994e-01 3.863139e+00
9.999987e-01 -1.840060e-04 1.616754e-03 2.821165e+00 1.836079e-04 1.000000e+00 2.464287e-04 -2.340946e-01 -1.616783e-03 -2.461330e-04 9.999986e-01 3.758623e+00
9.999999e-01 8.441703e-05 4.273796e-04 2.806852e+00 -8.420088e-05 9.999999e-01 -5.060735e-04 -2.331256e-01 -4.274382e-04 5.060390e-04 9.999999e-01 3.776757e+00
9.999977e-01 -1.132199e-04 2.153272e-03 2.830688e+00 1.128236e-04 1.000000e+00 1.842087e-04 -2.309905e-01 -2.153277e-03 -1.839669e-04 9.999976e-01 3.653628e+00
9.999993e-01 1.029406e-04 1.147137e-03 2.768256e+00 -1.022777e-04 9.999998e-01 -5.780913e-04 -2.216107e-01 -1.147212e-03 5.779752e-04 9.999993e-01 3.378233e+00
9.999987e-01 -7.898017e-05 1.613759e-03 2.764909e+00 7.857412e-05 1.000000e+00 2.517735e-04 -2.178322e-01 -1.613762e-03 -2.516480e-04 9.999986e-01 3.209700e+00
9.999994e-01 1.201931e-04 1.085357e-03 2.871491e+00 -1.194525e-04 9.999998e-01 -6.825145e-04 -2.203697e-01 -1.085455e-03 6.823861e-04 9.999993e-01 3.127413e+00
9.999987e-01 -5.343552e-06 1.605519e-03 3.023349e+00 4.929570e-06 1.000000e+00 2.579579e-04 -2.248949e-01 -1.605503e-03 -2.579514e-04 9.999986e-01 3.039007e+00
9.999997e-01 9.759435e-05 7.181552e-04 3.166905e+00 -9.716791e-05 9.999998e-01 -5.940429e-04 -2.310970e-01 -7.182305e-04 5.939747e-04 9.999997e-01 3.031359e+00
9.999980e-01 1.480614e-04 1.973658e-03 3.438653e+00 -1.484463e-04 1.000000e+00 1.949411e-04 -2.423066e-01 -1.973612e-03 -1.952354e-04 9.999979e-01 2.987856e+00
9.999998e-01 7.088453e-05 6.207165e-04 3.681960e+00 -7.053221e-05 9.999998e-01 -5.678826e-04 -2.526879e-01 -6.207747e-04 5.678405e-04 9.999997e-01 2.962084e+00
9.999985e-01 8.317512e-05 1.717287e-03 3.919286e+00 -8.355226e-05 1.000000e+00 2.196556e-04 -2.636682e-01 -1.717250e-03 -2.198006e-04 9.999984e-01 2.967303e+00
9.999995e-01 4.085107e-05 1.019389e-03 4.099384e+00 -4.019066e-05 9.999998e-01 -6.480434e-04 -2.696594e-01 -1.019434e-03 6.480039e-04 9.999994e-01 2.895908e+00
9.999985e-01 1.996004e-05 1.748400e-03 4.234484e+00 -2.029316e-05 1.000000e+00 1.906263e-04 -2.737573e-01 -1.748377e-03 -1.906634e-04 9.999984e-01 2.830864e+00
9.999996e-01 -2.360718e-05 8.399010e-04 4.301247e+00 2.409068e-05 9.999998e-01 -5.758943e-04 -2.750823e-01 -8.399063e-04 5.759163e-04 9.999996e-01 2.759277e+00
9.999992e-01 6.152644e-05 1.224063e-03 4.386929e+00 -6.193955e-05 9.999999e-01 3.376308e-04 -2.803974e-01 -1.224023e-03 -3.377083e-04 9.999991e-01 2.821892e+00
9.999997e-01 1.899291e-05 7.444719e-04 4.518539e+00 -1.854540e-05 9.999998e-01 -6.013980e-04 -2.881185e-01 -7.445026e-04 6.013860e-04 9.999996e-01 2.887116e+00
9.999992e-01 -2.410919e-05 1.286547e-03 4.611697e+00 2.369307e-05 9.999999e-01 3.236270e-04 -2.919038e-01 -1.286535e-03 -3.235983e-04 9.999990e-01 2.900416e+00
9.999999e-01 -6.646562e-05 3.744373e-04 4.625559e+00 6.668114e-05 9.999998e-01 -5.761860e-04 -2.930993e-01 -3.744187e-04 5.762130e-04 9.999999e-01 2.961029e+00
9.999994e-01 1.174075e-04 1.078429e-03 4.656451e+00 -1.177916e-04 9.999999e-01 3.563352e-04 -2.967694e-01 -1.078367e-03 -3.564641e-04 9.999993e-01 3.059734e+00
1.000000e+00 -1.423032e-05 1.699782e-04 4.723333e+00 1.432298e-05 9.999999e-01 -5.464818e-04 -3.033892e-01 -1.699904e-04 5.464863e-04 9.999999e-01 3.198293e+00
9.999998e-01 2.854310e-05 6.428403e-04 4.746541e+00 -2.882486e-05 9.999999e-01 4.386745e-04 -3.111096e-01 -6.428076e-04 -4.386951e-04 9.999996e-01 3.459457e+00
9.999998e-01 2.137757e-04 6.663946e-04 4.881369e+00 -2.133691e-04 9.999998e-01 -6.105987e-04 -3.216735e-01 -6.665452e-04 6.104585e-04 9.999997e-01 3.626210e+00
9.999994e-01 -7.205766e-06 1.084242e-03 5.037132e+00 6.780726e-06 9.999999e-01 3.922440e-04 -3.316605e-01 -1.084225e-03 -3.922385e-04 9.999992e-01 3.720230e+00
9.999999e-01 4.632559e-05 4.798447e-04 5.129950e+00 -4.601279e-05 9.999998e-01 -6.523689e-04 -3.369661e-01 -4.798954e-04 6.523489e-04 9.999998e-01 3.782248e+00
9.999994e-01 5.533466e-05 1.089172e-03 5.246038e+00 -5.572452e-05 9.999999e-01 3.581528e-04 -3.426052e-01 -1.089132e-03 -3.582155e-04 9.999992e-01 3.820031e+00
9.999997e-01 1.686670e-04 7.695189e-04 5.465089e+00 -1.681375e-04 9.999997e-01 -6.884650e-04 -3.510449e-01 -7.696557e-04 6.883376e-04 9.999996e-01 3.797060e+00
9.999993e-01 2.445203e-04 1.198950e-03 5.800148e+00 -2.448502e-04 9.999999e-01 2.751980e-04 -3.624489e-01 -1.198862e-03 -2.754937e-04 9.999991e-01 3.702753e+00
9.999998e-01 1.677021e-04 5.735512e-04 6.115510e+00 -1.673360e-04 9.999998e-01 -6.386873e-04 -3.766689e-01 -5.736795e-04 6.385935e-04 9.999997e-01 3.699273e+00
9.999995e-01 1.622457e-05 1.032809e-03 6.286793e+00 -1.658866e-05 9.999999e-01 3.527844e-04 -3.848956e-01 -1.032782e-03 -3.528037e-04 9.999993e-01 3.730747e+00
9.999998e-01 -5.713228e-07 5.766013e-04 6.358857e+00 8.988771e-07 9.999998e-01 -5.685446e-04 -3.890607e-01 -5.766225e-04 5.685474e-04 9.999998e-01 3.789286e+00
9.999995e-01 5.482059e-05 1.021043e-03 6.438013e+00 -5.517049e-05 9.999999e-01 3.429430e-04 -3.942808e-01 -1.021003e-03 -3.430015e-04 9.999993e-01 3.863259e+00
9.999998e-01 9.360902e-05 7.023973e-04 6.581272e+00 -9.320336e-05 9.999998e-01 -5.779464e-04 -4.024843e-01 -7.024732e-04 5.778831e-04 9.999997e-01 3.923540e+00
9.999995e-01 -6.467220e-05 9.589191e-04 6.656131e+00 6.433447e-05 9.999999e-01 3.525363e-04 -4.071684e-01 -9.589198e-04 -3.524768e-04 9.999994e-01 3.989119e+00
9.999998e-01 3.803791e-05 7.031715e-04 6.720709e+00 -3.761135e-05 9.999998e-01 -6.070387e-04 -4.111528e-01 -7.032167e-04 6.070146e-04 9.999997e-01 4.052135e+00
9.999994e-01 1.658258e-05 1.059384e-03 6.828019e+00 -1.690068e-05 1.000000e+00 3.005458e-04 -4.165799e-01 -1.059357e-03 -3.005660e-04 9.999993e-01 4.095878e+00
9.999999e-01 -2.067153e-05 4.955182e-04 6.877264e+00 2.093246e-05 9.999999e-01 -5.271646e-04 -4.202194e-01 -4.955298e-04 5.271774e-04 9.999998e-01 4.172839e+00
9.999991e-01 1.345019e-04 1.360153e-03 7.043303e+00 -1.348628e-04 1.000000e+00 2.654444e-04 -4.289843e-01 -1.360094e-03 -2.656301e-04 9.999989e-01 4.217578e+00
9.999997e-01 8.532132e-05 7.680980e-04 7.286117e+00 -8.486958e-05 9.999998e-01 -5.885442e-04 -4.403597e-01 -7.681710e-04 5.884814e-04 9.999996e-01 4.229044e+00
9.999991e-01 2.490361e-04 1.339474e-03 7.571483e+00 -2.493490e-04 9.999999e-01 2.336493e-04 -4.520983e-01 -1.339393e-03 -2.339857e-04 9.999990e-01 4.196384e+00
9.999998e-01 -9.758308e-05 6.646201e-04 7.745080e+00 9.795210e-05 9.999998e-01 -5.556978e-04 -4.597714e-01 -6.645891e-04 5.557654e-04 9.999997e-01 4.203241e+00
9.999989e-01 2.341043e-04 1.482436e-03 7.916391e+00 -2.344282e-04 9.999999e-01 2.185571e-04 -4.660902e-01 -1.482361e-03 -2.189070e-04 9.999988e-01 4.170261e+00
9.999998e-01 -1.275940e-04 6.395349e-04 8.072974e+00 1.279398e-04 9.999998e-01 -5.412675e-04 -4.723329e-01 -6.394895e-04 5.413519e-04 9.999997e-01 4.157318e+00
9.999984e-01 3.488788e-04 1.778465e-03 8.309009e+00 -3.493497e-04 9.999999e-01 2.646600e-04 -4.831357e-01 -1.778348e-03 -2.652836e-04 9.999983e-01 4.159386e+00
9.999998e-01 -5.563387e-05 6.888644e-04 8.545229e+00 5.596619e-05 9.999999e-01 -4.829117e-04 -4.948358e-01 -6.888617e-04 4.829528e-04 9.999997e-01 4.183180e+00
9.999985e-01 5.460557e-04 1.670296e-03 8.883002e+00 -5.465343e-04 9.999998e-01 2.863331e-04 -5.141423e-01 -1.670115e-03 -2.872482e-04 9.999985e-01 4.288088e+00
9.999998e-01 -1.685384e-04 6.698994e-04 9.142566e+00 1.688689e-04 9.999999e-01 -4.938671e-04 -5.288508e-01 -6.698408e-04 4.939829e-04 9.999998e-01 4.369974e+00
9.999962e-01 4.279296e-04 2.716400e-03 9.316512e+00 -4.279529e-04 9.999999e-01 8.132041e-06 -5.312010e-01 -2.716372e-03 -9.297286e-06 9.999962e-01 4.126486e+00
9.999999e-01 -3.393267e-04 2.204694e-04 9.431840e+00 3.394290e-04 9.999998e-01 -4.657993e-04 -5.317599e-01 -2.203366e-04 4.658769e-04 1.000000e+00 3.945611e+00
9.999977e-01 5.366623e-04 2.083283e-03 9.648133e+00 -5.370181e-04 9.999998e-01 1.704110e-04 -5.428252e-01 -2.083166e-03 -1.715322e-04 9.999977e-01 3.979059e+00
9.999999e-01 -1.841172e-04 4.417517e-04 9.990754e+00 1.843557e-04 9.999998e-01 -5.406859e-04 -5.581206e-01 -4.416779e-04 5.407702e-04 9.999999e-01 3.957467e+00
9.999982e-01 3.401693e-04 1.886527e-03 1.018070e+01 -3.405643e-04 9.999999e-01 2.092480e-04 -5.660240e-01 -1.886430e-03 -2.098930e-04 9.999981e-01 3.938643e+00
9.999999e-01 -3.741921e-04 1.868014e-04 1.023387e+01 3.742790e-04 9.999998e-01 -4.676322e-04 -5.692862e-01 -1.866526e-04 4.677050e-04 1.000000e+00 3.976054e+00
9.999982e-01 5.037647e-04 1.815518e-03 1.036831e+01 -5.041358e-04 9.999999e-01 2.041792e-04 -5.774753e-01 -1.815389e-03 -2.050971e-04 9.999982e-01 4.047698e+00
9.999998e-01 -2.072149e-04 5.612892e-04 1.063838e+01 2.075168e-04 9.999998e-01 -5.387129e-04 -5.901711e-01 -5.612041e-04 5.388323e-04 9.999998e-01 4.050784e+00
9.999988e-01 4.192051e-04 1.506909e-03 1.083924e+01 -4.194578e-04 9.999999e-01 1.676656e-04 -5.985688e-01 -1.506812e-03 -1.683005e-04 9.999988e-01 4.034292e+00
9.999996e-01 -2.454342e-04 8.649329e-04 1.103264e+01 2.458118e-04 9.999999e-01 -4.369291e-04 -6.077870e-01 -8.648527e-04 4.371446e-04 9.999996e-01 4.043204e+00
9.999984e-01 6.752294e-04 1.656230e-03 1.137201e+01 -6.753998e-04 9.999998e-01 1.026154e-04 -6.275242e-01 -1.656133e-03 -1.037369e-04 9.999985e-01 4.129586e+00
9.999989e-01 1.522904e-04 1.499139e-03 1.200266e+01 -1.516129e-04 9.999999e-01 -4.523125e-04 -6.610124e-01 -1.499235e-03 4.520878e-04 9.999989e-01 4.201551e+00
9.999985e-01 9.320387e-04 1.443724e-03 1.269007e+01 -9.325020e-04 9.999995e-01 3.206007e-04 -7.002475e-01 -1.443396e-03 -3.219496e-04 9.999988e-01 4.397798e+00
9.999998e-01 4.493709e-04 3.603048e-04 1.343108e+01 -4.492892e-04 9.999999e-01 -2.279369e-04 -7.461848e-01 -3.604352e-04 2.277780e-04 1.000000e+00 4.779532e+00
9.999962e-01 4.443089e-04 2.717757e-03 1.409031e+01 -4.441944e-04 9.999999e-01 -4.257829e-05 -7.816270e-01 -2.717747e-03 4.136783e-05 9.999962e-01 4.874335e+00
9.999995e-01 5.679679e-04 8.524885e-04 1.488740e+01 -5.676883e-04 9.999998e-01 -3.287410e-04 -8.215885e-01 -8.527038e-04 3.282600e-04 9.999997e-01 4.888244e+00
9.999969e-01 9.967887e-05 2.494121e-03 1.546877e+01 -9.948863e-05 1.000000e+00 -7.620969e-05 -8.492373e-01 -2.494099e-03 7.595818e-05 9.999968e-01 4.858475e+00
9.999997e-01 4.961738e-04 5.385701e-04 1.596666e+01 -4.960411e-04 9.999998e-01 -2.473109e-04 -8.744981e-01 -5.387220e-04 2.470468e-04 9.999999e-01 4.887177e+00
9.999992e-01 -2.735534e-04 1.266905e-03 1.602638e+01 2.735717e-04 1.000000e+00 -1.389239e-05 -8.784592e-01 -1.266871e-03 1.423579e-05 9.999991e-01 4.929076e+00
9.999996e-01 3.675887e-04 8.203832e-04 1.604366e+01 -3.673943e-04 9.999999e-01 -2.377998e-04 -8.813697e-01 -8.205003e-04 2.375015e-04 9.999997e-01 4.991943e+00
9.999991e-01 -2.245727e-04 1.311915e-03 1.615410e+01 2.245832e-04 1.000000e+00 -7.462371e-06 -8.893464e-01 -1.311883e-03 7.753773e-06 9.999990e-01 5.083775e+00
9.999995e-01 3.899742e-04 9.111351e-04 1.629701e+01 -3.897608e-04 9.999999e-01 -2.349060e-04 -8.983224e-01 -9.112568e-04 2.345539e-04 9.999997e-01 5.154215e+00
9.999990e-01 -2.138178e-04 1.397271e-03 1.647569e+01 2.138576e-04 1.000000e+00 -2.796575e-05 -9.091140e-01 -1.397234e-03 2.826127e-05 9.999989e-01 5.240476e+00
9.999991e-01 5.466952e-04 1.248660e-03 1.676677e+01 -5.464409e-04 9.999998e-01 -2.043532e-04 -9.253234e-01 -1.248802e-03 2.036740e-04 9.999993e-01 5.314221e+00
9.999994e-01 -4.124937e-04 9.798189e-04 1.688434e+01 4.125511e-04 9.999999e-01 -5.788846e-05 -9.324317e-01 -9.797641e-04 5.828934e-05 9.999994e-01 5.365327e+00
9.999992e-01 3.957403e-04 1.222186e-03 1.689218e+01 -3.955209e-04 9.999999e-01 -1.802247e-04 -9.335788e-01 -1.222288e-03 1.797445e-04 9.999993e-01 5.393338e+00
9.999990e-01 -3.360315e-04 1.405728e-03 1.698159e+01 3.362124e-04 9.999999e-01 -1.279978e-04 -9.367742e-01 -1.405654e-03 1.284670e-04 9.999989e-01 5.339822e+00
9.999991e-01 3.793764e-04 1.302122e-03 1.705942e+01 -3.790618e-04 9.999999e-01 -2.422972e-04 -9.381580e-01 -1.302246e-03 2.418068e-04 9.999992e-01 5.249091e+00
9.999996e-01 -4.161644e-04 8.059907e-04 1.707003e+01 4.162019e-04 9.999999e-01 -4.565024e-05 -9.386985e-01 -8.059399e-04 4.598225e-05 9.999996e-01 5.261850e+00
9.999992e-01 3.738709e-04 1.250098e-03 1.699922e+01 -3.736485e-04 9.999999e-01 -1.786196e-04 -9.349469e-01 -1.250196e-03 1.781558e-04 9.999993e-01 5.232733e+00
9.999999e-01 -3.307795e-04 2.158537e-04 1.692298e+01 3.307771e-04 9.999999e-01 1.382050e-05 -9.337687e-01 -2.158262e-04 -1.375256e-05 9.999999e-01 5.309765e+00
9.999990e-01 3.927770e-04 1.324937e-03 1.689633e+01 -3.924703e-04 9.999999e-01 -2.322463e-04 -9.350231e-01 -1.325060e-03 2.317295e-04 9.999992e-01 5.410764e+00
9.999998e-01 -3.287721e-04 5.908956e-04 1.691951e+01 3.287661e-04 9.999999e-01 1.125349e-05 -9.381129e-01 -5.908669e-04 -1.106272e-05 9.999997e-01 5.495801e+00
9.999985e-01 4.924104e-04 1.679392e-03 1.702757e+01 -4.919536e-04 9.999998e-01 -2.727757e-04 -9.447157e-01 -1.679559e-03 2.719526e-04 9.999986e-01 5.550711e+00
9.999998e-01 -3.276576e-04 4.751194e-04 1.713425e+01 3.276602e-04 9.999999e-01 -4.204288e-06 -9.520191e-01 -4.750852e-04 4.356419e-06 9.999998e-01 5.628375e+00
9.999975e-01 7.153325e-04 2.135586e-03 1.744171e+01 -7.147686e-04 9.999997e-01 -2.651089e-04 -9.694250e-01 -2.135808e-03 2.635853e-04 9.999978e-01 5.710565e+00
9.999999e-01 -4.829323e-04 -1.311386e-04 1.759687e+01 4.829373e-04 9.999999e-01 3.300408e-05 -9.798009e-01 1.311559e-04 -3.307099e-05 9.999999e-01 5.814308e+00
9.999982e-01 4.827208e-04 1.837633e-03 1.760179e+01 -4.822256e-04 9.999998e-01 -2.702495e-04 -9.818948e-01 -1.837797e-03 2.693665e-04 9.999984e-01 5.900342e+00
9.999999e-01 -4.707304e-04 1.060781e-04 1.763466e+01 4.707270e-04 9.999999e-01 3.811668e-05 -9.845926e-01 -1.060624e-04 -3.807037e-05 9.999999e-01 5.958516e+00
9.999984e-01 5.049470e-04 1.736424e-03 1.758667e+01 -5.045782e-04 9.999999e-01 -2.132090e-04 -9.828004e-01 -1.736565e-03 2.123361e-04 9.999986e-01 5.966391e+00
9.999998e-01 -4.696366e-04 -3.035426e-04 1.756087e+01 4.696420e-04 9.999999e-01 1.546433e-05 -9.844389e-01 3.035691e-04 -1.561055e-05 9.999999e-01 6.080131e+00
9.999983e-01 5.912641e-04 1.747251e-03 1.757745e+01 -5.908876e-04 9.999998e-01 -2.163656e-04 -9.890266e-01 -1.747413e-03 2.153364e-04 9.999985e-01 6.217920e+00
9.999999e-01 -4.885820e-04 2.121146e-04 1.764599e+01 4.885859e-04 9.999999e-01 -1.530786e-05 -9.947535e-01 -2.120729e-04 1.540779e-05 9.999999e-01 6.314692e+00
9.999987e-01 6.998534e-04 1.458519e-03 1.773049e+01 -6.995560e-04 9.999997e-01 -2.048604e-04 -1.003541e+00 -1.458697e-03 2.038435e-04 9.999990e-01 6.469672e+00
9.999998e-01 -4.176036e-04 5.472828e-04 1.788139e+01 4.176170e-04 9.999999e-01 -2.317405e-05 -1.015114e+00 -5.472386e-04 2.339887e-05 9.999998e-01 6.607107e+00
9.999989e-01 6.246024e-04 1.316088e-03 1.799647e+01 -6.242946e-04 9.999998e-01 -2.348239e-04 -1.024535e+00 -1.316270e-03 2.340058e-04 9.999992e-01 6.746000e+00
9.999996e-01 -7.890614e-04 3.157791e-04 1.798933e+01 7.891045e-04 9.999997e-01 -1.339691e-04 -1.024932e+00 -3.156384e-04 1.342145e-04 9.999998e-01 6.806494e+00
9.999990e-01 8.681496e-04 1.100030e-03 1.798721e+01 -8.680810e-04 9.999996e-01 -6.352613e-05 -1.028759e+00 -1.100120e-03 6.257494e-05 9.999995e-01 6.932087e+00
9.999995e-01 -7.206160e-04 7.468186e-04 1.805935e+01 7.206909e-04 9.999997e-01 -9.908156e-05 -1.035013e+00 -7.467118e-04 9.961590e-05 9.999996e-01 7.045332e+00
9.999987e-01 8.424145e-04 1.386145e-03 1.820432e+01 -8.422283e-04 9.999996e-01 -1.354315e-04 -1.043291e+00 -1.386294e-03 1.342677e-04 9.999991e-01 7.102137e+00
9.999995e-01 -7.977719e-04 6.197060e-04 1.830085e+01 7.978654e-04 9.999997e-01 -1.494690e-04 -1.048556e+00 -6.195510e-04 1.499595e-04 9.999997e-01 7.141606e+00
9.999990e-01 1.017759e-03 9.789865e-04 1.841667e+01 -1.017690e-03 9.999995e-01 -7.142709e-05 -1.056968e+00 -9.790944e-04 7.043457e-05 9.999996e-01 7.250360e+00
9.999997e-01 -4.449637e-04 -6.605437e-04 1.859041e+01 4.449850e-04 9.999999e-01 3.097953e-05 -1.077376e+00 6.605656e-04 -3.127733e-05 9.999997e-01 7.674914e+00
9.999994e-01 9.783731e-04 4.608658e-04 1.862805e+01 -9.783478e-04 9.999995e-01 -5.672752e-05 -1.092742e+00 -4.609568e-04 5.628045e-05 1.000000e+00 8.146246e+00
9.999991e-01 -3.949241e-04 -1.312930e-03 1.860268e+01 3.949614e-04 9.999999e-01 2.759663e-05 -1.107341e+00 1.312955e-03 -2.811902e-05 9.999990e-01 8.672006e+00
9.999987e-01 9.841096e-04 1.310757e-03 1.867886e+01 -9.839819e-04 9.999995e-01 -9.863528e-05 -1.124356e+00 -1.310889e-03 9.734922e-05 9.999992e-01 9.121323e+00
9.999940e-01 -4.490103e-04 -3.425718e-03 1.861746e+01 4.499844e-04 9.999999e-01 2.833872e-04 -1.136266e+00 3.425626e-03 -2.849309e-04 9.999940e-01 9.641795e+00
9.999913e-01 7.048390e-04 4.104768e-03 1.861372e+01 -7.032378e-04 9.999997e-01 -3.916782e-04 -1.143618e+00 -4.105078e-03 3.887920e-04 9.999916e-01 9.891298e+00
9.999967e-01 -4.573997e-04 -2.545008e-03 1.873747e+01 4.579061e-04 9.999999e-01 1.980900e-04 -1.152475e+00 2.544953e-03 -1.992585e-04 9.999966e-01 1.000297e+01
9.999895e-01 6.105105e-04 4.538789e-03 1.886410e+01 -6.085567e-04 9.999997e-01 -4.319822e-04 -1.157660e+00 -4.539088e-03 4.292194e-04 9.999897e-01 1.000172e+01
9.999969e-01 -4.637435e-04 -2.464072e-03 1.903046e+01 4.641107e-04 9.999999e-01 1.481376e-04 -1.163567e+00 2.464039e-03 -1.492846e-04 9.999969e-01 9.966326e+00
9.999879e-01 8.513464e-04 4.851967e-03 1.931306e+01 -8.488280e-04 9.999995e-01 -5.212456e-04 -1.172654e+00 -4.852445e-03 5.171247e-04 9.999882e-01 9.847552e+00
9.999984e-01 -4.225427e-04 -1.722547e-03 1.953675e+01 4.225739e-04 9.999999e-01 1.734669e-05 -1.173772e+00 1.722576e-03 -1.807853e-05 9.999984e-01 9.510312e+00
9.999911e-01 6.941456e-04 4.161217e-03 1.978001e+01 -6.929704e-04 9.999997e-01 -2.840344e-04 -1.185249e+00 -4.161450e-03 2.811522e-04 9.999914e-01 9.512399e+00
9.999982e-01 -2.733080e-04 -1.850586e-03 2.004304e+01 2.734862e-04 1.000000e+00 9.560047e-05 -1.201026e+00 1.850597e-03 -9.611040e-05 9.999982e-01 9.604841e+00
9.999908e-01 5.329114e-04 4.261422e-03 2.021736e+01 -5.316380e-04 9.999998e-01 -3.001264e-04 -1.208888e+00 -4.261618e-03 2.978621e-04 9.999910e-01 9.577537e+00
9.999981e-01 -3.467400e-04 -1.935553e-03 2.034496e+01 3.466890e-04 9.999999e-01 -2.706196e-05 -1.210801e+00 1.935600e-03 2.638685e-05 9.999980e-01 9.444682e+00
9.999927e-01 5.718820e-04 3.790857e-03 2.050586e+01 -5.712529e-04 9.999998e-01 -1.672339e-04 -1.219502e+00 -3.790990e-03 1.650712e-04 9.999929e-01 9.497639e+00
9.999970e-01 -1.068089e-04 -2.448096e-03 2.068909e+01 1.070485e-04 1.000000e+00 9.740861e-05 -1.233482e+00 2.448123e-03 -9.767442e-05 9.999969e-01 9.692292e+00
9.999961e-01 4.836578e-04 2.764859e-03 2.073688e+01 -4.834446e-04 9.999999e-01 -7.806956e-05 -1.243898e+00 -2.764934e-03 7.673662e-05 9.999963e-01 9.993398e+00
9.999994e-01 -3.745571e-04 -1.063043e-03 2.076692e+01 3.744686e-04 9.999999e-01 -8.422242e-05 -1.246730e+00 1.063112e-03 8.382025e-05 9.999993e-01 1.004599e+01
9.999950e-01 2.216849e-04 3.152284e-03 2.065581e+01 -2.213421e-04 1.000000e+00 -1.093680e-04 -1.237725e+00 -3.152346e-03 1.086737e-04 9.999951e-01 9.890785e+00
9.999988e-01 -2.255254e-04 -1.530434e-03 2.064364e+01 2.253016e-04 1.000000e+00 -1.469539e-04 -1.236857e+00 1.530506e-03 1.466048e-04 9.999987e-01 9.924106e+00
9.999917e-01 3.522775e-04 4.049869e-03 2.073398e+01 -3.516752e-04 9.999999e-01 -1.496196e-04 -1.237952e+00 -4.049960e-03 1.481982e-04 9.999919e-01 9.808995e+00
9.999977e-01 -2.428700e-04 -2.129745e-03 2.074057e+01 2.428141e-04 1.000000e+00 -2.689112e-05 -1.239548e+00 2.129790e-03 2.636980e-05 9.999976e-01 9.836506e+00
9.999954e-01 4.165189e-04 3.020996e-03 2.072199e+01 -4.161442e-04 9.999999e-01 -1.249297e-04 -1.243646e+00 -3.021087e-03 1.236761e-04 9.999955e-01 1.000480e+01
9.999996e-01 -2.541168e-04 -8.087369e-04 2.073944e+01 2.540566e-04 1.000000e+00 -7.564021e-05 -1.243364e+00 8.087950e-04 7.543056e-05 9.999996e-01 9.921864e+00
9.999795e-01 -1.962573e-04 6.393173e-03 2.022726e+01 1.986167e-04 9.999999e-01 -3.685372e-04 -1.200685e+00 -6.393139e-03 3.698037e-04 9.999796e-01 8.883256e+00
9.999999e-01 1.296705e-04 4.426932e-04 1.924559e+01 -1.298561e-04 9.999999e-01 4.212620e-04 -1.122831e+00 -4.425984e-04 -4.213236e-04 9.999997e-01 7.031061e+00
9.999933e-01 1.837009e-04 3.653289e-03 1.858365e+01 -1.824459e-04 9.999999e-01 -3.441123e-04 -1.065353e+00 -3.653393e-03 3.434476e-04 9.999934e-01 5.699008e+00
9.999947e-01 6.094741e-04 -3.182714e-03 1.890456e+01 -6.097757e-04 9.999998e-01 -9.407173e-05 -1.088116e+00 3.182697e-03 9.600779e-05 9.999948e-01 5.965992e+00
9.999883e-01 6.698938e-04 4.795216e-03 1.952039e+01 -6.699625e-04 9.999998e-01 1.251908e-05 -1.126966e+00 -4.795247e-03 -1.572738e-05 9.999886e-01 6.269542e+00
9.999967e-01 -2.267978e-04 -2.551560e-03 1.984994e+01 2.258936e-04 9.999999e-01 -3.550141e-04 -1.144421e+00 2.551681e-03 3.544323e-04 9.999966e-01 6.327286e+00
9.999906e-01 8.114646e-04 4.248610e-03 2.014579e+01 -8.120785e-04 9.999997e-01 1.425559e-04 -1.162757e+00 -4.248534e-03 -1.460006e-04 9.999911e-01 6.478754e+00
9.999979e-01 -3.501812e-04 -2.039729e-03 2.045582e+01 3.495616e-04 9.999999e-01 -3.045612e-04 -1.179426e+00 2.039877e-03 3.038433e-04 9.999978e-01 6.545286e+00
9.999894e-01 9.604197e-04 4.501253e-03 2.086669e+01 -9.610315e-04 9.999995e-01 1.335485e-04 -1.201657e+00 -4.501164e-03 -1.378687e-04 9.999900e-01 6.628148e+00
9.999979e-01 -7.969872e-05 -2.024825e-03 2.139403e+01 7.918028e-05 1.000000e+00 -2.565794e-04 -1.232195e+00 2.024887e-03 2.564143e-04 9.999978e-01 6.791025e+00
9.999882e-01 8.148123e-04 4.799860e-03 2.187945e+01 -8.150110e-04 9.999997e-01 3.924433e-05 -1.257567e+00 -4.799868e-03 -4.315160e-05 9.999886e-01 6.869671e+00
9.999974e-01 -1.624394e-04 -2.267927e-03 2.231890e+01 1.616937e-04 9.999999e-01 -3.294067e-04 -1.281537e+00 2.268022e-03 3.290349e-04 9.999973e-01 6.954212e+00
9.999917e-01 9.498763e-04 3.953498e-03 2.272823e+01 -9.508677e-04 9.999995e-01 2.486494e-04 -1.307726e+00 -3.953302e-03 -2.524024e-04 9.999922e-01 7.181473e+00
9.999983e-01 -1.994641e-04 -1.824926e-03 2.315391e+01 1.988173e-04 9.999999e-01 -3.551196e-04 -1.333407e+00 1.825039e-03 3.547520e-04 9.999982e-01 7.362979e+00
9.999927e-01 8.265017e-04 3.723185e-03 2.346176e+01 -8.274632e-04 9.999996e-01 2.564569e-04 -1.353350e+00 -3.723014e-03 -2.595316e-04 9.999931e-01 7.553556e+00
9.999983e-01 -5.130494e-04 -1.792405e-03 2.362317e+01 5.123001e-04 9.999998e-01 -4.190027e-04 -1.363896e+00 1.792662e-03 4.180795e-04 9.999982e-01 7.654908e+00
9.999925e-01 8.282500e-04 3.791777e-03 2.383367e+01 -8.289937e-04 9.999996e-01 1.943237e-04 -1.376586e+00 -3.791658e-03 -1.974614e-04 9.999929e-01 7.751603e+00
9.999990e-01 -6.781691e-05 -1.415065e-03 2.429708e+01 6.728957e-05 9.999999e-01 -3.733896e-04 -1.403257e+00 1.415134e-03 3.732898e-04 9.999988e-01 7.899866e+00
9.999954e-01 9.185620e-04 2.881793e-03 2.469066e+01 -9.194465e-04 9.999995e-01 3.052715e-04 -1.429715e+00 -2.881555e-03 -3.079156e-04 9.999959e-01 8.179249e+00
9.999985e-01 -1.212666e-04 -1.728338e-03 2.503347e+01 1.207174e-04 9.999999e-01 -3.184773e-04 -1.455298e+00 1.728420e-03 3.182640e-04 9.999984e-01 8.507218e+00
9.999903e-01 9.416898e-04 4.299448e-03 2.555751e+01 -9.423802e-04 9.999995e-01 1.583144e-04 -1.485201e+00 -4.299341e-03 -1.623604e-04 9.999908e-01 8.652773e+00
9.999965e-01 -3.229440e-04 -2.624099e-03 2.583762e+01 3.222720e-04 9.999999e-01 -2.568713e-04 -1.503294e+00 2.624226e-03 2.560205e-04 9.999964e-01 8.855349e+00
9.999916e-01 8.083340e-04 4.023742e-03 2.595128e+01 -8.091206e-04 9.999997e-01 1.936273e-04 -1.514379e+00 -4.023628e-03 -1.968771e-04 9.999920e-01 9.056744e+00
9.999898e-01 -1.655614e-04 -4.516078e-03 2.610465e+01 1.650991e-04 1.000000e+00 -1.029528e-04 -1.536901e+00 4.516139e-03 1.022020e-04 9.999897e-01 9.615263e+00
9.999863e-01 8.341937e-04 5.173281e-03 2.633296e+01 -8.348415e-04 9.999996e-01 1.228696e-04 -1.558492e+00 -5.173221e-03 -1.271827e-04 9.999867e-01 1.002404e+01
9.999923e-01 2.949361e-04 -3.899199e-03 2.680608e+01 -2.957440e-04 9.999999e-01 -2.068859e-04 -1.589325e+00 3.899181e-03 2.080334e-04 9.999923e-01 1.033225e+01
9.999899e-01 8.680588e-04 4.412898e-03 2.727047e+01 -8.701948e-04 9.999995e-01 4.819264e-04 -1.624544e+00 -4.412521e-03 -4.857576e-04 9.999902e-01 1.082493e+01
9.999948e-01 6.425127e-05 -3.223788e-03 2.767340e+01 -6.513290e-05 1.000000e+00 -2.736707e-04 -1.654025e+00 3.223814e-03 2.738752e-04 9.999947e-01 1.120611e+01
9.999950e-01 9.239253e-04 3.011625e-03 2.797692e+01 -9.254909e-04 9.999994e-01 5.181675e-04 -1.683974e+00 -3.011189e-03 -5.209482e-04 9.999954e-01 1.178656e+01
9.999934e-01 -7.570780e-06 -3.624151e-03 2.824016e+01 7.102047e-06 1.000000e+00 -1.296080e-04 -1.715212e+00 3.624196e-03 1.295775e-04 9.999933e-01 1.247214e+01
9.999947e-01 9.848441e-04 3.115432e-03 2.850478e+01 -9.864615e-04 9.999994e-01 5.173549e-04 -1.744425e+00 -3.114965e-03 -5.204215e-04 9.999951e-01 1.307407e+01
9.999931e-01 -2.605660e-04 -3.717425e-03 2.860435e+01 2.595972e-04 9.999999e-01 -2.613151e-04 -1.764158e+00 3.717537e-03 2.603444e-04 9.999930e-01 1.363464e+01
9.999930e-01 1.117291e-03 3.564533e-03 2.882137e+01 -1.119196e-03 9.999992e-01 5.320769e-04 -1.790225e+00 -3.563979e-03 -5.360588e-04 9.999936e-01 1.422487e+01
9.999960e-01 -7.523814e-05 -2.808520e-03 2.922695e+01 7.439949e-05 1.000000e+00 -2.990254e-04 -1.822365e+00 2.808586e-03 2.988115e-04 9.999959e-01 1.468610e+01
9.999955e-01 9.106406e-04 2.872298e-03 2.948001e+01 -9.122863e-04 9.999994e-01 5.713583e-04 -1.847936e+00 -2.871820e-03 -5.739724e-04 9.999958e-01 1.519224e+01
9.999885e-01 -1.998479e-04 -4.788188e-03 2.957221e+01 1.988914e-04 1.000000e+00 -2.004222e-04 -1.873175e+00 4.788272e-03 1.994639e-04 9.999884e-01 1.594163e+01
9.999873e-01 1.054866e-03 4.921452e-03 2.978053e+01 -1.057519e-03 9.999993e-01 5.364850e-04 -1.896548e+00 -4.920927e-03 -5.416792e-04 9.999878e-01 1.645076e+01
9.999922e-01 -2.579225e-04 -3.937313e-03 3.006481e+01 2.561525e-04 9.999999e-01 -4.502387e-04 -1.917791e+00 3.937473e-03 4.492231e-04 9.999921e-01 1.675579e+01
9.999858e-01 9.725440e-04 5.246560e-03 3.037079e+01 -9.748334e-04 9.999994e-01 4.336574e-04 -1.937485e+00 -5.246179e-03 -4.387622e-04 9.999862e-01 1.697473e+01
9.999941e-01 -1.923147e-04 -3.427303e-03 3.068271e+01 1.905685e-04 9.999999e-01 -5.100855e-04 -1.955223e+00 3.427445e-03 5.094258e-04 9.999939e-01 1.711365e+01
9.999849e-01 9.793271e-04 5.412794e-03 3.114240e+01 -9.813075e-04 9.999995e-01 3.630749e-04 -1.981688e+00 -5.412481e-03 -3.683775e-04 9.999854e-01 1.728205e+01
9.999931e-01 -6.245762e-04 -3.648814e-03 3.131914e+01 6.228970e-04 9.999997e-01 -4.615449e-04 -1.994373e+00 3.649146e-03 4.592654e-04 9.999931e-01 1.742006e+01
9.999869e-01 9.830979e-04 5.030797e-03 3.140837e+01 -9.852788e-04 9.999994e-01 4.308770e-04 -2.004141e+00 -5.030415e-03 -4.358245e-04 9.999873e-01 1.761563e+01
