9.999999e-01 -5.081484e-05 -4.825134e-04 -5.253581e-02 5.062108e-05 9.999999e-01 -4.015344e-04 -8.775369e-03 4.825338e-04 4.015095e-04 9.999999e-01 4.583746e-01
9.999999e-01 6.791945e-05 3.697639e-04 -1.261741e-01 -6.791316e-05 1.000000e+00 -1.697460e-05 -1.467034e-02 -3.697651e-04 1.694988e-05 9.999998e-01 8.319871e-01
9.999998e-01 -2.903909e-04 -5.522085e-04 -9.670015e-02 2.901656e-04 9.999999e-01 -4.079906e-04 -2.799949e-02 5.523270e-04 4.078300e-04 9.999999e-01 1.324361e+00
9.999997e-01 -7.134059e-05 7.855991e-04 4.505422e-03 7.137710e-05 1.000000e+00 -4.641776e-05 -4.424387e-02 -7.855958e-04 4.647413e-05 9.999996e-01 1.805037e+00
1.000000e+00 -1.461567e-05 9.622410e-05 2.163236e-02 1.465942e-05 9.999999e-01 -4.547751e-04 -5.044625e-02 -9.621752e-05 4.547763e-04 1.000000e+00 2.038117e+00
9.999998e-01 1.545215e-04 6.477563e-04 -3.854132e-02 -1.545377e-04 1.000000e+00 2.490951e-05 -5.133751e-02 -6.477522e-04 -2.500939e-05 9.999997e-01 2.203908e+00
9.999998e-01 -7.634044e-05 6.875916e-04 -1.081326e-01 7.658578e-05 9.999999e-01 -3.568156e-04 -4.958280e-02 -6.875646e-04 3.568680e-04 9.999998e-01 2.305329e+00
9.999998e-01 1.651040e-04 5.712493e-04 -1.652520e-01 -1.650942e-04 1.000000e+00 -1.712423e-05 -4.913737e-02 -5.712517e-04 1.703006e-05 9.999997e-01 2.423042e+00
9.999999e-01 -5.988209e-05 4.930487e-04 -2.323421e-01 6.006460e-05 9.999999e-01 -3.702020e-04 -4.920156e-02 -4.930270e-04 3.702315e-04 9.999999e-01 2.570489e+00
9.999999e-01 1.963033e-04 3.032645e-04 -3.035887e-01 -1.962941e-04 1.000000e+00 -3.014848e-05 -4.990606e-02 -3.032698e-04 3.008902e-05 9.999999e-01 2.742986e+00
9.999991e-01 -1.716339e-04 1.324858e-03 -3.601150e-01 1.720610e-04 9.999999e-01 -3.223135e-04 -4.861589e-02 -1.324803e-03 3.225411e-04 9.999992e-01 2.828088e+00
9.999999e-01 1.548014e-04 2.766888e-04 -3.919918e-01 -1.547626e-04 1.000000e+00 -1.399945e-04 -4.878926e-02 -2.767095e-04 1.399516e-04 9.999999e-01 2.922618e+00
1.000000e+00 -1.413838e-04 -9.655658e-05 -4.483431e-01 1.413578e-04 1.000000e+00 -2.683475e-04 -5.435991e-02 9.659358e-05 2.683339e-04 1.000000e+00 3.255659e+00
9.999998e-01 1.886206e-04 6.084770e-04 -5.157053e-01 -1.885299e-04 1.000000e+00 -1.490962e-04 -5.801121e-02 -6.085042e-04 1.489814e-04 9.999997e-01 3.524055e+00
9.999999e-01 -1.822981e-04 3.932732e-04 -5.444185e-01 1.824211e-04 9.999999e-01 -3.127103e-04 -6.053302e-02 -3.932173e-04 3.127821e-04 1.000000e+00 3.697150e+00
9.999996e-01 2.221156e-04 8.566608e-04 -5.970631e-01 -2.220703e-04 1.000000e+00 -5.290070e-05 -6.099776e-02 -8.566713e-04 5.271026e-05 9.999995e-01 3.845290e+00
9.999998e-01 -1.851890e-05 -6.101698e-04 -7.061394e-01 1.832358e-05 9.999999e-01 -3.200777e-04 -6.321955e-02 6.101744e-04 3.200667e-04 9.999999e-01 4.119854e+00
9.999996e-01 -4.949103e-04 7.829018e-04 -4.713399e-01 4.950030e-04 9.999999e-01 -1.181299e-04 -9.482157e-02 -7.828420e-04 1.185171e-04 9.999996e-01 4.927469e+00
1.000000e+00 2.664243e-05 2.332308e-04 -1.984866e-01 -2.657903e-05 1.000000e+00 -2.719283e-04 -1.218878e-01 -2.332394e-04 2.719224e-04 1.000000e+00 5.512385e+00
9.999994e-01 1.394627e-05 1.067523e-03 -2.599432e-01 -1.381090e-05 1.000000e+00 -1.267994e-04 -1.216167e-01 -1.067523e-03 1.267843e-04 9.999993e-01 5.633733e+00
9.999999e-01 1.522777e-04 -4.075829e-04 -3.789775e-01 -1.523618e-04 1.000000e+00 -2.062062e-04 -1.211945e-01 4.075499e-04 2.062686e-04 1.000000e+00 5.831504e+00
9.999985e-01 6.991287e-05 1.746170e-03 -5.460765e-01 -7.117152e-05 9.999997e-01 7.207657e-04 -1.201270e-01 -1.746118e-03 -7.208892e-04 9.999981e-01 6.074205e+00
9.999994e-01 2.116296e-04 -1.071926e-03 -7.553044e-01 -2.122992e-04 9.999998e-01 -6.245913e-04 -1.158015e-01 1.071792e-03 6.248188e-04 9.999993e-01 6.265361e+00
9.999992e-01 -2.459893e-05 1.247505e-03 -9.751026e-01 2.405956e-05 9.999999e-01 4.323895e-04 -1.098122e-01 -1.247513e-03 -4.323594e-04 9.999990e-01 6.395931e+00
9.999992e-01 3.185813e-04 -1.182667e-03 -1.163653e+00 -3.195139e-04 9.999996e-01 -7.884106e-04 -1.079906e-01 1.182414e-03 7.887882e-04 9.999991e-01 6.640614e+00
9.999985e-01 -2.031711e-04 1.714184e-03 -1.329252e+00 2.023002e-04 9.999999e-01 5.082517e-04 -1.029852e-01 -1.714285e-03 -5.079046e-04 9.999983e-01 6.744705e+00
9.999998e-01 2.571755e-04 -5.836021e-04 -1.494814e+00 -2.575701e-04 9.999997e-01 -6.760020e-04 -9.582930e-02 5.834262e-04 6.761525e-04 9.999997e-01 6.750197e+00
9.999987e-01 -2.337097e-04 1.609258e-03 -1.730660e+00 2.326467e-04 9.999998e-01 6.607101e-04 -8.378356e-02 -1.609409e-03 -6.603352e-04 9.999984e-01 6.660514e+00
9.999997e-01 2.926078e-04 -6.487936e-04 -1.916925e+00 -2.931296e-04 9.999996e-01 -8.044146e-04 -7.608740e-02 6.485558e-04 8.046050e-04 9.999996e-01 6.680737e+00
9.999991e-01 -1.514798e-04 1.363468e-03 -2.074060e+00 1.506878e-04 9.999998e-01 5.809497e-04 -7.131564e-02 -1.363553e-03 -5.807442e-04 9.999988e-01 6.780161e+00
9.999999e-01 2.253964e-04 -3.583868e-04 -2.266582e+00 -2.256486e-04 9.999997e-01 -7.040022e-04 -6.320328e-02 3.582257e-04 7.040834e-04 9.999998e-01 6.785141e+00
9.999992e-01 -2.147269e-04 1.275354e-03 -2.490216e+00 2.138656e-04 9.999997e-01 6.754534e-04 -5.238854e-02 -1.275497e-03 -6.751805e-04 9.999989e-01 6.721532e+00
9.999999e-01 2.323269e-04 -2.443836e-04 -2.707199e+00 -2.325030e-04 9.999997e-01 -7.207387e-04 -4.128458e-02 2.442136e-04 7.207959e-04 9.999998e-01 6.647205e+00
9.999993e-01 -2.090585e-04 1.197958e-03 -2.904648e+00 2.083609e-04 9.999998e-01 5.824134e-04 -3.202593e-02 -1.198077e-03 -5.821639e-04 9.999990e-01 6.627743e+00
9.999999e-01 3.171425e-04 -8.574405e-05 -3.038362e+00 -3.172163e-04 9.999996e-01 -8.611939e-04 -2.710418e-02 8.546817e-05 8.612216e-04 9.999997e-01 6.692124e+00
9.999993e-01 -1.591789e-04 1.207909e-03 -3.128303e+00 1.585822e-04 9.999999e-01 4.941146e-04 -2.630560e-02 -1.207985e-03 -4.939233e-04 9.999990e-01 6.819586e+00
1.000000e+00 2.614381e-04 6.402557e-05 -3.239914e+00 -2.613884e-04 9.999997e-01 -7.762104e-04 -2.241956e-02 -6.423144e-05 7.761942e-04 9.999998e-01 6.877534e+00
9.999994e-01 -2.139230e-04 1.051309e-03 -3.395458e+00 2.133241e-04 9.999998e-01 5.697975e-04 -1.546720e-02 -1.051427e-03 -5.695735e-04 9.999992e-01 6.875707e+00
1.000000e+00 2.572883e-04 6.466358e-05 -3.552436e+00 -2.572407e-04 9.999997e-01 -7.353250e-04 -8.459972e-03 -6.485593e-05 7.353089e-04 9.999998e-01 6.867277e+00
9.999992e-01 -3.196378e-04 1.207816e-03 -3.745388e+00 3.187208e-04 9.999997e-01 7.593703e-04 3.026767e-03 -1.208055e-03 -7.589853e-04 9.999989e-01 6.721622e+00
9.999998e-01 3.646839e-04 -4.817020e-04 -3.989547e+00 -3.650927e-04 9.999996e-01 -8.486458e-04 1.335920e-02 4.813890e-04 8.488221e-04 9.999996e-01 6.703360e+00
9.999998e-01 -2.341958e-04 5.621014e-04 -4.285269e+00 2.337182e-04 9.999996e-01 8.496236e-04 2.382599e-02 -5.622968e-04 -8.494927e-04 9.999994e-01 6.740994e+00
9.999997e-01 4.720664e-04 -5.395675e-04 -4.506935e+00 -4.726245e-04 9.999994e-01 -1.034643e-03 2.941409e-02 5.390753e-04 1.034898e-03 9.999994e-01 6.888746e+00
9.999992e-01 -4.236807e-04 1.214196e-03 -4.676131e+00 4.227627e-04 9.999996e-01 7.562694e-04 3.480242e-02 -1.214512e-03 -7.557561e-04 9.999989e-01 6.959025e+00
9.999999e-01 3.769855e-04 -1.700233e-04 -4.872471e+00 -3.771280e-04 9.999996e-01 -8.390680e-04 4.491374e-02 1.697034e-04 8.391327e-04 9.999997e-01 6.880247e+00
9.999990e-01 -5.616651e-04 1.278152e-03 -5.124489e+00 5.604550e-04 9.999994e-01 9.469023e-04 6.022903e-02 -1.278680e-03 -9.461857e-04 9.999986e-01 6.665862e+00
9.999999e-01 3.664291e-04 2.001084e-04 -5.324253e+00 -3.662510e-04 9.999995e-01 -8.894620e-04 7.433218e-02 -2.004380e-04 8.893893e-04 9.999997e-01 6.421575e+00
9.999993e-01 -3.746310e-04 1.115567e-03 -5.457507e+00 3.738616e-04 9.999997e-01 6.898121e-04 8.230534e-02 -1.115821e-03 -6.893953e-04 9.999990e-01 6.353871e+00
9.999999e-01 4.700163e-04 8.316315e-05 -5.577012e+00 -4.699317e-04 9.999994e-01 -1.015131e-03 8.625797e-02 -8.364430e-05 1.015092e-03 9.999996e-01 6.431953e+00
9.999993e-01 -3.781396e-04 1.124981e-03 -5.731449e+00 3.772332e-04 9.999996e-01 8.058519e-04 9.302190e-02 -1.125281e-03 -8.054277e-04 9.999989e-01 6.449519e+00
9.999999e-01 3.447835e-04 4.085418e-04 -5.873337e+00 -3.443921e-04 9.999995e-01 -9.578485e-04 1.011033e-01 -4.088762e-04 9.577084e-04 9.999996e-01 6.379919e+00
9.999983e-01 -3.403948e-04 1.813851e-03 -5.921393e+00 3.391434e-04 9.999997e-01 6.901999e-04 1.036044e-01 -1.814081e-03 -6.895844e-04 9.999980e-01 6.385975e+00
9.999999e-01 2.975467e-04 1.752705e-04 -5.914253e+00 -2.973529e-04 9.999993e-01 -1.104496e-03 1.012710e-01 -1.756038e-04 1.104444e-03 9.999995e-01 6.475101e+00
9.999988e-01 -3.381907e-04 1.502456e-03 -5.918862e+00 3.371853e-04 9.999997e-01 6.693902e-04 9.862103e-02 -1.502677e-03 -6.688837e-04 9.999985e-01 6.595959e+00
9.999999e-01 2.442952e-04 3.606892e-04 -5.895900e+00 -2.438942e-04 9.999994e-01 -1.111591e-03 9.557172e-02 -3.609656e-04 1.111504e-03 9.999994e-01 6.680806e+00
9.999986e-01 -2.423560e-04 1.637914e-03 -5.868482e+00 2.413259e-04 9.999998e-01 6.291185e-04 9.317236e-02 -1.638061e-03 -6.287233e-04 9.999984e-01 6.735666e+00
1.000000e+00 2.722623e-04 2.110347e-05 -5.865252e+00 -2.722399e-04 9.999994e-01 -1.054198e-03 9.248275e-02 -2.139597e-05 1.054193e-03 9.999995e-01 6.781754e+00
9.999982e-01 -2.375400e-04 1.857184e-03 -5.823924e+00 2.363334e-04 9.999998e-01 6.499100e-04 9.073700e-02 -1.857332e-03 -6.494710e-04 9.999980e-01 6.797115e+00
1.000000e+00 2.499934e-04 -1.033499e-04 -5.806678e+00 -2.501058e-04 9.999994e-01 -1.088263e-03 9.033212e-02 1.030719e-04 1.088290e-03 9.999995e-01 6.816900e+00
9.999985e-01 -2.112159e-04 1.728282e-03 -5.804402e+00 2.100628e-04 9.999998e-01 6.673922e-04 8.820999e-02 -1.728417e-03 -6.670292e-04 9.999982e-01 6.906268e+00
9.999999e-01 2.933571e-04 3.952710e-04 -5.792089e+00 -2.930148e-04 9.999996e-01 -8.659163e-04 8.572941e-02 -3.955311e-04 8.658015e-04 9.999996e-01 6.989480e+00
9.999990e-01 -2.773799e-04 1.419351e-03 -5.773836e+00 2.767426e-04 9.999999e-01 4.492066e-04 8.351311e-02 -1.419469e-03 -4.488145e-04 9.999988e-01 7.045019e+00
9.999999e-01 2.427247e-04 2.596490e-04 -5.762428e+00 -2.425090e-04 9.999996e-01 -8.307365e-04 8.148506e-02 -2.598571e-04 8.306747e-04 9.999997e-01 7.110467e+00
9.999959e-01 -2.874647e-04 2.866359e-03 -5.570856e+00 2.845542e-04 9.999994e-01 1.015763e-03 7.126200e-02 -2.866642e-03 -1.014945e-03 9.999953e-01 7.159683e+00
9.999999e-01 2.655006e-04 -4.052011e-04 -5.440344e+00 -2.660468e-04 9.999991e-01 -1.348429e-03 6.308741e-02 4.048356e-04 1.348538e-03 9.999991e-01 7.238681e+00
9.999966e-01 -2.861636e-04 2.592015e-03 -5.400370e+00 2.831048e-04 9.999993e-01 1.180412e-03 5.827948e-02 -2.592343e-03 -1.179675e-03 9.999958e-01 7.347228e+00
9.999999e-01 8.058605e-05 4.211570e-04 -5.157316e+00 -8.005613e-05 9.999992e-01 -1.258241e-03 4.395053e-02 -4.212657e-04 1.258208e-03 9.999992e-01 7.452152e+00
9.999985e-01 -2.108125e-04 1.691148e-03 -5.036613e+00 2.094683e-04 9.999997e-01 7.950318e-04 3.445486e-02 -1.691307e-03 -7.946777e-04 9.999982e-01 7.592013e+00
9.999999e-01 1.006304e-04 3.479545e-04 -4.932401e+00 -1.001958e-04 9.999992e-01 -1.248916e-03 2.598018e-02 -3.480879e-04 1.248882e-03 9.999993e-01 7.729711e+00
9.999979e-01 -3.043632e-04 2.031494e-03 -4.706466e+00 3.028115e-04 9.999997e-01 7.641638e-04 1.173190e-02 -2.031717e-03 -7.635485e-04 9.999975e-01 7.869988e+00
1.000000e+00 9.827583e-05 2.662707e-04 -4.510265e+00 -9.793983e-05 9.999992e-01 -1.261865e-03 -1.391911e-03 -2.664030e-04 1.261840e-03 9.999993e-01 8.013984e+00
9.999974e-01 -3.074346e-04 2.251901e-03 -4.273601e+00 3.056891e-04 9.999997e-01 7.754489e-04 -1.485812e-02 -2.252129e-03 -7.747600e-04 9.999971e-01 8.111288e+00
9.999999e-01 1.019372e-04 3.461903e-04 -4.020104e+00 -1.014999e-04 9.999992e-01 -1.263067e-03 -2.907461e-02 -3.463278e-04 1.263033e-03 9.999992e-01 8.210232e+00
9.999971e-01 -3.387979e-04 2.380820e-03 -3.712074e+00 3.370065e-04 9.999997e-01 7.528479e-04 -4.363191e-02 -2.381065e-03 -7.520450e-04 9.999968e-01 8.229319e+00
1.000000e+00 1.795455e-04 1.430994e-04 -3.508212e+00 -1.793672e-04 9.999992e-01 -1.245711e-03 -5.354536e-02 -1.433325e-04 1.245687e-03 9.999993e-01 8.258173e+00
9.999972e-01 -2.963816e-04 2.348744e-03 -3.314782e+00 2.944402e-04 9.999996e-01 8.269067e-04 -6.121462e-02 -2.348978e-03 -8.262145e-04 9.999968e-01 8.222375e+00
1.000000e+00 1.460850e-04 1.199397e-04 -3.106046e+00 -1.459245e-04 9.999991e-01 -1.337813e-03 -7.267107e-02 -1.201450e-04 1.337797e-03 9.999992e-01 8.296533e+00
9.999967e-01 -3.722768e-04 2.538440e-03 -2.843911e+00 3.701629e-04 9.999996e-01 8.332345e-04 -8.751388e-02 -2.538739e-03 -8.322939e-04 9.999963e-01 8.396582e+00
1.000000e+00 7.100666e-05 3.017136e-04 -2.553259e+00 -7.059395e-05 9.999991e-01 -1.368018e-03 -1.035116e-01 -3.018211e-04 1.367999e-03 9.999991e-01 8.490164e+00
9.999975e-01 -2.378114e-04 2.241981e-03 -2.300124e+00 2.358744e-04 9.999996e-01 8.642487e-04 -1.160806e-01 -2.242175e-03 -8.637196e-04 9.999970e-01 8.534286e+00
1.000000e+00 1.357581e-04 -9.790109e-05 -2.198545e+00 -1.358883e-04 9.999991e-01 -1.330098e-03 -1.216486e-01 9.770936e-05 1.330113e-03 9.999992e-01 8.573538e+00
9.999974e-01 -1.768345e-04 2.275755e-03 -2.201260e+00 1.745074e-04 9.999995e-01 1.022772e-03 -1.199303e-01 -2.275924e-03 -1.022374e-03 9.999968e-01 8.519913e+00
1.000000e+00 1.281429e-04 -1.862205e-04 -2.209821e+00 -1.283930e-04 9.999991e-01 -1.343012e-03 -1.175829e-01 1.860368e-04 1.343038e-03 9.999992e-01 8.450158e+00
9.999976e-01 -2.201571e-04 2.191839e-03 -2.196389e+00 2.179626e-04 9.999995e-01 1.001440e-03 -1.169665e-01 -2.192047e-03 -1.000962e-03 9.999970e-01 8.417834e+00
9.999996e-01 1.951397e-04 -9.062475e-04 -2.265156e+00 -1.963944e-04 9.999990e-01 -1.384407e-03 -1.147113e-01 9.059647e-04 1.384586e-03 9.999987e-01 8.481742e+00
9.999972e-01 -2.401502e-04 2.360308e-03 -2.363221e+00 2.374699e-04 9.999993e-01 1.135858e-03 -1.092780e-01 -2.360567e-03 -1.135297e-03 9.999965e-01 8.452499e+00
9.999997e-01 1.197370e-04 -7.024051e-04 -2.530517e+00 -1.206563e-04 9.999991e-01 -1.308714e-03 -9.684560e-02 7.022357e-04 1.308800e-03 9.999990e-01 8.242450e+00
9.999966e-01 -3.387819e-04 2.599412e-03 -2.776013e+00 3.350375e-04 9.999989e-01 1.440854e-03 -7.927686e-02 -2.599885e-03 -1.439980e-03 9.999955e-01 7.905501e+00
9.999991e-01 2.502973e-04 -1.325351e-03 -2.849182e+00 -2.526464e-04 9.999984e-01 -1.772463e-03 -7.490300e-02 1.324893e-03 1.772799e-03 9.999977e-01 7.881851e+00
9.999959e-01 -3.306636e-04 2.854793e-03 -2.922235e+00 3.264342e-04 9.999988e-01 1.481917e-03 -7.026603e-02 -2.855267e-03 -1.480981e-03 9.999947e-01 7.842307e+00
9.999987e-01 3.256880e-04 -1.553614e-03 -2.950260e+00 -3.286214e-04 9.999982e-01 -1.888169e-03 -7.125709e-02 1.552984e-03 1.888679e-03 9.999971e-01 7.949103e+00
9.999923e-01 -4.582169e-04 3.886085e-03 -2.806521e+00 4.525893e-04 9.999988e-01 1.448927e-03 -7.817774e-02 -3.886731e-03 -1.447159e-03 9.999913e-01 7.974832e+00
9.999984e-01 3.664032e-04 -1.751424e-03 -2.703887e+00 -3.697590e-04 9.999981e-01 -1.916004e-03 -8.225074e-02 1.750705e-03 1.916651e-03 9.999967e-01 7.971813e+00
9.999927e-01 -4.476561e-04 3.803930e-03 -2.614181e+00 4.421204e-04 9.999988e-01 1.456022e-03 -8.610962e-02 -3.804564e-03 -1.454332e-03 9.999916e-01 7.988530e+00
9.999987e-01 3.749224e-04 -1.583178e-03 -2.558788e+00 -3.778886e-04 9.999982e-01 -1.873603e-03 -8.778543e-02 1.582459e-03 1.874202e-03 9.999971e-01 7.971066e+00
9.999946e-01 -4.900000e-04 3.254051e-03 -2.531346e+00 4.855211e-04 9.999989e-01 1.377086e-03 -9.162213e-02 -3.254709e-03 -1.375501e-03 9.999937e-01 8.085951e+00
9.999990e-01 4.486823e-04 -1.364706e-03 -2.502276e+00 -4.511435e-04 9.999983e-01 -1.803575e-03 -9.444253e-02 1.363880e-03 1.804191e-03 9.999975e-01 8.162112e+00
9.999960e-01 -4.717379e-04 2.785559e-03 -2.529705e+00 4.678624e-04 9.999989e-01 1.391869e-03 -9.577026e-02 -2.786199e-03 -1.390563e-03 9.999951e-01 8.287146e+00
9.999988e-01 4.487431e-04 -1.502165e-03 -2.553838e+00 -4.515151e-04 9.999982e-01 -1.845361e-03 -9.816871e-02 1.501320e-03 1.846040e-03 9.999973e-01 8.437580e+00
9.999961e-01 -4.750060e-04 2.737763e-03 -2.589162e+00 4.710864e-04 9.999989e-01 1.432225e-03 -9.725221e-02 -2.738426e-03 -1.430932e-03 9.999951e-01 8.515677e+00
9.999988e-01 4.917546e-04 -1.493566e-03 -2.630030e+00 -4.944450e-04 9.999983e-01 -1.801351e-03 -9.738337e-02 1.492663e-03 1.802090e-03 9.999974e-01 8.630958e+00
9.999966e-01 -4.931194e-04 2.575389e-03 -2.657219e+00 4.896296e-04 9.999990e-01 1.355589e-03 -9.936550e-02 -2.576041e-03 -1.354326e-03 9.999957e-01 8.774136e+00
9.999981e-01 4.328006e-04 -1.890855e-03 -2.694361e+00 -4.361568e-04 9.999983e-01 -1.774808e-03 -1.035510e-01 1.890069e-03 1.775632e-03 9.999967e-01 9.014856e+00
9.999975e-01 -6.042994e-04 2.136600e-03 -2.689471e+00 6.014304e-04 9.999989e-01 1.343285e-03 -1.133099e-01 -2.137395e-03 -1.341999e-03 9.999967e-01 9.408794e+00
9.999996e-01 4.381511e-04 -8.294124e-04 -2.594463e+00 -4.396445e-04 9.999983e-01 -1.801003e-03 -1.238332e-01 8.286071e-04 1.801369e-03 9.999981e-01 9.666375e+00
9.999972e-01 -5.268988e-04 2.296190e-03 -2.548679e+00 5.237336e-04 9.999989e-01 1.378946e-03 -1.300903e-01 -2.296899e-03 -1.377743e-03 9.999963e-01 9.834344e+00
9.999996e-01 5.211133e-04 -6.998115e-04 -2.506049e+00 -5.224510e-04 9.999980e-01 -1.912365e-03 -1.347044e-01 6.987984e-04 1.912733e-03 9.999980e-01 9.951833e+00
9.999973e-01 -5.072385e-04 2.259571e-03 -2.389403e+00 5.041210e-04 9.999989e-01 1.380174e-03 -1.402077e-01 -2.260253e-03 -1.379035e-03 9.999964e-01 9.996074e+00
9.999995e-01 5.189930e-04 -8.154209e-04 -2.265150e+00 -5.205214e-04 9.999981e-01 -1.875019e-03 -1.448393e-01 8.144309e-04 1.875445e-03 9.999980e-01 1.001156e+01
9.999971e-01 -5.918901e-04 2.326623e-03 -2.017713e+00 5.887985e-04 9.999989e-01 1.329354e-03 -1.535760e-01 -2.327392e-03 -1.327983e-03 9.999963e-01 9.973051e+00
9.999995e-01 4.673269e-04 -8.753105e-04 -1.705891e+00 -4.690081e-04 9.999980e-01 -1.921212e-03 -1.653718e-01 8.743953e-04 1.921625e-03 9.999979e-01 9.931143e+00
9.999963e-01 -5.508779e-04 2.670234e-03 -1.540769e+00 5.473773e-04 9.999990e-01 1.311625e-03 -1.736334e-01 -2.670938e-03 -1.310161e-03 9.999955e-01 9.981032e+00
9.999994e-01 5.262109e-04 -9.870713e-04 -1.476591e+00 -5.278688e-04 9.999984e-01 -1.679826e-03 -1.769943e-01 9.861698e-04 1.680349e-03 9.999982e-01 1.003643e+01
9.999964e-01 -5.830051e-04 2.634887e-03 -1.323556e+00 5.800075e-04 9.999992e-01 1.138384e-03 -1.846631e-01 -2.635532e-03 -1.136855e-03 9.999958e-01 1.008734e+01
9.999997e-01 5.203363e-04 -5.525893e-04 -1.292731e+00 -5.210466e-04 9.999990e-01 -1.285507e-03 -1.893317e-01 5.519035e-04 1.285798e-03 9.999991e-01 1.022271e+01
9.999980e-01 -5.533612e-04 1.928523e-03 -1.275993e+00 5.517997e-04 9.999995e-01 8.102964e-04 -1.932262e-01 -1.928954e-03 -8.092339e-04 9.999977e-01 1.035786e+01
9.999997e-01 5.218728e-04 -6.311956e-04 -1.270046e+00 -5.226759e-04 9.999991e-01 -1.272267e-03 -1.953517e-01 6.305144e-04 1.272600e-03 9.999991e-01 1.046124e+01
9.999978e-01 -5.093064e-04 2.056567e-03 -1.248226e+00 5.076917e-04 9.999996e-01 7.857317e-04 -1.981385e-01 -2.056949e-03 -7.846893e-04 9.999975e-01 1.056096e+01
9.999998e-01 5.020827e-04 -2.693518e-04 -1.249877e+00 -5.023245e-04 9.999995e-01 -8.971157e-04 -2.002354e-01 2.688843e-04 8.972543e-04 9.999997e-01 1.067256e+01
9.999975e-01 -6.026014e-04 2.130836e-03 -1.137633e+00 6.017008e-04 9.999997e-01 4.234137e-04 -2.067520e-01 -2.131073e-03 -4.221340e-04 9.999975e-01 1.074550e+01
9.999998e-01 5.572633e-04 -2.618008e-04 -1.009217e+00 -5.574988e-04 9.999994e-01 -8.991243e-04 -2.127366e-01 2.612823e-04 8.992736e-04 9.999997e-01 1.078066e+01
9.999976e-01 -5.799077e-04 2.125479e-03 -8.525331e-01 5.790642e-04 9.999998e-01 3.976412e-04 -2.192132e-01 -2.125692e-03 -3.964131e-04 9.999976e-01 1.078562e+01
9.999998e-01 5.810651e-04 -4.021227e-04 -7.351780e-01 -5.814142e-04 9.999995e-01 -8.677469e-04 -2.247789e-01 4.016006e-04 8.679841e-04 9.999996e-01 1.082145e+01
9.999979e-01 -5.343122e-04 1.964509e-03 -7.401516e-01 5.334211e-04 9.999998e-01 4.542413e-04 -2.250425e-01 -1.964733e-03 -4.531961e-04 9.999979e-01 1.086817e+01
9.999997e-01 5.547073e-04 -5.477400e-04 -7.675447e-01 -5.551315e-04 9.999995e-01 -7.739539e-04 -2.218206e-01 5.472925e-04 7.742615e-04 9.999996e-01 1.082423e+01
9.999961e-01 -6.311318e-04 2.708835e-03 -6.588747e-01 6.301180e-04 9.999997e-01 3.752407e-04 -2.254157e-01 -2.709053e-03 -3.735361e-04 9.999962e-01 1.079368e+01
9.999997e-01 4.588082e-04 -6.919543e-04 -5.202452e-01 -4.593811e-04 9.999996e-01 -8.274411e-04 -2.337207e-01 6.915559e-04 8.277625e-04 9.999995e-01 1.088138e+01
9.999968e-01 -6.037753e-04 2.436458e-03 -3.710510e-01 6.028386e-04 9.999997e-01 3.853215e-04 -2.462836e-01 -2.436672e-03 -3.838554e-04 9.999969e-01 1.109369e+01
9.999998e-01 4.397679e-04 -3.574851e-04 -1.714174e-01 -4.400788e-04 9.999995e-01 -8.689871e-04 -2.589857e-01 3.570840e-04 8.691481e-04 9.999997e-01 1.123216e+01
9.999967e-01 -5.571128e-04 2.509261e-03 -1.419553e-01 5.556161e-04 9.999997e-01 5.972877e-04 -2.579298e-01 -2.509574e-03 -5.958955e-04 9.999966e-01 1.112565e+01
9.999994e-01 5.036199e-04 -9.682927e-04 -1.973330e-01 -5.044674e-04 9.999995e-01 -8.748362e-04 -2.537402e-01 9.678325e-04 8.753281e-04 9.999992e-01 1.106324e+01
9.999959e-01 -5.601435e-04 2.798034e-03 -1.413238e-01 5.589450e-04 9.999998e-01 4.292505e-04 -2.577552e-01 -2.798254e-03 -4.276888e-04 9.999959e-01 1.113549e+01
9.999996e-01 4.067066e-04 -7.371779e-04 1.290125e-02 -4.073936e-04 9.999995e-01 -9.315282e-04 -2.664250e-01 7.367791e-04 9.318322e-04 9.999994e-01 1.121118e+01
9.999959e-01 -5.410854e-04 2.813910e-03 1.183300e-01 5.398562e-04 9.999998e-01 4.377294e-04 -2.714008e-01 -2.814126e-03 -4.362126e-04 9.999958e-01 1.123438e+01
9.999992e-01 4.932080e-04 -1.128369e-03 1.458577e-01 -4.942066e-04 9.999995e-01 -8.844719e-04 -2.743571e-01 1.127913e-03 8.850330e-04 9.999991e-01 1.131005e+01
9.999935e-01 -5.902442e-04 3.543537e-03 2.402484e-01 5.875644e-04 9.999995e-01 7.573580e-04 -2.816542e-01 -3.543962e-03 -7.552753e-04 9.999933e-01 1.142247e+01
9.999987e-01 4.657687e-04 -1.521657e-03 3.834830e-01 -4.676646e-04 9.999991e-01 -1.245538e-03 -2.910494e-01 1.521056e-03 1.246252e-03 9.999982e-01 1.153839e+01
9.999949e-01 -5.566500e-04 3.153471e-03 4.451293e-01 5.541756e-04 9.999995e-01 7.856220e-04 -2.946856e-01 -3.153886e-03 -7.838746e-04 9.999946e-01 1.160590e+01
9.999996e-01 4.882976e-04 -7.614929e-04 6.163250e-01 -4.892155e-04 9.999992e-01 -1.205060e-03 -3.035892e-01 7.608831e-04 1.205436e-03 9.999991e-01 1.165156e+01
9.999922e-01 -7.170857e-04 3.895198e-03 9.389251e-01 7.146117e-04 9.999995e-01 6.366303e-04 -3.231233e-01 -3.895632e-03 -6.338461e-04 9.999921e-01 1.178114e+01
9.999998e-01 3.629827e-04 -4.452539e-04 1.401475e+00 -3.635123e-04 9.999992e-01 -1.188861e-03 -3.501907e-01 4.448007e-04 1.189027e-03 9.999993e-01 1.193387e+01
9.999922e-01 -9.552776e-04 3.824761e-03 2.075621e+00 9.529820e-04 9.999994e-01 6.020903e-04 -3.905819e-01 -3.825312e-03 -5.984452e-04 9.999924e-01 1.226293e+01
9.999998e-01 -1.452243e-05 -6.674549e-04 2.903902e+00 1.384010e-05 9.999995e-01 -1.021503e-03 -4.434180e-01 6.674474e-04 1.021499e-03 9.999994e-01 1.283300e+01
9.999904e-01 -5.039241e-04 4.347854e-03 3.566771e+00 5.019111e-04 9.999998e-01 4.641821e-04 -4.783006e-01 -4.348065e-03 -4.620000e-04 9.999903e-01 1.293439e+01
9.999998e-01 2.665897e-05 -6.568651e-04 4.241784e+00 -2.730272e-05 9.999995e-01 -9.792097e-04 -5.119995e-01 6.568160e-04 9.792321e-04 9.999994e-01 1.297187e+01
9.999916e-01 -4.312310e-04 4.080036e-03 4.776864e+00 4.293357e-04 9.999998e-01 4.655383e-04 -5.385451e-01 -4.080213e-03 -4.637873e-04 9.999915e-01 1.299764e+01
9.999996e-01 1.277840e-04 -9.279255e-04 5.148807e+00 -1.286941e-04 9.999995e-01 -9.801297e-04 -5.579088e-01 9.277765e-04 9.802534e-04 9.999992e-01 1.305590e+01
9.999954e-01 -2.782698e-04 3.029842e-03 5.099744e+00 2.764456e-04 9.999998e-01 6.026781e-04 -5.538610e-01 -3.029985e-03 -6.018426e-04 9.999951e-01 1.298734e+01
9.999996e-01 1.689125e-04 -8.499221e-04 5.014465e+00 -1.696900e-04 9.999996e-01 -9.141401e-04 -5.500420e-01 8.497436e-04 9.142888e-04 9.999993e-01 1.298257e+01
9.999954e-01 -3.245414e-04 3.010036e-03 5.202775e+00 3.231123e-04 9.999998e-01 4.754338e-04 -5.653943e-01 -3.010166e-03 -4.744639e-04 9.999953e-01 1.322620e+01
9.999995e-01 1.942803e-04 -9.972886e-04 5.312811e+00 -1.952121e-04 9.999995e-01 -9.336470e-04 -5.748005e-01 9.970826e-04 9.338461e-04 9.999992e-01 1.339736e+01
9.999939e-01 -4.225227e-04 3.477162e-03 5.456912e+00 4.207948e-04 9.999998e-01 4.978220e-04 -5.848083e-01 -3.477348e-03 -4.963608e-04 9.999937e-01 1.352827e+01
9.999998e-01 8.765896e-05 -5.501793e-04 5.748807e+00 -8.816291e-05 9.999996e-01 -9.148647e-04 -6.026998e-01 5.500742e-04 9.149180e-04 9.999995e-01 1.368155e+01
9.999945e-01 -2.097620e-04 3.314917e-03 6.004448e+00 2.081856e-04 9.999999e-01 4.760794e-04 -6.175671e-01 -3.314992e-03 -4.753918e-04 9.999943e-01 1.378890e+01
9.999990e-01 1.471906e-04 -1.430402e-03 6.077277e+00 -1.485435e-04 9.999995e-01 -9.452360e-04 -6.250102e-01 1.430237e-03 9.454526e-04 9.999986e-01 1.394575e+01
9.999940e-01 -2.036680e-04 3.459365e-03 6.103053e+00 2.017786e-04 9.999998e-01 5.467108e-04 -6.272804e-01 -3.459450e-03 -5.460146e-04 9.999938e-01 1.400562e+01
9.999995e-01 1.312957e-04 -9.721041e-04 6.205962e+00 -1.322536e-04 9.999995e-01 -9.846036e-04 -6.343068e-01 9.719488e-04 9.847368e-04 9.999991e-01 1.409919e+01
9.999969e-01 -1.225374e-04 2.497454e-03 6.134495e+00 1.209779e-04 9.999998e-01 6.248306e-04 -6.320287e-01 -2.497504e-03 -6.245317e-04 9.999966e-01 1.415240e+01
9.999995e-01 1.147532e-04 -1.025446e-03 6.025074e+00 -1.156454e-04 9.999996e-01 -8.694045e-04 -6.279037e-01 1.025320e-03 8.695278e-04 9.999992e-01 1.416866e+01
9.999966e-01 -1.013297e-04 2.610124e-03 6.014108e+00 1.002079e-04 9.999999e-01 4.301849e-04 -6.308631e-01 -2.610141e-03 -4.299271e-04 9.999964e-01 1.430939e+01
9.999999e-01 9.589376e-05 -3.564675e-04 6.064242e+00 -9.620456e-05 9.999996e-01 -8.699465e-04 -6.337074e-01 3.563578e-04 8.699861e-04 9.999997e-01 1.434265e+01
9.999969e-01 -9.357954e-05 2.467558e-03 6.069148e+00 9.233663e-05 9.999999e-01 5.041102e-04 -6.347241e-01 -2.467578e-03 -5.038862e-04 9.999967e-01 1.437657e+01
1.000000e+00 6.047599e-06 1.427780e-04 6.181770e+00 -5.916882e-06 9.999996e-01 -9.206855e-04 -6.398342e-01 -1.428102e-04 9.206900e-04 9.999997e-01 1.437881e+01
9.999971e-01 9.876103e-06 2.398743e-03 6.270789e+00 -1.118944e-05 9.999998e-01 5.478156e-04 -6.429865e-01 -2.398711e-03 -5.478463e-04 9.999969e-01 1.435267e+01
9.999998e-01 -1.813596e-04 6.262890e-04 6.588874e+00 1.820332e-04 9.999994e-01 -1.076935e-03 -6.591384e-01 -6.261205e-04 1.077054e-03 9.999993e-01 1.439199e+01
9.999975e-01 4.441359e-06 2.217190e-03 6.894429e+00 -5.712095e-06 9.999998e-01 5.734820e-04 -6.743405e-01 -2.217159e-03 -5.734988e-04 9.999973e-01 1.442797e+01
9.999999e-01 -4.512838e-05 -4.110213e-04 6.924809e+00 4.471079e-05 9.999995e-01 -1.014013e-03 -6.780362e-01 4.110392e-04 1.014000e-03 9.999995e-01 1.453097e+01
9.999964e-01 2.375997e-06 2.674836e-03 7.004816e+00 -4.034742e-06 9.999998e-01 6.204303e-04 -6.806437e-01 -2.674806e-03 -6.204445e-04 9.999961e-01 1.451274e+01
9.999997e-01 -3.715768e-05 -7.711729e-04 6.995665e+00 3.638828e-05 9.999995e-01 -9.966255e-04 -6.810664e-01 7.711815e-04 9.966028e-04 9.999993e-01 1.454881e+01
9.999965e-01 -2.414357e-06 2.657292e-03 7.028149e+00 8.274935e-07 9.999998e-01 5.974900e-04 -6.847086e-01 -2.657265e-03 -5.974914e-04 9.999962e-01 1.464441e+01
9.999998e-01 -6.385273e-05 -6.658167e-04 7.083496e+00 6.315034e-05 9.999994e-01 -1.053643e-03 -6.899988e-01 6.658552e-04 1.053606e-03 9.999993e-01 1.476056e+01
9.999963e-01 4.580370e-07 2.703301e-03 7.135883e+00 -2.003937e-06 9.999998e-01 5.721735e-04 -6.947029e-01 -2.703272e-03 -5.721826e-04 9.999961e-01 1.486888e+01
1.000000e+00 -1.244224e-04 1.263076e-04 7.360693e+00 1.245647e-04 9.999993e-01 -1.133603e-03 -7.078134e-01 -1.261953e-04 1.133625e-03 9.999994e-01 1.495902e+01
9.999959e-01 -4.526172e-05 2.876294e-03 7.626030e+00 4.355090e-05 9.999998e-01 5.951745e-04 -7.240020e-01 -2.876291e-03 -5.950527e-04 9.999956e-01 1.507390e+01
9.999999e-01 -6.098668e-05 -3.810053e-04 7.786456e+00 6.057080e-05 9.999994e-01 -1.089107e-03 -7.340688e-01 3.810421e-04 1.089089e-03 9.999994e-01 1.517528e+01
9.999974e-01 9.316294e-05 2.271847e-03 7.787271e+00 -9.474232e-05 9.999998e-01 6.955060e-04 -7.338503e-01 -2.271752e-03 -6.957254e-04 9.999971e-01 1.521230e+01
9.999996e-01 -3.164489e-05 -8.726009e-04 7.730587e+00 3.067010e-05 9.999994e-01 -1.116052e-03 -7.326584e-01 8.726060e-04 1.116031e-03 9.999991e-01 1.528870e+01
9.999974e-01 7.961235e-05 2.274020e-03 7.665891e+00 -8.125464e-05 9.999997e-01 7.225302e-04 -7.318537e-01 -2.273932e-03 -7.227191e-04 9.999971e-01 1.539459e+01
9.999998e-01 -4.179369e-05 -5.796928e-04 7.645393e+00 4.114701e-05 9.999994e-01 -1.113895e-03 -7.328597e-01 5.797089e-04 1.113877e-03 9.999993e-01 1.548298e+01
9.999967e-01 1.113178e-04 2.554090e-03 7.668058e+00 -1.133015e-04 9.999997e-01 7.769203e-04 -7.331557e-01 -2.553972e-03 -7.772132e-04 9.999963e-01 1.548770e+01
9.999992e-01 -3.572263e-05 -1.240414e-03 7.696447e+00 3.414718e-05 9.999992e-01 -1.269327e-03 -7.390728e-01 1.240428e-03 1.269290e-03 9.999985e-01 1.566157e+01
9.999959e-01 -1.392529e-04 2.871001e-03 7.772276e+00 1.327302e-04 9.999974e-01 2.272347e-03 -7.575268e-01 -2.871279e-03 -2.271962e-03 9.999932e-01 1.624713e+01
9.999988e-01 -1.622261e-04 -1.548044e-03 7.906762e+00 1.598888e-04 9.999988e-01 -1.509247e-03 -7.812686e-01 1.548257e-03 1.509003e-03 9.999978e-01 1.691640e+01
9.999927e-01 -8.466542e-05 3.822313e-03 8.089751e+00 7.745744e-05 9.999982e-01 1.886130e-03 -8.011011e-01 -3.822435e-03 -1.885826e-03 9.999908e-01 1.733753e+01
9.999960e-01 -1.020990e-04 -2.815978e-03 8.384079e+00 9.565111e-05 9.999974e-01 -2.289445e-03 -8.272956e-01 2.816173e-03 2.289173e-03 9.999935e-01 1.780241e+01
9.999882e-01 -1.140463e-04 4.863101e-03 8.494969e+00 9.876002e-05 9.999951e-01 3.143646e-03 -8.459515e-01 -4.863404e-03 -3.143135e-03 9.999831e-01 1.832962e+01
9.999958e-01 1.021070e-04 -2.888005e-03 8.526130e+00 -1.109856e-04 9.999953e-01 -3.073997e-03 -8.533577e-01 2.887646e-03 3.074311e-03 9.999912e-01 1.854793e+01
9.999917e-01 -3.922354e-05 4.082002e-03 8.458574e+00 2.847853e-05 9.999965e-01 2.632560e-03 -8.533863e-01 -4.082060e-03 -2.632428e-03 9.999881e-01 1.867214e+01
9.999967e-01 3.485852e-05 -2.562901e-03 8.352868e+00 -4.202938e-05 9.999961e-01 -2.797576e-03 -8.480244e-01 2.562762e-03 2.797680e-03 9.999929e-01 1.863097e+01
9.999910e-01 -8.303707e-05 4.238035e-03 8.336382e+00 7.255464e-05 9.999969e-01 2.473754e-03 -8.482465e-01 -4.238196e-03 -2.473430e-03 9.999879e-01 1.869564e+01
9.999974e-01 1.999976e-05 -2.276278e-03 8.498245e+00 -2.638020e-05 9.999961e-01 -2.802592e-03 -8.535042e-01 2.276181e-03 2.802651e-03 9.999936e-01 1.862955e+01
9.999922e-01 -1.698929e-04 3.939378e-03 8.698740e+00 1.599576e-04 9.999968e-01 2.522514e-03 -8.566850e-01 -3.939762e-03 -2.521870e-03 9.999890e-01 1.842586e+01
9.999987e-01 5.801086e-05 -1.638258e-03 8.858871e+00 -6.299312e-05 9.999954e-01 -3.040699e-03 -8.658465e-01 1.638042e-03 3.040805e-03 9.999941e-01 1.849343e+01
9.999918e-01 -2.325995e-04 4.053208e-03 9.087652e+00 2.222267e-04 9.999967e-01 2.559683e-03 -8.798393e-01 -4.053758e-03 -2.558767e-03 9.999884e-01 1.861116e+01
9.999977e-01 1.459475e-04 -2.122454e-03 9.170912e+00 -1.523030e-04 9.999955e-01 -2.994072e-03 -8.843553e-01 2.121974e-03 2.994395e-03 9.999934e-01 1.863600e+01
9.999945e-01 -1.710375e-04 3.322089e-03 9.128300e+00 1.618033e-04 9.999961e-01 2.780041e-03 -8.821861e-01 -3.322519e-03 -2.779495e-03 9.999905e-01 1.864035e+01
9.999989e-01 9.654308e-05 -1.452163e-03 9.219414e+00 -1.009576e-04 9.999954e-01 -3.039453e-03 -8.881475e-01 1.451830e-03 3.039602e-03 9.999944e-01 1.871975e+01
9.999962e-01 -3.547533e-04 2.739040e-03 9.377955e+00 3.477272e-04 9.999966e-01 2.565650e-03 -9.026432e-01 -2.739908e-03 -2.564694e-03 9.999929e-01 1.900376e+01
9.999990e-01 1.557110e-04 -1.399585e-03 9.531348e+00 -1.598793e-04 9.999956e-01 -2.977832e-03 -9.177268e-01 1.399082e-03 2.978059e-03 9.999947e-01 1.931469e+01
9.999962e-01 -1.578413e-04 2.761192e-03 9.523865e+00 1.509538e-04 9.999969e-01 2.494846e-03 -9.211818e-01 -2.761544e-03 -2.494426e-03 9.999930e-01 1.946422e+01
9.999978e-01 1.322792e-04 -2.091195e-03 9.369824e+00 -1.379008e-04 9.999964e-01 -2.687786e-03 -9.138755e-01 2.090798e-03 2.688075e-03 9.999943e-01 1.943612e+01
9.999953e-01 -1.003846e-04 3.060064e-03 9.314262e+00 9.345111e-05 9.999974e-01 2.266221e-03 -9.130933e-01 -3.060250e-03 -2.265931e-03 9.999927e-01 1.953591e+01
9.999991e-01 9.644936e-05 -1.322822e-03 9.327002e+00 -9.967302e-05 9.999970e-01 -2.436269e-03 -9.153406e-01 1.322550e-03 2.436405e-03 9.999963e-01 1.959418e+01
9.999960e-01 -1.951849e-04 2.837826e-03 9.346058e+00 1.894240e-04 9.999979e-01 2.030592e-03 -9.191959e-01 -2.838183e-03 -2.030052e-03 9.999938e-01 1.969178e+01
9.999991e-01 6.966076e-05 -1.321643e-03 9.376031e+00 -7.294246e-05 9.999969e-01 -2.482306e-03 -9.208198e-01 1.321433e-03 2.482407e-03 9.999961e-01 1.970119e+01
9.999933e-01 -2.494857e-04 3.641704e-03 9.383534e+00 2.408426e-04 9.999972e-01 2.373936e-03 -9.154573e-01 -3.642252e-03 -2.373050e-03 9.999905e-01 1.939133e+01
9.999982e-01 -4.263654e-04 -1.849959e-03 8.949465e+00 4.233576e-04 9.999986e-01 -1.625313e-03 -8.818467e-01 1.850615e-03 1.624533e-03 9.999971e-01 1.859308e+01
9.999899e-01 -8.290199e-04 4.416993e-03 7.699086e+00 8.118573e-04 9.999921e-01 3.886233e-03 -7.847216e-01 -4.420145e-03 -3.882614e-03 9.999826e-01 1.625387e+01
9.999981e-01 -1.218258e-03 -1.508363e-03 6.590198e+00 1.216194e-03 9.999983e-01 -1.367462e-03 -6.926852e-01 1.509992e-03 1.365631e-03 9.999980e-01 1.407543e+01
9.999888e-01 1.047471e-03 4.620151e-03 7.012245e+00 -1.050612e-03 9.999992e-01 6.776010e-04 -7.117290e-01 -4.619403e-03 -6.824536e-04 9.999890e-01 1.406730e+01
9.999966e-01 -1.101515e-03 -2.345240e-03 7.203003e+00 1.098364e-03 9.999985e-01 -1.343970e-03 -7.226579e-01 2.346682e-03 1.341396e-03 9.999964e-01 1.416996e+01
9.999885e-01 9.434467e-04 4.705407e-03 7.344541e+00 -9.473638e-04 9.999992e-01 8.305533e-04 -7.302536e-01 -4.704584e-03 -8.350077e-04 9.999885e-01 1.418850e+01
9.999970e-01 -1.156976e-03 -2.182345e-03 7.666012e+00 1.153827e-03 9.999983e-01 -1.443154e-03 -7.464736e-01 2.183975e-03 1.440638e-03 9.999967e-01 1.426086e+01
9.999908e-01 8.975787e-04 4.190425e-03 7.881561e+00 -9.012764e-04 9.999992e-01 8.809081e-04 -7.584874e-01 -4.189595e-03 -8.846831e-04 9.999907e-01 1.436343e+01
9.999974e-01 -1.150319e-03 -1.980604e-03 8.188432e+00 1.147605e-03 9.999984e-01 -1.370024e-03 -7.767119e-01 1.982141e-03 1.367753e-03 9.999972e-01 1.452675e+01
9.999900e-01 6.507924e-04 4.428861e-03 8.592571e+00 -6.547054e-04 9.999994e-01 8.824078e-04 -8.030893e-01 -4.428247e-03 -8.853050e-04 9.999897e-01 1.480669e+01
9.999983e-01 -9.770593e-04 -1.596805e-03 9.001714e+00 9.747013e-04 9.999984e-01 -1.476032e-03 -8.231966e-01 1.598208e-03 1.474479e-03 9.999977e-01 1.487493e+01
9.999896e-01 7.810051e-04 4.498662e-03 9.397256e+00 -7.845499e-04 9.999994e-01 7.865304e-04 -8.440656e-01 -4.498008e-03 -7.900582e-04 9.999895e-01 1.497001e+01
9.999981e-01 -1.271328e-03 -1.455876e-03 9.754867e+00 1.270444e-03 9.999990e-01 -6.070898e-04 -8.693425e-01 1.456609e-03 6.052457e-04 9.999989e-01 1.529594e+01
9.999898e-01 8.021005e-04 4.443739e-03 1.009553e+01 -8.054987e-04 9.999994e-01 7.632691e-04 -8.936230e-01 -4.443086e-03 -7.668473e-04 9.999897e-01 1.562028e+01
9.999971e-01 -1.193363e-03 -2.110661e-03 1.045244e+01 1.190661e-03 9.999985e-01 -1.280027e-03 -9.160437e-01 2.112148e-03 1.277517e-03 9.999970e-01 1.585270e+01
9.999907e-01 1.005673e-03 4.196805e-03 1.065466e+01 -1.008754e-03 9.999992e-01 7.325553e-04 -9.288408e-01 -4.196027e-03 -7.367887e-04 9.999908e-01 1.598805e+01
9.999965e-01 -1.148359e-03 -2.380009e-03 1.083981e+01 1.145338e-03 9.999985e-01 -1.269763e-03 -9.427364e-01 2.381425e-03 1.267040e-03 9.999965e-01 1.619697e+01
9.999892e-01 6.594679e-04 4.593924e-03 1.131007e+01 -6.629301e-04 9.999995e-01 7.524852e-04 -9.736429e-01 -4.593387e-03 -7.555294e-04 9.999891e-01 1.654486e+01
9.999960e-01 -1.231643e-03 -2.557667e-03 1.178122e+01 1.228221e-03 9.999984e-01 -1.338219e-03 -1.006732e+00 2.559273e-03 1.335079e-03 9.999959e-01 1.697106e+01
9.999847e-01 5.714684e-04 5.500502e-03 1.215120e+01 -5.808007e-04 9.999984e-01 1.695439e-03 -1.036272e+00 -5.499486e-03 -1.698615e-03 9.999833e-01 1.744193e+01
9.999953e-01 -1.194939e-03 -2.818011e-03 1.256895e+01 1.188919e-03 9.999970e-01 -2.136423e-03 -1.063997e+00 2.820517e-03 2.133070e-03 9.999938e-01 1.773852e+01
9.999843e-01 7.298331e-04 5.560337e-03 1.297233e+01 -7.384374e-04 9.999985e-01 1.545821e-03 -1.087579e+00 -5.559161e-03 -1.549909e-03 9.999833e-01 1.792917e+01
9.999925e-01 -1.176660e-03 -3.695735e-03 1.319574e+01 1.169113e-03 9.999972e-01 -2.043253e-03 -1.105054e+00 3.698090e-03 2.038924e-03 9.999912e-01 1.819850e+01
9.999907e-01 6.599120e-04 4.250405e-03 1.351422e+01 -6.662347e-04 9.999987e-01 1.486643e-03 -1.136651e+00 -4.249379e-03 -1.489468e-03 9.999898e-01 1.883996e+01
9.999981e-01 -9.775341e-04 -1.660469e-03 1.387069e+01 9.740324e-04 9.999973e-01 -2.107506e-03 -1.156492e+00 1.662485e-03 2.105892e-03 9.999965e-01 1.900306e+01
9.999900e-01 6.501024e-04 4.427120e-03 1.430620e+01 -6.558914e-04 9.999989e-01 1.306646e-03 -1.180934e+00 -4.426226e-03 -1.309544e-03 9.999893e-01 1.918707e+01
9.999952e-01 -1.364257e-03 -2.784724e-03 1.470951e+01 1.359173e-03 9.999974e-01 -1.826056e-03 -1.212670e+00 2.787168e-03 1.822269e-03 9.999946e-01 1.968575e+01
9.999884e-01 7.236326e-04 4.756410e-03 1.507729e+01 -7.303647e-04 9.999987e-01 1.414121e-03 -1.240598e+00 -4.755341e-03 -1.417586e-03 9.999876e-01 2.009875e+01
9.999952e-01 -1.326673e-03 -2.810776e-03 1.539433e+01 1.321240e-03 9.999973e-01 -1.933344e-03 -1.265852e+00 2.813293e-03 1.929628e-03 9.999943e-01 2.049142e+01
9.999935e-01 8.125659e-04 3.524379e-03 1.557343e+01 -8.174906e-04 9.999987e-01 1.396558e-03 -1.288120e+00 -3.523199e-03 -1.399438e-03 9.999927e-01 2.100939e+01
9.999982e-01 -1.371052e-03 -1.277087e-03 1.580585e+01 1.369105e-03 9.999979e-01 -1.522572e-03 -1.309917e+00 1.279131e-03 1.520829e-03 9.999981e-01 2.142208e+01
9.999947e-01 9.131147e-04 3.121365e-03 1.598264e+01 -9.180732e-04 9.999983e-01 1.588027e-03 -1.330310e+00 -3.119869e-03 -1.590891e-03 9.999938e-01 2.188751e+01
9.999974e-01 -1.492951e-03 -1.735060e-03 1.624496e+01 1.489927e-03 9.999974e-01 -1.741967e-03 -1.356091e+00 1.737615e-03 1.739384e-03 9.999971e-01 2.242097e+01
9.999916e-01 9.218116e-04 3.992469e-03 1.651979e+01 -9.295580e-04 9.999977e-01 1.939261e-03 -1.381820e+00 -3.990631e-03 -1.942963e-03 9.999901e-01 2.290399e+01
9.999955e-01 -1.468292e-03 -2.604865e-03 1.675878e+01 1.461856e-03 9.999959e-01 -2.470247e-03 -1.405452e+00 2.608440e-03 2.466435e-03 9.999937e-01 2.337301e+01
9.999924e-01 9.702519e-04 3.764371e-03 1.692316e+01 -9.785855e-04 9.999971e-01 2.213062e-03 -1.427857e+00 -3.762171e-03 -2.216737e-03 9.999904e-01 2.392398e+01
9.999976e-01 -1.609729e-03 -1.477663e-03 1.720327e+01 1.606453e-03 9.999963e-01 -2.214456e-03 -1.452184e+00 1.481181e-03 2.212085e-03 9.999966e-01 2.436426e+01
9.999935e-01 1.063604e-03 3.434486e-03 1.758789e+01 -1.069489e-03 9.999980e-01 1.712410e-03 -1.476870e+00 -3.432616e-03 -1.716080e-03 9.999925e-01 2.465264e+01
9.999979e-01 -1.428579e-03 -1.456474e-03 1.789651e+01 1.425175e-03 9.999963e-01 -2.333965e-03 -1.493367e+00 1.459761e-03 2.331892e-03 9.999963e-01 2.475284e+01
9.999952e-01 1.120983e-03 2.876057e-03 1.815519e+01 -1.126006e-03 9.999978e-01 1.746092e-03 -1.511307e+00 -2.874051e-03 -1.749330e-03 9.999942e-01 2.500072e+01
9.999986e-01 -1.492203e-03 -7.802190e-04 1.854035e+01 1.490352e-03 9.999961e-01 -2.365583e-03 -1.534118e+00 7.837036e-04 2.364425e-03 9.999970e-01 2.520517e+01
9.999943e-01 1.126270e-03 3.178127e-03 1.892118e+01 -1.131684e-03 9.999979e-01 1.702808e-03 -1.555850e+00 -3.176160e-03 -1.706402e-03 9.999934e-01 2.534182e+01
9.999979e-01 -1.308551e-03 -1.565757e-03 1.895241e+01 1.305004e-03 9.999966e-01 -2.263123e-03 -1.562574e+00 1.568670e-03 2.261083e-03 9.999963e-01 2.553182e+01
