9.999967e-01 -2.188744e-04 2.548732e-03 1.715646e-01 2.201142e-04 9.999999e-01 -4.861553e-04 -1.140582e-02 -2.548625e-03 4.867143e-04 9.999967e-01 1.152278e-01
9.999999e-01 2.896444e-06 3.790868e-04 4.111204e-01 -2.895248e-06 1.000000e+00 -3.108882e-06 -2.493688e-02 -3.790862e-04 3.108165e-06 9.999998e-01 1.988937e-01
9.999949e-01 -3.628736e-04 3.171634e-03 9.546904e-01 3.646061e-04 9.999998e-01 -5.457048e-04 -5.222111e-02 -3.171437e-03 5.468581e-04 9.999949e-01 2.441595e-01
9.999998e-01 -1.225189e-04 5.399842e-04 1.617934e+00 1.225304e-04 1.000000e+00 -2.119389e-05 -8.601937e-02 -5.399803e-04 2.126032e-05 9.999998e-01 3.075039e-01
9.999954e-01 -3.034920e-04 3.008031e-03 2.147794e+00 3.050615e-04 9.999998e-01 -5.213200e-04 -1.143449e-01 -3.007874e-03 5.222350e-04 9.999954e-01 4.075167e-01
9.999999e-01 -5.859071e-05 4.354470e-04 2.591883e+00 5.860697e-05 1.000000e+00 -3.728830e-05 -1.368651e-01 -4.354428e-04 3.731398e-05 9.999998e-01 4.596430e-01
9.999958e-01 -2.530522e-04 2.878626e-03 2.997984e+00 2.545010e-04 9.999998e-01 -5.029514e-04 -1.580140e-01 -2.878501e-03 5.036818e-04 9.999958e-01 5.240591e-01
1.000000e+00 -1.873731e-05 2.143146e-04 3.325921e+00 1.874360e-05 1.000000e+00 -2.925828e-05 -1.759539e-01 -2.143114e-04 2.926235e-05 9.999999e-01 5.909620e-01
9.999971e-01 -9.556533e-05 2.424672e-03 3.530180e+00 9.667782e-05 9.999999e-01 -4.587143e-04 -1.869250e-01 -2.424630e-03 4.589474e-04 9.999971e-01 6.405335e-01
1.000000e+00 4.225465e-05 -2.696204e-04 3.584293e+00 -4.226176e-05 1.000000e+00 -2.645189e-05 -1.923856e-01 2.696224e-04 2.646324e-05 9.999999e-01 7.624097e-01
9.999990e-01 -9.201670e-05 1.414102e-03 3.610066e+00 9.267791e-05 9.999999e-01 -4.675382e-04 -2.030750e-01 -1.414062e-03 4.676689e-04 9.999990e-01 1.099975e+00
1.000000e+00 1.211589e-04 -5.641688e-05 3.599899e+00 -1.211613e-04 1.000000e+00 -4.276204e-05 -2.083737e-01 5.641509e-05 4.276873e-05 9.999999e-01 1.322006e+00
9.999992e-01 -1.655869e-05 1.295991e-03 3.427901e+00 1.676005e-05 1.000000e+00 -1.553717e-04 -2.024063e-01 -1.295992e-03 1.553935e-04 9.999992e-01 1.366420e+00
9.999999e-01 -4.054201e-06 4.693866e-04 3.382247e+00 4.175430e-06 1.000000e+00 -2.582245e-04 -2.014319e-01 -4.693819e-04 2.582262e-04 9.999998e-01 1.415457e+00
9.999982e-01 -9.766807e-05 1.883504e-03 3.477681e+00 9.816762e-05 1.000000e+00 -2.651436e-04 -2.083749e-01 -1.883482e-03 2.653283e-04 9.999983e-01 1.519965e+00
1.000000e+00 6.542558e-05 2.430297e-04 3.526128e+00 -6.537356e-05 1.000000e+00 -2.139593e-04 -2.129121e-01 -2.430396e-04 2.139431e-04 9.999998e-01 1.627217e+00
9.999990e-01 -6.608996e-05 1.379058e-03 3.537978e+00 6.643293e-05 1.000000e+00 -2.486705e-04 -2.167483e-01 -1.379046e-03 2.487622e-04 9.999991e-01 1.760425e+00
9.999996e-01 5.642642e-06 8.568613e-04 3.545665e+00 -5.543905e-06 1.000000e+00 -1.152025e-04 -2.170685e-01 -8.568574e-04 1.151973e-04 9.999995e-01 1.774385e+00
9.999993e-01 -1.428676e-04 1.150842e-03 3.498614e+00 1.429631e-04 1.000000e+00 -8.293998e-05 -2.106136e-01 -1.150835e-03 8.310486e-05 9.999994e-01 1.606368e+00
9.999988e-01 3.020473e-05 1.555259e-03 3.686853e+00 -2.959117e-05 9.999999e-01 -3.945108e-04 -2.189510e-01 -1.555266e-03 3.944639e-04 9.999986e-01 1.610343e+00
9.999991e-01 -2.540058e-04 1.305530e-03 3.958351e+00 2.541374e-04 1.000000e+00 -1.006921e-04 -2.331656e-01 -1.305509e-03 1.010243e-04 9.999992e-01 1.677615e+00
9.999998e-01 1.673749e-04 6.681245e-04 3.995026e+00 -1.671275e-04 9.999999e-01 -3.703316e-04 -2.363260e-01 -6.681809e-04 3.702193e-04 9.999996e-01 1.766777e+00
9.999997e-01 -1.345696e-04 7.727437e-04 3.989603e+00 1.346315e-04 1.000000e+00 -8.006113e-05 -2.403263e-01 -7.727385e-04 8.016574e-05 9.999998e-01 1.934060e+00
9.999982e-01 -4.746277e-04 1.811571e-03 3.152635e+00 4.726196e-04 9.999993e-01 1.108760e-03 -1.752229e-01 -1.812090e-03 -1.107902e-03 9.999976e-01 3.765020e-01
9.999988e-01 -1.523513e-03 4.125182e-04 2.027678e+00 1.522961e-03 9.999980e-01 1.333262e-03 -8.702258e-02 -4.145547e-04 -1.332632e-03 9.999991e-01 -1.590742e+00
9.999981e-01 8.218576e-04 1.794766e-03 1.477060e+00 -8.210813e-04 9.999996e-01 -4.332450e-04 -4.096749e-02 -1.795115e-03 4.317704e-04 9.999982e-01 -2.740267e+00
9.999944e-01 -3.321923e-03 5.104677e-04 8.020433e-02 3.320123e-03 9.999884e-01 3.487893e-03 7.504419e-02 -5.220549e-04 -3.486179e-03 9.999939e-01 -5.655379e+00
9.999977e-01 5.431018e-04 2.060373e-03 -1.404764e+00 -5.427157e-04 9.999998e-01 -1.879301e-04 2.000130e-01 -2.060468e-03 1.868119e-04 9.999978e-01 -8.708306e+00
9.999973e-01 -2.221533e-03 7.422775e-04 -2.135851e+00 2.219971e-03 9.999953e-01 2.098931e-03 2.759045e-01 -7.469440e-04 -2.097278e-03 9.999976e-01 -1.083113e+01
9.999970e-01 1.167474e-03 2.142461e-03 -2.546658e+00 -1.165445e-03 9.999989e-01 -9.480384e-04 3.302003e-01 -2.143558e-03 9.455394e-04 9.999972e-01 -1.257359e+01
9.999970e-01 -2.402617e-03 5.497312e-04 -3.083556e+00 2.401365e-03 9.999945e-01 2.267899e-03 3.902692e-01 -5.551848e-04 -2.266572e-03 9.999974e-01 -1.435319e+01
9.999971e-01 1.420086e-03 1.961822e-03 -3.543794e+00 -1.417303e-03 9.999980e-01 -1.419314e-03 4.396133e-01 -1.963825e-03 1.416530e-03 9.999970e-01 -1.573925e+01
9.999976e-01 -2.117798e-03 5.354596e-04 -3.836475e+00 2.116747e-03 9.999958e-01 1.956714e-03 4.728461e-01 -5.396094e-04 -1.955577e-03 9.999980e-01 -1.670198e+01
9.999969e-01 1.516985e-03 1.965380e-03 -4.016012e+00 -1.513915e-03 9.999976e-01 -1.562343e-03 4.988148e-01 -1.967737e-03 1.559363e-03 9.999967e-01 -1.756929e+01
9.999979e-01 -1.970358e-03 5.831826e-04 -4.251080e+00 1.969189e-03 9.999961e-01 1.997789e-03 5.288651e-01 -5.871253e-04 -1.996638e-03 9.999979e-01 -1.849163e+01
9.999976e-01 1.313750e-03 1.756410e-03 -4.559797e+00 -1.311225e-03 9.999981e-01 -1.438253e-03 5.660253e-01 -1.758287e-03 1.435947e-03 9.999973e-01 -1.960457e+01
9.999981e-01 -1.922474e-03 2.541427e-04 -4.986735e+00 1.921979e-03 9.999963e-01 1.933562e-03 6.076344e-01 -2.578681e-04 -1.933071e-03 9.999982e-01 -2.069071e+01
9.999980e-01 1.279668e-03 1.511430e-03 -5.467619e+00 -1.277580e-03 9.999982e-01 -1.381488e-03 6.483033e-01 -1.513186e-03 1.379555e-03 9.999978e-01 -2.165477e+01
9.999980e-01 -2.006806e-03 -1.220794e-04 -5.969636e+00 2.007053e-03 9.999959e-01 2.059068e-03 6.893869e-01 1.179373e-04 -2.059310e-03 9.999980e-01 -2.261108e+01
9.999980e-01 1.091140e-03 1.694693e-03 -6.538447e+00 -1.089153e-03 9.999987e-01 -1.173055e-03 7.385871e-01 -1.695961e-03 1.171208e-03 9.999978e-01 -2.380697e+01
9.999982e-01 -1.866002e-03 2.075009e-04 -7.011080e+00 1.865589e-03 9.999963e-01 1.976955e-03 7.850178e-01 -2.111988e-04 -1.976566e-03 9.999981e-01 -2.503937e+01
9.999986e-01 1.039007e-03 1.324364e-03 -7.358565e+00 -1.037327e-03 9.999987e-01 -1.268699e-03 8.275936e-01 -1.325670e-03 1.267325e-03 9.999982e-01 -2.629204e+01
9.999987e-01 -1.592724e-03 2.040473e-04 -7.616135e+00 1.592395e-03 9.999974e-01 1.605505e-03 8.551837e-01 -2.066140e-04 -1.605180e-03 9.999988e-01 -2.704601e+01
9.999983e-01 1.017457e-03 1.534296e-03 -8.019636e+00 -1.015686e-03 9.999988e-01 -1.154612e-03 8.904263e-01 -1.535458e-03 1.153053e-03 9.999981e-01 -2.788465e+01
9.999981e-01 -1.973772e-03 5.661098e-06 -8.627381e+00 1.973756e-03 9.999959e-01 2.066752e-03 9.407262e-01 -9.750757e-06 -2.066738e-03 9.999980e-01 -2.907175e+01
9.999988e-01 9.721622e-04 1.210227e-03 -9.133797e+00 -9.707091e-04 9.999988e-01 -1.200777e-03 9.883102e-01 -1.211383e-03 1.199602e-03 9.999984e-01 -3.029627e+01
9.999984e-01 -1.744864e-03 3.813482e-04 -9.531793e+00 1.744148e-03 9.999967e-01 1.868998e-03 1.032212e+00 -3.846188e-04 -1.868331e-03 9.999983e-01 -3.152125e+01
9.999989e-01 7.168675e-04 1.322980e-03 -1.006422e+01 -7.156727e-04 9.999993e-01 -9.033661e-04 1.081763e+00 -1.323616e-03 9.024202e-04 9.999986e-01 -3.279253e+01
9.999983e-01 -1.854376e-03 1.672318e-04 -1.050183e+01 1.854054e-03 9.999965e-01 1.908287e-03 1.122664e+00 -1.707808e-04 -1.907976e-03 9.999983e-01 -3.385754e+01
9.999979e-01 7.936192e-04 1.914830e-03 -1.107358e+01 -7.925312e-04 9.999995e-01 -5.689749e-04 1.166354e+00 -1.915270e-03 5.674582e-04 9.999979e-01 -3.485809e+01
9.999974e-01 -2.290539e-03 -2.292686e-04 -1.212216e+01 2.291233e-03 9.999927e-01 3.072846e-03 1.238948e+00 2.222171e-04 -3.073366e-03 9.999954e-01 -3.648221e+01
9.999996e-01 7.701896e-04 4.326888e-04 -1.340099e+01 -7.701354e-04 9.999997e-01 -1.257161e-04 1.327333e+00 -4.327741e-04 1.253855e-04 9.999998e-01 -3.844858e+01
9.999969e-01 -2.461149e-03 -2.678573e-04 -1.468016e+01 2.461996e-03 9.999918e-01 3.208275e-03 1.418119e+00 2.599477e-04 -3.208927e-03 9.999949e-01 -4.052416e+01
9.999993e-01 1.168229e-03 -3.338306e-04 -1.573233e+01 -1.168502e-03 9.999990e-01 -8.159603e-04 1.493428e+00 3.328883e-04 8.163530e-04 9.999995e-01 -4.224041e+01
9.999968e-01 -2.196194e-03 1.264438e-03 -1.646127e+01 2.193418e-03 9.999952e-01 2.192165e-03 1.545629e+00 -1.269257e-03 -2.189388e-03 9.999969e-01 -4.340473e+01
9.999990e-01 1.433589e-03 -1.297933e-04 -1.704389e+01 -1.433777e-03 9.999979e-01 -1.460702e-03 1.584505e+00 1.277106e-04 1.460890e-03 9.999988e-01 -4.419405e+01
9.999985e-01 -1.579735e-03 6.867291e-04 -1.744250e+01 1.578621e-03 9.999974e-01 1.619084e-03 1.604163e+00 -6.892967e-04 -1.618001e-03 9.999986e-01 -4.441905e+01
9.999982e-01 1.610453e-03 -1.041193e-03 -1.774697e+01 -1.612273e-03 9.999972e-01 -1.749429e-03 1.612324e+00 1.038384e-03 1.751108e-03 9.999978e-01 -4.429668e+01
9.999975e-01 -1.740230e-03 1.411203e-03 -1.806622e+01 1.737734e-03 9.999969e-01 1.767741e-03 1.628555e+00 -1.414286e-03 -1.765288e-03 9.999975e-01 -4.446229e+01
9.999979e-01 1.593459e-03 -1.271662e-03 -1.840707e+01 -1.595708e-03 9.999972e-01 -1.768677e-03 1.644061e+00 1.268852e-03 1.770706e-03 9.999975e-01 -4.457497e+01
9.999979e-01 -1.671649e-03 1.202606e-03 -1.882321e+01 1.669345e-03 9.999968e-01 1.914066e-03 1.660053e+00 -1.205814e-03 -1.912058e-03 9.999975e-01 -4.465474e+01
9.999997e-01 6.802650e-04 2.067385e-04 -1.960484e+01 -6.801793e-04 9.999997e-01 -4.154072e-04 1.710428e+00 -2.070093e-04 4.152701e-04 9.999998e-01 -4.568446e+01
9.999975e-01 -2.155367e-03 6.480422e-04 -2.079649e+01 2.153254e-03 9.999924e-01 3.244385e-03 1.790826e+00 -6.550419e-04 -3.242985e-03 9.999946e-01 -4.744715e+01
9.999992e-01 9.927024e-04 -7.674529e-04 -2.198112e+01 -9.931328e-04 9.999993e-01 -5.603790e-04 1.869084e+00 7.669080e-04 5.611448e-04 9.999994e-01 -4.912060e+01
9.999960e-01 -1.950816e-03 2.068728e-03 -2.297171e+01 1.945520e-03 9.999948e-01 2.558798e-03 1.930497e+00 -2.073721e-03 -2.554767e-03 9.999947e-01 -5.036950e+01
9.999989e-01 8.743280e-04 -1.215526e-03 -2.401597e+01 -8.745756e-04 9.999996e-01 -2.029452e-04 1.998112e+00 1.215360e-03 2.040126e-04 9.999991e-01 -5.178946e+01
9.999958e-01 -2.230468e-03 1.861897e-03 -2.513365e+01 2.225053e-03 9.999933e-01 2.905337e-03 2.074646e+00 -1.868377e-03 -2.901187e-03 9.999941e-01 -5.348773e+01
9.999964e-01 7.674249e-04 -2.567436e-03 -2.638133e+01 -7.669279e-04 9.999997e-01 1.946890e-04 2.162128e+00 2.567596e-03 -1.927142e-04 9.999966e-01 -5.546034e+01
9.999918e-01 -2.009716e-03 3.505942e-03 -2.740083e+01 2.001716e-03 9.999954e-01 2.284009e-03 2.231715e+00 -3.510529e-03 -2.276978e-03 9.999913e-01 -5.698940e+01
9.999960e-01 1.335014e-03 -2.486624e-03 -2.800981e+01 -1.337743e-03 9.999985e-01 -1.095722e-03 2.272522e+00 2.485169e-03 1.099050e-03 9.999962e-01 -5.782115e+01
9.999901e-01 -1.584462e-03 4.151355e-03 -2.835861e+01 1.578917e-03 9.999979e-01 1.338801e-03 2.299904e+00 -4.153479e-03 -1.332239e-03 9.999906e-01 -5.843597e+01
9.999972e-01 9.319766e-04 -2.160236e-03 -2.856335e+01 -9.343828e-04 9.999989e-01 -1.112936e-03 2.319635e+00 2.159209e-03 1.114957e-03 9.999969e-01 -5.898106e+01
9.999912e-01 -9.628284e-04 4.089787e-03 -2.857297e+01 9.596377e-04 9.999992e-01 7.821273e-04 2.319986e+00 -4.090550e-03 -7.782011e-04 9.999914e-01 -5.893119e+01
9.999972e-01 9.669906e-04 -2.147801e-03 -2.857565e+01 -9.693998e-04 9.999989e-01 -1.120781e-03 2.318893e+00 2.146728e-03 1.122865e-03 9.999970e-01 -5.885525e+01
9.999905e-01 -9.103355e-04 4.254156e-03 -2.851812e+01 9.073205e-04 9.999993e-01 7.106798e-04 2.315269e+00 -4.254813e-03 -7.068186e-04 9.999908e-01 -5.879386e+01
9.999972e-01 9.326135e-04 -2.162632e-03 -2.847116e+01 -9.348016e-04 9.999991e-01 -1.010804e-03 2.310664e+00 2.161701e-03 1.012828e-03 9.999971e-01 -5.868893e+01
9.999927e-01 -8.667797e-04 3.715012e-03 -2.851129e+01 8.642528e-04 9.999994e-01 6.818026e-04 2.310894e+00 -3.715614e-03 -6.785922e-04 9.999930e-01 -5.859488e+01
9.999973e-01 1.008313e-03 -2.097703e-03 -2.856268e+01 -1.010550e-03 9.999989e-01 -1.065579e-03 2.309925e+00 2.096640e-03 1.067701e-03 9.999971e-01 -5.847943e+01
9.999905e-01 -1.136304e-03 4.202829e-03 -2.846521e+01 1.133687e-03 9.999992e-01 6.250594e-04 2.301502e+00 -4.203550e-03 -6.202940e-04 9.999911e-01 -5.832824e+01
9.999977e-01 1.092024e-03 -1.821834e-03 -2.839923e+01 -1.093804e-03 9.999989e-01 -9.759221e-04 2.296404e+00 1.820781e-03 9.779178e-04 9.999978e-01 -5.824839e+01
9.999910e-01 -9.860547e-04 4.115197e-03 -2.839554e+01 9.832086e-04 9.999993e-01 6.936651e-04 2.296875e+00 -4.115893e-03 -6.896179e-04 9.999914e-01 -5.824694e+01
9.999972e-01 1.067950e-03 -2.115254e-03 -2.848518e+01 -1.069934e-03 9.999990e-01 -9.368915e-04 2.301059e+00 2.114265e-03 9.391572e-04 9.999972e-01 -5.824288e+01
9.999902e-01 -1.020218e-03 4.299566e-03 -2.850878e+01 1.017434e-03 9.999993e-01 6.496867e-04 2.302785e+00 -4.300241e-03 -6.453109e-04 9.999906e-01 -5.825080e+01
9.999969e-01 1.029062e-03 -2.273950e-03 -2.852337e+01 -1.031355e-03 9.999990e-01 -1.007526e-03 2.303073e+00 2.272926e-03 1.009873e-03 9.999968e-01 -5.820095e+01
9.999906e-01 -9.943889e-04 4.211326e-03 -2.857422e+01 9.913789e-04 9.999993e-01 7.168406e-04 2.306124e+00 -4.212051e-03 -7.126639e-04 9.999910e-01 -5.818983e+01
9.999971e-01 9.915119e-04 -2.193956e-03 -2.862346e+01 -9.935692e-04 9.999991e-01 -9.366262e-04 2.310930e+00 2.193041e-03 9.388083e-04 9.999971e-01 -5.826977e+01
9.999901e-01 -9.727018e-04 4.349499e-03 -2.858693e+01 9.700512e-04 9.999993e-01 6.115616e-04 2.311198e+00 -4.350107e-03 -6.073412e-04 9.999905e-01 -5.830321e+01
9.999962e-01 1.056118e-03 -2.559012e-03 -2.861243e+01 -1.058501e-03 9.999990e-01 -9.299337e-04 2.311873e+00 2.558043e-03 9.326438e-04 9.999962e-01 -5.824199e+01
9.999917e-01 -9.936333e-04 3.945430e-03 -2.866402e+01 9.913123e-04 9.999993e-01 5.902830e-04 2.312471e+00 -3.946030e-03 -5.863718e-04 9.999921e-01 -5.814481e+01
9.999969e-01 1.039455e-03 -2.263690e-03 -2.869963e+01 -1.041567e-03 9.999990e-01 -9.320036e-04 2.312944e+00 2.262735e-03 9.343633e-04 9.999969e-01 -5.806725e+01
9.999907e-01 -9.458283e-04 4.198814e-03 -2.873877e+01 9.434188e-04 9.999994e-01 5.758895e-04 2.314940e+00 -4.199373e-03 -5.719278e-04 9.999911e-01 -5.803297e+01
9.999973e-01 9.449965e-04 -2.113154e-03 -2.871625e+01 -9.470371e-04 9.999991e-01 -9.647283e-04 2.314467e+00 2.112257e-03 9.667318e-04 9.999972e-01 -5.800621e+01
9.999908e-01 -9.211814e-04 4.188213e-03 -2.874164e+01 9.183492e-04 9.999993e-01 6.781910e-04 2.318811e+00 -4.188851e-03 -6.743433e-04 9.999911e-01 -5.810352e+01
9.999974e-01 8.246691e-04 -2.118453e-03 -2.878263e+01 -8.263838e-04 9.999993e-01 -8.084654e-04 2.325776e+00 2.117801e-03 8.102187e-04 9.999973e-01 -5.827991e+01
9.999902e-01 -9.754478e-04 4.314226e-03 -2.884740e+01 9.724043e-04 9.999993e-01 7.075832e-04 2.334433e+00 -4.314931e-03 -7.033858e-04 9.999905e-01 -5.847911e+01
9.999967e-01 7.973889e-04 -2.457327e-03 -2.898549e+01 -7.995023e-04 9.999993e-01 -8.590514e-04 2.345247e+00 2.456658e-03 8.610179e-04 9.999965e-01 -5.864533e+01
9.999913e-01 -8.212573e-04 4.086327e-03 -2.911164e+01 8.188569e-04 9.999995e-01 5.891623e-04 2.352549e+00 -4.086826e-03 -5.858157e-04 9.999916e-01 -5.868957e+01
9.999967e-01 8.327487e-04 -2.443836e-03 -2.919746e+01 -8.351031e-04 9.999992e-01 -9.623955e-04 2.355342e+00 2.443050e-03 9.644378e-04 9.999965e-01 -5.861740e+01
9.999934e-01 -7.958541e-04 3.555422e-03 -2.926656e+01 7.938895e-04 9.999995e-01 5.540432e-04 2.353692e+00 -3.555879e-03 -5.512216e-04 9.999936e-01 -5.842549e+01
9.999974e-01 8.485154e-04 -2.104830e-03 -2.934165e+01 -8.505031e-04 9.999992e-01 -9.434400e-04 2.353287e+00 2.104045e-03 9.452323e-04 9.999972e-01 -5.828191e+01
9.999934e-01 -8.021519e-04 3.553212e-03 -2.939069e+01 8.002424e-04 9.999995e-01 5.389101e-04 2.351241e+00 -3.553660e-03 -5.360676e-04 9.999936e-01 -5.810621e+01
9.999984e-01 7.396547e-04 -1.628110e-03 -2.938720e+01 -7.412761e-04 9.999992e-01 -9.952701e-04 2.348708e+00 1.627391e-03 9.964799e-04 9.999981e-01 -5.800187e+01
9.999927e-01 -8.213376e-04 3.734451e-03 -2.943824e+01 8.190708e-04 9.999995e-01 6.085767e-04 2.350663e+00 -3.734968e-03 -6.055179e-04 9.999929e-01 -5.798563e+01
9.999981e-01 7.809921e-04 -1.796279e-03 -2.946978e+01 -7.829512e-04 9.999991e-01 -1.089962e-03 2.349566e+00 1.795445e-03 1.091371e-03 9.999977e-01 -5.788750e+01
9.999928e-01 -7.872565e-04 3.716301e-03 -2.948438e+01 7.850266e-04 9.999995e-01 6.015478e-04 2.347922e+00 -3.716792e-03 -5.986304e-04 9.999930e-01 -5.778452e+01
9.999968e-01 8.442686e-04 -2.394786e-03 -2.951886e+01 -8.468270e-04 9.999991e-01 -1.067333e-03 2.345216e+00 2.393901e-03 1.069362e-03 9.999965e-01 -5.761442e+01
9.999944e-01 -8.620813e-04 3.245261e-03 -2.952317e+01 8.600554e-04 9.999994e-01 6.257092e-04 2.337915e+00 -3.245817e-03 -6.229188e-04 9.999946e-01 -5.730391e+01
9.999968e-01 8.125721e-04 -2.376526e-03 -2.950529e+01 -8.151049e-04 9.999991e-01 -1.064796e-03 2.329012e+00 2.375678e-03 1.066734e-03 9.999965e-01 -5.697268e+01
9.999890e-01 -9.064192e-04 4.606864e-03 -2.940019e+01 9.038589e-04 9.999994e-01 5.578861e-04 2.321641e+00 -4.607386e-03 -5.537201e-04 9.999893e-01 -5.686198e+01
9.999975e-01 7.711448e-04 -2.078501e-03 -2.922904e+01 -7.733788e-04 9.999991e-01 -1.074049e-03 2.311522e+00 2.077691e-03 1.075658e-03 9.999972e-01 -5.676409e+01
9.999922e-01 -8.111533e-04 3.855473e-03 -2.918644e+01 8.089615e-04 9.999995e-01 5.701076e-04 2.305019e+00 -3.855954e-03 -5.669883e-04 9.999925e-01 -5.659216e+01
9.999978e-01 7.332718e-04 -1.948919e-03 -2.913836e+01 -7.352969e-04 9.999992e-01 -1.038369e-03 2.298694e+00 1.948176e-03 1.039804e-03 9.999975e-01 -5.642951e+01
9.999910e-01 -8.298165e-04 4.160373e-03 -2.908263e+01 8.276066e-04 9.999995e-01 5.329552e-04 2.294064e+00 -4.160834e-03 -5.295112e-04 9.999913e-01 -5.634123e+01
9.999971e-01 7.624848e-04 -2.276371e-03 -2.903715e+01 -7.647947e-04 9.999992e-01 -1.013818e-03 2.289634e+00 2.275616e-03 1.015560e-03 9.999968e-01 -5.622526e+01
9.999912e-01 -7.778084e-04 4.129765e-03 -2.905326e+01 7.754880e-04 9.999995e-01 5.635261e-04 2.288203e+00 -4.130222e-03 -5.603224e-04 9.999914e-01 -5.612805e+01
9.999970e-01 8.261025e-04 -2.288633e-03 -2.911372e+01 -8.282437e-04 9.999992e-01 -9.345830e-04 2.290009e+00 2.287880e-03 9.364796e-04 9.999968e-01 -5.606641e+01
9.999914e-01 -7.602024e-04 4.083150e-03 -2.919049e+01 7.578107e-04 9.999995e-01 5.873654e-04 2.292424e+00 -4.083615e-03 -5.842699e-04 9.999916e-01 -5.601057e+01
9.999969e-01 8.725590e-04 -2.334750e-03 -2.933780e+01 -8.745481e-04 9.999993e-01 -8.508988e-04 2.298696e+00 2.334027e-03 8.529418e-04 9.999968e-01 -5.600961e+01
9.999919e-01 -8.176601e-04 3.942454e-03 -2.950821e+01 8.149369e-04 9.999994e-01 6.923837e-04 2.307075e+00 -3.943039e-03 -6.891689e-04 9.999921e-01 -5.606090e+01
9.999974e-01 8.563193e-04 -2.104696e-03 -2.967978e+01 -8.579909e-04 9.999993e-01 -7.932470e-04 2.316896e+00 2.104037e-03 7.950545e-04 9.999974e-01 -5.616374e+01
9.999906e-01 -8.668451e-04 4.258153e-03 -2.979107e+01 8.638588e-04 9.999994e-01 7.031923e-04 2.325279e+00 -4.258782e-03 -6.995109e-04 9.999908e-01 -5.631741e+01
9.999978e-01 8.017936e-04 -1.957850e-03 -2.980813e+01 -8.033849e-04 9.999993e-01 -8.119234e-04 2.331287e+00 1.957219e-03 8.134982e-04 9.999977e-01 -5.654358e+01
9.999886e-01 -8.699004e-04 4.705895e-03 -2.974347e+01 8.666197e-04 9.999994e-01 6.992273e-04 2.333634e+00 -4.706522e-03 -6.951448e-04 9.999888e-01 -5.677655e+01
9.999976e-01 8.207581e-04 -2.020256e-03 -2.963866e+01 -8.228775e-04 9.999991e-01 -1.048247e-03 2.331062e+00 2.019417e-03 1.049911e-03 9.999973e-01 -5.685028e+01
9.999899e-01 -8.636300e-04 4.410456e-03 -2.964614e+01 8.602565e-04 9.999993e-01 7.668091e-04 2.333720e+00 -4.411137e-03 -7.630109e-04 9.999901e-01 -5.694796e+01
9.999971e-01 6.725806e-04 -2.302778e-03 -2.982852e+01 -6.740565e-04 9.999996e-01 -6.400442e-04 2.348121e+00 2.302369e-03 6.415982e-04 9.999970e-01 -5.725047e+01
9.999921e-01 -7.436164e-04 3.899824e-03 -3.004949e+01 7.410390e-04 9.999995e-01 6.624095e-04 2.360733e+00 -3.900338e-03 -6.595180e-04 9.999923e-01 -5.741829e+01
9.999977e-01 7.673410e-04 -2.005600e-03 -3.021463e+01 -7.688374e-04 9.999994e-01 -7.452655e-04 2.369767e+00 2.005050e-03 7.468094e-04 9.999976e-01 -5.752130e+01
9.999924e-01 -6.974568e-04 3.843238e-03 -3.034132e+01 6.954548e-04 9.999996e-01 5.223228e-04 2.375823e+00 -3.843624e-03 -5.196497e-04 9.999926e-01 -5.756463e+01
9.999977e-01 7.651637e-04 -2.022504e-03 -3.038553e+01 -7.669308e-04 9.999993e-01 -8.728606e-04 2.374811e+00 2.021859e-03 8.744132e-04 9.999975e-01 -5.747788e+01
9.999904e-01 -7.688358e-04 4.318844e-03 -3.030634e+01 7.668471e-04 9.999996e-01 4.622016e-04 2.368352e+00 -4.319221e-03 -4.588888e-04 9.999907e-01 -5.737873e+01
9.999972e-01 8.008807e-04 -2.210935e-03 -3.039327e+01 -8.023368e-04 9.999995e-01 -6.575870e-04 2.371996e+00 2.210432e-03 6.593626e-04 9.999972e-01 -5.739992e+01
9.999888e-01 -8.058536e-04 4.659802e-03 -3.043886e+01 8.028569e-04 9.999995e-01 6.449998e-04 2.376875e+00 -4.660343e-03 -6.412550e-04 9.999890e-01 -5.756179e+01
9.999974e-01 8.000757e-04 -2.130841e-03 -3.047617e+01 -8.015382e-04 9.999994e-01 -6.854264e-04 2.381512e+00 2.130316e-03 6.871361e-04 9.999974e-01 -5.772074e+01
9.999878e-01 -8.463527e-04 4.858650e-03 -3.031914e+01 8.447374e-04 9.999996e-01 3.345832e-04 2.373979e+00 -4.858955e-03 -3.304783e-04 9.999882e-01 -5.772021e+01
9.999976e-01 7.106049e-04 -2.078289e-03 -3.005271e+01 -7.122957e-04 9.999994e-01 -8.127350e-04 2.359039e+00 2.077735e-03 8.142168e-04 9.999974e-01 -5.763448e+01
9.999867e-01 -8.414245e-04 5.080870e-03 -2.976294e+01 8.396856e-04 9.999996e-01 3.444419e-04 2.343163e+00 -5.081183e-03 -3.401744e-04 9.999871e-01 -5.756855e+01
9.999971e-01 8.003766e-04 -2.250544e-03 -2.956549e+01 -8.022208e-04 9.999993e-01 -8.184692e-04 2.331563e+00 2.249913e-03 8.202756e-04 9.999970e-01 -5.749332e+01
9.999867e-01 -7.907765e-04 5.093899e-03 -2.940855e+01 7.882615e-04 9.999996e-01 4.957890e-04 2.325689e+00 -5.094315e-03 -4.917704e-04 9.999870e-01 -5.755653e+01
9.999978e-01 6.848300e-04 -2.003558e-03 -2.911705e+01 -6.867455e-04 9.999993e-01 -9.552945e-04 2.311965e+00 2.002929e-03 9.566716e-04 9.999974e-01 -5.756830e+01
9.999853e-01 -9.971908e-04 5.329172e-03 -2.862155e+01 9.949007e-04 9.999994e-01 4.324458e-04 2.285698e+00 -5.329626e-03 -4.271406e-04 9.999858e-01 -5.748061e+01
9.999983e-01 6.297014e-04 -1.721650e-03 -2.805573e+01 -6.314026e-04 9.999993e-01 -9.875369e-04 2.256898e+00 1.721053e-03 9.886254e-04 9.999979e-01 -5.743766e+01
9.999904e-01 -8.204952e-04 4.308291e-03 -2.782768e+01 8.180988e-04 9.999995e-01 5.580474e-04 2.245313e+00 -4.308774e-03 -5.545205e-04 9.999907e-01 -5.740170e+01
9.999929e-01 9.963074e-04 -3.634391e-03 -2.794363e+01 -9.996161e-04 9.999991e-01 -9.085685e-04 2.247545e+00 3.633509e-03 9.121981e-04 9.999929e-01 -5.727323e+01
9.999906e-01 -8.592181e-04 4.248803e-03 -2.808334e+01 8.568252e-04 9.999995e-01 5.650741e-04 2.250787e+00 -4.249313e-03 -5.614313e-04 9.999909e-01 -5.715268e+01
9.999946e-01 8.895616e-04 -3.150505e-03 -2.822988e+01 -8.920658e-04 9.999993e-01 -7.934002e-04 2.257319e+00 3.149824e-03 7.962094e-04 9.999946e-01 -5.715536e+01
9.999887e-01 -9.335701e-04 4.662105e-03 -2.831979e+01 9.310640e-04 9.999994e-01 5.397778e-04 2.262670e+00 -4.662634e-03 -5.354340e-04 9.999891e-01 -5.720161e+01
9.999949e-01 9.190673e-04 -3.046217e-03 -2.834347e+01 -9.220960e-04 9.999991e-01 -9.928606e-04 2.262066e+00 3.045329e-03 9.956675e-04 9.999948e-01 -5.711368e+01
9.999879e-01 -9.444802e-04 4.826155e-03 -2.835190e+01 9.418657e-04 9.999994e-01 5.440528e-04 2.261047e+00 -4.826693e-03 -5.395035e-04 9.999883e-01 -5.704070e+01
9.999942e-01 9.442239e-04 -3.272409e-03 -2.843740e+01 -9.469676e-04 9.999992e-01 -8.368495e-04 2.265962e+00 3.271644e-03 8.399464e-04 9.999942e-01 -5.706009e+01
9.999898e-01 -8.868526e-04 4.420589e-03 -2.851276e+01 8.847876e-04 9.999995e-01 4.691436e-04 2.267412e+00 -4.421031e-03 -4.652304e-04 9.999902e-01 -5.697581e+01
9.999909e-01 9.828901e-04 -4.141271e-03 -2.852952e+01 -9.867478e-04 9.999991e-01 -9.294909e-04 2.260350e+00 4.140382e-03 9.335716e-04 9.999909e-01 -5.665995e+01
9.999833e-01 -1.020598e-03 5.680641e-03 -2.852123e+01 1.014689e-03 9.999989e-01 1.043026e-03 2.253174e+00 -5.681728e-03 -1.037247e-03 9.999834e-01 -5.637505e+01
9.999909e-01 9.225156e-04 -4.172305e-03 -2.837080e+01 -9.290955e-04 9.999983e-01 -1.575277e-03 2.242569e+00 4.170873e-03 1.579142e-03 9.999900e-01 -5.621797e+01
9.999834e-01 -1.034927e-03 5.670206e-03 -2.827565e+01 1.028480e-03 9.999988e-01 1.139849e-03 2.236599e+00 -5.671408e-03 -1.134001e-03 9.999834e-01 -5.611355e+01
9.999850e-01 1.075624e-03 -5.378569e-03 -2.840487e+01 -1.084055e-03 9.999982e-01 -1.564759e-03 2.238025e+00 5.376904e-03 1.570568e-03 9.999842e-01 -5.592841e+01
9.999738e-01 -1.123440e-03 7.153228e-03 -2.854225e+01 1.114010e-03 9.999985e-01 1.322283e-03 2.246268e+00 -7.154732e-03 -1.314283e-03 9.999736e-01 -5.603563e+01
9.999900e-01 1.146932e-03 -4.320551e-03 -2.840795e+01 -1.154135e-03 9.999979e-01 -1.664956e-03 2.240286e+00 4.318661e-03 1.669928e-03 9.999892e-01 -5.603880e+01
9.999837e-01 -1.180970e-03 5.586623e-03 -2.855418e+01 1.172531e-03 9.999982e-01 1.513627e-03 2.248025e+00 -5.588430e-03 -1.507054e-03 9.999833e-01 -5.609766e+01
9.999922e-01 9.567909e-04 -3.835139e-03 -2.873476e+01 -9.620597e-04 9.999986e-01 -1.372104e-03 2.262673e+00 3.833850e-03 1.375785e-03 9.999916e-01 -5.641916e+01
9.999845e-01 -1.159947e-03 5.442025e-03 -2.895091e+01 1.151515e-03 9.999981e-01 1.552371e-03 2.277188e+00 -5.443844e-03 -1.546083e-03 9.999841e-01 -5.666904e+01
9.999909e-01 1.135990e-03 -4.112638e-03 -2.908772e+01 -1.143127e-03 9.999978e-01 -1.733416e-03 2.283520e+00 4.110689e-03 1.738104e-03 9.999899e-01 -5.669079e+01
9.999859e-01 -1.141331e-03 5.190438e-03 -2.931769e+01 1.132640e-03 9.999980e-01 1.677100e-03 2.293491e+00 -5.192371e-03 -1.671200e-03 9.999852e-01 -5.673835e+01
9.999926e-01 1.123460e-03 -3.679014e-03 -2.949976e+01 -1.130066e-03 9.999978e-01 -1.793847e-03 2.302760e+00 3.677020e-03 1.797994e-03 9.999915e-01 -5.682616e+01
9.999815e-01 -1.296929e-03 5.949767e-03 -2.956546e+01 1.286530e-03 9.999976e-01 1.751295e-03 2.310459e+00 -5.952054e-03 -1.743610e-03 9.999809e-01 -5.706939e+01
9.999908e-01 1.118143e-03 -4.130318e-03 -2.975411e+01 -1.125431e-03 9.999978e-01 -1.762490e-03 2.322586e+00 4.128368e-03 1.767125e-03 9.999898e-01 -5.729240e+01
9.999826e-01 -1.286667e-03 5.761988e-03 -2.997979e+01 1.276234e-03 9.999975e-01 1.814134e-03 2.337242e+00 -5.764339e-03 -1.806751e-03 9.999819e-01 -5.754966e+01
9.999910e-01 1.171719e-03 -4.085535e-03 -3.017494e+01 -1.178999e-03 9.999977e-01 -1.779843e-03 2.349140e+00 4.083471e-03 1.784647e-03 9.999900e-01 -5.772976e+01
9.999799e-01 -1.315996e-03 6.207148e-03 -3.035062e+01 1.304093e-03 9.999973e-01 1.921345e-03 2.362444e+00 -6.209690e-03 -1.913214e-03 9.999790e-01 -5.801224e+01
9.999907e-01 1.112014e-03 -4.160027e-03 -3.045478e+01 -1.119598e-03 9.999977e-01 -1.821073e-03 2.373016e+00 4.158023e-03 1.825716e-03 9.999896e-01 -5.829955e+01
9.999796e-01 -1.245257e-03 6.260818e-03 -3.031937e+01 1.237019e-03 9.999984e-01 1.319544e-03 2.365627e+00 -6.262482e-03 -1.311775e-03 9.999796e-01 -5.823218e+01
9.999896e-01 1.069532e-03 -4.432846e-03 -3.052703e+01 -1.074932e-03 9.999987e-01 -1.215870e-03 2.380168e+00 4.431571e-03 1.220625e-03 9.999893e-01 -5.850340e+01
9.999836e-01 -1.238597e-03 5.592432e-03 -3.089558e+01 1.229925e-03 9.999980e-01 1.553918e-03 2.400600e+00 -5.594377e-03 -1.547017e-03 9.999833e-01 -5.880082e+01
9.999879e-01 1.144223e-03 -4.774406e-03 -3.130869e+01 -1.150074e-03 9.999986e-01 -1.222950e-03 2.420871e+00 4.773031e-03 1.228429e-03 9.999878e-01 -5.904223e+01
9.999876e-01 -1.045638e-03 4.872299e-03 -3.161001e+01 1.039793e-03 9.999987e-01 1.202049e-03 2.430494e+00 -4.873581e-03 -1.196970e-03 9.999875e-01 -5.898735e+01
9.999912e-01 1.041888e-03 -4.061292e-03 -3.194266e+01 -1.046371e-03 9.999988e-01 -1.101663e-03 2.445595e+00 4.060171e-03 1.105906e-03 9.999910e-01 -5.910695e+01
9.999862e-01 -9.452864e-04 5.166244e-03 -3.220511e+01 9.397515e-04 9.999990e-01 1.073752e-03 2.456681e+00 -5.167285e-03 -1.068885e-03 9.999862e-01 -5.916029e+01
9.999914e-01 9.881349e-04 -4.027557e-03 -3.242887e+01 -9.928533e-04 9.999988e-01 -1.169599e-03 2.465824e+00 4.026428e-03 1.173590e-03 9.999911e-01 -5.919406e+01
9.999853e-01 -9.621763e-04 5.345600e-03 -3.259636e+01 9.571734e-04 9.999991e-01 9.384324e-04 2.472379e+00 -5.346530e-03 -9.333045e-04 9.999854e-01 -5.921056e+01
9.999938e-01 7.770908e-04 -3.423403e-03 -3.240835e+01 -7.820053e-04 9.999987e-01 -1.434343e-03 2.460173e+00 3.422316e-03 1.437013e-03 9.999930e-01 -5.903587e+01
9.999864e-01 -6.639602e-04 5.182147e-03 -3.246928e+01 6.588453e-04 9.999993e-01 9.887462e-04 2.460082e+00 -5.182832e-03 -9.853209e-04 9.999862e-01 -5.893058e+01
9.999947e-01 6.354750e-04 -3.192682e-03 -3.259295e+01 -6.390187e-04 9.999992e-01 -1.108925e-03 2.468113e+00 3.192007e-03 1.110961e-03 9.999942e-01 -5.905920e+01
9.999865e-01 -8.404256e-04 5.130877e-03 -3.276954e+01 8.344789e-04 9.999990e-01 1.161109e-03 2.480978e+00 -5.131880e-03 -1.156814e-03 9.999863e-01 -5.929765e+01
9.999938e-01 7.174593e-04 -3.447343e-03 -3.294521e+01 -7.215893e-04 9.999990e-01 -1.196810e-03 2.492537e+00 3.446514e-03 1.199293e-03 9.999932e-01 -5.948749e+01
9.999873e-01 -7.683945e-04 4.972476e-03 -3.314431e+01 7.625604e-04 9.999990e-01 1.175148e-03 2.503608e+00 -4.973407e-03 -1.171344e-03 9.999870e-01 -5.960639e+01
9.999977e-01 5.903462e-04 -2.037723e-03 -3.278286e+01 -5.937792e-04 9.999984e-01 -1.684333e-03 2.486613e+00 2.036758e-03 1.685542e-03 9.999964e-01 -5.958669e+01
9.999851e-01 -8.836220e-04 5.390304e-03 -3.219816e+01 8.775293e-04 9.999990e-01 1.132635e-03 2.456753e+00 -5.391333e-03 -1.127890e-03 9.999849e-01 -5.947576e+01
9.999979e-01 5.636892e-04 -1.982569e-03 -3.150308e+01 -5.670234e-04 9.999984e-01 -1.681419e-03 2.419933e+00 1.981652e-03 1.682542e-03 9.999965e-01 -5.930506e+01
9.999867e-01 -7.282166e-04 5.115282e-03 -3.101664e+01 7.224581e-04 9.999991e-01 1.127565e-03 2.394496e+00 -5.116133e-03 -1.123857e-03 9.999864e-01 -5.921301e+01
9.999965e-01 6.656880e-04 -2.571038e-03 -3.080741e+01 -6.698800e-04 9.999984e-01 -1.629816e-03 2.382515e+00 2.569983e-03 1.631535e-03 9.999953e-01 -5.913379e+01
9.999886e-01 -7.318043e-04 4.711832e-03 -3.065465e+01 7.262924e-04 9.999991e-01 1.171489e-03 2.371678e+00 -4.712719e-03 -1.168056e-03 9.999883e-01 -5.899307e+01
9.999930e-01 7.963282e-04 -3.661018e-03 -3.073425e+01 -8.019505e-04 9.999985e-01 -1.534420e-03 2.371856e+00 3.659825e-03 1.537347e-03 9.999920e-01 -5.885204e+01
9.999817e-01 -8.074168e-04 5.999041e-03 -3.063889e+01 8.003529e-04 9.999990e-01 1.179865e-03 2.366306e+00 -6.000023e-03 -1.175044e-03 9.999814e-01 -5.880158e+01
9.999950e-01 6.084163e-04 -3.107126e-03 -3.039038e+01 -6.134440e-04 9.999985e-01 -1.617294e-03 2.352960e+00 3.106172e-03 1.619194e-03 9.999938e-01 -5.874309e+01
9.999827e-01 -7.804350e-04 5.830981e-03 -3.013590e+01 7.736024e-04 9.999990e-01 1.173993e-03 2.338480e+00 -5.831927e-03 -1.169464e-03 9.999824e-01 -5.865225e+01
9.999942e-01 5.284487e-04 -3.372417e-03 -2.976909e+01 -5.339597e-04 9.999985e-01 -1.633334e-03 2.316081e+00 3.371584e-03 1.635127e-03 9.999929e-01 -5.844716e+01
9.999769e-01 -8.971625e-04 6.733232e-03 -2.913687e+01 8.898900e-04 9.999990e-01 1.083049e-03 2.282346e+00 -6.734233e-03 -1.077034e-03 9.999768e-01 -5.830096e+01
9.999928e-01 6.986401e-04 -3.728145e-03 -2.871313e+01 -7.044459e-04 9.999985e-01 -1.556115e-03 2.260978e+00 3.727088e-03 1.558732e-03 9.999917e-01 -5.824519e+01
9.999831e-01 -6.966100e-04 5.777334e-03 -2.869151e+01 6.899402e-04 9.999991e-01 1.156426e-03 2.259022e+00 -5.778170e-03 -1.152422e-03 9.999827e-01 -5.820291e+01
9.999935e-01 5.945837e-04 -3.560780e-03 -2.852523e+01 -6.002660e-04 9.999985e-01 -1.594859e-03 2.249691e+00 3.559863e-03 1.596988e-03 9.999923e-01 -5.813633e+01
9.999813e-01 -7.386337e-04 6.073896e-03 -2.829658e+01 7.316077e-04 9.999991e-01 1.158950e-03 2.237590e+00 -6.074783e-03 -1.154486e-03 9.999810e-01 -5.807472e+01
9.999936e-01 6.553556e-04 -3.504473e-03 -2.816506e+01 -6.607990e-04 9.999986e-01 -1.552223e-03 2.233138e+00 3.503487e-03 1.554530e-03 9.999926e-01 -5.813440e+01
9.999844e-01 -7.345790e-04 5.532023e-03 -2.821055e+01 7.276484e-04 9.999989e-01 1.254776e-03 2.236129e+00 -5.532976e-03 -1.250732e-03 9.999840e-01 -5.819293e+01
9.999935e-01 6.377754e-04 -3.533704e-03 -2.831096e+01 -6.429455e-04 9.999987e-01 -1.462040e-03 2.243217e+00 3.532804e-03 1.464304e-03 9.999926e-01 -5.833263e+01
9.999859e-01 -7.882095e-04 5.242839e-03 -2.849727e+01 7.805585e-04 9.999986e-01 1.461257e-03 2.256458e+00 -5.244021e-03 -1.457146e-03 9.999853e-01 -5.857409e+01
9.999934e-01 6.108183e-04 -3.576942e-03 -2.870506e+01 -6.158701e-04 9.999988e-01 -1.411322e-03 2.270652e+00 3.576113e-03 1.413517e-03 9.999925e-01 -5.883631e+01
9.999857e-01 -7.470297e-04 5.298491e-03 -2.896991e+01 7.387081e-04 9.999985e-01 1.572379e-03 2.287700e+00 -5.299696e-03 -1.568444e-03 9.999848e-01 -5.913663e+01
9.999933e-01 5.909688e-04 -3.598557e-03 -2.924802e+01 -5.958849e-04 9.999989e-01 -1.365104e-03 2.305775e+00 3.597784e-03 1.367241e-03 9.999925e-01 -5.947133e+01
9.999850e-01 -7.488131e-04 5.433631e-03 -2.945090e+01 7.407784e-04 9.999986e-01 1.480617e-03 2.319841e+00 -5.434770e-03 -1.476572e-03 9.999842e-01 -5.975435e+01
9.999933e-01 4.796503e-04 -3.625131e-03 -2.967136e+01 -4.843616e-04 9.999990e-01 -1.298764e-03 2.336807e+00 3.624543e-03 1.300513e-03 9.999925e-01 -6.012096e+01
9.999856e-01 -8.239184e-04 5.298707e-03 -2.994187e+01 8.154547e-04 9.999984e-01 1.599330e-03 2.356228e+00 -5.300055e-03 -1.594988e-03 9.999848e-01 -6.051499e+01
9.999925e-01 7.232649e-04 -3.801066e-03 -3.017895e+01 -7.291673e-04 9.999985e-01 -1.551582e-03 2.370264e+00 3.799977e-03 1.554343e-03 9.999915e-01 -6.073098e+01
9.999856e-01 -8.146708e-04 5.309841e-03 -3.042761e+01 8.059370e-04 9.999983e-01 1.646807e-03 2.384748e+00 -5.311213e-03 -1.642505e-03 9.999846e-01 -6.095597e+01
9.999958e-01 5.708889e-04 -2.824518e-03 -3.032462e+01 -5.767883e-04 9.999977e-01 -2.088128e-03 2.376762e+00 2.823359e-03 2.089750e-03 9.999937e-01 -6.082561e+01
9.999854e-01 -5.712010e-04 5.382361e-03 -3.017490e+01 5.628652e-04 9.999986e-01 1.550159e-03 2.367513e+00 -5.383278e-03 -1.547108e-03 9.999844e-01 -6.075076e+01
9.999941e-01 5.191499e-04 -3.395722e-03 -3.026275e+01 -5.248958e-04 9.999984e-01 -1.691320e-03 2.373160e+00 3.394878e-03 1.693094e-03 9.999927e-01 -6.084101e+01
9.999833e-01 -5.868140e-04 5.751135e-03 -3.029640e+01 5.781271e-04 9.999987e-01 1.512056e-03 2.376083e+00 -5.752055e-03 -1.508707e-03 9.999824e-01 -6.092130e+01
9.999931e-01 5.112657e-04 -3.685236e-03 -3.048540e+01 -5.166541e-04 9.999988e-01 -1.461275e-03 2.389717e+00 3.684524e-03 1.463170e-03 9.999920e-01 -6.119023e+01
9.999843e-01 -5.623377e-04 5.575526e-03 -3.074531e+01 5.537642e-04 9.999987e-01 1.539189e-03 2.406622e+00 -5.576424e-03 -1.536079e-03 9.999834e-01 -6.147453e+01
9.999916e-01 5.754460e-04 -4.054875e-03 -3.105480e+01 -5.814907e-04 9.999987e-01 -1.489616e-03 2.424350e+00 4.054053e-03 1.491963e-03 9.999906e-01 -6.172580e+01
9.999835e-01 -4.932961e-04 5.731031e-03 -3.126144e+01 4.853049e-04 9.999989e-01 1.395721e-03 2.435754e+00 -5.731753e-03 -1.392918e-03 9.999827e-01 -6.185252e+01
9.999904e-01 5.075412e-04 -4.342539e-03 -3.151541e+01 -5.138360e-04 9.999988e-01 -1.448502e-03 2.449163e+00 4.341839e-03 1.450721e-03 9.999894e-01 -6.199037e+01
9.999842e-01 -4.943845e-04 5.598323e-03 -3.174117e+01 4.867616e-04 9.999990e-01 1.362966e-03 2.460389e+00 -5.599031e-03 -1.360220e-03 9.999835e-01 -6.207562e+01
9.999914e-01 4.038629e-04 -4.136326e-03 -3.202093e+01 -4.091237e-04 9.999991e-01 -1.271001e-03 2.476788e+00 4.135850e-03 1.272684e-03 9.999905e-01 -6.229853e+01
9.999862e-01 -6.133160e-04 5.213540e-03 -3.241559e+01 6.051166e-04 9.999986e-01 1.574190e-03 2.498447e+00 -5.214539e-03 -1.571015e-03 9.999853e-01 -6.261019e+01
9.999924e-01 6.026639e-04 -3.841705e-03 -3.262391e+01 -6.090325e-04 9.999984e-01 -1.656704e-03 2.509549e+00 3.840742e-03 1.659033e-03 9.999912e-01 -6.272341e+01
9.999860e-01 -6.258207e-04 5.247200e-03 -3.275289e+01 6.185179e-04 9.999988e-01 1.393303e-03 2.516472e+00 -5.248106e-03 -1.390039e-03 9.999854e-01 -6.275833e+01
9.999929e-01 5.894016e-04 -3.727506e-03 -3.296651e+01 -5.948746e-04 9.999987e-01 -1.467240e-03 2.527383e+00 3.726677e-03 1.469448e-03 9.999919e-01 -6.285953e+01
9.999866e-01 -6.238410e-04 5.143120e-03 -3.323695e+01 6.160537e-04 9.999987e-01 1.515633e-03 2.541453e+00 -5.144100e-03 -1.512446e-03 9.999857e-01 -6.303083e+01
9.999933e-01 6.900828e-04 -3.600461e-03 -3.332997e+01 -6.967707e-04 9.999980e-01 -1.856487e-03 2.545224e+00 3.599214e-03 1.858985e-03 9.999917e-01 -6.299569e+01
9.999868e-01 -5.915276e-04 5.106492e-03 -3.340232e+01 5.841687e-04 9.999988e-01 1.442505e-03 2.547383e+00 -5.107381e-03 -1.439504e-03 9.999860e-01 -6.291872e+01
9.999950e-01 6.284283e-04 -3.109592e-03 -3.321517e+01 -6.346822e-04 9.999978e-01 -2.010468e-03 2.533741e+00 3.108363e-03 2.012432e-03 9.999930e-01 -6.275648e+01
9.999809e-01 -7.820043e-04 6.126764e-03 -3.275542e+01 7.733967e-04 9.999987e-01 1.407200e-03 2.511853e+00 -6.127899e-03 -1.402436e-03 9.999803e-01 -6.274915e+01
9.999933e-01 6.765144e-04 -3.600061e-03 -3.253770e+01 -6.832155e-04 9.999980e-01 -1.860416e-03 2.500843e+00 3.598837e-03 1.862865e-03 9.999917e-01 -6.271115e+01
9.999719e-01 -1.081481e-03 7.423015e-03 -3.180660e+01 1.072280e-03 9.999987e-01 1.243417e-03 2.462854e+00 -7.424392e-03 -1.235424e-03 9.999718e-01 -6.262853e+01
9.999946e-01 6.511564e-04 -3.210263e-03 -3.097111e+01 -6.571611e-04 9.999980e-01 -1.869670e-03 2.420671e+00 3.209082e-03 1.871771e-03 9.999930e-01 -6.257865e+01
9.999749e-01 -1.069355e-03 7.007099e-03 -3.029429e+01 1.060423e-03 9.999986e-01 1.278339e-03 2.385255e+00 -7.008499e-03 -1.270878e-03 9.999747e-01 -6.249894e+01
9.999921e-01 5.957214e-04 -3.938778e-03 -2.950572e+01 -6.028827e-04 9.999982e-01 -1.817160e-03 2.353196e+00 3.937732e-03 1.819522e-03 9.999905e-01 -6.265583e+01
9.999755e-01 -7.626403e-04 6.959046e-03 -2.911517e+01 7.530496e-04 9.999988e-01 1.380696e-03 2.335757e+00 -6.960134e-03 -1.375422e-03 9.999749e-01 -6.268432e+01
9.999921e-01 6.226154e-04 -3.911888e-03 -2.877508e+01 -6.300414e-04 9.999980e-01 -1.897307e-03 2.317566e+00 3.910743e-03 1.899757e-03 9.999905e-01 -6.262848e+01
9.999740e-01 -9.834355e-04 7.149389e-03 -2.829595e+01 9.738312e-04 9.999986e-01 1.346755e-03 2.292385e+00 -7.150748e-03 -1.339758e-03 9.999736e-01 -6.255546e+01
9.999931e-01 6.488015e-04 -3.645767e-03 -2.768053e+01 -6.556827e-04 9.999980e-01 -1.886514e-03 2.263150e+00 3.644580e-03 1.888892e-03 9.999915e-01 -6.257438e+01
9.999706e-01 -1.003573e-03 7.597308e-03 -2.682009e+01 9.940659e-04 9.999987e-01 1.255039e-03 2.223398e+00 -7.598603e-03 -1.247450e-03 9.999704e-01 -6.263172e+01
9.999923e-01 7.071871e-04 -3.855663e-03 -2.605678e+01 -7.142834e-04 9.999981e-01 -1.839358e-03 2.187890e+00 3.854401e-03 1.842098e-03 9.999908e-01 -6.268304e+01
9.999737e-01 -9.481280e-04 7.191720e-03 -2.547733e+01 9.387847e-04 9.999987e-01 1.302446e-03 2.161506e+00 -7.192992e-03 -1.295660e-03 9.999734e-01 -6.272934e+01
9.999905e-01 7.777424e-04 -4.285133e-03 -2.511819e+01 -7.853399e-04 9.999981e-01 -1.771569e-03 2.143999e+00 4.283793e-03 1.774918e-03 9.999892e-01 -6.271758e+01
9.999758e-01 -8.679675e-04 6.905223e-03 -2.477083e+01 8.583273e-04 9.999987e-01 1.398913e-03 2.130028e+00 -6.906474e-03 -1.392953e-03 9.999753e-01 -6.279074e+01
9.999921e-01 6.944167e-04 -3.900273e-03 -2.408445e+01 -7.016615e-04 9.999980e-01 -1.856416e-03 2.101984e+00 3.899023e-03 1.859139e-03 9.999906e-01 -6.293959e+01
