9.999974e-01 9.916201e-05 2.269949e-03 2.352734e-01 -9.873112e-05 1.000000e+00 -1.899402e-04 -1.247469e-02 -2.269968e-03 1.897151e-04 9.999975e-01 3.938457e-02
1.000000e+00 6.801582e-05 2.462890e-04 5.638671e-01 -6.802748e-05 1.000000e+00 4.743722e-05 -2.968332e-02 -2.462852e-04 -4.745352e-05 9.999999e-01 6.789349e-02
9.999956e-01 1.318317e-04 2.980213e-03 1.132048e+00 -1.318026e-04 1.000000e+00 -9.960794e-06 -5.726888e-02 -2.980215e-03 9.567501e-06 9.999957e-01 4.330351e-02
9.999998e-01 2.114852e-04 5.220692e-04 1.955096e+00 -2.115952e-04 1.000000e+00 2.107082e-04 -9.641468e-02 -5.220234e-04 -2.108181e-04 9.999997e-01 1.111027e-02
9.999963e-01 4.190937e-05 2.702098e-03 2.552510e+00 -4.151877e-05 1.000000e+00 -1.446140e-04 -1.252010e-01 -2.702106e-03 1.445008e-04 9.999964e-01 -6.059529e-03
1.000000e+00 9.962012e-05 -5.166384e-07 2.904011e+00 -9.962008e-05 1.000000e+00 4.927551e-05 -1.425776e-01 5.233374e-07 -4.927499e-05 9.999999e-01 2.174301e-03
9.999964e-01 4.759240e-05 2.679614e-03 3.231354e+00 -4.714158e-05 1.000000e+00 -1.683114e-04 -1.587969e-01 -2.679624e-03 1.681841e-04 9.999965e-01 1.056647e-02
9.999999e-01 1.235364e-04 3.599433e-04 3.692861e+00 -1.235886e-04 1.000000e+00 1.450535e-04 -1.809464e-01 -3.599230e-04 -1.450975e-04 9.999998e-01 -1.346176e-02
9.999967e-01 -3.877161e-06 2.567668e-03 4.085698e+00 4.375170e-06 1.000000e+00 -1.939530e-04 -1.988175e-01 -2.567670e-03 1.939631e-04 9.999968e-01 -5.863197e-02
1.000000e+00 5.315008e-05 -1.539334e-04 4.353848e+00 -5.314172e-05 1.000000e+00 5.428326e-05 -2.116992e-01 1.539392e-04 -5.427464e-05 9.999999e-01 -4.596748e-02
9.999983e-01 -6.315618e-06 1.841618e-03 4.570131e+00 6.793791e-06 1.000000e+00 -2.596485e-04 -2.245159e-01 -1.841619e-03 2.596602e-04 9.999984e-01 4.212879e-02
1.000000e+00 -2.358382e-05 1.945313e-04 4.594433e+00 2.357907e-05 1.000000e+00 2.450860e-05 -2.257784e-01 -1.945286e-04 -2.450362e-05 9.999999e-01 7.006408e-02
9.999978e-01 5.871600e-05 2.092574e-03 4.401248e+00 -5.872208e-05 1.000000e+00 2.838009e-06 -2.119293e-01 -2.092577e-03 -2.961277e-06 9.999979e-01 -2.029654e-01
9.999998e-01 -1.830220e-05 7.042768e-04 4.400374e+00 1.824773e-05 1.000000e+00 7.736766e-05 -2.064047e-01 -7.042744e-04 -7.735439e-05 9.999996e-01 -4.811638e-01
9.999971e-01 3.319168e-06 2.420291e-03 4.579057e+00 -2.998454e-06 1.000000e+00 -1.325182e-04 -2.113214e-01 -2.420295e-03 1.325102e-04 9.999972e-01 -6.230886e-01
1.000000e+00 3.567952e-05 1.805407e-04 4.686034e+00 -3.568570e-05 1.000000e+00 3.427048e-05 -2.143239e-01 -1.805351e-04 -3.427653e-05 9.999999e-01 -7.160346e-01
9.999968e-01 -1.376266e-06 2.519893e-03 4.761700e+00 1.747281e-06 1.000000e+00 -1.472360e-04 -2.154681e-01 -2.519897e-03 1.472396e-04 9.999969e-01 -8.427706e-01
1.000000e+00 5.050335e-05 2.671272e-04 4.799718e+00 -5.053402e-05 1.000000e+00 1.148659e-04 -2.138310e-01 -2.671165e-04 -1.148790e-04 9.999999e-01 -1.031698e+00
9.999960e-01 -1.018691e-05 2.821341e-03 4.867201e+00 1.014498e-05 1.000000e+00 1.487187e-05 -2.102564e-01 -2.821346e-03 -1.484358e-05 9.999961e-01 -1.317491e+00
9.999999e-01 3.924571e-05 4.180602e-04 5.094414e+00 -3.924226e-05 1.000000e+00 -8.253988e-06 -2.170329e-01 -4.180550e-04 8.237968e-06 9.999998e-01 -1.484071e+00
9.999968e-01 2.522747e-05 2.510230e-03 5.321619e+00 -2.519986e-05 1.000000e+00 -1.103254e-05 -2.248572e-01 -2.510237e-03 1.096886e-05 9.999969e-01 -1.600064e+00
1.000000e+00 -1.444842e-05 -2.970821e-04 5.325702e+00 1.441454e-05 1.000000e+00 -1.140856e-04 -2.230059e-01 2.970898e-04 1.140817e-04 9.999998e-01 -1.681013e+00
9.999970e-01 3.350078e-05 2.465251e-03 5.284488e+00 -3.350035e-05 1.000000e+00 -2.186842e-07 -2.186490e-01 -2.465258e-03 1.357365e-07 9.999971e-01 -1.800979e+00
9.999957e-01 -1.701112e-04 2.929245e-03 4.877598e+00 1.702529e-04 1.000000e+00 -4.812367e-05 -1.827695e-01 -2.929229e-03 4.862253e-05 9.999956e-01 -2.766550e+00
9.999993e-01 3.045201e-04 1.105796e-03 4.321424e+00 -3.056256e-04 9.999995e-01 9.997219e-04 -1.367205e-01 -1.105498e-03 -1.000060e-03 9.999990e-01 -3.930756e+00
9.999965e-01 -3.555652e-04 2.616497e-03 3.996269e+00 3.574001e-04 9.999997e-01 -7.008425e-04 -1.074678e-01 -2.616239e-03 7.017757e-04 9.999962e-01 -4.677851e+00
9.999923e-01 3.536718e-04 3.907049e-03 3.222901e+00 -3.606362e-04 9.999983e-01 1.781945e-03 -3.803714e-02 -3.906421e-03 -1.783341e-03 9.999909e-01 -6.544499e+00
9.999965e-01 -4.016939e-04 2.613460e-03 2.588508e+00 4.029239e-04 9.999998e-01 -4.701248e-04 2.516162e-02 -2.613262e-03 4.711769e-04 9.999964e-01 -8.347713e+00
9.999963e-01 4.463590e-04 2.670868e-03 2.340785e+00 -4.502167e-04 9.999989e-01 1.443951e-03 5.904613e-02 -2.670230e-03 -1.445149e-03 9.999955e-01 -9.502904e+00
9.999978e-01 -4.911808e-04 2.051126e-03 2.256395e+00 4.930917e-04 9.999994e-01 -9.312452e-04 7.896276e-02 -2.050658e-03 9.322553e-04 9.999974e-01 -1.028763e+01
9.999948e-01 3.840637e-04 3.204057e-03 2.067477e+00 -3.890317e-04 9.999987e-01 1.550088e-03 1.075986e-01 -3.203468e-03 -1.551327e-03 9.999938e-01 -1.127875e+01
9.999993e-01 -3.193903e-04 1.180640e-03 1.784651e+00 3.205912e-04 9.999994e-01 -1.017147e-03 1.378771e-01 -1.180303e-03 1.017525e-03 9.999987e-01 -1.217407e+01
9.999981e-01 3.394982e-04 1.899311e-03 1.562277e+00 -3.419758e-04 9.999991e-01 1.304306e-03 1.577533e-01 -1.898877e-03 -1.304954e-03 9.999974e-01 -1.272545e+01
9.999984e-01 -2.844503e-04 1.769294e-03 1.601191e+00 2.861705e-04 9.999995e-01 -9.720958e-04 1.645016e-01 -1.769005e-03 9.726016e-04 9.999979e-01 -1.318138e+01
9.999972e-01 2.004833e-04 2.344395e-03 1.558914e+00 -2.034559e-04 9.999992e-01 1.267814e-03 1.779645e-01 -2.344151e-03 -1.268289e-03 9.999965e-01 -1.376531e+01
9.999986e-01 -2.852020e-04 1.627108e-03 1.374130e+00 2.865541e-04 9.999996e-01 -8.308239e-04 2.011116e-01 -1.626858e-03 8.312902e-04 9.999982e-01 -1.450216e+01
9.999976e-01 1.672643e-04 2.172075e-03 1.076130e+00 -1.695634e-04 9.999994e-01 1.058335e-03 2.288314e-01 -2.171910e-03 -1.058702e-03 9.999972e-01 -1.522619e+01
9.999998e-01 -1.942860e-04 5.978624e-04 7.456244e-01 1.947920e-04 9.999996e-01 -8.463767e-04 2.544138e-01 -5.976847e-04 8.464941e-04 9.999994e-01 -1.580929e+01
9.999970e-01 1.654177e-04 2.446165e-03 3.607866e-01 -1.680928e-04 9.999994e-01 1.093457e-03 2.849908e-01 -2.445996e-03 -1.093866e-03 9.999965e-01 -1.652387e+01
9.999995e-01 -1.115767e-04 9.501709e-04 -6.957545e-02 1.122314e-04 9.999998e-01 -6.891001e-04 3.201698e-01 -9.500802e-04 6.892077e-04 9.999992e-01 -1.735495e+01
9.999948e-01 9.486967e-06 3.238778e-03 -4.286281e-01 -1.287343e-05 9.999995e-01 1.045600e-03 3.535141e-01 -3.238780e-03 -1.045638e-03 9.999943e-01 -1.823606e+01
1.000000e+00 4.134249e-05 1.680758e-04 -8.205427e-01 -4.127351e-05 9.999999e-01 -4.108557e-04 3.895136e-01 -1.680784e-04 4.108501e-04 9.999998e-01 -1.918281e+01
9.999962e-01 6.290877e-06 2.761486e-03 -1.099328e+00 -8.646367e-06 9.999996e-01 8.529948e-04 4.160722e-01 -2.761495e-03 -8.530168e-04 9.999959e-01 -1.988583e+01
9.999999e-01 1.080837e-05 4.078112e-04 -1.512450e+00 -1.056376e-05 9.999998e-01 -6.000260e-04 4.484119e-01 -4.078027e-04 6.000230e-04 9.999996e-01 -2.063029e+01
9.999962e-01 1.010124e-04 2.758941e-03 -2.078287e+00 -1.037275e-04 9.999995e-01 9.839996e-04 4.899827e-01 -2.758855e-03 -9.842834e-04 9.999958e-01 -2.153730e+01
9.999996e-01 1.412586e-05 8.712492e-04 -2.568136e+00 -1.378849e-05 9.999999e-01 -3.873402e-04 5.329704e-01 -8.712390e-04 3.873295e-04 9.999994e-01 -2.261985e+01
9.999936e-01 1.981281e-05 3.580460e-03 -3.025266e+00 -2.272809e-05 9.999997e-01 8.142066e-04 5.736595e-01 -3.580459e-03 -8.142843e-04 9.999934e-01 -2.364326e+01
1.000000e+00 7.242965e-05 -2.050445e-05 -3.535788e+00 -7.243347e-05 1.000000e+00 -1.803894e-04 6.150964e-01 2.050779e-05 1.803925e-04 9.999999e-01 -2.463667e+01
9.999946e-01 -2.463570e-05 3.273032e-03 -3.892973e+00 2.155459e-05 9.999996e-01 9.414297e-04 6.475224e-01 -3.273071e-03 -9.413558e-04 9.999943e-01 -2.549802e+01
9.999999e-01 9.332758e-05 -4.384469e-04 -4.283397e+00 -9.361001e-05 9.999998e-01 -6.438793e-04 6.753994e-01 4.384037e-04 6.439220e-04 9.999996e-01 -2.613377e+01
9.999915e-01 -1.522192e-04 4.113793e-03 -4.947944e+00 1.474630e-04 9.999993e-01 1.156486e-03 7.226574e-01 -4.113984e-03 -1.155871e-03 9.999910e-01 -2.720160e+01
1.000000e+00 2.506706e-05 -2.227694e-04 -5.810047e+00 -2.517776e-05 9.999999e-01 -4.962452e-04 7.827417e-01 2.227747e-04 4.962526e-04 9.999998e-01 -2.856433e+01
9.999915e-01 -1.720317e-04 4.126848e-03 -6.794359e+00 1.659200e-04 9.999989e-01 1.481293e-03 8.536170e-01 -4.127116e-03 -1.480598e-03 9.999905e-01 -3.020828e+01
9.999995e-01 8.788401e-05 -1.000425e-03 -7.867108e+00 -8.804014e-05 1.000000e+00 -1.558450e-04 9.309093e-01 1.000430e-03 1.559350e-04 9.999994e-01 -3.199529e+01
9.999935e-01 -2.147349e-04 3.605141e-03 -8.971144e+00 2.088832e-04 9.999987e-01 1.623519e-03 1.011540e+00 -3.605504e-03 -1.622757e-03 9.999923e-01 -3.387814e+01
9.999994e-01 1.314267e-04 -1.114250e-03 -9.895714e+00 -1.320858e-04 9.999998e-01 -5.912745e-04 1.077560e+00 1.114191e-03 5.914235e-04 9.999991e-01 -3.536840e+01
9.999947e-01 -1.119954e-04 3.254648e-03 -1.061757e+01 1.084417e-04 9.999994e-01 1.092096e-03 1.124564e+00 -3.254787e-03 -1.091740e-03 9.999942e-01 -3.630298e+01
9.999991e-01 2.282327e-04 -1.334171e-03 -1.111999e+01 -2.293024e-04 9.999997e-01 -8.015129e-04 1.156519e+00 1.334006e-03 8.018204e-04 9.999987e-01 -3.687954e+01
9.999938e-01 -1.542188e-04 3.527760e-03 -1.173510e+01 1.496282e-04 9.999991e-01 1.301575e-03 1.197796e+00 -3.527978e-03 -1.301041e-03 9.999930e-01 -3.769405e+01
9.999993e-01 2.570830e-04 -1.118230e-03 -1.259137e+01 -2.573525e-04 9.999999e-01 -2.406614e-04 1.258171e+00 1.118188e-03 2.409515e-04 9.999992e-01 -3.900158e+01
9.999917e-01 -2.707566e-04 4.063539e-03 -1.347019e+01 2.670322e-04 9.999995e-01 9.171291e-04 1.317835e+00 -4.063806e-03 -9.160389e-04 9.999914e-01 -4.026523e+01
9.999993e-01 4.002770e-04 -1.139877e-03 -1.449985e+01 -3.999183e-04 9.999999e-01 3.151507e-04 1.390532e+00 1.140023e-03 -3.146919e-04 9.999992e-01 -4.188621e+01
9.999917e-01 -4.239230e-04 4.055814e-03 -1.561306e+01 4.194011e-04 9.999993e-01 1.115779e-03 1.470119e+00 -4.056304e-03 -1.114071e-03 9.999913e-01 -4.371492e+01
9.999996e-01 2.997478e-04 -8.710819e-04 -1.676415e+01 -2.997165e-04 1.000000e+00 3.650214e-05 1.549898e+00 8.711138e-04 -3.623808e-05 9.999995e-01 -4.550704e+01
9.999943e-01 -4.719266e-04 3.329192e-03 -1.801984e+01 4.683056e-04 9.999993e-01 1.088453e-03 1.635337e+00 -3.329724e-03 -1.086891e-03 9.999940e-01 -4.740988e+01
9.999999e-01 3.487372e-04 -2.843998e-04 -1.904848e+01 -3.488054e-04 9.999999e-01 -2.385166e-04 1.704584e+00 2.843381e-04 2.386190e-04 9.999998e-01 -4.893980e+01
9.999924e-01 -4.194443e-04 3.882958e-03 -1.996909e+01 4.148845e-04 9.999992e-01 1.175140e-03 1.770294e+00 -3.883470e-03 -1.173523e-03 9.999919e-01 -5.043410e+01
9.999995e-01 3.576353e-04 -9.450927e-04 -2.091457e+01 -3.575923e-04 9.999999e-01 4.602804e-05 1.839158e+00 9.451313e-04 -4.568669e-05 9.999995e-01 -5.202670e+01
9.999893e-01 -4.886995e-04 4.607387e-03 -2.165746e+01 4.862920e-04 9.999997e-01 5.237233e-04 1.890762e+00 -4.607664e-03 -5.214805e-04 9.999893e-01 -5.319148e+01
9.999977e-01 3.267556e-04 -2.109376e-03 -2.213515e+01 -3.270758e-04 9.999999e-01 -1.512993e-04 1.924376e+00 2.109349e-03 1.519923e-04 9.999977e-01 -5.392813e+01
9.999837e-01 -3.741731e-04 5.705352e-03 -2.241364e+01 3.730798e-04 9.999999e-01 1.927510e-04 1.947696e+00 -5.705446e-03 -1.906227e-04 9.999838e-01 -5.451780e+01
9.999951e-01 6.092725e-04 -3.064600e-03 -2.262793e+01 -6.094857e-04 9.999998e-01 -6.850221e-05 1.964998e+00 3.064581e-03 7.037318e-05 9.999952e-01 -5.497517e+01
9.999876e-01 -5.973534e-04 4.948735e-03 -2.262883e+01 5.982968e-04 9.999998e-01 -1.890913e-04 1.964746e+00 -4.948644e-03 1.920463e-04 9.999878e-01 -5.498048e+01
9.999948e-01 6.291920e-04 -3.164497e-03 -2.262155e+01 -6.293976e-04 9.999998e-01 -6.384426e-05 1.964210e+00 3.164480e-03 6.583908e-05 9.999949e-01 -5.496165e+01
9.999866e-01 -5.671368e-04 5.149944e-03 -2.248224e+01 5.677718e-04 9.999998e-01 -1.217599e-04 1.957908e+00 -5.149898e-03 1.246789e-04 9.999868e-01 -5.495522e+01
9.999938e-01 5.891296e-04 -3.468966e-03 -2.239895e+01 -5.896372e-04 9.999998e-01 -1.451862e-04 1.953048e+00 3.468904e-03 1.472341e-04 9.999939e-01 -5.490248e+01
9.999872e-01 -5.796192e-04 5.022476e-03 -2.233810e+01 5.804442e-04 9.999998e-01 -1.627280e-04 1.949038e+00 -5.022405e-03 1.656378e-04 9.999875e-01 -5.483623e+01
9.999929e-01 6.165871e-04 -3.719150e-03 -2.234540e+01 -6.176142e-04 9.999998e-01 -2.749255e-04 1.947013e+00 3.719004e-03 2.772239e-04 9.999929e-01 -5.475826e+01
9.999843e-01 -5.874766e-04 5.571700e-03 -2.226996e+01 5.877020e-04 9.999998e-01 -3.874188e-05 1.941644e+00 -5.571701e-03 4.201251e-05 9.999846e-01 -5.471197e+01
9.999941e-01 6.804591e-04 -3.357931e-03 -2.216671e+01 -6.812552e-04 9.999997e-01 -2.358244e-04 1.936129e+00 3.357794e-03 2.381139e-04 9.999942e-01 -5.470093e+01
9.999835e-01 -5.346241e-04 5.711815e-03 -2.204417e+01 5.342248e-04 9.999999e-01 7.150484e-05 1.930892e+00 -5.711877e-03 -6.845549e-05 9.999838e-01 -5.471344e+01
9.999925e-01 6.121724e-04 -3.825376e-03 -2.208537e+01 -6.132168e-04 9.999998e-01 -2.717551e-04 1.933689e+00 3.825234e-03 2.741021e-04 9.999925e-01 -5.476160e+01
9.999848e-01 -5.629375e-04 5.476967e-03 -2.210773e+01 5.629891e-04 9.999998e-01 -7.812070e-06 1.934751e+00 -5.476988e-03 1.089225e-05 9.999851e-01 -5.476707e+01
9.999928e-01 6.185518e-04 -3.747530e-03 -2.212124e+01 -6.197199e-04 9.999998e-01 -3.104591e-04 1.935313e+00 3.747362e-03 3.127825e-04 9.999928e-01 -5.476543e+01
9.999817e-01 -5.517359e-04 6.020427e-03 -2.214465e+01 5.511578e-04 9.999998e-01 9.774241e-05 1.938152e+00 -6.020506e-03 -9.442554e-05 9.999820e-01 -5.481955e+01
9.999927e-01 6.222987e-04 -3.758273e-03 -2.220852e+01 -6.227364e-04 9.999998e-01 -1.152039e-04 1.945662e+00 3.758227e-03 1.175466e-04 9.999928e-01 -5.500638e+01
9.999810e-01 -5.081064e-04 6.149142e-03 -2.216673e+01 5.080634e-04 9.999999e-01 8.616598e-06 1.947026e+00 -6.149172e-03 -5.495393e-06 9.999812e-01 -5.509794e+01
9.999894e-01 6.020663e-04 -4.560960e-03 -2.216804e+01 -6.032504e-04 9.999998e-01 -2.581663e-04 1.946849e+00 4.560830e-03 2.609181e-04 9.999895e-01 -5.505750e+01
9.999819e-01 -5.813187e-04 5.981430e-03 -2.220042e+01 5.813574e-04 9.999998e-01 -4.670820e-06 1.947830e+00 -5.981452e-03 8.145022e-06 9.999822e-01 -5.499998e+01
9.999896e-01 6.037281e-04 -4.516220e-03 -2.220530e+01 -6.050703e-04 9.999998e-01 -2.957385e-04 1.947093e+00 4.516067e-03 2.984711e-04 9.999897e-01 -5.494054e+01
9.999797e-01 -5.281129e-04 6.350776e-03 -2.220244e+01 5.275311e-04 9.999999e-01 9.333720e-05 1.947442e+00 -6.350851e-03 -8.998809e-05 9.999799e-01 -5.493356e+01
9.999903e-01 5.817855e-04 -4.360761e-03 -2.221370e+01 -5.830586e-04 9.999998e-01 -2.905867e-04 1.949184e+00 4.360618e-03 2.931294e-04 9.999904e-01 -5.494911e+01
9.999762e-01 -4.848268e-04 6.887013e-03 -2.217754e+01 4.833237e-04 9.999999e-01 2.199751e-04 1.951425e+00 -6.887146e-03 -2.166442e-04 9.999764e-01 -5.509506e+01
9.999919e-01 5.394416e-04 -3.999406e-03 -2.217125e+01 -5.401000e-04 9.999998e-01 -1.634313e-04 1.957960e+00 3.999344e-03 1.655931e-04 9.999919e-01 -5.534141e+01
9.999773e-01 -5.069505e-04 6.713567e-03 -2.227755e+01 5.044794e-04 9.999998e-01 3.698147e-04 1.970880e+00 -6.713781e-03 -3.664224e-04 9.999775e-01 -5.567374e+01
9.999917e-01 5.618882e-04 -4.024551e-03 -2.247712e+01 -5.618674e-04 9.999998e-01 6.407418e-06 1.989780e+00 4.024582e-03 -4.143038e-06 9.999918e-01 -5.611506e+01
9.999769e-01 -4.769654e-04 6.786194e-03 -2.270670e+01 4.740082e-04 9.999998e-01 4.374250e-04 2.010586e+00 -6.786430e-03 -4.342013e-04 9.999770e-01 -5.658854e+01
9.999900e-01 5.980288e-04 -4.421604e-03 -2.287026e+01 -5.994849e-04 9.999998e-01 -3.278920e-04 2.023522e+00 4.421435e-03 3.305426e-04 9.999901e-01 -5.683719e+01
9.999817e-01 -5.640748e-04 6.030309e-03 -2.298848e+01 5.630018e-04 9.999998e-01 1.797036e-04 2.030646e+00 -6.030438e-03 -1.763083e-04 9.999819e-01 -5.690816e+01
9.999879e-01 5.315096e-04 -4.887723e-03 -2.307322e+01 -5.338217e-04 9.999997e-01 -4.716652e-04 2.033196e+00 4.887499e-03 4.742717e-04 9.999878e-01 -5.684397e+01
9.999815e-01 -5.688548e-04 6.056375e-03 -2.319921e+01 5.677365e-04 9.999998e-01 1.864328e-04 2.037639e+00 -6.056509e-03 -1.829939e-04 9.999817e-01 -5.682296e+01
9.999889e-01 6.413963e-04 -4.661541e-03 -2.313005e+01 -6.434474e-04 9.999997e-01 -4.384267e-04 2.031846e+00 4.661287e-03 4.414243e-04 9.999889e-01 -5.673066e+01
9.999762e-01 -5.518452e-04 6.884256e-03 -2.306181e+01 5.500930e-04 9.999998e-01 2.564717e-04 2.028924e+00 -6.884426e-03 -2.526816e-04 9.999764e-01 -5.675581e+01
9.999891e-01 5.431591e-04 -4.633826e-03 -2.313367e+01 -5.450791e-04 9.999998e-01 -4.130059e-04 2.034572e+00 4.633630e-03 4.155302e-04 9.999891e-01 -5.686154e+01
9.999796e-01 -5.329344e-04 6.362652e-03 -2.320654e+01 5.317718e-04 9.999998e-01 1.844815e-04 2.038510e+00 -6.362779e-03 -1.810972e-04 9.999798e-01 -5.687586e+01
9.999902e-01 5.592733e-04 -4.394933e-03 -2.322913e+01 -5.609580e-04 9.999998e-01 -3.819879e-04 2.040671e+00 4.394748e-03 3.844524e-04 9.999902e-01 -5.690025e+01
9.999858e-01 -6.318644e-04 5.290395e-03 -2.331927e+01 6.311664e-04 9.999998e-01 1.336828e-04 2.041779e+00 -5.290508e-03 -1.303447e-04 9.999861e-01 -5.678804e+01
9.999944e-01 6.316952e-04 -3.276136e-03 -2.331599e+01 -6.329474e-04 9.999997e-01 -3.810642e-04 2.041568e+00 3.275924e-03 3.831386e-04 9.999945e-01 -5.678548e+01
9.999855e-01 -5.922246e-04 5.353840e-03 -2.326095e+01 5.913850e-04 9.999998e-01 1.584779e-04 2.039358e+00 -5.353963e-03 -1.553123e-04 9.999858e-01 -5.678794e+01
9.999948e-01 6.270091e-04 -3.167689e-03 -2.308359e+01 -6.281326e-04 9.999997e-01 -3.535529e-04 2.030539e+00 3.167497e-03 3.555437e-04 9.999948e-01 -5.676235e+01
9.999900e-01 -6.640471e-04 4.425853e-03 -2.302492e+01 6.638211e-04 9.999998e-01 5.261008e-05 2.025269e+00 -4.425918e-03 -4.967438e-05 9.999903e-01 -5.665787e+01
9.999938e-01 6.793549e-04 -3.441435e-03 -2.299853e+01 -6.806075e-04 9.999997e-01 -3.626937e-04 2.020946e+00 3.441218e-03 3.650366e-04 9.999939e-01 -5.653542e+01
9.999847e-01 -6.140617e-04 5.502636e-03 -2.294893e+01 6.131407e-04 9.999998e-01 1.691380e-04 2.019562e+00 -5.502769e-03 -1.657643e-04 9.999849e-01 -5.656640e+01
9.999942e-01 6.274727e-04 -3.341166e-03 -2.289905e+01 -6.283457e-04 9.999998e-01 -2.600965e-04 2.019153e+00 3.341033e-03 2.621971e-04 9.999943e-01 -5.661525e+01
9.999865e-01 -5.981080e-04 5.166172e-03 -2.295815e+01 5.975870e-04 9.999998e-01 1.024757e-04 2.023639e+00 -5.166263e-03 -9.938980e-05 9.999867e-01 -5.668861e+01
9.999941e-01 6.421053e-04 -3.385629e-03 -2.308264e+01 -6.430472e-04 9.999998e-01 -2.769923e-04 2.031114e+00 3.385481e-03 2.791705e-04 9.999941e-01 -5.678400e+01
9.999867e-01 -6.247990e-04 5.117895e-03 -2.319946e+01 6.244943e-04 9.999998e-01 6.120989e-05 2.037555e+00 -5.117964e-03 -5.801567e-05 9.999870e-01 -5.684537e+01
9.999943e-01 6.495353e-04 -3.323182e-03 -2.342121e+01 -6.501345e-04 9.999998e-01 -1.790972e-04 2.050938e+00 3.323097e-03 1.812593e-04 9.999944e-01 -5.705632e+01
9.999856e-01 -6.269003e-04 5.329494e-03 -2.358407e+01 6.264045e-04 9.999998e-01 9.476283e-05 2.061770e+00 -5.329584e-03 -9.142572e-05 9.999859e-01 -5.725430e+01
9.999947e-01 6.817908e-04 -3.176838e-03 -2.376072e+01 -6.819740e-04 9.999998e-01 -5.643988e-05 2.074746e+00 3.176831e-03 5.860880e-05 9.999949e-01 -5.751877e+01
9.999836e-01 -6.503682e-04 5.691920e-03 -2.392948e+01 6.491964e-04 9.999998e-01 2.077901e-04 2.088833e+00 -5.692086e-03 -2.040943e-04 9.999839e-01 -5.786128e+01
9.999955e-01 6.495412e-04 -2.935130e-03 -2.398057e+01 -6.499621e-04 9.999998e-01 -1.422990e-04 2.096748e+00 2.935070e-03 1.442087e-04 9.999956e-01 -5.813912e+01
9.999816e-01 -6.121539e-04 6.037445e-03 -2.401054e+01 6.105952e-04 9.999998e-01 2.600925e-04 2.104988e+00 -6.037636e-03 -2.564040e-04 9.999818e-01 -5.850138e+01
9.999953e-01 6.626490e-04 -3.001742e-03 -2.388279e+01 -6.633527e-04 9.999998e-01 -2.332697e-04 2.103195e+00 3.001620e-03 2.352625e-04 9.999954e-01 -5.870711e+01
9.999831e-01 -6.421348e-04 5.773537e-03 -2.389737e+01 6.406776e-04 9.999998e-01 2.543162e-04 2.108684e+00 -5.773732e-03 -2.506157e-04 9.999834e-01 -5.895425e+01
9.999944e-01 6.429570e-04 -3.274613e-03 -2.412842e+01 -6.434781e-04 9.999998e-01 -1.579309e-04 2.125726e+00 3.274545e-03 1.600399e-04 9.999945e-01 -5.932324e+01
9.999848e-01 -6.052768e-04 5.472711e-03 -2.437091e+01 6.042169e-04 9.999998e-01 1.954004e-04 2.141956e+00 -5.472862e-03 -1.920934e-04 9.999851e-01 -5.962958e+01
9.999942e-01 6.180322e-04 -3.334362e-03 -2.456366e+01 -6.189170e-04 9.999998e-01 -2.642129e-04 2.154493e+00 3.334232e-03 2.662778e-04 9.999943e-01 -5.986689e+01
9.999831e-01 -6.646831e-04 5.779222e-03 -2.470608e+01 6.643869e-04 9.999998e-01 5.324501e-05 2.163753e+00 -5.779291e-03 -4.940716e-05 9.999834e-01 -6.006339e+01
9.999929e-01 6.329769e-04 -3.721660e-03 -2.480412e+01 -6.342917e-04 9.999997e-01 -3.519812e-04 2.168431e+00 3.721471e-03 3.543420e-04 9.999929e-01 -6.015095e+01
9.999801e-01 -5.788960e-04 6.287530e-03 -2.472700e+01 5.779487e-04 9.999998e-01 1.525537e-04 2.165210e+00 -6.287652e-03 -1.489194e-04 9.999803e-01 -6.021999e+01
9.999931e-01 6.133694e-04 -3.649309e-03 -2.475949e+01 -6.145487e-04 9.999998e-01 -3.219227e-04 2.168470e+00 3.649145e-03 3.241658e-04 9.999932e-01 -6.037370e+01
9.999786e-01 -5.826481e-04 6.519612e-03 -2.479197e+01 5.810380e-04 9.999998e-01 2.489191e-04 2.173477e+00 -6.519791e-03 -2.451283e-04 9.999788e-01 -6.061882e+01
9.999942e-01 6.227114e-04 -3.344634e-03 -2.471827e+01 -6.236177e-04 9.999998e-01 -2.697911e-04 2.173438e+00 3.344500e-03 2.718779e-04 9.999943e-01 -6.082738e+01
9.999805e-01 -5.541302e-04 6.222475e-03 -2.453153e+01 5.529985e-04 9.999998e-01 1.836744e-04 2.165741e+00 -6.222612e-03 -1.802324e-04 9.999807e-01 -6.092500e+01
9.999938e-01 6.909353e-04 -3.460133e-03 -2.410710e+01 -6.918980e-04 9.999997e-01 -2.769134e-04 2.144248e+00 3.459977e-03 2.793083e-04 9.999939e-01 -6.090888e+01
9.999815e-01 -5.687255e-04 6.056689e-03 -2.370096e+01 5.679993e-04 9.999998e-01 1.217078e-04 2.122654e+00 -6.056794e-03 -1.182679e-04 9.999817e-01 -6.086573e+01
9.999952e-01 6.425869e-04 -3.045654e-03 -2.337511e+01 -6.434691e-04 9.999998e-01 -2.885248e-04 2.106409e+00 3.045504e-03 2.904858e-04 9.999952e-01 -6.086790e+01
9.999806e-01 -5.699439e-04 6.200584e-03 -2.312958e+01 5.687610e-04 9.999998e-01 1.926095e-04 2.095601e+00 -6.200730e-03 -1.890817e-04 9.999809e-01 -6.094686e+01
9.999943e-01 7.364157e-04 -3.297055e-03 -2.265146e+01 -7.372430e-04 9.999997e-01 -2.495658e-04 2.071523e+00 3.296908e-03 2.519977e-04 9.999944e-01 -6.093259e+01
9.999822e-01 -5.117675e-04 5.945083e-03 -2.206589e+01 5.104578e-04 9.999998e-01 2.219034e-04 2.040962e+00 -5.945233e-03 -2.188673e-04 9.999824e-01 -6.087734e+01
9.999957e-01 7.305199e-04 -2.825453e-03 -2.140646e+01 -7.310184e-04 9.999997e-01 -1.752478e-04 2.008283e+00 2.825362e-03 1.773151e-04 9.999959e-01 -6.088115e+01
9.999858e-01 -5.856509e-04 5.301950e-03 -2.107989e+01 5.854051e-04 9.999998e-01 4.801007e-05 1.991899e+00 -5.302015e-03 -4.490816e-05 9.999860e-01 -6.086916e+01
9.999880e-01 5.276152e-04 -4.878075e-03 -2.114941e+01 -5.299914e-04 9.999997e-01 -4.857424e-04 1.990832e+00 4.877856e-03 4.883244e-04 9.999879e-01 -6.070856e+01
9.999843e-01 -4.991378e-04 5.586602e-03 -2.127985e+01 4.985753e-04 9.999999e-01 1.021518e-04 1.994830e+00 -5.586691e-03 -9.936736e-05 9.999845e-01 -6.063336e+01
9.999919e-01 5.276599e-04 -3.977623e-03 -2.145077e+01 -5.283433e-04 9.999998e-01 -1.706538e-04 2.006134e+00 3.977571e-03 1.727565e-04 9.999920e-01 -6.081580e+01
9.999826e-01 -5.274953e-04 5.878854e-03 -2.162084e+01 5.268575e-04 9.999999e-01 1.101252e-04 2.018400e+00 -5.878950e-03 -1.070284e-04 9.999828e-01 -6.104537e+01
9.999903e-01 5.461792e-04 -4.364156e-03 -2.171374e+01 -5.472886e-04 9.999998e-01 -2.528973e-04 2.024781e+00 4.364056e-03 2.552858e-04 9.999903e-01 -6.112068e+01
9.999812e-01 -5.341772e-04 6.105522e-03 -2.176840e+01 5.331272e-04 9.999998e-01 1.736661e-04 2.029848e+00 -6.105652e-03 -1.704103e-04 9.999814e-01 -6.122169e+01
9.999901e-01 5.748852e-04 -4.402703e-03 -2.188808e+01 -5.762860e-04 9.999998e-01 -3.167969e-04 2.038222e+00 4.402558e-03 3.193334e-04 9.999902e-01 -6.135436e+01
9.999845e-01 -6.097011e-04 5.534757e-03 -2.190322e+01 6.101322e-04 9.999998e-01 -7.612332e-05 2.036750e+00 -5.534748e-03 7.949668e-05 9.999848e-01 -6.126133e+01
9.999902e-01 5.296052e-04 -4.384736e-03 -2.187109e+01 -5.306914e-04 9.999998e-01 -2.464526e-04 2.032401e+00 4.384644e-03 2.487795e-04 9.999903e-01 -6.115467e+01
9.999842e-01 -5.648817e-04 5.600770e-03 -2.173344e+01 5.646612e-04 9.999998e-01 4.103596e-05 2.023333e+00 -5.600832e-03 -3.787511e-05 9.999844e-01 -6.103597e+01
9.999942e-01 6.005745e-04 -3.348264e-03 -2.142828e+01 -6.010005e-04 9.999998e-01 -1.260756e-04 2.008627e+00 3.348227e-03 1.280895e-04 9.999943e-01 -6.100903e+01
9.999814e-01 -5.889889e-04 6.064771e-03 -2.136512e+01 5.891167e-04 9.999998e-01 -1.920679e-05 2.009554e+00 -6.064798e-03 2.277698e-05 9.999817e-01 -6.116986e+01
9.999903e-01 6.510554e-04 -4.346005e-03 -2.105452e+01 -6.513082e-04 9.999998e-01 -5.663821e-05 1.991946e+00 4.346007e-03 5.947058e-05 9.999905e-01 -6.102035e+01
9.999688e-01 -4.680743e-04 7.888839e-03 -2.066772e+01 4.678197e-04 9.999999e-01 3.416980e-05 1.976871e+00 -7.888894e-03 -3.048049e-05 9.999690e-01 -6.116246e+01
9.999867e-01 6.665428e-04 -5.120624e-03 -2.051507e+01 -6.672078e-04 9.999998e-01 -1.280597e-04 1.971935e+00 5.120577e-03 1.314768e-04 9.999868e-01 -6.128506e+01
9.999744e-01 -6.031125e-04 7.126868e-03 -2.069456e+01 6.029918e-04 9.999998e-01 1.915400e-05 1.983893e+00 -7.126918e-03 -1.485836e-05 9.999747e-01 -6.150277e+01
9.999880e-01 6.532131e-04 -4.863164e-03 -2.085990e+01 -6.532594e-04 9.999998e-01 -7.826993e-06 1.996931e+00 4.863198e-03 1.100612e-05 9.999881e-01 -6.181279e+01
9.999752e-01 -5.964302e-04 7.015061e-03 -2.098912e+01 5.961305e-04 9.999998e-01 4.488121e-05 2.007945e+00 -7.015127e-03 -4.070051e-05 9.999755e-01 -6.208667e+01
9.999856e-01 6.403565e-04 -5.320075e-03 -2.113405e+01 -6.414088e-04 9.999998e-01 -1.960038e-04 2.016584e+00 5.319990e-03 1.994157e-04 9.999857e-01 -6.220568e+01
9.999770e-01 -5.627929e-04 6.753891e-03 -2.132726e+01 5.630672e-04 9.999998e-01 -3.863127e-05 2.026123e+00 -6.753909e-03 4.243101e-05 9.999773e-01 -6.228898e+01
9.999885e-01 5.738176e-04 -4.769942e-03 -2.143469e+01 -5.745465e-04 9.999998e-01 -1.513421e-04 2.033025e+00 4.769896e-03 1.540832e-04 9.999885e-01 -6.242542e+01
9.999744e-01 -5.004367e-04 7.139879e-03 -2.156583e+01 4.992321e-04 9.999999e-01 1.705615e-04 2.043775e+00 -7.140005e-03 -1.669949e-04 9.999746e-01 -6.271782e+01
9.999882e-01 5.236749e-04 -4.825652e-03 -2.149582e+01 -5.255590e-04 9.999998e-01 -3.890816e-04 2.040280e+00 4.825489e-03 3.916155e-04 9.999882e-01 -6.281025e+01
9.999745e-01 -5.520503e-04 7.114805e-03 -2.162569e+01 5.501679e-04 9.999998e-01 2.666000e-04 2.049239e+00 -7.114993e-03 -2.626811e-04 9.999747e-01 -6.301218e+01
9.999864e-01 6.000323e-04 -5.175556e-03 -2.177245e+01 -6.017052e-04 9.999998e-01 -3.215921e-04 2.059169e+00 5.175404e-03 3.247042e-04 9.999865e-01 -6.320511e+01
9.999701e-01 -6.029884e-04 7.705601e-03 -2.190964e+01 6.004887e-04 9.999998e-01 3.267723e-04 2.070754e+00 -7.705839e-03 -3.221376e-04 9.999704e-01 -6.350814e+01
9.999861e-01 6.203243e-04 -5.226565e-03 -2.192168e+01 -6.213913e-04 9.999998e-01 -2.024272e-04 2.076625e+00 5.226481e-03 2.056744e-04 9.999862e-01 -6.377300e+01
9.999724e-01 -6.172356e-04 7.406683e-03 -2.193897e+01 6.166957e-04 9.999998e-01 7.523904e-05 2.079366e+00 -7.406771e-03 -7.067150e-05 9.999727e-01 -6.387243e+01
9.999857e-01 6.695425e-04 -5.299516e-03 -2.214688e+01 -6.706863e-04 9.999998e-01 -2.139698e-04 2.092682e+00 5.299414e-03 2.175233e-04 9.999858e-01 -6.411292e+01
9.999733e-01 -5.751022e-04 7.286156e-03 -2.240832e+01 5.748941e-04 9.999998e-01 3.072892e-05 2.107923e+00 -7.286215e-03 -2.654151e-05 9.999736e-01 -6.435047e+01
9.999795e-01 5.371364e-04 -6.378089e-03 -2.256760e+01 -5.394720e-04 9.999998e-01 -3.643920e-04 2.113701e+00 6.377935e-03 3.678275e-04 9.999795e-01 -6.431959e+01
9.999670e-01 -4.696124e-04 8.113678e-03 -2.289448e+01 4.680707e-04 9.999999e-01 1.919659e-04 2.132245e+00 -8.113810e-03 -1.881639e-04 9.999672e-01 -6.461710e+01
9.999796e-01 6.030461e-04 -6.359916e-03 -2.319775e+01 -6.056965e-04 9.999997e-01 -4.147363e-04 2.149202e+00 6.359708e-03 4.185821e-04 9.999796e-01 -6.487711e+01
9.999739e-01 -5.727758e-04 7.199925e-03 -2.337664e+01 5.724752e-04 9.999998e-01 4.387406e-05 2.156033e+00 -7.199993e-03 -3.975320e-05 9.999742e-01 -6.485686e+01
9.999836e-01 6.594885e-04 -5.688957e-03 -2.361948e+01 -6.606797e-04 9.999998e-01 -2.074270e-04 2.169416e+00 5.688863e-03 2.111843e-04 9.999837e-01 -6.504775e+01
9.999751e-01 -6.654625e-04 7.020210e-03 -2.357029e+01 6.659456e-04 9.999998e-01 -6.641546e-05 2.164228e+00 -7.020208e-03 7.108686e-05 9.999755e-01 -6.494174e+01
9.999860e-01 7.108231e-04 -5.249559e-03 -2.307898e+01 -7.102640e-04 9.999997e-01 1.084627e-04 2.137097e+00 5.249679e-03 -1.047306e-04 9.999861e-01 -6.473604e+01
9.999703e-01 -5.323260e-04 7.686781e-03 -2.258996e+01 5.338523e-04 9.999998e-01 -1.964540e-04 2.110874e+00 -7.686720e-03 2.005498e-04 9.999705e-01 -6.464702e+01
9.999824e-01 5.630858e-04 -5.912461e-03 -2.265776e+01 -5.635033e-04 9.999998e-01 -6.887116e-05 2.114539e+00 5.912466e-03 7.220366e-05 9.999824e-01 -6.467432e+01
9.999682e-01 -4.944822e-04 7.954980e-03 -2.279617e+01 4.941250e-04 9.999999e-01 4.692269e-05 2.124499e+00 -7.955047e-03 -4.299245e-05 9.999685e-01 -6.485081e+01
9.999806e-01 5.704473e-04 -6.197906e-03 -2.298210e+01 -5.717985e-04 9.999998e-01 -2.161660e-04 2.135505e+00 6.197826e-03 2.197078e-04 9.999807e-01 -6.501127e+01
9.999697e-01 -4.861138e-04 7.773246e-03 -2.312690e+01 4.860637e-04 9.999999e-01 8.392532e-06 2.143666e+00 -7.773294e-03 -4.615955e-06 9.999699e-01 -6.509343e+01
9.999844e-01 5.080128e-04 -5.556241e-03 -2.276683e+01 -5.085786e-04 9.999999e-01 -1.003329e-04 2.124884e+00 5.556235e-03 1.031591e-04 9.999845e-01 -6.502896e+01
9.999671e-01 -3.088333e-04 8.110783e-03 -2.205725e+01 3.070537e-04 9.999999e-01 2.207167e-04 2.087905e+00 -8.110896e-03 -2.182210e-04 9.999672e-01 -6.492005e+01
9.999844e-01 5.817481e-04 -5.554867e-03 -2.125044e+01 -5.822842e-04 9.999998e-01 -9.480075e-05 2.045468e+00 5.554857e-03 9.803579e-05 9.999845e-01 -6.479162e+01
9.999716e-01 -5.022537e-04 7.521873e-03 -2.075897e+01 5.018023e-04 9.999999e-01 6.196178e-05 2.018139e+00 -7.521949e-03 -5.818751e-05 9.999718e-01 -6.466311e+01
9.999843e-01 6.659954e-04 -5.554126e-03 -2.030376e+01 -6.667683e-04 9.999998e-01 -1.372265e-04 1.993041e+00 5.554079e-03 1.409297e-04 9.999845e-01 -6.456319e+01
9.999733e-01 -6.250487e-04 7.275775e-03 -2.004575e+01 6.252635e-04 9.999998e-01 -2.718589e-05 1.977928e+00 -7.275803e-03 3.173247e-05 9.999736e-01 -6.447589e+01
9.999775e-01 6.970700e-04 -6.676574e-03 -1.979780e+01 -6.980708e-04 9.999997e-01 -1.474996e-04 1.960400e+00 6.676515e-03 1.521590e-04 9.999776e-01 -6.425619e+01
9.999603e-01 -5.910745e-04 8.886236e-03 -1.936234e+01 5.902824e-04 9.999998e-01 9.181959e-05 1.936721e+00 -8.886335e-03 -8.657251e-05 9.999606e-01 -6.417532e+01
9.999789e-01 9.220977e-04 -6.430161e-03 -1.875309e+01 -9.228491e-04 9.999996e-01 -1.138238e-04 1.903917e+00 6.430099e-03 1.197575e-04 9.999792e-01 -6.408736e+01
9.999640e-01 -6.823843e-04 8.453080e-03 -1.829728e+01 6.822765e-04 9.999998e-01 1.569542e-05 1.878122e+00 -8.453135e-03 -9.929467e-06 9.999644e-01 -6.396916e+01
9.999759e-01 7.598537e-04 -6.905954e-03 -1.786817e+01 -7.605269e-04 9.999997e-01 -9.478735e-05 1.853171e+00 6.905927e-03 1.000392e-04 9.999761e-01 -6.380557e+01
9.999493e-01 -2.329179e-04 1.006868e-02 -1.677998e+01 2.294596e-04 9.999999e-01 3.446709e-04 1.797217e+00 -1.006881e-02 -3.423451e-04 9.999493e-01 -6.370627e+01
9.999668e-01 5.696241e-04 -8.122704e-03 -1.622843e+01 -5.728718e-04 9.999998e-01 -3.974400e-04 1.766847e+00 8.122523e-03 4.020821e-04 9.999668e-01 -6.359028e+01
9.999577e-01 -5.586657e-04 9.181107e-03 -1.612127e+01 5.575376e-04 9.999998e-01 1.254780e-04 1.758781e+00 -9.181223e-03 -1.203558e-04 9.999579e-01 -6.347625e+01
9.999712e-01 5.462922e-04 -7.575316e-03 -1.604547e+01 -5.494529e-04 9.999998e-01 -4.150868e-04 1.754063e+00 7.575135e-03 4.192391e-04 9.999711e-01 -6.342358e+01
9.999574e-01 -5.193449e-04 9.219265e-03 -1.585026e+01 5.179324e-04 9.999999e-01 1.556486e-04 1.742576e+00 -9.219393e-03 -1.508689e-04 9.999576e-01 -6.334649e+01
9.999740e-01 5.809431e-04 -7.192757e-03 -1.567928e+01 -5.835305e-04 9.999998e-01 -3.575624e-04 1.733730e+00 7.192595e-03 3.617522e-04 9.999740e-01 -6.331928e+01
9.999604e-01 -5.763661e-04 8.884500e-03 -1.562759e+01 5.754864e-04 9.999998e-01 1.016200e-04 1.730490e+00 -8.884606e-03 -9.650488e-05 9.999606e-01 -6.327873e+01
9.999768e-01 5.922846e-04 -6.782922e-03 -1.562184e+01 -5.942462e-04 9.999998e-01 -2.871038e-04 1.731397e+00 6.782798e-03 2.911298e-04 9.999769e-01 -6.334495e+01
9.999579e-01 -5.608394e-04 9.159087e-03 -1.574566e+01 5.588252e-04 9.999998e-01 2.225201e-04 1.741635e+00 -9.159258e-03 -2.173942e-04 9.999581e-01 -6.358116e+01
9.999750e-01 5.945193e-04 -7.041342e-03 -1.592373e+01 -5.961655e-04 9.999998e-01 -2.316212e-04 1.754439e+00 7.041251e-03 2.358150e-04 9.999751e-01 -6.384535e+01
9.999536e-01 -5.275718e-04 9.620793e-03 -1.615400e+01 5.248272e-04 9.999998e-01 2.878455e-04 1.771909e+00 -9.620992e-03 -2.827848e-04 9.999538e-01 -6.423504e+01
9.999721e-01 5.570546e-04 -7.453874e-03 -1.639351e+01 -5.596642e-04 9.999998e-01 -3.479449e-04 1.788052e+00 7.453728e-03 3.521087e-04 9.999721e-01 -6.455554e+01
9.999517e-01 -5.541368e-04 9.816609e-03 -1.654735e+01 5.512892e-04 9.999998e-01 2.928238e-04 1.799485e+00 -9.816819e-03 -2.873997e-04 9.999519e-01 -6.484558e+01
9.999739e-01 5.356380e-04 -7.210777e-03 -1.665312e+01 -5.373959e-04 9.999998e-01 -2.417849e-04 1.810566e+00 7.210696e-03 2.456555e-04 9.999739e-01 -6.518292e+01
9.999536e-01 -5.245889e-04 9.624462e-03 -1.683574e+01 5.215464e-04 9.999998e-01 3.186719e-04 1.825160e+00 -9.624677e-03 -3.136393e-04 9.999537e-01 -6.552734e+01
9.999665e-01 5.577990e-04 -8.163636e-03 -1.701222e+01 -5.627006e-04 9.999997e-01 -5.980690e-04 1.834313e+00 8.163349e-03 6.026445e-04 9.999664e-01 -6.562296e+01
9.999499e-01 -5.445776e-04 9.998932e-03 -1.714835e+01 5.416261e-04 9.999998e-01 2.979260e-04 1.841353e+00 -9.999142e-03 -2.924972e-04 9.999501e-01 -6.570649e+01
9.999685e-01 5.403899e-04 -7.914806e-03 -1.701970e+01 -5.445298e-04 9.999997e-01 -5.208562e-04 1.833826e+00 7.914572e-03 5.251514e-04 9.999684e-01 -6.565348e+01
9.999515e-01 -5.611194e-04 9.832241e-03 -1.685742e+01 5.588663e-04 9.999998e-01 2.319452e-04 1.824056e+00 -9.832420e-03 -2.264407e-04 9.999517e-01 -6.558992e+01
9.999702e-01 5.611588e-04 -7.699694e-03 -1.688891e+01 -5.644297e-04 9.999998e-01 -4.225886e-04 1.827006e+00 7.699505e-03 4.269236e-04 9.999702e-01 -6.566340e+01
9.999521e-01 -4.962350e-04 9.772925e-03 -1.689094e+01 4.933471e-04 9.999998e-01 2.979466e-04 1.828609e+00 -9.773121e-03 -2.931126e-04 9.999523e-01 -6.576103e+01
9.999735e-01 5.149060e-04 -7.262148e-03 -1.697716e+01 -5.179431e-04 9.999998e-01 -4.162738e-04 1.836482e+00 7.261982e-03 4.200259e-04 9.999735e-01 -6.598271e+01
9.999531e-01 -4.689857e-04 9.672061e-03 -1.723682e+01 4.650994e-04 9.999998e-01 4.041008e-04 1.854003e+00 -9.672300e-03 -3.995851e-04 9.999532e-01 -6.633549e+01
9.999704e-01 4.982202e-04 -7.673673e-03 -1.747315e+01 -5.018912e-04 9.999998e-01 -4.764116e-04 1.869539e+00 7.673485e-03 4.802505e-04 9.999704e-01 -6.662205e+01
9.999538e-01 -4.667633e-04 9.597998e-03 -1.764372e+01 4.639930e-04 9.999999e-01 2.908988e-04 1.880235e+00 -9.598184e-03 -2.864336e-04 9.999540e-01 -6.677426e+01
9.999679e-01 5.294777e-04 -7.991612e-03 -1.785342e+01 -5.339978e-04 9.999997e-01 -5.634284e-04 1.891966e+00 7.991363e-03 5.676795e-04 9.999678e-01 -6.689749e+01
9.999564e-01 -3.826644e-04 9.333599e-03 -1.810138e+01 3.791033e-04 9.999999e-01 3.833539e-04 1.905184e+00 -9.333797e-03 -3.798004e-04 9.999565e-01 -6.706082e+01
9.999711e-01 4.461626e-04 -7.586816e-03 -1.832095e+01 -4.507685e-04 9.999997e-01 -6.053398e-04 1.918318e+00 7.586596e-03 6.087438e-04 9.999709e-01 -6.724315e+01
9.999602e-01 -3.404957e-04 8.916746e-03 -1.867302e+01 3.360346e-04 9.999998e-01 5.018433e-04 1.937810e+00 -8.916967e-03 -4.988286e-04 9.999602e-01 -6.753907e+01
9.999704e-01 3.762823e-04 -7.686594e-03 -1.883204e+01 -3.820324e-04 9.999996e-01 -7.465541e-04 1.946303e+00 7.686363e-03 7.494701e-04 9.999701e-01 -6.761188e+01
9.999604e-01 -3.670928e-04 8.896953e-03 -1.892725e+01 3.627563e-04 9.999998e-01 4.890712e-04 1.950579e+00 -8.897183e-03 -4.858260e-04 9.999604e-01 -6.759697e+01
9.999726e-01 4.406149e-04 -7.383165e-03 -1.906222e+01 -4.455133e-04 9.999997e-01 -6.617651e-04 1.957833e+00 7.382923e-03 6.650379e-04 9.999724e-01 -6.764892e+01
9.999590e-01 -3.919969e-04 9.043906e-03 -1.921563e+01 3.876702e-04 9.999998e-01 4.801976e-04 1.966940e+00 -9.044145e-03 -4.766734e-04 9.999591e-01 -6.777316e+01
9.999703e-01 3.981772e-04 -7.695833e-03 -1.921899e+01 -4.044656e-04 9.999996e-01 -8.155188e-04 1.966210e+00 7.695558e-03 8.186088e-04 9.999700e-01 -6.771086e+01
9.999617e-01 -4.520101e-04 8.744827e-03 -1.909575e+01 4.476781e-04 9.999998e-01 4.973774e-04 1.956691e+00 -8.745102e-03 -4.934449e-04 9.999617e-01 -6.758783e+01
9.999792e-01 4.911084e-04 -6.431012e-03 -1.876657e+01 -4.957020e-04 9.999996e-01 -7.126450e-04 1.939295e+00 6.430713e-03 7.158195e-04 9.999790e-01 -6.754481e+01
9.999636e-01 -3.924621e-04 8.528805e-03 -1.861346e+01 3.885530e-04 9.999998e-01 4.600370e-04 1.931252e+00 -8.529037e-03 -4.567078e-04 9.999636e-01 -6.751873e+01
9.999807e-01 4.889841e-04 -6.191701e-03 -1.827692e+01 -4.926704e-04 9.999997e-01 -5.937808e-04 1.914566e+00 6.191463e-03 5.968212e-04 9.999806e-01 -6.749981e+01
9.999579e-01 -8.874864e-05 9.179733e-03 -1.740726e+01 8.264832e-05 9.999998e-01 6.649600e-04 1.870076e+00 -9.179843e-03 -6.641748e-04 9.999577e-01 -6.745312e+01
9.999845e-01 6.706644e-04 -5.525049e-03 -1.627789e+01 -6.734774e-04 9.999996e-01 -5.072060e-04 1.814672e+00 5.524760e-03 5.109206e-04 9.999845e-01 -6.745796e+01
9.999550e-01 -4.615232e-05 9.487542e-03 -1.503747e+01 3.884795e-05 9.999997e-01 7.701157e-04 1.753973e+00 -9.487628e-03 -7.697140e-04 9.999548e-01 -6.745901e+01
9.999829e-01 5.586333e-04 -5.826506e-03 -1.413952e+01 -5.624024e-04 9.999996e-01 -6.451796e-04 1.713678e+00 5.826198e-03 6.484469e-04 9.999827e-01 -6.755654e+01
9.999611e-01 -3.839999e-04 8.815302e-03 -1.360131e+01 3.784705e-04 9.999997e-01 6.289550e-04 1.687671e+00 -8.815596e-03 -6.255957e-04 9.999610e-01 -6.756481e+01
9.999813e-01 6.620994e-04 -6.084210e-03 -1.303622e+01 -6.665291e-04 9.999995e-01 -7.259869e-04 1.658467e+00 6.083781e-03 7.300301e-04 9.999811e-01 -6.753781e+01
9.999639e-01 -4.260548e-04 8.489061e-03 -1.252287e+01 4.205977e-04 9.999997e-01 6.446676e-04 1.631382e+00 -8.489388e-03 -6.410754e-04 9.999639e-01 -6.748299e+01
9.999861e-01 6.730056e-04 -5.225547e-03 -1.180186e+01 -6.760861e-04 9.999996e-01 -5.876851e-04 1.596437e+00 5.225205e-03 5.912115e-04 9.999861e-01 -6.750692e+01
9.999549e-01 -2.214651e-04 9.498367e-03 -1.071620e+01 2.135069e-04 9.999996e-01 8.388968e-04 1.545155e+00 -9.498605e-03 -8.368326e-04 9.999546e-01 -6.758842e+01
9.999848e-01 7.693966e-04 -5.457094e-03 -9.558424e+00 -7.726687e-04 9.999995e-01 -5.974446e-04 1.490232e+00 5.456687e-03 6.016537e-04 9.999848e-01 -6.763910e+01
9.999643e-01 -5.216580e-04 8.437915e-03 -9.021585e+00 5.170797e-04 9.999997e-01 5.448226e-04 1.464593e+00 -8.438253e-03 -5.404417e-04 9.999643e-01 -6.767213e+01
9.999838e-01 6.110165e-04 -5.653107e-03 -8.652101e+00 -6.144274e-04 9.999996e-01 -6.015682e-04 1.448384e+00 5.652794e-03 6.050335e-04 9.999837e-01 -6.771824e+01
9.999640e-01 -5.085415e-04 8.473325e-03 -8.205538e+00 5.036725e-04 9.999997e-01 5.768077e-04 1.428486e+00 -8.473673e-03 -5.725208e-04 9.999640e-01 -6.776762e+01
9.999907e-01 8.368418e-04 -4.237517e-03 -7.232548e+00 -8.382606e-04 9.999996e-01 -3.329225e-04 1.385392e+00 4.237294e-03 3.364732e-04 9.999909e-01 -6.791042e+01
