9.999999e-01 -1.651234e-04 -4.573591e-04 -7.406211e-02 1.650371e-04 1.000000e+00 -1.886622e-04 -3.491263e-03 4.573902e-04 1.885863e-04 1.000000e+00 2.910012e-01
9.999997e-01 6.637286e-05 7.651076e-04 -9.238032e-02 -6.635371e-05 1.000000e+00 -2.503163e-05 -6.658754e-03 -7.651093e-04 2.498129e-05 9.999996e-01 4.727533e-01
9.999999e-01 -6.528803e-05 -4.025937e-04 -7.218033e-03 6.521297e-05 1.000000e+00 -1.864015e-04 -1.470528e-02 4.026058e-04 1.863748e-04 1.000000e+00 6.516185e-01
9.999999e-01 -4.254627e-05 3.528160e-04 9.480415e-02 4.251553e-05 1.000000e+00 8.717984e-05 -2.620791e-02 -3.528196e-04 -8.716442e-05 9.999998e-01 9.381817e-01
9.999992e-01 -5.648085e-06 1.256180e-03 1.540534e-01 5.989719e-06 1.000000e+00 -2.719738e-04 -2.911589e-02 -1.256179e-03 2.719807e-04 9.999993e-01 9.847014e-01
9.999999e-01 2.234208e-06 5.006945e-04 1.318139e-01 -2.297374e-06 1.000000e+00 1.261917e-04 -2.611433e-02 -5.006939e-04 -1.261924e-04 9.999998e-01 9.620706e-01
9.999991e-01 4.530538e-06 1.308605e-03 8.827226e-02 -4.202473e-06 1.000000e+00 -2.507138e-04 -2.191901e-02 -1.308607e-03 2.507078e-04 9.999992e-01 9.051543e-01
9.999999e-01 1.657135e-05 3.423109e-04 5.084295e-02 -1.659401e-05 1.000000e+00 6.623906e-05 -1.938850e-02 -3.423091e-04 -6.624439e-05 9.999998e-01 9.109223e-01
9.999990e-01 -4.044134e-05 1.440170e-03 5.284731e-02 4.083854e-05 1.000000e+00 -2.757852e-04 -1.859316e-02 -1.440160e-03 2.758434e-04 9.999990e-01 9.223898e-01
1.000000e+00 9.571471e-06 7.902805e-05 -1.599422e-03 -9.575659e-06 1.000000e+00 5.321299e-05 -1.577164e-02 -7.902647e-05 -5.321345e-05 9.999999e-01 9.431845e-01
9.999980e-01 4.434406e-05 1.984561e-03 -6.940595e-02 -4.430119e-05 1.000000e+00 -2.165458e-05 -8.312873e-03 -1.984563e-03 2.156631e-05 9.999981e-01 7.557050e-01
1.000000e+00 7.556430e-06 -7.836600e-05 -1.606674e-01 -7.557585e-06 1.000000e+00 -1.494174e-05 -1.420518e-03 7.836736e-05 1.494263e-05 9.999999e-01 6.394164e-01
9.999990e-01 -1.924593e-05 1.385293e-03 -2.564085e-01 1.961461e-05 1.000000e+00 -2.661345e-04 3.129052e-03 -1.385289e-03 2.661612e-04 9.999991e-01 6.455575e-01
1.000000e+00 -1.378657e-05 -2.203922e-04 -3.068389e-01 1.378081e-05 1.000000e+00 -2.619829e-05 4.649589e-03 2.203943e-04 2.619550e-05 9.999999e-01 7.219919e-01
9.999981e-01 -1.187147e-06 1.930435e-03 -3.814035e-01 1.372503e-06 1.000000e+00 -9.602497e-05 1.070441e-02 -1.930437e-03 9.602721e-05 9.999982e-01 6.443489e-01
9.999998e-01 4.549370e-05 -5.574260e-04 -5.031766e-01 -4.555839e-05 1.000000e+00 -1.160698e-04 1.644499e-02 5.574227e-04 1.160953e-04 9.999997e-01 6.298260e-01
9.999990e-01 -2.762909e-05 1.438518e-03 -5.703539e-01 2.795028e-05 1.000000e+00 -2.232706e-04 1.738922e-02 -1.438514e-03 2.233104e-04 9.999990e-01 7.501037e-01
9.999975e-01 -8.723184e-05 -2.227333e-03 -3.590023e-01 8.761853e-05 1.000000e+00 1.735029e-04 -4.123046e-03 2.227320e-03 -1.736974e-04 9.999974e-01 1.205021e+00
9.999944e-01 3.357359e-05 3.348488e-03 -1.250251e-01 -3.237261e-05 9.999999e-01 -3.587220e-04 -2.048910e-02 -3.348502e-03 3.586115e-04 9.999944e-01 1.400932e+00
9.999988e-01 -1.285179e-05 -1.571856e-03 -2.587085e-01 1.319722e-05 1.000000e+00 2.197368e-04 -1.200270e-02 1.571855e-03 -2.197571e-04 9.999986e-01 1.283048e+00
9.999954e-01 4.054169e-05 3.022430e-03 -3.956909e-01 -3.913479e-05 9.999999e-01 -4.655481e-04 -5.412709e-03 -3.022451e-03 4.654276e-04 9.999954e-01 1.249716e+00
9.999976e-01 -3.570903e-05 -2.173777e-03 -5.713584e-01 3.589526e-05 1.000000e+00 8.562578e-05 8.092214e-04 2.173777e-03 -8.570354e-05 9.999975e-01 1.306374e+00
9.999946e-01 9.809569e-05 3.269895e-03 -7.807900e-01 -9.660945e-05 9.999999e-01 -4.546801e-04 9.571098e-03 -3.269942e-03 4.543617e-04 9.999947e-01 1.300358e+00
9.999953e-01 -8.170768e-05 -3.061459e-03 -1.036936e+00 8.196439e-05 1.000000e+00 8.372041e-05 1.779372e-02 3.061455e-03 -8.397095e-05 9.999952e-01 1.379278e+00
9.999918e-01 1.442893e-04 4.054743e-03 -1.236361e+00 -1.425361e-04 9.999999e-01 -4.326812e-04 2.625594e-02 -4.054808e-03 4.320997e-04 9.999918e-01 1.371779e+00
9.999966e-01 -1.027006e-04 -2.607131e-03 -1.401857e+00 1.031062e-04 1.000000e+00 1.554280e-04 3.428625e-02 2.607118e-03 -1.556963e-04 9.999965e-01 1.317958e+00
9.999917e-01 1.688615e-04 4.060889e-03 -1.646575e+00 -1.671546e-04 9.999999e-01 -4.206556e-04 4.714960e-02 -4.060963e-03 4.199735e-04 9.999918e-01 1.180764e+00
9.999969e-01 -9.377958e-05 -2.490065e-03 -1.887479e+00 9.416655e-05 1.000000e+00 1.552788e-04 6.037833e-02 2.490054e-03 -1.555129e-04 9.999968e-01 1.019689e+00
9.999919e-01 1.846752e-04 4.016830e-03 -2.115821e+00 -1.830077e-04 9.999999e-01 -4.155108e-04 7.233119e-02 -4.016910e-03 4.147724e-04 9.999919e-01 8.888984e-01
9.999965e-01 -1.001824e-04 -2.647529e-03 -2.325554e+00 1.004013e-04 1.000000e+00 8.251746e-05 8.256971e-02 2.647525e-03 -8.278315e-05 9.999964e-01 8.103818e-01
9.999920e-01 2.026325e-04 3.997037e-03 -2.574951e+00 -2.010050e-04 9.999999e-01 -4.075609e-04 9.490675e-02 -3.997123e-03 4.067544e-04 9.999920e-01 7.011348e-01
9.999971e-01 -1.477368e-04 -2.423308e-03 -2.806482e+00 1.479954e-04 1.000000e+00 1.065528e-04 1.071805e-01 2.423296e-03 -1.069113e-04 9.999970e-01 5.565414e-01
9.999917e-01 2.372487e-04 4.062661e-03 -3.032099e+00 -2.358449e-04 9.999999e-01 -3.460033e-04 1.197881e-01 -4.062747e-03 3.450426e-04 9.999918e-01 3.996465e-01
9.999963e-01 -1.778294e-04 -2.698322e-03 -3.208759e+00 1.778044e-04 1.000000e+00 -9.496691e-06 1.282239e-01 2.698328e-03 9.016588e-06 9.999963e-01 3.495685e-01
9.999925e-01 2.610951e-04 3.863148e-03 -3.385918e+00 -2.597597e-04 9.999999e-01 -3.461999e-04 1.366136e-01 -3.863242e-03 3.451941e-04 9.999926e-01 3.087505e-01
9.999968e-01 -2.050806e-04 -2.508206e-03 -3.496851e+00 2.049782e-04 1.000000e+00 -4.109360e-05 1.408320e-01 2.508219e-03 4.057898e-05 9.999968e-01 3.339485e-01
9.999912e-01 2.245340e-04 4.180777e-03 -3.626659e+00 -2.235235e-04 9.999999e-01 -2.421636e-04 1.482699e-01 -4.180836e-03 2.412274e-04 9.999913e-01 2.436066e-01
9.999963e-01 -1.768520e-04 -2.713904e-03 -3.806964e+00 1.768488e-04 1.000000e+00 -1.435024e-06 1.580346e-01 2.713909e-03 9.546474e-07 9.999962e-01 1.276988e-01
9.999890e-01 1.740805e-04 4.677936e-03 -3.965615e+00 -1.734495e-04 1.000000e+00 -1.352976e-04 1.687036e-01 -4.677965e-03 1.344851e-04 9.999891e-01 -7.192778e-02
9.999965e-01 -1.272260e-04 -2.651262e-03 -4.146669e+00 1.273905e-04 1.000000e+00 6.188075e-05 1.810672e-01 2.651259e-03 -6.221872e-05 9.999964e-01 -2.888842e-01
9.999912e-01 1.519623e-04 4.187472e-03 -4.393295e+00 -1.503878e-04 9.999999e-01 -3.763280e-04 1.937947e-01 -4.187534e-03 3.756954e-04 9.999913e-01 -4.385702e-01
9.999953e-01 -8.353087e-05 -3.076617e-03 -4.702883e+00 8.371847e-05 1.000000e+00 6.083775e-05 2.090570e-01 3.076618e-03 -6.109554e-05 9.999952e-01 -6.029969e-01
9.999908e-01 1.181579e-04 4.289791e-03 -4.949437e+00 -1.164149e-04 9.999999e-01 -4.065600e-04 2.209863e-01 -4.289844e-03 4.060574e-04 9.999908e-01 -7.205923e-01
9.999955e-01 -1.192791e-04 -3.005565e-03 -5.101986e+00 1.196768e-04 1.000000e+00 1.321559e-04 2.285551e-01 3.005555e-03 -1.325156e-04 9.999954e-01 -7.767450e-01
9.999880e-01 1.082973e-04 4.895631e-03 -5.319271e+00 -1.073519e-04 1.000000e+00 -1.933848e-04 2.431653e-01 -4.895658e-03 1.928575e-04 9.999881e-01 -1.040194e+00
9.999957e-01 -3.803732e-05 -2.930053e-03 -5.584087e+00 3.888828e-05 1.000000e+00 2.903546e-04 2.615859e-01 2.930047e-03 -2.904679e-04 9.999956e-01 -1.392003e+00
9.999870e-01 1.183314e-04 5.099203e-03 -5.812287e+00 -1.179955e-04 1.000000e+00 -6.619137e-05 2.800134e-01 -5.099217e-03 6.558937e-05 9.999871e-01 -1.791600e+00
9.999948e-01 -1.022205e-04 -3.229528e-03 -5.939135e+00 1.020797e-04 1.000000e+00 -4.376389e-05 2.894851e-01 3.229539e-03 4.343344e-05 9.999947e-01 -1.972160e+00
9.999870e-01 1.393322e-04 5.103426e-03 -6.048419e+00 -1.382477e-04 1.000000e+00 -2.128766e-04 2.961336e-01 -5.103462e-03 2.121689e-04 9.999871e-01 -2.048525e+00
9.999946e-01 -8.939739e-05 -3.276236e-03 -6.156648e+00 8.941256e-05 1.000000e+00 4.472742e-06 3.029174e-01 3.276243e-03 -4.766250e-06 9.999945e-01 -2.148034e+00
9.999855e-01 1.330120e-04 5.376110e-03 -6.282434e+00 -1.325204e-04 1.000000e+00 -9.181782e-05 3.120623e-01 -5.376130e-03 9.110465e-05 9.999856e-01 -2.305025e+00
9.999951e-01 -1.109590e-04 -3.126476e-03 -6.417709e+00 1.112799e-04 1.000000e+00 1.024769e-04 3.227872e-01 3.126471e-03 -1.028249e-04 9.999950e-01 -2.525374e+00
9.999853e-01 2.494474e-04 5.411797e-03 -6.498837e+00 -2.487206e-04 1.000000e+00 -1.349767e-04 3.305629e-01 -5.411837e-03 1.336293e-04 9.999854e-01 -2.710108e+00
9.999947e-01 -2.099734e-04 -3.259137e-03 -6.375840e+00 2.096006e-04 1.000000e+00 -1.147448e-04 3.251321e-01 3.259169e-03 1.140605e-04 9.999946e-01 -2.721629e+00
9.999826e-01 2.061479e-04 5.892292e-03 -6.358847e+00 -2.065316e-04 1.000000e+00 6.449065e-05 3.288723e-01 -5.892286e-03 -6.570584e-05 9.999827e-01 -2.925881e+00
9.999933e-01 -2.111763e-04 -3.652972e-03 -6.432109e+00 2.108801e-04 1.000000e+00 -8.149546e-05 3.367822e-01 3.652998e-03 8.072394e-05 9.999932e-01 -3.145803e+00
9.999831e-01 2.127603e-04 5.808241e-03 -6.491817e+00 -2.130491e-04 1.000000e+00 4.909830e-05 3.435435e-01 -5.808239e-03 -5.033427e-05 9.999832e-01 -3.347431e+00
9.999934e-01 -2.184296e-04 -3.615630e-03 -6.487477e+00 2.179279e-04 1.000000e+00 -1.391711e-04 3.466847e-01 3.615669e-03 1.383816e-04 9.999934e-01 -3.497961e+00
9.999833e-01 2.103089e-04 5.779504e-03 -6.512913e+00 -2.107088e-04 1.000000e+00 6.858868e-05 3.513496e-01 -5.779498e-03 -6.980467e-05 9.999834e-01 -3.652938e+00
9.999924e-01 -2.156159e-04 -3.894696e-03 -6.467099e+00 2.142741e-04 9.999999e-01 -3.449511e-04 3.496126e-01 3.894779e-03 3.441132e-04 9.999923e-01 -3.657854e+00
9.999822e-01 2.364379e-04 5.958107e-03 -6.411878e+00 -2.370702e-04 1.000000e+00 1.054086e-04 3.479688e-01 -5.958091e-03 -1.068185e-04 9.999823e-01 -3.693270e+00
9.999916e-01 -2.221707e-04 -4.087120e-03 -6.394153e+00 2.205904e-04 9.999999e-01 -3.871222e-04 3.473134e-01 4.087214e-03 3.862167e-04 9.999915e-01 -3.722287e+00
9.999820e-01 2.541707e-04 5.986705e-03 -6.368959e+00 -2.553531e-04 9.999999e-01 1.967353e-04 3.466807e-01 -5.986664e-03 -1.982597e-04 9.999822e-01 -3.765749e+00
9.999928e-01 -1.726742e-04 -3.777598e-03 -6.116218e+00 1.713299e-04 9.999999e-01 -3.561912e-04 3.345689e-01 3.777669e-03 3.555407e-04 9.999927e-01 -3.767239e+00
9.999826e-01 2.135751e-04 5.898165e-03 -5.949210e+00 -2.141999e-04 1.000000e+00 1.052983e-04 3.257185e-01 -5.898152e-03 -1.065591e-04 9.999827e-01 -3.742564e+00
9.999936e-01 -1.091566e-04 -3.587658e-03 -5.797233e+00 1.082113e-04 1.000000e+00 -2.636955e-04 3.191690e-01 3.587697e-03 2.633048e-04 9.999934e-01 -3.767220e+00
9.999824e-01 2.047937e-04 5.932224e-03 -5.520004e+00 -2.055309e-04 1.000000e+00 1.236591e-04 3.055989e-01 -5.932208e-03 -1.248754e-04 9.999825e-01 -3.759897e+00
9.999923e-01 -1.547324e-04 -3.927879e-03 -5.337029e+00 1.533393e-04 9.999999e-01 -3.549846e-04 2.955533e-01 3.927944e-03 3.543787e-04 9.999921e-01 -3.714895e+00
9.999778e-01 2.517816e-04 6.661716e-03 -5.123017e+00 -2.532806e-04 9.999999e-01 2.241681e-04 2.869056e-01 -6.661670e-03 -2.258496e-04 9.999779e-01 -3.777799e+00
9.999926e-01 -1.610129e-04 -3.834073e-03 -4.802738e+00 1.598673e-04 9.999999e-01 -2.991107e-04 2.728437e-01 3.834132e-03 2.984947e-04 9.999925e-01 -3.830900e+00
9.999809e-01 2.844454e-04 6.178436e-03 -4.512531e+00 -2.855271e-04 9.999999e-01 1.741823e-04 2.586904e-01 -6.178397e-03 -1.759422e-04 9.999810e-01 -3.828106e+00
9.999934e-01 -2.136793e-04 -3.623454e-03 -4.304425e+00 2.125268e-04 9.999999e-01 -3.184678e-04 2.496397e-01 3.623533e-03 3.176947e-04 9.999933e-01 -3.866519e+00
9.999813e-01 3.224595e-04 6.105144e-03 -4.069443e+00 -3.236099e-04 9.999999e-01 1.874449e-04 2.390686e-01 -6.105095e-03 -1.894162e-04 9.999814e-01 -3.897552e+00
9.999955e-01 -2.125042e-04 -2.991842e-03 -3.705231e+00 2.119338e-04 1.000000e+00 -1.909857e-04 2.244735e-01 2.991895e-03 1.903499e-04 9.999954e-01 -4.002132e+00
9.999803e-01 3.061165e-04 6.275913e-03 -3.396848e+00 -3.073631e-04 9.999999e-01 1.976651e-04 2.141733e-01 -6.275865e-03 -1.995892e-04 9.999804e-01 -4.177797e+00
9.999937e-01 -2.220646e-04 -3.541305e-03 -3.211118e+00 2.211227e-04 9.999999e-01 -2.663861e-04 2.079226e-01 3.541377e-03 2.656005e-04 9.999936e-01 -4.303365e+00
9.999790e-01 3.135729e-04 6.465659e-03 -3.015123e+00 -3.151297e-04 9.999999e-01 2.397421e-04 2.018318e-01 -6.465596e-03 -2.417737e-04 9.999792e-01 -4.461422e+00
9.999944e-01 -1.646982e-04 -3.353272e-03 -2.715327e+00 1.637372e-04 9.999999e-01 -2.868597e-04 1.901796e-01 3.353332e-03 2.863081e-04 9.999942e-01 -4.575386e+00
9.999786e-01 2.648948e-04 6.540858e-03 -2.452360e+00 -2.668622e-04 9.999999e-01 2.999111e-04 1.813137e-01 -6.540792e-03 -3.016493e-04 9.999787e-01 -4.729066e+00
9.999941e-01 -1.938572e-04 -3.442939e-03 -2.235631e+00 1.930507e-04 1.000000e+00 -2.345882e-04 1.760606e-01 3.442998e-03 2.339212e-04 9.999939e-01 -4.940253e+00
9.999819e-01 2.506630e-04 6.018648e-03 -2.133762e+00 -2.522672e-04 9.999999e-01 2.657650e-04 1.764789e-01 -6.018596e-03 -2.672776e-04 9.999820e-01 -5.170000e+00
9.999930e-01 -1.462282e-04 -3.741760e-03 -2.155940e+00 1.453234e-04 1.000000e+00 -2.421036e-04 1.818969e-01 3.741810e-03 2.415572e-04 9.999929e-01 -5.372888e+00
9.999825e-01 2.083665e-04 5.918389e-03 -2.219689e+00 -2.098816e-04 9.999999e-01 2.553776e-04 1.892956e-01 -5.918350e-03 -2.566144e-04 9.999826e-01 -5.592626e+00
9.999923e-01 -1.330179e-04 -3.912997e-03 -2.268021e+00 1.321219e-04 1.000000e+00 -2.292512e-04 1.953139e-01 3.913043e-03 2.287316e-04 9.999922e-01 -5.762865e+00
9.999828e-01 1.651767e-04 5.860982e-03 -2.331846e+00 -1.664620e-04 1.000000e+00 2.187964e-04 2.015973e-01 -5.860961e-03 -2.197674e-04 9.999829e-01 -5.903999e+00
9.999918e-01 -1.166736e-04 -4.049638e-03 -2.406860e+00 1.155676e-04 1.000000e+00 -2.733427e-04 2.081822e-01 4.049685e-03 2.728715e-04 9.999917e-01 -6.028947e+00
9.999798e-01 1.260828e-04 6.349935e-03 -2.538296e+00 -1.289755e-04 9.999999e-01 4.551312e-04 2.218335e-01 -6.349892e-03 -4.559402e-04 9.999798e-01 -6.360978e+00
9.999925e-01 -1.355324e-04 -3.881807e-03 -2.702022e+00 1.343026e-04 9.999999e-01 -3.170898e-04 2.367485e-01 3.881866e-03 3.165652e-04 9.999923e-01 -6.750450e+00
9.999825e-01 1.489278e-04 5.916268e-03 -2.775812e+00 -1.511833e-04 9.999999e-01 3.807684e-04 2.449536e-01 -5.916227e-03 -3.816553e-04 9.999825e-01 -6.968365e+00
9.999910e-01 -1.685062e-04 -4.240799e-03 -2.851214e+00 1.666590e-04 9.999999e-01 -4.359352e-04 2.511173e-01 4.240889e-03 4.352236e-04 9.999908e-01 -7.072487e+00
9.999798e-01 1.795945e-04 6.356007e-03 -2.827734e+00 -1.821552e-04 9.999999e-01 4.022826e-04 2.536768e-01 -6.355950e-03 -4.034314e-04 9.999798e-01 -7.215560e+00
9.999922e-01 -7.515023e-05 -3.937651e-03 -2.667272e+00 7.358037e-05 9.999999e-01 -3.988437e-04 2.495709e-01 3.937697e-03 3.985501e-04 9.999921e-01 -7.334832e+00
9.999810e-01 1.229263e-04 6.166193e-03 -2.563137e+00 -1.247760e-04 9.999999e-01 2.995865e-04 2.477305e-01 -6.166173e-03 -3.003493e-04 9.999810e-01 -7.438269e+00
9.999917e-01 -9.937247e-05 -4.083439e-03 -2.488937e+00 9.785032e-05 9.999999e-01 -3.729841e-04 2.471841e-01 4.083493e-03 3.725805e-04 9.999915e-01 -7.540091e+00
9.999799e-01 1.491686e-04 6.339427e-03 -2.349419e+00 -1.509752e-04 9.999999e-01 2.844899e-04 2.429761e-01 -6.339401e-03 -2.854404e-04 9.999800e-01 -7.599807e+00
9.999919e-01 -9.960455e-05 -4.020197e-03 -2.247758e+00 9.835131e-05 9.999999e-01 -3.119559e-04 2.427968e-01 4.020245e-03 3.115571e-04 9.999918e-01 -7.739402e+00
9.999817e-01 1.517395e-04 6.051400e-03 -2.231416e+00 -1.531335e-04 1.000000e+00 2.298830e-04 2.444147e-01 -6.051382e-03 -2.308046e-04 9.999818e-01 -7.846657e+00
9.999896e-01 -1.614002e-04 -4.558213e-03 -2.220536e+00 1.590559e-04 9.999999e-01 -5.146741e-04 2.431484e-01 4.558313e-03 5.139428e-04 9.999894e-01 -7.788658e+00
9.999803e-01 1.797355e-04 6.276604e-03 -2.167078e+00 -1.815484e-04 9.999999e-01 2.882498e-04 2.411267e-01 -6.276570e-03 -2.893827e-04 9.999804e-01 -7.783497e+00
9.999900e-01 -1.736730e-04 -4.471707e-03 -2.138810e+00 1.720660e-04 9.999999e-01 -3.597868e-04 2.428162e-01 4.471787e-03 3.590128e-04 9.999898e-01 -7.842232e+00
9.999812e-01 1.752834e-04 6.132495e-03 -2.173983e+00 -1.771844e-04 9.999999e-01 3.094280e-04 2.468479e-01 -6.132459e-03 -3.105078e-04 9.999812e-01 -7.919676e+00
9.999883e-01 -1.758363e-04 -4.829767e-03 -2.186430e+00 1.731409e-04 9.999998e-01 -5.585132e-04 2.468574e-01 4.829882e-03 5.576694e-04 9.999881e-01 -7.867266e+00
9.999818e-01 1.621385e-04 6.033132e-03 -2.165118e+00 -1.640671e-04 9.999999e-01 3.191594e-04 2.452268e-01 -6.033098e-03 -3.201424e-04 9.999818e-01 -7.803608e+00
9.999878e-01 -2.092296e-04 -4.927139e-03 -2.130943e+00 2.065439e-04 9.999998e-01 -5.455994e-04 2.423441e-01 4.927271e-03 5.445741e-04 9.999876e-01 -7.724378e+00
9.999806e-01 2.204834e-04 6.229064e-03 -1.953523e+00 -2.225790e-04 9.999999e-01 3.357071e-04 2.319524e-01 -6.229008e-03 -3.370860e-04 9.999806e-01 -7.637750e+00
9.999876e-01 -2.200314e-04 -4.981744e-03 -1.835660e+00 2.171254e-04 9.999998e-01 -5.838867e-04 2.249223e-01 4.981891e-03 5.827967e-04 9.999873e-01 -7.568031e+00
9.999816e-01 2.300493e-04 6.055177e-03 -1.786876e+00 -2.319938e-04 9.999999e-01 3.203978e-04 2.216201e-01 -6.055122e-03 -3.217956e-04 9.999817e-01 -7.494783e+00
9.999907e-01 -1.998938e-04 -4.303508e-03 -1.625974e+00 1.980296e-04 9.999999e-01 -4.336431e-04 2.170677e-01 4.303614e-03 4.327857e-04 9.999905e-01 -7.539873e+00
9.999773e-01 2.202155e-04 6.733799e-03 -1.332931e+00 -2.227878e-04 9.999999e-01 3.812328e-04 2.103823e-01 -6.733734e-03 -3.827232e-04 9.999774e-01 -7.700734e+00
9.999907e-01 -2.125614e-04 -4.296767e-03 -9.812571e-01 2.107610e-04 9.999999e-01 -4.195024e-04 2.011605e-01 4.296875e-03 4.185918e-04 9.999906e-01 -7.865958e+00
9.999804e-01 3.012785e-04 6.253275e-03 -5.827116e-01 -3.035246e-04 9.999999e-01 3.582149e-04 1.870499e-01 -6.253186e-03 -3.601048e-04 9.999805e-01 -7.959440e+00
9.999890e-01 -2.864667e-04 -4.674397e-03 -3.912620e-01 2.840851e-04 9.999998e-01 -5.101842e-04 1.796302e-01 4.674562e-03 5.088495e-04 9.999888e-01 -7.970212e+00
9.999800e-01 3.214389e-04 6.320750e-03 -2.572783e-01 -3.239533e-04 9.999999e-01 3.967642e-04 1.753760e-01 -6.320642e-03 -3.988028e-04 9.999800e-01 -7.995010e+00
9.999898e-01 -2.827877e-04 -4.499046e-03 -8.917747e-03 2.805225e-04 9.999998e-01 -5.041434e-04 1.657594e-01 4.499208e-03 5.028750e-04 9.999897e-01 -8.025972e+00
9.999823e-01 2.740605e-04 5.935884e-03 1.462212e-01 -2.760412e-04 9.999999e-01 3.328471e-04 1.581547e-01 -5.935813e-03 -3.344786e-04 9.999824e-01 -7.989499e+00
9.999880e-01 -3.004133e-04 -4.886089e-03 1.943298e-01 2.972711e-04 9.999997e-01 -6.438226e-04 1.544866e-01 4.886302e-03 6.423611e-04 9.999878e-01 -7.911159e+00
9.999814e-01 2.655507e-04 6.090548e-03 2.198782e-01 -2.677431e-04 9.999999e-01 3.591286e-04 1.522772e-01 -6.090473e-03 -3.607514e-04 9.999815e-01 -7.836485e+00
9.999898e-01 -2.758519e-04 -4.501484e-03 3.536002e-01 2.734782e-04 9.999998e-01 -5.279506e-04 1.468049e-01 4.501649e-03 5.267130e-04 9.999896e-01 -7.820862e+00
9.999819e-01 2.818363e-04 6.002225e-03 4.837172e-01 -2.837582e-04 9.999999e-01 3.193218e-04 1.414380e-01 -6.002155e-03 -3.210179e-04 9.999820e-01 -7.800507e+00
9.999890e-01 -2.612701e-04 -4.680522e-03 5.501890e-01 2.586694e-04 9.999998e-01 -5.562743e-04 1.376266e-01 4.680688e-03 5.550562e-04 9.999888e-01 -7.741996e+00
9.999782e-01 2.984363e-04 6.591257e-03 6.985509e-01 -3.012324e-04 9.999999e-01 4.231969e-04 1.316064e-01 -6.591151e-03 -4.251719e-04 9.999783e-01 -7.749837e+00
9.999903e-01 -1.937775e-04 -4.408237e-03 8.521256e-01 1.918066e-04 9.999999e-01 -4.475335e-04 1.288005e-01 4.408345e-03 4.466823e-04 9.999901e-01 -7.864382e+00
9.999784e-01 2.099822e-04 6.564929e-03 9.375727e-01 -2.123495e-04 9.999999e-01 3.598784e-04 1.296690e-01 -6.564875e-03 -3.612633e-04 9.999785e-01 -8.012514e+00
9.999900e-01 -1.489910e-04 -4.466147e-03 9.926775e-01 1.470843e-04 9.999999e-01 -4.272866e-04 1.316826e-01 4.466232e-03 4.266241e-04 9.999898e-01 -8.147973e+00
9.999779e-01 1.765660e-04 6.651990e-03 1.081124e+00 -1.791713e-04 9.999999e-01 3.910410e-04 1.325084e-01 -6.651942e-03 -3.922229e-04 9.999779e-01 -8.308478e+00
9.999905e-01 -1.099862e-04 -4.362950e-03 1.124668e+00 1.081099e-04 9.999999e-01 -4.303313e-04 1.347294e-01 4.363020e-03 4.298542e-04 9.999903e-01 -8.469198e+00
9.999750e-01 1.568483e-04 7.070616e-03 1.215227e+00 -1.598896e-04 9.999999e-01 4.295477e-04 1.349529e-01 -7.070570e-03 -4.306662e-04 9.999750e-01 -8.670364e+00
9.999869e-01 -7.586030e-05 -5.113675e-03 1.458565e+00 7.286599e-05 9.999998e-01 -5.857650e-04 1.223726e-01 5.113742e-03 5.853833e-04 9.999867e-01 -8.625548e+00
9.999719e-01 2.088238e-04 7.493332e-03 1.770516e+00 -2.124753e-04 9.999999e-01 4.864885e-04 1.073404e-01 -7.493253e-03 -4.880657e-04 9.999719e-01 -8.621836e+00
9.999883e-01 -2.009963e-04 -4.840856e-03 1.831571e+00 1.988742e-04 9.999999e-01 -4.388860e-04 1.101635e-01 4.840967e-03 4.379168e-04 9.999881e-01 -8.885454e+00
9.999757e-01 1.772871e-04 6.972322e-03 1.787625e+00 -1.801846e-04 9.999999e-01 4.149105e-04 1.168202e-01 -6.972272e-03 -4.161554e-04 9.999757e-01 -9.095591e+00
9.999874e-01 -1.333869e-04 -5.026365e-03 1.911408e+00 1.302794e-04 9.999998e-01 -6.185939e-04 1.112828e-01 5.026470e-03 6.179299e-04 9.999871e-01 -9.099286e+00
9.999738e-01 1.837542e-04 7.239329e-03 2.146746e+00 -1.874393e-04 9.999999e-01 5.083372e-04 1.015988e-01 -7.239258e-03 -5.096794e-04 9.999738e-01 -9.122983e+00
9.999883e-01 -1.282726e-04 -4.827352e-03 2.334917e+00 1.257051e-04 9.999999e-01 -5.321993e-04 9.621243e-02 4.827443e-03 5.315849e-04 9.999881e-01 -9.223400e+00
9.999782e-01 1.617009e-04 6.594797e-03 2.389050e+00 -1.637427e-04 9.999999e-01 3.090350e-04 9.399988e-02 -6.594771e-03 -3.101067e-04 9.999783e-01 -9.217429e+00
9.999872e-01 -1.125784e-04 -5.057157e-03 2.493391e+00 1.098344e-04 9.999998e-01 -5.429083e-04 8.782130e-02 5.057242e-03 5.423445e-04 9.999870e-01 -9.159179e+00
9.999749e-01 1.594417e-04 7.086885e-03 2.604811e+00 -1.623181e-04 9.999999e-01 4.052760e-04 8.378470e-02 -7.086844e-03 -4.064147e-04 9.999749e-01 -9.188412e+00
9.999875e-01 -6.765185e-05 -4.990458e-03 2.780631e+00 6.530072e-05 9.999999e-01 -4.713255e-04 7.909585e-02 4.990514e-03 4.709923e-04 9.999873e-01 -9.269531e+00
9.999704e-01 7.368974e-05 7.693439e-03 3.035034e+00 -7.647254e-05 9.999999e-01 3.613910e-04 6.925320e-02 -7.693437e-03 -3.619671e-04 9.999704e-01 -9.339200e+00
9.999868e-01 7.499566e-05 -5.145757e-03 3.512477e+00 -7.732901e-05 9.999999e-01 -4.532929e-04 4.396200e-02 5.145748e-03 4.536834e-04 9.999866e-01 -9.290691e+00
9.999687e-01 2.320993e-04 7.906632e-03 4.207532e+00 -2.358645e-04 9.999999e-01 4.752557e-04 7.188810e-03 -7.906546e-03 -4.771043e-04 9.999687e-01 -9.217575e+00
9.999879e-01 5.131812e-05 -4.926284e-03 5.062159e+00 -5.287482e-05 9.999999e-01 -3.159118e-04 -3.883321e-02 4.926294e-03 3.161670e-04 9.999877e-01 -9.059382e+00
9.999817e-01 2.782992e-04 6.040813e-03 5.961038e+00 -2.810549e-04 9.999999e-01 4.553030e-04 -9.250839e-02 -6.040712e-03 -4.569911e-04 9.999817e-01 -8.651727e+00
9.999956e-01 1.739820e-05 -2.949457e-03 6.747918e+00 -1.839812e-05 9.999999e-01 -3.390605e-04 -1.327457e-01 2.949477e-03 3.391119e-04 9.999955e-01 -8.601046e+00
9.999807e-01 3.348556e-04 6.200772e-03 7.541605e+00 -3.378649e-04 9.999998e-01 4.842347e-04 -1.718253e-01 -6.200635e-03 -4.863190e-04 9.999808e-01 -8.596148e+00
9.999970e-01 -2.860690e-05 -2.442755e-03 8.326961e+00 2.789046e-05 1.000000e+00 -2.934071e-04 -2.078576e-01 2.442791e-03 2.933367e-04 9.999969e-01 -8.674448e+00
9.999853e-01 1.675484e-04 5.415500e-03 8.768505e+00 -1.690042e-04 9.999999e-01 2.683186e-04 -2.287891e-01 -5.415482e-03 -2.692285e-04 9.999854e-01 -8.697477e+00
9.999950e-01 -1.279250e-04 -3.172802e-03 8.859683e+00 1.266414e-04 9.999999e-01 -4.048154e-04 -2.321764e-01 3.172881e-03 4.044102e-04 9.999948e-01 -8.748067e+00
9.999882e-01 7.140554e-05 4.852155e-03 8.913347e+00 -7.176848e-05 1.000000e+00 7.458214e-05 -2.368346e-01 -4.852178e-03 -7.492810e-05 9.999883e-01 -8.658340e+00
9.999952e-01 -2.810038e-05 -3.091497e-03 9.132739e+00 2.712218e-05 9.999999e-01 -3.165277e-04 -2.502248e-01 3.091534e-03 3.164409e-04 9.999951e-01 -8.553360e+00
9.999860e-01 5.562242e-05 5.297885e-03 9.316560e+00 -5.621772e-05 1.000000e+00 1.121758e-04 -2.594584e-01 -5.297907e-03 -1.124706e-04 9.999861e-01 -8.527407e+00
9.999966e-01 1.354085e-06 -2.609775e-03 9.585514e+00 -2.040154e-06 1.000000e+00 -2.629687e-04 -2.727376e-01 2.609803e-03 2.629717e-04 9.999965e-01 -8.515427e+00
9.999858e-01 1.532481e-04 5.322396e-03 9.999168e+00 -1.537928e-04 1.000000e+00 1.018802e-04 -2.952612e-01 -5.322409e-03 -1.026958e-04 9.999859e-01 -8.450137e+00
9.999966e-01 -8.276522e-05 -2.607194e-03 1.025313e+01 8.187027e-05 9.999999e-01 -3.434554e-04 -3.086907e-01 2.607251e-03 3.432393e-04 9.999964e-01 -8.434413e+00
9.999852e-01 1.616301e-04 5.434645e-03 1.035262e+01 -1.633639e-04 9.999999e-01 3.185426e-04 -3.103766e-01 -5.434623e-03 -3.194242e-04 9.999853e-01 -8.592329e+00
9.999958e-01 -9.207852e-05 -2.899781e-03 1.055964e+01 9.082457e-05 9.999999e-01 -4.326400e-04 -3.197649e-01 2.899850e-03 4.323733e-04 9.999956e-01 -8.597482e+00
9.999821e-01 1.331910e-04 5.984338e-03 1.059848e+01 -1.362453e-04 9.999999e-01 5.099281e-04 -3.154629e-01 -5.984299e-03 -5.107328e-04 9.999821e-01 -8.904419e+00
9.999937e-01 -1.202286e-04 -3.539030e-03 1.050797e+01 1.183518e-04 9.999999e-01 -5.305825e-04 -3.065003e-01 3.539123e-03 5.301588e-04 9.999935e-01 -9.154579e+00
9.999823e-01 1.264156e-04 5.944661e-03 1.032807e+01 -1.293392e-04 9.999999e-01 4.913802e-04 -2.928027e-01 -5.944628e-03 -4.921389e-04 9.999823e-01 -9.464740e+00
9.999948e-01 -1.339062e-04 -3.225357e-03 1.028773e+01 1.322999e-04 9.999999e-01 -4.982941e-04 -2.862106e-01 3.225454e-03 4.978633e-04 9.999946e-01 -9.733741e+00
9.999811e-01 9.131767e-05 6.150356e-03 1.033044e+01 -9.395173e-05 9.999999e-01 4.279483e-04 -2.842977e-01 -6.150347e-03 -4.285165e-04 9.999811e-01 -9.953250e+00
9.999947e-01 -1.061054e-04 -3.245332e-03 1.044402e+01 1.044939e-04 9.999999e-01 -4.968115e-04 -2.870580e-01 3.245416e-03 4.964682e-04 9.999945e-01 -1.010020e+01
9.999785e-01 1.469064e-04 6.563556e-03 1.068385e+01 -1.504575e-04 9.999998e-01 5.404994e-04 -2.949191e-01 -6.563507e-03 -5.414738e-04 9.999784e-01 -1.027519e+01
9.999953e-01 -9.137091e-05 -3.065188e-03 1.090499e+01 8.988586e-05 9.999999e-01 -4.847061e-04 -3.006757e-01 3.065264e-03 4.844268e-04 9.999951e-01 -1.050487e+01
9.999741e-01 2.259070e-04 7.196080e-03 1.145627e+01 -2.305855e-04 9.999998e-01 6.492811e-04 -3.217615e-01 -7.195964e-03 -6.509221e-04 9.999740e-01 -1.069994e+01
9.999926e-01 -8.268409e-05 -3.833732e-03 1.193207e+01 8.048768e-05 9.999998e-01 -5.731340e-04 -3.409762e-01 3.833811e-03 5.728198e-04 9.999924e-01 -1.082417e+01
9.999779e-01 1.102477e-04 6.650306e-03 1.206560e+01 -1.139846e-04 9.999998e-01 5.615003e-04 -3.432866e-01 -6.650276e-03 -5.622445e-04 9.999778e-01 -1.099938e+01
9.999937e-01 -9.113023e-05 -3.542296e-03 1.221425e+01 8.919879e-05 9.999998e-01 -5.454773e-04 -3.458606e-01 3.542379e-03 5.451564e-04 9.999935e-01 -1.121160e+01
9.999799e-01 1.147008e-04 6.343907e-03 1.228903e+01 -1.181914e-04 9.999998e-01 5.498193e-04 -3.453393e-01 -6.343877e-03 -5.505565e-04 9.999798e-01 -1.143120e+01
9.999924e-01 -1.276321e-04 -3.886318e-03 1.236472e+01 1.250089e-04 9.999998e-01 -6.752796e-04 -3.465505e-01 3.886436e-03 6.747872e-04 9.999921e-01 -1.155567e+01
9.999806e-01 1.427736e-04 6.232101e-03 1.252931e+01 -1.459669e-04 9.999999e-01 5.118977e-04 -3.539901e-01 -6.232061e-03 -5.127960e-04 9.999805e-01 -1.156414e+01
9.999938e-01 -1.227417e-04 -3.515325e-03 1.273145e+01 1.207248e-04 9.999998e-01 -5.740320e-04 -3.615073e-01 3.515428e-03 5.736026e-04 9.999936e-01 -1.162695e+01
9.999810e-01 1.717927e-04 6.159430e-03 1.306438e+01 -1.747513e-04 9.999999e-01 4.797527e-04 -3.775998e-01 -6.159381e-03 -4.808185e-04 9.999810e-01 -1.162360e+01
9.999938e-01 -7.359809e-05 -3.513337e-03 1.344603e+01 7.147934e-05 9.999998e-01 -6.032627e-04 -3.970733e-01 3.513415e-03 6.030063e-04 9.999935e-01 -1.159981e+01
9.999830e-01 1.994217e-04 5.834230e-03 1.375217e+01 -2.019983e-04 9.999999e-01 4.409941e-04 -4.127877e-01 -5.834176e-03 -4.421635e-04 9.999830e-01 -1.156667e+01
9.999929e-01 -1.681733e-04 -3.752487e-03 1.386879e+01 1.657298e-04 9.999998e-01 -6.515526e-04 -4.180508e-01 3.752631e-03 6.509246e-04 9.999927e-01 -1.156199e+01
9.999855e-01 1.788528e-04 5.387227e-03 1.387132e+01 -1.801202e-04 1.000000e+00 2.347074e-04 -4.195482e-01 -5.387220e-03 -2.356727e-04 9.999856e-01 -1.150890e+01
9.999924e-01 -1.897336e-04 -3.882487e-03 1.376970e+01 1.877563e-04 9.999999e-01 -5.097307e-04 -4.146493e-01 3.882618e-03 5.089963e-04 9.999922e-01 -1.152975e+01
9.999821e-01 2.337682e-04 5.975950e-03 1.376830e+01 -2.356543e-04 9.999999e-01 3.148683e-04 -4.127550e-01 -5.975912e-03 -3.162693e-04 9.999822e-01 -1.160901e+01
9.999948e-01 -2.118152e-04 -3.218188e-03 1.383229e+01 2.109475e-04 9.999999e-01 -2.700638e-04 -4.095908e-01 3.218280e-03 2.693819e-04 9.999947e-01 -1.187311e+01
9.999872e-01 1.649181e-04 5.059964e-03 1.397495e+01 -1.650008e-04 1.000000e+00 1.584490e-05 -4.171776e-01 -5.059997e-03 -1.667795e-05 9.999873e-01 -1.182545e+01
9.999877e-01 -2.172436e-04 -4.950235e-03 1.433933e+01 2.178471e-04 1.000000e+00 1.213107e-04 -4.449052e-01 4.950244e-03 -1.223893e-04 9.999876e-01 -1.140999e+01
9.999882e-01 1.098057e-04 4.854439e-03 1.452026e+01 -1.095199e-04 1.000000e+00 -5.919919e-05 -4.645565e-01 -4.854481e-03 5.866846e-05 9.999883e-01 -1.099960e+01
9.999932e-01 -3.400631e-05 -3.693141e-03 1.479603e+01 3.317971e-05 1.000000e+00 -2.239685e-04 -4.832824e-01 3.693185e-03 2.238428e-04 9.999931e-01 -1.082672e+01
9.999853e-01 1.187524e-04 5.426558e-03 1.523483e+01 -1.193830e-04 1.000000e+00 1.158101e-04 -5.085306e-01 -5.426580e-03 -1.164546e-04 9.999854e-01 -1.067501e+01
9.999872e-01 -7.330248e-05 -5.063656e-03 1.548323e+01 7.206383e-05 1.000000e+00 -2.448628e-04 -5.272408e-01 5.063710e-03 2.444931e-04 9.999871e-01 -1.041988e+01
9.999797e-01 5.947358e-05 6.375860e-03 1.549250e+01 -5.836371e-05 1.000000e+00 -1.743118e-04 -5.299014e-01 -6.375907e-03 1.739378e-04 9.999798e-01 -1.033921e+01
9.999894e-01 -1.193287e-04 -4.600194e-03 1.543807e+01 1.187596e-04 1.000000e+00 -1.240566e-04 -5.265042e-01 4.600245e-03 1.235072e-04 9.999893e-01 -1.040339e+01
9.999791e-01 9.354947e-05 6.467865e-03 1.526760e+01 -9.370600e-05 1.000000e+00 2.384511e-05 -5.144693e-01 -6.467899e-03 -2.444893e-05 9.999792e-01 -1.064723e+01
9.999885e-01 -2.362420e-05 -4.795295e-03 1.549953e+01 2.230779e-05 1.000000e+00 -2.746468e-04 -5.280023e-01 4.795338e-03 2.745348e-04 9.999884e-01 -1.056835e+01
9.999750e-01 1.641766e-04 7.071413e-03 1.581998e+01 -1.649797e-04 1.000000e+00 1.129271e-04 -5.427882e-01 -7.071431e-03 -1.140891e-04 9.999751e-01 -1.057507e+01
9.999914e-01 -1.143329e-04 -4.149113e-03 1.600634e+01 1.141361e-04 1.000000e+00 -4.776013e-05 -5.434727e-01 4.149156e-03 4.728436e-05 9.999913e-01 -1.087405e+01
9.999773e-01 1.713219e-04 6.732281e-03 1.620304e+01 -1.707949e-04 1.000000e+00 -7.891260e-05 -5.506759e-01 -6.732332e-03 7.776277e-05 9.999774e-01 -1.094296e+01
9.999925e-01 -7.867945e-05 -3.859358e-03 1.644763e+01 7.881631e-05 1.000000e+00 3.521151e-05 -5.603045e-01 3.859393e-03 -3.551723e-05 9.999925e-01 -1.106646e+01
9.999810e-01 7.709930e-05 6.159979e-03 1.651539e+01 -7.610168e-05 1.000000e+00 -1.622444e-04 -5.606723e-01 -6.160029e-03 1.617744e-04 9.999811e-01 -1.122488e+01
9.999914e-01 -7.100232e-05 -4.144235e-03 1.649729e+01 7.116285e-05 1.000000e+00 3.849579e-05 -5.555927e-01 4.144271e-03 -3.879219e-05 9.999913e-01 -1.140105e+01
9.999805e-01 4.449751e-05 6.240350e-03 1.657934e+01 -4.349873e-05 1.000000e+00 -1.602465e-04 -5.566063e-01 -6.240395e-03 1.599738e-04 9.999806e-01 -1.151495e+01
9.999905e-01 -4.175664e-05 -4.361389e-03 1.675963e+01 4.174919e-05 1.000000e+00 -1.890009e-06 -5.649926e-01 4.361427e-03 1.706057e-06 9.999904e-01 -1.152605e+01
9.999822e-01 1.114175e-04 5.959591e-03 1.698819e+01 -1.103395e-04 1.000000e+00 -1.812883e-04 -5.772751e-01 -5.959650e-03 1.806294e-04 9.999823e-01 -1.147461e+01
9.999896e-01 -1.955671e-04 -4.547195e-03 1.698522e+01 1.950182e-04 1.000000e+00 -1.212427e-04 -5.776650e-01 4.547257e-03 1.203528e-04 9.999896e-01 -1.147338e+01
9.999815e-01 1.853493e-04 6.082570e-03 1.682905e+01 -1.847103e-04 1.000000e+00 -1.056913e-04 -5.680819e-01 -6.082629e-03 1.045678e-04 9.999816e-01 -1.162180e+01
9.999917e-01 -1.973220e-04 -4.071885e-03 1.688131e+01 1.972330e-04 1.000000e+00 -2.236503e-05 -5.657676e-01 4.071928e-03 2.155980e-05 9.999916e-01 -1.179137e+01
9.999808e-01 2.107099e-04 6.198862e-03 1.691608e+01 -2.096209e-04 1.000000e+00 -1.763860e-04 -5.632607e-01 -6.198938e-03 1.750851e-04 9.999809e-01 -1.196158e+01
9.999907e-01 -2.533943e-04 -4.299855e-03 1.689720e+01 2.532609e-04 1.000000e+00 -3.165920e-05 -5.610228e-01 4.299902e-03 3.056795e-05 9.999907e-01 -1.207098e+01
9.999807e-01 1.420247e-04 6.214457e-03 1.686590e+01 -1.412594e-04 1.000000e+00 -1.236469e-04 -5.576573e-01 -6.214514e-03 1.227687e-04 9.999808e-01 -1.221030e+01
9.999925e-01 -2.153684e-04 -3.860533e-03 1.686089e+01 2.155767e-04 1.000000e+00 5.342230e-05 -5.540795e-01 3.860561e-03 -5.425613e-05 9.999925e-01 -1.244857e+01
9.999715e-01 1.770855e-04 7.544662e-03 1.653587e+01 -1.788667e-04 1.000000e+00 2.353594e-04 -5.248180e-01 -7.544660e-03 -2.367002e-04 9.999716e-01 -1.321928e+01
9.999982e-01 -3.098464e-04 -1.868655e-03 1.573849e+01 3.111122e-04 9.999997e-01 6.769395e-04 -4.608558e-01 1.868486e-03 -6.775215e-04 9.999979e-01 -1.479539e+01
9.999860e-01 5.171584e-04 5.272095e-03 1.523393e+01 -5.182321e-04 9.999998e-01 2.022138e-04 -4.207109e-01 -5.272030e-03 -2.049413e-04 9.999862e-01 -1.576539e+01
9.999895e-01 -3.566909e-04 -4.559248e-03 1.579178e+01 3.560743e-04 9.999999e-01 -1.361348e-04 -4.562843e-01 4.559337e-03 1.345081e-04 9.999895e-01 -1.543611e+01
9.999850e-01 3.674979e-04 5.457559e-03 1.615240e+01 -3.670682e-04 9.999999e-01 -7.980328e-05 -4.811762e-01 -5.457629e-03 7.780058e-05 9.999852e-01 -1.519651e+01
9.999919e-01 -3.096659e-04 -4.019378e-03 1.648584e+01 3.093376e-04 9.999999e-01 -8.238545e-05 -5.006809e-01 4.019445e-03 8.113962e-05 9.999918e-01 -1.508969e+01
9.999874e-01 4.721009e-04 4.994144e-03 1.684470e+01 -4.719472e-04 9.999999e-01 -3.203033e-05 -5.222675e-01 -4.994200e-03 2.967476e-05 9.999876e-01 -1.493192e+01
9.999940e-01 -3.860298e-04 -3.436463e-03 1.710609e+01 3.856872e-04 9.999999e-01 -1.004955e-04 -5.360075e-01 3.436543e-03 9.916767e-05 9.999940e-01 -1.488847e+01
9.999866e-01 5.645780e-04 5.146553e-03 1.750718e+01 -5.646644e-04 9.999998e-01 1.525592e-05 -5.574253e-01 -5.146585e-03 -1.815997e-05 9.999869e-01 -1.481948e+01
9.999940e-01 -2.729237e-04 -3.441282e-03 1.806776e+01 2.728312e-04 1.000000e+00 -2.746409e-05 -5.879025e-01 3.441331e-03 2.652320e-05 9.999940e-01 -1.468876e+01
9.999862e-01 5.763838e-04 5.215983e-03 1.860701e+01 -5.767358e-04 9.999998e-01 6.588782e-05 -6.162896e-01 -5.215986e-03 -6.889335e-05 9.999865e-01 -1.459171e+01
9.999930e-01 -3.231750e-04 -3.721735e-03 1.911055e+01 3.228170e-04 9.999999e-01 -9.690550e-05 -6.443483e-01 3.721808e-03 9.570157e-05 9.999930e-01 -1.444638e+01
9.999893e-01 4.631629e-04 4.613661e-03 1.959921e+01 -4.638209e-04 9.999999e-01 1.414598e-04 -6.745917e-01 -4.613637e-03 -1.435964e-04 9.999894e-01 -1.418660e+01
9.999944e-01 -2.014109e-04 -3.350138e-03 2.015546e+01 2.009191e-04 1.000000e+00 -1.472529e-04 -7.061178e-01 3.350210e-03 1.465771e-04 9.999943e-01 -1.399894e+01
9.999870e-01 4.251815e-04 5.081618e-03 2.063193e+01 -4.257225e-04 9.999999e-01 1.052973e-04 -7.320413e-01 -5.081616e-03 -1.074575e-04 9.999872e-01 -1.387735e+01
9.999934e-01 -3.788299e-04 -3.613979e-03 2.090425e+01 3.779478e-04 9.999999e-01 -2.448530e-04 -7.472899e-01 3.614114e-03 2.434836e-04 9.999933e-01 -1.378715e+01
9.999890e-01 3.971636e-04 4.670548e-03 2.120774e+01 -3.974889e-04 9.999999e-01 6.863630e-05 -7.660686e-01 -4.670563e-03 -7.049021e-05 9.999892e-01 -1.361849e+01
9.999942e-01 -1.750834e-04 -3.398611e-03 2.177347e+01 1.748621e-04 1.000000e+00 -6.553924e-05 -7.983133e-01 3.398665e-03 6.494274e-05 9.999941e-01 -1.341480e+01
9.999917e-01 4.105426e-04 4.045017e-03 2.241898e+01 -4.111254e-04 9.999999e-01 1.431389e-04 -8.374934e-01 -4.045000e-03 -1.447989e-04 9.999919e-01 -1.308809e+01
9.999952e-01 -1.674114e-04 -3.088481e-03 2.298062e+01 1.671751e-04 1.000000e+00 -7.689998e-05 -8.710207e-01 3.088537e-03 7.638149e-05 9.999951e-01 -1.283840e+01
9.999912e-01 4.402762e-04 4.170076e-03 2.358316e+01 -4.411049e-04 9.999999e-01 1.977063e-04 -9.059369e-01 -4.170032e-03 -1.995422e-04 9.999914e-01 -1.260224e+01
9.999969e-01 -1.648779e-04 -2.473821e-03 2.413407e+01 1.646412e-04 1.000000e+00 -9.602437e-05 -9.346693e-01 2.473880e-03 9.561502e-05 9.999968e-01 -1.249846e+01
9.999913e-01 4.085556e-04 4.140969e-03 2.464444e+01 -4.090180e-04 9.999999e-01 1.107236e-04 -9.617361e-01 -4.140966e-03 -1.124146e-04 9.999915e-01 -1.240242e+01
9.999916e-01 -3.182558e-04 -4.083343e-03 2.514762e+01 3.182250e-04 9.999999e-01 -8.309564e-06 -9.949085e-01 4.083388e-03 7.008321e-06 9.999916e-01 -1.203612e+01
9.999847e-01 2.464421e-04 5.531448e-03 2.559514e+01 -2.475712e-04 9.999999e-01 2.033583e-04 -1.019426e+00 -5.531441e-03 -2.047229e-04 9.999848e-01 -1.186872e+01
9.999923e-01 -1.215562e-04 -3.922969e-03 2.610936e+01 1.208146e-04 1.000000e+00 -1.893982e-04 -1.047520e+00 3.923035e-03 1.889210e-04 9.999922e-01 -1.171900e+01
9.999904e-01 2.777944e-04 4.370694e-03 2.668478e+01 -2.790123e-04 9.999999e-01 2.779567e-04 -1.082908e+00 -4.370660e-03 -2.791718e-04 9.999905e-01 -1.138741e+01
9.999928e-01 -1.553911e-04 -3.789185e-03 2.719270e+01 1.544291e-04 1.000000e+00 -2.542683e-04 -1.114809e+00 3.789268e-03 2.536796e-04 9.999927e-01 -1.108068e+01
9.999923e-01 2.265034e-04 3.929710e-03 2.770113e+01 -2.278207e-04 9.999999e-01 3.346602e-04 -1.149168e+00 -3.929678e-03 -3.355512e-04 9.999923e-01 -1.068250e+01
9.999949e-01 -1.261607e-04 -3.181984e-03 2.830727e+01 1.253933e-04 1.000000e+00 -2.414943e-04 -1.187051e+00 3.182058e-03 2.410924e-04 9.999948e-01 -1.034162e+01
9.999927e-01 1.688813e-04 3.813853e-03 2.883553e+01 -1.697848e-04 1.000000e+00 2.364661e-04 -1.221416e+00 -3.813857e-03 -2.371102e-04 9.999928e-01 -1.001218e+01
9.999972e-01 2.272764e-06 -2.353993e-03 2.945193e+01 -2.815798e-06 1.000000e+00 -2.308549e-04 -1.257844e+00 2.354037e-03 2.308592e-04 9.999971e-01 -9.778977e+00
9.999925e-01 1.903089e-04 3.863593e-03 3.011041e+01 -1.914056e-04 9.999999e-01 2.833747e-04 -1.296172e+00 -3.863583e-03 -2.841104e-04 9.999926e-01 -9.535931e+00
9.999973e-01 -7.105661e-05 -2.327206e-03 3.066438e+01 7.042400e-05 1.000000e+00 -2.720872e-04 -1.328177e+00 2.327270e-03 2.719209e-04 9.999972e-01 -9.342620e+00
9.999960e-01 8.614269e-05 2.846483e-03 3.109245e+01 -8.655643e-05 1.000000e+00 1.450859e-04 -1.355988e+00 -2.846515e-03 -1.453300e-04 9.999960e-01 -9.092055e+00
9.999983e-01 -1.969650e-04 -1.839569e-03 3.153180e+01 1.977519e-04 9.999999e-01 4.273895e-04 -1.387350e+00 1.839529e-03 -4.277542e-04 9.999981e-01 -8.688946e+00
9.999967e-01 2.881455e-04 2.563201e-03 3.206058e+01 -2.871346e-04 9.999999e-01 -3.949225e-04 -1.421306e+00 -2.563358e-03 3.941868e-04 9.999967e-01 -8.371846e+00
9.999990e-01 -1.229945e-04 -1.371589e-03 3.264198e+01 1.235052e-04 9.999999e-01 3.719421e-04 -1.455795e+00 1.371588e-03 -3.721128e-04 9.999989e-01 -8.123631e+00
9.999960e-01 2.344483e-04 2.803688e-03 3.322321e+01 -2.334174e-04 9.999999e-01 -3.681381e-04 -1.489491e+00 -2.803819e-03 3.674838e-04 9.999961e-01 -7.905504e+00
9.999988e-01 -1.531187e-04 -1.521839e-03 3.381942e+01 1.537245e-04 9.999999e-01 3.976812e-04 -1.525162e+00 1.521823e-03 -3.979163e-04 9.999987e-01 -7.647908e+00
9.999944e-01 2.836507e-04 3.321187e-03 3.447615e+01 -2.826365e-04 9.999999e-01 -3.059663e-04 -1.561795e+00 -3.321318e-03 3.050275e-04 9.999945e-01 -7.460193e+00
9.999991e-01 -1.304357e-04 -1.366848e-03 3.507380e+01 1.309044e-04 9.999999e-01 3.425319e-04 -1.594039e+00 1.366849e-03 -3.427121e-04 9.999989e-01 -7.330035e+00
