9.999922e-01 -3.165504e-03 -2.358364e-03 -3.573179e-03 3.167840e-03 9.999945e-01 9.876818e-04 3.295720e-03 2.355224e-03 -9.951456e-04 9.999968e-01 3.138632e-02
1.000000e+00 2.092630e-05 1.445117e-04 -4.355505e-03 -2.094302e-05 1.000000e+00 1.158127e-04 6.459660e-03 -1.445097e-04 -1.158151e-04 9.999999e-01 6.226226e-02
9.999925e-01 -3.355068e-03 -1.919344e-03 -4.329756e-03 3.356828e-03 9.999939e-01 9.141154e-04 9.215807e-03 1.916266e-03 -9.205523e-04 9.999978e-01 9.320000e-02
9.999999e-01 4.196550e-04 -2.014782e-04 -5.831018e-03 -4.196425e-04 9.999999e-01 6.205686e-05 1.180705e-02 2.015035e-04 -6.197141e-05 9.999999e-01 1.269789e-01
9.999926e-01 -3.134288e-03 -2.214702e-03 -9.368844e-03 3.136641e-03 9.999945e-01 1.059756e-03 1.469098e-02 2.211369e-03 -1.066696e-03 9.999971e-01 1.591856e-01
9.999999e-01 4.206544e-04 -9.010245e-05 -1.226982e-02 -4.206521e-04 9.999999e-01 2.564555e-05 1.709985e-02 9.011196e-05 -2.560653e-05 9.999999e-01 1.924959e-01
9.999925e-01 -3.022749e-03 -2.404197e-03 -1.688156e-02 3.025149e-03 9.999949e-01 9.951186e-04 1.957422e-02 2.401179e-03 -1.002385e-03 9.999967e-01 2.280264e-01
9.999997e-01 7.841090e-04 -2.613891e-04 -2.296384e-02 -7.840589e-04 9.999997e-01 1.914696e-04 2.248156e-02 2.615374e-04 -1.912632e-04 9.999998e-01 2.638982e-01
9.999926e-01 -3.092934e-03 -2.302471e-03 -2.846612e-02 3.094438e-03 9.999950e-01 6.495906e-04 2.509679e-02 2.300452e-03 -6.567120e-04 9.999972e-01 3.010700e-01
9.999995e-01 9.230082e-04 -3.509296e-04 -3.453140e-02 -9.230237e-04 9.999996e-01 -4.411311e-05 2.762498e-02 3.508865e-04 4.443849e-05 9.999998e-01 3.415461e-01
9.999944e-01 -8.025126e-04 -3.249582e-03 -5.576373e-02 8.015554e-04 9.999996e-01 -2.958441e-04 2.938122e-02 3.249821e-03 2.932363e-04 9.999948e-01 4.018041e-01
9.999998e-01 5.822256e-04 3.449200e-04 -7.577326e-02 -5.824228e-04 9.999997e-01 5.718449e-04 3.361346e-02 -3.445898e-04 -5.720442e-04 9.999997e-01 4.609094e-01
9.999919e-01 -2.788671e-03 -2.889960e-03 -8.024371e-02 2.790338e-03 9.999959e-01 5.731325e-04 3.670747e-02 2.888354e-03 -5.811935e-04 9.999958e-01 4.950534e-01
9.999997e-01 4.099265e-04 7.240012e-04 -8.491195e-02 -4.102382e-04 9.999998e-01 4.304731e-04 3.824845e-02 -7.238280e-04 -4.307683e-04 9.999995e-01 5.280917e-01
9.999906e-01 -2.904446e-03 -3.206106e-03 -9.011354e-02 2.905970e-03 9.999957e-01 4.705935e-04 4.031110e-02 3.204729e-03 -4.799077e-04 9.999948e-01 5.638962e-01
9.999997e-01 5.805369e-04 4.570653e-04 -9.642706e-02 -5.807717e-04 9.999997e-01 5.139317e-04 4.392634e-02 -4.567708e-04 -5.141951e-04 9.999997e-01 5.977508e-01
9.999919e-01 -2.750038e-03 -2.936405e-03 -1.026032e-01 2.750539e-03 9.999962e-01 1.665889e-04 4.694401e-02 2.935940e-03 -1.746663e-04 9.999958e-01 6.349180e-01
9.999999e-01 1.710476e-04 2.873752e-04 -1.077215e-01 -1.712788e-04 9.999997e-01 8.049002e-04 4.953202e-02 -2.872419e-04 -8.049473e-04 9.999995e-01 6.687842e-01
9.999931e-01 -2.468788e-03 -2.774081e-03 -1.150788e-01 2.468474e-03 9.999969e-01 -1.165887e-04 5.086511e-02 2.774365e-03 1.097380e-04 9.999962e-01 7.081757e-01
9.999995e-01 9.770024e-04 1.316162e-04 -1.261653e-01 -9.770532e-04 9.999994e-01 3.872848e-04 5.191695e-02 -1.312427e-04 -3.874110e-04 9.999998e-01 7.526370e-01
9.999922e-01 -2.522800e-03 -3.045172e-03 -1.345270e-01 2.523382e-03 9.999968e-01 1.873221e-04 5.494694e-02 3.044695e-03 -1.950071e-04 9.999954e-01 7.971428e-01
9.999997e-01 7.001806e-04 1.544215e-04 -1.444105e-01 -7.003240e-04 9.999993e-01 9.308710e-04 5.833109e-02 -1.537751e-04 -9.309766e-04 9.999995e-01 8.337518e-01
9.999932e-01 -2.968351e-03 -2.172508e-03 -1.481957e-01 2.968797e-03 9.999956e-01 2.022680e-04 5.958177e-02 2.171904e-03 -2.087188e-04 9.999977e-01 8.702108e-01
9.999992e-01 -9.126642e-04 9.144912e-04 -1.462817e-01 9.120135e-04 9.999993e-01 7.118167e-04 6.207635e-02 -9.151461e-04 -7.109795e-04 9.999992e-01 9.050440e-01
9.999933e-01 -2.362718e-03 -2.783488e-03 -1.465515e-01 2.364147e-03 9.999971e-01 5.103563e-04 6.456862e-02 2.782280e-03 -5.169362e-04 9.999961e-01 9.346650e-01
9.999992e-01 -1.968411e-04 1.252216e-03 -1.484917e-01 1.962122e-04 9.999999e-01 5.024494e-04 6.619026e-02 -1.252321e-03 -5.022005e-04 9.999990e-01 9.751174e-01
9.999912e-01 -2.773959e-03 -3.135205e-03 -1.546579e-01 2.775779e-03 9.999960e-01 5.763003e-04 7.038098e-02 3.133600e-03 -5.850009e-04 9.999950e-01 1.014776e+00
9.999996e-01 -2.846089e-05 9.042390e-04 -1.572348e-01 2.790905e-05 9.999998e-01 6.104124e-04 7.273923e-02 -9.042628e-04 -6.103838e-04 9.999993e-01 1.044700e+00
9.999919e-01 -2.308847e-03 -3.283545e-03 -1.618357e-01 2.310325e-03 9.999972e-01 4.461606e-04 7.535470e-02 3.282513e-03 -4.537463e-04 9.999946e-01 1.077525e+00
9.999993e-01 1.029572e-03 6.401810e-04 -1.711806e-01 -1.029577e-03 9.999995e-01 8.313198e-06 7.728623e-02 -6.401792e-04 -8.969073e-06 9.999997e-01 1.120887e+00
9.999936e-01 -9.557454e-04 -3.444500e-03 -1.921878e-01 9.558375e-04 9.999995e-01 2.513238e-05 7.928731e-02 3.444482e-03 -2.842784e-05 9.999942e-01 1.185409e+00
9.999980e-01 1.754931e-03 9.366306e-04 -2.198238e-01 -1.755104e-03 9.999984e-01 1.840839e-04 8.106347e-02 -9.363137e-04 -1.857242e-04 9.999994e-01 1.257749e+00
9.999865e-01 -3.649201e-03 -3.698828e-03 -2.365947e-01 3.650496e-03 9.999933e-01 3.434790e-04 8.547616e-02 3.697558e-03 -3.569803e-04 9.999932e-01 1.304620e+00
9.999983e-01 1.650891e-03 7.857734e-04 -2.416562e-01 -1.651775e-03 9.999980e-01 1.125085e-03 8.799377e-02 -7.839226e-04 -1.126377e-03 9.999990e-01 1.335941e+00
9.999875e-01 -4.119999e-03 -2.819680e-03 -2.469974e-01 4.121722e-03 9.999913e-01 6.057371e-04 9.050341e-02 2.817168e-03 -6.173552e-04 9.999959e-01 1.368570e+00
9.999992e-01 -3.314103e-04 1.214278e-03 -2.450158e-01 3.297572e-04 9.999990e-01 1.361433e-03 9.325738e-02 -1.214737e-03 -1.361028e-03 9.999982e-01 1.394030e+00
9.999875e-01 -3.297601e-03 -3.762337e-03 -2.468325e-01 3.297922e-03 9.999946e-01 7.899493e-05 9.639441e-02 3.762065e-03 -9.140588e-05 9.999930e-01 1.420704e+00
9.999987e-01 -1.962830e-04 1.576836e-03 -2.489662e-01 1.933033e-04 9.999982e-01 1.889726e-03 9.944509e-02 -1.577213e-03 -1.889415e-03 9.999969e-01 1.449420e+00
9.999895e-01 3.904846e-04 -4.555085e-03 -3.070336e-01 -4.188808e-04 9.999805e-01 -6.234632e-03 9.573980e-02 4.552571e-03 6.236471e-03 9.999703e-01 1.544146e+00
1.000000e+00 1.973811e-04 -1.345310e-04 -3.654175e-01 -1.965124e-04 9.999793e-01 6.426001e-03 1.080213e-01 1.357869e-04 -6.425971e-03 9.999792e-01 1.600183e+00
9.999889e-01 -4.303378e-03 -1.908892e-03 -3.574686e-01 4.295103e-03 9.999815e-01 -4.318316e-03 1.109485e-01 1.927450e-03 4.310066e-03 9.999890e-01 1.619337e+00
1.000000e+00 3.264736e-05 2.865176e-05 -3.492604e-01 -3.283272e-05 9.999789e-01 6.500538e-03 1.134097e-01 -2.844904e-05 -6.500535e-03 9.999788e-01 1.638303e+00
9.999917e-01 -2.670303e-03 -3.082352e-03 -3.480618e-01 2.652499e-03 9.999799e-01 -5.765493e-03 1.147498e-01 3.097696e-03 5.757265e-03 9.999787e-01 1.666872e+00
9.999936e-01 3.494257e-03 -7.268908e-04 -3.700006e-01 -3.490727e-03 9.999824e-01 4.800935e-03 1.178975e-01 7.436429e-04 -4.798363e-03 9.999881e-01 1.736892e+00
9.999913e-01 -3.050206e-03 -2.862857e-03 -4.134416e-01 3.037439e-03 9.999855e-01 -4.453172e-03 1.193393e-01 2.876410e-03 4.444432e-03 9.999861e-01 1.813803e+00
9.999999e-01 3.132746e-04 -1.729558e-04 -4.175009e-01 -3.122579e-04 9.999829e-01 5.846343e-03 1.227589e-01 1.747729e-04 -5.846284e-03 9.999828e-01 1.840936e+00
9.999919e-01 -3.109646e-03 -2.552513e-03 -4.213790e-01 3.098206e-03 9.999852e-01 -4.473590e-03 1.258677e-01 2.566399e-03 4.465641e-03 9.999868e-01 1.869168e+00
1.000000e+00 1.905244e-04 -2.467656e-04 -4.260713e-01 -1.890409e-04 9.999820e-01 5.996753e-03 1.292470e-01 2.478917e-04 -5.996701e-03 9.999819e-01 1.896569e+00
9.999920e-01 -2.938230e-03 -2.705280e-03 -4.306024e-01 2.925444e-03 9.999846e-01 -4.718074e-03 1.327158e-01 2.719114e-03 4.710118e-03 9.999853e-01 1.924961e+00
9.999999e-01 4.606522e-04 -2.398996e-04 -4.377755e-01 -4.591903e-04 9.999815e-01 6.057284e-03 1.359548e-01 2.426729e-04 -6.057168e-03 9.999815e-01 1.955023e+00
9.999931e-01 -2.269860e-03 -2.932116e-03 -4.485144e-01 2.255765e-03 9.999859e-01 -4.801592e-03 1.391570e-01 2.942987e-03 4.794939e-03 9.999843e-01 1.988930e+00
1.000000e+00 2.178879e-04 -6.192105e-05 -4.575806e-01 -2.175014e-04 9.999809e-01 6.170419e-03 1.422532e-01 6.325117e-05 -6.170400e-03 9.999809e-01 2.019200e+00
9.999930e-01 -2.199224e-03 -3.028138e-03 -4.688473e-01 2.184332e-03 9.999855e-01 -4.912317e-03 1.455703e-01 3.038911e-03 4.905662e-03 9.999834e-01 2.051998e+00
1.000000e+00 -1.230923e-04 4.367021e-05 -4.774020e-01 1.228206e-04 9.999809e-01 6.176142e-03 1.488095e-01 -4.444335e-05 -6.176131e-03 9.999808e-01 2.083078e+00
9.999890e-01 2.414366e-03 -4.012507e-03 -5.140575e-01 -2.442447e-03 9.999725e-01 -7.008136e-03 1.522438e-01 3.995490e-03 7.017854e-03 9.999675e-01 2.175365e+00
1.000000e+00 -1.481307e-04 -2.500388e-04 -5.916677e-01 1.497572e-04 9.999788e-01 6.516290e-03 1.523457e-01 2.490536e-04 -6.516322e-03 9.999786e-01 2.301367e+00
9.999957e-01 -1.869387e-03 -2.267951e-03 -6.055388e-01 1.857042e-03 9.999835e-01 -5.433089e-03 1.545773e-01 2.278085e-03 5.428848e-03 9.999828e-01 2.348951e+00
9.999998e-01 -6.003333e-04 -1.950248e-04 -6.108747e-01 6.017336e-04 9.999735e-01 7.259464e-03 1.572171e-01 1.906465e-04 -7.259574e-03 9.999735e-01 2.380144e+00
9.999937e-01 -2.713332e-03 -2.301853e-03 -6.087979e-01 2.701044e-03 9.999822e-01 -5.324586e-03 1.598733e-01 2.316275e-03 5.318329e-03 9.999833e-01 2.403921e+00
9.999997e-01 -6.892951e-04 -4.331034e-04 -6.094789e-01 6.923433e-04 9.999747e-01 7.076781e-03 1.628653e-01 4.281989e-04 -7.077073e-03 9.999748e-01 2.427503e+00
9.999928e-01 -2.981867e-03 -2.356171e-03 -6.066264e-01 2.969283e-03 9.999814e-01 -5.326088e-03 1.654578e-01 2.372025e-03 5.319047e-03 9.999831e-01 2.447869e+00
9.999996e-01 6.147318e-04 -6.377966e-04 -6.129750e-01 -6.102957e-04 9.999758e-01 6.931544e-03 1.681691e-01 6.420261e-04 -6.931145e-03 9.999757e-01 2.476157e+00
9.999935e-01 -2.878486e-03 -2.153702e-03 -6.181048e-01 2.867389e-03 9.999827e-01 -5.137530e-03 1.709405e-01 2.168470e-03 5.131315e-03 9.999846e-01 2.505194e+00
1.000000e+00 3.290512e-05 -3.117755e-04 -6.218683e-01 -3.078589e-05 9.999769e-01 6.793110e-03 1.735468e-01 3.119753e-04 -6.793093e-03 9.999768e-01 2.531820e+00
9.999963e-01 -1.917043e-03 -1.922033e-03 -6.321300e-01 1.906255e-03 9.999825e-01 -5.598828e-03 1.735661e-01 1.932749e-03 5.595137e-03 9.999826e-01 2.576874e+00
9.999995e-01 2.851286e-04 -9.951513e-04 -6.444652e-01 -2.786764e-04 9.999790e-01 6.477228e-03 1.757754e-01 9.969601e-04 -6.476940e-03 9.999784e-01 2.615248e+00
9.999975e-01 -1.837434e-04 -2.218967e-03 -6.701065e-01 1.681653e-04 9.999754e-01 -7.018252e-03 1.780352e-01 2.220220e-03 7.017854e-03 9.999730e-01 2.681489e+00
9.999992e-01 -7.952808e-04 -9.364819e-04 -6.978477e-01 8.017272e-04 9.999759e-01 6.902904e-03 1.815823e-01 9.309519e-04 -6.903642e-03 9.999756e-01 2.745589e+00
9.999979e-01 -1.508504e-03 -1.385820e-03 -7.135994e-01 1.499505e-03 9.999779e-01 -6.470748e-03 1.838873e-01 1.395569e-03 6.468649e-03 9.999782e-01 2.798143e+00
9.999992e-01 -5.337665e-04 -1.137475e-03 -7.285249e-01 5.415173e-04 9.999766e-01 6.824044e-03 1.859154e-01 1.133787e-03 -6.824647e-03 9.999760e-01 2.851674e+00
9.999984e-01 -3.138059e-04 -1.743932e-03 -7.551891e-01 3.019983e-04 9.999771e-01 -6.766401e-03 1.878586e-01 1.746033e-03 6.765856e-03 9.999757e-01 2.916933e+00
9.999994e-01 -3.503470e-04 -1.067593e-03 -7.852512e-01 3.576936e-04 9.999762e-01 6.888408e-03 1.903157e-01 1.065136e-03 -6.888779e-03 9.999756e-01 2.986812e+00
9.999988e-01 -3.841620e-04 -1.532072e-03 -8.120820e-01 3.737292e-04 9.999768e-01 -6.803590e-03 1.921050e-01 1.534669e-03 6.803002e-03 9.999758e-01 3.056190e+00
9.999996e-01 6.929646e-04 -5.197612e-04 -8.404965e-01 -6.900925e-04 9.999846e-01 5.504503e-03 1.949124e-01 5.235484e-04 -5.504135e-03 9.999846e-01 3.125245e+00
9.999959e-01 -1.579908e-03 -2.403406e-03 -8.689160e-01 1.566468e-03 9.999832e-01 -5.583395e-03 1.979283e-01 2.412206e-03 5.579600e-03 9.999816e-01 3.195823e+00
9.999968e-01 -2.240995e-03 -1.154788e-03 -9.573597e-01 2.233955e-03 9.999791e-01 -6.062211e-03 1.938876e-01 1.168329e-03 6.059618e-03 9.999809e-01 3.324903e+00
9.999878e-01 3.979786e-03 -2.909645e-03 -1.028637e+00 -3.965557e-03 9.999802e-01 4.879946e-03 1.978741e-01 2.929029e-03 -4.868355e-03 9.999840e-01 3.464239e+00
9.999894e-01 -4.603436e-03 -1.523605e-04 -1.068360e+00 4.602516e-03 9.999739e-01 -5.574755e-03 2.027026e-01 1.779991e-04 5.574000e-03 9.999844e-01 3.549035e+00
9.999912e-01 3.410794e-03 -2.422966e-03 -1.094983e+00 -3.396621e-03 9.999772e-01 5.829760e-03 2.052818e-01 2.442816e-03 -5.821485e-03 9.999802e-01 3.611183e+00
9.999868e-01 -5.133884e-03 2.337935e-05 -1.116027e+00 5.133937e-03 9.999733e-01 -5.198123e-03 2.081756e-01 3.286859e-06 5.198181e-03 9.999864e-01 3.666167e+00
9.999954e-01 2.001382e-03 -2.282751e-03 -1.124474e+00 -1.986182e-03 9.999760e-01 6.641455e-03 2.103907e-01 2.296009e-03 -6.636896e-03 9.999754e-01 3.704125e+00
9.999913e-01 -4.170799e-03 -2.960890e-04 -1.128918e+00 4.169349e-03 9.999801e-01 -4.741981e-03 2.127007e-01 3.158395e-04 4.740712e-03 9.999886e-01 3.731837e+00
9.999950e-01 1.878560e-03 -2.545189e-03 -1.133212e+00 -1.862018e-03 9.999772e-01 6.486423e-03 2.147251e-01 2.557338e-03 -6.481658e-03 9.999758e-01 3.759917e+00
9.999940e-01 -3.446144e-03 -3.349930e-04 -1.138491e+00 3.444532e-03 9.999830e-01 -4.702138e-03 2.170496e-01 3.511695e-04 4.700963e-03 9.999888e-01 3.786959e+00
9.999972e-01 8.229154e-04 -2.220568e-03 -1.139748e+00 -8.081970e-04 9.999778e-01 6.621314e-03 2.195842e-01 2.225989e-03 -6.619508e-03 9.999757e-01 3.810273e+00
9.999954e-01 -3.029017e-03 3.245718e-05 -1.142923e+00 3.029146e-03 9.999818e-01 -5.213882e-03 2.214875e-01 -1.668609e-05 5.213963e-03 9.999863e-01 3.842554e+00
9.999989e-01 -7.124501e-04 -1.303236e-03 -1.144826e+00 7.209313e-04 9.999785e-01 6.519558e-03 2.227901e-01 1.298585e-03 -6.520497e-03 9.999780e-01 3.879535e+00
9.999949e-01 -3.139145e-03 -5.078850e-04 -1.144282e+00 3.136494e-03 9.999819e-01 -5.140655e-03 2.253349e-01 5.239903e-04 5.139043e-03 9.999866e-01 3.908862e+00
9.999985e-01 -1.203259e-04 -1.722494e-03 -1.147747e+00 1.314359e-04 9.999792e-01 6.451788e-03 2.278274e-01 1.721705e-03 -6.452013e-03 9.999778e-01 3.941240e+00
9.999960e-01 -2.779996e-03 -5.566257e-04 -1.152268e+00 2.777208e-03 9.999839e-01 -4.950119e-03 2.306001e-01 5.703550e-04 4.948562e-03 9.999875e-01 3.972640e+00
9.999986e-01 -1.304876e-03 -1.044427e-03 -1.149461e+00 1.311820e-03 9.999768e-01 6.677214e-03 2.330056e-01 1.035713e-03 -6.678583e-03 9.999773e-01 3.997281e+00
9.999957e-01 -2.822504e-03 -7.380599e-04 -1.145697e+00 2.818880e-03 9.999842e-01 -4.867312e-03 2.350847e-01 7.517628e-04 4.865219e-03 9.999878e-01 4.023228e+00
9.999994e-01 2.228134e-04 -1.066606e-03 -1.148084e+00 -2.159973e-04 9.999796e-01 6.387170e-03 2.369841e-01 1.068031e-03 -6.386944e-03 9.999791e-01 4.056397e+00
9.999942e-01 -3.103506e-03 -1.401565e-03 -1.149666e+00 3.096370e-03 9.999824e-01 -5.065845e-03 2.397359e-01 1.417239e-03 5.061485e-03 9.999861e-01 4.087388e+00
9.999988e-01 8.187435e-04 -1.348927e-03 -1.152889e+00 -8.095030e-04 9.999763e-01 6.837412e-03 2.420316e-01 1.354517e-03 -6.836320e-03 9.999758e-01 4.113593e+00
9.999935e-01 -3.228338e-03 -1.579894e-03 -1.156172e+00 3.220136e-03 9.999815e-01 -5.167434e-03 2.445143e-01 1.596523e-03 5.162322e-03 9.999853e-01 4.140258e+00
9.999982e-01 1.698623e-03 -8.308664e-04 -1.165623e+00 -1.693343e-03 9.999786e-01 6.315992e-03 2.464894e-01 8.416017e-04 -6.314582e-03 9.999798e-01 4.177203e+00
9.999951e-01 -8.785371e-04 -2.989725e-03 -1.200396e+00 8.613856e-04 9.999832e-01 -5.733679e-03 2.504681e-01 2.994687e-03 5.731085e-03 9.999790e-01 4.245372e+00
9.999931e-01 3.438450e-03 -1.378670e-03 -1.239838e+00 -3.429316e-03 9.999725e-01 6.574904e-03 2.570081e-01 1.401265e-03 -6.570140e-03 9.999775e-01 4.313676e+00
9.999826e-01 -5.736199e-03 -1.348723e-03 -1.241762e+00 5.729444e-03 9.999713e-01 -4.960583e-03 2.595429e-01 1.377113e-03 4.952779e-03 9.999867e-01 4.340596e+00
9.999951e-01 2.783698e-03 -1.456278e-03 -1.242351e+00 -2.774256e-03 9.999754e-01 6.446554e-03 2.628940e-01 1.474213e-03 -6.442492e-03 9.999783e-01 4.362546e+00
9.999830e-01 -5.637835e-03 -1.504318e-03 -1.245725e+00 5.629859e-03 9.999703e-01 -5.255853e-03 2.670071e-01 1.533878e-03 5.247304e-03 9.999850e-01 4.381511e+00
9.999942e-01 3.260412e-03 -9.583596e-04 -1.246234e+00 -3.254100e-03 9.999735e-01 6.516938e-03 2.699138e-01 9.796085e-04 -6.513792e-03 9.999784e-01 4.402519e+00
9.999872e-01 -4.833459e-03 -1.475352e-03 -1.254582e+00 4.824546e-03 9.999704e-01 -5.986814e-03 2.729858e-01 1.504218e-03 5.979629e-03 9.999809e-01 4.433864e+00
9.999967e-01 2.581848e-03 -7.877001e-05 -1.263498e+00 -2.581289e-03 9.999760e-01 6.429047e-03 2.749948e-01 9.539372e-05 -6.428832e-03 9.999794e-01 4.475596e+00
9.999756e-01 -6.440997e-03 -2.715127e-03 -1.265950e+00 6.426325e-03 9.999649e-01 -5.379078e-03 2.784367e-01 2.749652e-03 5.361509e-03 9.999817e-01 4.504866e+00
9.999928e-01 3.784522e-03 4.064552e-04 -1.262471e+00 -3.787287e-03 9.999681e-01 7.029753e-03 2.804787e-01 -3.798107e-04 -7.031252e-03 9.999753e-01 4.524655e+00
9.999723e-01 -6.536606e-03 -3.564267e-03 -1.264358e+00 6.516357e-03 9.999627e-01 -5.663915e-03 2.839318e-01 3.601129e-03 5.640543e-03 9.999775e-01 4.544564e+00
9.999929e-01 3.552568e-03 1.256847e-03 -1.263593e+00 -3.561540e-03 9.999677e-01 7.208653e-03 2.866127e-01 -1.231170e-03 -7.213089e-03 9.999733e-01 4.563463e+00
9.999728e-01 -6.012876e-03 -4.265587e-03 -1.264899e+00 5.988598e-03 9.999659e-01 -5.682090e-03 2.905415e-01 4.299579e-03 5.656401e-03 9.999747e-01 4.581809e+00
9.999878e-01 4.682182e-03 1.583558e-03 -1.268766e+00 -4.693543e-03 9.999627e-01 7.247588e-03 2.925792e-01 -1.549536e-03 -7.254943e-03 9.999726e-01 4.606558e+00
9.999690e-01 -6.343979e-03 -4.654351e-03 -1.274343e+00 6.317685e-03 9.999641e-01 -5.642721e-03 2.953842e-01 4.689953e-03 5.613153e-03 9.999732e-01 4.632173e+00
9.999902e-01 4.107388e-03 1.640443e-03 -1.276212e+00 -4.119048e-03 9.999658e-01 7.167893e-03 2.984379e-01 -1.610917e-03 -7.174591e-03 9.999731e-01 4.650274e+00
9.999775e-01 -5.110860e-03 -4.349993e-03 -1.282201e+00 5.085768e-03 9.999705e-01 -5.760405e-03 3.006069e-01 4.379276e-03 5.738163e-03 9.999738e-01 4.677128e+00
9.999921e-01 3.767636e-03 1.231384e-03 -1.292994e+00 -3.776532e-03 9.999662e-01 7.302195e-03 3.040583e-01 -1.203801e-03 -7.306800e-03 9.999727e-01 4.705360e+00
9.999779e-01 -5.110090e-03 -4.245465e-03 -1.298758e+00 5.085753e-03 9.999707e-01 -5.724124e-03 3.070563e-01 4.274562e-03 5.702419e-03 9.999745e-01 4.729575e+00
9.999932e-01 3.458535e-03 1.280529e-03 -1.302559e+00 -3.467946e-03 9.999665e-01 7.420315e-03 3.094222e-01 -1.254793e-03 -7.424717e-03 9.999717e-01 4.754617e+00
9.999786e-01 -4.998362e-03 -4.213307e-03 -1.309442e+00 4.973856e-03 9.999708e-01 -5.807382e-03 3.121639e-01 4.242181e-03 5.786314e-03 9.999742e-01 4.782522e+00
9.999943e-01 3.094767e-03 1.316290e-03 -1.313440e+00 -3.104343e-03 9.999683e-01 7.334792e-03 3.147626e-01 -1.293519e-03 -7.338850e-03 9.999723e-01 4.806724e+00
9.999811e-01 -4.469064e-03 -4.218042e-03 -1.315220e+00 4.444528e-03 9.999733e-01 -5.808959e-03 3.163407e-01 4.243859e-03 5.790115e-03 9.999741e-01 4.833876e+00
9.999968e-01 2.096569e-03 1.445509e-03 -1.317641e+00 -2.106519e-03 9.999739e-01 6.915742e-03 3.191949e-01 -1.430941e-03 -6.918777e-03 9.999751e-01 4.853904e+00
9.999827e-01 -4.571152e-03 -3.706043e-03 -1.314395e+00 4.551451e-03 9.999756e-01 -5.307495e-03 3.208474e-01 3.730183e-03 5.290548e-03 9.999790e-01 4.874358e+00
9.999977e-01 1.941929e-03 8.893406e-04 -1.316129e+00 -1.948351e-03 9.999716e-01 7.275680e-03 3.231112e-01 -8.751551e-04 -7.277409e-03 9.999732e-01 4.898080e+00
9.999848e-01 -4.220757e-03 -3.538055e-03 -1.314221e+00 4.202089e-03 9.999773e-01 -5.268083e-03 3.247370e-01 3.560179e-03 5.253149e-03 9.999798e-01 4.921544e+00
9.999981e-01 1.878844e-03 6.058229e-04 -1.313581e+00 -1.883203e-03 9.999718e-01 7.272967e-03 3.269192e-01 -5.921091e-04 -7.274107e-03 9.999735e-01 4.942340e+00
9.999891e-01 -3.266327e-03 -3.347678e-03 -1.323136e+00 3.245538e-03 9.999755e-01 -6.197454e-03 3.286633e-01 3.367807e-03 6.186535e-03 9.999751e-01 4.977116e+00
9.999982e-01 1.667988e-03 9.306068e-04 -1.339000e+00 -1.674497e-03 9.999738e-01 7.036372e-03 3.310498e-01 -9.188135e-04 -7.037932e-03 9.999749e-01 5.023874e+00
9.999873e-01 -3.684403e-03 -3.441488e-03 -1.352825e+00 3.662552e-03 9.999732e-01 -6.334821e-03 3.338000e-01 3.464703e-03 6.322149e-03 9.999739e-01 5.067138e+00
9.999982e-01 1.458949e-03 1.175839e-03 -1.365409e+00 -1.467273e-03 9.999737e-01 7.107314e-03 3.365400e-01 -1.165406e-03 -7.109041e-03 9.999741e-01 5.111245e+00
9.999782e-01 -5.811859e-03 -3.121621e-03 -1.366633e+00 5.795095e-03 9.999689e-01 -5.353557e-03 3.391365e-01 3.152605e-03 5.335365e-03 9.999807e-01 5.142741e+00
9.999939e-01 3.493295e-03 3.337039e-05 -1.371499e+00 -3.493446e-03 9.999691e-01 7.040005e-03 3.416437e-01 -8.743298e-06 -7.040093e-03 9.999753e-01 5.171637e+00
9.999831e-01 -4.919117e-03 -3.095512e-03 -1.380207e+00 4.902882e-03 9.999743e-01 -5.231477e-03 3.441443e-01 3.121133e-03 5.216227e-03 9.999814e-01 5.199587e+00
9.999953e-01 3.043865e-03 3.012398e-04 -1.385932e+00 -3.045870e-03 9.999716e-01 6.887167e-03 3.462707e-01 -2.802339e-04 -6.888067e-03 9.999763e-01 5.227167e+00
9.999819e-01 -5.047820e-03 -3.268813e-03 -1.391008e+00 5.030767e-03 9.999738e-01 -5.204922e-03 3.490057e-01 3.294967e-03 5.188398e-03 9.999810e-01 5.254334e+00
9.999912e-01 4.019257e-03 1.170697e-03 -1.396204e+00 -4.026559e-03 9.999720e-01 6.301242e-03 3.504386e-01 -1.145304e-03 -6.305916e-03 9.999796e-01 5.293736e+00
9.999802e-01 -5.009040e-03 -3.806634e-03 -1.407430e+00 4.987023e-03 9.999709e-01 -5.772099e-03 3.531643e-01 3.835402e-03 5.753016e-03 9.999760e-01 5.339572e+00
9.999940e-01 3.266650e-03 1.149738e-03 -1.416264e+00 -3.274809e-03 9.999690e-01 7.164812e-03 3.564476e-01 -1.126262e-03 -7.168550e-03 9.999738e-01 5.373631e+00
9.999755e-01 -5.964927e-03 -3.670430e-03 -1.415241e+00 5.946840e-03 9.999702e-01 -4.920012e-03 3.583444e-01 3.699633e-03 4.898080e-03 9.999811e-01 5.394196e+00
9.999844e-01 5.492544e-03 9.805141e-04 -1.429306e+00 -5.497882e-03 9.999696e-01 5.524164e-03 3.597542e-01 -9.501074e-04 -5.529484e-03 9.999844e-01 5.435574e+00
9.999812e-01 -4.325332e-03 -4.356715e-03 -1.469710e+00 4.295263e-03 9.999670e-01 -6.888386e-03 3.624381e-01 4.386330e-03 6.869559e-03 9.999667e-01 5.521202e+00
9.999752e-01 6.901822e-03 1.393218e-03 -1.524852e+00 -6.907322e-03 9.999682e-01 3.980666e-03 3.659630e-01 -1.365664e-03 -3.990206e-03 9.999912e-01 5.625195e+00
9.999858e-01 -3.298143e-03 -4.178413e-03 -1.586997e+00 3.267285e-03 9.999675e-01 -7.371323e-03 3.696750e-01 4.202552e-03 7.357581e-03 9.999640e-01 5.736414e+00
9.999872e-01 4.945401e-03 1.067367e-03 -1.639206e+00 -4.951414e-03 9.999715e-01 5.703809e-03 3.731628e-01 -1.039092e-03 -5.709035e-03 9.999833e-01 5.835258e+00
9.999857e-01 -3.557768e-03 -3.996617e-03 -1.684256e+00 3.526844e-03 9.999640e-01 -7.718654e-03 3.765753e-01 4.023898e-03 7.704463e-03 9.999621e-01 5.926412e+00
9.999923e-01 3.916245e-03 3.484190e-04 -1.731989e+00 -3.918568e-03 9.999683e-01 6.930614e-03 3.797088e-01 -3.212289e-04 -6.931940e-03 9.999760e-01 6.019214e+00
9.999857e-01 -4.005506e-03 -3.545754e-03 -1.771851e+00 3.979417e-03 9.999652e-01 -7.335378e-03 3.828501e-01 3.574975e-03 7.321178e-03 9.999667e-01 6.102496e+00
9.999941e-01 3.411716e-03 3.089127e-04 -1.803351e+00 -3.413719e-03 9.999716e-01 6.722789e-03 3.853098e-01 -2.859300e-04 -6.723818e-03 9.999774e-01 6.178296e+00
9.999884e-01 -3.197223e-03 -3.593709e-03 -1.844097e+00 3.170373e-03 9.999672e-01 -7.453242e-03 3.877912e-01 3.617383e-03 7.441777e-03 9.999657e-01 6.264007e+00
9.999942e-01 3.362481e-03 4.908986e-04 -1.883650e+00 -3.365802e-03 9.999704e-01 6.922078e-03 3.896865e-01 -4.675704e-04 -6.923705e-03 9.999760e-01 6.349590e+00
9.999855e-01 -4.129801e-03 -3.450933e-03 -1.913204e+00 4.105251e-03 9.999664e-01 -7.091874e-03 3.922251e-01 3.480067e-03 7.077619e-03 9.999688e-01 6.422300e+00
9.999949e-01 3.123460e-03 6.221987e-04 -1.941354e+00 -3.127742e-03 9.999706e-01 6.998673e-03 3.949436e-01 -6.002816e-04 -7.000598e-03 9.999754e-01 6.489011e+00
9.999851e-01 -4.300829e-03 -3.371991e-03 -1.967850e+00 4.277051e-03 9.999662e-01 -7.028365e-03 3.976780e-01 3.402066e-03 7.013852e-03 9.999695e-01 6.554407e+00
9.999938e-01 3.499301e-03 3.384677e-04 -1.995606e+00 -3.501511e-03 9.999711e-01 6.755603e-03 4.005698e-01 -3.147787e-04 -6.756761e-03 9.999772e-01 6.621768e+00
9.999850e-01 -4.335293e-03 -3.333083e-03 -2.027965e+00 4.311468e-03 9.999653e-01 -7.123146e-03 4.037940e-01 3.363809e-03 7.108683e-03 9.999690e-01 6.696147e+00
9.999951e-01 3.092290e-03 5.531872e-04 -2.054190e+00 -3.096030e-03 9.999715e-01 6.887125e-03 4.064366e-01 -5.318347e-04 -6.888818e-03 9.999762e-01 6.765229e+00
9.999871e-01 -3.663043e-03 -3.516412e-03 -2.087077e+00 3.637151e-03 9.999664e-01 -7.342306e-03 4.086823e-01 3.543149e-03 7.329435e-03 9.999668e-01 6.841305e+00
9.999948e-01 3.118189e-03 8.011826e-04 -2.120879e+00 -3.123782e-03 9.999701e-01 7.072807e-03 4.112990e-01 -7.790640e-04 -7.075287e-03 9.999748e-01 6.918346e+00
9.999852e-01 -4.259633e-03 -3.390715e-03 -2.146901e+00 4.235125e-03 9.999651e-01 -7.203442e-03 4.136750e-01 3.421240e-03 7.188989e-03 9.999682e-01 6.988099e+00
9.999957e-01 2.782930e-03 8.852536e-04 -2.168971e+00 -2.789139e-03 9.999710e-01 7.089003e-03 4.165691e-01 -8.654590e-04 -7.091456e-03 9.999746e-01 7.052871e+00
9.999835e-01 -4.654447e-03 -3.369977e-03 -2.188144e+00 4.631209e-03 9.999657e-01 -6.871885e-03 4.193596e-01 3.401805e-03 6.856179e-03 9.999706e-01 7.112663e+00
9.999962e-01 2.629989e-03 8.666186e-04 -2.204813e+00 -2.635861e-03 9.999731e-01 6.842195e-03 4.218222e-01 -8.485593e-04 -6.844467e-03 9.999763e-01 7.172863e+00
9.999959e-01 -1.255999e-03 -2.556026e-03 -2.233358e+00 1.232578e-03 9.999574e-01 -9.145364e-03 4.246069e-01 2.567363e-03 9.142190e-03 9.999548e-01 7.247388e+00
9.999954e-01 2.937023e-03 7.133796e-04 -2.265882e+00 -2.941757e-03 9.999731e-01 6.723761e-03 4.277841e-01 -6.935711e-04 -6.725843e-03 9.999772e-01 7.323361e+00
9.999943e-01 -1.589136e-03 -2.968570e-03 -2.300919e+00 1.562497e-03 9.999587e-01 -8.955778e-03 4.308214e-01 2.982637e-03 8.951102e-03 9.999554e-01 7.401914e+00
9.999979e-01 2.044208e-03 6.279952e-05 -2.335803e+00 -2.044620e-03 9.999704e-01 7.419918e-03 4.340940e-01 -4.758781e-05 -7.420044e-03 9.999726e-01 7.481520e+00
9.999885e-01 -3.904063e-03 -2.775344e-03 -2.362115e+00 3.883475e-03 9.999652e-01 -7.386484e-03 4.378090e-01 2.804042e-03 7.375634e-03 9.999688e-01 7.547802e+00
9.999986e-01 1.626998e-03 3.548624e-04 -2.375932e+00 -1.629683e-03 9.999691e-01 7.695260e-03 4.402826e-01 -3.422889e-04 -7.695841e-03 9.999704e-01 7.598456e+00
9.999908e-01 -3.119835e-03 -2.927090e-03 -2.396819e+00 3.097969e-03 9.999675e-01 -7.446492e-03 4.430423e-01 2.950184e-03 7.437370e-03 9.999679e-01 7.657945e+00
9.999991e-01 1.253274e-03 4.510469e-04 -2.415087e+00 -1.256683e-03 9.999701e-01 7.632749e-03 4.458699e-01 -4.414246e-04 -7.633322e-03 9.999709e-01 7.716013e+00
9.999905e-01 -3.547951e-03 -2.526129e-03 -2.428305e+00 3.529395e-03 9.999670e-01 -7.313634e-03 4.484064e-01 2.551951e-03 7.304663e-03 9.999700e-01 7.772282e+00
9.999983e-01 1.813241e-03 -3.166900e-04 -2.448636e+00 -1.810972e-03 9.999736e-01 7.032548e-03 4.511130e-01 3.294766e-04 -7.031976e-03 9.999753e-01 7.834114e+00
9.999932e-01 -2.236127e-03 -2.937291e-03 -2.481427e+00 2.214079e-03 9.999695e-01 -7.489215e-03 4.541875e-01 2.953905e-03 7.482674e-03 9.999675e-01 7.908357e+00
9.999985e-01 1.702949e-03 -3.176530e-04 -2.518387e+00 -1.700675e-03 9.999738e-01 7.035619e-03 4.574487e-01 3.296698e-04 -7.035082e-03 9.999753e-01 7.985694e+00
9.999930e-01 -2.203152e-03 -3.018445e-03 -2.553663e+00 2.180214e-03 9.999689e-01 -7.582967e-03 4.606650e-01 3.035014e-03 7.576347e-03 9.999666e-01 8.062321e+00
9.999966e-01 2.609101e-03 7.750239e-05 -2.592630e+00 -2.609548e-03 9.999760e-01 6.424842e-03 4.638437e-01 -6.069303e-05 -6.425035e-03 9.999795e-01 8.143658e+00
9.999805e-01 -5.407027e-03 -3.129144e-03 -2.610660e+00 5.388340e-03 9.999678e-01 -5.950904e-03 4.677166e-01 3.161175e-03 5.933941e-03 9.999773e-01 8.195488e+00
9.999946e-01 3.288588e-03 1.961827e-04 -2.619033e+00 -3.289929e-03 9.999682e-01 7.262802e-03 4.708080e-01 -1.722471e-04 -7.263422e-03 9.999737e-01 8.227713e+00
9.999811e-01 -5.622853e-03 -2.503178e-03 -2.622457e+00 5.608605e-03 9.999682e-01 -5.664632e-03 4.733003e-01 2.534905e-03 5.650499e-03 9.999807e-01 8.259245e+00
9.999955e-01 2.998855e-03 2.204067e-04 -2.628750e+00 -3.000263e-03 9.999732e-01 6.677358e-03 4.758476e-01 -2.003311e-04 -6.678003e-03 9.999778e-01 8.293361e+00
9.999746e-01 -6.638795e-03 -2.572164e-03 -2.633078e+00 6.623153e-03 9.999598e-01 -6.043944e-03 4.790747e-01 2.612140e-03 6.026769e-03 9.999783e-01 8.327217e+00
9.999959e-01 2.859194e-03 2.766110e-04 -2.637454e+00 -2.861039e-03 9.999721e-01 6.904525e-03 4.825328e-01 -2.568162e-04 -6.905302e-03 9.999762e-01 8.360387e+00
9.999877e-01 -4.078946e-03 -2.823033e-03 -2.651510e+00 4.059584e-03 9.999684e-01 -6.832017e-03 4.847836e-01 2.850765e-03 6.820487e-03 9.999726e-01 8.411888e+00
9.999942e-01 3.385456e-03 -3.062985e-04 -2.681263e+00 -3.383401e-03 9.999732e-01 6.488178e-03 4.879578e-01 3.283019e-04 -6.487119e-03 9.999790e-01 8.484409e+00
9.999938e-01 -2.769324e-03 -2.150085e-03 -2.714113e+00 2.751867e-03 9.999636e-01 -8.081846e-03 4.910226e-01 2.172341e-03 8.075894e-03 9.999649e-01 8.559922e+00
1.000000e+00 -7.632519e-05 -2.084226e-04 -2.732181e+00 7.807099e-05 9.999647e-01 8.405268e-03 4.943492e-01 2.078203e-04 -8.405298e-03 9.999647e-01 8.615067e+00
9.999893e-01 -4.478205e-03 -1.190097e-03 -2.730201e+00 4.469730e-03 9.999653e-01 -7.034253e-03 4.967858e-01 1.221509e-03 7.028872e-03 9.999745e-01 8.649556e+00
9.999995e-01 -1.013867e-03 2.076363e-04 -2.725193e+00 1.012049e-03 9.999628e-01 8.561565e-03 4.990321e-01 -2.162622e-04 -8.561365e-03 9.999634e-01 8.679851e+00
9.999845e-01 -5.345222e-03 -1.531506e-03 -2.718587e+00 5.335174e-03 9.999647e-01 -6.493999e-03 5.018493e-01 1.566117e-03 6.485743e-03 9.999776e-01 8.703751e+00
1.000000e+00 3.307211e-04 5.974775e-06 -2.709888e+00 -3.307636e-04 9.999639e-01 8.492608e-03 5.036673e-01 -3.119015e-06 -8.492625e-03 9.999640e-01 8.724452e+00
9.999878e-01 -4.478140e-03 -2.084912e-03 -2.702641e+00 4.464837e-03 9.999699e-01 -6.344340e-03 5.058036e-01 2.113213e-03 6.334970e-03 9.999776e-01 8.745121e+00
9.999999e-01 1.116477e-04 3.476348e-04 -2.695802e+00 -1.145884e-04 9.999642e-01 8.459409e-03 5.075795e-01 -3.466308e-04 -8.459464e-03 9.999643e-01 8.766276e+00
9.999854e-01 -5.000712e-03 -2.038793e-03 -2.684962e+00 4.988160e-03 9.999688e-01 -6.117940e-03 5.096488e-01 2.069277e-03 6.107697e-03 9.999791e-01 8.785205e+00
9.999960e-01 2.828927e-03 -1.413318e-04 -2.688674e+00 -2.827875e-03 9.999716e-01 6.988428e-03 5.112718e-01 1.611449e-04 -6.988017e-03 9.999757e-01 8.821194e+00
9.999861e-01 -4.857055e-03 -2.069749e-03 -2.703304e+00 4.843387e-03 9.999668e-01 -6.560291e-03 5.137849e-01 2.101496e-03 6.550191e-03 9.999762e-01 8.877883e+00
9.999996e-01 8.263598e-04 2.542092e-04 -2.703896e+00 -8.283352e-04 9.999688e-01 7.854694e-03 5.160830e-01 -2.476628e-04 -7.854918e-03 9.999692e-01 8.919172e+00
9.999869e-01 -4.372324e-03 -2.644674e-03 -2.692825e+00 4.357848e-03 9.999756e-01 -5.456488e-03 5.172500e-01 2.668420e-03 5.444909e-03 9.999815e-01 8.938899e+00
9.999989e-01 1.218974e-03 8.334961e-04 -2.689849e+00 -1.224802e-03 9.999746e-01 7.022982e-03 5.188058e-01 -8.248661e-04 -7.024012e-03 9.999751e-01 8.961218e+00
9.999719e-01 -6.948541e-03 -2.798556e-03 -2.684743e+00 6.932191e-03 9.999591e-01 -5.811928e-03 5.218276e-01 2.838778e-03 5.792382e-03 9.999791e-01 8.985037e+00
9.999982e-01 1.298352e-03 1.380502e-03 -2.681258e+00 -1.307795e-03 9.999756e-01 6.858658e-03 5.242072e-01 -1.371515e-03 -6.860468e-03 9.999756e-01 9.009471e+00
9.999707e-01 -6.482449e-03 -4.066941e-03 -2.674659e+00 6.461271e-03 9.999656e-01 -5.200068e-03 5.266515e-01 4.100462e-03 5.173657e-03 9.999781e-01 9.030303e+00
9.999939e-01 3.387859e-03 8.410701e-04 -2.670727e+00 -3.393655e-03 9.999699e-01 6.981873e-03 5.291768e-01 -8.173425e-04 -6.984702e-03 9.999754e-01 9.045594e+00
9.999758e-01 -5.702811e-03 -3.972667e-03 -2.670985e+00 5.681829e-03 9.999699e-01 -5.274280e-03 5.311970e-01 4.002577e-03 5.251599e-03 9.999781e-01 9.068592e+00
9.999936e-01 3.425669e-03 1.067603e-03 -2.670079e+00 -3.433227e-03 9.999685e-01 7.155166e-03 5.333850e-01 -1.043009e-03 -7.158804e-03 9.999739e-01 9.090248e+00
9.999818e-01 -4.994371e-03 -3.395420e-03 -2.674409e+00 4.974391e-03 9.999704e-01 -5.869136e-03 5.345010e-01 3.424583e-03 5.852158e-03 9.999769e-01 9.124942e+00
9.999980e-01 1.644513e-03 1.101658e-03 -2.683703e+00 -1.651165e-03 9.999803e-01 6.060863e-03 5.380010e-01 -1.091619e-03 -6.062689e-03 9.999811e-01 9.171527e+00
9.999866e-01 -3.830304e-03 -3.474100e-03 -2.700820e+00 3.810276e-03 9.999762e-01 -5.755005e-03 5.383717e-01 3.496011e-03 5.741710e-03 9.999773e-01 9.221717e+00
9.999984e-01 1.697251e-03 -4.839361e-04 -2.728882e+00 -1.694824e-03 9.999861e-01 4.983443e-03 5.435446e-01 4.924375e-04 -4.982634e-03 9.999876e-01 9.275456e+00
9.999922e-01 -1.547716e-04 -3.947266e-03 -2.767529e+00 1.312352e-04 9.999822e-01 -5.963620e-03 5.459086e-01 3.948068e-03 5.963075e-03 9.999743e-01 9.334139e+00
9.999814e-01 3.740854e-03 -4.823209e-03 -2.871416e+00 -3.716460e-03 9.999803e-01 5.057617e-03 5.590226e-01 4.842085e-03 -5.039616e-03 9.999757e-01 9.434255e+00
9.999988e-01 1.167571e-03 -1.055788e-03 -2.983327e+00 -1.171644e-03 9.999918e-01 -3.870335e-03 5.679300e-01 1.051209e-03 3.871586e-03 9.999919e-01 9.512441e+00
9.999955e-01 1.786864e-03 -2.398498e-03 -3.002934e+00 -1.776920e-03 9.999898e-01 4.143852e-03 5.716874e-01 2.405930e-03 -4.139590e-03 9.999886e-01 9.593323e+00
9.999986e-01 6.103122e-04 -1.562418e-03 -3.071119e+00 -6.181397e-04 9.999872e-01 -5.017682e-03 5.701580e-01 1.559283e-03 5.018659e-03 9.999861e-01 9.721717e+00
9.999938e-01 -1.690597e-03 -3.104752e-03 -3.092563e+00 1.707217e-03 9.999842e-01 5.360064e-03 5.752918e-01 3.095694e-03 -5.365350e-03 9.999809e-01 9.783142e+00
9.999743e-01 5.817859e-03 -4.182802e-03 -3.154447e+00 -5.837515e-03 9.999719e-01 -4.703926e-03 5.826718e-01 4.155264e-03 4.728240e-03 9.999801e-01 9.887071e+00
9.999574e-01 9.138614e-03 1.266932e-03 -3.288507e+00 -9.133325e-03 9.999498e-01 -4.123638e-03 5.949413e-01 -1.304499e-03 4.111875e-03 9.999908e-01 1.005774e+01
9.999406e-01 -7.745839e-03 -7.666570e-03 -3.363667e+00 7.766313e-03 9.999663e-01 2.643797e-03 6.039205e-01 7.645779e-03 -2.703163e-03 9.999670e-01 1.017588e+01
9.999628e-01 8.459234e-03 1.661313e-03 -3.425471e+00 -8.453042e-03 9.999574e-01 -3.702399e-03 6.120613e-01 -1.692507e-03 3.688202e-03 9.999919e-01 1.028014e+01
9.999431e-01 -7.348256e-03 -7.733290e-03 -3.483462e+00 7.375703e-03 9.999666e-01 3.526143e-03 6.203511e-01 7.707065e-03 -3.582964e-03 9.999638e-01 1.038247e+01
9.999413e-01 1.081208e-02 7.769856e-04 -3.559861e+00 -1.080909e-02 9.999345e-01 -3.762713e-03 6.279085e-01 -8.175615e-04 3.754077e-03 9.999927e-01 1.051594e+01
9.999856e-01 2.378460e-03 -4.811583e-03 -3.703770e+00 -2.399612e-03 9.999875e-01 -4.396055e-03 6.423383e-01 4.801010e-03 4.407553e-03 9.999787e-01 1.070592e+01
9.999994e-01 -4.089650e-04 -9.809822e-04 -3.768389e+00 4.115551e-04 9.999964e-01 2.646383e-03 6.492776e-01 9.799533e-04 -2.646800e-03 9.999961e-01 1.082831e+01
9.999828e-01 2.540481e-03 -5.286073e-03 -3.841753e+00 -2.560056e-03 9.999899e-01 -3.700607e-03 6.539690e-01 5.276561e-03 3.714092e-03 9.999791e-01 1.095137e+01
9.999990e-01 7.865591e-04 -1.178264e-03 -3.928922e+00 -7.829128e-04 9.999949e-01 3.095958e-03 6.616622e-01 1.180751e-03 -3.095047e-03 9.999946e-01 1.108846e+01
9.999885e-01 1.186457e-03 -4.654965e-03 -4.002226e+00 -1.206132e-03 9.999903e-01 -4.227210e-03 6.689572e-01 4.649846e-03 4.232791e-03 9.999801e-01 1.121822e+01
9.999986e-01 1.642623e-03 -4.454571e-04 -4.077481e+00 -1.641818e-03 9.999970e-01 1.813770e-03 6.755114e-01 4.484939e-04 -1.813051e-03 9.999983e-01 1.134411e+01
9.999874e-01 4.728972e-05 -5.026813e-03 -4.151571e+00 -6.134255e-05 9.999961e-01 -2.796411e-03 6.832431e-01 5.026601e-03 2.796698e-03 9.999834e-01 1.146833e+01
9.999990e-01 1.085848e-03 9.115694e-04 -4.200327e+00 -1.087739e-03 9.999973e-01 2.071688e-03 6.877065e-01 -9.092577e-04 -2.072692e-03 9.999975e-01 1.156887e+01
9.999855e-01 -4.405238e-04 -5.365762e-03 -4.241840e+00 4.247044e-04 9.999956e-01 -2.949881e-03 6.934604e-01 5.366977e-03 2.947574e-03 9.999812e-01 1.166129e+01
9.999994e-01 9.448043e-04 4.952716e-04 -4.285841e+00 -9.456418e-04 9.999981e-01 1.684108e-03 6.988842e-01 -4.936191e-04 -1.684589e-03 9.999985e-01 1.175251e+01
9.999845e-01 -7.059574e-04 -5.525496e-03 -4.329151e+00 6.909730e-04 9.999961e-01 -2.714159e-03 7.060318e-01 5.527329e-03 2.710312e-03 9.999810e-01 1.183469e+01
9.999982e-01 8.840827e-04 1.712718e-03 -4.364388e+00 -8.875630e-04 9.999975e-01 2.029602e-03 7.100585e-01 -1.710858e-03 -2.031132e-03 9.999966e-01 1.191180e+01
9.999848e-01 -1.288245e-03 -5.360094e-03 -4.398452e+00 1.273710e-03 9.999955e-01 -2.715116e-03 7.144553e-01 5.363506e-03 2.708261e-03 9.999819e-01 1.198798e+01
9.999992e-01 1.023231e-03 7.353400e-04 -4.434273e+00 -1.024545e-03 9.999979e-01 1.782607e-03 7.197943e-01 -7.334527e-04 -1.783373e-03 9.999982e-01 1.207122e+01
9.999817e-01 -1.139414e-03 -5.936415e-03 -4.484941e+00 1.121637e-03 9.999949e-01 -2.997905e-03 7.258485e-01 5.939738e-03 2.991205e-03 9.999778e-01 1.216843e+01
9.999997e-01 1.564528e-04 7.707468e-04 -4.524266e+00 -1.582074e-04 9.999974e-01 2.270888e-03 7.341276e-01 -7.703270e-04 -2.271022e-03 9.999972e-01 1.225024e+01
9.999892e-01 -2.955444e-03 -3.577548e-03 -4.539476e+00 2.946184e-03 9.999923e-01 -2.592213e-03 7.390455e-01 3.585119e-03 2.581658e-03 9.999902e-01 1.230847e+01
9.999985e-01 1.653407e-03 4.881635e-04 -4.559945e+00 -1.654677e-03 9.999952e-01 2.602342e-03 7.432049e-01 -4.837954e-04 -2.603159e-03 9.999966e-01 1.237790e+01
9.999872e-01 -3.327135e-03 -3.798482e-03 -4.575307e+00 3.317330e-03 9.999912e-01 -2.585903e-03 7.474863e-01 3.806989e-03 2.573283e-03 9.999894e-01 1.244283e+01
9.999828e-01 5.809353e-03 -8.388396e-04 -4.630783e+00 -5.808136e-03 9.999821e-01 1.451823e-03 7.576026e-01 8.473224e-04 -1.446939e-03 9.999987e-01 1.256800e+01
9.999909e-01 -9.772321e-04 -4.161440e-03 -4.754487e+00 9.656295e-04 9.999956e-01 -2.790393e-03 7.582454e-01 4.164085e-03 2.786363e-03 9.999874e-01 1.277525e+01
9.999517e-01 8.598503e-03 -4.755246e-03 -4.965830e+00 -8.585179e-03 9.999592e-01 2.816103e-03 7.654387e-01 4.779331e-03 -2.775155e-03 9.999848e-01 1.311354e+01
9.999971e-01 -6.014096e-05 -2.387266e-03 -5.277735e+00 5.357771e-05 9.999962e-01 -2.751253e-03 7.883454e-01 2.387357e-03 2.751129e-03 9.999933e-01 1.349059e+01
9.999569e-01 8.702403e-03 -3.234738e-03 -5.431326e+00 -8.701916e-03 9.999621e-01 1.660729e-04 8.019215e-01 3.236127e-03 -1.379291e-04 9.999948e-01 1.369923e+01
9.999650e-01 -6.854541e-03 -4.804645e-03 -5.492278e+00 6.852029e-03 9.999764e-01 -5.401252e-04 8.144255e-01 4.808167e-03 5.071969e-04 9.999882e-01 1.380126e+01
9.999546e-01 8.860299e-03 -3.518354e-03 -5.547720e+00 -8.859167e-03 9.999607e-01 3.384377e-04 8.252340e-01 3.521282e-03 -3.072642e-04 9.999938e-01 1.389523e+01
9.999695e-01 -6.395666e-03 -4.481262e-03 -5.612392e+00 6.395460e-03 9.999795e-01 -6.123646e-05 8.365444e-01 4.481495e-03 3.258682e-05 9.999899e-01 1.399954e+01
9.999723e-01 7.175911e-03 -1.976894e-03 -5.634050e+00 -7.174551e-03 9.999740e-01 6.964067e-04 8.437723e-01 1.981909e-03 -6.822156e-04 9.999979e-01 1.405654e+01
9.999680e-01 -5.980231e-03 -5.316704e-03 -5.675630e+00 5.975646e-03 9.999818e-01 -8.785857e-04 8.506128e-01 5.321793e-03 8.467987e-04 9.999854e-01 1.413043e+01
9.999712e-01 7.289272e-03 -2.128762e-03 -5.716094e+00 -7.287042e-03 9.999729e-01 1.055922e-03 8.579841e-01 2.136471e-03 -1.040390e-03 9.999973e-01 1.420503e+01
9.999858e-01 -4.059553e-03 -3.437859e-03 -5.783777e+00 4.054047e-03 9.999905e-01 -1.608422e-03 8.594694e-01 3.444286e-03 1.594474e-03 9.999927e-01 1.432480e+01
