9.999940e-01 2.617143e-03 -2.290787e-03 -3.607520e-02 -2.623469e-03 9.999927e-01 -2.763187e-03 2.450966e-03 2.283539e-03 2.769180e-03 9.999937e-01 8.120731e-02
9.999997e-01 7.056547e-04 -4.456520e-04 -9.366162e-02 -7.058595e-04 9.999996e-01 -4.596265e-04 5.688182e-03 4.453271e-04 4.599408e-04 9.999997e-01 1.881933e-01
9.999945e-01 2.426794e-03 -2.280362e-03 -1.511155e-01 -2.432690e-03 9.999937e-01 -2.586218e-03 9.514043e-03 2.274072e-03 2.591751e-03 9.999942e-01 2.918690e-01
9.999967e-01 -2.126030e-03 -1.414973e-03 -1.985424e-01 2.128463e-03 9.999963e-01 1.720043e-03 1.302054e-02 1.411310e-03 -1.723049e-03 9.999974e-01 3.837403e-01
9.999948e-01 2.399599e-03 -2.153983e-03 -2.438038e-01 -2.405360e-03 9.999935e-01 -2.676380e-03 1.632534e-02 2.147548e-03 2.681548e-03 9.999942e-01 4.748959e-01
9.999995e-01 -3.672183e-04 -9.644497e-04 -3.004098e-01 3.678121e-04 9.999997e-01 6.155948e-04 1.977044e-02 9.642216e-04 -6.159500e-04 9.999992e-01 5.782160e-01
9.999956e-01 1.413918e-03 -2.599368e-03 -3.533605e-01 -1.418385e-03 9.999975e-01 -1.717457e-03 2.279746e-02 2.596936e-03 1.721137e-03 9.999952e-01 6.762898e-01
9.999995e-01 -6.055223e-04 -8.436460e-04 -4.030968e-01 6.063849e-04 9.999993e-01 1.022624e-03 2.535777e-02 8.430237e-04 -1.023136e-03 9.999990e-01 7.738650e-01
9.999964e-01 8.683199e-04 -2.533625e-03 -4.457109e-01 -8.722789e-04 9.999984e-01 -1.561900e-03 2.807767e-02 2.532268e-03 1.564106e-03 9.999957e-01 8.634672e-01
9.999997e-01 7.529290e-04 2.483583e-05 -4.857239e-01 -7.529108e-04 9.999995e-01 -7.252908e-04 3.138978e-02 -2.538496e-05 7.252706e-04 9.999996e-01 9.483790e-01
9.999959e-01 1.529983e-04 -2.847654e-03 -5.269118e-01 -1.558757e-04 9.999995e-01 -1.010261e-03 3.461326e-02 2.847501e-03 1.010702e-03 9.999955e-01 1.032540e+00
9.999999e-01 -2.165357e-04 -3.060734e-04 -5.674228e-01 2.166913e-04 9.999998e-01 5.084751e-04 3.742909e-02 3.059596e-04 -5.085429e-04 9.999997e-01 1.116045e+00
9.999960e-01 1.628813e-04 -2.824770e-03 -6.061714e-01 -1.656945e-04 9.999995e-01 -9.957153e-04 4.033331e-02 2.824610e-03 9.961809e-04 9.999956e-01 1.196749e+00
1.000000e+00 -1.819462e-04 -1.974708e-04 -6.439114e-01 1.820288e-04 9.999999e-01 4.182513e-04 4.211060e-02 1.973904e-04 -4.182888e-04 9.999998e-01 1.278974e+00
9.999939e-01 1.145303e-03 -3.310532e-03 -6.907720e-01 -1.149680e-03 9.999985e-01 -1.320686e-03 4.463017e-02 3.309019e-03 1.324486e-03 9.999937e-01 1.375106e+00
9.999992e-01 -1.245040e-03 3.224938e-04 -7.369542e-01 1.244751e-03 9.999988e-01 8.960384e-04 4.818299e-02 -3.236140e-04 -8.956380e-04 9.999994e-01 1.466098e+00
9.999955e-01 1.709935e-03 -2.465755e-03 -7.700432e-01 -1.715282e-03 9.999962e-01 -2.168067e-03 5.094970e-02 2.462044e-03 2.172288e-03 9.999947e-01 1.540585e+00
9.999973e-01 -2.307950e-03 -2.964045e-04 -8.013389e-01 2.308552e-03 9.999952e-01 2.045896e-03 5.344650e-02 2.916759e-04 -2.046576e-03 9.999978e-01 1.613627e+00
9.999944e-01 2.285744e-03 -2.448146e-03 -8.357143e-01 -2.291253e-03 9.999948e-01 -2.249939e-03 5.512427e-02 2.442996e-03 2.255538e-03 9.999946e-01 1.690879e+00
9.999986e-01 -1.508762e-03 -7.547382e-04 -8.745323e-01 1.510132e-03 9.999972e-01 1.817963e-03 5.660650e-02 7.519872e-04 -1.819102e-03 9.999980e-01 1.778742e+00
9.999967e-01 1.154934e-03 -2.287489e-03 -9.154407e-01 -1.159571e-03 9.999973e-01 -2.026512e-03 6.023615e-02 2.285148e-03 2.029160e-03 9.999954e-01 1.862824e+00
9.999968e-01 -2.525497e-03 -2.380353e-04 -9.382259e-01 2.526005e-03 9.999945e-01 2.157920e-03 6.260562e-02 2.325776e-04 -2.158516e-03 9.999975e-01 1.926049e+00
9.999962e-01 1.584798e-03 -2.268568e-03 -9.654677e-01 -1.589509e-03 9.999966e-01 -2.076173e-03 6.493045e-02 2.265276e-03 2.079773e-03 9.999954e-01 1.993510e+00
9.999945e-01 1.599140e-03 -2.904198e-03 -1.029573e+00 -1.592779e-03 9.999963e-01 2.191155e-03 6.916097e-02 2.907684e-03 -2.186519e-03 9.999933e-01 2.104991e+00
9.999689e-01 7.888464e-03 1.729485e-04 -1.119290e+00 -7.887165e-03 9.999475e-01 -6.536917e-03 7.788558e-02 -2.244981e-04 6.535351e-03 9.999787e-01 2.232183e+00
9.999562e-01 -8.942976e-03 -2.743377e-03 -1.139719e+00 8.961478e-03 9.999367e-01 6.807901e-03 8.001495e-02 2.682312e-03 -6.832191e-03 9.999730e-01 2.294296e+00
9.999707e-01 7.653632e-03 1.452346e-04 -1.158475e+00 -7.652550e-03 9.999504e-01 -6.377102e-03 8.234188e-02 -1.940273e-04 6.375806e-03 9.999798e-01 2.353295e+00
9.999679e-01 -7.322319e-03 -3.253724e-03 -1.188300e+00 7.342205e-03 9.999542e-01 6.142505e-03 8.412421e-02 3.208589e-03 -6.166200e-03 9.999757e-01 2.427087e+00
9.999705e-01 7.679599e-03 -5.746939e-05 -1.231948e+00 -7.679810e-03 9.999491e-01 -6.538778e-03 8.686037e-02 7.259973e-06 6.539029e-03 9.999787e-01 2.519171e+00
9.999803e-01 -5.728024e-03 -2.552901e-03 -1.279943e+00 5.742011e-03 9.999684e-01 5.505478e-03 8.931930e-02 2.521276e-03 -5.520031e-03 9.999815e-01 2.596311e+00
9.999699e-01 7.738189e-03 -5.162558e-04 -1.332660e+00 -7.741358e-03 9.999492e-01 -6.448536e-03 9.259332e-02 4.663388e-04 6.452342e-03 9.999792e-01 2.674495e+00
9.999835e-01 -5.362596e-03 -2.065433e-03 -1.389134e+00 5.373951e-03 9.999703e-01 5.532030e-03 9.534455e-02 2.035696e-03 -5.543041e-03 9.999825e-01 2.753991e+00
9.999731e-01 7.332310e-03 1.930250e-04 -1.434409e+00 -7.331085e-03 9.999567e-01 -5.724079e-03 9.535432e-02 -2.349777e-04 5.722512e-03 9.999837e-01 2.835725e+00
9.999847e-01 -4.075801e-03 -3.740053e-03 -1.509335e+00 4.092791e-03 9.999813e-01 4.546544e-03 1.001474e-01 3.721442e-03 -4.561785e-03 9.999826e-01 2.931721e+00
9.999739e-01 7.213123e-03 3.062083e-04 -1.578866e+00 -7.211363e-03 9.999594e-01 -5.405381e-03 1.048239e-01 -3.451752e-04 5.403035e-03 9.999854e-01 3.020656e+00
9.999840e-01 -4.435363e-03 -3.518945e-03 -1.643135e+00 4.451705e-03 9.999793e-01 4.650042e-03 1.095556e-01 3.498237e-03 -4.665636e-03 9.999829e-01 3.100500e+00
9.999772e-01 6.705386e-03 7.748373e-04 -1.702081e+00 -6.701066e-03 9.999627e-01 -5.448850e-03 1.125560e-01 -8.113341e-04 5.443536e-03 9.999850e-01 3.174516e+00
9.999788e-01 -5.564581e-03 -3.374523e-03 -1.747380e+00 5.581412e-03 9.999719e-01 4.998968e-03 1.152867e-01 3.346600e-03 -5.017700e-03 9.999817e-01 3.243269e+00
9.999818e-01 6.008557e-03 4.580064e-04 -1.779069e+00 -6.006363e-03 9.999712e-01 -4.649483e-03 1.190269e-01 -4.859184e-04 4.646651e-03 9.999892e-01 3.296368e+00
9.999846e-01 -5.104287e-03 -2.172908e-03 -1.803435e+00 5.114788e-03 9.999751e-01 4.855189e-03 1.190932e-01 2.148060e-03 -4.866232e-03 9.999858e-01 3.347640e+00
9.999907e-01 4.266675e-03 -5.641824e-04 -1.833738e+00 -4.269299e-03 9.999797e-01 -4.733678e-03 1.223916e-01 5.439857e-04 4.736046e-03 9.999887e-01 3.401809e+00
9.999765e-01 -6.623932e-03 -1.742661e-03 -1.851122e+00 6.633547e-03 9.999625e-01 5.570867e-03 1.251588e-01 1.705682e-03 -5.582299e-03 9.999829e-01 3.448930e+00
9.999814e-01 6.038329e-03 -8.839853e-04 -1.871150e+00 -6.042744e-03 9.999688e-01 -5.080358e-03 1.260358e-01 8.532933e-04 5.085609e-03 9.999868e-01 3.511456e+00
9.999715e-01 -7.524250e-03 -6.190795e-04 -1.889416e+00 7.527438e-03 9.999575e-01 5.318395e-03 1.310585e-01 5.790237e-04 -5.322907e-03 9.999856e-01 3.568054e+00
9.999909e-01 4.067646e-03 -1.315468e-03 -1.893411e+00 -4.074282e-03 9.999788e-01 -5.081378e-03 1.353112e-01 1.294784e-03 5.086694e-03 9.999863e-01 3.599921e+00
9.999647e-01 -8.365943e-03 -7.400249e-04 -1.897496e+00 8.370807e-03 9.999416e-01 6.833971e-03 1.397689e-01 6.827962e-04 -6.839928e-03 9.999763e-01 3.621063e+00
9.999618e-01 8.293523e-03 -2.763057e-03 -1.917600e+00 -8.312207e-03 9.999422e-01 -6.820405e-03 1.429688e-01 2.706346e-03 6.843114e-03 9.999730e-01 3.667789e+00
9.999877e-01 -4.944096e-03 -2.358781e-04 -1.975481e+00 4.945391e-03 9.999707e-01 5.850585e-03 1.436463e-01 2.069317e-04 -5.851683e-03 9.999828e-01 3.771459e+00
9.999592e-01 8.283026e-03 -3.617873e-03 -2.041439e+00 -8.305032e-03 9.999468e-01 -6.110365e-03 1.503642e-01 3.567082e-03 6.140165e-03 9.999749e-01 3.848753e+00
9.999878e-01 -4.831616e-03 -1.012376e-03 -2.108292e+00 4.837577e-03 9.999705e-01 5.970691e-03 1.570544e-01 9.834837e-04 -5.975519e-03 9.999816e-01 3.923798e+00
9.999589e-01 7.829567e-03 -4.568058e-03 -2.184606e+00 -7.858271e-03 9.999493e-01 -6.299914e-03 1.669195e-01 4.518515e-03 6.335556e-03 9.999698e-01 3.984574e+00
9.999915e-01 -4.091720e-03 -4.600040e-04 -2.270639e+00 4.094009e-03 9.999787e-01 5.091060e-03 1.761927e-01 4.391475e-04 -5.092903e-03 9.999868e-01 4.057560e+00
9.999556e-01 7.649823e-03 -5.503356e-03 -2.360118e+00 -7.683744e-03 9.999514e-01 -6.169181e-03 1.857181e-01 5.455912e-03 6.211197e-03 9.999659e-01 4.132261e+00
9.999885e-01 -4.743130e-03 6.357286e-04 -2.435801e+00 4.739834e-03 9.999758e-01 5.089132e-03 1.943887e-01 -6.598681e-04 -5.086063e-03 9.999867e-01 4.189224e+00
9.999601e-01 6.465139e-03 -6.158234e-03 -2.515768e+00 -6.513500e-03 9.999479e-01 -7.865644e-03 2.052649e-01 6.107077e-03 7.905446e-03 9.999502e-01 4.244881e+00
9.999925e-01 -3.697357e-03 1.146730e-03 -2.580024e+00 3.689583e-03 9.999707e-01 6.708314e-03 2.156421e-01 -1.171517e-03 -6.704037e-03 9.999767e-01 4.293040e+00
9.999715e-01 4.970820e-03 -5.686920e-03 -2.626404e+00 -5.009676e-03 9.999641e-01 -6.838806e-03 2.229680e-01 5.652739e-03 6.867104e-03 9.999605e-01 4.333599e+00
9.999932e-01 -3.562088e-03 9.716571e-04 -2.665404e+00 3.555280e-03 9.999697e-01 6.920274e-03 2.329384e-01 -9.962968e-04 -6.916776e-03 9.999755e-01 4.373147e+00
9.999639e-01 5.170518e-03 -6.736236e-03 -2.713052e+00 -5.218742e-03 9.999607e-01 -7.161142e-03 2.438105e-01 6.698964e-03 7.196043e-03 9.999518e-01 4.420905e+00
9.999936e-01 -3.480569e-03 8.556439e-04 -2.785194e+00 3.475984e-03 9.999799e-01 5.302578e-03 2.557557e-01 -8.741022e-04 -5.299574e-03 9.999855e-01 4.474047e+00
9.999532e-01 6.517254e-03 -7.148197e-03 -2.858606e+00 -6.561734e-03 9.999591e-01 -6.216906e-03 2.681463e-01 7.107408e-03 6.263524e-03 9.999552e-01 4.528824e+00
9.999947e-01 -3.034078e-03 1.217358e-03 -2.941080e+00 3.027488e-03 9.999810e-01 5.378590e-03 2.786709e-01 -1.233675e-03 -5.374880e-03 9.999847e-01 4.596124e+00
9.999527e-01 6.828789e-03 -6.925393e-03 -3.031159e+00 -6.870044e-03 9.999587e-01 -5.951053e-03 2.890083e-01 6.884489e-03 5.998354e-03 9.999584e-01 4.666731e+00
9.999850e-01 -4.596443e-03 2.979131e-03 -3.088231e+00 4.579134e-03 9.999727e-01 5.790779e-03 2.959400e-01 -3.005689e-03 -5.777055e-03 9.999787e-01 4.716123e+00
9.999512e-01 5.237485e-03 -8.378213e-03 -3.125775e+00 -5.285583e-03 9.999696e-01 -5.729056e-03 3.047630e-01 8.347975e-03 5.773065e-03 9.999486e-01 4.747954e+00
9.999637e-01 -6.018102e-03 6.031297e-03 -3.152015e+00 5.979092e-03 9.999612e-01 6.465136e-03 3.071468e-01 -6.069993e-03 -6.428843e-03 9.999608e-01 4.783310e+00
9.999631e-01 3.349515e-03 -7.911060e-03 -3.158753e+00 -3.386352e-03 9.999835e-01 -4.647582e-03 3.093340e-01 7.895385e-03 4.674205e-03 9.999580e-01 4.819330e+00
9.999666e-01 -6.040440e-03 5.501229e-03 -3.162329e+00 6.007335e-03 9.999639e-01 6.014391e-03 3.123312e-01 -5.537382e-03 -5.981147e-03 9.999667e-01 4.846183e+00
9.999614e-01 3.882943e-03 -7.878204e-03 -3.172542e+00 -3.918444e-03 9.999822e-01 -4.495920e-03 3.150575e-01 7.860630e-03 4.526621e-03 9.999590e-01 4.883830e+00
9.999657e-01 -6.249236e-03 5.433253e-03 -3.181205e+00 6.216513e-03 9.999626e-01 6.018748e-03 3.178534e-01 -5.470686e-03 -5.984769e-03 9.999670e-01 4.918517e+00
9.999601e-01 4.137346e-03 -7.912978e-03 -3.189593e+00 -4.173665e-03 9.999808e-01 -4.578935e-03 3.208343e-01 7.893905e-03 4.611783e-03 9.999583e-01 4.955366e+00
9.999680e-01 -5.886674e-03 5.414404e-03 -3.198366e+00 5.856132e-03 9.999670e-01 5.639489e-03 3.234859e-01 -5.447447e-03 -5.607604e-03 9.999693e-01 4.996655e+00
9.999670e-01 3.171373e-03 -7.476482e-03 -3.203018e+00 -3.204129e-03 9.999853e-01 -4.373305e-03 3.258470e-01 7.462526e-03 4.397120e-03 9.999626e-01 5.034916e+00
9.999868e-01 -3.050098e-03 4.135174e-03 -3.212807e+00 3.030590e-03 9.999843e-01 4.715759e-03 3.276251e-01 -4.149517e-03 -4.703168e-03 9.999802e-01 5.091951e+00
9.999844e-01 1.409206e-03 -5.411028e-03 -3.229346e+00 -1.431307e-03 9.999906e-01 -4.082848e-03 3.270365e-01 5.405248e-03 4.090532e-03 9.999771e-01 5.160849e+00
9.999748e-01 -6.138826e-03 3.577365e-03 -3.222398e+00 6.117383e-03 9.999634e-01 5.974234e-03 3.297139e-01 -3.613933e-03 -5.952201e-03 9.999757e-01 5.184758e+00
9.999783e-01 3.346738e-03 -5.677644e-03 -3.220599e+00 -3.370402e-03 9.999857e-01 -4.163612e-03 3.311524e-01 5.663652e-03 4.182661e-03 9.999753e-01 5.215825e+00
9.999796e-01 -5.224370e-03 3.678937e-03 -3.221412e+00 5.205116e-03 9.999728e-01 5.223688e-03 3.332973e-01 -3.706153e-03 -5.204434e-03 9.999795e-01 5.260146e+00
9.999803e-01 2.964829e-03 -5.529091e-03 -3.221080e+00 -2.987098e-03 9.999874e-01 -4.023586e-03 3.354484e-01 5.517118e-03 4.040025e-03 9.999767e-01 5.298941e+00
9.999762e-01 -5.972547e-03 3.458220e-03 -3.217705e+00 5.954698e-03 9.999690e-01 5.148722e-03 3.370564e-01 -3.488889e-03 -5.128009e-03 9.999807e-01 5.332070e+00
9.999810e-01 3.211028e-03 -5.261359e-03 -3.215048e+00 -3.231612e-03 9.999871e-01 -3.908602e-03 3.388382e-01 5.248766e-03 3.925532e-03 9.999786e-01 5.365710e+00
9.999816e-01 -5.289716e-03 2.975967e-03 -3.216494e+00 5.274954e-03 9.999739e-01 4.946298e-03 3.405762e-01 -3.002079e-03 -4.930511e-03 9.999832e-01 5.402818e+00
9.999803e-01 3.062501e-03 -5.476926e-03 -3.220824e+00 -3.080380e-03 9.999899e-01 -3.258957e-03 3.430638e-01 5.466916e-03 3.275766e-03 9.999798e-01 5.435987e+00
9.999815e-01 -5.177391e-03 3.180536e-03 -3.226765e+00 5.161506e-03 9.999743e-01 4.982393e-03 3.454081e-01 -3.206277e-03 -4.965886e-03 9.999824e-01 5.469003e+00
9.999858e-01 1.652442e-03 -5.065341e-03 -3.224806e+00 -1.666902e-03 9.999945e-01 -2.851737e-03 3.479130e-01 5.060627e-03 2.860141e-03 9.999832e-01 5.495439e+00
9.999801e-01 -5.553926e-03 2.994736e-03 -3.220359e+00 5.538484e-03 9.999715e-01 5.140101e-03 3.504252e-01 -3.023225e-03 -5.123413e-03 9.999822e-01 5.516828e+00
9.999836e-01 2.197530e-03 -5.293284e-03 -3.217951e+00 -2.213026e-03 9.999933e-01 -2.923519e-03 3.529580e-01 5.286850e-03 2.935186e-03 9.999818e-01 5.540590e+00
9.999873e-01 -4.350642e-03 2.533379e-03 -3.223322e+00 4.338772e-03 9.999797e-01 4.672099e-03 3.553819e-01 -2.553682e-03 -4.661049e-03 9.999858e-01 5.573554e+00
9.999827e-01 3.116167e-03 -4.992998e-03 -3.238041e+00 -3.132796e-03 9.999896e-01 -3.326070e-03 3.573535e-01 4.982609e-03 3.341655e-03 9.999821e-01 5.618812e+00
9.999855e-01 -4.785745e-03 2.461665e-03 -3.250376e+00 4.774178e-03 9.999776e-01 4.683360e-03 3.601365e-01 -2.484051e-03 -4.671540e-03 9.999859e-01 5.663934e+00
9.999839e-01 2.747419e-03 -4.974648e-03 -3.258786e+00 -2.762857e-03 9.999914e-01 -3.099139e-03 3.622632e-01 4.966118e-03 3.112833e-03 9.999829e-01 5.702743e+00
9.999514e-01 -9.729039e-03 1.570473e-03 -3.334076e+00 9.747965e-03 9.998740e-01 -1.253073e-02 3.579721e-01 -1.448391e-03 1.254543e-02 9.999202e-01 5.801651e+00
9.999438e-01 9.251704e-03 -5.170093e-03 -3.383753e+00 -9.189018e-03 9.998855e-01 1.201971e-02 3.650615e-01 5.280733e-03 -1.197153e-02 9.999145e-01 5.902439e+00
9.999179e-01 -1.231366e-02 3.531829e-03 -3.383745e+00 1.234975e-02 9.998698e-01 -1.038587e-02 3.668877e-01 -3.403509e-03 1.042863e-02 9.999397e-01 5.934843e+00
9.999419e-01 9.544857e-03 -5.011142e-03 -3.383934e+00 -9.485804e-03 9.998868e-01 1.167866e-02 3.684249e-01 5.122075e-03 -1.163044e-02 9.999193e-01 5.973503e+00
9.999224e-01 -1.205872e-02 3.139578e-03 -3.386536e+00 1.209192e-02 9.998688e-01 -1.077995e-02 3.695002e-01 -3.009203e-03 1.081708e-02 9.999369e-01 6.018163e+00
9.999457e-01 9.352932e-03 -4.598572e-03 -3.387006e+00 -9.297774e-03 9.998863e-01 1.187312e-02 3.704141e-01 4.709127e-03 -1.182972e-02 9.999190e-01 6.061448e+00
9.999244e-01 -1.193625e-02 2.958676e-03 -3.388557e+00 1.196814e-02 9.998678e-01 -1.100331e-02 3.716818e-01 -2.826977e-03 1.103788e-02 9.999350e-01 6.105169e+00
9.999366e-01 1.020127e-02 -4.774496e-03 -3.394395e+00 -1.014494e-02 9.998804e-01 1.167693e-02 3.730442e-01 4.893074e-03 -1.162775e-02 9.999205e-01 6.153195e+00
9.999237e-01 -1.200317e-02 2.911125e-03 -3.400872e+00 1.203441e-02 9.998675e-01 -1.096449e-02 3.747476e-01 -2.779160e-03 1.099868e-02 9.999356e-01 6.202550e+00
9.999400e-01 9.904658e-03 -4.689525e-03 -3.408563e+00 -9.850809e-03 9.998868e-01 1.136991e-02 3.757601e-01 4.801639e-03 -1.132303e-02 9.999245e-01 6.255089e+00
9.999159e-01 -1.261837e-02 2.996113e-03 -3.411320e+00 1.264964e-02 9.998632e-01 -1.066121e-02 3.770563e-01 -2.861206e-03 1.069822e-02 9.999386e-01 6.303209e+00
9.999408e-01 9.912957e-03 -4.484759e-03 -3.412739e+00 -9.862559e-03 9.998895e-01 1.112351e-02 3.774219e-01 4.594561e-03 -1.107862e-02 9.999282e-01 6.351221e+00
9.999083e-01 -1.324516e-02 2.835139e-03 -3.416511e+00 1.327356e-02 9.998594e-01 -1.024455e-02 3.796798e-01 -2.699080e-03 1.028124e-02 9.999434e-01 6.394753e+00
9.999387e-01 1.007886e-02 -4.580879e-03 -3.420295e+00 -1.002594e-02 9.998844e-01 1.143146e-02 3.820205e-01 4.695596e-03 -1.138483e-02 9.999243e-01 6.435605e+00
9.999171e-01 -1.260516e-02 2.633822e-03 -3.429221e+00 1.263205e-02 9.998656e-01 -1.045315e-02 3.847606e-01 -2.501735e-03 1.048556e-02 9.999418e-01 6.480585e+00
9.999384e-01 1.011220e-02 -4.585028e-03 -3.439576e+00 -1.006064e-02 9.998874e-01 1.113318e-02 3.871506e-01 4.697124e-03 -1.108636e-02 9.999276e-01 6.528732e+00
9.999251e-01 -1.201065e-02 2.350207e-03 -3.454131e+00 1.203521e-02 9.998700e-01 -1.073083e-02 3.896021e-01 -2.221049e-03 1.075831e-02 9.999396e-01 6.582815e+00
9.999352e-01 1.037557e-02 -4.692128e-03 -3.471441e+00 -1.032310e-02 9.998854e-01 1.107166e-02 3.921470e-01 4.806496e-03 -1.102251e-02 9.999278e-01 6.640233e+00
9.999284e-01 -1.176323e-02 2.172824e-03 -3.490078e+00 1.178595e-02 9.998727e-01 -1.075691e-02 3.947893e-01 -2.046043e-03 1.078175e-02 9.999397e-01 6.698357e+00
9.999388e-01 1.011500e-02 -4.491538e-03 -3.506941e+00 -1.006461e-02 9.998877e-01 1.110508e-02 3.969911e-01 4.603393e-03 -1.105919e-02 9.999283e-01 6.757187e+00
9.999337e-01 -1.134051e-02 1.999215e-03 -3.524577e+00 1.136176e-02 9.998754e-01 -1.095478e-02 3.987136e-01 -1.874766e-03 1.097677e-02 9.999379e-01 6.818524e+00
9.999501e-01 9.063426e-03 -4.200737e-03 -3.536572e+00 -9.013849e-03 9.998912e-01 1.167440e-02 4.015755e-01 4.306123e-03 -1.163596e-02 9.999231e-01 6.870569e+00
9.999315e-01 -1.152974e-02 2.017348e-03 -3.543074e+00 1.155013e-02 9.998792e-01 -1.040390e-02 4.045679e-01 -1.897183e-03 1.042649e-02 9.999437e-01 6.909686e+00
9.999466e-01 9.513716e-03 -4.036345e-03 -3.550338e+00 -9.467503e-03 9.998911e-01 1.131772e-02 4.066769e-01 4.143612e-03 -1.127890e-02 9.999279e-01 6.951784e+00
9.999184e-01 -1.257626e-02 2.251764e-03 -3.554957e+00 1.259860e-02 9.998686e-01 -1.019703e-02 4.095333e-01 -2.123261e-03 1.022456e-02 9.999454e-01 6.990735e+00
9.999487e-01 9.330871e-03 -3.938474e-03 -3.557574e+00 -9.285577e-03 9.998923e-01 1.136604e-02 4.121992e-01 4.044138e-03 -1.132888e-02 9.999277e-01 7.028425e+00
9.999194e-01 -1.251741e-02 2.121597e-03 -3.560300e+00 1.253869e-02 9.998680e-01 -1.033079e-02 4.144610e-01 -1.992035e-03 1.035656e-02 9.999443e-01 7.066242e+00
9.999498e-01 9.255946e-03 -3.844519e-03 -3.564834e+00 -9.211902e-03 9.998935e-01 1.132007e-02 4.171919e-01 3.948921e-03 -1.128409e-02 9.999286e-01 7.107240e+00
9.999230e-01 -1.225961e-02 1.902436e-03 -3.569947e+00 1.227858e-02 9.998715e-01 -1.030291e-02 4.199976e-01 -1.775916e-03 1.032548e-02 9.999450e-01 7.147926e+00
9.999471e-01 9.490191e-03 -3.958586e-03 -3.577059e+00 -9.444426e-03 9.998901e-01 1.142392e-02 4.224939e-01 4.066601e-03 -1.138593e-02 9.999270e-01 7.189250e+00
9.999444e-01 -1.039932e-02 1.724176e-03 -3.589600e+00 1.041765e-02 9.998854e-01 -1.098445e-02 4.231619e-01 -1.609782e-03 1.100180e-02 9.999381e-01 7.241986e+00
9.999416e-01 9.988877e-03 -4.122955e-03 -3.613841e+00 -9.943186e-03 9.998905e-01 1.095764e-02 4.255815e-01 4.231993e-03 -1.091601e-02 9.999316e-01 7.309157e+00
9.999363e-01 -1.111813e-02 1.966406e-03 -3.633909e+00 1.113867e-02 9.998801e-01 -1.075927e-02 4.266874e-01 -1.846581e-03 1.078049e-02 9.999401e-01 7.373329e+00
9.999382e-01 1.020990e-02 -4.409197e-03 -3.653134e+00 -1.016240e-02 9.998915e-01 1.066473e-02 4.275077e-01 4.517639e-03 -1.061926e-02 9.999335e-01 7.440819e+00
9.999379e-01 -1.097478e-02 1.917555e-03 -3.675494e+00 1.099503e-02 9.998803e-01 -1.088744e-02 4.289995e-01 -1.797873e-03 1.090785e-02 9.999388e-01 7.510401e+00
9.999364e-01 1.028328e-02 -4.629567e-03 -3.700097e+00 -1.023333e-02 9.998905e-01 1.068635e-02 4.303227e-01 4.738986e-03 -1.063830e-02 9.999323e-01 7.582943e+00
9.999534e-01 -9.340858e-03 2.455964e-03 -3.732440e+00 9.370451e-03 9.998801e-01 -1.232746e-02 4.330970e-01 -2.340556e-03 1.234990e-02 9.999209e-01 7.658544e+00
9.999483e-01 8.719589e-03 -5.238532e-03 -3.760455e+00 -8.653903e-03 9.998853e-01 1.243336e-02 4.356155e-01 5.346381e-03 -1.238738e-02 9.999091e-01 7.726650e+00
9.999503e-01 -9.694090e-03 2.344191e-03 -3.787291e+00 9.722720e-03 9.998743e-01 -1.252682e-02 4.381447e-01 -2.222496e-03 1.254899e-02 9.999187e-01 7.793958e+00
9.999481e-01 8.802194e-03 -5.131900e-03 -3.815459e+00 -8.738018e-03 9.998850e-01 1.239646e-02 4.404283e-01 5.240462e-03 -1.235097e-02 9.999101e-01 7.863291e+00
9.999545e-01 -9.309282e-03 2.077952e-03 -3.847395e+00 9.334782e-03 9.998768e-01 -1.261879e-02 4.431823e-01 -1.960261e-03 1.263762e-02 9.999181e-01 7.936250e+00
9.999494e-01 8.709914e-03 -5.033823e-03 -3.880423e+00 -8.646615e-03 9.998850e-01 1.246262e-02 4.458542e-01 5.141830e-03 -1.241847e-02 9.999098e-01 8.010167e+00
9.999628e-01 -8.313478e-03 2.306186e-03 -3.916396e+00 8.343703e-03 9.998751e-01 -1.342116e-02 4.487388e-01 -2.194359e-03 1.343991e-02 9.999072e-01 8.087885e+00
9.999543e-01 7.998132e-03 -5.246585e-03 -3.950117e+00 -7.929284e-03 9.998839e-01 1.301459e-02 4.516006e-01 5.350106e-03 -1.297240e-02 9.999016e-01 8.161690e+00
9.999639e-01 -8.225766e-03 2.120997e-03 -3.986484e+00 8.253298e-03 9.998773e-01 -1.331608e-02 4.543853e-01 -2.011239e-03 1.333310e-02 9.999090e-01 8.237794e+00
9.999547e-01 7.899182e-03 -5.303231e-03 -4.022425e+00 -7.829464e-03 9.998843e-01 1.304085e-02 4.572581e-01 5.405668e-03 -1.299874e-02 9.999010e-01 8.313822e+00
9.999654e-01 -8.074066e-03 1.993240e-03 -4.060514e+00 8.100286e-03 9.998758e-01 -1.351647e-02 4.601515e-01 -1.883898e-03 1.353215e-02 9.999066e-01 8.391717e+00
9.999547e-01 8.016280e-03 -5.138403e-03 -4.100521e+00 -7.947336e-03 9.998800e-01 1.330027e-02 4.632888e-01 5.244444e-03 -1.325883e-02 9.998984e-01 8.472042e+00
9.999785e-01 -5.898038e-03 2.862928e-03 -4.143372e+00 5.941387e-03 9.998641e-01 -1.537653e-02 4.663738e-01 -2.771886e-03 1.539321e-02 9.998776e-01 8.557034e+00
9.999518e-01 8.269342e-03 -5.295761e-03 -4.186504e+00 -8.200776e-03 9.998839e-01 1.284062e-02 4.694381e-01 5.401369e-03 -1.279657e-02 9.999036e-01 8.644302e+00
9.999735e-01 -6.860723e-03 2.443395e-03 -4.231557e+00 6.895015e-03 9.998738e-01 -1.431413e-02 4.727076e-01 -2.344921e-03 1.433059e-02 9.998945e-01 8.732603e+00
9.999701e-01 5.146119e-03 -5.778513e-03 -4.257296e+00 -5.058160e-03 9.998727e-01 1.513453e-02 4.763395e-01 5.855701e-03 -1.510485e-02 9.998689e-01 8.792669e+00
9.999780e-01 -6.216095e-03 2.327503e-03 -4.270707e+00 6.247084e-03 9.998887e-01 -1.355217e-02 4.791011e-01 -2.243043e-03 1.356642e-02 9.999054e-01 8.826343e+00
9.999715e-01 5.033112e-03 -5.620437e-03 -4.282292e+00 -4.946871e-03 9.998714e-01 1.525405e-02 4.817775e-01 5.696530e-03 -1.522581e-02 9.998679e-01 8.860791e+00
9.999760e-01 -6.451464e-03 2.534522e-03 -4.292958e+00 6.484675e-03 9.998902e-01 -1.332120e-02 4.849486e-01 -2.448344e-03 1.333732e-02 9.999080e-01 8.894436e+00
9.999768e-01 4.318959e-03 -5.273508e-03 -4.300089e+00 -4.238650e-03 9.998763e-01 1.514600e-02 4.875408e-01 5.338312e-03 -1.512330e-02 9.998715e-01 8.928447e+00
9.999786e-01 -6.065196e-03 2.431584e-03 -4.308563e+00 6.097066e-03 9.998927e-01 -1.332027e-02 4.900477e-01 -2.350575e-03 1.333481e-02 9.999082e-01 8.963451e+00
9.999748e-01 4.570989e-03 -5.433936e-03 -4.319678e+00 -4.488937e-03 9.998772e-01 1.501755e-02 4.925538e-01 5.501955e-03 -1.499278e-02 9.998726e-01 9.000858e+00
9.999768e-01 -6.362789e-03 2.444509e-03 -4.327376e+00 6.394853e-03 9.998906e-01 -1.334062e-02 4.952842e-01 -2.359400e-03 1.335594e-02 9.999079e-01 9.032813e+00
9.999756e-01 4.255212e-03 -5.547563e-03 -4.330931e+00 -4.171795e-03 9.998794e-01 1.496264e-02 4.977145e-01 5.610605e-03 -1.493913e-02 9.998728e-01 9.059353e+00
9.999831e-01 -5.424013e-03 2.109790e-03 -4.339278e+00 5.451602e-03 9.998967e-01 -1.329803e-02 5.003026e-01 -2.037486e-03 1.330930e-02 9.999093e-01 9.088360e+00
9.999775e-01 4.187717e-03 -5.249147e-03 -4.348764e+00 -4.107946e-03 9.998773e-01 1.511675e-02 5.029120e-01 5.311850e-03 -1.509485e-02 9.998721e-01 9.119696e+00
9.999858e-01 -5.117757e-03 1.472612e-03 -4.360043e+00 5.136917e-03 9.998982e-01 -1.331458e-02 5.057499e-01 -1.404364e-03 1.332196e-02 9.999102e-01 9.149775e+00
9.999729e-01 5.380468e-03 -5.020038e-03 -4.380322e+00 -5.309108e-03 9.998862e-01 1.412193e-02 5.076638e-01 5.095493e-03 -1.409490e-02 9.998878e-01 9.195236e+00
9.999801e-01 -6.019129e-03 1.864879e-03 -4.392068e+00 6.042696e-03 9.998985e-01 -1.289962e-02 5.103256e-01 -1.787089e-03 1.291064e-02 9.999150e-01 9.238112e+00
9.999727e-01 5.293217e-03 -5.164590e-03 -4.403139e+00 -5.217647e-03 9.998807e-01 1.453791e-02 5.125770e-01 5.240970e-03 -1.451057e-02 9.998811e-01 9.272445e+00
9.999765e-01 -6.488712e-03 2.226347e-03 -4.411657e+00 6.516280e-03 9.998993e-01 -1.260675e-02 5.148718e-01 -2.144366e-03 1.262096e-02 9.999180e-01 9.304635e+00
9.999719e-01 5.265463e-03 -5.333672e-03 -4.422524e+00 -5.189463e-03 9.998862e-01 1.416421e-02 5.173422e-01 5.407691e-03 -1.413614e-02 9.998856e-01 9.342413e+00
9.999775e-01 -6.289695e-03 2.349275e-03 -4.434919e+00 6.318935e-03 9.999000e-01 -1.265319e-02 5.197655e-01 -2.269500e-03 1.266776e-02 9.999171e-01 9.383464e+00
9.999751e-01 4.915632e-03 -5.071385e-03 -4.444786e+00 -4.842095e-03 9.998844e-01 1.441234e-02 5.223180e-01 5.141690e-03 -1.438743e-02 9.998834e-01 9.421066e+00
9.999753e-01 -6.561945e-03 2.524355e-03 -4.452468e+00 6.593401e-03 9.998981e-01 -1.266080e-02 5.243815e-01 -2.441064e-03 1.267714e-02 9.999166e-01 9.456281e+00
9.999741e-01 5.119122e-03 -5.061380e-03 -4.461325e+00 -5.046801e-03 9.998864e-01 1.419987e-02 5.266207e-01 5.133542e-03 -1.417396e-02 9.998865e-01 9.494484e+00
9.999752e-01 -6.608540e-03 2.441339e-03 -4.472159e+00 6.638995e-03 9.998975e-01 -1.268391e-02 5.286390e-01 -2.357312e-03 1.269980e-02 9.999165e-01 9.533724e+00
9.999758e-01 4.888227e-03 -4.961378e-03 -4.477712e+00 -4.816930e-03 9.998864e-01 1.428223e-02 5.306425e-01 5.030675e-03 -1.425799e-02 9.998858e-01 9.568287e+00
9.999777e-01 -6.240670e-03 2.395773e-03 -4.487564e+00 6.271489e-03 9.998948e-01 -1.307875e-02 5.324208e-01 -2.313947e-03 1.309349e-02 9.999115e-01 9.607354e+00
9.999811e-01 4.221214e-03 -4.477355e-03 -4.493028e+00 -4.156283e-03 9.998875e-01 1.441371e-02 5.341281e-01 4.537741e-03 -1.439484e-02 9.998862e-01 9.644379e+00
9.999796e-01 -6.078631e-03 1.943761e-03 -4.501879e+00 6.103402e-03 9.998968e-01 -1.300165e-02 5.366119e-01 -1.864574e-03 1.301326e-02 9.999135e-01 9.681183e+00
9.999802e-01 4.383762e-03 -4.511706e-03 -4.510779e+00 -4.318629e-03 9.998878e-01 1.434640e-02 5.385562e-01 4.574137e-03 -1.432663e-02 9.998870e-01 9.721189e+00
9.999836e-01 -5.448190e-03 1.770431e-03 -4.524444e+00 5.470953e-03 9.998990e-01 -1.311665e-02 5.399442e-01 -1.698838e-03 1.312613e-02 9.999123e-01 9.768154e+00
9.999798e-01 4.590690e-03 -4.400601e-03 -4.541850e+00 -4.527897e-03 9.998893e-01 1.417482e-02 5.417165e-01 4.465233e-03 -1.415462e-02 9.998899e-01 9.817870e+00
9.999795e-01 -6.220444e-03 1.543384e-03 -4.549894e+00 6.239289e-03 9.999021e-01 -1.252054e-02 5.435634e-01 -1.465397e-03 1.252992e-02 9.999203e-01 9.858560e+00
9.999776e-01 5.085780e-03 -4.360846e-03 -4.555539e+00 -5.022603e-03 9.998840e-01 1.437809e-02 5.452698e-01 4.433511e-03 -1.435587e-02 9.998872e-01 9.891168e+00
9.999761e-01 -6.655320e-03 1.885974e-03 -4.562885e+00 6.678956e-03 9.998956e-01 -1.281505e-02 5.471394e-01 -1.800537e-03 1.282735e-02 9.999160e-01 9.927616e+00
9.999824e-01 4.229452e-03 -4.171383e-03 -4.565549e+00 -4.168990e-03 9.998876e-01 1.439858e-02 5.489237e-01 4.231860e-03 -1.438094e-02 9.998877e-01 9.965119e+00
9.999818e-01 -5.815188e-03 1.574601e-03 -4.568482e+00 5.834551e-03 9.999038e-01 -1.258397e-02 5.505395e-01 -1.501319e-03 1.259293e-02 9.999195e-01 9.996846e+00
9.999833e-01 3.967131e-03 -4.195888e-03 -4.569386e+00 -3.906183e-03 9.998882e-01 1.443569e-02 5.520822e-01 4.252735e-03 -1.441907e-02 9.998871e-01 1.002581e+01
9.999869e-01 -4.890935e-03 1.473426e-03 -4.579125e+00 4.909939e-03 9.999011e-01 -1.318154e-02 5.533437e-01 -1.408859e-03 1.318861e-02 9.999119e-01 1.006503e+01
9.999875e-01 3.518715e-03 -3.562345e-03 -4.591203e+00 -3.467783e-03 9.998931e-01 1.420433e-02 5.546342e-01 3.611994e-03 -1.419180e-02 9.998929e-01 1.011303e+01
9.999880e-01 -4.757612e-03 1.201930e-03 -4.603816e+00 4.773312e-03 9.998986e-01 -1.341440e-02 5.562460e-01 -1.138037e-03 1.341999e-02 9.999092e-01 1.016359e+01
9.999852e-01 3.959956e-03 -3.729369e-03 -4.622025e+00 -3.906774e-03 9.998921e-01 1.416167e-02 5.580935e-01 3.785096e-03 -1.414690e-02 9.998929e-01 1.022056e+01
9.999845e-01 -5.431363e-03 1.218963e-03 -4.634824e+00 5.446512e-03 9.999034e-01 -1.278725e-02 5.600191e-01 -1.149442e-03 1.279370e-02 9.999174e-01 1.026908e+01
9.999833e-01 4.333635e-03 -3.834849e-03 -4.641748e+00 -4.277779e-03 9.998864e-01 1.445591e-02 5.616080e-01 3.897110e-03 -1.443927e-02 9.998882e-01 1.030498e+01
9.999853e-01 -5.357029e-03 8.180768e-04 -4.650002e+00 5.366902e-03 9.999064e-01 -1.258140e-02 5.638201e-01 -7.506515e-04 1.258561e-02 9.999204e-01 1.034254e+01
9.999821e-01 4.619132e-03 -3.808269e-03 -4.661383e+00 -4.563814e-03 9.998858e-01 1.440932e-02 5.654686e-01 3.874443e-03 -1.439169e-02 9.998890e-01 1.038171e+01
9.999844e-01 -5.541943e-03 7.247173e-04 -4.669818e+00 5.550571e-03 9.999065e-01 -1.249640e-02 5.673864e-01 -6.554458e-04 1.250024e-02 9.999216e-01 1.041829e+01
9.999801e-01 4.919141e-03 -3.957119e-03 -4.682445e+00 -4.861840e-03 9.998850e-01 1.436246e-02 5.695816e-01 4.027366e-03 -1.434294e-02 9.998891e-01 1.045682e+01
9.999834e-01 -5.690298e-03 8.818307e-04 -4.694694e+00 5.700919e-03 9.999050e-01 -1.254769e-02 5.718966e-01 -8.103980e-04 1.255252e-02 9.999208e-01 1.049572e+01
9.999814e-01 4.728412e-03 -3.862943e-03 -4.706452e+00 -4.672857e-03 9.998873e-01 1.426682e-02 5.743021e-01 3.930018e-03 -1.424851e-02 9.998909e-01 1.053495e+01
9.999864e-01 -5.170465e-03 5.977450e-04 -4.723059e+00 5.177696e-03 9.999047e-01 -1.279954e-02 5.768815e-01 -5.315602e-04 1.280247e-02 9.999178e-01 1.057785e+01
9.999833e-01 4.561279e-03 -3.561351e-03 -4.736629e+00 -4.509001e-03 9.998839e-01 1.455241e-02 5.788915e-01 3.627368e-03 -1.453611e-02 9.998879e-01 1.062024e+01
9.999867e-01 -5.153890e-03 3.158516e-04 -4.748136e+00 5.157557e-03 9.999025e-01 -1.297376e-02 5.810159e-01 -2.490078e-04 1.297522e-02 9.999157e-01 1.065930e+01
9.999840e-01 4.505987e-03 -3.408146e-03 -4.760376e+00 -4.455345e-03 9.998817e-01 1.472420e-02 5.826756e-01 3.474143e-03 -1.470879e-02 9.998859e-01 1.069888e+01
9.999858e-01 -5.327833e-03 2.169865e-04 -4.768846e+00 5.330215e-03 9.999006e-01 -1.305351e-02 5.846389e-01 -1.474708e-04 1.305449e-02 9.999147e-01 1.073509e+01
9.999844e-01 4.673387e-03 -3.056182e-03 -4.784260e+00 -4.628728e-03 9.998847e-01 1.446082e-02 5.865715e-01 3.123464e-03 -1.444646e-02 9.998909e-01 1.077943e+01
9.999809e-01 -6.167412e-03 3.501614e-04 -4.798955e+00 6.171528e-03 9.998925e-01 -1.330266e-02 5.890909e-01 -2.681340e-04 1.330457e-02 9.999114e-01 1.082591e+01
9.999854e-01 4.539636e-03 -2.949204e-03 -4.811963e+00 -4.496345e-03 9.998844e-01 1.452416e-02 5.913100e-01 3.014851e-03 -1.451069e-02 9.998903e-01 1.087034e+01
9.999814e-01 -6.087959e-03 4.130729e-04 -4.822618e+00 6.092860e-03 9.998953e-01 -1.312360e-02 5.933361e-01 -3.331874e-04 1.312588e-02 9.999137e-01 1.091249e+01
9.999824e-01 4.924983e-03 -3.300333e-03 -4.836884e+00 -4.877272e-03 9.998857e-01 1.431264e-02 5.955052e-01 3.370499e-03 -1.429631e-02 9.998922e-01 1.095755e+01
9.999786e-01 -6.520426e-03 5.697125e-04 -4.847075e+00 6.527242e-03 9.998953e-01 -1.291070e-02 5.976493e-01 -4.855237e-04 1.291415e-02 9.999164e-01 1.099739e+01
9.999821e-01 5.092531e-03 -3.145976e-03 -4.857327e+00 -5.047414e-03 9.998866e-01 1.418706e-02 5.997698e-01 3.217922e-03 -1.417094e-02 9.998945e-01 1.103872e+01
9.999758e-01 -6.915000e-03 8.038943e-04 -4.865947e+00 6.924693e-03 9.998947e-01 -1.275029e-02 6.023259e-01 -7.156959e-04 1.275556e-02 9.999183e-01 1.107873e+01
9.999875e-01 4.100431e-03 -2.866900e-03 -4.869035e+00 -4.058703e-03 9.998879e-01 1.441360e-02 6.046586e-01 2.925736e-03 -1.440180e-02 9.998921e-01 1.111255e+01
9.999836e-01 -5.728931e-03 -2.982515e-05 -4.876066e+00 5.728057e-03 9.998984e-01 -1.305265e-02 6.067503e-01 1.045449e-04 1.305228e-02 9.999147e-01 1.114914e+01
9.999878e-01 4.224441e-03 -2.556855e-03 -4.882923e+00 -4.186481e-03 9.998836e-01 1.467513e-02 6.085827e-01 2.618607e-03 -1.466426e-02 9.998891e-01 1.118466e+01
9.999850e-01 -5.467865e-03 -2.863319e-04 -4.891673e+00 5.463590e-03 9.998971e-01 -1.326517e-02 6.104890e-01 3.587793e-04 1.326342e-02 9.999119e-01 1.122127e+01
9.999841e-01 4.870737e-03 -2.839313e-03 -4.905660e+00 -4.829055e-03 9.998831e-01 1.450813e-02 6.124573e-01 2.909702e-03 -1.449420e-02 9.998908e-01 1.126273e+01
9.999863e-01 -5.212043e-03 -5.133778e-04 -4.922035e+00 5.204605e-03 9.998945e-01 -1.356347e-02 6.149727e-01 5.839611e-04 1.356063e-02 9.999078e-01 1.130922e+01
9.999890e-01 4.282305e-03 -1.913358e-03 -4.936042e+00 -4.253374e-03 9.998803e-01 1.487875e-02 6.170598e-01 1.976901e-03 -1.487046e-02 9.998876e-01 1.135288e+01
9.999779e-01 -6.635675e-03 -3.771395e-04 -4.940419e+00 6.630047e-03 9.998887e-01 -1.336279e-02 6.192962e-01 4.657123e-04 1.336000e-02 9.999106e-01 1.138906e+01
9.999878e-01 4.624933e-03 -1.747496e-03 -4.943005e+00 -4.598056e-03 9.998756e-01 1.508512e-02 6.208174e-01 1.817102e-03 -1.507692e-02 9.998848e-01 1.142029e+01
9.999800e-01 -6.269183e-03 -7.728512e-04 -4.948316e+00 6.258366e-03 9.998921e-01 -1.328831e-02 6.230857e-01 8.560181e-04 1.328322e-02 9.999113e-01 1.145249e+01
9.999857e-01 4.945324e-03 -2.033754e-03 -4.954688e+00 -4.913971e-03 9.998732e-01 1.514470e-02 6.250765e-01 2.108449e-03 -1.513450e-02 9.998833e-01 1.148588e+01
9.999879e-01 -4.834810e-03 -8.804426e-04 -4.969570e+00 4.821592e-03 9.998840e-01 -1.444619e-02 6.257293e-01 9.501280e-04 1.444179e-02 9.998952e-01 1.153309e+01
9.999926e-01 3.452035e-03 -1.725313e-03 -4.975954e+00 -3.424846e-03 9.998736e-01 1.552298e-02 6.285782e-01 1.778738e-03 -1.551697e-02 9.998781e-01 1.158219e+01
9.999840e-01 -5.643420e-03 -4.354288e-04 -4.980937e+00 5.636883e-03 9.998890e-01 -1.379170e-02 6.305222e-01 5.131554e-04 1.378904e-02 9.999047e-01 1.161561e+01
9.999910e-01 3.760130e-03 -1.946007e-03 -4.989224e+00 -3.730032e-03 9.998768e-01 1.524766e-02 6.323980e-01 2.003159e-03 -1.524027e-02 9.998819e-01 1.165360e+01
9.999852e-01 -5.428183e-03 -3.784499e-04 -4.996743e+00 5.422514e-03 9.998920e-01 -1.365771e-02 6.347609e-01 4.524877e-04 1.365547e-02 9.999066e-01 1.169018e+01
9.999930e-01 3.220301e-03 -1.902863e-03 -5.002672e+00 -3.190542e-03 9.998757e-01 1.544201e-02 6.374245e-01 1.952413e-03 -1.543585e-02 9.998790e-01 1.172339e+01
9.999869e-01 -5.074494e-03 -6.537051e-04 -5.009373e+00 5.065062e-03 9.998932e-01 -1.370796e-02 6.398960e-01 7.231380e-04 1.370449e-02 9.999057e-01 1.175892e+01
9.999922e-01 3.343975e-03 -2.099263e-03 -5.016942e+00 -3.311504e-03 9.998777e-01 1.528745e-02 6.421817e-01 2.150186e-03 -1.528039e-02 9.998810e-01 1.179374e+01
9.999872e-01 -4.999559e-03 -8.094946e-04 -5.022642e+00 4.988124e-03 9.998955e-01 -1.356605e-02 6.445576e-01 8.771757e-04 1.356185e-02 9.999076e-01 1.182483e+01
9.999906e-01 3.755672e-03 -2.151707e-03 -5.033865e+00 -3.722711e-03 9.998787e-01 1.512500e-02 6.470941e-01 2.208310e-03 -1.511687e-02 9.998834e-01 1.186205e+01
9.999847e-01 -5.512530e-03 -3.746036e-04 -5.040221e+00 5.507078e-03 9.998967e-01 -1.327371e-02 6.489735e-01 4.476777e-04 1.327146e-02 9.999117e-01 1.189877e+01
9.999898e-01 3.944727e-03 -2.202071e-03 -5.048425e+00 -3.911026e-03 9.998782e-01 1.510604e-02 6.513964e-01 2.261451e-03 -1.509729e-02 9.998836e-01 1.193340e+01
9.999827e-01 -5.856446e-03 -4.285867e-04 -5.053783e+00 5.850215e-03 9.998939e-01 -1.333780e-02 6.536391e-01 5.065940e-04 1.333508e-02 9.999109e-01 1.196518e+01
9.999876e-01 4.452679e-03 -2.225198e-03 -5.060587e+00 -4.418475e-03 9.998755e-01 1.514908e-02 6.557900e-01 2.292435e-03 -1.513908e-02 9.998829e-01 1.200066e+01
9.999800e-01 -6.317831e-03 -2.243733e-04 -5.064450e+00 6.314301e-03 9.998919e-01 -1.327699e-02 6.578584e-01 3.081711e-04 1.327533e-02 9.999117e-01 1.203256e+01
9.999914e-01 3.580235e-03 -2.114343e-03 -5.061423e+00 -3.547086e-03 9.998739e-01 1.548178e-02 6.594777e-01 2.169565e-03 -1.547416e-02 9.998780e-01 1.205760e+01
9.999825e-01 -5.908312e-03 -2.021557e-05 -5.061312e+00 5.907498e-03 9.998904e-01 -1.357768e-02 6.602683e-01 1.003744e-04 1.357734e-02 9.999077e-01 1.208720e+01
9.999893e-01 4.027814e-03 -2.262427e-03 -5.064132e+00 -3.992292e-03 9.998720e-01 1.549428e-02 6.613718e-01 2.324606e-03 -1.548510e-02 9.998775e-01 1.211915e+01
9.999837e-01 -5.710954e-03 -2.403267e-04 -5.069470e+00 5.707167e-03 9.998913e-01 -1.359124e-02 6.633251e-01 3.178590e-04 1.358966e-02 9.999075e-01 1.214848e+01
9.999889e-01 4.036506e-03 -2.453452e-03 -5.074703e+00 -3.997940e-03 9.998714e-01 1.552797e-02 6.653160e-01 2.515876e-03 -1.551800e-02 9.998765e-01 1.217935e+01
9.999907e-01 -4.300433e-03 -2.287504e-04 -5.090469e+00 4.296646e-03 9.998844e-01 -1.458422e-02 6.664927e-01 2.913815e-04 1.458312e-02 9.998935e-01 1.222737e+01
9.999883e-01 3.934937e-03 -2.831771e-03 -5.121736e+00 -3.893403e-03 9.998869e-01 1.452809e-02 6.686621e-01 2.888679e-03 -1.451691e-02 9.998905e-01 1.229854e+01
9.999922e-01 -3.939358e-03 -2.445192e-04 -5.156702e+00 3.935396e-03 9.998867e-01 -1.452777e-02 6.711866e-01 3.016603e-04 1.452672e-02 9.998943e-01 1.237496e+01
9.999897e-01 3.561362e-03 -2.829805e-03 -5.190703e+00 -3.519370e-03 9.998856e-01 1.471025e-02 6.738953e-01 2.881931e-03 -1.470016e-02 9.998879e-01 1.244373e+01
9.999930e-01 -3.731896e-03 -1.747721e-04 -5.223350e+00 3.728978e-03 9.998881e-01 -1.449054e-02 6.765444e-01 2.287679e-04 1.448981e-02 9.998949e-01 1.251257e+01
9.999932e-01 2.320218e-03 -2.882251e-03 -5.243483e+00 -2.275190e-03 9.998768e-01 1.553042e-02 6.794362e-01 2.917992e-03 -1.552377e-02 9.998753e-01 1.256486e+01
9.999972e-01 -2.352126e-03 -1.918334e-06 -5.262626e+00 2.351855e-03 9.998911e-01 -1.456585e-02 6.811424e-01 3.611657e-05 1.456583e-02 9.998938e-01 1.261368e+01
9.999944e-01 1.656810e-03 -2.921317e-03 -5.287505e+00 -1.613077e-03 9.998875e-01 1.491148e-02 6.832864e-01 2.945757e-03 -1.490670e-02 9.998846e-01 1.267414e+01
9.999963e-01 -2.702711e-03 1.262696e-04 -5.309785e+00 2.704264e-03 9.998913e-01 -1.449241e-02 6.856761e-01 -8.714981e-05 1.449272e-02 9.998949e-01 1.273182e+01
9.999929e-01 2.028750e-03 -3.193557e-03 -5.337108e+00 -1.981145e-03 9.998879e-01 1.484176e-02 6.881687e-01 3.223372e-03 -1.483534e-02 9.998848e-01 1.279344e+01
9.999969e-01 -2.478342e-03 3.581898e-04 -5.365267e+00 2.483232e-03 9.998940e-01 -1.434382e-02 6.904610e-01 -3.226661e-04 1.434468e-02 9.998970e-01 1.285706e+01
9.999929e-01 1.897313e-03 -3.261644e-03 -5.389406e+00 -1.849464e-03 9.998915e-01 1.461288e-02 6.923640e-01 3.289078e-03 -1.460676e-02 9.998880e-01 1.291848e+01
9.999943e-01 -3.320357e-03 6.167401e-04 -5.406201e+00 3.328714e-03 9.998955e-01 -1.407059e-02 6.943929e-01 -5.700198e-04 1.407258e-02 9.999007e-01 1.297147e+01
9.999922e-01 2.009640e-03 -3.414230e-03 -5.423552e+00 -1.958673e-03 9.998876e-01 1.486774e-02 6.969012e-01 3.443789e-03 -1.486095e-02 9.998837e-01 1.302195e+01
9.999960e-01 -2.777928e-03 5.842174e-04 -5.444648e+00 2.786048e-03 9.998927e-01 -1.437867e-02 6.989837e-01 -5.442758e-04 1.438026e-02 9.998964e-01 1.307630e+01
9.999935e-01 1.731927e-03 -3.169730e-03 -5.461009e+00 -1.685137e-03 9.998904e-01 1.470703e-02 7.003771e-01 3.194919e-03 -1.470161e-02 9.998869e-01 1.313175e+01
9.999951e-01 -3.066933e-03 6.491732e-04 -5.476259e+00 3.075637e-03 9.998994e-01 -1.385020e-02 7.025881e-01 -6.066946e-04 1.385214e-02 9.999038e-01 1.318415e+01
