9.999947e-01 -2.098832e-04 3.250705e-03 2.881138e-01 2.107912e-04 9.999999e-01 -2.789634e-04 -1.806636e-02 -3.250647e-03 2.796467e-04 9.999948e-01 9.745864e-02
1.000000e+00 2.058695e-05 -2.668285e-04 4.585750e-01 -2.059920e-05 1.000000e+00 -4.598002e-05 -2.969768e-02 2.668282e-04 4.598593e-05 9.999999e-01 1.819482e-01
9.999911e-01 -1.837557e-04 4.204469e-03 8.595124e-01 1.849594e-04 9.999999e-01 -2.859046e-04 -5.275962e-02 -4.204417e-03 2.866794e-04 9.999912e-01 2.433807e-01
9.999999e-01 4.243802e-05 4.130233e-04 1.526819e+00 -4.238467e-05 1.000000e+00 -1.291402e-04 -8.815158e-02 -4.130273e-04 1.291230e-04 9.999998e-01 2.757482e-01
9.999954e-01 -1.992248e-04 3.012726e-03 1.848028e+00 1.999171e-04 1.000000e+00 -2.294929e-04 -1.075248e-01 -3.012682e-03 2.300939e-04 9.999955e-01 3.629270e-01
1.000000e+00 -5.681383e-05 2.051360e-04 2.067848e+00 5.684604e-05 1.000000e+00 -1.569274e-04 -1.202907e-01 -2.051249e-04 1.569393e-04 9.999999e-01 4.145534e-01
9.999953e-01 -2.014379e-04 3.067596e-03 2.299441e+00 2.021143e-04 1.000000e+00 -2.202031e-04 -1.340204e-01 -3.067554e-03 2.208218e-04 9.999954e-01 4.761755e-01
1.000000e+00 2.322191e-05 5.281317e-05 2.554988e+00 -2.321408e-05 1.000000e+00 -1.478700e-04 -1.491783e-01 -5.281377e-05 1.478690e-04 9.999999e-01 5.407146e-01
9.999946e-01 -2.047643e-04 3.272957e-03 2.893616e+00 2.055074e-04 1.000000e+00 -2.267250e-04 -1.674773e-01 -3.272914e-03 2.273962e-04 9.999947e-01 5.795538e-01
9.999998e-01 -4.719884e-05 -6.469669e-04 3.128476e+00 4.712261e-05 1.000000e+00 -1.178560e-04 -1.809977e-01 6.469759e-04 1.178256e-04 9.999997e-01 6.499185e-01
9.999981e-01 -2.096913e-04 1.960637e-03 3.183323e+00 2.095864e-04 1.000000e+00 5.368289e-05 -1.909643e-01 -1.960652e-03 -5.327198e-05 9.999982e-01 8.936273e-01
9.999999e-01 -1.198073e-04 -4.883304e-04 3.167104e+00 1.197201e-04 1.000000e+00 -1.784513e-04 -1.957188e-01 4.883555e-04 1.783929e-04 9.999998e-01 1.094423e+00
9.999982e-01 -3.045638e-04 1.862934e-03 3.058729e+00 3.046662e-04 1.000000e+00 -5.464552e-05 -1.920613e-01 -1.862921e-03 5.521292e-05 9.999984e-01 1.156110e+00
1.000000e+00 1.265650e-05 1.872883e-04 3.127582e+00 -1.261751e-05 1.000000e+00 -2.081231e-04 -1.946989e-01 -1.872869e-04 2.081207e-04 9.999999e-01 1.156000e+00
9.999970e-01 -2.598003e-04 2.433944e-03 3.291379e+00 2.599903e-04 1.000000e+00 -7.778019e-05 -2.039619e-01 -2.433928e-03 7.841274e-05 9.999971e-01 1.212477e+00
1.000000e+00 -5.221762e-05 2.183715e-04 3.446088e+00 5.228765e-05 9.999999e-01 -3.206240e-04 -2.104406e-01 -2.183502e-04 3.206354e-04 9.999998e-01 1.207956e+00
9.999971e-01 -4.020396e-04 2.361025e-03 3.534496e+00 4.021200e-04 9.999999e-01 -3.358313e-05 -2.109151e-01 -2.361016e-03 3.453250e-05 9.999973e-01 1.057472e+00
9.999999e-01 -9.180617e-05 3.632885e-04 3.634585e+00 9.192521e-05 9.999999e-01 -3.276100e-04 -2.096339e-01 -3.632533e-04 3.276432e-04 9.999998e-01 8.164315e-01
9.999955e-01 -4.196692e-04 2.986689e-03 3.875796e+00 4.201467e-04 9.999999e-01 -1.592528e-04 -2.102657e-01 -2.986627e-03 1.605070e-04 9.999956e-01 4.528581e-01
1.000000e+00 1.048392e-04 -2.007371e-04 4.042808e+00 -1.048850e-04 1.000000e+00 -2.283577e-04 -2.169799e-01 2.007189e-04 2.283786e-04 9.999999e-01 4.191450e-01
9.999946e-01 -4.002285e-04 3.258726e-03 4.295057e+00 4.007853e-04 9.999999e-01 -1.702003e-04 -2.271430e-01 -3.258663e-03 1.715056e-04 9.999948e-01 3.726806e-01
9.999995e-01 1.856256e-06 -1.021414e-03 4.355391e+00 -2.026154e-06 1.000000e+00 -1.663599e-04 -2.262536e-01 1.021420e-03 1.663617e-04 9.999994e-01 2.411230e-01
9.999962e-01 -3.162270e-04 2.728522e-03 4.388540e+00 3.165833e-04 9.999999e-01 -1.301484e-04 -2.286859e-01 -2.728487e-03 1.310120e-04 9.999964e-01 3.057570e-01
9.999999e-01 -3.492612e-04 -8.180369e-05 4.297378e+00 3.492459e-04 9.999999e-01 -1.869394e-04 -2.136882e-01 8.187565e-05 1.869105e-04 9.999999e-01 -1.644512e-01
9.999977e-01 -4.202144e-04 2.084775e-03 4.070236e+00 4.203428e-04 9.999999e-01 -6.112236e-05 -1.937043e-01 -2.084756e-03 6.199890e-05 9.999979e-01 -6.264998e-01
9.999999e-01 -3.768065e-04 2.380065e-04 3.852305e+00 3.768278e-04 9.999999e-01 -8.905294e-05 -1.687178e-01 -2.379658e-04 8.914225e-05 9.999999e-01 -1.275762e+00
9.999963e-01 -9.788946e-04 2.543353e-03 3.392278e+00 9.788699e-04 9.999995e-01 1.093567e-05 -1.189766e-01 -2.543370e-03 -8.445631e-06 9.999969e-01 -2.616035e+00
1.000000e+00 -1.359044e-04 2.533369e-04 3.166467e+00 1.359882e-04 9.999999e-01 -3.309086e-04 -8.594285e-02 -2.532842e-04 3.309427e-04 9.999998e-01 -3.632697e+00
9.999947e-01 -5.900727e-04 3.215290e-03 3.339024e+00 5.907164e-04 9.999998e-01 -1.992696e-04 -8.316395e-02 -3.215180e-03 2.011683e-04 9.999949e-01 -4.066492e+00
9.999999e-01 -4.441996e-05 4.364171e-04 3.624161e+00 4.456102e-05 9.999999e-01 -3.231453e-04 -8.608378e-02 -4.363943e-04 3.231642e-04 9.999998e-01 -4.438280e+00
9.999952e-01 -6.638078e-04 3.030005e-03 3.773685e+00 6.643541e-04 9.999998e-01 -1.793058e-04 -8.139681e-02 -3.029894e-03 1.813185e-04 9.999955e-01 -4.913761e+00
1.000000e+00 7.602045e-05 1.853011e-04 3.949811e+00 -7.596988e-05 1.000000e+00 -2.726406e-04 -8.272390e-02 -1.853128e-04 2.726259e-04 9.999998e-01 -5.209271e+00
9.999950e-01 -5.426982e-04 3.113597e-03 4.194771e+00 5.429853e-04 9.999998e-01 -9.140325e-05 -9.037014e-02 -3.113556e-03 9.309410e-05 9.999952e-01 -5.392251e+00
9.999997e-01 4.090377e-05 7.180782e-04 4.523314e+00 -4.062733e-05 9.999999e-01 -3.849133e-04 -9.834277e-02 -7.180842e-04 3.848833e-04 9.999996e-01 -5.725104e+00
9.999959e-01 -6.210977e-04 2.811686e-03 4.746795e+00 6.211739e-04 9.999998e-01 -2.623527e-05 -9.987842e-02 -2.811680e-03 2.798247e-05 9.999961e-01 -6.123963e+00
9.999999e-01 1.673226e-04 4.875856e-04 5.028956e+00 -1.671645e-04 9.999999e-01 -3.242291e-04 -1.078566e-01 -4.876294e-04 3.241468e-04 9.999997e-01 -6.342501e+00
9.999964e-01 -6.488918e-04 2.610438e-03 5.243587e+00 6.489715e-04 9.999998e-01 -2.968371e-05 -1.132197e-01 -2.610429e-03 3.137854e-05 9.999967e-01 -6.550333e+00
9.999998e-01 2.735944e-04 -5.796156e-04 5.343781e+00 -2.737059e-04 9.999999e-01 -1.923967e-04 -1.207393e-01 5.795739e-04 1.925544e-04 9.999997e-01 -6.461012e+00
9.999968e-01 -8.170903e-04 2.387482e-03 5.166846e+00 8.170525e-04 9.999997e-01 1.678359e-05 -1.105982e-01 -2.387506e-03 -1.483195e-05 9.999972e-01 -6.590740e+00
1.000000e+00 1.758945e-04 -1.606975e-04 5.057576e+00 -1.759241e-04 1.000000e+00 -1.843359e-04 -9.584839e-02 1.606764e-04 1.843632e-04 9.999999e-01 -6.997019e+00
9.999959e-01 -6.945349e-04 2.786889e-03 5.107239e+00 6.948386e-04 9.999998e-01 -1.080359e-04 -9.431871e-02 -2.786824e-03 1.099728e-04 9.999962e-01 -7.181539e+00
9.999999e-01 2.303715e-04 -3.246726e-04 5.147250e+00 -2.304200e-04 1.000000e+00 -1.494260e-04 -9.291944e-02 3.246500e-04 1.494999e-04 9.999998e-01 -7.325464e+00
9.999968e-01 -7.682450e-04 2.407698e-03 4.986939e+00 7.684503e-04 9.999997e-01 -8.435926e-05 -8.104856e-02 -2.407645e-03 8.621018e-05 9.999972e-01 -7.515608e+00
9.999998e-01 9.218531e-05 -6.292007e-04 4.675789e+00 -9.226578e-05 1.000000e+00 -1.279793e-04 -6.111643e-02 6.292011e-04 1.280363e-04 9.999997e-01 -7.846135e+00
9.999974e-01 -7.401988e-04 2.178297e-03 4.388731e+00 7.401791e-04 9.999997e-01 9.833199e-06 -4.264351e-02 -2.178316e-03 -8.219808e-06 9.999977e-01 -8.138502e+00
9.999998e-01 1.794801e-04 -5.527549e-04 4.187214e+00 -1.795125e-04 1.000000e+00 -5.870951e-05 -2.781546e-02 5.527569e-04 5.880769e-05 9.999997e-01 -8.401324e+00
9.999963e-01 -6.852239e-04 2.648140e-03 4.179916e+00 6.856454e-04 9.999998e-01 -1.583203e-04 -2.069640e-02 -2.648044e-03 1.601365e-04 9.999966e-01 -8.657754e+00
9.999999e-01 6.681004e-05 -5.102319e-04 4.006934e+00 -6.681321e-05 1.000000e+00 -6.364098e-06 -4.268095e-03 5.102445e-04 6.397105e-06 9.999998e-01 -9.032201e+00
9.999952e-01 -8.061257e-04 3.002487e-03 3.769171e+00 8.064128e-04 9.999997e-01 -9.442012e-05 1.943200e-02 -3.002423e-03 9.684201e-05 9.999956e-01 -9.650534e+00
9.999987e-01 -7.957517e-05 -1.617436e-03 3.340097e+00 8.024192e-05 9.999999e-01 4.121071e-04 5.945633e-02 1.617416e-03 -4.122374e-04 9.999985e-01 -1.056385e+01
9.999955e-01 -1.001774e-03 2.813828e-03 2.752844e+00 1.002117e-03 9.999995e-01 -1.204503e-04 1.088147e-01 -2.813719e-03 1.232706e-04 9.999961e-01 -1.160307e+01
9.999983e-01 -1.802179e-04 -1.827596e-03 2.110079e+00 1.808156e-04 9.999999e-01 3.268390e-04 1.631277e-01 1.827551e-03 -3.271700e-04 9.999982e-01 -1.276400e+01
9.999954e-01 -1.100988e-03 2.842762e-03 1.409726e+00 1.101143e-03 9.999994e-01 -5.272456e-05 2.203772e-01 -2.842716e-03 5.585563e-05 9.999961e-01 -1.398752e+01
9.999982e-01 -1.150052e-04 -1.871421e-03 7.543417e-01 1.152211e-04 1.000000e+00 1.152141e-04 2.695264e-01 1.871421e-03 -1.154306e-04 9.999981e-01 -1.496779e+01
9.999957e-01 -8.886841e-04 2.790122e-03 1.785296e-01 8.891101e-04 9.999996e-01 -1.514708e-04 3.107052e-01 -2.790000e-03 1.539519e-04 9.999962e-01 -1.576433e+01
9.999972e-01 -6.137367e-05 -2.360130e-03 -4.406924e-01 6.159344e-05 1.000000e+00 9.300837e-05 3.465184e-01 2.360138e-03 -9.315453e-05 9.999971e-01 -1.629778e+01
9.999974e-01 -8.687383e-04 2.106272e-03 -9.850406e-01 8.688046e-04 9.999996e-01 -3.063253e-05 3.629877e-01 -2.106259e-03 3.246344e-05 9.999979e-01 -1.618375e+01
9.999951e-01 -2.453023e-04 -3.125743e-03 -1.375415e+00 2.467118e-04 9.999999e-01 4.505090e-04 3.626232e-01 3.125646e-03 -4.512790e-04 9.999949e-01 -1.559103e+01
9.999961e-01 -5.081374e-04 2.736427e-03 -1.761054e+00 5.089620e-04 9.999998e-01 -3.006541e-04 3.709671e-01 -2.736287e-03 3.020466e-04 9.999963e-01 -1.535219e+01
9.999965e-01 -1.656907e-04 -2.629777e-03 -2.202590e+00 1.663625e-04 1.000000e+00 2.551834e-04 3.886725e-01 2.629748e-03 -2.556210e-04 9.999964e-01 -1.540735e+01
9.999963e-01 -5.805865e-04 2.649834e-03 -2.695481e+00 5.811932e-04 9.999998e-01 -2.282121e-04 4.097461e-01 -2.649715e-03 2.297523e-04 9.999966e-01 -1.553444e+01
9.999989e-01 -4.060769e-04 -1.432119e-03 -3.385258e+00 4.065852e-04 9.999999e-01 3.545930e-04 4.561359e-01 1.431989e-03 -3.551759e-04 9.999988e-01 -1.636752e+01
9.999980e-01 -8.945116e-04 1.766146e-03 -4.180415e+00 8.935774e-04 9.999995e-01 5.296129e-04 5.234486e-01 -1.766633e-03 -5.280327e-04 9.999984e-01 -1.784080e+01
9.999978e-01 -3.492941e-04 -2.055823e-03 -4.920588e+00 3.497403e-04 9.999999e-01 2.166684e-04 5.835181e-01 2.055761e-03 -2.173878e-04 9.999978e-01 -1.908546e+01
9.999951e-01 -8.834429e-04 2.988666e-03 -5.714808e+00 8.834539e-04 9.999996e-01 -2.361070e-06 6.392423e-01 -2.988677e-03 5.002264e-06 9.999956e-01 -2.011636e+01
9.999989e-01 -2.253335e-04 -1.466556e-03 -6.389759e+00 2.254841e-04 1.000000e+00 1.024498e-04 6.851409e-01 1.466547e-03 -1.027812e-04 9.999988e-01 -2.092782e+01
9.999979e-01 -1.018648e-03 1.780760e-03 -7.093880e+00 1.017548e-03 9.999993e-01 6.182034e-04 7.425229e-01 -1.781403e-03 -6.163893e-04 9.999983e-01 -2.212402e+01
9.999986e-01 -1.905304e-04 -1.690910e-03 -7.859823e+00 1.910492e-04 9.999999e-01 3.066219e-04 8.085657e-01 1.690866e-03 -3.069452e-04 9.999984e-01 -2.355280e+01
9.999968e-01 -8.984429e-04 2.373602e-03 -8.517241e+00 8.976385e-04 9.999995e-01 3.399397e-04 8.640491e-01 -2.373921e-03 -3.378074e-04 9.999972e-01 -2.472341e+01
9.999998e-01 9.678351e-05 -6.678661e-04 -8.903760e+00 -9.706151e-05 9.999999e-01 -4.163157e-04 8.949009e-01 6.678401e-04 4.163798e-04 9.999996e-01 -2.531493e+01
9.999966e-01 -5.318969e-04 2.540777e-03 -9.063807e+00 5.312207e-04 9.999998e-01 2.667900e-04 9.068779e-01 -2.540933e-03 -2.654387e-04 9.999968e-01 -2.552325e+01
1.000000e+00 1.013460e-04 -1.388218e-04 -9.143247e+00 -1.014124e-04 9.999999e-01 -4.789583e-04 9.125187e-01 1.387880e-04 4.789716e-04 9.999998e-01 -2.561262e+01
9.999961e-01 -4.187760e-04 2.767369e-03 -9.101774e+00 4.182464e-04 9.999999e-01 1.919024e-04 9.108865e-01 -2.767464e-03 -1.907434e-04 9.999963e-01 -2.559867e+01
1.000000e+00 1.548115e-04 7.370720e-05 -8.945069e+00 -1.547752e-04 9.999999e-01 -4.912121e-04 9.051338e-01 -7.376790e-05 4.911999e-04 9.999998e-01 -2.562445e+01
9.999955e-01 -4.511517e-04 2.974873e-03 -8.701625e+00 4.506202e-04 9.999999e-01 1.793044e-04 8.942169e-01 -2.974969e-03 -1.779623e-04 9.999957e-01 -2.562520e+01
1.000000e+00 1.530391e-04 -2.188574e-04 -8.521261e+00 -1.531420e-04 9.999999e-01 -4.703961e-04 8.847760e-01 2.188013e-04 4.704287e-04 9.999998e-01 -2.557983e+01
9.999977e-01 -4.540335e-04 2.107558e-03 -8.453592e+00 4.535881e-04 9.999999e-01 2.117625e-04 8.780405e-01 -2.107670e-03 -2.108052e-04 9.999979e-01 -2.545931e+01
1.000000e+00 2.023805e-04 1.520406e-04 -8.376093e+00 -2.023126e-04 9.999999e-01 -4.459096e-04 8.710502e-01 -1.521145e-04 4.458780e-04 9.999998e-01 -2.535007e+01
9.999945e-01 -4.791408e-04 3.287481e-03 -8.191938e+00 4.786419e-04 9.999999e-01 1.525125e-04 8.621082e-01 -3.287570e-03 -1.509372e-04 9.999947e-01 -2.534161e+01
1.000000e+00 2.181973e-04 -2.737441e-05 -8.005976e+00 -2.182104e-04 9.999999e-01 -4.816493e-04 8.521178e-01 2.728629e-05 4.816543e-04 9.999998e-01 -2.530408e+01
9.999942e-01 -5.201136e-04 3.378696e-03 -7.851636e+00 5.196324e-04 9.999999e-01 1.432619e-04 8.456307e-01 -3.378787e-03 -1.415044e-04 9.999944e-01 -2.531741e+01
9.999998e-01 2.257320e-04 -6.688583e-04 -7.787894e+00 -2.260186e-04 9.999999e-01 -4.286965e-04 8.436131e-01 6.687790e-04 4.288466e-04 9.999996e-01 -2.532849e+01
9.999957e-01 -5.090148e-04 2.888663e-03 -7.812101e+00 5.083860e-04 9.999998e-01 2.183501e-04 8.452263e-01 -2.888791e-03 -2.168796e-04 9.999959e-01 -2.531074e+01
9.999998e-01 2.110858e-04 -5.443175e-04 -7.828521e+00 -2.113271e-04 9.999999e-01 -4.434123e-04 8.470035e-01 5.442419e-04 4.435262e-04 9.999997e-01 -2.530105e+01
9.999955e-01 -5.307773e-04 2.936465e-03 -7.869424e+00 5.302617e-04 9.999998e-01 1.763244e-04 8.501335e-01 -2.936576e-03 -1.747654e-04 9.999958e-01 -2.529972e+01
9.999999e-01 1.505853e-04 -3.381134e-04 -7.845795e+00 -1.507227e-04 9.999999e-01 -4.068744e-04 8.540938e-01 3.380706e-04 4.069242e-04 9.999998e-01 -2.544790e+01
9.999954e-01 -4.385669e-04 3.007280e-03 -7.739180e+00 4.382469e-04 9.999999e-01 1.070175e-04 8.516883e-01 -3.007345e-03 -1.056979e-04 9.999956e-01 -2.548892e+01
9.999996e-01 1.369479e-04 -8.442378e-04 -7.693409e+00 -1.372644e-04 9.999999e-01 -3.749476e-04 8.496096e-01 8.442054e-04 3.750622e-04 9.999995e-01 -2.544756e+01
9.999970e-01 -4.559027e-04 2.408761e-03 -7.735234e+00 4.554348e-04 9.999999e-01 1.947351e-04 8.506281e-01 -2.408869e-03 -1.936363e-04 9.999972e-01 -2.536807e+01
9.999997e-01 1.585217e-04 -7.769637e-04 -7.757305e+00 -1.588343e-04 9.999999e-01 -4.024515e-04 8.505221e-01 7.769192e-04 4.025736e-04 9.999995e-01 -2.528616e+01
9.999966e-01 -4.364536e-04 2.589976e-03 -7.768654e+00 4.360376e-04 9.999999e-01 1.611167e-04 8.510445e-01 -2.590066e-03 -1.599856e-04 9.999967e-01 -2.524338e+01
9.999996e-01 1.832123e-04 -8.777781e-04 -7.761938e+00 -1.835832e-04 9.999999e-01 -4.226583e-04 8.510480e-01 8.777202e-04 4.228180e-04 9.999994e-01 -2.520328e+01
9.999945e-01 -5.170584e-04 3.261705e-03 -7.749913e+00 5.165269e-04 9.999999e-01 1.637362e-04 8.542393e-01 -3.261810e-03 -1.620492e-04 9.999948e-01 -2.530121e+01
9.999998e-01 1.016115e-04 -6.001125e-04 -7.729043e+00 -1.018666e-04 9.999999e-01 -4.253408e-04 8.616370e-01 6.000893e-04 4.254005e-04 9.999996e-01 -2.556627e+01
9.999965e-01 -5.488247e-04 2.598612e-03 -7.815259e+00 5.482641e-04 9.999998e-01 2.163869e-04 8.736592e-01 -2.598750e-03 -2.149600e-04 9.999967e-01 -2.584412e+01
9.999998e-01 1.351488e-04 -6.769445e-04 -7.882985e+00 -1.354395e-04 9.999999e-01 -4.296051e-04 8.842374e-01 6.769069e-04 4.296953e-04 9.999996e-01 -2.610375e+01
9.999972e-01 -5.824093e-04 2.285195e-03 -8.029229e+00 5.817605e-04 9.999998e-01 2.845283e-04 8.984528e-01 -2.285381e-03 -2.831966e-04 9.999974e-01 -2.637372e+01
9.999997e-01 2.084912e-04 -7.484418e-04 -8.145587e+00 -2.088806e-04 9.999998e-01 -5.205056e-04 9.073833e-01 7.483540e-04 5.206604e-04 9.999995e-01 -2.650416e+01
9.999972e-01 -5.811982e-04 2.278972e-03 -8.218797e+00 5.805807e-04 9.999998e-01 2.715391e-04 9.124918e-01 -2.279151e-03 -2.702137e-04 9.999975e-01 -2.653540e+01
9.999995e-01 2.206770e-04 -1.017296e-03 -8.292740e+00 -2.211418e-04 9.999999e-01 -4.570130e-04 9.143961e-01 1.017217e-03 4.572363e-04 9.999993e-01 -2.646293e+01
9.999960e-01 -5.263734e-04 2.766965e-03 -8.316009e+00 5.258071e-04 9.999998e-01 2.053279e-04 9.150763e-01 -2.767094e-03 -2.038707e-04 9.999962e-01 -2.643966e+01
9.999999e-01 1.740816e-04 -4.249232e-04 -8.262788e+00 -1.743060e-04 9.999998e-01 -5.285914e-04 9.134276e-01 4.248526e-04 5.286639e-04 9.999997e-01 -2.646712e+01
9.999960e-01 -5.547741e-04 2.787976e-03 -8.221323e+00 5.542877e-04 9.999998e-01 1.751696e-04 9.130628e-01 -2.788094e-03 -1.736219e-04 9.999962e-01 -2.651387e+01
9.999998e-01 1.293828e-04 -6.601148e-04 -8.247814e+00 -1.297222e-04 9.999999e-01 -5.143139e-04 9.185813e-01 6.600701e-04 5.143978e-04 9.999996e-01 -2.667253e+01
9.999966e-01 -4.540768e-04 2.580616e-03 -8.220822e+00 4.535535e-04 9.999999e-01 2.032772e-04 9.169310e-01 -2.580731e-03 -2.021043e-04 9.999967e-01 -2.662952e+01
9.999994e-01 1.073515e-04 -1.070315e-03 -8.222710e+00 -1.077578e-04 9.999999e-01 -3.798017e-04 9.139402e-01 1.070296e-03 3.799152e-04 9.999993e-01 -2.650069e+01
9.999969e-01 -5.195286e-04 2.430497e-03 -8.218712e+00 5.185030e-04 9.999998e-01 4.225021e-04 9.072496e-01 -2.430739e-03 -4.212389e-04 9.999971e-01 -2.624406e+01
9.999995e-01 1.399549e-04 -9.848421e-04 -8.168786e+00 -1.403009e-04 9.999999e-01 -3.514296e-04 8.977705e-01 9.848154e-04 3.515659e-04 9.999994e-01 -2.596806e+01
9.999949e-01 -4.119898e-04 3.153541e-03 -8.044262e+00 4.116379e-04 9.999999e-01 1.121848e-04 8.901134e-01 -3.153609e-03 -1.108844e-04 9.999951e-01 -2.589283e+01
9.999997e-01 1.174254e-04 -7.363836e-04 -7.888050e+00 -1.177141e-04 9.999999e-01 -3.921896e-04 8.808760e-01 7.363605e-04 3.922744e-04 9.999996e-01 -2.582473e+01
9.999971e-01 -3.428750e-04 2.402156e-03 -7.779852e+00 3.422196e-04 9.999999e-01 2.731247e-04 8.710402e-01 -2.402272e-03 -2.723001e-04 9.999972e-01 -2.566417e+01
9.999997e-01 7.921361e-05 -7.460263e-04 -7.693797e+00 -7.948112e-05 9.999999e-01 -3.588594e-04 8.616438e-01 7.460212e-04 3.589168e-04 9.999996e-01 -2.547033e+01
9.999963e-01 -3.336081e-04 2.704199e-03 -7.603887e+00 3.332040e-04 9.999999e-01 1.498131e-04 8.552239e-01 -2.704273e-03 -1.489097e-04 9.999964e-01 -2.538407e+01
9.999996e-01 5.100737e-05 -9.329452e-04 -7.578860e+00 -5.136587e-05 9.999999e-01 -3.844981e-04 8.532583e-01 9.329492e-04 3.845441e-04 9.999994e-01 -2.532433e+01
9.999961e-01 -3.512124e-04 2.755813e-03 -7.567672e+00 3.508726e-04 9.999999e-01 1.236985e-04 8.526468e-01 -2.755880e-03 -1.227293e-04 9.999963e-01 -2.529656e+01
9.999994e-01 9.493596e-07 -1.138606e-03 -7.624958e+00 -1.345683e-06 9.999999e-01 -3.482899e-04 8.562514e-01 1.138630e-03 3.482893e-04 9.999992e-01 -2.531214e+01
9.999963e-01 -3.797430e-04 2.706425e-03 -7.731131e+00 3.795689e-04 9.999999e-01 6.476099e-05 8.613676e-01 -2.706474e-03 -6.373157e-05 9.999964e-01 -2.531590e+01
9.999995e-01 -5.283077e-05 -9.858661e-04 -7.870114e+00 5.250417e-05 9.999999e-01 -3.315538e-04 8.701205e-01 9.859079e-04 3.314999e-04 9.999994e-01 -2.543224e+01
9.999961e-01 -4.103386e-04 2.763774e-03 -8.015596e+00 4.100732e-04 9.999999e-01 9.650591e-05 8.795213e-01 -2.763838e-03 -9.537022e-05 9.999963e-01 -2.556829e+01
9.999997e-01 -7.986355e-05 -7.276725e-04 -8.179886e+00 7.964321e-05 1.000000e+00 -3.031964e-04 8.917326e-01 7.277214e-04 3.031364e-04 9.999996e-01 -2.577524e+01
9.999954e-01 -4.734957e-04 2.984512e-03 -8.351900e+00 4.729472e-04 9.999999e-01 1.844204e-04 9.068675e-01 -2.984624e-03 -1.830060e-04 9.999956e-01 -2.610375e+01
9.999999e-01 2.111443e-05 -4.687973e-04 -8.387084e+00 -2.131845e-05 9.999999e-01 -4.357718e-04 9.133755e-01 4.688133e-04 4.357797e-04 9.999997e-01 -2.629946e+01
9.999952e-01 -4.754718e-04 3.048185e-03 -8.350457e+00 4.751581e-04 9.999999e-01 1.035287e-04 9.149058e-01 -3.048260e-03 -1.020778e-04 9.999954e-01 -2.644584e+01
1.000000e+00 6.299217e-05 -3.934865e-05 -8.149105e+00 -6.301145e-05 9.999999e-01 -4.974136e-04 9.085500e-01 3.934301e-05 4.974140e-04 9.999998e-01 -2.657266e+01
9.999964e-01 -5.466536e-04 2.628832e-03 -8.110997e+00 5.463164e-04 9.999998e-01 1.288626e-04 9.102683e-01 -2.628928e-03 -1.274238e-04 9.999966e-01 -2.673304e+01
9.999998e-01 -1.074461e-04 -6.280739e-04 -8.351513e+00 1.072207e-04 9.999999e-01 -3.593408e-04 9.274881e-01 6.281386e-04 3.592712e-04 9.999996e-01 -2.704648e+01
9.999969e-01 -4.789763e-04 2.448367e-03 -8.570043e+00 4.786921e-04 9.999999e-01 1.165391e-04 9.408698e-01 -2.448449e-03 -1.153645e-04 9.999971e-01 -2.723580e+01
9.999998e-01 2.156111e-05 -6.235602e-04 -8.698422e+00 -2.181268e-05 9.999999e-01 -4.039456e-04 9.481388e-01 6.235779e-04 4.039568e-04 9.999996e-01 -2.731164e+01
9.999948e-01 -3.569143e-04 3.206295e-03 -8.625382e+00 3.567531e-04 9.999999e-01 5.073635e-05 9.433140e-01 -3.206340e-03 -4.958993e-05 9.999950e-01 -2.727792e+01
9.999999e-01 2.254906e-05 -3.616210e-04 -8.462441e+00 -2.266128e-05 1.000000e+00 -3.112497e-04 9.317806e-01 3.616410e-04 3.112555e-04 9.999998e-01 -2.716645e+01
9.999935e-01 -2.771889e-04 3.588221e-03 -8.141239e+00 2.770694e-04 1.000000e+00 3.368764e-05 9.123067e-01 -3.588257e-03 -3.269088e-05 9.999937e-01 -2.705440e+01
1.000000e+00 -8.776394e-06 -1.916426e-04 -7.894918e+00 8.701230e-06 9.999999e-01 -3.940334e-04 8.978358e-01 1.916737e-04 3.940293e-04 9.999998e-01 -2.699114e+01
9.999944e-01 -3.372744e-04 3.327095e-03 -7.730622e+00 3.371803e-04 9.999999e-01 2.871105e-05 8.879457e-01 -3.327132e-03 -2.758662e-05 9.999946e-01 -2.693416e+01
1.000000e+00 -7.132914e-05 -2.553752e-04 -7.622191e+00 7.121549e-05 9.999999e-01 -4.464714e-04 8.830830e-01 2.554353e-04 4.464508e-04 9.999998e-01 -2.696828e+01
9.999928e-01 -2.197866e-04 3.799213e-03 -7.270651e+00 2.194581e-04 1.000000e+00 8.676686e-05 8.641707e-01 -3.799260e-03 -8.592994e-05 9.999929e-01 -2.692327e+01
1.000000e+00 1.924554e-05 1.380592e-04 -6.758092e+00 -1.918720e-05 9.999999e-01 -4.197476e-04 8.354080e-01 -1.380383e-04 4.197424e-04 9.999998e-01 -2.682643e+01
9.999939e-01 -2.047511e-04 3.480883e-03 -6.379311e+00 2.045022e-04 1.000000e+00 7.172738e-05 8.132112e-01 -3.480927e-03 -7.101251e-05 9.999940e-01 -2.674093e+01
1.000000e+00 -4.928128e-05 8.464721e-05 -6.052177e+00 4.931796e-05 9.999999e-01 -4.284839e-04 7.939693e-01 -8.459644e-05 4.284854e-04 9.999998e-01 -2.666374e+01
9.999921e-01 -1.600900e-04 3.968831e-03 -5.614577e+00 1.601816e-04 1.000000e+00 -2.286720e-05 7.696106e-01 -3.968857e-03 2.350542e-05 9.999922e-01 -2.660815e+01
9.999999e-01 -6.837371e-05 -3.902367e-04 -5.270572e+00 6.823868e-05 9.999999e-01 -3.471426e-04 7.494104e-01 3.902908e-04 3.471133e-04 9.999998e-01 -2.652828e+01
9.999882e-01 -7.428520e-05 4.847729e-03 -4.619165e+00 7.399675e-05 1.000000e+00 5.958961e-05 7.133391e-01 -4.847764e-03 -5.922745e-05 9.999883e-01 -2.641255e+01
1.000000e+00 -6.516098e-05 -2.162860e-04 -3.895074e+00 6.507953e-05 9.999999e-01 -3.786550e-04 6.739608e-01 2.163419e-04 3.786381e-04 9.999998e-01 -2.633315e+01
9.999946e-01 -1.315722e-04 3.279133e-03 -3.575713e+00 1.312540e-04 1.000000e+00 9.710075e-05 6.555075e-01 -3.279177e-03 -9.666703e-05 9.999947e-01 -2.624454e+01
9.999991e-01 -2.483298e-04 -1.351216e-03 -3.644380e+00 2.479448e-04 9.999999e-01 -2.854979e-04 6.568152e-01 1.351319e-03 2.851598e-04 9.999989e-01 -2.616687e+01
9.999962e-01 -2.489042e-04 2.749191e-03 -3.840317e+00 2.485524e-04 1.000000e+00 1.281394e-04 6.654866e-01 -2.749254e-03 -1.274527e-04 9.999963e-01 -2.617369e+01
9.999992e-01 -1.747504e-04 -1.212409e-03 -3.959388e+00 1.743692e-04 9.999999e-01 -3.149088e-04 6.714986e-01 1.212496e-03 3.146943e-04 9.999991e-01 -2.618936e+01
9.999964e-01 -1.761133e-04 2.685087e-03 -4.040158e+00 1.758242e-04 1.000000e+00 1.077112e-04 6.746688e-01 -2.685138e-03 -1.072358e-04 9.999965e-01 -2.615136e+01
9.999994e-01 -1.078156e-04 -1.114331e-03 -4.057277e+00 1.074721e-04 9.999999e-01 -3.087128e-04 6.746342e-01 1.114397e-03 3.085899e-04 9.999992e-01 -2.607842e+01
9.999960e-01 -1.344408e-04 2.824144e-03 -3.994109e+00 1.339933e-04 1.000000e+00 1.584624e-04 6.707360e-01 -2.824198e-03 -1.580804e-04 9.999961e-01 -2.601435e+01
9.999990e-01 -1.796429e-04 -1.367421e-03 -4.018752e+00 1.792113e-04 9.999999e-01 -3.161455e-04 6.700264e-01 1.367510e-03 3.158972e-04 9.999989e-01 -2.592064e+01
9.999968e-01 -1.770268e-04 2.523144e-03 -4.107775e+00 1.765607e-04 1.000000e+00 1.847194e-04 6.695944e-01 -2.523209e-03 -1.842704e-04 9.999969e-01 -2.574609e+01
1.000000e+00 -1.733843e-04 -2.532519e-04 -4.022242e+00 1.733668e-04 1.000000e+00 -7.113173e-05 6.580573e-01 2.532972e-04 7.108484e-05 9.999999e-01 -2.547076e+01
9.999976e-01 -1.209035e-04 2.200612e-03 -3.914611e+00 1.204360e-04 1.000000e+00 2.123671e-04 6.462003e-01 -2.200671e-03 -2.120986e-04 9.999977e-01 -2.522115e+01
1.000000e+00 -1.261935e-04 2.704740e-04 -3.752790e+00 1.262878e-04 9.999999e-01 -3.469351e-04 6.360467e-01 -2.703969e-04 3.469662e-04 9.999998e-01 -2.512178e+01
9.999972e-01 -1.822828e-04 2.345946e-03 -3.709492e+00 1.819559e-04 1.000000e+00 1.393088e-04 6.325434e-01 -2.346005e-03 -1.388785e-04 9.999973e-01 -2.506815e+01
9.999999e-01 -2.475377e-04 1.932295e-04 -3.689054e+00 2.476153e-04 9.999999e-01 -3.990292e-04 6.346509e-01 -1.930969e-04 3.990740e-04 9.999998e-01 -2.519146e+01
9.999931e-01 -1.390023e-04 3.708871e-03 -3.487154e+00 1.391640e-04 1.000000e+00 -4.348001e-05 6.258072e-01 -3.708899e-03 4.399894e-05 9.999932e-01 -2.523340e+01
9.999996e-01 -1.973540e-04 -8.491775e-04 -3.404648e+00 1.971740e-04 1.000000e+00 -2.127550e-04 6.211523e-01 8.492539e-04 2.125843e-04 9.999995e-01 -2.521308e+01
9.999946e-01 -5.776179e-05 3.278765e-03 -3.341118e+00 5.800959e-05 1.000000e+00 -7.565539e-05 6.170087e-01 -3.278795e-03 7.584833e-05 9.999947e-01 -2.517174e+01
9.999995e-01 -3.072504e-04 -9.658730e-04 -3.358827e+00 3.071644e-04 9.999999e-01 -8.983626e-05 6.203517e-01 9.659355e-04 8.953636e-05 9.999994e-01 -2.528014e+01
9.999955e-01 -1.609146e-04 3.005464e-03 -3.493728e+00 1.612482e-04 1.000000e+00 -1.109254e-04 6.292103e-01 -3.005481e-03 1.114127e-04 9.999956e-01 -2.541423e+01
9.999991e-01 -1.807798e-04 -1.304738e-03 -3.540019e+00 1.806584e-04 1.000000e+00 -9.365511e-05 6.308525e-01 1.304791e-03 9.341610e-05 9.999990e-01 -2.537049e+01
9.999961e-01 -2.897093e-04 2.789042e-03 -3.696181e+00 2.902729e-04 9.999999e-01 -2.019171e-04 6.378246e-01 -2.789019e-03 2.027292e-04 9.999962e-01 -2.537402e+01
1.000000e+00 -2.432365e-05 -1.329980e-04 -3.645510e+00 2.431273e-05 1.000000e+00 -8.677427e-05 6.357560e-01 1.330357e-04 8.676775e-05 9.999999e-01 -2.540188e+01
9.999912e-01 -2.921031e-04 4.195209e-03 -3.295826e+00 2.936845e-04 9.999999e-01 -3.765054e-04 6.205783e-01 -4.195134e-03 3.777375e-04 9.999912e-01 -2.549228e+01
1.000000e+00 -7.576761e-06 -1.292566e-04 -2.993693e+00 7.592807e-06 1.000000e+00 1.190761e-04 6.054261e-01 1.292921e-04 -1.190805e-04 9.999999e-01 -2.548391e+01
9.999966e-01 -5.801717e-04 2.552341e-03 -3.150943e+00 5.810375e-04 9.999998e-01 -3.387392e-04 6.162494e-01 -2.552180e-03 3.402245e-04 9.999968e-01 -2.570276e+01
9.999999e-01 -1.560373e-06 -4.618253e-04 -3.359820e+00 1.628645e-06 1.000000e+00 1.463703e-04 6.302394e-01 4.618618e-04 -1.463745e-04 9.999998e-01 -2.593596e+01
9.999960e-01 -6.268031e-04 2.753577e-03 -3.556117e+00 6.276167e-04 9.999998e-01 -2.948584e-04 6.463562e-01 -2.753429e-03 2.965889e-04 9.999963e-01 -2.627106e+01
9.999999e-01 1.323591e-04 -5.230056e-04 -3.611112e+00 -1.322746e-04 1.000000e+00 1.602463e-04 6.554371e-01 5.230640e-04 -1.601806e-04 9.999998e-01 -2.655179e+01
9.999946e-01 -3.966717e-04 3.257484e-03 -3.432792e+00 3.981250e-04 9.999998e-01 -4.457138e-04 6.459915e-01 -3.257344e-03 4.470118e-04 9.999947e-01 -2.652287e+01
9.999997e-01 1.254215e-06 -7.734373e-04 -3.514280e+00 -1.038638e-06 1.000000e+00 2.778013e-04 6.501789e-01 7.734753e-04 -2.778040e-04 9.999996e-01 -2.655284e+01
9.999950e-01 -7.406427e-04 3.062629e-03 -3.863444e+00 7.422126e-04 9.999996e-01 -5.117204e-04 6.699835e-01 -3.062287e-03 5.139945e-04 9.999953e-01 -2.681196e+01
9.999995e-01 -1.025208e-04 -9.847804e-04 -4.254166e+00 1.027031e-04 1.000000e+00 1.842535e-04 6.926571e-01 9.847996e-04 -1.843582e-04 9.999994e-01 -2.714091e+01
9.999955e-01 -6.009780e-04 2.929444e-03 -4.573474e+00 6.020855e-04 9.999997e-01 -3.774251e-04 7.092896e-01 -2.929254e-03 3.791909e-04 9.999957e-01 -2.732809e+01
9.999999e-01 1.307455e-04 -4.045524e-04 -4.705490e+00 -1.306701e-04 1.000000e+00 1.845571e-04 7.157636e-01 4.046150e-04 -1.845079e-04 9.999998e-01 -2.737706e+01
9.999979e-01 -8.028845e-04 1.892445e-03 -4.975704e+00 8.036081e-04 9.999996e-01 -3.820513e-04 7.243990e-01 -1.892176e-03 3.835750e-04 9.999982e-01 -2.730331e+01
1.000000e+00 5.344581e-05 -1.880896e-04 -5.301651e+00 -5.341492e-05 1.000000e+00 1.601335e-04 7.406862e-01 1.881370e-04 -1.601272e-04 9.999999e-01 -2.746690e+01
9.999958e-01 -4.855445e-04 2.855117e-03 -5.289355e+00 4.868798e-04 9.999998e-01 -4.672683e-04 7.408775e-01 -2.854929e-03 4.686602e-04 9.999959e-01 -2.754214e+01
1.000000e+00 1.322434e-04 2.339456e-04 -5.030622e+00 -1.322756e-04 1.000000e+00 1.408999e-04 7.248650e-01 -2.338876e-04 -1.409346e-04 9.999999e-01 -2.741115e+01
9.999931e-01 -3.299852e-04 3.709222e-03 -4.504329e+00 3.319902e-04 9.999998e-01 -5.401430e-04 6.945299e-01 -3.709083e-03 5.413745e-04 9.999931e-01 -2.728011e+01
9.999997e-01 1.301130e-04 -8.090837e-04 -4.281396e+00 -1.299459e-04 1.000000e+00 2.056503e-04 6.807153e-01 8.091503e-04 -2.055489e-04 9.999996e-01 -2.719043e+01
9.999958e-01 -6.465793e-04 2.837489e-03 -4.475042e+00 6.477836e-04 9.999997e-01 -4.238428e-04 6.931205e-01 -2.837255e-03 4.256831e-04 9.999960e-01 -2.735689e+01
9.999996e-01 1.294977e-04 -8.567818e-04 -4.679728e+00 -1.292915e-04 1.000000e+00 2.397956e-04 7.039801e-01 8.568531e-04 -2.396886e-04 9.999995e-01 -2.745703e+01
9.999948e-01 -5.757982e-04 3.168608e-03 -4.820118e+00 5.772272e-04 9.999997e-01 -4.503675e-04 7.135441e-01 -3.168388e-03 4.521981e-04 9.999950e-01 -2.757664e+01
9.999993e-01 3.083785e-04 1.131147e-03 -4.322466e+00 -3.083791e-04 1.000000e+00 1.141067e-06 6.882174e-01 -1.131106e-03 -1.493900e-06 9.999993e-01 -2.754251e+01
9.999892e-01 -5.020080e-04 4.617614e-03 -3.441872e+00 5.043915e-04 9.999997e-01 -5.152149e-04 6.419162e-01 -4.617395e-03 5.175425e-04 9.999893e-01 -2.746073e+01
9.999967e-01 3.375865e-04 2.561485e-03 -2.245767e+00 -3.373350e-04 9.999999e-01 -9.823640e-05 5.812602e-01 -2.561476e-03 9.736788e-05 9.999966e-01 -2.739942e+01
9.999933e-01 -5.249719e-04 3.633690e-03 -1.210499e+00 5.265654e-04 9.999998e-01 -4.378647e-04 5.282347e-01 -3.633501e-03 4.397793e-04 9.999934e-01 -2.732198e+01
9.999997e-01 3.814746e-04 6.857337e-04 -6.505728e-01 -3.815962e-04 9.999999e-01 1.785610e-04 4.969802e-01 -6.856225e-04 -1.788268e-04 9.999997e-01 -2.720514e+01
9.999953e-01 -5.302241e-04 3.017617e-03 -1.881282e-01 5.315120e-04 9.999998e-01 -4.263186e-04 4.707165e-01 -3.017434e-03 4.279248e-04 9.999955e-01 -2.709680e+01
9.999996e-01 2.381154e-04 -8.632074e-04 -1.056964e-01 -2.379403e-04 1.000000e+00 2.017411e-04 4.639626e-01 8.632989e-04 -2.015399e-04 9.999995e-01 -2.699957e+01
9.999868e-01 -4.665272e-04 5.110595e-03 4.142289e-01 4.696395e-04 9.999997e-01 -6.080124e-04 4.357800e-01 -5.110354e-03 6.104088e-04 9.999869e-01 -2.693520e+01
9.999991e-01 3.110614e-04 1.305655e-03 1.377762e+00 -3.110848e-04 1.000000e+00 1.855268e-05 3.837503e-01 -1.305604e-03 -1.896318e-05 9.999991e-01 -2.683177e+01
9.999939e-01 -4.401217e-04 3.470036e-03 2.048124e+00 4.413951e-04 9.999998e-01 -3.665337e-04 3.465202e-01 -3.469919e-03 3.680675e-04 9.999940e-01 -2.671310e+01
9.999967e-01 2.999833e-04 2.556059e-03 3.047789e+00 -2.996274e-04 9.999999e-01 -1.391968e-04 2.938736e-01 -2.556056e-03 1.384260e-04 9.999966e-01 -2.662004e+01
9.999941e-01 -4.673806e-04 3.392697e-03 4.010044e+00 4.686635e-04 9.999998e-01 -3.776727e-04 2.433285e-01 -3.392566e-03 3.792650e-04 9.999943e-01 -2.654774e+01
9.999999e-01 2.284803e-04 -3.759320e-04 4.291487e+00 -2.284465e-04 1.000000e+00 8.690231e-05 2.300423e-01 3.759981e-04 -8.682093e-05 9.999998e-01 -2.655076e+01
9.999961e-01 -4.539959e-04 2.754152e-03 4.477674e+00 4.548030e-04 9.999999e-01 -2.928302e-04 2.191971e-01 -2.754065e-03 2.940862e-04 9.999963e-01 -2.647849e+01
9.999998e-01 2.228283e-04 -5.309305e-04 4.645054e+00 -2.227764e-04 1.000000e+00 9.567021e-05 2.087702e-01 5.309985e-04 -9.555647e-05 9.999998e-01 -2.639288e+01
9.999943e-01 -4.332570e-04 3.358094e-03 4.951515e+00 4.343449e-04 9.999999e-01 -3.235733e-04 1.923000e-01 -3.358000e-03 3.250347e-04 9.999944e-01 -2.633843e+01
1.000000e+00 1.803832e-04 -1.505458e-04 5.285748e+00 -1.803832e-04 1.000000e+00 -7.566205e-06 1.764764e-01 1.505917e-04 7.588743e-06 9.999999e-01 -2.634572e+01
9.999967e-01 -4.991796e-04 2.521689e-03 5.350949e+00 4.997621e-04 9.999998e-01 -2.308682e-04 1.734098e-01 -2.521621e-03 2.321323e-04 9.999969e-01 -2.635171e+01
1.000000e+00 1.934532e-04 -4.425396e-05 5.398194e+00 -1.934525e-04 1.000000e+00 -9.551496e-06 1.710099e-01 4.429975e-05 9.555383e-06 9.999999e-01 -2.636026e+01
9.999968e-01 -6.444985e-04 2.449367e-03 5.329835e+00 6.451659e-04 9.999998e-01 -2.722014e-04 1.761991e-01 -2.449238e-03 2.737855e-04 9.999971e-01 -2.646619e+01
9.999999e-01 2.419571e-04 -3.060093e-04 5.276337e+00 -2.419331e-04 1.000000e+00 7.446599e-05 1.775212e-01 3.060753e-04 -7.439669e-05 9.999999e-01 -2.644214e+01
9.999961e-01 -8.457179e-04 2.669821e-03 5.051516e+00 8.463974e-04 9.999996e-01 -2.538597e-04 1.938865e-01 -2.669654e-03 2.561232e-04 9.999965e-01 -2.674855e+01
9.999999e-01 2.338640e-04 -3.315999e-04 4.808604e+00 -2.338449e-04 1.000000e+00 5.383533e-05 2.101146e-01 3.316609e-04 -5.376258e-05 9.999998e-01 -2.703867e+01
9.999961e-01 -7.945470e-04 2.675154e-03 4.612710e+00 7.950606e-04 9.999997e-01 -1.914061e-04 2.242033e-01 -2.675050e-03 1.935371e-04 9.999965e-01 -2.732332e+01
9.999999e-01 2.396708e-04 -3.753683e-04 4.476445e+00 -2.396720e-04 1.000000e+00 -6.625205e-06 2.366983e-01 3.754155e-04 6.710316e-06 9.999998e-01 -2.763546e+01
9.999964e-01 -8.008045e-04 2.551137e-03 4.278703e+00 8.013477e-04 9.999997e-01 -2.124121e-04 2.510129e-01 -2.551015e-03 2.144606e-04 9.999968e-01 -2.789389e+01
9.999999e-01 2.041853e-04 -4.672277e-04 4.046773e+00 -2.041841e-04 1.000000e+00 -1.662951e-07 2.649271e-01 4.672769e-04 2.567749e-07 9.999998e-01 -2.808896e+01
9.999961e-01 -7.169724e-04 2.711533e-03 3.871037e+00 7.175609e-04 9.999997e-01 -2.165658e-04 2.736649e-01 -2.711426e-03 2.185156e-04 9.999964e-01 -2.816457e+01
9.999999e-01 3.740617e-04 1.046797e-04 3.912887e+00 -3.740534e-04 9.999999e-01 -6.706599e-05 2.700163e-01 -1.046552e-04 6.702185e-05 9.999999e-01 -2.809689e+01
9.999970e-01 -6.239657e-04 2.373703e-03 3.923188e+00 6.245509e-04 9.999998e-01 -2.463454e-04 2.686489e-01 -2.373599e-03 2.478322e-04 9.999972e-01 -2.805217e+01
9.999999e-01 2.135798e-04 -4.098335e-04 3.803644e+00 -2.135514e-04 1.000000e+00 6.598836e-05 2.756930e-01 4.098976e-04 -6.590588e-05 9.999998e-01 -2.813300e+01
9.999956e-01 -5.627980e-04 2.914704e-03 3.759916e+00 5.637901e-04 9.999998e-01 -3.400310e-04 2.782825e-01 -2.914562e-03 3.416778e-04 9.999958e-01 -2.817538e+01
9.999998e-01 6.707659e-05 -6.723684e-04 3.574369e+00 -6.700482e-05 1.000000e+00 1.046748e-04 2.908672e-01 6.724258e-04 -1.046348e-04 9.999997e-01 -2.839250e+01
9.999962e-01 -5.944165e-04 2.697911e-03 3.314885e+00 5.954288e-04 9.999998e-01 -3.749235e-04 3.060933e-01 -2.697738e-03 3.765337e-04 9.999964e-01 -2.859310e+01
9.999998e-01 3.767675e-06 -6.467186e-04 3.038784e+00 -3.674806e-06 1.000000e+00 1.413750e-04 3.240178e-01 6.467699e-04 -1.413777e-04 9.999997e-01 -2.888622e+01
9.999968e-01 -5.738332e-04 2.456907e-03 2.770797e+00 5.747951e-04 9.999998e-01 -3.913869e-04 3.400806e-01 -2.456732e-03 3.928031e-04 9.999970e-01 -2.908856e+01
1.000000e+00 4.074881e-05 -2.628656e-04 2.521782e+00 -4.069492e-05 1.000000e+00 1.994235e-04 3.542768e-01 2.629249e-04 -1.994181e-04 9.999999e-01 -2.924750e+01
9.999976e-01 -5.129472e-04 2.140387e-03 2.333549e+00 5.136964e-04 9.999998e-01 -3.501575e-04 3.650401e-01 -2.140258e-03 3.512614e-04 9.999977e-01 -2.935993e+01
1.000000e+00 -9.964167e-07 -1.812086e-04 2.075939e+00 1.019531e-06 1.000000e+00 1.193048e-04 3.816909e-01 1.812599e-04 -1.193103e-04 9.999999e-01 -2.959890e+01
9.999980e-01 -6.032835e-04 1.885759e-03 1.744994e+00 6.036783e-04 9.999998e-01 -2.095364e-04 4.020964e-01 -1.885684e-03 2.106797e-04 9.999983e-01 -2.990904e+01
9.999998e-01 1.816226e-04 -6.499277e-04 1.628530e+00 -1.816190e-04 1.000000e+00 3.252375e-06 4.064523e-01 6.499800e-04 -3.139695e-06 9.999997e-01 -2.985272e+01
9.999980e-01 -5.221660e-04 1.934371e-03 1.544964e+00 5.226299e-04 9.999998e-01 -2.401233e-04 4.089991e-01 -1.934297e-03 2.411392e-04 9.999982e-01 -2.976240e+01
9.999999e-01 5.282041e-05 -3.060980e-04 1.346671e+00 -5.282610e-05 1.000000e+00 -2.363242e-05 4.189250e-01 3.061487e-04 2.364316e-05 9.999999e-01 -2.981175e+01
9.999976e-01 -5.964314e-04 2.135012e-03 1.093095e+00 5.967461e-04 9.999998e-01 -1.474717e-04 4.333102e-01 -2.134976e-03 1.487509e-04 9.999978e-01 -2.998846e+01
9.999998e-01 2.316597e-04 -6.156496e-04 1.034443e+00 -2.317158e-04 1.000000e+00 -9.352115e-05 4.352597e-01 6.156801e-04 9.365831e-05 9.999997e-01 -2.992053e+01
9.999981e-01 -4.062818e-04 1.903873e-03 1.073973e+00 4.064882e-04 9.999999e-01 -1.088330e-04 4.276586e-01 -1.903881e-03 1.096122e-04 9.999983e-01 -2.971592e+01
9.999999e-01 2.957453e-04 1.980116e-04 1.242307e+00 -2.957286e-04 1.000000e+00 -7.649577e-05 4.120644e-01 -1.979817e-04 7.643169e-05 9.999999e-01 -2.946998e+01
9.999861e-01 -3.588614e-04 5.269444e-03 2.077735e+00 3.602846e-04 9.999999e-01 -2.694484e-04 3.716024e-01 -5.269399e-03 2.713487e-04 9.999862e-01 -2.949213e+01
9.999994e-01 2.206603e-04 -1.034583e-03 2.625715e+00 -2.208073e-04 1.000000e+00 -1.435543e-04 3.423771e-01 1.034604e-03 1.437771e-04 9.999994e-01 -2.945246e+01
9.999774e-01 -2.705843e-04 6.714261e-03 3.655178e+00 2.734129e-04 9.999999e-01 -4.206060e-04 2.861784e-01 -6.714200e-03 4.224379e-04 9.999775e-01 -2.932889e+01
9.999997e-01 2.123208e-04 6.819365e-04 4.983129e+00 -2.121767e-04 1.000000e+00 -2.088293e-04 2.181796e-01 -6.819264e-04 2.086788e-04 9.999997e-01 -2.928698e+01
9.999742e-01 -2.766812e-04 7.173919e-03 6.341915e+00 2.796924e-04 9.999999e-01 -4.189770e-04 1.500175e-01 -7.173857e-03 4.209784e-04 9.999743e-01 -2.926951e+01
9.999943e-01 9.230119e-05 -3.376120e-03 6.812983e+00 -9.213858e-05 1.000000e+00 4.779330e-05 1.273871e-01 3.376180e-03 -4.748774e-05 9.999942e-01 -2.928216e+01
9.999580e-01 -3.363308e-04 9.161274e-03 7.709741e+00 3.420867e-04 9.999997e-01 -6.269270e-04 8.448273e-02 -9.161116e-03 6.300404e-04 9.999579e-01 -2.932636e+01
9.999938e-01 2.088789e-04 -3.514598e-03 8.553329e+00 -2.084922e-04 1.000000e+00 1.098436e-04 3.984318e-02 3.514678e-03 -1.091160e-04 9.999937e-01 -2.925717e+01
9.999704e-01 -3.515736e-04 7.681070e-03 9.120048e+00 3.553196e-04 9.999998e-01 -4.865778e-04 9.702658e-03 -7.680955e-03 4.892986e-04 9.999705e-01 -2.921002e+01
9.999968e-01 2.076412e-04 -2.500346e-03 9.928679e+00 -2.076582e-04 1.000000e+00 -7.299908e-06 -3.170708e-02 2.500402e-03 7.813143e-06 9.999968e-01 -2.919436e+01
9.999453e-01 -3.110767e-04 1.045937e-02 1.132670e+01 3.185158e-04 9.999997e-01 -7.097555e-04 -1.015872e-01 -1.045920e-02 7.130542e-04 9.999451e-01 -2.919901e+01
9.999960e-01 2.869619e-04 -2.798080e-03 1.266778e+01 -2.865582e-04 9.999999e-01 1.439426e-04 -1.700332e-01 2.798180e-03 -1.431462e-04 9.999960e-01 -2.914659e+01
9.999703e-01 -3.997206e-04 7.704305e-03 1.331144e+01 4.046197e-04 9.999997e-01 -6.346028e-04 -2.035070e-01 -7.704108e-03 6.377074e-04 9.999702e-01 -2.913808e+01
9.999926e-01 2.138757e-04 -3.827120e-03 1.382020e+01 -2.127234e-04 9.999999e-01 3.009738e-04 -2.276062e-01 3.827243e-03 -3.001636e-04 9.999925e-01 -2.916938e+01
9.999682e-01 -3.909995e-04 7.966503e-03 1.442335e+01 3.962445e-04 9.999997e-01 -6.570656e-04 -2.576576e-01 -7.966303e-03 6.602076e-04 9.999681e-01 -2.917136e+01
9.999998e-01 2.554277e-04 -6.019930e-04 1.572440e+01 -2.554467e-04 1.000000e+00 -3.505820e-05 -3.194320e-01 6.020441e-04 3.520573e-05 9.999997e-01 -2.927928e+01
