9.999996e-01 -8.449133e-04 -3.905092e-04 -1.135840e-01 8.451484e-04 9.999995e-01 6.024423e-04 -1.021550e-02 3.899999e-04 -6.027726e-04 9.999998e-01 6.104943e-01
1.000000e+00 1.464517e-04 2.083630e-04 -2.309055e-01 -1.463949e-04 1.000000e+00 -2.722775e-04 -1.638520e-02 -2.084029e-04 2.722476e-04 9.999998e-01 1.063569e+00
9.999997e-01 -7.441253e-04 9.263002e-05 -2.655462e-01 7.440646e-04 9.999995e-01 6.533093e-04 -2.564993e-02 -9.311614e-05 -6.532408e-04 9.999999e-01 1.499306e+00
1.000000e+00 1.418921e-04 1.586715e-04 -2.572702e-01 -1.418609e-04 1.000000e+00 -1.968692e-04 -3.712090e-02 -1.586994e-04 1.968473e-04 9.999999e-01 1.942356e+00
9.999997e-01 -4.455615e-04 6.844708e-04 -2.607444e-01 4.454505e-04 9.999999e-01 1.624180e-04 -4.059653e-02 -6.845432e-04 -1.621137e-04 9.999999e-01 2.094684e+00
9.999999e-01 1.445732e-04 4.797123e-04 -3.162660e-01 -1.444090e-04 9.999999e-01 -3.423790e-04 -3.745170e-02 -4.797615e-04 3.423104e-04 9.999997e-01 2.142520e+00
9.999998e-01 -5.089413e-04 3.745710e-04 -3.971886e-01 5.088806e-04 9.999999e-01 1.620381e-04 -3.520813e-02 -3.746538e-04 -1.618481e-04 1.000000e+00 2.252926e+00
9.999998e-01 1.083255e-04 5.430950e-04 -4.681447e-01 -1.081136e-04 9.999999e-01 -3.900645e-04 -3.422862e-02 -5.431367e-04 3.900064e-04 9.999997e-01 2.388975e+00
9.999996e-01 -4.343534e-04 7.518985e-04 -4.944091e-01 4.342196e-04 9.999999e-01 1.780497e-04 -3.403153e-02 -7.519763e-04 -1.777237e-04 9.999998e-01 2.482989e+00
9.999999e-01 3.213047e-05 3.793936e-04 -5.831101e-01 -3.196378e-05 9.999999e-01 -4.393190e-04 -3.164514e-02 -3.794070e-04 4.393074e-04 9.999997e-01 2.606808e+00
9.999991e-01 -3.619549e-04 1.265735e-03 -6.536722e-01 3.615746e-04 9.999999e-01 3.006778e-04 -2.467844e-02 -1.265845e-03 -3.002204e-04 9.999993e-01 2.502208e+00
9.999999e-01 9.488217e-05 3.627403e-04 -6.893772e-01 -9.470207e-05 9.999999e-01 -4.964238e-04 -2.205710e-02 -3.627864e-04 4.963900e-04 9.999997e-01 2.517948e+00
9.999996e-01 -3.995927e-04 8.187717e-04 -7.384957e-01 3.993630e-04 9.999999e-01 2.806945e-04 -2.069159e-02 -8.188849e-04 -2.803679e-04 9.999997e-01 2.605093e+00
1.000000e+00 8.839341e-05 -1.740458e-05 -8.058627e-01 -8.840069e-05 9.999999e-01 -4.193031e-04 -2.023972e-02 1.736871e-05 4.193052e-04 9.999998e-01 2.739392e+00
9.999992e-01 -3.791301e-04 1.212281e-03 -8.744364e-01 3.788308e-04 9.999999e-01 2.471088e-04 -1.450581e-02 -1.212376e-03 -2.466498e-04 9.999993e-01 2.704888e+00
1.000000e+00 7.043061e-05 2.473267e-04 -9.337873e-01 -7.031395e-05 9.999999e-01 -4.716011e-04 -1.072724e-02 -2.473584e-04 4.715842e-04 9.999998e-01 2.700318e+00
9.999998e-01 -4.315387e-04 5.365264e-04 -9.976783e-01 4.313737e-04 9.999999e-01 3.076138e-04 -1.152211e-02 -5.366606e-04 -3.073827e-04 9.999999e-01 2.866745e+00
9.999995e-01 -2.038212e-04 1.027669e-03 -7.643406e-01 2.037226e-04 1.000000e+00 9.611325e-05 -3.795770e-02 -1.027687e-03 -9.590338e-05 9.999994e-01 3.442942e+00
9.999989e-01 -3.310843e-04 1.418720e-03 -3.722970e-01 3.306727e-04 9.999999e-01 2.903231e-04 -6.934085e-02 -1.418818e-03 -2.898542e-04 9.999991e-01 3.963316e+00
9.999998e-01 9.334033e-06 6.659640e-04 -3.797216e-01 -9.019656e-06 9.999999e-01 -4.720448e-04 -6.563690e-02 -6.659662e-04 4.720392e-04 9.999996e-01 3.877530e+00
9.999995e-01 -4.229153e-04 8.732820e-04 -5.272294e-01 4.227462e-04 9.999999e-01 1.937934e-04 -5.976438e-02 -8.733662e-04 -1.934246e-04 9.999997e-01 3.939816e+00
9.999997e-01 -3.427732e-05 7.804522e-04 -6.691804e-01 3.460506e-05 9.999999e-01 -4.199073e-04 -5.568116e-02 -7.804353e-04 4.199346e-04 9.999995e-01 4.067128e+00
9.999997e-01 -5.973550e-04 5.435873e-04 -9.156373e-01 5.973013e-04 9.999998e-01 9.901134e-05 -4.684446e-02 -5.436490e-04 -9.868702e-05 9.999999e-01 4.135240e+00
9.999998e-01 -1.018214e-04 6.610716e-04 -1.186581e+00 1.020268e-04 9.999999e-01 -3.106486e-04 -4.082105e-02 -6.610372e-04 3.107164e-04 9.999996e-01 4.364044e+00
9.999997e-01 -5.057563e-04 5.736754e-04 -1.414385e+00 5.057304e-04 9.999999e-01 4.522540e-05 -3.308237e-02 -5.737011e-04 -4.493561e-05 9.999999e-01 4.463096e+00
9.999994e-01 4.152589e-05 1.124497e-03 -1.577396e+00 -4.123197e-05 1.000000e+00 -2.613902e-04 -2.610619e-02 -1.124504e-03 2.613440e-04 9.999992e-01 4.485293e+00
9.999996e-01 -5.977266e-04 5.890694e-04 -1.809877e+00 5.976901e-04 9.999998e-01 6.216570e-05 -1.423803e-02 -5.891097e-04 -6.181390e-05 9.999999e-01 4.412746e+00
9.999989e-01 1.569010e-04 1.480700e-03 -1.947818e+00 -1.566081e-04 1.000000e+00 -1.979448e-04 -4.418589e-03 -1.480727e-03 1.977130e-04 9.999988e-01 4.289112e+00
9.999997e-01 -6.041909e-04 3.896092e-04 -2.080705e+00 6.042015e-04 9.999998e-01 -2.702460e-05 7.762179e-04 -3.895964e-04 2.725973e-05 1.000000e+00 4.338999e+00
9.999987e-01 1.969270e-04 1.587496e-03 -2.198831e+00 -1.965977e-04 1.000000e+00 -2.075556e-04 6.295982e-03 -1.587533e-03 2.072435e-04 9.999986e-01 4.350352e+00
9.999997e-01 -7.694018e-04 6.430247e-05 -2.422291e+00 7.694032e-04 9.999997e-01 -2.273638e-05 1.607241e-02 -6.428890e-05 2.278564e-05 1.000000e+00 4.351089e+00
9.999986e-01 2.918110e-04 1.676568e-03 -2.603447e+00 -2.915815e-04 9.999999e-01 -1.371454e-04 2.524634e-02 -1.676604e-03 1.366566e-04 9.999985e-01 4.306703e+00
9.999996e-01 -7.728847e-04 3.932702e-04 -2.776380e+00 7.729138e-04 9.999997e-01 -7.391406e-05 3.445687e-02 -3.932173e-04 7.421782e-05 1.000000e+00 4.254997e+00
9.999988e-01 3.279133e-04 1.481400e-03 -2.925853e+00 -3.277868e-04 9.999999e-01 -8.563936e-05 4.149716e-02 -1.481423e-03 8.515384e-05 9.999988e-01 4.252942e+00
9.999997e-01 -7.545968e-04 1.265196e-04 -3.049389e+00 7.546176e-04 9.999997e-01 -1.645666e-04 4.608998e-02 -1.264001e-04 1.646618e-04 1.000000e+00 4.323919e+00
9.999984e-01 4.002617e-04 1.762326e-03 -3.102385e+00 -4.002112e-04 9.999999e-01 -2.902596e-05 4.715541e-02 -1.762332e-03 2.832072e-05 9.999983e-01 4.390487e+00
9.999996e-01 -8.046226e-04 4.247753e-04 -3.187155e+00 8.046899e-04 9.999997e-01 -1.583798e-04 5.322160e-02 -4.246528e-04 1.587214e-04 1.000000e+00 4.304368e+00
9.999993e-01 3.648379e-04 1.095397e-03 -3.320082e+00 -3.647592e-04 9.999999e-01 -7.201245e-05 5.806927e-02 -1.095418e-03 7.161292e-05 9.999993e-01 4.376373e+00
9.999994e-01 -8.141209e-04 7.516064e-04 -3.461928e+00 8.141909e-04 9.999997e-01 -9.277925e-05 6.556395e-02 -7.515360e-04 9.339110e-05 9.999998e-01 4.333805e+00
9.999993e-01 3.272101e-04 1.169491e-03 -3.640014e+00 -3.270313e-04 9.999999e-01 -1.531113e-04 7.447569e-02 -1.169535e-03 1.527287e-04 9.999992e-01 4.299155e+00
9.999995e-01 -9.844514e-04 2.186886e-04 -3.904121e+00 9.844800e-04 9.999995e-01 -1.307910e-04 8.464987e-02 -2.185654e-04 1.310062e-04 1.000000e+00 4.336334e+00
9.999993e-01 2.504298e-04 1.154442e-03 -4.201647e+00 -2.502078e-04 1.000000e+00 -1.924358e-04 9.619457e-02 -1.154484e-03 1.921467e-04 9.999992e-01 4.357240e+00
9.999995e-01 -8.869546e-04 3.853687e-04 -4.438044e+00 8.870181e-04 9.999996e-01 -1.645026e-04 1.049639e-01 -3.852286e-04 1.648444e-04 1.000000e+00 4.411333e+00
9.999995e-01 4.087019e-04 9.317121e-04 -4.598498e+00 -4.086686e-04 9.999999e-01 -3.592911e-05 1.110724e-01 -9.317206e-04 3.554823e-05 9.999995e-01 4.445294e+00
9.999994e-01 -9.094875e-04 5.519546e-04 -4.791072e+00 9.096267e-04 9.999996e-01 -2.520469e-04 1.198194e-01 -5.517314e-04 2.525489e-04 9.999999e-01 4.433127e+00
9.999994e-01 3.899151e-04 1.035473e-03 -4.992525e+00 -3.900215e-04 9.999999e-01 1.026017e-04 1.339195e-01 -1.035427e-03 -1.030057e-04 9.999994e-01 4.229690e+00
9.999993e-01 -8.747253e-04 8.185124e-04 -5.110139e+00 8.749088e-04 9.999996e-01 -2.238889e-04 1.463079e-01 -8.183229e-04 2.246050e-04 9.999997e-01 3.964328e+00
9.999994e-01 5.437893e-04 9.808098e-04 -5.203638e+00 -5.438449e-04 9.999999e-01 5.636394e-05 1.520274e-01 -9.807722e-04 -5.689748e-05 9.999994e-01 3.939353e+00
9.999991e-01 -8.646955e-04 1.046099e-03 -5.249309e+00 8.649992e-04 9.999996e-01 -2.899004e-04 1.540330e-01 -1.045855e-03 2.908052e-04 9.999995e-01 3.982125e+00
9.999992e-01 5.213175e-04 1.142189e-03 -5.316403e+00 -5.214484e-04 9.999999e-01 1.143308e-04 1.581470e-01 -1.142122e-03 -1.149265e-04 9.999992e-01 3.978443e+00
9.999991e-01 -9.089977e-04 9.408563e-04 -5.451151e+00 9.092639e-04 9.999995e-01 -2.826141e-04 1.681185e-01 -9.406064e-04 2.834696e-04 9.999996e-01 3.856660e+00
9.999991e-01 5.538444e-04 1.203724e-03 -5.530990e+00 -5.539566e-04 9.999998e-01 9.295808e-05 1.748985e-01 -1.203664e-03 -9.362507e-05 9.999992e-01 3.762824e+00
9.999993e-01 -8.133022e-04 8.016907e-04 -5.511053e+00 8.134821e-04 9.999996e-01 -2.241728e-04 1.745820e-01 -8.015160e-04 2.248251e-04 9.999998e-01 3.794803e+00
9.999986e-01 5.163620e-04 1.566498e-03 -5.505597e+00 -5.163959e-04 9.999999e-01 2.125254e-05 1.767663e-01 -1.566479e-03 -2.206173e-05 9.999987e-01 3.763912e+00
9.999993e-01 -8.558894e-04 7.990560e-04 -5.496435e+00 8.560644e-04 9.999996e-01 -2.187486e-04 1.795311e-01 -7.988769e-04 2.194328e-04 9.999998e-01 3.684583e+00
9.999993e-01 5.314519e-04 1.053139e-03 -5.538495e+00 -5.315037e-04 9.999999e-01 4.895757e-05 1.834771e-01 -1.053104e-03 -4.951761e-05 9.999993e-01 3.633273e+00
9.999994e-01 -7.894184e-04 7.831950e-04 -5.512444e+00 7.895573e-04 9.999997e-01 -1.770787e-04 1.824404e-01 -7.830637e-04 1.776973e-04 9.999998e-01 3.660163e+00
9.999983e-01 5.389747e-04 1.735105e-03 -5.335300e+00 -5.389417e-04 9.999999e-01 -1.943503e-05 1.763490e-01 -1.735106e-03 1.849951e-05 9.999984e-01 3.608980e+00
9.999993e-01 -7.589496e-04 9.213837e-04 -5.108005e+00 7.591109e-04 9.999997e-01 -1.747204e-04 1.658572e-01 -9.212601e-04 1.754200e-04 9.999997e-01 3.617769e+00
9.999993e-01 5.170930e-04 1.078012e-03 -5.108204e+00 -5.172576e-04 9.999999e-01 1.524797e-04 1.624808e-01 -1.077923e-03 -1.530376e-04 9.999993e-01 3.749138e+00
9.999985e-01 -7.035617e-04 1.594203e-03 -4.969768e+00 7.039600e-04 9.999997e-01 -2.493244e-04 1.533082e-01 -1.594037e-03 2.504466e-04 9.999988e-01 3.837692e+00
9.999994e-01 4.698849e-04 9.379486e-04 -4.855513e+00 -4.699346e-04 9.999999e-01 5.278290e-05 1.474480e-01 -9.379138e-04 -5.322407e-05 9.999995e-01 3.858498e+00
9.999989e-01 -6.565972e-04 1.312182e-03 -4.684278e+00 6.568738e-04 9.999998e-01 -2.104005e-04 1.373195e-01 -1.312053e-03 2.112626e-04 9.999992e-01 3.928511e+00
9.999980e-01 5.416980e-04 1.943361e-03 -4.368050e+00 -5.420325e-04 9.999998e-01 1.716123e-04 1.193420e-01 -1.943257e-03 -1.726657e-04 9.999980e-01 4.006422e+00
9.999984e-01 -6.763502e-04 1.638084e-03 -4.021320e+00 6.767958e-04 9.999997e-01 -2.715360e-04 9.963273e-02 -1.637911e-03 2.726446e-04 9.999987e-01 4.095726e+00
9.999986e-01 5.247478e-04 1.558245e-03 -3.725020e+00 -5.249139e-04 9.999999e-01 1.062377e-04 8.150042e-02 -1.558178e-03 -1.070559e-04 9.999987e-01 4.203810e+00
9.999969e-01 -6.303128e-04 2.391132e-03 -3.326369e+00 6.305903e-04 9.999998e-01 -1.153212e-04 5.689080e-02 -2.391071e-03 1.168291e-04 9.999972e-01 4.359789e+00
9.999998e-01 4.394296e-04 -3.814814e-04 -3.119999e+00 -4.394698e-04 9.999999e-01 -1.053727e-04 4.251682e-02 3.814468e-04 1.055399e-04 9.999998e-01 4.490652e+00
9.999944e-01 -6.272894e-04 3.272190e-03 -2.887158e+00 6.273759e-04 9.999998e-01 -2.541822e-05 2.690130e-02 -3.272186e-03 2.747148e-05 9.999947e-01 4.630896e+00
9.999999e-01 4.340151e-04 5.592277e-06 -2.456006e+00 -4.340140e-04 9.999999e-01 -1.838452e-04 3.083002e-03 -5.659694e-06 1.838423e-04 9.999999e-01 4.711179e+00
9.999945e-01 -5.830557e-04 3.250189e-03 -2.034828e+00 5.832504e-04 9.999998e-01 -5.896284e-05 -2.072547e-02 -3.250167e-03 6.085875e-05 9.999948e-01 4.798595e+00
9.999999e-01 3.938102e-04 -1.391096e-04 -1.666510e+00 -3.938343e-04 9.999999e-01 -1.740731e-04 -4.171121e-02 1.390541e-04 1.741273e-04 9.999999e-01 4.880868e+00
9.999935e-01 -6.136856e-04 3.565199e-03 -1.269646e+00 6.140407e-04 9.999998e-01 -9.852900e-05 -6.239715e-02 -3.565151e-03 1.007181e-04 9.999937e-01 4.919380e+00
9.999999e-01 4.297651e-04 -2.929896e-04 -8.556702e-01 -4.298061e-04 9.999999e-01 -1.399043e-04 -8.384024e-02 2.929432e-04 1.400296e-04 9.999998e-01 4.959225e+00
9.999949e-01 -6.232252e-04 3.132877e-03 -5.325803e-01 6.235453e-04 9.999998e-01 -1.012113e-04 -1.029383e-01 -3.132827e-03 1.031650e-04 9.999952e-01 5.067717e+00
9.999998e-01 4.488557e-04 -4.776870e-04 -2.579306e-01 -4.489015e-04 9.999999e-01 -9.589052e-05 -1.201835e-01 4.776581e-04 9.610425e-05 9.999998e-01 5.192584e+00
9.999939e-01 -6.762256e-04 3.429128e-03 7.973103e-02 6.768150e-04 9.999998e-01 -1.707584e-04 -1.372076e-01 -3.429026e-03 1.730789e-04 9.999942e-01 5.218976e+00
9.999999e-01 4.401687e-04 -2.705320e-04 4.180460e-01 -4.402008e-04 9.999999e-01 -1.189751e-04 -1.535027e-01 2.704944e-04 1.190934e-04 9.999999e-01 5.222254e+00
9.999926e-01 -6.670618e-04 3.780760e-03 8.148534e-01 6.677721e-04 9.999998e-01 -1.866355e-04 -1.732099e-01 -3.780650e-03 1.891596e-04 9.999929e-01 5.227027e+00
9.999998e-01 3.877321e-04 -5.734834e-04 1.168920e+00 -3.878162e-04 9.999999e-01 -1.466899e-04 -1.875321e-01 5.734419e-04 1.469115e-04 9.999997e-01 5.148043e+00
9.999935e-01 -6.841070e-04 3.528109e-03 1.399430e+00 6.845838e-04 9.999998e-01 -1.339496e-04 -1.955315e-01 -3.528032e-03 1.363649e-04 9.999939e-01 5.059941e+00
9.999996e-01 3.790073e-04 -7.822263e-04 1.536335e+00 -3.790954e-04 9.999999e-01 -1.126569e-04 -1.973859e-01 7.821996e-04 1.129525e-04 9.999996e-01 4.900602e+00
9.999935e-01 -7.128411e-04 3.523106e-03 1.629132e+00 7.132293e-04 9.999997e-01 -1.089667e-04 -1.966097e-01 -3.523043e-03 1.114797e-04 9.999939e-01 4.713899e+00
9.999991e-01 3.687727e-04 -1.285125e-03 1.646717e+00 -3.688242e-04 9.999999e-01 -3.987858e-05 -1.922794e-01 1.285127e-03 4.035163e-05 9.999991e-01 4.528409e+00
9.999954e-01 -7.320547e-04 2.946836e-03 1.574264e+00 7.323894e-04 9.999997e-01 -1.125261e-04 -1.832966e-01 -2.946770e-03 1.146847e-04 9.999958e-01 4.344285e+00
9.999993e-01 3.003656e-04 -1.169993e-03 1.427449e+00 -3.003804e-04 1.000000e+00 -1.255874e-05 -1.707579e-01 1.170006e-03 1.290923e-05 9.999992e-01 4.131249e+00
9.999964e-01 -7.386608e-04 2.585053e-03 1.289066e+00 7.389636e-04 9.999997e-01 -1.162544e-04 -1.566126e-01 -2.584984e-03 1.181652e-04 9.999968e-01 3.842735e+00
9.999999e-01 1.993499e-04 -4.742771e-04 1.135002e+00 -1.993628e-04 1.000000e+00 -2.744498e-05 -1.410305e-01 4.742888e-04 2.753856e-05 9.999998e-01 3.472354e+00
9.999977e-01 -6.099830e-04 2.042766e-03 9.905745e-01 6.101686e-04 9.999998e-01 -9.030256e-05 -1.291021e-01 -2.042728e-03 9.154979e-05 9.999980e-01 3.284285e+00
9.999999e-01 2.603730e-04 -3.707314e-04 8.908742e-01 -2.604071e-04 1.000000e+00 -9.236108e-05 -1.207713e-01 3.707249e-04 9.245661e-05 9.999998e-01 3.160360e+00
9.999969e-01 -5.529628e-04 2.428514e-03 9.510639e-01 5.533261e-04 9.999998e-01 -1.489847e-04 -1.206637e-01 -2.428449e-03 1.503291e-04 9.999971e-01 3.072376e+00
9.999999e-01 2.759032e-04 3.955644e-04 1.196391e+00 -2.758545e-04 1.000000e+00 -1.228822e-04 -1.279175e-01 -3.955802e-04 1.227720e-04 9.999998e-01 2.941460e+00
9.999976e-01 -5.167563e-04 2.148184e-03 1.395814e+00 5.170334e-04 9.999999e-01 -1.284528e-04 -1.351614e-01 -2.148135e-03 1.295642e-04 9.999978e-01 2.890760e+00
9.999999e-01 2.510588e-04 3.959408e-04 1.556585e+00 -2.510070e-04 1.000000e+00 -1.305299e-04 -1.389506e-01 -3.959551e-04 1.304294e-04 9.999998e-01 2.794901e+00
9.999975e-01 -5.332990e-04 2.154118e-03 1.656146e+00 5.334665e-04 9.999999e-01 -7.723564e-05 -1.399199e-01 -2.154096e-03 7.838575e-05 9.999978e-01 2.690740e+00
1.000000e+00 1.533540e-04 8.270819e-05 1.645619e+00 -1.533497e-04 1.000000e+00 -5.082692e-05 -1.340250e-01 -8.269699e-05 5.081307e-05 9.999999e-01 2.517880e+00
9.999976e-01 -5.086744e-04 2.113509e-03 1.632015e+00 5.091532e-04 9.999998e-01 -2.260644e-04 -1.299284e-01 -2.113413e-03 2.271411e-04 9.999978e-01 2.388667e+00
9.999998e-01 2.477559e-04 -5.596018e-04 1.620540e+00 -2.477729e-04 1.000000e+00 -3.059202e-05 -1.296078e-01 5.596135e-04 3.072945e-05 9.999997e-01 2.414698e+00
9.999975e-01 -4.645066e-04 2.190119e-03 1.660330e+00 4.648861e-04 9.999999e-01 -1.728427e-04 -1.312813e-01 -2.190058e-03 1.738616e-04 9.999977e-01 2.443346e+00
9.999998e-01 1.951941e-04 -5.864742e-04 1.628987e+00 -1.951860e-04 1.000000e+00 1.367409e-05 -1.266994e-01 5.864965e-04 -1.356087e-05 9.999997e-01 2.390238e+00
9.999977e-01 -5.295713e-04 2.055780e-03 1.513161e+00 5.299711e-04 9.999998e-01 -1.940328e-04 -1.183643e-01 -2.055697e-03 1.951231e-04 9.999980e-01 2.298745e+00
9.999995e-01 2.648523e-04 -9.295545e-04 1.492599e+00 -2.648161e-04 1.000000e+00 3.888323e-05 -1.184419e-01 9.295847e-04 -3.863835e-05 9.999995e-01 2.385614e+00
9.999979e-01 -5.063999e-04 1.983595e-03 1.463593e+00 5.067417e-04 9.999999e-01 -1.719143e-04 -1.183871e-01 -1.983528e-03 1.729205e-04 9.999981e-01 2.478706e+00
9.999997e-01 2.661573e-04 -7.274986e-04 1.478284e+00 -2.660976e-04 1.000000e+00 8.198055e-05 -1.210164e-01 7.275406e-04 -8.178826e-05 9.999996e-01 2.578199e+00
9.999966e-01 -3.921954e-04 2.590188e-03 1.696881e+00 3.927558e-04 9.999999e-01 -2.159395e-04 -1.344932e-01 -2.590123e-03 2.169574e-04 9.999967e-01 2.688616e+00
9.999997e-01 2.354450e-04 -6.984663e-04 1.877276e+00 -2.353675e-04 1.000000e+00 1.107140e-04 -1.456293e-01 6.985128e-04 -1.105510e-04 9.999997e-01 2.787338e+00
9.999975e-01 -4.328915e-04 2.200672e-03 1.962596e+00 4.334743e-04 9.999999e-01 -2.644215e-04 -1.509520e-01 -2.200578e-03 2.653762e-04 9.999976e-01 2.861476e+00
9.999997e-01 2.634182e-04 -7.311252e-04 2.059205e+00 -2.633338e-04 1.000000e+00 1.152664e-04 -1.558012e-01 7.311763e-04 -1.150752e-04 9.999996e-01 2.909602e+00
9.999964e-01 -4.461535e-04 2.651415e-03 2.214970e+00 4.469150e-04 9.999999e-01 -2.866610e-04 -1.613015e-01 -2.651307e-03 2.878463e-04 9.999965e-01 2.896795e+00
9.999996e-01 2.896213e-04 -8.903348e-04 2.419888e+00 -2.894365e-04 9.999999e-01 2.074716e-04 -1.691066e-01 8.904160e-04 -2.072152e-04 9.999995e-01 2.884143e+00
9.999952e-01 -3.751938e-04 3.077234e-03 2.739962e+00 3.760208e-04 9.999999e-01 -2.682210e-04 -1.839460e-01 -3.077154e-03 2.693782e-04 9.999953e-01 2.891475e+00
9.999980e-01 2.502528e-04 -1.960910e-03 2.823641e+00 -2.498890e-04 1.000000e+00 1.856686e-04 -1.902144e-01 1.960978e-03 -1.851796e-04 9.999980e-01 2.984706e+00
9.999955e-01 -4.278462e-04 2.961533e-03 2.816452e+00 4.287849e-04 9.999999e-01 -3.163997e-04 -1.921804e-01 -2.961419e-03 3.176696e-04 9.999957e-01 3.094752e+00
9.999992e-01 2.593778e-04 -1.264446e-03 2.973207e+00 -2.591853e-04 1.000000e+00 1.522667e-04 -2.009594e-01 1.264508e-03 -1.519403e-04 9.999991e-01 3.153670e+00
9.999940e-01 -3.773208e-04 3.451801e-03 3.191547e+00 3.780916e-04 9.999999e-01 -2.226900e-04 -2.130471e-01 -3.451739e-03 2.239952e-04 9.999941e-01 3.215067e+00
9.999987e-01 2.180931e-04 -1.591029e-03 3.324347e+00 -2.179358e-04 1.000000e+00 9.891123e-05 -2.211752e-01 1.591073e-03 -9.856585e-05 9.999986e-01 3.289819e+00
9.999950e-01 -4.182479e-04 3.124091e-03 3.383685e+00 4.190802e-04 9.999999e-01 -2.658044e-04 -2.259118e-01 -3.124002e-03 2.671139e-04 9.999952e-01 3.378937e+00
9.999989e-01 1.934403e-04 -1.483648e-03 3.458192e+00 -1.932999e-04 1.000000e+00 9.460323e-05 -2.296865e-01 1.483689e-03 -9.431785e-05 9.999988e-01 3.433071e+00
9.999959e-01 -3.916362e-04 2.852157e-03 3.478641e+00 3.924291e-04 9.999999e-01 -2.775152e-04 -2.317154e-01 -2.852071e-03 2.786349e-04 9.999960e-01 3.514787e+00
9.999997e-01 2.103763e-04 -7.744503e-04 3.633819e+00 -2.102989e-04 1.000000e+00 9.971961e-05 -2.382188e-01 7.744940e-04 -9.955827e-05 9.999996e-01 3.530864e+00
9.999951e-01 -3.935423e-04 3.102491e-03 3.881728e+00 3.944021e-04 9.999999e-01 -2.765757e-04 -2.488069e-01 -3.102405e-03 2.777996e-04 9.999952e-01 3.524048e+00
9.999995e-01 1.669462e-04 -9.564108e-04 4.017446e+00 -1.668716e-04 1.000000e+00 7.790698e-05 -2.513616e-01 9.564470e-04 -7.774895e-05 9.999994e-01 3.445414e+00
9.999943e-01 -3.897522e-04 3.363417e-03 4.254893e+00 3.906789e-04 9.999999e-01 -2.749281e-04 -2.600141e-01 -3.363333e-03 2.762421e-04 9.999944e-01 3.406814e+00
9.999994e-01 1.600577e-04 -1.070415e-03 4.358871e+00 -1.600388e-04 1.000000e+00 1.758553e-05 -2.629671e-01 1.070442e-03 -1.741586e-05 9.999993e-01 3.387960e+00
9.999955e-01 -4.344352e-04 2.975587e-03 4.398957e+00 4.349889e-04 9.999999e-01 -1.854908e-04 -2.617035e-01 -2.975530e-03 1.867859e-04 9.999957e-01 3.331671e+00
9.999999e-01 1.484321e-04 -3.000318e-04 4.617418e+00 -1.484649e-04 1.000000e+00 -1.100656e-04 -2.687419e-01 3.000396e-04 1.101085e-04 9.999999e-01 3.252873e+00
9.999964e-01 -4.090316e-04 2.657719e-03 4.803682e+00 4.094433e-04 9.999999e-01 -1.544663e-04 -2.769154e-01 -2.657680e-03 1.555557e-04 9.999966e-01 3.232884e+00
9.999999e-01 1.977022e-04 -3.167441e-04 5.048906e+00 -1.977044e-04 1.000000e+00 -7.595877e-06 -2.924350e-01 3.167672e-04 7.656745e-06 9.999999e-01 3.366294e+00
9.999967e-01 -3.915387e-04 2.522794e-03 5.282077e+00 3.919472e-04 9.999999e-01 -1.615315e-04 -3.085533e-01 -2.522755e-03 1.625215e-04 9.999969e-01 3.537784e+00
9.999999e-01 3.835130e-05 -5.028573e-04 5.330257e+00 -3.835794e-05 1.000000e+00 -1.368636e-05 -3.094774e-01 5.028818e-04 1.370385e-05 9.999998e-01 3.474364e+00
9.999972e-01 -4.390967e-04 2.336523e-03 5.261932e+00 4.394404e-04 9.999999e-01 -1.466966e-04 -3.056600e-01 -2.336483e-03 1.477248e-04 9.999974e-01 3.442942e+00
1.000000e+00 2.036593e-04 4.008594e-05 5.383915e+00 -2.036579e-04 1.000000e+00 -2.848868e-05 -3.127493e-01 -4.006633e-05 2.847868e-05 9.999999e-01 3.504760e+00
9.999966e-01 -4.161635e-04 2.588712e-03 5.602675e+00 4.166341e-04 9.999999e-01 -1.813568e-04 -3.227697e-01 -2.588662e-03 1.824366e-04 9.999967e-01 3.522267e+00
1.000000e+00 1.940670e-04 -1.659740e-04 5.788224e+00 -1.940635e-04 1.000000e+00 1.975566e-05 -3.294583e-01 1.660038e-04 -1.972533e-05 9.999999e-01 3.482321e+00
9.999978e-01 -4.313027e-04 2.072077e-03 5.831417e+00 4.316545e-04 9.999999e-01 -1.694703e-04 -3.332310e-01 -2.072029e-03 1.703663e-04 9.999979e-01 3.558033e+00
9.999999e-01 2.385870e-04 2.646767e-04 5.944255e+00 -2.385934e-04 1.000000e+00 2.513835e-05 -3.410510e-01 -2.646444e-04 -2.520341e-05 9.999999e-01 3.651803e+00
9.999981e-01 -4.504114e-04 1.912266e-03 6.094345e+00 4.506959e-04 9.999999e-01 -1.485038e-04 -3.496936e-01 -1.912225e-03 1.493673e-04 9.999983e-01 3.716203e+00
9.999999e-01 2.248857e-04 2.662080e-04 6.215315e+00 -2.248882e-04 1.000000e+00 1.039642e-05 -3.555934e-01 -2.661789e-04 -1.045822e-05 9.999999e-01 3.756147e+00
9.999972e-01 -3.934701e-04 2.346275e-03 6.404255e+00 3.938053e-04 9.999999e-01 -1.425127e-04 -3.665190e-01 -2.346246e-03 1.434383e-04 9.999973e-01 3.823637e+00
9.999997e-01 2.761059e-04 7.347799e-04 6.783984e+00 -2.759968e-04 1.000000e+00 -1.481635e-04 -3.914344e-01 -7.347935e-04 1.479587e-04 9.999996e-01 3.980993e+00
9.999952e-01 -3.521828e-04 3.088613e-03 7.258864e+00 3.526428e-04 9.999999e-01 -1.484990e-04 -4.209187e-01 -3.088588e-03 1.495895e-04 9.999953e-01 4.122463e+00
9.999991e-01 5.761471e-05 1.368307e-03 8.001785e+00 -5.777758e-05 1.000000e+00 1.192116e-04 -4.687187e-01 -1.368272e-03 -1.192926e-04 9.999990e-01 4.536003e+00
9.999956e-01 -3.529879e-04 2.933599e-03 8.785918e+00 3.533225e-04 9.999999e-01 -1.136673e-04 -5.177150e-01 -2.933587e-03 1.147053e-04 9.999958e-01 4.932535e+00
9.999979e-01 2.186258e-04 2.057337e-03 9.508086e+00 -2.180591e-04 9.999999e-01 -2.755229e-04 -5.575062e-01 -2.057368e-03 2.750716e-04 9.999977e-01 5.019538e+00
9.999966e-01 -3.546113e-04 2.587818e-03 1.011935e+01 3.549322e-04 9.999999e-01 -1.236575e-04 -5.904447e-01 -2.587804e-03 1.245777e-04 9.999967e-01 5.054058e+00
9.999968e-01 2.334832e-04 2.500964e-03 1.085754e+01 -2.326714e-04 9.999999e-01 -3.247406e-04 -6.295349e-01 -2.501010e-03 3.241555e-04 9.999967e-01 5.096706e+00
9.999994e-01 -4.115582e-04 1.023844e-03 1.130450e+01 4.115501e-04 9.999999e-01 7.746929e-06 -6.538294e-01 -1.023877e-03 -7.323371e-06 9.999996e-01 5.172675e+00
9.999988e-01 1.426934e-04 1.515184e-03 1.150310e+01 -1.423187e-04 1.000000e+00 -2.471943e-04 -6.657784e-01 -1.515189e-03 2.469762e-04 9.999987e-01 5.252559e+00
9.999994e-01 -4.093762e-04 9.730681e-04 1.167169e+01 4.093570e-04 9.999999e-01 1.953788e-05 -6.779968e-01 -9.731067e-04 -1.913729e-05 9.999996e-01 5.383315e+00
9.999983e-01 1.383788e-04 1.837192e-03 1.198490e+01 -1.383278e-04 1.000000e+00 -2.769021e-05 -7.005646e-01 -1.837165e-03 2.743379e-05 9.999982e-01 5.644188e+00
9.999998e-01 -3.382597e-04 5.078438e-04 1.216880e+01 3.383596e-04 9.999999e-01 -1.974986e-04 -7.128711e-01 -5.078081e-04 1.976727e-04 9.999999e-01 5.755221e+00
9.999969e-01 1.429683e-04 2.471029e-03 1.243363e+01 -1.428352e-04 1.000000e+00 -5.389462e-05 -7.289826e-01 -2.471005e-03 5.353921e-05 9.999968e-01 5.857783e+00
9.999996e-01 -3.395872e-04 8.081561e-04 1.279890e+01 3.397518e-04 9.999999e-01 -2.041424e-04 -7.514479e-01 -8.081185e-04 2.044192e-04 9.999997e-01 5.993994e+00
9.999982e-01 1.272847e-04 1.906484e-03 1.305422e+01 -1.271212e-04 1.000000e+00 -8.570167e-05 -7.682260e-01 -1.906463e-03 8.545681e-05 9.999981e-01 6.139050e+00
9.999999e-01 -3.735735e-04 3.365015e-04 1.324421e+01 3.736169e-04 9.999999e-01 -1.302013e-04 -7.815302e-01 -3.364851e-04 1.303294e-04 1.000000e+00 6.285374e+00
9.999970e-01 1.342081e-04 2.435405e-03 1.345360e+01 -1.340295e-04 1.000000e+00 -7.332897e-05 -7.948655e-01 -2.435382e-03 7.299994e-05 9.999969e-01 6.394377e+00
9.999998e-01 -5.632268e-04 1.256009e-04 1.353595e+01 5.632602e-04 9.999998e-01 -2.688637e-04 -7.952575e-01 -1.254822e-04 2.689369e-04 1.000000e+00 6.268855e+00
9.999990e-01 2.059375e-04 1.393104e-03 1.346689e+01 -2.059522e-04 1.000000e+00 1.078111e-05 -7.936080e-01 -1.393069e-03 -1.107047e-05 9.999989e-01 6.345600e+00
9.999997e-01 -5.400097e-04 4.813358e-04 1.348820e+01 5.401360e-04 9.999998e-01 -2.631688e-04 -7.961064e-01 -4.812267e-04 2.634313e-04 9.999999e-01 6.413233e+00
9.999987e-01 1.606713e-04 1.605650e-03 1.351609e+01 -1.606619e-04 1.000000e+00 -5.715658e-06 -7.989955e-01 -1.605618e-03 5.455155e-06 9.999986e-01 6.458572e+00
9.999998e-01 -4.993351e-04 -4.430331e-04 1.351961e+01 4.992673e-04 9.999999e-01 -1.520157e-04 -8.041541e-01 4.430755e-04 1.517971e-04 1.000000e+00 6.632135e+00
9.999973e-01 1.962660e-04 2.313810e-03 1.358098e+01 -1.960359e-04 1.000000e+00 -9.946500e-05 -8.104419e-01 -2.313796e-03 9.900857e-05 9.999972e-01 6.751615e+00
9.999998e-01 -5.050414e-04 2.374780e-04 1.379220e+01 5.050895e-04 9.999999e-01 -2.048676e-04 -8.232580e-01 -2.374083e-04 2.049901e-04 1.000000e+00 6.845071e+00
9.999971e-01 2.305509e-04 2.412523e-03 1.398119e+01 -2.303407e-04 1.000000e+00 -8.721112e-05 -8.362010e-01 -2.412509e-03 8.665252e-05 9.999970e-01 6.956293e+00
9.999989e-01 -4.715295e-04 1.412668e-03 1.436049e+01 4.719705e-04 9.999998e-01 -3.121958e-04 -8.564712e-01 -1.412555e-03 3.128649e-04 9.999991e-01 6.985736e+00
9.999984e-01 2.934138e-04 1.770676e-03 1.470825e+01 -2.933980e-04 1.000000e+00 -8.909863e-06 -8.754413e-01 -1.770644e-03 8.387618e-06 9.999983e-01 7.042625e+00
9.999999e-01 -5.093325e-04 -7.587261e-05 1.483243e+01 5.093201e-04 9.999999e-01 -1.564028e-04 -8.849353e-01 7.591741e-05 1.563669e-04 1.000000e+00 7.165281e+00
9.999941e-01 2.762432e-04 3.424085e-03 1.517977e+01 -2.758147e-04 1.000000e+00 -1.254678e-04 -9.020330e-01 -3.424084e-03 1.245199e-04 9.999940e-01 7.178296e+00
9.999998e-01 -5.275161e-04 -4.182150e-04 1.546813e+01 5.274546e-04 9.999999e-01 -1.459163e-04 -9.175217e-01 4.182564e-04 1.456984e-04 1.000000e+00 7.228624e+00
9.999959e-01 3.000157e-04 2.856858e-03 1.560530e+01 -3.001804e-04 1.000000e+00 5.741289e-05 -9.285755e-01 -2.856805e-03 -5.827303e-05 9.999958e-01 7.374081e+00
9.999999e-01 -4.534381e-04 1.210638e-04 1.589882e+01 4.534568e-04 9.999999e-01 -1.589875e-04 -9.482421e-01 -1.210276e-04 1.590452e-04 1.000000e+00 7.541835e+00
9.999944e-01 2.076600e-04 3.350745e-03 1.627869e+01 -2.071653e-04 1.000000e+00 -1.478215e-04 -9.683082e-01 -3.350739e-03 1.471237e-04 9.999943e-01 7.598748e+00
9.999999e-01 -4.233172e-04 -2.163458e-04 1.658350e+01 4.232877e-04 9.999999e-01 -1.341349e-04 -9.862490e-01 2.163660e-04 1.340462e-04 1.000000e+00 7.683484e+00
9.999963e-01 2.545887e-04 2.699007e-03 1.677748e+01 -2.542312e-04 1.000000e+00 -1.325840e-04 -1.000377e+00 -2.699004e-03 1.318944e-04 9.999963e-01 7.810876e+00
9.999999e-01 -4.405947e-04 -1.112503e-04 1.698015e+01 4.405806e-04 9.999999e-01 -1.219672e-04 -1.013123e+00 1.112669e-04 1.219211e-04 1.000000e+00 7.899888e+00
9.999972e-01 1.443151e-04 2.349380e-03 1.704480e+01 -1.440593e-04 1.000000e+00 -1.088196e-04 -1.015753e+00 -2.349359e-03 1.084779e-04 9.999971e-01 7.935851e+00
9.999998e-01 -4.083277e-04 -5.828643e-04 1.704910e+01 4.082754e-04 9.999999e-01 -8.888086e-05 -1.018554e+00 5.828631e-04 8.864587e-05 9.999999e-01 8.044389e+00
9.999972e-01 1.165419e-04 2.357450e-03 1.709190e+01 -1.163944e-04 1.000000e+00 -6.246369e-05 -1.024099e+00 -2.357420e-03 6.218611e-05 9.999971e-01 8.180685e+00
9.999999e-01 -3.427449e-04 -1.238862e-04 1.717891e+01 3.427295e-04 9.999999e-01 -1.189533e-04 -1.030886e+00 1.238892e-04 1.189139e-04 1.000000e+00 8.277313e+00
9.999962e-01 6.648444e-05 2.755456e-03 1.734235e+01 -6.612119e-05 1.000000e+00 -1.316971e-04 -1.037673e+00 -2.755426e-03 1.315113e-04 9.999961e-01 8.271249e+00
9.999996e-01 -2.996917e-04 -8.398450e-04 1.751199e+01 2.996929e-04 1.000000e+00 2.026303e-06 -1.050629e+00 8.398062e-04 -2.274912e-06 9.999997e-01 8.433095e+00
9.999931e-01 -2.805820e-04 3.715917e-03 1.783536e+01 2.779583e-04 9.999997e-01 7.067271e-04 -1.084029e+00 -3.716076e-03 -7.056924e-04 9.999928e-01 9.089654e+00
9.999997e-01 -3.047958e-04 -7.016890e-04 1.815333e+01 3.048560e-04 9.999999e-01 8.653359e-05 -1.118607e+00 7.016238e-04 -8.674452e-05 9.999998e-01 9.801027e+00
9.999896e-01 3.472569e-05 4.549108e-03 1.846316e+01 -3.668313e-05 9.999999e-01 4.303428e-04 -1.146757e+00 -4.549053e-03 -4.305082e-04 9.999895e-01 1.026257e+01
9.999990e-01 -3.232919e-04 -1.361097e-03 1.885337e+01 3.231393e-04 9.999999e-01 -1.119122e-04 -1.177606e+00 1.361093e-03 1.114751e-04 9.999992e-01 1.068612e+01
9.999927e-01 -2.629825e-05 3.824249e-03 1.909807e+01 2.439549e-05 9.999999e-01 4.977563e-04 -1.202815e+00 -3.824222e-03 -4.976622e-04 9.999925e-01 1.117797e+01
9.999976e-01 -1.924193e-04 -2.170297e-03 1.909989e+01 1.913285e-04 9.999999e-01 -5.025375e-04 -1.208836e+00 2.170354e-03 5.021239e-04 9.999976e-01 1.137302e+01
9.999931e-01 -7.690056e-05 3.722703e-03 1.915591e+01 7.557999e-05 9.999999e-01 3.550419e-04 -1.215896e+00 -3.722691e-03 -3.547610e-04 9.999929e-01 1.152371e+01
9.999995e-01 -1.226625e-04 -1.002893e-03 1.934030e+01 1.221082e-04 9.999998e-01 -5.521632e-04 -1.226112e+00 1.002921e-03 5.520433e-04 9.999994e-01 1.158812e+01
9.999932e-01 -3.891523e-05 3.699772e-03 1.959001e+01 3.758727e-05 9.999999e-01 3.591706e-04 -1.241622e+00 -3.699746e-03 -3.590320e-04 9.999930e-01 1.169565e+01
1.000000e+00 -1.063148e-04 -1.928353e-04 1.994409e+01 1.061983e-04 9.999998e-01 -6.009639e-04 -1.258512e+00 1.928585e-04 6.009464e-04 9.999999e-01 1.171699e+01
9.999938e-01 -1.606267e-04 3.527250e-03 2.033192e+01 1.593715e-04 9.999999e-01 3.563071e-04 -1.271876e+00 -3.527266e-03 -3.557457e-04 9.999936e-01 1.158091e+01
1.000000e+00 -3.612582e-06 -1.171001e-04 2.076211e+01 3.543466e-06 9.999998e-01 -5.846299e-04 -1.292942e+00 1.170609e-04 5.846325e-04 9.999999e-01 1.158483e+01
9.999933e-01 -1.047880e-04 3.649405e-03 2.117093e+01 1.031786e-04 9.999999e-01 4.413517e-04 -1.317435e+00 -3.649409e-03 -4.409752e-04 9.999931e-01 1.171315e+01
9.999991e-01 -5.344657e-05 -1.362340e-03 2.136487e+01 5.269815e-05 9.999998e-01 -5.489056e-04 -1.330163e+00 1.362327e-03 5.488364e-04 9.999990e-01 1.182927e+01
9.999938e-01 -1.511342e-04 3.526440e-03 2.145888e+01 1.494868e-04 9.999999e-01 4.676038e-04 -1.335185e+00 -3.526469e-03 -4.670767e-04 9.999936e-01 1.187696e+01
9.999998e-01 8.228003e-06 -6.938664e-04 2.172399e+01 -8.576645e-06 9.999999e-01 -5.014756e-04 -1.349339e+00 6.938199e-04 5.014844e-04 9.999997e-01 1.194966e+01
9.999948e-01 -1.391996e-04 3.215841e-03 2.199925e+01 1.371907e-04 9.999998e-01 6.251109e-04 -1.369939e+00 -3.215885e-03 -6.246695e-04 9.999945e-01 1.221207e+01
9.999991e-01 -7.198740e-05 -1.318328e-03 2.209731e+01 7.145437e-05 9.999999e-01 -4.038445e-04 -1.383773e+00 1.318314e-03 4.037530e-04 9.999991e-01 1.253311e+01
9.999976e-01 -1.071875e-04 2.199591e-03 2.204597e+01 1.065977e-04 1.000000e+00 2.685862e-04 -1.386848e+00 -2.199577e-03 -2.683541e-04 9.999974e-01 1.273072e+01
9.999997e-01 -3.415824e-04 -7.438435e-04 2.190981e+01 3.412450e-04 9.999998e-01 -4.527245e-04 -1.381099e+00 7.439551e-04 4.524736e-04 9.999997e-01 1.274446e+01
9.999967e-01 7.412669e-05 2.548528e-03 2.189666e+01 -7.507123e-05 9.999999e-01 3.708101e-04 -1.381503e+00 -2.548457e-03 -3.710033e-04 9.999966e-01 1.279870e+01
9.999999e-01 -2.900546e-04 -2.798586e-04 2.193442e+01 2.899260e-04 9.999999e-01 -4.567509e-04 -1.385121e+00 2.799477e-04 4.566728e-04 1.000000e+00 1.287171e+01
9.999965e-01 1.898954e-05 2.629390e-03 2.204629e+01 -1.982132e-05 9.999999e-01 3.165945e-04 -1.391438e+00 -2.629341e-03 -3.166486e-04 9.999964e-01 1.288371e+01
9.999998e-01 -2.031433e-04 -6.787277e-04 2.220475e+01 2.028593e-04 9.999999e-01 -4.173908e-04 -1.403442e+00 6.787687e-04 4.172561e-04 9.999998e-01 1.303655e+01
9.999953e-01 1.534819e-06 3.052913e-03 2.245216e+01 -2.505642e-06 9.999999e-01 3.182390e-04 -1.417232e+00 -3.052869e-03 -3.182483e-04 9.999952e-01 1.311417e+01
9.999994e-01 -4.466068e-04 -9.928436e-04 2.245793e+01 4.461753e-04 9.999998e-01 -4.341222e-04 -1.408120e+00 9.929932e-04 4.336821e-04 9.999995e-01 1.274165e+01
9.999961e-01 -2.548287e-04 2.781681e-03 2.228758e+01 2.541071e-04 9.999999e-01 2.600381e-04 -1.391102e+00 -2.781702e-03 -2.593335e-04 9.999960e-01 1.231524e+01
9.999984e-01 -2.214800e-05 -1.773678e-03 2.223045e+01 2.145905e-05 9.999999e-01 -3.880180e-04 -1.391396e+00 1.773642e-03 3.879826e-04 9.999984e-01 1.245180e+01
9.999903e-01 -4.356289e-04 4.375132e-03 2.274492e+01 4.326466e-04 9.999997e-01 6.827475e-04 -1.433554e+00 -4.375383e-03 -6.808512e-04 9.999901e-01 1.309227e+01
9.999985e-01 2.486846e-04 -1.688773e-03 2.317219e+01 -2.494106e-04 9.999999e-01 -4.292353e-04 -1.468153e+00 1.688621e-03 4.296590e-04 9.999986e-01 1.354475e+01
9.999934e-01 -2.682683e-04 3.611941e-03 2.343353e+01 2.668077e-04 9.999999e-01 4.050679e-04 -1.488122e+00 -3.612005e-03 -4.041047e-04 9.999933e-01 1.375845e+01
9.999985e-01 2.571473e-04 -1.704159e-03 2.370226e+01 -2.578394e-04 9.999999e-01 -4.054879e-04 -1.506972e+00 1.704009e-03 4.059298e-04 9.999986e-01 1.395418e+01
9.999943e-01 -3.678178e-04 3.364763e-03 2.382179e+01 3.666321e-04 9.999999e-01 3.532280e-04 -1.515557e+00 -3.364847e-03 -3.519955e-04 9.999942e-01 1.405233e+01
9.999994e-01 2.798599e-04 -1.098137e-03 2.410038e+01 -2.804536e-04 9.999998e-01 -5.397573e-04 -1.533657e+00 1.097941e-03 5.400682e-04 9.999993e-01 1.417532e+01
9.999907e-01 -2.786758e-04 4.300487e-03 2.454455e+01 2.764339e-04 9.999998e-01 5.220783e-04 -1.562949e+00 -4.300585e-03 -5.208878e-04 9.999905e-01 1.441598e+01
9.999986e-01 2.192377e-04 -1.681654e-03 2.496849e+01 -2.202700e-04 9.999998e-01 -6.132161e-04 -1.590050e+00 1.681473e-03 6.135888e-04 9.999985e-01 1.462013e+01
9.999893e-01 -3.054410e-04 4.614628e-03 2.534275e+01 3.019814e-04 9.999997e-01 7.505387e-04 -1.616096e+00 -4.614809e-03 -7.491403e-04 9.999890e-01 1.489325e+01
9.999990e-01 1.854325e-04 -1.405877e-03 2.574479e+01 -1.860887e-04 9.999999e-01 -4.661264e-04 -1.645379e+00 1.405744e-03 4.663907e-04 9.999990e-01 1.524777e+01
9.999899e-01 -2.858698e-04 4.488432e-03 2.616990e+01 2.840131e-04 9.999999e-01 4.144698e-04 -1.673082e+00 -4.488503e-03 -4.131940e-04 9.999897e-01 1.547757e+01
9.999980e-01 1.608957e-04 -2.011076e-03 2.649118e+01 -1.622746e-04 9.999998e-01 -6.850763e-04 -1.692989e+00 2.010918e-03 6.854044e-04 9.999978e-01 1.560851e+01
9.999932e-01 -3.275178e-04 3.671386e-03 2.659552e+01 3.260725e-04 9.999999e-01 3.944714e-04 -1.699639e+00 -3.671468e-03 -3.932748e-04 9.999931e-01 1.567829e+01
9.999984e-01 1.341661e-04 -1.804725e-03 2.673106e+01 -1.352891e-04 9.999998e-01 -6.216777e-04 -1.709443e+00 1.804594e-03 6.219241e-04 9.999983e-01 1.578386e+01
9.999883e-01 -2.553390e-04 4.827742e-03 2.721046e+01 2.532691e-04 9.999999e-01 4.295243e-04 -1.739344e+00 -4.827803e-03 -4.282999e-04 9.999882e-01 1.599262e+01
9.999977e-01 1.743019e-04 -2.125820e-03 2.763539e+01 -1.756169e-04 9.999998e-01 -6.179977e-04 -1.767251e+00 2.125664e-03 6.183729e-04 9.999976e-01 1.618905e+01
9.999894e-01 -1.302000e-04 4.605916e-03 2.791136e+01 1.277266e-04 9.999998e-01 5.374866e-04 -1.788564e+00 -4.605937e-03 -5.368959e-04 9.999892e-01 1.641579e+01
9.999990e-01 1.068575e-04 -1.387791e-03 2.836623e+01 -1.077725e-04 9.999998e-01 -6.586179e-04 -1.817459e+00 1.387672e-03 6.587701e-04 9.999989e-01 1.660145e+01
9.999925e-01 -1.826434e-04 3.863346e-03 2.874586e+01 1.802778e-04 9.999998e-01 6.128730e-04 -1.843465e+00 -3.863409e-03 -6.121753e-04 9.999923e-01 1.683643e+01
9.999981e-01 1.219427e-04 -1.945493e-03 2.901616e+01 -1.231418e-04 9.999998e-01 -6.158096e-04 -1.863213e+00 1.945368e-03 6.160513e-04 9.999980e-01 1.705086e+01
9.999952e-01 -3.342018e-04 3.093850e-03 2.926647e+01 3.316875e-04 9.999996e-01 8.134711e-04 -1.887787e+00 -3.094071e-03 -8.124443e-04 9.999948e-01 1.749022e+01
9.999985e-01 1.293119e-04 -1.728587e-03 2.936700e+01 -1.300003e-04 9.999999e-01 -3.976598e-04 -1.905130e+00 1.728486e-03 3.978872e-04 9.999985e-01 1.791993e+01
9.999936e-01 -2.681282e-04 3.579162e-03 2.945357e+01 2.651820e-04 9.999996e-01 8.238329e-04 -1.920877e+00 -3.579333e-03 -8.228816e-04 9.999932e-01 1.831488e+01
9.999992e-01 1.520610e-04 -1.247518e-03 2.982325e+01 -1.529075e-04 9.999998e-01 -6.777810e-04 -1.949029e+00 1.247365e-03 6.779744e-04 9.999991e-01 1.867174e+01
9.999921e-01 -3.195728e-04 3.970279e-03 3.005019e+01 3.155639e-04 9.999994e-01 1.010533e-03 -1.971143e+00 -3.970550e-03 -1.009275e-03 9.999915e-01 1.906421e+01
9.999972e-01 2.488198e-05 -2.368208e-03 3.022385e+01 -2.609143e-05 9.999999e-01 -5.103161e-04 -1.991717e+00 2.368145e-03 5.103796e-04 9.999972e-01 1.950536e+01
9.999865e-01 -4.666503e-04 5.182143e-03 3.038888e+01 4.593437e-04 9.999989e-01 1.411215e-03 -2.016893e+00 -5.182746e-03 -1.408819e-03 9.999855e-01 2.011928e+01
9.999975e-01 3.266552e-04 -2.229763e-03 3.065323e+01 -3.288721e-04 9.999995e-01 -9.935859e-04 -2.040067e+00 2.229387e-03 9.943197e-04 9.999971e-01 2.046086e+01
9.999917e-01 -7.518374e-04 3.999704e-03 3.079412e+01 7.450086e-04 9.999983e-01 1.708752e-03 -2.060617e+00 -4.000932e-03 -1.705761e-03 9.999904e-01 2.096590e+01
9.999984e-01 2.995464e-04 -1.777189e-03 3.103575e+01 -3.010702e-04 9.999996e-01 -8.567599e-04 -2.087367e+00 1.776882e-03 8.572965e-04 9.999981e-01 2.152182e+01
9.999894e-01 -6.785085e-04 4.554778e-03 3.132186e+01 6.712390e-04 9.999985e-01 1.597547e-03 -2.114930e+00 -4.555804e-03 -1.594475e-03 9.999883e-01 2.202489e+01
9.999888e-01 3.072588e-04 -4.725875e-03 3.135546e+01 -3.124330e-04 9.999994e-01 -1.094021e-03 -2.132401e+00 4.725485e-03 1.095488e-03 9.999883e-01 2.257911e+01
9.999743e-01 -1.004103e-03 7.093347e-03 3.140631e+01 9.868885e-04 9.999966e-01 2.430100e-03 -2.156454e+00 -7.095712e-03 -2.423040e-03 9.999718e-01 2.339194e+01
9.999887e-01 4.180924e-04 -4.737389e-03 3.166274e+01 -4.248161e-04 9.999989e-01 -1.418209e-03 -2.186402e+00 4.736740e-03 1.420208e-03 9.999879e-01 2.403286e+01
9.999679e-01 -6.376862e-04 7.983926e-03 3.209488e+01 6.244099e-04 9.999984e-01 1.665358e-03 -2.214944e+00 -7.984924e-03 -1.660322e-03 9.999666e-01 2.432955e+01
9.999869e-01 4.328756e-04 -5.098307e-03 3.246518e+01 -4.405474e-04 9.999988e-01 -1.503620e-03 -2.238419e+00 5.097598e-03 1.505849e-03 9.999860e-01 2.453504e+01
9.999671e-01 -6.230489e-04 8.082207e-03 3.291173e+01 6.100505e-04 9.999985e-01 1.610738e-03 -2.265240e+00 -8.083147e-03 -1.605757e-03 9.999659e-01 2.473709e+01
9.999845e-01 3.750339e-04 -5.550456e-03 3.327779e+01 -3.832220e-04 9.999988e-01 -1.474082e-03 -2.288564e+00 5.549845e-03 1.476189e-03 9.999836e-01 2.493558e+01
9.999728e-01 -5.403095e-04 7.357896e-03 3.344087e+01 5.286650e-04 9.999986e-01 1.584547e-03 -2.302495e+00 -7.358690e-03 -1.580617e-03 9.999716e-01 2.512798e+01
9.999824e-01 3.347883e-04 -5.918196e-03 3.346556e+01 -3.413744e-04 9.999993e-01 -1.111771e-03 -2.313654e+00 5.917767e-03 1.113774e-03 9.999820e-01 2.544111e+01
