9.999997e-01 2.984583e-04 -6.854428e-04 -1.579450e-01 -2.984620e-04 1.000000e+00 -5.358121e-06 -1.012498e-02 6.854412e-04 5.562220e-06 9.999999e-01 6.582552e-01
9.999998e-01 -1.323326e-04 6.574157e-04 -3.068999e-01 1.325406e-04 9.999999e-01 -3.162175e-04 -1.515615e-02 -6.573739e-04 3.163050e-04 9.999996e-01 1.099957e+00
9.999997e-01 2.833675e-04 -6.487831e-04 -3.894825e-01 -2.832954e-04 1.000000e+00 1.113755e-04 -2.233444e-02 6.488146e-04 -1.111921e-04 9.999999e-01 1.532546e+00
9.999999e-01 -1.793900e-04 2.815881e-04 -3.939865e-01 1.793981e-04 1.000000e+00 -2.879750e-05 -3.809105e-02 -2.815829e-04 2.884845e-05 9.999999e-01 2.182386e+00
9.999999e-01 2.295979e-04 4.329993e-04 -4.584896e-01 -2.293759e-04 9.999998e-01 -5.126026e-04 -4.043714e-02 -4.331169e-04 5.125029e-04 9.999999e-01 2.398323e+00
9.999992e-01 -3.987197e-04 1.202998e-03 -5.451476e-01 3.986820e-04 9.999999e-01 3.160491e-05 -3.458495e-02 -1.203010e-03 -3.112494e-05 9.999992e-01 2.350306e+00
9.999998e-01 5.050397e-04 -3.584386e-04 -6.824069e-01 -5.053374e-04 9.999995e-01 -8.309583e-04 -3.252866e-02 3.580185e-04 8.311390e-04 9.999997e-01 2.522781e+00
9.999979e-01 -5.613737e-04 1.974932e-03 -7.769876e-01 5.608473e-04 9.999998e-01 2.671124e-04 -2.846633e-02 -1.975081e-03 -2.660040e-04 9.999979e-01 2.542483e+00
9.999998e-01 5.011462e-04 -3.690747e-04 -8.391815e-01 -5.014833e-04 9.999995e-01 -9.139204e-04 -2.570634e-02 3.686160e-04 9.141052e-04 9.999996e-01 2.597123e+00
9.999984e-01 -5.032081e-04 1.696080e-03 -9.292644e-01 5.029027e-04 9.999999e-01 1.804872e-04 -2.303711e-02 -1.696170e-03 -1.796339e-04 9.999984e-01 2.689511e+00
9.999999e-01 4.452653e-04 6.379400e-05 -1.068730e+00 -4.452198e-04 9.999996e-01 -7.122496e-04 -1.639757e-02 -6.411201e-05 7.122211e-04 9.999998e-01 2.671378e+00
9.999983e-01 -5.978352e-04 1.728564e-03 -1.166554e+00 5.971386e-04 9.999997e-01 4.034566e-04 -9.308295e-03 -1.728804e-03 -4.024238e-04 9.999983e-01 2.568797e+00
9.999999e-01 5.293497e-04 -3.922166e-05 -1.246720e+00 -5.293863e-04 9.999994e-01 -9.376882e-04 -6.402109e-03 3.872404e-05 9.377090e-04 9.999997e-01 2.613639e+00
9.999987e-01 -5.693826e-04 1.528114e-03 -1.314740e+00 5.688314e-04 9.999998e-01 3.611520e-04 -3.940288e-03 -1.528318e-03 -3.602824e-04 9.999987e-01 2.667889e+00
9.999999e-01 4.016579e-04 2.535679e-04 -1.436825e+00 -4.014971e-04 9.999997e-01 -6.340305e-04 6.145682e-03 -2.538240e-04 6.339288e-04 9.999999e-01 2.496000e+00
9.999988e-01 -5.147665e-04 1.450056e-03 -1.562665e+00 5.143920e-04 9.999998e-01 2.586605e-04 1.298430e-02 -1.450187e-03 -2.579145e-04 9.999988e-01 2.433560e+00
9.999999e-01 5.201105e-04 3.606984e-05 -1.632201e+00 -5.200768e-04 9.999994e-01 -9.287855e-04 1.436195e-02 -3.655477e-05 9.287669e-04 9.999997e-01 2.531374e+00
9.999991e-01 -4.388915e-04 1.292538e-03 -1.450245e+00 4.382321e-04 9.999998e-01 5.104199e-04 -7.067856e-03 -1.292759e-03 -5.098533e-04 9.999989e-01 3.005943e+00
9.999992e-01 3.932800e-04 1.204891e-03 -1.136627e+00 -3.915978e-04 9.999989e-01 -1.396100e-03 -2.813425e-02 -1.205441e-03 1.395627e-03 9.999984e-01 3.259126e+00
9.999996e-01 -4.451270e-04 8.057842e-04 -1.297704e+00 4.443321e-04 9.999994e-01 9.865284e-04 -1.798402e-02 -8.062204e-04 -9.861704e-04 9.999991e-01 3.129430e+00
9.999993e-01 3.687097e-04 1.080884e-03 -1.481866e+00 -3.671114e-04 9.999988e-01 -1.478550e-03 -8.930346e-03 -1.081430e-03 1.478153e-03 9.999984e-01 3.067395e+00
9.999996e-01 -3.693303e-04 7.647472e-04 -1.686980e+00 3.686173e-04 9.999995e-01 9.322226e-04 -2.539591e-04 -7.650883e-04 -9.319409e-04 9.999992e-01 3.038983e+00
9.999995e-01 4.653738e-04 8.802070e-04 -1.953463e+00 -4.639795e-04 9.999986e-01 -1.583576e-03 9.404737e-03 -8.809457e-04 1.583168e-03 9.999985e-01 3.053725e+00
9.999997e-01 -3.522440e-04 7.111897e-04 -2.261243e+00 3.515841e-04 9.999995e-01 9.278204e-04 2.060340e-02 -7.115131e-04 -9.275708e-04 9.999992e-01 3.060884e+00
9.999992e-01 3.271101e-04 1.189091e-03 -2.503646e+00 -3.253316e-04 9.999988e-01 -1.495619e-03 3.120798e-02 -1.189582e-03 1.495231e-03 9.999983e-01 3.006121e+00
9.999997e-01 -3.270831e-04 7.506256e-04 -2.692468e+00 3.263867e-04 9.999995e-01 9.277788e-04 3.958455e-02 -7.509252e-04 -9.275343e-04 9.999992e-01 2.968273e+00
9.999989e-01 2.288810e-04 1.460391e-03 -2.904099e+00 -2.268681e-04 9.999990e-01 -1.378379e-03 5.182179e-02 -1.460709e-03 1.378047e-03 9.999981e-01 2.815683e+00
9.999996e-01 -3.075860e-04 8.499329e-04 -3.180654e+00 3.067891e-04 9.999995e-01 9.376323e-04 6.680634e-02 -8.502169e-04 -9.373721e-04 9.999991e-01 2.634411e+00
9.999991e-01 2.580825e-04 1.280045e-03 -3.386658e+00 -2.562073e-04 9.999989e-01 -1.464979e-03 7.704640e-02 -1.280426e-03 1.464651e-03 9.999982e-01 2.542357e+00
9.999995e-01 -3.589455e-04 8.994744e-04 -3.607310e+00 3.580763e-04 9.999995e-01 9.663285e-04 8.879714e-02 -8.998163e-04 -9.660069e-04 9.999990e-01 2.412159e+00
9.999991e-01 3.219316e-04 1.277437e-03 -3.866696e+00 -3.200892e-04 9.999989e-01 -1.442300e-03 1.017886e-01 -1.277904e-03 1.441891e-03 9.999982e-01 2.285347e+00
9.999995e-01 -4.053275e-04 9.058801e-04 -4.111761e+00 4.044363e-04 9.999994e-01 9.837647e-04 1.146670e-01 -9.062735e-04 -9.833989e-04 9.999990e-01 2.139264e+00
9.999990e-01 3.085245e-04 1.359697e-03 -4.328544e+00 -3.065995e-04 9.999990e-01 -1.415780e-03 1.270159e-01 -1.360138e-03 1.415363e-03 9.999982e-01 1.979102e+00
9.999997e-01 -3.834038e-04 6.765584e-04 -4.547061e+00 3.828036e-04 9.999995e-01 8.871910e-04 1.376133e-01 -6.768930e-04 -8.869329e-04 9.999993e-01 1.896128e+00
9.999992e-01 3.271834e-04 1.226382e-03 -4.702697e+00 -3.253033e-04 9.999988e-01 -1.532942e-03 1.439739e-01 -1.226887e-03 1.532543e-03 9.999982e-01 1.899040e+00
9.999999e-01 -2.635767e-04 4.393327e-04 -4.802457e+00 2.632316e-04 9.999997e-01 7.854830e-04 1.462949e-01 -4.395340e-04 -7.853686e-04 9.999995e-01 1.983050e+00
9.999980e-01 1.161313e-04 1.988858e-03 -4.999343e+00 -1.139467e-04 9.999994e-01 -1.098549e-03 1.592033e-01 -1.988990e-03 1.098322e-03 9.999975e-01 1.761674e+00
1.000000e+00 -2.215340e-04 7.583545e-05 -5.158421e+00 2.214811e-04 9.999997e-01 6.980356e-04 1.686205e-01 -7.598397e-05 -6.980202e-04 9.999997e-01 1.632396e+00
9.999978e-01 1.173464e-04 2.096099e-03 -5.350459e+00 -1.152271e-04 9.999995e-01 -1.011203e-03 1.808193e-01 -2.096222e-03 1.010961e-03 9.999974e-01 1.437196e+00
9.999999e-01 -1.313958e-04 -4.138120e-04 -5.563640e+00 1.315685e-04 9.999999e-01 4.170635e-04 1.895355e-01 4.137637e-04 -4.171194e-04 9.999997e-01 1.424448e+00
9.999981e-01 2.386015e-04 1.909727e-03 -5.816049e+00 -2.366388e-04 9.999994e-01 -1.027920e-03 1.984286e-01 -1.909978e-03 1.027467e-03 9.999977e-01 1.440504e+00
1.000000e+00 -2.688862e-04 1.167112e-04 -6.131010e+00 2.688226e-04 9.999998e-01 5.451676e-04 2.132160e-01 -1.168509e-04 -5.451378e-04 9.999997e-01 1.304378e+00
9.999980e-01 2.346099e-04 2.005208e-03 -6.370943e+00 -2.325306e-04 9.999994e-01 -1.037167e-03 2.250922e-01 -2.005457e-03 1.036700e-03 9.999976e-01 1.188624e+00
9.999998e-01 -1.837804e-04 -6.202728e-04 -6.547949e+00 1.839806e-04 9.999999e-01 3.225612e-04 2.309063e-01 6.202207e-04 -3.226770e-04 9.999997e-01 1.240013e+00
9.999959e-01 -9.385645e-06 2.855337e-03 -6.794362e+00 1.087607e-05 9.999999e-01 -5.219893e-04 2.474619e-01 -2.855340e-03 5.220199e-04 9.999959e-01 9.510094e-01
9.999998e-01 -2.147165e-04 -6.339593e-04 -7.049761e+00 2.150005e-04 9.999999e-01 4.477037e-04 2.671241e-01 6.338707e-04 -4.478416e-04 9.999996e-01 5.638683e-01
9.999960e-01 7.544087e-05 2.824441e-03 -7.264324e+00 -7.406786e-05 9.999999e-01 -4.862472e-04 2.848858e-01 -2.824485e-03 4.860378e-04 9.999960e-01 1.964767e-01
9.999997e-01 -2.204462e-04 -7.253247e-04 -7.402924e+00 2.204379e-04 1.000000e+00 -1.166248e-05 2.931794e-01 7.253353e-04 1.150080e-05 9.999996e-01 1.119193e-01
9.999964e-01 1.816566e-04 2.665295e-03 -7.522998e+00 -1.800701e-04 9.999998e-01 -5.954869e-04 2.985769e-01 -2.665411e-03 5.950067e-04 9.999964e-01 1.148146e-01
9.999998e-01 -2.643483e-04 -6.485520e-04 -7.696296e+00 2.643296e-04 1.000000e+00 -2.915626e-05 3.072951e-01 6.485682e-04 2.898291e-05 9.999997e-01 6.184124e-02
9.999959e-01 1.774042e-04 2.861930e-03 -7.824806e+00 -1.761498e-04 9.999999e-01 -4.385743e-04 3.156739e-01 -2.862016e-03 4.380703e-04 9.999959e-01 -2.461483e-02
9.999998e-01 -2.976565e-04 -5.854866e-04 -7.890174e+00 2.977056e-04 1.000000e+00 8.354568e-05 3.218182e-01 5.854706e-04 -8.372196e-05 9.999997e-01 -1.452472e-01
9.999965e-01 1.713200e-04 2.652145e-03 -7.869666e+00 -1.696143e-04 9.999998e-01 -6.434018e-04 3.233325e-01 -2.652263e-03 6.429517e-04 9.999964e-01 -1.808829e-01
9.999999e-01 -2.310340e-04 -3.045291e-04 -7.836420e+00 2.310457e-04 1.000000e+00 3.772850e-05 3.254302e-01 3.045297e-04 -3.780096e-05 9.999999e-01 -2.480277e-01
9.999963e-01 6.464278e-05 2.704936e-03 -7.893756e+00 -6.370109e-05 9.999999e-01 -3.482654e-04 3.360614e-01 -2.704968e-03 3.480940e-04 9.999964e-01 -5.147359e-01
9.999998e-01 -2.379163e-04 -5.773951e-04 -8.011575e+00 2.380437e-04 9.999999e-01 2.204391e-04 3.482873e-01 5.773524e-04 -2.205786e-04 9.999997e-01 -7.981402e-01
9.999969e-01 8.904941e-05 2.503264e-03 -8.082059e+00 -8.768218e-05 9.999998e-01 -5.463321e-04 3.554646e-01 -2.503322e-03 5.461131e-04 9.999968e-01 -9.526843e-01
9.999999e-01 -2.228190e-04 -3.684159e-04 -8.035154e+00 2.228681e-04 1.000000e+00 1.328291e-04 3.566327e-01 3.683965e-04 -1.329134e-04 9.999998e-01 -1.068630e+00
9.999970e-01 5.706097e-05 2.445647e-03 -8.007172e+00 -5.571964e-05 9.999998e-01 -5.485746e-04 3.595530e-01 -2.445688e-03 5.484389e-04 9.999970e-01 -1.208337e+00
9.999999e-01 -1.026676e-04 -5.292902e-04 -8.009633e+00 1.026197e-04 1.000000e+00 -9.069284e-05 3.594200e-01 5.293101e-04 9.063617e-05 9.999998e-01 -1.173909e+00
9.999969e-01 6.257530e-05 2.492304e-03 -7.971971e+00 -6.105578e-05 9.999998e-01 -6.098118e-04 3.559901e-01 -2.492353e-03 6.096601e-04 9.999968e-01 -1.106709e+00
9.999999e-01 -8.214944e-05 -3.140632e-04 -7.963684e+00 8.212646e-05 1.000000e+00 -7.367255e-05 3.547030e-01 3.140802e-04 7.364428e-05 9.999998e-01 -1.067743e+00
9.999964e-01 -3.538212e-05 2.695635e-03 -7.844158e+00 3.694823e-05 9.999998e-01 -5.809916e-04 3.491659e-01 -2.695625e-03 5.810917e-04 9.999963e-01 -1.053502e+00
1.000000e+00 -1.392852e-04 2.038216e-04 -7.510815e+00 1.393285e-04 1.000000e+00 -2.117653e-04 3.326919e-01 -2.037806e-04 2.117911e-04 9.999999e-01 -1.031562e+00
9.999969e-01 4.816134e-06 2.497327e-03 -7.267161e+00 -3.310894e-06 9.999998e-01 -6.028130e-04 3.196731e-01 -2.497341e-03 6.028056e-04 9.999968e-01 -9.800140e-01
1.000000e+00 -1.133572e-04 2.032281e-04 -7.119012e+00 1.133842e-04 1.000000e+00 -1.320845e-04 3.124380e-01 -2.032010e-04 1.321047e-04 9.999999e-01 -9.704970e-01
9.999962e-01 -7.218471e-05 2.765551e-03 -6.833240e+00 7.412862e-05 9.999998e-01 -7.028730e-04 2.978015e-01 -2.765512e-03 7.030781e-04 9.999960e-01 -9.397787e-01
9.999999e-01 7.992319e-05 -4.670224e-04 -6.722292e+00 -7.998713e-05 1.000000e+00 -1.373403e-04 2.881616e-01 4.670240e-04 1.373747e-04 9.999998e-01 -8.091724e-01
9.999945e-01 -2.578428e-04 3.318282e-03 -6.506569e+00 2.600645e-04 9.999997e-01 -6.691914e-04 2.774881e-01 -3.318121e-03 6.700536e-04 9.999944e-01 -7.945033e-01
9.999999e-01 1.017688e-04 -3.241559e-04 -6.241438e+00 -1.018166e-04 1.000000e+00 -1.482319e-04 2.634598e-01 3.241539e-04 1.482618e-04 9.999998e-01 -7.589570e-01
9.999941e-01 -2.783735e-04 3.422542e-03 -5.962736e+00 2.805699e-04 9.999998e-01 -6.413543e-04 2.485531e-01 -3.422376e-03 6.423140e-04 9.999940e-01 -7.160497e-01
9.999999e-01 1.033968e-04 -3.666710e-04 -5.730870e+00 -1.034402e-04 1.000000e+00 -1.188685e-04 2.370927e-01 3.666725e-04 1.189032e-04 9.999998e-01 -7.127843e-01
9.999942e-01 -3.043306e-04 3.399943e-03 -5.528569e+00 3.065472e-04 9.999997e-01 -6.515223e-04 2.271963e-01 -3.399758e-03 6.525641e-04 9.999941e-01 -7.146954e-01
9.999999e-01 1.201201e-04 -3.173901e-04 -5.257292e+00 -1.201509e-04 1.000000e+00 -9.779268e-05 2.146142e-01 3.173927e-04 9.782739e-05 9.999998e-01 -7.323621e-01
9.999947e-01 -2.226599e-04 3.245009e-03 -5.082525e+00 2.251998e-04 9.999997e-01 -7.824717e-04 2.037287e-01 -3.244848e-03 7.832019e-04 9.999945e-01 -6.492577e-01
9.999996e-01 1.877342e-04 -8.538038e-04 -4.966472e+00 -1.877537e-04 1.000000e+00 -2.309318e-05 1.945683e-01 8.538144e-04 2.324989e-05 9.999995e-01 -5.317615e-01
9.999935e-01 -3.130740e-04 3.594109e-03 -4.801524e+00 3.157342e-04 9.999997e-01 -7.396917e-04 1.857983e-01 -3.593891e-03 7.408253e-04 9.999934e-01 -5.005421e-01
9.999999e-01 9.117175e-05 -4.611618e-04 -4.542856e+00 -9.118293e-05 1.000000e+00 -2.490599e-05 1.748547e-01 4.611750e-04 2.494430e-05 9.999998e-01 -5.450986e-01
9.999930e-01 -3.021722e-04 3.740859e-03 -4.224650e+00 3.050322e-04 9.999997e-01 -7.640765e-04 1.596374e-01 -3.740642e-03 7.652160e-04 9.999928e-01 -5.450542e-01
9.999998e-01 7.075787e-05 -5.457563e-04 -3.901761e+00 -7.071552e-05 1.000000e+00 7.700395e-05 1.471550e-01 5.457779e-04 -7.696923e-05 9.999997e-01 -6.323895e-01
9.999939e-01 -2.626343e-04 3.495213e-03 -3.728594e+00 2.643031e-04 9.999999e-01 -4.770863e-04 1.457083e-01 -3.495103e-03 4.780111e-04 9.999939e-01 -8.804947e-01
9.999994e-01 1.175041e-04 -1.119649e-03 -3.749714e+00 -1.170532e-04 9.999999e-01 4.024602e-04 1.553704e-01 1.119713e-03 -4.023328e-04 9.999992e-01 -1.231808e+00
9.999932e-01 -2.773682e-04 3.669097e-03 -3.810150e+00 2.788893e-04 9.999999e-01 -4.141598e-04 1.675679e-01 -3.668998e-03 4.151842e-04 9.999933e-01 -1.626328e+00
9.999991e-01 9.598448e-05 -1.316276e-03 -3.921194e+00 -9.536722e-05 9.999999e-01 4.687227e-04 1.826559e-01 1.316338e-03 -4.686007e-04 9.999989e-01 -2.049615e+00
9.999944e-01 -2.774893e-04 3.347097e-03 -4.011185e+00 2.794092e-04 9.999998e-01 -5.732589e-04 1.948781e-01 -3.346955e-03 5.741948e-04 9.999943e-01 -2.358743e+00
9.999994e-01 4.942437e-05 -1.137008e-03 -4.088108e+00 -4.899335e-05 9.999999e-01 3.787756e-04 2.053438e-01 1.137045e-03 -3.787236e-04 9.999992e-01 -2.626477e+00
9.999940e-01 -2.527538e-04 3.445837e-03 -4.225363e+00 2.536563e-04 9.999999e-01 -2.615747e-04 2.241724e-01 -3.445789e-03 2.624511e-04 9.999941e-01 -3.134539e+00
9.999996e-01 1.138092e-05 -9.455266e-04 -4.415176e+00 -1.096751e-05 9.999999e-01 4.368225e-04 2.438423e-01 9.455495e-04 -4.368158e-04 9.999994e-01 -3.651555e+00
9.999952e-01 -1.897228e-04 3.097694e-03 -4.510359e+00 1.915534e-04 9.999998e-01 -5.907963e-04 2.562762e-01 -3.097599e-03 5.913908e-04 9.999951e-01 -3.964667e+00
9.999993e-01 5.124098e-05 -1.140763e-03 -4.522136e+00 -5.087209e-05 9.999999e-01 3.230541e-04 2.631073e-01 1.140798e-03 -3.229998e-04 9.999992e-01 -4.185612e+00
9.999940e-01 -2.389911e-04 3.444568e-03 -4.444248e+00 2.415334e-04 9.999997e-01 -7.377671e-04 2.648456e-01 -3.444409e-03 7.385987e-04 9.999939e-01 -4.377256e+00
9.999997e-01 1.801034e-05 -7.508883e-04 -4.208971e+00 -1.785035e-05 1.000000e+00 2.125225e-04 2.585158e-01 7.509110e-04 -2.125131e-04 9.999996e-01 -4.518985e+00
9.999940e-01 -2.419774e-04 3.444446e-03 -4.078639e+00 2.443045e-04 9.999997e-01 -6.753183e-04 2.578799e-01 -3.444301e-03 6.761599e-04 9.999939e-01 -4.700664e+00
9.999993e-01 4.563905e-05 -1.210337e-03 -4.025412e+00 -4.534278e-05 1.000000e+00 2.444518e-04 2.592856e-01 1.210367e-03 -2.444009e-04 9.999991e-01 -4.818369e+00
9.999935e-01 -2.295025e-04 3.601164e-03 -3.999226e+00 2.315885e-04 9.999998e-01 -5.789701e-04 2.638169e-01 -3.601050e-03 5.798045e-04 9.999934e-01 -5.014156e+00
9.999991e-01 7.080053e-05 -1.331199e-03 -3.925990e+00 -7.064193e-05 1.000000e+00 1.188554e-04 2.643683e-01 1.331227e-03 -1.187655e-04 9.999990e-01 -5.115523e+00
9.999934e-01 -2.886489e-04 3.624478e-03 -3.937154e+00 2.905330e-04 9.999998e-01 -5.194395e-04 2.683385e-01 -3.624348e-03 5.204934e-04 9.999934e-01 -5.245406e+00
9.999986e-01 1.126742e-04 -1.683477e-03 -3.995451e+00 -1.124848e-04 1.000000e+00 1.123105e-04 2.735049e-01 1.683510e-03 -1.121253e-04 9.999985e-01 -5.347514e+00
9.999936e-01 -2.349370e-04 3.565480e-03 -3.984973e+00 2.373087e-04 9.999998e-01 -6.649173e-04 2.735847e-01 -3.565344e-03 6.657635e-04 9.999935e-01 -5.340637e+00
9.999982e-01 6.199390e-05 -1.887368e-03 -4.014399e+00 -6.127911e-05 9.999999e-01 3.785213e-04 2.811530e-01 1.887412e-03 -3.784094e-04 9.999980e-01 -5.510949e+00
9.999935e-01 -1.789904e-04 3.600758e-03 -4.123973e+00 1.815787e-04 9.999997e-01 -7.186247e-04 2.891530e-01 -3.600650e-03 7.192783e-04 9.999934e-01 -5.615978e+00
9.999976e-01 1.102797e-04 -2.166111e-03 -4.145186e+00 -1.098663e-04 1.000000e+00 1.907620e-04 2.896977e-01 2.166153e-03 -1.905281e-04 9.999975e-01 -5.562690e+00
9.999931e-01 -1.475912e-04 3.716837e-03 -4.114454e+00 1.503653e-04 9.999997e-01 -7.462253e-04 2.861083e-01 -3.716747e-03 7.467836e-04 9.999929e-01 -5.462885e+00
9.999966e-01 1.648627e-04 -2.596539e-03 -4.120957e+00 -1.642021e-04 1.000000e+00 2.544422e-04 2.809957e-01 2.596602e-03 -2.540196e-04 9.999965e-01 -5.247997e+00
9.999900e-01 -2.345663e-04 4.462820e-03 -3.981674e+00 2.383927e-04 9.999996e-01 -8.570055e-04 2.707012e-01 -4.462639e-03 8.580655e-04 9.999898e-01 -5.107216e+00
9.999973e-01 1.345414e-04 -2.332718e-03 -3.857838e+00 -1.340962e-04 1.000000e+00 1.907753e-04 2.627720e-01 2.332765e-03 -1.904667e-04 9.999972e-01 -5.026239e+00
9.999912e-01 -2.217666e-04 4.193144e-03 -3.767447e+00 2.249941e-04 9.999997e-01 -7.693796e-04 2.575074e-01 -4.192994e-03 7.703210e-04 9.999910e-01 -4.963680e+00
9.999968e-01 8.869147e-05 -2.544337e-03 -3.633429e+00 -8.804486e-05 1.000000e+00 2.540264e-04 2.524803e-01 2.544382e-03 -2.538064e-04 9.999966e-01 -4.961354e+00
9.999908e-01 -2.410402e-04 4.276286e-03 -3.478477e+00 2.445522e-04 9.999996e-01 -8.209013e-04 2.493103e-01 -4.276109e-03 8.219445e-04 9.999906e-01 -5.030867e+00
9.999971e-01 6.406625e-05 -2.404223e-03 -3.175372e+00 -6.373402e-05 1.000000e+00 1.380202e-04 2.406958e-01 2.404254e-03 -1.378715e-04 9.999970e-01 -5.141295e+00
9.999895e-01 -2.673418e-04 4.566630e-03 -2.787864e+00 2.714496e-04 9.999996e-01 -8.990542e-04 2.255430e-01 -4.566410e-03 9.002894e-04 9.999893e-01 -5.197142e+00
9.999967e-01 1.514668e-04 -2.564701e-03 -2.577674e+00 -1.508487e-04 1.000000e+00 2.409701e-04 2.159629e-01 2.564760e-03 -2.405875e-04 9.999966e-01 -5.178202e+00
9.999910e-01 -2.034971e-04 4.248185e-03 -2.490284e+00 2.069972e-04 9.999996e-01 -8.236413e-04 2.106830e-01 -4.248038e-03 8.245184e-04 9.999907e-01 -5.114689e+00
9.999977e-01 1.146008e-04 -2.127832e-03 -2.340401e+00 -1.142616e-04 1.000000e+00 1.592579e-04 2.016951e-01 2.127873e-03 -1.590197e-04 9.999976e-01 -5.041390e+00
9.999909e-01 -2.497119e-04 4.266380e-03 -2.135725e+00 2.530616e-04 9.999997e-01 -7.847640e-04 1.916549e-01 -4.266206e-03 7.858418e-04 9.999907e-01 -5.011366e+00
9.999968e-01 1.590166e-04 -2.535449e-03 -2.017163e+00 -1.585152e-04 1.000000e+00 1.976968e-04 1.848922e-01 2.535504e-03 -1.972996e-04 9.999967e-01 -4.949956e+00
9.999900e-01 -2.310202e-04 4.472921e-03 -1.934842e+00 2.346295e-04 9.999996e-01 -8.065458e-04 1.789730e-01 -4.472757e-03 8.075926e-04 9.999898e-01 -4.865723e+00
9.999964e-01 1.246007e-04 -2.665490e-03 -1.846290e+00 -1.239284e-04 1.000000e+00 2.521357e-04 1.748637e-01 2.665545e-03 -2.518099e-04 9.999963e-01 -4.825749e+00
9.999897e-01 -1.887816e-04 4.542251e-03 -1.710375e+00 1.926183e-04 9.999996e-01 -8.444065e-04 1.684797e-01 -4.542114e-03 8.452782e-04 9.999894e-01 -4.788851e+00
9.999969e-01 8.864675e-05 -2.504612e-03 -1.574102e+00 -8.815801e-05 1.000000e+00 1.949593e-04 1.617724e-01 2.504653e-03 -1.947435e-04 9.999967e-01 -4.746286e+00
9.999871e-01 -2.696468e-04 5.067143e-03 -1.346979e+00 2.733181e-04 9.999997e-01 -7.240022e-04 1.564698e-01 -5.066970e-03 7.253835e-04 9.999870e-01 -4.891271e+00
9.999959e-01 5.843759e-05 -2.859686e-03 -1.134589e+00 -5.800135e-05 1.000000e+00 1.523733e-04 1.519550e-01 2.859720e-03 -1.522125e-04 9.999958e-01 -5.023249e+00
9.999864e-01 -2.343929e-04 5.212346e-03 -9.382463e-01 2.384203e-04 9.999997e-01 -7.722054e-04 1.466354e-01 -5.212188e-03 7.734433e-04 9.999862e-01 -5.111859e+00
9.999959e-01 1.707099e-05 -2.846368e-03 -7.781120e-01 -1.653483e-05 1.000000e+00 1.881155e-04 1.435880e-01 2.846397e-03 -1.880735e-04 9.999958e-01 -5.222592e+00
9.999861e-01 -1.796221e-04 5.278067e-03 -6.573827e-01 1.829361e-04 9.999998e-01 -6.275443e-04 1.433915e-01 -5.277979e-03 6.285070e-04 9.999860e-01 -5.400000e+00
9.999974e-01 -8.253645e-05 -2.279518e-03 -4.303884e-01 8.282197e-05 1.000000e+00 1.248117e-04 1.392336e-01 2.279534e-03 -1.250060e-04 9.999973e-01 -5.618838e+00
9.999854e-01 -2.137817e-04 5.401756e-03 -1.937670e-01 2.176421e-04 9.999997e-01 -7.142144e-04 1.321574e-01 -5.401627e-03 7.153856e-04 9.999853e-01 -5.764225e+00
9.999972e-01 1.120558e-05 -2.363659e-03 1.234251e-01 -1.151632e-05 1.000000e+00 -1.318024e-04 1.142690e-01 2.363683e-03 1.318232e-04 9.999971e-01 -5.676585e+00
9.999847e-01 -2.353418e-04 5.525618e-03 4.811383e-01 2.391254e-04 9.999997e-01 -6.842465e-04 9.645931e-02 -5.525482e-03 6.855635e-04 9.999846e-01 -5.645445e+00
9.999959e-01 -1.473736e-05 -2.863484e-03 4.958704e-01 1.588572e-05 9.999999e-01 4.007063e-04 1.018869e-01 2.863505e-03 -4.007564e-04 9.999957e-01 -5.924062e+00
9.999865e-01 -1.382496e-04 5.187364e-03 4.050139e-01 1.416156e-04 9.999998e-01 -6.486966e-04 1.113227e-01 -5.187300e-03 6.494287e-04 9.999864e-01 -6.166532e+00
9.999963e-01 3.086510e-05 -2.720158e-03 4.492898e-01 -3.068347e-05 1.000000e+00 6.648098e-05 1.102809e-01 2.720187e-03 -6.640353e-05 9.999962e-01 -6.196803e+00
9.999860e-01 -2.414896e-04 5.282139e-03 6.064046e-01 2.451750e-04 9.999997e-01 -6.972355e-04 1.060356e-01 -5.281996e-03 6.985271e-04 9.999859e-01 -6.261092e+00
9.999955e-01 7.790006e-05 -3.013897e-03 6.692106e-01 -7.655989e-05 9.999999e-01 4.444664e-04 1.107375e-01 3.013959e-03 -4.442400e-04 9.999953e-01 -6.516960e+00
9.999864e-01 -2.295378e-04 5.216748e-03 7.120821e-01 2.348226e-04 9.999995e-01 -1.012625e-03 1.107550e-01 -5.216541e-03 1.013843e-03 9.999860e-01 -6.555268e+00
9.999969e-01 4.541080e-05 -2.501172e-03 9.042574e-01 -4.463011e-05 1.000000e+00 3.117983e-04 1.029834e-01 2.501215e-03 -3.116922e-04 9.999967e-01 -6.569421e+00
9.999894e-01 -1.237597e-04 4.611959e-03 9.725305e-01 1.283817e-04 9.999995e-01 -1.002103e-03 9.883639e-02 -4.611861e-03 1.002691e-03 9.999890e-01 -6.521170e+00
9.999971e-01 -5.269697e-05 -2.422712e-03 1.097435e+00 5.366440e-05 9.999999e-01 3.988448e-04 9.451993e-02 2.422719e-03 -3.989803e-04 9.999969e-01 -6.528586e+00
9.999881e-01 -9.203916e-05 4.878173e-03 1.221246e+00 9.697758e-05 9.999995e-01 -1.012323e-03 9.054052e-02 -4.878106e-03 1.012791e-03 9.999877e-01 -6.579776e+00
9.999992e-01 -1.082625e-05 -1.251482e-03 1.548588e+00 1.083957e-05 1.000000e+00 9.816297e-06 6.824161e-02 1.251511e-03 -9.836622e-06 9.999991e-01 -6.408047e+00
9.999860e-01 -1.698732e-04 5.291556e-03 2.003372e+00 1.757030e-04 9.999994e-01 -1.101470e-03 3.940515e-02 -5.291395e-03 1.102391e-03 9.999855e-01 -6.229274e+00
9.999991e-01 3.602548e-05 -1.306945e-03 2.596060e+00 -3.576210e-05 1.000000e+00 2.007108e-04 -2.785948e-04 1.306982e-03 -2.006708e-04 9.999990e-01 -5.830150e+00
9.999867e-01 -3.067405e-04 5.147163e-03 3.336990e+00 3.126995e-04 9.999993e-01 -1.157169e-03 -4.670037e-02 -5.146835e-03 1.158770e-03 9.999862e-01 -5.424971e+00
9.999999e-01 -4.264219e-05 -4.901783e-04 4.064306e+00 4.262258e-05 1.000000e+00 -4.235615e-05 -8.810337e-02 4.902108e-04 4.232807e-05 9.999998e-01 -5.236535e+00
9.999870e-01 -2.957192e-04 5.087593e-03 4.721121e+00 3.013466e-04 9.999993e-01 -1.105611e-03 -1.231063e-01 -5.087294e-03 1.107137e-03 9.999865e-01 -5.157356e+00
9.999998e-01 -2.262880e-05 -5.795370e-04 5.360746e+00 2.263704e-05 1.000000e+00 1.210417e-05 -1.555679e-01 5.795682e-04 -1.212469e-05 9.999997e-01 -5.133455e+00
9.999911e-01 -2.407559e-04 4.205073e-03 5.796743e+00 2.448295e-04 9.999995e-01 -9.685468e-04 -1.789682e-01 -4.204870e-03 9.695753e-04 9.999908e-01 -5.060863e+00
9.999989e-01 7.306346e-05 -1.471603e-03 5.800674e+00 -7.263001e-05 1.000000e+00 2.937234e-04 -1.788261e-01 1.471657e-03 -2.936237e-04 9.999988e-01 -5.105319e+00
9.999928e-01 -1.076314e-04 3.798770e-03 5.815695e+00 1.119131e-04 9.999994e-01 -1.127262e-03 -1.825071e-01 -3.798678e-03 1.127687e-03 9.999922e-01 -5.016474e+00
9.999996e-01 2.157512e-05 -9.359900e-04 6.014847e+00 -2.136441e-05 1.000000e+00 2.237137e-04 -1.953462e-01 9.360274e-04 -2.237013e-04 9.999994e-01 -4.906709e+00
9.999934e-01 -1.241852e-04 3.644836e-03 6.118365e+00 1.278408e-04 9.999995e-01 -1.003102e-03 -2.018576e-01 -3.644742e-03 1.003569e-03 9.999930e-01 -4.857841e+00
9.999998e-01 -6.415563e-05 -5.603224e-04 6.262200e+00 6.432817e-05 1.000000e+00 3.054729e-04 -2.075274e-01 5.603360e-04 -3.055168e-04 9.999997e-01 -4.902010e+00
9.999932e-01 -2.637202e-05 3.686749e-03 6.399229e+00 3.072399e-05 9.999993e-01 -1.180754e-03 -2.149863e-01 -3.686749e-03 1.180867e-03 9.999926e-01 -4.872098e+00
9.999991e-01 8.557236e-05 -1.309420e-03 6.439812e+00 -8.523283e-05 1.000000e+00 2.582621e-04 -2.204731e-01 1.309476e-03 -2.581583e-04 9.999990e-01 -4.758678e+00
9.999945e-01 -4.887272e-05 3.327344e-03 6.435560e+00 5.242952e-05 9.999994e-01 -1.069307e-03 -2.238032e-01 -3.327324e-03 1.069484e-03 9.999940e-01 -4.649163e+00
9.999996e-01 -1.113366e-05 -9.132332e-04 6.437385e+00 1.145318e-05 9.999999e-01 3.482587e-04 -2.249233e-01 9.132634e-04 -3.482772e-04 9.999994e-01 -4.627767e+00
9.999931e-01 -1.276118e-04 3.707266e-03 6.518356e+00 1.313167e-04 9.999995e-01 -9.995472e-04 -2.275822e-01 -3.707171e-03 1.000035e-03 9.999927e-01 -4.686076e+00
9.999995e-01 1.945220e-05 -9.956455e-04 6.533329e+00 -1.913265e-05 9.999999e-01 3.194302e-04 -2.285800e-01 9.956863e-04 -3.194193e-04 9.999994e-01 -4.709584e+00
9.999932e-01 -1.524039e-04 3.675165e-03 6.463875e+00 1.555766e-04 9.999996e-01 -8.634068e-04 -2.241933e-01 -3.675067e-03 8.639811e-04 9.999930e-01 -4.826072e+00
9.999988e-01 1.814456e-04 -1.566196e-03 6.420915e+00 -1.814067e-04 1.000000e+00 2.397597e-05 -2.254231e-01 1.566236e-03 -2.370027e-05 9.999987e-01 -4.740674e+00
9.999936e-01 -1.455468e-04 3.562859e-03 6.414025e+00 1.487749e-04 9.999996e-01 -9.062234e-04 -2.292256e-01 -3.562761e-03 9.067562e-04 9.999933e-01 -4.618115e+00
9.999995e-01 6.768387e-05 -9.840562e-04 6.506080e+00 -6.755819e-05 1.000000e+00 1.261208e-04 -2.345615e-01 9.841002e-04 -1.260629e-04 9.999994e-01 -4.603390e+00
9.999940e-01 -1.290732e-04 3.476922e-03 6.582965e+00 1.323515e-04 9.999995e-01 -9.431303e-04 -2.403870e-01 -3.476834e-03 9.435934e-04 9.999936e-01 -4.544576e+00
9.999999e-01 3.789594e-06 -4.157588e-04 6.742755e+00 -3.771779e-06 1.000000e+00 3.885824e-05 -2.496932e-01 4.157949e-04 -3.886544e-05 9.999998e-01 -4.500846e+00
9.999922e-01 -1.747624e-04 3.936500e-03 7.085267e+00 1.790008e-04 9.999994e-01 -1.076806e-03 -2.697964e-01 -3.936346e-03 1.077511e-03 9.999918e-01 -4.403199e+00
9.999994e-01 4.472160e-05 -1.115890e-03 7.323992e+00 -4.450651e-05 1.000000e+00 1.912271e-04 -2.842345e-01 1.115935e-03 -1.911862e-04 9.999993e-01 -4.303387e+00
9.999946e-01 -6.350814e-05 3.279929e-03 7.391377e+00 6.667771e-05 9.999995e-01 -9.667762e-04 -2.899711e-01 -3.279903e-03 9.669988e-04 9.999942e-01 -4.208206e+00
9.999999e-01 -8.848316e-05 -4.987698e-04 7.568417e+00 8.858351e-05 1.000000e+00 1.976125e-04 -2.982694e-01 4.987893e-04 -1.976658e-04 9.999998e-01 -4.203150e+00
9.999940e-01 -9.648832e-05 3.453761e-03 7.637111e+00 9.908996e-05 9.999997e-01 -7.536247e-04 -2.989595e-01 -3.453724e-03 7.539716e-04 9.999938e-01 -4.346699e+00
9.999993e-01 1.057999e-04 -1.147126e-03 7.676645e+00 -1.059067e-04 1.000000e+00 -9.458790e-05 -3.034804e-01 1.147154e-03 9.470009e-05 9.999992e-01 -4.252331e+00
9.999919e-01 -1.917448e-04 4.021342e-03 7.881194e+00 1.949680e-04 9.999997e-01 -8.015760e-04 -3.159088e-01 -4.021224e-03 8.023629e-04 9.999917e-01 -4.168062e+00
9.999992e-01 1.092078e-04 -1.279024e-03 8.023607e+00 -1.092384e-04 1.000000e+00 -2.531473e-05 -3.245265e-01 1.279059e-03 2.544503e-05 9.999991e-01 -4.103855e+00
9.999900e-01 -2.369368e-04 4.464848e-03 8.291397e+00 2.406928e-04 9.999996e-01 -8.411528e-04 -3.405191e-01 -4.464685e-03 8.422286e-04 9.999898e-01 -4.016607e+00
9.999997e-01 3.478003e-05 -8.299528e-04 8.648162e+00 -3.485828e-05 1.000000e+00 -9.662018e-05 -3.599158e-01 8.299881e-04 9.663951e-05 9.999996e-01 -3.959205e+00
9.999942e-01 -1.164452e-04 3.404360e-03 8.804665e+00 1.191311e-04 9.999997e-01 -7.893374e-04 -3.707497e-01 -3.404306e-03 7.897481e-04 9.999940e-01 -3.849855e+00
9.999989e-01 1.054429e-04 -1.507075e-03 8.835998e+00 -1.052899e-04 1.000000e+00 1.002675e-04 -3.716873e-01 1.507124e-03 -1.001184e-04 9.999988e-01 -3.814870e+00
9.999944e-01 -8.488868e-05 3.342389e-03 8.792847e+00 8.760740e-05 9.999997e-01 -8.138631e-04 -3.703854e-01 -3.342358e-03 8.141611e-04 9.999942e-01 -3.751746e+00
9.999995e-01 1.431816e-05 -9.979048e-04 8.739065e+00 -1.409519e-05 1.000000e+00 2.213752e-04 -3.672538e-01 9.979474e-04 -2.213709e-04 9.999994e-01 -3.780316e+00
9.999940e-01 -1.344829e-04 3.455300e-03 8.785041e+00 1.374230e-04 9.999996e-01 -8.512486e-04 -3.688034e-01 -3.455224e-03 8.517283e-04 9.999938e-01 -3.786363e+00
9.999996e-01 -2.316858e-05 -8.624184e-04 8.943441e+00 2.332303e-05 1.000000e+00 1.766404e-04 -3.743078e-01 8.624543e-04 -1.766704e-04 9.999995e-01 -3.832365e+00
9.999960e-01 -6.000603e-05 2.818552e-03 9.215571e+00 6.265632e-05 9.999996e-01 -9.409640e-04 -3.895950e-01 -2.818535e-03 9.411469e-04 9.999957e-01 -3.729067e+00
9.999999e-01 -2.010278e-05 -3.430608e-04 9.585980e+00 2.027004e-05 9.999999e-01 4.812467e-04 -4.183041e-01 3.430914e-04 -4.812637e-04 9.999997e-01 -3.296002e+00
9.999985e-01 5.016066e-05 1.738309e-03 9.863554e+00 -4.910576e-05 9.999998e-01 -6.081248e-04 -4.520002e-01 -1.738379e-03 6.080486e-04 9.999984e-01 -2.543089e+00
9.999990e-01 -1.510079e-04 1.386582e-03 1.016020e+01 1.515551e-04 9.999999e-01 -3.929751e-04 -4.711041e-01 -1.386482e-03 3.931746e-04 9.999989e-01 -2.410001e+00
9.999988e-01 7.740933e-05 1.518195e-03 1.056762e+01 -7.685870e-05 9.999999e-01 -3.641957e-04 -5.000244e-01 -1.518264e-03 3.640889e-04 9.999989e-01 -2.079641e+00
9.999998e-01 -7.255973e-05 6.517458e-04 1.072423e+01 7.262314e-05 1.000000e+00 -9.382070e-05 -5.183930e-01 -6.516978e-04 9.385771e-05 9.999997e-01 -1.692625e+00
9.999990e-01 9.296651e-05 1.386713e-03 1.078634e+01 -9.193679e-05 9.999997e-01 -7.442283e-04 -5.264655e-01 -1.386824e-03 7.441105e-04 9.999989e-01 -1.538288e+00
9.999993e-01 -2.005229e-04 1.150376e-03 1.074926e+01 2.002220e-04 9.999999e-01 2.637117e-04 -5.218348e-01 -1.150388e-03 -2.634917e-04 9.999992e-01 -1.690272e+00
9.999994e-01 7.220332e-05 1.076745e-03 1.071671e+01 -7.143050e-05 9.999997e-01 -7.198916e-04 -5.158960e-01 -1.076839e-03 7.198248e-04 9.999993e-01 -1.860036e+00
9.999988e-01 -2.297510e-04 1.553735e-03 1.086964e+01 2.296644e-04 1.000000e+00 5.744781e-05 -5.195082e-01 -1.553706e-03 -5.710143e-05 9.999987e-01 -1.959318e+00
9.999986e-01 6.131785e-05 1.647483e-03 1.118167e+01 -5.995715e-05 9.999997e-01 -8.273927e-04 -5.269418e-01 -1.647576e-03 8.273034e-04 9.999984e-01 -2.171805e+00
9.999991e-01 -3.109720e-04 1.306186e-03 1.144095e+01 3.104784e-04 9.999999e-01 3.799152e-04 -5.270723e-01 -1.306261e-03 -3.795199e-04 9.999990e-01 -2.597909e+00
9.999986e-01 7.085666e-05 1.651274e-03 1.177604e+01 -6.901290e-05 9.999994e-01 -1.118056e-03 -5.405862e-01 -1.651395e-03 1.117951e-03 9.999981e-01 -2.665486e+00
9.999989e-01 -2.560807e-04 1.423844e-03 1.205120e+01 2.556452e-04 9.999999e-01 3.077852e-04 -5.542801e-01 -1.423879e-03 -3.074317e-04 9.999988e-01 -2.661313e+00
9.999992e-01 1.163592e-04 1.261321e-03 1.217332e+01 -1.152323e-04 9.999996e-01 -8.954279e-04 -5.582321e-01 -1.261468e-03 8.952927e-04 9.999989e-01 -2.766944e+00
9.999996e-01 -1.970859e-04 9.063432e-04 1.218633e+01 1.966859e-04 9.999999e-01 4.442135e-04 -5.558774e-01 -9.063871e-04 -4.440460e-04 9.999994e-01 -2.891838e+00
9.999987e-01 -3.472953e-06 1.603687e-03 1.235787e+01 5.096841e-06 9.999995e-01 -1.014166e-03 -5.603124e-01 -1.603726e-03 1.014183e-03 9.999983e-01 -3.022839e+00
9.999993e-01 -2.212813e-04 1.170136e-03 1.263399e+01 2.208366e-04 9.999999e-01 3.823619e-04 -5.711897e-01 -1.170176e-03 -3.821143e-04 9.999991e-01 -3.105011e+00
9.999992e-01 6.565004e-05 1.293386e-03 1.280105e+01 -6.432114e-05 9.999995e-01 -1.029467e-03 -5.793619e-01 -1.293497e-03 1.029394e-03 9.999987e-01 -3.127832e+00
9.999999e-01 -3.399071e-05 4.623604e-04 1.276184e+01 3.383250e-05 9.999999e-01 3.478798e-04 -5.804599e-01 -4.623278e-04 -3.478752e-04 9.999997e-01 -3.047704e+00
9.999990e-01 -4.732435e-05 1.445228e-03 1.256745e+01 4.833002e-05 9.999998e-01 -6.976500e-04 -5.687391e-01 -1.445239e-03 6.977303e-04 9.999988e-01 -3.212916e+00
9.999999e-01 -2.629742e-05 5.142283e-04 1.247568e+01 2.605536e-05 9.999999e-01 4.759281e-04 -5.571950e-01 -5.141960e-04 -4.759258e-04 9.999997e-01 -3.510685e+00
9.999986e-01 -7.898829e-05 1.695524e-03 1.247772e+01 8.044271e-05 9.999996e-01 -8.593206e-04 -5.529915e-01 -1.695501e-03 8.594670e-04 9.999983e-01 -3.686059e+00
9.999996e-01 -2.563439e-05 8.552723e-04 1.253327e+01 2.543221e-05 1.000000e+00 2.395805e-04 -5.562068e-01 -8.552333e-04 -2.395700e-04 9.999995e-01 -3.718718e+00
9.999990e-01 -1.365961e-05 1.433098e-03 1.256032e+01 1.494258e-05 9.999996e-01 -8.971341e-04 -5.587953e-01 -1.433131e-03 8.971659e-04 9.999987e-01 -3.732450e+00
9.999990e-01 -1.927702e-04 1.414246e-03 1.255116e+01 1.919837e-04 9.999998e-01 5.581693e-04 -5.541629e-01 -1.414308e-03 -5.579085e-04 9.999988e-01 -3.990660e+00
9.999964e-01 -9.516569e-05 2.677829e-03 1.197405e+01 9.452225e-05 1.000000e+00 2.393736e-04 -5.064337e-01 -2.677897e-03 -2.391083e-04 9.999965e-01 -5.066414e+00
9.999980e-01 -2.881738e-04 1.981854e-03 1.105031e+01 2.859337e-04 9.999993e-01 1.131912e-03 -4.382927e-01 -1.982133e-03 -1.131354e-03 9.999973e-01 -6.632415e+00
1.000000e+00 -4.140722e-05 3.036026e-04 1.064654e+01 4.181656e-05 9.999991e-01 -1.357493e-03 -4.138306e-01 -3.035927e-04 1.357517e-03 9.999991e-01 -7.026415e+00
9.999989e-01 2.757342e-04 1.469001e-03 1.081195e+01 -2.771160e-04 9.999995e-01 9.424311e-04 -4.402106e-01 -1.468693e-03 -9.428483e-04 9.999984e-01 -6.352230e+00
9.999978e-01 -2.600591e-04 2.075733e-03 1.126833e+01 2.641834e-04 9.999980e-01 -1.988264e-03 -4.735649e-01 -2.075259e-03 1.988820e-03 9.999960e-01 -5.986944e+00
1.000000e+00 2.547428e-05 2.293637e-04 1.160964e+01 -2.573459e-05 9.999993e-01 1.147755e-03 -4.884118e-01 -2.292871e-04 -1.147772e-03 9.999992e-01 -6.019150e+00
9.999980e-01 -1.105204e-04 2.008349e-03 1.185808e+01 1.143470e-04 9.999982e-01 -1.906743e-03 -5.051036e-01 -2.008182e-03 1.906980e-03 9.999963e-01 -5.861094e+00
1.000000e+00 7.197458e-05 -2.267171e-05 1.196136e+01 -7.194303e-05 9.999992e-01 1.257413e-03 -5.126733e-01 2.280984e-05 -1.257423e-03 9.999991e-01 -5.771363e+00
9.999972e-01 -1.580853e-04 2.381956e-03 1.221847e+01 1.629773e-04 9.999979e-01 -2.054970e-03 -5.288630e-01 -2.381674e-03 2.055364e-03 9.999951e-01 -5.645674e+00
9.999998e-01 4.746494e-06 6.973470e-04 1.261983e+01 -5.620816e-06 9.999992e-01 1.258159e-03 -5.553750e-01 -6.972924e-04 -1.258174e-03 9.999989e-01 -5.394286e+00
9.999979e-01 -2.100459e-04 2.023738e-03 1.303494e+01 2.142382e-04 9.999978e-01 -2.073032e-03 -5.804126e-01 -2.023347e-03 2.073473e-03 9.999959e-01 -5.215706e+00
9.999998e-01 4.584878e-05 5.868930e-04 1.340219e+01 -4.665677e-05 9.999990e-01 1.382109e-03 -6.047750e-01 -5.867805e-04 -1.382148e-03 9.999988e-01 -4.962919e+00
9.999974e-01 -1.530905e-04 2.284680e-03 1.376848e+01 1.575494e-04 9.999981e-01 -1.952967e-03 -6.314371e-01 -2.284426e-03 1.953334e-03 9.999956e-01 -4.623226e+00
9.999997e-01 2.345708e-05 7.305338e-04 1.414308e+01 -2.433451e-05 9.999993e-01 1.205456e-03 -6.569509e-01 -7.304559e-04 -1.205486e-03 9.999989e-01 -4.354373e+00
9.999983e-01 -1.645173e-04 1.814058e-03 1.444646e+01 1.679817e-04 9.999982e-01 -1.911461e-03 -6.771417e-01 -1.813790e-03 1.911775e-03 9.999966e-01 -4.134825e+00
1.000000e+00 1.270340e-04 1.174443e-04 1.457477e+01 -1.271756e-04 9.999992e-01 1.234718e-03 -6.869847e-01 -1.172379e-04 -1.234745e-03 9.999991e-01 -3.994374e+00
9.999982e-01 -1.487817e-04 1.895006e-03 1.470601e+01 1.525382e-04 9.999980e-01 -1.983973e-03 -6.988555e-01 -1.894757e-03 1.984271e-03 9.999963e-01 -3.815458e+00
9.999996e-01 9.180592e-05 8.934020e-04 1.504920e+01 -9.291817e-05 9.999992e-01 1.248705e-03 -7.242820e-01 -8.932368e-04 -1.248800e-03 9.999987e-01 -3.504435e+00
9.999981e-01 -1.065059e-04 1.948711e-03 1.537057e+01 1.103896e-04 9.999980e-01 -1.994662e-03 -7.494404e-01 -1.948545e-03 1.994885e-03 9.999962e-01 -3.174704e+00
9.999992e-01 1.222855e-04 1.229363e-03 1.563855e+01 -1.238784e-04 9.999991e-01 1.298478e-03 -7.715694e-01 -1.229153e-03 -1.298641e-03 9.999983e-01 -2.871511e+00
9.999977e-01 -2.205408e-04 2.156808e-03 1.599402e+01 2.250216e-04 9.999978e-01 -2.079050e-03 -7.966157e-01 -2.156396e-03 2.079543e-03 9.999956e-01 -2.607730e+00
1.000000e+00 1.953114e-04 -1.671459e-04 1.625130e+01 -1.950749e-04 9.999990e-01 1.393455e-03 -8.200045e-01 1.674687e-04 -1.393435e-03 9.999989e-01 -2.224244e+00
9.999985e-01 -6.452034e-05 1.716047e-03 1.639826e+01 6.773556e-05 9.999982e-01 -1.875607e-03 -8.394224e-01 -1.715974e-03 1.875733e-03 9.999969e-01 -1.800463e+00
9.999995e-01 3.132738e-04 -9.675662e-04 1.648485e+01 -3.115394e-04 9.999984e-01 1.788537e-03 -8.629798e-01 9.681760e-04 -1.788247e-03 9.999978e-01 -1.103040e+00
9.999981e-01 -1.346793e-04 1.964918e-03 1.659799e+01 1.388329e-04 9.999978e-01 -2.115625e-03 -8.850065e-01 -1.964680e-03 2.115906e-03 9.999959e-01 -5.027182e-01
1.000000e+00 1.399482e-04 1.842788e-04 1.682554e+01 -1.402500e-04 9.999986e-01 1.658105e-03 -9.075750e-01 -1.839952e-04 -1.658143e-03 9.999985e-01 -8.189272e-02
9.999985e-01 -9.858844e-05 1.705642e-03 1.707834e+01 1.018217e-04 9.999982e-01 -1.897659e-03 -9.349645e-01 -1.705503e-03 1.897842e-03 9.999968e-01 4.853302e-01
9.999994e-01 1.400950e-04 1.041443e-03 1.731619e+01 -1.415331e-04 9.999990e-01 1.384342e-03 -9.569638e-01 -1.041196e-03 -1.384501e-03 9.999984e-01 8.651928e-01
9.999999e-01 1.013386e-04 -4.843510e-04 1.741544e+01 -1.020216e-04 9.999990e-01 -1.402938e-03 -9.809906e-01 4.841565e-04 1.403000e-03 9.999990e-01 1.574254e+00
9.999999e-01 2.302149e-04 3.854856e-04 1.743330e+01 -2.308077e-04 9.999988e-01 1.547606e-03 -1.003687e+00 -3.850771e-04 -1.547708e-03 9.999986e-01 2.393401e+00
9.999994e-01 -1.177131e-04 1.076595e-03 1.753037e+01 1.195020e-04 9.999986e-01 -1.664978e-03 -1.024931e+00 -1.076449e-03 1.665119e-03 9.999981e-01 3.008669e+00
9.999999e-01 2.287707e-04 -2.482730e-04 1.763842e+01 -2.283772e-04 9.999987e-01 1.569406e-03 -1.045157e+00 2.486837e-04 -1.569362e-03 9.999986e-01 3.592160e+00
9.999990e-01 -1.191265e-04 1.403622e-03 1.775042e+01 1.212402e-04 9.999989e-01 -1.508452e-03 -1.068752e+00 -1.403493e-03 1.508634e-03 9.999980e-01 4.293406e+00
9.999993e-01 1.301180e-04 1.183347e-03 1.797658e+01 -1.315806e-04 9.999992e-01 1.239076e-03 -1.093544e+00 -1.183132e-03 -1.239243e-03 9.999984e-01 4.814411e+00
9.999997e-01 9.870337e-05 -7.299583e-04 1.803152e+01 -9.958645e-05 9.999993e-01 -1.204951e-03 -1.114191e+00 7.297865e-04 1.205036e-03 9.999991e-01 5.501470e+00
9.999992e-01 1.745665e-04 1.240566e-03 1.806256e+01 -1.761971e-04 9.999991e-01 1.317316e-03 -1.135837e+00 -1.240283e-03 -1.317547e-03 9.999983e-01 6.252276e+00
9.999997e-01 -1.353061e-04 7.693157e-04 1.821177e+01 1.364843e-04 9.999988e-01 -1.536319e-03 -1.156085e+00 -7.691595e-04 1.536436e-03 9.999986e-01 6.756994e+00
9.999990e-01 7.423710e-05 1.427010e-03 1.837834e+01 -7.581548e-05 9.999994e-01 1.108615e-03 -1.170847e+00 -1.426874e-03 -1.108734e-03 9.999983e-01 7.043657e+00
9.999996e-01 -2.007728e-04 8.493601e-04 1.862078e+01 2.022026e-04 9.999986e-01 -1.687954e-03 -1.186064e+00 -8.490729e-04 1.688138e-03 9.999983e-01 7.216821e+00
9.999995e-01 1.811809e-04 1.023785e-03 1.887877e+01 -1.821723e-04 9.999995e-01 9.719251e-04 -1.203309e+00 -1.023555e-03 -9.721238e-04 9.999989e-01 7.387263e+00
9.999998e-01 -2.199190e-04 6.426872e-04 1.907744e+01 2.209253e-04 9.999987e-01 -1.571951e-03 -1.217974e+00 -6.423939e-04 1.572106e-03 9.999986e-01 7.592789e+00
9.999999e-01 4.256413e-04 -2.136233e-04 1.907451e+01 -4.254090e-04 9.999993e-01 1.068495e-03 -1.226472e+00 2.141312e-04 -1.068417e-03 9.999993e-01 7.880026e+00
