9.999994e-01 -4.218808e-04 -1.040862e-03 -1.434226e-01 4.223919e-04 9.999998e-01 4.908579e-04 -1.625760e-02 1.040655e-03 -4.912978e-04 9.999994e-01 8.685409e-01
9.999995e-01 -1.185248e-04 1.040574e-03 -2.684414e-01 1.187854e-04 1.000000e+00 -2.503387e-04 -2.685236e-02 -1.040544e-03 2.504627e-04 9.999993e-01 1.476862e+00
9.999993e-01 -2.478162e-04 -1.147339e-03 -3.495200e-01 2.483571e-04 9.999999e-01 4.713762e-04 -3.784362e-02 1.147222e-03 -4.716614e-04 9.999993e-01 2.045271e+00
9.999992e-01 -1.499394e-05 1.285412e-03 -3.663783e-01 1.514005e-05 1.000000e+00 -1.136427e-04 -5.633230e-02 -1.285411e-03 1.136626e-04 9.999991e-01 2.777522e+00
9.999997e-01 -3.172622e-04 -6.636679e-04 -3.982914e-01 3.174051e-04 9.999999e-01 2.152523e-04 -6.552843e-02 6.635995e-04 -2.154635e-04 9.999999e-01 3.177061e+00
9.999987e-01 -6.711586e-05 1.627075e-03 -4.495942e-01 6.766719e-05 9.999999e-01 -3.387807e-04 -6.581508e-02 -1.627052e-03 3.388910e-04 9.999985e-01 3.312635e+00
9.999996e-01 -4.440242e-04 -7.289127e-04 -5.456643e-01 4.442143e-04 9.999999e-01 2.607094e-04 -6.455596e-02 7.287966e-04 -2.610337e-04 9.999998e-01 3.464115e+00
9.999983e-01 2.972361e-06 1.859468e-03 -6.089510e-01 -2.245793e-06 9.999999e-01 -3.907324e-04 -6.468944e-02 -1.859469e-03 3.907281e-04 9.999981e-01 3.596932e+00
9.999996e-01 -3.924061e-04 -7.907980e-04 -6.347836e-01 3.926468e-04 9.999999e-01 3.042212e-04 -6.600144e-02 7.906781e-04 -3.045321e-04 9.999997e-01 3.719975e+00
9.999982e-01 -9.886302e-05 1.909250e-03 -7.109660e-01 9.966324e-05 9.999999e-01 -4.190270e-04 -6.609659e-02 -1.909208e-03 4.192171e-04 9.999980e-01 3.876399e+00
9.999996e-01 -3.135984e-04 -7.978685e-04 -7.809051e-01 3.138383e-04 9.999999e-01 3.006295e-04 -6.353042e-02 7.977735e-04 -3.008804e-04 9.999997e-01 3.954235e+00
9.999982e-01 -1.748884e-05 1.878497e-03 -7.997390e-01 1.829208e-05 9.999999e-01 -4.275734e-04 -6.498507e-02 -1.878488e-03 4.276075e-04 9.999980e-01 4.066573e+00
9.999990e-01 -4.155633e-04 -1.329857e-03 -8.972536e-01 4.162115e-04 9.999998e-01 4.871857e-04 -6.975196e-02 1.329653e-03 -4.877392e-04 9.999991e-01 4.392342e+00
9.999969e-01 8.451995e-05 2.477195e-03 -9.107593e-01 -8.309361e-05 9.999998e-01 -5.758783e-04 -7.194469e-02 -2.477242e-03 5.756712e-04 9.999967e-01 4.518731e+00
9.999994e-01 -4.670825e-04 -1.007914e-03 -8.829150e-01 4.675481e-04 9.999998e-01 4.618071e-04 -6.925360e-02 1.007697e-03 -4.622785e-04 9.999995e-01 4.431402e+00
9.999976e-01 9.357889e-05 2.175050e-03 -9.265553e-01 -9.230247e-05 9.999998e-01 -5.869307e-04 -6.929268e-02 -2.175104e-03 5.867291e-04 9.999974e-01 4.522956e+00
9.999996e-01 -3.691162e-04 -8.690642e-04 -9.385502e-01 3.695679e-04 9.999998e-01 5.196664e-04 -7.618590e-02 8.688709e-04 -5.199878e-04 9.999996e-01 4.770890e+00
9.999975e-01 9.128023e-04 2.020943e-03 -4.461335e-01 -9.122136e-04 9.999995e-01 -2.921770e-04 -1.195455e-01 -2.021208e-03 2.903333e-04 9.999978e-01 5.469620e+00
9.999998e-01 -5.578736e-04 -2.735575e-04 4.841522e-02 5.579841e-04 9.999998e-01 4.041773e-04 -1.542417e-01 2.733303e-04 -4.043304e-04 1.000000e+00 5.882538e+00
9.999984e-01 2.717224e-04 1.775612e-03 3.807377e-02 -2.708161e-04 9.999998e-01 -5.106054e-04 -1.541703e-01 -1.775748e-03 5.101243e-04 9.999982e-01 5.928998e+00
9.999996e-01 -7.183849e-04 -5.676969e-04 -9.812444e-02 7.186176e-04 9.999997e-01 4.097373e-04 -1.484142e-01 5.674004e-04 -4.101456e-04 9.999999e-01 5.935095e+00
9.999987e-01 2.822998e-04 1.573623e-03 -2.432493e-01 -2.815056e-04 9.999998e-01 -5.048741e-04 -1.442690e-01 -1.573763e-03 5.044310e-04 9.999985e-01 6.027171e+00
9.999996e-01 -8.220061e-04 -4.518514e-04 -4.612697e-01 8.222166e-04 9.999996e-01 4.660561e-04 -1.383374e-01 4.514660e-04 -4.664279e-04 9.999999e-01 6.145830e+00
9.999989e-01 2.066199e-04 1.484336e-03 -7.144027e-01 -2.059100e-04 9.999999e-01 -4.783286e-04 -1.302423e-01 -1.484433e-03 4.780230e-04 9.999987e-01 6.224231e+00
9.999996e-01 -7.472308e-04 -4.963970e-04 -9.547115e-01 7.474597e-04 9.999996e-01 4.609775e-04 -1.227843e-01 4.960500e-04 -4.613488e-04 9.999999e-01 6.310573e+00
9.999983e-01 2.604265e-04 1.844108e-03 -1.119270e+00 -2.594562e-04 9.999998e-01 -5.263541e-04 -1.158537e-01 -1.844243e-03 5.258752e-04 9.999981e-01 6.312549e+00
9.999996e-01 -7.870554e-04 -4.952180e-04 -1.313828e+00 7.872869e-04 9.999996e-01 4.673974e-04 -1.063615e-01 4.948474e-04 -4.677876e-04 9.999999e-01 6.262810e+00
9.999982e-01 2.645348e-04 1.893200e-03 -1.527283e+00 -2.635435e-04 9.999998e-01 -5.238496e-04 -9.595038e-02 -1.893335e-03 5.233502e-04 9.999980e-01 6.201932e+00
9.999995e-01 -7.547830e-04 -6.372190e-04 -1.730859e+00 7.550920e-04 9.999996e-01 4.847391e-04 -8.780992e-02 6.368501e-04 -4.852205e-04 9.999998e-01 6.213032e+00
9.999985e-01 2.766065e-04 1.738139e-03 -1.934121e+00 -2.756562e-04 9.999998e-01 -5.469231e-04 -8.079391e-02 -1.738287e-03 5.464436e-04 9.999982e-01 6.267286e+00
9.999995e-01 -8.595441e-04 -5.379115e-04 -2.187612e+00 8.597807e-04 9.999995e-01 4.396646e-04 -7.014927e-02 5.375303e-04 -4.401273e-04 9.999999e-01 6.245337e+00
9.999982e-01 3.171771e-04 1.882454e-03 -2.415272e+00 -3.162558e-04 9.999998e-01 -4.896748e-04 -5.918528e-02 -1.882606e-03 4.890790e-04 9.999980e-01 6.166122e+00
9.999995e-01 -8.023284e-04 -5.965224e-04 -2.608939e+00 8.025936e-04 9.999996e-01 4.443941e-04 -5.061413e-02 5.961623e-04 -4.448731e-04 9.999998e-01 6.149352e+00
9.999984e-01 3.517005e-04 1.754506e-03 -2.782022e+00 -3.508086e-04 9.999998e-01 -5.085980e-04 -4.450867e-02 -1.754682e-03 5.079821e-04 9.999982e-01 6.204976e+00
9.999993e-01 -7.809920e-04 -9.116752e-04 -2.921129e+00 7.814383e-04 9.999996e-01 4.893138e-04 -4.195941e-02 9.112892e-04 -4.900263e-04 9.999996e-01 6.355049e+00
9.999979e-01 3.899908e-04 2.018025e-03 -3.052583e+00 -3.887926e-04 9.999997e-01 -5.941054e-04 -3.875259e-02 -2.018252e-03 5.933200e-04 9.999977e-01 6.455291e+00
9.999995e-01 -7.398017e-04 -6.296249e-04 -3.166499e+00 7.401322e-04 9.999996e-01 5.248610e-04 -3.402575e-02 6.292326e-04 -5.253272e-04 9.999998e-01 6.462832e+00
9.999980e-01 3.190144e-04 1.951446e-03 -3.315530e+00 -3.178235e-04 9.999998e-01 -6.105128e-04 -2.696262e-02 -1.951636e-03 6.098918e-04 9.999978e-01 6.426990e+00
9.999992e-01 -7.728905e-04 -9.769739e-04 -3.481948e+00 7.733895e-04 9.999996e-01 5.105537e-04 -2.271694e-02 9.765749e-04 -5.113092e-04 9.999995e-01 6.552961e+00
9.999980e-01 2.689894e-04 1.993631e-03 -3.703414e+00 -2.678107e-04 9.999998e-01 -5.914786e-04 -1.603238e-02 -1.993786e-03 5.909438e-04 9.999977e-01 6.685316e+00
9.999992e-01 -9.342572e-04 -8.936900e-04 -4.005072e+00 9.347949e-04 9.999994e-01 6.014104e-04 -8.094265e-03 8.931234e-04 -6.022457e-04 9.999995e-01 6.839027e+00
9.999982e-01 3.489522e-04 1.889139e-03 -4.284826e+00 -3.478252e-04 9.999998e-01 -5.968785e-04 -1.033547e-03 -1.889342e-03 5.962207e-04 9.999979e-01 7.005171e+00
9.999995e-01 -9.020618e-04 -4.047739e-04 -4.501267e+00 9.023142e-04 9.999994e-01 6.238638e-04 6.086599e-04 4.042064e-04 -6.242291e-04 9.999998e-01 7.274818e+00
9.999991e-01 3.277778e-04 1.336906e-03 -4.686284e+00 -3.269116e-04 9.999997e-01 -6.481113e-04 3.448026e-03 -1.337114e-03 6.476741e-04 9.999988e-01 7.481657e+00
9.999996e-01 -8.914486e-04 -1.830969e-04 -4.877787e+00 8.915534e-04 9.999994e-01 5.732164e-04 1.193135e-02 1.825811e-04 -5.733798e-04 9.999999e-01 7.460355e+00
9.999989e-01 2.559721e-04 1.441652e-03 -5.115089e+00 -2.550549e-04 9.999998e-01 -6.363683e-04 2.364600e-02 -1.441810e-03 6.360003e-04 9.999987e-01 7.378004e+00
9.999996e-01 -8.593727e-04 -1.330211e-04 -5.309790e+00 8.594536e-04 9.999994e-01 6.093859e-04 3.866259e-02 1.324924e-04 -6.095004e-04 9.999999e-01 7.100045e+00
9.999986e-01 5.159336e-04 1.563723e-03 -5.407504e+00 -5.149289e-04 9.999997e-01 -6.428467e-04 4.364346e-02 -1.564049e-03 6.420410e-04 9.999985e-01 7.109149e+00
9.999996e-01 -8.915926e-04 -3.020723e-04 -5.490174e+00 8.917689e-04 9.999994e-01 5.842742e-04 4.635927e-02 3.015460e-04 -5.845437e-04 9.999999e-01 7.180362e+00
9.999982e-01 4.110425e-04 1.839593e-03 -5.643167e+00 -4.098492e-04 9.999997e-01 -6.489678e-04 5.382320e-02 -1.839854e-03 6.482131e-04 9.999980e-01 7.153382e+00
9.999994e-01 -9.186646e-04 -5.210571e-04 -5.823907e+00 9.189667e-04 9.999994e-01 5.799804e-04 6.220770e-02 5.205185e-04 -5.804593e-04 9.999998e-01 7.146002e+00
9.999978e-01 6.498733e-04 2.019054e-03 -5.872094e+00 -6.484761e-04 9.999995e-01 -6.925861e-04 6.447526e-02 -2.019498e-03 6.912756e-04 9.999976e-01 7.177402e+00
9.999997e-01 -8.360096e-04 -2.677950e-05 -5.745586e+00 8.360252e-04 9.999995e-01 5.875314e-04 5.846805e-02 2.628248e-05 -5.875539e-04 9.999999e-01 7.202411e+00
9.999986e-01 5.888436e-04 1.587512e-03 -5.723868e+00 -5.877963e-04 9.999996e-01 -6.600385e-04 5.432387e-02 -1.587894e-03 6.591047e-04 9.999984e-01 7.328146e+00
9.999996e-01 -8.758504e-04 1.849479e-05 -5.747561e+00 8.758386e-04 9.999994e-01 6.283863e-04 5.752901e-02 -1.905130e-05 -6.283701e-04 9.999999e-01 7.288002e+00
9.999991e-01 5.523541e-04 1.216219e-03 -5.774027e+00 -5.515056e-04 9.999996e-01 -6.978575e-04 5.717722e-02 -1.216598e-03 6.971864e-04 9.999989e-01 7.368736e+00
9.999996e-01 -8.712359e-04 -4.755285e-05 -5.802789e+00 8.712649e-04 9.999994e-01 6.148149e-04 5.696839e-02 4.701079e-05 -6.148564e-04 9.999999e-01 7.456388e+00
9.999982e-01 6.739185e-04 1.764554e-03 -5.689813e+00 -6.727293e-04 9.999995e-01 -6.744370e-04 5.201819e-02 -1.765001e-03 6.732490e-04 9.999981e-01 7.465664e+00
9.999995e-01 -9.321166e-04 -3.691539e-04 -5.647382e+00 9.323383e-04 9.999994e-01 6.009139e-04 4.899731e-02 3.685868e-04 -6.012580e-04 9.999999e-01 7.528845e+00
9.999988e-01 6.070883e-04 1.457614e-03 -5.671847e+00 -6.060534e-04 9.999996e-01 -7.103731e-04 4.704913e-02 -1.458038e-03 7.094891e-04 9.999986e-01 7.650951e+00
9.999994e-01 -1.019047e-03 3.221676e-04 -5.673336e+00 1.018832e-03 9.999993e-01 6.661420e-04 4.301681e-02 -3.228532e-04 -6.658136e-04 9.999998e-01 7.783621e+00
9.999989e-01 7.819127e-04 1.247462e-03 -5.659743e+00 -7.809890e-04 9.999994e-01 -7.407671e-04 4.158645e-02 -1.248034e-03 7.397923e-04 9.999988e-01 7.820601e+00
9.999994e-01 -9.388308e-04 5.357412e-04 -5.537291e+00 9.384452e-04 9.999993e-01 7.195955e-04 3.501885e-02 -5.364237e-04 -7.190925e-04 9.999997e-01 7.854562e+00
9.999976e-01 1.000283e-03 1.926727e-03 -5.172645e+00 -9.987703e-04 9.999992e-01 -7.860592e-04 1.371426e-02 -1.927504e-03 7.841332e-04 9.999977e-01 7.935651e+00
9.999995e-01 -8.967297e-04 3.289659e-04 -4.737234e+00 8.965116e-04 9.999994e-01 6.623526e-04 -1.172435e-02 -3.295675e-04 -6.620576e-04 9.999998e-01 8.035865e+00
9.999983e-01 8.302053e-04 1.635082e-03 -4.498515e+00 -8.290187e-04 9.999994e-01 -7.262188e-04 -2.552481e-02 -1.635676e-03 7.248622e-04 9.999983e-01 8.106052e+00
9.999995e-01 -9.414637e-04 3.499857e-04 -4.333871e+00 9.412231e-04 9.999993e-01 6.867449e-04 -3.793813e-02 -3.506402e-04 -6.864154e-04 9.999998e-01 8.234709e+00
9.999990e-01 5.925343e-04 1.314894e-03 -4.343653e+00 -5.916545e-04 9.999996e-01 -6.694153e-04 -4.336030e-02 -1.315281e-03 6.686368e-04 9.999988e-01 8.422393e+00
9.999992e-01 -9.631404e-04 7.706799e-04 -4.328900e+00 9.625625e-04 9.999993e-01 7.498678e-04 -5.029253e-02 -7.714101e-04 -7.491256e-04 9.999995e-01 8.613745e+00
9.999989e-01 7.656283e-04 1.230274e-03 -4.247938e+00 -7.647415e-04 9.999994e-01 -7.211310e-04 -5.985089e-02 -1.230817e-03 7.201896e-04 9.999989e-01 8.778809e+00
9.999993e-01 -9.100860e-04 7.079340e-04 -4.150171e+00 9.095683e-04 9.999993e-01 7.313293e-04 -6.823787e-02 -7.086080e-04 -7.306851e-04 9.999996e-01 8.890713e+00
9.999988e-01 7.657843e-04 1.378719e-03 -4.011275e+00 -7.647830e-04 9.999994e-01 -7.265986e-04 -7.808160e-02 -1.379266e-03 7.255435e-04 9.999987e-01 8.981776e+00
9.999993e-01 -1.027000e-03 6.417209e-04 -3.933909e+00 1.026543e-03 9.999992e-01 7.125530e-04 -8.352866e-02 -6.424615e-04 -7.118939e-04 9.999996e-01 9.034871e+00
9.999986e-01 7.362972e-04 1.498970e-03 -3.865346e+00 -7.352504e-04 9.999995e-01 -6.987966e-04 -8.681762e-02 -1.499474e-03 6.976938e-04 9.999985e-01 9.015727e+00
9.999992e-01 -1.003678e-03 7.737029e-04 -3.722385e+00 1.003165e-03 9.999993e-01 6.624467e-04 -9.125132e-02 -7.743770e-04 -6.616702e-04 9.999996e-01 8.947924e+00
9.999989e-01 9.252218e-04 1.121020e-03 -3.527864e+00 -9.243952e-04 9.999993e-01 -7.376534e-04 -1.051225e-01 -1.121692e-03 7.366165e-04 9.999990e-01 9.080710e+00
9.999991e-01 -1.179571e-03 6.410579e-04 -3.479607e+00 1.179134e-03 9.999991e-01 6.803359e-04 -1.093928e-01 -6.418700e-04 -6.795796e-04 9.999997e-01 9.159495e+00
9.999985e-01 9.382255e-04 1.438532e-03 -3.321088e+00 -9.371676e-04 9.999993e-01 -7.359065e-04 -1.159504e-01 -1.439211e-03 7.345575e-04 9.999986e-01 9.126388e+00
9.999992e-01 -1.090359e-03 6.768146e-04 -3.086368e+00 1.089924e-03 9.999992e-01 6.426906e-04 -1.276453e-01 -6.775254e-04 -6.419526e-04 9.999997e-01 9.143184e+00
9.999989e-01 8.199470e-04 1.208091e-03 -2.932191e+00 -8.190581e-04 9.999994e-01 -7.360752e-04 -1.335781e-01 -1.208683e-03 7.350851e-04 9.999989e-01 9.102125e+00
9.999992e-01 -9.957187e-04 7.280472e-04 -2.739991e+00 9.952291e-04 9.999993e-01 6.724978e-04 -1.396236e-01 -7.287272e-04 -6.717729e-04 9.999996e-01 8.999934e+00
9.999991e-01 7.886760e-04 1.043646e-03 -2.575613e+00 -7.878761e-04 9.999994e-01 -7.666474e-04 -1.443047e-01 -1.044239e-03 7.658247e-04 9.999991e-01 8.897693e+00
9.999992e-01 -1.039735e-03 6.779693e-04 -2.452927e+00 1.039292e-03 9.999992e-01 6.531475e-04 -1.467337e-01 -6.786592e-04 -6.524426e-04 9.999997e-01 8.788387e+00
9.999992e-01 6.996090e-04 1.007417e-03 -2.444548e+00 -6.988833e-04 9.999995e-01 -7.205208e-04 -1.424952e-01 -1.007909e-03 7.198163e-04 9.999991e-01 8.622937e+00
9.999994e-01 -9.738417e-04 3.996179e-04 -2.468142e+00 9.735910e-04 9.999993e-01 6.270835e-04 -1.392775e-01 -4.002399e-04 -6.266942e-04 9.999998e-01 8.587144e+00
9.999993e-01 5.550718e-04 1.054393e-03 -2.561281e+00 -5.543470e-04 9.999996e-01 -6.875076e-04 -1.310109e-01 -1.054762e-03 6.869228e-04 9.999991e-01 8.441757e+00
9.999994e-01 -1.086118e-03 2.527632e-04 -2.699609e+00 1.085955e-03 9.999992e-01 6.423822e-04 -1.196381e-01 -2.534726e-04 -6.421074e-04 9.999999e-01 8.247991e+00
9.999991e-01 5.486456e-04 1.197445e-03 -2.797153e+00 -5.478359e-04 9.999996e-01 -6.763629e-04 -1.102306e-01 -1.197804e-03 6.757064e-04 9.999990e-01 8.019060e+00
9.999994e-01 -9.987798e-04 4.535519e-04 -2.764617e+00 9.984951e-04 9.999993e-01 6.274971e-04 -1.067148e-01 -4.541905e-04 -6.270440e-04 9.999998e-01 7.815589e+00
9.999994e-01 5.532535e-04 9.687106e-04 -2.774766e+00 -5.525886e-04 9.999996e-01 -6.865242e-04 -1.011843e-01 -9.690777e-04 6.859886e-04 9.999992e-01 7.629040e+00
9.999995e-01 -8.281692e-04 5.262224e-04 -2.726350e+00 8.278465e-04 9.999995e-01 6.130917e-04 -1.023426e-01 -5.267423e-04 -6.126559e-04 9.999998e-01 7.612030e+00
9.999990e-01 6.573647e-04 1.253320e-03 -2.550270e+00 -6.565540e-04 9.999996e-01 -6.471195e-04 -1.090888e-01 -1.253732e-03 6.462961e-04 9.999989e-01 7.589388e+00
9.999996e-01 -7.817136e-04 5.006892e-04 -2.299589e+00 7.814560e-04 9.999996e-01 5.145813e-04 -1.202565e-01 -5.011041e-04 -5.141898e-04 9.999998e-01 7.578806e+00
9.999992e-01 6.093534e-04 1.094089e-03 -2.098929e+00 -6.086500e-04 9.999996e-01 -6.430610e-04 -1.283528e-01 -1.094467e-03 6.423946e-04 9.999991e-01 7.565333e+00
9.999993e-01 -8.128687e-04 8.220758e-04 -1.926413e+00 8.124044e-04 9.999995e-01 5.649244e-04 -1.333922e-01 -8.225478e-04 -5.642562e-04 9.999996e-01 7.491117e+00
9.999995e-01 4.650373e-04 8.351680e-04 -1.886155e+00 -4.644859e-04 9.999997e-01 -6.602962e-04 -1.294665e-01 -8.354614e-04 6.599080e-04 9.999993e-01 7.327539e+00
9.999995e-01 -8.180455e-04 6.546473e-04 -1.927050e+00 8.176974e-04 9.999995e-01 5.317344e-04 -1.260410e-01 -6.550954e-04 -5.311988e-04 9.999997e-01 7.294708e+00
9.999997e-01 4.481047e-04 6.981927e-04 -1.964760e+00 -4.476792e-04 9.999997e-01 -6.095291e-04 -1.238606e-01 -6.984521e-04 6.092163e-04 9.999995e-01 7.300886e+00
9.999995e-01 -7.404265e-04 7.420418e-04 -1.951094e+00 7.400365e-04 9.999996e-01 5.256956e-04 -1.252202e-01 -7.424445e-04 -5.251462e-04 9.999997e-01 7.363580e+00
9.999999e-01 4.204048e-04 3.198264e-04 -1.979848e+00 -4.202028e-04 9.999997e-01 -6.312554e-04 -1.238765e-01 -3.200778e-04 6.311209e-04 9.999997e-01 7.428217e+00
9.999993e-01 -8.320472e-04 7.878858e-04 -2.061630e+00 8.316321e-04 9.999995e-01 5.269407e-04 -1.197774e-01 -7.883379e-04 -5.262851e-04 9.999997e-01 7.449109e+00
9.999998e-01 5.344091e-04 3.451045e-04 -2.075701e+00 -5.341849e-04 9.999996e-01 -6.494224e-04 -1.196307e-01 -3.454373e-04 6.492378e-04 9.999996e-01 7.510899e+00
9.999994e-01 -7.521190e-04 8.027139e-04 -2.038878e+00 7.516457e-04 9.999995e-01 5.897033e-04 -1.247813e-01 -8.031712e-04 -5.890995e-04 9.999996e-01 7.640120e+00
9.999998e-01 5.030092e-04 3.588527e-04 -2.016996e+00 -5.027780e-04 9.999997e-01 -6.440356e-04 -1.294203e-01 -3.591622e-04 6.438550e-04 9.999996e-01 7.786703e+00
9.999992e-01 -7.119666e-04 1.022063e-03 -1.940543e+00 7.113870e-04 9.999996e-01 5.672606e-04 -1.361589e-01 -1.022481e-03 -5.665330e-04 9.999994e-01 7.898518e+00
9.999998e-01 4.783412e-04 4.493424e-04 -1.874533e+00 -4.780410e-04 9.999997e-01 -6.679674e-04 -1.423618e-01 -4.496472e-04 6.677524e-04 9.999996e-01 8.010909e+00
9.999995e-01 -6.388223e-04 8.048269e-04 -1.802991e+00 6.384007e-04 9.999997e-01 5.239211e-04 -1.479544e-01 -8.051760e-04 -5.234069e-04 9.999996e-01 8.099031e+00
9.999998e-01 4.731170e-04 4.258861e-04 -1.701016e+00 -4.728334e-04 9.999997e-01 -6.657869e-04 -1.535423e-01 -4.261861e-04 6.655853e-04 9.999996e-01 8.151588e+00
9.999992e-01 -5.870981e-04 1.138052e-03 -1.478053e+00 5.864614e-04 9.999997e-01 5.596944e-04 -1.616459e-01 -1.138395e-03 -5.590264e-04 9.999993e-01 8.111199e+00
9.999998e-01 5.298085e-04 4.045738e-04 -1.181704e+00 -5.295478e-04 9.999997e-01 -6.442252e-04 -1.715475e-01 -4.048998e-04 6.440107e-04 9.999996e-01 8.030354e+00
9.999994e-01 -4.368142e-04 9.601037e-04 -8.371067e-01 4.363076e-04 9.999998e-01 5.278207e-04 -1.870729e-01 -9.603493e-04 -5.274014e-04 9.999995e-01 8.026731e+00
9.999997e-01 4.421684e-04 7.035171e-04 -5.763321e-01 -4.417694e-04 9.999997e-01 -5.671044e-04 -1.992845e-01 -7.037522e-04 5.667932e-04 9.999995e-01 8.037965e+00
9.999996e-01 -5.237704e-04 7.538322e-04 -3.984040e-01 5.234025e-04 9.999997e-01 4.880205e-04 -2.079402e-01 -7.541032e-04 -4.876256e-04 9.999997e-01 8.064349e+00
9.999996e-01 5.269162e-04 7.829660e-04 -1.659246e-01 -5.264470e-04 9.999997e-01 -5.993641e-04 -2.199827e-01 -7.832658e-04 5.989515e-04 9.999994e-01 8.100283e+00
9.999994e-01 -4.512073e-04 1.027792e-03 1.082991e-01 4.506559e-04 9.999998e-01 5.366480e-04 -2.346680e-01 -1.028050e-03 -5.361843e-04 9.999994e-01 8.148780e+00
9.999998e-01 4.024121e-04 4.888528e-04 2.642433e-01 -4.021024e-04 9.999997e-01 -6.332870e-04 -2.447675e-01 -4.890914e-04 6.330901e-04 9.999996e-01 8.237554e+00
9.999995e-01 -5.310946e-04 8.655157e-04 3.526271e-01 5.306415e-04 9.999997e-01 5.236958e-04 -2.508333e-01 -8.658098e-04 -5.232360e-04 9.999996e-01 8.311247e+00
9.999997e-01 4.512169e-04 6.776709e-04 5.252086e-01 -4.507761e-04 9.999997e-01 -6.504288e-04 -2.592857e-01 -6.779478e-04 6.501229e-04 9.999995e-01 8.340208e+00
9.999996e-01 -6.023640e-04 7.203450e-04 6.688004e-01 6.019712e-04 9.999997e-01 5.453713e-04 -2.679240e-01 -7.206897e-04 -5.449372e-04 9.999997e-01 8.407481e+00
9.999994e-01 4.143662e-04 1.040695e-03 7.452629e-01 -4.137146e-04 9.999997e-01 -6.262257e-04 -2.727293e-01 -1.040937e-03 6.257945e-04 9.999992e-01 8.470296e+00
9.999996e-01 -4.532869e-04 7.806428e-04 1.024930e+00 4.528556e-04 9.999997e-01 5.525126e-04 -2.846086e-01 -7.809099e-04 -5.521586e-04 9.999996e-01 8.446886e+00
9.999996e-01 2.600618e-04 8.407255e-04 1.186251e+00 -2.595052e-04 9.999997e-01 -6.620260e-04 -2.892689e-01 -8.408805e-04 6.618074e-04 9.999993e-01 8.395902e+00
9.999997e-01 -4.189724e-04 6.773786e-04 1.315462e+00 4.186155e-04 9.999998e-01 5.268662e-04 -2.942054e-01 -6.776164e-04 -5.265822e-04 9.999997e-01 8.400379e+00
9.999996e-01 1.658656e-04 8.282925e-04 1.336283e+00 -1.653450e-04 9.999998e-01 -6.285901e-04 -2.937780e-01 -8.283793e-04 6.284527e-04 9.999994e-01 8.389202e+00
9.999996e-01 -4.109460e-04 7.924002e-04 1.353719e+00 4.104966e-04 9.999998e-01 5.671612e-04 -2.922094e-01 -7.926506e-04 -5.668354e-04 9.999996e-01 8.339048e+00
9.999995e-01 1.595583e-04 1.021197e-03 1.500311e+00 -1.588636e-04 9.999998e-01 -6.802603e-04 -2.968802e-01 -1.021288e-03 6.800974e-04 9.999991e-01 8.279539e+00
9.999997e-01 -3.796988e-04 6.363730e-04 1.620942e+00 3.793054e-04 9.999997e-01 6.182010e-04 -3.037223e-01 -6.366254e-04 -6.179591e-04 9.999997e-01 8.315843e+00
9.999993e-01 3.053730e-04 1.121345e-03 1.850616e+00 -3.046284e-04 9.999997e-01 -6.640829e-04 -3.174318e-01 -1.121530e-03 6.637405e-04 9.999991e-01 8.400051e+00
9.999996e-01 -4.904368e-04 7.183028e-04 2.049035e+00 4.900285e-04 9.999997e-01 5.684014e-04 -3.273426e-01 -7.185996e-04 -5.680489e-04 9.999997e-01 8.410755e+00
9.999996e-01 7.712030e-06 8.665245e-04 1.931654e+00 -7.200240e-06 9.999998e-01 -5.905756e-04 -3.180834e-01 -8.665106e-04 5.905688e-04 9.999994e-01 8.209638e+00
9.999997e-01 -3.918975e-04 5.987577e-04 1.889960e+00 3.915630e-04 9.999998e-01 5.586875e-04 -3.118889e-01 -5.989950e-04 -5.584526e-04 9.999998e-01 8.031188e+00
9.999992e-01 2.220278e-04 1.207429e-03 2.005613e+00 -2.213074e-04 9.999998e-01 -5.966897e-04 -3.176144e-01 -1.207543e-03 5.964217e-04 9.999990e-01 8.057147e+00
9.999996e-01 -3.248527e-04 7.923976e-04 2.274097e+00 3.244402e-04 9.999998e-01 5.205978e-04 -3.290372e-01 -7.925854e-04 -5.203402e-04 9.999996e-01 8.041972e+00
9.999996e-01 1.751849e-04 8.984999e-04 2.395096e+00 -1.746574e-04 9.999998e-01 -5.871761e-04 -3.349981e-01 -8.985836e-04 5.870186e-04 9.999993e-01 8.082051e+00
9.999997e-01 -3.799916e-04 7.100865e-04 2.447853e+00 3.796220e-04 9.999998e-01 5.205026e-04 -3.385236e-01 -7.103033e-04 -5.202325e-04 9.999997e-01 8.137009e+00
9.999991e-01 2.876487e-04 1.321575e-03 2.670349e+00 -2.868940e-04 9.999998e-01 -5.711903e-04 -3.503559e-01 -1.321720e-03 5.708102e-04 9.999989e-01 8.190380e+00
9.999998e-01 -3.595939e-04 4.711811e-04 2.872062e+00 3.593827e-04 9.999998e-01 4.482548e-04 -3.616491e-01 -4.713618e-04 -4.480850e-04 9.999999e-01 8.251818e+00
9.999995e-01 1.259623e-04 9.453757e-04 2.878117e+00 -1.254730e-04 9.999999e-01 -5.175269e-04 -3.621281e-01 -9.454211e-04 5.174076e-04 9.999993e-01 8.310425e+00
9.999995e-01 -4.109408e-04 9.200652e-04 2.927846e+00 4.105299e-04 9.999998e-01 4.466884e-04 -3.642230e-01 -9.202685e-04 -4.463100e-04 9.999996e-01 8.324513e+00
9.999992e-01 3.466445e-04 1.236844e-03 3.113655e+00 -3.460320e-04 9.999998e-01 -4.952922e-04 -3.786868e-01 -1.236995e-03 4.948634e-04 9.999990e-01 8.469044e+00
9.999992e-01 -2.782449e-04 1.265353e-03 3.404888e+00 2.776048e-04 9.999998e-01 5.059490e-04 -3.997995e-01 -1.265514e-03 -5.055969e-04 9.999992e-01 8.634493e+00
9.999979e-01 9.960539e-04 1.811688e-03 4.060730e+00 -9.952736e-04 9.999994e-01 -4.315523e-04 -4.444718e-01 -1.812096e-03 4.297479e-04 9.999982e-01 9.013785e+00
9.999996e-01 -4.021499e-04 7.999812e-04 4.697963e+00 4.016914e-04 9.999998e-01 5.731956e-04 -4.877790e-01 -8.002323e-04 -5.728736e-04 9.999996e-01 9.408677e+00
9.999978e-01 7.058144e-04 1.988353e-03 5.165516e+00 -7.046930e-04 9.999996e-01 -5.645905e-04 -5.155021e-01 -1.988729e-03 5.631877e-04 9.999978e-01 9.509769e+00
9.999996e-01 -4.216929e-04 8.271178e-04 5.649005e+00 4.212096e-04 9.999997e-01 5.843267e-04 -5.424812e-01 -8.273854e-04 -5.839777e-04 9.999996e-01 9.570663e+00
9.999976e-01 7.350398e-04 2.061708e-03 6.163084e+00 -7.338849e-04 9.999996e-01 -5.608408e-04 -5.705726e-01 -2.062098e-03 5.593261e-04 9.999976e-01 9.615100e+00
9.999995e-01 -9.656439e-04 1.116242e-05 6.235400e+00 9.656370e-04 9.999994e-01 5.964103e-04 -5.771280e-01 -1.176024e-05 -5.963989e-04 9.999999e-01 9.713202e+00
9.999984e-01 4.595461e-04 1.719027e-03 6.126983e+00 -4.585797e-04 9.999997e-01 -5.625390e-04 -5.726194e-01 -1.719263e-03 5.617494e-04 9.999983e-01 9.718709e+00
9.999994e-01 -9.846863e-04 -3.680324e-04 6.056839e+00 9.848795e-04 9.999994e-01 5.250947e-04 -5.744192e-01 3.674929e-04 -5.254565e-04 9.999999e-01 9.897858e+00
9.999981e-01 6.011206e-04 1.843047e-03 6.072301e+00 -6.002999e-04 9.999997e-01 -4.457571e-04 -5.859709e-01 -1.843292e-03 4.446496e-04 9.999981e-01 1.025405e+01
9.999996e-01 -9.197709e-04 -2.123683e-04 6.074179e+00 9.198635e-04 9.999995e-01 4.365528e-04 -5.888419e-01 2.119442e-04 -4.367476e-04 1.000000e+00 1.036443e+01
9.999973e-01 6.833646e-04 2.242652e-03 6.118875e+00 -6.823763e-04 9.999997e-01 -4.413823e-04 -5.944891e-01 -2.242930e-03 4.398504e-04 9.999973e-01 1.047594e+01
9.999997e-01 -8.025310e-04 1.025242e-04 6.251130e+00 8.024747e-04 9.999995e-01 5.475500e-04 -6.065569e-01 -1.029865e-04 -5.474671e-04 9.999999e-01 1.063082e+01
9.999978e-01 5.070241e-04 2.042201e-03 6.288462e+00 -5.060099e-04 9.999997e-01 -4.971025e-04 -6.126198e-01 -2.042429e-03 4.960677e-04 9.999977e-01 1.075684e+01
9.999995e-01 -9.421737e-04 -4.443318e-04 6.181932e+00 9.423924e-04 9.999994e-01 4.925571e-04 -6.091104e-01 4.438441e-04 -4.929752e-04 9.999999e-01 1.080273e+01
9.999967e-01 5.617042e-04 2.503703e-03 6.154509e+00 -5.604735e-04 9.999997e-01 -4.921887e-04 -6.087930e-01 -2.503956e-03 4.907835e-04 9.999966e-01 1.081369e+01
9.999993e-01 -1.009856e-03 -6.297760e-04 6.048140e+00 1.010170e-03 9.999994e-01 4.978925e-04 -6.022701e-01 6.292492e-04 -4.985279e-04 9.999998e-01 1.071152e+01
9.999974e-01 5.298003e-04 2.195226e-03 5.890922e+00 -5.286728e-04 9.999997e-01 -5.141591e-04 -5.947720e-01 -2.195474e-03 5.129968e-04 9.999974e-01 1.067322e+01
9.999993e-01 -1.021402e-03 -5.696584e-04 5.724137e+00 1.021695e-03 9.999993e-01 5.139216e-04 -5.875825e-01 5.691091e-04 -5.145029e-04 9.999998e-01 1.064943e+01
9.999975e-01 4.776250e-04 2.168567e-03 5.548866e+00 -4.765931e-04 9.999998e-01 -4.763089e-04 -5.802452e-01 -2.168769e-03 4.752738e-04 9.999974e-01 1.062573e+01
9.999994e-01 -9.021587e-04 -6.844768e-04 5.465874e+00 9.024649e-04 9.999995e-01 4.472594e-04 -5.789601e-01 6.840487e-04 -4.478765e-04 9.999998e-01 1.071743e+01
9.999971e-01 5.707629e-04 2.339101e-03 5.453685e+00 -5.696668e-04 9.999997e-01 -4.692219e-04 -5.808861e-01 -2.339344e-03 4.678876e-04 9.999971e-01 1.081594e+01
9.999991e-01 -9.810287e-04 -8.840631e-04 5.409702e+00 9.814732e-04 9.999994e-01 5.026304e-04 -5.838020e-01 8.835448e-04 -5.034972e-04 9.999996e-01 1.098520e+01
9.999967e-01 6.241001e-04 2.500006e-03 5.360459e+00 -6.228624e-04 9.999997e-01 -4.957959e-04 -5.851906e-01 -2.500290e-03 4.942367e-04 9.999967e-01 1.111889e+01
9.999996e-01 -7.930518e-04 -3.540858e-04 5.442739e+00 7.932417e-04 9.999995e-01 5.365493e-04 -5.935439e-01 3.536351e-04 -5.368296e-04 9.999999e-01 1.124909e+01
9.999975e-01 5.760902e-04 2.142144e-03 5.506355e+00 -5.749452e-04 9.999997e-01 -5.350498e-04 -6.004000e-01 -2.142426e-03 5.338165e-04 9.999975e-01 1.137099e+01
9.999992e-01 -1.098463e-03 -6.119638e-04 5.424016e+00 1.098807e-03 9.999992e-01 5.620974e-04 -6.015752e-01 6.113206e-04 -5.627689e-04 9.999998e-01 1.155568e+01
9.999977e-01 7.424067e-04 2.003160e-03 5.383603e+00 -7.412541e-04 9.999996e-01 -5.760736e-04 -6.021550e-01 -2.003561e-03 5.745871e-04 9.999977e-01 1.165528e+01
9.999990e-01 -1.219174e-03 -6.625603e-04 5.306194e+00 1.219555e-03 9.999991e-01 5.747342e-04 -6.023689e-01 6.618335e-04 -5.755412e-04 9.999997e-01 1.180252e+01
9.999982e-01 6.975488e-04 1.771976e-03 5.205585e+00 -6.966033e-04 9.999996e-01 -5.340925e-04 -6.027430e-01 -1.772322e-03 5.328567e-04 9.999982e-01 1.199113e+01
9.999993e-01 -1.213158e-03 -1.131076e-04 5.145921e+00 1.213227e-03 9.999991e-01 6.112175e-04 -6.069674e-01 1.123402e-04 -6.113538e-04 9.999999e-01 1.222354e+01
9.999985e-01 8.433075e-04 1.499936e-03 5.114423e+00 -8.423485e-04 9.999994e-01 -6.398434e-04 -6.096682e-01 -1.500448e-03 6.385785e-04 9.999986e-01 1.237637e+01
9.999994e-01 -1.101997e-03 9.646244e-05 5.117601e+00 1.101935e-03 9.999992e-01 6.418766e-04 -6.148611e-01 -9.719581e-05 -6.417695e-04 9.999999e-01 1.253648e+01
9.999978e-01 9.126147e-04 1.862826e-03 5.168068e+00 -9.115058e-04 9.999994e-01 -5.959996e-04 -6.225879e-01 -1.863343e-03 5.942999e-04 9.999980e-01 1.269677e+01
9.999991e-01 -1.313661e-03 -1.892088e-04 5.143266e+00 1.313775e-03 9.999990e-01 6.085688e-04 -6.264600e-01 1.883827e-04 -6.088164e-04 9.999999e-01 1.287019e+01
9.999985e-01 8.970363e-04 1.480143e-03 5.074644e+00 -8.959532e-04 9.999993e-01 -7.322363e-04 -6.253528e-01 -1.480772e-03 7.309086e-04 9.999985e-01 1.297993e+01
9.999990e-01 -1.291642e-03 -5.820832e-04 4.976402e+00 1.292024e-03 9.999989e-01 6.568754e-04 -6.266877e-01 5.812075e-04 -6.576263e-04 9.999997e-01 1.317663e+01
9.999978e-01 9.236852e-04 1.878755e-03 4.928377e+00 -9.224523e-04 9.999994e-01 -6.569260e-04 -6.294652e-01 -1.879333e-03 6.551910e-04 9.999979e-01 1.335597e+01
9.999990e-01 -1.299465e-03 -4.671103e-04 4.883692e+00 1.299733e-03 9.999990e-01 5.724833e-04 -6.313172e-01 4.663390e-04 -5.730893e-04 9.999998e-01 1.349786e+01
9.999975e-01 1.020214e-03 1.980894e-03 4.875703e+00 -1.018970e-03 9.999993e-01 -6.291787e-04 -6.316833e-01 -1.981508e-03 6.271582e-04 9.999977e-01 1.355506e+01
9.999988e-01 -1.450549e-03 -4.668778e-04 4.820506e+00 1.450852e-03 9.999987e-01 6.493284e-04 -6.357892e-01 4.659081e-04 -6.500045e-04 9.999998e-01 1.377281e+01
9.999983e-01 1.133715e-03 1.476104e-03 4.824178e+00 -1.133314e-03 9.999993e-01 -2.725339e-04 -6.534636e-01 -1.476385e-03 2.708600e-04 9.999988e-01 1.440339e+01
9.999988e-01 -1.548974e-03 -2.807631e-04 4.838588e+00 1.549174e-03 9.999985e-01 7.121158e-04 -6.742826e-01 2.796322e-04 -7.125494e-04 9.999998e-01 1.511939e+01
9.999972e-01 1.065834e-03 2.132852e-03 4.863228e+00 -1.064918e-03 9.999993e-01 -4.303316e-04 -6.910299e-01 -2.133282e-03 4.280586e-04 9.999975e-01 1.564077e+01
9.999991e-01 -1.135990e-03 -7.441975e-04 5.010477e+00 1.136582e-03 9.999990e-01 7.954464e-04 -7.152067e-01 7.432654e-04 -7.962911e-04 9.999995e-01 1.623516e+01
9.999983e-01 7.425758e-04 1.671655e-03 5.023356e+00 -7.418198e-04 9.999996e-01 -4.527727e-04 -7.348988e-01 -1.671963e-03 4.515316e-04 9.999984e-01 1.691457e+01
9.999988e-01 -1.532093e-03 -2.360933e-04 4.886676e+00 1.532221e-03 9.999987e-01 5.403851e-04 -7.389466e-01 2.352371e-04 -5.407458e-04 9.999999e-01 1.725520e+01
9.999985e-01 1.150611e-03 1.306517e-03 4.807144e+00 -1.149840e-03 9.999992e-01 -5.909410e-04 -7.402314e-01 -1.307168e-03 5.894375e-04 9.999989e-01 1.743126e+01
9.999988e-01 -1.550169e-03 1.139155e-04 4.723203e+00 1.550101e-03 9.999986e-01 5.910502e-04 -7.375322e-01 -1.148598e-04 -5.908726e-04 9.999999e-01 1.750390e+01
9.999963e-01 1.480370e-03 2.276901e-03 4.938675e+00 -1.479081e-03 9.999987e-01 -5.677851e-04 -7.520749e-01 -2.277710e-03 5.644150e-04 9.999971e-01 1.761029e+01
9.999982e-01 -1.524114e-03 1.113211e-03 5.181150e+00 1.523300e-03 9.999986e-01 7.311948e-04 -7.647718e-01 -1.114353e-03 -7.294974e-04 9.999992e-01 1.763309e+01
9.999984e-01 1.413803e-03 1.118143e-03 5.402554e+00 -1.413136e-03 9.999988e-01 -5.971952e-04 -7.690962e-01 -1.118957e-03 5.956138e-04 9.999991e-01 1.748834e+01
9.999983e-01 -1.660044e-03 8.133962e-04 5.507536e+00 1.659572e-03 9.999985e-01 5.803792e-04 -7.774916e-01 -8.143875e-04 -5.790280e-04 9.999996e-01 1.759064e+01
9.999981e-01 1.381669e-03 1.357290e-03 5.586464e+00 -1.380961e-03 9.999989e-01 -5.223958e-04 -7.865121e-01 -1.357980e-03 5.205202e-04 9.999988e-01 1.774050e+01
9.999984e-01 -1.713236e-03 4.338674e-04 5.580963e+00 1.712996e-03 9.999984e-01 5.526572e-04 -7.877932e-01 -4.348430e-04 -5.519127e-04 9.999999e-01 1.777197e+01
9.999983e-01 1.408381e-03 1.169007e-03 5.549085e+00 -1.407676e-03 9.999988e-01 -6.038452e-04 -7.855853e-01 -1.169826e-03 6.021983e-04 9.999990e-01 1.771883e+01
9.999984e-01 -1.628659e-03 6.825471e-04 5.649318e+00 1.628255e-03 9.999985e-01 5.907282e-04 -7.915388e-01 -6.835381e-04 -5.896155e-04 9.999997e-01 1.777358e+01
9.999986e-01 1.430692e-03 8.560165e-04 5.729429e+00 -1.430190e-03 9.999988e-01 -5.864302e-04 -8.007055e-01 -8.568245e-04 5.852048e-04 9.999994e-01 1.794383e+01
9.999980e-01 -1.753151e-03 9.183520e-04 5.781728e+00 1.752526e-03 9.999982e-01 6.812786e-04 -8.106812e-01 -9.195749e-04 -6.796675e-04 9.999994e-01 1.820003e+01
9.999991e-01 1.301800e-03 2.313659e-04 5.688004e+00 -1.301646e-03 9.999989e-01 -6.632124e-04 -8.108877e-01 -2.321987e-04 6.629103e-04 9.999997e-01 1.837047e+01
9.999978e-01 -1.783678e-03 1.066941e-03 5.490817e+00 1.783026e-03 9.999982e-01 6.112837e-04 -8.006721e-01 -1.068060e-03 -6.093796e-04 9.999993e-01 1.828387e+01
9.999989e-01 1.475125e-03 2.072723e-04 5.422181e+00 -1.474986e-03 9.999987e-01 -6.662386e-04 -7.977598e-01 -2.082243e-04 6.659318e-04 9.999997e-01 1.831997e+01
9.999975e-01 -1.716319e-03 1.445697e-03 5.441129e+00 1.715362e-03 9.999983e-01 6.631622e-04 -8.007095e-01 -1.446864e-03 -6.606803e-04 9.999988e-01 1.839024e+01
9.999991e-01 1.322853e-03 -3.240933e-04 5.350613e+00 -1.323065e-03 9.999989e-01 -6.540216e-04 -7.999418e-01 3.232586e-04 6.544494e-04 9.999996e-01 1.850508e+01
9.999966e-01 -1.894623e-03 1.767298e-03 5.202362e+00 1.893341e-03 9.999979e-01 7.261972e-04 -7.962202e-01 -1.768701e-03 -7.228482e-04 9.999983e-01 1.858310e+01
9.999990e-01 1.420294e-03 -6.229735e-05 5.061601e+00 -1.420334e-03 9.999988e-01 -6.506767e-04 -7.889194e-01 6.140423e-05 6.507642e-04 9.999997e-01 1.847139e+01
9.999958e-01 -2.390400e-03 1.662736e-03 4.593439e+00 2.389094e-03 9.999968e-01 7.869385e-04 -7.521112e-01 -1.664643e-03 -7.829623e-04 9.999984e-01 1.770893e+01
9.999996e-01 7.270604e-04 4.747922e-04 3.971400e+00 -7.268676e-04 9.999997e-01 -4.060314e-04 -7.088578e-01 -4.750558e-04 4.056857e-04 9.999997e-01 1.680106e+01
9.999985e-01 -1.349227e-03 1.044696e-03 3.805072e+00 1.348640e-03 9.999989e-01 5.624687e-04 -7.021797e-01 -1.045486e-03 -5.610585e-04 9.999994e-01 1.679726e+01
9.999989e-01 1.494400e-03 -1.673610e-04 4.049472e+00 -1.494426e-03 9.999989e-01 -1.542653e-04 -7.375685e-01 1.671620e-04 1.545149e-04 9.999999e-01 1.763252e+01
9.999957e-01 -1.247183e-03 2.637403e-03 4.476512e+00 1.246322e-03 9.999992e-01 3.278873e-04 -7.730541e-01 -2.637841e-03 -3.245985e-04 9.999966e-01 1.808772e+01
9.999988e-01 1.075741e-03 -1.141428e-03 4.620560e+00 -1.076048e-03 9.999994e-01 -2.684719e-04 -7.853744e-01 1.141171e-03 2.696996e-04 9.999992e-01 1.825285e+01
9.999951e-01 -1.123592e-03 2.925584e-03 4.804699e+00 1.122547e-03 9.999993e-01 3.587910e-04 -8.012301e-01 -2.926018e-03 -3.555048e-04 9.999958e-01 1.845716e+01
9.999989e-01 1.165853e-03 -9.550701e-04 5.027033e+00 -1.166173e-03 9.999993e-01 -3.347707e-04 -8.164840e-01 9.547115e-04 3.358838e-04 9.999994e-01 1.859040e+01
9.999947e-01 -1.251175e-03 2.992073e-03 5.257773e+00 1.249930e-03 9.999991e-01 4.181685e-04 -8.332568e-01 -2.992626e-03 -4.144261e-04 9.999955e-01 1.876737e+01
9.999991e-01 1.301015e-03 -4.001131e-04 5.566152e+00 -1.301133e-03 9.999991e-01 -2.957772e-04 -8.566293e-01 3.997607e-04 2.962973e-04 9.999998e-01 1.902213e+01
9.999952e-01 -1.266869e-03 2.840916e-03 5.878543e+00 1.265766e-03 9.999991e-01 3.898397e-04 -8.788578e-01 -2.841441e-03 -3.862416e-04 9.999960e-01 1.923944e+01
9.999992e-01 1.175706e-03 -3.949547e-04 6.107387e+00 -1.175811e-03 9.999993e-01 -2.658864e-04 -8.976524e-01 3.946751e-04 2.663503e-04 9.999998e-01 1.948546e+01
9.999955e-01 -1.276672e-03 2.708976e-03 6.355871e+00 1.275483e-03 9.999991e-01 4.407244e-04 -9.195664e-01 -2.709570e-03 -4.372669e-04 9.999963e-01 1.980711e+01
9.999993e-01 1.189596e-03 -1.294498e-04 6.592359e+00 -1.189635e-03 9.999992e-01 -3.034667e-04 -9.401641e-01 1.291225e-04 3.036202e-04 9.999998e-01 2.008409e+01
9.999964e-01 -1.323813e-03 2.355116e-03 6.795695e+00 1.322782e-03 9.999990e-01 4.392652e-04 -9.585295e-01 -2.355729e-03 -4.361480e-04 9.999972e-01 2.037381e+01
9.999993e-01 1.090186e-03 -5.195098e-04 6.907312e+00 -1.090388e-03 9.999993e-01 -3.885681e-04 -9.697287e-01 5.191200e-04 3.891341e-04 9.999997e-01 2.058503e+01
9.999963e-01 -1.312825e-03 2.364659e-03 7.025297e+00 1.311879e-03 9.999991e-01 4.015221e-04 -9.809740e-01 -2.365218e-03 -3.984183e-04 9.999972e-01 2.075475e+01
9.999992e-01 1.270558e-03 6.407969e-05 7.271892e+00 -1.270537e-03 9.999991e-01 -3.206773e-04 -1.000547e+00 -6.445252e-05 3.205955e-04 9.999998e-01 2.097285e+01
9.999972e-01 -1.357600e-03 1.963242e-03 7.455787e+00 1.356807e-03 9.999990e-01 4.051452e-04 -1.017391e+00 -1.963824e-03 -4.024800e-04 9.999981e-01 2.120611e+01
9.999993e-01 1.108525e-03 5.041325e-04 7.569946e+00 -1.108453e-03 9.999994e-01 -1.430382e-04 -1.031783e+00 -5.042557e-04 1.424791e-04 9.999998e-01 2.147914e+01
9.999974e-01 -1.170402e-03 1.970448e-03 7.796258e+00 1.169893e-03 9.999993e-01 2.591873e-04 -1.050854e+00 -1.970785e-03 -2.568812e-04 9.999981e-01 2.170606e+01
9.999993e-01 9.365285e-04 -7.494651e-04 7.912714e+00 -9.366423e-04 9.999995e-01 -1.516361e-04 -1.066030e+00 7.493581e-04 1.523378e-04 9.999996e-01 2.201048e+01
9.999950e-01 -1.321605e-03 2.858457e-03 7.980478e+00 1.320529e-03 9.999991e-01 3.782195e-04 -1.078632e+00 -2.858990e-03 -3.744427e-04 9.999959e-01 2.229797e+01
9.999962e-01 1.189909e-03 -2.495840e-03 8.073660e+00 -1.189559e-03 9.999993e-01 1.413309e-04 -1.105493e+00 2.496042e-03 -1.383615e-04 9.999968e-01 2.309322e+01
9.999921e-01 -1.693587e-03 3.600225e-03 8.058144e+00 1.692097e-03 9.999985e-01 4.170651e-04 -1.126447e+00 -3.600962e-03 -4.109698e-04 9.999935e-01 2.386593e+01
9.999982e-01 1.184106e-03 -1.461683e-03 8.069646e+00 -1.184217e-03 9.999993e-01 -7.519813e-05 -1.140145e+00 1.461629e-03 7.692892e-05 9.999988e-01 2.430550e+01
9.999956e-01 -1.639188e-03 2.490904e-03 8.080141e+00 1.638095e-03 9.999986e-01 4.407634e-04 -1.157006e+00 -2.491659e-03 -4.366810e-04 9.999969e-01 2.486138e+01
9.999988e-01 1.424995e-03 -5.724177e-04 8.178084e+00 -1.424998e-03 9.999990e-01 -4.676075e-06 -1.176257e+00 5.724466e-04 5.491806e-06 9.999997e-01 2.535605e+01
9.999975e-01 -1.845016e-03 1.234221e-03 8.181994e+00 1.844501e-03 9.999982e-01 4.187865e-04 -1.194412e+00 -1.235027e-03 -4.165089e-04 9.999992e-01 2.598767e+01
9.999981e-01 1.111912e-03 -1.601358e-03 8.042855e+00 -1.111653e-03 9.999994e-01 1.624897e-04 -1.212422e+00 1.601574e-03 -1.607091e-04 9.999986e-01 2.683673e+01
9.999932e-01 -1.892052e-03 3.158454e-03 7.948736e+00 1.891225e-03 9.999982e-01 2.647900e-04 -1.224490e+00 -3.158986e-03 -2.588150e-04 9.999951e-01 2.738187e+01
9.999971e-01 1.315487e-03 -1.992571e-03 7.879542e+00 -1.315304e-03 9.999991e-01 9.305844e-05 -1.236722e+00 1.992728e-03 -9.043717e-05 9.999979e-01 2.792149e+01
9.999931e-01 -1.711508e-03 3.286235e-03 7.884628e+00 1.710531e-03 9.999985e-01 3.002853e-04 -1.254253e+00 -3.286780e-03 -2.946622e-04 9.999947e-01 2.855402e+01
9.999981e-01 1.573868e-03 -1.115334e-03 8.025828e+00 -1.573884e-03 9.999988e-01 -1.369681e-05 -1.272696e+00 1.115348e-03 1.545241e-05 9.999993e-01 2.895127e+01
9.999974e-01 -2.073196e-03 9.180773e-04 7.983673e+00 2.072793e-03 9.999978e-01 4.392438e-04 -1.287446e+00 -9.190226e-04 -4.373399e-04 9.999996e-01 2.953887e+01
9.999990e-01 1.375772e-03 3.371448e-04 7.875142e+00 -1.375818e-03 9.999990e-01 1.364860e-04 -1.304524e+00 -3.369199e-04 -1.369494e-04 9.999998e-01 3.033235e+01
9.999975e-01 -1.700259e-03 1.427025e-03 7.889760e+00 1.700118e-03 9.999985e-01 9.985262e-05 -1.317845e+00 -1.427229e-03 -9.742652e-05 9.999991e-01 3.076560e+01
9.999986e-01 1.581484e-03 4.841491e-04 8.020003e+00 -1.581443e-03 9.999987e-01 -8.505940e-05 -1.330350e+00 -4.842458e-04 8.429395e-05 9.999998e-01 3.099424e+01
9.999978e-01 -1.461207e-03 1.534151e-03 8.273583e+00 1.460996e-03 9.999989e-01 1.389537e-04 -1.349132e+00 -1.534390e-03 -1.367122e-04 9.999989e-01 3.122682e+01
9.999988e-01 1.535393e-03 3.925594e-05 8.480613e+00 -1.535390e-03 9.999988e-01 -7.944297e-05 -1.369181e+00 -3.934036e-05 7.938293e-05 9.999999e-01 3.156162e+01
9.999980e-01 -1.551546e-03 1.265590e-03 8.705920e+00 1.551537e-03 9.999988e-01 8.584021e-06 -1.385761e+00 -1.265640e-03 -6.620660e-06 9.999993e-01 3.173987e+01
9.999990e-01 1.198802e-03 -7.047494e-04 8.676706e+00 -1.198672e-03 9.999993e-01 1.847263e-04 -1.391481e+00 7.050080e-04 -1.838810e-04 9.999996e-01 3.199030e+01
9.999957e-01 -1.896729e-03 2.254538e-03 8.540530e+00 1.896647e-03 9.999982e-01 3.843893e-05 -1.399170e+00 -2.254645e-03 -3.416298e-05 9.999976e-01 3.244671e+01
