9.999977e-01 -2.393592e-04 2.133380e-03 7.486144e-02 2.392729e-04 1.000000e+00 4.071469e-05 -6.511575e-03 -2.133390e-03 -4.020462e-05 9.999978e-01 9.132950e-02
1.000000e+00 1.802856e-05 1.795486e-04 1.966849e-01 -1.802903e-05 1.000000e+00 2.721248e-06 -1.610517e-02 -1.795480e-04 -2.723998e-06 9.999999e-01 1.934186e-01
9.999968e-01 -9.803317e-06 2.531890e-03 5.138144e-01 9.783248e-06 1.000000e+00 7.932270e-06 -3.590231e-02 -2.531891e-03 -7.907962e-06 9.999969e-01 2.869167e-01
9.999999e-01 2.828598e-04 2.891781e-04 9.953322e-01 -2.828617e-04 1.000000e+00 6.419148e-06 -6.351623e-02 -2.891753e-04 -6.500455e-06 9.999999e-01 3.690231e-01
9.999977e-01 -2.119109e-04 2.125700e-03 1.269010e+00 2.118941e-04 1.000000e+00 8.135208e-06 -8.208192e-02 -2.125703e-03 -7.685257e-06 9.999978e-01 5.042485e-01
1.000000e+00 4.621689e-05 -4.779340e-05 1.365820e+00 -4.621663e-05 1.000000e+00 5.093096e-06 -9.079847e-02 4.779513e-05 -5.090395e-06 9.999999e-01 6.294466e-01
9.999976e-01 -2.677759e-04 2.181819e-03 1.464410e+00 2.678568e-04 1.000000e+00 -3.680387e-05 -9.868001e-02 -2.181811e-03 3.738770e-05 9.999977e-01 7.284927e-01
1.000000e+00 1.282470e-04 -9.020168e-05 1.592519e+00 -1.282439e-04 1.000000e+00 3.359140e-05 -1.087890e-01 9.020790e-05 -3.357934e-05 9.999999e-01 8.395915e-01
9.999971e-01 -3.249552e-04 2.383668e-03 1.727947e+00 3.251051e-04 9.999999e-01 -6.248093e-05 -1.167061e-01 -2.383649e-03 6.325521e-05 9.999973e-01 8.858153e-01
9.999996e-01 -2.407181e-05 -8.695960e-04 1.703385e+00 2.412011e-05 1.000000e+00 5.551143e-05 -1.181263e-01 8.695970e-04 -5.553190e-05 9.999995e-01 1.000497e+00
9.999975e-01 -7.630893e-04 2.080194e-03 1.573373e+00 7.629291e-04 9.999997e-01 7.777226e-05 -1.232340e-01 -2.080256e-03 -7.618553e-05 9.999979e-01 1.378424e+00
9.999997e-01 1.781817e-04 -8.143227e-04 1.473608e+00 -1.782406e-04 1.000000e+00 -7.226203e-05 -1.222273e-01 8.143123e-04 7.240764e-05 9.999996e-01 1.542023e+00
9.999970e-01 -8.752930e-04 2.290162e-03 1.248559e+00 8.751408e-04 9.999996e-01 6.744536e-05 -1.113104e-01 -2.290223e-03 -6.544143e-05 9.999975e-01 1.473972e+00
9.999994e-01 2.479941e-04 -1.040584e-03 1.064949e+00 -2.481099e-04 1.000000e+00 -1.111269e-04 -1.040072e-01 1.040559e-03 1.113855e-04 9.999994e-01 1.489239e+00
9.999963e-01 -6.354499e-04 2.645000e-03 1.030384e+00 6.353382e-04 9.999998e-01 4.309359e-05 -1.036830e-01 -2.645030e-03 -4.141344e-05 9.999966e-01 1.570585e+00
9.999992e-01 1.531778e-04 -1.224107e-03 9.632108e-01 -1.532668e-04 1.000000e+00 -7.263175e-05 -1.031397e-01 1.224099e-03 7.281979e-05 9.999991e-01 1.694172e+00
9.999955e-01 -7.200205e-04 2.900773e-03 7.886600e-01 7.198885e-04 9.999997e-01 4.653046e-05 -9.522768e-02 -2.900809e-03 -4.444249e-05 9.999959e-01 1.641101e+00
9.999995e-01 1.785216e-04 -1.024524e-03 6.223103e-01 -1.786087e-04 1.000000e+00 -8.496404e-05 -8.569269e-02 1.024512e-03 8.514746e-05 9.999994e-01 1.523912e+00
9.999962e-01 -8.056881e-04 2.624548e-03 4.071708e-01 8.054722e-04 9.999997e-01 8.330674e-05 -7.061203e-02 -2.624618e-03 -8.119289e-05 9.999967e-01 1.260970e+00
9.999996e-01 4.963086e-04 -7.432721e-04 3.963245e-01 -4.963948e-04 9.999999e-01 -1.158283e-04 -7.146013e-02 7.432184e-04 1.161977e-04 9.999996e-01 1.332519e+00
9.999955e-01 -8.865134e-04 2.867920e-03 3.765805e-01 8.861144e-04 9.999996e-01 1.403906e-04 -7.164267e-02 -2.868047e-03 -1.378491e-04 9.999960e-01 1.346987e+00
9.999984e-01 3.037332e-04 -1.734527e-03 2.190286e-01 -3.040690e-04 9.999999e-01 -1.933333e-04 -6.634186e-02 1.734472e-03 1.938609e-04 9.999984e-01 1.409722e+00
9.999942e-01 -8.447386e-04 3.297417e-03 5.151575e-02 8.443443e-04 9.999996e-01 1.209843e-04 -5.886942e-02 -3.297522e-03 -1.181999e-04 9.999947e-01 1.368976e+00
9.999991e-01 -1.665678e-04 -1.332165e-03 -3.022614e-01 1.663832e-04 1.000000e+00 -1.387138e-04 -3.215283e-02 1.332193e-03 1.384925e-04 9.999990e-01 7.980807e-01
9.999956e-01 -1.153962e-03 2.738516e-03 -7.860108e-01 1.153462e-03 9.999993e-01 1.842398e-04 1.619341e-03 -2.738731e-03 -1.810806e-04 9.999963e-01 9.879905e-02
9.999996e-01 1.332028e-04 -8.451638e-04 -1.143673e+00 -1.333944e-04 1.000000e+00 -2.266946e-04 3.194927e-02 8.451384e-04 2.268077e-04 9.999995e-01 -6.030400e-01
9.999945e-01 -2.005545e-03 2.624683e-03 -1.872411e+00 2.004496e-03 9.999979e-01 4.022518e-04 9.453170e-02 -2.625489e-03 -3.969889e-04 9.999966e-01 -2.171376e+00
9.999994e-01 2.220983e-04 -1.032879e-03 -2.421557e+00 -2.224208e-04 9.999999e-01 -3.121060e-04 1.449089e-01 1.032815e-03 3.123360e-04 9.999993e-01 -3.465583e+00
9.999949e-01 -1.099741e-03 2.994813e-03 -2.443727e+00 1.098656e-03 9.999993e-01 3.636599e-04 1.578855e-01 -2.995216e-03 -3.603683e-04 9.999955e-01 -4.076955e+00
9.999995e-01 5.032107e-04 -8.043113e-04 -2.525790e+00 -5.034434e-04 9.999998e-01 -2.891520e-04 1.662685e-01 8.041713e-04 2.895572e-04 9.999995e-01 -4.328088e+00
9.999948e-01 -1.316979e-03 2.930872e-03 -2.685006e+00 1.315931e-03 9.999991e-01 3.594730e-04 1.810257e-01 -2.931349e-03 -3.556148e-04 9.999957e-01 -4.742838e+00
9.999993e-01 6.042272e-04 -9.960647e-04 -2.842223e+00 -6.045583e-04 9.999998e-01 -3.321407e-04 1.917175e-01 9.958698e-04 3.327431e-04 9.999993e-01 -4.982439e+00
9.999946e-01 -1.286136e-03 3.011027e-03 -3.055546e+00 1.284885e-03 9.999991e-01 4.173830e-04 2.043903e-01 -3.011567e-03 -4.135124e-04 9.999955e-01 -5.208790e+00
9.999995e-01 6.293261e-04 -8.220983e-04 -3.191546e+00 -6.296013e-04 9.999997e-01 -3.344520e-04 2.161383e-01 8.218940e-04 3.349699e-04 9.999995e-01 -5.525895e+00
9.999954e-01 -1.339719e-03 2.721832e-03 -3.434414e+00 1.338673e-03 9.999990e-01 3.861518e-04 2.326092e-01 -2.722353e-03 -3.825068e-04 9.999963e-01 -5.851284e+00
9.999995e-01 6.175878e-04 -8.391957e-04 -3.665602e+00 -6.178522e-04 9.999998e-01 -3.148277e-04 2.476091e-01 8.390078e-04 3.153465e-04 9.999995e-01 -6.137741e+00
9.999961e-01 -1.296430e-03 2.482339e-03 -3.921327e+00 1.295528e-03 9.999991e-01 3.647235e-04 2.609574e-01 -2.482816e-03 -3.615067e-04 9.999970e-01 -6.312978e+00
9.999994e-01 5.461052e-04 -9.895373e-04 -4.215411e+00 -5.463539e-04 9.999998e-01 -2.510738e-04 2.768430e-01 9.894071e-04 2.516148e-04 9.999994e-01 -6.526284e+00
9.999957e-01 -1.310954e-03 2.618515e-03 -4.552433e+00 1.310027e-03 9.999991e-01 3.559055e-04 2.974580e-01 -2.618987e-03 -3.524742e-04 9.999966e-01 -6.882120e+00
9.999990e-01 5.589267e-04 -1.309439e-03 -4.819491e+00 -5.594205e-04 9.999998e-01 -3.768064e-04 3.164456e-01 1.309236e-03 3.775390e-04 9.999990e-01 -7.219983e+00
9.999950e-01 -1.387105e-03 2.828088e-03 -5.171869e+00 1.385837e-03 9.999989e-01 4.503297e-04 3.371260e-01 -2.828718e-03 -4.464087e-04 9.999960e-01 -7.529195e+00
9.999989e-01 7.512274e-04 -1.295837e-03 -5.376264e+00 -7.517752e-04 9.999996e-01 -4.222662e-04 3.471939e-01 1.295527e-03 4.232404e-04 9.999990e-01 -7.647675e+00
9.999955e-01 -1.328133e-03 2.696736e-03 -5.606866e+00 1.327172e-03 9.999991e-01 3.580581e-04 3.579106e-01 -2.697217e-03 -3.544779e-04 9.999964e-01 -7.717300e+00
9.999987e-01 6.300475e-04 -1.453734e-03 -5.900642e+00 -6.306668e-04 9.999997e-01 -4.256008e-04 3.718381e-01 1.453473e-03 4.265175e-04 9.999988e-01 -7.845566e+00
9.999956e-01 -1.389806e-03 2.627884e-03 -6.219681e+00 1.388838e-03 9.999990e-01 3.703139e-04 3.905912e-01 -2.628404e-03 -3.666631e-04 9.999966e-01 -8.115056e+00
9.999989e-01 6.903988e-04 -1.346349e-03 -6.502483e+00 -6.908805e-04 9.999997e-01 -3.574000e-04 4.062980e-01 1.346110e-03 3.583302e-04 9.999989e-01 -8.324054e+00
9.999956e-01 -1.404262e-03 2.631295e-03 -6.716579e+00 1.403401e-03 9.999990e-01 3.291775e-04 4.211625e-01 -2.631763e-03 -3.254838e-04 9.999966e-01 -8.589283e+00
9.999992e-01 5.759975e-04 -1.159939e-03 -7.036662e+00 -5.763130e-04 9.999998e-01 -2.717192e-04 4.430010e-01 1.159791e-03 2.723880e-04 9.999992e-01 -9.001649e+00
9.999947e-01 -1.617524e-03 2.822776e-03 -7.444272e+00 1.616498e-03 9.999986e-01 3.656259e-04 4.742971e-01 -2.823373e-03 -3.610614e-04 9.999960e-01 -9.691192e+00
9.999992e-01 3.067581e-04 -1.248763e-03 -8.129617e+00 -3.070845e-04 9.999999e-01 -2.612302e-04 5.255593e-01 1.248692e-03 2.616139e-04 9.999991e-01 -1.077558e+01
9.999933e-01 -2.096535e-03 3.011457e-03 -9.241638e+00 2.094643e-03 9.999976e-01 6.313474e-04 5.930290e-01 -3.012782e-03 -6.250357e-04 9.999954e-01 -1.201397e+01
9.999987e-01 -2.222596e-04 -1.610616e-03 -1.062497e+01 2.220864e-04 1.000000e+00 -1.077531e-04 6.793473e-01 1.610649e-03 1.073958e-04 9.999986e-01 -1.368228e+01
9.999926e-01 -1.984546e-03 3.306783e-03 -1.192175e+01 1.982324e-03 9.999978e-01 6.750508e-04 7.562374e-01 -3.308125e-03 -6.684912e-04 9.999944e-01 -1.513390e+01
9.999982e-01 2.175499e-04 -1.891916e-03 -1.284169e+01 -2.178950e-04 1.000000e+00 -1.821810e-04 8.055598e-01 1.891886e-03 1.825935e-04 9.999981e-01 -1.592841e+01
9.999948e-01 -1.598893e-03 2.811438e-03 -1.355099e+01 1.597002e-03 9.999985e-01 6.747998e-04 8.337512e-01 -2.812522e-03 -6.703070e-04 9.999959e-01 -1.614753e+01
9.999957e-01 3.659526e-04 -2.900477e-03 -1.415978e+01 -3.656941e-04 9.999999e-01 8.966006e-05 8.445449e-01 2.900519e-03 -8.859824e-05 9.999957e-01 -1.575832e+01
9.999979e-01 -1.327360e-03 1.554627e-03 -1.465850e+01 1.326217e-03 9.999989e-01 7.354864e-04 8.399310e-01 -1.555611e-03 -7.334239e-04 9.999986e-01 -1.486066e+01
9.999959e-01 3.567392e-04 -2.850293e-03 -1.510004e+01 -3.569647e-04 9.999999e-01 -7.860383e-05 8.308147e-01 2.850274e-03 7.962186e-05 9.999958e-01 -1.387366e+01
9.999975e-01 -1.269769e-03 1.818387e-03 -1.549430e+01 1.268537e-03 9.999990e-01 6.784883e-04 8.252431e-01 -1.819256e-03 -6.761808e-04 9.999982e-01 -1.307613e+01
9.999952e-01 3.541324e-04 -3.088247e-03 -1.591526e+01 -3.540358e-04 9.999999e-01 3.182946e-05 8.178294e-01 3.088267e-03 -3.073495e-05 9.999951e-01 -1.217932e+01
9.999965e-01 -1.346342e-03 2.270286e-03 -1.638708e+01 1.344958e-03 9.999989e-01 6.110033e-04 8.155074e-01 -2.271115e-03 -6.079488e-04 9.999973e-01 -1.145499e+01
9.999997e-01 -9.219676e-05 -7.540929e-04 -1.723871e+01 9.209169e-05 1.000000e+00 -1.393110e-04 8.568478e-01 7.541149e-04 1.392426e-04 9.999996e-01 -1.200264e+01
9.999951e-01 -2.141551e-03 2.287185e-03 -1.860920e+01 2.139941e-03 9.999975e-01 7.059453e-04 9.425733e-01 -2.288701e-03 -7.010486e-04 9.999972e-01 -1.367433e+01
9.999993e-01 5.861727e-05 -1.173777e-03 -1.988947e+01 -5.875556e-05 1.000000e+00 -1.177424e-04 1.016248e+00 1.173780e-03 1.178125e-04 9.999992e-01 -1.499538e+01
9.999931e-01 -2.191484e-03 2.986756e-03 -2.105039e+01 2.188867e-03 9.999972e-01 8.791841e-04 1.072572e+00 -2.988684e-03 -8.726417e-04 9.999953e-01 -1.579230e+01
9.999990e-01 5.489577e-04 -1.322618e-03 -2.197543e+01 -5.493674e-04 9.999998e-01 -3.093536e-04 1.116441e+00 1.322458e-03 3.100812e-04 9.999990e-01 -1.636989e+01
9.999923e-01 -2.475231e-03 3.043118e-03 -2.319386e+01 2.472812e-03 9.999966e-01 7.983211e-04 1.191690e+00 -3.045094e-03 -7.907912e-04 9.999952e-01 -1.779093e+01
9.999944e-01 8.371507e-05 -3.332677e-03 -2.465058e+01 -8.430822e-05 1.000000e+00 -1.778228e-04 1.293810e+00 3.332672e-03 1.781042e-04 9.999943e-01 -1.995646e+01
9.999907e-01 -2.324956e-03 3.634018e-03 -2.597556e+01 2.322276e-03 9.999970e-01 7.414761e-04 1.387302e+00 -3.635741e-03 -7.330315e-04 9.999932e-01 -2.195022e+01
9.999951e-01 6.746749e-04 -3.062474e-03 -2.673739e+01 -6.758373e-04 9.999997e-01 -3.785216e-04 1.442977e+00 3.062228e-03 3.805910e-04 9.999951e-01 -2.314195e+01
9.999877e-01 -1.515472e-03 4.725508e-03 -2.705239e+01 1.513823e-03 9.999988e-01 3.524717e-04 1.464731e+00 -4.726047e-03 -3.453152e-04 9.999889e-01 -2.355264e+01
9.999960e-01 1.035629e-03 -2.620283e-03 -2.712544e+01 -1.036474e-03 9.999994e-01 -3.209201e-04 1.470694e+00 2.619959e-03 3.236362e-04 9.999964e-01 -2.373530e+01
9.999905e-01 -1.291726e-03 4.156977e-03 -2.714942e+01 1.290616e-03 9.999991e-01 2.697108e-04 1.470853e+00 -4.157332e-03 -2.643447e-04 9.999914e-01 -2.368285e+01
9.999965e-01 1.042144e-03 -2.443398e-03 -2.711103e+01 -1.042994e-03 9.999994e-01 -3.463397e-04 1.468199e+00 2.443046e-03 3.488884e-04 9.999969e-01 -2.363600e+01
9.999905e-01 -1.153814e-03 4.206860e-03 -2.694233e+01 1.152916e-03 9.999993e-01 2.159761e-04 1.459716e+00 -4.207118e-03 -2.111253e-04 9.999912e-01 -2.359854e+01
9.999961e-01 1.015416e-03 -2.610594e-03 -2.680457e+01 -1.016364e-03 9.999994e-01 -3.618749e-04 1.451474e+00 2.610236e-03 3.645283e-04 9.999964e-01 -2.353245e+01
9.999913e-01 -1.307376e-03 3.961500e-03 -2.678045e+01 1.306420e-03 9.999991e-01 2.439662e-04 1.448127e+00 -3.961826e-03 -2.387901e-04 9.999922e-01 -2.343816e+01
9.999972e-01 1.139318e-03 -2.076448e-03 -2.674757e+01 -1.139953e-03 9.999993e-01 -3.041977e-04 1.442381e+00 2.076111e-03 3.065653e-04 9.999977e-01 -2.331926e+01
9.999901e-01 -1.148684e-03 4.309434e-03 -2.659772e+01 1.147471e-03 9.999993e-01 2.838571e-04 1.432315e+00 -4.309769e-03 -2.789107e-04 9.999908e-01 -2.324645e+01
9.999973e-01 1.256146e-03 -1.929555e-03 -2.632113e+01 -1.256680e-03 9.999992e-01 -2.753335e-04 1.414478e+00 1.929219e-03 2.777590e-04 9.999980e-01 -2.311960e+01
9.999901e-01 -1.288631e-03 4.255708e-03 -2.613913e+01 1.287589e-03 9.999991e-01 2.477128e-04 1.403953e+00 -4.256035e-03 -2.422321e-04 9.999910e-01 -2.307002e+01
9.999968e-01 1.081920e-03 -2.283867e-03 -2.611006e+01 -1.082603e-03 9.999994e-01 -2.980747e-04 1.401960e+00 2.283555e-03 3.005477e-04 9.999972e-01 -2.304922e+01
9.999904e-01 -1.360123e-03 4.162495e-03 -2.614637e+01 1.359325e-03 9.999991e-01 1.945903e-04 1.403730e+00 -4.162768e-03 -1.889316e-04 9.999914e-01 -2.306131e+01
9.999963e-01 1.129252e-03 -2.473360e-03 -2.611129e+01 -1.129953e-03 9.999993e-01 -2.818453e-04 1.399263e+00 2.473053e-03 2.846404e-04 9.999968e-01 -2.296007e+01
9.999901e-01 -1.346420e-03 4.235049e-03 -2.609378e+01 1.345724e-03 9.999991e-01 1.674150e-04 1.398043e+00 -4.235284e-03 -1.617155e-04 9.999911e-01 -2.291842e+01
9.999960e-01 1.027739e-03 -2.643005e-03 -2.612433e+01 -1.028564e-03 9.999994e-01 -3.104801e-04 1.401848e+00 2.642697e-03 3.131987e-04 9.999964e-01 -2.298651e+01
9.999898e-01 -1.253846e-03 4.347592e-03 -2.604184e+01 1.253151e-03 9.999992e-01 1.624288e-04 1.398380e+00 -4.347806e-03 -1.569803e-04 9.999906e-01 -2.296703e+01
9.999951e-01 9.812689e-04 -2.968660e-03 -2.600591e+01 -9.822320e-04 9.999995e-01 -3.229739e-04 1.395733e+00 2.968355e-03 3.258895e-04 9.999954e-01 -2.290300e+01
9.999909e-01 -1.308511e-03 4.066618e-03 -2.606143e+01 1.307761e-03 9.999991e-01 1.870200e-04 1.396253e+00 -4.066873e-03 -1.817014e-04 9.999918e-01 -2.280759e+01
9.999950e-01 9.870313e-04 -3.012231e-03 -2.608891e+01 -9.879189e-04 9.999995e-01 -2.931518e-04 1.393733e+00 3.011953e-03 2.961275e-04 9.999953e-01 -2.266437e+01
9.999896e-01 -1.271655e-03 4.390420e-03 -2.609856e+01 1.271181e-03 9.999992e-01 1.107805e-04 1.393804e+00 -4.390571e-03 -1.051996e-04 9.999905e-01 -2.262111e+01
9.999948e-01 9.914790e-04 -3.065685e-03 -2.609447e+01 -9.923635e-04 9.999995e-01 -2.869941e-04 1.393191e+00 3.065413e-03 2.900361e-04 9.999952e-01 -2.256942e+01
9.999888e-01 -1.292556e-03 4.544171e-03 -2.610385e+01 1.292382e-03 9.999992e-01 4.130149e-05 1.396031e+00 -4.544235e-03 -3.542943e-05 9.999898e-01 -2.262569e+01
9.999953e-01 9.218939e-04 -2.908729e-03 -2.606449e+01 -9.226113e-04 9.999995e-01 -2.452906e-04 1.400940e+00 2.908515e-03 2.479743e-04 9.999956e-01 -2.284220e+01
9.999895e-01 -1.369242e-03 4.373213e-03 -2.610147e+01 1.368843e-03 9.999991e-01 9.419214e-05 1.408115e+00 -4.373352e-03 -8.820607e-05 9.999905e-01 -2.302422e+01
9.999947e-01 8.536139e-04 -3.132231e-03 -2.620841e+01 -8.543944e-04 9.999996e-01 -2.478276e-04 1.417307e+00 3.132032e-03 2.505036e-04 9.999950e-01 -2.316880e+01
9.999900e-01 -1.354505e-03 4.271929e-03 -2.631426e+01 1.354092e-03 9.999991e-01 9.964105e-05 1.424858e+00 -4.272075e-03 -9.385659e-05 9.999910e-01 -2.324384e+01
9.999945e-01 8.861346e-04 -3.210466e-03 -2.640213e+01 -8.870694e-04 9.999996e-01 -2.897239e-04 1.429359e+00 3.210223e-03 2.925713e-04 9.999947e-01 -2.323530e+01
9.999900e-01 -1.408173e-03 4.235165e-03 -2.652934e+01 1.407497e-03 9.999990e-01 1.626864e-04 1.435226e+00 -4.235404e-03 -1.567249e-04 9.999911e-01 -2.324346e+01
9.999936e-01 7.603597e-04 -3.507320e-03 -2.669708e+01 -7.610296e-04 9.999997e-01 -1.896354e-04 1.440066e+00 3.507189e-03 1.923045e-04 9.999937e-01 -2.316807e+01
9.999884e-01 -1.245024e-03 4.655745e-03 -2.681698e+01 1.244984e-03 9.999992e-01 1.140670e-05 1.446621e+00 -4.655770e-03 -5.611297e-06 9.999893e-01 -2.324795e+01
9.999945e-01 1.070933e-03 -3.140600e-03 -2.673706e+01 -1.071372e-03 9.999994e-01 -1.380585e-04 1.440639e+00 3.140465e-03 1.414236e-04 9.999950e-01 -2.316844e+01
9.999871e-01 -1.322774e-03 4.896955e-03 -2.664408e+01 1.323128e-03 9.999991e-01 -6.905092e-05 1.437372e+00 -4.896874e-03 7.552831e-05 9.999881e-01 -2.320768e+01
9.999939e-01 8.425824e-04 -3.388280e-03 -2.670498e+01 -8.429453e-04 9.999996e-01 -1.056568e-04 1.443701e+00 3.388205e-03 1.085133e-04 9.999942e-01 -2.336222e+01
9.999877e-01 -1.307802e-03 4.783297e-03 -2.677372e+01 1.308061e-03 9.999991e-01 -5.101814e-05 1.448342e+00 -4.783242e-03 5.727338e-05 9.999887e-01 -2.341156e+01
9.999932e-01 8.748023e-04 -3.572132e-03 -2.684670e+01 -8.751600e-04 9.999996e-01 -9.856643e-05 1.451112e+00 3.572060e-03 1.016929e-04 9.999935e-01 -2.338056e+01
9.999886e-01 -1.260027e-03 4.604150e-03 -2.690058e+01 1.259834e-03 9.999992e-01 4.482901e-05 1.449578e+00 -4.604218e-03 -3.902898e-05 9.999895e-01 -2.322516e+01
9.999935e-01 9.365787e-04 -3.490362e-03 -2.691646e+01 -9.369696e-04 9.999996e-01 -1.103404e-04 1.445393e+00 3.490273e-03 1.136110e-04 9.999938e-01 -2.303865e+01
9.999864e-01 -1.223317e-03 5.069907e-03 -2.683609e+01 1.223531e-03 9.999993e-01 -3.897597e-05 1.440572e+00 -5.069872e-03 4.517770e-05 9.999872e-01 -2.298400e+01
9.999935e-01 9.545247e-04 -3.474961e-03 -2.677456e+01 -9.548296e-04 9.999995e-01 -8.607970e-05 1.436246e+00 3.474893e-03 8.939806e-05 9.999939e-01 -2.291656e+01
9.999882e-01 -1.258354e-03 4.701893e-03 -2.674338e+01 1.258461e-03 9.999992e-01 -1.974847e-05 1.430710e+00 -4.701881e-03 2.566449e-05 9.999890e-01 -2.277084e+01
9.999939e-01 8.966800e-04 -3.369314e-03 -2.676919e+01 -8.969290e-04 9.999996e-01 -7.236504e-05 1.429578e+00 3.369265e-03 7.538754e-05 9.999942e-01 -2.267699e+01
9.999872e-01 -1.205440e-03 4.914995e-03 -2.674474e+01 1.205731e-03 9.999993e-01 -5.617295e-05 1.428059e+00 -4.914941e-03 6.209752e-05 9.999880e-01 -2.263775e+01
9.999940e-01 8.885929e-04 -3.340537e-03 -2.665729e+01 -8.889406e-04 9.999996e-01 -1.025760e-04 1.425664e+00 3.340461e-03 1.055458e-04 9.999943e-01 -2.266033e+01
9.999882e-01 -1.293942e-03 4.680776e-03 -2.665745e+01 1.294358e-03 9.999992e-01 -8.576289e-05 1.428664e+00 -4.680678e-03 9.181965e-05 9.999891e-01 -2.276909e+01
9.999940e-01 7.973461e-04 -3.357287e-03 -2.676560e+01 -7.975777e-04 9.999997e-01 -6.763846e-05 1.437268e+00 3.357249e-03 7.031657e-05 9.999943e-01 -2.292528e+01
9.999883e-01 -1.315359e-03 4.653458e-03 -2.692625e+01 1.315555e-03 9.999991e-01 -3.921254e-05 1.445718e+00 -4.653420e-03 4.533318e-05 9.999893e-01 -2.300292e+01
9.999947e-01 7.316384e-04 -3.182331e-03 -2.712957e+01 -7.319719e-04 9.999997e-01 -1.036042e-04 1.458069e+00 3.182271e-03 1.059339e-04 9.999948e-01 -2.319501e+01
9.999881e-01 -1.351954e-03 4.692316e-03 -2.734984e+01 1.352089e-03 9.999991e-01 -2.566941e-05 1.473035e+00 -4.692294e-03 3.201279e-05 9.999891e-01 -2.346388e+01
9.999951e-01 7.956295e-04 -3.039242e-03 -2.756668e+01 -7.958761e-04 9.999997e-01 -7.992510e-05 1.487506e+00 3.039195e-03 8.234432e-05 9.999953e-01 -2.370106e+01
9.999884e-01 -1.311603e-03 4.628195e-03 -2.775990e+01 1.311678e-03 9.999991e-01 -1.301271e-05 1.500122e+00 -4.628191e-03 1.908254e-05 9.999894e-01 -2.389096e+01
9.999954e-01 8.320112e-04 -2.900395e-03 -2.785230e+01 -8.322234e-04 9.999997e-01 -7.193209e-05 1.508479e+00 2.900352e-03 7.434626e-05 9.999957e-01 -2.408758e+01
9.999885e-01 -1.348321e-03 4.612779e-03 -2.797501e+01 1.348219e-03 9.999991e-01 2.534715e-05 1.516625e+00 -4.612827e-03 -1.912851e-05 9.999895e-01 -2.423736e+01
9.999956e-01 9.176238e-04 -2.816239e-03 -2.802780e+01 -9.178607e-04 9.999996e-01 -8.283695e-05 1.519094e+00 2.816179e-03 8.542220e-05 9.999959e-01 -2.427023e+01
9.999894e-01 -1.396985e-03 4.391569e-03 -2.818051e+01 1.396840e-03 9.999990e-01 3.605684e-05 1.526860e+00 -4.391634e-03 -2.992281e-05 9.999905e-01 -2.433823e+01
9.999956e-01 7.751340e-04 -2.852915e-03 -2.841724e+01 -7.753810e-04 9.999997e-01 -8.544522e-05 1.540750e+00 2.852866e-03 8.765763e-05 9.999958e-01 -2.453308e+01
9.999896e-01 -1.398895e-03 4.332954e-03 -2.868083e+01 1.398696e-03 9.999990e-01 4.895730e-05 1.554738e+00 -4.333037e-03 -4.289696e-05 9.999907e-01 -2.469905e+01
9.999960e-01 8.779035e-04 -2.686344e-03 -2.886416e+01 -8.781612e-04 9.999996e-01 -9.475042e-05 1.563443e+00 2.686279e-03 9.710975e-05 9.999963e-01 -2.476581e+01
9.999896e-01 -1.375217e-03 4.344740e-03 -2.903372e+01 1.374972e-03 9.999991e-01 5.938913e-05 1.570720e+00 -4.344837e-03 -5.341525e-05 9.999907e-01 -2.478521e+01
9.999965e-01 9.484680e-04 -2.477265e-03 -2.914903e+01 -9.485104e-04 9.999996e-01 -1.591037e-05 1.574048e+00 2.477268e-03 1.826068e-05 9.999968e-01 -2.475914e+01
9.999889e-01 -1.271968e-03 4.547233e-03 -2.914773e+01 1.271883e-03 9.999992e-01 2.150441e-05 1.572085e+00 -4.547276e-03 -1.572125e-05 9.999898e-01 -2.471908e+01
9.999971e-01 9.518148e-04 -2.199143e-03 -2.917431e+01 -9.518453e-04 9.999995e-01 -1.280175e-05 1.572448e+00 2.199149e-03 1.489561e-05 9.999975e-01 -2.475500e+01
9.999886e-01 -1.383014e-03 4.573495e-03 -2.926863e+01 1.382855e-03 9.999990e-01 3.791644e-05 1.578400e+00 -4.573563e-03 -3.159216e-05 9.999896e-01 -2.490100e+01
9.999967e-01 9.519736e-04 -2.387755e-03 -2.939459e+01 -9.520757e-04 9.999995e-01 -4.158820e-05 1.585602e+00 2.387734e-03 4.386203e-05 9.999970e-01 -2.502594e+01
9.999888e-01 -1.199701e-03 4.569685e-03 -2.931595e+01 1.199586e-03 9.999993e-01 2.804850e-05 1.579748e+00 -4.569735e-03 -2.256708e-05 9.999897e-01 -2.496769e+01
9.999964e-01 1.063358e-03 -2.469453e-03 -2.914826e+01 -1.063389e-03 9.999994e-01 -1.121599e-05 1.566928e+00 2.469460e-03 1.384258e-05 9.999969e-01 -2.484055e+01
9.999884e-01 -1.225514e-03 4.658527e-03 -2.897863e+01 1.225368e-03 9.999992e-01 3.425693e-05 1.554138e+00 -4.658586e-03 -2.854875e-05 9.999892e-01 -2.471918e+01
9.999965e-01 9.536726e-04 -2.481295e-03 -2.890728e+01 -9.537811e-04 9.999995e-01 -4.253006e-05 1.547360e+00 2.481274e-03 4.489716e-05 9.999968e-01 -2.463268e+01
9.999871e-01 -1.324965e-03 4.910592e-03 -2.891797e+01 1.324449e-03 9.999991e-01 1.083224e-04 1.547555e+00 -4.910753e-03 -1.018178e-04 9.999880e-01 -2.469333e+01
9.999956e-01 1.118609e-03 -2.764408e-03 -2.880392e+01 -1.118817e-03 9.999994e-01 -7.364166e-05 1.538695e+00 2.764345e-03 7.673484e-05 9.999961e-01 -2.459531e+01
9.999862e-01 -1.131758e-03 5.138468e-03 -2.855303e+01 1.131171e-03 9.999994e-01 1.172466e-04 1.519964e+00 -5.138619e-03 -1.114331e-04 9.999869e-01 -2.442776e+01
9.999960e-01 1.243889e-03 -2.554649e-03 -2.818764e+01 -1.244148e-03 9.999992e-01 -9.974280e-05 1.496766e+00 2.554545e-03 1.029214e-04 9.999966e-01 -2.430415e+01
9.999880e-01 -1.402319e-03 4.693141e-03 -2.806150e+01 1.401943e-03 9.999990e-01 8.322634e-05 1.488481e+00 -4.693275e-03 -7.664644e-05 9.999891e-01 -2.423841e+01
9.999941e-01 8.403142e-04 -3.325463e-03 -2.828027e+01 -8.408954e-04 9.999996e-01 -1.733504e-04 1.497697e+00 3.325338e-03 1.761464e-04 9.999944e-01 -2.426840e+01
9.999892e-01 -1.313703e-03 4.452184e-03 -2.846722e+01 1.313194e-03 9.999991e-01 1.171756e-04 1.505345e+00 -4.452356e-03 -1.113284e-04 9.999902e-01 -2.426519e+01
9.999942e-01 8.688966e-04 -3.295837e-03 -2.860407e+01 -8.696063e-04 9.999996e-01 -2.138840e-04 1.512197e+00 3.295672e-03 2.167494e-04 9.999944e-01 -2.430220e+01
9.999892e-01 -1.323754e-03 4.460962e-03 -2.874617e+01 1.323168e-03 9.999991e-01 1.344525e-04 1.519073e+00 -4.461158e-03 -1.285490e-04 9.999901e-01 -2.433158e+01
9.999943e-01 8.749938e-04 -3.273555e-03 -2.885840e+01 -8.757212e-04 9.999996e-01 -2.207554e-04 1.525454e+00 3.273383e-03 2.236215e-04 9.999945e-01 -2.437903e+01
9.999893e-01 -9.563368e-04 4.524820e-03 -2.876127e+01 9.556657e-04 9.999995e-01 1.504889e-04 1.517496e+00 -4.524984e-03 -1.461636e-04 9.999899e-01 -2.424652e+01
9.999943e-01 7.558543e-04 -3.279434e-03 -2.870968e+01 -7.566081e-04 9.999997e-01 -2.286012e-04 1.511565e+00 3.279283e-03 2.310817e-04 9.999945e-01 -2.411205e+01
9.999891e-01 -9.458576e-04 4.565428e-03 -2.871366e+01 9.451135e-04 9.999995e-01 1.651324e-04 1.509024e+00 -4.565605e-03 -1.608163e-04 9.999897e-01 -2.401593e+01
9.999935e-01 7.997173e-04 -3.523667e-03 -2.867808e+01 -7.998112e-04 9.999997e-01 -2.520844e-05 1.496753e+00 3.523669e-03 2.802710e-05 9.999937e-01 -2.361789e+01
9.999867e-01 -9.285594e-04 5.076314e-03 -2.856278e+01 9.284268e-04 9.999996e-01 2.848337e-05 1.485579e+00 -5.076362e-03 -2.377054e-05 9.999872e-01 -2.341161e+01
9.999935e-01 7.587779e-04 -3.514456e-03 -2.848698e+01 -7.590779e-04 9.999997e-01 -8.403380e-05 1.477401e+00 3.514415e-03 8.670155e-05 9.999937e-01 -2.326108e+01
9.999873e-01 -7.463728e-04 4.994056e-03 -2.813884e+01 7.462751e-04 9.999997e-01 2.142689e-05 1.457372e+00 -4.994094e-03 -1.770020e-05 9.999876e-01 -2.305781e+01
9.999950e-01 4.820097e-04 -3.135113e-03 -2.806322e+01 -4.827965e-04 9.999999e-01 -2.501913e-04 1.457236e+00 3.135016e-03 2.517041e-04 9.999950e-01 -2.316462e+01
9.999870e-01 -9.173500e-04 5.024858e-03 -2.811371e+01 9.167073e-04 9.999996e-01 1.302230e-04 1.463455e+00 -5.024999e-03 -1.256155e-04 9.999875e-01 -2.337094e+01
9.999936e-01 4.965711e-04 -3.548958e-03 -2.826085e+01 -4.974290e-04 9.999998e-01 -2.408312e-04 1.471910e+00 3.548862e-03 2.425955e-04 9.999936e-01 -2.348686e+01
9.999868e-01 -7.803759e-04 5.076145e-03 -2.828889e+01 7.796517e-04 9.999997e-01 1.446685e-04 1.472864e+00 -5.076280e-03 -1.407094e-04 9.999872e-01 -2.350518e+01
9.999944e-01 4.077544e-04 -3.321669e-03 -2.826035e+01 -4.083374e-04 9.999999e-01 -1.748415e-04 1.476574e+00 3.321621e-03 1.761973e-04 9.999944e-01 -2.375118e+01
9.999877e-01 -7.366221e-04 4.903571e-03 -2.830066e+01 7.360454e-04 9.999997e-01 1.194125e-04 1.479383e+00 -4.903682e-03 -1.158022e-04 9.999881e-01 -2.381309e+01
9.999935e-01 3.954216e-04 -3.586692e-03 -2.838024e+01 -3.961429e-04 9.999999e-01 -2.003784e-04 1.482738e+00 3.586637e-03 2.017983e-04 9.999934e-01 -2.380683e+01
9.999884e-01 -9.342450e-04 4.718289e-03 -2.856097e+01 9.337824e-04 9.999996e-01 1.002560e-04 1.489413e+00 -4.718405e-03 -9.584941e-05 9.999890e-01 -2.378928e+01
9.999951e-01 5.523092e-04 -3.073311e-03 -2.873517e+01 -5.529315e-04 9.999998e-01 -2.016352e-04 1.498626e+00 3.073224e-03 2.033339e-04 9.999952e-01 -2.392014e+01
9.999852e-01 -7.452154e-04 5.388177e-03 -2.853529e+01 7.445034e-04 9.999997e-01 1.341581e-04 1.492256e+00 -5.388300e-03 -1.301450e-04 9.999856e-01 -2.409519e+01
9.999949e-01 4.317731e-04 -3.161679e-03 -2.852832e+01 -4.323722e-04 9.999999e-01 -1.888033e-04 1.493007e+00 3.161622e-03 1.901697e-04 9.999949e-01 -2.421898e+01
9.999852e-01 -7.939989e-04 5.374654e-03 -2.855850e+01 7.925677e-04 9.999996e-01 2.684087e-04 1.496540e+00 -5.374891e-03 -2.641453e-04 9.999856e-01 -2.438928e+01
9.999937e-01 2.954857e-04 -3.529828e-03 -2.870328e+01 -2.964883e-04 9.999999e-01 -2.835069e-04 1.506735e+00 3.529770e-03 2.845521e-04 9.999936e-01 -2.460682e+01
9.999856e-01 -8.458496e-04 5.297723e-03 -2.885384e+01 8.446440e-04 9.999996e-01 2.297995e-04 1.520572e+00 -5.297942e-03 -2.253218e-04 9.999860e-01 -2.495992e+01
9.999933e-01 3.940427e-04 -3.630154e-03 -2.886558e+01 -3.950057e-04 9.999999e-01 -2.645519e-04 1.527444e+00 3.630075e-03 2.659844e-04 9.999933e-01 -2.524694e+01
9.999860e-01 -6.038718e-04 5.247902e-03 -2.870992e+01 6.033154e-04 9.999998e-01 1.076008e-04 1.520482e+00 -5.247992e-03 -1.044335e-04 9.999863e-01 -2.525533e+01
9.999931e-01 6.273729e-05 -3.717072e-03 -2.895100e+01 -6.346308e-05 1.000000e+00 -1.951348e-04 1.536270e+00 3.717086e-03 1.953696e-04 9.999930e-01 -2.552107e+01
9.999871e-01 -7.512371e-04 5.031185e-03 -2.931736e+01 7.505819e-04 9.999997e-01 1.321068e-04 1.555086e+00 -5.031309e-03 -1.283290e-04 9.999874e-01 -2.574938e+01
9.999925e-01 3.518504e-07 -3.878916e-03 -2.963618e+01 -8.965925e-07 1.000000e+00 -1.404290e-04 1.565557e+00 3.878943e-03 1.404317e-04 9.999924e-01 -2.572799e+01
9.999863e-01 -7.056989e-04 5.179846e-03 -2.996475e+01 7.051983e-04 9.999997e-01 9.847324e-05 1.580094e+00 -5.179941e-03 -9.481934e-05 9.999867e-01 -2.583946e+01
9.999925e-01 7.865351e-05 -3.861417e-03 -3.029445e+01 -7.929155e-05 1.000000e+00 -1.650781e-04 1.596833e+00 3.861431e-03 1.653833e-04 9.999924e-01 -2.603008e+01
9.999877e-01 -7.820454e-04 4.888105e-03 -3.059943e+01 7.813176e-04 9.999997e-01 1.507909e-04 1.608477e+00 -4.888248e-03 -1.469701e-04 9.999881e-01 -2.604365e+01
9.999933e-01 1.113286e-04 -3.649296e-03 -3.088223e+01 -1.120567e-04 1.000000e+00 -1.993075e-04 1.620457e+00 3.649300e-03 1.997154e-04 9.999932e-01 -2.611701e+01
9.999871e-01 -7.138167e-04 5.038855e-03 -3.110890e+01 7.131624e-04 9.999997e-01 1.316490e-04 1.632731e+00 -5.038975e-03 -1.280539e-04 9.999874e-01 -2.627604e+01
9.999918e-01 3.429599e-04 -4.025286e-03 -3.114077e+01 -3.435696e-04 9.999999e-01 -1.507793e-04 1.628098e+00 4.025261e-03 1.521613e-04 9.999918e-01 -2.604804e+01
9.999832e-01 -5.367216e-04 5.772266e-03 -3.103437e+01 5.362929e-04 9.999999e-01 7.581998e-05 1.619200e+00 -5.772333e-03 -7.272328e-05 9.999834e-01 -2.593788e+01
9.999917e-01 1.764131e-04 -4.065877e-03 -3.111202e+01 -1.768808e-04 1.000000e+00 -1.146666e-04 1.621994e+00 4.065884e-03 1.153850e-04 9.999916e-01 -2.593302e+01
9.999849e-01 -6.934829e-04 5.455065e-03 -3.131557e+01 6.935934e-04 9.999998e-01 -1.836490e-05 1.635335e+00 -5.455079e-03 2.214805e-05 9.999852e-01 -2.613314e+01
9.999918e-01 1.937402e-04 -4.048794e-03 -3.154015e+01 -1.940363e-04 1.000000e+00 -7.272743e-05 1.647480e+00 4.048808e-03 7.351260e-05 9.999917e-01 -2.627182e+01
9.999856e-01 -6.818262e-04 5.332071e-03 -3.172788e+01 6.820126e-04 9.999998e-01 -3.314192e-05 1.656513e+00 -5.332075e-03 3.677785e-05 9.999859e-01 -2.631647e+01
9.999931e-01 4.236994e-04 -3.702550e-03 -3.169935e+01 -4.240918e-04 9.999999e-01 -1.051821e-04 1.654560e+00 3.702533e-03 1.067518e-04 9.999930e-01 -2.628218e+01
9.999854e-01 -5.519526e-04 5.380374e-03 -3.153535e+01 5.520664e-04 9.999998e-01 -1.966521e-05 1.643990e+00 -5.380390e-03 2.263514e-05 9.999856e-01 -2.619544e+01
9.999932e-01 5.081828e-04 -3.656090e-03 -3.127586e+01 -5.084319e-04 9.999999e-01 -6.721085e-05 1.625999e+00 3.656083e-03 6.906937e-05 9.999932e-01 -2.602493e+01
9.999855e-01 -3.833059e-04 5.372807e-03 -3.092230e+01 3.835185e-04 9.999999e-01 -3.852978e-05 1.604058e+00 -5.372820e-03 4.058971e-05 9.999857e-01 -2.588010e+01
9.999933e-01 4.365740e-04 -3.631864e-03 -3.057049e+01 -4.365954e-04 9.999999e-01 -5.099092e-06 1.579237e+00 3.631890e-03 6.684805e-06 9.999933e-01 -2.562839e+01
9.999861e-01 -6.310885e-04 5.231007e-03 -3.041393e+01 6.315808e-04 9.999998e-01 -9.246834e-05 1.566426e+00 -5.230976e-03 9.577080e-05 9.999864e-01 -2.545650e+01
9.999921e-01 4.994375e-04 -3.947574e-03 -3.025350e+01 -4.989081e-04 9.999999e-01 1.350815e-04 1.548832e+00 3.947670e-03 -1.331109e-04 9.999921e-01 -2.508662e+01
9.999826e-01 -5.604904e-04 5.873203e-03 -3.004781e+01 5.620605e-04 9.999998e-01 -2.656948e-04 1.537193e+00 -5.873082e-03 2.689912e-04 9.999828e-01 -2.503641e+01
9.999923e-01 6.017021e-04 -3.871907e-03 -2.974247e+01 -6.010811e-04 9.999998e-01 1.615586e-04 1.519390e+00 3.872033e-03 -1.592300e-04 9.999924e-01 -2.494622e+01
9.999819e-01 -5.613605e-04 5.992382e-03 -2.942234e+01 5.627854e-04 9.999998e-01 -2.360955e-04 1.500708e+00 -5.992278e-03 2.394636e-04 9.999821e-01 -2.484964e+01
9.999913e-01 6.179147e-04 -4.129250e-03 -2.912375e+01 -6.172747e-04 9.999998e-01 1.562608e-04 1.482641e+00 4.129375e-03 -1.537105e-04 9.999914e-01 -2.473586e+01
9.999795e-01 -5.743072e-04 6.371627e-03 -2.874173e+01 5.755730e-04 9.999998e-01 -1.968415e-04 1.463415e+00 -6.371542e-03 2.005048e-04 9.999798e-01 -2.472035e+01
9.999895e-01 6.253670e-04 -4.536689e-03 -2.843237e+01 -6.248168e-04 9.999998e-01 1.226941e-04 1.446434e+00 4.536795e-03 -1.198582e-04 9.999896e-01 -2.465375e+01
9.999804e-01 -7.046992e-04 6.227275e-03 -2.826033e+01 7.059977e-04 9.999997e-01 -2.063338e-04 1.437034e+00 -6.227158e-03 2.107262e-04 9.999807e-01 -2.460607e+01
9.999893e-01 7.201987e-04 -4.577953e-03 -2.804814e+01 -7.194565e-04 9.999997e-01 1.637693e-04 1.423577e+00 4.578100e-03 -1.604739e-04 9.999894e-01 -2.449384e+01
9.999791e-01 -6.160467e-04 6.434907e-03 -2.770436e+01 6.173929e-04 9.999998e-01 -2.072299e-04 1.404989e+00 -6.434809e-03 2.111985e-04 9.999794e-01 -2.441994e+01
9.999884e-01 6.982796e-04 -4.756134e-03 -2.736888e+01 -6.977120e-04 9.999997e-01 1.209868e-04 1.385923e+00 4.756248e-03 -1.176670e-04 9.999886e-01 -2.432330e+01
9.999797e-01 -8.596595e-04 6.317326e-03 -2.720729e+01 8.611427e-04 9.999996e-01 -2.320678e-04 1.377668e+00 -6.317155e-03 2.375032e-04 9.999801e-01 -2.430173e+01
9.999886e-01 7.017435e-04 -4.713692e-03 -2.707152e+01 -7.010553e-04 9.999997e-01 1.476436e-04 1.369687e+00 4.713826e-03 -1.443374e-04 9.999888e-01 -2.425290e+01
9.999791e-01 -1.047279e-03 6.382957e-03 -2.706861e+01 1.048456e-03 9.999994e-01 -1.810797e-04 1.371887e+00 -6.382795e-03 1.877682e-04 9.999797e-01 -2.435447e+01
9.999888e-01 5.415565e-04 -4.697035e-03 -2.714821e+01 -5.407187e-04 9.999998e-01 1.796318e-04 1.380246e+00 4.697163e-03 -1.770901e-04 9.999889e-01 -2.458546e+01
9.999771e-01 -1.133389e-03 6.678151e-03 -2.730568e+01 1.134528e-03 9.999993e-01 -1.666935e-04 1.395636e+00 -6.677990e-03 1.742663e-04 9.999778e-01 -2.498968e+01
9.999879e-01 4.080576e-04 -4.894019e-03 -2.755970e+01 -4.069874e-04 9.999999e-01 2.196528e-04 1.415809e+00 4.894140e-03 -2.176584e-04 9.999879e-01 -2.544371e+01
9.999760e-01 -8.375541e-04 6.879500e-03 -2.760121e+01 8.390688e-04 9.999996e-01 -2.172959e-04 1.423067e+00 -6.879347e-03 2.230631e-04 9.999764e-01 -2.571784e+01
9.999869e-01 3.465941e-04 -5.107709e-03 -2.764310e+01 -3.455723e-04 9.999999e-01 2.009069e-04 1.432333e+00 5.107811e-03 -1.991393e-04 9.999868e-01 -2.606388e+01
9.999774e-01 -9.563631e-04 6.653736e-03 -2.779778e+01 9.575663e-04 9.999995e-01 -1.776550e-04 1.446557e+00 -6.653595e-03 1.840225e-04 9.999779e-01 -2.640480e+01
9.999874e-01 4.507612e-04 -5.004631e-03 -2.796358e+01 -4.499581e-04 9.999999e-01 1.615987e-04 1.457353e+00 5.004736e-03 -1.593449e-04 9.999874e-01 -2.658830e+01
9.999769e-01 -9.743039e-04 6.730493e-03 -2.821648e+01 9.757211e-04 9.999995e-01 -2.072882e-04 1.472974e+00 -6.730320e-03 2.138507e-04 9.999774e-01 -2.684803e+01
9.999907e-01 1.235234e-03 -4.123617e-03 -2.780465e+01 -1.235165e-03 9.999992e-01 1.917595e-05 1.451591e+00 4.123671e-03 -1.408252e-05 9.999914e-01 -2.682622e+01
9.999724e-01 -9.840882e-04 7.361227e-03 -2.724758e+01 9.853655e-04 9.999995e-01 -1.699031e-04 1.421520e+00 -7.361090e-03 1.771520e-04 9.999730e-01 -2.679675e+01
9.999846e-01 6.769267e-04 -5.512455e-03 -2.726552e+01 -6.763539e-04 9.999998e-01 1.057669e-04 1.422442e+00 5.512558e-03 -1.020371e-04 9.999847e-01 -2.681517e+01
9.999707e-01 -1.060194e-03 7.576161e-03 -2.737862e+01 1.061401e-03 9.999994e-01 -1.552850e-04 1.429960e+00 -7.576025e-03 1.633220e-04 9.999714e-01 -2.696247e+01
9.999855e-01 4.633721e-04 -5.367399e-03 -2.759054e+01 -4.627353e-04 9.999999e-01 1.198712e-04 1.449828e+00 5.367488e-03 -1.173859e-04 9.999855e-01 -2.747118e+01
9.999715e-01 -1.239208e-03 7.444937e-03 -2.794775e+01 1.239791e-03 9.999992e-01 -7.372666e-05 1.476402e+00 -7.444874e-03 8.295492e-05 9.999724e-01 -2.804862e+01
9.999856e-01 5.031181e-04 -5.350352e-03 -2.826989e+01 -5.021342e-04 9.999999e-01 1.852425e-04 1.497317e+00 5.350479e-03 -1.825534e-04 9.999856e-01 -2.847536e+01
9.999768e-01 -9.948063e-04 6.739813e-03 -2.845058e+01 9.966359e-04 9.999995e-01 -2.681091e-04 1.506751e+00 -6.739577e-03 2.748203e-04 9.999773e-01 -2.855684e+01
9.999876e-01 4.121247e-04 -4.952834e-03 -2.867851e+01 -4.115368e-04 9.999999e-01 1.197005e-04 1.524402e+00 4.952918e-03 -1.176610e-04 9.999876e-01 -2.889963e+01
9.999772e-01 -1.084247e-03 6.658219e-03 -2.888957e+01 1.085091e-03 9.999994e-01 -1.231085e-04 1.542095e+00 -6.658116e-03 1.303308e-04 9.999779e-01 -2.929335e+01
9.999878e-01 4.184800e-04 -4.921117e-03 -2.922034e+01 -4.184790e-04 9.999999e-01 1.216067e-06 1.566367e+00 4.921152e-03 8.430827e-07 9.999878e-01 -2.976745e+01
9.999784e-01 -1.264895e-03 6.445019e-03 -2.962534e+01 1.264714e-03 9.999992e-01 3.219334e-05 1.593363e+00 -6.445089e-03 -2.404124e-05 9.999793e-01 -3.027846e+01
9.999857e-01 8.339991e-04 -5.279215e-03 -2.976690e+01 -8.346142e-04 9.999996e-01 -1.143210e-04 1.599675e+00 5.279153e-03 1.187252e-04 9.999860e-01 -3.029565e+01
9.999783e-01 -1.117895e-03 6.499434e-03 -2.980326e+01 1.117813e-03 9.999994e-01 1.619288e-05 1.599753e+00 -6.499484e-03 -8.927060e-06 9.999790e-01 -3.022071e+01
9.999879e-01 6.901161e-04 -4.869613e-03 -2.997407e+01 -6.910887e-04 9.999997e-01 -1.980746e-04 1.611383e+00 4.869510e-03 2.014373e-04 9.999880e-01 -3.038501e+01
9.999778e-01 -1.201449e-03 6.553892e-03 -3.017765e+01 1.200994e-03 9.999993e-01 7.328359e-05 1.626006e+00 -6.554010e-03 -6.541041e-05 9.999786e-01 -3.065460e+01
9.999885e-01 7.712936e-04 -4.732862e-03 -3.028906e+01 -7.718732e-04 9.999997e-01 -1.206451e-04 1.633935e+00 4.732804e-03 1.242965e-04 9.999887e-01 -3.080094e+01
9.999787e-01 -1.180007e-03 6.416559e-03 -3.020684e+01 1.179504e-03 9.999993e-01 8.223434e-05 1.626723e+00 -6.416688e-03 -7.466384e-05 9.999795e-01 -3.070004e+01
9.999895e-01 8.878029e-04 -4.486463e-03 -3.009930e+01 -8.884480e-04 9.999996e-01 -1.418228e-04 1.619161e+00 4.486372e-03 1.458069e-04 9.999898e-01 -3.063228e+01
9.999773e-01 -1.073889e-03 6.648606e-03 -2.994986e+01 1.073532e-03 9.999994e-01 5.729532e-05 1.611430e+00 -6.648700e-03 -5.015612e-05 9.999780e-01 -3.062273e+01
9.999842e-01 6.761306e-04 -5.571427e-03 -3.000480e+01 -6.764519e-04 9.999998e-01 -5.580406e-05 1.609604e+00 5.571425e-03 5.957160e-05 9.999844e-01 -3.045963e+01
9.999657e-01 -6.021265e-04 8.266069e-03 -2.960131e+01 6.011131e-04 9.999998e-01 1.250606e-04 1.582419e+00 -8.266179e-03 -1.200871e-04 9.999659e-01 -3.027114e+01
9.999839e-01 8.154011e-04 -5.607941e-03 -2.908867e+01 -8.158967e-04 9.999997e-01 -8.609560e-05 1.551209e+00 5.607906e-03 9.066935e-05 9.999842e-01 -3.012367e+01
9.999667e-01 -5.491331e-04 8.141003e-03 -2.860682e+01 5.484329e-04 9.999998e-01 8.822304e-05 1.521545e+00 -8.141087e-03 -8.375491e-05 9.999670e-01 -2.996427e+01
9.999853e-01 6.182748e-04 -5.391930e-03 -2.817913e+01 -6.190102e-04 9.999998e-01 -1.347345e-04 1.499146e+00 5.391883e-03 1.380698e-04 9.999854e-01 -2.993366e+01
9.999709e-01 -6.068652e-04 7.600328e-03 -2.780346e+01 6.067785e-04 9.999998e-01 1.370849e-05 1.480273e+00 -7.600373e-03 -9.095969e-06 9.999712e-01 -2.990956e+01
9.999863e-01 7.231037e-04 -5.192154e-03 -2.738135e+01 -7.236668e-04 9.999997e-01 -1.065990e-04 1.456166e+00 5.192113e-03 1.103545e-04 9.999864e-01 -2.982890e+01
9.999733e-01 -7.516732e-04 7.273840e-03 -2.711338e+01 7.513889e-04 9.999997e-01 4.181410e-05 1.439399e+00 -7.273907e-03 -3.634707e-05 9.999736e-01 -2.972860e+01
9.999875e-01 9.339285e-04 -4.909984e-03 -2.665336e+01 -9.343871e-04 9.999996e-01 -9.113365e-05 1.413242e+00 4.909935e-03 9.571994e-05 9.999878e-01 -2.964361e+01
9.999710e-01 -5.247798e-04 7.604450e-03 -2.599310e+01 5.241086e-04 9.999999e-01 9.024975e-05 1.375676e+00 -7.604534e-03 -8.626116e-05 9.999712e-01 -2.953123e+01
9.999877e-01 7.851969e-04 -4.889999e-03 -2.547220e+01 -7.855228e-04 9.999997e-01 -6.475254e-05 1.344848e+00 4.889985e-03 6.859257e-05 9.999879e-01 -2.940036e+01
9.999718e-01 -8.646443e-04 7.459638e-03 -2.520958e+01 8.641500e-04 9.999996e-01 6.946837e-05 1.330610e+00 -7.459734e-03 -6.301974e-05 9.999723e-01 -2.936099e+01
9.999858e-01 8.157021e-04 -5.264774e-03 -2.497931e+01 -8.159976e-04 9.999997e-01 -5.399693e-05 1.317728e+00 5.264767e-03 5.829183e-05 9.999860e-01 -2.930587e+01
9.999724e-01 -8.278576e-04 7.380797e-03 -2.472185e+01 8.276766e-04 9.999997e-01 2.755974e-05 1.302628e+00 -7.380856e-03 -2.144965e-05 9.999729e-01 -2.922886e+01
9.999878e-01 1.285940e-03 -4.769557e-03 -2.401234e+01 -1.286241e-03 9.999992e-01 -6.011653e-05 1.265660e+00 4.769515e-03 6.625023e-05 9.999885e-01 -2.919792e+01
