9.999973e-01 4.185785e-04 2.284440e-03 3.213324e-01 -4.181699e-04 9.999999e-01 -1.793068e-04 -1.885927e-02 -2.284515e-03 1.783506e-04 9.999975e-01 8.175866e-02
1.000000e+00 1.075542e-04 2.857614e-04 7.009858e-01 -1.075559e-04 1.000000e+00 6.338512e-06 -4.047607e-02 -2.857602e-04 -6.368804e-06 9.999999e-01 1.568324e-01
9.999968e-01 4.943963e-04 2.478698e-03 1.293741e+00 -4.943315e-04 9.999999e-01 -2.675173e-05 -7.273087e-02 -2.478712e-03 2.552590e-05 9.999970e-01 2.276312e-01
9.999999e-01 1.859168e-04 3.837843e-04 2.026586e+00 -1.859475e-04 1.000000e+00 7.987567e-05 -1.115906e-01 -3.837683e-04 -7.994658e-05 9.999998e-01 2.814252e-01
9.999972e-01 3.816508e-04 2.346668e-03 2.607024e+00 -3.815021e-04 9.999999e-01 -6.379638e-05 -1.423305e-01 -2.346693e-03 6.290049e-05 9.999973e-01 3.303059e-01
1.000000e+00 1.925755e-04 4.377712e-05 3.013200e+00 -1.925729e-04 1.000000e+00 -6.044793e-05 -1.658641e-01 -4.378716e-05 6.043993e-05 9.999999e-01 4.294268e-01
9.999966e-01 2.326621e-04 2.593673e-03 3.359128e+00 -2.324038e-04 1.000000e+00 -9.990253e-05 -1.842640e-01 -2.593698e-03 9.929899e-05 9.999967e-01 4.693408e-01
1.000000e+00 2.046965e-04 1.070310e-04 3.836833e+00 -2.047060e-04 1.000000e+00 8.864579e-05 -2.079278e-01 -1.070107e-04 -8.866728e-05 9.999999e-01 4.660971e-01
9.999968e-01 2.130099e-04 2.503802e-03 4.283154e+00 -2.128638e-04 1.000000e+00 -5.860660e-05 -2.294674e-01 -2.503817e-03 5.807302e-05 9.999970e-01 4.656743e-01
1.000000e+00 1.318959e-04 -2.481391e-04 4.529305e+00 -1.319332e-04 1.000000e+00 -1.500933e-04 -2.426325e-01 2.481219e-04 1.501264e-04 9.999999e-01 5.211317e-01
9.999985e-01 4.671660e-04 1.667019e-03 4.630310e+00 -4.668616e-04 9.999999e-01 -1.829688e-04 -2.539391e-01 -1.667107e-03 1.821899e-04 9.999987e-01 7.477915e-01
9.999998e-01 8.280096e-05 -6.697099e-04 4.606344e+00 -8.296835e-05 1.000000e+00 -2.499318e-04 -2.637882e-01 6.696921e-04 2.499876e-04 9.999996e-01 1.140930e+00
9.999979e-01 3.692763e-04 2.021177e-03 4.507408e+00 -3.689016e-04 9.999999e-01 -1.857328e-04 -2.634293e-01 -2.021248e-03 1.849865e-04 9.999980e-01 1.307540e+00
9.999999e-01 -2.093083e-05 -3.545871e-04 4.376786e+00 2.086851e-05 1.000000e+00 -1.757903e-04 -2.588090e-01 3.545939e-04 1.757832e-04 9.999998e-01 1.351795e+00
9.999973e-01 3.369320e-04 2.286527e-03 4.433825e+00 -3.367777e-04 9.999999e-01 -6.785904e-05 -2.621678e-01 -2.286553e-03 6.708858e-05 9.999975e-01 1.404271e+00
1.000000e+00 4.519190e-05 1.510482e-05 4.653875e+00 -4.518997e-05 1.000000e+00 -1.272613e-04 -2.729979e-01 -1.510698e-05 1.272608e-04 9.999999e-01 1.439282e+00
9.999973e-01 2.248698e-04 2.332107e-03 4.746434e+00 -2.247539e-04 1.000000e+00 -4.999297e-05 -2.756035e-01 -2.332122e-03 4.946849e-05 9.999974e-01 1.384222e+00
9.999999e-01 8.573974e-06 4.240923e-04 4.801175e+00 -8.529813e-06 1.000000e+00 -1.040967e-04 -2.726233e-01 -4.240891e-04 1.040933e-04 9.999998e-01 1.176508e+00
9.999959e-01 1.731594e-04 2.854072e-03 5.100507e+00 -1.739245e-04 9.999999e-01 2.678203e-04 -2.757280e-01 -2.854030e-03 -2.683158e-04 9.999960e-01 8.151017e-01
9.999999e-01 1.459994e-04 4.685122e-04 5.596930e+00 -1.459503e-04 1.000000e+00 -1.048459e-04 -2.948722e-01 -4.685227e-04 1.047777e-04 9.999998e-01 6.574963e-01
9.999983e-01 1.634761e-04 1.852230e-03 5.812731e+00 -1.633521e-04 1.000000e+00 -6.711195e-05 -3.054403e-01 -1.852245e-03 6.680907e-05 9.999984e-01 6.847841e-01
1.000000e+00 1.155138e-04 -1.842414e-05 5.891592e+00 -1.155168e-04 1.000000e+00 -1.649482e-04 -3.093365e-01 1.841026e-05 1.649505e-04 9.999999e-01 7.258534e-01
9.999977e-01 1.741956e-04 2.118942e-03 5.972619e+00 -1.740629e-04 1.000000e+00 -6.282001e-05 -3.122953e-01 -2.118958e-03 6.245089e-05 9.999979e-01 7.152151e-01
9.999995e-01 2.871074e-04 9.825677e-04 5.798016e+00 -2.868998e-04 9.999999e-01 -2.114288e-04 -2.981837e-01 -9.826227e-04 2.111469e-04 9.999994e-01 3.997115e-01
9.999968e-01 -4.000681e-05 2.524571e-03 5.481740e+00 4.022611e-05 1.000000e+00 -8.682410e-05 -2.751296e-01 -2.524573e-03 8.692528e-05 9.999969e-01 -8.617416e-02
9.999971e-01 6.002288e-04 2.347820e-03 4.955543e+00 -6.000789e-04 9.999998e-01 -6.454299e-05 -2.300034e-01 -2.347852e-03 6.313401e-05 9.999971e-01 -1.137874e+00
9.999891e-01 -1.583678e-04 4.673745e-03 4.020578e+00 1.585321e-04 1.000000e+00 -3.478738e-05 -1.515322e-01 -4.673746e-03 3.552786e-05 9.999892e-01 -3.025604e+00
9.999992e-01 3.026265e-04 1.187405e-03 3.427176e+00 -3.025883e-04 1.000000e+00 -3.237572e-05 -9.721782e-02 -1.187407e-03 3.201647e-05 9.999992e-01 -4.415285e+00
9.999953e-01 -4.021204e-05 3.052170e-03 3.532230e+00 3.943294e-05 1.000000e+00 2.553150e-04 -8.876644e-02 -3.052188e-03 -2.551936e-04 9.999954e-01 -5.024517e+00
9.999997e-01 3.482830e-04 7.138498e-04 3.900894e+00 -3.482135e-04 9.999999e-01 -9.752533e-05 -9.748003e-02 -7.138751e-04 9.727683e-05 9.999996e-01 -5.369902e+00
9.999960e-01 -3.305762e-05 2.829007e-03 4.048639e+00 3.296276e-05 1.000000e+00 3.357179e-05 -9.811247e-02 -2.829017e-03 -3.347851e-05 9.999961e-01 -5.643567e+00
9.999998e-01 4.802740e-04 -4.666320e-04 4.183587e+00 -4.804072e-04 9.999998e-01 -2.854903e-04 -1.058137e-01 4.665040e-04 2.857144e-04 9.999998e-01 -5.581014e+00
9.999960e-01 -8.692236e-05 2.838467e-03 4.291603e+00 8.698913e-05 1.000000e+00 -2.340679e-05 -1.121923e-01 -2.838475e-03 2.365356e-05 9.999961e-01 -5.518418e+00
9.999998e-01 3.650648e-04 5.367547e-04 4.364698e+00 -3.650224e-04 9.999999e-01 -7.901800e-05 -1.074569e-01 -5.367737e-04 7.882210e-05 9.999998e-01 -5.914503e+00
9.999960e-01 -4.311031e-05 2.823348e-03 4.418445e+00 4.307749e-05 1.000000e+00 1.167843e-05 -1.015557e-01 -2.823359e-03 -1.155680e-05 9.999961e-01 -6.305987e+00
9.999999e-01 2.979420e-04 2.847238e-04 4.485910e+00 -2.979055e-04 9.999999e-01 -1.282571e-04 -9.759651e-02 -2.847515e-04 1.281723e-04 9.999999e-01 -6.645993e+00
9.999984e-01 1.755258e-04 1.792382e-03 4.601354e+00 -1.752782e-04 1.000000e+00 -1.383357e-04 -1.040427e-01 -1.792417e-03 1.380213e-04 9.999985e-01 -6.609214e+00
9.999996e-01 4.274298e-04 -8.184092e-04 4.573833e+00 -4.276775e-04 9.999999e-01 -3.024993e-04 -1.131967e-01 8.182905e-04 3.028492e-04 9.999995e-01 -6.206539e+00
9.999966e-01 2.045887e-05 2.604826e-03 4.383360e+00 -1.990687e-05 1.000000e+00 -2.119492e-04 -1.058233e-01 -2.604841e-03 2.118967e-04 9.999967e-01 -6.219865e+00
9.999999e-01 3.865072e-04 2.684596e-04 4.127078e+00 -3.864470e-04 9.999999e-01 -2.243431e-04 -8.667491e-02 -2.685351e-04 2.242392e-04 9.999998e-01 -6.573496e+00
9.999955e-01 -3.115928e-05 3.014914e-03 4.031855e+00 3.133037e-05 1.000000e+00 -5.670724e-05 -7.355033e-02 -3.014924e-03 5.680159e-05 9.999956e-01 -6.966069e+00
9.999999e-01 3.381584e-04 1.303121e-05 3.920544e+00 -3.381544e-04 9.999999e-01 -2.991964e-04 -6.247092e-02 -1.312057e-05 2.991917e-04 9.999999e-01 -7.278683e+00
9.999958e-01 -1.269592e-04 2.912576e-03 3.801694e+00 1.267744e-04 1.000000e+00 6.361780e-05 -4.872199e-02 -2.912596e-03 -6.324808e-05 9.999959e-01 -7.651418e+00
9.999999e-01 5.323331e-04 4.554190e-06 3.523091e+00 -5.323310e-04 9.999998e-01 -4.590967e-04 -2.776305e-02 -4.786189e-06 4.590939e-04 9.999998e-01 -8.050250e+00
9.999968e-01 -2.351885e-05 2.549080e-03 3.160827e+00 2.390946e-05 1.000000e+00 -1.532183e-04 -6.902837e-03 -2.549089e-03 1.532791e-04 9.999968e-01 -8.327648e+00
1.000000e+00 2.465304e-04 -1.822931e-04 2.964205e+00 -2.465671e-04 9.999999e-01 -2.014999e-04 6.888261e-03 1.822563e-04 2.015445e-04 9.999999e-01 -8.579451e+00
9.999959e-01 -5.226169e-05 2.850736e-03 2.851983e+00 5.217751e-05 1.000000e+00 2.959195e-05 1.999236e-02 -2.850751e-03 -2.944273e-05 9.999960e-01 -8.928162e+00
9.999999e-01 3.801069e-04 3.254411e-04 2.664060e+00 -3.800250e-04 9.999999e-01 -2.517626e-04 3.935367e-02 -3.255233e-04 2.516385e-04 9.999998e-01 -9.401848e+00
9.999947e-01 -1.001385e-04 3.257275e-03 2.268557e+00 1.003555e-04 1.000000e+00 -6.645005e-05 7.173558e-02 -3.257282e-03 6.677699e-05 9.999948e-01 -1.011020e+01
9.999979e-01 6.543490e-04 1.954065e-03 1.482614e+00 -6.535019e-04 9.999997e-01 -4.341302e-04 1.360137e-01 -1.954334e-03 4.328518e-04 9.999979e-01 -1.151449e+01
9.999918e-01 4.229211e-04 4.023906e-03 1.084525e-01 -4.203880e-04 9.999997e-01 -6.303563e-04 2.389221e-01 -4.024186e-03 6.286601e-04 9.999918e-01 -1.372889e+01
9.999965e-01 8.716289e-04 2.503323e-03 -1.515196e+00 -8.701553e-04 9.999994e-01 -5.896384e-04 3.540920e-01 -2.503820e-03 5.874574e-04 9.999966e-01 -1.615731e+01
9.999910e-01 3.507002e-04 4.231673e-03 -3.090407e+00 -3.487782e-04 9.999998e-01 -4.549532e-04 4.627778e-01 -4.231848e-03 4.534739e-04 9.999910e-01 -1.842854e+01
9.999993e-01 5.815962e-04 1.025361e-03 -4.195683e+00 -5.811368e-04 9.999997e-01 -4.481781e-04 5.308721e-01 -1.025605e-03 4.475811e-04 9.999993e-01 -1.971238e+01
9.999963e-01 1.064228e-04 2.724309e-03 -4.996762e+00 -1.054369e-04 9.999999e-01 -3.620880e-04 5.767475e-01 -2.724364e-03 3.618003e-04 9.999963e-01 -2.047228e+01
9.999997e-01 5.881095e-04 -4.692931e-04 -5.717475e+00 -5.883600e-04 9.999997e-01 -5.340149e-04 6.058348e-01 4.689963e-04 5.342898e-04 9.999996e-01 -2.068482e+01
9.999992e-01 2.057367e-04 1.248995e-03 -6.252279e+00 -2.051039e-04 9.999999e-01 -5.068639e-04 6.109115e-01 -1.249116e-03 5.066084e-04 9.999992e-01 -2.012799e+01
9.999991e-01 7.473031e-04 -1.083219e-03 -6.709410e+00 -7.477950e-04 9.999996e-01 -4.538918e-04 6.085004e-01 1.082897e-03 4.547003e-04 9.999992e-01 -1.939783e+01
9.999992e-01 5.908465e-05 1.286208e-03 -7.103178e+00 -5.848847e-05 9.999999e-01 -4.636488e-04 6.055714e-01 -1.286253e-03 4.635744e-04 9.999992e-01 -1.870457e+01
9.999994e-01 7.689340e-04 -8.259188e-04 -7.586753e+00 -7.693324e-04 9.999996e-01 -4.823564e-04 6.095342e-01 8.255650e-04 4.829901e-04 9.999994e-01 -1.818992e+01
9.999990e-01 6.678959e-05 1.398904e-03 -8.065446e+00 -6.623558e-05 9.999999e-01 -3.961749e-04 6.144771e-01 -1.398948e-03 3.960833e-04 9.999990e-01 -1.773405e+01
9.999947e-01 8.177637e-04 3.143898e-03 -9.082430e+00 -8.154388e-04 9.999994e-01 -7.406812e-04 6.752496e-01 -3.144484e-03 7.381122e-04 9.999947e-01 -1.876794e+01
9.999951e-01 4.003354e-04 3.114853e-03 -1.062697e+01 -3.991207e-04 9.999998e-01 -3.906224e-04 7.852626e-01 -3.115027e-03 3.893789e-04 9.999952e-01 -2.107046e+01
9.999960e-01 9.180170e-04 2.691045e-03 -1.221112e+01 -9.156752e-04 9.999992e-01 -8.712447e-04 8.919991e-01 -2.691824e-03 8.687753e-04 9.999959e-01 -2.322497e+01
9.999944e-01 3.511841e-04 3.333835e-03 -1.365754e+01 -3.498483e-04 9.999999e-01 -4.013155e-04 9.821493e-01 -3.333996e-03 4.001488e-04 9.999945e-01 -2.489354e+01
9.999982e-01 7.807915e-04 1.735328e-03 -1.485775e+01 -7.792545e-04 9.999993e-01 -8.861118e-04 1.050918e+00 -1.735998e-03 8.847559e-04 9.999980e-01 -2.604631e+01
9.999926e-01 2.722645e-04 3.826344e-03 -1.622777e+01 -2.715310e-04 9.999999e-01 -1.922698e-04 1.148796e+00 -3.826417e-03 1.912315e-04 9.999928e-01 -2.808484e+01
9.999989e-01 7.743280e-04 1.235161e-03 -1.777302e+01 -7.731536e-04 9.999992e-01 -9.508520e-04 1.266272e+00 -1.235875e-03 9.498939e-04 9.999987e-01 -3.065187e+01
9.999922e-01 3.347314e-04 3.932618e-03 -1.933732e+01 -3.341054e-04 9.999999e-01 -1.599074e-04 1.384897e+00 -3.932693e-03 1.585945e-04 9.999924e-01 -3.324553e+01
9.999998e-01 3.522140e-04 -6.045428e-04 -2.022564e+01 -3.524757e-04 9.999998e-01 -4.333137e-04 1.452170e+00 6.044122e-04 4.335244e-04 9.999996e-01 -3.469340e+01
9.999939e-01 1.867359e-04 3.486217e-03 -2.059886e+01 -1.866698e-04 1.000000e+00 -1.937608e-05 1.475958e+00 -3.486243e-03 1.872754e-05 9.999940e-01 -3.509355e+01
9.999998e-01 1.437549e-04 -6.302228e-04 -2.076894e+01 -1.439979e-04 9.999999e-01 -3.858659e-04 1.487489e+00 6.301900e-04 3.859541e-04 9.999996e-01 -3.535479e+01
9.999969e-01 3.201621e-04 2.471723e-03 -2.069073e+01 -3.200190e-04 9.999999e-01 -5.838829e-05 1.480822e+00 -2.471764e-03 5.759953e-05 9.999970e-01 -3.524557e+01
9.999999e-01 -8.249049e-05 -3.980874e-04 -2.053216e+01 8.246428e-05 1.000000e+00 -6.660351e-05 1.473885e+00 3.981160e-04 6.656824e-05 9.999998e-01 -3.524764e+01
9.999976e-01 3.752580e-04 2.169324e-03 -2.030826e+01 -3.750906e-04 9.999999e-01 -7.773597e-05 1.461557e+00 -2.169376e-03 7.692453e-05 9.999977e-01 -3.518169e+01
9.999999e-01 -1.011625e-04 -3.577116e-04 -2.009178e+01 1.011386e-04 1.000000e+00 -6.772372e-05 1.449606e+00 3.577419e-04 6.768508e-05 9.999998e-01 -3.511486e+01
9.999983e-01 3.659095e-04 1.817075e-03 -2.012116e+01 -3.655087e-04 9.999999e-01 -2.210765e-04 1.449667e+00 -1.817179e-03 2.204144e-04 9.999984e-01 -3.503326e+01
1.000000e+00 2.204585e-04 1.362882e-04 -1.979848e+01 -2.204667e-04 1.000000e+00 6.260885e-05 1.429258e+00 -1.362506e-04 -6.264139e-05 9.999999e-01 -3.491444e+01
9.999986e-01 4.441717e-04 1.633552e-03 -1.950224e+01 -4.437107e-04 9.999999e-01 -2.827509e-04 1.409083e+00 -1.633702e-03 2.820282e-04 9.999987e-01 -3.471534e+01
9.999998e-01 -1.968179e-05 6.606751e-04 -1.932514e+01 1.964640e-05 1.000000e+00 5.407103e-05 1.397037e+00 -6.606520e-04 -5.406056e-05 9.999997e-01 -3.462088e+01
9.999981e-01 3.135849e-04 1.905753e-03 -1.916566e+01 -3.132290e-04 9.999999e-01 -1.872053e-04 1.390352e+00 -1.905836e-03 1.866106e-04 9.999983e-01 -3.464617e+01
1.000000e+00 -6.002043e-06 2.589321e-04 -1.909167e+01 6.001597e-06 1.000000e+00 3.022604e-06 1.386938e+00 -2.589075e-04 -3.023594e-06 9.999999e-01 -3.463957e+01
9.999977e-01 3.207046e-04 2.120905e-03 -1.912819e+01 -3.202043e-04 9.999999e-01 -2.363650e-04 1.390811e+00 -2.121006e-03 2.356879e-04 9.999978e-01 -3.471456e+01
1.000000e+00 3.383728e-05 -3.036986e-04 -1.901376e+01 -3.383470e-05 1.000000e+00 7.358391e-06 1.383638e+00 3.037239e-04 -7.350695e-06 9.999999e-01 -3.465178e+01
9.999971e-01 2.437757e-04 2.378504e-03 -1.899419e+01 -2.431000e-04 9.999999e-01 -2.845278e-04 1.383700e+00 -2.378598e-03 2.839514e-04 9.999972e-01 -3.464051e+01
1.000000e+00 -3.405522e-05 -8.160147e-05 -1.905508e+01 3.405570e-05 1.000000e+00 1.526318e-06 1.390524e+00 8.162689e-05 -1.531726e-06 9.999999e-01 -3.475833e+01
9.999979e-01 2.074115e-04 2.039962e-03 -1.894418e+01 -2.071952e-04 1.000000e+00 -1.064334e-04 1.387056e+00 -2.040010e-03 1.060132e-04 9.999980e-01 -3.477674e+01
9.999998e-01 5.750978e-05 -5.831413e-04 -1.898049e+01 -5.762204e-05 1.000000e+00 -1.931344e-04 1.387907e+00 5.831560e-04 1.931653e-04 9.999997e-01 -3.471236e+01
9.999984e-01 2.331775e-04 1.799130e-03 -1.908246e+01 -2.329052e-04 1.000000e+00 -1.517628e-04 1.390439e+00 -1.799191e-03 1.513462e-04 9.999985e-01 -3.460665e+01
1.000000e+00 2.428032e-05 -2.082244e-04 -1.910944e+01 -2.430029e-05 1.000000e+00 -9.772601e-05 1.391448e+00 2.082480e-04 9.772836e-05 9.999999e-01 -3.456261e+01
9.999982e-01 2.068583e-04 1.892307e-03 -1.913349e+01 -2.065516e-04 1.000000e+00 -1.624945e-04 1.393284e+00 -1.892366e-03 1.621061e-04 9.999983e-01 -3.454466e+01
1.000000e+00 -5.705725e-06 -2.805168e-04 -1.914729e+01 5.691351e-06 1.000000e+00 -5.262400e-05 1.394729e+00 2.805435e-04 5.261965e-05 9.999999e-01 -3.452249e+01
9.999971e-01 1.530984e-04 2.404799e-03 -1.909351e+01 -1.530584e-04 1.000000e+00 -1.696070e-05 1.396392e+00 -2.404828e-03 1.659533e-05 9.999972e-01 -3.463053e+01
1.000000e+00 5.892344e-05 1.498890e-04 -1.902213e+01 -5.892541e-05 1.000000e+00 1.577005e-05 1.401273e+00 -1.498613e-04 -1.578163e-05 9.999999e-01 -3.488673e+01
9.999976e-01 1.410628e-04 2.177842e-03 -1.903959e+01 -1.408088e-04 1.000000e+00 -1.170014e-04 1.409822e+00 -2.177886e-03 1.166972e-04 9.999977e-01 -3.513187e+01
1.000000e+00 6.852633e-05 -8.593811e-05 -1.909183e+01 -6.852837e-05 1.000000e+00 -2.848083e-05 1.417891e+00 8.596342e-05 2.848395e-05 9.999999e-01 -3.530084e+01
9.999973e-01 1.592504e-04 2.326060e-03 -1.925282e+01 -1.587629e-04 1.000000e+00 -2.099506e-04 1.431656e+00 -2.326121e-03 2.095835e-04 9.999974e-01 -3.553071e+01
9.999998e-01 4.943080e-05 -5.667939e-04 -1.941871e+01 -4.946707e-05 1.000000e+00 -6.470782e-05 1.441779e+00 5.668184e-04 6.473303e-05 9.999997e-01 -3.563714e+01
9.999964e-01 2.025218e-04 2.673763e-03 -1.962470e+01 -2.016661e-04 9.999999e-01 -3.204621e-04 1.454625e+00 -2.673856e-03 3.199246e-04 9.999965e-01 -3.579444e+01
9.999997e-01 1.312237e-04 -7.213308e-04 -1.983868e+01 -1.313009e-04 1.000000e+00 -1.075624e-04 1.466821e+00 7.213447e-04 1.076542e-04 9.999996e-01 -3.593048e+01
9.999973e-01 1.827965e-04 2.320551e-03 -1.996647e+01 -1.822749e-04 1.000000e+00 -2.251680e-04 1.471974e+00 -2.320620e-03 2.247473e-04 9.999974e-01 -3.591472e+01
9.999999e-01 9.010501e-05 -4.133707e-04 -1.998618e+01 -9.010398e-05 1.000000e+00 1.452542e-06 1.473590e+00 4.133992e-04 -1.418226e-06 9.999998e-01 -3.594182e+01
9.999960e-01 1.430647e-04 2.827331e-03 -1.996792e+01 -1.427856e-04 1.000000e+00 -9.904916e-05 1.477726e+00 -2.827374e-03 9.864799e-05 9.999961e-01 -3.612289e+01
9.999999e-01 8.812842e-05 -2.976193e-04 -2.008114e+01 -8.815667e-05 1.000000e+00 -9.644801e-05 1.489273e+00 2.976397e-04 9.647129e-05 9.999999e-01 -3.637226e+01
9.999967e-01 1.629461e-04 2.567104e-03 -2.015979e+01 -1.625562e-04 1.000000e+00 -1.522603e-04 1.496908e+00 -2.567158e-03 1.518454e-04 9.999968e-01 -3.651652e+01
9.999998e-01 3.650190e-05 -6.092227e-04 -2.028058e+01 -3.657163e-05 1.000000e+00 -1.152239e-04 1.505236e+00 6.092477e-04 1.152432e-04 9.999997e-01 -3.661752e+01
9.999984e-01 3.267367e-04 1.756512e-03 -2.036087e+01 -3.262640e-04 9.999999e-01 -2.697064e-04 1.503488e+00 -1.756630e-03 2.691359e-04 9.999985e-01 -3.640099e+01
9.999999e-01 -1.927552e-05 -4.374747e-04 -2.031388e+01 1.928261e-05 1.000000e+00 1.509672e-05 1.497967e+00 4.375039e-04 -1.510820e-05 9.999998e-01 -3.625494e+01
9.999971e-01 2.709596e-04 2.377445e-03 -2.019297e+01 -2.706606e-04 1.000000e+00 -1.262796e-04 1.492552e+00 -2.377509e-03 1.256388e-04 9.999973e-01 -3.624389e+01
9.999999e-01 -4.139031e-05 -3.465460e-04 -2.003414e+01 4.140318e-05 1.000000e+00 3.574757e-05 1.486011e+00 3.465744e-04 -3.576498e-05 9.999998e-01 -3.625507e+01
9.999984e-01 3.836057e-04 1.753881e-03 -1.990156e+01 -3.831976e-04 9.999999e-01 -2.332876e-04 1.476737e+00 -1.754001e-03 2.326182e-04 9.999985e-01 -3.614340e+01
1.000000e+00 -1.046464e-04 -1.523045e-04 -1.983933e+01 1.046517e-04 1.000000e+00 3.126430e-05 1.472423e+00 1.523314e-04 -3.128332e-05 9.999999e-01 -3.607705e+01
9.999977e-01 3.357478e-04 2.114408e-03 -1.980652e+01 -3.353731e-04 9.999999e-01 -1.778163e-04 1.472765e+00 -2.114498e-03 1.771099e-04 9.999978e-01 -3.612200e+01
1.000000e+00 -1.420746e-04 -8.686554e-05 -1.973206e+01 1.420845e-04 1.000000e+00 1.081619e-04 1.473697e+00 8.688071e-05 -1.081774e-04 9.999999e-01 -3.624324e+01
9.999977e-01 3.126268e-04 2.106688e-03 -1.974401e+01 -3.122601e-04 9.999999e-01 -1.746274e-04 1.479137e+00 -2.106774e-03 1.739723e-04 9.999979e-01 -3.641523e+01
1.000000e+00 -1.379679e-04 -2.094414e-04 -1.982034e+01 1.379637e-04 1.000000e+00 -2.265402e-05 1.484882e+00 2.094755e-04 2.262201e-05 9.999999e-01 -3.647762e+01
9.999980e-01 3.789278e-04 1.963546e-03 -1.995875e+01 -3.782786e-04 9.999999e-01 -3.312149e-04 1.491769e+00 -1.963702e-03 3.304746e-04 9.999981e-01 -3.649828e+01
1.000000e+00 -6.809392e-05 -1.294445e-04 -2.012983e+01 6.808133e-05 1.000000e+00 -1.013669e-04 1.499690e+00 1.294827e-04 1.013549e-04 9.999999e-01 -3.652515e+01
9.999986e-01 4.125400e-04 1.627637e-03 -2.032543e+01 -4.119984e-04 9.999999e-01 -3.334026e-04 1.506565e+00 -1.627806e-03 3.327347e-04 9.999987e-01 -3.647756e+01
9.999997e-01 -1.504115e-04 7.218266e-04 -2.052154e+01 1.504121e-04 1.000000e+00 4.966525e-08 1.518733e+00 -7.217950e-04 5.565120e-08 9.999996e-01 -3.664059e+01
9.999981e-01 3.408460e-04 1.943311e-03 -2.065657e+01 -3.405467e-04 9.999999e-01 -1.546510e-04 1.533131e+00 -1.943396e-03 1.539922e-04 9.999982e-01 -3.698491e+01
9.999996e-01 -7.629180e-05 9.363441e-04 -2.069937e+01 7.625370e-05 1.000000e+00 4.132446e-05 1.543101e+00 -9.363151e-04 -4.125631e-05 9.999995e-01 -3.730764e+01
9.999983e-01 3.423069e-04 1.806218e-03 -2.064673e+01 -3.419506e-04 9.999999e-01 -1.978826e-04 1.546346e+00 -1.806318e-03 1.972679e-04 9.999984e-01 -3.753215e+01
9.999994e-01 -6.436223e-05 1.078338e-03 -2.054248e+01 6.420536e-05 1.000000e+00 1.460375e-04 1.548517e+00 -1.078314e-03 -1.459715e-04 9.999993e-01 -3.781141e+01
9.999982e-01 4.044846e-04 1.857122e-03 -2.052793e+01 -4.038948e-04 9.999999e-01 -3.182568e-04 1.555149e+00 -1.857284e-03 3.175094e-04 9.999983e-01 -3.810820e+01
9.999992e-01 -3.997080e-06 1.246696e-03 -2.071147e+01 3.914583e-06 1.000000e+00 6.664285e-05 1.572327e+00 -1.246663e-03 -6.664123e-05 9.999991e-01 -3.850738e+01
9.999987e-01 3.565185e-04 1.557641e-03 -2.090914e+01 -3.558884e-04 9.999999e-01 -4.052160e-04 1.587570e+00 -1.557819e-03 4.046644e-04 9.999988e-01 -3.881440e+01
9.999996e-01 -1.745681e-05 9.317964e-04 -2.096937e+01 1.733501e-05 1.000000e+00 1.313705e-04 1.592888e+00 -9.317650e-04 -1.313576e-04 9.999995e-01 -3.894437e+01
9.999982e-01 3.750662e-04 1.861379e-03 -2.084652e+01 -3.743727e-04 9.999999e-01 -3.731900e-04 1.588456e+00 -1.861552e-03 3.724959e-04 9.999983e-01 -3.901013e+01
9.999996e-01 7.145954e-05 8.365001e-04 -2.059465e+01 -7.154738e-05 1.000000e+00 1.057175e-04 1.575416e+00 -8.364583e-04 -1.057807e-04 9.999995e-01 -3.898474e+01
9.999982e-01 3.840993e-04 1.880399e-03 -2.030083e+01 -3.834086e-04 9.999999e-01 -3.680094e-04 1.559569e+00 -1.880574e-03 3.672912e-04 9.999983e-01 -3.893997e+01
9.999994e-01 4.149932e-05 1.105824e-03 -1.998544e+01 -4.172251e-05 1.000000e+00 2.023861e-04 1.544925e+00 -1.105780e-03 -2.024355e-04 9.999993e-01 -3.896589e+01
9.999976e-01 3.256954e-04 2.152237e-03 -1.980856e+01 -3.248078e-04 9.999999e-01 -4.130639e-04 1.540602e+00 -2.152406e-03 4.123673e-04 9.999977e-01 -3.913783e+01
9.999993e-01 -1.434121e-05 1.192043e-03 -1.963112e+01 1.398831e-05 1.000000e+00 2.965967e-04 1.538479e+00 -1.192012e-03 -2.965832e-04 9.999991e-01 -3.939510e+01
9.999985e-01 3.640693e-04 1.679707e-03 -1.924528e+01 -3.634027e-04 9.999999e-01 -3.975027e-04 1.520325e+00 -1.679887e-03 3.968952e-04 9.999986e-01 -3.941585e+01
9.999997e-01 1.720577e-04 8.086321e-04 -1.876491e+01 -1.723106e-04 9.999999e-01 3.135356e-04 1.494160e+00 -8.085422e-04 -3.136783e-04 9.999995e-01 -3.933165e+01
9.999972e-01 2.012217e-04 2.370494e-03 -1.823548e+01 -2.004372e-04 9.999999e-01 -3.314563e-04 1.468999e+00 -2.370597e-03 3.309837e-04 9.999972e-01 -3.936196e+01
9.999997e-01 2.206168e-04 6.792104e-04 -1.779302e+01 -2.207429e-04 1.000000e+00 1.865573e-04 1.447322e+00 -6.791327e-04 -1.867106e-04 9.999997e-01 -3.936207e+01
9.999967e-01 1.932234e-04 2.556012e-03 -1.734033e+01 -1.925548e-04 9.999999e-01 -2.620822e-04 1.427793e+00 -2.556099e-03 2.615926e-04 9.999968e-01 -3.943258e+01
9.999998e-01 2.193388e-04 6.002826e-04 -1.685847e+01 -2.194402e-04 1.000000e+00 1.698731e-04 1.405258e+00 -6.002082e-04 -1.700082e-04 9.999997e-01 -3.946418e+01
9.999976e-01 3.824137e-04 2.149721e-03 -1.619436e+01 -3.820991e-04 9.999999e-01 -1.470551e-04 1.370328e+00 -2.149814e-03 1.462367e-04 9.999978e-01 -3.939852e+01
9.999997e-01 1.829098e-04 7.634332e-04 -1.550105e+01 -1.830331e-04 1.000000e+00 1.623471e-04 1.333622e+00 -7.633658e-04 -1.624902e-04 9.999996e-01 -3.935021e+01
9.999991e-01 2.566851e-04 1.288072e-03 -1.519590e+01 -2.562932e-04 9.999999e-01 -3.049902e-04 1.316090e+00 -1.288188e-03 3.046632e-04 9.999992e-01 -3.925617e+01
9.999999e-01 1.266611e-04 3.807474e-04 -1.533719e+01 -1.265920e-04 1.000000e+00 -1.797183e-04 1.320946e+00 -3.807322e-04 1.796667e-04 9.999998e-01 -3.920275e+01
9.999997e-01 3.773960e-04 6.924695e-04 -1.541734e+01 -3.771815e-04 9.999999e-01 -3.109333e-04 1.318518e+00 -6.926248e-04 3.106755e-04 9.999998e-01 -3.898704e+01
9.999994e-01 -8.310597e-05 1.046907e-03 -1.552103e+01 8.312561e-05 1.000000e+00 -1.803120e-05 1.324202e+00 -1.046867e-03 1.811470e-05 9.999994e-01 -3.900766e+01
9.999994e-01 4.082310e-04 9.876608e-04 -1.571327e+01 -4.078539e-04 9.999998e-01 -3.826572e-04 1.336487e+00 -9.878553e-04 3.822577e-04 9.999995e-01 -3.916761e+01
9.999995e-01 -2.085897e-04 1.023896e-03 -1.584016e+01 2.085268e-04 1.000000e+00 6.229961e-05 1.346400e+00 -1.023870e-03 -6.208964e-05 9.999994e-01 -3.930695e+01
9.999997e-01 3.800874e-04 7.447503e-04 -1.581083e+01 -3.799325e-04 9.999999e-01 -2.091634e-04 1.346574e+00 -7.448686e-04 2.088839e-04 9.999998e-01 -3.932285e+01
9.999996e-01 -1.348664e-04 8.448543e-04 -1.584819e+01 1.349366e-04 1.000000e+00 -8.214010e-05 1.347902e+00 -8.448043e-04 8.225048e-05 9.999995e-01 -3.928473e+01
9.999998e-01 5.513980e-04 1.679427e-04 -1.590850e+01 -5.513412e-04 9.999998e-01 -3.430047e-04 1.344551e+00 -1.681708e-04 3.429157e-04 1.000000e+00 -3.906074e+01
9.999997e-01 4.403214e-05 7.025473e-04 -1.587479e+01 -4.405164e-05 1.000000e+00 2.882361e-05 1.330575e+00 -7.025069e-04 -2.885819e-05 9.999997e-01 -3.859668e+01
9.999997e-01 4.439655e-04 6.398985e-04 -1.573340e+01 -4.438097e-04 9.999999e-01 -2.448696e-04 1.316481e+00 -6.400463e-04 2.445892e-04 9.999999e-01 -3.829703e+01
9.999994e-01 -6.430213e-05 1.085807e-03 -1.534367e+01 6.404358e-05 1.000000e+00 2.388538e-04 1.294548e+00 -1.085783e-03 -2.387877e-04 9.999993e-01 -3.819227e+01
9.999992e-01 3.748222e-04 1.228183e-03 -1.516683e+01 -3.743808e-04 9.999999e-01 -3.601910e-04 1.288168e+00 -1.228357e-03 3.597345e-04 9.999993e-01 -3.823652e+01
9.999986e-01 -1.956426e-05 1.644099e-03 -1.486264e+01 1.914784e-05 1.000000e+00 2.537736e-04 1.277644e+00 -1.644064e-03 -2.537455e-04 9.999985e-01 -3.836320e+01
9.999986e-01 4.577715e-04 1.616029e-03 -1.456948e+01 -4.573401e-04 9.999999e-01 -2.677846e-04 1.268195e+00 -1.616191e-03 2.670488e-04 9.999988e-01 -3.855424e+01
9.999997e-01 -1.475616e-04 8.151934e-04 -1.435705e+01 1.474519e-04 1.000000e+00 1.356725e-04 1.258441e+00 -8.151730e-04 -1.355559e-04 9.999996e-01 -3.858147e+01
9.999990e-01 4.409000e-04 1.367090e-03 -1.448381e+01 -4.402280e-04 9.999998e-01 -4.924118e-04 1.266147e+00 -1.367347e-03 4.918131e-04 9.999990e-01 -3.868519e+01
9.999991e-01 -2.684263e-04 1.335308e-03 -1.453535e+01 2.680441e-04 9.999999e-01 2.869477e-04 1.274585e+00 -1.335344e-03 -2.865932e-04 9.999990e-01 -3.895158e+01
9.999992e-01 4.068912e-04 1.205031e-03 -1.463709e+01 -4.062813e-04 9.999998e-01 -5.070321e-04 1.285186e+00 -1.205278e-03 5.065458e-04 9.999992e-01 -3.921397e+01
9.999996e-01 -1.767983e-04 9.195592e-04 -1.483675e+01 1.766843e-04 1.000000e+00 1.249390e-04 1.296799e+00 -9.195400e-04 -1.247802e-04 9.999995e-01 -3.936188e+01
9.999990e-01 5.862725e-04 1.275975e-03 -1.514630e+01 -5.854248e-04 9.999996e-01 -6.652922e-04 1.312932e+00 -1.276406e-03 6.645483e-04 9.999991e-01 -3.955093e+01
9.999991e-01 -2.302951e-04 1.331506e-03 -1.492374e+01 2.295065e-04 9.999998e-01 5.930177e-04 1.304237e+00 -1.331600e-03 -5.927153e-04 9.999988e-01 -3.964417e+01
9.999974e-01 6.517247e-04 2.166836e-03 -1.440387e+01 -6.509033e-04 9.999997e-01 -3.801643e-04 1.284060e+00 -2.167125e-03 3.787567e-04 9.999977e-01 -3.985826e+01
9.999992e-01 -2.757257e-04 1.230116e-03 -1.442237e+01 2.753924e-04 9.999999e-01 2.718188e-04 1.293828e+00 -1.230149e-03 -2.714836e-04 9.999991e-01 -4.032539e+01
9.999975e-01 5.915860e-04 2.171128e-03 -1.443310e+01 -5.904960e-04 9.999997e-01 -5.030552e-04 1.301483e+00 -2.171468e-03 5.017757e-04 9.999976e-01 -4.069653e+01
9.999995e-01 -3.800052e-04 8.980450e-04 -1.463233e+01 3.797588e-04 9.999999e-01 2.754671e-04 1.320387e+00 -8.981067e-04 -2.751297e-04 9.999995e-01 -4.115975e+01
9.999977e-01 6.016215e-04 2.067381e-03 -1.482137e+01 -6.006387e-04 9.999997e-01 -4.763791e-04 1.337940e+00 -2.067710e-03 4.751401e-04 9.999978e-01 -4.157892e+01
9.999997e-01 -4.389483e-04 6.051822e-04 -1.476697e+01 4.386905e-04 9.999998e-01 4.274808e-04 1.342918e+00 -6.053263e-04 -4.272190e-04 9.999996e-01 -4.188486e+01
9.999983e-01 6.252132e-04 1.717121e-03 -1.465873e+01 -6.243456e-04 9.999997e-01 -5.062533e-04 1.341361e+00 -1.717481e-03 5.051841e-04 9.999985e-01 -4.201516e+01
9.999997e-01 -2.901747e-04 7.174300e-04 -1.456201e+01 2.899667e-04 9.999999e-01 2.912891e-04 1.337422e+00 -7.174706e-04 -2.910848e-04 9.999996e-01 -4.204208e+01
9.999990e-01 6.547367e-04 1.294398e-03 -1.456086e+01 -6.540381e-04 9.999996e-01 -5.407916e-04 1.340400e+00 -1.294795e-03 5.399482e-04 9.999991e-01 -4.213399e+01
9.999992e-01 -9.936804e-05 1.251186e-03 -1.500041e+01 9.961308e-05 1.000000e+00 -1.950528e-04 1.363137e+00 -1.251122e-03 1.951734e-04 9.999991e-01 -4.242353e+01
9.999987e-01 5.597682e-04 1.513881e-03 -1.532572e+01 -5.590568e-04 9.999997e-01 -4.709550e-04 1.381150e+00 -1.514189e-03 4.701120e-04 9.999988e-01 -4.267407e+01
9.999993e-01 -1.333540e-04 1.207828e-03 -1.567203e+01 1.335172e-04 1.000000e+00 -1.342470e-04 1.399540e+00 -1.207765e-03 1.344042e-04 9.999992e-01 -4.289426e+01
9.999987e-01 6.717244e-04 1.447360e-03 -1.607714e+01 -6.708422e-04 9.999996e-01 -6.105788e-04 1.423038e+00 -1.447815e-03 6.096111e-04 9.999989e-01 -4.321667e+01
9.999996e-01 -2.458547e-04 8.736781e-04 -1.640497e+01 2.458405e-04 1.000000e+00 1.753887e-05 1.440585e+00 -8.736372e-04 -1.732816e-05 9.999995e-01 -4.342513e+01
9.999983e-01 6.619153e-04 1.696218e-03 -1.627765e+01 -6.614301e-04 9.999997e-01 -2.871880e-04 1.434961e+00 -1.696453e-03 2.860697e-04 9.999986e-01 -4.347079e+01
9.999991e-01 -2.498898e-04 1.303237e-03 -1.580728e+01 2.494904e-04 9.999999e-01 3.073837e-04 1.412831e+00 -1.303268e-03 -3.070624e-04 9.999990e-01 -4.351132e+01
9.999989e-01 8.536953e-04 1.257563e-03 -1.521340e+01 -8.532918e-04 9.999996e-01 -3.221497e-04 1.381214e+00 -1.257884e-03 3.210803e-04 9.999993e-01 -4.343196e+01
9.999994e-01 -5.621165e-04 9.270948e-04 -1.506273e+01 5.619879e-04 9.999998e-01 1.400691e-04 1.373654e+00 -9.271272e-04 -1.395521e-04 9.999995e-01 -4.341580e+01
9.999989e-01 8.161591e-04 1.269679e-03 -1.520019e+01 -8.155398e-04 9.999995e-01 -4.890550e-04 1.382802e+00 -1.270124e-03 4.880231e-04 9.999992e-01 -4.353158e+01
9.999998e-01 -5.167594e-04 4.683628e-04 -1.531577e+01 5.167061e-04 9.999999e-01 1.160574e-04 1.388271e+00 -4.683762e-04 -1.158195e-04 9.999998e-01 -4.352844e+01
9.999983e-01 8.144405e-04 1.636713e-03 -1.547162e+01 -8.135802e-04 9.999995e-01 -5.268435e-04 1.397114e+00 -1.637188e-03 5.255152e-04 9.999986e-01 -4.360150e+01
9.999998e-01 -4.630879e-04 4.728346e-04 -1.512611e+01 4.628840e-04 9.999998e-01 4.333702e-04 1.379499e+00 -4.729884e-04 -4.331554e-04 9.999997e-01 -4.355973e+01
9.999949e-01 1.178504e-03 2.977029e-03 -1.410296e+01 -1.177454e-03 9.999992e-01 -3.547405e-04 1.328338e+00 -2.977492e-03 3.512374e-04 9.999956e-01 -4.355478e+01
9.999998e-01 -5.366345e-04 3.891662e-04 -1.316936e+01 5.364624e-04 9.999998e-01 4.447876e-04 1.282340e+00 -3.893574e-04 -4.445828e-04 9.999997e-01 -4.358329e+01
9.999959e-01 1.361288e-03 2.504086e-03 -1.198785e+01 -1.360581e-03 9.999990e-01 -2.844279e-04 1.223383e+00 -2.504518e-03 2.810238e-04 9.999969e-01 -4.356993e+01
9.999998e-01 -6.319111e-04 1.112723e-04 -1.119083e+01 6.318710e-04 9.999997e-01 3.693857e-04 1.181554e+00 -1.114578e-04 -3.693194e-04 9.999998e-01 -4.349885e+01
9.999962e-01 1.280152e-03 2.454790e-03 -1.050676e+01 -1.279291e-03 9.999991e-01 -3.525474e-04 1.145355e+00 -2.455288e-03 3.494097e-04 9.999970e-01 -4.344225e+01
9.999995e-01 -9.205307e-04 -4.198993e-04 -1.023459e+01 9.206463e-04 9.999995e-01 2.726341e-04 1.130309e+00 4.196964e-04 -2.730246e-04 9.999998e-01 -4.339554e+01
9.999923e-01 1.418637e-03 3.670301e-03 -9.447292e+00 -1.417813e-03 9.999990e-01 -2.272681e-04 1.090988e+00 -3.670669e-03 2.220666e-04 9.999933e-01 -4.341408e+01
9.999997e-01 -7.091773e-04 -3.402180e-04 -8.473660e+00 7.092756e-04 9.999997e-01 2.858956e-04 1.040412e+00 3.400640e-04 -2.861408e-04 9.999998e-01 -4.338915e+01
9.999938e-01 1.472837e-03 3.203458e-03 -7.637278e+00 -1.472160e-03 9.999989e-01 -2.140962e-04 9.956632e-01 -3.203819e-03 2.093828e-04 9.999949e-01 -4.330842e+01
9.999994e-01 -9.148214e-04 -6.100052e-04 -6.976615e+00 9.149805e-04 9.999995e-01 2.588234e-04 9.613284e-01 6.098175e-04 -2.593853e-04 9.999997e-01 -4.325721e+01
9.999932e-01 1.703100e-03 3.280004e-03 -5.933563e+00 -1.702745e-03 9.999985e-01 -1.114916e-04 9.076435e-01 -3.280238e-03 1.059097e-04 9.999947e-01 -4.320780e+01
9.999984e-01 -1.405397e-03 -1.057534e-03 -5.518807e+00 1.405570e-03 9.999990e-01 1.622668e-04 8.881691e-01 1.057354e-03 -1.637569e-04 9.999993e-01 -4.320710e+01
9.999939e-01 1.642936e-03 3.092859e-03 -5.216414e+00 -1.642389e-03 9.999986e-01 -1.796814e-04 8.742550e-01 -3.093200e-03 1.746045e-04 9.999953e-01 -4.320610e+01
9.999985e-01 -1.326435e-03 -1.100576e-03 -4.837752e+00 1.326628e-03 9.999991e-01 1.733165e-04 8.567011e-01 1.100395e-03 -1.747802e-04 9.999993e-01 -4.319517e+01
9.999931e-01 1.652193e-03 3.333462e-03 -4.386771e+00 -1.651820e-03 9.999986e-01 -1.149539e-04 8.362389e-01 -3.333698e-03 1.094507e-04 9.999945e-01 -4.320814e+01
9.999983e-01 -1.269256e-03 -1.315141e-03 -4.024218e+00 1.269395e-03 9.999992e-01 1.040187e-04 8.183729e-01 1.315059e-03 -1.056918e-04 9.999990e-01 -4.317164e+01
9.999945e-01 1.615115e-03 2.896605e-03 -3.825534e+00 -1.614278e-03 9.999987e-01 -2.915496e-04 8.057111e-01 -2.897123e-03 2.868759e-04 9.999959e-01 -4.305284e+01
9.999989e-01 -1.307430e-03 -6.800294e-04 -3.676980e+00 1.307538e-03 9.999991e-01 1.560339e-04 7.992523e-01 6.798757e-04 -1.569268e-04 9.999997e-01 -4.306986e+01
9.999926e-01 1.586213e-03 3.498127e-03 -3.699056e+00 -1.584862e-03 9.999987e-01 -3.891488e-04 8.053858e-01 -3.498790e-03 3.836057e-04 9.999939e-01 -4.329267e+01
9.999989e-01 -1.249164e-03 -7.755272e-04 -3.839001e+00 1.249237e-03 9.999992e-01 9.155737e-05 8.172024e-01 7.754635e-04 -9.253001e-05 9.999996e-01 -4.355546e+01
9.999911e-01 1.613554e-03 3.892418e-03 -4.068225e+00 -1.611931e-03 9.999986e-01 -4.203187e-04 8.359634e-01 -3.893142e-03 4.140445e-04 9.999924e-01 -4.395116e+01
9.999988e-01 -1.239367e-03 -8.799749e-04 -4.353348e+00 1.239396e-03 9.999992e-01 3.037022e-05 8.572174e-01 8.799884e-04 -3.146479e-05 9.999995e-01 -4.436980e+01
9.999913e-01 1.549322e-03 3.869136e-03 -4.343987e+00 -1.548867e-03 9.999988e-01 -1.209660e-04 8.642827e-01 -3.869371e-03 1.149761e-04 9.999926e-01 -4.472428e+01
9.999989e-01 -1.306586e-03 -6.830339e-04 -4.538288e+00 1.306542e-03 9.999991e-01 -6.657866e-05 8.832526e-01 6.831727e-04 6.568220e-05 9.999997e-01 -4.519120e+01
9.999927e-01 1.630207e-03 3.463542e-03 -4.785561e+00 -1.629200e-03 9.999986e-01 -2.938234e-04 9.027221e-01 -3.464069e-03 2.881823e-04 9.999941e-01 -4.556811e+01
9.999988e-01 -1.225109e-03 -9.126487e-04 -5.039417e+00 1.224930e-03 9.999992e-01 -1.977406e-04 9.180608e-01 9.129431e-04 1.966184e-04 9.999995e-01 -4.578814e+01
9.999905e-01 1.652420e-03 4.045793e-03 -5.347314e+00 -1.651374e-03 9.999986e-01 -2.621238e-04 9.391425e-01 -4.046274e-03 2.554442e-04 9.999919e-01 -4.616216e+01
9.999989e-01 -1.498860e-03 -1.147187e-04 -5.288675e+00 1.498857e-03 9.999989e-01 -3.759819e-05 9.409939e-01 1.148283e-04 3.742211e-05 9.999999e-01 -4.637504e+01
9.999923e-01 1.733996e-03 3.516627e-03 -5.194645e+00 -1.734056e-03 9.999985e-01 1.349996e-05 9.408654e-01 -3.516652e-03 -1.959389e-05 9.999939e-01 -4.657971e+01
9.999985e-01 -1.573883e-03 -6.857082e-04 -5.447963e+00 1.573590e-03 9.999987e-01 -4.286148e-04 9.572017e-01 6.864358e-04 4.275310e-04 9.999996e-01 -4.686033e+01
9.999929e-01 1.806632e-03 3.307570e-03 -5.611791e+00 -1.807030e-03 9.999984e-01 1.169436e-04 9.674705e-01 -3.307408e-03 -1.229156e-04 9.999946e-01 -4.701696e+01
9.999987e-01 -1.461982e-03 7.142772e-04 -5.953457e+00 1.462266e-03 9.999989e-01 -3.952111e-04 9.967224e-01 -7.136441e-04 3.962509e-04 9.999996e-01 -4.767244e+01
9.999886e-01 1.935804e-03 4.369890e-03 -6.477737e+00 -1.936374e-03 9.999981e-01 1.259536e-04 1.037780e+00 -4.369693e-03 -1.344098e-04 9.999905e-01 -4.860663e+01
9.999976e-01 -1.740392e-03 -1.302703e-03 -6.780645e+00 1.739772e-03 9.999984e-01 -4.783648e-04 1.059502e+00 1.303589e-03 4.760931e-04 9.999989e-01 -4.902977e+01
9.999879e-01 2.008015e-03 4.496167e-03 -7.090011e+00 -2.008511e-03 9.999980e-01 1.054828e-04 1.082851e+00 -4.496001e-03 -1.145080e-04 9.999900e-01 -4.947897e+01
9.999985e-01 -1.640465e-03 -4.569280e-04 -7.472786e+00 1.640232e-03 9.999985e-01 -5.132960e-04 1.112636e+00 4.578252e-04 5.125416e-04 9.999997e-01 -5.007868e+01
9.999926e-01 1.873223e-03 3.354405e-03 -7.762449e+00 -1.873629e-03 9.999982e-01 1.174201e-04 1.131812e+00 -3.354235e-03 -1.237000e-04 9.999945e-01 -5.041553e+01
9.999987e-01 -1.419101e-03 7.737739e-04 -8.156794e+00 1.419504e-03 9.999989e-01 -5.187641e-04 1.163340e+00 -7.729804e-04 5.198575e-04 9.999995e-01 -5.106595e+01
9.999926e-01 1.764669e-03 3.430923e-03 -8.688688e+00 -1.765389e-03 9.999984e-01 2.065143e-04 1.203755e+00 -3.430610e-03 -2.125655e-04 9.999942e-01 -5.194800e+01
9.999979e-01 -1.535398e-03 -1.383872e-03 -8.872980e+00 1.534589e-03 9.999987e-01 -5.864216e-04 1.214792e+00 1.384828e-03 5.842923e-04 9.999988e-01 -5.208234e+01
9.999937e-01 1.784218e-03 3.064092e-03 -8.981626e+00 -1.784822e-03 9.999984e-01 1.937377e-04 1.220118e+00 -3.063798e-03 -1.992011e-04 9.999954e-01 -5.207328e+01
9.999988e-01 -1.459014e-03 4.460313e-04 -9.318099e+00 1.459287e-03 9.999988e-01 -6.082805e-04 1.245076e+00 -4.450859e-04 6.089263e-04 9.999996e-01 -5.253848e+01
9.999906e-01 1.846622e-03 3.935846e-03 -9.780129e+00 -1.847930e-03 9.999982e-01 3.282685e-04 1.281250e+00 -3.935291e-03 -3.355342e-04 9.999923e-01 -5.334418e+01
9.999982e-01 -1.608163e-03 -9.869015e-04 -9.844735e+00 1.607555e-03 9.999985e-01 -6.186484e-04 1.287497e+00 9.879529e-04 6.170564e-04 9.999992e-01 -5.350390e+01
9.999937e-01 2.151594e-03 2.833765e-03 -9.741152e+00 -2.152402e-03 9.999976e-01 2.816578e-04 1.278321e+00 -2.833211e-03 -2.877511e-04 9.999960e-01 -5.339505e+01
9.999982e-01 -1.821429e-03 -4.840113e-04 -9.690286e+00 1.821198e-03 9.999982e-01 -4.816155e-04 1.274665e+00 4.849460e-04 4.807287e-04 9.999997e-01 -5.338048e+01
9.999925e-01 2.094270e-03 3.260455e-03 -9.333840e+00 -2.096421e-03 9.999976e-01 6.559449e-04 1.261453e+00 -3.259132e-03 -6.627710e-04 9.999946e-01 -5.352567e+01
9.999981e-01 -1.910047e-03 -3.112250e-04 -9.077122e+00 1.909828e-03 9.999979e-01 -7.068436e-04 1.251097e+00 3.126332e-04 7.062435e-04 9.999996e-01 -5.359522e+01
9.999897e-01 2.846109e-03 3.543145e-03 -7.859538e+00 -2.848977e-03 9.999956e-01 8.042850e-04 1.186944e+00 -3.540900e-03 -8.143668e-04 9.999935e-01 -5.351243e+01
9.999984e-01 -1.699549e-03 -4.490976e-04 -6.390918e+00 1.699308e-03 9.999984e-01 -5.403669e-04 1.113413e+00 4.500745e-04 5.395986e-04 9.999997e-01 -5.350616e+01
9.999891e-01 2.767966e-03 3.774437e-03 -5.029658e+00 -2.770873e-03 9.999959e-01 7.649326e-04 1.043504e+00 -3.772364e-03 -7.753786e-04 9.999927e-01 -5.346979e+01
9.999979e-01 -1.945095e-03 -5.901825e-04 -4.064206e+00 1.944785e-03 9.999980e-01 -5.283321e-04 9.942741e-01 5.912687e-04 5.271790e-04 9.999996e-01 -5.345161e+01
9.999901e-01 2.459221e-03 3.703894e-03 -3.221760e+00 -2.461517e-03 9.999968e-01 6.149890e-04 9.530288e-01 -3.702430e-03 -6.240961e-04 9.999930e-01 -5.347461e+01
9.999981e-01 -1.783508e-03 -7.382455e-04 -2.354763e+00 1.783146e-03 9.999983e-01 -4.924084e-04 9.090818e-01 7.391828e-04 4.910870e-04 9.999995e-01 -5.346786e+01
9.999913e-01 2.228488e-03 3.543148e-03 -1.730457e+00 -2.230585e-03 9.999973e-01 5.874756e-04 8.786968e-01 -3.541890e-03 -5.953697e-04 9.999936e-01 -5.349381e+01
9.999985e-01 -1.682410e-03 -2.642844e-04 -8.604402e-01 1.682293e-03 9.999985e-01 -4.463188e-04 8.370836e-01 2.650957e-04 4.458695e-04 9.999998e-01 -5.355942e+01
9.999909e-01 2.505022e-03 3.460190e-03 3.780430e-01 -2.507451e-03 9.999966e-01 6.974684e-04 7.772881e-01 -3.458493e-03 -7.061344e-04 9.999939e-01 -5.362626e+01
9.999987e-01 -1.554099e-03 -3.118260e-04 1.971619e+00 1.554020e-03 9.999988e-01 -2.561128e-04 7.045468e-01 3.122849e-04 2.556239e-04 9.999998e-01 -5.381288e+01
9.999925e-01 2.045020e-03 3.293777e-03 2.584625e+00 -2.046237e-03 9.999978e-01 3.659710e-04 6.754387e-01 -3.293083e-03 -3.727042e-04 9.999946e-01 -5.386598e+01
9.999985e-01 -1.739437e-03 -1.558789e-04 3.184113e+00 1.739408e-03 9.999985e-01 -1.962916e-04 6.490733e-01 1.562818e-04 1.960162e-04 9.999999e-01 -5.396406e+01
9.999939e-01 2.212779e-03 2.716269e-03 3.882311e+00 -2.213585e-03 9.999975e-01 2.929804e-04 6.144822e-01 -2.715675e-03 -2.989875e-04 9.999964e-01 -5.397194e+01
9.999987e-01 -1.554071e-03 4.770505e-04 5.177309e+00 1.554043e-03 9.999988e-01 6.155978e-05 5.553080e-01 -4.770834e-04 -6.082217e-05 9.999998e-01 -5.413374e+01
