9.999998e-01 5.181542e-04 2.877648e-04 -1.599971e-01 -5.180115e-04 9.999997e-01 -4.956552e-04 -1.133012e-02 -2.880216e-04 4.955056e-04 9.999999e-01 7.104487e-01
1.000000e+00 2.575203e-05 2.175739e-04 -2.901260e-01 -2.575322e-05 1.000000e+00 5.531844e-06 -2.111721e-02 -2.175736e-04 -5.537067e-06 9.999999e-01 1.312892e+00
9.999998e-01 4.121196e-04 3.691274e-04 -2.962709e-01 -4.120087e-04 9.999999e-01 -3.005486e-04 -3.490834e-02 -3.692514e-04 3.003961e-04 1.000000e+00 1.879251e+00
9.999999e-01 8.025239e-05 4.009097e-04 -1.289113e-01 -8.026176e-05 1.000000e+00 2.338995e-05 -6.038363e-02 -4.009076e-04 -2.342180e-05 9.999998e-01 2.585505e+00
9.999999e-01 1.896530e-04 5.035408e-04 -1.221948e-01 -1.894930e-04 9.999999e-01 -3.178199e-04 -6.727696e-02 -5.036014e-04 3.177241e-04 9.999999e-01 2.864187e+00
9.999996e-01 2.424797e-05 8.639377e-04 -1.796778e-01 -2.430413e-05 1.000000e+00 6.500461e-05 -6.482983e-02 -8.639356e-04 -6.502531e-05 9.999995e-01 2.917193e+00
9.999997e-01 1.264138e-04 7.027168e-04 -2.692750e-01 -1.261700e-04 9.999999e-01 -3.470445e-04 -6.007475e-02 -7.027612e-04 3.469555e-04 9.999998e-01 2.927448e+00
9.999998e-01 1.046731e-04 6.740226e-04 -2.524989e-01 -1.047722e-04 1.000000e+00 1.470690e-04 -6.177236e-02 -6.740064e-04 -1.471394e-04 9.999997e-01 2.986706e+00
9.999995e-01 7.822920e-05 9.692525e-04 -1.401873e-01 -7.789838e-05 9.999999e-01 -3.413568e-04 -6.665372e-02 -9.692801e-04 3.412810e-04 9.999996e-01 3.021494e+00
9.999999e-01 1.768518e-04 3.885328e-04 -2.358894e-01 -1.768694e-04 1.000000e+00 4.547863e-05 -6.322356e-02 -3.885237e-04 -4.554717e-05 9.999998e-01 3.090378e+00
9.999991e-01 -2.547711e-05 1.371341e-03 -2.802365e-01 2.573789e-05 1.000000e+00 -1.901570e-04 -5.839966e-02 -1.371337e-03 1.901920e-04 9.999991e-01 3.017211e+00
1.000000e+00 1.892375e-04 -3.573034e-05 -3.315245e-01 -1.892389e-04 1.000000e+00 -3.962306e-05 -5.585979e-02 3.572423e-05 3.962996e-05 9.999999e-01 3.057419e+00
9.999991e-01 -1.965752e-05 1.324926e-03 -3.983916e-01 1.993252e-05 1.000000e+00 -2.075604e-04 -5.355272e-02 -1.324923e-03 2.075865e-04 9.999992e-01 3.128634e+00
1.000000e+00 2.631000e-04 -8.665666e-05 -4.744956e-01 -2.631056e-04 1.000000e+00 -6.504770e-05 -5.143752e-02 8.664119e-05 6.507058e-05 9.999999e-01 3.219271e+00
9.999986e-01 -6.343796e-05 1.674022e-03 -5.587730e-01 6.364449e-05 1.000000e+00 -1.233338e-04 -4.539977e-02 -1.674016e-03 1.234402e-04 9.999987e-01 3.180602e+00
1.000000e+00 2.826982e-04 -8.736913e-05 -6.826210e-01 -2.827133e-04 9.999999e-01 -1.733890e-04 -3.916564e-02 8.732207e-05 1.734137e-04 9.999999e-01 3.168156e+00
9.999993e-01 8.881379e-05 1.144216e-03 -7.527969e-01 -8.872534e-05 1.000000e+00 -7.736811e-05 -4.169463e-02 -1.144225e-03 7.726653e-05 9.999994e-01 3.383895e+00
9.999997e-01 6.046877e-04 -5.594226e-04 -2.626098e-01 -6.047191e-04 9.999998e-01 -5.611516e-05 -8.942194e-02 5.593907e-04 5.645343e-05 9.999997e-01 4.301838e+00
9.999984e-01 2.401095e-04 1.744437e-03 2.855789e-01 -2.399717e-04 1.000000e+00 -7.919258e-05 -1.309493e-01 -1.744458e-03 7.877386e-05 9.999986e-01 4.907447e+00
1.000000e+00 8.566353e-05 -9.764682e-05 3.286069e-01 -8.567723e-05 1.000000e+00 -1.404858e-04 -1.329719e-01 9.763719e-05 1.404941e-04 9.999999e-01 4.937511e+00
9.999985e-01 2.130383e-04 1.702286e-03 1.985036e-01 -2.126781e-04 1.000000e+00 -2.117508e-04 -1.271962e-01 -1.702334e-03 2.113886e-04 9.999986e-01 4.957383e+00
9.999998e-01 3.116127e-04 -5.781490e-04 2.347379e-02 -3.117641e-04 9.999999e-01 -2.617802e-04 -1.248283e-01 5.780700e-04 2.619602e-04 9.999997e-01 5.149491e+00
9.999976e-01 2.608351e-04 2.156594e-03 -2.342648e-01 -2.601558e-04 9.999999e-01 -3.152592e-04 -1.166108e-01 -2.156679e-03 3.146976e-04 9.999977e-01 5.233455e+00
9.999998e-01 3.553031e-04 -5.398645e-04 -5.309378e-01 -3.554805e-04 9.999999e-01 -3.285857e-04 -1.067820e-01 5.397506e-04 3.287773e-04 9.999997e-01 5.300363e+00
9.999975e-01 7.908617e-05 2.229895e-03 -7.424959e-01 -7.867846e-05 1.000000e+00 -1.829357e-04 -9.886639e-02 -2.229913e-03 1.827600e-04 9.999976e-01 5.335552e+00
9.999998e-01 3.415430e-04 -5.690685e-04 -9.019264e-01 -3.417051e-04 9.999999e-01 -2.847428e-04 -9.264438e-02 5.689746e-04 2.849369e-04 9.999997e-01 5.368420e+00
9.999961e-01 -1.916996e-05 2.786171e-03 -1.063266e+00 1.951708e-05 1.000000e+00 -1.245658e-04 -8.243485e-02 -2.786172e-03 1.246200e-04 9.999962e-01 5.257875e+00
9.999997e-01 4.364047e-04 -5.719974e-04 -1.278518e+00 -4.366339e-04 9.999998e-01 -4.007794e-04 -7.053400e-02 5.718262e-04 4.010287e-04 9.999997e-01 5.151427e+00
9.999967e-01 -4.594223e-05 2.578987e-03 -1.439335e+00 4.615191e-05 1.000000e+00 -8.125447e-05 -6.286921e-02 -2.578987e-03 8.137370e-05 9.999968e-01 5.128510e+00
9.999996e-01 4.547189e-04 -7.141434e-04 -1.567681e+00 -4.549937e-04 9.999998e-01 -3.846498e-04 -5.723563e-02 7.139725e-04 3.849741e-04 9.999996e-01 5.134137e+00
9.999964e-01 1.402685e-05 2.667022e-03 -1.784730e+00 -1.364238e-05 1.000000e+00 -1.441865e-04 -4.731099e-02 -2.667028e-03 1.441502e-04 9.999965e-01 5.104539e+00
9.999997e-01 3.978828e-04 -6.231728e-04 -1.984907e+00 -3.981239e-04 9.999998e-01 -3.869599e-04 -3.750965e-02 6.230233e-04 3.872072e-04 9.999996e-01 5.053296e+00
9.999961e-01 -8.554990e-05 2.809032e-03 -2.116701e+00 8.569252e-05 1.000000e+00 -5.066317e-05 -2.878933e-02 -2.809033e-03 5.090435e-05 9.999962e-01 4.959949e+00
9.999995e-01 4.408402e-04 -8.625842e-04 -2.235556e+00 -4.411767e-04 9.999998e-01 -3.900249e-04 -2.290527e-02 8.624171e-04 3.904046e-04 9.999995e-01 4.949757e+00
9.999971e-01 -7.087831e-05 2.423219e-03 -2.341906e+00 7.091592e-05 1.000000e+00 -1.544797e-05 -1.920219e-02 -2.423223e-03 1.562052e-05 9.999972e-01 5.008251e+00
9.999996e-01 4.662302e-04 -7.224525e-04 -2.428234e+00 -4.664979e-04 9.999998e-01 -3.704703e-04 -1.636626e-02 7.222850e-04 3.708064e-04 9.999996e-01 5.046591e+00
9.999967e-01 -1.218971e-04 2.578386e-03 -2.453927e+00 1.218628e-04 1.000000e+00 1.343273e-05 -1.536144e-02 -2.578393e-03 -1.311765e-05 9.999968e-01 5.065124e+00
9.999998e-01 3.902039e-04 -4.724957e-04 -2.561044e+00 -3.903644e-04 9.999999e-01 -3.397949e-04 -7.012107e-03 4.723687e-04 3.399784e-04 9.999997e-01 4.935695e+00
9.999971e-01 -3.352820e-05 2.410994e-03 -2.701733e+00 3.370792e-05 1.000000e+00 -7.451800e-05 1.055369e-03 -2.410998e-03 7.459995e-05 9.999972e-01 4.861725e+00
9.999998e-01 4.299443e-04 -5.331959e-04 -2.917901e+00 -4.301612e-04 9.999998e-01 -4.068823e-04 1.201773e-02 5.330270e-04 4.071106e-04 9.999997e-01 4.777321e+00
9.999970e-01 1.440841e-04 2.451421e-03 -3.248752e+00 -1.434544e-04 1.000000e+00 -2.570531e-04 2.613771e-02 -2.451464e-03 2.567017e-04 9.999971e-01 4.707025e+00
9.999994e-01 5.375296e-04 -9.068450e-04 -3.528705e+00 -5.378486e-04 9.999998e-01 -3.515979e-04 3.381796e-02 9.066622e-04 3.520844e-04 9.999994e-01 4.813244e+00
9.999976e-01 1.635023e-04 2.204953e-03 -3.729069e+00 -1.630463e-04 1.000000e+00 -2.069964e-04 3.453119e-02 -2.204994e-03 2.066375e-04 9.999976e-01 5.094347e+00
9.999997e-01 2.819856e-04 -6.956418e-04 -3.915097e+00 -2.821563e-04 9.999999e-01 -2.454409e-04 4.145547e-02 6.955792e-04 2.456359e-04 9.999996e-01 5.110063e+00
9.999968e-01 3.537073e-05 2.531207e-03 -4.084473e+00 -3.497025e-05 1.000000e+00 -1.582828e-04 5.074991e-02 -2.531220e-03 1.581950e-04 9.999969e-01 5.033984e+00
1.000000e+00 2.673889e-04 1.638150e-04 -4.342132e+00 -2.673546e-04 9.999999e-01 -2.087680e-04 7.033762e-02 -1.638636e-04 2.087229e-04 9.999999e-01 4.677247e+00
9.999977e-01 -6.519899e-05 2.127672e-03 -4.501087e+00 6.520287e-05 1.000000e+00 -1.782625e-06 8.415737e-02 -2.127679e-03 1.922608e-06 9.999978e-01 4.414281e+00
1.000000e+00 2.398917e-04 -7.073716e-05 -4.590663e+00 -2.399149e-04 9.999999e-01 -3.298360e-04 9.071971e-02 7.066563e-05 3.298517e-04 9.999998e-01 4.348197e+00
9.999973e-01 4.477441e-05 2.344239e-03 -4.507633e+00 -4.495702e-05 1.000000e+00 7.781357e-05 8.850745e-02 -2.344243e-03 -7.791744e-05 9.999973e-01 4.305275e+00
1.000000e+00 2.195350e-04 -4.803709e-05 -4.463406e+00 -2.195481e-04 9.999999e-01 -2.744122e-04 8.760440e-02 4.798489e-05 2.744214e-04 9.999999e-01 4.260157e+00
9.999974e-01 2.717654e-05 2.296058e-03 -4.614407e+00 -2.694504e-05 1.000000e+00 -1.008870e-04 9.854428e-02 -2.296069e-03 1.008262e-04 9.999975e-01 4.120955e+00
1.000000e+00 1.620010e-04 -1.345625e-04 -4.732973e+00 -1.620263e-04 1.000000e+00 -1.888181e-04 1.074491e-01 1.345404e-04 1.888385e-04 9.999999e-01 4.003420e+00
9.999979e-01 -2.540380e-05 2.036140e-03 -4.680079e+00 2.525479e-05 1.000000e+00 7.316945e-05 1.065783e-01 -2.036151e-03 -7.311647e-05 9.999980e-01 3.991186e+00
9.999999e-01 2.859104e-04 -3.219528e-04 -4.731300e+00 -2.860054e-04 9.999999e-01 -2.952370e-04 1.107862e-01 3.218772e-04 2.953276e-04 9.999998e-01 3.971357e+00
9.999986e-01 2.363233e-04 1.654373e-03 -4.752107e+00 -2.360513e-04 1.000000e+00 -1.646570e-04 1.050055e-01 -1.654420e-03 1.642677e-04 9.999987e-01 4.222386e+00
1.000000e+00 -7.724341e-06 1.067112e-04 -4.807807e+00 7.731326e-06 1.000000e+00 -6.464762e-05 1.085578e-01 -1.067015e-04 6.464695e-05 9.999999e-01 4.200524e+00
9.999985e-01 1.804282e-04 1.706193e-03 -4.797078e+00 -1.802078e-04 1.000000e+00 -1.294030e-04 1.095705e-01 -1.706226e-03 1.290968e-04 9.999986e-01 4.177091e+00
1.000000e+00 -2.185998e-05 3.028527e-04 -4.609079e+00 2.182191e-05 1.000000e+00 1.260116e-04 1.029106e-01 -3.028459e-04 -1.260065e-04 9.999998e-01 4.126544e+00
9.999985e-01 2.131364e-04 1.743126e-03 -4.368750e+00 -2.129221e-04 1.000000e+00 -1.231921e-04 9.363262e-02 -1.743161e-03 1.228222e-04 9.999986e-01 4.081945e+00
1.000000e+00 1.760630e-05 -4.422502e-05 -4.254135e+00 -1.760776e-05 1.000000e+00 -3.520918e-05 8.724569e-02 4.423432e-05 3.520844e-05 9.999999e-01 4.129825e+00
9.999986e-01 2.982867e-04 1.658227e-03 -4.137584e+00 -2.980117e-04 9.999999e-01 -1.661388e-04 7.982131e-02 -1.658287e-03 1.656459e-04 9.999987e-01 4.202566e+00
1.000000e+00 1.040198e-05 2.813274e-05 -4.004214e+00 -1.040126e-05 1.000000e+00 -2.202163e-05 7.135075e-02 -2.812272e-05 2.201978e-05 9.999999e-01 4.273246e+00
9.999981e-01 2.085345e-04 1.935333e-03 -3.818375e+00 -2.083898e-04 1.000000e+00 -7.504257e-05 6.314307e-02 -1.935359e-03 7.464069e-05 9.999982e-01 4.263880e+00
1.000000e+00 9.184193e-05 1.223608e-04 -3.409060e+00 -9.185603e-05 1.000000e+00 1.160732e-04 4.301811e-02 -1.223395e-04 -1.160860e-04 9.999999e-01 4.269625e+00
9.999982e-01 2.675173e-04 1.863408e-03 -3.023100e+00 -2.672262e-04 1.000000e+00 -1.565217e-04 2.239798e-02 -1.863461e-03 1.560250e-04 9.999984e-01 4.325597e+00
1.000000e+00 1.438019e-04 1.394562e-05 -2.715919e+00 -1.438028e-04 1.000000e+00 7.511170e-05 4.928303e-03 -1.392379e-05 -7.511527e-05 9.999999e-01 4.401664e+00
9.999975e-01 2.319958e-04 2.211163e-03 -2.302424e+00 -2.318096e-04 1.000000e+00 -8.451506e-05 -1.576416e-02 -2.211193e-03 8.400385e-05 9.999977e-01 4.428021e+00
1.000000e+00 8.510088e-05 -1.237340e-04 -2.005098e+00 -8.510437e-05 1.000000e+00 -2.907652e-05 -3.136194e-02 1.237430e-04 2.908547e-05 9.999999e-01 4.472452e+00
9.999978e-01 3.141118e-04 2.082370e-03 -1.774288e+00 -3.138964e-04 9.999999e-01 -1.038650e-04 -4.461276e-02 -2.082414e-03 1.032127e-04 9.999979e-01 4.553191e+00
1.000000e+00 5.393894e-05 1.490579e-04 -1.406675e+00 -5.394485e-05 1.000000e+00 4.044524e-05 -6.321256e-02 -1.490438e-04 -4.045487e-05 9.999999e-01 4.595159e+00
9.999985e-01 3.532445e-04 1.715103e-03 -1.080279e+00 -3.530505e-04 9.999999e-01 -1.134653e-04 -8.199563e-02 -1.715155e-03 1.128612e-04 9.999986e-01 4.695139e+00
1.000000e+00 7.816623e-05 2.876953e-04 -7.369817e-01 -7.817950e-05 1.000000e+00 4.654219e-05 -1.011989e-01 -2.876794e-04 -4.656628e-05 9.999999e-01 4.782518e+00
9.999980e-01 2.769390e-04 1.997671e-03 -3.924688e-01 -2.767145e-04 1.000000e+00 -1.126964e-04 -1.182466e-01 -1.997714e-03 1.121450e-04 9.999981e-01 4.813719e+00
9.999999e-01 8.936769e-06 4.106877e-04 -8.632965e-02 -8.969945e-06 1.000000e+00 8.107367e-05 -1.311760e-01 -4.106742e-04 -8.107896e-05 9.999998e-01 4.774081e+00
9.999982e-01 2.775447e-04 1.882790e-03 6.368003e-02 -2.771558e-04 9.999999e-01 -2.068476e-04 -1.352870e-01 -1.882861e-03 2.063271e-04 9.999983e-01 4.681179e+00
1.000000e+00 9.305036e-05 2.118048e-04 3.505686e-01 -9.306892e-05 1.000000e+00 8.821077e-05 -1.512138e-01 -2.117834e-04 -8.823211e-05 9.999999e-01 4.745494e+00
9.999978e-01 1.560522e-04 2.068255e-03 6.749239e-01 -1.558116e-04 1.000000e+00 -1.165389e-04 -1.650080e-01 -2.068287e-03 1.162181e-04 9.999980e-01 4.713475e+00
9.999999e-01 1.046138e-04 3.674084e-04 1.007151e+00 -1.046705e-04 1.000000e+00 1.544488e-04 -1.780177e-01 -3.673786e-04 -1.544889e-04 9.999998e-01 4.633396e+00
9.999979e-01 1.435878e-04 2.064031e-03 1.403173e+00 -1.433069e-04 1.000000e+00 -1.362769e-04 -1.958800e-01 -2.064064e-03 1.359824e-04 9.999980e-01 4.611706e+00
1.000000e+00 1.208469e-04 1.719983e-04 1.762155e+00 -1.208741e-04 1.000000e+00 1.589531e-04 -2.120521e-01 -1.719650e-04 -1.589755e-04 9.999999e-01 4.590405e+00
9.999985e-01 8.830275e-05 1.716238e-03 2.027458e+00 -8.799880e-05 1.000000e+00 -1.772542e-04 -2.245303e-01 -1.716268e-03 1.771045e-04 9.999986e-01 4.604301e+00
9.999999e-01 9.121946e-05 4.130216e-04 2.084032e+00 -9.128520e-05 1.000000e+00 1.594769e-04 -2.217258e-01 -4.129926e-04 -1.595162e-04 9.999998e-01 4.422363e+00
9.999981e-01 1.160803e-04 1.953492e-03 2.052671e+00 -1.154927e-04 9.999999e-01 -3.009908e-04 -2.137894e-01 -1.953542e-03 3.007663e-04 9.999981e-01 4.186143e+00
1.000000e+00 3.703431e-05 4.283993e-05 2.021989e+00 -3.703833e-05 1.000000e+00 9.733110e-05 -2.085680e-01 -4.282140e-05 -9.733433e-05 9.999999e-01 4.073148e+00
9.999985e-01 1.516862e-04 1.702946e-03 1.918792e+00 -1.510756e-04 9.999999e-01 -3.587804e-04 -2.012204e-01 -1.703015e-03 3.585243e-04 9.999986e-01 3.999550e+00
9.999999e-01 3.469151e-05 3.714194e-04 1.833895e+00 -3.477120e-05 1.000000e+00 2.149614e-04 -1.917281e-01 -3.713966e-04 -2.149759e-04 9.999998e-01 3.804573e+00
9.999980e-01 1.576563e-04 1.973231e-03 1.769122e+00 -1.571539e-04 1.000000e+00 -2.548450e-04 -1.804246e-01 -1.973287e-03 2.545361e-04 9.999981e-01 3.493968e+00
9.999998e-01 7.578898e-05 5.868838e-04 1.585618e+00 -7.584116e-05 1.000000e+00 8.915297e-05 -1.628800e-01 -5.868613e-04 -8.919917e-05 9.999997e-01 3.106110e+00
9.999990e-01 1.910450e-04 1.398387e-03 1.574139e+00 -1.906886e-04 9.999999e-01 -2.551096e-04 -1.584366e-01 -1.398452e-03 2.548444e-04 9.999991e-01 2.975044e+00
9.999999e-01 1.830374e-07 3.528550e-04 1.643300e+00 -2.440547e-07 1.000000e+00 1.733758e-04 -1.576181e-01 -3.528388e-04 -1.733776e-04 9.999998e-01 2.884929e+00
9.999987e-01 2.141176e-04 1.567324e-03 1.746735e+00 -2.137569e-04 1.000000e+00 -2.303776e-04 -1.593426e-01 -1.567389e-03 2.300440e-04 9.999988e-01 2.799186e+00
9.999999e-01 1.158680e-06 4.868471e-04 1.963204e+00 -1.282770e-06 1.000000e+00 2.552215e-04 -1.668252e-01 -4.868302e-04 -2.552238e-04 9.999997e-01 2.723470e+00
9.999989e-01 2.032457e-04 1.450933e-03 2.155371e+00 -2.028240e-04 9.999999e-01 -2.908831e-04 -1.746106e-01 -1.451008e-03 2.905902e-04 9.999990e-01 2.694015e+00
1.000000e+00 1.354446e-05 7.262261e-05 2.207236e+00 -1.355629e-05 1.000000e+00 1.651896e-04 -1.760958e-01 -7.260349e-05 -1.651923e-04 9.999999e-01 2.701790e+00
9.999980e-01 1.776788e-04 1.968600e-03 2.246967e+00 -1.770475e-04 9.999999e-01 -3.209450e-04 -1.734371e-01 -1.968674e-03 3.205976e-04 9.999981e-01 2.592900e+00
1.000000e+00 2.938300e-05 -1.007395e-04 2.220758e+00 -2.937546e-05 1.000000e+00 7.315507e-05 -1.682160e-01 1.007589e-04 -7.315387e-05 9.999999e-01 2.510828e+00
9.999981e-01 1.228879e-04 1.959260e-03 2.253156e+00 -1.226010e-04 1.000000e+00 -1.466535e-04 -1.664087e-01 -1.959295e-03 1.464148e-04 9.999982e-01 2.412312e+00
9.999999e-01 1.761010e-04 -5.118851e-04 2.290519e+00 -1.761290e-04 1.000000e+00 -5.483562e-05 -1.698151e-01 5.118930e-04 5.492398e-05 9.999998e-01 2.492717e+00
9.999984e-01 4.977757e-05 1.779076e-03 2.311702e+00 -4.953708e-05 1.000000e+00 -1.353166e-04 -1.724651e-01 -1.779101e-03 1.352301e-04 9.999985e-01 2.577946e+00
1.000000e+00 1.048018e-04 -2.203135e-04 2.223876e+00 -1.048271e-04 1.000000e+00 -1.158531e-04 -1.662833e-01 2.203192e-04 1.158744e-04 9.999999e-01 2.536389e+00
9.999983e-01 1.190121e-04 1.827792e-03 2.072015e+00 -1.186804e-04 1.000000e+00 -1.816489e-04 -1.570409e-01 -1.827832e-03 1.814335e-04 9.999984e-01 2.452113e+00
9.999998e-01 1.058174e-04 -5.555199e-04 1.997697e+00 -1.058522e-04 1.000000e+00 -6.291473e-05 -1.538198e-01 5.555314e-04 6.297165e-05 9.999997e-01 2.493547e+00
9.999990e-01 1.179166e-04 1.415147e-03 1.986363e+00 -1.177100e-04 1.000000e+00 -1.461996e-04 -1.568955e-01 -1.415182e-03 1.460348e-04 9.999991e-01 2.653037e+00
9.999998e-01 1.335642e-04 -5.644625e-04 1.964289e+00 -1.336205e-04 1.000000e+00 -1.001457e-04 -1.610242e-01 5.644675e-04 1.002192e-04 9.999997e-01 2.875139e+00
9.999984e-01 1.580467e-04 1.759098e-03 2.114380e+00 -1.579877e-04 1.000000e+00 -3.373982e-05 -1.724260e-01 -1.759122e-03 3.346378e-05 9.999986e-01 3.055877e+00
9.999998e-01 1.100638e-04 -6.384654e-04 2.157066e+00 -1.101638e-04 1.000000e+00 -1.568362e-04 -1.772885e-01 6.384667e-04 1.569046e-04 9.999997e-01 3.176828e+00
9.999982e-01 3.241121e-05 1.892805e-03 2.190468e+00 -3.251765e-05 1.000000e+00 5.609653e-05 -1.797005e-01 -1.892822e-03 -5.615603e-05 9.999983e-01 3.248084e+00
9.999997e-01 1.009487e-04 -7.021248e-04 2.318164e+00 -1.009922e-04 1.000000e+00 -6.226333e-05 -1.849667e-01 7.021374e-04 6.233227e-05 9.999997e-01 3.271654e+00
9.999975e-01 -2.415005e-05 2.219821e-03 2.444467e+00 2.397068e-05 1.000000e+00 8.074028e-05 -1.866010e-01 -2.219842e-03 -8.068491e-05 9.999976e-01 3.187971e+00
9.999996e-01 1.122741e-04 -8.649866e-04 2.677530e+00 -1.122568e-04 1.000000e+00 1.977934e-05 -1.940054e-01 8.650079e-04 -1.968418e-05 9.999995e-01 3.132973e+00
9.999982e-01 2.041429e-05 1.895245e-03 3.079310e+00 -2.086347e-05 1.000000e+00 2.368758e-04 -2.073734e-01 -1.895259e-03 -2.369130e-04 9.999983e-01 3.016384e+00
9.999998e-01 1.718764e-04 -6.164207e-04 3.355009e+00 -1.719456e-04 1.000000e+00 -1.124424e-04 -2.188408e-01 6.164207e-04 1.125465e-04 9.999997e-01 2.992590e+00
9.999982e-01 6.067114e-05 1.882532e-03 3.492053e+00 -6.081384e-05 1.000000e+00 7.563604e-05 -2.263990e-01 -1.882547e-03 -7.574849e-05 9.999983e-01 3.047863e+00
9.999998e-01 9.826965e-05 -5.671731e-04 3.736142e+00 -9.828879e-05 1.000000e+00 -3.408451e-05 -2.371012e-01 5.671893e-04 3.413836e-05 9.999997e-01 3.050419e+00
9.999981e-01 1.102728e-04 1.949879e-03 3.901841e+00 -1.102813e-04 1.000000e+00 4.147610e-06 -2.466450e-01 -1.949898e-03 -4.360740e-06 9.999982e-01 3.121175e+00
9.999997e-01 9.279382e-05 -7.985095e-04 3.943563e+00 -9.289964e-05 1.000000e+00 -1.327467e-04 -2.501041e-01 7.985170e-04 1.328189e-04 9.999996e-01 3.202061e+00
9.999980e-01 7.121145e-05 1.975124e-03 3.958454e+00 -7.122002e-05 1.000000e+00 4.162686e-06 -2.518664e-01 -1.975144e-03 -4.301427e-06 9.999981e-01 3.277552e+00
9.999997e-01 9.039456e-05 -7.199740e-04 4.012628e+00 -9.047339e-05 1.000000e+00 -1.097538e-04 -2.553462e-01 7.199841e-04 1.098170e-04 9.999996e-01 3.344591e+00
9.999979e-01 1.113236e-04 2.024506e-03 4.127109e+00 -1.114013e-04 1.000000e+00 3.817489e-05 -2.610903e-01 -2.024522e-03 -3.839841e-05 9.999980e-01 3.390511e+00
9.999998e-01 1.281862e-04 -6.443411e-04 4.272797e+00 -1.282379e-04 1.000000e+00 -8.064577e-05 -2.683535e-01 6.443511e-04 8.072645e-05 9.999997e-01 3.429571e+00
9.999973e-01 -1.592779e-05 2.314769e-03 4.416649e+00 1.579586e-05 1.000000e+00 5.692160e-05 -2.718722e-01 -2.314790e-03 -5.688294e-05 9.999974e-01 3.374479e+00
9.999998e-01 1.341981e-04 -6.660087e-04 4.561882e+00 -1.342471e-04 1.000000e+00 -7.384864e-05 -2.753256e-01 6.660194e-04 7.393610e-05 9.999997e-01 3.306607e+00
9.999966e-01 5.601406e-05 2.594385e-03 4.663273e+00 -5.588448e-05 1.000000e+00 -5.010261e-05 -2.765669e-01 -2.594408e-03 4.995940e-05 9.999967e-01 3.227505e+00
9.999997e-01 1.107430e-04 -7.453412e-04 4.753943e+00 -1.107922e-04 1.000000e+00 -6.628584e-05 -2.774722e-01 7.453548e-04 6.636645e-05 9.999996e-01 3.157821e+00
9.999964e-01 4.978313e-05 2.700682e-03 4.840697e+00 -4.976974e-05 1.000000e+00 -5.109802e-06 -2.769493e-01 -2.700703e-03 4.977332e-06 9.999965e-01 3.038289e+00
9.999998e-01 1.409599e-04 -5.837598e-04 5.017138e+00 -1.409559e-04 1.000000e+00 6.552548e-06 -2.814332e-01 5.837821e-04 -6.472219e-06 9.999997e-01 2.936385e+00
9.999970e-01 2.055073e-04 2.432587e-03 5.198205e+00 -2.052871e-04 1.000000e+00 -9.086577e-05 -2.901052e-01 -2.432627e-03 9.036808e-05 9.999971e-01 2.954769e+00
9.999999e-01 2.270818e-04 -4.325141e-04 5.670086e+00 -2.270516e-04 1.000000e+00 6.935822e-05 -3.157105e-01 4.325516e-04 -6.926196e-05 9.999998e-01 3.044224e+00
9.999966e-01 1.756037e-04 2.611589e-03 6.031316e+00 -1.753526e-04 1.000000e+00 -9.645525e-05 -3.336301e-01 -2.611628e-03 9.599892e-05 9.999967e-01 3.073279e+00
1.000000e+00 3.675731e-05 5.206360e-05 6.016089e+00 -3.675626e-05 1.000000e+00 -1.567344e-05 -3.253653e-01 -5.204193e-05 1.566956e-05 9.999999e-01 2.755763e+00
9.999973e-01 2.074122e-04 2.325082e-03 6.036932e+00 -2.070425e-04 1.000000e+00 -1.593241e-04 -3.216631e-01 -2.325137e-03 1.588443e-04 9.999974e-01 2.574429e+00
1.000000e+00 1.054624e-05 -2.263916e-04 6.224564e+00 -1.053317e-05 1.000000e+00 5.661133e-05 -3.286124e-01 2.264149e-04 -5.661093e-05 9.999999e-01 2.529963e+00
9.999978e-01 1.759281e-04 2.076892e-03 6.458670e+00 -1.757602e-04 1.000000e+00 -8.113552e-05 -3.386929e-01 -2.076930e-03 8.077230e-05 9.999979e-01 2.529180e+00
1.000000e+00 -3.510119e-05 -1.857797e-04 6.632228e+00 3.511892e-05 1.000000e+00 9.408993e-05 -3.431190e-01 1.857994e-04 -9.409844e-05 9.999999e-01 2.442617e+00
9.999975e-01 1.896342e-04 2.234245e-03 6.832582e+00 -1.893865e-04 1.000000e+00 -1.111777e-04 -3.506585e-01 -2.234290e-03 1.107562e-04 9.999976e-01 2.398585e+00
9.999999e-01 1.796676e-04 -4.866099e-04 7.128928e+00 -1.796440e-04 1.000000e+00 4.807774e-05 -3.660093e-01 4.866420e-04 -4.799230e-05 9.999998e-01 2.470470e+00
9.999972e-01 4.566278e-05 2.359762e-03 7.388914e+00 -4.535099e-05 1.000000e+00 -1.322901e-04 -3.783462e-01 -2.359792e-03 1.321847e-04 9.999973e-01 2.495264e+00
9.999997e-01 7.547795e-05 -7.282514e-04 7.490346e+00 -7.547266e-05 1.000000e+00 6.934839e-06 -3.823656e-01 7.282757e-04 -6.881875e-06 9.999996e-01 2.524198e+00
9.999961e-01 1.602953e-04 2.789631e-03 7.737519e+00 -1.600951e-04 1.000000e+00 -7.209399e-05 -3.929804e-01 -2.789667e-03 7.164911e-05 9.999962e-01 2.510980e+00
9.999999e-01 3.066561e-04 -1.519209e-04 8.237343e+00 -3.066627e-04 1.000000e+00 -4.563636e-05 -4.208807e-01 1.519311e-04 4.568094e-05 9.999999e-01 2.583654e+00
9.999951e-01 3.989861e-04 3.092985e-03 8.955621e+00 -3.991127e-04 9.999999e-01 4.020383e-05 -4.599173e-01 -3.092993e-03 -4.143608e-05 9.999953e-01 2.652438e+00
9.999998e-01 5.264929e-04 -3.736210e-04 9.917451e+00 -5.264837e-04 9.999999e-01 2.402045e-05 -5.149040e-01 3.736584e-04 -2.382572e-05 9.999998e-01 2.918409e+00
9.999958e-01 4.562358e-04 2.856431e-03 1.079971e+01 -4.562049e-04 9.999999e-01 -1.155117e-05 -5.666392e-01 -2.856461e-03 1.024996e-05 9.999960e-01 3.227504e+00
1.000000e+00 2.151519e-04 1.388625e-04 1.155972e+01 -2.151584e-04 1.000000e+00 4.845332e-05 -6.072951e-01 -1.388268e-04 -4.848515e-05 9.999999e-01 3.298231e+00
9.999952e-01 3.268232e-04 3.083764e-03 1.228521e+01 -3.268566e-04 9.999999e-01 1.023239e-05 -6.437973e-01 -3.083786e-03 -1.123835e-05 9.999953e-01 3.286047e+00
1.000000e+00 1.125247e-04 -1.037932e-04 1.286769e+01 -1.125147e-04 1.000000e+00 9.432373e-05 -6.712008e-01 1.038297e-04 -9.431397e-05 9.999999e-01 3.231018e+00
9.999956e-01 3.212929e-04 2.935626e-03 1.343009e+01 -3.212510e-04 9.999999e-01 -1.482812e-05 -6.977374e-01 -2.935656e-03 1.388689e-05 9.999958e-01 3.208694e+00
9.999989e-01 2.157584e-04 -1.458094e-03 1.343699e+01 -2.163354e-04 9.999999e-01 -3.957800e-04 -7.034372e-01 1.458035e-03 3.960931e-04 9.999988e-01 3.398005e+00
9.999955e-01 3.654942e-04 2.983061e-03 1.349631e+01 -3.656421e-04 9.999999e-01 4.896142e-05 -7.115858e-01 -2.983069e-03 -5.004997e-05 9.999956e-01 3.562156e+00
9.999981e-01 2.629034e-04 -1.929619e-03 1.355558e+01 -2.635069e-04 9.999999e-01 -3.126718e-04 -7.227255e-01 1.929564e-03 3.131777e-04 9.999980e-01 3.860992e+00
9.999901e-01 -7.141534e-06 4.445254e-03 1.358194e+01 6.591011e-06 1.000000e+00 1.237946e-04 -7.212730e-01 -4.445282e-03 -1.237620e-04 9.999902e-01 3.749633e+00
9.999989e-01 2.115013e-04 -1.439716e-03 1.375076e+01 -2.118716e-04 9.999999e-01 -2.572933e-04 -7.249259e-01 1.439689e-03 2.575960e-04 9.999988e-01 3.613873e+00
9.999920e-01 2.432695e-04 3.987883e-03 1.408105e+01 -2.433118e-04 1.000000e+00 1.003944e-05 -7.435998e-01 -3.987908e-03 -1.100763e-05 9.999921e-01 3.701634e+00
9.999985e-01 2.406234e-04 -1.714789e-03 1.424117e+01 -2.411875e-04 9.999999e-01 -3.289654e-04 -7.538947e-01 1.714737e-03 3.293764e-04 9.999984e-01 3.795403e+00
9.999932e-01 1.641325e-04 3.672567e-03 1.432319e+01 -1.643981e-04 1.000000e+00 7.193678e-05 -7.599235e-01 -3.672583e-03 -7.253798e-05 9.999934e-01 3.882712e+00
9.999991e-01 1.627154e-04 -1.362976e-03 1.451330e+01 -1.631872e-04 9.999999e-01 -3.462750e-04 -7.700009e-01 1.362947e-03 3.464950e-04 9.999989e-01 3.941220e+00
9.999914e-01 7.621195e-05 4.142700e-03 1.473081e+01 -7.732819e-05 1.000000e+00 2.692117e-04 -7.774027e-01 -4.142708e-03 -2.695277e-04 9.999915e-01 3.842386e+00
9.999984e-01 1.915806e-04 -1.774863e-03 1.487382e+01 -1.923397e-04 9.999999e-01 -4.277326e-04 -7.811782e-01 1.774809e-03 4.280712e-04 9.999982e-01 3.755076e+00
9.999903e-01 1.023701e-04 4.411591e-03 1.491273e+01 -1.032913e-04 1.000000e+00 2.085104e-04 -7.792900e-01 -4.411599e-03 -2.089620e-04 9.999903e-01 3.607516e+00
9.999974e-01 3.206583e-04 -2.252532e-03 1.495741e+01 -3.220324e-04 9.999998e-01 -6.098359e-04 -7.827895e-01 2.252365e-03 6.105576e-04 9.999972e-01 3.660009e+00
9.999881e-01 4.630302e-05 4.875685e-03 1.504844e+01 -4.788194e-05 9.999999e-01 3.236479e-04 -7.846978e-01 -4.875699e-03 -3.238753e-04 9.999882e-01 3.568112e+00
9.999977e-01 2.943234e-04 -2.139754e-03 1.517444e+01 -2.954870e-04 9.999998e-01 -5.436699e-04 -7.877289e-01 2.139623e-03 5.442987e-04 9.999975e-01 3.460192e+00
9.999886e-01 6.932029e-05 4.775806e-03 1.544392e+01 -7.100302e-05 9.999999e-01 3.521015e-04 -7.999907e-01 -4.775811e-03 -3.524343e-04 9.999886e-01 3.451832e+00
9.999977e-01 2.670978e-04 -2.134153e-03 1.561000e+01 -2.684994e-04 9.999997e-01 -6.566408e-04 -8.077273e-01 2.134007e-03 6.572101e-04 9.999974e-01 3.458040e+00
9.999861e-01 4.203090e-05 5.280099e-03 1.605890e+01 -4.524362e-05 9.999998e-01 6.082708e-04 -8.273256e-01 -5.280102e-03 -6.084989e-04 9.999860e-01 3.396115e+00
9.999960e-01 2.686558e-04 -2.801563e-03 1.638894e+01 -2.706720e-04 9.999997e-01 -7.194261e-04 -8.422423e-01 2.801399e-03 7.201793e-04 9.999957e-01 3.386336e+00
9.999902e-01 7.134153e-05 4.428512e-03 1.647511e+01 -7.348445e-05 9.999999e-01 4.836464e-04 -8.490554e-01 -4.428507e-03 -4.839648e-04 9.999902e-01 3.495699e+00
9.999985e-01 2.377163e-04 -1.715521e-03 1.691646e+01 -2.384772e-04 9.999999e-01 -4.435825e-04 -8.679396e-01 1.715447e-03 4.439887e-04 9.999983e-01 3.427690e+00
9.999900e-01 1.359347e-04 4.470211e-03 1.742074e+01 -1.379017e-04 9.999999e-01 4.396495e-04 -8.916011e-01 -4.470182e-03 -4.402593e-04 9.999900e-01 3.414678e+00
9.999980e-01 2.069384e-04 -1.993643e-03 1.782239e+01 -2.079498e-04 9.999998e-01 -5.073506e-04 -9.106017e-01 1.993569e-03 5.077619e-04 9.999978e-01 3.416927e+00
9.999901e-01 1.674909e-04 4.441388e-03 1.827364e+01 -1.695429e-04 9.999999e-01 4.615602e-04 -9.335663e-01 -4.441342e-03 -4.623064e-04 9.999901e-01 3.454554e+00
9.999974e-01 3.016164e-04 -2.276170e-03 1.866479e+01 -3.028350e-04 9.999998e-01 -5.351914e-04 -9.546782e-01 2.276040e-03 5.358771e-04 9.999972e-01 3.541428e+00
9.999882e-01 2.683879e-05 4.853735e-03 1.908541e+01 -2.912723e-05 9.999999e-01 4.713295e-04 -9.754752e-01 -4.853754e-03 -4.714631e-04 9.999882e-01 3.548913e+00
9.999975e-01 3.595228e-04 -2.188132e-03 1.950939e+01 -3.607518e-04 9.999998e-01 -5.614694e-04 -9.971551e-01 2.187962e-03 5.622552e-04 9.999974e-01 3.570086e+00
9.999898e-01 3.125614e-05 4.527347e-03 1.981842e+01 -3.304160e-05 9.999999e-01 3.942109e-04 -1.013566e+00 -4.527367e-03 -3.943542e-04 9.999898e-01 3.619085e+00
9.999970e-01 2.151709e-04 -2.454107e-03 2.002680e+01 -2.163983e-04 9.999999e-01 -5.000297e-04 -1.022763e+00 2.454032e-03 5.005570e-04 9.999968e-01 3.624898e+00
9.999926e-01 1.196211e-04 3.854662e-03 2.002516e+01 -1.207234e-04 1.000000e+00 2.856335e-04 -1.023679e+00 -3.854660e-03 -2.860945e-04 9.999926e-01 3.690091e+00
9.999973e-01 2.443458e-04 -2.329584e-03 2.005178e+01 -2.456840e-04 9.999998e-01 -5.743535e-04 -1.027940e+00 2.329476e-03 5.749219e-04 9.999970e-01 3.807538e+00
9.999918e-01 7.395009e-05 4.042476e-03 2.014987e+01 -7.547804e-05 9.999999e-01 3.777220e-04 -1.033838e+00 -4.042480e-03 -3.780218e-04 9.999919e-01 3.861160e+00
9.999986e-01 1.076641e-04 -1.691999e-03 2.041765e+01 -1.083351e-04 9.999999e-01 -3.967268e-04 -1.044113e+00 1.691989e-03 3.969072e-04 9.999984e-01 3.799739e+00
9.999950e-01 3.671365e-04 3.141718e-03 2.066726e+01 -3.681162e-04 9.999999e-01 3.111289e-04 -1.061572e+00 -3.141637e-03 -3.122816e-04 9.999951e-01 4.004608e+00
9.999980e-01 4.015670e-04 -1.932950e-03 2.125778e+01 -4.020075e-04 9.999999e-01 -2.277137e-04 -1.104295e+00 1.932892e-03 2.284880e-04 9.999980e-01 4.627414e+00
9.999951e-01 6.452686e-04 3.056407e-03 2.166268e+01 -6.451023e-04 9.999998e-01 -5.553026e-05 -1.148834e+00 -3.056476e-03 5.356058e-05 9.999954e-01 5.559288e+00
9.999990e-01 3.477888e-04 -1.366447e-03 2.193342e+01 -3.481281e-04 9.999999e-01 -2.484445e-04 -1.177032e+00 1.366394e-03 2.489177e-04 9.999989e-01 6.077313e+00
9.999955e-01 2.846559e-04 3.003780e-03 2.251451e+01 -2.854143e-04 9.999999e-01 2.519164e-04 -1.214297e+00 -3.003742e-03 -2.527703e-04 9.999956e-01 6.429299e+00
9.999980e-01 5.451395e-04 -1.913525e-03 2.280440e+01 -5.459777e-04 9.999998e-01 -4.377836e-04 -1.244749e+00 1.913320e-03 4.388252e-04 9.999980e-01 7.043406e+00
9.999932e-01 -4.973362e-05 3.675415e-03 2.301148e+01 4.875655e-05 1.000000e+00 2.658132e-04 -1.259379e+00 -3.675463e-03 -2.656299e-04 9.999933e-01 7.210429e+00
9.999986e-01 4.199726e-04 -1.630991e-03 2.313542e+01 -4.209074e-04 9.999997e-01 -5.731269e-04 -1.265793e+00 1.630784e-03 5.738103e-04 9.999984e-01 7.234778e+00
9.999928e-01 -1.363363e-04 3.783204e-03 2.347155e+01 1.344488e-04 9.999999e-01 4.990316e-04 -1.281882e+00 -3.783306e-03 -4.985171e-04 9.999928e-01 7.250660e+00
9.999983e-01 6.000474e-04 -1.717145e-03 2.390424e+01 -6.011270e-04 9.999996e-01 -6.285314e-04 -1.304442e+00 1.716802e-03 6.295603e-04 9.999982e-01 7.300666e+00
9.999918e-01 -1.042975e-04 4.042807e-03 2.415552e+01 1.024681e-04 9.999999e-01 4.525853e-04 -1.314955e+00 -4.042889e-03 -4.521650e-04 9.999918e-01 7.261786e+00
9.999990e-01 2.138067e-04 -1.413047e-03 2.444192e+01 -2.140694e-04 1.000000e+00 -1.860797e-04 -1.314904e+00 1.413043e-03 1.863797e-04 9.999989e-01 6.808694e+00
9.999927e-01 4.134999e-05 3.828369e-03 2.487086e+01 -4.225408e-05 1.000000e+00 2.359605e-04 -1.333065e+00 -3.828395e-03 -2.361182e-04 9.999927e-01 6.748177e+00
9.999985e-01 4.326063e-04 -1.678936e-03 2.522648e+01 -4.331657e-04 9.999999e-01 -3.331523e-04 -1.352787e+00 1.678828e-03 3.338767e-04 9.999984e-01 6.839430e+00
9.999923e-01 -1.258295e-04 3.928238e-03 2.536576e+01 1.252744e-04 1.000000e+00 1.414339e-04 -1.357268e+00 -3.928292e-03 -1.409383e-04 9.999924e-01 6.763869e+00
9.999982e-01 3.574043e-04 -1.838707e-03 2.541317e+01 -3.579562e-04 9.999999e-01 -3.000583e-04 -1.354825e+00 1.838636e-03 3.007136e-04 9.999982e-01 6.599222e+00
9.999934e-01 -2.298970e-05 3.624750e-03 2.556030e+01 2.248264e-05 1.000000e+00 1.398029e-04 -1.361730e+00 -3.624789e-03 -1.397181e-04 9.999935e-01 6.626043e+00
9.999974e-01 4.295950e-04 -2.225922e-03 2.579180e+01 -4.301471e-04 9.999999e-01 -2.477511e-04 -1.377410e+00 2.225852e-03 2.487056e-04 9.999974e-01 6.812802e+00
9.999937e-01 1.568988e-04 3.558309e-03 2.603730e+01 -1.570556e-04 1.000000e+00 4.364818e-05 -1.398931e+00 -3.558339e-03 -4.420440e-05 9.999938e-01 7.176303e+00
9.999976e-01 2.498901e-04 -2.157776e-03 2.602230e+01 -2.507525e-04 9.999999e-01 -3.995925e-04 -1.400744e+00 2.157712e-03 4.001302e-04 9.999975e-01 7.267107e+00
9.999942e-01 1.519888e-04 3.395897e-03 2.589944e+01 -1.518697e-04 1.000000e+00 -3.546813e-05 -1.398157e+00 -3.395939e-03 3.495460e-05 9.999943e-01 7.377929e+00
9.999981e-01 1.838697e-04 -1.955871e-03 2.593460e+01 -1.842195e-04 1.000000e+00 -1.789117e-04 -1.400523e+00 1.955875e-03 1.792693e-04 9.999980e-01 7.414829e+00
9.999942e-01 1.845246e-04 3.401981e-03 2.600824e+01 -1.845130e-04 1.000000e+00 -3.868799e-06 -1.405814e+00 -3.402019e-03 3.243504e-06 9.999943e-01 7.474168e+00
9.999988e-01 2.927360e-04 -1.542428e-03 2.612416e+01 -2.931059e-04 9.999999e-01 -2.398841e-04 -1.414103e+00 1.542395e-03 2.403335e-04 9.999987e-01 7.562869e+00
9.999933e-01 1.502284e-04 3.661438e-03 2.629420e+01 -1.503054e-04 1.000000e+00 2.062712e-05 -1.423236e+00 -3.661473e-03 -2.117486e-05 9.999934e-01 7.628559e+00
9.999988e-01 2.789796e-04 -1.542186e-03 2.644471e+01 -2.793303e-04 9.999999e-01 -2.275023e-04 -1.430692e+00 1.542161e-03 2.279303e-04 9.999987e-01 7.637041e+00
9.999811e-01 2.209426e-04 6.139466e-03 2.592176e+01 -2.194317e-04 9.999999e-01 -2.468552e-04 -1.383190e+00 -6.139558e-03 2.455059e-04 9.999812e-01 6.576832e+00
9.999999e-01 4.280106e-04 4.091823e-06 2.517716e+01 -4.280105e-04 9.999999e-01 1.051873e-04 -1.321312e+00 -4.008062e-06 -1.051916e-04 9.999999e-01 5.111830e+00
9.999968e-01 -1.550396e-04 2.543300e-03 2.494291e+01 1.565690e-04 9.999998e-01 -6.013857e-04 -1.309510e+00 -2.543246e-03 6.017845e-04 9.999967e-01 5.001628e+00
9.999979e-01 9.759894e-04 -1.819853e-03 2.497127e+01 -9.755836e-04 9.999995e-01 2.235430e-04 -1.330096e+00 1.820109e-03 -2.217697e-04 9.999982e-01 5.687700e+00
9.999965e-01 -7.316260e-05 2.650001e-03 2.510487e+01 7.469786e-05 9.999998e-01 -5.794483e-04 -1.352447e+00 -2.649997e-03 5.796469e-04 9.999964e-01 6.245398e+00
9.999994e-01 5.324308e-04 -9.608335e-04 2.533134e+01 -5.320539e-04 9.999998e-01 3.918857e-04 -1.369409e+00 9.610813e-04 -3.913768e-04 9.999994e-01 6.444507e+00
9.999970e-01 -8.838276e-05 2.460348e-03 2.558770e+01 8.962564e-05 9.999999e-01 -5.052757e-04 -1.386177e+00 -2.460343e-03 5.054973e-04 9.999969e-01 6.585306e+00
9.999995e-01 4.263753e-04 -9.226393e-04 2.577784e+01 -4.259144e-04 9.999998e-01 4.990378e-04 -1.397443e+00 9.228914e-04 -4.986472e-04 9.999994e-01 6.664350e+00
9.999962e-01 -4.855431e-05 2.742136e-03 2.605950e+01 5.011323e-05 9.999998e-01 -5.686342e-04 -1.413998e+00 -2.742147e-03 5.687721e-04 9.999962e-01 6.758254e+00
9.999995e-01 6.872656e-04 -7.764922e-04 2.646290e+01 -6.868438e-04 9.999996e-01 5.427178e-04 -1.438884e+00 7.769048e-04 -5.421867e-04 9.999995e-01 6.941103e+00
9.999965e-01 -1.476000e-04 2.642087e-03 2.688790e+01 1.490349e-04 9.999998e-01 -5.431226e-04 -1.462910e+00 -2.642047e-03 5.435171e-04 9.999965e-01 7.073123e+00
9.999994e-01 5.892485e-04 -9.184548e-04 2.720303e+01 -5.888137e-04 9.999997e-01 4.729338e-04 -1.481470e+00 9.187735e-04 -4.723953e-04 9.999994e-01 7.200373e+00
9.999961e-01 -2.093184e-05 2.779306e-03 2.756160e+01 2.243206e-05 9.999999e-01 -5.399506e-04 -1.504890e+00 -2.779335e-03 5.400134e-04 9.999961e-01 7.411342e+00
9.999995e-01 5.459281e-04 -8.504660e-04 2.793993e+01 -5.455116e-04 9.999997e-01 4.891901e-04 -1.527611e+00 8.507735e-04 -4.887284e-04 9.999994e-01 7.560348e+00
9.999965e-01 -7.014462e-05 2.646290e-03 2.823783e+01 7.164354e-05 9.999998e-01 -5.665429e-04 -1.544567e+00 -2.646291e-03 5.667331e-04 9.999964e-01 7.667616e+00
9.999995e-01 3.689073e-04 -9.763973e-04 2.839499e+01 -3.684755e-04 9.999998e-01 4.417827e-04 -1.552347e+00 9.766010e-04 -4.414253e-04 9.999993e-01 7.719939e+00
9.999963e-01 4.866139e-05 2.719820e-03 2.860288e+01 -4.713358e-05 9.999998e-01 -5.619973e-04 -1.565599e+00 -2.719888e-03 5.618696e-04 9.999962e-01 7.826624e+00
9.999996e-01 5.700534e-04 -6.767031e-04 2.907406e+01 -5.696813e-04 9.999997e-01 5.491173e-04 -1.592341e+00 6.770572e-04 -5.487341e-04 9.999995e-01 7.948267e+00
9.999966e-01 3.992966e-05 2.607247e-03 2.949624e+01 -3.826596e-05 9.999998e-01 -6.383642e-04 -1.619539e+00 -2.607313e-03 6.382648e-04 9.999965e-01 8.148548e+00
9.999997e-01 6.751902e-04 -4.688088e-04 2.984905e+01 -6.749284e-04 9.999996e-01 5.570934e-04 -1.642919e+00 4.692264e-04 -5.567793e-04 9.999996e-01 8.335103e+00
9.999968e-01 -8.322003e-05 2.521383e-03 3.027106e+01 8.470508e-05 9.999998e-01 -5.891037e-04 -1.668606e+00 -2.521376e-03 5.893180e-04 9.999967e-01 8.501467e+00
9.999996e-01 5.532378e-04 -6.817316e-04 3.063672e+01 -5.529136e-04 9.999997e-01 4.748838e-04 -1.688161e+00 6.820361e-04 -4.745091e-04 9.999996e-01 8.587858e+00
9.999978e-01 1.185883e-04 2.089367e-03 3.087220e+01 -1.173455e-04 9.999998e-01 -5.952035e-04 -1.706956e+00 -2.089479e-03 5.949595e-04 9.999977e-01 8.832079e+00
9.999992e-01 5.855392e-04 -1.128277e-03 3.126065e+01 -5.849586e-04 9.999997e-01 5.144028e-04 -1.741550e+00 1.128620e-03 -5.137449e-04 9.999991e-01 9.438829e+00
9.999965e-01 1.309232e-04 2.648552e-03 3.146456e+01 -1.288262e-04 9.999997e-01 -7.921234e-04 -1.763660e+00 -2.648697e-03 7.917819e-04 9.999963e-01 9.865026e+00
9.999996e-01 5.423099e-04 -6.981562e-04 3.178735e+01 -5.418292e-04 9.999996e-01 6.876903e-04 -1.787987e+00 6.985714e-04 -6.873143e-04 9.999994e-01 1.016158e+01
9.999981e-01 1.493515e-04 1.962359e-03 3.212090e+01 -1.476376e-04 9.999996e-01 -8.738134e-04 -1.818664e+00 -1.962531e-03 8.735245e-04 9.999978e-01 1.069231e+01
9.999999e-01 4.429381e-04 2.270873e-04 3.251183e+01 -4.431091e-04 9.999996e-01 7.561589e-04 -1.845697e+00 -2.267095e-04 -7.562619e-04 9.999996e-01 1.098306e+01
9.999994e-01 2.016759e-04 1.071239e-03 3.268775e+01 -2.005653e-04 9.999994e-01 -1.037273e-03 -1.867622e+00 -1.071490e-03 1.037060e-03 9.999990e-01 1.146172e+01
9.999999e-01 4.381201e-04 1.148353e-04 3.275330e+01 -4.382028e-04 9.999996e-01 7.270118e-04 -1.887388e+00 -1.144737e-04 -7.270646e-04 9.999996e-01 1.205295e+01
9.999989e-01 2.099403e-04 1.492155e-03 3.285202e+01 -2.084778e-04 9.999995e-01 -9.806214e-04 -1.901939e+00 -1.492404e-03 9.803117e-04 9.999985e-01 1.238148e+01
9.999999e-01 2.954870e-04 2.828647e-04 3.298690e+01 -2.956865e-04 9.999997e-01 7.074844e-04 -1.917929e+00 -2.826122e-04 -7.075706e-04 9.999996e-01 1.273169e+01
9.999993e-01 3.809371e-04 1.156197e-03 3.307913e+01 -3.797769e-04 9.999994e-01 -1.004058e-03 -1.940030e+00 -1.156623e-03 1.003621e-03 9.999989e-01 1.339616e+01
9.999997e-01 2.809575e-04 6.732001e-04 3.334503e+01 -2.815559e-04 9.999996e-01 8.898656e-04 -1.965244e+00 -6.729062e-04 -8.900574e-04 9.999993e-01 1.384708e+01
9.999999e-01 2.688772e-04 2.845443e-04 3.345062e+01 -2.685223e-04 9.999992e-01 -1.248677e-03 -1.986668e+00 -2.849235e-04 1.248603e-03 9.999993e-01 1.444779e+01
9.999996e-01 5.894247e-04 7.285423e-04 3.340474e+01 -5.900030e-04 9.999995e-01 7.945684e-04 -2.008171e+00 -7.280298e-04 -7.950005e-04 9.999993e-01 1.530676e+01
9.999996e-01 2.949080e-05 8.540620e-04 3.359742e+01 -2.871537e-05 9.999996e-01 -9.086373e-04 -2.030357e+00 -8.541324e-04 9.086151e-04 9.999993e-01 1.578968e+01
9.999996e-01 4.037603e-04 8.333811e-04 3.392507e+01 -4.045446e-04 9.999995e-01 9.419370e-04 -2.049755e+00 -8.329563e-04 -9.422764e-04 9.999991e-01 1.594835e+01
9.999998e-01 -5.450880e-05 5.941549e-04 3.415435e+01 5.507496e-05 9.999995e-01 -9.539291e-04 -2.064348e+00 -5.941469e-04 9.539643e-04 9.999995e-01 1.610151e+01
9.999997e-01 4.482039e-04 6.859055e-04 3.435033e+01 -4.488404e-04 9.999995e-01 9.290619e-04 -2.079071e+00 -6.854444e-04 -9.293720e-04 9.999992e-01 1.628891e+01
9.999996e-01 -2.436588e-04 8.421818e-04 3.471558e+01 2.443453e-04 9.999996e-01 -8.158933e-04 -2.096577e+00 -8.420272e-04 8.161013e-04 9.999994e-01 1.635479e+01
9.999997e-01 7.210404e-04 -3.555477e-04 3.470694e+01 -7.208862e-04 9.999996e-01 4.319008e-04 -2.106357e+00 3.559035e-04 -4.316469e-04 9.999997e-01 1.670725e+01
9.999992e-01 -1.463626e-04 1.249864e-03 3.464046e+01 1.473305e-04 9.999997e-01 -7.748427e-04 -2.116145e+00 -1.249795e-03 7.750288e-04 9.999990e-01 1.713729e+01
