9.999988e-01 -1.416096e-03 -6.405271e-04 3.780008e-02 1.415060e-03 9.999977e-01 -1.614587e-03 -2.372272e-04 6.428121e-04 1.613678e-03 9.999986e-01 1.425356e-02
9.999999e-01 -5.421911e-05 4.323616e-04 7.358264e-02 5.420733e-05 1.000000e+00 2.731086e-05 -1.316665e-04 -4.323631e-04 -2.728726e-05 9.999998e-01 2.909021e-02
9.999989e-01 -1.101642e-03 -9.915316e-04 1.049105e-01 1.100047e-03 9.999981e-01 -1.607769e-03 -4.368281e-04 9.933010e-04 1.606676e-03 9.999983e-01 4.691859e-02
1.000000e+00 2.386249e-04 1.476396e-04 1.344263e-01 -2.386473e-04 1.000000e+00 1.517617e-04 -1.032262e-03 -1.476036e-04 -1.517971e-04 9.999999e-01 6.442552e-02
9.999987e-01 -1.066212e-03 -1.184638e-03 1.620898e-01 1.064128e-03 9.999979e-01 -1.758810e-03 -1.649564e-03 1.186512e-03 1.757548e-03 9.999979e-01 8.206053e-02
9.999997e-01 4.177695e-04 -6.749757e-04 1.612509e-01 -4.177046e-04 9.999999e-01 9.623407e-05 -1.419386e-03 6.750153e-04 -9.595257e-05 9.999997e-01 1.264973e-01
9.999991e-01 -8.831355e-04 -1.027027e-03 1.644213e-01 8.814331e-04 9.999982e-01 -1.656911e-03 -1.476262e-03 1.028489e-03 1.656004e-03 9.999982e-01 1.654577e-01
1.000000e+00 9.262900e-05 -9.987859e-05 1.907291e-01 -9.262636e-05 1.000000e+00 2.624111e-05 -1.993213e-03 9.988027e-05 -2.623265e-05 9.999999e-01 1.863909e-01
9.999991e-01 -8.772681e-04 -9.673515e-04 2.177681e-01 8.756554e-04 9.999982e-01 -1.666263e-03 -2.481506e-03 9.688124e-04 1.665415e-03 9.999982e-01 2.069194e-01
1.000000e+00 7.420291e-05 1.244760e-06 2.418449e-01 -7.420265e-05 1.000000e+00 -1.932446e-04 -3.135184e-03 -1.260055e-06 1.932434e-04 9.999999e-01 2.298689e-01
9.999989e-01 -6.868959e-04 -1.285512e-03 2.666829e-01 6.839062e-04 9.999971e-01 -2.324703e-03 -4.026077e-03 1.287106e-03 2.323823e-03 9.999966e-01 2.602110e-01
1.000000e+00 -6.568367e-05 2.794987e-04 2.910097e-01 6.589408e-05 9.999997e-01 -7.528456e-04 -3.705413e-03 -2.794503e-04 7.528623e-04 9.999996e-01 2.839775e-01
9.999991e-01 -8.196204e-04 -1.030241e-03 3.186094e-01 8.185824e-04 9.999992e-01 -1.007535e-03 -4.326735e-03 1.031067e-03 1.006692e-03 9.999991e-01 3.044984e-01
1.000000e+00 5.055369e-05 5.406106e-05 3.450410e-01 -5.050966e-05 9.999997e-01 -8.140470e-04 -5.135576e-03 -5.410355e-05 8.140422e-04 9.999996e-01 3.251920e-01
9.999992e-01 -7.926998e-04 -1.015417e-03 3.704601e-01 7.917558e-04 9.999993e-01 -9.296698e-04 -5.885882e-03 1.016155e-03 9.288673e-04 9.999992e-01 3.453479e-01
1.000000e+00 -2.186072e-05 9.317565e-05 3.986751e-01 2.193434e-05 9.999997e-01 -7.901319e-04 -6.325327e-03 -9.315990e-05 7.901315e-04 9.999996e-01 3.662187e-01
9.999991e-01 -7.552590e-04 -1.081598e-03 4.263769e-01 7.542332e-04 9.999993e-01 -9.485164e-04 -7.052776e-03 1.082316e-03 9.477024e-04 9.999991e-01 3.863264e-01
1.000000e+00 -5.984708e-05 9.115200e-05 4.573463e-01 5.991281e-05 9.999997e-01 -7.213909e-04 -7.561053e-03 -9.111055e-05 7.213937e-04 9.999996e-01 4.073967e-01
9.999983e-01 -4.480584e-04 -1.813579e-03 4.810026e-01 4.432751e-04 9.999964e-01 -2.637023e-03 -8.526777e-03 1.814756e-03 2.636218e-03 9.999950e-01 4.371878e-01
9.999998e-01 6.916606e-05 -5.497364e-04 4.983948e-01 -7.038248e-05 9.999975e-01 -2.212994e-03 -8.643817e-03 5.495798e-04 2.213029e-03 9.999973e-01 4.690430e-01
9.999995e-01 -6.533010e-04 -7.482053e-04 5.253727e-01 6.533745e-04 9.999998e-01 9.784040e-05 -7.908605e-03 7.481435e-04 -9.832545e-05 9.999998e-01 4.947088e-01
1.000000e+00 7.070977e-05 -9.338495e-05 5.522121e-01 -7.087536e-05 9.999984e-01 -1.774088e-03 -8.572433e-03 9.325698e-05 1.774090e-03 9.999983e-01 5.152759e-01
9.999986e-01 -3.730142e-04 -1.653644e-03 5.754136e-01 3.722955e-04 9.999998e-01 -4.349262e-04 -1.019556e-02 1.653808e-03 4.343141e-04 9.999986e-01 5.374271e-01
1.000000e+00 -2.000855e-04 -1.736119e-04 5.921336e-01 1.992776e-04 9.999892e-01 -4.640938e-03 -1.000053e-02 1.745358e-04 4.640899e-03 9.999891e-01 5.593969e-01
9.999995e-01 1.384345e-04 -9.476042e-04 6.136950e-01 -1.366009e-04 9.999981e-01 1.934740e-03 -1.126900e-02 9.478731e-04 -1.934605e-03 9.999978e-01 5.799103e-01
9.999998e-01 -6.754705e-04 -1.905863e-04 6.372218e-01 6.748579e-04 9.999947e-01 -3.196414e-03 -1.217951e-02 1.927414e-04 3.196280e-03 9.999948e-01 5.931422e-01
9.999996e-01 3.441568e-04 -7.995467e-04 6.617980e-01 -3.427393e-04 9.999984e-01 1.772259e-03 -1.425324e-02 8.001584e-04 -1.771979e-03 9.999982e-01 6.104699e-01
9.999996e-01 -9.205569e-04 -8.481799e-05 6.948254e-01 9.202921e-04 9.999949e-01 -3.070702e-03 -1.576385e-02 8.764115e-05 3.070617e-03 9.999952e-01 6.228676e-01
9.999994e-01 3.050232e-04 -1.059210e-03 7.181260e-01 -3.030734e-04 9.999983e-01 1.840436e-03 -1.646603e-02 1.059773e-03 -1.840108e-03 9.999978e-01 6.345570e-01
9.999986e-01 -1.477159e-03 7.238870e-04 7.505063e-01 1.479438e-03 9.999939e-01 -3.158260e-03 -1.708582e-02 -7.192206e-04 3.159321e-03 9.999947e-01 6.408665e-01
9.999992e-01 3.742237e-04 -1.192856e-03 7.784846e-01 -3.729166e-04 9.999993e-01 1.095756e-03 -1.782897e-02 1.193269e-03 -1.095304e-03 9.999988e-01 6.480017e-01
9.999992e-01 -1.246904e-03 -1.225130e-04 8.148431e-01 1.246604e-03 9.999963e-01 -2.424363e-03 -1.865337e-02 1.255320e-04 2.424203e-03 9.999970e-01 6.618238e-01
9.999997e-01 5.256015e-04 -5.155110e-04 8.347283e-01 -5.257704e-04 9.999998e-01 -3.277254e-04 -1.874529e-02 5.153422e-04 3.280026e-04 9.999999e-01 6.701379e-01
9.999988e-01 -1.480580e-03 -4.486302e-04 8.610343e-01 1.480208e-03 9.999986e-01 -8.294900e-04 -1.935992e-02 4.498540e-04 8.288187e-04 9.999995e-01 6.785647e-01
9.999999e-01 3.757915e-04 -1.458410e-04 8.810604e-01 -3.760174e-04 9.999987e-01 -1.552897e-03 -1.951333e-02 1.452610e-04 1.552959e-03 9.999989e-01 6.889979e-01
9.999987e-01 -1.553943e-03 -3.376338e-04 9.053989e-01 1.553950e-03 9.999988e-01 1.853184e-05 -1.966387e-02 3.376009e-04 -1.906317e-05 9.999998e-01 7.078006e-01
9.999999e-01 4.198381e-04 -1.091134e-04 9.251178e-01 -4.200708e-04 9.999976e-01 -2.142287e-03 -1.999683e-02 1.082176e-04 2.142339e-03 9.999978e-01 7.265776e-01
9.999990e-01 -1.314020e-03 -5.058011e-04 9.478539e-01 1.314477e-03 9.999987e-01 9.049945e-04 -2.043061e-02 5.046074e-04 -9.056655e-04 9.999994e-01 7.447358e-01
9.999953e-01 1.448184e-03 -2.712364e-03 9.549300e-01 -1.470578e-03 9.999647e-01 -8.272789e-03 -2.291734e-02 2.700292e-03 8.276746e-03 9.999622e-01 7.989969e-01
9.999982e-01 -1.678934e-03 8.614505e-04 9.592540e-01 1.676195e-03 9.999936e-01 3.170505e-03 -1.917420e-02 -8.667724e-04 -3.169063e-03 9.999945e-01 8.258367e-01
9.999983e-01 1.193354e-03 -1.432731e-03 9.874581e-01 -1.199842e-03 9.999890e-01 -4.536224e-03 -2.156212e-02 1.427307e-03 4.537944e-03 9.999888e-01 8.522560e-01
9.999986e-01 -1.625926e-03 2.702307e-04 1.004434e+00 1.625089e-03 9.999940e-01 3.068828e-03 -2.332911e-02 -2.752233e-04 -3.068394e-03 9.999952e-01 8.671205e-01
9.999996e-01 3.583091e-04 -7.738049e-04 1.026259e+00 -3.626591e-04 9.999841e-01 -5.628939e-03 -2.354300e-02 7.717803e-04 5.629227e-03 9.999840e-01 8.852453e-01
9.999996e-01 -8.253853e-04 -3.346142e-04 1.038053e+00 8.261990e-04 9.999967e-01 2.439502e-03 -2.382470e-02 3.325949e-04 -2.439787e-03 9.999969e-01 9.154545e-01
9.999999e-01 -4.342297e-05 -4.156710e-04 1.064160e+00 4.149945e-05 9.999893e-01 -4.626847e-03 -2.276534e-02 4.158722e-04 4.626838e-03 9.999893e-01 9.308066e-01
9.999994e-01 -1.063648e-03 -6.796474e-06 1.090541e+00 1.063661e-03 9.999963e-01 2.501152e-03 -2.273664e-02 4.131246e-06 -2.501168e-03 9.999968e-01 9.453046e-01
9.999999e-01 -6.889631e-05 -5.011922e-04 1.116816e+00 6.694561e-05 9.999924e-01 -3.891510e-03 -2.336471e-02 5.014614e-04 3.891486e-03 9.999924e-01 9.601485e-01
9.999999e-01 -3.485026e-04 -2.046848e-04 1.143415e+00 3.490026e-04 9.999969e-01 2.449004e-03 -2.586012e-02 2.038257e-04 -2.449085e-03 9.999969e-01 9.852092e-01
9.999986e-01 -8.505051e-05 -1.688742e-03 1.147449e+00 7.830244e-05 9.999920e-01 -3.995715e-03 -2.590860e-02 1.689074e-03 3.995587e-03 9.999907e-01 9.947710e-01
9.999998e-01 -3.501857e-04 5.908669e-04 1.170216e+00 3.485985e-04 9.999963e-01 2.683785e-03 -2.775199e-02 -5.918099e-04 -2.683588e-03 9.999961e-01 1.006790e+00
9.999988e-01 -3.889957e-04 -1.475521e-03 1.195529e+00 3.824746e-04 9.999902e-01 -4.417432e-03 -2.918409e-02 1.477230e-03 4.416873e-03 9.999893e-01 1.017561e+00
9.999999e-01 -1.846645e-04 4.397335e-04 1.224948e+00 1.833476e-04 9.999955e-01 2.992240e-03 -3.080518e-02 -4.402896e-04 -2.992170e-03 9.999953e-01 1.033983e+00
9.999992e-01 -5.578321e-04 -1.091177e-03 1.244509e+00 5.522476e-04 9.999868e-01 -5.111729e-03 -3.187674e-02 1.094020e-03 5.111133e-03 9.999864e-01 1.042807e+00
1.000000e+00 -3.529132e-05 -9.224861e-05 1.268544e+00 3.560548e-05 9.999942e-01 3.411099e-03 -3.329885e-02 9.212202e-05 -3.411113e-03 9.999941e-01 1.060830e+00
9.999996e-01 -4.859834e-04 -7.572826e-04 1.293006e+00 4.815395e-04 9.999827e-01 -5.857748e-03 -3.467319e-02 7.601221e-04 5.857392e-03 9.999827e-01 1.092192e+00
1.000000e+00 1.270646e-04 -1.518908e-04 1.314677e+00 -1.267168e-04 9.999974e-01 2.289231e-03 -3.425263e-02 1.521755e-04 -2.289223e-03 9.999973e-01 1.128300e+00
9.999994e-01 -7.340982e-04 -8.336832e-04 1.340837e+00 7.304300e-04 9.999901e-01 -4.392199e-03 -3.380585e-02 8.369052e-04 4.391599e-03 9.999901e-01 1.148288e+00
1.000000e+00 1.036593e-04 -7.754109e-05 1.362411e+00 -1.034375e-04 9.999959e-01 2.859359e-03 -3.469840e-02 7.783113e-05 -2.859362e-03 9.999958e-01 1.167447e+00
9.999993e-01 -9.617331e-04 -7.158336e-04 1.385423e+00 9.586854e-04 9.999905e-01 -4.246190e-03 -3.544361e-02 7.199167e-04 4.245513e-03 9.999908e-01 1.184334e+00
1.000000e+00 1.852929e-04 -1.057903e-04 1.408598e+00 -1.850018e-04 9.999962e-01 2.748354e-03 -3.651539e-02 1.062929e-04 -2.748346e-03 9.999961e-01 1.200407e+00
9.999993e-01 -9.083033e-04 -7.854386e-04 1.430999e+00 9.048892e-04 9.999902e-01 -4.336650e-03 -3.767299e-02 7.893762e-04 4.335948e-03 9.999904e-01 1.215778e+00
9.999999e-01 2.502641e-04 -4.669598e-04 1.453122e+00 -2.490169e-04 9.999964e-01 2.669849e-03 -3.910162e-02 4.676199e-04 -2.669745e-03 9.999962e-01 1.228434e+00
9.999992e-01 -9.106681e-04 -8.454045e-04 1.477410e+00 9.071159e-04 9.999908e-01 -4.193201e-03 -4.020852e-02 8.492219e-04 4.192443e-03 9.999910e-01 1.241047e+00
1.000000e+00 1.572067e-04 1.109554e-04 1.505264e+00 -1.574674e-04 9.999972e-01 2.349456e-03 -4.116378e-02 -1.105924e-04 -2.349486e-03 9.999971e-01 1.268085e+00
9.999992e-01 -9.188743e-04 -9.124484e-04 1.532221e+00 9.150658e-04 9.999909e-01 -4.166014e-03 -4.206867e-02 9.162748e-04 4.165189e-03 9.999910e-01 1.288053e+00
1.000000e+00 1.681238e-04 -1.210218e-04 1.559576e+00 -1.678407e-04 9.999973e-01 2.338697e-03 -4.224844e-02 1.214078e-04 -2.338690e-03 9.999972e-01 1.311410e+00
9.999989e-01 -1.102808e-03 -9.939427e-04 1.577144e+00 1.096811e-03 9.999813e-01 -6.014624e-03 -4.202769e-02 1.000564e-03 6.013541e-03 9.999815e-01 1.344929e+00
9.999999e-01 -4.704353e-06 -5.200394e-04 1.589826e+00 5.812288e-06 9.999977e-01 2.131422e-03 -4.106001e-02 5.200211e-04 -2.131438e-03 9.999975e-01 1.376611e+00
9.999990e-01 -1.019249e-03 -9.908729e-04 1.600320e+00 1.013312e-03 9.999816e-01 -5.974528e-03 -4.064189e-02 9.969515e-04 5.973532e-03 9.999818e-01 1.407802e+00
9.999998e-01 1.092389e-04 -5.917463e-04 1.603215e+00 -1.082676e-04 9.999986e-01 1.642218e-03 -4.039596e-02 5.919175e-04 -1.642168e-03 9.999984e-01 1.447851e+00
9.999990e-01 -7.787841e-04 -1.141031e-03 1.611488e+00 7.730300e-04 9.999870e-01 -5.035117e-03 -3.951097e-02 1.144945e-03 5.034245e-03 9.999868e-01 1.487694e+00
9.999999e-01 4.881171e-05 -5.089144e-04 1.619143e+00 -4.789700e-05 9.999984e-01 1.798368e-03 -3.913818e-02 5.089936e-04 -1.798359e-03 9.999982e-01 1.527755e+00
9.999990e-01 -7.178471e-04 -1.221600e-03 1.625832e+00 7.117675e-04 9.999874e-01 -4.970468e-03 -3.876208e-02 1.225160e-03 4.969609e-03 9.999870e-01 1.567229e+00
9.999998e-01 -1.789649e-04 -5.627067e-04 1.628268e+00 1.795703e-04 9.999994e-01 1.077214e-03 -3.798240e-02 5.625054e-04 -1.077331e-03 9.999992e-01 1.607058e+00
9.999993e-01 -2.132807e-04 -1.182298e-03 1.641526e+00 2.088081e-04 9.999928e-01 -3.782292e-03 -3.880876e-02 1.183105e-03 3.782058e-03 9.999922e-01 1.653280e+00
9.999960e-01 6.210985e-04 -2.757941e-03 1.635036e+00 -6.264693e-04 9.999979e-01 -1.946700e-03 -3.997412e-02 2.756718e-03 1.948403e-03 9.999942e-01 1.706978e+00
9.999992e-01 -1.313024e-04 -1.291912e-03 1.628013e+00 1.231190e-04 9.999799e-01 -6.332947e-03 -3.816624e-02 1.292726e-03 6.332800e-03 9.999792e-01 1.750825e+00
9.999991e-01 -1.636643e-04 -1.310433e-03 1.632130e+00 1.659047e-04 9.999985e-01 1.710354e-03 -3.533553e-02 1.310142e-03 -1.710588e-03 9.999976e-01 1.789823e+00
9.999998e-01 -4.642827e-04 -3.452474e-04 1.640703e+00 4.625610e-04 9.999875e-01 -4.972872e-03 -3.524647e-02 3.475614e-04 4.972729e-03 9.999877e-01 1.827288e+00
9.999992e-01 -1.601588e-04 -1.240006e-03 1.653859e+00 1.634365e-04 9.999965e-01 2.644342e-03 -3.484746e-02 1.239568e-03 -2.644561e-03 9.999956e-01 1.861971e+00
1.000000e+00 -3.134167e-04 2.837737e-05 1.666647e+00 3.135321e-04 9.999914e-01 -4.128002e-03 -3.570834e-02 -2.707354e-05 4.128029e-03 9.999916e-01 1.888524e+00
9.999990e-01 -1.339011e-04 -1.421282e-03 1.686663e+00 1.374604e-04 9.999969e-01 2.505093e-03 -3.678869e-02 1.420932e-03 -2.505305e-03 9.999958e-01 1.908088e+00
9.999999e-01 -4.533653e-04 1.610298e-04 1.707235e+00 4.540309e-04 9.999913e-01 -4.152083e-03 -3.774443e-02 -1.591359e-04 4.152175e-03 9.999915e-01 1.924911e+00
9.999990e-01 -1.443429e-04 -1.379324e-03 1.727345e+00 1.477581e-04 9.999969e-01 2.476964e-03 -3.913383e-02 1.378952e-03 -2.477185e-03 9.999959e-01 1.938868e+00
9.999998e-01 -5.646025e-04 2.321460e-04 1.751010e+00 5.655765e-04 9.999910e-01 -4.212751e-03 -4.006702e-02 -2.297551e-04 4.212901e-03 9.999912e-01 1.955480e+00
9.999993e-01 6.619575e-05 -1.221322e-03 1.779746e+00 -6.280699e-05 9.999961e-01 2.775324e-03 -4.164095e-02 1.221491e-03 -2.775265e-03 9.999953e-01 1.983013e+00
9.999998e-01 -6.781442e-04 1.420191e-05 1.794124e+00 6.782079e-04 9.999872e-01 -5.023254e-03 -4.159108e-02 -1.078469e-05 5.023282e-03 9.999875e-01 2.014181e+00
9.999994e-01 -5.147732e-05 -1.080475e-03 1.810882e+00 5.485950e-05 9.999951e-01 3.131458e-03 -4.155190e-02 1.080298e-03 -3.131535e-03 9.999944e-01 2.042917e+00
9.999998e-01 -5.698458e-04 4.301596e-05 1.824852e+00 5.700723e-04 9.999850e-01 -5.439305e-03 -4.168300e-02 -3.990499e-05 5.439349e-03 9.999853e-01 2.073570e+00
9.999993e-01 1.340915e-04 -1.182709e-03 1.841268e+00 -1.294794e-04 9.999924e-01 3.899736e-03 -4.194681e-02 1.183212e-03 -3.899601e-03 9.999916e-01 2.103080e+00
9.999997e-01 -7.478350e-04 2.475921e-04 1.860201e+00 7.491574e-04 9.999852e-01 -5.380409e-03 -4.207610e-02 -2.435538e-04 5.380614e-03 9.999856e-01 2.128801e+00
9.999993e-01 7.485934e-05 -1.219464e-03 1.879213e+00 -7.027621e-05 9.999929e-01 3.758857e-03 -4.226333e-02 1.219725e-03 -3.758789e-03 9.999921e-01 2.152022e+00
9.999997e-01 -7.028033e-04 2.455548e-04 1.896168e+00 7.040683e-04 9.999863e-01 -5.185713e-03 -4.258737e-02 -2.418957e-04 5.185905e-03 9.999866e-01 2.175678e+00
9.999992e-01 1.543959e-04 -1.246285e-03 1.912896e+00 -1.498929e-04 9.999935e-01 3.613388e-03 -4.345167e-02 1.246824e-03 -3.613219e-03 9.999926e-01 2.195789e+00
9.999998e-01 -6.500037e-04 -3.936191e-05 1.934428e+00 6.497893e-04 9.999860e-01 -5.249223e-03 -4.444704e-02 4.278480e-05 5.249217e-03 9.999863e-01 2.211077e+00
9.999991e-01 1.759590e-04 -1.292548e-03 1.954726e+00 -1.712856e-04 9.999934e-01 3.615799e-03 -4.562979e-02 1.293164e-03 -3.615595e-03 9.999925e-01 2.226836e+00
9.999997e-01 -8.136749e-04 -1.765610e-04 1.977443e+00 8.127493e-04 9.999862e-01 -5.187637e-03 -4.591128e-02 1.807913e-04 5.187513e-03 9.999866e-01 2.253796e+00
9.999995e-01 4.514742e-05 -1.025637e-03 1.989429e+00 -4.231040e-05 9.999962e-01 2.767207e-03 -4.545195e-02 1.025746e-03 -2.767184e-03 9.999955e-01 2.287883e+00
9.999998e-01 -5.863266e-04 -1.180480e-04 2.001486e+00 5.857886e-04 9.999896e-01 -4.517344e-03 -4.604516e-02 1.207073e-04 4.517295e-03 9.999899e-01 2.314149e+00
9.999995e-01 -1.571864e-05 -9.837437e-04 2.023607e+00 1.845457e-05 9.999961e-01 2.782537e-03 -4.708463e-02 9.836841e-04 -2.782575e-03 9.999955e-01 2.330498e+00
9.999995e-01 -9.776328e-04 3.549907e-04 2.051090e+00 9.791567e-04 9.999902e-01 -4.314728e-03 -4.784165e-02 -3.507569e-04 4.315095e-03 9.999907e-01 2.343292e+00
9.999994e-01 1.086835e-04 -1.090541e-03 2.074104e+00 -1.057918e-04 9.999965e-01 2.652603e-03 -4.865516e-02 1.090813e-03 -2.652508e-03 9.999958e-01 2.359931e+00
9.999993e-01 -1.116559e-03 2.380382e-04 2.098068e+00 1.117590e-03 9.999898e-01 -4.372788e-03 -4.908402e-02 -2.331410e-04 4.373074e-03 9.999905e-01 2.377063e+00
9.999993e-01 -9.624032e-05 -1.193308e-03 2.123254e+00 9.978942e-05 9.999956e-01 2.975642e-03 -4.890826e-02 1.193004e-03 -2.975782e-03 9.999948e-01 2.402917e+00
9.999992e-01 -1.076856e-03 7.284422e-04 2.144134e+00 1.079923e-03 9.999905e-01 -4.221109e-03 -4.846523e-02 -7.238773e-04 4.221915e-03 9.999909e-01 2.433218e+00
9.999986e-01 7.406200e-05 -1.673839e-03 2.164378e+00 -6.927297e-05 9.999959e-01 2.861832e-03 -4.862146e-02 1.674032e-03 -2.861735e-03 9.999944e-01 2.453514e+00
9.999988e-01 -9.232688e-04 1.234536e-03 2.187140e+00 9.288744e-04 9.999892e-01 -4.546685e-03 -4.989040e-02 -1.230313e-03 4.547849e-03 9.999890e-01 2.468870e+00
9.999977e-01 -2.192738e-04 -2.153082e-03 2.214880e+00 2.259003e-04 9.999952e-01 3.078571e-03 -5.022577e-02 2.152384e-03 -3.079073e-03 9.999928e-01 2.478321e+00
9.999981e-01 -8.695079e-04 1.748973e-03 2.241252e+00 8.773824e-04 9.999895e-01 -4.505802e-03 -5.096245e-02 -1.745024e-03 4.507351e-03 9.999884e-01 2.489581e+00
9.999970e-01 -3.258234e-04 -2.428967e-03 2.264682e+00 3.329616e-04 9.999956e-01 2.939602e-03 -5.152148e-02 2.427985e-03 -2.940425e-03 9.999926e-01 2.501467e+00
9.999977e-01 -4.187503e-04 2.095209e-03 2.286841e+00 4.281737e-04 9.999898e-01 -4.498425e-03 -5.292691e-02 -2.093291e-03 4.499336e-03 9.999878e-01 2.519483e+00
9.999957e-01 -6.233473e-04 -2.858393e-03 2.312732e+00 6.314990e-04 9.999957e-01 2.852354e-03 -5.377722e-02 2.856589e-03 -2.854170e-03 9.999917e-01 2.529288e+00
9.999966e-01 -4.351997e-04 2.561760e-03 2.335833e+00 4.467082e-04 9.999898e-01 -4.492934e-03 -5.500396e-02 -2.559765e-03 4.494086e-03 9.999867e-01 2.536725e+00
9.999935e-01 -3.982344e-04 -3.586565e-03 2.359990e+00 4.086695e-04 9.999957e-01 2.909656e-03 -5.615929e-02 3.585378e-03 -2.911126e-03 9.999892e-01 2.550395e+00
9.999963e-01 -3.842229e-04 2.680600e-03 2.385283e+00 3.963049e-04 9.999898e-01 -4.507549e-03 -5.708266e-02 -2.678828e-03 4.508618e-03 9.999863e-01 2.563575e+00
9.999955e-01 -3.968180e-04 -2.962852e-03 2.408907e+00 4.053230e-04 9.999958e-01 2.871048e-03 -5.850200e-02 2.961687e-03 -2.872260e-03 9.999914e-01 2.579017e+00
9.999974e-01 -3.951929e-04 2.246634e-03 2.433702e+00 4.050075e-04 9.999904e-01 -4.369097e-03 -5.946477e-02 -2.244873e-03 4.370020e-03 9.999880e-01 2.592666e+00
9.999957e-01 -5.498552e-04 -2.871441e-03 2.459810e+00 5.579810e-04 9.999958e-01 2.830398e-03 -6.026554e-02 2.869859e-03 -2.832013e-03 9.999918e-01 2.604370e+00
9.999969e-01 -3.880292e-04 2.454422e-03 2.487364e+00 3.988067e-04 9.999903e-01 -4.391414e-03 -6.133626e-02 -2.452681e-03 4.392404e-03 9.999874e-01 2.619060e+00
9.999961e-01 -5.895219e-04 -2.732515e-03 2.515129e+00 5.970783e-04 9.999960e-01 2.765987e-03 -6.242628e-02 2.730860e-03 -2.767632e-03 9.999923e-01 2.631704e+00
9.999973e-01 -3.126277e-04 2.289850e-03 2.543748e+00 3.227557e-04 9.999902e-01 -4.423221e-03 -6.390178e-02 -2.288431e-03 4.423973e-03 9.999877e-01 2.644152e+00
9.999959e-01 -4.306878e-04 -2.817612e-03 2.567406e+00 4.384309e-04 9.999961e-01 2.748682e-03 -6.506754e-02 2.816403e-03 -2.749931e-03 9.999922e-01 2.658365e+00
9.999987e-01 -2.789737e-04 1.601156e-03 2.589155e+00 2.861064e-04 9.999900e-01 -4.455156e-03 -6.623382e-02 -1.599884e-03 4.455633e-03 9.999889e-01 2.672139e+00
9.999964e-01 -3.711975e-04 -2.670330e-03 2.610867e+00 3.785479e-04 9.999961e-01 2.753326e-03 -6.742077e-02 2.669284e-03 -2.754352e-03 9.999925e-01 2.683995e+00
9.999986e-01 -3.750318e-04 1.617490e-03 2.634537e+00 3.822644e-04 9.999899e-01 -4.472413e-03 -6.840688e-02 -1.615782e-03 4.473051e-03 9.999888e-01 2.695047e+00
9.999959e-01 -3.083184e-04 -2.857284e-03 2.655620e+00 3.167303e-04 9.999956e-01 2.944679e-03 -6.883109e-02 2.856350e-03 -2.945598e-03 9.999915e-01 2.716878e+00
9.999985e-01 -3.638841e-04 1.722210e-03 2.670482e+00 3.721754e-04 9.999883e-01 -4.815424e-03 -6.855142e-02 -1.720424e-03 4.816083e-03 9.999870e-01 2.746891e+00
9.999962e-01 -4.245130e-04 -2.713193e-03 2.684598e+00 4.308965e-04 9.999971e-01 2.353273e-03 -6.826815e-02 2.712172e-03 -2.354459e-03 9.999935e-01 2.776237e+00
9.999986e-01 -5.063987e-04 1.584796e-03 2.697669e+00 5.144400e-04 9.999870e-01 -5.076509e-03 -6.794485e-02 -1.582190e-03 5.077344e-03 9.999860e-01 2.806539e+00
9.999971e-01 -4.872657e-04 -2.347805e-03 2.715103e+00 4.941196e-04 9.999956e-01 2.920414e-03 -6.797069e-02 2.346357e-03 -2.921592e-03 9.999929e-01 2.827931e+00
9.999988e-01 -3.050716e-04 1.496171e-03 2.737795e+00 3.114542e-04 9.999909e-01 -4.266244e-03 -6.900286e-02 -1.494841e-03 4.266732e-03 9.999899e-01 2.841497e+00
9.999961e-01 -3.809901e-04 -2.750913e-03 2.759660e+00 3.883194e-04 9.999964e-01 2.665012e-03 -7.044169e-02 2.749872e-03 -2.666097e-03 9.999926e-01 2.850837e+00
9.999986e-01 -2.699812e-04 1.647444e-03 2.782153e+00 2.769503e-04 9.999910e-01 -4.230248e-03 -7.177118e-02 -1.646272e-03 4.230726e-03 9.999898e-01 2.862118e+00
9.999959e-01 -4.720854e-04 -2.810666e-03 2.806863e+00 4.798408e-04 9.999961e-01 2.759972e-03 -7.282413e-02 2.809337e-03 -2.761336e-03 9.999921e-01 2.873928e+00
9.999998e-01 5.933682e-04 -2.190131e-05 2.815989e+00 -5.935167e-04 9.999704e-01 -7.673774e-03 -7.502281e-02 1.736253e-05 7.673813e-03 9.999707e-01 2.918299e+00
9.999980e-01 -8.875403e-04 -1.795455e-03 2.832722e+00 8.970123e-04 9.999856e-01 5.282871e-03 -7.401520e-02 1.790725e-03 -5.284499e-03 9.999843e-01 2.939064e+00
9.999998e-01 7.659613e-05 5.747217e-04 2.858538e+00 -7.264847e-05 9.999765e-01 -6.861949e-03 -7.534535e-02 -5.752182e-04 6.861934e-03 9.999764e-01 2.944969e+00
9.999979e-01 -1.093459e-03 -1.720293e-03 2.885316e+00 1.102346e-03 9.999860e-01 5.174649e-03 -7.662867e-02 1.714595e-03 -5.176562e-03 9.999850e-01 2.950913e+00
9.999999e-01 5.630755e-06 3.501097e-04 2.907652e+00 -3.101912e-06 9.999740e-01 -7.216247e-03 -7.665855e-02 -3.501254e-04 7.216274e-03 9.999740e-01 2.974730e+00
9.999963e-01 -1.076641e-03 -2.480040e-03 2.898802e+00 1.080763e-03 9.999980e-01 1.662532e-03 -7.540548e-02 2.478229e-03 -1.665235e-03 9.999954e-01 3.022481e+00
1.000000e+00 1.493680e-04 2.744131e-04 2.886974e+00 -1.474032e-04 9.999745e-01 -7.137334e-03 -7.379074e-02 -2.754560e-04 7.137322e-03 9.999746e-01 3.071790e+00
9.999962e-01 -1.079643e-03 -2.527692e-03 2.874788e+00 1.082596e-03 9.999987e-01 1.168421e-03 -7.230573e-02 2.526410e-03 -1.171183e-03 9.999960e-01 3.120568e+00
1.000000e+00 1.504594e-04 2.353718e-04 2.867023e+00 -1.488811e-04 9.999777e-01 -6.680880e-03 -7.070131e-02 -2.363551e-04 6.680875e-03 9.999778e-01 3.167002e+00
9.999965e-01 -1.215036e-03 -2.353441e-03 2.862171e+00 1.217746e-03 9.999986e-01 1.151477e-03 -6.936088e-02 2.352022e-03 -1.154370e-03 9.999965e-01 3.210354e+00
9.999999e-01 2.383665e-04 2.712452e-04 2.853847e+00 -2.364079e-04 9.999741e-01 -7.187974e-03 -6.848827e-02 -2.729344e-04 7.187941e-03 9.999742e-01 3.255993e+00
9.999967e-01 -1.011536e-03 -2.374466e-03 2.851774e+00 1.017232e-03 9.999966e-01 2.400311e-03 -6.742135e-02 2.372013e-03 -2.402751e-03 9.999942e-01 3.301206e+00
1.000000e+00 -6.476973e-05 3.107387e-04 2.854450e+00 6.701821e-05 9.999738e-01 -7.232190e-03 -6.633170e-02 -3.102446e-04 7.232242e-03 9.999739e-01 3.338794e+00
9.999971e-01 -9.360872e-04 -2.213897e-03 2.855040e+00 9.413551e-04 9.999967e-01 2.380943e-03 -6.533234e-02 2.211644e-03 -2.383053e-03 9.999946e-01 3.379309e+00
9.999998e-01 2.804521e-04 5.905663e-04 2.860077e+00 -2.769159e-04 9.999821e-01 -5.974472e-03 -6.469393e-02 -5.922134e-04 5.974341e-03 9.999821e-01 3.423334e+00
9.999965e-01 -1.153761e-03 -2.399574e-03 2.862580e+00 1.158696e-03 9.999972e-01 2.057406e-03 -6.377373e-02 2.397176e-03 -2.060213e-03 9.999949e-01 3.462342e+00
9.999997e-01 1.521875e-04 7.352608e-04 2.865705e+00 -1.477035e-04 9.999814e-01 -6.090451e-03 -6.292968e-02 -7.361558e-04 6.090374e-03 9.999813e-01 3.501477e+00
9.999967e-01 -1.139247e-03 -2.284631e-03 2.874749e+00 1.145119e-03 9.999960e-01 2.571734e-03 -6.191784e-02 2.281674e-03 -2.574376e-03 9.999940e-01 3.540206e+00
9.999997e-01 1.107220e-04 7.833045e-04 2.880071e+00 -1.054500e-04 9.999774e-01 -6.723183e-03 -6.103023e-02 -7.840126e-04 6.723133e-03 9.999772e-01 3.579967e+00
9.999957e-01 -1.203235e-03 -2.657850e-03 2.892813e+00 1.212241e-03 9.999935e-01 3.390761e-03 -6.008484e-02 2.653734e-03 -3.394003e-03 9.999906e-01 3.619443e+00
9.999992e-01 7.102533e-04 1.009062e-03 2.891667e+00 -7.029728e-04 9.999739e-01 -7.193968e-03 -5.937140e-02 -1.014126e-03 7.193288e-03 9.999737e-01 3.655422e+00
9.999948e-01 -1.421536e-03 -2.891848e-03 2.895369e+00 1.429576e-03 9.999951e-01 2.781249e-03 -5.821321e-02 2.887861e-03 -2.785404e-03 9.999919e-01 3.698204e+00
9.999992e-01 8.118092e-04 1.001399e-03 2.901091e+00 -8.046342e-04 9.999742e-01 -7.141213e-03 -5.675178e-02 -1.007151e-03 7.140437e-03 9.999741e-01 3.740394e+00
9.999952e-01 -1.746137e-03 -2.549291e-03 2.909740e+00 1.754185e-03 9.999935e-01 3.159553e-03 -5.558412e-02 2.543738e-03 -3.164046e-03 9.999917e-01 3.777156e+00
9.999992e-01 8.044911e-04 1.016865e-03 2.915908e+00 -7.972701e-04 9.999746e-01 -7.078245e-03 -5.444885e-02 -1.022514e-03 7.077465e-03 9.999745e-01 3.814737e+00
9.999950e-01 -1.905360e-03 -2.526733e-03 2.925524e+00 1.914488e-03 9.999916e-01 3.616328e-03 -5.320543e-02 2.519802e-03 -3.621185e-03 9.999902e-01 3.850871e+00
9.999991e-01 7.657744e-04 1.101498e-03 2.927624e+00 -7.564376e-04 9.999640e-01 -8.448606e-03 -5.194085e-02 -1.107908e-03 8.447802e-03 9.999638e-01 3.889097e+00
9.999948e-01 -1.858809e-03 -2.616709e-03 2.935141e+00 1.870965e-03 9.999874e-01 4.652494e-03 -5.072967e-02 2.608008e-03 -4.657403e-03 9.999857e-01 3.927671e+00
9.999992e-01 5.484981e-04 1.145099e-03 2.935546e+00 -5.374339e-04 9.999534e-01 -9.636881e-03 -4.944576e-02 -1.150311e-03 9.636296e-03 9.999530e-01 3.965876e+00
9.999948e-01 -1.771727e-03 -2.697774e-03 2.933787e+00 1.784148e-03 9.999878e-01 4.610282e-03 -4.807456e-02 2.689553e-03 -4.615110e-03 9.999856e-01 4.009655e+00
9.999994e-01 6.381864e-04 8.352722e-04 2.930766e+00 -6.299209e-04 9.999513e-01 -9.853799e-03 -4.664713e-02 -8.414995e-04 9.853306e-03 9.999512e-01 4.052781e+00
9.999958e-01 -1.692361e-03 -2.353623e-03 2.930243e+00 1.704854e-03 9.999844e-01 5.317718e-03 -4.572772e-02 2.344566e-03 -5.321748e-03 9.999830e-01 4.089931e+00
9.999993e-01 6.219791e-04 9.813450e-04 2.943016e+00 -6.136831e-04 9.999643e-01 -8.427163e-03 -4.515383e-02 -9.865307e-04 8.426595e-03 9.999641e-01 4.122911e+00
9.999962e-01 -1.590875e-03 -2.244735e-03 2.953946e+00 1.602887e-03 9.999843e-01 5.361768e-03 -4.451208e-02 2.236149e-03 -5.365386e-03 9.999830e-01 4.157092e+00
9.999996e-01 4.220564e-04 7.701246e-04 2.960291e+00 -4.148409e-04 9.999563e-01 -9.339809e-03 -4.371096e-02 -7.740118e-04 9.339526e-03 9.999562e-01 4.191552e+00
9.999962e-01 -1.665025e-03 -2.176470e-03 2.966497e+00 1.675937e-03 9.999860e-01 5.023689e-03 -4.263355e-02 2.168053e-03 -5.027358e-03 9.999849e-01 4.226756e+00
9.999997e-01 3.621324e-04 6.637293e-04 2.969605e+00 -3.554765e-04 9.999500e-01 -9.994157e-03 -4.156124e-02 -6.672939e-04 9.993959e-03 9.999499e-01 4.262694e+00
9.999962e-01 -1.392817e-03 -2.377561e-03 2.972124e+00 1.406018e-03 9.999835e-01 5.561946e-03 -4.057421e-02 2.369754e-03 -5.565309e-03 9.999816e-01 4.303777e+00
9.999997e-01 4.114092e-04 6.638445e-04 2.973017e+00 -4.047160e-04 9.999495e-01 -1.004421e-02 -3.950437e-02 -6.679215e-04 1.004398e-02 9.999494e-01 4.345728e+00
9.999957e-01 -1.520300e-03 -2.501759e-03 2.975415e+00 1.533032e-03 9.999858e-01 5.097184e-03 -3.856052e-02 2.493952e-03 -5.101040e-03 9.999838e-01 4.386114e+00
9.999997e-01 4.668919e-04 6.596296e-04 2.971156e+00 -4.596999e-04 9.999410e-01 -1.085400e-02 -3.751853e-02 -6.646362e-04 1.085374e-02 9.999410e-01 4.422637e+00
9.999976e-01 -1.171253e-03 -1.866443e-03 2.976077e+00 1.185114e-03 9.999716e-01 7.445450e-03 -3.780493e-02 1.857647e-03 -7.447686e-03 9.999704e-01 4.449632e+00
9.999996e-01 4.993798e-04 7.473705e-04 3.000327e+00 -4.926348e-04 9.999595e-01 -8.991414e-03 -3.872839e-02 -7.518079e-04 8.991085e-03 9.999594e-01 4.467746e+00
9.999977e-01 -1.375888e-03 -1.617981e-03 3.026329e+00 1.388149e-03 9.999701e-01 7.604347e-03 -3.996513e-02 1.607448e-03 -7.606619e-03 9.999697e-01 4.485767e+00
9.999999e-01 2.464374e-04 4.491679e-04 3.055844e+00 -2.422790e-04 9.999574e-01 -9.223478e-03 -4.030708e-02 -4.513992e-04 9.223411e-03 9.999575e-01 4.505759e+00
9.999983e-01 -1.355297e-03 -1.237738e-03 3.077116e+00 1.363498e-03 9.999769e-01 6.652777e-03 -4.030010e-02 1.228671e-03 -6.654497e-03 9.999770e-01 4.529773e+00
9.999999e-01 3.034548e-04 3.482989e-04 3.097211e+00 -3.002096e-04 9.999570e-01 -9.264923e-03 -4.036433e-02 -3.510727e-04 9.264862e-03 9.999571e-01 4.552983e+00
9.999976e-01 -1.651889e-03 -1.446858e-03 3.119853e+00 1.661104e-03 9.999782e-01 6.394462e-03 -3.980666e-02 1.436240e-03 -6.396894e-03 9.999784e-01 4.581562e+00
9.999999e-01 4.492290e-04 1.085313e-04 3.121210e+00 -4.479064e-04 9.999297e-01 -1.184729e-02 -3.880339e-02 -1.138228e-04 1.184728e-02 9.999299e-01 4.618621e+00
9.999971e-01 -1.661036e-03 -1.737671e-03 3.124778e+00 1.673306e-03 9.999735e-01 7.086753e-03 -3.773684e-02 1.725830e-03 -7.089685e-03 9.999733e-01 4.658171e+00
9.999998e-01 2.007505e-04 5.677868e-04 3.134562e+00 -1.942733e-04 9.999353e-01 -1.137528e-02 -3.677800e-02 -5.700103e-04 1.137522e-02 9.999352e-01 4.685236e+00
9.999978e-01 -1.880769e-03 -9.066022e-04 3.153841e+00 1.888176e-03 9.999642e-01 8.245675e-03 -3.610529e-02 8.910382e-04 -8.247414e-03 9.999655e-01 4.707718e+00
9.999999e-01 1.065174e-04 4.933817e-04 3.168132e+00 -1.004988e-04 9.999259e-01 -1.217129e-02 -3.531057e-02 -4.946182e-04 1.217129e-02 9.999259e-01 4.730903e+00
9.999982e-01 -1.748018e-03 -6.978951e-04 3.188126e+00 1.754391e-03 9.999557e-01 9.246130e-03 -3.520246e-02 6.816783e-04 -9.247384e-03 9.999569e-01 4.746983e+00
9.999999e-01 3.065590e-04 2.078116e-04 3.211404e+00 -3.040955e-04 9.999312e-01 -1.172567e-02 -3.577277e-02 -2.113683e-04 1.172566e-02 9.999313e-01 4.759834e+00
9.999987e-01 -1.381681e-03 -8.411889e-04 3.237663e+00 1.390249e-03 9.999462e-01 1.027861e-02 -3.643701e-02 8.269183e-04 -1.027981e-02 9.999467e-01 4.773956e+00
9.999999e-01 1.908029e-04 4.306579e-04 3.262852e+00 -1.857878e-04 9.999327e-01 -1.160205e-02 -3.719142e-02 -4.328189e-04 1.160202e-02 9.999327e-01 4.787175e+00
9.999985e-01 -1.444616e-03 -9.510327e-04 3.290269e+00 1.454224e-03 9.999470e-01 1.018769e-02 -3.781721e-02 9.362413e-04 -1.018910e-02 9.999476e-01 4.799392e+00
1.000000e+00 -5.214838e-05 -2.467802e-04 3.309494e+00 4.885830e-05 9.999111e-01 -1.333698e-02 -3.771225e-02 2.474776e-04 1.333702e-02 9.999111e-01 4.820952e+00
9.999980e-01 -1.482938e-03 -1.366257e-03 3.314824e+00 1.494935e-03 9.999599e-01 8.826163e-03 -3.693058e-02 1.353089e-03 -8.828235e-03 9.999600e-01 4.851283e+00
9.999999e-01 1.277410e-04 2.998392e-04 3.326682e+00 -1.242216e-04 9.999317e-01 -1.168842e-02 -3.722443e-02 -3.012877e-04 1.168843e-02 9.999317e-01 4.869077e+00
9.999985e-01 -1.469215e-03 -9.443648e-04 3.354342e+00 1.478724e-03 9.999473e-01 1.015600e-02 -3.816651e-02 9.293694e-04 -1.015743e-02 9.999479e-01 4.875428e+00
1.000000e+00 4.922492e-05 4.368281e-05 3.381383e+00 -4.869392e-05 9.999288e-01 -1.193534e-02 -3.839167e-02 -4.424283e-05 1.193539e-02 9.999289e-01 4.889403e+00
9.999980e-01 -1.828859e-03 -8.287311e-04 3.411659e+00 1.837640e-03 9.999407e-01 1.072941e-02 -3.837058e-02 8.090350e-04 -1.073096e-02 9.999420e-01 4.908777e+00
1.000000e+00 1.278407e-04 1.786100e-04 3.426326e+00 -1.252657e-04 9.998976e-01 -1.430842e-02 -3.822756e-02 -1.803964e-04 1.430845e-02 9.998977e-01 4.922340e+00
9.999980e-01 -1.877857e-03 -7.487315e-04 3.452319e+00 1.887473e-03 9.999129e-01 1.306511e-02 -3.879539e-02 7.241072e-04 -1.306655e-02 9.999143e-01 4.932538e+00
9.999999e-01 3.377174e-05 4.014072e-04 3.484545e+00 -2.790475e-05 9.998935e-01 -1.459143e-02 -3.966920e-02 -4.018325e-04 1.459147e-02 9.998936e-01 4.934613e+00
9.999979e-01 -1.920812e-03 -7.720475e-04 3.516302e+00 1.930820e-03 9.999112e-01 1.318693e-02 -4.100657e-02 7.466246e-04 -1.318844e-02 9.999127e-01 4.947135e+00
9.999996e-01 2.568272e-05 8.394855e-04 3.548719e+00 -1.338117e-05 9.998928e-01 -1.464283e-02 -4.250069e-02 -8.397467e-04 1.464286e-02 9.998925e-01 4.958558e+00
9.999975e-01 -1.649333e-03 -1.536685e-03 3.573593e+00 1.668477e-03 9.999199e-01 1.254558e-02 -4.271705e-02 1.515845e-03 -1.254816e-02 9.999200e-01 4.975333e+00
9.999998e-01 6.371950e-06 6.871353e-04 3.599753e+00 2.906821e-06 9.999090e-01 -1.349332e-02 -4.300090e-02 -6.871336e-04 1.349337e-02 9.999088e-01 5.008668e+00
9.999969e-01 -1.791401e-03 -1.749440e-03 3.610789e+00 1.808030e-03 9.999527e-01 9.554008e-03 -4.223270e-02 1.732217e-03 -9.557190e-03 9.999527e-01 5.036303e+00
9.999999e-01 1.929843e-04 2.859509e-04 3.617653e+00 -1.891668e-04 9.999120e-01 -1.326763e-02 -4.107033e-02 -2.884609e-04 1.326762e-02 9.999120e-01 5.065551e+00
9.999983e-01 -1.393934e-03 -1.167269e-03 3.619459e+00 1.403637e-03 9.999641e-01 8.358713e-03 -4.302268e-02 1.155550e-03 -8.360388e-03 9.999643e-01 5.110853e+00
9.999965e-01 7.460039e-04 -2.544712e-03 3.594503e+00 -7.825214e-04 9.998963e-01 -1.438234e-02 -4.293236e-02 2.533744e-03 1.438433e-02 9.998934e-01 5.177306e+00
9.999987e-01 -1.039608e-03 -1.256835e-03 3.588844e+00 1.055680e-03 9.999167e-01 1.286077e-02 -4.665321e-02 1.243334e-03 -1.286213e-02 9.999164e-01 5.234118e+00
9.999894e-01 3.877196e-03 -2.478455e-03 3.173241e+00 -3.931393e-03 9.997447e-01 -2.225287e-02 -7.379142e-02 2.391569e-03 2.226243e-02 9.997494e-01 5.532136e+00
9.999888e-01 -2.051054e-03 -4.264026e-03 2.986757e+00 2.141326e-03 9.997713e-01 2.127683e-02 -7.821194e-02 4.219384e-03 -2.128578e-02 9.997644e-01 5.690266e+00
9.999980e-01 9.278684e-04 1.786953e-03 2.986162e+00 -8.812388e-04 9.996637e-01 -2.591673e-02 -7.776138e-02 -1.810373e-03 2.591515e-02 9.996626e-01 5.721349e+00
9.999901e-01 -1.686191e-03 -4.110061e-03 3.001063e+00 1.782704e-03 9.997200e-01 2.359471e-02 -7.815395e-02 4.069097e-03 -2.360185e-02 9.997131e-01 5.751600e+00
9.999985e-01 1.444506e-03 1.002594e-03 3.014528e+00 -1.415997e-03 9.996106e-01 -2.786836e-02 -7.671275e-02 -1.042432e-03 2.786695e-02 9.996112e-01 5.789465e+00
9.999926e-01 -2.084194e-03 -3.222999e-03 3.017316e+00 2.158516e-03 9.997277e-01 2.323358e-02 -7.745126e-02 3.173670e-03 -2.324042e-02 9.997248e-01 5.855591e+00
9.999991e-01 1.318237e-03 1.700123e-04 3.002945e+00 -1.312750e-03 9.995793e-01 -2.897496e-02 -7.637786e-02 -2.081086e-04 2.897476e-02 9.995802e-01 5.901963e+00
9.999926e-01 -2.473840e-03 -2.947776e-03 2.996003e+00 2.541915e-03 9.997248e-01 2.332133e-02 -7.587394e-02 2.889244e-03 -2.332870e-02 9.997236e-01 5.950481e+00
9.999986e-01 1.633153e-03 -3.530052e-04 2.977651e+00 -1.643028e-03 9.995458e-01 -3.009236e-02 -7.424319e-02 3.037281e-04 3.009295e-02 9.995471e-01 5.991116e+00
9.999914e-01 -2.744215e-03 -3.118403e-03 2.970204e+00 2.823122e-03 9.996685e-01 2.559025e-02 -7.185152e-02 3.047116e-03 -2.559889e-02 9.996676e-01 6.036479e+00
9.999977e-01 2.135014e-03 3.555068e-04 2.964911e+00 -2.123320e-03 9.995434e-01 -3.014042e-02 -6.940782e-02 -4.196655e-04 3.013965e-02 9.995457e-01 6.096582e+00
9.999927e-01 -2.588143e-03 -2.812355e-03 2.974530e+00 2.662696e-03 9.996362e-01 2.684059e-02 -6.828080e-02 2.741835e-03 -2.684794e-02 9.996357e-01 6.140489e+00
9.999978e-01 2.055077e-03 -3.642270e-04 2.973784e+00 -2.065787e-03 9.994732e-01 -3.238933e-02 -6.759909e-02 2.975022e-04 3.239007e-02 9.994753e-01 6.194146e+00
9.999905e-01 -2.891188e-03 -3.262960e-03 2.963263e+00 2.974566e-03 9.996615e-01 2.584684e-02 -6.577413e-02 3.187098e-03 -2.585635e-02 9.996605e-01 6.251000e+00
9.999981e-01 1.934067e-03 -8.941462e-05 2.950024e+00 -1.935950e-03 9.994608e-01 -3.277651e-02 -6.420397e-02 2.600464e-05 3.277668e-02 9.994628e-01 6.307122e+00
9.999904e-01 -2.798097e-03 -3.382811e-03 2.942611e+00 2.887062e-03 9.996423e-01 2.658979e-02 -6.275256e-02 3.307170e-03 -2.659936e-02 9.996406e-01 6.362836e+00
9.999982e-01 1.878044e-03 1.711101e-04 2.941118e+00 -1.871449e-03 9.994654e-01 -3.264193e-02 -6.100009e-02 -2.322909e-04 3.264161e-02 9.994672e-01 6.409238e+00
9.999886e-01 -3.152138e-03 -3.573731e-03 2.948350e+00 3.249173e-03 9.996170e-01 2.748277e-02 -5.999164e-02 3.485702e-03 -2.749413e-02 9.996158e-01 6.449819e+00
9.999985e-01 1.633364e-03 5.526181e-04 2.942577e+00 -1.614113e-03 9.994478e-01 -3.318940e-02 -5.817801e-02 -6.064920e-04 3.318851e-02 9.994490e-01 6.494153e+00
9.999884e-01 -3.272805e-03 -3.536443e-03 2.946274e+00 3.378126e-03 9.995381e-01 3.020102e-02 -5.684916e-02 3.435936e-03 -3.021268e-02 9.995375e-01 6.540157e+00
9.999979e-01 1.961903e-03 6.602236e-04 2.945836e+00 -1.938569e-03 9.994319e-01 -3.364611e-02 -5.632726e-02 -7.258271e-04 3.364482e-02 9.994337e-01 6.591165e+00
9.999882e-01 -3.222500e-03 -3.631884e-03 2.938160e+00 3.321877e-03 9.996108e-01 2.770001e-02 -5.718221e-02 3.541175e-03 -2.771181e-02 9.996096e-01 6.641695e+00
9.999978e-01 2.096198e-03 2.407464e-04 2.947182e+00 -2.088060e-03 9.995515e-01 -2.987283e-02 -5.591737e-02 -3.032253e-04 2.987232e-02 9.995538e-01 6.675045e+00
9.999872e-01 -3.525506e-03 -3.625330e-03 2.946960e+00 3.610861e-03 9.997098e-01 2.381663e-02 -5.451477e-02 3.540280e-03 -2.382947e-02 9.997097e-01 6.717155e+00
9.999980e-01 1.946100e-03 4.025173e-04 2.956123e+00 -1.934071e-03 9.996070e-01 -2.796714e-02 -5.318956e-02 -4.567529e-04 2.796637e-02 9.996088e-01 6.751194e+00
9.999878e-01 -3.762381e-03 -3.195459e-03 2.967616e+00 3.837469e-03 9.997086e-01 2.383034e-02 -5.217143e-02 3.104836e-03 -2.384238e-02 9.997108e-01 6.785638e+00
9.999981e-01 1.945398e-03 -2.058926e-04 2.976079e+00 -1.950626e-03 9.995604e-01 -2.958417e-02 -5.083938e-02 1.482826e-04 2.958458e-02 9.995624e-01 6.815986e+00
9.999884e-01 -3.646511e-03 -3.132298e-03 2.984462e+00 3.722228e-03 9.996924e-01 2.452118e-02 -4.955910e-02 3.041884e-03 -2.453262e-02 9.996943e-01 6.851959e+00
9.999878e-01 4.941480e-03 -2.578721e-04 2.898905e+00 -4.947318e-03 9.994322e-01 -3.332916e-02 -5.570589e-02 9.306430e-05 3.333009e-02 9.994445e-01 6.946277e+00
9.999903e-01 -2.171368e-03 -3.843505e-03 2.646694e+00 2.277568e-03 9.996095e-01 2.784889e-02 -7.582161e-02 3.781501e-03 -2.785743e-02 9.996047e-01 7.177284e+00
9.999883e-01 4.125450e-03 -2.544052e-03 2.510543e+00 -4.196774e-03 9.995792e-01 -2.870347e-02 -7.902248e-02 2.424601e-03 2.871387e-02 9.995848e-01 7.313710e+00
9.999975e-01 -2.043585e-03 -8.684740e-04 2.316895e+00 2.059465e-03 9.998228e-01 1.871131e-02 -9.119236e-02 8.300472e-04 -1.871311e-02 9.998245e-01 7.472714e+00
9.999804e-01 3.465076e-03 -5.216263e-03 2.246680e+00 -3.565504e-03 9.998060e-01 -1.937080e-02 -9.273358e-02 5.148165e-03 1.938908e-02 9.997988e-01 7.553781e+00
9.999818e-01 -5.603963e-03 2.241758e-03 2.260275e+00 5.569549e-03 9.998709e-01 1.506795e-02 -9.229349e-02 -2.325945e-03 -1.505526e-02 9.998839e-01 7.579188e+00
9.999802e-01 3.574952e-03 -5.172238e-03 2.282479e+00 -3.664261e-03 9.998425e-01 -1.736439e-02 -9.272503e-02 5.109382e-03 1.738306e-02 9.998359e-01 7.599917e+00
9.999823e-01 -5.501158e-03 2.264795e-03 2.304244e+00 5.465126e-03 9.998632e-01 1.561370e-02 -9.295882e-02 -2.350415e-03 -1.560110e-02 9.998754e-01 7.618213e+00
9.999797e-01 4.036926e-03 -4.936311e-03 2.321336e+00 -4.124207e-03 9.998330e-01 -1.780367e-02 -9.327514e-02 4.863651e-03 1.782373e-02 9.998294e-01 7.649680e+00
9.999831e-01 -5.514839e-03 1.823736e-03 2.339155e+00 5.484862e-03 9.998562e-01 1.604559e-02 -9.443506e-02 -1.912000e-03 -1.603538e-02 9.998695e-01 7.685307e+00
9.999828e-01 4.113577e-03 -4.193305e-03 2.347980e+00 -4.194106e-03 9.998033e-01 -1.938291e-02 -9.402151e-02 4.112784e-03 1.940023e-02 9.998034e-01 7.710023e+00
9.999893e-01 -4.610709e-03 2.907466e-04 2.364430e+00 4.607078e-03 9.999243e-01 1.140856e-02 -9.567413e-02 -3.433632e-04 -1.140716e-02 9.999348e-01 7.758317e+00
