9.999976e-01 -9.807776e-04 -1.981610e-03 1.197213e-02 9.733570e-04 9.999925e-01 -3.742231e-03 1.328287e-03 1.985266e-03 3.740293e-03 9.999911e-01 3.906252e-02
1.000000e+00 -5.823643e-06 -2.356469e-04 2.499469e-03 5.292405e-06 9.999975e-01 -2.254396e-03 2.973475e-03 2.356591e-04 2.254394e-03 9.999973e-01 9.031954e-02
9.999979e-01 -9.345328e-04 -1.808731e-03 -6.749921e-03 9.278575e-04 9.999928e-01 -3.687925e-03 4.434551e-03 1.812165e-03 3.686240e-03 9.999917e-01 1.400427e-01
9.999998e-01 -1.446904e-04 -5.951535e-04 -1.353629e-02 1.435211e-04 9.999981e-01 -1.964380e-03 6.340188e-03 5.954358e-04 1.964293e-03 9.999978e-01 1.867238e-01
9.999987e-01 -6.911379e-04 -1.425282e-03 -1.972830e-02 6.861204e-04 9.999936e-01 -3.517831e-03 7.658776e-03 1.427705e-03 3.516851e-03 9.999929e-01 2.368773e-01
9.999996e-01 -1.039937e-04 -8.732237e-04 -2.337668e-02 1.025150e-04 9.999986e-01 -1.693241e-03 9.169908e-03 8.733973e-04 1.693148e-03 9.999981e-01 2.849933e-01
9.999992e-01 -5.031427e-04 -1.173352e-03 -2.584225e-02 4.991174e-04 9.999940e-01 -3.428341e-03 1.017441e-02 1.175071e-03 3.427755e-03 9.999935e-01 3.341226e-01
9.999995e-01 -2.869393e-04 -9.939945e-04 -3.388570e-02 2.848552e-04 9.999978e-01 -2.096143e-03 1.140053e-02 9.945920e-04 2.095855e-03 9.999972e-01 3.825508e-01
9.999992e-01 -6.665584e-04 -1.085599e-03 -3.755359e-02 6.627202e-04 9.999935e-01 -3.532126e-03 1.286350e-02 1.087948e-03 3.531408e-03 9.999933e-01 4.272631e-01
9.999996e-01 -4.200393e-04 -7.686549e-04 -3.720168e-02 4.185439e-04 9.999980e-01 -1.944446e-03 1.406359e-02 7.694680e-04 1.944119e-03 9.999977e-01 4.663940e-01
9.999991e-01 -7.884053e-04 -1.091935e-03 -3.741638e-02 7.843383e-04 9.999928e-01 -3.719973e-03 1.529748e-02 1.094862e-03 3.719119e-03 9.999926e-01 5.061837e-01
9.999996e-01 -3.938362e-04 -7.721574e-04 -3.327499e-02 3.928155e-04 9.999990e-01 -1.321535e-03 1.657776e-02 7.726746e-04 1.321225e-03 9.999987e-01 5.460645e-01
9.999993e-01 -7.880053e-04 -9.321099e-04 -2.599851e-02 7.845932e-04 9.999930e-01 -3.655379e-03 1.773244e-02 9.349865e-04 3.654651e-03 9.999930e-01 5.881267e-01
9.999998e-01 -3.443624e-04 -4.553267e-04 -2.205854e-02 3.439172e-04 9.999995e-01 -9.774352e-04 1.902642e-02 4.556603e-04 9.772715e-04 9.999993e-01 6.337548e-01
9.999985e-01 -6.781716e-04 -1.572053e-03 -2.197462e-02 6.715612e-04 9.999909e-01 -4.201715e-03 2.054975e-02 1.574891e-03 4.200661e-03 9.999900e-01 6.827931e-01
1.000000e+00 -2.349256e-04 -1.838172e-04 -2.485193e-02 2.347652e-04 9.999996e-01 -8.713580e-04 2.184507e-02 1.840187e-04 8.713069e-04 9.999995e-01 7.247989e-01
9.999985e-01 -8.752267e-04 -1.491974e-03 -1.848472e-02 8.699850e-04 9.999935e-01 -3.510384e-03 2.264224e-02 1.495040e-03 3.509089e-03 9.999928e-01 7.626718e-01
1.000000e+00 -1.584401e-04 -2.264555e-04 -1.237537e-02 1.581684e-04 9.999993e-01 -1.198692e-03 2.353813e-02 2.266418e-04 1.198647e-03 9.999992e-01 8.021860e-01
9.999990e-01 -6.739132e-04 -1.224940e-03 -7.455382e-03 6.704019e-04 9.999957e-01 -2.864827e-03 2.416477e-02 1.226869e-03 2.864012e-03 9.999952e-01 8.437926e-01
9.999997e-01 3.380863e-05 -8.084591e-04 -2.589788e-03 -3.480404e-05 9.999992e-01 -1.231059e-03 2.523879e-02 8.084130e-04 1.231077e-03 9.999988e-01 8.917998e-01
9.999993e-01 -6.838947e-04 -9.363968e-04 2.554599e-03 6.815752e-04 9.999967e-01 -2.475352e-03 2.604641e-02 9.380907e-04 2.474722e-03 9.999966e-01 9.360708e-01
9.999998e-01 -1.706800e-04 -6.666836e-04 1.288715e-02 1.696418e-04 9.999988e-01 -1.556756e-03 2.686423e-02 6.669443e-04 1.556632e-03 9.999985e-01 9.752169e-01
9.999992e-01 -4.479408e-04 -1.195867e-03 2.294182e-02 4.445959e-04 9.999960e-01 -2.796084e-03 2.771110e-02 1.197119e-03 2.795561e-03 9.999955e-01 1.014354e+00
9.999988e-01 7.950977e-05 -1.528539e-03 2.502169e-02 -8.258697e-05 9.999980e-01 -2.013053e-03 2.942478e-02 1.528371e-03 2.013166e-03 9.999967e-01 1.059332e+00
9.999999e-01 -3.375852e-04 -3.057478e-04 3.491177e-02 3.370930e-04 9.999986e-01 -1.609292e-03 3.104199e-02 3.062955e-04 1.609200e-03 9.999988e-01 1.104135e+00
9.999992e-01 -1.243951e-04 -1.283049e-03 4.421684e-02 1.222912e-04 9.999986e-01 -1.639543e-03 3.165128e-02 1.283246e-03 1.639372e-03 9.999977e-01 1.144663e+00
9.999999e-01 -4.660034e-04 -8.668870e-05 5.654666e-02 4.659148e-04 9.999994e-01 -1.022242e-03 3.193579e-02 8.717016e-05 1.022214e-03 9.999996e-01 1.182253e+00
9.999983e-01 -1.819685e-04 -1.845882e-03 6.405354e-02 1.772951e-04 9.999968e-01 -2.531521e-03 3.290264e-02 1.846331e-03 2.531176e-03 9.999950e-01 1.226541e+00
9.999996e-01 -4.736505e-04 7.471113e-04 4.358825e-02 4.771015e-04 9.999892e-01 -4.625344e-03 3.578366e-02 -7.449069e-04 4.625712e-03 9.999891e-01 1.281468e+00
9.999981e-01 -1.804779e-04 -1.959475e-03 2.616001e-02 1.759983e-04 9.999974e-01 -2.285867e-03 3.847193e-02 1.959877e-03 2.285503e-03 9.999954e-01 1.336205e+00
9.999995e-01 -8.402098e-04 5.561244e-04 -1.824316e-03 8.429748e-04 9.999872e-01 -4.989679e-03 4.019817e-02 -5.519191e-04 4.990160e-03 9.999875e-01 1.393866e+00
9.999978e-01 4.387864e-05 -2.085094e-03 -2.235228e-02 -4.514164e-05 9.999998e-01 -6.054846e-04 4.177368e-02 2.085062e-03 6.055621e-04 9.999975e-01 1.461929e+00
9.999995e-01 -9.325651e-04 4.416981e-04 -2.282815e-02 9.340827e-04 9.999936e-01 -3.447337e-03 4.311916e-02 -4.384744e-04 3.447763e-03 9.999941e-01 1.515299e+00
9.999994e-01 -7.867439e-05 -1.089809e-03 -3.779838e-02 7.675205e-05 9.999984e-01 -1.763426e-03 4.445746e-02 1.089940e-03 1.763325e-03 9.999978e-01 1.576596e+00
9.999994e-01 -1.033013e-03 3.321853e-04 -5.405703e-02 1.034303e-03 9.999918e-01 -3.907959e-03 4.580085e-02 -3.281394e-04 3.908317e-03 9.999924e-01 1.638057e+00
9.999983e-01 -6.011649e-05 -1.824021e-03 -5.462464e-02 6.198304e-05 9.999995e-01 1.023558e-03 4.620085e-02 1.823952e-03 -1.023687e-03 9.999977e-01 1.699252e+00
9.999994e-01 -9.706232e-04 4.825273e-04 -5.148408e-02 9.724694e-04 9.999922e-01 -3.839420e-03 4.613778e-02 -4.787904e-04 3.839904e-03 9.999926e-01 1.758030e+00
9.999994e-01 -3.982375e-04 -1.041318e-03 -4.691804e-02 3.981728e-04 9.999999e-01 -6.184493e-05 4.688494e-02 1.041336e-03 6.141261e-05 9.999994e-01 1.799362e+00
9.999989e-01 -1.240462e-03 8.076264e-04 -4.200483e-02 1.243055e-03 9.999941e-01 -3.217275e-03 4.700959e-02 -8.036241e-04 3.218294e-03 9.999946e-01 1.832299e+00
9.999970e-01 -1.174063e-04 -2.453647e-03 -2.590358e-02 1.205466e-04 9.999992e-01 1.279978e-03 4.709415e-02 2.453488e-03 -1.280288e-03 9.999961e-01 1.874238e+00
9.999995e-01 -7.959605e-04 6.732862e-04 -1.557435e-02 7.988979e-04 9.999901e-01 -4.372893e-03 4.767940e-02 -6.697920e-04 4.373447e-03 9.999903e-01 1.922020e+00
9.999979e-01 1.937088e-04 -2.028933e-03 -3.868487e-03 -1.895393e-04 9.999979e-01 2.055286e-03 4.700463e-02 2.029320e-03 -2.054916e-03 9.999957e-01 1.962557e+00
9.999996e-01 -8.431293e-04 1.988051e-04 4.478037e-03 8.438956e-04 9.999921e-01 -3.883262e-03 4.795751e-02 -1.955221e-04 3.883447e-03 9.999925e-01 1.993878e+00
9.999983e-01 8.598361e-04 -1.619825e-03 6.171461e-03 -8.585040e-04 9.999993e-01 8.232960e-04 4.768775e-02 1.620524e-03 -8.219231e-04 9.999983e-01 2.033114e+00
9.999994e-01 -1.117480e-03 9.647357e-05 5.519237e-03 1.117984e-03 9.999849e-01 -5.376169e-03 4.751626e-02 -9.045676e-05 5.376293e-03 9.999856e-01 2.066207e+00
9.999987e-01 5.249312e-05 -1.618577e-03 1.362583e-02 -4.732627e-05 9.999949e-01 3.192552e-03 4.734885e-02 1.618729e-03 -3.192491e-03 9.999935e-01 2.090194e+00
9.999980e-01 -1.574424e-03 1.232661e-03 1.869742e-02 1.585204e-03 9.999601e-01 -8.793537e-03 4.741988e-02 -1.218760e-03 8.795494e-03 9.999607e-01 2.115001e+00
9.999895e-01 7.574954e-04 -4.516525e-03 1.389886e-02 -7.472723e-04 9.999972e-01 2.264929e-03 4.724685e-02 4.518220e-03 -2.261552e-03 9.999871e-01 2.168121e+00
9.999914e-01 -2.098283e-03 3.566326e-03 1.845907e-02 2.121392e-03 9.999767e-01 -6.488203e-03 5.098037e-02 -3.552621e-03 6.495735e-03 9.999727e-01 2.208795e+00
9.999916e-01 2.365755e-04 -4.095636e-03 3.306534e-02 -2.161834e-04 9.999876e-01 4.978909e-03 5.080015e-02 4.096755e-03 -4.978004e-03 9.999791e-01 2.245679e+00
9.999893e-01 -7.203994e-04 4.577956e-03 3.460040e-02 7.528157e-04 9.999746e-01 -7.082964e-03 4.971497e-02 -4.572729e-03 7.086356e-03 9.999645e-01 2.309742e+00
9.999921e-01 2.542681e-04 -3.959433e-03 3.302299e-02 -2.345631e-04 9.999876e-01 4.976614e-03 4.953975e-02 3.960641e-03 -4.975668e-03 9.999797e-01 2.388898e+00
9.999906e-01 -3.950599e-04 4.314554e-03 1.987521e-02 4.267104e-04 9.999730e-01 -7.337083e-03 4.872688e-02 -4.311531e-03 7.338878e-03 9.999639e-01 2.478329e+00
9.999881e-01 8.143561e-04 -4.801007e-03 4.129920e-03 -7.895814e-04 9.999864e-01 5.160121e-03 4.741082e-02 4.805135e-03 -5.156291e-03 9.999751e-01 2.574424e+00
9.999915e-01 -3.750292e-04 4.094532e-03 -1.556851e-02 4.059801e-04 9.999713e-01 -7.560623e-03 4.582124e-02 -4.091570e-03 7.562244e-03 9.999631e-01 2.673423e+00
9.999870e-01 9.083032e-04 -5.015284e-03 -4.623585e-02 -8.824279e-04 9.999863e-01 5.159263e-03 4.385280e-02 5.019893e-03 -5.154793e-03 9.999740e-01 2.784284e+00
9.999903e-01 -5.138442e-05 4.412447e-03 -6.922182e-02 8.388746e-05 9.999729e-01 -7.366126e-03 4.074145e-02 -4.411940e-03 7.366447e-03 9.999632e-01 2.887223e+00
9.999811e-01 7.791279e-04 -6.095576e-03 -1.019522e-01 -7.525802e-04 9.999902e-01 4.356474e-03 3.925844e-02 6.098902e-03 -4.351828e-03 9.999718e-01 2.992863e+00
9.999879e-01 -3.113799e-05 4.922943e-03 -1.378157e-01 6.221330e-05 9.999801e-01 -6.312105e-03 3.663828e-02 -4.922639e-03 6.312358e-03 9.999681e-01 3.111836e+00
9.999812e-01 7.455215e-04 -6.088252e-03 -1.755681e-01 -7.208048e-04 9.999915e-01 4.061090e-03 3.313950e-02 6.091219e-03 -4.056649e-03 9.999731e-01 3.221664e+00
9.999877e-01 3.470665e-05 4.963265e-03 -2.155876e-01 -3.092996e-06 9.999797e-01 -6.369172e-03 2.950995e-02 -4.963377e-03 6.369102e-03 9.999675e-01 3.330667e+00
9.999805e-01 6.904278e-04 -6.211210e-03 -2.480258e-01 -6.644174e-04 9.999910e-01 4.188910e-03 2.640246e-02 6.214037e-03 -4.184725e-03 9.999718e-01 3.433985e+00
9.999850e-01 -2.190262e-04 5.477109e-03 -2.636414e-01 2.536860e-04 9.999799e-01 -6.328014e-03 2.376328e-02 -5.475604e-03 6.329332e-03 9.999651e-01 3.523724e+00
9.999735e-01 5.669530e-05 -7.281457e-03 -2.626877e-01 -2.214246e-05 9.999887e-01 4.745459e-03 2.095908e-02 7.281635e-03 -4.745197e-03 9.999621e-01 3.586748e+00
9.999769e-01 9.493267e-05 6.791394e-03 -2.663695e-01 -4.847627e-05 9.999766e-01 -6.840141e-03 1.876624e-02 -6.791875e-03 6.839679e-03 9.999536e-01 3.659964e+00
9.999637e-01 -3.140631e-04 -8.514419e-03 -2.591106e-01 3.585534e-04 9.999863e-01 5.224392e-03 1.566351e-02 8.512652e-03 -5.227280e-03 9.999500e-01 3.713562e+00
9.999718e-01 -6.199197e-04 7.484841e-03 -2.302714e-01 6.696125e-04 9.999777e-01 -6.638272e-03 1.547268e-02 -7.480549e-03 6.643122e-03 9.999501e-01 3.728643e+00
9.999660e-01 -1.268104e-04 -8.245301e-03 -2.033214e-01 1.683412e-04 9.999873e-01 5.036539e-03 1.478524e-02 8.244548e-03 -5.037781e-03 9.999532e-01 3.743270e+00
9.999734e-01 -5.167892e-04 7.281640e-03 -1.756344e-01 5.647865e-04 9.999781e-01 -6.590862e-03 1.385029e-02 -7.278065e-03 6.594824e-03 9.999519e-01 3.758493e+00
9.999655e-01 -1.271486e-04 -8.311281e-03 -1.464534e-01 1.690239e-04 9.999873e-01 5.038010e-03 1.302384e-02 8.310525e-03 -5.039266e-03 9.999527e-01 3.773975e+00
9.999716e-01 -5.660339e-04 7.518713e-03 -1.178661e-01 6.162824e-04 9.999775e-01 -6.682314e-03 1.201915e-02 -7.514752e-03 6.686784e-03 9.999495e-01 3.789933e+00
9.999632e-01 -2.718801e-04 -8.569105e-03 -9.018525e-02 3.161131e-04 9.999866e-01 5.161121e-03 1.049208e-02 8.567577e-03 -5.163665e-03 9.999499e-01 3.807168e+00
9.999713e-01 -3.869183e-04 7.568750e-03 -5.647811e-02 4.383926e-04 9.999768e-01 -6.800239e-03 9.705070e-03 -7.565933e-03 6.803388e-03 9.999483e-01 3.821761e+00
9.999654e-01 -3.886224e-04 -8.307306e-03 -2.497406e-02 4.316249e-04 9.999865e-01 5.175461e-03 8.967671e-03 8.305173e-03 -5.178894e-03 9.999520e-01 3.834487e+00
9.999682e-01 -6.368126e-04 7.946549e-03 5.102456e-03 6.902585e-04 9.999772e-01 -6.724567e-03 8.269151e-03 -7.942075e-03 6.729864e-03 9.999459e-01 3.844074e+00
9.999659e-01 -4.132300e-04 -8.253742e-03 3.621957e-02 4.556062e-04 9.999867e-01 5.133109e-03 7.485754e-03 8.251501e-03 -5.136720e-03 9.999527e-01 3.853559e+00
9.999688e-01 -8.011619e-04 7.856385e-03 6.971940e-02 8.530673e-04 9.999778e-01 -6.605471e-03 7.071546e-03 -7.850908e-03 6.611994e-03 9.999474e-01 3.859849e+00
9.999503e-01 -4.466983e-04 -9.955863e-03 9.020905e-02 5.066751e-04 9.999817e-01 6.022693e-03 9.473435e-03 9.952980e-03 -6.027465e-03 9.999322e-01 3.867349e+00
9.999599e-01 -9.096213e-05 8.952213e-03 1.182809e-01 1.577438e-04 9.999722e-01 -7.459198e-03 7.900066e-03 -8.951274e-03 7.460338e-03 9.999322e-01 3.890088e+00
9.999460e-01 -1.230048e-03 -1.032235e-02 1.478918e-01 1.299921e-03 9.999763e-01 6.765293e-03 8.948819e-03 1.031377e-02 -6.778372e-03 9.999237e-01 3.893880e+00
9.999557e-01 2.732746e-04 9.410672e-03 1.805597e-01 -1.964618e-04 9.999667e-01 -8.162099e-03 8.137493e-03 -9.412578e-03 8.159915e-03 9.999225e-01 3.904695e+00
9.999441e-01 -1.313053e-03 -1.049010e-02 2.118724e-01 1.384769e-03 9.999757e-01 6.832382e-03 8.065656e-03 1.048087e-02 -6.846554e-03 9.999215e-01 3.911962e+00
9.999519e-01 6.038124e-04 9.790398e-03 2.410778e-01 -5.198082e-04 9.999631e-01 -8.580381e-03 6.935186e-03 -9.795206e-03 8.574906e-03 9.999154e-01 3.925642e+00
9.999439e-01 -1.278169e-03 -1.051188e-02 2.690307e-01 1.350671e-03 9.999753e-01 6.893061e-03 6.152917e-03 1.050280e-02 -6.906900e-03 9.999209e-01 3.939795e+00
9.999524e-01 4.797867e-04 9.743793e-03 2.988456e-01 -3.971025e-04 9.999639e-01 -8.485830e-03 5.516964e-03 -9.747501e-03 8.481585e-03 9.999166e-01 3.950662e+00
9.999447e-01 -1.314756e-03 -1.043663e-02 3.269526e-01 1.387040e-03 9.999751e-01 6.921960e-03 4.707804e-03 1.042725e-02 -6.936081e-03 9.999215e-01 3.960027e+00
9.999515e-01 4.211433e-04 9.840744e-03 3.577142e-01 -3.375094e-04 9.999638e-01 -8.498680e-03 3.811245e-03 -9.843956e-03 8.494975e-03 9.999156e-01 3.967990e+00
9.999428e-01 -1.468326e-03 -1.059008e-02 3.878835e-01 1.541627e-03 9.999749e-01 6.916928e-03 3.150027e-03 1.057964e-02 -6.932887e-03 9.999199e-01 3.978984e+00
9.999516e-01 7.193013e-04 9.809720e-03 4.136019e-01 -6.373034e-04 9.999649e-01 -8.359237e-03 2.515813e-03 -9.815377e-03 8.352609e-03 9.999170e-01 3.994534e+00
9.999406e-01 -1.429196e-03 -1.080543e-02 4.411149e-01 1.501798e-03 9.999763e-01 6.714027e-03 1.925820e-03 1.079557e-02 -6.729884e-03 9.999190e-01 4.009447e+00
9.999485e-01 7.776644e-04 1.011725e-02 4.671076e-01 -6.949391e-04 9.999663e-01 -8.177427e-03 1.214424e-03 -1.012326e-02 8.170003e-03 9.999155e-01 4.025267e+00
9.999157e-01 -7.994504e-04 -1.296271e-02 4.870618e-01 8.301450e-04 9.999969e-01 2.362834e-03 -3.874466e-04 1.296077e-02 -2.373425e-03 9.999131e-01 4.074614e+00
9.999414e-01 9.270174e-04 1.078846e-02 4.871258e-01 -8.419576e-04 9.999686e-01 -7.886028e-03 2.956838e-03 -1.079542e-02 7.876512e-03 9.999108e-01 4.104752e+00
9.999296e-01 -1.400544e-03 -1.178416e-02 5.085926e-01 1.473762e-03 9.999796e-01 6.206997e-03 2.561946e-03 1.177522e-02 -6.223957e-03 9.999112e-01 4.126614e+00
9.999409e-01 9.240846e-04 1.082842e-02 5.278043e-01 -8.386210e-04 9.999685e-01 -7.894223e-03 2.094464e-03 -1.083536e-02 7.884706e-03 9.999103e-01 4.151011e+00
9.999303e-01 -1.564730e-03 -1.169971e-02 5.489677e-01 1.638723e-03 9.999787e-01 6.317623e-03 1.736078e-03 1.168956e-02 -6.336386e-03 9.999115e-01 4.173217e+00
9.999407e-01 9.882465e-04 1.084746e-02 5.674167e-01 -9.008703e-04 9.999671e-01 -8.056738e-03 1.286801e-03 -1.085505e-02 8.046518e-03 9.999088e-01 4.197125e+00
9.999267e-01 -1.654140e-03 -1.199399e-02 5.886091e-01 1.734834e-03 9.999759e-01 6.720711e-03 1.488916e-03 1.198257e-02 -6.741056e-03 9.999054e-01 4.219764e+00
9.999383e-01 1.129884e-03 1.105458e-02 6.109836e-01 -1.037276e-03 9.999644e-01 -8.379319e-03 1.127614e-03 -1.106364e-02 8.367365e-03 9.999039e-01 4.247172e+00
9.999201e-01 -1.610342e-03 -1.253474e-02 6.259018e-01 1.683357e-03 9.999817e-01 5.816765e-03 1.359716e-03 1.252513e-02 -5.837431e-03 9.999044e-01 4.276309e+00
9.999354e-01 1.247431e-03 1.129580e-02 6.412548e-01 -1.157425e-03 9.999676e-01 -7.970946e-03 1.588693e-03 -1.130537e-02 7.957388e-03 9.999045e-01 4.305819e+00
9.999209e-01 -2.078596e-03 -1.240516e-02 6.617136e-01 2.148724e-03 9.999818e-01 5.642628e-03 1.799170e-03 1.239319e-02 -5.668867e-03 9.999070e-01 4.329112e+00
9.999388e-01 1.292200e-03 1.099098e-02 6.774044e-01 -1.193454e-03 9.999589e-01 -8.985905e-03 2.369504e-03 -1.100212e-02 8.972269e-03 9.998993e-01 4.355147e+00
9.999245e-01 -1.997106e-03 -1.212418e-02 6.900232e-01 2.065561e-03 9.999820e-01 5.636502e-03 3.018278e-03 1.211269e-02 -5.661151e-03 9.999105e-01 4.383969e+00
9.999385e-01 1.326008e-03 1.101158e-02 7.057128e-01 -1.237785e-03 9.999671e-01 -8.014597e-03 3.157927e-03 -1.102183e-02 8.000506e-03 9.999073e-01 4.413794e+00
9.999222e-01 -1.944484e-03 -1.232458e-02 7.181816e-01 2.010152e-03 9.999838e-01 5.318201e-03 3.398685e-03 1.231402e-02 -5.342593e-03 9.999098e-01 4.446408e+00
9.999398e-01 1.386752e-03 1.088893e-02 7.240187e-01 -1.288518e-03 9.999585e-01 -9.023094e-03 3.869578e-03 -1.090097e-02 9.008552e-03 9.999001e-01 4.482748e+00
9.999225e-01 -1.842405e-03 -1.231128e-02 7.295422e-01 1.912667e-03 9.999819e-01 5.697960e-03 4.318088e-03 1.230054e-02 -5.721099e-03 9.999079e-01 4.521689e+00
9.999396e-01 1.417958e-03 1.089962e-02 7.341475e-01 -1.317696e-03 9.999568e-01 -9.200136e-03 4.937851e-03 -1.091218e-02 9.185250e-03 9.998984e-01 4.562394e+00
9.999220e-01 -1.972421e-03 -1.233524e-02 7.448923e-01 2.046841e-03 9.999798e-01 6.023551e-03 5.697192e-03 1.232309e-02 -6.048363e-03 9.999057e-01 4.599770e+00
9.999386e-01 1.376990e-03 1.099710e-02 7.478005e-01 -1.266602e-03 9.999488e-01 -1.003827e-02 6.371255e-03 -1.101035e-02 1.002376e-02 9.998892e-01 4.639999e+00
9.999206e-01 -1.957621e-03 -1.245149e-02 7.541399e-01 2.030600e-03 9.999808e-01 5.851326e-03 6.786237e-03 1.243978e-02 -5.876179e-03 9.999053e-01 4.683266e+00
9.999347e-01 1.576875e-03 1.132151e-02 7.568826e-01 -1.465186e-03 9.999503e-01 -9.866472e-03 7.319486e-03 -1.133649e-02 9.849274e-03 9.998873e-01 4.717667e+00
9.999219e-01 -2.012920e-03 -1.233262e-02 7.747628e-01 2.114847e-03 9.999637e-01 8.257536e-03 7.094661e-03 1.231554e-02 -8.283007e-03 9.998898e-01 4.745737e+00
9.999345e-01 1.662770e-03 1.132735e-02 7.906921e-01 -1.548122e-03 9.999476e-01 -1.012233e-02 7.043824e-03 -1.134357e-02 1.010417e-02 9.998847e-01 4.776212e+00
9.999231e-01 -2.260451e-03 -1.219246e-02 8.091278e-01 2.360051e-03 9.999639e-01 8.161046e-03 7.029051e-03 1.217356e-02 -8.189228e-03 9.998923e-01 4.804853e+00
9.999355e-01 1.688331e-03 1.122707e-02 8.253734e-01 -1.570173e-03 9.999434e-01 -1.052465e-02 7.037053e-03 -1.124418e-02 1.050638e-02 9.998817e-01 4.833136e+00
9.999223e-01 -2.302600e-03 -1.224927e-02 8.398536e-01 2.402370e-03 9.999640e-01 8.136681e-03 6.960835e-03 1.223008e-02 -8.165512e-03 9.998918e-01 4.862086e+00
9.999361e-01 1.797034e-03 1.116051e-02 8.547269e-01 -1.677827e-03 9.999416e-01 -1.068114e-02 6.924712e-03 -1.117903e-02 1.066177e-02 9.998808e-01 4.891316e+00
9.999220e-01 -2.259108e-03 -1.228561e-02 8.677696e-01 2.359361e-03 9.999640e-01 8.152096e-03 7.040552e-03 1.226673e-02 -8.180481e-03 9.998912e-01 4.923723e+00
9.999359e-01 1.804143e-03 1.117743e-02 8.785728e-01 -1.681965e-03 9.999389e-01 -1.093023e-02 7.125832e-03 -1.119645e-02 1.091076e-02 9.998779e-01 4.955759e+00
9.999200e-01 -2.385176e-03 -1.242317e-02 8.899657e-01 2.486718e-03 9.999636e-01 8.164792e-03 7.334170e-03 1.240323e-02 -8.195068e-03 9.998894e-01 4.989937e+00
9.999385e-01 1.720151e-03 1.095950e-02 8.952131e-01 -1.593604e-03 9.999321e-01 -1.154484e-02 8.275156e-03 -1.097860e-02 1.152670e-02 9.998734e-01 5.028074e+00
9.999199e-01 -2.580117e-03 -1.238861e-02 8.976129e-01 2.674974e-03 9.999672e-01 7.646532e-03 9.304361e-03 1.236846e-02 -7.679096e-03 9.998939e-01 5.070153e+00
9.999408e-01 1.948420e-03 1.070948e-02 8.997132e-01 -1.797196e-03 9.998988e-01 -1.411181e-02 1.071659e-02 -1.073587e-02 1.409176e-02 9.998432e-01 5.112882e+00
9.999217e-01 -2.782113e-03 -1.219757e-02 8.923165e-01 2.877513e-03 9.999654e-01 7.810919e-03 1.301823e-02 1.217540e-02 -7.845445e-03 9.998950e-01 5.157428e+00
9.999396e-01 1.977259e-03 1.080964e-02 8.981797e-01 -1.852078e-03 9.999313e-01 -1.157801e-02 1.439133e-02 -1.083177e-02 1.155733e-02 9.998746e-01 5.197100e+00
9.999222e-01 -2.898751e-03 -1.213230e-02 8.988897e-01 2.982973e-03 9.999715e-01 6.929887e-03 1.531956e-02 1.211185e-02 -6.965577e-03 9.999023e-01 5.234863e+00
9.999421e-01 2.165428e-03 1.054003e-02 9.017998e-01 -2.051612e-03 9.999396e-01 -1.079693e-02 1.642249e-02 -1.056276e-02 1.077472e-02 9.998863e-01 5.273812e+00
9.999238e-01 -3.101268e-03 -1.194667e-02 9.041312e-01 3.179663e-03 9.999735e-01 6.548966e-03 1.750780e-02 1.192603e-02 -6.586493e-03 9.999071e-01 5.312460e+00
9.999435e-01 2.206703e-03 1.039465e-02 9.078351e-01 -2.095702e-03 9.999408e-01 -1.067706e-02 1.837305e-02 -1.041758e-02 1.065472e-02 9.998891e-01 5.350046e+00
9.999209e-01 -3.151466e-03 -1.217894e-02 9.107930e-01 3.228501e-03 9.999749e-01 6.311018e-03 1.911711e-02 1.215873e-02 -6.349878e-03 9.999058e-01 5.387467e+00
9.999442e-01 2.255324e-03 1.032429e-02 9.114297e-01 -2.138776e-03 9.999340e-01 -1.128544e-02 2.011247e-02 -1.034905e-02 1.126277e-02 9.998831e-01 5.426662e+00
9.999232e-01 -3.187483e-03 -1.197719e-02 9.167138e-01 3.273129e-03 9.999692e-01 7.138226e-03 2.098942e-02 1.195405e-02 -7.176922e-03 9.999027e-01 5.463952e+00
9.999439e-01 2.248838e-03 1.035046e-02 9.216154e-01 -2.130003e-03 9.999319e-01 -1.147742e-02 2.202602e-02 -1.037555e-02 1.145477e-02 9.998807e-01 5.501375e+00
9.999227e-01 -3.319819e-03 -1.198275e-02 9.245205e-01 3.400337e-03 9.999717e-01 6.705729e-03 2.301580e-02 1.196013e-02 -6.745998e-03 9.999056e-01 5.538305e+00
9.999439e-01 2.339754e-03 1.032759e-02 9.276184e-01 -2.225135e-03 9.999360e-01 -1.109552e-02 2.393232e-02 -1.035287e-02 1.107196e-02 9.998852e-01 5.575759e+00
9.999215e-01 -3.342311e-03 -1.207877e-02 9.303471e-01 3.421978e-03 9.999725e-01 6.581254e-03 2.488789e-02 1.205642e-02 -6.622113e-03 9.999053e-01 5.614200e+00
9.999449e-01 2.486989e-03 1.019705e-02 9.291120e-01 -2.373239e-03 9.999350e-01 -1.115169e-02 2.572264e-02 -1.022410e-02 1.112692e-02 9.998859e-01 5.654295e+00
9.999218e-01 -3.482788e-03 -1.201210e-02 9.287075e-01 3.563154e-03 9.999714e-01 6.675904e-03 2.695255e-02 1.198849e-02 -6.718226e-03 9.999055e-01 5.696105e+00
9.999446e-01 2.439267e-03 1.024058e-02 9.273101e-01 -2.316146e-03 9.999251e-01 -1.201715e-02 2.813748e-02 -1.026911e-02 1.199281e-02 9.998754e-01 5.738214e+00
9.999213e-01 -3.401729e-03 -1.207288e-02 9.225025e-01 3.483394e-03 9.999711e-01 6.750093e-03 2.938194e-02 1.204955e-02 -6.791661e-03 9.999042e-01 5.780601e+00
9.999368e-01 2.769894e-03 1.089342e-02 9.302462e-01 -2.667798e-03 9.999525e-01 -9.375249e-03 2.912005e-02 -1.091885e-02 9.345640e-03 9.998968e-01 5.805192e+00
9.999233e-01 -3.268930e-03 -1.194853e-02 9.525479e-01 3.360875e-03 9.999648e-01 7.683455e-03 2.783383e-02 1.192297e-02 -7.723068e-03 9.998990e-01 5.817894e+00
9.999376e-01 2.828169e-03 1.080635e-02 9.746583e-01 -2.725919e-03 9.999515e-01 -9.464655e-03 2.654139e-02 -1.083258e-02 9.434652e-03 9.998969e-01 5.829201e+00
9.999218e-01 -3.346701e-03 -1.205094e-02 9.990557e-01 3.440521e-03 9.999639e-01 7.773337e-03 2.525143e-02 1.202447e-02 -7.814236e-03 9.998971e-01 5.841142e+00
9.999347e-01 2.867172e-03 1.106135e-02 1.018028e+00 -2.764640e-03 9.999532e-01 -9.273143e-03 2.437533e-02 -1.108740e-02 9.242002e-03 9.998959e-01 5.860493e+00
9.999188e-01 -3.409077e-03 -1.228112e-02 1.038204e+00 3.504277e-03 9.999639e-01 7.738869e-03 2.351752e-02 1.225428e-02 -7.781322e-03 9.998945e-01 5.877849e+00
9.999328e-01 2.870363e-03 1.123253e-02 1.057897e+00 -2.766483e-03 9.999534e-01 -9.252407e-03 2.273086e-02 -1.125854e-02 9.220755e-03 9.998942e-01 5.896406e+00
9.999183e-01 -3.421468e-03 -1.231928e-02 1.076350e+00 3.516289e-03 9.999643e-01 7.683959e-03 2.195783e-02 1.229253e-02 -7.726695e-03 9.998945e-01 5.915222e+00
9.999329e-01 2.796443e-03 1.124482e-02 1.097341e+00 -2.689643e-03 9.999513e-01 -9.501139e-03 2.103334e-02 -1.127083e-02 9.470302e-03 9.998917e-01 5.928690e+00
9.999219e-01 -3.472994e-03 -1.200601e-02 1.123661e+00 3.565908e-03 9.999638e-01 7.726680e-03 1.977798e-02 1.197872e-02 -7.768934e-03 9.998980e-01 5.938761e+00
9.999362e-01 2.875319e-03 1.092366e-02 1.146360e+00 -2.772823e-03 9.999521e-01 -9.386105e-03 1.872028e-02 -1.095011e-02 9.355263e-03 9.998964e-01 5.950137e+00
9.999235e-01 -3.472138e-03 -1.187534e-02 1.168313e+00 3.562255e-03 9.999649e-01 7.576268e-03 1.747437e-02 1.184859e-02 -7.618037e-03 9.999007e-01 5.962177e+00
9.999392e-01 2.823416e-03 1.065835e-02 1.195751e+00 -2.722947e-03 9.999518e-01 -9.428584e-03 1.637596e-02 -1.068444e-02 9.399035e-03 9.998988e-01 5.977408e+00
9.999270e-01 -3.223683e-03 -1.164530e-02 1.219949e+00 3.311952e-03 9.999659e-01 7.568842e-03 1.529245e-02 1.162049e-02 -7.606904e-03 9.999035e-01 5.990976e+00
9.999412e-01 2.817460e-03 1.047623e-02 1.241223e+00 -2.719155e-03 9.999523e-01 -9.385587e-03 1.407406e-02 -1.050215e-02 9.356594e-03 9.999012e-01 6.003634e+00
9.999264e-01 -3.166915e-03 -1.171552e-02 1.260102e+00 3.256270e-03 9.999657e-01 7.616297e-03 1.290295e-02 1.169098e-02 -7.653931e-03 9.999023e-01 6.020018e+00
9.999408e-01 2.748739e-03 1.052481e-02 1.280962e+00 -2.651774e-03 9.999540e-01 -9.215376e-03 1.205594e-02 -1.054963e-02 9.186968e-03 9.999022e-01 6.039182e+00
9.999281e-01 -3.272202e-03 -1.153401e-02 1.303528e+00 3.359952e-03 9.999655e-01 7.597211e-03 1.111882e-02 1.150873e-02 -7.635466e-03 9.999045e-01 6.057863e+00
9.999411e-01 2.925518e-03 1.045533e-02 1.323805e+00 -2.828609e-03 9.999530e-01 -9.271110e-03 1.007162e-02 -1.048194e-02 9.241037e-03 9.999025e-01 6.078560e+00
9.999288e-01 -3.340237e-03 -1.145311e-02 1.344765e+00 3.428211e-03 9.999647e-01 7.670673e-03 9.516217e-03 1.142706e-02 -7.709438e-03 9.999049e-01 6.100961e+00
9.999380e-01 2.686542e-03 1.081042e-02 1.367153e+00 -2.586522e-03 9.999538e-01 -9.255024e-03 9.130372e-03 -1.083477e-02 9.226536e-03 9.998988e-01 6.120410e+00
9.999280e-01 -3.260062e-03 -1.154863e-02 1.386154e+00 3.347705e-03 9.999657e-01 7.578313e-03 8.313384e-03 1.152350e-02 -7.616477e-03 9.999045e-01 6.141383e+00
9.999386e-01 2.753756e-03 1.073678e-02 1.407999e+00 -2.655940e-03 9.999549e-01 -9.113492e-03 7.948235e-03 -1.076137e-02 9.084463e-03 9.999009e-01 6.161422e+00
9.999281e-01 -3.470574e-03 -1.147612e-02 1.431782e+00 3.558325e-03 9.999645e-01 7.635305e-03 7.572841e-03 1.144919e-02 -7.675640e-03 9.999049e-01 6.180369e+00
9.999388e-01 2.863872e-03 1.068563e-02 1.452710e+00 -2.765488e-03 9.999538e-01 -9.210062e-03 6.987189e-03 -1.071149e-02 9.179995e-03 9.999006e-01 6.200918e+00
9.999276e-01 -3.518154e-03 -1.151124e-02 1.474708e+00 3.607234e-03 9.999636e-01 7.727436e-03 6.683229e-03 1.148361e-02 -7.768448e-03 9.999038e-01 6.221465e+00
9.999387e-01 2.873145e-03 1.069158e-02 1.495509e+00 -2.773617e-03 9.999528e-01 -9.311631e-03 6.520461e-03 -1.071781e-02 9.281454e-03 9.998996e-01 6.241789e+00
9.999293e-01 -3.432357e-03 -1.138503e-02 1.514435e+00 3.521893e-03 9.999629e-01 7.854130e-03 6.427859e-03 1.135763e-02 -7.893720e-03 9.999042e-01 6.265066e+00
9.999404e-01 2.957054e-03 1.050764e-02 1.534312e+00 -2.857359e-03 9.999509e-01 -9.489653e-03 6.436601e-03 -1.053517e-02 9.459112e-03 9.998999e-01 6.289643e+00
9.999325e-01 -3.416565e-03 -1.110807e-02 1.554157e+00 3.502751e-03 9.999638e-01 7.749129e-03 5.544715e-03 1.108117e-02 -7.787563e-03 9.999082e-01 6.307891e+00
9.999443e-01 2.735447e-03 1.019759e-02 1.579572e+00 -2.638754e-03 9.999516e-01 -9.482780e-03 4.591203e-03 -1.022302e-02 9.455391e-03 9.999031e-01 6.318611e+00
9.999310e-01 -3.578471e-03 -1.119117e-02 1.606909e+00 3.667315e-03 9.999618e-01 7.928828e-03 4.319720e-03 1.116235e-02 -7.969371e-03 9.999058e-01 6.335313e+00
9.999413e-01 2.940881e-03 1.042560e-02 1.628951e+00 -2.842255e-03 9.999512e-01 -9.461577e-03 3.704266e-03 -1.045290e-02 9.431438e-03 9.999010e-01 6.352621e+00
9.999295e-01 -3.538387e-03 -1.133597e-02 1.653143e+00 3.626198e-03 9.999635e-01 7.735593e-03 2.744208e-03 1.130816e-02 -7.776203e-03 9.999057e-01 6.364743e+00
9.999409e-01 2.958349e-03 1.045955e-02 1.677758e+00 -2.859662e-03 9.999514e-01 -9.436918e-03 1.689598e-03 -1.048694e-02 9.406498e-03 9.999009e-01 6.375751e+00
9.999267e-01 -3.725758e-03 -1.151599e-02 1.703372e+00 3.816948e-03 9.999614e-01 7.907280e-03 1.630612e-03 1.148607e-02 -7.950706e-03 9.999023e-01 6.392293e+00
9.999398e-01 3.125723e-03 1.051705e-02 1.722173e+00 -3.024599e-03 9.999492e-01 -9.616887e-03 1.972774e-03 -1.054655e-02 9.584547e-03 9.998985e-01 6.420468e+00
9.999277e-01 -3.892290e-03 -1.137864e-02 1.742547e+00 3.981879e-03 9.999612e-01 7.861951e-03 2.414114e-03 1.134758e-02 -7.906741e-03 9.999043e-01 6.445750e+00
9.999405e-01 3.176436e-03 1.043393e-02 1.760182e+00 -3.072973e-03 9.999461e-01 -9.916589e-03 2.638992e-03 -1.046485e-02 9.883985e-03 9.998965e-01 6.473464e+00
9.999274e-01 -3.504650e-03 -1.152928e-02 1.774091e+00 3.598758e-03 9.999603e-01 8.152373e-03 2.204582e-03 1.150023e-02 -8.193322e-03 9.999002e-01 6.496334e+00
9.999385e-01 2.921013e-03 1.069426e-02 1.797851e+00 -2.815631e-03 9.999475e-01 -9.855242e-03 1.188911e-03 -1.072246e-02 9.824575e-03 9.998943e-01 6.507255e+00
9.999269e-01 -3.490057e-03 -1.157690e-02 1.823419e+00 3.584282e-03 9.999605e-01 8.128860e-03 5.646489e-05 1.154805e-02 -8.169811e-03 9.998999e-01 6.518632e+00
9.999388e-01 3.048793e-03 1.063835e-02 1.845295e+00 -2.943153e-03 9.999464e-01 -9.931133e-03 -1.113565e-03 -1.066804e-02 9.899265e-03 9.998942e-01 6.532814e+00
9.999268e-01 -3.440936e-03 -1.159680e-02 1.867434e+00 3.535506e-03 9.999606e-01 8.144740e-03 -2.375961e-03 1.156829e-02 -8.185195e-03 9.998995e-01 6.547518e+00
9.999383e-01 2.962805e-03 1.070487e-02 1.891920e+00 -2.856517e-03 9.999466e-01 -9.930020e-03 -3.510996e-03 -1.073370e-02 9.898879e-03 9.998935e-01 6.560574e+00
9.999274e-01 -3.544132e-03 -1.151692e-02 1.915800e+00 3.640050e-03 9.999588e-01 8.318681e-03 -4.552997e-03 1.148694e-02 -8.360050e-03 9.998990e-01 6.575729e+00
9.999377e-01 2.886686e-03 1.078630e-02 1.939352e+00 -2.779686e-03 9.999469e-01 -9.921273e-03 -5.521565e-03 -1.081434e-02 9.890722e-03 9.998927e-01 6.591575e+00
9.999271e-01 -3.413275e-03 -1.158002e-02 1.960569e+00 3.508285e-03 9.999603e-01 8.194842e-03 -6.451188e-03 1.155157e-02 -8.234921e-03 9.998993e-01 6.610939e+00
9.999370e-01 2.856318e-03 1.085835e-02 1.982083e+00 -2.749490e-03 9.999478e-01 -9.839947e-03 -7.383242e-03 -1.088587e-02 9.809522e-03 9.998927e-01 6.628830e+00
9.999265e-01 -3.436302e-03 -1.163036e-02 2.003923e+00 3.530141e-03 9.999613e-01 8.058063e-03 -8.515573e-03 1.160219e-02 -8.098578e-03 9.998998e-01 6.644197e+00
9.999387e-01 2.915419e-03 1.068287e-02 2.027166e+00 -2.811564e-03 9.999488e-01 -9.723106e-03 -9.657728e-03 -1.071065e-02 9.692526e-03 9.998958e-01 6.658041e+00
9.999278e-01 -3.553510e-03 -1.147776e-02 2.053221e+00 3.646025e-03 9.999609e-01 8.050147e-03 -1.064335e-02 1.144868e-02 -8.091465e-03 9.999016e-01 6.670290e+00
9.999416e-01 2.997534e-03 1.038129e-02 2.079637e+00 -2.897731e-03 9.999496e-01 -9.614785e-03 -1.113592e-02 -1.040957e-02 9.584193e-03 9.999000e-01 6.690221e+00
9.999278e-01 -3.643243e-03 -1.145362e-02 2.101260e+00 3.732390e-03 9.999628e-01 7.772115e-03 -1.130678e-02 1.142486e-02 -7.814354e-03 9.999041e-01 6.717080e+00
9.999400e-01 3.017823e-03 1.053338e-02 2.116801e+00 -2.911506e-03 9.999448e-01 -1.009350e-02 -1.156426e-02 -1.056323e-02 1.006227e-02 9.998937e-01 6.744293e+00
9.999282e-01 -3.557742e-03 -1.144341e-02 2.137847e+00 3.656205e-03 9.999564e-01 8.595580e-03 -1.182521e-02 1.141230e-02 -8.636854e-03 9.998975e-01 6.770716e+00
9.999387e-01 3.050663e-03 1.064796e-02 2.159415e+00 -2.942744e-03 9.999443e-01 -1.013555e-02 -1.224672e-02 -1.067826e-02 1.010365e-02 9.998920e-01 6.796339e+00
9.999280e-01 -3.605412e-03 -1.144774e-02 2.180834e+00 3.705114e-03 9.999553e-01 8.700634e-03 -1.272109e-02 1.141583e-02 -8.742474e-03 9.998965e-01 6.819817e+00
9.999384e-01 3.082834e-03 1.066073e-02 2.202043e+00 -2.975120e-03 9.999445e-01 -1.010420e-02 -1.326080e-02 -1.069126e-02 1.007192e-02 9.998922e-01 6.843851e+00
9.999272e-01 -3.812585e-03 -1.144405e-02 2.226865e+00 3.913027e-03 9.999539e-01 8.767851e-03 -1.366526e-02 1.141007e-02 -8.812046e-03 9.998960e-01 6.863649e+00
9.999385e-01 3.030719e-03 1.067049e-02 2.251386e+00 -2.921286e-03 9.999431e-01 -1.025566e-02 -1.428643e-02 -1.070095e-02 1.022390e-02 9.998906e-01 6.882928e+00
9.999268e-01 -3.607131e-03 -1.155140e-02 2.273612e+00 3.707926e-03 9.999551e-01 8.716914e-03 -1.504264e-02 1.151941e-02 -8.759160e-03 9.998952e-01 6.902085e+00
9.999411e-01 3.099551e-03 1.040263e-02 2.297354e+00 -2.991588e-03 9.999417e-01 -1.037738e-02 -1.598318e-02 -1.043416e-02 1.034570e-02 9.998921e-01 6.918794e+00
9.999259e-01 -3.524401e-03 -1.164970e-02 2.318878e+00 3.624979e-03 9.999562e-01 8.624289e-03 -1.713287e-02 1.161877e-02 -8.665932e-03 9.998949e-01 6.937942e+00
9.999408e-01 3.243889e-03 1.038446e-02 2.340189e+00 -3.135740e-03 9.999409e-01 -1.041319e-02 -1.824891e-02 -1.041760e-02 1.038006e-02 9.998919e-01 6.956713e+00
9.999258e-01 -3.620563e-03 -1.163446e-02 2.362489e+00 3.722041e-03 9.999551e-01 8.712998e-03 -1.935104e-02 1.160237e-02 -8.755708e-03 9.998943e-01 6.974388e+00
9.999431e-01 3.187342e-03 1.018250e-02 2.385735e+00 -3.081994e-03 9.999418e-01 -1.034428e-02 -2.014224e-02 -1.021485e-02 1.031236e-02 9.998947e-01 6.997791e+00
9.999310e-01 -3.694023e-03 -1.114683e-02 2.407287e+00 3.792293e-03 9.999540e-01 8.808411e-03 -2.075441e-02 1.111375e-02 -8.850129e-03 9.998990e-01 7.018138e+00
9.999439e-01 3.140739e-03 1.012081e-02 2.430622e+00 -3.034858e-03 9.999407e-01 -1.045936e-02 -2.184001e-02 -1.015303e-02 1.042811e-02 9.998942e-01 7.032789e+00
9.999305e-01 -3.718920e-03 -1.118547e-02 2.455686e+00 3.817394e-03 9.999540e-01 8.795960e-03 -2.292036e-02 1.115222e-02 -8.838101e-03 9.998987e-01 7.045608e+00
9.999444e-01 3.235510e-03 1.004137e-02 2.479220e+00 -3.129514e-03 9.999394e-01 -1.055302e-02 -2.413738e-02 -1.007488e-02 1.052106e-02 9.998940e-01 7.059823e+00
9.999283e-01 -3.789237e-03 -1.135959e-02 2.511800e+00 3.886084e-03 9.999562e-01 8.516329e-03 -2.522581e-02 1.132679e-02 -8.559916e-03 9.998991e-01 7.080997e+00
9.999423e-01 3.363661e-03 1.020605e-02 2.532797e+00 -3.252264e-03 9.999352e-01 -1.091112e-02 -2.516534e-02 -1.024207e-02 1.087735e-02 9.998885e-01 7.100567e+00
9.999288e-01 -3.806722e-03 -1.131033e-02 2.553909e+00 3.912265e-03 9.999489e-01 9.324774e-03 -2.593629e-02 1.127423e-02 -9.368413e-03 9.998925e-01 7.118472e+00
9.999412e-01 3.408479e-03 1.029251e-02 2.571893e+00 -3.297571e-03 9.999365e-01 -1.077267e-02 -2.639010e-02 -1.032855e-02 1.073815e-02 9.998891e-01 7.143584e+00
9.999284e-01 -3.935947e-03 -1.129611e-02 2.592385e+00 4.042009e-03 9.999478e-01 9.382447e-03 -2.685273e-02 1.125856e-02 -9.427488e-03 9.998921e-01 7.166808e+00
9.999394e-01 3.319275e-03 1.049361e-02 2.614544e+00 -3.205748e-03 9.999364e-01 -1.081632e-02 -2.728371e-02 -1.052881e-02 1.078208e-02 9.998865e-01 7.186636e+00
9.999295e-01 -4.013943e-03 -1.117873e-02 2.637184e+00 4.118994e-03 9.999474e-01 9.390974e-03 -2.766279e-02 1.114042e-02 -9.436411e-03 9.998933e-01 7.206030e+00
9.999387e-01 3.299544e-03 1.057247e-02 2.661084e+00 -3.183987e-03 9.999352e-01 -1.092744e-02 -2.840100e-02 -1.060782e-02 1.089316e-02 9.998845e-01 7.222616e+00
9.999259e-01 -4.064149e-03 -1.147354e-02 2.688696e+00 4.171407e-03 9.999477e-01 9.340567e-03 -2.930802e-02 1.143495e-02 -9.387790e-03 9.998905e-01 7.233042e+00
9.999389e-01 3.491980e-03 1.049058e-02 2.711947e+00 -3.377713e-03 9.999350e-01 -1.088953e-02 -3.018243e-02 -1.052789e-02 1.085349e-02 9.998858e-01 7.248988e+00
9.999258e-01 -4.038209e-03 -1.148978e-02 2.734524e+00 4.146220e-03 9.999473e-01 9.393068e-03 -3.089644e-02 1.145122e-02 -9.440065e-03 9.998898e-01 7.266608e+00
9.999380e-01 3.375449e-03 1.061591e-02 2.757653e+00 -3.260356e-03 9.999359e-01 -1.083946e-02 -3.164534e-02 -1.065179e-02 1.080423e-02 9.998850e-01 7.282062e+00
9.999271e-01 -4.103428e-03 -1.135517e-02 2.779370e+00 4.209732e-03 9.999474e-01 9.354467e-03 -3.250919e-02 1.131616e-02 -9.401643e-03 9.998917e-01 7.297060e+00
9.999379e-01 3.439907e-03 1.059733e-02 2.804341e+00 -3.324478e-03 9.999352e-01 -1.088990e-02 -3.336817e-02 -1.063407e-02 1.085404e-02 9.998846e-01 7.311558e+00
9.999274e-01 -4.120519e-03 -1.132250e-02 2.828870e+00 4.225920e-03 9.999478e-01 9.301629e-03 -3.427491e-02 1.128356e-02 -9.348857e-03 9.998925e-01 7.325923e+00
9.999390e-01 3.324399e-03 1.052978e-02 2.857671e+00 -3.209975e-03 9.999358e-01 -1.086421e-02 -3.512468e-02 -1.056519e-02 1.082980e-02 9.998856e-01 7.334664e+00
9.999267e-01 -4.133994e-03 -1.138282e-02 2.883344e+00 4.239222e-03 9.999483e-01 9.236651e-03 -3.618994e-02 1.134402e-02 -9.284283e-03 9.998925e-01 7.345663e+00
9.999410e-01 3.506479e-03 1.028273e-02 2.909510e+00 -3.394814e-03 9.999353e-01 -1.085605e-02 -3.719248e-02 -1.032011e-02 1.082056e-02 9.998883e-01 7.357084e+00
9.999283e-01 -4.244422e-03 -1.119421e-02 2.935614e+00 4.347935e-03 9.999479e-01 9.239639e-03 -3.818899e-02 1.115438e-02 -9.287704e-03 9.998946e-01 7.368054e+00
9.999407e-01 3.466604e-03 1.032363e-02 2.962121e+00 -3.354596e-03 9.999356e-01 -1.084645e-02 -3.929247e-02 -1.036054e-02 1.081123e-02 9.998880e-01 7.377035e+00
9.999202e-01 -4.321479e-03 -1.187275e-02 2.984618e+00 4.426102e-03 9.999515e-01 8.800621e-03 -3.939171e-02 1.183411e-02 -8.852524e-03 9.998907e-01 7.402525e+00
9.999442e-01 3.527724e-03 9.956280e-03 2.990370e+00 -3.399249e-03 9.999111e-01 -1.289059e-02 -3.859154e-02 -1.000084e-02 1.285608e-02 9.998674e-01 7.437367e+00
9.999215e-01 -4.373301e-03 -1.173794e-02 2.997711e+00 4.479416e-03 9.999492e-01 9.030017e-03 -3.787899e-02 1.169783e-02 -9.081944e-03 9.998902e-01 7.470235e+00
9.999416e-01 3.889295e-03 1.008070e-02 2.995873e+00 -3.752667e-03 9.999013e-01 -1.353621e-02 -3.763713e-02 -1.013232e-02 1.349765e-02 9.998577e-01 7.506563e+00
9.999214e-01 -4.377708e-03 -1.175189e-02 3.007772e+00 4.507570e-03 9.999288e-01 1.104743e-02 -3.748393e-02 1.170266e-02 -1.109959e-02 9.998698e-01 7.538860e+00
9.999347e-01 3.829271e-03 1.077092e-02 3.027447e+00 -3.693873e-03 9.999143e-01 -1.256180e-02 -3.788020e-02 -1.081807e-02 1.252125e-02 9.998632e-01 7.558480e+00
9.999145e-01 -4.538756e-03 -1.226208e-02 3.050589e+00 4.671359e-03 9.999307e-01 1.080792e-02 -3.818156e-02 1.221215e-02 -1.086433e-02 9.998663e-01 7.583478e+00
9.999364e-01 3.911799e-03 1.057553e-02 3.061624e+00 -3.765715e-03 9.998977e-01 -1.379733e-02 -3.781556e-02 -1.062839e-02 1.375668e-02 9.998490e-01 7.616155e+00
9.999141e-01 -4.650640e-03 -1.225622e-02 3.075872e+00 4.784993e-03 9.999285e-01 1.095636e-02 -3.739998e-02 1.220436e-02 -1.101412e-02 9.998648e-01 7.647759e+00
9.999342e-01 3.886934e-03 1.079192e-02 3.089383e+00 -3.736373e-03 9.998959e-01 -1.393566e-02 -3.708115e-02 -1.084494e-02 1.389448e-02 9.998447e-01 7.677220e+00
9.999146e-01 -4.605606e-03 -1.223039e-02 3.105348e+00 4.746419e-03 9.999225e-01 1.151018e-02 -3.691462e-02 1.217640e-02 -1.156730e-02 9.998589e-01 7.706448e+00
9.999351e-01 3.961249e-03 1.068194e-02 3.123211e+00 -3.815992e-03 9.999005e-01 -1.358367e-02 -3.680712e-02 -1.073466e-02 1.354209e-02 9.998508e-01 7.732796e+00
9.999204e-01 -4.520300e-03 -1.177566e-02 3.143783e+00 4.656974e-03 9.999218e-01 1.160583e-02 -3.678085e-02 1.172225e-02 -1.165980e-02 9.998632e-01 7.761474e+00
9.999367e-01 4.140931e-03 1.046265e-02 3.148635e+00 -3.982046e-03 9.998772e-01 -1.516043e-02 -3.701923e-02 -1.052411e-02 1.511786e-02 9.998304e-01 7.792513e+00
9.999164e-01 -4.460561e-03 -1.213494e-02 3.164860e+00 4.624859e-03 9.998975e-01 1.354585e-02 -3.772411e-02 1.207324e-02 -1.360090e-02 9.998345e-01 7.822457e+00
9.999345e-01 4.237083e-03 1.063380e-02 3.167120e+00 -4.053208e-03 9.998429e-01 -1.725305e-02 -3.809604e-02 -1.070520e-02 1.720888e-02 9.997947e-01 7.857601e+00
9.999192e-01 -4.499903e-03 -1.189187e-02 3.184539e+00 4.685929e-03 9.998663e-01 1.566263e-02 -3.836676e-02 1.181977e-02 -1.571714e-02 9.998065e-01 7.887363e+00
