9.999854e-01 -1.292629e-03 -5.255196e-03 3.481050e-02 1.290962e-03 9.999991e-01 -3.206292e-04 -3.486037e-03 5.255606e-03 3.138398e-04 9.999862e-01 9.260632e-03
1.000000e+00 1.559404e-05 -2.161548e-04 7.054056e-02 -1.558658e-05 1.000000e+00 3.443384e-05 -7.133401e-03 2.161543e-04 -3.443005e-05 9.999999e-01 1.906116e-02
9.999872e-01 -1.533365e-03 -4.829554e-03 1.072049e-01 1.531037e-03 9.999987e-01 -4.855200e-04 -1.068117e-02 4.830293e-03 4.781192e-04 9.999883e-01 3.142887e-02
1.000000e+00 2.086560e-05 -3.020571e-04 1.446098e-01 -2.084906e-05 1.000000e+00 5.466592e-05 -1.436963e-02 3.020562e-04 -5.465929e-05 9.999999e-01 4.611070e-02
9.999814e-01 -1.543190e-03 -5.899933e-03 1.747566e-01 1.540088e-03 9.999987e-01 -5.303575e-04 -1.828100e-02 5.900746e-03 5.212609e-04 9.999826e-01 6.771690e-02
9.999995e-01 1.694881e-04 -1.034799e-03 2.025099e-01 -1.694664e-04 1.000000e+00 2.107487e-05 -2.275497e-02 1.034799e-03 -2.089925e-05 9.999994e-01 1.039018e-01
9.999884e-01 -1.347669e-03 -4.622332e-03 2.369200e-01 1.345162e-03 9.999989e-01 -5.455561e-04 -2.756403e-02 4.623066e-03 5.393318e-04 9.999893e-01 1.280991e-01
9.999997e-01 -1.095103e-04 -8.045605e-04 2.739665e-01 1.096926e-04 1.000000e+00 2.264998e-04 -3.136490e-02 8.045312e-04 -2.265878e-04 9.999996e-01 1.427838e-01
9.999888e-01 -1.326217e-03 -4.551533e-03 3.118056e-01 1.323648e-03 9.999990e-01 -5.674433e-04 -3.509704e-02 4.552286e-03 5.614122e-04 9.999896e-01 1.558363e-01
9.999998e-01 -1.401251e-04 -6.861580e-04 3.499335e-01 1.402703e-04 1.000000e+00 2.115751e-04 -3.881099e-02 6.861228e-04 -2.116712e-04 9.999996e-01 1.689376e-01
9.999858e-01 -1.331747e-03 -5.159330e-03 3.762693e-01 1.328049e-03 9.999989e-01 -7.201046e-04 -4.261867e-02 5.160290e-03 7.132425e-04 9.999865e-01 1.971188e-01
9.999998e-01 -2.373741e-04 -5.221730e-04 4.088636e-01 2.375114e-04 9.999999e-01 2.629570e-04 -4.692807e-02 5.221039e-04 -2.630809e-04 9.999997e-01 2.213674e-01
9.999859e-01 -1.087721e-03 -5.200481e-03 4.428690e-01 1.084196e-03 9.999992e-01 -6.806975e-04 -5.068914e-02 5.201224e-03 6.750495e-04 9.999863e-01 2.384642e-01
9.999999e-01 -4.019844e-04 -2.115278e-04 4.788038e-01 4.020487e-04 9.999999e-01 3.040477e-04 -5.455853e-02 2.113978e-04 -3.041328e-04 9.999998e-01 2.535214e-01
9.999847e-01 -1.046702e-03 -5.435336e-03 5.146716e-01 1.042824e-03 9.999992e-01 -7.161245e-04 -5.837682e-02 5.436089e-03 7.104455e-04 9.999851e-01 2.708912e-01
9.999999e-01 -4.677882e-04 -1.227690e-04 5.504856e-01 4.678298e-04 9.999998e-01 3.394709e-04 -6.222971e-02 1.226012e-04 -3.395285e-04 9.999998e-01 2.864720e-01
9.999853e-01 -9.648116e-04 -5.334531e-03 5.887741e-01 9.610749e-04 9.999993e-01 -7.029883e-04 -6.604387e-02 5.335214e-03 6.978513e-04 9.999856e-01 3.005779e-01
9.999999e-01 -5.013320e-04 -1.195530e-04 6.271014e-01 5.013723e-04 9.999998e-01 3.373087e-04 -6.994104e-02 1.193739e-04 -3.373688e-04 9.999998e-01 3.153487e-01
9.999843e-01 -9.991800e-04 -5.505719e-03 6.609639e-01 9.952557e-04 9.999992e-01 -7.154539e-04 -7.375833e-02 5.506440e-03 7.099633e-04 9.999847e-01 3.332401e-01
9.999998e-01 -4.213856e-04 -4.814405e-04 6.917853e-01 4.215096e-04 9.999999e-01 2.576124e-04 -7.789734e-02 4.813207e-04 -2.578155e-04 9.999998e-01 3.631237e-01
9.999855e-01 -1.089100e-03 -5.282576e-03 7.232362e-01 1.085330e-03 9.999992e-01 -7.165006e-04 -8.220914e-02 5.283364e-03 7.107571e-04 9.999859e-01 3.882466e-01
9.999999e-01 -1.088004e-04 -3.951033e-04 7.585200e-01 1.089451e-04 9.999999e-01 3.662926e-04 -8.599531e-02 3.950512e-04 -3.663359e-04 9.999998e-01 4.024445e-01
9.999870e-01 -1.092306e-03 -4.972325e-03 7.952815e-01 1.088545e-03 9.999991e-01 -7.590109e-04 -8.968578e-02 4.973163e-03 7.535888e-04 9.999874e-01 4.171107e-01
9.999999e-01 -2.188993e-04 -2.286989e-04 8.328316e-01 2.190003e-04 9.999999e-01 4.418924e-04 -9.330885e-02 2.285888e-04 -4.419428e-04 9.999998e-01 4.282989e-01
9.999871e-01 -7.340120e-04 -5.016362e-03 8.707440e-01 7.303185e-04 9.999995e-01 -7.380936e-04 -9.683710e-02 5.016915e-03 7.344210e-04 9.999872e-01 4.385300e-01
9.999997e-01 -7.830889e-04 1.916551e-04 9.068969e-01 7.830020e-04 9.999996e-01 4.529902e-04 -1.002930e-01 -1.920241e-04 -4.528404e-04 9.999998e-01 4.526230e-01
9.999862e-01 -6.164794e-04 -5.224356e-03 9.433574e-01 6.124917e-04 9.999995e-01 -7.648567e-04 -1.039045e-01 5.224840e-03 7.616467e-04 9.999862e-01 4.663864e-01
9.999997e-01 -8.080988e-04 1.157665e-04 9.813732e-01 8.080506e-04 9.999996e-01 4.157287e-04 -1.075977e-01 -1.161178e-04 -4.156355e-04 9.999998e-01 4.787494e-01
9.999853e-01 -6.112619e-04 -5.392220e-03 1.017734e+00 6.075881e-04 9.999996e-01 -6.829287e-04 -1.112957e-01 5.392651e-03 6.796429e-04 9.999853e-01 4.939192e-01
9.999997e-01 -8.074689e-04 4.558240e-05 1.052748e+00 8.074522e-04 9.999996e-01 3.651797e-04 -1.148980e-01 -4.589363e-05 -3.651433e-04 9.999998e-01 5.107031e-01
9.999841e-01 -7.709589e-04 -5.592482e-03 1.085190e+00 7.672601e-04 9.999995e-01 -6.635210e-04 -1.186312e-01 5.593008e-03 6.592200e-04 9.999842e-01 5.327195e-01
9.999996e-01 -7.425930e-04 -4.201776e-04 1.114263e+00 7.427604e-04 9.999996e-01 3.984849e-04 -1.225602e-01 4.198640e-04 -3.987974e-04 9.999997e-01 5.607755e-01
9.999868e-01 -7.719197e-04 -5.088592e-03 1.145563e+00 7.685666e-04 9.999995e-01 -6.608623e-04 -1.265969e-01 5.089117e-03 6.569431e-04 9.999869e-01 5.843079e-01
9.999997e-01 -5.879304e-04 -4.117955e-04 1.182493e+00 5.880301e-04 9.999998e-01 2.421736e-04 -1.304110e-01 4.116345e-04 -2.424162e-04 9.999998e-01 5.991213e-01
9.999877e-01 -6.854913e-04 -4.905354e-03 1.216088e+00 6.821004e-04 9.999995e-01 -6.929160e-04 -1.338790e-01 4.905846e-03 6.895622e-04 9.999878e-01 6.138802e-01
9.999997e-01 -7.205321e-04 7.240514e-06 1.251817e+00 7.205300e-04 9.999997e-01 2.760128e-04 -1.374438e-01 -7.458992e-06 -2.760081e-04 9.999999e-01 6.297354e-01
9.999862e-01 -8.450240e-04 -5.191504e-03 1.284321e+00 8.414055e-04 9.999994e-01 -6.991557e-04 -1.410338e-01 5.192112e-03 6.947785e-04 9.999864e-01 6.468564e-01
9.999998e-01 -6.688196e-04 6.631018e-05 1.320500e+00 6.688051e-04 9.999998e-01 2.178005e-04 -1.447615e-01 -6.647645e-05 -2.177568e-04 9.999999e-01 6.627787e-01
9.999758e-01 -4.385743e-04 -6.949525e-03 1.343396e+00 4.334401e-04 9.999996e-01 -7.402922e-04 -1.489558e-01 6.949868e-03 7.372627e-04 9.999757e-01 7.037973e-01
9.999977e-01 -1.429773e-03 1.597127e-03 1.370359e+00 1.429423e-03 9.999990e-01 2.202482e-04 -1.538164e-01 -1.597462e-03 -2.179655e-04 9.999986e-01 7.422688e-01
9.999776e-01 1.789859e-05 -6.686859e-03 1.408673e+00 -2.233056e-05 9.999998e-01 -6.627237e-04 -1.574166e-01 6.686868e-03 6.628589e-04 9.999775e-01 7.534331e-01
9.999970e-01 -1.341203e-03 2.032930e-03 1.447821e+00 1.340583e-03 9.999991e-01 3.066658e-04 -1.608945e-01 -2.033362e-03 -3.039403e-04 9.999978e-01 7.605037e-01
9.999694e-01 -1.422907e-04 -7.828079e-03 1.475051e+00 1.349337e-04 9.999995e-01 -9.403558e-04 -1.645976e-01 7.828232e-03 9.392716e-04 9.999690e-01 7.847865e-01
9.999976e-01 -1.468164e-03 1.639671e-03 1.494003e+00 1.467658e-03 9.999989e-01 3.096388e-04 -1.689734e-01 -1.640148e-03 -3.072324e-04 9.999985e-01 8.252118e-01
9.999674e-01 -2.281801e-04 -8.076699e-03 1.510923e+00 2.219800e-04 9.999997e-01 -7.685567e-04 -1.736042e-01 8.076896e-03 7.667397e-04 9.999672e-01 8.673274e-01
9.999966e-01 -1.271826e-03 2.288688e-03 1.536260e+00 1.270708e-03 9.999991e-01 4.896738e-04 -1.779887e-01 -2.289334e-03 -4.867648e-04 9.999972e-01 8.880466e-01
9.999710e-01 -6.461016e-05 -7.614345e-03 1.571866e+00 5.813814e-05 9.999996e-01 -8.502074e-04 -1.816617e-01 7.614423e-03 8.497410e-04 9.999707e-01 8.998137e-01
9.999954e-01 -1.220721e-03 2.758688e-03 1.610466e+00 1.219561e-03 9.999992e-01 4.220942e-04 -1.851153e-01 -2.759227e-03 -4.187288e-04 9.999960e-01 9.092083e-01
9.999710e-01 -1.627504e-04 -7.609243e-03 1.649171e+00 1.562431e-04 9.999996e-01 -8.557876e-04 -1.885716e-01 7.609406e-03 8.545749e-04 9.999708e-01 9.185333e-01
9.999963e-01 -1.269265e-03 2.416318e-03 1.687014e+00 1.268215e-03 9.999991e-01 4.359155e-04 -1.923453e-01 -2.416896e-03 -4.328505e-04 9.999969e-01 9.281587e-01
9.999673e-01 -5.826113e-05 -8.088588e-03 1.722934e+00 5.084344e-05 9.999996e-01 -9.172716e-04 -1.962248e-01 8.088666e-03 9.168314e-04 9.999670e-01 9.448829e-01
9.999962e-01 -1.178871e-03 2.498038e-03 1.760396e+00 1.177972e-03 9.999992e-01 3.613149e-04 -2.002122e-01 -2.498490e-03 -3.583720e-04 9.999967e-01 9.628385e-01
9.999677e-01 -2.887631e-04 -8.030126e-03 1.794412e+00 2.825964e-04 9.999997e-01 -7.690893e-04 -2.041857e-01 8.030374e-03 7.667963e-04 9.999676e-01 9.832325e-01
9.999967e-01 -1.132619e-03 2.306783e-03 1.828636e+00 1.131771e-03 9.999993e-01 3.689928e-04 -2.083899e-01 -2.307228e-03 -3.663819e-04 9.999972e-01 9.996135e-01
9.999617e-01 -2.564003e-04 -8.753259e-03 1.862499e+00 2.475126e-04 9.999995e-01 -1.016437e-03 -2.131016e-01 8.753545e-03 1.014233e-03 9.999613e-01 1.033821e+00
9.999964e-01 -1.593832e-03 2.162989e-03 1.879893e+00 1.592818e-03 9.999986e-01 4.699542e-04 -2.180406e-01 -2.163766e-03 -4.665084e-04 9.999975e-01 1.083985e+00
9.999659e-01 8.789201e-05 -8.253113e-03 1.903540e+00 -9.482589e-05 9.999996e-01 -8.397848e-04 -2.228813e-01 8.253067e-03 8.405400e-04 9.999657e-01 1.109316e+00
9.999948e-01 -1.518328e-03 2.852606e-03 1.938966e+00 1.517338e-03 9.999988e-01 3.491123e-04 -2.267933e-01 -2.853164e-03 -3.447833e-04 9.999958e-01 1.128597e+00
9.999639e-01 1.074678e-04 -8.498944e-03 1.972889e+00 -1.147917e-04 9.999996e-01 -8.612854e-04 -2.305600e-01 8.498880e-03 8.622311e-04 9.999636e-01 1.146131e+00
9.999936e-01 -1.447362e-03 3.256268e-03 2.008928e+00 1.446111e-03 9.999989e-01 3.862938e-04 -2.343129e-01 -3.256856e-03 -3.815837e-04 9.999945e-01 1.161101e+00
9.999631e-01 3.236607e-05 -8.594463e-03 2.045508e+00 -3.970670e-05 9.999996e-01 -8.539634e-04 -2.381549e-01 8.594465e-03 8.542744e-04 9.999628e-01 1.176169e+00
9.999949e-01 -1.419166e-03 2.844162e-03 2.080890e+00 1.418151e-03 9.999989e-01 3.591053e-04 -2.420666e-01 -2.844702e-03 -3.550713e-04 9.999958e-01 1.190129e+00
9.999623e-01 2.532923e-04 -8.682135e-03 2.117447e+00 -2.594176e-04 9.999997e-01 -7.044195e-04 -2.459680e-01 8.681988e-03 7.066466e-04 9.999622e-01 1.206502e+00
9.999949e-01 -1.507330e-03 2.831818e-03 2.154913e+00 1.506659e-03 9.999988e-01 2.389960e-04 -2.499164e-01 -2.832210e-03 -2.347295e-04 9.999959e-01 1.219817e+00
9.999653e-01 -2.003867e-04 -8.332716e-03 2.188699e+00 1.952730e-04 9.999998e-01 -6.145338e-04 -2.539312e-01 8.332873e-03 6.128866e-04 9.999652e-01 1.236786e+00
9.999970e-01 -1.249713e-03 2.125569e-03 2.223412e+00 1.249250e-03 9.999992e-01 2.190164e-04 -2.582666e-01 -2.125877e-03 -2.163617e-04 9.999976e-01 1.260945e+00
9.999649e-01 -1.010559e-04 -8.383426e-03 2.243558e+00 9.588949e-05 9.999998e-01 -6.166934e-04 -2.622808e-01 8.383523e-03 6.158692e-04 9.999648e-01 1.299685e+00
9.999949e-01 -1.466199e-03 2.834653e-03 2.263372e+00 1.465754e-03 9.999989e-01 1.591415e-04 -2.662588e-01 -2.834920e-03 -1.549872e-04 9.999959e-01 1.337480e+00
9.999667e-01 -4.033386e-04 -8.155432e-03 2.270990e+00 3.976673e-04 9.999997e-01 -6.970408e-04 -2.695809e-01 8.155748e-03 6.937758e-04 9.999666e-01 1.382414e+00
9.999959e-01 -1.230512e-03 2.580529e-03 2.288468e+00 1.229960e-03 9.999992e-01 2.153218e-04 -2.736260e-01 -2.580830e-03 -2.121484e-04 9.999966e-01 1.420937e+00
9.999722e-01 -5.077126e-04 -7.437479e-03 2.307379e+00 5.017372e-04 9.999995e-01 -8.052985e-04 -2.770689e-01 7.437923e-03 8.015459e-04 9.999721e-01 1.460577e+00
9.999957e-01 -1.144100e-03 2.716416e-03 2.330696e+00 1.143435e-03 9.999993e-01 2.462730e-04 -2.804345e-01 -2.716735e-03 -2.431674e-04 9.999962e-01 1.497945e+00
9.999733e-01 -5.264532e-04 -7.284949e-03 2.348318e+00 5.199066e-04 9.999995e-01 -9.005453e-04 -2.833796e-01 7.285458e-03 8.967352e-04 9.999732e-01 1.541773e+00
9.999955e-01 -1.212493e-03 2.747110e-03 2.361727e+00 1.211828e-03 9.999992e-01 2.433000e-04 -2.861932e-01 -2.747443e-03 -2.399713e-04 9.999961e-01 1.588157e+00
9.999689e-01 -7.579794e-04 -7.853111e-03 2.371293e+00 7.515570e-04 9.999994e-01 -8.207705e-04 -2.894677e-01 7.853768e-03 8.148444e-04 9.999689e-01 1.637650e+00
9.999993e-01 -2.928501e-04 -1.108190e-03 2.377571e+00 2.928425e-04 1.000000e+00 -6.759806e-06 -2.951248e-01 1.108151e-03 6.433683e-06 9.999993e-01 1.727315e+00
9.999737e-01 -9.977404e-04 -7.184286e-03 2.374978e+00 9.933720e-04 9.999993e-01 -6.116343e-04 -3.020095e-01 7.184933e-03 6.044832e-04 9.999741e-01 1.841438e+00
9.999987e-01 -7.170112e-04 1.445598e-03 2.388558e+00 7.164938e-04 9.999997e-01 3.581806e-04 -3.071727e-01 -1.445896e-03 -3.571460e-04 9.999988e-01 1.909705e+00
9.999750e-01 -8.520966e-04 -7.016697e-03 2.410492e+00 8.461608e-04 9.999993e-01 -8.489252e-04 -3.109068e-01 7.017458e-03 8.429683e-04 9.999751e-01 1.945978e+00
9.999989e-01 -5.931347e-04 1.372439e-03 2.431930e+00 5.927493e-04 9.999998e-01 2.809725e-04 -3.145631e-01 -1.372649e-03 -2.801603e-04 9.999989e-01 1.982227e+00
9.999802e-01 -1.261779e-03 -6.165831e-03 2.462191e+00 1.256383e-03 9.999988e-01 -8.790028e-04 -3.182531e-01 6.166977e-03 8.712404e-04 9.999807e-01 2.009988e+00
9.999997e-01 -2.845524e-04 7.576954e-04 2.496844e+00 2.842287e-04 9.999999e-01 4.267235e-04 -3.220611e-01 -7.578610e-04 -4.265096e-04 9.999995e-01 2.029485e+00
9.999784e-01 -1.303107e-03 -6.443050e-03 2.530420e+00 1.297519e-03 9.999988e-01 -8.713422e-04 -3.261367e-01 6.444222e-03 8.629650e-04 9.999790e-01 2.049925e+00
9.999997e-01 -1.472687e-04 7.119253e-04 2.567786e+00 1.469870e-04 9.999999e-01 3.951760e-04 -3.300772e-01 -7.120286e-04 -3.950730e-04 9.999996e-01 2.065698e+00
9.999789e-01 -1.338858e-03 -6.352788e-03 2.603000e+00 1.333714e-03 9.999988e-01 -8.138813e-04 -3.340662e-01 6.353916e-03 8.053930e-04 9.999796e-01 2.084272e+00
9.999999e-01 5.060029e-05 4.823143e-04 2.636784e+00 -5.079499e-05 9.999999e-01 4.028231e-04 -3.380573e-01 -4.823401e-04 -4.028493e-04 9.999997e-01 2.108938e+00
9.999805e-01 -1.481982e-03 -6.062532e-03 2.664977e+00 1.476703e-03 9.999985e-01 -8.752529e-04 -3.418139e-01 6.063867e-03 8.662849e-04 9.999813e-01 2.138659e+00
9.999998e-01 -3.318572e-05 5.743097e-04 2.694172e+00 3.294024e-05 9.999999e-01 4.267124e-04 -3.456588e-01 -5.743710e-04 -4.266951e-04 9.999996e-01 2.166535e+00
9.999792e-01 -1.551661e-03 -6.265098e-03 2.722514e+00 1.546060e-03 9.999984e-01 -8.988061e-04 -3.495680e-01 6.266531e-03 8.891028e-04 9.999801e-01 2.196245e+00
9.999998e-01 -8.055676e-05 6.246077e-04 2.752485e+00 8.029191e-05 9.999999e-01 4.233469e-04 -3.535949e-01 -6.246899e-04 -4.232984e-04 9.999996e-01 2.224898e+00
9.999801e-01 -1.349045e-03 -6.168020e-03 2.783973e+00 1.343837e-03 9.999987e-01 -8.486337e-04 -3.574440e-01 6.169205e-03 8.403297e-04 9.999807e-01 2.248424e+00
9.999998e-01 -1.478458e-04 5.898202e-04 2.815166e+00 1.476453e-04 9.999999e-01 3.391549e-04 -3.613362e-01 -5.899195e-04 -3.390694e-04 9.999997e-01 2.276002e+00
9.999809e-01 -1.548249e-03 -5.983749e-03 2.847021e+00 1.543602e-03 9.999985e-01 -7.812796e-04 -3.653788e-01 5.985000e-03 7.720299e-04 9.999819e-01 2.299820e+00
9.999998e-01 -6.964522e-05 5.391071e-04 2.881276e+00 6.946255e-05 9.999999e-01 3.380108e-04 -3.693205e-01 -5.391807e-04 -3.379750e-04 9.999997e-01 2.318965e+00
9.999813e-01 -1.460373e-03 -5.943012e-03 2.916486e+00 1.456015e-03 9.999987e-01 -7.376208e-04 -3.732440e-01 5.944132e-03 7.289556e-04 9.999822e-01 2.340417e+00
9.999998e-01 -1.197130e-04 5.409471e-04 2.951086e+00 1.195134e-04 9.999999e-01 3.681815e-04 -3.771945e-01 -5.410422e-04 -3.681185e-04 9.999997e-01 2.362007e+00
9.999839e-01 -1.386702e-03 -5.497450e-03 2.979207e+00 1.382691e-03 9.999988e-01 -7.334437e-04 -3.809323e-01 5.498512e-03 7.258323e-04 9.999847e-01 2.391249e+00
1.000000e+00 -2.237663e-04 9.436365e-05 2.991676e+00 2.237548e-04 1.000000e+00 1.168977e-04 -3.842041e-01 -9.444177e-05 -1.168783e-04 9.999999e-01 2.435392e+00
9.999866e-01 -1.705539e-03 -4.892170e-03 3.018361e+00 1.702538e-03 9.999984e-01 -6.177129e-04 -3.878622e-01 4.893267e-03 6.093772e-04 9.999879e-01 2.464044e+00
9.999999e-01 1.015050e-04 -4.854003e-04 3.053744e+00 -1.014189e-04 1.000000e+00 1.783435e-04 -3.916576e-01 4.853655e-04 -1.782960e-04 9.999998e-01 2.481835e+00
9.999868e-01 -1.607188e-03 -4.872996e-03 3.088359e+00 1.604656e-03 9.999986e-01 -5.234341e-04 -3.954210e-01 4.873883e-03 5.156094e-04 9.999881e-01 2.498314e+00
9.999998e-01 2.191801e-04 -6.134024e-04 3.123401e+00 -2.191208e-04 1.000000e+00 9.750754e-05 -3.991330e-01 6.133700e-04 -9.737483e-05 9.999997e-01 2.516087e+00
9.999860e-01 -1.832602e-03 -4.955743e-03 3.156593e+00 1.830223e-03 9.999982e-01 -4.847676e-04 -4.030333e-01 4.956676e-03 4.756924e-04 9.999877e-01 2.533065e+00
9.999992e-01 8.204350e-04 -9.968225e-04 3.190016e+00 -8.202880e-04 9.999997e-01 1.483480e-04 -4.072469e-01 9.968891e-04 -1.475319e-04 9.999994e-01 2.562341e+00
9.999846e-01 -2.294241e-03 -5.046766e-03 3.201277e+00 2.291080e-03 9.999972e-01 -6.321261e-04 -4.108948e-01 5.048257e-03 6.205555e-04 9.999872e-01 2.598117e+00
9.999997e-01 7.935552e-04 -1.583857e-04 3.228497e+00 -7.935166e-04 9.999997e-01 2.470600e-04 -4.148003e-01 1.585260e-04 -2.469359e-04 9.999999e-01 2.624137e+00
9.999804e-01 -2.061340e-03 -5.916972e-03 3.261678e+00 2.057346e-03 9.999977e-01 -6.811856e-04 -4.186463e-01 5.918419e-03 6.690006e-04 9.999824e-01 2.639279e+00
9.999997e-01 6.207165e-04 4.960926e-04 3.296566e+00 -6.208169e-04 9.999998e-01 2.012142e-04 -4.224312e-01 -4.960242e-04 -2.015239e-04 9.999998e-01 2.655017e+00
9.999798e-01 -1.929762e-03 -6.062349e-03 3.332731e+00 1.926278e-03 9.999980e-01 -5.805642e-04 -4.263543e-01 6.063514e-03 5.688763e-04 9.999815e-01 2.674401e+00
9.999992e-01 5.619638e-04 1.091163e-03 3.364520e+00 -5.626441e-04 9.999996e-01 6.227848e-04 -4.309501e-01 -1.090870e-03 -6.234000e-04 9.999991e-01 2.694483e+00
9.999619e-01 -9.778189e-04 -8.680211e-03 3.396322e+00 9.704442e-04 9.999992e-01 -8.538169e-04 -4.352368e-01 8.681097e-03 8.453623e-04 9.999621e-01 2.709455e+00
9.999974e-01 -5.034742e-05 2.276114e-03 3.429899e+00 4.933961e-05 9.999999e-01 4.425945e-04 -4.393090e-01 -2.276194e-03 -4.424828e-04 9.999972e-01 2.728924e+00
9.999647e-01 -1.066903e-03 -8.335389e-03 3.465436e+00 1.059616e-03 9.999991e-01 -8.787140e-04 -4.433566e-01 8.336378e-03 8.698523e-04 9.999650e-01 2.748825e+00
9.999982e-01 3.396634e-04 1.837557e-03 3.499903e+00 -3.402004e-04 9.999999e-01 2.915896e-04 -4.478961e-01 -1.837517e-03 -2.922160e-04 9.999982e-01 2.771046e+00
9.999628e-01 -1.291953e-03 -8.528835e-03 3.531888e+00 1.286006e-03 9.999989e-01 -7.028433e-04 -4.520337e-01 8.529794e-03 6.918507e-04 9.999635e-01 2.793344e+00
9.999975e-01 1.340543e-04 2.235720e-03 3.565810e+00 -1.345876e-04 1.000000e+00 2.381377e-04 -4.563467e-01 -2.235748e-03 -2.384397e-04 9.999974e-01 2.816734e+00
9.999629e-01 -1.231826e-03 -8.531839e-03 3.600084e+00 1.226446e-03 9.999990e-01 -6.358540e-04 -4.605770e-01 8.532676e-03 6.253682e-04 9.999635e-01 2.837363e+00
9.999960e-01 2.257799e-05 2.831911e-03 3.634213e+00 -2.292383e-05 1.000000e+00 1.218836e-04 -4.645904e-01 -2.831970e-03 -1.219497e-04 9.999959e-01 2.858216e+00
9.999624e-01 -1.490937e-03 -8.542999e-03 3.667496e+00 1.486013e-03 9.999987e-01 -5.828075e-04 -4.686190e-01 8.543920e-03 5.700922e-04 9.999634e-01 2.878969e+00
9.999965e-01 3.146105e-04 2.635078e-03 3.699728e+00 -3.150490e-04 9.999999e-01 1.657843e-04 -4.725236e-01 -2.635088e-03 -1.666156e-04 9.999964e-01 2.897024e+00
9.999629e-01 -1.705684e-03 -8.449772e-03 3.733844e+00 1.700311e-03 9.999983e-01 -6.430664e-04 -4.765974e-01 8.450918e-03 6.286769e-04 9.999642e-01 2.919271e+00
9.999967e-01 4.141567e-04 2.525556e-03 3.765738e+00 -4.147886e-04 9.999999e-01 2.494199e-04 -4.806025e-01 -2.525516e-03 -2.504684e-04 9.999967e-01 2.939198e+00
9.999639e-01 -1.735819e-03 -8.324314e-03 3.800499e+00 1.729627e-03 9.999982e-01 -7.510850e-04 -4.846176e-01 8.325667e-03 7.366616e-04 9.999652e-01 2.960158e+00
9.999971e-01 3.715670e-04 2.379883e-03 3.832340e+00 -3.722946e-04 9.999999e-01 3.050301e-04 -4.886266e-01 -2.379833e-03 -3.059170e-04 9.999970e-01 2.980340e+00
9.999616e-01 -1.394247e-03 -8.651832e-03 3.865453e+00 1.388272e-03 9.999988e-01 -6.966233e-04 -4.926150e-01 8.652858e-03 6.845871e-04 9.999624e-01 3.000532e+00
9.999970e-01 2.324297e-04 2.421645e-03 3.895563e+00 -2.324322e-04 1.000000e+00 5.132218e-07 -4.967513e-01 -2.421710e-03 -1.077809e-06 9.999970e-01 3.031495e+00
9.999637e-01 -1.664044e-03 -8.352700e-03 3.913211e+00 1.659268e-03 9.999985e-01 -5.788220e-04 -5.005118e-01 8.353716e-03 5.649433e-04 9.999650e-01 3.068451e+00
9.999966e-01 1.617581e-04 2.601976e-03 3.934249e+00 -1.618197e-04 1.000000e+00 2.321812e-05 -5.043526e-01 -2.602039e-03 -2.364081e-05 9.999965e-01 3.104008e+00
9.999642e-01 -1.575950e-03 -8.316901e-03 3.951683e+00 1.571326e-03 9.999986e-01 -5.625340e-04 -5.079652e-01 8.317843e-03 5.494469e-04 9.999653e-01 3.140587e+00
9.999935e-01 1.258623e-05 3.610207e-03 3.979476e+00 -1.276046e-05 1.000000e+00 4.806128e-05 -5.113053e-01 -3.610274e-03 -4.810874e-05 9.999934e-01 3.166593e+00
9.999558e-01 -1.345484e-03 -9.301309e-03 4.012203e+00 1.341993e-03 9.999990e-01 -3.816349e-04 -5.151417e-01 9.301881e-03 3.691374e-04 9.999568e-01 3.185965e+00
9.999934e-01 5.650931e-05 3.621984e-03 4.047911e+00 -5.628647e-05 1.000000e+00 -6.180102e-05 -5.189681e-01 -3.622055e-03 6.159507e-05 9.999934e-01 3.205372e+00
9.999592e-01 -1.597396e-03 -8.890849e-03 4.084392e+00 1.593913e-03 9.999987e-01 -3.988758e-04 -5.227704e-01 8.891543e-03 3.846899e-04 9.999605e-01 3.223674e+00
9.999940e-01 1.241507e-04 3.469233e-03 4.116940e+00 -1.242629e-04 1.000000e+00 3.193816e-05 -5.266382e-01 -3.469297e-03 -3.237071e-05 9.999939e-01 3.241192e+00
9.999521e-01 -1.441642e-03 -9.677221e-03 4.142778e+00 1.437421e-03 9.999989e-01 -4.431751e-04 -5.306908e-01 9.677918e-03 4.292453e-04 9.999532e-01 3.271642e+00
9.999938e-01 -2.909338e-04 3.496715e-03 4.175047e+00 2.907808e-04 1.000000e+00 4.407030e-05 -5.352503e-01 -3.496798e-03 -4.305484e-05 9.999938e-01 3.299805e+00
9.999558e-01 -9.581257e-04 -9.353541e-03 4.208937e+00 9.556512e-04 9.999995e-01 -2.690805e-04 -5.391839e-01 9.353864e-03 2.601314e-04 9.999563e-01 3.317527e+00
9.999936e-01 6.605249e-05 3.579025e-03 4.247987e+00 -6.595688e-05 1.000000e+00 -2.700760e-05 -5.429476e-01 -3.579097e-03 2.676980e-05 9.999935e-01 3.331378e+00
9.999616e-01 -1.382499e-03 -8.657247e-03 4.266399e+00 1.378943e-03 9.999990e-01 -4.168133e-04 -5.463032e-01 8.657885e-03 4.048609e-04 9.999625e-01 3.364890e+00
9.999927e-01 -5.778954e-04 3.771240e-03 4.265171e+00 5.778835e-04 9.999998e-01 4.067164e-06 -5.491559e-01 -3.771313e-03 -1.889293e-06 9.999928e-01 3.424662e+00
9.999614e-01 -1.364269e-03 -8.685206e-03 4.258913e+00 1.359380e-03 9.999989e-01 -5.687928e-04 -5.518554e-01 8.686044e-03 5.569657e-04 9.999622e-01 3.491090e+00
9.999929e-01 -6.460117e-04 3.718016e-03 4.251154e+00 6.460258e-04 9.999998e-01 -2.738138e-06 -5.547112e-01 -3.718085e-03 5.138608e-06 9.999930e-01 3.557557e+00
9.999636e-01 -1.177336e-03 -8.455251e-03 4.249395e+00 1.172337e-03 9.999991e-01 -5.962766e-04 -5.574976e-01 8.456018e-03 5.863439e-04 9.999642e-01 3.621009e+00
9.999920e-01 -7.401678e-04 3.933167e-03 4.248321e+00 7.401806e-04 9.999997e-01 -1.948834e-06 -5.601038e-01 -3.933236e-03 4.858668e-06 9.999922e-01 3.679698e+00
9.999599e-01 -1.236009e-03 -8.866705e-03 4.245383e+00 1.231343e-03 9.999991e-01 -5.316804e-04 -5.630010e-01 8.867427e-03 5.207425e-04 9.999606e-01 3.737784e+00
9.999903e-01 -5.563673e-04 4.365455e-03 4.254545e+00 5.569296e-04 9.999998e-01 -1.277281e-04 -5.659731e-01 -4.365456e-03 1.301567e-04 9.999904e-01 3.793360e+00
9.999606e-01 -1.230661e-03 -8.794165e-03 4.267347e+00 1.226642e-03 9.999991e-01 -4.624379e-04 -5.687576e-01 8.794800e-03 4.516337e-04 9.999613e-01 3.841235e+00
9.999917e-01 -6.642634e-04 4.023846e-03 4.275873e+00 6.647700e-04 9.999998e-01 -1.246953e-04 -5.717270e-01 -4.023836e-03 1.273679e-04 9.999918e-01 3.891482e+00
9.999578e-01 -1.082242e-03 -9.121267e-03 4.289648e+00 1.078101e-03 9.999993e-01 -4.590091e-04 -5.751181e-01 9.121832e-03 4.491574e-04 9.999584e-01 3.941538e+00
9.999917e-01 -7.049713e-04 4.008351e-03 4.303733e+00 7.054803e-04 9.999997e-01 -1.257045e-04 -5.784494e-01 -4.008336e-03 1.285300e-04 9.999919e-01 3.989330e+00
9.999588e-01 -1.121394e-03 -9.012711e-03 4.319731e+00 1.116884e-03 9.999992e-01 -5.054780e-04 -5.816803e-01 9.013346e-03 4.953922e-04 9.999593e-01 4.034888e+00
9.999920e-01 -5.935152e-04 3.946060e-03 4.334977e+00 5.938854e-04 9.999998e-01 -9.277178e-05 -5.850723e-01 -3.946079e-03 9.511329e-05 9.999921e-01 4.078422e+00
9.999553e-01 -1.038404e-03 -9.400782e-03 4.346675e+00 1.033984e-03 9.999994e-01 -4.750534e-04 -5.884210e-01 9.401345e-03 4.653131e-04 9.999558e-01 4.126882e+00
9.999879e-01 -7.501901e-04 4.864094e-03 4.364842e+00 7.509547e-04 9.999997e-01 -1.554843e-04 -5.916303e-01 -4.864052e-03 1.591340e-04 9.999881e-01 4.173599e+00
9.999537e-01 -1.068922e-03 -9.562039e-03 4.372120e+00 1.064357e-03 9.999993e-01 -4.825759e-04 -5.945296e-01 9.562624e-03 4.723773e-04 9.999542e-01 4.219223e+00
9.999905e-01 -7.656738e-04 4.291924e-03 4.378794e+00 7.661470e-04 9.999997e-01 -1.087271e-04 -5.978088e-01 -4.291916e-03 1.120131e-04 9.999907e-01 4.266508e+00
9.999562e-01 -8.918428e-04 -9.321461e-03 4.399010e+00 8.871542e-04 9.999995e-01 -5.071623e-04 -6.012508e-01 9.321985e-03 4.988717e-04 9.999565e-01 4.311507e+00
9.999902e-01 -7.910350e-04 4.348275e-03 4.413125e+00 7.915969e-04 9.999997e-01 -1.276464e-04 -6.042588e-01 -4.348249e-03 1.310861e-04 9.999905e-01 4.353732e+00
9.999569e-01 -1.021504e-03 -9.229063e-03 4.425138e+00 1.017284e-03 9.999994e-01 -4.620728e-04 -6.073328e-01 9.229606e-03 4.526654e-04 9.999574e-01 4.396627e+00
9.999894e-01 -5.790619e-04 4.570022e-03 4.434865e+00 5.797794e-04 9.999998e-01 -1.557917e-04 -6.101887e-01 -4.570008e-03 1.584386e-04 9.999895e-01 4.440207e+00
9.999557e-01 -1.294615e-03 -9.323811e-03 4.436327e+00 1.290449e-03 9.999991e-01 -4.528364e-04 -6.130747e-01 9.324466e-03 4.407855e-04 9.999565e-01 4.490170e+00
9.999894e-01 -5.089949e-04 4.562699e-03 4.438065e+00 5.099294e-04 9.999998e-01 -2.037598e-04 -6.159846e-01 -4.562673e-03 2.060832e-04 9.999895e-01 4.544481e+00
9.999593e-01 -1.491968e-03 -8.899903e-03 4.434426e+00 1.487688e-03 9.999988e-01 -4.875506e-04 -6.185331e-01 8.900698e-03 4.742915e-04 9.999604e-01 4.599237e+00
9.999909e-01 -6.552470e-04 4.209431e-03 4.426940e+00 6.558457e-04 9.999998e-01 -1.409809e-04 -6.212324e-01 -4.209416e-03 1.437394e-04 9.999910e-01 4.658498e+00
9.999601e-01 -1.546386e-03 -8.803068e-03 4.418966e+00 1.542405e-03 9.999987e-01 -4.590410e-04 -6.240178e-01 8.803845e-03 4.454457e-04 9.999612e-01 4.721544e+00
9.999887e-01 -4.130998e-04 4.723387e-03 4.438966e+00 4.138630e-04 9.999999e-01 -1.607188e-04 -6.270400e-01 -4.723399e-03 1.626708e-04 9.999888e-01 4.762519e+00
9.999546e-01 -1.461777e-03 -9.415398e-03 4.457355e+00 1.458628e-03 9.999989e-01 -3.414039e-04 -6.302007e-01 9.415966e-03 3.276557e-04 9.999557e-01 4.796468e+00
9.999890e-01 -1.600392e-04 4.678972e-03 4.481036e+00 1.610914e-04 1.000000e+00 -2.246011e-04 -6.333900e-01 -4.679015e-03 2.253515e-04 9.999889e-01 4.833725e+00
9.999588e-01 -1.680297e-03 -8.924827e-03 4.495905e+00 1.676375e-03 9.999985e-01 -4.469578e-04 -6.362030e-01 8.925645e-03 4.319789e-04 9.999602e-01 4.873496e+00
9.999897e-01 -1.921194e-04 4.532591e-03 4.504078e+00 1.930709e-04 1.000000e+00 -2.095917e-04 -6.388647e-01 -4.532631e-03 2.104638e-04 9.999896e-01 4.917687e+00
9.999556e-01 -1.855392e-03 -9.235820e-03 4.507820e+00 1.851710e-03 9.999982e-01 -4.073068e-04 -6.417569e-01 9.236639e-03 3.901875e-04 9.999573e-01 4.966769e+00
9.999900e-01 -1.458379e-04 4.469804e-03 4.512269e+00 1.467023e-04 1.000000e+00 -1.931351e-04 -6.447176e-01 -4.469857e-03 1.937881e-04 9.999899e-01 5.017705e+00
9.999563e-01 -1.784292e-03 -9.175319e-03 4.520503e+00 1.780735e-03 9.999983e-01 -3.958194e-04 -6.477721e-01 9.176091e-03 3.794640e-04 9.999579e-01 5.065642e+00
9.999889e-01 -1.148721e-04 4.715670e-03 4.528078e+00 1.157709e-04 1.000000e+00 -1.904081e-04 -6.506172e-01 -4.715730e-03 1.909512e-04 9.999888e-01 5.111831e+00
9.999571e-01 -1.792327e-03 -9.092328e-03 4.534360e+00 1.788864e-03 9.999983e-01 -3.890715e-04 -6.534080e-01 9.093092e-03 3.727904e-04 9.999587e-01 5.158221e+00
9.999877e-01 -1.732829e-04 4.960939e-03 4.564021e+00 1.734271e-04 1.000000e+00 -2.871105e-05 -6.570373e-01 -4.961016e-03 2.957041e-05 9.999876e-01 5.187518e+00
9.999445e-01 -1.207055e-03 -1.046604e-02 4.599771e+00 1.202636e-03 9.999992e-01 -4.285795e-04 -6.609266e-01 1.046663e-02 4.159695e-04 9.999452e-01 5.205721e+00
9.999872e-01 -2.422305e-04 5.039751e-03 4.635667e+00 2.424111e-04 1.000000e+00 -3.527915e-05 -6.649301e-01 -5.039825e-03 3.649979e-05 9.999872e-01 5.223451e+00
9.999449e-01 -9.917070e-04 -1.045601e-02 4.669668e+00 9.872042e-04 9.999994e-01 -4.358134e-04 -6.686433e-01 1.045652e-02 4.254677e-04 9.999453e-01 5.242293e+00
9.999849e-01 -5.581596e-04 5.461385e-03 4.697411e+00 5.586082e-04 9.999998e-01 -8.065467e-05 -6.720431e-01 -5.461422e-03 8.370368e-05 9.999850e-01 5.263181e+00
9.999424e-01 -1.083521e-03 -1.067596e-02 4.724333e+00 1.079121e-03 9.999993e-01 -4.179184e-04 -6.756150e-01 1.067649e-02 4.063742e-04 9.999430e-01 5.285249e+00
9.999835e-01 -4.972930e-04 5.720063e-03 4.735448e+00 4.977902e-04 9.999999e-01 -8.553998e-05 -6.786461e-01 -5.720104e-03 8.838547e-05 9.999836e-01 5.318133e+00
9.999505e-01 -1.439415e-03 -9.845365e-03 4.742434e+00 1.434322e-03 9.999988e-01 -5.243857e-04 -6.811773e-01 9.846192e-03 5.102387e-04 9.999515e-01 5.362295e+00
9.999842e-01 -5.004943e-04 5.596169e-03 4.745741e+00 5.009651e-04 9.999999e-01 -8.276917e-05 -6.837110e-01 -5.596211e-03 8.557093e-05 9.999843e-01 5.408073e+00
9.999512e-01 -1.394262e-03 -9.784469e-03 4.762599e+00 1.389170e-03 9.999989e-01 -5.271688e-04 -6.866545e-01 9.785278e-03 5.135511e-04 9.999521e-01 5.442995e+00
9.999879e-01 -9.462821e-05 4.905279e-03 4.779880e+00 9.515699e-05 1.000000e+00 -1.076045e-04 -6.896300e-01 -4.905353e-03 1.080696e-04 9.999879e-01 5.473137e+00
9.999525e-01 -1.610352e-03 -9.614024e-03 4.794329e+00 1.605118e-03 9.999986e-01 -5.521365e-04 -6.926080e-01 9.614984e-03 5.366789e-04 9.999537e-01 5.505000e+00
9.999855e-01 -3.716176e-05 5.375309e-03 4.822726e+00 3.720089e-05 1.000000e+00 -7.210845e-06 -6.957023e-01 -5.375394e-03 7.410369e-06 9.999855e-01 5.527088e+00
9.999473e-01 -1.663048e-03 -1.013561e-02 4.858724e+00 1.659226e-03 9.999985e-01 -3.854941e-04 -6.992150e-01 1.013633e-02 3.686567e-04 9.999486e-01 5.541667e+00
9.999854e-01 7.179682e-06 5.400949e-03 4.893581e+00 -6.761919e-06 1.000000e+00 -7.739128e-05 -7.026872e-01 -5.401035e-03 7.735337e-05 9.999853e-01 5.556635e+00
9.999436e-01 -1.473093e-03 -1.051845e-02 4.930256e+00 1.469863e-03 9.999989e-01 -3.148095e-04 -7.063551e-01 1.051899e-02 2.993312e-04 9.999447e-01 5.572129e+00
9.999856e-01 -8.385346e-05 5.367647e-03 4.965544e+00 8.413641e-05 1.000000e+00 -5.250468e-05 -7.099886e-01 -5.367729e-03 5.295536e-05 9.999855e-01 5.587926e+00
9.999451e-01 -1.371710e-03 -1.039488e-02 4.987666e+00 1.368441e-03 9.999990e-01 -3.215795e-04 -7.133917e-01 1.039540e-02 3.073371e-04 9.999460e-01 5.615760e+00
9.999815e-01 -5.626345e-04 6.044442e-03 5.000544e+00 5.642836e-04 9.999998e-01 -2.711355e-04 -7.160882e-01 -6.044375e-03 2.745412e-04 9.999816e-01 5.658909e+00
9.999501e-01 -1.498791e-03 -9.878821e-03 5.029656e+00 1.495381e-03 9.999988e-01 -3.524761e-04 -7.191374e-01 9.879424e-03 3.376859e-04 9.999512e-01 5.688488e+00
9.999908e-01 2.180498e-04 4.281354e-03 5.065187e+00 -2.178932e-04 1.000000e+00 -3.703684e-05 -7.230249e-01 -4.281449e-03 3.610357e-05 9.999908e-01 5.704617e+00
9.999493e-01 -1.530113e-03 -9.958172e-03 5.092360e+00 1.523666e-03 9.999986e-01 -6.549764e-04 -7.266888e-01 9.959248e-03 6.397702e-04 9.999503e-01 5.732033e+00
9.999897e-01 -2.203877e-05 4.530327e-03 5.119880e+00 2.172006e-05 1.000000e+00 7.040220e-05 -7.302877e-01 -4.530416e-03 -7.030309e-05 9.999897e-01 5.761227e+00
9.999501e-01 -1.478148e-03 -9.882715e-03 5.144761e+00 1.470585e-03 9.999986e-01 -7.725471e-04 -7.335165e-01 9.883931e-03 7.579751e-04 9.999509e-01 5.792898e+00
9.999860e-01 4.214658e-06 5.293225e-03 5.177336e+00 -5.549793e-06 1.000000e+00 2.522253e-04 -7.367549e-01 -5.293312e-03 -2.522511e-04 9.999859e-01 5.814917e+00
9.999400e-01 -8.563259e-04 -1.092106e-02 5.217077e+00 8.493684e-04 9.999994e-01 -6.416898e-04 -7.403496e-01 1.092169e-02 6.323752e-04 9.999402e-01 5.824696e+00
9.999853e-01 -3.300679e-04 5.404930e-03 5.253874e+00 3.288553e-04 9.999999e-01 2.252523e-04 -7.440520e-01 -5.405093e-03 -2.234715e-04 9.999853e-01 5.836724e+00
9.999417e-01 -8.597739e-04 -1.076791e-02 5.292975e+00 8.523956e-04 9.999994e-01 -6.897708e-04 -7.479026e-01 1.076858e-02 6.805520e-04 9.999419e-01 5.849540e+00
9.999822e-01 -3.759204e-04 5.945947e-03 5.323578e+00 3.748966e-04 9.999999e-01 1.733068e-04 -7.513160e-01 -5.946100e-03 -1.710745e-04 9.999822e-01 5.873464e+00
9.999100e-01 -2.187976e-03 -1.323865e-02 5.301433e+00 2.182988e-03 9.999975e-01 -3.911712e-04 -7.540991e-01 1.323956e-02 3.622359e-04 9.999124e-01 5.959313e+00
9.999784e-01 1.580577e-03 6.375569e-03 5.326636e+00 -1.578753e-03 9.999987e-01 -2.910746e-04 -7.590829e-01 -6.376111e-03 2.810030e-04 9.999796e-01 6.030466e+00
9.999444e-01 -4.494289e-03 -9.538340e-03 5.327927e+00 4.495606e-03 9.999899e-01 1.167018e-04 -7.617224e-01 9.537809e-03 -1.595764e-04 9.999546e-01 6.111123e+00
9.999945e-01 2.826334e-03 1.729121e-03 5.321026e+00 -2.826297e-03 9.999960e-01 -2.386107e-05 -7.683925e-01 -1.729272e-03 1.897418e-05 9.999984e-01 6.187658e+00
9.999694e-01 -3.467635e-03 -7.019088e-03 5.328677e+00 3.470149e-03 9.999939e-01 3.461360e-04 -7.762193e-01 7.017936e-03 -3.704833e-04 9.999754e-01 6.292674e+00
9.999926e-01 3.311354e-03 -1.932575e-03 5.331552e+00 -3.312940e-03 9.999942e-01 -8.183823e-04 -7.832591e-01 1.929763e-03 8.247791e-04 9.999977e-01 6.369704e+00
9.999342e-01 -2.253044e-03 -1.125455e-02 5.335445e+00 2.255746e-03 9.999974e-01 2.274076e-04 -7.879260e-01 1.125410e-02 -2.527804e-04 9.999367e-01 6.419089e+00
9.999932e-01 1.926219e-03 3.122461e-03 5.338390e+00 -1.922968e-03 9.999976e-01 -1.043611e-03 -7.927431e-01 -3.124555e-03 1.037599e-03 9.999945e-01 6.486579e+00
9.999429e-01 -2.859001e-03 -1.029934e-02 5.358427e+00 2.866496e-03 9.999956e-01 7.129933e-04 -7.976326e-01 1.029735e-02 -7.424760e-04 9.999468e-01 6.540679e+00
9.999909e-01 4.220393e-03 -5.812765e-04 5.387509e+00 -4.221148e-03 9.999902e-01 -1.304893e-03 -8.042588e-01 5.756713e-04 1.307335e-03 9.999989e-01 6.578965e+00
9.999542e-01 -3.703501e-03 -8.827203e-03 5.405887e+00 3.708027e-03 9.999930e-01 4.963555e-04 -8.083626e-01 8.825395e-03 -5.290646e-04 9.999610e-01 6.624061e+00
9.999937e-01 3.424645e-03 8.578007e-04 5.425612e+00 -3.423680e-03 9.999935e-01 -1.123658e-03 -8.132088e-01 -8.617363e-04 1.120714e-03 9.999989e-01 6.677007e+00
9.999497e-01 -3.267131e-03 -9.491063e-03 5.438058e+00 3.270162e-03 9.999946e-01 3.039085e-04 -8.184795e-01 9.490113e-03 -3.349307e-04 9.999550e-01 6.728406e+00
9.999921e-01 3.893284e-03 7.612126e-04 5.462450e+00 -3.892350e-03 9.999917e-01 -1.224011e-03 -8.229814e-01 -7.660653e-04 1.221039e-03 9.999989e-01 6.780482e+00
9.999480e-01 -3.415266e-03 -9.611457e-03 5.488412e+00 3.417653e-03 9.999941e-01 2.319370e-04 -8.278651e-01 9.610702e-03 -2.647735e-04 9.999538e-01 6.833345e+00
9.999946e-01 3.071600e-03 1.127481e-03 5.493805e+00 -3.070553e-03 9.999949e-01 -9.294972e-04 -8.329047e-01 -1.130424e-03 9.260299e-04 9.999989e-01 6.885068e+00
9.999448e-01 -3.928976e-03 -9.752518e-03 5.481728e+00 3.931424e-03 9.999922e-01 2.318583e-04 -8.382101e-01 9.751626e-03 -2.701867e-04 9.999525e-01 6.947362e+00
9.999920e-01 3.811374e-03 1.146948e-03 5.482978e+00 -3.810412e-03 9.999924e-01 -8.394276e-04 -8.442477e-01 -1.150233e-03 8.350502e-04 9.999989e-01 6.998505e+00
9.999489e-01 -3.972379e-03 -9.299651e-03 5.494270e+00 3.973663e-03 9.999921e-01 1.196499e-04 -8.487709e-01 9.299198e-03 -1.565974e-04 9.999568e-01 7.062723e+00
9.999917e-01 4.065695e-03 2.557522e-04 5.505830e+00 -4.065444e-03 9.999913e-01 -9.730445e-04 -8.534999e-01 -2.598014e-04 9.719962e-04 9.999994e-01 7.128142e+00
9.999499e-01 -4.083325e-03 -9.146507e-03 5.518989e+00 4.085523e-03 9.999916e-01 2.216166e-04 -8.584140e-01 9.145621e-03 -2.589736e-04 9.999582e-01 7.187575e+00
9.999916e-01 4.084341e-03 3.601246e-04 5.529459e+00 -4.083948e-03 9.999911e-01 -1.085804e-03 -8.635730e-01 -3.646521e-04 1.084324e-03 9.999993e-01 7.246068e+00
9.999493e-01 -4.252482e-03 -9.128774e-03 5.541971e+00 4.254240e-03 9.999909e-01 1.731647e-04 -8.684616e-01 9.128051e-03 -2.119916e-04 9.999584e-01 7.304140e+00
9.999918e-01 4.011160e-03 5.050790e-04 5.554758e+00 -4.010689e-03 9.999915e-01 -9.296296e-04 -8.731622e-01 -5.089000e-04 9.275956e-04 9.999994e-01 7.356739e+00
9.999597e-01 -4.360077e-03 -7.853787e-03 5.570762e+00 4.363290e-03 9.999904e-01 3.919317e-04 -8.780611e-01 7.852100e-03 -4.261839e-04 9.999691e-01 7.412035e+00
9.999911e-01 4.190929e-03 -4.811353e-04 5.590938e+00 -4.191281e-03 9.999909e-01 -7.318316e-04 -8.832526e-01 4.779671e-04 7.338409e-04 9.999996e-01 7.472922e+00
9.999510e-01 -4.186593e-03 -8.970400e-03 5.595997e+00 4.184777e-03 9.999912e-01 -2.213293e-04 -8.884671e-01 8.971345e-03 1.837797e-04 9.999598e-01 7.523934e+00
9.999910e-01 4.182120e-03 6.285579e-04 5.614960e+00 -4.181719e-03 9.999911e-01 -6.372575e-04 -8.927150e-01 -6.313145e-04 6.346225e-04 9.999995e-01 7.573759e+00
9.999511e-01 -4.352832e-03 -8.883399e-03 5.633056e+00 4.351593e-03 9.999905e-01 -1.588476e-04 -8.971959e-01 8.884103e-03 1.201833e-04 9.999606e-01 7.624696e+00
9.999904e-01 4.360611e-03 3.234021e-04 5.652278e+00 -4.360400e-03 9.999903e-01 -6.496951e-04 -9.020234e-01 -3.263296e-04 6.482778e-04 9.999997e-01 7.676661e+00
9.999508e-01 -4.422002e-03 -8.887919e-03 5.667730e+00 4.420822e-03 9.999902e-01 -1.524519e-04 -9.063514e-01 8.888604e-03 1.131530e-04 9.999606e-01 7.728782e+00
9.999912e-01 4.040526e-03 1.110142e-03 5.687725e+00 -4.039736e-03 9.999916e-01 -7.129655e-04 -9.106039e-01 -1.113111e-03 7.084736e-04 9.999991e-01 7.775455e+00
9.999509e-01 -4.959076e-03 -8.582012e-03 5.709885e+00 4.959046e-03 9.999877e-01 -2.479977e-05 -9.142420e-01 8.582127e-03 -1.775949e-05 9.999632e-01 7.831576e+00
9.999885e-01 4.692214e-03 9.286777e-04 5.724029e+00 -4.691557e-03 9.999887e-01 -7.089831e-04 -9.176401e-01 -9.320922e-04 7.046170e-04 9.999993e-01 7.876719e+00
9.999455e-01 -5.692925e-03 -8.755825e-03 5.743422e+00 5.691380e-03 9.999838e-01 -2.013846e-04 -9.216921e-01 8.756928e-03 1.515414e-04 9.999617e-01 7.939922e+00
9.999874e-01 4.893118e-03 1.101246e-03 5.745158e+00 -4.892545e-03 9.999879e-01 -5.227066e-04 -9.264045e-01 -1.103888e-03 5.173111e-04 9.999992e-01 8.018633e+00
9.999441e-01 -5.061710e-03 -9.282775e-03 5.749310e+00 5.057588e-03 9.999871e-01 -4.675397e-04 -9.315221e-01 9.285121e-03 4.205658e-04 9.999569e-01 8.089337e+00
9.999874e-01 4.658734e-03 1.856694e-03 5.767199e+00 -4.658091e-03 9.999891e-01 -3.508503e-04 -9.354674e-01 -1.858407e-03 3.421961e-04 9.999982e-01 8.138732e+00
9.999455e-01 -4.382379e-03 -9.484946e-03 5.783485e+00 4.375005e-03 9.999901e-01 -7.981712e-04 -9.383259e-01 9.488449e-03 7.566316e-04 9.999548e-01 8.195494e+00
9.999869e-01 4.478306e-03 2.476944e-03 5.802548e+00 -4.478361e-03 9.999900e-01 1.619976e-05 -9.420225e-01 -2.476945e-03 -2.729342e-05 9.999969e-01 8.242969e+00
9.999457e-01 -3.524592e-03 -9.808438e-03 5.821532e+00 3.519303e-03 9.999937e-01 -5.565776e-04 -9.439173e-01 9.810436e-03 5.220295e-04 9.999518e-01 8.286058e+00
9.999864e-01 4.549560e-03 2.513451e-03 5.840519e+00 -4.550771e-03 9.999895e-01 4.761282e-04 -9.455833e-01 -2.511358e-03 -4.875613e-04 9.999967e-01 8.331137e+00
9.999422e-01 -3.758550e-03 -1.008217e-02 5.855228e+00 3.746006e-03 9.999922e-01 -1.262815e-03 -9.476017e-01 1.008694e-02 1.224975e-03 9.999484e-01 8.372209e+00
9.999890e-01 3.941285e-03 2.539847e-03 5.861181e+00 -3.943107e-03 9.999920e-01 7.123429e-04 -9.502616e-01 -2.537118e-03 -7.223514e-04 9.999965e-01 8.434906e+00
9.999487e-01 -4.540203e-03 -9.057087e-03 5.872535e+00 4.524477e-03 9.999882e-01 -1.756141e-03 -9.547699e-01 9.065053e-03 1.715073e-03 9.999575e-01 8.498195e+00
