9.999859e-01 -1.964363e-03 -4.926906e-03 -1.277156e-03 1.962471e-03 9.999980e-01 -3.888234e-04 -2.895397e-03 4.927660e-03 3.791486e-04 9.999879e-01 5.285171e-02
1.000000e+00 9.767905e-05 -6.565496e-05 8.193627e-04 -9.768890e-05 1.000000e+00 -1.503321e-04 -5.792678e-03 6.563933e-05 1.503389e-04 9.999999e-01 1.161022e-01
9.999870e-01 -2.133267e-03 -4.636366e-03 7.292256e-04 2.131261e-03 9.999976e-01 -4.376482e-04 -8.604716e-03 4.637290e-03 4.277609e-04 9.999893e-01 1.793559e-01
1.000000e+00 -1.044033e-04 2.342248e-05 4.542064e-03 1.044052e-04 1.000000e+00 -7.966198e-05 -1.150403e-02 -2.341604e-05 7.966470e-05 9.999999e-01 2.403975e-01
9.999871e-01 -1.782461e-03 -4.748999e-03 1.683610e-02 1.780084e-03 9.999983e-01 -5.046845e-04 -1.449233e-02 4.749893e-03 4.962242e-04 9.999887e-01 2.977182e-01
1.000000e+00 -5.484929e-05 -1.937292e-04 2.398399e-02 5.482489e-05 1.000000e+00 -1.260616e-04 -1.763435e-02 1.937333e-04 1.260511e-04 9.999999e-01 3.556311e-01
9.999870e-01 -1.859806e-03 -4.737562e-03 2.439197e-02 1.857370e-03 9.999981e-01 -5.184283e-04 -2.071059e-02 4.738521e-03 5.096221e-04 9.999887e-01 4.148959e-01
1.000000e+00 2.949653e-05 -1.562343e-04 3.017293e-02 -2.951315e-05 1.000000e+00 -1.065211e-04 -2.389073e-02 1.562273e-04 1.065257e-04 9.999999e-01 4.693734e-01
9.999882e-01 -1.975557e-03 -4.430016e-03 3.541915e-02 1.973094e-03 9.999979e-01 -5.602660e-04 -2.695349e-02 4.431117e-03 5.515186e-04 9.999901e-01 5.225803e-01
1.000000e+00 2.061380e-05 3.204838e-05 4.111195e-02 -2.061131e-05 1.000000e+00 -7.714428e-05 -2.980895e-02 -3.205469e-05 7.714354e-05 9.999999e-01 5.713481e-01
9.999875e-01 -1.955918e-03 -4.608060e-03 4.927544e-02 1.953500e-03 9.999980e-01 -5.291028e-04 -3.275804e-02 4.609090e-03 5.200944e-04 9.999893e-01 6.170724e-01
1.000000e+00 6.099030e-06 1.747434e-05 5.563135e-02 -6.098219e-06 1.000000e+00 -4.567259e-05 -3.573438e-02 -1.748026e-05 4.567230e-05 9.999999e-01 6.618843e-01
9.999856e-01 -1.839283e-03 -5.050175e-03 6.874814e-02 1.836646e-03 9.999982e-01 -5.268049e-04 -3.900774e-02 5.051141e-03 5.175221e-04 9.999872e-01 7.057955e-01
1.000000e+00 -1.252219e-04 4.861327e-06 7.601769e-02 1.252220e-04 1.000000e+00 -1.490710e-05 -4.242760e-02 -4.866104e-06 1.490742e-05 9.999999e-01 7.540794e-01
9.999840e-01 -1.781098e-03 -5.368851e-03 7.503761e-02 1.778373e-03 9.999983e-01 -5.123798e-04 -4.563275e-02 5.369762e-03 5.028241e-04 9.999856e-01 8.101547e-01
9.999994e-01 -2.314780e-04 1.034343e-03 8.519330e-02 2.316920e-04 1.000000e+00 -2.067549e-04 -4.886119e-02 -1.034303e-03 2.069940e-04 9.999993e-01 8.611959e-01
9.999827e-01 -1.558005e-03 -5.670038e-03 1.003918e-01 1.555461e-03 9.999987e-01 -4.529464e-04 -5.192101e-02 5.670744e-03 4.441195e-04 9.999839e-01 8.980331e-01
9.999998e-01 -1.387597e-04 6.279850e-04 1.157532e-01 1.388255e-04 1.000000e+00 -1.048551e-04 -5.523179e-02 -6.279790e-04 1.049417e-04 9.999997e-01 9.343848e-01
9.999826e-01 -1.835528e-03 -5.601914e-03 1.318659e-01 1.832813e-03 9.999982e-01 -4.897381e-04 -5.854009e-02 5.602812e-03 4.794629e-04 9.999843e-01 9.735152e-01
1.000000e+00 9.802247e-06 8.159520e-05 1.354841e-01 -9.801195e-06 1.000000e+00 -1.302781e-05 -6.186586e-02 -8.160495e-05 1.302642e-05 9.999999e-01 1.023389e+00
9.999847e-01 -1.926708e-03 -5.183422e-03 1.461202e-01 1.923430e-03 9.999979e-01 -6.373785e-04 -6.542373e-02 5.184650e-03 6.273994e-04 9.999865e-01 1.072745e+00
9.999999e-01 1.814825e-04 -3.290824e-04 1.607468e-01 -1.814363e-04 1.000000e+00 1.405058e-04 -6.903489e-02 3.290972e-04 -1.404468e-04 9.999998e-01 1.112312e+00
9.999849e-01 -1.893805e-03 -5.159099e-03 1.754069e-01 1.890981e-03 9.999981e-01 -5.522609e-04 -7.288765e-02 5.160146e-03 5.424975e-04 9.999866e-01 1.146939e+00
9.999997e-01 -1.556217e-04 -8.041402e-04 1.756484e-01 1.556856e-04 1.000000e+00 7.946647e-05 -7.667082e-02 8.041160e-04 -7.959239e-05 9.999996e-01 1.199309e+00
9.999851e-01 -1.519119e-03 -5.238125e-03 1.924910e-01 1.516720e-03 9.999987e-01 -4.618669e-04 -8.113159e-02 5.238833e-03 4.539160e-04 9.999863e-01 1.237002e+00
9.999999e-01 -4.587259e-04 -1.225634e-04 1.998085e-01 4.587081e-04 9.999999e-01 -1.447921e-04 -8.447721e-02 1.226168e-04 1.447350e-04 9.999999e-01 1.282095e+00
9.999808e-01 -1.482989e-03 -6.024183e-03 1.968519e-01 1.481369e-03 9.999989e-01 -2.734160e-04 -8.863422e-02 6.024595e-03 2.644875e-04 9.999819e-01 1.330878e+00
1.000000e+00 -1.703939e-04 -1.489609e-04 1.989251e-01 1.703727e-04 1.000000e+00 -1.423427e-04 -9.285346e-02 1.489710e-04 1.423164e-04 9.999999e-01 1.378160e+00
9.999849e-01 -1.665667e-03 -5.241971e-03 1.978427e-01 1.663206e-03 9.999985e-01 -4.737984e-04 -9.640585e-02 5.242767e-03 4.650737e-04 9.999862e-01 1.432467e+00
1.000000e+00 -2.492196e-04 -3.860503e-05 1.987064e-01 2.492137e-04 1.000000e+00 -1.493985e-04 -9.992471e-02 3.862702e-05 1.493879e-04 9.999999e-01 1.486273e+00
9.999839e-01 -1.599892e-03 -5.437654e-03 2.015991e-01 1.597586e-03 9.999986e-01 -4.284424e-04 -1.036146e-01 5.438348e-03 4.197494e-04 9.999852e-01 1.536838e+00
9.999999e-01 -1.247650e-04 -3.086820e-04 2.046964e-01 1.247210e-04 1.000000e+00 -1.425695e-04 -1.073018e-01 3.086835e-04 1.425300e-04 9.999998e-01 1.591029e+00
9.999842e-01 -1.586713e-03 -5.398340e-03 2.117761e-01 1.584455e-03 9.999987e-01 -4.226100e-04 -1.111089e-01 5.399020e-03 4.140510e-04 9.999854e-01 1.643083e+00
1.000000e+00 -2.058071e-04 -6.945050e-05 2.194914e-01 2.057971e-04 1.000000e+00 -1.432545e-04 -1.148319e-01 6.946253e-05 1.432391e-04 9.999999e-01 1.691941e+00
9.999844e-01 -1.653136e-03 -5.327135e-03 2.244676e-01 1.650924e-03 9.999985e-01 -4.195660e-04 -1.183267e-01 5.327839e-03 4.107660e-04 9.999858e-01 1.742056e+00
9.999999e-01 -3.455769e-04 2.194637e-04 2.342556e-01 3.455997e-04 9.999999e-01 -1.041029e-04 -1.217759e-01 -2.194462e-04 1.041775e-04 9.999999e-01 1.789194e+00
9.999839e-01 -1.448150e-03 -5.483084e-03 2.461894e-01 1.446123e-03 9.999989e-01 -3.736689e-04 -1.254478e-01 5.483638e-03 3.657349e-04 9.999850e-01 1.827043e+00
1.000000e+00 -1.895667e-04 9.220397e-05 2.579130e-01 1.895737e-04 1.000000e+00 -7.689647e-05 -1.291896e-01 -9.220892e-05 7.691268e-05 9.999999e-01 1.864589e+00
9.999850e-01 -1.588457e-03 -5.235137e-03 2.840843e-01 1.586619e-03 9.999987e-01 -3.553944e-04 -1.329992e-01 5.235715e-03 3.470842e-04 9.999863e-01 1.893333e+00
9.999999e-01 9.858741e-05 -3.079952e-04 2.995024e-01 -9.863133e-05 1.000000e+00 -1.422026e-04 -1.365982e-01 3.079606e-04 1.422317e-04 9.999998e-01 1.929720e+00
9.999864e-01 -1.961862e-03 -4.827830e-03 3.074741e-01 1.959905e-03 9.999980e-01 -4.100173e-04 -1.399761e-01 4.828646e-03 4.005510e-04 9.999884e-01 1.978075e+00
1.000000e+00 7.150557e-05 -2.090817e-04 3.210878e-01 -7.156273e-05 1.000000e+00 -2.727357e-04 -1.433620e-01 2.090406e-04 2.727492e-04 9.999998e-01 2.022012e+00
9.999796e-01 -1.811690e-03 -6.128072e-03 3.411115e-01 1.810423e-03 9.999983e-01 -2.123566e-04 -1.474829e-01 6.128469e-03 2.012593e-04 9.999813e-01 2.062661e+00
9.999999e-01 3.023987e-04 3.880041e-04 3.675528e-01 -3.023256e-04 9.999999e-01 -1.887950e-04 -1.517348e-01 -3.880839e-04 1.886762e-04 9.999998e-01 2.101578e+00
9.999805e-01 -1.988950e-03 -5.913365e-03 3.927623e-01 1.987094e-03 9.999980e-01 -3.197467e-04 -1.555118e-01 5.914012e-03 3.079916e-04 9.999826e-01 2.132240e+00
9.999998e-01 4.860521e-04 4.706952e-04 4.233009e-01 -4.859463e-04 9.999999e-01 -2.253550e-04 -1.593057e-01 -4.708285e-04 2.251247e-04 9.999998e-01 2.156743e+00
9.999811e-01 -1.789983e-03 -5.884371e-03 4.464606e-01 1.788189e-03 9.999984e-01 -3.102703e-04 -1.631249e-01 5.884941e-03 2.997436e-04 9.999827e-01 2.189126e+00
9.999987e-01 1.956297e-04 -1.598507e-03 4.484263e-01 -1.959542e-04 1.000000e+00 -2.027383e-04 -1.677465e-01 1.598443e-03 2.030497e-04 9.999986e-01 2.263549e+00
9.999877e-01 -1.910744e-03 -4.574922e-03 4.656452e-01 1.909686e-03 9.999981e-01 -2.357824e-04 -1.729489e-01 4.575390e-03 2.270444e-04 9.999896e-01 2.322298e+00
9.999937e-01 -8.434661e-04 -3.439611e-03 4.424060e-01 8.485432e-04 9.999986e-01 1.474939e-03 -1.788467e-01 3.438335e-03 -1.477850e-03 9.999929e-01 2.444066e+00
9.999778e-01 -8.875867e-04 -6.597981e-03 4.419308e-01 8.827229e-04 9.999993e-01 -7.400684e-04 -1.869473e-01 6.598661e-03 7.342291e-04 9.999781e-01 2.594979e+00
9.999896e-01 -8.603899e-04 -4.473017e-03 4.311924e-01 8.657862e-04 9.999989e-01 1.204663e-03 -1.969647e-01 4.471947e-03 -1.208524e-03 9.999892e-01 2.791453e+00
9.999775e-01 -8.374263e-04 -6.663429e-03 4.203762e-01 8.329134e-04 9.999994e-01 -6.800309e-04 -2.079037e-01 6.664024e-03 6.744667e-04 9.999777e-01 2.996694e+00
9.999895e-01 -3.720798e-04 -4.563657e-03 4.173061e-01 3.768679e-04 9.999994e-01 1.048402e-03 -2.193559e-01 4.563234e-03 -1.050112e-03 9.999889e-01 3.186331e+00
9.999775e-01 -1.157928e-03 -6.604749e-03 4.036585e-01 1.154030e-03 9.999992e-01 -5.940325e-04 -2.311361e-01 6.605463e-03 5.863981e-04 9.999781e-01 3.377057e+00
9.999887e-01 5.221581e-05 -4.743656e-03 4.122404e-01 -4.837207e-05 9.999997e-01 8.104378e-04 -2.428600e-01 4.743664e-03 -8.102002e-04 9.999883e-01 3.560306e+00
9.999791e-01 -1.068521e-03 -6.382054e-03 4.076064e-01 1.066470e-03 9.999994e-01 -3.247887e-04 -2.543780e-01 6.382431e-03 3.179765e-04 9.999797e-01 3.736790e+00
9.999903e-01 -2.259878e-05 -4.395694e-03 3.995428e-01 2.594330e-05 9.999997e-01 7.608422e-04 -2.658258e-01 4.395641e-03 -7.609498e-04 9.999900e-01 3.920722e+00
9.999785e-01 -1.468536e-03 -6.385179e-03 3.863842e-01 1.467291e-03 9.999989e-01 -1.996575e-04 -2.777269e-01 6.385502e-03 1.902851e-04 9.999797e-01 4.122829e+00
9.999906e-01 1.919095e-04 -4.338784e-03 3.740814e-01 -1.882330e-04 9.999996e-01 8.477927e-04 -2.900703e-01 4.338909e-03 -8.469687e-04 9.999901e-01 4.326638e+00
9.999770e-01 -1.496660e-03 -6.611528e-03 3.609191e-01 1.494873e-03 9.999988e-01 -2.751134e-04 -3.025217e-01 6.611970e-03 2.652243e-04 9.999782e-01 4.535648e+00
9.999899e-01 4.801364e-04 -4.469111e-03 3.581200e-01 -4.770431e-04 9.999996e-01 6.932127e-04 -3.143723e-01 4.469403e-03 -6.910743e-04 9.999897e-01 4.729663e+00
9.999789e-01 -1.438204e-03 -6.337704e-03 3.553668e-01 1.438409e-03 9.999990e-01 2.765485e-05 -3.253848e-01 6.337697e-03 -3.676998e-05 9.999800e-01 4.911506e+00
9.999910e-01 6.704414e-04 -4.191182e-03 3.594152e-01 -6.679096e-04 9.999996e-01 6.054732e-04 -3.369099e-01 4.191545e-03 -6.026689e-04 9.999909e-01 5.085537e+00
9.999772e-01 -1.248766e-03 -6.636805e-03 3.508453e-01 1.248795e-03 9.999992e-01 2.856905e-07 -3.501084e-01 6.636842e-03 -8.573353e-06 9.999781e-01 5.257320e+00
9.999832e-01 2.126669e-03 -5.395405e-03 3.695017e-01 -2.131480e-03 9.999973e-01 -8.860645e-04 -3.577692e-01 5.393464e-03 8.975493e-04 9.999850e-01 5.345863e+00
9.999945e-01 -3.305038e-03 -5.769153e-05 4.025587e-01 3.305066e-03 9.999944e-01 4.850178e-04 -3.622596e-01 5.613160e-05 -4.852054e-04 1.000000e+00 5.370118e+00
9.999771e-01 2.134754e-03 -6.418657e-03 4.251176e-01 -2.140253e-03 9.999973e-01 -8.500274e-04 -3.657503e-01 6.416781e-03 8.637450e-04 9.999789e-01 5.386782e+00
9.999931e-01 -3.500859e-03 1.246732e-03 4.631516e-01 3.500465e-03 9.999938e-01 3.178471e-04 -3.693904e-01 -1.247792e-03 -3.134803e-04 9.999993e-01 5.400686e+00
9.999765e-01 2.189321e-03 -6.488238e-03 5.007849e-01 -2.194089e-03 9.999973e-01 -7.278223e-04 -3.729337e-01 6.486582e-03 7.420405e-04 9.999786e-01 5.412530e+00
9.999930e-01 -3.497968e-03 1.345676e-03 5.364573e-01 3.497560e-03 9.999938e-01 3.054857e-04 -3.764083e-01 -1.346691e-03 -3.007765e-04 9.999991e-01 5.424966e+00
9.999782e-01 2.196961e-03 -6.220892e-03 5.751572e-01 -2.201105e-03 9.999974e-01 -6.592585e-04 -3.801044e-01 6.219382e-03 6.729364e-04 9.999803e-01 5.433570e+00
9.999915e-01 -3.704551e-03 1.786993e-03 6.135482e-01 3.703867e-03 9.999931e-01 3.859743e-04 -3.836182e-01 -1.788364e-03 -3.793518e-04 9.999984e-01 5.443402e+00
9.999746e-01 2.218305e-03 -6.779568e-03 6.533501e-01 -2.222652e-03 9.999973e-01 -6.338256e-04 -3.871856e-01 6.778098e-03 6.488775e-04 9.999767e-01 5.450692e+00
9.999911e-01 -3.828578e-03 1.788682e-03 6.863801e-01 3.827978e-03 9.999926e-01 3.392303e-04 -3.908435e-01 -1.789921e-03 -3.323798e-04 9.999984e-01 5.464783e+00
9.999765e-01 2.445264e-03 -6.407177e-03 7.243318e-01 -2.449043e-03 9.999968e-01 -5.819555e-04 -3.941111e-01 6.405686e-03 5.976327e-04 9.999792e-01 5.470079e+00
9.999909e-01 -4.003647e-03 1.478913e-03 7.604246e-01 4.003148e-03 9.999919e-01 3.403512e-04 -3.974583e-01 -1.480216e-03 -3.344274e-04 9.999989e-01 5.479426e+00
9.999758e-01 2.221247e-03 -6.588326e-03 7.945404e-01 -2.224629e-03 9.999974e-01 -5.060581e-04 -4.008736e-01 6.587136e-03 5.207019e-04 9.999781e-01 5.495336e+00
9.999913e-01 -3.752761e-03 1.846196e-03 8.324011e-01 3.752317e-03 9.999929e-01 2.437370e-04 -4.044761e-01 -1.847049e-03 -2.368070e-04 9.999984e-01 5.505849e+00
9.999768e-01 2.335077e-03 -6.398681e-03 8.736271e-01 -2.338402e-03 9.999971e-01 -5.121543e-04 -4.078376e-01 6.397418e-03 5.271046e-04 9.999793e-01 5.509703e+00
9.999901e-01 -3.936997e-03 2.070053e-03 9.153802e-01 3.936469e-03 9.999922e-01 2.591220e-04 -4.112695e-01 -2.071007e-03 -2.509704e-04 9.999979e-01 5.511868e+00
9.999738e-01 2.376164e-03 -6.839879e-03 9.550926e-01 -2.379440e-03 9.999971e-01 -4.708271e-04 -4.148464e-01 6.838690e-03 4.870894e-04 9.999764e-01 5.518505e+00
9.999908e-01 -3.912951e-03 1.758780e-03 9.941218e-01 3.912670e-03 9.999923e-01 1.634333e-04 -4.184982e-01 -1.759356e-03 -1.565500e-04 9.999985e-01 5.528721e+00
9.999740e-01 2.439588e-03 -6.782020e-03 1.033911e+00 -2.442412e-03 9.999969e-01 -4.081148e-04 -4.220337e-01 6.780953e-03 4.246682e-04 9.999768e-01 5.536277e+00
9.999883e-01 -4.099467e-03 2.555900e-03 1.074010e+00 4.099132e-03 9.999916e-01 1.363503e-04 -4.253000e-01 -2.556386e-03 -1.258715e-04 9.999968e-01 5.542802e+00
9.999743e-01 2.338486e-03 -6.772163e-03 1.114438e+00 -2.341264e-03 9.999972e-01 -4.023894e-04 -4.286455e-01 6.771152e-03 4.182341e-04 9.999769e-01 5.547435e+00
9.999889e-01 -3.915710e-03 2.625650e-03 1.154983e+00 3.915484e-03 9.999923e-01 9.115354e-05 -4.318598e-01 -2.625935e-03 -8.087160e-05 9.999966e-01 5.551526e+00
9.999717e-01 2.403657e-03 -7.124535e-03 1.196418e+00 -2.406747e-03 9.999970e-01 -4.252222e-04 -4.353500e-01 7.123439e-03 4.423568e-04 9.999744e-01 5.555087e+00
9.999902e-01 -3.893566e-03 2.087605e-03 1.235822e+00 3.893458e-03 9.999924e-01 5.583167e-05 -4.389530e-01 -2.087753e-03 -4.770290e-05 9.999979e-01 5.564864e+00
9.999720e-01 2.324566e-03 -7.110406e-03 1.273401e+00 -2.326719e-03 9.999972e-01 -2.946000e-04 -4.426229e-01 7.109648e-03 3.111353e-04 9.999746e-01 5.578928e+00
9.999907e-01 -3.776434e-03 2.063040e-03 1.313257e+00 3.776523e-03 9.999929e-01 -3.942822e-05 -4.462460e-01 -2.062823e-03 4.721917e-05 9.999980e-01 5.587336e+00
9.999282e-01 2.873374e-03 -1.163306e-02 1.325566e+00 -2.881348e-03 9.999956e-01 -6.687490e-04 -4.501951e-01 1.163103e-02 7.022195e-04 9.999320e-01 5.642862e+00
9.999760e-01 -4.349526e-03 5.387309e-03 1.347452e+00 4.349222e-03 9.999905e-01 6.818102e-05 -4.560430e-01 -5.387499e-03 -4.474854e-05 9.999856e-01 5.707150e+00
9.999449e-01 2.686635e-03 -1.014366e-02 1.385916e+00 -2.690876e-03 9.999963e-01 -4.044826e-04 -4.597339e-01 1.014248e-02 4.317553e-04 9.999484e-01 5.719857e+00
9.999773e-01 -4.309738e-03 5.176125e-03 1.423816e+00 4.309445e-03 9.999907e-01 6.783716e-05 -4.634065e-01 -5.176314e-03 -4.552917e-05 9.999867e-01 5.734057e+00
9.999484e-01 2.548952e-03 -9.837417e-03 1.461465e+00 -2.553432e-03 9.999966e-01 -4.429213e-04 -4.671035e-01 9.836199e-03 4.680172e-04 9.999514e-01 5.749349e+00
9.999779e-01 -4.366259e-03 5.022942e-03 1.498057e+00 4.365834e-03 9.999905e-01 9.551325e-05 -4.709515e-01 -5.023254e-03 -7.358162e-05 9.999875e-01 5.764672e+00
9.999451e-01 2.706576e-03 -1.011756e-02 1.534605e+00 -2.710856e-03 9.999962e-01 -4.093213e-04 -4.749156e-01 1.011636e-02 4.367257e-04 9.999486e-01 5.782196e+00
9.999798e-01 -4.267028e-03 4.711644e-03 1.567997e+00 4.267069e-03 9.999909e-01 1.503087e-06 -4.787559e-01 -4.711551e-03 1.860202e-05 9.999890e-01 5.803151e+00
9.999444e-01 2.669621e-03 -1.019571e-02 1.597794e+00 -2.675021e-03 9.999963e-01 -5.160375e-04 -4.826603e-01 1.019423e-02 5.432822e-04 9.999478e-01 5.829359e+00
9.999790e-01 -4.290439e-03 4.863042e-03 1.628703e+00 4.289847e-03 9.999908e-01 1.322668e-04 -4.865373e-01 -4.863507e-03 -1.114021e-04 9.999883e-01 5.853803e+00
9.999474e-01 2.622723e-03 -9.914582e-03 1.660086e+00 -2.628177e-03 9.999964e-01 -5.370791e-04 -4.902427e-01 9.913079e-03 5.631078e-04 9.999506e-01 5.875572e+00
9.999793e-01 -4.273561e-03 4.812349e-03 1.689223e+00 4.273099e-03 9.999909e-01 1.062888e-04 -4.938489e-01 -4.812700e-03 -8.572283e-05 9.999885e-01 5.898493e+00
9.999448e-01 2.562065e-03 -1.019216e-02 1.715012e+00 -2.568007e-03 9.999965e-01 -5.699884e-04 -4.975277e-01 1.019060e-02 5.961302e-04 9.999478e-01 5.924088e+00
9.999808e-01 -4.070152e-03 4.682936e-03 1.743655e+00 4.069867e-03 9.999917e-01 7.034160e-05 -5.013303e-01 -4.683123e-03 -5.128118e-05 9.999891e-01 5.949021e+00
9.999458e-01 2.601344e-03 -1.007804e-02 1.769857e+00 -2.607349e-03 9.999964e-01 -5.827685e-04 -5.049897e-01 1.007643e-02 6.090136e-04 9.999490e-01 5.975528e+00
9.999792e-01 -4.333738e-03 4.777686e-03 1.789825e+00 4.333561e-03 9.999906e-01 4.727603e-05 -5.085770e-01 -4.777785e-03 -2.657052e-05 9.999887e-01 6.005132e+00
9.999424e-01 2.694163e-03 -1.038611e-02 1.808629e+00 -2.699789e-03 9.999962e-01 -5.276771e-04 -5.123529e-01 1.038459e-02 5.556867e-04 9.999458e-01 6.038281e+00
9.999790e-01 -4.265351e-03 4.877040e-03 1.828367e+00 4.265544e-03 9.999909e-01 -2.916045e-05 -5.159891e-01 -4.876809e-03 4.996320e-05 9.999882e-01 6.070678e+00
9.999414e-01 2.651140e-03 -1.049058e-02 1.843792e+00 -2.656127e-03 9.999964e-01 -4.614487e-04 -5.195155e-01 1.048926e-02 4.892856e-04 9.999448e-01 6.105258e+00
9.999777e-01 -4.332682e-03 5.090773e-03 1.859713e+00 4.332879e-03 9.999906e-01 -2.754819e-05 -5.231824e-01 -5.090544e-03 4.960539e-05 9.999871e-01 6.139210e+00
9.999396e-01 2.618324e-03 -1.067611e-02 1.873529e+00 -2.623430e-03 9.999965e-01 -4.643141e-04 -5.268456e-01 1.067479e-02 4.922938e-04 9.999428e-01 6.177097e+00
9.999759e-01 -4.471400e-03 5.316680e-03 1.898242e+00 4.471255e-03 9.999900e-01 3.931453e-05 -5.307343e-01 -5.316739e-03 -1.554128e-05 9.999860e-01 6.207815e+00
9.999381e-01 2.826899e-03 -1.075846e-02 1.930938e+00 -2.832170e-03 9.999959e-01 -4.747975e-04 -5.347962e-01 1.075701e-02 5.052376e-04 9.999419e-01 6.232045e+00
9.999764e-01 -4.438821e-03 5.242406e-03 1.960468e+00 4.438813e-03 9.999901e-01 1.313548e-05 -5.386816e-01 -5.242349e-03 1.013495e-05 9.999863e-01 6.257672e+00
9.999387e-01 2.923388e-03 -1.067497e-02 1.990211e+00 -2.928294e-03 9.999956e-01 -4.439430e-04 -5.425140e-01 1.067356e-02 4.751750e-04 9.999428e-01 6.282378e+00
9.999748e-01 -4.655076e-03 5.354361e-03 2.017373e+00 4.655090e-03 9.999892e-01 9.743374e-06 -5.463325e-01 -5.354284e-03 1.518193e-05 9.999858e-01 6.308045e+00
9.999367e-01 3.002920e-03 -1.084282e-02 2.044760e+00 -3.007505e-03 9.999954e-01 -4.065232e-04 -5.502016e-01 1.084148e-02 4.391070e-04 9.999410e-01 6.334050e+00
9.999755e-01 -4.547397e-03 5.329637e-03 2.073271e+00 4.547892e-03 9.999897e-01 -8.067262e-05 -5.540217e-01 -5.329149e-03 1.049093e-04 9.999859e-01 6.360419e+00
9.999371e-01 2.989518e-03 -1.080995e-02 2.100668e+00 -2.993783e-03 9.999954e-01 -3.783866e-04 -5.577895e-01 1.080871e-02 4.107252e-04 9.999414e-01 6.387277e+00
9.999766e-01 -4.465950e-03 5.175084e-03 2.127832e+00 4.466484e-03 9.999900e-01 -9.152906e-05 -5.616493e-01 -5.174557e-03 1.146413e-04 9.999867e-01 6.416687e+00
9.999391e-01 2.859351e-03 -1.065716e-02 2.152015e+00 -2.863336e-03 9.999958e-01 -3.586814e-04 -5.655048e-01 1.065603e-02 3.891744e-04 9.999431e-01 6.449682e+00
9.999778e-01 -4.317059e-03 5.080620e-03 2.169397e+00 4.317797e-03 9.999907e-01 -1.341540e-04 -5.691977e-01 -5.079926e-03 1.560880e-04 9.999872e-01 6.491767e+00
9.999462e-01 2.654177e-03 -1.002911e-02 2.186267e+00 -2.659559e-03 9.999963e-01 -5.233244e-04 -5.725581e-01 1.002762e-02 5.499690e-04 9.999495e-01 6.536678e+00
9.999761e-01 -4.470096e-03 5.282077e-03 2.200577e+00 4.471129e-03 9.999900e-01 -1.838246e-04 -5.758142e-01 -5.281134e-03 2.074370e-04 9.999861e-01 6.582657e+00
9.999406e-01 2.736520e-03 -1.054937e-02 2.209840e+00 -2.741230e-03 9.999961e-01 -4.319792e-04 -5.791233e-01 1.054808e-02 4.608716e-04 9.999442e-01 6.632181e+00
9.999775e-01 -4.398884e-03 5.072977e-03 2.217689e+00 4.399877e-03 9.999903e-01 -1.845292e-04 -5.825063e-01 -5.072047e-03 2.068455e-04 9.999872e-01 6.684516e+00
9.999460e-01 2.560102e-03 -1.007537e-02 2.225026e+00 -2.564005e-03 9.999966e-01 -3.744898e-04 -5.856619e-01 1.007431e-02 4.003026e-04 9.999491e-01 6.733035e+00
9.999767e-01 -4.351569e-03 5.257464e-03 2.234645e+00 4.353004e-03 9.999905e-01 -2.615714e-04 -5.886661e-01 -5.256206e-03 2.844510e-04 9.999862e-01 6.779921e+00
9.999417e-01 2.623100e-03 -1.046944e-02 2.243252e+00 -2.626280e-03 9.999965e-01 -2.899811e-04 -5.919323e-01 1.046857e-02 3.174597e-04 9.999451e-01 6.831366e+00
9.999758e-01 -4.282565e-03 5.489691e-03 2.257570e+00 4.284045e-03 9.999908e-01 -2.579325e-04 -5.950930e-01 -5.488465e-03 2.814443e-04 9.999850e-01 6.878775e+00
9.999442e-01 2.532161e-03 -1.025855e-02 2.266519e+00 -2.534875e-03 9.999968e-01 -2.516011e-04 -5.980028e-01 1.025781e-02 2.775910e-04 9.999473e-01 6.923489e+00
9.999757e-01 -4.231067e-03 5.547287e-03 2.272991e+00 4.233055e-03 9.999910e-01 -3.466957e-04 -6.009357e-01 -5.545699e-03 3.701692e-04 9.999846e-01 6.971538e+00
9.999457e-01 2.426199e-03 -1.013360e-02 2.278648e+00 -2.428023e-03 9.999970e-01 -1.677110e-04 -6.037371e-01 1.013309e-02 1.923064e-04 9.999486e-01 7.017138e+00
9.999762e-01 -4.199744e-03 5.481561e-03 2.283272e+00 4.201844e-03 9.999911e-01 -3.717576e-04 -6.064263e-01 -5.479879e-03 3.947812e-04 9.999850e-01 7.063800e+00
9.999457e-01 2.524615e-03 -1.011370e-02 2.291040e+00 -2.526019e-03 9.999968e-01 -1.260916e-04 -6.090711e-01 1.011328e-02 1.516321e-04 9.999488e-01 7.109753e+00
9.999749e-01 -4.367252e-03 5.588536e-03 2.299276e+00 4.369623e-03 9.999904e-01 -4.122406e-04 -6.117208e-01 -5.586609e-03 4.366499e-04 9.999844e-01 7.155690e+00
9.999444e-01 2.543741e-03 -1.023645e-02 2.306248e+00 -2.544918e-03 9.999968e-01 -1.019415e-04 -6.144783e-01 1.023609e-02 1.279867e-04 9.999475e-01 7.202513e+00
9.999754e-01 -4.379738e-03 5.486259e-03 2.310999e+00 4.382407e-03 9.999903e-01 -4.745096e-04 -6.173728e-01 -5.484054e-03 4.985407e-04 9.999849e-01 7.252214e+00
9.999467e-01 2.580462e-03 -9.996228e-03 2.314940e+00 -2.581672e-03 9.999967e-01 -1.082086e-04 -6.201038e-01 9.995842e-03 1.340098e-04 9.999499e-01 7.305140e+00
9.999761e-01 -4.376431e-03 5.351546e-03 2.314848e+00 4.379032e-03 9.999903e-01 -4.744870e-04 -6.226828e-01 -5.349344e-03 4.979101e-04 9.999857e-01 7.359749e+00
9.999463e-01 2.653355e-03 -1.001875e-02 2.316823e+00 -2.654049e-03 9.999965e-01 -5.601463e-05 -6.252815e-01 1.001849e-02 8.260187e-05 9.999497e-01 7.414543e+00
9.999726e-01 -4.470213e-03 5.907394e-03 2.339091e+00 4.473667e-03 9.999898e-01 -5.715442e-04 -6.284065e-01 -5.904705e-03 5.979560e-04 9.999825e-01 7.448978e+00
9.999210e-01 3.429939e-03 -1.208820e-02 2.372226e+00 -3.426928e-03 9.999941e-01 2.697717e-04 -6.322667e-01 1.208898e-02 -2.283250e-04 9.999268e-01 7.468124e+00
9.999715e-01 -4.559070e-03 6.016511e-03 2.405538e+00 4.562678e-03 9.999894e-01 -5.860624e-04 -6.363075e-01 -6.013700e-03 6.134968e-04 9.999818e-01 7.489955e+00
9.999216e-01 3.354362e-03 -1.206088e-02 2.436596e+00 -3.352949e-03 9.999944e-01 1.374126e-04 -6.401292e-01 1.206120e-02 -9.696230e-05 9.999272e-01 7.513519e+00
9.999700e-01 -4.698535e-03 6.165892e-03 2.468408e+00 4.702300e-03 9.999888e-01 -5.963179e-04 -6.441776e-01 -6.162945e-03 6.252935e-04 9.999809e-01 7.538820e+00
9.999212e-01 3.371654e-03 -1.209501e-02 2.501356e+00 -3.369451e-03 9.999943e-01 2.025325e-04 -6.482936e-01 1.209554e-02 -1.617630e-04 9.999268e-01 7.563000e+00
9.999704e-01 -4.679605e-03 6.105037e-03 2.533966e+00 4.683595e-03 9.999888e-01 -6.393622e-04 -6.524576e-01 -6.101900e-03 6.679365e-04 9.999812e-01 7.591357e+00
9.999240e-01 3.163688e-03 -1.191536e-02 2.567035e+00 -3.160708e-03 9.999950e-01 2.689573e-04 -6.567495e-01 1.191607e-02 -2.312758e-04 9.999289e-01 7.617953e+00
9.999689e-01 -4.727362e-03 6.322629e-03 2.600225e+00 4.731549e-03 9.999886e-01 -6.475091e-04 -6.608612e-01 -6.319418e-03 6.774043e-04 9.999799e-01 7.640069e+00
9.999210e-01 3.304507e-03 -1.212832e-02 2.631544e+00 -3.301208e-03 9.999945e-01 2.920502e-04 -6.648497e-01 1.212914e-02 -2.519889e-04 9.999263e-01 7.658515e+00
9.999709e-01 -4.571147e-03 6.111326e-03 2.664234e+00 4.575393e-03 9.999893e-01 -6.809135e-04 -6.689249e-01 -6.108070e-03 7.088550e-04 9.999812e-01 7.679780e+00
9.999215e-01 3.222417e-03 -1.210284e-02 2.696989e+00 -3.219070e-03 9.999948e-01 2.960176e-04 -6.730840e-01 1.210365e-02 -2.570344e-04 9.999266e-01 7.699867e+00
9.999710e-01 -4.572949e-03 6.090592e-03 2.730600e+00 4.577329e-03 9.999893e-01 -7.054158e-04 -6.773657e-01 -6.087222e-03 7.332735e-04 9.999813e-01 7.722498e+00
9.999199e-01 3.302707e-03 -1.221345e-02 2.763540e+00 -3.298763e-03 9.999945e-01 3.430236e-04 -6.815430e-01 1.221444e-02 -3.027067e-04 9.999253e-01 7.742171e+00
9.999709e-01 -4.599227e-03 6.092360e-03 2.797346e+00 4.603766e-03 9.999891e-01 -7.312756e-04 -6.858001e-01 -6.088851e-03 7.593016e-04 9.999813e-01 7.763356e+00
9.999194e-01 3.378716e-03 -1.223818e-02 2.830446e+00 -3.375842e-03 9.999943e-01 2.554049e-04 -6.900006e-01 1.223889e-02 -2.140699e-04 9.999250e-01 7.789309e+00
9.999701e-01 -4.659456e-03 6.169338e-03 2.863394e+00 4.663708e-03 9.999889e-01 -6.751623e-04 -6.942966e-01 -6.166043e-03 7.039136e-04 9.999808e-01 7.814551e+00
9.999219e-01 3.286545e-03 -1.205646e-02 2.896931e+00 -3.282676e-03 9.999946e-01 3.406313e-04 -6.985335e-01 1.205743e-02 -3.010270e-04 9.999272e-01 7.837538e+00
9.999688e-01 -4.838324e-03 6.251450e-03 2.931191e+00 4.843083e-03 9.999880e-01 -7.464701e-04 -7.028411e-01 -6.247682e-03 7.767225e-04 9.999803e-01 7.861535e+00
9.999219e-01 3.499900e-03 -1.199690e-02 2.965026e+00 -3.496022e-03 9.999938e-01 3.441773e-04 -7.070284e-01 1.199795e-02 -3.022087e-04 9.999279e-01 7.885140e+00
9.999675e-01 -4.955111e-03 6.359832e-03 2.996125e+00 4.959859e-03 9.999874e-01 -7.311140e-04 -7.110270e-01 -6.356048e-03 7.626334e-04 9.999796e-01 7.908059e+00
9.999205e-01 3.362258e-03 -1.214812e-02 3.029748e+00 -3.357925e-03 9.999943e-01 3.769840e-04 -7.152235e-01 1.214923e-02 -3.361613e-04 9.999261e-01 7.931785e+00
9.999682e-01 -4.805667e-03 6.363695e-03 3.062972e+00 4.811344e-03 9.999880e-01 -8.771380e-04 -7.194201e-01 -6.359322e-03 9.077273e-04 9.999794e-01 7.957588e+00
9.999201e-01 3.256757e-03 -1.221272e-02 3.095648e+00 -3.251479e-03 9.999946e-01 4.520165e-04 -7.236079e-01 1.221404e-02 -4.122706e-04 9.999252e-01 7.982336e+00
9.999688e-01 -4.742514e-03 6.327442e-03 3.127742e+00 4.748557e-03 9.999883e-01 -9.404460e-04 -7.278620e-01 -6.322824e-03 9.704621e-04 9.999796e-01 8.008703e+00
9.999205e-01 3.232358e-03 -1.218749e-02 3.160703e+00 -3.226921e-03 9.999947e-01 4.657603e-04 -7.320340e-01 1.218885e-02 -4.263947e-04 9.999255e-01 8.033622e+00
9.999677e-01 -4.766270e-03 6.480225e-03 3.192188e+00 4.772600e-03 9.999881e-01 -9.618615e-04 -7.361112e-01 -6.475480e-03 9.927572e-04 9.999786e-01 8.060367e+00
9.999173e-01 3.207623e-03 -1.244898e-02 3.219074e+00 -3.202048e-03 9.999948e-01 4.677406e-04 -7.402416e-01 1.245034e-02 -4.278392e-04 9.999223e-01 8.091449e+00
9.999675e-01 -4.771243e-03 6.503934e-03 3.245682e+00 4.777689e-03 9.999881e-01 -9.760370e-04 -7.445214e-01 -6.499116e-03 1.007078e-03 9.999785e-01 8.123489e+00
9.999207e-01 3.213091e-03 -1.217302e-02 3.277268e+00 -3.206384e-03 9.999947e-01 5.703693e-04 -7.486540e-01 1.217470e-02 -5.312922e-04 9.999257e-01 8.146750e+00
9.999660e-01 -4.579884e-03 6.865040e-03 3.314973e+00 4.586668e-03 9.999890e-01 -9.728686e-04 -7.525140e-01 -6.860424e-03 1.004322e-03 9.999760e-01 8.160167e+00
9.999178e-01 3.209876e-03 -1.241296e-02 3.347299e+00 -3.202952e-03 9.999947e-01 5.776366e-04 -7.563819e-01 1.241466e-02 -5.378305e-04 9.999227e-01 8.182645e+00
9.999650e-01 -4.798884e-03 6.853590e-03 3.377559e+00 4.805470e-03 9.999880e-01 -9.449332e-04 -7.604169e-01 -6.848888e-03 9.778339e-04 9.999761e-01 8.207346e+00
9.999169e-01 3.360355e-03 -1.244148e-02 3.411960e+00 -3.352106e-03 9.999941e-01 6.837800e-04 -7.642959e-01 1.244362e-02 -6.420174e-04 9.999223e-01 8.222632e+00
9.999629e-01 -4.885470e-03 7.104662e-03 3.447234e+00 4.892785e-03 9.999875e-01 -1.012676e-03 -7.681809e-01 -7.099540e-03 1.047399e-03 9.999743e-01 8.238017e+00
9.999130e-01 3.472954e-03 -1.272027e-02 3.475622e+00 -3.466177e-03 9.999938e-01 5.547847e-04 -7.719284e-01 1.272203e-02 -5.106451e-04 9.999189e-01 8.262098e+00
9.999618e-01 -5.015009e-03 7.166526e-03 3.498779e+00 5.022366e-03 9.999869e-01 -1.009012e-03 -7.757749e-01 -7.161286e-03 1.044965e-03 9.999739e-01 8.294180e+00
9.999103e-01 3.422544e-03 -1.294842e-02 3.517182e+00 -3.416044e-03 9.999940e-01 5.240360e-04 -7.794713e-01 1.295004e-02 -4.797559e-04 9.999160e-01 8.327953e+00
9.999623e-01 -4.841790e-03 7.206971e-03 3.537911e+00 4.848650e-03 9.999878e-01 -9.347988e-04 -7.833221e-01 -7.202270e-03 9.697065e-04 9.999737e-01 8.360208e+00
9.999160e-01 3.222534e-03 -1.254828e-02 3.566949e+00 -3.215048e-03 9.999946e-01 6.166930e-04 -7.871134e-01 1.255011e-02 -5.762971e-04 9.999210e-01 8.384195e+00
9.999633e-01 -4.734317e-03 7.150794e-03 3.601724e+00 4.741931e-03 9.999882e-01 -1.048320e-03 -7.910901e-01 -7.145659e-03 1.082189e-03 9.999740e-01 8.398319e+00
9.999139e-01 3.416132e-03 -1.266645e-02 3.637615e+00 -3.407552e-03 9.999940e-01 6.988631e-04 -7.950247e-01 1.266867e-02 -6.556405e-04 9.999195e-01 8.412052e+00
9.999622e-01 -4.844918e-03 7.220750e-03 3.672844e+00 4.852574e-03 9.999877e-01 -1.043346e-03 -7.989432e-01 -7.215518e-03 1.078344e-03 9.999735e-01 8.427059e+00
9.999113e-01 3.515019e-03 -1.284679e-02 3.707092e+00 -3.506489e-03 9.999936e-01 6.863908e-04 -8.028880e-01 1.284903e-02 -6.412819e-04 9.999172e-01 8.443923e+00
9.999622e-01 -4.838843e-03 7.226772e-03 3.740568e+00 4.846283e-03 9.999877e-01 -1.012506e-03 -8.067832e-01 -7.221695e-03 1.047490e-03 9.999734e-01 8.461553e+00
9.999109e-01 3.482300e-03 -1.288373e-02 3.774185e+00 -3.472871e-03 9.999937e-01 7.540699e-04 -8.106369e-01 1.288619e-02 -7.092582e-04 9.999166e-01 8.478914e+00
9.999619e-01 -4.912954e-03 7.216704e-03 3.808865e+00 4.920889e-03 9.999873e-01 -1.082307e-03 -8.147675e-01 -7.211206e-03 1.117777e-03 9.999734e-01 8.498026e+00
9.999102e-01 3.450744e-03 -1.294565e-02 3.842642e+00 -3.440349e-03 9.999937e-01 8.251538e-04 -8.189290e-01 1.294832e-02 -7.805411e-04 9.999158e-01 8.518860e+00
9.999617e-01 -4.860345e-03 7.276858e-03 3.877038e+00 4.868884e-03 9.999875e-01 -1.156272e-03 -8.230851e-01 -7.271058e-03 1.191656e-03 9.999729e-01 8.538156e+00
9.999106e-01 3.359463e-03 -1.294388e-02 3.910127e+00 -3.349184e-03 9.999941e-01 8.156798e-04 -8.271987e-01 1.294646e-02 -7.722543e-04 9.999158e-01 8.557640e+00
9.999615e-01 -4.893808e-03 7.285357e-03 3.943821e+00 4.902129e-03 9.999874e-01 -1.124874e-03 -8.312640e-01 -7.279670e-03 1.160542e-03 9.999729e-01 8.575650e+00
9.999106e-01 3.506595e-03 -1.290400e-02 3.978124e+00 -3.496145e-03 9.999935e-01 8.322572e-04 -8.351565e-01 1.290675e-02 -7.870673e-04 9.999163e-01 8.592178e+00
9.999635e-01 -4.832577e-03 7.049199e-03 4.006232e+00 4.841538e-03 9.999875e-01 -1.254790e-03 -8.389677e-01 -7.042956e-03 1.288872e-03 9.999744e-01 8.618288e+00
9.999133e-01 3.298164e-03 -1.274891e-02 4.031612e+00 -3.287244e-03 9.999942e-01 8.772723e-04 -8.428676e-01 1.275164e-02 -8.352862e-04 9.999183e-01 8.647651e+00
9.999622e-01 -4.950815e-03 7.155837e-03 4.059017e+00 4.960186e-03 9.999869e-01 -1.292507e-03 -8.468576e-01 -7.149253e-03 1.327951e-03 9.999736e-01 8.673903e+00
9.999134e-01 3.389649e-03 -1.271140e-02 4.086076e+00 -3.378885e-03 9.999939e-01 8.681017e-04 -8.506746e-01 1.271417e-02 -8.250748e-04 9.999188e-01 8.699731e+00
9.999621e-01 -4.990406e-03 7.144708e-03 4.115286e+00 4.999773e-03 9.999867e-01 -1.293980e-03 -8.546173e-01 -7.138064e-03 1.329651e-03 9.999737e-01 8.725133e+00
9.999148e-01 3.479735e-03 -1.258161e-02 4.147617e+00 -3.469029e-03 9.999936e-01 8.725679e-04 -8.585021e-01 1.258447e-02 -8.288461e-04 9.999204e-01 8.748796e+00
9.999628e-01 -5.078442e-03 6.974460e-03 4.175910e+00 5.087280e-03 9.999863e-01 -1.250239e-03 -8.624089e-01 -6.967923e-03 1.285672e-03 9.999750e-01 8.773030e+00
9.999142e-01 3.580597e-03 -1.260160e-02 4.207333e+00 -3.568268e-03 9.999931e-01 1.000593e-03 -8.663689e-01 1.260501e-02 -9.555395e-04 9.999200e-01 8.793278e+00
9.999606e-01 -5.134251e-03 7.250681e-03 4.241465e+00 5.144224e-03 9.999858e-01 -1.357621e-03 -8.703345e-01 -7.243516e-03 1.394864e-03 9.999729e-01 8.813449e+00
9.999118e-01 3.579661e-03 -1.278680e-02 4.276326e+00 -3.567181e-03 9.999931e-01 9.985820e-04 -8.744679e-01 1.279020e-02 -9.528795e-04 9.999177e-01 8.832470e+00
9.999629e-01 -5.042857e-03 6.986465e-03 4.312296e+00 5.052089e-03 9.999864e-01 -1.304643e-03 -8.787229e-01 -6.979698e-03 1.339889e-03 9.999748e-01 8.850506e+00
9.999101e-01 3.607272e-03 -1.291418e-02 4.347655e+00 -3.594576e-03 9.999930e-01 1.006079e-03 -8.830018e-01 1.291762e-02 -9.595656e-04 9.999160e-01 8.867999e+00
9.999631e-01 -5.023886e-03 6.975788e-03 4.382563e+00 5.033542e-03 9.999864e-01 -1.367517e-03 -8.872350e-01 -6.968730e-03 1.402578e-03 9.999748e-01 8.888234e+00
9.999086e-01 3.612613e-03 -1.302982e-02 4.417276e+00 -3.599154e-03 9.999930e-01 1.056119e-03 -8.915034e-01 1.303345e-02 -1.009124e-03 9.999145e-01 8.908075e+00
9.999627e-01 -4.880943e-03 7.128334e-03 4.451187e+00 4.891761e-03 9.999869e-01 -1.501205e-03 -8.956107e-01 -7.120820e-03 1.536017e-03 9.999735e-01 8.931535e+00
9.999120e-01 3.286085e-03 -1.284774e-02 4.482730e+00 -3.271829e-03 9.999940e-01 1.130398e-03 -8.997170e-01 1.285128e-02 -1.088261e-03 9.999168e-01 8.953062e+00
9.999645e-01 -4.637103e-03 7.039252e-03 4.518510e+00 4.647835e-03 9.999881e-01 -1.509122e-03 -9.038951e-01 -7.032076e-03 1.541784e-03 9.999742e-01 8.970115e+00
9.999119e-01 3.216098e-03 -1.287647e-02 4.553655e+00 -3.201334e-03 9.999942e-01 1.166920e-03 -9.080531e-01 1.288005e-02 -1.125593e-03 9.999163e-01 8.989303e+00
9.999648e-01 -4.625055e-03 7.003141e-03 4.588160e+00 4.635992e-03 9.999881e-01 -1.546619e-03 -9.122859e-01 -6.995809e-03 1.579029e-03 9.999743e-01 9.008745e+00
9.999089e-01 3.271272e-03 -1.309365e-02 4.617557e+00 -3.257275e-03 9.999941e-01 1.090101e-03 -9.164294e-01 1.309704e-02 -1.047350e-03 9.999136e-01 9.036866e+00
9.999606e-01 -5.051603e-03 7.308269e-03 4.649296e+00 5.062477e-03 9.999861e-01 -1.470459e-03 -9.213480e-01 -7.300645e-03 1.507397e-03 9.999723e-01 9.059560e+00
9.999056e-01 3.651073e-03 -1.324418e-02 4.685168e+00 -3.637771e-03 9.999929e-01 1.028185e-03 -9.259034e-01 1.324775e-02 -9.799063e-04 9.999117e-01 9.083081e+00
9.999580e-01 -5.186840e-03 7.554628e-03 4.715768e+00 5.198314e-03 9.999854e-01 -1.500176e-03 -9.299486e-01 -7.546641e-03 1.539382e-03 9.999704e-01 9.109945e+00
9.999059e-01 3.613405e-03 -1.323123e-02 4.748081e+00 -3.598888e-03 9.999929e-01 1.120709e-03 -9.340479e-01 1.323509e-02 -1.072984e-03 9.999118e-01 9.133568e+00
9.999588e-01 -5.126961e-03 7.489624e-03 4.779962e+00 5.138659e-03 9.999856e-01 -1.543807e-03 -9.381837e-01 -7.481506e-03 1.582227e-03 9.999708e-01 9.159151e+00
9.999078e-01 3.640593e-03 -1.307574e-02 4.812574e+00 -3.625158e-03 9.999927e-01 1.203776e-03 -9.421327e-01 1.307994e-02 -1.156261e-03 9.999137e-01 9.181227e+00
9.999572e-01 -5.213898e-03 7.651256e-03 4.847294e+00 5.225780e-03 9.999852e-01 -1.534038e-03 -9.460636e-01 -7.643049e-03 1.573953e-03 9.999696e-01 9.198718e+00
9.999074e-01 3.667797e-03 -1.310148e-02 4.884174e+00 -3.651412e-03 9.999925e-01 1.274220e-03 -9.499471e-01 1.310596e-02 -1.226261e-03 9.999133e-01 9.213933e+00
9.999584e-01 -5.284630e-03 7.433057e-03 4.919492e+00 5.296791e-03 9.999847e-01 -1.617557e-03 -9.539247e-01 -7.424299e-03 1.656858e-03 9.999711e-01 9.232370e+00
9.999087e-01 3.736698e-03 -1.298372e-02 4.954827e+00 -3.720907e-03 9.999923e-01 1.239998e-03 -9.581446e-01 1.298815e-02 -1.191572e-03 9.999149e-01 9.252844e+00
9.999594e-01 -5.233346e-03 7.341662e-03 4.989769e+00 5.245578e-03 9.999849e-01 -1.648234e-03 -9.622972e-01 -7.332829e-03 1.686675e-03 9.999718e-01 9.274680e+00
9.999098e-01 3.708746e-03 -1.290368e-02 5.025530e+00 -3.691995e-03 9.999923e-01 1.321612e-03 -9.663448e-01 1.290839e-02 -1.273850e-03 9.999158e-01 9.293128e+00
9.999583e-01 -5.265984e-03 7.459764e-03 5.060925e+00 5.278799e-03 9.999846e-01 -1.699530e-03 -9.703609e-01 -7.450603e-03 1.738835e-03 9.999708e-01 9.313223e+00
9.999105e-01 3.653397e-03 -1.286417e-02 5.097067e+00 -3.635149e-03 9.999924e-01 1.441444e-03 -9.744785e-01 1.286924e-02 -1.394549e-03 9.999162e-01 9.332371e+00
9.999591e-01 -5.153312e-03 7.441417e-03 5.133908e+00 5.167534e-03 9.999849e-01 -1.893498e-03 -9.784790e-01 -7.431449e-03 1.931872e-03 9.999706e-01 9.345964e+00
9.999115e-01 3.633711e-03 -1.279448e-02 5.171953e+00 -3.614161e-03 9.999923e-01 1.550607e-03 -9.823716e-01 1.279992e-02 -1.504226e-03 9.999169e-01 9.359521e+00
9.999585e-01 -5.147270e-03 7.518839e-03 5.211002e+00 5.162090e-03 9.999848e-01 -1.953314e-03 -9.862310e-01 -7.508573e-03 1.992043e-03 9.999699e-01 9.370188e+00
9.999148e-01 3.569235e-03 -1.255084e-02 5.251924e+00 -3.550231e-03 9.999925e-01 1.535913e-03 -9.900585e-01 1.255614e-02 -1.491221e-03 9.999200e-01 9.378786e+00
9.999574e-01 -5.225719e-03 7.613682e-03 5.291776e+00 5.240463e-03 9.999844e-01 -1.918222e-03 -9.938308e-01 -7.603442e-03 1.958036e-03 9.999692e-01 9.387376e+00
9.999188e-01 3.717754e-03 -1.218530e-02 5.318111e+00 -3.698631e-03 9.999919e-01 1.591368e-03 -9.973748e-01 1.219102e-02 -1.546167e-03 9.999244e-01 9.412415e+00
9.999571e-01 -5.584152e-03 7.397424e-03 5.337229e+00 5.599535e-03 9.999822e-01 -2.060904e-03 -1.000576e+00 -7.385687e-03 2.102234e-03 9.999706e-01 9.450116e+00
9.999199e-01 3.704888e-03 -1.210012e-02 5.359533e+00 -3.685263e-03 9.999919e-01 1.643598e-03 -1.003810e+00 1.210601e-02 -1.598871e-03 9.999254e-01 9.483799e+00
9.999570e-01 -5.533937e-03 7.446067e-03 5.384261e+00 5.549765e-03 9.999824e-01 -2.107025e-03 -1.007147e+00 -7.434178e-03 2.148255e-03 9.999701e-01 9.514216e+00
9.999197e-01 3.732701e-03 -1.210388e-02 5.408585e+00 -3.713032e-03 9.999918e-01 1.646904e-03 -1.010414e+00 1.210983e-02 -1.601827e-03 9.999253e-01 9.545950e+00
9.999549e-01 -5.559288e-03 7.706173e-03 5.437991e+00 5.575475e-03 9.999823e-01 -2.081003e-03 -1.013834e+00 -7.694370e-03 2.123871e-03 9.999682e-01 9.567120e+00
9.999106e-01 4.117554e-03 -1.271526e-02 5.465551e+00 -4.095761e-03 9.999901e-01 1.739240e-03 -1.017418e+00 1.272220e-02 -1.687003e-03 9.999176e-01 9.593268e+00
9.999516e-01 -5.824113e-03 7.938528e-03 5.491417e+00 5.842081e-03 9.999804e-01 -2.242381e-03 -1.020655e+00 -7.925215e-03 2.288646e-03 9.999660e-01 9.626069e+00
9.999095e-01 4.080578e-03 -1.281830e-02 5.514653e+00 -4.058038e-03 9.999902e-01 1.783720e-03 -1.023787e+00 1.282535e-02 -1.731539e-03 9.999162e-01 9.656665e+00
9.999535e-01 -5.724450e-03 7.769454e-03 5.540788e+00 5.742296e-03 9.999809e-01 -2.277080e-03 -1.027176e+00 -7.756172e-03 2.321584e-03 9.999673e-01 9.686146e+00
9.999065e-01 4.149474e-03 -1.302275e-02 5.568873e+00 -4.125165e-03 9.999897e-01 1.892777e-03 -1.030793e+00 1.303037e-02 -1.838876e-03 9.999134e-01 9.714566e+00
9.999515e-01 -5.750021e-03 7.996701e-03 5.599577e+00 5.768561e-03 9.999807e-01 -2.297638e-03 -1.034354e+00 -7.983237e-03 2.343652e-03 9.999654e-01 9.739690e+00
9.999097e-01 4.164123e-03 -1.277077e-02 5.632785e+00 -4.140032e-03 9.999896e-01 1.912019e-03 -1.037855e+00 1.277850e-02 -1.858971e-03 9.999166e-01 9.763294e+00
9.999574e-01 -5.653256e-03 7.296693e-03 5.660617e+00 5.670625e-03 9.999811e-01 -2.362445e-03 -1.041422e+00 -7.283101e-03 2.403717e-03 9.999706e-01 9.793141e+00
9.999091e-01 4.115487e-03 -1.283874e-02 5.687178e+00 -4.091077e-03 9.999898e-01 1.926756e-03 -1.045067e+00 1.284644e-02 -1.874053e-03 9.999157e-01 9.823142e+00
9.999558e-01 -5.772669e-03 7.432963e-03 5.716719e+00 5.790620e-03 9.999804e-01 -2.396254e-03 -1.048906e+00 -7.418885e-03 2.439186e-03 9.999696e-01 9.851004e+00
9.999079e-01 4.180424e-03 -1.290685e-02 5.744756e+00 -4.155334e-03 9.999894e-01 1.969904e-03 -1.052638e+00 1.291485e-02 -1.916087e-03 9.999147e-01 9.880983e+00
