9.999971e-01 3.674614e-04 -2.398647e-03 4.663040e-02 -3.681923e-04 9.999999e-01 -3.042966e-04 -1.131717e-03 2.398535e-03 3.051784e-04 9.999972e-01 1.832168e-02
1.000000e+00 4.082973e-06 -3.991106e-05 9.286077e-02 -4.082558e-06 1.000000e+00 9.906060e-06 -2.254256e-03 3.991066e-05 -9.905479e-06 9.999999e-01 3.683446e-02
9.999972e-01 4.120873e-04 -2.314712e-03 1.390850e-01 -4.127249e-04 9.999999e-01 -2.749471e-04 -3.426728e-03 2.314599e-03 2.759012e-04 9.999974e-01 5.527509e-02
1.000000e+00 -9.355121e-05 -1.746236e-04 1.858598e-01 9.354622e-05 1.000000e+00 -2.869214e-05 -4.556864e-03 1.746253e-04 2.867616e-05 9.999999e-01 7.384749e-02
9.999975e-01 5.905147e-04 -2.157364e-03 2.304938e-01 -5.910342e-04 9.999998e-01 -2.401305e-04 -5.629299e-03 2.157223e-03 2.414046e-04 9.999977e-01 9.331602e-02
9.999997e-01 -4.515488e-04 -5.677959e-04 2.784416e-01 4.515135e-04 9.999999e-01 -6.245500e-05 -6.822377e-03 5.678226e-04 6.219892e-05 9.999997e-01 1.119820e-01
9.999978e-01 7.673958e-04 -1.939732e-03 3.250279e-01 -7.678582e-04 9.999997e-01 -2.376554e-04 -7.948792e-03 1.939551e-03 2.391440e-04 9.999982e-01 1.305590e-01
9.999996e-01 -5.062975e-04 -6.741626e-04 3.716580e-01 5.062653e-04 9.999999e-01 -4.789616e-05 -9.067740e-03 6.741848e-04 4.755508e-05 9.999997e-01 1.497375e-01
9.999979e-01 7.870936e-04 -1.907949e-03 4.183013e-01 -7.875592e-04 9.999997e-01 -2.432900e-04 -1.019537e-02 1.907759e-03 2.447919e-04 9.999983e-01 1.683746e-01
9.999998e-01 -4.234873e-04 -5.207378e-04 4.647414e-01 4.234606e-04 9.999999e-01 -5.143083e-05 -1.132373e-02 5.207571e-04 5.121049e-05 9.999998e-01 1.868140e-01
9.999978e-01 7.814479e-04 -1.921953e-03 5.111484e-01 -7.819138e-04 9.999997e-01 -2.416498e-04 -1.244974e-02 1.921766e-03 2.431519e-04 9.999982e-01 2.052182e-01
9.999998e-01 -3.973085e-04 -4.934654e-04 5.573864e-01 3.972866e-04 9.999999e-01 -4.436529e-05 -1.357752e-02 4.934801e-04 4.416936e-05 9.999998e-01 2.236459e-01
9.999977e-01 6.220588e-04 -2.070474e-03 6.051668e-01 -6.225813e-04 9.999998e-01 -2.516938e-04 -1.478226e-02 2.070320e-03 2.529821e-04 9.999979e-01 2.415821e-01
9.999999e-01 -1.383214e-04 -4.356385e-04 6.479438e-01 1.383447e-04 1.000000e+00 5.351477e-05 -1.577085e-02 4.356277e-04 -5.357496e-05 9.999998e-01 2.639891e-01
9.999978e-01 4.675453e-04 -2.052980e-03 6.946305e-01 -4.681928e-04 9.999998e-01 -3.149442e-04 -1.694270e-02 2.052836e-03 3.159046e-04 9.999979e-01 2.829551e-01
9.999999e-01 -1.568531e-04 -5.072324e-04 7.408924e-01 1.568688e-04 1.000000e+00 3.092361e-05 -1.804648e-02 5.072236e-04 -3.100316e-05 9.999998e-01 3.020059e-01
9.999975e-01 3.477859e-04 -2.201402e-03 7.880744e-01 -3.484562e-04 9.999999e-01 -3.041173e-04 -1.919161e-02 2.201300e-03 3.048836e-04 9.999976e-01 3.212355e-01
9.999999e-01 -1.153619e-04 -4.587827e-04 8.348520e-01 1.153686e-04 1.000000e+00 1.466223e-05 -2.031776e-02 4.587765e-04 -1.471520e-05 9.999998e-01 3.400362e-01
9.999981e-01 4.653702e-04 -1.916814e-03 8.820802e-01 -4.660055e-04 9.999998e-01 -3.309704e-04 -2.148484e-02 1.916665e-03 3.318631e-04 9.999982e-01 3.575317e-01
9.999999e-01 -1.408161e-05 -3.811374e-04 9.280692e-01 1.409945e-05 1.000000e+00 4.676843e-05 -2.262099e-02 3.811318e-04 -4.677390e-05 9.999998e-01 3.758766e-01
9.999976e-01 3.152171e-04 -2.173589e-03 9.744169e-01 -3.158917e-04 9.999999e-01 -3.100062e-04 -2.376601e-02 2.173496e-03 3.106922e-04 9.999977e-01 3.950400e-01
9.999999e-01 -5.537773e-05 -4.157743e-04 1.021378e+00 5.538467e-05 1.000000e+00 1.665016e-05 -2.489857e-02 4.157679e-04 -1.667334e-05 9.999998e-01 4.136728e-01
9.999975e-01 3.395785e-04 -2.199186e-03 1.067579e+00 -3.402290e-04 9.999999e-01 -2.954556e-04 -2.599142e-02 2.199092e-03 2.962033e-04 9.999976e-01 4.332010e-01
9.999999e-01 -1.039372e-04 -4.676783e-04 1.114409e+00 1.039544e-04 1.000000e+00 3.688065e-05 -2.712311e-02 4.676684e-04 -3.692948e-05 9.999998e-01 4.528064e-01
9.999980e-01 4.428963e-04 -1.942861e-03 1.160447e+00 -4.436388e-04 9.999998e-01 -3.817594e-04 -2.824540e-02 1.942698e-03 3.826208e-04 9.999981e-01 4.720309e-01
9.999997e-01 -3.297993e-04 -7.685338e-04 1.209125e+00 3.298840e-04 9.999999e-01 1.101224e-04 -2.949756e-02 7.684909e-04 -1.103762e-04 9.999996e-01 4.903962e-01
9.999979e-01 4.916688e-04 -2.004109e-03 1.255812e+00 -4.924887e-04 9.999998e-01 -4.086504e-04 -3.057336e-02 2.003915e-03 4.096368e-04 9.999980e-01 5.111727e-01
9.999997e-01 -1.967384e-04 -6.824499e-04 1.301137e+00 1.968451e-04 1.000000e+00 1.561994e-04 -3.160583e-02 6.824122e-04 -1.563340e-04 9.999997e-01 5.319962e-01
9.999979e-01 5.029154e-04 -1.968603e-03 1.346733e+00 -5.037397e-04 9.999998e-01 -4.182459e-04 -3.266819e-02 1.968400e-03 4.192371e-04 9.999981e-01 5.518394e-01
9.999997e-01 -2.301547e-04 -7.202213e-04 1.392497e+00 2.302665e-04 1.000000e+00 1.550546e-04 -3.373369e-02 7.201780e-04 -1.552208e-04 9.999996e-01 5.717022e-01
9.999979e-01 4.537505e-04 -1.999886e-03 1.438940e+00 -4.546113e-04 9.999998e-01 -4.299559e-04 -3.482764e-02 1.999698e-03 4.308646e-04 9.999980e-01 5.912456e-01
9.999997e-01 -2.052216e-04 -7.473789e-04 1.484698e+00 2.053513e-04 1.000000e+00 1.735184e-04 -3.588061e-02 7.473351e-04 -1.736723e-04 9.999996e-01 6.115874e-01
9.999978e-01 4.503335e-04 -2.034868e-03 1.530254e+00 -4.512075e-04 9.999998e-01 -4.290857e-04 -3.693075e-02 2.034683e-03 4.300033e-04 9.999979e-01 6.320292e-01
9.999997e-01 -2.070248e-04 -7.198089e-04 1.576093e+00 2.071478e-04 1.000000e+00 1.707038e-04 -3.798533e-02 7.197649e-04 -1.708534e-04 9.999996e-01 6.523446e-01
9.999979e-01 5.074169e-04 -1.988124e-03 1.621278e+00 -5.082361e-04 9.999998e-01 -4.115885e-04 -3.901298e-02 1.987923e-03 4.125986e-04 9.999980e-01 6.730651e-01
9.999996e-01 -3.209734e-04 -8.041172e-04 1.667925e+00 3.210872e-04 9.999999e-01 1.413851e-04 -4.010157e-02 8.040625e-04 -1.416438e-04 9.999996e-01 6.928985e-01
9.999980e-01 5.695764e-04 -1.907051e-03 1.714096e+00 -5.703531e-04 9.999998e-01 -4.067582e-04 -4.116837e-02 1.906828e-03 4.078457e-04 9.999982e-01 7.130176e-01
9.999996e-01 -3.236867e-04 -7.994477e-04 1.760301e+00 3.237970e-04 9.999999e-01 1.378618e-04 -4.224775e-02 7.993932e-04 -1.381212e-04 9.999996e-01 7.328079e-01
9.999979e-01 4.072686e-04 -1.984470e-03 1.808929e+00 -4.081754e-04 9.999998e-01 -4.565855e-04 -4.342982e-02 1.984294e-03 4.573952e-04 9.999980e-01 7.508658e-01
9.999997e-01 -3.190154e-04 -6.848922e-04 1.858324e+00 3.190874e-04 9.999999e-01 1.050167e-04 -4.464983e-02 6.848484e-04 -1.052359e-04 9.999997e-01 7.685771e-01
9.999981e-01 6.065187e-04 -1.846738e-03 1.905292e+00 -6.072708e-04 9.999997e-01 -4.067473e-04 -4.578712e-02 1.846501e-03 4.078688e-04 9.999983e-01 7.869808e-01
9.999973e-01 -1.638186e-03 -1.623006e-03 1.921774e+00 1.636989e-03 9.999984e-01 -7.382536e-04 -4.640288e-02 1.624202e-03 7.355939e-04 9.999983e-01 8.665213e-01
9.999978e-01 9.858671e-04 -1.858177e-03 1.967340e+00 -9.857041e-04 9.999995e-01 8.859177e-05 -4.763786e-02 1.858274e-03 -8.675909e-05 9.999984e-01 9.033330e-01
9.999909e-01 -2.585890e-03 -3.407333e-03 2.005980e+00 2.580843e-03 9.999956e-01 -1.484842e-03 -4.916530e-02 3.411146e-03 1.476034e-03 9.999930e-01 9.668377e-01
9.999938e-01 2.628030e-03 2.339815e-03 2.049409e+00 -2.630949e-03 9.999958e-01 1.245485e-03 -5.057276e-02 -2.336520e-03 -1.251632e-03 9.999966e-01 1.012147e+00
9.999812e-01 -2.891671e-03 -5.406883e-03 2.101627e+00 2.882930e-03 9.999945e-01 -1.623792e-03 -5.190480e-02 5.411537e-03 1.608173e-03 9.999840e-01 1.029338e+00
9.999922e-01 2.921872e-03 2.656763e-03 2.151228e+00 -2.925258e-03 9.999949e-01 1.271508e-03 -5.311678e-02 -2.653022e-03 -1.279269e-03 9.999958e-01 1.047299e+00
9.999805e-01 -2.889252e-03 -5.542721e-03 2.199951e+00 2.880497e-03 9.999946e-01 -1.586801e-03 -5.431763e-02 5.547263e-03 1.570803e-03 9.999833e-01 1.066678e+00
9.999923e-01 2.930722e-03 2.595193e-03 2.247724e+00 -2.934089e-03 9.999949e-01 1.294713e-03 -5.542503e-02 -2.591373e-03 -1.302317e-03 9.999959e-01 1.086593e+00
9.999798e-01 -2.960129e-03 -5.626635e-03 2.296005e+00 2.951151e-03 9.999944e-01 -1.603201e-03 -5.653560e-02 5.631335e-03 1.586562e-03 9.999828e-01 1.106993e+00
9.999924e-01 2.941150e-03 2.574274e-03 2.343749e+00 -2.944555e-03 9.999948e-01 1.319863e-03 -5.761944e-02 -2.570365e-03 -1.327432e-03 9.999959e-01 1.127953e+00
9.999804e-01 -2.875903e-03 -5.566496e-03 2.390648e+00 2.867043e-03 9.999946e-01 -1.599105e-03 -5.868423e-02 5.571051e-03 1.583113e-03 9.999831e-01 1.148802e+00
9.999925e-01 2.911726e-03 2.568368e-03 2.438095e+00 -2.915109e-03 9.999949e-01 1.314794e-03 -5.977451e-02 -2.564512e-03 -1.322270e-03 9.999959e-01 1.169108e+00
9.999800e-01 -2.949416e-03 -5.591688e-03 2.486876e+00 2.940295e-03 9.999943e-01 -1.638750e-03 -6.091344e-02 5.596475e-03 1.622275e-03 9.999829e-01 1.188786e+00
9.999924e-01 2.934539e-03 2.571779e-03 2.535091e+00 -2.937997e-03 9.999948e-01 1.341671e-03 -6.202091e-02 -2.567814e-03 -1.349216e-03 9.999959e-01 1.209114e+00
9.999781e-01 -2.997942e-03 -5.898117e-03 2.581062e+00 2.988766e-03 9.999943e-01 -1.564028e-03 -6.299421e-02 5.902757e-03 1.546365e-03 9.999813e-01 1.233474e+00
9.999929e-01 2.873581e-03 2.447775e-03 2.626914e+00 -2.876901e-03 9.999949e-01 1.353816e-03 -6.394533e-02 -2.443856e-03 -1.360847e-03 9.999962e-01 1.257891e+00
9.999781e-01 -3.091211e-03 -5.848521e-03 2.675271e+00 3.081682e-03 9.999939e-01 -1.637464e-03 -6.501521e-02 5.853532e-03 1.619404e-03 9.999815e-01 1.280075e+00
9.999927e-01 2.899127e-03 2.475274e-03 2.723333e+00 -2.902518e-03 9.999949e-01 1.367671e-03 -6.607053e-02 -2.471280e-03 -1.374844e-03 9.999961e-01 1.302372e+00
9.999791e-01 -3.029160e-03 -5.706784e-03 2.771171e+00 3.019718e-03 9.999941e-01 -1.662313e-03 -6.714318e-02 5.711769e-03 1.645044e-03 9.999822e-01 1.324322e+00
9.999926e-01 2.901472e-03 2.518084e-03 2.819656e+00 -2.904933e-03 9.999948e-01 1.371896e-03 -6.824390e-02 -2.514073e-03 -1.379199e-03 9.999960e-01 1.345439e+00
9.999790e-01 -3.036107e-03 -5.729915e-03 2.868052e+00 3.026583e-03 9.999940e-01 -1.670094e-03 -6.934383e-02 5.734934e-03 1.652716e-03 9.999821e-01 1.366502e+00
9.999927e-01 2.882074e-03 2.518416e-03 2.916750e+00 -2.885537e-03 9.999949e-01 1.372464e-03 -7.046491e-02 -2.514430e-03 -1.379719e-03 9.999960e-01 1.387093e+00
9.999790e-01 -3.024889e-03 -5.726792e-03 2.965342e+00 3.015352e-03 9.999941e-01 -1.673246e-03 -7.157501e-02 5.731802e-03 1.655941e-03 9.999821e-01 1.407948e+00
9.999927e-01 2.883738e-03 2.512785e-03 3.013802e+00 -2.887230e-03 9.999949e-01 1.387447e-03 -7.267399e-02 -2.508753e-03 -1.394691e-03 9.999960e-01 1.429072e+00
9.999790e-01 -3.031809e-03 -5.729684e-03 3.062452e+00 3.022194e-03 9.999940e-01 -1.685868e-03 -7.377968e-02 5.734742e-03 1.668514e-03 9.999821e-01 1.450088e+00
9.999923e-01 2.959157e-03 2.574290e-03 3.109994e+00 -2.962769e-03 9.999946e-01 1.400363e-03 -7.484196e-02 -2.570113e-03 -1.407977e-03 9.999958e-01 1.471915e+00
9.999790e-01 -3.033969e-03 -5.723761e-03 3.156955e+00 3.024203e-03 9.999940e-01 -1.714199e-03 -7.588827e-02 5.728908e-03 1.696852e-03 9.999821e-01 1.494410e+00
9.999923e-01 2.930734e-03 2.607621e-03 3.204548e+00 -2.934348e-03 9.999947e-01 1.383437e-03 -7.697333e-02 -2.603533e-03 -1.391076e-03 9.999957e-01 1.516262e+00
9.999801e-01 -3.012296e-03 -5.542835e-03 3.252877e+00 3.002429e-03 9.999939e-01 -1.787566e-03 -7.812378e-02 5.548167e-03 1.770886e-03 9.999829e-01 1.536816e+00
9.999917e-01 2.985024e-03 2.776510e-03 3.302103e+00 -2.988858e-03 9.999946e-01 1.377648e-03 -7.934390e-02 -2.772363e-03 -1.385933e-03 9.999953e-01 1.555160e+00
9.999807e-01 -3.038127e-03 -5.420878e-03 3.353570e+00 3.028304e-03 9.999938e-01 -1.819339e-03 -8.067212e-02 5.426351e-03 1.802886e-03 9.999836e-01 1.570792e+00
9.999920e-01 2.912290e-03 2.756896e-03 3.405528e+00 -2.916205e-03 9.999947e-01 1.417324e-03 -8.202321e-02 -2.752734e-03 -1.425350e-03 9.999953e-01 1.586259e+00
9.999797e-01 -3.143439e-03 -5.548248e-03 3.458791e+00 3.133462e-03 9.999935e-01 -1.806061e-03 -8.342214e-02 5.553869e-03 1.788637e-03 9.999829e-01 1.602368e+00
9.999917e-01 2.854852e-03 2.902072e-03 3.511133e+00 -2.858785e-03 9.999950e-01 1.351876e-03 -8.473768e-02 -2.898177e-03 -1.360159e-03 9.999950e-01 1.619275e+00
9.999805e-01 -2.933217e-03 -5.514996e-03 3.562859e+00 2.923470e-03 9.999942e-01 -1.774431e-03 -8.611738e-02 5.520148e-03 1.758271e-03 9.999831e-01 1.634649e+00
9.999917e-01 2.820458e-03 2.934478e-03 3.614839e+00 -2.824443e-03 9.999951e-01 1.354928e-03 -8.749899e-02 -2.930621e-03 -1.363203e-03 9.999949e-01 1.649960e+00
9.999808e-01 -2.889159e-03 -5.477899e-03 3.666963e+00 2.879351e-03 9.999942e-01 -1.797393e-03 -8.891838e-02 5.483039e-03 1.781583e-03 9.999833e-01 1.664917e+00
9.999919e-01 2.806851e-03 2.877121e-03 3.719284e+00 -2.810835e-03 9.999951e-01 1.381524e-03 -9.029782e-02 -2.873208e-03 -1.389598e-03 9.999950e-01 1.679841e+00
9.999818e-01 -2.852965e-03 -5.310237e-03 3.771350e+00 2.843123e-03 9.999942e-01 -1.860011e-03 -9.166567e-02 5.315491e-03 1.844877e-03 9.999841e-01 1.694824e+00
9.999914e-01 2.820413e-03 3.035723e-03 3.823011e+00 -2.824564e-03 9.999951e-01 1.364105e-03 -9.298942e-02 -3.031838e-03 -1.372666e-03 9.999946e-01 1.710294e+00
9.999813e-01 -2.876452e-03 -5.395744e-03 3.875070e+00 2.866465e-03 9.999942e-01 -1.857636e-03 -9.435606e-02 5.401033e-03 1.842133e-03 9.999836e-01 1.725459e+00
9.999921e-01 2.740490e-03 2.864973e-03 3.927818e+00 -2.744540e-03 9.999952e-01 1.410494e-03 -9.572175e-02 -2.861071e-03 -1.418344e-03 9.999950e-01 1.740459e+00
9.999796e-01 -3.085310e-03 -5.595718e-03 3.981907e+00 3.074376e-03 9.999934e-01 -1.961535e-03 -9.720637e-02 5.601710e-03 1.944290e-03 9.999823e-01 1.755680e+00
9.999920e-01 2.753811e-03 2.905043e-03 4.035621e+00 -2.758060e-03 9.999951e-01 1.459961e-03 -9.868222e-02 -2.900985e-03 -1.467960e-03 9.999948e-01 1.770923e+00
9.999803e-01 -3.039861e-03 -5.492849e-03 4.089348e+00 3.028971e-03 9.999934e-01 -1.989773e-03 -1.001115e-01 5.498838e-03 1.973094e-03 9.999828e-01 1.786135e+00
9.999918e-01 2.822870e-03 2.887187e-03 4.142267e+00 -2.827271e-03 9.999948e-01 1.521503e-03 -1.015339e-01 -2.882853e-03 -1.529651e-03 9.999948e-01 1.801560e+00
9.999825e-01 -2.751443e-03 -5.237555e-03 4.193240e+00 2.741065e-03 9.999943e-01 -1.987648e-03 -1.029418e-01 5.242970e-03 1.973255e-03 9.999842e-01 1.817059e+00
9.999924e-01 2.746781e-03 2.751468e-03 4.244535e+00 -2.751141e-03 9.999950e-01 1.582254e-03 -1.042693e-01 -2.747084e-03 -1.589809e-03 9.999951e-01 1.832618e+00
9.999812e-01 -2.925527e-03 -5.393183e-03 4.297318e+00 2.914599e-03 9.999937e-01 -2.032908e-03 -1.055884e-01 5.399072e-03 2.017148e-03 9.999833e-01 1.848389e+00
9.999922e-01 2.849635e-03 2.741334e-03 4.349119e+00 -2.854080e-03 9.999946e-01 1.619126e-03 -1.069624e-01 -2.736680e-03 -1.626935e-03 9.999950e-01 1.864289e+00
9.999784e-01 -3.011563e-03 -5.845415e-03 4.399697e+00 2.999862e-03 9.999935e-01 -2.009442e-03 -1.084120e-01 5.851403e-03 1.991861e-03 9.999808e-01 1.884481e+00
9.999914e-01 2.776260e-03 3.085910e-03 4.449631e+00 -2.780819e-03 9.999950e-01 1.474229e-03 -1.096807e-01 -3.081776e-03 -1.482795e-03 9.999943e-01 1.903882e+00
9.999798e-01 -2.881434e-03 -5.664226e-03 4.501775e+00 2.870689e-03 9.999941e-01 -1.904051e-03 -1.110269e-01 5.669653e-03 1.887750e-03 9.999820e-01 1.919810e+00
9.999914e-01 2.785821e-03 3.079613e-03 4.553532e+00 -2.790338e-03 9.999950e-01 1.463392e-03 -1.123929e-01 -3.075495e-03 -1.471969e-03 9.999943e-01 1.935663e+00
9.999805e-01 -2.827970e-03 -5.560123e-03 4.605517e+00 2.817106e-03 9.999941e-01 -1.960629e-03 -1.137741e-01 5.565609e-03 1.944924e-03 9.999825e-01 1.950946e+00
9.999910e-01 2.849547e-03 3.153763e-03 4.657183e+00 -2.854260e-03 9.999948e-01 1.491006e-03 -1.151470e-01 -3.149471e-03 -1.499991e-03 9.999940e-01 1.966085e+00
9.999803e-01 -2.801048e-03 -5.622642e-03 4.708586e+00 2.790258e-03 9.999943e-01 -1.925832e-03 -1.164887e-01 5.627977e-03 1.910103e-03 9.999822e-01 1.981218e+00
9.999913e-01 2.813679e-03 3.077109e-03 4.759986e+00 -2.818335e-03 9.999949e-01 1.509971e-03 -1.178237e-01 -3.072818e-03 -1.518627e-03 9.999942e-01 1.996704e+00
9.999809e-01 -2.658980e-03 -5.584805e-03 4.809567e+00 2.648513e-03 9.999947e-01 -1.880704e-03 -1.190613e-01 5.589749e-03 1.865873e-03 9.999825e-01 2.013303e+00
9.999915e-01 2.751795e-03 3.057136e-03 4.859923e+00 -2.756357e-03 9.999951e-01 1.489043e-03 -1.203421e-01 -3.052997e-03 -1.497454e-03 9.999943e-01 2.029022e+00
9.999813e-01 -2.625093e-03 -5.515531e-03 4.910250e+00 2.614756e-03 9.999948e-01 -1.880558e-03 -1.216376e-01 5.520412e-03 1.866098e-03 9.999829e-01 2.044622e+00
9.999916e-01 2.758636e-03 3.016399e-03 4.960081e+00 -2.763184e-03 9.999951e-01 1.504792e-03 -1.228936e-01 -3.012205e-03 -1.513111e-03 9.999944e-01 2.060775e+00
9.999817e-01 -2.545604e-03 -5.485449e-03 5.008819e+00 2.535435e-03 9.999951e-01 -1.859862e-03 -1.241106e-01 5.490129e-03 1.845917e-03 9.999831e-01 2.077590e+00
9.999920e-01 2.705012e-03 2.957096e-03 5.057919e+00 -2.709485e-03 9.999952e-01 1.510040e-03 -1.253376e-01 -2.952969e-03 -1.518037e-03 9.999946e-01 2.094317e+00
9.999814e-01 -2.560714e-03 -5.536049e-03 5.106880e+00 2.550414e-03 9.999950e-01 -1.866650e-03 -1.265470e-01 5.540773e-03 1.852493e-03 9.999828e-01 2.111419e+00
9.999917e-01 2.773751e-03 2.984768e-03 5.154831e+00 -2.778364e-03 9.999950e-01 1.542514e-03 -1.277148e-01 -2.980446e-03 -1.550790e-03 9.999945e-01 2.129139e+00
9.999813e-01 -2.598338e-03 -5.535513e-03 5.203502e+00 2.587886e-03 9.999949e-01 -1.894311e-03 -1.289165e-01 5.540377e-03 1.879947e-03 9.999828e-01 2.146266e+00
9.999917e-01 2.754473e-03 2.987181e-03 5.252443e+00 -2.759083e-03 9.999950e-01 1.540212e-03 -1.301353e-01 -2.982894e-03 -1.548438e-03 9.999945e-01 2.163099e+00
9.999823e-01 -2.464334e-03 -5.413934e-03 5.300036e+00 2.454213e-03 9.999952e-01 -1.875060e-03 -1.313131e-01 5.418500e-03 1.861736e-03 9.999835e-01 2.180396e+00
9.999921e-01 2.687654e-03 2.926902e-03 5.348290e+00 -2.692160e-03 9.999952e-01 1.536959e-03 -1.325180e-01 -2.922728e-03 -1.544823e-03 9.999946e-01 2.197306e+00
9.999823e-01 -2.479912e-03 -5.402151e-03 5.396979e+00 2.469697e-03 9.999952e-01 -1.896705e-03 -1.337381e-01 5.406798e-03 1.883327e-03 9.999835e-01 2.214004e+00
9.999931e-01 2.497028e-03 2.756397e-03 5.447639e+00 -2.501204e-03 9.999957e-01 1.513012e-03 -1.350297e-01 -2.752576e-03 -1.519892e-03 9.999952e-01 2.229915e+00
9.999824e-01 -2.497053e-03 -5.387365e-03 5.498935e+00 2.486727e-03 9.999951e-01 -1.922418e-03 -1.363284e-01 5.392108e-03 1.908984e-03 9.999835e-01 2.245671e+00
9.999927e-01 2.566652e-03 2.816398e-03 5.549414e+00 -2.571032e-03 9.999955e-01 1.552823e-03 -1.376175e-01 -2.812369e-03 -1.560049e-03 9.999949e-01 2.261777e+00
9.999820e-01 -2.526148e-03 -5.446996e-03 5.599889e+00 2.515633e-03 9.999950e-01 -1.936453e-03 -1.388957e-01 5.451829e-03 1.922712e-03 9.999832e-01 2.277926e+00
9.999928e-01 2.559518e-03 2.806251e-03 5.650321e+00 -2.563909e-03 9.999955e-01 1.562331e-03 -1.401701e-01 -2.802209e-03 -1.569511e-03 9.999949e-01 2.294120e+00
9.999818e-01 -2.523934e-03 -5.471118e-03 5.700611e+00 2.513336e-03 9.999950e-01 -1.943028e-03 -1.414241e-01 5.475963e-03 1.929239e-03 9.999830e-01 2.310614e+00
9.999927e-01 2.565463e-03 2.833729e-03 5.750983e+00 -2.569905e-03 9.999955e-01 1.565390e-03 -1.426932e-01 -2.829669e-03 -1.572658e-03 9.999949e-01 2.326840e+00
9.999819e-01 -2.532250e-03 -5.465495e-03 5.801567e+00 2.521604e-03 9.999949e-01 -1.953721e-03 -1.439713e-01 5.470382e-03 1.939900e-03 9.999831e-01 2.342999e+00
9.999926e-01 2.577121e-03 2.865174e-03 5.852141e+00 -2.581629e-03 9.999954e-01 1.571078e-03 -1.452553e-01 -2.861080e-03 -1.578459e-03 9.999948e-01 2.358989e+00
9.999822e-01 -2.491228e-03 -5.428445e-03 5.902321e+00 2.480626e-03 9.999950e-01 -1.958691e-03 -1.465184e-01 5.433265e-03 1.945186e-03 9.999833e-01 2.375346e+00
9.999922e-01 2.660351e-03 2.911275e-03 5.951423e+00 -2.665021e-03 9.999952e-01 1.601534e-03 -1.477449e-01 -2.906968e-03 -1.609277e-03 9.999946e-01 2.392079e+00
9.999818e-01 -2.549465e-03 -5.469416e-03 6.001291e+00 2.538712e-03 9.999948e-01 -1.971982e-03 -1.490182e-01 5.474382e-03 1.958057e-03 9.999830e-01 2.408438e+00
9.999925e-01 2.625426e-03 2.862110e-03 6.051248e+00 -2.629999e-03 9.999953e-01 1.595432e-03 -1.502655e-01 -2.857874e-03 -1.602943e-03 9.999947e-01 2.425124e+00
9.999822e-01 -2.470772e-03 -5.437688e-03 6.100041e+00 2.460184e-03 9.999951e-01 -1.952891e-03 -1.514734e-01 5.442453e-03 1.939474e-03 9.999832e-01 2.442349e+00
9.999925e-01 2.628966e-03 2.854749e-03 6.148671e+00 -2.633566e-03 9.999952e-01 1.609047e-03 -1.526762e-01 -2.850471e-03 -1.616549e-03 9.999947e-01 2.459584e+00
9.999827e-01 -2.416668e-03 -5.369833e-03 6.197010e+00 2.406213e-03 9.999952e-01 -1.952428e-03 -1.538745e-01 5.374492e-03 1.939469e-03 9.999836e-01 2.476825e+00
9.999922e-01 2.686882e-03 2.905090e-03 6.244721e+00 -2.691612e-03 9.999951e-01 1.625704e-03 -1.550434e-01 -2.900673e-03 -1.633506e-03 9.999946e-01 2.494453e+00
9.999826e-01 -2.431175e-03 -5.378587e-03 6.292516e+00 2.420619e-03 9.999951e-01 -1.968222e-03 -1.562235e-01 5.383311e-03 1.955164e-03 9.999835e-01 2.511970e+00
9.999919e-01 2.729491e-03 2.960238e-03 6.339925e+00 -2.734349e-03 9.999949e-01 1.638482e-03 -1.573961e-01 -2.955716e-03 -1.646559e-03 9.999944e-01 2.529548e+00
9.999825e-01 -2.422835e-03 -5.388206e-03 6.387111e+00 2.412248e-03 9.999951e-01 -1.970326e-03 -1.585561e-01 5.392919e-03 1.957290e-03 9.999834e-01 2.547488e+00
9.999920e-01 2.736750e-03 2.928737e-03 6.433895e+00 -2.741616e-03 9.999949e-01 1.658800e-03 -1.596979e-01 -2.924147e-03 -1.666812e-03 9.999944e-01 2.565661e+00
9.999833e-01 -2.342453e-03 -5.275437e-03 6.480263e+00 2.332076e-03 9.999953e-01 -1.972353e-03 -1.608347e-01 5.279997e-03 1.960013e-03 9.999840e-01 2.583758e+00
9.999915e-01 2.807047e-03 3.009411e-03 6.526022e+00 -2.812096e-03 9.999946e-01 1.675097e-03 -1.619462e-01 -3.004657e-03 -1.683541e-03 9.999942e-01 2.602136e+00
9.999829e-01 -2.403200e-03 -5.323031e-03 6.572428e+00 2.392607e-03 9.999951e-01 -1.995387e-03 -1.630887e-01 5.327764e-03 1.982613e-03 9.999837e-01 2.620060e+00
9.999913e-01 2.826465e-03 3.065424e-03 6.618969e+00 -2.831633e-03 9.999946e-01 1.683182e-03 -1.642486e-01 -3.060614e-03 -1.691843e-03 9.999940e-01 2.637759e+00
9.999829e-01 -2.401379e-03 -5.330748e-03 6.665438e+00 2.390726e-03 9.999951e-01 -2.003679e-03 -1.654039e-01 5.335497e-03 1.990896e-03 9.999837e-01 2.655540e+00
9.999922e-01 2.689431e-03 2.883719e-03 6.712744e+00 -2.694293e-03 9.999950e-01 1.683825e-03 -1.665775e-01 -2.879140e-03 -1.691577e-03 9.999945e-01 2.673385e+00
9.999831e-01 -2.340234e-03 -5.329843e-03 6.758997e+00 2.329647e-03 9.999953e-01 -1.991455e-03 -1.676963e-01 5.334441e-03 1.979000e-03 9.999837e-01 2.691976e+00
9.999918e-01 2.761308e-03 2.974680e-03 6.804659e+00 -2.766369e-03 9.999947e-01 1.698879e-03 -1.688040e-01 -2.969937e-03 -1.707090e-03 9.999942e-01 2.710550e+00
9.999828e-01 -2.398580e-03 -5.346876e-03 6.851265e+00 2.387794e-03 9.999951e-01 -2.022541e-03 -1.699485e-01 5.351664e-03 2.009735e-03 9.999836e-01 2.728628e+00
9.999923e-01 2.515639e-03 2.998172e-03 6.900968e+00 -2.520598e-03 9.999955e-01 1.651822e-03 -1.712083e-01 -2.993965e-03 -1.659362e-03 9.999942e-01 2.744911e+00
9.999807e-01 -2.637625e-03 -5.617592e-03 6.953363e+00 2.626018e-03 9.999944e-01 -2.072494e-03 -1.725531e-01 5.622990e-03 2.057698e-03 9.999820e-01 2.760395e+00
9.999920e-01 2.554238e-03 3.083189e-03 7.005409e+00 -2.559361e-03 9.999953e-01 1.658865e-03 -1.738979e-01 -3.078900e-03 -1.666739e-03 9.999940e-01 2.775951e+00
9.999800e-01 -2.640251e-03 -5.750727e-03 7.057473e+00 2.628387e-03 9.999944e-01 -2.069539e-03 -1.752801e-01 5.756121e-03 2.054378e-03 9.999812e-01 2.791524e+00
9.999916e-01 2.633012e-03 3.154555e-03 7.108897e+00 -2.638247e-03 9.999951e-01 1.656684e-03 -1.766066e-01 -3.150139e-03 -1.664988e-03 9.999937e-01 2.807446e+00
9.999793e-01 -2.766389e-03 -5.815634e-03 7.161668e+00 2.754354e-03 9.999941e-01 -2.076213e-03 -1.779259e-01 5.821305e-03 2.060147e-03 9.999808e-01 2.823017e+00
9.999914e-01 2.690802e-03 3.152079e-03 7.213979e+00 -2.696099e-03 9.999950e-01 1.677658e-03 -1.792996e-01 -3.147510e-03 -1.686137e-03 9.999937e-01 2.838458e+00
9.999798e-01 -2.717005e-03 -5.750980e-03 7.265542e+00 2.705049e-03 9.999942e-01 -2.085550e-03 -1.805926e-01 5.756574e-03 2.069947e-03 9.999812e-01 2.854267e+00
9.999912e-01 2.674293e-03 3.239118e-03 7.317489e+00 -2.679741e-03 9.999950e-01 1.679133e-03 -1.818654e-01 -3.234572e-03 -1.687793e-03 9.999934e-01 2.869776e+00
9.999791e-01 -2.690150e-03 -5.879536e-03 7.368506e+00 2.677981e-03 9.999943e-01 -2.076452e-03 -1.832022e-01 5.885048e-03 2.060659e-03 9.999805e-01 2.886145e+00
9.999917e-01 2.576607e-03 3.144281e-03 7.420616e+00 -2.581910e-03 9.999952e-01 1.684033e-03 -1.845887e-01 -3.139887e-03 -1.692132e-03 9.999937e-01 2.902002e+00
9.999807e-01 -2.553615e-03 -5.665743e-03 7.472042e+00 2.541765e-03 9.999946e-01 -2.097670e-03 -1.858671e-01 5.671029e-03 2.083224e-03 9.999817e-01 2.917815e+00
9.999923e-01 2.478080e-03 3.038109e-03 7.523671e+00 -2.483307e-03 9.999954e-01 1.718258e-03 -1.872161e-01 -3.033797e-03 -1.725784e-03 9.999940e-01 2.933932e+00
9.999805e-01 -2.571359e-03 -5.694914e-03 7.575422e+00 2.559420e-03 9.999945e-01 -2.102441e-03 -1.885612e-01 5.700249e-03 2.087819e-03 9.999815e-01 2.950161e+00
9.999926e-01 2.457555e-03 2.966904e-03 7.627529e+00 -2.462613e-03 9.999955e-01 1.702535e-03 -1.899605e-01 -2.962666e-03 -1.709824e-03 9.999942e-01 2.966082e+00
9.999807e-01 -2.549642e-03 -5.658010e-03 7.679604e+00 2.537844e-03 9.999946e-01 -2.091270e-03 -1.913635e-01 5.663270e-03 2.076866e-03 9.999817e-01 2.981910e+00
9.999923e-01 2.495389e-03 3.031957e-03 7.731813e+00 -2.500513e-03 9.999954e-01 1.687741e-03 -1.927272e-01 -3.027690e-03 -1.695304e-03 9.999941e-01 2.997172e+00
9.999810e-01 -2.498840e-03 -5.639458e-03 7.783270e+00 2.487131e-03 9.999947e-01 -2.082256e-03 -1.940581e-01 5.644590e-03 2.068185e-03 9.999818e-01 3.012796e+00
9.999923e-01 2.491724e-03 3.037339e-03 7.834650e+00 -2.496883e-03 9.999954e-01 1.696203e-03 -1.953636e-01 -3.033057e-03 -1.703768e-03 9.999940e-01 3.028635e+00
9.999804e-01 -2.574531e-03 -5.703256e-03 7.887251e+00 2.562502e-03 9.999945e-01 -2.115220e-03 -1.967384e-01 5.708628e-03 2.100558e-03 9.999814e-01 3.043721e+00
9.999921e-01 2.537918e-03 3.054044e-03 7.939017e+00 -2.543174e-03 9.999953e-01 1.718591e-03 -1.980757e-01 -3.049626e-03 -1.726339e-03 9.999940e-01 3.059221e+00
9.999798e-01 -2.646159e-03 -5.772099e-03 7.991575e+00 2.633836e-03 9.999942e-01 -2.141246e-03 -1.994378e-01 5.777689e-03 2.125995e-03 9.999810e-01 3.074428e+00
9.999919e-01 2.571556e-03 3.102785e-03 8.043970e+00 -2.576937e-03 9.999952e-01 1.732064e-03 -2.007968e-01 -3.098273e-03 -1.740040e-03 9.999938e-01 3.089875e+00
9.999804e-01 -2.562707e-03 -5.706508e-03 8.095288e+00 2.550562e-03 9.999945e-01 -2.134454e-03 -2.021028e-01 5.711903e-03 2.119852e-03 9.999813e-01 3.105555e+00
9.999919e-01 2.556643e-03 3.095901e-03 8.146658e+00 -2.562096e-03 9.999952e-01 1.759093e-03 -2.034524e-01 -3.091346e-03 -1.767005e-03 9.999938e-01 3.121310e+00
9.999806e-01 -2.592278e-03 -5.671231e-03 8.198423e+00 2.580057e-03 9.999943e-01 -2.160902e-03 -2.047692e-01 5.676758e-03 2.146223e-03 9.999815e-01 3.136939e+00
9.999917e-01 2.616346e-03 3.121396e-03 8.249851e+00 -2.621882e-03 9.999950e-01 1.770929e-03 -2.061216e-01 -3.116703e-03 -1.779093e-03 9.999937e-01 3.152215e+00
9.999812e-01 -2.482628e-03 -5.598954e-03 8.300046e+00 2.470619e-03 9.999946e-01 -2.150496e-03 -2.074114e-01 5.604219e-03 2.136618e-03 9.999819e-01 3.168406e+00
9.999922e-01 2.521748e-03 3.034880e-03 8.351130e+00 -2.527120e-03 9.999952e-01 1.768001e-03 -2.087421e-01 -3.030363e-03 -1.775652e-03 9.999939e-01 3.184079e+00
9.999799e-01 -2.636240e-03 -5.759220e-03 8.402898e+00 2.623819e-03 9.999942e-01 -2.163048e-03 -2.100799e-01 5.764845e-03 2.147888e-03 9.999810e-01 3.200084e+00
9.999928e-01 2.419253e-03 2.933105e-03 8.455654e+00 -2.424406e-03 9.999955e-01 1.755121e-03 -2.114983e-01 -2.928801e-03 -1.762214e-03 9.999943e-01 3.215975e+00
9.999812e-01 -2.503782e-03 -5.591739e-03 8.507702e+00 2.491644e-03 9.999945e-01 -2.176352e-03 -2.128675e-01 5.597112e-03 2.162373e-03 9.999819e-01 3.231719e+00
9.999923e-01 2.520659e-03 2.996506e-03 8.558876e+00 -2.525988e-03 9.999952e-01 1.776272e-03 -2.141851e-01 -2.991970e-03 -1.783822e-03 9.999940e-01 3.247374e+00
9.999801e-01 -2.693639e-03 -5.698978e-03 8.611820e+00 2.681070e-03 9.999940e-01 -2.211879e-03 -2.155762e-01 5.704857e-03 2.196550e-03 9.999812e-01 3.262589e+00
9.999921e-01 2.597084e-03 2.997431e-03 8.663754e+00 -2.602513e-03 9.999950e-01 1.809192e-03 -2.169496e-01 -2.992671e-03 -1.816972e-03 9.999940e-01 3.278410e+00
9.999815e-01 -2.539940e-03 -5.529020e-03 8.714552e+00 2.527803e-03 9.999944e-01 -2.200765e-03 -2.182675e-01 5.534533e-03 2.186742e-03 9.999822e-01 3.294474e+00
9.999914e-01 2.718985e-03 3.144704e-03 8.764513e+00 -2.724726e-03 9.999946e-01 1.823240e-03 -2.195628e-01 -3.139684e-03 -1.831787e-03 9.999935e-01 3.310242e+00
9.999815e-01 -2.490736e-03 -5.542538e-03 8.813483e+00 2.478740e-03 9.999946e-01 -2.169882e-03 -2.208264e-01 5.547867e-03 2.156098e-03 9.999822e-01 3.326799e+00
9.999920e-01 2.634208e-03 3.027031e-03 8.862902e+00 -2.639699e-03 9.999949e-01 1.812116e-03 -2.220756e-01 -3.022195e-03 -1.820086e-03 9.999939e-01 3.343308e+00
9.999808e-01 -2.601751e-03 -5.624628e-03 8.913758e+00 2.589338e-03 9.999942e-01 -2.212840e-03 -2.233804e-01 5.630306e-03 2.198228e-03 9.999816e-01 3.358911e+00
9.999917e-01 2.598268e-03 3.153235e-03 8.965319e+00 -2.603747e-03 9.999951e-01 1.734956e-03 -2.247566e-01 -3.148665e-03 -1.743146e-03 9.999936e-01 3.374745e+00
9.999796e-01 -2.694123e-03 -5.796438e-03 9.017706e+00 2.681602e-03 9.999941e-01 -2.166529e-03 -2.261557e-01 5.802193e-03 2.150935e-03 9.999808e-01 3.389740e+00
9.999923e-01 2.479682e-03 3.056230e-03 9.070458e+00 -2.485058e-03 9.999954e-01 1.756848e-03 -2.275493e-01 -3.051813e-03 -1.764423e-03 9.999939e-01 3.405227e+00
9.999808e-01 -2.516162e-03 -5.667229e-03 9.122187e+00 2.504004e-03 9.999946e-01 -2.150995e-03 -2.289072e-01 5.672563e-03 2.136757e-03 9.999815e-01 3.420915e+00
9.999920e-01 2.507436e-03 3.102536e-03 9.173797e+00 -2.512840e-03 9.999953e-01 1.739643e-03 -2.302573e-01 -3.098112e-03 -1.747419e-03 9.999938e-01 3.436250e+00
9.999805e-01 -2.555665e-03 -5.698276e-03 9.225857e+00 2.543459e-03 9.999945e-01 -2.147981e-03 -2.316473e-01 5.703686e-03 2.133440e-03 9.999814e-01 3.451478e+00
9.999919e-01 2.560927e-03 3.117467e-03 9.277281e+00 -2.566411e-03 9.999952e-01 1.756745e-03 -2.329795e-01 -3.112905e-03 -1.764726e-03 9.999937e-01 3.467062e+00
9.999809e-01 -2.511395e-03 -5.643020e-03 9.328373e+00 2.499231e-03 9.999945e-01 -2.161330e-03 -2.342934e-01 5.648368e-03 2.147179e-03 9.999816e-01 3.482621e+00
9.999924e-01 2.467615e-03 3.035525e-03 9.380364e+00 -2.472953e-03 9.999954e-01 1.756270e-03 -2.356595e-01 -3.031128e-03 -1.763757e-03 9.999939e-01 3.497765e+00
9.999818e-01 -2.426615e-03 -5.525879e-03 9.431394e+00 2.414712e-03 9.999948e-01 -2.159437e-03 -2.369464e-01 5.531041e-03 2.146048e-03 9.999823e-01 3.513541e+00
9.999930e-01 2.369505e-03 2.913218e-03 9.483376e+00 -2.374585e-03 9.999957e-01 1.741848e-03 -2.383150e-01 -2.909029e-03 -1.748747e-03 9.999943e-01 3.528676e+00
9.999820e-01 -2.404915e-03 -5.493478e-03 9.535016e+00 2.393071e-03 9.999948e-01 -2.161390e-03 -2.396886e-01 5.498598e-03 2.148199e-03 9.999825e-01 3.544048e+00
9.999926e-01 2.472958e-03 2.965251e-03 9.585567e+00 -2.478283e-03 9.999953e-01 1.794040e-03 -2.410163e-01 -2.960751e-03 -1.801369e-03 9.999941e-01 3.560071e+00
9.999821e-01 -2.378587e-03 -5.495274e-03 9.635862e+00 2.366619e-03 9.999948e-01 -2.183032e-03 -2.422981e-01 5.500388e-03 2.169982e-03 9.999824e-01 3.575934e+00
9.999922e-01 2.514157e-03 3.046578e-03 9.686074e+00 -2.519688e-03 9.999952e-01 1.813610e-03 -2.436041e-01 -3.041954e-03 -1.821266e-03 9.999938e-01 3.591525e+00
9.999825e-01 -2.343537e-03 -5.423566e-03 9.736109e+00 2.331635e-03 9.999949e-01 -2.199424e-03 -2.449134e-01 5.428643e-03 2.186734e-03 9.999828e-01 3.607203e+00
9.999927e-01 2.433916e-03 2.945568e-03 9.786967e+00 -2.439248e-03 9.999954e-01 1.808651e-03 -2.462336e-01 -2.941102e-03 -1.815816e-03 9.999941e-01 3.622403e+00
9.999825e-01 -2.329651e-03 -5.428910e-03 9.837614e+00 2.317782e-03 9.999949e-01 -2.191292e-03 -2.475501e-01 5.433937e-03 2.178664e-03 9.999828e-01 3.638203e+00
9.999930e-01 2.398449e-03 2.884688e-03 9.888266e+00 -2.403692e-03 9.999955e-01 1.816115e-03 -2.488561e-01 -2.880269e-03 -1.823030e-03 9.999943e-01 3.653959e+00
9.999828e-01 -2.298628e-03 -5.401175e-03 9.938596e+00 2.286812e-03 9.999950e-01 -2.192516e-03 -2.501523e-01 5.406137e-03 2.180121e-03 9.999829e-01 3.669901e+00
9.999930e-01 2.381952e-03 2.881096e-03 9.989182e+00 -2.387156e-03 9.999955e-01 1.804673e-03 -2.514539e-01 -2.876734e-03 -1.811531e-03 9.999943e-01 3.685665e+00
9.999831e-01 -2.324539e-03 -5.330494e-03 1.004004e+01 2.312589e-03 9.999948e-01 -2.246645e-03 -2.527339e-01 5.335638e-03 2.234273e-03 9.999832e-01 3.701746e+00
9.999938e-01 2.269945e-03 2.709046e-03 1.009171e+01 -2.274946e-03 9.999957e-01 1.845148e-03 -2.540536e-01 -2.704794e-03 -1.851293e-03 9.999947e-01 3.717612e+00
9.999824e-01 -2.391645e-03 -5.420938e-03 1.014415e+01 2.379388e-03 9.999946e-01 -2.266011e-03 -2.554305e-01 5.426276e-03 2.253066e-03 9.999826e-01 3.732980e+00
9.999932e-01 2.380233e-03 2.817639e-03 1.019574e+01 -2.385470e-03 9.999954e-01 1.857361e-03 -2.567513e-01 -2.813153e-03 -1.864063e-03 9.999944e-01 3.748663e+00
9.999822e-01 -2.420271e-03 -5.455934e-03 1.024732e+01 2.407940e-03 9.999945e-01 -2.265154e-03 -2.580956e-01 5.461334e-03 2.251969e-03 9.999825e-01 3.764480e+00
9.999931e-01 2.387774e-03 2.834891e-03 1.029872e+01 -2.393123e-03 9.999954e-01 1.885481e-03 -2.594658e-01 -2.830323e-03 -1.892245e-03 9.999943e-01 3.780223e+00
9.999833e-01 -2.255934e-03 -5.327956e-03 1.034882e+01 2.243899e-03 9.999949e-01 -2.263489e-03 -2.607345e-01 5.332982e-03 2.251489e-03 9.999832e-01 3.796442e+00
9.999941e-01 2.200876e-03 2.656707e-03 1.040043e+01 -2.205852e-03 9.999958e-01 1.872435e-03 -2.620827e-01 -2.652522e-03 -1.878277e-03 9.999948e-01 3.812400e+00
9.999834e-01 -2.237394e-03 -5.310634e-03 1.045189e+01 2.225343e-03 9.999949e-01 -2.273827e-03 -2.634132e-01 5.315641e-03 2.261964e-03 9.999832e-01 3.828380e+00
9.999944e-01 2.099822e-03 2.590101e-03 1.050453e+01 -2.104622e-03 9.999961e-01 1.852828e-03 -2.647967e-01 -2.586146e-03 -1.858262e-03 9.999950e-01 3.843624e+00
9.999845e-01 -2.115468e-03 -5.149609e-03 1.055612e+01 2.103936e-03 9.999953e-01 -2.243470e-03 -2.661485e-01 5.154277e-03 2.232593e-03 9.999841e-01 3.859192e+00
9.999941e-01 2.166101e-03 2.687137e-03 1.060735e+01 -2.171054e-03 9.999959e-01 1.842365e-03 -2.674954e-01 -2.683082e-03 -1.848181e-03 9.999948e-01 3.874562e+00
9.999834e-01 -2.198440e-03 -5.324407e-03 1.065929e+01 2.186542e-03 9.999951e-01 -2.239132e-03 -2.688487e-01 5.329249e-03 2.227446e-03 9.999832e-01 3.890130e+00
9.999938e-01 2.228702e-03 2.732292e-03 1.071037e+01 -2.233814e-03 9.999958e-01 1.869813e-03 -2.701693e-01 -2.728059e-03 -1.875898e-03 9.999946e-01 3.906226e+00
9.999828e-01 -2.262848e-03 -5.413440e-03 1.076183e+01 2.250622e-03 9.999949e-01 -2.263163e-03 -2.714795e-01 5.418479e-03 2.250933e-03 9.999827e-01 3.922233e+00
9.999936e-01 2.267173e-03 2.771719e-03 1.081293e+01 -2.272407e-03 9.999956e-01 1.887530e-03 -2.727812e-01 -2.767373e-03 -1.893810e-03 9.999945e-01 3.938298e+00
9.999828e-01 -2.257174e-03 -5.415767e-03 1.086400e+01 2.244847e-03 9.999949e-01 -2.280739e-03 -2.740640e-01 5.420832e-03 2.268535e-03 9.999826e-01 3.954444e+00
9.999938e-01 2.215960e-03 2.742939e-03 1.091567e+01 -2.221112e-03 9.999958e-01 1.877772e-03 -2.753758e-01 -2.738712e-03 -1.883846e-03 9.999946e-01 3.970187e+00
9.999826e-01 -2.295426e-03 -5.424574e-03 1.096788e+01 2.282972e-03 9.999947e-01 -2.300616e-03 -2.767220e-01 5.429771e-03 2.288185e-03 9.999825e-01 3.985645e+00
9.999938e-01 2.211195e-03 2.752657e-03 1.102014e+01 -2.216431e-03 9.999957e-01 1.901416e-03 -2.780958e-01 -2.748385e-03 -1.907498e-03 9.999945e-01 4.001221e+00
9.999827e-01 -2.271165e-03 -5.430023e-03 1.107220e+01 2.258654e-03 9.999948e-01 -2.308645e-03 -2.794294e-01 5.435182e-03 2.296334e-03 9.999825e-01 4.016984e+00
9.999939e-01 2.162842e-03 2.731967e-03 1.112435e+01 -2.168073e-03 9.999958e-01 1.914362e-03 -2.807639e-01 -2.727759e-03 -1.920266e-03 9.999945e-01 4.032847e+00
9.999833e-01 -2.183889e-03 -5.357150e-03 1.117576e+01 2.171576e-03 9.999950e-01 -2.302820e-03 -2.820769e-01 5.362096e-03 2.291140e-03 9.999829e-01 4.048933e+00
9.999938e-01 2.207209e-03 2.741586e-03 1.122670e+01 -2.212477e-03 9.999957e-01 1.920853e-03 -2.833708e-01 -2.737278e-03 -1.926899e-03 9.999945e-01 4.064936e+00
9.999828e-01 -2.232985e-03 -5.418232e-03 1.127814e+01 2.220422e-03 9.999948e-01 -2.323150e-03 -2.846731e-01 5.423335e-03 2.311072e-03 9.999825e-01 4.080802e+00
9.999938e-01 2.168651e-03 2.762750e-03 1.133024e+01 -2.173916e-03 9.999958e-01 1.905217e-03 -2.859878e-01 -2.758550e-03 -1.911204e-03 9.999945e-01 4.096565e+00
9.999815e-01 -2.383770e-03 -5.588893e-03 1.138340e+01 2.370741e-03 9.999945e-01 -2.336319e-03 -2.873763e-01 5.594374e-03 2.323018e-03 9.999816e-01 4.111962e+00
9.999935e-01 2.231067e-03 2.851340e-03 1.143636e+01 -2.236492e-03 9.999957e-01 1.901853e-03 -2.887444e-01 -2.847027e-03 -1.908210e-03 9.999942e-01 4.127222e+00
9.999817e-01 -2.353708e-03 -5.573485e-03 1.148874e+01 2.340826e-03 9.999946e-01 -2.316271e-03 -2.901076e-01 5.578849e-03 2.303175e-03 9.999817e-01 4.142949e+00
9.999934e-01 2.221290e-03 2.873323e-03 1.154095e+01 -2.226821e-03 9.999957e-01 1.924237e-03 -2.914910e-01 -2.868979e-03 -1.930615e-03 9.999941e-01 4.158755e+00
9.999839e-01 -2.025274e-03 -5.306650e-03 1.158999e+01 2.013222e-03 9.999954e-01 -2.274998e-03 -2.927596e-01 5.311174e-03 2.264271e-03 9.999832e-01 4.175792e+00
9.999933e-01 2.275278e-03 2.876995e-03 1.163824e+01 -2.280880e-03 9.999955e-01 1.946488e-03 -2.939914e-01 -2.872495e-03 -1.953030e-03 9.999941e-01 4.192771e+00
9.999838e-01 -2.025801e-03 -5.312290e-03 1.168644e+01 2.013702e-03 9.999954e-01 -2.281465e-03 -2.952155e-01 5.316829e-03 2.270723e-03 9.999832e-01 4.209821e+00
9.999932e-01 2.274293e-03 2.893358e-03 1.173489e+01 -2.279916e-03 9.999955e-01 1.942338e-03 -2.964379e-01 -2.888869e-03 -1.948914e-03 9.999940e-01 4.226581e+00
9.999840e-01 -2.009176e-03 -5.293990e-03 1.178321e+01 1.997187e-03 9.999954e-01 -2.268590e-03 -2.976743e-01 5.298465e-03 2.257973e-03 9.999833e-01 4.243496e+00
9.999939e-01 2.110110e-03 2.780627e-03 1.183358e+01 -2.115345e-03 9.999960e-01 1.881954e-03 -2.989681e-01 -2.776585e-03 -1.887817e-03 9.999945e-01 4.259032e+00
9.999841e-01 -1.975040e-03 -5.271089e-03 1.188338e+01 1.963286e-03 9.999956e-01 -2.233765e-03 -3.002687e-01 5.275419e-03 2.223373e-03 9.999835e-01 4.275714e+00
9.999938e-01 2.130647e-03 2.794847e-03 1.193290e+01 -2.135927e-03 9.999959e-01 1.888407e-03 -3.015494e-01 -2.790753e-03 -1.894358e-03 9.999944e-01 4.292311e+00
9.999841e-01 -1.970869e-03 -5.277989e-03 1.198236e+01 1.959075e-03 9.999956e-01 -2.238402e-03 -3.028276e-01 5.282317e-03 2.228019e-03 9.999835e-01 4.308828e+00
9.999938e-01 2.132131e-03 2.799967e-03 1.203177e+01 -2.137455e-03 9.999959e-01 1.900742e-03 -3.041172e-01 -2.795843e-03 -1.906707e-03 9.999944e-01 4.325231e+00
9.999843e-01 -1.948306e-03 -5.255529e-03 1.208115e+01 1.936486e-03 9.999956e-01 -2.252746e-03 -3.053857e-01 5.259835e-03 2.242525e-03 9.999836e-01 4.341527e+00
9.999939e-01 2.110989e-03 2.791535e-03 1.213081e+01 -2.116317e-03 9.999959e-01 1.908088e-03 -3.066745e-01 -2.787436e-03 -1.913976e-03 9.999944e-01 4.357746e+00
9.999838e-01 -2.014563e-03 -5.325895e-03 1.218120e+01 2.002439e-03 9.999954e-01 -2.280258e-03 -3.079796e-01 5.330403e-03 2.269548e-03 9.999831e-01 4.373565e+00
9.999939e-01 2.101764e-03 2.800162e-03 1.223163e+01 -2.107077e-03 9.999960e-01 1.896802e-03 -3.092655e-01 -2.796104e-03 -1.902683e-03 9.999944e-01 4.389458e+00
9.999839e-01 -1.989086e-03 -5.314070e-03 1.228177e+01 1.977090e-03 9.999955e-01 -2.261197e-03 -3.105617e-01 5.318483e-03 2.250646e-03 9.999832e-01 4.405719e+00
9.999939e-01 2.125326e-03 2.774291e-03 1.233144e+01 -2.130596e-03 9.999959e-01 1.899024e-03 -3.118039e-01 -2.770182e-03 -1.904915e-03 9.999944e-01 4.422377e+00
9.999833e-01 -2.103206e-03 -5.384843e-03 1.238248e+01 2.090916e-03 9.999952e-01 -2.286319e-03 -3.131243e-01 5.389564e-03 2.275014e-03 9.999828e-01 4.438373e+00
