9.999983e-01 3.019152e-04 -1.833064e-03 3.706094e-02 -3.008282e-04 9.999998e-01 5.932857e-04 -1.996806e-03 1.833243e-03 -5.927338e-04 9.999982e-01 4.546337e-02
9.999999e-01 7.329936e-05 5.284262e-04 6.168392e-02 -7.328877e-05 1.000000e+00 -2.002278e-05 -3.301256e-03 -5.284279e-04 1.998464e-05 9.999998e-01 9.643855e-02
9.999986e-01 3.270166e-04 -1.656723e-03 8.190304e-02 -3.259884e-04 9.999998e-01 6.208390e-04 -4.359605e-03 1.656926e-03 -6.202987e-04 9.999985e-01 1.496438e-01
1.000000e+00 -3.397479e-05 3.305223e-05 1.183594e-01 3.397826e-05 1.000000e+00 -1.044182e-04 -6.318383e-03 -3.304923e-05 1.044200e-04 9.999999e-01 1.943969e-01
9.999988e-01 3.622935e-04 -1.486522e-03 1.500388e-01 -3.613340e-04 9.999997e-01 6.457356e-04 -8.008697e-03 1.486757e-03 -6.451985e-04 9.999988e-01 2.417364e-01
1.000000e+00 -4.060711e-05 -4.866882e-05 1.842632e-01 4.060181e-05 1.000000e+00 -1.092898e-04 -9.839570e-03 4.867242e-05 1.092886e-04 9.999999e-01 2.879935e-01
9.999987e-01 3.464025e-04 -1.589601e-03 2.197075e-01 -3.453527e-04 9.999997e-01 6.606985e-04 -1.174041e-02 1.589830e-03 -6.601495e-04 9.999986e-01 3.337152e-01
1.000000e+00 -5.602308e-05 -1.034572e-04 2.565698e-01 5.601119e-05 1.000000e+00 -1.152079e-04 -1.371701e-02 1.034625e-04 1.152031e-04 9.999999e-01 3.787448e-01
9.999986e-01 3.442464e-04 -1.612721e-03 2.938311e-01 -3.431683e-04 9.999997e-01 6.687162e-04 -1.571112e-02 1.612953e-03 -6.681628e-04 9.999986e-01 4.235997e-01
9.999995e-01 -1.029363e-04 -1.000403e-03 3.450292e-01 1.029680e-04 1.000000e+00 3.156315e-05 -1.849087e-02 1.000398e-03 -3.166509e-05 9.999994e-01 4.642176e-01
9.999997e-01 4.080836e-04 -6.607248e-04 3.784161e-01 -4.077285e-04 9.999998e-01 5.376288e-04 -2.027712e-02 6.609458e-04 -5.373604e-04 9.999997e-01 5.115190e-01
9.999998e-01 -4.148978e-05 -6.006279e-04 4.029961e-01 4.151914e-05 1.000000e+00 4.882297e-05 -2.155773e-02 6.006240e-04 -4.884674e-05 9.999997e-01 5.629986e-01
9.999991e-01 3.320935e-04 -1.274325e-03 4.421140e-01 -3.314171e-04 9.999998e-01 5.309787e-04 -2.365151e-02 1.274503e-03 -5.305571e-04 9.999991e-01 6.077661e-01
9.999998e-01 -5.453175e-05 -6.140275e-04 4.831723e-01 5.454707e-05 1.000000e+00 2.488258e-05 -2.584432e-02 6.140238e-04 -2.491479e-05 9.999997e-01 6.512720e-01
9.999993e-01 3.416522e-04 -1.116173e-03 5.214576e-01 -3.410833e-04 9.999998e-01 5.099084e-04 -2.790319e-02 1.116349e-03 -5.095287e-04 9.999993e-01 6.957615e-01
9.999997e-01 -2.568245e-05 -8.126230e-04 5.596177e-01 2.576695e-05 1.000000e+00 1.039342e-04 -2.995168e-02 8.126177e-04 -1.039537e-04 9.999996e-01 7.412357e-01
9.999989e-01 2.812654e-04 -1.473012e-03 6.066842e-01 -2.804969e-04 9.999998e-01 5.218923e-04 -3.249195e-02 1.473162e-03 -5.214800e-04 9.999989e-01 7.827980e-01
9.999993e-01 -4.676734e-05 -1.156135e-03 6.593228e-01 4.694725e-05 1.000000e+00 1.555564e-04 -3.534765e-02 1.156124e-03 -1.556091e-04 9.999992e-01 8.225425e-01
9.999993e-01 3.239403e-04 -1.096856e-03 7.032288e-01 -3.233822e-04 9.999998e-01 5.090708e-04 -3.772635e-02 1.097024e-03 -5.087174e-04 9.999994e-01 8.661085e-01
1.000000e+00 2.964354e-05 -2.745821e-04 7.290762e-01 -2.961921e-05 1.000000e+00 8.841124e-05 -3.908054e-02 2.745813e-04 -8.840146e-05 9.999999e-01 9.174403e-01
9.999989e-01 2.976888e-04 -1.456467e-03 7.628918e-01 -2.968922e-04 9.999998e-01 5.471200e-04 -4.085807e-02 1.456633e-03 -5.466887e-04 9.999989e-01 9.657057e-01
9.999993e-01 -5.172375e-05 -1.212622e-03 8.150194e-01 5.191559e-05 1.000000e+00 1.581251e-04 -4.367989e-02 1.212610e-03 -1.581862e-04 9.999992e-01 1.006506e+00
9.999986e-01 2.777249e-04 -1.679132e-03 8.703472e-01 -2.767275e-04 9.999998e-01 5.942580e-04 -4.668695e-02 1.679301e-03 -5.937944e-04 9.999985e-01 1.046198e+00
9.999994e-01 -5.538060e-05 -1.074614e-03 9.249194e-01 5.549801e-05 1.000000e+00 1.091681e-04 -4.965112e-02 1.074603e-03 -1.092257e-04 9.999993e-01 1.085523e+00
9.999989e-01 2.920152e-04 -1.478705e-03 9.762157e-01 -2.911713e-04 9.999998e-01 5.709490e-04 -5.243261e-02 1.478877e-03 -5.705198e-04 9.999988e-01 1.125971e+00
9.999990e-01 -6.053462e-05 -1.394517e-03 1.031060e+00 6.078843e-05 1.000000e+00 1.819166e-04 -5.541849e-02 1.394501e-03 -1.819991e-04 9.999989e-01 1.165799e+00
9.999986e-01 2.832942e-04 -1.647362e-03 1.088744e+00 -2.823108e-04 9.999998e-01 5.972063e-04 -5.857017e-02 1.647537e-03 -5.967425e-04 9.999986e-01 1.204696e+00
9.999989e-01 -5.220924e-05 -1.450190e-03 1.145920e+00 5.252428e-05 1.000000e+00 2.171482e-04 -6.168938e-02 1.450173e-03 -2.172220e-04 9.999988e-01 1.244516e+00
9.999992e-01 2.919664e-04 -1.227149e-03 1.197621e+00 -2.913485e-04 9.999998e-01 5.037884e-04 -6.449579e-02 1.227302e-03 -5.034328e-04 9.999992e-01 1.285540e+00
9.999986e-01 -7.051857e-05 -1.695984e-03 1.254221e+00 7.093263e-05 1.000000e+00 2.440296e-04 -6.757675e-02 1.695960e-03 -2.441471e-04 9.999984e-01 1.324587e+00
9.999989e-01 2.944359e-04 -1.420579e-03 1.312434e+00 -2.936431e-04 9.999998e-01 5.583239e-04 -7.076189e-02 1.420750e-03 -5.579086e-04 9.999989e-01 1.363673e+00
9.999989e-01 -6.672926e-05 -1.477405e-03 1.368065e+00 6.702196e-05 1.000000e+00 1.980027e-04 -7.379796e-02 1.477385e-03 -1.980990e-04 9.999988e-01 1.403212e+00
9.999985e-01 2.986355e-04 -1.722511e-03 1.426985e+00 -2.975469e-04 9.999998e-01 6.322939e-04 -7.702285e-02 1.722707e-03 -6.317830e-04 9.999984e-01 1.442390e+00
9.999992e-01 -6.968735e-05 -1.301352e-03 1.484578e+00 6.986409e-05 1.000000e+00 1.356779e-04 -8.016907e-02 1.301335e-03 -1.357660e-04 9.999990e-01 1.481219e+00
9.999996e-01 3.437469e-04 -7.661512e-04 1.527265e+00 -3.433830e-04 9.999998e-01 4.753117e-04 -8.248074e-02 7.663221e-04 -4.750511e-04 9.999997e-01 1.524931e+00
9.999999e-01 6.830627e-05 -3.583568e-04 1.547393e+00 -6.826591e-05 1.000000e+00 1.122740e-04 -8.354111e-02 3.583567e-04 -1.122467e-04 9.999998e-01 1.578915e+00
9.999996e-01 3.252667e-04 -8.162021e-04 1.569839e+00 -3.248810e-04 9.999998e-01 4.728052e-04 -8.472201e-02 8.163636e-04 -4.725427e-04 9.999997e-01 1.631612e+00
9.999998e-01 1.805076e-05 -6.262243e-04 1.600607e+00 -1.800814e-05 1.000000e+00 6.784551e-05 -8.636942e-02 6.262175e-04 -6.783131e-05 9.999997e-01 1.679795e+00
9.999996e-01 3.339203e-04 -8.185189e-04 1.628829e+00 -3.335007e-04 9.999998e-01 5.128161e-04 -8.786685e-02 8.186982e-04 -5.125458e-04 9.999996e-01 1.729728e+00
9.999998e-01 3.058899e-05 -5.478543e-04 1.655933e+00 -3.055851e-05 1.000000e+00 5.539022e-05 -8.929828e-02 5.478476e-04 -5.537046e-05 9.999997e-01 1.780067e+00
9.999993e-01 2.470188e-04 -1.174792e-03 1.695724e+00 -2.464850e-04 9.999999e-01 4.546287e-04 -9.143455e-02 1.174912e-03 -4.543419e-04 9.999993e-01 1.823452e+00
9.999986e-01 -1.937754e-06 -1.667249e-03 1.750092e+00 2.425760e-06 1.000000e+00 2.926084e-04 -9.441691e-02 1.667239e-03 -2.926089e-04 9.999985e-01 1.863209e+00
9.999999e-01 2.831781e-04 -4.568635e-04 1.792407e+00 -2.830197e-04 9.999999e-01 3.472288e-04 -9.673016e-02 4.569708e-04 -3.471027e-04 9.999999e-01 1.907209e+00
9.999996e-01 6.475307e-05 -8.809682e-04 1.821862e+00 -6.459484e-05 1.000000e+00 1.794466e-04 -9.833063e-02 8.809707e-04 -1.793863e-04 9.999995e-01 1.955426e+00
9.999998e-01 3.484389e-04 -4.526309e-04 1.845655e+00 -3.482318e-04 9.999998e-01 4.579748e-04 -9.962970e-02 4.527997e-04 -4.578204e-04 9.999999e-01 2.007753e+00
9.999996e-01 -2.931525e-06 -9.295993e-04 1.875100e+00 3.021368e-06 1.000000e+00 9.645753e-05 -1.012082e-01 9.295897e-04 -9.645693e-05 9.999995e-01 2.056107e+00
9.999997e-01 2.907103e-04 -7.312206e-04 1.912328e+00 -2.903949e-04 9.999999e-01 4.315841e-04 -1.032076e-01 7.313555e-04 -4.313750e-04 9.999997e-01 2.100708e+00
9.999994e-01 1.192322e-06 -1.114684e-03 1.951942e+00 -1.036205e-06 1.000000e+00 1.398902e-04 -1.053389e-01 1.114674e-03 -1.398855e-04 9.999993e-01 2.144974e+00
9.999990e-01 2.494653e-04 -1.426388e-03 2.001922e+00 -2.486654e-04 9.999998e-01 5.610881e-04 -1.080515e-01 1.426537e-03 -5.607363e-04 9.999989e-01 2.186532e+00
9.999990e-01 -1.685706e-05 -1.394664e-03 2.056921e+00 1.709190e-05 1.000000e+00 1.682300e-04 -1.110503e-01 1.394651e-03 -1.682501e-04 9.999989e-01 2.226077e+00
9.999988e-01 2.396134e-04 -1.537362e-03 2.114046e+00 -2.387299e-04 9.999998e-01 5.749580e-04 -1.141704e-01 1.537510e-03 -5.745940e-04 9.999988e-01 2.264858e+00
9.999992e-01 -7.983565e-06 -1.258923e-03 2.168625e+00 8.167966e-06 1.000000e+00 1.462961e-04 -1.171401e-01 1.258911e-03 -1.463025e-04 9.999991e-01 2.304758e+00
9.999999e-01 3.250365e-04 -2.742568e-04 2.201395e+00 -3.249239e-04 9.999999e-01 4.110764e-04 -1.188982e-01 2.744014e-04 -4.109910e-04 1.000000e+00 2.352420e+00
9.999987e-01 4.569356e-05 -1.622474e-03 2.234982e+00 -4.524580e-05 1.000000e+00 2.758712e-04 -1.206994e-01 1.622475e-03 -2.757935e-04 9.999985e-01 2.401552e+00
9.999997e-01 2.369340e-04 -7.964273e-04 2.281916e+00 -2.366030e-04 9.999999e-01 4.159830e-04 -1.232527e-01 7.965372e-04 -4.157983e-04 9.999997e-01 2.444783e+00
1.000000e+00 1.860367e-04 -2.188263e-04 2.301815e+00 -1.860050e-04 1.000000e+00 1.437329e-04 -1.243103e-01 2.188415e-04 -1.436882e-04 9.999999e-01 2.498631e+00
9.999995e-01 2.187335e-04 -1.005373e-03 2.324333e+00 -2.182379e-04 9.999999e-01 4.932712e-04 -1.255092e-01 1.005492e-03 -4.930556e-04 9.999995e-01 2.551677e+00
9.999999e-01 1.026674e-04 -5.230425e-04 2.357889e+00 -1.026447e-04 1.000000e+00 4.292231e-05 -1.272966e-01 5.230351e-04 -4.286451e-05 9.999998e-01 2.598617e+00
9.999994e-01 2.089224e-04 -1.082756e-03 2.393088e+00 -2.083758e-04 9.999999e-01 5.051994e-04 -1.291806e-01 1.082874e-03 -5.049777e-04 9.999994e-01 2.644714e+00
9.999997e-01 8.323310e-05 -7.475033e-04 2.432213e+00 -8.317766e-05 1.000000e+00 7.382306e-05 -1.312857e-01 7.474973e-04 -7.375665e-05 9.999996e-01 2.689518e+00
9.999989e-01 1.754579e-04 -1.465927e-03 2.478954e+00 -1.746715e-04 9.999998e-01 5.367613e-04 -1.338176e-01 1.466033e-03 -5.365089e-04 9.999989e-01 2.731208e+00
9.999991e-01 6.815702e-05 -1.366555e-03 2.533874e+00 -6.787032e-05 1.000000e+00 2.096283e-04 -1.368190e-01 1.366557e-03 -2.095310e-04 9.999989e-01 2.771021e+00
9.999987e-01 1.674238e-04 -1.606440e-03 2.590859e+00 -1.665329e-04 9.999998e-01 5.549224e-04 -1.399315e-01 1.606545e-03 -5.546586e-04 9.999987e-01 2.810341e+00
9.999997e-01 8.872635e-05 -8.179725e-04 2.639803e+00 -8.863837e-05 1.000000e+00 1.072163e-04 -1.425903e-01 8.179689e-04 -1.071393e-04 9.999996e-01 2.851786e+00
9.999990e-01 1.927552e-04 -1.403754e-03 2.684415e+00 -1.919850e-04 9.999998e-01 5.489755e-04 -1.450103e-01 1.403873e-03 -5.487100e-04 9.999990e-01 2.895076e+00
1.000000e+00 1.651126e-04 1.433077e-04 2.710709e+00 -1.651140e-04 1.000000e+00 1.192812e-05 -1.464038e-01 -1.433193e-04 -1.194719e-05 9.999999e-01 2.945889e+00
9.999998e-01 3.801170e-04 -5.897953e-04 2.710273e+00 -3.797332e-04 9.999997e-01 6.513306e-04 -1.463205e-01 5.900563e-04 -6.511111e-04 9.999997e-01 3.010995e+00
9.999996e-01 3.406132e-04 8.687230e-04 2.686807e+00 -3.407004e-04 9.999999e-01 1.006580e-04 -1.449523e-01 -8.687022e-04 -1.009492e-04 9.999995e-01 3.088474e+00
9.999998e-01 4.037181e-04 -4.684400e-04 2.659498e+00 -4.034055e-04 9.999997e-01 6.680956e-04 -1.433650e-01 4.687231e-04 -6.679113e-04 9.999998e-01 3.168323e+00
9.999996e-01 3.551373e-04 8.529459e-04 2.631526e+00 -3.552239e-04 9.999999e-01 1.017827e-04 -1.417290e-01 -8.529232e-04 -1.020807e-04 9.999995e-01 3.248924e+00
9.999999e-01 4.205240e-04 -3.393921e-04 2.599587e+00 -4.202902e-04 9.999997e-01 6.894179e-04 -1.398598e-01 3.396953e-04 -6.892801e-04 9.999998e-01 3.331863e+00
9.999997e-01 3.336319e-04 7.264392e-04 2.571609e+00 -3.336946e-04 9.999999e-01 8.660786e-05 -1.382092e-01 -7.264236e-04 -8.684522e-05 9.999996e-01 3.412842e+00
9.999999e-01 4.688448e-04 -1.445952e-04 2.536289e+00 -4.687414e-04 9.999996e-01 7.168397e-04 -1.361548e-01 1.449446e-04 -7.167769e-04 9.999998e-01 3.497641e+00
9.999996e-01 3.631781e-04 8.640592e-04 2.495830e+00 -3.632705e-04 9.999999e-01 1.072135e-04 -1.338157e-01 -8.640335e-04 -1.075222e-04 9.999995e-01 3.585199e+00
9.999999e-01 4.508044e-04 -1.642481e-04 2.457111e+00 -4.506887e-04 9.999996e-01 7.061259e-04 -1.315690e-01 1.645796e-04 -7.060571e-04 9.999998e-01 3.671621e+00
9.999999e-01 2.542835e-04 4.148500e-04 2.433778e+00 -2.542929e-04 1.000000e+00 2.360072e-05 -1.301732e-01 -4.148571e-04 -2.370090e-05 9.999998e-01 3.749607e+00
9.999998e-01 4.081148e-04 -3.785974e-04 2.417804e+00 -4.078456e-04 9.999997e-01 7.119466e-04 -1.291866e-01 3.789009e-04 -7.117975e-04 9.999998e-01 3.823902e+00
9.999999e-01 2.646128e-04 3.793895e-04 2.401572e+00 -2.646192e-04 1.000000e+00 1.783794e-05 -1.281986e-01 -3.793979e-04 -1.793288e-05 9.999998e-01 3.897924e+00
9.999999e-01 4.031503e-04 -3.669707e-04 2.384765e+00 -4.028872e-04 9.999997e-01 7.177495e-04 -1.271767e-01 3.672731e-04 -7.176071e-04 9.999998e-01 3.972252e+00
1.000000e+00 2.292060e-04 2.037936e-04 2.373665e+00 -2.292040e-04 1.000000e+00 -8.174775e-06 -1.264734e-01 -2.038086e-04 8.133652e-06 9.999999e-01 4.043605e+00
9.999986e-01 2.161142e-04 -1.656095e-03 2.394686e+00 -2.149936e-04 9.999997e-01 6.770302e-04 -1.275862e-01 1.656254e-03 -6.766789e-04 9.999985e-01 4.099166e+00
9.999995e-01 5.322654e-05 -1.002693e-03 2.445888e+00 -5.317674e-05 1.000000e+00 4.928407e-05 -1.303552e-01 1.002683e-03 -4.922501e-05 9.999994e-01 4.141585e+00
9.999987e-01 2.151145e-04 -1.577011e-03 2.497374e+00 -2.140904e-04 9.999998e-01 6.498194e-04 -1.331343e-01 1.577165e-03 -6.494868e-04 9.999986e-01 4.183270e+00
9.999981e-01 9.073303e-06 -1.974541e-03 2.560961e+00 -8.445240e-06 9.999999e-01 3.178706e-04 -1.365481e-01 1.974530e-03 -3.178474e-04 9.999979e-01 4.222040e+00
9.999992e-01 2.392957e-04 -1.268354e-03 2.620305e+00 -2.386314e-04 9.999998e-01 5.242869e-04 -1.397897e-01 1.268493e-03 -5.239897e-04 9.999992e-01 4.261744e+00
1.000000e+00 8.154566e-05 -2.388634e-04 2.653014e+00 -8.154339e-05 1.000000e+00 7.580556e-06 -1.415243e-01 2.388494e-04 -7.555065e-06 9.999999e-01 4.309499e+00
9.999998e-01 4.133404e-04 -5.000190e-04 2.661435e+00 -4.130243e-04 9.999997e-01 6.329501e-04 -1.419200e-01 5.002952e-04 -6.327495e-04 9.999998e-01 4.369946e+00
9.999999e-01 5.444158e-05 -3.927007e-04 2.673869e+00 -5.444448e-05 1.000000e+00 -8.587368e-06 -1.425408e-01 3.926854e-04 8.614879e-06 9.999998e-01 4.428261e+00
9.999998e-01 3.990693e-04 -5.314596e-04 2.687517e+00 -3.987329e-04 9.999997e-01 6.337598e-04 -1.432296e-01 5.317273e-04 -6.335540e-04 9.999998e-01 4.486018e+00
9.999999e-01 4.500450e-05 -4.795049e-04 2.703737e+00 -4.501406e-05 1.000000e+00 -2.095039e-05 -1.440632e-01 4.794889e-04 2.097822e-05 9.999998e-01 4.542255e+00
9.999997e-01 3.464925e-04 -7.534423e-04 2.727464e+00 -3.460357e-04 9.999998e-01 6.068899e-04 -1.453045e-01 7.536675e-04 -6.066353e-04 9.999996e-01 4.594723e+00
9.999999e-01 4.576203e-05 -4.780311e-04 2.751247e+00 -4.577488e-05 1.000000e+00 -2.793083e-05 -1.465539e-01 4.780146e-04 2.795906e-05 9.999998e-01 4.647170e+00
9.999997e-01 3.389872e-04 -7.647842e-04 2.776607e+00 -3.385400e-04 9.999998e-01 5.853511e-04 -1.479047e-01 7.649978e-04 -5.850984e-04 9.999996e-01 4.698257e+00
9.999989e-01 2.226297e-05 -1.457090e-03 2.814083e+00 -2.202822e-05 1.000000e+00 1.607677e-04 -1.499499e-01 1.457078e-03 -1.607290e-04 9.999988e-01 4.746185e+00
9.999984e-01 2.276109e-04 -1.798410e-03 2.873178e+00 -2.263668e-04 9.999997e-01 6.922405e-04 -1.531643e-01 1.798583e-03 -6.918389e-04 9.999982e-01 4.786298e+00
9.999991e-01 1.746372e-05 -1.367655e-03 2.931604e+00 -1.728733e-05 1.000000e+00 1.285747e-04 -1.563360e-01 1.367641e-03 -1.285443e-04 9.999990e-01 4.826195e+00
9.999999e-01 3.808020e-04 2.399804e-04 2.950670e+00 -3.809123e-04 9.999998e-01 4.570742e-04 -1.573187e-01 -2.397899e-04 -4.571722e-04 1.000000e+00 4.881216e+00
9.999999e-01 3.371600e-04 1.302481e-05 2.925204e+00 -3.371636e-04 9.999999e-01 3.240172e-04 -1.558313e-01 -1.293190e-05 -3.240148e-04 9.999998e-01 4.959980e+00
9.999998e-01 2.247254e-04 -5.508665e-04 2.925981e+00 -2.245255e-04 9.999999e-01 3.639511e-04 -1.557858e-01 5.509646e-04 -3.638341e-04 9.999999e-01 5.024750e+00
9.999980e-01 6.477793e-05 -1.986812e-03 2.973753e+00 -6.406492e-05 9.999999e-01 3.586422e-04 -1.583726e-01 1.986819e-03 -3.585073e-04 9.999979e-01 5.067992e+00
9.999996e-01 1.886824e-04 -8.290451e-04 3.027270e+00 -1.883690e-04 9.999999e-01 3.788317e-04 -1.612883e-01 8.291334e-04 -3.786824e-04 9.999997e-01 5.108536e+00
9.999987e-01 1.035240e-04 -1.622988e-03 3.073215e+00 -1.030030e-04 9.999999e-01 3.207006e-04 -1.637792e-01 1.623004e-03 -3.205259e-04 9.999985e-01 5.152210e+00
9.999998e-01 2.023335e-04 -6.168452e-04 3.116366e+00 -2.021168e-04 9.999999e-01 3.524054e-04 -1.661127e-01 6.169338e-04 -3.522877e-04 9.999998e-01 5.196542e+00
9.999998e-01 2.040149e-04 -5.438632e-04 3.136965e+00 -2.038936e-04 1.000000e+00 2.220521e-04 -1.671902e-01 5.438910e-04 -2.219340e-04 9.999997e-01 5.250563e+00
9.999998e-01 4.668248e-04 4.558164e-04 3.122635e+00 -4.670550e-04 9.999998e-01 5.034846e-04 -1.663175e-01 -4.555637e-04 -5.037046e-04 9.999999e-01 5.323663e+00
9.999993e-01 6.492531e-05 -1.210337e-03 3.129707e+00 -6.473487e-05 1.000000e+00 1.568362e-04 -1.666100e-01 1.210329e-03 -1.567504e-04 9.999992e-01 5.385645e+00
9.999990e-01 2.244846e-04 -1.406626e-03 3.179972e+00 -2.236936e-04 9.999998e-01 5.629495e-04 -1.693319e-01 1.406770e-03 -5.626417e-04 9.999990e-01 5.427773e+00
9.999986e-01 2.258555e-05 -1.657426e-03 3.237182e+00 -2.222899e-05 1.000000e+00 2.147306e-04 -1.724519e-01 1.657413e-03 -2.146861e-04 9.999985e-01 5.467336e+00
9.999994e-01 2.484661e-04 -1.069459e-03 3.288921e+00 -2.479197e-04 9.999998e-01 5.116745e-04 -1.752582e-01 1.069604e-03 -5.114166e-04 9.999994e-01 5.508867e+00
9.999978e-01 -2.202379e-06 -2.083611e-03 3.346410e+00 2.776324e-06 1.000000e+00 2.751068e-04 -1.783721e-01 2.083592e-03 -2.751044e-04 9.999977e-01 5.549261e+00
9.999999e-01 3.049954e-04 -3.524605e-04 3.392315e+00 -3.048483e-04 9.999999e-01 4.193764e-04 -1.808252e-01 3.526073e-04 -4.192766e-04 9.999999e-01 5.593696e+00
9.999973e-01 -3.737302e-05 -2.314463e-03 3.442438e+00 3.806223e-05 1.000000e+00 2.974140e-04 -1.835229e-01 2.314432e-03 -2.974936e-04 9.999972e-01 5.636387e+00
9.999999e-01 3.176904e-04 -2.983059e-04 3.492568e+00 -3.175692e-04 9.999999e-01 4.089673e-04 -1.862134e-01 2.984552e-04 -4.088803e-04 1.000000e+00 5.679070e+00
9.999980e-01 -1.724427e-05 -1.999454e-03 3.536641e+00 1.778869e-05 1.000000e+00 2.718699e-04 -1.885777e-01 1.999430e-03 -2.718971e-04 9.999979e-01 5.723807e+00
9.999998e-01 3.657854e-04 5.216233e-04 3.566275e+00 -3.659421e-04 9.999999e-01 2.987260e-04 -1.901285e-01 -5.214941e-04 -2.989247e-04 9.999999e-01 5.773871e+00
9.999984e-01 2.256962e-05 -1.814440e-03 3.591043e+00 -2.205264e-05 1.000000e+00 2.845003e-04 -1.914057e-01 1.814426e-03 -2.844519e-04 9.999982e-01 5.826360e+00
9.999999e-01 3.189101e-04 2.657510e-04 3.622790e+00 -3.189888e-04 9.999999e-01 2.930406e-04 -1.930823e-01 -2.656374e-04 -2.931333e-04 1.000000e+00 5.875040e+00
9.999976e-01 5.476174e-06 -2.197004e-03 3.659674e+00 -4.688562e-06 9.999999e-01 3.581194e-04 -1.950573e-01 2.196986e-03 -3.581002e-04 9.999974e-01 5.922048e+00
1.000000e+00 3.029481e-04 -3.729928e-05 3.701403e+00 -3.029365e-04 9.999999e-01 3.331411e-04 -1.973008e-01 3.742074e-05 -3.331379e-04 1.000000e+00 5.967818e+00
9.999974e-01 3.039668e-05 -2.262143e-03 3.742380e+00 -2.950806e-05 9.999999e-01 3.924703e-04 -1.994899e-01 2.262134e-03 -3.923944e-04 9.999973e-01 6.014765e+00
9.999999e-01 2.695970e-04 -2.189175e-04 3.788330e+00 -2.695231e-04 9.999999e-01 3.416349e-04 -2.019491e-01 2.190306e-04 -3.415841e-04 1.000000e+00 6.059870e+00
9.999981e-01 4.916423e-05 -1.937081e-03 3.830010e+00 -4.852306e-05 9.999999e-01 3.305774e-04 -2.041661e-01 1.937076e-03 -3.304745e-04 9.999980e-01 6.105945e+00
9.999998e-01 2.202856e-04 -6.160604e-04 3.879675e+00 -2.200494e-04 9.999999e-01 3.848970e-04 -2.068491e-01 6.161666e-04 -3.847697e-04 9.999998e-01 6.148299e+00
9.999979e-01 5.250894e-05 -2.028402e-03 3.930338e+00 -5.179857e-05 9.999999e-01 3.498016e-04 -2.096034e-01 2.028399e-03 -3.496874e-04 9.999978e-01 6.190409e+00
1.000000e+00 2.421829e-04 -1.384894e-05 3.971926e+00 -2.421799e-04 9.999999e-01 2.828139e-04 -2.118318e-01 1.393936e-05 -2.828191e-04 1.000000e+00 6.235276e+00
9.999993e-01 1.490219e-04 -1.180188e-03 3.994508e+00 -1.486692e-04 9.999999e-01 2.981106e-04 -2.130068e-01 1.180211e-03 -2.979264e-04 9.999992e-01 6.288706e+00
9.999995e-01 4.574779e-04 9.093814e-04 3.987399e+00 -4.578462e-04 9.999998e-01 4.037571e-04 -2.125380e-01 -9.091745e-04 -4.041818e-04 9.999996e-01 6.357929e+00
9.999995e-01 1.623289e-04 -1.019114e-03 3.976569e+00 -1.620076e-04 9.999999e-01 3.143971e-04 -2.118607e-01 1.019142e-03 -3.142232e-04 9.999993e-01 6.428756e+00
9.999994e-01 4.889713e-04 9.408632e-04 3.963651e+00 -4.893455e-04 9.999998e-01 3.964511e-04 -2.110811e-01 -9.406470e-04 -3.969200e-04 9.999996e-01 6.500527e+00
9.999991e-01 8.181245e-05 -1.349909e-03 3.962123e+00 -8.142150e-05 1.000000e+00 2.889203e-04 -2.109109e-01 1.349910e-03 -2.888013e-04 9.999989e-01 6.566835e+00
1.000000e+00 2.851255e-04 3.588141e-05 3.988838e+00 -2.851368e-04 9.999999e-01 2.869285e-04 -2.123035e-01 -3.577733e-05 -2.869476e-04 1.000000e+00 6.617891e+00
9.999982e-01 2.822909e-05 -1.883995e-03 4.026303e+00 -2.760164e-05 9.999999e-01 3.325233e-04 -2.143010e-01 1.883982e-03 -3.324618e-04 9.999981e-01 6.664519e+00
9.999997e-01 2.706538e-04 -7.551142e-04 4.073778e+00 -2.703271e-04 9.999999e-01 4.341089e-04 -2.168702e-01 7.552543e-04 -4.339136e-04 9.999997e-01 6.708689e+00
9.999983e-01 9.542871e-06 -1.821899e-03 4.122055e+00 -8.986305e-06 1.000000e+00 3.049125e-04 -2.194765e-01 1.821879e-03 -3.048866e-04 9.999982e-01 6.752092e+00
9.999998e-01 2.724499e-04 -5.223546e-04 4.167585e+00 -2.722457e-04 9.999999e-01 3.930525e-04 -2.219378e-01 5.224848e-04 -3.929193e-04 9.999999e-01 6.796164e+00
9.999985e-01 3.473404e-05 -1.724626e-03 4.210729e+00 -3.419697e-05 1.000000e+00 3.108050e-04 -2.242587e-01 1.724614e-03 -3.107364e-04 9.999984e-01 6.841318e+00
9.999991e-01 2.045543e-04 -1.323240e-03 4.268692e+00 -2.039170e-04 9.999999e-01 4.825586e-04 -2.274152e-01 1.323363e-03 -4.822976e-04 9.999991e-01 6.881117e+00
9.999982e-01 3.566235e-05 -1.880289e-03 4.328039e+00 -3.499975e-05 9.999999e-01 3.518167e-04 -2.306588e-01 1.880277e-03 -3.517409e-04 9.999981e-01 6.920685e+00
9.999995e-01 4.097931e-04 9.626507e-04 4.340615e+00 -4.100352e-04 9.999999e-01 2.500554e-04 -2.312797e-01 -9.625240e-04 -2.504593e-04 9.999996e-01 6.979585e+00
9.999998e-01 5.078042e-04 2.412793e-04 4.283697e+00 -5.079544e-04 9.999997e-01 6.275513e-04 -2.279981e-01 -2.409846e-04 -6.276643e-04 9.999997e-01 7.076272e+00
9.999989e-01 4.900118e-04 1.433187e-03 4.212901e+00 -4.904307e-04 9.999998e-01 2.910728e-04 -2.239525e-01 -1.433020e-03 -2.917848e-04 9.999990e-01 7.179529e+00
9.999999e-01 4.890444e-04 -6.165749e-06 4.148389e+00 -4.890394e-04 9.999997e-01 5.947342e-04 -2.202755e-01 6.432897e-06 -5.947216e-04 9.999997e-01 7.278874e+00
9.999989e-01 4.731732e-04 1.437704e-03 4.083851e+00 -4.736237e-04 9.999998e-01 3.122579e-04 -2.165889e-01 -1.437533e-03 -3.129482e-04 9.999990e-01 7.378730e+00
9.999999e-01 4.726255e-04 -1.170983e-04 4.023219e+00 -4.725567e-04 9.999997e-01 5.775863e-04 -2.131280e-01 1.173478e-04 -5.775211e-04 9.999997e-01 7.476283e+00
9.999988e-01 4.741889e-04 1.481818e-03 3.961612e+00 -4.746686e-04 9.999998e-01 3.225706e-04 -2.096111e-01 -1.481642e-03 -3.232834e-04 9.999989e-01 7.574416e+00
9.999998e-01 4.073831e-04 -4.625163e-04 3.910905e+00 -4.071353e-04 9.999998e-01 5.332205e-04 -2.066992e-01 4.627102e-04 -5.330222e-04 9.999997e-01 7.666838e+00
9.999989e-01 4.539519e-04 1.395564e-03 3.864549e+00 -4.543747e-04 9.999999e-01 3.018576e-04 -2.040431e-01 -1.395403e-03 -3.025013e-04 9.999991e-01 7.756658e+00
9.999998e-01 4.318864e-04 -3.698660e-04 3.814642e+00 -4.316813e-04 9.999998e-01 5.511569e-04 -2.011842e-01 3.700809e-04 -5.509871e-04 9.999997e-01 7.848530e+00
9.999988e-01 4.575234e-04 1.449720e-03 3.763183e+00 -4.579809e-04 9.999998e-01 3.144255e-04 -1.982263e-01 -1.449553e-03 -3.150992e-04 9.999990e-01 7.941622e+00
9.999997e-01 3.794923e-04 -6.246724e-04 3.720399e+00 -3.791663e-04 9.999998e-01 5.200030e-04 -1.957565e-01 6.248468e-04 -5.197558e-04 9.999996e-01 8.029952e+00
9.999993e-01 3.920210e-04 1.131211e-03 3.688020e+00 -3.923280e-04 9.999999e-01 2.701253e-04 -1.938786e-01 -1.131083e-03 -2.705792e-04 9.999994e-01 8.112308e+00
9.999996e-01 3.322948e-04 -8.363162e-04 3.662547e+00 -3.318865e-04 9.999998e-01 4.868549e-04 -1.923939e-01 8.364550e-04 -4.865668e-04 9.999994e-01 8.190614e+00
9.999989e-01 4.448677e-04 1.409829e-03 3.627373e+00 -4.453057e-04 9.999999e-01 3.095482e-04 -1.903668e-01 -1.409668e-03 -3.101861e-04 9.999991e-01 8.274205e+00
9.999997e-01 3.778298e-04 -6.311298e-04 3.585892e+00 -3.775074e-04 9.999998e-01 5.089318e-04 -1.879892e-01 6.312993e-04 -5.086829e-04 9.999996e-01 8.361094e+00
9.999990e-01 4.277468e-04 1.321670e-03 3.547323e+00 -4.281451e-04 9.999999e-01 3.001071e-04 -1.857756e-01 -1.321519e-03 -3.006832e-04 9.999992e-01 8.446495e+00
9.999997e-01 3.777961e-04 -6.492401e-04 3.508866e+00 -3.774627e-04 9.999998e-01 5.118210e-04 -1.835621e-01 6.494107e-04 -5.115652e-04 9.999996e-01 8.531985e+00
9.999992e-01 4.027340e-04 1.198454e-03 3.474338e+00 -4.030834e-04 9.999999e-01 2.902843e-04 -1.815656e-01 -1.198314e-03 -2.907778e-04 9.999993e-01 8.615482e+00
9.999996e-01 3.486646e-04 -7.891662e-04 3.444949e+00 -3.482751e-04 9.999998e-01 4.921613e-04 -1.798635e-01 7.893152e-04 -4.918755e-04 9.999995e-01 8.696104e+00
9.999991e-01 4.181027e-04 1.286644e-03 3.412547e+00 -4.184918e-04 9.999999e-01 3.012046e-04 -1.779922e-01 -1.286495e-03 -3.017536e-04 9.999992e-01 8.778466e+00
9.999998e-01 4.042882e-04 -4.838029e-04 3.371838e+00 -4.040412e-04 9.999998e-01 5.080160e-04 -1.756577e-01 4.839858e-04 -5.078096e-04 9.999997e-01 8.865201e+00
9.999989e-01 4.742938e-04 1.397058e-03 3.325214e+00 -4.747378e-04 9.999998e-01 3.165775e-04 -1.730057e-01 -1.396885e-03 -3.172514e-04 9.999991e-01 8.954935e+00
9.999999e-01 4.506968e-04 -1.464636e-04 3.268061e+00 -4.506118e-04 9.999997e-01 5.710377e-04 -1.697557e-01 1.466988e-04 -5.709606e-04 9.999997e-01 9.050752e+00
9.999988e-01 4.965532e-04 1.492064e-03 3.207386e+00 -4.970428e-04 9.999998e-01 3.269419e-04 -1.663050e-01 -1.491880e-03 -3.276942e-04 9.999989e-01 9.148529e+00
9.999999e-01 4.326823e-04 -2.485016e-04 3.148367e+00 -4.325395e-04 9.999997e-01 5.693514e-04 -1.629390e-01 2.487260e-04 -5.692326e-04 9.999997e-01 9.245505e+00
9.999987e-01 5.048506e-04 1.525851e-03 3.088696e+00 -5.053537e-04 9.999998e-01 3.285371e-04 -1.595388e-01 -1.525663e-03 -3.293191e-04 9.999989e-01 9.342759e+00
9.999997e-01 3.425926e-04 -6.979787e-04 3.045512e+00 -3.422353e-04 9.999998e-01 5.100586e-04 -1.570544e-01 6.981316e-04 -5.098082e-04 9.999995e-01 9.431114e+00
9.999996e-01 3.617672e-04 8.679284e-04 3.024414e+00 -3.619715e-04 9.999999e-01 2.338270e-04 -1.558204e-01 -8.678221e-04 -2.341525e-04 9.999997e-01 9.507296e+00
9.999998e-01 4.075905e-04 -3.790554e-04 2.992469e+00 -4.073786e-04 9.999998e-01 5.554699e-04 -1.539805e-01 3.792601e-04 -5.553039e-04 9.999997e-01 9.589494e+00
9.999993e-01 4.092016e-04 1.089785e-03 2.953424e+00 -4.094863e-04 9.999999e-01 2.598737e-04 -1.517356e-01 -1.089657e-03 -2.603313e-04 9.999995e-01 9.675679e+00
9.999999e-01 4.433717e-04 -2.065450e-04 2.908487e+00 -4.432512e-04 9.999997e-01 5.768919e-04 -1.491680e-01 2.067792e-04 -5.767886e-04 9.999997e-01 9.764961e+00
9.999993e-01 4.152673e-04 1.144229e-03 2.861201e+00 -4.155780e-04 9.999999e-01 2.701698e-04 -1.464661e-01 -1.144095e-03 -2.706568e-04 9.999994e-01 9.855424e+00
9.999999e-01 4.346271e-04 -2.366589e-04 2.815660e+00 -4.344926e-04 9.999997e-01 5.628601e-04 -1.438587e-01 2.368822e-04 -5.627454e-04 9.999997e-01 9.944765e+00
9.999993e-01 4.184409e-04 1.149391e-03 2.769883e+00 -4.187554e-04 9.999999e-01 2.722153e-04 -1.412360e-01 -1.149256e-03 -2.727083e-04 9.999994e-01 1.003431e+01
9.999999e-01 4.328312e-04 -2.555004e-04 2.724559e+00 -4.326875e-04 9.999998e-01 5.571792e-04 -1.386398e-01 2.557204e-04 -5.570566e-04 9.999997e-01 1.012358e+01
9.999991e-01 4.483404e-04 1.284097e-03 2.673858e+00 -4.487255e-04 9.999999e-01 2.986022e-04 -1.357462e-01 -1.283942e-03 -2.991901e-04 9.999992e-01 1.021564e+01
9.999985e-01 1.547556e-04 -1.705023e-03 2.668157e+00 -1.540607e-04 9.999999e-01 4.068874e-04 -1.353662e-01 1.705065e-03 -4.066121e-04 9.999984e-01 1.028379e+01
9.999998e-01 1.159515e-04 -5.677923e-04 2.713590e+00 -1.158099e-04 1.000000e+00 2.517544e-04 -1.378395e-01 5.678428e-04 -2.517007e-04 9.999999e-01 1.032692e+01
9.999988e-01 1.677629e-04 -1.526497e-03 2.756376e+00 -1.671895e-04 9.999999e-01 3.748368e-04 -1.401566e-01 1.526539e-03 -3.745690e-04 9.999987e-01 1.037062e+01
9.999999e-01 2.130435e-04 3.355696e-04 2.778899e+00 -2.131099e-04 1.000000e+00 1.935816e-04 -1.413553e-01 -3.355067e-04 -1.936653e-04 1.000000e+00 1.042297e+01
9.999995e-01 3.028850e-04 -9.576539e-04 2.783043e+00 -3.024321e-04 9.999998e-01 4.715600e-04 -1.415255e-01 9.577749e-04 -4.712578e-04 9.999993e-01 1.048529e+01
1.000000e+00 1.533765e-04 7.785328e-05 2.796336e+00 -1.533890e-04 1.000000e+00 1.422039e-04 -1.422096e-01 -7.780967e-05 -1.422282e-04 1.000000e+00 1.054272e+01
9.999999e-01 4.771894e-04 -1.551555e-04 2.782103e+00 -4.770992e-04 9.999997e-01 5.720710e-04 -1.413619e-01 1.554066e-04 -5.719845e-04 9.999997e-01 1.061524e+01
9.999991e-01 4.243542e-04 1.261347e-03 2.728961e+00 -4.247329e-04 9.999999e-01 2.988207e-04 -1.383299e-01 -1.261199e-03 -2.993687e-04 9.999993e-01 1.070902e+01
9.999999e-01 4.926074e-04 -9.032733e-05 2.673691e+00 -4.925536e-04 9.999997e-01 5.794506e-04 -1.351755e-01 9.059114e-05 -5.793934e-04 9.999997e-01 1.080407e+01
9.999996e-01 3.519815e-04 8.654015e-04 2.631642e+00 -3.522098e-04 9.999999e-01 2.620238e-04 -1.327645e-01 -8.652877e-04 -2.623412e-04 9.999997e-01 1.089172e+01
9.999994e-01 2.730879e-04 -1.022099e-03 2.620526e+00 -2.726183e-04 9.999999e-01 4.582144e-04 -1.320975e-01 1.022202e-03 -4.579228e-04 9.999993e-01 1.096259e+01
9.999994e-01 3.915195e-04 1.011598e-03 2.604932e+00 -3.918001e-04 9.999999e-01 2.758083e-04 -1.311771e-01 -1.011469e-03 -2.762173e-04 9.999995e-01 1.103611e+01
9.999988e-01 1.615657e-04 -1.540234e-03 2.605936e+00 -1.609478e-04 9.999999e-01 4.003209e-04 -1.311733e-01 1.540277e-03 -4.000597e-04 9.999986e-01 1.110039e+01
1.000000e+00 2.010828e-04 1.855582e-04 2.634298e+00 -2.011128e-04 1.000000e+00 1.539361e-04 -1.326910e-01 -1.855055e-04 -1.539863e-04 1.000000e+00 1.114995e+01
9.999986e-01 1.323782e-04 -1.689001e-03 2.667202e+00 -1.317269e-04 9.999999e-01 3.848619e-04 -1.344593e-01 1.689030e-03 -3.846259e-04 9.999984e-01 1.119706e+01
1.000000e+00 1.705818e-04 5.350145e-05 2.704106e+00 -1.705907e-04 1.000000e+00 1.387420e-04 -1.364497e-01 -5.345573e-05 -1.387641e-04 1.000000e+00 1.124186e+01
9.999978e-01 1.067407e-04 -2.103892e-03 2.748186e+00 -1.058024e-04 9.999999e-01 4.453516e-04 -1.388359e-01 2.103917e-03 -4.451150e-04 9.999976e-01 1.128446e+01
9.999990e-01 3.832247e-04 1.372366e-03 2.755682e+00 -3.834659e-04 9.999999e-01 1.743936e-04 -1.391823e-01 -1.372277e-03 -1.749327e-04 9.999991e-01 1.134593e+01
9.999997e-01 4.777136e-04 -5.493741e-04 2.711213e+00 -4.773441e-04 9.999997e-01 6.698400e-04 -1.366114e-01 5.496716e-04 -6.695644e-04 9.999995e-01 1.143612e+01
1.000000e+00 1.361249e-04 2.132775e-04 2.705712e+00 -1.361349e-04 1.000000e+00 3.942546e-05 -1.361800e-01 -2.132498e-04 -3.946772e-05 1.000000e+00 1.150540e+01
9.999953e-01 1.402366e-04 -3.053137e-03 2.759091e+00 -1.379942e-04 9.999997e-01 7.341434e-04 -1.390817e-01 3.053217e-03 -7.337053e-04 9.999950e-01 1.154739e+01
9.999980e-01 2.808396e-04 1.965906e-03 2.780286e+00 -2.805189e-04 9.999999e-01 -1.641918e-04 -1.401900e-01 -1.965929e-03 1.636267e-04 9.999982e-01 1.160164e+01
9.999974e-01 3.388108e-04 -2.256780e-03 2.783448e+00 -3.368426e-04 9.999996e-01 8.717937e-04 -1.398677e-01 2.257051e-03 -8.710178e-04 9.999970e-01 1.167304e+01
9.999980e-01 2.931235e-04 2.000995e-03 2.785394e+00 -2.928503e-04 9.999999e-01 -1.376199e-04 -1.393826e-01 -2.001012e-03 1.370202e-04 9.999981e-01 1.174692e+01
9.999932e-01 2.344357e-04 -3.687167e-03 2.816526e+00 -2.308094e-04 9.999995e-01 9.834691e-04 -1.405629e-01 3.687373e-03 -9.825978e-04 9.999926e-01 1.180698e+01
1.000000e+00 8.238627e-06 1.625016e-04 2.878314e+00 -8.231234e-06 1.000000e+00 -5.554815e-05 -1.439572e-01 -1.624788e-04 5.553318e-05 1.000000e+00 1.184626e+01
9.999934e-01 1.950121e-04 -3.619210e-03 2.941486e+00 -1.913935e-04 9.999995e-01 9.997075e-04 -1.473570e-01 3.619380e-03 -9.989946e-04 9.999929e-01 1.188419e+01
1.000000e+00 3.891129e-05 -7.619137e-05 3.005012e+00 -3.891345e-05 1.000000e+00 -5.916784e-06 -1.508325e-01 7.621507e-05 5.905939e-06 1.000000e+00 1.192337e+01
9.999992e-01 3.301180e-04 -1.231809e-03 3.030576e+00 -3.294279e-04 9.999998e-01 5.590109e-04 -1.521797e-01 1.231970e-03 -5.585908e-04 9.999990e-01 1.197538e+01
9.999991e-01 3.627946e-04 1.283301e-03 3.011445e+00 -3.630346e-04 9.999999e-01 1.854661e-04 -1.510303e-01 -1.283210e-03 -1.859457e-04 9.999993e-01 1.205161e+01
9.999994e-01 3.757144e-04 -1.034754e-03 2.985453e+00 -3.751025e-04 9.999998e-01 5.898380e-04 -1.494899e-01 1.034951e-03 -5.894355e-04 9.999992e-01 1.213176e+01
9.999949e-01 -1.006489e-04 -3.181244e-03 2.972339e+00 9.982870e-05 1.000000e+00 -2.574391e-04 -1.497672e-01 3.181294e-03 2.571062e-04 9.999950e-01 1.222935e+01
9.999996e-01 8.367437e-04 1.256968e-04 2.990558e+00 -8.369000e-04 9.999989e-01 1.263031e-03 -1.509412e-01 -1.246646e-04 -1.263121e-03 9.999991e-01 1.231481e+01
9.999591e-01 -1.717098e-03 -8.881563e-03 3.120930e+00 1.684593e-03 9.999919e-01 -3.665814e-03 -1.557385e-01 8.887811e-03 3.650688e-03 9.999539e-01 1.244924e+01
9.999851e-01 3.382474e-03 4.273997e-03 3.259648e+00 -3.400526e-03 9.999853e-01 4.223975e-03 -1.603381e-01 -4.259673e-03 -4.238433e-03 9.999818e-01 1.261801e+01
9.997596e-01 1.722720e-03 -2.185815e-02 3.370946e+00 -1.762154e-03 9.999969e-01 -1.784864e-03 -1.632916e-01 2.185504e-02 1.822938e-03 9.997596e-01 1.282346e+01
9.999789e-01 -1.106908e-04 -6.497414e-03 3.449144e+00 1.309030e-04 9.999952e-01 3.110137e-03 -1.717555e-01 6.497008e-03 -3.110908e-03 9.999740e-01 1.297055e+01
9.999785e-01 8.558045e-04 6.508439e-03 3.448257e+00 -8.413738e-04 9.999972e-01 -2.219996e-03 -1.703267e-01 -6.510290e-03 2.214458e-03 9.999765e-01 1.306077e+01
9.999592e-01 -3.469711e-06 -9.028412e-03 3.487191e+00 3.546446e-05 9.999937e-01 3.543388e-03 -1.709347e-01 9.028312e-03 -3.543549e-03 9.999529e-01 1.314077e+01
9.999627e-01 3.652206e-04 8.630185e-03 3.494338e+00 -3.480442e-04 9.999980e-01 -1.991959e-03 -1.685167e-01 -8.630864e-03 1.988867e-03 9.999609e-01 1.328698e+01
9.999409e-01 -2.660805e-05 -1.087265e-02 3.570655e+00 6.778434e-05 9.999928e-01 3.786590e-03 -1.669042e-01 1.087244e-02 -3.787089e-03 9.999336e-01 1.349370e+01
9.999445e-01 6.881980e-04 1.051432e-02 3.547832e+00 -6.602504e-04 9.999962e-01 -2.661526e-03 -1.638558e-01 -1.051608e-02 2.654422e-03 9.999413e-01 1.361816e+01
9.999387e-01 5.321327e-05 -1.107607e-02 3.534152e+00 -9.804123e-06 9.999923e-01 3.918997e-03 -1.606196e-01 1.107616e-02 -3.918633e-03 9.999309e-01 1.374752e+01
9.999510e-01 6.010057e-04 9.883715e-03 3.559361e+00 -5.792883e-04 9.999974e-01 -2.200265e-03 -1.570805e-01 -9.884981e-03 2.194417e-03 9.999488e-01 1.393463e+01
9.999377e-01 -1.231887e-04 -1.116284e-02 3.636108e+00 1.665483e-04 9.999924e-01 3.883226e-03 -1.545655e-01 1.116224e-02 -3.884828e-03 9.999301e-01 1.413189e+01
9.999386e-01 8.172789e-04 1.104800e-02 3.638803e+00 -7.874758e-04 9.999960e-01 -2.701916e-03 -1.510278e-01 -1.105014e-02 2.693035e-03 9.999354e-01 1.427299e+01
9.999252e-01 -1.087689e-04 -1.223335e-02 3.615101e+00 1.544897e-04 9.999930e-01 3.736316e-03 -1.490830e-01 1.223283e-02 -3.737911e-03 9.999181e-01 1.436828e+01
9.999302e-01 8.836016e-04 1.177968e-02 3.568834e+00 -8.529576e-04 9.999962e-01 -2.606422e-03 -1.458555e-01 -1.178191e-02 2.596177e-03 9.999273e-01 1.448272e+01
9.999353e-01 9.229625e-05 -1.137384e-02 3.479906e+00 -4.905099e-05 9.999928e-01 3.802179e-03 -1.401640e-01 1.137408e-02 -3.801360e-03 9.999280e-01 1.461614e+01
9.999351e-01 7.989515e-04 1.136818e-02 3.414239e+00 -7.680828e-04 9.999960e-01 -2.719702e-03 -1.358111e-01 -1.137028e-02 2.710778e-03 9.999318e-01 1.473479e+01
9.999428e-01 1.575466e-04 -1.069851e-02 3.343830e+00 -1.171798e-04 9.999929e-01 3.773420e-03 -1.314135e-01 1.069899e-02 -3.771935e-03 9.999356e-01 1.484941e+01
9.999384e-01 7.475330e-04 1.107793e-02 3.291271e+00 -7.179147e-04 9.999962e-01 -2.677617e-03 -1.272891e-01 -1.107986e-02 2.669483e-03 9.999351e-01 1.496768e+01
9.999512e-01 2.728702e-04 -9.876467e-03 3.221600e+00 -2.367412e-04 9.999933e-01 3.658833e-03 -1.231312e-01 9.877368e-03 -3.656300e-03 9.999444e-01 1.507591e+01
9.999389e-01 7.768719e-04 1.102339e-02 3.162255e+00 -7.494149e-04 9.999966e-01 -2.494951e-03 -1.182469e-01 -1.102526e-02 2.486522e-03 9.999362e-01 1.520453e+01
9.999408e-01 1.813015e-04 -1.087840e-02 3.175994e+00 -1.394551e-04 9.999926e-01 3.847148e-03 -1.138257e-01 1.087899e-02 -3.845387e-03 9.999333e-01 1.535948e+01
9.999359e-01 7.670337e-04 1.129512e-02 3.179180e+00 -7.385169e-04 9.999965e-01 -2.528893e-03 -1.093906e-01 -1.129699e-02 2.520373e-03 9.999331e-01 1.550953e+01
9.998734e-01 2.041572e-04 -1.590978e-02 3.188077e+00 -1.232130e-04 9.999870e-01 5.088357e-03 -1.085155e-01 1.591058e-02 -5.085736e-03 9.998604e-01 1.565698e+01
9.999127e-01 4.414380e-04 1.320590e-02 3.182284e+00 -3.912867e-04 9.999927e-01 -3.800214e-03 -1.066700e-01 -1.320745e-02 3.794698e-03 9.999057e-01 1.577862e+01
9.999068e-01 4.576764e-04 -1.364531e-02 3.175420e+00 -3.864047e-04 9.999863e-01 5.225155e-03 -1.022756e-01 1.364748e-02 -5.219379e-03 9.998931e-01 1.593340e+01
9.999244e-01 3.601050e-04 1.228766e-02 3.227065e+00 -3.204431e-04 9.999947e-01 -3.229840e-03 -9.807781e-02 -1.228873e-02 3.225642e-03 9.999194e-01 1.614216e+01
9.998897e-01 -1.047628e-04 -1.485450e-02 3.363608e+00 1.828945e-04 9.999862e-01 5.258358e-03 -9.696347e-02 1.485371e-02 -5.260478e-03 9.998757e-01 1.640084e+01
9.999010e-01 1.482530e-04 1.406692e-02 3.433748e+00 -8.512851e-05 9.999899e-01 -4.488154e-03 -9.517953e-02 -1.406741e-02 4.486495e-03 9.998911e-01 1.663797e+01
9.998671e-01 -1.429330e-04 -1.630232e-02 3.535599e+00 2.338524e-04 9.999844e-01 5.575148e-03 -9.448508e-02 1.630123e-02 -5.578202e-03 9.998515e-01 1.689805e+01
9.999624e-01 5.405483e-04 8.656959e-03 3.628670e+00 -5.150686e-04 9.999955e-01 -2.945585e-03 -9.763991e-02 -8.658479e-03 2.940998e-03 9.999583e-01 1.704956e+01
9.998870e-01 4.578946e-04 -1.502367e-02 3.719028e+00 -3.745185e-04 9.999845e-01 5.551800e-03 -1.002141e-01 1.502594e-02 -5.545529e-03 9.998716e-01 1.718366e+01
9.999113e-01 -2.720693e-04 1.331760e-02 3.720673e+00 3.410825e-04 9.999865e-01 -5.180360e-03 -1.004191e-01 -1.331597e-02 5.184425e-03 9.998980e-01 1.729330e+01
9.998702e-01 1.018933e-03 -1.607764e-02 3.816537e+00 -8.964176e-04 9.999705e-01 7.625405e-03 -9.742486e-02 1.608490e-02 -7.609985e-03 9.998416e-01 1.753422e+01
9.999271e-01 -4.356609e-04 1.206469e-02 3.895943e+00 5.019763e-04 9.999848e-01 -5.494458e-03 -9.723554e-02 -1.206208e-02 5.500095e-03 9.999122e-01 1.775951e+01
9.998297e-01 2.334836e-03 -1.830683e-02 4.003284e+00 -2.167375e-03 9.999557e-01 9.161758e-03 -9.854462e-02 1.832738e-02 -9.120502e-03 9.997903e-01 1.793747e+01
9.999298e-01 -6.117104e-04 1.183714e-02 4.155049e+00 6.782887e-04 9.999840e-01 -5.621644e-03 -1.007405e-01 -1.183347e-02 5.629259e-03 9.999142e-01 1.816998e+01
9.998482e-01 2.185443e-03 -1.728419e-02 4.273902e+00 -2.029483e-03 9.999571e-01 9.035467e-03 -1.027057e-01 1.730316e-02 -8.998999e-03 9.998097e-01 1.835501e+01
9.999315e-01 -5.715678e-04 1.169149e-02 4.387059e+00 6.367849e-04 9.999843e-01 -5.575542e-03 -1.050392e-01 -1.168808e-02 5.582586e-03 9.999162e-01 1.853096e+01
9.998316e-01 2.566044e-03 -1.817343e-02 4.496449e+00 -2.398876e-03 9.999547e-01 9.214103e-03 -1.071334e-01 1.819621e-02 -9.168936e-03 9.997923e-01 1.869927e+01
9.999352e-01 -4.533392e-04 1.137624e-02 4.571241e+00 5.161525e-04 9.999846e-01 -5.519488e-03 -1.095792e-01 -1.137353e-02 5.524982e-03 9.999202e-01 1.883269e+01
9.998240e-01 2.349686e-03 -1.861187e-02 4.633444e+00 -2.189466e-03 9.999604e-01 8.623984e-03 -1.122817e-01 1.863136e-02 -8.581697e-03 9.997895e-01 1.895715e+01
