9.999994e-01 8.069559e-04 7.070724e-04 -4.006863e-02 -8.075261e-04 9.999993e-01 8.065172e-04 2.316278e-03 -7.064212e-04 -8.070883e-04 9.999995e-01 8.689839e-02
9.999995e-01 2.135752e-04 1.002266e-03 -1.136567e-01 -2.137125e-04 1.000000e+00 1.369093e-04 6.511238e-03 -1.002237e-03 -1.371228e-04 9.999994e-01 1.918880e-01
9.999994e-01 8.075235e-04 6.712750e-04 -1.866866e-01 -8.080625e-04 9.999994e-01 8.031376e-04 1.066971e-02 -6.706265e-04 -8.036803e-04 9.999996e-01 2.962259e-01
9.999996e-01 1.749676e-04 8.561138e-04 -2.547068e-01 -1.750695e-04 1.000000e+00 1.190155e-04 1.456304e-02 -8.560923e-04 -1.191645e-04 9.999995e-01 3.983269e-01
9.999996e-01 7.780184e-04 4.998315e-04 -3.181742e-01 -7.784130e-04 9.999994e-01 7.896736e-04 1.821193e-02 -4.992175e-04 -7.900633e-04 9.999997e-01 4.981060e-01
9.999997e-01 1.340559e-04 7.210945e-04 -3.761746e-01 -1.341208e-04 1.000000e+00 8.998748e-05 2.154279e-02 -7.210816e-04 -9.008315e-05 9.999996e-01 5.942727e-01
9.999996e-01 7.724254e-04 4.417124e-04 -4.322121e-01 -7.727690e-04 9.999994e-01 7.782518e-04 2.475136e-02 -4.411120e-04 -7.785939e-04 9.999997e-01 6.890895e-01
9.999996e-01 1.526488e-04 8.388011e-04 -4.910818e-01 -1.527350e-04 1.000000e+00 1.027365e-04 2.810848e-02 -8.387843e-04 -1.028634e-04 9.999995e-01 7.854045e-01
9.999997e-01 7.606469e-04 3.254545e-04 -5.472961e-01 -7.608985e-04 9.999994e-01 7.737176e-04 3.132042e-02 -3.248670e-04 -7.739662e-04 9.999997e-01 8.801912e-01
9.999998e-01 9.447423e-05 6.107883e-04 -5.949085e-01 -9.451540e-05 1.000000e+00 6.738548e-05 3.405278e-02 -6.107806e-04 -6.744183e-05 9.999997e-01 9.705668e-01
9.999997e-01 7.402174e-04 2.090644e-04 -6.384893e-01 -7.403746e-04 9.999994e-01 7.531958e-04 3.656597e-02 -2.085082e-04 -7.533518e-04 9.999998e-01 1.058909e+00
9.999998e-01 8.468773e-05 5.476204e-04 -6.804101e-01 -8.472276e-05 1.000000e+00 6.395952e-05 3.898447e-02 -5.476135e-04 -6.400437e-05 9.999997e-01 1.146160e+00
9.999997e-01 7.298565e-04 1.994644e-04 -7.218569e-01 -7.300063e-04 9.999995e-01 7.519894e-04 4.137204e-02 -1.989170e-04 -7.521364e-04 9.999998e-01 1.233283e+00
9.999997e-01 1.252708e-04 6.978741e-04 -7.681936e-01 -1.253339e-04 1.000000e+00 9.027933e-05 4.402830e-02 -6.978612e-04 -9.036507e-05 9.999997e-01 1.323004e+00
9.999994e-01 8.272377e-04 7.211655e-04 -8.311047e-01 -8.278182e-04 9.999993e-01 8.049663e-04 4.761282e-02 -7.205009e-04 -8.055646e-04 9.999995e-01 1.422079e+00
9.999998e-01 1.359962e-04 6.609788e-04 -8.929419e-01 -1.360627e-04 1.000000e+00 1.005906e-04 5.115435e-02 -6.609632e-04 -1.006786e-04 9.999997e-01 1.520783e+00
9.999998e-01 6.742445e-04 -2.906995e-05 -9.298405e-01 -6.742238e-04 9.999995e-01 7.073209e-04 5.329697e-02 2.954487e-05 -7.073031e-04 9.999998e-01 1.606297e+00
9.999999e-01 8.966538e-05 5.195630e-04 -9.620368e-01 -8.970745e-05 1.000000e+00 8.093796e-05 5.516839e-02 -5.195537e-04 -8.098252e-05 9.999998e-01 1.688727e+00
9.999998e-01 6.174244e-04 -3.405395e-04 -9.848531e-01 -6.171983e-04 9.999996e-01 6.637058e-04 5.651003e-02 3.409471e-04 -6.634976e-04 9.999998e-01 1.765516e+00
9.999996e-01 1.540559e-04 9.216011e-04 -1.020111e+00 -1.541659e-04 1.000000e+00 1.193280e-04 5.854325e-02 -9.215806e-04 -1.194679e-04 9.999995e-01 1.849056e+00
9.999998e-01 6.678691e-04 -1.892345e-04 -1.060452e+00 -6.677386e-04 9.999995e-01 6.887130e-04 6.086892e-02 1.896922e-04 -6.885888e-04 9.999998e-01 1.935463e+00
9.999999e-01 3.116480e-05 3.606907e-04 -1.082975e+00 -3.118825e-05 1.000000e+00 6.497518e-05 6.219638e-02 -3.606865e-04 -6.498407e-05 9.999998e-01 2.012137e+00
9.999997e-01 6.406898e-04 -3.155963e-04 -1.101549e+00 -6.404782e-04 9.999996e-01 6.699869e-04 6.330653e-02 3.160232e-04 -6.697870e-04 9.999998e-01 2.086791e+00
9.999999e-01 1.313040e-05 3.334333e-04 -1.117117e+00 -1.314206e-05 1.000000e+00 3.492832e-05 6.422969e-02 -3.334307e-04 -3.493020e-05 9.999998e-01 2.159552e+00
9.999997e-01 6.426412e-04 -3.340421e-04 -1.132309e+00 -6.424140e-04 9.999996e-01 6.799162e-04 6.512224e-02 3.344767e-04 -6.797040e-04 9.999998e-01 2.231554e+00
1.000000e+00 -1.669891e-06 2.888227e-04 -1.145761e+00 1.663316e-06 1.000000e+00 2.272793e-05 6.592375e-02 -2.888206e-04 -2.272480e-05 9.999999e-01 2.303162e+00
9.999998e-01 6.801301e-04 -1.656423e-04 -1.163081e+00 -6.800175e-04 9.999995e-01 6.788306e-04 6.692344e-02 1.661017e-04 -6.787205e-04 9.999999e-01 2.376260e+00
9.999996e-01 1.132001e-04 8.504368e-04 -1.201381e+00 -1.132949e-04 1.000000e+00 1.115110e-04 6.910755e-02 -8.504219e-04 -1.116045e-04 9.999995e-01 2.461096e+00
9.999995e-01 8.513057e-04 5.881236e-04 -1.265936e+00 -8.517724e-04 9.999993e-01 7.937841e-04 7.279014e-02 -5.874499e-04 -7.942875e-04 9.999996e-01 2.560880e+00
9.999996e-01 1.248889e-04 8.986598e-04 -1.331527e+00 -1.249950e-04 1.000000e+00 1.179811e-04 7.652816e-02 -8.986425e-04 -1.180904e-04 9.999995e-01 2.661223e+00
9.999996e-01 8.046387e-04 3.667396e-04 -1.389770e+00 -8.049191e-04 9.999994e-01 7.652116e-04 7.985812e-02 -3.661263e-04 -7.655096e-04 9.999997e-01 2.757646e+00
9.999997e-01 9.234865e-05 7.402358e-04 -1.442881e+00 -9.241785e-05 1.000000e+00 9.342231e-05 8.290091e-02 -7.402244e-04 -9.348754e-05 9.999996e-01 2.851308e+00
9.999996e-01 8.058757e-04 3.582690e-04 -1.495543e+00 -8.061496e-04 9.999994e-01 7.651542e-04 8.591543e-02 -3.576551e-04 -7.654460e-04 9.999997e-01 2.944598e+00
9.999998e-01 6.376880e-05 6.014900e-04 -1.544116e+00 -6.381720e-05 1.000000e+00 8.039086e-05 8.870398e-02 -6.014819e-04 -8.042590e-05 9.999997e-01 3.035751e+00
9.999996e-01 8.151348e-04 4.024075e-04 -1.594115e+00 -8.154459e-04 9.999994e-01 7.735621e-04 9.157155e-02 -4.017798e-04 -7.738933e-04 9.999997e-01 3.127717e+00
9.999999e-01 4.211492e-05 5.195149e-04 -1.640312e+00 -4.214718e-05 1.000000e+00 6.200581e-05 9.422319e-02 -5.195091e-04 -6.202420e-05 9.999998e-01 3.217719e+00
9.999996e-01 8.058365e-04 3.285540e-04 -1.683416e+00 -8.060834e-04 9.999994e-01 7.520969e-04 9.669869e-02 -3.279509e-04 -7.523650e-04 9.999998e-01 3.306106e+00
9.999999e-01 2.954944e-05 4.482751e-04 -1.724371e+00 -2.957575e-05 1.000000e+00 5.859605e-05 9.904923e-02 -4.482700e-04 -5.860564e-05 9.999998e-01 3.393073e+00
9.999997e-01 6.506673e-04 -4.053032e-04 -1.741685e+00 -6.503891e-04 9.999996e-01 6.860423e-04 1.000973e-01 4.057461e-04 -6.857823e-04 9.999998e-01 3.467076e+00
1.000000e+00 -6.686985e-05 1.838246e-04 -1.750351e+00 6.686906e-05 1.000000e+00 4.068115e-06 1.006454e-01 -1.838216e-04 -4.052013e-06 9.999999e-01 3.536767e+00
9.999993e-01 9.327828e-04 7.391150e-04 -1.797388e+00 -9.334041e-04 9.999992e-01 8.407384e-04 1.033457e-01 -7.383336e-04 -8.414316e-04 9.999995e-01 3.627285e+00
9.999999e-01 -1.727532e-04 -3.206743e-04 -1.827332e+00 1.727345e-04 1.000000e+00 -5.811564e-05 1.050938e-01 3.206878e-04 5.806422e-05 9.999998e-01 3.708566e+00
9.999997e-01 7.738418e-04 2.136300e-05 -1.832954e+00 -7.738574e-04 9.999994e-01 7.423417e-04 1.054785e-01 -2.079195e-05 -7.423620e-04 9.999998e-01 3.776716e+00
9.999999e-01 -1.871895e-04 -3.928757e-04 -1.835925e+00 1.871615e-04 1.000000e+00 -7.111674e-05 1.057176e-01 3.928924e-04 7.104732e-05 9.999998e-01 3.843518e+00
9.999997e-01 7.292711e-04 -1.936634e-04 -1.832293e+00 -7.291318e-04 9.999995e-01 7.185775e-04 1.055805e-01 1.941840e-04 -7.184402e-04 9.999998e-01 3.906366e+00
9.999995e-01 -3.072071e-04 -9.703523e-04 -1.810715e+00 3.070767e-04 9.999999e-01 -1.344237e-04 1.044640e-01 9.703967e-04 1.341299e-04 9.999994e-01 3.959594e+00
9.999996e-01 7.965925e-04 2.938407e-04 -1.805006e+00 -7.968165e-04 9.999994e-01 7.633096e-04 1.042174e-01 -2.932356e-04 -7.635478e-04 9.999998e-01 4.021624e+00
1.000000e+00 -1.940011e-05 2.242201e-04 -1.838396e+00 1.939527e-05 1.000000e+00 2.135690e-05 1.061501e-01 -2.242174e-04 -2.134817e-05 9.999999e-01 4.104649e+00
9.999997e-01 7.438794e-04 1.245472e-05 -1.862530e+00 -7.438885e-04 9.999994e-01 7.460140e-04 1.075613e-01 -1.190297e-05 -7.460276e-04 9.999998e-01 4.182141e+00
9.999894e-01 -1.422918e-03 -4.386485e-03 -1.809840e+00 1.418688e-03 9.999985e-01 -9.673889e-04 1.040510e-01 4.387857e-03 9.611600e-04 9.999898e-01 4.234281e+00
9.999989e-01 -7.029424e-04 1.284690e-03 -1.722910e+00 7.032990e-04 9.999997e-01 -2.771609e-04 9.895411e-02 -1.284498e-03 2.780598e-04 9.999992e-01 4.326245e+00
9.999947e-01 -7.415142e-04 -3.158545e-03 -1.646521e+00 7.432568e-04 9.999996e-01 5.505592e-04 9.655599e-02 3.158137e-03 -5.528995e-04 9.999948e-01 4.442402e+00
9.999966e-01 -1.668919e-03 2.025046e-03 -1.539459e+00 1.670347e-03 9.999984e-01 -7.038254e-04 9.398431e-02 -2.023870e-03 7.072012e-04 9.999978e-01 4.584864e+00
9.999957e-01 7.121879e-04 -2.861875e-03 -1.403142e+00 -7.065188e-04 9.999978e-01 1.981455e-03 9.220571e-02 2.863282e-03 -1.979420e-03 9.999938e-01 4.768745e+00
9.999993e-01 -1.175121e-03 5.136337e-05 -1.222516e+00 1.175184e-03 9.999985e-01 -1.241305e-03 8.827880e-02 -4.990643e-05 1.241360e-03 9.999993e-01 5.010415e+00
9.999867e-01 1.337744e-03 -4.971461e-03 -1.120436e+00 -1.333824e-03 9.999988e-01 7.918707e-04 8.242035e-02 4.972515e-03 -7.852246e-04 9.999872e-01 5.144591e+00
9.999701e-01 -2.829045e-03 -7.199633e-03 -9.879566e-01 2.812929e-03 9.999935e-01 -2.247590e-03 7.606818e-02 7.205945e-03 2.227266e-03 9.999717e-01 5.284092e+00
9.999914e-01 3.510236e-03 2.196045e-03 -8.003621e-01 -3.514339e-03 9.999921e-01 1.867262e-03 6.907036e-02 -2.189473e-03 -1.874959e-03 9.999957e-01 5.557229e+00
9.999607e-01 -3.206069e-03 -8.266849e-03 -6.676271e-01 3.179599e-03 9.999898e-01 -3.213183e-03 6.122625e-02 8.277067e-03 3.186767e-03 9.999608e-01 5.732263e+00
9.999984e-01 6.359034e-04 1.658432e-03 -5.307077e-01 -6.385621e-04 9.999985e-01 1.603192e-03 5.486125e-02 -1.657412e-03 -1.604245e-03 9.999972e-01 5.891905e+00
9.999761e-01 -3.232713e-04 -6.905329e-03 -3.951373e-01 3.112151e-04 9.999984e-01 -1.746930e-03 4.829489e-02 6.905885e-03 1.744735e-03 9.999747e-01 6.070949e+00
9.999909e-01 -1.245044e-03 4.088811e-03 -3.255187e-01 1.239930e-03 9.999984e-01 1.252942e-03 4.381678e-02 -4.090367e-03 -1.247856e-03 9.999908e-01 6.150574e+00
9.999818e-01 8.670492e-04 -5.975580e-03 -2.782696e-01 -8.680267e-04 9.999996e-01 -1.609786e-04 4.108097e-02 5.975441e-03 1.661586e-04 9.999822e-01 6.224955e+00
9.999988e-01 -1.180154e-03 1.040297e-03 -2.148620e-01 1.180375e-03 9.999993e-01 -2.117129e-04 3.691587e-02 -1.040049e-03 2.129446e-04 9.999993e-01 6.274319e+00
9.999949e-01 1.513501e-03 -2.815047e-03 -1.802263e-01 -1.511177e-03 9.999985e-01 8.275825e-04 3.508810e-02 2.816299e-03 -8.233283e-04 9.999958e-01 6.322198e+00
9.999989e-01 -1.185155e-03 9.256710e-04 -1.427830e-01 1.185347e-03 9.999993e-01 -2.069164e-04 3.310450e-02 -9.254287e-04 2.080175e-04 9.999995e-01 6.368743e+00
9.999935e-01 1.437847e-03 -3.316609e-03 -9.439501e-02 -1.435013e-03 9.999986e-01 8.565642e-04 3.049854e-02 3.317840e-03 -8.518034e-04 9.999942e-01 6.410348e+00
9.999990e-01 -1.192901e-03 7.514560e-04 -4.361420e-02 1.193033e-03 9.999993e-01 -1.752280e-04 2.775000e-02 -7.512504e-04 1.761286e-04 9.999996e-01 6.451390e+00
9.999931e-01 1.431763e-03 -3.418837e-03 9.131836e-03 -1.428802e-03 9.999986e-01 8.684754e-04 2.489965e-02 3.420079e-03 -8.635889e-04 9.999939e-01 6.491675e+00
9.999991e-01 -1.199264e-03 6.423636e-04 6.402831e-02 1.199374e-03 9.999993e-01 -1.700256e-04 2.192646e-02 -6.421638e-04 1.708003e-04 9.999997e-01 6.531070e+00
9.999946e-01 1.459417e-03 -2.947798e-03 1.106002e-01 -1.457037e-03 9.999986e-01 8.096569e-04 1.940561e-02 2.948980e-03 -8.053619e-04 9.999954e-01 6.573056e+00
9.999992e-01 -1.241910e-03 3.822362e-04 1.622296e-01 1.241962e-03 9.999992e-01 -1.346588e-04 1.667728e-02 -3.820738e-04 1.351380e-04 9.999998e-01 6.616875e+00
9.999955e-01 1.537971e-03 -2.563012e-03 2.039955e-01 -1.535980e-03 9.999985e-01 7.786562e-04 1.449554e-02 2.564211e-03 -7.747206e-04 9.999965e-01 6.663397e+00
9.999992e-01 -1.261536e-03 1.920274e-04 2.503445e-01 1.261556e-03 9.999992e-01 -1.063446e-04 1.197290e-02 -1.918985e-04 1.065914e-04 9.999999e-01 6.706351e+00
9.999961e-01 1.593783e-03 -2.289406e-03 2.889718e-01 -1.591916e-03 9.999984e-01 8.168591e-04 9.891663e-03 2.290710e-03 -8.132161e-04 9.999971e-01 6.753019e+00
9.999991e-01 -1.362928e-03 -6.824595e-05 3.379849e-01 1.362915e-03 9.999991e-01 -1.908084e-04 7.239606e-03 6.850000e-05 1.907200e-04 9.999999e-01 6.793356e+00
9.999940e-01 1.580391e-03 -3.092596e-03 3.958522e-01 -1.577336e-03 9.999983e-01 9.901607e-04 4.043301e-03 3.094161e-03 -9.852815e-04 9.999948e-01 6.832053e+00
9.999990e-01 -1.406831e-03 -1.277441e-04 4.569085e-01 1.406813e-03 9.999990e-01 -1.424139e-04 7.610720e-04 1.279378e-04 1.422390e-04 9.999999e-01 6.869050e+00
9.999945e-01 1.591231e-03 -2.924560e-03 5.168284e-01 -1.588436e-03 9.999983e-01 9.578286e-04 -2.437911e-03 2.926086e-03 -9.531829e-04 9.999954e-01 6.906451e+00
9.999991e-01 -1.373771e-03 -9.760218e-05 5.755839e-01 1.373754e-03 9.999990e-01 -1.711622e-04 -5.604921e-03 9.783004e-05 1.710330e-04 9.999999e-01 6.944934e+00
9.999936e-01 1.596041e-03 -3.212692e-03 6.367002e-01 -1.592643e-03 9.999982e-01 1.060064e-03 -8.888858e-03 3.214385e-03 -1.054946e-03 9.999944e-01 6.983629e+00
9.999990e-01 -1.408817e-03 1.229229e-05 6.972003e-01 1.408820e-03 9.999990e-01 -2.217488e-04 -1.212701e-02 -1.198770e-05 2.217712e-04 9.999999e-01 7.021427e+00
9.999936e-01 1.623293e-03 -3.186499e-03 7.564833e-01 -1.619941e-03 9.999981e-01 1.054244e-03 -1.533120e-02 3.188212e-03 -1.049081e-03 9.999945e-01 7.059976e+00
9.999990e-01 -1.385255e-03 1.996782e-05 8.145685e-01 1.385260e-03 9.999990e-01 -2.529774e-04 -1.850890e-02 -1.962583e-05 2.530102e-04 9.999999e-01 7.099039e+00
9.999944e-01 1.608767e-03 -2.945185e-03 8.709127e-01 -1.605918e-03 9.999982e-01 9.693748e-04 -2.159941e-02 2.946748e-03 -9.646451e-04 9.999953e-01 7.137631e+00
9.999990e-01 -1.377761e-03 -4.055355e-05 9.279085e-01 1.377752e-03 9.999990e-01 -2.262060e-04 -2.472447e-02 4.085612e-05 2.261555e-04 9.999999e-01 7.176230e+00
9.999950e-01 1.605472e-03 -2.725569e-03 9.835707e-01 -1.602983e-03 9.999983e-01 9.152555e-04 -2.776119e-02 2.727043e-03 -9.108875e-04 9.999960e-01 7.214429e+00
9.999990e-01 -1.360863e-03 2.429782e-04 1.033795e+00 1.360926e-03 9.999990e-01 -2.581229e-04 -3.050182e-02 -2.426362e-04 2.584590e-04 9.999998e-01 7.254823e+00
9.999967e-01 1.648521e-03 -1.993016e-03 1.072062e+00 -1.646914e-03 9.999983e-01 8.075034e-04 -3.255965e-02 1.994353e-03 -8.042241e-04 9.999978e-01 7.299354e+00
9.999990e-01 -1.383010e-03 -1.414069e-04 1.116590e+00 1.382983e-03 9.999990e-01 -1.976352e-04 -3.496421e-02 1.416701e-04 1.974452e-04 9.999999e-01 7.341993e+00
9.999967e-01 1.641763e-03 -1.955051e-03 1.162101e+00 -1.640253e-03 9.999984e-01 7.740215e-04 -3.741769e-02 1.956328e-03 -7.708180e-04 9.999979e-01 7.383893e+00
9.999991e-01 -1.326368e-03 -3.064366e-04 1.203518e+00 1.326339e-03 9.999991e-01 -9.344754e-05 -3.968003e-02 3.065499e-04 9.304696e-05 9.999998e-01 7.429478e+00
9.999981e-01 1.762921e-03 -8.462708e-04 1.222507e+00 -1.762284e-03 9.999982e-01 7.529489e-04 -4.068060e-02 8.476072e-04 -7.514621e-04 9.999995e-01 7.484363e+00
9.999989e-01 -1.408717e-03 -5.349817e-04 1.251122e+00 1.408614e-03 9.999990e-01 -1.940333e-04 -4.219414e-02 5.352438e-04 1.932855e-04 9.999997e-01 7.533718e+00
9.999980e-01 1.733983e-03 -9.929186e-04 1.284273e+00 -1.733255e-03 9.999982e-01 7.335838e-04 -4.396122e-02 9.941997e-04 -7.318674e-04 9.999993e-01 7.580658e+00
9.999991e-01 -1.332898e-03 -1.548064e-04 1.305761e+00 1.332875e-03 9.999991e-01 -1.498312e-04 -4.510543e-02 1.549951e-04 1.496309e-04 9.999999e-01 7.633201e+00
9.999981e-01 1.767912e-03 -8.022843e-04 1.321627e+00 -1.767300e-03 9.999981e-01 7.627004e-04 -4.593403e-02 8.036423e-04 -7.612873e-04 9.999995e-01 7.688797e+00
9.999991e-01 -1.337767e-03 -2.198766e-04 1.339029e+00 1.337733e-03 9.999991e-01 -1.582233e-04 -4.684763e-02 2.200769e-04 1.579353e-04 9.999999e-01 7.743615e+00
9.999982e-01 1.821627e-03 -5.336764e-04 1.347580e+00 -1.821199e-03 9.999980e-01 8.018318e-04 -4.727470e-02 5.351472e-04 -8.008647e-04 9.999996e-01 7.803068e+00
9.999992e-01 -1.284697e-03 3.455881e-05 1.347365e+00 1.284702e-03 9.999992e-01 -1.230952e-04 -4.721288e-02 -3.441189e-05 1.231459e-04 9.999999e-01 7.867288e+00
9.999982e-01 1.844743e-03 -4.674288e-04 1.345071e+00 -1.844361e-03 9.999980e-01 8.175151e-04 -4.703456e-02 4.689473e-04 -8.166580e-04 9.999997e-01 7.932580e+00
9.999991e-01 -1.322888e-03 -1.156691e-04 1.348105e+00 1.322871e-03 9.999991e-01 -1.504510e-04 -4.715422e-02 1.158567e-04 1.503044e-04 9.999999e-01 7.995004e+00
9.999982e-01 1.894796e-03 -2.288191e-04 1.342720e+00 -1.894601e-03 9.999978e-01 8.521432e-04 -4.680295e-02 2.304446e-04 -8.517148e-04 9.999997e-01 8.062102e+00
9.999992e-01 -1.299904e-03 -3.084976e-05 1.335359e+00 1.299900e-03 9.999991e-01 -1.438855e-04 -4.633769e-02 3.102536e-05 1.438520e-04 9.999999e-01 8.130538e+00
9.999982e-01 1.882240e-03 -2.743880e-04 1.330157e+00 -1.882010e-03 9.999979e-01 8.386916e-04 -4.598506e-02 2.759775e-04 -8.381804e-04 9.999997e-01 8.198003e+00
9.999992e-01 -1.252352e-03 2.184417e-04 1.316067e+00 1.252376e-03 9.999992e-01 -1.066235e-04 -4.513632e-02 -2.183194e-04 1.069038e-04 9.999999e-01 8.270283e+00
9.999981e-01 1.942847e-03 -1.496591e-05 1.292764e+00 -1.942834e-03 9.999977e-01 8.785634e-04 -4.378443e-02 1.668424e-05 -8.785395e-04 9.999997e-01 8.347167e+00
9.999992e-01 -1.215554e-03 3.838654e-04 1.264012e+00 1.215587e-03 9.999993e-01 -8.441430e-05 -4.212248e-02 -3.837739e-04 8.488782e-05 9.999998e-01 8.427185e+00
9.999981e-01 1.962376e-03 4.276119e-05 1.233644e+00 -1.962413e-03 9.999977e-01 8.762512e-04 -4.037223e-02 -4.103018e-05 -8.763404e-04 9.999997e-01 8.508221e+00
9.999991e-01 -1.200806e-03 5.156660e-04 1.199155e+00 1.200839e-03 9.999993e-01 -6.316192e-05 -3.839318e-02 -5.156011e-04 6.378821e-05 9.999998e-01 8.591216e+00
9.999981e-01 1.921354e-03 -1.522179e-04 1.170161e+00 -1.921222e-03 9.999978e-01 8.623660e-04 -3.671212e-02 1.538858e-04 -8.620791e-04 9.999997e-01 8.671255e+00
9.999992e-01 -1.227120e-03 3.847042e-04 1.145215e+00 1.227157e-03 9.999992e-01 -9.378402e-05 -3.525602e-02 -3.846001e-04 9.426330e-05 9.999998e-01 8.748964e+00
9.999982e-01 1.842253e-03 -5.026170e-04 1.133392e+00 -1.841833e-03 9.999980e-01 8.351156e-04 -3.453039e-02 5.041658e-04 -8.341957e-04 9.999996e-01 8.819550e+00
9.999990e-01 -1.355398e-03 -2.798453e-04 1.141978e+00 1.355346e-03 9.999991e-01 -1.863406e-04 -3.495095e-02 2.800863e-04 1.859685e-04 9.999998e-01 8.879124e+00
9.999982e-01 1.865522e-03 -4.051585e-04 1.147248e+00 -1.865177e-03 9.999979e-01 8.513095e-04 -3.518482e-02 4.067572e-04 -8.505597e-04 9.999997e-01 8.940510e+00
9.999991e-01 -1.341211e-03 -1.847544e-04 1.150060e+00 1.341177e-03 9.999991e-01 -1.862611e-04 -3.529175e-02 1.849926e-04 1.860207e-04 9.999999e-01 9.003020e+00
9.999982e-01 1.889139e-03 -2.433540e-04 1.148561e+00 -1.888928e-03 9.999978e-01 8.684295e-04 -3.516225e-02 2.450056e-04 -8.679758e-04 9.999997e-01 9.067744e+00
9.999991e-01 -1.344064e-03 -2.388388e-04 1.148008e+00 1.344019e-03 9.999991e-01 -1.893614e-04 -3.507689e-02 2.390815e-04 1.890479e-04 9.999999e-01 9.132278e+00
9.999982e-01 1.917651e-03 -1.094506e-04 1.143278e+00 -1.917554e-03 9.999978e-01 8.865008e-04 -3.476210e-02 1.111619e-04 -8.862969e-04 9.999997e-01 9.199049e+00
9.999990e-01 -1.355420e-03 -3.058087e-04 1.140371e+00 1.355360e-03 9.999991e-01 -1.976087e-04 -3.454759e-02 3.060646e-04 1.972018e-04 9.999998e-01 9.264971e+00
9.999982e-01 1.893130e-03 -2.344008e-04 1.140908e+00 -1.892925e-03 9.999978e-01 8.727894e-04 -3.451732e-02 2.360643e-04 -8.723519e-04 9.999997e-01 9.329209e+00
9.999992e-01 -1.299937e-03 -7.611782e-05 1.133753e+00 1.299924e-03 9.999991e-01 -1.728319e-04 -3.406031e-02 7.633069e-05 1.727407e-04 9.999999e-01 9.397661e+00
9.999979e-01 2.019981e-03 3.240010e-04 1.108443e+00 -2.020284e-03 9.999975e-01 9.361874e-04 -3.258751e-02 -3.220974e-04 -9.368479e-04 9.999996e-01 9.476199e+00
9.999992e-01 -1.195164e-03 3.706159e-04 1.069009e+00 1.195207e-03 9.999993e-01 -1.160408e-04 -3.032023e-02 -3.704886e-04 1.164917e-04 9.999998e-01 9.562643e+00
9.999979e-01 2.024356e-03 3.421159e-04 1.028099e+00 -2.024680e-03 9.999975e-01 9.457434e-04 -2.796742e-02 -3.401889e-04 -9.464422e-04 9.999996e-01 9.650059e+00
9.999991e-01 -1.147129e-03 6.560207e-04 9.783228e-01 1.147179e-03 9.999993e-01 -7.447271e-05 -2.512183e-02 -6.559463e-04 7.523344e-05 9.999997e-01 9.742056e+00
9.999978e-01 2.056944e-03 5.065766e-04 9.231981e-01 -2.057433e-03 9.999974e-01 9.657705e-04 -2.198113e-02 -5.045774e-04 -9.668189e-04 9.999995e-01 9.836765e+00
9.999991e-01 -1.160835e-03 6.521104e-04 8.696346e-01 1.160888e-03 9.999993e-01 -7.972213e-05 -1.892453e-02 -6.520287e-04 8.048747e-05 9.999997e-01 9.930705e+00
9.999978e-01 2.056266e-03 4.306700e-04 8.180207e-01 -2.056676e-03 9.999974e-01 9.511619e-04 -1.596790e-02 -4.287019e-04 -9.520540e-04 9.999996e-01 1.002396e+01
9.999991e-01 -1.169205e-03 6.475125e-04 7.667345e-01 1.169256e-03 9.999993e-01 -7.768636e-05 -1.302453e-02 -6.474323e-04 7.845194e-05 9.999997e-01 1.011714e+01
9.999981e-01 1.973508e-03 2.426040e-05 7.290088e-01 -1.973530e-03 9.999977e-01 8.885257e-04 -1.084057e-02 -2.249582e-05 -8.885805e-04 9.999997e-01 1.020265e+01
9.999991e-01 -1.170744e-03 6.203845e-04 6.915790e-01 1.170796e-03 9.999993e-01 -8.260198e-05 -8.679661e-03 -6.202983e-04 8.333695e-05 9.999997e-01 1.028773e+01
9.999980e-01 2.008295e-03 2.244642e-04 6.474187e-01 -2.008500e-03 9.999976e-01 9.149661e-04 -6.148312e-03 -2.226152e-04 -9.154239e-04 9.999997e-01 1.037608e+01
9.999991e-01 -1.189164e-03 5.396273e-04 6.052781e-01 1.189215e-03 9.999993e-01 -9.280813e-05 -3.734684e-03 -5.395273e-04 9.345864e-05 9.999998e-01 1.046317e+01
9.999979e-01 2.038401e-03 3.809468e-04 5.588639e-01 -2.038756e-03 9.999975e-01 9.333634e-04 -1.084361e-03 -3.790325e-04 -9.341469e-04 9.999996e-01 1.055262e+01
9.999992e-01 -1.220368e-03 3.434233e-04 5.187083e-01 1.220409e-03 9.999992e-01 -1.182967e-04 1.220782e-03 -3.432893e-04 1.187247e-04 9.999998e-01 1.063908e+01
9.999978e-01 2.048486e-03 4.284562e-04 4.772599e-01 -2.048887e-03 9.999975e-01 9.355307e-04 3.603231e-03 -4.265281e-04 -9.364156e-04 9.999996e-01 1.072638e+01
9.999992e-01 -1.195966e-03 4.418949e-04 4.323275e-01 1.196010e-03 9.999993e-01 -9.915188e-05 6.192907e-03 -4.417865e-04 9.968948e-05 9.999998e-01 1.081609e+01
9.999976e-01 2.099788e-03 6.968313e-04 3.789703e-01 -2.100463e-03 9.999973e-01 9.689496e-04 9.250613e-03 -6.947845e-04 -9.704201e-04 9.999994e-01 1.091031e+01
9.999992e-01 -1.210294e-03 3.440420e-04 3.280247e-01 1.210332e-03 9.999993e-01 -1.085768e-04 1.217253e-02 -3.439206e-04 1.090024e-04 9.999998e-01 1.100315e+01
9.999976e-01 2.094011e-03 7.031836e-04 2.770187e-01 -2.094690e-03 9.999973e-01 9.657005e-04 1.509322e-02 -7.011494e-04 -9.671805e-04 9.999994e-01 1.109572e+01
9.999992e-01 -1.174440e-03 4.961366e-04 2.206142e-01 1.174483e-03 9.999993e-01 -8.562841e-05 1.831494e-02 -4.960457e-04 8.622054e-05 9.999998e-01 1.119124e+01
9.999982e-01 1.838414e-03 -5.171750e-04 2.056167e-01 -1.837987e-03 9.999980e-01 8.244035e-04 1.925049e-02 5.186997e-04 -8.234610e-04 9.999996e-01 1.126437e+01
9.999967e-01 -1.597696e-03 -2.003651e-03 2.561356e-01 1.597410e-03 9.999987e-01 -1.446312e-04 1.650931e-02 2.003869e-03 1.414397e-04 9.999979e-01 1.130529e+01
9.999983e-01 1.838262e-03 -3.377059e-04 3.045576e-01 -1.837996e-03 9.999980e-01 7.865502e-04 1.388537e-02 3.391617e-04 -7.859378e-04 9.999997e-01 1.134646e+01
9.999982e-01 -1.511259e-03 -1.132281e-03 3.361532e-01 1.510989e-03 9.999988e-01 -2.389398e-04 1.219439e-02 1.132630e-03 2.372383e-04 9.999992e-01 1.139424e+01
9.999982e-01 1.901036e-03 -5.183852e-05 3.592720e-01 -1.900993e-03 9.999979e-01 8.248793e-04 1.098161e-02 5.341736e-05 -8.247891e-04 9.999998e-01 1.144685e+01
9.999977e-01 -1.578519e-03 -1.419445e-03 3.923913e-01 1.578108e-03 9.999987e-01 -2.910434e-04 9.225549e-03 1.419891e-03 2.888126e-04 9.999989e-01 1.149473e+01
9.999982e-01 1.921448e-03 1.671722e-05 4.228296e-01 -1.921462e-03 9.999978e-01 8.488424e-04 7.625186e-03 -1.507506e-05 -8.488828e-04 9.999997e-01 1.154404e+01
9.999977e-01 -1.588279e-03 -1.443451e-03 4.544820e-01 1.587828e-03 9.999987e-01 -3.139413e-04 5.950882e-03 1.443937e-03 3.116586e-04 9.999988e-01 1.159229e+01
9.999981e-01 1.949120e-03 -1.619631e-04 4.856008e-01 -1.948971e-03 9.999977e-01 9.236292e-04 4.305834e-03 1.637744e-04 -9.233218e-04 9.999997e-01 1.164172e+01
9.999977e-01 -1.635651e-03 -1.422225e-03 5.204690e-01 1.635111e-03 9.999986e-01 -3.810739e-04 2.459402e-03 1.422835e-03 3.787576e-04 9.999988e-01 1.168817e+01
9.999981e-01 1.963614e-03 -8.494309e-05 5.526983e-01 -1.963535e-03 9.999976e-01 9.358809e-04 7.469190e-04 8.679233e-05 -9.357224e-04 9.999997e-01 1.173570e+01
9.999979e-01 -1.611271e-03 -1.304184e-03 5.820195e-01 1.610778e-03 9.999986e-01 -3.795175e-04 -8.023945e-04 1.304782e-03 3.774261e-04 9.999990e-01 1.178483e+01
9.999980e-01 1.984406e-03 7.163574e-05 6.063643e-01 -1.984475e-03 9.999976e-01 9.583527e-04 -2.067213e-03 -6.972182e-05 -9.585031e-04 9.999996e-01 1.183678e+01
9.999979e-01 -1.602307e-03 -1.310774e-03 6.311083e-01 1.601817e-03 9.999986e-01 -3.756024e-04 -3.347360e-03 1.311362e-03 3.735122e-04 9.999990e-01 1.188861e+01
9.999981e-01 1.922254e-03 -4.121247e-04 6.667989e-01 -1.921856e-03 9.999977e-01 9.670799e-04 -5.240708e-03 4.139950e-04 -9.662963e-04 9.999995e-01 1.193534e+01
9.999978e-01 -1.614759e-03 -1.300945e-03 7.031163e-01 1.614257e-03 9.999986e-01 -3.879530e-04 -7.175390e-03 1.301557e-03 3.858625e-04 9.999990e-01 1.198161e+01
9.999981e-01 1.971822e-03 -2.327309e-05 7.306583e-01 -1.971800e-03 9.999976e-01 9.505418e-04 -8.624317e-03 2.515992e-05 -9.505045e-04 9.999996e-01 1.203194e+01
9.999981e-01 -1.585733e-03 -1.170994e-03 7.534956e-01 1.585305e-03 9.999987e-01 -3.662610e-04 -9.817787e-03 1.171561e-03 3.644144e-04 9.999991e-01 1.208445e+01
9.999981e-01 1.973340e-03 -3.646459e-05 7.767707e-01 -1.973305e-03 9.999976e-01 9.560788e-04 -1.103629e-02 3.836401e-05 -9.560155e-04 9.999996e-01 1.213677e+01
9.999981e-01 -1.573307e-03 -1.164068e-03 7.992501e-01 1.572881e-03 9.999987e-01 -3.674510e-04 -1.222149e-02 1.164632e-03 3.656300e-04 9.999992e-01 1.218929e+01
9.999979e-01 2.027313e-03 2.275216e-04 8.142775e-01 -2.027535e-03 9.999975e-01 9.752160e-04 -1.300538e-02 -2.255310e-04 -9.756859e-04 9.999996e-01 1.224561e+01
9.999981e-01 -1.573419e-03 -1.150229e-03 8.288801e-01 1.573013e-03 9.999987e-01 -3.544322e-04 -1.375020e-02 1.150772e-03 3.526329e-04 9.999992e-01 1.230265e+01
9.999980e-01 2.002979e-03 8.992846e-05 8.471573e-01 -2.003065e-03 9.999975e-01 9.592084e-04 -1.468901e-02 -8.799372e-05 -9.593973e-04 9.999996e-01 1.235802e+01
9.999983e-01 -1.557041e-03 -1.035801e-03 8.624448e-01 1.556685e-03 9.999987e-01 -3.446388e-04 -1.546236e-02 1.036323e-03 3.430366e-04 9.999993e-01 1.241484e+01
9.999980e-01 1.989344e-03 2.357095e-05 8.802909e-01 -1.989366e-03 9.999976e-01 9.451325e-04 -1.636756e-02 -2.167725e-05 -9.451884e-04 9.999997e-01 1.247072e+01
9.999985e-01 -1.505775e-03 -8.541465e-04 8.914719e-01 1.505505e-03 9.999988e-01 -3.180567e-04 -1.690466e-02 8.546109e-04 3.167812e-04 9.999995e-01 1.253046e+01
9.999979e-01 2.033531e-03 2.090875e-04 8.958951e-01 -2.033737e-03 9.999974e-01 9.860928e-04 -1.707542e-02 -2.070681e-04 -9.865270e-04 9.999996e-01 1.259350e+01
9.999986e-01 -1.497909e-03 -8.065740e-04 8.996318e-01 1.497647e-03 9.999988e-01 -3.258816e-04 -1.720664e-02 8.070476e-04 3.246842e-04 9.999995e-01 1.265683e+01
9.999978e-01 2.052248e-03 3.167016e-04 8.998249e-01 -2.052567e-03 9.999974e-01 1.006990e-03 -1.712888e-02 -3.146204e-04 -1.007649e-03 9.999995e-01 1.272214e+01
9.999975e-01 -1.641584e-03 -1.513493e-03 9.220149e-01 1.640973e-03 9.999986e-01 -4.057308e-04 -1.825914e-02 1.514143e-03 4.032574e-04 9.999987e-01 1.277570e+01
9.999980e-01 1.934122e-03 -4.260632e-04 9.629736e-01 -1.933698e-03 9.999976e-01 9.959338e-04 -2.045096e-02 4.280025e-04 -9.951192e-04 9.999995e-01 1.281991e+01
9.999987e-01 -1.512333e-03 -5.885621e-04 9.807969e-01 1.512100e-03 9.999988e-01 -3.979376e-04 -2.136734e-02 5.891491e-04 3.970584e-04 9.999996e-01 1.287548e+01
9.999980e-01 1.977601e-03 -3.120163e-04 9.939739e-01 -1.977278e-03 9.999975e-01 1.034231e-03 -2.200850e-02 3.140751e-04 -1.033623e-03 9.999995e-01 1.293368e+01
9.999979e-01 -1.649599e-03 -1.245836e-03 1.026814e+00 1.649013e-03 9.999985e-01 -4.714807e-04 -2.373867e-02 1.246598e-03 4.694367e-04 9.999990e-01 1.298147e+01
9.999980e-01 1.969562e-03 -3.305075e-04 1.060709e+00 -1.969223e-03 9.999975e-01 1.025805e-03 -2.553642e-02 3.325416e-04 -1.025164e-03 9.999995e-01 1.302860e+01
9.999987e-01 -1.504687e-03 -5.450369e-04 1.073221e+00 1.504465e-03 9.999988e-01 -4.094675e-04 -2.616905e-02 5.456378e-04 4.086585e-04 9.999997e-01 1.308685e+01
9.999976e-01 2.144727e-03 4.747010e-04 1.060049e+00 -2.145270e-03 9.999970e-01 1.142824e-03 -2.537471e-02 -4.722339e-04 -1.143851e-03 9.999993e-01 1.315891e+01
9.999988e-01 -1.475384e-03 -3.807072e-04 1.042051e+00 1.475234e-03 9.999988e-01 -3.946250e-04 -2.430978e-02 3.812744e-04 3.940746e-04 9.999998e-01 1.323363e+01
9.999974e-01 2.181095e-03 6.606103e-04 1.018247e+00 -2.181865e-03 9.999969e-01 1.166707e-03 -2.291358e-02 -6.580490e-04 -1.168157e-03 9.999992e-01 1.331160e+01
9.999979e-01 -1.641097e-03 -1.234392e-03 1.020604e+00 1.640499e-03 9.999985e-01 -4.861309e-04 -2.295363e-02 1.235174e-03 4.841166e-04 9.999990e-01 1.337562e+01
9.999980e-01 1.971094e-03 -3.132687e-04 1.053389e+00 -1.970765e-03 9.999975e-01 1.049710e-03 -2.469222e-02 3.153518e-04 -1.049103e-03 9.999995e-01 1.342326e+01
9.999981e-01 -1.621787e-03 -1.064322e-03 1.082321e+00 1.621265e-03 9.999986e-01 -4.925475e-04 -2.622289e-02 1.065105e-03 4.908329e-04 9.999992e-01 1.347245e+01
9.999980e-01 1.956459e-03 -3.963621e-04 1.113335e+00 -1.956044e-03 9.999975e-01 1.047391e-03 -2.786148e-02 3.984254e-04 -1.046625e-03 9.999995e-01 1.352075e+01
9.999981e-01 -1.624100e-03 -1.114888e-03 1.145875e+00 1.623553e-03 9.999986e-01 -4.924519e-04 -2.957654e-02 1.115671e-03 4.906529e-04 9.999992e-01 1.356842e+01
9.999979e-01 1.918784e-03 -6.666422e-04 1.183921e+00 -1.918071e-03 9.999976e-01 1.070172e-03 -3.161145e-02 6.687094e-04 -1.068903e-03 9.999993e-01 1.361364e+01
9.999983e-01 -1.617982e-03 -8.701128e-04 1.218825e+00 1.617511e-03 9.999985e-01 -5.433382e-04 -3.347385e-02 8.709751e-04 5.419420e-04 9.999994e-01 1.365977e+01
9.999979e-01 1.945533e-03 -6.016444e-04 1.251068e+00 -1.944883e-03 9.999975e-01 1.080519e-03 -3.519108e-02 6.037609e-04 -1.079359e-03 9.999993e-01 1.370734e+01
9.999981e-01 -1.641337e-03 -1.010527e-03 1.287045e+00 1.640778e-03 9.999985e-01 -5.546197e-04 -3.710650e-02 1.011420e-03 5.529728e-04 9.999992e-01 1.375282e+01
9.999979e-01 1.943429e-03 -6.221946e-04 1.322915e+00 -1.942753e-03 9.999975e-01 1.087622e-03 -3.902007e-02 6.243229e-04 -1.086423e-03 9.999993e-01 1.379823e+01
9.999980e-01 -1.647654e-03 -1.167659e-03 1.361191e+00 1.647048e-03 9.999985e-01 -5.205104e-04 -4.106722e-02 1.168498e-03 5.185984e-04 9.999991e-01 1.384307e+01
9.999977e-01 1.914973e-03 -9.973968e-04 1.405812e+00 -1.913833e-03 9.999975e-01 1.142818e-03 -4.346650e-02 9.995992e-04 -1.140919e-03 9.999989e-01 1.388584e+01
9.999973e-01 -1.686970e-03 -1.588410e-03 1.458790e+00 1.686200e-03 9.999985e-01 -4.865437e-04 -4.633526e-02 1.589212e-03 4.838765e-04 9.999985e-01 1.392520e+01
9.999979e-01 2.029887e-03 2.258663e-04 1.487025e+00 -2.030121e-03 9.999974e-01 1.038783e-03 -4.782896e-02 -2.237403e-04 -1.039252e-03 9.999995e-01 1.397512e+01
9.999985e-01 -1.508402e-03 -8.188878e-04 1.490462e+00 1.508095e-03 9.999988e-01 -3.770290e-04 -4.795260e-02 8.194387e-04 3.758060e-04 9.999995e-01 1.403827e+01
9.999980e-01 2.006349e-03 1.391240e-04 1.497095e+00 -2.006491e-03 9.999975e-01 1.026981e-03 -4.826228e-02 -1.370462e-04 -1.027270e-03 9.999996e-01 1.409939e+01
9.999984e-01 -1.520452e-03 -8.951226e-04 1.505802e+00 1.520109e-03 9.999988e-01 -3.844745e-04 -4.868622e-02 8.956891e-04 3.831259e-04 9.999994e-01 1.415941e+01
9.999980e-01 1.977120e-03 1.702058e-06 1.518768e+00 -1.977122e-03 9.999975e-01 1.010217e-03 -4.935415e-02 3.123947e-07 -1.010231e-03 9.999996e-01 1.421699e+01
9.999982e-01 -1.551307e-03 -1.069346e-03 1.537259e+00 1.550866e-03 9.999987e-01 -4.141771e-04 -5.032405e-02 1.069970e-03 4.125307e-04 9.999992e-01 1.427182e+01
9.999981e-01 1.969075e-03 -3.882297e-06 1.556198e+00 -1.969071e-03 9.999976e-01 1.010654e-03 -5.130408e-02 5.889686e-06 -1.010657e-03 9.999996e-01 1.432674e+01
9.999983e-01 -1.535354e-03 -1.004621e-03 1.573210e+00 1.534938e-03 9.999987e-01 -4.153838e-04 -5.217845e-02 1.005240e-03 4.138540e-04 9.999993e-01 1.438276e+01
9.999981e-01 1.957389e-03 -2.935158e-05 1.591107e+00 -1.957359e-03 9.999976e-01 1.020639e-03 -5.310526e-02 3.136685e-05 -1.020592e-03 9.999996e-01 1.443793e+01
9.999976e-01 -1.640165e-03 -1.474773e-03 1.624322e+00 1.639446e-03 9.999985e-01 -4.898203e-04 -5.486117e-02 1.475557e-03 4.874143e-04 9.999987e-01 1.448512e+01
9.999981e-01 1.927991e-03 -2.578983e-04 1.661774e+00 -1.927718e-03 9.999976e-01 1.058029e-03 -5.684937e-02 2.599554e-04 -1.057543e-03 9.999995e-01 1.453098e+01
9.999968e-01 -1.645263e-03 -1.898827e-03 1.704598e+00 1.644514e-03 9.999986e-01 -3.964124e-04 -5.913620e-02 1.899458e-03 3.933016e-04 9.999980e-01 1.457592e+01
9.999981e-01 1.927112e-03 -3.767712e-04 1.748622e+00 -1.926702e-03 9.999976e-01 1.088416e-03 -6.149400e-02 3.788861e-04 -1.087701e-03 9.999994e-01 1.462070e+01
9.999968e-01 -1.656711e-03 -1.913940e-03 1.793829e+00 1.655930e-03 9.999985e-01 -4.105016e-04 -6.391558e-02 1.914599e-03 4.073442e-04 9.999980e-01 1.466477e+01
9.999978e-01 2.012770e-03 6.404166e-04 1.820398e+00 -2.013389e-03 9.999975e-01 9.663793e-04 -6.530553e-02 -6.384513e-04 -9.676798e-04 9.999994e-01 1.471595e+01
9.999970e-01 -1.635496e-03 -1.841229e-03 1.844426e+00 1.634790e-03 9.999986e-01 -3.856179e-04 -6.654584e-02 1.841838e-03 3.826200e-04 9.999981e-01 1.476830e+01
9.999981e-01 1.909501e-03 -3.213428e-04 1.888358e+00 -1.909171e-03 9.999976e-01 1.028352e-03 -6.890144e-02 3.233246e-04 -1.027750e-03 9.999995e-01 1.481227e+01
9.999969e-01 -1.620253e-03 -1.881157e-03 1.931486e+00 1.619604e-03 9.999986e-01 -3.475504e-04 -7.121477e-02 1.881698e-03 3.445161e-04 9.999981e-01 1.485734e+01
9.999980e-01 1.890276e-03 -6.530415e-04 1.980076e+00 -1.889572e-03 9.999976e-01 1.080083e-03 -7.383360e-02 6.551011e-04 -1.078860e-03 9.999993e-01 1.490064e+01
9.999978e-01 -1.582095e-03 -1.399333e-03 2.017993e+00 1.581539e-03 9.999987e-01 -3.994832e-04 -7.586387e-02 1.399944e-03 3.972828e-04 9.999988e-01 1.494794e+01
9.999981e-01 1.928987e-03 1.308436e-04 2.044308e+00 -1.929116e-03 9.999977e-01 9.773159e-04 -7.722976e-02 -1.289383e-04 -9.775801e-04 9.999996e-01 1.499881e+01
9.999978e-01 -1.559738e-03 -1.406516e-03 2.070214e+00 1.559160e-03 9.999987e-01 -4.133578e-04 -7.859873e-02 1.407139e-03 4.111776e-04 9.999988e-01 1.505004e+01
9.999978e-01 2.023028e-03 5.156675e-04 2.083959e+00 -2.023562e-03 9.999974e-01 1.034374e-03 -7.928088e-02 -5.135536e-04 -1.035429e-03 9.999994e-01 1.510808e+01
9.999974e-01 -1.612087e-03 -1.586876e-03 2.103985e+00 1.611394e-03 9.999986e-01 -4.386319e-04 -8.029921e-02 1.587561e-03 4.360875e-04 9.999985e-01 1.516306e+01
9.999980e-01 1.978239e-03 2.933607e-04 2.130570e+00 -1.978534e-03 9.999975e-01 1.003324e-03 -8.169198e-02 -2.913549e-04 -1.003916e-03 9.999996e-01 1.521422e+01
9.999974e-01 -1.615330e-03 -1.622551e-03 2.158124e+00 1.614615e-03 9.999986e-01 -4.426609e-04 -8.314238e-02 1.623244e-03 4.400538e-04 9.999985e-01 1.526474e+01
9.999978e-01 1.881834e-03 -8.756408e-04 2.206819e+00 -1.880823e-03 9.999976e-01 1.154803e-03 -8.577470e-02 8.778325e-04 -1.153167e-03 9.999990e-01 1.530742e+01
9.999955e-01 -1.636142e-03 -2.502848e-03 2.267241e+00 1.635491e-03 9.999986e-01 -2.625832e-04 -8.907557e-02 2.503253e-03 2.585027e-04 9.999967e-01 1.534747e+01
9.999981e-01 1.868412e-03 -6.166288e-04 2.325882e+00 -1.867753e-03 9.999977e-01 1.069624e-03 -9.227358e-02 6.186471e-04 -1.068484e-03 9.999993e-01 1.538714e+01
9.999978e-01 -1.576370e-03 -1.413339e-03 2.367989e+00 1.575733e-03 9.999987e-01 -4.530826e-04 -9.452522e-02 1.414030e-03 4.508687e-04 9.999988e-01 1.543210e+01
9.999981e-01 1.871359e-03 -4.749539e-04 2.407851e+00 -1.870861e-03 9.999977e-01 1.050553e-03 -9.664723e-02 4.769404e-04 -1.049676e-03 9.999994e-01 1.547771e+01
9.999974e-01 -1.605250e-03 -1.622149e-03 2.453027e+00 1.604502e-03 9.999986e-01 -4.630554e-04 -9.907950e-02 1.622868e-03 4.604657e-04 9.999985e-01 1.552035e+01
9.999981e-01 1.887679e-03 -3.960131e-04 2.494925e+00 -1.887255e-03 9.999976e-01 1.072463e-03 -1.013535e-01 3.980586e-04 -1.071728e-03 9.999994e-01 1.556411e+01
9.999968e-01 -1.616544e-03 -1.967815e-03 2.541844e+00 1.615719e-03 9.999986e-01 -4.217253e-04 -1.039100e-01 1.968472e-03 4.185589e-04 9.999979e-01 1.560633e+01
9.999979e-01 1.885829e-03 -8.482826e-04 2.594364e+00 -1.884824e-03 9.999975e-01 1.186140e-03 -1.067781e-01 8.505399e-04 -1.184553e-03 9.999990e-01 1.564758e+01
9.999973e-01 -1.627921e-03 -1.686789e-03 2.644796e+00 1.627089e-03 9.999986e-01 -4.954468e-04 -1.095132e-01 1.687571e-03 4.927154e-04 9.999984e-01 1.568898e+01
9.999977e-01 1.876115e-03 -1.062006e-03 2.698824e+00 -1.874823e-03 9.999975e-01 1.217871e-03 -1.124506e-01 1.064311e-03 -1.215891e-03 9.999988e-01 1.572916e+01
9.999972e-01 -1.616887e-03 -1.701111e-03 2.752351e+00 1.616061e-03 9.999986e-01 -4.879565e-04 -1.153610e-01 1.701874e-03 4.852208e-04 9.999983e-01 1.576980e+01
9.999976e-01 1.865230e-03 -1.121587e-03 2.806830e+00 -1.863844e-03 9.999975e-01 1.237821e-03 -1.183333e-01 1.123917e-03 -1.235742e-03 9.999987e-01 1.580995e+01
9.999989e-01 -1.450421e-03 1.074321e-04 2.824025e+00 1.450493e-03 9.999987e-01 -6.599930e-04 -1.192156e-01 -1.064984e-04 6.601629e-04 9.999997e-01 1.586604e+01
9.999975e-01 2.211048e-03 2.881918e-04 2.794119e+00 -2.211461e-03 9.999965e-01 1.437603e-03 -1.174689e-01 -2.849886e-04 -1.438251e-03 9.999990e-01 1.594741e+01
9.999989e-01 -1.455734e-03 1.132441e-04 2.764350e+00 1.455810e-03 9.999987e-01 -6.608572e-04 -1.157277e-01 -1.123055e-04 6.610363e-04 9.999997e-01 1.602876e+01
9.999976e-01 2.184096e-03 1.823870e-04 2.738301e+00 -2.184356e-03 9.999966e-01 1.431706e-03 -1.141986e-01 -1.792358e-04 -1.432116e-03 9.999991e-01 1.610792e+01
9.999989e-01 -1.484111e-03 1.041767e-05 2.715715e+00 1.484120e-03 9.999987e-01 -6.777081e-04 -1.128734e-01 -9.435427e-06 6.777379e-04 9.999997e-01 1.618485e+01
9.999977e-01 2.006565e-03 -7.132086e-04 2.721786e+00 -2.005615e-03 9.999971e-01 1.332882e-03 -1.131370e-01 7.159048e-04 -1.331464e-03 9.999990e-01 1.624607e+01
9.999986e-01 -1.604169e-03 -4.028333e-04 2.742080e+00 1.603865e-03 9.999984e-01 -7.568456e-04 -1.142041e-01 4.040230e-04 7.562136e-04 9.999995e-01 1.629994e+01
9.999975e-01 2.212363e-03 9.718899e-05 2.735203e+00 -2.212503e-03 9.999965e-01 1.445044e-03 -1.137447e-01 -9.396787e-05 -1.445271e-03 9.999990e-01 1.636884e+01
9.999986e-01 -1.611147e-03 -4.410026e-04 2.729951e+00 1.610810e-03 9.999984e-01 -7.670189e-04 -1.133806e-01 4.422138e-04 7.663228e-04 9.999995e-01 1.643681e+01
9.999976e-01 2.203785e-03 9.068560e-05 2.725004e+00 -2.203916e-03 9.999965e-01 1.446776e-03 -1.130368e-01 -8.747301e-05 -1.446988e-03 9.999990e-01 1.650423e+01
9.999985e-01 -1.628321e-03 -5.077064e-04 2.722278e+00 1.627928e-03 9.999984e-01 -7.758310e-04 -1.128188e-01 5.089450e-04 7.750188e-04 9.999995e-01 1.657031e+01
9.999976e-01 2.193213e-03 4.440497e-05 2.721106e+00 -2.193277e-03 9.999966e-01 1.443834e-03 -1.126847e-01 -4.121420e-05 -1.443944e-03 9.999991e-01 1.663562e+01
9.999983e-01 -1.685225e-03 -7.670670e-04 2.727935e+00 1.684606e-03 9.999983e-01 -8.094512e-04 -1.129956e-01 7.684057e-04 8.081732e-04 9.999993e-01 1.669670e+01
9.999975e-01 2.219978e-03 1.581128e-04 2.731516e+00 -2.220209e-03 9.999965e-01 1.458746e-03 -1.131318e-01 -1.548497e-04 -1.459108e-03 9.999990e-01 1.675957e+01
9.999985e-01 -1.640830e-03 -5.460056e-04 2.728697e+00 1.640407e-03 9.999984e-01 -7.780515e-04 -1.129073e-01 5.472572e-04 7.771703e-04 9.999995e-01 1.682607e+01
9.999976e-01 2.195418e-03 4.911254e-05 2.728830e+00 -2.195489e-03 9.999965e-01 1.453630e-03 -1.128415e-01 -4.589683e-05 -1.453750e-03 9.999990e-01 1.689095e+01
9.999984e-01 -1.660008e-03 -6.675914e-04 2.731897e+00 1.659483e-03 9.999983e-01 -7.887602e-04 -1.129434e-01 6.688754e-04 7.876668e-04 9.999994e-01 1.695420e+01
