9.999991e-01 -9.519238e-04 -9.726205e-04 9.180813e-02 9.518603e-04 9.999995e-01 -6.581038e-05 -4.727581e-03 9.726828e-04 6.488405e-05 9.999996e-01 4.138004e-02
1.000000e+00 -3.278746e-05 -1.733984e-04 1.441485e-01 3.279260e-05 1.000000e+00 2.949407e-05 -8.177512e-03 1.733973e-04 -2.949928e-05 9.999999e-01 9.639564e-02
9.999992e-01 -7.823997e-04 -9.648165e-04 2.045748e-01 7.822786e-04 9.999997e-01 -1.258741e-04 -1.191538e-02 9.649149e-04 1.251188e-04 9.999996e-01 1.397134e-01
1.000000e+00 -3.076628e-06 -7.011800e-05 2.936408e-01 3.079328e-06 1.000000e+00 3.824094e-05 -1.657522e-02 7.011750e-05 -3.824070e-05 9.999999e-01 1.724801e-01
9.999991e-01 -8.830973e-04 -1.032414e-03 3.708843e-01 8.830105e-04 9.999996e-01 -8.450012e-05 -2.068942e-02 1.032489e-03 8.358796e-05 9.999996e-01 2.144222e-01
1.000000e+00 2.301638e-05 -1.142414e-04 4.429844e-01 -2.301117e-05 1.000000e+00 4.547298e-05 -2.455435e-02 1.142419e-04 -4.546991e-05 9.999999e-01 2.565936e-01
9.999991e-01 -8.748353e-04 -9.860808e-04 5.219153e-01 8.747300e-04 9.999996e-01 -1.071478e-04 -2.877599e-02 9.861749e-04 1.062848e-04 9.999996e-01 2.961512e-01
1.000000e+00 3.022577e-05 -2.516272e-04 5.693615e-01 -3.019826e-05 1.000000e+00 1.092758e-04 -3.186421e-02 2.516297e-04 -1.092678e-04 9.999999e-01 3.445353e-01
9.999993e-01 -9.088389e-04 -7.645323e-04 6.466522e-01 9.086906e-04 9.999996e-01 -1.942916e-04 -3.618786e-02 7.647095e-04 1.935964e-04 9.999998e-01 3.851055e-01
1.000000e+00 7.310729e-05 -1.781853e-04 7.432362e-01 -7.309956e-05 1.000000e+00 4.327627e-05 -4.127975e-02 1.781874e-04 -4.326283e-05 9.999999e-01 4.176882e-01
9.999993e-01 -8.496044e-04 -8.174608e-04 8.349519e-01 8.494552e-04 9.999996e-01 -1.827488e-04 -4.619512e-02 8.176169e-04 1.820539e-04 9.999997e-01 4.487945e-01
1.000000e+00 4.857401e-05 -2.145546e-04 9.107205e-01 -4.854871e-05 1.000000e+00 1.178148e-04 -5.053012e-02 2.145591e-04 -1.178040e-04 9.999999e-01 4.850777e-01
9.999992e-01 -8.476728e-04 -9.260374e-04 9.630586e-01 8.475565e-04 9.999996e-01 -1.259918e-04 -5.406358e-02 9.261452e-04 1.252064e-04 9.999997e-01 5.270762e-01
1.000000e+00 3.376266e-05 -1.244477e-04 1.038145e+00 -3.375867e-05 1.000000e+00 3.189477e-05 -5.828489e-02 1.244473e-04 -3.189019e-05 9.999999e-01 5.650374e-01
9.999992e-01 -8.548986e-04 -9.279087e-04 1.104133e+00 8.548369e-04 9.999996e-01 -6.687097e-05 -6.222924e-02 9.279671e-04 6.607733e-05 9.999997e-01 6.032344e-01
1.000000e+00 5.661109e-05 -2.817474e-04 1.142250e+00 -5.661866e-05 1.000000e+00 -2.694096e-05 -6.522923e-02 2.817442e-04 2.695729e-05 9.999999e-01 6.511808e-01
9.999994e-01 -9.139711e-04 -6.257006e-04 1.245178e+00 9.138867e-04 9.999996e-01 -1.351322e-04 -7.058780e-02 6.258256e-04 1.345599e-04 9.999999e-01 6.839369e-01
1.000000e+00 -1.920114e-04 -1.403865e-04 1.378323e+00 1.919890e-04 1.000000e+00 -1.600019e-04 -7.706694e-02 1.404154e-04 1.599752e-04 9.999999e-01 7.250500e-01
9.999993e-01 -9.627846e-04 -6.397932e-04 1.513777e+00 9.627085e-04 9.999995e-01 -1.192223e-04 -8.352569e-02 6.399096e-04 1.186060e-04 9.999999e-01 7.687634e-01
1.000000e+00 -2.464001e-04 2.575830e-05 1.665834e+00 2.464058e-04 9.999999e-01 -2.185146e-04 -9.091502e-02 -2.570644e-05 2.185212e-04 9.999999e-01 8.099244e-01
9.999993e-01 -9.944326e-04 -6.378544e-04 1.820268e+00 9.943750e-04 9.999995e-01 -9.059883e-05 -9.828981e-02 6.379462e-04 8.996426e-05 9.999999e-01 8.522744e-01
1.000000e+00 -2.356965e-04 -2.999834e-05 1.971882e+00 2.356889e-04 9.999999e-01 -2.540242e-04 -1.054289e-01 3.005610e-05 2.540174e-04 9.999999e-01 8.972748e-01
9.999993e-01 -9.895251e-04 -6.402225e-04 2.123924e+00 9.894369e-04 9.999995e-01 -1.380327e-04 -1.126238e-01 6.403610e-04 1.373989e-04 9.999999e-01 9.417281e-01
9.999999e-01 -3.275818e-04 8.414827e-06 2.277709e+00 3.275843e-04 9.999999e-01 -2.937039e-04 -1.198071e-01 -8.320861e-06 2.937067e-04 9.999999e-01 9.897684e-01
9.999992e-01 -9.968268e-04 -7.290450e-04 2.415097e+00 9.967434e-04 9.999995e-01 -1.147984e-04 -1.259632e-01 7.291613e-04 1.140715e-04 9.999998e-01 1.045570e+00
9.999999e-01 -4.044764e-04 -7.548859e-05 2.537000e+00 4.044546e-04 9.999999e-01 -2.896098e-04 -1.313970e-01 7.560332e-05 2.895793e-04 9.999999e-01 1.108432e+00
9.999992e-01 -8.720462e-04 -8.625380e-04 2.642459e+00 8.720279e-04 9.999996e-01 -2.156108e-05 -1.362337e-01 8.625590e-04 2.080889e-05 9.999997e-01 1.165871e+00
1.000000e+00 -3.039961e-04 5.005112e-05 2.767029e+00 3.040121e-04 9.999999e-01 -3.182236e-04 -1.421080e-01 -4.995695e-05 3.182388e-04 9.999998e-01 1.213285e+00
9.999993e-01 -7.891213e-04 -8.382681e-04 2.885976e+00 7.892258e-04 9.999997e-01 1.243964e-04 -1.479545e-01 8.381723e-04 -1.250578e-04 9.999997e-01 1.254099e+00
1.000000e+00 -3.031818e-04 -4.822686e-05 2.990578e+00 3.031634e-04 9.999999e-01 -3.818952e-04 -1.530217e-01 4.833989e-05 3.818805e-04 9.999998e-01 1.299902e+00
9.999993e-01 -8.516361e-04 -8.799894e-04 3.080387e+00 8.517355e-04 9.999996e-01 1.126828e-04 -1.575270e-01 8.798959e-04 -1.134322e-04 9.999997e-01 1.351664e+00
9.999999e-01 -3.432434e-04 3.369101e-05 3.179741e+00 3.432578e-04 9.999999e-01 -4.265213e-04 -1.625086e-01 -3.354753e-05 4.265327e-04 9.999998e-01 1.404013e+00
9.999994e-01 -7.659637e-04 -8.322944e-04 3.311840e+00 7.661017e-04 9.999997e-01 1.655463e-04 -1.688617e-01 8.321704e-04 -1.661837e-04 9.999997e-01 1.445793e+00
1.000000e+00 -2.269354e-04 1.257014e-04 3.454406e+00 2.269990e-04 9.999998e-01 -5.060612e-04 -1.760185e-01 -1.255896e-04 5.060896e-04 9.999998e-01 1.477903e+00
9.999992e-01 -7.809393e-04 -9.730958e-04 3.582676e+00 7.811729e-04 9.999997e-01 2.397094e-04 -1.822708e-01 9.729114e-04 -2.404692e-04 9.999996e-01 1.516145e+00
1.000000e+00 -1.447371e-04 -2.322250e-04 3.647164e+00 1.446451e-04 9.999999e-01 -3.961737e-04 -1.857951e-01 2.322790e-04 3.961399e-04 9.999998e-01 1.566271e+00
9.999992e-01 -7.082690e-04 -1.000744e-03 3.698243e+00 7.084664e-04 9.999997e-01 1.969820e-04 -1.889814e-01 1.000607e-03 -1.976906e-04 9.999996e-01 1.616643e+00
9.999999e-01 -1.070468e-04 -3.449163e-04 3.737279e+00 1.069120e-04 9.999999e-01 -3.907198e-04 -1.916734e-01 3.449545e-04 3.906827e-04 9.999998e-01 1.669232e+00
9.999995e-01 -8.049026e-04 -5.562585e-04 3.813731e+00 8.050491e-04 9.999996e-01 2.631097e-04 -1.959324e-01 5.560502e-04 -2.635571e-04 9.999999e-01 1.707964e+00
9.999998e-01 -8.706308e-05 -5.620550e-04 3.865690e+00 8.693504e-05 1.000000e+00 -2.278572e-04 -1.993200e-01 5.620711e-04 2.278080e-04 9.999997e-01 1.752533e+00
9.999994e-01 -7.233640e-04 -8.002554e-04 3.893112e+00 7.233657e-04 9.999997e-01 1.923269e-06 -2.017990e-01 8.002577e-04 -2.501879e-06 9.999998e-01 1.808796e+00
9.999999e-01 -1.083156e-05 -3.355101e-04 3.961933e+00 1.079165e-05 1.000000e+00 -1.189941e-04 -2.056872e-01 3.355074e-04 1.189902e-04 9.999998e-01 1.845213e+00
9.999995e-01 -8.944502e-04 -5.063960e-04 4.074294e+00 8.943044e-04 9.999996e-01 -2.880701e-04 -2.116893e-01 5.066575e-04 2.876174e-04 9.999999e-01 1.878441e+00
1.000000e+00 -1.770916e-04 -1.727654e-04 4.203904e+00 1.771043e-04 1.000000e+00 7.359539e-05 -2.181719e-01 1.727483e-04 -7.362632e-05 9.999999e-01 1.914019e+00
9.999994e-01 -6.880827e-04 -8.369368e-04 4.293306e+00 6.879355e-04 9.999997e-01 -1.761505e-04 -2.227466e-01 8.370620e-04 1.755750e-04 9.999997e-01 1.950840e+00
9.999998e-01 -1.275628e-04 -5.381238e-04 4.315434e+00 1.275522e-04 1.000000e+00 -1.972570e-05 -2.250965e-01 5.381219e-04 1.965670e-05 9.999998e-01 2.007932e+00
9.999995e-01 -6.898980e-04 -6.569239e-04 4.369748e+00 6.897775e-04 9.999997e-01 -1.836719e-04 -2.285609e-01 6.570549e-04 1.832190e-04 9.999999e-01 2.055534e+00
9.999999e-01 -1.052642e-04 -4.328758e-04 4.446962e+00 1.052815e-04 1.000000e+00 4.004411e-05 -2.327181e-01 4.328669e-04 -4.009007e-05 9.999998e-01 2.093230e+00
9.999996e-01 -7.687899e-04 -5.252426e-04 4.549970e+00 7.686155e-04 9.999996e-01 -3.320977e-04 -2.379301e-01 5.255025e-04 3.316942e-04 9.999999e-01 2.129610e+00
9.999999e-01 -5.582678e-05 -4.570247e-04 4.652585e+00 5.587898e-05 1.000000e+00 1.141797e-04 -2.431519e-01 4.570135e-04 -1.142057e-04 9.999998e-01 2.163479e+00
9.999996e-01 -7.561910e-04 -3.991232e-04 4.789204e+00 7.559682e-04 9.999996e-01 -5.579126e-04 -2.503956e-01 3.995498e-04 5.576112e-04 9.999999e-01 2.187329e+00
9.999999e-01 -1.654294e-04 -3.344849e-04 4.943132e+00 1.654511e-04 1.000000e+00 6.499306e-05 -2.584719e-01 3.344692e-04 -6.504892e-05 9.999998e-01 2.211709e+00
9.999996e-01 -8.199306e-04 -4.761122e-04 5.043701e+00 8.198664e-04 9.999997e-01 -1.349029e-04 -2.636801e-01 4.762277e-04 1.345130e-04 1.000000e+00 2.247270e+00
9.999999e-01 -6.579491e-05 -4.353786e-04 5.130823e+00 6.582721e-05 1.000000e+00 7.415487e-05 -2.683688e-01 4.353686e-04 -7.418406e-05 9.999998e-01 2.283053e+00
9.999996e-01 -8.108946e-04 -3.832570e-04 5.257307e+00 8.107363e-04 9.999996e-01 -4.129397e-04 -2.749888e-01 3.835969e-04 4.126294e-04 9.999999e-01 2.313061e+00
9.999999e-01 -2.213199e-04 -3.994088e-04 5.379186e+00 2.214013e-04 1.000000e+00 2.038790e-04 -2.809977e-01 3.993583e-04 -2.039680e-04 9.999998e-01 2.350901e+00
9.999996e-01 -6.675433e-04 -5.224917e-04 5.481482e+00 6.673572e-04 9.999997e-01 -3.560992e-04 -2.862030e-01 5.227347e-04 3.557510e-04 9.999999e-01 2.386199e+00
9.999999e-01 -1.306515e-04 -5.263225e-04 5.575978e+00 1.307584e-04 1.000000e+00 2.030786e-04 -2.910324e-01 5.262904e-04 -2.031480e-04 9.999997e-01 2.421111e+00
9.999996e-01 -6.679388e-04 -5.785659e-04 5.652172e+00 6.677385e-04 9.999997e-01 -3.462065e-04 -2.951728e-01 5.788026e-04 3.458207e-04 9.999999e-01 2.460228e+00
9.999998e-01 -1.650330e-04 -6.001932e-04 5.718980e+00 1.651225e-04 1.000000e+00 1.490710e-04 -2.988942e-01 6.001628e-04 -1.491707e-04 9.999997e-01 2.505203e+00
9.999997e-01 -6.781960e-04 -3.979510e-04 5.821141e+00 6.780510e-04 9.999997e-01 -3.644849e-04 -3.040254e-01 3.982039e-04 3.642156e-04 1.000000e+00 2.541182e+00
9.999999e-01 -1.407525e-04 -5.145917e-04 5.941997e+00 1.407782e-04 1.000000e+00 4.982124e-05 -3.102496e-01 5.145788e-04 -4.989437e-05 9.999998e-01 2.571988e+00
9.999997e-01 -7.126323e-04 -4.378984e-04 6.063458e+00 7.124719e-04 9.999997e-01 -3.662978e-04 -3.163628e-01 4.381653e-04 3.659864e-04 9.999999e-01 2.605923e+00
9.999999e-01 -3.713649e-04 -3.416965e-04 6.201224e+00 3.713029e-04 9.999999e-01 -1.815244e-04 -3.229318e-01 3.417578e-04 1.813967e-04 9.999998e-01 2.652360e+00
9.999995e-01 -1.035421e-03 -1.186496e-04 6.363257e+00 1.035382e-03 9.999994e-01 -3.358568e-04 -3.296741e-01 1.190034e-04 3.357346e-04 1.000000e+00 2.719371e+00
9.999998e-01 -5.099388e-04 -2.685740e-04 6.529510e+00 5.098811e-04 9.999998e-01 -2.148156e-04 -3.365569e-01 2.686774e-04 2.146778e-04 9.999998e-01 2.789845e+00
9.999989e-01 -1.296495e-03 -6.745948e-04 6.580765e+00 1.296235e-03 9.999991e-01 -3.859443e-04 -3.389366e-01 6.751008e-04 3.850703e-04 9.999998e-01 2.914994e+00
9.999992e-01 -5.625456e-04 -1.140134e-03 6.503689e+00 5.620713e-04 9.999998e-01 -4.163105e-04 -3.370323e-01 1.140361e-03 4.156683e-04 9.999992e-01 3.087293e+00
9.999988e-01 -1.230697e-03 -9.019430e-04 6.414594e+00 1.230113e-03 9.999990e-01 -6.476338e-04 -3.345615e-01 9.027458e-04 6.465246e-04 9.999995e-01 3.271626e+00
9.999992e-01 -7.477588e-04 -1.055673e-03 6.314127e+00 7.472001e-04 9.999996e-01 -5.294730e-04 -3.312723e-01 1.056061e-03 5.286826e-04 9.999992e-01 3.478470e+00
9.999987e-01 -1.339217e-03 -8.839457e-04 6.206097e+00 1.338618e-03 9.999989e-01 -6.778519e-04 -3.276111e-01 8.848595e-04 6.766691e-04 9.999995e-01 3.698168e+00
9.999992e-01 -7.340759e-04 -1.060089e-03 6.105210e+00 7.335127e-04 9.999996e-01 -5.314912e-04 -3.239524e-01 1.060471e-03 5.307117e-04 9.999992e-01 3.921145e+00
9.999987e-01 -1.359120e-03 -9.108685e-04 6.000604e+00 1.358467e-03 9.999988e-01 -7.177337e-04 -3.201662e-01 9.118503e-04 7.164969e-04 9.999994e-01 4.150427e+00
9.999991e-01 -8.111354e-04 -1.040473e-03 5.888857e+00 8.105606e-04 9.999995e-01 -5.526946e-04 -3.161509e-01 1.040913e-03 5.518491e-04 9.999992e-01 4.384030e+00
9.999987e-01 -1.374312e-03 -8.261641e-04 5.787167e+00 1.373791e-03 9.999989e-01 -6.312236e-04 -3.123141e-01 8.270384e-04 6.300896e-04 9.999996e-01 4.617349e+00
9.999998e-01 -4.847860e-04 -3.865424e-04 5.753719e+00 4.848344e-04 9.999999e-01 1.251530e-04 -3.115415e-01 3.864737e-04 -1.253422e-04 9.999998e-01 4.768734e+00
9.999991e-01 -1.208999e-03 -4.908853e-04 5.827436e+00 1.208809e-03 9.999992e-01 -3.862796e-04 -3.155090e-01 4.913600e-04 3.856877e-04 9.999999e-01 4.855996e+00
9.999994e-01 -4.449298e-04 -9.958707e-04 5.816026e+00 4.447746e-04 9.999999e-01 -1.559274e-04 -3.156219e-01 9.959318e-04 1.554825e-04 9.999994e-01 4.991834e+00
9.999989e-01 -1.200988e-03 -8.524023e-04 5.755428e+00 1.200448e-03 9.999991e-01 -6.335637e-04 -3.142646e-01 8.531708e-04 6.325417e-04 9.999995e-01 5.142866e+00
9.999995e-01 -3.739231e-04 -9.781118e-04 5.705322e+00 3.738821e-04 9.999999e-01 -4.206879e-05 -3.133462e-01 9.781189e-04 4.170105e-05 9.999994e-01 5.284016e+00
9.999995e-01 -8.802841e-04 -4.076680e-04 5.735743e+00 8.801008e-04 9.999995e-01 -4.497145e-04 -3.151317e-01 4.080723e-04 4.493575e-04 9.999999e-01 5.376558e+00
9.999996e-01 -5.634697e-05 -8.760073e-04 5.805093e+00 5.652456e-05 1.000000e+00 2.027890e-04 -3.187797e-01 8.759870e-04 -2.028405e-04 9.999995e-01 5.431032e+00
9.999997e-01 -7.757001e-04 -2.229436e-04 5.889743e+00 7.755980e-04 9.999996e-01 -4.583877e-04 -3.230545e-01 2.233080e-04 4.582167e-04 1.000000e+00 5.471509e+00
9.999998e-01 1.512096e-04 -5.766630e-04 6.015005e+00 -1.512740e-04 1.000000e+00 -1.116216e-04 -3.296333e-01 5.766371e-04 1.117066e-04 9.999997e-01 5.492637e+00
9.999995e-01 -9.524056e-04 -2.957202e-04 6.143643e+00 9.523226e-04 9.999995e-01 -2.811389e-04 -3.364059e-01 2.959970e-04 2.808593e-04 1.000000e+00 5.520709e+00
9.999996e-01 -1.062633e-04 -8.891190e-04 6.219423e+00 1.062905e-04 1.000000e+00 3.066634e-05 -3.403643e-01 8.891065e-04 -3.076305e-05 9.999995e-01 5.578492e+00
9.999993e-01 -1.079419e-03 -5.348211e-04 6.243634e+00 1.079180e-03 9.999993e-01 -4.470557e-04 -3.423138e-01 5.353126e-04 4.464805e-04 9.999999e-01 5.663883e+00
9.999994e-01 3.552041e-05 -1.071040e-03 6.244027e+00 -3.533320e-05 1.000000e+00 1.748908e-04 -3.435095e-01 1.071037e-03 -1.748551e-04 9.999993e-01 5.745045e+00
9.999989e-01 -1.286510e-03 -6.798506e-04 6.204823e+00 1.286075e-03 9.999990e-01 -6.404106e-04 -3.439403e-01 6.806835e-04 6.395378e-04 9.999997e-01 5.851396e+00
9.999995e-01 -5.638156e-05 -9.738865e-04 6.171949e+00 5.658495e-05 1.000000e+00 2.089245e-04 -3.444017e-01 9.738649e-04 -2.089818e-04 9.999994e-01 5.959394e+00
9.999994e-01 -1.108008e-03 -1.311034e-04 6.250395e+00 1.107933e-03 9.999992e-01 -5.720112e-04 -3.481877e-01 1.317470e-04 5.718680e-04 9.999999e-01 6.026207e+00
9.999995e-01 -7.878912e-07 -9.557970e-04 6.332964e+00 1.105462e-06 9.999999e-01 3.323653e-04 -3.522826e-01 9.557866e-04 -3.323686e-04 9.999994e-01 6.081123e+00
9.999994e-01 -1.070126e-03 -2.101216e-04 6.373787e+00 1.070009e-03 9.999993e-01 -5.528827e-04 -3.552633e-01 2.107233e-04 5.526599e-04 9.999999e-01 6.143179e+00
9.999997e-01 1.268875e-04 -7.702239e-04 6.462598e+00 -1.266196e-04 9.999999e-01 3.479128e-04 -3.598203e-01 7.702577e-04 -3.478176e-04 9.999995e-01 6.184771e+00
9.999995e-01 -9.634891e-04 -1.873516e-04 6.588743e+00 9.633601e-04 9.999993e-01 -6.882948e-04 -3.662075e-01 1.880250e-04 6.881164e-04 9.999998e-01 6.215618e+00
9.999995e-01 -9.228102e-05 -1.020018e-03 6.622576e+00 9.290205e-05 9.999998e-01 6.089194e-04 -3.689942e-01 1.019951e-03 -6.090163e-04 9.999992e-01 6.276835e+00
9.999988e-01 -1.358958e-03 -7.786979e-04 6.566705e+00 1.358065e-03 9.999984e-01 -1.146461e-03 -3.688689e-01 7.802654e-04 1.145405e-03 9.999991e-01 6.402179e+00
9.999993e-01 -1.269662e-04 -1.213691e-03 6.505849e+00 1.274157e-04 9.999999e-01 3.704072e-04 -3.679338e-01 1.213633e-03 -3.705641e-04 9.999991e-01 6.543818e+00
9.999994e-01 -1.014806e-03 -3.826528e-04 6.502402e+00 1.014518e-03 9.999992e-01 -7.513000e-04 -3.690205e-01 3.834260e-04 7.509139e-04 9.999997e-01 6.633090e+00
9.999997e-01 1.981251e-04 -7.435215e-04 6.571737e+00 -1.976291e-04 9.999998e-01 6.672012e-04 -3.731177e-01 7.436423e-04 -6.670567e-04 9.999994e-01 6.674699e+00
9.999994e-01 -1.009367e-03 -3.566166e-04 6.655126e+00 1.009113e-03 9.999992e-01 -7.133944e-04 -3.775162e-01 3.573477e-04 7.130367e-04 9.999998e-01 6.710420e+00
9.999997e-01 1.813946e-04 -7.823728e-04 6.744044e+00 -1.808984e-04 9.999998e-01 6.344533e-04 -3.820790e-01 7.824764e-04 -6.343142e-04 9.999994e-01 6.747027e+00
9.999995e-01 -9.533907e-04 -3.571864e-04 6.829293e+00 9.531321e-04 9.999993e-01 -7.237491e-04 -3.866560e-01 3.578877e-04 7.234109e-04 9.999998e-01 6.780606e+00
9.999992e-01 -9.184257e-05 -1.272760e-03 6.829441e+00 9.245272e-05 9.999999e-01 4.794480e-04 -3.880838e-01 1.272704e-03 -4.795679e-04 9.999990e-01 6.863744e+00
9.999988e-01 -1.406586e-03 -6.093733e-04 6.774925e+00 1.405883e-03 9.999983e-01 -1.153968e-03 -3.868971e-01 6.110073e-04 1.153113e-03 9.999992e-01 7.013087e+00
9.999996e-01 1.872352e-04 -8.205012e-04 6.803054e+00 -1.864457e-04 9.999995e-01 9.624037e-04 -3.886822e-01 8.206690e-04 -9.622531e-04 9.999991e-01 7.105848e+00
9.999996e-01 -8.978777e-04 -9.116459e-05 6.918065e+00 8.977558e-04 9.999987e-01 -1.329891e-03 -3.949392e-01 9.237065e-05 1.329811e-03 9.999992e-01 7.131403e+00
9.999998e-01 2.519137e-04 -6.490324e-04 7.026466e+00 -2.513503e-04 9.999996e-01 8.683010e-04 -4.008695e-01 6.492387e-04 -8.681404e-04 9.999993e-01 7.155152e+00
9.999995e-01 -9.356134e-04 -3.875253e-04 7.137881e+00 9.351519e-04 9.999989e-01 -1.189647e-03 -4.069846e-01 3.886502e-04 1.189287e-03 9.999993e-01 7.180838e+00
9.999998e-01 1.950715e-04 -6.719725e-04 7.256789e+00 -1.945133e-04 9.999996e-01 8.308462e-04 -4.132862e-01 6.721220e-04 -8.307181e-04 9.999993e-01 7.209896e+00
9.999994e-01 -1.013038e-03 -4.924287e-04 7.369022e+00 1.012489e-03 9.999989e-01 -1.114827e-03 -4.189223e-01 4.935700e-04 1.114330e-03 9.999994e-01 7.247276e+00
9.999998e-01 2.001654e-04 -5.814128e-04 7.482807e+00 -1.996735e-04 9.999996e-01 8.463399e-04 -4.247711e-01 5.815694e-04 -8.462265e-04 9.999994e-01 7.280914e+00
9.999995e-01 -8.683455e-04 -4.546185e-04 7.593618e+00 8.677979e-04 9.999989e-01 -1.203847e-03 -4.306824e-01 4.556760e-04 1.203454e-03 9.999993e-01 7.308441e+00
9.999997e-01 1.533058e-05 -7.861636e-04 7.676675e+00 -1.447309e-05 9.999994e-01 1.090943e-03 -4.348584e-01 7.861670e-04 -1.090935e-03 9.999990e-01 7.353587e+00
9.999993e-01 -1.017026e-03 -6.628349e-04 7.701944e+00 1.016230e-03 9.999988e-01 -1.200917e-03 -4.371664e-01 6.640684e-04 1.200246e-03 9.999992e-01 7.426404e+00
9.999995e-01 -6.864942e-05 -1.005408e-03 7.687113e+00 6.976363e-05 9.999994e-01 1.108409e-03 -4.384177e-01 1.005318e-03 -1.108482e-03 9.999988e-01 7.514734e+00
9.999993e-01 -9.631937e-04 -6.556928e-04 7.679596e+00 9.623815e-04 9.999988e-01 -1.238089e-03 -4.396966e-01 6.568978e-04 1.237460e-03 9.999991e-01 7.597448e+00
9.999995e-01 -1.092967e-04 -9.900910e-04 7.664817e+00 1.104220e-04 9.999993e-01 1.136827e-03 -4.410036e-01 9.899527e-04 -1.136939e-03 9.999988e-01 7.683354e+00
9.999990e-01 -1.218746e-03 -7.519675e-04 7.615304e+00 1.217765e-03 9.999984e-01 -1.303204e-03 -4.416967e-01 7.535683e-04 1.302290e-03 9.999990e-01 7.797483e+00
9.999998e-01 1.013242e-04 -6.591813e-04 7.627574e+00 -1.004412e-04 9.999991e-01 1.339783e-03 -4.437933e-01 6.593027e-04 -1.339720e-03 9.999988e-01 7.874130e+00
9.999995e-01 -1.005141e-03 -2.309804e-04 7.765520e+00 1.004735e-03 9.999980e-01 -1.749036e-03 -4.510097e-01 2.327519e-04 1.748806e-03 9.999985e-01 7.905227e+00
9.999996e-01 1.449995e-04 -9.026228e-04 7.858825e+00 -1.435243e-04 9.999987e-01 1.634366e-03 -4.556232e-01 9.028446e-04 -1.634238e-03 9.999982e-01 7.944355e+00
9.999996e-01 -8.946665e-04 -2.286595e-04 7.959800e+00 8.942292e-04 9.999978e-01 -1.906075e-03 -4.607375e-01 2.303784e-04 1.905873e-03 9.999983e-01 7.979073e+00
9.999995e-01 1.728856e-04 -9.336775e-04 8.046866e+00 -1.712294e-04 9.999984e-01 1.773771e-03 -4.652060e-01 9.339685e-04 -1.773613e-03 9.999979e-01 8.013152e+00
9.999994e-01 -1.014475e-03 -2.871181e-04 8.117649e+00 1.013893e-03 9.999974e-01 -2.019098e-03 -4.689885e-01 2.891800e-04 2.018809e-03 9.999980e-01 8.059715e+00
9.999994e-01 3.397315e-05 -1.138354e-03 8.161279e+00 -3.197214e-05 9.999985e-01 1.757972e-03 -4.717489e-01 1.138398e-03 -1.757938e-03 9.999977e-01 8.125887e+00
9.999991e-01 -1.169717e-03 -6.647768e-04 8.137849e+00 1.168206e-03 9.999967e-01 -2.269858e-03 -4.720205e-01 6.674444e-04 2.269082e-03 9.999973e-01 8.229575e+00
9.999992e-01 -1.038185e-04 -1.284875e-03 8.091447e+00 1.059257e-04 9.999986e-01 1.640232e-03 -4.719613e-01 1.284688e-03 -1.640370e-03 9.999977e-01 8.347365e+00
9.999990e-01 -1.241496e-03 -6.823370e-04 8.035986e+00 1.239883e-03 9.999964e-01 -2.359834e-03 -4.716096e-01 6.852794e-04 2.358989e-03 9.999971e-01 8.474048e+00
9.999994e-01 1.568616e-04 -1.101394e-03 8.019461e+00 -1.547681e-04 9.999982e-01 1.900787e-03 -4.722057e-01 1.101675e-03 -1.900619e-03 9.999975e-01 8.567899e+00
9.999995e-01 -9.942002e-04 -3.336288e-04 8.053786e+00 9.934629e-04 9.999971e-01 -2.203655e-03 -4.746699e-01 3.358341e-04 2.203326e-03 9.999976e-01 8.627286e+00
9.999996e-01 1.478827e-04 -8.775769e-04 8.129920e+00 -1.461249e-04 9.999980e-01 2.003037e-03 -4.786008e-01 8.778558e-04 -2.002911e-03 9.999975e-01 8.672538e+00
9.999994e-01 -9.922510e-04 -3.574833e-04 8.168548e+00 9.914930e-04 9.999973e-01 -2.115071e-03 -4.815485e-01 3.595966e-04 2.114718e-03 9.999978e-01 8.723078e+00
9.999998e-01 7.750541e-05 -6.368001e-04 8.242927e+00 -7.624266e-05 9.999980e-01 1.983150e-03 -4.857793e-01 6.369368e-04 -1.983105e-03 9.999977e-01 8.765942e+00
9.999995e-01 -9.791153e-04 -2.564636e-04 8.372014e+00 9.785242e-04 9.999969e-01 -2.295610e-03 -4.921346e-01 2.587263e-04 2.295361e-03 9.999974e-01 8.800861e+00
9.999999e-01 7.685068e-05 -4.373245e-04 8.525489e+00 -7.607508e-05 9.999984e-01 1.773853e-03 -4.998676e-01 4.374442e-04 -1.773823e-03 9.999982e-01 8.825985e+00
9.999996e-01 -9.029477e-04 -6.104622e-05 8.668808e+00 9.028001e-04 9.999968e-01 -2.380816e-03 -5.070245e-01 6.321171e-05 2.380763e-03 9.999973e-01 8.849486e+00
9.999998e-01 1.067719e-04 -6.730834e-04 8.824172e+00 -1.055858e-04 9.999984e-01 1.762429e-03 -5.151726e-01 6.732545e-04 -1.762361e-03 9.999981e-01 8.864635e+00
9.999985e-01 -1.512188e-03 -7.954325e-04 8.846765e+00 1.510395e-03 9.999963e-01 -2.250912e-03 -5.167887e-01 7.988495e-04 2.249711e-03 9.999972e-01 8.976173e+00
9.999988e-01 -1.005679e-03 -1.185405e-03 8.704954e+00 1.006491e-03 9.999993e-01 6.849040e-04 -5.112553e-01 1.184699e-03 -6.860999e-04 9.999990e-01 9.267126e+00
9.999978e-01 -1.835026e-03 -1.052508e-03 8.511534e+00 1.832495e-03 9.999954e-01 -2.401075e-03 -5.049791e-01 1.056926e-03 2.399145e-03 9.999967e-01 9.574429e+00
9.999988e-01 -9.273127e-04 -1.236627e-03 8.319146e+00 9.281416e-04 9.999993e-01 6.700866e-04 -4.988982e-01 1.235988e-03 -6.712375e-04 9.999989e-01 9.874985e+00
9.999979e-01 -1.853974e-03 -8.679263e-04 8.156261e+00 1.851895e-03 9.999954e-01 -2.391370e-03 -4.925507e-01 8.723729e-04 2.389762e-03 9.999969e-01 1.019030e+01
9.999988e-01 -7.959924e-04 -1.311968e-03 7.993153e+00 7.970352e-04 9.999994e-01 7.947572e-04 -4.869399e-01 1.311317e-03 -7.958062e-04 9.999987e-01 1.048115e+01
9.999981e-01 -1.721430e-03 -9.299300e-04 7.827408e+00 1.719233e-03 9.999957e-01 -2.359078e-03 -4.817146e-01 9.340045e-04 2.357479e-03 9.999969e-01 1.075497e+01
9.999990e-01 -6.927337e-04 -1.233496e-03 7.679690e+00 6.938175e-04 9.999994e-01 8.787415e-04 -4.768624e-01 1.232869e-03 -8.796009e-04 9.999988e-01 1.101862e+01
9.999984e-01 -1.606301e-03 -8.436831e-04 7.550016e+00 1.604360e-03 9.999961e-01 -2.297074e-03 -4.724040e-01 8.473875e-04 2.295721e-03 9.999971e-01 1.127210e+01
9.999991e-01 -6.225488e-04 -1.188950e-03 7.420902e+00 6.237679e-04 9.999993e-01 1.025610e-03 -4.683277e-01 1.188293e-03 -1.026356e-03 9.999987e-01 1.150889e+01
9.999984e-01 -1.505701e-03 -9.454370e-04 7.294384e+00 1.503551e-03 9.999963e-01 -2.271376e-03 -4.648562e-01 9.488719e-04 2.269956e-03 9.999971e-01 1.172936e+01
9.999992e-01 -5.860815e-04 -1.116653e-03 7.177054e+00 5.871806e-04 9.999993e-01 9.845818e-04 -4.611622e-01 1.116056e-03 -9.852416e-04 9.999988e-01 1.195159e+01
9.999987e-01 -1.395289e-03 -8.482855e-04 7.076246e+00 1.393498e-03 9.999968e-01 -2.108472e-03 -4.579597e-01 8.512435e-04 2.107292e-03 9.999975e-01 1.216039e+01
9.999994e-01 -4.588044e-04 -9.657808e-04 6.998836e+00 4.599274e-04 9.999992e-01 1.163421e-03 -4.553668e-01 9.652274e-04 -1.163870e-03 9.999988e-01 1.234747e+01
9.999983e-01 -1.535422e-03 -9.809858e-04 6.895059e+00 1.533208e-03 9.999963e-01 -2.254487e-03 -4.521395e-01 9.844629e-04 2.252984e-03 9.999971e-01 1.255785e+01
9.999993e-01 -5.881494e-04 -1.037047e-03 6.776944e+00 5.892024e-04 9.999993e-01 1.015913e-03 -4.484244e-01 1.036429e-03 -1.016529e-03 9.999988e-01 1.278176e+01
9.999985e-01 -1.448417e-03 -9.752401e-04 6.666329e+00 1.446248e-03 9.999965e-01 -2.221317e-03 -4.451593e-01 9.784735e-04 2.219908e-03 9.999972e-01 1.299132e+01
9.999994e-01 -5.228241e-04 -9.174997e-04 6.570457e+00 5.238756e-04 9.999992e-01 1.146787e-03 -4.422568e-01 9.168797e-04 -1.147273e-03 9.999988e-01 1.318932e+01
9.999986e-01 -1.314428e-03 -1.023876e-03 6.482897e+00 1.312251e-03 9.999969e-01 -2.124387e-03 -4.399772e-01 1.026685e-03 2.123046e-03 9.999973e-01 1.337081e+01
9.999995e-01 -4.406756e-04 -8.978892e-04 6.406080e+00 4.417276e-04 9.999992e-01 1.172375e-03 -4.380206e-01 8.973518e-04 -1.172776e-03 9.999988e-01 1.353950e+01
9.999985e-01 -1.370971e-03 -1.015567e-03 6.320552e+00 1.368797e-03 9.999968e-01 -2.138498e-03 -4.358181e-01 1.018516e-03 2.137110e-03 9.999973e-01 1.371860e+01
9.999991e-01 -6.103037e-04 -1.226812e-03 6.202971e+00 6.114655e-04 9.999994e-01 9.473306e-04 -4.330489e-01 1.226212e-03 -9.480856e-04 9.999987e-01 1.391757e+01
9.999984e-01 -1.453936e-03 -1.027223e-03 6.075640e+00 1.451649e-03 9.999965e-01 -2.224053e-03 -4.299313e-01 1.030474e-03 2.222564e-03 9.999971e-01 1.412708e+01
9.999990e-01 -6.878775e-04 -1.196095e-03 5.943286e+00 6.889870e-04 9.999993e-01 9.279526e-04 -4.263817e-01 1.195435e-03 -9.287817e-04 9.999988e-01 1.435017e+01
9.999983e-01 -1.539323e-03 -1.010585e-03 5.801214e+00 1.536929e-03 9.999960e-01 -2.365339e-03 -4.222524e-01 1.014243e-03 2.363787e-03 9.999968e-01 1.458850e+01
9.999990e-01 -7.742241e-04 -1.172455e-03 5.654408e+00 7.752835e-04 9.999993e-01 9.039030e-04 -4.177501e-01 1.171733e-03 -9.048173e-04 9.999988e-01 1.483767e+01
9.999982e-01 -1.580619e-03 -1.048222e-03 5.501379e+00 1.578098e-03 9.999959e-01 -2.402576e-03 -4.130547e-01 1.052037e-03 2.400924e-03 9.999967e-01 1.509335e+01
9.999994e-01 -4.235248e-04 -9.963816e-04 5.400484e+00 4.247679e-04 9.999991e-01 1.248463e-03 -4.099944e-01 9.958302e-04 -1.248892e-03 9.999986e-01 1.529818e+01
9.999989e-01 -1.178551e-03 -8.974428e-04 5.333031e+00 1.176637e-03 9.999970e-01 -2.132078e-03 -4.082633e-01 8.999749e-04 2.131026e-03 9.999974e-01 1.546084e+01
9.999992e-01 -6.072080e-04 -1.123986e-03 5.236389e+00 6.083946e-04 9.999993e-01 1.056291e-03 -4.058295e-01 1.123321e-03 -1.056981e-03 9.999987e-01 1.564850e+01
9.999986e-01 -1.293039e-03 -1.037253e-03 5.124035e+00 1.290733e-03 9.999967e-01 -2.221114e-03 -4.031050e-01 1.040144e-03 2.219779e-03 9.999971e-01 1.584721e+01
9.999992e-01 -6.464008e-04 -1.097256e-03 5.010417e+00 6.475304e-04 9.999993e-01 1.030120e-03 -4.001469e-01 1.096567e-03 -1.030837e-03 9.999988e-01 1.605158e+01
9.999985e-01 -1.376124e-03 -1.060518e-03 4.888162e+00 1.373668e-03 9.999964e-01 -2.313843e-03 -3.967999e-01 1.063721e-03 2.312389e-03 9.999969e-01 1.626644e+01
9.999992e-01 -8.104894e-04 -9.218972e-04 4.764047e+00 8.115158e-04 9.999990e-01 1.114313e-03 -3.930311e-01 9.209701e-04 -1.115067e-03 9.999989e-01 1.649651e+01
9.999984e-01 -1.448287e-03 -1.068720e-03 4.649878e+00 1.445797e-03 9.999962e-01 -2.328595e-03 -3.887878e-01 1.072112e-03 2.327054e-03 9.999968e-01 1.673879e+01
9.999992e-01 -7.442902e-04 -9.946285e-04 4.519813e+00 7.452848e-04 9.999992e-01 1.000786e-03 -3.847782e-01 9.938593e-04 -1.001533e-03 9.999989e-01 1.697281e+01
9.999981e-01 -1.516631e-03 -1.197524e-03 4.376003e+00 1.513755e-03 9.999960e-01 -2.399789e-03 -3.805409e-01 1.201183e-03 2.397979e-03 9.999965e-01 1.721612e+01
9.999997e-01 -1.272972e-04 -6.989538e-04 4.320123e+00 1.284793e-04 9.999986e-01 1.692755e-03 -3.795921e-01 6.987134e-04 -1.692851e-03 9.999982e-01 1.735654e+01
9.999995e-01 -8.671737e-04 -4.575160e-04 4.383494e+00 8.662692e-04 9.999977e-01 -1.975349e-03 -3.833897e-01 4.592520e-04 1.974959e-03 9.999980e-01 1.741253e+01
9.999998e-01 -1.293808e-04 -5.498984e-04 4.467173e+00 1.303384e-04 9.999985e-01 1.743283e-03 -3.877505e-01 5.496479e-04 -1.743361e-03 9.999982e-01 1.745932e+01
9.999994e-01 -7.914390e-04 -7.667837e-04 4.493889e+00 7.899657e-04 9.999978e-01 -1.920933e-03 -3.903947e-01 7.683265e-04 1.920333e-03 9.999980e-01 1.752079e+01
9.999996e-01 -3.077192e-04 -8.252352e-04 4.483704e+00 3.089776e-04 9.999988e-01 1.526343e-03 -3.914674e-01 8.247401e-04 -1.526604e-03 9.999984e-01 1.760920e+01
9.999994e-01 -7.290381e-04 -8.357969e-04 4.474820e+00 7.274805e-04 9.999980e-01 -1.863518e-03 -3.924318e-01 8.371784e-04 1.862916e-03 9.999980e-01 1.769396e+01
9.999990e-01 -8.341652e-04 -1.137164e-03 4.396715e+00 8.353043e-04 9.999991e-01 1.002414e-03 -3.910814e-01 1.136302e-03 -1.003371e-03 9.999988e-01 1.785208e+01
9.999985e-01 -1.351292e-03 -1.043853e-03 4.262985e+00 1.348841e-03 9.999963e-01 -2.346469e-03 -3.872553e-01 1.047045e-03 2.345065e-03 9.999968e-01 1.808154e+01
9.999989e-01 -9.283388e-04 -1.116157e-03 4.119745e+00 9.293816e-04 9.999991e-01 9.350293e-04 -3.829266e-01 1.115263e-03 -9.360733e-04 9.999988e-01 1.832665e+01
9.999991e-01 -8.364454e-04 -1.060409e-03 4.028503e+00 8.344079e-04 9.999978e-01 -1.921349e-03 -3.810816e-01 1.062039e-03 1.920470e-03 9.999977e-01 1.849772e+01
9.999995e-01 -5.564913e-04 -8.673236e-04 3.977963e+00 5.575199e-04 9.999991e-01 1.187380e-03 -3.806230e-01 8.666365e-04 -1.187870e-03 9.999988e-01 1.862342e+01
9.999992e-01 -8.016041e-04 -1.005271e-03 3.933272e+00 7.997782e-04 9.999980e-01 -1.816360e-03 -3.802394e-01 1.006750e-03 1.815563e-03 9.999979e-01 1.874907e+01
9.999996e-01 -3.809669e-04 -7.735191e-04 3.910484e+00 3.819548e-04 9.999991e-01 1.278764e-03 -3.805906e-01 7.730053e-04 -1.279067e-03 9.999988e-01 1.884961e+01
9.999998e-01 -5.089725e-04 -4.930407e-04 3.962368e+00 5.082161e-04 9.999987e-01 -1.535092e-03 -3.838253e-01 4.938475e-04 1.534849e-03 9.999988e-01 1.890406e+01
9.999998e-01 -2.028573e-04 -6.384813e-04 4.041424e+00 2.037833e-04 9.999989e-01 1.452110e-03 -3.880139e-01 6.381598e-04 -1.452247e-03 9.999986e-01 1.893690e+01
9.999997e-01 -4.772826e-04 -5.590111e-04 4.108045e+00 4.764190e-04 9.999987e-01 -1.545865e-03 -3.917089e-01 5.597745e-04 1.545606e-03 9.999987e-01 1.897200e+01
9.999998e-01 -1.838787e-04 -5.915334e-04 4.188991e+00 1.847135e-04 9.999990e-01 1.413385e-03 -3.960771e-01 5.912464e-04 -1.413502e-03 9.999987e-01 1.900290e+01
9.999988e-01 -1.095938e-03 -1.110910e-03 4.163140e+00 1.093747e-03 9.999975e-01 -1.971687e-03 -3.960359e-01 1.113094e-03 1.970478e-03 9.999975e-01 1.912281e+01
9.999991e-01 -9.321168e-04 -9.453965e-04 4.054337e+00 9.327930e-04 9.999993e-01 7.161668e-04 -3.923907e-01 9.447015e-04 -7.170561e-04 9.999992e-01 1.934915e+01
9.999996e-01 -4.397636e-04 -7.783647e-04 4.037344e+00 4.387642e-04 9.999991e-01 -1.285132e-03 -3.920034e-01 7.789561e-04 1.284798e-03 9.999990e-01 1.947595e+01
9.999999e-01 -4.265898e-04 -3.032473e-04 4.151895e+00 4.268592e-04 9.999995e-01 8.927274e-04 -3.971448e-01 3.028393e-04 -8.928648e-04 9.999995e-01 1.952444e+01
9.999994e-01 -8.320841e-04 -7.591794e-04 4.240995e+00 8.309699e-04 9.999986e-01 -1.468204e-03 -4.003998e-01 7.604272e-04 1.467580e-03 9.999987e-01 1.962097e+01
9.999997e-01 -6.227560e-04 -4.105038e-04 4.299057e+00 6.230843e-04 9.999995e-01 8.029897e-04 -4.017765e-01 4.099762e-04 -8.032534e-04 9.999995e-01 1.975514e+01
9.999993e-01 -6.902600e-04 -9.634850e-04 4.332112e+00 6.889873e-04 9.999989e-01 -1.321778e-03 -4.025744e-01 9.644237e-04 1.321122e-03 9.999988e-01 1.987849e+01
9.999999e-01 -2.645053e-04 -2.044558e-04 4.423626e+00 2.647180e-04 9.999994e-01 1.046442e-03 -4.064031e-01 2.041514e-04 -1.046504e-03 9.999993e-01 1.993634e+01
9.999999e-01 -4.529237e-04 -8.186706e-05 4.569824e+00 4.527670e-04 9.999981e-01 -1.917241e-03 -4.136067e-01 8.276285e-05 1.917212e-03 9.999983e-01 1.994464e+01
9.999995e-01 -5.555251e-05 -9.821327e-04 4.718531e+00 5.681826e-05 9.999992e-01 1.289985e-03 -4.210326e-01 9.820325e-04 -1.290048e-03 9.999986e-01 1.994886e+01
9.999999e-01 -3.374960e-04 -1.026568e-04 4.868249e+00 3.372892e-04 9.999979e-01 -2.018118e-03 -4.286235e-01 1.033655e-04 2.018092e-03 9.999981e-01 1.995462e+01
9.999990e-01 -7.663992e-04 -1.168409e-03 4.914378e+00 7.682912e-04 9.999984e-01 1.620729e-03 -4.311396e-01 1.167137e-03 -1.621633e-03 9.999979e-01 2.004221e+01
9.999994e-01 -9.330855e-04 -6.269042e-04 4.861718e+00 9.314698e-04 9.999963e-01 -2.574398e-03 -4.288873e-01 6.293321e-04 2.573821e-03 9.999966e-01 2.023230e+01
9.999989e-01 -8.548196e-04 -1.188556e-03 4.797740e+00 8.566690e-04 9.999984e-01 1.557378e-03 -4.263168e-01 1.187194e-03 -1.558404e-03 9.999980e-01 2.043009e+01
9.999993e-01 -9.622249e-04 -7.076505e-04 4.712404e+00 9.604590e-04 9.999964e-01 -2.493325e-03 -4.238193e-01 7.100756e-04 2.492652e-03 9.999967e-01 2.062528e+01
9.999986e-01 -1.105126e-03 -1.266790e-03 4.630853e+00 1.106759e-03 9.999986e-01 1.289939e-03 -4.201380e-01 1.265334e-03 -1.291348e-03 9.999983e-01 2.085387e+01
9.999929e-01 -2.699217e-03 2.641541e-03 5.099554e+00 2.707486e-03 9.999914e-01 -3.131162e-03 -4.176049e-01 -2.633038e-03 3.138300e-03 9.999917e-01 2.145782e+01
9.999959e-01 -9.887564e-04 -2.699299e-03 5.646149e+00 9.918890e-04 9.999988e-01 1.159926e-03 -4.246636e-01 2.698121e-03 -1.162608e-03 9.999956e-01 2.191792e+01
9.999955e-01 -8.728234e-04 2.861867e-03 5.903833e+00 8.779071e-04 9.999980e-01 -1.775142e-03 -4.328503e-01 -2.860283e-03 1.777656e-03 9.999944e-01 2.204904e+01
9.999927e-01 -1.262898e-03 -3.599765e-03 6.026991e+00 1.268047e-03 9.999982e-01 1.428676e-03 -4.363888e-01 3.597925e-03 -1.433240e-03 9.999924e-01 2.221113e+01
9.999921e-01 -1.181268e-03 3.784141e-03 6.260813e+00 1.190509e-03 9.999963e-01 -2.440415e-03 -4.376108e-01 -3.781216e-03 2.444910e-03 9.999900e-01 2.250626e+01
9.999924e-01 -1.255113e-03 -3.689277e-03 6.591263e+00 1.259950e-03 9.999983e-01 1.309486e-03 -4.428803e-01 3.687599e-03 -1.314133e-03 9.999922e-01 2.278146e+01
9.999958e-01 -1.248475e-03 2.628838e-03 6.719637e+00 1.254477e-03 9.999966e-01 -2.282133e-03 -4.429101e-01 -2.625952e-03 2.285431e-03 9.999940e-01 2.306080e+01
9.999888e-01 -1.286767e-03 -4.562873e-03 6.643041e+00 1.291312e-03 9.999987e-01 9.934775e-04 -4.373683e-01 4.561560e-03 -9.993677e-04 9.999890e-01 2.337160e+01
9.999959e-01 -1.261863e-03 2.576020e-03 6.553742e+00 1.268190e-03 9.999962e-01 -2.455524e-03 -4.315344e-01 -2.572883e-03 2.458790e-03 9.999938e-01 2.369304e+01
9.999900e-01 -1.590971e-03 -4.183696e-03 6.516969e+00 1.595509e-03 9.999981e-01 1.081770e-03 -4.247849e-01 4.181938e-03 -1.088444e-03 9.999906e-01 2.407913e+01
9.999954e-01 -1.452322e-03 2.672332e-03 6.478459e+00 1.458892e-03 9.999959e-01 -2.457785e-03 -4.173416e-01 -2.668722e-03 2.461682e-03 9.999935e-01 2.448795e+01
9.999915e-01 -1.742508e-03 -3.738130e-03 6.503345e+00 1.746285e-03 9.999980e-01 1.007777e-03 -4.099426e-01 3.736336e-03 -1.014306e-03 9.999924e-01 2.492839e+01
9.999959e-01 -1.172675e-03 2.621500e-03 6.554500e+00 1.178967e-03 9.999964e-01 -2.399221e-03 -4.053788e-01 -2.618647e-03 2.402312e-03 9.999938e-01 2.528612e+01
9.999945e-01 -9.851902e-04 -3.173222e-03 6.677012e+00 9.904844e-04 9.999981e-01 1.667704e-03 -4.048271e-01 3.171543e-03 -1.670848e-03 9.999935e-01 2.552575e+01
9.999970e-01 -1.593778e-03 1.862363e-03 6.680440e+00 1.599053e-03 9.999947e-01 -2.833453e-03 -4.013797e-01 -1.857808e-03 2.836432e-03 9.999943e-01 2.583697e+01
9.999906e-01 -2.006830e-03 -3.854795e-03 6.546319e+00 2.009447e-03 9.999978e-01 6.754713e-04 -3.912021e-01 3.853401e-03 -6.832209e-04 9.999922e-01 2.632088e+01
9.999970e-01 -1.553630e-03 1.893284e-03 6.435695e+00 1.558814e-03 9.999950e-01 -2.738871e-03 -3.811830e-01 -1.888989e-03 2.741824e-03 9.999946e-01 2.680459e+01
9.999908e-01 -1.685495e-03 -3.932570e-03 6.327111e+00 1.688923e-03 9.999982e-01 8.687722e-04 -3.726460e-01 3.931068e-03 -8.754163e-04 9.999918e-01 2.722862e+01
9.999971e-01 -1.418869e-03 1.938925e-03 6.227387e+00 1.424242e-03 9.999951e-01 -2.771585e-03 -3.642842e-01 -1.934952e-03 2.774349e-03 9.999944e-01 2.764250e+01
9.999923e-01 -1.701865e-03 -3.538842e-03 6.162599e+00 1.705576e-03 9.999980e-01 1.046296e-03 -3.558095e-01 3.537024e-03 -1.052335e-03 9.999931e-01 2.806875e+01
9.999973e-01 -1.595050e-03 1.685209e-03 6.098194e+00 1.599742e-03 9.999948e-01 -2.785565e-03 -3.467201e-01 -1.680726e-03 2.788264e-03 9.999948e-01 2.852878e+01
9.999920e-01 -1.762085e-03 -3.582627e-03 6.028679e+00 1.765616e-03 9.999980e-01 9.830713e-04 -3.375812e-01 3.580856e-03 -9.893998e-04 9.999930e-01 2.899968e+01
9.999976e-01 -1.225958e-03 1.804178e-03 5.971541e+00 1.230378e-03 9.999962e-01 -2.449897e-03 -3.303753e-01 -1.801137e-03 2.452122e-03 9.999955e-01 2.939847e+01
9.999942e-01 -1.673288e-03 -2.948755e-03 5.973310e+00 1.676733e-03 9.999979e-01 1.166940e-03 -3.231194e-01 2.946764e-03 -1.171889e-03 9.999949e-01 2.980639e+01
9.999982e-01 -1.334785e-03 1.324504e-03 6.001045e+00 1.338359e-03 9.999955e-01 -2.699862e-03 -3.174846e-01 -1.320863e-03 2.701641e-03 9.999956e-01 3.018342e+01
9.999938e-01 -1.619054e-03 -3.116762e-03 5.934793e+00 1.622538e-03 9.999981e-01 1.116222e-03 -3.097581e-01 3.114916e-03 -1.121284e-03 9.999944e-01 3.058447e+01
9.999984e-01 -1.363477e-03 1.179160e-03 5.855492e+00 1.366737e-03 9.999952e-01 -2.766553e-03 -3.020687e-01 -1.175350e-03 2.768172e-03 9.999956e-01 3.098794e+01
9.999941e-01 -1.457555e-03 -3.109621e-03 5.789837e+00 1.461377e-03 9.999982e-01 1.227789e-03 -2.952412e-01 3.107794e-03 -1.232338e-03 9.999943e-01 3.136262e+01
9.999987e-01 -1.108810e-03 1.147591e-03 5.722270e+00 1.111899e-03 9.999958e-01 -2.693132e-03 -2.892205e-01 -1.144568e-03 2.694416e-03 9.999958e-01 3.170123e+01
9.999939e-01 -1.635527e-03 -3.091901e-03 5.648596e+00 1.638778e-03 9.999981e-01 1.049977e-03 -2.822259e-01 3.090145e-03 -1.055049e-03 9.999946e-01 3.207801e+01
9.999983e-01 -1.104311e-03 1.468057e-03 5.587974e+00 1.107986e-03 9.999963e-01 -2.503366e-03 -2.757340e-01 -1.465254e-03 2.505000e-03 9.999959e-01 3.243533e+01
9.999953e-01 -1.319843e-03 -2.766918e-03 5.555210e+00 1.324304e-03 9.999978e-01 1.611859e-03 -2.716791e-01 2.764752e-03 -1.615528e-03 9.999948e-01 3.271105e+01
9.999984e-01 -1.198909e-03 1.316450e-03 5.521351e+00 1.202630e-03 9.999953e-01 -2.827928e-03 -2.664054e-01 -1.313020e-03 2.829518e-03 9.999952e-01 3.303407e+01
9.999939e-01 -1.673514e-03 -3.076079e-03 5.469743e+00 1.677446e-03 9.999978e-01 1.276734e-03 -2.593243e-01 3.073902e-03 -1.281898e-03 9.999944e-01 3.342436e+01
9.999914e-01 -1.930421e-03 3.677961e-03 5.674465e+00 1.940679e-03 9.999942e-01 -2.786879e-03 -2.510172e-01 -3.672526e-03 2.794004e-03 9.999894e-01 3.401019e+01
9.999937e-01 -1.847411e-03 -3.027148e-03 6.072442e+00 1.850514e-03 9.999978e-01 1.023339e-03 -2.481491e-01 3.025217e-03 -1.028947e-03 9.999948e-01 3.457282e+01
9.999950e-01 -8.751587e-04 3.034367e-03 6.429067e+00 8.817741e-04 9.999972e-01 -2.178845e-03 -2.500420e-01 -3.032418e-03 2.181522e-03 9.999931e-01 3.495552e+01
9.999961e-01 -2.019689e-03 -1.916415e-03 6.886184e+00 2.020992e-03 9.999977e-01 6.794441e-04 -2.540237e-01 1.915005e-03 -6.833268e-04 9.999978e-01 3.538039e+01
9.999977e-01 -6.445978e-04 2.056701e-03 7.299272e+00 6.490313e-04 9.999975e-01 -2.154689e-03 -2.598272e-01 -2.055274e-03 2.156032e-03 9.999957e-01 3.572308e+01
9.999976e-01 -1.868195e-03 -1.172943e-03 7.738969e+00 1.868928e-03 9.999981e-01 6.258677e-04 -2.664685e-01 1.171738e-03 -6.280708e-04 9.999990e-01 3.606544e+01
9.999984e-01 -4.912439e-04 1.711799e-03 8.130100e+00 4.948092e-04 9.999977e-01 -2.081712e-03 -2.720735e-01 -1.710739e-03 2.082568e-03 9.999965e-01 3.638292e+01
9.999979e-01 -1.704965e-03 -1.116065e-03 8.487439e+00 1.705904e-03 9.999982e-01 8.433893e-04 -2.780613e-01 1.114592e-03 -8.453041e-04 9.999989e-01 3.665784e+01
