9.999957e-01 -2.367225e-03 -1.703586e-03 -1.081678e-01 2.365077e-03 9.999964e-01 -1.261887e-03 4.669579e-03 1.706567e-03 1.257852e-03 9.999979e-01 2.599111e-01
9.999997e-01 -5.931007e-04 -4.697140e-04 -2.902281e-01 5.928307e-04 9.999997e-01 -5.747996e-04 1.163409e-02 4.700544e-04 5.745211e-04 9.999996e-01 5.968443e-01
9.999957e-01 -2.283295e-03 -1.828199e-03 -4.774522e-01 2.281008e-03 9.999966e-01 -1.252125e-03 1.830600e-02 1.831052e-03 1.247950e-03 9.999976e-01 9.181093e-01
9.999998e-01 -4.862977e-04 -4.254172e-04 -6.574564e-01 4.860953e-04 9.999998e-01 -4.757266e-04 2.460007e-02 4.256476e-04 4.755195e-04 9.999997e-01 1.228559e+00
9.999958e-01 -2.338194e-03 -1.697392e-03 -8.289917e-01 2.336068e-03 9.999965e-01 -1.253717e-03 3.097780e-02 1.700318e-03 1.249747e-03 9.999979e-01 1.538030e+00
9.999999e-01 -3.733488e-04 -3.339768e-04 -9.881152e-01 3.732418e-04 9.999999e-01 -3.206967e-04 3.657989e-02 3.340953e-04 3.205715e-04 9.999998e-01 1.824107e+00
9.999958e-01 -2.199516e-03 -1.884239e-03 -1.155215e+00 2.197125e-03 9.999968e-01 -1.270062e-03 4.178961e-02 1.887028e-03 1.265917e-03 9.999975e-01 2.094962e+00
9.999997e-01 -3.836932e-04 -6.593075e-04 -1.339724e+00 3.834852e-04 9.999999e-01 -3.154805e-04 4.665962e-02 6.594267e-04 3.152268e-04 9.999996e-01 2.363066e+00
9.999954e-01 -2.190803e-03 -2.101502e-03 -1.535218e+00 2.188034e-03 9.999967e-01 -1.319115e-03 5.124828e-02 2.104387e-03 1.314512e-03 9.999970e-01 2.625399e+00
9.999999e-01 -3.385967e-04 -2.137618e-04 -1.699834e+00 3.385483e-04 9.999999e-01 -2.268718e-04 5.603885e-02 2.138364e-04 2.267983e-04 9.999999e-01 2.883794e+00
9.999962e-01 -2.150746e-03 -1.710705e-03 -1.836634e+00 2.148862e-03 9.999971e-01 -1.102481e-03 6.074829e-02 1.713073e-03 1.098802e-03 9.999980e-01 3.136472e+00
9.999999e-01 -2.335284e-04 -2.142929e-04 -1.958362e+00 2.334996e-04 1.000000e+00 -1.347161e-04 6.498724e-02 2.143218e-04 1.346646e-04 9.999999e-01 3.380796e+00
9.999960e-01 -2.061407e-03 -1.928177e-03 -2.095686e+00 2.059190e-03 9.999972e-01 -1.151111e-03 6.898200e-02 1.930547e-03 1.147138e-03 9.999976e-01 3.618001e+00
9.999999e-01 -1.342295e-04 -3.085751e-04 -2.232814e+00 1.341899e-04 1.000000e+00 -1.280309e-04 7.269705e-02 3.085892e-04 1.279879e-04 9.999998e-01 3.848264e+00
9.999953e-01 -2.334826e-03 -1.981334e-03 -2.403744e+00 2.332057e-03 9.999963e-01 -1.398779e-03 7.766191e-02 1.984596e-03 1.394153e-03 9.999972e-01 4.117713e+00
1.000000e+00 -1.697688e-04 -1.374213e-04 -2.548520e+00 1.697684e-04 1.000000e+00 -2.902689e-06 8.235182e-02 1.374183e-04 2.877438e-06 9.999999e-01 4.376022e+00
9.999968e-01 -1.895666e-03 -1.668965e-03 -2.641604e+00 1.894103e-03 9.999978e-01 -9.375036e-04 8.534394e-02 1.670742e-03 9.343414e-04 9.999983e-01 4.579039e+00
9.999999e-01 -1.317067e-04 -4.194327e-04 -2.746996e+00 1.316818e-04 1.000000e+00 -5.953352e-05 8.798945e-02 4.194367e-04 5.947617e-05 9.999998e-01 4.775243e+00
9.999971e-01 -1.780845e-03 -1.610604e-03 -2.844195e+00 1.779417e-03 9.999980e-01 -8.877905e-04 9.016121e-02 1.612186e-03 8.849242e-04 9.999984e-01 4.957987e+00
9.999998e-01 -3.950811e-04 -4.145999e-04 -2.968506e+00 3.949660e-04 9.999999e-01 -2.774278e-04 9.369223e-02 4.147051e-04 2.772617e-04 9.999998e-01 5.181477e+00
9.999973e-01 -1.803610e-03 -1.481692e-03 -3.075072e+00 1.802436e-03 9.999981e-01 -7.933316e-04 9.703001e-02 1.483124e-03 7.906612e-04 9.999987e-01 5.394534e+00
1.000000e+00 -7.906732e-05 -2.610687e-06 -3.103672e+00 7.906737e-05 1.000000e+00 3.406028e-05 9.792046e-02 2.603372e-06 -3.406297e-05 9.999999e-01 5.560520e+00
9.999971e-01 -1.727148e-03 -1.673602e-03 -3.151483e+00 1.725942e-03 9.999983e-01 -7.214215e-04 9.922519e-02 1.674850e-03 7.185334e-04 9.999984e-01 5.720040e+00
1.000000e+00 4.057866e-05 1.245946e-04 -3.192030e+00 -4.057658e-05 1.000000e+00 -1.707953e-05 9.996481e-02 -1.246003e-04 1.707186e-05 9.999999e-01 5.867095e+00
9.999973e-01 -1.490681e-03 -1.763690e-03 -3.223968e+00 1.489821e-03 9.999988e-01 -4.886194e-04 9.988183e-02 1.764421e-03 4.859932e-04 9.999984e-01 5.986959e+00
1.000000e+00 6.148647e-05 1.547921e-04 -3.243723e+00 -6.147829e-05 1.000000e+00 -5.317299e-05 9.933455e-02 -1.548006e-04 5.316076e-05 9.999999e-01 6.103591e+00
9.999971e-01 -1.436844e-03 -1.939566e-03 -3.280032e+00 1.435867e-03 9.999988e-01 -5.051182e-04 9.936488e-02 1.940295e-03 5.023345e-04 9.999981e-01 6.219728e+00
9.999999e-01 -4.675173e-04 7.248235e-05 -3.377281e+00 4.675518e-04 9.999998e-01 -4.776402e-04 1.018586e-01 -7.226468e-05 4.776711e-04 9.999998e-01 6.410872e+00
9.999956e-01 -2.001094e-03 -2.171356e-03 -3.534527e+00 1.998975e-03 9.999975e-01 -9.777119e-04 1.066750e-01 2.173313e-03 9.733701e-04 9.999973e-01 6.672921e+00
9.999999e-01 -4.862228e-04 1.416687e-04 -3.686477e+00 4.862850e-04 9.999998e-01 -4.395598e-04 1.115802e-01 -1.414611e-04 4.396255e-04 9.999998e-01 6.936162e+00
9.999961e-01 -1.959754e-03 -2.011832e-03 -3.815969e+00 1.958081e-03 9.999977e-01 -8.331235e-04 1.161466e-01 2.013466e-03 8.291841e-04 9.999977e-01 7.190168e+00
9.999999e-01 -4.107126e-04 1.136493e-05 -3.954259e+00 4.107175e-04 9.999998e-01 -4.409385e-04 1.204188e-01 -1.119029e-05 4.409398e-04 9.999998e-01 7.435842e+00
9.999951e-01 -2.093150e-03 -2.309758e-03 -4.124745e+00 2.090668e-03 9.999972e-01 -1.076668e-03 1.253061e-01 2.312012e-03 1.071837e-03 9.999969e-01 7.702918e+00
9.999999e-01 -4.868011e-04 4.332442e-05 -4.308421e+00 4.868217e-04 9.999998e-01 -4.806055e-04 1.303612e-01 -4.309737e-05 4.806229e-04 9.999998e-01 7.979750e+00
9.999952e-01 -2.060812e-03 -2.308235e-03 -4.486691e+00 2.058329e-03 9.999973e-01 -1.077277e-03 1.354542e-01 2.310456e-03 1.072525e-03 9.999969e-01 8.254869e+00
9.999999e-01 -2.655711e-04 4.284495e-04 -4.624334e+00 2.656353e-04 1.000000e+00 -1.500212e-04 1.393628e-01 -4.284170e-04 1.501311e-04 9.999998e-01 8.493824e+00
9.999956e-01 -1.883519e-03 -2.281284e-03 -4.729149e+00 1.881577e-03 9.999979e-01 -8.531502e-04 1.426645e-01 2.282894e-03 8.488580e-04 9.999971e-01 8.708335e+00
9.999998e-01 -1.844515e-04 6.269667e-04 -4.815084e+00 1.844798e-04 1.000000e+00 -4.534778e-05 1.455947e-01 -6.269660e-04 4.545934e-05 9.999997e-01 8.909883e+00
9.999971e-01 -1.249037e-03 -2.059759e-03 -4.813906e+00 1.248436e-03 9.999992e-01 -2.934392e-04 1.445205e-01 2.060132e-03 2.908709e-04 9.999979e-01 9.015398e+00
9.999998e-01 -3.177915e-04 6.148810e-04 -4.827714e+00 3.180078e-04 9.999999e-01 -3.518921e-04 1.440783e-01 -6.147771e-04 3.520834e-04 9.999996e-01 9.149863e+00
9.999952e-01 -1.812337e-03 -2.503798e-03 -4.938490e+00 1.810435e-03 9.999981e-01 -7.619319e-04 1.474893e-01 2.505183e-03 7.573996e-04 9.999967e-01 9.369556e+00
9.999996e-01 5.210115e-05 9.017844e-04 -4.986239e+00 -5.221128e-05 1.000000e+00 1.219212e-04 1.485451e-01 -9.017864e-04 -1.219726e-04 9.999995e-01 9.520252e+00
9.999970e-01 -1.566733e-03 -1.904954e-03 -4.930087e+00 1.565688e-03 9.999986e-01 -5.502863e-04 1.457101e-01 1.905822e-03 5.473064e-04 9.999981e-01 9.615867e+00
9.999994e-01 8.038387e-05 1.128649e-03 -4.835184e+00 -8.055740e-05 1.000000e+00 1.535550e-04 1.414213e-01 -1.128645e-03 -1.536502e-04 9.999993e-01 9.695965e+00
9.999966e-01 -1.408167e-03 -2.202903e-03 -4.775795e+00 1.407208e-03 9.999989e-01 -4.367057e-04 1.380055e-01 2.203524e-03 4.336087e-04 9.999976e-01 9.769864e+00
9.999990e-01 3.139665e-04 1.393749e-03 -4.676502e+00 -3.143974e-04 9.999999e-01 3.088213e-04 1.329733e-01 -1.393661e-03 -3.092636e-04 9.999989e-01 9.814703e+00
9.999948e-01 -1.717302e-03 -2.718805e-03 -4.653795e+00 1.715253e-03 9.999982e-01 -7.560208e-04 1.306454e-01 2.720107e-03 7.513579e-04 9.999961e-01 9.912351e+00
9.999992e-01 -8.080836e-05 1.235948e-03 -4.705759e+00 8.066669e-05 1.000000e+00 1.145195e-04 1.316307e-01 -1.235966e-03 -1.144242e-04 9.999991e-01 1.006831e+01
9.999944e-01 -1.574343e-03 -2.952866e-03 -4.741962e+00 1.572679e-03 9.999986e-01 -5.658652e-04 1.314949e-01 2.953762e-03 5.612226e-04 9.999956e-01 1.020407e+01
9.999980e-01 -2.112976e-05 2.005410e-03 -4.722254e+00 2.141860e-05 1.000000e+00 -1.441142e-04 1.293331e-01 -2.005416e-03 1.441522e-04 9.999979e-01 1.032619e+01
9.999940e-01 -1.714376e-03 -3.016282e-03 -4.728082e+00 1.712923e-03 9.999984e-01 -4.841376e-04 1.279434e-01 3.017117e-03 4.789727e-04 9.999954e-01 1.046467e+01
9.999989e-01 -5.207114e-04 1.375192e-03 -4.845409e+00 5.215865e-04 9.999997e-01 -6.362323e-04 1.318327e-01 -1.374870e-03 6.369441e-04 9.999988e-01 1.069683e+01
9.999935e-01 -1.623147e-03 -3.223485e-03 -4.948942e+00 1.622006e-03 9.999986e-01 -3.564457e-04 1.352687e-01 3.224069e-03 3.512198e-04 9.999948e-01 1.091359e+01
9.999985e-01 -9.744956e-05 1.703767e-03 -5.015338e+00 9.789200e-05 1.000000e+00 -2.597369e-04 1.369921e-01 -1.703752e-03 2.598984e-04 9.999984e-01 1.108505e+01
9.999935e-01 -1.633155e-03 -3.210080e-03 -5.070660e+00 1.632694e-03 9.999987e-01 -1.462188e-04 1.384573e-01 3.210325e-03 1.409817e-04 9.999949e-01 1.125132e+01
9.999984e-01 -1.928224e-04 1.792893e-03 -5.123108e+00 1.934623e-04 9.999999e-01 -3.569170e-04 1.408353e-01 -1.792834e-03 3.572583e-04 9.999982e-01 1.143862e+01
9.999950e-01 -1.491987e-03 -2.786674e-03 -5.067259e+00 1.492848e-03 9.999988e-01 3.068266e-04 1.407239e-01 2.786223e-03 -3.109802e-04 9.999962e-01 1.159239e+01
9.999980e-01 -3.089292e-04 1.983660e-03 -4.965061e+00 3.095309e-04 9.999999e-01 -3.031429e-04 1.401446e-01 -1.983576e-03 3.037514e-04 9.999979e-01 1.175895e+01
9.999948e-01 -1.504059e-03 -2.862432e-03 -4.876018e+00 1.505045e-03 9.999988e-01 3.423412e-04 1.398839e-01 2.861925e-03 -3.466426e-04 9.999959e-01 1.192751e+01
9.999974e-01 -1.081951e-04 2.263710e-03 -4.762204e+00 1.087000e-04 1.000000e+00 -2.230335e-04 1.374796e-01 -2.263697e-03 2.232740e-04 9.999973e-01 1.204849e+01
9.999947e-01 -1.449740e-03 -2.916293e-03 -4.650426e+00 1.450803e-03 9.999989e-01 3.624237e-04 1.344084e-01 2.915775e-03 -3.666479e-04 9.999958e-01 1.215087e+01
9.999984e-01 9.599174e-05 1.770369e-03 -4.582773e+00 -9.530668e-05 9.999999e-01 -3.871812e-04 1.314292e-01 -1.770417e-03 3.870069e-04 9.999983e-01 1.222897e+01
9.999946e-01 -1.341123e-03 -3.015480e-03 -4.552605e+00 1.341242e-03 9.999991e-01 3.741557e-05 1.287129e-01 3.015438e-03 -4.145492e-05 9.999956e-01 1.231538e+01
9.999980e-01 2.972444e-04 2.001026e-03 -4.501583e+00 -2.968982e-04 9.999999e-01 -1.734200e-04 1.248211e-01 -2.001088e-03 1.728206e-04 9.999979e-01 1.237243e+01
9.999935e-01 -1.403549e-03 -3.306297e-03 -4.445413e+00 1.403456e-03 9.999990e-01 -3.038962e-05 1.214040e-01 3.306348e-03 2.575414e-05 9.999946e-01 1.243956e+01
9.999970e-01 4.885530e-04 2.392678e-03 -4.368720e+00 -4.885069e-04 9.999999e-01 -1.999276e-05 1.170508e-01 -2.392699e-03 1.881889e-05 9.999970e-01 1.247787e+01
9.999928e-01 -1.385348e-03 -3.538903e-03 -4.283559e+00 1.385150e-03 9.999990e-01 -5.855938e-05 1.128059e-01 3.538992e-03 5.366201e-05 9.999938e-01 1.252041e+01
9.999967e-01 4.763312e-04 2.510347e-03 -4.190967e+00 -4.761832e-04 9.999999e-01 -5.965959e-05 1.081672e-01 -2.510386e-03 5.845903e-05 9.999967e-01 1.256016e+01
9.999931e-01 -1.401316e-03 -3.440960e-03 -4.077048e+00 1.400621e-03 9.999990e-01 -2.047083e-04 1.024741e-01 3.441255e-03 1.998924e-04 9.999942e-01 1.259710e+01
9.999968e-01 4.739017e-04 2.492352e-03 -3.973045e+00 -4.739116e-04 9.999999e-01 3.282725e-06 9.730133e-02 -2.492361e-03 -4.468883e-06 9.999968e-01 1.263537e+01
9.999929e-01 -1.466743e-03 -3.468956e-03 -3.878551e+00 1.465749e-03 9.999989e-01 -2.892103e-04 9.249170e-02 3.469388e-03 2.841287e-04 9.999940e-01 1.268068e+01
9.999907e-01 -3.060060e-04 4.298677e-03 -3.630847e+00 3.069972e-04 9.999999e-01 -2.299902e-04 8.641271e-02 -4.298617e-03 2.313026e-04 9.999906e-01 1.284060e+01
9.999857e-01 -1.950045e-03 -4.987313e-03 -3.387997e+00 1.945878e-03 9.999978e-01 -8.403112e-04 8.095567e-02 4.988953e-03 8.305996e-04 9.999873e-01 1.302374e+01
9.999905e-01 9.619419e-04 4.261291e-03 -3.273683e+00 -9.646987e-04 9.999993e-01 6.448708e-04 7.508552e-02 -4.260680e-03 -6.489807e-04 9.999906e-01 1.305823e+01
9.999855e-01 -1.846015e-03 -5.062391e-03 -3.166989e+00 1.841730e-03 9.999979e-01 -8.511204e-04 6.952806e-02 5.063964e-03 8.417897e-04 9.999869e-01 1.309077e+01
9.999905e-01 9.745884e-04 4.255792e-03 -3.054038e+00 -9.771099e-04 9.999993e-01 5.903862e-04 6.370404e-02 -4.255226e-03 -5.945441e-04 9.999907e-01 1.312290e+01
9.999852e-01 -1.887983e-03 -5.105436e-03 -2.910129e+00 1.882945e-03 9.999977e-01 -9.914925e-04 5.640592e-02 5.107308e-03 9.818698e-04 9.999866e-01 1.314672e+01
9.999885e-01 1.026387e-03 4.692286e-03 -2.735944e+00 -1.027077e-03 9.999995e-01 1.446775e-04 4.752913e-02 -4.692147e-03 -1.495005e-04 9.999889e-01 1.315201e+01
9.999847e-01 -1.873755e-03 -5.200849e-03 -2.559039e+00 1.868790e-03 9.999978e-01 -9.592945e-04 3.848818e-02 5.202648e-03 9.495660e-04 9.999861e-01 1.316066e+01
9.999892e-01 7.608349e-04 4.582438e-03 -2.384133e+00 -7.631042e-04 9.999996e-01 4.934192e-04 3.025352e-02 -4.582073e-03 -4.969162e-04 9.999893e-01 1.319269e+01
9.999857e-01 -1.694175e-03 -5.064663e-03 -2.227023e+00 1.688674e-03 9.999980e-01 -1.090310e-03 2.240325e-02 5.066513e-03 1.081747e-03 9.999867e-01 1.322122e+01
9.999909e-01 8.265996e-04 4.187727e-03 -2.081217e+00 -8.292361e-04 9.999995e-01 6.277925e-04 1.479918e-02 -4.187218e-03 -6.312649e-04 9.999909e-01 1.324032e+01
9.999863e-01 -1.793288e-03 -4.908697e-03 -1.930514e+00 1.788127e-03 9.999978e-01 -1.055634e-03 7.193693e-03 4.910591e-03 1.046848e-03 9.999875e-01 1.326802e+01
9.999912e-01 9.140943e-04 4.086702e-03 -1.804129e+00 -9.170888e-04 9.999993e-01 7.308463e-04 7.555643e-04 -4.086044e-03 -7.345934e-04 9.999913e-01 1.329932e+01
9.999860e-01 -1.773995e-03 -4.989644e-03 -1.703860e+00 1.769315e-03 9.999980e-01 -9.422590e-04 -4.427841e-03 4.991318e-03 9.334231e-04 9.999872e-01 1.333300e+01
9.999914e-01 9.245382e-04 4.039748e-03 -1.612026e+00 -9.274306e-04 9.999993e-01 7.140784e-04 -9.342810e-03 -4.039098e-03 -7.178245e-04 9.999915e-01 1.336911e+01
9.999860e-01 -1.715118e-03 -5.005253e-03 -1.516201e+00 1.710588e-03 9.999981e-01 -9.091838e-04 -1.437192e-02 5.006816e-03 9.006147e-04 9.999872e-01 1.340117e+01
9.999913e-01 7.918703e-04 4.092683e-03 -1.426338e+00 -7.943146e-04 9.999995e-01 5.955698e-04 -1.932513e-02 -4.092222e-03 -5.988212e-04 9.999913e-01 1.344231e+01
9.999856e-01 -1.965063e-03 -4.986272e-03 -1.330207e+00 1.959665e-03 9.999975e-01 -1.087293e-03 -2.441725e-02 4.988409e-03 1.077512e-03 9.999871e-01 1.349860e+01
9.999909e-01 7.907104e-04 4.188800e-03 -1.210229e+00 -7.936229e-04 9.999994e-01 6.936110e-04 -3.020964e-02 -4.188262e-03 -6.969348e-04 9.999909e-01 1.354675e+01
9.999854e-01 -1.909667e-03 -5.048583e-03 -1.091912e+00 1.904295e-03 9.999976e-01 -1.068671e-03 -3.584714e-02 5.050625e-03 1.059047e-03 9.999868e-01 1.359258e+01
9.999893e-01 7.376817e-04 4.569060e-03 -9.567453e-01 -7.414749e-04 9.999994e-01 8.284681e-04 -4.265608e-02 -4.568459e-03 -8.318528e-04 9.999891e-01 1.362826e+01
9.999842e-01 -1.810215e-03 -5.314970e-03 -8.422953e-01 1.805211e-03 9.999979e-01 -9.462590e-04 -4.845000e-02 5.316685e-03 9.366552e-04 9.999855e-01 1.366380e+01
9.999902e-01 9.320716e-04 4.327884e-03 -7.473704e-01 -9.352833e-04 9.999993e-01 7.400195e-04 -5.326342e-02 -4.327204e-03 -7.440659e-04 9.999903e-01 1.370120e+01
9.999836e-01 -1.756279e-03 -5.446548e-03 -6.861904e-01 1.751486e-03 9.999981e-01 -8.848166e-04 -5.705004e-02 5.448105e-03 8.752683e-04 9.999849e-01 1.374467e+01
9.999908e-01 9.718711e-04 4.185246e-03 -6.591474e-01 -9.746541e-04 9.999993e-01 6.628699e-04 -5.983047e-02 -4.184613e-03 -6.669487e-04 9.999909e-01 1.379724e+01
9.999835e-01 -1.828396e-03 -5.452052e-03 -6.345100e-01 1.823248e-03 9.999979e-01 -9.491981e-04 -6.253645e-02 5.453790e-03 9.392478e-04 9.999848e-01 1.385591e+01
9.999909e-01 9.749625e-04 4.160282e-03 -6.100808e-01 -9.779061e-04 9.999993e-01 7.054840e-04 -6.518242e-02 -4.159605e-03 -7.095518e-04 9.999910e-01 1.391383e+01
9.999818e-01 -1.904488e-03 -5.727001e-03 -6.203376e-01 1.898626e-03 9.999977e-01 -1.028939e-03 -6.665885e-02 5.728962e-03 1.018053e-03 9.999832e-01 1.398983e+01
9.999917e-01 8.275374e-04 3.991084e-03 -6.577381e-01 -8.295820e-04 9.999995e-01 5.105693e-04 -6.742973e-02 -3.990674e-03 -5.138819e-04 9.999918e-01 1.408825e+01
9.999820e-01 -1.947682e-03 -5.669080e-03 -6.872933e-01 1.942003e-03 9.999976e-01 -1.007064e-03 -6.814307e-02 5.671042e-03 9.960421e-04 9.999835e-01 1.418427e+01
9.999919e-01 8.152700e-04 3.931013e-03 -7.236385e-01 -8.170368e-04 9.999996e-01 4.477611e-04 -6.873049e-02 -3.930661e-03 -4.509753e-04 9.999921e-01 1.428502e+01
9.999812e-01 -2.021757e-03 -5.793878e-03 -7.717592e-01 2.015577e-03 9.999974e-01 -1.072302e-03 -6.898212e-02 5.796046e-03 1.060610e-03 9.999827e-01 1.439712e+01
9.999917e-01 8.019293e-04 3.984713e-03 -8.200822e-01 -8.036093e-04 9.999996e-01 4.199169e-04 -6.921961e-02 -3.984390e-03 -4.231217e-04 9.999919e-01 1.450874e+01
9.999813e-01 -1.973396e-03 -5.780360e-03 -8.647560e-01 1.967578e-03 9.999976e-01 -1.012015e-03 -6.965665e-02 5.782358e-03 1.000629e-03 9.999829e-01 1.461603e+01
9.999924e-01 6.596144e-04 3.853699e-03 -9.284307e-01 -6.606810e-04 9.999997e-01 2.753781e-04 -6.952329e-02 -3.853531e-03 -2.779283e-04 9.999924e-01 1.474134e+01
9.999805e-01 -2.112489e-03 -5.869530e-03 -1.007325e+00 2.106023e-03 9.999972e-01 -1.107709e-03 -6.891726e-02 5.871869e-03 1.095332e-03 9.999823e-01 1.488196e+01
9.999924e-01 5.716288e-04 3.853350e-03 -1.095951e+00 -5.725871e-04 9.999998e-01 2.474646e-04 -6.811929e-02 -3.853224e-03 -2.496755e-04 9.999924e-01 1.503083e+01
9.999803e-01 -2.158411e-03 -5.896362e-03 -1.190471e+00 2.151674e-03 9.999970e-01 -1.148730e-03 -6.716109e-02 5.898839e-03 1.136027e-03 9.999821e-01 1.518501e+01
9.999923e-01 6.138739e-04 3.877251e-03 -1.281686e+00 -6.149329e-04 9.999998e-01 2.718018e-04 -6.634548e-02 -3.877100e-03 -2.741905e-04 9.999923e-01 1.533536e+01
9.999804e-01 -2.161214e-03 -5.883671e-03 -1.373648e+00 2.154619e-03 9.999970e-01 -1.126983e-03 -6.557773e-02 5.886106e-03 1.114290e-03 9.999822e-01 1.548556e+01
9.999922e-01 6.241773e-04 3.906616e-03 -1.460672e+00 -6.252604e-04 9.999998e-01 2.758976e-04 -6.484992e-02 -3.906460e-03 -2.783448e-04 9.999922e-01 1.563250e+01
9.999818e-01 -1.928234e-03 -5.711269e-03 -1.514442e+00 1.923045e-03 9.999977e-01 -9.140253e-04 -6.495390e-02 5.713035e-03 9.030323e-04 9.999834e-01 1.575021e+01
9.999913e-01 9.020070e-04 4.070305e-03 -1.541623e+00 -9.039739e-04 9.999995e-01 4.812793e-04 -6.601788e-02 -4.069886e-03 -4.849613e-04 9.999915e-01 1.583927e+01
9.999815e-01 -1.961802e-03 -5.754343e-03 -1.575571e+00 1.956297e-03 9.999976e-01 -9.620862e-04 -6.691775e-02 5.756234e-03 9.508180e-04 9.999831e-01 1.593398e+01
9.999916e-01 8.273676e-04 4.024631e-03 -1.617820e+00 -8.291009e-04 9.999996e-01 4.288843e-04 -6.758225e-02 -4.024291e-03 -4.322244e-04 9.999917e-01 1.603667e+01
9.999816e-01 -1.938925e-03 -5.746165e-03 -1.653862e+00 1.933633e-03 9.999977e-01 -9.265038e-04 -6.831664e-02 5.747966e-03 9.153827e-04 9.999832e-01 1.613578e+01
9.999915e-01 8.699286e-04 4.026586e-03 -1.682665e+00 -8.718126e-04 9.999995e-01 4.660095e-04 -6.914698e-02 -4.026196e-03 -4.695228e-04 9.999917e-01 1.623042e+01
9.999812e-01 -2.000231e-03 -5.794789e-03 -1.716925e+00 1.994618e-03 9.999975e-01 -9.744251e-04 -6.975008e-02 5.796742e-03 9.628554e-04 9.999828e-01 1.633131e+01
9.999914e-01 8.663291e-04 4.045913e-03 -1.749536e+00 -8.681715e-04 9.999995e-01 4.534941e-04 -7.033185e-02 -4.045536e-03 -4.570098e-04 9.999916e-01 1.643139e+01
9.999807e-01 -2.049169e-03 -5.866648e-03 -1.790385e+00 2.043217e-03 9.999974e-01 -1.020526e-03 -7.068272e-02 5.868742e-03 1.008526e-03 9.999824e-01 1.653935e+01
9.999923e-01 6.691551e-04 3.875160e-03 -1.859408e+00 -6.701594e-04 9.999997e-01 2.576997e-04 -7.027957e-02 -3.875005e-03 -2.603018e-04 9.999924e-01 1.667293e+01
9.999787e-01 -2.365320e-03 -6.075886e-03 -1.960610e+00 2.357565e-03 9.999964e-01 -1.283292e-03 -6.859299e-02 6.078918e-03 1.268947e-03 9.999808e-01 1.684427e+01
9.999930e-01 4.178726e-04 3.709254e-03 -2.083215e+00 -4.180834e-04 9.999999e-01 5.589629e-05 -6.599847e-02 -3.709249e-03 -5.745396e-05 9.999930e-01 1.704041e+01
9.999790e-01 -2.407112e-03 -6.024685e-03 -2.208125e+00 2.399088e-03 9.999962e-01 -1.338968e-03 -6.313679e-02 6.027904e-03 1.324493e-03 9.999811e-01 1.724221e+01
9.999933e-01 3.420455e-04 3.645332e-03 -2.346624e+00 -3.420774e-04 9.999999e-01 7.940325e-06 -6.005634e-02 -3.645348e-03 -9.194752e-06 9.999933e-01 1.745470e+01
9.999782e-01 -2.464726e-03 -6.120751e-03 -2.494347e+00 2.456313e-03 9.999960e-01 -1.381860e-03 -5.688599e-02 6.124152e-03 1.366803e-03 9.999804e-01 1.767167e+01
9.999929e-01 4.125264e-04 3.735414e-03 -2.632162e+00 -4.127272e-04 9.999999e-01 5.279083e-05 -5.371897e-02 -3.735412e-03 -5.433988e-05 9.999929e-01 1.788685e+01
9.999788e-01 -2.461578e-03 -6.036484e-03 -2.764354e+00 2.453338e-03 9.999960e-01 -1.372185e-03 -5.041371e-02 6.039858e-03 1.357354e-03 9.999809e-01 1.810347e+01
9.999927e-01 4.004897e-04 3.799257e-03 -2.893521e+00 -4.006919e-04 9.999999e-01 5.225958e-05 -4.697983e-02 -3.799256e-03 -5.378947e-05 9.999927e-01 1.832237e+01
9.999793e-01 -2.447926e-03 -5.957226e-03 -3.015034e+00 2.440044e-03 9.999961e-01 -1.330056e-03 -4.356902e-02 5.960479e-03 1.315500e-03 9.999815e-01 1.853876e+01
9.999924e-01 4.238144e-04 3.875487e-03 -3.131304e+00 -4.241559e-04 9.999999e-01 8.708011e-05 -4.019448e-02 -3.875471e-03 -8.873140e-05 9.999924e-01 1.875328e+01
9.999780e-01 -2.599280e-03 -6.100046e-03 -3.266549e+00 2.590372e-03 9.999956e-01 -1.467926e-03 -3.641343e-02 6.103856e-03 1.452100e-03 9.999804e-01 1.898081e+01
9.999923e-01 4.888882e-04 3.900236e-03 -3.398394e+00 -4.894409e-04 9.999999e-01 1.405195e-04 -3.296375e-02 -3.900187e-03 -1.424357e-04 9.999923e-01 1.920065e+01
9.999778e-01 -2.592772e-03 -6.135703e-03 -3.530971e+00 2.583768e-03 9.999956e-01 -1.475121e-03 -2.946265e-02 6.139522e-03 1.459244e-03 9.999802e-01 1.942206e+01
9.999918e-01 5.570375e-04 4.007538e-03 -3.652695e+00 -5.578536e-04 9.999998e-01 2.023047e-04 -2.608167e-02 -4.007446e-03 -2.045472e-04 9.999919e-01 1.963851e+01
9.999779e-01 -2.621816e-03 -6.102834e-03 -3.773353e+00 2.612790e-03 9.999955e-01 -1.486692e-03 -2.251215e-02 6.106726e-03 1.470722e-03 9.999804e-01 1.985871e+01
9.999918e-01 5.339538e-04 4.007369e-03 -3.896563e+00 -5.347013e-04 9.999998e-01 1.852269e-04 -1.878724e-02 -4.007292e-03 -1.873769e-04 9.999919e-01 2.008390e+01
9.999776e-01 -2.672045e-03 -6.137046e-03 -4.026618e+00 2.662679e-03 9.999953e-01 -1.533924e-03 -1.489153e-02 6.141138e-03 1.517558e-03 9.999801e-01 2.031454e+01
9.999920e-01 4.515503e-04 3.971983e-03 -4.166202e+00 -4.520463e-04 9.999999e-01 1.237218e-04 -1.068421e-02 -3.971949e-03 -1.255254e-04 9.999920e-01 2.055544e+01
9.999773e-01 -2.700571e-03 -6.180643e-03 -4.309946e+00 2.690993e-03 9.999952e-01 -1.557611e-03 -6.484371e-03 6.184843e-03 1.540952e-03 9.999798e-01 2.079655e+01
9.999924e-01 3.983300e-04 3.872945e-03 -4.464518e+00 -3.985477e-04 9.999999e-01 5.514495e-05 -2.058818e-03 -3.872945e-03 -5.669731e-05 9.999924e-01 2.104622e+01
9.999813e-01 -1.889604e-03 -5.811253e-03 -4.511589e+00 1.885487e-03 9.999980e-01 -7.140109e-04 -1.505755e-03 5.812613e-03 7.030498e-04 9.999830e-01 2.117482e+01
9.999882e-01 1.256098e-03 4.683803e-03 -4.422052e+00 -1.258376e-03 9.999991e-01 4.833115e-04 -6.418972e-03 -4.683215e-03 -4.892091e-04 9.999888e-01 2.120321e+01
9.999814e-01 -1.899666e-03 -5.797799e-03 -4.331488e+00 1.895574e-03 9.999980e-01 -7.113488e-04 -1.134633e-02 5.799162e-03 7.003547e-04 9.999830e-01 2.123209e+01
9.999895e-01 1.232506e-03 4.404606e-03 -4.294657e+00 -1.235014e-03 9.999991e-01 5.665851e-04 -1.410179e-02 -4.403927e-03 -5.720282e-04 9.999900e-01 2.127832e+01
9.999800e-01 -2.016375e-03 -5.989574e-03 -4.280408e+00 2.011324e-03 9.999976e-01 -8.493483e-04 -1.595095e-02 5.991296e-03 8.372937e-04 9.999818e-01 2.134183e+01
9.999888e-01 1.231334e-03 4.567297e-03 -4.237421e+00 -1.234062e-03 9.999991e-01 5.942791e-04 -1.868140e-02 -4.566585e-03 -5.999181e-04 9.999893e-01 2.139523e+01
9.999813e-01 -1.990490e-03 -5.782387e-03 -4.160705e+00 1.985981e-03 9.999977e-01 -7.856484e-04 -2.260697e-02 5.783961e-03 7.741594e-04 9.999831e-01 2.143471e+01
9.999895e-01 1.138313e-03 4.442621e-03 -4.128825e+00 -1.141423e-03 9.999991e-01 6.973090e-04 -2.521745e-02 -4.441847e-03 -7.023820e-04 9.999898e-01 2.148914e+01
9.999803e-01 -2.038549e-03 -5.942276e-03 -4.116233e+00 2.033249e-03 9.999975e-01 -8.978763e-04 -2.712225e-02 5.944116e-03 8.857858e-04 9.999820e-01 2.155622e+01
9.999885e-01 1.282811e-03 4.629520e-03 -4.062688e+00 -1.285862e-03 9.999990e-01 6.560482e-04 -3.041418e-02 -4.628698e-03 -6.620029e-04 9.999890e-01 2.160345e+01
9.999805e-01 -2.019630e-03 -5.912745e-03 -4.002307e+00 2.014568e-03 9.999976e-01 -8.622171e-04 -3.394952e-02 5.914496e-03 8.502980e-04 9.999822e-01 2.164717e+01
9.999881e-01 1.284498e-03 4.704068e-03 -3.938333e+00 -1.287537e-03 9.999990e-01 6.428427e-04 -3.770640e-02 -4.703262e-03 -6.489011e-04 9.999886e-01 2.168871e+01
9.999801e-01 -2.037956e-03 -5.962485e-03 -3.877375e+00 2.032724e-03 9.999975e-01 -8.836529e-04 -4.133103e-02 5.964296e-03 8.715247e-04 9.999819e-01 2.173348e+01
9.999882e-01 1.251908e-03 4.693640e-03 -3.818309e+00 -1.254772e-03 9.999990e-01 6.069797e-04 -4.482946e-02 -4.692900e-03 -6.128714e-04 9.999887e-01 2.178086e+01
9.999805e-01 -1.981276e-03 -5.918379e-03 -3.751156e+00 1.976575e-03 9.999977e-01 -8.001820e-04 -4.860319e-02 5.919975e-03 7.884777e-04 9.999823e-01 2.182102e+01
9.999884e-01 1.146003e-03 4.679813e-03 -3.679166e+00 -1.148416e-03 9.999992e-01 5.127501e-04 -5.250829e-02 -4.679246e-03 -5.181279e-04 9.999888e-01 2.186818e+01
9.999805e-01 -2.031432e-03 -5.899314e-03 -3.609315e+00 2.026972e-03 9.999977e-01 -7.621664e-04 -5.625730e-02 5.900874e-03 7.502032e-04 9.999824e-01 2.191730e+01
9.999881e-01 1.017527e-03 4.767027e-03 -3.529294e+00 -1.019343e-03 9.999994e-01 3.783509e-04 -6.050157e-02 -4.766664e-03 -3.832151e-04 9.999885e-01 2.197222e+01
9.999799e-01 -1.892140e-03 -6.054954e-03 -3.476332e+00 1.888559e-03 9.999980e-01 -5.973228e-04 -6.380616e-02 6.056098e-03 5.858851e-04 9.999816e-01 2.202585e+01
9.999890e-01 1.119950e-03 4.556090e-03 -3.455134e+00 -1.121659e-03 9.999993e-01 3.724689e-04 -6.597485e-02 -4.555695e-03 -3.775847e-04 9.999895e-01 2.208471e+01
9.999795e-01 -1.909696e-03 -6.112128e-03 -3.443658e+00 1.905888e-03 9.999980e-01 -6.290223e-04 -6.792546e-02 6.113342e-03 6.173698e-04 9.999812e-01 2.214857e+01
9.999883e-01 1.120402e-03 4.708992e-03 -3.416604e+00 -1.122053e-03 9.999993e-01 3.476237e-04 -7.035785e-02 -4.708625e-03 -3.529129e-04 9.999888e-01 2.220614e+01
9.999800e-01 -1.919475e-03 -6.022018e-03 -3.369182e+00 1.916012e-03 9.999980e-01 -5.811069e-04 -7.346873e-02 6.023147e-03 5.695665e-04 9.999818e-01 2.225736e+01
9.999881e-01 1.009313e-03 4.771834e-03 -3.312858e+00 -1.010478e-03 9.999995e-01 2.416566e-04 -7.683721e-02 -4.771614e-03 -2.464851e-04 9.999885e-01 2.231258e+01
9.999805e-01 -2.047541e-03 -5.907193e-03 -3.227306e+00 2.043769e-03 9.999977e-01 -6.447496e-04 -8.115739e-02 5.908525e-03 6.326736e-04 9.999824e-01 2.236806e+01
9.999885e-01 1.053448e-03 4.672751e-03 -3.156142e+00 -1.055098e-03 9.999994e-01 3.504629e-04 -8.475217e-02 -4.672406e-03 -3.553986e-04 9.999889e-01 2.242605e+01
9.999785e-01 -1.970905e-03 -6.251943e-03 -3.148483e+00 1.967087e-03 9.999979e-01 -6.170342e-04 -8.638642e-02 6.253172e-03 6.047324e-04 9.999804e-01 2.249853e+01
9.999899e-01 9.176700e-04 4.389630e-03 -3.177302e+00 -9.180142e-04 9.999996e-01 7.608543e-05 -8.696858e-02 -4.389585e-03 -8.012405e-05 9.999903e-01 2.259653e+01
9.999783e-01 -2.038863e-03 -6.271669e-03 -3.211955e+00 2.034823e-03 9.999977e-01 -6.506578e-04 -8.737178e-02 6.273008e-03 6.378916e-04 9.999802e-01 2.270064e+01
9.999875e-01 1.177664e-03 4.851374e-03 -3.189246e+00 -1.179190e-03 9.999993e-01 3.113580e-04 -8.965200e-02 -4.851030e-03 -3.170845e-04 9.999881e-01 2.276438e+01
9.999801e-01 -1.873837e-03 -6.025676e-03 -3.123033e+00 1.870923e-03 9.999981e-01 -4.894721e-04 -9.351688e-02 6.026609e-03 4.781985e-04 9.999818e-01 2.280194e+01
9.999889e-01 8.041959e-04 4.633754e-03 -3.091594e+00 -8.041006e-04 9.999997e-01 -2.272175e-05 -9.616401e-02 -4.633798e-03 1.898576e-05 9.999892e-01 2.287791e+01
9.999803e-01 -1.845933e-03 -6.004766e-03 -3.073719e+00 1.844089e-03 9.999983e-01 -3.127210e-04 -9.832003e-02 6.005360e-03 3.016512e-04 9.999820e-01 2.295125e+01
9.999884e-01 1.035265e-03 4.700221e-03 -3.043605e+00 -1.035671e-03 9.999995e-01 8.371834e-05 -1.011286e-01 -4.700159e-03 -8.859502e-05 9.999889e-01 2.300671e+01
9.999802e-01 -1.821952e-03 -6.028014e-03 -3.012497e+00 1.820047e-03 9.999983e-01 -3.217239e-04 -1.039123e-01 6.028617e-03 3.107560e-04 9.999819e-01 2.306134e+01
9.999905e-01 8.122848e-04 4.289581e-03 -3.032652e+00 -8.119449e-04 9.999997e-01 -8.129379e-05 -1.049349e-01 -4.289673e-03 7.780031e-05 9.999907e-01 2.315060e+01
9.999783e-01 -2.072405e-03 -6.253206e-03 -3.085010e+00 2.068659e-03 9.999977e-01 -6.056516e-04 -1.048658e-01 6.254475e-03 5.927125e-04 9.999804e-01 2.327078e+01
9.999908e-01 7.334179e-04 4.224741e-03 -3.145140e+00 -7.327047e-04 9.999997e-01 -1.706957e-04 -1.044620e-01 -4.224893e-03 1.675888e-04 9.999910e-01 2.339955e+01
9.999782e-01 -2.158259e-03 -6.240577e-03 -3.207764e+00 2.154414e-03 9.999975e-01 -6.230441e-04 -1.038668e-01 6.241935e-03 6.095956e-04 9.999804e-01 2.353315e+01
9.999889e-01 1.028649e-03 4.605653e-03 -3.221983e+00 -1.029311e-03 9.999995e-01 1.411154e-04 -1.049435e-01 -4.605534e-03 -1.458644e-04 9.999893e-01 2.362635e+01
9.999814e-01 -1.781767e-03 -5.830564e-03 -3.180809e+00 1.779808e-03 9.999984e-01 -3.414265e-04 -1.081181e-01 5.831192e-03 3.310528e-04 9.999830e-01 2.367368e+01
9.999884e-01 1.025732e-03 4.708193e-03 -3.130105e+00 -1.026408e-03 9.999995e-01 1.408312e-04 -1.117259e-01 -4.708075e-03 -1.456721e-04 9.999888e-01 2.371755e+01
9.999804e-01 -1.821159e-03 -5.996324e-03 -3.095334e+00 1.818905e-03 9.999983e-01 -3.815629e-04 -1.147321e-01 5.997037e-03 3.706587e-04 9.999820e-01 2.377163e+01
9.999880e-01 1.053192e-03 4.787407e-03 -3.040500e+00 -1.053828e-03 9.999994e-01 1.300679e-04 -1.183289e-01 -4.787296e-03 -1.351215e-04 9.999884e-01 2.381812e+01
9.999816e-01 -1.770215e-03 -5.800897e-03 -2.943743e+00 1.768209e-03 9.999984e-01 -3.511104e-04 -1.234628e-01 5.801538e-03 3.408568e-04 9.999832e-01 2.384853e+01
9.999881e-01 9.645680e-04 4.784148e-03 -2.847255e+00 -9.649495e-04 9.999995e-01 7.712982e-05 -1.284326e-01 -4.784101e-03 -8.175542e-05 9.999885e-01 2.388468e+01
9.999812e-01 -1.745973e-03 -5.871319e-03 -2.768085e+00 1.744523e-03 9.999984e-01 -2.522172e-04 -1.327829e-01 5.871779e-03 2.419798e-04 9.999828e-01 2.392261e+01
9.999880e-01 1.010765e-03 4.782956e-03 -2.698653e+00 -1.011149e-03 9.999995e-01 7.754883e-05 -1.368942e-01 -4.782905e-03 -8.239424e-05 9.999885e-01 2.396035e+01
9.999805e-01 -1.735527e-03 -5.996186e-03 -2.650206e+00 1.734110e-03 9.999985e-01 -2.417759e-04 -1.402552e-01 5.996626e-03 2.313832e-04 9.999821e-01 2.400378e+01
9.999895e-01 8.998920e-04 4.502735e-03 -2.638468e+00 -8.995539e-04 9.999996e-01 -7.744095e-05 -1.423627e-01 -4.502833e-03 7.337960e-05 9.999898e-01 2.406975e+01
9.999821e-01 -1.665164e-03 -5.754242e-03 -2.596315e+00 1.664245e-03 9.999986e-01 -1.646016e-04 -1.455143e-01 5.754537e-03 1.550322e-04 9.999835e-01 2.411925e+01
9.999886e-01 9.400212e-04 4.672536e-03 -2.521435e+00 -9.399835e-04 9.999996e-01 -1.059682e-05 -1.498136e-01 -4.672573e-03 6.194497e-06 9.999890e-01 2.415522e+01
9.999796e-01 -1.841150e-03 -6.123705e-03 -2.503686e+00 1.839244e-03 9.999983e-01 -3.171553e-04 -1.520472e-01 6.124308e-03 3.058959e-04 9.999813e-01 2.422310e+01
9.999902e-01 7.751238e-04 4.361669e-03 -2.525604e+00 -7.744427e-04 9.999997e-01 -1.582110e-04 -1.527555e-01 -4.361820e-03 1.548215e-04 9.999904e-01 2.431681e+01
9.999803e-01 -1.753410e-03 -6.025358e-03 -2.537546e+00 1.752111e-03 9.999984e-01 -2.212394e-04 -1.539196e-01 6.025767e-03 2.106881e-04 9.999819e-01 2.440014e+01
9.999904e-01 7.984418e-04 4.308487e-03 -2.550816e+00 -7.977596e-04 9.999997e-01 -1.604202e-04 -1.550030e-01 -4.308644e-03 1.569713e-04 9.999906e-01 2.448390e+01
9.999806e-01 -1.693584e-03 -5.997305e-03 -2.560383e+00 1.692571e-03 9.999986e-01 -1.742014e-04 -1.563026e-01 5.997622e-03 1.640573e-04 9.999821e-01 2.456255e+01
9.999894e-01 8.342708e-04 4.529360e-03 -2.544016e+00 -8.337299e-04 9.999996e-01 -1.216725e-04 -1.583410e-01 -4.529491e-03 1.178847e-04 9.999896e-01 2.462784e+01
9.999815e-01 -1.717029e-03 -5.834799e-03 -2.505135e+00 1.716384e-03 9.999985e-01 -1.159480e-04 -1.611355e-01 5.835021e-03 1.059412e-04 9.999831e-01 2.468464e+01
9.999896e-01 8.610552e-04 4.487743e-03 -2.477557e+00 -8.607163e-04 9.999996e-01 -7.781575e-05 -1.636492e-01 -4.487840e-03 7.394204e-05 9.999898e-01 2.474278e+01
9.999815e-01 -1.660930e-03 -5.858684e-03 -2.454757e+00 1.660328e-03 9.999986e-01 -1.079221e-04 -1.661496e-01 5.858886e-03 9.820292e-05 9.999829e-01 2.479973e+01
9.999882e-01 9.027975e-04 4.763587e-03 -2.389050e+00 -9.025235e-04 9.999996e-01 -6.002958e-05 -1.700896e-01 -4.763671e-03 5.571940e-05 9.999886e-01 2.483848e+01
9.999821e-01 -1.692248e-03 -5.743497e-03 -2.298317e+00 1.691673e-03 9.999986e-01 -1.053724e-04 -1.749725e-01 5.743699e-03 9.566463e-05 9.999836e-01 2.487211e+01
9.999881e-01 8.880664e-04 4.790841e-03 -2.197936e+00 -8.875348e-04 9.999996e-01 -1.134266e-04 -1.801725e-01 -4.790971e-03 1.091630e-04 9.999884e-01 2.490503e+01
9.999821e-01 -1.691061e-03 -5.732774e-03 -2.094743e+00 1.690458e-03 9.999986e-01 -1.103169e-04 -1.855311e-01 5.732984e-03 1.006341e-04 9.999837e-01 2.493719e+01
9.999884e-01 8.352091e-04 4.736711e-03 -2.002189e+00 -8.344419e-04 9.999996e-01 -1.643147e-04 -1.904517e-01 -4.736878e-03 1.603501e-04 9.999887e-01 2.497646e+01
9.999802e-01 -1.761730e-03 -6.034523e-03 -1.956565e+00 1.761077e-03 9.999984e-01 -1.138936e-04 -1.936826e-01 6.034746e-03 1.032743e-04 9.999819e-01 2.503659e+01
9.999877e-01 8.919077e-04 4.868480e-03 -1.902664e+00 -8.912591e-04 9.999996e-01 -1.357381e-04 -1.971614e-01 -4.868631e-03 1.313870e-04 9.999880e-01 2.508777e+01
9.999816e-01 -1.639361e-03 -5.847059e-03 -1.801540e+00 1.638845e-03 9.999987e-01 -9.324291e-05 -2.025508e-01 5.847236e-03 8.366901e-05 9.999830e-01 2.511781e+01
9.999876e-01 8.647316e-04 4.895649e-03 -1.698566e+00 -8.641067e-04 9.999996e-01 -1.301120e-04 -2.079235e-01 -4.895792e-03 1.258697e-04 9.999879e-01 2.514922e+01
9.999818e-01 -1.647327e-03 -5.810967e-03 -1.585692e+00 1.646432e-03 9.999986e-01 -1.590896e-04 -2.138085e-01 5.811253e-03 1.495296e-04 9.999832e-01 2.517954e+01
9.999871e-01 8.304670e-04 5.020103e-03 -1.459202e+00 -8.293851e-04 9.999996e-01 -2.179407e-04 -2.207537e-01 -5.020314e-03 2.137640e-04 9.999873e-01 2.520407e+01
9.999828e-01 -1.666060e-03 -5.630086e-03 -1.304446e+00 1.664118e-03 9.999986e-01 -3.500057e-04 -2.295259e-01 5.630694e-03 3.406409e-04 9.999842e-01 2.522099e+01
9.999886e-01 8.131605e-04 4.706343e-03 -1.212656e+00 -8.143709e-04 9.999996e-01 2.549006e-04 -2.344429e-01 -4.706167e-03 -2.587407e-04 9.999888e-01 2.525481e+01
9.999795e-01 -1.762894e-03 -6.157323e-03 -1.205055e+00 1.759760e-03 9.999983e-01 -5.147483e-04 -2.363646e-01 6.158253e-03 5.039127e-04 9.999810e-01 2.532511e+01
9.999873e-01 8.082792e-04 4.983089e-03 -1.160639e+00 -8.100469e-04 9.999996e-01 3.523849e-04 -2.395279e-01 -4.982835e-03 -3.564273e-04 9.999874e-01 2.538011e+01
9.999788e-01 -1.699737e-03 -6.289991e-03 -1.129203e+00 1.696824e-03 9.999985e-01 -4.687360e-04 -2.421474e-01 6.290811e-03 4.580633e-04 9.999802e-01 2.543637e+01
9.999873e-01 8.197513e-04 4.976688e-03 -1.104844e+00 -8.216601e-04 9.999996e-01 3.811496e-04 -2.446505e-01 -4.976406e-03 -3.852442e-04 9.999874e-01 2.549309e+01
9.999800e-01 -1.701546e-03 -6.099083e-03 -1.058441e+00 1.698193e-03 9.999984e-01 -5.550975e-04 -2.479578e-01 6.100051e-03 5.447393e-04 9.999813e-01 2.554391e+01
9.999861e-01 9.202249e-04 5.184753e-03 -9.402004e-01 -9.214021e-04 9.999996e-01 2.243229e-04 -2.541031e-01 -5.184577e-03 -2.291074e-04 9.999864e-01 2.557368e+01
9.999801e-01 -1.707504e-03 -6.080245e-03 -8.176290e-01 1.703985e-03 9.999984e-01 -5.842572e-04 -2.605425e-01 6.081266e-03 5.738953e-04 9.999814e-01 2.560210e+01
9.999870e-01 8.456984e-04 5.032399e-03 -7.428525e-01 -8.482676e-04 9.999995e-01 5.080773e-04 -2.647934e-01 -5.032000e-03 -5.123499e-04 9.999871e-01 2.564150e+01
9.999790e-01 -1.720129e-03 -6.241016e-03 -7.020557e-01 1.716026e-03 9.999983e-01 -6.629971e-04 -2.678407e-01 6.242179e-03 6.522838e-04 9.999804e-01 2.569437e+01
9.999863e-01 9.442940e-04 5.145816e-03 -6.198792e-01 -9.468926e-04 9.999994e-01 5.022308e-04 -2.721954e-01 -5.145373e-03 -5.071068e-04 9.999865e-01 2.573115e+01
9.999793e-01 -1.707344e-03 -6.209390e-03 -5.463990e-01 1.703729e-03 9.999984e-01 -5.876565e-04 -2.763720e-01 6.210417e-03 5.770756e-04 9.999806e-01 2.576655e+01
9.999873e-01 8.187218e-04 4.966091e-03 -5.213194e-01 -8.217168e-04 9.999995e-01 6.007195e-04 -2.790769e-01 -4.965631e-03 -6.048029e-04 9.999874e-01 2.582044e+01
9.999802e-01 -1.671762e-03 -6.062839e-03 -4.778858e-01 1.667910e-03 9.999984e-01 -6.407127e-04 -2.824302e-01 6.063934e-03 6.305981e-04 9.999815e-01 2.586795e+01
9.999874e-01 1.060241e-03 4.908746e-03 -3.575341e-01 -1.061457e-03 9.999994e-01 2.449404e-04 -2.889580e-01 -4.908518e-03 -2.501581e-04 9.999878e-01 2.589114e+01
9.999784e-01 -1.462994e-03 -6.407825e-03 -2.114617e-01 1.458047e-03 9.999986e-01 -7.768593e-04 -2.966280e-01 6.408987e-03 7.675100e-04 9.999793e-01 2.590211e+01
9.999865e-01 9.988538e-04 5.093975e-03 -7.747929e-02 -1.000050e-03 9.999995e-01 2.319840e-04 -3.037538e-01 -5.093775e-03 -2.370855e-04 9.999869e-01 2.591805e+01
9.999781e-01 -1.527337e-03 -6.432459e-03 4.065613e-02 1.523378e-03 9.999986e-01 -6.206035e-04 -3.101244e-01 6.433433e-03 6.108014e-04 9.999792e-01 2.593985e+01
9.999869e-01 1.269477e-04 5.110536e-03 7.508122e-02 -1.268745e-04 1.000000e+00 -1.501177e-05 -3.125801e-01 -5.110572e-03 1.435267e-05 9.999868e-01 2.604723e+01
9.999739e-01 -2.035411e-03 -6.934755e-03 -4.245443e-03 2.029077e-03 9.999975e-01 -9.204957e-04 -3.100732e-01 6.936646e-03 9.064111e-04 9.999756e-01 2.623862e+01
9.999878e-01 2.253674e-04 4.943087e-03 -9.586415e-02 -2.247307e-04 1.000000e+00 -1.297642e-04 -3.076577e-01 -4.943151e-03 1.286411e-04 9.999877e-01 2.642431e+01
9.999740e-01 -1.941657e-03 -6.941946e-03 -1.818609e-01 1.935809e-03 9.999978e-01 -8.493039e-04 -3.056215e-01 6.943614e-03 8.358543e-04 9.999756e-01 2.660025e+01
9.999879e-01 2.841805e-04 4.916412e-03 -2.647509e-01 -2.836350e-04 1.000000e+00 -1.120436e-04 -3.037994e-01 -4.916479e-03 1.106370e-04 9.999878e-01 2.677004e+01
9.999782e-01 -1.425520e-03 -6.450548e-03 -2.691361e-01 1.423682e-03 9.999989e-01 -2.897647e-04 -3.049682e-01 6.450990e-03 2.805856e-04 9.999792e-01 2.685613e+01
9.999877e-01 3.348092e-04 4.953040e-03 -2.558285e-01 -3.339607e-04 9.999999e-01 -1.725412e-04 -3.071391e-01 -4.953133e-03 1.708741e-04 9.999876e-01 2.694075e+01
9.999757e-01 -1.851730e-03 -6.722245e-03 -3.090897e-01 1.847566e-03 9.999981e-01 -6.258937e-04 -3.057515e-01 6.723427e-03 6.134696e-04 9.999773e-01 2.709510e+01
9.999876e-01 3.745255e-04 4.956610e-03 -3.524622e-01 -3.739853e-04 9.999999e-01 -1.103260e-04 -3.046137e-01 -4.956687e-03 1.084600e-04 9.999876e-01 2.724319e+01
9.999756e-01 -1.777235e-03 -6.752483e-03 -3.977682e-01 1.773550e-03 9.999983e-01 -5.520037e-04 -3.038354e-01 6.753489e-03 5.400253e-04 9.999771e-01 2.737917e+01
9.999877e-01 4.212562e-04 4.945627e-03 -4.414690e-01 -4.206963e-04 9.999999e-01 -1.146798e-04 -3.031780e-01 -4.945711e-03 1.125868e-04 9.999877e-01 2.751171e+01
9.999763e-01 -1.661984e-03 -6.684238e-03 -4.715794e-01 1.659142e-03 9.999985e-01 -4.310212e-04 -3.030859e-01 6.684981e-03 4.199318e-04 9.999777e-01 2.762741e+01
9.999876e-01 5.243862e-04 4.951674e-03 -4.943594e-01 -5.241495e-04 9.999999e-01 -4.951538e-05 -3.035549e-01 -4.951736e-03 4.690834e-05 9.999876e-01 2.772752e+01
9.999766e-01 -1.610846e-03 -6.649860e-03 -5.079245e-01 1.608494e-03 9.999986e-01 -3.592374e-04 -3.041512e-01 6.650467e-03 3.485437e-04 9.999779e-01 2.782232e+01
9.999876e-01 5.903964e-04 4.953174e-03 -5.194840e-01 -5.900852e-04 9.999998e-01 -6.471976e-05 -3.050013e-01 -4.953248e-03 6.178511e-05 9.999876e-01 2.790928e+01
