9.999991e-01 -7.650761e-04 -1.082005e-03 -1.109486e-01 7.645918e-04 9.999996e-01 -4.479632e-04 9.396826e-04 1.082347e-03 4.471351e-04 9.999994e-01 1.588134e-01
9.999998e-01 2.208007e-05 -5.690126e-04 -2.111145e-01 -2.191734e-05 1.000000e+00 2.859640e-04 1.480107e-03 5.690187e-04 -2.859511e-04 9.999997e-01 2.783428e-01
9.999992e-01 -7.625859e-04 -1.016852e-03 -3.042478e-01 7.621206e-04 9.999996e-01 -4.579287e-04 1.896729e-03 1.017201e-03 4.571529e-04 9.999995e-01 3.944716e-01
1.000000e+00 7.091796e-05 -3.020844e-04 -3.855583e-01 -7.085110e-05 1.000000e+00 2.212519e-04 2.119988e-03 3.020995e-04 -2.212301e-04 9.999998e-01 5.129580e-01
9.999992e-01 -7.295924e-04 -1.046840e-03 -4.663596e-01 7.291842e-04 9.999997e-01 -3.902492e-04 2.257422e-03 1.047125e-03 3.894852e-04 9.999995e-01 6.260756e-01
9.999999e-01 1.550413e-04 4.833177e-04 -4.415900e-01 -1.552996e-04 9.999998e-01 5.346100e-04 -7.471512e-05 -4.832354e-04 -5.346847e-04 9.999996e-01 6.591838e-01
9.999990e-01 -6.516657e-04 -1.277897e-03 -4.678515e-01 6.512154e-04 9.999997e-01 -3.527492e-04 -1.102701e-03 1.278127e-03 3.519163e-04 9.999992e-01 7.128851e-01
9.999999e-01 -1.010348e-04 -3.573338e-04 -5.664844e-01 1.011731e-04 9.999999e-01 3.868709e-04 -7.231657e-04 3.572937e-04 -3.869067e-04 9.999998e-01 8.150203e-01
9.999988e-01 -7.098119e-04 -1.355294e-03 -6.742412e-01 7.092791e-04 9.999997e-01 -3.935269e-04 -1.837809e-04 1.355574e-03 3.925647e-04 9.999991e-01 9.256169e-01
1.000000e+00 -5.779183e-05 -2.204783e-04 -7.665298e-01 5.789366e-05 9.999999e-01 4.618037e-04 1.278976e-04 2.204504e-04 -4.618161e-04 9.999998e-01 1.021154e+00
9.999989e-01 -6.301988e-04 -1.337315e-03 -8.450925e-01 6.296200e-04 9.999997e-01 -4.331159e-04 1.705487e-04 1.337589e-03 4.322730e-04 9.999991e-01 1.112145e+00
1.000000e+00 -9.163742e-05 -2.235089e-04 -9.273439e-01 9.175358e-05 9.999999e-01 5.196417e-04 2.294341e-04 2.234596e-04 -5.196618e-04 9.999997e-01 1.201582e+00
9.999989e-01 -5.688641e-04 -1.353608e-03 -1.003510e+00 5.681654e-04 9.999997e-01 -5.165250e-04 1.942266e-04 1.353903e-03 5.157549e-04 9.999991e-01 1.294046e+00
1.000000e+00 -9.883219e-05 -2.265142e-04 -1.082191e+00 9.894543e-05 9.999999e-01 4.998450e-04 2.152408e-04 2.264629e-04 -4.998670e-04 9.999997e-01 1.389628e+00
9.999990e-01 -5.639189e-04 -1.313081e-03 -1.155812e+00 5.632761e-04 9.999997e-01 -4.898401e-04 1.655885e-04 1.313359e-03 4.890996e-04 9.999991e-01 1.480078e+00
1.000000e+00 -1.424929e-04 -1.479969e-04 -1.219572e+00 1.425960e-04 9.999997e-01 6.964877e-04 -6.167288e-05 1.478954e-04 -6.965083e-04 9.999996e-01 1.546096e+00
9.999989e-01 -5.815281e-04 -1.366236e-03 -1.290197e+00 5.807647e-04 9.999997e-01 -5.591071e-04 -1.512014e-04 1.366563e-03 5.583126e-04 9.999990e-01 1.622889e+00
1.000000e+00 -1.373877e-04 -2.194622e-04 -1.373303e+00 1.375217e-04 9.999998e-01 6.104473e-04 -2.239435e-05 2.193758e-04 -6.104770e-04 9.999997e-01 1.714248e+00
9.999989e-01 -6.028680e-04 -1.343750e-03 -1.458916e+00 6.021963e-04 9.999997e-01 -5.001459e-04 1.405906e-04 1.344054e-03 4.993357e-04 9.999991e-01 1.801103e+00
1.000000e+00 -1.626437e-04 1.036753e-04 -1.517103e+00 1.625519e-04 9.999996e-01 8.850687e-04 -1.236764e-04 -1.038220e-04 -8.850513e-04 9.999995e-01 1.848828e+00
9.999987e-01 -5.878317e-04 -1.483898e-03 -1.585214e+00 5.870301e-04 9.999997e-01 -5.405650e-04 -2.705595e-04 1.484219e-03 5.396926e-04 9.999989e-01 1.905704e+00
1.000000e+00 -1.774840e-04 -1.949590e-04 -1.682898e+00 1.776105e-04 9.999998e-01 6.486128e-04 1.114693e-04 1.948407e-04 -6.486468e-04 9.999997e-01 1.998309e+00
9.999989e-01 -5.683223e-04 -1.343019e-03 -1.766787e+00 5.677259e-04 9.999997e-01 -4.443722e-04 2.308914e-04 1.343274e-03 4.436087e-04 9.999991e-01 2.075276e+00
1.000000e+00 -1.016229e-04 -8.674452e-05 -1.840705e+00 1.016762e-04 9.999998e-01 6.141674e-04 1.308469e-04 8.667869e-05 -6.141756e-04 9.999997e-01 2.152464e+00
9.999988e-01 -6.225999e-04 -1.415750e-03 -1.919745e+00 6.220343e-04 9.999997e-01 -3.998682e-04 1.269937e-04 1.416002e-03 3.989864e-04 9.999990e-01 2.227867e+00
1.000000e+00 -1.539157e-04 -1.926714e-04 -2.018598e+00 1.540208e-04 9.999998e-01 5.454204e-04 4.922438e-04 1.925837e-04 -5.454494e-04 9.999997e-01 2.319806e+00
9.999989e-01 -5.933235e-04 -1.392125e-03 -2.106115e+00 5.928472e-04 9.999998e-01 -3.424907e-04 6.403867e-04 1.392332e-03 3.416644e-04 9.999991e-01 2.399424e+00
9.999999e-01 -3.508037e-04 2.379097e-04 -2.167273e+00 3.505795e-04 9.999995e-01 9.417849e-04 4.743701e-04 -2.382439e-04 -9.417007e-04 9.999994e-01 2.427567e+00
9.999988e-01 -6.299260e-04 -1.445267e-03 -2.222944e+00 6.294556e-04 9.999997e-01 -3.258715e-04 2.234572e-04 1.445476e-03 3.249605e-04 9.999990e-01 2.448484e+00
1.000000e+00 -1.868384e-04 -9.245316e-05 -2.297048e+00 1.868986e-04 9.999998e-01 6.512534e-04 1.531631e-04 9.232720e-05 -6.512698e-04 9.999997e-01 2.508217e+00
9.999988e-01 -5.398844e-04 -1.477205e-03 -2.380526e+00 5.392039e-04 9.999997e-01 -4.610024e-04 2.301025e-04 1.477458e-03 4.602045e-04 9.999989e-01 2.586306e+00
1.000000e+00 -1.158913e-04 6.512976e-05 -2.462582e+00 1.158550e-04 9.999998e-01 5.574947e-04 2.867094e-04 -6.519891e-05 -5.574863e-04 9.999997e-01 2.675110e+00
9.999988e-01 -5.576457e-04 -1.441438e-03 -2.535025e+00 5.571705e-04 9.999998e-01 -3.300636e-04 1.099695e-04 1.441626e-03 3.292592e-04 9.999990e-01 2.747324e+00
1.000000e+00 -2.262882e-04 -1.181141e-04 -2.618662e+00 2.263512e-04 9.999998e-01 5.328613e-04 1.717136e-04 1.179886e-04 -5.328871e-04 9.999998e-01 2.825535e+00
9.999988e-01 -5.274094e-04 -1.465169e-03 -2.709762e+00 5.268099e-04 9.999998e-01 -4.094634e-04 3.313742e-04 1.465389e-03 4.086901e-04 9.999989e-01 2.917960e+00
9.999999e-01 -2.481028e-04 -2.319339e-04 -2.828324e+00 2.481774e-04 9.999999e-01 3.216540e-04 1.073185e-03 2.318489e-04 -3.217106e-04 9.999998e-01 3.044087e+00
9.999989e-01 -4.908535e-04 -1.406272e-03 -2.935618e+00 4.902973e-04 9.999998e-01 -3.957612e-04 1.593639e-03 1.406471e-03 3.950703e-04 9.999990e-01 3.163064e+00
9.999999e-01 -2.732038e-04 -2.638056e-04 -3.042816e+00 2.732890e-04 9.999999e-01 3.229655e-04 2.100784e-03 2.637118e-04 -3.230367e-04 9.999998e-01 3.281446e+00
9.999997e-01 -6.414080e-04 -3.855212e-04 -3.025643e+00 6.413028e-04 9.999998e-01 -2.727548e-04 5.144653e-04 3.857016e-04 2.725066e-04 1.000000e+00 3.295685e+00
1.000000e+00 1.406451e-04 -3.057341e-05 -3.024962e+00 -1.406241e-04 9.999998e-01 6.861634e-04 -1.443663e-03 3.066430e-05 -6.861582e-04 9.999997e-01 3.325172e+00
9.999983e-01 -8.908919e-04 -1.625782e-03 -3.122833e+00 8.898274e-04 9.999994e-01 -6.553506e-04 -1.096201e-03 1.626370e-03 6.539018e-04 9.999986e-01 3.427482e+00
1.000000e+00 1.229455e-04 2.780961e-05 -3.207353e+00 -1.229688e-04 9.999996e-01 8.431186e-04 -9.976382e-04 -2.771187e-05 -8.431210e-04 9.999995e-01 3.506418e+00
9.999988e-01 -1.137375e-03 -1.074256e-03 -3.228126e+00 1.137199e-03 9.999993e-01 -1.641321e-04 -1.721326e-03 1.074448e-03 1.629092e-04 9.999995e-01 3.501272e+00
9.999995e-01 -7.598172e-04 -6.486876e-04 -3.108826e+00 7.599803e-04 9.999997e-01 2.512733e-04 -4.151521e-03 6.484903e-04 -2.517651e-04 9.999997e-01 3.414488e+00
9.999999e-01 -8.151295e-05 -3.302327e-04 -3.107623e+00 8.160103e-05 1.000000e+00 2.668571e-04 -5.783846e-03 3.302173e-04 -2.668852e-04 1.000000e+00 3.420539e+00
9.999989e-01 -6.663311e-04 -1.311238e-03 -3.209805e+00 6.658999e-04 9.999997e-01 -3.293166e-04 -5.382915e-03 1.311451e-03 3.284442e-04 9.999990e-01 3.535630e+00
1.000000e+00 -6.973612e-05 -1.883315e-04 -3.294238e+00 6.979999e-05 9.999999e-01 3.394509e-04 -5.321883e-03 1.883144e-04 -3.394651e-04 1.000000e+00 3.634932e+00
9.999990e-01 -6.113998e-04 -1.248841e-03 -3.361283e+00 6.112464e-04 9.999998e-01 -1.232931e-04 -5.576472e-03 1.248909e-03 1.225308e-04 9.999991e-01 3.705642e+00
9.999999e-01 -1.950017e-04 -3.963266e-04 -3.454284e+00 1.951246e-04 9.999999e-01 3.103296e-04 -5.334001e-03 3.962730e-04 -3.104080e-04 1.000000e+00 3.789564e+00
9.999992e-01 -5.565344e-04 -1.139374e-03 -3.531865e+00 5.563903e-04 9.999998e-01 -1.268382e-04 -5.413293e-03 1.139437e-03 1.262054e-04 9.999992e-01 3.867715e+00
9.999999e-01 -1.094977e-04 -3.459383e-04 -3.605323e+00 1.095593e-04 1.000000e+00 1.781079e-04 -5.567949e-03 3.459260e-04 -1.781470e-04 1.000000e+00 3.956636e+00
9.999993e-01 -6.076230e-04 -9.827699e-04 -3.666321e+00 6.077066e-04 9.999998e-01 8.477809e-05 -5.880095e-03 9.827109e-04 -8.537406e-05 9.999994e-01 4.017603e+00
9.999999e-01 -1.408032e-04 -3.180980e-04 -3.729157e+00 1.408766e-04 1.000000e+00 2.309690e-04 -6.177222e-03 3.180730e-04 -2.310151e-04 1.000000e+00 4.074692e+00
9.999992e-01 -5.475892e-04 -1.149907e-03 -3.803733e+00 5.475308e-04 9.999998e-01 -5.108935e-05 -6.284159e-03 1.149927e-03 5.046097e-05 9.999992e-01 4.151580e+00
1.000000e+00 -1.979503e-04 -1.611454e-04 -3.866830e+00 1.980124e-04 9.999999e-01 3.856482e-04 -6.565670e-03 1.610768e-04 -3.856814e-04 1.000000e+00 4.207515e+00
9.999995e-01 -6.053307e-04 -8.419938e-04 -3.905923e+00 6.054420e-04 9.999998e-01 1.318146e-04 -7.194039e-03 8.419060e-04 -1.323229e-04 9.999995e-01 4.234502e+00
9.999999e-01 7.853669e-05 -3.877586e-04 -3.971456e+00 -7.854808e-05 1.000000e+00 -2.916256e-05 -7.477146e-03 3.877643e-04 2.919165e-05 1.000000e+00 4.315105e+00
9.999988e-01 -8.410826e-04 -1.272386e-03 -4.075107e+00 8.409881e-04 9.999996e-01 -7.488384e-05 -6.999042e-03 1.272440e-03 7.381505e-05 9.999991e-01 4.432806e+00
9.999999e-01 9.377696e-06 -5.164021e-04 -4.201100e+00 -9.393669e-06 1.000000e+00 -3.078359e-05 -6.111457e-03 5.164101e-04 3.078708e-05 1.000000e+00 4.562921e+00
9.999989e-01 -8.177169e-04 -1.270320e-03 -4.325952e+00 8.176682e-04 9.999997e-01 -3.894643e-05 -5.289231e-03 1.270343e-03 3.790905e-05 9.999991e-01 4.689045e+00
9.999999e-01 7.061165e-05 -4.318805e-04 -4.435608e+00 -7.061128e-05 1.000000e+00 1.043987e-06 -4.789540e-03 4.318892e-04 -1.014843e-06 1.000000e+00 4.804337e+00
9.999991e-01 -7.730976e-04 -1.135606e-03 -4.525465e+00 7.730995e-04 9.999997e-01 1.156012e-06 -4.685199e-03 1.135596e-03 -2.032588e-06 9.999993e-01 4.906691e+00
9.999999e-01 3.490099e-05 -4.571914e-04 -4.613903e+00 -3.490953e-05 1.000000e+00 -1.851765e-05 -4.596792e-03 4.571998e-04 1.853226e-05 1.000000e+00 5.010336e+00
9.999990e-01 -7.487765e-04 -1.167750e-03 -4.709755e+00 7.488030e-04 9.999997e-01 2.224093e-05 -4.349736e-03 1.167724e-03 -2.311396e-05 9.999992e-01 5.114819e+00
1.000000e+00 -5.153904e-06 -2.913537e-04 -4.796848e+00 5.216716e-06 1.000000e+00 2.158662e-04 -4.204981e-03 2.913618e-04 -2.158691e-04 1.000000e+00 5.191108e+00
9.999993e-01 -6.621949e-04 -9.531249e-04 -4.873151e+00 6.622247e-04 9.999998e-01 3.079735e-05 -4.277526e-03 9.530949e-04 -3.142709e-05 9.999994e-01 5.264088e+00
9.999996e-01 1.032644e-04 8.852203e-04 -5.020548e+00 -1.027336e-04 9.999998e-01 -5.997951e-04 -2.890215e-03 -8.852727e-04 5.997026e-04 9.999995e-01 5.470256e+00
9.999994e-01 -1.053858e-03 3.358346e-05 -5.254665e+00 1.053881e-03 9.999992e-01 -6.968557e-04 5.445514e-04 -3.285838e-05 6.968920e-04 9.999997e-01 5.811599e+00
9.999996e-01 -6.695345e-05 8.641789e-04 -5.528015e+00 6.768757e-05 9.999996e-01 -8.495729e-04 5.020887e-03 -8.641124e-04 8.496300e-04 9.999994e-01 6.197231e+00
9.999991e-01 -9.950714e-04 8.839284e-04 -5.788774e+00 9.959434e-04 9.999990e-01 -9.865174e-04 9.391698e-03 -8.829550e-04 9.873978e-04 9.999990e-01 6.616406e+00
9.999993e-01 8.339481e-05 1.163235e-03 -6.027509e+00 -8.245040e-05 9.999997e-01 -8.119561e-04 1.345895e-02 -1.163294e-03 8.118589e-04 9.999991e-01 7.055338e+00
9.999991e-01 -8.311210e-04 1.037551e-03 -6.235527e+00 8.320385e-04 9.999993e-01 -8.841815e-04 1.698844e-02 -1.036824e-03 8.850446e-04 9.999990e-01 7.489534e+00
9.999986e-01 2.809767e-04 1.657263e-03 -6.428125e+00 -2.795365e-04 9.999996e-01 -8.692006e-04 2.044191e-02 -1.657498e-03 8.687357e-04 9.999983e-01 7.957263e+00
9.999985e-01 -9.336502e-04 1.465257e-03 -6.653405e+00 9.352989e-04 9.999989e-01 -1.124865e-03 2.465674e-02 -1.464213e-03 1.126233e-03 9.999982e-01 8.476404e+00
9.999977e-01 4.709177e-04 2.076183e-03 -6.848441e+00 -4.691820e-04 9.999995e-01 -8.364050e-04 2.841413e-02 -2.076569e-03 8.354290e-04 9.999976e-01 9.014115e+00
9.999989e-01 -5.738374e-04 1.351091e-03 -6.952007e+00 5.744550e-04 9.999997e-01 -4.567790e-04 2.941973e-02 -1.350836e-03 4.575545e-04 9.999989e-01 9.375198e+00
9.999999e-01 5.223882e-04 1.298588e-04 -6.871461e+00 -5.223005e-04 9.999996e-01 -6.740752e-04 2.558262e-02 -1.302036e-04 6.740076e-04 9.999999e-01 9.554355e+00
9.999987e-01 -8.605343e-04 1.395651e-03 -6.986935e+00 8.611242e-04 9.999995e-01 -4.220956e-04 2.685632e-02 -1.395294e-03 4.232965e-04 9.999988e-01 9.836554e+00
1.000000e+00 1.253870e-04 4.403095e-05 -7.143149e+00 -1.253497e-04 9.999996e-01 -8.472776e-04 2.899726e-02 -4.413025e-05 8.472726e-04 9.999997e-01 1.016720e+01
9.999987e-01 -7.997104e-04 1.425998e-03 -7.281685e+00 8.002648e-04 9.999996e-01 -3.882794e-04 3.084759e-02 -1.425694e-03 3.894194e-04 9.999988e-01 1.049620e+01
9.999992e-01 1.373806e-04 -1.250365e-03 -7.333528e+00 -1.375639e-04 1.000000e+00 -1.465149e-04 3.042383e-02 1.250352e-03 1.466874e-04 9.999993e-01 1.065186e+01
9.999994e-01 -1.097412e-03 -1.499270e-04 -7.303570e+00 1.097485e-03 9.999993e-01 4.911541e-04 2.847713e-02 1.493810e-04 -4.913190e-04 9.999998e-01 1.064678e+01
9.999993e-01 2.029647e-04 -1.165070e-03 -7.284701e+00 -2.031482e-04 1.000000e+00 -1.573800e-04 2.670632e-02 1.165045e-03 1.576171e-04 9.999994e-01 1.064980e+01
9.999991e-01 -1.289598e-03 -3.039116e-04 -7.243575e+00 1.289731e-03 9.999991e-01 4.392827e-04 2.478834e-02 3.033377e-04 -4.396748e-04 9.999998e-01 1.063304e+01
9.999993e-01 1.670936e-04 -1.135256e-03 -7.222853e+00 -1.672081e-04 1.000000e+00 -1.007817e-04 2.337906e-02 1.135246e-03 1.009720e-04 9.999995e-01 1.061773e+01
9.999996e-01 -7.815797e-04 3.724615e-04 -7.229075e+00 7.815432e-04 9.999997e-01 9.812597e-05 2.176664e-02 -3.725455e-04 -9.783533e-05 9.999998e-01 1.068432e+01
9.999998e-01 3.477916e-04 -6.083289e-04 -7.242594e+00 -3.480232e-04 9.999999e-01 -3.805698e-04 2.024372e-02 6.082038e-04 3.807820e-04 9.999998e-01 1.078234e+01
9.999995e-01 -9.536769e-04 9.329309e-05 -7.292950e+00 9.536597e-04 9.999995e-01 1.844365e-04 1.965792e-02 -9.347641e-05 -1.843480e-04 9.999999e-01 1.089699e+01
9.999994e-01 3.435622e-04 -1.007928e-03 -7.358096e+00 -3.439168e-04 9.999999e-01 -3.516430e-04 1.935328e-02 1.007814e-03 3.519900e-04 9.999995e-01 1.101110e+01
9.999995e-01 -1.016927e-03 -3.368419e-05 -7.428204e+00 1.016933e-03 9.999995e-01 1.547684e-04 1.918802e-02 3.351911e-05 -1.548031e-04 9.999999e-01 1.112908e+01
9.999992e-01 3.692626e-04 -1.213465e-03 -7.485704e+00 -3.694752e-04 9.999999e-01 -1.749529e-04 1.875512e-02 1.213408e-03 1.754017e-04 9.999993e-01 1.122059e+01
9.999995e-01 -1.041580e-03 -7.171787e-06 -7.518478e+00 1.041583e-03 9.999993e-01 4.765887e-04 1.793228e-02 6.667463e-06 -4.765964e-04 9.999998e-01 1.126475e+01
9.999992e-01 3.549376e-04 -1.253727e-03 -7.566286e+00 -3.552716e-04 9.999999e-01 -2.662352e-04 1.735885e-02 1.253640e-03 2.666809e-04 9.999993e-01 1.132684e+01
9.999993e-01 -1.164488e-03 3.616312e-05 -7.595968e+00 1.164461e-03 9.999991e-01 7.205647e-04 1.655950e-02 -3.701034e-05 -7.205225e-04 9.999996e-01 1.135230e+01
9.999992e-01 2.489736e-04 -1.271526e-03 -7.609098e+00 -2.492265e-04 9.999999e-01 -1.987616e-04 1.545944e-02 1.271485e-03 1.990787e-04 9.999993e-01 1.136037e+01
9.999991e-01 -1.305503e-03 -9.439952e-05 -7.614529e+00 1.305569e-03 9.999989e-01 7.062610e-04 1.437812e-02 9.346897e-05 -7.063840e-04 9.999996e-01 1.135744e+01
9.999998e-01 6.010813e-04 -2.932425e-04 -7.736342e+00 -6.014482e-04 9.999990e-01 -1.252940e-03 1.531835e-02 2.924976e-04 1.253117e-03 9.999993e-01 1.154488e+01
9.999983e-01 -1.569202e-03 9.897056e-04 -7.939172e+00 1.569186e-03 9.999988e-01 1.629511e-05 1.820746e-02 -9.897384e-04 -1.474257e-05 9.999994e-01 1.185863e+01
9.999991e-01 6.963339e-04 -1.146398e-03 -8.048673e+00 -6.970745e-04 9.999995e-01 -6.457572e-04 1.895844e-02 1.145957e-03 6.465563e-04 9.999992e-01 1.205300e+01
9.999991e-01 -1.359121e-03 -7.984467e-05 -8.081163e+00 1.359176e-03 9.999988e-01 6.992423e-04 1.832246e-02 7.888569e-05 -6.993507e-04 9.999997e-01 1.211560e+01
9.999995e-01 6.277737e-04 -7.517625e-04 -8.137623e+00 -6.286196e-04 9.999992e-01 -1.125600e-03 1.824026e-02 7.510639e-04 1.126072e-03 9.999992e-01 1.223753e+01
9.999986e-01 -1.618408e-03 3.988250e-04 -8.242593e+00 1.618284e-03 9.999986e-01 3.127094e-04 1.924699e-02 -3.993392e-04 -3.120642e-04 9.999998e-01 1.242774e+01
9.999993e-01 6.495176e-04 -9.613009e-04 -8.339969e+00 -6.503432e-04 9.999994e-01 -8.587106e-04 1.975293e-02 9.607513e-04 8.593360e-04 9.999993e-01 1.259411e+01
9.999980e-01 -1.537620e-03 1.244993e-03 -8.492782e+00 1.537798e-03 9.999988e-01 -1.420706e-04 2.162114e-02 -1.244781e-03 1.439840e-04 9.999991e-01 1.284625e+01
9.999996e-01 5.662605e-04 6.962515e-04 -8.669687e+00 -5.650683e-04 9.999984e-01 -1.711291e-03 2.451031e-02 -6.972109e-04 1.710898e-03 9.999984e-01 1.320414e+01
9.999988e-01 -1.496436e-03 3.455955e-04 -8.782797e+00 1.496306e-03 9.999988e-01 3.748821e-04 2.586648e-02 -3.461645e-04 -3.743657e-04 9.999998e-01 1.346624e+01
9.999993e-01 7.682349e-04 -9.061113e-04 -8.788278e+00 -7.688844e-04 9.999994e-01 -7.166578e-04 2.426652e-02 9.055687e-04 7.173552e-04 9.999994e-01 1.356496e+01
9.999988e-01 -1.467835e-03 4.094292e-04 -8.785791e+00 1.467715e-03 9.999989e-01 2.912700e-04 2.256805e-02 -4.098648e-04 -2.906700e-04 9.999998e-01 1.366449e+01
9.999990e-01 8.009902e-04 -1.167150e-03 -8.795533e+00 -8.016408e-04 9.999995e-01 -5.571601e-04 2.130535e-02 1.166711e-03 5.580964e-04 9.999993e-01 1.374985e+01
9.999985e-01 -1.514172e-03 8.659770e-04 -8.842696e+00 1.514197e-03 9.999989e-01 -2.775888e-05 2.094345e-02 -8.659425e-04 2.906880e-05 9.999995e-01 1.389247e+01
9.999993e-01 6.866258e-04 -9.182408e-04 -8.914880e+00 -6.873329e-04 9.999995e-01 -7.699613e-04 2.130270e-02 9.177202e-04 7.705933e-04 9.999994e-01 1.406742e+01
9.999982e-01 -1.702486e-03 7.929941e-04 -8.856194e+00 1.702276e-03 9.999985e-01 2.655286e-04 1.850221e-02 -7.934536e-04 -2.641797e-04 9.999996e-01 1.415061e+01
9.999986e-01 9.664317e-04 -1.341177e-03 -8.827126e+00 -9.670171e-04 9.999994e-01 -4.359215e-04 1.690828e-02 1.340764e-03 4.372193e-04 9.999991e-01 1.420065e+01
9.999985e-01 -1.669755e-03 4.582447e-04 -8.872279e+00 1.669706e-03 9.999986e-01 1.076776e-04 1.649273e-02 -4.584326e-04 -1.069138e-04 9.999998e-01 1.430959e+01
9.999991e-01 9.561156e-04 -9.533874e-04 -8.950070e+00 -9.567292e-04 9.999993e-01 -6.434156e-04 1.674682e-02 9.527804e-04 6.443286e-04 9.999994e-01 1.446079e+01
9.999984e-01 -1.764135e-03 8.885883e-05 -9.031174e+00 1.764109e-03 9.999984e-01 2.968579e-04 1.691204e-02 -8.939127e-05 -2.967022e-04 9.999999e-01 1.460030e+01
9.999987e-01 1.097067e-03 -1.192185e-03 -9.094050e+00 -1.097739e-03 9.999992e-01 -5.629965e-04 1.680168e-02 1.191575e-03 5.643060e-04 9.999992e-01 1.471482e+01
9.999983e-01 -1.808958e-03 2.045175e-04 -9.169877e+00 1.808910e-03 9.999983e-01 2.323296e-04 1.696035e-02 -2.049465e-04 -2.319609e-04 9.999999e-01 1.484392e+01
9.999984e-01 1.103974e-03 -1.411948e-03 -9.213388e+00 -1.104294e-03 9.999994e-01 -2.260988e-04 1.635763e-02 1.411707e-03 2.276593e-04 9.999991e-01 1.492521e+01
9.999983e-01 -1.728498e-03 6.899670e-04 -9.243557e+00 1.728472e-03 9.999985e-01 3.883716e-05 1.550532e-02 -6.900424e-04 -3.764611e-05 9.999997e-01 1.501907e+01
9.999985e-01 1.019115e-03 -1.384895e-03 -9.249050e+00 -1.019433e-03 9.999995e-01 -2.286179e-04 1.396463e-02 1.384670e-03 2.300310e-04 9.999991e-01 1.510112e+01
9.999984e-01 -1.747731e-03 3.013252e-04 -9.231218e+00 1.747573e-03 9.999983e-01 5.228753e-04 1.195119e-02 -3.022481e-04 -5.223494e-04 9.999997e-01 1.512212e+01
9.999984e-01 8.143426e-04 -1.592750e-03 -9.250213e+00 -8.142475e-04 9.999997e-01 6.032435e-05 1.110174e-02 1.592808e-03 -5.902582e-05 9.999988e-01 1.512572e+01
9.999987e-01 -1.628247e-03 1.995422e-04 -9.279802e+00 1.628184e-03 9.999986e-01 3.162503e-04 1.030261e-02 -2.000666e-04 -3.159264e-04 9.999998e-01 1.515586e+01
9.999982e-01 9.644593e-04 -1.621450e-03 -9.322601e+00 -9.646794e-04 9.999995e-01 -1.349942e-04 9.658475e-03 1.621329e-03 1.365596e-04 9.999988e-01 1.521341e+01
9.999982e-01 -1.615390e-03 9.448159e-04 -9.412204e+00 1.615627e-03 9.999987e-01 -2.503814e-04 9.957531e-03 -9.444201e-04 2.519060e-04 9.999994e-01 1.536315e+01
9.999994e-01 8.375928e-04 -6.482349e-04 -9.548748e+00 -8.380450e-04 9.999994e-01 -6.976601e-04 1.149266e-02 6.476601e-04 6.982045e-04 9.999996e-01 1.560499e+01
9.999981e-01 -1.721741e-03 8.642468e-04 -9.716681e+00 1.721999e-03 9.999985e-01 -2.978014e-04 1.363412e-02 -8.637426e-04 2.992874e-04 9.999995e-01 1.586965e+01
9.999994e-01 8.881358e-04 -6.573017e-04 -9.883519e+00 -8.885397e-04 9.999994e-01 -6.145959e-04 1.569311e-02 6.567653e-04 6.151813e-04 9.999997e-01 1.612740e+01
9.999986e-01 -1.675728e-03 2.322768e-04 -9.998318e+00 1.675710e-03 9.999986e-01 7.794011e-05 1.654292e-02 -2.324170e-04 -7.755259e-05 9.999999e-01 1.631262e+01
9.999980e-01 1.058109e-03 -1.716227e-03 -1.006397e+01 -1.058298e-03 9.999994e-01 -1.090143e-04 1.633353e-02 1.716121e-03 1.108322e-04 9.999986e-01 1.640359e+01
9.999985e-01 -1.704698e-03 2.012327e-04 -1.012353e+01 1.704679e-03 9.999985e-01 9.572672e-05 1.594295e-02 -2.014058e-04 -9.538536e-05 9.999999e-01 1.648977e+01
9.999983e-01 9.781368e-04 -1.545115e-03 -1.015445e+01 -9.778055e-04 9.999995e-01 2.151021e-04 1.509263e-02 1.545335e-03 -2.135892e-04 9.999989e-01 1.653023e+01
9.999984e-01 -1.796256e-03 2.127019e-04 -1.018595e+01 1.796207e-03 9.999984e-01 2.292915e-04 1.432094e-02 -2.131239e-04 -2.289108e-04 9.999999e-01 1.655755e+01
9.999987e-01 6.973355e-04 -1.458794e-03 -1.015712e+01 -6.972249e-04 9.999998e-01 7.629793e-05 1.272139e-02 1.458857e-03 -7.527901e-05 9.999990e-01 1.653840e+01
9.999981e-01 -1.929060e-03 1.668149e-04 -1.008876e+01 1.929045e-03 9.999981e-01 9.273659e-05 1.037573e-02 -1.670042e-04 -9.241630e-05 9.999999e-01 1.650792e+01
9.999985e-01 9.193054e-04 -1.465894e-03 -1.006026e+01 -9.190279e-04 9.999996e-01 1.899068e-04 8.736732e-03 1.466079e-03 -1.885576e-04 9.999990e-01 1.649652e+01
9.999982e-01 -1.892955e-03 1.144946e-04 -1.003684e+01 1.892974e-03 9.999982e-01 -1.600132e-04 7.480374e-03 -1.142025e-04 1.602280e-04 9.999999e-01 1.649676e+01
9.999978e-01 1.373963e-03 1.574318e-03 -1.019257e+01 -1.372198e-03 9.999984e-01 -1.121296e-03 9.723050e-03 -1.575845e-03 1.119135e-03 9.999982e-01 1.684278e+01
9.999887e-01 -1.817032e-03 4.398143e-03 -1.053172e+01 1.826086e-03 9.999962e-01 -2.055507e-03 1.745253e-02 -4.394401e-03 2.063514e-03 9.999881e-01 1.769467e+01
9.999947e-01 1.228370e-03 3.022511e-03 -1.092768e+01 -1.222938e-03 9.999976e-01 -1.798414e-03 2.676060e-02 -3.024704e-03 1.794710e-03 9.999939e-01 1.868990e+01
9.999925e-01 -1.892827e-03 3.382300e-03 -1.129029e+01 1.898271e-03 9.999969e-01 -1.607161e-03 3.485281e-02 -3.379256e-03 1.613567e-03 9.999929e-01 1.956427e+01
9.999960e-01 1.301689e-03 2.497335e-03 -1.162388e+01 -1.298034e-03 9.999981e-01 -1.464826e-03 4.208708e-02 -2.499229e-03 1.461581e-03 9.999959e-01 2.037354e+01
9.999943e-01 -2.129350e-03 2.618654e-03 -1.197321e+01 2.133364e-03 9.999966e-01 -1.531223e-03 4.935931e-02 -2.615392e-03 1.536798e-03 9.999953e-01 2.112339e+01
9.999970e-01 1.352733e-03 2.061780e-03 -1.229962e+01 -1.350186e-03 9.999983e-01 -1.236277e-03 5.606158e-02 -2.063441e-03 1.233493e-03 9.999972e-01 2.183173e+01
9.999950e-01 -2.072713e-03 2.374743e-03 -1.259461e+01 2.075825e-03 9.999970e-01 -1.308711e-03 6.200502e-02 -2.372030e-03 1.313630e-03 9.999962e-01 2.249641e+01
9.999975e-01 1.417733e-03 1.755062e-03 -1.286387e+01 -1.415837e-03 9.999984e-01 -1.080754e-03 6.736438e-02 -1.756585e-03 1.078271e-03 9.999980e-01 2.312185e+01
9.999951e-01 -2.056734e-03 2.374011e-03 -1.312825e+01 2.059910e-03 9.999970e-01 -1.336036e-03 7.268248e-02 -2.371262e-03 1.340915e-03 9.999962e-01 2.374281e+01
9.999979e-01 1.428223e-03 1.494664e-03 -1.334597e+01 -1.427016e-03 9.999987e-01 -8.084648e-04 7.684215e-02 -1.495811e-03 8.063348e-04 9.999987e-01 2.430749e+01
9.999964e-01 -2.143677e-03 1.623005e-03 -1.357223e+01 2.145653e-03 9.999970e-01 -1.216937e-03 8.098728e-02 -1.620396e-03 1.220410e-03 9.999978e-01 2.481637e+01
9.999989e-01 1.237317e-03 8.034980e-04 -1.382077e+01 -1.236761e-03 9.999990e-01 -6.929901e-04 8.525227e-02 -8.043495e-04 6.920006e-04 9.999995e-01 2.527628e+01
9.999970e-01 -2.072186e-03 1.318147e-03 -1.403077e+01 2.073465e-03 9.999974e-01 -9.697536e-04 8.859765e-02 -1.316139e-03 9.724786e-04 9.999986e-01 2.568363e+01
9.999982e-01 1.263184e-03 1.430655e-03 -1.428938e+01 -1.261591e-03 9.999986e-01 -1.113385e-03 9.327900e-02 -1.432054e-03 1.111584e-03 9.999985e-01 2.617721e+01
9.999961e-01 -2.312852e-03 1.562464e-03 -1.457609e+01 2.314557e-03 9.999967e-01 -1.090066e-03 9.837764e-02 -1.559942e-03 1.093672e-03 9.999981e-01 2.669517e+01
9.999986e-01 1.342237e-03 9.515530e-04 -1.484476e+01 -1.341356e-03 9.999987e-01 -9.258421e-04 1.029096e-01 -9.527904e-04 9.245702e-04 9.999992e-01 2.715076e+01
9.999967e-01 -2.375307e-03 9.268287e-04 -1.510929e+01 2.376050e-03 9.999969e-01 -8.011320e-04 1.071296e-01 -9.249268e-04 8.033256e-04 9.999991e-01 2.756475e+01
9.999989e-01 1.379756e-03 6.276745e-04 -1.535634e+01 -1.379240e-03 9.999987e-01 -8.210885e-04 1.110202e-01 -6.288028e-04 8.202280e-04 9.999996e-01 2.795143e+01
9.999970e-01 -2.334553e-03 7.078116e-04 -1.558451e+01 2.335023e-03 9.999971e-01 -6.648224e-04 1.144921e-01 -7.062611e-04 6.664670e-04 9.999994e-01 2.831229e+01
9.999985e-01 1.333098e-03 1.079146e-03 -1.583464e+01 -1.331984e-03 9.999986e-01 -1.032857e-03 1.184405e-01 -1.080518e-03 1.031425e-03 9.999990e-01 2.871219e+01
9.999964e-01 -2.322441e-03 1.359425e-03 -1.609858e+01 2.323734e-03 9.999968e-01 -9.504022e-04 1.229601e-01 -1.357217e-03 9.535511e-04 9.999985e-01 2.917545e+01
9.999982e-01 1.329193e-03 1.316910e-03 -1.637340e+01 -1.327650e-03 9.999984e-01 -1.171588e-03 1.278306e-01 -1.318462e-03 1.169845e-03 9.999985e-01 2.966984e+01
9.999957e-01 -2.467120e-03 1.591327e-03 -1.669244e+01 2.468991e-03 9.999963e-01 -1.174666e-03 1.336201e-01 -1.588426e-03 1.178583e-03 9.999979e-01 3.020807e+01
9.999979e-01 1.265413e-03 1.610794e-03 -1.704543e+01 -1.263115e-03 9.999982e-01 -1.426877e-03 1.402160e-01 -1.612594e-03 1.424847e-03 9.999978e-01 3.079103e+01
9.999953e-01 -2.318555e-03 1.995953e-03 -1.739999e+01 2.320969e-03 9.999966e-01 -1.208108e-03 1.470747e-01 -1.993147e-03 1.212728e-03 9.999972e-01 3.141929e+01
9.999970e-01 1.279777e-03 2.095469e-03 -1.775661e+01 -1.276423e-03 9.999979e-01 -1.601128e-03 1.541334e-01 -2.097512e-03 1.598456e-03 9.999966e-01 3.208891e+01
9.999969e-01 -2.382612e-03 7.788017e-04 -1.803625e+01 2.383059e-03 9.999970e-01 -5.730423e-04 1.590465e-01 -7.774353e-04 5.748884e-04 9.999994e-01 3.259389e+01
9.999987e-01 1.440770e-03 7.127073e-04 -1.825864e+01 -1.440069e-03 9.999985e-01 -9.835437e-04 1.624463e-01 -7.141222e-04 9.825243e-04 9.999994e-01 3.295880e+01
9.999963e-01 -2.528764e-03 1.049406e-03 -1.852110e+01 2.529672e-03 9.999964e-01 -8.651922e-04 1.668009e-01 -1.047216e-03 8.678352e-04 9.999990e-01 3.337675e+01
9.999989e-01 1.363756e-03 6.064841e-04 -1.881041e+01 -1.363131e-03 9.999985e-01 -1.028844e-03 1.717123e-01 -6.078855e-04 1.028025e-03 9.999994e-01 3.381280e+01
9.999959e-01 -2.501045e-03 1.378482e-03 -1.910314e+01 2.502428e-03 9.999964e-01 -1.002671e-03 1.767718e-01 -1.375970e-03 1.006108e-03 9.999984e-01 3.426697e+01
9.999986e-01 1.305372e-03 1.023604e-03 -1.942182e+01 -1.304101e-03 9.999984e-01 -1.240772e-03 1.824049e-01 -1.025221e-03 1.239444e-03 9.999988e-01 3.476149e+01
9.999951e-01 -2.432847e-03 1.977963e-03 -1.974560e+01 2.435173e-03 9.999963e-01 -1.174284e-03 1.883323e-01 -1.975099e-03 1.179086e-03 9.999973e-01 3.530624e+01
9.999985e-01 1.242715e-03 1.211021e-03 -2.007668e+01 -1.241097e-03 9.999983e-01 -1.335669e-03 1.943752e-01 -1.212679e-03 1.334173e-03 9.999985e-01 3.586261e+01
9.999952e-01 -2.399267e-03 1.981386e-03 -2.042537e+01 2.401645e-03 9.999964e-01 -1.198765e-03 2.008310e-01 -1.978502e-03 1.203508e-03 9.999972e-01 3.643420e+01
9.999981e-01 1.201894e-03 1.526779e-03 -2.078764e+01 -1.199617e-03 9.999982e-01 -1.491411e-03 2.077087e-01 -1.528569e-03 1.489586e-03 9.999978e-01 3.704874e+01
9.999972e-01 -2.348633e-03 -3.698903e-04 -2.100732e+01 2.348658e-03 9.999972e-01 6.579981e-05 2.109257e-01 3.697357e-04 -6.667857e-05 9.999998e-01 3.739825e+01
9.999979e-01 1.605891e-03 -1.249185e-03 -2.112052e+01 -1.606082e-03 9.999987e-01 -1.518869e-04 2.115669e-01 1.248939e-03 1.539031e-04 9.999993e-01 3.752134e+01
9.999972e-01 -2.333633e-03 -2.970432e-04 -2.122526e+01 2.333649e-03 9.999973e-01 5.445556e-05 2.120645e-01 2.969159e-04 -5.515882e-05 9.999999e-01 3.764023e+01
9.999982e-01 1.642882e-03 -9.271006e-04 -2.134479e+01 -1.643158e-03 9.999986e-01 -2.971526e-04 2.129103e-01 9.266106e-04 2.986857e-04 9.999996e-01 3.778529e+01
9.999970e-01 -2.440615e-03 -8.704059e-05 -2.148181e+01 2.440604e-03 9.999970e-01 -1.165151e-04 2.141967e-01 8.732511e-05 1.162920e-04 9.999999e-01 3.795989e+01
9.999982e-01 1.700807e-03 -8.492993e-04 -2.161672e+01 -1.701081e-03 9.999985e-01 -3.222339e-04 2.154809e-01 8.487496e-04 3.236884e-04 9.999997e-01 3.813625e+01
9.999948e-01 -2.583952e-03 1.916794e-03 -2.184427e+01 2.586129e-03 9.999960e-01 -1.133771e-03 2.189985e-01 -1.913856e-03 1.138711e-03 9.999974e-01 3.848492e+01
9.999979e-01 1.605418e-03 1.248978e-03 -2.214907e+01 -1.603880e-03 9.999980e-01 -1.231354e-03 2.247141e-01 -1.250953e-03 1.229359e-03 9.999986e-01 3.904713e+01
9.999939e-01 -2.739118e-03 2.158229e-03 -2.250176e+01 2.742056e-03 9.999953e-01 -1.359684e-03 2.313658e-01 -2.154493e-03 1.365583e-03 9.999966e-01 3.964818e+01
9.999987e-01 1.526954e-03 -5.115164e-04 -2.275714e+01 -1.527150e-03 9.999988e-01 -3.826124e-04 2.354582e-01 5.109303e-04 3.834042e-04 9.999999e-01 4.005457e+01
9.999970e-01 -2.440189e-03 1.272340e-04 -2.293634e+01 2.440236e-03 9.999970e-01 -3.688991e-04 2.376842e-01 -1.263323e-04 3.691973e-04 9.999998e-01 4.029677e+01
9.999988e-01 1.527063e-03 -2.238357e-04 -2.312646e+01 -1.527176e-03 9.999987e-01 -5.055096e-04 2.401767e-01 2.230622e-04 5.058621e-04 9.999999e-01 4.056083e+01
9.999970e-01 -2.395136e-03 -5.326427e-04 -2.325547e+01 2.395156e-03 9.999971e-01 3.559292e-05 2.412874e-01 5.325570e-04 -3.687993e-05 9.999998e-01 4.074307e+01
9.999983e-01 1.644745e-03 -8.586869e-04 -2.330749e+01 -1.644498e-03 9.999986e-01 2.880927e-04 2.407471e-01 8.591586e-04 -2.866688e-04 9.999997e-01 4.079471e+01
9.999971e-01 -2.345414e-03 -4.875174e-04 -2.334641e+01 2.345403e-03 9.999972e-01 -2.232759e-05 2.400358e-01 4.875693e-04 2.117281e-05 9.999998e-01 4.084278e+01
9.999983e-01 1.603903e-03 -8.587780e-04 -2.338196e+01 -1.603597e-03 9.999987e-01 3.569914e-04 2.392458e-01 8.593487e-04 -3.556024e-04 9.999997e-01 4.088370e+01
9.999969e-01 -2.417373e-03 -5.351523e-04 -2.341893e+01 2.417397e-03 9.999971e-01 4.502706e-05 2.385504e-01 5.350424e-04 -4.633182e-05 9.999998e-01 4.091695e+01
9.999972e-01 1.888169e-03 1.408814e-03 -2.354078e+01 -1.886776e-03 9.999977e-01 -9.889822e-04 2.397744e-01 -1.410678e-03 9.863326e-04 9.999986e-01 4.117381e+01
9.999954e-01 -2.226373e-03 2.066361e-03 -2.371562e+01 2.228185e-03 9.999971e-01 -8.752082e-04 2.432428e-01 -2.064406e-03 8.797969e-04 9.999974e-01 4.170495e+01
9.999983e-01 1.667466e-03 -7.815797e-04 -2.375363e+01 -1.667378e-03 9.999986e-01 1.140232e-04 2.428788e-01 7.817676e-04 -1.127083e-04 9.999998e-01 4.192499e+01
9.999859e-01 -4.771801e-03 -2.329839e-03 -2.352094e+01 4.771398e-03 9.999886e-01 -1.786081e-04 2.398058e-01 2.330665e-03 1.674774e-04 9.999972e-01 4.175480e+01
9.999932e-01 3.541143e-03 1.058926e-03 -2.335818e+01 -3.540528e-03 9.999936e-01 -5.823437e-04 2.361338e-01 -1.060982e-03 5.786022e-04 9.999994e-01 4.176279e+01
9.999922e-01 -3.910842e-03 -5.790385e-04 -2.325720e+01 3.910569e-03 9.999922e-01 -4.730359e-04 2.328959e-01 5.808846e-04 4.707561e-04 9.999996e-01 4.194072e+01
9.999920e-01 3.705819e-03 1.527265e-03 -2.320402e+01 -3.704847e-03 9.999929e-01 -6.391926e-04 2.308364e-01 -1.529624e-03 6.335411e-04 9.999987e-01 4.218073e+01
9.999810e-01 -5.463940e-03 -2.871070e-03 -2.297916e+01 5.461825e-03 9.999848e-01 -7.441946e-04 2.271487e-01 2.875093e-03 7.284871e-04 9.999955e-01 4.215717e+01
9.999993e-01 -1.118827e-04 -1.164862e-03 -2.251545e+01 1.132267e-04 9.999993e-01 1.153818e-03 2.225254e-01 1.164732e-03 -1.153937e-03 9.999988e-01 4.176068e+01
9.999780e-01 -5.824253e-03 -3.189446e-03 -2.202217e+01 5.821903e-03 9.999828e-01 -7.454737e-04 2.180470e-01 3.193733e-03 7.268767e-04 9.999945e-01 4.132535e+01
9.999978e-01 -9.022049e-04 -1.889396e-03 -2.149292e+01 9.034064e-04 9.999994e-01 6.351275e-04 2.127083e-01 1.888823e-03 -6.368210e-04 9.999981e-01 4.085827e+01
9.999978e-01 4.677541e-04 2.040849e-03 -2.134414e+01 -4.641664e-04 9.999983e-01 -1.758082e-03 2.082767e-01 -2.041669e-03 1.757119e-03 9.999963e-01 4.099673e+01
9.999996e-01 -5.879650e-04 7.233955e-04 -2.143396e+01 5.876431e-04 9.999997e-01 4.451034e-04 2.098013e-01 -7.236564e-04 -4.446660e-04 9.999997e-01 4.141626e+01
9.999970e-01 4.489190e-04 2.409144e-03 -2.155202e+01 -4.441059e-04 9.999979e-01 -1.998034e-03 2.120968e-01 -2.410037e-03 1.996946e-03 9.999950e-01 4.188963e+01
9.999994e-01 -6.346591e-04 9.221110e-04 -2.163170e+01 6.342471e-04 9.999997e-01 4.470530e-04 2.132266e-01 -9.223945e-04 -4.464554e-04 9.999996e-01 4.230925e+01
9.999953e-01 5.466548e-04 3.016483e-03 -2.175919e+01 -5.392198e-04 9.999968e-01 -2.465039e-03 2.154679e-01 -3.017821e-03 2.463388e-03 9.999923e-01 4.275047e+01
9.999965e-01 -1.872482e-03 1.868961e-03 -2.212850e+01 1.874212e-03 9.999978e-01 -9.240139e-04 2.231081e-01 -1.867227e-03 9.275265e-04 9.999979e-01 4.339885e+01
9.999996e-01 8.390863e-04 3.050229e-04 -2.224372e+01 -8.388354e-04 9.999993e-01 -8.212220e-04 2.238816e-01 -3.057106e-04 8.209526e-04 9.999995e-01 4.370961e+01
9.999986e-01 -1.427635e-03 8.379722e-04 -2.216831e+01 1.428695e-03 9.999982e-01 -1.266694e-03 2.219260e-01 -8.361636e-04 1.267903e-03 9.999989e-01 4.388703e+01
9.999982e-01 1.398708e-03 1.247656e-03 -2.208547e+01 -1.397856e-03 9.999988e-01 -6.834793e-04 2.190433e-01 -1.248609e-03 6.817205e-04 9.999989e-01 4.423704e+01
9.999942e-01 -1.367406e-03 3.105964e-03 -2.215659e+01 1.371057e-03 9.999984e-01 -1.173769e-03 2.207624e-01 -3.104356e-03 1.178035e-03 9.999946e-01 4.473633e+01
9.999992e-01 1.192707e-03 -4.540727e-04 -2.201085e+01 -1.193542e-03 9.999976e-01 -1.843475e-03 2.176168e-01 4.518751e-04 1.844001e-03 9.999981e-01 4.514209e+01
9.999768e-01 -1.052259e-03 6.727199e-03 -2.219751e+01 1.058315e-03 9.999990e-01 -8.967132e-04 2.219767e-01 -6.726252e-03 9.038263e-04 9.999771e-01 4.583703e+01
9.999983e-01 1.194267e-03 1.403960e-03 -2.245757e+01 -1.190571e-03 9.999958e-01 -2.630272e-03 2.285566e-01 -1.407092e-03 2.628581e-03 9.999955e-01 4.673830e+01
9.999777e-01 -1.191599e-03 6.570902e-03 -2.271917e+01 1.197300e-03 9.999989e-01 -8.639244e-04 2.350457e-01 -6.569870e-03 8.717875e-04 9.999781e-01 4.762073e+01
9.999962e-01 1.285064e-03 2.442900e-03 -2.301846e+01 -1.277337e-03 9.999942e-01 -3.161742e-03 2.427958e-01 -2.446943e-03 3.158594e-03 9.999919e-01 4.859914e+01
9.999759e-01 -1.023071e-03 6.873799e-03 -2.329057e+01 1.028421e-03 9.999992e-01 -7.748956e-04 2.498859e-01 -6.873007e-03 7.819618e-04 9.999762e-01 4.958552e+01
9.999977e-01 6.617332e-04 2.064103e-03 -2.363365e+01 -6.548348e-04 9.999942e-01 -3.340710e-03 2.582031e-01 -2.066294e-03 3.339334e-03 9.999922e-01 5.059853e+01
9.999769e-01 -1.320298e-04 6.788579e-03 -2.381199e+01 1.310820e-04 1.000000e+00 1.399750e-04 2.628533e-01 -6.788606e-03 -1.390654e-04 9.999770e-01 5.145765e+01
1.000000e+00 -7.661294e-05 -2.387396e-04 -2.397111e+01 7.587442e-05 9.999952e-01 -3.094970e-03 2.668399e-01 2.389842e-04 3.094935e-03 9.999951e-01 5.212996e+01
9.999708e-01 -1.350526e-04 7.641989e-03 -2.431402e+01 1.397552e-04 9.999998e-01 -6.149278e-04 2.746150e-01 -7.641914e-03 6.159951e-04 9.999707e-01 5.300159e+01
9.999949e-01 -4.887010e-04 3.153578e-03 -2.487333e+01 5.039264e-04 9.999882e-01 -4.828714e-03 2.879908e-01 -3.151171e-03 4.830261e-03 9.999833e-01 5.429091e+01
9.999722e-01 1.544974e-04 7.448986e-03 -2.533983e+01 -1.529017e-04 1.000000e+00 -2.149212e-04 2.993016e-01 -7.449031e-03 2.137945e-04 9.999723e-01 5.549202e+01
9.999971e-01 -2.739135e-04 2.380415e-03 -2.576041e+01 2.843668e-04 9.999903e-01 -4.391697e-03 3.096974e-01 -2.379177e-03 4.392343e-03 9.999874e-01 5.662658e+01
9.999709e-01 3.456630e-05 7.628458e-03 -2.616255e+01 -3.266488e-05 1.000000e+00 -2.495409e-04 3.196688e-01 -7.628480e-03 2.493036e-04 9.999710e-01 5.776695e+01
9.999953e-01 3.566254e-05 3.071143e-03 -2.653790e+01 -2.116638e-05 9.999889e-01 -4.719568e-03 3.298532e-01 -3.071263e-03 4.719462e-03 9.999840e-01 5.894737e+01
9.999570e-01 -1.193043e-03 9.195335e-03 -2.711485e+01 1.208075e-03 9.999979e-01 -1.629564e-03 3.435834e-01 -9.193387e-03 1.640623e-03 9.999565e-01 6.027122e+01
9.999902e-01 -8.319272e-04 4.344673e-03 -2.780521e+01 8.574934e-04 9.999823e-01 -5.885546e-03 3.590391e-01 -4.339683e-03 5.889193e-03 9.999731e-01 6.161775e+01
9.999745e-01 -3.615246e-05 7.141877e-03 -2.820623e+01 3.085978e-05 9.999997e-01 7.409166e-04 3.678176e-01 -7.141920e-03 -7.406559e-04 9.999743e-01 6.269549e+01
9.999967e-01 5.950119e-04 2.483008e-03 -2.841247e+01 -5.838036e-04 9.999897e-01 -4.511439e-03 3.740127e-01 -2.485647e-03 4.509952e-03 9.999866e-01 6.368175e+01
9.999705e-01 -3.528282e-04 7.677734e-03 -2.872706e+01 3.530847e-04 9.999999e-01 -3.234360e-05 3.826126e-01 -7.677742e-03 3.507576e-05 9.999706e-01 6.476058e+01
9.999972e-01 5.717217e-04 2.310279e-03 -2.902836e+01 -5.616907e-04 9.999904e-01 -4.339184e-03 3.909602e-01 -2.312717e-03 4.337851e-03 9.999878e-01 6.584597e+01
9.999642e-01 -3.104897e-04 8.454153e-03 -2.932869e+01 3.113702e-04 9.999999e-01 -1.031335e-04 3.991514e-01 -8.454142e-03 1.057852e-04 9.999644e-01 6.697001e+01
9.999987e-01 6.166388e-04 1.503094e-03 -2.954829e+01 -6.110902e-04 9.999930e-01 -3.687304e-03 4.051630e-01 -1.505334e-03 3.686358e-03 9.999920e-01 6.797275e+01
9.999702e-01 2.712665e-04 7.710800e-03 -2.969731e+01 -2.735573e-04 9.999999e-01 2.956733e-04 4.103081e-01 -7.710743e-03 -2.977501e-04 9.999703e-01 6.892060e+01
9.999985e-01 3.852820e-04 1.675596e-03 -2.989269e+01 -3.788103e-04 9.999925e-01 -3.859169e-03 4.162116e-01 -1.677046e-03 3.858504e-03 9.999911e-01 6.989549e+01
9.999676e-01 1.485654e-04 8.049583e-03 -3.008240e+01 -1.493145e-04 1.000000e+00 9.207322e-05 4.218339e-01 -8.049595e-03 -9.324782e-05 9.999677e-01 7.085384e+01
9.999996e-01 5.943079e-04 6.800463e-04 -3.020822e+01 -5.921353e-04 9.999947e-01 -3.185696e-03 4.255079e-01 -6.819095e-04 3.185267e-03 9.999946e-01 7.165396e+01
9.999701e-01 4.319016e-04 7.725955e-03 -3.033362e+01 -4.335910e-04 9.999999e-01 2.165402e-04 4.297340e-01 -7.725888e-03 -2.198587e-04 9.999702e-01 7.250636e+01
9.999993e-01 8.182049e-05 1.141377e-03 -3.050300e+01 -7.777760e-05 9.999937e-01 -3.538541e-03 4.345782e-01 -1.141632e-03 3.538424e-03 9.999930e-01 7.338953e+01
9.999508e-01 7.119859e-04 9.894680e-03 -3.067810e+01 -7.047586e-04 9.999995e-01 -7.342688e-04 4.405763e-01 -9.895227e-03 7.272848e-04 9.999509e-01 7.442069e+01
9.999987e-01 -9.864113e-04 1.251118e-03 -3.067606e+01 9.924697e-04 9.999878e-01 -4.847808e-03 4.427871e-01 -1.246291e-03 4.849018e-03 9.999874e-01 7.534665e+01
9.999792e-01 6.556034e-04 6.423013e-03 -3.050457e+01 -6.475838e-04 9.999990e-01 -1.251226e-03 4.407954e-01 -6.423858e-03 1.247067e-03 9.999787e-01 7.610983e+01
9.999989e-01 -1.434527e-03 3.323267e-04 -3.025618e+01 1.436183e-03 9.999864e-01 -5.022774e-03 4.368837e-01 -3.250854e-04 5.023219e-03 9.999872e-01 7.682207e+01
9.999855e-01 5.744464e-04 5.358927e-03 -2.993616e+01 -5.677111e-04 9.999990e-01 -1.259122e-03 4.312158e-01 -5.359677e-03 1.256089e-03 9.999849e-01 7.746759e+01
9.999965e-01 -1.953579e-03 -1.795172e-03 -2.944142e+01 1.944443e-03 9.999852e-01 -5.079553e-03 4.226351e-01 1.805101e-03 5.076016e-03 9.999854e-01 7.801839e+01
9.999868e-01 8.839473e-04 5.063101e-03 -2.905103e+01 -8.821349e-04 9.999995e-01 -3.611599e-04 4.153277e-01 -5.063451e-03 3.567177e-04 9.999872e-01 7.852439e+01
