9.999925e-01 -5.513339e-04 3.837368e-03 -2.879995e-01 5.605782e-04 9.999969e-01 -2.408371e-03 5.752877e-03 -3.836029e-03 2.410503e-03 9.999898e-01 6.163226e-01
9.999956e-01 -2.911484e-04 2.956577e-03 -7.230379e-01 2.954374e-04 9.999989e-01 -1.450352e-03 1.558792e-02 -2.956150e-03 1.451218e-03 9.999945e-01 1.580792e+00
9.999942e-01 -5.542344e-04 3.347041e-03 -1.121666e+00 5.613857e-04 9.999976e-01 -2.136061e-03 2.443139e-02 -3.345850e-03 2.137928e-03 9.999922e-01 2.476845e+00
9.999969e-01 -4.369983e-04 2.438201e-03 -1.520091e+00 4.402260e-04 9.999990e-01 -1.323404e-03 3.298353e-02 -2.437618e-03 1.324473e-03 9.999961e-01 3.321744e+00
9.999948e-01 -5.896185e-04 3.180854e-03 -1.928251e+00 5.963795e-04 9.999976e-01 -2.125010e-03 4.168904e-02 -3.179596e-03 2.126897e-03 9.999928e-01 4.154138e+00
9.999977e-01 -3.193603e-04 2.104903e-03 -2.304659e+00 3.214583e-04 9.999995e-01 -9.964454e-04 4.952095e-02 -2.104581e-03 9.971183e-04 9.999972e-01 4.937382e+00
9.999952e-01 -4.910846e-04 3.074175e-03 -2.652142e+00 4.973896e-04 9.999978e-01 -2.050552e-03 5.681696e-02 -3.073165e-03 2.052073e-03 9.999933e-01 5.693620e+00
9.999986e-01 -4.115976e-04 1.614936e-03 -2.998594e+00 4.130126e-04 9.999995e-01 -8.759083e-04 6.398741e-02 -1.614571e-03 8.765719e-04 9.999982e-01 6.420434e+00
9.999963e-01 -5.462641e-04 2.678752e-03 -3.337483e+00 5.514114e-04 9.999980e-01 -1.921188e-03 7.084042e-02 -2.677702e-03 1.922660e-03 9.999947e-01 7.104464e+00
9.999992e-01 -3.530483e-04 1.204185e-03 -3.651154e+00 3.537889e-04 9.999997e-01 -6.148324e-04 7.692312e-02 -1.203963e-03 6.152553e-04 9.999990e-01 7.726095e+00
9.999963e-01 -5.228366e-04 2.675089e-03 -3.954164e+00 5.278627e-04 9.999981e-01 -1.878511e-03 8.272609e-02 -2.674108e-03 1.879919e-03 9.999948e-01 8.332529e+00
9.999995e-01 -3.043207e-04 9.191693e-04 -4.227902e+00 3.047188e-04 9.999999e-01 -4.328721e-04 8.786389e-02 -9.190315e-04 4.331489e-04 9.999994e-01 8.901872e+00
9.999962e-01 -5.059780e-04 2.723602e-03 -4.494937e+00 5.112408e-04 9.999980e-01 -1.931989e-03 9.301404e-02 -2.722626e-03 1.933378e-03 9.999945e-01 9.480250e+00
9.999997e-01 -2.968569e-04 6.751961e-04 -4.743463e+00 2.970412e-04 9.999999e-01 -2.725924e-04 9.768137e-02 -6.751085e-04 2.727893e-04 9.999996e-01 1.002626e+01
9.999919e-01 -3.383187e-04 4.017801e-03 -5.068155e+00 3.487979e-04 9.999965e-01 -2.607796e-03 1.046651e-01 -4.016912e-03 2.609180e-03 9.999886e-01 1.075636e+01
9.999997e-01 -5.708352e-04 4.285475e-04 -5.373240e+00 5.708591e-04 9.999998e-01 -5.516631e-05 1.107961e-01 -4.285084e-04 5.540678e-05 9.999998e-01 1.142598e+01
9.999973e-01 -1.115597e-04 2.310720e-03 -5.583308e+00 1.156645e-04 9.999984e-01 -1.776439e-03 1.144972e-01 -2.310526e-03 1.776706e-03 9.999959e-01 1.189827e+01
9.999998e-01 -6.681517e-04 1.762418e-04 -5.800832e+00 6.681554e-04 9.999998e-01 -1.975333e-05 1.182297e-01 -1.762205e-04 1.986656e-05 9.999999e-01 1.235210e+01
9.999977e-01 -1.869384e-04 2.131666e-03 -6.013794e+00 1.905811e-04 9.999985e-01 -1.708883e-03 1.217084e-01 -2.131352e-03 1.709291e-03 9.999964e-01 1.278183e+01
9.999988e-01 -6.245760e-04 1.394722e-03 -6.321868e+00 6.255582e-04 9.999996e-01 -7.037727e-04 1.276763e-01 -1.394273e-03 7.046394e-04 9.999987e-01 1.338332e+01
9.999982e-01 -3.608918e-04 1.864331e-03 -6.598938e+00 3.637255e-04 9.999988e-01 -1.519944e-03 1.327433e-01 -1.863790e-03 1.520624e-03 9.999972e-01 1.393134e+01
9.999999e-01 -3.980018e-04 -6.166402e-05 -6.779164e+00 3.980034e-04 9.999999e-01 2.114378e-05 1.354272e-01 6.166475e-05 -2.117364e-05 9.999999e-01 1.428850e+01
9.999989e-01 -4.733838e-04 1.410277e-03 -6.958054e+00 4.753037e-04 9.999990e-01 -1.361556e-03 1.378328e-01 -1.409640e-03 1.362230e-03 9.999982e-01 1.460639e+01
9.999999e-01 -1.589466e-04 -3.021898e-04 -7.090878e+00 1.590506e-04 9.999999e-01 3.431221e-04 1.390991e-01 3.021446e-04 -3.431757e-04 9.999998e-01 1.486136e+01
9.999995e-01 -4.862974e-04 9.193952e-04 -7.218383e+00 4.874541e-04 9.999991e-01 -1.258585e-03 1.403536e-01 -9.187918e-04 1.259039e-03 9.999989e-01 1.509402e+01
9.999999e-01 -3.336740e-04 -4.242837e-04 -7.379055e+00 3.337852e-04 9.999999e-01 2.612139e-04 1.423009e-01 4.242060e-04 -2.613613e-04 9.999998e-01 1.535722e+01
9.999994e-01 -3.945910e-04 1.019172e-03 -7.512193e+00 3.957573e-04 9.999993e-01 -1.144726e-03 1.435884e-01 -1.018729e-03 1.145135e-03 9.999989e-01 1.559684e+01
9.999985e-01 -2.352972e-04 1.713025e-03 -7.749130e+00 2.366326e-04 9.999997e-01 -7.792410e-04 1.477565e-01 -1.712831e-03 7.796391e-04 9.999981e-01 1.607034e+01
9.999971e-01 -8.587044e-04 2.258214e-03 -8.100791e+00 8.635349e-04 9.999973e-01 -2.139138e-03 1.545430e-01 -2.256381e-03 2.141088e-03 9.999953e-01 1.669626e+01
9.999992e-01 -5.695495e-04 1.087261e-03 -8.481795e+00 5.701895e-04 9.999997e-01 -5.881250e-04 1.614515e-01 -1.086915e-03 5.887378e-04 9.999991e-01 1.727768e+01
9.999982e-01 -8.421325e-04 1.710779e-03 -8.826737e+00 8.451974e-04 9.999980e-01 -1.791851e-03 1.674086e-01 -1.709278e-03 1.793301e-03 9.999970e-01 1.780037e+01
9.999992e-01 -4.518931e-04 1.154714e-03 -9.168712e+00 4.526793e-04 9.999997e-01 -6.803026e-04 1.734681e-01 -1.154395e-03 6.808176e-04 9.999990e-01 1.832745e+01
9.999980e-01 -1.034907e-03 1.688889e-03 -9.515782e+00 1.037780e-03 9.999980e-01 -1.701016e-03 1.795016e-01 -1.687137e-03 1.702773e-03 9.999972e-01 1.886145e+01
9.999989e-01 -1.448193e-04 1.497767e-03 -9.853050e+00 1.463341e-04 9.999995e-01 -1.011015e-03 1.857839e-01 -1.497608e-03 1.011226e-03 9.999983e-01 1.940769e+01
9.999990e-01 -1.240269e-03 7.112587e-04 -1.021655e+01 1.241191e-03 9.999984e-01 -1.297154e-03 1.922519e-01 -7.096606e-04 1.298043e-03 9.999990e-01 1.992258e+01
9.999992e-01 -1.277574e-04 1.240561e-03 -1.057282e+01 1.289141e-04 9.999996e-01 -9.319417e-04 1.985815e-01 -1.240429e-03 9.320928e-04 9.999987e-01 2.042185e+01
9.999988e-01 -1.261339e-03 9.064090e-04 -1.090450e+01 1.262437e-03 9.999985e-01 -1.211514e-03 2.042975e-01 -9.048918e-04 1.212665e-03 9.999990e-01 2.090888e+01
9.999998e-01 1.154219e-04 6.009788e-04 -1.115327e+01 -1.152610e-04 1.000000e+00 -2.669117e-04 2.078872e-01 -6.009972e-04 2.668339e-04 9.999997e-01 2.127775e+01
9.999995e-01 -8.478704e-04 -5.152169e-04 -1.121629e+01 8.480067e-04 9.999996e-01 2.655576e-04 2.073876e-01 5.149791e-04 -2.659859e-04 9.999999e-01 2.138077e+01
9.999986e-01 3.565497e-04 1.649441e-03 -1.131254e+01 -3.549193e-04 9.999994e-01 -9.883518e-04 2.074558e-01 -1.649780e-03 9.877564e-04 9.999981e-01 2.158485e+01
9.999978e-01 -1.030039e-03 1.819914e-03 -1.153180e+01 1.031976e-03 9.999989e-01 -1.063904e-03 2.114148e-01 -1.818829e-03 1.065788e-03 9.999979e-01 2.209903e+01
1.000000e+00 1.639457e-04 1.708704e-04 -1.170553e+01 -1.638729e-04 9.999999e-01 -4.221843e-04 2.138019e-01 -1.709265e-04 4.221473e-04 9.999998e-01 2.245255e+01
9.999997e-01 -7.084967e-04 2.065106e-04 -1.180649e+01 7.085398e-04 9.999997e-01 -2.115301e-04 2.142975e-01 -2.063738e-04 2.116853e-04 1.000000e+00 2.264550e+01
1.000000e+00 2.008028e-04 2.602741e-06 -1.187051e+01 -2.008021e-04 1.000000e+00 -2.043099e-05 2.140895e-01 -2.593714e-06 2.042146e-05 9.999999e-01 2.277205e+01
9.999997e-01 -6.633461e-04 -4.764910e-04 -1.194049e+01 6.632509e-04 9.999998e-01 -1.986058e-04 2.141301e-01 4.766096e-04 1.982987e-04 1.000000e+00 2.288749e+01
9.999999e-01 8.786346e-05 -3.100582e-04 -1.197062e+01 -8.772065e-05 9.999999e-01 4.585708e-04 2.132137e-01 3.101115e-04 -4.585526e-04 9.999997e-01 2.293988e+01
9.999998e-01 -6.006128e-04 7.894395e-05 -1.209716e+01 6.006952e-04 9.999993e-01 -1.055938e-03 2.142632e-01 -7.832266e-05 1.055995e-03 9.999995e-01 2.312170e+01
9.999987e-01 1.707154e-04 1.607137e-03 -1.225443e+01 -1.707694e-04 1.000000e+00 3.388644e-05 2.156694e-01 -1.607118e-03 -3.417002e-05 9.999986e-01 2.338241e+01
9.999985e-01 -6.342806e-04 -1.585537e-03 -1.240411e+01 6.333084e-04 9.999996e-01 -6.131976e-04 2.171720e-01 1.585913e-03 6.122019e-04 9.999987e-01 2.357313e+01
9.999998e-01 -2.492822e-04 5.794667e-04 -1.257589e+01 2.491264e-04 9.999999e-01 2.700750e-04 2.189433e-01 -5.795209e-04 -2.699399e-04 9.999997e-01 2.375379e+01
9.999994e-01 -7.727342e-04 -8.097883e-04 -1.286176e+01 7.718693e-04 9.999991e-01 -1.067030e-03 2.229187e-01 8.105991e-04 1.066413e-03 9.999992e-01 2.405407e+01
9.999967e-01 -6.583114e-04 2.476628e-03 -1.329047e+01 6.609831e-04 9.999992e-01 -1.077850e-03 2.304899e-01 -2.475903e-03 1.079473e-03 9.999963e-01 2.458184e+01
9.999995e-01 -1.017603e-03 -1.342311e-04 -1.374561e+01 1.017404e-03 9.999984e-01 -1.472401e-03 2.388422e-01 1.357158e-04 1.472273e-03 9.999990e-01 2.517265e+01
9.999944e-01 -5.785210e-04 3.286423e-03 -1.417770e+01 5.826526e-04 9.999990e-01 -1.256166e-03 2.468054e-01 -3.285680e-03 1.258063e-03 9.999937e-01 2.577835e+01
9.999993e-01 -1.096896e-03 4.898603e-04 -1.461121e+01 1.097785e-03 9.999977e-01 -1.821359e-03 2.549738e-01 -4.878754e-04 1.821906e-03 9.999983e-01 2.642308e+01
9.999932e-01 -6.027276e-04 3.627740e-03 -1.506610e+01 6.082108e-04 9.999987e-01 -1.510330e-03 2.638409e-01 -3.626810e-03 1.512515e-03 9.999922e-01 2.710464e+01
9.999992e-01 -1.185895e-03 4.231368e-04 -1.550615e+01 1.186657e-03 9.999977e-01 -1.808056e-03 2.724837e-01 -4.210065e-04 1.808568e-03 9.999984e-01 2.777604e+01
9.999919e-01 -5.904937e-04 3.981247e-03 -1.596383e+01 5.971677e-04 9.999984e-01 -1.675148e-03 2.815441e-01 -3.980236e-03 1.677501e-03 9.999906e-01 2.847777e+01
9.999994e-01 -1.127990e-03 -1.299383e-05 -1.638203e+01 1.127968e-03 9.999982e-01 -1.539637e-03 2.897194e-01 1.471487e-05 1.539633e-03 9.999989e-01 2.912677e+01
9.999943e-01 -3.109647e-04 3.350030e-03 -1.673397e+01 3.142918e-04 9.999995e-01 -9.923984e-04 2.960574e-01 -3.349704e-03 9.934336e-04 9.999938e-01 2.967069e+01
9.999995e-01 -9.868720e-04 -3.803530e-05 -1.705460e+01 9.868186e-04 9.999986e-01 -1.353339e-03 3.015846e-01 3.935456e-05 1.353313e-03 9.999992e-01 3.018108e+01
9.999983e-01 -3.343318e-04 1.837640e-03 -1.735141e+01 3.350716e-04 9.999999e-01 -4.017079e-04 3.062951e-01 -1.837489e-03 4.023105e-04 9.999981e-01 3.060145e+01
9.999989e-01 -9.608484e-04 -1.157560e-03 -1.764067e+01 9.599103e-04 9.999992e-01 -8.097637e-04 3.105069e-01 1.158321e-03 8.086642e-04 9.999991e-01 3.095703e+01
9.999983e-01 -2.548507e-04 1.807962e-03 -1.792016e+01 2.556181e-04 9.999999e-01 -4.236622e-04 3.146473e-01 -1.807837e-03 4.241109e-04 9.999982e-01 3.130369e+01
9.999993e-01 -1.014612e-03 -6.732361e-04 -1.820487e+01 1.013891e-03 9.999989e-01 -1.068525e-03 3.190497e-01 6.743028e-04 1.067854e-03 9.999993e-01 3.168202e+01
1.000000e+00 1.940891e-04 2.132476e-04 -1.829501e+01 -1.942332e-04 9.999997e-01 6.812564e-04 3.192685e-01 -2.130987e-04 -6.813107e-04 9.999996e-01 3.183627e+01
9.999988e-01 -8.679494e-04 -1.299025e-03 -1.836917e+01 8.665983e-04 9.999991e-01 -1.039428e-03 3.194853e-01 1.299909e-03 1.038314e-03 9.999987e-01 3.195946e+01
1.000000e+00 1.078250e-04 9.235087e-05 -1.844587e+01 -1.079133e-04 9.999995e-01 9.680541e-04 3.193834e-01 -9.223007e-05 -9.680771e-04 9.999994e-01 3.206629e+01
9.999986e-01 -8.393456e-04 -1.441154e-03 -1.849642e+01 8.383986e-04 9.999994e-01 -6.568404e-04 3.189631e-01 1.441688e-03 6.556442e-04 9.999988e-01 3.211590e+01
1.000000e+00 5.927834e-05 2.734414e-05 -1.855085e+01 -5.930455e-05 9.999995e-01 9.992638e-04 3.185574e-01 -2.726881e-05 -9.992784e-04 9.999994e-01 3.216488e+01
9.999984e-01 -8.175911e-04 -1.586553e-03 -1.862275e+01 8.163922e-04 9.999994e-01 -7.554821e-04 3.183375e-01 1.587154e-03 7.541985e-04 9.999986e-01 3.223338e+01
1.000000e+00 -2.310376e-04 -3.844650e-05 -1.869231e+01 2.310864e-04 9.999992e-01 1.247306e-03 3.183468e-01 3.817405e-05 -1.247328e-03 9.999991e-01 3.226695e+01
9.999988e-01 -6.385308e-04 -1.390812e-03 -1.876444e+01 6.373811e-04 9.999995e-01 -8.261837e-04 3.183301e-01 1.391323e-03 8.253091e-04 9.999988e-01 3.231540e+01
1.000000e+00 -1.068332e-04 -1.928221e-04 -1.882487e+01 1.070313e-04 9.999995e-01 1.022244e-03 3.179092e-01 1.927282e-04 -1.022278e-03 9.999994e-01 3.238059e+01
9.999988e-01 -6.531262e-04 -1.390871e-03 -1.888160e+01 6.520162e-04 9.999995e-01 -7.976377e-04 3.174355e-01 1.391376e-03 7.967428e-04 9.999988e-01 3.244057e+01
1.000000e+00 -6.960576e-05 -2.335911e-04 -1.894745e+01 6.983107e-05 9.999995e-01 9.603771e-04 3.171016e-01 2.335393e-04 -9.604062e-04 9.999994e-01 3.251162e+01
9.999990e-01 -8.246722e-04 -1.136505e-03 -1.897621e+01 8.240863e-04 9.999995e-01 -5.149770e-04 3.163972e-01 1.136914e-03 5.140528e-04 9.999993e-01 3.253101e+01
9.999999e-01 -5.015066e-04 -1.493501e-04 -1.893465e+01 5.016440e-04 9.999995e-01 9.146832e-04 3.151080e-01 1.489062e-04 -9.147708e-04 9.999995e-01 3.247903e+01
9.999982e-01 -1.242311e-03 -1.441697e-03 -1.885425e+01 1.241261e-03 9.999990e-01 -7.283153e-04 3.134070e-01 1.442585e-03 7.265372e-04 9.999988e-01 3.239939e+01
9.999983e-01 -1.453135e-03 -1.177064e-03 -1.867113e+01 1.453492e-03 9.999989e-01 3.018141e-04 3.112302e-01 1.176638e-03 -3.035372e-04 9.999992e-01 3.225407e+01
9.999978e-01 -1.412879e-03 -1.554716e-03 -1.850548e+01 1.412476e-03 9.999990e-01 -2.594554e-04 3.090075e-01 1.555067e-03 2.572716e-04 9.999989e-01 3.208405e+01
9.999998e-01 -5.786902e-04 -2.461582e-04 -1.841972e+01 5.788367e-04 9.999997e-01 5.916693e-04 3.077829e-01 2.458297e-04 -5.918245e-04 9.999997e-01 3.197925e+01
9.999993e-01 -6.303683e-04 -1.012011e-03 -1.840350e+01 6.303103e-04 9.999998e-01 -5.670428e-05 3.066275e-01 1.012033e-03 5.607914e-05 9.999996e-01 3.194920e+01
1.000000e+00 -7.468862e-05 -2.310687e-04 -1.841826e+01 7.476692e-05 9.999999e-01 3.349517e-04 3.054903e-01 2.310574e-04 -3.349817e-04 9.999998e-01 3.198385e+01
9.999992e-01 -5.454819e-04 -1.179992e-03 -1.845723e+01 5.452430e-04 9.999998e-01 -2.019921e-04 3.046790e-01 1.180088e-03 2.013613e-04 9.999994e-01 3.204710e+01
9.999999e-01 -1.088604e-04 -3.776301e-04 -1.851847e+01 1.089525e-04 1.000000e+00 2.414570e-04 3.042648e-01 3.776172e-04 -2.415108e-04 9.999998e-01 3.212936e+01
9.999990e-01 -5.847111e-04 -1.284410e-03 -1.859099e+01 5.844226e-04 9.999998e-01 -2.243250e-04 3.040635e-01 1.284528e-03 2.235869e-04 9.999992e-01 3.221879e+01
9.999999e-01 -1.600619e-04 -3.775330e-04 -1.866563e+01 1.602009e-04 9.999999e-01 3.658519e-04 3.039542e-01 3.774875e-04 -3.659251e-04 9.999998e-01 3.229517e+01
9.999991e-01 -5.380661e-04 -1.255720e-03 -1.875355e+01 5.376472e-04 9.999998e-01 -3.332552e-04 3.040233e-01 1.255886e-03 3.325925e-04 9.999993e-01 3.239389e+01
9.999999e-01 -1.856567e-04 -3.770211e-04 -1.883578e+01 1.857961e-04 9.999999e-01 3.672542e-04 3.040417e-01 3.769656e-04 -3.673370e-04 9.999998e-01 3.248805e+01
9.999991e-01 -4.956086e-04 -1.221161e-03 -1.890303e+01 4.952650e-04 9.999998e-01 -2.809900e-04 3.037451e-01 1.221287e-03 2.803977e-04 9.999993e-01 3.257024e+01
9.999996e-01 7.202271e-05 9.001369e-04 -1.892721e+01 -7.235243e-05 9.999999e-01 3.671838e-04 3.025433e-01 -9.000978e-04 -3.672615e-04 9.999994e-01 3.264009e+01
9.999987e-01 -4.278665e-04 -1.549146e-03 -1.894609e+01 4.273931e-04 9.999999e-01 -3.053838e-04 3.010612e-01 1.549264e-03 3.047340e-04 9.999989e-01 3.270882e+01
1.000000e+00 -2.221291e-04 -2.542218e-05 -1.901910e+01 2.221352e-04 1.000000e+00 2.072494e-04 3.010414e-01 2.538843e-05 -2.072678e-04 9.999999e-01 3.280843e+01
9.999987e-01 -4.559651e-04 -1.558059e-03 -1.908630e+01 4.555510e-04 9.999999e-01 -2.656467e-04 3.008364e-01 1.558168e-03 2.649493e-04 9.999989e-01 3.290318e+01
1.000000e+00 -2.581213e-04 -1.005327e-04 -1.915785e+01 2.581418e-04 9.999999e-01 1.962949e-04 3.007424e-01 1.004940e-04 -1.963336e-04 9.999999e-01 3.300095e+01
9.999987e-01 -4.685361e-04 -1.552596e-03 -1.923896e+01 4.680885e-04 9.999998e-01 -2.881332e-04 3.008488e-01 1.552719e-03 2.874188e-04 9.999989e-01 3.310596e+01
9.999999e-01 -3.060058e-04 -1.323332e-04 -1.933632e+01 3.060286e-04 9.999999e-01 1.664482e-04 3.012615e-01 1.322938e-04 -1.665015e-04 9.999999e-01 3.322198e+01
9.999986e-01 -6.090476e-04 -1.587848e-03 -1.946052e+01 6.083854e-04 9.999997e-01 -4.170206e-04 3.022869e-01 1.588090e-03 4.160668e-04 9.999988e-01 3.336477e+01
9.999998e-01 -3.162286e-04 5.298668e-04 -1.961004e+01 3.163249e-04 9.999999e-01 -1.802560e-04 3.040168e-01 -5.297984e-04 1.804107e-04 9.999997e-01 3.356182e+01
9.999989e-01 -6.004612e-04 -1.361560e-03 -1.975403e+01 5.999145e-04 9.999997e-01 -4.013069e-04 3.055347e-01 1.361790e-03 4.005026e-04 9.999991e-01 3.376065e+01
1.000000e+00 -2.401115e-04 1.449459e-04 -1.988441e+01 2.401078e-04 1.000000e+00 3.088787e-05 3.067080e-01 -1.449422e-04 -3.086607e-05 9.999999e-01 3.392705e+01
9.999993e-01 -6.499503e-04 -9.602102e-04 -2.004782e+01 6.492962e-04 9.999996e-01 -6.805837e-04 3.086884e-01 9.606411e-04 6.799728e-04 9.999994e-01 3.414151e+01
9.999999e-01 -2.818147e-04 3.916357e-04 -2.021497e+01 2.818297e-04 1.000000e+00 -3.631912e-05 3.107145e-01 -3.916145e-04 3.641634e-05 9.999998e-01 3.437015e+01
9.999990e-01 -6.144036e-04 -1.280941e-03 -2.038095e+01 6.137038e-04 9.999997e-01 -5.460060e-04 3.126845e-01 1.281265e-03 5.452325e-04 9.999991e-01 3.458014e+01
9.999996e-01 -3.673252e-04 7.765598e-04 -2.057693e+01 3.675514e-04 9.999999e-01 -2.901606e-04 3.153426e-01 -7.764423e-04 2.904327e-04 9.999996e-01 3.483585e+01
9.999994e-01 -6.977110e-04 -8.806204e-04 -2.080170e+01 6.970243e-04 9.999995e-01 -7.789976e-04 3.186542e-01 8.811527e-04 7.783967e-04 9.999994e-01 3.513500e+01
9.999996e-01 -3.963092e-04 8.299199e-04 -2.103855e+01 3.966070e-04 9.999999e-01 -3.578695e-04 3.222390e-01 -8.297672e-04 3.581850e-04 9.999995e-01 3.544723e+01
9.999996e-01 -6.840716e-04 -6.389014e-04 -2.127532e+01 6.835149e-04 9.999994e-01 -8.698796e-04 3.258605e-01 6.394853e-04 8.694562e-04 9.999995e-01 3.577090e+01
9.999995e-01 -4.633417e-04 8.565062e-04 -2.152566e+01 4.636928e-04 9.999998e-01 -4.089331e-04 3.297469e-01 -8.563058e-04 4.093163e-04 9.999995e-01 3.610804e+01
9.999995e-01 -6.850994e-04 -6.692741e-04 -2.177094e+01 6.845271e-04 9.999994e-01 -8.538277e-04 3.335395e-01 6.698478e-04 8.533831e-04 9.999995e-01 3.644035e+01
9.999995e-01 -4.303544e-04 9.069112e-04 -2.200880e+01 4.307156e-04 9.999998e-01 -3.972516e-04 3.371742e-01 -9.067293e-04 3.976280e-04 9.999994e-01 3.676822e+01
9.999987e-01 -6.023714e-04 -1.528300e-03 -2.218984e+01 6.018055e-04 9.999998e-01 -3.702041e-04 3.395050e-01 1.528511e-03 3.692980e-04 9.999989e-01 3.700795e+01
1.000000e+00 -2.889962e-04 8.203825e-05 -2.231918e+01 2.889997e-04 1.000000e+00 -3.304120e-05 3.407628e-01 -8.201808e-05 3.305073e-05 9.999999e-01 3.716914e+01
9.999987e-01 -6.140684e-04 -1.485673e-03 -2.245261e+01 6.134831e-04 9.999997e-01 -3.939010e-04 3.420971e-01 1.485904e-03 3.930033e-04 9.999989e-01 3.733600e+01
1.000000e+00 -2.946970e-04 7.225327e-05 -2.259980e+01 2.946994e-04 1.000000e+00 -2.305301e-05 3.436650e-01 -7.223615e-05 2.306003e-05 9.999999e-01 3.751066e+01
9.999989e-01 -6.269054e-04 -1.355648e-03 -2.275524e+01 6.262961e-04 9.999997e-01 -4.492996e-04 3.454126e-01 1.355919e-03 4.484644e-04 9.999991e-01 3.769700e+01
9.999999e-01 -3.271329e-04 2.607192e-04 -2.292043e+01 3.271613e-04 9.999999e-01 -1.060181e-04 3.473511e-01 -2.606744e-04 1.060890e-04 9.999999e-01 3.789979e+01
9.999988e-01 -6.270827e-04 -1.388196e-03 -2.309308e+01 6.264480e-04 9.999997e-01 -4.570616e-04 3.494547e-01 1.388472e-03 4.562059e-04 9.999990e-01 3.810714e+01
9.999999e-01 -3.085117e-04 3.094334e-04 -2.326702e+01 3.085431e-04 9.999999e-01 -9.890013e-05 3.515732e-01 -3.093930e-04 9.898109e-05 9.999998e-01 3.831596e+01
9.999990e-01 -6.044471e-04 -1.256465e-03 -2.343830e+01 6.037764e-04 9.999997e-01 -5.334503e-04 3.537156e-01 1.256777e-03 5.327057e-04 9.999992e-01 3.853020e+01
9.999993e-01 -3.664888e-04 1.109474e-03 -2.363801e+01 3.670349e-04 9.999998e-01 -4.914048e-04 3.565484e-01 -1.109284e-03 4.917970e-04 9.999992e-01 3.880791e+01
9.999997e-01 -8.043274e-04 1.421107e-04 -2.391502e+01 8.045075e-04 9.999989e-01 -1.276876e-03 3.611877e-01 -1.410934e-04 1.277004e-03 9.999993e-01 3.921876e+01
9.999987e-01 -4.691696e-04 1.521540e-03 -2.421285e+01 4.702294e-04 9.999996e-01 -6.957905e-04 3.663027e-01 -1.521203e-03 6.964900e-04 9.999985e-01 3.966797e+01
9.999997e-01 -7.640083e-04 1.539885e-05 -2.450074e+01 7.640253e-04 9.999990e-01 -1.190597e-03 3.711894e-01 -1.449933e-05 1.190624e-03 9.999994e-01 4.010159e+01
9.999982e-01 -5.210997e-04 1.820987e-03 -2.480576e+01 5.226725e-04 9.999995e-01 -8.629031e-04 3.764651e-01 -1.820527e-03 8.638379e-04 9.999979e-01 4.056476e+01
9.999996e-01 -8.318020e-04 2.486117e-04 -2.513802e+01 8.321449e-04 9.999987e-01 -1.385832e-03 3.823898e-01 -2.474691e-04 1.386054e-03 9.999991e-01 4.106357e+01
9.999981e-01 -5.172140e-04 1.871662e-03 -2.545951e+01 5.187720e-04 9.999995e-01 -8.315689e-04 3.880660e-01 -1.871221e-03 8.325224e-04 9.999978e-01 4.155542e+01
9.999996e-01 -7.898717e-04 3.488456e-04 -2.578803e+01 7.903572e-04 9.999987e-01 -1.396237e-03 3.938688e-01 -3.477532e-04 1.396528e-03 9.999991e-01 4.205406e+01
9.999982e-01 -5.099338e-04 1.841547e-03 -2.612716e+01 5.114182e-04 9.999995e-01 -8.051664e-04 3.998378e-01 -1.841124e-03 8.060904e-04 9.999979e-01 4.255657e+01
9.999997e-01 -7.502110e-04 2.716633e-04 -2.645161e+01 7.505656e-04 9.999989e-01 -1.311160e-03 4.054924e-01 -2.706907e-04 1.311380e-03 9.999992e-01 4.304211e+01
9.999975e-01 -4.565373e-04 2.172898e-03 -2.678043e+01 4.585446e-04 9.999995e-01 -9.229368e-04 4.112761e-01 -2.172464e-03 9.239141e-04 9.999971e-01 4.354558e+01
9.999995e-01 -8.442915e-04 4.526608e-04 -2.714016e+01 8.449555e-04 9.999986e-01 -1.470817e-03 4.177394e-01 -4.514301e-04 1.471216e-03 9.999989e-01 4.408401e+01
9.999974e-01 -5.406158e-04 2.194442e-03 -2.751291e+01 5.429195e-04 9.999993e-01 -1.048864e-03 4.245390e-01 -2.193861e-03 1.050036e-03 9.999969e-01 4.463981e+01
9.999995e-01 -8.439485e-04 5.437165e-04 -2.787673e+01 8.447507e-04 9.999986e-01 -1.478735e-03 4.311725e-01 -5.424800e-04 1.479211e-03 9.999989e-01 4.519352e+01
9.999971e-01 -3.632325e-04 2.362792e-03 -2.821699e+01 3.655492e-04 9.999995e-01 -9.796733e-04 4.374654e-01 -2.362422e-03 9.805164e-04 9.999966e-01 4.575257e+01
9.999995e-01 -7.743938e-04 6.560445e-04 -2.854575e+01 7.753530e-04 9.999986e-01 -1.464851e-03 4.435782e-01 -6.549220e-04 1.465377e-03 9.999988e-01 4.631293e+01
9.999970e-01 -3.912279e-04 2.433866e-03 -2.888633e+01 3.937830e-04 9.999994e-01 -1.048946e-03 4.499209e-01 -2.433441e-03 1.049883e-03 9.999964e-01 4.688160e+01
9.999994e-01 -7.831610e-04 7.875240e-04 -2.923312e+01 7.843245e-04 9.999986e-01 -1.479770e-03 4.563900e-01 -7.863775e-04 1.480406e-03 9.999987e-01 4.746469e+01
9.999964e-01 -3.811080e-04 2.659149e-03 -2.958601e+01 3.841121e-04 9.999993e-01 -1.128821e-03 4.630287e-01 -2.658703e-03 1.129819e-03 9.999957e-01 4.806704e+01
9.999992e-01 -8.221963e-04 9.639692e-04 -2.996221e+01 8.237831e-04 9.999983e-01 -1.648289e-03 4.702394e-01 -9.626264e-04 1.649101e-03 9.999983e-01 4.869845e+01
9.999960e-01 -5.344487e-04 2.777091e-03 -3.037783e+01 5.382628e-04 9.999989e-01 -1.372348e-03 4.783550e-01 -2.776340e-03 1.373818e-03 9.999951e-01 4.937351e+01
9.999983e-01 -7.941966e-04 -1.685972e-03 -3.062166e+01 7.939059e-04 9.999997e-01 -1.722360e-04 4.821365e-01 1.686094e-03 1.709167e-04 9.999987e-01 4.974913e+01
1.000000e+00 1.240204e-04 1.203367e-04 -3.068838e+01 -1.240391e-04 1.000000e+00 1.671865e-04 4.819122e-01 -1.203015e-04 -1.672209e-04 9.999999e-01 4.983818e+01
9.999983e-01 -7.949665e-04 -1.658329e-03 -3.074798e+01 7.946735e-04 9.999997e-01 -1.764360e-04 4.815432e-01 1.658454e-03 1.751374e-04 9.999987e-01 4.992424e+01
1.000000e+00 9.180081e-05 5.907686e-05 -3.080977e+01 -9.180691e-05 1.000000e+00 1.272148e-04 4.812203e-01 -5.905112e-05 -1.272398e-04 9.999999e-01 5.001556e+01
9.999984e-01 -7.793565e-04 -1.588069e-03 -3.086937e+01 7.790640e-04 9.999997e-01 -1.838798e-04 4.808750e-01 1.588198e-03 1.826619e-04 9.999988e-01 5.010778e+01
9.999999e-01 1.193177e-04 4.293330e-04 -3.088050e+01 -1.195331e-04 9.999999e-01 5.048883e-04 4.797378e-01 -4.292589e-04 -5.049591e-04 9.999997e-01 5.013734e+01
9.999983e-01 -9.325404e-04 -1.593925e-03 -3.085054e+01 9.320978e-04 9.999995e-01 -2.775529e-04 4.777208e-01 1.594170e-03 2.760863e-04 9.999988e-01 5.014737e+01
9.999997e-01 3.618735e-04 6.090802e-04 -3.085835e+01 -3.621834e-04 9.999998e-01 5.110725e-04 4.764030e-01 -6.088815e-04 -5.113125e-04 9.999996e-01 5.018792e+01
9.999977e-01 -1.005699e-03 -1.886103e-03 -3.087658e+01 1.005169e-03 9.999995e-01 -2.811095e-04 4.753509e-01 1.886372e-03 2.792325e-04 9.999983e-01 5.022944e+01
9.999997e-01 3.708632e-04 6.049710e-04 -3.088972e+01 -3.711736e-04 9.999998e-01 5.152703e-04 4.741951e-01 -6.047664e-04 -5.155142e-04 9.999996e-01 5.026791e+01
9.999977e-01 -1.034563e-03 -1.892342e-03 -3.090529e+01 1.034067e-03 9.999994e-01 -2.621173e-04 4.730727e-01 1.892599e-03 2.601793e-04 9.999983e-01 5.030600e+01
9.999997e-01 4.344687e-04 6.618984e-04 -3.092721e+01 -4.347533e-04 9.999998e-01 4.317786e-04 4.720548e-01 -6.616976e-04 -4.320857e-04 9.999996e-01 5.035748e+01
9.999973e-01 -1.230421e-03 -1.983774e-03 -3.091889e+01 1.230111e-03 9.999992e-01 -1.569033e-04 4.704736e-01 1.983952e-03 1.544820e-04 9.999981e-01 5.037761e+01
9.999998e-01 1.760155e-04 5.376117e-04 -3.087421e+01 -1.762001e-04 9.999999e-01 3.457016e-04 4.685132e-01 -5.375381e-04 -3.458157e-04 9.999997e-01 5.036722e+01
9.999978e-01 -1.028236e-03 -1.851778e-03 -3.085871e+01 1.028197e-03 9.999995e-01 -2.142457e-05 4.667539e-01 1.851786e-03 1.953993e-05 9.999984e-01 5.037806e+01
9.999998e-01 2.291020e-04 6.110157e-04 -3.085196e+01 -2.293211e-04 9.999999e-01 3.604611e-04 4.651650e-01 -6.109206e-04 -3.606205e-04 9.999996e-01 5.039464e+01
9.999980e-01 -1.024898e-03 -1.730221e-03 -3.086859e+01 1.025098e-03 9.999995e-01 1.154305e-04 4.641799e-01 1.730089e-03 -1.171846e-04 9.999986e-01 5.041158e+01
9.999998e-01 2.674805e-04 4.932037e-04 -3.089601e+01 -2.676229e-04 9.999999e-01 2.911485e-04 4.633041e-01 -4.931135e-04 -2.912997e-04 9.999997e-01 5.044167e+01
9.999983e-01 -8.962318e-04 -1.630183e-03 -3.092726e+01 8.960387e-04 9.999996e-01 -1.184769e-04 4.624462e-01 1.630277e-03 1.170352e-04 9.999988e-01 5.050026e+01
9.999999e-01 2.243010e-04 4.750766e-04 -3.098316e+01 -2.242766e-04 1.000000e+00 -4.892485e-05 4.620204e-01 -4.750756e-04 4.879900e-05 9.999998e-01 5.060522e+01
9.999977e-01 -9.300648e-04 -1.942774e-03 -3.104794e+01 9.299976e-04 9.999996e-01 -3.484571e-05 4.617645e-01 1.942794e-03 3.305817e-05 9.999982e-01 5.070439e+01
9.999998e-01 2.899529e-04 6.214664e-04 -3.109161e+01 -2.899876e-04 1.000000e+00 5.756230e-05 4.611321e-01 -6.214380e-04 -5.776182e-05 9.999997e-01 5.078229e+01
9.999983e-01 -8.759622e-04 -1.627059e-03 -3.112246e+01 8.759026e-04 9.999996e-01 -3.663842e-05 4.602516e-01 1.627079e-03 3.523253e-05 9.999988e-01 5.085712e+01
9.999998e-01 3.190163e-04 6.198887e-04 -3.115983e+01 -3.190658e-04 9.999999e-01 8.147620e-05 4.595405e-01 -6.198512e-04 -8.169327e-05 9.999997e-01 5.093280e+01
9.999986e-01 -8.617825e-04 -1.467272e-03 -3.118800e+01 8.617639e-04 9.999996e-01 -1.256468e-05 4.586488e-01 1.467271e-03 1.131953e-05 9.999990e-01 5.100340e+01
9.999997e-01 3.266211e-04 6.782630e-04 -3.121354e+01 -3.266449e-04 9.999999e-01 3.665736e-05 4.577227e-01 -6.782396e-04 -3.689821e-05 9.999997e-01 5.107654e+01
9.999983e-01 -9.012018e-04 -1.628045e-03 -3.126229e+01 9.008363e-04 9.999996e-01 -2.245206e-04 4.572273e-01 1.628236e-03 2.230729e-04 9.999987e-01 5.118029e+01
9.999997e-01 2.229218e-04 7.960700e-04 -3.134554e+01 -2.227557e-04 1.000000e+00 -2.072602e-04 4.575548e-01 -7.961051e-04 2.070635e-04 9.999996e-01 5.132605e+01
9.999984e-01 -8.870373e-04 -1.549442e-03 -3.142243e+01 8.867702e-04 9.999996e-01 -1.723258e-04 4.576619e-01 1.549584e-03 1.709709e-04 9.999989e-01 5.146664e+01
9.999999e-01 2.754249e-04 4.522976e-04 -3.146437e+01 -2.754612e-04 1.000000e+00 8.262963e-05 4.570550e-01 -4.522638e-04 -8.277364e-05 9.999998e-01 5.155493e+01
9.999980e-01 -9.582130e-04 -1.774545e-03 -3.148035e+01 9.585454e-04 9.999995e-01 1.870979e-04 4.559499e-01 1.774354e-03 -1.887791e-04 9.999985e-01 5.159113e+01
9.999997e-01 3.901909e-04 7.209372e-04 -3.154939e+01 -3.899212e-04 9.999999e-01 -3.727408e-04 4.557876e-01 -7.210719e-04 3.724401e-04 9.999996e-01 5.170514e+01
9.999980e-01 -1.031550e-03 -1.713144e-03 -3.159799e+01 1.032264e-03 9.999994e-01 4.169238e-04 4.553102e-01 1.712702e-03 -4.186720e-04 9.999985e-01 5.178731e+01
9.999999e-01 2.571727e-04 4.428335e-04 -3.161507e+01 -2.571623e-04 1.000000e+00 -2.117723e-05 4.542826e-01 -4.428285e-04 2.104395e-05 9.999998e-01 5.181100e+01
9.999979e-01 -9.781994e-04 -1.804631e-03 -3.163692e+01 9.787677e-04 9.999995e-01 3.146575e-04 4.532806e-01 1.804312e-03 -3.164038e-04 9.999984e-01 5.184747e+01
9.999994e-01 3.231844e-04 1.058762e-03 -3.172556e+01 -3.224490e-04 9.999997e-01 -6.936659e-04 4.535787e-01 -1.058975e-03 6.933047e-04 9.999991e-01 5.199535e+01
9.999988e-01 -1.173198e-03 -1.052993e-03 -3.186962e+01 1.173051e-03 9.999993e-01 -1.388910e-04 4.551597e-01 1.053145e-03 1.376751e-04 9.999995e-01 5.222932e+01
9.999991e-01 4.019897e-04 1.248488e-03 -3.200294e+01 -4.011080e-04 9.999997e-01 -7.055621e-04 4.565291e-01 -1.248761e-03 7.050411e-04 9.999989e-01 5.246047e+01
9.999988e-01 -1.190553e-03 -9.439491e-04 -3.214188e+01 1.190388e-03 9.999993e-01 -1.746579e-04 4.580073e-01 9.441460e-04 1.735537e-04 9.999996e-01 5.270018e+01
9.999999e-01 4.188842e-04 3.013621e-04 -3.223284e+01 -4.188145e-04 9.999999e-01 -2.280710e-04 4.583331e-01 -3.014474e-04 2.279250e-04 9.999998e-01 5.285615e+01
9.999980e-01 -1.077923e-03 -1.707314e-03 -3.227065e+01 1.078612e-03 9.999993e-01 4.032056e-04 4.575418e-01 1.706868e-03 -4.050265e-04 9.999986e-01 5.291475e+01
9.999999e-01 3.963439e-04 2.770609e-04 -3.231719e+01 -3.962812e-04 9.999999e-01 -2.225793e-04 4.569541e-01 -2.771392e-04 2.224498e-04 9.999998e-01 5.297612e+01
9.999978e-01 -1.060579e-03 -1.785568e-03 -3.236920e+01 1.061028e-03 9.999994e-01 2.510870e-04 4.564067e-01 1.785291e-03 -2.529613e-04 9.999985e-01 5.305486e+01
9.999999e-01 3.899706e-04 3.090719e-04 -3.241703e+01 -3.899111e-04 9.999999e-01 -1.893034e-04 4.557997e-01 -3.091361e-04 1.891632e-04 9.999998e-01 5.312925e+01
9.999978e-01 -1.097773e-03 -1.771448e-03 -3.246144e+01 1.098511e-03 9.999993e-01 4.165713e-04 4.551493e-01 1.770980e-03 -4.184967e-04 9.999984e-01 5.318405e+01
9.999999e-01 3.603529e-04 3.280517e-04 -3.250380e+01 -3.603063e-04 9.999999e-01 -1.392466e-04 4.544876e-01 -3.280926e-04 1.391088e-04 9.999998e-01 5.323277e+01
9.999980e-01 -1.052603e-03 -1.678433e-03 -3.254507e+01 1.053275e-03 9.999994e-01 3.996152e-04 4.537890e-01 1.678002e-03 -4.013626e-04 9.999986e-01 5.328516e+01
9.999999e-01 3.334101e-04 2.993748e-04 -3.258638e+01 -3.333631e-04 9.999999e-01 -1.540840e-04 4.530947e-01 -2.994172e-04 1.539646e-04 9.999998e-01 5.333888e+01
9.999980e-01 -1.018258e-03 -1.740578e-03 -3.262924e+01 1.018776e-03 9.999994e-01 2.971756e-04 4.524091e-01 1.740266e-03 -2.989286e-04 9.999985e-01 5.340277e+01
9.999999e-01 3.263931e-04 3.075010e-04 -3.266433e+01 -3.263560e-04 9.999999e-01 -1.177831e-04 4.515885e-01 -3.075307e-04 1.176631e-04 9.999998e-01 5.345887e+01
9.999980e-01 -9.857894e-04 -1.725889e-03 -3.269603e+01 9.863075e-04 9.999995e-01 2.999073e-04 4.507019e-01 1.725584e-03 -3.015894e-04 9.999986e-01 5.351148e+01
9.999999e-01 2.478035e-04 3.704832e-04 -3.272019e+01 -2.478087e-04 1.000000e+00 1.651431e-05 4.497472e-01 -3.704707e-04 -1.662566e-05 9.999998e-01 5.354688e+01
9.999986e-01 -8.212383e-04 -1.453225e-03 -3.278399e+01 8.210308e-04 9.999997e-01 -1.427925e-04 4.494380e-01 1.453334e-03 1.416187e-04 9.999990e-01 5.365289e+01
9.999998e-01 1.170845e-04 6.596587e-04 -3.287986e+01 -1.169283e-04 1.000000e+00 -2.356093e-04 4.498975e-01 -6.596780e-04 2.355125e-04 9.999997e-01 5.380569e+01
9.999983e-01 -8.570526e-04 -1.628220e-03 -3.298282e+01 8.568164e-04 9.999996e-01 -1.452219e-04 4.505387e-01 1.628336e-03 1.438463e-04 9.999988e-01 5.395874e+01
9.999997e-01 1.341436e-04 7.226511e-04 -3.307368e+01 -1.339791e-04 1.000000e+00 -2.265728e-04 4.509262e-01 -7.226735e-04 2.264563e-04 9.999996e-01 5.410577e+01
9.999978e-01 -9.010916e-04 -1.874526e-03 -3.316202e+01 9.009296e-04 9.999996e-01 -8.686213e-05 4.512638e-01 1.874595e-03 8.519285e-05 9.999983e-01 5.424324e+01
9.999997e-01 2.586682e-04 7.710187e-04 -3.322207e+01 -2.586047e-04 1.000000e+00 -8.151403e-05 4.509284e-01 -7.710320e-04 8.129488e-05 9.999996e-01 5.435127e+01
9.999979e-01 -8.717756e-04 -1.846998e-03 -3.327515e+01 8.718448e-04 9.999996e-01 3.712819e-05 4.504318e-01 1.846957e-03 -3.871866e-05 9.999984e-01 5.444441e+01
9.999997e-01 2.673399e-04 7.210338e-04 -3.332818e+01 -2.672756e-04 1.000000e+00 -8.815308e-05 4.499311e-01 -7.210498e-04 8.794059e-05 9.999996e-01 5.453674e+01
9.999979e-01 -8.742721e-04 -1.875209e-03 -3.337294e+01 8.743389e-04 9.999996e-01 3.523990e-05 4.492837e-01 1.875170e-03 -3.685963e-05 9.999983e-01 5.462386e+01
9.999998e-01 2.983746e-04 6.387080e-04 -3.340636e+01 -2.984108e-04 1.000000e+00 5.760470e-05 4.484767e-01 -6.386835e-04 -5.781503e-05 9.999997e-01 5.468865e+01
9.999975e-01 -1.235982e-03 -1.881391e-03 -3.339829e+01 1.236820e-03 9.999991e-01 4.449371e-04 4.470876e-01 1.880832e-03 -4.472432e-04 9.999982e-01 5.468288e+01
9.999998e-01 3.037195e-04 6.118989e-04 -3.339178e+01 -3.037332e-04 1.000000e+00 2.346092e-05 4.457641e-01 -6.118847e-04 -2.366642e-05 9.999997e-01 5.468047e+01
9.999969e-01 -1.469010e-03 -2.034389e-03 -3.336054e+01 1.469744e-03 9.999989e-01 3.597942e-04 4.442304e-01 2.033851e-03 -3.627635e-04 9.999980e-01 5.465310e+01
9.999995e-01 5.648194e-04 7.831811e-04 -3.335691e+01 -5.649091e-04 9.999998e-01 1.151357e-04 4.427798e-01 -7.831092e-04 -1.155977e-04 9.999996e-01 5.465582e+01
9.999980e-01 -1.125437e-03 -1.673451e-03 -3.340599e+01 1.125099e-03 9.999993e-01 -2.020859e-04 4.422298e-01 1.673670e-03 2.002223e-04 9.999987e-01 5.475156e+01
9.999995e-01 5.240209e-04 8.560632e-04 -3.344288e+01 -5.241388e-04 9.999999e-01 1.383305e-04 4.415207e-01 -8.559840e-04 -1.387988e-04 9.999995e-01 5.483895e+01
9.999972e-01 -1.248379e-03 -2.028528e-03 -3.344777e+01 1.248857e-03 9.999992e-01 2.345326e-04 4.402266e-01 2.028227e-03 -2.370457e-04 9.999980e-01 5.486014e+01
9.999995e-01 4.758415e-04 8.260288e-04 -3.344582e+01 -4.759503e-04 9.999999e-01 1.323580e-04 4.388052e-01 -8.259593e-04 -1.327706e-04 9.999996e-01 5.487689e+01
9.999973e-01 -1.183519e-03 -2.017229e-03 -3.346022e+01 1.183974e-03 9.999993e-01 2.246236e-04 4.376863e-01 2.016955e-03 -2.269919e-04 9.999980e-01 5.490507e+01
9.999997e-01 3.123894e-04 7.480082e-04 -3.345464e+01 -3.125016e-04 9.999999e-01 1.507575e-04 4.362792e-01 -7.479550e-04 -1.510107e-04 9.999996e-01 5.491492e+01
9.999977e-01 -1.072616e-03 -1.865729e-03 -3.345233e+01 1.073148e-03 9.999994e-01 2.847655e-04 4.346923e-01 1.865416e-03 -2.867477e-04 9.999983e-01 5.492798e+01
9.999997e-01 3.725113e-04 6.532528e-04 -3.352802e+01 -3.721762e-04 9.999998e-01 -5.121979e-04 4.346985e-01 -6.534376e-04 5.119352e-04 9.999996e-01 5.504751e+01
9.999977e-01 -1.146144e-03 -1.806861e-03 -3.362938e+01 1.146475e-03 9.999993e-01 1.819728e-04 4.352983e-01 1.806645e-03 -1.840244e-04 9.999985e-01 5.519248e+01
9.999996e-01 4.860978e-04 6.939228e-04 -3.370985e+01 -4.858320e-04 9.999998e-01 -3.824252e-04 4.353706e-01 -6.941029e-04 3.820684e-04 9.999996e-01 5.531427e+01
9.999979e-01 -1.073096e-03 -1.744599e-03 -3.376518e+01 1.073608e-03 9.999994e-01 2.926596e-04 4.349291e-01 1.744278e-03 -2.945125e-04 9.999985e-01 5.541228e+01
9.999998e-01 4.228325e-04 5.456514e-04 -3.383114e+01 -4.225894e-04 9.999998e-01 -4.444893e-04 4.346941e-01 -5.458339e-04 4.442391e-04 9.999997e-01 5.552084e+01
9.999981e-01 -1.004742e-03 -1.656185e-03 -3.386341e+01 1.005669e-03 9.999993e-01 5.592720e-04 4.338770e-01 1.655616e-03 -5.609170e-04 9.999986e-01 5.558496e+01
9.999997e-01 4.599477e-04 6.863413e-04 -3.387486e+01 -4.596916e-04 9.999998e-01 -3.725624e-04 4.326134e-01 -6.865074e-04 3.722272e-04 9.999996e-01 5.563274e+01
9.999977e-01 -1.085912e-03 -1.837533e-03 -3.394148e+01 1.086367e-03 9.999994e-01 2.470619e-04 4.323242e-01 1.837259e-03 -2.490381e-04 9.999984e-01 5.574012e+01
9.999998e-01 4.254586e-04 5.030324e-04 -3.400306e+01 -4.253225e-04 9.999999e-01 -2.695801e-04 4.320020e-01 -5.031422e-04 2.693466e-04 9.999997e-01 5.583151e+01
9.999980e-01 -1.033861e-03 -1.736184e-03 -3.403125e+01 1.034712e-03 9.999993e-01 4.897334e-04 4.310710e-01 1.735672e-03 -4.915093e-04 9.999985e-01 5.588082e+01
9.999998e-01 4.244061e-04 4.809486e-04 -3.406904e+01 -4.242031e-04 9.999998e-01 -4.210559e-04 4.302531e-01 -4.811226e-04 4.208323e-04 9.999997e-01 5.595223e+01
9.999977e-01 -1.066792e-03 -1.855398e-03 -3.412449e+01 1.067585e-03 9.999993e-01 4.264853e-04 4.297762e-01 1.854937e-03 -4.284456e-04 9.999983e-01 5.603817e+01
9.999998e-01 3.852102e-04 3.920884e-04 -3.418077e+01 -3.850277e-04 9.999998e-01 -4.643324e-04 4.293443e-01 -3.922628e-04 4.641618e-04 9.999997e-01 5.612689e+01
9.999981e-01 -1.022056e-03 -1.677098e-03 -3.420459e+01 1.023218e-03 9.999992e-01 6.922143e-04 4.283401e-01 1.676385e-03 -6.939095e-04 9.999985e-01 5.617286e+01
9.999998e-01 -5.943648e-04 -1.490910e-04 -3.409754e+01 5.942404e-04 9.999995e-01 -8.358358e-04 4.259917e-01 1.495917e-04 8.357276e-04 9.999995e-01 5.611324e+01
9.999978e-01 -1.090028e-03 -1.766866e-03 -3.396994e+01 1.091185e-03 9.999992e-01 6.541699e-04 4.231504e-01 1.766147e-03 -6.560769e-04 9.999983e-01 5.605109e+01
9.999998e-01 3.214975e-04 5.759108e-04 -3.395328e+01 -3.212678e-04 9.999999e-01 -3.983104e-04 4.212162e-01 -5.760351e-04 3.981058e-04 9.999997e-01 5.607203e+01
9.999981e-01 -9.592588e-04 -1.697685e-03 -3.396770e+01 9.603997e-04 9.999993e-01 6.715380e-04 4.200525e-01 1.697036e-03 -6.731477e-04 9.999984e-01 5.610970e+01
9.999962e-01 3.667826e-04 2.739988e-03 -3.411414e+01 -3.618513e-04 9.999983e-01 -1.799925e-03 4.218904e-01 -2.740640e-03 1.798907e-03 9.999945e-01 5.640205e+01
9.999994e-01 -1.019825e-03 4.087876e-04 -3.433128e+01 1.019896e-03 9.999995e-01 -1.746561e-04 4.258537e-01 -4.086133e-04 1.750927e-04 1.000000e+00 5.690699e+01
9.999968e-01 3.675666e-04 2.495646e-03 -3.453443e+01 -3.633370e-04 9.999985e-01 -1.694884e-03 4.294658e-01 -2.496261e-03 1.693952e-03 9.999954e-01 5.738301e+01
9.999994e-01 -1.059358e-03 -1.376017e-04 -3.472227e+01 1.059363e-03 9.999994e-01 3.762007e-05 4.325678e-01 1.375573e-04 -3.774568e-05 1.000000e+00 5.780569e+01
9.999974e-01 3.129177e-04 2.246470e-03 -3.491221e+01 -3.091052e-04 9.999985e-01 -1.697030e-03 4.357019e-01 -2.246993e-03 1.696311e-03 9.999959e-01 5.821438e+01
9.999977e-01 -1.108460e-03 -1.854637e-03 -3.502204e+01 1.110037e-03 9.999990e-01 8.495810e-04 4.365908e-01 1.853689e-03 -8.516173e-04 9.999980e-01 5.843345e+01
9.999973e-01 5.249404e-04 2.285183e-03 -3.512184e+01 -5.212860e-04 9.999986e-01 -1.599275e-03 4.372228e-01 -2.286015e-03 1.598059e-03 9.999960e-01 5.864680e+01
9.999996e-01 -9.358714e-04 -6.684158e-05 -3.524052e+01 9.358897e-04 9.999995e-01 2.832067e-04 4.389564e-01 6.657155e-05 -2.832485e-04 1.000000e+00 5.902193e+01
9.999974e-01 6.609792e-04 2.192080e-03 -3.532235e+01 -6.578692e-04 9.999988e-01 -1.418897e-03 4.399061e-01 -2.193010e-03 1.417431e-03 9.999965e-01 5.936119e+01
9.999994e-01 -9.999239e-04 -3.456086e-04 -3.540100e+01 1.000051e-03 9.999994e-01 3.695761e-04 4.406546e-01 3.452335e-04 -3.699008e-04 1.000000e+00 5.967143e+01
9.999978e-01 6.783022e-04 2.009502e-03 -3.546662e+01 -6.756964e-04 9.999989e-01 -1.296857e-03 4.410597e-01 -2.010374e-03 1.295475e-03 9.999970e-01 5.996053e+01
9.999993e-01 -1.012054e-03 -6.778798e-04 -3.551914e+01 1.012364e-03 9.999994e-01 4.572749e-04 4.412237e-01 6.774110e-04 -4.579398e-04 9.999998e-01 6.022644e+01
9.999979e-01 6.902237e-04 1.933260e-03 -3.556533e+01 -6.878216e-04 9.999990e-01 -1.242554e-03 4.411366e-01 -1.934110e-03 1.241201e-03 9.999973e-01 6.047245e+01
9.999987e-01 -1.144690e-03 -1.170392e-03 -3.562516e+01 1.145253e-03 9.999992e-01 4.812491e-04 4.412011e-01 1.169834e-03 -4.825677e-04 9.999993e-01 6.068590e+01
9.999987e-01 5.401977e-04 1.501486e-03 -3.569826e+01 -5.384476e-04 9.999992e-01 -1.165298e-03 4.413071e-01 -1.502108e-03 1.164467e-03 9.999981e-01 6.086850e+01
9.999988e-01 -9.667046e-04 -1.170700e-03 -3.571568e+01 9.675545e-04 9.999993e-01 7.261802e-04 4.401996e-01 1.169992e-03 -7.272908e-04 9.999991e-01 6.100948e+01
9.999991e-01 4.449726e-04 1.238359e-03 -3.575700e+01 -4.434546e-04 9.999991e-01 -1.225310e-03 4.395989e-01 -1.238897e-03 1.224738e-03 9.999984e-01 6.115118e+01
