9.999975e-01 -5.392981e-04 -2.188814e-03 -9.840749e-02 5.378997e-04 9.999997e-01 -6.394103e-04 2.304581e-03 2.189158e-03 6.382309e-04 9.999975e-01 1.449756e-01
1.000000e+00 4.787469e-06 1.557215e-04 -1.925936e-01 -4.791713e-06 1.000000e+00 2.737036e-05 4.160695e-03 -1.557217e-04 -2.737075e-05 9.999999e-01 2.732747e-01
9.999986e-01 -4.080707e-04 -1.596427e-03 -2.241821e-01 4.076343e-04 9.999999e-01 -2.736575e-04 4.996305e-03 1.596539e-03 2.730061e-04 9.999988e-01 3.595344e-01
9.999994e-01 6.967485e-04 8.515370e-04 -7.487344e-02 -6.974060e-04 9.999995e-01 7.720354e-04 2.636812e-03 -8.509992e-04 -7.726284e-04 9.999992e-01 3.175670e-01
9.999966e-01 -8.383009e-04 -2.486588e-03 -7.759202e-02 8.362679e-04 9.999993e-01 -8.185170e-04 2.902525e-03 2.487273e-03 8.164344e-04 9.999967e-01 3.810276e-01
9.999994e-01 5.951334e-04 9.549356e-04 -9.839937e-02 -5.957079e-04 9.999996e-01 6.013896e-04 3.284744e-03 -9.545782e-04 -6.019577e-04 9.999993e-01 4.509098e-01
9.999966e-01 -9.120698e-04 -2.460084e-03 -1.298581e-01 9.100430e-04 9.999992e-01 -8.248507e-04 3.719298e-03 2.460835e-03 8.226087e-04 9.999967e-01 5.212046e-01
9.999998e-01 3.399020e-04 4.880025e-04 -2.381569e-01 -3.400502e-04 9.999999e-01 3.036002e-04 5.954172e-03 -4.879005e-04 -3.037659e-04 9.999997e-01 6.495482e-01
9.999965e-01 -9.143156e-04 -2.478151e-03 -3.543367e-01 9.123157e-04 9.999993e-01 -8.080305e-04 8.483499e-03 2.478889e-03 8.057666e-04 9.999967e-01 7.823245e-01
9.999997e-01 4.181044e-04 6.422489e-04 -4.460678e-01 -4.182950e-04 9.999999e-01 2.967329e-04 1.015326e-02 -6.421264e-04 -2.970013e-04 9.999996e-01 8.973767e-01
9.999956e-01 -1.042778e-03 -2.771647e-03 -5.722005e-01 1.040317e-03 9.999991e-01 -8.892560e-04 1.314428e-02 2.772574e-03 8.863686e-04 9.999959e-01 1.046434e+00
9.999997e-01 4.897003e-04 5.518972e-04 -6.996921e-01 -4.898285e-04 9.999999e-01 2.322016e-04 1.630181e-02 -5.517855e-04 -2.324718e-04 9.999997e-01 1.203149e+00
9.999965e-01 -1.056345e-03 -2.418695e-03 -8.004247e-01 1.054435e-03 9.999991e-01 -7.907762e-04 1.839751e-02 2.419531e-03 7.882231e-04 9.999969e-01 1.330444e+00
9.999997e-01 5.454904e-04 4.817017e-04 -9.104916e-01 -5.455909e-04 9.999998e-01 2.085354e-04 2.082547e-02 -4.815903e-04 -2.087982e-04 9.999998e-01 1.464920e+00
9.999965e-01 -1.112195e-03 -2.390516e-03 -1.012134e+00 1.110497e-03 9.999991e-01 -7.115816e-04 2.298411e-02 2.391308e-03 7.089245e-04 9.999970e-01 1.591473e+00
9.999997e-01 6.742385e-04 4.446054e-04 -1.109893e+00 -6.742801e-04 9.999998e-01 9.346747e-05 2.487653e-02 -4.445451e-04 -9.376740e-05 9.999998e-01 1.716543e+00
9.999966e-01 -1.310916e-03 -2.253329e-03 -1.209173e+00 1.309600e-03 9.999990e-01 -5.854736e-04 2.683697e-02 2.254098e-03 5.825209e-04 9.999974e-01 1.838470e+00
9.999997e-01 7.807077e-04 1.813858e-04 -1.328731e+00 -7.806997e-04 9.999997e-01 -4.431577e-05 2.981510e-02 -1.814235e-04 4.417387e-05 9.999999e-01 1.992404e+00
9.999968e-01 -1.291681e-03 -2.172212e-03 -1.443686e+00 1.290486e-03 9.999990e-01 -5.518596e-04 3.236776e-02 2.172926e-03 5.490550e-04 9.999976e-01 2.129015e+00
9.999996e-01 8.233599e-04 2.363639e-04 -1.545247e+00 -8.233513e-04 9.999997e-01 -3.675614e-05 3.443112e-02 -2.363977e-04 3.656112e-05 9.999999e-01 2.256011e+00
9.999968e-01 -1.339888e-03 -2.132232e-03 -1.642182e+00 1.338787e-03 9.999990e-01 -5.177296e-04 3.637327e-02 2.132927e-03 5.148738e-04 9.999977e-01 2.378981e+00
9.999997e-01 8.162303e-04 4.437093e-05 -1.761016e+00 -8.162284e-04 9.999997e-01 -4.262536e-05 3.897852e-02 -4.440972e-05 4.258862e-05 9.999999e-01 2.514427e+00
9.999973e-01 -1.280813e-03 -1.943006e-03 -1.857626e+00 1.279770e-03 9.999990e-01 -5.378534e-04 4.092978e-02 1.943697e-03 5.353659e-04 9.999981e-01 2.636955e+00
9.999995e-01 9.478939e-04 1.814919e-04 -1.923186e+00 -9.479051e-04 9.999995e-01 6.169785e-05 4.243110e-02 -1.814377e-04 -6.187047e-05 9.999999e-01 2.743290e+00
9.999969e-01 -1.416405e-03 -2.069404e-03 -2.017648e+00 1.415058e-03 9.999988e-01 -6.518484e-04 4.449427e-02 2.070329e-03 6.489187e-04 9.999977e-01 2.871323e+00
9.999995e-01 9.866317e-04 2.055335e-04 -2.108408e+00 -9.866415e-04 9.999995e-01 4.773571e-05 4.641160e-02 -2.054910e-04 -4.793920e-05 9.999999e-01 2.996138e+00
9.999972e-01 -1.332490e-03 -1.954047e-03 -2.175392e+00 1.331418e-03 9.999990e-01 -5.493694e-04 4.787303e-02 1.954782e-03 5.467670e-04 9.999980e-01 3.103220e+00
9.999996e-01 8.470440e-04 3.821168e-05 -2.269117e+00 -8.470413e-04 9.999996e-01 -7.209472e-05 4.971954e-02 -3.827787e-05 7.206149e-05 9.999999e-01 3.229814e+00
9.999977e-01 -1.261251e-03 -1.745150e-03 -2.346750e+00 1.260335e-03 9.999991e-01 -5.257465e-04 5.102219e-02 1.745817e-03 5.235467e-04 9.999984e-01 3.340547e+00
9.999996e-01 8.364696e-04 -1.836463e-05 -2.425173e+00 -8.364710e-04 9.999996e-01 -7.741504e-05 5.230650e-02 1.829439e-05 7.742942e-05 9.999999e-01 3.451443e+00
9.999970e-01 -1.371207e-03 -2.024856e-03 -2.527620e+00 1.370193e-03 9.999989e-01 -5.024048e-04 5.439560e-02 2.025548e-03 4.996299e-04 9.999979e-01 3.581298e+00
9.999993e-01 1.115092e-03 3.034533e-04 -2.576049e+00 -1.115128e-03 9.999994e-01 1.188358e-04 5.584303e-02 -3.033264e-04 -1.191751e-04 9.999998e-01 3.681589e+00
9.999980e-01 -1.185297e-03 -1.610281e-03 -2.564710e+00 1.184877e-03 9.999993e-01 -2.616328e-04 5.616257e-02 1.610596e-03 2.597254e-04 9.999988e-01 3.748680e+00
9.999997e-01 7.327406e-04 -2.399989e-04 -2.641257e+00 -7.328158e-04 9.999997e-01 -3.134833e-04 5.721700e-02 2.397629e-04 3.136579e-04 9.999998e-01 3.855221e+00
9.999974e-01 -1.286541e-03 -1.898287e-03 -2.747592e+00 1.286046e-03 9.999991e-01 -2.620629e-04 5.948950e-02 1.898628e-03 2.596221e-04 9.999983e-01 3.991127e+00
9.999996e-01 8.084898e-04 -3.344402e-04 -2.856121e+00 -8.085863e-04 9.999996e-01 -2.885630e-04 6.170962e-02 3.342002e-04 2.888321e-04 9.999998e-01 4.125390e+00
9.999970e-01 -1.324682e-03 -2.068135e-03 -2.978371e+00 1.324117e-03 9.999991e-01 -2.748296e-04 6.452402e-02 2.068504e-03 2.720916e-04 9.999979e-01 4.276584e+00
9.999996e-01 8.322009e-04 -1.476735e-04 -3.086846e+00 -8.322438e-04 9.999996e-01 -2.908486e-04 6.684724e-02 1.474244e-04 2.909700e-04 9.999998e-01 4.415432e+00
9.999977e-01 -1.127909e-03 -1.821850e-03 -3.150484e+00 1.127804e-03 9.999994e-01 -5.902671e-05 6.955480e-02 1.821923e-03 5.697325e-05 9.999984e-01 4.547321e+00
9.999992e-01 1.159629e-03 5.676067e-04 -3.140641e+00 -1.159550e-03 9.999993e-01 -1.395492e-04 7.065680e-02 -5.677755e-04 1.388895e-04 9.999997e-01 4.637902e+00
9.999963e-01 -1.555129e-03 -2.238737e-03 -3.203247e+00 1.554266e-03 9.999987e-01 -3.871218e-04 7.128157e-02 2.239344e-03 3.836422e-04 9.999975e-01 4.730830e+00
9.999988e-01 1.257702e-03 8.548451e-04 -3.233753e+00 -1.257640e-03 9.999992e-01 -7.352366e-05 7.117868e-02 -8.549445e-04 7.244700e-05 9.999995e-01 4.807215e+00
9.999963e-01 -1.471441e-03 -2.274295e-03 -3.229343e+00 1.471331e-03 9.999989e-01 -4.975789e-05 7.115118e-02 2.274374e-03 4.641295e-05 9.999975e-01 4.877210e+00
9.999973e-01 1.660433e-03 1.608677e-03 -3.038986e+00 -1.661884e-03 9.999982e-01 9.008587e-04 6.930991e-02 -1.607186e-03 -9.035312e-04 9.999982e-01 4.910820e+00
9.999923e-01 -1.888479e-03 -3.427186e-03 -3.075297e+00 1.883983e-03 9.999974e-01 -1.314433e-03 7.076739e-02 3.429667e-03 1.307968e-03 9.999934e-01 5.022057e+00
9.999983e-01 1.329542e-03 1.247276e-03 -3.182337e+00 -1.330496e-03 9.999988e-01 7.639161e-04 7.298320e-02 -1.246267e-03 -7.655758e-04 9.999988e-01 5.156290e+00
9.999941e-01 -1.699219e-03 -2.994837e-03 -3.251488e+00 1.695075e-03 9.999976e-01 -1.385510e-03 7.384285e-02 2.997192e-03 1.380426e-03 9.999947e-01 5.258800e+00
9.999982e-01 1.313318e-03 1.351436e-03 -3.293131e+00 -1.314655e-03 9.999986e-01 9.888882e-04 7.412964e-02 -1.350144e-03 -9.906647e-04 9.999985e-01 5.337571e+00
9.999921e-01 -1.906187e-03 -3.493773e-03 -3.408711e+00 1.900996e-03 9.999971e-01 -1.488454e-03 7.651510e-02 3.496609e-03 1.481802e-03 9.999929e-01 5.468589e+00
9.999977e-01 1.455850e-03 1.557864e-03 -3.497847e+00 -1.457319e-03 9.999985e-01 9.422901e-04 7.796811e-02 -1.556499e-03 -9.445600e-04 9.999982e-01 5.581710e+00
9.999925e-01 -1.893353e-03 -3.371639e-03 -3.572655e+00 1.888251e-03 9.999971e-01 -1.515781e-03 7.896300e-02 3.374508e-03 1.509405e-03 9.999933e-01 5.685323e+00
9.999973e-01 1.483763e-03 1.807155e-03 -3.624762e+00 -1.485706e-03 9.999983e-01 1.074501e-03 7.953669e-02 -1.805567e-03 -1.077185e-03 9.999977e-01 5.772249e+00
9.999932e-01 -1.725163e-03 -3.260741e-03 -3.646040e+00 1.721113e-03 9.999977e-01 -1.244506e-03 7.995976e-02 3.262891e-03 1.238887e-03 9.999940e-01 5.836609e+00
9.999973e-01 1.577314e-03 1.733984e-03 -3.675301e+00 -1.578902e-03 9.999983e-01 9.148130e-04 8.047110e-02 -1.732547e-03 -9.175501e-04 9.999980e-01 5.910110e+00
9.999941e-01 -1.668807e-03 -3.019051e-03 -3.664132e+00 1.665692e-03 9.999981e-01 -1.033959e-03 8.032993e-02 3.020781e-03 1.028926e-03 9.999950e-01 5.964558e+00
9.999974e-01 1.638136e-03 1.595510e-03 -3.608115e+00 -1.640121e-03 9.999979e-01 1.243623e-03 8.144922e-02 -1.593480e-03 -1.246238e-03 9.999979e-01 6.065483e+00
9.999957e-01 -1.503761e-03 -2.508847e-03 -3.485559e+00 1.501648e-03 9.999985e-01 -8.436102e-04 8.018831e-02 2.510122e-03 8.398410e-04 9.999966e-01 6.087295e+00
9.999982e-01 1.391536e-03 1.301752e-03 -3.471007e+00 -1.392443e-03 9.999988e-01 6.959154e-04 7.967048e-02 -1.300792e-03 -6.977286e-04 9.999988e-01 6.132287e+00
9.999930e-01 -1.920902e-03 -3.209076e-03 -3.568845e+00 1.916764e-03 9.999973e-01 -1.292057e-03 8.161360e-02 3.211560e-03 1.285899e-03 9.999941e-01 6.258677e+00
9.999979e-01 1.395298e-03 1.490410e-03 -3.662001e+00 -1.396357e-03 9.999988e-01 7.093703e-04 8.348933e-02 -1.489428e-03 -7.114519e-04 9.999985e-01 6.380878e+00
9.999951e-01 -1.489244e-03 -2.742252e-03 -3.680430e+00 1.486554e-03 9.999984e-01 -9.826236e-04 8.404944e-02 2.743722e-03 9.785442e-04 9.999959e-01 6.447615e+00
9.999981e-01 1.416663e-03 1.357957e-03 -3.688810e+00 -1.417672e-03 9.999987e-01 7.426524e-04 8.446085e-02 -1.356914e-03 -7.445781e-04 9.999987e-01 6.511107e+00
9.999942e-01 -1.670267e-03 -2.968474e-03 -3.721284e+00 1.667221e-03 9.999981e-01 -1.028499e-03 8.546492e-02 2.970197e-03 1.023546e-03 9.999952e-01 6.594948e+00
9.999992e-01 1.007592e-03 7.433174e-04 -3.859017e+00 -1.007927e-03 9.999994e-01 4.502999e-04 8.932580e-02 -7.428744e-04 -4.510509e-04 9.999995e-01 6.766521e+00
9.999936e-01 -1.616135e-03 -3.179521e-03 -4.015881e+00 1.612856e-03 9.999982e-01 -1.033564e-03 9.354055e-02 3.181197e-03 1.028431e-03 9.999945e-01 6.946714e+00
9.999993e-01 9.847983e-04 6.906349e-04 -4.179842e+00 -9.850921e-04 9.999994e-01 4.250362e-04 9.821434e-02 -6.902276e-04 -4.257184e-04 9.999996e-01 7.141053e+00
9.999938e-01 -1.652956e-03 -3.112422e-03 -4.347014e+00 1.649517e-03 9.999980e-01 -1.107498e-03 1.036508e-01 3.114259e-03 1.102359e-03 9.999946e-01 7.356897e+00
9.999995e-01 1.035604e-03 -3.126613e-05 -4.549580e+00 -1.035596e-03 9.999994e-01 2.583288e-04 1.112779e-01 3.152142e-05 -2.582986e-04 9.999999e-01 7.642944e+00
9.999931e-01 -1.713094e-03 -3.284007e-03 -4.739887e+00 1.709461e-03 9.999979e-01 -1.108748e-03 1.191946e-01 3.285912e-03 1.103129e-03 9.999941e-01 7.956233e+00
9.999994e-01 9.325621e-04 -5.217476e-04 -4.953381e+00 -9.324677e-04 9.999995e-01 1.814772e-04 1.289122e-01 5.219037e-04 -1.809930e-04 9.999997e-01 8.336616e+00
9.999915e-01 -1.761468e-03 -3.736367e-03 -5.182460e+00 1.757211e-03 9.999978e-01 -1.142197e-03 1.397905e-01 3.738384e-03 1.135625e-03 9.999925e-01 8.764147e+00
9.999986e-01 1.272392e-03 1.119054e-03 -5.254364e+00 -1.272933e-03 9.999991e-01 4.826268e-04 1.476995e-01 -1.118452e-03 -4.840532e-04 9.999992e-01 9.156797e+00
9.999941e-01 -1.750247e-03 -2.966200e-03 -5.146243e+00 1.749331e-03 9.999984e-01 -3.113055e-04 1.551942e-01 2.966754e-03 3.061173e-04 9.999957e-01 9.597127e+00
9.999982e-01 1.359399e-03 1.317311e-03 -4.941939e+00 -1.360683e-03 9.999986e-01 9.739216e-04 1.620675e-01 -1.315999e-03 -9.757148e-04 9.999986e-01 1.004530e+01
9.999942e-01 -1.648813e-03 -2.972843e-03 -4.677657e+00 1.649190e-03 9.999986e-01 1.241868e-04 1.682907e-01 2.972649e-03 -1.290865e-04 9.999957e-01 1.047565e+01
9.999981e-01 1.639721e-03 1.028259e-03 -4.326793e+00 -1.641580e-03 9.999970e-01 1.809201e-03 1.738831e-01 -1.025304e-03 -1.810888e-03 9.999977e-01 1.085217e+01
9.999964e-01 -1.451944e-03 -2.239734e-03 -4.032787e+00 1.451450e-03 9.999989e-01 -2.221730e-04 1.782258e-01 2.240068e-03 2.189234e-04 9.999976e-01 1.112332e+01
9.999991e-01 1.324556e-03 3.603819e-04 -4.034958e+00 -1.324589e-03 9.999991e-01 8.969899e-05 1.830214e-01 -3.602774e-04 -9.017835e-05 9.999998e-01 1.135004e+01
9.999943e-01 -1.730979e-03 -2.914492e-03 -4.150021e+00 1.728746e-03 9.999982e-01 -7.682446e-04 1.878139e-01 2.915832e-03 7.632039e-04 9.999956e-01 1.156723e+01
9.999982e-01 1.443018e-03 1.242213e-03 -4.129390e+00 -1.443636e-03 9.999988e-01 4.966771e-04 1.909598e-01 -1.241510e-03 -4.984717e-04 9.999990e-01 1.178432e+01
9.999961e-01 -1.461257e-03 -2.371514e-03 -4.081622e+00 1.459443e-03 9.999986e-01 -7.666846e-04 1.908029e-01 2.372646e-03 7.632228e-04 9.999970e-01 1.187024e+01
9.999984e-01 1.329848e-03 1.157392e-03 -4.052059e+00 -1.330453e-03 9.999990e-01 5.219827e-04 1.896149e-01 -1.156711e-03 -5.235240e-04 9.999991e-01 1.191208e+01
9.999958e-01 -1.447896e-03 -2.514984e-03 -4.049547e+00 1.445579e-03 9.999985e-01 -9.228725e-04 1.888985e-01 2.516332e-03 9.192352e-04 9.999965e-01 1.196718e+01
9.999981e-01 1.393941e-03 1.353965e-03 -4.014372e+00 -1.394884e-03 9.999988e-01 6.957030e-04 1.877077e-01 -1.353009e-03 -6.975926e-04 9.999987e-01 1.200727e+01
9.999976e-01 -1.325027e-03 -1.771437e-03 -3.788485e+00 1.324951e-03 9.999991e-01 -4.396673e-05 1.833830e-01 1.771509e-03 4.162176e-05 9.999985e-01 1.196298e+01
9.999990e-01 1.216847e-03 7.297516e-04 -3.714224e+00 -1.217048e-03 9.999992e-01 2.757592e-04 1.829463e-01 -7.294311e-04 -2.766492e-04 9.999996e-01 1.201537e+01
9.999957e-01 -1.544201e-03 -2.473580e-03 -3.775364e+00 1.542178e-03 9.999985e-01 -8.197705e-04 1.840398e-01 2.474857e-03 8.159545e-04 9.999967e-01 1.211828e+01
9.999990e-01 1.181186e-03 7.595907e-04 -3.834781e+00 -1.181435e-03 9.999992e-01 3.268302e-04 1.851369e-01 -7.592201e-04 -3.277296e-04 9.999996e-01 1.221808e+01
9.999955e-01 -1.555642e-03 -2.574146e-03 -3.906856e+00 1.553257e-03 9.999984e-01 -9.284951e-04 1.863781e-01 2.575602e-03 9.244950e-04 9.999964e-01 1.232843e+01
9.999991e-01 1.133103e-03 7.401403e-04 -3.984082e+00 -1.133316e-03 9.999993e-01 2.875247e-04 1.876926e-01 -7.398304e-04 -2.883656e-04 9.999996e-01 1.244426e+01
9.999959e-01 -1.456802e-03 -2.479282e-03 -4.047107e+00 1.454541e-03 9.999985e-01 -9.134200e-04 1.885236e-01 2.480625e-03 9.098125e-04 9.999966e-01 1.254545e+01
9.999986e-01 1.319419e-03 1.062015e-03 -4.056352e+00 -1.320023e-03 9.999990e-01 5.683244e-04 1.882557e-01 -1.061281e-03 -5.697279e-04 9.999992e-01 1.260386e+01
9.999955e-01 -1.522467e-03 -2.585313e-03 -4.078530e+00 1.519904e-03 9.999984e-01 -9.931643e-04 1.881474e-01 2.586837e-03 9.892329e-04 9.999963e-01 1.267233e+01
9.999982e-01 1.445533e-03 1.199493e-03 -4.080530e+00 -1.446281e-03 9.999988e-01 6.225542e-04 1.875886e-01 -1.198609e-03 -6.242905e-04 9.999990e-01 1.272598e+01
9.999960e-01 -1.532104e-03 -2.391635e-03 -4.046776e+00 1.530333e-03 9.999986e-01 -7.421172e-04 1.867518e-01 2.392786e-03 7.384567e-04 9.999970e-01 1.276866e+01
9.999981e-01 1.523384e-03 1.197338e-03 -4.012669e+00 -1.524076e-03 9.999987e-01 5.778085e-04 1.857744e-01 -1.196474e-03 -5.796348e-04 9.999990e-01 1.280678e+01
9.999919e-01 -2.038995e-03 -3.457191e-03 -4.101564e+00 2.034888e-03 9.999972e-01 -1.191036e-03 1.884693e-01 3.459627e-03 1.183994e-03 9.999934e-01 1.296744e+01
9.999989e-01 1.425680e-03 4.756372e-04 -4.251263e+00 -1.425871e-03 9.999989e-01 4.002735e-04 1.940073e-01 -4.750837e-04 -4.009540e-04 9.999997e-01 1.321157e+01
9.999952e-01 -1.716881e-03 -2.573359e-03 -4.339928e+00 1.713818e-03 9.999978e-01 -1.192347e-03 1.962059e-01 2.575418e-03 1.187934e-03 9.999961e-01 1.335968e+01
9.999970e-01 1.814352e-03 1.634822e-03 -4.238310e+00 -1.816355e-03 9.999976e-01 1.224007e-03 1.937681e-01 -1.632615e-03 -1.226976e-03 9.999978e-01 1.336881e+01
9.999933e-01 -1.931896e-03 -3.110372e-03 -4.216744e+00 1.927249e-03 9.999970e-01 -1.496677e-03 1.929066e-01 3.113272e-03 1.490676e-03 9.999941e-01 1.341657e+01
9.999985e-01 1.472367e-03 8.763222e-04 -4.275005e+00 -1.473108e-03 9.999986e-01 8.448766e-04 1.944907e-01 -8.750954e-04 -8.461692e-04 9.999992e-01 1.355769e+01
9.999917e-01 -1.976957e-03 -3.550441e-03 -4.343012e+00 1.971555e-03 9.999969e-01 -1.524330e-03 1.967023e-01 3.553462e-03 1.517320e-03 9.999926e-01 1.372696e+01
9.999986e-01 1.417755e-03 8.596346e-04 -4.407335e+00 -1.418682e-03 9.999984e-01 1.077861e-03 2.002699e-01 -8.581240e-04 -1.079082e-03 9.999990e-01 1.392024e+01
9.999947e-01 -1.466796e-03 -2.897589e-03 -4.275436e+00 1.465574e-03 9.999988e-01 -4.238949e-04 2.032195e-01 2.898226e-03 4.196489e-04 9.999958e-01 1.411693e+01
9.999978e-01 1.625941e-03 1.344513e-03 -4.062793e+00 -1.627655e-03 9.999979e-01 1.274433e-03 2.038931e-01 -1.342458e-03 -1.276622e-03 9.999982e-01 1.426133e+01
9.999949e-01 -1.422316e-03 -2.867436e-03 -3.884867e+00 1.420534e-03 9.999988e-01 -6.236512e-04 2.023889e-01 2.868339e-03 6.195775e-04 9.999958e-01 1.431062e+01
9.999961e-01 1.636840e-03 2.262669e-03 -3.637372e+00 -1.639731e-03 9.999978e-01 1.276339e-03 1.975774e-01 -2.260595e-03 -1.280047e-03 9.999965e-01 1.425724e+01
9.999941e-01 -1.380245e-03 -3.134839e-03 -3.469101e+00 1.377198e-03 9.999986e-01 -9.739805e-04 1.949847e-01 3.136198e-03 9.696601e-04 9.999947e-01 1.424750e+01
9.999985e-01 1.337131e-03 1.134853e-03 -3.410558e+00 -1.338192e-03 9.999987e-01 9.344352e-04 1.952444e-01 -1.133622e-03 -9.359551e-04 9.999988e-01 1.434539e+01
9.999914e-01 -1.462362e-03 -3.877142e-03 -3.368183e+00 1.458468e-03 9.999984e-01 -1.007127e-03 1.984264e-01 3.878629e-03 1.001467e-03 9.999921e-01 1.455119e+01
9.999957e-01 1.925418e-03 2.229527e-03 -3.103525e+00 -1.930068e-03 9.999960e-01 2.085412e-03 1.960454e-01 -2.225523e-03 -2.089708e-03 9.999952e-01 1.457608e+01
9.999945e-01 -1.636863e-03 -2.881785e-03 -2.859223e+00 1.632651e-03 9.999976e-01 -1.463422e-03 1.919129e-01 2.884194e-03 1.458711e-03 9.999949e-01 1.452458e+01
9.999991e-01 1.311553e-03 2.999265e-04 -2.891688e+00 -1.311852e-03 9.999986e-01 9.975501e-04 1.945526e-01 -2.986382e-04 -9.979453e-04 9.999994e-01 1.469598e+01
9.999898e-01 -2.174797e-03 -3.967048e-03 -3.017690e+00 2.168138e-03 9.999962e-01 -1.682281e-03 1.998600e-01 3.970713e-03 1.673665e-03 9.999908e-01 1.496191e+01
9.999990e-01 1.308397e-03 5.317307e-04 -3.170202e+00 -1.308953e-03 9.999986e-01 1.046422e-03 2.053940e-01 -5.303820e-04 -1.047119e-03 9.999992e-01 1.521152e+01
9.999899e-01 -2.089759e-03 -3.979692e-03 -3.330676e+00 2.083026e-03 9.999964e-01 -1.695450e-03 2.110113e-01 3.983242e-03 1.687146e-03 9.999907e-01 1.545936e+01
9.999985e-01 1.339845e-03 1.103210e-03 -3.448318e+00 -1.341019e-03 9.999985e-01 1.064271e-03 2.148585e-01 -1.101805e-03 -1.065752e-03 9.999987e-01 1.566163e+01
9.999921e-01 -1.890626e-03 -3.491431e-03 -3.522775e+00 1.884435e-03 9.999966e-01 -1.775566e-03 2.171507e-01 3.494799e-03 1.768975e-03 9.999924e-01 1.582608e+01
9.999965e-01 1.866463e-03 1.890914e-03 -3.459020e+00 -1.869797e-03 9.999967e-01 1.762752e-03 2.162967e-01 -1.887639e-03 -1.766284e-03 9.999966e-01 1.588313e+01
9.999933e-01 -1.729812e-03 -3.223486e-03 -3.334790e+00 1.725150e-03 9.999975e-01 -1.448570e-03 2.149507e-01 3.226006e-03 1.443002e-03 9.999939e-01 1.592679e+01
9.999958e-01 1.861268e-03 2.236977e-03 -3.195000e+00 -1.865245e-03 9.999967e-01 1.777068e-03 2.122625e-01 -2.233685e-03 -1.781235e-03 9.999958e-01 1.591405e+01
9.999911e-01 -2.091077e-03 -3.653391e-03 -3.200956e+00 2.083060e-03 9.999954e-01 -2.197056e-03 2.114079e-01 3.657991e-03 2.189429e-03 9.999910e-01 1.596863e+01
9.999957e-01 1.870069e-03 2.248693e-03 -3.205776e+00 -1.873960e-03 9.999967e-01 1.729224e-03 2.104729e-01 -2.245474e-03 -1.733434e-03 9.999959e-01 1.602464e+01
9.999900e-01 -2.269582e-03 -3.865209e-03 -3.246268e+00 2.260767e-03 9.999948e-01 -2.283556e-03 2.103620e-01 3.870395e-03 2.274797e-03 9.999900e-01 1.610554e+01
9.999967e-01 1.806908e-03 1.827547e-03 -3.322520e+00 -1.809847e-03 9.999971e-01 1.607611e-03 2.120434e-01 -1.824660e-03 -1.610916e-03 9.999969e-01 1.624140e+01
9.999879e-01 -2.344851e-03 -4.331698e-03 -3.442410e+00 2.334747e-03 9.999945e-01 -2.336098e-03 2.158878e-01 4.337176e-03 2.325959e-03 9.999880e-01 1.643441e+01
9.999973e-01 1.831956e-03 1.444528e-03 -3.580460e+00 -1.834242e-03 9.999971e-01 1.582960e-03 2.205258e-01 -1.441647e-03 -1.585609e-03 9.999976e-01 1.665281e+01
9.999890e-01 -2.330883e-03 -4.079487e-03 -3.708195e+00 2.321277e-03 9.999945e-01 -2.358104e-03 2.248452e-01 4.084985e-03 2.348611e-03 9.999890e-01 1.685963e+01
9.999966e-01 1.889203e-03 1.774708e-03 -3.809372e+00 -1.892041e-03 9.999969e-01 1.598727e-03 2.278034e-01 -1.771707e-03 -1.602083e-03 9.999970e-01 1.703021e+01
9.999884e-01 -2.471777e-03 -4.129570e-03 -3.926876e+00 2.462950e-03 9.999947e-01 -2.141382e-03 2.304508e-01 4.134865e-03 2.131189e-03 9.999893e-01 1.717887e+01
9.999962e-01 1.993017e-03 1.899469e-03 -4.032367e+00 -1.996072e-03 9.999967e-01 1.607605e-03 2.325483e-01 -1.896283e-03 -1.611394e-03 9.999968e-01 1.731292e+01
9.999922e-01 -2.180725e-03 -3.301679e-03 -4.059321e+00 2.173528e-03 9.999953e-01 -2.182033e-03 2.322765e-01 3.306447e-03 2.174843e-03 9.999923e-01 1.738626e+01
9.999958e-01 2.078788e-03 2.015672e-03 -4.055008e+00 -2.082520e-03 9.999961e-01 1.850540e-03 2.315949e-01 -2.011842e-03 -1.854733e-03 9.999962e-01 1.743469e+01
9.999935e-01 -1.998721e-03 -2.995245e-03 -3.956335e+00 1.993925e-03 9.999967e-01 -1.603525e-03 2.301816e-01 2.998465e-03 1.597546e-03 9.999943e-01 1.745737e+01
9.999956e-01 2.127253e-03 2.070905e-03 -3.834053e+00 -2.131353e-03 9.999958e-01 1.979422e-03 2.286890e-01 -2.066710e-03 -1.983831e-03 9.999958e-01 1.748736e+01
9.999918e-01 -2.220124e-03 -3.380612e-03 -3.821623e+00 2.212220e-03 9.999948e-01 -2.339982e-03 2.280642e-01 3.385815e-03 2.332488e-03 9.999916e-01 1.754247e+01
9.999963e-01 1.992914e-03 1.840735e-03 -3.830904e+00 -1.996480e-03 9.999961e-01 1.937104e-03 2.281063e-01 -1.836893e-03 -1.940776e-03 9.999963e-01 1.761708e+01
9.999857e-01 -2.687977e-03 -4.628241e-03 -3.779118e+00 2.679172e-03 9.999946e-01 -1.907607e-03 2.346770e-01 4.633369e-03 1.895183e-03 9.999876e-01 1.803243e+01
9.999990e-01 1.317915e-03 -5.159889e-04 -3.660960e+00 -1.316922e-03 9.999973e-01 1.919817e-03 2.555982e-01 5.184917e-04 -1.919139e-03 9.999979e-01 1.921148e+01
9.999852e-01 -2.685094e-03 -4.721991e-03 -3.440109e+00 2.676669e-03 9.999948e-01 -1.789852e-03 2.783524e-01 4.726799e-03 1.777190e-03 9.999873e-01 2.054619e+01
9.999972e-01 1.818675e-03 1.535924e-03 -3.094191e+00 -1.823405e-03 9.999936e-01 3.083458e-03 2.933051e-01 -1.530333e-03 -3.086253e-03 9.999940e-01 2.146221e+01
9.999915e-01 -2.233851e-03 -3.469375e-03 -2.682694e+00 2.229914e-03 9.999969e-01 -1.138422e-03 3.032791e-01 3.471935e-03 1.130679e-03 9.999934e-01 2.211803e+01
9.999974e-01 1.762316e-03 1.443568e-03 -2.307905e+00 -1.766448e-03 9.999943e-01 2.865257e-03 3.126476e-01 -1.438537e-03 -2.867803e-03 9.999948e-01 2.273638e+01
9.999937e-01 -2.003821e-03 -2.935859e-03 -1.954931e+00 2.000314e-03 9.999973e-01 -1.197306e-03 3.205699e-01 2.938278e-03 1.191429e-03 9.999951e-01 2.325414e+01
9.999958e-01 2.111594e-03 2.003493e-03 -1.472571e+00 -2.118991e-03 9.999909e-01 3.697075e-03 3.251602e-01 -1.995696e-03 -3.701308e-03 9.999911e-01 2.364838e+01
9.999942e-01 -2.002085e-03 -2.746732e-03 -1.030604e+00 1.998023e-03 9.999969e-01 -1.480917e-03 3.282385e-01 2.749716e-03 1.475423e-03 9.999952e-01 2.395543e+01
9.999979e-01 1.602179e-03 1.288937e-03 -8.887675e-01 -1.604569e-03 9.999970e-01 1.855528e-03 3.357935e-01 -1.285988e-03 -1.857595e-03 9.999973e-01 2.438099e+01
9.999966e-01 -1.408664e-03 -2.215863e-03 -5.641673e-01 1.408490e-03 9.999990e-01 -8.051559e-05 3.384560e-01 2.216002e-03 7.739629e-05 9.999976e-01 2.461444e+01
9.999979e-01 1.521988e-03 1.366922e-03 -3.383007e-01 -1.523456e-03 9.999983e-01 1.072730e-03 3.405085e-01 -1.365315e-03 -1.074812e-03 9.999984e-01 2.481216e+01
9.999934e-01 -1.769854e-03 -3.166400e-03 -3.168601e-01 1.766212e-03 9.999978e-01 -1.152915e-03 3.454681e-01 3.168462e-03 1.147317e-03 9.999944e-01 2.507028e+01
9.999968e-01 1.723776e-03 1.827313e-03 -2.731763e-01 -1.725839e-03 9.999979e-01 1.127616e-03 3.482842e-01 -1.825393e-03 -1.130768e-03 9.999976e-01 2.524841e+01
9.999869e-01 -2.252028e-03 -4.603284e-03 -3.437810e-01 2.244394e-03 9.999961e-01 -1.662951e-03 3.560747e-01 4.607039e-03 1.652600e-03 9.999881e-01 2.561922e+01
9.999925e-01 2.209332e-03 3.168657e-03 -2.557203e-01 -2.215186e-03 9.999958e-01 1.845185e-03 3.607028e-01 -3.164596e-03 -1.852192e-03 9.999932e-01 2.588436e+01
9.999885e-01 -2.275613e-03 -4.231159e-03 -1.326528e-01 2.269277e-03 9.999963e-01 -1.501712e-03 3.642407e-01 4.234589e-03 1.492095e-03 9.999900e-01 2.611607e+01
9.999963e-01 1.912202e-03 1.930825e-03 -1.949510e-01 -1.914423e-03 9.999975e-01 1.148688e-03 3.705158e-01 -1.928652e-03 -1.152382e-03 9.999974e-01 2.638703e+01
9.999940e-01 -1.758050e-03 -3.001860e-03 -1.422328e-01 1.754979e-03 9.999979e-01 -1.025593e-03 3.726835e-01 3.003686e-03 1.020321e-03 9.999951e-01 2.651317e+01
9.999977e-01 1.584905e-03 1.451522e-03 -1.800198e-01 -1.585932e-03 9.999985e-01 7.062846e-04 3.758459e-01 -1.450430e-03 -7.085870e-04 9.999986e-01 2.666491e+01
9.999937e-01 -1.783805e-03 -3.072743e-03 -1.496776e-01 1.781291e-03 9.999981e-01 -8.207462e-04 3.809108e-01 3.074230e-03 8.152695e-04 9.999950e-01 2.694406e+01
9.999980e-01 1.412397e-03 1.399603e-03 -3.309355e-02 -1.413850e-03 9.999985e-01 1.037225e-03 3.874686e-01 -1.398166e-03 -1.039204e-03 9.999984e-01 2.734083e+01
9.999918e-01 -1.990999e-03 -3.514808e-03 2.805083e-02 1.986917e-03 9.999973e-01 -1.164613e-03 3.960474e-01 3.517147e-03 1.157622e-03 9.999932e-01 2.781778e+01
9.999991e-01 1.277888e-03 4.251876e-04 -5.882695e-03 -1.278111e-03 9.999990e-01 5.244044e-04 4.069459e-01 -4.245470e-04 -5.249493e-04 9.999997e-01 2.839051e+01
9.999880e-01 -2.284808e-03 -4.335823e-03 -8.838791e-02 2.278336e-03 9.999963e-01 -1.497188e-03 4.208531e-01 4.339258e-03 1.487293e-03 9.999896e-01 2.911869e+01
9.999975e-01 1.567447e-03 1.588075e-03 7.472098e-03 -1.569688e-03 9.999978e-01 1.410932e-03 4.318194e-01 -1.585891e-03 -1.413424e-03 9.999976e-01 2.976441e+01
9.999868e-01 -2.238210e-03 -4.622274e-03 1.767336e-01 2.232917e-03 9.999968e-01 -1.149939e-03 4.430437e-01 4.624864e-03 1.139605e-03 9.999888e-01 3.046629e+01
9.999953e-01 1.739918e-03 2.527070e-03 3.235340e-01 -1.743496e-03 9.999975e-01 1.414358e-03 4.499196e-01 -2.524634e-03 -1.418759e-03 9.999957e-01 3.091947e+01
9.999930e-01 -1.674559e-03 -3.358454e-03 5.603068e-01 1.673257e-03 9.999985e-01 -3.904852e-04 4.508297e-01 3.359134e-03 3.848648e-04 9.999944e-01 3.108782e+01
9.999989e-01 1.184618e-03 9.196520e-04 6.394686e-01 -1.185052e-03 9.999992e-01 4.709186e-04 4.570799e-01 -9.191248e-04 -4.720098e-04 9.999994e-01 3.148478e+01
9.999952e-01 -1.541397e-03 -2.691476e-03 7.420028e-01 1.540576e-03 9.999988e-01 -3.073234e-04 4.632296e-01 2.691977e-03 3.031773e-04 9.999964e-01 3.185792e+01
9.999987e-01 1.215074e-03 1.092450e-03 9.337577e-01 -1.216150e-03 9.999988e-01 9.843400e-04 4.692074e-01 -1.091284e-03 -9.856691e-04 9.999988e-01 3.224689e+01
9.999932e-01 -1.723425e-03 -3.263699e-03 1.060705e+00 1.720855e-03 9.999982e-01 -7.901923e-04 4.773934e-01 3.265087e-03 7.845723e-04 9.999945e-01 3.274006e+01
9.999992e-01 1.014414e-03 7.151006e-04 1.154807e+00 -1.014964e-03 9.999992e-01 7.682530e-04 4.868516e-01 -7.143528e-04 -7.689800e-04 9.999994e-01 3.329270e+01
9.999949e-01 -1.488911e-03 -2.831351e-03 1.347289e+00 1.488564e-03 9.999989e-01 -1.245693e-04 4.946195e-01 2.831566e-03 1.203557e-04 9.999961e-01 3.379072e+01
9.999995e-01 8.873837e-04 3.890515e-04 1.486999e+00 -8.874845e-04 9.999996e-01 2.584273e-04 5.047271e-01 -3.888546e-04 -2.587741e-04 9.999998e-01 3.439788e+01
9.999941e-01 -1.595104e-03 -3.044041e-03 1.643115e+00 1.595015e-03 9.999987e-01 -3.181366e-05 5.159809e-01 3.044121e-03 2.695977e-05 9.999955e-01 3.507115e+01
9.999991e-01 1.098636e-03 7.891011e-04 1.676594e+00 -1.098325e-03 9.999993e-01 -3.943662e-04 5.221460e-01 -7.895669e-04 3.934975e-04 9.999995e-01 3.544795e+01
9.999949e-01 -1.633648e-03 -2.737389e-03 1.579678e+00 1.633096e-03 9.999986e-01 -2.040946e-04 5.241072e-01 2.737752e-03 1.996248e-04 9.999963e-01 3.557597e+01
9.999991e-01 1.141156e-03 6.907386e-04 1.477126e+00 -1.140865e-03 9.999993e-01 -4.219450e-04 5.263065e-01 -6.912530e-04 4.211548e-04 9.999996e-01 3.571125e+01
9.999965e-01 -1.535321e-03 -2.137569e-03 1.419190e+00 1.535257e-03 9.999988e-01 -3.153969e-05 5.275128e-01 2.137648e-03 2.825963e-05 9.999978e-01 3.580929e+01
9.999987e-01 1.387485e-03 7.825104e-04 1.390646e+00 -1.387277e-03 9.999990e-01 -2.664110e-04 5.286733e-01 -7.829130e-04 2.653233e-04 9.999996e-01 3.589475e+01
9.999963e-01 -1.538820e-03 -2.228556e-03 1.365708e+00 1.538695e-03 9.999988e-01 -5.777147e-05 5.297550e-01 2.228676e-03 5.434401e-05 9.999976e-01 3.598371e+01
9.999992e-01 1.229244e-03 2.784494e-04 1.459255e+00 -1.229370e-03 9.999991e-01 4.502860e-04 5.338798e-01 -2.779296e-04 -4.506298e-04 9.999998e-01 3.626114e+01
9.999963e-01 -1.655880e-03 -2.167339e-03 1.609620e+00 1.655720e-03 9.999986e-01 -7.578456e-05 5.413327e-01 2.167495e-03 7.219751e-05 9.999977e-01 3.671157e+01
9.999994e-01 1.108283e-03 4.008285e-05 1.707187e+00 -1.108291e-03 9.999994e-01 1.820786e-04 5.511030e-01 -3.991540e-05 -1.821246e-04 9.999999e-01 3.725031e+01
9.999967e-01 -1.500089e-03 -2.088954e-03 1.706410e+00 1.498911e-03 9.999987e-01 -5.654799e-04 5.568921e-01 2.089834e-03 5.623487e-04 9.999978e-01 3.756083e+01
9.999994e-01 9.348964e-04 -4.995940e-04 1.555767e+00 -9.349678e-04 9.999996e-01 -1.420979e-04 5.616773e-01 4.994261e-04 1.425631e-04 9.999998e-01 3.776612e+01
9.999978e-01 -1.309707e-03 -1.644732e-03 1.455796e+00 1.309175e-03 9.999991e-01 -3.247528e-04 5.658608e-01 1.645191e-03 3.226007e-04 9.999987e-01 3.793821e+01
9.999993e-01 1.130660e-03 -2.593695e-04 1.401614e+00 -1.130699e-03 9.999993e-01 -1.486384e-04 5.679964e-01 2.591661e-04 1.489297e-04 9.999999e-01 3.806187e+01
9.999986e-01 -1.215807e-03 -1.111782e-03 1.396219e+00 1.215584e-03 9.999992e-01 -2.013502e-04 5.677382e-01 1.112061e-03 2.000004e-04 9.999995e-01 3.811898e+01
9.999994e-01 1.038792e-03 -2.117038e-04 1.411763e+00 -1.038791e-03 9.999995e-01 9.787326e-06 5.671588e-01 2.116784e-04 -9.569378e-06 9.999999e-01 3.817010e+01
9.999993e-01 -8.729204e-04 -7.804111e-04 1.528901e+00 8.732850e-04 9.999995e-01 4.665528e-04 5.657865e-01 7.800390e-04 -4.672321e-04 9.999997e-01 3.818033e+01
9.999993e-01 1.141419e-03 -8.021743e-05 1.678534e+00 -1.141407e-03 9.999993e-01 1.454175e-04 5.640629e-01 8.034774e-05 -1.453277e-04 9.999999e-01 3.818875e+01
9.999988e-01 -1.084442e-03 -1.087923e-03 1.897941e+00 1.085349e-03 9.999991e-01 8.335499e-04 5.654060e-01 1.087054e-03 -8.347279e-04 9.999992e-01 3.838800e+01
9.999995e-01 7.771319e-04 -5.889047e-04 2.144956e+00 -7.770686e-04 9.999997e-01 1.081513e-04 5.713180e-01 5.889527e-04 -1.076953e-04 9.999997e-01 3.881110e+01
9.999995e-01 -8.025159e-04 -5.367785e-04 2.315137e+00 8.026820e-04 9.999996e-01 3.088066e-04 5.726715e-01 5.365665e-04 -3.092357e-04 9.999999e-01 3.900121e+01
9.999994e-01 1.073756e-03 2.911360e-04 2.604285e+00 -1.073943e-03 9.999992e-01 6.416757e-04 5.671691e-01 -2.904828e-04 -6.419896e-04 9.999997e-01 3.888917e+01
9.999997e-01 -5.782215e-04 -4.641317e-04 2.952387e+00 5.786970e-04 9.999993e-01 1.024474e-03 5.634724e-01 4.635750e-04 -1.024741e-03 9.999995e-01 3.882191e+01
9.999996e-01 8.245648e-04 -3.859213e-04 3.190800e+00 -8.245263e-04 9.999997e-01 1.004048e-04 5.628941e-01 3.859678e-04 -1.000879e-04 9.999998e-01 3.891019e+01
1.000000e+00 -2.524206e-04 5.471959e-05 3.614442e+00 2.523238e-04 9.999984e-01 1.766459e-03 5.602592e-01 -5.512926e-05 -1.766444e-03 9.999985e-01 3.900153e+01
9.999994e-01 9.671997e-04 5.771416e-04 4.156932e+00 -9.675115e-04 9.999994e-01 5.399090e-04 5.520685e-01 -5.766551e-04 -5.404679e-04 9.999996e-01 3.881584e+01
9.999935e-01 2.499811e-04 3.592605e-03 4.994258e+00 -2.763504e-04 9.999730e-01 7.341278e-03 5.522872e-01 -3.590637e-03 -7.342223e-03 9.999667e-01 3.786374e+01
9.999979e-01 1.692822e-03 1.140063e-03 6.096021e+00 -1.695077e-03 9.999966e-01 1.980116e-03 5.477141e-01 -1.136742e-03 -1.982044e-03 9.999973e-01 3.682923e+01
9.999848e-01 1.571305e-03 5.285566e-03 7.650635e+00 -1.643865e-03 9.999041e-01 1.375170e-02 5.519272e-01 -5.263416e-03 -1.376018e-02 9.998916e-01 3.518616e+01
9.999960e-01 9.647346e-04 -2.657703e-03 8.859831e+00 -9.796705e-04 9.999837e-01 -5.624561e-03 5.432026e-01 2.652199e-03 5.627146e-03 9.999806e-01 3.449499e+01
9.999951e-01 6.639054e-06 3.122765e-03 9.640977e+00 -3.510840e-05 9.999584e-01 9.116606e-03 5.375344e-01 -3.122540e-03 -9.116675e-03 9.999537e-01 3.452677e+01
9.999940e-01 4.549916e-04 -3.437243e-03 1.035148e+01 -4.753068e-04 9.999824e-01 -5.912023e-03 5.367995e-01 3.434458e-03 5.913625e-03 9.999765e-01 3.479689e+01
9.999974e-01 -3.949193e-04 2.259986e-03 1.091295e+01 3.753341e-04 9.999624e-01 8.659735e-03 5.397913e-01 -2.263286e-03 -8.658868e-03 9.999600e-01 3.519666e+01
9.999969e-01 9.805113e-04 -2.272498e-03 1.159339e+01 -9.927296e-04 9.999850e-01 -5.382104e-03 5.387329e-01 2.267153e-03 5.384347e-03 9.999828e-01 3.537730e+01
9.999997e-01 -7.981438e-04 4.538416e-05 1.205962e+01 7.977777e-04 9.999712e-01 7.550109e-03 5.418978e-01 -5.137422e-05 -7.550075e-03 9.999716e-01 3.570557e+01
9.999970e-01 1.483403e-03 -1.922932e-03 1.258021e+01 -1.493165e-03 9.999860e-01 -5.085384e-03 5.407594e-01 1.915326e-03 5.088245e-03 9.999851e-01 3.586394e+01
9.999995e-01 -7.180544e-04 6.735254e-04 1.317081e+01 7.125614e-04 9.999668e-01 8.119630e-03 5.380304e-01 -6.792984e-04 -8.119151e-03 9.999669e-01 3.592589e+01
9.999891e-01 3.395395e-04 -4.660622e-03 1.363781e+01 -3.654641e-04 9.999845e-01 -5.562969e-03 5.490587e-01 4.658626e-03 5.564617e-03 9.999736e-01 3.668609e+01
9.999992e-01 -1.279628e-03 -1.866294e-04 1.382026e+01 1.280675e-03 9.999828e-01 5.729721e-03 5.620103e-01 1.793301e-04 -5.729960e-03 9.999837e-01 3.753659e+01
9.999927e-01 5.562197e-04 -3.785856e-03 1.389222e+01 -5.780716e-04 9.999832e-01 -5.773640e-03 5.705130e-01 3.782545e-03 5.775791e-03 9.999761e-01 3.808522e+01
9.999934e-01 -2.135415e-03 -2.949766e-03 1.387753e+01 2.151091e-03 9.999835e-01 5.321561e-03 5.919837e-01 2.938390e-03 -5.327876e-03 9.999816e-01 3.924923e+01
9.999887e-01 3.250898e-04 -4.746708e-03 1.396838e+01 -3.511378e-04 9.999849e-01 -5.488026e-03 6.182743e-01 4.744814e-03 5.489635e-03 9.999736e-01 4.072816e+01
9.999881e-01 -2.045473e-03 -4.439866e-03 1.410285e+01 2.071735e-03 9.999803e-01 5.918806e-03 6.437588e-01 4.427710e-03 -5.927939e-03 9.999727e-01 4.213936e+01
9.999859e-01 6.926715e-04 -5.264907e-03 1.431042e+01 -7.191475e-04 9.999871e-01 -5.028771e-03 6.689278e-01 5.261316e-03 5.032491e-03 9.999734e-01 4.360846e+01
9.999899e-01 -2.112200e-03 -3.977481e-03 1.442743e+01 2.132891e-03 9.999842e-01 5.205170e-03 6.957946e-01 3.966464e-03 -5.213606e-03 9.999786e-01 4.514600e+01
9.999900e-01 2.433556e-04 -4.454172e-03 1.452117e+01 -2.684723e-04 9.999841e-01 -5.639459e-03 7.252972e-01 4.452687e-03 5.640604e-03 9.999741e-01 4.681262e+01
9.999861e-01 -2.419600e-03 -4.684317e-03 1.450905e+01 2.442580e-03 9.999850e-01 4.906469e-03 7.577224e-01 4.672416e-03 -4.917848e-03 9.999771e-01 4.853689e+01
9.999950e-01 8.052688e-04 -3.061865e-03 1.440063e+01 -8.239807e-04 9.999810e-01 -6.115355e-03 7.821734e-01 3.056840e-03 6.117852e-03 9.999765e-01 4.979021e+01
9.999853e-01 -2.715059e-03 -4.684050e-03 1.420940e+01 2.738640e-03 9.999836e-01 5.035607e-03 8.083723e-01 4.670344e-03 -5.048366e-03 9.999764e-01 5.104538e+01
9.999954e-01 1.046230e-03 -2.847233e-03 1.405776e+01 -1.064562e-03 9.999787e-01 -6.445321e-03 8.369491e-01 2.840385e-03 6.448327e-03 9.999751e-01 5.244799e+01
9.999838e-01 -2.889325e-03 -4.905688e-03 1.390437e+01 2.914596e-03 9.999825e-01 5.152270e-03 8.661804e-01 4.890760e-03 -5.166490e-03 9.999748e-01 5.388558e+01
9.999865e-01 6.380264e-04 -5.159056e-03 1.365628e+01 -6.720005e-04 9.999781e-01 -6.586544e-03 9.019703e-01 5.154695e-03 6.589927e-03 9.999649e-01 5.556693e+01
9.999886e-01 -2.791173e-03 -3.882275e-03 1.353208e+01 2.811958e-03 9.999817e-01 5.358923e-03 9.354884e-01 3.867292e-03 -5.369783e-03 9.999782e-01 5.725453e+01
9.999888e-01 8.118026e-04 -4.671284e-03 1.355415e+01 -8.401457e-04 9.999812e-01 -6.069046e-03 9.653229e-01 4.666222e-03 6.072907e-03 9.999706e-01 5.889533e+01
9.999802e-01 -3.131314e-03 -5.460154e-03 1.357676e+01 3.160144e-03 9.999811e-01 5.279702e-03 1.002113e+00 5.443566e-03 -5.296857e-03 9.999712e-01 6.084565e+01
9.999811e-01 8.863184e-04 -6.082618e-03 1.360495e+01 -9.237224e-04 9.999807e-01 -6.149494e-03 1.040996e+00 6.077001e-03 6.155001e-03 9.999625e-01 6.293689e+01
9.999869e-01 -3.045336e-03 -4.117067e-03 1.373824e+01 3.069812e-03 9.999776e-01 5.952113e-03 1.072949e+00 4.098899e-03 -5.964678e-03 9.999739e-01 6.475439e+01
9.999890e-01 1.364351e-03 -4.488591e-03 1.389686e+01 -1.391217e-03 9.999811e-01 -5.988018e-03 1.101284e+00 4.480286e-03 5.994201e-03 9.999719e-01 6.637368e+01
9.999817e-01 -3.593156e-03 -4.868845e-03 1.388846e+01 3.619035e-03 9.999793e-01 5.317233e-03 1.133655e+00 4.849690e-03 -5.334761e-03 9.999741e-01 6.810301e+01
9.999848e-01 1.592422e-03 -5.276087e-03 1.392278e+01 -1.623198e-03 9.999817e-01 -5.834182e-03 1.166319e+00 5.266648e-03 5.842663e-03 9.999690e-01 6.988205e+01
9.999838e-01 -3.702351e-03 -4.330339e-03 1.392201e+01 3.724379e-03 9.999801e-01 5.090119e-03 1.199053e+00 4.311461e-03 -5.106169e-03 9.999778e-01 7.163421e+01
9.999840e-01 1.468740e-03 -5.462646e-03 1.388618e+01 -1.500895e-03 9.999815e-01 -5.887162e-03 1.231757e+00 5.453845e-03 5.895272e-03 9.999677e-01 7.337488e+01
9.999879e-01 -3.447921e-03 -3.508515e-03 1.399728e+01 3.468139e-03 9.999773e-01 5.773004e-03 1.258916e+00 3.488585e-03 -5.785107e-03 9.999773e-01 7.494090e+01
9.999818e-01 1.580875e-03 -5.825372e-03 1.404183e+01 -1.617054e-03 9.999794e-01 -6.211400e-03 1.288754e+00 5.815378e-03 6.220711e-03 9.999636e-01 7.657129e+01
9.999863e-01 -3.489136e-03 -3.893085e-03 1.409407e+01 3.510979e-03 9.999781e-01 5.618594e-03 1.320332e+00 3.873452e-03 -5.632190e-03 9.999767e-01 7.831658e+01
9.999876e-01 1.729200e-03 -4.671574e-03 1.426028e+01 -1.755867e-03 9.999822e-01 -5.710611e-03 1.349701e+00 4.661559e-03 5.718748e-03 9.999727e-01 7.999777e+01
9.999861e-01 -3.711616e-03 -3.756864e-03 1.430966e+01 3.729746e-03 9.999814e-01 4.830970e-03 1.382252e+00 3.738921e-03 -4.844920e-03 9.999814e-01 8.177061e+01
9.999793e-01 1.630426e-03 -6.216322e-03 1.429326e+01 -1.665520e-03 9.999827e-01 -5.644596e-03 1.415666e+00 6.206953e-03 5.654838e-03 9.999647e-01 8.356241e+01
9.999927e-01 -3.207326e-03 -2.074929e-03 1.462007e+01 3.221388e-03 9.999716e-01 6.810404e-03 1.440692e+00 2.053086e-03 -6.817044e-03 9.999747e-01 8.505821e+01
9.999893e-01 2.363722e-03 -3.984832e-03 1.515305e+01 -2.380737e-03 9.999880e-01 -4.271180e-03 1.453057e+00 3.974629e-03 4.280626e-03 9.999828e-01 8.603615e+01
9.999939e-01 -3.170790e-03 -1.491621e-03 1.541818e+01 3.178571e-03 9.999812e-01 5.244484e-03 1.463712e+00 1.475024e-03 -5.249198e-03 9.999852e-01 8.679055e+01
9.999898e-01 2.288556e-03 -3.890554e-03 1.560652e+01 -2.306528e-03 9.999867e-01 -4.621605e-03 1.474103e+00 3.879865e-03 4.630536e-03 9.999817e-01 8.751876e+01
9.999935e-01 -3.003494e-03 -1.994128e-03 1.597708e+01 3.016125e-03 9.999752e-01 6.362345e-03 1.484706e+00 1.975030e-03 -6.368324e-03 9.999779e-01 8.831124e+01
9.999885e-01 2.173303e-03 -4.263793e-03 1.637557e+01 -2.192926e-03 9.999870e-01 -4.603359e-03 1.497445e+00 4.253671e-03 4.612662e-03 9.999802e-01 8.925009e+01
9.999930e-01 -3.101150e-03 -2.075936e-03 1.674385e+01 3.113759e-03 9.999766e-01 6.099289e-03 1.510630e+00 2.057034e-03 -6.105716e-03 9.999793e-01 9.020158e+01
9.999882e-01 2.145023e-03 -4.357330e-03 1.693229e+01 -2.169233e-03 9.999822e-01 -5.559660e-03 1.524585e+00 4.345264e-03 5.569052e-03 9.999750e-01 9.110151e+01
