9.999946e-01 -6.940933e-04 -3.199268e-03 2.598115e-01 6.983367e-04 9.999989e-01 1.325460e-03 1.141447e-02 3.198344e-03 -1.327687e-03 9.999941e-01 7.106033e-01
9.999986e-01 -7.508630e-04 -1.466178e-03 3.941775e-01 7.489858e-04 9.999989e-01 -1.280475e-03 3.263087e-02 1.467137e-03 1.279376e-03 9.999980e-01 1.882285e+00
9.999931e-01 -7.061951e-04 -3.634661e-03 5.340408e-01 7.102482e-04 9.999991e-01 1.113978e-03 5.419844e-02 3.633873e-03 -1.116553e-03 9.999929e-01 3.118304e+00
9.999992e-01 -7.074814e-04 -1.022217e-03 6.908045e-01 7.062878e-04 9.999991e-01 -1.167654e-03 7.522332e-02 1.023041e-03 1.166932e-03 9.999987e-01 4.318364e+00
9.999908e-01 -8.314037e-04 -4.214708e-03 7.286723e-01 8.333802e-04 9.999995e-01 4.672219e-04 9.711199e-02 4.214320e-03 -4.707306e-04 9.999911e-01 5.525502e+00
9.999999e-01 -3.615902e-04 3.137267e-04 8.970500e-01 3.616929e-04 9.999999e-01 -3.275156e-04 1.147187e-01 -3.136109e-04 3.276296e-04 9.999998e-01 6.550772e+00
9.999945e-01 -4.602960e-04 -3.280605e-03 1.114018e+00 4.634264e-04 9.999994e-01 9.535341e-04 1.282838e-01 3.280167e-03 -9.550498e-04 9.999943e-01 7.334647e+00
9.999999e-01 -3.868728e-04 7.163359e-05 1.260293e+00 3.869167e-04 9.999997e-01 -6.130310e-04 1.418232e-01 -7.139965e-05 6.130594e-04 9.999997e-01 8.088964e+00
9.999971e-01 -3.007321e-04 -2.372431e-03 1.359885e+00 3.022492e-04 9.999998e-01 6.391615e-04 1.532628e-01 2.372242e-03 -6.398774e-04 9.999971e-01 8.698293e+00
9.999994e-01 4.959627e-05 1.103419e-03 1.518089e+00 -4.947967e-05 1.000000e+00 -1.056686e-04 1.602368e-01 -1.103428e-03 1.056146e-04 9.999993e-01 9.093411e+00
9.999972e-01 -3.101018e-04 -2.352045e-03 1.755971e+00 3.127300e-04 9.999993e-01 1.117167e-03 1.675530e-01 2.351701e-03 -1.117901e-03 9.999967e-01 9.534648e+00
9.999997e-01 2.677073e-05 8.344679e-04 1.984378e+00 -2.664607e-05 1.000000e+00 -1.493514e-04 1.746353e-01 -8.344758e-04 1.493300e-04 9.999995e-01 9.959283e+00
9.999968e-01 9.002465e-05 -2.525816e-03 2.190093e+00 -8.689581e-05 9.999992e-01 1.238838e-03 1.791963e-01 2.525930e-03 -1.238616e-03 9.999961e-01 1.022395e+01
9.999994e-01 9.921459e-05 1.085354e-03 2.460153e+00 -9.954780e-05 9.999999e-01 3.069931e-04 1.819263e-01 -1.085328e-03 -3.070998e-04 9.999993e-01 1.042058e+01
9.999839e-01 -1.231597e-03 -5.531640e-03 2.503443e+00 1.229527e-03 9.999992e-01 -3.774875e-04 1.979177e-01 5.532105e-03 3.706790e-04 9.999847e-01 1.125920e+01
9.999966e-01 5.141786e-04 2.555922e-03 2.546729e+00 -5.137692e-04 9.999999e-01 -1.607922e-04 2.103446e-01 -2.556009e-03 1.594796e-04 9.999966e-01 1.193612e+01
9.999926e-01 -6.921362e-04 -3.777681e-03 2.668116e+00 6.942588e-04 9.999996e-01 5.606124e-04 2.146392e-01 3.777297e-03 -5.632321e-04 9.999928e-01 1.219268e+01
9.999989e-01 2.744763e-04 1.488215e-03 2.594054e+00 -2.731204e-04 9.999995e-01 -9.111863e-04 2.199500e-01 -1.488469e-03 9.107799e-04 9.999984e-01 1.241958e+01
9.999933e-01 -5.627773e-04 -3.627875e-03 2.516083e+00 5.645438e-04 9.999997e-01 4.859105e-04 2.248717e-01 3.627606e-03 -4.879564e-04 9.999934e-01 1.262965e+01
9.999998e-01 -2.313606e-04 6.173566e-04 2.547432e+00 2.317033e-04 9.999998e-01 -5.550788e-04 2.361798e-01 -6.172339e-04 5.552228e-04 9.999996e-01 1.323268e+01
9.999957e-01 -2.974646e-04 -2.905716e-03 2.634582e+00 2.989800e-04 9.999998e-01 5.211228e-04 2.453371e-01 2.905566e-03 -5.219904e-04 9.999957e-01 1.373462e+01
9.999989e-01 1.716350e-04 1.487895e-03 2.643436e+00 -1.709003e-04 9.999999e-01 -4.939092e-04 2.483243e-01 -1.487985e-03 4.936554e-04 9.999987e-01 1.387374e+01
9.999946e-01 -3.244122e-04 -3.255638e-03 2.605365e+00 3.253221e-04 9.999999e-01 2.789752e-04 2.518266e-01 3.255554e-03 -2.800339e-04 9.999948e-01 1.402778e+01
9.999979e-01 2.965333e-04 2.035066e-03 2.660085e+00 -2.966578e-04 1.000000e+00 6.090308e-05 2.546004e-01 -2.035055e-03 -6.150559e-05 9.999978e-01 1.416033e+01
9.999963e-01 -7.746030e-05 -2.716019e-03 2.801662e+00 7.935575e-05 9.999998e-01 6.977985e-04 2.559071e-01 2.715971e-03 -6.980126e-04 9.999962e-01 1.425043e+01
9.999979e-01 2.538251e-04 2.039346e-03 2.956556e+00 -2.541054e-04 1.000000e+00 1.372183e-04 2.567154e-01 -2.039318e-03 -1.377349e-04 9.999978e-01 1.433545e+01
9.999946e-01 -1.660175e-04 -3.276410e-03 3.040092e+00 1.671277e-04 9.999999e-01 3.385856e-04 2.585083e-01 3.276360e-03 -3.391326e-04 9.999947e-01 1.443025e+01
9.999999e-01 1.114448e-04 3.113964e-04 3.253385e+00 -1.117147e-04 9.999996e-01 8.671007e-04 2.659868e-01 -3.113066e-04 -8.671341e-04 9.999995e-01 1.485146e+01
9.999785e-01 -7.711560e-04 -6.519543e-03 3.315776e+00 7.676198e-04 9.999996e-01 -5.448706e-04 2.793029e-01 6.519968e-03 5.398529e-04 9.999787e-01 1.557765e+01
9.999985e-01 -3.091630e-04 -1.690060e-03 3.109923e+00 3.095454e-04 9.999999e-01 2.259683e-04 2.958905e-01 1.689982e-03 -2.264897e-04 9.999984e-01 1.627211e+01
9.999874e-01 -1.231716e-03 -4.866482e-03 2.813985e+00 1.228802e-03 9.999991e-01 -6.017455e-04 3.123864e-01 4.867228e-03 5.957566e-04 9.999881e-01 1.687333e+01
9.999994e-01 6.612616e-04 -9.045826e-04 2.589296e+00 -6.610598e-04 9.999998e-01 2.233324e-04 3.246300e-01 9.047203e-04 -2.227330e-04 9.999995e-01 1.734013e+01
9.999885e-01 -7.514331e-04 -4.738850e-03 2.572117e+00 7.512505e-04 9.999997e-01 -4.029400e-05 3.327977e-01 4.738890e-03 3.673211e-05 9.999889e-01 1.775643e+01
1.000000e+00 -1.959609e-04 -1.698870e-04 2.422442e+00 1.959511e-04 1.000000e+00 -5.798248e-05 3.429206e-01 1.698876e-04 5.795055e-05 9.999999e-01 1.818367e+01
9.999891e-01 -4.969678e-04 -4.646882e-03 2.310372e+00 4.974292e-04 9.999999e-01 9.814138e-05 3.514337e-01 4.646844e-03 -1.004532e-04 9.999893e-01 1.857198e+01
9.999986e-01 -1.398421e-04 1.680967e-03 2.175531e+00 1.403977e-04 9.999999e-01 -3.303893e-04 3.580058e-01 -1.680932e-03 3.306262e-04 9.999984e-01 1.884855e+01
9.999814e-01 -1.492022e-03 -5.911139e-03 1.877842e+00 1.492572e-03 9.999989e-01 8.867060e-05 3.714633e-01 5.911012e-03 -9.749310e-05 9.999826e-01 1.929402e+01
9.999982e-01 2.974073e-05 1.902872e-03 1.578299e+00 -2.922304e-05 1.000000e+00 -2.720316e-04 3.839634e-01 -1.902893e-03 2.719768e-04 9.999981e-01 1.969453e+01
9.999844e-01 -9.016316e-04 -5.518117e-03 1.358518e+00 9.029000e-04 9.999996e-01 2.273825e-04 3.928800e-01 5.517922e-03 -2.323626e-04 9.999848e-01 1.999871e+01
9.999984e-01 9.434703e-05 1.758598e-03 1.223730e+00 -9.473140e-05 1.000000e+00 2.185502e-04 4.002362e-01 -1.758590e-03 -2.187151e-04 9.999983e-01 2.029329e+01
9.999829e-01 -3.901826e-04 -5.832204e-03 1.220647e+00 3.926573e-04 9.999998e-01 4.231951e-04 4.050628e-01 5.832051e-03 -4.254793e-04 9.999830e-01 2.058297e+01
9.999929e-01 6.837733e-04 3.717756e-03 1.461726e+00 -6.870411e-04 9.999994e-01 8.778074e-04 4.026315e-01 -3.717167e-03 -8.803539e-04 9.999926e-01 2.064211e+01
9.999856e-01 3.543336e-04 -5.348912e-03 1.966849e+00 -3.424419e-04 9.999975e-01 2.223977e-03 3.966416e-01 5.349700e-03 -2.222115e-03 9.999833e-01 2.052971e+01
9.999903e-01 2.827315e-04 4.397632e-03 2.469087e+00 -2.849024e-04 9.999998e-01 4.930698e-04 3.907448e-01 -4.397505e-03 -4.943158e-04 9.999901e-01 2.048450e+01
9.999681e-01 -8.011252e-04 -7.947267e-03 2.535414e+00 8.061150e-04 9.999995e-01 6.247031e-04 3.921357e-01 7.946777e-03 -6.310919e-04 9.999683e-01 2.067436e+01
9.999821e-01 1.349309e-03 5.826188e-03 2.776126e+00 -1.352849e-03 9.999989e-01 6.038676e-04 3.897235e-01 -5.825381e-03 -6.117364e-04 9.999827e-01 2.072388e+01
9.999492e-01 -2.825510e-03 -9.677789e-03 2.569921e+00 2.820000e-03 9.999959e-01 -5.828933e-04 3.987236e-01 9.679411e-03 5.555699e-04 9.999531e-01 2.105727e+01
9.999925e-01 1.023244e-03 3.741215e-03 2.110941e+00 -1.023928e-03 9.999995e-01 1.810028e-04 4.173102e-01 -3.741043e-03 -1.848298e-04 9.999929e-01 2.161077e+01
9.999587e-01 -2.752683e-03 -8.666104e-03 1.687053e+00 2.746335e-03 9.999960e-01 -7.442898e-04 4.339477e-01 8.668134e-03 7.204567e-04 9.999623e-01 2.210572e+01
9.999905e-01 1.691250e-03 4.017681e-03 1.387974e+00 -1.692553e-03 9.999985e-01 3.209393e-04 4.454790e-01 -4.017148e-03 -3.277341e-04 9.999918e-01 2.247954e+01
9.999649e-01 -2.662007e-03 -7.939048e-03 1.188976e+00 2.656837e-03 9.999963e-01 -6.616705e-04 4.534310e-01 7.940797e-03 6.405522e-04 9.999684e-01 2.278037e+01
9.999870e-01 1.729750e-03 4.793980e-03 1.013385e+00 -1.730324e-03 9.999985e-01 1.154938e-04 4.602804e-01 -4.793790e-03 -1.237852e-04 9.999884e-01 2.305318e+01
9.999732e-01 -1.371801e-03 -7.189024e-03 1.062461e+00 1.370993e-03 9.999991e-01 -1.172874e-04 4.613465e-01 7.189195e-03 1.074259e-04 9.999743e-01 2.319416e+01
9.999776e-01 1.984842e-03 6.391333e-03 1.348673e+00 -1.994063e-03 9.999970e-01 1.436828e-03 4.594154e-01 -6.388480e-03 -1.449538e-03 9.999784e-01 2.318055e+01
9.999737e-01 -1.339086e-03 -7.130257e-03 1.645686e+00 1.338549e-03 9.999991e-01 -8.013418e-05 4.573968e-01 7.130375e-03 7.058539e-05 9.999747e-01 2.315579e+01
9.999750e-01 1.863156e-03 6.820220e-03 1.924201e+00 -1.871807e-03 9.999975e-01 1.262371e-03 4.551139e-01 -6.817868e-03 -1.275103e-03 9.999758e-01 2.311395e+01
9.999755e-01 -1.136063e-03 -6.913817e-03 2.184311e+00 1.134778e-03 9.999993e-01 -1.897904e-04 4.529044e-01 6.914046e-03 1.819374e-04 9.999762e-01 2.304193e+01
9.999861e-01 1.367707e-03 5.099705e-03 2.307309e+00 -1.371173e-03 9.999988e-01 6.763260e-04 4.539502e-01 -5.098792e-03 -6.833064e-04 9.999867e-01 2.314505e+01
9.999706e-01 -1.248793e-03 -7.565834e-03 2.405895e+00 1.245230e-03 9.999991e-01 -4.756442e-04 4.551305e-01 7.566439e-03 4.662062e-04 9.999714e-01 2.328554e+01
9.999706e-01 1.950778e-03 7.418673e-03 2.651850e+00 -1.961912e-03 9.999970e-01 1.493894e-03 4.523606e-01 -7.415754e-03 -1.508402e-03 9.999713e-01 2.314275e+01
9.999760e-01 -8.170664e-04 -6.872781e-03 3.084895e+00 8.253260e-04 9.999989e-01 1.199064e-03 4.470897e-01 6.871812e-03 -1.204711e-03 9.999758e-01 2.280367e+01
9.999733e-01 1.931032e-03 7.045138e-03 3.476633e+00 -1.936815e-03 9.999978e-01 8.141442e-04 4.432974e-01 -7.043568e-03 -8.277643e-04 9.999748e-01 2.255858e+01
9.999676e-01 -1.721512e-03 -7.861643e-03 3.593431e+00 1.716768e-03 9.999983e-01 -6.101167e-04 4.423307e-01 7.862698e-03 5.965970e-04 9.999690e-01 2.257732e+01
9.999790e-01 2.326008e-03 6.052943e-03 3.773270e+00 -2.334287e-03 9.999963e-01 1.361051e-03 4.402834e-01 -6.049773e-03 -1.375148e-03 9.999807e-01 2.259399e+01
9.999829e-01 -9.637087e-04 -5.771187e-03 4.295045e+00 9.742268e-04 9.999979e-01 1.820055e-03 4.343606e-01 5.769438e-03 -1.825650e-03 9.999818e-01 2.223890e+01
9.999774e-01 1.974637e-03 6.423679e-03 4.741807e+00 -1.979391e-03 9.999978e-01 7.337994e-04 4.289269e-01 -6.422234e-03 -7.464939e-04 9.999790e-01 2.193019e+01
9.999791e-01 -1.035925e-03 -6.388143e-03 5.081270e+00 1.041947e-03 9.999990e-01 9.394389e-04 4.252213e-01 6.387182e-03 -9.460794e-04 9.999793e-01 2.174022e+01
9.999800e-01 1.560690e-03 6.125748e-03 5.326723e+00 -1.560897e-03 9.999988e-01 2.901231e-05 4.225501e-01 -6.125713e-03 -3.856922e-05 9.999811e-01 2.163756e+01
9.999796e-01 -9.659112e-04 -6.309445e-03 5.575899e+00 9.723277e-04 9.999990e-01 1.014033e-03 4.197143e-01 6.308478e-03 -1.020151e-03 9.999797e-01 2.152798e+01
9.999816e-01 1.281706e-03 5.926820e-03 5.724302e+00 -1.279262e-03 9.999991e-01 -4.161910e-04 4.184772e-01 -5.927366e-03 4.086057e-04 9.999823e-01 2.150102e+01
9.999715e-01 -1.392150e-03 -7.421068e-03 5.713946e+00 1.396014e-03 9.999989e-01 5.155820e-04 4.196977e-01 7.420360e-03 -5.259315e-04 9.999724e-01 2.156310e+01
9.999834e-01 9.889451e-04 5.678006e-03 5.637482e+00 -9.840268e-04 9.999991e-01 -8.688526e-04 4.214726e-01 -5.678878e-03 8.632551e-04 9.999834e-01 2.166791e+01
9.999701e-01 -1.486622e-03 -7.582283e-03 5.535950e+00 1.488805e-03 9.999989e-01 2.822692e-04 4.234956e-01 7.581874e-03 -2.935536e-04 9.999713e-01 2.179288e+01
9.999821e-01 1.107518e-03 5.874723e-03 5.463232e+00 -1.102364e-03 9.999990e-01 -8.803890e-04 4.246867e-01 -5.875711e-03 8.739014e-04 9.999823e-01 2.189995e+01
9.999702e-01 -1.514212e-03 -7.566881e-03 5.395573e+00 1.516689e-03 9.999988e-01 3.216803e-04 4.256507e-01 7.566404e-03 -3.331515e-04 9.999714e-01 2.200107e+01
9.999827e-01 1.079340e-03 5.780499e-03 5.319786e+00 -1.074142e-03 9.999990e-01 -9.022084e-04 4.267086e-01 -5.781486e-03 8.959878e-04 9.999828e-01 2.210595e+01
9.999728e-01 -1.254366e-03 -7.261764e-03 5.287882e+00 1.257914e-03 9.999991e-01 4.840323e-04 4.272014e-01 7.261169e-03 -4.931579e-04 9.999736e-01 2.218436e+01
9.999757e-01 1.491916e-03 6.809862e-03 5.499460e+00 -1.494849e-03 9.999988e-01 4.257549e-04 4.242861e-01 -6.809238e-03 -4.359202e-04 9.999766e-01 2.216736e+01
9.999719e-01 -1.272366e-03 -7.392011e-03 5.677473e+00 1.274212e-03 9.999992e-01 2.450558e-04 4.219527e-01 7.391713e-03 -2.544721e-04 9.999727e-01 2.214353e+01
9.999794e-01 1.325638e-03 6.283356e-03 5.724275e+00 -1.323956e-03 9.999991e-01 -2.717167e-04 4.211667e-01 -6.283730e-03 2.633964e-04 9.999801e-01 2.217420e+01
9.999729e-01 -1.225889e-03 -7.257260e-03 5.804934e+00 1.228879e-03 9.999992e-01 4.074845e-04 4.200201e-01 7.256774e-03 -4.163960e-04 9.999737e-01 2.219794e+01
9.999827e-01 9.991496e-04 5.804831e-03 5.776889e+00 -9.946150e-04 9.999992e-01 -7.839399e-04 4.203005e-01 -5.805629e-03 7.781569e-04 9.999827e-01 2.227046e+01
9.999719e-01 -1.264945e-03 -7.385377e-03 5.733035e+00 1.267192e-03 9.999992e-01 2.995906e-04 4.207654e-01 7.385012e-03 -3.089450e-04 9.999728e-01 2.235460e+01
9.999838e-01 8.101621e-04 5.630806e-03 5.661486e+00 -8.053212e-04 9.999993e-01 -8.618502e-04 4.217844e-01 -5.631520e-03 8.573057e-04 9.999837e-01 2.245982e+01
9.999702e-01 -1.308902e-03 -7.601932e-03 5.561313e+00 1.311082e-03 9.999991e-01 2.818386e-04 4.237014e-01 7.601577e-03 -2.918011e-04 9.999712e-01 2.258546e+01
9.999834e-01 8.065181e-04 5.698854e-03 5.473058e+00 -8.016545e-04 9.999993e-01 -8.555920e-04 4.251650e-01 -5.699561e-03 8.510133e-04 9.999833e-01 2.270104e+01
9.999697e-01 -1.269351e-03 -7.683960e-03 5.378595e+00 1.271660e-03 9.999991e-01 2.956003e-04 4.268129e-01 7.683599e-03 -3.053666e-04 9.999705e-01 2.281879e+01
9.999837e-01 7.947576e-04 5.649028e-03 5.274766e+00 -7.899578e-04 9.999993e-01 -8.517731e-04 4.288037e-01 -5.649722e-03 8.473006e-04 9.999836e-01 2.294374e+01
9.999700e-01 -1.250035e-03 -7.642179e-03 5.171980e+00 1.251641e-03 9.999992e-01 2.054334e-04 4.309689e-01 7.641937e-03 -2.149963e-04 9.999709e-01 2.307760e+01
9.999835e-01 7.378553e-04 5.692118e-03 5.067289e+00 -7.330914e-04 9.999994e-01 -8.388986e-04 4.332067e-01 -5.692755e-03 8.347157e-04 9.999833e-01 2.321167e+01
9.999690e-01 -1.193769e-03 -7.783768e-03 4.956891e+00 1.195740e-03 9.999993e-01 2.485980e-04 4.354869e-01 7.783487e-03 -2.579014e-04 9.999698e-01 2.334493e+01
9.999851e-01 7.310857e-04 5.402905e-03 4.859795e+00 -7.273133e-04 9.999995e-01 -7.000767e-04 4.396160e-01 -5.403436e-03 6.961404e-04 9.999851e-01 2.352739e+01
9.999751e-01 -7.465958e-04 -7.016011e-03 4.844920e+00 7.494875e-04 9.999996e-01 4.095920e-04 4.419722e-01 7.015725e-03 -4.148439e-04 9.999754e-01 2.366440e+01
9.999858e-01 4.026775e-04 5.320780e-03 4.781969e+00 -3.974393e-04 9.999994e-01 -9.854142e-04 4.427847e-01 -5.321196e-03 9.832890e-04 9.999853e-01 2.376277e+01
9.999750e-01 -7.706039e-04 -7.033989e-03 4.714774e+00 7.734634e-04 9.999996e-01 4.038683e-04 4.437266e-01 7.033697e-03 -4.093023e-04 9.999753e-01 2.386437e+01
9.999854e-01 4.628450e-04 5.382732e-03 4.656126e+00 -4.577246e-04 9.999994e-01 -9.523745e-04 4.445398e-01 -5.383192e-03 9.499002e-04 9.999850e-01 2.396033e+01
9.999748e-01 -8.108326e-04 -7.055228e-03 4.598133e+00 8.140886e-04 9.999996e-01 4.587069e-04 4.454036e-01 7.054876e-03 -4.644424e-04 9.999751e-01 2.405478e+01
9.999859e-01 4.187444e-04 5.287233e-03 4.524031e+00 -4.131310e-04 9.999993e-01 -1.062674e-03 4.465244e-01 -5.287697e-03 1.060478e-03 9.999854e-01 2.416218e+01
9.999734e-01 -8.730754e-04 -7.242309e-03 4.432518e+00 8.764542e-04 9.999995e-01 4.634289e-04 4.481524e-01 7.241924e-03 -4.697675e-04 9.999738e-01 2.428254e+01
9.999861e-01 4.782257e-04 5.244091e-03 4.333783e+00 -4.726365e-04 9.999993e-01 -1.066912e-03 4.500905e-01 -5.244621e-03 1.064422e-03 9.999856e-01 2.441171e+01
9.999756e-01 -8.090388e-04 -6.937141e-03 4.269428e+00 8.131056e-04 9.999995e-01 5.834933e-04 4.514812e-01 6.936689e-03 -5.891230e-04 9.999759e-01 2.451495e+01
9.999858e-01 5.250782e-04 5.308491e-03 4.214217e+00 -5.198927e-04 9.999994e-01 -9.780904e-04 4.526972e-01 -5.309025e-03 9.753199e-04 9.999853e-01 2.460760e+01
9.999740e-01 -9.479239e-04 -7.150279e-03 4.120243e+00 9.510788e-04 9.999995e-01 4.378958e-04 4.548747e-01 7.149883e-03 -4.446880e-04 9.999744e-01 2.473023e+01
9.999864e-01 4.701239e-04 5.202695e-03 4.006063e+00 -4.644488e-04 9.999993e-01 -1.091878e-03 4.575658e-01 -5.203228e-03 1.089450e-03 9.999858e-01 2.487227e+01
9.999716e-01 -1.021879e-03 -7.464709e-03 3.870603e+00 1.025681e-03 9.999993e-01 5.056169e-04 4.609227e-01 7.464211e-03 -5.132620e-04 9.999721e-01 2.503154e+01
9.999868e-01 4.468578e-04 5.121958e-03 3.724441e+00 -4.411804e-04 9.999993e-01 -1.109422e-03 4.647956e-01 -5.122474e-03 1.107150e-03 9.999862e-01 2.520519e+01
9.999702e-01 -1.063191e-03 -7.641852e-03 3.560345e+00 1.067008e-03 9.999993e-01 4.954448e-04 4.693643e-01 7.641344e-03 -5.035870e-04 9.999708e-01 2.539524e+01
9.999870e-01 5.158338e-04 5.067377e-03 3.399170e+00 -5.101175e-04 9.999992e-01 -1.129197e-03 4.739772e-01 -5.067980e-03 1.126600e-03 9.999864e-01 2.559096e+01
9.999710e-01 -1.047354e-03 -7.537322e-03 3.244006e+00 1.050882e-03 9.999993e-01 4.641575e-04 4.783725e-01 7.536856e-03 -4.720678e-04 9.999716e-01 2.578097e+01
9.999875e-01 4.764077e-04 4.973857e-03 3.080759e+00 -4.708417e-04 9.999993e-01 -1.120080e-03 4.831657e-01 -4.974412e-03 1.117727e-03 9.999869e-01 2.598171e+01
9.999722e-01 -1.029867e-03 -7.390259e-03 2.920889e+00 1.033537e-03 9.999993e-01 4.928428e-04 4.875602e-01 7.389772e-03 -5.004699e-04 9.999727e-01 2.616743e+01
9.999872e-01 4.281530e-04 5.050275e-03 2.761738e+00 -4.225539e-04 9.999993e-01 -1.109606e-03 4.919029e-01 -5.050772e-03 1.107461e-03 9.999865e-01 2.634808e+01
9.999734e-01 -8.771012e-04 -7.235408e-03 2.634791e+00 8.803986e-04 9.999995e-01 4.526068e-04 4.949445e-01 7.235034e-03 -4.589674e-04 9.999738e-01 2.649955e+01
9.999874e-01 3.983202e-04 5.010494e-03 2.520610e+00 -3.931823e-04 9.999994e-01 -1.026281e-03 4.973990e-01 -5.010926e-03 1.024301e-03 9.999868e-01 2.664133e+01
9.999734e-01 -9.042893e-04 -7.235484e-03 2.404330e+00 9.077235e-04 9.999995e-01 4.714081e-04 4.999322e-01 7.235080e-03 -4.779660e-04 9.999738e-01 2.678413e+01
9.999875e-01 4.039406e-04 4.987356e-03 2.279992e+00 -3.987195e-04 9.999994e-01 -1.047744e-03 5.028145e-01 -4.987802e-03 1.045745e-03 9.999869e-01 2.693400e+01
9.999729e-01 -9.008360e-04 -7.312947e-03 2.151877e+00 9.042201e-04 9.999995e-01 4.595150e-04 5.058797e-01 7.312556e-03 -4.661174e-04 9.999733e-01 2.709011e+01
9.999883e-01 3.124202e-04 4.827823e-03 2.005050e+00 -3.075727e-04 9.999994e-01 -1.004707e-03 5.096214e-01 -4.828161e-03 1.003212e-03 9.999877e-01 2.726128e+01
9.999722e-01 -8.999042e-04 -7.405415e-03 1.850013e+00 9.034985e-04 9.999995e-01 4.820771e-04 5.136016e-01 7.405005e-03 -4.887568e-04 9.999726e-01 2.743654e+01
9.999880e-01 3.301231e-04 4.890680e-03 1.698500e+00 -3.251371e-04 9.999994e-01 -1.020178e-03 5.174459e-01 -4.891041e-03 1.018578e-03 9.999874e-01 2.760756e+01
9.999716e-01 -9.272370e-04 -7.483827e-03 1.539532e+00 9.308538e-04 9.999995e-01 4.798548e-04 5.215492e-01 7.483405e-03 -4.868098e-04 9.999720e-01 2.778467e+01
9.999873e-01 3.688946e-04 5.016513e-03 1.388759e+00 -3.634652e-04 9.999993e-01 -1.083101e-03 5.256265e-01 -5.016937e-03 1.081266e-03 9.999867e-01 2.796600e+01
9.999662e-01 -9.903065e-04 -8.156968e-03 1.207339e+00 9.929007e-04 9.999995e-01 3.140276e-04 5.321898e-01 8.156681e-03 -3.221182e-04 9.999668e-01 2.822808e+01
9.999892e-01 3.320720e-04 4.643833e-03 9.997254e-01 -3.270028e-04 9.999994e-01 -1.092248e-03 5.399192e-01 -4.644221e-03 1.090719e-03 9.999885e-01 2.852237e+01
9.999685e-01 -8.872649e-04 -7.890875e-03 7.961021e-01 8.900120e-04 9.999995e-01 3.446773e-04 5.469628e-01 7.890594e-03 -3.516914e-04 9.999689e-01 2.878969e+01
9.999897e-01 2.491775e-04 4.536256e-03 5.886964e-01 -2.442238e-04 9.999994e-01 -1.092477e-03 5.544406e-01 -4.536555e-03 1.091360e-03 9.999890e-01 2.907171e+01
9.999671e-01 -8.575310e-04 -8.070381e-03 3.774312e-01 8.599249e-04 9.999996e-01 2.931992e-04 5.624941e-01 8.070155e-03 -3.001313e-04 9.999675e-01 2.937595e+01
9.999880e-01 2.532798e-04 4.888888e-03 1.827114e-01 -2.479162e-04 9.999994e-01 -1.097611e-03 5.697366e-01 -4.889193e-03 1.096388e-03 9.999873e-01 2.965526e+01
9.999664e-01 -8.740356e-04 -8.155581e-03 -8.603055e-03 8.758851e-04 9.999996e-01 2.232318e-04 5.775921e-01 8.155413e-03 -2.303694e-04 9.999668e-01 2.996784e+01
9.999879e-01 2.120090e-04 4.923429e-03 -1.596655e-01 -2.068562e-04 9.999994e-01 -1.047021e-03 5.864579e-01 -4.923679e-03 1.045991e-03 9.999872e-01 3.035307e+01
9.999703e-01 -7.055571e-04 -7.672226e-03 -2.455821e-01 7.090558e-04 9.999996e-01 4.533450e-04 5.942383e-01 7.671934e-03 -4.587732e-04 9.999706e-01 3.071522e+01
9.999884e-01 1.431696e-04 4.809895e-03 -3.678311e-01 -1.379957e-04 9.999994e-01 -1.075926e-03 6.018742e-01 -4.810077e-03 1.075251e-03 9.999878e-01 3.104244e+01
9.999703e-01 -6.804180e-04 -7.682565e-03 -4.982675e-01 6.834332e-04 9.999997e-01 3.898870e-04 6.105687e-01 7.682329e-03 -3.951274e-04 9.999705e-01 3.141500e+01
9.999868e-01 1.648972e-04 5.143126e-03 -5.539650e-01 -1.601656e-04 9.999996e-01 -9.203400e-04 6.189312e-01 -5.143307e-03 9.195055e-04 9.999863e-01 3.182336e+01
9.999605e-01 -9.946934e-04 -8.834853e-03 -6.908805e-01 9.939096e-04 9.999995e-01 -9.308785e-05 6.303311e-01 8.834973e-03 8.430176e-05 9.999611e-01 3.237264e+01
9.999854e-01 1.537071e-04 5.404521e-03 -7.621192e-01 -1.494095e-04 9.999997e-01 -7.955317e-04 6.421534e-01 -5.404674e-03 7.947138e-04 9.999850e-01 3.299189e+01
9.999686e-01 -7.971898e-04 -7.884012e-03 -7.528644e-01 8.003978e-04 9.999996e-01 4.037820e-04 6.516627e-01 7.883720e-03 -4.100809e-04 9.999689e-01 3.350030e+01
9.999835e-01 3.150687e-04 5.728694e-03 -7.263896e-01 -3.118044e-04 9.999998e-01 -5.706535e-04 6.599283e-01 -5.728905e-03 5.688591e-04 9.999833e-01 3.392948e+01
9.999689e-01 -8.184664e-04 -7.842004e-03 -6.864323e-01 8.217632e-04 9.999996e-01 4.172179e-04 6.693174e-01 7.841692e-03 -4.236505e-04 9.999693e-01 3.441966e+01
9.999834e-01 3.066783e-04 5.750867e-03 -6.106110e-01 -3.038057e-04 9.999998e-01 -5.003260e-04 6.792574e-01 -5.751052e-03 4.985718e-04 9.999832e-01 3.495599e+01
9.999608e-01 -1.064596e-03 -8.788820e-03 -6.158606e-01 1.064157e-03 9.999994e-01 -5.468903e-05 6.914818e-01 8.788906e-03 4.533299e-05 9.999615e-01 3.560080e+01
9.999904e-01 3.253048e-05 4.387114e-03 -7.587130e-01 -2.779144e-05 9.999994e-01 -1.080222e-03 7.069485e-01 -4.387180e-03 1.080091e-03 9.999897e-01 3.634935e+01
9.999703e-01 -6.258172e-04 -7.686670e-03 -8.822779e-01 6.262562e-04 9.999998e-01 5.473592e-05 7.142815e-01 7.686668e-03 -5.954914e-05 9.999706e-01 3.671580e+01
9.999816e-01 2.588307e-04 6.054420e-03 -9.284451e-01 -2.550110e-04 9.999998e-01 -6.316265e-04 7.142548e-01 -6.054616e-03 6.300719e-04 9.999814e-01 3.679851e+01
9.999705e-01 -6.130731e-04 -7.663204e-03 -9.684095e-01 6.134637e-04 9.999998e-01 4.863852e-05 7.140023e-01 7.663207e-03 -5.333910e-05 9.999707e-01 3.687737e+01
9.999832e-01 1.426797e-04 5.799237e-03 -1.033332e+00 -1.390767e-04 9.999998e-01 -6.216540e-04 7.146911e-01 -5.799359e-03 6.208379e-04 9.999829e-01 3.697842e+01
9.999683e-01 -5.573501e-04 -7.949133e-03 -1.118325e+00 5.579053e-04 9.999998e-01 6.764386e-05 7.160530e-01 7.949129e-03 -7.207740e-05 9.999685e-01 3.709761e+01
9.999809e-01 2.136827e-04 6.171347e-03 -1.177996e+00 -2.091132e-04 9.999997e-01 -7.410536e-04 7.166871e-01 -6.171538e-03 7.397497e-04 9.999806e-01 3.720053e+01
9.999714e-01 -3.655179e-04 -7.548617e-03 -1.192587e+00 3.673747e-04 9.999999e-01 2.446147e-04 7.163495e-01 7.548562e-03 -2.473816e-04 9.999716e-01 3.726749e+01
9.999804e-01 3.140769e-04 6.251505e-03 -1.193550e+00 -3.098582e-04 9.999997e-01 -6.757607e-04 7.157771e-01 -6.251751e-03 6.738110e-04 9.999801e-01 3.732255e+01
9.999705e-01 -5.087630e-04 -7.664368e-03 -1.204048e+00 5.102678e-04 9.999999e-01 1.943969e-04 7.150634e-01 7.664303e-03 -1.983027e-04 9.999707e-01 3.738320e+01
9.999827e-01 1.094290e-04 5.877453e-03 -1.259007e+00 -1.045785e-04 9.999997e-01 -8.255412e-04 7.155838e-01 -5.877577e-03 8.249128e-04 9.999823e-01 3.748674e+01
9.999700e-01 -5.236112e-04 -7.733838e-03 -1.321240e+00 5.250351e-04 9.999998e-01 1.820960e-04 7.164562e-01 7.733777e-03 -1.861516e-04 9.999702e-01 3.759968e+01
9.999835e-01 1.669662e-04 5.744087e-03 -1.383009e+00 -1.620107e-04 9.999996e-01 -8.631426e-04 7.175543e-01 -5.744265e-03 8.621982e-04 9.999830e-01 3.772412e+01
9.999748e-01 -2.674324e-04 -7.091238e-03 -1.373778e+00 2.708230e-04 9.999998e-01 4.771946e-04 7.168784e-01 7.091145e-03 -4.791035e-04 9.999748e-01 3.778185e+01
9.999811e-01 3.123578e-04 6.139450e-03 -1.286283e+00 -3.097756e-04 9.999999e-01 -4.215165e-04 7.148971e-01 -6.139617e-03 4.196071e-04 9.999810e-01 3.779449e+01
9.999720e-01 -4.902841e-04 -7.473713e-03 -1.291402e+00 4.902720e-04 9.999999e-01 -3.444989e-06 7.141973e-01 7.473750e-03 -2.196628e-07 9.999722e-01 3.785168e+01
9.999815e-01 2.352805e-04 6.073658e-03 -1.310587e+00 -2.326179e-04 9.999999e-01 -4.390775e-04 7.139310e-01 -6.073797e-03 4.376569e-04 9.999814e-01 3.791907e+01
9.999712e-01 -5.110610e-04 -7.578830e-03 -1.343863e+00 5.108323e-04 9.999999e-01 -3.210682e-05 7.141127e-01 7.578882e-03 2.823406e-05 9.999714e-01 3.799661e+01
9.999816e-01 2.188429e-04 6.061250e-03 -1.383538e+00 -2.162042e-04 9.999999e-01 -4.359844e-04 7.145107e-01 -6.061381e-03 4.346661e-04 9.999814e-01 3.807854e+01
9.999694e-01 -6.200760e-04 -7.794522e-03 -1.445299e+00 6.185819e-04 9.999998e-01 -1.940755e-04 7.152001e-01 7.794677e-03 1.892478e-04 9.999697e-01 3.818170e+01
9.999823e-01 2.257405e-04 5.937550e-03 -1.518194e+00 -2.233549e-04 9.999999e-01 -4.024227e-04 7.162255e-01 -5.937677e-03 4.010896e-04 9.999822e-01 3.829146e+01
9.999722e-01 -4.676848e-04 -7.444609e-03 -1.557940e+00 4.665779e-04 9.999999e-01 -1.504209e-04 7.164524e-01 7.444715e-03 1.469431e-04 9.999724e-01 3.837367e+01
9.999809e-01 4.110994e-04 6.172407e-03 -1.556132e+00 -4.099318e-04 9.999999e-01 -1.904180e-04 7.160580e-01 -6.172521e-03 1.878842e-04 9.999808e-01 3.842666e+01
9.999753e-01 -3.215874e-04 -7.021071e-03 -1.459205e+00 3.243510e-04 9.999999e-01 3.924763e-04 7.146867e-01 7.020981e-03 -3.947440e-04 9.999754e-01 3.845120e+01
9.999836e-01 2.050365e-04 5.715022e-03 -1.467982e+00 -2.010628e-04 9.999997e-01 -6.958634e-04 7.148761e-01 -5.715200e-03 6.947030e-04 9.999833e-01 3.851683e+01
9.999775e-01 -1.711056e-04 -6.700314e-03 -1.425415e+00 1.752078e-04 9.999998e-01 6.116525e-04 7.144170e-01 6.700245e-03 -6.128128e-04 9.999775e-01 3.856375e+01
9.999841e-01 8.677279e-05 5.643975e-03 -1.398345e+00 -8.260821e-05 9.999997e-01 -7.381008e-04 7.140819e-01 -5.644075e-03 7.376228e-04 9.999837e-01 3.861569e+01
9.999731e-01 -4.038041e-04 -7.319861e-03 -1.453007e+00 4.048481e-04 9.999999e-01 1.411497e-04 7.148691e-01 7.319841e-03 -1.441094e-04 9.999733e-01 3.871624e+01
9.999859e-01 -5.903365e-05 5.309885e-03 -1.539044e+00 6.324217e-05 9.999997e-01 -7.924124e-04 7.167165e-01 -5.309874e-03 7.927370e-04 9.999855e-01 3.885141e+01
9.999730e-01 -3.818601e-04 -7.342129e-03 -1.635499e+00 3.828880e-04 9.999999e-01 1.385987e-04 7.188606e-01 7.342113e-03 -1.414061e-04 9.999731e-01 3.899030e+01
9.999842e-01 3.383979e-05 5.621374e-03 -1.698846e+00 -2.947514e-05 9.999997e-01 -7.765194e-04 7.197018e-01 -5.621436e-03 7.763413e-04 9.999838e-01 3.909538e+01
9.999754e-01 -2.411467e-04 -7.009838e-03 -1.712393e+00 2.437855e-04 9.999999e-01 3.755838e-04 7.192715e-01 7.009785e-03 -3.772833e-04 9.999755e-01 3.915723e+01
9.999860e-01 -2.236536e-04 5.288351e-03 -1.783064e+00 2.283402e-04 9.999996e-01 -8.856272e-04 7.206776e-01 -5.288190e-03 8.868222e-04 9.999855e-01 3.926787e+01
9.999763e-01 -2.324531e-05 -6.885354e-03 -1.839740e+00 2.585396e-05 9.999999e-01 3.787742e-04 7.218122e-01 6.885384e-03 -3.789430e-04 9.999763e-01 3.936534e+01
9.999846e-01 -1.083062e-04 5.548981e-03 -1.843046e+00 1.122504e-04 9.999997e-01 -7.105080e-04 7.212899e-01 -5.548941e-03 7.111196e-04 9.999843e-01 3.941863e+01
9.999758e-01 -1.232501e-04 -6.958605e-03 -1.859195e+00 1.253225e-04 9.999999e-01 2.973873e-04 7.209189e-01 6.958607e-03 -2.982518e-04 9.999758e-01 3.948299e+01
9.999876e-01 -3.753897e-04 4.972745e-03 -1.940817e+00 3.797824e-04 9.999995e-01 -8.824419e-04 7.229357e-01 -4.972450e-03 8.843191e-04 9.999872e-01 3.962015e+01
9.999737e-01 -9.342227e-05 -7.249214e-03 -2.051145e+00 9.499488e-05 1.000000e+00 2.165814e-04 7.263987e-01 7.249233e-03 -2.172640e-04 9.999738e-01 3.979377e+01
9.999866e-01 -3.152022e-04 5.166526e-03 -2.145345e+00 3.191800e-04 9.999997e-01 -7.691200e-04 7.295007e-01 -5.166321e-03 7.707583e-04 9.999863e-01 3.994762e+01
9.999736e-01 -6.139227e-05 -7.261915e-03 -2.243599e+00 6.299051e-05 1.000000e+00 2.198441e-04 7.328633e-01 7.261941e-03 -2.202953e-04 9.999737e-01 4.010375e+01
9.999843e-01 -1.395083e-04 5.600796e-03 -2.301413e+00 1.437294e-04 9.999997e-01 -7.532766e-04 7.342373e-01 -5.600729e-03 7.540692e-04 9.999839e-01 4.020851e+01
9.999740e-01 -1.802803e-04 -7.203085e-03 -2.349943e+00 1.815950e-04 1.000000e+00 1.818520e-04 7.346551e-01 7.203092e-03 -1.831547e-04 9.999741e-01 4.030101e+01
9.999860e-01 -2.653282e-04 5.277453e-03 -2.426835e+00 2.695701e-04 9.999996e-01 -8.031098e-04 7.360621e-01 -5.277278e-03 8.045206e-04 9.999857e-01 4.042420e+01
9.999744e-01 -1.843076e-04 -7.153410e-03 -2.504404e+00 1.856042e-04 1.000000e+00 1.805703e-04 7.373908e-01 7.153416e-03 -1.818927e-04 9.999745e-01 4.054312e+01
9.999846e-01 -1.759615e-04 5.546243e-03 -2.558110e+00 1.803675e-04 9.999997e-01 -7.939423e-04 7.377313e-01 -5.546142e-03 7.949297e-04 9.999842e-01 4.063669e+01
9.999765e-01 2.609934e-05 -6.855875e-03 -2.561156e+00 -2.289839e-05 9.999999e-01 4.669473e-04 7.371284e-01 6.855927e-03 -4.667786e-04 9.999765e-01 4.068821e+01
9.999857e-01 -3.165581e-04 5.343378e-03 -2.591135e+00 3.212319e-04 9.999996e-01 -8.738824e-04 7.371944e-01 -5.343140e-03 8.755855e-04 9.999852e-01 4.076122e+01
9.999769e-01 8.020584e-05 -6.793371e-03 -2.614440e+00 -7.677719e-05 9.999999e-01 5.049403e-04 7.372760e-01 6.793452e-03 -5.044062e-04 9.999769e-01 4.083022e+01
9.999862e-01 -3.811711e-04 5.236200e-03 -2.651160e+00 3.861275e-04 9.999995e-01 -9.456149e-04 7.375063e-01 -5.235878e-03 9.476228e-04 9.999857e-01 4.090854e+01
9.999761e-01 -1.466880e-05 -6.910379e-03 -2.710308e+00 1.728591e-05 9.999999e-01 3.786347e-04 7.380893e-01 6.910414e-03 -3.787442e-04 9.999761e-01 4.100372e+01
9.999858e-01 -3.408316e-04 5.322761e-03 -2.759819e+00 3.458344e-04 9.999995e-01 -9.390280e-04 7.383424e-01 -5.322480e-03 9.408544e-04 9.999853e-01 4.109118e+01
9.999773e-01 1.043858e-04 -6.744743e-03 -2.780964e+00 -1.007498e-04 9.999998e-01 5.394009e-04 7.381368e-01 6.744840e-03 -5.387081e-04 9.999772e-01 4.115727e+01
9.999849e-01 -1.986301e-04 5.484070e-03 -2.777108e+00 2.033367e-04 9.999996e-01 -8.577217e-04 7.374116e-01 -5.483939e-03 8.588229e-04 9.999845e-01 4.120441e+01
9.999746e-01 -2.474108e-04 -7.125783e-03 -2.839377e+00 2.500856e-04 9.999999e-01 3.744398e-04 7.383474e-01 7.125731e-03 -3.762113e-04 9.999746e-01 4.130110e+01
9.999862e-01 -2.294009e-04 5.252209e-03 -2.938413e+00 2.347662e-04 9.999995e-01 -1.020977e-03 7.405118e-01 -5.252014e-03 1.022195e-03 9.999856e-01 4.143420e+01
9.999741e-01 -2.367697e-04 -7.195290e-03 -3.040031e+00 2.396620e-04 9.999999e-01 4.010797e-04 7.426918e-01 7.195236e-03 -4.027926e-04 9.999741e-01 4.156723e+01
9.999872e-01 -2.185832e-04 5.053668e-03 -3.149999e+00 2.235263e-04 9.999995e-01 -9.776181e-04 7.450640e-01 -5.053493e-03 9.787339e-04 9.999867e-01 4.170604e+01
9.999759e-01 -2.122042e-04 -6.940897e-03 -3.232166e+00 2.146361e-04 9.999999e-01 3.495912e-04 7.464950e-01 6.940865e-03 -3.510713e-04 9.999759e-01 4.182402e+01
9.999864e-01 -2.011410e-04 5.218974e-03 -3.301212e+00 2.061783e-04 9.999995e-01 -9.647244e-04 7.474180e-01 -5.218820e-03 9.657860e-04 9.999858e-01 4.192975e+01
9.999771e-01 -8.819219e-05 -6.760723e-03 -3.345309e+00 9.173400e-05 9.999999e-01 5.235279e-04 7.480362e-01 6.760719e-03 -5.241347e-04 9.999771e-01 4.201353e+01
9.999872e-01 -2.671035e-04 5.058940e-03 -3.410323e+00 2.726224e-04 9.999994e-01 -1.090327e-03 7.489820e-01 -5.058688e-03 1.091690e-03 9.999865e-01 4.211366e+01
9.999786e-01 3.497606e-05 -6.547875e-03 -3.441833e+00 -3.093427e-05 9.999998e-01 6.173201e-04 7.490093e-01 6.547938e-03 -6.171029e-04 9.999785e-01 4.218746e+01
9.999847e-01 -5.164471e-05 5.526601e-03 -3.403892e+00 5.634281e-05 9.999996e-01 -8.499907e-04 7.477188e-01 -5.526598e-03 8.502876e-04 9.999843e-01 4.219501e+01
9.999776e-01 9.509582e-06 -6.695137e-03 -3.382591e+00 -5.277443e-06 9.999998e-01 6.320896e-04 7.467748e-01 6.695185e-03 -6.320386e-04 9.999775e-01 4.222008e+01
9.999817e-01 9.646960e-05 6.044468e-03 -3.289441e+00 -9.349829e-05 9.999999e-01 -4.919079e-04 7.448912e-01 -6.044558e-03 4.913323e-04 9.999815e-01 4.217810e+01
9.999758e-01 -4.434255e-05 -6.958495e-03 -3.206173e+00 4.810411e-05 9.999999e-01 5.403570e-04 7.431167e-01 6.958514e-03 -5.406772e-04 9.999757e-01 4.217213e+01
9.999822e-01 3.030219e-05 5.973868e-03 -3.161960e+00 -2.637142e-05 9.999998e-01 -6.581229e-04 7.419586e-01 -5.973930e-03 6.579521e-04 9.999818e-01 4.218927e+01
9.999727e-01 -2.622239e-04 -7.391264e-03 -3.184364e+00 2.647751e-04 9.999999e-01 3.441498e-04 7.421595e-01 7.391216e-03 -3.460959e-04 9.999727e-01 4.225665e+01
9.999784e-01 3.640652e-04 6.557167e-03 -3.122395e+00 -3.612747e-04 9.999998e-01 -4.267947e-04 7.409438e-01 -6.557365e-03 4.244150e-04 9.999783e-01 4.226216e+01
9.999747e-01 -2.473000e-04 -7.104676e-03 -3.016187e+00 2.513566e-04 9.999998e-01 5.700392e-04 7.386310e-01 7.104577e-03 -5.718091e-04 9.999747e-01 4.221443e+01
9.999799e-01 3.309073e-04 6.337133e-03 -2.922109e+00 -3.273889e-04 9.999998e-01 -5.562830e-04 7.365879e-01 -6.337359e-03 5.541956e-04 9.999797e-01 4.219866e+01
9.999695e-01 -6.146796e-04 -7.780975e-03 -2.946378e+00 6.159232e-04 9.999998e-01 1.573765e-04 7.363934e-01 7.780921e-03 -1.621627e-04 9.999698e-01 4.226570e+01
9.999795e-01 3.248051e-04 6.390541e-03 -2.961872e+00 -3.212277e-04 9.999998e-01 -5.608747e-04 7.361054e-01 -6.390766e-03 5.588088e-04 9.999793e-01 4.233673e+01
9.999729e-01 -3.620156e-04 -7.358323e-03 -2.914770e+00 3.648403e-04 9.999999e-01 3.824949e-04 7.345777e-01 7.358228e-03 -3.851676e-04 9.999729e-01 4.236130e+01
9.999808e-01 4.813512e-05 6.200532e-03 -2.914585e+00 -4.401861e-05 9.999998e-01 -6.640871e-04 7.340035e-01 -6.200607e-03 6.637998e-04 9.999805e-01 4.241151e+01
9.999660e-01 -4.997709e-04 -8.226420e-03 -3.011594e+00 5.007064e-04 9.999999e-01 1.116052e-04 7.358572e-01 8.226407e-03 -1.157188e-04 9.999663e-01 4.253810e+01
9.999796e-01 1.317463e-04 6.391173e-03 -3.096427e+00 -1.270945e-04 9.999997e-01 -7.283078e-04 7.373072e-01 -6.391312e-03 7.274789e-04 9.999792e-01 4.265367e+01
9.999665e-01 -5.658278e-04 -8.164824e-03 -3.173367e+00 5.669001e-04 9.999998e-01 1.289771e-04 7.384537e-01 8.164795e-03 -1.335996e-04 9.999668e-01 4.276128e+01
9.999793e-01 1.565233e-04 6.434899e-03 -3.243113e+00 -1.521638e-04 9.999998e-01 -6.780313e-04 7.394437e-01 -6.435049e-03 6.770363e-04 9.999790e-01 4.286167e+01
9.999700e-01 -1.815130e-04 -7.744033e-03 -3.243014e+00 1.843725e-04 9.999999e-01 3.684958e-04 7.389776e-01 7.744010e-03 -3.699108e-04 9.999700e-01 4.290960e+01
9.999781e-01 1.665972e-04 6.615371e-03 -3.212545e+00 -1.632558e-04 9.999999e-01 -5.057008e-04 7.381101e-01 -6.615500e-03 5.046079e-04 9.999779e-01 4.293682e+01
9.999654e-01 -5.515587e-04 -8.296287e-03 -3.275437e+00 5.512948e-04 9.999998e-01 -3.413999e-05 7.388888e-01 8.296350e-03 2.956697e-05 9.999657e-01 4.303304e+01
9.999792e-01 2.000703e-04 6.444486e-03 -3.357522e+00 -1.964653e-04 9.999998e-01 -5.600812e-04 7.401568e-01 -6.444643e-03 5.588015e-04 9.999790e-01 4.314249e+01
9.999671e-01 -5.546225e-04 -8.094013e-03 -3.413252e+00 5.547464e-04 9.999998e-01 1.300833e-05 7.406447e-01 8.094050e-03 -1.749607e-05 9.999673e-01 4.323292e+01
9.999797e-01 1.397130e-04 6.373178e-03 -3.479019e+00 -1.359468e-04 9.999998e-01 -5.914533e-04 7.413444e-01 -6.373305e-03 5.905729e-04 9.999794e-01 4.333096e+01
9.999649e-01 -5.966608e-04 -8.352182e-03 -3.566615e+00 5.969297e-04 9.999998e-01 2.964688e-05 7.428204e-01 8.352209e-03 -3.462947e-05 9.999652e-01 4.344744e+01
9.999785e-01 1.911365e-04 6.558695e-03 -3.634732e+00 -1.871610e-04 9.999998e-01 -6.068227e-04 7.435611e-01 -6.558855e-03 6.055800e-04 9.999782e-01 4.354631e+01
9.999687e-01 -2.873232e-04 -7.908682e-03 -3.636824e+00 2.892546e-04 9.999999e-01 2.430126e-04 7.428443e-01 7.908658e-03 -2.452905e-04 9.999688e-01 4.359567e+01
9.999721e-01 4.152656e-04 7.463207e-03 -3.456010e+00 -4.169213e-04 9.999999e-01 2.202228e-04 7.386881e-01 -7.463161e-03 -2.233303e-04 9.999720e-01 4.351216e+01
9.999690e-01 -2.837470e-04 -7.866792e-03 -3.214775e+00 2.879756e-04 9.999998e-01 5.363372e-04 7.337298e-01 7.866685e-03 -5.385840e-04 9.999690e-01 4.343314e+01
9.999758e-01 3.528605e-04 6.952948e-03 -3.124793e+00 -3.497840e-04 9.999998e-01 -4.437445e-04 7.317885e-01 -6.953149e-03 4.412997e-04 9.999756e-01 4.344582e+01
9.999663e-01 -4.446033e-04 -8.195388e-03 -3.106842e+00 4.465968e-04 9.999999e-01 2.413575e-04 7.309292e-01 8.195326e-03 -2.450074e-04 9.999665e-01 4.348362e+01
9.999832e-01 -5.261049e-05 5.786700e-03 -3.068408e+00 5.460196e-05 9.999999e-01 -3.440705e-04 7.363884e-01 -5.786729e-03 3.443787e-04 9.999831e-01 4.384673e+01
9.999618e-01 -6.062998e-04 -8.714544e-03 -2.887370e+00 6.116400e-04 9.999996e-01 6.100908e-04 7.466571e-01 8.714218e-03 -6.153957e-04 9.999619e-01 4.452285e+01
9.999802e-01 -3.608728e-06 6.299275e-03 -2.664147e+00 3.447451e-06 1.000000e+00 2.553952e-05 7.551795e-01 -6.299322e-03 -2.551920e-05 9.999801e-01 4.510498e+01
9.999689e-01 -2.765990e-04 -7.881319e-03 -2.417278e+00 2.839647e-04 9.999995e-01 9.334166e-04 7.601563e-01 7.881104e-03 -9.356238e-04 9.999686e-01 4.548602e+01
9.999811e-01 -6.588059e-05 6.141777e-03 -2.230539e+00 6.838103e-05 9.999999e-01 -4.069792e-04 7.654170e-01 -6.141797e-03 4.073897e-04 9.999810e-01 4.587466e+01
9.999674e-01 -2.641674e-04 -8.068445e-03 -2.215013e+00 2.638199e-04 1.000000e+00 -4.418922e-05 7.684712e-01 8.068504e-03 4.206095e-05 9.999675e-01 4.610579e+01
9.999741e-01 4.139588e-04 7.190610e-03 -1.995900e+00 -4.212244e-04 9.999994e-01 1.008879e-03 7.680873e-01 -7.190236e-03 -1.011883e-03 9.999735e-01 4.621875e+01
9.999727e-01 2.833003e-04 -7.379031e-03 -1.368006e+00 -2.693661e-04 9.999982e-01 1.889226e-03 7.668515e-01 7.379600e-03 -1.887186e-03 9.999711e-01 4.640652e+01
9.999763e-01 2.220912e-04 6.883288e-03 -7.315917e-01 -2.288514e-04 9.999995e-01 9.813061e-04 7.665237e-01 -6.883114e-03 -9.828593e-04 9.999757e-01 4.666536e+01
9.999720e-01 4.053944e-04 -7.475164e-03 -1.318119e-01 -3.928907e-04 9.999985e-01 1.674058e-03 7.654560e-01 7.475880e-03 -1.671073e-03 9.999708e-01 4.686902e+01
9.999720e-01 4.446750e-04 7.471820e-03 4.567873e-01 -4.512451e-04 9.999995e-01 8.776264e-04 7.622408e-01 -7.471474e-03 -8.809742e-04 9.999716e-01 4.694789e+01
9.999734e-01 3.494763e-04 -7.279529e-03 1.057902e+00 -3.374852e-04 9.999986e-01 1.648370e-03 7.567056e-01 7.280143e-03 -1.645869e-03 9.999722e-01 4.692889e+01
9.999687e-01 4.144099e-04 7.906370e-03 1.702954e+00 -4.221875e-04 9.999994e-01 9.820594e-04 7.497776e-01 -7.906006e-03 -9.853669e-04 9.999682e-01 4.690118e+01
9.999694e-01 3.646068e-04 -7.815046e-03 2.285309e+00 -3.537565e-04 9.999990e-01 1.389716e-03 7.447820e-01 7.815592e-03 -1.386908e-03 9.999686e-01 4.690892e+01
9.999684e-01 2.217224e-04 7.949284e-03 2.781289e+00 -2.260528e-04 9.999998e-01 5.438599e-04 7.387549e-01 -7.949210e-03 -5.456395e-04 9.999682e-01 4.684135e+01
9.999714e-01 3.067624e-04 -7.551632e-03 3.284369e+00 -2.966131e-04 9.999991e-01 1.345085e-03 7.316459e-01 7.552085e-03 -1.342807e-03 9.999707e-01 4.675105e+01
9.999707e-01 8.696831e-05 7.654076e-03 3.700355e+00 -8.830877e-05 1.000000e+00 1.748069e-04 7.257297e-01 -7.654108e-03 -1.754773e-04 9.999706e-01 4.666501e+01
