9.999946e-01 -1.560554e-03 -2.897037e-03 1.465343e-02 1.559567e-03 9.999987e-01 -3.429924e-04 -2.119508e-02 2.897569e-03 3.384729e-04 9.999956e-01 7.875534e-01
1.000000e+00 3.191147e-05 -5.709722e-05 2.950745e-02 -3.191068e-05 1.000000e+00 1.355222e-05 -4.210134e-02 5.709711e-05 -1.354998e-05 9.999999e-01 1.555168e+00
9.999951e-01 -1.569094e-03 -2.709095e-03 4.440242e-02 1.568177e-03 9.999987e-01 -3.405290e-04 -6.300336e-02 2.709625e-03 3.362793e-04 9.999962e-01 2.323488e+00
9.999989e-01 1.149965e-04 1.445661e-03 6.679019e-02 -1.150537e-04 1.000000e+00 3.944387e-05 -8.296985e-02 -1.445658e-03 -3.960980e-05 9.999989e-01 3.008473e+00
9.999984e-01 -1.626371e-03 -7.482491e-04 9.273446e-02 1.626169e-03 9.999986e-01 -2.708322e-04 -1.026365e-01 7.486877e-04 2.696153e-04 9.999996e-01 3.680723e+00
1.000000e+00 -4.334537e-05 5.725149e-05 1.121876e-01 4.334619e-05 1.000000e+00 -1.404629e-05 -1.232294e-01 -5.725182e-05 1.404907e-05 9.999999e-01 4.423468e+00
9.999956e-01 -1.116641e-03 -2.748936e-03 1.311993e-01 1.115896e-03 9.999993e-01 -2.723022e-04 -1.420825e-01 2.749237e-03 2.692338e-04 9.999961e-01 5.021087e+00
9.999961e-01 3.544174e-05 2.809265e-03 1.622414e-01 -3.547811e-05 1.000000e+00 1.290409e-05 -1.603551e-01 -2.809266e-03 -1.300346e-05 9.999960e-01 5.562215e+00
9.999979e-01 -1.091471e-03 1.725609e-03 1.936523e-01 1.091772e-03 9.999994e-01 -1.730805e-04 -1.773112e-01 -1.725420e-03 1.749643e-04 9.999984e-01 6.060827e+00
9.999991e-01 1.797969e-04 -1.341042e-03 2.231773e-01 -1.798614e-04 1.000000e+00 -4.798848e-05 -1.945325e-01 1.341033e-03 4.822985e-05 9.999990e-01 6.539208e+00
9.999955e-01 -1.636658e-03 2.510953e-03 2.492360e-01 1.637093e-03 9.999986e-01 -1.710069e-04 -2.140719e-01 -2.510671e-03 1.751170e-04 9.999967e-01 7.202069e+00
9.999951e-01 -4.349004e-04 -3.093930e-03 2.638605e-01 4.344776e-04 9.999999e-01 -1.373237e-04 -2.364886e-01 3.093989e-03 1.359790e-04 9.999951e-01 8.100878e+00
9.999931e-01 -1.593321e-03 3.343179e-03 2.836005e-01 1.593855e-03 9.999987e-01 -1.569484e-04 -2.582681e-01 -3.342926e-03 1.622760e-04 9.999943e-01 8.952040e+00
9.999942e-01 -3.101422e-04 -3.403678e-03 3.021181e-01 3.097223e-04 9.999999e-01 -1.238964e-04 -2.795730e-01 3.403716e-03 1.228416e-04 9.999941e-01 9.758709e+00
9.999943e-01 -1.622376e-03 2.966764e-03 3.167253e-01 1.622797e-03 9.999987e-01 -1.396622e-04 -3.010971e-01 -2.966534e-03 1.444759e-04 9.999955e-01 1.059059e+01
9.999933e-01 -2.005137e-04 -3.645186e-03 3.321240e-01 1.999631e-04 1.000000e+00 -1.514236e-04 -3.223291e-01 3.645216e-03 1.506937e-04 9.999932e-01 1.138523e+01
9.999880e-01 -1.384196e-03 4.695326e-03 3.595322e-01 1.384713e-03 9.999990e-01 -1.068621e-04 -3.419997e-01 -4.695174e-03 1.133626e-04 9.999889e-01 1.206234e+01
9.999980e-01 2.295687e-04 1.975893e-03 3.975227e-01 -2.295609e-04 1.000000e+00 -4.170849e-06 -3.589656e-01 -1.975894e-03 3.717264e-06 9.999979e-01 1.257844e+01
9.999959e-01 -1.404780e-03 2.477543e-03 4.281382e-01 1.405047e-03 9.999990e-01 -1.060202e-04 -3.764002e-01 -2.477391e-03 1.095008e-04 9.999968e-01 1.311505e+01
1.000000e+00 2.436944e-04 7.010641e-05 4.555331e-01 -2.436910e-04 1.000000e+00 -4.889370e-05 -3.940227e-01 -7.011760e-05 4.887659e-05 9.999999e-01 1.364299e+01
9.999906e-01 -1.340052e-03 4.117728e-03 4.888301e-01 1.340384e-03 9.999991e-01 -7.803270e-05 -4.111832e-01 -4.117618e-03 8.355127e-05 9.999914e-01 1.414678e+01
9.999970e-01 -2.410641e-04 -2.439510e-03 5.119421e-01 2.407857e-04 1.000000e+00 -1.144155e-04 -4.308984e-01 2.439539e-03 1.138277e-04 9.999969e-01 1.483146e+01
9.999963e-01 -1.703918e-03 2.128367e-03 5.249070e-01 1.704298e-03 9.999985e-01 -1.765508e-04 -4.525175e-01 -2.128061e-03 1.801775e-04 9.999976e-01 1.566085e+01
9.999966e-01 -3.975918e-04 -2.584262e-03 5.324077e-01 3.973332e-04 9.999999e-01 -1.005932e-04 -4.748249e-01 2.584303e-03 9.956592e-05 9.999966e-01 1.655501e+01
9.999965e-01 -1.670331e-03 2.071670e-03 5.408939e-01 1.670719e-03 9.999986e-01 -1.855663e-04 -4.971285e-01 -2.071356e-03 1.890266e-04 9.999977e-01 1.744258e+01
9.999967e-01 -4.381399e-04 -2.512933e-03 5.482618e-01 4.378663e-04 9.999999e-01 -1.094086e-04 -5.196009e-01 2.512982e-03 1.083078e-04 9.999967e-01 1.834321e+01
9.999969e-01 -1.513958e-03 1.991856e-03 5.568485e-01 1.514280e-03 9.999988e-01 -1.600791e-04 -5.412601e-01 -1.991610e-03 1.630946e-04 9.999979e-01 1.918124e+01
9.999966e-01 -1.786219e-04 -2.583490e-03 5.683829e-01 1.783818e-04 1.000000e+00 -9.318831e-05 -5.617600e-01 2.583508e-03 9.272692e-05 9.999966e-01 1.991524e+01
9.999962e-01 -1.687544e-03 2.186022e-03 5.796942e-01 1.687952e-03 9.999986e-01 -1.846724e-04 -5.830181e-01 -2.185706e-03 1.883613e-04 9.999975e-01 2.070977e+01
9.999962e-01 -3.523382e-04 -2.744117e-03 5.868189e-01 3.520778e-04 9.999999e-01 -9.539974e-05 -6.051885e-01 2.744151e-03 9.443295e-05 9.999961e-01 2.158705e+01
9.999967e-01 -1.672662e-03 1.934338e-03 5.944712e-01 1.673047e-03 9.999986e-01 -1.977468e-04 -6.273983e-01 -1.934004e-03 2.009821e-04 9.999980e-01 2.246740e+01
9.999967e-01 -2.839236e-04 -2.568995e-03 6.025365e-01 2.837424e-04 1.000000e+00 -7.090220e-05 -6.491152e-01 2.569016e-03 7.017269e-05 9.999966e-01 2.331009e+01
9.999977e-01 -1.523542e-03 1.521844e-03 6.118708e-01 1.523853e-03 9.999988e-01 -2.027962e-04 -6.703040e-01 -1.521533e-03 2.051144e-04 9.999987e-01 2.410773e+01
9.999971e-01 -1.679793e-04 -2.415890e-03 6.231973e-01 1.678392e-04 1.000000e+00 -5.823561e-05 -6.908885e-01 2.415900e-03 5.782956e-05 9.999970e-01 2.484912e+01
9.999969e-01 -1.831030e-03 1.678539e-03 6.304769e-01 1.831418e-03 9.999983e-01 -2.293780e-04 -7.129806e-01 -1.678115e-03 2.324510e-04 9.999985e-01 2.571930e+01
9.999966e-01 -1.879034e-04 -2.585528e-03 6.375522e-01 1.877431e-04 1.000000e+00 -6.221426e-05 -7.352475e-01 2.585541e-03 6.172818e-05 9.999966e-01 2.660552e+01
9.999975e-01 -1.611605e-03 1.568946e-03 6.463770e-01 1.611958e-03 9.999987e-01 -2.237979e-04 -7.565194e-01 -1.568583e-03 2.263259e-04 9.999986e-01 2.740533e+01
9.999971e-01 -1.211179e-04 -2.424947e-03 6.572469e-01 1.209923e-04 1.000000e+00 -5.193604e-05 -7.774021e-01 2.424953e-03 5.164197e-05 9.999970e-01 2.816665e+01
9.999959e-01 -2.022307e-03 2.041436e-03 6.672208e-01 2.022834e-03 9.999979e-01 -2.562200e-04 -8.000202e-01 -2.040913e-03 2.603479e-04 9.999978e-01 2.907626e+01
9.999969e-01 -2.127913e-04 -2.491542e-03 6.714268e-01 2.127444e-04 1.000000e+00 -1.907269e-05 -8.229344e-01 2.491546e-03 1.854200e-05 9.999968e-01 3.003286e+01
9.999965e-01 -1.765167e-03 1.968136e-03 6.785930e-01 1.765718e-03 9.999984e-01 -2.784142e-04 -8.448030e-01 -1.967641e-03 2.818878e-04 9.999979e-01 3.087774e+01
9.999974e-01 -4.535677e-04 -2.256423e-03 6.834353e-01 4.534789e-04 9.999999e-01 -3.991171e-05 -8.674942e-01 2.256441e-03 3.888773e-05 9.999974e-01 3.179856e+01
9.999962e-01 -1.945242e-03 1.973613e-03 6.844866e-01 1.945814e-03 9.999981e-01 -2.883132e-04 -8.911805e-01 -1.973048e-03 2.921517e-04 9.999979e-01 3.280768e+01
9.999975e-01 -5.014290e-04 -2.199899e-03 6.876944e-01 5.013755e-04 9.999999e-01 -2.491163e-05 -9.151774e-01 2.199911e-03 2.380789e-05 9.999975e-01 3.384353e+01
9.999965e-01 -1.711183e-03 2.002423e-03 6.950011e-01 1.711701e-03 9.999985e-01 -2.568448e-04 -9.378381e-01 -2.001980e-03 2.602707e-04 9.999979e-01 3.477269e+01
9.999969e-01 -3.749584e-04 -2.463308e-03 7.042859e-01 3.748819e-04 9.999999e-01 -3.152279e-05 -9.601459e-01 2.463320e-03 3.059849e-05 9.999969e-01 3.565918e+01
9.999977e-01 -1.523973e-03 1.525378e-03 7.128855e-01 1.524362e-03 9.999988e-01 -2.537820e-04 -9.817771e-01 -1.524989e-03 2.561059e-04 9.999987e-01 3.649352e+01
9.999973e-01 -4.482483e-04 -2.271236e-03 7.190774e-01 4.481322e-04 9.999999e-01 -5.164855e-05 -1.003700e+00 2.271259e-03 5.062979e-05 9.999973e-01 3.734301e+01
9.999971e-01 -1.502649e-03 1.899526e-03 7.245523e-01 1.503146e-03 9.999988e-01 -2.603562e-04 -1.025046e+00 -1.899133e-03 2.632099e-04 9.999981e-01 3.814842e+01
9.999974e-01 -2.295589e-04 -2.255025e-03 7.328479e-01 2.294453e-04 1.000000e+00 -5.064409e-05 -1.045201e+00 2.255037e-03 5.012568e-05 9.999974e-01 3.884772e+01
9.999970e-01 -1.539314e-03 1.907630e-03 7.420252e-01 1.539838e-03 9.999988e-01 -2.734262e-04 -1.065587e+00 -1.907207e-03 2.763619e-04 9.999980e-01 3.956280e+01
9.999975e-01 -4.748205e-04 -2.173601e-03 7.490004e-01 4.746966e-04 9.999999e-01 -5.749922e-05 -1.087102e+00 2.173627e-03 5.646633e-05 9.999975e-01 4.037954e+01
9.999972e-01 -1.697126e-03 1.621329e-03 7.545525e-01 1.697587e-03 9.999985e-01 -2.830357e-04 -1.109729e+00 -1.620847e-03 2.857863e-04 9.999985e-01 4.128951e+01
9.999973e-01 -4.904219e-04 -2.293073e-03 7.546000e-01 4.903194e-04 9.999999e-01 -4.528276e-05 -1.132366e+00 2.293095e-03 4.415729e-05 9.999973e-01 4.221447e+01
9.999964e-01 -1.856938e-03 1.945536e-03 7.552108e-01 1.857565e-03 9.999982e-01 -3.206630e-04 -1.155906e+00 -1.944937e-03 3.242747e-04 9.999980e-01 4.319811e+01
9.999974e-01 -9.676729e-04 -2.082166e-03 7.487383e-01 9.675782e-04 9.999995e-01 -4.647504e-05 -1.181469e+00 2.082210e-03 4.445918e-05 9.999977e-01 4.437680e+01
9.999969e-01 -1.553816e-03 1.969962e-03 7.468186e-01 1.554443e-03 9.999987e-01 -3.168727e-04 -1.205291e+00 -1.969467e-03 3.199328e-04 9.999979e-01 4.540626e+01
9.999970e-01 -9.013264e-04 -2.282354e-03 7.497584e-01 9.013044e-04 9.999996e-01 -1.065831e-05 -1.229207e+00 2.282362e-03 8.600030e-06 9.999973e-01 4.643687e+01
9.999969e-01 -1.535306e-03 1.957439e-03 7.519789e-01 1.535924e-03 9.999988e-01 -3.144230e-04 -1.252976e+00 -1.956954e-03 3.174273e-04 9.999979e-01 4.746029e+01
9.999974e-01 -6.961759e-04 -2.180209e-03 7.539468e-01 6.960961e-04 9.999998e-01 -3.735568e-05 -1.275574e+00 2.180234e-03 3.583673e-05 9.999975e-01 4.837168e+01
9.999967e-01 -1.621642e-03 1.997087e-03 7.559412e-01 1.622274e-03 9.999986e-01 -3.152591e-04 -1.298483e+00 -1.996574e-03 3.184966e-04 9.999979e-01 4.931556e+01
9.999972e-01 -7.466833e-04 -2.236656e-03 7.586823e-01 7.465933e-04 9.999997e-01 -4.111465e-05 -1.321714e+00 2.236686e-03 3.944338e-05 9.999974e-01 5.028188e+01
9.999962e-01 -1.812102e-03 2.060928e-03 7.591111e-01 1.812762e-03 9.999983e-01 -3.184071e-04 -1.345887e+00 -2.060349e-03 3.221406e-04 9.999977e-01 5.133555e+01
9.999969e-01 -1.282302e-03 -2.157391e-03 7.552387e-01 1.282151e-03 9.999992e-01 -7.164267e-05 -1.372923e+00 2.157480e-03 6.887499e-05 9.999976e-01 5.262850e+01
9.999960e-01 -1.787542e-03 2.204433e-03 7.462813e-01 1.788239e-03 9.999984e-01 -3.141301e-04 -1.399296e+00 -2.203868e-03 3.180695e-04 9.999974e-01 5.388970e+01
9.999969e-01 -8.248763e-04 -2.347672e-03 7.427191e-01 8.246304e-04 9.999997e-01 -1.057190e-04 -1.423447e+00 2.347758e-03 1.037813e-04 9.999971e-01 5.493724e+01
9.999949e-01 -2.085676e-03 2.398560e-03 7.392870e-01 2.086354e-03 9.999978e-01 -2.805969e-04 -1.449225e+00 -2.397970e-03 2.855983e-04 9.999970e-01 5.613208e+01
9.999968e-01 -9.670107e-04 -2.338637e-03 7.344249e-01 9.668110e-04 9.999995e-01 -8.652960e-05 -1.475777e+00 2.338718e-03 8.426679e-05 9.999972e-01 5.739905e+01
9.999949e-01 -2.107989e-03 2.387629e-03 7.296035e-01 2.108671e-03 9.999977e-01 -2.830529e-04 -1.502512e+00 -2.387028e-03 2.880847e-04 9.999970e-01 5.868184e+01
9.999963e-01 -1.292545e-03 -2.408343e-03 7.237413e-01 1.292299e-03 9.999992e-01 -1.040035e-04 -1.531037e+00 2.408475e-03 1.008893e-04 9.999970e-01 6.011332e+01
9.999941e-01 -2.256307e-03 2.578651e-03 7.139802e-01 2.257064e-03 9.999974e-01 -2.906025e-04 -1.559902e+00 -2.577989e-03 2.964193e-04 9.999965e-01 6.158848e+01
9.999963e-01 -9.129471e-04 -2.575530e-03 7.073221e-01 9.126806e-04 9.999996e-01 -1.046471e-04 -1.586891e+00 2.575624e-03 1.022944e-04 9.999966e-01 6.289179e+01
9.999938e-01 -2.427402e-03 2.562189e-03 6.976658e-01 2.428207e-03 9.999970e-01 -3.109067e-04 -1.614922e+00 -2.561428e-03 3.171246e-04 9.999966e-01 6.428051e+01
9.999965e-01 -1.041630e-03 -2.413632e-03 6.852414e-01 1.041382e-03 9.999995e-01 -1.039403e-04 -1.643339e+00 2.413738e-03 1.014247e-04 9.999970e-01 6.571128e+01
9.999934e-01 -2.801752e-03 2.297545e-03 6.703534e-01 2.802514e-03 9.999960e-01 -3.283791e-04 -1.673983e+00 -2.296616e-03 3.348141e-04 9.999972e-01 6.733283e+01
9.999962e-01 -1.269548e-03 -2.436907e-03 6.513855e-01 1.269335e-03 9.999992e-01 -8.918786e-05 -1.705871e+00 2.437018e-03 8.609245e-05 9.999969e-01 6.906929e+01
9.999931e-01 -2.685788e-03 2.575220e-03 6.317786e-01 2.686747e-03 9.999963e-01 -3.688634e-04 -1.736611e+00 -2.574220e-03 3.757780e-04 9.999965e-01 7.070574e+01
9.999970e-01 -5.826983e-04 -2.387126e-03 6.202448e-01 5.825791e-04 9.999998e-01 -5.062706e-05 -1.763682e+00 2.387154e-03 4.923430e-05 9.999970e-01 7.202546e+01
9.999941e-01 -2.437060e-03 2.422518e-03 6.155886e-01 2.437876e-03 9.999970e-01 -3.339488e-04 -1.789934e+00 -2.421697e-03 3.398507e-04 9.999969e-01 7.326624e+01
9.999967e-01 -7.397653e-04 -2.466557e-03 6.087588e-01 7.396170e-04 9.999997e-01 -6.106420e-05 -1.817104e+00 2.466600e-03 5.923770e-05 9.999969e-01 7.458114e+01
9.999944e-01 -2.247626e-03 2.484933e-03 6.029696e-01 2.248433e-03 9.999974e-01 -3.220783e-04 -1.843058e+00 -2.484204e-03 3.276616e-04 9.999968e-01 7.580235e+01
9.999966e-01 -4.431551e-04 -2.571049e-03 5.995907e-01 4.431103e-04 9.999999e-01 -1.798265e-05 -1.867686e+00 2.571056e-03 1.684127e-05 9.999966e-01 7.691058e+01
9.999959e-01 -1.789583e-03 2.244517e-03 6.028851e-01 1.790357e-03 9.999983e-01 -3.428724e-04 -1.890337e+00 -2.243900e-03 3.468873e-04 9.999973e-01 7.782267e+01
9.999969e-01 -6.558239e-04 -2.414539e-03 6.026370e-01 6.557497e-04 9.999998e-01 -3.150151e-05 -1.913737e+00 2.414559e-03 2.991595e-05 9.999970e-01 7.880966e+01
9.999966e-01 -1.806069e-03 1.882874e-03 6.050101e-01 1.806669e-03 9.999983e-01 -3.171704e-04 -1.937771e+00 -1.882298e-03 3.205689e-04 9.999981e-01 7.985020e+01
9.999968e-01 -1.228602e-03 -2.197727e-03 6.020192e-01 1.228399e-03 9.999992e-01 -9.398769e-05 -1.964632e+00 2.197840e-03 9.128551e-05 9.999975e-01 8.112672e+01
9.999960e-01 -1.734565e-03 2.228620e-03 5.952518e-01 1.735251e-03 9.999984e-01 -3.060690e-04 -1.990330e+00 -2.228086e-03 3.099328e-04 9.999974e-01 8.232610e+01
9.999963e-01 -1.285855e-03 -2.410056e-03 5.877459e-01 1.285503e-03 9.999992e-01 -1.475285e-04 -2.016560e+00 2.410243e-03 1.444276e-04 9.999970e-01 8.354594e+01
9.999956e-01 -1.584555e-03 2.505503e-03 5.792868e-01 1.585216e-03 9.999987e-01 -2.620334e-04 -2.041625e+00 -2.505085e-03 2.660017e-04 9.999967e-01 8.469329e+01
9.999962e-01 -8.087694e-04 -2.629243e-03 5.810079e-01 8.085465e-04 9.999997e-01 -8.585083e-05 -2.064863e+00 2.629311e-03 8.372228e-05 9.999964e-01 8.566770e+01
9.999958e-01 -1.510303e-03 2.465359e-03 5.837894e-01 1.510953e-03 9.999988e-01 -2.616360e-04 -2.087804e+00 -2.464962e-03 2.653575e-04 9.999968e-01 8.661435e+01
9.999961e-01 -7.169835e-04 -2.712277e-03 5.879141e-01 7.168033e-04 9.999997e-01 -6.738918e-05 -2.110389e+00 2.712324e-03 6.544232e-05 9.999962e-01 8.752938e+01
9.999966e-01 -1.294316e-03 2.282565e-03 5.945856e-01 1.294855e-03 9.999991e-01 -2.347647e-04 -2.132085e+00 -2.282260e-03 2.377171e-04 9.999973e-01 8.836995e+01
9.999963e-01 -6.984765e-04 -2.644615e-03 6.012124e-01 6.982563e-04 9.999998e-01 -8.418873e-05 -2.153557e+00 2.644672e-03 8.233932e-05 9.999964e-01 8.918613e+01
9.999962e-01 -1.479757e-03 2.305271e-03 6.052063e-01 1.480384e-03 9.999989e-01 -2.702999e-04 -2.176003e+00 -2.304869e-03 2.737091e-04 9.999972e-01 9.008053e+01
9.999965e-01 -6.053970e-04 -2.560554e-03 6.091918e-01 6.052728e-04 9.999998e-01 -4.925678e-05 -2.197787e+00 2.560583e-03 4.770422e-05 9.999966e-01 9.093070e+01
9.999961e-01 -1.606695e-03 2.278151e-03 6.158672e-01 1.607391e-03 9.999987e-01 -3.037232e-04 -2.220413e+00 -2.277661e-03 3.073813e-04 9.999973e-01 9.183592e+01
9.999966e-01 -1.003160e-03 -2.408660e-03 6.163798e-01 1.003052e-03 9.999995e-01 -4.587622e-05 -2.244853e+00 2.408704e-03 4.345743e-05 9.999970e-01 9.291260e+01
9.999962e-01 -1.614688e-03 2.252475e-03 6.188922e-01 1.615391e-03 9.999986e-01 -3.104579e-04 -2.269304e+00 -2.251972e-03 3.140927e-04 9.999973e-01 9.398982e+01
9.999965e-01 -1.059630e-03 -2.422218e-03 6.209811e-01 1.059548e-03 9.999994e-01 -3.522418e-05 -2.294092e+00 2.422253e-03 3.265492e-05 9.999970e-01 9.509839e+01
9.999963e-01 -1.607207e-03 2.213809e-03 6.222589e-01 1.607883e-03 9.999987e-01 -3.036405e-04 -2.318932e+00 -2.213320e-03 3.071962e-04 9.999974e-01 9.621362e+01
9.999966e-01 -1.094528e-03 -2.371862e-03 6.244035e-01 1.094443e-03 9.999994e-01 -3.712694e-05 -2.343869e+00 2.371900e-03 3.452820e-05 9.999971e-01 9.733593e+01
9.999958e-01 -1.801010e-03 2.273650e-03 6.234347e-01 1.801740e-03 9.999983e-01 -3.191702e-04 -2.369738e+00 -2.273073e-03 3.232626e-04 9.999973e-01 9.854153e+01
9.999967e-01 -1.074194e-03 -2.340261e-03 6.204448e-01 1.074078e-03 9.999994e-01 -5.110161e-05 -2.395297e+00 2.340314e-03 4.858500e-05 9.999972e-01 9.972126e+01
9.999956e-01 -1.867669e-03 2.318184e-03 6.166111e-01 1.868463e-03 9.999982e-01 -3.403642e-04 -2.421199e+00 -2.317545e-03 3.446913e-04 9.999972e-01 1.009270e+02
9.999967e-01 -9.272791e-04 -2.377161e-03 6.154816e-01 9.272732e-04 9.999996e-01 -3.601765e-06 -2.446385e+00 2.377162e-03 1.394588e-06 9.999971e-01 1.020800e+02
9.999965e-01 -1.533059e-03 2.172744e-03 6.194390e-01 1.533791e-03 9.999988e-01 -3.352594e-04 -2.470081e+00 -2.172228e-03 3.385879e-04 9.999975e-01 1.030940e+02
9.999966e-01 -1.076825e-03 -2.379067e-03 6.195839e-01 1.076728e-03 9.999994e-01 -4.195049e-05 -2.494311e+00 2.379110e-03 3.938579e-05 9.999971e-01 1.041520e+02
9.999961e-01 -1.686269e-03 2.237622e-03 6.175322e-01 1.687092e-03 9.999985e-01 -3.661710e-04 -2.519236e+00 -2.237003e-03 3.699416e-04 9.999973e-01 1.052674e+02
9.999969e-01 -9.923408e-04 -2.301335e-03 6.178078e-01 9.923524e-04 9.999995e-01 3.917842e-06 -2.543702e+00 2.301329e-03 -6.204596e-06 9.999973e-01 1.063536e+02
9.999964e-01 -1.580467e-03 2.164866e-03 6.187139e-01 1.581253e-03 9.999987e-01 -3.615720e-04 -2.567747e+00 -2.164293e-03 3.649908e-04 9.999975e-01 1.074023e+02
9.999967e-01 -9.945615e-04 -2.389622e-03 6.204492e-01 9.944980e-04 9.999995e-01 -2.773207e-05 -2.591848e+00 2.389647e-03 2.535240e-05 9.999970e-01 1.084414e+02
9.999958e-01 -1.779437e-03 2.291315e-03 6.166977e-01 1.780310e-03 9.999983e-01 -3.789458e-04 -2.616566e+00 -2.290638e-03 3.830203e-04 9.999972e-01 1.095507e+02
9.999968e-01 -6.979547e-04 -2.421124e-03 6.183852e-01 6.979665e-04 9.999998e-01 4.024957e-06 -2.640021e+00 2.421119e-03 -5.717983e-06 9.999970e-01 1.105422e+02
9.999955e-01 -1.945612e-03 2.271929e-03 6.203650e-01 1.946469e-03 9.999980e-01 -3.748972e-04 -2.664480e+00 -2.271196e-03 3.793145e-04 9.999972e-01 1.116197e+02
9.999966e-01 -8.109393e-04 -2.458939e-03 6.195695e-01 8.109456e-04 9.999997e-01 1.597698e-06 -2.689504e+00 2.458935e-03 -3.595005e-06 9.999969e-01 1.127475e+02
9.999957e-01 -1.869865e-03 2.272781e-03 6.205770e-01 1.870727e-03 9.999982e-01 -3.771573e-04 -2.714169e+00 -2.272073e-03 3.814041e-04 9.999972e-01 1.138430e+02
9.999964e-01 -9.951994e-04 -2.472360e-03 6.194169e-01 9.952469e-04 9.999995e-01 1.799704e-05 -2.739908e+00 2.472339e-03 -2.046090e-05 9.999968e-01 1.150345e+02
9.999949e-01 -2.120286e-03 2.379594e-03 6.144752e-01 2.121266e-03 9.999977e-01 -4.090879e-04 -2.766768e+00 -2.378723e-03 4.141302e-04 9.999970e-01 1.163246e+02
9.999964e-01 -1.059530e-03 -2.446038e-03 6.086275e-01 1.059543e-03 9.999994e-01 3.778453e-06 -2.793742e+00 2.446031e-03 -6.373512e-06 9.999969e-01 1.176243e+02
9.999945e-01 -2.195794e-03 2.477692e-03 6.012082e-01 2.196836e-03 9.999975e-01 -4.178574e-04 -2.820965e+00 -2.476770e-03 4.232948e-04 9.999967e-01 1.189514e+02
9.999964e-01 -8.926615e-04 -2.510698e-03 5.956317e-01 8.927260e-04 9.999996e-01 2.453635e-05 -2.847475e+00 2.510674e-03 -2.678110e-05 9.999967e-01 1.202140e+02
9.999941e-01 -2.344126e-03 2.493743e-03 5.888465e-01 2.345231e-03 9.999972e-01 -4.403150e-04 -2.874677e+00 -2.492705e-03 4.461573e-04 9.999967e-01 1.215359e+02
9.999964e-01 -1.054476e-03 -2.455908e-03 5.807757e-01 1.054534e-03 9.999994e-01 2.250788e-05 -2.902572e+00 2.455882e-03 -2.510119e-05 9.999969e-01 1.229203e+02
9.999949e-01 -1.993104e-03 2.499748e-03 5.772139e-01 1.994099e-03 9.999979e-01 -3.956661e-04 -2.928830e+00 -2.498956e-03 4.006452e-04 9.999967e-01 1.241695e+02
9.999960e-01 -1.096707e-03 -2.598990e-03 5.728329e-01 1.096704e-03 9.999994e-01 -2.256058e-06 -2.955507e+00 2.598990e-03 -5.978931e-07 9.999965e-01 1.254390e+02
9.999949e-01 -1.920742e-03 2.549230e-03 5.657886e-01 1.921789e-03 9.999981e-01 -4.081005e-04 -2.981638e+00 -2.548443e-03 4.129938e-04 9.999966e-01 1.266674e+02
9.999960e-01 -1.011495e-03 -2.648188e-03 5.593817e-01 1.011482e-03 9.999995e-01 -6.112152e-06 -3.007424e+00 2.648191e-03 3.429837e-06 9.999964e-01 1.278586e+02
9.999946e-01 -2.050394e-03 2.580187e-03 5.516758e-01 2.051488e-03 9.999978e-01 -4.213499e-04 -3.033796e+00 -2.579319e-03 4.266371e-04 9.999965e-01 1.291039e+02
9.999959e-01 -9.409296e-04 -2.689387e-03 5.438632e-01 9.410549e-04 9.999996e-01 4.531181e-05 -3.059956e+00 2.689342e-03 -4.784626e-05 9.999963e-01 1.303410e+02
9.999953e-01 -1.787513e-03 2.506533e-03 5.397298e-01 1.788583e-03 9.999983e-01 -4.245142e-04 -3.084880e+00 -2.505772e-03 4.289915e-04 9.999967e-01 1.314631e+02
9.999958e-01 -1.131242e-03 -2.681765e-03 5.351315e-01 1.131280e-03 9.999994e-01 1.277347e-05 -3.110609e+00 2.681747e-03 -1.581109e-05 9.999963e-01 1.326485e+02
9.999956e-01 -1.511554e-03 2.541862e-03 5.319459e-01 1.512583e-03 9.999988e-01 -4.029399e-04 -3.134914e+00 -2.541251e-03 4.067791e-04 9.999966e-01 1.337178e+02
9.999954e-01 -1.295791e-03 -2.731771e-03 5.288682e-01 1.295821e-03 9.999992e-01 9.110623e-06 -3.160284e+00 2.731756e-03 -1.265439e-05 9.999962e-01 1.348692e+02
9.999952e-01 -1.690993e-03 2.605731e-03 5.204629e-01 1.692172e-03 9.999985e-01 -4.503215e-04 -3.186083e+00 -2.604968e-03 4.547247e-04 9.999964e-01 1.360695e+02
9.999957e-01 -1.115457e-03 -2.697009e-03 5.158318e-01 1.115485e-03 9.999994e-01 9.119712e-06 -3.211012e+00 2.696995e-03 -1.213215e-05 9.999963e-01 1.371899e+02
9.999949e-01 -1.859263e-03 2.593880e-03 5.098203e-01 1.860359e-03 9.999982e-01 -4.202314e-04 -3.236958e+00 -2.593096e-03 4.250508e-04 9.999964e-01 1.384011e+02
9.999958e-01 -1.034334e-03 -2.704680e-03 5.055218e-01 1.034424e-03 9.999995e-01 3.215590e-05 -3.262579e+00 2.704644e-03 -3.495763e-05 9.999962e-01 1.395833e+02
9.999939e-01 -2.198360e-03 2.711798e-03 4.972794e-01 2.199610e-03 9.999975e-01 -4.578632e-04 -3.289843e+00 -2.710786e-03 4.638212e-04 9.999961e-01 1.409063e+02
9.999955e-01 -1.725148e-03 -2.463619e-03 4.821528e-01 1.725132e-03 9.999985e-01 -8.787042e-06 -3.320284e+00 2.463629e-03 4.532776e-06 9.999969e-01 1.425090e+02
9.999936e-01 -2.268774e-03 2.779650e-03 4.645808e-01 2.270030e-03 9.999973e-01 -4.489230e-04 -3.350966e+00 -2.778626e-03 4.552258e-04 9.999959e-01 1.441452e+02
9.999951e-01 -1.913239e-03 -2.473412e-03 4.439742e-01 1.913161e-03 9.999982e-01 -3.383475e-05 -3.382650e+00 2.473471e-03 2.909830e-05 9.999968e-01 1.458594e+02
9.999942e-01 -1.822503e-03 2.870058e-03 4.270701e-01 1.823622e-03 9.999983e-01 -3.873428e-04 -3.411949e+00 -2.869348e-03 3.925701e-04 9.999957e-01 1.473881e+02
9.999951e-01 -1.369691e-03 -2.800165e-03 4.179489e-01 1.369626e-03 9.999991e-01 -2.487707e-05 -3.438986e+00 2.800195e-03 2.103745e-05 9.999960e-01 1.486925e+02
9.999941e-01 -1.771215e-03 2.941566e-03 4.107619e-01 1.772329e-03 9.999984e-01 -3.760123e-04 -3.465699e+00 -2.940897e-03 3.812192e-04 9.999955e-01 1.499757e+02
9.999948e-01 -1.464325e-03 -2.866008e-03 4.045760e-01 1.464334e-03 9.999989e-01 9.934342e-07 -3.493216e+00 2.866002e-03 -5.194618e-06 9.999958e-01 1.513241e+02
9.999934e-01 -2.036615e-03 3.018903e-03 3.927206e-01 2.038026e-03 9.999978e-01 -4.642829e-04 -3.521536e+00 -3.017953e-03 4.704279e-04 9.999952e-01 1.527389e+02
9.999955e-01 -1.263641e-03 -2.728544e-03 3.826408e-01 1.263797e-03 9.999992e-01 5.567627e-05 -3.548560e+00 2.728470e-03 -5.912883e-05 9.999962e-01 1.540591e+02
9.999946e-01 -1.822582e-03 2.736889e-03 3.798853e-01 1.823790e-03 9.999982e-01 -4.389160e-04 -3.575321e+00 -2.736086e-03 4.439007e-04 9.999961e-01 1.553368e+02
9.999956e-01 -1.435059e-03 -2.577687e-03 3.741551e-01 1.435300e-03 9.999990e-01 9.179441e-05 -3.602836e+00 2.577551e-03 -9.549832e-05 9.999966e-01 1.566964e+02
9.999959e-01 -1.222577e-03 2.605705e-03 3.771250e-01 1.223633e-03 9.999992e-01 -4.034216e-04 -3.627517e+00 -2.605212e-03 4.066038e-04 9.999964e-01 1.578051e+02
9.999953e-01 -1.483782e-03 -2.681596e-03 3.808417e-01 1.483991e-03 9.999989e-01 7.577454e-05 -3.652693e+00 2.681479e-03 -7.975825e-05 9.999963e-01 1.589417e+02
9.999943e-01 -1.797741e-03 2.869638e-03 3.769570e-01 1.799012e-03 9.999983e-01 -4.406060e-04 -3.680328e+00 -2.868843e-03 4.457613e-04 9.999957e-01 1.603069e+02
9.999953e-01 -1.316981e-03 -2.751590e-03 3.732364e-01 1.317221e-03 9.999991e-01 8.539644e-05 -3.707121e+00 2.751474e-03 -8.902517e-05 9.999961e-01 1.615960e+02
9.999943e-01 -1.881843e-03 2.809342e-03 3.663893e-01 1.883237e-03 9.999981e-01 -4.935484e-04 -3.734280e+00 -2.808409e-03 4.988316e-04 9.999958e-01 1.629105e+02
9.999953e-01 -1.687292e-03 -2.567617e-03 3.578437e-01 1.687504e-03 9.999986e-01 8.018105e-05 -3.763064e+00 2.567476e-03 -8.451828e-05 9.999966e-01 1.643723e+02
9.999949e-01 -1.630601e-03 2.735441e-03 3.513506e-01 1.631893e-03 9.999986e-01 -4.701924e-04 -3.790640e+00 -2.734672e-03 4.746492e-04 9.999960e-01 1.657350e+02
9.999953e-01 -1.507718e-03 -2.678790e-03 3.453101e-01 1.507934e-03 9.999989e-01 7.862243e-05 -3.817463e+00 2.678667e-03 -8.266632e-05 9.999963e-01 1.670240e+02
9.999952e-01 -1.426240e-03 2.741866e-03 3.401731e-01 1.427497e-03 9.999989e-01 -4.567446e-04 -3.843267e+00 -2.741213e-03 4.606516e-04 9.999960e-01 1.682288e+02
9.999954e-01 -1.213599e-03 -2.778171e-03 3.399325e-01 1.213897e-03 9.999993e-01 1.054428e-04 -3.867740e+00 2.778040e-03 -1.088196e-04 9.999960e-01 1.693117e+02
9.999948e-01 -1.713794e-03 2.729623e-03 3.369461e-01 1.715178e-03 9.999984e-01 -5.048725e-04 -3.893666e+00 -2.728755e-03 5.095467e-04 9.999960e-01 1.705125e+02
9.999957e-01 -1.319463e-03 -2.630634e-03 3.312757e-01 1.319802e-03 9.999991e-01 1.273044e-04 -3.919776e+00 2.630462e-03 -1.307807e-04 9.999964e-01 1.717476e+02
9.999956e-01 -1.397584e-03 2.598092e-03 3.285854e-01 1.398872e-03 9.999989e-01 -4.942447e-04 -3.944657e+00 -2.597400e-03 4.978719e-04 9.999964e-01 1.728661e+02
9.999953e-01 -1.413002e-03 -2.717181e-03 3.249695e-01 1.413283e-03 9.999990e-01 1.016247e-04 -3.970105e+00 2.717033e-03 -1.054694e-04 9.999962e-01 1.740209e+02
9.999943e-01 -1.940783e-03 2.766062e-03 3.159392e-01 1.942295e-03 9.999980e-01 -5.443119e-04 -3.997960e+00 -2.765002e-03 5.496763e-04 9.999959e-01 1.753917e+02
9.999959e-01 -1.068619e-03 -2.657195e-03 3.093150e-01 1.069085e-03 9.999994e-01 1.740514e-04 -4.023991e+00 2.657006e-03 -1.768966e-04 9.999964e-01 1.766228e+02
9.999949e-01 -1.882068e-03 2.594628e-03 3.043104e-01 1.883563e-03 9.999981e-01 -5.736746e-04 -4.050068e+00 -2.593545e-03 5.785537e-04 9.999964e-01 1.778381e+02
9.999963e-01 -6.328275e-04 -2.638206e-03 3.022850e-01 6.335030e-04 9.999998e-01 2.552190e-04 -4.073670e+00 2.638043e-03 -2.568945e-04 9.999964e-01 1.788655e+02
9.999964e-01 -1.394633e-03 2.278225e-03 3.091202e-01 1.395963e-03 9.999989e-01 -5.824222e-04 -4.095571e+00 -2.277412e-03 5.855953e-04 9.999971e-01 1.797088e+02
9.999956e-01 -8.816346e-04 -2.839347e-03 3.104430e-01 8.823823e-04 9.999996e-01 2.620974e-04 -4.118705e+00 2.839113e-03 -2.646069e-04 9.999958e-01 1.806745e+02
9.999967e-01 -1.216802e-03 2.278047e-03 3.141788e-01 1.218097e-03 9.999991e-01 -5.674648e-04 -4.141074e+00 -2.277356e-03 5.702325e-04 9.999971e-01 1.815703e+02
9.999960e-01 -8.011903e-04 -2.698351e-03 3.179998e-01 8.019298e-04 9.999996e-01 2.729602e-04 -4.162894e+00 2.698130e-03 -2.751283e-04 9.999962e-01 1.824207e+02
9.999965e-01 -1.163591e-03 2.361614e-03 3.229383e-01 1.164959e-03 9.999992e-01 -5.782498e-04 -4.184395e+00 -2.360941e-03 5.809937e-04 9.999969e-01 1.832410e+02
9.999962e-01 -9.080673e-04 -2.613528e-03 3.265933e-01 9.087488e-04 9.999996e-01 2.595689e-04 -4.206319e+00 2.613289e-03 -2.619483e-04 9.999965e-01 1.840962e+02
9.999961e-01 -1.357125e-03 2.424778e-03 3.290308e-01 1.358606e-03 9.999989e-01 -6.095631e-04 -4.229283e+00 -2.423950e-03 6.128497e-04 9.999968e-01 1.850347e+02
9.999960e-01 -6.606833e-04 -2.736836e-03 3.326543e-01 6.615369e-04 9.999997e-01 3.110397e-04 -4.250824e+00 2.736627e-03 -3.128544e-04 9.999961e-01 1.858681e+02
9.999966e-01 -1.029287e-03 2.384526e-03 3.436685e-01 1.030710e-03 9.999993e-01 -5.959056e-04 -4.270912e+00 -2.383913e-03 5.983559e-04 9.999969e-01 1.865644e+02
9.999959e-01 -8.813064e-04 -2.719761e-03 3.541847e-01 8.821102e-04 9.999996e-01 2.943705e-04 -4.292163e+00 2.719498e-03 -2.967739e-04 9.999962e-01 1.873549e+02
9.999962e-01 -1.203376e-03 2.471096e-03 3.592749e-01 1.204929e-03 9.999991e-01 -6.270127e-04 -4.314101e+00 -2.470341e-03 6.299823e-04 9.999967e-01 1.882102e+02
9.999958e-01 -9.935243e-04 -2.706347e-03 3.617740e-01 9.943487e-04 9.999995e-01 3.033196e-04 -4.336635e+00 2.706042e-03 -3.060149e-04 9.999962e-01 1.891208e+02
9.999967e-01 -1.187088e-03 2.293424e-03 3.639063e-01 1.188497e-03 9.999991e-01 -6.134468e-04 -4.359350e+00 -2.292696e-03 6.161649e-04 9.999971e-01 1.900470e+02
9.999961e-01 -1.007672e-03 -2.595512e-03 3.678656e-01 1.008480e-03 9.999994e-01 3.102584e-04 -4.382021e+00 2.595196e-03 -3.128803e-04 9.999965e-01 1.909709e+02
9.999964e-01 -1.228288e-03 2.380329e-03 3.726885e-01 1.229748e-03 9.999991e-01 -6.122220e-04 -4.404837e+00 -2.379577e-03 6.151414e-04 9.999969e-01 1.919098e+02
9.999960e-01 -1.105128e-03 -2.616371e-03 3.769543e-01 1.105927e-03 9.999993e-01 3.039705e-04 -4.428278e+00 2.616031e-03 -3.068685e-04 9.999964e-01 1.928959e+02
9.999968e-01 -1.180201e-03 2.222499e-03 3.804098e-01 1.181532e-03 9.999991e-01 -5.974759e-04 -4.451465e+00 -2.221795e-03 6.000943e-04 9.999973e-01 1.938703e+02
9.999950e-01 -7.863777e-04 -3.054703e-03 3.878430e-01 7.873230e-04 9.999996e-01 3.082984e-04 -4.473449e+00 3.054457e-03 -3.107076e-04 9.999952e-01 1.947295e+02
9.999957e-01 -1.351350e-03 2.593773e-03 3.936901e-01 1.352908e-03 9.999989e-01 -5.991576e-04 -4.496014e+00 -2.592963e-03 6.026584e-04 9.999964e-01 1.956436e+02
9.999943e-01 -7.351136e-04 -3.290984e-03 3.999022e-01 7.361434e-04 9.999997e-01 3.117310e-04 -4.518464e+00 3.290751e-03 -3.141577e-04 9.999944e-01 1.965464e+02
9.999950e-01 -1.405517e-03 2.834622e-03 4.035053e-01 1.407275e-03 9.999988e-01 -6.183805e-04 -4.540980e+00 -2.833753e-03 6.223607e-04 9.999957e-01 1.974546e+02
9.999945e-01 -6.963294e-04 -3.237284e-03 4.087219e-01 6.973895e-04 9.999997e-01 3.263719e-04 -4.563241e+00 3.237054e-03 -3.286336e-04 9.999946e-01 1.983423e+02
9.999957e-01 -1.423147e-03 2.582594e-03 4.144384e-01 1.424760e-03 9.999988e-01 -6.229687e-04 -4.585879e+00 -2.581707e-03 6.266398e-04 9.999964e-01 1.992591e+02
9.999914e-01 -6.310626e-04 -4.090523e-03 4.183237e-01 6.323277e-04 9.999998e-01 3.080248e-04 -4.608647e+00 4.090325e-03 -3.106146e-04 9.999915e-01 2.001891e+02
9.999935e-01 -1.702005e-03 3.177321e-03 4.210705e-01 1.704042e-03 9.999983e-01 -6.384977e-04 -4.632542e+00 -3.176232e-03 6.439020e-04 9.999946e-01 2.012123e+02
9.999931e-01 -9.569077e-04 -3.594304e-03 4.211794e-01 9.580237e-04 9.999995e-01 3.087851e-04 -4.657707e+00 3.594004e-03 -3.122323e-04 9.999934e-01 2.023510e+02
9.999930e-01 -2.015001e-03 3.148848e-03 4.163085e-01 2.017100e-03 9.999977e-01 -6.636265e-04 -4.684407e+00 -3.147507e-03 6.699675e-04 9.999947e-01 2.036241e+02
9.999919e-01 -8.895294e-04 -3.920045e-03 4.098691e-01 8.908145e-04 9.999995e-01 3.261013e-04 -4.710865e+00 3.919750e-03 -3.295967e-04 9.999922e-01 2.048859e+02
9.999919e-01 -2.247502e-03 3.336574e-03 4.015834e-01 2.249886e-03 9.999972e-01 -7.107258e-04 -4.738578e+00 -3.334971e-03 7.182210e-04 9.999941e-01 2.062414e+02
9.999937e-01 -1.333987e-03 -3.296975e-03 3.866472e-01 1.334947e-03 9.999991e-01 2.891373e-04 -4.767765e+00 3.296583e-03 -2.935428e-04 9.999944e-01 2.077332e+02
9.999915e-01 -2.269112e-03 3.455206e-03 3.703532e-01 2.271662e-03 9.999972e-01 -7.341240e-04 -4.796675e+00 -3.453534e-03 7.419607e-04 9.999937e-01 2.092121e+02
9.999935e-01 -1.176836e-03 -3.414415e-03 3.577740e-01 1.177823e-03 9.999993e-01 2.869156e-04 -4.824856e+00 3.414072e-03 -2.909414e-04 9.999940e-01 2.106155e+02
9.999914e-01 -2.438393e-03 3.366861e-03 3.439030e-01 2.441000e-03 9.999967e-01 -7.703901e-04 -4.853967e+00 -3.364975e-03 7.785958e-04 9.999939e-01 2.120933e+02
9.999937e-01 -1.401526e-03 -3.270347e-03 3.253406e-01 1.402498e-03 9.999990e-01 2.948108e-04 -4.883986e+00 3.269927e-03 -2.994018e-04 9.999945e-01 2.136614e+02
9.999922e-01 -2.193884e-03 3.286095e-03 3.068328e-01 2.196443e-03 9.999973e-01 -7.753662e-04 -4.912842e+00 -3.284388e-03 7.825716e-04 9.999942e-01 2.151270e+02
9.999945e-01 -1.201247e-03 -3.080682e-03 2.952554e-01 1.202342e-03 9.999992e-01 3.539034e-04 -4.940613e+00 3.080251e-03 -3.576118e-04 9.999951e-01 2.165067e+02
9.999936e-01 -1.839197e-03 3.056814e-03 2.901086e-01 1.841509e-03 9.999980e-01 -7.539833e-04 -4.966902e+00 -3.055425e-03 7.596014e-04 9.999949e-01 2.177490e+02
9.999943e-01 -1.440085e-03 -3.051041e-03 2.798096e-01 1.441044e-03 9.999989e-01 3.122874e-04 -4.994178e+00 3.050585e-03 -3.166886e-04 9.999952e-01 2.190753e+02
9.999934e-01 -1.979543e-03 3.062123e-03 2.664573e-01 1.981972e-03 9.999977e-01 -7.902879e-04 -5.022026e+00 -3.060555e-03 7.963453e-04 9.999949e-01 2.204514e+02
9.999937e-01 -1.174089e-03 -3.359179e-03 2.592196e-01 1.175390e-03 9.999992e-01 3.854875e-04 -5.048907e+00 3.358720e-03 -3.894398e-04 9.999942e-01 2.217542e+02
9.999935e-01 -2.282839e-03 2.776010e-03 2.492304e-01 2.285148e-03 9.999970e-01 -8.289024e-04 -5.078030e+00 -2.774113e-03 8.352341e-04 9.999957e-01 2.232236e+02
9.999947e-01 -1.365459e-03 -2.950263e-03 2.256899e-01 1.366367e-03 9.999990e-01 3.058874e-04 -5.106936e+00 2.949839e-03 -3.099234e-04 9.999955e-01 2.246955e+02
9.999950e-01 -2.464466e-03 1.999108e-03 1.880874e-01 2.466176e-03 9.999966e-01 -8.532639e-04 -5.138061e+00 -1.997002e-03 8.581831e-04 9.999975e-01 2.263521e+02
9.999963e-01 -1.050441e-03 -2.491242e-03 1.509327e-01 1.051507e-03 9.999994e-01 4.268026e-04 -5.167576e+00 2.490789e-03 -4.294272e-04 9.999967e-01 2.278817e+02
9.999952e-01 -1.922652e-03 2.439382e-03 1.388008e-01 1.924832e-03 9.999977e-01 -8.915707e-04 -5.193343e+00 -2.437666e-03 8.962551e-04 9.999965e-01 2.290719e+02
9.999965e-01 -7.951194e-04 -2.514811e-03 1.276893e-01 7.961757e-04 9.999996e-01 4.191271e-04 -5.217561e+00 2.514473e-03 -4.211346e-04 9.999967e-01 2.301361e+02
9.999955e-01 -1.814483e-03 2.370452e-03 1.193070e-01 1.816677e-03 9.999979e-01 -9.238912e-04 -5.241477e+00 -2.368774e-03 9.281867e-04 9.999967e-01 2.311600e+02
9.999965e-01 -1.067882e-03 -2.417941e-03 1.060943e-01 1.068923e-03 9.999993e-01 4.295180e-04 -5.266583e+00 2.417477e-03 -4.321079e-04 9.999969e-01 2.322938e+02
9.999964e-01 -1.495485e-03 2.244987e-03 9.866821e-02 1.497469e-03 9.999985e-01 -8.823140e-04 -5.290377e+00 -2.243668e-03 8.856658e-04 9.999970e-01 2.333140e+02
9.999961e-01 -1.102190e-03 -2.556195e-03 9.069609e-02 1.103250e-03 9.999993e-01 4.135911e-04 -5.314465e+00 2.555733e-03 -4.164165e-04 9.999965e-01 2.343536e+02
9.999955e-01 -1.650951e-03 2.521057e-03 8.289284e-02 1.653204e-03 9.999982e-01 -8.920956e-04 -5.339221e+00 -2.519583e-03 8.962525e-04 9.999963e-01 2.354554e+02
9.999961e-01 -1.272930e-03 -2.476624e-03 7.505355e-02 1.274126e-03 9.999991e-01 4.813168e-04 -5.364725e+00 2.476005e-03 -4.844774e-04 9.999967e-01 2.366322e+02
9.999950e-01 -1.968607e-03 2.489971e-03 6.667263e-02 1.970943e-03 9.999976e-01 -9.359375e-04 -5.392004e+00 -2.488126e-03 9.408334e-04 9.999964e-01 2.379497e+02
9.999970e-01 -8.817850e-04 -2.304291e-03 6.304760e-02 8.831253e-04 9.999994e-01 5.807368e-04 -5.416902e+00 2.303774e-03 -5.827770e-04 9.999971e-01 2.390949e+02
9.999961e-01 -1.811466e-03 2.124496e-03 6.673315e-02 1.813530e-03 9.999979e-01 -9.700070e-04 -5.441783e+00 -2.122739e-03 9.738490e-04 9.999972e-01 2.401962e+02
9.999965e-01 -1.747568e-03 -1.984727e-03 5.637212e-02 1.748616e-03 9.999983e-01 5.266338e-04 -5.470443e+00 1.983799e-03 -5.301095e-04 9.999978e-01 2.416420e+02
9.999961e-01 -1.717191e-03 2.182681e-03 4.339193e-02 1.719306e-03 9.999981e-01 -9.676242e-04 -5.498502e+00 -2.181019e-03 9.713661e-04 9.999970e-01 2.430479e+02
9.999968e-01 -1.411217e-03 -2.075878e-03 3.525145e-02 1.412379e-03 9.999988e-01 5.582492e-04 -5.525083e+00 2.075084e-03 -5.611865e-04 9.999976e-01 2.443185e+02
9.999965e-01 -1.603865e-03 2.118564e-03 2.986404e-02 1.605899e-03 9.999983e-01 -9.587721e-04 -5.551277e+00 -2.117026e-03 9.621637e-04 9.999972e-01 2.455514e+02
9.999968e-01 -1.478166e-03 -2.067682e-03 2.710553e-02 1.479385e-03 9.999987e-01 5.884542e-04 -5.577976e+00 2.066806e-03 -5.915184e-04 9.999976e-01 2.468302e+02
9.999969e-01 -1.449346e-03 2.014478e-03 2.591158e-02 1.451255e-03 9.999985e-01 -9.464985e-04 -5.603987e+00 -2.013107e-03 9.494119e-04 9.999974e-01 2.480502e+02
9.999969e-01 -1.388386e-03 -2.088262e-03 2.223264e-02 1.389548e-03 9.999989e-01 5.552372e-04 -5.629344e+00 2.087485e-03 -5.581444e-04 9.999976e-01 2.492078e+02
9.999963e-01 -1.740483e-03 2.076209e-03 1.508485e-02 1.742550e-03 9.999980e-01 -9.942179e-04 -5.656007e+00 -2.074478e-03 9.978248e-04 9.999973e-01 2.504760e+02
9.999964e-01 -1.753907e-03 -2.049442e-03 1.444474e-03 1.754947e-03 9.999983e-01 5.056059e-04 -5.684188e+00 2.048548e-03 -5.092080e-04 9.999977e-01 2.518771e+02
9.999956e-01 -1.987272e-03 2.209394e-03 -1.586073e-02 1.989535e-03 9.999975e-01 -1.022536e-03 -5.713332e+00 -2.207360e-03 1.026919e-03 9.999969e-01 2.533697e+02
9.999970e-01 -1.411233e-03 -2.004974e-03 -2.746960e-02 1.412458e-03 9.999988e-01 6.097255e-04 -5.741112e+00 2.004107e-03 -6.125631e-04 9.999977e-01 2.547559e+02
9.999968e-01 -1.577197e-03 1.955018e-03 -3.278676e-02 1.579155e-03 9.999983e-01 -1.000629e-03 -5.767309e+00 -1.953440e-03 1.003705e-03 9.999975e-01 2.559896e+02
9.999972e-01 -1.221422e-03 -2.003939e-03 -3.484708e-02 1.222699e-03 9.999990e-01 6.364983e-04 -5.792530e+00 2.003155e-03 -6.389543e-04 9.999977e-01 2.571415e+02
9.999975e-01 -1.327198e-03 1.820391e-03 -3.247768e-02 1.329000e-03 9.999986e-01 -9.894624e-04 -5.816770e+00 -1.819080e-03 9.918717e-04 9.999978e-01 2.581992e+02
9.999974e-01 -1.151955e-03 -1.967007e-03 -3.042509e-02 1.153214e-03 9.999991e-01 6.393674e-04 -5.840471e+00 1.966264e-03 -6.416417e-04 9.999978e-01 2.592157e+02
9.999977e-01 -1.451954e-03 1.606915e-03 -2.896080e-02 1.453597e-03 9.999984e-01 -1.021820e-03 -5.865118e+00 -1.605432e-03 1.024145e-03 9.999981e-01 2.603037e+02
9.999974e-01 -1.414749e-03 -1.783404e-03 -3.255188e-02 1.415884e-03 9.999988e-01 6.355614e-04 -5.890893e+00 1.782498e-03 -6.380924e-04 9.999981e-01 2.614986e+02
9.999977e-01 -1.277500e-03 1.733780e-03 -3.668193e-02 1.279274e-03 9.999987e-01 -1.022710e-03 -5.915502e+00 -1.732475e-03 1.024918e-03 9.999979e-01 2.625962e+02
9.999976e-01 -1.073219e-03 -1.922128e-03 -3.523754e-02 1.074484e-03 9.999992e-01 6.574800e-04 -5.938507e+00 1.921417e-03 -6.595514e-04 9.999978e-01 2.635516e+02
9.999983e-01 -1.173973e-03 1.445765e-03 -2.878433e-02 1.175451e-03 9.999988e-01 -1.021453e-03 -5.961211e+00 -1.444568e-03 1.023143e-03 9.999983e-01 2.644774e+02
9.999973e-01 -9.317085e-04 -2.111008e-03 -1.919417e-02 9.331927e-04 9.999993e-01 7.022738e-04 -5.983482e+00 2.110348e-03 -7.042497e-04 9.999974e-01 2.653659e+02
9.999990e-01 -1.085937e-03 9.470330e-04 -6.452721e-03 1.086909e-03 9.999989e-01 -1.027174e-03 -6.005421e+00 -9.459209e-04 1.028194e-03 9.999989e-01 2.662285e+02
9.999964e-01 -6.544079e-04 -2.616869e-03 8.959724e-03 6.563158e-04 9.999995e-01 7.283546e-04 -6.026425e+00 2.616387e-03 -7.300773e-04 9.999962e-01 2.670088e+02
9.999988e-01 -1.100935e-03 1.105743e-03 2.161735e-02 1.102140e-03 9.999988e-01 -1.090012e-03 -6.047591e+00 -1.104546e-03 1.091221e-03 9.999987e-01 2.677857e+02
9.999974e-01 -1.207632e-03 -1.934248e-03 2.684663e-02 1.208997e-03 9.999990e-01 7.049806e-04 -6.070997e+00 1.933390e-03 -7.073251e-04 9.999978e-01 2.687634e+02
9.999991e-01 -1.042938e-03 8.877758e-04 3.033185e-02 1.043906e-03 9.999989e-01 -1.091531e-03 -6.094134e+00 -8.866413e-04 1.092449e-03 9.999989e-01 2.697273e+02
