0.9994731494849565 0.015300907970000511 -0.028623516099807983 -0.00012621283531188965 -0.01500192678410202 0.9998309470964658 0.010631059258102179 -0.015529749915003777 0.028781342070633785 -0.010196050386223702 0.9995337287481275 0.839221715927124
0.9988727432635021 0.03013437495397857 -0.03667645309157933 0.0010946737602353096 -0.029135243949525286 0.9991977250138644 0.02747806192436527 -0.016657091677188873 0.03747506271172125 -0.02637850968592864 0.9989493450127999 0.8732502460479736
0.9993824253966155 0.029432239399266747 -0.01919664273571332 0.0022291934583336115 -0.028847832134927903 0.9991322968716768 0.030040904264729405 -0.015582965686917305 0.020064156834848208 -0.02946857023799876 0.9993643144412526 0.8610266447067261
0.9990415870487976 0.01390896626793446 -0.04150238552634095 0.0001969556324183941 -0.012808633585936905 0.9995624514771191 0.026661667290568028 -0.0168719831854105 0.041855062449849274 -0.026104525554186908 0.998782612730573 0.8589341640472412
0.9992317091459595 0.03913701536628207 0.0020701365809254802 1.5116296708583832e-05 -0.03918176918298044 0.9987738791857738 0.03025768034553645 -0.015407372266054153 -0.0008834030427440051 -0.030315545260153565 0.9995399878517334 0.8708957433700562
0.9992077659927939 0.03776099976050881 -0.012567707697777182 0.000832816120237112 -0.037178724257973694 0.9983516962595562 0.043722225906468924 -0.01437689270824194 0.014197987260153219 -0.04322033633318461 0.9989646738924289 0.8696990013122559
0.9996259192050403 0.02725136351375013 -0.002320525828207234 0.0007882644422352314 -0.02716915649784878 0.9991765156411968 0.030135154327000816 -0.015140959993004799 0.003139838956591567 -0.030060834615130084 0.9995431394560057 0.854895293712616
0.9998194008075092 0.017923423894657443 0.006317962076972828 0.0008169438224285841 -0.018074057953244706 0.999532714571267 0.024651185182402474 -0.014857793226838112 -0.0058731761438250716 -0.024760924410990197 0.9996761487723398 0.8341382741928101
0.9999990676853732 0.0006354321779987115 -0.0012086580705493923 0.0012450877111405134 -0.0006168463886695428 0.9998825141483916 0.01531591984910449 -0.015486074611544609 0.0012182482986344409 -0.015315160013482437 0.9998819739073428 0.8252701759338379
0.9998671572705576 -4.890008323335461e-05 -0.016299246009427674 0.00012127822265028954 0.00044644769615358887 0.9997024735329483 0.024387806308881196 -0.015796687453985214 0.0162932039865885 -0.024391843326955966 0.9995696921590633 0.8345847129821777
0.9999123095403525 0.013242710580080698 6.20174985450675e-05 0.0002583521418273449 -0.013239929722526434 0.9995819706879229 0.02570190920127913 -0.014851424843072891 0.0002783713714952386 -0.02570047649636976 0.9996696494428741 0.8347476720809937
0.999375032948472 0.03513008188362053 -0.003926941060263718 0.00041384994983673096 -0.034964567592736945 0.9987278938623569 0.0363328093369297 -0.013027166947722435 0.005198320141507107 -0.03617279873207038 0.9993320299578092 0.8387073278427124
0.999989296920364 0.0013956670638973674 0.004411140233944304 0.0010391892865300179 -0.0015057708854871157 0.9996849040710521 0.025056440818526843 -0.015314753167331219 -0.004374779852425657 -0.025062814803981433 0.9996763059187433 0.8322008848190308
0.9998375636999072 0.009057521457482577 0.015582282235963798 0.0008956114761531353 -0.009495960621264314 0.9995544533093551 0.028297024601810123 -0.013533915393054485 -0.015319038694167062 -0.02844039687633231 0.9994780992493048 0.8216420412063599
0.9998068038332262 0.01889589521462703 0.005412961557853956 0.00014733243733644485 -0.018992644583672908 0.999649973206772 0.01841766867490697 -0.015390084125101566 -0.005063048538899232 -0.01851691690693147 0.9998157276857345 0.8545306921005249
0.9997115678856955 0.02040359518209776 -0.012667846666638028 -0.0004460723139345646 -0.02000426290552663 0.9993226572261863 0.03088780050441718 -0.014711969532072544 0.013289488369796125 -0.03062548053564515 0.9994425793615308 0.856073260307312
0.9996610464840708 0.02295921863759526 0.012274625123568032 0.0012427896726876497 -0.023242280156929484 0.9994550763292258 0.0234381486651295 -0.013161071576178074 -0.011729814810125146 -0.02371549449817583 0.9996499321088497 0.8136438131332397
0.9999799757966807 -0.0029643477303478577 -0.0055911222668700135 0.0009512018878012896 0.0030528434200126223 0.9998691436313614 0.015886338814858313 -0.014789508655667305 0.005543298000504195 -0.015903089524402787 0.9998581717378 0.8183406591415405
0.9999772156983678 0.002589406142762144 0.006234024379794629 0.0006940285675227642 -0.0027186425570378397 0.9997797025546004 0.020812384353599993 -0.014728331007063389 -0.006178759324258463 -0.02082885824193772 0.9997639629420287 0.8189916014671326
0.9999443089218008 0.010538962757249649 -0.0005561644576133455 0.0007569720037281513 -0.010530568458849568 0.9998548109343913 0.013396424123121023 -0.014879528433084488 0.0006972681235293129 -0.013389821333922315 0.999910109210728 0.82564377784729
0.9999401332541138 0.005580927507172345 0.009411862509860033 0.0017653151880949736 -0.005908798547956473 0.9993636766985455 0.03517567050227017 -0.015326184220612049 -0.009209560655345575 -0.03522917744887467 0.9993368246236155 0.836528480052948
0.9996383536587452 0.025985499859569775 0.006922116112980813 -0.0002954336814582348 -0.026137013191177633 0.9993987902293986 0.022779697747308536 -0.01395285502076149 -0.006326012636526724 -0.022952382993119178 0.9997165446660666 0.82361900806427
0.9998908759863314 0.013535503914377545 0.005918298156613601 0.002041187370195985 -0.013637638405587823 0.9997525929495253 0.017571787314302804 -0.014249236322939396 -0.005678990931947488 -0.01765058142058009 0.9998280882419288 0.8212062120437622
0.99938642913932 0.03434758494795119 -0.00685628619609307 0.0030016875825822353 -0.034388697387078324 0.9993906951295964 -0.005971262881702969 -0.015907976776361465 0.006647010168445069 0.006203377839993942 0.9999586668253819 0.8552461862564087
0.999744416246449 0.018683606599807258 -0.012728905234570452 0.0019022696651518345 -0.018582235505312412 0.9997950396429764 0.008036120265682014 -0.017260370776057243 0.012876440023241797 -0.007797534849106931 0.9998866914518889 0.8637144565582275
0.9999633304609508 0.0084663287623723 0.0012880259045022066 0.0026208737399429083 -0.008493238301541792 0.9997094045225245 0.02256039477430754 -0.014766116626560688 -0.0010966478908312934 -0.022570507005975897 0.9997446521871955 0.8296799659729004
0.9999431056895628 -0.010666823330630683 -6.52988911398183e-05 0.002136843279004097 0.0106664218757634 0.9998030034245624 0.01673863159260193 -0.015358911827206612 -0.00011326199851291418 -0.01673837576522072 0.9998598971598281 0.8128571510314941
0.9980032454304064 0.05916837174866103 -0.022104883962331068 -0.0013958713971078396 -0.05970973931776191 0.997910379075499 -0.024690531869501223 -0.018548807129263878 0.020597794565942906 0.025961107796205266 0.9994507250190041 0.8835597038269043
0.9915490520575647 0.12253922381441265 -0.04259830971653559 -0.002352403476834297 -0.1244543219271575 0.9911744331204263 -0.0456548451103821 -0.019633175805211067 0.036627846201982055 0.050570562142048796 0.9980486055935558 0.995465874671936
0.9753885603026783 0.1747303574856196 -0.13448590485108794 -0.01533711887896061 -0.1750821817898326 0.9845099057934874 0.009299194277481276 -0.024161648005247116 0.13402755705592903 0.014475757923020941 0.9908718718291349 1.1404361724853516
0.9805705585443296 0.19224150172740945 0.039045931025548535 0.005177835933864117 -0.1928022795373287 0.9811747489162534 0.011108244430901661 -0.01485444325953722 -0.036175415979242266 -0.018420561954439245 0.9991756713291269 0.9883999824523926
0.9991690896759677 0.04022812132433244 -0.006544348005126296 0.002658000448718667 -0.0401804326872222 0.9991660485590215 0.007262247311822213 -0.016366807743906975 0.00683103690262445 -0.006993258301053412 0.9999522144948573 0.8713434934616089
0.9997926524093079 0.020160245577088093 0.002866476344337523 0.0007010903209447861 -0.02016199528087627 0.99979655643994 0.0005828182668694229 -0.016714375466108322 -0.002854143418798302 -0.0006404913034332526 0.9999957218089663 0.8475217819213867
0.9998485594552429 0.017328045220272207 0.001611522298804669 0.001362130045890808 -0.0173124617046445 0.9998075465231427 -0.009227599097196748 -0.016802901402115822 -0.0017711084101659994 0.009198302246478435 0.9999561262429375 0.8345445394515991
0.999862050056684 0.01573955084774761 0.0053054119119792685 -0.0005647181533277035 -0.015810714760183652 0.999781831178698 0.013649591339713767 -0.016492128372192383 -0.0050894159995735115 -0.013731590733787755 0.9998927648806659 0.8418281078338623
0.9995683320443857 0.02936983056085597 0.0007500845494489389 0.00019937194883823395 -0.029378532272642335 0.9990156954189596 0.03323465282017921 -0.015049499459564686 0.00022674988428678875 -0.03324234286868397 0.9994472948710657 0.8501303195953369
0.99864987866723 0.051822970967359105 -0.003577641407850088 0.0014775183517485857 -0.05177297883497092 0.998575798022288 0.012881547527537694 -0.015122984535992146 0.004240106187415726 -0.012678930722533937 0.9999106291140487 0.8525437712669373
0.9991945251583256 0.040054570976235805 -0.0024356185123275953 0.0011509531177580357 -0.040037788692115474 0.9991764506076976 0.006587566139967169 -0.016259046271443367 0.002697474795695851 -0.006484743241842384 0.9999753355632396 0.8597537279129028
0.9999725774696282 0.005573993298373661 -0.004875951954030382 0.0024752458557486534 -0.00546400333272119 0.9997366747629722 0.02228734621831158 -0.015906644985079765 0.004998897511285754 -0.02226009282515599 0.9997397157716037 0.8511887788772583
0.9988478398570816 0.04072660750929569 0.025383779340871195 -0.00012109894305467606 -0.04107559797113923 0.9990664226169436 0.013382019679276456 -0.018619004637002945 -0.024815077355422495 -0.014409255364763975 0.9995882078614562 0.8396670818328857
0.999658729888784 0.02453659472216038 -0.008965449045283364 0.0011749670375138521 -0.024509848056789334 0.9996948404819139 0.0030811137716425115 -0.015713796019554138 0.00903831319308094 -0.002860320485742212 0.9999550627209918 0.8428850173950195
0.9993390202890314 0.004155605138519602 -0.03611444965234251 -0.0010288809426128864 -0.0039013272998222773 0.9999671238269875 0.007108509723010483 -0.014115683734416962 0.03614280250697965 -0.0069629168539616084 0.9993223782222764 0.8183689713478088
0.999757865979726 0.0027255563464446972 -0.02183530980467001 8.125649765133858e-05 -0.0017697763377225425 0.9990443311958661 0.0436725565672366 -0.020656507462263107 0.021933474493978387 -0.0436233383409202 0.9988072522006511 0.8573503494262695
0.998095055388171 0.057661474673689386 0.0219411656057642 0.0024017044343054295 -0.05840797312418661 0.9976770822398123 0.03505635818192342 -0.02017550729215145 -0.01986879677304059 -0.03627111677230921 0.9991444525206961 0.8981711864471436
0.9992644379653614 0.03510961900794474 -0.01542393175839876 0.003376483917236328 -0.03458681748739556 0.998858489226369 0.03294648018392091 -0.01693723164498806 0.01656306354103506 -0.032388781291256864 0.9993380968283972 0.8569883108139038
0.9998480207651049 0.01334323915824438 0.011220220179128411 0.0012558652088046074 -0.013525208659824192 0.99977563793158 0.016301611245838343 -0.01593160815536976 -0.011000186489802949 -0.016450889558565523 0.9998041628888736 0.8280152082443237
0.997991885203527 0.04267249827750421 -0.04681084231955667 -0.003666042350232601 -0.04365902105614946 0.9988410755127454 -0.02025822669832246 -0.01891269162297249 0.045892122944234066 0.022261261404024874 0.9986983274704994 0.8970139026641846
0.9940905889201505 0.10122704625704451 0.03920441462976203 0.0038079300429672003 -0.10307835176692604 0.9934904888631855 0.048492287380597014 -0.017418526113033295 -0.03404048203833171 -0.05224685296228591 0.9980538622429829 0.9362374544143677
0.9999551026373354 -0.009066206478908581 -0.0027561947749308023 0.0025744878221303225 0.009103055816421826 0.9998651949477974 0.013664783452582959 -0.017139829695224762 0.002631935477679597 -0.013689259734721683 0.9999028338211451 0.8351138234138489
0.9999446603249477 -0.007796677730274731 0.007063151137734488 0.0027043053414672613 0.007499444769828259 0.9991238534384008 0.04117382443427501 -0.013081829063594341 -0.007377981822188064 -0.04111857617635178 0.9991270330030413 0.807715892791748
0.9998276029306468 0.0011247482287964766 0.018533735710277003 -0.0004533403553068638 -0.001376037317276541 0.9999072300962599 0.013551299661886063 -0.0184463057667017 -0.018516774537106626 -0.013574466569504312 0.9997363967157018 0.8142369985580444
0.9998727949322279 0.009352999586659642 0.012919572483139677 0.00020673079416155815 -0.00940371190766642 0.9999482950232218 0.003870075258909662 -0.014797176234424114 -0.012882707664647526 -0.003991074903325729 0.9999090494461702 0.8079712390899658
0.9996857470026601 0.01607104483835094 0.01923873066335061 0.000935068354010582 -0.01627012429307791 0.9998152322026251 0.010236430583865277 -0.015407469123601913 -0.01907066583056369 -0.010546230294006 0.9997625151661591 0.8114379644393921
0.9996080800190452 -0.026656378555928086 0.008551248032931499 -8.810451254248619e-05 0.026490868170512164 0.99947004552468 0.01891724087879006 -0.015804311260581017 -0.009050981394865584 -0.01868329684977139 0.9997844838537017 0.7968039512634277
0.9997579111146512 -0.01515131033481056 0.01595484123416326 -4.639243707060814e-05 0.01478833094204835 0.9996345773498093 0.02262779341023439 -0.012755445204675198 -0.016291851693946546 -0.022386370000651155 0.9996166395206595 0.7850643396377563
0.9997031747546435 -0.014776813179444086 0.019370291111556213 7.168389856815338e-05 0.014319455622362516 0.9996203135285179 0.0235410698955448 -0.013511783443391323 -0.019710798465963186 -0.02325671028773293 0.9995351969042544 0.7809669375419617
0.9995970749876617 -0.01919082623766137 0.020914106828340644 0.00019711581990122795 0.018647515643185945 0.9994913587720832 0.02587071510941013 -0.012838664464652538 -0.021399949449671423 -0.02547029501696072 0.9994464999364903 0.7760629653930664
0.9988169472469958 0.03468785420124645 -0.03408017991597666 -0.0025174710899591446 -0.034643927540421095 0.9993979530392131 0.001878761721232186 -0.015580815263092518 0.03412483225990015 -0.0006958677634320335 0.9994173360470038 0.8447059392929077
0.99920006771697 0.031552597165999986 -0.024569458408415176 0.0031394362449645996 -0.030733401292836967 0.998981562717839 0.03303476040170341 -0.010387266054749489 0.025586768443399816 -0.032253231805582434 0.9991521637462031 0.8292599320411682
0.9998467767420773 0.0026363315279899183 0.017305282273144287 -0.0009742816910147667 -0.0028613860509170805 0.99991149186987 0.01299310957540116 -0.014586949720978737 -0.01726949647054866 -0.013040635822125026 0.9997658257357113 0.7998719811439514
0.9999894418745404 -0.004240797357783624 -0.00176968280066236 0.00025385478511452675 0.004288654532029523 0.9995993590511488 0.027977291270545362 -0.0128122977912426 0.001650327770367866 -0.027984585440957426 0.9996069924705147 0.7978074550628662
0.9998081642725779 -0.0026292975243817633 0.01940931344551867 -3.473786637187004e-05 0.0018146122665151751 0.999121300329314 0.041872836189863295 -0.013533701188862324 -0.0195023546327187 -0.04182958310561071 0.9989344043234224 0.8057869672775269
0.9996862934972728 0.01138709826245311 0.02230803861493558 0.00031528202816843987 -0.012500815869606306 0.9986489384726202 0.05043835138168866 -0.012512635439634323 -0.021703552618832212 -0.050701397226010775 0.9984780038253479 0.8243767023086548
0.9995964981422042 0.013329356909074148 0.025083244332280395 -0.0011107251048088074 -0.014356123333421787 0.9990473798267535 0.04120964188311082 -0.01431732065975666 -0.024510051502963877 -0.04155311186528845 0.9988356202447092 0.8233460187911987
0.9997936369441605 0.014793040140347734 0.013922984212233149 -0.0005099698901176453 -0.01527957426954215 0.9992524190173583 0.03551250058921813 -0.013483657501637936 -0.013387237807314037 -0.035717909392400514 0.9992722415901116 0.8213250637054443
0.9995442938228468 0.005044773913695868 0.02976163541115515 -0.0008036377839744091 -0.006266873712604251 0.9991348240154381 0.041113619805488076 -0.01469169557094574 -0.02952847744224379 -0.04128139648557986 0.998711127065351 0.8102593421936035
0.9992188838064431 0.026512613783773883 0.02930364405595997 0.0004515610635280609 -0.02792802830527224 0.9984083816150809 0.04899723212320002 -0.013280161656439304 -0.02795795914557906 -0.04977735259239159 0.9983689536886184 0.8392091989517212
0.9995199070904055 0.01644396574479774 0.026259309217325437 -0.00021444028243422508 -0.017641052188976516 0.9987844716407012 0.04602578067856353 -0.014665835537016392 -0.025470543921420306 -0.046466925871950504 0.9985950511555511 0.8245830535888672
0.9995636134005558 -0.0004820645236710803 0.029535578196805634 -0.00035065552219748497 -0.0006942588866953213 0.9992072599983425 0.03980414012641736 -0.015153136104345322 -0.029531352326347113 -0.0398072754707006 0.9987708846624321 0.8198391795158386
0.9997315367887234 0.01797278657116169 0.014623039797699692 0.0004006274975836277 -0.01876683253767965 0.9982482286426438 0.05610953580566129 -0.01337179634720087 -0.013588978863782495 -0.056368900598570915 0.9983175279933476 0.8270951509475708
0.9998818182352939 0.0013459841026826195 0.01531462990993646 0.0007437313906848431 -0.0018072893812127182 0.9995438113543192 0.030148016325685947 -0.013981255702674389 -0.015267064798956953 -0.03017213134792761 0.9994281160855683 0.8052350282669067
0.999823335519258 -0.016527728264784887 0.00895164507509331 0.0015175314620137215 0.016349284977726773 0.9996731698360268 0.019653355711099545 -0.012899068184196949 -0.009273544730149802 -0.01950353066486584 0.9997667796340015 0.7842118740081787
0.9998534561677694 -0.016451777490197928 0.004733413860955165 0.0016658934764564037 0.016343096308549337 0.9996210818189165 0.022149401486906486 -0.012820916250348091 -0.005096017309188303 -0.02206879699013317 0.9997434664987777 0.7852146029472351
0.9998347857277933 -0.014159603924239773 -0.0113976692953874 -0.00308085884898901 0.014441647745072643 0.9995817294884201 0.02505603486880757 -0.01506539061665535 0.01103811845676614 -0.02521649637932114 0.9996210723325547 0.8654286861419678
0.999375707611283 0.033719078887116324 0.010546030317210233 -0.001047578640282154 -0.03429594613168485 0.9975855288064579 0.0603895752168532 -0.01995762251317501 -0.008484286380106591 -0.06071356055234964 0.9981191714668526 0.8677168488502502
0.9997287039306169 -0.015328426089321707 0.01753732849760091 0.0014284271746873856 0.01484692677551745 0.9995180034253479 0.0272640714848 -0.011615014635026455 -0.01794679086998526 -0.02699629941732872 0.9994744181394732 0.7877315282821655
0.9999536643751229 -0.007814326073743263 0.005621868975461322 -0.00012880750000476837 0.007748307113760471 0.9999018743302329 0.011670708965518138 -0.013920913450419903 -0.005712516051171081 -0.011626608228550267 0.9999160910503765 0.7877285480499268
0.9995605928898978 -0.02479079478446917 0.016249234922000717 0.0015810129698365927 0.02436776103713256 0.9993717749787298 0.02573456037900225 -0.012363256886601448 -0.016877006951270593 -0.02532729495658082 0.9995367400783971 0.7701259851455688
0.9997937691048825 -0.010812938473117673 0.017190102403105707 0.002109555061906576 0.010657528028172452 0.999901737334445 0.009106743209689962 -0.012498430907726288 -0.017286883911839274 -0.00892166111971797 0.9998107658989692 0.7783974409103394
0.9999800720480346 0.0005727931279968569 0.006287083174224243 0.0023208358325064182 -0.0006782792886970597 0.9998588256288219 0.016788947237969813 -0.013329200446605682 -0.006276579005606369 -0.0167928770669391 0.9998392890038882 0.8014843463897705
0.9998723999003628 -0.012690584515566029 0.009702215321357927 0.0015209373086690903 0.012429013423087849 0.9995699277319842 0.026560858404886017 -0.013042964041233063 -0.010035115486003082 -0.02643688027224426 0.9996001139549022 0.8010364770889282
0.9996034853972874 -0.0029139043055276133 0.02800680530323773 0.0013587514404207468 0.0018955772057321616 0.9993384860564578 0.036317999303985285 -0.010953379794955254 -0.02809410558555559 -0.036250509625181754 0.9989477572842649 0.7971241474151611
0.9998268201600341 -0.0031877910006079834 0.01833487598026125 0.0008713281713426113 0.002785071447373559 0.9997552251349396 0.021948421182842685 -0.011516133323311806 -0.018400355042991503 -0.02189355621919097 0.9995909659107415 0.7849897742271423
0.9991738490583733 -0.035976855309803796 0.018901990368524475 0.0004346715286374092 0.03550375911450737 0.9990619016109596 0.024795157556092195 -0.012355120852589607 -0.019776310237589433 -0.024103581300500627 0.9995138392848175 0.772179126739502
0.9997089997179562 -0.012134450727163166 0.020848764674986954 0.0010662989225238562 0.011500181212067041 0.9994753696201981 0.030277571809136858 -0.009635481983423233 -0.021205228482913237 -0.030028996455390713 0.9993240703880144 0.777143657207489
0.9991257185046962 -0.04048557925168621 -0.010426720248023784 0.0012599285691976547 0.040755065636880736 0.9988021438904735 0.027079549197282844 -0.01115627121180296 0.009317899302345832 -0.027480815716604087 0.9995789020983497 0.7701671123504639
0.9995718381562757 -0.029145036812945873 0.002589825101358402 0.0006642299704253674 0.02908306034311178 0.9993478895139214 0.021400264604664498 -0.010445368476212025 -0.003211847748962427 -0.021315781788214274 0.9997676337433585 0.770280122756958
0.9997159011089221 0.023562571585916608 0.003594758717153291 0.0009379200637340546 -0.023592924293963192 0.9996842366419737 0.008648753251987652 -0.012616449035704136 -0.00338983675644058 -0.008731107021048418 0.9999561374265132 0.8030915260314941
0.9999643923981145 0.008323442439066372 0.0013907702301820134 0.00234057754278183 -0.008327080688260503 0.999961868028434 0.0026310105085111755 -0.015481626614928246 -0.0013688181328469697 -0.0026424978804619886 0.9999955717611307 0.8268200159072876
0.9999894506332484 -0.004027129075517494 0.002209265403552132 0.0020452847238630056 0.0039996231268289995 0.9999161496349477 0.012316521995448648 -0.014650936238467693 -0.0022586803796786686 -0.012307555834939664 0.9999217081513495 0.8092048168182373
0.9991614754034358 -0.040249161921018926 0.007506732597102238 0.000834678765386343 0.04004930552865071 0.9988822874468706 0.025104361206365198 -0.014069559052586555 -0.008508771726964213 -0.024782671154709408 0.9996566510628213 0.781644880771637
0.9986898872667457 -0.020629866661371978 -0.04682859887578279 -0.00017644232138991356 0.028188724786231436 0.9855555188289056 0.16699016468287345 -0.0365249365568161 0.042707199229884585 -0.16809142722762846 0.9848458596280527 0.9444812536239624
0.9599963751889595 0.23465073323689337 0.15279395608284782 -0.0028535407036542892 -0.25093495162679974 0.9630721556310192 0.09758930832974456 -0.04316526651382446 -0.12425220189644368 -0.13202672623226927 0.9834278488451886 1.0988913774490356
0.999789524540305 -0.019904414654550572 -0.00497201133655773 -2.3727305233478546e-05 0.020075489599894702 0.9991089636729162 0.03712483570005877 -0.00955961924046278 0.004228632970082151 -0.03721683739507632 0.999298266623891 0.781341552734375
0.999878006642215 -0.015477541784807692 0.0021017929227319155 0.001398293999955058 0.015383505713680076 0.9991159520517088 0.03912367707366673 -0.010546143166720867 -0.002705473183693841 -0.039086571301495794 0.9992321653943819 0.7866768836975098
0.9997486334851566 -0.022026366802728094 0.0041843768990564535 0.00020945630967617035 0.021806585376015545 0.9986657250976324 0.04681070763680392 -0.007846655324101448 -0.005209863606681505 -0.04670769402027321 0.9988950138230284 0.788238525390625
0.9999042497859103 -0.006123977821285295 -0.01240919641716982 0.00018523307517170906 0.006589431602485893 0.9992627753625214 0.03782175519389493 -0.008859008550643921 0.01216842846187028 -0.037899903303770625 0.9992074492708373 0.8038495779037476
0.9999941905903483 -0.003408320382975213 -4.623549215742166e-05 0.0015909990761429071 0.003408063422598286 0.9994866561280017 0.03185607203929742 -0.011971017345786095 -6.236394220221035e-05 -0.0318560445478147 0.9994924654726048 0.8074402809143066
0.9996799070118901 -0.017101769586091567 -0.018644382363664506 -0.0012266519479453564 0.017737614255017846 0.9992476461380074 0.034489400229510435 -0.010160156525671482 0.01804052541470116 -0.034809067276722595 0.9992311385650898 0.826187252998352
0.9996401324363412 0.026822078870238162 -0.0004262718998799412 0.0020180712454020977 -0.02679690675328154 0.9991828603507303 0.030257848069362336 -0.012947187758982182 0.0012375019635693 -0.030235536482943432 0.9995420355955414 0.8431214094161987
0.9999933211284275 0.0003222805144746485 -0.0036405815204284576 0.0016059672925621271 -0.0001624120625682261 0.9990390730111355 0.043828121330629556 -0.012032139115035534 0.00365120813688121 -0.04382723733388227 0.9990324528997144 0.8301987648010254
0.9999506641925354 0.009546291798624694 0.002745449654095115 0.0016542724333703518 -0.009651513503689353 0.9991010801640633 0.041278080164786644 -0.010574379935860634 -0.002348929116802407 -0.04130254142178132 0.999143924869739 0.8256747722625732
0.9999590254252365 -0.0016728985357855688 -0.008896565691324044 0.001383031252771616 0.0019359187963933165 0.9995588146649115 0.029638290168138594 -0.012931523844599724 0.008843058804782913 -0.029654298780547424 0.9995210967632494 0.8173966407775879
0.9998153749220128 -0.019207947813851274 0.0005203944035585164 0.0012462802696973085 0.01915343098867095 0.9984126351635847 0.05296561174072199 -0.011947398073971272 -0.0015369290540257368 -0.05294586562222828 0.9985962012558408 0.8073403835296631
0.9999711369251469 0.0075833212527718265 0.0004674990975282074 6.175413727760315e-05 -0.007596931967989093 0.9988580881216594 0.04716785365709175 -0.008826454170048237 -0.00010927626767017124 -0.047170043806640014 0.9988868679815431 0.8123199343681335
0.9998282512453524 0.0026334841464783257 0.01834482959611952 -0.00019567133858799934 -0.003386292983246886 0.9991481826274798 0.041127146412503895 -0.012386864982545376 -0.018220895463506404 -0.04118220384406554 0.9989854979202919 0.8100942373275757
0.9999234246551043 0.00880851587584884 0.00869223067297806 -8.453894406557083e-05 -0.009091567393107784 0.9994113496418303 0.033080169428697404 -0.011900685727596283 -0.008395726790690667 -0.033156662304274026 0.9994149025887576 0.8226116895675659
0.9999469276293844 0.007911023517160148 0.006599820563128466 -0.00012847501784563065 -0.0081408616028616 0.9993344856213009 0.03555716834019406 -0.011637672781944275 -0.006314134692703972 -0.03560900946278602 0.9993458511187013 0.8175705671310425
0.9997335478414747 0.0067321389473468775 0.022079665429779568 0.00023789657279849052 -0.007578655078627637 0.9992305412487341 0.038482326111614285 -0.014341038651764393 -0.021803607671589103 -0.03863940658130058 0.9990153146731776 0.8203220367431641
0.999814186183421 0.009397974547531166 0.01683066192362835 -0.0003380570560693741 -0.009913605654028636 0.9994757967433728 0.03081967143134943 -0.01246982254087925 -0.016532196748161698 -0.030980797255782185 0.9993832481446124 0.8257343173027039
0.9998931218771226 0.011651251681933476 0.008831373452949355 -0.00014319084584712982 -0.011937976544546449 0.9993793894812809 0.03314092026549338 -0.011084679514169693 -0.008439759406705567 -0.03324280695528242 0.9994116700573845 0.8262808322906494
0.9996518583218926 0.026108355611453846 0.003809976489760469 0.0006932816468179226 -0.02619476227012564 0.9993508195186172 0.024734064710025018 -0.011225275695323944 -0.0031617373702227452 -0.0248252551796345 0.999686806015798 0.8380709886550903
0.9992405555043723 -0.014252450330351232 -0.03626540906834483 0.0017816589679569006 0.015087305622431907 0.9996250063357726 0.02285213156933201 -0.014025981537997723 0.03592611089957902 -0.02338192395393495 0.9990808777010215 0.8151974678039551
0.9995618470974196 -0.020351959088087845 0.021492128523519272 -0.0001305723562836647 0.0194209019112346 0.9989002174405011 0.04267533440142881 -0.010342350229620934 -0.022337018515210947 -0.04223923955987332 0.9988577998119925 0.7765992879867554
0.9997587910671439 -0.012966601644273322 0.017726447071023076 0.00045789917930960655 0.012233623397360503 0.9990903735753653 0.04085050657713797 -0.01170770637691021 -0.0182400148721049 -0.04062379439239973 0.999008012573788 0.7905557751655579
0.999750997837804 -0.01116819926442549 0.019318738248268293 0.000544834416359663 0.01053641201107077 0.9994161440276983 0.03250161655578922 -0.009656120091676712 -0.01967044341767572 -0.03228997339727417 0.9992849599957737 0.7865571975708008
0.9998877315118719 -0.00954616448359764 0.011549680328689851 0.0010624739807099104 0.00908714766864727 0.9991915182113389 0.03916291206955721 -0.009510047733783722 -0.011914198222751913 -0.03905356165795599 0.9991660878965705 0.798154354095459
0.9999349098059307 -0.0010321302590524909 0.011362695918381453 0.0012885546311736107 0.0006164538852119754 0.9993325329732049 0.036525450386899166 -0.011447192169725895 -0.011392810716090274 -0.03651606836019965 0.9992681224854021 0.8121492862701416
0.9999279370348292 -0.003299253910702087 0.011542775268686448 -0.0004785414785146713 0.002904417913347588 0.9994156567649534 0.03405744220668229 -0.009907668456435204 -0.011648394475433433 -0.034021462883150624 0.9993532183214476 0.8022851943969727
0.9998663811466737 0.001921281332384629 0.0162335618610319 -0.0008384590037167072 -0.0025406121594616442 0.9992662265790848 0.038217191265866104 -0.00974952895194292 -0.016148224128656213 -0.03825332791324733 0.9991375870024367 0.802125871181488
0.9998065489411135 0.0027508856013518383 0.019475557061844288 0.0005633211694657803 -0.003521469406275054 0.9992076762511561 0.03964364985701338 -0.010483073070645332 -0.019351070969885534 -0.039704563329333864 0.9990240656276231 0.8078854084014893
0.9998490154932496 0.010214068414389973 0.014057703354599996 -0.0004451093263924122 -0.0105568091298084 0.999643434313057 0.02452667967324417 -0.014007174409925938 -0.013802173675786178 -0.02467138101572946 0.9996003316128903 0.8047969341278076
0.9997904932241292 -0.015757675890693584 0.013063893339138485 0.000231192447245121 0.015449389530804736 0.9996074416451822 0.023372611550681346 -0.015325185842812061 -0.013427063036196476 -0.023165885653206448 0.9996414635858821 0.8093563318252563
0.9999933665113028 -0.0017802794242568391 0.003177662436897483 -4.7666486352682114e-05 0.001709045331152284 0.9997502912579307 0.022280805500223565 -0.013164483942091465 -0.0032165350063955607 -0.022275226931600355 0.9997467020039118 0.7988696098327637
0.9999975467829312 -0.0013687522862753292 -0.001741535327773033 0.0017839353531599045 0.001402394584492253 0.9998095492197766 0.019465317320202815 -0.012606149539351463 0.00171456045342597 -0.01946771188726649 0.9998090160007188 0.7970443367958069
0.9997592163991136 -0.01641227528271126 -0.014565247854901703 0.0027413831558078527 0.016699719050935986 0.999663735162249 0.019837741430927792 -0.013247494585812092 0.014234767600843341 -0.02007620037519671 0.9996971129146291 0.8013159036636353
0.9999874731924941 -0.0028022014273628593 -0.004147423929468097 0.0017382046207785606 0.002867554006649119 0.9998704870127179 0.015836234873499784 -0.014135912992060184 0.004102510464238892 -0.015847929458140127 0.999865997291527 0.8024345636367798
0.9999993484073495 0.0004981675752438341 -0.0010271387166530485 0.0007357355207204819 -0.0004876827491610084 0.9999480339546106 0.010182905078854198 -0.013593409210443497 0.0010321581334479485 -0.010182397525914983 0.9999476253435535 0.8000369071960449
0.9998265410402624 0.014061881837259288 0.01221275196911116 -4.567531868815422e-05 -0.014156355676920883 0.9998702685957483 0.007683981533950555 -0.013907859101891518 -0.012103116351278337 -0.007855536739175788 0.9998958971398605 0.8074411153793335
0.9997989022115391 0.019415531323852164 0.005019191171235658 9.3117356300354e-05 -0.019466712999790973 0.9997568519009423 0.010357806819049388 -0.015165887773036957 -0.004816868441701902 -0.010453431041026303 0.9999337595850465 0.8245798349380493
0.9998001876015994 0.01707404415460345 0.010395282007415843 -0.0003044470213353634 -0.017284244706421398 0.9996408808844419 0.020478382492417853 -0.014647306874394417 -0.010041900056044962 -0.020653965255705106 0.9997362521997893 0.8250216245651245
0.9998661816386325 0.015019936819160041 -0.006482307716380455 0.0006488407962024212 -0.014807101280124737 0.9993871416119481 0.03171893649510197 -0.014253753237426281 0.006954751401849918 -0.031618707732110486 0.9994758069879881 0.8353040218353271
0.9998480283341881 0.010243388906233821 -0.014106495665205016 -0.0005515548400580883 -0.00964989648655632 0.9990912238258646 0.041516333796893776 -0.014297007583081722 0.014518943971086534 -0.041373898267530976 0.9990382379108983 0.8414968848228455
0.9996940943289978 0.014386170036603592 -0.020118545558838213 0.0007701120339334011 -0.013443181909469328 0.9988396102303834 0.046246231143359635 -0.013810673728585243 0.020760506349172612 -0.045961626891288986 0.9987274554299748 0.8460652828216553
0.9996371342403075 0.01668988586953349 -0.021143499177937123 -1.0707415640354156e-05 -0.01579766698120183 0.9990059161349136 0.04168468838066364 -0.014144504442811012 0.021818193458133215 -0.04133554447571648 0.9989070723531391 0.8442002534866333
0.9996378216270566 0.025563928891663125 -0.008408989971176879 0.0008152197115123272 -0.0252159198538439 0.9989143117864331 0.03917084495082559 -0.013729841448366642 0.009401221124826433 -0.038944617700769506 0.9991971446083617 0.8512731790542603
0.9997055283406352 0.02044645653860654 -0.013069009916065554 -0.00037795398384332657 -0.01996708385462515 0.9991589748238222 0.03581422331073207 -0.015308678150177002 0.01379029251008526 -0.0355427270200739 0.999273006934773 0.8539695739746094
0.9994176188366921 0.03379396590117781 -0.0047319158346924555 0.0015295720659196377 -0.03359618195859722 0.9987501272484548 0.037006484283167225 -0.014746780507266521 0.005976597410015893 -0.036825958098405366 0.9993038222150125 0.8642549514770508
0.9996401831405475 0.026735885037436024 -0.0021671875778802867 0.00032573193311691284 -0.026657381280847183 0.9991786949042311 0.030517530580390008 -0.015293695963919163 0.002981320844902832 -0.030448778312807658 0.9995318822455226 0.8520911931991577
0.9997440152042646 0.021840912486619138 -0.0059058111218806995 -0.0008802646771073341 -0.021673976121348915 0.9994007193771877 0.026989643707380658 -0.014087223447859287 0.006491750329971297 -0.026854732359716412 0.9996182674038834 0.8357644081115723
0.9998175992516527 0.013954813880438401 -0.013039608745058873 -0.001004109624773264 -0.013472181078315977 0.9992466657791539 0.036395072004836035 -0.013766666874289513 0.013537672017557414 -0.036212761546262365 0.9992524042190435 0.8416359424591064
0.999683646569331 0.020470989683781443 -0.014613191410887592 0.0005558920092880726 -0.01978557985396845 0.9987638162451496 0.04560011172428077 -0.012100591324269772 0.015528606237745969 -0.04529655550691647 0.9988528842865307 0.8492850661277771
0.9999705280129515 -0.0021219295913161426 -0.007378381957346356 0.0006679757498204708 0.002655485841615522 0.9973230822271089 0.07307269019246798 -0.008425974287092686 0.007203575531913081 -0.0730901297839108 0.9972993238881329 0.8241736888885498
0.9999591200350771 -0.0035640915477688118 0.008309964507354847 -0.0018441788852214813 0.0030826656956672222 0.9983554924544951 0.05724340886208413 -0.010503444820642471 -0.00850031945771045 -0.05721545191101874 0.9983256666197333 0.7940618991851807
0.9999009078220902 -0.0030933324289777134 0.013733383816217568 -0.0018981555476784706 0.0023579955653920993 0.9985789253031223 0.05324067803263497 -0.009328216314315796 -0.013878558767872945 -0.05320301903975886 0.9984872680067491 0.7900921106338501
0.9999731541036637 -0.0051442347093884 0.005218038062871986 -0.000926705077290535 0.00489421955725294 0.9988901943914487 0.04684470261982343 -0.00916892196983099 -0.005453227200132049 -0.04681790680785519 0.9988885553029603 0.7878572940826416
0.9999290462909933 -0.006285051588317741 0.010119313717669432 -0.000440030824393034 0.0058227412429659375 0.9989661993767299 0.045084677965232973 -0.008931855671107769 -0.010392211891695223 -0.045022556894777584 0.9989319152488094 0.7863402366638184
0.9994680416556807 -0.014742673495445287 0.02909101729340391 -0.0010361280292272568 0.013226492997466362 0.9985781833604479 0.051639825711709296 -0.008791649714112282 -0.02981096429078408 -0.05122758333900238 0.9982419752311056 0.7854446172714233
0.9998028113921373 0.016742316582279846 -0.010678631365365576 -0.0021729120053350925 -0.01658721233655037 0.9997579788711678 0.014451576742357648 -0.011991724371910095 0.010917999783881808 -0.014271598330137334 0.9998385463472704 0.8000022172927856
0.9995678615226197 -0.021718849148877586 0.0198086295019515 -0.0007321448065340519 0.02164882862275953 0.9997586318680287 0.003742489095534297 -0.012364869937300682 -0.01988513088615893 -0.0033120381966554534 0.9997967853382128 0.7575031518936157
0.9989446908998949 -0.04335506793636854 0.01516056091133575 0.0002339780330657959 0.042984725926106644 0.9987884894168358 0.023955515972168172 -0.012377704493701458 -0.016180786753769074 -0.02327856294250522 0.9995980645476265 0.7549651861190796
0.9996738271009116 -0.024948504295168605 0.005459994766562062 0.0014591137878596783 0.02483867376147317 0.9995044741070395 0.019335111217204666 -0.01366295013576746 -0.005939671303029795 -0.019193185599178764 0.9997981505940925 0.7849371433258057
0.9997932978701836 -0.020093188580834958 0.00310246781092546 0.0002686246298253536 0.020070523391741733 0.9997728455675163 0.0071715658411039985 -0.014054014347493649 -0.0032458626964757464 -0.007107815310399217 0.999969471202431 0.7776459455490112
0.999616438377941 -0.0260884261618546 0.009293553948714279 0.0029513114131987095 0.025860551791133713 0.9993810279560437 0.023849377823743568 -0.013527274131774902 -0.00990999423099193 -0.023599893684485975 0.9996723648438136 0.793997049331665
0.9995396185797025 0.006725479148874891 0.02958578746223627 0.0022102813236415386 -0.007368041379505506 0.9997381685603441 0.021663478248856005 -0.015291853807866573 -0.029432343701656895 -0.02187149409223823 0.9993274612910428 0.8009529113769531
0.9993389358933185 -0.02865922309012543 -0.02236828423193027 0.002302560256794095 0.029098385268999282 0.9993851350004249 0.019561081639809734 -0.015932872891426086 0.021793925354256047 -0.020199031463236976 0.9995584144739117 0.8137024641036987
0.9994847638199569 -0.03186102651198832 0.003883539798577123 0.002367423614487052 0.031834371421770445 0.999470416440574 0.00674236281181115 -0.015420496463775635 -0.00409630174004798 -0.0066152588541723975 0.9999697288730027 0.7904543876647949
0.9999805823685589 0.0013347544135763065 0.006087143541356764 0.00030739279463887215 -0.0012770810516965687 0.9999543555067222 -0.009468683494724251 -0.015465865842998028 -0.00609950406385965 0.009460725859642296 0.9999366433511594 0.793511688709259
0.999902764227321 -0.010623320662334361 0.0090336675092696 -0.0006985864602029324 0.010734381006977428 0.9998662923188663 -0.012335742738923685 -0.013019991107285023 -0.00890141308781115 0.012431514092381747 0.9998831043189056 0.769145131111145
0.9996939099490447 -0.022273332629666506 0.010769636222275187 -0.0009454688988626003 0.022302236691799218 0.9997479677578938 -0.002571225875936261 -0.013128071092069149 -0.010709652157510682 0.0028106258253906323 0.999938699987722 0.7601914405822754
0.9997911688643129 -0.020406833332469135 -0.0010861925572408413 -0.0010430626571178436 0.020393675604883768 0.9997316012932463 -0.010991968475389741 -0.011806991882622242 0.001310212293236226 0.010967521551472783 0.9999389965466715 0.7591413259506226
