9.999935e-01 -3.592602e-03 -2.123874e-04 -1.394677e-02 3.592517e-03 9.999935e-01 -3.972098e-04 -2.974664e-02 2.138131e-04 3.964447e-04 9.999998e-01 1.536691e+00
1.000000e+00 1.170918e-04 3.578611e-05 -2.798679e-02 -1.170929e-04 1.000000e+00 2.910294e-05 -5.868962e-02 -3.578269e-05 -2.910673e-05 9.999999e-01 3.022143e+00
9.999926e-01 -3.806413e-03 -5.027149e-04 -4.143069e-02 3.806184e-03 9.999927e-01 -4.569674e-04 -8.898721e-02 5.044505e-04 4.550509e-04 9.999997e-01 4.603550e+00
1.000000e+00 -8.038274e-05 1.749137e-04 -6.120646e-02 8.037245e-05 1.000000e+00 5.894928e-05 -1.199903e-01 -1.749185e-04 -5.893490e-05 9.999999e-01 6.273796e+00
9.999947e-01 -3.253376e-03 -3.054703e-04 -7.257732e-02 3.253246e-03 9.999946e-01 -4.240920e-04 -1.481735e-01 3.068483e-04 4.230963e-04 9.999998e-01 7.690507e+00
1.000000e+00 1.851802e-05 -1.481019e-04 -8.091049e-02 -1.851014e-05 1.000000e+00 5.308956e-05 -1.762070e-01 1.481028e-04 -5.308658e-05 9.999999e-01 9.082298e+00
9.999950e-01 -3.147744e-03 -2.447981e-05 -8.646005e-02 3.147734e-03 9.999950e-01 -4.031351e-04 -2.034146e-01 2.574851e-05 4.030563e-04 9.999998e-01 1.041302e+01
9.999998e-01 4.639323e-04 -4.618087e-04 -8.322573e-02 -4.638977e-04 9.999999e-01 7.507236e-05 -2.286005e-01 4.618433e-04 -7.485793e-05 9.999998e-01 1.156098e+01
9.999943e-01 -3.317806e-03 -5.622004e-04 -8.340672e-02 3.317553e-03 9.999944e-01 -4.489279e-04 -2.551090e-01 5.636864e-04 4.470604e-04 9.999996e-01 1.281485e+01
9.999999e-01 3.206638e-04 1.037891e-04 -8.893866e-02 -3.206731e-04 9.999999e-01 8.929016e-05 -2.819496e-01 -1.037608e-04 -8.932333e-05 9.999999e-01 1.410890e+01
9.999944e-01 -3.356097e-03 -7.969668e-06 -9.204327e-02 3.356094e-03 9.999943e-01 -4.361182e-04 -3.084945e-01 9.432947e-06 4.360890e-04 9.999998e-01 1.537729e+01
9.999999e-01 4.007199e-04 -5.871747e-05 -9.650195e-02 -4.007146e-04 9.999999e-01 9.063992e-05 -3.347373e-01 5.875345e-05 -9.061634e-05 9.999999e-01 1.661938e+01
9.999948e-01 -3.221526e-03 3.949458e-05 -9.692189e-02 3.221542e-03 9.999947e-01 -4.323463e-04 -3.603284e-01 -3.810189e-05 4.324713e-04 9.999998e-01 1.779893e+01
9.999999e-01 3.003796e-04 -1.410993e-04 -9.675117e-02 -3.003668e-04 1.000000e+00 9.029013e-05 -3.865134e-01 1.411260e-04 -9.024777e-05 9.999999e-01 1.902977e+01
9.999935e-01 -3.589705e-03 2.539371e-04 -1.015909e-01 3.589819e-03 9.999935e-01 -4.497445e-04 -4.143388e-01 -2.523213e-04 4.506531e-04 9.999998e-01 2.041095e+01
9.999996e-01 7.354810e-04 -4.245626e-04 -1.026555e-01 -7.354256e-04 9.999997e-01 1.303839e-04 -4.401042e-01 4.246580e-04 -1.300717e-04 9.999998e-01 2.161866e+01
9.999946e-01 -3.268048e-03 1.979499e-04 -9.851605e-02 3.268137e-03 9.999946e-01 -4.533216e-04 -4.644619e-01 -1.964677e-04 4.539660e-04 9.999998e-01 2.268861e+01
9.999995e-01 8.836287e-04 -4.642694e-04 -9.365013e-02 -8.835574e-04 9.999996e-01 1.535740e-04 -4.880202e-01 4.644045e-04 -1.531639e-04 9.999998e-01 2.369379e+01
9.999945e-01 -3.329386e-03 2.450891e-05 -8.763858e-02 3.329397e-03 9.999943e-01 -4.693993e-04 -5.120864e-01 -2.294641e-05 4.694781e-04 9.999998e-01 2.473818e+01
9.999998e-01 5.248721e-04 -3.492736e-04 -8.282949e-02 -5.248394e-04 9.999999e-01 9.362768e-05 -5.379182e-01 3.493222e-04 -9.344458e-05 9.999998e-01 2.592584e+01
9.999946e-01 -3.255502e-03 4.966607e-04 -8.010286e-02 3.255704e-03 9.999946e-01 -4.065629e-04 -5.626704e-01 -4.953349e-04 4.081774e-04 9.999997e-01 2.704782e+01
9.999993e-01 9.626071e-04 -6.495960e-04 -7.097857e-02 -9.625372e-04 9.999995e-01 1.078992e-04 -5.857096e-01 6.496991e-04 -1.072742e-04 9.999997e-01 2.800157e+01
9.999943e-01 -3.335160e-03 5.057703e-04 -6.602683e-02 3.335380e-03 9.999943e-01 -4.351354e-04 -6.089876e-01 -5.043167e-04 4.368196e-04 9.999997e-01 2.897862e+01
9.999996e-01 7.123162e-04 -5.890311e-04 -6.319482e-02 -7.122711e-04 9.999997e-01 7.666066e-05 -6.334282e-01 5.890850e-04 -7.624143e-05 9.999997e-01 3.005144e+01
9.999941e-01 -3.357850e-03 7.163839e-04 -5.782852e-02 3.358138e-03 9.999943e-01 -4.011088e-04 -6.577376e-01 -7.150334e-04 4.035118e-04 9.999996e-01 3.112764e+01
9.999996e-01 6.997738e-04 -6.296774e-04 -4.919612e-02 -6.997335e-04 9.999998e-01 6.416735e-05 -6.823879e-01 6.297216e-04 -6.372714e-05 9.999997e-01 3.222052e+01
9.999940e-01 -3.386995e-03 6.584904e-04 -4.194524e-02 3.387244e-03 9.999942e-01 -3.764299e-04 -7.071964e-01 -6.572121e-04 3.786576e-04 9.999996e-01 3.333629e+01
9.999996e-01 5.915480e-04 -6.464257e-04 -3.613149e-02 -5.915160e-04 9.999998e-01 4.958742e-05 -7.326001e-01 6.464544e-04 -4.920551e-05 9.999997e-01 3.449957e+01
9.999936e-01 -3.519116e-03 7.132904e-04 -3.403554e-02 3.519397e-03 9.999937e-01 -3.927004e-04 -7.585254e-01 -7.119044e-04 3.952077e-04 9.999996e-01 3.570957e+01
9.999998e-01 3.736027e-04 -5.985494e-04 -3.620104e-02 -3.735908e-04 9.999999e-01 1.999233e-05 -7.854173e-01 5.985564e-04 -1.976926e-05 9.999997e-01 3.700414e+01
9.999931e-01 -3.634404e-03 7.224326e-04 -4.137849e-02 3.634699e-03 9.999933e-01 -4.070954e-04 -8.128526e-01 -7.209487e-04 4.097179e-04 9.999996e-01 3.834776e+01
9.999998e-01 2.086463e-04 -6.194941e-04 -4.910780e-02 -2.086566e-04 1.000000e+00 -1.647099e-05 -8.410793e-01 6.194902e-04 1.659962e-05 9.999997e-01 3.975289e+01
9.999938e-01 -3.427994e-03 8.395103e-04 -5.628261e-02 3.428298e-03 9.999941e-01 -3.612710e-04 -8.679813e-01 -8.382673e-04 3.641462e-04 9.999995e-01 4.106660e+01
9.999992e-01 8.796069e-04 -8.965136e-04 -5.242233e-02 -8.795718e-04 9.999996e-01 3.947129e-05 -8.921934e-01 8.965476e-04 -3.868341e-05 9.999995e-01 4.212455e+01
9.999934e-01 -3.536266e-03 8.344898e-04 -5.043919e-02 3.536574e-03 9.999937e-01 -3.669971e-04 -9.170177e-01 -8.331872e-04 3.699451e-04 9.999995e-01 4.323641e+01
9.999991e-01 9.650287e-04 -8.935290e-04 -4.802539e-02 -9.649791e-04 9.999995e-01 5.586634e-05 -9.414320e-01 8.935820e-04 -5.500482e-05 9.999995e-01 4.431547e+01
9.999934e-01 -3.535363e-03 7.994830e-04 -4.602425e-02 3.535670e-03 9.999937e-01 -3.820049e-04 -9.658704e-01 -7.981278e-04 3.848283e-04 9.999995e-01 4.539175e+01
9.999992e-01 9.157432e-04 -9.247742e-04 -4.578755e-02 -9.156928e-04 9.999996e-01 5.491482e-05 -9.905945e-01 9.248236e-04 -5.406879e-05 9.999995e-01 4.649366e+01
9.999940e-01 -3.360516e-03 7.888890e-04 -4.262274e-02 3.360804e-03 9.999943e-01 -3.635950e-04 -1.014327e+00 -7.876631e-04 3.662433e-04 9.999995e-01 4.751696e+01
9.999994e-01 6.554357e-04 -8.863272e-04 -4.027477e-02 -6.554258e-04 9.999998e-01 1.141357e-05 -1.039496e+00 8.863340e-04 -1.083353e-05 9.999995e-01 4.864693e+01
9.999921e-01 -3.839466e-03 1.074649e-03 -4.491220e-02 3.839900e-03 9.999925e-01 -4.021364e-04 -1.066470e+00 -1.073097e-03 4.062588e-04 9.999992e-01 4.994790e+01
9.999992e-01 9.436478e-04 -8.441466e-04 -4.760194e-02 -9.435928e-04 9.999996e-01 6.549009e-05 -1.091914e+00 8.442075e-04 -6.469447e-05 9.999995e-01 5.113105e+01
9.999932e-01 -3.612453e-03 7.726734e-04 -4.994024e-02 3.612793e-03 9.999934e-01 -4.394751e-04 -1.116738e+00 -7.710811e-04 4.422626e-04 9.999995e-01 5.223392e+01
9.999994e-01 8.380497e-04 -7.541907e-04 -5.415031e-02 -8.380035e-04 9.999996e-01 6.157178e-05 -1.141861e+00 7.542416e-04 -6.094077e-05 9.999996e-01 5.337076e+01
9.999933e-01 -3.577301e-03 8.117035e-04 -5.686948e-02 3.577643e-03 9.999935e-01 -4.198399e-04 -1.166785e+00 -8.101968e-04 4.227400e-04 9.999995e-01 5.449708e+01
9.999991e-01 1.061572e-03 -8.467479e-04 -5.383990e-02 -1.061493e-03 9.999994e-01 9.433498e-05 -1.190813e+00 8.468471e-04 -9.343718e-05 9.999995e-01 5.554108e+01
9.999929e-01 -3.682352e-03 7.473877e-04 -5.206458e-02 3.682678e-03 9.999931e-01 -4.358044e-04 -1.215462e+00 -7.457782e-04 4.385526e-04 9.999995e-01 5.663350e+01
9.999991e-01 1.103434e-03 -7.623225e-04 -5.191488e-02 -1.103363e-03 9.999994e-01 9.354987e-05 -1.239746e+00 7.624248e-04 -9.270984e-05 9.999996e-01 5.769886e+01
9.999944e-01 -3.297518e-03 -4.988485e-04 -4.910158e-02 3.297309e-03 9.999945e-01 -4.207043e-04 -1.262746e+00 5.002325e-04 4.190559e-04 9.999997e-01 5.865987e+01
9.999938e-01 1.994764e-03 -2.913517e-03 -3.862976e-02 -1.994547e-03 9.999980e-01 7.740624e-05 -1.282623e+00 2.913664e-03 -7.159585e-05 9.999957e-01 5.934066e+01
9.999619e-01 -2.613816e-03 -8.329738e-03 -3.002499e-02 2.609259e-03 9.999964e-01 -5.579243e-04 -1.301631e+00 8.331164e-03 5.361673e-04 9.999651e-01 5.993425e+01
9.999939e-01 1.294893e-03 3.258036e-03 -2.519368e-02 -1.295239e-03 9.999992e-01 1.039799e-04 -1.323856e+00 -3.257902e-03 -1.082005e-04 9.999946e-01 6.079337e+01
9.999373e-01 -2.570760e-03 -1.089932e-02 -2.029165e-02 2.564660e-03 9.999965e-01 -5.735856e-04 -1.345698e+00 1.090075e-02 5.455952e-04 9.999403e-01 6.166099e+01
9.996532e-01 1.902458e-03 -2.626690e-02 -1.814927e-02 -1.895845e-03 9.999982e-01 2.766598e-04 -1.365921e+00 2.626737e-02 -2.267673e-04 9.996548e-01 6.221446e+01
9.998646e-01 -2.621466e-03 -1.624443e-02 -2.009082e-02 2.613709e-03 9.999965e-01 -4.987674e-04 -1.385649e+00 1.624567e-02 4.562403e-04 9.998678e-01 6.268582e+01
9.996831e-01 1.940919e-03 -2.509674e-02 -1.994089e-02 -1.934145e-03 9.999981e-01 2.941884e-04 -1.405298e+00 2.509725e-02 -2.455559e-04 9.996849e-01 6.316220e+01
9.994966e-01 -2.823792e-03 -3.160142e-02 -3.065508e-02 2.812573e-03 9.999960e-01 -3.994360e-04 -1.425207e+00 3.160240e-02 3.103522e-04 9.995004e-01 6.354414e+01
9.990260e-01 1.805117e-03 -4.408917e-02 -4.888605e-02 -1.772611e-03 9.999981e-01 7.763747e-04 -1.446048e+00 4.409046e-02 -6.974669e-04 9.990272e-01 6.383719e+01
9.997969e-01 -2.769553e-03 -1.996306e-02 -6.412616e-02 2.760459e-03 9.999961e-01 -4.830730e-04 -1.465648e+00 1.996429e-02 4.278663e-04 9.998005e-01 6.409382e+01
9.992753e-01 1.884780e-03 -3.801732e-02 -6.702676e-02 -1.859589e-03 9.999980e-01 6.979798e-04 -1.484839e+00 3.801852e-02 -6.267787e-04 9.992767e-01 6.434815e+01
9.999346e-01 -2.737116e-03 -1.110235e-02 -7.351100e-02 2.731322e-03 9.999961e-01 -5.369686e-04 -1.503421e+00 1.110373e-02 5.066082e-04 9.999381e-01 6.462056e+01
9.999831e-01 2.286320e-03 -5.339339e-03 -6.138786e-02 -2.286288e-03 9.999974e-01 1.214527e-05 -1.522768e+00 5.339307e-03 6.086917e-08 9.999857e-01 6.521790e+01
9.999582e-01 -2.922083e-03 -8.667060e-03 -5.330990e-02 2.917567e-03 9.999956e-01 -5.336271e-04 -1.543317e+00 8.668534e-03 5.083168e-04 9.999622e-01 6.595358e+01
9.999200e-01 2.274557e-03 -1.243965e-02 -5.041783e-02 -2.271142e-03 9.999974e-01 2.886625e-04 -1.561341e+00 1.244022e-02 -2.603886e-04 9.999225e-01 6.641614e+01
9.998526e-01 -2.948520e-03 -1.691520e-02 -3.858509e-02 2.943629e-03 9.999956e-01 -3.140079e-04 -1.577957e+00 1.691600e-02 2.641683e-04 9.998568e-01 6.663788e+01
9.999573e-01 2.322923e-03 -8.944061e-03 -2.176985e-02 -2.321486e-03 9.999973e-01 1.710756e-04 -1.594724e+00 8.944380e-03 -1.503061e-04 9.999599e-01 6.691566e+01
9.998625e-01 -2.766964e-03 -1.634885e-02 -1.311700e-02 2.758946e-03 9.999961e-01 -5.129110e-04 -1.613029e+00 1.635015e-02 4.677337e-04 9.998661e-01 6.735846e+01
9.999860e-01 2.185606e-03 -4.809415e-03 -8.748397e-03 -2.184683e-03 9.999976e-01 1.972166e-04 -1.631370e+00 4.809777e-03 -1.867082e-04 9.999883e-01 6.785173e+01
9.998816e-01 -2.620957e-03 -1.516427e-02 4.526766e-03 2.611246e-03 9.999964e-01 -6.601652e-04 -1.650227e+00 1.516589e-02 6.204881e-04 9.998847e-01 6.838093e+01
9.999336e-01 2.034022e-03 -1.134150e-02 3.937533e-03 -2.029625e-03 9.999979e-01 3.992793e-04 -1.668862e+00 1.134223e-02 -3.762352e-04 9.999355e-01 6.886938e+01
9.996681e-01 -2.731981e-03 -2.561719e-02 8.367939e-03 2.719841e-03 9.999962e-01 -5.086810e-04 -1.686425e+00 2.561842e-02 4.388362e-04 9.996716e-01 6.913853e+01
9.999753e-01 2.002244e-03 -6.736292e-03 1.653425e-02 -1.998324e-03 9.999978e-01 5.886456e-04 -1.703098e+00 6.737390e-03 -5.751711e-04 9.999771e-01 6.933983e+01
9.995526e-01 -2.714183e-03 -2.978680e-02 2.708509e-02 2.697999e-03 9.999962e-01 -5.835073e-04 -1.720104e+00 2.978820e-02 5.028803e-04 9.995560e-01 6.952552e+01
9.999696e-01 2.206236e-03 7.482774e-03 4.074411e-02 -2.210609e-03 9.999974e-01 5.761007e-04 -1.736347e+00 -7.481554e-03 -5.926259e-04 9.999718e-01 6.975535e+01
9.999668e-01 -2.815440e-03 -7.645608e-03 6.823280e-02 2.809213e-03 9.999957e-01 -8.249359e-04 -1.752149e+00 7.647827e-03 8.034292e-04 9.999703e-01 7.010606e+01
9.999586e-01 1.815500e-03 8.911365e-03 9.411778e-02 -1.821088e-03 9.999982e-01 6.189125e-04 -1.769070e+00 -8.910296e-03 -6.351166e-04 9.999600e-01 7.055021e+01
9.999569e-01 -3.316473e-03 -8.669437e-03 1.142412e-01 3.308848e-03 9.999941e-01 -8.936951e-04 -1.788336e+00 8.672279e-03 8.649697e-04 9.999619e-01 7.117387e+01
9.999583e-01 1.815309e-03 8.950928e-03 1.361495e-01 -1.820911e-03 9.999982e-01 6.177020e-04 -1.807367e+00 -8.949860e-03 -6.339763e-04 9.999597e-01 7.178408e+01
9.999852e-01 -2.913844e-03 -4.581216e-03 1.694917e-01 2.910543e-03 9.999955e-01 -7.270654e-04 -1.824089e+00 4.583243e-03 7.137199e-04 9.999892e-01 7.224790e+01
9.999534e-01 1.775329e-03 9.484083e-03 2.027253e-01 -1.781175e-03 9.999982e-01 6.079183e-04 -1.840923e+00 -9.483057e-03 -6.247839e-04 9.999548e-01 7.273175e+01
9.999859e-01 -2.929803e-03 -4.424364e-03 2.364975e-01 2.926702e-03 9.999955e-01 -7.070742e-04 -1.857811e+00 4.426346e-03 6.941145e-04 9.999899e-01 7.322025e+01
9.999508e-01 1.803532e-03 9.756429e-03 2.713106e-01 -1.809450e-03 9.999982e-01 5.978015e-04 -1.874532e+00 -9.755402e-03 -6.154270e-04 9.999521e-01 7.369701e+01
9.999783e-01 -2.889845e-03 -5.914728e-03 2.992240e-01 2.885716e-03 9.999956e-01 -7.063635e-04 -1.891297e+00 5.916674e-03 6.892791e-04 9.999822e-01 7.416302e+01
9.999763e-01 1.892528e-03 6.620012e-03 3.218556e-01 -1.895971e-03 9.999981e-01 5.138167e-04 -1.908268e+00 -6.619095e-03 -5.263569e-04 9.999779e-01 7.460645e+01
9.999931e-01 -2.722982e-03 -2.534593e-03 3.578091e-01 2.721356e-03 9.999961e-01 -6.449024e-04 -1.924036e+00 2.536271e-03 6.379995e-04 9.999965e-01 7.497232e+01
9.999907e-01 2.184071e-03 3.712534e-03 3.950429e-01 -2.185573e-03 9.999975e-01 4.005439e-04 -1.939222e+00 -3.711719e-03 -4.086552e-04 9.999929e-01 7.526957e+01
9.999239e-01 -2.786571e-03 -1.202024e-02 4.234374e-01 2.778433e-03 9.999959e-01 -6.936947e-04 -1.954567e+00 1.202205e-02 6.602436e-04 9.999274e-01 7.552265e+01
9.999848e-01 2.265773e-03 5.019284e-03 4.480827e-01 -2.267175e-03 9.999974e-01 2.735725e-04 -1.971266e+00 -5.018720e-03 -2.849490e-04 9.999873e-01 7.591907e+01
9.999202e-01 -2.836306e-03 -1.230566e-02 4.625656e-01 2.827973e-03 9.999958e-01 -6.945060e-04 -1.989038e+00 1.230750e-02 6.596497e-04 9.999240e-01 7.641559e+01
9.999702e-01 2.084969e-03 7.427830e-03 4.794997e-01 -2.087343e-03 9.999978e-01 3.117628e-04 -2.006717e+00 -7.427234e-03 -3.272590e-04 9.999723e-01 7.690593e+01
9.996455e-01 -2.657992e-03 -2.649179e-02 4.832025e-01 2.640911e-03 9.999963e-01 -6.797304e-04 -2.023864e+00 2.649343e-02 6.095261e-04 9.996487e-01 7.729113e+01
9.999356e-01 1.949679e-03 -1.118268e-02 4.854626e-01 -1.941690e-03 9.999979e-01 7.253055e-04 -2.041212e+00 1.118400e-02 -7.035464e-04 9.999371e-01 7.752824e+01
9.996705e-01 -2.629629e-03 -2.553253e-02 4.895461e-01 2.610433e-03 9.999963e-01 -7.851262e-04 -2.058492e+00 2.553442e-02 7.182158e-04 9.996736e-01 7.776510e+01
9.999152e-01 1.913272e-03 -1.288138e-02 4.919975e-01 -1.902554e-03 9.999978e-01 8.442179e-04 -2.075874e+00 1.288289e-02 -8.196397e-04 9.999166e-01 7.799778e+01
9.997561e-01 -2.602514e-03 -2.192894e-02 4.953423e-01 2.584022e-03 9.999963e-01 -8.715700e-04 -2.092934e+00 2.193105e-02 8.146919e-04 9.997591e-01 7.822903e+01
9.999928e-01 1.957293e-03 -3.235056e-03 5.063682e-01 -1.954863e-03 9.999978e-01 7.543539e-04 -2.109409e+00 3.236443e-03 -7.480253e-04 9.999944e-01 7.848092e+01
9.999578e-01 -2.390751e-03 -8.869519e-03 5.216911e-01 2.380490e-03 9.999965e-01 -1.167180e-03 -2.126767e+00 8.872195e-03 1.146017e-03 9.999599e-01 7.891466e+01
9.999906e-01 1.475739e-03 4.069923e-03 5.369555e-01 -1.478915e-03 9.999986e-01 7.774570e-04 -2.145465e+00 -4.068854e-03 -7.834697e-04 9.999913e-01 7.949886e+01
9.999571e-01 -2.300536e-03 -8.967751e-03 5.515282e-01 2.289832e-03 9.999967e-01 -1.203666e-03 -2.163951e+00 8.970406e-03 1.183080e-03 9.999590e-01 8.006835e+01
9.999751e-01 9.182124e-04 6.987871e-03 5.681714e-01 -9.244732e-04 9.999992e-01 8.927049e-04 -2.183669e+00 -6.987130e-03 -8.991437e-04 9.999751e-01 8.072416e+01
9.999611e-01 -2.390070e-03 -8.490753e-03 5.823892e-01 2.380119e-03 9.999965e-01 -1.181849e-03 -2.203553e+00 8.493463e-03 1.161594e-03 9.999632e-01 8.139981e+01
9.999696e-01 8.268060e-04 7.745686e-03 5.959966e-01 -8.338059e-04 9.999992e-01 9.004832e-04 -2.223369e+00 -7.745020e-03 -9.069150e-04 9.999695e-01 8.206867e+01
9.999634e-01 -2.516386e-03 -8.173633e-03 6.099713e-01 2.506777e-03 9.999962e-01 -1.185518e-03 -2.243576e+00 8.176500e-03 1.164985e-03 9.999658e-01 8.277195e+01
9.999696e-01 8.781482e-04 7.749732e-03 6.239023e-01 -8.851046e-04 9.999992e-01 8.941996e-04 -2.263607e+00 -7.749025e-03 -9.010323e-04 9.999695e-01 8.345935e+01
9.999622e-01 -2.552706e-03 -8.312562e-03 6.340180e-01 2.543017e-03 9.999961e-01 -1.175966e-03 -2.283797e+00 8.315447e-03 1.154782e-03 9.999647e-01 8.416216e+01
9.999690e-01 7.323387e-04 7.833486e-03 6.435454e-01 -7.392135e-04 9.999993e-01 8.747232e-04 -2.304653e+00 -7.832925e-03 -8.804873e-04 9.999689e-01 8.492515e+01
9.999642e-01 -2.495534e-03 -8.087987e-03 6.583388e-01 2.486194e-03 9.999962e-01 -1.164577e-03 -2.325245e+00 8.090778e-03 1.144427e-03 9.999665e-01 8.566120e+01
9.999694e-01 6.841613e-04 7.796193e-03 6.719233e-01 -6.909640e-04 9.999994e-01 8.698756e-04 -2.346076e+00 -7.795678e-03 -8.752362e-04 9.999692e-01 8.642083e+01
9.999658e-01 -2.473903e-03 -7.893547e-03 6.877173e-01 2.464704e-03 9.999963e-01 -1.174867e-03 -2.366631e+00 7.896340e-03 1.155371e-03 9.999681e-01 8.715282e+01
9.999698e-01 8.262245e-04 7.721943e-03 7.022571e-01 -8.331851e-04 9.999992e-01 8.982077e-04 -2.386436e+00 -7.721280e-03 -9.046148e-04 9.999697e-01 8.782597e+01
9.999638e-01 -2.365178e-03 -8.172598e-03 7.162638e-01 2.355890e-03 9.999966e-01 -1.145841e-03 -2.406089e+00 8.175196e-03 1.126545e-03 9.999659e-01 8.848426e+01
9.999733e-01 7.276575e-04 7.264015e-03 7.279439e-01 -7.339884e-04 9.999994e-01 8.688964e-04 -2.426378e+00 -7.263463e-03 -8.742051e-04 9.999732e-01 8.919781e+01
9.999637e-01 -2.384841e-03 -8.173593e-03 7.412553e-01 2.375552e-03 9.999965e-01 -1.145980e-03 -2.446823e+00 8.176213e-03 1.126522e-03 9.999659e-01 8.992308e+01
9.999683e-01 7.931763e-04 7.918818e-03 7.592582e-01 -8.000670e-04 9.999993e-01 8.670290e-04 -2.466610e+00 -7.918210e-03 -8.733372e-04 9.999682e-01 9.059645e+01
9.999690e-01 -2.399689e-03 -7.494338e-03 7.782637e-01 2.391365e-03 9.999965e-01 -1.119432e-03 -2.486329e+00 7.496913e-03 1.101476e-03 9.999712e-01 9.126459e+01
9.999755e-01 7.512815e-04 6.962123e-03 7.903484e-01 -7.571859e-04 9.999994e-01 8.454727e-04 -2.506419e+00 -6.961568e-03 -8.507236e-04 9.999753e-01 9.196101e+01
9.999689e-01 -2.472097e-03 -7.484059e-03 7.998851e-01 2.463670e-03 9.999963e-01 -1.134922e-03 -2.526777e+00 7.486753e-03 1.116449e-03 9.999713e-01 9.267804e+01
9.999758e-01 7.736169e-04 6.908038e-03 8.091799e-01 -7.794854e-04 9.999993e-01 8.468713e-04 -2.547107e+00 -6.907463e-03 -8.522354e-04 9.999757e-01 9.339543e+01
9.999696e-01 -2.588797e-03 -7.347799e-03 8.176587e-01 2.580479e-03 9.999960e-01 -1.141214e-03 -2.567871e+00 7.350640e-03 1.122219e-03 9.999723e-01 9.415013e+01
9.999765e-01 7.225596e-04 6.809017e-03 8.265036e-01 -7.283062e-04 9.999994e-01 8.415389e-04 -2.589115e+00 -6.808489e-03 -8.464780e-04 9.999764e-01 9.494260e+01
9.999711e-01 -2.596582e-03 -7.146542e-03 8.344400e-01 2.588567e-03 9.999960e-01 -1.130558e-03 -2.610144e+00 7.149365e-03 1.112027e-03 9.999737e-01 9.572298e+01
9.999762e-01 8.332938e-04 6.845310e-03 8.457129e-01 -8.390406e-04 9.999993e-01 8.367284e-04 -2.630617e+00 -6.844692e-03 -8.424517e-04 9.999761e-01 9.645138e+01
9.999693e-01 -2.580469e-03 -7.400957e-03 8.556339e-01 2.572324e-03 9.999961e-01 -1.109878e-03 -2.651318e+00 7.403707e-03 1.090807e-03 9.999719e-01 9.719673e+01
9.999767e-01 6.926246e-04 6.782774e-03 8.660847e-01 -6.981799e-04 9.999994e-01 8.167212e-04 -2.672747e+00 -6.782289e-03 -8.214374e-04 9.999766e-01 9.800570e+01
9.999708e-01 -2.599325e-03 -7.182968e-03 8.802517e-01 2.591368e-03 9.999960e-01 -1.116816e-03 -2.694184e+00 7.185757e-03 1.098170e-03 9.999735e-01 9.881780e+01
9.999716e-01 4.602801e-04 7.514794e-03 8.982529e-01 -4.659934e-04 9.999996e-01 7.585837e-04 -2.716506e+00 -7.514527e-03 -7.620635e-04 9.999714e-01 9.970284e+01
9.999696e-01 -2.554228e-03 -7.357498e-03 9.150590e-01 2.546503e-03 9.999962e-01 -1.059201e-03 -2.738442e+00 7.360091e-03 1.040434e-03 9.999723e-01 1.005651e+02
9.999725e-01 4.917078e-04 7.401392e-03 9.316969e-01 -4.970943e-04 9.999996e-01 7.259842e-04 -2.760393e+00 -7.401117e-03 -7.296428e-04 9.999723e-01 1.014237e+02
9.999677e-01 -2.707358e-03 -7.564958e-03 9.406495e-01 2.699650e-03 9.999958e-01 -1.028973e-03 -2.783076e+00 7.567627e-03 1.008518e-03 9.999708e-01 1.023459e+02
9.999723e-01 3.634685e-04 7.425822e-03 9.462957e-01 -3.685484e-04 9.999997e-01 6.827824e-04 -2.806363e+00 -7.425656e-03 -6.854994e-04 9.999721e-01 1.033142e+02
9.999674e-01 -2.990018e-03 -7.497443e-03 9.466611e-01 2.982365e-03 9.999950e-01 -1.031791e-03 -2.830903e+00 7.500406e-03 1.009399e-03 9.999713e-01 1.043994e+02
9.999719e-01 1.538839e-04 7.490100e-03 9.437984e-01 -1.586796e-04 9.999998e-01 6.397624e-04 -2.856336e+00 -7.490084e-03 -6.409320e-04 9.999717e-01 1.055642e+02
9.999677e-01 -2.959268e-03 -7.466509e-03 9.419347e-01 2.951810e-03 9.999951e-01 -1.009902e-03 -2.881506e+00 7.469376e-03 9.878306e-04 9.999715e-01 1.067079e+02
9.999713e-01 4.792857e-04 7.554062e-03 9.461075e-01 -4.843301e-04 9.999997e-01 6.660531e-04 -2.905085e+00 -7.553824e-03 -6.696915e-04 9.999712e-01 1.077179e+02
9.999666e-01 -2.968846e-03 -7.611983e-03 9.502280e-01 2.961320e-03 9.999951e-01 -9.999385e-04 -2.928943e+00 7.614830e-03 9.773650e-04 9.999705e-01 1.087413e+02
9.999712e-01 2.562511e-04 7.586420e-03 9.498280e-01 -2.609713e-04 9.999998e-01 6.213008e-04 -2.953895e+00 -7.586344e-03 -6.232614e-04 9.999710e-01 1.098595e+02
9.999666e-01 -3.018818e-03 -7.592665e-03 9.486991e-01 3.011454e-03 9.999950e-01 -9.812588e-04 -2.978989e+00 7.595505e-03 9.583626e-04 9.999706e-01 1.109942e+02
9.999707e-01 3.288163e-04 7.641126e-03 9.481954e-01 -3.334899e-04 9.999998e-01 6.104889e-04 -3.003652e+00 -7.641008e-03 -6.130177e-04 9.999705e-01 1.120954e+02
9.999662e-01 -3.104286e-03 -7.616403e-03 9.484937e-01 3.096941e-03 9.999947e-01 -9.760650e-04 -3.028776e+00 7.619308e-03 9.524462e-04 9.999704e-01 1.132295e+02
9.999707e-01 8.332962e-05 7.654848e-03 9.464304e-01 -8.787599e-05 9.999998e-01 5.937099e-04 -3.055289e+00 -7.654882e-03 -5.943634e-04 9.999704e-01 1.144868e+02
9.999667e-01 -3.191493e-03 -7.511657e-03 9.431860e-01 3.184387e-03 9.999945e-01 -9.578956e-04 -3.082001e+00 7.514588e-03 9.339456e-04 9.999713e-01 1.157683e+02
9.999708e-01 1.331706e-05 7.643942e-03 9.398443e-01 -1.762257e-05 9.999998e-01 5.633310e-04 -3.109152e+00 -7.644018e-03 -5.634473e-04 9.999705e-01 1.170831e+02
9.999673e-01 -2.946825e-03 -7.532909e-03 9.389129e-01 2.940095e-03 9.999953e-01 -9.046065e-04 -3.134880e+00 7.535454e-03 8.824316e-04 9.999711e-01 1.182866e+02
9.999716e-01 5.248115e-04 7.521027e-03 9.460083e-01 -5.290410e-04 9.999997e-01 5.605338e-04 -3.158186e+00 -7.520815e-03 -5.644948e-04 9.999715e-01 1.192696e+02
9.999677e-01 -2.713299e-03 -7.566199e-03 9.570754e-01 2.706752e-03 9.999960e-01 -8.755619e-04 -3.180400e+00 7.568459e-03 8.550561e-04 9.999709e-01 1.201514e+02
9.999715e-01 3.876587e-04 7.531205e-03 9.663034e-01 -3.917596e-04 9.999998e-01 5.432199e-04 -3.203406e+00 -7.531077e-03 -5.461527e-04 9.999714e-01 1.211023e+02
9.999669e-01 -2.854828e-03 -7.619818e-03 9.723276e-01 2.848316e-03 9.999956e-01 -8.654977e-04 -3.227201e+00 7.622170e-03 8.437678e-04 9.999705e-01 1.221221e+02
9.999715e-01 1.758998e-04 7.545551e-03 9.750740e-01 -1.796959e-04 9.999999e-01 5.025908e-04 -3.251976e+00 -7.545547e-03 -5.039300e-04 9.999713e-01 1.232284e+02
9.999674e-01 -2.714238e-03 -7.600288e-03 9.806730e-01 2.708068e-03 9.999960e-01 -8.222429e-04 -3.276086e+00 7.602405e-03 8.016367e-04 9.999707e-01 1.242781e+02
9.999710e-01 1.306104e-04 7.615435e-03 9.878108e-01 -1.343598e-04 9.999999e-01 4.920275e-04 -3.300396e+00 -7.615455e-03 -4.930338e-04 9.999708e-01 1.253469e+02
9.999689e-01 -2.484140e-03 -7.483772e-03 9.990514e-01 2.478230e-03 9.999966e-01 -7.990337e-04 -3.323466e+00 7.485647e-03 7.804652e-04 9.999716e-01 1.263082e+02
9.999721e-01 -1.259670e-04 7.471370e-03 1.003585e+00 1.226823e-04 9.999999e-01 4.403024e-04 -3.347673e+00 -7.471509e-03 -4.393708e-04 9.999719e-01 1.273689e+02
9.999705e-01 -2.152110e-03 -7.372253e-03 1.013425e+00 2.146779e-03 9.999974e-01 -7.312104e-04 -3.370264e+00 7.373723e-03 7.153651e-04 9.999725e-01 1.282932e+02
9.999717e-01 -1.435934e-04 7.513902e-03 1.026499e+00 1.406335e-04 9.999999e-01 3.946555e-04 -3.393061e+00 -7.514042e-03 -3.935848e-04 9.999716e-01 1.292265e+02
9.999681e-01 -2.369002e-03 -7.624716e-03 1.033591e+00 2.363492e-03 9.999969e-01 -7.317943e-04 -3.416914e+00 7.626342e-03 7.137531e-04 9.999706e-01 1.302481e+02
9.999714e-01 -2.800909e-06 7.560964e-03 1.043056e+00 -1.582022e-07 9.999999e-01 3.915908e-04 -3.440022e+00 -7.561049e-03 -3.915778e-04 9.999713e-01 1.312073e+02
9.999709e-01 -2.299601e-03 -7.269861e-03 1.057395e+00 2.294518e-03 9.999971e-01 -7.077098e-04 -3.462649e+00 7.271383e-03 6.910117e-04 9.999732e-01 1.321295e+02
9.999715e-01 -2.506216e-05 7.551287e-03 1.071887e+00 2.224136e-05 9.999999e-01 3.738725e-04 -3.485465e+00 -7.551381e-03 -3.736907e-04 9.999713e-01 1.330677e+02
9.999677e-01 -2.630126e-03 -7.595217e-03 1.078486e+00 2.624878e-03 9.999963e-01 -7.010457e-04 -3.510187e+00 7.596948e-03 6.810899e-04 9.999708e-01 1.341660e+02
9.999714e-01 8.763238e-05 7.559651e-03 1.085236e+00 -9.038860e-05 9.999999e-01 3.645025e-04 -3.534250e+00 -7.559703e-03 -3.651721e-04 9.999713e-01 1.352141e+02
9.999693e-01 -2.465968e-03 -7.438929e-03 1.098581e+00 2.461004e-03 9.999967e-01 -6.766924e-04 -3.557471e+00 7.440489e-03 6.583679e-04 9.999720e-01 1.361883e+02
9.999626e-01 4.275825e-04 8.638713e-03 1.122993e+00 -4.308169e-04 9.999998e-01 3.727763e-04 -3.578891e+00 -8.638637e-03 -3.764806e-04 9.999625e-01 1.370132e+02
9.999745e-01 -2.169327e-03 -6.794954e-03 1.150297e+00 2.165159e-03 9.999975e-01 -6.210612e-04 -3.598965e+00 6.796200e-03 6.063369e-04 9.999766e-01 1.377312e+02
9.999714e-01 2.633736e-04 7.549672e-03 1.171847e+00 -2.657968e-04 9.999999e-01 3.202395e-04 -3.619978e+00 -7.549672e-03 -3.222334e-04 9.999714e-01 1.385144e+02
9.999701e-01 -2.235281e-03 -7.396704e-03 1.190051e+00 2.230696e-03 9.999973e-01 -6.282863e-04 -3.641392e+00 7.398004e-03 6.117715e-04 9.999724e-01 1.393265e+02
9.999706e-01 1.958135e-04 7.667202e-03 1.208402e+00 -1.980409e-04 9.999999e-01 2.900169e-04 -3.663136e+00 -7.667229e-03 -2.915231e-04 9.999705e-01 1.401652e+02
9.999720e-01 -2.255239e-03 -7.125734e-03 1.228779e+00 2.250989e-03 9.999973e-01 -6.047999e-04 -3.684821e+00 7.126994e-03 5.887470e-04 9.999744e-01 1.410030e+02
9.999737e-01 1.495737e-05 7.242629e-03 1.242217e+00 -1.705511e-05 1.000000e+00 2.898728e-04 -3.707457e+00 -7.242709e-03 -2.899849e-04 9.999737e-01 1.419259e+02
9.999733e-01 -2.108053e-03 -6.992498e-03 1.258399e+00 2.104122e-03 9.999976e-01 -5.697851e-04 -3.729345e+00 6.993598e-03 5.550609e-04 9.999753e-01 1.427869e+02
9.999764e-01 1.464505e-04 6.865130e-03 1.272227e+00 -1.483987e-04 9.999999e-01 2.835898e-04 -3.750805e+00 -6.865173e-03 -2.845979e-04 9.999763e-01 1.436084e+02
9.999742e-01 -1.970555e-03 -6.906649e-03 1.288418e+00 1.966603e-03 9.999979e-01 -5.791887e-04 -3.771613e+00 6.907691e-03 5.655953e-04 9.999759e-01 1.443640e+02
9.999678e-01 1.801831e-04 8.020248e-03 1.313819e+00 -1.824993e-04 9.999999e-01 2.883386e-04 -3.791985e+00 -8.020280e-03 -2.897890e-04 9.999677e-01 1.450911e+02
9.999846e-01 -1.956381e-03 -5.182192e-03 1.340966e+00 1.953808e-03 9.999980e-01 -5.019913e-04 -3.812003e+00 5.183079e-03 4.918628e-04 9.999864e-01 1.458172e+02
9.999843e-01 -4.075049e-04 5.593359e-03 1.355236e+00 4.066686e-04 9.999999e-01 1.510761e-04 -3.835262e+00 -5.593504e-03 -1.487948e-04 9.999843e-01 1.467864e+02
9.999825e-01 -2.136988e-03 -5.519991e-03 1.362372e+00 2.134466e-03 9.999976e-01 -4.631478e-04 -3.859172e+00 5.520884e-03 4.513619e-04 9.999846e-01 1.478246e+02
9.999827e-01 -1.529800e-04 5.877607e-03 1.379081e+00 1.523314e-04 1.000000e+00 1.112058e-04 -3.882065e+00 -5.877708e-03 -1.103042e-04 9.999826e-01 1.487622e+02
9.999830e-01 -2.010702e-03 -5.460260e-03 1.397868e+00 2.008486e-03 9.999979e-01 -4.117454e-04 -3.904167e+00 5.460993e-03 4.007762e-04 9.999849e-01 1.496414e+02
9.999801e-01 -4.781006e-05 6.309829e-03 1.417102e+00 4.709760e-05 1.000000e+00 1.134576e-04 -3.925954e+00 -6.309918e-03 -1.131536e-04 9.999800e-01 1.504916e+02
9.999810e-01 -2.048408e-03 -5.807668e-03 1.432800e+00 2.046067e-03 9.999978e-01 -4.095273e-04 -3.948060e+00 5.808411e-03 3.976414e-04 9.999830e-01 1.513641e+02
9.999821e-01 -1.932277e-04 5.974552e-03 1.445195e+00 1.927139e-04 1.000000e+00 8.701039e-05 -3.970802e+00 -5.974652e-03 -8.585279e-05 9.999821e-01 1.522919e+02
9.999797e-01 -2.285038e-03 -5.935926e-03 1.452631e+00 2.282716e-03 9.999973e-01 -3.983519e-04 -3.994695e+00 5.936737e-03 3.847987e-04 9.999822e-01 1.533198e+02
9.999803e-01 8.388691e-05 6.276606e-03 1.467516e+00 -8.454380e-05 1.000000e+00 1.048145e-04 -4.016992e+00 -6.276681e-03 -1.053382e-04 9.999802e-01 1.542193e+02
9.999986e-01 -1.541209e-03 -6.235118e-04 1.504939e+00 1.541061e-03 9.999988e-01 -2.417540e-04 -4.035177e+00 6.238001e-04 2.407977e-04 9.999997e-01 1.548299e+02
9.999699e-01 1.626503e-04 7.759717e-03 1.546324e+00 -1.637778e-04 1.000000e+00 1.450006e-04 -4.052809e+00 -7.759777e-03 -1.462622e-04 9.999698e-01 1.554082e+02
9.999984e-01 -1.606909e-03 -7.852711e-04 1.587282e+00 1.606720e-03 9.999987e-01 -2.436074e-04 -4.070776e+00 7.855788e-04 2.423503e-04 9.999996e-01 1.560132e+02
9.999854e-01 -9.305703e-05 5.397708e-03 1.620286e+00 9.281917e-05 1.000000e+00 4.481767e-05 -4.090197e+00 -5.397795e-03 -4.431095e-05 9.999854e-01 1.567150e+02
9.999956e-01 -1.737191e-03 -2.410329e-03 1.651628e+00 1.736506e-03 9.999985e-01 -2.871517e-04 -4.110332e+00 2.410742e-03 2.829701e-04 9.999970e-01 1.574543e+02
9.999872e-01 -3.088394e-04 5.052440e-03 1.681997e+00 3.088036e-04 1.000000e+00 8.409914e-06 -4.131559e+00 -5.052524e-03 -6.844399e-06 9.999872e-01 1.582769e+02
9.999912e-01 -1.982751e-03 -3.685827e-03 1.708226e+00 1.981533e-03 9.999980e-01 -3.346102e-04 -4.153989e+00 3.686401e-03 3.273090e-04 9.999931e-01 1.591869e+02
9.999811e-01 -1.495975e-04 6.150487e-03 1.739100e+00 1.493931e-04 1.000000e+00 3.414686e-05 -4.175488e+00 -6.150574e-03 -3.322205e-05 9.999810e-01 1.600339e+02
9.999921e-01 -1.978929e-03 -3.453087e-03 1.768769e+00 1.977900e-03 9.999980e-01 -3.023792e-04 -4.196994e+00 3.453597e-03 2.955524e-04 9.999939e-01 1.608855e+02
9.999837e-01 -1.586535e-04 5.695958e-03 1.799804e+00 1.587028e-04 1.000000e+00 -7.695011e-06 -4.218538e+00 -5.696039e-03 8.604313e-06 9.999837e-01 1.617345e+02
9.999967e-01 -1.813632e-03 -1.828644e-03 1.831637e+00 1.813226e-03 9.999983e-01 -2.248605e-04 -4.239210e+00 1.828968e-03 2.215497e-04 9.999982e-01 1.625305e+02
9.999904e-01 -3.363949e-04 4.369016e-03 1.862810e+00 3.367232e-04 9.999999e-01 -7.372768e-05 -4.260769e+00 -4.369072e-03 7.520373e-05 9.999904e-01 1.633804e+02
9.999928e-01 -2.101450e-03 -3.164573e-03 1.887465e+00 2.100558e-03 9.999978e-01 -2.859071e-04 -4.283897e+00 3.165086e-03 2.792635e-04 9.999949e-01 1.643455e+02
9.999896e-01 -4.024262e-04 4.546865e-03 1.911077e+00 4.027972e-04 9.999999e-01 -8.003644e-05 -4.307244e+00 -4.546914e-03 8.187283e-05 9.999896e-01 1.653327e+02
9.999908e-01 -2.162989e-03 -3.708377e-03 1.929884e+00 2.161998e-03 9.999976e-01 -2.719281e-04 -4.330961e+00 3.708876e-03 2.639141e-04 9.999930e-01 1.663505e+02
9.999878e-01 -1.057459e-04 4.944188e-03 1.955394e+00 1.060826e-04 1.000000e+00 -6.722345e-05 -4.353210e+00 -4.944262e-03 6.775301e-05 9.999877e-01 1.672445e+02
9.999924e-01 -2.153114e-03 -3.244174e-03 1.983010e+00 2.152330e-03 9.999977e-01 -2.463357e-04 -4.375433e+00 3.244616e-03 2.393574e-04 9.999946e-01 1.681401e+02
9.999798e-01 -8.472706e-05 6.345491e-03 2.015667e+00 8.507391e-05 1.000000e+00 -5.390151e-05 -4.397412e+00 -6.345567e-03 5.444629e-05 9.999798e-01 1.690333e+02
9.999931e-01 -2.152762e-03 -3.007808e-03 2.048640e+00 2.152087e-03 9.999977e-01 -2.286012e-04 -4.419212e+00 3.008213e-03 2.221327e-04 9.999954e-01 1.699179e+02
9.999835e-01 -3.990649e-05 5.740198e-03 2.081111e+00 4.037137e-05 1.000000e+00 -8.032224e-05 -4.440940e+00 -5.740275e-03 8.055882e-05 9.999834e-01 1.707865e+02
9.999980e-01 -1.941104e-03 -4.011082e-04 2.116387e+00 1.941057e-03 9.999981e-01 -1.274213e-04 -4.461454e+00 4.012749e-04 1.266488e-04 9.999998e-01 1.715899e+02
9.999978e-01 -4.997693e-04 2.033812e-03 2.141945e+00 5.001877e-04 9.999999e-01 -2.036786e-04 -4.484597e+00 -2.033789e-03 2.047017e-04 9.999978e-01 1.725643e+02
9.999983e-01 -1.688892e-03 -6.555502e-04 2.171090e+00 1.688818e-03 9.999986e-01 -1.191484e-04 -4.506451e+00 6.556708e-04 1.180476e-04 9.999997e-01 1.734276e+02
9.999983e-01 -6.576035e-04 1.697926e-03 2.196483e+00 6.580134e-04 9.999998e-01 -2.389122e-04 -4.529259e+00 -1.697848e-03 2.400356e-04 9.999984e-01 1.743650e+02
9.999989e-01 -1.482635e-03 -1.430514e-04 2.227569e+00 1.482626e-03 9.999989e-01 -8.985795e-05 -4.550790e+00 1.431049e-04 8.965233e-05 9.999999e-01 1.752029e+02
9.999906e-01 -2.122053e-04 4.320048e-03 2.263722e+00 2.127965e-04 1.000000e+00 -1.356362e-04 -4.570110e+00 -4.320099e-03 1.365608e-04 9.999906e-01 1.758885e+02
9.999937e-01 -2.033134e-03 -2.900081e-03 2.292549e+00 2.032533e-03 9.999979e-01 -2.110735e-04 -4.592314e+00 2.900425e-03 2.051843e-04 9.999957e-01 1.767751e+02
9.999862e-01 -7.658797e-06 5.240508e-03 2.324320e+00 8.145456e-06 1.000000e+00 -9.220839e-05 -4.613254e+00 -5.240586e-03 9.225649e-05 9.999862e-01 1.775736e+02
9.999904e-01 -2.050401e-03 -3.874908e-03 2.352294e+00 2.049589e-03 9.999979e-01 -2.145268e-04 -4.634569e+00 3.875260e-03 2.065896e-04 9.999924e-01 1.783875e+02
9.999905e-01 8.156676e-06 4.357498e-03 2.375835e+00 -7.590761e-06 1.000000e+00 -1.291136e-04 -4.655923e+00 -4.357577e-03 1.290861e-04 9.999904e-01 1.791968e+02
9.999928e-01 -1.889249e-03 -3.289368e-03 2.401390e+00 1.888726e-03 9.999982e-01 -1.630742e-04 -4.676550e+00 3.289591e-03 1.568672e-04 9.999945e-01 1.799475e+02
9.999947e-01 -2.285265e-04 3.233752e-03 2.415061e+00 2.290170e-04 1.000000e+00 -1.502623e-04 -4.698397e+00 -3.233797e-03 1.510091e-04 9.999947e-01 1.808009e+02
9.999930e-01 -1.819424e-03 -3.278656e-03 2.431098e+00 1.818911e-03 9.999983e-01 -1.606320e-04 -4.720001e+00 3.278864e-03 1.546743e-04 9.999945e-01 1.816298e+02
9.999912e-01 -9.420648e-05 4.199536e-03 2.457210e+00 9.483221e-05 1.000000e+00 -1.479735e-04 -4.740907e+00 -4.199601e-03 1.483774e-04 9.999911e-01 1.824024e+02
9.999947e-01 -1.933873e-03 -2.601395e-03 2.483655e+00 1.933515e-03 9.999981e-01 -1.413506e-04 -4.762241e+00 2.601585e-03 1.363272e-04 9.999965e-01 1.832203e+02
9.999955e-01 -2.674105e-04 2.994766e-03 2.502740e+00 2.680025e-04 9.999999e-01 -1.960977e-04 -4.784566e+00 -2.994792e-03 1.969066e-04 9.999954e-01 1.841136e+02
9.999944e-01 -1.922327e-03 -2.718639e-03 2.520974e+00 1.921975e-03 9.999981e-01 -1.332287e-04 -4.806907e+00 2.718811e-03 1.280101e-04 9.999962e-01 1.850066e+02
9.999958e-01 -2.076441e-04 2.881668e-03 2.537617e+00 2.081637e-04 1.000000e+00 -1.787692e-04 -4.828982e+00 -2.881709e-03 1.793756e-04 9.999958e-01 1.858801e+02
9.999945e-01 -1.748852e-03 -2.807611e-03 2.555696e+00 1.748472e-03 9.999985e-01 -1.387277e-04 -4.850264e+00 2.807770e-03 1.338253e-04 9.999960e-01 1.866786e+02
9.999962e-01 -2.117188e-04 2.742187e-03 2.571354e+00 2.121571e-04 1.000000e+00 -1.582273e-04 -4.871611e+00 -2.742232e-03 1.588158e-04 9.999961e-01 1.874857e+02
9.999955e-01 -1.873957e-03 -2.349110e-03 2.591641e+00 1.873564e-03 9.999982e-01 -1.714113e-04 -4.893509e+00 2.349349e-03 1.670168e-04 9.999971e-01 1.883370e+02
9.999970e-01 -4.031459e-04 2.410863e-03 2.605934e+00 4.034843e-04 9.999999e-01 -1.383411e-04 -4.916332e+00 -2.410885e-03 1.393209e-04 9.999970e-01 1.892764e+02
9.999952e-01 -1.750296e-03 -2.562158e-03 2.619363e+00 1.749877e-03 9.999985e-01 -1.674720e-04 -4.938803e+00 2.562368e-03 1.629954e-04 9.999966e-01 1.901803e+02
9.999975e-01 -2.219517e-04 2.206558e-03 2.632316e+00 2.221859e-04 1.000000e+00 -1.042417e-04 -4.960410e+00 -2.206613e-03 1.047393e-04 9.999975e-01 1.910154e+02
9.999948e-01 -1.530730e-03 -2.825091e-03 2.646484e+00 1.530290e-03 9.999988e-01 -1.591908e-04 -4.981117e+00 2.825253e-03 1.548744e-04 9.999959e-01 1.917687e+02
9.999969e-01 1.217695e-05 2.493728e-03 2.666450e+00 -1.188812e-05 1.000000e+00 -1.143242e-04 -5.000675e+00 -2.493808e-03 1.143018e-04 9.999968e-01 1.924201e+02
9.999954e-01 -1.705036e-03 -2.517489e-03 2.684325e+00 1.704621e-03 9.999985e-01 -1.684113e-04 -5.020891e+00 2.517694e-03 1.641270e-04 9.999967e-01 1.931252e+02
9.999975e-01 -8.630057e-05 2.214769e-03 2.697715e+00 8.656880e-05 1.000000e+00 -1.192896e-04 -5.041455e+00 -2.214837e-03 1.194888e-04 9.999975e-01 1.938619e+02
9.999955e-01 -1.564322e-03 -2.552200e-03 2.711260e+00 1.563916e-03 9.999988e-01 -1.627031e-04 -5.061251e+00 2.552373e-03 1.587188e-04 9.999966e-01 1.945339e+02
9.999978e-01 8.956668e-07 2.081237e-03 2.725713e+00 -6.402126e-07 1.000000e+00 -1.208847e-04 -5.080802e+00 -2.081315e-03 1.208910e-04 9.999977e-01 1.951791e+02
9.999949e-01 -1.647489e-03 -2.742450e-03 2.737800e+00 1.647022e-03 9.999986e-01 -1.739464e-04 -5.100877e+00 2.742654e-03 1.694366e-04 9.999961e-01 1.958701e+02
9.999972e-01 -4.669207e-04 2.314796e-03 2.743666e+00 4.673418e-04 9.999999e-01 -1.797077e-04 -5.123285e+00 -2.314791e-03 1.807969e-04 9.999972e-01 1.967531e+02
9.999952e-01 -1.982534e-03 -2.383433e-03 2.742658e+00 1.982117e-03 9.999980e-01 -1.791970e-04 -5.146770e+00 2.383705e-03 1.744799e-04 9.999971e-01 1.977503e+02
9.999974e-01 -4.414148e-04 2.222813e-03 2.741635e+00 4.418459e-04 9.999999e-01 -1.916807e-04 -5.170344e+00 -2.222807e-03 1.926704e-04 9.999974e-01 1.987471e+02
9.999954e-01 -1.835500e-03 -2.396568e-03 2.740119e+00 1.835115e-03 9.999983e-01 -1.644846e-04 -5.193047e+00 2.396787e-03 1.600941e-04 9.999970e-01 1.996749e+02
9.999976e-01 -2.772491e-04 2.158174e-03 2.741894e+00 2.776851e-04 9.999999e-01 -1.998692e-04 -5.215042e+00 -2.158198e-03 2.004762e-04 9.999976e-01 2.005316e+02
9.999951e-01 -1.617896e-03 -2.663709e-03 2.745688e+00 1.617579e-03 9.999987e-01 -1.223993e-04 -5.236023e+00 2.663824e-03 1.180982e-04 9.999964e-01 2.013118e+02
9.999973e-01 -6.548945e-04 2.198337e-03 2.748955e+00 6.555052e-04 9.999997e-01 -2.752395e-04 -5.259159e+00 -2.198235e-03 2.766881e-04 9.999975e-01 2.022516e+02
9.999951e-01 -2.198181e-03 -2.198763e-03 2.741572e+00 2.197870e-03 9.999976e-01 -1.456567e-04 -5.284299e+00 2.198999e-03 1.408319e-04 9.999975e-01 2.033938e+02
9.999976e-01 -4.334327e-04 2.147790e-03 2.736491e+00 4.340110e-04 9.999999e-01 -2.668717e-04 -5.308487e+00 -2.147753e-03 2.678117e-04 9.999976e-01 2.044500e+02
9.999953e-01 -1.959871e-03 -2.335877e-03 2.732148e+00 1.959554e-03 9.999981e-01 -1.397501e-04 -5.331560e+00 2.336068e-03 1.351807e-04 9.999972e-01 2.054069e+02
9.999977e-01 -2.495234e-04 2.113463e-03 2.730759e+00 2.501268e-04 9.999999e-01 -2.832527e-04 -5.353697e+00 -2.113471e-03 2.837892e-04 9.999976e-01 2.062792e+02
9.999955e-01 -1.897789e-03 -2.310735e-03 2.729888e+00 1.897532e-03 9.999982e-01 -1.153187e-04 -5.375498e+00 2.310871e-03 1.109422e-04 9.999972e-01 2.071263e+02
9.999980e-01 -2.330417e-04 1.984887e-03 2.727900e+00 2.336723e-04 9.999999e-01 -3.152819e-04 -5.397387e+00 -1.984892e-03 3.157538e-04 9.999979e-01 2.079703e+02
9.999956e-01 -2.007953e-03 -2.166658e-03 2.725366e+00 2.007724e-03 9.999980e-01 -1.095319e-04 -5.419683e+00 2.166795e-03 1.051902e-04 9.999976e-01 2.088586e+02
9.999980e-01 -1.583943e-04 1.971242e-03 2.724360e+00 1.589472e-04 9.999999e-01 -2.781345e-04 -5.441760e+00 -1.971276e-03 2.784560e-04 9.999979e-01 2.097296e+02
9.999955e-01 -1.994220e-03 -2.217527e-03 2.725747e+00 1.994039e-03 9.999980e-01 -8.583102e-05 -5.463923e+00 2.217615e-03 8.141772e-05 9.999975e-01 2.106025e+02
