9.999987e-01 6.871169e-04 -1.460385e-03 -7.623445e-03 -6.870348e-04 9.999998e-01 5.676169e-05 -1.977379e-02 1.460423e-03 -5.575780e-05 9.999988e-01 1.044764e+00
9.999766e-01 2.637876e-04 -6.837939e-03 -4.381156e-02 -2.620001e-04 9.999999e-01 2.622940e-04 -3.926229e-02 6.838006e-03 -2.604958e-04 9.999765e-01 2.126038e+00
9.999859e-01 7.471277e-04 -5.253971e-03 -7.994862e-02 -7.464273e-04 9.999997e-01 1.352656e-04 -5.648191e-02 5.254069e-03 -1.313415e-04 9.999861e-01 3.082277e+00
9.999976e-01 1.342680e-04 -2.201015e-03 -1.024314e-01 -1.337578e-04 1.000000e+00 2.319347e-04 -7.549479e-02 2.201043e-03 -2.316391e-04 9.999975e-01 4.130127e+00
9.998949e-01 1.068475e-03 -1.445574e-02 -1.448431e-01 -1.064150e-03 9.999994e-01 3.068792e-04 -9.319224e-02 1.445605e-02 -2.914632e-04 9.998954e-01 5.136030e+00
9.999987e-01 -9.581609e-05 1.610386e-03 -1.744193e-01 9.549139e-05 1.000000e+00 2.017274e-04 -1.103200e-01 -1.610411e-03 -2.015726e-04 9.999986e-01 6.082510e+00
9.999956e-01 6.691306e-04 -2.873137e-03 -1.779105e-01 -6.695180e-04 9.999998e-01 -1.339101e-04 -1.268894e-01 2.873041e-03 1.358338e-04 9.999958e-01 6.931729e+00
9.999997e-01 -3.994307e-05 8.280149e-04 -1.620161e-01 3.970522e-05 1.000000e+00 2.873111e-04 -1.459424e-01 -8.280325e-04 -2.872774e-04 9.999995e-01 7.886404e+00
9.999811e-01 7.154869e-04 -6.105134e-03 -1.615826e-01 -7.153790e-04 9.999997e-01 1.985877e-05 -1.640629e-01 6.105140e-03 -1.549018e-05 9.999813e-01 8.809106e+00
9.999984e-01 5.239514e-05 -1.780123e-03 -1.724849e-01 -5.175219e-05 9.999999e-01 3.612014e-04 -1.811254e-01 1.780134e-03 -3.611080e-04 9.999983e-01 9.724690e+00
9.999982e-01 5.956714e-04 1.800507e-03 -1.772148e-01 -5.949108e-04 9.999997e-01 -4.229400e-04 -2.002315e-01 -1.800766e-03 4.218688e-04 9.999982e-01 1.072282e+01
9.999990e-01 7.204996e-05 -1.427747e-03 -1.818832e-01 -7.160621e-05 9.999999e-01 3.108238e-04 -2.200641e-01 1.427762e-03 -3.107205e-04 9.999988e-01 1.176335e+01
9.999994e-01 6.628923e-04 8.798498e-04 -1.892433e-01 -6.625456e-04 9.999997e-01 -3.942480e-04 -2.413795e-01 -8.801184e-04 3.936655e-04 9.999994e-01 1.289374e+01
9.999974e-01 9.602373e-05 -2.283632e-03 -2.043172e-01 -9.518163e-05 9.999999e-01 3.688419e-04 -2.627506e-01 2.283659e-03 -3.686229e-04 9.999972e-01 1.404252e+01
9.999975e-01 5.300043e-04 2.188085e-03 -2.091694e-01 -5.290561e-04 9.999998e-01 -4.338905e-04 -2.812481e-01 -2.188322e-03 4.327325e-04 9.999974e-01 1.500386e+01
9.999840e-01 -1.409970e-04 -5.647163e-03 -2.039042e-01 1.452787e-04 9.999997e-01 7.578051e-04 -2.928086e-01 5.647047e-03 -7.586127e-04 9.999837e-01 1.553391e+01
9.999950e-01 6.448411e-04 -3.080895e-03 -2.996224e-01 -6.459339e-04 9.999997e-01 -3.537288e-04 -2.973620e-01 3.080658e-03 3.557178e-04 9.999951e-01 1.588279e+01
9.999980e-01 -2.158094e-04 -1.980271e-03 -3.303198e-01 2.171933e-04 9.999997e-01 6.986461e-04 -3.069485e-01 1.980110e-03 -6.990740e-04 9.999977e-01 1.638007e+01
9.998861e-01 1.067159e-03 -1.505258e-02 -3.308952e-01 -1.067743e-03 9.999994e-01 -3.078660e-05 -3.177382e-01 1.505253e-02 4.685626e-05 9.998866e-01 1.686031e+01
9.999235e-01 -3.828240e-04 1.236507e-02 -3.451516e-01 3.812054e-04 9.999999e-01 1.332689e-04 -3.373826e-01 -1.236513e-02 -1.285442e-04 9.999234e-01 1.790780e+01
9.999282e-01 1.216412e-03 -1.191797e-02 -3.573527e-01 -1.220678e-03 9.999992e-01 -3.506776e-04 -3.615457e-01 1.191753e-02 3.652013e-04 9.999288e-01 1.921206e+01
9.999373e-01 -6.589505e-04 1.117884e-02 -3.505059e-01 6.544484e-04 9.999997e-01 4.063943e-04 -3.786275e-01 -1.117912e-02 -3.990519e-04 9.999373e-01 2.007164e+01
9.999152e-01 1.108783e-03 -1.297265e-02 -3.453634e-01 -1.111372e-03 9.999994e-01 -1.923391e-04 -3.921357e-01 1.297242e-02 2.067411e-04 9.999157e-01 2.073025e+01
9.999596e-01 -6.313306e-04 8.962054e-03 -3.389623e-01 6.268490e-04 9.999997e-01 5.028735e-04 -4.062820e-01 -8.962380e-03 -4.972344e-04 9.999596e-01 2.140277e+01
9.998667e-01 1.148332e-03 -1.628768e-02 -3.707561e-01 -1.150262e-03 9.999993e-01 -1.091564e-04 -4.176689e-01 1.628753e-02 1.278779e-04 9.998672e-01 2.198770e+01
9.999104e-01 -5.512713e-04 1.337147e-02 -3.829238e-01 5.474771e-04 9.999998e-01 2.874119e-04 -4.347188e-01 -1.337163e-02 -2.800646e-04 9.999105e-01 2.288259e+01
9.999012e-01 1.264931e-03 -1.399993e-02 -3.971593e-01 -1.270307e-03 9.999991e-01 -3.751118e-04 -4.549149e-01 1.399943e-02 3.928599e-04 9.999018e-01 2.396082e+01
9.999089e-01 -7.081787e-04 1.347772e-02 -4.771046e-01 7.021131e-04 9.999997e-01 4.547799e-04 -4.649962e-01 -1.347805e-02 -4.452746e-04 9.999090e-01 2.462678e+01
9.999157e-01 1.368597e-03 -1.290875e-02 -9.413212e-01 -1.370540e-03 9.999991e-01 -1.416272e-04 -4.433876e-01 1.290854e-02 1.593082e-04 9.999166e-01 2.453996e+01
9.999048e-01 -7.317150e-04 1.377971e-02 -1.656860e+00 7.258283e-04 9.999996e-01 4.322057e-04 -3.996399e-01 -1.378004e-02 -4.221619e-04 9.999049e-01 2.402340e+01
9.999115e-01 1.311934e-03 -1.323886e-02 -2.338353e+00 -1.314581e-03 9.999991e-01 -1.912054e-04 -3.562802e-01 1.323858e-02 2.085930e-04 9.999122e-01 2.347138e+01
9.999212e-01 -7.758105e-04 1.252817e-02 -2.936167e+00 7.709296e-04 9.999996e-01 3.944299e-04 -3.174624e-01 -1.252849e-02 -3.847395e-04 9.999213e-01 2.295407e+01
9.998222e-01 1.390391e-03 -1.880612e-02 -3.399435e+00 -1.397126e-03 9.999990e-01 -3.449868e-04 -2.855978e-01 1.880561e-02 3.712010e-04 9.998230e-01 2.247244e+01
9.999993e-01 -2.812427e-04 1.146567e-03 -3.822689e+00 2.810093e-04 9.999999e-01 2.038062e-04 -2.473000e-01 -1.146639e-03 -2.034829e-04 9.999992e-01 2.170202e+01
9.998453e-01 1.327112e-03 -1.754121e-02 -4.234332e+00 -1.333782e-03 9.999990e-01 -3.685467e-04 -2.081621e-01 1.754068e-02 3.918868e-04 9.998460e-01 2.089275e+01
9.999224e-01 -6.525022e-04 1.243881e-02 -4.846099e+00 6.485563e-04 9.999997e-01 3.212660e-04 -1.635873e-01 -1.243904e-02 -3.131728e-04 9.999225e-01 2.019908e+01
9.999288e-01 1.311794e-03 -1.185751e-02 -5.708873e+00 -1.312928e-03 9.999991e-01 -8.790684e-05 -1.077298e-01 1.185737e-02 1.034696e-04 9.999296e-01 1.945941e+01
9.999546e-01 -6.725655e-04 9.506603e-03 -6.184669e+00 6.696948e-04 9.999997e-01 3.051677e-04 -8.394601e-02 -9.506823e-03 -2.987863e-04 9.999547e-01 1.929790e+01
9.996733e-01 1.527550e-03 -2.551252e-02 -6.257265e+00 -1.522096e-03 9.999988e-01 2.331824e-04 -9.336850e-02 2.551283e-02 -1.942727e-04 9.996744e-01 1.986301e+01
9.997924e-01 -7.568225e-04 2.035898e-02 -6.263802e+00 7.567085e-04 9.999997e-01 1.331048e-05 -1.166144e-01 -2.035900e-02 2.099151e-06 9.997926e-01 2.107700e+01
9.997648e-01 1.913845e-03 -2.160393e-02 -6.282745e+00 -1.921715e-03 9.999981e-01 -3.435535e-04 -1.504932e-01 2.160321e-02 3.849903e-04 9.997664e-01 2.294618e+01
9.997819e-01 -9.567629e-04 2.086358e-02 -6.304744e+00 9.538843e-04 9.999995e-01 1.479292e-04 -1.777416e-01 -2.086373e-02 -1.279946e-04 9.997822e-01 2.444373e+01
9.997677e-01 2.092960e-03 -2.145142e-02 -6.314560e+00 -2.104352e-03 9.999977e-01 -5.084897e-04 -2.108947e-01 2.145029e-02 5.535138e-04 9.997697e-01 2.625663e+01
9.997750e-01 -7.354291e-04 2.120120e-02 -6.328924e+00 7.353780e-04 9.999997e-01 1.021202e-05 -2.505672e-01 -2.120123e-02 5.382038e-06 9.997751e-01 2.845109e+01
9.997696e-01 1.842235e-03 -2.138465e-02 -6.363086e+00 -1.851015e-03 9.999982e-01 -3.907986e-04 -2.816974e-01 2.138388e-02 4.302927e-04 9.997711e-01 3.019668e+01
9.998131e-01 -4.379752e-04 1.932928e-02 -6.382730e+00 4.384036e-04 9.999999e-01 -1.791991e-05 -3.230261e-01 -1.932930e-02 2.639133e-05 9.998131e-01 3.249407e+01
9.996756e-01 1.560089e-03 -2.542352e-02 -6.339534e+00 -1.555050e-03 9.999988e-01 2.179502e-04 -3.598494e-01 2.542381e-02 -1.783439e-04 9.996766e-01 3.437278e+01
9.998480e-01 -7.606096e-04 1.741824e-02 -6.215762e+00 7.536518e-04 9.999996e-01 4.060209e-04 -3.947571e-01 -1.741856e-02 -3.928311e-04 9.998481e-01 3.590025e+01
9.986867e-01 2.204143e-03 -5.118566e-02 -6.200091e+00 -2.176143e-03 9.999975e-01 6.027425e-04 -4.024893e-01 5.118683e-02 -4.905628e-04 9.986889e-01 3.621363e+01
9.999966e-01 -5.521675e-05 -2.624991e-03 -6.099855e+00 5.739045e-05 9.999997e-01 8.279531e-04 -4.065985e-01 2.624915e-03 -8.280999e-04 9.999961e-01 3.626748e+01
9.983758e-01 2.436375e-03 -5.691873e-02 -5.763893e+00 -2.391400e-03 9.999968e-01 8.582608e-04 -4.204019e-01 5.692060e-02 -7.207504e-04 9.983784e-01 3.637409e+01
9.999809e-01 -6.482158e-05 -6.176552e-03 -5.429761e+00 7.092664e-05 9.999995e-01 9.881691e-04 -4.355487e-01 6.176443e-03 -9.885871e-04 9.999803e-01 3.654838e+01
9.983288e-01 2.673836e-03 -5.772779e-02 -4.978702e+00 -2.618856e-03 9.999960e-01 1.028037e-03 -4.575697e-01 5.773026e-02 -8.751366e-04 9.983317e-01 3.686056e+01
9.999567e-01 3.856951e-05 -9.305999e-03 -4.369688e+00 -2.744935e-05 9.999993e-01 1.195028e-03 -4.878625e-01 9.305986e-03 -1.194719e-03 9.999559e-01 3.731628e+01
9.984716e-01 2.534621e-03 -5.520873e-02 -3.811480e+00 -2.484852e-03 9.999964e-01 9.700823e-04 -5.174186e-01 5.521093e-02 -8.314126e-04 9.984743e-01 3.781754e+01
9.998701e-01 1.273355e-04 -1.611601e-02 -3.567746e+00 -1.071415e-04 9.999992e-01 1.253863e-03 -5.326332e-01 1.611609e-02 -1.251972e-03 9.998693e-01 3.815251e+01
9.980811e-01 2.884422e-03 -6.185334e-02 -3.272042e+00 -2.812977e-03 9.999953e-01 1.242104e-03 -5.497106e-01 6.185657e-02 -1.065727e-03 9.980844e-01 3.849440e+01
9.998079e-01 1.664692e-04 -1.959651e-02 -2.904111e+00 -1.406098e-04 9.999991e-01 1.320928e-03 -5.696244e-01 1.959664e-02 -1.317917e-03 9.998070e-01 3.884982e+01
9.982814e-01 2.734342e-03 -5.853815e-02 -2.613276e+00 -2.669095e-03 9.999957e-01 1.192737e-03 -5.871929e-01 5.854109e-02 -1.034441e-03 9.982844e-01 3.922087e+01
9.997553e-01 3.054455e-04 -2.211812e-02 -2.343091e+00 -2.758019e-04 9.999991e-01 1.343236e-03 -6.040185e-01 2.211843e-02 -1.336806e-03 9.997544e-01 3.959535e+01
9.985170e-01 2.522356e-03 -5.438265e-02 -2.095738e+00 -2.469374e-03 9.999964e-01 1.041390e-03 -6.189073e-01 5.438499e-02 -9.055524e-04 9.985196e-01 3.992185e+01
9.997585e-01 3.031348e-04 -2.197463e-02 -2.033123e+00 -2.788691e-04 9.999993e-01 1.107261e-03 -6.235956e-01 2.197486e-02 -1.100864e-03 9.997578e-01 4.009584e+01
9.986008e-01 2.519602e-03 -5.282094e-02 -2.066467e+00 -2.479994e-03 9.999966e-01 8.153709e-04 -6.226432e-01 5.282272e-02 -6.832328e-04 9.986036e-01 4.019143e+01
9.997658e-01 2.978696e-04 -2.163595e-02 -2.068069e+00 -2.719770e-04 9.999992e-01 1.199610e-03 -6.243514e-01 2.163620e-02 -1.193443e-03 9.997651e-01 4.034024e+01
9.988388e-01 2.381906e-03 -4.811768e-02 -2.106188e+00 -2.347251e-03 9.999969e-01 7.766872e-04 -6.260807e-01 4.811929e-02 -6.628394e-04 9.988413e-01 4.053772e+01
9.998638e-01 -2.119103e-05 -1.649991e-02 -2.138604e+00 3.780904e-05 9.999995e-01 1.006761e-03 -6.278882e-01 1.649978e-02 -1.007246e-03 9.998633e-01 4.073034e+01
9.990334e-01 2.342446e-03 -4.389389e-02 -2.209043e+00 -2.316499e-03 9.999971e-01 6.419429e-04 -6.273485e-01 4.389517e-02 -5.396408e-04 9.990359e-01 4.087909e+01
9.998790e-01 -9.146306e-05 -1.555156e-02 -2.268365e+00 1.062021e-04 9.999995e-01 9.468356e-04 -6.269971e-01 1.555137e-02 -9.483712e-04 9.998786e-01 4.101332e+01
9.991723e-01 2.215629e-03 -4.061544e-02 -2.296200e+00 -2.192806e-03 9.999974e-01 6.064287e-04 -6.274911e-01 4.061658e-02 -5.168637e-04 9.991746e-01 4.113365e+01
9.998650e-01 -4.901040e-05 -1.642750e-02 -2.333961e+00 6.426143e-05 9.999996e-01 9.277695e-04 -6.277303e-01 1.642734e-02 -9.286987e-04 9.998646e-01 4.125664e+01
9.993130e-01 2.054556e-03 -3.700132e-02 -2.346200e+00 -2.037313e-03 9.999978e-01 5.036714e-04 -6.281331e-01 3.700217e-02 -4.279410e-04 9.993150e-01 4.134765e+01
9.999193e-01 -1.933030e-04 -1.269789e-02 -2.342037e+00 2.034969e-04 9.999997e-01 8.013986e-04 -6.292043e-01 1.269763e-02 -8.039167e-04 9.999190e-01 4.143628e+01
9.992987e-01 2.138782e-03 -3.738196e-02 -2.374132e+00 -2.117965e-03 9.999976e-01 5.964240e-04 -6.298929e-01 3.738305e-02 -5.168310e-04 9.993008e-01 4.156025e+01
9.999996e-01 -5.401757e-04 -6.242019e-04 -2.453244e+00 5.405664e-04 9.999997e-01 6.236113e-04 -6.378432e-01 6.237694e-04 -6.239474e-04 9.999996e-01 4.213520e+01
9.998064e-01 1.598932e-03 -1.961020e-02 -2.468904e+00 -1.597313e-03 9.999987e-01 9.816049e-05 -6.501461e-01 1.961024e-02 -6.681694e-05 9.998077e-01 4.276453e+01
9.999874e-01 -8.278209e-04 4.931323e-03 -2.451626e+00 8.251602e-04 9.999995e-01 5.418433e-04 -6.606847e-01 -4.931863e-03 -5.377664e-04 9.999877e-01 4.322790e+01
9.999798e-01 1.291259e-03 -6.204928e-03 -2.442971e+00 -1.293519e-03 9.999991e-01 -3.604437e-04 -6.750383e-01 6.204363e-03 3.684635e-04 9.999807e-01 4.392414e+01
9.999765e-01 -8.473621e-04 6.789774e-03 -2.445241e+00 8.444328e-04 9.999995e-01 4.344723e-04 -6.885447e-01 -6.790233e-03 -4.287276e-04 9.999768e-01 4.459897e+01
9.999784e-01 1.311973e-03 -6.425993e-03 -2.447397e+00 -1.314493e-03 9.999991e-01 -3.880686e-04 -7.024829e-01 6.425383e-03 3.965081e-04 9.999792e-01 4.529718e+01
9.999772e-01 -8.072079e-04 6.698779e-03 -2.444647e+00 8.045478e-04 9.999996e-01 3.999741e-04 -7.181058e-01 -6.699194e-03 -3.945746e-04 9.999774e-01 4.607935e+01
9.999735e-01 1.322784e-03 -7.147145e-03 -2.441215e+00 -1.325087e-03 9.999991e-01 -3.176370e-04 -7.338775e-01 7.146624e-03 3.271000e-04 9.999744e-01 4.686973e+01
9.999792e-01 -8.371800e-04 6.385334e-03 -2.434549e+00 8.343819e-04 9.999996e-01 4.410463e-04 -7.489453e-01 -6.385795e-03 -4.357084e-04 9.999795e-01 4.761386e+01
9.999560e-01 1.260429e-03 -9.285761e-03 -2.415463e+00 -1.261728e-03 9.999992e-01 -1.341936e-04 -7.627511e-01 9.285491e-03 1.459046e-04 9.999568e-01 4.824182e+01
9.999957e-01 -6.285246e-04 -2.841026e-03 -2.392318e+00 6.304322e-04 9.999996e-01 6.702050e-04 -7.728559e-01 2.840509e-03 -6.719924e-04 9.999957e-01 4.865272e+01
9.998874e-01 1.498082e-03 -1.492643e-02 -2.351469e+00 -1.497716e-03 9.999989e-01 3.566395e-05 -7.834657e-01 1.492637e-02 -1.330367e-05 9.998886e-01 4.907079e+01
9.999812e-01 -5.464390e-04 -6.102787e-03 -2.331010e+00 5.510048e-04 9.999996e-01 7.463113e-04 -7.934200e-01 6.102284e-03 -7.496592e-04 9.999811e-01 4.948259e+01
9.997586e-01 1.688254e-03 -2.190211e-02 -2.302542e+00 -1.685076e-03 9.999986e-01 1.635087e-04 -7.995120e-01 2.190226e-02 -1.265618e-04 9.997601e-01 4.970823e+01
9.999817e-01 -5.946236e-04 -6.005210e-03 -2.291289e+00 5.992535e-04 9.999995e-01 7.690397e-04 -8.057053e-01 6.004660e-03 -7.726237e-04 9.999816e-01 4.995680e+01
9.995225e-01 1.996884e-03 -3.083155e-02 -2.332065e+00 -1.985946e-03 9.999980e-01 3.853404e-04 -8.094221e-01 3.083216e-02 -3.239261e-04 9.995245e-01 5.019656e+01
9.999802e-01 -5.638423e-04 -6.255423e-03 -2.373341e+00 5.687853e-04 9.999995e-01 7.882801e-04 -8.152066e-01 6.254889e-03 -7.918220e-04 9.999801e-01 5.054238e+01
9.991441e-01 2.379262e-03 -4.129380e-02 -2.417732e+00 -2.357651e-03 9.999971e-01 5.720028e-04 -8.161180e-01 4.129495e-02 -4.741565e-04 9.991469e-01 5.069221e+01
9.999630e-01 -5.035728e-04 -8.575343e-03 -2.471003e+00 5.108388e-04 9.999995e-01 8.450400e-04 -8.180116e-01 8.574832e-03 -8.493890e-04 9.999629e-01 5.090389e+01
9.994126e-01 2.192277e-03 -3.419687e-02 -2.504503e+00 -2.178258e-03 9.999975e-01 4.471661e-04 -8.224864e-01 3.419769e-02 -3.724136e-04 9.994150e-01 5.118804e+01
9.999359e-01 -4.710189e-04 -1.130361e-02 -2.542213e+00 4.802325e-04 9.999996e-01 8.123401e-04 -8.236960e-01 1.130315e-02 -8.177162e-04 9.999358e-01 5.133404e+01
9.998779e-01 1.578022e-03 -1.554266e-02 -2.565844e+00 -1.575700e-03 9.999987e-01 1.615591e-04 -8.323060e-01 1.554282e-02 -1.370486e-04 9.998792e-01 5.178477e+01
9.999995e-01 -9.067105e-04 2.818554e-04 -2.587170e+00 9.065815e-04 9.999995e-01 4.595121e-04 -8.423402e-01 -2.823449e-04 -4.592561e-04 9.999998e-01 5.227584e+01
9.999952e-01 1.436926e-03 -2.720789e-03 -2.594914e+00 -1.437601e-03 9.999989e-01 -2.463099e-04 -8.577262e-01 2.720360e-03 2.502203e-04 9.999963e-01 5.305890e+01
9.999982e-01 -8.866311e-04 1.619708e-03 -2.613022e+00 8.861544e-04 9.999996e-01 2.953440e-04 -8.728905e-01 -1.620042e-03 -2.939079e-04 9.999986e-01 5.385792e+01
9.999881e-01 1.401654e-03 -4.661352e-03 -2.637484e+00 -1.402010e-03 9.999990e-01 -7.319783e-05 -8.865188e-01 4.661172e-03 7.973238e-05 9.999891e-01 5.458148e+01
9.999962e-01 -8.503984e-04 2.570787e-03 -2.652657e+00 8.498293e-04 9.999996e-01 2.226305e-04 -9.017585e-01 -2.571047e-03 -2.204447e-04 9.999967e-01 5.537914e+01
9.999926e-01 1.432669e-03 -3.539928e-03 -2.677433e+00 -1.433397e-03 9.999990e-01 -2.031993e-04 -9.174317e-01 3.539561e-03 2.082721e-04 9.999937e-01 5.622135e+01
9.999965e-01 -9.335746e-04 2.431643e-03 -2.757519e+00 9.328361e-04 9.999995e-01 3.049772e-04 -9.267821e-01 -2.431998e-03 -3.027076e-04 9.999970e-01 5.684396e+01
9.999919e-01 1.455188e-03 -3.735947e-03 -2.820904e+00 -1.456001e-03 9.999989e-01 -2.151359e-04 -9.381138e-01 3.735558e-03 2.205738e-04 9.999930e-01 5.753712e+01
9.999978e-01 -9.936078e-04 1.807592e-03 -2.899691e+00 9.929596e-04 9.999994e-01 3.595852e-04 -9.471300e-01 -1.808020e-03 -3.577894e-04 9.999983e-01 5.813049e+01
9.999782e-01 1.453205e-03 -6.424104e-03 -2.986548e+00 -1.453885e-03 9.999989e-01 -1.011971e-04 -9.547276e-01 6.423879e-03 1.105348e-04 9.999793e-01 5.865119e+01
9.999917e-01 -9.441804e-04 3.937664e-03 -3.035096e+00 9.431846e-04 9.999995e-01 2.547916e-04 -9.669919e-01 -3.937974e-03 -2.510754e-04 9.999922e-01 5.935499e+01
9.999844e-01 1.465480e-03 -5.373564e-03 -3.112305e+00 -1.466360e-03 9.999989e-01 -1.597706e-04 -9.774807e-01 5.373253e-03 1.676477e-04 9.999855e-01 6.003158e+01
9.999893e-01 -9.049614e-04 4.507409e-03 -3.140258e+00 9.040034e-04 9.999996e-01 2.146029e-04 -9.920374e-01 -4.507672e-03 -2.105258e-04 9.999898e-01 6.082079e+01
9.999852e-01 1.421029e-03 -5.239406e-03 -3.231484e+00 -1.421538e-03 9.999990e-01 -9.333833e-05 -1.000155e+00 5.239197e-03 1.007849e-04 9.999863e-01 6.140687e+01
9.999911e-01 -9.043035e-04 4.100555e-03 -3.250189e+00 9.034898e-04 9.999996e-01 2.002977e-04 -1.014025e+00 -4.100806e-03 -1.965911e-04 9.999916e-01 6.213953e+01
9.999821e-01 1.464045e-03 -5.781304e-03 -3.250204e+00 -1.464482e-03 9.999989e-01 -7.133385e-05 -1.030278e+00 5.781122e-03 7.979914e-05 9.999833e-01 6.296533e+01
9.999923e-01 -8.904006e-04 3.790764e-03 -3.252794e+00 8.895620e-04 9.999996e-01 2.228978e-04 -1.046814e+00 -3.791032e-03 -2.195240e-04 9.999928e-01 6.381073e+01
9.999861e-01 1.481751e-03 -5.039559e-03 -3.259300e+00 -1.482558e-03 9.999989e-01 -1.562451e-04 -1.063697e+00 5.039251e-03 1.637143e-04 9.999873e-01 6.468334e+01
9.999855e-01 -8.944796e-04 5.297097e-03 -3.265872e+00 8.939367e-04 9.999996e-01 1.048318e-04 -1.081106e+00 -5.297260e-03 -1.000950e-04 9.999859e-01 6.558621e+01
9.999829e-01 1.507576e-03 -5.637770e-03 -3.270326e+00 -1.508337e-03 9.999989e-01 -1.306618e-04 -1.099287e+00 5.637496e-03 1.391630e-04 9.999841e-01 6.652939e+01
9.999865e-01 -8.825306e-04 5.108489e-03 -3.274651e+00 8.818866e-04 9.999996e-01 1.282706e-04 -1.117672e+00 -5.108671e-03 -1.237638e-04 9.999869e-01 6.748451e+01
9.999877e-01 1.488337e-03 -4.723641e-03 -3.280304e+00 -1.489296e-03 9.999989e-01 -1.993052e-04 -1.135692e+00 4.723268e-03 2.063374e-04 9.999888e-01 6.842117e+01
9.999885e-01 -9.076465e-04 4.683615e-03 -3.287841e+00 9.068686e-04 9.999996e-01 1.681404e-04 -1.152830e+00 -4.683837e-03 -1.638912e-04 9.999890e-01 6.931063e+01
9.999866e-01 1.451156e-03 -4.945942e-03 -3.296521e+00 -1.451965e-03 9.999989e-01 -1.599991e-04 -1.168688e+00 4.945634e-03 1.671781e-04 9.999877e-01 7.012829e+01
9.999853e-01 -9.118895e-04 5.327593e-03 -3.304011e+00 9.111973e-04 9.999996e-01 1.322661e-04 -1.184720e+00 -5.327782e-03 -1.274099e-04 9.999858e-01 7.095459e+01
9.999845e-01 1.452873e-03 -5.357928e-03 -3.310979e+00 -1.453626e-03 9.999989e-01 -1.365480e-04 -1.200778e+00 5.357653e-03 1.443341e-04 9.999856e-01 7.178043e+01
9.999839e-01 -8.965737e-04 5.587932e-03 -3.318545e+00 8.959831e-04 9.999996e-01 1.081016e-04 -1.217235e+00 -5.588098e-03 -1.030934e-04 9.999844e-01 7.263103e+01
9.999841e-01 1.512724e-03 -5.417693e-03 -3.333826e+00 -1.513724e-03 9.999988e-01 -1.803433e-04 -1.234845e+00 5.417343e-03 1.885410e-04 9.999853e-01 7.356242e+01
9.999832e-01 -8.232576e-04 5.721096e-03 -3.349226e+00 8.229179e-04 9.999997e-01 6.161650e-05 -1.254557e+00 -5.721215e-03 -5.690774e-05 9.999836e-01 7.461582e+01
9.999848e-01 1.586623e-03 -5.262695e-03 -3.366367e+00 -1.587901e-03 9.999987e-01 -2.384861e-04 -1.276339e+00 5.262239e-03 2.468388e-04 9.999861e-01 7.579057e+01
9.999839e-01 -8.659996e-04 5.586342e-03 -3.384352e+00 8.654722e-04 9.999996e-01 9.667896e-05 -1.296859e+00 -5.586494e-03 -9.184290e-05 9.999844e-01 7.689392e+01
9.999844e-01 1.563181e-03 -5.352983e-03 -3.403816e+00 -1.564425e-03 9.999988e-01 -2.280124e-04 -1.316718e+00 5.352549e-03 2.363828e-04 9.999856e-01 7.796240e+01
9.999825e-01 -8.872146e-04 5.835746e-03 -3.420827e+00 8.866024e-04 9.999996e-01 1.073383e-04 -1.336085e+00 -5.835910e-03 -1.021628e-04 9.999830e-01 7.899764e+01
9.999853e-01 1.514313e-03 -5.183569e-03 -3.436762e+00 -1.515419e-03 9.999988e-01 -2.091967e-04 -1.354212e+00 5.183175e-03 2.170484e-04 9.999865e-01 7.995903e+01
9.999835e-01 -8.273495e-04 5.676708e-03 -3.442421e+00 8.268536e-04 9.999997e-01 8.951837e-05 -1.374491e+00 -5.676851e-03 -8.482350e-05 9.999839e-01 8.102618e+01
9.999856e-01 1.503509e-03 -5.135682e-03 -3.440726e+00 -1.504558e-03 9.999988e-01 -2.002737e-04 -1.394769e+00 5.135304e-03 2.079972e-04 9.999868e-01 8.207877e+01
9.999794e-01 -8.640440e-04 6.352200e-03 -3.437928e+00 8.634155e-04 9.999996e-01 1.015031e-04 -1.414178e+00 -6.352357e-03 -9.601685e-05 9.999798e-01 8.307869e+01
9.999952e-01 1.442085e-03 -2.721709e-03 -3.429355e+00 -1.442675e-03 9.999989e-01 -2.142697e-04 -1.432366e+00 2.721325e-03 2.181947e-04 9.999963e-01 8.400177e+01
9.999809e-01 -8.486023e-04 6.115512e-03 -3.425517e+00 8.480128e-04 9.999996e-01 9.877638e-05 -1.450445e+00 -6.115666e-03 -9.358898e-05 9.999813e-01 8.492647e+01
9.999914e-01 1.489520e-03 -3.845329e-03 -3.426920e+00 -1.490419e-03 9.999989e-01 -2.307530e-04 -1.469864e+00 3.844909e-03 2.364816e-04 9.999926e-01 8.593482e+01
9.999835e-01 -8.320287e-04 5.661426e-03 -3.426275e+00 8.314608e-04 9.999996e-01 1.024238e-04 -1.489795e+00 -5.661581e-03 -9.771540e-05 9.999840e-01 8.696961e+01
9.999899e-01 1.525552e-03 -4.219203e-03 -3.429495e+00 -1.526683e-03 9.999988e-01 -2.646248e-04 -1.510602e+00 4.218722e-03 2.710629e-04 9.999910e-01 8.806215e+01
9.999803e-01 -8.340499e-04 6.207657e-03 -3.431968e+00 8.334068e-04 9.999996e-01 1.059350e-04 -1.531352e+00 -6.207815e-03 -1.007601e-04 9.999807e-01 8.914910e+01
9.999894e-01 1.519005e-03 -4.320540e-03 -3.441527e+00 -1.520209e-03 9.999988e-01 -2.751883e-04 -1.551511e+00 4.320045e-03 2.817528e-04 9.999906e-01 9.021575e+01
9.999826e-01 -7.696369e-04 5.829632e-03 -3.457977e+00 7.692328e-04 9.999997e-01 7.127010e-05 -1.573045e+00 -5.829758e-03 -6.678521e-05 9.999830e-01 9.137567e+01
9.999884e-01 1.530236e-03 -4.537943e-03 -3.466951e+00 -1.531521e-03 9.999988e-01 -2.793925e-04 -1.595550e+00 4.537437e-03 2.863384e-04 9.999896e-01 9.257833e+01
9.999848e-01 -7.739701e-04 5.449215e-03 -3.482930e+00 7.734744e-04 9.999997e-01 9.275805e-05 -1.617292e+00 -5.449358e-03 -8.854257e-05 9.999851e-01 9.374886e+01
9.999896e-01 1.526783e-03 -4.280660e-03 -3.500906e+00 -1.528057e-03 9.999988e-01 -2.938562e-04 -1.638893e+00 4.280134e-03 3.003934e-04 9.999908e-01 9.491407e+01
9.999841e-01 -7.911294e-04 5.573741e-03 -3.509425e+00 7.905225e-04 9.999997e-01 1.107527e-04 -1.660505e+00 -5.573899e-03 -1.063456e-04 9.999844e-01 9.606326e+01
9.999887e-01 1.539392e-03 -4.474080e-03 -3.515539e+00 -1.540745e-03 9.999988e-01 -2.985284e-04 -1.682614e+00 4.473542e-03 3.054175e-04 9.999899e-01 9.723706e+01
9.999841e-01 -7.523317e-04 5.571753e-03 -3.525673e+00 7.518382e-04 9.999997e-01 9.029736e-05 -1.705522e+00 -5.571893e-03 -8.610775e-05 9.999845e-01 9.846458e+01
9.999878e-01 1.493879e-03 -4.698081e-03 -3.535527e+00 -1.495151e-03 9.999988e-01 -2.668124e-04 -1.727161e+00 4.697603e-03 2.738325e-04 9.999889e-01 9.961746e+01
9.999847e-01 -7.325130e-04 5.460156e-03 -3.538274e+00 7.320006e-04 9.999997e-01 9.544123e-05 -1.749582e+00 -5.460297e-03 -9.144388e-05 9.999851e-01 1.008023e+02
9.999875e-01 1.524335e-03 -4.739796e-03 -3.540836e+00 -1.525726e-03 9.999988e-01 -2.892541e-04 -1.772877e+00 4.739276e-03 2.964810e-04 9.999887e-01 1.020376e+02
9.999838e-01 -7.257833e-04 5.627620e-03 -3.549064e+00 7.253308e-04 9.999997e-01 8.203349e-05 -1.796253e+00 -5.627751e-03 -7.795129e-05 9.999841e-01 1.032880e+02
9.999876e-01 1.497445e-03 -4.730252e-03 -3.563357e+00 -1.498798e-03 9.999988e-01 -2.821210e-04 -1.818503e+00 4.729751e-03 2.892061e-04 9.999888e-01 1.044848e+02
9.999833e-01 -7.499033e-04 5.723449e-03 -3.575261e+00 7.493484e-04 9.999997e-01 9.865163e-05 -1.840307e+00 -5.723595e-03 -9.436220e-05 9.999836e-01 1.056518e+02
9.999856e-01 1.452620e-03 -5.151377e-03 -3.589897e+00 -1.453893e-03 9.999989e-01 -2.430557e-04 -1.860542e+00 5.150945e-03 2.505406e-04 9.999867e-01 1.067326e+02
9.999841e-01 -7.822553e-04 5.576960e-03 -3.602920e+00 7.815460e-04 9.999997e-01 1.288971e-04 -1.879970e+00 -5.577132e-03 -1.245375e-04 9.999844e-01 1.077645e+02
9.999845e-01 1.421378e-03 -5.366979e-03 -3.615528e+00 -1.422568e-03 9.999990e-01 -2.173017e-04 -1.898435e+00 5.366591e-03 2.249320e-04 9.999856e-01 1.087387e+02
9.999850e-01 -8.276969e-04 5.407076e-03 -3.629160e+00 8.267767e-04 9.999996e-01 1.719166e-04 -1.915378e+00 -5.407290e-03 -1.674447e-04 9.999854e-01 1.096288e+02
9.999866e-01 1.478791e-03 -4.936500e-03 -3.641888e+00 -1.480189e-03 9.999989e-01 -2.789620e-04 -1.934257e+00 4.936009e-03 2.862639e-04 9.999878e-01 1.106285e+02
9.999867e-01 -8.820205e-04 5.069170e-03 -3.719660e+00 8.803719e-04 9.999996e-01 3.268831e-04 -1.945403e+00 -5.069529e-03 -3.224172e-04 9.999871e-01 1.113516e+02
9.999862e-01 1.498971e-03 -5.011087e-03 -3.754361e+00 -1.500815e-03 9.999988e-01 -3.638202e-04 -1.961239e+00 5.010462e-03 3.713346e-04 9.999874e-01 1.122254e+02
9.999841e-01 -8.246354e-04 5.560585e-03 -3.771213e+00 8.233019e-04 9.999996e-01 2.415769e-04 -1.980532e+00 -5.560856e-03 -2.369963e-04 9.999845e-01 1.132562e+02
9.999850e-01 1.500456e-03 -5.258977e-03 -3.798214e+00 -1.502329e-03 9.999988e-01 -3.517133e-04 -1.998890e+00 5.258370e-03 3.596074e-04 9.999861e-01 1.142538e+02
9.999828e-01 -8.685028e-04 5.781562e-03 -3.949178e+00 8.660867e-04 9.999995e-01 4.198609e-04 -2.005620e+00 -5.781998e-03 -4.148477e-04 9.999832e-01 1.149092e+02
9.999848e-01 1.497440e-03 -5.294123e-03 -4.008540e+00 -1.499771e-03 9.999988e-01 -4.359416e-04 -2.019669e+00 5.293390e-03 4.438736e-04 9.999859e-01 1.157436e+02
9.999831e-01 -8.970355e-04 5.731608e-03 -4.156325e+00 8.939277e-04 9.999995e-01 5.442157e-04 -2.025411e+00 -5.732167e-03 -5.390842e-04 9.999834e-01 1.163397e+02
9.999835e-01 1.474853e-03 -5.529409e-03 -4.285657e+00 -1.477345e-03 9.999988e-01 -4.460515e-04 -2.032200e+00 5.528671e-03 4.542116e-04 9.999846e-01 1.169491e+02
9.999813e-01 -8.557807e-04 6.035199e-03 -4.426899e+00 8.527040e-04 9.999995e-01 5.118158e-04 -2.039497e+00 -6.035707e-03 -5.066614e-04 9.999816e-01 1.176135e+02
9.999854e-01 1.459837e-03 -5.195887e-03 -4.460864e+00 -1.462860e-03 9.999988e-01 -5.774613e-04 -2.055498e+00 5.194964e-03 5.850523e-04 9.999863e-01 1.184953e+02
9.999824e-01 -8.483323e-04 5.850302e-03 -4.500317e+00 8.452227e-04 9.999995e-01 5.334077e-04 -2.071015e+00 -5.850825e-03 -5.284550e-04 9.999827e-01 1.193624e+02
9.999871e-01 1.460788e-03 -4.848118e-03 -4.572105e+00 -1.463509e-03 9.999988e-01 -5.569408e-04 -2.083925e+00 4.847225e-03 5.640273e-04 9.999881e-01 1.201672e+02
9.999826e-01 -8.752073e-04 5.821168e-03 -4.585948e+00 8.724456e-04 9.999995e-01 4.763387e-04 -2.101045e+00 -5.821656e-03 -4.712533e-04 9.999829e-01 1.210680e+02
9.999868e-01 1.406828e-03 -4.927388e-03 -4.628282e+00 -1.409059e-03 9.999989e-01 -4.485496e-04 -2.113666e+00 4.926678e-03 4.554850e-04 9.999877e-01 1.217882e+02
9.999724e-01 -9.337941e-04 7.360991e-03 -4.670418e+00 9.300693e-04 9.999994e-01 5.089412e-04 -2.124799e+00 -7.361537e-03 -5.020825e-04 9.999728e-01 1.224344e+02
9.999838e-01 1.424913e-03 -5.487100e-03 -4.686394e+00 -1.427724e-03 9.999989e-01 -5.077041e-04 -2.138658e+00 5.486296e-03 5.155283e-04 9.999848e-01 1.231660e+02
9.999769e-01 -8.578179e-04 6.725821e-03 -4.693253e+00 8.548232e-04 9.999995e-01 4.475704e-04 -2.155453e+00 -6.726276e-03 -4.418123e-04 9.999773e-01 1.240358e+02
9.999835e-01 1.452933e-03 -5.541198e-03 -4.698328e+00 -1.455915e-03 9.999988e-01 -5.334653e-04 -2.173318e+00 5.540342e-03 5.415224e-04 9.999845e-01 1.249635e+02
9.999774e-01 -8.601476e-04 6.648695e-03 -4.704798e+00 8.570931e-04 9.999995e-01 4.616794e-04 -2.190897e+00 -6.649164e-03 -4.559721e-04 9.999778e-01 1.258773e+02
9.999859e-01 1.383468e-03 -5.113070e-03 -4.738436e+00 -1.385734e-03 9.999989e-01 -4.387980e-04 -2.203978e+00 5.112383e-03 4.458754e-04 9.999868e-01 1.266039e+02
9.999764e-01 -8.391527e-04 6.809348e-03 -4.775264e+00 8.362261e-04 9.999996e-01 4.320650e-04 -2.217682e+00 -6.809782e-03 -4.263623e-04 9.999767e-01 1.273707e+02
9.999817e-01 1.458602e-03 -5.850386e-03 -4.790634e+00 -1.461814e-03 9.999988e-01 -5.440689e-04 -2.235789e+00 5.849511e-03 5.526093e-04 9.999827e-01 1.283327e+02
9.999749e-01 -8.180323e-04 7.020686e-03 -4.798879e+00 8.149702e-04 9.999996e-01 4.384444e-04 -2.254868e+00 -7.021116e-03 -4.327135e-04 9.999752e-01 1.293365e+02
9.999854e-01 1.394770e-03 -5.209503e-03 -4.803249e+00 -1.397435e-03 9.999989e-01 -5.071319e-04 -2.272321e+00 5.208715e-03 5.144026e-04 9.999863e-01 1.302376e+02
9.999794e-01 -8.281565e-04 6.352267e-03 -4.809699e+00 8.252787e-04 9.999996e-01 4.550033e-04 -2.289311e+00 -6.352716e-03 -4.497534e-04 9.999797e-01 1.311163e+02
9.999872e-01 1.356610e-03 -4.860715e-03 -4.822147e+00 -1.358931e-03 9.999990e-01 -4.733317e-04 -2.304564e+00 4.859993e-03 4.799291e-04 9.999881e-01 1.319106e+02
9.999800e-01 -7.945441e-04 6.254514e-03 -4.830586e+00 7.919521e-04 9.999996e-01 4.162259e-04 -2.321168e+00 -6.254918e-03 -4.112662e-04 9.999803e-01 1.327717e+02
9.999887e-01 1.378850e-03 -4.520873e-03 -4.850441e+00 -1.381123e-03 9.999989e-01 -4.988006e-04 -2.337661e+00 4.520105e-03 5.050369e-04 9.999896e-01 1.336527e+02
9.999818e-01 -7.568262e-04 5.969450e-03 -4.862329e+00 7.545638e-04 9.999996e-01 3.805183e-04 -2.355927e+00 -5.969811e-03 -3.760090e-04 9.999821e-01 1.346155e+02
9.999930e-01 1.332995e-03 -3.481893e-03 -4.871706e+00 -1.334646e-03 9.999990e-01 -4.705877e-04 -2.373056e+00 3.481187e-03 4.752295e-04 9.999938e-01 1.355100e+02
9.999868e-01 -7.302725e-04 5.071897e-03 -4.888040e+00 7.283572e-04 9.999997e-01 3.786060e-04 -2.390219e+00 -5.072248e-03 -3.749089e-04 9.999870e-01 1.364210e+02
9.999938e-01 1.309897e-03 -3.250125e-03 -4.910318e+00 -1.311398e-03 9.999990e-01 -4.584589e-04 -2.406432e+00 3.249446e-03 4.627162e-04 9.999946e-01 1.372938e+02
9.999826e-01 -7.465879e-04 5.836853e-03 -4.924321e+00 7.443415e-04 9.999996e-01 3.862635e-04 -2.422931e+00 -5.837215e-03 -3.819143e-04 9.999829e-01 1.381654e+02
9.999946e-01 1.324804e-03 -2.969213e-03 -4.997200e+00 -1.325987e-03 9.999990e-01 -3.950138e-04 -2.434682e+00 2.968611e-03 3.989467e-04 9.999955e-01 1.389168e+02
9.999804e-01 -7.917793e-04 6.196577e-03 -5.049942e+00 7.894241e-04 9.999996e-01 3.817865e-04 -2.447256e+00 -6.196953e-03 -3.768893e-04 9.999807e-01 1.396670e+02
9.999924e-01 1.350487e-03 -3.634347e-03 -5.066133e+00 -1.352178e-03 9.999990e-01 -4.617038e-04 -2.463489e+00 3.633643e-03 4.666124e-04 9.999933e-01 1.405290e+02
9.999791e-01 -8.045536e-04 6.406597e-03 -5.081186e+00 8.020063e-04 9.999996e-01 3.994533e-04 -2.479239e+00 -6.406992e-03 -3.943090e-04 9.999794e-01 1.413641e+02
9.999956e-01 1.347365e-03 -2.624407e-03 -5.121427e+00 -1.348487e-03 9.999990e-01 -4.240221e-04 -2.491929e+00 2.623756e-03 4.275570e-04 9.999964e-01 1.420954e+02
9.999787e-01 -8.035388e-04 6.469485e-03 -5.220641e+00 8.005438e-04 9.999996e-01 4.647919e-04 -2.500311e+00 -6.469933e-03 -4.596051e-04 9.999789e-01 1.427296e+02
9.999936e-01 1.339544e-03 -3.280702e-03 -5.309600e+00 -1.340981e-03 9.999990e-01 -4.344313e-04 -2.509631e+00 3.280040e-03 4.388256e-04 9.999945e-01 1.433880e+02
9.999708e-01 -8.304490e-04 7.580198e-03 -5.372154e+00 8.269411e-04 9.999995e-01 4.652731e-04 -2.519796e+00 -7.580659e-03 -4.589935e-04 9.999711e-01 1.440358e+02
9.999987e-01 1.268927e-03 -8.896611e-04 -5.478266e+00 -1.269305e-03 9.999991e-01 -4.184594e-04 -2.524934e+00 8.890512e-04 4.195858e-04 9.999995e-01 1.445249e+02
9.999591e-01 -8.441592e-04 8.996728e-03 -5.568053e+00 8.405133e-04 9.999996e-01 4.084886e-04 -2.531640e+00 -8.997147e-03 -4.009123e-04 9.999594e-01 1.450673e+02
9.999992e-01 1.222701e-03 -1.866827e-05 -5.621651e+00 -1.222715e-03 9.999991e-01 -5.013762e-04 -2.540857e+00 1.797606e-05 5.013962e-04 9.999999e-01 1.456657e+02
9.999269e-01 -9.796506e-04 1.204160e-02 -5.640005e+00 9.755118e-04 9.999995e-01 3.491714e-04 -2.550685e+00 -1.204201e-02 -3.374016e-04 9.999274e-01 1.462298e+02
9.999992e-01 1.201843e-03 1.469970e-04 -5.688444e+00 -1.201780e-03 9.999992e-01 -4.600641e-04 -2.557490e+00 -1.476304e-04 4.598846e-04 9.999999e-01 1.467003e+02
9.998070e-01 -1.203128e-03 1.960463e-02 -5.704226e+00 1.201004e-03 9.999993e-01 1.198609e-04 -2.565211e+00 -1.960484e-02 -9.629496e-05 9.998078e-01 1.471665e+02
9.999682e-01 9.708559e-04 7.906207e-03 -5.693327e+00 -9.646351e-04 9.999992e-01 -7.912059e-04 -2.573718e+00 -7.907052e-03 7.835515e-04 9.999684e-01 1.476237e+02
9.998741e-01 -1.079908e-03 1.582377e-02 -5.678141e+00 1.075279e-03 9.999994e-01 3.007623e-04 -2.582886e+00 -1.582417e-02 -2.837121e-04 9.998747e-01 1.481066e+02
9.999220e-01 8.023540e-04 1.245649e-02 -5.642868e+00 -7.902321e-04 9.999992e-01 -9.784118e-04 -2.592028e+00 -1.245735e-02 9.684893e-04 9.999219e-01 1.485498e+02
9.999448e-01 -9.333604e-04 1.045759e-02 -5.629300e+00 9.277734e-04 9.999994e-01 5.386377e-04 -2.599637e+00 -1.045817e-02 -5.289085e-04 9.999451e-01 1.489577e+02
9.999727e-01 9.626894e-04 7.309653e-03 -5.594173e+00 -9.560735e-04 9.999991e-01 -9.091823e-04 -2.610453e+00 -7.310610e-03 9.021662e-04 9.999728e-01 1.494729e+02
9.999436e-01 -9.724726e-04 1.057264e-02 -5.566327e+00 9.659170e-04 9.999993e-01 6.246876e-04 -2.619646e+00 -1.057333e-02 -6.144429e-04 9.999439e-01 1.499207e+02
9.998614e-01 6.822126e-04 1.662995e-02 -5.508786e+00 -6.611184e-04 9.999990e-01 -1.274191e-03 -2.628801e+00 -1.663089e-02 1.263018e-03 9.998609e-01 1.503202e+02
9.999935e-01 -5.420865e-04 -3.530972e-03 -5.445504e+00 5.455839e-04 9.999994e-01 9.909302e-04 -2.642069e+00 3.530342e-03 -9.928533e-04 9.999932e-01 1.508882e+02
9.998901e-01 6.964133e-04 1.480670e-02 -5.394488e+00 -6.794344e-04 9.999991e-01 -1.152014e-03 -2.653659e+00 -1.480758e-02 1.141824e-03 9.998897e-01 1.513918e+02
9.999992e-01 -6.466433e-04 -9.994431e-04 -5.362446e+00 6.476089e-04 9.999993e-01 9.709008e-04 -2.662284e+00 9.987229e-04 -9.715504e-04 9.999990e-01 1.517896e+02
9.999368e-01 8.470889e-04 1.120373e-02 -5.346961e+00 -8.349229e-04 9.999991e-01 -1.090940e-03 -2.671925e+00 -1.120474e-02 1.081513e-03 9.999366e-01 1.522623e+02
9.999775e-01 -3.580960e-04 -6.693266e-03 -5.389739e+00 3.656556e-04 9.999993e-01 1.128953e-03 -2.681241e+00 6.692764e-03 -1.131378e-03 9.999769e-01 1.528216e+02
9.999455e-01 8.346724e-04 1.039988e-02 -5.447330e+00 -8.235326e-04 9.999991e-01 -1.075838e-03 -2.690288e+00 -1.040086e-02 1.067212e-03 9.999453e-01 1.533953e+02
9.999840e-01 -4.763472e-04 -5.625761e-03 -5.428956e+00 4.823612e-04 9.999993e-01 1.068546e-03 -2.702174e+00 5.625156e-03 -1.071246e-03 9.999836e-01 1.539582e+02
9.999490e-01 8.134314e-04 1.005732e-02 -5.409024e+00 -8.032139e-04 9.999992e-01 -1.020393e-03 -2.712732e+00 -1.005823e-02 1.012260e-03 9.999489e-01 1.544458e+02
9.999775e-01 -4.034472e-04 -6.679574e-03 -5.378287e+00 4.102665e-04 9.999994e-01 1.020307e-03 -2.725856e+00 6.679065e-03 -1.023028e-03 9.999771e-01 1.550401e+02
9.999744e-01 8.486082e-04 7.095452e-03 -5.338990e+00 -8.419602e-04 9.999992e-01 -9.405410e-04 -2.740534e+00 -7.096337e-03 9.345396e-04 9.999744e-01 1.556983e+02
9.999651e-01 -3.571619e-04 -8.339680e-03 -5.306785e+00 3.665372e-04 9.999993e-01 1.123253e-03 -2.756616e+00 8.339180e-03 -1.126274e-03 9.999646e-01 1.564426e+02
9.999640e-01 8.039135e-04 8.433362e-03 -5.280024e+00 -7.951888e-04 9.999991e-01 -1.038411e-03 -2.770955e+00 -8.434283e-03 1.031664e-03 9.999639e-01 1.571056e+02
9.999486e-01 -4.335619e-04 -1.012538e-02 -5.194970e+00 4.472644e-04 9.999990e-01 1.351545e-03 -2.785673e+00 1.012469e-02 -1.356008e-03 9.999478e-01 1.576623e+02
9.999656e-01 8.223737e-04 8.240553e-03 -5.105170e+00 -8.140762e-04 9.999992e-01 -1.010796e-03 -2.800860e+00 -8.241470e-03 1.004050e-03 9.999655e-01 1.582378e+02
9.999425e-01 -4.132338e-04 -1.070654e-02 -5.038252e+00 4.282227e-04 9.999989e-01 1.398177e-03 -2.816528e+00 1.070585e-02 -1.402685e-03 9.999417e-01 1.588760e+02
9.999895e-01 9.227249e-04 4.468544e-03 -4.990575e+00 -9.186178e-04 9.999992e-01 -9.221634e-04 -2.830849e+00 -4.469484e-03 9.180455e-04 9.999896e-01 1.594655e+02
9.999735e-01 -5.267234e-04 -7.248541e-03 -4.959539e+00 5.360265e-04 9.999990e-01 1.282248e-03 -2.844252e+00 7.247766e-03 -1.286103e-03 9.999729e-01 1.600515e+02
9.999965e-01 1.133072e-03 -2.349426e-03 -4.930600e+00 -1.134873e-03 9.999991e-01 -7.633718e-04 -2.856126e+00 2.348467e-03 7.660321e-04 9.999969e-01 1.605364e+02
9.994659e-01 3.113850e-04 -3.267482e-02 -4.881337e+00 -2.509348e-04 9.999982e-01 1.854294e-03 -2.863756e+00 3.267525e-02 -1.845108e-03 9.994643e-01 1.608292e+02
9.999993e-01 1.082978e-03 -3.268161e-06 -4.821872e+00 -1.082985e-03 9.999991e-01 -8.198716e-04 -2.871403e+00 2.291223e-06 8.198714e-04 9.999996e-01 1.610997e+02
9.992707e-01 4.562913e-04 -3.818002e-02 -4.766382e+00 -3.833519e-04 9.999981e-01 1.917846e-03 -2.877093e+00 3.818073e-02 -1.901814e-03 9.992690e-01 1.612949e+02
9.999980e-01 1.160768e-03 -1.568796e-03 -4.677004e+00 -1.161939e-03 9.999990e-01 -7.424444e-04 -2.883297e+00 1.567848e-03 7.442627e-04 9.999985e-01 1.614603e+02
9.994117e-01 2.726111e-04 -3.429364e-02 -4.582418e+00 -2.077094e-04 9.999982e-01 1.896238e-03 -2.892655e+00 3.429401e-02 -1.888003e-03 9.994100e-01 1.617598e+02
9.999793e-01 9.759156e-04 6.345300e-03 -4.430699e+00 -9.701226e-04 9.999991e-01 -9.168541e-04 -2.905024e+00 -6.346271e-03 9.106765e-04 9.999794e-01 1.620814e+02
9.991799e-01 4.144063e-04 -4.048712e-02 -4.271270e+00 -3.341451e-04 9.999980e-01 1.989277e-03 -2.915492e+00 4.048778e-02 -1.974120e-03 9.991781e-01 1.623158e+02
9.999525e-01 8.841714e-04 9.702088e-03 -4.169240e+00 -8.750697e-04 9.999992e-01 -9.429205e-04 -2.925172e+00 -9.702991e-03 9.343829e-04 9.999525e-01 1.626052e+02
9.993983e-01 2.631127e-04 -3.468215e-02 -4.088033e+00 -1.974558e-04 9.999982e-01 1.896685e-03 -2.938101e+00 3.468251e-02 -1.888699e-03 9.993966e-01 1.630752e+02
9.999588e-01 9.155195e-04 9.024951e-03 -4.023045e+00 -9.073309e-04 9.999992e-01 -9.120503e-04 -2.950429e+00 -9.025853e-03 9.038214e-04 9.999588e-01 1.635389e+02
9.998940e-01 -4.231799e-04 -1.454785e-02 -3.988305e+00 4.428912e-04 9.999990e-01 1.352155e-03 -2.965977e+00 1.454719e-02 -1.358458e-03 9.998932e-01 1.642361e+02
9.999120e-01 1.022709e-03 1.322252e-02 -3.958857e+00 -1.006534e-03 9.999987e-01 -1.230341e-03 -2.984336e+00 -1.322383e-02 1.216921e-03 9.999118e-01 1.651239e+02
9.998774e-01 -5.002315e-04 -1.564190e-02 -3.913754e+00 5.240233e-04 9.999987e-01 1.517363e-03 -3.001829e+00 1.564104e-02 -1.525376e-03 9.998765e-01 1.659148e+02
9.999402e-01 9.816091e-04 1.088310e-02 -3.857805e+00 -9.700921e-04 9.999990e-01 -1.064044e-03 -3.017565e+00 -1.088420e-02 1.053420e-03 9.999402e-01 1.665685e+02
9.997883e-01 -3.377572e-04 -2.056848e-02 -3.798405e+00 3.708914e-04 9.999986e-01 1.607432e-03 -3.032976e+00 2.056783e-02 -1.614723e-03 9.997871e-01 1.671930e+02
9.999291e-01 9.491208e-04 1.186318e-02 -3.736346e+00 -9.365344e-04 9.999990e-01 -1.066993e-03 -3.048163e+00 -1.186425e-02 1.055804e-03 9.999290e-01 1.678035e+02
9.998749e-01 -4.944072e-04 -1.580366e-02 -3.695916e+00 5.172733e-04 9.999988e-01 1.443227e-03 -3.062731e+00 1.580285e-02 -1.451224e-03 9.998741e-01 1.684270e+02
9.999419e-01 9.789304e-04 1.073047e-02 -3.662760e+00 -9.679428e-04 9.999990e-01 -1.029698e-03 -3.077259e+00 -1.073154e-02 1.019249e-03 9.999419e-01 1.690578e+02
9.997365e-01 -2.530694e-04 -2.294823e-02 -3.610810e+00 2.900704e-04 9.999987e-01 1.609330e-03 -3.092514e+00 2.294772e-02 -1.615565e-03 9.997353e-01 1.696836e+02
