9.999802e-01 1.022309e-03 -6.201795e-03 -1.052641e-01 -1.020890e-03 9.999995e-01 2.319180e-04 -6.312074e-04 6.202029e-03 -2.255816e-04 9.999806e-01 4.505906e-01
9.999963e-01 -6.608328e-04 2.622765e-03 4.869945e-01 6.616944e-04 9.999997e-01 -3.276416e-04 -1.149485e-02 -2.622548e-03 3.293763e-04 9.999964e-01 4.132149e-01
9.999911e-01 -1.299085e-04 -4.212796e-03 1.211448e+00 1.332695e-04 9.999997e-01 7.975140e-04 -1.839472e-02 4.212690e-03 -7.980678e-04 9.999907e-01 -2.248394e-01
9.999876e-01 1.752944e-03 -4.656957e-03 1.317210e+00 -1.755613e-03 9.999983e-01 -5.689827e-04 -2.449310e-02 4.655950e-03 5.771520e-04 9.999889e-01 3.696013e-01
9.999979e-01 -4.281383e-04 -2.024976e-03 1.262389e+00 4.296198e-04 9.999996e-01 7.312634e-04 -2.708719e-02 2.024659e-03 -7.321312e-04 9.999976e-01 9.226996e-01
9.999903e-01 1.451763e-03 -4.169677e-03 1.505704e+00 -1.454549e-03 9.999987e-01 -6.652025e-04 -3.528223e-02 4.168702e-03 6.712616e-04 9.999910e-01 1.326957e+00
9.997516e-01 -1.810702e-02 1.299393e-02 6.663228e+00 1.805283e-02 9.998279e-01 4.275150e-03 7.187086e-02 -1.306910e-02 -4.039510e-03 9.999063e-01 -1.363352e+01
9.999950e-01 9.271522e-04 -3.027404e-03 1.221154e+01 -9.271990e-04 9.999996e-01 -1.406689e-05 1.806504e-01 3.027389e-03 1.687521e-05 9.999953e-01 -2.942432e+01
9.999811e-01 -4.193871e-03 4.490566e-03 1.343930e+01 4.189105e-03 9.999907e-01 1.070348e-03 1.923774e-01 -4.495014e-03 -1.051515e-03 9.999892e-01 -3.217592e+01
9.999495e-01 4.701400e-03 -8.881048e-03 1.337539e+01 -4.707027e-03 9.999887e-01 -6.128758e-04 1.910895e-01 8.878065e-03 6.546497e-04 9.999603e-01 -3.189103e+01
9.999802e-01 -3.948858e-03 -4.891121e-03 1.330630e+01 3.956196e-03 9.999911e-01 1.491538e-03 1.902861e-01 4.885184e-03 -1.510857e-03 9.999868e-01 -3.163826e+01
9.999904e-01 4.308943e-03 -7.478927e-04 1.320486e+01 -4.309652e-03 9.999903e-01 -9.486296e-04 1.902528e-01 7.437943e-04 9.518453e-04 9.999992e-01 -3.142208e+01
9.999332e-01 -1.063468e-02 4.520365e-03 1.522544e+01 1.062345e-02 9.999404e-01 2.502580e-03 2.289622e-01 -4.546713e-03 -2.454389e-03 9.999866e-01 -3.707136e+01
9.999846e-01 4.134732e-03 3.709204e-03 1.741624e+01 -4.130839e-03 9.999909e-01 -1.056685e-03 2.648393e-01 -3.713542e-03 1.041348e-03 9.999925e-01 -4.294027e+01
9.998440e-01 -1.721277e-02 3.960590e-03 2.174291e+01 1.719815e-02 9.998453e-01 3.695811e-03 3.485936e-01 -4.023594e-03 -3.627117e-03 9.999852e-01 -5.498004e+01
9.998844e-01 4.010215e-03 1.466836e-02 2.629539e+01 -3.988967e-03 9.999910e-01 -1.477532e-03 4.260604e-01 -1.467415e-02 1.418852e-03 9.998912e-01 -6.726055e+01
9.998712e-01 -4.092675e-03 -1.551604e-02 2.637769e+01 4.119932e-03 9.999900e-01 1.725155e-03 4.220199e-01 1.550883e-02 -1.788855e-03 9.998780e-01 -6.711558e+01
9.999716e-01 4.362344e-03 6.138372e-03 2.644171e+01 -4.356319e-03 9.999900e-01 -9.945485e-04 4.189594e-01 -6.142650e-03 9.677822e-04 9.999806e-01 -6.699216e+01
9.999008e-01 -4.186637e-03 -1.345034e-02 2.652906e+01 4.209391e-03 9.999898e-01 1.663850e-03 4.152714e-01 1.344323e-02 -1.720300e-03 9.999081e-01 -6.687544e+01
9.998239e-01 -3.319460e-03 1.847105e-02 2.896380e+01 3.322087e-03 9.999945e-01 -1.115139e-04 4.612471e-01 -1.847058e-02 1.728596e-04 9.998293e-01 -7.362378e+01
9.998496e-01 -1.592453e-02 -6.869621e-03 3.485281e+01 1.595366e-02 9.998639e-01 4.205524e-03 5.901666e-01 6.801715e-03 -4.314483e-03 9.999675e-01 -9.110171e+01
9.996212e-01 -3.598384e-03 2.728609e-02 4.109178e+01 3.610477e-03 9.999934e-01 -3.939403e-04 7.165377e-01 -2.728449e-02 4.923105e-04 9.996275e-01 -1.091780e+02
9.996686e-01 3.191213e-03 -2.554529e-02 4.131010e+01 -3.176120e-03 9.999948e-01 6.313826e-04 7.101442e-01 2.554718e-02 -5.500348e-04 9.996734e-01 -1.091296e+02
9.995656e-01 -3.733973e-03 2.923495e-02 4.163538e+01 3.754020e-03 9.999928e-01 -6.308463e-04 7.021633e-01 -2.923238e-02 7.403245e-04 9.995723e-01 -1.091118e+02
9.996171e-01 3.258067e-03 -2.747895e-02 4.201842e+01 -3.236743e-03 9.999944e-01 8.204497e-04 6.937288e-01 2.748147e-02 -7.311896e-04 9.996219e-01 -1.091641e+02
9.996127e-01 -3.641507e-03 2.758931e-02 4.233026e+01 3.656426e-03 9.999932e-01 -4.903075e-04 6.862416e-01 -2.758733e-02 5.909996e-04 9.996191e-01 -1.091919e+02
9.997040e-01 3.130899e-03 -2.412820e-02 4.267525e+01 -3.120356e-03 9.999950e-01 4.746168e-04 6.776918e-01 2.412957e-02 -3.991841e-04 9.997087e-01 -1.091536e+02
9.996514e-01 -3.448104e-03 2.617509e-02 4.300758e+01 3.458632e-03 9.999940e-01 -3.569848e-04 6.690235e-01 -2.617369e-02 4.473940e-04 9.996572e-01 -1.090643e+02
9.996293e-01 3.726477e-03 -2.696902e-02 4.300256e+01 -3.710308e-03 9.999929e-01 6.495341e-04 6.658592e-01 2.697125e-02 -5.492263e-04 9.996360e-01 -1.087591e+02
9.996202e-01 -3.727331e-03 2.730575e-02 4.301181e+01 3.738034e-03 9.999930e-01 -3.409522e-04 6.626623e-01 -2.730428e-02 4.428962e-04 9.996270e-01 -1.085224e+02
9.995672e-01 3.658425e-03 -2.919029e-02 4.312581e+01 -3.637192e-03 9.999931e-01 7.804608e-04 6.580150e-01 2.919295e-02 -6.739485e-04 9.995735e-01 -1.083904e+02
9.998065e-01 -3.647797e-03 1.932881e-02 4.331634e+01 3.646934e-03 9.999933e-01 7.988941e-05 6.527624e-01 -1.932897e-02 -9.379272e-06 9.998131e-01 -1.083490e+02
9.995340e-01 3.853684e-03 -3.027936e-02 4.343464e+01 -3.827324e-03 9.999922e-01 9.284961e-04 6.487840e-01 3.028271e-02 -8.121707e-04 9.995409e-01 -1.082586e+02
9.998826e-01 -3.368478e-03 1.495102e-02 4.344770e+01 3.365283e-03 9.999943e-01 2.388602e-04 6.465931e-01 -1.495174e-02 -1.885138e-04 9.998881e-01 -1.081144e+02
9.997145e-01 3.826526e-03 -2.358421e-02 4.349256e+01 -3.814792e-03 9.999926e-01 5.425224e-04 6.434079e-01 2.358611e-02 -4.523946e-04 9.997216e-01 -1.079133e+02
9.998958e-01 -3.366500e-03 1.403753e-02 4.353588e+01 3.362488e-03 9.999943e-01 3.094188e-04 6.405135e-01 -1.403849e-02 -2.621814e-04 9.999013e-01 -1.077277e+02
9.996864e-01 3.918888e-03 -2.473511e-02 4.356111e+01 -3.905393e-03 9.999922e-01 5.938774e-04 6.379254e-01 2.473724e-02 -4.970866e-04 9.996938e-01 -1.075295e+02
9.999715e-01 -3.507128e-03 6.683404e-03 4.365171e+01 3.502802e-03 9.999936e-01 6.588734e-04 6.344333e-01 -6.685677e-03 -6.354396e-04 9.999773e-01 -1.074253e+02
9.998034e-01 3.539183e-03 -1.950774e-02 4.387321e+01 -3.531908e-03 9.999937e-01 4.073813e-04 6.287596e-01 1.950905e-02 -3.383973e-04 9.998095e-01 -1.074055e+02
9.998107e-01 -3.472424e-03 1.914367e-02 4.397793e+01 3.476675e-03 9.999939e-01 -1.887670e-04 6.234442e-01 -1.914290e-02 2.552921e-04 9.998166e-01 -1.071648e+02
9.998750e-01 -2.278432e-03 -1.564750e-02 4.597233e+01 2.301710e-03 9.999963e-01 1.469763e-03 6.552811e-01 1.564408e-02 -1.505591e-03 9.998764e-01 -1.123100e+02
9.997289e-01 -4.301864e-03 2.288418e-02 4.812963e+01 4.302864e-03 9.999907e-01 5.555819e-06 6.916366e-01 -2.288400e-02 9.291798e-05 9.997380e-01 -1.181411e+02
9.998035e-01 -1.366359e-03 -1.977779e-02 4.996356e+01 1.395164e-03 9.999980e-01 1.442687e-03 7.216924e-01 1.977577e-02 -1.469992e-03 9.998033e-01 -1.229982e+02
9.995884e-01 -1.079302e-02 2.657977e-02 5.377453e+01 1.076187e-02 9.999412e-01 1.314863e-03 7.968350e-01 -2.659241e-02 -1.028269e-03 9.996457e-01 -1.338502e+02
9.998282e-01 -3.714515e-03 -1.815787e-02 5.832380e+01 3.755738e-03 9.999904e-01 2.236683e-03 8.892456e-01 1.814939e-02 -2.304489e-03 9.998325e-01 -1.469760e+02
9.995524e-01 -1.202209e-02 2.739495e-02 6.326788e+01 1.199195e-02 9.999273e-01 1.264256e-03 9.890148e-01 -2.740816e-02 -9.351655e-04 9.996238e-01 -1.611934e+02
9.998174e-01 -3.237595e-03 -1.883395e-02 6.809164e+01 3.284850e-03 9.999915e-01 2.478646e-03 1.085935e+00 1.882577e-02 -2.540053e-03 9.998195e-01 -1.750296e+02
9.995355e-01 -1.265762e-02 2.772287e-02 7.305256e+01 1.263278e-02 9.999196e-01 1.071015e-03 1.187239e+00 -2.773420e-02 -7.202935e-04 9.996150e-01 -1.893652e+02
9.998279e-01 -3.699595e-03 -1.818186e-02 7.815033e+01 3.753069e-03 9.999887e-01 2.907841e-03 1.293116e+00 1.817090e-02 -2.975571e-03 9.998304e-01 -2.042111e+02
9.997404e-01 -2.275066e-03 2.266957e-02 8.021737e+01 2.308056e-03 9.999963e-01 -1.429192e-03 1.323789e+00 -2.266624e-02 1.481151e-03 9.997419e-01 -2.095223e+02
9.987454e-01 2.797376e-03 -4.999848e-02 8.044515e+01 -2.636025e-03 9.999911e-01 3.292775e-03 1.318957e+00 5.000724e-02 -3.156839e-03 9.987438e-01 -2.095727e+02
9.997391e-01 -1.595528e-03 2.278352e-02 8.051793e+01 1.633794e-03 9.999973e-01 -1.661052e-03 1.315552e+00 -2.278082e-02 1.697850e-03 9.997389e-01 -2.093501e+02
9.980481e-01 3.307163e-03 -6.236210e-02 8.071801e+01 -3.074446e-03 9.999879e-01 3.827284e-03 1.310303e+00 6.237400e-02 -3.628077e-03 9.980462e-01 -2.091386e+02
9.999974e-01 -1.088393e-03 2.006683e-03 8.091223e+01 1.089656e-03 9.999992e-01 -6.282897e-04 1.306391e+00 -2.006012e-03 6.304826e-04 9.999977e-01 -2.089958e+02
9.980896e-01 3.142452e-03 -6.170371e-02 8.110451e+01 -2.909495e-03 9.999883e-01 3.864896e-03 1.302493e+00 6.171511e-02 -3.677978e-03 9.980869e-01 -2.088762e+02
9.999951e-01 -7.625508e-04 -3.041086e-03 8.122651e+01 7.611083e-04 9.999996e-01 -4.758199e-04 1.299793e+00 3.041421e-03 4.735115e-04 9.999952e-01 -2.087054e+02
9.977449e-01 3.397073e-03 -6.703407e-02 8.124169e+01 -3.120775e-03 9.999862e-01 4.226021e-03 1.298958e+00 6.704747e-02 -4.007284e-03 9.977416e-01 -2.084710e+02
9.999930e-01 -1.099086e-03 3.581005e-03 8.129280e+01 1.102153e-03 9.999990e-01 -8.542042e-04 1.297369e+00 -3.580102e-03 8.581541e-04 9.999931e-01 -2.082935e+02
9.998779e-01 1.818868e-03 -1.552025e-02 8.138865e+01 -1.793646e-03 9.999970e-01 1.638721e-03 1.294167e+00 1.552314e-02 -1.610674e-03 9.998781e-01 -2.080145e+02
9.998092e-01 -1.858102e-03 1.944396e-02 8.149113e+01 1.896850e-03 9.999963e-01 -1.974435e-03 1.289342e+00 -1.944026e-02 2.010949e-03 9.998089e-01 -2.075896e+02
9.998038e-01 2.062057e-03 -1.970170e-02 8.155441e+01 -2.021039e-03 9.999957e-01 2.101552e-03 1.285094e+00 1.970591e-02 -2.061313e-03 9.998036e-01 -2.072708e+02
9.998613e-01 -8.308440e-04 -1.663119e-02 8.164922e+01 8.291477e-04 9.999997e-01 -1.090140e-04 1.282047e+00 1.663124e-02 9.521836e-05 9.998616e-01 -2.071313e+02
9.984014e-01 3.061228e-03 -5.643806e-02 8.169686e+01 -2.837641e-03 9.999878e-01 4.041296e-03 1.281338e+00 5.644969e-02 -3.874675e-03 9.983978e-01 -2.070450e+02
9.994136e-01 -2.825478e-05 -3.424123e-02 8.179673e+01 4.427226e-05 9.999999e-01 4.669412e-04 1.280193e+00 3.424116e-02 -4.681737e-04 9.994134e-01 -2.069457e+02
9.996339e-01 -1.015838e-02 2.507885e-02 8.515657e+01 1.009899e-02 9.999459e-01 2.493533e-03 1.341184e+00 -2.510289e-02 -2.239339e-03 9.996823e-01 -2.161279e+02
9.998625e-01 -1.114325e-04 -1.658349e-02 8.860799e+01 1.160847e-04 1.000000e+00 2.793720e-04 1.403096e+00 1.658340e-02 -2.812480e-04 9.998624e-01 -2.256836e+02
9.995742e-01 1.417920e-03 -2.914414e-02 8.870993e+01 -1.352734e-03 9.999965e-01 2.256128e-03 1.400367e+00 2.914718e-02 -2.215733e-03 9.995726e-01 -2.256031e+02
9.998932e-01 -3.904571e-03 1.407933e-02 8.961232e+01 3.913548e-03 9.999922e-01 -6.098086e-04 1.407285e+00 -1.407690e-02 6.648547e-04 9.999006e-01 -2.275650e+02
9.998611e-01 1.400659e-03 -1.660536e-02 9.047943e+01 -1.369722e-03 9.999973e-01 1.874067e-03 1.415965e+00 1.660788e-02 -1.851050e-03 9.998603e-01 -2.295880e+02
9.998992e-01 -2.973502e-03 1.388105e-02 9.109983e+01 2.989536e-03 9.999949e-01 -1.134199e-03 1.418997e+00 -1.387767e-02 1.175594e-03 9.999029e-01 -2.307966e+02
9.999114e-01 -1.197143e-02 -5.813102e-03 9.562264e+01 1.199745e-02 9.999181e-01 4.462712e-03 1.519522e+00 5.759139e-03 -4.532047e-03 9.999731e-01 -2.443284e+02
9.996268e-01 -1.111228e-03 2.729400e-02 9.988684e+01 1.178213e-03 9.999963e-01 -2.438082e-03 1.601064e+00 -2.729125e-02 2.469343e-03 9.996244e-01 -2.564633e+02
9.995411e-01 5.867842e-04 -3.028627e-02 1.002558e+02 -4.973204e-04 9.999955e-01 2.961255e-03 1.595460e+00 3.028781e-02 -2.944821e-03 9.995368e-01 -2.567190e+02
9.995261e-01 -1.080977e-03 3.076400e-02 1.005607e+02 1.162131e-03 9.999959e-01 -2.620034e-03 1.589720e+00 -3.076110e-02 2.654557e-03 9.995232e-01 -2.568693e+02
9.996564e-01 5.970706e-04 -2.620632e-02 1.006676e+02 -5.253139e-04 9.999961e-01 2.744790e-03 1.586126e+00 2.620779e-02 -2.730067e-03 9.996527e-01 -2.568618e+02
9.994183e-01 -1.184652e-03 3.408258e-02 1.007477e+02 1.284664e-03 9.999949e-01 -2.912516e-03 1.582911e+00 -3.407902e-02 2.954620e-03 9.994147e-01 -2.568141e+02
9.998043e-01 3.674305e-04 -1.978077e-02 1.009343e+02 -3.237040e-04 9.999975e-01 2.213511e-03 1.578739e+00 1.978148e-02 -2.206662e-03 9.998018e-01 -2.568242e+02
9.996456e-01 -1.325857e-03 2.658643e-02 1.013083e+02 1.389378e-03 9.999962e-01 -2.370761e-03 1.575069e+00 -2.658324e-02 2.406872e-03 9.996436e-01 -2.571941e+02
9.995709e-01 3.307702e-04 -2.928870e-02 1.017675e+02 -2.411729e-04 9.999953e-01 3.062456e-03 1.572383e+00 2.928952e-02 -3.054065e-03 9.995662e-01 -2.577984e+02
9.997170e-01 -1.249922e-03 2.375492e-02 1.022296e+02 1.303250e-03 9.999967e-01 -2.229386e-03 1.567883e+00 -2.375212e-02 2.259727e-03 9.997152e-01 -2.582855e+02
9.997130e-01 3.422655e-04 -2.395456e-02 1.026790e+02 -2.773091e-04 9.999963e-01 2.714753e-03 1.563970e+00 2.395534e-02 -2.707318e-03 9.997093e-01 -2.587860e+02
9.997902e-01 -1.216045e-03 2.044623e-02 1.030741e+02 1.257356e-03 9.999972e-01 -2.007520e-03 1.560567e+00 -2.044379e-02 2.032821e-03 9.997888e-01 -2.592455e+02
9.998048e-01 6.634860e-04 -1.974678e-02 1.032951e+02 -6.155143e-04 9.999968e-01 2.435110e-03 1.556427e+00 1.974828e-02 -2.422467e-03 9.998020e-01 -2.593968e+02
9.997426e-01 -1.112134e-03 2.266146e-02 1.033071e+02 1.161317e-03 9.999970e-01 -2.157092e-03 1.554073e+00 -2.265905e-02 2.182867e-03 9.997408e-01 -2.593368e+02
9.998502e-01 5.007616e-04 -1.730193e-02 1.034885e+02 -4.640585e-04 9.999976e-01 2.125044e-03 1.549476e+00 1.730290e-02 -2.116683e-03 9.998480e-01 -2.593686e+02
9.997467e-01 -1.235118e-03 2.247397e-02 1.037696e+02 1.284081e-03 9.999968e-01 -2.164164e-03 1.544583e+00 -2.247128e-02 2.192487e-03 9.997450e-01 -2.595365e+02
9.998922e-01 4.541608e-04 -1.467401e-02 1.039814e+02 -4.254060e-04 9.999980e-01 1.962365e-03 1.540319e+00 1.467481e-02 -1.955897e-03 9.998903e-01 -2.596391e+02
9.997863e-01 -1.046816e-03 2.064740e-02 1.041236e+02 1.088342e-03 9.999974e-01 -1.999864e-03 1.536061e+00 -2.064531e-02 2.021921e-03 9.997847e-01 -2.596312e+02
9.998660e-01 5.551266e-04 -1.635738e-02 1.041398e+02 -5.194306e-04 9.999975e-01 2.186184e-03 1.533723e+00 1.635850e-02 -2.177382e-03 9.998637e-01 -2.595753e+02
9.996641e-01 -1.143135e-03 2.588947e-02 1.041164e+02 1.204410e-03 9.999965e-01 -2.351158e-03 1.532713e+00 -2.588675e-02 2.381563e-03 9.996620e-01 -2.595160e+02
9.998953e-01 5.226383e-04 -1.446081e-02 1.040886e+02 -4.928131e-04 9.999977e-01 2.065709e-03 1.532004e+00 1.446180e-02 -2.058353e-03 9.998932e-01 -2.594624e+02
9.993126e-01 -1.477608e-03 3.704297e-02 1.040903e+02 1.596834e-03 9.999936e-01 -3.189081e-03 1.531796e+00 -3.703808e-02 3.246053e-03 9.993085e-01 -2.594300e+02
9.997121e-01 6.623436e-04 -2.398312e-02 1.042997e+02 -5.985460e-04 9.999963e-01 2.667039e-03 1.528030e+00 2.398475e-02 -2.651903e-03 9.997087e-01 -2.595166e+02
9.995122e-01 -1.400379e-03 3.119837e-02 1.046067e+02 1.491948e-03 9.999946e-01 -2.911867e-03 1.521996e+00 -3.119418e-02 2.957006e-03 9.995089e-01 -2.596268e+02
9.995922e-01 8.323050e-04 -2.854404e-02 1.049103e+02 -7.434698e-04 9.999948e-01 3.122568e-03 1.516219e+00 2.854645e-02 -3.100059e-03 9.995876e-01 -2.597798e+02
9.995740e-01 -1.260861e-03 2.915754e-02 1.050797e+02 1.340756e-03 9.999954e-01 -2.720594e-03 1.511871e+00 -2.915402e-02 2.758542e-03 9.995710e-01 -2.598401e+02
9.996199e-01 8.219505e-04 -2.755732e-02 1.052719e+02 -7.384830e-04 9.999951e-01 3.038787e-03 1.507413e+00 2.755964e-02 -3.017268e-03 9.996155e-01 -2.599212e+02
9.995991e-01 -1.187757e-03 2.828753e-02 1.053900e+02 1.262485e-03 9.999958e-01 -2.623885e-03 1.503224e+00 -2.828434e-02 2.658560e-03 9.995963e-01 -2.599127e+02
9.996325e-01 8.709853e-04 -2.709455e-02 1.053722e+02 -7.878057e-04 9.999949e-01 3.080371e-03 1.501308e+00 2.709705e-02 -3.057880e-03 9.996280e-01 -2.598407e+02
9.995994e-01 -1.191359e-03 2.827597e-02 1.053519e+02 1.266809e-03 9.999957e-01 -2.650440e-03 1.499372e+00 -2.827274e-02 2.685212e-03 9.995965e-01 -2.597667e+02
9.996328e-01 8.602277e-04 -2.708186e-02 1.054652e+02 -7.794141e-04 9.999952e-01 2.994337e-03 1.495295e+00 2.708426e-02 -2.972115e-03 9.996286e-01 -2.597460e+02
9.996004e-01 -1.217710e-03 2.824011e-02 1.056527e+02 1.295097e-03 9.999955e-01 -2.722029e-03 1.490057e+00 -2.823672e-02 2.757529e-03 9.995974e-01 -2.597493e+02
9.996351e-01 8.619885e-04 -2.699966e-02 1.058469e+02 -7.808415e-04 9.999951e-01 3.015755e-03 1.484630e+00 2.700207e-02 -2.993558e-03 9.996308e-01 -2.597510e+02
9.996121e-01 -1.152935e-03 2.782623e-02 1.059313e+02 1.227652e-03 9.999957e-01 -2.668037e-03 1.480678e+00 -2.782308e-02 2.701177e-03 9.996091e-01 -2.596725e+02
9.996237e-01 1.042593e-03 -2.741159e-02 1.058891e+02 -9.595802e-04 9.999949e-01 3.041253e-03 1.478926e+00 2.741457e-02 -3.013791e-03 9.996195e-01 -2.595211e+02
9.995427e-01 -1.335302e-03 3.020959e-02 1.058610e+02 1.420260e-03 9.999951e-01 -2.790861e-03 1.477188e+00 -3.020576e-02 2.832504e-03 9.995396e-01 -2.593775e+02
9.995513e-01 1.167930e-03 -2.993143e-02 1.057968e+02 -1.071376e-03 9.999942e-01 3.241571e-03 1.476234e+00 2.993499e-02 -3.208035e-03 9.995466e-01 -2.592614e+02
9.995268e-01 -1.386032e-03 3.072716e-02 1.057289e+02 1.473173e-03 9.999950e-01 -2.813356e-03 1.475584e+00 -3.072315e-02 2.857306e-03 9.995238e-01 -2.591577e+02
9.996442e-01 1.005409e-03 -2.665368e-02 1.056638e+02 -9.240460e-04 9.999949e-01 3.064596e-03 1.475501e+00 2.665658e-02 -3.038863e-03 9.996399e-01 -2.590711e+02
9.995487e-01 -1.375254e-03 3.000699e-02 1.056009e+02 1.458782e-03 9.999951e-01 -2.761758e-03 1.475219e+00 -3.000309e-02 2.804299e-03 9.995458e-01 -2.589858e+02
9.995947e-01 1.111826e-03 -2.844722e-02 1.055545e+02 -1.022318e-03 9.999945e-01 3.160687e-03 1.473901e+00 2.845053e-02 -3.130310e-03 9.995902e-01 -2.588790e+02
9.995523e-01 -1.441821e-03 2.988603e-02 1.057214e+02 1.529935e-03 9.999945e-01 -2.925552e-03 1.468599e+00 -2.988170e-02 2.969980e-03 9.995489e-01 -2.588384e+02
9.996235e-01 1.061456e-03 -2.741602e-02 1.058081e+02 -9.735531e-04 9.999943e-01 3.219285e-03 1.464913e+00 2.741923e-02 -3.191368e-03 9.996188e-01 -2.587857e+02
9.995278e-01 -1.409651e-03 3.069350e-02 1.057445e+02 1.499946e-03 9.999946e-01 -2.918865e-03 1.464620e+00 -3.068927e-02 2.963540e-03 9.995245e-01 -2.586943e+02
9.995765e-01 1.156048e-03 -2.907640e-02 1.056772e+02 -1.059660e-03 9.999939e-01 3.330058e-03 1.464095e+00 2.908003e-02 -3.297822e-03 9.995716e-01 -2.585904e+02
9.995197e-01 -1.453438e-03 3.095415e-02 1.056173e+02 1.544877e-03 9.999945e-01 -2.930181e-03 1.463340e+00 -3.094976e-02 2.976608e-03 9.995164e-01 -2.584947e+02
9.996653e-01 1.093679e-03 -2.584722e-02 1.055651e+02 -1.014101e-03 9.999947e-01 3.091553e-03 1.462893e+00 2.585042e-02 -3.064293e-03 9.996610e-01 -2.583921e+02
9.995559e-01 -1.453321e-03 2.976253e-02 1.055048e+02 1.538614e-03 9.999948e-01 -2.842942e-03 1.462557e+00 -2.975829e-02 2.887487e-03 9.995529e-01 -2.582954e+02
9.996359e-01 1.130633e-03 -2.695857e-02 1.054442e+02 -1.045362e-03 9.999944e-01 3.176795e-03 1.462047e+00 2.696196e-02 -3.147443e-03 9.996314e-01 -2.581997e+02
9.995944e-01 -1.413037e-03 2.844490e-02 1.053825e+02 1.492768e-03 9.999950e-01 -2.781836e-03 1.461187e+00 -2.844087e-02 2.823184e-03 9.995914e-01 -2.580912e+02
9.996697e-01 1.051395e-03 -2.567854e-02 1.053438e+02 -9.719409e-04 9.999947e-01 3.106325e-03 1.459838e+00 2.568162e-02 -3.080327e-03 9.996653e-01 -2.580036e+02
9.996458e-01 -1.299966e-03 2.657972e-02 1.052828e+02 1.372097e-03 9.999954e-01 -2.695563e-03 1.458798e+00 -2.657614e-02 2.731093e-03 9.996430e-01 -2.578880e+02
9.996557e-01 1.159107e-03 -2.621224e-02 1.052094e+02 -1.077768e-03 9.999946e-01 3.116882e-03 1.458188e+00 2.621567e-02 -3.087544e-03 9.996514e-01 -2.577600e+02
9.996806e-01 -1.157357e-03 2.524628e-02 1.051231e+02 1.225216e-03 9.999957e-01 -2.672448e-03 1.457853e+00 -2.524312e-02 2.702541e-03 9.996776e-01 -2.576067e+02
9.996572e-01 1.184015e-03 -2.615319e-02 1.051053e+02 -1.104006e-03 9.999947e-01 3.073326e-03 1.455696e+00 2.615665e-02 -3.043384e-03 9.996531e-01 -2.574350e+02
9.996769e-01 -1.174655e-03 2.539254e-02 1.050650e+02 1.241731e-03 9.999958e-01 -2.625785e-03 1.454086e+00 -2.538939e-02 2.656482e-03 9.996740e-01 -2.572700e+02
9.996620e-01 1.191805e-03 -2.597074e-02 1.049978e+02 -1.113646e-03 9.999948e-01 3.023598e-03 1.452954e+00 2.597416e-02 -2.993639e-03 9.996580e-01 -2.570954e+02
9.996875e-01 -1.082972e-03 2.497529e-02 1.049476e+02 1.148877e-03 9.999959e-01 -2.624469e-03 1.451340e+00 -2.497239e-02 2.652357e-03 9.996845e-01 -2.568980e+02
9.996553e-01 1.228638e-03 -2.622437e-02 1.048817e+02 -1.150194e-03 9.999948e-01 3.006009e-03 1.450099e+00 2.622788e-02 -2.974795e-03 9.996515e-01 -2.566880e+02
9.997322e-01 -8.776315e-04 2.312297e-02 1.047788e+02 9.373000e-04 9.999963e-01 -2.569603e-03 1.450122e+00 -2.312067e-02 2.590603e-03 9.997292e-01 -2.564498e+02
9.996922e-01 1.128062e-03 -2.478335e-02 1.046841e+02 -1.055266e-03 9.999951e-01 2.950007e-03 1.450012e+00 2.478651e-02 -2.922931e-03 9.996884e-01 -2.562096e+02
9.997135e-01 -9.140300e-04 2.391962e-02 1.046014e+02 9.772324e-04 9.999961e-01 -2.630562e-03 1.449523e+00 -2.391716e-02 2.653198e-03 9.997103e-01 -2.559625e+02
9.997022e-01 1.058011e-03 -2.437923e-02 1.045290e+02 -9.863260e-04 9.999952e-01 2.952091e-03 1.448645e+00 2.438219e-02 -2.927151e-03 9.996983e-01 -2.557324e+02
9.997002e-01 -9.968110e-04 2.446460e-02 1.044573e+02 1.061625e-03 9.999960e-01 -2.636289e-03 1.447873e+00 -2.446192e-02 2.661486e-03 9.996971e-01 -2.555131e+02
9.996950e-01 1.116629e-03 -2.467079e-02 1.043789e+02 -1.044237e-03 9.999951e-01 2.946868e-03 1.447320e+00 2.467391e-02 -2.920192e-03 9.996912e-01 -2.552851e+02
9.997187e-01 -8.320968e-04 2.370072e-02 1.043026e+02 8.954741e-04 9.999961e-01 -2.663414e-03 1.446416e+00 -2.369845e-02 2.683903e-03 9.997155e-01 -2.550103e+02
9.996985e-01 1.099870e-03 -2.452748e-02 1.042273e+02 -1.027826e-03 9.999951e-01 2.949555e-03 1.445561e+00 2.453056e-02 -2.923441e-03 9.996947e-01 -2.547384e+02
9.997195e-01 -8.897158e-04 2.366660e-02 1.041483e+02 9.521213e-04 9.999961e-01 -2.625555e-03 1.444906e+00 -2.366422e-02 2.647367e-03 9.997164e-01 -2.544912e+02
9.996888e-01 1.167650e-03 -2.491831e-02 1.040665e+02 -1.094478e-03 9.999950e-01 2.949754e-03 1.444294e+00 2.492159e-02 -2.921548e-03 9.996850e-01 -2.542328e+02
9.996905e-01 -9.113673e-04 2.485930e-02 1.040058e+02 9.796237e-04 9.999958e-01 -2.733505e-03 1.442906e+00 -2.485675e-02 2.757027e-03 9.996871e-01 -2.539318e+02
9.996747e-01 1.201713e-03 -2.547505e-02 1.039330e+02 -1.125924e-03 9.999949e-01 2.989006e-03 1.442004e+00 2.547847e-02 -2.959336e-03 9.996709e-01 -2.536432e+02
9.996827e-01 -9.416512e-04 2.517206e-02 1.038513e+02 1.011312e-03 9.999957e-01 -2.754630e-03 1.441625e+00 -2.516941e-02 2.779228e-03 9.996792e-01 -2.533512e+02
9.996862e-01 1.071588e-03 -2.502795e-02 1.037838e+02 -9.959282e-04 9.999949e-01 3.035156e-03 1.440654e+00 2.503103e-02 -3.009262e-03 9.996821e-01 -2.531178e+02
9.996682e-01 -1.215187e-03 2.572777e-02 1.037358e+02 1.284441e-03 9.999956e-01 -2.675304e-03 1.439139e+00 -2.572445e-02 2.707477e-03 9.996653e-01 -2.529569e+02
9.996900e-01 1.051044e-03 -2.487743e-02 1.036792e+02 -9.753249e-04 9.999949e-01 3.055473e-03 1.437904e+00 2.488047e-02 -3.030246e-03 9.996857e-01 -2.528068e+02
9.996663e-01 -1.224066e-03 2.580176e-02 1.036245e+02 1.293979e-03 9.999955e-01 -2.692932e-03 1.436608e+00 -2.579839e-02 2.725435e-03 9.996634e-01 -2.526506e+02
9.996869e-01 1.105729e-03 -2.499564e-02 1.035726e+02 -1.030296e-03 9.999949e-01 3.030375e-03 1.435146e+00 2.499881e-02 -3.003658e-03 9.996829e-01 -2.524779e+02
9.996667e-01 -1.224183e-03 2.578580e-02 1.035101e+02 1.293704e-03 9.999956e-01 -2.679436e-03 1.434101e+00 -2.578245e-02 2.711917e-03 9.996638e-01 -2.523028e+02
9.996833e-01 1.108379e-03 -2.514156e-02 1.034388e+02 -1.031639e-03 9.999948e-01 3.064926e-03 1.433394e+00 2.514478e-02 -3.038003e-03 9.996791e-01 -2.521389e+02
9.996572e-01 -1.280580e-03 2.615041e-02 1.033888e+02 1.352217e-03 9.999954e-01 -2.721796e-03 1.431995e+00 -2.614685e-02 2.756239e-03 9.996542e-01 -2.519730e+02
9.996787e-01 1.152367e-03 -2.532013e-02 1.033313e+02 -1.074644e-03 9.999947e-01 3.082887e-03 1.430782e+00 2.532350e-02 -3.054671e-03 9.996745e-01 -2.518055e+02
9.996549e-01 -1.354245e-03 2.623257e-02 1.032631e+02 1.425044e-03 9.999954e-01 -2.680216e-03 1.430057e+00 -2.622887e-02 2.716689e-03 9.996522e-01 -2.516560e+02
9.996753e-01 1.175009e-03 -2.545265e-02 1.031998e+02 -1.096701e-03 9.999946e-01 3.090214e-03 1.429099e+00 2.545610e-02 -3.061281e-03 9.996712e-01 -2.515116e+02
9.996461e-01 -1.410204e-03 2.656371e-02 1.031330e+02 1.481743e-03 9.999953e-01 -2.673453e-03 1.428385e+00 -2.655986e-02 2.711884e-03 9.996435e-01 -2.513812e+02
9.996730e-01 1.076285e-03 -2.554660e-02 1.031528e+02 -9.981722e-04 9.999948e-01 3.070092e-03 1.425849e+00 2.554973e-02 -3.043572e-03 9.996688e-01 -2.513002e+02
9.996371e-01 -1.410349e-03 2.690062e-02 1.031847e+02 1.482881e-03 9.999953e-01 -2.676400e-03 1.423229e+00 -2.689677e-02 2.715335e-03 9.996344e-01 -2.512321e+02
9.996732e-01 1.194798e-03 -2.553699e-02 1.031190e+02 -1.116578e-03 9.999946e-01 3.076917e-03 1.422594e+00 2.554048e-02 -3.047382e-03 9.996690e-01 -2.510987e+02
9.996378e-01 -1.394195e-03 2.687754e-02 1.030624e+02 1.467524e-03 9.999953e-01 -2.708585e-03 1.421563e+00 -2.687368e-02 2.747063e-03 9.996350e-01 -2.509485e+02
9.996717e-01 1.242128e-03 -2.559032e-02 1.030020e+02 -1.164084e-03 9.999946e-01 3.064299e-03 1.420637e+00 2.559395e-02 -3.033489e-03 9.996677e-01 -2.507841e+02
9.996489e-01 -1.392521e-03 2.646099e-02 1.029556e+02 1.465110e-03 9.999952e-01 -2.723922e-03 1.419015e+00 -2.645712e-02 2.761750e-03 9.996460e-01 -2.506189e+02
9.996633e-01 1.256554e-03 -2.591785e-02 1.029008e+02 -1.175706e-03 9.999944e-01 3.134269e-03 1.417706e+00 2.592160e-02 -3.102726e-03 9.996591e-01 -2.504738e+02
9.996343e-01 -1.482700e-03 2.700101e-02 1.028399e+02 1.556700e-03 9.999951e-01 -2.719683e-03 1.416755e+00 -2.699689e-02 2.760737e-03 9.996316e-01 -2.503403e+02
9.996759e-01 1.205489e-03 -2.542897e-02 1.027742e+02 -1.125608e-03 9.999944e-01 3.155264e-03 1.416230e+00 2.543259e-02 -3.125603e-03 9.996716e-01 -2.502374e+02
9.996452e-01 -1.458527e-03 2.659574e-02 1.027086e+02 1.531623e-03 9.999951e-01 -2.728097e-03 1.415489e+00 -2.659168e-02 2.767880e-03 9.996425e-01 -2.501156e+02
9.996698e-01 1.254582e-03 -2.566482e-02 1.026774e+02 -1.175533e-03 9.999945e-01 3.094745e-03 1.413675e+00 2.566851e-02 -3.063537e-03 9.996657e-01 -2.499706e+02
9.996476e-01 -1.494351e-03 2.650406e-02 1.027196e+02 1.568423e-03 9.999949e-01 -2.774036e-03 1.410502e+00 -2.649982e-02 2.814644e-03 9.996448e-01 -2.498381e+02
9.996751e-01 1.229179e-03 -2.546047e-02 1.027570e+02 -1.150221e-03 9.999945e-01 3.115449e-03 1.407569e+00 2.546411e-02 -3.085136e-03 9.996709e-01 -2.497081e+02
9.996432e-01 -1.451703e-03 2.666966e-02 1.027375e+02 1.526860e-03 9.999949e-01 -2.797767e-03 1.405556e+00 -2.666551e-02 2.837506e-03 9.996403e-01 -2.495493e+02
9.996760e-01 1.168053e-03 -2.542630e-02 1.027521e+02 -1.088759e-03 9.999945e-01 3.132074e-03 1.403008e+00 2.542978e-02 -3.103360e-03 9.996717e-01 -2.494221e+02
9.996383e-01 -1.467135e-03 2.685178e-02 1.027445e+02 1.542515e-03 9.999949e-01 -2.786615e-03 1.400875e+00 -2.684760e-02 2.827043e-03 9.996354e-01 -2.493004e+02
9.996739e-01 1.200410e-03 -2.550640e-02 1.026820e+02 -1.118503e-03 9.999942e-01 3.225089e-03 1.400161e+00 2.551008e-02 -3.195492e-03 9.996694e-01 -2.491856e+02
9.996333e-01 -1.496496e-03 2.703898e-02 1.026117e+02 1.572597e-03 9.999949e-01 -2.793280e-03 1.399823e+00 -2.703470e-02 2.834793e-03 9.996304e-01 -2.490822e+02
9.997163e-01 1.100293e-03 -2.379284e-02 1.025992e+02 -1.028088e-03 9.999948e-01 3.046598e-03 1.397999e+00 2.379603e-02 -3.021256e-03 9.997122e-01 -2.489918e+02
9.996663e-01 -1.423046e-03 2.579215e-02 1.026162e+02 1.494459e-03 9.999951e-01 -2.749555e-03 1.395349e+00 -2.578816e-02 2.787199e-03 9.996635e-01 -2.488747e+02
9.997078e-01 1.165041e-03 -2.414530e-02 1.025768e+02 -1.090315e-03 9.999946e-01 3.107645e-03 1.393814e+00 2.414875e-02 -3.080395e-03 9.997035e-01 -2.487453e+02
9.996665e-01 -1.493118e-03 2.578166e-02 1.025436e+02 1.563980e-03 9.999951e-01 -2.728437e-03 1.392222e+00 -2.577750e-02 2.767866e-03 9.996638e-01 -2.486440e+02
9.997087e-01 1.156873e-03 -2.410564e-02 1.025388e+02 -1.082759e-03 9.999946e-01 3.087237e-03 1.390085e+00 2.410904e-02 -3.060220e-03 9.997046e-01 -2.485466e+02
9.997315e-01 -1.451840e-03 2.312665e-02 1.026147e+02 1.512967e-03 9.999954e-01 -2.625663e-03 1.386757e+00 -2.312277e-02 2.659964e-03 9.997290e-01 -2.485141e+02
9.994931e-01 1.296394e-03 -3.180941e-02 1.027941e+02 -1.184495e-03 9.999930e-01 3.536266e-03 1.382080e+00 3.181373e-02 -3.496779e-03 9.994876e-01 -2.485433e+02
9.994915e-01 -1.574392e-03 3.184587e-02 1.028958e+02 1.673022e-03 9.999939e-01 -3.070555e-03 1.378146e+00 -3.184089e-02 3.122289e-03 9.994880e-01 -2.485087e+02
9.994090e-01 1.514676e-03 -3.434195e-02 1.030102e+02 -1.392757e-03 9.999926e-01 3.573686e-03 1.373605e+00 3.434707e-02 -3.523727e-03 9.994037e-01 -2.484335e+02
9.994014e-01 -1.807486e-03 3.454917e-02 1.032025e+02 1.918291e-03 9.999931e-01 -3.174170e-03 1.368049e+00 -3.454324e-02 3.238562e-03 9.993979e-01 -2.484241e+02
9.995112e-01 1.416327e-03 -3.123165e-02 1.033116e+02 -1.311121e-03 9.999934e-01 3.388679e-03 1.363889e+00 3.123620e-02 -3.346057e-03 9.995063e-01 -2.483792e+02
9.994726e-01 -1.744595e-03 3.242582e-02 1.034389e+02 1.844498e-03 9.999936e-01 -3.051175e-03 1.359286e+00 -3.242034e-02 3.109392e-03 9.994694e-01 -2.483469e+02
9.995328e-01 1.387771e-03 -3.053338e-02 1.035971e+02 -1.285718e-03 9.999935e-01 3.361608e-03 1.354486e+00 3.053780e-02 -3.320763e-03 9.995280e-01 -2.483432e+02
9.994194e-01 -1.794386e-03 3.402475e-02 1.036434e+02 1.902649e-03 9.999932e-01 -3.149659e-03 1.351318e+00 -3.401891e-02 3.212584e-03 9.994159e-01 -2.482644e+02
9.994080e-01 1.720309e-03 -3.435982e-02 1.036785e+02 -1.598152e-03 9.999923e-01 3.582288e-03 1.347979e+00 3.436567e-02 -3.525239e-03 9.994030e-01 -2.481473e+02
9.994768e-01 -1.875428e-03 3.228925e-02 1.039030e+02 1.978031e-03 9.999931e-01 -3.145839e-03 1.341599e+00 -3.228317e-02 3.208079e-03 9.994735e-01 -2.481180e+02
9.994972e-01 1.754603e-03 -3.165973e-02 1.040857e+02 -1.647442e-03 9.999928e-01 3.410443e-03 1.335274e+00 3.166544e-02 -3.356554e-03 9.994928e-01 -2.479921e+02
9.994319e-01 -1.988888e-03 3.364412e-02 1.041538e+02 2.096631e-03 9.999928e-01 -3.167339e-03 1.331319e+00 -3.363762e-02 3.236096e-03 9.994288e-01 -2.478490e+02
9.996448e-01 1.535213e-03 -2.660840e-02 1.041996e+02 -1.454271e-03 9.999943e-01 3.060949e-03 1.328352e+00 2.661290e-02 -3.021149e-03 9.996412e-01 -2.477203e+02
9.994159e-01 -1.967844e-03 3.411656e-02 1.041876e+02 2.075593e-03 9.999930e-01 -3.123007e-03 1.326819e+00 -3.411022e-02 3.192012e-03 9.994129e-01 -2.476001e+02
9.997391e-01 1.412514e-03 -2.279885e-02 1.042019e+02 -1.350171e-03 9.999953e-01 2.749484e-03 1.324956e+00 2.280259e-02 -2.717968e-03 9.997362e-01 -2.474862e+02
9.994204e-01 -2.006928e-03 3.398135e-02 1.042204e+02 2.112793e-03 9.999930e-01 -3.079645e-03 1.323103e+00 -3.397497e-02 3.149672e-03 9.994176e-01 -2.473951e+02
9.995563e-01 1.680223e-03 -2.973911e-02 1.042017e+02 -1.583822e-03 9.999934e-01 3.264728e-03 1.321382e+00 2.974436e-02 -3.216160e-03 9.995523e-01 -2.472604e+02
9.994437e-01 -1.923420e-03 3.329511e-02 1.041636e+02 2.026253e-03 9.999933e-01 -3.054954e-03 1.320078e+00 -3.328905e-02 3.120736e-03 9.994408e-01 -2.470951e+02
9.995662e-01 1.653015e-03 -2.940554e-02 1.041393e+02 -1.557429e-03 9.999934e-01 3.273097e-03 1.318441e+00 2.941071e-02 -3.225863e-03 9.995621e-01 -2.469534e+02
9.994549e-01 -1.975057e-03 3.295361e-02 1.041182e+02 2.075897e-03 9.999933e-01 -3.026002e-03 1.316694e+00 -3.294746e-02 3.092778e-03 9.994522e-01 -2.468311e+02
9.995882e-01 1.651750e-03 -2.864872e-02 1.040926e+02 -1.559403e-03 9.999935e-01 3.245361e-03 1.315171e+00 2.865386e-02 -3.199333e-03 9.995842e-01 -2.467175e+02
9.993247e-01 -2.115978e-03 3.668399e-02 1.040961e+02 2.240953e-03 9.999918e-01 -3.365912e-03 1.313305e+00 -3.667661e-02 3.445864e-03 9.993212e-01 -2.465989e+02
9.994452e-01 1.822409e-03 -3.325567e-02 1.040834e+02 -1.703064e-03 9.999920e-01 3.616593e-03 1.311243e+00 3.326196e-02 -3.557933e-03 9.994402e-01 -2.464657e+02
9.993777e-01 -2.063625e-03 3.521398e-02 1.040587e+02 2.181181e-03 9.999922e-01 -3.300133e-03 1.309270e+00 -3.520693e-02 3.374904e-03 9.993743e-01 -2.463302e+02
9.994302e-01 1.802547e-03 -3.370345e-02 1.040974e+02 -1.680333e-03 9.999919e-01 3.654036e-03 1.306203e+00 3.370972e-02 -3.595304e-03 9.994251e-01 -2.462306e+02
9.993881e-01 -2.090126e-03 3.491425e-02 1.040704e+02 2.202995e-03 9.999925e-01 -3.194491e-03 1.304458e+00 -3.490735e-02 3.269469e-03 9.993851e-01 -2.461374e+02
9.994220e-01 1.850955e-03 -3.394461e-02 1.040363e+02 -1.727394e-03 9.999918e-01 3.668980e-03 1.302755e+00 3.395108e-02 -3.608207e-03 9.994169e-01 -2.460410e+02
9.993850e-01 -2.134141e-03 3.500103e-02 1.040820e+02 2.249406e-03 9.999922e-01 -3.254009e-03 1.299551e+00 -3.499385e-02 3.330757e-03 9.993819e-01 -2.459678e+02
9.994256e-01 1.886757e-03 -3.383667e-02 1.041475e+02 -1.765319e-03 9.999919e-01 3.618384e-03 1.295932e+00 3.384319e-02 -3.556556e-03 9.994207e-01 -2.458810e+02
9.993841e-01 -2.237178e-03 3.501918e-02 1.043607e+02 2.354470e-03 9.999918e-01 -3.308383e-03 1.290708e+00 -3.501153e-02 3.388815e-03 9.993811e-01 -2.459214e+02
9.994188e-01 1.966523e-03 -3.403240e-02 1.044944e+02 -1.842643e-03 9.999916e-01 3.670951e-03 1.286064e+00 3.403930e-02 -3.606090e-03 9.994139e-01 -2.458664e+02
9.993829e-01 -2.305619e-03 3.505077e-02 1.046802e+02 2.422595e-03 9.999916e-01 -3.295138e-03 1.281090e+00 -3.504292e-02 3.378036e-03 9.993800e-01 -2.458723e+02
9.994149e-01 2.083010e-03 -3.414088e-02 1.047171e+02 -1.957624e-03 9.999912e-01 3.705521e-03 1.277991e+00 3.414826e-02 -3.636500e-03 9.994101e-01 -2.457678e+02
9.993769e-01 -2.408162e-03 3.521425e-02 1.048682e+02 2.527162e-03 9.999912e-01 -3.335093e-03 1.273512e+00 -3.520595e-02 3.422024e-03 9.993741e-01 -2.457530e+02
9.994216e-01 1.931096e-03 -3.395266e-02 1.051216e+02 -1.804557e-03 9.999913e-01 3.757087e-03 1.269280e+00 3.395958e-02 -3.693626e-03 9.994163e-01 -2.459283e+02
9.993855e-01 -2.727565e-03 3.494627e-02 1.056319e+02 2.849529e-03 9.999900e-01 -3.440622e-03 1.263804e+00 -3.493657e-02 3.538106e-03 9.993832e-01 -2.464004e+02
9.994196e-01 1.978090e-03 -3.400918e-02 1.061244e+02 -1.849822e-03 9.999911e-01 3.802540e-03 1.257967e+00 3.401637e-02 -3.737404e-03 9.994142e-01 -2.468330e+02
9.993828e-01 -2.342926e-03 3.505150e-02 1.062963e+02 2.461593e-03 9.999914e-01 -3.342648e-03 1.253544e+00 -3.504340e-02 3.426885e-03 9.993798e-01 -2.468775e+02
9.994163e-01 2.045672e-03 -3.410126e-02 1.064034e+02 -1.919286e-03 9.999912e-01 3.738422e-03 1.249426e+00 3.410857e-02 -3.670771e-03 9.994113e-01 -2.468290e+02
9.993944e-01 -2.347421e-03 3.471638e-02 1.065440e+02 2.464998e-03 9.999914e-01 -3.344285e-03 1.244609e+00 -3.470827e-02 3.427854e-03 9.993915e-01 -2.467896e+02
9.993914e-01 1.916996e-03 -3.482928e-02 1.068056e+02 -1.785105e-03 9.999911e-01 3.817411e-03 1.239333e+00 3.483625e-02 -3.752896e-03 9.993859e-01 -2.469187e+02
9.997823e-01 -2.206060e-03 2.074736e-02 1.071772e+02 2.260306e-03 9.999941e-01 -2.591326e-03 1.233629e+00 -2.074155e-02 2.637676e-03 9.997813e-01 -2.471717e+02
9.997073e-01 1.467127e-03 -2.414860e-02 1.075860e+02 -1.389677e-03 9.999938e-01 3.223573e-03 1.228688e+00 2.415314e-02 -3.189052e-03 9.997031e-01 -2.475450e+02
9.997257e-01 -2.507240e-03 2.328538e-02 1.081089e+02 2.569762e-03 9.999932e-01 -2.655326e-03 1.225035e+00 -2.327860e-02 2.714454e-03 9.997252e-01 -2.481671e+02
9.997040e-01 1.425505e-03 -2.428532e-02 1.086828e+02 -1.346855e-03 9.999938e-01 3.254511e-03 1.221070e+00 2.428978e-02 -3.220821e-03 9.996997e-01 -2.488411e+02
9.996993e-01 -2.173013e-03 2.442503e-02 1.091010e+02 2.242303e-03 9.999935e-01 -2.809645e-03 1.215957e+00 -2.441881e-02 2.863587e-03 9.996976e-01 -2.492113e+02
9.996876e-01 1.407422e-03 -2.495391e-02 1.095257e+02 -1.325203e-03 9.999936e-01 3.310942e-03 1.210780e+00 2.495838e-02 -3.276820e-03 9.996830e-01 -2.495861e+02
9.996909e-01 -2.214395e-03 2.476263e-02 1.099496e+02 2.285165e-03 9.999934e-01 -2.829870e-03 1.206221e+00 -2.475624e-02 2.885600e-03 9.996893e-01 -2.500029e+02
9.994390e-01 1.330650e-03 -3.346368e-02 1.104867e+02 -1.203942e-03 9.999920e-01 3.806215e-03 1.201353e+00 3.346844e-02 -3.763773e-03 9.994326e-01 -2.505724e+02
9.995286e-01 -2.125484e-03 3.062638e-02 1.109767e+02 2.221274e-03 9.999927e-01 -3.093876e-03 1.196568e+00 -3.061962e-02 3.160466e-03 9.995260e-01 -2.510671e+02
9.994483e-01 1.131699e-03 -3.319402e-02 1.115314e+02 -1.005412e-03 9.999922e-01 3.820839e-03 1.192376e+00 3.319804e-02 -3.785339e-03 9.994415e-01 -2.516967e+02
9.996569e-01 -2.049803e-03 2.611322e-02 1.121065e+02 2.128970e-03 9.999932e-01 -3.004089e-03 1.187167e+00 -2.610693e-02 3.058671e-03 9.996544e-01 -2.522917e+02
9.988899e-01 1.519366e-03 -4.708093e-02 1.127322e+02 -1.301457e-03 9.999883e-01 4.658617e-03 1.181009e+00 4.708741e-02 -4.592153e-03 9.988801e-01 -2.528919e+02
9.996762e-01 -2.131232e-03 2.535452e-02 1.133633e+02 2.207374e-03 9.999931e-01 -2.975329e-03 1.175751e+00 -2.534805e-02 3.030351e-03 9.996740e-01 -2.535680e+02
9.995937e-01 9.842724e-04 -2.848532e-02 1.139465e+02 -8.777229e-04 9.999926e-01 3.752626e-03 1.172679e+00 2.848876e-02 -3.726080e-03 9.995871e-01 -2.543225e+02
9.996058e-01 -1.544165e-03 2.803421e-02 1.144351e+02 1.640018e-03 9.999929e-01 -3.396286e-03 1.165593e+00 -2.802881e-02 3.440943e-03 9.996011e-01 -2.546324e+02
9.995870e-01 1.472567e-03 -2.869898e-02 1.149539e+02 -1.376979e-03 9.999934e-01 3.350064e-03 1.154071e+00 2.870369e-02 -3.309143e-03 9.995824e-01 -2.545861e+02
9.995906e-01 -1.710783e-03 2.856152e-02 1.154754e+02 1.805676e-03 9.999929e-01 -3.296758e-03 1.144033e+00 -2.855572e-02 3.347000e-03 9.995865e-01 -2.546681e+02
9.995746e-01 1.512237e-03 -2.912593e-02 1.161209e+02 -1.418428e-03 9.999937e-01 3.241087e-03 1.131694e+00 2.913061e-02 -3.198376e-03 9.995704e-01 -2.547535e+02
9.995650e-01 -2.028293e-03 2.942207e-02 1.167271e+02 2.121314e-03 9.999928e-01 -3.130552e-03 1.122637e+00 -2.941555e-02 3.191623e-03 9.995621e-01 -2.550423e+02
9.995164e-01 9.617845e-04 -3.108150e-02 1.173553e+02 -8.476823e-04 9.999929e-01 3.683902e-03 1.118075e+00 3.108478e-02 -3.655754e-03 9.995100e-01 -2.557514e+02
9.995411e-01 -1.898845e-03 3.023104e-02 1.179704e+02 1.995934e-03 9.999929e-01 -3.181542e-03 1.112604e+00 -3.022483e-02 3.240440e-03 9.995378e-01 -2.563803e+02
9.995696e-01 1.124163e-03 -2.931386e-02 1.185952e+02 -1.026085e-03 9.999938e-01 3.360450e-03 1.106216e+00 2.931741e-02 -3.328906e-03 9.995645e-01 -2.568961e+02
9.995341e-01 -2.748896e-03 3.039856e-02 1.194039e+02 2.838689e-03 9.999917e-01 -2.910956e-03 1.104959e+00 -3.039035e-02 2.995911e-03 9.995335e-01 -2.581137e+02
9.995572e-01 1.337127e-03 -2.972486e-02 1.201711e+02 -1.238361e-03 9.999937e-01 3.340717e-03 1.102255e+00 2.972910e-02 -3.302408e-03 9.995524e-01 -2.591537e+02
9.995418e-01 -2.999838e-03 3.011780e-02 1.209755e+02 3.086312e-03 9.999912e-01 -2.824943e-03 1.101159e+00 -3.010910e-02 2.916621e-03 9.995423e-01 -2.603742e+02
9.995761e-01 1.690203e-03 -2.906607e-02 1.216257e+02 -1.594324e-03 9.999932e-01 3.321347e-03 1.099261e+00 2.907144e-02 -3.273579e-03 9.995719e-01 -2.613125e+02
9.995380e-01 -3.112269e-03 3.023230e-02 1.223320e+02 3.202106e-03 9.999906e-01 -2.923452e-03 1.097814e+00 -3.022296e-02 3.018928e-03 9.995385e-01 -2.623520e+02
9.995712e-01 1.746444e-03 -2.922865e-02 1.229801e+02 -1.645965e-03 9.999927e-01 3.461252e-03 1.096502e+00 2.923444e-02 -3.411639e-03 9.995667e-01 -2.633336e+02
9.995367e-01 -2.929086e-03 3.029516e-02 1.235287e+02 3.021731e-03 9.999909e-01 -3.012604e-03 1.094975e+00 -3.028610e-02 3.102772e-03 9.995364e-01 -2.641444e+02
9.995763e-01 1.732229e-03 -2.905542e-02 1.240893e+02 -1.631198e-03 9.999925e-01 3.500370e-03 1.093588e+00 2.906123e-02 -3.451472e-03 9.995716e-01 -2.649836e+02
