9.848051e-01 6.568221e-03 -1.735391e-01 1.440967e-02 -5.136304e-03 9.999490e-01 8.699066e-03 3.317985e-03 1.735873e-01 -7.675533e-03 9.847885e-01 2.087224e-01
9.995096e-01 -1.027927e-03 3.129661e-02 -1.717046e-02 1.068168e-03 9.999986e-01 -1.269114e-03 6.563972e-03 -3.129529e-02 1.301923e-03 9.995092e-01 4.161580e-01
9.852153e-01 6.490402e-03 -1.711975e-01 -6.919845e-02 -5.124706e-03 9.999514e-01 8.418038e-03 9.667171e-03 1.712438e-01 -7.416241e-03 9.852007e-01 6.451792e-01
9.971714e-01 -2.532472e-03 7.511892e-02 -1.314100e-01 2.765493e-03 9.999917e-01 -2.998156e-03 1.157726e-02 -7.511075e-02 3.197419e-03 9.971700e-01 8.360074e-01
9.891563e-01 5.548653e-03 -1.467621e-01 -2.139302e-01 -4.560557e-03 9.999646e-01 7.068257e-03 1.253686e-02 1.467960e-01 -6.322291e-03 9.891465e-01 1.040154e+00
9.953674e-01 -3.251709e-03 9.608917e-02 -2.559685e-01 3.638876e-03 9.999860e-01 -3.854270e-03 1.210306e-02 -9.607535e-02 4.186075e-03 9.953652e-01 1.210822e+00
9.850231e-01 6.621451e-03 -1.722952e-01 -2.712639e-01 -5.265438e-03 9.999515e-01 8.326121e-03 1.208663e-02 1.723419e-01 -7.294209e-03 9.850101e-01 1.372700e+00
9.946404e-01 -3.575379e-03 1.033324e-01 -3.414327e-01 4.012791e-03 9.999838e-01 -4.025460e-03 1.315240e-02 -1.033165e-01 4.418540e-03 9.946386e-01 1.538054e+00
9.895117e-01 5.575276e-03 -1.443451e-01 -4.380819e-01 -4.644445e-03 9.999662e-01 6.784805e-03 1.315622e-02 1.443780e-01 -6.043238e-03 9.895041e-01 1.733595e+00
9.938418e-01 -3.846616e-03 1.107409e-01 -5.080040e-01 4.344049e-03 9.999815e-01 -4.250916e-03 1.260341e-02 -1.107226e-01 4.705806e-03 9.938401e-01 1.921424e+00
9.868914e-01 6.206376e-03 -1.612660e-01 -5.514160e-01 -5.048546e-03 9.999585e-01 7.588391e-03 1.229117e-02 1.613064e-01 -6.674755e-03 9.868817e-01 2.059781e+00
9.946307e-01 -3.693370e-03 1.034215e-01 -6.460073e-01 4.122610e-03 9.999838e-01 -3.936921e-03 1.320596e-02 -1.034053e-01 4.342153e-03 9.946298e-01 2.228592e+00
9.910294e-01 5.068800e-03 -1.335479e-01 -7.735073e-01 -4.288556e-03 9.999720e-01 6.129416e-03 1.373579e-02 1.335752e-01 -5.501700e-03 9.910233e-01 2.415208e+00
9.937557e-01 -3.999509e-03 1.115058e-01 -8.932418e-01 4.510906e-03 9.999804e-01 -4.334345e-03 1.414247e-02 -1.114864e-01 4.810277e-03 9.937542e-01 2.584074e+00
9.914282e-01 4.996023e-03 -1.305570e-01 -9.906728e-01 -4.238264e-03 9.999725e-01 6.081248e-03 1.401251e-02 1.305837e-01 -5.475782e-03 9.914221e-01 2.727045e+00
9.950413e-01 -3.603823e-03 9.939663e-02 -1.081535e+00 4.007110e-03 9.999845e-01 -3.857972e-03 1.390281e-02 -9.938128e-02 4.237139e-03 9.950403e-01 2.874499e+00
9.943044e-01 3.808218e-03 -1.065092e-01 -1.190255e+00 -3.305288e-03 9.999825e-01 4.898045e-03 1.451680e-02 1.065259e-01 -4.518100e-03 9.942996e-01 3.001566e+00
9.932967e-01 -3.877318e-03 1.155273e-01 -1.267175e+00 4.454846e-03 9.999788e-01 -4.741262e-03 1.584484e-02 -1.155065e-01 5.224141e-03 9.932929e-01 3.059675e+00
9.895458e-01 5.280573e-03 -1.441222e-01 -1.311684e+00 -4.309018e-03 9.999658e-01 7.052483e-03 1.570979e-02 1.441545e-01 -6.357726e-03 9.895347e-01 3.129358e+00
9.955605e-01 -3.434401e-03 9.406029e-02 -1.316903e+00 3.807264e-03 9.999856e-01 -3.784874e-03 1.547357e-02 -9.404603e-02 4.126188e-03 9.955592e-01 3.178338e+00
9.931606e-01 3.858527e-03 -1.166924e-01 -1.376241e+00 -3.216474e-03 9.999786e-01 5.689885e-03 1.641805e-02 1.167118e-01 -5.275627e-03 9.931517e-01 3.216073e+00
9.934055e-01 -3.612564e-03 1.145963e-01 -1.454607e+00 4.211450e-03 9.999787e-01 -4.984335e-03 1.802630e-02 -1.145760e-01 5.434088e-03 9.933996e-01 3.263375e+00
9.908504e-01 4.530934e-03 -1.348886e-01 -1.541316e+00 -3.651094e-03 9.999704e-01 6.769359e-03 1.833143e-02 1.349152e-01 -6.214927e-03 9.908376e-01 3.360116e+00
9.935472e-01 -3.596551e-03 1.133620e-01 -1.614453e+00 4.184772e-03 9.999790e-01 -4.951307e-03 1.842095e-02 -1.133419e-01 5.393756e-03 9.935413e-01 3.448190e+00
9.924326e-01 4.003528e-03 -1.227249e-01 -1.719223e+00 -3.279265e-03 9.999760e-01 6.102912e-03 1.937361e-02 1.227463e-01 -5.654278e-03 9.924219e-01 3.546834e+00
9.921797e-01 -3.718327e-03 1.247616e-01 -1.809793e+00 4.448874e-03 9.999745e-01 -5.577416e-03 2.059182e-02 -1.247377e-01 6.088853e-03 9.921710e-01 3.636579e+00
9.897512e-01 4.737017e-03 -1.427240e-01 -1.910061e+00 -3.740356e-03 9.999667e-01 7.250597e-03 2.109145e-02 1.427535e-01 -6.642444e-03 9.897359e-01 3.747359e+00
9.928208e-01 -3.612553e-03 1.195560e-01 -1.975179e+00 4.275837e-03 9.999769e-01 -5.291808e-03 2.111158e-02 -1.195342e-01 5.765024e-03 9.928133e-01 3.832536e+00
9.886749e-01 5.143473e-03 -1.499850e-01 -2.033268e+00 -4.033276e-03 9.999622e-01 7.705287e-03 2.078711e-02 1.500188e-01 -7.013088e-03 9.886582e-01 3.925271e+00
9.918444e-01 -3.955856e-03 1.273930e-01 -2.099641e+00 4.716463e-03 9.999728e-01 -5.669425e-03 2.051170e-02 -1.273672e-01 6.224037e-03 9.918361e-01 4.016197e+00
9.889230e-01 5.277274e-03 -1.483356e-01 -2.145954e+00 -4.184115e-03 9.999618e-01 7.680566e-03 1.961359e-02 1.483703e-01 -6.974830e-03 9.889072e-01 4.104584e+00
9.915267e-01 -4.267311e-03 1.298326e-01 -2.124031e+00 5.050718e-03 9.999710e-01 -5.705270e-03 1.766988e-02 -1.298045e-01 6.312680e-03 9.915195e-01 4.147992e+00
9.864948e-01 6.101912e-03 -1.636786e-01 -2.049853e+00 -4.781155e-03 9.999528e-01 8.461924e-03 1.511152e-02 1.637224e-01 -7.565067e-03 9.864774e-01 4.190178e+00
9.900539e-01 -4.761826e-03 1.406075e-01 -1.929395e+00 5.674992e-03 9.999653e-01 -6.094146e-03 1.192642e-02 -1.405737e-01 6.831485e-03 9.900466e-01 4.179404e+00
9.890666e-01 5.695367e-03 -1.473595e-01 -1.892613e+00 -4.612880e-03 9.999598e-01 7.686562e-03 9.583530e-03 1.473973e-01 -6.922765e-03 9.890531e-01 4.233953e+00
9.888737e-01 -4.954179e-03 1.486746e-01 -1.957508e+00 5.999582e-03 9.999603e-01 -6.583781e-03 8.816462e-03 -1.486362e-01 7.402519e-03 9.888642e-01 4.355908e+00
9.873894e-01 6.060415e-03 -1.581939e-01 -1.849028e+00 -4.803564e-03 9.999538e-01 8.326128e-03 4.929332e-03 1.582370e-01 -7.461231e-03 9.873729e-01 4.389440e+00
9.876925e-01 -5.030848e-03 1.563270e-01 -1.762885e+00 6.200038e-03 9.999563e-01 -6.992373e-03 1.327583e-03 -1.562851e-01 7.875553e-03 9.876805e-01 4.468737e+00
9.859990e-01 6.180321e-03 -1.666366e-01 -1.515926e+00 -4.798038e-03 9.999507e-01 8.696478e-03 -4.033794e-03 1.666821e-01 -7.775184e-03 9.859800e-01 4.400796e+00
9.887287e-01 -4.870293e-03 1.496387e-01 -1.249055e+00 5.918591e-03 9.999610e-01 -6.560953e-03 -9.324557e-03 -1.496010e-01 7.372659e-03 9.887189e-01 4.337800e+00
9.872319e-01 6.576432e-03 -1.591532e-01 -1.332565e+00 -5.348218e-03 9.999525e-01 8.144250e-03 -1.002851e-02 1.591992e-01 -7.189073e-03 9.872203e-01 4.573692e+00
9.884119e-01 -4.940749e-03 1.517147e-01 -1.439531e+00 6.019162e-03 9.999598e-01 -6.649696e-03 -1.027625e-02 -1.516758e-01 7.485839e-03 9.884019e-01 4.820993e+00
9.873480e-01 6.502852e-03 -1.584345e-01 -1.326901e+00 -5.294941e-03 9.999536e-01 8.044940e-03 -1.489214e-02 1.584794e-01 -7.104249e-03 9.873367e-01 5.018900e+00
9.909674e-01 -5.194755e-03 1.340019e-01 -9.156004e-01 6.036829e-03 9.999645e-01 -5.878459e-03 -2.334200e-02 -1.339667e-01 6.634313e-03 9.909636e-01 4.978396e+00
9.892919e-01 5.967163e-03 -1.458279e-01 -4.105394e-01 -4.917713e-03 9.999594e-01 7.555904e-03 -3.305505e-02 1.458670e-01 -6.757850e-03 9.892811e-01 4.865420e+00
9.892964e-01 -5.174393e-03 1.458280e-01 -2.997028e-01 6.183070e-03 9.999600e-01 -6.464449e-03 -3.764441e-02 -1.457889e-01 7.296926e-03 9.892888e-01 4.975484e+00
9.873691e-01 6.776444e-03 -1.582914e-01 -3.188954e-01 -5.531617e-03 9.999502e-01 8.303386e-03 -3.945776e-02 1.583397e-01 -7.322895e-03 9.873575e-01 5.141545e+00
9.899944e-01 -5.189020e-03 1.410108e-01 -3.325136e-01 6.126583e-03 9.999619e-01 -6.215523e-03 -4.122997e-02 -1.409733e-01 7.017253e-03 9.899885e-01 5.286980e+00
9.890203e-01 6.364117e-03 -1.476424e-01 -3.695759e-01 -5.268292e-03 9.999556e-01 7.811998e-03 -4.266436e-02 1.476855e-01 -6.948397e-03 9.890099e-01 5.427272e+00
9.891866e-01 -5.459360e-03 1.465606e-01 -3.717939e-01 6.487965e-03 9.999576e-01 -6.541145e-03 -4.508496e-02 -1.465188e-01 7.421299e-03 9.891800e-01 5.556711e+00
9.876738e-01 6.662605e-03 -1.563838e-01 -2.903219e-01 -5.427117e-03 9.999506e-01 8.325988e-03 -4.863110e-02 1.564315e-01 -7.374642e-03 9.876612e-01 5.626683e+00
9.873257e-01 -1.185040e-02 1.582639e-01 1.629954e+00 1.291464e-02 9.999004e-01 -5.697625e-03 -1.033598e-02 -1.581808e-01 7.669338e-03 9.873803e-01 1.290058e-01
9.885641e-01 1.652137e-03 -1.507921e-01 5.220010e+00 -6.826180e-05 9.999448e-01 1.050823e-02 6.656250e-02 1.508010e-01 -1.037776e-02 9.885096e-01 -1.054182e+01
9.873307e-01 -5.881011e-03 1.585666e-01 7.058504e+00 7.406343e-03 9.999318e-01 -9.030231e-03 9.863078e-02 -1.585028e-01 1.009023e-02 9.873069e-01 -1.562453e+01
9.793461e-01 8.494801e-03 -2.020123e-01 7.452597e+00 -6.047432e-03 9.999007e-01 1.272903e-02 9.217255e-02 2.021003e-01 -1.124447e-02 9.793002e-01 -1.580064e+01
9.889421e-01 -6.001606e-03 1.481805e-01 8.078972e+00 7.341243e-03 9.999370e-01 -8.495235e-03 8.444254e-02 -1.481203e-01 9.489132e-03 9.889238e-01 -1.621176e+01
9.875448e-01 7.375941e-03 -1.571650e-01 8.377283e+00 -5.818558e-03 9.999293e-01 1.036698e-02 7.787547e-02 1.572303e-01 -9.323378e-03 9.875179e-01 -1.624461e+01
9.876704e-01 -6.015990e-03 1.564318e-01 8.381371e+00 7.503091e-03 9.999321e-01 -8.917567e-03 7.537118e-02 -1.563676e-01 9.981345e-03 9.876485e-01 -1.611015e+01
9.876456e-01 7.407948e-03 -1.565286e-01 8.345519e+00 -5.857581e-03 9.999291e-01 1.036362e-02 7.354613e-02 1.565941e-01 -9.318694e-03 9.876190e-01 -1.596601e+01
9.879815e-01 -5.907006e-03 1.544590e-01 8.299443e+00 7.365269e-03 9.999335e-01 -8.870494e-03 7.201274e-02 -1.543964e-01 9.901523e-03 9.879593e-01 -1.580347e+01
9.886374e-01 3.262316e-04 -1.503194e-01 1.061272e+01 1.438123e-03 9.999314e-01 1.162847e-02 1.185668e-01 1.503128e-01 -1.171251e-02 9.885691e-01 -2.241483e+01
9.870153e-01 -1.572982e-02 1.598541e-01 1.568192e+01 1.717910e-02 9.998229e-01 -7.688225e-03 2.301397e-01 -1.597049e-01 1.033455e-02 9.871107e-01 -3.761892e+01
9.883277e-01 5.218186e-03 -1.522530e-01 1.958399e+01 -3.202090e-03 9.999040e-01 1.348389e-02 3.117076e-01 1.523086e-01 -1.283897e-02 9.882495e-01 -4.910153e+01
9.875663e-01 -7.263364e-03 1.570348e-01 2.088552e+01 9.226811e-03 9.998881e-01 -1.177781e-02 3.309402e-01 -1.569317e-01 1.308031e-02 9.875228e-01 -5.248485e+01
9.873973e-01 8.862420e-03 -1.580127e-01 2.118574e+01 -6.829901e-03 9.998869e-01 1.340134e-02 3.241230e-01 1.581135e-01 -1.215323e-02 9.873461e-01 -5.254461e+01
9.871127e-01 -9.960327e-03 1.597157e-01 2.218236e+01 1.190973e-02 9.998658e-01 -1.125276e-02 3.380343e-01 -1.595823e-01 1.300993e-02 9.870989e-01 -5.504331e+01
9.889226e-01 -6.006920e-03 -1.483103e-01 2.783934e+01 8.609285e-03 9.998199e-01 1.691096e-02 4.656601e-01 1.481819e-01 -1.800046e-02 9.887962e-01 -7.207521e+01
9.854410e-01 -7.254486e-03 1.698626e-01 3.294014e+01 9.930897e-03 9.998395e-01 -1.491191e-02 5.664796e-01 -1.697273e-01 1.638171e-02 9.853549e-01 -8.681016e+01
9.860575e-01 1.136816e-03 -1.664009e-01 3.581472e+01 1.998018e-03 9.998237e-01 1.867036e-02 6.278905e-01 1.663927e-01 -1.874251e-02 9.858814e-01 -9.525175e+01
9.838185e-01 -1.839248e-02 1.782213e-01 4.183065e+01 2.122427e-02 9.996768e-01 -1.399537e-02 7.620201e-01 -1.779064e-01 1.755153e-02 9.838908e-01 -1.133972e+02
9.863912e-01 1.166570e-02 -1.640005e-01 4.513397e+01 -8.585827e-03 9.997735e-01 1.947589e-02 8.249000e-01 1.641905e-01 -1.780276e-02 9.862679e-01 -1.228114e+02
9.877008e-01 -8.130367e-03 1.561440e-01 4.500511e+01 1.097110e-02 9.997895e-01 -1.733974e-02 8.254147e-01 -1.559702e-01 1.883956e-02 9.875820e-01 -1.225685e+02
9.872739e-01 1.131370e-02 -1.586260e-01 4.489788e+01 -8.364282e-03 9.997797e-01 1.924876e-02 8.256799e-01 1.588088e-01 -1.767700e-02 9.871510e-01 -1.223213e+02
9.875165e-01 -8.192445e-03 1.573020e-01 4.479903e+01 1.106109e-02 9.997880e-01 -1.736964e-02 8.257335e-01 -1.571265e-01 1.889275e-02 9.873977e-01 -1.220557e+02
9.870070e-01 1.145528e-02 -1.602682e-01 4.469236e+01 -8.467113e-03 9.997776e-01 1.931524e-02 8.259405e-01 1.604537e-01 -1.770726e-02 9.868845e-01 -1.218012e+02
9.897152e-01 -7.923370e-03 1.428315e-01 4.462765e+01 1.042768e-02 9.998046e-01 -1.679315e-02 8.251731e-01 -1.426706e-01 1.810985e-02 9.896045e-01 -1.215877e+02
9.883820e-01 1.087711e-02 -1.516004e-01 4.457941e+01 -8.083110e-03 9.997862e-01 1.903409e-02 8.244017e-01 1.517749e-01 -1.758753e-02 9.882585e-01 -1.214244e+02
9.883776e-01 -8.203628e-03 1.517967e-01 4.450523e+01 1.094904e-02 9.997911e-01 -1.725899e-02 8.236054e-01 -1.516235e-01 1.872044e-02 9.882610e-01 -1.212305e+02
9.885220e-01 1.074297e-02 -1.506941e-01 4.453046e+01 -7.978134e-03 9.997888e-01 1.893986e-02 8.205024e-01 1.508657e-01 -1.752019e-02 9.883990e-01 -1.210627e+02
9.883332e-01 -8.327206e-03 1.520792e-01 4.466804e+01 1.108835e-02 9.997886e-01 -1.731679e-02 8.152528e-01 -1.519029e-01 1.880108e-02 9.882166e-01 -1.209433e+02
9.884797e-01 1.073330e-02 -1.509719e-01 4.488378e+01 -7.955877e-03 9.997880e-01 1.898885e-02 8.091699e-01 1.511437e-01 -1.756897e-02 9.883556e-01 -1.209105e+02
9.883746e-01 -8.442974e-03 1.518036e-01 4.511918e+01 1.119278e-02 9.997882e-01 -1.726877e-02 8.033690e-01 -1.516258e-01 1.876713e-02 9.882598e-01 -1.209461e+02
9.885429e-01 1.058521e-02 -1.505686e-01 4.544597e+01 -7.802778e-03 9.997879e-01 1.905825e-02 7.985261e-01 1.507383e-01 -1.766503e-02 9.884158e-01 -1.211800e+02
9.883761e-01 -8.695347e-03 1.517791e-01 4.584042e+01 1.144986e-02 9.997851e-01 -1.728347e-02 7.944572e-01 -1.515963e-01 1.882043e-02 9.882633e-01 -1.215859e+02
9.885360e-01 1.100409e-02 -1.505835e-01 4.607982e+01 -8.217405e-03 9.997835e-01 1.911560e-02 7.891735e-01 1.507612e-01 -1.765904e-02 9.884124e-01 -1.216621e+02
9.883820e-01 -8.552340e-03 1.517487e-01 4.616080e+01 1.132587e-02 9.997841e-01 -1.742206e-02 7.851756e-01 -1.515671e-01 1.893835e-02 9.882655e-01 -1.215298e+02
9.885321e-01 1.106415e-02 -1.506045e-01 4.624637e+01 -8.272186e-03 9.997824e-01 1.915221e-02 7.811317e-01 1.507835e-01 -1.768674e-02 9.884085e-01 -1.213909e+02
9.884093e-01 -8.554453e-03 1.515707e-01 4.635556e+01 1.133628e-02 9.997826e-01 -1.749863e-02 7.765438e-01 -1.513882e-01 1.901407e-02 9.882915e-01 -1.212480e+02
9.885598e-01 1.101753e-02 -1.504263e-01 4.653862e+01 -8.219916e-03 9.997817e-01 1.920700e-02 7.709772e-01 1.506050e-01 -1.775076e-02 9.884346e-01 -1.211734e+02
9.883886e-01 -8.575942e-03 1.517048e-01 4.665430e+01 1.136541e-02 9.997817e-01 -1.752979e-02 7.662529e-01 -1.515215e-01 1.905044e-02 9.882703e-01 -1.210573e+02
9.885545e-01 1.104664e-02 -1.504587e-01 4.679979e+01 -8.244184e-03 9.997810e-01 1.923708e-02 7.612690e-01 1.506381e-01 -1.777648e-02 9.884291e-01 -1.209688e+02
9.884718e-01 -8.613979e-03 1.511592e-01 4.703130e+01 1.140125e-02 9.997804e-01 -1.758216e-02 7.547393e-01 -1.509747e-01 1.910289e-02 9.883530e-01 -1.209209e+02
9.885919e-01 1.099235e-02 -1.502172e-01 4.730357e+01 -8.178963e-03 9.997796e-01 1.933372e-02 7.485419e-01 1.503966e-01 -1.788453e-02 9.884639e-01 -1.209691e+02
9.885193e-01 -8.809974e-03 1.508371e-01 4.757357e+01 1.158395e-02 9.997794e-01 -1.752163e-02 7.437222e-01 -1.506496e-01 1.906778e-02 9.884033e-01 -1.211340e+02
9.884863e-01 1.122112e-02 -1.508936e-01 4.780497e+01 -8.380917e-03 9.997758e-01 1.944530e-02 7.380173e-01 1.510779e-01 -1.795677e-02 9.883587e-01 -1.211796e+02
9.886928e-01 -8.747070e-03 1.496994e-01 4.798992e+01 1.151390e-02 9.997784e-01 -1.762575e-02 7.323344e-01 -1.495122e-01 1.915009e-02 9.885744e-01 -1.211416e+02
9.884687e-01 1.148479e-02 -1.509892e-01 4.803861e+01 -8.620933e-03 9.997706e-01 1.960816e-02 7.291585e-01 1.511796e-01 -1.808037e-02 9.883409e-01 -1.210232e+02
9.893668e-01 -8.335756e-03 1.452022e-01 4.793474e+01 1.101238e-02 9.997838e-01 -1.763966e-02 7.289637e-01 -1.450239e-01 1.905113e-02 9.892447e-01 -1.208018e+02
9.889143e-01 1.121712e-02 -1.480627e-01 4.794017e+01 -8.410713e-03 9.997732e-01 1.956662e-02 7.264272e-01 1.482485e-01 -1.810439e-02 9.887844e-01 -1.206367e+02
9.893006e-01 -8.503797e-03 1.456432e-01 4.808310e+01 1.120891e-02 9.997794e-01 -1.776287e-02 7.212367e-01 -1.454602e-01 1.920533e-02 9.891776e-01 -1.205235e+02
9.887980e-01 1.141461e-02 -1.488222e-01 4.813067e+01 -8.575345e-03 9.997690e-01 1.970589e-02 7.178779e-01 1.490127e-01 -1.820893e-02 9.886676e-01 -1.203579e+02
9.915469e-01 -7.809805e-03 1.295133e-01 4.801414e+01 1.013545e-02 9.997988e-01 -1.730731e-02 7.178392e-01 -1.293522e-01 1.847370e-02 9.914266e-01 -1.200902e+02
9.899748e-01 1.070250e-02 -1.408376e-01 4.789291e+01 -8.050223e-03 9.997796e-01 1.938832e-02 7.181342e-01 1.410139e-01 -1.806016e-02 9.898428e-01 -1.198678e+02
9.901978e-01 -8.029973e-03 1.394406e-01 4.780757e+01 1.059885e-02 9.997873e-01 -1.768980e-02 7.175161e-01 -1.392690e-01 1.899433e-02 9.900724e-01 -1.196682e+02
9.896562e-01 1.114562e-02 -1.430254e-01 4.785585e+01 -8.469566e-03 9.997778e-01 1.930545e-02 7.135833e-01 1.432087e-01 -1.789439e-02 9.895307e-01 -1.193665e+02
9.904265e-01 -7.865571e-03 1.378167e-01 4.793547e+01 1.037917e-02 9.997925e-01 -1.752943e-02 7.093439e-01 -1.376503e-01 1.879205e-02 9.903026e-01 -1.190863e+02
9.898410e-01 1.074311e-02 -1.417716e-01 4.800210e+01 -8.093049e-03 9.997818e-01 1.925574e-02 7.054736e-01 1.419474e-01 -1.791274e-02 9.897121e-01 -1.188849e+02
9.906466e-01 -7.784343e-03 1.362302e-01 4.810933e+01 1.026186e-02 9.997943e-01 -1.749328e-02 7.009680e-01 -1.360661e-01 1.872765e-02 9.905227e-01 -1.186969e+02
9.899773e-01 1.054048e-02 -1.408326e-01 4.830314e+01 -7.915618e-03 9.997846e-01 1.918530e-02 6.950327e-01 1.410044e-01 -1.787822e-02 9.898475e-01 -1.185718e+02
9.904846e-01 -7.621896e-03 1.374123e-01 4.839545e+01 1.012640e-02 9.997949e-01 -1.753623e-02 6.905954e-01 -1.372505e-01 1.876087e-02 9.903586e-01 -1.183591e+02
9.903826e-01 1.010722e-02 -1.379854e-01 4.855228e+01 -7.563324e-03 9.997919e-01 1.894779e-02 6.847656e-01 1.381481e-01 -1.772192e-02 9.902530e-01 -1.182043e+02
9.904459e-01 -7.673098e-03 1.376878e-01 4.870279e+01 1.018153e-02 9.997946e-01 -1.752309e-02 6.791444e-01 -1.375252e-01 1.875756e-02 9.903206e-01 -1.180612e+02
9.905510e-01 9.910525e-03 -1.367861e-01 4.886825e+01 -7.382029e-03 9.997926e-01 1.897985e-02 6.738452e-01 1.369457e-01 -1.779073e-02 9.904187e-01 -1.179853e+02
9.905035e-01 -7.639916e-03 1.372747e-01 4.899526e+01 1.014560e-02 9.997943e-01 -1.756256e-02 6.689203e-01 -1.371124e-01 1.878853e-02 9.903773e-01 -1.178653e+02
9.903538e-01 1.036249e-02 -1.381735e-01 4.896467e+01 -7.794599e-03 9.997870e-01 1.911260e-02 6.664441e-01 1.383420e-01 -1.785121e-02 9.902236e-01 -1.176139e+02
9.902502e-01 -7.800940e-03 1.390810e-01 4.891111e+01 1.035169e-02 9.997911e-01 -1.762598e-02 6.649729e-01 -1.389146e-01 1.889387e-02 9.901241e-01 -1.173700e+02
9.905044e-01 1.029685e-02 -1.370945e-01 4.886109e+01 -7.757728e-03 9.997886e-01 1.904233e-02 6.635047e-01 1.372615e-01 -1.779796e-02 9.903749e-01 -1.171489e+02
9.903425e-01 -7.829039e-03 1.384211e-01 4.882157e+01 1.036181e-02 9.997917e-01 -1.758629e-02 6.615267e-01 -1.382547e-01 1.885076e-02 9.902173e-01 -1.169110e+02
9.906708e-01 1.023676e-02 -1.358917e-01 4.876574e+01 -7.727185e-03 9.997900e-01 1.898198e-02 6.604528e-01 1.360574e-01 -1.775482e-02 9.905418e-01 -1.167064e+02
9.904187e-01 -7.989140e-03 1.378651e-01 4.870467e+01 1.049918e-02 9.997919e-01 -1.748873e-02 6.595797e-01 -1.376968e-01 1.876866e-02 9.902965e-01 -1.165395e+02
9.901085e-01 1.076540e-02 -1.398896e-01 4.861747e+01 -8.161251e-03 9.997828e-01 1.917600e-02 6.590366e-01 1.400656e-01 -1.784464e-02 9.899814e-01 -1.163087e+02
9.902365e-01 -8.096664e-03 1.391620e-01 4.853838e+01 1.063782e-02 9.997898e-01 -1.752617e-02 6.584693e-01 -1.389909e-01 1.883544e-02 9.901145e-01 -1.160868e+02
9.909359e-01 1.028318e-02 -1.339411e-01 4.848547e+01 -7.834413e-03 9.997926e-01 1.879655e-02 6.578049e-01 1.341065e-01 -1.757682e-02 9.908110e-01 -1.159042e+02
9.903914e-01 -8.158683e-03 1.380516e-01 4.843462e+01 1.066864e-02 9.997908e-01 -1.745095e-02 6.568162e-01 -1.378805e-01 1.875611e-02 9.902712e-01 -1.157330e+02
9.904329e-01 1.062322e-02 -1.375855e-01 4.837316e+01 -8.075006e-03 9.997856e-01 1.906582e-02 6.556216e-01 1.377585e-01 -1.777239e-02 9.903063e-01 -1.155512e+02
9.909988e-01 -7.954354e-03 1.336338e-01 4.831146e+01 1.035728e-02 9.997968e-01 -1.729577e-02 6.544129e-01 -1.334691e-01 1.852418e-02 9.908798e-01 -1.153669e+02
9.905599e-01 1.060247e-02 -1.366696e-01 4.822915e+01 -8.079784e-03 9.997868e-01 1.899976e-02 6.537227e-01 1.368418e-01 -1.771613e-02 9.904344e-01 -1.151702e+02
9.907262e-01 -8.105602e-03 1.356312e-01 4.813700e+01 1.055004e-02 9.997944e-01 -1.731345e-02 6.536644e-01 -1.354631e-01 1.858382e-02 9.906081e-01 -1.149930e+02
9.907175e-01 1.046158e-02 -1.355336e-01 4.805256e+01 -7.960975e-03 9.997882e-01 1.897887e-02 6.534600e-01 1.357034e-01 -1.772370e-02 9.905909e-01 -1.148404e+02
9.906667e-01 -8.179846e-03 1.360607e-01 4.797520e+01 1.063849e-02 9.997928e-01 -1.735273e-02 6.530641e-01 -1.358907e-01 1.863826e-02 9.905485e-01 -1.146839e+02
9.906704e-01 1.054814e-02 -1.358706e-01 4.789840e+01 -8.035711e-03 9.997867e-01 1.902641e-02 6.525225e-01 1.360423e-01 -1.775707e-02 9.905438e-01 -1.145378e+02
9.905535e-01 -8.362628e-03 1.368710e-01 4.783300e+01 1.084121e-02 9.997903e-01 -1.737335e-02 6.516314e-01 -1.366971e-01 1.869310e-02 9.904365e-01 -1.144121e+02
9.907721e-01 1.049895e-02 -1.351307e-01 4.784400e+01 -8.007142e-03 9.997880e-01 1.897021e-02 6.490809e-01 1.353012e-01 -1.771313e-02 9.906461e-01 -1.143223e+02
9.906861e-01 -8.370359e-03 1.359079e-01 4.789153e+01 1.082697e-02 9.997909e-01 -1.734631e-02 6.458014e-01 -1.357344e-01 1.865624e-02 9.905696e-01 -1.142351e+02
9.907402e-01 1.052063e-02 -1.353630e-01 4.805139e+01 -8.031672e-03 9.997887e-01 1.892017e-02 6.405636e-01 1.355334e-01 -1.765777e-02 9.906154e-01 -1.141856e+02
9.905427e-01 -8.531115e-03 1.369387e-01 4.818119e+01 1.100317e-02 9.997897e-01 -1.730534e-02 6.364150e-01 -1.367623e-01 1.864845e-02 9.904283e-01 -1.141814e+02
9.906281e-01 1.079825e-02 -1.361587e-01 4.810827e+01 -8.282226e-03 9.997846e-01 1.903151e-02 6.358495e-01 1.363348e-01 -1.772544e-02 9.905042e-01 -1.140571e+02
9.907585e-01 -8.389784e-03 1.353773e-01 4.803152e+01 1.083414e-02 9.997911e-01 -1.732912e-02 6.351215e-01 -1.352038e-01 1.863569e-02 9.906425e-01 -1.138932e+02
9.907273e-01 1.081357e-02 -1.354338e-01 4.795073e+01 -8.314391e-03 9.997848e-01 1.900508e-02 6.347420e-01 1.356100e-01 -1.770278e-02 9.906041e-01 -1.137127e+02
9.914037e-01 -7.426601e-03 1.306273e-01 4.785601e+01 9.804609e-03 9.997975e-01 -1.757068e-02 6.338658e-01 -1.304704e-01 1.870040e-02 9.912758e-01 -1.132676e+02
9.907555e-01 1.082271e-02 -1.352271e-01 4.776593e+01 -8.338335e-03 9.997861e-01 1.892464e-02 6.329828e-01 1.354029e-01 -1.762210e-02 9.906338e-01 -1.128045e+02
9.909503e-01 -8.064863e-03 1.339866e-01 4.768604e+01 1.048800e-02 9.997938e-01 -1.738879e-02 6.321189e-01 -1.338189e-01 1.863669e-02 9.908305e-01 -1.125056e+02
9.903692e-01 1.112594e-02 -1.380031e-01 4.758582e+01 -8.583523e-03 9.997826e-01 1.900427e-02 6.317848e-01 1.381845e-01 -1.763667e-02 9.902494e-01 -1.121692e+02
9.906326e-01 -8.351854e-03 1.362980e-01 4.748235e+01 1.081079e-02 9.997917e-01 -1.731050e-02 6.321027e-01 -1.361251e-01 1.862185e-02 9.905166e-01 -1.118974e+02
9.906020e-01 1.086250e-02 -1.363438e-01 4.739741e+01 -8.356119e-03 9.997857e-01 1.894161e-02 6.319263e-01 1.365202e-01 -1.762428e-02 9.904804e-01 -1.116853e+02
9.907136e-01 -8.327035e-03 1.357096e-01 4.730878e+01 1.077221e-02 9.997924e-01 -1.729319e-02 6.317490e-01 -1.355375e-01 1.859451e-02 9.905977e-01 -1.114616e+02
9.906835e-01 1.081632e-02 -1.357541e-01 4.722396e+01 -8.322716e-03 9.997863e-01 1.892256e-02 6.315723e-01 1.359297e-01 -1.761641e-02 9.905618e-01 -1.112475e+02
9.905805e-01 -8.431674e-03 1.366712e-01 4.714623e+01 1.090408e-02 9.997900e-01 -1.735145e-02 6.312937e-01 -1.364963e-01 1.867830e-02 9.904644e-01 -1.110361e+02
9.905310e-01 1.094405e-02 -1.368517e-01 4.705976e+01 -8.417729e-03 9.997836e-01 1.902531e-02 6.311704e-01 1.370302e-01 -1.769317e-02 9.904088e-01 -1.108360e+02
9.906139e-01 -8.466876e-03 1.364271e-01 4.696487e+01 1.093321e-02 9.997899e-01 -1.733876e-02 6.313727e-01 -1.362517e-01 1.866762e-02 9.904983e-01 -1.106405e+02
9.898402e-01 1.138715e-02 -1.417271e-01 4.685317e+01 -8.754391e-03 9.997776e-01 1.918583e-02 6.315562e-01 1.419139e-01 -1.775016e-02 9.897198e-01 -1.104175e+02
9.907220e-01 -8.544227e-03 1.356350e-01 4.674751e+01 1.098610e-02 9.997906e-01 -1.726480e-02 6.314029e-01 -1.354592e-01 1.859473e-02 9.906084e-01 -1.102004e+02
9.899627e-01 1.155376e-02 -1.408552e-01 4.664168e+01 -8.955298e-03 9.997781e-01 1.906761e-02 6.311935e-01 1.410441e-01 -1.761481e-02 9.898465e-01 -1.099350e+02
9.910016e-01 -8.335528e-03 1.335901e-01 4.653649e+01 1.072688e-02 9.997947e-01 -1.719080e-02 6.309441e-01 -1.334195e-01 1.846913e-02 9.908875e-01 -1.096334e+02
9.906534e-01 1.106763e-02 -1.359530e-01 4.643305e+01 -8.579178e-03 9.997850e-01 1.887593e-02 6.310889e-01 1.361326e-01 -1.753313e-02 9.905354e-01 -1.093871e+02
9.907187e-01 -8.536933e-03 1.356590e-01 4.636892e+01 1.097810e-02 9.997908e-01 -1.725686e-02 6.297905e-01 -1.354834e-01 1.858598e-02 9.906052e-01 -1.091497e+02
9.907695e-01 1.097613e-02 -1.351115e-01 4.637607e+01 -8.509286e-03 9.997866e-01 1.882172e-02 6.267437e-01 1.352892e-01 -1.749827e-02 9.906516e-01 -1.089262e+02
9.906462e-01 -8.670155e-03 1.361795e-01 4.632351e+01 1.111772e-02 9.997899e-01 -1.722272e-02 6.253219e-01 -1.360016e-01 1.857564e-02 9.905344e-01 -1.087228e+02
9.906706e-01 1.112039e-02 -1.358231e-01 4.625258e+01 -8.634892e-03 9.997846e-01 1.887486e-02 6.244666e-01 1.360036e-01 -1.752594e-02 9.905533e-01 -1.085155e+02
9.907393e-01 -8.650374e-03 1.355014e-01 4.616916e+01 1.108083e-02 9.997908e-01 -1.719264e-02 6.240873e-01 -1.353245e-01 1.853491e-02 9.906279e-01 -1.083004e+02
9.906805e-01 1.109809e-02 -1.357530e-01 4.608403e+01 -8.608895e-03 9.997841e-01 1.890944e-02 6.238506e-01 1.359334e-01 -1.756452e-02 9.905622e-01 -1.081134e+02
9.909006e-01 -8.566155e-03 1.343223e-01 4.598966e+01 1.097282e-02 9.997921e-01 -1.718687e-02 6.237965e-01 -1.341473e-01 1.850439e-02 9.907886e-01 -1.079128e+02
9.906373e-01 1.124174e-02 -1.360558e-01 4.590056e+01 -8.753273e-03 9.997835e-01 1.887442e-02 6.234180e-01 1.362384e-01 -1.750676e-02 9.905213e-01 -1.076713e+02
9.909846e-01 -8.518750e-03 1.337044e-01 4.580224e+01 1.090927e-02 9.997933e-01 -1.715660e-02 6.233573e-01 -1.335307e-01 1.846056e-02 9.908727e-01 -1.074258e+02
9.906995e-01 1.122354e-02 -1.356037e-01 4.571028e+01 -8.750328e-03 9.997846e-01 1.882072e-02 6.230462e-01 1.357856e-01 -1.745909e-02 9.905844e-01 -1.071710e+02
9.910974e-01 -8.431307e-03 1.328710e-01 4.561631e+01 1.080062e-02 9.997951e-01 -1.712091e-02 6.227396e-01 -1.326995e-01 1.840359e-02 9.909854e-01 -1.069014e+02
9.908215e-01 1.106357e-02 -1.347228e-01 4.552187e+01 -8.606167e-03 9.997861e-01 1.880909e-02 6.226354e-01 1.349020e-01 -1.747699e-02 9.907048e-01 -1.066793e+02
9.920597e-01 -8.203994e-03 1.254996e-01 4.540646e+01 1.041335e-02 9.998020e-01 -1.695843e-02 6.226614e-01 -1.253358e-01 1.813066e-02 9.919487e-01 -1.064445e+02
9.898402e-01 1.132226e-02 -1.417321e-01 4.526644e+01 -8.689113e-03 9.997782e-01 1.918337e-02 6.231121e-01 1.419177e-01 -1.775693e-02 9.897191e-01 -1.061614e+02
9.920166e-01 -8.030524e-03 1.258506e-01 4.512593e+01 1.025535e-02 9.998022e-01 -1.704022e-02 6.236171e-01 -1.256889e-01 1.819483e-02 9.919028e-01 -1.058840e+02
9.898761e-01 1.116667e-02 -1.414938e-01 4.497755e+01 -8.536381e-03 9.997796e-01 1.918268e-02 6.242658e-01 1.416767e-01 -1.778062e-02 9.897532e-01 -1.055958e+02
9.932187e-01 -7.413479e-03 1.160235e-01 4.483507e+01 9.419162e-03 9.998154e-01 -1.674798e-02 6.247839e-01 -1.158780e-01 1.772727e-02 9.931052e-01 -1.052606e+02
9.900495e-01 1.070363e-02 -1.403115e-01 4.469771e+01 -8.076615e-03 9.997815e-01 1.927872e-02 6.254770e-01 1.404871e-01 -1.795364e-02 9.899197e-01 -1.049605e+02
9.922508e-01 -7.329136e-03 1.240342e-01 4.455634e+01 9.540191e-03 9.998058e-01 -1.724145e-02 6.259514e-01 -1.238839e-01 1.829117e-02 9.921281e-01 -1.046583e+02
9.923600e-01 5.605309e-03 -1.232481e-01 4.592561e+01 -3.224053e-03 9.998044e-01 1.951165e-02 6.488078e-01 1.233333e-01 -1.896521e-02 9.921840e-01 -1.082949e+02
9.918079e-01 -8.006089e-03 1.274863e-01 4.745779e+01 1.033618e-02 9.997912e-01 -1.762593e-02 6.731938e-01 -1.273187e-01 1.879928e-02 9.916837e-01 -1.123852e+02
9.900663e-01 1.077935e-02 -1.401868e-01 4.757926e+01 -8.078677e-03 9.997709e-01 1.981953e-02 6.688360e-01 1.403682e-01 -1.849011e-02 9.899267e-01 -1.122808e+02
9.914458e-01 -8.108315e-03 1.302668e-01 4.777203e+01 1.051179e-02 9.997868e-01 -1.777323e-02 6.638069e-01 -1.300950e-01 1.899054e-02 9.913196e-01 -1.122728e+02
9.914261e-01 1.029372e-02 -1.302622e-01 4.788178e+01 -7.835871e-03 9.997817e-01 1.936686e-02 6.596266e-01 1.304330e-01 -1.818007e-02 9.912904e-01 -1.122038e+02
9.914919e-01 -7.904907e-03 1.299275e-01 4.781433e+01 1.030976e-02 9.997876e-01 -1.784683e-02 6.585126e-01 -1.297589e-01 1.903453e-02 9.913628e-01 -1.120098e+02
9.906629e-01 1.078458e-02 -1.359063e-01 4.773680e+01 -8.190688e-03 9.997738e-01 1.963051e-02 6.576828e-01 1.360872e-01 -1.833404e-02 9.905272e-01 -1.117842e+02
9.917898e-01 -7.718538e-03 1.276447e-01 4.771057e+01 1.006437e-02 9.997919e-01 -1.774292e-02 6.557272e-01 -1.274813e-01 1.888192e-02 9.916612e-01 -1.115398e+02
9.913305e-01 1.052701e-02 -1.309693e-01 4.770251e+01 -8.066551e-03 9.997811e-01 1.930278e-02 6.530896e-01 1.311438e-01 -1.807895e-02 9.911985e-01 -1.112746e+02
9.916524e-01 -7.799324e-03 1.287032e-01 4.763287e+01 1.017148e-02 9.997901e-01 -1.778405e-02 6.518033e-01 -1.285376e-01 1.894471e-02 9.915236e-01 -1.110028e+02
9.909661e-01 1.073597e-02 -1.336815e-01 4.756586e+01 -8.206527e-03 9.997770e-01 1.945796e-02 6.505584e-01 1.338605e-01 -1.818510e-02 9.908333e-01 -1.107345e+02
9.917108e-01 -7.799443e-03 1.282527e-01 4.751691e+01 1.015195e-02 9.997918e-01 -1.769910e-02 6.490936e-01 -1.280881e-01 1.885442e-02 9.915835e-01 -1.104881e+02
9.912953e-01 1.050091e-02 -1.312376e-01 4.744334e+01 -8.035035e-03 9.997814e-01 1.930471e-02 6.481536e-01 1.314115e-01 -1.808215e-02 9.911629e-01 -1.102535e+02
9.913404e-01 -8.043272e-03 1.310703e-01 4.746773e+01 1.047320e-02 9.997856e-01 -1.786014e-02 6.446673e-01 -1.308987e-01 1.907822e-02 9.912121e-01 -1.100396e+02
9.913736e-01 1.027585e-02 -1.306621e-01 4.765521e+01 -7.826639e-03 9.997842e-01 1.924424e-02 6.384221e-01 1.308316e-01 -1.805558e-02 9.912401e-01 -1.099217e+02
9.913445e-01 -8.062272e-03 1.310377e-01 4.784314e+01 1.049259e-02 9.997853e-01 -1.786668e-02 6.320725e-01 -1.308656e-01 1.908698e-02 9.912163e-01 -1.097988e+02
9.912505e-01 1.053681e-02 -1.315724e-01 4.791418e+01 -8.057963e-03 9.997801e-01 1.935826e-02 6.277517e-01 1.317473e-01 -1.812866e-02 9.911175e-01 -1.095994e+02
9.915162e-01 -7.943252e-03 1.297397e-01 4.792323e+01 1.034028e-02 9.997879e-01 -1.781234e-02 6.247921e-01 -1.295708e-01 1.900278e-02 9.913880e-01 -1.093845e+02
9.906938e-01 1.088737e-02 -1.356730e-01 4.787182e+01 -8.296892e-03 9.997726e-01 1.964424e-02 6.236102e-01 1.358560e-01 -1.833575e-02 9.905589e-01 -1.091453e+02
9.916237e-01 -7.703420e-03 1.289301e-01 4.775063e+01 1.009648e-02 9.997885e-01 -1.791744e-02 6.239734e-01 -1.287649e-01 1.906912e-02 9.914918e-01 -1.088516e+02
9.914031e-01 1.025298e-02 -1.304404e-01 4.767541e+01 -7.775969e-03 9.997799e-01 1.948470e-02 6.232450e-01 1.306113e-01 -1.830288e-02 9.912647e-01 -1.086387e+02
9.921504e-01 -7.523992e-03 1.248235e-01 4.770044e+01 9.823532e-03 9.997930e-01 -1.781688e-02 6.204759e-01 -1.246637e-01 1.890324e-02 9.920189e-01 -1.084431e+02
9.909397e-01 1.052227e-02 -1.338945e-01 4.776165e+01 -7.953235e-03 9.997742e-01 1.970728e-02 6.171605e-01 1.340716e-01 -1.846382e-02 9.907996e-01 -1.082248e+02
9.913579e-01 -7.675706e-03 1.309598e-01 4.781487e+01 1.014141e-02 9.997835e-01 -1.817127e-02 6.134277e-01 -1.307921e-01 1.934236e-02 9.912211e-01 -1.079755e+02
9.906597e-01 1.059526e-02 -1.359445e-01 4.797615e+01 -7.989265e-03 9.997740e-01 1.970072e-02 6.076824e-01 1.361224e-01 -1.843060e-02 9.905205e-01 -1.077417e+02
9.921131e-01 -7.536111e-03 1.251183e-01 4.828254e+01 9.853776e-03 9.997910e-01 -1.791508e-02 6.000436e-01 -1.249573e-01 1.900668e-02 9.919800e-01 -1.076067e+02
9.913774e-01 9.928147e-03 -1.306602e-01 4.852681e+01 -7.427919e-03 9.997801e-01 1.960868e-02 5.941123e-01 1.308261e-01 -1.846906e-02 9.912333e-01 -1.075854e+02
9.918360e-01 -7.488399e-03 1.272992e-01 4.862191e+01 9.855306e-03 9.997899e-01 -1.797341e-02 5.905022e-01 -1.271380e-01 1.908126e-02 9.917015e-01 -1.074808e+02
9.916119e-01 9.839658e-03 -1.288757e-01 4.867894e+01 -7.386094e-03 9.997825e-01 1.950221e-02 5.872220e-01 1.290394e-01 -1.838673e-02 9.914690e-01 -1.073526e+02
9.915683e-01 -7.775854e-03 1.293514e-01 4.896781e+01 1.021086e-02 9.997827e-01 -1.817207e-02 5.801824e-01 -1.291821e-01 1.933965e-02 9.914323e-01 -1.073522e+02
9.915790e-01 1.012165e-02 -1.291067e-01 4.913143e+01 -7.673139e-03 9.997814e-01 1.944820e-02 5.742449e-01 1.292752e-01 -1.829377e-02 9.914400e-01 -1.071741e+02
9.915353e-01 -7.934093e-03 1.295942e-01 4.938323e+01 1.037328e-02 9.997813e-01 -1.815739e-02 5.672016e-01 -1.294219e-01 1.934802e-02 9.914008e-01 -1.070759e+02
9.915778e-01 1.032940e-02 -1.290995e-01 4.948217e+01 -7.875574e-03 9.997788e-01 1.950322e-02 5.623770e-01 1.292723e-01 -1.832221e-02 9.914398e-01 -1.068639e+02
9.917730e-01 -7.801243e-03 1.277702e-01 4.949735e+01 1.019308e-02 9.997846e-01 -1.807647e-02 5.594652e-01 -1.276018e-01 1.923014e-02 9.916390e-01 -1.066205e+02
9.919548e-01 1.034250e-02 -1.261685e-01 4.942196e+01 -7.980373e-03 9.997836e-01 1.921296e-02 5.591635e-01 1.263398e-01 -1.805150e-02 9.918227e-01 -1.062264e+02
9.921153e-01 -7.538161e-03 1.251006e-01 4.937654e+01 9.866055e-03 9.997893e-01 -1.799888e-02 5.574230e-01 -1.249387e-01 1.909123e-02 9.919807e-01 -1.058789e+02
9.895062e-01 1.044323e-02 -1.441123e-01 4.945362e+01 -7.559173e-03 9.997603e-01 2.054551e-02 5.546478e-01 1.442922e-01 -1.924053e-02 9.893480e-01 -1.057429e+02
9.902169e-01 -6.432492e-03 1.393878e-01 4.947399e+01 9.198943e-03 9.997731e-01 -1.921184e-02 5.509505e-01 -1.392326e-01 2.030612e-02 9.900515e-01 -1.051847e+02
9.891171e-01 1.143610e-02 -1.466845e-01 4.937605e+01 -8.574573e-03 9.997607e-01 2.012542e-02 5.496017e-01 1.468795e-01 -1.864863e-02 9.889786e-01 -1.042529e+02
9.895391e-01 -6.943305e-03 1.440972e-01 4.928375e+01 9.787866e-03 9.997708e-01 -1.904091e-02 5.489074e-01 -1.439321e-01 2.025214e-02 9.893803e-01 -1.034163e+02
9.892327e-01 1.352266e-02 -1.457245e-01 4.932557e+01 -1.100159e-02 9.997758e-01 1.809221e-02 5.408051e-01 1.459364e-01 -1.629420e-02 9.891597e-01 -1.013335e+02
9.894426e-01 -4.294281e-03 1.448609e-01 4.946508e+01 7.222333e-03 9.997800e-01 -1.969288e-02 5.279665e-01 -1.447446e-01 2.053122e-02 9.892560e-01 -9.831748e+01
9.894045e-01 1.283136e-02 -1.446165e-01 4.967634e+01 -1.048110e-02 9.998005e-01 1.700179e-02 5.122599e-01 1.448057e-01 -1.530590e-02 9.893417e-01 -9.526567e+01
9.896389e-01 -6.723800e-03 1.434208e-01 5.196701e+01 9.672479e-03 9.997557e-01 -1.987219e-02 4.598540e-01 -1.432522e-01 2.105354e-02 9.894622e-01 -9.367076e+01
9.889898e-01 1.291908e-02 -1.474182e-01 5.385728e+01 -1.042292e-02 9.997891e-01 1.769241e-02 4.130527e-01 1.476156e-01 -1.596107e-02 9.889160e-01 -9.157110e+01
9.891629e-01 -2.923966e-03 1.467928e-01 5.407475e+01 5.903675e-03 9.997852e-01 -1.986705e-02 3.963590e-01 -1.467033e-01 2.051837e-02 9.889677e-01 -8.819862e+01
9.885651e-01 1.228568e-02 -1.502929e-01 5.432495e+01 -9.863976e-03 9.998094e-01 1.684805e-02 3.778549e-01 1.504711e-01 -1.517290e-02 9.884979e-01 -8.490438e+01
9.891184e-01 -4.267437e-03 1.470595e-01 5.446515e+01 6.942036e-03 9.998196e-01 -1.767863e-02 3.658836e-01 -1.469576e-01 1.850716e-02 9.889696e-01 -8.244934e+01
9.886609e-01 1.131894e-02 -1.497376e-01 5.455315e+01 -9.019378e-03 9.998309e-01 1.602740e-02 3.553797e-01 1.498936e-01 -1.449511e-02 9.885958e-01 -8.004605e+01
9.889944e-01 -3.513317e-03 1.479106e-01 5.464994e+01 6.104009e-03 9.998358e-01 -1.706487e-02 3.451549e-01 -1.478265e-01 1.777992e-02 9.888535e-01 -7.753393e+01
9.869500e-01 1.123734e-02 -1.606339e-01 5.452921e+01 -8.743787e-03 9.998302e-01 1.622161e-02 3.425132e-01 1.607889e-01 -1.460536e-02 9.868807e-01 -7.531404e+01
9.887452e-01 -2.206460e-03 1.495922e-01 5.447640e+01 4.788617e-03 9.998457e-01 -1.690321e-02 3.368957e-01 -1.495319e-01 1.742932e-02 9.886033e-01 -7.268890e+01
9.885416e-01 9.987462e-03 -1.506174e-01 5.462392e+01 -7.918020e-03 9.998659e-01 1.433312e-02 3.240537e-01 1.507403e-01 -1.297629e-02 9.884882e-01 -6.985737e+01
9.885937e-01 -2.165440e-03 1.505909e-01 5.477396e+01 4.626396e-03 9.998614e-01 -1.599348e-02 3.112985e-01 -1.505355e-01 1.650776e-02 9.884668e-01 -6.715732e+01
9.883708e-01 9.801570e-03 -1.517461e-01 5.492547e+01 -7.852603e-03 9.998789e-01 1.343749e-02 2.981602e-01 1.518594e-01 -1.208962e-02 9.883281e-01 -6.436238e+01
9.883750e-01 -1.839823e-03 1.520242e-01 5.508542e+01 4.199354e-03 9.998756e-01 -1.520107e-02 2.850340e-01 -1.519774e-01 1.566277e-02 9.882598e-01 -6.157404e+01
9.884674e-01 9.301281e-03 -1.511475e-01 5.528798e+01 -7.523648e-03 9.998957e-01 1.232849e-02 2.701474e-01 1.512463e-01 -1.104912e-02 9.884343e-01 -5.872392e+01
9.884769e-01 -1.162755e-03 1.513670e-01 5.545931e+01 3.381728e-03 9.998906e-01 -1.440288e-02 2.563918e-01 -1.513338e-01 1.474880e-02 9.883727e-01 -5.576518e+01
9.886349e-01 8.823512e-03 -1.500770e-01 5.566545e+01 -7.234096e-03 9.999119e-01 1.113325e-02 2.411636e-01 1.501619e-01 -9.921045e-03 9.886116e-01 -5.269646e+01
9.886649e-01 -3.016574e-04 1.501379e-01 5.588547e+01 2.372641e-03 9.999045e-01 -1.361488e-02 2.248814e-01 -1.501195e-01 1.381678e-02 9.885713e-01 -4.951140e+01
9.887460e-01 8.236761e-03 -1.493768e-01 5.614895e+01 -6.820419e-03 9.999268e-01 9.991433e-03 2.070473e-01 1.494481e-01 -8.860172e-03 9.887298e-01 -4.627969e+01
9.886761e-01 2.367141e-04 1.500644e-01 5.645616e+01 1.698354e-03 9.999171e-01 -1.276657e-02 1.874952e-01 -1.500551e-01 1.287687e-02 9.885938e-01 -4.302140e+01
9.887619e-01 7.586649e-03 -1.493060e-01 5.675689e+01 -6.316745e-03 9.999397e-01 8.977725e-03 1.683101e-01 1.493651e-01 -7.933700e-03 9.887503e-01 -3.974658e+01
9.886243e-01 1.171453e-03 1.504008e-01 5.708327e+01 6.630722e-04 9.999260e-01 -1.214681e-02 1.477957e-01 -1.504040e-01 1.210836e-02 9.885505e-01 -3.627610e+01
9.883491e-01 7.187552e-03 -1.520337e-01 5.743784e+01 -6.043786e-03 9.999499e-01 7.983863e-03 1.257022e-01 1.520834e-01 -6.971982e-03 9.883430e-01 -3.279352e+01
9.884859e-01 1.621673e-03 1.513040e-01 5.782051e+01 6.505224e-05 9.999379e-01 -1.114227e-02 1.031005e-01 -1.513128e-01 1.102382e-02 9.884244e-01 -2.933478e+01
9.884766e-01 6.485886e-03 -1.512341e-01 5.814770e+01 -5.514789e-03 9.999614e-01 6.839666e-03 8.250674e-02 1.512725e-01 -5.926824e-03 9.884743e-01 -2.584246e+01
9.884132e-01 1.774487e-03 1.517760e-01 5.845688e+01 -2.739080e-04 9.999509e-01 -9.907109e-03 6.294407e-02 -1.517862e-01 9.750747e-03 9.883652e-01 -2.249619e+01
9.883124e-01 4.853542e-03 -1.523643e-01 5.865505e+01 -3.882805e-03 9.999702e-01 6.668030e-03 4.851561e-02 1.523921e-01 -5.998495e-03 9.883019e-01 -1.970673e+01
9.886949e-01 9.600760e-04 1.499375e-01 5.873028e+01 2.812704e-04 9.999659e-01 -8.257650e-03 3.909477e-02 -1.499403e-01 8.206471e-03 9.886610e-01 -1.744853e+01
9.876291e-01 4.655718e-03 -1.567384e-01 5.878377e+01 -3.712569e-03 9.999732e-01 6.309557e-03 2.972673e-02 1.567635e-01 -5.649599e-03 9.876200e-01 -1.525585e+01
9.888860e-01 1.416842e-03 1.486687e-01 5.880625e+01 -3.015320e-04 9.999716e-01 -7.524243e-03 2.152316e-02 -1.486752e-01 7.395791e-03 9.888584e-01 -1.302754e+01
9.877960e-01 4.441649e-03 -1.556897e-01 5.885304e+01 -3.666454e-03 9.999794e-01 5.265908e-03 1.228018e-02 1.557098e-01 -4.630814e-03 9.877920e-01 -1.064220e+01
9.889625e-01 2.061077e-03 1.481510e-01 5.890126e+01 -1.048672e-03 9.999756e-01 -6.911381e-03 2.795576e-03 -1.481617e-01 6.679736e-03 9.889406e-01 -8.124350e+00
9.877817e-01 4.145314e-03 -1.557882e-01 5.895387e+01 -3.510673e-03 9.999844e-01 4.348667e-03 -6.923588e-03 1.558037e-01 -3.748613e-03 9.877809e-01 -5.551082e+00
