9.940809e-01 1.909215e-03 -1.086257e-01 -1.606296e-01 -1.322172e-03 9.999841e-01 5.476042e-03 -5.940432e-04 1.086345e-01 -5.300006e-03 9.940675e-01 2.418862e-01
9.997410e-01 -3.204239e-04 2.275592e-02 -2.792766e-01 3.463068e-04 9.999993e-01 -1.133475e-03 -2.247480e-03 -2.275556e-02 1.141064e-03 9.997403e-01 4.736528e-01
9.973738e-01 1.179960e-03 -7.241631e-02 -2.921317e-01 -9.190505e-04 9.999930e-01 3.636121e-03 -9.446001e-03 7.242007e-02 -3.560016e-03 9.973678e-01 8.346829e-01
9.985117e-01 -9.023151e-04 5.453111e-02 -2.057429e-01 1.048914e-03 9.999959e-01 -2.659781e-03 -2.111915e-02 -5.452852e-02 2.713023e-03 9.985084e-01 1.202818e+00
9.980796e-01 9.662559e-04 -6.193745e-02 -1.440886e-01 -7.880244e-04 9.999955e-01 2.901966e-03 -3.625887e-02 6.193994e-02 -2.847583e-03 9.980757e-01 1.742191e+00
9.982477e-01 -9.147762e-04 5.916614e-02 -1.032216e-01 1.089606e-03 9.999951e-01 -2.922694e-03 -4.924637e-02 -5.916320e-02 2.982042e-03 9.982438e-01 2.226437e+00
9.993692e-01 1.365881e-03 -3.548588e-02 -3.014290e-02 -1.280721e-03 9.999962e-01 2.422429e-03 -5.591117e-02 3.548903e-02 -2.375451e-03 9.993671e-01 2.495584e+00
9.986733e-01 -1.145552e-03 5.148111e-02 8.280873e-02 1.294642e-03 9.999951e-01 -2.862744e-03 -7.111841e-02 -5.147760e-02 2.925597e-03 9.986698e-01 3.058563e+00
9.996368e-01 1.559560e-03 -2.690558e-02 2.064055e-01 -1.496498e-03 9.999961e-01 2.363819e-03 -8.671507e-02 2.690914e-02 -2.322695e-03 9.996351e-01 3.653172e+00
9.994547e-01 -1.571207e-03 3.298194e-02 3.650517e-01 1.659075e-03 9.999951e-01 -2.636928e-03 -1.040462e-01 -3.297766e-02 2.690211e-03 9.994524e-01 4.181414e+00
9.993217e-01 1.587783e-03 -3.679220e-02 4.727887e-01 -1.493935e-03 9.999956e-01 2.578108e-03 -1.196291e-01 3.679610e-02 -2.521393e-03 9.993195e-01 4.670883e+00
9.996495e-01 -1.555201e-03 2.642672e-02 5.516293e-01 1.615738e-03 9.999961e-01 -2.269525e-03 -1.381984e-01 -2.642311e-02 2.311430e-03 9.996481e-01 5.335066e+00
9.995536e-01 1.440098e-03 -2.984298e-02 6.733452e-01 -1.377180e-03 9.999968e-01 2.128760e-03 -1.581045e-01 2.984593e-02 -2.086709e-03 9.995522e-01 5.992643e+00
9.994959e-01 -1.499210e-03 3.171266e-02 8.380178e-01 1.573399e-03 9.999961e-01 -2.314567e-03 -1.766903e-01 -3.170909e-02 2.363298e-03 9.994942e-01 6.547932e+00
9.995854e-01 1.460854e-03 -2.875539e-02 1.032418e+00 -1.401263e-03 9.999968e-01 2.092378e-03 -1.960555e-01 2.875833e-02 -2.051215e-03 9.995842e-01 7.092348e+00
9.993528e-01 -1.421296e-03 3.594305e-02 1.293742e+00 1.511156e-03 9.999958e-01 -2.473024e-03 -2.160448e-01 -3.593941e-02 2.525740e-03 9.993507e-01 7.578804e+00
9.995149e-01 1.417162e-03 -3.111185e-02 1.543841e+00 -1.350702e-03 9.999968e-01 2.157098e-03 -2.370693e-01 3.111479e-02 -2.114027e-03 9.995135e-01 8.112842e+00
9.988393e-01 -1.155996e-03 4.815344e-02 1.836548e+00 1.290162e-03 9.999954e-01 -2.755233e-03 -2.523206e-01 -4.815005e-02 2.814162e-03 9.988361e-01 8.366003e+00
9.995951e-01 1.462904e-03 -2.841480e-02 2.150998e+00 -1.398402e-03 9.999964e-01 2.289753e-03 -2.640784e-01 2.841803e-02 -2.249089e-03 9.995935e-01 8.411801e+00
9.992161e-01 -1.498189e-03 3.955839e-02 2.651323e+00 1.606787e-03 9.999950e-01 -2.713619e-03 -2.839607e-01 -3.955414e-02 2.775055e-03 9.992135e-01 8.453635e+00
9.997738e-01 1.628631e-03 -2.120657e-02 3.080046e+00 -1.578422e-03 9.999959e-01 2.384138e-03 -2.944138e-01 2.121036e-02 -2.350125e-03 9.997722e-01 8.178192e+00
9.992123e-01 -1.563197e-03 3.965183e-02 3.469269e+00 1.666771e-03 9.999953e-01 -2.579144e-03 -3.029225e-01 -3.964762e-02 2.643205e-03 9.992101e-01 7.883092e+00
9.996078e-01 1.577565e-03 -2.795970e-02 3.739822e+00 -1.504748e-03 9.999954e-01 2.625209e-03 -3.006332e-01 2.796370e-02 -2.582106e-03 9.996055e-01 7.163877e+00
9.994181e-01 -1.767442e-03 3.406324e-02 4.092716e+00 1.855978e-03 9.999950e-01 -2.567716e-03 -3.072947e-01 -3.405854e-02 2.629444e-03 9.994163e-01 6.727652e+00
9.996719e-01 1.724661e-03 -2.555562e-02 4.448639e+00 -1.665082e-03 9.999958e-01 2.352462e-03 -3.176100e-01 2.555956e-02 -2.309137e-03 9.996705e-01 6.529835e+00
9.994298e-01 -1.762613e-03 3.371758e-02 4.865863e+00 1.850591e-03 9.999950e-01 -2.578238e-03 -3.320522e-01 -3.371287e-02 2.639166e-03 9.994280e-01 6.432336e+00
9.996413e-01 1.713612e-03 -2.672854e-02 5.290849e+00 -1.652056e-03 9.999959e-01 2.324926e-03 -3.484690e-01 2.673241e-02 -2.279934e-03 9.996399e-01 6.409163e+00
9.991978e-01 -1.622251e-03 4.001353e-02 5.704999e+00 1.731885e-03 9.999948e-01 -2.705403e-03 -3.649226e-01 -4.000894e-02 2.772533e-03 9.991954e-01 6.468608e+00
9.995553e-01 1.686471e-03 -2.977159e-02 5.919707e+00 -1.603990e-03 9.999948e-01 2.794111e-03 -3.620675e-01 2.977614e-02 -2.745114e-03 9.995527e-01 5.834086e+00
9.993950e-01 -1.677298e-03 3.473995e-02 6.402695e+00 1.789998e-03 9.999932e-01 -3.213243e-03 -3.838622e-01 -3.473433e-02 3.273484e-03 9.993911e-01 5.967040e+00
9.995845e-01 1.578690e-03 -2.878233e-02 6.950719e+00 -1.498389e-03 9.999949e-01 2.811300e-03 -4.077027e-01 2.878662e-02 -2.767003e-03 9.995816e-01 6.076454e+00
9.992895e-01 -1.622604e-03 3.765341e-02 7.371266e+00 1.736024e-03 9.999941e-01 -2.979698e-03 -4.193781e-01 -3.764836e-02 3.042949e-03 9.992863e-01 5.822063e+00
9.995480e-01 1.595176e-03 -3.002161e-02 7.741236e+00 -1.509700e-03 9.999947e-01 2.869599e-03 -4.283915e-01 3.002603e-02 -2.822977e-03 9.995450e-01 5.521778e+00
9.993571e-01 -1.661319e-03 3.581481e-02 8.159267e+00 1.767431e-03 9.999941e-01 -2.931333e-03 -4.381909e-01 -3.580973e-02 2.992750e-03 9.993540e-01 5.135379e+00
9.995416e-01 1.548667e-03 -3.023460e-02 8.656352e+00 -1.467627e-03 9.999953e-01 2.702392e-03 -4.566138e-01 3.023864e-02 -2.656779e-03 9.995391e-01 5.053279e+00
9.994330e-01 -1.714178e-03 3.362543e-02 9.060712e+00 1.811372e-03 9.999943e-01 -2.860232e-03 -4.711267e-01 -3.362034e-02 2.919520e-03 9.994303e-01 4.945552e+00
9.995201e-01 1.592110e-03 -3.093611e-02 9.397911e+00 -1.505218e-03 9.999949e-01 2.831841e-03 -4.810147e-01 3.094046e-02 -2.783916e-03 9.995173e-01 4.727804e+00
9.995077e-01 -1.610532e-03 3.133430e-02 9.637265e+00 1.703081e-03 9.999943e-01 -2.927121e-03 -4.944399e-01 -3.132941e-02 2.979046e-03 9.995046e-01 4.895773e+00
9.994241e-01 1.593774e-03 -3.389681e-02 9.740621e+00 -1.496078e-03 9.999947e-01 2.907324e-03 -5.032415e-01 3.390126e-02 -2.854936e-03 9.994210e-01 5.071895e+00
9.995712e-01 -1.606835e-03 2.923906e-02 9.765726e+00 1.689694e-03 9.999946e-01 -2.809335e-03 -5.080604e-01 -2.923439e-02 2.857536e-03 9.995684e-01 5.176309e+00
9.995622e-01 1.489746e-03 -2.955045e-02 9.796146e+00 -1.401709e-03 9.999945e-01 2.999674e-03 -5.006896e-01 2.955475e-02 -2.956938e-03 9.995587e-01 4.584524e+00
9.995059e-01 -1.807901e-03 3.137955e-02 9.842345e+00 1.890118e-03 9.999949e-01 -2.590587e-03 -4.858352e-01 -3.137471e-02 2.648619e-03 9.995041e-01 3.486507e+00
9.994942e-01 1.675634e-03 -3.175672e-02 9.919235e+00 -1.589505e-03 9.999950e-01 2.737191e-03 -4.786506e-01 3.176115e-02 -2.685329e-03 9.994918e-01 2.819638e+00
9.996573e-01 -1.489683e-03 2.613707e-02 1.006990e+01 1.551864e-03 9.999960e-01 -2.358908e-03 -4.674892e-01 -2.613345e-02 2.398662e-03 9.996555e-01 1.749005e+00
9.995485e-01 1.412578e-03 -3.001426e-02 1.009570e+01 -1.324129e-03 9.999947e-01 2.966556e-03 -4.475584e-01 3.001829e-02 -2.925473e-03 9.995450e-01 3.756658e-01
9.997291e-01 -1.431662e-03 2.323233e-02 1.011700e+01 1.489742e-03 9.999958e-01 -2.482830e-03 -4.412000e-01 -2.322868e-02 2.516768e-03 9.997269e-01 -1.372479e-01
9.996960e-01 1.318251e-03 -2.462132e-02 1.003374e+01 -1.249674e-03 9.999953e-01 2.800472e-03 -4.275201e-01 2.462490e-02 -2.768851e-03 9.996928e-01 -9.108176e-01
9.996985e-01 -1.602671e-03 2.450278e-02 9.887380e+00 1.660289e-03 9.999959e-01 -2.331328e-03 -4.043438e-01 -2.449895e-02 2.371308e-03 9.996969e-01 -2.142431e+00
9.997295e-01 1.444968e-03 -2.321449e-02 9.757673e+00 -1.380850e-03 9.999952e-01 2.777790e-03 -3.835945e-01 2.321839e-02 -2.744982e-03 9.997265e-01 -3.248016e+00
9.996736e-01 -1.603866e-03 2.549560e-02 9.655713e+00 1.664002e-03 9.999959e-01 -2.337624e-03 -3.627172e-01 -2.549175e-02 2.379287e-03 9.996721e-01 -4.410211e+00
9.997052e-01 1.411841e-03 -2.424002e-02 9.563312e+00 -1.345813e-03 9.999953e-01 2.740028e-03 -3.420376e-01 2.424378e-02 -2.706597e-03 9.997023e-01 -5.583697e+00
9.996909e-01 -1.643237e-03 2.480533e-02 9.493326e+00 1.703014e-03 9.999957e-01 -2.388921e-03 -3.237239e-01 -2.480130e-02 2.430428e-03 9.996893e-01 -6.652571e+00
9.996870e-01 1.555516e-03 -2.497012e-02 9.576620e+00 -1.493076e-03 9.999957e-01 2.519028e-03 -3.199055e-01 2.497392e-02 -2.480956e-03 9.996849e-01 -7.139041e+00
9.996878e-01 -1.596627e-03 2.493489e-02 9.670285e+00 1.656926e-03 9.999958e-01 -2.397771e-03 -3.176790e-01 -2.493095e-02 2.438339e-03 9.996861e-01 -7.540365e+00
9.996361e-01 1.641675e-03 -2.692405e-02 1.006250e+01 -1.576068e-03 9.999957e-01 2.457788e-03 -3.200712e-01 2.692796e-02 -2.414459e-03 9.996344e-01 -8.257657e+00
9.996951e-01 -1.489396e-03 2.464535e-02 1.066874e+01 1.546627e-03 9.999962e-01 -2.303292e-03 -3.235699e-01 -2.464183e-02 2.340708e-03 9.996935e-01 -9.300167e+00
9.996412e-01 1.459821e-03 -2.674757e-02 1.091587e+01 -1.397519e-03 9.999963e-01 2.347791e-03 -3.246698e-01 2.675090e-02 -2.309567e-03 9.996394e-01 -9.820820e+00
9.997254e-01 -1.417258e-03 2.338998e-02 1.096429e+01 1.475260e-03 9.999959e-01 -2.462700e-03 -3.373224e-01 -2.338640e-02 2.496532e-03 9.997233e-01 -9.359925e+00
9.996193e-01 1.394502e-03 -2.755517e-02 1.100644e+01 -1.326141e-03 9.999960e-01 2.499003e-03 -3.434853e-01 2.755854e-02 -2.461509e-03 9.996171e-01 -9.209229e+00
9.996947e-01 -1.415421e-03 2.466644e-02 1.100180e+01 1.471313e-03 9.999964e-01 -2.247903e-03 -3.378229e-01 -2.466317e-02 2.283510e-03 9.996931e-01 -9.642124e+00
9.996928e-01 1.302250e-03 -2.474921e-02 1.098195e+01 -1.239807e-03 9.999960e-01 2.538175e-03 -3.262321e-01 2.475242e-02 -2.506710e-03 9.996904e-01 -1.039806e+01
9.996848e-01 -1.336158e-03 2.507157e-02 1.102331e+01 1.395059e-03 9.999963e-01 -2.331945e-03 -3.192220e-01 -2.506837e-02 2.366188e-03 9.996828e-01 -1.098893e+01
9.996809e-01 1.231003e-03 -2.523071e-02 1.100972e+01 -1.166458e-03 9.999960e-01 2.572746e-03 -3.083596e-01 2.523378e-02 -2.542493e-03 9.996782e-01 -1.170883e+01
9.998153e-01 -1.225738e-03 1.917791e-02 1.096203e+01 1.266653e-03 9.999969e-01 -2.121392e-03 -3.027381e-01 -1.917526e-02 2.145293e-03 9.998137e-01 -1.206177e+01
9.997505e-01 1.273509e-03 -2.230276e-02 1.095222e+01 -1.219036e-03 9.999962e-01 2.455885e-03 -2.946034e-01 2.230580e-02 -2.428083e-03 9.997481e-01 -1.262677e+01
9.997355e-01 -1.377378e-03 2.295846e-02 1.098621e+01 1.428087e-03 9.999966e-01 -2.192479e-03 -2.845979e-01 -2.295537e-02 2.224687e-03 9.997339e-01 -1.339614e+01
9.997657e-01 1.277665e-03 -2.160972e-02 1.124712e+01 -1.232132e-03 9.999970e-01 2.120219e-03 -2.923098e-01 2.161236e-02 -2.093095e-03 9.997641e-01 -1.359908e+01
9.997761e-01 -1.395866e-03 2.111495e-02 1.153632e+01 1.443531e-03 9.999964e-01 -2.242312e-03 -3.056704e-01 -2.111175e-02 2.272292e-03 9.997744e-01 -1.354995e+01
9.997298e-01 1.369260e-03 -2.320615e-02 1.170793e+01 -1.318877e-03 9.999967e-01 2.186261e-03 -3.201851e-01 2.320906e-02 -2.155063e-03 9.997282e-01 -1.323037e+01
9.997756e-01 -1.433739e-03 2.113447e-02 1.176870e+01 1.483033e-03 9.999962e-01 -2.316946e-03 -3.364124e-01 -2.113108e-02 2.347771e-03 9.997739e-01 -1.262341e+01
9.997267e-01 1.408819e-03 -2.333454e-02 1.190244e+01 -1.358547e-03 9.999967e-01 2.170125e-03 -3.508308e-01 2.333751e-02 -2.137830e-03 9.997253e-01 -1.222369e+01
9.997448e-01 -1.514143e-03 2.254150e-02 1.205188e+01 1.563876e-03 9.999964e-01 -2.188847e-03 -3.541538e-01 -2.253811e-02 2.223542e-03 9.997434e-01 -1.244252e+01
9.997291e-01 1.426076e-03 -2.323244e-02 1.217958e+01 -1.375502e-03 9.999966e-01 2.192719e-03 -3.618404e-01 2.323548e-02 -2.160167e-03 9.997276e-01 -1.238043e+01
9.997978e-01 -1.405009e-03 2.005933e-02 1.222119e+01 1.450476e-03 9.999964e-01 -2.252281e-03 -3.721733e-01 -2.005610e-02 2.280923e-03 9.997962e-01 -1.201503e+01
9.997430e-01 1.416088e-03 -2.262535e-02 1.226096e+01 -1.367543e-03 9.999967e-01 2.160947e-03 -3.822947e-01 2.262833e-02 -2.129449e-03 9.997416e-01 -1.165795e+01
9.998273e-01 -1.408715e-03 1.853238e-02 1.229830e+01 1.449601e-03 9.999965e-01 -2.192982e-03 -3.952058e-01 -1.852923e-02 2.219469e-03 9.998258e-01 -1.116548e+01
9.997453e-01 1.417382e-03 -2.252502e-02 1.234532e+01 -1.369307e-03 9.999968e-01 2.149567e-03 -4.076278e-01 2.252798e-02 -2.118175e-03 9.997439e-01 -1.071106e+01
9.998010e-01 -1.392971e-03 1.990167e-02 1.240110e+01 1.438436e-03 9.999964e-01 -2.270330e-03 -4.190281e-01 -1.989844e-02 2.298506e-03 9.997993e-01 -1.031531e+01
9.997495e-01 1.396629e-03 -2.233891e-02 1.245731e+01 -1.348521e-03 9.999967e-01 2.168507e-03 -4.302417e-01 2.234186e-02 -2.137837e-03 9.997480e-01 -9.929071e+00
9.997913e-01 -1.349624e-03 2.038644e-02 1.251573e+01 1.396482e-03 9.999964e-01 -2.284442e-03 -4.406894e-01 -2.038329e-02 2.312436e-03 9.997895e-01 -9.578108e+00
9.997790e-01 1.318370e-03 -2.098017e-02 1.253807e+01 -1.268687e-03 9.999964e-01 2.381241e-03 -4.375116e-01 2.098322e-02 -2.354096e-03 9.997770e-01 -9.888800e+00
9.997585e-01 -1.470349e-03 2.192684e-02 1.234117e+01 1.511903e-03 9.999971e-01 -1.878683e-03 -4.133076e-01 -2.192402e-02 1.911382e-03 9.997577e-01 -1.109173e+01
9.998103e-01 1.119417e-03 -1.944302e-02 1.214455e+01 -1.071256e-03 9.999963e-01 2.487256e-03 -3.813045e-01 1.944573e-02 -2.465954e-03 9.998078e-01 -1.277052e+01
9.997515e-01 -1.469845e-03 2.224482e-02 1.198606e+01 1.512609e-03 9.999970e-01 -1.905730e-03 -3.538121e-01 -2.224196e-02 1.938906e-03 9.997506e-01 -1.424161e+01
9.997390e-01 1.400662e-03 -2.280200e-02 1.187899e+01 -1.348030e-03 9.999964e-01 2.323418e-03 -3.372220e-01 2.280516e-02 -2.292072e-03 9.997372e-01 -1.514688e+01
9.997989e-01 -1.475414e-03 1.999713e-02 1.185381e+01 1.518627e-03 9.999965e-01 -2.145955e-03 -3.333009e-01 -1.999391e-02 2.175894e-03 9.997976e-01 -1.543162e+01
9.997571e-01 1.421601e-03 -2.199258e-02 1.186278e+01 -1.374896e-03 9.999968e-01 2.138669e-03 -3.339322e-01 2.199555e-02 -2.107911e-03 9.997557e-01 -1.552177e+01
9.997792e-01 -1.516053e-03 2.096062e-02 1.182093e+01 1.558134e-03 9.999968e-01 -1.991415e-03 -3.258453e-01 -2.095755e-02 2.023636e-03 9.997782e-01 -1.601828e+01
9.997690e-01 1.423978e-03 -2.144447e-02 1.177535e+01 -1.376978e-03 9.999966e-01 2.206300e-03 -3.158819e-01 2.144753e-02 -2.176260e-03 9.997675e-01 -1.661769e+01
9.997750e-01 -1.451750e-03 2.116334e-02 1.178120e+01 1.496475e-03 9.999967e-01 -2.097642e-03 -3.129310e-01 -2.116023e-02 2.128843e-03 9.997737e-01 -1.689710e+01
9.997434e-01 1.457850e-03 -2.260608e-02 1.174490e+01 -1.407155e-03 9.999965e-01 2.258267e-03 -3.068745e-01 2.260928e-02 -2.225876e-03 9.997418e-01 -1.728229e+01
9.997643e-01 -1.497197e-03 2.165753e-02 1.161569e+01 1.537763e-03 9.999971e-01 -1.856489e-03 -2.897884e-01 -2.165470e-02 1.889358e-03 9.997636e-01 -1.817655e+01
9.997509e-01 1.423543e-03 -2.227334e-02 1.144771e+01 -1.372384e-03 9.999964e-01 2.312006e-03 -2.692991e-01 2.227655e-02 -2.280861e-03 9.997491e-01 -1.920773e+01
9.997647e-01 -1.540016e-03 2.163765e-02 1.133916e+01 1.582505e-03 9.999969e-01 -1.946682e-03 -2.531585e-01 -2.163459e-02 1.980467e-03 9.997639e-01 -2.007672e+01
9.997573e-01 1.493753e-03 -2.198060e-02 1.126087e+01 -1.444022e-03 9.999964e-01 2.278187e-03 -2.380684e-01 2.198391e-02 -2.245892e-03 9.997557e-01 -2.094027e+01
9.997527e-01 -1.607748e-03 2.218147e-02 1.115391e+01 1.648674e-03 9.999970e-01 -1.826899e-03 -2.190618e-01 -2.217847e-02 1.863019e-03 9.997522e-01 -2.199215e+01
9.997448e-01 1.477882e-03 -2.254089e-02 1.115075e+01 -1.434611e-03 9.999971e-01 1.935685e-03 -2.156021e-01 2.254368e-02 -1.902852e-03 9.997439e-01 -2.231273e+01
9.997768e-01 -1.538662e-03 2.106856e-02 1.124940e+01 1.581897e-03 9.999967e-01 -2.035567e-03 -2.240340e-01 -2.106537e-02 2.068443e-03 9.997759e-01 -2.213709e+01
9.997421e-01 1.453169e-03 -2.266351e-02 1.128513e+01 -1.405969e-03 9.999968e-01 2.098423e-03 -2.221527e-01 2.266648e-02 -2.066016e-03 9.997408e-01 -2.242371e+01
9.997779e-01 -1.503588e-03 2.102347e-02 1.130278e+01 1.546187e-03 9.999968e-01 -2.010118e-03 -2.195096e-01 -2.102039e-02 2.042179e-03 9.997769e-01 -2.271102e+01
9.995445e-01 1.574714e-03 -3.013940e-02 1.134486e+01 -1.505608e-03 9.999962e-01 2.315428e-03 -2.326905e-01 3.014292e-02 -2.268994e-03 9.995429e-01 -2.221765e+01
9.996869e-01 -1.578160e-03 2.497153e-02 1.138819e+01 1.636395e-03 9.999960e-01 -2.311797e-03 -2.470291e-01 -2.496779e-02 2.351939e-03 9.996854e-01 -2.167328e+01
9.993930e-01 1.621992e-03 -3.480011e-02 1.142180e+01 -1.529729e-03 9.999952e-01 2.677699e-03 -2.628307e-01 3.480428e-02 -2.622837e-03 9.993906e-01 -2.104731e+01
9.997406e-01 -1.475375e-03 2.272859e-02 1.150356e+01 1.524576e-03 9.999965e-01 -2.147550e-03 -2.797064e-01 -2.272536e-02 2.181646e-03 9.997393e-01 -2.045997e+01
9.994145e-01 1.582295e-03 -3.417914e-02 1.160875e+01 -1.494873e-03 9.999955e-01 2.583154e-03 -2.980053e-01 3.418306e-02 -2.530546e-03 9.994123e-01 -1.983979e+01
9.995482e-01 -1.621798e-03 3.001307e-02 1.179774e+01 1.701794e-03 9.999951e-01 -2.639989e-03 -3.131067e-01 -3.000866e-02 2.689875e-03 9.995459e-01 -1.951478e+01
9.995142e-01 1.544335e-03 -3.112845e-02 1.199858e+01 -1.460314e-03 9.999952e-01 2.721710e-03 -3.147623e-01 3.113249e-02 -2.674928e-03 9.995116e-01 -1.992055e+01
9.995678e-01 -1.570853e-03 2.935564e-02 1.214628e+01 1.652130e-03 9.999949e-01 -2.744654e-03 -3.192608e-01 -2.935119e-02 2.791969e-03 9.995652e-01 -2.005473e+01
9.995126e-01 1.568022e-03 -3.117710e-02 1.229556e+01 -1.484511e-03 9.999952e-01 2.701563e-03 -3.241964e-01 3.118117e-02 -2.653962e-03 9.995101e-01 -2.017251e+01
9.995886e-01 -1.524420e-03 2.864047e-02 1.254992e+01 1.604153e-03 9.999949e-01 -2.761151e-03 -3.347521e-01 -2.863613e-02 2.805961e-03 9.995859e-01 -2.018265e+01
9.995241e-01 1.557904e-03 -3.080843e-02 1.285041e+01 -1.475773e-03 9.999953e-01 2.688397e-03 -3.420268e-01 3.081245e-02 -2.641649e-03 9.995216e-01 -2.044545e+01
9.995625e-01 -1.605418e-03 2.953295e-02 1.313766e+01 1.682596e-03 9.999952e-01 -2.588604e-03 -3.434677e-01 -2.952867e-02 2.637166e-03 9.995604e-01 -2.101654e+01
9.995914e-01 1.424305e-03 -2.854931e-02 1.308579e+01 -1.340401e-03 9.999947e-01 2.957849e-03 -3.250349e-01 2.855336e-02 -2.918371e-03 9.995879e-01 -2.213098e+01
9.995988e-01 -1.595653e-03 2.827877e-02 1.309123e+01 1.673257e-03 9.999949e-01 -2.720789e-03 -3.119818e-01 -2.827430e-02 2.767017e-03 9.995963e-01 -2.302055e+01
9.995905e-01 1.441709e-03 -2.857929e-02 1.312529e+01 -1.357420e-03 9.999947e-01 2.968467e-03 -2.986507e-01 2.858340e-02 -2.928455e-03 9.995870e-01 -2.398084e+01
9.995924e-01 -1.583560e-03 2.850429e-02 1.316937e+01 1.662110e-03 9.999949e-01 -2.732221e-03 -2.854514e-01 -2.849984e-02 2.778487e-03 9.995898e-01 -2.494489e+01
9.995264e-01 1.617224e-03 -3.073088e-02 1.325000e+01 -1.532922e-03 9.999950e-01 2.766581e-03 -2.847961e-01 3.073519e-02 -2.718161e-03 9.995238e-01 -2.523487e+01
9.995757e-01 -1.645606e-03 2.908275e-02 1.335301e+01 1.724180e-03 9.999949e-01 -2.676828e-03 -2.810069e-01 -2.907821e-02 2.725838e-03 9.995733e-01 -2.574921e+01
9.995346e-01 1.618362e-03 -3.046151e-02 1.364797e+01 -1.540162e-03 9.999955e-01 2.590474e-03 -2.866158e-01 3.046555e-02 -2.542351e-03 9.995325e-01 -2.610781e+01
9.995841e-01 -1.628197e-03 2.879107e-02 1.402680e+01 1.706441e-03 9.999949e-01 -2.693291e-03 -2.970982e-01 -2.878655e-02 2.741303e-03 9.995817e-01 -2.636511e+01
9.995667e-01 1.529114e-03 -2.939488e-02 1.415654e+01 -1.445507e-03 9.999949e-01 2.865307e-03 -2.908282e-01 2.939910e-02 -2.821573e-03 9.995637e-01 -2.707695e+01
9.995691e-01 -1.633885e-03 2.930855e-02 1.433782e+01 1.713956e-03 9.999949e-01 -2.707100e-03 -2.844566e-01 -2.930399e-02 2.756169e-03 9.995666e-01 -2.790121e+01
9.995739e-01 1.476798e-03 -2.915332e-02 1.455829e+01 -1.392259e-03 9.999948e-01 2.919874e-03 -2.827333e-01 2.915746e-02 -2.878039e-03 9.995706e-01 -2.854665e+01
9.995676e-01 -1.536983e-03 2.936410e-02 1.463275e+01 1.617010e-03 9.999950e-01 -2.701788e-03 -2.745524e-01 -2.935981e-02 2.748104e-03 9.995650e-01 -2.927105e+01
9.995823e-01 1.437192e-03 -2.886492e-02 1.472700e+01 -1.353447e-03 9.999948e-01 2.920593e-03 -2.691112e-01 2.886895e-02 -2.880304e-03 9.995790e-01 -2.988294e+01
9.996094e-01 -1.474361e-03 2.790724e-02 1.484411e+01 1.556562e-03 9.999945e-01 -2.923990e-03 -2.740930e-01 -2.790279e-02 2.966290e-03 9.996061e-01 -2.993713e+01
9.995925e-01 1.386220e-03 -2.851049e-02 1.494675e+01 -1.301290e-03 9.999947e-01 2.997244e-03 -2.740556e-01 2.851447e-02 -2.958920e-03 9.995889e-01 -3.025682e+01
9.995747e-01 -1.445562e-03 2.912588e-02 1.500644e+01 1.527945e-03 9.999949e-01 -2.806465e-03 -2.680574e-01 -2.912169e-02 2.849776e-03 9.995717e-01 -3.082333e+01
9.995924e-01 1.377814e-03 -2.851597e-02 1.507701e+01 -1.294311e-03 9.999948e-01 2.946541e-03 -2.646755e-01 2.851987e-02 -2.908430e-03 9.995889e-01 -3.126171e+01
9.995847e-01 -1.393972e-03 2.878414e-02 1.525770e+01 1.479863e-03 9.999945e-01 -2.962872e-03 -2.717635e-01 -2.877987e-02 3.004240e-03 9.995812e-01 -3.132450e+01
9.995971e-01 1.375711e-03 -2.835195e-02 1.548668e+01 -1.288207e-03 9.999944e-01 3.104402e-03 -2.728127e-01 2.835604e-02 -3.066626e-03 9.995931e-01 -3.181792e+01
9.995663e-01 -1.512819e-03 2.940809e-02 1.556953e+01 1.594611e-03 9.999949e-01 -2.758019e-03 -2.624436e-01 -2.940378e-02 2.803719e-03 9.995636e-01 -3.270823e+01
9.996663e-01 1.535208e-03 -2.578575e-02 1.551981e+01 -1.456169e-03 9.999942e-01 3.083717e-03 -2.472371e-01 2.579032e-02 -3.045138e-03 9.996626e-01 -3.361439e+01
9.996341e-01 -1.619881e-03 2.700259e-02 1.553125e+01 1.693325e-03 9.999949e-01 -2.697236e-03 -2.354791e-01 -2.699810e-02 2.741975e-03 9.996316e-01 -3.445488e+01
9.996258e-01 1.546971e-03 -2.731231e-02 1.542627e+01 -1.461327e-03 9.999940e-01 3.155388e-03 -2.166248e-01 2.731701e-02 -3.114293e-03 9.996219e-01 -3.550647e+01
9.995903e-01 -1.791044e-03 2.856445e-02 1.521201e+01 1.865597e-03 9.999949e-01 -2.583526e-03 -1.889267e-01 -2.855969e-02 2.635760e-03 9.995885e-01 -3.689184e+01
9.996144e-01 1.646704e-03 -2.771785e-02 1.502091e+01 -1.560675e-03 9.999939e-01 3.125062e-03 -1.637970e-01 2.772281e-02 -3.080596e-03 9.996108e-01 -3.816146e+01
9.995670e-01 -1.904104e-03 2.936351e-02 1.481916e+01 1.979921e-03 9.999948e-01 -2.553157e-03 -1.351691e-01 -2.935851e-02 2.610191e-03 9.995654e-01 -3.962660e+01
9.995656e-01 1.785300e-03 -2.941717e-02 1.491538e+01 -1.709948e-03 9.999952e-01 2.586439e-03 -1.341171e-01 2.942163e-02 -2.535012e-03 9.995638e-01 -4.000104e+01
9.995872e-01 -1.935037e-03 2.866551e-02 1.502149e+01 2.016259e-03 9.999940e-01 -2.804796e-03 -1.545009e-01 -2.865993e-02 2.861437e-03 9.995850e-01 -3.928833e+01
9.995635e-01 1.708932e-03 -2.949393e-02 1.519188e+01 -1.634702e-03 9.999954e-01 2.540724e-03 -1.773780e-01 2.949812e-02 -2.491399e-03 9.995616e-01 -3.857233e+01
9.995443e-01 -1.892362e-03 3.012680e-02 1.540363e+01 1.976550e-03 9.999942e-01 -2.764932e-03 -2.003422e-01 -3.012141e-02 2.823222e-03 9.995422e-01 -3.791041e+01
9.995577e-01 1.726641e-03 -2.969033e-02 1.552365e+01 -1.652498e-03 9.999955e-01 2.521557e-03 -2.216583e-01 2.969453e-02 -2.471377e-03 9.995559e-01 -3.717279e+01
9.995164e-01 -1.865957e-03 3.103947e-02 1.573170e+01 1.952502e-03 9.999943e-01 -2.758126e-03 -2.448191e-01 -3.103416e-02 2.817399e-03 9.995143e-01 -3.648791e+01
9.995411e-01 1.732860e-03 -3.024202e-02 1.593257e+01 -1.656274e-03 9.999954e-01 2.557306e-03 -2.664421e-01 3.024630e-02 -2.506041e-03 9.995392e-01 -3.586741e+01
9.995546e-01 -1.800816e-03 2.978871e-02 1.600944e+01 1.883070e-03 9.999945e-01 -2.733400e-03 -2.849327e-01 -2.978363e-02 2.788279e-03 9.995524e-01 -3.518305e+01
9.995750e-01 1.749384e-03 -2.909969e-02 1.609649e+01 -1.675740e-03 9.999953e-01 2.554943e-03 -3.031315e-01 2.910401e-02 -2.505091e-03 9.995731e-01 -3.452598e+01
9.995766e-01 -1.792317e-03 2.904181e-02 1.619169e+01 1.872112e-03 9.999945e-01 -2.720616e-03 -3.208090e-01 -2.903679e-02 2.773836e-03 9.995744e-01 -3.390676e+01
9.996416e-01 1.729656e-03 -2.671327e-02 1.633996e+01 -1.663628e-03 9.999955e-01 2.493769e-03 -3.404924e-01 2.671744e-02 -2.448432e-03 9.996399e-01 -3.328109e+01
9.995982e-01 -1.772030e-03 2.828911e-02 1.642879e+01 1.848857e-03 9.999947e-01 -2.689827e-03 -3.586926e-01 -2.828421e-02 2.741051e-03 9.995961e-01 -3.262762e+01
9.996682e-01 1.770371e-03 -2.569648e-02 1.657173e+01 -1.706421e-03 9.999954e-01 2.510374e-03 -3.754845e-01 2.570079e-02 -2.465690e-03 9.996665e-01 -3.212165e+01
9.995470e-01 -1.784615e-03 3.004202e-02 1.677793e+01 1.868647e-03 9.999944e-01 -2.769294e-03 -3.955149e-01 -3.003692e-02 2.824180e-03 9.995447e-01 -3.156317e+01
9.996841e-01 1.695655e-03 -2.507532e-02 1.699999e+01 -1.634448e-03 9.999956e-01 2.461225e-03 -4.187150e-01 2.507937e-02 -2.419462e-03 9.996824e-01 -3.089237e+01
9.995846e-01 -1.760705e-03 2.876628e-02 1.716069e+01 1.839505e-03 9.999946e-01 -2.713081e-03 -4.393358e-01 -2.876136e-02 2.764872e-03 9.995824e-01 -3.024308e+01
9.995438e-01 1.660820e-03 -3.015798e-02 1.722367e+01 -1.583158e-03 9.999954e-01 2.598856e-03 -4.571199e-01 3.016214e-02 -2.549924e-03 9.995417e-01 -2.956704e+01
9.996387e-01 -1.727138e-03 2.682295e-02 1.729175e+01 1.800746e-03 9.999947e-01 -2.720288e-03 -4.723538e-01 -2.681812e-02 2.767608e-03 9.996364e-01 -2.902398e+01
9.995766e-01 1.712237e-03 -2.904526e-02 1.735426e+01 -1.636793e-03 9.999952e-01 2.621042e-03 -4.857122e-01 2.904960e-02 -2.572389e-03 9.995746e-01 -2.855402e+01
9.996746e-01 -1.712302e-03 2.545201e-02 1.742577e+01 1.781881e-03 9.999947e-01 -2.711298e-03 -5.006723e-01 -2.544725e-02 2.755770e-03 9.996723e-01 -2.803052e+01
9.995874e-01 1.662433e-03 -2.867415e-02 1.749382e+01 -1.587443e-03 9.999953e-01 2.637810e-03 -5.145183e-01 2.867839e-02 -2.591201e-03 9.995852e-01 -2.755343e+01
9.997242e-01 -1.673228e-03 2.342429e-02 1.752744e+01 1.734478e-03 9.999951e-01 -2.594734e-03 -5.277176e-01 -2.341984e-02 2.634649e-03 9.997221e-01 -2.705446e+01
9.995953e-01 1.663102e-03 -2.839857e-02 1.756133e+01 -1.591176e-03 9.999955e-01 2.555162e-03 -5.423070e-01 2.840267e-02 -2.508939e-03 9.995933e-01 -2.649138e+01
9.996805e-01 -1.668049e-03 2.522291e-02 1.761022e+01 1.736250e-03 9.999949e-01 -2.682255e-03 -5.568066e-01 -2.521832e-02 2.725193e-03 9.996782e-01 -2.595035e+01
9.995984e-01 1.660135e-03 -2.828975e-02 1.766965e+01 -1.588247e-03 9.999955e-01 2.563399e-03 -5.706945e-01 2.829386e-02 -2.517437e-03 9.995964e-01 -2.545254e+01
9.996510e-01 -1.685919e-03 2.636335e-02 1.778749e+01 1.758195e-03 9.999948e-01 -2.718559e-03 -5.876834e-01 -2.635864e-02 2.763964e-03 9.996486e-01 -2.491828e+01
9.996282e-01 1.441104e-03 -2.722724e-02 1.792790e+01 -1.374439e-03 9.999960e-01 2.467024e-03 -6.129124e-01 2.723067e-02 -2.428683e-03 9.996261e-01 -2.404858e+01
9.996929e-01 -1.682484e-03 2.472550e-02 1.803005e+01 1.749594e-03 9.999948e-01 -2.692842e-03 -6.353816e-01 -2.472086e-02 2.735277e-03 9.996906e-01 -2.324577e+01
9.995628e-01 1.635996e-03 -2.952183e-02 1.807432e+01 -1.556817e-03 9.999951e-01 2.704850e-03 -6.510290e-01 2.952609e-02 -2.657706e-03 9.995604e-01 -2.264753e+01
9.996678e-01 -1.645942e-03 2.572236e-02 1.811972e+01 1.717896e-03 9.999947e-01 -2.775473e-03 -6.651600e-01 -2.571767e-02 2.818741e-03 9.996652e-01 -2.211485e+01
9.995359e-01 1.632842e-03 -3.042040e-02 1.817080e+01 -1.549448e-03 9.999950e-01 2.764773e-03 -6.802634e-01 3.042475e-02 -2.716353e-03 9.995333e-01 -2.155343e+01
9.996211e-01 -1.709208e-03 2.747083e-02 1.823085e+01 1.789108e-03 9.999942e-01 -2.884243e-03 -6.972959e-01 -2.746576e-02 2.932300e-03 9.996183e-01 -2.091401e+01
9.994779e-01 1.716478e-03 -3.226395e-02 1.827011e+01 -1.624420e-03 9.999945e-01 2.879273e-03 -7.117153e-01 3.226870e-02 -2.825357e-03 9.994751e-01 -2.036284e+01
9.996898e-01 -1.695998e-03 2.484977e-02 1.830988e+01 1.764206e-03 9.999947e-01 -2.723144e-03 -7.276346e-01 -2.484504e-02 2.766141e-03 9.996874e-01 -1.974656e+01
9.995190e-01 1.661247e-03 -3.096711e-02 1.836145e+01 -1.576391e-03 9.999949e-01 2.764392e-03 -7.441068e-01 3.097153e-02 -2.714244e-03 9.995165e-01 -1.912822e+01
9.996442e-01 -1.748949e-03 2.661487e-02 1.842678e+01 1.826253e-03 9.999942e-01 -2.880509e-03 -7.632895e-01 -2.660970e-02 2.928091e-03 9.996415e-01 -1.841334e+01
9.995474e-01 1.589831e-03 -3.004252e-02 1.850260e+01 -1.507845e-03 9.999951e-01 2.751468e-03 -7.832002e-01 3.004672e-02 -2.704921e-03 9.995447e-01 -1.767988e+01
9.996334e-01 -1.612370e-03 2.702613e-02 1.857664e+01 1.687945e-03 9.999947e-01 -2.773791e-03 -7.920183e-01 -2.702153e-02 2.818395e-03 9.996308e-01 -1.744867e+01
9.995111e-01 1.677238e-03 -3.122227e-02 1.858653e+01 -1.582462e-03 9.999941e-01 3.059993e-03 -7.936000e-01 3.122720e-02 -3.009087e-03 9.995077e-01 -1.748659e+01
9.996076e-01 -1.575901e-03 2.796735e-02 1.866185e+01 1.663956e-03 9.999937e-01 -3.125508e-03 -8.062642e-01 -2.796227e-02 3.170820e-03 9.996039e-01 -1.706775e+01
9.995327e-01 1.622236e-03 -3.052595e-02 1.871561e+01 -1.530177e-03 9.999942e-01 3.038884e-03 -8.184080e-01 3.053069e-02 -2.990752e-03 9.995293e-01 -1.663278e+01
9.996672e-01 -1.549867e-03 2.575108e-02 1.874999e+01 1.628967e-03 9.999940e-01 -3.051012e-03 -8.314312e-01 -2.574622e-02 3.091946e-03 9.996636e-01 -1.613495e+01
9.995106e-01 1.578601e-03 -3.124102e-02 1.878424e+01 -1.482006e-03 9.999941e-01 3.114854e-03 -8.455152e-01 3.124573e-02 -3.067029e-03 9.995069e-01 -1.559216e+01
9.996943e-01 -1.548215e-03 2.467462e-02 1.880795e+01 1.622755e-03 9.999942e-01 -3.001175e-03 -8.607427e-01 -2.466986e-02 3.040300e-03 9.996909e-01 -1.498249e+01
9.995240e-01 1.516421e-03 -3.081294e-02 1.882875e+01 -1.422506e-03 9.999943e-01 3.069615e-03 -8.773314e-01 3.081739e-02 -3.024321e-03 9.995204e-01 -1.430927e+01
9.996812e-01 -1.544295e-03 2.520187e-02 1.885303e+01 1.621478e-03 9.999941e-01 -3.042427e-03 -8.940129e-01 -2.519705e-02 3.082323e-03 9.996777e-01 -1.363586e+01
9.994979e-01 1.539977e-03 -3.164629e-02 1.887554e+01 -1.440664e-03 9.999940e-01 3.160771e-03 -9.090755e-01 3.165094e-02 -3.113591e-03 9.994940e-01 -1.303386e+01
9.997274e-01 -1.413950e-03 2.330538e-02 1.889330e+01 1.480876e-03 9.999948e-01 -2.854639e-03 -9.219396e-01 -2.330125e-02 2.888375e-03 9.997242e-01 -1.251451e+01
9.994821e-01 1.499837e-03 -3.214571e-02 1.890692e+01 -1.397137e-03 9.999938e-01 3.217047e-03 -9.362869e-01 3.215031e-02 -3.170467e-03 9.994779e-01 -1.192405e+01
9.996888e-01 -1.437395e-03 2.490277e-02 1.892754e+01 1.512974e-03 9.999943e-01 -3.016360e-03 -9.501818e-01 -2.489832e-02 3.053101e-03 9.996852e-01 -1.136915e+01
9.995737e-01 1.474928e-03 -2.915983e-02 1.896350e+01 -1.387373e-03 9.999945e-01 3.022561e-03 -9.595425e-01 2.916410e-02 -2.980815e-03 9.995701e-01 -1.104017e+01
9.997198e-01 -1.431410e-03 2.362727e-02 1.897815e+01 1.499171e-03 9.999948e-01 -2.850439e-03 -9.676585e-01 -2.362309e-02 2.885063e-03 9.997167e-01 -1.074245e+01
9.994061e-01 1.636672e-03 -3.442041e-02 1.899581e+01 -1.521080e-03 9.999931e-01 3.384137e-03 -9.796675e-01 3.442568e-02 -3.329769e-03 9.994016e-01 -1.025613e+01
9.997576e-01 -1.412197e-03 2.197140e-02 1.900660e+01 1.473625e-03 9.999951e-01 -2.779889e-03 -9.923612e-01 -2.196740e-02 2.811595e-03 9.997546e-01 -9.732589e+00
9.992651e-01 1.717889e-03 -3.829137e-02 1.900922e+01 -1.581490e-03 9.999923e-01 3.592137e-03 -1.002489e+00 3.829721e-02 -3.528938e-03 9.992601e-01 -9.306621e+00
9.996993e-01 -1.490682e-03 2.447780e-02 1.902406e+01 1.563680e-03 9.999944e-01 -2.963313e-03 -1.016084e+00 -2.447328e-02 3.000700e-03 9.996959e-01 -8.741901e+00
9.994478e-01 1.537643e-03 -3.319355e-02 1.901798e+01 -1.428042e-03 9.999935e-01 3.325345e-03 -1.020280e+00 3.319841e-02 -3.276104e-03 9.994433e-01 -8.632831e+00
9.997035e-01 -1.394704e-03 2.430840e-02 1.897187e+01 1.463229e-03 9.999950e-01 -2.801425e-03 -1.016582e+00 -2.430441e-02 2.836166e-03 9.997005e-01 -8.869393e+00
9.995642e-01 1.431646e-03 -2.948611e-02 1.901630e+01 -1.348072e-03 9.999950e-01 2.854008e-03 -1.025883e+00 2.949002e-02 -2.813013e-03 9.995610e-01 -8.555276e+00
9.996618e-01 -1.377971e-03 2.596763e-02 1.907422e+01 1.456201e-03 9.999945e-01 -2.993888e-03 -1.038393e+00 -2.596340e-02 3.030691e-03 9.996582e-01 -8.119470e+00
9.995728e-01 1.421668e-03 -2.919385e-02 1.912732e+01 -1.339350e-03 9.999951e-01 2.839028e-03 -1.050990e+00 2.919771e-02 -2.798712e-03 9.995696e-01 -7.671987e+00
9.996781e-01 -1.416078e-03 2.533090e-02 1.918641e+01 1.490591e-03 9.999946e-01 -2.922918e-03 -1.060036e+00 -2.532666e-02 2.959738e-03 9.996748e-01 -7.403799e+00
9.996184e-01 1.357345e-03 -2.759101e-02 1.923127e+01 -1.278803e-03 9.999951e-01 2.864059e-03 -1.062393e+00 2.759473e-02 -2.827680e-03 9.996151e-01 -7.471701e+00
9.996721e-01 -1.444828e-03 2.556544e-02 1.929254e+01 1.519978e-03 9.999946e-01 -2.920320e-03 -1.062785e+00 -2.556112e-02 2.958224e-03 9.996688e-01 -7.683388e+00
9.996349e-01 1.361118e-03 -2.698496e-02 1.932921e+01 -1.280004e-03 9.999946e-01 3.022901e-03 -1.057135e+00 2.698889e-02 -2.987255e-03 9.996312e-01 -8.182543e+00
9.996844e-01 -1.318193e-03 2.508608e-02 1.941676e+01 1.397217e-03 9.999941e-01 -3.132826e-03 -1.065985e+00 -2.508184e-02 3.166891e-03 9.996803e-01 -7.978975e+00
9.996002e-01 1.295852e-03 -2.824543e-02 1.948536e+01 -1.212585e-03 9.999949e-01 2.964904e-03 -1.081000e+00 2.824909e-02 -2.929467e-03 9.995965e-01 -7.452750e+00
9.996828e-01 -1.296448e-03 2.515337e-02 1.955362e+01 1.375905e-03 9.999941e-01 -3.141821e-03 -1.095957e+00 -2.514918e-02 3.175435e-03 9.996786e-01 -6.929348e+00
9.995712e-01 1.267181e-03 -2.925578e-02 1.960252e+01 -1.179495e-03 9.999948e-01 3.014264e-03 -1.111299e+00 2.925941e-02 -2.978462e-03 9.995673e-01 -6.357802e+00
9.997060e-01 -1.242060e-03 2.421292e-02 1.965470e+01 1.318141e-03 9.999942e-01 -3.126452e-03 -1.125456e+00 -2.420894e-02 3.157451e-03 9.997018e-01 -5.837313e+00
9.909455e-01 3.526827e-03 -1.342187e-01 1.960688e+01 -2.472546e-03 9.999648e-01 8.020821e-03 -1.140039e+00 1.342422e-01 -7.616332e-03 9.909192e-01 -5.189344e+00
9.994547e-01 -5.328162e-04 -3.301559e-02 1.947695e+01 5.423910e-04 9.999998e-01 2.810237e-04 -1.141249e+00 3.301537e-02 -2.987747e-04 9.994547e-01 -4.938137e+00
9.959097e-01 2.771174e-03 -9.031124e-02 1.943754e+01 -2.283635e-03 9.999823e-01 5.501302e-03 -1.143754e+00 9.032481e-02 -5.272559e-03 9.958983e-01 -4.856720e+00
9.996364e-01 -4.844499e-04 -2.696086e-02 1.951188e+01 4.977319e-04 9.999998e-01 4.858637e-04 -1.152839e+00 2.696054e-02 -4.991026e-04 9.996363e-01 -4.582956e+00
9.973929e-01 2.256635e-03 -7.212736e-02 1.965849e+01 -1.932889e-03 9.999877e-01 4.557991e-03 -1.170496e+00 7.213667e-02 -4.406689e-03 9.973849e-01 -4.046200e+00
9.996918e-01 -4.601529e-04 -2.481917e-02 1.988313e+01 4.757269e-04 9.999997e-01 6.214954e-04 -1.195846e+00 2.481879e-02 -6.331069e-04 9.996917e-01 -3.309344e+00
9.974868e-01 2.113139e-03 -7.082013e-02 2.027839e+01 -1.772468e-03 9.999866e-01 4.872828e-03 -1.235139e+00 7.082939e-02 -4.735051e-03 9.974771e-01 -2.277911e+00
9.999542e-01 -7.362073e-04 -9.538481e-03 2.076914e+01 7.357223e-04 9.999997e-01 -5.469740e-05 -1.278161e+00 9.538423e-03 4.768167e-05 9.999544e-01 -1.232935e+00
9.978965e-01 1.951497e-03 -6.479713e-02 2.120807e+01 -1.654726e-03 9.999879e-01 4.633289e-03 -1.318914e+00 6.480529e-02 -4.516317e-03 9.978876e-01 -2.099885e-01
9.995932e-01 -2.692868e-04 -2.851905e-02 2.163428e+01 2.862285e-04 9.999998e-01 5.898273e-04 -1.361430e+00 2.851879e-02 -5.977457e-04 9.995930e-01 9.057739e-01
9.965978e-01 2.278516e-03 -8.238711e-02 2.184442e+01 -1.838999e-03 9.999837e-01 5.410223e-03 -1.389296e+00 8.239800e-02 -5.240302e-03 9.965857e-01 1.769045e+00
9.996014e-01 -4.086946e-04 -2.822535e-02 2.221419e+01 4.307623e-04 9.999996e-01 7.755895e-04 -1.427441e+00 2.822492e-02 -7.874343e-04 9.996012e-01 2.811827e+00
9.968218e-01 2.287998e-03 -7.962975e-02 2.252418e+01 -1.927502e-03 9.999875e-01 4.603662e-03 -1.450851e+00 7.963919e-02 -4.435541e-03 9.968138e-01 3.342763e+00
9.999955e-01 -7.649946e-04 2.886310e-03 2.310309e+01 7.648447e-04 9.999997e-01 5.503137e-05 -1.490364e+00 -2.886447e-03 -5.281931e-05 9.999958e-01 4.099124e+00
9.976972e-01 1.892778e-03 -6.779880e-02 2.375368e+01 -1.615556e-03 9.999901e-01 4.143412e-03 -1.542775e+00 6.780588e-02 -4.024334e-03 9.976904e-01 5.258141e+00
9.992420e-01 -1.400755e-04 -3.892660e-02 2.405358e+01 2.169398e-04 9.999980e-01 1.970221e-03 -1.585884e+00 3.892615e-02 -1.977168e-03 9.992401e-01 6.601211e+00
9.955421e-01 2.389146e-03 -9.428757e-02 2.429980e+01 -1.887559e-03 9.999836e-01 5.408521e-03 -1.627856e+00 9.429886e-02 -5.206434e-03 9.955303e-01 8.010093e+00
9.993411e-01 -2.684470e-04 -3.629253e-02 2.459455e+01 3.473241e-04 9.999976e-01 2.166890e-03 -1.669962e+00 3.629178e-02 -2.178064e-03 9.993388e-01 9.354291e+00
9.974135e-01 2.040012e-03 -7.184701e-02 2.497004e+01 -1.743164e-03 9.999897e-01 4.194034e-03 -1.716615e+00 7.185476e-02 -4.057942e-03 9.974068e-01 1.071144e+01
9.981677e-01 1.778524e-04 -6.050627e-02 2.525289e+01 6.775117e-06 9.999953e-01 3.051036e-03 -1.755802e+00 6.050647e-02 -3.045853e-03 9.981631e-01 1.193998e+01
9.959046e-01 2.376069e-03 -9.037802e-02 2.547203e+01 -1.923942e-03 9.999852e-01 5.089328e-03 -1.791218e+00 9.038873e-02 -4.894602e-03 9.958945e-01 1.314032e+01
9.948598e-01 1.054923e-03 -1.012558e-01 2.552584e+01 -6.157172e-04 9.999903e-01 4.368669e-03 -1.816358e+00 1.012594e-01 -4.283867e-03 9.948508e-01 1.418879e+01
9.977429e-01 1.712781e-03 -6.712678e-02 2.565410e+01 -1.400150e-03 9.999880e-01 4.703971e-03 -1.842692e+00 6.713402e-02 -4.599366e-03 9.977334e-01 1.518831e+01
9.983213e-01 4.160560e-04 -5.791490e-02 2.594840e+01 -2.985525e-04 9.999979e-01 2.037408e-03 -1.881922e+00 5.791563e-02 -2.016698e-03 9.983194e-01 1.640589e+01
9.970196e-01 1.829374e-03 -7.712525e-02 2.610788e+01 -1.457762e-03 9.999871e-01 4.874216e-03 -1.908532e+00 7.713318e-02 -4.747260e-03 9.970095e-01 1.733453e+01
9.964295e-01 9.995446e-04 -8.442189e-02 2.621920e+01 -7.229275e-04 9.999943e-01 3.307030e-03 -1.935847e+00 8.442474e-02 -3.234192e-03 9.964246e-01 1.838662e+01
9.971366e-01 1.718705e-03 -7.560053e-02 2.625182e+01 -1.361160e-03 9.999876e-01 4.780592e-03 -1.954052e+00 7.560786e-02 -4.664001e-03 9.971267e-01 1.915986e+01
9.976231e-01 7.621192e-04 -6.890151e-02 2.638312e+01 -5.759160e-04 9.999961e-01 2.722194e-03 -1.976902e+00 6.890338e-02 -2.676044e-03 9.976197e-01 1.998584e+01
9.972223e-01 1.708664e-03 -7.446216e-02 2.636324e+01 -1.388609e-03 9.999896e-01 4.349715e-03 -1.987981e+00 7.446888e-02 -4.234237e-03 9.972143e-01 2.050872e+01
9.977093e-01 8.915851e-04 -6.764082e-02 2.644182e+01 -6.808985e-04 9.999948e-01 3.137706e-03 -2.007721e+00 6.764335e-02 -3.084464e-03 9.977048e-01 2.125502e+01
9.948823e-01 2.063123e-03 -1.010189e-01 2.647981e+01 -1.574971e-03 9.999867e-01 4.911769e-03 -2.021661e+00 1.010277e-01 -4.727532e-03 9.948724e-01 2.181372e+01
9.966829e-01 1.167864e-03 -8.137394e-02 2.630220e+01 -8.326519e-04 9.999910e-01 4.153177e-03 -2.020443e+00 8.137816e-02 -4.071646e-03 9.966749e-01 2.197340e+01
9.961121e-01 1.917483e-03 -8.807331e-02 2.621990e+01 -1.540299e-03 9.999894e-01 4.350349e-03 -2.028693e+00 8.808081e-02 -4.197778e-03 9.961044e-01 2.243146e+01
9.967258e-01 1.126311e-03 -8.084693e-02 2.623164e+01 -7.961873e-04 9.999912e-01 4.115422e-03 -2.042186e+00 8.085095e-02 -4.037579e-03 9.967180e-01 2.301516e+01
9.940184e-01 2.370622e-03 -1.091867e-01 2.619022e+01 -1.796242e-03 9.999840e-01 5.358577e-03 -2.057289e+00 1.091978e-01 -5.130400e-03 9.940067e-01 2.376044e+01
9.962938e-01 1.072408e-03 -8.600874e-02 2.623916e+01 -6.933420e-04 9.999899e-01 4.437047e-03 -2.080211e+00 8.601272e-02 -4.360969e-03 9.962844e-01 2.474535e+01
9.953390e-01 2.117408e-03 -9.641429e-02 2.641750e+01 -1.669551e-03 9.999874e-01 4.725574e-03 -2.111091e+00 9.642317e-02 -4.542579e-03 9.953300e-01 2.588255e+01
9.947499e-01 1.380269e-03 -1.023265e-01 2.649035e+01 -8.641830e-04 9.999867e-01 5.087687e-03 -2.134813e+00 1.023323e-01 -4.972546e-03 9.947378e-01 2.686316e+01
9.973693e-01 1.638075e-03 -7.246882e-02 2.662915e+01 -1.362392e-03 9.999916e-01 3.853448e-03 -2.160346e+00 7.247458e-02 -3.744578e-03 9.973631e-01 2.781396e+01
9.947733e-01 1.494795e-03 -1.020967e-01 2.676698e+01 -1.022262e-03 9.999885e-01 4.680460e-03 -2.185572e+00 1.021026e-01 -4.551624e-03 9.947634e-01 2.873556e+01
