9.997269e-01 1.194440e-03 -2.334024e-02 -2.733778e-02 -1.177362e-03 9.999990e-01 7.454404e-04 -6.200460e-03 2.334111e-02 -7.177564e-04 9.997272e-01 3.753873e-01
1.000000e+00 1.996725e-05 -1.787829e-04 -5.727621e-02 -1.996863e-05 1.000000e+00 -7.904724e-06 -1.171759e-02 1.787781e-04 7.908914e-06 9.999999e-01 7.214097e-01
9.998068e-01 1.117777e-03 -1.962670e-02 -7.477878e-02 -1.104036e-03 9.999991e-01 7.109623e-04 -2.035740e-02 1.962747e-02 -6.891557e-04 9.998070e-01 1.196549e+00
9.999642e-01 2.874102e-04 -8.457405e-03 -9.663357e-02 -2.854136e-04 9.999999e-01 2.372863e-04 -3.003121e-02 8.457463e-03 -2.348632e-04 9.999641e-01 1.733939e+00
9.999460e-01 1.473721e-04 1.038641e-02 -9.440179e-02 -1.464593e-04 1.000000e+00 -8.864179e-05 -4.277020e-02 -1.038643e-02 8.711661e-05 9.999460e-01 2.371338e+00
9.999305e-01 4.155102e-04 -1.178439e-02 -9.512435e-02 -4.114797e-04 9.999999e-01 3.444406e-04 -5.554677e-02 1.178453e-02 -3.395668e-04 9.999304e-01 3.017856e+00
9.999014e-01 -4.598655e-05 1.404364e-02 -8.939918e-02 4.917752e-05 1.000000e+00 -2.268682e-04 -6.850343e-02 -1.404364e-02 2.275373e-04 9.999013e-01 3.651313e+00
9.996511e-01 9.524522e-04 -2.639689e-02 -1.037584e-01 -9.330532e-04 9.999993e-01 7.472008e-04 -7.804805e-02 2.639757e-02 -7.223096e-04 9.996512e-01 4.165290e+00
9.995538e-01 -5.332832e-04 2.986383e-02 -9.899107e-02 5.529961e-04 9.999996e-01 -6.518355e-04 -9.087675e-02 -2.986348e-02 6.680601e-04 9.995537e-01 4.801703e+00
9.997131e-01 9.133108e-04 -2.393557e-02 -8.407832e-02 -8.981443e-04 9.999994e-01 6.443817e-04 -1.027080e-01 2.393614e-02 -6.226984e-04 9.997132e-01 5.371750e+00
9.987617e-01 -1.146780e-03 4.973694e-02 -5.596418e-02 1.209374e-03 9.999985e-01 -1.228422e-03 -1.126392e-01 -4.973546e-02 1.287052e-03 9.987615e-01 5.836000e+00
9.995686e-01 1.096077e-03 -2.934814e-02 -9.706322e-03 -1.076564e-03 9.999992e-01 6.806849e-04 -1.256918e-01 2.934886e-02 -6.487954e-04 9.995689e-01 6.419435e+00
9.988142e-01 -1.131990e-03 4.867138e-02 2.676450e-02 1.186602e-03 9.999987e-01 -1.093169e-03 -1.381470e-01 -4.867008e-02 1.149627e-03 9.988141e-01 6.994542e+00
9.999663e-01 5.173954e-04 -8.190484e-03 5.449542e-02 -5.171082e-04 9.999999e-01 3.718160e-05 -1.456334e-01 8.190503e-03 -3.294439e-05 9.999664e-01 7.376044e+00
9.991400e-01 -9.461768e-04 4.145299e-02 9.352635e-02 9.840740e-04 9.999991e-01 -8.938269e-04 -1.551143e-01 -4.145210e-02 9.338515e-04 9.991400e-01 7.816856e+00
9.993729e-01 1.418027e-03 -3.538046e-02 1.159667e-01 -1.392172e-03 9.999987e-01 7.553932e-04 -1.708031e-01 3.538149e-02 -7.056633e-04 9.993735e-01 8.571380e+00
9.992871e-01 -9.660006e-04 3.774099e-02 1.277015e-01 9.895737e-04 9.999993e-01 -6.059244e-04 -1.858336e-01 -3.774037e-02 6.428405e-04 9.992873e-01 9.311015e+00
9.999683e-01 5.651914e-04 -7.936249e-03 1.694582e-01 -5.664997e-04 9.999998e-01 -1.626127e-04 -1.952180e-01 7.936164e-03 1.671039e-04 9.999684e-01 9.730819e+00
9.999231e-01 -1.900960e-04 1.240129e-02 1.900360e-01 1.877680e-04 1.000000e+00 1.888896e-04 -2.074234e-01 -1.240132e-02 -1.865461e-04 9.999230e-01 1.031058e+01
9.999948e-01 3.271510e-04 -3.218777e-03 2.166406e-01 -3.280683e-04 9.999999e-01 -2.844490e-04 -2.186347e-01 3.218693e-03 2.855039e-04 9.999947e-01 1.082053e+01
9.994152e-01 -7.294531e-04 3.418690e-02 2.582788e-01 7.468642e-04 9.999996e-01 -4.965224e-04 -2.273619e-01 -3.418652e-02 5.217653e-04 9.994152e-01 1.121356e+01
9.997154e-01 9.970297e-04 -2.383595e-02 2.841288e-01 -9.925934e-04 9.999995e-01 1.979480e-04 -2.414842e-01 2.383615e-02 -1.742320e-04 9.997158e-01 1.188419e+01
9.996801e-01 -4.128363e-04 2.529051e-02 2.853233e-01 4.189363e-04 9.999999e-01 -2.359009e-04 -2.591929e-01 -2.529040e-02 2.464208e-04 9.996800e-01 1.278923e+01
9.997013e-01 1.006408e-03 -2.441996e-02 2.849781e-01 -1.002410e-03 9.999995e-01 1.759509e-04 -2.770083e-01 2.442014e-02 -1.514192e-04 9.997017e-01 1.370379e+01
9.996679e-01 -4.238012e-04 2.576634e-02 2.868434e-01 4.294688e-04 9.999999e-01 -2.144282e-04 -2.946160e-01 -2.576623e-02 2.254231e-04 9.996679e-01 1.460103e+01
9.997085e-01 9.913627e-04 -2.412189e-02 2.806005e-01 -9.874929e-04 9.999995e-01 1.723373e-04 -3.111364e-01 2.412207e-02 -1.484666e-04 9.997089e-01 1.545294e+01
9.996160e-01 -4.968280e-04 2.770424e-02 2.482147e-01 5.006782e-04 9.999999e-01 -1.320384e-04 -3.234678e-01 -2.770416e-02 1.458589e-04 9.996161e-01 1.614395e+01
9.997332e-01 1.001482e-03 -2.307573e-02 2.043300e-01 -9.998857e-04 9.999995e-01 8.069719e-05 -3.350432e-01 2.307581e-02 -5.760226e-05 9.997336e-01 1.682694e+01
9.996944e-01 -4.064828e-04 2.471887e-02 2.034850e-01 4.101668e-04 9.999999e-01 -1.439624e-04 -3.528712e-01 -2.471879e-02 1.540576e-04 9.996943e-01 1.774277e+01
9.997158e-01 1.046432e-03 -2.381603e-02 2.063276e-01 -1.045558e-03 9.999995e-01 4.913814e-05 -3.722272e-01 2.381609e-02 -2.422283e-05 9.997163e-01 1.874048e+01
9.996967e-01 -3.989288e-04 2.462291e-02 2.087755e-01 4.021914e-04 9.999999e-01 -1.275531e-04 -3.916683e-01 -2.462284e-02 1.374178e-04 9.996967e-01 1.974328e+01
9.997402e-01 9.631157e-04 -2.277289e-02 2.176154e-01 -9.615472e-04 9.999995e-01 7.982585e-05 -4.092081e-01 2.277297e-02 -5.790761e-05 9.997406e-01 2.062275e+01
9.997031e-01 -3.460910e-04 2.436409e-02 2.196830e-01 3.499594e-04 9.999999e-01 -1.545089e-04 -4.277905e-01 -2.436402e-02 1.629898e-04 9.997030e-01 2.157710e+01
9.997171e-01 9.956504e-04 -2.376410e-02 2.191436e-01 -9.944760e-04 9.999995e-01 6.123706e-05 -4.471800e-01 2.376416e-02 -3.758663e-05 9.997175e-01 2.258179e+01
9.997071e-01 -3.730601e-04 2.420003e-02 2.264152e-01 3.757546e-04 9.999999e-01 -1.067969e-04 -4.660880e-01 -2.419997e-02 1.158592e-04 9.997070e-01 2.354427e+01
9.997145e-01 1.018967e-03 -2.387417e-02 2.272627e-01 -1.018595e-03 9.999995e-01 2.776348e-05 -4.854072e-01 2.387420e-02 -3.437168e-06 9.997149e-01 2.454299e+01
9.997030e-01 -3.735407e-04 2.436587e-02 2.213830e-01 3.761581e-04 9.999999e-01 -1.028382e-04 -5.044076e-01 -2.436581e-02 1.119733e-04 9.997030e-01 2.553569e+01
9.997156e-01 9.859800e-04 -2.382835e-02 2.024801e-01 -9.855718e-04 9.999995e-01 2.887186e-05 -5.217271e-01 2.382839e-02 -5.378826e-06 9.997160e-01 2.645697e+01
9.997011e-01 -3.320260e-04 2.444654e-02 1.869200e-01 3.351304e-04 9.999999e-01 -1.228897e-04 -5.404726e-01 -2.444648e-02 1.310460e-04 9.997010e-01 2.745400e+01
9.997138e-01 9.924041e-04 -2.390137e-02 1.827250e-01 -9.922249e-04 9.999995e-01 1.936055e-05 -5.600641e-01 2.390139e-02 4.360776e-06 9.997142e-01 2.847905e+01
9.997071e-01 -2.972953e-04 2.419805e-02 1.706641e-01 3.002982e-04 9.999999e-01 -1.204612e-04 -5.799986e-01 -2.419800e-02 1.276928e-04 9.997071e-01 2.953726e+01
9.997174e-01 9.893019e-04 -2.375268e-02 1.521233e-01 -9.897042e-04 9.999995e-01 -5.181773e-06 -5.994961e-01 2.375268e-02 2.868867e-05 9.997178e-01 3.058127e+01
9.997167e-01 -2.386886e-04 2.379927e-02 1.288011e-01 2.413486e-04 1.000000e+00 -1.088962e-04 -6.195493e-01 -2.379923e-02 1.146095e-04 9.997167e-01 3.166808e+01
9.997153e-01 1.034957e-03 -2.383647e-02 9.702110e-02 -1.036468e-03 9.999995e-01 -5.106946e-05 -6.403778e-01 2.383642e-02 7.576089e-05 9.997158e-01 3.281595e+01
9.997083e-01 -2.325550e-04 2.414874e-02 3.101442e-02 2.341180e-04 1.000000e+00 -6.189666e-05 -6.585805e-01 -2.414871e-02 6.753247e-05 9.997083e-01 3.389328e+01
9.997222e-01 9.088377e-04 -2.355012e-02 -1.491236e-02 -9.093080e-04 9.999996e-01 -9.265160e-06 -6.751239e-01 2.355012e-02 3.067711e-05 9.997226e-01 3.483218e+01
9.997115e-01 -2.133249e-04 2.401939e-02 -2.835507e-02 2.157492e-04 1.000000e+00 -9.833936e-05 -6.948637e-01 -2.401935e-02 1.034933e-04 9.997114e-01 3.587978e+01
9.997253e-01 9.068192e-04 -2.342089e-02 -3.610484e-02 -9.077537e-04 9.999996e-01 -2.926857e-05 -7.150462e-01 2.342087e-02 5.052113e-05 9.997256e-01 3.694380e+01
9.996942e-01 -2.295252e-04 2.472892e-02 -3.388161e-02 2.318241e-04 1.000000e+00 -9.009475e-05 -7.354788e-01 -2.472888e-02 9.580013e-05 9.996941e-01 3.800274e+01
9.997067e-01 8.084243e-04 -2.420475e-02 -1.567767e-02 -8.072055e-04 9.999997e-01 6.012511e-05 -7.536165e-01 2.420481e-02 -4.056908e-05 9.997069e-01 3.889924e+01
9.996723e-01 -1.604620e-04 2.559793e-02 4.286017e-03 1.640660e-04 1.000000e+00 -1.386950e-04 -7.738700e-01 -2.559789e-02 1.428495e-04 9.996722e-01 3.991521e+01
9.997051e-01 1.018501e-03 -2.426168e-02 -1.783337e-03 -1.021754e-03 9.999995e-01 -1.216964e-04 -7.989652e-01 2.426156e-02 1.464502e-04 9.997055e-01 4.126330e+01
9.996865e-01 -1.095222e-04 2.503793e-02 7.682923e-03 1.122994e-04 1.000000e+00 -1.095113e-04 -8.261046e-01 -2.503790e-02 1.122888e-04 9.996864e-01 4.269498e+01
9.997036e-01 7.809114e-04 -2.433382e-02 7.516079e-03 -7.813309e-04 9.999997e-01 -7.731859e-06 -8.461719e-01 2.433383e-02 2.674248e-05 9.997038e-01 4.373899e+01
9.996929e-01 -3.522043e-05 2.478265e-02 -7.406846e-03 3.832772e-05 1.000000e+00 -1.249062e-04 -8.668848e-01 -2.478263e-02 1.258178e-04 9.996928e-01 4.484626e+01
9.997081e-01 7.992239e-04 -2.414618e-02 -4.159764e-02 -8.003240e-04 9.999997e-01 -3.589686e-05 -8.867616e-01 2.414616e-02 5.521127e-05 9.997083e-01 4.594633e+01
9.996941e-01 -6.043343e-05 2.473400e-02 -5.855669e-02 6.310274e-05 1.000000e+00 -1.071401e-04 -9.075263e-01 -2.473398e-02 1.086682e-04 9.996940e-01 4.706029e+01
9.997172e-01 8.265898e-04 -2.376464e-02 -6.606885e-02 -8.289180e-04 9.999997e-01 -8.811634e-05 -9.300392e-01 2.376458e-02 1.077905e-04 9.997175e-01 4.825812e+01
9.997006e-01 -3.250174e-05 2.446697e-02 -6.927688e-02 3.467364e-05 1.000000e+00 -8.834394e-05 -9.533280e-01 -2.446695e-02 8.916594e-05 9.997005e-01 4.949458e+01
9.996979e-01 1.355867e-03 -2.454227e-02 -7.573925e-02 -1.366614e-03 9.999990e-01 -4.211239e-04 -9.918423e-01 2.454169e-02 4.545366e-04 9.996986e-01 5.160933e+01
9.996861e-01 -1.201459e-04 2.505385e-02 -5.783589e-02 1.199027e-04 1.000000e+00 1.121193e-05 -1.028839e+00 -2.505383e-02 -8.204375e-06 9.996860e-01 5.358943e+01
9.996920e-01 9.018455e-04 -2.479914e-02 -4.194605e-02 -9.060288e-04 9.999996e-01 -1.574492e-04 -1.052489e+00 2.479900e-02 1.798694e-04 9.996923e-01 5.480867e+01
9.996906e-01 1.413610e-04 2.487186e-02 -2.578612e-02 -1.385169e-04 1.000000e+00 -1.160692e-04 -1.083136e+00 -2.487186e-02 1.125881e-04 9.996905e-01 5.643007e+01
9.996998e-01 1.169914e-03 -2.447348e-02 6.230377e-03 -1.179268e-03 9.999992e-01 -3.677900e-04 -1.123110e+00 2.447305e-02 3.965403e-04 9.997003e-01 5.855599e+01
9.996586e-01 4.684651e-04 2.612449e-02 2.228437e-02 -4.602433e-04 9.999998e-01 -3.207291e-04 -1.170483e+00 -2.612461e-02 3.085958e-04 9.996585e-01 6.114512e+01
9.996856e-01 1.823062e-03 -2.500756e-02 6.434657e-02 -1.844468e-03 9.999980e-01 -8.329434e-04 -1.240235e+00 2.500601e-02 8.788070e-04 9.996868e-01 6.495783e+01
9.996610e-01 -2.042717e-05 2.603663e-02 7.844956e-02 1.925247e-05 1.000000e+00 4.536923e-05 -1.293886e+00 -2.603662e-02 -4.485286e-05 9.996609e-01 6.790017e+01
9.996695e-01 1.139416e-03 -2.568191e-02 7.395846e-02 -1.150938e-03 9.999992e-01 -4.338686e-04 -1.326574e+00 2.568141e-02 4.632832e-04 9.996700e-01 6.967947e+01
9.996728e-01 1.266408e-05 2.558031e-02 9.335355e-02 -1.509391e-05 1.000000e+00 9.479690e-05 -1.361153e+00 -2.558029e-02 -9.515231e-05 9.996727e-01 7.151962e+01
9.996727e-01 1.611776e-03 -2.553090e-02 1.273796e-01 -1.632065e-03 9.999984e-01 -7.738579e-04 -1.410876e+00 2.552963e-02 8.152724e-04 9.996736e-01 7.419887e+01
9.996628e-01 2.945850e-07 2.596625e-02 1.475725e-01 -3.425561e-06 1.000000e+00 1.205362e-04 -1.459601e+00 -2.596623e-02 -1.205850e-04 9.996627e-01 7.684790e+01
9.996816e-01 1.031936e-03 -2.521235e-02 1.475555e-01 -1.044171e-03 9.999993e-01 -4.721174e-04 -1.490303e+00 2.521186e-02 4.982927e-04 9.996819e-01 7.850450e+01
9.996737e-01 -3.394242e-04 2.554269e-02 1.784748e-01 3.291591e-04 9.999999e-01 4.060841e-04 -1.512569e+00 -2.554280e-02 -3.975445e-04 9.996736e-01 7.961650e+01
9.996778e-01 1.044301e-03 -2.536305e-02 2.008113e-01 -1.057241e-03 9.999993e-01 -4.968188e-04 -1.534836e+00 2.536254e-02 5.234731e-04 9.996781e-01 8.074543e+01
9.996685e-01 -2.317364e-04 2.574643e-02 2.069569e-01 2.232513e-04 9.999999e-01 3.324393e-04 -1.559293e+00 -2.574649e-02 -3.265817e-04 9.996684e-01 8.203176e+01
9.996749e-01 1.045654e-03 -2.547741e-02 2.201877e-01 -1.058953e-03 9.999993e-01 -5.085044e-04 -1.584190e+00 2.547688e-02 5.353180e-04 9.996752e-01 8.332854e+01
9.996643e-01 -1.824512e-04 2.590716e-02 2.336565e-01 1.741889e-04 9.999999e-01 3.211783e-04 -1.610356e+00 -2.590720e-02 -3.165583e-04 9.996642e-01 8.469838e+01
9.996789e-01 1.000818e-03 -2.531843e-02 2.430239e-01 -1.014354e-03 9.999993e-01 -5.218144e-04 -1.635406e+00 2.531791e-02 5.473283e-04 9.996792e-01 8.601188e+01
9.996653e-01 -1.867286e-04 2.587140e-02 2.412759e-01 1.780615e-04 9.999999e-01 3.373110e-04 -1.659700e+00 -2.587144e-02 -3.325919e-04 9.996651e-01 8.730363e+01
9.996775e-01 1.015681e-03 -2.537402e-02 2.370181e-01 -1.030093e-03 9.999993e-01 -5.549314e-04 -1.684404e+00 2.537346e-02 5.808895e-04 9.996778e-01 8.862363e+01
9.996643e-01 -1.779334e-04 2.590823e-02 2.378628e-01 1.686520e-04 9.999999e-01 3.604300e-04 -1.709468e+00 -2.590827e-02 -3.559401e-04 9.996642e-01 8.995349e+01
9.996659e-01 8.992068e-04 -2.583304e-02 2.523542e-01 -9.117515e-04 9.999995e-01 -4.738380e-04 -1.731784e+00 2.583262e-02 4.972324e-04 9.996661e-01 9.109875e+01
9.996706e-01 -1.964281e-04 2.566571e-02 2.698412e-01 1.860296e-04 9.999999e-01 4.075443e-04 -1.753459e+00 -2.566577e-02 -4.026360e-04 9.996704e-01 9.220202e+01
9.996684e-01 9.445300e-04 -2.573339e-02 2.787613e-01 -9.586853e-04 9.999994e-01 -5.377487e-04 -1.776271e+00 2.573288e-02 5.622400e-04 9.996686e-01 9.338677e+01
9.996629e-01 -2.634560e-04 2.596163e-02 2.924124e-01 2.515279e-04 9.999999e-01 4.627183e-04 -1.797431e+00 -2.596173e-02 -4.560328e-04 9.996627e-01 9.446684e+01
9.996717e-01 1.021896e-03 -2.560243e-02 2.980855e-01 -1.038090e-03 9.999993e-01 -6.192305e-04 -1.820571e+00 2.560180e-02 6.456043e-04 9.996719e-01 9.567809e+01
9.996561e-01 -2.483722e-04 2.622379e-02 3.046949e-01 2.362205e-04 9.999999e-01 4.664822e-04 -1.844142e+00 -2.622388e-02 -4.601278e-04 9.996559e-01 9.691060e+01
9.996637e-01 9.062557e-04 -2.591612e-02 3.241984e-01 -9.206255e-04 9.999994e-01 -5.425497e-04 -1.864952e+00 2.591563e-02 5.662257e-04 9.996639e-01 9.795828e+01
9.996564e-01 -2.823844e-04 2.621256e-02 3.331947e-01 2.694454e-04 9.999998e-01 4.971543e-04 -1.884224e+00 -2.621268e-02 -4.899212e-04 9.996562e-01 9.893773e+01
9.996684e-01 9.429232e-04 -2.573223e-02 3.507589e-01 -9.582235e-04 9.999994e-01 -5.822779e-04 -1.905016e+00 2.573168e-02 6.067414e-04 9.996686e-01 9.998909e+01
9.996557e-01 -2.759129e-04 2.623604e-02 3.735157e-01 2.624578e-04 9.999998e-01 5.162920e-04 -1.926178e+00 -2.623616e-02 -5.092290e-04 9.996555e-01 1.010521e+02
9.996617e-01 9.185558e-04 -2.599409e-02 3.954313e-01 -9.338925e-04 9.999994e-01 -5.778767e-04 -1.946651e+00 2.599356e-02 6.019563e-04 9.996618e-01 1.020759e+02
9.996514e-01 -3.436842e-04 2.640029e-02 3.959893e-01 3.293016e-04 9.999998e-01 5.491377e-04 -1.964209e+00 -2.640046e-02 -5.402533e-04 9.996512e-01 1.029731e+02
9.996665e-01 9.348403e-04 -2.580791e-02 3.907624e-01 -9.511927e-04 9.999994e-01 -6.213536e-04 -1.982204e+00 2.580733e-02 6.456941e-04 9.996666e-01 1.039070e+02
9.996512e-01 -2.930220e-04 2.640873e-02 4.012127e-01 2.785316e-04 9.999998e-01 5.523745e-04 -2.002207e+00 -2.640886e-02 -5.448267e-04 9.996510e-01 1.049261e+02
9.996589e-01 9.315058e-04 -2.610124e-02 4.310075e-01 -9.477075e-04 9.999994e-01 -6.083679e-04 -2.023039e+00 2.610068e-02 6.328962e-04 9.996590e-01 1.059575e+02
9.996449e-01 -2.925854e-04 2.664397e-02 4.466615e-01 2.781485e-04 9.999998e-01 5.455498e-04 -2.043320e+00 -2.664411e-02 -5.379457e-04 9.996447e-01 1.069840e+02
9.996607e-01 8.988164e-04 -2.603280e-02 4.448358e-01 -9.155786e-04 9.999994e-01 -6.319766e-04 -2.062155e+00 2.603224e-02 6.555966e-04 9.996608e-01 1.079607e+02
9.996446e-01 -2.535961e-04 2.665607e-02 4.430447e-01 2.392387e-04 9.999998e-01 5.418104e-04 -2.081908e+00 -2.665618e-02 -5.352414e-04 9.996444e-01 1.089905e+02
9.996589e-01 9.276708e-04 -2.609907e-02 4.445310e-01 -9.453043e-04 9.999993e-01 -6.633102e-04 -2.102706e+00 2.609846e-02 6.877549e-04 9.996590e-01 1.100741e+02
9.996462e-01 -2.273664e-04 2.659730e-02 4.540155e-01 2.126098e-04 9.999998e-01 5.576449e-04 -2.124442e+00 -2.659740e-02 -5.517934e-04 9.996460e-01 1.111976e+02
9.996624e-01 9.782471e-04 -2.596567e-02 4.569501e-01 -9.975581e-04 9.999992e-01 -7.307742e-04 -2.147574e+00 2.596495e-02 7.564291e-04 9.996625e-01 1.124147e+02
9.996366e-01 -2.094038e-04 2.695729e-02 4.522652e-01 1.947130e-04 9.999998e-01 5.475945e-04 -2.170854e+00 -2.695738e-02 -5.421472e-04 9.996363e-01 1.136543e+02
9.996615e-01 9.460910e-04 -2.599969e-02 4.575614e-01 -9.652377e-04 9.999993e-01 -7.238819e-04 -2.193802e+00 2.599901e-02 7.487321e-04 9.996616e-01 1.148555e+02
9.996376e-01 -1.539091e-04 2.691970e-02 4.666583e-01 1.393088e-04 9.999998e-01 5.442408e-04 -2.218226e+00 -2.691976e-02 -5.402941e-04 9.996374e-01 1.161353e+02
9.996600e-01 9.897487e-04 -2.605503e-02 4.667212e-01 -1.010560e-03 9.999992e-01 -7.855854e-04 -2.243739e+00 2.605425e-02 8.116478e-04 9.996601e-01 1.174945e+02
9.996409e-01 -2.302560e-04 2.679757e-02 4.746174e-01 2.133585e-04 9.999998e-01 6.334226e-04 -2.267139e+00 -2.679769e-02 -6.274783e-04 9.996406e-01 1.187155e+02
9.996607e-01 9.225784e-04 -2.602944e-02 4.927457e-01 -9.426594e-04 9.999993e-01 -7.592179e-04 -2.289259e+00 2.602874e-02 7.834966e-04 9.996608e-01 1.198438e+02
9.996222e-01 -2.704638e-04 2.748291e-02 5.147689e-01 2.524474e-04 9.999998e-01 6.590176e-04 -2.310515e+00 -2.748306e-02 -6.518314e-04 9.996220e-01 1.209158e+02
9.996725e-01 9.894068e-04 -2.557081e-02 5.333287e-01 -1.011061e-03 9.999991e-01 -8.339231e-04 -2.333742e+00 2.556998e-02 8.595030e-04 9.996726e-01 1.221075e+02
9.996227e-01 -2.678368e-04 2.746696e-02 5.516613e-01 2.494065e-04 9.999997e-01 6.744272e-04 -2.356874e+00 -2.746712e-02 -6.673230e-04 9.996224e-01 1.232951e+02
9.996511e-01 1.097610e-03 -2.639092e-02 5.653634e-01 -1.121791e-03 9.999990e-01 -9.014623e-04 -2.382801e+00 2.638992e-02 9.307521e-04 9.996512e-01 1.246525e+02
9.996013e-01 -3.580404e-04 2.823422e-02 5.899261e-01 3.372979e-04 9.999997e-01 7.394200e-04 -2.406826e+00 -2.823446e-02 -7.296026e-04 9.996010e-01 1.258769e+02
9.996352e-01 1.040757e-03 -2.698946e-02 6.146717e-01 -1.064629e-03 9.999991e-01 -8.701495e-04 -2.429121e+00 2.698855e-02 8.985651e-04 9.996352e-01 1.270036e+02
9.996130e-01 -2.636341e-04 2.781582e-02 6.269225e-01 2.440693e-04 9.999997e-01 7.067671e-04 -2.453397e+00 -2.781598e-02 -6.997054e-04 9.996127e-01 1.282683e+02
9.996276e-01 9.874381e-04 -2.727175e-02 6.446708e-01 -1.010727e-03 9.999991e-01 -8.401980e-04 -2.476527e+00 2.727091e-02 8.674486e-04 9.996276e-01 1.294567e+02
9.996217e-01 -3.030701e-04 2.750219e-02 6.677720e-01 2.816830e-04 9.999997e-01 7.815254e-04 -2.498541e+00 -2.750239e-02 -7.734836e-04 9.996213e-01 1.305701e+02
9.996222e-01 9.912038e-04 -2.746783e-02 6.969544e-01 -1.015080e-03 9.999991e-01 -8.553304e-04 -2.520834e+00 2.746698e-02 8.828885e-04 9.996222e-01 1.316875e+02
9.996391e-01 -3.339893e-04 2.686355e-02 7.203307e-01 3.106736e-04 9.999996e-01 8.721032e-04 -2.541951e+00 -2.686381e-02 -8.634434e-04 9.996386e-01 1.327482e+02
9.995990e-01 9.464355e-04 -2.830131e-02 7.455421e-01 -9.679988e-04 9.999993e-01 -7.482307e-04 -2.561700e+00 2.830060e-02 7.753255e-04 9.995991e-01 1.337253e+02
9.996199e-01 -2.614725e-04 2.756761e-02 7.671048e-01 2.402918e-04 9.999997e-01 7.716309e-04 -2.583254e+00 -2.756778e-02 -7.647141e-04 9.996195e-01 1.348157e+02
9.996076e-01 9.347833e-04 -2.799739e-02 7.865919e-01 -9.574376e-04 9.999992e-01 -7.957685e-04 -2.604665e+00 2.799664e-02 8.222612e-04 9.996076e-01 1.359008e+02
9.996178e-01 -3.119076e-04 2.764432e-02 8.006776e-01 2.896801e-04 9.999996e-01 8.080567e-04 -2.624412e+00 -2.764454e-02 -7.997405e-04 9.996174e-01 1.369003e+02
9.996068e-01 9.679441e-04 -2.802296e-02 8.138344e-01 -9.916339e-04 9.999992e-01 -8.314899e-04 -2.645107e+00 2.802215e-02 8.589508e-04 9.996068e-01 1.379559e+02
9.996145e-01 -2.691294e-04 2.776287e-02 8.310955e-01 2.470505e-04 9.999997e-01 7.986974e-04 -2.667140e+00 -2.776306e-02 -7.915315e-04 9.996141e-01 1.390817e+02
9.996051e-01 1.027826e-03 -2.808263e-02 8.519084e-01 -1.053328e-03 9.999990e-01 -8.933577e-04 -2.691060e+00 2.808171e-02 9.225844e-04 9.996051e-01 1.403090e+02
9.996052e-01 -2.901917e-04 2.809607e-02 8.585241e-01 2.679277e-04 9.999996e-01 7.961876e-04 -2.713873e+00 -2.809627e-02 -7.883462e-04 9.996048e-01 1.414989e+02
9.996123e-01 9.378281e-04 -2.782570e-02 8.629664e-01 -9.629282e-04 9.999991e-01 -8.886645e-04 -2.734168e+00 2.782486e-02 9.151134e-04 9.996123e-01 1.425467e+02
9.996065e-01 -2.175876e-04 2.805001e-02 8.620435e-01 1.960494e-04 9.999997e-01 7.706020e-04 -2.756065e+00 -2.805015e-02 -7.648004e-04 9.996061e-01 1.436983e+02
9.996083e-01 8.837502e-04 -2.797405e-02 8.829033e-01 -9.079076e-04 9.999992e-01 -8.508785e-04 -2.777519e+00 2.797329e-02 8.759422e-04 9.996082e-01 1.447819e+02
9.996136e-01 -2.507295e-04 2.779675e-02 9.035800e-01 2.277610e-04 9.999996e-01 8.294698e-04 -2.797906e+00 -2.779693e-02 -8.228190e-04 9.996132e-01 1.458046e+02
9.996072e-01 8.750155e-04 -2.801321e-02 9.154214e-01 -8.995207e-04 9.999992e-01 -8.621880e-04 -2.817729e+00 2.801245e-02 8.870470e-04 9.996071e-01 1.468120e+02
9.996044e-01 -3.133405e-04 2.812254e-02 9.314442e-01 2.892619e-04 9.999996e-01 8.602713e-04 -2.835967e+00 -2.812278e-02 -8.517970e-04 9.996040e-01 1.477189e+02
9.996100e-01 8.993984e-04 -2.791264e-02 9.552723e-01 -9.245387e-04 9.999992e-01 -8.877898e-04 -2.855172e+00 2.791184e-02 9.132491e-04 9.996099e-01 1.486665e+02
9.996078e-01 -2.997502e-04 2.800124e-02 9.824961e-01 2.753004e-04 9.999996e-01 8.770239e-04 -2.874920e+00 -2.800148e-02 -8.689720e-04 9.996074e-01 1.496389e+02
9.996152e-01 8.894736e-04 -2.772479e-02 9.900925e-01 -9.156077e-04 9.999991e-01 -9.299481e-04 -2.893691e+00 2.772396e-02 9.549746e-04 9.996151e-01 1.505932e+02
9.996111e-01 -2.810416e-04 2.788644e-02 9.995504e-01 2.562956e-04 9.999996e-01 8.909579e-04 -2.912968e+00 -2.788666e-02 -8.834649e-04 9.996106e-01 1.515726e+02
9.996202e-01 9.488513e-04 -2.754346e-02 1.002947e+00 -9.768149e-04 9.999990e-01 -1.001823e-03 -2.933848e+00 2.754251e-02 1.028346e-03 9.996200e-01 1.526574e+02
9.996059e-01 -2.122211e-04 2.807178e-02 1.006329e+00 1.880956e-04 9.999996e-01 8.620606e-04 -2.956651e+00 -2.807193e-02 -8.564415e-04 9.996054e-01 1.538533e+02
9.996480e-01 9.314405e-04 -2.651561e-02 1.005445e+00 -9.597622e-04 9.999990e-01 -1.055412e-03 -2.979191e+00 2.651463e-02 1.080489e-03 9.996477e-01 1.550418e+02
9.996235e-01 -2.145082e-04 2.743787e-02 1.015069e+00 1.891833e-04 9.999996e-01 9.255885e-04 -3.001512e+00 -2.743804e-02 -9.200500e-04 9.996230e-01 1.561958e+02
9.996508e-01 9.687868e-04 -2.640879e-02 1.016830e+00 -9.987302e-04 9.999989e-01 -1.120682e-03 -3.024952e+00 2.640769e-02 1.146666e-03 9.996505e-01 1.574301e+02
9.996289e-01 -1.944509e-04 2.724181e-02 1.017807e+00 1.688694e-04 9.999995e-01 9.413533e-04 -3.048842e+00 -2.724196e-02 -9.364044e-04 9.996283e-01 1.586929e+02
9.996547e-01 9.087258e-04 -2.626290e-02 1.024716e+00 -9.381635e-04 9.999989e-01 -1.108592e-03 -3.071504e+00 2.626189e-02 1.132847e-03 9.996544e-01 1.598734e+02
9.996398e-01 -2.413923e-04 2.683661e-02 1.029321e+00 2.145185e-04 9.999995e-01 1.004263e-03 -3.092597e+00 -2.683682e-02 -9.981453e-04 9.996392e-01 1.609686e+02
9.996400e-01 8.858980e-04 -2.681709e-02 1.038416e+00 -9.148486e-04 9.999990e-01 -1.067314e-03 -3.113104e+00 2.681614e-02 1.091463e-03 9.996397e-01 1.620212e+02
9.996285e-01 -2.250543e-04 2.725319e-02 1.066569e+00 1.978319e-04 9.999995e-01 1.001564e-03 -3.134815e+00 -2.725338e-02 -9.958014e-04 9.996280e-01 1.631069e+02
9.996462e-01 8.739821e-04 -2.658517e-02 1.095742e+00 -9.032675e-04 9.999990e-01 -1.089581e-03 -3.156390e+00 2.658421e-02 1.113209e-03 9.996459e-01 1.641829e+02
9.996339e-01 -1.941051e-04 2.705580e-02 1.105098e+00 1.673639e-04 9.999995e-01 9.906378e-04 -3.177871e+00 -2.705596e-02 -9.857478e-04 9.996333e-01 1.652924e+02
9.996496e-01 8.611491e-04 -2.645765e-02 1.119754e+00 -8.906493e-04 9.999990e-01 -1.103237e-03 -3.199480e+00 2.645670e-02 1.126415e-03 9.996492e-01 1.663983e+02
9.996343e-01 -2.478198e-04 2.704204e-02 1.136228e+00 2.195880e-04 9.999994e-01 1.046965e-03 -3.219421e+00 -2.704226e-02 -1.040645e-03 9.996337e-01 1.674045e+02
9.996373e-01 9.225663e-04 -2.691488e-02 1.140131e+00 -9.533716e-04 9.999989e-01 -1.131742e-03 -3.240629e+00 2.691383e-02 1.156991e-03 9.996370e-01 1.685092e+02
9.996195e-01 -1.723743e-04 2.758387e-02 1.136746e+00 1.451419e-04 9.999995e-01 9.892595e-04 -3.263721e+00 -2.758401e-02 -9.848803e-04 9.996189e-01 1.697367e+02
9.996362e-01 9.030502e-04 -2.695682e-02 1.143018e+00 -9.341551e-04 9.999989e-01 -1.141312e-03 -3.286898e+00 2.695578e-02 1.166078e-03 9.996358e-01 1.709500e+02
9.996796e-01 -3.126787e-04 2.530913e-02 1.153295e+00 2.804146e-04 9.999991e-01 1.278343e-03 -3.305618e+00 -2.530948e-02 -1.270837e-03 9.996788e-01 1.718999e+02
9.996684e-01 9.274820e-04 -2.573261e-02 1.158090e+00 -9.610193e-04 9.999987e-01 -1.290968e-03 -3.324970e+00 2.573140e-02 1.315269e-03 9.996679e-01 1.728936e+02
9.996873e-01 -3.179672e-04 2.500417e-02 1.169693e+00 2.846736e-04 9.999991e-01 1.335076e-03 -3.344642e+00 -2.500455e-02 -1.327541e-03 9.996864e-01 1.738946e+02
9.996683e-01 8.709090e-04 -2.573896e-02 1.180045e+00 -9.030641e-04 9.999988e-01 -1.237684e-03 -3.362482e+00 2.573787e-02 1.260517e-03 9.996678e-01 1.747930e+02
9.996679e-01 -2.761336e-04 2.576901e-02 1.189707e+00 2.443461e-04 9.999992e-01 1.236701e-03 -3.381731e+00 -2.576931e-02 -1.229995e-03 9.996671e-01 1.757731e+02
9.996803e-01 9.564578e-04 -2.526527e-02 1.199815e+00 -9.906070e-04 9.999986e-01 -1.339149e-03 -3.403607e+00 2.526397e-02 1.363748e-03 9.996798e-01 1.769044e+02
9.996576e-01 -2.357455e-04 2.616373e-02 1.201336e+00 2.047636e-04 9.999993e-01 1.186830e-03 -3.426266e+00 -2.616397e-02 -1.181067e-03 9.996569e-01 1.780968e+02
9.996721e-01 8.482668e-04 -2.559242e-02 1.205790e+00 -8.810809e-04 9.999988e-01 -1.270935e-03 -3.446066e+00 2.559133e-02 1.293067e-03 9.996716e-01 1.791180e+02
9.996666e-01 -2.716783e-04 2.581902e-02 1.200659e+00 2.399851e-04 9.999992e-01 1.230607e-03 -3.464240e+00 -2.581932e-02 -1.224001e-03 9.996658e-01 1.800628e+02
9.996750e-01 8.552254e-04 -2.547902e-02 1.202486e+00 -8.880368e-04 9.999988e-01 -1.276498e-03 -3.483004e+00 2.547791e-02 1.298709e-03 9.996744e-01 1.810298e+02
9.996670e-01 -2.073773e-04 2.580537e-02 1.206221e+00 1.760428e-04 9.999992e-01 1.216532e-03 -3.503584e+00 -2.580558e-02 -1.211585e-03 9.996661e-01 1.820979e+02
9.996966e-01 8.688292e-04 -2.461750e-02 1.203190e+00 -9.027451e-04 9.999987e-01 -1.366642e-03 -3.524590e+00 2.461630e-02 1.388450e-03 9.996959e-01 1.832032e+02
9.996558e-01 -1.501579e-04 2.623531e-02 1.195279e+00 1.190939e-04 9.999993e-01 1.185617e-03 -3.546739e+00 -2.623545e-02 -1.182086e-03 9.996550e-01 1.843845e+02
9.996676e-01 8.403654e-04 -2.576971e-02 1.191005e+00 -8.746005e-04 9.999987e-01 -1.317266e-03 -3.568409e+00 2.576859e-02 1.339365e-03 9.996669e-01 1.855304e+02
9.996728e-01 -2.011248e-04 2.557762e-02 1.194573e+00 1.676394e-04 9.999991e-01 1.311310e-03 -3.588688e+00 -2.557784e-02 -1.306594e-03 9.996719e-01 1.865821e+02
9.996659e-01 9.015522e-04 -2.583350e-02 1.190420e+00 -9.377854e-04 9.999986e-01 -1.390489e-03 -3.610416e+00 2.583223e-02 1.414250e-03 9.996652e-01 1.877313e+02
9.997569e-01 -2.489680e-04 2.204814e-02 1.180948e+00 2.135291e-04 9.999987e-01 1.609689e-03 -3.629490e+00 -2.204849e-02 -1.604590e-03 9.997555e-01 1.887371e+02
9.997132e-01 9.599924e-04 -2.392829e-02 1.185330e+00 -9.969975e-04 9.999983e-01 -1.534624e-03 -3.651160e+00 2.392680e-02 1.558040e-03 9.997124e-01 1.898694e+02
9.997313e-01 -2.268331e-04 2.318065e-02 1.181910e+00 1.917413e-04 9.999988e-01 1.516054e-03 -3.673673e+00 -2.318094e-02 -1.511202e-03 9.997300e-01 1.910639e+02
9.997349e-01 9.636444e-04 -2.300416e-02 1.171946e+00 -1.001878e-03 9.999981e-01 -1.650569e-03 -3.696276e+00 2.300255e-02 1.673178e-03 9.997339e-01 1.922747e+02
9.997833e-01 7.174994e-04 2.080558e-02 1.194843e+00 -7.397314e-04 9.999992e-01 1.060892e-03 -3.748233e+00 -2.080478e-02 -1.076054e-03 9.997829e-01 1.951005e+02
9.997717e-01 8.406684e-04 -2.135093e-02 1.245834e+00 -8.770763e-04 9.999982e-01 -1.695915e-03 -3.799102e+00 2.134949e-02 1.714253e-03 9.997705e-01 1.978082e+02
9.997546e-01 -1.099200e-04 2.215161e-02 1.228925e+00 7.631592e-05 9.999988e-01 1.517850e-03 -3.821055e+00 -2.215173e-02 -1.515788e-03 9.997534e-01 1.989945e+02
9.997818e-01 9.670376e-04 -2.086797e-02 1.202076e+00 -1.005294e-03 9.999978e-01 -1.822875e-03 -3.846362e+00 2.086618e-02 1.843455e-03 9.997805e-01 2.003926e+02
9.997626e-01 -1.619668e-04 2.178819e-02 1.182561e+00 1.272998e-04 9.999987e-01 1.592474e-03 -3.870414e+00 -2.178840e-02 -1.589323e-03 9.997612e-01 2.017030e+02
9.997738e-01 9.321742e-04 -2.124979e-02 1.173303e+00 -9.705942e-04 9.999979e-01 -1.797780e-03 -3.893994e+00 2.124809e-02 1.817997e-03 9.997725e-01 2.029670e+02
9.997617e-01 -1.935757e-04 2.182817e-02 1.160555e+00 1.580851e-04 9.999987e-01 1.627627e-03 -3.916394e+00 -2.182844e-02 -1.623790e-03 9.997603e-01 2.041689e+02
9.997745e-01 9.533710e-04 -2.121270e-02 1.144030e+00 -9.925254e-04 9.999978e-01 -1.835357e-03 -3.939332e+00 2.121093e-02 1.855996e-03 9.997732e-01 2.054091e+02
9.997592e-01 -1.517594e-04 2.194224e-02 1.129124e+00 1.162838e-04 9.999987e-01 1.618044e-03 -3.963440e+00 -2.194243e-02 -1.615104e-03 9.997578e-01 2.067148e+02
9.997683e-01 9.116175e-04 -2.150474e-02 1.118097e+00 -9.508475e-04 9.999979e-01 -1.814097e-03 -3.986848e+00 2.150306e-02 1.834124e-03 9.997670e-01 2.079731e+02
9.997638e-01 -1.274832e-04 2.173457e-02 1.100897e+00 9.222235e-05 9.999987e-01 1.623340e-03 -4.010302e+00 -2.173473e-02 -1.620953e-03 9.997624e-01 2.092452e+02
9.997648e-01 8.456918e-04 -2.167049e-02 1.080791e+00 -8.846686e-04 9.999980e-01 -1.789092e-03 -4.031819e+00 2.166895e-02 1.807841e-03 9.997635e-01 2.104103e+02
9.997840e-01 -1.359909e-04 2.078135e-02 1.064293e+00 1.000433e-04 9.999985e-01 1.730838e-03 -4.052996e+00 -2.078153e-02 -1.728386e-03 9.997824e-01 2.115492e+02
9.997787e-01 8.691629e-04 -2.101844e-02 1.049024e+00 -9.086201e-04 9.999978e-01 -1.867793e-03 -4.075102e+00 2.101679e-02 1.886476e-03 9.997772e-01 2.127397e+02
9.997744e-01 -1.688411e-04 2.123961e-02 1.036042e+00 1.321167e-04 9.999985e-01 1.730448e-03 -4.096423e+00 -2.123985e-02 -1.727252e-03 9.997728e-01 2.138804e+02
9.997767e-01 8.591506e-04 -2.111483e-02 1.015093e+00 -8.989816e-04 9.999978e-01 -1.876987e-03 -4.116919e+00 2.111319e-02 1.895549e-03 9.997752e-01 2.149873e+02
9.997780e-01 -9.152603e-05 2.106799e-02 9.964991e-01 5.557028e-05 9.999985e-01 1.707238e-03 -4.139645e+00 -2.106810e-02 -1.705690e-03 9.997765e-01 2.162203e+02
9.997743e-01 9.552642e-04 -2.122445e-02 9.819462e-01 -9.965061e-04 9.999976e-01 -1.932646e-03 -4.165433e+00 2.122258e-02 1.953359e-03 9.997728e-01 2.176229e+02
9.997848e-01 -1.677252e-04 2.074638e-02 9.842878e-01 1.300613e-04 9.999983e-01 1.816789e-03 -4.189752e+00 -2.074663e-02 -1.813701e-03 9.997830e-01 2.189083e+02
9.997610e-01 8.882148e-04 -2.184600e-02 9.856317e-01 -9.289316e-04 9.999979e-01 -1.853738e-03 -4.211976e+00 2.184433e-02 1.873587e-03 9.997595e-01 2.200745e+02
9.997630e-01 -1.472758e-04 2.177030e-02 9.899362e-01 1.094342e-04 9.999985e-01 1.739409e-03 -4.235175e+00 -2.177050e-02 -1.736616e-03 9.997614e-01 2.212915e+02
9.997661e-01 8.566813e-04 -2.161041e-02 9.987840e-01 -8.973898e-04 9.999978e-01 -1.874126e-03 -4.257680e+00 2.160878e-02 1.893079e-03 9.997646e-01 2.224599e+02
9.997630e-01 -8.902875e-05 2.177040e-02 1.004358e+00 5.160103e-05 9.999985e-01 1.719765e-03 -4.281592e+00 -2.177050e-02 -1.718235e-03 9.997614e-01 2.237165e+02
9.997588e-01 7.984002e-04 -2.194728e-02 1.024953e+00 -8.382108e-04 9.999980e-01 -1.804783e-03 -4.304549e+00 2.194582e-02 1.822743e-03 9.997574e-01 2.248890e+02
9.997689e-01 -4.172299e-05 2.149908e-02 1.057748e+00 4.626113e-06 9.999985e-01 1.725563e-03 -4.329186e+00 -2.149910e-02 -1.725066e-03 9.997673e-01 2.261346e+02
9.997524e-01 7.790626e-04 -2.223777e-02 1.106467e+00 -8.183995e-04 9.999981e-01 -1.759884e-03 -4.354114e+00 2.223638e-02 1.777646e-03 9.997511e-01 2.273649e+02
9.997947e-01 -1.730188e-04 2.026205e-02 1.209652e+00 1.325652e-04 9.999980e-01 1.997855e-03 -4.378803e+00 -2.026233e-02 -1.994760e-03 9.997926e-01 2.284540e+02
9.997581e-01 7.873046e-04 -2.197789e-02 1.373667e+00 -8.270073e-04 9.999980e-01 -1.797455e-03 -4.404589e+00 2.197646e-02 1.815195e-03 9.997567e-01 2.295019e+02
9.997642e-01 -1.519061e-04 2.171548e-02 1.500189e+00 1.119982e-04 9.999983e-01 1.838972e-03 -4.429242e+00 -2.171570e-02 -1.836107e-03 9.997624e-01 2.305703e+02
9.997574e-01 8.371583e-04 -2.201195e-02 1.557874e+00 -8.785055e-04 9.999979e-01 -1.868800e-03 -4.452882e+00 2.201036e-02 1.887683e-03 9.997559e-01 2.317104e+02
9.997569e-01 -9.072289e-05 2.204764e-02 1.599328e+00 5.166953e-05 9.999984e-01 1.771885e-03 -4.477611e+00 -2.204775e-02 -1.770317e-03 9.997553e-01 2.329446e+02
9.997481e-01 7.624478e-04 -2.243048e-02 1.642189e+00 -8.031899e-04 9.999980e-01 -1.807424e-03 -4.500199e+00 2.242908e-02 1.824984e-03 9.997467e-01 2.340537e+02
9.997565e-01 -7.902046e-05 2.206682e-02 1.696647e+00 3.930459e-05 9.999984e-01 1.800234e-03 -4.523750e+00 -2.206691e-02 -1.798929e-03 9.997548e-01 2.351937e+02
9.997188e-01 7.104604e-04 -2.370090e-02 1.841665e+00 -7.490041e-04 9.999984e-01 -1.617422e-03 -4.550447e+00 2.369973e-02 1.634718e-03 9.997177e-01 2.363072e+02
9.998181e-01 -4.169111e-05 1.907190e-02 2.522823e+00 4.020182e-06 9.999980e-01 1.975246e-03 -4.591547e+00 -1.907193e-02 -1.974811e-03 9.998161e-01 2.372319e+02
9.997704e-01 7.471417e-04 -2.141639e-02 3.367770e+00 -7.853436e-04 9.999981e-01 -1.775418e-03 -4.635890e+00 2.141504e-02 1.791829e-03 9.997690e-01 2.380810e+02
9.997769e-01 4.301206e-06 2.112056e-02 3.714788e+00 -4.230983e-05 9.999984e-01 1.799162e-03 -4.669156e+00 -2.112050e-02 -1.799655e-03 9.997752e-01 2.392397e+02
9.997762e-01 7.374873e-04 -2.114157e-02 3.879236e+00 -7.763649e-04 9.999980e-01 -1.830775e-03 -4.697773e+00 2.114019e-02 1.846778e-03 9.997747e-01 2.404609e+02
9.998136e-01 -2.821958e-05 1.930454e-02 4.270214e+00 -1.044703e-05 9.999980e-01 2.002882e-03 -4.733708e+00 -1.930454e-02 -2.002711e-03 9.998115e-01 2.416548e+02
9.997377e-01 7.326500e-04 -2.289043e-02 4.905564e+00 -7.705948e-04 9.999983e-01 -1.648899e-03 -4.776356e+00 2.288920e-02 1.666105e-03 9.997365e-01 2.427536e+02
9.998491e-01 -1.999878e-05 1.737043e-02 5.795328e+00 -1.611945e-05 9.999978e-01 2.079158e-03 -4.826331e+00 -1.737041e-02 -2.079125e-03 9.998469e-01 2.437780e+02
9.996921e-01 9.167751e-04 -2.479539e-02 6.841278e+00 -9.564935e-04 9.999983e-01 -1.590038e-03 -4.887733e+00 2.479391e-02 1.613265e-03 9.996912e-01 2.451246e+02
9.998910e-01 -9.660883e-05 1.476573e-02 8.150060e+00 6.448733e-05 9.999976e-01 2.175876e-03 -4.953855e+00 -1.476588e-02 -2.174687e-03 9.998885e-01 2.462411e+02
9.995988e-01 9.406721e-04 -2.830689e-02 9.650582e+00 -9.843416e-04 9.999983e-01 -1.528820e-03 -5.021131e+00 2.830542e-02 1.556069e-03 9.995980e-01 2.470665e+02
9.998779e-01 -6.362776e-05 1.562628e-02 1.145730e+01 3.254140e-05 9.999980e-01 1.989614e-03 -5.094872e+00 -1.562636e-02 -1.988863e-03 9.998758e-01 2.477191e+02
9.996850e-01 9.105304e-04 -2.508038e-02 1.321159e+01 -9.509566e-04 9.999983e-01 -1.599988e-03 -5.166967e+00 2.507890e-02 1.623334e-03 9.996841e-01 2.484079e+02
9.998383e-01 -4.596757e-06 1.798172e-02 1.463865e+01 -3.089649e-05 9.999981e-01 1.973576e-03 -5.236532e+00 -1.798168e-02 -1.973813e-03 9.998363e-01 2.495485e+02
9.996490e-01 9.111719e-04 -2.647849e-02 1.605938e+01 -9.527563e-04 9.999983e-01 -1.557926e-03 -5.305744e+00 2.647703e-02 1.582606e-03 9.996481e-01 2.506599e+02
9.999068e-01 -1.034438e-04 1.365174e-02 1.763327e+01 7.385952e-05 9.999976e-01 2.167559e-03 -5.375692e+00 -1.365192e-02 -2.166349e-03 9.999044e-01 2.515057e+02
9.996777e-01 1.025061e-03 -2.536511e-02 1.927573e+01 -1.067845e-03 9.999980e-01 -1.673215e-03 -5.449422e+00 2.536336e-02 1.699762e-03 9.996768e-01 2.524522e+02
9.999465e-01 -1.112735e-04 1.034319e-02 2.103418e+01 8.788035e-05 9.999974e-01 2.262122e-03 -5.525649e+00 -1.034341e-02 -2.261093e-03 9.999438e-01 2.533030e+02
9.997452e-01 9.618427e-04 -2.255055e-02 2.269381e+01 -1.001459e-03 9.999980e-01 -1.745559e-03 -5.596541e+00 2.254883e-02 1.767698e-03 9.997441e-01 2.540600e+02
9.999253e-01 -2.379593e-04 1.222388e-02 2.410799e+01 2.105820e-04 9.999975e-01 2.240898e-03 -5.658353e+00 -1.222437e-02 -2.238156e-03 9.999227e-01 2.547696e+02
9.997278e-01 1.008977e-03 -2.330786e-02 2.551940e+01 -1.050207e-03 9.999979e-01 -1.756747e-03 -5.719976e+00 2.330605e-02 1.780747e-03 9.997267e-01 2.554715e+02
9.999380e-01 -2.071370e-04 1.113162e-02 2.703538e+01 1.812130e-04 9.999973e-01 2.329825e-03 -5.787193e+00 -1.113207e-02 -2.327663e-03 9.999352e-01 2.562824e+02
9.997515e-01 1.017058e-03 -2.226894e-02 2.842025e+01 -1.056608e-03 9.999979e-01 -1.764302e-03 -5.851164e+00 2.226710e-02 1.787394e-03 9.997504e-01 2.571506e+02
9.999477e-01 -1.833389e-04 1.022809e-02 3.008188e+01 1.608684e-04 9.999976e-01 2.197718e-03 -5.919506e+00 -1.022846e-02 -2.195958e-03 9.999452e-01 2.577743e+02
9.997891e-01 1.020317e-03 -2.050969e-02 3.176751e+01 -1.057863e-03 9.999978e-01 -1.819901e-03 -5.987163e+00 2.050778e-02 1.841213e-03 9.997879e-01 2.583370e+02
9.999652e-01 -1.123634e-04 8.345473e-03 3.366695e+01 9.349750e-05 9.999974e-01 2.260972e-03 -6.064323e+00 -8.345707e-03 -2.260112e-03 9.999625e-01 2.590233e+02
9.997381e-01 1.172797e-03 -2.285505e-02 3.577840e+01 -1.215910e-03 9.999975e-01 -1.872548e-03 -6.148793e+00 2.285280e-02 1.899848e-03 9.997369e-01 2.597193e+02
9.999655e-01 -1.801984e-04 8.301546e-03 3.788047e+01 1.606063e-04 9.999972e-01 2.360671e-03 -6.233485e+00 -8.301952e-03 -2.359257e-03 9.999627e-01 2.604352e+02
9.998009e-01 1.108199e-03 -1.992125e-02 3.977275e+01 -1.146315e-03 9.999975e-01 -1.901989e-03 -6.312500e+00 1.991909e-02 1.924447e-03 9.997996e-01 2.612331e+02
9.999618e-01 -1.979580e-04 8.740109e-03 4.146863e+01 1.768205e-04 9.999971e-01 2.419160e-03 -6.389085e+00 -8.740569e-03 -2.417522e-03 9.999588e-01 2.622423e+02
9.997611e-01 1.142025e-03 -2.182706e-02 4.325164e+01 -1.183137e-03 9.999976e-01 -1.870739e-03 -6.466851e+00 2.182486e-02 1.896117e-03 9.997599e-01 2.631445e+02
9.999292e-01 -1.992328e-04 1.189645e-02 4.488099e+01 1.714643e-04 9.999973e-01 2.335161e-03 -6.542626e+00 -1.189689e-02 -2.332955e-03 9.999264e-01 2.642413e+02
9.997444e-01 1.133065e-03 -2.258164e-02 4.664182e+01 -1.176137e-03 9.999975e-01 -1.894235e-03 -6.619755e+00 2.257943e-02 1.920311e-03 9.997431e-01 2.651675e+02
9.999499e-01 -2.511595e-04 1.001085e-02 4.847407e+01 2.274851e-04 9.999972e-01 2.365941e-03 -6.695365e+00 -1.001143e-02 -2.363545e-03 9.999470e-01 2.658763e+02
9.997312e-01 1.081864e-03 -2.315915e-02 5.008098e+01 -1.123534e-03 9.999978e-01 -1.786343e-03 -6.763573e+00 2.315715e-02 1.811883e-03 9.997301e-01 2.665656e+02
9.999661e-01 -1.966205e-04 8.234664e-03 5.179011e+01 1.771287e-04 9.999972e-01 2.367707e-03 -6.836297e+00 -8.235120e-03 -2.366167e-03 9.999632e-01 2.673156e+02
9.996602e-01 1.269064e-03 -2.603751e-02 5.387998e+01 -1.314393e-03 9.999977e-01 -1.723898e-03 -6.923770e+00 2.603525e-02 1.757536e-03 9.996594e-01 2.681662e+02
9.999662e-01 -2.448915e-04 8.216341e-03 5.595682e+01 2.256887e-04 9.999972e-01 2.338002e-03 -7.009556e+00 -8.216908e-03 -2.336068e-03 9.999634e-01 2.689554e+02
9.996939e-01 1.342625e-03 -2.470257e-02 5.812608e+01 -1.387980e-03 9.999974e-01 -1.819017e-03 -7.097890e+00 2.470004e-02 1.852747e-03 9.996931e-01 2.697394e+02
9.999728e-01 -2.282407e-04 7.374172e-03 6.041982e+01 2.112604e-04 9.999973e-01 2.303377e-03 -7.189270e+00 -7.374699e-03 -2.301755e-03 9.999701e-01 2.704665e+02
9.996650e-01 1.401491e-03 -2.584431e-02 6.274425e+01 -1.447346e-03 9.999974e-01 -1.755666e-03 -7.283234e+00 2.584176e-02 1.792484e-03 9.996643e-01 2.712646e+02
9.999546e-01 -3.176775e-04 9.525141e-03 6.502981e+01 2.959385e-04 9.999973e-01 2.283601e-03 -7.375430e+00 -9.525865e-03 -2.280678e-03 9.999519e-01 2.720553e+02
