9.999976e-01 -1.348174e-04 -2.206530e-03 7.191791e-02 1.344743e-04 1.000000e+00 -1.556674e-04 -1.339391e-02 2.206551e-03 1.553707e-04 9.999975e-01 4.372743e-01
9.999988e-01 -8.700901e-05 -1.560906e-03 1.198023e-01 8.694675e-05 1.000000e+00 -3.997111e-05 -3.311863e-02 1.560909e-03 3.983579e-05 9.999987e-01 1.208892e+00
9.999956e-01 -8.961112e-05 -2.977683e-03 1.632069e-01 8.928961e-05 1.000000e+00 -1.081117e-04 -5.178937e-02 2.977691e-03 1.078458e-04 9.999955e-01 1.937869e+00
1.000000e+00 -1.197183e-04 -4.381532e-05 2.182630e-01 1.197147e-04 1.000000e+00 -8.358117e-05 -7.122703e-02 4.382402e-05 8.357634e-05 9.999999e-01 2.688525e+00
9.999965e-01 -1.186084e-04 -2.645586e-03 2.852882e-01 1.183433e-04 1.000000e+00 -1.003811e-04 -9.163103e-02 2.645596e-03 1.000680e-04 9.999964e-01 3.464567e+00
9.999995e-01 -1.167764e-04 1.031369e-03 3.732005e-01 1.169039e-04 1.000000e+00 -1.235590e-04 -1.120287e-01 -1.031356e-03 1.236798e-04 9.999994e-01 4.208781e+00
9.999934e-01 -1.143537e-04 -3.637175e-03 4.357825e-01 1.140437e-04 1.000000e+00 -8.543788e-05 -1.319697e-01 3.637183e-03 8.502287e-05 9.999933e-01 4.970999e+00
9.999999e-01 -8.017101e-05 5.113453e-04 4.882128e-01 8.022031e-05 1.000000e+00 -9.635034e-05 -1.503930e-01 -5.113398e-04 9.639168e-05 9.999998e-01 5.682023e+00
9.999940e-01 -8.467814e-05 -3.465362e-03 5.354114e-01 8.440513e-05 1.000000e+00 -7.893556e-05 -1.686815e-01 3.465366e-03 7.864290e-05 9.999939e-01 6.398051e+00
1.000000e+00 -9.638088e-05 8.173392e-05 5.770351e-01 9.638739e-05 1.000000e+00 -7.933926e-05 -1.871087e-01 -8.172921e-05 7.934743e-05 9.999999e-01 7.127401e+00
9.999917e-01 -5.199240e-05 -4.063741e-03 6.157385e-01 5.165054e-05 1.000000e+00 -8.423602e-05 -2.046440e-01 4.063742e-03 8.402571e-05 9.999916e-01 7.818322e+00
9.999983e-01 -1.280212e-04 1.826432e-03 6.814668e-01 1.282815e-04 1.000000e+00 -1.424248e-04 -2.215277e-01 -1.826417e-03 1.426591e-04 9.999982e-01 8.441928e+00
9.999936e-01 -1.055260e-05 -3.577283e-03 7.457635e-01 1.024408e-05 1.000000e+00 -8.626962e-05 -2.368794e-01 3.577280e-03 8.623265e-05 9.999935e-01 8.999436e+00
9.999973e-01 -1.510774e-04 2.331048e-03 8.118433e-01 1.514305e-04 1.000000e+00 -1.513086e-04 -2.545735e-01 -2.331029e-03 1.516614e-04 9.999972e-01 9.664115e+00
9.999980e-01 2.401267e-05 -1.985617e-03 8.824534e-01 -2.424641e-05 1.000000e+00 -1.177071e-04 -2.725305e-01 1.985610e-03 1.177552e-04 9.999979e-01 1.033939e+01
9.999998e-01 -1.344269e-04 -6.428805e-04 9.269811e-01 1.343926e-04 1.000000e+00 -5.348201e-05 -2.879510e-01 6.428836e-04 5.339577e-05 9.999997e-01 1.093715e+01
9.999975e-01 -3.609795e-05 -2.215379e-03 9.639718e-01 3.590512e-05 1.000000e+00 -8.708959e-05 -2.957082e-01 2.215378e-03 8.700999e-05 9.999974e-01 1.117298e+01
9.999980e-01 -1.526463e-04 1.991212e-03 1.047021e+00 1.526528e-04 1.000000e+00 -3.072880e-06 -3.028000e-01 -1.991216e-03 3.376985e-06 9.999979e-01 1.128363e+01
9.999915e-01 3.420400e-05 -4.116990e-03 1.119071e+00 -3.502491e-05 1.000000e+00 -1.993294e-04 -3.179388e-01 4.116978e-03 1.994720e-04 9.999914e-01 1.182191e+01
9.999886e-01 -2.383304e-04 4.778216e-03 1.275675e+00 2.385647e-04 1.000000e+00 -4.847426e-05 -3.378335e-01 -4.778209e-03 4.961373e-05 9.999885e-01 1.244124e+01
9.999898e-01 2.175963e-05 -4.506809e-03 1.355973e+00 -2.286949e-05 1.000000e+00 -2.462155e-04 -3.582694e-01 4.506799e-03 2.463162e-04 9.999897e-01 1.320686e+01
9.999975e-01 -1.905291e-04 2.218140e-03 1.417336e+00 1.903855e-04 1.000000e+00 6.493401e-05 -3.758861e-01 -2.218157e-03 -6.451149e-05 9.999974e-01 1.387530e+01
9.999868e-01 8.206384e-05 -5.145427e-03 1.479401e+00 -8.311108e-05 1.000000e+00 -2.033189e-04 -3.911113e-01 5.145406e-03 2.037439e-04 9.999866e-01 1.443394e+01
9.999990e-01 -1.532072e-04 1.426936e-03 1.649568e+00 1.530905e-04 1.000000e+00 8.189149e-05 -4.052380e-01 -1.426954e-03 -8.167292e-05 9.999989e-01 1.475884e+01
9.999942e-01 1.837857e-04 -3.395223e-03 1.815006e+00 -1.846644e-04 9.999999e-01 -2.585042e-04 -4.187386e-01 3.395170e-03 2.591297e-04 9.999941e-01 1.506188e+01
9.999999e-01 -2.178813e-04 3.678907e-04 1.894040e+00 2.178399e-04 1.000000e+00 1.128637e-04 -4.311200e-01 -3.679212e-04 -1.127835e-04 9.999998e-01 1.546513e+01
9.999937e-01 2.982617e-04 -3.545940e-03 2.001788e+00 -2.989602e-04 9.999999e-01 -1.964561e-04 -4.410449e-01 3.545875e-03 1.975149e-04 9.999936e-01 1.571051e+01
9.999983e-01 -3.124154e-04 1.843257e-03 2.156842e+00 3.124013e-04 1.000000e+00 7.954709e-06 -4.556031e-01 -1.843266e-03 -7.378888e-06 9.999982e-01 1.609063e+01
9.999939e-01 1.842109e-04 -3.495234e-03 2.226968e+00 -1.849698e-04 1.000000e+00 -2.168150e-04 -4.721125e-01 3.495187e-03 2.174601e-04 9.999938e-01 1.669804e+01
9.999984e-01 -2.564213e-04 1.749417e-03 2.286603e+00 2.563845e-04 1.000000e+00 2.123210e-05 -4.869130e-01 -1.749429e-03 -2.078362e-05 9.999984e-01 1.725182e+01
9.999980e-01 1.494033e-04 -1.976631e-03 2.365397e+00 -1.499232e-04 1.000000e+00 -2.628900e-04 -5.033548e-01 1.976585e-03 2.631858e-04 9.999979e-01 1.784633e+01
9.999995e-01 -3.594098e-04 9.012517e-04 2.446522e+00 3.594020e-04 9.999999e-01 8.827994e-06 -5.222551e-01 -9.012617e-04 -8.504195e-06 9.999995e-01 1.853822e+01
9.999940e-01 1.248938e-04 -3.447549e-03 2.508071e+00 -1.257928e-04 1.000000e+00 -2.605327e-04 -5.423277e-01 3.447509e-03 2.609647e-04 9.999939e-01 1.930298e+01
9.999998e-01 -3.384293e-04 5.876293e-04 2.563794e+00 3.384058e-04 9.999999e-01 4.002714e-05 -5.617925e-01 -5.876502e-04 -3.982844e-05 9.999997e-01 2.005301e+01
9.999839e-01 1.552354e-04 -5.665622e-03 2.600103e+00 -1.561620e-04 1.000000e+00 -1.631020e-04 -5.812170e-01 5.665588e-03 1.639840e-04 9.999838e-01 2.082402e+01
9.999986e-01 -3.694391e-04 1.621767e-03 2.641197e+00 3.694704e-04 9.999999e-01 -1.901404e-05 -6.011500e-01 -1.621768e-03 1.961302e-05 9.999986e-01 2.161382e+01
9.999908e-01 1.551998e-04 -4.294358e-03 2.712448e+00 -1.561473e-04 1.000000e+00 -2.203134e-04 -6.191116e-01 4.294315e-03 2.209817e-04 9.999907e-01 2.227315e+01
9.999939e-01 -3.535616e-04 3.481959e-03 2.791959e+00 3.535884e-04 9.999999e-01 -7.076390e-06 -6.371274e-01 -3.481965e-03 8.307291e-06 9.999938e-01 2.293076e+01
9.999986e-01 1.790462e-04 -1.676227e-03 2.985035e+00 -1.795091e-04 9.999999e-01 -2.760282e-04 -6.551926e-01 1.676169e-03 2.763284e-04 9.999985e-01 2.341661e+01
9.999920e-01 -3.737546e-04 3.978737e-03 3.160286e+00 3.736494e-04 9.999999e-01 2.719911e-05 -6.753713e-01 -3.978755e-03 -2.571252e-05 9.999920e-01 2.402530e+01
9.999942e-01 1.305449e-04 -3.405721e-03 3.244027e+00 -1.316651e-04 9.999999e-01 -3.287070e-04 -6.972677e-01 3.405670e-03 3.291532e-04 9.999940e-01 2.485083e+01
9.999990e-01 -3.622504e-04 1.399719e-03 3.307663e+00 3.621097e-04 9.999999e-01 1.008038e-04 -7.159777e-01 -1.399764e-03 -1.002971e-04 9.999989e-01 2.555999e+01
9.999991e-01 1.334211e-04 -1.337485e-03 3.458784e+00 -1.338072e-04 9.999999e-01 -2.886323e-04 -7.316981e-01 1.337438e-03 2.888106e-04 9.999990e-01 2.596861e+01
9.999939e-01 -3.501883e-04 3.464393e-03 3.676316e+00 3.500011e-04 9.999999e-01 5.462197e-05 -7.497256e-01 -3.464420e-03 -5.340948e-05 9.999939e-01 2.639815e+01
9.999986e-01 1.243869e-04 -1.666827e-03 3.779794e+00 -1.245087e-04 1.000000e+00 -7.296969e-05 -7.514910e-01 1.666810e-03 7.317674e-05 9.999985e-01 2.618178e+01
9.999975e-01 -3.409927e-04 2.206920e-03 3.896849e+00 3.410664e-04 9.999999e-01 -3.298890e-05 -7.603416e-01 -2.206916e-03 3.374113e-05 9.999975e-01 2.632033e+01
9.999959e-01 1.904083e-04 -2.862980e-03 3.991311e+00 -1.908829e-04 1.000000e+00 -1.654942e-04 -7.764759e-01 2.862941e-03 1.660396e-04 9.999958e-01 2.687009e+01
9.999999e-01 -3.196441e-04 -1.141118e-04 4.035681e+00 3.196417e-04 9.999999e-01 -2.124796e-05 -7.926790e-01 1.141103e-04 2.121105e-05 9.999999e-01 2.749515e+01
9.999922e-01 1.892673e-04 -3.933407e-03 4.075041e+00 -1.898720e-04 1.000000e+00 -1.533655e-04 -8.095058e-01 3.933369e-03 1.541107e-04 9.999922e-01 2.815255e+01
9.995936e-01 3.696801e-04 -2.850463e-02 4.156117e+00 -3.306021e-04 9.999990e-01 1.375636e-03 -8.290855e-01 2.850509e-02 -1.365653e-03 9.995926e-01 2.887600e+01
9.993602e-01 6.305041e-04 -3.576140e-02 4.255216e+00 -5.742378e-04 9.999986e-01 1.583629e-03 -8.500505e-01 3.576233e-02 -1.562080e-03 9.993590e-01 2.968540e+01
9.996096e-01 2.623214e-04 -2.793718e-02 4.376607e+00 -2.261786e-04 9.999991e-01 1.296868e-03 -8.754611e-01 2.793747e-02 -1.290043e-03 9.996087e-01 3.066114e+01
9.982234e-01 1.069036e-03 -5.957257e-02 4.485803e+00 -9.104460e-04 9.999960e-01 2.689201e-03 -9.004532e-01 5.957517e-02 -2.630186e-03 9.982203e-01 3.164042e+01
9.991997e-01 4.408118e-04 -3.999707e-02 4.594258e+00 -3.637841e-04 9.999981e-01 1.933085e-03 -9.225164e-01 3.999780e-02 -1.916987e-03 9.991978e-01 3.250494e+01
9.978426e-01 1.305690e-03 -6.563927e-02 4.678429e+00 -1.117109e-03 9.999951e-01 2.909613e-03 -9.444320e-01 6.564270e-02 -2.830008e-03 9.978391e-01 3.338202e+01
9.984720e-01 6.006542e-04 -5.525714e-02 4.781671e+00 -4.503403e-04 9.999962e-01 2.732663e-03 -9.674718e-01 5.525851e-02 -2.703602e-03 9.984683e-01 3.430276e+01
9.961464e-01 1.828295e-03 -8.768643e-02 4.783207e+00 -1.482942e-03 9.999909e-01 4.003475e-03 -9.844318e-01 8.769287e-02 -3.858011e-03 9.961400e-01 3.507664e+01
9.960824e-01 1.139174e-03 -8.842230e-02 4.698516e+00 -7.446613e-04 9.999896e-01 4.494530e-03 -9.972005e-01 8.842642e-02 -4.411075e-03 9.960729e-01 3.580191e+01
9.949401e-01 2.061834e-03 -1.004487e-01 4.588145e+00 -1.591790e-03 9.999874e-01 4.759353e-03 -1.010132e+00 1.004571e-01 -4.575374e-03 9.949308e-01 3.658551e+01
9.954466e-01 1.201651e-03 -9.531268e-02 4.456763e+00 -7.505622e-04 9.999883e-01 4.768412e-03 -1.021785e+00 9.531720e-02 -4.675159e-03 9.954359e-01 3.733740e+01
9.965589e-01 1.803001e-03 -8.286775e-02 4.389849e+00 -1.480144e-03 9.999911e-01 3.957281e-03 -1.035408e+00 8.287404e-02 -3.821004e-03 9.965526e-01 3.809214e+01
9.982957e-01 4.898513e-04 -5.835578e-02 4.400463e+00 -3.201267e-04 9.999957e-01 2.917697e-03 -1.050210e+00 5.835686e-02 -2.894040e-03 9.982915e-01 3.878638e+01
9.987521e-01 1.379225e-03 -4.992140e-02 4.431162e+00 -1.270058e-03 9.999967e-01 2.218359e-03 -1.063442e+00 4.992420e-02 -2.152184e-03 9.987506e-01 3.933379e+01
9.980020e-01 5.271945e-04 -6.317931e-02 4.392684e+00 -3.256132e-04 9.999948e-01 3.200808e-03 -1.071398e+00 6.318058e-02 -3.173837e-03 9.979970e-01 3.973233e+01
9.998973e-01 7.914640e-04 -1.430562e-02 4.479802e+00 -7.831234e-04 9.999995e-01 5.882946e-04 -1.087304e+00 1.430598e-02 -5.770281e-04 9.998975e-01 4.031894e+01
9.987817e-01 2.355611e-04 -4.934556e-02 4.583944e+00 -1.188393e-04 9.999972e-01 2.368221e-03 -1.103000e+00 4.934589e-02 -2.359469e-03 9.987789e-01 4.086858e+01
9.997278e-01 1.000343e-03 -2.330730e-02 4.489276e+00 -9.732281e-04 9.999988e-01 1.174484e-03 -1.104438e+00 2.330836e-02 -1.151478e-03 9.997276e-01 4.102449e+01
9.990851e-01 1.467305e-04 -4.276414e-02 4.428412e+00 -6.227962e-05 9.999980e-01 1.976012e-03 -1.106127e+00 4.276427e-02 -1.971538e-03 9.990832e-01 4.113571e+01
9.999143e-01 8.403130e-04 -1.305922e-02 4.402983e+00 -8.310841e-04 9.999994e-01 7.117055e-04 -1.109251e+00 1.305973e-02 -7.007887e-04 9.999145e-01 4.126983e+01
9.994391e-01 -3.055839e-05 -3.348644e-02 4.395782e+00 8.000268e-05 9.999989e-01 1.475050e-03 -1.109606e+00 3.348629e-02 -1.476899e-03 9.994381e-01 4.118174e+01
9.999361e-01 3.440896e-04 1.129548e-02 4.512089e+00 -3.413652e-04 9.999999e-01 -2.426358e-04 -1.110415e+00 -1.129564e-02 2.387668e-04 9.999362e-01 4.089030e+01
9.999162e-01 -4.087010e-04 -1.293639e-02 4.450818e+00 4.190514e-04 9.999996e-01 7.969791e-04 -1.087707e+00 1.293598e-02 -8.023309e-04 9.999160e-01 3.950429e+01
9.999529e-01 1.204184e-04 9.695731e-03 4.249503e+00 -1.209311e-04 1.000000e+00 5.286881e-05 -1.051899e+00 -9.695798e-03 -5.403648e-05 9.999530e-01 3.756226e+01
9.999978e-01 -3.667611e-04 2.017555e-03 4.482020e+00 3.665233e-04 9.999999e-01 1.209704e-04 -1.043442e+00 -2.017674e-03 -1.202282e-04 9.999979e-01 3.652386e+01
9.999754e-01 2.292971e-04 6.999716e-03 4.738048e+00 -2.282243e-04 1.000000e+00 -1.532766e-04 -1.040702e+00 -6.999826e-03 1.516778e-04 9.999755e-01 3.582499e+01
9.999969e-01 -8.106399e-04 -2.320207e-03 4.327524e+00 8.132611e-04 9.999990e-01 1.126618e-03 -9.874576e-01 2.319216e-03 -1.128499e-03 9.999967e-01 3.323248e+01
9.999515e-01 8.095655e-05 9.843944e-03 4.031325e+00 -8.012221e-05 1.000000e+00 -8.457012e-05 -9.370157e-01 -9.844026e-03 8.377985e-05 9.999515e-01 3.060982e+01
9.999979e-01 -4.631618e-04 -1.958925e-03 3.867678e+00 4.648663e-04 9.999995e-01 8.668545e-04 -9.005021e-01 1.958446e-03 -8.677608e-04 9.999977e-01 2.859849e+01
9.999338e-01 9.635621e-05 1.150282e-02 3.730955e+00 -9.471822e-05 1.000000e+00 -1.424378e-04 -8.577473e-01 -1.150291e-02 1.413415e-04 9.999338e-01 2.617008e+01
9.999978e-01 -9.430156e-04 1.842792e-03 3.265602e+00 9.401445e-04 9.999983e-01 1.561418e-03 -7.832975e-01 -1.844338e-03 -1.559680e-03 9.999971e-01 2.242092e+01
9.999352e-01 1.731431e-04 1.137316e-02 2.958201e+00 -1.703802e-04 1.000000e+00 -2.433751e-04 -7.216705e-01 -1.137328e-02 2.414244e-04 9.999353e-01 1.913952e+01
9.999809e-01 -6.293301e-04 6.134310e-03 2.738540e+00 6.219072e-04 9.999991e-01 1.212867e-03 -6.692160e-01 -6.135147e-03 -1.209026e-03 9.999804e-01 1.631371e+01
9.999599e-01 -1.179735e-04 8.948329e-03 2.467423e+00 1.169630e-04 1.000000e+00 1.141437e-04 -6.098712e-01 -8.948422e-03 -1.130895e-04 9.999599e-01 1.311515e+01
9.999975e-01 -2.679430e-04 -2.183300e-03 2.485531e+00 2.692159e-04 9.999998e-01 5.799327e-04 -5.784416e-01 2.183064e-03 -5.805160e-04 9.999974e-01 1.105294e+01
9.998569e-01 5.542871e-05 1.691113e-02 2.424725e+00 -5.610405e-05 1.000000e+00 3.982887e-05 -5.356765e-01 -1.691121e-02 -4.076882e-05 9.998570e-01 8.511905e+00
9.999890e-01 -5.126015e-04 -4.638667e-03 2.332947e+00 5.168294e-04 9.999995e-01 9.089578e-04 -4.910265e-01 4.638116e-03 -9.113420e-04 9.999888e-01 5.870248e+00
9.999316e-01 -1.453854e-05 1.168731e-02 2.326754e+00 1.470640e-05 1.000000e+00 -1.373331e-05 -4.574427e-01 -1.168739e-02 1.390754e-05 9.999317e-01 3.711886e+00
9.999532e-01 -2.320401e-04 -9.661472e-03 2.264818e+00 2.378339e-04 9.999998e-01 5.978884e-04 -4.321956e-01 9.661248e-03 -6.001549e-04 9.999531e-01 2.186144e+00
9.999994e-01 2.725020e-04 9.734218e-04 2.205637e+00 -2.727324e-04 9.999999e-01 2.431214e-04 -4.130908e-01 -9.734377e-04 -2.433834e-04 9.999995e-01 1.008976e+00
9.997186e-01 -2.566655e-05 -2.371833e-02 2.175448e+00 5.217092e-05 9.999994e-01 1.116575e-03 -4.033103e-01 2.371821e-02 -1.117495e-03 9.997180e-01 3.561635e-01
9.997775e-01 -6.578563e-06 2.108859e-02 2.517743e+00 2.551420e-05 9.999996e-01 -8.973286e-04 -4.018979e-01 -2.108865e-02 8.976703e-04 9.997772e-01 -4.833670e-01
9.997655e-01 -2.031249e-04 -2.164884e-02 3.100138e+00 2.275134e-04 9.999993e-01 1.123795e-03 -4.033969e-01 2.164852e-02 -1.128454e-03 9.997650e-01 -1.648326e+00
9.997793e-01 -1.071847e-05 2.100567e-02 3.488713e+00 2.968918e-05 9.999996e-01 -9.024961e-04 -3.992334e-01 -2.100573e-02 9.029239e-04 9.997789e-01 -2.755718e+00
9.997843e-01 -2.739084e-04 -2.076172e-02 3.585444e+00 3.004822e-04 9.999991e-01 1.276521e-03 -3.816504e-01 2.076127e-02 -1.282481e-03 9.997836e-01 -4.110888e+00
9.997737e-01 -1.865807e-05 2.127007e-02 3.398372e+00 3.457361e-05 9.999997e-01 -7.475769e-04 -3.531952e-01 -2.127013e-02 7.481465e-04 9.997735e-01 -5.597979e+00
9.997956e-01 -3.573669e-04 -2.021245e-02 3.275882e+00 3.801146e-04 9.999993e-01 1.121274e-03 -3.291994e-01 2.021196e-02 -1.128724e-03 9.997951e-01 -6.920409e+00
9.997726e-01 1.066250e-05 2.132311e-02 3.086515e+00 3.551578e-06 9.999998e-01 -6.662478e-04 -3.017961e-01 -2.132319e-02 6.661754e-04 9.997724e-01 -8.332386e+00
9.997901e-01 -2.469748e-04 -2.048241e-02 2.781871e+00 2.738609e-04 9.999991e-01 1.309522e-03 -2.695626e-01 2.048199e-02 -1.314853e-03 9.997893e-01 -9.831734e+00
9.998509e-01 1.535021e-04 1.726209e-02 2.654641e+00 -1.378178e-04 9.999996e-01 -9.093807e-04 -2.547330e-01 -1.726230e-02 9.068696e-04 9.998506e-01 -1.057870e+01
9.996940e-01 3.028032e-05 -2.473293e-02 2.633294e+00 -1.723756e-06 9.999993e-01 1.154345e-03 -2.521749e-01 2.473287e-02 -1.153946e-03 9.996934e-01 -1.077761e+01
9.997989e-01 8.634726e-05 2.004967e-02 2.577295e+00 -6.709798e-05 9.999995e-01 -9.604060e-04 -2.459415e-01 -2.004982e-02 9.588710e-04 9.997985e-01 -1.113824e+01
9.997641e-01 -1.383388e-04 -2.171493e-02 2.490801e+00 1.626522e-04 9.999994e-01 1.117590e-03 -2.364221e-01 2.171469e-02 -1.120855e-03 9.997636e-01 -1.163730e+01
9.998118e-01 1.043387e-04 1.939781e-02 2.420339e+00 -8.570935e-05 9.999995e-01 -9.608575e-04 -2.280072e-01 -1.939798e-02 9.590174e-04 9.998114e-01 -1.209851e+01
9.997813e-01 -1.184973e-04 -2.090762e-02 2.283990e+00 1.435934e-04 9.999993e-01 1.198510e-03 -2.140017e-01 2.090738e-02 -1.201247e-03 9.997807e-01 -1.278681e+01
9.997970e-01 -8.935131e-05 2.014347e-02 2.086447e+00 1.052929e-04 9.999997e-01 -7.899965e-04 -1.931403e-01 -2.014348e-02 7.919605e-04 9.997968e-01 -1.377829e+01
9.997689e-01 3.855138e-05 -2.149237e-02 2.067524e+00 -2.126183e-05 9.999997e-01 8.043601e-04 -1.891594e-01 2.149231e-02 -8.037138e-04 9.997687e-01 -1.405435e+01
9.998247e-01 1.464745e-05 1.871760e-02 2.106065e+00 2.090214e-06 9.999996e-01 -8.938278e-04 -1.937878e-01 -1.871768e-02 8.937137e-04 9.998244e-01 -1.394897e+01
9.996922e-01 9.800231e-05 -2.480591e-02 2.154204e+00 -7.328035e-05 9.999995e-01 9.972469e-04 -2.018488e-01 2.480592e-02 -9.951188e-04 9.996918e-01 -1.368620e+01
9.997788e-01 -4.054993e-05 2.102939e-02 2.202904e+00 6.327663e-05 9.999994e-01 -1.079714e-03 -2.120799e-01 -2.102942e-02 1.080809e-03 9.997783e-01 -1.332829e+01
9.995985e-01 1.244318e-04 -2.833285e-02 2.245554e+00 -8.903691e-05 9.999992e-01 1.250269e-03 -2.224117e-01 2.833290e-02 -1.247241e-03 9.995977e-01 -1.295933e+01
9.997774e-01 4.504840e-06 2.109396e-02 2.289977e+00 1.804319e-05 9.999994e-01 -1.068410e-03 -2.310321e-01 -2.109403e-02 1.068556e-03 9.997769e-01 -1.266494e+01
9.996817e-01 7.036695e-05 -2.522643e-02 2.338613e+00 -4.533430e-05 9.999995e-01 9.926163e-04 -2.402805e-01 2.522641e-02 -9.911534e-04 9.996813e-01 -1.235115e+01
9.997562e-01 5.267022e-06 2.207879e-02 2.388588e+00 1.913998e-05 9.999994e-01 -1.104920e-03 -2.498851e-01 -2.207886e-02 1.105077e-03 9.997556e-01 -1.202212e+01
9.996705e-01 3.684173e-05 -2.566734e-02 2.440739e+00 -1.070610e-05 9.999995e-01 1.018114e-03 -2.597971e-01 2.566729e-02 -1.017500e-03 9.996700e-01 -1.168199e+01
9.997600e-01 4.888445e-05 2.190378e-02 2.498299e+00 -2.506401e-05 9.999994e-01 -1.087456e-03 -2.687431e-01 -2.190390e-02 1.086649e-03 9.997595e-01 -1.139441e+01
9.996817e-01 3.093647e-05 -2.522391e-02 2.556678e+00 -5.843721e-06 9.999995e-01 9.946010e-04 -2.774364e-01 2.522385e-02 -9.941338e-04 9.996813e-01 -1.111919e+01
9.997399e-01 7.225019e-05 2.280473e-02 2.618756e+00 -4.673296e-05 9.999994e-01 -1.119168e-03 -2.857976e-01 -2.280487e-02 1.117815e-03 9.997393e-01 -1.086176e+01
9.996612e-01 4.989660e-05 -2.602536e-02 2.673297e+00 -2.294920e-05 9.999995e-01 1.035463e-03 -2.928398e-01 2.602532e-02 -1.034512e-03 9.996607e-01 -1.065538e+01
9.997193e-01 5.525151e-05 2.369075e-02 2.730181e+00 -2.784273e-05 9.999993e-01 -1.156973e-03 -2.996517e-01 -2.369087e-02 1.155992e-03 9.997186e-01 -1.045961e+01
9.996554e-01 3.968149e-05 -2.624657e-02 2.767040e+00 -1.294127e-05 9.999995e-01 1.018717e-03 -3.058242e-01 2.624652e-02 -1.018023e-03 9.996550e-01 -1.026972e+01
9.997355e-01 5.402603e-05 2.299340e-02 2.817779e+00 -2.793903e-05 9.999994e-01 -1.134559e-03 -3.142505e-01 -2.299352e-02 1.133619e-03 9.997350e-01 -9.994838e+00
9.996789e-01 1.220293e-05 -2.533786e-02 2.876335e+00 1.258109e-05 9.999995e-01 9.777129e-04 -3.231252e-01 2.533778e-02 -9.777145e-04 9.996785e-01 -9.708236e+00
9.997494e-01 4.760051e-05 2.238179e-02 2.910616e+00 -2.209708e-05 9.999994e-01 -1.139406e-03 -3.322425e-01 -2.238190e-02 1.138630e-03 9.997488e-01 -9.380078e+00
9.996598e-01 -1.130730e-04 -2.607940e-02 2.909388e+00 1.402421e-04 9.999994e-01 1.039696e-03 -3.393919e-01 2.607919e-02 -1.042996e-03 9.996593e-01 -9.109413e+00
9.997962e-01 8.375173e-05 2.018406e-02 2.868964e+00 -6.510428e-05 9.999996e-01 -9.241787e-04 -3.438037e-01 -2.018420e-02 9.226794e-04 9.997958e-01 -8.920422e+00
9.996850e-01 -1.943336e-04 -2.509207e-02 2.816490e+00 2.201070e-04 9.999995e-01 1.024121e-03 -3.461083e-01 2.509178e-02 -1.029319e-03 9.996846e-01 -8.822732e+00
9.997344e-01 1.663823e-04 2.304385e-02 2.877013e+00 -1.376099e-04 9.999992e-01 -1.249869e-03 -3.563685e-01 -2.304411e-02 1.246369e-03 9.997337e-01 -8.495215e+00
9.997026e-01 -2.465568e-04 -2.438173e-02 2.973866e+00 2.722216e-04 9.999994e-01 1.049030e-03 -3.665599e-01 2.438138e-02 -1.055352e-03 9.997022e-01 -8.236749e+00
9.997248e-01 8.928709e-05 2.345410e-02 3.058545e+00 -6.162200e-05 9.999993e-01 -1.179961e-03 -3.739490e-01 -2.345426e-02 1.178194e-03 9.997242e-01 -8.105170e+00
9.997097e-01 -2.694713e-04 -2.408917e-02 3.185899e+00 2.939572e-04 9.999994e-01 1.012647e-03 -3.839859e-01 2.408881e-02 -1.019431e-03 9.997093e-01 -7.928488e+00
9.997264e-01 4.574765e-05 2.338848e-02 3.385204e+00 -1.698734e-05 9.999992e-01 -1.229573e-03 -3.973421e-01 -2.338859e-02 1.228842e-03 9.997257e-01 -7.729000e+00
9.997108e-01 -2.710953e-04 -2.404264e-02 3.614455e+00 2.957547e-04 9.999994e-01 1.021817e-03 -4.125462e-01 2.404228e-02 -1.028629e-03 9.997104e-01 -7.493594e+00
9.997029e-01 8.365973e-05 2.437039e-02 3.909392e+00 -5.245995e-05 9.999992e-01 -1.280578e-03 -4.305176e-01 -2.437055e-02 1.278923e-03 9.997022e-01 -7.232402e+00
9.997302e-01 -2.916235e-04 -2.322436e-02 4.217062e+00 3.148099e-04 9.999995e-01 9.944158e-04 -4.526984e-01 2.322398e-02 -1.001456e-03 9.997298e-01 -6.772017e+00
9.996979e-01 4.755146e-05 2.457526e-02 4.485763e+00 -1.494003e-05 9.999991e-01 -1.326895e-03 -4.773762e-01 -2.457537e-02 1.326130e-03 9.996971e-01 -6.123286e+00
9.997339e-01 -3.539635e-04 -2.306123e-02 4.775899e+00 3.767620e-04 9.999994e-01 9.839683e-04 -5.039050e-01 2.306079e-02 -9.923919e-04 9.997336e-01 -5.427969e+00
9.996881e-01 4.894471e-05 2.497198e-02 5.096896e+00 -1.540963e-05 9.999991e-01 -1.342813e-03 -5.314246e-01 -2.497210e-02 1.342012e-03 9.996872e-01 -4.736794e+00
9.996818e-01 -2.826519e-04 -2.521848e-02 5.408794e+00 3.094872e-04 9.999994e-01 1.059936e-03 -5.512284e-01 2.521809e-02 -1.067401e-03 9.996814e-01 -4.410129e+00
9.996975e-01 1.297390e-04 2.459060e-02 5.606140e+00 -9.890118e-05 9.999992e-01 -1.254968e-03 -5.666430e-01 -2.459082e-02 1.252160e-03 9.996968e-01 -4.096247e+00
9.996700e-01 -2.853789e-04 -2.568402e-02 5.716922e+00 3.111744e-04 9.999995e-01 1.000078e-03 -5.833341e-01 2.568364e-02 -1.007737e-03 9.996696e-01 -3.556523e+00
9.997103e-01 1.559565e-04 2.406389e-02 5.779929e+00 -1.262693e-04 9.999992e-01 -1.234896e-03 -6.002100e-01 -2.406414e-02 1.231503e-03 9.997096e-01 -2.929041e+00
9.996719e-01 -2.935984e-04 -2.560875e-02 5.839785e+00 3.198066e-04 9.999994e-01 1.019044e-03 -6.183947e-01 2.560836e-02 -1.026897e-03 9.996715e-01 -2.232767e+00
9.996989e-01 5.166325e-05 2.453521e-02 5.829910e+00 -2.598058e-05 9.999995e-01 -1.046792e-03 -6.168530e-01 -2.453533e-02 1.045842e-03 9.996984e-01 -2.417678e+00
9.997154e-01 -2.245064e-04 -2.385243e-02 5.633357e+00 2.587222e-04 9.999989e-01 1.431105e-03 -5.964746e-01 2.385201e-02 -1.436865e-03 9.997145e-01 -3.378194e+00
9.996851e-01 1.297656e-05 2.509106e-02 5.380725e+00 1.077672e-05 9.999996e-01 -9.462579e-04 -5.710430e-01 -2.509114e-02 9.462335e-04 9.996847e-01 -4.545927e+00
9.996891e-01 -1.604719e-04 -2.493069e-02 5.149207e+00 1.948230e-04 9.999990e-01 1.375157e-03 -5.498649e-01 2.493038e-02 -1.379583e-03 9.996882e-01 -5.494925e+00
9.997054e-01 4.291883e-05 2.426752e-02 4.957373e+00 -1.730823e-05 9.999994e-01 -1.055252e-03 -5.332113e-01 -2.426762e-02 1.054524e-03 9.997049e-01 -6.238849e+00
9.996857e-01 -1.957481e-04 -2.506393e-02 4.817323e+00 2.273430e-04 9.999992e-01 1.257444e-03 -5.205321e-01 2.506359e-02 -1.262744e-03 9.996850e-01 -6.827757e+00
9.997056e-01 7.169494e-05 2.425856e-02 4.646947e+00 -4.777419e-05 9.999995e-01 -9.863492e-04 -5.057319e-01 -2.425869e-02 9.849031e-04 9.997052e-01 -7.496510e+00
9.996819e-01 -1.642968e-04 -2.521577e-02 4.488600e+00 1.956998e-04 9.999992e-01 1.242624e-03 -4.920455e-01 2.521547e-02 -1.247160e-03 9.996812e-01 -8.118818e+00
9.996791e-01 1.710030e-05 2.532929e-02 4.276894e+00 4.820245e-06 9.999996e-01 -8.650687e-04 -4.721966e-01 -2.532937e-02 8.649164e-04 9.996788e-01 -9.020836e+00
9.997141e-01 -1.843186e-04 -2.390767e-02 4.045451e+00 2.160080e-04 9.999991e-01 1.322608e-03 -4.486390e-01 2.390733e-02 -1.327391e-03 9.997133e-01 -1.010825e+01
9.996516e-01 -3.184221e-05 2.639286e-02 3.895425e+00 5.522796e-05 9.999996e-01 -8.850515e-04 -4.284525e-01 -2.639290e-02 8.862040e-04 9.996512e-01 -1.113800e+01
9.997464e-01 -1.006144e-05 -2.251798e-02 3.732026e+00 3.810094e-05 9.999992e-01 1.244451e-03 -4.089663e-01 2.251787e-02 -1.244990e-03 9.997456e-01 -1.208190e+01
9.996764e-01 -8.029967e-05 2.543275e-02 3.526253e+00 1.009961e-04 9.999997e-01 -8.121903e-04 -3.863174e-01 -2.543276e-02 8.144995e-04 9.996762e-01 -1.314564e+01
9.997240e-01 -1.155640e-04 -2.348724e-02 3.260975e+00 1.473154e-04 9.999991e-01 1.349816e-03 -3.597230e-01 2.348699e-02 -1.352900e-03 9.997232e-01 -1.435540e+01
9.996596e-01 -4.185035e-05 2.608758e-02 3.065842e+00 6.528598e-05 9.999996e-01 -8.972025e-04 -3.380515e-01 -2.608761e-02 8.986036e-04 9.996592e-01 -1.538744e+01
9.996807e-01 -9.211534e-05 -2.526382e-02 2.929224e+00 1.219428e-04 9.999993e-01 1.178805e-03 -3.233703e-01 2.526362e-02 -1.181506e-03 9.996801e-01 -1.610043e+01
9.996840e-01 -2.436949e-05 2.513501e-02 2.732567e+00 4.572191e-05 9.999996e-01 -8.486314e-04 -3.056433e-01 -2.513505e-02 8.495159e-04 9.996837e-01 -1.690013e+01
9.997026e-01 -1.520163e-04 -2.438095e-02 2.444730e+00 1.858247e-04 9.999990e-01 1.384103e-03 -2.790510e-01 2.438064e-02 -1.388219e-03 9.997018e-01 -1.807898e+01
9.996999e-01 -4.313997e-05 2.449345e-02 2.208751e+00 6.687921e-05 9.999995e-01 -9.680753e-04 -2.579706e-01 -2.449347e-02 9.694263e-04 9.996995e-01 -1.901092e+01
9.996834e-01 -5.202254e-05 -2.515738e-02 2.043399e+00 8.321347e-05 9.999992e-01 1.238487e-03 -2.436884e-01 2.515722e-02 -1.240184e-03 9.996827e-01 -1.965543e+01
9.996765e-01 -9.315623e-05 2.542949e-02 1.841837e+00 1.156773e-04 9.999996e-01 -8.838551e-04 -2.247654e-01 -2.542948e-02 8.865142e-04 9.996762e-01 -2.051760e+01
9.997140e-01 1.656180e-05 -2.391034e-02 1.797712e+00 7.985668e-06 9.999995e-01 1.026233e-03 -2.177877e-01 2.391027e-02 -1.026127e-03 9.997136e-01 -2.094032e+01
9.996573e-01 -1.513226e-04 2.617487e-02 1.728101e+00 1.720457e-04 9.999997e-01 -7.891723e-04 -2.046164e-01 -2.617481e-02 7.934086e-04 9.996570e-01 -2.167189e+01
9.997620e-01 -2.560356e-04 -2.180948e-02 1.299254e+00 2.912673e-04 9.999987e-01 1.611920e-03 -1.596988e-01 2.180896e-02 -1.617885e-03 9.997608e-01 -2.370726e+01
9.997333e-01 -5.619890e-05 2.308984e-02 1.047658e+00 8.273917e-05 9.999993e-01 -1.148140e-03 -1.347101e-01 -2.308984e-02 1.149748e-03 9.997327e-01 -2.484568e+01
9.997554e-01 -2.083904e-04 -2.211298e-02 8.237531e-01 2.423547e-04 9.999988e-01 1.532925e-03 -1.124197e-01 2.211256e-02 -1.537905e-03 9.997543e-01 -2.586995e+01
9.997459e-01 4.250847e-05 2.253937e-02 7.062346e-01 -1.297845e-05 9.999991e-01 -1.309945e-03 -9.879034e-02 -2.253948e-02 1.309323e-03 9.997451e-01 -2.655393e+01
9.997851e-01 -1.476408e-04 -2.072710e-02 5.981934e-01 1.802001e-04 9.999988e-01 1.568621e-03 -8.363799e-02 2.072677e-02 -1.572016e-03 9.997839e-01 -2.733946e+01
9.997261e-01 -1.004556e-04 2.339790e-02 4.084983e-01 1.266147e-04 9.999994e-01 -1.116191e-03 -5.891649e-02 -2.339785e-02 1.118852e-03 9.997256e-01 -2.856722e+01
9.997803e-01 -1.288768e-04 -2.095521e-02 1.825894e-01 1.629421e-04 9.999987e-01 1.623546e-03 -3.306800e-02 2.095490e-02 -1.626600e-03 9.997791e-01 -2.979877e+01
9.996660e-01 -1.439213e-05 2.584200e-02 -7.348281e-02 4.306479e-05 9.999994e-01 -1.108669e-03 -3.619119e-03 -2.584204e-02 1.109415e-03 9.996654e-01 -3.117801e+01
9.997346e-01 -2.438191e-04 -2.303342e-02 -3.126463e-01 2.813309e-04 9.999986e-01 1.625012e-03 2.333116e-02 2.303292e-02 -1.631057e-03 9.997334e-01 -3.245008e+01
9.996566e-01 1.226822e-06 2.620031e-02 -5.638321e-01 2.753964e-05 9.999994e-01 -1.097272e-03 5.217550e-02 -2.620037e-02 1.097621e-03 9.996561e-01 -3.381807e+01
9.997420e-01 -2.931776e-04 -2.271054e-02 -8.614974e-01 3.331857e-04 9.999984e-01 1.757539e-03 8.532255e-02 2.270991e-02 -1.764649e-03 9.997405e-01 -3.536400e+01
9.996137e-01 -4.823260e-05 2.778959e-02 -1.175974e+00 7.734228e-05 9.999994e-01 -1.046133e-03 1.232249e-01 -2.778960e-02 1.047882e-03 9.996132e-01 -3.716488e+01
9.997376e-01 -3.815671e-04 -2.290038e-02 -1.467121e+00 4.223659e-04 9.999983e-01 1.776413e-03 1.612408e-01 2.289959e-02 -1.785615e-03 9.997362e-01 -3.901790e+01
9.996267e-01 5.755240e-05 2.731869e-02 -1.630807e+00 -2.537314e-05 9.999993e-01 -1.177961e-03 1.901892e-01 -2.731881e-02 1.176832e-03 9.996261e-01 -4.056259e+01
9.997370e-01 -2.290870e-04 -2.292644e-02 -1.737956e+00 2.662792e-04 9.999987e-01 1.618843e-03 2.127344e-01 2.292596e-02 -1.624518e-03 9.997358e-01 -4.181305e+01
9.996529e-01 -1.345001e-04 2.634340e-02 -1.782072e+00 1.636203e-04 9.999994e-01 -1.102936e-03 2.387270e-01 -2.634331e-02 1.106868e-03 9.996523e-01 -4.341056e+01
9.997438e-01 -2.290530e-04 -2.262874e-02 -1.884020e+00 2.674481e-04 9.999985e-01 1.693368e-03 2.659848e-01 2.262824e-02 -1.698982e-03 9.997425e-01 -4.497121e+01
9.995498e-01 1.671811e-05 2.999938e-02 -2.176555e+00 1.504467e-05 9.999994e-01 -1.058272e-03 3.024798e-01 -2.999946e-02 1.058251e-03 9.995493e-01 -4.670521e+01
9.997255e-01 -3.383489e-04 -2.342122e-02 -2.421867e+00 3.801578e-04 9.999983e-01 1.780302e-03 3.410135e-01 2.342050e-02 -1.788713e-03 9.997241e-01 -4.867151e+01
9.996254e-01 2.591182e-05 2.736666e-02 -2.561377e+00 6.716883e-06 9.999993e-01 -1.191873e-03 3.680744e-01 -2.736675e-02 1.191615e-03 9.996247e-01 -5.014467e+01
9.997487e-01 -3.315968e-04 -2.241018e-02 -2.674256e+00 3.717407e-04 9.999983e-01 1.786807e-03 3.979359e-01 2.240947e-02 -1.794685e-03 9.997472e-01 -5.184044e+01
9.996564e-01 -1.812987e-04 2.620703e-02 -2.732275e+00 2.125113e-04 9.999993e-01 -1.187889e-03 4.309758e-01 -2.620688e-02 1.193055e-03 9.996558e-01 -5.383823e+01
9.996980e-01 -1.780295e-04 -2.457166e-02 -2.775654e+00 2.174414e-04 9.999987e-01 1.600952e-03 4.527338e-01 2.457127e-02 -1.605807e-03 9.996968e-01 -5.516836e+01
9.996580e-01 -1.072249e-05 2.614850e-02 -2.757046e+00 4.748741e-05 9.999990e-01 -1.405049e-03 4.640247e-01 -2.614854e-02 1.405814e-03 9.996571e-01 -5.597483e+01
9.996802e-01 -2.209683e-04 -2.528611e-02 -2.710437e+00 2.630277e-04 9.999986e-01 1.659687e-03 4.740875e-01 2.528562e-02 -1.665802e-03 9.996789e-01 -5.676791e+01
9.996520e-01 8.166913e-05 2.637584e-02 -2.826826e+00 -4.487181e-05 9.999990e-01 -1.395369e-03 4.891312e-01 -2.637601e-02 1.393705e-03 9.996511e-01 -5.753560e+01
9.997428e-01 -2.729512e-04 -2.267511e-02 -3.035178e+00 3.149446e-04 9.999982e-01 1.848027e-03 5.153726e-01 2.267449e-02 -1.854689e-03 9.997412e-01 -5.881290e+01
9.996303e-01 1.693690e-04 2.718435e-02 -3.053440e+00 -1.271587e-04 9.999988e-01 -1.554136e-03 5.288841e-01 -2.718466e-02 1.550109e-03 9.996292e-01 -5.966452e+01
9.998100e-01 -4.529972e-04 -1.948518e-02 -3.384784e+00 4.967451e-04 9.999974e-01 2.239964e-03 5.699753e-01 1.948403e-02 -2.249213e-03 9.998076e-01 -6.160781e+01
9.997522e-01 1.538434e-04 2.225762e-02 -3.568202e+00 -1.137219e-04 9.999984e-01 -1.803446e-03 5.917589e-01 -2.225794e-02 1.800473e-03 9.997506e-01 -6.267141e+01
9.997811e-01 -2.006805e-04 -2.091767e-02 -3.576371e+00 2.395850e-04 9.999982e-01 1.856984e-03 5.953551e-01 2.091718e-02 -1.861584e-03 9.997795e-01 -6.294591e+01
9.996598e-01 2.705411e-04 2.607825e-02 -3.580200e+00 -2.227568e-04 9.999983e-01 -1.834885e-03 6.024796e-01 -2.607879e-02 1.828456e-03 9.996582e-01 -6.340451e+01
9.998015e-01 -2.833202e-04 -1.991844e-02 -3.595587e+00 3.231341e-04 9.999980e-01 1.995219e-03 6.129006e-01 1.991776e-02 -2.001255e-03 9.997996e-01 -6.404203e+01
9.997337e-01 2.227305e-04 2.307057e-02 -3.590156e+00 -1.787566e-04 9.999982e-01 -1.907717e-03 6.182635e-01 -2.307104e-02 1.903090e-03 9.997320e-01 -6.443462e+01
9.997735e-01 -3.183055e-04 -2.127426e-02 -3.574027e+00 3.594020e-04 9.999981e-01 1.927546e-03 6.204275e-01 2.127352e-02 -1.934751e-03 9.997718e-01 -6.467159e+01
9.997582e-01 1.816566e-04 2.198673e-02 -3.697946e+00 -1.429806e-04 9.999984e-01 -1.760217e-03 6.326600e-01 -2.198709e-02 1.756652e-03 9.997567e-01 -6.524486e+01
9.998021e-01 -4.379892e-04 -1.988324e-02 -3.984970e+00 4.822394e-04 9.999974e-01 2.220322e-03 6.587741e-01 1.988213e-02 -2.229467e-03 9.997998e-01 -6.637708e+01
9.997329e-01 9.015350e-05 2.310839e-02 -4.409288e+00 -5.512933e-05 9.999988e-01 -1.515888e-03 6.969734e-01 -2.310859e-02 1.514214e-03 9.997318e-01 -6.800404e+01
9.998388e-01 -5.516842e-04 -1.794010e-02 -5.000306e+00 5.973610e-04 9.999966e-01 2.540320e-03 7.505750e-01 1.793855e-02 -2.550623e-03 9.998358e-01 -7.026928e+01
9.996899e-01 -7.295567e-05 2.489943e-02 -5.671809e+00 1.060623e-04 9.999991e-01 -1.327928e-03 8.132616e-01 -2.489939e-02 1.330162e-03 9.996891e-01 -7.293760e+01
9.998295e-01 -4.075196e-04 -1.845710e-02 -6.263870e+00 4.524250e-04 9.999969e-01 2.428361e-03 8.684308e-01 1.845597e-02 -2.436293e-03 9.998267e-01 -7.528540e+01
9.996629e-01 -9.011523e-05 2.596106e-02 -6.845499e+00 1.248947e-04 9.999991e-01 -1.337700e-03 9.253369e-01 -2.596100e-02 1.340496e-03 9.996620e-01 -7.775460e+01
9.998708e-01 -3.345267e-04 -1.606419e-02 -7.471823e+00 3.751964e-04 9.999967e-01 2.528180e-03 9.871744e-01 1.606321e-02 -2.533876e-03 9.998677e-01 -8.042126e+01
9.996917e-01 -2.997508e-04 2.482551e-02 -8.174740e+00 3.295510e-04 9.999992e-01 -1.195921e-03 1.054643e+00 -2.482522e-02 1.203738e-03 9.996911e-01 -8.331398e+01
9.998669e-01 -3.553185e-04 -1.630842e-02 -8.923614e+00 3.976047e-04 9.999966e-01 2.589160e-03 1.125119e+00 1.630736e-02 -2.595295e-03 9.998636e-01 -8.631120e+01
9.996940e-01 -4.282295e-04 2.472860e-02 -9.755951e+00 4.555878e-04 9.999993e-01 -1.100330e-03 1.201792e+00 -2.472820e-02 1.111264e-03 9.996936e-01 -8.954443e+01
9.998614e-01 -3.266170e-04 -1.664263e-02 -1.057403e+01 3.696635e-04 9.999966e-01 2.582940e-03 1.277914e+00 1.664164e-02 -2.588729e-03 9.998581e-01 -9.277347e+01
9.997044e-01 -4.656596e-04 2.430655e-02 -1.132263e+01 4.950601e-04 9.999992e-01 -1.203158e-03 1.349215e+00 -2.430605e-02 1.214841e-03 9.997038e-01 -9.583425e+01
9.998205e-01 -1.693990e-04 -1.894217e-02 -1.181839e+01 2.114686e-04 9.999975e-01 2.218456e-03 1.402278e+00 1.894166e-02 -2.222058e-03 9.998181e-01 -9.824701e+01
9.997290e-01 -3.859708e-04 2.327250e-02 -1.214657e+01 4.194984e-04 9.999989e-01 -1.435358e-03 1.445611e+00 -2.327201e-02 1.444737e-03 9.997281e-01 -1.003735e+02
9.997978e-01 -6.766861e-05 -2.010426e-02 -1.232612e+01 1.089673e-04 9.999979e-01 2.052652e-03 1.477610e+00 2.010399e-02 -2.054422e-03 9.997958e-01 -1.020745e+02
9.997426e-01 -3.503882e-04 2.267960e-02 -1.255288e+01 3.851003e-04 9.999988e-01 -1.525746e-03 1.508112e+00 -2.267913e-02 1.534093e-03 9.997416e-01 -1.035985e+02
9.998215e-01 -2.005466e-04 -1.888993e-02 -1.295454e+01 2.440142e-04 9.999973e-01 2.298298e-03 1.553451e+00 1.888933e-02 -2.302491e-03 9.998189e-01 -1.057159e+02
9.997108e-01 -5.407887e-04 2.403759e-02 -1.345586e+01 5.729840e-04 9.999989e-01 -1.332078e-03 1.608487e+00 -2.403693e-02 1.345472e-03 9.997101e-01 -1.082425e+02
9.998498e-01 -3.681018e-04 -1.732202e-02 -1.400234e+01 4.109648e-04 9.999969e-01 2.470404e-03 1.671615e+00 1.732097e-02 -2.477146e-03 9.998469e-01 -1.111768e+02
9.997060e-01 -5.704171e-04 2.423729e-02 -1.466277e+01 5.998181e-04 9.999991e-01 -1.205363e-03 1.741755e+00 -2.423667e-02 1.219553e-03 9.997055e-01 -1.143385e+02
9.998751e-01 -5.329340e-04 -1.578861e-02 -1.544306e+01 5.757471e-04 9.999962e-01 2.706569e-03 1.822694e+00 1.578702e-02 -2.715315e-03 9.998717e-01 -1.179383e+02
9.997644e-01 -3.517502e-04 2.169921e-02 -1.602424e+01 3.867767e-04 9.999986e-01 -1.609512e-03 1.882884e+00 -2.169870e-02 1.617532e-03 9.997632e-01 -1.206283e+02
9.998426e-01 -2.422525e-04 -1.773410e-02 -1.651317e+01 2.867608e-04 9.999968e-01 2.506670e-03 1.931818e+00 1.773335e-02 -2.511354e-03 9.998396e-01 -1.228047e+02
9.997695e-01 -3.615946e-04 2.146534e-02 -1.695872e+01 3.975415e-04 9.999985e-01 -1.669901e-03 1.978361e+00 -2.146479e-02 1.678057e-03 9.997682e-01 -1.249144e+02
9.998485e-01 -2.205506e-04 -1.740115e-02 -1.741519e+01 2.650351e-04 9.999967e-01 2.553541e-03 2.026140e+00 1.740044e-02 -2.557760e-03 9.998453e-01 -1.270789e+02
9.997501e-01 -5.150540e-04 2.234697e-02 -1.791845e+01 5.503688e-04 9.999986e-01 -1.573680e-03 2.080401e+00 -2.234622e-02 1.585593e-03 9.997490e-01 -1.295552e+02
9.998760e-01 -3.768604e-04 -1.574086e-02 -1.857519e+01 4.210439e-04 9.999960e-01 2.803027e-03 2.150275e+00 1.573965e-02 -2.809300e-03 9.998721e-01 -1.327110e+02
9.997200e-01 -7.596282e-04 2.364576e-02 -1.932428e+01 7.928716e-04 9.999987e-01 -1.396074e-03 2.227719e+00 -2.364476e-02 1.414439e-03 9.997194e-01 -1.361535e+02
9.998597e-01 -2.947517e-04 -1.674196e-02 -1.996499e+01 3.383281e-04 9.999966e-01 2.599398e-03 2.295930e+00 1.674104e-02 -2.604690e-03 9.998564e-01 -1.392246e+02
9.997587e-01 -5.380049e-04 2.195787e-02 -2.051945e+01 5.725800e-04 9.999986e-01 -1.567832e-03 2.355488e+00 -2.195709e-02 1.580033e-03 9.997576e-01 -1.419331e+02
9.998995e-01 -4.577347e-04 -1.416283e-02 -2.128556e+01 5.004525e-04 9.999953e-01 3.012002e-03 2.433616e+00 1.416129e-02 -3.018780e-03 9.998951e-01 -1.453908e+02
9.997435e-01 -7.177239e-04 2.263383e-02 -2.202555e+01 7.538575e-04 9.999985e-01 -1.587433e-03 2.513433e+00 -2.263274e-02 1.604096e-03 9.997425e-01 -1.489953e+02
9.998756e-01 -3.221197e-04 -1.576580e-02 -2.254556e+01 3.644138e-04 9.999963e-01 2.679123e-03 2.573999e+00 1.576479e-02 -2.684528e-03 9.998721e-01 -1.518104e+02
9.998209e-01 -1.699381e-04 1.892085e-02 -2.285718e+01 2.094051e-04 9.999978e-01 -2.083313e-03 2.609295e+00 -1.892054e-02 2.086910e-03 9.998188e-01 -1.534701e+02
9.998878e-01 -3.532386e-04 -1.497161e-02 -2.315843e+01 3.945761e-04 9.999961e-01 2.757425e-03 2.648666e+00 1.497049e-02 -2.763016e-03 9.998841e-01 -1.553994e+02
9.997813e-01 -4.588622e-04 2.090624e-02 -2.356229e+01 4.969336e-04 9.999982e-01 -1.815325e-03 2.700260e+00 -2.090546e-02 1.825324e-03 9.997798e-01 -1.578838e+02
9.998406e-01 4.120668e-06 -1.784867e-02 -2.384137e+01 3.899150e-05 9.999971e-01 2.414426e-03 2.734208e+00 1.784854e-02 -2.414729e-03 9.998378e-01 -1.595206e+02
9.998055e-01 -4.278409e-04 1.971640e-02 -2.392512e+01 4.669520e-04 9.999979e-01 -1.978512e-03 2.760154e+00 -1.971561e-02 1.987342e-03 9.998036e-01 -1.610438e+02
9.998836e-01 -2.904236e-04 -1.525309e-02 -2.427294e+01 3.323654e-04 9.999962e-01 2.746491e-03 2.808865e+00 1.525215e-02 -2.751232e-03 9.998799e-01 -1.634670e+02
9.997899e-01 -5.006782e-04 2.048679e-02 -2.464541e+01 5.395635e-04 9.999981e-01 -1.891986e-03 2.858437e+00 -2.048590e-02 1.902651e-03 9.997883e-01 -1.658888e+02
9.998770e-01 -2.224892e-04 -1.567576e-02 -2.512359e+01 2.667444e-04 9.999960e-01 2.820369e-03 2.909919e+00 1.567497e-02 -2.824195e-03 9.998731e-01 -1.682358e+02
9.998177e-01 -3.885274e-04 1.908820e-02 -2.547881e+01 4.287828e-04 9.999977e-01 -2.104222e-03 2.951059e+00 -1.908744e-02 2.112031e-03 9.998156e-01 -1.701766e+02
9.998644e-01 -4.193429e-05 -1.646338e-02 -2.579997e+01 8.753239e-05 9.999962e-01 2.768227e-03 2.987714e+00 1.646311e-02 -2.769284e-03 9.998606e-01 -1.719086e+02
9.998084e-01 -4.356803e-04 1.956480e-02 -2.608317e+01 4.771025e-04 9.999977e-01 -2.111926e-03 3.024489e+00 -1.956392e-02 2.120864e-03 9.998063e-01 -1.737170e+02
9.998556e-01 7.798071e-06 -1.699233e-02 -2.629099e+01 3.762045e-05 9.999964e-01 2.671851e-03 3.056542e+00 1.699219e-02 -2.672096e-03 9.998520e-01 -1.753741e+02
9.998137e-01 -4.577715e-04 1.929183e-02 -2.656541e+01 4.980849e-04 9.999977e-01 -2.084259e-03 3.090258e+00 -1.929092e-02 2.093488e-03 9.998117e-01 -1.770111e+02
9.998600e-01 1.009515e-04 -1.672551e-02 -2.685745e+01 -5.537833e-05 9.999963e-01 2.724481e-03 3.123036e+00 1.672563e-02 -2.723165e-03 9.998564e-01 -1.785547e+02
9.998186e-01 -3.726257e-04 1.904001e-02 -2.711672e+01 4.136185e-04 9.999976e-01 -2.148427e-03 3.152866e+00 -1.903926e-02 2.155921e-03 9.998164e-01 -1.799783e+02
