9.996304e-01 -3.554858e-04 2.718384e-02 5.377870e-02 3.894547e-04 9.999992e-01 -1.244315e-03 -1.449665e-02 -2.718338e-02 1.254442e-03 9.996296e-01 6.455167e-01
9.999604e-01 -3.546341e-04 8.891032e-03 1.064275e-01 3.575581e-04 9.999999e-01 -3.272845e-04 -2.537226e-02 -8.890909e-03 3.304508e-04 9.999603e-01 1.133294e+00
9.998019e-01 -1.060885e-04 1.990111e-02 1.690135e-01 1.260347e-04 9.999995e-01 -1.001012e-03 -3.896152e-02 -1.990099e-02 1.003322e-03 9.998014e-01 1.717864e+00
9.998902e-01 -4.484602e-04 1.480969e-02 2.344668e-01 4.562906e-04 9.999998e-01 -5.253590e-04 -5.299471e-02 -1.480944e-02 5.320588e-04 9.998901e-01 2.329799e+00
9.998095e-01 -1.141680e-04 1.951732e-02 2.958510e-01 1.335272e-04 9.999995e-01 -9.905943e-04 -6.633339e-02 -1.951718e-02 9.930115e-04 9.998089e-01 2.913717e+00
9.997419e-01 -5.870580e-04 2.271249e-02 3.626557e-01 6.068530e-04 9.999994e-01 -8.646610e-04 -8.024922e-02 -2.271195e-02 8.782205e-04 9.997416e-01 3.539565e+00
9.998383e-01 -1.913314e-04 1.797988e-02 4.144014e-01 2.087099e-04 9.999995e-01 -9.646737e-04 -9.147204e-02 -1.797966e-02 9.682697e-04 9.998378e-01 4.057282e+00
9.997815e-01 -5.323309e-04 2.089760e-02 4.730673e-01 5.474614e-04 9.999996e-01 -7.183117e-04 -1.031820e-01 -2.089719e-02 7.295946e-04 9.997813e-01 4.581535e+00
9.997829e-01 -2.804336e-04 2.083323e-02 5.310655e-01 3.031645e-04 9.999994e-01 -1.087932e-03 -1.144631e-01 -2.083288e-02 1.094011e-03 9.997823e-01 5.092654e+00
9.997344e-01 -5.804580e-04 2.303667e-02 5.810752e-01 5.997518e-04 9.999995e-01 -8.306185e-04 -1.249386e-01 -2.303614e-02 8.442131e-04 9.997342e-01 5.587228e+00
9.997044e-01 -3.833085e-04 2.431010e-02 6.250925e-01 4.141156e-04 9.999991e-01 -1.262225e-03 -1.348419e-01 -2.430955e-02 1.271917e-03 9.997036e-01 6.076403e+00
9.999176e-01 -1.683997e-04 1.283539e-02 6.925887e-01 1.746010e-04 9.999999e-01 -4.819933e-04 -1.494035e-01 -1.283526e-02 4.841931e-04 9.999174e-01 6.718172e+00
9.997158e-01 -3.991594e-04 2.383700e-02 7.575079e-01 4.276165e-04 9.999992e-01 -1.188717e-03 -1.635926e-01 -2.383646e-02 1.198570e-03 9.997151e-01 7.354707e+00
9.997567e-01 -5.097078e-04 2.204987e-02 7.965891e-01 5.291017e-04 9.999995e-01 -8.737015e-04 -1.731804e-01 -2.204936e-02 8.851536e-04 9.997564e-01 7.832102e+00
9.997373e-01 -4.146206e-04 2.291673e-02 8.347844e-01 4.409038e-04 9.999993e-01 -1.141831e-03 -1.823624e-01 -2.291618e-02 1.151633e-03 9.997366e-01 8.289138e+00
9.999999e-01 3.929234e-04 2.554242e-04 8.976312e-01 -3.928910e-04 9.999999e-01 -1.241736e-04 -2.013560e-01 -2.554162e-04 1.240710e-04 9.999999e-01 9.136535e+00
9.997943e-01 -4.347837e-04 2.027699e-02 9.655176e-01 4.544281e-04 9.999994e-01 -9.641695e-04 -2.206984e-01 -2.027650e-02 9.731832e-04 9.997938e-01 9.998044e+00
9.997846e-01 -3.053104e-04 2.075193e-02 1.026977e+00 3.231837e-04 9.999996e-01 -8.578951e-04 -2.328795e-01 -2.075160e-02 8.644144e-04 9.997842e-01 1.054614e+01
9.998643e-01 -3.078953e-04 1.647089e-02 1.098140e+00 3.214871e-04 9.999996e-01 -8.224999e-04 -2.466587e-01 -1.647057e-02 8.276807e-04 9.998639e-01 1.114158e+01
9.997994e-01 -3.762939e-04 2.002307e-02 1.145428e+00 3.928489e-04 9.999996e-01 -8.228190e-04 -2.574863e-01 -2.002269e-02 8.305172e-04 9.997991e-01 1.164285e+01
9.997933e-01 -4.820599e-04 2.032686e-02 1.174888e+00 5.025050e-04 9.999994e-01 -1.000664e-03 -2.653853e-01 -2.032629e-02 1.010668e-03 9.997928e-01 1.204633e+01
9.999921e-01 2.967066e-04 3.957216e-03 1.239716e+00 -2.954484e-04 9.999999e-01 -3.181995e-04 -2.817711e-01 -3.957238e-03 3.170247e-04 9.999920e-01 1.276371e+01
9.999872e-01 -4.747208e-06 5.052592e-03 1.284334e+00 6.843049e-06 9.999999e-01 -4.145219e-04 -3.019957e-01 -5.052517e-03 4.145481e-04 9.999871e-01 1.369724e+01
9.999786e-01 1.698688e-04 6.537646e-03 1.356813e+00 -1.673037e-04 9.999999e-01 -3.926971e-04 -3.214521e-01 -6.537639e-03 3.915918e-04 9.999785e-01 1.454018e+01
9.999916e-01 9.502116e-05 4.101624e-03 1.425229e+00 -9.332879e-05 9.999999e-01 -4.124514e-04 -3.417791e-01 -4.101588e-03 4.120619e-04 9.999914e-01 1.543655e+01
9.999945e-01 2.527190e-04 3.303915e-03 1.482951e+00 -2.517650e-04 9.999999e-01 -2.887046e-04 -3.625745e-01 -3.303913e-03 2.878679e-04 9.999944e-01 1.637308e+01
9.999865e-01 -2.188364e-05 5.184642e-03 1.543077e+00 2.402178e-05 9.999999e-01 -4.120483e-04 -3.812367e-01 -5.184558e-03 4.121640e-04 9.999864e-01 1.719673e+01
9.999620e-01 1.977259e-04 8.712055e-03 1.610164e+00 -1.933695e-04 9.999999e-01 -5.006997e-04 -4.009418e-01 -8.712076e-03 4.989927e-04 9.999618e-01 1.806409e+01
9.999989e-01 2.509295e-04 -1.434525e-03 1.652824e+00 -2.512367e-04 9.999999e-01 -2.151139e-04 -4.236726e-01 1.434548e-03 2.154706e-04 9.999989e-01 1.913065e+01
9.999926e-01 2.799013e-04 3.841764e-03 1.666582e+00 -2.787451e-04 9.999999e-01 -3.010586e-04 -4.465468e-01 -3.841771e-03 2.999820e-04 9.999925e-01 2.025509e+01
9.999962e-01 2.632561e-04 -2.736704e-03 1.676561e+00 -2.637635e-04 9.999999e-01 -1.856540e-04 -4.703243e-01 2.736732e-03 1.863717e-04 9.999962e-01 2.142829e+01
9.999723e-01 1.616930e-04 7.442836e-03 1.714541e+00 -1.587149e-04 9.999999e-01 -4.004946e-04 -4.913515e-01 -7.442823e-03 3.992988e-04 9.999721e-01 2.241185e+01
9.999943e-01 2.984747e-04 -3.359261e-03 1.739085e+00 -2.990355e-04 9.999999e-01 -1.669276e-04 -5.130074e-01 3.359289e-03 1.679277e-04 9.999943e-01 2.345206e+01
9.999868e-01 1.984704e-04 5.121234e-03 1.746933e+00 -1.968875e-04 9.999999e-01 -3.092673e-04 -5.348992e-01 -5.121217e-03 3.082514e-04 9.999868e-01 2.453236e+01
9.999919e-01 2.445043e-04 -4.011923e-03 1.769656e+00 -2.449314e-04 1.000000e+00 -1.064016e-04 -5.559452e-01 4.011974e-03 1.073799e-04 9.999919e-01 2.554189e+01
9.999919e-01 2.092096e-04 4.015172e-03 1.778940e+00 -2.081135e-04 9.999999e-01 -2.729920e-04 -5.772076e-01 -4.015151e-03 2.721506e-04 9.999918e-01 2.658522e+01
9.999924e-01 2.316842e-04 -3.893373e-03 1.776057e+00 -2.321299e-04 1.000000e+00 -1.144746e-04 -5.975771e-01 3.893424e-03 1.153739e-04 9.999923e-01 2.760185e+01
9.999899e-01 1.473828e-04 4.499048e-03 1.764487e+00 -1.462043e-04 1.000000e+00 -2.618964e-04 -6.151034e-01 -4.499009e-03 2.612324e-04 9.999898e-01 2.848363e+01
9.999922e-01 2.543170e-04 -3.943946e-03 1.756689e+00 -2.547784e-04 1.000000e+00 -1.169276e-04 -6.336240e-01 3.943993e-03 1.179279e-04 9.999921e-01 2.941497e+01
9.999868e-01 2.159447e-04 5.130875e-03 1.758613e+00 -2.143358e-04 9.999999e-01 -3.137894e-04 -6.546672e-01 -5.130865e-03 3.126819e-04 9.999867e-01 3.046568e+01
9.999871e-01 3.033653e-04 -5.066900e-03 1.750008e+00 -3.039674e-04 9.999999e-01 -1.183894e-04 -6.773113e-01 5.066941e-03 1.199244e-04 9.999871e-01 3.161370e+01
9.999853e-01 2.919024e-04 5.414844e-03 1.735528e+00 -2.898687e-04 9.999999e-01 -3.760440e-04 -7.018332e-01 -5.414875e-03 3.744653e-04 9.999852e-01 3.286879e+01
9.999852e-01 3.530337e-04 -5.416889e-03 1.720340e+00 -3.537365e-04 9.999999e-01 -1.291101e-04 -7.279482e-01 5.416921e-03 1.310207e-04 9.999852e-01 3.421150e+01
9.999831e-01 2.534563e-04 5.808499e-03 1.704795e+00 -2.513096e-04 9.999999e-01 -3.700080e-04 -7.525531e-01 -5.808514e-03 3.685383e-04 9.999830e-01 3.547303e+01
9.999871e-01 2.572495e-04 -5.067693e-03 1.682172e+00 -2.576944e-04 1.000000e+00 -8.749839e-05 -7.731352e-01 5.067749e-03 8.879950e-05 9.999871e-01 3.653563e+01
9.999820e-01 1.924572e-04 5.998816e-03 1.670212e+00 -1.904619e-04 9.999999e-01 -3.328905e-04 -7.924863e-01 -5.998802e-03 3.317383e-04 9.999819e-01 3.751861e+01
9.999879e-01 2.736957e-04 -4.910190e-03 1.677645e+00 -2.742222e-04 1.000000e+00 -1.069189e-04 -8.136170e-01 4.910238e-03 1.082604e-04 9.999879e-01 3.855524e+01
9.999823e-01 2.810198e-04 5.939544e-03 1.691861e+00 -2.787875e-04 9.999999e-01 -3.763599e-04 -8.376479e-01 -5.939571e-03 3.746936e-04 9.999822e-01 3.973772e+01
9.999955e-01 3.065767e-04 -2.978605e-03 1.721527e+00 -3.071252e-04 9.999999e-01 -1.842984e-04 -8.627710e-01 2.978627e-03 1.852087e-04 9.999955e-01 4.095233e+01
9.999777e-01 8.848035e-05 6.674381e-03 1.810448e+00 -8.600987e-05 9.999999e-01 -3.701573e-04 -8.853583e-01 -6.674335e-03 3.695712e-04 9.999776e-01 4.191504e+01
9.999989e-01 3.724030e-04 -1.412447e-03 1.887935e+00 -3.727876e-04 9.999999e-01 -2.733916e-04 -9.084123e-01 1.412424e-03 2.739141e-04 9.999989e-01 4.293487e+01
9.999575e-01 7.072571e-05 9.214017e-03 1.947584e+00 -6.658549e-05 9.999999e-01 -4.494418e-04 -9.311116e-01 -9.213968e-03 4.488054e-04 9.999574e-01 4.397285e+01
9.999990e-01 3.006692e-04 1.354962e-03 2.009999e+00 -3.001516e-04 9.999999e-01 -3.807535e-04 -9.539886e-01 -1.354996e-03 3.803426e-04 9.999989e-01 4.501349e+01
9.999919e-01 1.177290e-04 4.011409e-03 2.054756e+00 -1.168184e-04 1.000000e+00 -2.267379e-04 -9.755709e-01 -4.011355e-03 2.262636e-04 9.999918e-01 4.601391e+01
9.999980e-01 4.003276e-04 1.964337e-03 2.112369e+00 -3.994325e-04 9.999998e-01 -4.549929e-04 -9.998235e-01 -1.964439e-03 4.542034e-04 9.999979e-01 4.713491e+01
9.999990e-01 1.900548e-04 1.402290e-03 2.159311e+00 -1.898573e-04 1.000000e+00 -1.395186e-04 -1.025608e+00 -1.402236e-03 1.392483e-04 9.999989e-01 4.835225e+01
9.999999e-01 3.450335e-04 2.077169e-04 2.193650e+00 -3.449587e-04 9.999999e-01 -3.501307e-04 -1.049814e+00 -2.077568e-04 3.500551e-04 9.999998e-01 4.950613e+01
9.999992e-01 2.078372e-04 1.206455e-03 2.210931e+00 -2.076616e-04 1.000000e+00 -1.439756e-04 -1.073992e+00 -1.206404e-03 1.437210e-04 9.999992e-01 5.069022e+01
9.999999e-01 3.918890e-04 -2.076805e-04 2.237357e+00 -3.919609e-04 9.999999e-01 -3.562292e-04 -1.099951e+00 2.076218e-04 3.563066e-04 9.999998e-01 5.195586e+01
9.999999e-01 3.912638e-04 -1.111394e-04 2.275902e+00 -3.912827e-04 9.999999e-01 -1.887616e-04 -1.132693e+00 1.111465e-04 1.888011e-04 9.999999e-01 5.355552e+01
9.999998e-01 3.506048e-04 3.775422e-04 2.314655e+00 -3.504627e-04 9.999999e-01 -3.708674e-04 -1.164097e+00 -3.775913e-04 3.707310e-04 9.999998e-01 5.507959e+01
9.999998e-01 2.727317e-04 4.742398e-04 2.347370e+00 -2.726641e-04 1.000000e+00 -1.381255e-04 -1.191300e+00 -4.741964e-04 1.379921e-04 9.999998e-01 5.639534e+01
9.999996e-01 3.895615e-04 7.305244e-04 2.363980e+00 -3.892536e-04 9.999998e-01 -4.187653e-04 -1.218948e+00 -7.306063e-04 4.184768e-04 9.999996e-01 5.776512e+01
9.999955e-01 3.289388e-04 2.963572e-03 2.379421e+00 -3.282178e-04 9.999999e-01 -2.430583e-04 -1.247294e+00 -2.963571e-03 2.420805e-04 9.999955e-01 5.918336e+01
9.999799e-01 4.209863e-04 6.325513e-03 2.408698e+00 -4.168522e-04 9.999997e-01 -6.545269e-04 -1.277571e+00 -6.325705e-03 6.518728e-04 9.999797e-01 6.068228e+01
9.999944e-01 6.652296e-04 -3.259458e-03 2.411461e+00 -6.659727e-04 9.999998e-01 -2.275565e-04 -1.317191e+00 3.259387e-03 2.297218e-04 9.999946e-01 6.272307e+01
9.999918e-01 3.523121e-04 4.021602e-03 2.414172e+00 -3.501529e-04 9.999998e-01 -5.370396e-04 -1.355844e+00 -4.021709e-03 5.356229e-04 9.999917e-01 6.469882e+01
9.999957e-01 2.955626e-04 -2.912214e-03 2.434205e+00 -2.955825e-04 1.000000e+00 -7.169964e-06 -1.383512e+00 2.912294e-03 8.026580e-06 9.999957e-01 6.606260e+01
9.999947e-01 4.030527e-04 3.235933e-03 2.475797e+00 -4.014087e-04 9.999998e-01 -5.080260e-04 -1.413680e+00 -3.236055e-03 5.067202e-04 9.999946e-01 6.752842e+01
9.999956e-01 4.140836e-04 -2.916399e-03 2.501912e+00 -4.143440e-04 9.999999e-01 -8.944942e-05 -1.446953e+00 2.916444e-03 9.065326e-05 9.999957e-01 6.918770e+01
9.999933e-01 5.014017e-04 3.626408e-03 2.511890e+00 -4.992758e-04 9.999997e-01 -5.865159e-04 -1.482323e+00 -3.626619e-03 5.846972e-04 9.999932e-01 7.098792e+01
9.999944e-01 2.082737e-04 -3.342102e-03 2.536228e+00 -2.081288e-04 1.000000e+00 4.301919e-05 -1.512311e+00 3.342194e-03 -4.232757e-05 9.999943e-01 7.246949e+01
9.999920e-01 3.461388e-04 3.981597e-03 2.582528e+00 -3.441794e-04 9.999998e-01 -4.922257e-04 -1.538088e+00 -3.981684e-03 4.908472e-04 9.999919e-01 7.368700e+01
9.999901e-01 2.360076e-04 -4.442325e-03 2.614043e+00 -2.357044e-04 1.000000e+00 6.825313e-05 -1.564595e+00 4.442423e-03 -6.720961e-05 9.999901e-01 7.497134e+01
9.999927e-01 4.365721e-04 3.777598e-03 2.622085e+00 -4.345251e-04 9.999998e-01 -5.421069e-04 -1.593070e+00 -3.777751e-03 5.404573e-04 9.999926e-01 7.640271e+01
9.999907e-01 2.517426e-04 -4.295418e-03 2.636557e+00 -2.515492e-04 1.000000e+00 4.503726e-05 -1.622435e+00 4.295511e-03 -4.396058e-05 9.999907e-01 7.786795e+01
9.999916e-01 4.214039e-04 4.071656e-03 2.653231e+00 -4.192081e-04 9.999998e-01 -5.395746e-04 -1.651085e+00 -4.071801e-03 5.378590e-04 9.999915e-01 7.929206e+01
9.999926e-01 2.432177e-04 -3.837006e-03 2.669482e+00 -2.431310e-04 1.000000e+00 2.245797e-05 -1.679254e+00 3.837094e-03 -2.152918e-05 9.999926e-01 8.069144e+01
9.999930e-01 4.314669e-04 3.708816e-03 2.672582e+00 -4.295183e-04 9.999998e-01 -5.255694e-04 -1.707251e+00 -3.708960e-03 5.239684e-04 9.999929e-01 8.210702e+01
9.999918e-01 2.815607e-04 -4.043490e-03 2.667356e+00 -2.815536e-04 1.000000e+00 1.768803e-06 -1.736294e+00 4.043572e-03 -6.346250e-07 9.999917e-01 8.359246e+01
9.999937e-01 4.137116e-04 3.525635e-03 2.668174e+00 -4.119263e-04 9.999998e-01 -5.064565e-04 -1.765185e+00 -3.525761e-03 5.049967e-04 9.999936e-01 8.505493e+01
9.999918e-01 1.402865e-04 -4.037488e-03 2.681683e+00 -1.399141e-04 1.000000e+00 9.195126e-05 -1.790042e+00 4.037583e-03 -9.138993e-05 9.999918e-01 8.628231e+01
9.999944e-01 4.324370e-04 3.313851e-03 2.693724e+00 -4.307844e-04 9.999998e-01 -4.987021e-04 -1.815243e+00 -3.313984e-03 4.972674e-04 9.999943e-01 8.753217e+01
9.999920e-01 1.692418e-04 -3.997569e-03 2.701488e+00 -1.689800e-04 1.000000e+00 6.526133e-05 -1.841312e+00 3.997662e-03 -6.458964e-05 9.999919e-01 8.883555e+01
9.999925e-01 3.633638e-04 3.853990e-03 2.717215e+00 -3.614904e-04 9.999998e-01 -4.861935e-04 -1.865463e+00 -3.854084e-03 4.847923e-04 9.999924e-01 9.001954e+01
9.999939e-01 2.279267e-04 -3.476026e-03 2.736083e+00 -2.278948e-04 1.000000e+00 8.918295e-06 -1.891244e+00 3.476110e-03 -8.130437e-06 9.999939e-01 9.128716e+01
9.999867e-01 3.606909e-04 5.146546e-03 2.755493e+00 -3.579754e-04 9.999998e-01 -5.281001e-04 -1.916412e+00 -5.146653e-03 5.262464e-04 9.999865e-01 9.252205e+01
9.999896e-01 8.766154e-05 -4.546517e-03 2.794766e+00 -8.706286e-05 1.000000e+00 1.313624e-04 -1.938558e+00 4.546611e-03 -1.309696e-04 9.999896e-01 9.355632e+01
9.999860e-01 3.517272e-04 5.267607e-03 2.829835e+00 -3.489670e-04 9.999998e-01 -5.244598e-04 -1.960078e+00 -5.267708e-03 5.226098e-04 9.999859e-01 9.456691e+01
9.999910e-01 1.510643e-04 -4.224569e-03 2.879016e+00 -1.507032e-04 1.000000e+00 8.524009e-05 -1.983796e+00 4.224664e-03 -8.460709e-05 9.999910e-01 9.567013e+01
9.999840e-01 3.507202e-04 5.635876e-03 2.949977e+00 -3.476378e-04 9.999998e-01 -5.474821e-04 -2.008422e+00 -5.635984e-03 5.455097e-04 9.999839e-01 9.677788e+01
9.999856e-01 1.916962e-04 -5.359015e-03 2.995567e+00 -1.910816e-04 1.000000e+00 1.147647e-04 -2.033811e+00 5.359119e-03 -1.137434e-04 9.999856e-01 9.797245e+01
9.999861e-01 2.251609e-04 5.260658e-03 3.002953e+00 -2.227339e-04 9.999999e-01 -4.614890e-04 -2.053554e+00 -5.260679e-03 4.603064e-04 9.999860e-01 9.894005e+01
9.999859e-01 2.020438e-04 -5.297650e-03 3.023031e+00 -2.014961e-04 1.000000e+00 1.034658e-04 -2.074341e+00 5.297754e-03 -1.024014e-04 9.999859e-01 9.993939e+01
9.999864e-01 2.736888e-04 5.206825e-03 3.069241e+00 -2.712360e-04 9.999999e-01 -4.713318e-04 -2.097448e+00 -5.206871e-03 4.699086e-04 9.999863e-01 1.010128e+02
9.999865e-01 2.043700e-04 -5.183134e-03 3.120585e+00 -2.038892e-04 1.000000e+00 9.282762e-05 -2.120884e+00 5.183235e-03 -9.177406e-05 9.999865e-01 1.020939e+02
9.999855e-01 3.213786e-04 5.375622e-03 3.149306e+00 -3.186298e-04 9.999998e-01 -5.117500e-04 -2.145085e+00 -5.375703e-03 5.100253e-04 9.999853e-01 1.032584e+02
9.999871e-01 1.770502e-04 -5.070813e-03 3.157118e+00 -1.765943e-04 1.000000e+00 8.987389e-05 -2.167649e+00 5.070912e-03 -8.898176e-05 9.999871e-01 1.043760e+02
9.999852e-01 2.891175e-04 5.426411e-03 3.167942e+00 -2.864853e-04 9.999998e-01 -4.854015e-04 -2.189169e+00 -5.426468e-03 4.838352e-04 9.999851e-01 1.054339e+02
9.999851e-01 2.637099e-04 -5.451443e-03 3.173258e+00 -2.634602e-04 1.000000e+00 4.608032e-05 -2.213376e+00 5.451537e-03 -4.464792e-05 9.999851e-01 1.066430e+02
9.999843e-01 3.380449e-04 5.582065e-03 3.181466e+00 -3.351644e-04 9.999998e-01 -5.165296e-04 -2.239095e+00 -5.582156e-03 5.146461e-04 9.999842e-01 1.079282e+02
9.999893e-01 3.091761e-04 -4.616598e-03 3.185773e+00 -3.092816e-04 1.000000e+00 -2.268103e-05 -2.265878e+00 4.616673e-03 2.410407e-05 9.999893e-01 1.092779e+02
9.999857e-01 3.258075e-04 5.335186e-03 3.188210e+00 -3.231438e-04 9.999998e-01 -4.996824e-04 -2.292347e+00 -5.335266e-03 4.979467e-04 9.999856e-01 1.106125e+02
9.999919e-01 3.034580e-04 -3.996940e-03 3.204088e+00 -3.035845e-04 1.000000e+00 -3.164874e-05 -2.318879e+00 3.997013e-03 3.285732e-05 9.999919e-01 1.119308e+02
9.999918e-01 3.749560e-04 4.030769e-03 3.217906e+00 -3.730376e-04 9.999998e-01 -4.760957e-04 -2.347303e+00 -4.030864e-03 4.745836e-04 9.999917e-01 1.133505e+02
9.999925e-01 3.265350e-04 -3.863825e-03 3.225123e+00 -3.267798e-04 9.999999e-01 -6.337739e-05 -2.376302e+00 3.863886e-03 6.463494e-05 9.999925e-01 1.148103e+02
9.999915e-01 2.735437e-04 4.114957e-03 3.238783e+00 -2.718297e-04 9.999999e-01 -4.164894e-04 -2.402227e+00 -4.114988e-03 4.153627e-04 9.999914e-01 1.160929e+02
9.999940e-01 2.870751e-04 -3.439480e-03 3.267314e+00 -2.872545e-04 1.000000e+00 -5.239594e-05 -2.427317e+00 3.439548e-03 5.337901e-05 9.999940e-01 1.173051e+02
9.999835e-01 2.934646e-04 5.739451e-03 3.301230e+00 -2.907286e-04 9.999998e-01 -4.770952e-04 -2.452530e+00 -5.739507e-03 4.754140e-04 9.999833e-01 1.185165e+02
9.999991e-01 3.158702e-04 -1.247552e-03 3.350223e+00 -3.160762e-04 9.999999e-01 -1.669604e-04 -2.478616e+00 1.247582e-03 1.673500e-04 9.999991e-01 1.197507e+02
9.999975e-01 3.509303e-04 2.216796e-03 3.378979e+00 -3.501048e-04 9.999999e-01 -3.716512e-04 -2.506890e+00 -2.216843e-03 3.708695e-04 9.999974e-01 1.211328e+02
9.999990e-01 2.961095e-04 -1.388938e-03 3.415243e+00 -2.963154e-04 9.999999e-01 -1.498450e-04 -2.535089e+00 1.388977e-03 1.502517e-04 9.999989e-01 1.224986e+02
9.999965e-01 2.759070e-04 2.634568e-03 3.468301e+00 -2.750185e-04 9.999999e-01 -3.366697e-04 -2.561204e+00 -2.634577e-03 3.359393e-04 9.999964e-01 1.237183e+02
9.999986e-01 2.544578e-04 -1.662060e-03 3.512906e+00 -2.546511e-04 1.000000e+00 -1.176313e-04 -2.585905e+00 1.662114e-03 1.180497e-04 9.999985e-01 1.248808e+02
9.999978e-01 4.132159e-04 2.038381e-03 3.529693e+00 -4.124023e-04 9.999998e-01 -3.983209e-04 -2.614022e+00 -2.038462e-03 3.974747e-04 9.999978e-01 1.262792e+02
9.999983e-01 2.434472e-04 -1.836387e-03 3.551836e+00 -2.436398e-04 1.000000e+00 -1.060870e-04 -2.642200e+00 1.836444e-03 1.065295e-04 9.999982e-01 1.276710e+02
9.999986e-01 3.636391e-04 1.603735e-03 3.581442e+00 -3.630862e-04 9.999999e-01 -3.434410e-04 -2.669180e+00 -1.603777e-03 3.428535e-04 9.999986e-01 1.289827e+02
9.999978e-01 2.575240e-04 -2.054280e-03 3.610313e+00 -2.577395e-04 1.000000e+00 -1.059062e-04 -2.696585e+00 2.054336e-03 1.064306e-04 9.999978e-01 1.303164e+02
9.999991e-01 2.870478e-04 1.320965e-03 3.640483e+00 -2.866828e-04 9.999999e-01 -2.745936e-04 -2.721573e+00 -1.320961e-03 2.742099e-04 9.999990e-01 1.315226e+02
9.999980e-01 2.095376e-04 -1.976067e-03 3.659815e+00 -2.097192e-04 1.000000e+00 -9.298324e-05 -2.744915e+00 1.976130e-03 9.339270e-05 9.999980e-01 1.326609e+02
9.999990e-01 3.174665e-04 1.391213e-03 3.673710e+00 -3.170527e-04 9.999999e-01 -2.957546e-04 -2.768928e+00 -1.391223e-03 2.953084e-04 9.999989e-01 1.338458e+02
9.999982e-01 2.107807e-04 -1.893714e-03 3.688918e+00 -2.109750e-04 1.000000e+00 -1.038087e-04 -2.793162e+00 1.893775e-03 1.042033e-04 9.999981e-01 1.350376e+02
9.999987e-01 2.561740e-04 1.608815e-03 3.701729e+00 -2.557466e-04 9.999999e-01 -2.642829e-04 -2.815090e+00 -1.608800e-03 2.638663e-04 9.999986e-01 1.361135e+02
9.999981e-01 2.708405e-04 -1.920621e-03 3.708856e+00 -2.711182e-04 1.000000e+00 -1.456522e-04 -2.838843e+00 1.920665e-03 1.461679e-04 9.999981e-01 1.372957e+02
9.999989e-01 3.134911e-04 1.458181e-03 3.717266e+00 -3.130728e-04 9.999999e-01 -2.853029e-04 -2.864382e+00 -1.458188e-03 2.848412e-04 9.999988e-01 1.385718e+02
9.999977e-01 3.132296e-04 -2.108489e-03 3.732128e+00 -3.135719e-04 9.999999e-01 -1.632439e-04 -2.891728e+00 2.108520e-03 1.638998e-04 9.999977e-01 1.399307e+02
9.999986e-01 2.587305e-04 1.632942e-03 3.745339e+00 -2.583016e-04 9.999999e-01 -2.612361e-04 -2.917228e+00 -1.632927e-03 2.608091e-04 9.999986e-01 1.411948e+02
9.999981e-01 2.451876e-04 -1.939983e-03 3.753470e+00 -2.454477e-04 1.000000e+00 -1.351981e-04 -2.940324e+00 1.940033e-03 1.356692e-04 9.999980e-01 1.423395e+02
9.999985e-01 2.752309e-04 1.688749e-03 3.758525e+00 -2.747720e-04 9.999999e-01 -2.704565e-04 -2.963650e+00 -1.688740e-03 2.699872e-04 9.999985e-01 1.435030e+02
9.999979e-01 2.474456e-04 -2.034483e-03 3.785790e+00 -2.477071e-04 1.000000e+00 -1.295502e-04 -2.988064e+00 2.034534e-03 1.300490e-04 9.999978e-01 1.446809e+02
9.999987e-01 2.158639e-04 1.587645e-03 3.813026e+00 -2.155070e-04 1.000000e+00 -2.233704e-04 -3.010520e+00 -1.587610e-03 2.230231e-04 9.999986e-01 1.457566e+02
9.999981e-01 2.625971e-04 -1.936336e-03 3.827850e+00 -2.628914e-04 1.000000e+00 -1.530986e-04 -3.033001e+00 1.936379e-03 1.536025e-04 9.999980e-01 1.468556e+02
9.999985e-01 1.362276e-04 1.720867e-03 3.845861e+00 -1.359169e-04 1.000000e+00 -1.790909e-04 -3.053004e+00 -1.720808e-03 1.788519e-04 9.999984e-01 1.478176e+02
9.999984e-01 2.674183e-04 -1.745979e-03 3.880371e+00 -2.676984e-04 1.000000e+00 -1.616895e-04 -3.073729e+00 1.746018e-03 1.621517e-04 9.999984e-01 1.487864e+02
9.999963e-01 1.452270e-04 2.710830e-03 3.920460e+00 -1.445921e-04 1.000000e+00 -2.334195e-04 -3.094651e+00 -2.710780e-03 2.330218e-04 9.999962e-01 1.497543e+02
9.999962e-01 3.150826e-04 -2.718504e-03 3.934607e+00 -3.154812e-04 9.999999e-01 -1.471667e-04 -3.116350e+00 2.718540e-03 1.480189e-04 9.999962e-01 1.508146e+02
9.999969e-01 1.381059e-04 2.462855e-03 3.953102e+00 -1.375732e-04 1.000000e+00 -2.153733e-04 -3.138113e+00 -2.462802e-03 2.150289e-04 9.999969e-01 1.518686e+02
9.999960e-01 3.809040e-04 -2.782730e-03 3.962315e+00 -3.814236e-04 9.999999e-01 -1.871436e-04 -3.161546e+00 2.782742e-03 1.881994e-04 9.999960e-01 1.530290e+02
9.999956e-01 2.513490e-04 2.933817e-03 3.965592e+00 -2.504501e-04 9.999999e-01 -3.058338e-04 -3.188135e+00 -2.933810e-03 3.050928e-04 9.999956e-01 1.543701e+02
9.999994e-01 5.833184e-04 -8.687908e-04 3.978559e+00 -5.836427e-04 9.999998e-01 -3.761678e-04 -3.221011e+00 8.686542e-04 3.766697e-04 9.999995e-01 1.560388e+02
9.999938e-01 1.384359e-04 3.500952e-03 4.002106e+00 -1.375164e-04 1.000000e+00 -2.621129e-04 -3.250912e+00 -3.500905e-03 2.616248e-04 9.999938e-01 1.575170e+02
9.999994e-01 5.493938e-04 -9.695109e-04 4.012459e+00 -5.497347e-04 9.999998e-01 -3.541876e-04 -3.278790e+00 9.693994e-04 3.547153e-04 9.999994e-01 1.589183e+02
9.999974e-01 1.242045e-04 2.261366e-03 4.033168e+00 -1.237392e-04 1.000000e+00 -2.047141e-04 -3.307199e+00 -2.261308e-03 2.044287e-04 9.999973e-01 1.603248e+02
9.999994e-01 4.369055e-04 -9.732392e-04 4.055765e+00 -4.371768e-04 9.999999e-01 -2.813808e-04 -3.332110e+00 9.731996e-04 2.818010e-04 9.999994e-01 1.615422e+02
9.999979e-01 1.750433e-04 2.042745e-03 4.067222e+00 -1.745772e-04 1.000000e+00 -2.270270e-04 -3.358199e+00 -2.042701e-03 2.266649e-04 9.999978e-01 1.628450e+02
9.999967e-01 3.947199e-04 -2.541568e-03 4.079338e+00 -3.952114e-04 9.999999e-01 -1.939738e-04 -3.383657e+00 2.541575e-03 1.949726e-04 9.999967e-01 1.641112e+02
9.999943e-01 1.148928e-04 3.363272e-03 4.110991e+00 -1.141002e-04 1.000000e+00 -2.350641e-04 -3.407232e+00 -3.363215e-03 2.346740e-04 9.999942e-01 1.652411e+02
9.999888e-01 2.997264e-04 4.722004e-03 4.169308e+00 -2.974940e-04 9.999998e-01 -4.728798e-04 -3.429533e+00 -4.722061e-03 4.714646e-04 9.999887e-01 1.662614e+02
9.999957e-01 2.407676e-04 -2.918850e-03 4.180289e+00 -2.408147e-04 1.000000e+00 -1.674635e-05 -3.453476e+00 2.918930e-03 1.744407e-05 9.999957e-01 1.674527e+02
9.999778e-01 2.923025e-04 6.646064e-03 4.203452e+00 -2.888886e-04 9.999998e-01 -5.142120e-04 -3.476258e+00 -6.646129e-03 5.122755e-04 9.999777e-01 1.685622e+02
9.999924e-01 1.612126e-04 -3.891567e-03 4.244599e+00 -1.610842e-04 1.000000e+00 3.257078e-05 -3.498427e+00 3.891656e-03 -3.194880e-05 9.999924e-01 1.696011e+02
9.999931e-01 4.082650e-04 3.698607e-03 4.253835e+00 -4.065561e-04 9.999998e-01 -4.620005e-04 -3.523340e+00 -3.698710e-03 4.604885e-04 9.999930e-01 1.708459e+02
9.999945e-01 2.316102e-04 -3.286777e-03 4.257973e+00 -2.317625e-04 1.000000e+00 -4.681889e-05 -3.550225e+00 3.286851e-03 4.757524e-05 9.999945e-01 1.722043e+02
9.999892e-01 3.739173e-04 4.620683e-03 4.270486e+00 -3.717545e-04 9.999998e-01 -4.683096e-04 -3.576093e+00 -4.620772e-03 4.665816e-04 9.999891e-01 1.734941e+02
9.999882e-01 1.200230e-04 -4.844759e-03 4.289249e+00 -1.196099e-04 1.000000e+00 8.496454e-05 -3.599246e+00 4.844854e-03 -8.438924e-05 9.999882e-01 1.746265e+02
9.999884e-01 3.708810e-04 4.799876e-03 4.313519e+00 -3.686219e-04 9.999998e-01 -4.709287e-04 -3.622245e+00 -4.799965e-03 4.691487e-04 9.999883e-01 1.757411e+02
9.999901e-01 1.020191e-04 -4.438557e-03 4.343507e+00 -1.016338e-04 1.000000e+00 8.639761e-05 -3.644923e+00 4.438651e-03 -8.595085e-05 9.999901e-01 1.768279e+02
9.999922e-01 3.168709e-04 3.937857e-03 4.358940e+00 -3.152564e-04 9.999999e-01 -4.098972e-04 -3.665675e+00 -3.937902e-03 4.086474e-04 9.999921e-01 1.778405e+02
9.999901e-01 8.778628e-05 -4.452032e-03 4.367596e+00 -8.738249e-05 1.000000e+00 9.023652e-05 -3.685670e+00 4.452125e-03 -8.985181e-05 9.999900e-01 1.788251e+02
9.999903e-01 3.556165e-04 4.379739e-03 4.390890e+00 -3.536762e-04 9.999998e-01 -4.431291e-04 -3.707242e+00 -4.379811e-03 4.415706e-04 9.999902e-01 1.798674e+02
9.999913e-01 1.606133e-04 -4.169962e-03 4.404521e+00 -1.604897e-04 1.000000e+00 2.928566e-05 -3.730693e+00 4.170051e-03 -2.862139e-05 9.999912e-01 1.810263e+02
9.999926e-01 2.858981e-04 3.833894e-03 4.418145e+00 -2.844332e-04 9.999999e-01 -3.818640e-04 -3.752183e+00 -3.833919e-03 3.807655e-04 9.999925e-01 1.820792e+02
9.999905e-01 1.004909e-04 -4.347273e-03 4.444139e+00 -1.001550e-04 1.000000e+00 7.679456e-05 -3.772310e+00 4.347365e-03 -7.636368e-05 9.999905e-01 1.830361e+02
9.999901e-01 2.758410e-04 4.428399e-03 4.467789e+00 -2.741015e-04 9.999999e-01 -3.927533e-04 -3.791636e+00 -4.428422e-03 3.915304e-04 9.999900e-01 1.839586e+02
9.999872e-01 1.956625e-04 -5.045023e-03 4.489271e+00 -1.954278e-04 1.000000e+00 4.643811e-05 -3.814247e+00 5.045117e-03 -4.545684e-05 9.999872e-01 1.850596e+02
9.999852e-01 2.966818e-04 5.433434e-03 4.514157e+00 -2.942257e-04 9.999999e-01 -4.522918e-04 -3.837271e+00 -5.433483e-03 4.506812e-04 9.999851e-01 1.861728e+02
9.999877e-01 1.730839e-04 -4.944942e-03 4.534462e+00 -1.728154e-04 1.000000e+00 5.411196e-05 -3.859374e+00 4.945036e-03 -5.326201e-05 9.999877e-01 1.872459e+02
9.999897e-01 2.873368e-04 4.513877e-03 4.553439e+00 -2.854971e-04 9.999999e-01 -4.075627e-04 -3.881550e+00 -4.513910e-03 4.062645e-04 9.999897e-01 1.883254e+02
9.999870e-01 1.940237e-04 -5.084200e-03 4.580352e+00 -1.937648e-04 1.000000e+00 5.082703e-05 -3.904694e+00 5.084294e-03 -4.984653e-05 9.999870e-01 1.894419e+02
9.999904e-01 2.577796e-04 4.360107e-03 4.608782e+00 -2.561260e-04 9.999999e-01 -3.791359e-04 -3.927094e+00 -4.360120e-03 3.780102e-04 9.999903e-01 1.905165e+02
9.999773e-01 2.915574e-04 -6.727935e-03 4.622535e+00 -2.910243e-04 1.000000e+00 7.978491e-05 -3.949192e+00 6.728042e-03 -7.783040e-05 9.999773e-01 1.916089e+02
9.999848e-01 2.557769e-04 5.509581e-03 4.637990e+00 -2.534010e-04 9.999999e-01 -4.313930e-04 -3.973263e+00 -5.509607e-03 4.299850e-04 9.999847e-01 1.928002e+02
9.999816e-01 3.074612e-04 -6.058937e-03 4.659132e+00 -3.073296e-04 1.000000e+00 2.215751e-05 -3.998834e+00 6.059027e-03 -2.030033e-05 9.999816e-01 1.940570e+02
9.999814e-01 2.028688e-04 6.096444e-03 4.682765e+00 -2.003012e-04 9.999999e-01 -4.212858e-04 -4.022548e+00 -6.096444e-03 4.200514e-04 9.999813e-01 1.952100e+02
9.999609e-01 8.064432e-04 -8.806376e-03 4.742004e+00 -8.075256e-04 9.999997e-01 -1.196995e-04 -4.064221e+00 8.806361e-03 1.268009e-04 9.999611e-01 1.972505e+02
9.999763e-01 2.613770e-04 6.879565e-03 4.809446e+00 -2.580660e-04 9.999999e-01 -4.817447e-04 -4.107266e+00 -6.879606e-03 4.799526e-04 9.999761e-01 1.993481e+02
9.999883e-01 3.041601e-04 -4.825311e-03 4.808874e+00 -3.043817e-04 1.000000e+00 -4.580742e-05 -4.131032e+00 4.825381e-03 4.727027e-05 9.999883e-01 2.005490e+02
9.999849e-01 3.644431e-04 5.484041e-03 4.799265e+00 -3.617035e-04 9.999998e-01 -5.000127e-04 -4.157905e+00 -5.484138e-03 4.980162e-04 9.999848e-01 2.019251e+02
9.999878e-01 2.492316e-04 -4.931131e-03 4.799831e+00 -2.492874e-04 1.000000e+00 -1.130736e-05 -4.183737e+00 4.931212e-03 1.253112e-05 9.999878e-01 2.032276e+02
9.999800e-01 3.091901e-04 6.316444e-03 4.814174e+00 -3.061765e-04 9.999998e-01 -4.776043e-04 -4.208046e+00 -6.316506e-03 4.756554e-04 9.999799e-01 2.044293e+02
9.999796e-01 2.496870e-04 -6.384137e-03 4.821565e+00 -2.494631e-04 1.000000e+00 3.540222e-05 -4.232622e+00 6.384229e-03 -3.381429e-05 9.999795e-01 2.056528e+02
9.999788e-01 3.224473e-04 6.502320e-03 4.820542e+00 -3.192493e-04 9.999998e-01 -4.924000e-04 -4.257108e+00 -6.502393e-03 4.903082e-04 9.999787e-01 2.068886e+02
9.999835e-01 2.795540e-04 -5.734317e-03 4.821575e+00 -2.796464e-04 1.000000e+00 -1.584405e-05 -4.282499e+00 5.734397e-03 1.744196e-05 9.999835e-01 2.081697e+02
9.999835e-01 3.121699e-04 5.739048e-03 4.824981e+00 -3.096091e-04 9.999999e-01 -4.465598e-04 -4.307935e+00 -5.739102e-03 4.447702e-04 9.999834e-01 2.094481e+02
9.999808e-01 1.965522e-04 -6.187510e-03 4.809848e+00 -1.962638e-04 1.000000e+00 4.672779e-05 -4.330116e+00 6.187603e-03 -4.551795e-05 9.999808e-01 2.105859e+02
9.999843e-01 2.766304e-04 5.597968e-03 4.777231e+00 -2.743441e-04 9.999999e-01 -4.086385e-04 -4.349904e+00 -5.597996e-03 4.070908e-04 9.999842e-01 2.116316e+02
9.999807e-01 2.070999e-04 -6.201919e-03 4.755173e+00 -2.069009e-04 1.000000e+00 3.223566e-05 -4.370950e+00 6.202009e-03 -3.095731e-05 9.999807e-01 2.127239e+02
9.999853e-01 3.130608e-04 5.402245e-03 4.736911e+00 -3.108221e-04 9.999999e-01 -4.146801e-04 -4.393352e+00 -5.402290e-03 4.129894e-04 9.999852e-01 2.138820e+02
9.999834e-01 2.050560e-04 -5.746929e-03 4.727939e+00 -2.050467e-04 1.000000e+00 1.669298e-06 -4.416180e+00 5.747013e-03 -4.963586e-07 9.999834e-01 2.150423e+02
9.999847e-01 2.421384e-04 5.515392e-03 4.699497e+00 -2.401014e-04 9.999999e-01 -3.694518e-04 -4.435325e+00 -5.515397e-03 3.681164e-04 9.999846e-01 2.160438e+02
9.999801e-01 2.818390e-04 -6.300918e-03 4.673085e+00 -2.819553e-04 1.000000e+00 -1.805239e-05 -4.457286e+00 6.300997e-03 1.982311e-05 9.999801e-01 2.171943e+02
9.999855e-01 3.675588e-04 5.373253e-03 4.665562e+00 -3.652352e-04 9.999998e-01 -4.328596e-04 -4.484330e+00 -5.373328e-03 4.308853e-04 9.999854e-01 2.185779e+02
9.999791e-01 2.481914e-04 -6.453357e-03 4.674077e+00 -2.481165e-04 1.000000e+00 1.193006e-05 -4.511153e+00 6.453444e-03 -1.033414e-05 9.999791e-01 2.199220e+02
9.999863e-01 3.178876e-04 5.225642e-03 4.687163e+00 -3.158843e-04 9.999999e-01 -3.836056e-04 -4.536453e+00 -5.225680e-03 3.819441e-04 9.999862e-01 2.211787e+02
9.999818e-01 2.357472e-04 -6.017517e-03 4.700759e+00 -2.358233e-04 1.000000e+00 -1.244677e-05 -4.561331e+00 6.017598e-03 1.386009e-05 9.999818e-01 2.224094e+02
9.999853e-01 2.935148e-04 5.401810e-03 4.706843e+00 -2.915006e-04 9.999999e-01 -3.730894e-04 -4.584737e+00 -5.401835e-03 3.715038e-04 9.999853e-01 2.235756e+02
9.999808e-01 2.523637e-04 -6.194438e-03 4.719979e+00 -2.524606e-04 1.000000e+00 -1.535622e-05 -4.609158e+00 6.194518e-03 1.691424e-05 9.999807e-01 2.247837e+02
9.999867e-01 2.906401e-04 5.152672e-03 4.755050e+00 -2.888803e-04 9.999999e-01 -3.416875e-04 -4.634373e+00 -5.152687e-03 3.401889e-04 9.999866e-01 2.259949e+02
9.999802e-01 2.665010e-04 -6.281890e-03 4.804017e+00 -2.665620e-04 1.000000e+00 -9.356434e-06 -4.660239e+00 6.281971e-03 1.102521e-05 9.999802e-01 2.272166e+02
9.999879e-01 3.025821e-04 4.903037e-03 4.862186e+00 -3.010047e-04 9.999999e-01 -3.218496e-04 -4.686680e+00 -4.903051e-03 3.203643e-04 9.999879e-01 2.284538e+02
9.999811e-01 2.360003e-04 -6.139424e-03 4.929442e+00 -2.359961e-04 1.000000e+00 9.094182e-07 -4.712458e+00 6.139507e-03 5.339153e-07 9.999811e-01 2.296392e+02
9.999878e-01 1.723521e-04 4.936664e-03 5.119602e+00 -1.715927e-04 1.000000e+00 -1.536472e-04 -4.739604e+00 -4.936607e-03 1.527926e-04 9.999877e-01 2.306909e+02
9.999811e-01 1.849338e-04 -6.135546e-03 5.367215e+00 -1.844487e-04 1.000000e+00 7.914670e-05 -4.767252e+00 6.135643e-03 -7.801907e-05 9.999811e-01 2.316741e+02
9.999872e-01 3.198511e-04 5.043854e-03 5.470873e+00 -3.181237e-04 9.999999e-01 -3.426714e-04 -4.793248e+00 -5.043880e-03 3.410569e-04 9.999871e-01 2.328033e+02
9.999841e-01 1.959955e-04 -5.625433e-03 5.552698e+00 -1.960423e-04 1.000000e+00 -8.315989e-06 -4.819266e+00 5.625514e-03 9.413117e-06 9.999841e-01 2.339691e+02
9.999896e-01 3.386240e-04 4.534449e-03 5.621682e+00 -3.371679e-04 9.999999e-01 -3.212116e-04 -4.845266e+00 -4.534474e-03 3.196738e-04 9.999896e-01 2.351592e+02
9.999841e-01 1.078201e-04 -5.633680e-03 5.729095e+00 -1.073603e-04 1.000000e+00 8.138608e-05 -4.870027e+00 5.633772e-03 -8.078553e-05 9.999840e-01 2.362134e+02
9.999955e-01 1.051627e-04 2.995762e-03 6.146162e+00 -1.055941e-04 1.000000e+00 1.448491e-04 -4.901745e+00 -2.995664e-03 -1.451704e-04 9.999954e-01 2.370877e+02
9.999991e-01 -1.664526e-04 -1.290531e-03 6.886156e+00 1.664096e-04 1.000000e+00 -3.574403e-05 -4.941382e+00 1.290620e-03 3.552369e-05 9.999991e-01 2.378275e+02
9.999885e-01 1.011936e-05 4.784107e-03 7.769714e+00 -1.054732e-05 1.000000e+00 9.005532e-05 -4.984011e+00 -4.784023e-03 -9.011030e-05 9.999885e-01 2.384839e+02
9.999849e-01 2.497836e-04 -5.491997e-03 8.240972e+00 -2.501190e-04 1.000000e+00 -6.093442e-05 -5.019942e+00 5.492065e-03 6.230163e-05 9.999848e-01 2.395045e+02
9.999903e-01 3.511292e-04 4.396706e-03 8.312402e+00 -3.498481e-04 9.999999e-01 -2.914622e-04 -5.047336e+00 -4.396725e-03 2.899156e-04 9.999902e-01 2.407676e+02
9.999805e-01 3.077087e-04 -6.237279e-03 8.387236e+00 -3.081851e-04 9.999999e-01 -7.589405e-05 -5.078321e+00 6.237338e-03 7.780928e-05 9.999805e-01 2.422042e+02
9.999933e-01 3.720719e-04 3.646409e-03 8.530545e+00 -3.712890e-04 9.999999e-01 -2.145698e-04 -5.113911e+00 -3.646406e-03 2.132089e-04 9.999933e-01 2.437373e+02
9.999769e-01 2.668108e-04 -6.784641e-03 8.626673e+00 -2.673614e-04 1.000000e+00 -8.069047e-05 -5.147032e+00 6.784702e-03 8.249704e-05 9.999769e-01 2.452175e+02
9.999948e-01 3.448463e-04 3.213356e-03 8.722362e+00 -3.442619e-04 9.999999e-01 -1.815045e-04 -5.179865e+00 -3.213336e-03 1.803917e-04 9.999947e-01 2.466721e+02
9.999773e-01 2.928944e-04 -6.731584e-03 8.761442e+00 -2.936437e-04 1.000000e+00 -1.107627e-04 -5.209836e+00 6.731634e-03 1.127314e-04 9.999773e-01 2.481046e+02
9.999999e-01 4.438848e-04 -1.276467e-04 8.963718e+00 -4.438671e-04 9.999999e-01 1.159859e-04 -5.247416e+00 1.277801e-04 -1.159347e-04 9.999999e-01 2.495938e+02
9.999891e-01 3.970257e-04 -4.642957e-03 9.057026e+00 -3.990959e-04 9.999998e-01 -4.455720e-04 -5.286269e+00 4.642861e-03 4.474146e-04 9.999890e-01 2.513795e+02
9.999994e-01 6.042331e-04 8.864067e-04 9.037558e+00 -6.041719e-04 9.999998e-01 -6.611641e-05 -5.324295e+00 -8.863650e-04 6.557532e-05 9.999995e-01 2.533785e+02
9.999931e-01 5.243705e-04 -3.670732e-03 9.014647e+00 -5.265081e-04 9.999997e-01 -5.821957e-04 -5.367317e+00 3.670507e-03 5.841188e-04 9.999930e-01 2.556437e+02
9.999990e-01 3.733577e-04 1.318737e-03 9.054436e+00 -3.734597e-04 9.999999e-01 7.927764e-05 -5.405029e+00 -1.318627e-03 -7.977559e-05 9.999990e-01 2.575116e+02
9.999912e-01 5.116396e-04 -4.148375e-03 9.115882e+00 -5.138845e-04 9.999997e-01 -5.407922e-04 -5.443181e+00 4.148178e-03 5.429137e-04 9.999912e-01 2.593653e+02
9.999984e-01 4.664201e-04 1.704208e-03 9.154808e+00 -4.663920e-04 9.999999e-01 -1.521109e-05 -5.484450e+00 -1.704134e-03 1.441069e-05 9.999985e-01 2.614250e+02
9.999866e-01 4.009763e-04 -5.156671e-03 9.228566e+00 -4.030451e-04 9.999998e-01 -4.007109e-04 -5.522748e+00 5.156590e-03 4.027784e-04 9.999865e-01 2.632500e+02
9.999965e-01 4.654964e-04 2.599179e-03 9.253417e+00 -4.652874e-04 9.999999e-01 -7.991342e-05 -5.559282e+00 -2.599136e-03 7.869822e-05 9.999965e-01 2.650851e+02
9.999884e-01 3.228333e-04 -4.802461e-03 9.294890e+00 -3.245910e-04 9.999999e-01 -3.658207e-04 -5.593631e+00 4.802423e-03 3.673697e-04 9.999883e-01 2.667736e+02
9.999989e-01 5.403730e-04 1.364043e-03 9.342499e+00 -5.403003e-04 9.999999e-01 -5.160262e-05 -5.630090e+00 -1.363991e-03 5.086001e-05 9.999990e-01 2.685565e+02
9.999858e-01 2.930762e-04 -5.310066e-03 9.430149e+00 -2.947398e-04 9.999999e-01 -3.130511e-04 -5.667590e+00 5.310054e-03 3.146062e-04 9.999858e-01 2.702992e+02
9.999995e-01 5.009806e-04 8.257934e-04 9.546627e+00 -5.009872e-04 9.999999e-01 1.119722e-05 -5.705400e+00 -8.257080e-04 -1.161649e-05 9.999996e-01 2.719861e+02
9.999859e-01 4.356777e-04 -5.294466e-03 9.580426e+00 -4.379393e-04 9.999998e-01 -4.265249e-04 -5.743276e+00 5.294358e-03 4.288320e-04 9.999858e-01 2.738722e+02
9.999997e-01 5.047614e-04 5.258320e-04 9.612130e+00 -5.047717e-04 9.999999e-01 2.464825e-05 -5.781064e+00 -5.257404e-04 -2.491923e-05 9.999998e-01 2.757565e+02
9.999922e-01 5.287037e-04 -3.903763e-03 9.621027e+00 -5.309343e-04 9.999997e-01 -5.711111e-04 -5.822338e+00 3.903539e-03 5.731738e-04 9.999921e-01 2.778757e+02
9.999999e-01 3.450763e-04 2.292157e-04 9.628622e+00 -3.451041e-04 9.999999e-01 1.336051e-04 -5.858466e+00 -2.290909e-04 -1.336898e-04 9.999999e-01 2.797232e+02
9.999882e-01 7.361179e-04 -4.791404e-03 9.620339e+00 -7.392225e-04 9.999995e-01 -6.467789e-04 -5.899293e+00 4.791004e-03 6.503077e-04 9.999882e-01 2.818533e+02
9.999998e-01 4.430128e-04 3.365664e-04 9.593329e+00 -4.430290e-04 9.999999e-01 5.609634e-05 -5.943605e+00 -3.364634e-04 -5.625103e-05 9.999999e-01 2.842000e+02
9.999877e-01 6.645882e-04 -4.918520e-03 9.537574e+00 -6.675985e-04 9.999996e-01 -6.109511e-04 -5.984400e+00 4.918190e-03 6.142216e-04 9.999876e-01 2.864127e+02
9.999999e-01 4.491817e-04 -1.199836e-04 9.507461e+00 -4.491680e-04 9.999999e-01 9.167474e-05 -6.025529e+00 1.201023e-04 -9.162644e-05 9.999999e-01 2.885986e+02
9.999893e-01 7.367193e-04 -4.573444e-03 9.486796e+00 -7.397813e-04 9.999995e-01 -6.684339e-04 -6.069583e+00 4.573027e-03 6.718045e-04 9.999892e-01 2.909218e+02
9.999998e-01 4.055884e-04 4.848698e-04 9.474811e+00 -4.056275e-04 9.999999e-01 8.614987e-05 -6.113603e+00 -4.847578e-04 -8.635215e-05 9.999998e-01 2.932247e+02
9.999845e-01 7.097615e-04 -5.520026e-03 9.463651e+00 -7.130578e-04 9.999996e-01 -5.956867e-04 -6.155085e+00 5.519677e-03 5.996079e-04 9.999845e-01 2.953955e+02
9.999986e-01 4.538949e-04 -1.592228e-03 9.443037e+00 -4.536303e-04 9.999999e-01 1.649343e-04 -6.194462e+00 1.592379e-03 -1.642174e-04 9.999986e-01 2.974749e+02
9.999958e-01 2.780796e-04 -2.892498e-03 9.502570e+00 -2.794363e-04 9.999999e-01 -4.695648e-04 -6.229554e+00 2.892443e-03 4.703654e-04 9.999956e-01 2.991339e+02
9.999991e-01 1.079406e-04 -1.326891e-03 9.690575e+00 -1.073252e-04 9.999999e-01 4.618657e-04 -6.259648e+00 1.327016e-03 -4.617286e-04 9.999989e-01 3.002650e+02
9.999982e-01 2.875092e-04 -1.882146e-03 9.833796e+00 -2.885658e-04 9.999998e-01 -5.624697e-04 -6.287883e+00 1.882059e-03 5.630062e-04 9.999980e-01 3.013913e+02
1.000000e+00 1.451172e-04 2.185950e-05 9.926855e+00 -1.451221e-04 9.999999e-01 3.458980e-04 -6.313221e+00 -2.173395e-05 -3.459068e-04 9.999999e-01 3.024798e+02
9.999982e-01 3.696382e-04 -1.864826e-03 9.995780e+00 -3.708042e-04 9.999997e-01 -6.263567e-04 -6.339829e+00 1.864669e-03 6.270414e-04 9.999980e-01 3.036899e+02
1.000000e+00 1.556303e-04 -3.669924e-05 1.003775e+01 -1.556156e-04 9.999999e-01 3.316246e-04 -6.365504e+00 3.682595e-05 -3.316245e-04 9.999999e-01 3.049100e+02
9.999993e-01 3.558246e-04 -1.153947e-03 1.002504e+01 -3.565818e-04 9.999997e-01 -6.582115e-04 -6.386985e+00 1.153788e-03 6.586168e-04 9.999990e-01 3.060172e+02
9.999999e-01 2.002683e-04 -4.278369e-04 1.001993e+01 -2.001298e-04 9.999999e-01 3.176364e-04 -6.410801e+00 4.279754e-04 -3.175564e-04 9.999998e-01 3.072339e+02
