9.987930e-01 2.004880e-03 -4.907614e-02 -5.172462e-02 -1.878135e-03 9.999948e-01 2.628594e-03 -1.849946e-03 4.908115e-02 -2.533249e-03 9.987915e-01 2.951408e-01
9.997935e-01 -4.482891e-04 2.031440e-02 -6.243085e-02 4.656106e-04 9.999995e-01 -8.479467e-04 -8.868629e-03 -2.031402e-02 8.572311e-04 9.997932e-01 7.140477e-01
9.992022e-01 1.739447e-03 -3.989788e-02 -5.304331e-02 -1.653144e-03 9.999962e-01 2.195969e-03 -1.821543e-02 3.990154e-02 -2.128259e-03 9.992012e-01 1.177727e+00
9.991917e-01 -1.024780e-03 4.018644e-02 8.739244e-03 1.083524e-03 9.999984e-01 -1.440026e-03 -3.253390e-02 -4.018491e-02 1.482406e-03 9.991911e-01 1.771344e+00
9.995001e-01 1.626124e-03 -3.157348e-02 1.182032e-01 -1.559716e-03 9.999965e-01 2.127804e-03 -4.678622e-02 3.157682e-02 -2.077494e-03 9.994991e-01 2.396685e+00
9.991595e-01 -1.090186e-03 4.097601e-02 2.250536e-01 1.149035e-03 9.999983e-01 -1.412668e-03 -6.052871e-02 -4.097441e-02 1.458565e-03 9.991590e-01 3.011911e+00
9.998531e-01 1.458787e-03 -1.707753e-02 3.635952e-01 -1.427824e-03 9.999973e-01 1.825184e-03 -6.994817e-02 1.708014e-02 -1.800531e-03 9.998524e-01 3.574175e+00
9.990958e-01 -1.086997e-03 4.250197e-02 5.074258e-01 1.139686e-03 9.999986e-01 -1.215463e-03 -8.105743e-02 -4.250059e-02 1.262804e-03 9.990955e-01 4.223270e+00
9.999811e-01 1.404720e-03 -5.982519e-03 6.243565e-01 -1.395972e-03 9.999980e-01 1.466214e-03 -8.701197e-02 5.984567e-03 -1.457834e-03 9.999809e-01 4.820291e+00
9.991109e-01 -1.174131e-03 4.214265e-02 7.748831e-01 1.216888e-03 9.999988e-01 -9.889393e-04 -9.464026e-02 -4.214143e-02 1.039344e-03 9.991110e-01 5.442618e+00
9.990626e-01 1.978049e-03 -4.324254e-02 8.231065e-01 -1.901862e-03 9.999966e-01 1.802910e-03 -1.090290e-01 4.324596e-02 -1.718977e-03 9.990629e-01 6.044445e+00
9.992676e-01 -1.109875e-03 3.824865e-02 8.510127e-01 1.143583e-03 9.999990e-01 -8.594420e-04 -1.235411e-01 -3.824766e-02 9.025546e-04 9.992678e-01 6.659685e+00
9.992918e-01 1.847251e-03 -3.758226e-02 9.109959e-01 -1.786701e-03 9.999971e-01 1.644675e-03 -1.384098e-01 3.758519e-02 -1.576360e-03 9.992921e-01 7.280555e+00
9.991882e-01 -1.180278e-03 4.026966e-02 9.774930e-01 1.214307e-03 9.999989e-01 -8.205726e-04 -1.532892e-01 -4.026864e-02 8.688079e-04 9.991884e-01 7.906831e+00
9.993175e-01 1.824027e-03 -3.689456e-02 1.057146e+00 -1.766837e-03 9.999972e-01 1.582623e-03 -1.682361e-01 3.689734e-02 -1.516354e-03 9.993178e-01 8.517921e+00
9.991879e-01 -1.172738e-03 4.027630e-02 1.132145e+00 1.203698e-03 9.999990e-01 -7.444555e-04 -1.836739e-01 -4.027538e-02 7.923332e-04 9.991882e-01 9.158367e+00
9.992945e-01 1.794811e-03 -3.751430e-02 1.210680e+00 -1.739856e-03 9.999974e-01 1.497507e-03 -1.980768e-01 3.751689e-02 -1.431179e-03 9.992949e-01 9.737380e+00
9.990546e-01 -1.217758e-03 4.345641e-02 1.324426e+00 1.249703e-03 9.999990e-01 -7.079365e-04 -2.142543e-01 -4.345549e-02 7.615768e-04 9.990550e-01 1.038180e+01
9.993110e-01 1.806926e-03 -3.707114e-02 1.448107e+00 -1.754010e-03 9.999974e-01 1.459888e-03 -2.301306e-01 3.707368e-02 -1.393857e-03 9.993115e-01 1.100494e+01
9.991130e-01 -1.283895e-03 4.209089e-02 1.551795e+00 1.316606e-03 9.999989e-01 -7.494552e-04 -2.438517e-01 -4.208988e-02 8.042096e-04 9.991134e-01 1.154447e+01
9.995400e-01 1.682146e-03 -3.028147e-02 1.668571e+00 -1.644390e-03 9.999978e-01 1.271695e-03 -2.535604e-01 3.028356e-02 -1.221313e-03 9.995405e-01 1.196938e+01
9.989537e-01 -1.400592e-03 4.571117e-02 1.791475e+00 1.434224e-03 9.999987e-01 -7.029514e-04 -2.617774e-01 -4.571012e-02 7.677782e-04 9.989544e-01 1.236164e+01
9.991875e-01 2.007800e-03 -4.025214e-02 1.895306e+00 -1.950726e-03 9.999970e-01 1.457125e-03 -2.771891e-01 4.025496e-02 -1.377418e-03 9.991884e-01 1.298104e+01
9.989359e-01 -1.402732e-03 4.609939e-02 2.008460e+00 1.432808e-03 9.999988e-01 -6.193875e-04 -2.938445e-01 -4.609845e-02 6.847823e-04 9.989366e-01 1.364703e+01
9.991234e-01 2.004290e-03 -4.181492e-02 2.112109e+00 -1.948255e-03 9.999971e-01 1.380774e-03 -3.092249e-01 4.181758e-02 -1.298095e-03 9.991243e-01 1.425008e+01
9.990385e-01 -1.485890e-03 4.381652e-02 2.207510e+00 1.515780e-03 9.999986e-01 -6.489396e-04 -3.223295e-01 -4.381549e-02 7.147344e-04 9.990393e-01 1.474041e+01
9.990649e-01 1.891737e-03 -4.319507e-02 2.310909e+00 -1.840744e-03 9.999976e-01 1.220284e-03 -3.328293e-01 4.319728e-02 -1.139629e-03 9.990658e-01 1.509212e+01
9.989697e-01 -1.482531e-03 4.535784e-02 2.415636e+00 1.511860e-03 9.999987e-01 -6.123115e-04 -3.429568e-01 -4.535686e-02 6.802579e-04 9.989705e-01 1.543683e+01
9.989408e-01 1.787318e-03 -4.597919e-02 2.487388e+00 -1.739455e-03 9.999979e-01 1.080958e-03 -3.494341e-01 4.598104e-02 -9.998316e-04 9.989417e-01 1.559789e+01
9.988177e-01 -1.334436e-03 4.859544e-02 2.584819e+00 1.355402e-03 9.999990e-01 -3.984984e-04 -3.617386e-01 -4.859485e-02 4.638964e-04 9.988184e-01 1.605725e+01
9.989018e-01 1.775959e-03 -4.681815e-02 2.676791e+00 -1.731594e-03 9.999980e-01 9.881420e-04 -3.717446e-01 4.681982e-02 -9.059841e-04 9.989028e-01 1.640890e+01
9.992609e-01 -1.355049e-03 3.841551e-02 2.708780e+00 1.367427e-03 9.999990e-01 -2.959408e-04 -3.734751e-01 -3.841506e-02 3.482554e-04 9.992617e-01 1.639592e+01
9.991215e-01 1.618642e-03 -4.187590e-02 2.673371e+00 -1.581593e-03 9.999983e-01 9.178591e-04 -3.704043e-01 4.187733e-02 -8.508192e-04 9.991223e-01 1.620019e+01
9.991611e-01 -1.446783e-03 4.092770e-02 2.682156e+00 1.468424e-03 9.999988e-01 -4.987027e-04 -3.687892e-01 -4.092692e-02 5.583865e-04 9.991619e-01 1.599052e+01
9.992237e-01 1.773126e-03 -3.935635e-02 2.740555e+00 -1.737672e-03 9.999981e-01 9.350367e-04 -3.752985e-01 3.935794e-02 -8.659194e-04 9.992247e-01 1.613661e+01
9.991967e-01 -1.252874e-03 4.005602e-02 2.810793e+00 1.262649e-03 9.999992e-01 -2.187574e-04 -3.872664e-01 -4.005570e-02 2.691615e-04 9.991973e-01 1.660127e+01
9.990849e-01 1.588279e-03 -4.274076e-02 2.864203e+00 -1.558621e-03 9.999985e-01 7.272078e-04 -3.933241e-01 4.274186e-02 -6.599226e-04 9.990858e-01 1.678283e+01
9.991981e-01 -1.276778e-03 4.001991e-02 2.897042e+00 1.285705e-03 9.999992e-01 -1.973381e-04 -3.985347e-01 -4.001961e-02 2.486368e-04 9.991988e-01 1.692354e+01
9.991311e-01 1.753220e-03 -4.164019e-02 2.919276e+00 -1.718799e-03 9.999982e-01 8.624031e-04 -4.069585e-01 4.164163e-02 -7.900795e-04 9.991322e-01 1.724150e+01
9.992075e-01 -1.190150e-03 3.978576e-02 2.966093e+00 1.193941e-03 9.999993e-01 -7.152617e-05 -4.187960e-01 -3.978564e-02 1.189746e-04 9.992081e-01 1.770432e+01
9.991816e-01 1.767546e-03 -4.040935e-02 3.024970e+00 -1.735340e-03 9.999981e-01 8.320582e-04 -4.313066e-01 4.041076e-02 -7.612500e-04 9.991828e-01 1.818554e+01
9.991614e-01 -1.157202e-03 4.092788e-02 3.094621e+00 1.155859e-03 9.999993e-01 5.647955e-05 -4.464668e-01 -4.092791e-02 -9.121900e-06 9.991620e-01 1.877962e+01
9.991626e-01 1.899739e-03 -4.087102e-02 3.165079e+00 -1.864894e-03 9.999979e-01 8.906724e-04 -4.637584e-01 4.087264e-02 -8.137029e-04 9.991639e-01 1.947163e+01
9.994111e-01 -9.929671e-04 3.430013e-02 3.212693e+00 9.878379e-04 9.999995e-01 1.664820e-04 -4.808088e-01 -3.430027e-02 -1.324973e-04 9.994115e-01 2.016473e+01
9.991398e-01 1.801009e-03 -4.142859e-02 3.252885e+00 -1.772053e-03 9.999982e-01 7.356578e-04 -4.931667e-01 4.142985e-02 -6.616076e-04 9.991411e-01 2.065615e+01
9.992181e-01 -1.228271e-03 3.951779e-02 3.298075e+00 1.226377e-03 9.999992e-01 7.216718e-05 -5.053440e-01 -3.951784e-02 -2.364323e-05 9.992188e-01 2.113448e+01
9.991134e-01 1.743744e-03 -4.206482e-02 3.324403e+00 -1.717930e-03 9.999983e-01 6.498177e-04 -5.145517e-01 4.206589e-02 -5.769732e-04 9.991146e-01 2.148738e+01
9.991424e-01 -1.440150e-03 4.138223e-02 3.346945e+00 1.445951e-03 9.999989e-01 -1.102395e-04 -5.194916e-01 -4.138202e-02 1.699856e-04 9.991433e-01 2.159892e+01
9.991839e-01 1.930714e-03 -4.034567e-02 3.427591e+00 -1.900650e-03 9.999979e-01 7.835281e-04 -5.314528e-01 4.034711e-02 -7.062018e-04 9.991854e-01 2.203637e+01
9.991941e-01 -1.681811e-03 4.010353e-02 3.474228e+00 1.689873e-03 9.999986e-01 -1.671435e-04 -5.361227e-01 -4.010318e-02 2.347827e-04 9.991954e-01 2.209597e+01
9.991653e-01 1.841277e-03 -4.080914e-02 3.463321e+00 -1.818153e-03 9.999982e-01 6.037566e-04 -5.334732e-01 4.081018e-02 -5.290513e-04 9.991667e-01 2.182486e+01
9.992073e-01 -1.696343e-03 3.977404e-02 3.416967e+00 1.706364e-03 9.999985e-01 -2.179865e-04 -5.283989e-01 -3.977361e-02 2.856867e-04 9.992086e-01 2.146494e+01
9.991812e-01 2.032597e-03 -4.040806e-02 3.487738e+00 -2.004538e-03 9.999977e-01 7.349125e-04 -5.354435e-01 4.040947e-02 -6.533071e-04 9.991829e-01 2.160278e+01
9.991951e-01 -1.696508e-03 4.007872e-02 3.578495e+00 1.704679e-03 9.999985e-01 -1.697013e-04 -5.439585e-01 -4.007836e-02 2.378903e-04 9.991964e-01 2.178851e+01
9.991361e-01 2.174456e-03 -4.149976e-02 3.683764e+00 -2.142589e-03 9.999974e-01 8.123423e-04 -5.562393e-01 4.150142e-02 -7.227194e-04 9.991381e-01 2.216761e+01
9.993457e-01 -1.417577e-03 3.614187e-02 3.780729e+00 1.414132e-03 9.999990e-01 1.208691e-04 -5.724335e-01 -3.614200e-02 -6.967629e-05 9.993466e-01 2.276270e+01
9.991723e-01 2.133117e-03 -4.062180e-02 3.847700e+00 -2.103833e-03 9.999975e-01 7.636332e-04 -5.869516e-01 4.062333e-02 -6.775352e-04 9.991742e-01 2.331430e+01
9.992824e-01 -1.450590e-03 3.784814e-02 3.892393e+00 1.444925e-03 9.999989e-01 1.770210e-04 -6.013738e-01 -3.784835e-02 -1.222018e-04 9.992834e-01 2.389359e+01
9.991915e-01 2.087249e-03 -4.015069e-02 3.937998e+00 -2.062021e-03 9.999976e-01 6.697289e-04 -6.140898e-01 4.015199e-02 -5.863912e-04 9.991933e-01 2.439560e+01
9.992908e-01 -1.655949e-03 3.761823e-02 3.963237e+00 1.656865e-03 9.999986e-01 6.824309e-06 -6.219535e-01 -3.761818e-02 5.551351e-05 9.992921e-01 2.469074e+01
9.992565e-01 1.869650e-03 -3.850969e-02 3.950124e+00 -1.855560e-03 9.999982e-01 4.016113e-04 -6.210090e-01 3.851038e-02 -3.298509e-04 9.992580e-01 2.451099e+01
9.992446e-01 -1.644841e-03 3.882738e-02 4.004732e+00 1.643396e-03 9.999986e-01 6.912553e-05 -6.254916e-01 -3.882744e-02 -5.259803e-06 9.992458e-01 2.455383e+01
9.992205e-01 2.019748e-03 -3.942534e-02 4.063730e+00 -1.998344e-03 9.999978e-01 5.823135e-04 -6.341818e-01 3.942644e-02 -5.030694e-04 9.992222e-01 2.483776e+01
9.993672e-01 -1.766145e-03 3.552695e-02 4.051230e+00 1.767432e-03 9.999984e-01 -4.804423e-06 -6.352709e-01 -3.552688e-02 6.759769e-05 9.993686e-01 2.482280e+01
9.992694e-01 1.992479e-03 -3.816612e-02 4.057415e+00 -1.973320e-03 9.999979e-01 5.396514e-04 -6.363135e-01 3.816712e-02 -4.639383e-04 9.992712e-01 2.476694e+01
9.992976e-01 -1.842660e-03 3.742762e-02 3.910632e+00 1.848929e-03 9.999983e-01 -1.328801e-04 -6.240072e-01 -3.742730e-02 2.019926e-04 9.992992e-01 2.413159e+01
9.992736e-01 2.011976e-03 -3.805590e-02 3.792586e+00 -1.997871e-03 9.999979e-01 4.086555e-04 -6.128936e-01 3.805665e-02 -3.323229e-04 9.992754e-01 2.351768e+01
9.993184e-01 -1.775668e-03 3.687320e-02 3.792203e+00 1.775890e-03 9.999984e-01 2.671471e-05 -6.136379e-01 -3.687318e-02 3.879124e-05 9.993199e-01 2.339940e+01
9.992190e-01 2.059700e-03 -3.946133e-02 3.786525e+00 -2.040900e-03 9.999978e-01 5.166808e-04 -6.146456e-01 3.946231e-02 -4.357356e-04 9.992209e-01 2.333276e+01
9.992498e-01 -1.958022e-03 3.867866e-02 3.665495e+00 1.974101e-03 9.999980e-01 -3.775370e-04 -6.020433e-01 -3.867784e-02 4.536144e-04 9.992515e-01 2.259511e+01
9.991431e-01 2.087566e-03 -4.133655e-02 3.579476e+00 -2.053836e-03 9.999975e-01 8.584435e-04 -5.921745e-01 4.133824e-02 -7.728044e-04 9.991448e-01 2.199456e+01
9.991730e-01 -2.019755e-03 4.061083e-02 3.314025e+00 2.035979e-03 9.999979e-01 -3.581384e-04 -5.705911e-01 -4.061002e-02 4.405301e-04 9.991749e-01 2.095261e+01
9.991063e-01 2.089975e-03 -4.221664e-02 3.052269e+00 -2.053535e-03 9.999975e-01 9.065271e-04 -5.495710e-01 4.221844e-02 -8.190184e-04 9.991080e-01 1.993015e+01
9.992110e-01 -2.009140e-03 3.966589e-02 2.856618e+00 2.024898e-03 9.999979e-01 -3.570783e-04 -5.330154e-01 -3.966508e-02 4.371212e-04 9.992128e-01 1.907688e+01
9.991283e-01 2.127560e-03 -4.169151e-02 2.739181e+00 -2.096200e-03 9.999975e-01 7.959100e-04 -5.234009e-01 4.169310e-02 -7.078172e-04 9.991301e-01 1.854895e+01
9.992253e-01 -1.922421e-03 3.930850e-02 2.710236e+00 1.936267e-03 9.999981e-01 -3.141718e-04 -5.221231e-01 -3.930782e-02 3.900455e-04 9.992270e-01 1.841091e+01
9.991247e-01 2.119299e-03 -4.177684e-02 2.642575e+00 -2.084261e-03 9.999974e-01 8.822336e-04 -5.183803e-01 4.177861e-02 -7.943822e-04 9.991265e-01 1.817477e+01
9.992082e-01 -2.025894e-03 3.973600e-02 2.511820e+00 2.043262e-03 9.999978e-01 -3.964713e-04 -5.088731e-01 -3.973511e-02 4.773538e-04 9.992100e-01 1.768360e+01
9.989569e-01 2.237736e-03 -4.560853e-02 2.426689e+00 -2.189004e-03 9.999970e-01 1.118421e-03 -5.024174e-01 4.561090e-02 -1.017412e-03 9.989587e-01 1.731443e+01
9.992644e-01 -2.030200e-03 3.829420e-02 2.342721e+00 2.045192e-03 9.999978e-01 -3.523024e-04 -4.956553e-01 -3.829340e-02 4.303677e-04 9.992663e-01 1.692303e+01
9.991997e-01 2.151192e-03 -3.994062e-02 2.171255e+00 -2.115747e-03 9.999973e-01 9.296931e-04 -4.825303e-01 3.994252e-02 -8.444393e-04 9.992015e-01 1.627306e+01
9.991932e-01 -2.093364e-03 4.010641e-02 1.827643e+00 2.110192e-03 9.999977e-01 -3.772560e-04 -4.563025e-01 -4.010552e-02 4.615894e-04 9.991952e-01 1.507417e+01
9.992446e-01 2.180597e-03 -3.880141e-02 1.413782e+00 -2.146341e-03 9.999973e-01 9.244942e-04 -4.249724e-01 3.880332e-02 -8.405090e-04 9.992464e-01 1.368283e+01
9.991487e-01 -2.039254e-03 4.120321e-02 1.086716e+00 2.062253e-03 9.999977e-01 -5.156864e-04 -3.982491e-01 -4.120206e-02 6.002245e-04 9.991506e-01 1.246871e+01
9.991471e-01 2.196058e-03 -4.123429e-02 8.869780e-01 -2.158309e-03 9.999972e-01 9.599786e-04 -3.821639e-01 4.123629e-02 -8.701578e-04 9.991489e-01 1.169166e+01
9.992081e-01 -2.052345e-03 3.973590e-02 7.620066e-01 2.075538e-03 9.999977e-01 -5.424274e-04 -3.726685e-01 -3.973469e-02 6.244770e-04 9.992100e-01 1.119590e+01
9.991313e-01 2.178869e-03 -4.161490e-02 6.320335e-01 -2.134958e-03 9.999971e-01 1.099613e-03 -3.633951e-01 4.161718e-02 -1.009806e-03 9.991330e-01 1.072633e+01
9.991682e-01 -2.111796e-03 4.072406e-02 3.576786e-01 2.135681e-03 9.999976e-01 -5.430197e-04 -3.438420e-01 -4.072282e-02 6.295475e-04 9.991702e-01 9.838431e+00
9.991265e-01 2.202917e-03 -4.172897e-02 1.073214e-01 -2.160427e-03 9.999971e-01 1.063324e-03 -3.258663e-01 4.173120e-02 -9.722369e-04 9.991283e-01 9.010405e+00
9.991827e-01 -2.041898e-03 4.036940e-02 1.731478e-02 2.071435e-03 9.999976e-01 -6.898588e-04 -3.192927e-01 -4.036789e-02 7.729235e-04 9.991845e-01 8.643161e+00
9.990977e-01 2.230751e-03 -4.241158e-02 -4.767520e-02 -2.179515e-03 9.999968e-01 1.254274e-03 -3.150041e-01 4.241424e-02 -1.160700e-03 9.990993e-01 8.381183e+00
9.991404e-01 -2.151500e-03 4.139961e-02 -3.004219e-01 2.181675e-03 9.999974e-01 -6.837037e-04 -2.962105e-01 -4.139803e-02 7.734424e-04 9.991423e-01 7.504284e+00
9.990995e-01 2.282072e-03 -4.236618e-02 -5.013629e-01 -2.236341e-03 9.999969e-01 1.126800e-03 -2.808676e-01 4.236862e-02 -1.031034e-03 9.991014e-01 6.758913e+00
9.991540e-01 -2.118300e-03 4.107032e-02 -6.103031e-01 2.148113e-03 9.999975e-01 -6.817801e-04 -2.718792e-01 -4.106877e-02 7.694331e-04 9.991559e-01 6.271837e+00
9.991313e-01 2.280862e-03 -4.161049e-02 -7.778918e-01 -2.234507e-03 9.999968e-01 1.160513e-03 -2.577884e-01 4.161301e-02 -1.066520e-03 9.991331e-01 5.568807e+00
9.991474e-01 -2.164370e-03 4.122921e-02 -9.820437e-01 2.193903e-03 9.999974e-01 -6.710579e-04 -2.405158e-01 -4.122765e-02 7.609448e-04 9.991494e-01 4.717023e+00
9.991045e-01 2.399979e-03 -4.224273e-02 -1.036180e+00 -2.359689e-03 9.999967e-01 1.003623e-03 -2.371592e-01 4.224500e-02 -9.030379e-04 9.991068e-01 4.475704e+00
9.991838e-01 -2.203342e-03 4.033564e-02 -1.086086e+00 2.220161e-03 9.999975e-01 -3.721794e-04 -2.346572e-01 -4.033472e-02 4.614335e-04 9.991860e-01 4.281790e+00
9.991130e-01 2.558897e-03 -4.203219e-02 -1.070944e+00 -2.523560e-03 9.999964e-01 8.937554e-04 -2.393307e-01 4.203432e-02 -7.868855e-04 9.991158e-01 4.389007e+00
9.991435e-01 -2.174487e-03 4.132234e-02 -1.002229e+00 2.183455e-03 9.999976e-01 -1.718918e-04 -2.487869e-01 -4.132187e-02 2.619764e-04 9.991458e-01 4.689785e+00
9.990850e-01 2.820550e-03 -4.267652e-02 -9.332785e-01 -2.777941e-03 9.999956e-01 1.057689e-03 -2.633933e-01 4.267932e-02 -9.381621e-04 9.990883e-01 5.245216e+00
9.991234e-01 -2.080568e-03 4.181115e-02 -8.776134e-01 2.083976e-03 9.999978e-01 -3.789838e-05 -2.798650e-01 -4.181098e-02 1.250051e-04 9.991254e-01 5.918954e+00
9.991094e-01 2.829862e-03 -4.209890e-02 -8.205079e-01 -2.790670e-03 9.999956e-01 9.896855e-04 -2.958086e-01 4.210152e-02 -8.713133e-04 9.991129e-01 6.573828e+00
9.991452e-01 -2.223725e-03 4.127774e-02 -7.553662e-01 2.231435e-03 9.999975e-01 -1.407036e-04 -3.095081e-01 -4.127732e-02 2.326986e-04 9.991476e-01 7.110587e+00
9.990771e-01 2.842461e-03 -4.285898e-02 -6.624593e-01 -2.801763e-03 9.999956e-01 1.009618e-03 -3.243488e-01 4.286166e-02 -8.885989e-04 9.990805e-01 7.644118e+00
9.991586e-01 -2.459804e-03 4.093947e-02 -5.716495e-01 2.474850e-03 9.999969e-01 -3.168460e-04 -3.329309e-01 -4.093857e-02 4.179053e-04 9.991615e-01 7.823624e+00
9.990987e-01 2.784595e-03 -4.235503e-02 -5.204750e-01 -2.750243e-03 9.999958e-01 8.693085e-04 -3.379814e-01 4.235727e-02 -7.520316e-04 9.991021e-01 7.876917e+00
9.991613e-01 -2.504620e-03 4.087066e-02 -4.681158e-01 2.517631e-03 9.999968e-01 -2.668611e-04 -3.425955e-01 -4.086986e-02 3.695414e-04 9.991643e-01 7.910937e+00
9.990956e-01 2.753513e-03 -4.243050e-02 -4.181358e-01 -2.723031e-03 9.999960e-01 7.761826e-04 -3.451594e-01 4.243247e-02 -6.599341e-04 9.990990e-01 7.828202e+00
9.991547e-01 -2.356567e-03 4.104098e-02 -3.108689e-01 2.361358e-03 9.999972e-01 -6.823342e-05 -3.563951e-01 -4.104071e-02 1.650952e-04 9.991574e-01 8.162976e+00
9.990738e-01 2.551069e-03 -4.295434e-02 -2.116873e-01 -2.526616e-03 9.999966e-01 6.235628e-04 -3.595186e-01 4.295579e-02 -5.144490e-04 9.990767e-01 8.056976e+00
9.991382e-01 -2.426125e-03 4.143718e-02 -2.331833e-01 2.438897e-03 9.999970e-01 -2.576839e-04 -3.507303e-01 -4.143644e-02 3.585299e-04 9.991410e-01 7.431168e+00
9.990932e-01 2.575872e-03 -4.249810e-02 -3.352668e-01 -2.552882e-03 9.999966e-01 5.952113e-04 -3.388934e-01 4.249948e-02 -4.861718e-04 9.990963e-01 6.741061e+00
9.991365e-01 -2.441160e-03 4.147614e-02 -3.033533e-01 2.451737e-03 9.999970e-01 -2.041412e-04 -3.379679e-01 -4.147552e-02 3.056606e-04 9.991394e-01 6.501371e+00
9.990616e-01 2.610700e-03 -4.323279e-02 -3.565839e-01 -2.583380e-03 9.999964e-01 6.877844e-04 -3.306957e-01 4.323443e-02 -5.754451e-04 9.990647e-01 6.026447e+00
9.992235e-01 -2.415062e-03 3.932745e-02 -3.779227e-01 2.423450e-03 9.999970e-01 -1.656056e-04 -3.230321e-01 -3.932694e-02 2.607923e-04 9.992263e-01 5.477637e+00
9.988864e-01 2.696014e-03 -4.710342e-02 -4.328943e-01 -2.654431e-03 9.999960e-01 9.453420e-04 -3.178653e-01 4.710578e-02 -8.192493e-04 9.988895e-01 5.147732e+00
9.989613e-01 -2.261796e-03 4.550972e-02 -3.460066e-01 2.275499e-03 9.999974e-01 -2.492917e-04 -3.280560e-01 -4.550904e-02 3.525975e-04 9.989638e-01 5.443548e+00
9.989081e-01 2.786330e-03 -4.663461e-02 -2.182448e-01 -2.740377e-03 9.999957e-01 1.049281e-03 -3.422352e-01 4.663733e-02 -9.203316e-04 9.989114e-01 5.875240e+00
9.989870e-01 -2.361671e-03 4.493674e-02 -9.438767e-02 2.374741e-03 9.999972e-01 -2.374706e-04 -3.536494e-01 -4.493606e-02 3.439507e-04 9.989897e-01 6.149928e+00
9.989099e-01 2.580957e-03 -4.660883e-02 -2.819247e-02 -2.552053e-03 9.999965e-01 6.796254e-04 -3.551417e-01 4.661042e-02 -5.599288e-04 9.989129e-01 5.975466e+00
9.989979e-01 -2.446097e-03 4.469019e-02 -6.028751e-03 2.460180e-03 9.999969e-01 -2.601248e-04 -3.518877e-01 -4.468942e-02 3.698176e-04 9.990008e-01 5.609222e+00
9.989520e-01 2.702260e-03 -4.568941e-02 5.258945e-02 -2.670930e-03 9.999962e-01 7.467563e-04 -3.553387e-01 4.569124e-02 -6.239330e-04 9.989553e-01 5.551540e+00
9.989970e-01 -2.609376e-03 4.469998e-02 5.566060e-02 2.625653e-03 9.999965e-01 -3.054380e-04 -3.499096e-01 -4.469903e-02 4.225059e-04 9.990003e-01 5.079862e+00
9.989494e-01 2.744610e-03 -4.574460e-02 -1.058264e-02 -2.717919e-03 9.999961e-01 6.456680e-04 -3.418041e-01 4.574619e-02 -5.206520e-04 9.989529e-01 4.550527e+00
9.990090e-01 -2.610014e-03 4.443238e-02 -5.389556e-02 2.619084e-03 9.999966e-01 -1.458989e-04 -3.366455e-01 -4.443185e-02 2.621341e-04 9.990123e-01 4.171690e+00
9.989703e-01 2.781017e-03 -4.528339e-02 -1.728002e-01 -2.756764e-03 9.999960e-01 5.980332e-04 -3.263362e-01 4.528487e-02 -4.725741e-04 9.989739e-01 3.616690e+00
9.990076e-01 -2.668968e-03 4.445976e-02 -3.611158e-01 2.677196e-03 9.999964e-01 -1.255321e-04 -3.107406e-01 -4.445927e-02 2.444427e-04 9.990111e-01 2.833042e+00
9.989566e-01 2.798799e-03 -4.558391e-02 -5.294272e-01 -2.776460e-03 9.999960e-01 5.533737e-04 -2.963200e-01 4.558527e-02 -4.262266e-04 9.989603e-01 2.082543e+00
9.989979e-01 -2.741364e-03 4.467331e-02 -7.564660e-01 2.742929e-03 9.999962e-01 2.627281e-05 -2.791149e-01 -4.467322e-02 9.629703e-05 9.990015e-01 1.265982e+00
9.989889e-01 2.798278e-03 -4.487003e-02 -1.080360e+00 -2.774028e-03 9.999960e-01 6.027051e-04 -2.547875e-01 4.487153e-02 -4.776171e-04 9.989926e-01 1.566465e-01
9.989916e-01 -2.746125e-03 4.481422e-02 -1.384517e+00 2.752131e-03 9.999962e-01 -7.233307e-05 -2.304623e-01 -4.481386e-02 1.956026e-04 9.989952e-01 -9.914186e-01
9.989675e-01 2.830484e-03 -4.534298e-02 -1.639048e+00 -2.806451e-03 9.999959e-01 5.936822e-04 -2.092079e-01 4.534447e-02 -4.658084e-04 9.989712e-01 -2.026122e+00
9.989706e-01 -2.758240e-03 4.527934e-02 -1.923680e+00 2.763889e-03 9.999962e-01 -6.214035e-05 -1.869270e-01 -4.527900e-02 1.872314e-04 9.989743e-01 -3.068985e+00
9.989684e-01 2.792582e-03 -4.532521e-02 -2.302710e+00 -2.762818e-03 9.999959e-01 7.193146e-04 -1.580556e-01 4.532703e-02 -5.933392e-04 9.989719e-01 -4.386666e+00
9.989238e-01 -2.801521e-03 4.629579e-02 -2.763825e+00 2.810038e-03 9.999960e-01 -1.188867e-04 -1.228430e-01 -4.629527e-02 2.488598e-04 9.989277e-01 -5.972820e+00
9.988828e-01 2.854285e-03 -4.716990e-02 -3.062197e+00 -2.824217e-03 9.999958e-01 7.040754e-04 -9.970048e-02 4.717170e-02 -5.700627e-04 9.988865e-01 -7.063714e+00
9.989424e-01 -2.785077e-03 4.589406e-02 -3.291120e+00 2.794289e-03 9.999961e-01 -1.365528e-04 -8.120772e-02 -4.589350e-02 2.646578e-04 9.989462e-01 -7.970807e+00
9.988939e-01 2.934131e-03 -4.692963e-02 -3.347373e+00 -2.915763e-03 9.999956e-01 4.598548e-04 -7.517797e-02 4.693077e-02 -3.225023e-04 9.988980e-01 -8.380507e+00
9.990325e-01 -2.417628e-03 4.391173e-02 -3.287260e+00 2.404975e-03 9.999970e-01 3.409790e-04 -8.728387e-02 -4.391243e-02 -2.350342e-04 9.990353e-01 -7.930485e+00
9.988584e-01 2.754222e-03 -4.768967e-02 -3.243566e+00 -2.742453e-03 9.999962e-01 3.122199e-04 -9.274839e-02 4.769035e-02 -1.810685e-04 9.988621e-01 -7.791352e+00
9.989712e-01 -2.434435e-03 4.528288e-02 -3.204308e+00 2.425157e-03 9.999970e-01 2.598470e-04 -9.876531e-02 -4.528338e-02 -1.497533e-04 9.989741e-01 -7.628779e+00
9.988398e-01 3.032215e-03 -4.806025e-02 -3.154087e+00 -3.006483e-03 9.999953e-01 6.076884e-04 -1.109695e-01 4.806186e-02 -4.624827e-04 9.988442e-01 -7.160333e+00
9.989172e-01 -2.894395e-03 4.643271e-02 -3.218686e+00 2.897019e-03 9.999958e-01 1.077711e-05 -1.056881e-01 -4.643255e-02 1.237595e-04 9.989213e-01 -7.479990e+00
9.985265e-01 3.077307e-03 -5.417926e-02 -3.377567e+00 -3.033013e-03 9.999950e-01 8.997354e-04 -9.370993e-02 5.418175e-02 -7.340746e-04 9.985307e-01 -8.086144e+00
9.990075e-01 -2.654693e-03 4.446238e-02 -3.406514e+00 2.661659e-03 9.999965e-01 -9.745463e-05 -9.183297e-02 -4.446198e-02 2.157102e-04 9.990110e-01 -8.229597e+00
9.988320e-01 3.043980e-03 -4.822173e-02 -3.371687e+00 -3.012603e-03 9.999952e-01 7.233364e-04 -9.782140e-02 4.822369e-02 -5.772100e-04 9.988363e-01 -8.033960e+00
9.989919e-01 -2.662254e-03 4.481287e-02 -3.352856e+00 2.667629e-03 9.999964e-01 -6.011961e-05 -1.033031e-01 -4.481256e-02 1.796118e-04 9.989953e-01 -7.854973e+00
9.988657e-01 2.880021e-03 -4.752821e-02 -3.396266e+00 -2.851741e-03 9.999957e-01 6.628136e-04 -1.019263e-01 4.752991e-02 -5.265149e-04 9.988696e-01 -7.977434e+00
9.989997e-01 -2.587714e-03 4.464154e-02 -3.416258e+00 2.593101e-03 9.999966e-01 -6.274372e-05 -1.038927e-01 -4.464123e-02 1.784497e-04 9.990030e-01 -7.937765e+00
9.988898e-01 2.952230e-03 -4.701646e-02 -3.420430e+00 -2.921152e-03 9.999955e-01 7.296943e-04 -1.077835e-01 4.701839e-02 -5.915331e-04 9.988937e-01 -7.831080e+00
9.989389e-01 -2.525502e-03 4.598522e-02 -3.388171e+00 2.530747e-03 9.999968e-01 -5.581830e-05 -1.163316e-01 -4.598495e-02 1.721449e-04 9.989420e-01 -7.528469e+00
9.988708e-01 3.025565e-03 -4.741285e-02 -3.347221e+00 -2.989709e-03 9.999952e-01 8.271337e-04 -1.262609e-01 4.741512e-02 -6.844401e-04 9.988749e-01 -7.156148e+00
9.989617e-01 -2.910143e-03 4.546565e-02 -3.426418e+00 2.923752e-03 9.999957e-01 -2.327953e-04 -1.200499e-01 -4.546479e-02 3.654928e-04 9.989658e-01 -7.521135e+00
9.988831e-01 3.026227e-03 -4.715387e-02 -3.585283e+00 -2.992433e-03 9.999952e-01 7.872611e-04 -1.083814e-01 4.715602e-02 -6.452680e-04 9.988872e-01 -8.103336e+00
9.989678e-01 -2.910484e-03 4.532994e-02 -3.705054e+00 2.925527e-03 9.999957e-01 -2.654891e-04 -9.970237e-02 -4.532898e-02 3.978381e-04 9.989719e-01 -8.555629e+00
9.988705e-01 3.066152e-03 -4.741660e-02 -3.771678e+00 -3.032761e-03 9.999951e-01 7.761206e-04 -9.491332e-02 4.741873e-02 -6.314316e-04 9.988748e-01 -8.846852e+00
9.989629e-01 -2.944667e-03 4.543620e-02 -3.883833e+00 2.958922e-03 9.999956e-01 -2.464535e-04 -8.684230e-02 -4.543529e-02 3.806492e-04 9.989671e-01 -9.274806e+00
9.988851e-01 3.056692e-03 -4.710788e-02 -4.049711e+00 -3.022674e-03 9.999951e-01 7.933434e-04 -7.470793e-02 4.711006e-02 -6.500580e-04 9.988894e-01 -9.875359e+00
9.989997e-01 -2.992655e-03 4.461599e-02 -4.186667e+00 3.005038e-03 9.999955e-01 -2.104676e-04 -6.556345e-02 -4.461517e-02 3.443391e-04 9.990041e-01 -1.033666e+01
9.988300e-01 3.413245e-03 -4.823806e-02 -4.210378e+00 -3.374575e-03 9.999939e-01 8.830723e-04 -6.930523e-02 4.824077e-02 -7.192469e-04 9.988354e-01 -1.020265e+01
9.989880e-01 -3.072982e-03 4.487133e-02 -4.213230e+00 3.084292e-03 9.999952e-01 -1.828038e-04 -7.323036e-02 -4.487057e-02 3.210244e-04 9.989927e-01 -1.007801e+01
9.988839e-01 3.235874e-03 -4.712155e-02 -4.267451e+00 -3.207618e-03 9.999946e-01 6.752435e-04 -6.918787e-02 4.712347e-02 -5.233326e-04 9.988888e-01 -1.034505e+01
9.990065e-01 -2.745140e-03 4.448051e-02 -4.219833e+00 2.742710e-03 9.999962e-01 1.156671e-04 -7.940904e-02 -4.448067e-02 6.454404e-06 9.990101e-01 -9.960097e+00
9.988907e-01 3.276764e-03 -4.697384e-02 -4.165542e+00 -3.248099e-03 9.999945e-01 6.865558e-04 -9.036398e-02 4.697582e-02 -5.332091e-04 9.988958e-01 -9.552005e+00
9.990513e-01 -2.686849e-03 4.346484e-02 -4.125535e+00 2.680388e-03 9.999964e-01 2.069511e-04 -1.021246e-01 -4.346526e-02 -9.024252e-05 9.990548e-01 -9.091184e+00
9.988969e-01 3.207337e-03 -4.684779e-02 -4.079560e+00 -3.184683e-03 9.999948e-01 5.581802e-04 -1.119097e-01 4.684933e-02 -4.083595e-04 9.989018e-01 -8.723644e+00
9.990391e-01 -2.693586e-03 4.374493e-02 -4.035354e+00 2.684149e-03 9.999964e-01 2.744754e-04 -1.224946e-01 -4.374553e-02 -1.567840e-04 9.990426e-01 -8.321370e+00
9.989016e-01 3.127022e-03 -4.675294e-02 -3.997589e+00 -3.111204e-03 9.999951e-01 4.110776e-04 -1.303655e-01 4.675398e-02 -2.651584e-04 9.989063e-01 -8.037534e+00
9.990678e-01 -2.805826e-03 4.307641e-02 -3.993678e+00 2.798563e-03 9.999961e-01 2.289377e-04 -1.343813e-01 -4.307690e-02 -1.081625e-04 9.990717e-01 -7.919138e+00
9.984105e-01 3.395344e-03 -5.625838e-02 -3.994185e+00 -3.354382e-03 9.999940e-01 8.225127e-04 -1.366933e-01 5.626082e-02 -6.324833e-04 9.984158e-01 -7.826079e+00
9.988819e-01 -2.776123e-03 4.719385e-02 -3.960732e+00 2.775029e-03 9.999961e-01 8.872020e-05 -1.427232e-01 -4.719393e-02 4.235320e-05 9.988856e-01 -7.594569e+00
9.986627e-01 3.307630e-03 -5.159341e-02 -3.917388e+00 -3.277228e-03 9.999944e-01 6.738370e-04 -1.517979e-01 5.159533e-02 -5.038425e-04 9.986678e-01 -7.255902e+00
9.992230e-01 -2.693481e-03 3.932035e-02 -3.895463e+00 2.682329e-03 9.999963e-01 3.364212e-04 -1.561679e-01 -3.932113e-02 -2.306797e-04 9.992265e-01 -7.081861e+00
9.987876e-01 3.281947e-03 -4.911716e-02 -3.871306e+00 -3.257615e-03 9.999945e-01 5.754064e-04 -1.613425e-01 4.911876e-02 -4.146939e-04 9.987928e-01 -6.880943e+00
9.989754e-01 -3.007594e-03 4.515598e-02 -3.851397e+00 3.008915e-03 9.999955e-01 3.874943e-05 -1.636716e-01 -4.515591e-02 9.717093e-05 9.989798e-01 -6.853085e+00
9.988749e-01 3.283957e-03 -4.730917e-02 -3.810185e+00 -3.262260e-03 9.999945e-01 5.357990e-04 -1.688168e-01 4.731065e-02 -3.808511e-04 9.988801e-01 -6.709980e+00
9.989985e-01 -3.021849e-03 4.464076e-02 -3.790692e+00 3.022666e-03 9.999954e-01 4.922826e-05 -1.720217e-01 -4.464073e-02 8.576540e-05 9.990030e-01 -6.649565e+00
9.987976e-01 3.382318e-03 -4.890689e-02 -3.771686e+00 -3.356180e-03 9.999942e-01 6.165384e-04 -1.768310e-01 4.890867e-02 -4.516465e-04 9.988031e-01 -6.498904e+00
9.994352e-01 -2.736853e-03 3.349415e-02 -3.764819e+00 2.722577e-03 9.999962e-01 4.718803e-04 -1.792269e-01 -3.349534e-02 -3.804130e-04 9.994387e-01 -6.397295e+00
9.992244e-01 3.182345e-03 -3.924878e-02 -3.746284e+00 -3.173791e-03 9.999949e-01 2.802272e-04 -1.852983e-01 3.924945e-02 -1.554321e-04 9.992293e-01 -6.167768e+00
9.995382e-01 -2.499049e-03 3.028497e-02 -3.750710e+00 2.477976e-03 9.999967e-01 7.333793e-04 -1.939077e-01 -3.028673e-02 -6.579846e-04 9.995409e-01 -5.771844e+00
9.991843e-01 3.145611e-03 -4.025976e-02 -3.779162e+00 -3.136353e-03 9.999950e-01 2.930696e-04 -1.990731e-01 4.026045e-02 -1.665511e-04 9.991891e-01 -5.531086e+00
9.995187e-01 -2.582808e-03 3.091346e-02 -3.796987e+00 2.565274e-03 9.999965e-01 6.068967e-04 -2.036953e-01 -3.091495e-02 -5.272925e-04 9.995218e-01 -5.323437e+00
9.992890e-01 3.151748e-03 -3.757049e-02 -3.823728e+00 -3.143508e-03 9.999950e-01 2.783363e-04 -2.100408e-01 3.757115e-02 -1.600246e-04 9.992938e-01 -5.032142e+00
9.994463e-01 -2.747161e-03 3.316056e-02 -3.907240e+00 2.731792e-03 9.999961e-01 5.088173e-04 -2.123217e-01 -3.316186e-02 -4.179370e-04 9.994498e-01 -4.889510e+00
9.991103e-01 3.215433e-03 -4.205149e-02 -3.988620e+00 -3.201054e-03 9.999948e-01 4.092222e-04 -2.123213e-01 4.205256e-02 -2.742382e-04 9.991153e-01 -4.854670e+00
9.993192e-01 -2.781191e-03 3.678839e-02 -4.044414e+00 2.767476e-03 9.999961e-01 4.237875e-04 -2.162286e-01 -3.678945e-02 -3.216771e-04 9.993229e-01 -4.659579e+00
9.992375e-01 2.870450e-03 -3.893699e-02 -4.174799e+00 -2.866705e-03 9.999959e-01 1.519899e-04 -2.077846e-01 3.893724e-02 -4.024223e-05 9.992416e-01 -5.076388e+00
9.993437e-01 -2.837003e-03 3.611209e-02 -4.308573e+00 2.823702e-03 9.999959e-01 4.193717e-04 -1.984296e-01 -3.611316e-02 -3.171158e-04 9.993476e-01 -5.558170e+00
9.992066e-01 3.323511e-03 -3.968825e-02 -4.302672e+00 -3.315734e-03 9.999945e-01 2.617236e-04 -2.055462e-01 3.968887e-02 -1.299093e-04 9.992120e-01 -5.275378e+00
9.993496e-01 -2.753285e-03 3.595568e-02 -4.306600e+00 2.733012e-03 9.999961e-01 6.130232e-04 -2.151021e-01 -3.595725e-02 -5.143461e-04 9.993531e-01 -4.857213e+00
9.991580e-01 3.111622e-03 -4.090856e-02 -4.398774e+00 -3.106495e-03 9.999952e-01 1.888527e-04 -2.152027e-01 4.090892e-02 -6.160036e-05 9.991628e-01 -4.834876e+00
9.994133e-01 -2.738713e-03 3.414064e-02 -4.499515e+00 2.720166e-03 9.999961e-01 5.897423e-04 -2.134821e-01 -3.414216e-02 -4.965169e-04 9.994168e-01 -4.895827e+00
9.992212e-01 2.872429e-03 -3.935403e-02 -4.672783e+00 -2.867553e-03 9.999959e-01 1.803162e-04 -2.035625e-01 3.935435e-02 -6.731474e-05 9.992252e-01 -5.332298e+00
9.992915e-01 -2.815318e-03 3.752968e-02 -4.867943e+00 2.803669e-03 9.999960e-01 3.630925e-04 -1.914101e-01 -3.753059e-02 -2.576032e-04 9.992953e-01 -5.876392e+00
9.991650e-01 3.085289e-03 -4.074135e-02 -4.963135e+00 -3.076412e-03 9.999952e-01 2.805447e-04 -1.885497e-01 4.074199e-02 -1.549620e-04 9.991696e-01 -6.034675e+00
9.992719e-01 -2.689614e-03 3.805766e-02 -4.943921e+00 2.675333e-03 9.999963e-01 4.262377e-04 -1.950074e-01 -3.805870e-02 -3.240991e-04 9.992754e-01 -5.849860e+00
9.991655e-01 3.084782e-03 -4.072790e-02 -4.965692e+00 -3.079247e-03 9.999952e-01 1.985881e-04 -1.982827e-01 4.072829e-02 -7.299968e-05 9.991702e-01 -5.781397e+00
9.992650e-01 -2.790310e-03 3.823070e-02 -5.002446e+00 2.775016e-03 9.999960e-01 4.531805e-04 -1.991057e-01 -3.823184e-02 -3.467452e-04 9.992687e-01 -5.821922e+00
9.991750e-01 3.129758e-03 -4.049048e-02 -4.965129e+00 -3.128459e-03 9.999951e-01 9.540247e-05 -2.040045e-01 4.049055e-02 3.136051e-05 9.991798e-01 -5.755830e+00
9.992769e-01 -2.881338e-03 3.791389e-02 -4.935817e+00 2.864049e-03 9.999958e-01 5.103847e-04 -2.064710e-01 -3.791523e-02 -4.014169e-04 9.992808e-01 -5.807185e+00
9.991854e-01 3.059190e-03 -4.023914e-02 -4.938918e+00 -3.068663e-03 9.999953e-01 -1.736794e-04 -1.978200e-01 4.023839e-02 2.970299e-04 9.991900e-01 -6.451726e+00
9.992780e-01 -2.907398e-03 3.788072e-02 -4.912046e+00 2.891491e-03 9.999957e-01 4.747607e-04 -1.923643e-01 -3.788197e-02 -3.648746e-04 9.992821e-01 -6.948445e+00
9.992004e-01 3.114524e-03 -3.986140e-02 -4.937809e+00 -3.119476e-03 9.999951e-01 -6.209798e-05 -1.894717e-01 3.986098e-02 1.864066e-04 9.992051e-01 -7.237923e+00
9.992863e-01 -2.911367e-03 3.766210e-02 -4.970041e+00 2.890017e-03 9.999956e-01 6.213661e-04 -1.874233e-01 -3.766378e-02 -5.120669e-04 9.992902e-01 -7.464360e+00
9.992028e-01 3.170741e-03 -3.979618e-02 -4.976419e+00 -3.181442e-03 9.999949e-01 -2.056143e-04 -1.879897e-01 3.979530e-02 3.320712e-04 9.992077e-01 -7.570044e+00
9.993500e-01 -2.716175e-03 3.594729e-02 -4.904611e+00 2.682724e-03 9.999959e-01 9.788058e-04 -1.985462e-01 -3.594983e-02 -8.817212e-04 9.993531e-01 -7.203216e+00
9.990239e-01 3.450106e-03 -4.403870e-02 -4.853947e+00 -3.453340e-03 9.999940e-01 2.606246e-06 -2.102654e-01 4.403841e-02 1.494886e-04 9.990297e-01 -6.736772e+00
9.996750e-01 -2.411169e-03 2.537989e-02 -4.811306e+00 2.378512e-03 9.999963e-01 1.316950e-03 -2.183435e-01 -2.538301e-02 -1.256144e-03 9.996769e-01 -6.386416e+00
9.993072e-01 3.276823e-03 -3.707362e-02 -4.699207e+00 -3.294294e-03 9.999945e-01 -4.102117e-04 -2.279627e-01 3.707203e-02 5.320707e-04 9.993124e-01 -6.061963e+00
9.999964e-01 -1.780893e-03 -2.005465e-03 -4.686619e+00 1.785826e-03 9.999954e-01 2.459429e-03 -2.302209e-01 2.001035e-03 -2.462990e-03 9.999949e-01 -5.866780e+00
9.993720e-01 3.379169e-03 -3.527256e-02 -4.682846e+00 -3.394798e-03 9.999942e-01 -3.832972e-04 -2.339102e-01 3.527101e-02 5.028118e-04 9.993776e-01 -5.595007e+00
9.999874e-01 -2.067914e-03 4.570776e-03 -4.682298e+00 2.058021e-03 9.999955e-01 2.168737e-03 -2.386203e-01 -4.575287e-03 -2.159291e-03 9.999871e-01 -5.299139e+00
9.990782e-01 3.650642e-03 -4.277080e-02 -4.674389e+00 -3.655214e-03 9.999933e-01 -2.876220e-05 -2.420051e-01 4.277036e-02 1.850844e-04 9.990848e-01 -5.050362e+00
9.999491e-01 -1.768000e-03 -9.929204e-03 -4.726371e+00 1.795220e-03 9.999947e-01 2.732868e-03 -2.413099e-01 9.924265e-03 -2.750541e-03 9.999469e-01 -4.869306e+00
9.994168e-01 3.485700e-03 -3.396904e-02 -4.750148e+00 -3.500240e-03 9.999938e-01 -3.686852e-04 -2.418015e-01 3.396748e-02 4.873824e-04 9.994227e-01 -4.700151e+00
9.999669e-01 -1.775281e-03 -7.940399e-03 -4.737885e+00 1.795556e-03 9.999951e-01 2.546472e-03 -2.462856e-01 7.935778e-03 -2.560633e-03 9.999651e-01 -4.380970e+00
9.984890e-01 4.147010e-03 -5.479581e-02 -4.843263e+00 -4.105062e-03 9.999912e-01 8.779819e-04 -2.458029e-01 5.479891e-02 -6.517024e-04 9.984971e-01 -4.087944e+00
9.999743e-01 -2.167512e-03 6.831992e-03 -4.892996e+00 2.155443e-03 9.999961e-01 1.774173e-03 -2.493481e-01 -6.835881e-03 -1.759389e-03 9.999750e-01 -3.717256e+00
9.982816e-01 4.423464e-03 -5.843178e-02 -4.935309e+00 -4.364192e-03 9.999898e-01 1.141880e-03 -2.541590e-01 5.843617e-02 -8.848973e-04 9.982907e-01 -3.277882e+00
9.999931e-01 -2.175789e-03 3.016114e-03 -5.012855e+00 2.170110e-03 9.999959e-01 1.886982e-03 -2.578999e-01 -3.020284e-03 -1.880411e-03 9.999936e-01 -2.832238e+00
9.984997e-01 4.299770e-03 -5.458796e-02 -5.100014e+00 -4.245491e-03 9.999904e-01 1.110146e-03 -2.616536e-01 5.459213e-02 -8.767150e-04 9.985083e-01 -2.400773e+00
9.999742e-01 -1.974490e-03 -6.901066e-03 -5.202028e+00 1.989514e-03 9.999957e-01 2.170022e-03 -2.635564e-01 6.896667e-03 -2.183683e-03 9.999738e-01 -2.000310e+00
9.963567e-01 5.364644e-03 -8.511412e-02 -5.389002e+00 -5.147670e-03 9.999829e-01 2.768390e-03 -2.597518e-01 8.512743e-02 -2.320152e-03 9.963673e-01 -1.668619e+00
9.999283e-01 -2.066668e-03 -1.178849e-02 -5.580579e+00 2.090946e-03 9.999957e-01 2.046822e-03 -2.515653e-01 1.178412e-02 -2.071313e-03 9.999284e-01 -1.523135e+00
9.969439e-01 5.248429e-03 -7.794329e-02 -5.750286e+00 -5.056280e-03 9.999837e-01 2.662288e-03 -2.448434e-01 7.795590e-02 -2.260037e-03 9.969542e-01 -1.362653e+00
9.998655e-01 -2.030404e-03 -1.627026e-02 -5.936879e+00 2.063587e-03 9.999958e-01 2.022363e-03 -2.372761e-01 1.626599e-02 -2.055654e-03 9.998655e-01 -1.203732e+00
9.965752e-01 5.537659e-03 -8.250574e-02 -6.133792e+00 -5.296517e-03 9.999810e-01 3.141200e-03 -2.290754e-01 8.252147e-02 -2.693437e-03 9.965856e-01 -1.046988e+00
9.998813e-01 -2.116516e-03 -1.526065e-02 -6.325306e+00 2.143636e-03 9.999962e-01 1.760268e-03 -2.227901e-01 1.525677e-02 -1.792761e-03 9.998820e-01 -8.011559e-01
9.973269e-01 5.396010e-03 -7.286876e-02 -6.505370e+00 -5.193367e-03 9.999821e-01 2.969961e-03 -2.187646e-01 7.288338e-02 -2.583578e-03 9.973371e-01 -4.889411e-01
9.999921e-01 -2.603527e-03 -2.985780e-03 -6.662613e+00 2.606626e-03 9.999961e-01 1.030697e-03 -2.170588e-01 2.982987e-03 -1.038462e-03 9.999950e-01 -1.426225e-01
9.960095e-01 5.958302e-03 -8.904746e-02 -6.861124e+00 -5.628115e-03 9.999763e-01 3.958477e-03 -2.115829e-01 8.906884e-02 -3.441502e-03 9.960195e-01 1.278105e-01
9.996427e-01 -1.807077e-03 -2.666547e-02 -7.114448e+00 1.856993e-03 9.999966e-01 1.846816e-03 -2.048528e-01 2.666195e-02 -1.895665e-03 9.996427e-01 5.004537e-01
9.960649e-01 5.966075e-03 -8.842509e-02 -7.372736e+00 -5.615019e-03 9.999753e-01 4.218161e-03 -1.969978e-01 8.844799e-02 -3.705046e-03 9.960739e-01 8.150954e-01
9.999960e-01 -2.774839e-03 -3.361002e-04 -7.563368e+00 2.774967e-03 9.999961e-01 3.405939e-04 -1.906979e-01 3.350707e-04 -3.415177e-04 9.999999e-01 1.025494e+00
9.959165e-01 6.039969e-03 -9.007611e-02 -7.754504e+00 -5.653346e-03 9.999737e-01 4.546550e-03 -1.840988e-01 9.010113e-02 -4.018746e-03 9.959245e-01 1.224157e+00
9.999313e-01 -2.432879e-03 -1.146164e-02 -7.967335e+00 2.439441e-03 9.999969e-01 5.573730e-04 -1.763737e-01 1.146017e-02 -5.852886e-04 9.999341e-01 1.435891e+00
9.950025e-01 6.410533e-03 -9.964269e-02 -8.207239e+00 -5.909437e-03 9.999684e-01 5.323128e-03 -1.670102e-01 9.967360e-02 -4.707689e-03 9.950090e-01 1.638172e+00
9.999720e-01 -2.574583e-03 -7.010071e-03 -8.435880e+00 2.574923e-03 9.999967e-01 3.733532e-05 -1.576120e-01 7.009897e-03 -5.538030e-05 9.999754e-01 1.809559e+00
9.959595e-01 6.051139e-03 -8.959845e-02 -8.636961e+00 -5.614186e-03 9.999711e-01 5.127853e-03 -1.506145e-01 8.962684e-02 -4.604108e-03 9.959648e-01 2.025870e+00
9.998118e-01 -2.171922e-03 -1.927233e-02 -8.849455e+00 2.176678e-03 9.999976e-01 2.250984e-04 -1.409643e-01 1.927176e-02 -2.670028e-04 9.998142e-01 2.169065e+00
9.956866e-01 6.275964e-03 -9.256705e-02 -9.049493e+00 -5.776392e-03 9.999673e-01 5.663666e-03 -1.352466e-01 9.259954e-02 -5.104531e-03 9.956903e-01 2.509650e+00
9.998213e-01 -1.943425e-03 -1.879745e-02 -9.247821e+00 1.943656e-03 9.999981e-01 -6.702515e-06 -1.332749e-01 1.879741e-02 -2.983331e-05 9.998233e-01 3.023924e+00
9.973804e-01 5.577022e-03 -7.211792e-02 -9.391496e+00 -5.232504e-03 9.999740e-01 4.965003e-03 -1.364026e-01 7.214373e-02 -4.574639e-03 9.973838e-01 3.645312e+00
9.997833e-01 -1.820019e-03 -2.073389e-02 -9.552512e+00 1.817526e-03 9.999983e-01 -1.397287e-04 -1.390049e-01 2.073412e-02 1.020139e-04 9.997850e-01 4.265220e+00
9.976875e-01 5.230250e-03 -6.776454e-02 -9.718623e+00 -4.905827e-03 9.999757e-01 4.952851e-03 -1.399630e-01 6.778881e-02 -4.608957e-03 9.976890e-01 4.795429e+00
9.997736e-01 -1.715031e-03 -2.120549e-02 -9.880734e+00 1.707444e-03 9.999985e-01 -3.764786e-04 -1.400231e-01 2.120612e-02 3.401849e-04 9.997751e-01 5.280924e+00
