9.978769e-01 1.991009e-03 -6.509804e-02 -6.469622e-02 -1.853509e-03 9.999959e-01 2.172531e-03 3.187265e-03 6.510209e-02 -2.047258e-03 9.978764e-01 8.362556e-02
9.998078e-01 -4.000851e-04 1.959883e-02 -1.683465e-01 4.096166e-04 9.999998e-01 -4.823117e-04 5.696553e-03 -1.959865e-02 4.902479e-04 9.998077e-01 2.152154e-01
9.987178e-01 1.623910e-03 -5.059768e-02 -2.656058e-01 -1.539119e-03 9.999973e-01 1.714717e-03 6.449581e-03 5.060031e-02 -1.634642e-03 9.987175e-01 3.990459e-01
9.991933e-01 -8.470779e-04 4.015024e-02 -2.770538e-01 8.976315e-04 9.999988e-01 -1.241098e-03 6.535625e-03 -4.014916e-02 1.276137e-03 9.991928e-01 4.622095e-01
9.999221e-01 1.218125e-03 -1.241859e-02 -2.737825e-01 -1.205440e-03 9.999987e-01 1.028936e-03 8.692737e-03 1.241982e-02 -1.013885e-03 9.999223e-01 4.755605e-01
9.991415e-01 -8.836820e-04 4.141758e-02 -2.838744e-01 9.338835e-04 9.999989e-01 -1.192747e-03 1.126431e-02 -4.141649e-02 1.230404e-03 9.991411e-01 4.930026e-01
9.998337e-01 1.251767e-03 -1.819497e-02 -3.091757e-01 -1.231414e-03 9.999986e-01 1.129773e-03 1.360862e-02 1.819635e-02 -1.107178e-03 9.998337e-01 5.202857e-01
9.997249e-01 -6.328713e-04 2.344775e-02 -3.759219e-01 6.527438e-04 9.999994e-01 -8.398764e-04 1.639639e-02 -2.344721e-02 8.549517e-04 9.997246e-01 5.587606e-01
9.997656e-01 1.361891e-03 -2.160826e-02 -4.424957e-01 -1.334548e-03 9.999983e-01 1.279742e-03 1.952580e-02 2.160996e-02 -1.250604e-03 9.997656e-01 5.767233e-01
9.998325e-01 -5.917333e-04 1.829495e-02 -5.117889e-01 6.069098e-04 9.999995e-01 -8.239975e-04 2.259366e-02 -1.829446e-02 8.349639e-04 9.998322e-01 5.967164e-01
9.998535e-01 1.296647e-03 -1.706918e-02 -5.993203e-01 -1.275583e-03 9.999984e-01 1.244860e-03 2.613168e-02 1.707076e-02 -1.222904e-03 9.998534e-01 6.217162e-01
9.998501e-01 -5.415589e-04 1.730577e-02 -7.015647e-01 5.564668e-04 9.999995e-01 -8.566346e-04 2.964581e-02 -1.730530e-02 8.661374e-04 9.998498e-01 6.779158e-01
9.999992e-01 1.015855e-03 7.480412e-04 -7.644482e-01 -1.016475e-03 9.999991e-01 8.281325e-04 3.297185e-02 -7.472042e-04 -8.288911e-04 9.999993e-01 6.976449e-01
9.997696e-01 -6.182592e-04 2.145792e-02 -8.096667e-01 6.364433e-04 9.999994e-01 -8.406067e-04 3.617771e-02 -2.145739e-02 8.540708e-04 9.997693e-01 7.090586e-01
9.999236e-01 1.204489e-03 -1.229889e-02 -8.641032e-01 -1.190407e-03 9.999986e-01 1.152273e-03 3.956235e-02 1.230026e-02 -1.137543e-03 9.999236e-01 7.069072e-01
9.999994e-01 -3.227535e-04 1.079568e-03 -9.273088e-01 3.232905e-04 9.999998e-01 -4.972984e-04 4.222153e-02 -1.079410e-03 4.976483e-04 9.999992e-01 7.156031e-01
9.998356e-01 1.149020e-03 -1.809770e-02 -9.727826e-01 -1.127675e-03 9.999987e-01 1.189622e-03 4.364649e-02 1.809904e-02 -1.169017e-03 9.998354e-01 7.523035e-01
9.998818e-01 -4.500944e-04 1.537045e-02 -1.041181e+00 4.611844e-04 9.999996e-01 -7.179733e-04 4.607650e-02 -1.537013e-02 7.249783e-04 9.998815e-01 7.883355e-01
9.988749e-01 1.614306e-03 -4.739570e-02 -1.077522e+00 -1.523030e-03 9.999969e-01 1.961863e-03 4.809555e-02 4.739872e-02 -1.887469e-03 9.988742e-01 8.010973e-01
9.999733e-01 -2.958800e-04 7.300369e-03 -1.047918e+00 3.001460e-04 9.999998e-01 -5.832491e-04 4.928050e-02 -7.300207e-03 5.854262e-04 9.999731e-01 7.910604e-01
9.993286e-01 1.288218e-03 -3.661441e-02 -9.461580e-01 -1.229127e-03 9.999979e-01 1.636322e-03 4.878318e-02 3.661642e-02 -1.590218e-03 9.993280e-01 7.332041e-01
9.999735e-01 -1.467891e-04 -7.278294e-03 -7.695633e-01 1.442988e-04 9.999999e-01 -3.427109e-04 4.500566e-02 7.278325e-03 3.416533e-04 9.999734e-01 8.031730e-01
9.997750e-01 1.056203e-03 -2.118473e-02 -6.287900e-01 -1.029485e-03 9.999987e-01 1.272059e-03 4.026315e-02 2.118602e-02 -1.249962e-03 9.997747e-01 9.391119e-01
9.994449e-01 3.433827e-04 -3.331447e-02 -4.292839e-01 -3.348426e-04 9.999999e-01 2.619200e-04 3.551134e-02 3.331453e-02 -2.506175e-04 9.994448e-01 1.062630e+00
9.994814e-01 1.189941e-03 -3.217977e-02 7.203711e-03 -1.145081e-03 9.999983e-01 1.412437e-03 2.495268e-02 3.218136e-02 -1.374854e-03 9.994810e-01 1.222472e+00
9.997956e-01 1.074386e-04 -2.021913e-02 3.258066e-01 -1.081403e-04 1.000000e+00 -3.363408e-05 1.601801e-02 2.021908e-02 3.581589e-05 9.997955e-01 1.410777e+00
9.996170e-01 1.191230e-03 -2.765006e-02 4.667231e-01 -1.150181e-03 9.999982e-01 1.500433e-03 1.308498e-02 2.765175e-02 -1.468053e-03 9.996164e-01 1.492267e+00
9.994004e-01 2.005331e-04 -3.462482e-02 1.054208e+00 -2.042597e-04 1.000000e+00 -1.041094e-04 -8.444236e-04 3.462475e-02 1.111218e-04 9.994003e-01 1.584162e+00
9.996182e-01 1.150984e-03 -2.760802e-02 1.501928e+00 -1.104751e-03 9.999980e-01 1.689798e-03 -1.029981e-02 2.760986e-02 -1.658651e-03 9.996173e-01 1.622407e+00
9.998191e-01 1.148129e-04 -1.901878e-02 1.804543e+00 -1.229032e-04 9.999999e-01 -4.242573e-04 -1.752923e-02 1.901867e-02 4.265205e-04 9.998189e-01 1.714400e+00
9.998552e-01 8.090729e-04 -1.699819e-02 2.065358e+00 -7.843717e-04 9.999986e-01 1.459734e-03 -2.347196e-02 1.699929e-02 -1.446187e-03 9.998544e-01 1.751382e+00
9.996802e-01 2.449617e-04 -2.528487e-02 2.488096e+00 -2.554402e-04 9.999999e-01 -4.112233e-04 -3.144716e-02 2.528470e-02 4.175532e-04 9.996801e-01 1.700710e+00
9.999281e-01 5.377675e-04 -1.197842e-02 3.090810e+00 -5.241500e-04 9.999992e-01 1.139868e-03 -4.232994e-02 1.197895e-02 -1.133505e-03 9.999275e-01 1.549758e+00
9.996366e-01 3.470657e-04 -2.695485e-02 3.743756e+00 -3.581030e-04 9.999999e-01 -4.046852e-04 -5.300296e-02 2.695464e-02 4.141934e-04 9.996365e-01 1.337346e+00
9.998737e-01 2.047459e-04 1.589352e-02 4.149404e+00 -2.134839e-04 9.999998e-01 5.481566e-04 -6.098378e-02 -1.589347e-02 -5.514777e-04 9.998735e-01 1.255446e+00
9.997264e-01 5.248434e-04 -2.338400e-02 4.262797e+00 -5.341551e-04 9.999998e-01 -3.920137e-04 -6.677893e-02 2.338371e-02 4.043998e-04 9.997264e-01 1.458236e+00
9.998925e-01 1.168429e-05 1.465941e-02 4.554530e+00 -1.721304e-05 9.999999e-01 3.770958e-04 -7.644362e-02 -1.465948e-02 -3.773051e-04 9.998924e-01 1.615885e+00
9.998288e-01 7.087769e-04 -1.848725e-02 4.664002e+00 -7.151121e-04 9.999997e-01 -3.361310e-04 -8.163528e-02 1.848694e-02 3.492965e-04 9.998290e-01 1.784685e+00
9.998413e-01 1.577352e-05 1.781438e-02 4.738027e+00 -2.110898e-05 1.000000e+00 2.993770e-04 -8.636489e-02 -1.781445e-02 -2.997030e-04 9.998412e-01 1.992050e+00
9.997825e-01 7.310003e-04 -2.084277e-02 4.844896e+00 -7.378988e-04 9.999997e-01 -3.233410e-04 -9.274970e-02 2.084245e-02 3.386530e-04 9.997826e-01 2.234332e+00
9.999757e-01 -9.673305e-05 6.971838e-03 5.083272e+00 9.296866e-05 9.999998e-01 5.404200e-04 -1.017577e-01 -6.971962e-03 -5.397562e-04 9.999755e-01 2.465032e+00
9.999527e-01 8.948203e-04 -9.686796e-03 5.092079e+00 -8.991940e-04 9.999995e-01 -4.472707e-04 -1.053057e-01 9.686318e-03 4.559623e-04 9.999529e-01 2.698710e+00
9.999728e-01 -2.376982e-04 7.368086e-03 5.239868e+00 2.348423e-04 9.999999e-01 3.886201e-04 -1.115977e-01 -7.368251e-03 -3.868767e-04 9.999727e-01 2.876897e+00
9.999581e-01 8.239835e-04 -9.114002e-03 5.601899e+00 -8.302295e-04 9.999994e-01 -6.816794e-04 -1.226622e-01 9.113361e-03 6.892200e-04 9.999582e-01 2.995747e+00
9.999860e-01 -2.268509e-04 5.286774e-03 6.059621e+00 2.250123e-04 9.999999e-01 3.485657e-04 -1.357471e-01 -5.286926e-03 -3.473688e-04 9.999859e-01 3.092647e+00
9.999548e-01 8.347896e-04 -9.464177e-03 6.167637e+00 -8.371240e-04 9.999996e-01 -2.428129e-04 -1.404600e-01 9.463897e-03 2.507269e-04 9.999551e-01 3.227135e+00
9.999896e-01 -2.392788e-04 4.558047e-03 6.271386e+00 2.374824e-04 9.999999e-01 3.948711e-04 -1.452526e-01 -4.558215e-03 -3.937822e-04 9.999895e-01 3.370239e+00
9.999397e-01 9.399628e-04 -1.093579e-02 6.319969e+00 -9.415157e-04 9.999995e-01 -1.369440e-04 -1.488869e-01 1.093558e-02 1.472342e-04 9.999401e-01 3.538002e+00
9.999753e-01 -3.371060e-04 7.012603e-03 6.352086e+00 3.346577e-04 9.999999e-01 3.504400e-04 -1.520134e-01 -7.012795e-03 -3.480822e-04 9.999753e-01 3.691678e+00
9.999395e-01 7.840626e-04 -1.096699e-02 6.517748e+00 -7.858991e-04 9.999997e-01 -1.632428e-04 -1.566704e-01 1.096678e-02 1.718541e-04 9.999398e-01 3.721416e+00
9.999755e-01 -3.284742e-04 6.985725e-03 6.645622e+00 3.257569e-04 9.999999e-01 3.902582e-04 -1.607507e-01 -6.985928e-03 -3.879707e-04 9.999754e-01 3.767579e+00
9.998860e-01 2.708936e-03 -1.485580e-02 7.150755e+00 -2.704638e-03 9.999963e-01 3.093323e-04 -1.171335e-01 1.485650e-02 -2.691154e-04 9.998895e-01 1.301496e+00
9.999807e-01 1.452782e-03 6.029864e-03 7.956552e+00 -1.456009e-03 9.999988e-01 5.309250e-04 -4.368450e-02 -6.029162e-03 -5.396922e-04 9.999816e-01 -2.906448e+00
9.999431e-01 5.251952e-04 -1.064929e-02 8.430471e+00 -5.269294e-04 9.999998e-01 -1.601401e-04 -1.592104e-02 1.064913e-02 1.657445e-04 9.999432e-01 -4.724286e+00
9.999973e-01 -1.609581e-04 2.308948e-03 8.879393e+00 1.601631e-04 9.999999e-01 3.449093e-04 -2.315617e-02 -2.309081e-03 -3.445365e-04 9.999972e-01 -4.934953e+00
9.998269e-01 6.282413e-04 -1.859623e-02 9.514338e+00 -6.273086e-04 9.999998e-01 5.593476e-05 -2.904328e-02 1.859618e-02 -4.425742e-05 9.998270e-01 -5.445338e+00
9.999406e-01 -1.747473e-04 1.089682e-02 9.898091e+00 1.729711e-04 1.000000e+00 1.640444e-04 -3.464369e-02 -1.089692e-02 -1.621477e-04 9.999405e-01 -5.663706e+00
9.998953e-01 7.064914e-04 -1.445167e-02 9.947216e+00 -7.045237e-04 9.999997e-01 1.411769e-04 -3.668078e-02 1.445168e-02 -1.309785e-04 9.998955e-01 -5.608741e+00
9.999173e-01 -7.885394e-05 1.285935e-02 9.979133e+00 7.857727e-05 1.000000e+00 2.210245e-05 -3.930796e-02 -1.285943e-02 -2.108809e-05 9.999172e-01 -5.485870e+00
9.998484e-01 7.589578e-04 -1.739356e-02 9.982582e+00 -7.552465e-04 9.999997e-01 2.198822e-04 -4.221252e-02 1.739364e-02 -2.067104e-04 9.998486e-01 -5.290790e+00
9.999570e-01 1.114358e-03 9.202943e-03 1.046983e+01 -1.117503e-03 9.999993e-01 3.366763e-04 -9.266808e-03 -9.202641e-03 -3.469442e-04 9.999575e-01 -7.275445e+00
9.998265e-01 2.990692e-03 -1.838270e-02 1.126927e+01 -2.981642e-03 9.999954e-01 5.196619e-04 6.625468e-02 1.838409e-02 -4.647593e-04 9.998308e-01 -1.153420e+01
9.999095e-01 -2.133979e-04 1.345080e-02 1.172014e+01 2.131126e-04 1.000000e+00 2.271480e-05 1.088030e-01 -1.345089e-02 -1.984434e-05 9.999095e-01 -1.399727e+01
9.998083e-01 8.560028e-04 -1.956080e-02 1.176041e+01 -8.499998e-04 9.999996e-01 3.151523e-04 1.061804e-01 1.956098e-02 -2.984633e-04 9.998085e-01 -1.387262e+01
9.998239e-01 -1.180488e-04 1.876231e-02 1.190152e+01 1.255600e-04 9.999999e-01 -3.990997e-04 9.953325e-02 -1.876234e-02 4.013871e-04 9.998238e-01 -1.367136e+01
9.998054e-01 7.990122e-04 -1.970993e-02 1.197980e+01 -7.912948e-04 9.999996e-01 3.992992e-04 9.507358e-02 1.971016e-02 -3.836234e-04 9.998056e-01 -1.350228e+01
9.999688e-01 7.529627e-03 -2.372938e-03 1.390939e+01 -7.526183e-03 9.999706e-01 1.456533e-03 2.681456e-01 2.383753e-03 -1.438627e-03 9.999960e-01 -2.317405e+01
9.999608e-01 2.098683e-03 -8.601914e-03 1.580379e+01 -2.099198e-03 9.999978e-01 -5.092708e-05 4.339560e-01 8.601705e-03 6.898341e-05 9.999629e-01 -3.295224e+01
9.999844e-01 -1.168493e-03 -5.461268e-03 1.567165e+01 1.172959e-03 9.999990e-01 8.144962e-04 4.349723e-01 5.460226e-03 -8.208880e-04 9.999847e-01 -3.274172e+01
9.999626e-01 2.201243e-03 -8.366670e-03 1.594659e+01 -2.203775e-03 9.999975e-01 -2.935426e-04 4.449072e-01 8.365919e-03 3.119711e-04 9.999649e-01 -3.346896e+01
9.999746e-01 -1.137143e-03 7.032886e-03 1.613628e+01 1.132923e-03 9.999992e-01 6.040678e-04 4.547480e-01 -7.033652e-03 -5.960834e-04 9.999750e-01 -3.413058e+01
9.999270e-01 1.969184e-03 -1.192225e-02 1.602429e+01 -1.971757e-03 9.999980e-01 -2.041604e-04 4.544003e-01 1.192174e-02 2.276545e-04 9.999288e-01 -3.388269e+01
9.999608e-01 -1.070383e-03 8.790216e-03 1.592321e+01 1.066533e-03 9.999993e-01 4.427342e-04 4.535428e-01 -8.790770e-03 -4.333405e-04 9.999612e-01 -3.361500e+01
9.999442e-01 1.922803e-03 -1.038274e-02 1.591219e+01 -1.927294e-03 9.999981e-01 -4.226073e-04 4.498845e-01 1.038183e-02 4.425955e-04 9.999459e-01 -3.332731e+01
9.999626e-01 -1.091245e-03 8.578458e-03 1.594562e+01 1.087754e-03 9.999993e-01 4.116395e-04 4.451604e-01 -8.578987e-03 -4.022916e-04 9.999630e-01 -3.305383e+01
9.999496e-01 1.833591e-03 -9.870670e-03 1.595947e+01 -1.837145e-03 9.999983e-01 -3.510731e-04 4.418635e-01 9.869923e-03 3.691904e-04 9.999511e-01 -3.284490e+01
9.999615e-01 -1.137964e-03 8.702341e-03 1.612858e+01 1.136055e-03 9.999993e-01 2.243992e-04 4.345452e-01 -8.702676e-03 -2.145030e-04 9.999620e-01 -3.264485e+01
9.999570e-01 1.902080e-03 -9.075025e-03 1.620756e+01 -1.904713e-03 9.999981e-01 -2.815701e-04 4.296600e-01 9.074387e-03 2.988443e-04 9.999587e-01 -3.243413e+01
9.999584e-01 -1.213689e-03 9.032225e-03 1.625018e+01 1.210564e-03 9.999992e-01 3.514590e-04 4.267297e-01 -9.032730e-03 -3.405092e-04 9.999591e-01 -3.228594e+01
9.999544e-01 1.817059e-03 -9.376488e-03 1.643092e+01 -1.820947e-03 9.999983e-01 -4.062160e-04 4.206802e-01 9.375648e-03 4.232725e-04 9.999559e-01 -3.218421e+01
9.999592e-01 -1.212525e-03 8.954099e-03 1.668914e+01 1.210291e-03 9.999992e-01 2.549485e-04 4.130434e-01 -8.954487e-03 -2.441000e-04 9.999598e-01 -3.210333e+01
9.999590e-01 1.799737e-03 -8.868578e-03 1.692494e+01 -1.802857e-03 9.999983e-01 -3.439596e-04 4.067442e-01 8.867858e-03 3.599351e-04 9.999605e-01 -3.206194e+01
9.999598e-01 -1.160638e-03 8.891830e-03 1.717444e+01 1.157428e-03 9.999993e-01 3.661477e-04 4.027287e-01 -8.892334e-03 -3.558404e-04 9.999603e-01 -3.215392e+01
9.999566e-01 1.803875e-03 -9.141606e-03 1.744936e+01 -1.806855e-03 9.999983e-01 -3.177895e-04 3.997259e-01 9.140932e-03 3.342940e-04 9.999581e-01 -3.233221e+01
9.999630e-01 -1.194600e-03 8.510965e-03 1.772953e+01 1.192104e-03 9.999992e-01 2.984016e-04 3.950371e-01 -8.511401e-03 -2.882437e-04 9.999637e-01 -3.243655e+01
9.999616e-01 1.841103e-03 -8.569790e-03 1.792063e+01 -1.844572e-03 9.999982e-01 -3.970455e-04 3.884988e-01 8.568958e-03 4.128386e-04 9.999631e-01 -3.231900e+01
9.999613e-01 -1.188947e-03 8.716621e-03 1.809113e+01 1.186273e-03 9.999992e-01 3.120605e-04 3.823194e-01 -8.717071e-03 -3.017073e-04 9.999619e-01 -3.218196e+01
9.999537e-01 1.866144e-03 -9.436526e-03 1.831536e+01 -1.870600e-03 9.999981e-01 -4.635550e-04 3.753514e-01 9.435558e-03 4.811861e-04 9.999553e-01 -3.207353e+01
9.999580e-01 -1.173122e-03 9.087095e-03 1.852296e+01 1.169707e-03 9.999992e-01 3.812255e-04 3.696365e-01 -9.087621e-03 -3.705795e-04 9.999586e-01 -3.200784e+01
9.999561e-01 1.866543e-03 -9.181874e-03 1.868511e+01 -1.870862e-03 9.999981e-01 -4.618785e-04 3.637753e-01 9.180910e-03 4.790369e-04 9.999577e-01 -3.187618e+01
9.999516e-01 -1.217179e-03 9.758066e-03 1.887348e+01 1.213198e-03 9.999992e-01 4.139304e-04 3.582590e-01 -9.758647e-03 -4.020712e-04 9.999522e-01 -3.180345e+01
9.998872e-01 1.768700e-03 -1.491208e-02 1.912859e+01 -1.775836e-03 9.999983e-01 -4.653316e-04 3.498669e-01 1.491115e-02 4.917611e-04 9.998886e-01 -3.167133e+01
9.999611e-01 -1.236130e-03 8.725603e-03 1.951007e+01 1.232569e-03 9.999992e-01 4.134719e-04 3.420646e-01 -8.726193e-03 -4.027003e-04 9.999618e-01 -3.173356e+01
9.999380e-01 1.801548e-03 -1.098223e-02 1.977223e+01 -1.806276e-03 9.999983e-01 -4.206496e-04 3.365478e-01 1.098136e-02 4.404610e-04 9.999395e-01 -3.177318e+01
9.999534e-01 -1.179822e-03 9.573726e-03 1.993426e+01 1.175727e-03 9.999992e-01 4.333180e-04 3.316872e-01 -9.574316e-03 -4.220412e-04 9.999540e-01 -3.170364e+01
9.998961e-01 1.632520e-03 -1.431802e-02 2.022029e+01 -1.638757e-03 9.999986e-01 -4.238676e-04 3.245757e-01 1.431722e-02 4.472877e-04 9.998973e-01 -3.169063e+01
9.999747e-01 -1.115616e-03 7.021398e-03 2.037774e+01 1.111072e-03 9.999992e-01 6.510397e-04 3.196992e-01 -7.022205e-03 -6.432214e-04 9.999751e-01 -3.162934e+01
9.999174e-01 1.805625e-03 -1.272230e-02 2.028944e+01 -1.807928e-03 9.999984e-01 -1.695570e-04 3.196728e-01 1.272188e-02 1.925444e-04 9.999190e-01 -3.145595e+01
9.999859e-01 -1.114075e-03 5.185886e-03 2.031611e+01 1.111338e-03 9.999992e-01 5.307054e-04 3.168945e-01 -5.186561e-03 -5.249341e-04 9.999863e-01 -3.128977e+01
9.999739e-01 1.717367e-03 -7.008743e-03 2.051841e+01 -1.721007e-03 9.999984e-01 -5.134079e-04 3.126211e-01 7.007762e-03 5.254571e-04 9.999752e-01 -3.129732e+01
9.999656e-01 -1.050399e-03 8.225414e-03 2.061956e+01 1.044839e-03 9.999992e-01 6.801790e-04 3.112479e-01 -8.226210e-03 -6.715608e-04 9.999659e-01 -3.132976e+01
9.999610e-01 1.732985e-03 -8.657947e-03 2.059676e+01 -1.737767e-03 9.999983e-01 -5.449078e-04 3.089775e-01 8.656900e-03 5.599324e-04 9.999623e-01 -3.113957e+01
9.999725e-01 -1.005500e-03 7.344130e-03 2.060326e+01 1.000959e-03 9.999993e-01 6.220413e-04 3.055129e-01 -7.344838e-03 -6.146726e-04 9.999728e-01 -3.091636e+01
9.999608e-01 1.706722e-03 -8.688806e-03 2.077747e+01 -1.713498e-03 9.999982e-01 -7.724917e-04 2.984097e-01 8.687385e-03 7.873499e-04 9.999619e-01 -3.072431e+01
9.999799e-01 -9.799867e-04 6.266665e-03 2.116161e+01 9.779276e-04 9.999995e-01 3.316681e-04 2.872943e-01 -6.267075e-03 -3.255328e-04 9.999802e-01 -3.057024e+01
9.999707e-01 1.779237e-03 -7.443962e-03 2.152264e+01 -1.784073e-03 9.999982e-01 -6.431855e-04 2.787069e-01 7.442717e-03 6.564473e-04 9.999720e-01 -3.054513e+01
9.999877e-01 -1.178617e-03 4.811056e-03 2.181175e+01 1.175953e-03 9.999992e-01 5.564895e-04 2.730214e-01 -4.811796e-03 -5.508249e-04 9.999882e-01 -3.058344e+01
9.999747e-01 1.869274e-03 -6.857829e-03 2.213030e+01 -1.873302e-03 9.999981e-01 -5.810085e-04 2.698633e-01 6.856641e-03 5.938407e-04 9.999762e-01 -3.078507e+01
9.999856e-01 -1.200755e-03 5.218830e-03 2.240422e+01 1.197666e-03 9.999991e-01 5.948778e-04 2.672084e-01 -5.219628e-03 -5.886187e-04 9.999861e-01 -3.096124e+01
9.999807e-01 1.902599e-03 -5.910730e-03 2.262920e+01 -1.907082e-03 9.999979e-01 -7.529840e-04 2.602010e-01 5.909197e-03 7.642417e-04 9.999822e-01 -3.085225e+01
9.999874e-01 -1.234788e-03 4.860904e-03 2.285495e+01 1.232126e-03 9.999991e-01 5.506673e-04 2.522132e-01 -4.861668e-03 -5.446710e-04 9.999880e-01 -3.068465e+01
9.999743e-01 1.895028e-03 -6.907175e-03 2.309382e+01 -1.899996e-03 9.999979e-01 -7.128147e-04 2.446738e-01 6.905722e-03 7.259199e-04 9.999758e-01 -3.056032e+01
9.999759e-01 -1.190870e-03 6.835055e-03 2.328463e+01 1.186272e-03 9.999991e-01 6.767687e-04 2.399547e-01 -6.835943e-03 -6.686442e-04 9.999763e-01 -3.052780e+01
9.999807e-01 1.863819e-03 -5.917232e-03 2.338870e+01 -1.867841e-03 9.999980e-01 -6.742282e-04 2.357694e-01 5.915876e-03 6.852676e-04 9.999822e-01 -3.040295e+01
9.999225e-01 -1.189869e-03 1.239288e-02 2.339918e+01 1.184032e-03 9.999992e-01 4.782858e-04 2.324787e-01 -1.239353e-02 -4.635752e-04 9.999230e-01 -3.011922e+01
9.999974e-01 2.008668e-03 1.080569e-03 2.337017e+01 -2.007852e-03 9.999977e-01 -7.563339e-04 2.322007e-01 -1.082173e-03 7.541621e-04 9.999991e-01 -2.988765e+01
9.999822e-01 -1.319240e-03 5.820069e-03 2.332333e+01 1.314618e-03 9.999988e-01 7.978569e-04 2.331248e-01 -5.821202e-03 -7.901917e-04 9.999827e-01 -2.977512e+01
9.999966e-01 2.034096e-03 -1.593139e-03 2.330126e+01 -2.035295e-03 9.999976e-01 -7.511783e-04 2.324020e-01 1.591520e-03 7.544180e-04 9.999984e-01 -2.962846e+01
9.999747e-01 -1.330810e-03 6.978900e-03 2.326136e+01 1.325265e-03 9.999988e-01 7.990784e-04 2.323508e-01 -6.980042e-03 -7.898095e-04 9.999753e-01 -2.947933e+01
9.999978e-01 2.063861e-03 2.324979e-04 2.325543e+01 -2.063642e-03 9.999974e-01 -9.411369e-04 2.306583e-01 -2.345259e-04 9.406547e-04 9.999995e-01 -2.926774e+01
9.999256e-01 -1.438122e-03 1.211036e-02 2.322963e+01 1.428343e-03 9.999986e-01 8.160944e-04 2.307837e-01 -1.211161e-02 -7.987362e-04 9.999263e-01 -2.910583e+01
9.999848e-01 2.200114e-03 -5.045715e-03 2.318527e+01 -2.204456e-03 9.999972e-01 -8.551232e-04 2.306529e-01 5.043734e-03 8.662328e-04 9.999868e-01 -2.891454e+01
9.999450e-01 -1.481018e-03 1.037626e-02 2.314765e+01 1.471858e-03 9.999985e-01 8.903030e-04 2.303441e-01 -1.037764e-02 -8.749821e-04 9.999457e-01 -2.875069e+01
9.999902e-01 2.208316e-03 -3.825675e-03 2.311882e+01 -2.211803e-03 9.999971e-01 -9.076043e-04 2.300648e-01 3.823575e-03 9.160565e-04 9.999922e-01 -2.859495e+01
9.999847e-01 -1.474945e-03 5.331762e-03 2.318277e+01 1.470308e-03 9.999985e-01 8.734860e-04 2.259322e-01 -5.333127e-03 -8.656337e-04 9.999853e-01 -2.839924e+01
9.999893e-01 2.131769e-03 -4.091357e-03 2.323433e+01 -2.135380e-03 9.999973e-01 -8.784961e-04 2.219395e-01 4.089389e-03 8.872227e-04 9.999912e-01 -2.820992e+01
9.999752e-01 -1.432439e-03 6.894605e-03 2.323335e+01 1.425973e-03 9.999985e-01 9.426376e-04 2.202773e-01 -6.896030e-03 -9.327831e-04 9.999757e-01 -2.805104e+01
9.999760e-01 2.184731e-03 -6.570431e-03 2.316166e+01 -2.189666e-03 9.999973e-01 -7.439911e-04 2.205247e-01 6.568703e-03 7.583597e-04 9.999781e-01 -2.789119e+01
9.999837e-01 -1.484521e-03 5.500894e-03 2.310683e+01 1.479326e-03 9.999985e-01 9.481741e-04 2.194938e-01 -5.502377e-03 -9.400215e-04 9.999843e-01 -2.771571e+01
9.999953e-01 2.151765e-03 -2.186402e-03 2.305729e+01 -2.153617e-03 9.999973e-01 -8.449611e-04 2.193892e-01 2.184494e-03 8.496651e-04 9.999972e-01 -2.756876e+01
9.999898e-01 -1.429622e-03 4.287075e-03 2.298921e+01 1.425157e-03 9.999984e-01 1.044285e-03 2.201994e-01 -4.288645e-03 -1.038165e-03 9.999902e-01 -2.744604e+01
9.999905e-01 2.065370e-03 -3.844030e-03 2.302101e+01 -2.068946e-03 9.999974e-01 -9.263660e-04 2.177423e-01 3.842022e-03 9.343096e-04 9.999921e-01 -2.731616e+01
9.999938e-01 -1.515027e-03 3.167527e-03 2.320537e+01 1.512061e-03 9.999984e-01 9.384721e-04 2.117428e-01 -3.169028e-03 -9.336774e-04 9.999945e-01 -2.723401e+01
9.999875e-01 2.112034e-03 -4.531264e-03 2.330941e+01 -2.115968e-03 9.999974e-01 -8.634753e-04 2.073838e-01 4.529345e-03 8.730518e-04 9.999893e-01 -2.712443e+01
9.999790e-01 -1.428976e-03 6.309849e-03 2.332394e+01 1.423386e-03 9.999986e-01 8.902719e-04 2.053286e-01 -6.311197e-03 -8.812726e-04 9.999796e-01 -2.697380e+01
9.999942e-01 2.188174e-03 -2.612738e-03 2.331461e+01 -2.190386e-03 9.999972e-01 -8.441340e-04 2.046501e-01 2.610800e-03 8.498512e-04 9.999962e-01 -2.684485e+01
9.999986e-01 -1.540535e-03 -6.077984e-04 2.328930e+01 1.541196e-03 9.999982e-01 1.089739e-03 2.026906e-01 6.060345e-04 -1.090674e-03 9.999991e-01 -2.666393e+01
9.999957e-01 2.282797e-03 -1.848441e-03 2.327899e+01 -2.284562e-03 9.999969e-01 -9.534750e-04 1.997218e-01 1.846174e-03 9.576930e-04 9.999978e-01 -2.644066e+01
9.999989e-01 -1.484928e-03 2.184493e-04 2.321356e+01 1.484682e-03 9.999983e-01 1.118902e-03 1.981747e-01 -2.201947e-04 -1.118577e-03 9.999993e-01 -2.620653e+01
9.999679e-01 2.208760e-03 -7.700187e-03 2.332358e+01 -2.217210e-03 9.999969e-01 -1.088918e-03 1.903352e-01 7.697673e-03 1.105955e-03 9.999697e-01 -2.585715e+01
9.999989e-01 -1.234175e-03 -7.793631e-04 2.345285e+01 1.235005e-03 9.999987e-01 1.065780e-03 1.822439e-01 7.779616e-04 -1.066742e-03 9.999991e-01 -2.550960e+01
9.999952e-01 2.148749e-03 -2.233923e-03 2.346232e+01 -2.151150e-03 9.999971e-01 -1.072854e-03 1.773384e-01 2.231526e-03 1.077654e-03 9.999969e-01 -2.518078e+01
9.999962e-01 -1.247719e-03 -2.448133e-03 2.346589e+01 1.250545e-03 9.999986e-01 1.153253e-03 1.724175e-01 2.446605e-03 -1.156311e-03 9.999963e-01 -2.484231e+01
9.999976e-01 2.156539e-03 -3.400186e-05 2.340685e+01 -2.156575e-03 9.999971e-01 -1.059054e-03 1.695955e-01 3.163222e-05 1.059124e-03 9.999994e-01 -2.453118e+01
9.999766e-01 -1.321785e-03 -6.701931e-03 2.338695e+01 1.330603e-03 9.999983e-01 1.311544e-03 1.663178e-01 6.700100e-03 -1.320431e-03 9.999766e-01 -2.425880e+01
9.999882e-01 2.220597e-03 4.310165e-03 2.334254e+01 -2.215342e-03 9.999968e-01 -1.223625e-03 1.634282e-01 -4.312955e-03 1.214061e-03 9.999899e-01 -2.396943e+01
9.999764e-01 -1.420872e-03 -6.723055e-03 2.324989e+01 1.430864e-03 9.999979e-01 1.481823e-03 1.627165e-01 6.720849e-03 -1.491408e-03 9.999762e-01 -2.373728e+01
9.999412e-01 2.149632e-03 1.062203e-02 2.319362e+01 -2.133758e-03 9.999966e-01 -1.505617e-03 1.612533e-01 -1.062532e-02 1.482863e-03 9.999424e-01 -2.346255e+01
9.999637e-01 -1.268069e-03 -8.428474e-03 2.311269e+01 1.281519e-03 9.999979e-01 1.590712e-03 1.605135e-01 8.426353e-03 -1.601457e-03 9.999631e-01 -2.319041e+01
9.999835e-01 2.137503e-03 5.329623e-03 2.302268e+01 -2.130253e-03 9.999968e-01 -1.365824e-03 1.594500e-01 -5.332612e-03 1.354447e-03 9.999848e-01 -2.293575e+01
9.999597e-01 -1.274028e-03 -8.879951e-03 2.299494e+01 1.287146e-03 9.999981e-01 1.471815e-03 1.560171e-01 8.877972e-03 -1.483187e-03 9.999594e-01 -2.264762e+01
9.999702e-01 2.077152e-03 7.426741e-03 2.294448e+01 -2.067152e-03 9.999969e-01 -1.354014e-03 1.539229e-01 -7.429617e-03 1.338620e-03 9.999714e-01 -2.240925e+01
9.999583e-01 -1.262999e-03 -9.046686e-03 2.293509e+01 1.275612e-03 9.999982e-01 1.388594e-03 1.502823e-01 9.044830e-03 -1.400077e-03 9.999580e-01 -2.214071e+01
9.999833e-01 2.118116e-03 5.377281e-03 2.293915e+01 -2.110937e-03 9.999969e-01 -1.340595e-03 1.456745e-01 -5.380190e-03 1.329221e-03 9.999846e-01 -2.182517e+01
9.999169e-01 -1.258363e-03 -1.282945e-02 2.296227e+01 1.277772e-03 9.999981e-01 1.504875e-03 1.407309e-01 1.282745e-02 -1.521144e-03 9.999165e-01 -2.151567e+01
9.999753e-01 2.091237e-03 6.705202e-03 2.313228e+01 -2.080689e-03 9.999966e-01 -1.579804e-03 1.323582e-01 -6.708570e-03 1.565812e-03 9.999762e-01 -2.124213e+01
9.999702e-01 -1.343116e-03 -7.593801e-03 2.333058e+01 1.353373e-03 9.999982e-01 1.345761e-03 1.239264e-01 7.591892e-03 -1.356000e-03 9.999702e-01 -2.101674e+01
9.999801e-01 2.116613e-03 5.939367e-03 2.351046e+01 -2.107436e-03 9.999966e-01 -1.550934e-03 1.156145e-01 -5.942717e-03 1.538385e-03 9.999811e-01 -2.076965e+01
9.999719e-01 -1.292683e-03 -7.386427e-03 2.368424e+01 1.302495e-03 9.999983e-01 1.323874e-03 1.072290e-01 7.384615e-03 -1.333459e-03 9.999718e-01 -2.050308e+01
9.999892e-01 2.140067e-03 4.112902e-03 2.377833e+01 -2.134428e-03 9.999968e-01 -1.375091e-03 1.007953e-01 -4.115919e-03 1.366296e-03 9.999905e-01 -2.022859e+01
9.999831e-01 -1.332133e-03 -5.663314e-03 2.381670e+01 1.339849e-03 9.999982e-01 1.358972e-03 9.648800e-02 5.661405e-03 -1.366538e-03 9.999830e-01 -1.999301e+01
9.999908e-01 2.156982e-03 3.713220e-03 2.381678e+01 -2.152040e-03 9.999968e-01 -1.334430e-03 9.277093e-02 -3.716174e-03 1.326425e-03 9.999921e-01 -1.972970e+01
9.999782e-01 -1.362577e-03 -6.458322e-03 2.379241e+01 1.372009e-03 9.999980e-01 1.456498e-03 8.990873e-02 6.456237e-03 -1.465328e-03 9.999780e-01 -1.948713e+01
9.999964e-01 2.186649e-03 1.511879e-03 2.377395e+01 -2.184736e-03 9.999968e-01 -1.266851e-03 8.672992e-02 -1.514732e-03 1.263542e-03 9.999980e-01 -1.922446e+01
9.999949e-01 -1.347473e-03 -2.881446e-03 2.375600e+01 1.351262e-03 9.999982e-01 1.313881e-03 8.355032e-02 2.879582e-03 -1.317770e-03 9.999949e-01 -1.896473e+01
9.999976e-01 2.113750e-03 -4.941460e-04 2.379329e+01 -2.114363e-03 9.999970e-01 -1.241862e-03 7.888030e-02 4.914312e-04 1.242903e-03 9.999990e-01 -1.871223e+01
9.999949e-01 -1.377481e-03 -2.876248e-03 2.380689e+01 1.381435e-03 9.999981e-01 1.373597e-03 7.518000e-02 2.874262e-03 -1.377565e-03 9.999948e-01 -1.848613e+01
9.999925e-01 2.047503e-03 -3.273032e-03 2.379733e+01 -2.050947e-03 9.999973e-01 -1.049133e-03 7.242187e-02 3.270787e-03 1.055836e-03 9.999940e-01 -1.827557e+01
9.999129e-01 -1.211498e-03 -1.314375e-02 2.377315e+01 1.234228e-03 9.999978e-01 1.721389e-03 7.135900e-02 1.314154e-02 -1.737463e-03 9.999121e-01 -1.812081e+01
9.999824e-01 2.105468e-03 -5.540934e-03 2.373356e+01 -2.110721e-03 9.999973e-01 -9.422204e-04 7.063396e-02 5.538845e-03 9.538975e-04 9.999841e-01 -1.796347e+01
9.999350e-01 -1.238352e-03 -1.133349e-02 2.367551e+01 1.257289e-03 9.999978e-01 1.663992e-03 7.029894e-02 1.133131e-02 -1.678135e-03 9.999343e-01 -1.779692e+01
9.999637e-01 2.126624e-03 -8.248180e-03 2.364754e+01 -2.134026e-03 9.999973e-01 -8.885458e-04 6.836063e-02 8.246176e-03 9.061138e-04 9.999655e-01 -1.758670e+01
9.997547e-01 -1.058439e-03 -2.211989e-02 2.362495e+01 1.100831e-03 9.999976e-01 1.904414e-03 6.719471e-02 2.211773e-02 -1.928298e-03 9.997534e-01 -1.739926e+01
9.999748e-01 2.125910e-03 -6.768005e-03 2.364419e+01 -2.132289e-03 9.999973e-01 -9.352855e-04 6.455986e-02 6.765904e-03 9.496918e-04 9.999766e-01 -1.718899e+01
9.997861e-01 -1.093632e-03 -2.065114e-02 2.363822e+01 1.132769e-03 9.999976e-01 1.883578e-03 6.348590e-02 2.064893e-02 -1.906570e-03 9.997849e-01 -1.703837e+01
9.999670e-01 1.903018e-03 7.890984e-03 2.366116e+01 -1.892770e-03 9.999974e-01 -1.306053e-03 6.175327e-02 -7.893544e-03 1.291073e-03 9.999679e-01 -1.691965e+01
9.999214e-01 -1.279816e-03 -1.247005e-02 2.377198e+01 1.297223e-03 9.999982e-01 1.388024e-03 5.668754e-02 1.246815e-02 -1.404092e-03 9.999212e-01 -1.677015e+01
9.999427e-01 1.819843e-03 1.055025e-02 2.390806e+01 -1.806507e-03 9.999976e-01 -1.273517e-03 5.295565e-02 -1.055264e-02 1.254384e-03 9.999435e-01 -1.673443e+01
9.999239e-01 -1.133343e-03 -1.227830e-02 2.397839e+01 1.149317e-03 9.999985e-01 1.294143e-03 4.879040e-02 1.227672e-02 -1.308158e-03 9.999237e-01 -1.657056e+01
9.999182e-01 1.877335e-03 1.265097e-02 2.416418e+01 -1.856951e-03 9.999970e-01 -1.622892e-03 4.020953e-02 -1.265408e-02 1.599265e-03 9.999186e-01 -1.629024e+01
9.999180e-01 -9.730834e-04 -1.276339e-02 2.434441e+01 9.901659e-04 9.999986e-01 1.332244e-03 3.164395e-02 1.276198e-02 -1.344774e-03 9.999176e-01 -1.599864e+01
9.999981e-01 1.764500e-03 7.671130e-04 2.449950e+01 -1.763656e-03 9.999978e-01 -1.101608e-03 2.391210e-02 -7.691511e-04 1.100251e-03 9.999990e-01 -1.572928e+01
9.999675e-01 -9.784765e-04 -8.003476e-03 2.471281e+01 9.865349e-04 9.999990e-01 1.003133e-03 1.410510e-02 8.002390e-03 -1.010998e-03 9.999674e-01 -1.543779e+01
9.999874e-01 1.843806e-03 4.663021e-03 2.485686e+01 -1.838181e-03 9.999976e-01 -1.210607e-03 5.522752e-03 -4.665338e-03 1.202019e-03 9.999883e-01 -1.509756e+01
9.999164e-01 -1.037329e-03 -1.288573e-02 2.512809e+01 1.049951e-03 9.999990e-01 9.728739e-04 -6.918711e-03 1.288461e-02 -9.863237e-04 9.999164e-01 -1.472888e+01
9.999952e-01 1.993488e-03 -2.357225e-03 2.540847e+01 -1.995695e-03 9.999976e-01 -9.339005e-04 -1.882947e-02 2.355261e-03 9.385985e-04 9.999967e-01 -1.438382e+01
9.999878e-01 -1.129131e-03 -4.810957e-03 2.555826e+01 1.133630e-03 9.999989e-01 9.328641e-04 -2.680250e-02 4.809802e-03 -9.383083e-04 9.999879e-01 -1.409985e+01
9.999953e-01 1.858880e-03 -2.424969e-03 2.569316e+01 -1.860949e-03 9.999979e-01 -8.508340e-04 -3.369652e-02 2.423285e-03 8.553408e-04 9.999966e-01 -1.385865e+01
9.999935e-01 -1.213395e-03 -3.371979e-03 2.601293e+01 1.215614e-03 9.999990e-01 6.565212e-04 -4.354205e-02 3.371082e-03 -6.606179e-04 9.999940e-01 -1.372212e+01
9.999978e-01 1.888191e-03 -8.863022e-04 2.628080e+01 -1.888918e-03 9.999979e-01 -8.180465e-04 -5.262857e-02 8.846583e-04 8.197168e-04 9.999992e-01 -1.356403e+01
9.999956e-01 -1.245927e-03 -2.695812e-03 2.646406e+01 1.247973e-03 9.999989e-01 7.578578e-04 -6.006834e-02 2.694768e-03 -7.612207e-04 9.999960e-01 -1.338765e+01
9.999913e-01 1.868312e-03 -3.730545e-03 2.674311e+01 -1.871792e-03 9.999978e-01 -9.291454e-04 -7.016821e-02 3.728704e-03 9.361181e-04 9.999925e-01 -1.317506e+01
9.999620e-01 -1.140819e-03 -8.639079e-03 2.697614e+01 1.149963e-03 9.999988e-01 1.053801e-03 -7.905096e-02 8.637768e-03 -1.063698e-03 9.999621e-01 -1.296433e+01
9.999609e-01 2.037433e-03 -8.595306e-03 2.721629e+01 -2.044236e-03 9.999976e-01 -7.825964e-04 -8.855319e-02 8.593593e-03 8.001346e-04 9.999627e-01 -1.268715e+01
9.999881e-01 -1.115008e-03 4.747546e-03 2.750872e+01 1.112730e-03 9.999993e-01 4.821045e-04 -9.939225e-02 -4.748179e-03 -4.768181e-04 9.999886e-01 -1.243978e+01
9.999660e-01 1.719101e-03 -8.054902e-03 2.787488e+01 -1.725377e-03 9.999982e-01 -7.719978e-04 -1.093799e-01 8.053462e-03 7.858671e-04 9.999672e-01 -1.234396e+01
9.999927e-01 -1.171216e-03 3.635480e-03 2.842253e+01 1.169446e-03 9.999992e-01 4.886058e-04 -1.193883e-01 -3.636148e-03 -4.843529e-04 9.999932e-01 -1.251313e+01
9.999805e-01 2.059137e-03 -5.883668e-03 2.903979e+01 -2.064898e-03 9.999974e-01 -9.729066e-04 -1.278845e-01 5.881550e-03 9.850345e-04 9.999822e-01 -1.277257e+01
9.999856e-01 -1.049753e-03 5.251353e-03 2.988900e+01 1.047863e-03 9.999994e-01 3.623603e-04 -1.378132e-01 -5.251829e-03 -3.568547e-04 9.999861e-01 -1.328414e+01
9.999785e-01 1.991289e-03 -6.242659e-03 3.077620e+01 -1.997134e-03 9.999976e-01 -9.299429e-04 -1.452147e-01 6.240694e-03 9.423878e-04 9.999800e-01 -1.396313e+01
9.999835e-01 -9.497732e-04 5.664922e-03 3.168371e+01 9.473964e-04 9.999995e-01 4.218573e-04 -1.513136e-01 -5.665418e-03 -4.164858e-04 9.999838e-01 -1.473451e+01
9.999748e-01 1.833469e-03 -6.858697e-03 3.250129e+01 -1.839374e-03 9.999979e-01 -8.544538e-04 -1.571787e-01 6.857018e-03 8.670453e-04 9.999761e-01 -1.541795e+01
9.999766e-01 -8.922306e-04 6.783259e-03 3.327190e+01 8.902548e-04 9.999996e-01 2.939677e-04 -1.665780e-01 -6.783617e-03 -2.879246e-04 9.999769e-01 -1.585018e+01
9.999724e-01 1.797196e-03 -7.198746e-03 3.405496e+01 -1.802826e-03 9.999981e-01 -7.754509e-04 -1.748772e-01 7.197240e-03 7.884048e-04 9.999737e-01 -1.638162e+01
9.999782e-01 -9.482403e-04 6.532322e-03 3.462933e+01 9.448521e-04 9.999994e-01 5.213820e-04 -1.793354e-01 -6.532911e-03 -5.152013e-04 9.999785e-01 -1.683212e+01
9.999671e-01 1.658290e-03 -7.940248e-03 3.521068e+01 -1.666225e-03 9.999981e-01 -9.925594e-04 -1.902680e-01 7.938489e-03 1.005754e-03 9.999679e-01 -1.698365e+01
9.999736e-01 -9.166730e-04 7.200472e-03 3.569252e+01 9.129681e-04 9.999994e-01 5.174670e-04 -2.024854e-01 -7.201041e-03 -5.108824e-04 9.999739e-01 -1.693908e+01
9.999700e-01 1.660441e-03 -7.558383e-03 3.564658e+01 -1.662847e-03 9.999986e-01 -3.117240e-04 -2.021531e-01 7.557756e-03 3.242801e-04 9.999713e-01 -1.681975e+01
9.999968e-01 -1.002540e-03 2.303279e-03 3.663247e+01 1.005423e-03 9.999987e-01 -1.252316e-03 -2.328904e-01 -2.302119e-03 1.254625e-03 9.999965e-01 -1.638461e+01
9.999877e-01 2.129461e-03 -4.476710e-03 3.847691e+01 -2.135889e-03 9.999967e-01 -1.431078e-03 -2.835403e-01 4.473549e-03 1.440619e-03 9.999889e-01 -1.607022e+01
9.999859e-01 -1.325411e-03 5.135671e-03 3.951184e+01 1.324766e-03 9.999991e-01 1.284002e-04 -3.099305e-01 -5.135935e-03 -1.215981e-04 9.999867e-01 -1.600888e+01
9.999766e-01 2.108399e-03 -6.497322e-03 4.064398e+01 -2.120858e-03 9.999959e-01 -1.910919e-03 -3.448992e-01 6.493167e-03 1.924651e-03 9.999770e-01 -1.557223e+01
9.999992e-01 -9.831967e-04 -7.326267e-04 4.263343e+01 9.823960e-04 9.999989e-01 -1.088350e-03 -4.034289e-01 7.335972e-04 1.087626e-03 9.999991e-01 -1.499905e+01
9.999620e-01 2.225769e-03 -8.426352e-03 4.497551e+01 -2.246135e-03 9.999946e-01 -2.407837e-03 -4.718232e-01 8.420848e-03 2.426668e-03 9.999615e-01 -1.435520e+01
9.999696e-01 -1.145742e-03 -7.708306e-03 4.879709e+01 1.119337e-03 9.999935e-01 -3.428450e-03 -5.827408e-01 7.712085e-03 3.419714e-03 9.999644e-01 -1.337706e+01
9.999329e-01 3.522326e-03 -1.103411e-02 5.431772e+01 -3.576134e-03 9.999818e-01 -4.860199e-03 -7.381866e-01 1.101669e-02 4.899327e-03 9.999273e-01 -1.220693e+01
9.999654e-01 -1.393448e-03 -8.191335e-03 5.972551e+01 1.367478e-03 9.999940e-01 -3.174628e-03 -8.899737e-01 8.195610e-03 3.163312e-03 9.999614e-01 -1.111481e+01
9.998964e-01 1.736062e-03 -1.428842e-02 6.611037e+01 -1.798206e-03 9.999890e-01 -4.337205e-03 -1.038988e+00 1.428063e-02 4.362443e-03 9.998885e-01 -1.172248e+01
9.999780e-01 -9.169080e-04 -6.562239e-03 7.249631e+01 8.943358e-04 9.999937e-01 -3.440961e-03 -1.194746e+00 6.565253e-03 3.435011e-03 9.999725e-01 -1.197950e+01
9.998483e-01 2.900849e-03 -1.716880e-02 7.833305e+01 -2.987097e-03 9.999830e-01 -4.999619e-03 -1.357286e+00 1.715391e-02 5.050139e-03 9.998401e-01 -1.090226e+01
9.999800e-01 -9.502525e-04 -6.245468e-03 8.415437e+01 9.287346e-04 9.999936e-01 -3.446271e-03 -1.519382e+00 6.248603e-03 3.440395e-03 9.999745e-01 -9.832519e+00
9.999013e-01 3.177461e-03 -1.367990e-02 8.916469e+01 -3.229866e-03 9.999875e-01 -3.809914e-03 -1.659567e+00 1.366752e-02 3.853715e-03 9.998991e-01 -8.842515e+00
9.999828e-01 -1.457618e-03 -5.673230e-03 9.374168e+01 1.440986e-03 9.999947e-01 -2.933276e-03 -1.789211e+00 5.677376e-03 2.925043e-03 9.999796e-01 -7.853206e+00
9.999317e-01 3.764219e-03 -1.105740e-02 9.832037e+01 -3.807366e-03 9.999852e-01 -3.882818e-03 -1.918743e+00 1.104252e-02 3.924645e-03 9.999313e-01 -6.834553e+00
9.999975e-01 -1.690087e-03 -1.442467e-03 1.019133e+02 1.687655e-03 9.999972e-01 -1.679867e-03 -2.022429e+00 1.445203e-03 1.677420e-03 9.999975e-01 -5.876397e+00
9.998955e-01 3.691400e-03 -1.397692e-02 1.059567e+02 -3.755530e-03 9.999825e-01 -4.564134e-03 -2.139660e+00 1.395972e-02 4.616139e-03 9.998919e-01 -4.780346e+00
9.999712e-01 -1.773510e-03 -7.377729e-03 1.108757e+02 1.753660e-03 9.999948e-01 -2.694785e-03 -2.279009e+00 7.382371e-03 2.681761e-03 9.999691e-01 -3.704272e+00
9.998588e-01 3.724598e-03 -1.638364e-02 1.163565e+02 -3.810121e-03 9.999793e-01 -5.191316e-03 -2.432245e+00 1.636386e-02 5.252997e-03 9.998523e-01 -2.650552e+00
9.999684e-01 -1.703794e-03 -7.758044e-03 1.219698e+02 1.681046e-03 9.999943e-01 -2.936391e-03 -2.588979e+00 7.762904e-03 2.923247e-03 9.999656e-01 -1.583763e+00
9.999007e-01 3.689234e-03 -1.359889e-02 1.268797e+02 -3.746299e-03 9.999843e-01 -4.172354e-03 -2.726960e+00 1.358318e-02 4.222875e-03 9.998988e-01 -5.829142e-01
9.999729e-01 -1.893518e-03 -7.109788e-03 1.318209e+02 1.870977e-03 9.999932e-01 -3.174056e-03 -2.866975e+00 7.115653e-03 3.160658e-03 9.999696e-01 4.945680e-01
9.998829e-01 3.848245e-03 -1.480669e-02 1.372151e+02 -3.916291e-03 9.999819e-01 -4.568563e-03 -3.017228e+00 1.478874e-02 4.626005e-03 9.998799e-01 1.491617e+00
9.999703e-01 -1.946651e-03 -7.449812e-03 1.430178e+02 1.917387e-03 9.999904e-01 -3.931490e-03 -3.179004e+00 7.457298e-03 3.917078e-03 9.999645e-01 2.570295e+00
9.998950e-01 3.857652e-03 -1.396545e-02 1.488053e+02 -3.919561e-03 9.999826e-01 -4.407412e-03 -3.339196e+00 1.394810e-02 4.461676e-03 9.998927e-01 3.569564e+00
9.999628e-01 -1.936721e-03 -8.396057e-03 1.547390e+02 1.900552e-03 9.999889e-01 -4.311886e-03 -3.504617e+00 8.404220e-03 4.295758e-03 9.999554e-01 4.673376e+00
9.998848e-01 4.095220e-03 -1.461019e-02 1.609645e+02 -4.166316e-03 9.999796e-01 -4.838006e-03 -3.678276e+00 1.458998e-02 4.898308e-03 9.998815e-01 5.857305e+00
9.999560e-01 -1.839096e-03 -9.188975e-03 1.670265e+02 1.801120e-03 9.999898e-01 -4.137551e-03 -3.848048e+00 9.196398e-03 4.120807e-03 9.999492e-01 7.060529e+00
9.998783e-01 4.094756e-03 -1.504753e-02 1.736065e+02 -4.178781e-03 9.999758e-01 -5.555631e-03 -4.031539e+00 1.502433e-02 5.617823e-03 9.998713e-01 8.309563e+00
9.999626e-01 -1.776978e-03 -8.452900e-03 1.800324e+02 1.744150e-03 9.999909e-01 -3.887345e-03 -4.209920e+00 8.459640e-03 3.872445e-03 9.999567e-01 9.476842e+00
9.998717e-01 3.927526e-03 -1.552368e-02 1.864329e+02 -4.013124e-03 9.999769e-01 -5.485523e-03 -4.388178e+00 1.550169e-02 5.547105e-03 9.998644e-01 1.066972e+01
9.999556e-01 -1.778139e-03 -9.241444e-03 1.927600e+02 1.743538e-03 9.999915e-01 -3.748781e-03 -4.564064e+00 9.247942e-03 3.732490e-03 9.999502e-01 1.182437e+01
9.998504e-01 3.727741e-03 -1.688524e-02 1.990239e+02 -3.815058e-03 9.999795e-01 -5.140777e-03 -4.736730e+00 1.686564e-02 5.204414e-03 9.998442e-01 1.285453e+01
9.999906e-01 -1.790115e-03 -3.937516e-03 2.044603e+02 1.780081e-03 9.999952e-01 -2.545118e-03 -4.885676e+00 3.941966e-03 2.538073e-03 9.999890e-01 1.368760e+01
9.998937e-01 3.239292e-03 -1.421246e-02 2.091250e+02 -3.295029e-03 9.999870e-01 -3.898615e-03 -5.013411e+00 1.419956e-02 3.945019e-03 9.998914e-01 1.436972e+01
9.999939e-01 -1.705079e-03 -3.028774e-03 2.136995e+02 1.697561e-03 9.999955e-01 -2.475829e-03 -5.138691e+00 3.032896e-03 2.470660e-03 9.999923e-01 1.504393e+01
9.998993e-01 3.304418e-03 -1.379796e-02 2.180437e+02 -3.353920e-03 9.999880e-01 -3.564453e-03 -5.258285e+00 1.378593e-02 3.610359e-03 9.998984e-01 1.573278e+01
9.999899e-01 -1.754025e-03 -4.113099e-03 2.225300e+02 1.742941e-03 9.999949e-01 -2.691396e-03 -5.381882e+00 4.117716e-03 2.684188e-03 9.999879e-01 1.644260e+01
9.998888e-01 3.348884e-03 -1.452460e-02 2.274607e+02 -3.408562e-03 9.999858e-01 -4.084326e-03 -5.516206e+00 1.451063e-02 4.133368e-03 9.998861e-01 1.711980e+01
9.999914e-01 -1.811031e-03 -3.718409e-03 2.323882e+02 1.800815e-03 9.999946e-01 -2.742739e-03 -5.650701e+00 3.723275e-03 2.736007e-03 9.999893e-01 1.781065e+01
