9.999927e-01 2.860795e-04 -3.797784e-03 -5.997494e-02 -2.845076e-04 9.999999e-01 4.144249e-04 1.548730e-03 3.797902e-03 -4.133408e-04 9.999926e-01 -1.364474e-01
9.998985e-01 7.040442e-04 -1.423041e-02 -7.763415e-02 -6.913757e-04 9.999994e-01 8.951388e-04 -5.853224e-03 1.423103e-02 -8.852087e-04 9.998982e-01 2.483693e-01
9.999943e-01 1.988005e-04 3.377240e-03 -6.428481e-02 -1.991669e-04 1.000000e+00 1.081516e-04 -1.626653e-02 -3.377222e-03 -1.088229e-04 9.999942e-01 7.114975e-01
9.999229e-01 6.458261e-04 -1.239887e-02 -4.749967e-02 -6.356450e-04 9.999995e-01 8.250546e-04 -2.695662e-02 1.239939e-02 -8.171089e-04 9.999227e-01 1.176280e+00
9.999890e-01 2.067863e-04 4.678483e-03 -1.350178e-02 -2.070699e-04 1.000000e+00 6.013468e-05 -3.902864e-02 -4.678475e-03 -6.110187e-05 9.999890e-01 1.676707e+00
9.999181e-01 6.426574e-04 -1.278536e-02 1.527052e-02 -6.319844e-04 9.999994e-01 8.388025e-04 -5.056489e-02 1.278588e-02 -8.306526e-04 9.999178e-01 2.162030e+00
9.999853e-01 1.629238e-04 5.418432e-03 3.877477e-02 -1.631860e-04 1.000000e+00 4.796152e-05 -6.216345e-02 -5.418430e-03 -4.884393e-05 9.999852e-01 2.651287e+00
9.999544e-01 5.136489e-04 -9.534380e-03 7.711635e-02 -5.066221e-04 9.999996e-01 7.393949e-04 -7.492438e-02 9.534750e-03 -7.345297e-04 9.999542e-01 3.163320e+00
9.999850e-01 1.608380e-04 5.482904e-03 1.132156e-01 -1.611855e-04 1.000000e+00 6.293982e-05 -8.779826e-02 -5.482901e-03 -6.382139e-05 9.999849e-01 3.683163e+00
9.999266e-01 5.553376e-04 -1.210420e-02 1.322522e-01 -5.460961e-04 9.999996e-01 7.667832e-04 -9.914616e-02 1.210461e-02 -7.601155e-04 9.999263e-01 4.156796e+00
9.999922e-01 1.624855e-04 3.940856e-03 1.554402e-01 -1.627781e-04 1.000000e+00 7.395904e-05 -1.084177e-01 -3.940852e-03 -7.459854e-05 9.999921e-01 4.543859e+00
9.999419e-01 3.751867e-04 -1.077672e-02 1.818881e-01 -3.685872e-04 9.999997e-01 6.143608e-04 -1.154995e-01 1.077694e-02 -6.103514e-04 9.999416e-01 4.805755e+00
9.999912e-01 -2.439424e-05 4.190225e-03 1.767133e-01 2.467466e-05 1.000000e+00 -6.684709e-05 -1.165230e-01 -4.190233e-03 6.695143e-05 9.999911e-01 4.792077e+00
9.999706e-01 4.735788e-04 -7.647564e-03 2.065968e-01 -4.691297e-04 9.999997e-01 5.835455e-04 -1.240322e-01 7.647827e-03 -5.799391e-04 9.999705e-01 5.054111e+00
9.999921e-01 -1.945982e-04 3.964771e-03 1.982011e-01 1.948071e-04 1.000000e+00 -5.226391e-05 -1.258730e-01 -3.964771e-03 5.303749e-05 9.999920e-01 5.062045e+00
9.999133e-01 7.963743e-04 -1.314047e-02 1.968507e-01 -7.854229e-04 9.999993e-01 8.385418e-04 -1.312361e-01 1.314112e-02 -8.281466e-04 9.999132e-01 5.287946e+00
9.999642e-01 -4.832366e-04 8.447459e-03 1.509644e-01 4.853225e-04 9.999999e-01 -2.448639e-04 -1.308923e-01 -8.447352e-03 2.489566e-04 9.999642e-01 5.221658e+00
9.999227e-01 8.338896e-04 -1.240940e-02 1.168075e-01 -8.250926e-04 9.999994e-01 7.139876e-04 -1.324195e-01 1.240998e-02 -7.036916e-04 9.999226e-01 5.231893e+00
9.999777e-01 -4.027895e-04 6.659648e-03 1.432699e-01 4.037063e-04 9.999999e-01 -1.363002e-04 -1.365657e-01 -6.659606e-03 1.389875e-04 9.999777e-01 5.339034e+00
9.999479e-01 8.487701e-04 -1.016771e-02 2.012853e-01 -8.413016e-04 9.999994e-01 7.387747e-04 -1.455193e-01 1.016832e-02 -7.301802e-04 9.999479e-01 5.628490e+00
9.999759e-01 -3.071493e-04 6.938398e-03 2.696430e-01 3.073614e-04 1.000000e+00 -2.947553e-05 -1.578340e-01 -6.938403e-03 3.160939e-05 9.999758e-01 6.068380e+00
9.999366e-01 9.216822e-04 -1.122614e-02 3.145354e-01 -9.129663e-04 9.999993e-01 7.814845e-04 -1.699700e-01 1.122683e-02 -7.711838e-04 9.999366e-01 6.537765e+00
9.999951e-01 -2.498180e-04 3.126348e-03 3.291114e-01 2.496542e-04 1.000000e+00 5.282782e-05 -1.785516e-01 -3.126376e-03 -5.204493e-05 9.999950e-01 6.898009e+00
9.999304e-01 7.276280e-04 -1.177514e-02 3.047021e-01 -7.196843e-04 9.999995e-01 6.788265e-04 -1.801317e-01 1.177561e-02 -6.703027e-04 9.999303e-01 6.942808e+00
9.999715e-01 -3.454245e-04 7.540461e-03 3.095801e-01 3.467285e-04 9.999999e-01 -1.715960e-04 -1.843998e-01 -7.540417e-03 1.742078e-04 9.999715e-01 7.075187e+00
9.999518e-01 7.809450e-04 -9.783162e-03 3.553541e-01 -7.734771e-04 9.999994e-01 7.670921e-04 -1.932315e-01 9.783739e-03 -7.594858e-04 9.999518e-01 7.389647e+00
9.999702e-01 -4.807113e-04 7.705948e-03 3.951291e-01 4.829773e-04 9.999998e-01 -2.921715e-04 -1.990449e-01 -7.705823e-03 2.958869e-04 9.999702e-01 7.535321e+00
9.999212e-01 8.247249e-04 -1.252275e-02 4.033039e-01 -8.145607e-04 9.999993e-01 8.167172e-04 -2.013870e-01 1.252340e-02 -8.064499e-04 9.999212e-01 7.560071e+00
9.999849e-01 -2.451256e-04 5.485495e-03 4.320697e-01 2.458172e-04 1.000000e+00 -1.253570e-04 -2.087728e-01 -5.485482e-03 1.267060e-04 9.999848e-01 7.840920e+00
9.999596e-01 6.525006e-04 -8.970018e-03 4.921803e-01 -6.463794e-04 9.999996e-01 6.852605e-04 -2.169838e-01 8.970443e-03 -6.794322e-04 9.999594e-01 8.108541e+00
9.999824e-01 -4.346805e-04 5.919124e-03 5.067040e-01 4.361885e-04 9.999999e-01 -2.534317e-04 -2.184125e-01 -5.919032e-03 2.560116e-04 9.999824e-01 8.062554e+00
9.999632e-01 8.303269e-04 -8.535195e-03 5.445157e-01 -8.239689e-04 9.999994e-01 7.483707e-04 -2.255707e-01 8.535793e-03 -7.413079e-04 9.999632e-01 8.282881e+00
9.999795e-01 -2.299222e-04 6.398177e-03 6.038179e-01 2.296210e-04 1.000000e+00 4.786143e-05 -2.391819e-01 -6.398207e-03 -4.638863e-05 9.999794e-01 8.803214e+00
9.999687e-01 8.431522e-04 -7.865517e-03 6.666918e-01 -8.372257e-04 9.999994e-01 7.566966e-04 -2.534020e-01 7.866131e-03 -7.500850e-04 9.999687e-01 9.354095e+00
9.999847e-01 -1.514482e-04 5.536467e-03 7.209493e-01 1.508696e-04 1.000000e+00 1.049732e-04 -2.684892e-01 -5.536502e-03 -1.041335e-04 9.999846e-01 9.954130e+00
9.999637e-01 7.257686e-04 -8.492114e-03 7.824278e-01 -7.203743e-04 9.999995e-01 6.382211e-04 -2.811400e-01 8.492554e-03 -6.320776e-04 9.999636e-01 1.042518e+01
9.999850e-01 -5.803326e-04 5.437914e-03 7.543790e-01 5.812271e-04 9.999998e-01 -1.628598e-04 -2.783622e-01 -5.437838e-03 1.660210e-04 9.999851e-01 1.019644e+01
9.999802e-01 6.985698e-04 -6.248916e-03 7.944855e-01 -6.960599e-04 9.999997e-01 4.037702e-04 -2.757589e-01 6.249176e-03 -3.994097e-04 9.999803e-01 9.836342e+00
9.999711e-01 -5.600160e-04 7.575851e-03 9.171340e-01 5.602704e-04 9.999998e-01 -3.142129e-05 -2.800814e-01 -7.575853e-03 3.566789e-05 9.999712e-01 9.728037e+00
9.999878e-01 9.828377e-04 -4.848635e-03 1.097865e+00 -9.794923e-04 9.999993e-01 6.922265e-04 -2.963671e-01 4.849292e-03 -6.874658e-04 9.999879e-01 1.023484e+01
9.999757e-01 -4.019421e-04 6.960120e-03 1.231174e+00 4.010618e-04 9.999999e-01 1.279111e-04 -3.138765e-01 -6.960190e-03 -1.251134e-04 9.999757e-01 1.086842e+01
9.999594e-01 8.887623e-04 -8.962995e-03 1.295037e+00 -8.834232e-04 9.999994e-01 5.995826e-04 -3.252130e-01 8.963503e-03 -5.916370e-04 9.999596e-01 1.127386e+01
9.999710e-01 -6.935809e-04 7.581318e-03 1.259002e+00 6.947418e-04 9.999997e-01 -1.504452e-04 -3.226355e-01 -7.581231e-03 1.557111e-04 9.999712e-01 1.101939e+01
9.999692e-01 8.063034e-04 -7.806675e-03 1.173304e+00 -8.029853e-04 9.999996e-01 4.281154e-04 -3.132356e-01 7.806997e-03 -4.218304e-04 9.999693e-01 1.044200e+01
9.999751e-01 -6.380460e-04 7.021362e-03 1.138013e+00 6.387770e-04 9.999998e-01 -1.018183e-04 -3.098796e-01 -7.021316e-03 1.063041e-04 9.999752e-01 1.014415e+01
9.999836e-01 9.188192e-04 -5.652954e-03 1.254244e+00 -9.155808e-04 9.999994e-01 5.753849e-04 -3.182888e-01 5.653460e-03 -5.701964e-04 9.999838e-01 1.029471e+01
9.999860e-01 -8.428576e-04 5.217404e-03 1.317307e+00 8.434580e-04 9.999996e-01 -1.128123e-04 -3.162563e-01 -5.217327e-03 1.172147e-04 9.999863e-01 9.903889e+00
9.999760e-01 1.134928e-03 -6.833035e-03 1.317660e+00 -1.132026e-03 9.999993e-01 4.284369e-04 -3.177303e-01 6.833497e-03 -4.206881e-04 9.999765e-01 9.813645e+00
9.999898e-01 -4.865430e-04 4.483825e-03 1.364143e+00 4.847231e-04 9.999998e-01 4.070528e-04 -3.315324e-01 -4.484042e-03 -4.048717e-04 9.999898e-01 1.036264e+01
9.999579e-01 1.141580e-03 -9.104025e-03 1.391814e+00 -1.138378e-03 9.999993e-01 3.568894e-04 -3.431360e-01 9.104405e-03 -3.465070e-04 9.999584e-01 1.083642e+01
9.999980e-01 -3.515774e-04 1.948493e-03 1.411936e+00 3.506001e-04 9.999998e-01 5.020785e-04 -3.544931e-01 -1.948690e-03 -5.013908e-04 9.999979e-01 1.132039e+01
9.998890e-01 1.392098e-03 -1.483633e-02 1.419211e+00 -1.382713e-03 9.999988e-01 6.427531e-04 -3.662072e-01 1.483719e-02 -6.221636e-04 9.998896e-01 1.185828e+01
9.999420e-01 1.557282e-04 -1.077291e-02 1.444196e+00 -1.447780e-04 9.999995e-01 1.017194e-03 -3.778338e-01 1.077304e-02 -1.015572e-03 9.999414e-01 1.243610e+01
9.998360e-01 1.743560e-03 -1.802828e-02 1.522796e+00 -1.729374e-03 9.999982e-01 8.023990e-04 -3.933500e-01 1.802961e-02 -7.710858e-04 9.998371e-01 1.314764e+01
9.999460e-01 2.095651e-04 -1.039065e-02 1.640747e+00 -2.000255e-04 9.999996e-01 9.190650e-04 -4.095302e-01 1.039081e-02 -9.169329e-04 9.999455e-01 1.384628e+01
9.997295e-01 1.738675e-03 -2.319306e-02 1.698840e+00 -1.713704e-03 9.999979e-01 1.096446e-03 -4.226691e-01 2.319488e-02 -1.056399e-03 9.997303e-01 1.448911e+01
9.993538e-01 1.006208e-03 -3.592997e-02 1.730035e+00 -9.346176e-04 9.999975e-01 2.009216e-03 -4.332570e-01 3.593186e-02 -1.974332e-03 9.993522e-01 1.514057e+01
9.995518e-01 2.050384e-03 -2.986667e-02 1.755469e+00 -2.008332e-03 9.999969e-01 1.437887e-03 -4.436018e-01 2.986948e-02 -1.377255e-03 9.995528e-01 1.581798e+01
9.995301e-01 8.779443e-04 -3.063840e-02 1.808894e+00 -8.256629e-04 9.999982e-01 1.718971e-03 -4.554940e-01 3.063980e-02 -1.692862e-03 9.995290e-01 1.651635e+01
9.998706e-01 1.710180e-03 -1.599231e-02 1.913077e+00 -1.697130e-03 9.999982e-01 8.294261e-04 -4.703634e-01 1.599364e-02 -8.021727e-04 9.998717e-01 1.724319e+01
9.997517e-01 5.485296e-04 -2.227378e-02 2.048517e+00 -5.209102e-04 9.999991e-01 1.245711e-03 -4.851340e-01 2.227439e-02 -1.233794e-03 9.997510e-01 1.789252e+01
9.999619e-01 1.084945e-03 -8.665688e-03 2.145565e+00 -1.080963e-03 9.999993e-01 4.640286e-04 -4.948383e-01 8.666125e-03 -4.546384e-04 9.999623e-01 1.830883e+01
9.997332e-01 2.889691e-04 -2.309703e-02 2.173991e+00 -2.602507e-04 9.999992e-01 1.246299e-03 -4.987998e-01 2.309731e-02 -1.239950e-03 9.997324e-01 1.853694e+01
9.999520e-01 1.180387e-03 -9.720940e-03 2.178367e+00 -1.174311e-03 9.999991e-01 6.305078e-04 -5.040982e-01 9.721610e-03 -6.190568e-04 9.999525e-01 1.886204e+01
9.999999e-01 -1.163418e-04 4.416745e-04 2.281815e+00 1.161914e-04 9.999999e-01 3.450717e-04 -5.198618e-01 -4.417806e-04 -3.450149e-04 9.999998e-01 1.946294e+01
9.999281e-01 1.151491e-03 -1.193207e-02 2.370548e+00 -1.144216e-03 9.999992e-01 6.163409e-04 -5.328614e-01 1.193270e-02 -6.026383e-04 9.999285e-01 1.995952e+01
9.996195e-01 3.132913e-04 -2.758132e-02 2.314836e+00 -2.717825e-04 9.999988e-01 1.508617e-03 -5.324571e-01 2.758169e-02 -1.500541e-03 9.996183e-01 2.009807e+01
9.999714e-01 1.009555e-03 -7.495512e-03 2.272027e+00 -1.006375e-03 9.999994e-01 4.277239e-04 -5.324331e-01 7.495867e-03 -4.201628e-04 9.999717e-01 2.022122e+01
9.996769e-01 2.386229e-04 -2.541625e-02 2.239063e+00 -2.038519e-04 9.999990e-01 1.370550e-03 -5.325144e-01 2.541648e-02 -1.364920e-03 9.996759e-01 2.033200e+01
9.999905e-01 7.767411e-04 4.287027e-03 2.245965e+00 -7.765154e-04 9.999997e-01 -5.370015e-05 -5.367810e-01 -4.287143e-03 5.037639e-05 9.999907e-01 2.056150e+01
9.998901e-01 -5.577345e-05 -1.482501e-02 2.324392e+00 6.707265e-05 9.999997e-01 7.614987e-04 -5.423529e-01 1.482488e-02 -7.624035e-04 9.998897e-01 2.072947e+01
9.998164e-01 1.253616e-03 -1.911889e-02 2.253520e+00 -1.233747e-03 9.999987e-01 1.050844e-03 -5.346271e-01 1.912010e-02 -1.027057e-03 9.998166e-01 2.036852e+01
9.984887e-01 8.758782e-04 -5.494984e-02 1.975098e+00 -7.265479e-04 9.999960e-01 2.737440e-03 -5.109551e-01 5.495193e-02 -2.693374e-03 9.984853e-01 1.949303e+01
9.991374e-01 7.340686e-05 4.152535e-02 2.126098e+00 1.280026e-05 9.999978e-01 -2.075660e-03 -5.144336e-01 -4.152549e-02 2.074407e-03 9.991352e-01 1.939146e+01
9.993703e-01 2.606280e-04 -3.548208e-02 2.278727e+00 -1.677853e-04 9.999966e-01 2.619476e-03 -5.195922e-01 3.548256e-02 -2.611867e-03 9.993668e-01 1.950157e+01
9.998611e-01 2.457782e-04 1.666596e-02 2.067377e+00 -2.252700e-04 9.999992e-01 -1.232202e-03 -5.038436e-01 -1.666633e-02 1.228282e-03 9.998603e-01 1.876814e+01
9.997268e-01 -1.410419e-04 -2.337200e-02 1.753683e+00 1.903234e-04 9.999978e-01 2.106221e-03 -4.802658e-01 2.337157e-02 -2.110088e-03 9.997245e-01 1.766774e+01
9.997943e-01 6.174780e-05 2.028221e-02 1.302717e+00 -3.378565e-05 9.999990e-01 -1.378819e-03 -4.463834e-01 -2.028236e-02 1.377856e-03 9.997933e-01 1.611421e+01
9.998349e-01 -5.251564e-05 -1.816766e-02 8.048592e-01 8.764518e-05 9.999981e-01 1.932657e-03 -4.093029e-01 1.816744e-02 -1.933925e-03 9.998330e-01 1.450145e+01
9.998509e-01 7.549169e-05 1.726682e-02 4.267440e-01 -5.500725e-05 9.999993e-01 -1.186612e-03 -3.824125e-01 -1.726698e-02 1.185491e-03 9.998501e-01 1.333786e+01
9.997331e-01 -1.974601e-05 -2.310170e-02 1.413008e-02 6.904359e-05 9.999977e-01 2.132996e-03 -3.524404e-01 2.310152e-02 -2.134015e-03 9.997308e-01 1.200957e+01
9.996602e-01 -3.322183e-05 2.606489e-02 -6.630008e-01 6.611400e-05 9.999992e-01 -1.260931e-03 -3.040855e-01 -2.606491e-02 1.262233e-03 9.996594e-01 9.996650e+00
9.997086e-01 4.213996e-05 -2.413965e-02 -1.233168e+00 5.652057e-06 9.999980e-01 1.979601e-03 -2.626976e-01 2.413960e-02 -1.979154e-03 9.997066e-01 8.225920e+00
9.996234e-01 1.500300e-06 2.744144e-02 -1.827584e+00 3.851997e-05 9.999989e-01 -1.457723e-03 -2.178704e-01 -2.744150e-02 1.458237e-03 9.996223e-01 6.280333e+00
9.998384e-01 3.210887e-05 -1.797854e-02 -2.755318e+00 5.733228e-06 9.999978e-01 2.104601e-03 -1.462992e-01 1.797848e-02 -2.104357e-03 9.998361e-01 3.268422e+00
9.996697e-01 -2.576255e-05 2.569746e-02 -3.549091e+00 6.337944e-05 9.999989e-01 -1.462878e-03 -8.675825e-02 -2.569748e-02 1.464030e-03 9.996686e-01 7.878284e-01
9.997997e-01 2.122889e-05 -2.001227e-02 -4.272585e+00 1.967466e-05 9.999979e-01 2.043553e-03 -3.281115e-02 2.001219e-02 -2.043530e-03 9.997976e-01 -1.493026e+00
9.999348e-01 6.849830e-04 -1.139249e-02 -4.596261e+00 -6.859610e-04 9.999998e-01 -8.226984e-05 -9.726142e-03 1.139235e-02 9.008599e-05 9.999350e-01 -2.469359e+00
9.997733e-01 3.273481e-04 -2.128645e-02 -4.720896e+00 -2.868010e-04 9.999981e-01 1.907679e-03 5.968092e-04 2.128695e-02 -1.901134e-03 9.997715e-01 -2.893405e+00
9.990807e-01 1.720571e-03 -4.283448e-02 -4.856725e+00 -1.662619e-03 9.999977e-01 1.388423e-03 1.059787e-02 4.283668e-02 -1.315923e-03 9.990811e-01 -3.100500e+00
9.999053e-01 -8.094863e-04 1.373761e-02 -5.008184e+00 8.034412e-04 9.999996e-01 4.458736e-04 2.363063e-02 -1.373805e-02 -4.347872e-04 9.999055e-01 -3.678502e+00
9.994386e-01 1.249128e-03 -3.347942e-02 -5.295131e+00 -1.214607e-03 9.999987e-01 1.051289e-03 4.734763e-02 3.348060e-02 -1.010028e-03 9.994388e-01 -4.809867e+00
9.999094e-01 -9.219466e-04 1.342988e-02 -5.651551e+00 9.158149e-04 9.999995e-01 4.630652e-04 7.650525e-02 -1.343040e-02 -4.507171e-04 9.999096e-01 -6.196947e+00
9.991598e-01 1.523841e-03 -4.095476e-02 -5.959124e+00 -1.469637e-03 9.999980e-01 1.353462e-03 1.017646e-01 4.095665e-02 -1.292130e-03 9.991600e-01 -7.378444e+00
9.996628e-01 -1.283546e-03 2.593543e-02 -6.239310e+00 1.286556e-03 9.999992e-01 -9.920675e-05 1.240522e-01 -2.593538e-02 1.325476e-04 9.996635e-01 -8.443402e+00
9.992187e-01 1.549180e-03 -3.949087e-02 -6.500668e+00 -1.498869e-03 9.999980e-01 1.303457e-03 1.440012e-01 3.949272e-02 -1.243240e-03 9.992190e-01 -9.386692e+00
9.993403e-01 -1.525599e-03 3.628441e-02 -6.785573e+00 1.548940e-03 9.999986e-01 -6.150298e-04 1.657526e-01 -3.628352e-02 6.708334e-04 9.993412e-01 -1.042403e+01
9.990344e-01 1.659803e-03 -4.390164e-02 -6.999842e+00 -1.597803e-03 9.999977e-01 1.447178e-03 1.824330e-01 4.390385e-02 -1.375627e-03 9.990347e-01 -1.125513e+01
9.996084e-01 -1.196027e-03 2.795555e-02 -7.097192e+00 1.206572e-03 9.999992e-01 -3.601394e-04 1.892271e-01 -2.795519e-02 3.937358e-04 9.996090e-01 -1.159055e+01
9.993246e-01 1.580370e-03 -3.671291e-02 -7.142396e+00 -1.540124e-03 9.999982e-01 1.124358e-03 1.903595e-01 3.671452e-02 -1.067050e-03 9.993252e-01 -1.166591e+01
9.994909e-01 -1.437159e-03 3.187114e-02 -7.248091e+00 1.452092e-03 9.999988e-01 -4.452198e-04 1.969662e-01 -3.187056e-02 4.912801e-04 9.994918e-01 -1.200989e+01
9.994255e-01 1.528412e-03 -3.385572e-02 -7.414722e+00 -1.497677e-03 9.999984e-01 9.330148e-04 2.093302e-01 3.385700e-02 -8.817668e-04 9.994262e-01 -1.262979e+01
9.994902e-01 -1.425559e-03 3.189261e-02 -7.547200e+00 1.442741e-03 9.999988e-01 -5.155743e-04 2.194639e-01 -3.189193e-02 5.613313e-04 9.994911e-01 -1.316480e+01
9.994301e-01 1.549228e-03 -3.372088e-02 -7.674804e+00 -1.516939e-03 9.999984e-01 9.829550e-04 2.283876e-01 3.372225e-02 -9.312352e-04 9.994307e-01 -1.362146e+01
9.995375e-01 -1.497114e-03 3.037192e-02 -7.838693e+00 1.508820e-03 9.999988e-01 -3.623167e-04 2.388109e-01 -3.037144e-02 4.079820e-04 9.995385e-01 -1.412438e+01
9.993763e-01 1.715503e-03 -3.526908e-02 -7.908786e+00 -1.683128e-03 9.999981e-01 9.474568e-04 2.427384e-01 3.527054e-02 -8.874964e-04 9.993773e-01 -1.435507e+01
9.995714e-01 -1.448279e-03 2.923753e-02 -7.959002e+00 1.458233e-03 9.999989e-01 -3.189496e-04 2.441644e-01 -2.923713e-02 3.614552e-04 9.995724e-01 -1.445501e+01
9.991635e-01 1.905133e-03 -4.084842e-02 -7.996461e+00 -1.856663e-03 9.999975e-01 1.224364e-03 2.449753e-01 4.085056e-02 -1.147491e-03 9.991645e-01 -1.450549e+01
9.995253e-01 -1.499364e-03 3.077046e-02 -8.023886e+00 1.512736e-03 9.999988e-01 -4.110826e-04 2.449505e-01 -3.076990e-02 4.574422e-04 9.995263e-01 -1.452929e+01
9.990330e-01 2.136793e-03 -4.391402e-02 -8.023630e+00 -2.077818e-03 9.999969e-01 1.388442e-03 2.421081e-01 4.391675e-02 -1.295847e-03 9.990343e-01 -1.440649e+01
9.996994e-01 -1.342981e-03 2.447905e-02 -8.042152e+00 1.346373e-03 9.999991e-01 -1.218595e-04 2.404032e-01 -2.447896e-02 1.547879e-04 9.997003e-01 -1.429105e+01
9.995948e-01 1.642745e-03 -2.841688e-02 -8.048504e+00 -1.625362e-03 9.999985e-01 6.345806e-04 2.385873e-01 2.841778e-02 -5.881287e-04 9.995959e-01 -1.426791e+01
9.996793e-01 -1.382698e-03 2.528545e-02 -8.056351e+00 1.386394e-03 9.999990e-01 -1.284164e-04 2.363801e-01 -2.528535e-02 1.634379e-04 9.996802e-01 -1.422584e+01
9.995872e-01 1.650097e-03 -2.868232e-02 -8.048459e+00 -1.632973e-03 9.999985e-01 6.202481e-04 2.337385e-01 2.868320e-02 -5.731475e-04 9.995883e-01 -1.416982e+01
9.996814e-01 -1.406592e-03 2.520144e-02 -8.053524e+00 1.409793e-03 9.999990e-01 -1.090181e-04 2.315087e-01 -2.520136e-02 1.445193e-04 9.996823e-01 -1.412331e+01
9.995894e-01 1.694771e-03 -2.860226e-02 -8.047513e+00 -1.678088e-03 9.999984e-01 6.070614e-04 2.289370e-01 2.860315e-02 -5.588079e-04 9.995906e-01 -1.407521e+01
9.996312e-01 -1.394310e-03 2.711959e-02 -8.018602e+00 1.397403e-03 9.999990e-01 -9.487870e-05 2.233519e-01 -2.711953e-02 1.327478e-04 9.996321e-01 -1.390443e+01
9.995148e-01 1.799405e-03 -3.109298e-02 -7.984018e+00 -1.778689e-03 9.999982e-01 6.937208e-04 2.163533e-01 3.109408e-02 -6.380724e-04 9.995162e-01 -1.365870e+01
9.996239e-01 -1.372234e-03 2.738766e-02 -7.940523e+00 1.375242e-03 9.999991e-01 -9.080080e-05 2.084125e-01 -2.738761e-02 1.284385e-04 9.996248e-01 -1.337314e+01
9.995513e-01 1.799847e-03 -2.989826e-02 -7.917683e+00 -1.779994e-03 9.999982e-01 6.904008e-04 2.011713e-01 2.989935e-02 -6.368651e-04 9.995527e-01 -1.310915e+01
9.996190e-01 -1.513084e-03 2.756048e-02 -7.910834e+00 1.518343e-03 9.999988e-01 -1.696386e-04 1.978697e-01 -2.756029e-02 2.114274e-04 9.996201e-01 -1.303217e+01
9.995575e-01 1.835595e-03 -2.968645e-02 -7.903177e+00 -1.815648e-03 9.999981e-01 6.986541e-04 1.938031e-01 2.968758e-02 -6.444377e-04 9.995590e-01 -1.291971e+01
9.996396e-01 -1.395885e-03 2.680586e-02 -7.885667e+00 1.398709e-03 9.999990e-01 -8.638057e-05 1.864752e-01 -2.680582e-02 1.238502e-04 9.996406e-01 -1.264934e+01
9.995649e-01 1.502032e-03 -2.945472e-02 -7.997156e+00 -1.483328e-03 9.999987e-01 6.566601e-04 1.933243e-01 2.945557e-02 -6.126762e-04 9.995658e-01 -1.299721e+01
9.996141e-01 -1.491377e-03 2.773811e-02 -8.248630e+00 1.493888e-03 9.999989e-01 -6.960780e-05 2.103133e-01 -2.773807e-02 1.110258e-04 9.996152e-01 -1.376458e+01
9.995616e-01 1.538908e-03 -2.956702e-02 -8.469601e+00 -1.521706e-03 9.999987e-01 6.040650e-04 2.251133e-01 2.956781e-02 -5.588006e-04 9.995626e-01 -1.444060e+01
9.996087e-01 -1.464690e-03 2.793057e-02 -8.646325e+00 1.468650e-03 9.999989e-01 -1.210652e-04 2.372019e-01 -2.793046e-02 1.620453e-04 9.996098e-01 -1.501417e+01
9.995657e-01 1.561701e-03 -2.942563e-02 -8.820716e+00 -1.545605e-03 9.999986e-01 5.695509e-04 2.501143e-01 2.942638e-02 -5.238159e-04 9.995668e-01 -1.564881e+01
9.996122e-01 -1.489156e-03 2.780443e-02 -9.000726e+00 1.492809e-03 9.999989e-01 -1.103873e-04 2.631048e-01 -2.780434e-02 1.518584e-04 9.996133e-01 -1.628010e+01
9.995902e-01 1.558487e-03 -2.858213e-02 -9.261715e+00 -1.542882e-03 9.999986e-01 5.678007e-04 2.825617e-01 2.858288e-02 -5.234619e-04 9.995912e-01 -1.718859e+01
9.996145e-01 -1.490287e-03 2.772094e-02 -9.499948e+00 1.494725e-03 9.999989e-01 -1.391476e-04 3.008861e-01 -2.772080e-02 1.805364e-04 9.996156e-01 -1.806563e+01
9.995867e-01 1.630448e-03 -2.870151e-02 -9.645652e+00 -1.617498e-03 9.999986e-01 4.741728e-04 3.128108e-01 2.870214e-02 -4.275448e-04 9.995879e-01 -1.868470e+01
9.996104e-01 -1.485608e-03 2.787047e-02 -9.769352e+00 1.489412e-03 9.999989e-01 -1.154892e-04 3.237085e-01 -2.787037e-02 1.569621e-04 9.996115e-01 -1.927511e+01
9.995813e-01 1.637105e-03 -2.888606e-02 -9.874435e+00 -1.625892e-03 9.999986e-01 4.114468e-04 3.326312e-01 2.888660e-02 -3.643016e-04 9.995826e-01 -1.976933e+01
9.996218e-01 -1.475952e-03 2.745739e-02 -9.916430e+00 1.476062e-03 9.999989e-01 1.646058e-05 3.359909e-01 -2.745748e-02 2.408181e-05 9.996229e-01 -2.002822e+01
9.995887e-01 1.623183e-03 -2.862927e-02 -9.978447e+00 -1.614048e-03 9.999986e-01 3.419667e-04 3.420338e-01 2.862969e-02 -2.956097e-04 9.995900e-01 -2.042037e+01
9.996075e-01 -1.521882e-03 2.797341e-02 -1.017319e+01 1.519638e-03 9.999988e-01 1.016999e-04 3.577678e-01 -2.797363e-02 -5.914318e-05 9.996086e-01 -2.119750e+01
9.995944e-01 1.603667e-03 -2.843304e-02 -1.043027e+01 -1.595406e-03 9.999987e-01 3.130076e-04 3.778912e-01 2.843341e-02 -2.675110e-04 9.995956e-01 -2.215668e+01
9.996221e-01 -1.502720e-03 2.744700e-02 -1.060672e+01 1.502024e-03 9.999989e-01 4.622737e-05 3.918189e-01 -2.744714e-02 -4.976481e-06 9.996232e-01 -2.285439e+01
9.995740e-01 1.595721e-03 -2.914140e-02 -1.076372e+01 -1.584774e-03 9.999987e-01 3.985550e-04 4.035721e-01 2.914190e-02 -3.521953e-04 9.995752e-01 -2.344518e+01
9.996254e-01 -1.442542e-03 2.732855e-02 -1.084082e+01 1.444141e-03 9.999990e-01 -3.855697e-05 4.087428e-01 -2.732856e-02 7.801621e-05 9.996264e-01 -2.375210e+01
9.995461e-01 1.724974e-03 -3.007538e-02 -1.086818e+01 -1.708035e-03 9.999984e-01 5.887056e-04 4.077517e-01 3.007625e-02 -5.370611e-04 9.995474e-01 -2.376905e+01
9.996122e-01 -1.668379e-03 2.779454e-02 -1.100972e+01 1.669595e-03 9.999986e-01 -2.029234e-05 4.175963e-01 -2.779457e-02 6.669755e-05 9.996136e-01 -2.426354e+01
9.996043e-01 1.745701e-03 -2.807170e-02 -1.129983e+01 -1.731760e-03 9.999984e-01 5.206884e-04 4.392826e-01 2.807247e-02 -4.718615e-04 9.996057e-01 -2.526088e+01
9.996072e-01 -1.643588e-03 2.797586e-02 -1.155443e+01 1.645608e-03 9.999986e-01 -4.896354e-05 4.582293e-01 -2.797584e-02 9.498908e-05 9.996085e-01 -2.613154e+01
9.995921e-01 1.740970e-03 -2.850526e-02 -1.179861e+01 -1.726855e-03 9.999984e-01 5.195722e-04 4.762602e-01 2.850602e-02 -4.701283e-04 9.995935e-01 -2.696769e+01
9.996121e-01 -1.668394e-03 2.779911e-02 -1.204763e+01 1.669085e-03 9.999986e-01 -1.421657e-06 4.945626e-01 -2.779917e-02 4.782770e-05 9.996135e-01 -2.781477e+01
9.995907e-01 1.764494e-03 -2.855372e-02 -1.227273e+01 -1.753378e-03 9.999984e-01 4.140876e-04 5.113795e-01 2.855431e-02 -3.638451e-04 9.995921e-01 -2.861282e+01
9.996200e-01 -1.710639e-03 2.751040e-02 -1.251393e+01 1.707714e-03 9.999985e-01 1.300589e-04 5.285355e-01 -2.751068e-02 -8.302206e-05 9.996215e-01 -2.939973e+01
9.996081e-01 1.778374e-03 -2.793680e-02 -1.279383e+01 -1.769628e-03 9.999984e-01 3.375742e-04 5.487106e-01 2.793726e-02 -2.879966e-04 9.996096e-01 -3.031622e+01
9.996294e-01 -1.706563e-03 2.716686e-02 -1.303492e+01 1.703075e-03 9.999985e-01 1.517492e-04 5.662145e-01 -2.716718e-02 -1.054181e-04 9.996308e-01 -3.112550e+01
9.996331e-01 1.805770e-03 -2.702363e-02 -1.333173e+01 -1.798138e-03 9.999983e-01 3.064817e-04 5.885840e-01 2.702404e-02 -2.577694e-04 9.996347e-01 -3.215092e+01
9.996180e-01 -1.694243e-03 2.758306e-02 -1.361379e+01 1.691384e-03 9.999986e-01 1.272256e-04 6.100491e-01 -2.758334e-02 -8.051586e-05 9.996194e-01 -3.313343e+01
9.996336e-01 1.786132e-03 -2.700733e-02 -1.394467e+01 -1.777388e-03 9.999984e-01 3.475115e-04 6.346373e-01 2.700781e-02 -2.993740e-04 9.996351e-01 -3.423714e+01
9.996162e-01 -1.741847e-03 2.764538e-02 -1.432395e+01 1.737326e-03 9.999985e-01 1.878202e-04 6.625449e-01 -2.764577e-02 -1.397114e-04 9.996177e-01 -3.547671e+01
9.996492e-01 1.775867e-03 -2.642487e-02 -1.475847e+01 -1.767488e-03 9.999984e-01 3.401941e-04 6.946433e-01 2.642533e-02 -2.933614e-04 9.996507e-01 -3.689132e+01
9.996215e-01 -1.726319e-03 2.745532e-02 -1.514694e+01 1.722593e-03 9.999985e-01 1.596108e-04 7.234628e-01 -2.745565e-02 -1.122483e-04 9.996230e-01 -3.817051e+01
9.996297e-01 1.800893e-03 -2.715069e-02 -1.546951e+01 -1.793684e-03 9.999983e-01 2.896197e-04 7.475554e-01 2.715106e-02 -2.408049e-04 9.996313e-01 -3.926518e+01
9.996260e-01 -1.775453e-03 2.728709e-02 -1.583739e+01 1.769235e-03 9.999984e-01 2.522759e-04 7.748235e-01 -2.728759e-02 -2.038965e-04 9.996275e-01 -4.049291e+01
9.996492e-01 1.797622e-03 -2.642429e-02 -1.627181e+01 -1.791240e-03 9.999984e-01 2.649489e-04 8.070157e-01 2.642463e-02 -2.175159e-04 9.996507e-01 -4.192176e+01
9.996376e-01 -1.759318e-03 2.685908e-02 -1.663785e+01 1.754358e-03 9.999984e-01 2.084966e-04 8.341786e-01 -2.685950e-02 -1.612928e-04 9.996391e-01 -4.314186e+01
9.996342e-01 1.837980e-03 -2.698224e-02 -1.692835e+01 -1.831999e-03 9.999983e-01 2.461376e-04 8.558411e-01 2.698255e-02 -1.966082e-04 9.996358e-01 -4.413638e+01
9.996438e-01 -1.751877e-03 2.662868e-02 -1.718457e+01 1.746722e-03 9.999985e-01 2.171198e-04 8.744352e-01 -2.662912e-02 -1.705217e-04 9.996453e-01 -4.498757e+01
9.996350e-01 1.820905e-03 -2.695279e-02 -1.746731e+01 -1.813483e-03 9.999983e-01 2.995563e-04 8.948649e-01 2.695319e-02 -2.505606e-04 9.996366e-01 -4.591178e+01
9.996245e-01 -1.769454e-03 2.734415e-02 -1.781962e+01 1.765010e-03 9.999984e-01 1.868986e-04 9.210417e-01 -2.734454e-02 -1.385578e-04 9.996260e-01 -4.708983e+01
9.996492e-01 1.791165e-03 -2.642404e-02 -1.826933e+01 -1.781741e-03 9.999983e-01 3.799392e-04 9.540953e-01 2.642457e-02 -3.327171e-04 9.996507e-01 -4.854465e+01
9.996344e-01 -1.795132e-03 2.697696e-02 -1.869147e+01 1.792114e-03 9.999984e-01 1.363335e-04 9.856263e-01 -2.697726e-02 -8.792987e-05 9.996360e-01 -4.995913e+01
9.996324e-01 1.856796e-03 -2.704633e-02 -1.900055e+01 -1.848868e-03 9.999982e-01 3.178771e-04 1.008625e+00 2.704677e-02 -2.677472e-04 9.996341e-01 -5.101181e+01
9.996420e-01 -1.773080e-03 2.669618e-02 -1.925723e+01 1.770235e-03 9.999984e-01 1.304735e-04 1.027569e+00 -2.669647e-02 -8.316029e-05 9.996435e-01 -5.188852e+01
9.996320e-01 1.880406e-03 -2.705990e-02 -1.949587e+01 -1.872945e-03 9.999982e-01 3.008115e-04 1.045358e+00 2.706032e-02 -2.500111e-04 9.996337e-01 -5.272022e+01
9.996379e-01 -1.769167e-03 2.684686e-02 -1.971996e+01 1.767823e-03 9.999984e-01 7.405628e-05 1.062438e+00 -2.684705e-02 -2.656093e-05 9.996395e-01 -5.353116e+01
9.996402e-01 1.920270e-03 -2.675368e-02 -1.993261e+01 -1.913767e-03 9.999981e-01 2.684129e-04 1.079012e+00 2.675405e-02 -2.171079e-04 9.996420e-01 -5.432403e+01
9.996444e-01 -1.748421e-03 2.660834e-02 -2.005802e+01 1.746882e-03 9.999985e-01 8.137464e-05 1.089734e+00 -2.660854e-02 -3.485602e-05 9.996459e-01 -5.488643e+01
9.996564e-01 1.833911e-03 -2.614657e-02 -2.037481e+01 -1.824070e-03 9.999983e-01 3.999633e-04 1.113181e+00 2.614716e-02 -3.521247e-04 9.996580e-01 -5.594185e+01
9.996311e-01 -1.802511e-03 2.709853e-02 -2.079962e+01 1.799496e-03 9.999984e-01 1.359049e-04 1.144098e+00 -2.709883e-02 -8.708297e-05 9.996327e-01 -5.729561e+01
9.996736e-01 1.875887e-03 -2.547695e-02 -2.122446e+01 -1.868327e-03 9.999982e-01 3.202535e-04 1.175902e+00 2.547741e-02 -2.725416e-04 9.996753e-01 -5.870142e+01
9.996413e-01 -1.812970e-03 2.672011e-02 -2.162550e+01 1.809634e-03 9.999984e-01 1.493007e-04 1.206085e+00 -2.672043e-02 -1.008854e-04 9.996429e-01 -6.004780e+01
9.996834e-01 1.847214e-03 -2.509308e-02 -2.211029e+01 -1.838108e-03 9.999982e-01 3.856942e-04 1.241969e+00 2.509365e-02 -3.394401e-04 9.996850e-01 -6.161913e+01
9.996311e-01 -1.841431e-03 2.709445e-02 -2.263115e+01 1.838373e-03 9.999983e-01 1.380178e-04 1.280240e+00 -2.709476e-02 -8.814895e-05 9.996328e-01 -6.328075e+01
9.996917e-01 1.860806e-03 -2.475858e-02 -2.317820e+01 -1.851338e-03 9.999982e-01 4.050533e-04 1.320501e+00 2.475919e-02 -3.590837e-04 9.996933e-01 -6.502162e+01
9.996326e-01 -1.852539e-03 2.703862e-02 -2.371129e+01 1.849589e-03 9.999983e-01 1.343838e-04 1.360191e+00 -2.703892e-02 -8.431584e-05 9.996343e-01 -6.675069e+01
9.996918e-01 1.908348e-03 -2.475119e-02 -2.419331e+01 -1.899909e-03 9.999981e-01 3.641685e-04 1.396060e+00 2.475174e-02 -3.170229e-04 9.996935e-01 -6.831182e+01
9.996214e-01 -1.828789e-03 2.745388e-02 -2.465518e+01 1.826338e-03 9.999983e-01 1.145821e-04 1.431185e+00 -2.745414e-02 -6.439031e-05 9.996230e-01 -6.984962e+01
9.997014e-01 1.963672e-03 -2.435618e-02 -2.503330e+01 -1.956802e-03 9.999980e-01 3.056118e-04 1.461187e+00 2.435664e-02 -2.578519e-04 9.997032e-01 -7.117866e+01
9.996489e-01 -1.840067e-03 2.643102e-02 -2.536976e+01 1.838302e-03 9.999983e-01 9.135210e-05 1.487839e+00 -2.643124e-02 -4.272343e-05 9.996506e-01 -7.238416e+01
9.996732e-01 1.992386e-03 -2.548326e-02 -2.562138e+01 -1.985803e-03 9.999980e-01 2.833624e-04 1.507871e+00 2.548367e-02 -2.326566e-04 9.996752e-01 -7.331650e+01
9.996510e-01 -1.857128e-03 2.635214e-02 -2.588172e+01 1.855605e-03 9.999983e-01 8.249753e-05 1.529144e+00 -2.635235e-02 -3.356111e-05 9.996527e-01 -7.432105e+01
9.996683e-01 1.940628e-03 -2.567894e-02 -2.621967e+01 -1.932288e-03 9.999981e-01 3.492777e-04 1.555425e+00 2.567947e-02 -2.995342e-04 9.996701e-01 -7.553069e+01
9.996741e-01 -1.870534e-03 2.545793e-02 -2.650833e+01 1.868667e-03 9.999982e-01 9.742526e-05 1.577116e+00 -2.545816e-02 -4.981263e-05 9.996758e-01 -7.653312e+01
9.996697e-01 1.959783e-03 -2.562463e-02 -2.678410e+01 -1.952548e-03 9.999980e-01 3.070847e-04 1.598322e+00 2.562508e-02 -2.569414e-04 9.996715e-01 -7.752842e+01
9.996836e-01 -1.858356e-03 2.508192e-02 -2.700480e+01 1.856917e-03 9.999983e-01 8.093892e-05 1.615445e+00 -2.508213e-02 -3.432975e-05 9.996853e-01 -7.835485e+01
9.996785e-01 2.032346e-03 -2.527094e-02 -2.714671e+01 -2.026933e-03 9.999979e-01 2.395413e-04 1.627549e+00 2.527128e-02 -1.882333e-04 9.996806e-01 -7.897987e+01
9.996743e-01 -1.872738e-03 2.545176e-02 -2.723070e+01 1.872202e-03 9.999982e-01 4.516713e-05 1.635563e+00 -2.545190e-02 2.506946e-06 9.996760e-01 -7.944518e+01
9.996729e-01 2.028484e-03 -2.549446e-02 -2.740455e+01 -2.020681e-03 9.999979e-01 3.315403e-04 1.650330e+00 2.549498e-02 -2.799071e-04 9.996749e-01 -8.019342e+01
9.996657e-01 -1.908787e-03 2.578182e-02 -2.765147e+01 1.908472e-03 9.999982e-01 3.710623e-05 1.669752e+00 -2.578194e-02 1.211862e-05 9.996675e-01 -8.111334e+01
9.996678e-01 1.988480e-03 -2.569532e-02 -2.796502e+01 -1.978559e-03 9.999980e-01 4.112529e-04 1.693149e+00 2.569598e-02 -3.602681e-04 9.996697e-01 -8.218192e+01
9.996585e-01 -1.915291e-03 2.605928e-02 -2.829359e+01 1.915282e-03 9.999982e-01 2.558863e-05 1.717781e+00 -2.605938e-02 2.433958e-05 9.996603e-01 -8.330292e+01
9.996716e-01 2.051960e-03 -2.554237e-02 -2.855472e+01 -2.044315e-03 9.999979e-01 3.251708e-04 1.737878e+00 2.554288e-02 -2.728388e-04 9.996736e-01 -8.423893e+01
9.996753e-01 -1.883210e-03 2.541008e-02 -2.871378e+01 1.883818e-03 9.999982e-01 3.250548e-07 1.750564e+00 -2.541013e-02 4.755163e-05 9.996771e-01 -8.487293e+01
9.996541e-01 2.051958e-03 -2.621746e-02 -2.882736e+01 -2.042769e-03 9.999978e-01 3.769779e-04 1.759420e+00 2.621808e-02 -3.232826e-04 9.996561e-01 -8.534279e+01
9.996587e-01 -1.902520e-03 2.605315e-02 -2.901133e+01 1.903615e-03 9.999982e-01 -1.694650e-05 1.773792e+00 -2.605316e-02 6.654451e-05 9.996605e-01 -8.604412e+01
9.996691e-01 2.028583e-03 -2.564278e-02 -2.928143e+01 -2.019237e-03 9.999979e-01 3.900681e-04 1.794602e+00 2.564342e-02 -3.381515e-04 9.996710e-01 -8.701455e+01
9.996612e-01 -1.923522e-03 2.595719e-02 -2.956569e+01 1.923361e-03 9.999981e-01 3.146700e-05 1.816232e+00 -2.595730e-02 1.847737e-05 9.996630e-01 -8.801359e+01
9.997069e-01 2.089457e-03 -2.411846e-02 -2.989440e+01 -2.082251e-03 9.999978e-01 3.236025e-04 1.841531e+00 2.411898e-02 -2.732783e-04 9.997090e-01 -8.915210e+01
9.996445e-01 -1.970826e-03 2.658605e-02 -3.030994e+01 1.968596e-03 9.999981e-01 1.103250e-04 1.873116e+00 -2.658631e-02 -5.793985e-05 9.996465e-01 -9.054486e+01
9.997292e-01 2.142369e-03 -2.317202e-02 -3.071185e+01 -2.137561e-03 9.999977e-01 2.319390e-04 1.904141e+00 2.317237e-02 -1.823358e-04 9.997314e-01 -9.190616e+01
9.996284e-01 -2.012359e-03 2.718319e-02 -3.115490e+01 2.006267e-03 9.999980e-01 2.516789e-04 1.938298e+00 -2.718374e-02 -1.970399e-04 9.996304e-01 -9.338413e+01
9.997380e-01 2.116641e-03 -2.279111e-02 -3.168892e+01 -2.112479e-03 9.999977e-01 2.063687e-04 1.979247e+00 2.279140e-02 -1.581602e-04 9.997402e-01 -9.515247e+01
9.996474e-01 -2.076115e-03 2.647071e-02 -3.228199e+01 2.068180e-03 9.999978e-01 3.274198e-04 2.023802e+00 -2.647143e-02 -2.725493e-04 9.996495e-01 -9.707707e+01
9.997445e-01 2.114207e-03 -2.250258e-02 -3.290586e+01 -2.110654e-03 9.999978e-01 1.813432e-04 2.070409e+00 2.250282e-02 -1.337928e-04 9.997467e-01 -9.907969e+01
9.996392e-01 -2.083624e-03 2.677958e-02 -3.354392e+01 2.074897e-03 9.999978e-01 3.539509e-04 2.117990e+00 -2.678035e-02 -2.982494e-04 9.996412e-01 -1.011156e+02
9.997394e-01 2.094798e-03 -2.272827e-02 -3.421993e+01 -2.090566e-03 9.999978e-01 2.096214e-04 2.168046e+00 2.272856e-02 -1.620429e-04 9.997416e-01 -1.032552e+02
9.996409e-01 -2.083611e-03 2.671261e-02 -3.484761e+01 2.076248e-03 9.999978e-01 3.036352e-04 2.214885e+00 -2.671328e-02 -2.480551e-04 9.996430e-01 -1.052677e+02
9.997043e-01 2.107656e-03 -2.422549e-02 -3.539424e+01 -2.102808e-03 9.999978e-01 2.252799e-04 2.255959e+00 2.422582e-02 -1.742627e-04 9.997064e-01 -1.070644e+02
9.996592e-01 -2.063636e-03 2.602024e-02 -3.585664e+01 2.057778e-03 9.999979e-01 2.521975e-04 2.291211e+00 -2.602081e-02 -1.985586e-04 9.996613e-01 -1.086340e+02
9.997048e-01 2.157044e-03 -2.419993e-02 -3.625320e+01 -2.153443e-03 9.999977e-01 1.745588e-04 2.321748e+00 2.420015e-02 -1.223850e-04 9.997071e-01 -1.100016e+02
9.996744e-01 -2.108822e-03 2.542847e-02 -3.666497e+01 2.101959e-03 9.999977e-01 2.968944e-04 2.353204e+00 -2.542914e-02 -2.433390e-04 9.996765e-01 -1.114162e+02
9.997070e-01 2.146797e-03 -2.410757e-02 -3.712090e+01 -2.142204e-03 9.999977e-01 2.160115e-04 2.387636e+00 2.410788e-02 -1.642958e-04 9.997093e-01 -1.129493e+02
9.996659e-01 -2.140528e-03 2.575876e-02 -3.762241e+01 2.133162e-03 9.999977e-01 3.137240e-04 2.425524e+00 -2.575946e-02 -2.586624e-04 9.996681e-01 -1.146281e+02
9.996999e-01 2.170418e-03 -2.439846e-02 -3.808588e+01 -2.165996e-03 9.999976e-01 2.073337e-04 2.460493e+00 2.439876e-02 -1.544153e-04 9.997022e-01 -1.161825e+02
9.996569e-01 -2.162235e-03 2.610141e-02 -3.857919e+01 2.154654e-03 9.999976e-01 3.188438e-04 2.497376e+00 -2.610213e-02 -2.624857e-04 9.996592e-01 -1.178062e+02
9.997673e-01 2.105435e-03 -2.146698e-02 -3.939793e+01 -2.100628e-03 9.999978e-01 2.461315e-04 2.558742e+00 2.146735e-02 -2.009709e-04 9.997695e-01 -1.204511e+02
9.996892e-01 -2.103124e-03 2.484075e-02 -3.997837e+01 2.098681e-03 9.999978e-01 2.052409e-04 2.602537e+00 -2.484123e-02 -1.530349e-04 9.996913e-01 -1.223604e+02
9.997276e-01 2.116652e-03 -2.324003e-02 -4.048922e+01 -2.108593e-03 9.999977e-01 3.709569e-04 2.640289e+00 2.324066e-02 -3.218428e-04 9.997298e-01 -1.240109e+02
9.996743e-01 -2.134747e-03 2.542826e-02 -4.104740e+01 2.131193e-03 9.999977e-01 1.671938e-04 2.681841e+00 -2.542866e-02 -1.129374e-04 9.996766e-01 -1.258260e+02
9.997201e-01 2.160199e-03 -2.355839e-02 -4.156361e+01 -2.151600e-03 9.999976e-01 3.900245e-04 2.719949e+00 2.355908e-02 -3.392176e-04 9.997223e-01 -1.274857e+02
9.996657e-01 -2.160876e-03 2.576416e-02 -4.211915e+01 2.156831e-03 9.999977e-01 1.851182e-04 2.760990e+00 -2.576459e-02 -1.294779e-04 9.996680e-01 -1.292666e+02
9.997245e-01 2.148853e-03 -2.337349e-02 -4.271358e+01 -2.140400e-03 9.999976e-01 3.863523e-04 2.804871e+00 2.337417e-02 -3.362077e-04 9.997267e-01 -1.311684e+02
9.996527e-01 -2.182632e-03 2.625932e-02 -4.334645e+01 2.178438e-03 9.999976e-01 1.886100e-04 2.851689e+00 -2.625976e-02 -1.313307e-04 9.996551e-01 -1.331912e+02
9.997058e-01 2.174809e-03 -2.415682e-02 -4.391232e+01 -2.166554e-03 9.999976e-01 3.675850e-04 2.893870e+00 2.415746e-02 -3.151302e-04 9.997081e-01 -1.350361e+02
9.996500e-01 -2.219918e-03 2.635976e-02 -4.451757e+01 2.215434e-03 9.999975e-01 1.995974e-04 2.939291e+00 -2.636023e-02 -1.411195e-04 9.996524e-01 -1.370301e+02
9.997081e-01 2.192929e-03 -2.405792e-02 -4.512370e+01 -2.184866e-03 9.999975e-01 3.611201e-04 2.984761e+00 2.405856e-02 -3.084417e-04 9.997104e-01 -1.390236e+02
9.996461e-01 -2.235218e-03 2.650836e-02 -4.574008e+01 2.231190e-03 9.999975e-01 1.818005e-04 3.031137e+00 -2.650880e-02 -1.225812e-04 9.996485e-01 -1.410590e+02
9.996644e-01 2.301354e-03 -2.580180e-02 -4.608843e+01 -2.297866e-03 9.999973e-01 1.645392e-04 3.058711e+00 2.580201e-02 -1.051851e-04 9.996670e-01 -1.423461e+02
9.996766e-01 -2.237837e-03 2.532998e-02 -4.635890e+01 2.231735e-03 9.999975e-01 2.694737e-04 3.080815e+00 -2.533061e-02 -2.128469e-04 9.996790e-01 -1.434178e+02
9.996784e-01 2.293685e-03 -2.525278e-02 -4.669073e+01 -2.290795e-03 9.999974e-01 1.430938e-04 3.107781e+00 2.525295e-02 -8.518909e-05 9.996810e-01 -1.446996e+02
9.996764e-01 -2.237105e-03 2.533923e-02 -4.700955e+01 2.231541e-03 9.999975e-01 2.481868e-04 3.133699e+00 -2.533982e-02 -1.915511e-04 9.996788e-01 -1.459345e+02
9.996739e-01 2.305990e-03 -2.543044e-02 -4.731008e+01 -2.302430e-03 9.999973e-01 1.689530e-04 3.157765e+00 2.543067e-02 -1.103363e-04 9.996765e-01 -1.470775e+02
9.996604e-01 -2.281579e-03 2.595804e-02 -4.770705e+01 2.272771e-03 9.999973e-01 3.691278e-04 3.188129e+00 -2.595891e-02 -3.099959e-04 9.996629e-01 -1.484552e+02
9.996777e-01 2.319861e-03 -2.527972e-02 -4.810263e+01 -2.319403e-03 9.999973e-01 4.712502e-05 3.219231e+00 2.527966e-02 1.153391e-05 9.996804e-01 -1.498930e+02
9.996778e-01 -2.275036e-03 2.527880e-02 -4.843090e+01 2.266380e-03 9.999974e-01 3.713866e-04 3.246025e+00 -2.527967e-02 -3.139657e-04 9.996803e-01 -1.511731e+02
9.997001e-01 2.302219e-03 -2.437818e-02 -4.885486e+01 -2.302672e-03 9.999973e-01 9.176910e-06 3.280204e+00 2.437804e-02 4.697071e-05 9.997027e-01 -1.527664e+02
9.996903e-01 -2.304684e-03 2.477755e-02 -4.926851e+01 2.292659e-03 9.999972e-01 5.140076e-04 3.312394e+00 -2.477877e-02 -4.570320e-04 9.996928e-01 -1.542444e+02
9.997145e-01 2.288732e-03 -2.378395e-02 -4.975053e+01 -2.289437e-03 9.999974e-01 -2.717127e-06 3.349655e+00 2.378378e-02 5.717816e-05 9.997171e-01 -1.559330e+02
9.997005e-01 -2.278527e-03 2.436580e-02 -5.014845e+01 2.267686e-03 9.999973e-01 4.729095e-04 3.380366e+00 -2.436691e-02 -4.175039e-04 9.997029e-01 -1.573357e+02
9.997163e-01 2.288155e-03 -2.370519e-02 -5.058796e+01 -2.287670e-03 9.999974e-01 4.725416e-05 3.414623e+00 2.370514e-02 6.998925e-06 9.997189e-01 -1.589002e+02
9.996954e-01 -2.294061e-03 2.457127e-02 -5.103123e+01 2.284073e-03 9.999973e-01 4.348885e-04 3.448751e+00 -2.457229e-02 -3.786234e-04 9.996979e-01 -1.604471e+02
9.997006e-01 2.313451e-03 -2.435771e-02 -5.140896e+01 -2.311162e-03 9.999973e-01 1.218284e-04 3.476406e+00 2.435783e-02 -6.548719e-05 9.997032e-01 -1.616780e+02
