9.999428e-01 3.583586e-04 -1.069070e-02 -8.687901e-02 -3.588322e-04 9.999999e-01 -4.238536e-05 5.212674e-03 1.069069e-02 4.621958e-05 9.999428e-01 -1.285196e-01
9.999139e-01 5.030547e-04 -1.311397e-02 1.252227e-01 -5.088894e-04 9.999998e-01 -4.415955e-04 1.783387e-02 1.311374e-02 4.482314e-04 9.999138e-01 -1.061704e+00
9.999996e-01 3.506773e-04 -7.924370e-04 2.822668e-01 -3.508875e-04 9.999999e-01 -2.651520e-04 3.445306e-02 7.923392e-04 2.654303e-04 9.999996e-01 -2.127810e+00
9.999998e-01 2.094540e-05 -5.682343e-04 1.371041e-01 -2.078146e-05 1.000000e+00 2.884523e-04 4.319769e-02 5.682354e-04 -2.884401e-04 9.999997e-01 -2.353733e+00
9.999651e-01 4.080265e-04 -8.340717e-03 2.502608e-01 -4.095026e-04 9.999999e-01 -1.752617e-04 3.970747e-02 8.340638e-03 1.786715e-04 9.999651e-01 -2.325423e+00
9.999549e-01 5.151027e-04 -9.486419e-03 6.929055e-01 -5.165162e-04 9.999999e-01 -1.465549e-04 4.397330e-02 9.486334e-03 1.514485e-04 9.999549e-01 -3.120154e+00
9.999997e-01 7.380369e-04 1.648612e-04 1.070356e+00 -7.379294e-04 9.999995e-01 -6.510516e-04 5.985856e-02 -1.653502e-04 6.509300e-04 9.999997e-01 -4.425182e+00
9.999951e-01 2.215972e-04 -3.125612e-03 1.367638e+00 -2.218032e-04 1.000000e+00 -6.555616e-05 6.784134e-02 3.125588e-03 6.624927e-05 9.999950e-01 -5.240657e+00
9.999943e-01 3.005625e-04 -3.366221e-03 1.547647e+00 -3.009924e-04 9.999999e-01 -1.272308e-04 6.968085e-02 3.366173e-03 1.282434e-04 9.999942e-01 -5.589170e+00
9.998451e-01 3.780328e-04 -1.759846e-02 1.542708e+00 -3.651819e-04 9.999997e-01 7.334363e-04 6.840626e-02 1.759872e-02 -7.268958e-04 9.998448e-01 -5.476467e+00
9.999883e-01 2.066890e-05 4.837700e-03 1.497116e+00 -1.915363e-05 1.000000e+00 -3.132609e-04 6.948154e-02 -4.837719e-03 3.131648e-04 9.999881e-01 -5.389763e+00
9.999779e-01 3.340312e-04 -6.647250e-03 1.442924e+00 -3.322021e-04 9.999999e-01 2.762699e-04 6.483214e-02 6.647328e-03 -2.740553e-04 9.999778e-01 -5.043586e+00
9.999985e-01 3.303567e-04 1.704287e-03 1.642433e+00 -3.290610e-04 9.999997e-01 -7.604475e-04 6.932682e-02 -1.704551e-03 7.598857e-04 9.999982e-01 -5.533787e+00
9.999818e-01 8.511628e-04 -5.979062e-03 1.920662e+00 -8.517184e-04 9.999996e-01 -9.038217e-05 8.612803e-02 5.978969e-03 9.547308e-05 9.999820e-01 -6.766975e+00
9.999990e-01 2.268723e-04 1.423643e-03 2.585102e+00 -2.255793e-04 9.999996e-01 -9.083014e-04 8.278876e-02 -1.423862e-03 9.079793e-04 9.999985e-01 -7.565561e+00
9.999938e-01 6.171958e-04 -3.458764e-03 3.301301e+00 -6.178607e-04 9.999998e-01 -1.911792e-04 6.981648e-02 3.458631e-03 1.933149e-04 9.999939e-01 -7.940595e+00
9.999868e-01 -9.914101e-05 5.143278e-03 3.546362e+00 1.009378e-04 9.999999e-01 -3.490798e-04 7.047218e-02 -5.143257e-03 3.495942e-04 9.999866e-01 -8.325719e+00
9.999725e-01 5.377962e-04 -7.394370e-03 3.559838e+00 -5.363324e-04 9.999998e-01 1.999367e-04 6.857979e-02 7.394462e-03 -1.959655e-04 9.999725e-01 -8.250117e+00
9.999824e-01 -3.879097e-05 5.932798e-03 3.486071e+00 4.050610e-05 1.000000e+00 -2.889713e-04 7.138948e-02 -5.932801e-03 2.892063e-04 9.999823e-01 -8.281834e+00
9.999787e-01 1.085074e-03 -6.436477e-03 3.451172e+00 -1.086900e-03 9.999994e-01 -2.801056e-04 9.557719e-02 6.436154e-03 2.870951e-04 9.999791e-01 -9.444106e+00
9.999796e-01 6.205797e-05 6.393410e-03 3.569559e+00 -5.858605e-05 9.999999e-01 -5.432337e-04 1.175832e-01 -6.393458e-03 5.428477e-04 9.999793e-01 -1.071875e+01
9.999963e-01 3.331401e-04 2.711433e-03 3.865555e+00 -3.320268e-04 9.999999e-01 -4.110390e-04 1.202148e-01 -2.711583e-03 4.101367e-04 9.999961e-01 -1.126599e+01
9.999701e-01 -4.063177e-04 7.726729e-03 4.061139e+00 4.082747e-04 9.999999e-01 -2.517056e-04 1.152014e-01 -7.726639e-03 2.548522e-04 9.999700e-01 -1.126187e+01
9.999437e-01 1.278046e-04 1.060623e-02 4.086672e+00 -1.226109e-04 9.999999e-01 -4.903365e-04 1.121853e-01 -1.060630e-02 4.890078e-04 9.999435e-01 -1.103034e+01
9.999067e-01 -8.540474e-04 1.363214e-02 4.088996e+00 8.586390e-04 9.999996e-01 -3.309775e-04 1.098453e-01 -1.363186e-02 3.426510e-04 9.999069e-01 -1.078142e+01
9.998507e-01 1.529208e-05 1.727987e-02 4.094246e+00 8.051756e-07 9.999996e-01 -9.315544e-04 1.063836e-01 -1.727988e-02 9.314284e-04 9.998502e-01 -1.042349e+01
9.997051e-01 -1.301494e-03 2.425062e-02 4.075615e+00 1.318190e-03 9.999989e-01 -6.725371e-04 9.978409e-02 -2.424972e-02 7.043047e-04 9.997056e-01 -9.735744e+00
9.999426e-01 2.849666e-04 1.071312e-02 4.120897e+00 -2.784845e-04 9.999998e-01 -6.065503e-04 9.309008e-02 -1.071329e-02 6.035309e-04 9.999423e-01 -9.237694e+00
9.998139e-01 -9.966181e-04 1.926617e-02 4.197750e+00 1.006527e-03 9.999994e-01 -5.046065e-04 8.732485e-02 -1.926565e-02 5.239033e-04 9.998142e-01 -8.908540e+00
9.998407e-01 -4.012243e-05 1.784862e-02 4.277046e+00 5.566531e-05 9.999996e-01 -8.703170e-04 8.144800e-02 -1.784857e-02 8.711705e-04 9.998402e-01 -8.546773e+00
9.999054e-01 -7.368220e-04 1.373227e-02 4.362389e+00 7.409392e-04 9.999997e-01 -2.947275e-04 7.465244e-02 -1.373204e-02 3.048729e-04 9.999056e-01 -8.162245e+00
9.999288e-01 1.411923e-04 1.192990e-02 4.415662e+00 -1.331407e-04 9.999998e-01 -6.756964e-04 6.763906e-02 -1.192997e-02 6.740584e-04 9.999285e-01 -7.720956e+00
9.999043e-01 -7.428217e-04 1.381748e-02 4.443232e+00 7.478157e-04 9.999997e-01 -3.562491e-04 5.893743e-02 -1.381720e-02 3.665462e-04 9.999044e-01 -7.115483e+00
9.999685e-01 1.924913e-04 7.938345e-03 4.430987e+00 -1.880109e-04 9.999998e-01 -5.651211e-04 5.171058e-02 -7.938434e-03 5.636090e-04 9.999682e-01 -6.541157e+00
9.997614e-01 -1.039008e-03 2.182109e-02 4.427956e+00 1.052773e-03 9.999993e-01 -6.193205e-04 4.341196e-02 -2.182041e-02 6.421435e-04 9.997616e-01 -5.875503e+00
9.999017e-01 -5.041291e-05 1.402066e-02 4.432021e+00 6.139907e-05 9.999997e-01 -7.831209e-04 3.650857e-02 -1.402059e-02 7.839027e-04 9.999013e-01 -5.281565e+00
9.999431e-01 -4.247754e-04 1.066020e-02 4.497933e+00 4.263659e-04 9.999999e-01 -1.468914e-04 2.511063e-02 -1.066011e-02 1.514260e-04 9.999431e-01 -4.588381e+00
9.999971e-01 4.978642e-04 2.352019e-03 4.548328e+00 -4.969318e-04 9.999998e-01 -3.968582e-04 1.325181e-02 -2.352187e-03 3.956860e-04 9.999971e-01 -3.903642e+00
9.999104e-01 -6.649674e-04 1.336653e-02 4.579841e+00 6.681815e-04 9.999997e-01 -2.359660e-04 5.228121e-03 -1.336633e-02 2.448739e-04 9.999105e-01 -3.402379e+00
9.999897e-01 8.238362e-04 -4.456635e-03 4.845696e+00 -8.257706e-04 9.999996e-01 -4.323113e-04 -2.934899e-03 4.456308e-03 4.359847e-04 9.999899e-01 -3.317123e+00
9.999967e-01 2.981365e-04 2.550623e-03 5.223275e+00 -2.969131e-04 9.999998e-01 -4.798570e-04 5.067246e-03 -2.550734e-03 4.790957e-04 9.999965e-01 -4.244540e+00
9.999780e-01 1.044227e-03 -6.546519e-03 5.594545e+00 -1.048241e-03 9.999993e-01 -6.098900e-04 2.214942e-02 6.545909e-03 6.167365e-04 9.999783e-01 -5.611485e+00
9.999930e-01 1.109098e-04 3.742316e-03 5.974785e+00 -1.096328e-04 9.999999e-01 -3.413120e-04 3.273936e-02 -3.742323e-03 3.408968e-04 9.999928e-01 -6.674161e+00
9.999688e-01 1.241505e-03 -7.806955e-03 6.357947e+00 -1.247660e-03 9.999989e-01 -7.836319e-04 4.946244e-02 7.806004e-03 7.933452e-04 9.999691e-01 -8.035260e+00
9.999875e-01 -4.796812e-06 5.003010e-03 6.732634e+00 5.961714e-06 1.000000e+00 -2.327400e-04 6.335538e-02 -5.002979e-03 2.327642e-04 9.999874e-01 -9.260375e+00
9.999797e-01 1.126591e-03 -6.277094e-03 7.186778e+00 -1.131610e-03 9.999990e-01 -7.961765e-04 6.962703e-02 6.276221e-03 8.032608e-04 9.999799e-01 -1.021725e+01
9.998728e-01 -8.614008e-04 1.592410e-02 7.505633e+00 8.625601e-04 9.999996e-01 -6.590431e-05 6.711695e-02 -1.592401e-02 7.962852e-05 9.998731e-01 -1.051442e+01
9.999627e-01 3.982974e-04 8.623134e-03 7.609607e+00 -3.906442e-04 9.999995e-01 -8.891323e-04 6.074661e-02 -8.623451e-03 8.857276e-04 9.999623e-01 -1.022763e+01
9.998502e-01 -1.020530e-03 1.727631e-02 7.661196e+00 1.022390e-03 9.999995e-01 -9.878119e-05 5.320165e-02 -1.727617e-02 1.164264e-04 9.998507e-01 -9.757967e+00
9.997916e-01 1.472085e-03 -2.036216e-02 7.624934e+00 -1.475451e-03 9.999989e-01 -1.503402e-04 4.246956e-02 2.036195e-02 1.803492e-04 9.997926e-01 -9.052332e+00
9.995533e-01 -1.941559e-05 -2.988530e-02 7.606684e+00 6.459668e-05 9.999989e-01 1.510833e-03 3.611640e-02 2.988527e-02 -1.512092e-03 9.995521e-01 -8.586195e+00
9.991299e-01 1.713004e-03 -4.167072e-02 7.702722e+00 -1.687885e-03 9.999984e-01 6.379770e-04 3.123960e-02 4.167177e-02 -5.670893e-04 9.991311e-01 -8.350809e+00
9.993327e-01 4.938983e-05 -3.652692e-02 7.960975e+00 2.709898e-06 9.999990e-01 1.426279e-03 2.289697e-02 3.652697e-02 -1.425429e-03 9.993316e-01 -8.180292e+00
9.982960e-01 1.883393e-03 -5.832362e-02 8.105812e+00 -1.814537e-03 9.999976e-01 1.233508e-03 1.742610e-02 5.832581e-02 -1.125578e-03 9.982969e-01 -7.931460e+00
9.990031e-01 2.984504e-05 -4.464030e-02 8.226708e+00 4.880206e-05 9.999984e-01 1.760705e-03 1.528307e-02 4.464028e-02 -1.761130e-03 9.990015e-01 -7.763136e+00
9.985705e-01 1.725522e-03 -5.342239e-02 8.405397e+00 -1.660827e-03 9.999978e-01 1.255380e-03 1.399050e-02 5.342442e-02 -1.164861e-03 9.985711e-01 -7.727588e+00
9.977644e-01 2.553750e-04 -6.682925e-02 8.518433e+00 -9.411945e-05 9.999971e-01 2.416087e-03 1.488881e-02 6.682965e-02 -2.404397e-03 9.977614e-01 -7.655228e+00
9.984426e-01 1.777775e-03 -5.575962e-02 8.613449e+00 -1.695182e-03 9.999974e-01 1.528489e-03 1.771416e-02 5.576216e-02 -1.431587e-03 9.984430e-01 -7.601692e+00
9.990449e-01 -1.015120e-04 -4.369503e-02 8.758097e+00 1.672955e-04 9.999989e-01 1.501864e-03 1.759744e-02 4.369478e-02 -1.507740e-03 9.990437e-01 -7.570937e+00
9.984042e-01 1.838959e-03 -5.644232e-02 8.965804e+00 -1.752114e-03 9.999972e-01 1.588091e-03 1.632935e-02 5.644502e-02 -1.486664e-03 9.984045e-01 -7.567738e+00
9.988974e-01 -5.225476e-05 -4.694646e-02 9.199561e+00 1.213350e-04 9.999989e-01 1.468622e-03 1.459697e-02 4.694627e-02 -1.472700e-03 9.988962e-01 -7.571813e+00
9.976860e-01 1.918127e-03 -6.796299e-02 9.322469e+00 -1.773827e-03 9.999960e-01 2.183493e-03 1.613670e-02 6.796684e-02 -2.057886e-03 9.976854e-01 -7.546716e+00
9.977616e-01 2.605207e-04 -6.687023e-02 9.391254e+00 -1.211858e-04 9.999978e-01 2.087707e-03 2.022336e-02 6.687055e-02 -2.074930e-03 9.977594e-01 -7.497721e+00
9.989210e-01 1.625779e-03 -4.641289e-02 9.488153e+00 -1.555530e-03 9.999976e-01 1.549652e-03 2.282377e-02 4.641521e-02 -1.475782e-03 9.989211e-01 -7.459948e+00
9.998488e-01 -2.778928e-04 -1.738765e-02 9.960272e+00 2.747651e-04 9.999999e-01 -1.822897e-04 2.940171e-02 1.738761e-02 1.774851e-04 9.998487e-01 -8.279453e+00
9.989427e-01 1.571205e-03 -4.594441e-02 1.044450e+01 -1.508420e-03 9.999979e-01 1.401169e-03 3.340164e-02 4.594642e-02 -1.330383e-03 9.989429e-01 -9.075065e+00
9.981642e-01 2.712645e-04 -6.056493e-02 1.057132e+01 -1.691559e-04 9.999986e-01 1.691052e-03 3.252394e-02 6.056520e-02 -1.677702e-03 9.981628e-01 -8.958755e+00
9.989206e-01 1.741050e-03 -4.641613e-02 1.061456e+01 -1.672906e-03 9.999975e-01 1.506910e-03 3.164378e-02 4.641854e-02 -1.427634e-03 9.989210e-01 -8.721737e+00
9.984039e-01 3.798160e-04 -5.647448e-02 1.066056e+01 -3.011494e-04 9.999990e-01 1.401452e-03 2.768426e-02 5.647485e-02 -1.382208e-03 9.984030e-01 -8.381927e+00
9.999591e-01 1.149187e-03 -8.963438e-03 1.068783e+01 -1.143875e-03 9.999992e-01 5.976676e-04 2.556979e-02 8.964018e-03 -5.873895e-04 9.999596e-01 -8.156679e+00
9.999724e-01 -4.813395e-04 -7.407314e-03 1.095548e+01 4.765897e-04 9.999997e-01 -6.430712e-04 2.719534e-02 7.407521e-03 6.395240e-04 9.999723e-01 -8.557166e+00
9.999958e-01 1.408783e-03 2.495497e-03 1.130182e+01 -1.408725e-03 9.999990e-01 -2.504076e-05 3.319052e-02 -2.495630e-03 2.152571e-05 9.999968e-01 -9.351193e+00
9.997275e-01 -8.383305e-04 -2.332763e-02 1.143628e+01 8.428979e-04 9.999996e-01 1.859334e-04 3.601850e-02 2.332737e-02 -2.055449e-04 9.997278e-01 -9.647534e+00
9.999578e-01 1.571406e-03 9.042219e-03 1.150572e+01 -1.566734e-03 9.999986e-01 -5.236489e-04 5.545290e-02 -9.043129e-03 5.094606e-04 9.999589e-01 -1.066000e+01
9.999498e-01 -7.452479e-04 -9.982303e-03 1.161466e+01 7.450688e-04 9.999997e-01 -2.171634e-05 7.085442e-02 9.982216e-03 1.427823e-05 9.999501e-01 -1.159625e+01
9.995611e-01 2.286855e-04 2.962122e-02 1.163678e+01 -2.061201e-04 9.999997e-01 -7.648315e-04 7.199965e-02 -2.962148e-02 7.583908e-04 9.995609e-01 -1.164199e+01
9.999666e-01 -1.647567e-03 8.004890e-03 1.162760e+01 1.652100e-03 9.999985e-01 -5.595619e-04 7.410292e-02 -8.004056e-03 5.727686e-04 9.999678e-01 -1.163135e+01
9.971643e-01 -1.671820e-03 7.523630e-02 1.140492e+01 1.860269e-03 9.999953e-01 -2.434735e-03 9.415624e-02 -7.523197e-02 2.567791e-03 9.971627e-01 -1.205615e+01
9.999479e-01 -1.787364e-03 1.004564e-02 1.117918e+01 1.792292e-03 9.999983e-01 -4.815416e-04 1.144341e-01 -1.004486e-02 4.995218e-04 9.999494e-01 -1.249341e+01
9.963941e-01 -2.012385e-03 8.482142e-02 1.091843e+01 2.265140e-03 9.999933e-01 -2.883708e-03 1.382363e-01 -8.481514e-02 3.065442e-03 9.963919e-01 -1.301286e+01
9.999834e-01 -1.564523e-03 5.540374e-03 1.063439e+01 1.565491e-03 9.999988e-01 -1.704490e-04 1.634915e-01 -5.540194e-03 1.791202e-04 9.999846e-01 -1.358029e+01
9.975519e-01 -1.354577e-03 6.991645e-02 1.038031e+01 1.536766e-03 9.999956e-01 -2.552080e-03 1.855034e-01 -6.991277e-02 2.653278e-03 9.975495e-01 -1.406217e+01
9.999856e-01 -1.240464e-03 -5.213842e-03 1.017183e+01 1.242692e-03 9.999991e-01 4.240171e-04 2.031419e-01 5.213224e-03 -4.304898e-04 9.999862e-01 -1.444298e+01
9.993137e-01 2.393583e-05 3.704064e-02 1.005363e+01 3.488469e-05 9.999987e-01 -1.587344e-03 2.114231e-01 -3.704072e-02 1.587547e-03 9.993124e-01 -1.455798e+01
9.999648e-01 -1.110598e-03 -8.318366e-03 9.953561e+00 1.115805e-03 9.999992e-01 6.212618e-04 2.183170e-01 8.317585e-03 -6.305212e-04 9.999651e-01 -1.466954e+01
9.996342e-01 4.615950e-04 2.704079e-02 9.905401e+00 -4.274031e-04 9.999991e-01 -1.270215e-03 2.211641e-01 -2.704143e-02 1.258193e-03 9.996334e-01 -1.469151e+01
9.998459e-01 -6.567718e-04 -1.754170e-02 9.881804e+00 6.733026e-04 9.999993e-01 9.364767e-04 2.219246e-01 1.754099e-02 -9.481430e-04 9.998456e-01 -1.467226e+01
9.997254e-01 5.779671e-04 2.342403e-02 9.830833e+00 -5.515915e-04 9.999992e-01 -1.132440e-03 2.235938e-01 -2.342474e-02 1.119209e-03 9.997249e-01 -1.465556e+01
9.997016e-01 -3.309808e-04 -2.442263e-02 9.751960e+00 3.603500e-04 9.999992e-01 1.198142e-03 2.252210e-01 2.442213e-02 -1.206585e-03 9.997009e-01 -1.460269e+01
9.997168e-01 5.751468e-04 2.378820e-02 9.674250e+00 -5.484755e-04 9.999992e-01 -1.127699e-03 2.267989e-01 -2.378892e-02 1.114332e-03 9.997163e-01 -1.454930e+01
9.997306e-01 -4.143505e-04 -2.320631e-02 9.620316e+00 4.401842e-04 9.999993e-01 1.108114e-03 2.282627e-01 2.320575e-02 -1.118031e-03 9.997300e-01 -1.453109e+01
9.998201e-01 6.324794e-04 1.895597e-02 9.604659e+00 -6.141205e-04 9.999993e-01 -9.743001e-04 2.292041e-01 -1.895666e-02 9.624839e-04 9.998198e-01 -1.453886e+01
9.995836e-01 -2.123972e-04 -2.885514e-02 9.646704e+00 2.486209e-04 9.999992e-01 1.251778e-03 2.290674e-01 2.885477e-02 -1.258430e-03 9.995827e-01 -1.457298e+01
9.997840e-01 6.175841e-04 2.077245e-02 9.705659e+00 -5.962228e-04 9.999993e-01 -1.034516e-03 2.279724e-01 -2.077316e-02 1.021908e-03 9.997836e-01 -1.459200e+01
9.996179e-01 -2.365942e-04 -2.764063e-02 9.729514e+00 2.697384e-04 9.999992e-01 1.195384e-03 2.272595e-01 2.764024e-02 -1.202383e-03 9.996171e-01 -1.458324e+01
9.997628e-01 5.533983e-04 2.177227e-02 9.720889e+00 -5.314482e-04 9.999993e-01 -1.013931e-03 2.276902e-01 -2.177291e-02 1.002120e-03 9.997624e-01 -1.457552e+01
9.997025e-01 -2.786462e-04 -2.438995e-02 9.691850e+00 3.050795e-04 9.999994e-01 1.080059e-03 2.282800e-01 2.438954e-02 -1.087178e-03 9.997019e-01 -1.454831e+01
9.997287e-01 5.300230e-04 2.328489e-02 9.612902e+00 -5.062305e-04 9.999993e-01 -1.027672e-03 2.299579e-01 -2.328551e-02 1.015606e-03 9.997283e-01 -1.449287e+01
9.997237e-01 -2.832024e-04 -2.350184e-02 9.528245e+00 3.078438e-04 9.999994e-01 1.044868e-03 2.323040e-01 2.350145e-02 -1.051814e-03 9.997232e-01 -1.445536e+01
9.996914e-01 4.402172e-04 2.483529e-02 9.447710e+00 -4.141087e-04 9.999994e-01 -1.056390e-03 2.347613e-01 -2.483582e-02 1.045780e-03 9.996909e-01 -1.443462e+01
9.997090e-01 -2.418893e-04 -2.411981e-02 9.360154e+00 2.674205e-04 9.999994e-01 1.055290e-03 2.375181e-01 2.411945e-02 -1.061433e-03 9.997084e-01 -1.440904e+01
9.997159e-01 4.779274e-04 2.382887e-02 9.273486e+00 -4.539225e-04 9.999994e-01 -1.012777e-03 2.398878e-01 -2.382942e-02 1.001673e-03 9.997155e-01 -1.436753e+01
9.997131e-01 -2.346260e-04 -2.395102e-02 9.185579e+00 2.599035e-04 9.999994e-01 1.052268e-03 2.423164e-01 2.395067e-02 -1.058191e-03 9.997125e-01 -1.432660e+01
9.997323e-01 5.003005e-04 2.312890e-02 9.090302e+00 -4.778181e-04 9.999994e-01 -9.775552e-04 2.444881e-01 -2.312946e-02 9.662424e-04 9.997319e-01 -1.425772e+01
9.997458e-01 -2.631672e-04 -2.254281e-02 8.995850e+00 2.857072e-04 9.999995e-01 9.966573e-04 2.464543e-01 2.254245e-02 -1.002844e-03 9.997453e-01 -1.416849e+01
9.995955e-01 2.342490e-04 2.843729e-02 8.899911e+00 -2.008734e-04 9.999993e-01 -1.176503e-03 2.500277e-01 -2.843763e-02 1.170315e-03 9.995948e-01 -1.413160e+01
9.997748e-01 -3.250213e-04 -2.121693e-02 8.806480e+00 3.443997e-04 9.999995e-01 9.096955e-04 2.538635e-01 2.121654e-02 -9.167975e-04 9.997744e-01 -1.411635e+01
9.993806e-01 -9.811562e-05 3.519173e-02 8.728251e+00 1.478153e-04 9.999990e-01 -1.409651e-03 2.575246e-01 -3.519164e-02 1.413980e-03 9.993795e-01 -1.411282e+01
9.998241e-01 -4.251919e-04 -1.875214e-02 8.648474e+00 4.405013e-04 9.999996e-01 8.122824e-04 2.614745e-01 1.875171e-02 -8.203997e-04 9.998238e-01 -1.410224e+01
9.992704e-01 -2.365539e-04 3.819200e-02 8.569996e+00 2.940588e-04 9.999988e-01 -1.500064e-03 2.656143e-01 -3.819168e-02 1.510201e-03 9.992692e-01 -1.409631e+01
9.996909e-01 -1.506859e-04 -2.486172e-02 8.485249e+00 1.769687e-04 9.999994e-01 1.054959e-03 2.696412e-01 2.486147e-02 -1.059032e-03 9.996903e-01 -1.409273e+01
9.994125e-01 -5.599083e-05 3.427203e-02 8.408679e+00 1.037990e-04 9.999990e-01 -1.393178e-03 2.730396e-01 -3.427200e-02 1.395917e-03 9.994115e-01 -1.408696e+01
9.998923e-01 -5.995902e-04 -1.466570e-02 8.355998e+00 6.099322e-04 9.999996e-01 7.007166e-04 2.758800e-01 1.466520e-02 -7.095861e-04 9.998921e-01 -1.407633e+01
9.994006e-01 -9.442731e-05 3.461755e-02 8.280016e+00 1.427638e-04 9.999990e-01 -1.393829e-03 2.799245e-01 -3.461746e-02 1.397936e-03 9.993996e-01 -1.406970e+01
9.997239e-01 -1.547703e-04 -2.349422e-02 8.182308e+00 1.775003e-04 9.999995e-01 9.653888e-04 2.845671e-01 2.349399e-02 -9.692925e-04 9.997234e-01 -1.406360e+01
9.991588e-01 -4.031033e-04 4.100616e-02 8.100319e+00 4.685376e-04 9.999986e-01 -1.586119e-03 2.888274e-01 -4.100554e-02 1.603998e-03 9.991576e-01 -1.405270e+01
9.997294e-01 -1.654688e-04 -2.326146e-02 8.011413e+00 1.878039e-04 9.999995e-01 9.579981e-04 2.935066e-01 2.326122e-02 -9.621075e-04 9.997289e-01 -1.404728e+01
9.992154e-01 -3.351963e-04 3.960425e-02 7.925311e+00 3.970368e-04 9.999987e-01 -1.553603e-03 2.978664e-01 -3.960376e-02 1.568109e-03 9.992142e-01 -1.403164e+01
9.997170e-01 -1.374391e-04 -2.379005e-02 7.846137e+00 1.612262e-04 9.999995e-01 9.979628e-04 3.017908e-01 2.378983e-02 -1.001516e-03 9.997164e-01 -1.401284e+01
9.992089e-01 -3.269660e-04 3.976670e-02 7.787548e+00 3.902318e-04 9.999987e-01 -1.583171e-03 3.046775e-01 -3.976620e-02 1.597436e-03 9.992077e-01 -1.398781e+01
9.998809e-01 -5.123315e-04 -1.542363e-02 7.740446e+00 5.240752e-04 9.999996e-01 7.573815e-04 3.075796e-01 1.542316e-02 -7.653746e-04 9.998807e-01 -1.396419e+01
9.995578e-01 5.488931e-05 2.973451e-02 7.661983e+00 -1.789814e-05 9.999992e-01 -1.244313e-03 3.112825e-01 -2.973462e-02 1.243231e-03 9.995570e-01 -1.395356e+01
9.995715e-01 1.675857e-04 -2.927055e-02 7.565645e+00 -1.298364e-04 9.999992e-01 1.291565e-03 3.141001e-01 2.927067e-02 -1.287211e-03 9.995706e-01 -1.390960e+01
9.995829e-01 9.637839e-05 2.887867e-02 7.467890e+00 -6.080246e-05 9.999992e-01 -1.232786e-03 3.167873e-01 -2.887884e-02 1.230516e-03 9.995821e-01 -1.385650e+01
9.995859e-01 1.669131e-04 -2.877552e-02 7.363553e+00 -1.297649e-04 9.999992e-01 1.292833e-03 3.195231e-01 2.877565e-02 -1.288564e-03 9.995850e-01 -1.378914e+01
9.995392e-01 2.002473e-05 3.035333e-02 7.276415e+00 1.922246e-05 9.999992e-01 -1.292719e-03 3.213737e-01 -3.035340e-02 1.292707e-03 9.995383e-01 -1.370327e+01
9.995473e-01 2.329797e-04 -3.008551e-02 7.181692e+00 -1.928631e-04 9.999991e-01 1.336318e-03 3.234214e-01 3.008573e-02 -1.329911e-03 9.995463e-01 -1.362217e+01
9.995676e-01 8.066926e-05 2.940357e-02 7.096768e+00 -4.365233e-05 9.999992e-01 -1.259566e-03 3.237971e-01 -2.940372e-02 1.257738e-03 9.995667e-01 -1.348136e+01
9.995130e-01 3.015557e-04 -3.120352e-02 7.020830e+00 -2.599120e-04 9.999991e-01 1.338635e-03 3.225193e-01 3.120383e-02 -1.329873e-03 9.995121e-01 -1.328540e+01
9.995818e-01 1.279778e-04 2.891767e-02 6.944884e+00 -9.141729e-05 9.999992e-01 -1.265617e-03 3.204326e-01 -2.891788e-02 1.262444e-03 9.995809e-01 -1.304651e+01
9.995356e-01 3.238660e-04 -3.047122e-02 6.872522e+00 -2.832037e-04 9.999991e-01 1.338759e-03 3.178484e-01 3.047156e-02 -1.329508e-03 9.995347e-01 -1.278265e+01
9.995039e-01 3.786940e-05 3.149343e-02 6.824867e+00 4.115794e-06 9.999991e-01 -1.333076e-03 3.150055e-01 -3.149352e-02 1.332544e-03 9.995030e-01 -1.252680e+01
9.997032e-01 7.036916e-05 -2.436101e-02 6.813441e+00 -4.351694e-05 9.999994e-01 1.102795e-03 3.119081e-01 2.436100e-02 -1.101408e-03 9.997025e-01 -1.228166e+01
9.995298e-01 1.470287e-05 3.066311e-02 6.781069e+00 2.468095e-05 9.999992e-01 -1.284026e-03 3.105030e-01 -3.066317e-02 1.284179e-03 9.995289e-01 -1.209076e+01
9.995690e-01 2.631393e-04 -2.935517e-02 6.707689e+00 -2.250458e-04 9.999991e-01 1.300976e-03 3.097994e-01 2.935542e-02 -1.293809e-03 9.995681e-01 -1.189352e+01
9.995683e-01 1.407805e-04 2.938134e-02 6.653761e+00 -1.040019e-04 9.999992e-01 -1.253294e-03 3.071958e-01 -2.938156e-02 1.249697e-03 9.995674e-01 -1.164569e+01
9.996544e-01 1.732985e-04 -2.628895e-02 6.640017e+00 -1.424537e-04 9.999993e-01 1.175173e-03 3.033721e-01 2.628907e-02 -1.171022e-03 9.996536e-01 -1.138460e+01
9.995719e-01 1.281399e-04 2.925576e-02 6.627441e+00 -9.184383e-05 9.999992e-01 -1.241989e-03 2.998539e-01 -2.925596e-02 1.238770e-03 9.995711e-01 -1.114301e+01
9.996711e-01 1.849616e-04 -2.564414e-02 6.625925e+00 -1.561028e-04 9.999994e-01 1.127357e-03 2.953667e-01 2.564427e-02 -1.122984e-03 9.996704e-01 -1.086612e+01
9.995039e-01 1.002713e-05 3.149441e-02 6.614684e+00 3.046422e-05 9.999992e-01 -1.285190e-03 2.913906e-01 -3.149447e-02 1.285511e-03 9.995030e-01 -1.057279e+01
9.997670e-01 1.977018e-05 -2.158538e-02 6.624348e+00 6.001250e-07 9.999996e-01 9.437080e-04 2.874286e-01 2.158533e-02 -9.435014e-04 9.997665e-01 -1.030135e+01
9.992648e-01 -3.073514e-04 3.833815e-02 6.628005e+00 3.676147e-04 9.999987e-01 -1.564850e-03 2.851550e-01 -3.833768e-02 1.577792e-03 9.992635e-01 -1.008892e+01
9.995094e-01 3.796335e-04 -3.131841e-02 6.595900e+00 -3.361414e-04 9.999990e-01 1.393966e-03 2.839326e-01 3.131885e-02 -1.382756e-03 9.995084e-01 -9.896302e+00
9.994581e-01 -7.924860e-05 3.291489e-02 6.543399e+00 1.251581e-04 9.999990e-01 -1.392739e-03 2.836196e-01 -3.291481e-02 1.396103e-03 9.994571e-01 -9.757208e+00
9.995629e-01 3.185319e-04 -2.956094e-02 6.521015e+00 -2.799760e-04 9.999991e-01 1.308419e-03 2.823565e-01 2.956126e-02 -1.299571e-03 9.995620e-01 -9.611487e+00
9.994675e-01 -9.789745e-05 3.263041e-02 6.459885e+00 1.420264e-04 9.999991e-01 -1.350075e-03 2.825878e-01 -3.263031e-02 1.353990e-03 9.994665e-01 -9.470229e+00
9.995868e-01 3.445385e-04 -2.874192e-02 6.424920e+00 -3.081769e-04 9.999991e-01 1.269533e-03 2.806899e-01 2.874227e-02 -1.260151e-03 9.995860e-01 -9.257728e+00
9.994762e-01 -3.750902e-05 3.236117e-02 6.406481e+00 8.083613e-05 9.999991e-01 -1.337558e-03 2.769513e-01 -3.236115e-02 1.339473e-03 9.994753e-01 -8.981513e+00
9.995252e-01 4.739706e-04 -3.080809e-02 6.416397e+00 -4.354082e-04 9.999991e-01 1.258397e-03 2.714244e-01 3.080859e-02 -1.244386e-03 9.995244e-01 -8.683574e+00
9.994487e-01 -6.796614e-05 3.319980e-02 6.451959e+00 1.136046e-04 9.999991e-01 -1.372779e-03 2.650886e-01 -3.319974e-02 1.375794e-03 9.994477e-01 -8.383239e+00
9.994251e-01 5.566407e-04 -3.389801e-02 6.434760e+00 -5.098915e-04 9.999989e-01 1.387747e-03 2.606707e-01 3.389869e-02 -1.369665e-03 9.994242e-01 -8.116273e+00
9.994375e-01 -1.896701e-04 3.353634e-02 6.353618e+00 2.336802e-04 9.999991e-01 -1.308400e-03 2.603244e-01 -3.353613e-02 1.315500e-03 9.994366e-01 -7.933442e+00
9.995653e-01 4.056641e-04 -2.947898e-02 6.314546e+00 -3.698802e-04 9.999992e-01 1.219330e-03 2.595958e-01 2.947939e-02 -1.207897e-03 9.995646e-01 -7.774975e+00
9.992839e-01 -3.860022e-04 3.783465e-02 6.283297e+00 4.415171e-04 9.999988e-01 -1.458963e-03 2.596029e-01 -3.783410e-02 1.474622e-03 9.992829e-01 -7.644624e+00
9.993906e-01 5.995564e-04 -3.490064e-02 6.223717e+00 -5.498896e-04 9.999988e-01 1.432680e-03 2.602690e-01 3.490140e-02 -1.412616e-03 9.993897e-01 -7.533092e+00
9.992838e-01 -3.570573e-04 3.783735e-02 6.171609e+00 4.126728e-04 9.999988e-01 -1.462061e-03 2.605541e-01 -3.783684e-02 1.476628e-03 9.992828e-01 -7.415518e+00
9.994679e-01 4.442320e-04 -3.261313e-02 6.100882e+00 -4.003158e-04 9.999990e-01 1.353102e-03 2.622034e-01 3.261364e-02 -1.339327e-03 9.994670e-01 -7.315123e+00
9.991197e-01 -4.250717e-04 4.194802e-02 6.065386e+00 4.945787e-04 9.999985e-01 -1.646620e-03 2.619824e-01 -4.194731e-02 1.665917e-03 9.991183e-01 -7.154795e+00
9.993954e-01 5.591026e-04 -3.476416e-02 6.036871e+00 -5.082020e-04 9.999988e-01 1.472992e-03 2.605424e-01 3.476488e-02 -1.454435e-03 9.993944e-01 -6.948762e+00
9.992688e-01 -2.617890e-04 3.823349e-02 6.030203e+00 3.213827e-04 9.999987e-01 -1.552546e-03 2.575259e-01 -3.823310e-02 1.563698e-03 9.992675e-01 -6.736832e+00
9.993399e-01 6.170313e-04 -3.632219e-02 6.024626e+00 -5.631956e-04 9.999987e-01 1.492391e-03 2.543630e-01 3.632300e-02 -1.470950e-03 9.993389e-01 -6.536026e+00
9.992223e-01 -3.225298e-04 3.943055e-02 6.010160e+00 3.843733e-04 9.999987e-01 -1.560848e-03 2.519892e-01 -3.943006e-02 1.574790e-03 9.992210e-01 -6.349036e+00
9.993926e-01 5.198145e-04 -3.484523e-02 5.974055e+00 -4.690437e-04 9.999988e-01 1.465204e-03 2.513913e-01 3.484589e-02 -1.447971e-03 9.993916e-01 -6.200461e+00
9.992230e-01 -3.489590e-04 3.941157e-02 5.926174e+00 4.102699e-04 9.999987e-01 -1.547584e-03 2.515515e-01 -3.941103e-02 1.562550e-03 9.992218e-01 -6.069123e+00
9.993032e-01 6.538335e-04 -3.731717e-02 5.909847e+00 -5.981034e-04 9.999987e-01 1.504569e-03 2.497995e-01 3.731805e-02 -1.481202e-03 9.993022e-01 -5.921945e+00
9.992970e-01 -2.393352e-04 3.748878e-02 5.905179e+00 2.967321e-04 9.999988e-01 -1.525491e-03 2.466327e-01 -3.748842e-02 1.535542e-03 9.992958e-01 -5.733497e+00
9.993414e-01 5.851496e-04 -3.628262e-02 5.873328e+00 -5.308133e-04 9.999987e-01 1.507204e-03 2.451921e-01 3.628340e-02 -1.486953e-03 9.993403e-01 -5.579262e+00
9.991994e-01 -3.507380e-04 4.000445e-02 5.837473e+00 4.135260e-04 9.999987e-01 -1.561265e-03 2.444209e-01 -4.000391e-02 1.576557e-03 9.991982e-01 -5.430723e+00
9.993866e-01 5.456879e-04 -3.501487e-02 5.830750e+00 -4.962925e-04 9.999989e-01 1.419380e-03 2.429590e-01 3.501554e-02 -1.401133e-03 9.993857e-01 -5.294793e+00
9.992156e-01 -3.967568e-04 3.959862e-02 5.791268e+00 4.571693e-04 9.999987e-01 -1.516581e-03 2.433458e-01 -3.959802e-02 1.533494e-03 9.992144e-01 -5.200133e+00
9.993356e-01 5.850438e-04 -3.644255e-02 5.731559e+00 -5.317002e-04 9.999988e-01 1.473454e-03 2.446387e-01 3.644331e-02 -1.453099e-03 9.993346e-01 -5.122638e+00
9.991168e-01 -5.331597e-04 4.201681e-02 5.661770e+00 6.013035e-04 9.999985e-01 -1.609207e-03 2.470735e-01 -4.201594e-02 1.633050e-03 9.991155e-01 -5.071791e+00
9.994101e-01 5.025955e-04 -3.434038e-02 5.603287e+00 -4.556761e-04 9.999990e-01 1.374124e-03 2.494180e-01 3.434098e-02 -1.357666e-03 9.994092e-01 -5.025992e+00
9.992245e-01 -3.794957e-04 3.937208e-02 5.558045e+00 4.382063e-04 9.999988e-01 -1.482560e-03 2.500115e-01 -3.937153e-02 1.498663e-03 9.992234e-01 -4.924939e+00
9.995203e-01 3.936576e-04 -3.096647e-02 5.535372e+00 -3.567459e-04 9.999992e-01 1.197515e-03 2.501489e-01 3.096686e-02 -1.185895e-03 9.995196e-01 -4.826927e+00
9.991575e-01 -5.203568e-04 4.103603e-02 5.496331e+00 5.842084e-04 9.999986e-01 -1.544018e-03 2.518822e-01 -4.103522e-02 1.566690e-03 9.991564e-01 -4.778033e+00
9.995842e-01 2.469158e-04 -2.883485e-02 5.439220e+00 -2.149254e-04 9.999994e-01 1.112538e-03 2.547078e-01 2.883506e-02 -1.105879e-03 9.995835e-01 -4.748072e+00
9.991101e-01 -5.401910e-04 4.217400e-02 5.412391e+00 6.072604e-04 9.999986e-01 -1.577512e-03 2.562196e-01 -4.217313e-02 1.601718e-03 9.991089e-01 -4.713324e+00
9.995880e-01 2.966819e-04 -2.870239e-02 5.445060e+00 -2.665522e-04 9.999994e-01 1.053557e-03 2.554910e-01 2.870263e-02 -1.045474e-03 9.995874e-01 -4.675738e+00
9.990437e-01 -5.906012e-04 4.371880e-02 5.480238e+00 6.623726e-04 9.999985e-01 -1.627198e-03 2.545740e-01 -4.371782e-02 1.654599e-03 9.990425e-01 -4.629125e+00
9.996436e-01 2.276946e-04 -2.669495e-02 5.563147e+00 -2.025860e-04 9.999995e-01 9.432889e-04 2.522727e-01 2.669511e-02 -9.375459e-04 9.996431e-01 -4.584609e+00
9.988204e-01 -7.921292e-04 4.854993e-02 5.597259e+00 8.761631e-04 9.999982e-01 -1.709625e-03 2.516704e-01 -4.854853e-02 1.750144e-03 9.988192e-01 -4.534702e+00
9.996107e-01 1.713145e-04 -2.790151e-02 5.584452e+00 -1.429312e-04 9.999995e-01 1.019271e-03 2.529228e-01 2.790163e-02 -1.014887e-03 9.996101e-01 -4.510863e+00
9.989861e-01 -6.025911e-04 4.501517e-02 5.573714e+00 6.768170e-04 9.999984e-01 -1.633691e-03 2.543735e-01 -4.501416e-02 1.662501e-03 9.989849e-01 -4.514738e+00
9.997607e-01 -1.382863e-04 -2.187612e-02 5.554297e+00 1.561690e-04 9.999997e-01 8.157586e-04 2.563456e-01 2.187596e-02 -8.189811e-04 9.997603e-01 -4.510005e+00
9.991228e-01 -4.096852e-04 4.187385e-02 5.554102e+00 4.733707e-04 9.999987e-01 -1.510991e-03 2.571095e-01 -4.187322e-02 1.529486e-03 9.991217e-01 -4.470313e+00
9.996502e-01 2.793176e-05 -2.644756e-02 5.524330e+00 -2.577838e-06 9.999995e-01 9.586923e-04 2.591518e-01 2.644753e-02 -9.582903e-04 9.996496e-01 -4.444840e+00
9.992391e-01 -1.248406e-04 3.900374e-02 5.596691e+00 1.837299e-04 9.999988e-01 -1.506263e-03 2.561348e-01 -3.900355e-02 1.512281e-03 9.992378e-01 -4.337550e+00
9.996869e-01 7.262405e-05 -2.502269e-02 5.728768e+00 -5.085933e-05 9.999996e-01 8.704448e-04 2.501327e-01 2.502271e-02 -8.689012e-04 9.996864e-01 -4.161606e+00
9.992439e-01 -1.932575e-04 3.887916e-02 5.805961e+00 2.492094e-04 9.999989e-01 -1.434289e-03 2.466102e-01 -3.887888e-02 1.442891e-03 9.992428e-01 -4.030104e+00
9.996326e-01 9.849920e-05 -2.710320e-02 5.813852e+00 -7.102900e-05 9.999995e-01 1.014511e-03 2.456074e-01 2.710326e-02 -1.012215e-03 9.996320e-01 -3.913553e+00
9.991501e-01 -3.228041e-04 4.121750e-02 5.818035e+00 3.851949e-04 9.999988e-01 -1.505770e-03 2.453266e-01 -4.121699e-02 1.520366e-03 9.991490e-01 -3.827738e+00
9.995681e-01 1.605110e-04 -2.938556e-02 5.810661e+00 -1.279350e-04 9.999994e-01 1.110458e-03 2.456207e-01 2.938570e-02 -1.106221e-03 9.995674e-01 -3.763922e+00
9.992946e-01 -1.507490e-04 3.755389e-02 5.806614e+00 2.035984e-04 9.999990e-01 -1.403480e-03 2.455309e-01 -3.755367e-02 1.410134e-03 9.992935e-01 -3.698306e+00
9.994607e-01 2.926927e-04 -3.283656e-02 5.786474e+00 -2.512026e-04 9.999992e-01 1.267660e-03 2.449349e-01 3.283687e-02 -1.258729e-03 9.994598e-01 -3.591829e+00
9.993576e-01 -3.507472e-05 3.583818e-02 5.802007e+00 8.471643e-05 9.999990e-01 -1.383652e-03 2.420630e-01 -3.583812e-02 1.385797e-03 9.993565e-01 -3.438037e+00
9.994447e-01 3.262449e-04 -3.332088e-02 5.823600e+00 -2.846742e-04 9.999992e-01 1.252329e-03 2.394475e-01 3.332123e-02 -1.242150e-03 9.994438e-01 -3.308659e+00
9.992764e-01 -1.856166e-04 3.803421e-02 5.800743e+00 2.387018e-04 9.999990e-01 -1.391194e-03 2.394320e-01 -3.803394e-02 1.399264e-03 9.992754e-01 -3.227572e+00
9.995785e-01 1.255375e-04 -2.902976e-02 5.780850e+00 -9.421716e-05 9.999994e-01 1.080278e-03 2.399161e-01 2.902986e-02 -1.077090e-03 9.995779e-01 -3.161160e+00
9.992383e-01 -1.730251e-04 3.902174e-02 5.783870e+00 2.298348e-04 9.999989e-01 -1.451372e-03 2.389498e-01 -3.902147e-02 1.459233e-03 9.992372e-01 -3.053728e+00
9.997240e-01 -6.309533e-05 -2.349495e-02 5.845106e+00 8.347136e-05 9.999996e-01 8.662804e-04 2.360291e-01 2.349486e-02 -8.680045e-04 9.997235e-01 -2.931823e+00
9.994826e-01 6.345182e-05 3.216282e-02 5.902274e+00 -2.348159e-05 9.999992e-01 -1.243129e-03 2.337245e-01 -3.216290e-02 1.241729e-03 9.994818e-01 -2.851963e+00
9.996213e-01 7.769690e-05 -2.751836e-02 5.942644e+00 -5.043671e-05 9.999995e-01 9.913180e-04 2.329152e-01 2.751840e-02 -9.895567e-04 9.996207e-01 -2.842295e+00
9.995051e-01 1.925236e-05 3.145842e-02 5.904144e+00 1.557583e-05 9.999994e-01 -1.106880e-03 2.341949e-01 -3.145844e-02 1.106820e-03 9.995043e-01 -2.810197e+00
9.996322e-01 4.819093e-05 -2.711966e-02 5.856287e+00 -2.163045e-05 9.999995e-01 9.796802e-04 2.360947e-01 2.711967e-02 -9.787354e-04 9.996316e-01 -2.792328e+00
9.995108e-01 7.540050e-05 3.127690e-02 5.832391e+00 -3.992216e-05 9.999994e-01 -1.134960e-03 2.374138e-01 -3.127699e-02 1.133154e-03 9.995100e-01 -2.788804e+00
9.996210e-01 1.835551e-04 -2.752839e-02 5.893340e+00 -1.602781e-04 9.999996e-01 8.477755e-04 2.377573e-01 2.752851e-02 -8.430442e-04 9.996206e-01 -2.879422e+00
9.995658e-01 2.653750e-04 2.946507e-02 5.989599e+00 -2.300925e-04 9.999993e-01 -1.200827e-03 2.401547e-01 -2.946539e-02 1.193524e-03 9.995650e-01 -3.138705e+00
9.997163e-01 -1.088295e-04 -2.381656e-02 6.057793e+00 1.291045e-04 9.999996e-01 8.497692e-04 2.400799e-01 2.381644e-02 -8.526053e-04 9.997159e-01 -3.209120e+00
9.996201e-01 2.261479e-04 2.755940e-02 6.009900e+00 -1.995241e-04 9.999995e-01 -9.688053e-04 2.425778e-01 -2.755962e-02 9.629362e-04 9.996196e-01 -3.226093e+00
9.997031e-01 -1.542996e-04 -2.436484e-02 5.928540e+00 1.761980e-04 9.999996e-01 8.966333e-04 2.458668e-01 2.436468e-02 -9.006624e-04 9.997026e-01 -3.228851e+00
9.996274e-01 2.960052e-04 2.729550e-02 5.860384e+00 -2.695971e-04 9.999995e-01 -9.711704e-04 2.494804e-01 -2.729579e-02 9.634475e-04 9.996268e-01 -3.286057e+00
9.996838e-01 -3.808974e-05 -2.514388e-02 5.812189e+00 5.952659e-05 9.999996e-01 8.518257e-04 2.536224e-01 2.514382e-02 -8.530554e-04 9.996834e-01 -3.418505e+00
9.996713e-01 4.525242e-04 2.563402e-02 5.877281e+00 -4.240971e-04 9.999993e-01 -1.114392e-03 2.562798e-01 -2.563452e-02 1.103152e-03 9.996707e-01 -3.648077e+00
9.996757e-01 -1.338308e-05 -2.546587e-02 5.942644e+00 3.489973e-05 9.999996e-01 8.444835e-04 2.591849e-01 2.546583e-02 -8.451008e-04 9.996752e-01 -3.891165e+00
9.996563e-01 3.186430e-04 2.621247e-02 5.919777e+00 -2.942307e-04 9.999995e-01 -9.351828e-04 2.624717e-01 -2.621277e-02 9.271465e-04 9.996559e-01 -4.017707e+00
9.996726e-01 -1.130819e-04 -2.558556e-02 5.848371e+00 1.377130e-04 9.999995e-01 9.609433e-04 2.645345e-01 2.558542e-02 -9.641545e-04 9.996721e-01 -3.986981e+00
9.996756e-01 3.954821e-04 2.546568e-02 5.823354e+00 -3.702162e-04 9.999994e-01 -9.968700e-04 2.643309e-01 -2.546608e-02 9.871165e-04 9.996751e-01 -3.922923e+00
9.997250e-01 -1.511002e-04 -2.344943e-02 5.867181e+00 1.703050e-04 9.999997e-01 8.170019e-04 2.628677e-01 2.344928e-02 -8.207732e-04 9.997246e-01 -3.894566e+00
9.996466e-01 3.902023e-04 2.658092e-02 6.019741e+00 -3.584866e-04 9.999992e-01 -1.197939e-03 2.597263e-01 -2.658138e-02 1.187984e-03 9.996458e-01 -3.944434e+00
9.997186e-01 -1.157652e-04 -2.372335e-02 6.232137e+00 1.326725e-04 9.999997e-01 7.111234e-04 2.552991e-01 2.372324e-02 -7.140731e-04 9.997182e-01 -4.015504e+00
9.996380e-01 3.620841e-04 2.690171e-02 6.434848e+00 -3.308546e-04 9.999993e-01 -1.165324e-03 2.508597e-01 -2.690213e-02 1.155999e-03 9.996373e-01 -4.072704e+00
9.996795e-01 3.411605e-05 -2.531693e-02 6.679992e+00 -1.786525e-05 9.999998e-01 6.421268e-04 2.470850e-01 2.531693e-02 -6.414713e-04 9.996792e-01 -4.227550e+00
9.996534e-01 3.819580e-04 2.632368e-02 6.948954e+00 -3.518423e-04 9.999993e-01 -1.148686e-03 2.422220e-01 -2.632412e-02 1.139023e-03 9.996527e-01 -4.363802e+00
9.996715e-01 1.241049e-05 -2.562829e-02 7.159249e+00 6.225073e-06 9.999997e-01 7.270748e-04 2.388245e-01 2.562828e-02 -7.269982e-04 9.996712e-01 -4.492895e+00
9.996256e-01 2.857836e-04 2.736123e-02 7.318402e+00 -2.569844e-04 9.999994e-01 -1.056073e-03 2.353609e-01 -2.736153e-02 1.048644e-03 9.996250e-01 -4.539883e+00
9.996563e-01 6.677880e-05 -2.621677e-02 7.481922e+00 -4.913108e-05 9.999998e-01 6.737960e-04 2.331977e-01 2.621679e-02 -6.722791e-04 9.996560e-01 -4.660825e+00
9.996672e-01 3.423208e-04 2.579525e-02 7.687118e+00 -3.151198e-04 9.999994e-01 -1.058561e-03 2.302255e-01 -2.579561e-02 1.050077e-03 9.996666e-01 -4.808156e+00
9.997161e-01 -5.493629e-05 -2.382585e-02 7.837956e+00 7.089984e-05 9.999998e-01 6.691731e-04 2.280107e-01 2.382579e-02 -6.706752e-04 9.997158e-01 -4.909854e+00
9.997155e-01 3.453502e-04 2.384864e-02 7.972778e+00 -3.235558e-04 9.999995e-01 -9.177267e-04 2.251297e-01 -2.384896e-02 9.097464e-04 9.997151e-01 -4.957712e+00
9.997121e-01 -5.191326e-05 -2.399220e-02 8.050206e+00 6.964408e-05 9.999997e-01 7.381969e-04 2.242493e-01 2.399214e-02 -7.396582e-04 9.997118e-01 -5.026554e+00
9.997767e-01 4.541024e-04 2.112602e-02 8.171865e+00 -4.355278e-04 9.999995e-01 -8.838279e-04 2.236370e-01 -2.112643e-02 8.744267e-04 9.997763e-01 -5.169105e+00
9.997676e-01 -1.306271e-05 -2.155790e-02 8.304808e+00 2.540144e-05 9.999998e-01 5.720881e-04 2.239474e-01 2.155787e-02 -5.725057e-04 9.997673e-01 -5.376079e+00
9.998053e-01 6.394693e-04 1.972204e-02 8.403903e+00 -6.215861e-04 9.999994e-01 -9.128882e-04 2.299869e-01 -1.972263e-02 9.004486e-04 9.998050e-01 -5.819520e+00
9.997110e-01 3.475245e-05 -2.403865e-02 8.419714e+00 -2.057176e-05 9.999998e-01 5.901676e-04 2.438382e-01 2.403865e-02 -5.895055e-04 9.997108e-01 -6.528616e+00
9.997751e-01 7.519170e-04 2.119178e-02 8.462066e+00 -7.314440e-04 9.999993e-01 -9.738303e-04 2.581253e-01 -2.119252e-02 9.581077e-04 9.997749e-01 -7.302480e+00
9.997419e-01 -4.535674e-05 -2.271858e-02 8.547781e+00 5.799162e-05 9.999998e-01 5.554979e-04 2.680185e-01 2.271854e-02 -5.566751e-04 9.997416e-01 -7.924113e+00
9.997554e-01 6.178500e-04 2.210974e-02 8.601847e+00 -5.991903e-04 9.999995e-01 -8.505862e-04 2.747471e-01 -2.211027e-02 8.371271e-04 9.997551e-01 -8.344201e+00
9.997345e-01 -4.487778e-05 -2.304307e-02 8.658275e+00 5.691839e-05 9.999999e-01 5.218805e-04 2.819815e-01 2.304302e-02 -5.230567e-04 9.997342e-01 -8.788816e+00
9.997727e-01 7.723094e-04 2.130547e-02 8.819355e+00 -7.510855e-04 9.999992e-01 -1.004168e-03 2.888727e-01 -2.130624e-02 9.879339e-04 9.997724e-01 -9.362286e+00
9.997576e-01 1.235650e-04 -2.201825e-02 9.122117e+00 -1.177491e-04 1.000000e+00 2.654450e-04 2.941740e-01 2.201826e-02 -2.627913e-04 9.997574e-01 -1.006642e+01
9.997775e-01 8.619318e-04 2.107849e-02 9.477571e+00 -8.396714e-04 9.999991e-01 -1.064915e-03 2.993102e-01 -2.107941e-02 1.046976e-03 9.997772e-01 -1.084032e+01
9.997291e-01 2.557095e-04 -2.327340e-02 9.858496e+00 -2.534872e-04 1.000000e+00 9.844997e-05 3.082942e-01 2.327341e-02 -9.252727e-05 9.997290e-01 -1.183373e+01
9.997839e-01 9.865809e-04 2.076620e-02 1.028157e+01 -9.626246e-04 9.999989e-01 -1.163602e-03 3.194297e-01 -2.076734e-02 1.143357e-03 9.997836e-01 -1.299532e+01
9.997324e-01 1.438405e-04 -2.313091e-02 1.059670e+01 -1.388218e-04 1.000000e+00 2.185871e-04 3.324568e-01 2.313092e-02 -2.153213e-04 9.997323e-01 -1.409667e+01
9.997980e-01 1.150201e-03 2.006772e-02 1.097329e+01 -1.124599e-03 9.999985e-01 -1.286993e-03 3.468974e-01 -2.006919e-02 1.264161e-03 9.997977e-01 -1.535009e+01
9.997347e-01 3.528372e-05 -2.303240e-02 1.133201e+01 -2.865191e-05 1.000000e+00 2.882774e-04 3.597091e-01 2.303239e-02 -2.875449e-04 9.997346e-01 -1.650476e+01
9.997873e-01 1.012147e-03 2.059702e-02 1.159314e+01 -9.903418e-04 9.999989e-01 -1.068846e-03 3.717786e-01 -2.059810e-02 1.048217e-03 9.997872e-01 -1.748243e+01
9.997261e-01 1.141116e-04 -2.340350e-02 1.188036e+01 -1.103461e-04 1.000000e+00 1.622001e-04 3.857281e-01 2.340350e-02 -1.595773e-04 9.997260e-01 -1.858741e+01
9.997785e-01 9.437433e-04 2.102337e-02 1.212224e+01 -9.240565e-04 9.999991e-01 -9.461380e-04 3.991973e-01 -2.102426e-02 9.264975e-04 9.997784e-01 -1.960695e+01
