9.999998e-01 -5.358556e-04 -2.713905e-04 -2.025148e-02 5.359195e-04 9.999998e-01 2.353494e-04 -2.533183e-02 2.712643e-04 -2.354943e-04 9.999998e-01 1.202616e+00
9.999992e-01 -3.064857e-06 -1.241314e-03 -3.123300e-02 3.133321e-06 1.000000e+00 5.513785e-05 -5.442439e-02 1.241314e-03 -5.514117e-05 9.999991e-01 2.571839e+00
9.999977e-01 -4.046782e-04 -2.122600e-03 -3.888791e-02 4.053864e-04 9.999999e-01 3.332301e-04 -8.171880e-02 2.122464e-03 -3.340892e-04 9.999976e-01 3.842074e+00
9.996904e-01 1.091082e-03 -2.485851e-02 -6.341923e-02 -1.068085e-03 9.999990e-01 9.383605e-04 -1.011710e-01 2.485950e-02 -9.115183e-04 9.996904e-01 4.752471e+00
9.999822e-01 -7.155933e-04 5.924318e-03 -6.486901e-02 7.153092e-04 9.999997e-01 5.007100e-05 -1.217951e-01 -5.924357e-03 -4.583160e-05 9.999823e-01 5.673677e+00
9.999457e-01 4.713051e-04 -1.040985e-02 -6.586615e-02 -4.676846e-04 9.999998e-01 3.502184e-04 -1.455300e-01 1.041001e-02 -3.453300e-04 9.999457e-01 6.773467e+00
9.999451e-01 -8.800840e-04 1.043908e-02 -5.465599e-02 8.813109e-04 9.999996e-01 -1.129242e-04 -1.678284e-01 -1.043898e-02 1.221190e-04 9.999454e-01 7.777187e+00
9.999472e-01 5.227371e-04 -1.025929e-02 -3.203049e-02 -5.191146e-04 9.999998e-01 3.557503e-04 -1.893467e-01 1.025946e-02 -3.504049e-04 9.999472e-01 8.723828e+00
9.999521e-01 -8.096224e-04 9.751271e-03 -2.479756e-02 8.104667e-04 9.999997e-01 -8.263092e-05 -2.095303e-01 -9.751207e-03 9.053096e-05 9.999524e-01 9.630336e+00
9.999481e-01 4.815247e-04 -1.017311e-02 -2.755110e-02 -4.780318e-04 9.999998e-01 3.457721e-04 -2.302055e-01 1.017327e-02 -3.408902e-04 9.999481e-01 1.057847e+01
9.999401e-01 -9.085777e-04 1.091012e-02 -3.769510e-02 9.100728e-04 9.999996e-01 -1.320764e-04 -2.520280e-01 -1.091000e-02 1.419984e-04 9.999404e-01 1.159485e+01
9.999602e-01 5.132758e-04 -8.911077e-03 -4.426982e-02 -5.106076e-04 9.999998e-01 3.016894e-04 -2.716709e-01 8.911225e-03 -2.971264e-04 9.999602e-01 1.250179e+01
9.999523e-01 -9.435268e-04 9.719818e-03 -5.357204e-02 9.444256e-04 9.999996e-01 -8.787365e-05 -2.938676e-01 -9.719736e-03 9.705010e-05 9.999527e-01 1.353542e+01
9.999615e-01 4.241870e-04 -8.768701e-03 -7.236605e-02 -4.216271e-04 9.999999e-01 2.937756e-04 -3.186682e-01 8.768820e-03 -2.900661e-04 9.999614e-01 1.471143e+01
9.999424e-01 -8.566555e-04 1.070024e-02 -6.816571e-02 8.580052e-04 9.999996e-01 -1.215418e-04 -3.407040e-01 -1.070014e-02 1.307167e-04 9.999426e-01 1.571764e+01
9.999658e-01 5.876837e-04 -8.255042e-03 -4.196360e-02 -5.852815e-04 9.999998e-01 2.934008e-04 -3.570934e-01 8.255208e-03 -2.885582e-04 9.999658e-01 1.641363e+01
9.999640e-01 -7.869375e-04 8.451341e-03 -1.654276e-02 7.876673e-04 9.999997e-01 -8.301840e-05 -3.710614e-01 -8.451278e-03 8.967333e-05 9.999642e-01 1.699388e+01
9.999547e-01 6.898618e-04 -9.494285e-03 -5.934501e-02 -6.866519e-04 9.999997e-01 3.413448e-04 -3.815065e-01 9.494513e-03 -3.348090e-04 9.999548e-01 1.752882e+01
9.999780e-01 -7.448930e-04 6.597857e-03 -7.852106e-02 7.448206e-04 9.999997e-01 1.344524e-05 -3.952693e-01 -6.597870e-03 -8.529593e-06 9.999781e-01 1.817088e+01
9.999710e-01 3.691615e-04 -7.612877e-03 -7.243256e-02 -3.672365e-04 9.999999e-01 2.542501e-04 -4.173893e-01 7.612965e-03 -2.514458e-04 9.999709e-01 1.917383e+01
9.999635e-01 -7.837224e-04 8.510656e-03 -3.069540e-02 7.842295e-04 9.999997e-01 -5.624514e-05 -4.405638e-01 -8.510614e-03 6.291857e-05 9.999637e-01 2.017149e+01
9.999628e-01 5.765137e-04 -8.610787e-03 -1.416056e-02 -5.739784e-04 9.999998e-01 2.969034e-04 -4.553111e-01 8.610951e-03 -2.919487e-04 9.999628e-01 2.080428e+01
9.999939e-01 -5.496503e-04 3.451848e-03 -8.080570e-03 5.492422e-04 9.999998e-01 1.192116e-04 -4.681278e-01 -3.451919e-03 -1.173137e-04 9.999939e-01 2.135901e+01
9.999829e-01 3.533905e-04 -5.840146e-03 1.148512e-02 -3.521967e-04 9.999999e-01 2.054302e-04 -4.867475e-01 5.840212e-03 -2.033685e-04 9.999828e-01 2.216046e+01
9.999980e-01 -4.697138e-04 1.938401e-03 1.501383e-02 4.692529e-04 9.999999e-01 2.382807e-04 -5.039894e-01 -1.938519e-03 -2.373693e-04 9.999980e-01 2.291983e+01
9.999941e-01 8.059992e-05 -3.427071e-03 -1.293067e-03 -8.047408e-05 1.000000e+00 3.684236e-05 -5.266522e-01 3.427067e-03 -3.656501e-05 9.999940e-01 2.398578e+01
9.999966e-01 -6.411360e-04 2.526540e-03 -9.484200e-03 6.405747e-04 9.999998e-01 2.230123e-04 -5.545075e-01 -2.526689e-03 -2.213917e-04 9.999967e-01 2.528789e+01
9.999941e-01 2.146076e-04 -3.421114e-03 -1.695308e-02 -2.144923e-04 1.000000e+00 3.404239e-05 -5.773920e-01 3.421115e-03 -3.330698e-05 9.999940e-01 2.635033e+01
9.999955e-01 -6.783532e-04 2.915751e-03 -3.585259e-02 6.777773e-04 9.999998e-01 1.985201e-04 -6.004220e-01 -2.915891e-03 -1.965415e-04 9.999956e-01 2.744077e+01
9.999977e-01 1.478189e-03 -1.556958e-03 -8.624856e-01 -1.478138e-03 9.999989e-01 3.424385e-05 -5.463702e-01 1.557001e-03 -3.194093e-05 9.999987e-01 2.662964e+01
9.999951e-01 -2.181987e-04 3.121620e-03 -1.832560e+00 2.174366e-04 9.999999e-01 2.445038e-04 -4.633745e-01 -3.121680e-03 -2.438224e-04 9.999950e-01 2.498550e+01
9.999966e-01 1.545578e-03 -2.080781e-03 -2.858556e+00 -1.545545e-03 9.999988e-01 1.754511e-05 -3.799434e-01 2.080800e-03 -1.432762e-05 9.999977e-01 2.339268e+01
9.999976e-01 -4.804409e-04 2.146311e-03 -3.701580e+00 4.798085e-04 9.999998e-01 2.951534e-04 -3.144793e-01 -2.146459e-03 -2.941213e-04 9.999976e-01 2.219281e+01
9.999932e-01 1.414629e-03 -3.402821e-03 -4.303680e+00 -1.414531e-03 9.999990e-01 3.112036e-05 -2.640203e-01 3.402856e-03 -2.630520e-05 9.999941e-01 2.121748e+01
9.999953e-01 3.048420e-04 3.048459e-03 -5.417891e+00 -3.058968e-04 9.999999e-01 3.455811e-04 -1.575172e-01 -3.048359e-03 -3.465104e-04 9.999952e-01 1.893367e+01
9.999971e-01 1.318833e-03 -2.037458e-03 -6.547780e+00 -1.318905e-03 9.999991e-01 -3.390067e-05 -5.323819e-02 2.037405e-03 3.658939e-05 9.999978e-01 1.674976e+01
9.999946e-01 2.130078e-04 3.281086e-03 -7.704006e+00 -2.140415e-04 9.999999e-01 3.147406e-04 4.514360e-02 -3.281025e-03 -3.154395e-04 9.999945e-01 1.480332e+01
9.999886e-01 1.077411e-03 -4.654035e-03 -8.594275e+00 -1.077133e-03 9.999994e-01 6.215862e-05 1.215837e-01 4.654093e-03 -5.714323e-05 9.999891e-01 1.327967e+01
9.999978e-01 2.150800e-05 2.094686e-03 -9.293184e+00 -2.230460e-05 9.999999e-01 3.803103e-04 1.827162e-01 -2.094684e-03 -3.803545e-04 9.999976e-01 1.204654e+01
9.999972e-01 8.788312e-04 -2.194642e-03 -1.008236e+01 -8.790402e-04 9.999996e-01 -9.430686e-05 2.378507e-01 2.194551e-03 9.623750e-05 9.999975e-01 1.114472e+01
9.999977e-01 -9.656255e-04 1.918996e-03 -1.037363e+01 9.651255e-04 9.999995e-01 2.615102e-04 2.356906e-01 -1.919254e-03 -2.596557e-04 9.999980e-01 1.174673e+01
9.999977e-01 2.207383e-04 -2.148254e-03 -1.040355e+01 -2.207973e-04 1.000000e+00 -2.725853e-05 2.029126e-01 2.148241e-03 2.773457e-05 9.999976e-01 1.332373e+01
9.999958e-01 -9.946022e-04 2.732698e-03 -1.044281e+01 9.939910e-04 9.999995e-01 2.250382e-04 1.702395e-01 -2.732927e-03 -2.223192e-04 9.999961e-01 1.491425e+01
9.999992e-01 2.566653e-04 -1.274672e-03 -1.049803e+01 -2.567550e-04 1.000000e+00 -7.020288e-05 1.411019e-01 1.274647e-03 7.053191e-05 9.999991e-01 1.636310e+01
9.999970e-01 -7.751506e-04 2.337106e-03 -1.057961e+01 7.745957e-04 9.999997e-01 2.383724e-04 1.208403e-01 -2.337296e-03 -2.365595e-04 9.999971e-01 1.743329e+01
9.999986e-01 3.815981e-05 -1.695174e-03 -1.062178e+01 -3.821940e-05 1.000000e+00 -3.516589e-05 8.903265e-02 1.695167e-03 3.523248e-05 9.999985e-01 1.898831e+01
9.999999e-01 -5.068271e-04 1.936460e-04 -1.065827e+01 5.067650e-04 9.999998e-01 3.208900e-04 6.518932e-02 -1.938150e-04 -3.207899e-04 9.999998e-01 2.014304e+01
9.999891e-01 1.760756e-03 -4.333608e-03 -1.136586e+01 -1.759839e-03 9.999984e-01 2.154873e-04 1.314172e-01 4.333974e-03 -2.078566e-04 9.999905e-01 1.874550e+01
9.999977e-01 -5.929526e-04 -2.039546e-03 -1.187444e+01 5.936398e-04 9.999998e-01 3.363052e-04 1.772110e-01 2.039338e-03 -3.375132e-04 9.999978e-01 1.781089e+01
9.994128e-01 2.006447e-03 -3.420502e-02 -1.199072e+01 -1.963538e-03 9.999972e-01 1.288025e-03 1.748939e-01 3.420750e-02 -1.220104e-03 9.994139e-01 1.810069e+01
9.999151e-01 -3.347494e-04 -1.302413e-02 -1.204042e+01 3.443969e-04 9.999997e-01 7.384890e-04 1.664245e-01 1.302386e-02 -7.429095e-04 9.999148e-01 1.852993e+01
9.994245e-01 1.924143e-03 -3.386738e-02 -1.208435e+01 -1.881364e-03 9.999974e-01 1.294971e-03 1.550728e-01 3.386977e-02 -1.230506e-03 9.994254e-01 1.908099e+01
9.999634e-01 -5.236902e-04 -8.537500e-03 -1.212007e+01 5.283058e-04 9.999997e-01 5.383325e-04 1.427142e-01 8.537191e-03 -5.428205e-04 9.999633e-01 1.966453e+01
9.992984e-01 2.137446e-03 -3.739189e-02 -1.215726e+01 -2.081510e-03 9.999967e-01 1.534794e-03 1.322226e-01 3.739502e-02 -1.455883e-03 9.992994e-01 2.015350e+01
9.998747e-01 -2.304338e-04 -1.582973e-02 -1.221375e+01 2.419477e-04 9.999997e-01 7.254134e-04 1.253786e-01 1.582953e-02 -7.291495e-04 9.998743e-01 2.052247e+01
9.993411e-01 2.152886e-03 -3.623186e-02 -1.227782e+01 -2.096878e-03 9.999965e-01 1.583729e-03 1.182282e-01 3.623510e-02 -1.506708e-03 9.993421e-01 2.090647e+01
9.997859e-01 3.744388e-05 -2.069111e-02 -1.233445e+01 -2.076962e-05 9.999997e-01 8.060444e-04 1.156522e-01 2.069109e-02 -8.054387e-04 9.997855e-01 2.108605e+01
9.992850e-01 2.240774e-03 -3.774277e-02 -1.239470e+01 -2.178668e-03 9.999962e-01 1.686545e-03 1.129028e-01 3.774635e-02 -1.603107e-03 9.992860e-01 2.127788e+01
9.998403e-01 -1.615015e-04 -1.787044e-02 -1.245478e+01 1.735700e-04 9.999998e-01 6.737254e-04 1.082200e-01 1.787028e-02 -6.767160e-04 9.998400e-01 2.155442e+01
9.992998e-01 2.265257e-03 -3.734707e-02 -1.251535e+01 -2.203124e-03 9.999961e-01 1.704706e-03 1.049111e-01 3.735073e-02 -1.621228e-03 9.993008e-01 2.177167e+01
9.998184e-01 -8.845999e-05 -1.905746e-02 -1.257801e+01 1.011639e-04 9.999998e-01 6.655764e-04 1.020980e-01 1.905734e-02 -6.673796e-04 9.998181e-01 2.197125e+01
9.991106e-01 2.477236e-03 -4.209273e-02 -1.264668e+01 -2.397749e-03 9.999952e-01 1.938725e-03 9.955267e-02 4.209726e-02 -1.836069e-03 9.991117e-01 2.216709e+01
9.998415e-01 -1.794490e-04 -1.780017e-02 -1.270989e+01 1.895864e-04 9.999998e-01 5.677340e-04 9.712236e-02 1.779999e-02 -5.710147e-04 9.998413e-01 2.235269e+01
9.990795e-01 2.546035e-03 -4.282160e-02 -1.277507e+01 -2.462181e-03 9.999949e-01 2.010808e-03 9.509846e-02 4.282643e-02 -1.903518e-03 9.990806e-01 2.252161e+01
9.999085e-01 -4.087773e-04 -1.351776e-02 -1.282889e+01 4.138150e-04 9.999998e-01 3.697303e-04 9.140640e-02 1.351753e-02 -3.752861e-04 9.999085e-01 2.274545e+01
9.991413e-01 2.514421e-03 -4.135607e-02 -1.287424e+01 -2.433543e-03 9.999950e-01 2.005810e-03 8.809049e-02 4.136083e-02 -1.903441e-03 9.991424e-01 2.293589e+01
9.998919e-01 -2.987273e-04 -1.469922e-02 -1.292659e+01 3.038294e-04 9.999999e-01 3.447048e-04 8.614382e-02 1.469903e-02 -3.491293e-04 9.998918e-01 2.308134e+01
9.991302e-01 2.515908e-03 -4.162376e-02 -1.296322e+01 -2.432153e-03 9.999949e-01 2.062643e-03 8.428410e-02 4.162865e-02 -1.959609e-03 9.991312e-01 2.319668e+01
9.999583e-01 -5.256456e-04 -9.117909e-03 -1.296104e+01 5.265137e-04 9.999999e-01 9.251783e-05 8.126439e-02 9.117769e-03 -9.731042e-05 9.999584e-01 2.330228e+01
9.991734e-01 2.475005e-03 -4.057468e-02 -1.295271e+01 -2.393406e-03 9.999950e-01 2.059480e-03 7.835386e-02 4.057948e-02 -1.960662e-03 9.991743e-01 2.339270e+01
9.999672e-01 -5.260023e-04 -8.074933e-03 -1.295823e+01 5.260585e-04 9.999999e-01 4.459936e-06 7.603667e-02 8.074835e-03 -8.703453e-06 9.999673e-01 2.348403e+01
9.994471e-01 2.096575e-03 -3.318058e-02 -1.297117e+01 -2.037598e-03 9.999963e-01 1.811065e-03 7.309601e-02 3.318416e-02 -1.742451e-03 9.994477e-01 2.361239e+01
9.999836e-01 -5.593871e-04 -5.701531e-03 -1.296440e+01 5.586791e-04 9.999998e-01 -1.263330e-04 6.868046e-02 5.701504e-03 1.231497e-04 9.999837e-01 2.376886e+01
9.999965e-01 6.036468e-04 -2.563003e-03 -1.298357e+01 -6.021937e-04 9.999997e-01 5.663947e-04 5.307334e-02 2.563247e-03 -5.648452e-04 9.999965e-01 2.452559e+01
9.999996e-01 -7.651307e-04 4.383153e-04 -1.297389e+01 7.652373e-04 9.999997e-01 -2.356935e-04 3.577297e-02 -4.382318e-04 2.360331e-04 9.999998e-01 2.529084e+01
9.999555e-01 2.710090e-04 9.424121e-03 -1.290783e+01 -2.726125e-04 9.999999e-01 1.692071e-04 1.966214e-02 -9.424171e-03 -1.717646e-04 9.999555e-01 2.591352e+01
9.999986e-01 -8.594062e-04 1.421439e-03 -1.286495e+01 8.597881e-04 9.999996e-01 -2.657514e-04 2.252688e-03 -1.421306e-03 2.669774e-04 9.999989e-01 2.663835e+01
9.999919e-01 3.889521e-04 4.000010e-03 -1.285045e+01 -3.901894e-04 9.999999e-01 3.093793e-04 -1.551921e-02 -3.999986e-03 -3.109333e-04 9.999919e-01 2.742381e+01
9.999866e-01 -9.513679e-04 5.090969e-03 -1.282470e+01 9.532483e-04 9.999995e-01 -3.662891e-04 -3.404483e-02 -5.090714e-03 3.711415e-04 9.999869e-01 2.822731e+01
9.999998e-01 5.123862e-04 -2.296886e-04 -1.280952e+01 -5.122866e-04 9.999998e-01 4.192470e-04 -5.217899e-02 2.298074e-04 -4.191249e-04 9.999998e-01 2.902580e+01
9.999847e-01 -9.676437e-04 5.441437e-03 -1.278701e+01 9.696131e-04 9.999995e-01 -3.586985e-04 -7.051941e-02 -5.441183e-03 3.639735e-04 9.999851e-01 2.982333e+01
9.999996e-01 5.372250e-04 6.009327e-04 -1.275566e+01 -5.374527e-04 9.999998e-01 3.843637e-04 -8.762180e-02 -6.008217e-04 -3.846821e-04 9.999997e-01 3.054759e+01
9.999996e-01 -8.369643e-04 2.054389e-04 -1.273723e+01 8.370071e-04 9.999996e-01 -1.924329e-04 -1.047906e-01 -2.053733e-04 1.926092e-04 9.999999e-01 3.129220e+01
9.999878e-01 4.341814e-04 4.916493e-03 -1.269197e+01 -4.354249e-04 9.999999e-01 2.525314e-04 -1.214409e-01 -4.916478e-03 -2.546646e-04 9.999878e-01 3.197231e+01
9.999969e-01 -8.080954e-04 -2.349672e-03 -1.267888e+01 8.077969e-04 9.999997e-01 -1.294168e-04 -1.396746e-01 2.349680e-03 1.275229e-04 9.999972e-01 3.277643e+01
9.999959e-01 5.110071e-04 2.796838e-03 -1.266547e+01 -5.119724e-04 9.999998e-01 3.456257e-04 -1.573718e-01 -2.796757e-03 -3.470517e-04 9.999960e-01 3.355335e+01
9.999965e-01 -7.741165e-04 -2.517503e-03 -1.264691e+01 7.738150e-04 9.999997e-01 -1.220864e-04 -1.741158e-01 2.517502e-03 1.201425e-04 9.999968e-01 3.427469e+01
9.999883e-01 8.522383e-04 -4.761623e-03 -1.262591e+01 -8.489781e-04 9.999994e-01 6.859603e-04 -1.902185e-01 4.762109e-03 -6.819052e-04 9.999884e-01 3.494995e+01
9.999771e-01 -6.453475e-04 -6.726006e-03 -1.263593e+01 6.453213e-04 9.999998e-01 -6.569290e-06 -2.070709e-01 6.725913e-03 2.233351e-06 9.999773e-01 3.572476e+01
9.999688e-01 1.019936e-03 -7.823237e-03 -1.265977e+01 -1.013480e-03 9.999991e-01 8.287168e-04 -2.227776e-01 7.823980e-03 -8.207577e-04 9.999690e-01 3.646198e+01
9.999212e-01 -3.251398e-04 -1.254735e-02 -1.267830e+01 3.282238e-04 9.999999e-01 2.434502e-04 -2.345016e-01 1.254718e-02 -2.475448e-04 9.999212e-01 3.698225e+01
9.998092e-01 1.388128e-03 -1.948026e-02 -1.271525e+01 -1.366642e-03 9.999984e-01 1.116041e-03 -2.459544e-01 1.948168e-02 -1.089201e-03 9.998096e-01 3.753944e+01
9.999641e-01 -4.718336e-04 -8.452291e-03 -1.274705e+01 4.732588e-04 9.999999e-01 1.661672e-04 -2.584261e-01 8.452113e-03 -1.701568e-04 9.999642e-01 3.812464e+01
9.998361e-01 1.375812e-03 -1.805108e-02 -1.275971e+01 -1.356897e-03 9.999985e-01 1.059859e-03 -2.692857e-01 1.805241e-02 -1.035187e-03 9.998364e-01 3.860336e+01
9.999825e-01 -1.144911e-03 5.796361e-03 -1.276510e+01 1.147081e-03 9.999993e-01 -3.704084e-04 -2.858464e-01 -5.796031e-03 3.770554e-04 9.999831e-01 3.935619e+01
9.999679e-01 8.597766e-04 -7.955205e-03 -1.278053e+01 -8.542668e-04 9.999994e-01 6.954839e-04 -3.057587e-01 7.955699e-03 -6.886612e-04 9.999681e-01 4.029127e+01
9.999694e-01 -1.249901e-03 7.717783e-03 -1.279682e+01 1.253439e-03 9.999991e-01 -4.530505e-04 -3.259868e-01 -7.717309e-03 4.627151e-04 9.999701e-01 4.124067e+01
9.999700e-01 8.374883e-04 -7.699462e-03 -1.281305e+01 -8.322116e-04 9.999994e-01 6.880007e-04 -3.468239e-01 7.699935e-03 -6.815679e-04 9.999701e-01 4.221981e+01
9.999690e-01 -1.276181e-03 7.768417e-03 -1.283698e+01 1.279797e-03 9.999991e-01 -4.599953e-04 -3.681667e-01 -7.767922e-03 4.699278e-04 9.999697e-01 4.323650e+01
9.999716e-01 8.384136e-04 -7.478396e-03 -1.286022e+01 -8.333481e-04 9.999994e-01 6.798983e-04 -3.892660e-01 7.478863e-03 -6.736423e-04 9.999717e-01 4.424076e+01
9.999672e-01 -1.294764e-03 7.992145e-03 -1.288124e+01 1.298575e-03 9.999990e-01 -4.711323e-04 -4.108849e-01 -7.991626e-03 4.815000e-04 9.999679e-01 4.526657e+01
9.999694e-01 8.179664e-04 -7.770915e-03 -1.290159e+01 -8.125704e-04 9.999994e-01 6.969976e-04 -4.336942e-01 7.771382e-03 -6.906572e-04 9.999695e-01 4.634819e+01
9.999675e-01 -1.259242e-03 7.957061e-03 -1.292011e+01 1.263073e-03 9.999991e-01 -4.759545e-04 -4.551228e-01 -7.956553e-03 4.859943e-04 9.999682e-01 4.736070e+01
9.999699e-01 8.088086e-04 -7.707446e-03 -1.293769e+01 -8.034084e-04 9.999994e-01 7.031788e-04 -4.772013e-01 7.707912e-03 -6.969607e-04 9.999700e-01 4.840160e+01
9.999699e-01 -1.225067e-03 7.650152e-03 -1.295460e+01 1.228720e-03 9.999991e-01 -4.723149e-04 -4.979923e-01 -7.649666e-03 4.817056e-04 9.999706e-01 4.938033e+01
9.999704e-01 7.610558e-04 -7.654197e-03 -1.298656e+01 -7.556789e-04 9.999995e-01 7.047943e-04 -5.200994e-01 7.654631e-03 -6.989845e-04 9.999704e-01 5.044699e+01
9.999674e-01 -1.201943e-03 7.973777e-03 -1.300419e+01 1.205854e-03 9.999992e-01 -4.851223e-04 -5.416276e-01 -7.973286e-03 4.947267e-04 9.999680e-01 5.146174e+01
9.999744e-01 7.863200e-04 -7.101517e-03 -1.302711e+01 -7.814748e-04 9.999995e-01 6.844330e-04 -5.615272e-01 7.101952e-03 -6.788609e-04 9.999745e-01 5.240766e+01
9.999618e-01 -1.203746e-03 8.653131e-03 -1.304352e+01 1.208146e-03 9.999991e-01 -5.028678e-04 -5.820407e-01 -8.652617e-03 5.133079e-04 9.999624e-01 5.337354e+01
9.999784e-01 8.128592e-04 -6.510715e-03 -1.304584e+01 -8.085427e-04 9.999995e-01 6.649229e-04 -6.019129e-01 6.511153e-03 -6.596393e-04 9.999785e-01 5.428394e+01
9.999701e-01 -1.251909e-03 7.630494e-03 -1.305282e+01 1.255487e-03 9.999991e-01 -4.636579e-04 -6.243192e-01 -7.630005e-03 4.732292e-04 9.999707e-01 5.532421e+01
9.999736e-01 7.873431e-04 -7.212971e-03 -1.305856e+01 -7.824021e-04 9.999995e-01 6.872142e-04 -6.475843e-01 7.213410e-03 -6.815475e-04 9.999737e-01 5.640262e+01
9.999644e-01 -1.259413e-03 8.334836e-03 -1.306820e+01 1.263540e-03 9.999991e-01 -4.893417e-04 -6.708007e-01 -8.334311e-03 4.998609e-04 9.999651e-01 5.748625e+01
9.999733e-01 7.671820e-04 -7.265231e-03 -1.308681e+01 -7.622063e-04 9.999995e-01 6.870001e-04 -6.940148e-01 7.265656e-03 -6.814390e-04 9.999733e-01 5.858481e+01
9.999659e-01 -1.220003e-03 8.159587e-03 -1.310245e+01 1.224015e-03 9.999991e-01 -4.862531e-04 -7.159325e-01 -8.159085e-03 4.962293e-04 9.999665e-01 5.961592e+01
9.999740e-01 7.413230e-04 -7.171898e-03 -1.311677e+01 -7.364121e-04 9.999995e-01 6.867391e-04 -7.389494e-01 7.172305e-03 -6.814345e-04 9.999740e-01 6.069805e+01
9.999618e-01 -1.251859e-03 8.650415e-03 -1.313357e+01 1.256255e-03 9.999991e-01 -5.022869e-04 -7.630464e-01 -8.649877e-03 5.131402e-04 9.999624e-01 6.183702e+01
9.999759e-01 7.798409e-04 -6.893732e-03 -1.315096e+01 -7.751319e-04 9.999995e-01 6.850842e-04 -7.861152e-01 6.894164e-03 -6.797188e-04 9.999759e-01 6.292761e+01
9.999647e-01 -1.221117e-03 8.309066e-03 -1.316896e+01 1.225260e-03 9.999991e-01 -4.929564e-04 -8.079362e-01 -8.308555e-03 5.031252e-04 9.999653e-01 6.395821e+01
9.999831e-01 7.759566e-04 -5.750492e-03 -1.318455e+01 -7.722624e-04 9.999995e-01 6.438157e-04 -8.285950e-01 5.750890e-03 -6.393585e-04 9.999832e-01 6.492832e+01
9.999554e-01 -1.282953e-03 9.357429e-03 -1.319499e+01 1.288016e-03 9.999990e-01 -5.345736e-04 -8.505285e-01 -9.356832e-03 5.466078e-04 9.999560e-01 6.595286e+01
9.999835e-01 7.645824e-04 -5.688206e-03 -1.320917e+01 -7.609420e-04 9.999995e-01 6.413206e-04 -8.734100e-01 5.688596e-03 -6.369761e-04 9.999836e-01 6.702769e+01
9.999771e-01 -1.271820e-03 6.641424e-03 -1.322930e+01 1.274780e-03 9.999991e-01 -4.406407e-04 -8.974269e-01 -6.640956e-03 4.491026e-04 9.999778e-01 6.816748e+01
9.999847e-01 7.417475e-04 -5.477722e-03 -1.325104e+01 -7.382809e-04 9.999995e-01 6.340017e-04 -9.223230e-01 5.478091e-03 -6.299423e-04 9.999847e-01 6.935394e+01
9.999733e-01 -1.297598e-03 7.186424e-03 -1.326566e+01 1.300933e-03 9.999990e-01 -4.587763e-04 -9.482051e-01 -7.185920e-03 4.681188e-04 9.999740e-01 7.057563e+01
9.999800e-01 7.459542e-04 -6.270724e-03 -1.329054e+01 -7.418500e-04 9.999995e-01 6.560487e-04 -9.732370e-01 6.271112e-03 -6.513780e-04 9.999801e-01 7.177245e+01
9.999691e-01 -1.229837e-03 7.754168e-03 -1.331670e+01 1.233569e-03 9.999991e-01 -4.759359e-04 -9.957710e-01 -7.753674e-03 4.854923e-04 9.999698e-01 7.285218e+01
9.999797e-01 7.295948e-04 -6.328191e-03 -1.334178e+01 -7.254316e-04 9.999995e-01 6.593986e-04 -1.018911e+00 6.328571e-03 -6.547888e-04 9.999797e-01 7.395887e+01
9.999634e-01 -1.236983e-03 8.463497e-03 -1.334893e+01 1.241223e-03 9.999991e-01 -4.951913e-04 -1.042609e+00 -8.462975e-03 5.056841e-04 9.999640e-01 7.506490e+01
9.999769e-01 7.521593e-04 -6.744819e-03 -1.334274e+01 -7.475904e-04 9.999995e-01 6.791781e-04 -1.066979e+00 6.745229e-03 -6.741144e-04 9.999770e-01 7.617874e+01
9.999711e-01 -1.287104e-03 7.487126e-03 -1.333636e+01 1.290675e-03 9.999991e-01 -4.715351e-04 -1.093231e+00 -7.486610e-03 4.811908e-04 9.999718e-01 7.738179e+01
9.999867e-01 7.214473e-04 -5.094207e-03 -1.332904e+01 -7.182332e-04 9.999995e-01 6.317818e-04 -1.120086e+00 5.094563e-03 -6.281087e-04 9.999868e-01 7.861549e+01
9.999314e-01 -1.369278e-03 1.162654e-02 -1.331635e+01 1.376511e-03 9.999989e-01 -6.136791e-04 -1.145808e+00 -1.162579e-02 6.296471e-04 9.999322e-01 7.978526e+01
9.999937e-01 6.865774e-04 -3.474353e-03 -1.330112e+01 -6.846023e-04 9.999996e-01 5.682282e-04 -1.171652e+00 3.474644e-03 -5.658401e-04 9.999937e-01 8.095491e+01
9.999632e-01 -1.316360e-03 8.470096e-03 -1.329577e+01 1.320888e-03 9.999990e-01 -5.284406e-04 -1.197818e+00 -8.469489e-03 5.396153e-04 9.999639e-01 8.215744e+01
9.999841e-01 7.332204e-04 -5.592904e-03 -1.329468e+01 -7.294486e-04 9.999995e-01 6.755249e-04 -1.224788e+00 5.593299e-03 -6.714284e-04 9.999841e-01 8.340795e+01
9.999619e-01 -1.369889e-03 8.616736e-03 -1.329719e+01 1.374539e-03 9.999989e-01 -5.331456e-04 -1.253576e+00 -8.616094e-03 5.449755e-04 9.999627e-01 8.475240e+01
9.999860e-01 7.376848e-04 -5.223768e-03 -1.329607e+01 -7.342655e-04 9.999995e-01 6.555081e-04 -1.281485e+00 5.224152e-03 -6.516572e-04 9.999861e-01 8.604953e+01
9.999619e-01 -1.361576e-03 8.616819e-03 -1.329877e+01 1.366217e-03 9.999989e-01 -5.321596e-04 -1.309054e+00 -8.616182e-03 5.439181e-04 9.999627e-01 8.733657e+01
9.999810e-01 7.273192e-04 -6.118704e-03 -1.331371e+01 -7.230960e-04 9.999995e-01 6.915844e-04 -1.337837e+00 6.119106e-03 -6.871406e-04 9.999810e-01 8.870010e+01
9.999644e-01 -1.366723e-03 8.318749e-03 -1.332833e+01 1.371123e-03 9.999989e-01 -5.226983e-04 -1.367181e+00 -8.318123e-03 5.340921e-04 9.999652e-01 9.008960e+01
9.999782e-01 7.735737e-04 -6.556575e-03 -1.335186e+01 -7.689908e-04 9.999995e-01 7.007097e-04 -1.394035e+00 6.557016e-03 -6.956462e-04 9.999782e-01 9.137241e+01
9.999583e-01 -1.349595e-03 9.023000e-03 -1.336484e+01 1.354605e-03 9.999989e-01 -5.486570e-04 -1.420163e+00 -9.022347e-03 5.608632e-04 9.999591e-01 9.260539e+01
9.999775e-01 7.557174e-04 -6.656121e-03 -1.337217e+01 -7.509793e-04 9.999995e-01 7.135561e-04 -1.447963e+00 6.656559e-03 -7.085351e-04 9.999775e-01 9.390864e+01
9.999565e-01 -1.372909e-03 9.223365e-03 -1.337919e+01 1.378099e-03 9.999989e-01 -5.557525e-04 -1.476570e+00 -9.222689e-03 5.684456e-04 9.999572e-01 9.525072e+01
9.999739e-01 7.879997e-04 -7.177345e-03 -1.338741e+01 -7.827571e-04 9.999994e-01 7.324994e-04 -1.504150e+00 7.177821e-03 -7.268557e-04 9.999739e-01 9.654341e+01
9.999634e-01 -1.350035e-03 8.449429e-03 -1.339700e+01 1.354654e-03 9.999989e-01 -5.403755e-04 -1.530527e+00 -8.448788e-03 5.518084e-04 9.999641e-01 9.777987e+01
9.999696e-01 7.343579e-04 -7.755241e-03 -1.340432e+01 -7.285447e-04 9.999995e-01 7.517210e-04 -1.558885e+00 7.755692e-03 -7.460416e-04 9.999696e-01 9.910756e+01
9.999655e-01 -1.363994e-03 8.187684e-03 -1.340526e+01 1.368439e-03 9.999989e-01 -5.366763e-04 -1.588117e+00 -8.187040e-03 5.478689e-04 9.999663e-01 1.004671e+02
9.999712e-01 7.439801e-04 -7.552244e-03 -1.340875e+01 -7.383462e-04 9.999994e-01 7.480602e-04 -1.616732e+00 7.552699e-03 -7.424558e-04 9.999711e-01 1.018010e+02
9.999664e-01 -1.339430e-03 8.078601e-03 -1.342654e+01 1.343844e-03 9.999990e-01 -5.404150e-04 -1.643642e+00 -8.077966e-03 5.512601e-04 9.999672e-01 1.030771e+02
9.999731e-01 7.395583e-04 -7.288379e-03 -1.344813e+01 -7.341427e-04 9.999995e-01 7.449627e-04 -1.670470e+00 7.288829e-03 -7.395852e-04 9.999731e-01 1.043549e+02
9.999700e-01 -1.292584e-03 7.632293e-03 -1.348450e+01 1.296699e-03 9.999990e-01 -5.335802e-04 -1.695004e+00 -7.631693e-03 5.434679e-04 9.999707e-01 1.055473e+02
9.999750e-01 7.616515e-04 -7.017888e-03 -1.351592e+01 -7.564873e-04 9.999994e-01 7.377248e-04 -1.718670e+00 7.018350e-03 -7.323907e-04 9.999750e-01 1.066902e+02
9.999709e-01 -1.227523e-03 7.523630e-03 -1.353785e+01 1.231534e-03 9.999991e-01 -5.278373e-04 -1.740629e+00 -7.523072e-03 5.370946e-04 9.999715e-01 1.077335e+02
9.999728e-01 8.101267e-04 -7.321103e-03 -1.357126e+01 -8.046624e-04 9.999994e-01 7.485490e-04 -1.760494e+00 7.321608e-03 -7.426308e-04 9.999729e-01 1.086961e+02
9.999689e-01 -1.287847e-03 7.781860e-03 -1.359917e+01 1.292090e-03 9.999990e-01 -5.394881e-04 -1.782497e+00 -7.781254e-03 5.495332e-04 9.999695e-01 1.097524e+02
9.999718e-01 8.715102e-04 -7.449683e-03 -1.363295e+01 -8.658670e-04 9.999993e-01 7.599723e-04 -1.802337e+00 7.450243e-03 -7.534935e-04 9.999719e-01 1.107134e+02
9.999685e-01 -1.358090e-03 7.816793e-03 -1.366519e+01 1.362398e-03 9.999989e-01 -5.451850e-04 -1.824593e+00 -7.816141e-03 5.558245e-04 9.999692e-01 1.117886e+02
9.999722e-01 8.722968e-04 -7.405346e-03 -1.369774e+01 -8.666724e-04 9.999993e-01 7.619387e-04 -1.846958e+00 7.405909e-03 -7.554925e-04 9.999722e-01 1.128691e+02
9.999691e-01 -1.305587e-03 7.748042e-03 -1.376131e+01 1.309903e-03 9.999990e-01 -5.512356e-04 -1.866049e+00 -7.747411e-03 5.613749e-04 9.999698e-01 1.138474e+02
9.999711e-01 8.672026e-04 -7.546414e-03 -1.384239e+01 -8.614415e-04 9.999993e-01 7.659009e-04 -1.884870e+00 7.546977e-03 -7.593709e-04 9.999712e-01 1.148448e+02
9.999672e-01 -1.248780e-03 8.002410e-03 -1.394884e+01 1.253348e-03 9.999991e-01 -5.651866e-04 -1.900803e+00 -8.001793e-03 5.752051e-04 9.999678e-01 1.157525e+02
9.999714e-01 1.009382e-03 -7.489825e-03 -1.411860e+01 -1.003746e-03 9.999992e-01 7.555031e-04 -1.910431e+00 7.490485e-03 -7.479565e-04 9.999716e-01 1.164798e+02
9.999697e-01 -1.132576e-03 7.695229e-03 -1.432325e+01 1.136942e-03 9.999992e-01 -5.623156e-04 -1.915623e+00 -7.694683e-03 5.710549e-04 9.999702e-01 1.170625e+02
9.999761e-01 8.771639e-04 -6.851166e-03 -1.445087e+01 -8.720301e-04 9.999993e-01 7.514721e-04 -1.926814e+00 6.851723e-03 -7.454725e-04 9.999762e-01 1.177854e+02
9.999574e-01 -1.319224e-03 9.133296e-03 -1.448681e+01 1.324696e-03 9.999989e-01 -5.924569e-04 -1.945938e+00 -9.132601e-03 6.045379e-04 9.999581e-01 1.187180e+02
9.999794e-01 9.094039e-04 -6.355328e-03 -1.451590e+01 -9.046657e-04 9.999993e-01 7.475052e-04 -1.964611e+00 6.355907e-03 -7.417331e-04 9.999795e-01 1.196152e+02
9.999610e-01 -1.338542e-03 8.720578e-03 -1.455114e+01 1.343725e-03 9.999989e-01 -5.878123e-04 -1.983902e+00 -8.719878e-03 5.995149e-04 9.999617e-01 1.205530e+02
9.999874e-01 9.248428e-04 -4.921700e-03 -1.458795e+01 -9.213902e-04 9.999993e-01 7.025660e-04 -2.001022e+00 4.922250e-03 -6.980149e-04 9.999876e-01 1.213916e+02
9.999724e-01 -1.318871e-03 7.299792e-03 -1.460811e+01 1.322930e-03 9.999990e-01 -5.504129e-04 -2.019335e+00 -7.299155e-03 5.600624e-04 9.999731e-01 1.222557e+02
9.999874e-01 9.057484e-04 -4.930932e-03 -1.461391e+01 -9.023607e-04 9.999994e-01 6.880431e-04 -2.038715e+00 4.931455e-03 -6.835775e-04 9.999875e-01 1.231503e+02
9.999776e-01 -1.286626e-03 6.560946e-03 -1.462836e+01 1.290051e-03 9.999990e-01 -5.168342e-04 -2.057365e+00 -6.560371e-03 5.252941e-04 9.999783e-01 1.240223e+02
9.999980e-01 8.002388e-04 -1.826978e-03 -1.463636e+01 -7.991747e-04 9.999995e-01 5.799408e-04 -2.076248e+00 1.827345e-03 -5.784720e-04 9.999981e-01 1.248982e+02
9.999836e-01 -1.266121e-03 5.583347e-03 -1.465078e+01 1.268871e-03 9.999991e-01 -4.880134e-04 -2.096326e+00 -5.582820e-03 4.950976e-04 9.999842e-01 1.258376e+02
9.999935e-01 8.328880e-04 -3.509098e-03 -1.467209e+01 -8.305899e-04 9.999994e-01 6.546812e-04 -2.116832e+00 3.509545e-03 -6.517547e-04 9.999936e-01 1.268103e+02
9.999827e-01 -1.263573e-03 5.737624e-03 -1.469521e+01 1.266448e-03 9.999991e-01 -4.963188e-04 -2.136741e+00 -5.737087e-03 5.035843e-04 9.999834e-01 1.277575e+02
9.999996e-01 7.758616e-04 -2.194938e-04 -1.471315e+01 -7.757386e-04 9.999996e-01 5.335251e-04 -2.155396e+00 2.198119e-04 -5.333470e-04 9.999998e-01 1.286376e+02
9.999654e-01 -1.327521e-03 8.203969e-03 -1.472384e+01 1.332178e-03 9.999990e-01 -5.615372e-04 -2.175493e+00 -8.203310e-03 5.724547e-04 9.999661e-01 1.295727e+02
9.999995e-01 7.579655e-04 5.820449e-04 -1.473175e+01 -7.582580e-04 9.999996e-01 5.123747e-04 -2.195760e+00 -5.817516e-04 -5.128080e-04 9.999996e-01 1.305117e+02
9.999533e-01 -1.332400e-03 9.566659e-03 -1.473588e+01 1.338060e-03 9.999989e-01 -5.847017e-04 -2.214991e+00 -9.565965e-03 5.974831e-04 9.999540e-01 1.313973e+02
9.999985e-01 7.887102e-04 -1.536272e-03 -1.474772e+01 -7.878625e-04 9.999995e-01 5.485936e-04 -2.233561e+00 1.536610e-03 -5.473746e-04 9.999986e-01 1.322659e+02
9.999724e-01 -1.223425e-03 7.324425e-03 -1.479521e+01 1.227185e-03 9.999991e-01 -5.080006e-04 -2.248586e+00 -7.323891e-03 5.169830e-04 9.999730e-01 1.330286e+02
9.999990e-01 7.195829e-04 -1.186135e-03 -1.480616e+01 -7.189717e-04 9.999996e-01 5.108908e-04 -2.266991e+00 1.186408e-03 -5.100296e-04 9.999991e-01 1.338861e+02
9.999856e-01 -1.194133e-03 5.224100e-03 -1.482459e+01 1.196416e-03 9.999992e-01 -4.328317e-04 -2.286099e+00 -5.223673e-03 4.390837e-04 9.999862e-01 1.347890e+02
9.999993e-01 7.087325e-04 -9.093134e-04 -1.483602e+01 -7.082712e-04 9.999996e-01 5.012381e-04 -2.305877e+00 9.095743e-04 -5.005857e-04 9.999994e-01 1.357125e+02
9.999509e-01 -1.276748e-03 9.821383e-03 -1.483690e+01 1.282172e-03 9.999990e-01 -5.453162e-04 -2.324155e+00 -9.820771e-03 5.578903e-04 9.999516e-01 1.365517e+02
9.999844e-01 8.031719e-04 -5.522460e-03 -1.485461e+01 -7.997040e-04 9.999995e-01 6.291139e-04 -2.344348e+00 5.522869e-03 -6.246796e-04 9.999845e-01 1.375047e+02
9.999625e-01 -1.228746e-03 8.567492e-03 -1.489460e+01 1.232999e-03 9.999991e-01 -4.904350e-04 -2.362330e+00 -8.566975e-03 5.009885e-04 9.999631e-01 1.383930e+02
9.999908e-01 8.037128e-04 -4.194382e-03 -1.494781e+01 -8.012882e-04 9.999995e-01 5.783542e-04 -2.378481e+00 4.194752e-03 -5.749798e-04 9.999910e-01 1.392178e+02
9.999598e-01 -1.239482e-03 8.872439e-03 -1.500554e+01 1.243989e-03 9.999991e-01 -5.018567e-04 -2.394456e+00 -8.871902e-03 5.128821e-04 9.999604e-01 1.400438e+02
9.999974e-01 7.151917e-04 -2.153946e-03 -1.501889e+01 -7.141284e-04 9.999996e-01 4.917498e-04 -2.412553e+00 2.154204e-03 -4.902020e-04 9.999975e-01 1.408933e+02
9.999730e-01 -1.208861e-03 7.247771e-03 -1.501682e+01 1.212224e-03 9.999992e-01 -4.588240e-04 -2.431754e+00 -7.247303e-03 4.676059e-04 9.999736e-01 1.417673e+02
9.999856e-01 7.688731e-04 -5.311827e-03 -1.503560e+01 -7.655913e-04 9.999995e-01 6.187685e-04 -2.452414e+00 5.312207e-03 -6.146845e-04 9.999856e-01 1.427452e+02
9.999342e-01 -1.247093e-03 1.139991e-02 -1.504379e+01 1.253994e-03 9.999990e-01 -5.976964e-04 -2.469478e+00 -1.139925e-02 6.119610e-04 9.999348e-01 1.435398e+02
9.999887e-01 8.819935e-04 -4.659330e-03 -1.517090e+01 -8.791383e-04 9.999994e-01 6.135896e-04 -2.476559e+00 4.659776e-03 -6.094781e-04 9.999889e-01 1.440886e+02
9.999396e-01 -1.332175e-03 1.090674e-02 -1.522860e+01 1.338808e-03 9.999989e-01 -6.003126e-04 -2.489540e+00 -1.090603e-02 6.148869e-04 9.999403e-01 1.447828e+02
9.999981e-01 8.655513e-04 -1.701593e-03 -1.528415e+01 -8.646045e-04 9.999995e-01 5.537721e-04 -2.499494e+00 1.701980e-03 -5.522914e-04 9.999983e-01 1.453408e+02
9.999463e-01 -1.212708e-03 1.028957e-02 -1.543072e+01 1.218894e-03 9.999991e-01 -5.943427e-04 -2.502529e+00 -1.028893e-02 6.068613e-04 9.999468e-01 1.457435e+02
9.999994e-01 6.500034e-04 -8.822744e-04 -1.547135e+01 -6.495468e-04 9.999997e-01 5.114101e-04 -2.515999e+00 8.825157e-04 -5.108281e-04 9.999994e-01 1.464360e+02
9.998806e-01 -1.283323e-03 1.539910e-02 -1.549754e+01 1.294001e-03 9.999989e-01 -6.831071e-04 -2.526960e+00 -1.539829e-02 7.029607e-04 9.998811e-01 1.469991e+02
9.999492e-01 4.161215e-04 1.006621e-02 -1.551464e+01 -4.181902e-04 9.999999e-01 2.039465e-04 -2.531719e+00 -1.006622e-02 -2.081370e-04 9.999492e-01 1.472925e+02
9.999156e-01 -1.179043e-03 1.293465e-02 -1.554833e+01 1.187278e-03 9.999991e-01 -6.285897e-04 -2.533254e+00 -1.293399e-02 6.439026e-04 9.999161e-01 1.474727e+02
9.999608e-01 3.784210e-04 8.847894e-03 -1.556091e+01 -3.807050e-04 9.999999e-01 2.570535e-04 -2.539463e+00 -8.847883e-03 -2.604030e-04 9.999607e-01 1.478131e+02
9.997102e-01 -1.446301e-03 2.402696e-02 -1.554224e+01 1.468980e-03 9.999985e-01 -9.260783e-04 -2.547281e+00 -2.402567e-02 9.611140e-04 9.997108e-01 1.481908e+02
9.999627e-01 3.654837e-04 8.626082e-03 -1.551217e+01 -3.676187e-04 9.999999e-01 2.464949e-04 -2.555800e+00 -8.626074e-03 -2.496478e-04 9.999627e-01 1.485805e+02
9.996332e-01 -1.481618e-03 2.703953e-02 -1.547873e+01 1.508791e-03 9.999984e-01 -9.843724e-04 -2.560198e+00 -2.703811e-02 1.024817e-03 9.996338e-01 1.487936e+02
9.999680e-01 3.751825e-04 7.987879e-03 -1.542677e+01 -3.767965e-04 9.999999e-01 2.011280e-04 -2.564603e+00 -7.987883e-03 -2.041222e-04 9.999680e-01 1.489814e+02
9.998271e-01 -1.311621e-03 1.854790e-02 -1.536964e+01 1.324920e-03 9.999989e-01 -7.044877e-04 -2.572933e+00 -1.854703e-02 7.289496e-04 9.998276e-01 1.493105e+02
9.999549e-01 3.065684e-04 9.487864e-03 -1.524006e+01 -3.079277e-04 9.999999e-01 1.422664e-04 -2.583009e+00 -9.487896e-03 -1.451723e-04 9.999549e-01 1.496112e+02
9.997588e-01 -1.412153e-03 2.191640e-02 -1.512233e+01 1.430627e-03 9.999986e-01 -8.270778e-04 -2.594725e+00 -2.191527e-02 8.582419e-04 9.997594e-01 1.500033e+02
9.999973e-01 5.204551e-04 2.254340e-03 -1.502170e+01 -5.212562e-04 9.999998e-01 3.566013e-04 -2.610416e+00 -2.254226e-03 -3.577661e-04 9.999973e-01 1.505766e+02
9.998005e-01 -1.389193e-03 1.992603e-02 -1.491889e+01 1.404145e-03 9.999987e-01 -7.361808e-04 -2.625557e+00 -1.992505e-02 7.640224e-04 9.998011e-01 1.511212e+02
9.999952e-01 5.225537e-04 3.064745e-03 -1.481448e+01 -5.235459e-04 9.999998e-01 3.242100e-04 -2.639341e+00 -3.064644e-03 -3.258035e-04 9.999952e-01 1.516030e+02
9.999274e-01 -1.189786e-03 1.198965e-02 -1.467678e+01 1.196506e-03 9.999991e-01 -5.529937e-04 -2.652414e+00 -1.198905e-02 5.673088e-04 9.999279e-01 1.519991e+02
9.999988e-01 6.738803e-04 -1.390840e-03 -1.466287e+01 -6.732445e-04 9.999997e-01 4.548462e-04 -2.664612e+00 1.391079e-03 -4.538998e-04 9.999988e-01 1.525404e+02
9.999775e-01 -1.157311e-03 6.611282e-03 -1.463835e+01 1.160123e-03 9.999992e-01 -4.208742e-04 -2.682819e+00 -6.610857e-03 4.285442e-04 9.999780e-01 1.533309e+02
9.999986e-01 6.684170e-04 1.510847e-03 -1.459506e+01 -6.689984e-04 9.999997e-01 3.867258e-04 -2.699504e+00 -1.510654e-03 -3.877265e-04 9.999987e-01 1.540183e+02
9.999779e-01 -1.129004e-03 6.543041e-03 -1.452771e+01 1.131740e-03 9.999993e-01 -4.139717e-04 -2.713179e+00 -6.542634e-03 4.213773e-04 9.999784e-01 1.545280e+02
9.999955e-01 6.051599e-04 2.949762e-03 -1.446771e+01 -6.061647e-04 9.999998e-01 3.409716e-04 -2.727426e+00 -2.949620e-03 -3.427485e-04 9.999955e-01 1.550804e+02
9.999857e-01 -1.066980e-03 5.247585e-03 -1.443049e+01 1.068845e-03 9.999994e-01 -3.519270e-04 -2.743482e+00 -5.247270e-03 3.575405e-04 9.999861e-01 1.557441e+02
9.999953e-01 7.405697e-04 -2.972485e-03 -1.442346e+01 -7.391095e-04 9.999996e-01 4.911155e-04 -2.760904e+00 2.972783e-03 -4.889065e-04 9.999954e-01 1.565180e+02
9.999859e-01 -1.068878e-03 5.200280e-03 -1.441290e+01 1.070689e-03 9.999994e-01 -3.448341e-04 -2.777844e+00 -5.199972e-03 3.504069e-04 9.999863e-01 1.572658e+02
9.999996e-01 7.115348e-04 5.561427e-04 -1.435513e+01 -7.117518e-04 9.999997e-01 3.965884e-04 -2.792528e+00 -5.559240e-04 -3.969743e-04 9.999997e-01 1.578278e+02
9.999995e-01 -9.057716e-04 4.580083e-04 -1.430552e+01 9.058652e-04 9.999996e-01 -1.965522e-04 -2.807567e+00 -4.578936e-04 1.969768e-04 9.999998e-01 1.584041e+02
9.999986e-01 7.796067e-04 -1.445163e-03 -1.426944e+01 -7.789013e-04 9.999996e-01 4.861170e-04 -2.822671e+00 1.445478e-03 -4.849809e-04 9.999987e-01 1.590080e+02
9.999956e-01 -1.003552e-03 2.802127e-03 -1.425769e+01 1.004422e-03 9.999994e-01 -3.079710e-04 -2.837413e+00 -2.801880e-03 3.107940e-04 9.999959e-01 1.596441e+02
9.999841e-01 5.495896e-04 5.609359e-03 -1.424063e+01 -5.511619e-04 9.999998e-01 2.793858e-04 -2.852000e+00 -5.609268e-03 -2.824632e-04 9.999841e-01 1.602734e+02
9.999963e-01 -7.827088e-04 -2.584241e-03 -1.419817e+01 7.824032e-04 9.999997e-01 -1.206394e-04 -2.865378e+00 2.584272e-03 1.186269e-04 9.999966e-01 1.607867e+02
9.999285e-01 1.273435e-03 -1.188637e-02 -1.409168e+01 -1.263409e-03 9.999988e-01 8.506716e-04 -2.877859e+00 1.188737e-02 -8.355836e-04 9.999289e-01 1.611502e+02
9.999698e-01 -1.221505e-03 7.668353e-03 -1.392166e+01 1.225110e-03 9.999991e-01 -4.648962e-04 -2.893030e+00 -7.667843e-03 4.742868e-04 9.999704e-01 1.615326e+02
9.997347e-01 1.788703e-03 -2.296119e-02 -1.374591e+01 -1.760395e-03 9.999977e-01 1.252831e-03 -2.906289e+00 2.296331e-02 -1.212068e-03 9.997355e-01 1.618225e+02
9.999935e-01 -1.013394e-03 3.460077e-03 -1.356415e+01 1.014379e-03 9.999994e-01 -2.818617e-04 -2.919039e+00 -3.459856e-03 2.853797e-04 9.999939e-01 1.620735e+02
9.997146e-01 1.751398e-03 -2.382360e-02 -1.342087e+01 -1.722196e-03 9.999977e-01 1.246034e-03 -2.933245e+00 2.382566e-02 -1.204640e-03 9.997153e-01 1.624513e+02
9.999929e-01 -1.063089e-03 3.623341e-03 -1.330978e+01 1.063791e-03 9.999994e-01 -1.905711e-04 -2.947531e+00 -3.623206e-03 1.944343e-04 9.999933e-01 1.628709e+02
9.994693e-01 2.120785e-03 -3.250375e-02 -1.319639e+01 -2.071089e-03 9.999966e-01 1.562395e-03 -2.959260e+00 3.250688e-02 -1.494238e-03 9.994703e-01 1.631763e+02
9.999035e-01 -1.443633e-03 1.381665e-02 -1.305338e+01 1.452488e-03 9.999987e-01 -6.305743e-04 -2.973569e+00 -1.381579e-02 6.505920e-04 9.999043e-01 1.635573e+02
9.995924e-01 1.901407e-03 -2.848354e-02 -1.299650e+01 -1.860229e-03 9.999972e-01 1.471963e-03 -2.988148e+00 2.848618e-02 -1.418367e-03 9.995931e-01 1.640901e+02
9.999018e-01 -1.467528e-03 1.393586e-02 -1.292575e+01 1.476557e-03 9.999987e-01 -6.372663e-04 -3.003333e+00 -1.393498e-02 6.577909e-04 9.999026e-01 1.646259e+02
9.998822e-01 1.185693e-03 -1.530158e-02 -1.292036e+01 -1.171327e-03 9.999989e-01 9.475129e-04 -3.022329e+00 1.530261e-02 -9.294681e-04 9.998824e-01 1.654797e+02
9.998776e-01 -1.626779e-03 1.556039e-02 -1.292364e+01 1.637957e-03 9.999984e-01 -7.053199e-04 -3.045181e+00 -1.555929e-02 7.307310e-04 9.998786e-01 1.665343e+02
9.998718e-01 1.294706e-03 -1.595923e-02 -1.290654e+01 -1.279067e-03 9.999987e-01 9.898055e-04 -3.065478e+00 1.596041e-02 -9.692556e-04 9.998721e-01 1.674289e+02
9.998952e-01 -1.599110e-03 1.439012e-02 -1.288908e+01 1.608766e-03 9.999985e-01 -6.590977e-04 -3.085468e+00 -1.438912e-02 6.821892e-04 9.998962e-01 1.683064e+02
9.998436e-01 1.415677e-03 -1.762670e-02 -1.286208e+01 -1.396866e-03 9.999984e-01 1.079213e-03 -3.104319e+00 1.762812e-02 -1.054412e-03 9.998440e-01 1.691101e+02
9.998649e-01 -1.742236e-03 1.634139e-02 -1.285136e+01 1.754931e-03 9.999982e-01 -7.622262e-04 -3.124853e+00 -1.634011e-02 7.908116e-04 9.998661e-01 1.700271e+02
9.998589e-01 1.369369e-03 -1.674208e-02 -1.284700e+01 -1.352173e-03 9.999985e-01 1.038130e-03 -3.146187e+00 1.674341e-02 -1.015335e-03 9.998592e-01 1.709953e+02
9.999152e-01 -1.538064e-03 1.292641e-02 -1.280692e+01 1.545828e-03 9.999986e-01 -5.903072e-04 -3.166061e+00 -1.292556e-02 6.102496e-04 9.999162e-01 1.718170e+02
9.997690e-01 1.592985e-03 -2.143453e-02 -1.274379e+01 -1.567175e-03 9.999980e-01 1.220641e-03 -3.185431e+00 2.143636e-02 -1.186757e-03 9.997694e-01 1.725722e+02
