9.999968e-01 -3.127923e-04 -2.503785e-03 1.452599e-01 3.134251e-04 9.999999e-01 2.523210e-04 -4.965337e-03 2.503705e-03 -2.531044e-04 9.999967e-01 2.044246e-03
9.999917e-01 1.194764e-05 -4.084293e-03 2.674371e-01 -1.183152e-05 1.000000e+00 2.845009e-05 -2.220004e-02 4.084293e-03 -2.840100e-05 9.999916e-01 6.923655e-01
9.999991e-01 -3.584717e-04 -1.277704e-03 3.829703e-01 3.586857e-04 9.999999e-01 1.672396e-04 -3.994189e-02 1.277642e-03 -1.676972e-04 9.999991e-01 1.406588e+00
9.999943e-01 1.068141e-05 -3.368081e-03 5.327074e-01 -1.056870e-05 1.000000e+00 3.347376e-05 -5.680332e-02 3.368079e-03 -3.343740e-05 9.999942e-01 2.029539e+00
9.999970e-01 -4.450261e-04 2.411101e-03 6.606431e-01 4.453255e-04 9.999999e-01 -1.236427e-04 -7.627583e-02 -2.411048e-03 1.247166e-04 9.999970e-01 2.830539e+00
9.999903e-01 1.021872e-04 -4.392239e-03 7.272822e-01 -1.017695e-04 1.000000e+00 9.532015e-05 -9.330979e-02 4.392247e-03 -9.487168e-05 9.999902e-01 3.589106e+00
9.999990e-01 -3.696699e-04 1.333281e-03 7.750657e-01 3.696872e-04 9.999999e-01 -1.265178e-05 -1.091921e-01 -1.333278e-03 1.314523e-05 9.999990e-01 4.330769e+00
9.999940e-01 4.495088e-05 -3.473382e-03 8.468913e-01 -4.493652e-05 1.000000e+00 4.204383e-06 -1.263086e-01 3.473379e-03 -4.047708e-06 9.999939e-01 5.088962e+00
9.999994e-01 -3.435226e-04 1.022742e-03 9.114021e-01 3.434901e-04 9.999999e-01 3.192241e-05 -1.425473e-01 -1.022756e-03 -3.157052e-05 9.999994e-01 5.815518e+00
9.999875e-01 5.403235e-05 -5.003697e-03 9.843252e-01 -5.349489e-05 1.000000e+00 1.075409e-04 -1.585991e-01 5.003699e-03 -1.072713e-04 9.999874e-01 6.510889e+00
9.999995e-01 -1.533056e-04 -9.410084e-04 1.003096e+00 1.534566e-04 1.000000e+00 1.603675e-04 -1.696066e-01 9.409799e-04 -1.605113e-04 9.999994e-01 7.033781e+00
9.999960e-01 1.228475e-04 -2.818132e-03 9.154137e-01 -1.230944e-04 1.000000e+00 -8.747658e-05 -1.645623e-01 2.818117e-03 8.782374e-05 9.999959e-01 6.820843e+00
9.999969e-01 -5.281008e-05 -2.492090e-03 8.414221e-01 5.376287e-05 9.999999e-01 3.822482e-04 -1.581804e-01 2.492064e-03 -3.823804e-04 9.999967e-01 6.514720e+00
9.999959e-01 -5.606805e-05 -2.855561e-03 8.851812e-01 5.584527e-05 1.000000e+00 -7.810639e-05 -1.691321e-01 2.855560e-03 7.794729e-05 9.999958e-01 7.018150e+00
9.999990e-01 -2.612960e-04 1.375550e-03 9.428729e-01 2.611920e-04 1.000000e+00 7.586190e-05 -1.846008e-01 -1.375576e-03 -7.550186e-05 9.999990e-01 7.727087e+00
9.999940e-01 -7.047793e-05 -3.459070e-03 9.793195e-01 7.028046e-05 1.000000e+00 -5.722009e-05 -2.017969e-01 3.459068e-03 5.697733e-05 9.999939e-01 8.567640e+00
9.999978e-01 -8.480546e-05 2.098962e-03 8.779550e-01 8.485912e-05 1.000000e+00 -2.545713e-05 -1.999568e-01 -2.098966e-03 2.563586e-05 9.999977e-01 8.553785e+00
9.999943e-01 -1.707825e-04 -3.383661e-03 8.766545e-01 1.711720e-04 1.000000e+00 1.148048e-04 -2.084723e-01 3.383635e-03 -1.153827e-04 9.999942e-01 8.979794e+00
9.999998e-01 -6.001806e-05 -6.775091e-04 1.025926e+00 6.010510e-05 1.000000e+00 1.283822e-04 -2.181660e-01 6.774950e-04 -1.284222e-04 9.999997e-01 9.248833e+00
9.999982e-01 -2.523378e-04 -1.870430e-03 1.162538e+00 2.523466e-04 1.000000e+00 4.489190e-06 -2.317387e-01 1.870422e-03 -4.960453e-06 9.999982e-01 9.727689e+00
9.999999e-01 -5.879124e-05 -5.281627e-04 1.221045e+00 5.880269e-05 1.000000e+00 2.158146e-05 -2.485983e-01 5.281546e-04 -2.161179e-05 9.999998e-01 1.049942e+01
9.999676e-01 8.234474e-05 -8.045492e-03 1.233416e+00 -7.928195e-05 9.999999e-01 3.809970e-04 -2.610658e-01 8.045515e-03 -3.803460e-04 9.999675e-01 1.111899e+01
9.999737e-01 2.136439e-04 -7.251096e-03 1.277612e+00 -2.096311e-04 9.999998e-01 5.541482e-04 -2.670367e-01 7.251204e-03 -5.526127e-04 9.999735e-01 1.140099e+01
9.999919e-01 -1.018674e-04 -4.023248e-03 1.349278e+00 1.023889e-04 1.000000e+00 1.293899e-04 -2.741585e-01 4.023224e-03 -1.297999e-04 9.999918e-01 1.167350e+01
9.999116e-01 5.007534e-04 -1.328855e-02 1.372598e+00 -4.881707e-04 9.999994e-01 9.501018e-04 -2.782438e-01 1.328901e-02 -9.435297e-04 9.999112e-01 1.188096e+01
9.999722e-01 -5.321507e-04 7.434377e-03 1.407776e+00 5.366760e-04 9.999997e-01 -6.066989e-04 -2.874625e-01 -7.434064e-03 6.106729e-04 9.999721e-01 1.230089e+01
9.999453e-01 2.968846e-04 -1.045360e-02 1.486151e+00 -2.890462e-04 9.999997e-01 7.513223e-04 -3.006760e-01 1.045381e-02 -7.482585e-04 9.999450e-01 1.284599e+01
9.999637e-01 -5.341455e-04 8.499129e-03 1.554830e+00 5.402775e-04 9.999996e-01 -7.191915e-04 -3.145284e-01 -8.498754e-03 7.237584e-04 9.999635e-01 1.344585e+01
9.998568e-01 5.486600e-04 -1.691645e-02 1.625063e+00 -5.283662e-04 9.999991e-01 1.204089e-03 -3.237132e-01 1.691708e-02 -1.194977e-03 9.998561e-01 1.382424e+01
9.999547e-01 -6.396480e-04 9.491975e-03 1.737002e+00 6.469046e-04 9.999995e-01 -7.614343e-04 -3.348758e-01 -9.491498e-03 7.675415e-04 9.999546e-01 1.423988e+01
9.997370e-01 9.042092e-04 -2.291404e-02 1.741146e+00 -8.690038e-04 9.999984e-01 1.546318e-03 -3.432057e-01 2.291539e-02 -1.525998e-03 9.997361e-01 1.468528e+01
9.999998e-01 -2.697529e-04 4.981905e-04 1.717350e+00 2.698685e-04 9.999999e-01 -2.315417e-04 -3.462099e-01 -4.981462e-04 2.316775e-04 9.999997e-01 1.491600e+01
9.999589e-01 3.191325e-04 -9.058923e-03 1.758409e+00 -3.126502e-04 9.999997e-01 7.169656e-04 -3.551918e-01 9.059130e-03 -7.141024e-04 9.999586e-01 1.532782e+01
9.999996e-01 -2.728247e-04 -8.975783e-04 1.813231e+00 2.726669e-04 9.999999e-01 -1.760952e-04 -3.655912e-01 8.976062e-04 1.758519e-04 9.999995e-01 1.580006e+01
9.999568e-01 2.721430e-04 -9.288991e-03 1.874899e+00 -2.658430e-04 9.999997e-01 6.794316e-04 -3.783494e-01 9.289153e-03 -6.769313e-04 9.999565e-01 1.638098e+01
9.999982e-01 -2.669438e-04 -1.854994e-03 1.964764e+00 2.667580e-04 1.000000e+00 -1.004757e-04 -3.906371e-01 1.854998e-03 9.998228e-05 9.999982e-01 1.690110e+01
9.998104e-01 7.460106e-04 -1.945817e-02 2.016863e+00 -7.198402e-04 9.999988e-01 1.351912e-03 -3.968967e-01 1.945914e-02 -1.337647e-03 9.998097e-01 1.719058e+01
9.999619e-01 -5.670196e-04 8.713291e-03 2.044671e+00 5.731564e-04 9.999996e-01 -7.018018e-04 -4.046473e-01 -8.712915e-03 7.067708e-04 9.999617e-01 1.757428e+01
9.999463e-01 2.932744e-04 -1.036352e-02 2.137247e+00 -2.856189e-04 9.999997e-01 7.401487e-04 -4.190882e-01 1.036371e-02 -7.371472e-04 9.999459e-01 1.816719e+01
9.999359e-01 -6.609512e-04 1.129999e-02 2.289024e+00 6.709231e-04 9.999994e-01 -8.786745e-04 -4.364169e-01 -1.129943e-02 8.862014e-04 9.999357e-01 1.883067e+01
9.999352e-01 3.058902e-04 -1.138371e-02 2.424869e+00 -2.967951e-04 9.999996e-01 8.006122e-04 -4.535541e-01 1.138393e-02 -7.971799e-04 9.999348e-01 1.950283e+01
9.998967e-01 -6.319445e-04 1.435751e-02 2.599147e+00 6.471905e-04 9.999992e-01 -1.057250e-03 -4.708109e-01 -1.435686e-02 1.066434e-03 9.998963e-01 2.013826e+01
9.999729e-01 4.505303e-04 -7.353288e-03 2.765535e+00 -4.455894e-04 9.999997e-01 6.735200e-04 -4.821321e-01 7.353564e-03 -6.702235e-04 9.999726e-01 2.048844e+01
9.997180e-01 -4.096845e-04 2.374335e-02 2.938434e+00 4.424530e-04 9.999990e-01 -1.374863e-03 -4.934265e-01 -2.374278e-02 1.384983e-03 9.997170e-01 2.094617e+01
9.998092e-01 2.923556e-04 -1.953051e-02 3.041361e+00 -2.695359e-04 9.999993e-01 1.171024e-03 -5.002346e-01 1.953082e-02 -1.165535e-03 9.998085e-01 2.114842e+01
9.998102e-01 -4.784165e-04 1.947565e-02 3.072063e+00 5.003858e-04 9.999992e-01 -1.123167e-03 -5.075694e-01 -1.947512e-02 1.132701e-03 9.998096e-01 2.147076e+01
9.996932e-01 4.406444e-04 -2.476450e-02 3.096264e+00 -4.051141e-04 9.999989e-01 1.439719e-03 -5.168138e-01 2.476508e-02 -1.429243e-03 9.996922e-01 2.190314e+01
9.999588e-01 -9.308375e-05 9.071501e-03 3.097084e+00 9.782955e-05 9.999999e-01 -5.226851e-04 -5.249286e-01 -9.071475e-03 5.235527e-04 9.999586e-01 2.235162e+01
9.996173e-01 5.787603e-04 -2.765737e-02 3.062633e+00 -5.352035e-04 9.999986e-01 1.582240e-03 -5.313027e-01 2.765822e-02 -1.566830e-03 9.996161e-01 2.276386e+01
9.999792e-01 4.415400e-04 -6.437573e-03 3.015337e+00 -4.389846e-04 9.999998e-01 3.983205e-04 -5.326757e-01 6.437718e-03 -3.954842e-04 9.999791e-01 2.296965e+01
9.992072e-01 9.713002e-04 -3.980043e-02 2.982381e+00 -8.812764e-04 9.999970e-01 2.279353e-03 -5.328244e-01 3.980249e-02 -2.242468e-03 9.992050e-01 2.314958e+01
9.999132e-01 6.658749e-04 -1.315846e-02 2.928193e+00 -6.559830e-04 9.999995e-01 7.560149e-04 -5.338108e-01 1.315892e-02 -7.473151e-04 9.999130e-01 2.341517e+01
9.981699e-01 1.741922e-03 -6.044640e-02 2.816956e+00 -1.539027e-03 9.999930e-01 3.402999e-03 -5.316223e-01 6.045187e-02 -3.303740e-03 9.981656e-01 2.366121e+01
9.996294e-01 1.145016e-03 -2.719849e-02 2.680094e+00 -1.103374e-03 9.999982e-01 1.545963e-03 -5.278868e-01 2.720016e-02 -1.515377e-03 9.996288e-01 2.390959e+01
9.981668e-01 1.726764e-03 -6.049837e-02 2.559257e+00 -1.526165e-03 9.999932e-01 3.361810e-03 -5.254660e-01 6.050371e-02 -3.263314e-03 9.981625e-01 2.421288e+01
9.993329e-01 1.419287e-03 -3.649271e-02 2.430985e+00 -1.343129e-03 9.999969e-01 2.111329e-03 -5.244120e-01 3.649552e-02 -2.060903e-03 9.993316e-01 2.462165e+01
9.960478e-01 2.631492e-03 -8.877938e-02 2.319622e+00 -2.199254e-03 9.999853e-01 4.966132e-03 -5.264783e-01 8.879106e-02 -4.751252e-03 9.960389e-01 2.527695e+01
9.990499e-01 1.522819e-03 -4.355360e-02 2.253566e+00 -1.415691e-03 9.999959e-01 2.490368e-03 -5.339699e-01 4.355713e-02 -2.426339e-03 9.990479e-01 2.618979e+01
9.976230e-01 1.974333e-03 -6.887907e-02 2.213472e+00 -1.718970e-03 9.999914e-01 3.766457e-03 -5.407396e-01 6.888582e-02 -3.639099e-03 9.976178e-01 2.696409e+01
9.996245e-01 1.083908e-03 -2.737758e-02 2.143205e+00 -1.038489e-03 9.999981e-01 1.673045e-03 -5.430915e-01 2.737925e-02 -1.643981e-03 9.996237e-01 2.747908e+01
9.979482e-01 1.900688e-03 -6.399844e-02 2.031261e+00 -1.683655e-03 9.999926e-01 3.444929e-03 -5.419333e-01 6.400442e-02 -3.330105e-03 9.979440e-01 2.784533e+01
9.997528e-01 9.317907e-04 -2.221463e-02 1.912641e+00 -9.009175e-04 9.999986e-01 1.399567e-03 -5.376077e-01 2.221580e-02 -1.379202e-03 9.997522e-01 2.803722e+01
9.981446e-01 1.773303e-03 -6.086141e-02 1.808604e+00 -1.574719e-03 9.999933e-01 3.310632e-03 -5.321587e-01 6.086677e-02 -3.208645e-03 9.981407e-01 2.813899e+01
9.999314e-01 5.770162e-04 -1.169049e-02 1.721755e+00 -5.673626e-04 9.999995e-01 8.286852e-04 -5.274723e-01 1.169086e-02 -8.219911e-04 9.999313e-01 2.822513e+01
9.994045e-01 7.678606e-04 -3.449572e-02 1.729364e+00 -7.056454e-04 9.999981e-01 1.815570e-03 -5.294476e-01 3.449695e-02 -1.790143e-03 9.994031e-01 2.846044e+01
9.999840e-01 3.802004e-04 -5.641266e-03 1.724299e+00 -3.772076e-04 9.999998e-01 5.307121e-04 -5.323066e-01 5.641367e-03 -5.285712e-04 9.999839e-01 2.871387e+01
9.986160e-01 1.478808e-03 -5.257228e-02 1.656255e+00 -1.332237e-03 9.999951e-01 2.822844e-03 -5.295465e-01 5.257610e-02 -2.748894e-03 9.986131e-01 2.882178e+01
9.999948e-01 2.407463e-04 -3.211561e-03 1.617802e+00 -2.394069e-04 9.999999e-01 4.158170e-04 -5.274148e-01 3.211562e-03 -4.150417e-04 9.999947e-01 2.891930e+01
9.986721e-01 1.452696e-03 -5.149563e-02 1.588169e+00 -1.311718e-03 9.999953e-01 2.771260e-03 -5.255610e-01 5.149931e-02 -2.700028e-03 9.986693e-01 2.901796e+01
9.999985e-01 1.815772e-04 -1.692109e-03 1.557317e+00 -1.810096e-04 9.999999e-01 3.323167e-04 -5.235438e-01 1.692073e-03 -3.320058e-04 9.999985e-01 2.910319e+01
9.992316e-01 1.051586e-03 -3.917831e-02 1.545548e+00 -9.713473e-04 9.999974e-01 2.066872e-03 -5.231257e-01 3.918029e-02 -2.027224e-03 9.992301e-01 2.920941e+01
9.990314e-01 1.543664e-03 -4.397541e-02 1.382727e+00 -1.434269e-03 9.999958e-01 2.518970e-03 -5.134044e-01 4.397902e-02 -2.453454e-03 9.990294e-01 2.911903e+01
9.976818e-01 2.146016e-03 -6.801699e-02 1.166327e+00 -1.898873e-03 9.999914e-01 3.697914e-03 -4.970708e-01 6.802425e-02 -3.560183e-03 9.976773e-01 2.886425e+01
9.985463e-01 -1.742356e-03 5.387124e-02 1.367311e+00 1.895181e-03 9.999943e-01 -2.785790e-03 -5.095089e-01 -5.386617e-02 2.883840e-03 9.985440e-01 2.932414e+01
9.979378e-01 2.061767e-03 -6.415398e-02 1.296326e+00 -1.848488e-03 9.999926e-01 3.383582e-03 -4.989177e-01 6.416039e-02 -3.258013e-03 9.979343e-01 2.878960e+01
9.994998e-01 -8.646109e-04 3.160964e-02 1.072810e+00 9.208070e-04 9.999980e-01 -1.763103e-03 -4.817592e-01 -3.160814e-02 1.791331e-03 9.994987e-01 2.814388e+01
9.986763e-01 1.644845e-03 -5.140807e-02 7.267344e-01 -1.518071e-03 9.999957e-01 2.504881e-03 -4.563839e-01 5.141189e-02 -2.423521e-03 9.986746e-01 2.713355e+01
9.987938e-01 -1.385826e-03 4.908115e-02 2.931687e-01 1.525246e-03 9.999949e-01 -2.803135e-03 -4.224217e-01 -4.907710e-02 2.874618e-03 9.987908e-01 2.572754e+01
9.981939e-01 1.895606e-03 -6.004306e-02 -1.672578e-01 -1.719989e-03 9.999941e-01 2.976302e-03 -3.869665e-01 6.004826e-02 -2.867650e-03 9.981913e-01 2.424942e+01
9.994584e-01 -8.203026e-04 3.289485e-02 -5.586274e-01 8.826653e-04 9.999978e-01 -1.881150e-03 -3.565017e-01 -3.289332e-02 1.909170e-03 9.994570e-01 2.302211e+01
9.983640e-01 1.753970e-03 -5.714888e-02 -8.856843e-01 -1.590044e-03 9.999945e-01 2.913646e-03 -3.310317e-01 5.715360e-02 -2.818007e-03 9.983614e-01 2.199032e+01
9.994772e-01 -7.950739e-04 3.231951e-02 -1.145308e+00 8.520465e-04 9.999981e-01 -1.748864e-03 -3.125920e-01 -3.231813e-02 1.775490e-03 9.994760e-01 2.129018e+01
9.994434e-01 1.011054e-03 -3.334298e-02 -1.622937e+00 -9.677458e-04 9.999987e-01 1.314788e-03 -2.779315e-01 3.334419e-02 -1.281786e-03 9.994431e-01 1.993305e+01
9.992561e-01 -6.871386e-04 3.855565e-02 -2.288904e+00 7.776423e-04 9.999970e-01 -2.332242e-03 -2.250764e-01 -3.855400e-02 2.360493e-03 9.992537e-01 1.782387e+01
9.994809e-01 1.038399e-03 -3.219708e-02 -2.963549e+00 -9.985439e-04 9.999987e-01 1.253733e-03 -1.718114e-01 3.219827e-02 -1.220929e-03 9.994807e-01 1.572269e+01
9.992001e-01 -5.805815e-04 3.998225e-02 -3.665101e+00 6.786306e-04 9.999968e-01 -2.438635e-03 -1.167887e-01 -3.998079e-02 2.463821e-03 9.991974e-01 1.358394e+01
9.994405e-01 1.004190e-03 -3.342909e-02 -4.397971e+00 -9.596040e-04 9.999986e-01 1.349598e-03 -6.096505e-02 3.343032e-02 -1.316761e-03 9.994402e-01 1.142480e+01
9.999805e-01 3.254905e-04 -6.218768e-03 -4.769499e+00 -3.219181e-04 9.999998e-01 5.745091e-04 -3.599583e-02 6.218877e-03 -5.724933e-04 9.999805e-01 1.052317e+01
9.961522e-01 2.872391e-03 -8.759156e-02 -4.975054e+00 -2.469160e-03 9.999859e-01 4.711468e-03 -2.427073e-02 8.760379e-02 -4.477060e-03 9.961453e-01 1.043481e+01
9.999409e-01 -2.682604e-04 1.086460e-02 -5.138321e+00 2.722463e-04 9.999999e-01 -3.648447e-04 -1.402382e-02 -1.086456e-02 3.677831e-04 9.999409e-01 1.031665e+01
9.992526e-01 1.184264e-03 -3.863606e-02 -5.370481e+00 -1.130464e-03 9.999984e-01 1.414158e-03 1.229432e-02 3.863761e-02 -1.369423e-03 9.992523e-01 9.173539e+00
9.993881e-01 -9.873215e-04 3.496122e-02 -5.767069e+00 1.048966e-03 9.999979e-01 -1.744765e-03 6.001463e-02 -3.495948e-02 1.780372e-03 9.993871e-01 6.938028e+00
9.990358e-01 1.339002e-03 -4.388136e-02 -6.269786e+00 -1.266019e-03 9.999978e-01 1.690814e-03 1.054899e-01 4.388347e-02 -1.633627e-03 9.990353e-01 4.954137e+00
9.993670e-01 -8.975733e-04 3.556210e-02 -6.811145e+00 9.604609e-04 9.999980e-01 -1.751175e-03 1.458993e-01 -3.556052e-02 1.784225e-03 9.993659e-01 3.307862e+00
9.993423e-01 1.100138e-03 -3.624410e-02 -7.295077e+00 -1.052126e-03 9.999985e-01 1.343575e-03 1.796052e-01 3.624546e-02 -1.304556e-03 9.993421e-01 2.000846e+00
9.992424e-01 -8.406212e-04 3.890776e-02 -7.894025e+00 9.240931e-04 9.999973e-01 -2.127292e-03 2.239355e-01 -3.890593e-02 2.161637e-03 9.992405e-01 2.640637e-01
9.993526e-01 1.080551e-03 -3.595896e-02 -8.409446e+00 -1.027568e-03 9.999984e-01 1.491709e-03 2.621192e-01 3.596046e-02 -1.453791e-03 9.993521e-01 -1.233487e+00
9.995322e-01 -8.496631e-04 3.056960e-02 -8.816772e+00 8.949662e-04 9.999985e-01 -1.468121e-03 2.877418e-01 -3.056837e-02 1.494795e-03 9.995316e-01 -2.209101e+00
9.991501e-01 1.222476e-03 -4.119839e-02 -8.991969e+00 -1.141821e-03 9.999974e-01 1.981053e-03 2.996397e-01 4.120064e-02 -1.932327e-03 9.991490e-01 -2.676360e+00
9.993288e-01 -1.099960e-03 3.661388e-02 -9.071003e+00 1.164652e-03 9.999978e-01 -1.745414e-03 3.053800e-01 -3.661194e-02 1.786887e-03 9.993280e-01 -2.924788e+00
9.989582e-01 1.472767e-03 -4.560898e-02 -9.285142e+00 -1.377031e-03 9.999968e-01 2.130274e-03 3.187148e-01 4.561191e-02 -2.065248e-03 9.989571e-01 -3.416634e+00
9.988717e-01 -1.246128e-03 4.747198e-02 -9.554090e+00 1.361877e-03 9.999962e-01 -2.405879e-03 3.394743e-01 -4.746885e-02 2.467817e-03 9.988697e-01 -4.242414e+00
9.989705e-01 1.402191e-03 -4.534189e-02 -9.778881e+00 -1.309385e-03 9.999970e-01 2.076326e-03 3.605147e-01 4.534460e-02 -2.014816e-03 9.989694e-01 -5.150212e+00
9.990054e-01 -1.226860e-03 4.456996e-02 -1.011563e+01 1.332459e-03 9.999964e-01 -2.339539e-03 3.848571e-01 -4.456698e-02 2.396602e-03 9.990035e-01 -6.121388e+00
9.983715e-01 1.773235e-03 -5.701815e-02 -1.046249e+01 -1.616288e-03 9.999948e-01 2.798470e-03 4.072533e-01 5.702276e-02 -2.701753e-03 9.983692e-01 -6.979137e+00
9.990939e-01 -1.180943e-03 4.254233e-02 -1.071123e+01 1.273700e-03 9.999969e-01 -2.153162e-03 4.239915e-01 -4.253971e-02 2.205399e-03 9.990923e-01 -7.631124e+00
9.972784e-01 2.301406e-03 -7.369104e-02 -1.086442e+01 -2.020636e-03 9.999904e-01 3.884346e-03 4.334944e-01 7.369922e-02 -3.724870e-03 9.972735e-01 -7.929528e+00
9.996113e-01 -7.668382e-04 2.786648e-02 -1.094675e+01 8.009399e-04 9.999989e-01 -1.212408e-03 4.378929e-01 -2.786557e-02 1.234258e-03 9.996109e-01 -7.949328e+00
9.976418e-01 2.128433e-03 -6.860143e-02 -1.100419e+01 -1.885004e-03 9.999917e-01 3.612917e-03 4.409375e-01 6.860850e-02 -3.475082e-03 9.976376e-01 -7.942650e+00
9.994424e-01 -9.659275e-04 3.337297e-02 -1.104366e+01 1.017537e-03 9.999983e-01 -1.529337e-03 4.433593e-01 -3.337148e-02 1.562444e-03 9.994418e-01 -7.949811e+00
9.974848e-01 2.229104e-03 -7.084449e-02 -1.112356e+01 -1.971864e-03 9.999912e-01 3.700703e-03 4.473471e-01 7.085208e-02 -3.551699e-03 9.974805e-01 -7.985716e+00
9.985723e-01 -1.487801e-03 5.339478e-02 -1.123983e+01 1.637752e-03 9.999948e-01 -2.764610e-03 4.563338e-01 -5.339043e-02 2.848112e-03 9.985696e-01 -8.333932e+00
9.983957e-01 1.619004e-03 -5.659618e-02 -1.132216e+01 -1.451103e-03 9.999944e-01 3.007518e-03 4.621013e-01 5.660070e-02 -2.920566e-03 9.983926e-01 -8.602689e+00
9.989476e-01 -1.258644e-03 4.584751e-02 -1.135923e+01 1.365529e-03 9.999964e-01 -2.299961e-03 4.622259e-01 -4.584449e-02 2.360147e-03 9.989458e-01 -8.584362e+00
9.978869e-01 1.910242e-03 -6.494533e-02 -1.138442e+01 -1.685019e-03 9.999924e-01 3.522402e-03 4.617610e-01 6.495153e-02 -3.405524e-03 9.978826e-01 -8.515792e+00
9.985249e-01 -1.452102e-03 5.427478e-02 -1.142061e+01 1.611429e-03 9.999945e-01 -2.891826e-03 4.645848e-01 -5.427032e-02 2.975022e-03 9.985218e-01 -8.632163e+00
9.985654e-01 1.590286e-03 -5.351998e-02 -1.146180e+01 -1.434471e-03 9.999946e-01 2.949531e-03 4.688847e-01 5.352435e-02 -2.868526e-03 9.985624e-01 -8.850322e+00
9.992201e-01 -1.145847e-03 3.946631e-02 -1.152067e+01 1.229707e-03 9.999970e-01 -2.100504e-03 4.709951e-01 -3.946382e-02 2.147399e-03 9.992187e-01 -8.907006e+00
9.986552e-01 1.591154e-03 -5.181755e-02 -1.157553e+01 -1.445894e-03 9.999949e-01 2.840573e-03 4.738654e-01 5.182178e-02 -2.761830e-03 9.986525e-01 -8.998384e+00
9.987020e-01 -1.500874e-03 5.091081e-02 -1.163838e+01 1.643723e-03 9.999948e-01 -2.763991e-03 4.797410e-01 -5.090643e-02 2.844088e-03 9.986994e-01 -9.286878e+00
9.986627e-01 1.594584e-03 -5.167337e-02 -1.169620e+01 -1.450871e-03 9.999950e-01 2.818472e-03 4.856190e-01 5.167757e-02 -2.739731e-03 9.986601e-01 -9.587864e+00
9.986562e-01 -1.439004e-03 5.180291e-02 -1.190478e+01 1.595314e-03 9.999943e-01 -2.976076e-03 5.024522e-01 -5.179836e-02 3.054720e-03 9.986529e-01 -1.030179e+01
9.985662e-01 1.614393e-03 -5.350394e-02 -1.217047e+01 -1.460461e-03 9.999947e-01 2.915882e-03 5.190754e-01 5.350833e-02 -2.833560e-03 9.985634e-01 -1.093804e+01
9.989285e-01 -1.241868e-03 4.626174e-02 -1.255506e+01 1.369346e-03 9.999954e-01 -2.723876e-03 5.394278e-01 -4.625818e-02 2.784306e-03 9.989256e-01 -1.163238e+01
9.987995e-01 1.461953e-03 -4.896212e-02 -1.293857e+01 -1.337196e-03 9.999958e-01 2.580582e-03 5.636494e-01 4.896566e-02 -2.512011e-03 9.987973e-01 -1.255315e+01
9.988577e-01 -1.331176e-03 4.776250e-02 -1.311623e+01 1.457432e-03 9.999955e-01 -2.608554e-03 5.774877e-01 -4.775885e-02 2.675185e-03 9.988553e-01 -1.314443e+01
9.987815e-01 1.411983e-03 -4.932923e-02 -1.319602e+01 -1.280218e-03 9.999955e-01 2.702530e-03 5.850641e-01 4.933280e-02 -2.636084e-03 9.987789e-01 -1.351340e+01
9.988416e-01 -1.349794e-03 4.809777e-02 -1.322071e+01 1.477495e-03 9.999955e-01 -2.619457e-03 5.941173e-01 -4.809405e-02 2.687488e-03 9.988392e-01 -1.403752e+01
9.988031e-01 1.417674e-03 -4.888999e-02 -1.325791e+01 -1.288707e-03 9.999956e-01 2.669216e-03 6.068922e-01 4.889353e-02 -2.603016e-03 9.988006e-01 -1.475492e+01
9.988069e-01 -1.291811e-03 4.881560e-02 -1.341172e+01 1.432305e-03 9.999949e-01 -2.843078e-03 6.257424e-01 -4.881171e-02 2.909605e-03 9.988038e-01 -1.565450e+01
9.988327e-01 1.462453e-03 -4.827851e-02 -1.372941e+01 -1.343390e-03 9.999960e-01 2.498404e-03 6.519021e-01 4.828194e-02 -2.430630e-03 9.988308e-01 -1.675329e+01
9.988039e-01 -1.311678e-03 4.887661e-02 -1.392919e+01 1.446768e-03 9.999952e-01 -2.728491e-03 6.727808e-01 -4.887282e-02 2.795942e-03 9.988011e-01 -1.770239e+01
9.987996e-01 1.406940e-03 -4.896033e-02 -1.396913e+01 -1.275444e-03 9.999955e-01 2.716804e-03 6.876157e-01 4.896391e-02 -2.651096e-03 9.987970e-01 -1.853182e+01
9.988277e-01 -1.354854e-03 4.838634e-02 -1.390934e+01 1.481006e-03 9.999956e-01 -2.571309e-03 6.972285e-01 -4.838267e-02 2.639956e-03 9.988254e-01 -1.920385e+01
9.987956e-01 1.398644e-03 -4.904355e-02 -1.390496e+01 -1.271592e-03 9.999958e-01 2.621580e-03 7.029999e-01 4.904698e-02 -2.556058e-03 9.987932e-01 -1.959352e+01
9.988098e-01 -1.333397e-03 4.875412e-02 -1.391468e+01 1.465311e-03 9.999954e-01 -2.669959e-03 7.104063e-01 -4.875037e-02 2.738222e-03 9.988072e-01 -2.005567e+01
9.988133e-01 1.452925e-03 -4.867932e-02 -1.401191e+01 -1.328509e-03 9.999958e-01 2.587972e-03 7.256676e-01 4.868285e-02 -2.520229e-03 9.988111e-01 -2.083102e+01
9.988333e-01 -1.405718e-03 4.826857e-02 -1.398465e+01 1.529719e-03 9.999956e-01 -2.532022e-03 7.404078e-01 -4.826483e-02 2.602907e-03 9.988312e-01 -2.174778e+01
9.987913e-01 1.433169e-03 -4.912857e-02 -1.393783e+01 -1.303665e-03 9.999956e-01 2.667835e-03 7.555970e-01 4.913214e-02 -2.600563e-03 9.987889e-01 -2.271787e+01
9.988317e-01 -1.392981e-03 4.830174e-02 -1.388617e+01 1.516619e-03 9.999957e-01 -2.523021e-03 7.656490e-01 -4.829804e-02 2.593329e-03 9.988296e-01 -2.340480e+01
9.987902e-01 1.333947e-03 -4.915419e-02 -1.371626e+01 -1.200613e-03 9.999955e-01 2.741896e-03 7.637981e-01 4.915760e-02 -2.679563e-03 9.987874e-01 -2.361248e+01
9.988459e-01 -1.374479e-03 4.800913e-02 -1.361788e+01 1.501551e-03 9.999955e-01 -2.610758e-03 7.630206e-01 -4.800535e-02 2.679834e-03 9.988435e-01 -2.376646e+01
9.988506e-01 1.478906e-03 -4.790756e-02 -1.374431e+01 -1.364499e-03 9.999961e-01 2.420583e-03 7.798744e-01 4.791093e-02 -2.352430e-03 9.988488e-01 -2.459003e+01
9.987479e-01 -1.253969e-03 5.000823e-02 -1.408764e+01 1.399362e-03 9.999949e-01 -2.872376e-03 8.101302e-01 -5.000440e-02 2.938760e-03 9.987447e-01 -2.587072e+01
9.988191e-01 1.433994e-03 -4.856128e-02 -1.438052e+01 -1.314322e-03 9.999960e-01 2.496085e-03 8.363853e-01 4.856464e-02 -2.429312e-03 9.988171e-01 -2.699730e+01
9.987401e-01 -1.230223e-03 5.016399e-02 -1.474153e+01 1.377288e-03 9.999949e-01 -2.897107e-03 8.635746e-01 -5.016020e-02 2.962548e-03 9.987368e-01 -2.809122e+01
9.988064e-01 1.411083e-03 -4.882214e-02 -1.508327e+01 -1.288997e-03 9.999960e-01 2.531923e-03 8.890450e-01 4.882548e-02 -2.465968e-03 9.988043e-01 -2.911333e+01
9.987691e-01 -1.267518e-03 4.958351e-02 -1.529529e+01 1.403728e-03 9.999953e-01 -2.712239e-03 9.054555e-01 -4.957987e-02 2.778503e-03 9.987663e-01 -2.979430e+01
9.987834e-01 1.407827e-03 -4.929065e-02 -1.552384e+01 -1.286104e-03 9.999960e-01 2.501021e-03 9.218096e-01 4.929394e-02 -2.434585e-03 9.987813e-01 -3.045301e+01
9.987413e-01 -1.224694e-03 5.014128e-02 -1.583042e+01 1.367160e-03 9.999951e-01 -2.806988e-03 9.451049e-01 -5.013763e-02 2.872007e-03 9.987382e-01 -3.140369e+01
9.987793e-01 1.382698e-03 -4.937343e-02 -1.611803e+01 -1.259828e-03 9.999960e-01 2.519496e-03 9.671545e-01 4.937669e-02 -2.454217e-03 9.987772e-01 -3.230911e+01
9.987191e-01 -1.202355e-03 5.058249e-02 -1.638498e+01 1.348343e-03 9.999950e-01 -2.852001e-03 9.906398e-01 -5.057884e-02 2.916551e-03 9.987158e-01 -3.331373e+01
9.988073e-01 1.389801e-03 -4.880376e-02 -1.671354e+01 -1.270998e-03 9.999962e-01 2.465145e-03 1.017109e+00 4.880697e-02 -2.400175e-03 9.988053e-01 -3.440631e+01
9.987299e-01 -1.185599e-03 5.036795e-02 -1.699762e+01 1.329407e-03 9.999951e-01 -2.821641e-03 1.041647e+00 -5.036439e-02 2.885018e-03 9.987267e-01 -3.544208e+01
9.988068e-01 1.385884e-03 -4.881473e-02 -1.732386e+01 -1.271321e-03 9.999964e-01 2.377754e-03 1.071012e+00 4.881781e-02 -2.312857e-03 9.988050e-01 -3.669727e+01
9.987193e-01 -1.171073e-03 5.057950e-02 -1.764129e+01 1.316656e-03 9.999951e-01 -2.844975e-03 1.102747e+00 -5.057595e-02 2.907928e-03 9.987160e-01 -3.809729e+01
9.988045e-01 1.366033e-03 -4.886166e-02 -1.792475e+01 -1.248055e-03 9.999962e-01 2.444845e-03 1.130815e+00 4.886478e-02 -2.380939e-03 9.988026e-01 -3.933692e+01
9.987503e-01 -1.180976e-03 4.996329e-02 -1.817627e+01 1.320674e-03 9.999953e-01 -2.762991e-03 1.154827e+00 -4.995982e-02 2.825524e-03 9.987472e-01 -4.039083e+01
9.987795e-01 1.360247e-03 -4.937153e-02 -1.846899e+01 -1.243897e-03 9.999964e-01 2.387161e-03 1.182843e+00 4.937456e-02 -2.322834e-03 9.987776e-01 -4.162225e+01
9.987041e-01 -1.137327e-03 5.087874e-02 -1.878720e+01 1.281980e-03 9.999952e-01 -2.810428e-03 1.214109e+00 -5.087533e-02 2.872012e-03 9.987009e-01 -4.299922e+01
9.987482e-01 1.313265e-03 -5.000051e-02 -1.903920e+01 -1.189304e-03 9.999961e-01 2.508769e-03 1.238040e+00 5.000358e-02 -2.446162e-03 9.987460e-01 -4.405120e+01
9.987416e-01 -1.147979e-03 5.013721e-02 -1.924803e+01 1.286371e-03 9.999955e-01 -2.727978e-03 1.258959e+00 -5.013388e-02 2.789042e-03 9.987386e-01 -4.499535e+01
9.987781e-01 1.314703e-03 -4.940085e-02 -1.946414e+01 -1.193489e-03 9.999962e-01 2.482981e-03 1.279251e+00 4.940389e-02 -2.420987e-03 9.987759e-01 -4.588853e+01
9.987362e-01 -1.135124e-03 5.024381e-02 -1.969558e+01 1.274862e-03 9.999954e-01 -2.749121e-03 1.300789e+00 -5.024049e-02 2.809702e-03 9.987332e-01 -4.683132e+01
9.987855e-01 1.302956e-03 -4.925062e-02 -1.992960e+01 -1.183218e-03 9.999963e-01 2.460177e-03 1.323647e+00 4.925361e-02 -2.398914e-03 9.987834e-01 -4.784534e+01
9.987374e-01 -1.116324e-03 5.022147e-02 -2.018033e+01 1.257257e-03 9.999954e-01 -2.774618e-03 1.347523e+00 -5.021817e-02 2.834257e-03 9.987342e-01 -4.889404e+01
9.987512e-01 1.261250e-03 -4.994226e-02 -2.039426e+01 -1.137949e-03 9.999962e-01 2.497118e-03 1.372984e+00 4.994519e-02 -2.437167e-03 9.987490e-01 -5.008984e+01
9.987952e-01 -1.147771e-03 4.905723e-02 -2.050954e+01 1.274323e-03 9.999959e-01 -2.548376e-03 1.389319e+00 -4.905414e-02 2.607822e-03 9.987927e-01 -5.090901e+01
9.987683e-01 1.257161e-03 -4.959866e-02 -2.063154e+01 -1.135989e-03 9.999963e-01 2.471061e-03 1.403160e+00 4.960155e-02 -2.411673e-03 9.987662e-01 -5.157158e+01
9.987218e-01 -1.085952e-03 5.053123e-02 -2.085782e+01 1.225562e-03 9.999955e-01 -2.731838e-03 1.423750e+00 -5.052807e-02 2.790277e-03 9.987187e-01 -5.246682e+01
9.987816e-01 1.252871e-03 -4.933067e-02 -2.111880e+01 -1.134786e-03 9.999964e-01 2.421590e-03 1.446230e+00 4.933349e-02 -2.362659e-03 9.987796e-01 -5.342071e+01
9.987477e-01 -1.127182e-03 5.001639e-02 -2.126615e+01 1.256613e-03 9.999959e-01 -2.556296e-03 1.460403e+00 -5.001334e-02 2.615947e-03 9.987451e-01 -5.406124e+01
9.987699e-01 1.241062e-03 -4.956807e-02 -2.140136e+01 -1.122157e-03 9.999964e-01 2.426467e-03 1.473138e+00 4.957087e-02 -2.367858e-03 9.987678e-01 -5.463809e+01
9.987453e-01 -1.113842e-03 5.006433e-02 -2.157886e+01 1.245286e-03 9.999959e-01 -2.594277e-03 1.488024e+00 -5.006126e-02 2.653367e-03 9.987426e-01 -5.527912e+01
9.987836e-01 1.256120e-03 -4.928982e-02 -2.184494e+01 -1.144066e-03 9.999967e-01 2.301415e-03 1.509005e+00 4.929252e-02 -2.242224e-03 9.987819e-01 -5.614735e+01
9.987103e-01 -1.076586e-03 5.075894e-02 -2.215449e+01 1.212826e-03 9.999957e-01 -2.653230e-03 1.533352e+00 -5.075590e-02 2.711371e-03 9.987074e-01 -5.714597e+01
9.988004e-01 1.241784e-03 -4.894886e-02 -2.248841e+01 -1.134363e-03 9.999969e-01 2.222158e-03 1.560180e+00 4.895143e-02 -2.163965e-03 9.987988e-01 -5.824887e+01
9.986864e-01 -1.022660e-03 5.122735e-02 -2.288805e+01 1.165007e-03 9.999955e-01 -2.748848e-03 1.589985e+00 -5.122435e-02 2.804918e-03 9.986832e-01 -5.942650e+01
9.987671e-01 1.224272e-03 -4.962471e-02 -2.329300e+01 -1.109552e-03 9.999966e-01 2.339132e-03 1.618028e+00 4.962737e-02 -2.281186e-03 9.987652e-01 -6.051083e+01
9.986999e-01 -1.046676e-03 5.096287e-02 -2.358904e+01 1.185506e-03 9.999957e-01 -2.693878e-03 1.642288e+00 -5.095987e-02 2.750793e-03 9.986969e-01 -6.151914e+01
9.988072e-01 1.235669e-03 -4.881117e-02 -2.395672e+01 -1.130204e-03 9.999970e-01 2.188121e-03 1.672611e+00 4.881369e-02 -2.130344e-03 9.988056e-01 -6.277104e+01
9.986697e-01 -9.819605e-04 5.155225e-02 -2.439778e+01 1.124942e-03 9.999956e-01 -2.744480e-03 1.706575e+00 -5.154936e-02 2.798823e-03 9.986665e-01 -6.412896e+01
9.987816e-01 1.168681e-03 -4.933235e-02 -2.474380e+01 -1.059281e-03 9.999969e-01 2.243586e-03 1.736496e+00 4.933479e-02 -2.188595e-03 9.987799e-01 -6.538429e+01
9.986277e-01 -9.045469e-04 5.236059e-02 -2.519115e+01 1.058612e-03 9.999952e-01 -2.914635e-03 1.774023e+00 -5.235774e-02 2.966066e-03 9.986240e-01 -6.693146e+01
9.987376e-01 1.092609e-03 -5.021674e-02 -2.548184e+01 -9.664659e-04 9.999963e-01 2.536093e-03 1.799319e+00 5.021929e-02 -2.484358e-03 9.987351e-01 -6.800267e+01
9.987025e-01 -9.519910e-04 5.091348e-02 -2.566604e+01 1.094829e-03 9.999955e-01 -2.777580e-03 1.817115e+00 -5.091065e-02 2.829719e-03 9.986992e-01 -6.879475e+01
9.987612e-01 1.105967e-03 -4.974537e-02 -2.591781e+01 -9.868718e-04 9.999966e-01 2.418498e-03 1.841178e+00 4.974784e-02 -2.366409e-03 9.987590e-01 -6.985169e+01
9.986719e-01 -8.922768e-04 5.151086e-02 -2.627248e+01 1.041738e-03 9.999953e-01 -2.874678e-03 1.870169e+00 -5.150809e-02 2.924522e-03 9.986683e-01 -7.105198e+01
9.987627e-01 1.080454e-03 -4.971698e-02 -2.663715e+01 -9.602140e-04 9.999966e-01 2.442211e-03 1.898019e+00 4.971941e-02 -2.391450e-03 9.987604e-01 -7.217551e+01
9.987106e-01 -9.341690e-04 5.075517e-02 -2.684631e+01 1.072413e-03 9.999958e-01 -2.696478e-03 1.917029e+00 -5.075247e-02 2.747432e-03 9.987075e-01 -7.300555e+01
9.987597e-01 1.068320e-03 -4.977775e-02 -2.704822e+01 -9.454318e-04 9.999964e-01 2.492114e-03 1.934155e+00 4.978020e-02 -2.441961e-03 9.987572e-01 -7.374336e+01
9.987402e-01 -9.460185e-04 5.016993e-02 -2.711725e+01 1.075976e-03 9.999961e-01 -2.563302e-03 1.944020e+00 -5.016734e-02 2.614055e-03 9.987374e-01 -7.425131e+01
9.987941e-01 1.071345e-03 -4.908103e-02 -2.719973e+01 -9.508854e-04 9.999965e-01 2.477490e-03 1.955424e+00 4.908347e-02 -2.427831e-03 9.987917e-01 -7.482068e+01
9.987240e-01 -9.144525e-04 5.049160e-02 -2.740267e+01 1.056875e-03 9.999955e-01 -2.793981e-03 1.974255e+00 -5.048885e-02 2.843780e-03 9.987206e-01 -7.563957e+01
9.988254e-01 1.103458e-03 -4.843922e-02 -2.773119e+01 -9.919952e-04 9.999968e-01 2.324975e-03 2.003895e+00 4.844160e-02 -2.274192e-03 9.988234e-01 -7.690479e+01
9.987310e-01 -8.935219e-04 5.035263e-02 -2.802612e+01 1.033171e-03 9.999957e-01 -2.747372e-03 2.030559e+00 -5.035000e-02 2.795910e-03 9.987277e-01 -7.804340e+01
9.988418e-01 1.088077e-03 -4.810165e-02 -2.832924e+01 -9.784455e-04 9.999969e-01 2.302557e-03 2.057696e+00 4.810397e-02 -2.252824e-03 9.988398e-01 -7.919519e+01
9.987189e-01 -8.798475e-04 5.059323e-02 -2.860192e+01 1.018749e-03 9.999958e-01 -2.719642e-03 2.084156e+00 -5.059066e-02 2.767700e-03 9.987156e-01 -8.034646e+01
9.987545e-01 1.009532e-03 -4.988290e-02 -2.869243e+01 -8.775807e-04 9.999961e-01 2.666960e-03 2.095452e+00 4.988536e-02 -2.619861e-03 9.987515e-01 -8.089697e+01
9.987465e-01 -9.748394e-04 5.004286e-02 -2.869121e+01 1.110917e-03 9.999958e-01 -2.691370e-03 2.097256e+00 -5.004006e-02 2.743591e-03 9.987434e-01 -8.106026e+01
9.988353e-01 1.114793e-03 -4.823500e-02 -2.896551e+01 -1.008631e-03 9.999970e-01 2.225107e-03 2.122698e+00 4.823730e-02 -2.173864e-03 9.988335e-01 -8.215587e+01
9.986190e-01 -8.101332e-04 5.252868e-02 -2.946531e+01 9.719000e-04 9.999949e-01 -3.054026e-03 2.167681e+00 -5.252598e-02 3.100862e-03 9.986147e-01 -8.404322e+01
9.988660e-01 1.097936e-03 -4.759450e-02 -3.004016e+01 -1.001609e-03 9.999974e-01 2.047614e-03 2.219365e+00 4.759658e-02 -1.997620e-03 9.988646e-01 -8.620609e+01
9.986270e-01 -7.675765e-04 5.237619e-02 -3.062268e+01 9.259895e-04 9.999951e-01 -3.000230e-03 2.269607e+00 -5.237367e-02 3.044612e-03 9.986229e-01 -8.827943e+01
9.988818e-01 1.071134e-03 -4.726268e-02 -3.122626e+01 -9.773878e-04 9.999975e-01 2.006486e-03 2.321128e+00 4.726467e-02 -1.958048e-03 9.988805e-01 -9.039491e+01
9.985776e-01 -6.902478e-04 5.331106e-02 -3.189208e+01 8.575912e-04 9.999948e-01 -3.116098e-03 2.377916e+00 -5.330867e-02 3.157386e-03 9.985731e-01 -9.271801e+01
9.988552e-01 1.011535e-03 -4.782279e-02 -3.250404e+01 -9.115639e-04 9.999974e-01 2.112121e-03 2.429896e+00 4.782476e-02 -2.066108e-03 9.988536e-01 -9.484436e+01
9.985994e-01 -6.697407e-04 5.290131e-02 -3.312388e+01 8.380688e-04 9.999947e-01 -3.159719e-03 2.482634e+00 -5.289895e-02 3.199630e-03 9.985947e-01 -9.700552e+01
9.989186e-01 1.017467e-03 -4.648006e-02 -3.383020e+01 -9.276926e-04 9.999977e-01 1.952896e-03 2.543262e+00 4.648189e-02 -1.907664e-03 9.989173e-01 -9.949125e+01
9.986306e-01 -6.572459e-04 5.230966e-02 -3.448760e+01 8.177364e-04 9.999950e-01 -3.046653e-03 2.599583e+00 -5.230744e-02 3.085258e-03 9.986263e-01 -1.018008e+02
9.989112e-01 9.741717e-04 -4.664008e-02 -3.513691e+01 -8.833300e-04 9.999977e-01 1.968193e-03 2.654698e+00 4.664185e-02 -1.924851e-03 9.989098e-01 -1.040552e+02
9.986228e-01 -6.058314e-04 5.245818e-02 -3.582302e+01 7.679639e-04 9.999950e-01 -3.070513e-03 2.711336e+00 -5.245610e-02 3.106571e-03 9.986184e-01 -1.063458e+02
9.989165e-01 9.363339e-04 -4.652602e-02 -3.653816e+01 -8.484331e-04 9.999978e-01 1.908901e-03 2.770327e+00 4.652766e-02 -1.867358e-03 9.989153e-01 -1.087320e+02
9.987124e-01 -6.538330e-04 5.072404e-02 -3.702241e+01 7.890558e-04 9.999962e-01 -2.645787e-03 2.812583e+00 -5.072216e-02 2.682405e-03 9.987092e-01 -1.104891e+02
9.988400e-01 8.366331e-04 -4.814371e-02 -3.736498e+01 -7.362723e-04 9.999975e-01 2.102215e-03 2.844398e+00 4.814530e-02 -2.064328e-03 9.988382e-01 -1.118533e+02
9.987301e-01 -6.735527e-04 5.037374e-02 -3.762735e+01 7.993890e-04 9.999966e-01 -2.477862e-03 2.868531e+00 -5.037195e-02 2.514985e-03 9.987274e-01 -1.128948e+02
9.987641e-01 7.775086e-04 -4.969322e-02 -3.783171e+01 -6.678737e-04 9.999973e-01 2.222716e-03 2.886370e+00 4.969477e-02 -2.186779e-03 9.987621e-01 -1.136642e+02
9.986763e-01 -5.942027e-04 5.143008e-02 -3.818161e+01 7.331824e-04 9.999961e-01 -2.683395e-03 2.914236e+00 -5.142833e-02 2.717552e-03 9.986730e-01 -1.148051e+02
9.987732e-01 7.721386e-04 -4.951006e-02 -3.856223e+01 -6.633039e-04 9.999973e-01 2.214541e-03 2.943021e+00 4.951160e-02 -2.178984e-03 9.987712e-01 -1.159612e+02
9.986747e-01 -5.515610e-04 5.146141e-02 -3.898347e+01 6.934122e-04 9.999960e-01 -2.738561e-03 2.973903e+00 -5.145974e-02 2.770617e-03 9.986712e-01 -1.171796e+02
9.988001e-01 8.049464e-04 -4.896448e-02 -3.951127e+01 -7.031119e-04 9.999976e-01 2.096867e-03 3.010062e+00 4.896601e-02 -2.059922e-03 9.987983e-01 -1.185550e+02
9.986595e-01 -4.771352e-04 5.175731e-02 -4.010897e+01 6.229677e-04 9.999959e-01 -2.801443e-03 3.049816e+00 -5.175580e-02 2.829932e-03 9.986558e-01 -1.200365e+02
9.988399e-01 7.521291e-04 -4.814702e-02 -4.071005e+01 -6.548230e-04 9.999977e-01 2.036678e-03 3.091359e+00 4.814840e-02 -2.002786e-03 9.988382e-01 -1.216123e+02
9.986736e-01 -4.514139e-04 5.148450e-02 -4.131940e+01 5.983509e-04 9.999958e-01 -2.838546e-03 3.134928e+00 -5.148304e-02 2.865587e-03 9.986698e-01 -1.232906e+02
9.988764e-01 7.431856e-04 -4.738406e-02 -4.196153e+01 -6.508572e-04 9.999979e-01 1.963825e-03 3.181587e+00 4.738538e-02 -1.930777e-03 9.988748e-01 -1.250984e+02
9.986822e-01 -4.477321e-04 5.131725e-02 -4.256824e+01 5.926277e-04 9.999959e-01 -2.808264e-03 3.226792e+00 -5.131583e-02 2.834977e-03 9.986784e-01 -1.268681e+02
9.988810e-01 7.191682e-04 -4.728688e-02 -4.316294e+01 -6.289104e-04 9.999980e-01 1.923495e-03 3.272987e+00 4.728812e-02 -1.891603e-03 9.988795e-01 -1.287040e+02
9.986645e-01 -3.759874e-04 5.166090e-02 -4.382435e+01 5.235945e-04 9.999958e-01 -2.843647e-03 3.322342e+00 -5.165966e-02 2.866900e-03 9.986606e-01 -1.306330e+02
9.988980e-01 7.014684e-04 -4.692626e-02 -4.454718e+01 -6.174529e-04 9.999982e-01 1.804761e-03 3.375615e+00 4.692740e-02 -1.773797e-03 9.988967e-01 -1.326983e+02
9.986089e-01 -3.009483e-04 5.272572e-02 -4.532439e+01 4.570991e-04 9.999955e-01 -2.949458e-03 3.433598e+00 -5.272465e-02 2.969457e-03 9.986047e-01 -1.349523e+02
9.988862e-01 6.434655e-04 -4.717851e-02 -4.611199e+01 -5.599134e-04 9.999983e-01 1.784093e-03 3.492269e+00 4.717952e-02 -1.755689e-03 9.988849e-01 -1.372354e+02
9.985706e-01 -2.381037e-04 5.344598e-02 -4.691106e+01 4.008895e-04 9.999953e-01 -3.035029e-03 3.555832e+00 -5.344506e-02 3.052118e-03 9.985661e-01 -1.397693e+02
9.988431e-01 5.762742e-04 -4.808267e-02 -4.760534e+01 -4.822504e-04 9.999979e-01 1.966963e-03 3.610906e+00 4.808366e-02 -1.941499e-03 9.988414e-01 -1.419726e+02
9.987360e-01 -3.652592e-04 5.026045e-02 -4.795830e+01 4.902823e-04 9.999968e-01 -2.475125e-03 3.643202e+00 -5.025944e-02 2.496639e-03 9.987331e-01 -1.433560e+02
9.987767e-01 4.621778e-04 -4.944352e-02 -4.810569e+01 -3.567797e-04 9.999976e-01 2.140418e-03 3.670293e+00 4.944435e-02 -2.120158e-03 9.987746e-01 -1.447264e+02
9.987258e-01 -3.457298e-04 5.046306e-02 -4.821152e+01 4.660254e-04 9.999971e-01 -2.372013e-03 3.693846e+00 -5.046214e-02 2.392509e-03 9.987231e-01 -1.459542e+02
9.987543e-01 4.225554e-04 -4.989523e-02 -4.829625e+01 -3.156150e-04 9.999976e-01 2.151087e-03 3.716687e+00 4.989597e-02 -2.132659e-03 9.987521e-01 -1.471707e+02
9.986768e-01 -2.714651e-04 5.142324e-02 -4.849416e+01 4.038176e-04 9.999966e-01 -2.563344e-03 3.744138e+00 -5.142242e-02 2.580719e-03 9.986737e-01 -1.484908e+02
9.987707e-01 4.358878e-04 -4.956485e-02 -4.879267e+01 -3.377915e-04 9.999980e-01 1.987438e-03 3.774885e+00 4.956557e-02 -1.968251e-03 9.987689e-01 -1.498595e+02
9.986733e-01 -2.759802e-04 5.149104e-02 -4.904089e+01 4.021281e-04 9.999969e-01 -2.439485e-03 3.804733e+00 -5.149026e-02 2.456955e-03 9.986705e-01 -1.512441e+02
9.987400e-01 3.760982e-04 -5.018073e-02 -4.919693e+01 -2.737569e-04 9.999979e-01 2.046241e-03 3.836111e+00 5.018135e-02 -2.029925e-03 9.987381e-01 -1.528436e+02
9.985860e-01 -1.714252e-04 5.315882e-02 -4.951797e+01 3.217007e-04 9.999960e-01 -2.818304e-03 3.882266e+00 -5.315817e-02 2.831421e-03 9.985821e-01 -1.550487e+02
9.987930e-01 4.189123e-04 -4.911461e-02 -4.998663e+01 -3.276756e-04 9.999982e-01 1.865596e-03 3.934429e+00 4.911526e-02 -1.847250e-03 9.987914e-01 -1.573940e+02
9.986226e-01 -1.209389e-04 5.246665e-02 -5.050209e+01 2.617183e-04 9.999964e-01 -2.676287e-03 3.979152e+00 -5.246618e-02 2.686333e-03 9.986191e-01 -1.592583e+02
9.987343e-01 2.781570e-04 -5.029473e-02 -5.074714e+01 -1.672366e-04 9.999975e-01 2.209535e-03 4.009439e+00 5.029517e-02 -2.198326e-03 9.987320e-01 -1.606727e+02
9.987005e-01 -1.907973e-04 5.096191e-02 -5.083433e+01 3.164481e-04 9.999969e-01 -2.457457e-03 4.034561e+00 -5.096134e-02 2.470391e-03 9.986976e-01 -1.620151e+02
9.988040e-01 3.720302e-04 -4.889083e-02 -5.115676e+01 -2.801583e-04 9.999982e-01 1.885895e-03 4.067175e+00 4.889139e-02 -1.869942e-03 9.988023e-01 -1.634586e+02
9.986736e-01 -1.333182e-04 5.148656e-02 -5.154759e+01 2.630429e-04 9.999968e-01 -2.512748e-03 4.102244e+00 -5.148611e-02 2.522960e-03 9.986705e-01 -1.649455e+02
