9.896832e-01 1.304843e-03 -1.432674e-01 -1.816751e-01 -8.436798e-04 9.999943e-01 3.279602e-03 3.225966e-02 1.432709e-01 -3.124894e-03 9.896785e-01 -9.574876e-01
9.998235e-01 -1.629140e-05 1.878609e-02 -4.046924e-01 2.332030e-05 9.999999e-01 -3.739263e-04 5.889205e-02 -1.878611e-02 3.742995e-04 9.998234e-01 -1.591901e+00
9.937463e-01 1.184486e-03 -1.116551e-01 -5.444785e-01 -9.347584e-04 9.999969e-01 2.288923e-03 6.220329e-02 1.116575e-01 -2.170237e-03 9.937443e-01 -1.299779e+00
9.996781e-01 3.811590e-04 2.536969e-02 -6.026638e-01 -3.718655e-04 9.999999e-01 -3.710262e-04 5.800724e-02 -2.536988e-02 3.614740e-04 9.996780e-01 -7.588528e-01
9.980479e-01 1.154281e-03 -6.244300e-02 -7.222341e-01 -1.113592e-03 9.999991e-01 6.864212e-04 4.072249e-02 6.244369e-02 -6.155439e-04 9.980482e-01 3.791507e-01
9.989719e-01 -1.411002e-05 4.533265e-02 -8.345701e-01 4.567549e-05 9.999998e-01 -6.952630e-04 2.500320e-02 -4.533267e-02 6.966201e-04 9.989716e-01 1.391468e+00
9.973008e-01 8.482151e-04 -7.341968e-02 -9.217107e-01 -7.896134e-04 9.999993e-01 8.271917e-04 1.679789e-02 7.342029e-02 -7.669845e-04 9.973007e-01 2.004782e+00
9.988909e-01 -1.915174e-04 4.708419e-02 -1.091876e+00 2.175805e-04 9.999998e-01 -5.484094e-04 1.354167e-02 -4.708413e-02 5.580471e-04 9.988907e-01 2.516914e+00
9.979972e-01 9.365902e-04 -6.325060e-02 -1.238647e+00 -9.120492e-04 9.999995e-01 4.168636e-04 3.506489e-03 6.325090e-02 -3.583398e-04 9.979975e-01 3.297207e+00
9.988099e-01 -3.979467e-04 4.877163e-02 -1.390711e+00 4.219187e-04 9.999998e-01 -4.812133e-04 -2.598606e-03 -4.877149e-02 5.012195e-04 9.988097e-01 3.896523e+00
9.980492e-01 1.106868e-03 -6.242302e-02 -1.540636e+00 -1.085851e-03 9.999993e-01 3.705942e-04 -1.160562e-02 6.242333e-02 -3.020879e-04 9.980496e-01 4.630142e+00
9.988248e-01 -7.929779e-06 4.846622e-02 -1.685732e+00 3.225709e-05 9.999999e-01 -5.011527e-04 -2.679148e-02 -4.846627e-02 5.021283e-04 9.988246e-01 5.689647e+00
9.982938e-01 8.546207e-04 -5.838441e-02 -1.798427e+00 -8.322588e-04 9.999996e-01 4.073208e-04 -3.811260e-02 5.838468e-02 -3.580338e-04 9.982940e-01 6.482802e+00
9.985541e-01 -2.543059e-04 5.375492e-02 -1.855398e+00 2.769646e-04 9.999999e-01 -4.140616e-04 -4.652858e-02 -5.375487e-02 4.283522e-04 9.985540e-01 7.005565e+00
9.979504e-01 8.649562e-04 -6.398623e-02 -1.912662e+00 -8.291587e-04 9.999995e-01 5.860037e-04 -5.148105e-02 6.398665e-02 -5.317468e-04 9.979505e-01 7.355043e+00
9.984803e-01 -1.993427e-04 5.510988e-02 -2.014073e+00 2.295086e-04 9.999998e-01 -5.410426e-04 -5.799040e-02 -5.510982e-02 5.528696e-04 9.984801e-01 7.869864e+00
9.981349e-01 7.475687e-04 -6.104232e-02 -2.108209e+00 -7.118196e-04 9.999996e-01 6.073837e-04 -6.144322e-02 6.104268e-02 -5.627987e-04 9.981349e-01 8.235115e+00
9.974372e-01 -1.034370e-03 7.153915e-02 -2.102106e+00 1.100858e-03 9.999990e-01 -8.899673e-04 -6.036578e-02 -7.153822e-02 9.664421e-04 9.974373e-01 8.211777e+00
9.957011e-01 1.617126e-03 -9.261037e-02 -2.124090e+00 -1.463839e-03 9.999974e-01 1.723083e-03 -5.835899e-02 9.261286e-02 -1.580107e-03 9.957008e-01 8.190318e+00
9.973652e-01 -1.102897e-03 7.253577e-02 -2.191271e+00 1.168312e-03 9.999989e-01 -8.593954e-04 -5.467687e-02 -7.253481e-02 9.418766e-04 9.973653e-01 8.173349e+00
9.972285e-01 1.004470e-03 -7.439330e-02 -2.240728e+00 -9.316871e-04 9.999991e-01 1.013039e-03 -5.092657e-02 7.439418e-02 -9.409192e-04 9.972284e-01 8.128826e+00
9.953983e-01 -1.678352e-03 9.580918e-02 -2.274843e+00 1.843266e-03 9.999970e-01 -1.632793e-03 -4.886285e-02 -9.580621e-02 1.801882e-03 9.953983e-01 8.120513e+00
9.953311e-01 1.850709e-03 -9.650126e-02 -2.270570e+00 -1.682491e-03 9.999969e-01 1.824504e-03 -4.742342e-02 9.650428e-02 -1.653622e-03 9.953311e-01 8.076284e+00
9.955405e-01 -1.670808e-03 9.432069e-02 -2.287415e+00 1.828258e-03 9.999971e-01 -1.582906e-03 -4.567680e-02 -9.431783e-02 1.748290e-03 9.955405e-01 8.052471e+00
9.948200e-01 1.961309e-03 -1.016336e-01 -2.342018e+00 -1.764130e-03 9.999964e-01 2.029933e-03 -4.277034e-02 1.016372e-01 -1.840122e-03 9.948197e-01 8.044224e+00
9.935910e-01 -2.094140e-03 1.130152e-01 -2.409595e+00 2.358737e-03 9.999948e-01 -2.207583e-03 -4.000529e-02 -1.130100e-01 2.460009e-03 9.935907e-01 8.052182e+00
9.951921e-01 1.773374e-03 -9.792563e-02 -2.466675e+00 -1.595007e-03 9.999969e-01 1.899700e-03 -3.742237e-02 9.792863e-02 -1.734373e-03 9.951918e-01 8.056181e+00
9.959731e-01 -1.290315e-03 8.964295e-02 -2.379965e+00 1.437788e-03 9.999977e-01 -1.580554e-03 -3.827792e-02 -8.964077e-02 1.703078e-03 9.959726e-01 7.999739e+00
9.949141e-01 1.879964e-03 -1.007097e-01 -2.323035e+00 -1.688982e-03 9.999966e-01 1.981598e-03 -3.842939e-02 1.007130e-01 -1.801422e-03 9.949138e-01 7.944226e+00
9.940513e-01 -1.886803e-03 1.088965e-01 -2.370168e+00 2.120500e-03 9.999957e-01 -2.030282e-03 -3.644644e-02 -1.088923e-01 2.249121e-03 9.940509e-01 7.957293e+00
9.945404e-01 2.010816e-03 -1.043332e-01 -2.388856e+00 -1.800449e-03 9.999962e-01 2.110434e-03 -3.533961e-02 1.043369e-01 -1.911064e-03 9.945401e-01 7.960139e+00
9.942644e-01 -1.785901e-03 1.069346e-01 -2.411754e+00 2.007729e-03 9.999961e-01 -1.966797e-03 -3.432333e-02 -1.069308e-01 2.170213e-03 9.942640e-01 7.974122e+00
9.948158e-01 1.974200e-03 -1.016739e-01 -2.358140e+00 -1.793801e-03 9.999967e-01 1.865692e-03 -3.473641e-02 1.016772e-01 -1.673637e-03 9.948159e-01 7.939485e+00
9.935066e-01 -1.966569e-03 1.137573e-01 -2.305425e+00 2.230065e-03 9.999951e-01 -2.189087e-03 -3.467509e-02 -1.137525e-01 2.428560e-03 9.935061e-01 7.888182e+00
9.950972e-01 1.727744e-03 -9.888684e-02 -2.330077e+00 -1.548532e-03 9.999970e-01 1.889015e-03 -3.359657e-02 9.888975e-02 -1.726623e-03 9.950968e-01 7.916042e+00
9.941813e-01 -1.642588e-03 1.077069e-01 -2.330935e+00 1.872602e-03 9.999962e-01 -2.034445e-03 -3.275064e-02 -1.077032e-01 2.224300e-03 9.941805e-01 7.911909e+00
9.947153e-01 1.886741e-03 -1.026543e-01 -2.312901e+00 -1.693169e-03 9.999966e-01 1.972767e-03 -3.309886e-02 1.026576e-01 -1.788530e-03 9.947150e-01 7.927713e+00
9.936937e-01 -1.817059e-03 1.121137e-01 -2.346438e+00 2.065560e-03 9.999957e-01 -2.100382e-03 -3.133372e-02 -1.121095e-01 2.318715e-03 9.936931e-01 7.940970e+00
9.937670e-01 2.559664e-03 -1.114479e-01 -2.328870e+00 -2.351416e-03 9.999952e-01 1.999962e-03 -2.370156e-02 1.114524e-01 -1.725435e-03 9.937682e-01 7.543069e+00
9.937105e-01 -1.876913e-03 1.119635e-01 -2.301033e+00 2.110937e-03 9.999958e-01 -1.971670e-03 -1.682158e-02 -1.119594e-01 2.195618e-03 9.937103e-01 7.154285e+00
9.934834e-01 2.497967e-03 -1.139491e-01 -2.379127e+00 -2.256632e-03 9.999949e-01 2.246864e-03 -1.962349e-02 1.139541e-01 -1.975080e-03 9.934840e-01 7.441807e+00
9.939133e-01 -1.809537e-03 1.101500e-01 -2.482311e+00 2.037077e-03 9.999960e-01 -1.953224e-03 -2.297744e-02 -1.101461e-01 2.165720e-03 9.939130e-01 7.808155e+00
9.937005e-01 2.689984e-03 -1.120364e-01 -2.395171e+00 -2.516329e-03 9.999954e-01 1.691366e-03 -1.268168e-02 1.120404e-01 -1.398790e-03 9.937026e-01 7.188586e+00
9.943205e-01 -1.135937e-03 1.064207e-01 -1.955013e+00 1.402981e-03 9.999961e-01 -2.434486e-03 -6.187939e-05 -1.064176e-01 2.569966e-03 9.943181e-01 5.948258e+00
9.937635e-01 2.600688e-03 -1.114783e-01 -1.477372e+00 -2.453181e-03 9.999959e-01 1.460327e-03 1.117299e-02 1.114816e-01 -1.177742e-03 9.937657e-01 4.728596e+00
9.939182e-01 -1.500285e-03 1.101108e-01 -1.295143e+00 1.709993e-03 9.999969e-01 -1.810112e-03 2.391574e-02 -1.101078e-01 1.987393e-03 9.939176e-01 3.828857e+00
9.937585e-01 2.030709e-03 -1.115346e-01 -1.361050e+00 -1.814244e-03 9.999963e-01 2.042249e-03 2.210255e-02 1.115382e-01 -1.827151e-03 9.937584e-01 4.036692e+00
9.928113e-01 -1.834823e-03 1.196763e-01 -1.396485e+00 2.102259e-03 9.999956e-01 -2.108455e-03 2.295614e-02 -1.196720e-01 2.344889e-03 9.928106e-01 4.099081e+00
9.939279e-01 1.830688e-03 -1.100182e-01 -1.454273e+00 -1.617939e-03 9.999966e-01 2.023001e-03 2.475251e-02 1.100215e-01 -1.832714e-03 9.939274e-01 4.152654e+00
9.942648e-01 -1.317987e-03 1.069382e-01 -1.519582e+00 1.511838e-03 9.999974e-01 -1.731689e-03 2.573700e-02 -1.069357e-01 1.883431e-03 9.942641e-01 4.217902e+00
9.939332e-01 1.839360e-03 -1.099702e-01 -1.479453e+00 -1.648791e-03 9.999970e-01 1.823827e-03 2.793561e-02 1.099731e-01 -1.631444e-03 9.939331e-01 4.066221e+00
9.941949e-01 -6.707338e-04 1.075920e-01 -1.380591e+00 9.179111e-04 9.999971e-01 -2.247847e-03 4.430070e-02 -1.075903e-01 2.333558e-03 9.941925e-01 3.123905e+00
9.937167e-01 2.164728e-03 -1.119035e-01 -1.191662e+00 -2.026362e-03 9.999970e-01 1.350198e-03 7.235097e-02 1.119061e-01 -1.114957e-03 9.937181e-01 1.471459e+00
9.941393e-01 -8.703309e-04 1.081029e-01 -1.016547e+00 1.075222e-03 9.999977e-01 -1.837064e-03 9.190758e-02 -1.081011e-01 1.942532e-03 9.941379e-01 2.498545e-01
9.932727e-01 2.081777e-03 -1.157800e-01 -5.930106e-01 -1.957290e-03 9.999974e-01 1.188880e-03 1.005839e-01 1.157821e-01 -9.542670e-04 9.932741e-01 -7.630283e-01
9.939738e-01 -5.058856e-04 1.096166e-01 1.725941e-02 7.426141e-04 9.999975e-01 -2.118791e-03 1.073902e-01 -1.096153e-01 2.187425e-03 9.939716e-01 -1.952283e+00
9.933052e-01 1.447812e-03 -1.155104e-01 3.272086e-01 -1.258171e-03 9.999977e-01 1.714661e-03 1.105432e-01 1.155126e-01 -1.557850e-03 9.933047e-01 -2.550246e+00
9.946003e-01 -8.134639e-04 1.037767e-01 3.034817e-01 9.494155e-04 9.999988e-01 -1.260650e-03 1.101811e-01 -1.037756e-01 1.352370e-03 9.945997e-01 -2.471216e+00
9.953932e-01 7.444986e-04 -9.587373e-02 2.337180e-01 -6.451311e-04 9.999992e-01 1.067435e-03 1.125415e-01 9.587439e-02 -1.000667e-03 9.953928e-01 -2.436707e+00
9.949557e-01 -4.045592e-04 1.003145e-01 1.897649e-01 5.342188e-04 9.999991e-01 -1.265673e-03 1.189332e-01 -1.003139e-01 1.312878e-03 9.949549e-01 -2.676653e+00
9.947346e-01 1.445190e-03 -1.024738e-01 2.617109e-01 -1.384045e-03 9.999988e-01 6.677838e-04 1.390826e-01 1.024746e-01 -5.224398e-04 9.947354e-01 -3.771648e+00
9.950276e-01 -1.600742e-04 9.959934e-02 3.754736e-01 2.929036e-04 9.999991e-01 -1.319017e-03 1.634371e-01 -9.959910e-02 1.341631e-03 9.950267e-01 -5.141427e+00
9.947158e-01 1.324693e-03 -1.026583e-01 4.898716e-01 -1.269879e-03 9.999990e-01 5.992923e-04 1.867378e-01 1.026590e-01 -4.657625e-04 9.947164e-01 -6.461015e+00
9.949522e-01 -1.819224e-04 1.003495e-01 6.577644e-01 3.050049e-04 9.999992e-01 -1.211199e-03 2.038726e-01 -1.003493e-01 1.235692e-03 9.949514e-01 -7.547932e+00
9.948850e-01 1.088452e-03 -1.010082e-01 8.454888e-01 -1.032925e-03 9.999993e-01 6.020215e-04 2.135010e-01 1.010087e-01 -4.946091e-04 9.948853e-01 -8.297115e+00
9.950393e-01 -4.760547e-05 9.948210e-02 9.748326e-01 1.612092e-04 9.999993e-01 -1.133916e-03 2.288644e-01 -9.948204e-02 1.144327e-03 9.950386e-01 -9.248370e+00
9.948528e-01 1.096634e-03 -1.013242e-01 1.035065e+00 -1.052318e-03 9.999993e-01 4.908225e-04 2.499012e-01 1.013246e-01 -3.816719e-04 9.948533e-01 -1.037748e+01
9.942756e-01 -3.872194e-04 1.068447e-01 1.151800e+00 5.034179e-04 9.999993e-01 -1.060580e-03 2.617623e-01 -1.068442e-01 1.108296e-03 9.942751e-01 -1.115072e+01
9.951494e-01 4.142633e-04 -9.837418e-02 1.106310e+00 -3.369704e-04 9.999996e-01 8.023203e-04 2.618787e-01 9.837441e-02 -7.652805e-04 9.951491e-01 -1.101610e+01
9.953218e-01 6.334826e-04 9.661272e-02 1.205814e+00 -5.018849e-04 9.999989e-01 -1.386414e-03 2.779160e-01 -9.661355e-02 1.331438e-03 9.953210e-01 -1.194724e+01
9.952098e-01 1.283085e-04 -9.776214e-02 1.271379e+00 -3.810786e-05 9.999996e-01 9.245245e-04 2.896462e-01 9.776215e-02 -9.163716e-04 9.952093e-01 -1.262965e+01
9.952201e-01 1.784448e-04 9.765720e-02 1.186915e+00 -9.363194e-05 9.999996e-01 -8.730619e-04 2.927148e-01 -9.765738e-02 8.597437e-04 9.952196e-01 -1.263245e+01
9.951692e-01 2.008183e-04 -9.817461e-02 1.089706e+00 -1.108877e-04 9.999996e-01 9.214869e-04 2.936137e-01 9.817469e-02 -9.061503e-04 9.951687e-01 -1.248657e+01
9.947160e-01 3.227664e-05 1.026649e-01 1.038516e+00 7.367692e-05 9.999995e-01 -1.028245e-03 2.928541e-01 -1.026649e-01 1.030375e-03 9.947154e-01 -1.230496e+01
9.957402e-01 -1.485152e-05 -9.220348e-02 1.054642e+00 7.502118e-05 9.999998e-01 6.491126e-04 2.900687e-01 9.220339e-02 -6.532660e-04 9.957399e-01 -1.211824e+01
9.944983e-01 -4.080498e-05 1.047523e-01 1.151551e+00 1.685976e-04 9.999993e-01 -1.211100e-03 2.862016e-01 -1.047523e-01 1.222096e-03 9.944975e-01 -1.202112e+01
9.952139e-01 1.679470e-04 -9.771992e-02 1.155349e+00 -7.479347e-05 9.999995e-01 9.569367e-04 2.852007e-01 9.771998e-02 -9.450493e-04 9.952134e-01 -1.192278e+01
9.951394e-01 2.115855e-04 9.847554e-02 1.094763e+00 -1.221542e-04 9.999996e-01 -9.141909e-04 2.845330e-01 -9.847575e-02 8.977169e-04 9.951390e-01 -1.175692e+01
9.953698e-01 6.279237e-05 -9.611938e-02 1.065642e+00 1.750743e-05 9.999997e-01 8.345776e-04 2.846293e-01 9.611935e-02 -8.323975e-04 9.953694e-01 -1.168866e+01
9.949507e-01 1.718883e-04 1.003646e-01 1.091535e+00 -6.632494e-05 9.999994e-01 -1.055139e-03 2.832751e-01 -1.003648e-01 1.043153e-03 9.949501e-01 -1.163185e+01
9.949729e-01 2.425088e-04 -1.001444e-01 1.229268e+00 -1.619669e-04 9.999997e-01 8.123911e-04 2.774917e-01 1.001445e-01 -7.920885e-04 9.949725e-01 -1.153616e+01
9.949436e-01 1.891718e-04 1.004349e-01 1.374503e+00 -8.524148e-05 9.999995e-01 -1.039099e-03 2.718183e-01 -1.004350e-01 1.025282e-03 9.949430e-01 -1.146027e+01
9.950841e-01 1.082783e-04 -9.903290e-02 1.370990e+00 -1.545528e-05 9.999996e-01 9.380650e-04 2.720928e-01 9.903290e-02 -9.319245e-04 9.950836e-01 -1.144493e+01
9.950864e-01 3.057687e-04 9.900979e-02 1.421916e+00 -1.980397e-04 9.999994e-01 -1.097895e-03 2.715797e-01 -9.901012e-02 1.072891e-03 9.950858e-01 -1.148353e+01
9.950000e-01 1.167369e-04 -9.987517e-02 1.546107e+00 -3.224587e-05 9.999996e-01 8.475840e-04 2.675287e-01 9.987518e-02 -8.401270e-04 9.949995e-01 -1.145997e+01
9.950168e-01 3.382206e-04 9.970673e-02 1.543876e+00 -2.518499e-04 9.999996e-01 -8.788375e-04 2.642998e-01 -9.970704e-02 8.493455e-04 9.950164e-01 -1.127743e+01
9.950563e-01 8.023637e-05 -9.931253e-02 1.532684e+00 1.272463e-06 9.999997e-01 8.206710e-04 2.616205e-01 9.931251e-02 -8.167418e-04 9.950559e-01 -1.110352e+01
9.951839e-01 3.482359e-04 9.802462e-02 1.483829e+00 -2.729284e-04 9.999997e-01 -7.816644e-04 2.600712e-01 -9.802492e-02 7.511446e-04 9.951836e-01 -1.093346e+01
9.950832e-01 9.397332e-06 -9.904273e-02 1.388346e+00 7.213411e-05 9.999997e-01 8.196177e-04 2.613195e-01 9.904264e-02 -8.227338e-04 9.950828e-01 -1.081575e+01
9.947023e-01 1.591563e-04 1.027974e-01 1.328533e+00 -6.503742e-05 9.999996e-01 -9.189330e-04 2.628744e-01 -1.027975e-01 9.073775e-04 9.947018e-01 -1.075982e+01
9.954318e-01 -1.245479e-04 -9.547490e-02 1.291814e+00 1.880383e-04 9.999998e-01 6.560030e-04 2.631515e-01 9.547474e-02 -6.709608e-04 9.954315e-01 -1.065936e+01
9.952805e-01 4.333174e-04 9.703860e-02 1.290437e+00 -3.621015e-04 9.999997e-01 -7.515072e-04 2.612980e-01 -9.703895e-02 7.128210e-04 9.952802e-01 -1.054561e+01
9.950603e-01 -3.771691e-05 -9.927223e-02 1.327005e+00 1.065159e-04 9.999998e-01 6.877374e-04 2.594173e-01 9.927213e-02 -6.949159e-04 9.950600e-01 -1.049737e+01
9.952406e-01 4.407811e-04 9.744711e-02 1.401172e+00 -3.659977e-04 9.999996e-01 -7.853047e-04 2.571807e-01 -9.744748e-02 7.459000e-04 9.952403e-01 -1.050052e+01
9.952173e-01 -9.988568e-05 -9.768602e-02 1.480295e+00 1.597868e-04 9.999998e-01 6.053818e-04 2.542634e-01 9.768589e-02 -6.180970e-04 9.952170e-01 -1.046787e+01
9.952749e-01 4.859694e-04 9.709597e-02 1.580348e+00 -4.121935e-04 9.999996e-01 -7.798878e-04 2.512713e-01 -9.709637e-02 7.361788e-04 9.952746e-01 -1.046133e+01
9.948875e-01 -7.604331e-05 -1.009890e-01 1.561299e+00 1.580106e-04 9.999997e-01 8.036511e-04 2.506321e-01 1.009889e-01 -8.155015e-04 9.948871e-01 -1.038593e+01
9.951349e-01 5.126095e-04 9.852062e-02 1.481180e+00 -4.393008e-04 9.999996e-01 -7.657918e-04 2.484912e-01 -9.852103e-02 7.187842e-04 9.951346e-01 -1.013671e+01
9.952165e-01 -2.387221e-04 -9.769332e-02 1.408484e+00 3.111632e-04 9.999997e-01 7.262842e-04 2.486548e-01 9.769306e-02 -7.532103e-04 9.952162e-01 -9.999498e+00
9.950215e-01 4.818606e-04 9.965970e-02 1.359413e+00 -4.056916e-04 9.999996e-01 -7.845620e-04 2.489295e-01 -9.966010e-02 7.402233e-04 9.950212e-01 -9.914141e+00
9.947263e-01 -5.345104e-05 -1.025650e-01 1.296269e+00 1.277866e-04 9.999997e-01 7.181991e-04 2.447175e-01 1.025649e-01 -7.275197e-04 9.947260e-01 -9.578664e+00
9.956691e-01 5.586251e-04 9.296591e-02 1.174028e+00 -4.826205e-04 9.999995e-01 -8.400399e-04 2.393392e-01 -9.296639e-02 7.915328e-04 9.956688e-01 -9.074594e+00
9.950536e-01 -6.180416e-05 -9.933922e-02 1.060773e+00 1.393508e-04 9.999997e-01 7.736905e-04 2.358457e-01 9.933908e-02 -7.837083e-04 9.950532e-01 -8.686514e+00
9.956905e-01 5.467176e-04 9.273682e-02 9.706691e-01 -4.693858e-04 9.999995e-01 -8.557006e-04 2.315046e-01 -9.273730e-02 8.084819e-04 9.956902e-01 -8.295084e+00
9.951628e-01 -1.986529e-05 -9.823968e-02 1.082616e+00 7.731790e-05 9.999998e-01 5.810189e-04 2.235459e-01 9.823959e-02 -5.858059e-04 9.951625e-01 -8.062737e+00
9.956870e-01 5.681381e-04 9.277404e-02 1.157545e+00 -4.938425e-04 9.999995e-01 -8.237863e-04 2.161236e-01 -9.277453e-02 7.744158e-04 9.956868e-01 -7.792792e+00
9.950544e-01 -1.090710e-04 -9.933086e-02 9.923361e-01 1.899883e-04 9.999997e-01 8.051704e-04 2.202009e-01 9.933068e-02 -8.200619e-04 9.950540e-01 -7.740765e+00
9.953156e-01 6.828885e-04 9.667635e-02 9.818916e-01 -5.893077e-04 9.999993e-01 -9.965362e-04 2.229302e-01 -9.667702e-02 9.348941e-04 9.953153e-01 -7.870678e+00
9.946892e-01 -1.184847e-04 -1.029241e-01 8.221682e-01 2.118136e-04 9.999996e-01 8.958509e-04 2.305355e-01 1.029239e-01 -9.128958e-04 9.946887e-01 -8.025262e+00
9.949566e-01 6.875145e-04 1.003041e-01 6.908189e-01 -5.977664e-04 9.999994e-01 -9.248184e-04 2.339782e-01 -1.003047e-01 8.601939e-04 9.949563e-01 -7.998669e+00
9.947312e-01 -2.285450e-04 -1.025173e-01 5.926347e-01 3.175009e-04 9.999996e-01 8.514045e-04 2.325126e-01 1.025170e-01 -8.794699e-04 9.947308e-01 -7.750117e+00
9.950417e-01 7.126205e-04 9.945612e-02 4.677414e-01 -6.299192e-04 9.999994e-01 -8.629426e-04 2.342201e-01 -9.945674e-02 7.960126e-04 9.950415e-01 -7.641267e+00
9.951850e-01 -3.336589e-04 -9.801412e-02 4.385526e-01 4.103187e-04 9.999996e-01 7.619800e-04 2.310289e-01 9.801377e-02 -7.985301e-04 9.951846e-01 -7.401819e+00
9.947960e-01 6.045129e-04 1.018844e-01 4.479404e-01 -5.117681e-04 9.999994e-01 -9.364371e-04 2.279038e-01 -1.018850e-01 8.794208e-04 9.947957e-01 -7.222443e+00
9.951342e-01 -2.838326e-04 -9.852865e-02 4.282264e-01 3.629961e-04 9.999996e-01 7.855376e-04 2.245266e-01 9.852833e-02 -8.174828e-04 9.951338e-01 -6.975635e+00
9.951445e-01 7.039033e-04 9.842241e-02 3.577574e-01 -6.269353e-04 9.999995e-01 -8.129489e-04 2.209117e-01 -9.842299e-02 7.472952e-04 9.951443e-01 -6.636029e+00
9.950101e-01 -2.337244e-04 -9.977344e-02 2.865984e-01 3.139224e-04 9.999996e-01 7.881074e-04 2.169506e-01 9.977315e-02 -8.154980e-04 9.950098e-01 -6.293736e+00
9.948534e-01 5.979892e-04 1.013230e-01 2.317008e-01 -5.102658e-04 9.999995e-01 -8.917025e-04 2.129037e-01 -1.013235e-01 8.354096e-04 9.948531e-01 -5.946465e+00
9.954173e-01 -4.624423e-04 -9.562506e-02 1.975325e-01 5.267051e-04 9.999997e-01 6.467946e-04 2.106099e-01 9.562466e-02 -6.941988e-04 9.954171e-01 -5.709275e+00
9.954481e-01 9.413067e-04 9.530046e-02 1.457162e-01 -8.765281e-04 9.999994e-01 -7.215975e-04 2.046090e-01 -9.530114e-02 6.347773e-04 9.954482e-01 -5.286332e+00
9.951594e-01 -2.840752e-04 -9.827296e-02 7.164470e-02 3.461537e-04 9.999998e-01 6.146509e-04 1.960681e-01 9.827270e-02 -6.456952e-04 9.951592e-01 -4.695252e+00
9.950771e-01 6.859893e-04 9.910103e-02 7.388707e-03 -6.209071e-04 9.999996e-01 -6.875734e-04 1.918092e-01 -9.910152e-02 6.226539e-04 9.950770e-01 -4.319967e+00
9.958864e-01 -6.824178e-04 -9.060750e-02 -3.200306e-02 7.152538e-04 9.999997e-01 3.299352e-04 1.909142e-01 9.060718e-02 -3.933874e-04 9.958865e-01 -4.134537e+00
9.947179e-01 5.617175e-04 1.026448e-01 -4.655357e-02 -4.802970e-04 9.999996e-01 -8.179467e-04 1.893452e-01 -1.026453e-01 7.643241e-04 9.947176e-01 -3.951493e+00
9.954131e-01 -4.317529e-04 -9.566852e-02 -5.464081e-02 4.868053e-04 9.999997e-01 5.521170e-04 1.862598e-01 9.566820e-02 -5.961587e-04 9.954130e-01 -3.720807e+00
9.948901e-01 6.450771e-04 1.009614e-01 -7.317868e-02 -5.702794e-04 9.999995e-01 -7.697223e-04 1.838474e-01 -1.009619e-01 7.082108e-04 9.948900e-01 -3.513979e+00
9.957372e-01 -6.640050e-04 -9.223297e-02 -9.579311e-02 7.060047e-04 9.999997e-01 4.227442e-04 1.833218e-01 9.223260e-02 -4.860613e-04 9.957373e-01 -3.387169e+00
9.941784e-01 2.738735e-04 1.077464e-01 -1.779025e-01 -1.564150e-04 9.999994e-01 -1.098595e-03 1.878454e-01 -1.077467e-01 1.075344e-03 9.941777e-01 -3.382289e+00
9.955328e-01 -5.341672e-04 -9.441490e-02 -2.267226e-01 5.921458e-04 9.999997e-01 5.860731e-04 1.895470e-01 9.441450e-02 -6.393647e-04 9.955327e-01 -3.307456e+00
9.935732e-01 1.148550e-04 1.131912e-01 -2.626870e-01 3.292897e-05 9.999991e-01 -1.303749e-03 1.908150e-01 -1.131913e-01 1.299096e-03 9.935723e-01 -3.213918e+00
9.956541e-01 -7.277073e-04 -9.312505e-02 -3.216094e-01 7.868606e-04 9.999995e-01 5.984923e-04 1.939710e-01 9.312452e-02 -6.691702e-04 9.956541e-01 -3.178902e+00
9.936577e-01 2.386993e-04 1.124470e-01 -3.492682e-01 -8.696421e-05 9.999991e-01 -1.354302e-03 1.954755e-01 -1.124472e-01 1.335931e-03 9.936567e-01 -3.129158e+00
9.945307e-01 -2.023510e-04 -1.044446e-01 -3.713881e-01 3.165855e-04 9.999994e-01 1.077160e-03 1.953888e-01 1.044442e-01 -1.104337e-03 9.945300e-01 -3.051866e+00
9.940153e-01 3.956990e-04 1.092403e-01 -4.264871e-01 -2.605080e-04 9.999992e-01 -1.251832e-03 1.962551e-01 -1.092408e-01 1.215880e-03 9.940145e-01 -2.962867e+00
9.954904e-01 -7.371254e-04 -9.485968e-02 -5.002113e-01 8.057238e-04 9.999994e-01 6.848623e-04 1.993840e-01 9.485907e-02 -7.582070e-04 9.954903e-01 -2.917993e+00
9.933830e-01 1.990443e-04 1.148482e-01 -5.620621e-01 -2.831798e-05 9.999989e-01 -1.488175e-03 2.026298e-01 -1.148484e-01 1.475073e-03 9.933818e-01 -2.883764e+00
9.948286e-01 -4.454997e-04 -1.015672e-01 -6.190861e-01 5.519960e-04 9.999993e-01 1.020433e-03 2.042206e-01 1.015666e-01 -1.071223e-03 9.948281e-01 -2.798503e+00
9.941907e-01 5.890528e-04 1.076315e-01 -6.713422e-01 -4.553591e-04 9.999991e-01 -1.266722e-03 2.037003e-01 -1.076322e-01 1.210350e-03 9.941900e-01 -2.631681e+00
9.947582e-01 -4.537290e-04 -1.022543e-01 -7.408318e-01 5.628692e-04 9.999993e-01 1.038494e-03 2.044316e-01 1.022537e-01 -1.090609e-03 9.947577e-01 -2.499948e+00
9.929811e-01 2.309382e-04 1.182730e-01 -7.761060e-01 -3.093705e-05 9.999986e-01 -1.692852e-03 2.049386e-01 -1.182733e-01 1.677308e-03 9.929796e-01 -2.376757e+00
9.954002e-01 -8.332017e-04 -9.580017e-02 -7.881467e-01 9.260847e-04 9.999991e-01 9.250962e-04 2.063875e-01 9.579928e-02 -1.009563e-03 9.954001e-01 -2.344622e+00
9.946301e-01 8.645158e-04 1.034897e-01 -8.347576e-01 -7.370160e-04 9.999989e-01 -1.270245e-03 2.072650e-01 -1.034907e-01 1.187148e-03 9.946296e-01 -2.254562e+00
9.953571e-01 -7.772090e-04 -9.624774e-02 -8.989969e-01 8.728354e-04 9.999992e-01 9.514510e-04 2.076646e-01 9.624688e-02 -1.031045e-03 9.953569e-01 -2.095621e+00
9.946146e-01 8.284187e-04 1.036391e-01 -9.850489e-01 -6.978858e-04 9.999989e-01 -1.295757e-03 2.095129e-01 -1.036401e-01 1.216448e-03 9.946140e-01 -1.973469e+00
9.952281e-01 -7.226934e-04 -9.757270e-02 -1.061095e+00 8.276512e-04 9.999991e-01 1.035222e-03 2.102026e-01 9.757183e-02 -1.111041e-03 9.952278e-01 -1.816554e+00
9.943826e-01 7.581610e-04 1.058428e-01 -1.130133e+00 -6.107805e-04 9.999988e-01 -1.424861e-03 2.113972e-01 -1.058438e-01 1.352207e-03 9.943818e-01 -1.693751e+00
9.961821e-01 -1.231542e-03 -8.729144e-02 -1.167148e+00 1.299789e-03 9.999989e-01 7.250033e-04 2.123979e-01 8.729041e-02 -8.356987e-04 9.961825e-01 -1.594918e+00
9.959350e-01 1.509745e-03 9.006217e-02 -1.233469e+00 -1.429509e-03 9.999985e-01 -9.554087e-04 2.079318e-01 -9.006352e-02 8.227773e-04 9.959356e-01 -1.188565e+00
9.958679e-01 -1.032815e-03 -9.080782e-02 -1.307929e+00 1.109826e-03 9.999991e-01 7.975787e-04 2.035593e-01 9.080688e-02 -8.950669e-04 9.958680e-01 -7.978851e-01
9.950750e-01 1.086999e-03 9.911855e-02 -1.340278e+00 -9.728407e-04 9.999988e-01 -1.200071e-03 2.031161e-01 -9.911977e-02 1.097731e-03 9.950748e-01 -6.596459e-01
9.965367e-01 -1.470081e-03 -8.314057e-02 -1.383222e+00 1.520453e-03 9.999987e-01 5.425581e-04 2.038490e-01 8.313963e-02 -6.670935e-04 9.965376e-01 -5.443179e-01
9.944334e-01 8.425315e-04 1.053634e-01 -1.412992e+00 -6.888597e-04 9.999986e-01 -1.494882e-03 2.046687e-01 -1.053645e-01 1.413977e-03 9.944326e-01 -4.500877e-01
9.965890e-01 -1.426837e-03 -8.251285e-02 -1.411567e+00 1.485105e-03 9.999987e-01 6.447939e-04 2.029032e-01 8.251180e-02 -7.651380e-04 9.965897e-01 -2.557832e-01
9.946499e-01 8.890429e-04 1.032992e-01 -1.430756e+00 -7.370930e-04 9.999986e-01 -1.509137e-03 2.027247e-01 -1.033004e-01 1.424919e-03 9.946491e-01 -1.356196e-01
9.957633e-01 -1.030556e-03 -9.194805e-02 -1.481388e+00 1.133217e-03 9.999988e-01 1.064317e-03 2.029781e-01 9.194682e-02 -1.164008e-03 9.957631e-01 1.675509e-03
9.951252e-01 1.177510e-03 9.861217e-02 -1.521043e+00 -1.043947e-03 9.999985e-01 -1.406016e-03 2.021200e-01 -9.861370e-02 1.296213e-03 9.951248e-01 1.644995e-01
9.960272e-01 -1.143127e-03 -8.904170e-02 -1.516248e+00 1.234135e-03 9.999988e-01 9.670366e-04 1.996838e-01 8.904046e-02 -1.073088e-03 9.960273e-01 3.301637e-01
9.950587e-01 1.141224e-03 9.928184e-02 -1.535384e+00 -1.003610e-03 9.999985e-01 -1.436029e-03 1.988757e-01 -9.928334e-02 1.329290e-03 9.950582e-01 4.597900e-01
9.960835e-01 -1.181492e-03 -8.840993e-02 -1.544715e+00 1.271164e-03 9.999987e-01 9.579930e-04 1.976096e-01 8.840866e-02 -1.066628e-03 9.960836e-01 5.994449e-01
9.955547e-01 1.324119e-03 9.417603e-02 -1.587356e+00 -1.211607e-03 9.999985e-01 -1.251873e-03 1.972082e-01 -9.417756e-02 1.132200e-03 9.955547e-01 7.418033e-01
9.959308e-01 -1.153160e-03 -9.011411e-02 -1.661959e+00 1.251192e-03 9.999987e-01 1.031384e-03 1.983761e-01 9.011279e-02 -1.139941e-03 9.959308e-01 8.517355e-01
9.960454e-01 1.559390e-03 8.883168e-02 -1.759182e+00 -1.470572e-03 9.999984e-01 -1.065286e-03 1.988841e-01 -8.883322e-02 9.304367e-04 9.960460e-01 1.010414e+00
9.964762e-01 -1.417091e-03 -8.386391e-02 -1.829177e+00 1.486961e-03 9.999986e-01 7.706874e-04 1.990845e-01 8.386268e-02 -8.926776e-04 9.964768e-01 1.168029e+00
9.952336e-01 1.218081e-03 9.751160e-02 -1.877632e+00 -1.084622e-03 9.999984e-01 -1.421649e-03 1.997537e-01 -9.751319e-02 1.309106e-03 9.952333e-01 1.287371e+00
9.964580e-01 -1.465024e-03 -8.407902e-02 -1.923799e+00 1.543925e-03 9.999984e-01 8.734051e-04 2.003087e-01 8.407760e-02 -1.000127e-03 9.964586e-01 1.410551e+00
9.959595e-01 1.565413e-03 8.978996e-02 -1.982321e+00 -1.463690e-03 9.999982e-01 -1.198745e-03 2.004597e-01 -8.979169e-02 1.062473e-03 9.959599e-01 1.546298e+00
9.962726e-01 -1.380719e-03 -8.625014e-02 -2.044745e+00 1.468158e-03 9.999985e-01 9.503528e-04 2.001646e-01 8.624868e-02 -1.073443e-03 9.962730e-01 1.703009e+00
9.961164e-01 1.627206e-03 8.803089e-02 -2.104378e+00 -1.531929e-03 9.999982e-01 -1.149865e-03 2.001742e-01 -8.803261e-02 1.010539e-03 9.961170e-01 1.824752e+00
9.965075e-01 -1.587640e-03 -8.348875e-02 -2.160955e+00 1.664178e-03 9.999983e-01 8.471666e-04 2.013995e-01 8.348724e-02 -9.831516e-04 9.965083e-01 1.888229e+00
9.970546e-01 2.013912e-03 7.666908e-02 -2.246679e+00 -1.956409e-03 9.999977e-01 -8.251202e-04 2.008472e-01 -7.667059e-02 6.726901e-04 9.970562e-01 2.073138e+00
9.960204e-01 -1.442421e-03 -8.911385e-02 -2.310458e+00 1.539749e-03 9.999983e-01 1.023449e-03 2.010522e-01 8.911220e-02 -1.156593e-03 9.960208e-01 2.191041e+00
9.964975e-01 1.970140e-03 8.359974e-02 -2.403718e+00 -1.888022e-03 9.999977e-01 -1.061323e-03 1.993564e-01 -8.360166e-02 8.997641e-04 9.964987e-01 2.434181e+00
9.958502e-01 -1.468030e-03 -9.099573e-02 -2.475334e+00 1.573489e-03 9.999982e-01 1.087209e-03 1.999326e-01 9.099395e-02 -1.225882e-03 9.958506e-01 2.534122e+00
9.965889e-01 1.929519e-03 8.250409e-02 -2.565176e+00 -1.857103e-03 9.999978e-01 -9.544667e-04 2.012456e-01 -8.250577e-02 7.979887e-04 9.965902e-01 2.631619e+00
9.962794e-01 -1.545118e-03 -8.616816e-02 -2.588366e+00 1.623130e-03 9.999983e-01 8.352863e-04 2.016977e-01 8.616671e-02 -9.720442e-04 9.962802e-01 2.668121e+00
9.960137e-01 1.758842e-03 8.918273e-02 -2.620667e+00 -1.665034e-03 9.999980e-01 -1.126261e-03 2.049511e-01 -8.918455e-02 9.732755e-04 9.960145e-01 2.572579e+00
9.961238e-01 -1.472121e-03 -8.795032e-02 -2.685729e+00 1.563223e-03 9.999983e-01 9.669681e-04 2.041516e-01 8.794873e-02 -1.100709e-03 9.961243e-01 2.747604e+00
9.958238e-01 1.699323e-03 9.128012e-02 -2.731920e+00 -1.595530e-03 9.999980e-01 -1.210047e-03 2.030152e-01 -9.128201e-02 1.059350e-03 9.958244e-01 2.925286e+00
9.968238e-01 -1.895533e-03 -7.961665e-02 -2.779598e+00 1.954799e-03 9.999979e-01 6.664578e-04 2.042242e-01 7.961520e-02 -8.199791e-04 9.968252e-01 3.008994e+00
9.960611e-01 1.830403e-03 8.865087e-02 -2.849299e+00 -1.736293e-03 9.999978e-01 -1.138688e-03 2.054173e-01 -8.865278e-02 9.802754e-04 9.960620e-01 3.134285e+00
9.962633e-01 -1.566439e-03 -8.635372e-02 -2.919107e+00 1.656062e-03 9.999982e-01 9.662406e-04 2.049533e-01 8.635203e-02 -1.105641e-03 9.962640e-01 3.316211e+00
9.964472e-01 1.995524e-03 8.419658e-02 -3.006989e+00 -1.915850e-03 9.999976e-01 -1.027074e-03 2.042438e-01 -8.419845e-02 8.621136e-04 9.964485e-01 3.505538e+00
9.964498e-01 -1.552603e-03 -8.417485e-02 -3.053394e+00 1.633125e-03 9.999983e-01 8.877618e-04 2.018332e-01 8.417331e-02 -1.022082e-03 9.964505e-01 3.723705e+00
9.965476e-01 1.990762e-03 8.299966e-02 -3.138731e+00 -1.916779e-03 9.999977e-01 -9.710499e-04 2.006851e-01 -8.300142e-02 8.086017e-04 9.965490e-01 3.945216e+00
9.963332e-01 -1.497113e-03 -8.554493e-02 -3.213366e+00 1.576285e-03 9.999984e-01 8.579650e-04 1.978587e-01 8.554349e-02 -9.896659e-04 9.963338e-01 4.219896e+00
9.967896e-01 2.041210e-03 8.003989e-02 -3.283384e+00 -1.975586e-03 9.999976e-01 -8.990785e-04 1.954649e-01 -8.004155e-02 7.380628e-04 9.967912e-01 4.461917e+00
9.959271e-01 -1.406799e-03 -9.015130e-02 -3.299234e+00 1.500425e-03 9.999984e-01 9.707824e-04 1.925107e-01 9.014977e-02 -1.102097e-03 9.959275e-01 4.661253e+00
9.961111e-01 1.819020e-03 8.808777e-02 -3.350507e+00 -1.731881e-03 9.999979e-01 -1.065653e-03 1.918193e-01 -8.808955e-02 9.089471e-04 9.961120e-01 4.811057e+00
9.962166e-01 -1.428445e-03 -8.689328e-02 -3.356520e+00 1.508496e-03 9.999985e-01 8.556020e-04 1.891686e-01 8.689191e-02 -9.834467e-04 9.962172e-01 4.977386e+00
9.967285e-01 2.061231e-03 8.079571e-02 -3.253399e+00 -1.985013e-03 9.999975e-01 -1.023649e-03 1.821059e-01 -8.079764e-02 8.599164e-04 9.967301e-01 5.167895e+00
9.966496e-01 -1.558436e-03 -8.177481e-02 -3.172534e+00 1.621575e-03 9.999984e-01 7.057017e-04 1.758068e-01 8.177356e-02 -8.359449e-04 9.966505e-01 5.372736e+00
9.972143e-01 2.136655e-03 7.455867e-02 -3.086306e+00 -2.085774e-03 9.999975e-01 -7.602845e-04 1.697784e-01 -7.456013e-02 6.026503e-04 9.972162e-01 5.553877e+00
9.963570e-01 -1.492606e-03 -8.526684e-02 -3.104486e+00 1.561255e-03 9.999985e-01 7.384364e-04 1.667135e-01 8.526559e-02 -8.688732e-04 9.963578e-01 5.744802e+00
9.974975e-01 2.072448e-03 7.067067e-02 -3.166032e+00 -2.042688e-03 9.999978e-01 -4.933734e-04 1.660491e-01 -7.067156e-02 3.477770e-04 9.974995e-01 5.903556e+00
9.972318e-01 -1.618425e-03 -7.433835e-02 -3.239734e+00 1.651098e-03 9.999986e-01 3.780671e-04 1.641146e-01 7.433761e-02 -4.997640e-04 9.972329e-01 6.130776e+00
9.975961e-01 2.162072e-03 6.926278e-02 -3.221831e+00 -2.129165e-03 9.999976e-01 -5.489236e-04 1.590676e-01 -6.926382e-02 4.001285e-04 9.975982e-01 6.357462e+00
9.968579e-01 -1.484488e-03 -7.919736e-02 -2.855315e+00 1.499187e-03 9.999989e-01 1.261444e-04 1.541325e-01 7.919706e-02 -2.444834e-04 9.968589e-01 6.077434e+00
9.971941e-01 2.489187e-03 7.481768e-02 -2.477444e+00 -2.423883e-03 9.999966e-01 -9.636380e-04 1.589933e-01 -7.481985e-02 7.795811e-04 9.971967e-01 5.288325e+00
9.968034e-01 -1.733134e-03 -7.987440e-02 -2.034535e+00 1.754148e-03 9.999984e-01 1.929221e-04 1.541238e-01 7.987392e-02 -3.324207e-04 9.968048e-01 4.869800e+00
9.972183e-01 2.577048e-03 7.449228e-02 -1.550536e+00 -2.511876e-03 9.999964e-01 -9.685614e-04 1.486336e-01 -7.449453e-02 7.787478e-04 9.972210e-01 4.422667e+00
9.967522e-01 -1.780741e-03 -8.051023e-02 -1.077615e+00 1.796750e-03 9.999984e-01 1.263974e-04 1.440204e-01 8.050985e-02 -2.706476e-04 9.967537e-01 3.943492e+00
9.971004e-01 2.517514e-03 7.605517e-02 -6.178370e-01 -2.457334e-03 9.999966e-01 -8.848453e-04 1.359626e-01 -7.605716e-02 6.953826e-04 9.971031e-01 3.652083e+00
9.969405e-01 -1.872347e-03 -7.814206e-02 -2.203307e-01 1.883701e-03 9.999982e-01 7.158720e-05 1.299421e-01 7.814176e-02 -2.185685e-04 9.969421e-01 3.363673e+00
9.971897e-01 2.620763e-03 7.487197e-02 2.008812e-01 -2.567444e-03 9.999964e-01 -8.083861e-04 1.243027e-01 -7.487385e-02 6.138805e-04 9.971927e-01 3.019214e+00
9.968364e-01 -1.952859e-03 -7.945622e-02 6.384943e-01 1.961876e-03 9.999981e-01 3.542539e-05 1.152562e-01 7.945597e-02 -1.912008e-04 9.968383e-01 2.809890e+00
9.969095e-01 2.541689e-03 7.851725e-02 8.730560e-01 -2.500475e-03 9.999967e-01 -6.232225e-04 1.130459e-01 -7.851860e-02 4.249617e-04 9.969125e-01 2.556465e+00
9.967464e-01 -2.014722e-03 -8.057594e-02 1.195426e+00 2.016572e-03 9.999980e-01 -5.841078e-05 1.049501e-01 8.057586e-02 -1.042708e-04 9.967484e-01 2.468608e+00
9.964025e-01 2.483304e-03 8.471089e-02 1.260453e+00 -2.456249e-03 9.999969e-01 -4.236145e-04 9.692088e-02 -8.471171e-02 2.140151e-04 9.964054e-01 2.846468e+00
9.961251e-01 -1.201290e-03 -8.793933e-02 1.866742e+00 1.145161e-03 9.999991e-01 -6.887045e-04 5.814163e-02 8.794006e-02 5.853266e-04 9.961255e-01 3.906403e+00
9.974734e-01 2.901787e-03 7.098167e-02 2.902969e+00 -2.866628e-03 9.999957e-01 -5.971926e-04 1.374512e-02 -7.098313e-02 3.922010e-04 9.974773e-01 4.584213e+00
9.964571e-01 -1.986008e-03 -8.407925e-02 3.377143e+00 2.002577e-03 9.999980e-01 1.127413e-04 -3.951294e-03 8.407883e-02 -2.807217e-04 9.964590e-01 4.760228e+00
9.983796e-01 3.569290e-03 5.679302e-02 4.183647e+00 -3.545997e-03 9.999936e-01 -5.109238e-04 -4.012255e-02 -5.679451e-02 3.087033e-04 9.983857e-01 5.357691e+00
9.972466e-01 -2.114439e-03 -7.412685e-02 5.248189e+00 2.062717e-03 9.999976e-01 -7.742921e-04 -8.758791e-02 7.412827e-02 6.192526e-04 9.972484e-01 6.115863e+00
9.988871e-01 5.191329e-03 4.687888e-02 7.769379e+00 -5.085135e-03 9.999842e-01 -2.384282e-03 -1.896123e-01 -4.689056e-02 2.143238e-03 9.988976e-01 7.447054e+00
9.964285e-01 -1.065069e-03 -8.443376e-02 1.187116e+01 8.274220e-04 9.999956e-01 -2.849533e-03 -3.552045e-01 8.443639e-02 2.769488e-03 9.964249e-01 9.584390e+00
9.990367e-01 7.168887e-03 4.329352e-02 1.732531e+01 -6.985207e-03 9.999660e-01 -4.392480e-03 -5.729296e-01 -4.332358e-02 4.085827e-03 9.990526e-01 1.233862e+01
9.967537e-01 -1.679147e-03 -8.049401e-02 2.305976e+01 1.378780e-03 9.999919e-01 -3.786960e-03 -7.949275e-01 8.049967e-02 3.663675e-03 9.967478e-01 1.488485e+01
9.991784e-01 7.606410e-03 3.980722e-02 2.882310e+01 -7.461592e-03 9.999650e-01 -3.785365e-03 -1.014409e+00 -3.983467e-02 3.485222e-03 9.992001e-01 1.726650e+01
9.967459e-01 -2.176850e-03 -8.057834e-02 3.439970e+01 1.857070e-03 9.999901e-01 -4.043259e-03 -1.231610e+00 8.058629e-02 3.880453e-03 9.967400e-01 1.980489e+01
9.992899e-01 8.608237e-03 3.668241e-02 4.045289e+01 -8.470300e-03 9.999565e-01 -3.914159e-03 -1.469371e+00 -3.671456e-02 3.600659e-03 9.993192e-01 2.266428e+01
9.966854e-01 -2.546151e-03 -8.131272e-02 4.687983e+01 2.138757e-03 9.999847e-01 -5.096884e-03 -1.715575e+00 8.132439e-02 4.906071e-03 9.966755e-01 2.539031e+01
9.990026e-01 8.069442e-03 4.391700e-02 5.247633e+01 -7.973116e-03 9.999654e-01 -2.368197e-03 -1.923788e+00 -4.393465e-02 2.015668e-03 9.990323e-01 2.747347e+01
9.969142e-01 -2.759794e-03 -7.844974e-02 5.800849e+01 2.316549e-03 9.999808e-01 -5.740443e-03 -2.140233e+00 7.846401e-02 5.540985e-03 9.969015e-01 3.004916e+01
9.987877e-01 7.932546e-03 4.858209e-02 6.282613e+01 -7.891767e-03 9.999683e-01 -1.031240e-03 -2.332584e+00 -4.858880e-02 6.465785e-04 9.988186e-01 3.251448e+01
9.969877e-01 -3.445163e-03 -7.748368e-02 6.731274e+01 3.013952e-03 9.999793e-01 -5.681384e-03 -2.513017e+00 7.750158e-02 5.430725e-03 9.969774e-01 3.484710e+01
9.990723e-01 8.788579e-03 4.215856e-02 7.232134e+01 -8.749722e-03 9.999611e-01 -1.106274e-03 -2.714519e+00 -4.216672e-02 7.363578e-04 9.991102e-01 3.744290e+01
9.966874e-01 -3.575992e-03 -8.124947e-02 7.738591e+01 3.068058e-03 9.999750e-01 -6.375444e-03 -2.919116e+00 8.127016e-02 6.105031e-03 9.966733e-01 4.011983e+01
9.990369e-01 8.583848e-03 4.303019e-02 8.207052e+01 -8.600878e-03 9.999630e-01 2.104584e-04 -3.107721e+00 -4.302687e-02 -5.803685e-04 9.990737e-01 4.255468e+01
9.964293e-01 -3.345788e-03 -8.436532e-02 8.726272e+01 2.698098e-03 9.999660e-01 -7.789969e-03 -3.316059e+00 8.438843e-02 7.534511e-03 9.964044e-01 4.522057e+01
9.987658e-01 7.896670e-03 4.903519e-02 9.159462e+01 -7.999198e-03 9.999662e-01 1.894832e-03 -3.489199e+00 -4.901865e-02 -2.284753e-03 9.987952e-01 4.742278e+01
9.967227e-01 -3.449689e-03 -8.081997e-02 9.629736e+01 2.748960e-03 9.999577e-01 -8.779812e-03 -3.676122e+00 8.084675e-02 8.528850e-03 9.966900e-01 4.975507e+01
9.988671e-01 8.363465e-03 4.684662e-02 1.012263e+02 -8.467515e-03 9.999621e-01 2.022854e-03 -3.869970e+00 -4.682802e-02 -2.417255e-03 9.989000e-01 5.209397e+01
9.965547e-01 -3.535767e-03 -8.286245e-02 1.064081e+02 2.759818e-03 9.999513e-01 -9.476859e-03 -4.074607e+00 8.289184e-02 9.215505e-03 9.965159e-01 5.458766e+01
9.989276e-01 9.163846e-03 4.538375e-02 1.119846e+02 -9.254781e-03 9.999556e-01 1.793690e-03 -4.296226e+00 -4.536538e-02 -2.211802e-03 9.989679e-01 5.736355e+01
9.964689e-01 -3.795013e-03 -8.387673e-02 1.174990e+02 2.973371e-03 9.999464e-01 -9.918430e-03 -4.519462e+00 8.390978e-02 9.633991e-03 9.964267e-01 6.029770e+01
9.991210e-01 1.004929e-02 4.069489e-02 1.236156e+02 -1.012303e-02 9.999475e-01 1.606015e-03 -4.764812e+00 -4.067671e-02 -2.016579e-03 9.991703e-01 6.344468e+01
9.964599e-01 -4.072086e-03 -8.396980e-02 1.297883e+02 3.184414e-03 9.999377e-01 -1.070240e-02 -5.011426e+00 8.400805e-02 1.039709e-02 9.964108e-01 6.657041e+01
9.991823e-01 1.046277e-02 3.905434e-02 1.360592e+02 -1.055558e-02 9.999419e-01 2.170626e-03 -5.262878e+00 -3.902946e-02 -2.581113e-03 9.992347e-01 6.979769e+01
9.961073e-01 -4.122654e-03 -8.805185e-02 1.428376e+02 3.087970e-03 9.999246e-01 -1.188366e-02 -5.528054e+00 8.809411e-02 1.156548e-02 9.960449e-01 7.294251e+01
9.992806e-01 1.089469e-02 3.632531e-02 1.499103e+02 -1.099510e-02 9.999363e-01 2.564937e-03 -5.801542e+00 -3.629515e-02 -2.962514e-03 9.993367e-01 7.606826e+01
9.966579e-01 -4.738086e-03 -8.155053e-02 1.562690e+02 3.776030e-03 9.999215e-01 -1.194702e-02 -6.053838e+00 8.160063e-02 1.159913e-02 9.965976e-01 7.921364e+01
9.991537e-01 1.070491e-02 3.971324e-02 1.623023e+02 -1.086043e-02 9.999342e-01 3.701783e-03 -6.294730e+00 -3.967110e-02 -4.129976e-03 9.992042e-01 8.226359e+01
9.964160e-01 -5.049791e-03 -8.443678e-02 1.686243e+02 3.987242e-03 9.999108e-01 -1.274762e-02 -6.535431e+00 8.449352e-02 1.236524e-02 9.963472e-01 8.487363e+01
9.990775e-01 1.025987e-02 4.169822e-02 1.747736e+02 -1.046963e-02 9.999336e-01 4.814662e-03 -6.760563e+00 -4.164615e-02 -5.246809e-03 9.991186e-01 8.694543e+01
9.963970e-01 -5.524440e-03 -8.463138e-02 1.807449e+02 4.445867e-03 9.999066e-01 -1.292727e-02 -6.973756e+00 8.469480e-02 1.250441e-02 9.963284e-01 8.868002e+01
9.990212e-01 1.029379e-02 4.301909e-02 1.866404e+02 -1.053932e-02 9.999294e-01 5.483891e-03 -7.186193e+00 -4.295971e-02 -5.931938e-03 9.990592e-01 9.048471e+01
9.961129e-01 -5.267820e-03 -8.792742e-02 1.927957e+02 4.053518e-03 9.998940e-01 -1.398285e-02 -7.411790e+00 8.799167e-02 1.357206e-02 9.960287e-01 9.256113e+01
9.990120e-01 1.040827e-02 4.320461e-02 1.992450e+02 -1.067308e-02 9.999256e-01 5.902275e-03 -7.643730e+00 -4.314006e-02 -6.357592e-03 9.990488e-01 9.452065e+01
9.962254e-01 -5.362438e-03 -8.663773e-02 2.057492e+02 4.090748e-03 9.998814e-01 -1.484883e-02 -7.877239e+00 8.670698e-02 1.443834e-02 9.961292e-01 9.647633e+01
