9.997940e-01 -6.523380e-04 2.028751e-02 2.943283e-02 6.581338e-04 9.999997e-01 -2.790075e-04 -1.356119e-02 -2.028732e-02 2.923024e-04 9.997940e-01 5.684552e-01
9.996861e-01 8.811846e-04 -2.503676e-02 1.289408e-02 -8.626062e-04 9.999993e-01 7.528327e-04 -2.492548e-02 2.503741e-02 -7.309991e-04 9.996861e-01 1.090721e+00
9.999671e-01 -3.122437e-04 8.100321e-03 -1.117544e-02 3.114847e-04 9.999999e-01 9.496518e-05 -3.737505e-02 -8.100350e-03 -9.243835e-05 9.999671e-01 1.661660e+00
9.996395e-01 9.372087e-04 -2.683246e-02 -3.301999e-02 -9.151675e-04 9.999992e-01 8.337084e-04 -4.950990e-02 2.683322e-02 -8.088510e-04 9.996395e-01 2.218178e+00
9.992993e-01 -1.288253e-03 3.740681e-02 -2.870348e-02 1.321898e-03 9.999987e-01 -8.747296e-04 -6.446477e-02 -3.740564e-02 9.235654e-04 9.992996e-01 2.884772e+00
9.999786e-01 3.146354e-04 -6.530605e-03 2.005415e-02 -3.126628e-04 9.999999e-01 3.030716e-04 -7.900809e-02 6.530702e-03 -3.010227e-04 9.999785e-01 3.489338e+00
9.992362e-01 -1.348800e-03 3.905356e-02 7.521458e-02 1.386277e-03 9.999986e-01 -9.325666e-04 -9.354137e-02 -3.905224e-02 9.859939e-04 9.992366e-01 4.086410e+00
9.998919e-01 5.610426e-04 -1.469361e-02 1.187075e-01 -5.533458e-04 9.999997e-01 5.278787e-04 -1.094853e-01 1.469391e-02 -5.196905e-04 9.998918e-01 4.752019e+00
9.985567e-01 -1.759408e-03 5.367861e-02 1.877154e-01 1.832169e-03 9.999975e-01 -1.306311e-03 -1.241883e-01 -5.367616e-02 1.402774e-03 9.985573e-01 5.348312e+00
9.998540e-01 6.066422e-04 -1.707802e-02 2.462488e-01 -5.973151e-04 9.999997e-01 5.512439e-04 -1.395005e-01 1.707836e-02 -5.409622e-04 9.998539e-01 5.983906e+00
9.983059e-01 -1.884716e-03 5.815223e-02 3.120583e-01 1.968558e-03 9.999971e-01 -1.384520e-03 -1.539174e-01 -5.814943e-02 1.496651e-03 9.983067e-01 6.580379e+00
9.996875e-01 8.346900e-04 -2.498364e-02 3.666930e-01 -8.168415e-04 9.999994e-01 7.246017e-04 -1.697389e-01 2.498425e-02 -7.039674e-04 9.996875e-01 7.239702e+00
9.982219e-01 -1.935960e-03 5.957567e-02 4.220661e-01 2.020767e-03 9.999970e-01 -1.363312e-03 -1.842943e-01 -5.957283e-02 1.481277e-03 9.982228e-01 7.846689e+00
9.998144e-01 6.905187e-04 -1.925102e-02 4.799112e-01 -6.804350e-04 9.999996e-01 5.303439e-04 -1.972064e-01 1.925141e-02 -5.171465e-04 9.998144e-01 8.386170e+00
9.981422e-01 -1.962548e-03 6.089525e-02 5.341007e-01 2.051094e-03 9.999969e-01 -1.391604e-03 -2.091741e-01 -6.089230e-02 1.513920e-03 9.981431e-01 8.892730e+00
9.989142e-01 1.383690e-03 -4.656763e-02 5.513835e-01 -1.326891e-03 9.999983e-01 1.250603e-03 -2.295376e-01 4.656932e-02 -1.187455e-03 9.989143e-01 9.796854e+00
9.979650e-01 -2.068353e-03 6.373064e-02 5.831875e-01 2.161479e-03 9.999967e-01 -1.392330e-03 -2.508229e-01 -6.372751e-02 1.527249e-03 9.979661e-01 1.072963e+01
9.994978e-01 1.036146e-03 -3.167012e-02 6.459608e-01 -1.010962e-03 9.999992e-01 8.111844e-04 -2.683417e-01 3.167097e-02 -7.787601e-04 9.994980e-01 1.145259e+01
9.982236e-01 -1.952913e-03 5.954759e-02 6.991104e-01 2.035168e-03 9.999971e-01 -1.320720e-03 -2.870241e-01 -5.954479e-02 1.439563e-03 9.982245e-01 1.223776e+01
9.995766e-01 9.592400e-04 -2.908010e-02 7.607984e-01 -9.367207e-04 9.999993e-01 7.879959e-04 -3.031193e-01 2.908088e-02 -7.604228e-04 9.995767e-01 1.289604e+01
9.977103e-01 -2.181830e-03 6.759729e-02 8.412610e-01 2.292363e-03 9.999962e-01 -1.557633e-03 -3.187968e-01 -6.759358e-02 1.709023e-03 9.977114e-01 1.351769e+01
9.989528e-01 1.402731e-03 -4.573187e-02 8.926522e-01 -1.349588e-03 9.999984e-01 1.192891e-03 -3.389470e-01 4.573352e-02 -1.129923e-03 9.989529e-01 1.436776e+01
9.988041e-01 -1.874823e-03 4.885513e-02 8.946301e-01 1.926371e-03 9.999976e-01 -1.008069e-03 -3.626029e-01 -4.885308e-02 1.100976e-03 9.988053e-01 1.545441e+01
9.989544e-01 1.428407e-03 -4.569409e-02 9.054943e-01 -1.375532e-03 9.999983e-01 1.188571e-03 -3.844305e-01 4.569577e-02 -1.124475e-03 9.989547e-01 1.644053e+01
9.988178e-01 -1.880039e-03 4.857402e-02 9.144969e-01 1.931481e-03 9.999976e-01 -1.012120e-03 -4.064118e-01 -4.857195e-02 1.104742e-03 9.988190e-01 1.743772e+01
9.989205e-01 1.473389e-03 -4.642917e-02 9.209261e-01 -1.417123e-03 9.999982e-01 1.244754e-03 -4.285128e-01 4.643097e-02 -1.177615e-03 9.989207e-01 1.844270e+01
9.987474e-01 -1.905098e-03 5.000036e-02 9.421978e-01 1.962071e-03 9.999975e-01 -1.090391e-03 -4.489569e-01 -4.999811e-02 1.187129e-03 9.987485e-01 1.934620e+01
9.994075e-01 1.203389e-03 -3.439653e-02 1.006009e+00 -1.172889e-03 9.999989e-01 9.068619e-04 -4.679683e-01 3.439764e-02 -8.659820e-04 9.994078e-01 2.011950e+01
9.993267e-01 -1.675407e-03 3.665218e-02 1.006359e+00 1.702974e-03 9.999983e-01 -7.209116e-04 -4.910682e-01 -3.665086e-02 7.828431e-04 9.993277e-01 2.118419e+01
9.993801e-01 1.179725e-03 -3.518484e-02 1.002823e+00 -1.146925e-03 9.999989e-01 9.523875e-04 -5.160176e-01 3.518597e-02 -9.114435e-04 9.993803e-01 2.234299e+01
9.993248e-01 -1.722373e-03 3.670214e-02 9.985921e-01 1.750778e-03 9.999982e-01 -7.418186e-04 -5.420052e-01 -3.670074e-02 8.055742e-04 9.993259e-01 2.355226e+01
9.994116e-01 1.237834e-03 -3.427598e-02 1.005305e+00 -1.206467e-03 9.999988e-01 9.357847e-04 -5.657043e-01 3.427716e-02 -8.938819e-04 9.994119e-01 2.463573e+01
9.992678e-01 -1.791697e-03 3.821733e-02 1.011573e+00 1.824492e-03 9.999980e-01 -8.232441e-04 -5.904039e-01 -3.821573e-02 8.923678e-04 9.992690e-01 2.576913e+01
9.993632e-01 1.286700e-03 -3.565772e-02 1.007054e+00 -1.250805e-03 9.999987e-01 1.028942e-03 -6.152611e-01 3.565906e-02 -9.836864e-04 9.993634e-01 2.692679e+01
9.993125e-01 -1.740280e-03 3.703240e-02 1.008536e+00 1.771281e-03 9.999981e-01 -8.043301e-04 -6.387368e-01 -3.703088e-02 8.693712e-04 9.993137e-01 2.800505e+01
9.993537e-01 1.270045e-03 -3.592293e-02 1.006673e+00 -1.232911e-03 9.999987e-01 1.055830e-03 -6.632372e-01 3.592427e-02 -1.010858e-03 9.993539e-01 2.913741e+01
9.993105e-01 -1.740992e-03 3.708664e-02 9.961983e-01 1.772830e-03 9.999981e-01 -8.255957e-04 -6.868437e-01 -3.708508e-02 8.907740e-04 9.993116e-01 3.024130e+01
9.993552e-01 1.335730e-03 -3.587873e-02 9.805627e-01 -1.298384e-03 9.999986e-01 1.064154e-03 -7.075974e-01 3.588016e-02 -1.016884e-03 9.993555e-01 3.121644e+01
9.993041e-01 -1.783074e-03 3.725653e-02 9.602246e-01 1.815654e-03 9.999980e-01 -8.406700e-04 -7.298737e-01 -3.725490e-02 9.077293e-04 9.993053e-01 3.227460e+01
9.993455e-01 1.282374e-03 -3.615239e-02 9.443219e-01 -1.243641e-03 9.999986e-01 1.093839e-03 -7.550557e-01 3.615380e-02 -1.048163e-03 9.993456e-01 3.346382e+01
9.993166e-01 -1.813235e-03 3.691838e-02 9.212418e-01 1.846234e-03 9.999979e-01 -8.597602e-04 -7.802050e-01 -3.691669e-02 9.273319e-04 9.993178e-01 3.466388e+01
9.993414e-01 1.289794e-03 -3.626412e-02 8.790399e-01 -1.250479e-03 9.999986e-01 1.106761e-03 -8.040987e-01 3.626555e-02 -1.060685e-03 9.993415e-01 3.583781e+01
9.993282e-01 -1.891336e-03 3.659972e-02 8.404915e-01 1.924334e-03 9.999978e-01 -8.663822e-04 -8.314743e-01 -3.659794e-02 9.362295e-04 9.993295e-01 3.717235e+01
9.993384e-01 1.184756e-03 -3.635070e-02 7.983983e-01 -1.144469e-03 9.999987e-01 1.129052e-03 -8.631572e-01 3.635205e-02 -1.086703e-03 9.993384e-01 3.872066e+01
9.993089e-01 -1.818285e-03 3.712817e-02 7.590514e-01 1.853487e-03 9.999979e-01 -9.137234e-04 -8.908426e-01 -3.712638e-02 9.819078e-04 9.993100e-01 4.007432e+01
9.993623e-01 1.356943e-03 -3.568087e-02 7.461070e-01 -1.317100e-03 9.999985e-01 1.140123e-03 -9.136162e-01 3.568242e-02 -1.092402e-03 9.993625e-01 4.114502e+01
9.993311e-01 -1.885826e-03 3.652193e-02 7.278816e-01 1.920245e-03 9.999977e-01 -9.073498e-04 -9.388334e-01 -3.652008e-02 9.768732e-04 9.993323e-01 4.234084e+01
9.993623e-01 1.379516e-03 -3.568110e-02 7.189807e-01 -1.339061e-03 9.999984e-01 1.157651e-03 -9.636958e-01 3.568270e-02 -1.109134e-03 9.993625e-01 4.350503e+01
9.993000e-01 -1.856439e-03 3.736338e-02 7.305608e-01 1.893003e-03 9.999978e-01 -9.432382e-04 -9.882961e-01 -3.736149e-02 1.013306e-03 9.993012e-01 4.462110e+01
9.993628e-01 1.467907e-03 -3.566354e-02 7.690630e-01 -1.427626e-03 9.999983e-01 1.154887e-03 -1.009652e+00 3.566523e-02 -1.103237e-03 9.993631e-01 4.553600e+01
9.992910e-01 -1.891732e-03 3.760300e-02 8.063867e-01 1.929090e-03 9.999977e-01 -9.572179e-04 -1.031967e+00 -3.760105e-02 1.029078e-03 9.992922e-01 4.649897e+01
9.995328e-01 1.279546e-03 -3.053724e-02 8.220706e-01 -1.249385e-03 9.999987e-01 1.006726e-03 -1.056056e+00 3.053854e-02 -9.681036e-04 9.995330e-01 4.758975e+01
9.993299e-01 -1.916882e-03 3.655149e-02 8.266641e-01 1.952917e-03 9.999976e-01 -9.501716e-04 -1.083390e+00 -3.654952e-02 1.020916e-03 9.993312e-01 4.885327e+01
9.994303e-01 1.444929e-03 -3.372030e-02 8.342331e-01 -1.407817e-03 9.999984e-01 1.124289e-03 -1.105927e+00 3.372193e-02 -1.076177e-03 9.994306e-01 4.988002e+01
9.993586e-01 -2.034680e-03 3.575177e-02 8.351472e-01 2.069039e-03 9.999974e-01 -9.240736e-04 -1.134417e+00 -3.574974e-02 9.974519e-04 9.993602e-01 5.120501e+01
9.994359e-01 1.291017e-03 -3.355782e-02 8.332524e-01 -1.253820e-03 9.999986e-01 1.129456e-03 -1.168347e+00 3.355929e-02 -1.086745e-03 9.994360e-01 5.279738e+01
9.993992e-01 -1.968408e-03 3.460252e-02 8.184781e-01 2.001250e-03 9.999976e-01 -9.145057e-04 -1.198756e+00 -3.460057e-02 9.832037e-04 9.994006e-01 5.423965e+01
9.994416e-01 1.390936e-03 -3.338345e-02 8.073543e-01 -1.353084e-03 9.999984e-01 1.156402e-03 -1.226126e+00 3.338507e-02 -1.110587e-03 9.994419e-01 5.552756e+01
9.994009e-01 -1.956494e-03 3.455419e-02 8.078763e-01 1.989651e-03 9.999976e-01 -9.251958e-04 -1.253893e+00 -3.455224e-02 9.933915e-04 9.994023e-01 5.681508e+01
9.994295e-01 1.148334e-03 -3.375467e-02 8.062141e-01 -1.109253e-03 9.999987e-01 1.176476e-03 -1.290507e+00 3.375603e-02 -1.138363e-03 9.994294e-01 5.853399e+01
9.994027e-01 -1.936611e-03 3.450318e-02 8.394717e-01 1.970692e-03 9.999976e-01 -9.537843e-04 -1.327746e+00 -3.450119e-02 1.021209e-03 9.994040e-01 6.022618e+01
9.994674e-01 1.232578e-03 -3.260806e-02 8.657367e-01 -1.194870e-03 9.999986e-01 1.175851e-03 -1.361986e+00 3.260953e-02 -1.136264e-03 9.994674e-01 6.178425e+01
9.994093e-01 -1.899682e-03 3.431236e-02 8.847995e-01 1.934238e-03 9.999977e-01 -9.739026e-04 -1.394060e+00 -3.431037e-02 1.039695e-03 9.994106e-01 6.325045e+01
9.995041e-01 1.076609e-03 -3.146873e-02 8.739637e-01 -1.040475e-03 9.999988e-01 1.164588e-03 -1.431401e+00 3.147001e-02 -1.131269e-03 9.995040e-01 6.502407e+01
9.992385e-01 -2.065670e-03 3.896238e-02 8.644800e-01 2.112105e-03 9.999971e-01 -1.150667e-03 -1.470071e+00 -3.895984e-02 1.232083e-03 9.992399e-01 6.686662e+01
9.994238e-01 9.893626e-04 -3.392770e-02 8.292723e-01 -9.457626e-04 9.999987e-01 1.301097e-03 -1.517565e+00 3.392901e-02 -1.268261e-03 9.994234e-01 6.917383e+01
9.993327e-01 -2.173268e-03 3.646091e-02 8.012078e-01 2.216125e-03 9.999969e-01 -1.135040e-03 -1.566720e+00 -3.645828e-02 1.215084e-03 9.993343e-01 7.154574e+01
9.994110e-01 1.469446e-03 -3.428418e-02 8.022735e-01 -1.423464e-03 9.999981e-01 1.365570e-03 -1.600340e+00 3.428618e-02 -1.315965e-03 9.994111e-01 7.311566e+01
9.993355e-01 -2.169760e-03 3.638576e-02 8.388601e-01 2.212995e-03 9.999969e-01 -1.148021e-03 -1.636207e+00 -3.638310e-02 1.227778e-03 9.993371e-01 7.473575e+01
9.993757e-01 1.497422e-03 -3.529891e-02 8.576385e-01 -1.448285e-03 9.999979e-01 1.417564e-03 -1.670226e+00 3.530102e-02 -1.365557e-03 9.993757e-01 7.629428e+01
9.992894e-01 -2.470313e-03 3.761159e-02 8.594742e-01 2.517428e-03 9.999961e-01 -1.205351e-03 -1.714705e+00 -3.760840e-02 1.299178e-03 9.992916e-01 7.838887e+01
9.993530e-01 1.670607e-03 -3.592746e-02 8.573390e-01 -1.619011e-03 9.999976e-01 1.465156e-03 -1.751941e+00 3.592988e-02 -1.406042e-03 9.993532e-01 8.013750e+01
9.993364e-01 -2.136571e-03 3.636187e-02 1.045843e+00 2.181427e-03 9.999969e-01 -1.193960e-03 -1.784871e+00 -3.635915e-02 1.272488e-03 9.993379e-01 8.135064e+01
9.993549e-01 1.619189e-03 -3.587685e-02 1.060348e+00 -1.567018e-03 9.999977e-01 1.482241e-03 -1.812787e+00 3.587923e-02 -1.425066e-03 9.993550e-01 8.261957e+01
9.993526e-01 -2.272115e-03 3.590562e-02 1.051420e+00 2.316816e-03 9.999966e-01 -1.203395e-03 -1.844424e+00 -3.590271e-02 1.285802e-03 9.993544e-01 8.410792e+01
9.993688e-01 1.558322e-03 -3.548992e-02 1.050688e+00 -1.506314e-03 9.999978e-01 1.492122e-03 -1.878815e+00 3.549222e-02 -1.437722e-03 9.993688e-01 8.571648e+01
9.993343e-01 -2.298685e-03 3.640991e-02 1.052010e+00 2.345564e-03 9.999965e-01 -1.244846e-03 -1.913801e+00 -3.640686e-02 1.329418e-03 9.993361e-01 8.734989e+01
9.993890e-01 1.665122e-03 -3.491171e-02 1.052133e+00 -1.613561e-03 9.999976e-01 1.505000e-03 -1.945154e+00 3.491420e-02 -1.447750e-03 9.993892e-01 8.881056e+01
9.993789e-01 -2.311560e-03 3.516227e-02 1.035213e+00 2.356300e-03 9.999965e-01 -1.230978e-03 -1.975980e+00 -3.515924e-02 1.313065e-03 9.993808e-01 9.027280e+01
9.993870e-01 1.606876e-03 -3.497036e-02 1.006239e+00 -1.554396e-03 9.999976e-01 1.527825e-03 -2.008666e+00 3.497279e-02 -1.472531e-03 9.993871e-01 9.184511e+01
9.993758e-01 -2.315558e-03 3.525214e-02 9.850257e-01 2.361520e-03 9.999964e-01 -1.262210e-03 -2.041414e+00 -3.524903e-02 1.344670e-03 9.993776e-01 9.340819e+01
9.993777e-01 1.751244e-03 -3.522998e-02 9.780771e-01 -1.697142e-03 9.999973e-01 1.565511e-03 -2.070083e+00 3.523268e-02 -1.504747e-03 9.993779e-01 9.475055e+01
9.993811e-01 -2.317151e-03 3.509889e-02 9.731362e-01 2.363498e-03 9.999964e-01 -1.279016e-03 -2.098893e+00 -3.509574e-02 1.361180e-03 9.993829e-01 9.609598e+01
9.993784e-01 1.726036e-03 -3.521135e-02 9.645302e-01 -1.671168e-03 9.999973e-01 1.587593e-03 -2.128733e+00 3.521406e-02 -1.527763e-03 9.993785e-01 9.749762e+01
9.993745e-01 -2.292281e-03 3.528937e-02 9.570023e-01 2.339933e-03 9.999964e-01 -1.309057e-03 -2.157098e+00 -3.528618e-02 1.390812e-03 9.993762e-01 9.882632e+01
9.993956e-01 1.761258e-03 -3.471667e-02 9.576166e-01 -1.706998e-03 9.999973e-01 1.592524e-03 -2.184475e+00 3.471944e-02 -1.532301e-03 9.993958e-01 1.000936e+02
9.993574e-01 -2.322923e-03 3.576710e-02 9.593805e-01 2.372501e-03 9.999963e-01 -1.343763e-03 -2.212515e+00 -3.576378e-02 1.427756e-03 9.993592e-01 1.013911e+02
9.993663e-01 1.832915e-03 -3.554746e-02 9.699299e-01 -1.775772e-03 9.999971e-01 1.639017e-03 -2.239100e+00 3.555042e-02 -1.574855e-03 9.993666e-01 1.026045e+02
9.993585e-01 -2.299445e-03 3.573842e-02 9.745371e-01 2.349534e-03 9.999963e-01 -1.359620e-03 -2.264411e+00 -3.573510e-02 1.442716e-03 9.993602e-01 1.037657e+02
9.993820e-01 1.789239e-03 -3.510604e-02 9.887286e-01 -1.732774e-03 9.999972e-01 1.638754e-03 -2.291546e+00 3.510893e-02 -1.576911e-03 9.993822e-01 1.049995e+02
9.993625e-01 -2.317148e-03 3.562690e-02 1.003853e+00 2.367632e-03 9.999963e-01 -1.374899e-03 -2.319195e+00 -3.562352e-02 1.458373e-03 9.993641e-01 1.062567e+02
9.993743e-01 1.802213e-03 -3.532380e-02 1.019977e+00 -1.744316e-03 9.999971e-01 1.669781e-03 -2.347176e+00 3.532676e-02 -1.607121e-03 9.993744e-01 1.075273e+02
9.993659e-01 -2.293155e-03 3.553307e-02 1.011234e+00 2.344167e-03 9.999963e-01 -1.394015e-03 -2.372687e+00 -3.552968e-02 1.476426e-03 9.993674e-01 1.087206e+02
9.993730e-01 1.865269e-03 -3.535658e-02 1.015204e+00 -1.806584e-03 9.999969e-01 1.691667e-03 -2.396727e+00 3.535969e-02 -1.626732e-03 9.993732e-01 1.098216e+02
9.993672e-01 -2.379297e-03 3.549027e-02 1.032783e+00 2.430968e-03 9.999960e-01 -1.412831e-03 -2.424444e+00 -3.548671e-02 1.498211e-03 9.993689e-01 1.110784e+02
9.993752e-01 1.917174e-03 -3.529275e-02 1.064612e+00 -1.857920e-03 9.999968e-01 1.711630e-03 -2.451199e+00 3.529598e-02 -1.644990e-03 9.993755e-01 1.122648e+02
9.993570e-01 -2.431635e-03 3.577201e-02 1.059298e+00 2.484565e-03 9.999959e-01 -1.435247e-03 -2.477832e+00 -3.576832e-02 1.523201e-03 9.993589e-01 1.135052e+02
9.993663e-01 1.923662e-03 -3.554307e-02 1.041817e+00 -1.862971e-03 9.999967e-01 1.740549e-03 -2.504013e+00 3.554636e-02 -1.673232e-03 9.993665e-01 1.147442e+02
9.993617e-01 -2.431287e-03 3.564018e-02 1.029460e+00 2.484519e-03 9.999959e-01 -1.449372e-03 -2.530335e+00 -3.563645e-02 1.536995e-03 9.993635e-01 1.159811e+02
9.993659e-01 1.917936e-03 -3.555450e-02 1.021494e+00 -1.856557e-03 9.999967e-01 1.759254e-03 -2.557322e+00 3.555782e-02 -1.692130e-03 9.993661e-01 1.172434e+02
9.993266e-01 -2.447121e-03 3.661060e-02 1.017755e+00 2.503461e-03 9.999958e-01 -1.493113e-03 -2.584936e+00 -3.660673e-02 1.583760e-03 9.993284e-01 1.185294e+02
9.993730e-01 1.890251e-03 -3.535613e-02 1.001153e+00 -1.828589e-03 9.999968e-01 1.776259e-03 -2.613673e+00 3.535943e-02 -1.710494e-03 9.993731e-01 1.198911e+02
9.993249e-01 -2.460946e-03 3.665744e-02 9.836911e-01 2.518337e-03 9.999957e-01 -1.519520e-03 -2.642091e+00 -3.665349e-02 1.610809e-03 9.993266e-01 1.212387e+02
9.993897e-01 1.929925e-03 -3.487675e-02 9.788306e-01 -1.868817e-03 9.999967e-01 1.784599e-03 -2.670333e+00 3.488014e-02 -1.718333e-03 9.993899e-01 1.225583e+02
9.993277e-01 -2.530888e-03 3.657473e-02 9.707099e-01 2.588715e-03 9.999955e-01 -1.533794e-03 -2.700698e+00 -3.657062e-02 1.627443e-03 9.993297e-01 1.239851e+02
9.993617e-01 1.881337e-03 -3.567289e-02 9.489587e-01 -1.817488e-03 9.999967e-01 1.822176e-03 -2.732000e+00 3.567627e-02 -1.756179e-03 9.993618e-01 1.254793e+02
9.993376e-01 -2.465579e-03 3.630819e-02 9.479332e-01 2.523755e-03 9.999956e-01 -1.556529e-03 -2.761063e+00 -3.630413e-02 1.647130e-03 9.993393e-01 1.268316e+02
9.993819e-01 1.969317e-03 -3.509761e-02 9.659576e-01 -1.906272e-03 9.999965e-01 1.829635e-03 -2.788213e+00 3.510115e-02 -1.761600e-03 9.993821e-01 1.280595e+02
9.993006e-01 -2.443000e-03 3.731463e-02 9.936104e-01 2.504386e-03 9.999956e-01 -1.598419e-03 -2.814865e+00 -3.731050e-02 1.690750e-03 9.993022e-01 1.292482e+02
9.994350e-01 1.896698e-03 -3.355675e-02 1.019439e+00 -1.838380e-03 9.999967e-01 1.768637e-03 -2.841840e+00 3.356006e-02 -1.705949e-03 9.994352e-01 1.304594e+02
9.993205e-01 -2.419508e-03 3.677878e-02 1.038808e+00 2.479120e-03 9.999957e-01 -1.575321e-03 -2.870015e+00 -3.677475e-02 1.665429e-03 9.993221e-01 1.317360e+02
9.993849e-01 1.836276e-03 -3.502139e-02 1.061044e+00 -1.773020e-03 9.999967e-01 1.837153e-03 -2.901401e+00 3.502471e-02 -1.773930e-03 9.993848e-01 1.331626e+02
9.992925e-01 -2.349025e-03 3.753622e-02 1.094274e+00 2.411797e-03 9.999958e-01 -1.627086e-03 -2.929407e+00 -3.753218e-02 1.716463e-03 9.992939e-01 1.344069e+02
9.993338e-01 1.919499e-03 -3.644579e-02 1.131898e+00 -1.851410e-03 9.999965e-01 1.901845e-03 -2.955139e+00 3.644937e-02 -1.833103e-03 9.993337e-01 1.355332e+02
9.993022e-01 -2.473436e-03 3.726937e-02 1.142653e+00 2.536021e-03 9.999955e-01 -1.632055e-03 -2.984218e+00 -3.726510e-02 1.725431e-03 9.993038e-01 1.368653e+02
9.993277e-01 1.934337e-03 -3.661102e-02 1.154285e+00 -1.865064e-03 9.999964e-01 1.926177e-03 -3.012970e+00 3.661468e-02 -1.856601e-03 9.993276e-01 1.381802e+02
9.993040e-01 -2.454677e-03 3.722303e-02 1.167169e+00 2.517895e-03 9.999955e-01 -1.651570e-03 -3.040861e+00 -3.721874e-02 1.744143e-03 9.993055e-01 1.394516e+02
9.993062e-01 1.977386e-03 -3.718985e-02 1.177730e+00 -1.905634e-03 9.999963e-01 1.964686e-03 -3.067765e+00 3.719366e-02 -1.892454e-03 9.993062e-01 1.406802e+02
9.993124e-01 -2.452485e-03 3.699458e-02 1.172141e+00 2.515640e-03 9.999955e-01 -1.660683e-03 -3.093808e+00 -3.699028e-02 1.752605e-03 9.993140e-01 1.418931e+02
9.993064e-01 2.080234e-03 -3.717948e-02 1.187152e+00 -2.007757e-03 9.999960e-01 1.986605e-03 -3.117353e+00 3.718353e-02 -1.910581e-03 9.993065e-01 1.429509e+02
9.993120e-01 -2.482133e-03 3.700498e-02 1.208269e+00 2.545957e-03 9.999954e-01 -1.677698e-03 -3.142078e+00 -3.700058e-02 1.770755e-03 9.993136e-01 1.440554e+02
9.993193e-01 2.040171e-03 -3.683369e-02 1.216581e+00 -1.968194e-03 9.999961e-01 1.990241e-03 -3.167603e+00 3.683767e-02 -1.916391e-03 9.993193e-01 1.452199e+02
9.993201e-01 -2.456022e-03 3.678629e-02 1.225836e+00 2.519769e-03 9.999954e-01 -1.686636e-03 -3.192219e+00 -3.678192e-02 1.778182e-03 9.993216e-01 1.463384e+02
9.993242e-01 1.989433e-03 -3.670477e-02 1.219621e+00 -1.917276e-03 9.999962e-01 2.000946e-03 -3.218024e+00 3.670868e-02 -1.929221e-03 9.993241e-01 1.475406e+02
9.993242e-01 -2.469573e-03 3.667499e-02 1.233235e+00 2.533767e-03 9.999953e-01 -1.703949e-03 -3.244987e+00 -3.667055e-02 1.795722e-03 9.993257e-01 1.487662e+02
9.993282e-01 1.940164e-03 -3.659802e-02 1.241027e+00 -1.867526e-03 9.999962e-01 2.018826e-03 -3.273938e+00 3.660186e-02 -1.949123e-03 9.993279e-01 1.500967e+02
9.993238e-01 -2.476076e-03 3.668582e-02 1.235739e+00 2.541160e-03 9.999953e-01 -1.727584e-03 -3.302061e+00 -3.668131e-02 1.819639e-03 9.993253e-01 1.514093e+02
9.993367e-01 2.046641e-03 -3.635906e-02 1.226210e+00 -1.974146e-03 9.999960e-01 2.029657e-03 -3.326079e+00 3.636313e-02 -1.956534e-03 9.993366e-01 1.525311e+02
9.993211e-01 -2.508518e-03 3.675596e-02 1.218214e+00 2.574511e-03 9.999952e-01 -1.748208e-03 -3.350936e+00 -3.675133e-02 1.841649e-03 9.993227e-01 1.536914e+02
9.993238e-01 2.072786e-03 -3.670975e-02 1.250320e+00 -1.998506e-03 9.999959e-01 2.059996e-03 -3.377276e+00 3.671393e-02 -1.985239e-03 9.993238e-01 1.548570e+02
9.993226e-01 -2.507667e-03 3.671430e-02 1.280398e+00 2.574069e-03 9.999951e-01 -1.761428e-03 -3.403633e+00 -3.670964e-02 1.854739e-03 9.993242e-01 1.560259e+02
9.993225e-01 2.114993e-03 -3.674328e-02 1.293409e+00 -2.040015e-03 9.999958e-01 2.077960e-03 -3.427630e+00 3.674758e-02 -2.001597e-03 9.993225e-01 1.571100e+02
9.993200e-01 -2.482060e-03 3.678891e-02 1.306108e+00 2.549145e-03 9.999952e-01 -1.776724e-03 -3.450522e+00 -3.678426e-02 1.869295e-03 9.993214e-01 1.581402e+02
9.993296e-01 2.145206e-03 -3.654738e-02 1.337547e+00 -2.070495e-03 9.999957e-01 2.081916e-03 -3.473100e+00 3.655175e-02 -2.004850e-03 9.993297e-01 1.591249e+02
9.993164e-01 -2.478752e-03 3.688561e-02 1.363985e+00 2.546454e-03 9.999952e-01 -1.788594e-03 -3.495281e+00 -3.688094e-02 1.881298e-03 9.993178e-01 1.600976e+02
9.993239e-01 2.090465e-03 -3.670738e-02 1.368067e+00 -2.014714e-03 9.999958e-01 2.100516e-03 -3.518694e+00 3.671168e-02 -2.025142e-03 9.993238e-01 1.611673e+02
9.993216e-01 -2.460876e-03 3.674500e-02 1.380184e+00 2.528786e-03 9.999952e-01 -1.801781e-03 -3.541621e+00 -3.674033e-02 1.893478e-03 9.993230e-01 1.622003e+02
9.993259e-01 2.041681e-03 -3.665455e-02 1.389187e+00 -1.965509e-03 9.999958e-01 2.114022e-03 -3.566446e+00 3.665878e-02 -2.040553e-03 9.993257e-01 1.633307e+02
9.993250e-01 -2.572321e-03 3.664489e-02 1.389884e+00 2.640626e-03 9.999949e-01 -1.815682e-03 -3.594963e+00 -3.663997e-02 1.911221e-03 9.993266e-01 1.646526e+02
9.993930e-01 1.927914e-03 -3.478240e-02 1.383732e+00 -1.856691e-03 9.999961e-01 2.079822e-03 -3.627862e+00 3.478634e-02 -2.013981e-03 9.993927e-01 1.662000e+02
9.993213e-01 -2.580726e-03 3.674493e-02 1.390182e+00 2.650248e-03 9.999948e-01 -1.843423e-03 -3.660929e+00 -3.673991e-02 1.939554e-03 9.993229e-01 1.677324e+02
9.993541e-01 2.008172e-03 -3.588059e-02 1.381494e+00 -1.933046e-03 9.999959e-01 2.128349e-03 -3.690016e+00 3.588478e-02 -2.057616e-03 9.993537e-01 1.690981e+02
9.992924e-01 -2.528317e-03 3.752637e-02 1.391417e+00 2.600430e-03 9.999949e-01 -1.872971e-03 -3.718619e+00 -3.752138e-02 1.969229e-03 9.992938e-01 1.704093e+02
9.993239e-01 2.068499e-03 -3.670756e-02 1.408371e+00 -1.990150e-03 9.999957e-01 2.170813e-03 -3.745674e+00 3.671196e-02 -2.096293e-03 9.993236e-01 1.716328e+02
9.992786e-01 -2.505798e-03 3.789341e-02 1.417044e+00 2.579509e-03 9.999949e-01 -1.896444e-03 -3.771488e+00 -3.788840e-02 1.992822e-03 9.992799e-01 1.728107e+02
9.992865e-01 2.071191e-03 -3.771101e-02 1.433166e+00 -1.989045e-03 9.999956e-01 2.215676e-03 -3.797643e+00 3.771550e-02 -2.139087e-03 9.992861e-01 1.739913e+02
9.992721e-01 -2.449903e-03 3.806896e-02 1.474019e+00 2.525008e-03 9.999950e-01 -1.924920e-03 -3.822288e+00 -3.806399e-02 2.019642e-03 9.992732e-01 1.750593e+02
9.993445e-01 2.054092e-03 -3.614320e-02 1.508831e+00 -1.976750e-03 9.999957e-01 2.175463e-03 -3.846857e+00 3.614758e-02 -2.102591e-03 9.993442e-01 1.761349e+02
9.993234e-01 -2.525232e-03 3.669320e-02 1.508487e+00 2.596260e-03 9.999948e-01 -1.888194e-03 -3.873242e+00 -3.668818e-02 1.982181e-03 9.993247e-01 1.773550e+02
9.994408e-01 2.104935e-03 -3.336992e-02 1.531788e+00 -2.036151e-03 9.999957e-01 2.095092e-03 -3.896821e+00 3.337425e-02 -2.025975e-03 9.994408e-01 1.784052e+02
9.992610e-01 -2.532782e-03 3.835301e-02 1.564924e+00 2.610319e-03 9.999946e-01 -1.971714e-03 -3.918509e+00 -3.834775e-02 2.070370e-03 9.992622e-01 1.793443e+02
9.993025e-01 2.108094e-03 -3.728314e-02 1.559925e+00 -2.024902e-03 9.999954e-01 2.268947e-03 -3.943843e+00 3.728782e-02 -2.191870e-03 9.993021e-01 1.805224e+02
9.992725e-01 -2.636138e-03 3.804580e-02 1.549797e+00 2.713439e-03 9.999944e-01 -1.980277e-03 -3.972381e+00 -3.804030e-02 2.082070e-03 9.992739e-01 1.818632e+02
9.993287e-01 2.139309e-03 -3.657214e-02 1.553282e+00 -2.057634e-03 9.999953e-01 2.270737e-03 -4.000900e+00 3.657690e-02 -2.193961e-03 9.993283e-01 1.831810e+02
9.993139e-01 -2.463392e-03 3.695329e-02 1.561088e+00 2.537773e-03 9.999948e-01 -1.966042e-03 -4.022809e+00 -3.694819e-02 2.058472e-03 9.993150e-01 1.841697e+02
9.993298e-01 2.160055e-03 -3.653986e-02 1.573786e+00 -2.078206e-03 9.999952e-01 2.277825e-03 -4.044281e+00 3.654467e-02 -2.200362e-03 9.993295e-01 1.851310e+02
9.993048e-01 -2.502349e-03 3.719763e-02 1.587554e+00 2.577873e-03 9.999947e-01 -1.982505e-03 -4.067029e+00 -3.719241e-02 2.077016e-03 9.993059e-01 1.861512e+02
9.992765e-01 2.293471e-03 -3.796346e-02 1.592450e+00 -2.205866e-03 9.999948e-01 2.349342e-03 -4.086399e+00 3.796872e-02 -2.263901e-03 9.992763e-01 1.870222e+02
9.992719e-01 -2.595241e-03 3.806551e-02 1.597276e+00 2.674698e-03 9.999943e-01 -2.036589e-03 -4.107062e+00 -3.805994e-02 2.136919e-03 9.992731e-01 1.879565e+02
9.992848e-01 2.323066e-03 -3.774256e-02 1.606429e+00 -2.235453e-03 9.999947e-01 2.363355e-03 -4.127685e+00 3.774791e-02 -2.277294e-03 9.992846e-01 1.888822e+02
9.992294e-01 -2.630543e-03 3.916327e-02 1.614141e+00 2.713969e-03 9.999942e-01 -2.077176e-03 -4.149291e+00 -3.915751e-02 2.181862e-03 9.992306e-01 1.898585e+02
9.992449e-01 2.314439e-03 -3.878450e-02 1.618190e+00 -2.223007e-03 9.999946e-01 2.400377e-03 -4.170946e+00 3.878991e-02 -2.312347e-03 9.992446e-01 1.908421e+02
9.992257e-01 -2.569502e-03 3.925919e-02 1.637890e+00 2.653912e-03 9.999943e-01 -2.098103e-03 -4.190511e+00 -3.925351e-02 2.200668e-03 9.992268e-01 1.916991e+02
9.992358e-01 2.332901e-03 -3.901853e-02 1.679155e+00 -2.239557e-03 9.999945e-01 2.435837e-03 -4.211341e+00 3.902407e-02 -2.346592e-03 9.992354e-01 1.925738e+02
9.992109e-01 -2.684509e-03 3.962763e-02 1.687102e+00 2.770956e-03 9.999939e-01 -2.126720e-03 -4.234754e+00 -3.962161e-02 2.234847e-03 9.992122e-01 1.936361e+02
9.992338e-01 2.330899e-03 -3.906948e-02 1.698265e+00 -2.237054e-03 9.999945e-01 2.445544e-03 -4.258180e+00 3.907503e-02 -2.356271e-03 9.992334e-01 1.946942e+02
9.992035e-01 -2.684027e-03 3.981350e-02 1.711019e+00 2.771806e-03 9.999938e-01 -2.149704e-03 -4.281148e+00 -3.980742e-02 2.258346e-03 9.992047e-01 1.957274e+02
9.992073e-01 2.311057e-03 -3.974158e-02 1.712903e+00 -2.214127e-03 9.999945e-01 2.482848e-03 -4.304859e+00 3.974716e-02 -2.392887e-03 9.992068e-01 1.968147e+02
9.992030e-01 -2.705560e-03 3.982597e-02 1.720751e+00 2.794164e-03 9.999937e-01 -2.169277e-03 -4.329341e+00 -3.981979e-02 2.278827e-03 9.992042e-01 1.979294e+02
9.991972e-01 2.350400e-03 -3.999228e-02 1.737430e+00 -2.251572e-03 9.999943e-01 2.516025e-03 -4.353544e+00 3.999803e-02 -2.423960e-03 9.991967e-01 1.990151e+02
9.992258e-01 -2.648721e-03 3.925277e-02 1.748877e+00 2.735597e-03 9.999939e-01 -2.159708e-03 -4.375685e+00 -3.924674e-02 2.265415e-03 9.992269e-01 2.000086e+02
9.991921e-01 2.282046e-03 -4.012467e-02 1.750457e+00 -2.182204e-03 9.999944e-01 2.531902e-03 -4.400324e+00 4.013029e-02 -2.442297e-03 9.991914e-01 2.011403e+02
9.991984e-01 -2.778921e-03 3.993465e-02 1.757215e+00 2.869313e-03 9.999934e-01 -2.206372e-03 -4.429048e+00 -3.992819e-02 2.319188e-03 9.991998e-01 2.024608e+02
9.992211e-01 2.307442e-03 -3.939281e-02 1.762999e+00 -2.209432e-03 9.999944e-01 2.531365e-03 -4.456806e+00 3.939849e-02 -2.442358e-03 9.992205e-01 2.037364e+02
9.992496e-01 -3.261128e-03 3.859408e-02 1.777133e+00 3.348136e-03 9.999920e-01 -2.190011e-03 -4.504471e+00 -3.858657e-02 2.317585e-03 9.992525e-01 2.059548e+02
9.992442e-01 2.275885e-03 -3.880401e-02 1.810270e+00 -2.179099e-03 9.999944e-01 2.536336e-03 -4.553077e+00 3.880963e-02 -2.449862e-03 9.992435e-01 2.081935e+02
9.991688e-01 -2.708710e-03 4.067327e-02 1.792361e+00 2.803779e-03 9.999935e-01 -2.280502e-03 -4.577456e+00 -4.066677e-02 2.392645e-03 9.991698e-01 2.093494e+02
9.992161e-01 2.142026e-03 -3.952881e-02 1.762717e+00 -2.041973e-03 9.999946e-01 2.571335e-03 -4.606283e+00 3.953417e-02 -2.488604e-03 9.992150e-01 2.107380e+02
9.991576e-01 -2.677440e-03 4.095031e-02 1.743034e+00 2.774428e-03 9.999935e-01 -2.311785e-03 -4.633963e+00 -4.094379e-02 2.423450e-03 9.991584e-01 2.120551e+02
9.992344e-01 2.215056e-03 -3.905876e-02 1.740234e+00 -2.115531e-03 9.999944e-01 2.589222e-03 -4.660965e+00 3.906435e-02 -2.504611e-03 9.992335e-01 2.133110e+02
9.992194e-01 -2.716740e-03 3.941076e-02 1.720118e+00 2.809285e-03 9.999934e-01 -2.293036e-03 -4.687861e+00 -3.940421e-02 2.401961e-03 9.992204e-01 2.145890e+02
9.992440e-01 2.211876e-03 -3.881503e-02 1.696442e+00 -2.112477e-03 9.999944e-01 2.601662e-03 -4.714799e+00 3.882063e-02 -2.517700e-03 9.992429e-01 2.158763e+02
9.991881e-01 -2.740626e-03 4.019418e-02 1.683053e+00 2.836485e-03 9.999933e-01 -2.328063e-03 -4.743361e+00 -4.018746e-02 2.440182e-03 9.991891e-01 2.172247e+02
9.992222e-01 2.222759e-03 -3.936952e-02 1.668456e+00 -2.120372e-03 9.999943e-01 2.642217e-03 -4.771924e+00 3.937523e-02 -2.556684e-03 9.992211e-01 2.185740e+02
9.992134e-01 -2.696458e-03 3.956360e-02 1.646791e+00 2.791074e-03 9.999934e-01 -2.336451e-03 -4.798023e+00 -3.955697e-02 2.445038e-03 9.992142e-01 2.198155e+02
9.992136e-01 2.311650e-03 -3.958307e-02 1.619297e+00 -2.207700e-03 9.999940e-01 2.669609e-03 -4.820907e+00 3.958907e-02 -2.580123e-03 9.992126e-01 2.209124e+02
9.992209e-01 -2.716992e-03 3.937262e-02 1.595667e+00 2.811543e-03 9.999933e-01 -2.346262e-03 -4.844636e+00 -3.936591e-02 2.455131e-03 9.992218e-01 2.220430e+02
9.992058e-01 2.302716e-03 -3.977886e-02 1.576833e+00 -2.197096e-03 9.999939e-01 2.698692e-03 -4.869603e+00 3.978490e-02 -2.609151e-03 9.992048e-01 2.232247e+02
9.992111e-01 -2.729200e-03 3.961864e-02 1.559796e+00 2.825631e-03 9.999932e-01 -2.378181e-03 -4.894490e+00 -3.961182e-02 2.488252e-03 9.992120e-01 2.244004e+02
9.992109e-01 2.341056e-03 -3.964955e-02 1.532883e+00 -2.235275e-03 9.999938e-01 2.712030e-03 -4.917642e+00 3.965572e-02 -2.621263e-03 9.992099e-01 2.255092e+02
9.992221e-01 -2.763877e-03 3.933887e-02 1.511354e+00 2.859975e-03 9.999931e-01 -2.386767e-03 -4.942326e+00 -3.933193e-02 2.497417e-03 9.992230e-01 2.266827e+02
9.992079e-01 2.308314e-03 -3.972761e-02 1.500725e+00 -2.201211e-03 9.999938e-01 2.739443e-03 -4.969286e+00 3.973375e-02 -2.649825e-03 9.992067e-01 2.279473e+02
9.992402e-01 -2.671459e-03 3.888251e-02 1.505540e+00 2.766347e-03 9.999933e-01 -2.386766e-03 -4.993620e+00 -3.887581e-02 2.492514e-03 9.992409e-01 2.290592e+02
9.992043e-01 2.288857e-03 -3.981725e-02 1.505085e+00 -2.180537e-03 9.999938e-01 2.763643e-03 -5.019061e+00 3.982340e-02 -2.674622e-03 9.992031e-01 2.302325e+02
9.992179e-01 -2.691411e-03 3.944964e-02 1.510388e+00 2.789630e-03 9.999931e-01 -2.434894e-03 -5.044447e+00 -3.944275e-02 2.543039e-03 9.992185e-01 2.313952e+02
9.992215e-01 2.316138e-03 -3.938225e-02 1.517311e+00 -2.208970e-03 9.999937e-01 2.764500e-03 -5.068693e+00 3.938847e-02 -2.675354e-03 9.992203e-01 2.325013e+02
9.992313e-01 -2.671989e-03 3.911036e-02 1.527781e+00 2.769609e-03 9.999932e-01 -2.442040e-03 -5.092352e+00 -3.910350e-02 2.548482e-03 9.992318e-01 2.335730e+02
9.992198e-01 2.331058e-03 -3.942553e-02 1.550097e+00 -2.222869e-03 9.999936e-01 2.787719e-03 -5.116545e+00 3.943184e-02 -2.697907e-03 9.992185e-01 2.346500e+02
9.992417e-01 -2.698517e-03 3.884239e-02 1.589179e+00 2.795567e-03 9.999931e-01 -2.444443e-03 -5.142639e+00 -3.883546e-02 2.551175e-03 9.992423e-01 2.357862e+02
9.992063e-01 2.390374e-03 -3.976306e-02 1.671191e+00 -2.278999e-03 9.999934e-01 2.846049e-03 -5.169679e+00 3.976967e-02 -2.753170e-03 9.992050e-01 2.368798e+02
9.992497e-01 -2.620744e-03 3.864008e-02 1.828231e+00 2.717545e-03 9.999933e-01 -2.452884e-03 -5.196737e+00 -3.863332e-02 2.556049e-03 9.992501e-01 2.378458e+02
9.992141e-01 2.373763e-03 -3.956640e-02 1.994056e+00 -2.263065e-03 9.999934e-01 2.842330e-03 -5.225010e+00 3.957295e-02 -2.750556e-03 9.992128e-01 2.388596e+02
9.992317e-01 -2.646338e-03 3.910253e-02 2.185593e+00 2.746226e-03 9.999931e-01 -2.501014e-03 -5.253775e+00 -3.909557e-02 2.606476e-03 9.992320e-01 2.398662e+02
9.992233e-01 2.336231e-03 -3.933624e-02 2.258293e+00 -2.225648e-03 9.999934e-01 2.854781e-03 -5.279552e+00 3.934271e-02 -2.765016e-03 9.992219e-01 2.409260e+02
9.992216e-01 -2.747140e-03 3.935344e-02 2.310332e+00 2.849400e-03 9.999927e-01 -2.542644e-03 -5.307118e+00 -3.934610e-02 2.652797e-03 9.992220e-01 2.421158e+02
9.992147e-01 2.383780e-03 -3.955122e-02 2.360083e+00 -2.271210e-03 9.999932e-01 2.890851e-03 -5.333580e+00 3.955791e-02 -2.798752e-03 9.992133e-01 2.432529e+02
9.992227e-01 -2.706151e-03 3.932851e-02 2.417800e+00 2.808988e-03 9.999928e-01 -2.559804e-03 -5.358540e+00 -3.932124e-02 2.668287e-03 9.992230e-01 2.443017e+02
9.991791e-01 2.454474e-03 -4.043529e-02 2.627759e+00 -2.336255e-03 9.999929e-01 2.970658e-03 -5.389181e+00 4.044236e-02 -2.873753e-03 9.991777e-01 2.453478e+02
9.992215e-01 -2.760564e-03 3.935522e-02 2.871241e+00 2.864253e-03 9.999926e-01 -2.578554e-03 -5.423299e+00 -3.934774e-02 2.689269e-03 9.992219e-01 2.465024e+02
9.992398e-01 2.360854e-03 -3.891316e-02 3.033732e+00 -2.250674e-03 9.999933e-01 2.874993e-03 -5.455020e+00 3.891975e-02 -2.785227e-03 9.992384e-01 2.477104e+02
9.992766e-01 -2.725053e-03 3.793170e-02 3.366865e+00 2.821880e-03 9.999929e-01 -2.499357e-03 -5.493537e+00 -3.792455e-02 2.604587e-03 9.992771e-01 2.489333e+02
9.992334e-01 2.357831e-03 -3.907816e-02 3.551757e+00 -2.245628e-03 9.999932e-01 2.914886e-03 -5.528257e+00 3.908483e-02 -2.824896e-03 9.992318e-01 2.502091e+02
9.992553e-01 -2.806030e-03 3.848325e-02 3.586958e+00 2.907301e-03 9.999925e-01 -2.575856e-03 -5.557566e+00 -3.847566e-02 2.685820e-03 9.992558e-01 2.515057e+02
9.992247e-01 2.353220e-03 -3.929814e-02 3.631907e+00 -2.238902e-03 9.999931e-01 2.952742e-03 -5.588173e+00 3.930489e-02 -2.862469e-03 9.992231e-01 2.528447e+02
9.992865e-01 -2.638631e-03 3.767605e-02 3.774027e+00 2.735534e-03 9.999931e-01 -2.520706e-03 -5.618041e+00 -3.766908e-02 2.621971e-03 9.992867e-01 2.539530e+02
9.992395e-01 2.227618e-03 -3.892861e-02 3.798772e+00 -2.115680e-03 9.999935e-01 2.916410e-03 -5.646823e+00 3.893492e-02 -2.831832e-03 9.992376e-01 2.552289e+02
9.992835e-01 -2.671761e-03 3.775242e-02 3.810224e+00 2.770381e-03 9.999929e-01 -2.560225e-03 -5.675511e+00 -3.774525e-02 2.662979e-03 9.992838e-01 2.565300e+02
9.991799e-01 2.405086e-03 -4.041954e-02 3.900722e+00 -2.281689e-03 9.999926e-01 3.098745e-03 -5.704152e+00 4.042676e-02 -3.003979e-03 9.991779e-01 2.576541e+02
9.992400e-01 -2.811792e-03 3.887702e-02 3.934336e+00 2.918532e-03 9.999921e-01 -2.689103e-03 -5.733765e+00 -3.886909e-02 2.800523e-03 9.992403e-01 2.589478e+02
9.991908e-01 2.350524e-03 -4.015275e-02 3.963569e+00 -2.228046e-03 9.999927e-01 3.094759e-03 -5.764959e+00 4.015980e-02 -3.002793e-03 9.991887e-01 2.603345e+02
9.992370e-01 -3.000848e-03 3.894185e-02 3.994152e+00 3.109294e-03 9.999915e-01 -2.724537e-03 -5.803346e+00 -3.893328e-02 2.843539e-03 9.992377e-01 2.620696e+02
9.992030e-01 2.273812e-03 -3.985109e-02 4.041463e+00 -2.151850e-03 9.999929e-01 3.103073e-03 -5.844877e+00 3.985793e-02 -3.014847e-03 9.992007e-01 2.639330e+02
9.992202e-01 -2.833198e-03 3.938289e-02 4.067253e+00 2.944825e-03 9.999918e-01 -2.776670e-03 -5.878087e+00 -3.937463e-02 2.890480e-03 9.992202e-01 2.654392e+02
9.992012e-01 2.234265e-03 -3.990007e-02 4.067173e+00 -2.110836e-03 9.999929e-01 3.135292e-03 -5.912016e+00 3.990685e-02 -3.048566e-03 9.991987e-01 2.670213e+02
9.992293e-01 -2.771507e-03 3.915430e-02 4.116692e+00 2.882769e-03 9.999920e-01 -2.785462e-03 -5.946055e+00 -3.914620e-02 2.896188e-03 9.992292e-01 2.685166e+02
9.991962e-01 2.352106e-03 -4.001814e-02 4.183087e+00 -2.226471e-03 9.999925e-01 3.183723e-03 -5.977161e+00 4.002539e-02 -3.092065e-03 9.991938e-01 2.698320e+02
9.992343e-01 -2.740020e-03 3.902965e-02 4.206015e+00 2.852470e-03 9.999919e-01 -2.825739e-03 -6.004712e+00 -3.902153e-02 2.934906e-03 9.992340e-01 2.710612e+02
9.991967e-01 2.316565e-03 -4.000709e-02 4.234549e+00 -2.190121e-03 9.999925e-01 3.204062e-03 -6.034001e+00 4.001428e-02 -3.113868e-03 9.991942e-01 2.723663e+02
9.992587e-01 -2.722322e-03 3.840202e-02 4.321920e+00 2.830750e-03 9.999922e-01 -2.769391e-03 -6.066488e+00 -3.839411e-02 2.876043e-03 9.992584e-01 2.736932e+02
9.992076e-01 2.339573e-03 -3.973293e-02 4.406519e+00 -2.214037e-03 9.999924e-01 3.203177e-03 -6.097795e+00 3.974018e-02 -3.112669e-03 9.992051e-01 2.749767e+02
9.992524e-01 -2.752550e-03 3.856118e-02 4.484248e+00 2.863115e-03 9.999919e-01 -2.812346e-03 -6.129378e+00 -3.855307e-02 2.920648e-03 9.992522e-01 2.762914e+02
9.991919e-01 2.366667e-03 -4.012321e-02 4.606348e+00 -2.236959e-03 9.999921e-01 3.277329e-03 -6.163370e+00 4.013072e-02 -3.184927e-03 9.991893e-01 2.776261e+02
9.992596e-01 -2.793733e-03 3.837171e-02 4.730591e+00 2.903937e-03 9.999918e-01 -2.816557e-03 -6.199057e+00 -3.836347e-02 2.925900e-03 9.992595e-01 2.790327e+02
9.991942e-01 2.346283e-03 -4.006699e-02 4.839827e+00 -2.216143e-03 9.999921e-01 3.292152e-03 -6.234918e+00 4.007446e-02 -3.200705e-03 9.991915e-01 2.804775e+02
9.992514e-01 -2.825164e-03 3.858258e-02 4.924742e+00 2.938100e-03 9.999916e-01 -2.870749e-03 -6.270107e+00 -3.857408e-02 2.981959e-03 9.992512e-01 2.819451e+02
9.991936e-01 2.337193e-03 -4.008395e-02 4.994536e+00 -2.206158e-03 9.999921e-01 3.312934e-03 -6.305157e+00 4.009144e-02 -3.221831e-03 9.991907e-01 2.834374e+02
9.992511e-01 -2.791106e-03 3.859352e-02 5.054723e+00 2.905292e-03 9.999916e-01 -2.902918e-03 -6.338148e+00 -3.858503e-02 3.012869e-03 9.992507e-01 2.848474e+02
9.991832e-01 2.305995e-03 -4.034340e-02 5.122070e+00 -2.172060e-03 9.999920e-01 3.363361e-03 -6.373430e+00 4.035090e-02 -3.272986e-03 9.991801e-01 2.863480e+02
9.992680e-01 -2.949757e-03 3.814095e-02 5.223070e+00 3.061868e-03 9.999912e-01 -2.881318e-03 -6.417014e+00 -3.813205e-02 2.995991e-03 9.992681e-01 2.881722e+02
9.991979e-01 2.201832e-03 -3.998389e-02 5.303371e+00 -2.069379e-03 9.999922e-01 3.353746e-03 -6.463101e+00 3.999103e-02 -3.268315e-03 9.991946e-01 2.901683e+02
9.992865e-01 -2.725421e-03 3.766989e-02 5.399410e+00 2.835473e-03 9.999919e-01 -2.868365e-03 -6.501682e+00 -3.766171e-02 2.973130e-03 9.992860e-01 2.917601e+02
9.991870e-01 2.332009e-03 -4.024779e-02 5.509247e+00 -2.196202e-03 9.999917e-01 3.418135e-03 -6.536030e+00 4.025549e-02 -3.326964e-03 9.991838e-01 2.931247e+02
9.992824e-01 -2.636081e-03 3.778409e-02 5.694982e+00 2.748174e-03 9.999920e-01 -2.915038e-03 -6.571084e+00 -3.777604e-02 3.016784e-03 9.992816e-01 2.943854e+02
9.992004e-01 2.344532e-03 -3.991389e-02 5.921679e+00 -2.210249e-03 9.999917e-01 3.408107e-03 -6.606780e+00 3.992162e-02 -3.317162e-03 9.991972e-01 2.956173e+02
9.992539e-01 -2.718523e-03 3.852622e-02 6.136577e+00 2.835738e-03 9.999915e-01 -2.988162e-03 -6.643338e+00 -3.851771e-02 3.095183e-03 9.992530e-01 2.969240e+02
9.992102e-01 2.383083e-03 -3.966332e-02 6.332748e+00 -2.249763e-03 9.999917e-01 3.405588e-03 -6.677477e+00 3.967116e-02 -3.313666e-03 9.992072e-01 2.981552e+02
9.992610e-01 -2.649947e-03 3.834544e-02 6.680112e+00 2.766813e-03 9.999917e-01 -2.994978e-03 -6.714161e+00 -3.833713e-02 3.098860e-03 9.992600e-01 2.992552e+02
9.992022e-01 2.364632e-03 -3.986631e-02 6.880305e+00 -2.229162e-03 9.999916e-01 3.442208e-03 -6.747424e+00 3.987418e-02 -3.350594e-03 9.991990e-01 3.004264e+02
9.992405e-01 -2.740557e-03 3.886898e-02 6.939565e+00 2.862071e-03 9.999912e-01 -3.070941e-03 -6.776799e+00 -3.886017e-02 3.179854e-03 9.992395e-01 3.016692e+02
