9.982086e-01 1.948539e-03 -5.979754e-02 -8.710533e-02 -1.751343e-03 9.999929e-01 3.349952e-03 -1.827633e-03 5.980363e-02 -3.239224e-03 9.982048e-01 3.964710e-01
9.997603e-01 -7.424109e-04 2.188140e-02 -1.572943e-01 7.686459e-04 9.999990e-01 -1.190572e-03 -8.444348e-03 -2.188050e-02 1.207107e-03 9.997598e-01 9.397567e-01
9.987101e-01 1.545040e-03 -5.075151e-02 -1.619184e-01 -1.402651e-03 9.999950e-01 2.841115e-03 -1.765627e-02 5.075563e-02 -2.766262e-03 9.987072e-01 1.512907e+00
9.991225e-01 -1.464602e-03 4.185879e-02 -1.178572e-01 1.565609e-03 9.999959e-01 -2.380368e-03 -3.292523e-02 -4.185515e-02 2.443815e-03 9.991206e-01 2.249139e+00
9.990438e-01 1.302281e-03 -4.370212e-02 -7.549267e-02 -1.196245e-03 9.999963e-01 2.452393e-03 -5.014467e-02 4.370514e-02 -2.397768e-03 9.990415e-01 3.083149e+00
9.989066e-01 -1.422257e-03 4.672956e-02 -3.315436e-02 1.545372e-03 9.999954e-01 -2.598592e-03 -6.608648e-02 -4.672566e-02 2.667966e-03 9.989041e-01 3.886574e+00
9.991011e-01 1.291458e-03 -4.237157e-02 1.964516e-02 -1.190756e-03 9.999964e-01 2.401785e-03 -8.158516e-02 4.237451e-02 -2.349170e-03 9.990989e-01 4.649942e+00
9.994280e-01 -1.191558e-03 3.379851e-02 4.111276e-02 1.258011e-03 9.999973e-01 -1.944965e-03 -9.494518e-02 -3.379611e-02 1.986372e-03 9.994267e-01 5.323172e+00
9.988215e-01 1.562740e-03 -4.850870e-02 5.009122e-02 -1.430572e-03 9.999952e-01 2.759217e-03 -1.066726e-01 4.851276e-02 -2.686569e-03 9.988188e-01 5.964459e+00
9.992442e-01 -1.292691e-03 3.885156e-02 7.790203e-02 1.379823e-03 9.999966e-01 -2.215947e-03 -1.165171e-01 -3.884858e-02 2.267882e-03 9.992424e-01 6.467864e+00
9.983668e-01 1.748467e-03 -5.710153e-02 1.064818e-01 -1.564039e-03 9.999934e-01 3.274361e-03 -1.265407e-01 5.710686e-02 -3.179703e-03 9.983629e-01 6.997900e+00
9.988971e-01 -1.508246e-03 4.692941e-02 1.330744e-01 1.638468e-03 9.999949e-01 -2.736494e-03 -1.396911e-01 -4.692507e-02 2.810370e-03 9.988944e-01 7.662824e+00
9.989566e-01 1.508478e-03 -4.564474e-02 1.837015e-01 -1.384393e-03 9.999953e-01 2.749965e-03 -1.508682e-01 4.564865e-02 -2.683904e-03 9.989539e-01 8.184242e+00
9.987894e-01 -1.602736e-03 4.916467e-02 2.351721e-01 1.747504e-03 9.999943e-01 -2.901697e-03 -1.664550e-01 -4.915976e-02 2.984102e-03 9.987864e-01 8.954024e+00
9.990207e-01 1.544157e-03 -4.421829e-02 3.086210e-01 -1.426831e-03 9.999954e-01 2.684786e-03 -1.812274e-01 4.422221e-02 -2.619064e-03 9.990182e-01 9.651182e+00
9.989416e-01 -1.658182e-03 4.596585e-02 3.599597e-01 1.786532e-03 9.999946e-01 -2.751339e-03 -1.962776e-01 -4.596106e-02 2.830548e-03 9.989391e-01 1.037649e+01
9.991150e-01 1.527495e-03 -4.203514e-02 4.522741e-01 -1.421699e-03 9.999957e-01 2.546622e-03 -2.119533e-01 4.203884e-02 -2.484605e-03 9.991128e-01 1.107520e+01
9.988225e-01 -1.609043e-03 4.848747e-02 5.797828e-01 1.748052e-03 9.999945e-01 -2.824643e-03 -2.257519e-01 -4.848268e-02 2.906077e-03 9.988197e-01 1.163888e+01
9.990187e-01 1.515877e-03 -4.426494e-02 7.054217e-01 -1.400298e-03 9.999955e-01 2.641964e-03 -2.390907e-01 4.426873e-02 -2.577386e-03 9.990162e-01 1.215561e+01
9.986819e-01 -1.463163e-03 5.130659e-02 8.651322e-01 1.614703e-03 9.999945e-01 -2.912284e-03 -2.496257e-01 -5.130206e-02 2.991292e-03 9.986786e-01 1.250196e+01
9.995180e-01 1.883818e-03 -3.098600e-02 1.022668e+00 -1.815019e-03 9.999958e-01 2.248296e-03 -2.493848e-01 3.099009e-02 -2.190971e-03 9.995172e-01 1.237964e+01
9.985510e-01 -1.564411e-03 5.379023e-02 1.217840e+00 1.724471e-03 9.999942e-01 -2.929351e-03 -2.518372e-01 -5.378535e-02 3.017867e-03 9.985479e-01 1.237247e+01
9.993267e-01 1.807983e-03 -3.664481e-02 1.386116e+00 -1.723434e-03 9.999958e-01 2.338689e-03 -2.580892e-01 3.664887e-02 -2.273958e-03 9.993255e-01 1.256770e+01
9.990952e-01 -1.786714e-03 4.249248e-02 1.495858e+00 1.895949e-03 9.999950e-01 -2.530537e-03 -2.644627e-01 -4.248775e-02 2.608812e-03 9.990935e-01 1.274701e+01
9.992579e-01 1.884567e-03 -3.847333e-02 1.531213e+00 -1.794888e-03 9.999956e-01 2.365345e-03 -2.598866e-01 3.847761e-02 -2.294534e-03 9.992567e-01 1.241115e+01
9.991066e-01 -1.742562e-03 4.222450e-02 1.514486e+00 1.852171e-03 9.999950e-01 -2.556869e-03 -2.494422e-01 -4.221984e-02 2.632792e-03 9.991048e-01 1.181822e+01
9.992084e-01 1.886766e-03 -3.973737e-02 1.378762e+00 -1.797913e-03 9.999958e-01 2.271634e-03 -2.310421e-01 3.974148e-02 -2.198390e-03 9.992075e-01 1.094426e+01
9.990497e-01 -1.707642e-03 4.355223e-02 1.245573e+00 1.824683e-03 9.999948e-01 -2.647750e-03 -2.118667e-01 -4.354749e-02 2.724704e-03 9.990475e-01 1.003382e+01
9.992434e-01 1.851280e-03 -3.884832e-02 1.223550e+00 -1.757014e-03 9.999954e-01 2.460513e-03 -1.985909e-01 3.885269e-02 -2.390393e-03 9.992420e-01 9.282001e+00
9.991917e-01 -1.740238e-03 4.016155e-02 1.123615e+00 1.851268e-03 9.999946e-01 -2.727574e-03 -1.826362e-01 -4.015660e-02 2.799720e-03 9.991894e-01 8.478924e+00
9.993101e-01 1.872926e-03 -3.709088e-02 1.030129e+00 -1.782257e-03 9.999953e-01 2.477401e-03 -1.637379e-01 3.709534e-02 -2.409585e-03 9.993087e-01 7.492334e+00
9.989024e-01 -1.549705e-03 4.681399e-02 9.207944e-01 1.693869e-03 9.999939e-01 -3.039989e-03 -1.454494e-01 -4.680900e-02 3.115950e-03 9.988989e-01 6.637764e+00
9.992671e-01 1.883082e-03 -3.823336e-02 6.878201e-01 -1.792959e-03 9.999955e-01 2.391317e-03 -1.199770e-01 3.823769e-02 -2.321013e-03 9.992659e-01 5.564179e+00
9.988390e-01 -1.535368e-03 4.814800e-02 4.301260e-01 1.688696e-03 9.999936e-01 -3.144003e-03 -8.808971e-02 -4.814287e-02 3.221661e-03 9.988352e-01 4.154740e+00
9.991212e-01 1.622623e-03 -4.188202e-02 4.989496e-01 -1.498736e-03 9.999944e-01 2.989230e-03 -7.913831e-02 4.188663e-02 -2.923833e-03 9.991180e-01 3.513475e+00
9.990180e-01 -1.579942e-03 4.427884e-02 6.159474e-01 1.719079e-03 9.999937e-01 -3.104394e-03 -7.731146e-02 -4.427366e-02 3.177465e-03 9.990143e-01 3.188090e+00
9.991256e-01 1.714433e-03 -4.177440e-02 5.452464e-01 -1.595818e-03 9.999946e-01 2.872609e-03 -6.129359e-02 4.177910e-02 -2.803432e-03 9.991228e-01 2.344380e+00
9.990878e-01 -1.590115e-03 4.267353e-02 4.316867e-01 1.720221e-03 9.999940e-01 -3.012327e-03 -4.654845e-02 -4.266849e-02 3.082987e-03 9.990844e-01 1.630539e+00
9.990888e-01 1.689795e-03 -4.264616e-02 3.000845e-01 -1.567866e-03 9.999946e-01 2.892366e-03 -3.284093e-02 4.265081e-02 -2.822866e-03 9.990860e-01 9.929582e-01
9.991270e-01 -1.579192e-03 4.174676e-02 1.526698e-01 1.702861e-03 9.999943e-01 -2.926974e-03 -2.092661e-02 -4.174191e-02 2.995508e-03 9.991238e-01 4.727343e-01
9.991217e-01 1.706095e-03 -4.186825e-02 -9.988398e-02 -1.594013e-03 9.999951e-01 2.710251e-03 -1.053414e-03 4.187267e-02 -2.641132e-03 9.991194e-01 -3.532438e-01
9.990983e-01 -1.582355e-03 4.242709e-02 -3.057479e-01 1.706591e-03 9.999944e-01 -2.892160e-03 1.684677e-02 -4.242227e-02 2.961958e-03 9.990953e-01 -1.133557e+00
9.989286e-01 1.568780e-03 -4.625167e-02 -2.712221e-01 -1.424712e-03 9.999940e-01 3.147690e-03 1.571029e-02 4.625633e-02 -3.078421e-03 9.989248e-01 -1.181535e+00
9.999500e-01 -6.535219e-04 9.976337e-03 -1.757151e-01 6.633438e-04 9.999993e-01 -9.812325e-04 1.537247e-02 -9.975695e-03 9.878018e-04 9.999497e-01 -1.205417e+00
9.982520e-01 2.108407e-03 -5.906415e-02 -1.394615e-01 -1.884106e-03 9.999908e-01 3.852999e-03 1.923305e-02 5.907172e-02 -3.734980e-03 9.982467e-01 -1.316097e+00
9.988181e-01 -1.770038e-03 4.857318e-02 -1.073502e-01 1.923840e-03 9.999933e-01 -3.119838e-03 1.653803e-02 -4.856735e-02 3.209599e-03 9.988147e-01 -1.223663e+00
9.987082e-01 1.847252e-03 -5.077819e-02 -1.815460e-01 -1.686942e-03 9.999935e-01 3.199752e-03 2.149975e-02 5.078376e-02 -3.109958e-03 9.987047e-01 -1.456571e+00
9.987209e-01 -1.703715e-03 5.053392e-02 -2.795631e-01 1.870437e-03 9.999930e-01 -3.252110e-03 3.399303e-02 -5.052803e-02 3.342472e-03 9.987170e-01 -2.075484e+00
9.987304e-01 1.810375e-03 -5.034124e-02 -3.524664e-01 -1.650624e-03 9.999935e-01 3.214745e-03 4.321953e-02 5.034671e-02 -3.127568e-03 9.987268e-01 -2.549085e+00
9.987312e-01 -1.730887e-03 5.032880e-02 -3.517138e-01 1.894441e-03 9.999931e-01 -3.202176e-03 4.640395e-02 -5.032292e-02 3.293459e-03 9.987275e-01 -2.785321e+00
9.987289e-01 1.829463e-03 -5.037097e-02 -3.881298e-01 -1.670458e-03 9.999935e-01 3.198582e-03 5.417527e-02 5.037648e-02 -3.110373e-03 9.987254e-01 -3.229973e+00
9.987588e-01 -1.691001e-03 4.978038e-02 -5.214919e-01 1.853440e-03 9.999931e-01 -3.217135e-03 6.541917e-02 -4.977461e-02 3.305408e-03 9.987549e-01 -3.729542e+00
9.987644e-01 1.743537e-03 -4.966580e-02 -4.366989e-01 -1.579890e-03 9.999932e-01 3.334026e-03 6.682638e-02 4.967126e-02 -3.251439e-03 9.987602e-01 -4.001147e+00
9.987195e-01 -1.802770e-03 5.055799e-02 -2.883921e-01 1.972094e-03 9.999926e-01 -3.299415e-03 5.770382e-02 -5.055168e-02 3.394896e-03 9.987156e-01 -3.770479e+00
9.977393e-01 2.193799e-03 -6.716678e-02 -2.002704e-01 -1.905782e-03 9.999887e-01 4.351866e-03 5.143513e-02 6.717556e-02 -4.214022e-03 9.977322e-01 -3.551519e+00
9.998826e-01 -6.946498e-04 1.530741e-02 -8.671803e-02 7.136038e-04 9.999990e-01 -1.232780e-03 5.265190e-02 -1.530656e-02 1.243560e-03 9.998820e-01 -3.606389e+00
9.995715e-01 8.345370e-04 -2.926027e-02 9.103265e-03 -7.763199e-04 9.999977e-01 2.000927e-03 4.222180e-02 2.926185e-02 -1.977353e-03 9.995697e-01 -3.161840e+00
9.996040e-01 -1.129311e-03 2.811668e-02 4.645748e-02 1.186038e-03 9.999973e-01 -2.000946e-03 2.564288e-02 -2.811437e-02 2.033502e-03 9.996025e-01 -2.352822e+00
9.995636e-01 8.893066e-04 -2.952666e-02 6.943999e-02 -8.288807e-04 9.999975e-01 2.058656e-03 1.119836e-02 2.952840e-02 -2.033282e-03 9.995618e-01 -1.629037e+00
9.995999e-01 -1.023374e-03 2.826624e-02 2.819701e-02 1.082359e-03 9.999973e-01 -2.071547e-03 7.310229e-03 -2.826406e-02 2.101313e-03 9.995982e-01 -1.407060e+00
9.995747e-01 1.018066e-03 -2.914538e-02 -1.502629e-02 -9.591420e-04 9.999975e-01 2.035635e-03 1.359179e-02 2.914736e-02 -2.006813e-03 9.995730e-01 -1.755982e+00
9.995670e-01 -9.683593e-04 2.941001e-02 -6.145428e-02 1.030601e-03 9.999973e-01 -2.101267e-03 2.447730e-02 -2.940792e-02 2.130669e-03 9.995651e-01 -2.353891e+00
9.995592e-01 9.795104e-04 -2.967323e-02 -1.022699e-01 -9.184418e-04 9.999974e-01 2.071592e-03 3.171235e-02 2.967516e-02 -2.043425e-03 9.995574e-01 -2.755485e+00
9.996493e-01 -1.025734e-03 2.646024e-02 -1.074769e-01 1.075003e-03 9.999977e-01 -1.847835e-03 3.139104e-02 -2.645831e-02 1.875634e-03 9.996481e-01 -2.787530e+00
9.995924e-01 9.175908e-04 -2.853359e-02 -2.750684e-03 -8.618456e-04 9.999977e-01 1.965900e-03 3.167645e-02 2.853530e-02 -1.940506e-03 9.995908e-01 -3.012488e+00
9.995677e-01 -9.276695e-04 2.938646e-02 5.905812e-02 9.874711e-04 9.999975e-01 -2.020552e-03 3.855297e-02 -2.938454e-02 2.048699e-03 9.995660e-01 -3.556760e+00
9.995950e-01 9.364848e-04 -2.844124e-02 5.879794e-02 -8.822602e-04 9.999978e-01 1.919034e-03 5.177356e-02 2.844295e-02 -1.893163e-03 9.995935e-01 -4.358072e+00
9.996106e-01 -1.028048e-03 2.788388e-02 1.737211e-01 1.078799e-03 9.999978e-01 -1.805080e-03 5.647121e-02 -2.788198e-02 1.834460e-03 9.996094e-01 -4.847880e+00
9.995580e-01 7.932605e-04 -2.971740e-02 3.633926e-01 -7.338260e-04 9.999977e-01 2.010839e-03 4.852856e-02 2.971890e-02 -1.988141e-03 9.995562e-01 -4.751770e+00
9.996066e-01 -1.036016e-03 2.802821e-02 4.915087e-01 1.090529e-03 9.999975e-01 -1.929691e-03 3.486509e-02 -2.802617e-02 1.959499e-03 9.996052e-01 -4.257155e+00
9.995785e-01 9.543227e-04 -2.901501e-02 5.957990e-01 -8.971517e-04 9.999976e-01 1.983344e-03 3.625435e-02 2.901681e-02 -1.956476e-03 9.995769e-01 -4.546702e+00
9.995740e-01 -9.328445e-04 2.917241e-02 5.457879e-01 9.942254e-04 9.999973e-01 -2.089633e-03 5.285669e-02 -2.917041e-02 2.117748e-03 9.995721e-01 -5.462870e+00
9.995767e-01 9.526563e-04 -2.907630e-02 4.878771e-01 -8.948920e-04 9.999976e-01 1.999589e-03 6.954378e-02 2.907812e-02 -1.972721e-03 9.995751e-01 -6.371702e+00
9.996177e-01 -1.001458e-03 2.763174e-02 5.143354e-01 1.054054e-03 9.999977e-01 -1.888954e-03 7.943862e-02 -2.762981e-02 1.917358e-03 9.996163e-01 -7.013151e+00
9.995811e-01 9.072623e-04 -2.892609e-02 6.232974e-01 -8.477176e-04 9.999975e-01 2.070706e-03 7.843279e-02 2.892787e-02 -2.045316e-03 9.995793e-01 -7.171123e+00
9.996126e-01 -1.007359e-03 2.781352e-02 7.049170e-01 1.062650e-03 9.999975e-01 -1.973229e-03 7.418522e-02 -2.781148e-02 2.002022e-03 9.996111e-01 -7.105406e+00
9.995954e-01 9.697581e-04 -2.842712e-02 7.049605e-01 -9.146626e-04 9.999977e-01 1.951063e-03 7.789552e-02 2.842893e-02 -1.924271e-03 9.995939e-01 -7.376514e+00
9.996059e-01 -1.000205e-03 2.805303e-02 7.350564e-01 1.055102e-03 9.999976e-01 -1.942130e-03 8.290573e-02 -2.805104e-02 1.970965e-03 9.996045e-01 -7.761076e+00
9.995840e-01 1.017430e-03 -2.882197e-02 6.853052e-01 -9.622777e-04 9.999977e-01 1.927358e-03 9.082251e-02 2.882384e-02 -1.898820e-03 9.995826e-01 -8.186012e+00
9.996076e-01 -1.079514e-03 2.799136e-02 7.352809e-01 1.129660e-03 9.999978e-01 -1.775704e-03 9.039954e-02 -2.798940e-02 1.806630e-03 9.996065e-01 -8.290971e+00
9.995961e-01 1.092040e-03 -2.839780e-02 6.896920e-01 -1.044874e-03 9.999981e-01 1.675708e-03 9.988787e-02 2.839955e-02 -1.645358e-03 9.995952e-01 -8.814252e+00
9.995465e-01 -9.566985e-04 3.009676e-02 3.734238e-01 1.023102e-03 9.999971e-01 -2.191003e-03 1.305264e-01 -3.009460e-02 2.220803e-03 9.995445e-01 -1.015400e+01
9.996320e-01 1.135913e-03 -2.710216e-02 -1.119352e-01 -1.096830e-03 9.999983e-01 1.456877e-03 1.708133e-01 2.710375e-02 -1.426613e-03 9.996315e-01 -1.180934e+01
9.995507e-01 -9.615984e-04 2.995905e-02 -5.066041e-01 1.023748e-03 9.999974e-01 -2.059218e-03 2.074275e-01 -2.995702e-02 2.088965e-03 9.995489e-01 -1.337767e+01
9.995666e-01 1.020381e-03 -2.942212e-02 -6.809127e-01 -9.674390e-04 9.999979e-01 1.813573e-03 2.285626e-01 2.942389e-02 -1.784321e-03 9.995653e-01 -1.437737e+01
9.996044e-01 -1.087961e-03 2.810545e-02 -6.452391e-01 1.135832e-03 9.999979e-01 -1.687331e-03 2.310314e-01 -2.810358e-02 1.718587e-03 9.996034e-01 -1.462501e+01
9.995734e-01 1.014929e-03 -2.918953e-02 -6.246574e-01 -9.657550e-04 9.999981e-01 1.698699e-03 2.311328e-01 2.919118e-02 -1.669783e-03 9.995724e-01 -1.471905e+01
9.995681e-01 -9.459815e-04 2.937228e-02 -8.090609e-01 1.002897e-03 9.999976e-01 -1.923042e-03 2.499970e-01 -2.937042e-02 1.951670e-03 9.995666e-01 -1.557803e+01
9.995643e-01 9.927392e-04 -2.949814e-02 -9.439263e-01 -9.399198e-04 9.999979e-01 1.804410e-03 2.646362e-01 2.949985e-02 -1.775897e-03 9.995631e-01 -1.626623e+01
9.996054e-01 -1.044884e-03 2.806869e-02 -9.674310e-01 1.093642e-03 9.999979e-01 -1.721816e-03 2.669452e-01 -2.806686e-02 1.751835e-03 9.996044e-01 -1.642070e+01
9.995509e-01 9.657402e-04 -2.994943e-02 -9.653896e-01 -9.124944e-04 9.999980e-01 1.791470e-03 2.670487e-01 2.995108e-02 -1.763335e-03 9.995497e-01 -1.648859e+01
9.995752e-01 -9.569904e-04 2.912805e-02 -1.059976e+00 1.012287e-03 9.999977e-01 -1.883691e-03 2.820919e-01 -2.912620e-02 1.912378e-03 9.995738e-01 -1.725414e+01
9.995350e-01 9.291329e-04 -3.047861e-02 -1.108155e+00 -8.715410e-04 9.999978e-01 1.902810e-03 2.967177e-01 3.048029e-02 -1.875361e-03 9.995335e-01 -1.806334e+01
9.995614e-01 -9.285712e-04 2.959930e-02 -1.166607e+00 9.867972e-04 9.999976e-01 -1.952588e-03 3.102193e-01 -2.959744e-02 1.980941e-03 9.995598e-01 -1.879348e+01
9.995721e-01 9.835232e-04 -2.923437e-02 -1.348387e+00 -9.346526e-04 9.999981e-01 1.685297e-03 3.318144e-01 2.923595e-02 -1.657251e-03 9.995711e-01 -1.980904e+01
9.995575e-01 -9.201119e-04 2.973275e-02 -1.545029e+00 9.798043e-04 9.999975e-01 -1.993118e-03 3.569457e-01 -2.973086e-02 2.021369e-03 9.995558e-01 -2.100609e+01
9.995309e-01 9.417123e-04 -3.061237e-02 -1.594865e+00 -8.799456e-04 9.999976e-01 2.031109e-03 3.650204e-01 3.061418e-02 -2.003218e-03 9.995292e-01 -2.144439e+01
9.995648e-01 -1.060992e-03 2.947955e-02 -1.527838e+00 1.119801e-03 9.999974e-01 -1.978446e-03 3.583154e-01 -2.947739e-02 2.010597e-03 9.995633e-01 -2.122627e+01
9.995418e-01 9.522849e-04 -3.025361e-02 -1.488914e+00 -8.900200e-04 9.999975e-01 2.071493e-03 3.545211e-01 3.025548e-02 -2.043617e-03 9.995400e-01 -2.113074e+01
9.995719e-01 -1.047726e-03 2.923788e-02 -1.456345e+00 1.106077e-03 9.999974e-01 -1.979629e-03 3.503662e-01 -2.923575e-02 2.011122e-03 9.995704e-01 -2.100383e+01
9.994379e-01 8.379077e-04 -3.351498e-02 -1.388053e+00 -7.647268e-04 9.999973e-01 2.196281e-03 3.355667e-01 3.351671e-02 -2.169415e-03 9.994357e-01 -2.036615e+01
9.995973e-01 -9.753430e-04 2.835813e-02 -1.350861e+00 1.031906e-03 9.999975e-01 -1.980039e-03 3.202852e-01 -2.835615e-02 2.008505e-03 9.995958e-01 -1.964710e+01
9.994159e-01 9.140101e-04 -3.416145e-02 -1.318512e+00 -8.376553e-04 9.999971e-01 2.249357e-03 3.069102e-01 3.416338e-02 -2.219427e-03 9.994137e-01 -1.901842e+01
9.995560e-01 -1.064457e-03 2.977738e-02 -1.251868e+00 1.124964e-03 9.999973e-01 -2.015284e-03 2.941427e-01 -2.977518e-02 2.047889e-03 9.995544e-01 -1.847914e+01
9.994618e-01 7.121631e-04 -3.279592e-02 -1.057074e+00 -6.418137e-04 9.999975e-01 2.155538e-03 2.769817e-01 3.279734e-02 -2.133328e-03 9.994596e-01 -1.790909e+01
9.995331e-01 -1.049844e-03 3.053718e-02 -8.339570e-01 1.113518e-03 9.999972e-01 -2.068196e-03 2.611889e-01 -3.053495e-02 2.101235e-03 9.995314e-01 -1.744989e+01
9.995084e-01 8.583487e-04 -3.134184e-02 -7.138245e-01 -7.930830e-04 9.999975e-01 2.094751e-03 2.512846e-01 3.134353e-02 -2.068863e-03 9.995064e-01 -1.714137e+01
9.995404e-01 -9.956451e-04 3.029730e-02 -6.332950e-01 1.058589e-03 9.999973e-01 -2.061579e-03 2.438458e-01 -3.029520e-02 2.092705e-03 9.995387e-01 -1.691073e+01
9.994964e-01 7.728891e-04 -3.172398e-02 -5.063789e-01 -7.050044e-04 9.999974e-01 2.150978e-03 2.322880e-01 3.172554e-02 -2.127528e-03 9.994943e-01 -1.652737e+01
9.995602e-01 -1.046718e-03 2.963631e-02 -3.242403e-01 1.106959e-03 9.999974e-01 -2.016318e-03 2.196800e-01 -2.963415e-02 2.048238e-03 9.995586e-01 -1.617475e+01
9.994757e-01 8.116543e-04 -3.236617e-02 1.762676e-02 -7.358514e-04 9.999970e-01 2.353877e-03 2.127817e-01 3.236796e-02 -2.328825e-03 9.994732e-01 -1.634474e+01
9.995054e-01 -1.078547e-03 3.142916e-02 3.126334e-01 1.146987e-03 9.999970e-01 -2.159648e-03 2.046512e-01 -3.142677e-02 2.194630e-03 9.995035e-01 -1.639882e+01
9.995181e-01 9.251809e-04 -3.102613e-02 4.704794e-01 -8.601932e-04 9.999974e-01 2.107891e-03 1.985723e-01 3.102798e-02 -2.080186e-03 9.995163e-01 -1.635352e+01
9.995384e-01 -1.066072e-03 3.036136e-02 5.971123e-01 1.126691e-03 9.999974e-01 -1.979536e-03 1.970496e-01 -3.035920e-02 2.012831e-03 9.995369e-01 -1.651974e+01
9.995069e-01 8.493927e-04 -3.138989e-02 7.732748e-01 -7.851551e-04 9.999976e-01 2.058706e-03 1.877320e-01 3.139154e-02 -2.033043e-03 9.995050e-01 -1.633355e+01
9.995668e-01 -9.927748e-04 2.941372e-02 9.635030e-01 1.046324e-03 9.999978e-01 -1.805194e-03 1.856574e-01 -2.941189e-02 1.835190e-03 9.995656e-01 -1.654556e+01
9.995016e-01 8.549877e-04 -3.155633e-02 1.119736e+00 -7.882027e-04 9.999974e-01 2.128749e-03 1.833256e-01 3.155804e-02 -2.102813e-03 9.994996e-01 -1.668556e+01
9.995343e-01 -1.055749e-03 3.049700e-02 1.215682e+00 1.121031e-03 9.999971e-01 -2.123576e-03 1.709676e-01 -3.049470e-02 2.156777e-03 9.995325e-01 -1.621433e+01
9.994961e-01 9.067472e-04 -3.172874e-02 1.331942e+00 -8.369454e-04 9.999972e-01 2.213161e-03 1.622604e-01 3.173063e-02 -2.185489e-03 9.994940e-01 -1.596747e+01
9.995423e-01 -1.062210e-03 3.023351e-02 1.453086e+00 1.126764e-03 9.999971e-01 -2.118199e-03 1.528948e-01 -3.023120e-02 2.151297e-03 9.995405e-01 -1.569232e+01
9.994921e-01 8.067744e-04 -3.185882e-02 1.654507e+00 -7.359098e-04 9.999972e-01 2.235988e-03 1.416546e-01 3.186050e-02 -2.211406e-03 9.994898e-01 -1.544152e+01
9.995337e-01 -9.307628e-04 3.052010e-02 1.805536e+00 9.958269e-04 9.999973e-01 -2.116704e-03 1.379781e-01 -3.051808e-02 2.146112e-03 9.995318e-01 -1.552169e+01
9.995019e-01 9.009709e-04 -3.154724e-02 1.910281e+00 -8.278716e-04 9.999969e-01 2.330119e-03 1.433019e-01 3.154922e-02 -2.302839e-03 9.994994e-01 -1.601360e+01
9.995328e-01 -9.621557e-04 3.055021e-02 2.025587e+00 1.029970e-03 9.999970e-01 -2.204113e-03 1.451150e-01 -3.054802e-02 2.234551e-03 9.995307e-01 -1.633828e+01
9.995107e-01 8.887407e-04 -3.126482e-02 2.121418e+00 -8.169164e-04 9.999970e-01 2.309980e-03 1.467835e-01 3.126675e-02 -2.283308e-03 9.995084e-01 -1.663126e+01
9.995324e-01 -9.574110e-04 3.056203e-02 2.195708e+00 1.027325e-03 9.999969e-01 -2.271994e-03 1.474231e-01 -3.055979e-02 2.302330e-03 9.995302e-01 -1.683608e+01
9.995196e-01 9.288581e-04 -3.097870e-02 2.254189e+00 -8.570033e-04 9.999969e-01 2.332683e-03 1.520471e-01 3.098074e-02 -2.305012e-03 9.995172e-01 -1.723796e+01
9.995362e-01 -9.130514e-04 3.043869e-02 2.248161e+00 9.851402e-04 9.999967e-01 -2.353405e-03 1.624918e-01 -3.043647e-02 2.382302e-03 9.995338e-01 -1.786829e+01
9.995230e-01 9.365193e-04 -3.086907e-02 2.166807e+00 -8.661852e-04 9.999970e-01 2.291752e-03 1.775466e-01 3.087110e-02 -2.263919e-03 9.995207e-01 -1.864996e+01
9.995319e-01 -9.178743e-04 3.058058e-02 2.166720e+00 9.893765e-04 9.999968e-01 -2.323100e-03 1.895793e-01 -3.057838e-02 2.352269e-03 9.995295e-01 -1.938050e+01
9.995494e-01 9.699372e-04 -3.000058e-02 1.989301e+00 -9.114726e-04 9.999977e-01 1.962390e-03 2.170612e-01 3.000239e-02 -1.934160e-03 9.995479e-01 -2.073369e+01
9.995239e-01 -8.938639e-04 3.084118e-02 1.823554e+00 9.651447e-04 9.999969e-01 -2.296400e-03 2.444446e-01 -3.083906e-02 2.325075e-03 9.995216e-01 -2.210035e+01
9.995205e-01 8.997060e-04 -3.095171e-02 1.760110e+00 -8.334657e-04 9.999973e-01 2.152947e-03 2.667128e-01 3.095353e-02 -2.126116e-03 9.995185e-01 -2.331494e+01
9.995397e-01 -8.978938e-04 3.032595e-02 1.749471e+00 9.642332e-04 9.999972e-01 -2.172983e-03 2.841626e-01 -3.032394e-02 2.201225e-03 9.995376e-01 -2.433609e+01
9.995536e-01 9.660164e-04 -2.986024e-02 1.558313e+00 -9.103964e-04 9.999978e-01 1.876212e-03 3.061343e-01 2.986196e-02 -1.848189e-03 9.995522e-01 -2.535933e+01
9.995329e-01 -8.955335e-04 3.054857e-02 1.397565e+00 9.609563e-04 9.999973e-01 -2.126977e-03 3.266778e-01 -3.054661e-02 2.155340e-03 9.995309e-01 -2.634257e+01
9.995367e-01 9.321678e-04 -3.042105e-02 1.280398e+00 -8.734477e-04 9.999977e-01 1.943471e-03 3.453178e-01 3.042276e-02 -1.915999e-03 9.995352e-01 -2.727682e+01
9.995359e-01 -9.019432e-04 3.045039e-02 1.178620e+00 9.669524e-04 9.999973e-01 -2.120257e-03 3.660945e-01 -3.044843e-02 2.148718e-03 9.995339e-01 -2.835548e+01
9.995165e-01 8.440465e-04 -3.108138e-02 1.248709e+00 -7.741784e-04 9.999971e-01 2.259870e-03 3.688307e-01 3.108317e-02 -2.234714e-03 9.995142e-01 -2.866947e+01
9.995615e-01 -1.137833e-03 2.959029e-02 1.368881e+00 1.205408e-03 9.999967e-01 -2.265931e-03 3.525169e-01 -2.958765e-02 2.300607e-03 9.995594e-01 -2.803245e+01
9.994725e-01 8.840875e-04 -3.246574e-02 1.645133e+00 -8.024735e-04 9.999965e-01 2.526790e-03 3.443033e-01 3.246784e-02 -2.499403e-03 9.994696e-01 -2.805408e+01
9.995292e-01 -1.069981e-03 3.066170e-02 1.893209e+00 1.138131e-03 9.999969e-01 -2.205264e-03 3.422798e-01 -3.065927e-02 2.239124e-03 9.995273e-01 -2.834360e+01
9.994852e-01 7.972498e-04 -3.207411e-02 2.060912e+00 -7.244713e-04 9.999971e-01 2.280625e-03 3.271183e-01 3.207580e-02 -2.256212e-03 9.994828e-01 -2.782502e+01
9.995465e-01 -9.719510e-04 3.009688e-02 2.292577e+00 1.035782e-03 9.999972e-01 -2.105308e-03 3.213444e-01 -3.009478e-02 2.135528e-03 9.995447e-01 -2.790687e+01
9.994813e-01 8.474763e-04 -3.219302e-02 2.566933e+00 -7.670182e-04 9.999966e-01 2.511503e-03 3.204203e-01 3.219500e-02 -2.485506e-03 9.994784e-01 -2.827934e+01
9.995634e-01 -1.046406e-03 2.952747e-02 2.766608e+00 1.113417e-03 9.999968e-01 -2.253097e-03 3.103928e-01 -2.952505e-02 2.284991e-03 9.995613e-01 -2.807200e+01
9.997091e-01 5.644822e-04 -2.411231e-02 3.024430e+00 -5.207492e-04 9.999982e-01 1.819955e-03 2.855600e-01 2.411326e-02 -1.806868e-03 9.997075e-01 -2.715421e+01
9.995386e-01 -9.828085e-04 3.035813e-02 3.323354e+00 1.053290e-03 9.999968e-01 -2.305762e-03 2.619655e-01 -3.035579e-02 2.336675e-03 9.995363e-01 -2.636894e+01
9.995128e-01 7.862217e-04 -3.120230e-02 3.491459e+00 -7.121851e-04 9.999969e-01 2.383831e-03 2.497447e-01 3.120405e-02 -2.360447e-03 9.995101e-01 -2.600648e+01
9.995503e-01 -9.906435e-04 2.996961e-02 3.654315e+00 1.058965e-03 9.999969e-01 -2.263890e-03 2.378687e-01 -2.996730e-02 2.294610e-03 9.995481e-01 -2.565315e+01
9.995091e-01 8.347961e-04 -3.131999e-02 3.809421e+00 -7.589699e-04 9.999968e-01 2.432821e-03 2.289175e-01 3.132189e-02 -2.407854e-03 9.995064e-01 -2.544212e+01
9.994882e-01 -1.023747e-03 3.197281e-02 3.932554e+00 1.103458e-03 9.999963e-01 -2.475509e-03 2.165717e-01 -3.197019e-02 2.509524e-03 9.994856e-01 -2.499954e+01
9.994889e-01 8.489707e-04 -3.195591e-02 4.027450e+00 -7.705252e-04 9.999967e-01 2.467035e-03 2.044721e-01 3.195787e-02 -2.441150e-03 9.994861e-01 -2.452497e+01
9.995606e-01 -9.042587e-04 2.962884e-02 4.140442e+00 9.712474e-04 9.999970e-01 -2.246604e-03 2.035266e-01 -2.962675e-02 2.274395e-03 9.995583e-01 -2.467563e+01
9.994728e-01 9.021503e-04 -3.245606e-02 4.222839e+00 -8.210498e-04 9.999965e-01 2.512011e-03 2.097810e-01 3.245818e-02 -2.484037e-03 9.994699e-01 -2.517623e+01
9.995169e-01 -9.222831e-04 3.106730e-02 4.261739e+00 9.958608e-04 9.999967e-01 -2.352931e-03 2.101938e-01 -3.106506e-02 2.382735e-03 9.995144e-01 -2.530608e+01
9.994505e-01 8.296447e-04 -3.313699e-02 4.338259e+00 -7.469252e-04 9.999966e-01 2.508583e-03 2.072452e-01 3.313893e-02 -2.482452e-03 9.994476e-01 -2.530633e+01
9.995961e-01 -8.166701e-04 2.840591e-02 4.372721e+00 8.805752e-04 9.999971e-01 -2.237262e-03 2.164768e-01 -2.840403e-02 2.261374e-03 9.995939e-01 -2.590335e+01
9.995474e-01 7.766339e-04 -3.007293e-02 4.369294e+00 -7.072672e-04 9.999971e-01 2.317178e-03 2.281306e-01 3.007461e-02 -2.294858e-03 9.995449e-01 -2.659841e+01
9.996319e-01 -8.797069e-04 2.711676e-02 4.467174e+00 9.344217e-04 9.999976e-01 -2.005128e-03 2.320128e-01 -2.711496e-02 2.029730e-03 9.996302e-01 -2.698269e+01
9.994591e-01 7.365318e-04 -3.287712e-02 4.572190e+00 -6.591835e-04 9.999970e-01 2.363419e-03 2.218344e-01 3.287873e-02 -2.340468e-03 9.994565e-01 -2.661470e+01
9.995552e-01 -9.023406e-04 2.980984e-02 4.744516e+00 9.670738e-04 9.999972e-01 -2.157182e-03 2.127037e-01 -2.980784e-02 2.185052e-03 9.995532e-01 -2.641850e+01
9.994831e-01 7.902134e-04 -3.214037e-02 4.941891e+00 -7.108145e-04 9.999967e-01 2.481724e-03 2.095691e-01 3.214219e-02 -2.457594e-03 9.994802e-01 -2.657319e+01
9.995530e-01 -8.731298e-04 2.988452e-02 5.084102e+00 9.402569e-04 9.999971e-01 -2.232226e-03 2.108126e-01 -2.988251e-02 2.259329e-03 9.995508e-01 -2.688520e+01
9.994779e-01 6.522319e-04 -3.230342e-02 5.307829e+00 -5.712789e-04 9.999967e-01 2.515178e-03 2.008609e-01 3.230493e-02 -2.495409e-03 9.994748e-01 -2.671576e+01
9.996903e-01 -6.233885e-04 2.487949e-02 5.420901e+00 6.746834e-04 9.999977e-01 -2.053378e-03 1.943745e-01 -2.487819e-02 2.069530e-03 9.996883e-01 -2.654299e+01
9.993122e-01 8.840209e-04 -3.707130e-02 5.503279e+00 -7.775723e-04 9.999955e-01 2.885768e-03 1.914848e-01 3.707365e-02 -2.854956e-03 9.993084e-01 -2.649132e+01
9.997105e-01 -5.924053e-04 2.405403e-02 5.577157e+00 6.416514e-04 9.999977e-01 -2.039625e-03 1.890273e-01 -2.405280e-02 2.054471e-03 9.997085e-01 -2.645390e+01
9.994034e-01 7.703156e-04 -3.452860e-02 5.667936e+00 -6.760320e-04 9.999960e-01 2.742176e-03 1.860026e-01 3.453054e-02 -2.717195e-03 9.993999e-01 -2.641094e+01
9.997220e-01 -6.489793e-04 2.357008e-02 5.754003e+00 6.974754e-04 9.999977e-01 -2.049345e-03 1.793431e-01 -2.356873e-02 2.065217e-03 9.997200e-01 -2.618329e+01
9.982281e-01 1.772530e-03 -5.947661e-02 5.754578e+00 -1.525900e-03 9.999901e-01 4.191825e-03 1.798229e-01 5.948341e-02 -4.093640e-03 9.982208e-01 -2.612918e+01
9.996816e-01 -7.628892e-04 2.522222e-02 5.820808e+00 8.168787e-04 9.999974e-01 -2.130295e-03 1.802843e-01 -2.522057e-02 2.150222e-03 9.996795e-01 -2.614919e+01
9.993671e-01 8.431514e-04 -3.556147e-02 5.969608e+00 -7.441143e-04 9.999958e-01 2.798084e-03 1.742828e-01 3.556363e-02 -2.769849e-03 9.993635e-01 -2.603546e+01
9.996207e-01 -8.561618e-04 2.752667e-02 6.156534e+00 9.185092e-04 9.999970e-01 -2.252389e-03 1.728592e-01 -2.752470e-02 2.276821e-03 9.996184e-01 -2.623166e+01
9.992681e-01 1.026216e-03 -3.823945e-02 6.306266e+00 -9.098089e-04 9.999949e-01 3.061438e-03 1.732220e-01 3.824235e-02 -3.024404e-03 9.992638e-01 -2.645417e+01
9.993600e-01 -1.008853e-03 3.575781e-02 6.328996e+00 1.115221e-03 9.999950e-01 -2.954834e-03 1.751381e-01 -3.575469e-02 2.992823e-03 9.993560e-01 -2.664294e+01
9.992543e-01 1.121319e-03 -3.859597e-02 6.178392e+00 -1.005296e-03 9.999949e-01 3.025336e-03 1.892683e-01 3.859912e-02 -2.984277e-03 9.992502e-01 -2.729677e+01
9.992950e-01 -1.031439e-03 3.752955e-02 6.074344e+00 1.146590e-03 9.999947e-01 -3.046869e-03 1.993341e-01 -3.752625e-02 3.087754e-03 9.992908e-01 -2.776736e+01
9.990877e-01 1.184820e-03 -4.268982e-02 6.051236e+00 -1.038348e-03 9.999935e-01 3.453069e-03 2.012519e-01 4.269359e-02 -3.405590e-03 9.990823e-01 -2.788676e+01
9.994585e-01 -9.336068e-04 3.288977e-02 6.074018e+00 1.026622e-03 9.999955e-01 -2.811289e-03 1.937991e-01 -3.288705e-02 2.843535e-03 9.994549e-01 -2.751589e+01
9.993012e-01 9.380948e-04 -3.736737e-02 6.089422e+00 -8.223377e-04 9.999948e-01 3.113044e-03 1.844545e-01 3.737005e-02 -3.080137e-03 9.992967e-01 -2.706783e+01
9.997036e-01 -7.058852e-04 2.433478e-02 6.137783e+00 7.619104e-04 9.999971e-01 -2.293042e-03 1.770107e-01 -2.433314e-02 2.310906e-03 9.997011e-01 -2.673903e+01
9.989962e-01 1.176674e-03 -4.478041e-02 6.215051e+00 -1.018197e-03 9.999931e-01 3.561606e-03 1.703977e-01 4.478425e-02 -3.512433e-03 9.989904e-01 -2.646537e+01
9.996929e-01 -7.037527e-04 2.476928e-02 6.289188e+00 7.609318e-04 9.999971e-01 -2.299081e-03 1.639080e-01 -2.476765e-02 2.317225e-03 9.996905e-01 -2.618417e+01
9.992292e-01 1.051438e-03 -3.924088e-02 6.299687e+00 -9.279065e-04 9.999946e-01 3.166096e-03 1.558388e-01 3.924394e-02 -3.127241e-03 9.992247e-01 -2.576553e+01
9.994739e-01 -9.311129e-04 3.241838e-02 6.254329e+00 1.021648e-03 9.999956e-01 -2.776235e-03 1.515349e-01 -3.241571e-02 2.807897e-03 9.994704e-01 -2.549815e+01
9.991809e-01 1.110950e-03 -4.045210e-02 6.198134e+00 -9.806844e-04 9.999943e-01 3.239933e-03 1.535770e-01 4.045541e-02 -3.197605e-03 9.991761e-01 -2.557604e+01
9.995276e-01 -8.041842e-04 3.072421e-02 6.157866e+00 8.878033e-04 9.999959e-01 -2.708021e-03 1.609619e-01 -3.072197e-02 2.734022e-03 9.995241e-01 -2.596676e+01
9.994165e-01 8.924206e-04 -3.414467e-02 6.086818e+00 -7.961329e-04 9.999957e-01 2.833459e-03 1.704261e-01 3.414700e-02 -2.804619e-03 9.994128e-01 -2.645588e+01
9.995738e-01 -7.784548e-04 2.918281e-02 6.038832e+00 8.528218e-04 9.999964e-01 -2.535916e-03 1.776116e-01 -2.918079e-02 2.559726e-03 9.995708e-01 -2.684666e+01
9.990657e-01 1.248677e-03 -4.319826e-02 5.970583e+00 -1.106016e-03 9.999939e-01 3.326186e-03 1.833256e-01 4.320209e-02 -3.275297e-03 9.990609e-01 -2.709635e+01
9.993528e-01 -9.756847e-04 3.595897e-02 5.873096e+00 1.080553e-03 9.999952e-01 -2.896990e-03 1.871044e-01 -3.595603e-02 2.933974e-03 9.993490e-01 -2.721256e+01
9.991434e-01 1.097864e-03 -4.136822e-02 5.804722e+00 -9.658987e-04 9.999944e-01 3.209837e-03 1.923418e-01 4.137145e-02 -3.167127e-03 9.991387e-01 -2.746031e+01
9.993574e-01 -1.004685e-03 3.582837e-02 5.792760e+00 1.108363e-03 9.999953e-01 -2.873962e-03 2.001355e-01 -3.582537e-02 2.911829e-03 9.993537e-01 -2.791586e+01
9.992850e-01 1.099268e-03 -3.779241e-02 5.608375e+00 -9.938101e-04 9.999956e-01 2.809098e-03 2.162111e-01 3.779527e-02 -2.769527e-03 9.992816e-01 -2.863293e+01
9.992933e-01 -9.495557e-04 3.757659e-02 5.337771e+00 1.063726e-03 9.999949e-01 -3.018438e-03 2.359567e-01 -3.757359e-02 3.056279e-03 9.992891e-01 -2.943773e+01
9.992284e-01 9.550708e-04 -3.926459e-02 5.313187e+00 -8.334927e-04 9.999948e-01 3.112610e-03 2.386925e-01 3.926730e-02 -3.077478e-03 9.992239e-01 -2.962140e+01
9.992934e-01 -1.129299e-03 3.756803e-02 5.422798e+00 1.243400e-03 9.999947e-01 -3.013939e-03 2.269389e-01 -3.756448e-02 3.058525e-03 9.992894e-01 -2.920999e+01
9.992081e-01 9.855252e-04 -3.977549e-02 5.527889e+00 -8.611806e-04 9.999947e-01 3.143151e-03 2.154373e-01 3.977831e-02 -3.106405e-03 9.992036e-01 -2.880061e+01
9.992769e-01 -1.086555e-03 3.800538e-02 5.669120e+00 1.200777e-03 9.999948e-01 -2.982684e-03 2.097328e-01 -3.800200e-02 3.026166e-03 9.992730e-01 -2.875642e+01
9.992159e-01 1.062885e-03 -3.957750e-02 5.775591e+00 -9.360566e-04 9.999944e-01 3.222927e-03 2.144555e-01 3.958064e-02 -3.183350e-03 9.992112e-01 -2.922316e+01
9.992754e-01 -1.065920e-03 3.804625e-02 5.861598e+00 1.181644e-03 9.999947e-01 -3.019276e-03 2.236293e-01 -3.804289e-02 3.062048e-03 9.992713e-01 -2.990739e+01
9.992339e-01 1.079626e-03 -3.912056e-02 5.898326e+00 -9.586102e-04 9.999947e-01 3.112018e-03 2.389762e-01 3.912365e-02 -3.072130e-03 9.992296e-01 -3.087169e+01
9.992914e-01 -1.125962e-03 3.762057e-02 6.097873e+00 1.230534e-03 9.999954e-01 -2.756573e-03 2.466481e-01 -3.761736e-02 2.800916e-03 9.992882e-01 -3.162270e+01
9.992305e-01 9.463870e-04 -3.921166e-02 6.344161e+00 -8.291192e-04 9.999951e-01 3.006766e-03 2.387829e-01 3.921425e-02 -2.971938e-03 9.992263e-01 -3.161434e+01
9.992964e-01 -1.052501e-03 3.749031e-02 6.548661e+00 1.158916e-03 9.999954e-01 -2.816794e-03 2.346912e-01 -3.748723e-02 2.858263e-03 9.992929e-01 -3.175246e+01
9.992290e-01 9.374933e-04 -3.924843e-02 6.748555e+00 -8.166876e-04 9.999949e-01 3.093871e-03 2.301473e-01 3.925107e-02 -3.059429e-03 9.992246e-01 -3.184934e+01
9.994215e-01 -1.020756e-03 3.399364e-02 6.913058e+00 1.114169e-03 9.999957e-01 -2.729085e-03 2.221789e-01 -3.399077e-02 2.765384e-03 9.994182e-01 -3.168455e+01
9.967370e-01 2.432342e-03 -8.068055e-02 6.963472e+00 -1.990083e-03 9.999826e-01 5.561558e-03 2.162701e-01 8.069261e-02 -5.382846e-03 9.967244e-01 -3.131159e+01
9.997709e-01 -5.850905e-04 2.139657e-02 7.014641e+00 6.320865e-04 9.999974e-01 -2.189654e-03 2.100123e-01 -2.139530e-02 2.202680e-03 9.997686e-01 -3.086749e+01
9.956950e-01 2.786995e-03 -9.264783e-02 7.115559e+00 -2.196269e-03 9.999766e-01 6.477373e-03 2.093824e-01 9.266364e-02 -6.246005e-03 9.956778e-01 -3.071873e+01
9.986113e-01 -1.480026e-03 5.266096e-02 7.295522e+00 1.697724e-03 9.999902e-01 -4.089422e-03 2.011276e-01 -5.265447e-02 4.173152e-03 9.986040e-01 -3.037607e+01
9.979539e-01 1.594229e-03 -6.391716e-02 7.483019e+00 -1.288557e-03 9.999875e-01 4.823221e-03 1.875196e-01 6.392398e-02 -4.730987e-03 9.979435e-01 -2.991879e+01
9.995020e-01 -5.723323e-04 3.154952e-02 7.513686e+00 6.643831e-04 9.999956e-01 -2.907184e-03 1.807034e-01 -3.154780e-02 2.926702e-03 9.994979e-01 -2.952846e+01
9.976860e-01 1.706824e-03 -6.796806e-02 7.539468e+00 -1.367676e-03 9.999864e-01 5.036000e-03 1.745974e-01 6.797565e-02 -4.931384e-03 9.976747e-01 -2.914984e+01
9.994062e-01 -6.471802e-04 3.445083e-02 7.585009e+00 7.545071e-04 9.999949e-01 -3.102379e-03 1.667170e-01 -3.444873e-02 3.126535e-03 9.994015e-01 -2.871445e+01
9.985523e-01 1.085564e-03 -5.377754e-02 7.663250e+00 -8.643139e-04 9.999911e-01 4.137219e-03 1.541715e-01 5.378147e-02 -4.084745e-03 9.985443e-01 -2.813197e+01
9.996266e-01 -3.725251e-04 2.732281e-02 7.721646e+00 4.452023e-04 9.999964e-01 -2.653808e-03 1.440576e-01 -2.732181e-02 2.664985e-03 9.996231e-01 -2.763312e+01
9.971593e-01 1.950755e-03 -7.529548e-02 7.707980e+00 -1.546318e-03 9.999841e-01 5.429216e-03 1.395755e-01 7.530478e-02 -5.297359e-03 9.971464e-01 -2.725862e+01
9.995667e-01 -4.381594e-04 2.943161e-02 7.727486e+00 5.203484e-04 9.999960e-01 -2.784834e-03 1.339471e-01 -2.943036e-02 2.798946e-03 9.995628e-01 -2.685422e+01
9.952787e-01 2.784986e-03 -9.701806e-02 7.665646e+00 -2.145695e-03 9.999753e-01 6.693087e-03 1.325707e-01 9.703421e-02 -6.453311e-03 9.952601e-01 -2.651353e+01
9.996694e-01 -2.039945e-04 2.570898e-02 7.611778e+00 2.710423e-04 9.999966e-01 -2.604350e-03 1.337129e-01 -2.570846e-02 2.610462e-03 9.996660e-01 -2.626973e+01
9.979926e-01 1.362267e-03 -6.331606e-02 7.625546e+00 -1.062099e-03 9.999880e-01 4.774148e-03 1.273293e-01 6.332171e-02 -4.697312e-03 9.979820e-01 -2.586603e+01
9.999276e-01 3.512231e-04 1.202142e-02 7.591583e+00 -3.290398e-04 9.999982e-01 -1.846908e-03 1.258453e-01 -1.202214e-02 1.842824e-03 9.999260e-01 -2.560420e+01
9.975705e-01 1.545367e-03 -6.964677e-02 7.540359e+00 -1.192939e-03 9.999863e-01 5.101470e-03 1.259994e-01 6.965360e-02 -5.005986e-03 9.975586e-01 -2.538285e+01
9.998577e-01 2.701072e-04 1.686255e-02 7.498135e+00 -2.350298e-04 9.999978e-01 -2.081881e-03 1.260315e-01 -1.686318e-02 2.077626e-03 9.998556e-01 -2.518169e+01
9.972036e-01 1.667587e-03 -7.471303e-02 7.443232e+00 -1.270730e-03 9.999848e-01 5.358924e-03 1.270043e-01 7.472073e-02 -5.248994e-03 9.971906e-01 -2.499824e+01
9.999380e-01 5.246901e-04 1.111742e-02 7.371549e+00 -5.055561e-04 9.999984e-01 -1.723381e-03 1.276612e-01 -1.111841e-02 1.717659e-03 9.999367e-01 -2.475479e+01
9.967998e-01 1.797280e-03 -7.991792e-02 7.284628e+00 -1.357029e-03 9.999836e-01 5.562701e-03 1.283945e-01 7.992651e-02 -5.436444e-03 9.967859e-01 -2.447774e+01
9.999314e-01 5.727229e-04 1.169726e-02 7.201245e+00 -5.531552e-04 9.999984e-01 -1.675557e-03 1.291960e-01 -1.169830e-02 1.668976e-03 9.999301e-01 -2.421264e+01
9.957084e-01 2.218178e-03 -9.251884e-02 7.083869e+00 -1.651599e-03 9.999794e-01 6.199989e-03 1.314234e-01 9.253059e-02 -6.020573e-03 9.956916e-01 -2.393304e+01
9.986897e-01 2.778634e-03 -5.109793e-02 6.836872e+00 -2.680689e-03 9.999944e-01 1.985136e-03 1.406281e-01 5.110307e-02 -1.845554e-03 9.986916e-01 -2.364152e+01
9.896557e-01 4.149740e-03 -1.434021e-01 6.515577e+00 -2.906722e-03 9.999564e-01 8.876438e-03 1.576865e-01 1.434326e-01 -8.367785e-03 9.896247e-01 -2.345390e+01
9.998781e-01 6.714680e-04 1.559090e-02 6.335740e+00 -6.460650e-04 9.999985e-01 -1.633921e-03 1.640125e-01 -1.559205e-02 1.623652e-03 9.998771e-01 -2.309599e+01
9.963678e-01 1.650151e-03 -8.513691e-02 6.259114e+00 -1.190492e-03 9.999844e-01 5.449483e-03 1.594755e-01 8.514451e-02 -5.328332e-03 9.963543e-01 -2.256059e+01
9.997354e-01 4.578242e-04 2.299341e-02 6.222866e+00 -4.135375e-04 9.999981e-01 -1.930494e-03 1.551069e-01 -2.299432e-02 1.920477e-03 9.997337e-01 -2.209792e+01
9.958704e-01 1.843686e-03 -9.076669e-02 6.148962e+00 -1.330394e-03 9.999828e-01 5.715182e-03 1.519424e-01 9.077560e-02 -5.570824e-03 9.958558e-01 -2.164412e+01
9.999560e-01 9.990844e-04 9.318216e-03 6.035606e+00 -9.887710e-04 9.999989e-01 -1.110644e-03 1.537038e-01 -9.319370e-03 1.101384e-03 9.999560e-01 -2.134129e+01
9.912355e-01 3.377809e-03 -1.320625e-01 5.839930e+00 -2.335815e-03 9.999649e-01 8.044236e-03 1.607851e-01 1.320850e-01 -7.665258e-03 9.912087e-01 -2.107877e+01
9.999589e-01 1.095166e-03 8.984779e-03 5.664763e+00 -1.086524e-03 9.999989e-01 -9.659286e-04 1.697053e-01 -8.985860e-03 9.561278e-04 9.999592e-01 -2.091906e+01
9.945838e-01 2.213763e-03 -1.039133e-01 5.538682e+00 -1.575262e-03 9.999794e-01 6.226169e-03 1.741868e-01 1.039249e-01 -6.028755e-03 9.945669e-01 -2.068322e+01
9.994768e-01 3.483917e-04 3.233893e-02 5.469120e+00 -2.797722e-04 9.999977e-01 -2.126203e-03 1.748328e-01 -3.233962e-02 2.116044e-03 9.994747e-01 -2.040972e+01
9.932818e-01 2.637264e-03 -1.156895e-01 5.365319e+00 -1.856871e-03 9.999748e-01 6.852782e-03 1.760273e-01 1.157047e-01 -6.591924e-03 9.932618e-01 -2.008696e+01
9.999286e-01 1.072793e-03 1.189234e-02 5.203331e+00 -1.061482e-03 9.999990e-01 -9.569284e-04 1.790883e-01 -1.189335e-02 9.442365e-04 9.999288e-01 -1.971127e+01
9.932090e-01 2.626274e-03 -1.163136e-01 5.038054e+00 -1.855259e-03 9.999756e-01 6.736478e-03 1.822586e-01 1.163285e-01 -6.474940e-03 9.931897e-01 -1.933393e+01
9.999023e-01 1.031309e-03 1.393547e-02 4.875543e+00 -1.018521e-03 9.999991e-01 -9.244210e-04 1.851662e-01 -1.393639e-02 9.101366e-04 9.999025e-01 -1.895323e+01
9.931782e-01 2.627619e-03 -1.165759e-01 4.702223e+00 -1.868485e-03 9.999763e-01 6.620699e-03 1.886114e-01 1.165905e-01 -6.357715e-03 9.931597e-01 -1.858821e+01
9.999006e-01 1.027113e-03 1.405308e-02 4.538587e+00 -1.016057e-03 9.999992e-01 -7.935591e-04 1.922296e-01 -1.405384e-02 7.792008e-04 9.999009e-01 -1.824180e+01
9.932451e-01 2.574045e-03 -1.160056e-01 4.386810e+00 -1.837608e-03 9.999775e-01 6.454764e-03 1.955285e-01 1.160196e-01 -6.197991e-03 9.932276e-01 -1.789897e+01
