9.998719e-01 6.620547e-04 -1.599397e-02 2.568430e-02 -6.563914e-04 9.999997e-01 3.593310e-04 -1.526789e-02 1.599420e-02 -3.487861e-04 9.998719e-01 6.696900e-01
9.999822e-01 7.940443e-07 -5.963313e-03 3.179172e-02 1.245067e-06 9.999999e-01 3.419344e-04 -2.928595e-02 5.963309e-03 -3.419352e-04 9.999821e-01 1.300354e+00
9.999705e-01 2.708404e-04 7.672420e-03 5.486029e-02 -2.673472e-04 9.999999e-01 -4.563126e-04 -4.177715e-02 -7.672546e-03 4.542485e-04 9.999704e-01 1.882080e+00
9.998803e-01 1.471233e-04 -1.547406e-02 9.814393e-02 -1.392113e-04 9.999999e-01 5.123824e-04 -5.583352e-02 1.547413e-02 -5.101664e-04 9.998800e-01 2.469069e+00
9.996978e-01 2.033516e-04 2.458118e-02 1.519929e-01 -1.804663e-04 9.999995e-01 -9.332227e-04 -6.994544e-02 -2.458136e-02 9.285052e-04 9.996973e-01 3.154019e+00
9.999777e-01 1.572783e-05 -6.683021e-03 1.634576e-01 -1.240647e-05 9.999999e-01 4.970240e-04 -7.710554e-02 6.683026e-03 -4.969295e-04 9.999774e-01 3.640018e+00
9.995502e-01 8.685518e-05 2.999135e-02 1.420042e-01 -6.277368e-05 9.999997e-01 -8.038880e-04 -7.950319e-02 -2.999141e-02 8.016441e-04 9.995497e-01 3.953862e+00
9.996083e-01 1.498046e-04 -2.798637e-02 1.785242e-01 -1.291525e-04 9.999997e-01 7.397398e-04 -8.850601e-02 2.798647e-02 -7.358351e-04 9.996079e-01 4.357103e+00
9.993308e-01 1.191992e-04 3.657748e-02 1.921477e-01 -8.288519e-05 9.999995e-01 -9.943104e-04 -9.572366e-02 -3.657757e-02 9.906137e-04 9.993302e-01 4.765364e+00
9.999949e-01 -1.247422e-04 -3.199681e-03 5.957763e-02 1.273439e-04 9.999997e-01 8.129134e-04 -8.840160e-02 3.199584e-03 -8.133163e-04 9.999945e-01 4.768212e+00
9.997045e-01 7.864945e-04 -2.429406e-02 8.423866e-02 -7.708502e-04 9.999995e-01 6.533147e-04 -9.167848e-02 2.429456e-02 -6.343941e-04 9.997045e-01 4.868828e+00
9.999716e-01 -5.435030e-05 -7.541501e-03 9.873297e-02 6.133860e-05 9.999996e-01 9.264147e-04 -9.762364e-02 7.541446e-03 -9.268502e-04 9.999710e-01 5.115660e+00
9.999955e-01 3.918549e-04 2.959808e-03 1.526665e-01 -3.891307e-04 9.999995e-01 -9.208979e-04 -1.095683e-01 -2.960169e-03 9.197428e-04 9.999951e-01 5.588235e+00
9.999877e-01 -2.237405e-04 4.964449e-03 1.743299e-01 2.193413e-04 9.999996e-01 8.866721e-04 -1.121378e-01 -4.964646e-03 -8.855715e-04 9.999872e-01 5.710807e+00
9.999998e-01 5.248214e-04 2.300831e-04 2.493734e-01 -5.245474e-04 9.999992e-01 -1.189000e-03 -1.242083e-01 -2.307070e-04 1.188880e-03 9.999992e-01 6.234979e+00
9.999976e-01 -2.782407e-04 2.186042e-03 3.186504e-01 2.759812e-04 9.999994e-01 1.033876e-03 -1.351374e-01 -2.186329e-03 -1.033269e-03 9.999970e-01 6.681993e+00
9.999980e-01 5.103052e-04 -1.957127e-03 4.059475e-01 -5.125520e-04 9.999992e-01 -1.147671e-03 -1.440467e-01 1.956540e-03 1.148672e-03 9.999973e-01 6.981387e+00
9.998951e-01 -3.003750e-04 1.448283e-02 5.140862e-01 2.883144e-04 9.999996e-01 8.348334e-04 -1.514904e-01 -1.448307e-02 -8.305696e-04 9.998947e-01 7.257471e+00
9.999979e-01 4.652679e-04 -1.995203e-03 5.934099e-01 -4.674358e-04 9.999993e-01 -1.086211e-03 -1.574988e-01 1.994699e-03 1.087142e-03 9.999973e-01 7.507477e+00
9.998428e-01 -2.890980e-04 1.772874e-02 6.774306e-01 2.753955e-04 9.999997e-01 7.753385e-04 -1.625278e-01 -1.772895e-02 -7.703336e-04 9.998424e-01 7.712640e+00
9.999531e-01 2.947838e-04 9.682304e-03 7.047312e-01 -2.830054e-04 9.999992e-01 -1.217836e-03 -1.613589e-01 -9.682649e-03 1.215039e-03 9.999523e-01 7.737815e+00
9.995921e-01 -4.115850e-04 2.855571e-02 7.186707e-01 3.914752e-04 9.999997e-01 7.098169e-04 -1.582495e-01 -2.855598e-02 -6.983481e-04 9.995919e-01 7.765044e+00
9.998731e-01 5.295868e-04 -1.592331e-02 7.774476e-01 -5.436718e-04 9.999995e-01 -8.802388e-04 -1.600868e-01 1.592285e-02 8.887846e-04 9.998727e-01 7.811679e+00
9.996877e-01 -3.517191e-04 2.498718e-02 8.559762e-01 3.324894e-04 9.999996e-01 7.737311e-04 -1.621606e-01 -2.498743e-02 -7.651810e-04 9.996874e-01 7.809365e+00
9.998250e-01 5.751944e-04 -1.869756e-02 9.371736e-01 -5.917495e-04 9.999994e-01 -8.798902e-04 -1.652493e-01 1.869706e-02 8.908009e-04 9.998247e-01 7.831035e+00
9.997821e-01 -3.194960e-04 2.087069e-02 1.057343e+00 3.000151e-04 9.999995e-01 9.365302e-04 -1.679103e-01 -2.087096e-02 -9.300642e-04 9.997816e-01 7.741097e+00
9.998239e-01 5.839358e-04 -1.875756e-02 1.133967e+00 -5.990703e-04 9.999995e-01 -8.012381e-04 -1.671117e-01 1.875710e-02 8.123346e-04 9.998236e-01 7.515189e+00
9.998402e-01 -1.379191e-04 1.787344e-02 1.099871e+00 1.152085e-04 9.999992e-01 1.271660e-03 -1.596772e-01 -1.787359e-02 -1.269397e-03 9.998393e-01 7.058586e+00
9.998665e-01 4.679718e-04 -1.633214e-02 1.085824e+00 -4.847002e-04 9.999994e-01 -1.020318e-03 -1.553017e-01 1.633166e-02 1.028098e-03 9.998660e-01 6.768819e+00
9.998214e-01 -7.149040e-05 1.889989e-02 1.027116e+00 4.751768e-05 9.999992e-01 1.268851e-03 -1.486863e-01 -1.889995e-02 -1.267725e-03 9.998205e-01 6.416928e+00
9.999005e-01 4.925316e-04 -1.409469e-02 9.338635e-01 -5.074573e-04 9.999993e-01 -1.055403e-03 -1.395660e-01 1.409417e-02 1.062451e-03 9.999000e-01 5.977104e+00
9.998679e-01 -8.475097e-05 1.625424e-02 8.466648e-01 6.182457e-05 9.999990e-01 1.410984e-03 -1.307363e-01 -1.625433e-02 -1.409792e-03 9.998668e-01 5.537561e+00
9.999163e-01 4.712992e-04 -1.293158e-02 7.382432e-01 -4.856630e-04 9.999993e-01 -1.107630e-03 -1.221096e-01 1.293107e-02 1.113819e-03 9.999157e-01 5.159955e+00
9.998588e-01 6.594594e-05 1.680345e-02 6.353903e-01 -9.005295e-05 9.999990e-01 1.433892e-03 -1.109266e-01 -1.680333e-02 -1.435202e-03 9.998577e-01 4.608186e+00
9.998760e-01 2.482935e-04 -1.574446e-02 6.670510e-01 -2.683187e-04 9.999992e-01 -1.269784e-03 -1.104066e-01 1.574415e-02 1.273852e-03 9.998751e-01 4.456413e+00
9.998880e-01 8.184215e-05 1.496578e-02 7.067127e-01 -1.054067e-04 9.999988e-01 1.573776e-03 -1.082631e-01 -1.496562e-02 -1.575177e-03 9.998867e-01 4.194246e+00
9.998252e-01 3.693964e-04 -1.869298e-02 6.781960e-01 -3.875447e-04 9.999995e-01 -9.672483e-04 -1.015939e-01 1.869262e-02 9.743244e-04 9.998247e-01 3.774883e+00
9.998467e-01 1.024567e-04 1.750763e-02 5.236100e-01 -1.290449e-04 9.999988e-01 1.517543e-03 -8.990919e-02 -1.750744e-02 -1.519569e-03 9.998455e-01 3.231576e+00
9.998345e-01 3.957254e-04 -1.818773e-02 3.254084e-01 -4.144317e-04 9.999994e-01 -1.024755e-03 -7.716984e-02 1.818733e-02 1.032124e-03 9.998340e-01 2.684472e+00
9.998778e-01 -7.397950e-05 1.563009e-02 1.864613e-01 5.034821e-05 9.999989e-01 1.512296e-03 -6.964341e-02 -1.563017e-02 -1.511323e-03 9.998766e-01 2.350642e+00
9.998201e-01 4.552164e-04 -1.896406e-02 -3.884915e-03 -4.737689e-04 9.999994e-01 -9.738123e-04 -5.956937e-02 1.896362e-02 9.826227e-04 9.998196e-01 1.939991e+00
9.998132e-01 2.322443e-05 1.932877e-02 -1.711924e-01 -5.070646e-05 9.999990e-01 1.421329e-03 -4.809894e-02 -1.932870e-02 -1.422042e-03 9.998121e-01 1.433570e+00
9.997377e-01 3.021726e-04 -2.290019e-02 -2.618523e-01 -3.224031e-04 9.999996e-01 -8.797302e-04 -4.148050e-02 2.289993e-02 8.868837e-04 9.997373e-01 1.089391e+00
9.992085e-01 8.971040e-04 -3.976773e-02 -3.515124e-01 -7.314042e-04 9.999910e-01 4.181045e-03 -3.907046e-02 3.977113e-02 -4.148649e-03 9.992001e-01 1.026269e+00
9.996578e-01 5.325658e-04 -2.615171e-02 -3.936501e-01 -5.489569e-04 9.999997e-01 -6.195918e-04 -3.711095e-02 2.615137e-02 6.337378e-04 9.996577e-01 9.513337e-01
9.996936e-01 -1.817670e-04 2.475125e-02 -4.314785e-01 1.609943e-04 9.999996e-01 8.412474e-04 -3.731980e-02 -2.475139e-02 -8.370030e-04 9.996932e-01 9.256574e-01
9.996442e-01 5.160236e-04 -2.667007e-02 -5.132512e-01 -5.309926e-04 9.999997e-01 -5.541885e-04 -3.410982e-02 2.666978e-02 5.681548e-04 9.996440e-01 7.679629e-01
9.996523e-01 -7.176128e-05 2.636685e-02 -6.347055e-01 4.550529e-05 9.999995e-01 9.963955e-04 -2.500855e-02 -2.636690e-02 -9.948473e-04 9.996517e-01 3.402391e-01
9.996401e-01 3.822977e-04 -2.682364e-02 -6.691998e-01 -4.015769e-04 9.999997e-01 -7.133585e-04 -2.157277e-02 2.682336e-02 7.238755e-04 9.996398e-01 1.186327e-01
9.996456e-01 1.393792e-05 2.661978e-02 -7.195528e-01 -4.269227e-05 9.999994e-01 1.079620e-03 -1.481270e-02 -2.661975e-02 -1.080372e-03 9.996449e-01 -2.719534e-01
9.996364e-01 5.288181e-04 -2.695938e-02 -8.338036e-01 -5.446633e-04 9.999997e-01 -5.804007e-04 -3.031237e-03 2.695906e-02 5.948755e-04 9.996363e-01 -8.692053e-01
9.996508e-01 3.068036e-06 2.642388e-02 -9.934700e-01 -3.271659e-05 9.999994e-01 1.121605e-03 1.035387e-02 -2.642386e-02 -1.122076e-03 9.996501e-01 -1.500416e+00
9.996423e-01 6.276885e-04 -2.673684e-02 -1.173286e+00 -6.413935e-04 9.999997e-01 -5.040171e-04 2.653043e-02 2.673651e-02 5.209878e-04 9.996423e-01 -2.270566e+00
9.996489e-01 -9.721213e-05 2.649736e-02 -1.214045e+00 7.075580e-05 9.999995e-01 9.993889e-04 3.581991e-02 -2.649744e-02 -9.971610e-04 9.996483e-01 -2.827427e+00
9.973446e-01 1.169653e-03 -7.281813e-02 -1.232849e+00 -1.065120e-03 9.999983e-01 1.474345e-03 3.542992e-02 7.281973e-02 -1.392867e-03 9.973440e-01 -2.834521e+00
9.997572e-01 5.586164e-04 -2.202794e-02 -1.283693e+00 -4.817811e-04 9.999938e-01 3.493229e-03 3.492258e-02 2.202975e-02 -3.481765e-03 9.997512e-01 -2.761809e+00
9.998339e-01 4.270404e-04 -1.822055e-02 -1.250616e+00 -4.504377e-04 9.999991e-01 -1.280044e-03 3.374982e-02 1.821997e-02 1.288042e-03 9.998331e-01 -2.773121e+00
9.998633e-01 -1.843059e-04 1.653538e-02 -1.174214e+00 1.624812e-04 9.999991e-01 1.321235e-03 2.693155e-02 -1.653563e-02 -1.318365e-03 9.998623e-01 -2.584938e+00
9.998355e-01 4.505719e-04 -1.813146e-02 -1.186321e+00 -4.705490e-04 9.999993e-01 -1.097556e-03 2.700822e-02 1.813094e-02 1.105911e-03 9.998349e-01 -2.651618e+00
9.998627e-01 -1.158011e-04 1.656895e-02 -1.332107e+00 9.003360e-05 9.999988e-01 1.555922e-03 3.563592e-02 -1.656913e-02 -1.554213e-03 9.998614e-01 -3.031217e+00
9.998508e-01 5.304153e-04 -1.726339e-02 -1.423928e+00 -5.506098e-04 9.999992e-01 -1.165071e-03 4.348459e-02 1.726274e-02 1.174406e-03 9.998502e-01 -3.423292e+00
9.998399e-01 -1.985915e-04 1.789005e-02 -1.413298e+00 1.733509e-04 9.999990e-01 1.412434e-03 4.706061e-02 -1.789033e-02 -1.409103e-03 9.998389e-01 -3.718316e+00
9.998433e-01 5.040498e-04 -1.769426e-02 -1.381166e+00 -5.247634e-04 9.999992e-01 -1.166033e-03 4.942146e-02 1.769364e-02 1.175139e-03 9.998427e-01 -3.977975e+00
9.999760e-01 -1.178516e-04 6.922464e-03 -1.358695e+00 1.048360e-04 9.999982e-01 1.880583e-03 4.820070e-02 -6.922692e-03 -1.879808e-03 9.999742e-01 -4.017599e+00
9.998548e-01 6.253002e-04 -1.702887e-02 -1.276581e+00 -6.453059e-04 9.999991e-01 -1.169361e-03 4.718559e-02 1.702810e-02 1.180184e-03 9.998542e-01 -4.138086e+00
9.998453e-01 -1.406163e-04 1.758927e-02 -1.403140e+00 1.123850e-04 9.999987e-01 1.606028e-03 5.824304e-02 -1.758949e-02 -1.603800e-03 9.998439e-01 -4.680295e+00
9.998483e-01 6.884282e-04 -1.740509e-02 -1.568307e+00 -7.079919e-04 9.999991e-01 -1.117903e-03 7.119228e-02 1.740429e-02 1.130059e-03 9.998478e-01 -5.276093e+00
9.998705e-01 -3.115600e-04 1.608982e-02 -1.512297e+00 2.891048e-04 9.999990e-01 1.397945e-03 7.077268e-02 -1.609026e-02 -1.393109e-03 9.998695e-01 -5.428160e+00
9.998245e-01 5.956728e-04 -1.872568e-02 -1.386537e+00 -6.215893e-04 9.999989e-01 -1.378237e-03 6.015963e-02 1.872482e-02 1.389638e-03 9.998236e-01 -5.123339e+00
9.998484e-01 -2.798439e-04 1.741192e-02 -1.225965e+00 2.599204e-04 9.999993e-01 1.146517e-03 4.478930e-02 -1.741225e-02 -1.141814e-03 9.998476e-01 -4.627791e+00
9.998343e-01 5.635002e-04 -1.819507e-02 -1.044767e+00 -5.863620e-04 9.999990e-01 -1.251195e-03 3.364446e-02 1.819433e-02 1.261660e-03 9.998336e-01 -4.379521e+00
9.998470e-01 -1.983392e-04 1.749165e-02 -9.166973e-01 1.720837e-04 9.999989e-01 1.502549e-03 3.263329e-02 -1.749195e-02 -1.499305e-03 9.998458e-01 -4.600040e+00
9.998242e-01 5.507014e-04 -1.874047e-02 -8.995271e-01 -5.725128e-04 9.999992e-01 -1.158539e-03 3.537782e-02 1.873979e-02 1.169068e-03 9.998236e-01 -4.859926e+00
9.998687e-01 -2.127757e-04 1.620363e-02 -9.329376e-01 1.873349e-04 9.999987e-01 1.571592e-03 3.910881e-02 -1.620397e-02 -1.568346e-03 9.998674e-01 -5.097948e+00
9.998306e-01 4.913779e-04 -1.839653e-02 -8.235916e-01 -5.185495e-04 9.999988e-01 -1.472274e-03 3.197509e-02 1.839576e-02 1.481568e-03 9.998296e-01 -4.941108e+00
9.998672e-01 -2.439630e-04 1.629770e-02 -7.301187e-01 2.219336e-04 9.999991e-01 1.353508e-03 1.936065e-02 -1.629803e-02 -1.349708e-03 9.998662e-01 -4.486316e+00
9.998340e-01 4.742783e-04 -1.821520e-02 -6.472854e-01 -5.010786e-04 9.999988e-01 -1.466801e-03 7.713079e-03 1.821447e-02 1.475689e-03 9.998329e-01 -4.058946e+00
9.998563e-01 -2.291261e-04 1.695097e-02 -5.962592e-01 2.024106e-04 9.999987e-01 1.577771e-03 3.613254e-03 -1.695133e-02 -1.574110e-03 9.998550e-01 -3.991111e+00
9.998165e-01 4.064160e-04 -1.915275e-02 -5.533864e-01 -4.340001e-04 9.999989e-01 -1.436104e-03 -1.209296e-03 1.915212e-02 1.444156e-03 9.998154e-01 -3.851030e+00
9.998601e-01 -2.300933e-04 1.672375e-02 -4.848214e-01 2.057411e-04 9.999989e-01 1.457874e-03 -9.924697e-03 -1.672409e-02 -1.454226e-03 9.998590e-01 -3.546127e+00
9.998527e-01 5.696096e-04 -1.715568e-02 -5.198087e-01 -5.901937e-04 9.999991e-01 -1.194825e-03 -5.919416e-03 1.715496e-02 1.204778e-03 9.998520e-01 -3.804855e+00
9.998378e-01 8.339232e-05 1.800807e-02 -7.800649e-01 -1.153709e-04 9.999984e-01 1.774782e-03 1.296773e-02 -1.800791e-02 -1.776568e-03 9.998362e-01 -4.620549e+00
9.998620e-01 6.299831e-04 -1.660145e-02 -1.151816e+00 -6.481502e-04 9.999992e-01 -1.088973e-03 3.719149e-02 1.660072e-02 1.099586e-03 9.998615e-01 -5.602430e+00
9.998363e-01 -1.234572e-05 1.809484e-02 -1.399300e+00 -1.770433e-05 9.999986e-01 1.660560e-03 5.507993e-02 -1.809486e-02 -1.660604e-03 9.998348e-01 -6.374073e+00
9.998364e-01 4.799559e-04 -1.808244e-02 -1.452709e+00 -5.026527e-04 9.999991e-01 -1.250684e-03 6.385082e-02 1.808180e-02 1.259572e-03 9.998356e-01 -6.880521e+00
9.998589e-01 -9.819718e-05 1.679752e-02 -1.519029e+00 7.034694e-05 9.999986e-01 1.658606e-03 7.010027e-02 -1.679768e-02 -1.657187e-03 9.998574e-01 -7.223787e+00
9.998426e-01 4.853498e-04 -1.773365e-02 -1.620712e+00 -5.082198e-04 9.999990e-01 -1.285178e-03 7.749688e-02 1.773299e-02 1.293992e-03 9.998418e-01 -7.582178e+00
9.998628e-01 -4.198893e-05 1.656718e-02 -1.743357e+00 1.274487e-05 9.999984e-01 1.765309e-03 8.760795e-02 -1.656725e-02 -1.764851e-03 9.998611e-01 -8.074312e+00
9.998565e-01 6.059457e-04 -1.692874e-02 -1.963196e+00 -6.258836e-04 9.999991e-01 -1.172508e-03 1.035536e-01 1.692799e-02 1.182939e-03 9.998559e-01 -8.779160e+00
9.998704e-01 -1.169153e-04 1.610050e-02 -2.091988e+00 8.980698e-05 9.999986e-01 1.684437e-03 1.145035e-01 -1.610069e-02 -1.682769e-03 9.998689e-01 -9.310653e+00
9.998484e-01 4.406470e-04 -1.740627e-02 -2.107373e+00 -4.650141e-04 9.999989e-01 -1.395908e-03 1.170947e-01 1.740562e-02 1.403794e-03 9.998474e-01 -9.513324e+00
9.998710e-01 2.847105e-05 1.605889e-02 -2.222820e+00 -5.955144e-05 9.999981e-01 1.934956e-03 1.279556e-01 -1.605883e-02 -1.935659e-03 9.998691e-01 -1.005957e+01
9.998628e-01 6.138045e-04 -1.655223e-02 -2.481279e+00 -6.345677e-04 9.999990e-01 -1.249208e-03 1.476279e-01 1.655142e-02 1.259544e-03 9.998621e-01 -1.093121e+01
9.998635e-01 -2.150235e-06 1.652012e-02 -2.686404e+00 -2.868961e-05 9.999983e-01 1.866598e-03 1.642364e-01 -1.652012e-02 -1.866813e-03 9.998617e-01 -1.169068e+01
9.998587e-01 6.153899e-04 -1.679611e-02 -2.812068e+00 -6.377379e-04 9.999989e-01 -1.325246e-03 1.782761e-01 1.679525e-02 1.335774e-03 9.998580e-01 -1.240657e+01
9.998522e-01 1.350799e-04 1.719003e-02 -3.044343e+00 -1.701561e-04 9.999979e-01 2.039076e-03 1.996301e-01 -1.718974e-02 -2.041695e-03 9.998501e-01 -1.340711e+01
9.998512e-01 3.050996e-04 -1.724494e-02 -3.124836e+00 -3.323845e-04 9.999987e-01 -1.579384e-03 2.075571e-01 1.724441e-02 1.584885e-03 9.998499e-01 -1.382182e+01
9.998580e-01 -8.550033e-05 1.684957e-02 -3.041930e+00 6.134706e-05 9.999990e-01 1.434007e-03 1.977147e-01 -1.684970e-02 -1.432766e-03 9.998569e-01 -1.347051e+01
9.998461e-01 3.677307e-04 -1.754232e-02 -3.016237e+00 -3.901127e-04 9.999991e-01 -1.272511e-03 1.958762e-01 1.754182e-02 1.279163e-03 9.998452e-01 -1.349058e+01
9.998717e-01 -1.195818e-04 1.601894e-02 -2.942859e+00 1.011223e-04 9.999993e-01 1.153192e-03 1.848783e-01 -1.601909e-02 -1.151419e-03 9.998709e-01 -1.307645e+01
9.998240e-01 4.184475e-04 -1.875847e-02 -2.870228e+00 -4.440025e-04 9.999990e-01 -1.358201e-03 1.692690e-01 1.875786e-02 1.366295e-03 9.998230e-01 -1.244607e+01
9.998972e-01 -8.264105e-05 1.433713e-02 -2.807392e+00 6.605913e-05 9.999993e-01 1.157078e-03 1.508594e-01 -1.433724e-02 -1.156008e-03 9.998964e-01 -1.168818e+01
9.998435e-01 3.863240e-04 -1.768490e-02 -2.742463e+00 -4.102447e-04 9.999990e-01 -1.349028e-03 1.346465e-01 1.768433e-02 1.356076e-03 9.998426e-01 -1.102550e+01
9.998785e-01 -8.153907e-05 1.558785e-02 -2.661584e+00 6.436109e-05 9.999994e-01 1.102544e-03 1.187339e-01 -1.558796e-02 -1.101402e-03 9.998778e-01 -1.038456e+01
9.998172e-01 4.468957e-04 -1.911673e-02 -2.579674e+00 -4.737238e-04 9.999989e-01 -1.398901e-03 9.911776e-02 1.911606e-02 1.407706e-03 9.998162e-01 -9.588543e+00
9.998817e-01 -9.081283e-05 1.538090e-02 -2.494069e+00 7.307879e-05 9.999993e-01 1.153584e-03 8.022815e-02 -1.538102e-02 -1.152319e-03 9.998809e-01 -8.836194e+00
9.998705e-01 4.231390e-04 -1.608522e-02 -2.395850e+00 -4.479390e-04 9.999987e-01 -1.538250e-03 6.302238e-02 1.608452e-02 1.545260e-03 9.998693e-01 -8.143175e+00
9.998923e-01 -1.716090e-04 1.467181e-02 -2.323793e+00 1.514427e-04 9.999990e-01 1.375630e-03 5.067719e-02 -1.467205e-02 -1.373256e-03 9.998913e-01 -7.652291e+00
9.998552e-01 4.454389e-04 -1.701127e-02 -2.247536e+00 -4.719488e-04 9.999987e-01 -1.554417e-03 3.678785e-02 1.701053e-02 1.562224e-03 9.998540e-01 -7.106258e+00
9.998858e-01 -1.406888e-04 1.511195e-02 -2.146034e+00 1.205749e-04 9.999991e-01 1.331928e-03 2.229848e-02 -1.511215e-02 -1.329949e-03 9.998848e-01 -6.562945e+00
9.998603e-01 4.455238e-04 -1.671108e-02 -2.004661e+00 -4.708535e-04 9.999987e-01 -1.511872e-03 8.981824e-03 1.671036e-02 1.519534e-03 9.998591e-01 -6.140026e+00
9.998752e-01 -1.059519e-04 1.580028e-02 -1.886569e+00 8.218105e-05 9.999989e-01 1.505135e-03 1.521585e-03 -1.580044e-02 -1.503644e-03 9.998739e-01 -5.998639e+00
9.998707e-01 4.880936e-04 -1.607211e-02 -1.829805e+00 -5.110330e-04 9.999989e-01 -1.423233e-03 -1.619641e-03 1.607137e-02 1.431266e-03 9.998697e-01 -6.009475e+00
9.998931e-01 -1.589776e-04 1.462190e-02 -1.741309e+00 1.400263e-04 9.999991e-01 1.297141e-03 -1.254678e-02 -1.462212e-02 -1.294951e-03 9.998922e-01 -5.638965e+00
9.998795e-01 5.118951e-04 -1.551705e-02 -1.673105e+00 -5.309615e-04 9.999991e-01 -1.224675e-03 -1.711037e-02 1.551639e-02 1.232771e-03 9.998788e-01 -5.581761e+00
9.999092e-01 -2.003580e-04 1.347202e-02 -1.585782e+00 1.823393e-04 9.999991e-01 1.338746e-03 -2.298328e-02 -1.347231e-02 -1.336164e-03 9.999083e-01 -5.462749e+00
9.998810e-01 4.413301e-04 -1.542036e-02 -1.511359e+00 -4.634574e-04 9.999989e-01 -1.431431e-03 -3.365857e-02 1.541968e-02 1.438412e-03 9.998800e-01 -5.065221e+00
9.999066e-01 -1.869900e-04 1.366723e-02 -1.431418e+00 1.687900e-04 9.999991e-01 1.332830e-03 -4.427975e-02 -1.366750e-02 -1.330395e-03 9.999056e-01 -4.679375e+00
9.998795e-01 4.666108e-04 -1.551755e-02 -1.341291e+00 -4.904343e-04 9.999987e-01 -1.531526e-03 -5.768006e-02 1.551679e-02 1.538956e-03 9.998783e-01 -4.171505e+00
9.999009e-01 -1.543015e-04 1.407528e-02 -1.220041e+00 1.352319e-04 9.999991e-01 1.355814e-03 -7.034237e-02 -1.407550e-02 -1.353772e-03 9.998999e-01 -3.755947e+00
9.998777e-01 5.175654e-04 -1.563229e-02 -1.098918e+00 -5.400778e-04 9.999988e-01 -1.435964e-03 -8.068289e-02 1.563150e-02 1.444235e-03 9.998767e-01 -3.468564e+00
9.999005e-01 -1.906799e-04 1.410480e-02 -9.694561e-01 1.718886e-04 9.999991e-01 1.333505e-03 -9.178327e-02 -1.410507e-02 -1.330944e-03 9.998995e-01 -3.147871e+00
9.998858e-01 4.865548e-04 -1.510311e-02 -8.264818e-01 -5.082279e-04 9.999988e-01 -1.431238e-03 -1.013626e-01 1.510237e-02 1.438754e-03 9.998848e-01 -2.922167e+00
9.998955e-01 -1.948249e-04 1.445591e-02 -7.061799e-01 1.737421e-04 9.999989e-01 1.459698e-03 -1.075905e-01 -1.445621e-02 -1.457030e-03 9.998943e-01 -2.840889e+00
9.998867e-01 5.852438e-04 -1.503907e-02 -6.070017e-01 -6.047922e-04 9.999990e-01 -1.295362e-03 -1.096732e-01 1.503827e-02 1.304315e-03 9.998860e-01 -2.966626e+00
9.999043e-01 -2.359401e-04 1.383379e-02 -4.945431e-01 2.162902e-04 9.999990e-01 1.421947e-03 -1.142837e-01 -1.383413e-02 -1.418814e-03 9.999032e-01 -2.970445e+00
9.998932e-01 5.696523e-04 -1.460192e-02 -4.413376e-01 -5.887030e-04 9.999990e-01 -1.300442e-03 -1.171159e-01 1.460114e-02 1.308903e-03 9.998924e-01 -2.984832e+00
9.998998e-01 -1.896068e-04 1.415121e-02 -4.832939e-01 1.668781e-04 9.999987e-01 1.607337e-03 -1.124063e-01 -1.415153e-02 -1.604810e-03 9.998985e-01 -3.286825e+00
9.998418e-01 5.362913e-04 -1.777758e-02 -5.378980e-01 -5.579328e-04 9.999991e-01 -1.212441e-03 -1.094512e-01 1.777689e-02 1.222172e-03 9.998411e-01 -3.454408e+00
9.998426e-01 -1.383881e-04 1.774124e-02 -5.939383e-01 1.113133e-04 9.999988e-01 1.527105e-03 -1.033842e-01 -1.774146e-02 -1.524886e-03 9.998413e-01 -3.810019e+00
9.998551e-01 6.249046e-04 -1.701162e-02 -6.869363e-01 -6.443892e-04 9.999991e-01 -1.139942e-03 -9.371167e-02 1.701087e-02 1.150743e-03 9.998545e-01 -4.322214e+00
9.998484e-01 -1.550730e-04 1.741087e-02 -7.119345e-01 1.282881e-04 9.999988e-01 1.539542e-03 -8.552443e-02 -1.741111e-02 -1.537071e-03 9.998471e-01 -4.839873e+00
9.998532e-01 7.644490e-04 -1.711559e-02 -8.976373e-01 -7.818561e-04 9.999992e-01 -1.010392e-03 -7.032982e-02 1.711477e-02 1.023630e-03 9.998529e-01 -5.540461e+00
9.998535e-01 -2.536493e-04 1.711231e-02 -1.044537e+00 2.280440e-04 9.999989e-01 1.498279e-03 -5.872964e-02 -1.711270e-02 -1.494153e-03 9.998524e-01 -6.083643e+00
9.998485e-01 6.469664e-04 -1.739247e-02 -1.124464e+00 -6.676063e-04 9.999991e-01 -1.180972e-03 -5.218505e-02 1.739167e-02 1.192409e-03 9.998479e-01 -6.424225e+00
9.998437e-01 -2.043749e-04 1.768028e-02 -1.243452e+00 1.765374e-04 9.999987e-01 1.576075e-03 -4.274452e-02 -1.768060e-02 -1.572703e-03 9.998424e-01 -6.880219e+00
9.998417e-01 7.156697e-04 -1.778018e-02 -1.417978e+00 -7.351126e-04 9.999991e-01 -1.087035e-03 -3.047127e-02 1.777936e-02 1.099937e-03 9.998412e-01 -7.429286e+00
9.998425e-01 -2.664314e-04 1.774486e-02 -1.544341e+00 2.400326e-04 9.999989e-01 1.489837e-03 -2.107895e-02 -1.774526e-02 -1.485338e-03 9.998413e-01 -7.868324e+00
9.998308e-01 5.783321e-04 -1.838532e-02 -1.473865e+00 -6.076706e-04 9.999986e-01 -1.590242e-03 -3.007978e-02 1.838435e-02 1.601149e-03 9.998296e-01 -7.564738e+00
9.998779e-01 -2.316819e-04 1.562402e-02 -1.371056e+00 2.111327e-04 9.999991e-01 1.316912e-03 -4.878889e-02 -1.562434e-02 -1.313448e-03 9.998770e-01 -6.841706e+00
9.998115e-01 5.992304e-04 -1.940671e-02 -1.236951e+00 -6.237712e-04 9.999990e-01 -1.258551e-03 -6.124318e-02 1.940591e-02 1.270423e-03 9.998108e-01 -6.475851e+00
9.998517e-01 -2.836852e-04 1.721970e-02 -1.155798e+00 2.618337e-04 9.999992e-01 1.271261e-03 -7.009827e-02 -1.722008e-02 -1.266559e-03 9.998508e-01 -6.203321e+00
9.998172e-01 5.837524e-04 -1.910882e-02 -1.063611e+00 -6.128752e-04 9.999987e-01 -1.518263e-03 -8.609956e-02 1.910788e-02 1.529701e-03 9.998162e-01 -5.583370e+00
9.998309e-01 -3.359960e-04 1.838442e-02 -9.369942e-01 3.119059e-04 9.999991e-01 1.313238e-03 -9.898854e-02 -1.838488e-02 -1.307278e-03 9.998300e-01 -5.155103e+00
9.998086e-01 5.776375e-04 -1.955791e-02 -7.962109e-01 -6.060513e-04 9.999988e-01 -1.446937e-03 -1.108326e-01 1.955703e-02 1.458517e-03 9.998076e-01 -4.801732e+00
9.998429e-01 -2.991346e-04 1.772126e-02 -6.862589e-01 2.766690e-04 9.999992e-01 1.270192e-03 -1.251292e-01 -1.772166e-02 -1.265086e-03 9.998421e-01 -4.289282e+00
9.997947e-01 5.990663e-04 -2.025289e-02 -5.583529e-01 -6.275668e-04 9.999988e-01 -1.400934e-03 -1.398796e-01 2.025200e-02 1.413360e-03 9.997938e-01 -3.790875e+00
9.997994e-01 -2.823163e-04 2.002821e-02 -4.332041e-01 2.606161e-04 9.999994e-01 1.086113e-03 -1.558774e-01 -2.002853e-02 -1.080672e-03 9.997987e-01 -3.208059e+00
9.997821e-01 5.653904e-04 -2.086842e-02 -3.125130e-01 -5.940285e-04 9.999989e-01 -1.366169e-03 -1.712140e-01 2.086759e-02 1.378272e-03 9.997812e-01 -2.652611e+00
9.998141e-01 -2.980063e-04 1.928116e-02 -2.189302e-01 2.750490e-04 9.999993e-01 1.193334e-03 -1.848115e-01 -1.928153e-02 -1.187805e-03 9.998133e-01 -2.146901e+00
9.997921e-01 5.188136e-04 -2.038581e-02 -1.333112e-01 -5.457851e-04 9.999990e-01 -1.317543e-03 -1.956646e-01 2.038507e-02 1.328400e-03 9.997912e-01 -1.756208e+00
9.998097e-01 -2.722562e-04 1.950826e-02 -4.237024e-02 2.501354e-04 9.999993e-01 1.136386e-03 -2.081235e-01 -1.950859e-02 -1.131286e-03 9.998090e-01 -1.291290e+00
9.997903e-01 6.064397e-04 -2.046836e-02 4.433087e-02 -6.369196e-04 9.999987e-01 -1.482665e-03 -2.254078e-01 2.046740e-02 1.495395e-03 9.997893e-01 -5.881390e-01
9.998161e-01 -2.940685e-04 1.917710e-02 1.271170e-01 2.706317e-04 9.999992e-01 1.224741e-03 -2.408336e-01 -1.917747e-02 -1.219322e-03 9.998153e-01 2.071038e-02
9.997689e-01 5.206328e-04 -2.148969e-02 2.193239e-01 -5.479538e-04 9.999990e-01 -1.265511e-03 -2.517572e-01 2.148898e-02 1.276998e-03 9.997682e-01 3.903287e-01
9.997897e-01 -2.788615e-04 2.050481e-02 2.950722e-01 2.561496e-04 9.999994e-01 1.110285e-03 -2.637083e-01 -2.050513e-02 -1.104796e-03 9.997890e-01 8.577286e-01
9.997535e-01 5.091049e-04 -2.219729e-02 3.704028e-01 -5.366497e-04 9.999991e-01 -1.234992e-03 -2.752362e-01 2.219661e-02 1.246603e-03 9.997527e-01 1.296648e+00
9.997880e-01 -2.989368e-04 2.058905e-02 4.577026e-01 2.749396e-04 9.999993e-01 1.168384e-03 -2.848381e-01 -2.058942e-02 -1.162472e-03 9.997872e-01 1.619259e+00
9.997528e-01 5.282569e-04 -2.222593e-02 5.516923e-01 -5.560794e-04 9.999991e-01 -1.245666e-03 -2.947129e-01 2.222522e-02 1.257722e-03 9.997521e-01 1.941918e+00
9.998352e-01 -2.575158e-04 1.815248e-02 6.051409e-01 2.309587e-04 9.999989e-01 1.465117e-03 -3.014363e-01 -1.815287e-02 -1.460680e-03 9.998341e-01 2.143806e+00
9.996310e-01 5.890694e-04 -2.715868e-02 6.533315e-01 -6.205946e-04 9.999991e-01 -1.152385e-03 -3.113128e-01 2.715795e-02 1.168818e-03 9.996304e-01 2.521388e+00
9.997080e-01 -3.544303e-04 2.416063e-02 7.214030e-01 3.285228e-04 9.999994e-01 1.076293e-03 -3.239114e-01 -2.416103e-02 -1.068037e-03 9.997074e-01 3.006885e+00
9.996561e-01 5.710999e-04 -2.621699e-02 7.988291e-01 -6.017959e-04 9.999991e-01 -1.162993e-03 -3.350899e-01 2.621628e-02 1.178374e-03 9.996555e-01 3.420255e+00
9.997095e-01 -2.980129e-04 2.410107e-02 8.984609e-01 2.738820e-04 9.999995e-01 1.004560e-03 -3.494631e-01 -2.410139e-02 -9.976639e-04 9.997089e-01 3.945247e+00
9.996635e-01 6.388779e-04 -2.593181e-02 1.047684e+00 -6.724884e-04 9.999989e-01 -1.287433e-03 -3.674143e-01 2.593093e-02 1.304443e-03 9.996628e-01 4.573219e+00
9.997030e-01 -3.216417e-04 2.436963e-02 1.150863e+00 2.963520e-04 9.999994e-01 1.041386e-03 -3.835177e-01 -2.436998e-02 -1.033851e-03 9.997024e-01 5.180183e+00
9.996170e-01 5.237342e-04 -2.766867e-02 1.215418e+00 -5.523998e-04 9.999993e-01 -1.028420e-03 -3.939502e-01 2.766808e-02 1.043314e-03 9.996165e-01 5.563538e+00
9.997949e-01 -2.701855e-04 2.024813e-02 1.262529e+00 2.431120e-04 9.999991e-01 1.339569e-03 -4.018474e-01 -2.024851e-02 -1.334368e-03 9.997940e-01 5.848226e+00
9.996825e-01 5.234018e-04 -2.518974e-02 1.330507e+00 -5.546196e-04 9.999991e-01 -1.232359e-03 -4.124451e-01 2.518904e-02 1.245942e-03 9.996818e-01 6.232163e+00
9.998840e-01 -2.111250e-04 1.523049e-02 1.383144e+00 1.857549e-04 9.999986e-01 1.667186e-03 -4.211804e-01 -1.523086e-02 -1.664160e-03 9.998825e-01 6.544194e+00
9.994977e-01 6.373768e-04 -3.168540e-02 1.420819e+00 -6.634197e-04 9.999995e-01 -8.114367e-04 -4.263607e-01 3.168483e-02 8.320536e-04 9.994975e-01 6.723126e+00
9.996170e-01 -4.019956e-04 2.766997e-02 1.504376e+00 3.777738e-04 9.999995e-01 8.806307e-04 -4.372510e-01 -2.767035e-02 -8.698367e-04 9.996166e-01 7.101155e+00
9.995580e-01 6.743288e-04 -2.972092e-02 1.644865e+00 -7.036270e-04 9.999993e-01 -9.753517e-04 -4.503147e-01 2.972021e-02 9.958368e-04 9.995577e-01 7.504478e+00
9.998147e-01 -3.066845e-04 1.924780e-02 1.766452e+00 2.771248e-04 9.999988e-01 1.538431e-03 -4.574912e-01 -1.924829e-02 -1.532808e-03 9.998135e-01 7.668100e+00
9.995220e-01 7.429671e-04 -3.090536e-02 1.857096e+00 -7.740333e-04 9.999992e-01 -9.932771e-04 -4.656513e-01 3.090456e-02 1.016728e-03 9.995217e-01 7.920218e+00
9.996202e-01 -5.209942e-04 2.755226e-02 1.921750e+00 4.875543e-04 9.999991e-01 1.220426e-03 -4.708760e-01 -2.755291e-02 -1.206526e-03 9.996195e-01 8.042630e+00
9.996193e-01 8.003756e-04 -2.757746e-02 1.889960e+00 -8.279685e-04 9.999992e-01 -9.891837e-04 -4.692714e-01 2.757660e-02 1.011644e-03 9.996191e-01 7.931097e+00
9.996198e-01 -5.090462e-04 2.756678e-02 1.835191e+00 4.743824e-04 9.999991e-01 1.264002e-03 -4.656762e-01 -2.756744e-02 -1.250440e-03 9.996191e-01 7.729833e+00
9.995707e-01 7.930889e-04 -2.928933e-02 1.793213e+00 -8.220074e-04 9.999992e-01 -9.753390e-04 -4.647224e-01 2.928849e-02 9.990002e-04 9.995704e-01 7.652060e+00
9.997356e-01 -5.374534e-04 2.298563e-02 1.832329e+00 5.114243e-04 9.999992e-01 1.138309e-03 -4.750049e-01 -2.298626e-02 -1.126249e-03 9.997351e-01 8.054495e+00
9.996390e-01 7.511195e-04 -2.685769e-02 1.866573e+00 -7.802915e-04 9.999991e-01 -1.075739e-03 -4.843927e-01 2.685682e-02 1.096311e-03 9.996386e-01 8.423708e+00
9.997608e-01 -4.827138e-04 2.186624e-02 1.915951e+00 4.591004e-04 9.999993e-01 1.084951e-03 -4.978028e-01 -2.186679e-02 -1.074649e-03 9.997602e-01 8.954629e+00
9.993971e-01 9.098666e-04 -3.470861e-02 1.973052e+00 -9.278674e-04 9.999994e-01 -5.025443e-04 -5.074267e-01 3.470809e-02 5.344502e-04 9.993973e-01 9.301831e+00
9.998107e-01 -4.956842e-04 1.944763e-02 2.010375e+00 4.710434e-04 9.999991e-01 1.271644e-03 -5.142943e-01 -1.944829e-02 -1.262239e-03 9.998100e-01 9.550578e+00
9.994762e-01 8.585563e-04 -3.235014e-02 2.038778e+00 -8.824671e-04 9.999993e-01 -7.248818e-04 -5.233589e-01 3.234945e-02 7.530541e-04 9.994762e-01 9.909120e+00
9.997168e-01 -5.981768e-04 2.378874e-02 2.018111e+00 5.726507e-04 9.999993e-01 1.079876e-03 -5.293532e-01 -2.378942e-02 -1.065943e-03 9.997163e-01 1.017163e+01
9.989383e-01 1.025519e-03 -4.605764e-02 1.954524e+00 -1.027646e-03 9.999995e-01 -2.252929e-05 -5.344133e-01 4.605755e-02 6.984045e-05 9.989387e-01 1.042573e+01
9.997887e-01 -5.678897e-04 2.055003e-02 1.871169e+00 5.383887e-04 9.999988e-01 1.441126e-03 -5.328872e-01 -2.055087e-02 -1.429754e-03 9.997877e-01 1.038450e+01
9.996320e-01 9.116443e-04 -2.711151e-02 1.696578e+00 -9.315969e-04 9.999993e-01 -7.233670e-04 -5.240258e-01 2.711078e-02 7.483620e-04 9.996321e-01 1.002386e+01
9.999403e-01 -4.607505e-04 1.091612e-02 1.551687e+00 4.397553e-04 9.999980e-01 1.925755e-03 -5.160962e-01 -1.091703e-02 -1.920835e-03 9.999385e-01 9.669910e+00
9.992383e-01 1.038708e-03 -3.900946e-02 1.441308e+00 -1.053050e-03 9.999994e-01 -3.471302e-04 -5.136491e-01 3.900902e-02 3.879492e-04 9.992387e-01 9.598771e+00
9.996581e-01 -6.827978e-04 2.613887e-02 1.278965e+00 6.495205e-04 9.999990e-01 1.281620e-03 -5.074046e-01 -2.613977e-02 -1.264200e-03 9.996574e-01 9.363647e+00
9.995937e-01 1.006732e-03 -2.848454e-02 1.272334e+00 -1.036032e-03 9.999989e-01 -1.013926e-03 -5.080991e-01 2.848343e-02 1.043030e-03 9.995936e-01 9.318703e+00
9.997558e-01 -6.503691e-04 2.208906e-02 1.339658e+00 6.197191e-04 9.999988e-01 1.394445e-03 -5.143973e-01 -2.209000e-02 -1.380411e-03 9.997549e-01 9.477396e+00
9.996926e-01 9.619677e-04 -2.477518e-02 1.253722e+00 -9.885430e-04 9.999989e-01 -1.060489e-03 -5.114710e-01 2.477408e-02 1.084659e-03 9.996924e-01 9.331330e+00
9.997158e-01 -5.857646e-04 2.383124e-02 1.067477e+00 5.509579e-04 9.999988e-01 1.467147e-03 -5.021544e-01 -2.383213e-02 -1.453596e-03 9.997148e-01 8.964858e+00
9.996693e-01 8.456275e-04 -2.570265e-02 1.100783e+00 -8.852601e-04 9.999984e-01 -1.530683e-03 -5.116453e-01 2.570126e-02 1.552935e-03 9.996684e-01 9.347465e+00
9.997426e-01 -5.550031e-04 2.267981e-02 1.164786e+00 5.246647e-04 9.999990e-01 1.343676e-03 -5.275908e-01 -2.268059e-02 -1.331427e-03 9.997418e-01 1.000600e+01
9.996689e-01 8.638117e-04 -2.571698e-02 1.236312e+00 -9.046355e-04 9.999983e-01 -1.575892e-03 -5.447586e-01 2.571552e-02 1.598640e-03 9.996679e-01 1.071098e+01
9.997206e-01 -5.891394e-04 2.363150e-02 1.316567e+00 5.565720e-04 9.999989e-01 1.384748e-03 -5.593173e-01 -2.363235e-02 -1.371204e-03 9.997197e-01 1.128720e+01
9.996558e-01 8.225255e-04 -2.622216e-02 1.388469e+00 -8.614559e-04 9.999985e-01 -1.473429e-03 -5.716104e-01 2.622086e-02 1.495515e-03 9.996550e-01 1.175873e+01
9.997392e-01 -5.803784e-04 2.283074e-02 1.469058e+00 5.471406e-04 9.999988e-01 1.462116e-03 -5.840309e-01 -2.283162e-02 -1.449238e-03 9.997382e-01 1.221059e+01
9.996606e-01 8.980968e-04 -2.603567e-02 1.626856e+00 -9.374821e-04 9.999984e-01 -1.500633e-03 -5.983966e-01 2.603423e-02 1.524537e-03 9.996598e-01 1.265098e+01
9.997118e-01 -5.415235e-04 2.400042e-02 1.858809e+00 5.063786e-04 9.999988e-01 1.470458e-03 -6.117403e-01 -2.400124e-02 -1.457877e-03 9.997108e-01 1.294223e+01
9.996640e-01 8.659643e-04 -2.590466e-02 2.042766e+00 -9.094572e-04 9.999982e-01 -1.667283e-03 -6.272160e-01 2.590311e-02 1.690287e-03 9.996629e-01 1.341014e+01
9.997074e-01 -5.877758e-04 2.417952e-02 2.204556e+00 5.490143e-04 9.999986e-01 1.609737e-03 -6.392618e-01 -2.418048e-02 -1.595987e-03 9.997062e-01 1.373823e+01
9.996538e-01 8.698615e-04 -2.629704e-02 2.351249e+00 -9.141423e-04 9.999982e-01 -1.671950e-03 -6.514836e-01 2.629548e-02 1.695415e-03 9.996527e-01 1.410002e+01
9.998110e-01 -5.568313e-04 1.943185e-02 2.471639e+00 5.174185e-04 9.999978e-01 2.033300e-03 -6.604455e-01 -1.943300e-02 -2.022857e-03 9.998090e-01 1.433913e+01
9.997144e-01 9.839316e-04 -2.387643e-02 2.711035e+00 -1.031265e-03 9.999975e-01 -1.970269e-03 -6.755862e-01 2.387438e-02 1.994334e-03 9.997129e-01 1.470188e+01
9.997980e-01 -5.220584e-04 2.009205e-02 2.922611e+00 4.860307e-04 9.999983e-01 1.798046e-03 -6.965244e-01 -2.009302e-02 -1.787913e-03 9.997964e-01 1.536823e+01
9.973302e-01 1.765847e-03 -7.300210e-02 2.932318e+00 -1.713644e-03 9.999982e-01 7.776898e-04 -7.076863e-01 7.300328e-02 -6.505094e-04 9.973314e-01 1.584675e+01
9.997460e-01 -7.285612e-04 2.252470e-02 2.927122e+00 6.905962e-04 9.999983e-01 1.693296e-03 -7.167484e-01 -2.252596e-02 -1.677306e-03 9.997448e-01 1.627316e+01
9.996699e-01 9.807373e-04 -2.567329e-02 2.996380e+00 -1.027757e-03 9.999978e-01 -1.818408e-03 -7.311402e-01 2.567138e-02 1.844198e-03 9.996686e-01 1.684135e+01
9.997475e-01 -6.769099e-04 2.245857e-02 3.103825e+00 6.392072e-04 9.999984e-01 1.685986e-03 -7.472167e-01 -2.245975e-02 -1.671200e-03 9.997463e-01 1.743037e+01
9.996202e-01 1.039242e-03 -2.753718e-02 3.223155e+00 -1.086446e-03 9.999980e-01 -1.699338e-03 -7.642907e-01 2.753529e-02 1.728615e-03 9.996193e-01 1.803345e+01
9.998229e-01 -5.771479e-04 1.880840e-02 3.346621e+00 5.427848e-04 9.999982e-01 1.832154e-03 -7.836960e-01 -1.880949e-02 -1.821616e-03 9.998213e-01 1.873130e+01
9.996624e-01 1.033433e-03 -2.596054e-02 3.475912e+00 -1.081594e-03 9.999977e-01 -1.841232e-03 -8.048849e-01 2.595851e-02 1.868694e-03 9.996612e-01 1.950293e+01
9.998806e-01 -5.057077e-04 1.544037e-02 3.600628e+00 4.740262e-04 9.999978e-01 2.055571e-03 -8.248936e-01 -1.544145e-02 -2.048002e-03 9.998786e-01 2.022332e+01
9.995901e-01 1.101390e-03 -2.860601e-02 3.709109e+00 -1.150471e-03 9.999979e-01 -1.699415e-03 -8.438387e-01 2.860400e-02 1.731634e-03 9.995892e-01 2.092146e+01
9.998257e-01 -6.171188e-04 1.865711e-02 3.812506e+00 5.824436e-04 9.999981e-01 1.864025e-03 -8.633672e-01 -1.865830e-02 -1.852829e-03 9.998241e-01 2.165091e+01
9.975284e-01 1.799465e-03 -7.024075e-02 3.808208e+00 -1.761422e-03 9.999983e-01 6.035255e-04 -8.747505e-01 7.024163e-02 -4.783058e-04 9.975298e-01 2.215787e+01
9.998117e-01 -6.944768e-04 1.939051e-02 3.835040e+00 6.583844e-04 9.999980e-01 1.867782e-03 -8.855913e-01 -1.939184e-02 -1.854660e-03 9.998102e-01 2.262822e+01
9.994216e-01 1.294593e-03 -3.398080e-02 3.923094e+00 -1.344014e-03 9.999981e-01 -1.431657e-03 -9.032612e-01 3.397880e-02 1.476504e-03 9.994214e-01 2.329946e+01
9.997938e-01 -7.435304e-04 2.029335e-02 4.006239e+00 7.071097e-04 9.999981e-01 1.801942e-03 -9.213622e-01 -2.029473e-02 -1.787216e-03 9.997924e-01 2.399419e+01
9.989029e-01 1.573353e-03 -4.680280e-02 4.077192e+00 -1.607188e-03 9.999985e-01 -6.853561e-04 -9.360592e-01 4.680156e-02 7.598297e-04 9.989038e-01 2.456911e+01
9.996138e-01 -9.448108e-04 2.777383e-02 4.156607e+00 9.053357e-04 9.999986e-01 1.433937e-03 -9.506125e-01 -2.777523e-02 -1.408234e-03 9.996131e-01 2.512456e+01
9.991725e-01 1.472528e-03 -4.064650e-02 4.232245e+00 -1.516468e-03 9.999983e-01 -1.050281e-03 -9.666578e-01 4.064480e-02 1.111056e-03 9.991730e-01 2.574074e+01
9.998644e-01 -8.278430e-04 1.644758e-02 4.275035e+00 7.945383e-04 9.999976e-01 2.031483e-03 -9.803687e-01 -1.644931e-02 -2.018135e-03 9.998626e-01 2.629907e+01
9.992932e-01 1.567419e-03 -3.755752e-02 4.354266e+00 -1.614664e-03 9.999979e-01 -1.227717e-03 -9.956021e-01 3.755543e-02 1.287497e-03 9.992936e-01 2.688896e+01
9.999286e-01 -8.500544e-04 1.191521e-02 4.418850e+00 8.228763e-04 9.999970e-01 2.285898e-03 -1.010047e+00 -1.191721e-02 -2.275926e-03 9.999263e-01 2.745783e+01
9.988490e-01 1.822274e-03 -4.793086e-02 4.458442e+00 -1.856742e-03 9.999980e-01 -6.746616e-04 -1.023518e+00 4.792945e-02 7.628849e-04 9.988504e-01 2.802160e+01
9.997764e-01 -1.640978e-04 -2.114229e-02 4.419677e+00 2.364051e-04 9.999941e-01 3.417439e-03 -1.045106e+00 2.114152e-02 -3.421668e-03 9.997706e-01 2.906406e+01
9.928772e-01 3.243103e-03 -1.190975e-01 4.243575e+00 -2.861244e-03 9.999902e-01 3.377102e-03 -1.059495e+00 1.191072e-01 -3.012276e-03 9.928768e-01 2.995868e+01
9.997886e-01 -1.219264e-03 2.052512e-02 4.153551e+00 1.189684e-03 9.999982e-01 1.453508e-03 -1.070139e+00 -2.052695e-02 -1.428777e-03 9.997882e-01 3.059133e+01
9.977990e-01 2.396326e-03 -6.626780e-02 4.171091e+00 -2.358066e-03 9.999970e-01 6.555094e-04 -1.084411e+00 6.626907e-02 -4.977981e-04 9.978016e-01 3.122162e+01
9.995441e-01 -1.407569e-03 3.015964e-02 4.231966e+00 1.379750e-03 9.999986e-01 9.433498e-04 -1.099958e+00 -3.016102e-02 -9.013023e-04 9.995446e-01 3.185652e+01
9.973822e-01 2.537431e-03 -7.226492e-02 4.258342e+00 -2.471576e-03 9.999964e-01 1.000643e-03 -1.114683e+00 7.226711e-02 -8.194110e-04 9.973849e-01 3.249105e+01
9.997394e-01 -1.432259e-03 2.277998e-02 4.267427e+00 1.401959e-03 9.999981e-01 1.346229e-03 -1.126870e+00 -2.278196e-02 -1.313937e-03 9.997395e-01 3.304032e+01
9.947478e-01 3.187625e-03 -1.023061e-01 4.211707e+00 -2.928796e-03 9.999921e-01 2.680017e-03 -1.135954e+00 1.023138e-01 -2.366303e-03 9.947493e-01 3.351187e+01
9.999163e-01 -1.419183e-03 1.285834e-02 4.158919e+00 1.395628e-03 9.999973e-01 1.841089e-03 -1.143605e+00 -1.286102e-02 -1.822985e-03 9.999156e-01 3.393530e+01
9.972866e-01 2.882228e-03 -7.355963e-02 4.174906e+00 -2.802225e-03 9.999954e-01 1.190704e-03 -1.155193e+00 7.356263e-02 -9.813379e-04 9.972901e-01 3.445525e+01
9.995188e-01 -1.785372e-03 3.096401e-02 4.240864e+00 1.759669e-03 9.999981e-01 8.575146e-04 -1.168759e+00 -3.096558e-02 -8.026115e-04 9.995201e-01 3.500023e+01
9.966189e-01 3.067180e-03 -8.210557e-02 4.258551e+00 -2.937106e-03 9.999942e-01 1.704896e-03 -1.180682e+00 8.211024e-02 -1.457975e-03 9.966221e-01 3.552065e+01
9.998915e-01 -1.721851e-03 1.462523e-02 4.220091e+00 1.698331e-03 9.999972e-01 1.620847e-03 -1.189549e+00 -1.462807e-02 -1.595828e-03 9.998917e-01 3.596839e+01
9.972407e-01 3.116965e-03 -7.417005e-02 4.209736e+00 -3.025598e-03 9.999945e-01 1.344103e-03 -1.200657e+00 7.417374e-02 -1.115982e-03 9.972447e-01 3.648983e+01
9.997700e-01 -1.946925e-03 2.135292e-02 4.217247e+00 1.921279e-03 9.999974e-01 1.221797e-03 -1.211915e+00 -2.135533e-02 -1.180488e-03 9.997712e-01 3.699535e+01
9.968983e-01 3.294477e-03 -7.863032e-02 4.206903e+00 -3.173302e-03 9.999936e-01 1.665900e-03 -1.222342e+00 7.863522e-02 -1.411211e-03 9.969024e-01 3.748321e+01
9.997350e-01 -2.030657e-03 2.292739e-02 4.214362e+00 2.008019e-03 9.999975e-01 1.010618e-03 -1.235084e+00 -2.292947e-02 -9.643079e-04 9.997366e-01 3.805603e+01
9.964554e-01 3.520075e-03 -8.404762e-02 4.220505e+00 -3.355756e-03 9.999922e-01 2.096186e-03 -1.246731e+00 8.405426e-02 -1.806710e-03 9.964595e-01 3.858354e+01
