9.999992e-01 2.914254e-05 -1.300168e-03 -2.896707e-02 -2.902934e-05 1.000000e+00 8.706551e-05 -2.048821e-02 1.300170e-03 -8.702721e-05 9.999991e-01 9.445429e-01
9.999864e-01 2.548407e-04 -5.214169e-03 -4.107087e-02 -2.536363e-04 9.999999e-01 2.316366e-04 -4.474585e-02 5.214227e-03 -2.303104e-04 9.999863e-01 2.053258e+00
9.999907e-01 8.413132e-05 -4.318316e-03 -5.990177e-02 -8.340804e-05 1.000000e+00 1.676653e-04 -6.798260e-02 4.318328e-03 -1.673030e-04 9.999906e-01 3.112761e+00
9.998028e-01 7.448236e-04 -1.984277e-02 -8.666033e-02 -7.335420e-04 9.999996e-01 5.758243e-04 -8.611240e-02 1.984319e-02 -5.611547e-04 9.998028e-01 3.968315e+00
9.999512e-01 2.435178e-04 -9.871625e-03 -9.484971e-02 -2.407672e-04 9.999999e-01 2.798168e-04 -1.036727e-01 9.871685e-03 -2.774256e-04 9.999511e-01 4.772056e+00
9.999891e-01 -2.993666e-05 4.673956e-03 -1.001046e-01 3.015856e-05 1.000000e+00 -4.739354e-05 -1.246970e-01 -4.673962e-03 4.753471e-05 9.999890e-01 5.710809e+00
9.999930e-01 -3.319116e-05 -3.750998e-03 -9.263874e-02 3.341765e-05 1.000000e+00 6.030480e-05 -1.465078e-01 3.750989e-03 -6.042899e-05 9.999929e-01 6.644802e+00
9.999894e-01 -2.069210e-05 4.609968e-03 -8.136472e-02 2.091415e-05 1.000000e+00 -4.811056e-05 -1.678575e-01 -4.609974e-03 4.820720e-05 9.999893e-01 7.551084e+00
9.999891e-01 1.442888e-06 -4.676526e-03 -8.168226e-02 -7.933101e-07 1.000000e+00 1.388943e-04 -1.919227e-01 4.676519e-03 -1.388883e-04 9.999890e-01 8.607465e+00
9.999996e-01 1.551371e-04 8.758826e-04 -9.688524e-02 -1.551649e-04 1.000000e+00 3.174779e-05 -2.124889e-01 -8.758854e-04 -3.188292e-05 9.999995e-01 9.537867e+00
9.999922e-01 -3.926366e-04 3.918041e-03 -1.064602e-01 3.933790e-04 9.999999e-01 -1.887117e-04 -2.326057e-01 -3.917974e-03 1.902523e-04 9.999922e-01 1.041954e+01
9.999864e-01 -2.099631e-05 5.222622e-03 -1.055603e-01 2.167835e-05 1.000000e+00 -1.305287e-04 -2.520253e-01 -5.222626e-03 1.306408e-04 9.999863e-01 1.125450e+01
9.999865e-01 6.568016e-06 -5.195340e-03 -1.248050e-01 -5.584314e-06 1.000000e+00 1.893501e-04 -2.736670e-01 5.195334e-03 -1.893179e-04 9.999864e-01 1.223691e+01
9.999855e-01 -1.868160e-05 5.382943e-03 -1.479417e-01 1.913706e-05 1.000000e+00 -8.455131e-05 -3.000485e-01 -5.382948e-03 8.465383e-05 9.999854e-01 1.344551e+01
9.999955e-01 -7.944601e-05 -2.990442e-03 -1.537133e-01 7.969844e-05 1.000000e+00 8.427944e-05 -3.257565e-01 2.990429e-03 -8.451666e-05 9.999954e-01 1.459118e+01
9.999167e-01 -3.334747e-04 1.290635e-02 -1.229968e-01 3.385611e-04 9.999999e-01 -3.919149e-04 -3.438391e-01 -1.290623e-02 3.962525e-04 9.999165e-01 1.530717e+01
9.999239e-01 3.061043e-04 -1.233270e-02 -1.166297e-01 -3.015187e-04 9.999999e-01 3.736839e-04 -3.593894e-01 1.233281e-02 -3.699362e-04 9.999238e-01 1.595996e+01
9.999354e-01 -2.446305e-04 1.136247e-02 -1.188495e-01 2.482391e-04 9.999999e-01 -3.161783e-04 -3.728081e-01 -1.136240e-02 3.189792e-04 9.999353e-01 1.653095e+01
9.998789e-01 4.281650e-04 -1.555528e-02 -1.268937e-01 -4.215156e-04 9.999998e-01 4.307442e-04 -3.891352e-01 1.555545e-02 -4.241346e-04 9.998788e-01 1.724167e+01
9.998993e-01 -3.681026e-04 1.418918e-02 -1.218177e-01 3.723443e-04 9.999999e-01 -2.962953e-04 -4.104622e-01 -1.418907e-02 3.015495e-04 9.998992e-01 1.816571e+01
9.999024e-01 3.752539e-04 -1.396765e-02 -8.239781e-02 -3.696285e-04 9.999998e-01 4.053184e-04 -4.357402e-01 1.396780e-02 -4.001152e-04 9.999023e-01 1.921259e+01
9.999093e-01 -3.542865e-04 1.346472e-02 -5.182696e-02 3.584177e-04 9.999999e-01 -3.043981e-04 -4.562325e-01 -1.346462e-02 3.091973e-04 9.999092e-01 2.005319e+01
9.998884e-01 4.234523e-04 -1.493172e-02 -1.867590e-02 -4.171821e-04 9.999998e-01 4.230379e-04 -4.754101e-01 1.493190e-02 -4.167607e-04 9.998883e-01 2.081831e+01
9.999068e-01 -3.742321e-04 1.364861e-02 -3.754124e-03 3.784886e-04 9.999999e-01 -3.092748e-04 -4.964114e-01 -1.364850e-02 3.144126e-04 9.999067e-01 2.170742e+01
9.998715e-01 4.894436e-04 -1.602490e-02 1.378585e-02 -4.826997e-04 9.999998e-01 4.247029e-04 -5.150256e-01 1.602510e-02 -4.169123e-04 9.998714e-01 2.247488e+01
9.999059e-01 -3.951824e-04 1.370927e-02 4.580181e-03 3.984205e-04 9.999999e-01 -2.334649e-04 -5.388874e-01 -1.370918e-02 2.389058e-04 9.999059e-01 2.354760e+01
9.998971e-01 4.101629e-04 -1.433953e-02 1.574418e-03 -4.042830e-04 9.999998e-01 4.129421e-04 -5.669668e-01 1.433969e-02 -4.071016e-04 9.998970e-01 2.480239e+01
9.999060e-01 -3.820440e-04 1.370900e-02 1.995108e-02 3.854492e-04 9.999999e-01 -2.457491e-04 -5.927386e-01 -1.370891e-02 2.510109e-04 9.999059e-01 2.591213e+01
9.998976e-01 4.530899e-04 -1.430538e-02 1.974385e-02 -4.485804e-04 9.999998e-01 3.184316e-04 -6.084775e-01 1.430551e-02 -3.119810e-04 9.998975e-01 2.659387e+01
9.998910e-01 -4.305085e-04 1.476152e-02 -2.565814e-01 4.368564e-04 9.999998e-01 -4.268026e-04 -6.053940e-01 -1.476134e-02 4.332055e-04 9.998909e-01 2.694337e+01
9.999059e-01 3.616606e-04 -1.371411e-02 -7.441688e-01 -3.584107e-04 9.999999e-01 2.394280e-04 -5.796504e-01 1.371419e-02 -2.344894e-04 9.999058e-01 2.674039e+01
9.999028e-01 -4.296908e-04 1.393235e-02 -1.266355e+00 4.351543e-04 9.999998e-01 -3.891109e-04 -5.468977e-01 -1.393219e-02 3.951366e-04 9.999028e-01 2.632664e+01
9.998935e-01 4.978187e-04 -1.458613e-02 -1.338345e+00 -4.916805e-04 9.999998e-01 4.244105e-04 -5.585277e-01 1.458633e-02 -4.171928e-04 9.998934e-01 2.695496e+01
9.999072e-01 -4.848330e-04 1.361257e-02 -1.709689e+00 4.914214e-04 9.999998e-01 -4.806527e-04 -5.389834e-01 -1.361235e-02 4.872984e-04 9.999071e-01 2.681235e+01
9.998714e-01 4.490960e-04 -1.602799e-02 -2.095919e+00 -4.412170e-04 9.999998e-01 4.951079e-04 -5.085854e-01 1.602820e-02 -4.879717e-04 9.998713e-01 2.629376e+01
9.998755e-01 -4.761214e-04 1.577102e-02 -2.511634e+00 4.857286e-04 9.999997e-01 -6.053423e-04 -4.860953e-01 -1.577073e-02 6.129282e-04 9.998753e-01 2.610389e+01
9.998837e-01 4.470743e-04 -1.524377e-02 -3.048418e+00 -4.405020e-04 9.999998e-01 4.345009e-04 -4.580724e-01 1.524396e-02 -4.277347e-04 9.998836e-01 2.588693e+01
9.998896e-01 -4.224805e-04 1.485399e-02 -3.468056e+00 4.303123e-04 9.999998e-01 -5.240582e-04 -4.401992e-01 -1.485377e-02 5.303930e-04 9.998894e-01 2.587768e+01
9.998212e-01 4.749365e-04 -1.890293e-02 -3.881223e+00 -4.647046e-04 9.999997e-01 5.456723e-04 -4.112036e-01 1.890317e-02 -5.367897e-04 9.998211e-01 2.543905e+01
9.998338e-01 -3.661648e-04 1.822606e-02 -4.110314e+00 3.760167e-04 9.999998e-01 -5.371101e-04 -4.146643e-01 -1.822587e-02 5.438749e-04 9.998336e-01 2.599111e+01
9.998249e-01 4.137605e-04 -1.870832e-02 -4.148618e+00 -4.014841e-04 9.999997e-01 6.599508e-04 -4.379199e-01 1.870858e-02 -6.523233e-04 9.998247e-01 2.708992e+01
9.998287e-01 -3.870760e-04 1.850694e-02 -4.180887e+00 3.957980e-04 9.999998e-01 -4.676163e-04 -4.697155e-01 -1.850676e-02 4.748619e-04 9.998285e-01 2.857353e+01
9.998325e-01 4.109943e-04 -1.829851e-02 -4.224463e+00 -3.996262e-04 9.999997e-01 6.249095e-04 -5.013321e-01 1.829875e-02 -6.174915e-04 9.998323e-01 3.007169e+01
9.998201e-01 -3.915219e-04 1.896125e-02 -4.270914e+00 4.005377e-04 9.999998e-01 -4.716899e-04 -5.354578e-01 -1.896106e-02 4.792006e-04 9.998200e-01 3.169365e+01
9.998422e-01 3.921293e-04 -1.775867e-02 -4.331372e+00 -3.824715e-04 9.999998e-01 5.472238e-04 -5.658948e-01 1.775887e-02 -5.403445e-04 9.998421e-01 3.316832e+01
9.998409e-01 -3.705789e-04 1.783431e-02 -4.378557e+00 3.766386e-04 9.999999e-01 -3.364151e-04 -6.011364e-01 -1.783419e-02 3.430795e-04 9.998408e-01 3.483800e+01
9.998162e-01 4.146402e-04 -1.916701e-02 -4.383352e+00 -4.011148e-04 9.999997e-01 7.094973e-04 -6.422803e-01 1.916729e-02 -7.016779e-04 9.998159e-01 3.669963e+01
9.998737e-01 -2.899938e-04 1.589054e-02 -4.415154e+00 2.985186e-04 9.999998e-01 -5.340975e-04 -6.611253e-01 -1.589039e-02 5.387746e-04 9.998735e-01 3.757218e+01
9.991930e-01 1.049056e-03 -4.015372e-02 -4.553146e+00 -1.006183e-03 9.999989e-01 1.087904e-03 -6.543246e-01 4.015481e-02 -1.046623e-03 9.991928e-01 3.756456e+01
9.999977e-01 2.390627e-04 2.128735e-03 -4.587417e+00 -2.388942e-04 1.000000e+00 -7.936553e-05 -6.622115e-01 -2.128768e-03 7.885783e-05 9.999976e-01 3.797689e+01
9.988865e-01 1.259778e-03 -4.716109e-02 -4.613682e+00 -1.200376e-03 9.999985e-01 1.287844e-03 -6.722201e-01 4.716262e-02 -1.229798e-03 9.988864e-01 3.847536e+01
9.999858e-01 1.622088e-04 5.326152e-03 -4.645237e+00 -1.615194e-04 1.000000e+00 -1.298308e-04 -6.843827e-01 -5.326196e-03 1.289699e-04 9.999857e-01 3.906188e+01
9.986776e-01 1.358648e-03 -5.139257e-02 -4.699080e+00 -1.288991e-03 9.999982e-01 1.388513e-03 -6.914159e-01 5.139434e-02 -1.320431e-03 9.986775e-01 3.949249e+01
9.999578e-01 1.189548e-04 9.183302e-03 -4.754529e+00 -1.169057e-04 1.000000e+00 -2.236410e-04 -6.992256e-01 -9.183359e-03 2.225594e-04 9.999577e-01 3.992935e+01
9.980036e-01 1.631889e-03 -6.313656e-02 -4.820634e+00 -1.527550e-03 9.999974e-01 1.700836e-03 -7.030253e-01 6.313913e-02 -1.600995e-03 9.980034e-01 4.025225e+01
9.999472e-01 1.890919e-04 1.027246e-02 -4.887719e+00 -1.864902e-04 1.000000e+00 -2.541873e-04 -7.085454e-01 -1.027255e-02 2.522597e-04 9.999471e-01 4.062328e+01
9.977034e-01 1.630848e-03 -6.771446e-02 -4.939595e+00 -1.511891e-03 9.999972e-01 1.807939e-03 -7.102463e-01 6.771718e-02 -1.701409e-03 9.977030e-01 4.083974e+01
9.999505e-01 2.991171e-04 9.944662e-03 -4.987415e+00 -2.967502e-04 9.999999e-01 -2.394310e-04 -7.122564e-01 -9.944784e-03 2.364699e-04 9.999504e-01 4.104872e+01
9.976214e-01 1.605664e-03 -6.891312e-02 -5.051337e+00 -1.481444e-03 9.999972e-01 1.853625e-03 -7.153493e-01 6.891584e-02 -1.747123e-03 9.976209e-01 4.133895e+01
9.999524e-01 3.293617e-04 9.755009e-03 -5.121147e+00 -3.272871e-04 9.999999e-01 -2.141989e-04 -7.169222e-01 -9.755140e-03 2.109979e-04 9.999523e-01 4.157443e+01
9.974530e-01 1.662074e-03 -7.130730e-02 -5.191438e+00 -1.532370e-03 9.999971e-01 1.873605e-03 -7.177007e-01 7.131014e-02 -1.759562e-03 9.974525e-01 4.178375e+01
9.999694e-01 3.874711e-04 7.811052e-03 -5.257970e+00 -3.865191e-04 9.999999e-01 -1.232749e-04 -7.188270e-01 -7.811170e-03 1.202540e-04 9.999694e-01 4.200162e+01
9.977012e-01 1.522274e-03 -6.774937e-02 -5.317893e+00 -1.407485e-03 9.999975e-01 1.742007e-03 -7.201510e-01 6.775178e-02 -1.642644e-03 9.977008e-01 4.221793e+01
9.999744e-01 4.640722e-04 7.140298e-03 -5.374316e+00 -4.635188e-04 9.999999e-01 -7.900482e-05 -7.217591e-01 -7.140412e-03 7.569522e-05 9.999744e-01 4.243196e+01
9.981202e-01 1.217628e-03 -6.127472e-02 -5.394866e+00 -1.126150e-03 9.999982e-01 1.527406e-03 -7.256780e-01 6.127639e-02 -1.455528e-03 9.981197e-01 4.268209e+01
9.999691e-01 5.082053e-04 7.839831e-03 -5.405679e+00 -5.076856e-04 9.999999e-01 -6.813114e-05 -7.290767e-01 -7.839949e-03 6.415098e-05 9.999692e-01 4.288645e+01
9.979708e-01 1.289446e-03 -6.365941e-02 -5.449622e+00 -1.193204e-03 9.999981e-01 1.549803e-03 -7.304173e-01 6.366120e-02 -1.470697e-03 9.979704e-01 4.306861e+01
9.999550e-01 4.201793e-04 9.472226e-03 -5.475988e+00 -4.194605e-04 9.999999e-01 -7.773442e-05 -7.318729e-01 -9.472347e-03 7.375981e-05 9.999551e-01 4.322714e+01
9.982576e-01 1.152375e-03 -5.899479e-02 -5.486216e+00 -1.072952e-03 9.999985e-01 1.377922e-03 -7.336674e-01 5.899619e-02 -1.312221e-03 9.982573e-01 4.336878e+01
9.999405e-01 4.199189e-04 1.089351e-02 -5.465846e+00 -4.190156e-04 9.999999e-01 -8.506763e-05 -7.365049e-01 -1.089364e-02 8.050009e-05 9.999406e-01 4.349772e+01
9.984238e-01 1.017445e-03 -5.611382e-02 -5.443280e+00 -9.470219e-04 9.999987e-01 1.281557e-03 -7.386052e-01 5.611496e-02 -1.226394e-03 9.984235e-01 4.360330e+01
9.996345e-01 -5.889331e-05 2.703198e-02 -5.429974e+00 7.253270e-05 9.999999e-01 -5.035245e-04 -7.437390e-01 -2.703205e-02 5.053032e-04 9.996344e-01 4.382682e+01
9.981000e-01 1.279559e-03 -6.160116e-02 -5.421610e+00 -1.193454e-03 9.999983e-01 1.434535e-03 -7.525169e-01 6.160279e-02 -1.358290e-03 9.980998e-01 4.419885e+01
9.989141e-01 -6.717891e-04 4.658313e-02 -5.428180e+00 7.155604e-04 9.999993e-01 -9.229328e-04 -7.664286e-01 -4.658258e-02 9.552657e-04 9.989139e-01 4.483274e+01
9.993556e-01 2.417172e-04 -3.589229e-02 -5.415489e+00 -2.208151e-04 9.999998e-01 5.862762e-04 -7.850456e-01 3.589233e-02 -5.779708e-04 9.993554e-01 4.560033e+01
9.984699e-01 -9.852447e-04 5.528896e-02 -5.380255e+00 1.052953e-03 9.999987e-01 -1.195471e-03 -8.028134e-01 -5.528781e-02 1.251861e-03 9.984696e-01 4.629856e+01
9.996934e-01 -1.991254e-04 -2.475684e-02 -5.340048e+00 2.058231e-04 9.999999e-01 2.679328e-04 -8.199430e-01 2.475669e-02 -2.729441e-04 9.996934e-01 4.696666e+01
9.983625e-01 -1.041261e-03 5.719486e-02 -5.294877e+00 1.117009e-03 9.999985e-01 -1.292409e-03 -8.366022e-01 -5.719352e-02 1.354181e-03 9.983621e-01 4.760440e+01
9.996624e-01 -1.568199e-04 -2.597888e-02 -5.247997e+00 1.657313e-04 9.999999e-01 3.408159e-04 -8.554135e-01 2.597873e-02 -3.450042e-04 9.996624e-01 4.833307e+01
9.986220e-01 -8.619477e-04 5.247094e-02 -5.202607e+00 9.254002e-04 9.999989e-01 -1.184974e-03 -8.745622e-01 -5.246995e-02 1.231900e-03 9.986217e-01 4.907747e+01
9.996317e-01 -1.235401e-04 -2.713540e-02 -5.160427e+00 1.343839e-04 9.999999e-01 3.977441e-04 -8.937720e-01 2.713526e-02 -4.012420e-04 9.996316e-01 4.982831e+01
9.984370e-01 -9.682615e-04 5.587995e-02 -5.109627e+00 1.042648e-03 9.999986e-01 -1.302028e-03 -9.125777e-01 -5.587870e-02 1.358258e-03 9.984366e-01 5.055008e+01
9.994739e-01 4.709531e-05 -3.243171e-02 -5.076316e+00 -2.739493e-05 9.999998e-01 6.078464e-04 -9.288829e-01 3.243164e-02 -6.066361e-04 9.994737e-01 5.119245e+01
9.990313e-01 -5.256327e-04 4.400209e-02 -5.055220e+00 5.689952e-04 9.999994e-01 -9.729137e-04 -9.472397e-01 -4.400164e-02 9.970104e-04 9.990309e-01 5.194919e+01
9.995990e-01 -1.129516e-04 -2.831631e-02 -5.027014e+00 1.261926e-04 9.999999e-01 4.657810e-04 -9.669941e-01 2.831616e-02 -4.691654e-04 9.995988e-01 5.274841e+01
9.992734e-01 -3.068919e-04 3.811236e-02 -5.011654e+00 3.371869e-04 9.999996e-01 -7.884249e-04 -9.866445e-01 -3.811219e-02 8.007052e-04 9.992731e-01 5.357047e+01
9.996763e-01 -2.264388e-04 -2.544025e-02 -4.986829e+00 2.361462e-04 9.999999e-01 3.785275e-04 -1.004289e+00 2.544007e-02 -3.844104e-04 9.996762e-01 5.428319e+01
9.997355e-01 3.414765e-04 2.299616e-02 -4.997979e+00 -3.339342e-04 9.999999e-01 -3.317645e-04 -1.021464e+00 -2.299636e-02 3.239997e-04 9.997354e-01 5.504565e+01
9.995315e-01 -2.969302e-05 -3.060657e-02 -5.022655e+00 4.715313e-05 9.999998e-01 5.697075e-04 -1.039055e+00 3.060646e-02 -5.708816e-04 9.995313e-01 5.586317e+01
9.997798e-01 3.988710e-04 2.097909e-02 -5.038826e+00 -3.934362e-04 9.999999e-01 -2.631201e-04 -1.055397e+00 -2.097928e-02 2.548104e-04 9.997798e-01 5.660100e+01
9.990854e-01 3.894063e-04 -4.275665e-02 -5.037998e+00 -3.539721e-04 9.999996e-01 8.362800e-04 -1.063974e+00 4.275687e-02 -8.203784e-04 9.990851e-01 5.696717e+01
9.998368e-01 5.297559e-04 1.805711e-02 -5.057002e+00 -5.271279e-04 9.999998e-01 -1.502219e-04 -1.074281e+00 -1.805728e-02 1.406811e-04 9.998369e-01 5.745641e+01
9.993212e-01 1.762279e-04 -3.683771e-02 -5.079907e+00 -1.514363e-04 9.999998e-01 6.757485e-04 -1.087368e+00 3.683773e-02 -6.697091e-04 9.993210e-01 5.806583e+01
9.998197e-01 5.188902e-04 1.898086e-02 -5.127600e+00 -5.162592e-04 9.999999e-01 -1.434367e-04 -1.100522e+00 -1.898102e-02 1.336138e-04 9.998198e-01 5.874990e+01
9.997256e-01 -3.460258e-04 -2.341932e-02 -5.169757e+00 3.538249e-04 9.999999e-01 3.288182e-04 -1.122374e+00 2.341911e-02 -3.370122e-04 9.997256e-01 5.979116e+01
9.997493e-01 3.811158e-04 2.238590e-02 -5.226665e+00 -3.766358e-04 9.999999e-01 -2.042735e-04 -1.147545e+00 -2.238607e-02 1.957930e-04 9.997493e-01 6.100697e+01
9.997370e-01 -3.618269e-04 -2.293047e-02 -5.291262e+00 3.692941e-04 9.999999e-01 3.213511e-04 -1.172728e+00 2.293026e-02 -3.297325e-04 9.997369e-01 6.224208e+01
9.997331e-01 3.569443e-04 2.309948e-02 -5.356876e+00 -3.509613e-04 9.999999e-01 -2.629974e-04 -1.197643e+00 -2.309966e-02 2.548222e-04 9.997331e-01 6.346810e+01
9.997410e-01 -3.524101e-04 -2.275354e-02 -5.427555e+00 3.600873e-04 9.999999e-01 3.332470e-04 -1.224238e+00 2.275332e-02 -3.413518e-04 9.997410e-01 6.478138e+01
9.997361e-01 3.507183e-04 2.296798e-02 -5.492907e+00 -3.447949e-04 9.999999e-01 -2.617891e-04 -1.250506e+00 -2.296816e-02 2.538029e-04 9.997361e-01 6.607054e+01
9.997485e-01 -3.561862e-04 -2.242018e-02 -5.552809e+00 3.631316e-04 9.999999e-01 3.056512e-04 -1.275829e+00 2.241998e-02 -3.137136e-04 9.997485e-01 6.730461e+01
9.997414e-01 3.573169e-04 2.273451e-02 -5.618651e+00 -3.517846e-04 9.999999e-01 -2.472794e-04 -1.301410e+00 -2.273469e-02 2.392200e-04 9.997414e-01 6.856322e+01
9.997516e-01 -3.612420e-04 -2.228437e-02 -5.681083e+00 3.677282e-04 9.999999e-01 2.869020e-04 -1.325964e+00 2.228417e-02 -2.950231e-04 9.997516e-01 6.976736e+01
9.997455e-01 3.536690e-04 2.255582e-02 -5.744621e+00 -3.481986e-04 9.999999e-01 -2.463848e-04 -1.349890e+00 -2.255600e-02 2.384703e-04 9.997455e-01 7.094496e+01
9.997521e-01 -3.564516e-04 -2.226114e-02 -5.802679e+00 3.632087e-04 9.999999e-01 2.994288e-04 -1.374468e+00 2.226094e-02 -3.074378e-04 9.997521e-01 7.214077e+01
9.997491e-01 3.487121e-04 2.239502e-02 -5.848421e+00 -3.435812e-04 9.999999e-01 -2.328881e-04 -1.399708e+00 -2.239520e-02 2.251373e-04 9.997491e-01 7.334558e+01
9.997620e-01 -3.540090e-04 -2.180984e-02 -5.900234e+00 3.600699e-04 9.999999e-01 2.739016e-04 -1.424713e+00 2.180965e-02 -2.816873e-04 9.997620e-01 7.454976e+01
9.997323e-01 3.124385e-04 2.313420e-02 -5.953486e+00 -3.062070e-04 9.999999e-01 -2.728395e-04 -1.450254e+00 -2.313438e-02 2.656848e-04 9.997323e-01 7.577869e+01
9.997865e-01 -4.126230e-04 -2.065849e-02 -5.989167e+00 4.171957e-04 9.999999e-01 2.169666e-04 -1.474126e+00 2.065830e-02 -2.255367e-04 9.997865e-01 7.689463e+01
9.997599e-01 3.663591e-04 2.190572e-02 -6.022926e+00 -3.617188e-04 9.999999e-01 -2.157241e-04 -1.498461e+00 -2.190589e-02 2.077508e-04 9.997599e-01 7.803023e+01
9.997783e-01 -3.816473e-04 -2.105037e-02 -6.064307e+00 3.874274e-04 9.999999e-01 2.704409e-04 -1.525559e+00 2.105018e-02 -2.785342e-04 9.997783e-01 7.930750e+01
9.997651e-01 3.660532e-04 2.167009e-02 -6.119320e+00 -3.617436e-04 9.999999e-01 -2.027236e-04 -1.553439e+00 -2.167026e-02 1.948391e-04 9.997651e-01 8.064945e+01
9.997943e-01 -4.002322e-04 -2.027472e-02 -6.175434e+00 4.047215e-04 9.999999e-01 2.172477e-04 -1.580159e+00 2.027454e-02 -2.254064e-04 9.997944e-01 8.193769e+01
9.997380e-01 3.062879e-04 2.288418e-02 -6.232197e+00 -3.002870e-04 9.999999e-01 -2.655997e-04 -1.607169e+00 -2.288435e-02 2.586605e-04 9.997380e-01 8.323648e+01
9.997835e-01 -3.702285e-04 -2.080503e-02 -6.291543e+00 3.750931e-04 9.999999e-01 2.298457e-04 -1.632828e+00 2.080485e-02 -2.375975e-04 9.997835e-01 8.447867e+01
9.997556e-01 3.382605e-04 2.210379e-02 -6.351408e+00 -3.343289e-04 9.999999e-01 -1.814973e-04 -1.662754e+00 -2.210394e-02 1.740652e-04 9.997556e-01 8.592247e+01
9.998000e-01 -4.097378e-04 -1.999358e-02 -6.403570e+00 4.133653e-04 9.999999e-01 1.772324e-04 -1.691397e+00 1.999342e-02 -1.854593e-04 9.998000e-01 8.728884e+01
9.997416e-01 3.119696e-04 2.272623e-02 -6.460743e+00 -3.070542e-04 9.999999e-01 -2.197135e-04 -1.719540e+00 -2.272639e-02 2.126807e-04 9.997416e-01 8.864013e+01
9.998237e-01 -4.760280e-04 -1.876789e-02 -6.501754e+00 4.784321e-04 9.999999e-01 1.235302e-04 -1.745109e+00 1.876773e-02 -1.324853e-04 9.998238e-01 8.984140e+01
9.996256e-01 9.510776e-05 2.735883e-02 -6.521160e+00 -8.342474e-05 9.999999e-01 -4.281155e-04 -1.768842e+00 -2.735895e-02 4.256750e-04 9.996255e-01 9.090892e+01
9.998169e-01 -4.545602e-04 -1.912742e-02 -6.534700e+00 4.578716e-04 9.999999e-01 1.686709e-04 -1.791992e+00 1.912725e-02 -1.773957e-04 9.998170e-01 9.194250e+01
9.996905e-01 2.065202e-04 2.487673e-02 -6.569237e+00 -1.972169e-04 9.999999e-01 -3.763705e-04 -1.814996e+00 -2.487689e-02 3.713501e-04 9.996904e-01 9.300740e+01
9.997209e-01 -2.441269e-04 -2.362104e-02 -6.610391e+00 2.529520e-04 9.999999e-01 3.705656e-04 -1.838323e+00 2.362086e-02 -3.764349e-04 9.997208e-01 9.411214e+01
9.997052e-01 2.378028e-04 2.427760e-02 -6.639191e+00 -2.292751e-04 9.999999e-01 -3.539784e-04 -1.861031e+00 -2.427778e-02 3.483100e-04 9.997051e-01 9.516819e+01
9.997422e-01 -2.763131e-04 -2.270340e-02 -6.654111e+00 2.849774e-04 9.999999e-01 3.783321e-04 -1.888689e+00 2.270321e-02 -3.847022e-04 9.997421e-01 9.642458e+01
9.996908e-01 2.045188e-04 2.486529e-02 -6.667364e+00 -1.954089e-04 9.999999e-01 -3.687412e-04 -1.916614e+00 -2.486545e-02 3.637705e-04 9.996907e-01 9.768866e+01
9.997779e-01 -3.562071e-04 -2.106831e-02 -6.684571e+00 3.624513e-04 9.999999e-01 2.924924e-04 -1.942217e+00 2.106812e-02 -3.000614e-04 9.997779e-01 9.884794e+01
9.997390e-01 2.974211e-04 2.284411e-02 -6.708930e+00 -2.905068e-04 9.999999e-01 -3.059281e-04 -1.967158e+00 -2.284429e-02 2.992141e-04 9.997389e-01 9.999361e+01
9.998340e-01 -4.946797e-04 -1.821211e-02 -6.721484e+00 4.979544e-04 9.999999e-01 1.751980e-04 -1.991225e+00 1.821193e-02 -1.842355e-04 9.998341e-01 1.010718e+02
9.998039e-01 4.392910e-04 1.979452e-02 -6.728554e+00 -4.363246e-04 9.999999e-01 -1.541065e-04 -2.017719e+00 -1.979467e-02 1.454417e-04 9.998040e-01 1.022582e+02
9.998085e-01 -4.437382e-04 -1.956544e-02 -6.738852e+00 4.486111e-04 9.999999e-01 2.445925e-04 -2.044742e+00 1.956524e-02 -2.533206e-04 9.998085e-01 1.034791e+02
9.997610e-01 3.633289e-04 2.185589e-02 -6.736374e+00 -3.581629e-04 9.999999e-01 -2.402138e-04 -2.071471e+00 -2.185606e-02 2.323307e-04 9.997610e-01 1.046600e+02
9.999716e-01 -9.556970e-04 -7.477124e-03 -6.696852e+00 9.543904e-04 9.999995e-01 -1.784970e-04 -2.099060e+00 7.477202e-03 1.713582e-04 9.999720e-01 1.058010e+02
9.997424e-01 3.341181e-04 2.269185e-02 -6.661407e+00 -3.272826e-04 9.999999e-01 -3.048828e-04 -2.126205e+00 -2.269204e-02 2.973799e-04 9.997424e-01 1.069263e+02
9.998724e-01 -6.299458e-04 -1.595744e-02 -6.664968e+00 6.318210e-04 9.999998e-01 1.123823e-04 -2.152419e+00 1.595727e-02 -1.224479e-04 9.998726e-01 1.080810e+02
9.998125e-01 4.984457e-04 1.935747e-02 -6.672326e+00 -4.953123e-04 9.999999e-01 -1.665872e-04 -2.179102e+00 -1.935764e-02 1.569702e-04 9.998125e-01 1.092762e+02
9.998902e-01 -6.859177e-04 -1.479807e-02 -6.680528e+00 6.869501e-04 9.999998e-01 6.459162e-05 -2.206748e+00 1.479794e-02 -7.474772e-05 9.998904e-01 1.105122e+02
9.998069e-01 4.894551e-04 1.964204e-02 -6.681741e+00 -4.862374e-04 9.999999e-01 -1.685194e-04 -2.234031e+00 -1.964221e-02 1.589385e-04 9.998070e-01 1.117211e+02
9.998833e-01 -6.668141e-04 -1.526293e-02 -6.689430e+00 6.682308e-04 9.999998e-01 8.763081e-05 -2.262751e+00 1.526278e-02 -9.781737e-05 9.998834e-01 1.130070e+02
9.998489e-01 5.981858e-04 1.737363e-02 -6.706726e+00 -5.969495e-04 9.999998e-01 -7.626902e-05 -2.291726e+00 -1.737376e-02 6.588861e-05 9.998490e-01 1.143284e+02
9.998647e-01 -6.224371e-04 -1.643334e-02 -6.733057e+00 6.249619e-04 9.999998e-01 1.484201e-04 -2.321667e+00 1.643315e-02 -1.586679e-04 9.998649e-01 1.157122e+02
9.998535e-01 6.069580e-04 1.710632e-02 -6.766729e+00 -6.056988e-04 9.999998e-01 -7.871263e-05 -2.349728e+00 -1.710645e-02 6.834213e-05 9.998536e-01 1.170230e+02
9.998823e-01 -6.586346e-04 -1.532825e-02 -6.795429e+00 6.597086e-04 9.999998e-01 6.492239e-05 -2.375515e+00 1.532812e-02 -7.502454e-05 9.998824e-01 1.182195e+02
9.998215e-01 5.216484e-04 1.888624e-02 -6.809995e+00 -5.192975e-04 9.999999e-01 -1.293065e-04 -2.402554e+00 -1.888639e-02 1.194782e-04 9.998216e-01 1.194426e+02
9.998893e-01 -6.925191e-04 -1.486002e-02 -6.826154e+00 6.931665e-04 9.999998e-01 3.832575e-05 -2.429426e+00 1.485990e-02 -4.861957e-05 9.998895e-01 1.206560e+02
9.998591e-01 6.265293e-04 1.677480e-02 -6.846340e+00 -6.260047e-04 9.999998e-01 -3.644393e-05 -2.456853e+00 -1.677491e-02 2.594002e-05 9.998592e-01 1.219099e+02
9.998731e-01 -6.440981e-04 -1.591694e-02 -6.870469e+00 6.457314e-04 9.999998e-01 9.738858e-05 -2.485144e+00 1.591678e-02 -1.076519e-04 9.998732e-01 1.232136e+02
9.998687e-01 6.367834e-04 1.619149e-02 -6.898244e+00 -6.370081e-04 9.999998e-01 8.803106e-06 -2.514517e+00 -1.619156e-02 -1.911372e-05 9.998688e-01 1.245759e+02
9.998760e-01 -6.484825e-04 -1.573456e-02 -6.918562e+00 6.501547e-04 9.999998e-01 1.010730e-04 -2.544917e+00 1.573441e-02 -1.112880e-04 9.998761e-01 1.259700e+02
9.998721e-01 6.396518e-04 1.597637e-02 -6.939960e+00 -6.399366e-04 9.999998e-01 1.279831e-05 -2.574861e+00 -1.597645e-02 -2.301818e-05 9.998723e-01 1.273475e+02
9.998757e-01 -6.441049e-04 -1.575376e-02 -6.971162e+00 6.453684e-04 9.999998e-01 7.503296e-05 -2.602460e+00 1.575363e-02 -8.518817e-05 9.998758e-01 1.286351e+02
9.998700e-01 6.327156e-04 1.611170e-02 -7.003475e+00 -6.328887e-04 9.999998e-01 5.730426e-06 -2.630050e+00 -1.611178e-02 -1.592422e-05 9.998701e-01 1.299229e+02
9.998738e-01 -6.428424e-04 -1.587112e-02 -7.040573e+00 6.439442e-04 9.999998e-01 6.422222e-05 -2.656173e+00 1.587099e-02 -7.443177e-05 9.998740e-01 1.311521e+02
9.998663e-01 6.233213e-04 1.633957e-02 -7.078380e+00 -6.228563e-04 9.999998e-01 -3.345920e-05 -2.680175e+00 -1.633967e-02 2.327991e-05 9.998664e-01 1.322836e+02
9.998694e-01 -6.344507e-04 -1.614804e-02 -7.121442e+00 6.353591e-04 9.999998e-01 5.104080e-05 -2.701208e+00 1.614792e-02 -6.129147e-05 9.998695e-01 1.332888e+02
9.998687e-01 6.151550e-04 1.619196e-02 -7.193568e+00 -6.145688e-04 9.999998e-01 -4.109182e-05 -2.720531e+00 -1.619207e-02 3.113775e-05 9.998688e-01 1.342707e+02
9.998723e-01 -6.266310e-04 -1.596401e-02 -7.238043e+00 6.277895e-04 9.999998e-01 6.746962e-05 -2.742887e+00 1.596388e-02 -7.748058e-05 9.998725e-01 1.353395e+02
9.998682e-01 5.970089e-04 1.621998e-02 -7.283469e+00 -5.959562e-04 9.999998e-01 -6.964540e-05 -2.762339e+00 -1.622010e-02 5.997223e-05 9.998684e-01 1.362766e+02
9.998744e-01 -6.196059e-04 -1.583622e-02 -7.330667e+00 6.206707e-04 9.999998e-01 6.223841e-05 -2.781927e+00 1.583609e-02 -7.205719e-05 9.998745e-01 1.372215e+02
9.998679e-01 5.976890e-04 1.624211e-02 -7.370186e+00 -5.971218e-04 9.999998e-01 -3.967968e-05 -2.804754e+00 -1.624221e-02 2.997832e-05 9.998680e-01 1.383019e+02
9.998703e-01 -5.969679e-04 -1.609573e-02 -7.431904e+00 5.983839e-04 9.999998e-01 8.307566e-05 -2.827497e+00 1.609559e-02 -9.269382e-05 9.998704e-01 1.394215e+02
9.998665e-01 5.913957e-04 1.632728e-02 -7.490340e+00 -5.907818e-04 9.999998e-01 -4.233716e-05 -2.851088e+00 -1.632739e-02 3.268807e-05 9.998666e-01 1.405740e+02
9.998764e-01 -6.157487e-04 -1.570774e-02 -7.531574e+00 6.166838e-04 9.999998e-01 5.460005e-05 -2.873801e+00 1.570762e-02 -6.427752e-05 9.998765e-01 1.416516e+02
9.998676e-01 5.685267e-04 1.626055e-02 -7.624220e+00 -5.671024e-04 9.999998e-01 -9.211514e-05 -2.891690e+00 -1.626069e-02 8.288397e-05 9.998677e-01 1.426077e+02
9.998726e-01 -5.891900e-04 -1.595149e-02 -7.765212e+00 5.897562e-04 9.999998e-01 3.070656e-05 -2.902799e+00 1.595138e-02 -4.010765e-05 9.998727e-01 1.433433e+02
9.998640e-01 5.643867e-04 1.648181e-02 -7.811478e+00 -5.639012e-04 9.999998e-01 -3.401378e-05 -2.923507e+00 -1.648192e-02 2.471746e-05 9.998641e-01 1.443368e+02
9.998760e-01 -5.926643e-04 -1.573773e-02 -7.854724e+00 5.932818e-04 9.999998e-01 3.448008e-05 -2.945705e+00 1.573762e-02 -4.381022e-05 9.998761e-01 1.453926e+02
9.998518e-01 5.247768e-04 1.720443e-02 -7.890095e+00 -5.237842e-04 9.999999e-01 -6.211935e-05 -2.967637e+00 -1.720454e-02 5.310116e-05 9.998519e-01 1.464196e+02
9.998971e-01 -6.896313e-04 -1.432664e-02 -7.975959e+00 6.885349e-04 9.999998e-01 -8.155569e-05 -2.982791e+00 1.432660e-02 7.168541e-05 9.998973e-01 1.472301e+02
9.998328e-01 4.902087e-04 1.827856e-02 -8.036058e+00 -4.885748e-04 9.999999e-01 -9.377667e-05 -2.999382e+00 -1.827869e-02 8.483297e-05 9.998329e-01 1.480571e+02
9.999196e-01 -7.594593e-04 -1.265319e-02 -8.058080e+00 7.580854e-04 9.999997e-01 -1.134853e-04 -3.018639e+00 1.265319e-02 1.038865e-04 9.999199e-01 1.489326e+02
9.997853e-01 3.914165e-04 2.071621e-02 -8.066783e+00 -3.882400e-04 9.999999e-01 -1.572851e-04 -3.036701e+00 -2.071635e-02 1.492109e-04 9.997853e-01 1.497344e+02
9.999323e-01 -8.215111e-04 -1.160623e-02 -8.104586e+00 8.198988e-04 9.999997e-01 -1.437940e-04 -3.051388e+00 1.160626e-02 1.342709e-04 9.999326e-01 1.504393e+02
9.998596e-01 5.713775e-04 1.674694e-02 -8.162714e+00 -5.701517e-04 9.999998e-01 -7.789040e-05 -3.067361e+00 -1.674707e-02 6.833359e-05 9.998597e-01 1.512359e+02
9.999649e-01 -9.522243e-04 -8.318761e-03 -8.170009e+00 9.505621e-04 9.999995e-01 -2.039182e-04 -3.088002e+00 8.318868e-03 1.960060e-04 9.999653e-01 1.521467e+02
9.999370e-01 8.114387e-04 1.118959e-02 -8.195374e+00 -8.125910e-04 9.999997e-01 9.854915e-05 -3.107895e+00 -1.118959e-02 -1.076331e-04 9.999373e-01 1.530562e+02
9.999900e-01 -1.162208e-03 -4.310785e-03 -8.278201e+00 1.160520e-03 9.999992e-01 -3.944764e-04 -3.119911e+00 4.311158e-03 3.894722e-04 9.999906e-01 1.537182e+02
9.998919e-01 6.948921e-04 1.468603e-02 -8.307038e+00 -6.952035e-04 9.999998e-01 1.619006e-05 -3.137212e+00 -1.468610e-02 -2.639568e-05 9.998921e-01 1.545176e+02
9.999845e-01 -1.113465e-03 -5.444733e-03 -8.327539e+00 1.111583e-03 9.999993e-01 -3.488799e-04 -3.157368e+00 5.445036e-03 3.428248e-04 9.999850e-01 1.554283e+02
9.998988e-01 7.185862e-04 1.420414e-02 -8.344175e+00 -7.190426e-04 9.999997e-01 2.711894e-05 -3.178744e+00 -1.420420e-02 -3.732718e-05 9.998990e-01 1.563845e+02
9.999958e-01 -1.223388e-03 -2.609142e-03 -8.352200e+00 1.222294e-03 9.999992e-01 -4.214178e-04 -3.200155e+00 2.609575e-03 4.182294e-04 9.999964e-01 1.573287e+02
9.998429e-01 5.891493e-04 1.771327e-02 -8.355325e+00 -5.875712e-04 9.999998e-01 -9.422398e-05 -3.219714e+00 -1.771340e-02 8.380378e-05 9.998430e-01 1.581822e+02
9.999987e-01 -1.364783e-03 8.899851e-04 -8.378000e+00 1.365238e-03 9.999989e-01 -5.091064e-04 -3.234886e+00 -8.893676e-04 5.103232e-04 9.999994e-01 1.588809e+02
9.999263e-01 8.008213e-04 1.211043e-02 -8.396787e+00 -8.016910e-04 9.999997e-01 6.705725e-05 -3.252357e+00 -1.211045e-02 -7.675875e-05 9.999266e-01 1.596710e+02
9.999991e-01 -1.308832e-03 -3.853428e-04 -8.411166e+00 1.308663e-03 9.999990e-01 -4.434925e-04 -3.271381e+00 3.858462e-04 4.429902e-04 9.999997e-01 1.605249e+02
9.998097e-01 5.221118e-04 1.949854e-02 -8.432501e+00 -5.185341e-04 9.999998e-01 -1.884818e-04 -3.285532e+00 -1.949871e-02 1.783376e-04 9.998098e-01 1.611784e+02
9.999909e-01 -1.175766e-03 -4.092768e-03 -8.443603e+00 1.174567e-03 9.999993e-01 -2.955493e-04 -3.302728e+00 4.093038e-03 2.907419e-04 9.999915e-01 1.619469e+02
9.998591e-01 6.477035e-04 1.677003e-02 -8.433913e+00 -6.455593e-04 9.999998e-01 -1.332082e-04 -3.323467e+00 -1.677019e-02 1.223657e-04 9.998593e-01 1.628322e+02
9.999887e-01 -1.165381e-03 -4.610471e-03 -8.443509e+00 1.164176e-03 9.999993e-01 -2.643243e-04 -3.342878e+00 4.610703e-03 2.589563e-04 9.999893e-01 1.636948e+02
9.999090e-01 7.749129e-04 1.346495e-02 -8.472614e+00 -7.743806e-04 9.999997e-01 -4.467337e-05 -3.361439e+00 -1.346506e-02 3.424465e-05 9.999093e-01 1.645553e+02
9.999982e-01 -1.337191e-03 -1.331715e-03 -8.560951e+00 1.336664e-03 9.999990e-01 -3.968522e-04 -3.372358e+00 1.332173e-03 3.950739e-04 9.999989e-01 1.651877e+02
9.998966e-01 7.514432e-04 1.435846e-02 -8.635767e+00 -7.503768e-04 9.999997e-01 -7.958670e-05 -3.383265e+00 -1.435859e-02 6.880654e-05 9.998968e-01 1.657971e+02
9.999919e-01 -1.220933e-03 -3.837156e-03 -8.660870e+00 1.220027e-03 9.999992e-01 -2.384634e-04 -3.398768e+00 3.837375e-03 2.337824e-04 9.999925e-01 1.665191e+02
9.998621e-01 6.856696e-04 1.658868e-02 -8.661248e+00 -6.832379e-04 9.999998e-01 -1.521991e-04 -3.415866e+00 -1.658885e-02 1.408465e-04 9.998623e-01 1.672685e+02
9.999953e-01 -1.482579e-03 2.668071e-03 -8.689909e+00 1.483753e-03 9.999988e-01 -4.375451e-04 -3.427181e+00 -2.667486e-03 4.415041e-04 9.999963e-01 1.678167e+02
9.998291e-01 5.813733e-04 1.847976e-02 -8.780479e+00 -5.760597e-04 9.999998e-01 -2.928055e-04 -3.431744e+00 -1.847999e-02 2.821123e-04 9.998291e-01 1.681872e+02
9.999239e-01 -1.904192e-03 1.218469e-02 -8.829056e+00 1.912328e-03 9.999980e-01 -6.559660e-04 -3.433990e+00 -1.218348e-02 6.792196e-04 9.999255e-01 1.683983e+02
9.998926e-01 7.224032e-04 1.463924e-02 -8.905289e+00 -7.195840e-04 9.999997e-01 -1.977891e-04 -3.432652e+00 -1.463944e-02 1.872359e-04 9.998927e-01 1.685104e+02
9.999378e-01 -1.879539e-03 1.099560e-02 -9.047869e+00 1.886122e-03 9.999980e-01 -5.882944e-04 -3.426150e+00 -1.099453e-02 6.089991e-04 9.999393e-01 1.685265e+02
9.998657e-01 7.010485e-04 1.637474e-02 -9.131932e+00 -6.958976e-04 9.999997e-01 -3.202173e-04 -3.427538e+00 -1.637502e-02 3.087813e-04 9.998658e-01 1.687611e+02
9.999039e-01 -1.964109e-03 1.372483e-02 -9.154697e+00 1.972164e-03 9.999979e-01 -5.733845e-04 -3.432809e+00 -1.372373e-02 6.003992e-04 9.999056e-01 1.690520e+02
9.997906e-01 4.947689e-04 2.045581e-02 -9.161325e+00 -4.858532e-04 9.999998e-01 -4.407908e-04 -3.433771e+00 -2.045607e-02 4.307621e-04 9.997906e-01 1.691485e+02
9.998116e-01 -2.227075e-03 1.928098e-02 -9.190846e+00 2.240959e-03 9.999972e-01 -6.984929e-04 -3.431292e+00 -1.927942e-02 7.415713e-04 9.998138e-01 1.691491e+02
9.997395e-01 4.498157e-04 2.281806e-02 -9.198680e+00 -4.369726e-04 9.999997e-01 -5.678093e-04 -3.432395e+00 -2.281835e-02 5.576925e-04 9.997394e-01 1.692574e+02
9.997825e-01 -2.293510e-03 2.072828e-02 -9.216241e+00 2.309140e-03 9.999971e-01 -7.301038e-04 -3.433511e+00 -2.072658e-02 7.778115e-04 9.997848e-01 1.693749e+02
9.996613e-01 3.489626e-04 2.602306e-02 -9.230245e+00 -3.301107e-04 9.999997e-01 -7.287106e-04 -3.436556e+00 -2.602335e-02 7.198751e-04 9.996610e-01 1.695645e+02
9.997811e-01 -2.311314e-03 2.079643e-02 -9.223779e+00 2.324711e-03 9.999971e-01 -6.200033e-04 -3.438858e+00 -2.079497e-02 6.682150e-04 9.997834e-01 1.696937e+02
9.997789e-01 5.508205e-04 2.101984e-02 -9.213737e+00 -5.375074e-04 9.999997e-01 -6.389897e-04 -3.440899e+00 -2.102021e-02 6.275517e-04 9.997788e-01 1.698087e+02
9.998224e-01 -2.220286e-03 1.871195e-02 -9.199649e+00 2.230101e-03 9.999974e-01 -5.036524e-04 -3.443828e+00 -1.871080e-02 5.452941e-04 9.998247e-01 1.699481e+02
9.998103e-01 6.369741e-04 1.946915e-02 -9.122515e+00 -6.260521e-04 9.999996e-01 -5.670679e-04 -3.449362e+00 -1.946953e-02 5.547730e-04 9.998102e-01 1.700975e+02
9.997902e-01 -2.275339e-03 2.035741e-02 -9.048703e+00 2.286566e-03 9.999972e-01 -5.282168e-04 -3.455413e+00 -2.035617e-02 5.746559e-04 9.997925e-01 1.702716e+02
9.999586e-01 1.087996e-03 9.033409e-03 -8.994770e+00 -1.085073e-03 9.999994e-01 -3.284212e-04 -3.465033e+00 -9.033774e-03 3.186069e-04 9.999590e-01 1.706124e+02
9.996959e-01 -2.452503e-03 2.453848e-02 -8.904845e+00 2.466649e-03 9.999968e-01 -5.462307e-04 -3.473734e+00 -2.453707e-02 6.065936e-04 9.996986e-01 1.708632e+02
9.999444e-01 9.926424e-04 1.049884e-02 -8.853680e+00 -9.878898e-04 9.999994e-01 -4.578547e-04 -3.478810e+00 -1.049929e-02 4.474587e-04 9.999447e-01 1.710320e+02
9.998670e-01 -2.101629e-03 1.617566e-02 -8.837564e+00 2.106887e-03 9.999977e-01 -3.080509e-04 -3.485142e+00 -1.617498e-02 3.420912e-04 9.998690e-01 1.712950e+02
9.999986e-01 1.383155e-03 9.454783e-04 -8.848192e+00 -1.382977e-03 9.999990e-01 -1.894756e-04 -3.492986e+00 -9.457415e-04 1.881687e-04 9.999994e-01 1.716627e+02
9.998415e-01 -2.138813e-03 1.767473e-02 -8.823087e+00 2.144489e-03 9.999977e-01 -3.022319e-04 -3.502287e+00 -1.767404e-02 3.400882e-04 9.998436e-01 1.720334e+02
9.999956e-01 1.315915e-03 2.670403e-03 -8.783074e+00 -1.315197e-03 9.999991e-01 -2.705690e-04 -3.512017e+00 -2.670755e-03 2.670565e-04 9.999963e-01 1.723950e+02
9.999212e-01 -1.966223e-03 1.240160e-02 -8.644674e+00 1.966561e-03 9.999981e-01 -1.512618e-05 -3.519854e+00 -1.240154e-02 3.951433e-05 9.999230e-01 1.725486e+02
9.999911e-01 1.292283e-03 4.018482e-03 -8.567247e+00 -1.290711e-03 9.999991e-01 -3.936558e-04 -3.528080e+00 -4.018982e-03 3.884664e-04 9.999917e-01 1.728018e+02
9.999473e-01 -1.903623e-03 1.008761e-02 -8.575947e+00 1.904066e-03 9.999982e-01 -3.429991e-05 -3.538017e+00 -1.008752e-02 5.350632e-05 9.999490e-01 1.732448e+02
9.999982e-01 1.395777e-03 1.304091e-03 -8.579391e+00 -1.395355e-03 9.999990e-01 -3.247217e-04 -3.547092e+00 -1.304535e-03 3.229022e-04 9.999990e-01 1.736356e+02
9.999744e-01 -1.751510e-03 6.938012e-03 -8.550739e+00 1.750712e-03 9.999985e-01 1.209816e-04 -3.560666e+00 -6.938204e-03 -1.088314e-04 9.999758e-01 1.741666e+02
9.999976e-01 1.354836e-03 1.696510e-03 -8.482661e+00 -1.354285e-03 9.999990e-01 -3.257822e-04 -3.565997e+00 -1.696940e-03 3.234846e-04 9.999984e-01 1.743102e+02
9.999925e-01 -1.588631e-03 3.528107e-03 -8.331577e+00 1.587806e-03 9.999987e-01 2.365850e-04 -3.577216e+00 -3.528469e-03 -2.309806e-04 9.999936e-01 1.745513e+02
9.999983e-01 1.395815e-03 1.179728e-03 -8.256664e+00 -1.395368e-03 9.999990e-01 -3.796520e-04 -3.591480e+00 -1.180247e-03 3.780058e-04 9.999991e-01 1.750162e+02
9.999805e-01 -1.678138e-03 6.015091e-03 -8.233303e+00 1.677388e-03 9.999986e-01 1.296695e-04 -3.599433e+00 -6.015289e-03 -1.195767e-04 9.999818e-01 1.753034e+02
9.999415e-01 9.750494e-04 1.077165e-02 -8.247654e+00 -9.677030e-04 9.999993e-01 -6.872047e-04 -3.605417e+00 -1.077230e-02 6.767413e-04 9.999416e-01 1.755801e+02
9.999779e-01 -1.684729e-03 6.432608e-03 -8.176021e+00 1.683451e-03 9.999986e-01 2.040452e-04 -3.614379e+00 -6.432928e-03 -1.932112e-04 9.999792e-01 1.758507e+02
9.999933e-01 1.248027e-03 3.444703e-03 -7.949144e+00 -1.246604e-03 9.999991e-01 -4.151016e-04 -3.625718e+00 -3.445203e-03 4.108051e-04 9.999939e-01 1.759853e+02
9.999905e-01 -1.563979e-03 4.056588e-03 -7.699539e+00 1.562727e-03 9.999987e-01 3.117205e-04 -3.640743e+00 -4.057055e-03 -3.053778e-04 9.999916e-01 1.762321e+02
9.999990e-01 1.358243e-03 2.605517e-04 -7.428237e+00 -1.358161e-03 9.999990e-01 -3.141453e-04 -3.655963e+00 -2.609618e-04 3.137916e-04 9.999998e-01 1.764522e+02
9.998978e-01 -8.780069e-04 -1.426998e-02 -7.170710e+00 8.885342e-04 9.999993e-01 7.314066e-04 -3.668128e+00 1.426934e-02 -7.440108e-04 9.998978e-01 1.765768e+02
9.999614e-01 1.600146e-03 -8.639615e-03 -6.977162e+00 -1.600857e-03 9.999987e-01 -7.531385e-05 -3.679776e+00 8.639496e-03 8.914232e-05 9.999626e-01 1.767893e+02
9.998662e-01 -8.269538e-04 -1.633657e-02 -6.749746e+00 8.392685e-04 9.999994e-01 7.469695e-04 -3.692117e+00 1.633595e-02 -7.605797e-04 9.998662e-01 1.769763e+02
9.999378e-01 1.685491e-03 -1.102358e-02 -6.540176e+00 -1.685402e-03 9.999986e-01 1.741163e-05 -3.703346e+00 1.102360e-02 1.169360e-06 9.999391e-01 1.771487e+02
9.999364e-01 -9.789854e-04 -1.123998e-02 -6.357289e+00 9.856649e-04 9.999993e-01 5.887316e-04 -3.715226e+00 1.123940e-02 -5.997722e-04 9.999366e-01 1.773784e+02
9.999695e-01 1.632229e-03 -7.636939e-03 -6.216392e+00 -1.632731e-03 9.999987e-01 -5.948400e-05 -3.727769e+00 7.636835e-03 7.195210e-05 9.999707e-01 1.776904e+02
9.999576e-01 -1.032572e-03 -9.149896e-03 -6.132930e+00 1.037063e-03 9.999993e-01 4.861335e-04 -3.741987e+00 9.149390e-03 -4.956010e-04 9.999579e-01 1.781571e+02
9.999715e-01 1.115403e-03 7.468946e-03 -6.127732e+00 -1.112433e-03 9.999993e-01 -4.017827e-04 -3.760190e+00 -7.469388e-03 3.934634e-04 9.999719e-01 1.789395e+02
9.999737e-01 -1.135408e-03 -7.166678e-03 -6.119591e+00 1.138390e-03 9.999993e-01 4.121384e-04 -3.778762e+00 7.166206e-03 -4.202852e-04 9.999741e-01 1.797318e+02
9.999797e-01 1.176453e-03 6.256398e-03 -6.088027e+00 -1.174240e-03 9.999992e-01 -3.573090e-04 -3.797618e+00 -6.256813e-03 3.499562e-04 9.999803e-01 1.804877e+02
9.999558e-01 -1.025773e-03 -9.347641e-03 -6.055727e+00 1.029993e-03 9.999994e-01 4.465462e-04 -3.815365e+00 9.347178e-03 -4.561535e-04 9.999561e-01 1.811921e+02
9.999913e-01 1.261252e-03 3.980163e-03 -6.024874e+00 -1.260274e-03 9.999992e-01 -2.479871e-04 -3.833544e+00 -3.980472e-03 2.429698e-04 9.999919e-01 1.819265e+02
9.999835e-01 -1.190210e-03 -5.613594e-03 -6.018650e+00 1.192133e-03 9.999992e-01 3.390933e-04 -3.853293e+00 5.613187e-03 -3.457790e-04 9.999841e-01 1.827787e+02
9.999938e-01 1.303392e-03 3.274396e-03 -6.009396e+00 -1.302569e-03 9.999991e-01 -2.533374e-04 -3.871535e+00 -3.274723e-03 2.490717e-04 9.999945e-01 1.835532e+02
9.999638e-01 -1.082212e-03 -8.439973e-03 -5.978490e+00 1.086009e-03 9.999993e-01 4.453245e-04 -3.891620e+00 8.439485e-03 -4.544733e-04 9.999642e-01 1.843693e+02
9.999932e-01 1.516335e-03 -3.370060e-03 -5.939133e+00 -1.516611e-03 9.999988e-01 -7.913040e-05 -3.908958e+00 3.369935e-03 8.424194e-05 9.999942e-01 1.850594e+02
