9.996627e-01 -9.823320e-04 2.595376e-02 4.941548e-02 1.004776e-03 9.999991e-01 -8.517233e-04 -1.422885e-02 -2.595290e-02 8.775141e-04 9.996627e-01 5.045599e-01
9.999983e-01 7.966773e-05 -1.858656e-03 9.498707e-02 -7.955955e-05 1.000000e+00 5.826944e-05 -2.830158e-02 1.858666e-03 -5.812116e-05 9.999982e-01 1.006024e+00
9.995925e-01 -1.086730e-03 2.852544e-02 1.496101e-01 1.113924e-03 9.999989e-01 -9.374734e-04 -4.289860e-02 -2.852438e-02 9.688668e-04 9.995925e-01 1.516958e+00
9.999915e-01 1.481945e-04 -4.121005e-03 2.001244e-01 -1.476849e-04 1.000000e+00 1.239741e-04 -5.891657e-02 4.121033e-03 -1.233643e-04 9.999914e-01 2.095225e+00
9.993877e-01 -1.329124e-03 3.496429e-02 2.616311e-01 1.368663e-03 9.999985e-01 -1.106932e-03 -7.437710e-02 -3.496275e-02 1.154108e-03 9.993878e-01 2.634176e+00
9.999879e-01 -2.001441e-04 4.920913e-03 3.130981e-01 2.007373e-04 1.000000e+00 -1.200542e-04 -8.878042e-02 -4.920872e-03 1.210404e-04 9.999878e-01 3.162078e+00
9.990299e-01 -1.693374e-03 4.400426e-02 3.726586e-01 1.756218e-03 9.999975e-01 -1.389502e-03 -1.021441e-01 -4.400177e-02 1.465435e-03 9.990303e-01 3.642121e+00
9.999986e-01 5.590184e-05 -1.699539e-03 4.306074e-01 -5.577936e-05 1.000000e+00 7.206691e-05 -1.154645e-01 1.699570e-03 -7.197244e-05 9.999985e-01 4.111870e+00
9.988262e-01 -1.861732e-03 4.840131e-02 4.890662e-01 1.937008e-03 9.999970e-01 -1.508389e-03 -1.284128e-01 -4.839832e-02 1.600371e-03 9.988267e-01 4.571414e+00
9.999977e-01 7.508231e-05 -2.158761e-03 5.465862e-01 -7.491048e-05 1.000000e+00 7.960261e-05 -1.415070e-01 2.158802e-03 -7.944148e-05 9.999976e-01 5.039022e+00
9.985903e-01 -2.048991e-03 5.303877e-02 5.972598e-01 2.138064e-03 9.999964e-01 -1.622695e-03 -1.539992e-01 -5.303521e-02 1.733807e-03 9.985910e-01 5.501140e+00
9.999740e-01 2.976501e-04 -7.210460e-03 6.611746e-01 -2.959895e-04 9.999999e-01 2.313275e-04 -1.696313e-01 7.210572e-03 -2.291884e-04 9.999739e-01 6.066990e+00
9.987109e-01 -1.956038e-03 5.072102e-02 7.206919e-01 2.036423e-03 9.999968e-01 -1.533211e-03 -1.855466e-01 -5.071781e-02 1.634523e-03 9.987116e-01 6.655263e+00
9.999991e-01 -7.019993e-05 1.341334e-03 7.691014e-01 7.024879e-05 1.000000e+00 -3.605317e-05 -1.986800e-01 -1.341280e-03 3.614588e-05 9.999990e-01 7.152380e+00
9.989009e-01 -1.789021e-03 4.683673e-02 8.304792e-01 1.858089e-03 9.999972e-01 -1.431168e-03 -2.131774e-01 -4.683398e-02 1.516621e-03 9.989014e-01 7.679026e+00
9.998464e-01 6.515623e-04 -1.751171e-02 8.887936e-01 -6.429297e-04 9.999997e-01 4.985518e-04 -2.337135e-01 1.751209e-02 -4.872182e-04 9.998464e-01 8.458569e+00
9.985794e-01 -1.977733e-03 5.324795e-02 9.679026e-01 2.063610e-03 9.999967e-01 -1.557843e-03 -2.549979e-01 -5.324463e-02 1.665511e-03 9.985800e-01 9.244977e+00
9.999223e-01 4.315342e-04 -1.246054e-02 1.045363e+00 -4.276642e-04 9.999999e-01 3.131796e-04 -2.722069e-01 1.246073e-02 -3.078284e-04 9.999222e-01 9.846331e+00
9.987078e-01 -1.885164e-03 5.078493e-02 1.122560e+00 1.963660e-03 9.999970e-01 -1.495800e-03 -2.902468e-01 -5.078189e-02 1.593589e-03 9.987084e-01 1.048190e+01
9.999405e-01 3.656233e-04 -1.090490e-02 1.193763e+00 -3.624013e-04 9.999999e-01 2.973382e-04 -3.073914e-01 1.090508e-02 -2.933708e-04 9.999404e-01 1.109712e+01
9.984433e-01 -2.077513e-03 5.573689e-02 1.257907e+00 2.172833e-03 9.999963e-01 -1.649605e-03 -3.219641e-01 -5.573318e-02 1.768142e-03 9.984440e-01 1.161753e+01
9.997071e-01 8.817395e-04 -2.418384e-02 1.320324e+00 -8.652388e-04 9.999994e-01 6.927067e-04 -3.433025e-01 2.418451e-02 -6.715816e-04 9.997072e-01 1.242943e+01
9.991262e-01 -1.576950e-03 4.176576e-02 1.351212e+00 1.628940e-03 9.999979e-01 -1.210782e-03 -3.665090e-01 -4.176369e-02 1.277755e-03 9.991266e-01 1.338403e+01
9.995263e-01 1.135999e-03 -3.075606e-02 1.365155e+00 -1.108134e-03 9.999990e-01 9.229920e-04 -3.883682e-01 3.075715e-02 -8.884756e-04 9.995264e-01 1.431209e+01
9.991533e-01 -1.544973e-03 4.111374e-02 1.367091e+00 1.595696e-03 9.999980e-01 -1.200913e-03 -4.092370e-01 -4.111172e-02 1.265498e-03 9.991537e-01 1.521787e+01
9.995069e-01 1.160670e-03 -3.137752e-02 1.370163e+00 -1.131345e-03 9.999989e-01 9.522738e-04 -4.311006e-01 3.137867e-02 -9.163082e-04 9.995071e-01 1.616728e+01
9.988542e-01 -1.791177e-03 4.782394e-02 1.392096e+00 1.860224e-03 9.999973e-01 -1.399276e-03 -4.516563e-01 -4.782122e-02 1.486633e-03 9.988547e-01 1.702375e+01
9.996169e-01 1.019120e-03 -2.765925e-02 1.429801e+00 -9.969937e-04 9.999992e-01 8.136750e-04 -4.738778e-01 2.766014e-02 -7.857900e-04 9.996170e-01 1.792235e+01
9.992015e-01 -1.506042e-03 3.992514e-02 1.441700e+00 1.553337e-03 9.999981e-01 -1.153579e-03 -4.960507e-01 -3.992325e-02 1.214673e-03 9.992019e-01 1.886876e+01
9.993014e-01 1.455004e-03 -3.734470e-02 1.412519e+00 -1.411895e-03 9.999983e-01 1.180645e-03 -5.224070e-01 3.734643e-02 -1.127096e-03 9.993017e-01 2.008720e+01
9.992520e-01 -1.455627e-03 3.864187e-02 1.385035e+00 1.499382e-03 9.999983e-01 -1.103329e-03 -5.482018e-01 -3.864012e-02 1.160439e-03 9.992524e-01 2.128162e+01
9.995042e-01 1.187999e-03 -3.146175e-02 1.392554e+00 -1.158108e-03 9.999989e-01 9.682206e-04 -5.705892e-01 3.146295e-02 -9.313074e-04 9.995044e-01 2.225491e+01
9.993208e-01 -1.393635e-03 3.682339e-02 1.363524e+00 1.435282e-03 9.999984e-01 -1.104532e-03 -5.945228e-01 -3.682171e-02 1.156631e-03 9.993211e-01 2.335227e+01
9.993807e-01 1.377316e-03 -3.516165e-02 1.322723e+00 -1.338163e-03 9.999985e-01 1.136971e-03 -6.189977e-01 3.516324e-02 -1.089218e-03 9.993809e-01 2.451043e+01
9.992748e-01 -1.453599e-03 3.804993e-02 1.302487e+00 1.498373e-03 9.999982e-01 -1.148174e-03 -6.419037e-01 -3.804812e-02 1.204351e-03 9.992751e-01 2.555555e+01
9.992934e-01 1.485303e-03 -3.755473e-02 1.277235e+00 -1.438563e-03 9.999982e-01 1.271543e-03 -6.674155e-01 3.755664e-02 -1.216622e-03 9.992937e-01 2.673234e+01
9.992870e-01 -1.451859e-03 3.772700e-02 1.235094e+00 1.496153e-03 9.999982e-01 -1.145823e-03 -6.923277e-01 -3.772519e-02 1.201448e-03 9.992873e-01 2.791528e+01
9.993159e-01 1.438854e-03 -3.695479e-02 1.189223e+00 -1.396642e-03 9.999983e-01 1.168028e-03 -7.101413e-01 3.695649e-02 -1.115619e-03 9.993162e-01 2.877821e+01
9.992860e-01 -1.421401e-03 3.775397e-02 1.159586e+00 1.464284e-03 9.999983e-01 -1.108188e-03 -7.319748e-01 -3.775224e-02 1.162676e-03 9.992864e-01 2.979330e+01
9.993042e-01 1.446614e-03 -3.726807e-02 1.136479e+00 -1.402139e-03 9.999983e-01 1.219444e-03 -7.565622e-01 3.726985e-02 -1.166344e-03 9.993045e-01 3.092241e+01
9.993032e-01 -1.405009e-03 3.729722e-02 1.089803e+00 1.445811e-03 9.999984e-01 -1.066971e-03 -7.826729e-01 -3.729557e-02 1.120149e-03 9.993036e-01 3.216901e+01
9.993159e-01 1.457631e-03 -3.695431e-02 1.034196e+00 -1.414760e-03 9.999983e-01 1.186184e-03 -8.075061e-01 3.695606e-02 -1.133094e-03 9.993162e-01 3.337569e+01
9.993073e-01 -1.409730e-03 3.718703e-02 9.798314e-01 1.449530e-03 9.999984e-01 -1.043263e-03 -8.339354e-01 -3.718541e-02 1.096441e-03 9.993077e-01 3.465354e+01
9.993283e-01 1.452286e-03 -3.661641e-02 9.550119e-01 -1.410243e-03 9.999983e-01 1.173951e-03 -8.611300e-01 3.661814e-02 -1.121527e-03 9.993286e-01 3.591342e+01
9.992996e-01 -1.409145e-03 3.739300e-02 9.289441e-01 1.450766e-03 9.999984e-01 -1.085906e-03 -8.855744e-01 -3.739132e-02 1.139391e-03 9.993000e-01 3.704911e+01
9.993204e-01 1.446565e-03 -3.683209e-02 8.994333e-01 -1.404954e-03 9.999983e-01 1.155558e-03 -9.076360e-01 3.683378e-02 -1.103028e-03 9.993207e-01 3.807892e+01
9.992993e-01 -1.416318e-03 3.740134e-02 8.631109e-01 1.457477e-03 9.999984e-01 -1.073183e-03 -9.305011e-01 -3.739967e-02 1.126940e-03 9.992997e-01 3.915759e+01
9.993185e-01 1.445348e-03 -3.688285e-02 8.381323e-01 -1.403307e-03 9.999983e-01 1.165672e-03 -9.543734e-01 3.688455e-02 -1.113123e-03 9.993188e-01 4.026102e+01
9.991753e-01 -1.555490e-03 4.057476e-02 8.391998e-01 1.603875e-03 9.999980e-01 -1.159916e-03 -9.791550e-01 -4.057279e-02 1.224033e-03 9.991758e-01 4.135364e+01
9.992245e-01 1.553932e-03 -3.934393e-02 8.479791e-01 -1.506982e-03 9.999981e-01 1.222896e-03 -1.001471e+00 3.934584e-02 -1.162659e-03 9.992249e-01 4.232088e+01
9.989818e-01 -1.734491e-03 4.508214e-02 8.698156e-01 1.793984e-03 9.999976e-01 -1.279193e-03 -1.025040e+00 -4.507973e-02 1.358764e-03 9.989824e-01 4.332077e+01
9.993844e-01 1.367828e-03 -3.505533e-02 8.809468e-01 -1.331231e-03 9.999985e-01 1.067227e-03 -1.049639e+00 3.505682e-02 -1.019906e-03 9.993847e-01 4.438380e+01
9.989423e-01 -1.781111e-03 4.594662e-02 8.954052e-01 1.844013e-03 9.999974e-01 -1.326634e-03 -1.074018e+00 -4.594406e-02 1.409954e-03 9.989429e-01 4.542588e+01
9.991568e-01 1.629132e-03 -4.102363e-02 8.854788e-01 -1.578846e-03 9.999980e-01 1.258121e-03 -1.096672e+00 4.102568e-02 -1.192293e-03 9.991573e-01 4.643664e+01
9.986120e-01 -2.034010e-03 5.262932e-02 9.405511e-01 2.112836e-03 9.999967e-01 -1.442147e-03 -1.123441e+00 -5.262613e-02 1.551339e-03 9.986130e-01 4.752124e+01
9.991941e-01 1.606404e-03 -4.010735e-02 1.017320e+00 -1.557435e-03 9.999980e-01 1.252110e-03 -1.153997e+00 4.010937e-02 -1.188640e-03 9.991945e-01 4.874168e+01
9.990317e-01 -1.698252e-03 4.396225e-02 1.023124e+00 1.754436e-03 9.999977e-01 -1.239417e-03 -1.180056e+00 -4.395996e-02 1.315342e-03 9.990324e-01 4.988637e+01
9.991528e-01 1.641336e-03 -4.112091e-02 1.006665e+00 -1.590823e-03 9.999979e-01 1.261032e-03 -1.205202e+00 4.112299e-02 -1.194550e-03 9.991533e-01 5.102527e+01
9.991177e-01 -1.612558e-03 4.196734e-02 9.804193e-01 1.660302e-03 9.999980e-01 -1.102788e-03 -1.235203e+00 -4.196539e-02 1.171490e-03 9.991183e-01 5.241169e+01
9.991237e-01 1.693092e-03 -4.182039e-02 9.760002e-01 -1.635171e-03 9.999977e-01 1.419118e-03 -1.274653e+00 4.182278e-02 -1.349494e-03 9.991241e-01 5.420041e+01
9.991098e-01 -1.611195e-03 4.215298e-02 9.929474e-01 1.658387e-03 9.999980e-01 -1.084560e-03 -1.315827e+00 -4.215106e-02 1.153497e-03 9.991105e-01 5.603281e+01
9.991495e-01 1.648606e-03 -4.120059e-02 1.000756e+00 -1.598243e-03 9.999979e-01 1.255235e-03 -1.347095e+00 4.120266e-02 -1.188322e-03 9.991500e-01 5.741774e+01
9.990608e-01 -1.654362e-03 4.329744e-02 1.000707e+00 1.706021e-03 9.999979e-01 -1.156154e-03 -1.376674e+00 -4.329535e-02 1.228931e-03 9.990615e-01 5.873568e+01
9.991742e-01 1.653265e-03 -4.059646e-02 9.991799e-01 -1.602336e-03 9.999979e-01 1.286988e-03 -1.412461e+00 4.059859e-02 -1.220879e-03 9.991747e-01 6.034286e+01
9.986762e-01 -1.990510e-03 5.139850e-02 9.989158e-01 2.066506e-03 9.999968e-01 -1.425434e-03 -1.452234e+00 -5.139541e-02 1.529759e-03 9.986771e-01 6.211211e+01
9.990512e-01 1.796046e-03 -4.351439e-02 9.631541e-01 -1.736273e-03 9.999975e-01 1.411343e-03 -1.499069e+00 4.351690e-02 -1.334454e-03 9.990517e-01 6.427039e+01
9.989003e-01 -1.828648e-03 4.684817e-02 9.408554e-01 1.888617e-03 9.999975e-01 -1.235803e-03 -1.542189e+00 -4.684570e-02 1.322920e-03 9.989012e-01 6.625590e+01
9.990423e-01 1.774764e-03 -4.371840e-02 9.389425e-01 -1.718455e-03 9.999976e-01 1.325512e-03 -1.572297e+00 4.372074e-02 -1.249117e-03 9.990429e-01 6.760152e+01
9.989443e-01 -1.775988e-03 4.590281e-02 9.844637e-01 1.830427e-03 9.999977e-01 -1.143937e-03 -1.607273e+00 -4.590059e-02 1.226748e-03 9.989452e-01 6.908287e+01
9.989995e-01 1.845051e-03 -4.468244e-02 1.030997e+00 -1.782541e-03 9.999974e-01 1.438760e-03 -1.647840e+00 4.468506e-02 -1.357675e-03 9.990001e-01 7.082370e+01
9.989693e-01 -1.779614e-03 4.535589e-02 1.020246e+00 1.830811e-03 9.999977e-01 -1.087237e-03 -1.691731e+00 -4.535376e-02 1.169151e-03 9.989702e-01 7.282720e+01
9.990048e-01 1.820190e-03 -4.456580e-02 1.007814e+00 -1.762845e-03 9.999976e-01 1.325985e-03 -1.727479e+00 4.456820e-02 -1.246106e-03 9.990055e-01 7.445590e+01
9.989454e-01 -1.815717e-03 4.587720e-02 1.020723e+00 1.871773e-03 9.999976e-01 -1.178891e-03 -1.756322e+00 -4.587486e-02 1.263517e-03 9.989463e-01 7.571393e+01
9.989553e-01 1.872758e-03 -4.565821e-02 1.021153e+00 -1.810803e-03 9.999974e-01 1.398217e-03 -1.785889e+00 4.566080e-02 -1.314081e-03 9.989561e-01 7.703041e+01
9.989573e-01 -1.816840e-03 4.561674e-02 1.006212e+00 1.870258e-03 9.999976e-01 -1.128338e-03 -1.818774e+00 -4.561449e-02 1.212473e-03 9.989583e-01 7.852991e+01
9.989636e-01 1.872835e-03 -4.547611e-02 9.969629e-01 -1.811729e-03 9.999974e-01 1.384836e-03 -1.851932e+00 4.547867e-02 -1.301013e-03 9.989644e-01 8.003310e+01
9.989143e-01 -1.841332e-03 4.654789e-02 9.949153e-01 1.899101e-03 9.999975e-01 -1.196846e-03 -1.883678e+00 -4.654548e-02 1.283942e-03 9.989153e-01 8.145496e+01
9.989477e-01 1.883239e-03 -4.582460e-02 9.875088e-01 -1.821479e-03 9.999974e-01 1.389431e-03 -1.914162e+00 4.582718e-02 -1.304503e-03 9.989485e-01 8.282851e+01
9.989262e-01 -1.839658e-03 4.629201e-02 9.639768e-01 1.896045e-03 9.999975e-01 -1.174158e-03 -1.945382e+00 -4.628964e-02 1.260666e-03 9.989272e-01 8.426568e+01
9.989392e-01 1.897751e-03 -4.600918e-02 9.275226e-01 -1.834281e-03 9.999973e-01 1.421655e-03 -1.978695e+00 4.601185e-02 -1.335756e-03 9.989399e-01 8.582522e+01
9.989345e-01 -1.843958e-03 4.611365e-02 8.984115e-01 1.900031e-03 9.999975e-01 -1.172138e-03 -2.011441e+00 -4.611128e-02 1.258503e-03 9.989354e-01 8.734726e+01
9.989327e-01 1.904233e-03 -4.614860e-02 8.749241e-01 -1.842655e-03 9.999974e-01 1.376799e-03 -2.038937e+00 4.615119e-02 -1.290297e-03 9.989336e-01 8.861484e+01
9.989410e-01 -1.838961e-03 4.597276e-02 8.524743e-01 1.894220e-03 9.999975e-01 -1.158432e-03 -2.066482e+00 -4.597043e-02 1.244284e-03 9.989420e-01 8.988261e+01
9.989391e-01 1.899089e-03 -4.601049e-02 8.265951e-01 -1.838982e-03 9.999974e-01 1.348626e-03 -2.092770e+00 4.601302e-02 -1.262585e-03 9.989400e-01 9.109872e+01
9.989365e-01 -1.852199e-03 4.607032e-02 8.053767e-01 1.907863e-03 9.999975e-01 -1.164249e-03 -2.119256e+00 -4.606795e-02 1.250903e-03 9.989374e-01 9.231519e+01
9.989517e-01 1.905382e-03 -4.573657e-02 7.821383e-01 -1.844973e-03 9.999974e-01 1.362956e-03 -2.148233e+00 4.573913e-02 -1.277147e-03 9.989525e-01 9.364970e+01
9.989052e-01 -1.873325e-03 4.674296e-02 7.685680e-01 1.931270e-03 9.999974e-01 -1.194503e-03 -2.178152e+00 -4.674051e-02 1.283465e-03 9.989062e-01 9.500927e+01
9.989260e-01 1.922840e-03 -4.629437e-02 7.645395e-01 -1.861761e-03 9.999973e-01 1.362399e-03 -2.204983e+00 4.629696e-02 -1.274749e-03 9.989268e-01 9.621090e+01
9.989177e-01 -1.866647e-03 4.647563e-02 7.672246e-01 1.924158e-03 9.999974e-01 -1.192698e-03 -2.229949e+00 -4.647320e-02 1.280831e-03 9.989186e-01 9.731415e+01
9.989529e-01 1.911214e-03 -4.571011e-02 7.691427e-01 -1.851215e-03 9.999974e-01 1.354852e-03 -2.257687e+00 4.571267e-02 -1.268817e-03 9.989538e-01 9.854480e+01
9.989223e-01 -1.871956e-03 4.637485e-02 7.792466e-01 1.928708e-03 9.999974e-01 -1.179004e-03 -2.285887e+00 -4.637244e-02 1.267173e-03 9.989233e-01 9.978241e+01
9.989327e-01 1.929764e-03 -4.614782e-02 7.887225e-01 -1.868429e-03 9.999973e-01 1.372154e-03 -2.313250e+00 4.615043e-02 -1.284469e-03 9.989336e-01 1.009833e+02
9.989314e-01 -1.876168e-03 4.617929e-02 7.765131e-01 1.933335e-03 9.999974e-01 -1.193250e-03 -2.338492e+00 -4.617684e-02 1.281252e-03 9.989324e-01 1.021259e+02
9.989374e-01 1.926395e-03 -4.604720e-02 7.588186e-01 -1.866028e-03 9.999973e-01 1.353892e-03 -2.362866e+00 4.604977e-02 -1.266530e-03 9.989383e-01 1.032375e+02
9.989159e-01 -1.877623e-03 4.651227e-02 7.422243e-01 1.934907e-03 9.999974e-01 -1.186556e-03 -2.389716e+00 -4.650983e-02 1.275263e-03 9.989169e-01 1.044628e+02
9.989402e-01 1.927914e-03 -4.598565e-02 7.297252e-01 -1.866584e-03 9.999973e-01 1.376540e-03 -2.418874e+00 4.598827e-02 -1.289248e-03 9.989411e-01 1.057862e+02
9.988734e-01 -1.919021e-03 4.741550e-02 7.088879e-01 1.980950e-03 9.999972e-01 -1.259110e-03 -2.445722e+00 -4.741286e-02 1.351616e-03 9.988744e-01 1.070153e+02
9.988897e-01 1.967394e-03 -4.706912e-02 6.805318e-01 -1.901906e-03 9.999972e-01 1.436008e-03 -2.472592e+00 4.707190e-02 -1.344896e-03 9.988905e-01 1.082607e+02
9.988791e-01 -1.920228e-03 4.729384e-02 6.513714e-01 1.981708e-03 9.999973e-01 -1.253085e-03 -2.499252e+00 -4.729122e-02 1.345400e-03 9.988802e-01 1.094980e+02
9.988882e-01 1.975755e-03 -4.709908e-02 6.270581e-01 -1.910109e-03 9.999971e-01 1.438722e-03 -2.525820e+00 4.710187e-02 -1.347161e-03 9.988891e-01 1.107225e+02
9.988670e-01 -1.928705e-03 4.754841e-02 6.034456e-01 1.990298e-03 9.999972e-01 -1.248021e-03 -2.554013e+00 -4.754578e-02 1.341240e-03 9.988681e-01 1.120196e+02
9.989029e-01 1.971224e-03 -4.678821e-02 5.762733e-01 -1.906743e-03 9.999972e-01 1.422709e-03 -2.582593e+00 4.679097e-02 -1.331938e-03 9.989037e-01 1.133400e+02
9.988665e-01 -1.932862e-03 4.755998e-02 5.492089e-01 1.994565e-03 9.999972e-01 -1.249911e-03 -2.611160e+00 -4.755734e-02 1.343353e-03 9.988675e-01 1.146604e+02
9.989048e-01 1.974026e-03 -4.674690e-02 5.320087e-01 -1.909881e-03 9.999972e-01 1.416773e-03 -2.639464e+00 4.674965e-02 -1.325943e-03 9.989057e-01 1.159507e+02
9.988750e-01 -1.929816e-03 4.738087e-02 5.168998e-01 1.988923e-03 9.999973e-01 -1.200335e-03 -2.670859e+00 -4.737834e-02 1.293219e-03 9.988761e-01 1.173799e+02
9.988834e-01 1.989621e-03 -4.720052e-02 4.889615e-01 -1.923724e-03 9.999971e-01 1.441448e-03 -2.702643e+00 4.720334e-02 -1.349040e-03 9.988843e-01 1.188540e+02
9.988715e-01 -1.937058e-03 4.745362e-02 4.676392e-01 1.998089e-03 9.999972e-01 -1.238670e-03 -2.731384e+00 -4.745100e-02 1.332086e-03 9.988726e-01 1.201756e+02
9.989168e-01 1.966763e-03 -4.649084e-02 4.642039e-01 -1.904160e-03 9.999972e-01 1.390778e-03 -2.758862e+00 4.649354e-02 -1.300748e-03 9.989177e-01 1.214022e+02
9.988161e-01 -1.987197e-03 4.860414e-02 4.678320e-01 2.051356e-03 9.999971e-01 -1.270164e-03 -2.786584e+00 -4.860138e-02 1.368362e-03 9.988172e-01 1.226247e+02
9.991563e-01 1.719583e-03 -4.103253e-02 4.758088e-01 -1.673256e-03 9.999979e-01 1.163304e-03 -2.814665e+00 4.103453e-02 -1.093667e-03 9.991571e-01 1.238447e+02
9.989929e-01 -1.832262e-03 4.483118e-02 4.666037e-01 1.885637e-03 9.999976e-01 -1.148277e-03 -2.843539e+00 -4.482888e-02 1.231653e-03 9.989938e-01 1.251361e+02
9.990943e-01 1.802485e-03 -4.251209e-02 4.674142e-01 -1.750393e-03 9.999977e-01 1.262488e-03 -2.873304e+00 4.251436e-02 -1.186935e-03 9.990951e-01 1.264588e+02
9.987232e-01 -2.081953e-03 5.047416e-02 5.022828e-01 2.152227e-03 9.999968e-01 -1.337941e-03 -2.900502e+00 -5.047112e-02 1.444861e-03 9.987244e-01 1.275970e+02
9.988908e-01 1.995902e-03 -4.704450e-02 5.013678e-01 -1.933310e-03 9.999972e-01 1.375888e-03 -2.926189e+00 4.704721e-02 -1.283413e-03 9.988918e-01 1.287284e+02
9.988323e-01 -1.981245e-03 4.827159e-02 4.910988e-01 2.041878e-03 9.999972e-01 -1.206759e-03 -2.955732e+00 -4.826897e-02 1.303911e-03 9.988334e-01 1.300601e+02
9.989006e-01 1.983483e-03 -4.683481e-02 4.888525e-01 -1.921986e-03 9.999972e-01 1.358019e-03 -2.984264e+00 4.683747e-02 -1.266513e-03 9.989017e-01 1.313286e+02
9.988434e-01 -1.974423e-03 4.804085e-02 4.820558e-01 2.034847e-03 9.999972e-01 -1.208838e-03 -3.011796e+00 -4.803824e-02 1.305192e-03 9.988446e-01 1.325607e+02
9.988551e-01 2.030594e-03 -4.779358e-02 4.705762e-01 -1.965604e-03 9.999971e-01 1.406733e-03 -3.039172e+00 4.779639e-02 -1.311182e-03 9.988562e-01 1.337987e+02
9.988711e-01 -1.967286e-03 4.746079e-02 4.497908e-01 2.025379e-03 9.999973e-01 -1.175927e-03 -3.066297e+00 -4.745825e-02 1.270723e-03 9.988723e-01 1.350431e+02
9.988506e-01 2.029757e-03 -4.788746e-02 4.416521e-01 -1.965606e-03 9.999971e-01 1.386630e-03 -3.090842e+00 4.789022e-02 -1.290911e-03 9.988517e-01 1.361436e+02
9.988611e-01 -1.973750e-03 4.767233e-02 4.341448e-01 2.032016e-03 9.999972e-01 -1.173738e-03 -3.116546e+00 -4.766979e-02 1.269269e-03 9.988623e-01 1.372954e+02
9.988556e-01 2.026765e-03 -4.778378e-02 4.212044e-01 -1.963759e-03 9.999971e-01 1.365427e-03 -3.141670e+00 4.778651e-02 -1.270031e-03 9.988567e-01 1.384326e+02
9.988614e-01 -1.976838e-03 4.766560e-02 4.113954e-01 2.035315e-03 9.999972e-01 -1.178273e-03 -3.165677e+00 -4.766304e-02 1.273943e-03 9.988626e-01 1.395097e+02
9.988544e-01 2.035327e-03 -4.780976e-02 3.930557e-01 -1.971737e-03 9.999971e-01 1.377148e-03 -3.191175e+00 4.781251e-02 -1.281305e-03 9.988554e-01 1.406743e+02
9.988576e-01 -1.982649e-03 4.774362e-02 3.784526e-01 2.040594e-03 9.999972e-01 -1.164939e-03 -3.217944e+00 -4.774109e-02 1.261031e-03 9.988589e-01 1.418893e+02
9.988632e-01 2.035764e-03 -4.762443e-02 3.711161e-01 -1.972597e-03 9.999971e-01 1.373288e-03 -3.245465e+00 4.762718e-02 -1.277786e-03 9.988643e-01 1.431260e+02
9.988675e-01 -1.985162e-03 4.753608e-02 3.381086e-01 2.042166e-03 9.999973e-01 -1.150600e-03 -3.273716e+00 -4.753357e-02 1.246371e-03 9.988688e-01 1.444445e+02
9.988965e-01 2.015038e-03 -4.692250e-02 3.063024e-01 -1.956379e-03 9.999972e-01 1.295963e-03 -3.298779e+00 4.692508e-02 -1.202737e-03 9.988976e-01 1.456133e+02
9.988780e-01 -1.978059e-03 4.731627e-02 2.739492e-01 2.034027e-03 9.999973e-01 -1.134694e-03 -3.324352e+00 -4.731381e-02 1.229661e-03 9.988792e-01 1.468066e+02
9.988744e-01 2.029709e-03 -4.738902e-02 2.512246e-01 -1.968510e-03 9.999972e-01 1.338013e-03 -3.351032e+00 4.739169e-02 -1.243224e-03 9.988755e-01 1.480345e+02
9.988865e-01 -1.971146e-03 4.713682e-02 2.254781e-01 2.027078e-03 9.999973e-01 -1.138781e-03 -3.375861e+00 -4.713436e-02 1.233060e-03 9.988877e-01 1.491815e+02
9.988768e-01 2.032110e-03 -4.733804e-02 1.833409e-01 -1.971508e-03 9.999972e-01 1.326801e-03 -3.400297e+00 4.734069e-02 -1.231986e-03 9.988780e-01 1.503413e+02
9.988792e-01 -1.978650e-03 4.728973e-02 1.470426e-01 2.035504e-03 9.999973e-01 -1.154090e-03 -3.424143e+00 -4.728723e-02 1.249052e-03 9.988805e-01 1.514624e+02
9.989353e-01 1.980718e-03 -4.608935e-02 1.460379e-01 -1.925391e-03 9.999974e-01 1.244743e-03 -3.446350e+00 4.609178e-02 -1.154680e-03 9.989365e-01 1.524402e+02
9.988922e-01 -1.975868e-03 4.701504e-02 1.613352e-01 2.031517e-03 9.999973e-01 -1.135857e-03 -3.468460e+00 -4.701257e-02 1.230107e-03 9.988935e-01 1.533839e+02
9.989192e-01 2.005541e-03 -4.643626e-02 1.323719e-01 -1.949074e-03 9.999973e-01 1.261209e-03 -3.491669e+00 4.643876e-02 -1.169341e-03 9.989204e-01 1.544604e+02
9.989188e-01 -1.960798e-03 4.644767e-02 1.005868e-01 2.014450e-03 9.999974e-01 -1.108294e-03 -3.514590e+00 -4.644529e-02 1.200659e-03 9.989200e-01 1.555308e+02
9.989206e-01 2.007687e-03 -4.640544e-02 8.348102e-02 -1.950739e-03 9.999973e-01 1.272409e-03 -3.538298e+00 4.640796e-02 -1.180513e-03 9.989218e-01 1.566096e+02
9.989199e-01 -1.961777e-03 4.642283e-02 5.607342e-02 2.013109e-03 9.999974e-01 -1.059003e-03 -3.566510e+00 -4.642055e-02 1.151310e-03 9.989212e-01 1.579166e+02
9.990152e-01 1.936382e-03 -4.432649e-02 5.058837e-02 -1.886212e-03 9.999975e-01 1.173575e-03 -3.594730e+00 4.432874e-02 -1.088813e-03 9.990163e-01 1.591795e+02
9.989352e-01 -1.962480e-03 4.609329e-02 4.832039e-02 2.013636e-03 9.999974e-01 -1.063385e-03 -3.621906e+00 -4.609099e-02 1.155065e-03 9.989365e-01 1.603888e+02
9.990062e-01 1.954861e-03 -4.452834e-02 3.363317e-02 -1.905080e-03 9.999975e-01 1.160329e-03 -3.647180e+00 4.453059e-02 -1.074349e-03 9.990074e-01 1.615346e+02
9.989424e-01 -1.963151e-03 4.593679e-02 2.654704e-02 2.012221e-03 9.999975e-01 -1.021954e-03 -3.675156e+00 -4.593458e-02 1.113305e-03 9.989438e-01 1.627885e+02
9.990525e-01 1.907872e-03 -4.347805e-02 3.608540e-02 -1.860696e-03 9.999976e-01 1.125451e-03 -3.701792e+00 4.348019e-02 -1.043488e-03 9.990537e-01 1.639496e+02
9.990072e-01 -1.912458e-03 4.450842e-02 3.315564e-02 1.958299e-03 9.999976e-01 -9.863080e-04 -3.728307e+00 -4.450633e-02 1.072487e-03 9.990085e-01 1.651276e+02
9.990026e-01 1.947543e-03 -4.460916e-02 3.376935e-02 -1.896848e-03 9.999975e-01 1.178681e-03 -3.753603e+00 4.461144e-02 -1.092891e-03 9.990037e-01 1.662443e+02
9.988412e-01 -2.050159e-03 4.808424e-02 4.725161e-02 2.106715e-03 9.999971e-01 -1.125504e-03 -3.777152e+00 -4.808171e-02 1.225497e-03 9.988426e-01 1.672542e+02
9.991042e-01 1.846349e-03 -4.227766e-02 6.463659e-02 -1.802588e-03 9.999978e-01 1.073136e-03 -3.801755e+00 4.227964e-02 -9.959679e-04 9.991053e-01 1.683010e+02
9.989497e-01 -1.957279e-03 4.577733e-02 5.220776e-02 2.007791e-03 9.999974e-01 -1.057446e-03 -3.828275e+00 -4.577505e-02 1.148244e-03 9.989510e-01 1.694893e+02
9.992011e-01 1.761938e-03 -3.992472e-02 4.745405e-02 -1.722826e-03 9.999980e-01 1.013988e-03 -3.853868e+00 3.992652e-02 -9.443968e-04 9.992021e-01 1.706251e+02
9.986371e-01 -2.216170e-03 5.214316e-02 7.412363e-02 2.287111e-03 9.999965e-01 -1.300845e-03 -3.877668e+00 -5.214000e-02 1.418326e-03 9.986387e-01 1.716139e+02
9.987137e-01 2.221354e-03 -5.065432e-02 6.265890e-02 -2.151453e-03 9.999967e-01 1.434411e-03 -3.902760e+00 5.065743e-02 -1.323588e-03 9.987151e-01 1.727404e+02
9.986675e-01 -2.179006e-03 5.155947e-02 4.187847e-02 2.245963e-03 9.999967e-01 -1.240706e-03 -3.931401e+00 -5.155650e-02 1.354851e-03 9.986691e-01 1.740499e+02
9.988343e-01 2.084430e-03 -4.822449e-02 3.249839e-02 -2.024414e-03 9.999971e-01 1.293296e-03 -3.957246e+00 4.822714e-02 -1.194164e-03 9.988356e-01 1.752019e+02
9.988348e-01 -2.050287e-03 4.821555e-02 2.055235e-02 2.106910e-03 9.999971e-01 -1.123526e-03 -3.979818e+00 -4.821302e-02 1.223800e-03 9.988363e-01 1.762155e+02
9.988283e-01 2.103224e-03 -4.834889e-02 9.882836e-03 -2.043395e-03 9.999971e-01 1.286800e-03 -4.001002e+00 4.835154e-02 -1.186499e-03 9.988296e-01 1.771638e+02
9.988316e-01 -2.069237e-03 4.828071e-02 1.589032e-02 2.125588e-03 9.999971e-01 -1.115814e-03 -4.022931e+00 -4.827817e-02 1.217132e-03 9.988331e-01 1.781137e+02
9.987865e-01 2.150383e-03 -4.920284e-02 1.710092e-02 -2.090256e-03 9.999970e-01 1.273413e-03 -4.041729e+00 4.920553e-02 -1.169024e-03 9.987879e-01 1.789254e+02
9.988246e-01 -2.070943e-03 4.842635e-02 1.910063e-02 2.126656e-03 9.999971e-01 -1.098941e-03 -4.062458e+00 -4.842384e-02 1.200632e-03 9.988261e-01 1.798256e+02
9.987797e-01 2.152695e-03 -4.933999e-02 2.537661e-02 -2.091554e-03 9.999970e-01 1.290722e-03 -4.083392e+00 4.934271e-02 -1.185952e-03 9.987811e-01 1.807278e+02
9.987267e-01 -2.152646e-03 5.040095e-02 2.096159e-02 2.213458e-03 9.999969e-01 -1.150753e-03 -4.107108e+00 -5.039823e-02 1.260845e-03 9.987283e-01 1.817761e+02
9.987686e-01 2.169402e-03 -4.956305e-02 1.397057e-02 -2.108393e-03 9.999970e-01 1.283152e-03 -4.129673e+00 4.956577e-02 -1.177076e-03 9.987701e-01 1.827788e+02
9.987661e-01 -2.136980e-03 4.961592e-02 1.642681e-02 2.195500e-03 9.999970e-01 -1.124954e-03 -4.150566e+00 -4.961327e-02 1.232495e-03 9.987677e-01 1.836892e+02
9.987740e-01 2.176774e-03 -4.945476e-02 2.319502e-02 -2.115139e-03 9.999969e-01 1.298564e-03 -4.173152e+00 4.945752e-02 -1.192371e-03 9.987754e-01 1.846668e+02
9.987598e-01 -2.137159e-03 4.974135e-02 2.102758e-02 2.194921e-03 9.999970e-01 -1.106631e-03 -4.198404e+00 -4.973874e-02 1.214434e-03 9.987615e-01 1.857866e+02
9.987913e-01 2.165055e-03 -4.910443e-02 1.839483e-02 -2.104892e-03 9.999970e-01 1.276832e-03 -4.223453e+00 4.910714e-02 -1.171932e-03 9.987928e-01 1.868967e+02
9.987509e-01 -2.146981e-03 4.991886e-02 1.514167e-02 2.206082e-03 9.999969e-01 -1.128848e-03 -4.247329e+00 -4.991619e-02 1.237560e-03 9.987526e-01 1.879546e+02
9.987815e-01 2.171468e-03 -4.930226e-02 1.070544e-02 -2.110482e-03 9.999969e-01 1.288959e-03 -4.271280e+00 4.930500e-02 -1.183340e-03 9.987830e-01 1.890165e+02
9.987598e-01 -2.141397e-03 4.974100e-02 1.380741e-02 2.199406e-03 9.999970e-01 -1.111471e-03 -4.295624e+00 -4.973837e-02 1.219490e-03 9.987615e-01 1.900830e+02
9.987420e-01 2.194336e-03 -5.009598e-02 1.405050e-02 -2.130259e-03 9.999968e-01 1.332408e-03 -4.319975e+00 5.009884e-02 -1.224017e-03 9.987434e-01 1.911564e+02
9.987758e-01 -2.125736e-03 4.942086e-02 1.834631e-03 2.182587e-03 9.999970e-01 -1.096366e-03 -4.344918e+00 -4.941829e-02 1.202886e-03 9.987774e-01 1.922801e+02
9.987134e-01 2.227801e-03 -5.065985e-02 -8.618882e-03 -2.161843e-03 9.999967e-01 1.356704e-03 -4.369990e+00 5.066280e-02 -1.245442e-03 9.987150e-01 1.934071e+02
9.987170e-01 -2.177461e-03 5.059149e-02 -1.955579e-02 2.235733e-03 9.999969e-01 -1.095210e-03 -4.399314e+00 -5.058886e-02 1.206911e-03 9.987188e-01 1.947312e+02
9.987307e-01 2.222323e-03 -5.031959e-02 -2.451211e-02 -2.158528e-03 9.999968e-01 1.322066e-03 -4.427254e+00 5.032246e-02 -1.211774e-03 9.987322e-01 1.959784e+02
9.987890e-01 -2.143601e-03 4.915126e-02 -1.931860e-02 2.182529e-03 9.999973e-01 -7.383197e-04 -4.479723e+00 -4.914946e-02 8.446969e-04 9.987910e-01 1.983460e+02
9.987635e-01 2.260343e-03 -4.966118e-02 -1.032841e-02 -2.201172e-03 9.999968e-01 1.246113e-03 -4.527559e+00 4.966393e-02 -1.135262e-03 9.987653e-01 2.005003e+02
9.987102e-01 -2.229131e-03 5.072406e-02 -4.202152e-02 2.287565e-03 9.999968e-01 -1.093937e-03 -4.553843e+00 -5.072137e-02 1.208558e-03 9.987120e-01 2.017229e+02
9.987721e-01 2.262922e-03 -4.948865e-02 -8.055079e-02 -2.203141e-03 9.999968e-01 1.262454e-03 -4.583442e+00 4.949144e-02 -1.151876e-03 9.987738e-01 2.031142e+02
9.986828e-01 -2.264833e-03 5.125869e-02 -1.061304e-01 2.325458e-03 9.999967e-01 -1.123089e-03 -4.612200e+00 -5.125588e-02 1.240807e-03 9.986847e-01 2.044401e+02
9.987426e-01 2.289947e-03 -5.007818e-02 -1.174941e-01 -2.227638e-03 9.999967e-01 1.299980e-03 -4.640600e+00 5.008108e-02 -1.186792e-03 9.987444e-01 2.057219e+02
9.987417e-01 -2.239041e-03 5.010027e-02 -1.497614e-01 2.295145e-03 9.999968e-01 -1.062309e-03 -4.669341e+00 -5.009764e-02 1.175957e-03 9.987436e-01 2.070634e+02
9.987765e-01 2.274814e-03 -4.939945e-02 -1.763472e-01 -2.216045e-03 9.999968e-01 1.244367e-03 -4.696727e+00 4.940222e-02 -1.133376e-03 9.987783e-01 2.083287e+02
9.987221e-01 -2.252949e-03 5.048794e-02 -2.007551e-01 2.309628e-03 9.999968e-01 -1.064268e-03 -4.725713e+00 -5.048529e-02 1.179514e-03 9.987240e-01 2.096619e+02
9.987596e-01 2.288038e-03 -4.973960e-02 -2.214674e-01 -2.227612e-03 9.999967e-01 1.270218e-03 -4.755081e+00 4.974243e-02 -1.157844e-03 9.987613e-01 2.110062e+02
9.987650e-01 -2.239182e-03 4.963349e-02 -2.584972e-01 2.294143e-03 9.999968e-01 -1.050368e-03 -4.781374e+00 -4.963089e-02 1.162934e-03 9.987669e-01 2.122421e+02
9.987671e-01 2.284887e-03 -4.958751e-02 -3.056469e-01 -2.226848e-03 9.999968e-01 1.225604e-03 -4.804959e+00 4.959024e-02 -1.113671e-03 9.987690e-01 2.133720e+02
9.987826e-01 -2.232848e-03 4.927680e-02 -3.490552e-01 2.285803e-03 9.999969e-01 -1.018286e-03 -4.828996e+00 -4.927428e-02 1.129681e-03 9.987846e-01 2.145148e+02
9.987584e-01 2.294220e-03 -4.976252e-02 -3.855773e-01 -2.234228e-03 9.999967e-01 1.261126e-03 -4.854888e+00 4.976534e-02 -1.148382e-03 9.987602e-01 2.157301e+02
9.987749e-01 -2.239685e-03 4.943313e-02 -4.229703e-01 2.293414e-03 9.999968e-01 -1.030173e-03 -4.880817e+00 -4.943058e-02 1.142279e-03 9.987768e-01 2.169495e+02
9.987686e-01 2.297012e-03 -4.955669e-02 -4.686730e-01 -2.238553e-03 9.999967e-01 1.235070e-03 -4.905642e+00 4.955946e-02 -1.122617e-03 9.987705e-01 2.181339e+02
9.987944e-01 -2.238902e-03 4.903736e-02 -5.065436e-01 2.290145e-03 9.999969e-01 -9.887831e-04 -4.931654e+00 -4.903490e-02 1.099891e-03 9.987964e-01 2.193577e+02
9.987688e-01 2.308654e-03 -4.955253e-02 -5.351588e-01 -2.248866e-03 9.999967e-01 1.262236e-03 -4.959788e+00 4.955537e-02 -1.149247e-03 9.987707e-01 2.206629e+02
9.988227e-01 -2.240140e-03 4.845722e-02 -5.510980e-01 2.290169e-03 9.999969e-01 -9.769006e-04 -4.985586e+00 -4.845479e-02 1.086723e-03 9.988247e-01 2.218357e+02
9.986904e-01 2.397742e-03 -5.110393e-02 -5.615377e-01 -2.334949e-03 9.999964e-01 1.288350e-03 -5.009583e+00 5.110693e-02 -1.167340e-03 9.986924e-01 2.229195e+02
9.987248e-01 -2.333668e-03 5.042998e-02 -5.785837e-01 2.388112e-03 9.999966e-01 -1.019346e-03 -5.035504e+00 -5.042734e-02 1.138476e-03 9.987270e-01 2.240996e+02
9.987128e-01 2.397571e-03 -5.066573e-02 -6.028435e-01 -2.337346e-03 9.999965e-01 1.247857e-03 -5.060738e+00 5.066864e-02 -1.127830e-03 9.987148e-01 2.252630e+02
9.987305e-01 -2.341525e-03 5.031843e-02 -6.251345e-01 2.395778e-03 9.999966e-01 -1.017882e-03 -5.085556e+00 -5.031578e-02 1.137139e-03 9.987326e-01 2.264029e+02
9.987115e-01 2.405714e-03 -5.068965e-02 -6.329968e-01 -2.344402e-03 9.999964e-01 1.268939e-03 -5.111756e+00 5.069262e-02 -1.148469e-03 9.987136e-01 2.275800e+02
9.987395e-01 -2.330561e-03 5.013945e-02 -6.337637e-01 2.382574e-03 9.999967e-01 -9.776016e-04 -5.139792e+00 -5.013691e-02 1.095828e-03 9.987417e-01 2.288299e+02
9.985968e-01 2.504481e-03 -5.289626e-02 -5.890500e-01 -2.437606e-03 9.999961e-01 1.328719e-03 -5.165820e+00 5.289948e-02 -1.197916e-03 9.985991e-01 2.298905e+02
9.986780e-01 -2.367981e-03 5.134794e-02 -5.124740e-01 2.423222e-03 9.999966e-01 -1.013546e-03 -5.192212e+00 -5.134527e-02 1.136631e-03 9.986802e-01 2.309011e+02
9.986212e-01 2.495078e-03 -5.243547e-02 -4.519221e-01 -2.429755e-03 9.999962e-01 1.309452e-03 -5.219147e+00 5.243863e-02 -1.180244e-03 9.986234e-01 2.319706e+02
9.986564e-01 -2.375625e-03 5.176604e-02 -3.702498e-01 2.433305e-03 9.999965e-01 -1.051223e-03 -5.246172e+00 -5.176327e-02 1.175770e-03 9.986586e-01 2.330059e+02
9.986305e-01 2.469539e-03 -5.225898e-02 -3.251858e-01 -2.404799e-03 9.999963e-01 1.301636e-03 -5.271952e+00 5.226209e-02 -1.174184e-03 9.986326e-01 2.340578e+02
9.986467e-01 -2.397886e-03 5.195141e-02 -2.999512e-01 2.454997e-03 9.999965e-01 -1.035496e-03 -5.298829e+00 -5.194865e-02 1.161633e-03 9.986490e-01 2.352052e+02
9.986235e-01 2.476433e-03 -5.239106e-02 -2.823844e-01 -2.410767e-03 9.999962e-01 1.316510e-03 -5.326064e+00 5.239422e-02 -1.188397e-03 9.986257e-01 2.363837e+02
9.986442e-01 -2.379237e-03 5.200118e-02 -2.536946e-01 2.438416e-03 9.999964e-01 -1.074585e-03 -5.350146e+00 -5.199834e-02 1.199926e-03 9.986464e-01 2.373926e+02
9.985852e-01 2.579290e-03 -5.311199e-02 -3.186952e-02 -2.512729e-03 9.999960e-01 1.319935e-03 -5.378371e+00 5.311528e-02 -1.184614e-03 9.985876e-01 2.382505e+02
9.986078e-01 -2.367352e-03 5.269448e-02 3.092887e-01 2.426792e-03 9.999965e-01 -1.064024e-03 -5.410689e+00 -5.269169e-02 1.190419e-03 9.986100e-01 2.391150e+02
9.986532e-01 2.509115e-03 -5.182107e-02 5.504369e-01 -2.447440e-03 9.999962e-01 1.253547e-03 -5.441396e+00 5.182412e-02 -1.125032e-03 9.986555e-01 2.400781e+02
9.987023e-01 -2.278046e-03 5.087788e-02 1.014559e+00 2.327057e-03 9.999969e-01 -9.040614e-04 -5.480736e+00 -5.087557e-02 1.021281e-03 9.987044e-01 2.410612e+02
9.986324e-01 2.509118e-03 -5.221964e-02 1.341590e+00 -2.450476e-03 9.999963e-01 1.186952e-03 -5.516445e+00 5.222252e-02 -1.057368e-03 9.986348e-01 2.420827e+02
9.986432e-01 -2.436614e-03 5.201616e-02 1.359809e+00 2.486168e-03 9.999965e-01 -8.879611e-04 -5.546166e+00 -5.201373e-02 1.016075e-03 9.986458e-01 2.433771e+02
9.986204e-01 2.538031e-03 -5.244827e-02 1.393238e+00 -2.477932e-03 9.999962e-01 1.210848e-03 -5.576984e+00 5.245124e-02 -1.079216e-03 9.986228e-01 2.446912e+02
9.986701e-01 -2.415623e-03 5.149862e-02 1.439318e+00 2.464453e-03 9.999966e-01 -8.846768e-04 -5.606867e+00 -5.149621e-02 1.010414e-03 9.986726e-01 2.459262e+02
9.986292e-01 2.539553e-03 -5.227924e-02 1.462485e+00 -2.478341e-03 9.999962e-01 1.235620e-03 -5.638034e+00 5.228227e-02 -1.104363e-03 9.986317e-01 2.472727e+02
9.986599e-01 -2.430222e-03 5.169504e-02 1.481981e+00 2.480250e-03 9.999965e-01 -9.035856e-04 -5.667553e+00 -5.169258e-02 1.030589e-03 9.986624e-01 2.485546e+02
9.985948e-01 2.578568e-03 -5.293033e-02 1.551382e+00 -2.517661e-03 9.999961e-01 1.217303e-03 -5.697494e+00 5.293335e-02 -1.082334e-03 9.985974e-01 2.497357e+02
9.986367e-01 -2.478627e-03 5.213909e-02 1.558015e+00 2.526207e-03 9.999965e-01 -8.466566e-04 -5.728836e+00 -5.213671e-02 9.772142e-04 9.986394e-01 2.511263e+02
9.986060e-01 2.580705e-03 -5.271963e-02 1.554103e+00 -2.520626e-03 9.999961e-01 1.206024e-03 -5.761040e+00 5.272263e-02 -1.071458e-03 9.986086e-01 2.525772e+02
9.986295e-01 -2.495402e-03 5.227590e-02 1.566501e+00 2.540648e-03 9.999965e-01 -7.990610e-04 -5.798196e+00 -5.227363e-02 9.307783e-04 9.986323e-01 2.542276e+02
9.986071e-01 2.600722e-03 -5.269732e-02 1.576898e+00 -2.540292e-03 9.999960e-01 1.213666e-03 -5.835893e+00 5.270036e-02 -1.078111e-03 9.986097e-01 2.559076e+02
9.986105e-01 -2.533347e-03 5.263559e-02 1.582690e+00 2.583911e-03 9.999963e-01 -8.925855e-04 -5.868430e+00 -5.263304e-02 1.027349e-03 9.986133e-01 2.573561e+02
9.986207e-01 2.598235e-03 -5.243865e-02 1.568177e+00 -2.537790e-03 9.999960e-01 1.219215e-03 -5.903785e+00 5.244170e-02 -1.084457e-03 9.986233e-01 2.589717e+02
9.986415e-01 -2.533496e-03 5.204440e-02 1.570354e+00 2.582365e-03 9.999963e-01 -8.717276e-04 -5.936826e+00 -5.204191e-02 1.004939e-03 9.986443e-01 2.604487e+02
9.986502e-01 2.584288e-03 -5.187612e-02 1.576346e+00 -2.528421e-03 9.999962e-01 1.142491e-03 -5.967031e+00 5.187896e-02 -1.009786e-03 9.986528e-01 2.617882e+02
9.986623e-01 -2.519457e-03 5.164436e-02 1.571125e+00 2.565971e-03 9.999964e-01 -8.343434e-04 -5.997605e+00 -5.164197e-02 9.657431e-04 9.986651e-01 2.631653e+02
9.986404e-01 2.603603e-03 -5.206297e-02 1.567483e+00 -2.545863e-03 9.999961e-01 1.175297e-03 -6.029487e+00 5.206591e-02 -1.041156e-03 9.986430e-01 2.646006e+02
9.986845e-01 -2.506546e-03 5.121514e-02 1.614502e+00 2.551397e-03 9.999964e-01 -8.103706e-04 -6.062404e+00 -5.121283e-02 9.399725e-04 9.986872e-01 2.659791e+02
9.986376e-01 2.611729e-03 -5.211491e-02 1.652877e+00 -2.553091e-03 9.999960e-01 1.191690e-03 -6.095725e+00 5.211791e-02 -1.057014e-03 9.986403e-01 2.673953e+02
9.986799e-01 -2.519858e-03 5.130293e-02 1.690006e+00 2.564551e-03 9.999964e-01 -8.053251e-04 -6.129490e+00 -5.130063e-02 9.358289e-04 9.986827e-01 2.688365e+02
9.986218e-01 2.639458e-03 -5.241615e-02 1.749701e+00 -2.581419e-03 9.999960e-01 1.174930e-03 -6.162999e+00 5.241913e-02 -1.038004e-03 9.986246e-01 2.702103e+02
9.986654e-01 -2.547795e-03 5.158291e-02 1.775770e+00 2.591267e-03 9.999963e-01 -7.758704e-04 -6.197317e+00 -5.158065e-02 9.084980e-04 9.986683e-01 2.716992e+02
9.986209e-01 2.645319e-03 -5.243307e-02 1.787463e+00 -2.587113e-03 9.999960e-01 1.177930e-03 -6.231104e+00 5.243606e-02 -1.040657e-03 9.986237e-01 2.731935e+02
9.986657e-01 -2.551308e-03 5.157687e-02 1.807920e+00 2.595697e-03 9.999963e-01 -7.936552e-04 -6.263896e+00 -5.157456e-02 9.264721e-04 9.986686e-01 2.746223e+02
9.986135e-01 2.658375e-03 -5.257377e-02 1.839314e+00 -2.599222e-03 9.999959e-01 1.193455e-03 -6.298364e+00 5.257681e-02 -1.055151e-03 9.986163e-01 2.761038e+02
9.986662e-01 -2.562885e-03 5.156796e-02 1.871332e+00 2.608178e-03 9.999963e-01 -8.110197e-04 -6.331254e+00 -5.156560e-02 9.444344e-04 9.986691e-01 2.775100e+02
9.986076e-01 2.676112e-03 -5.268460e-02 1.909437e+00 -2.616290e-03 9.999959e-01 1.204391e-03 -6.365496e+00 5.268769e-02 -1.064877e-03 9.986104e-01 2.789633e+02
9.986709e-01 -2.563785e-03 5.147533e-02 2.000866e+00 2.607213e-03 9.999963e-01 -7.764948e-04 -6.405374e+00 -5.147306e-02 9.096680e-04 9.986739e-01 2.805658e+02
9.986200e-01 2.693275e-03 -5.244786e-02 2.107069e+00 -2.634954e-03 9.999958e-01 1.181065e-03 -6.444212e+00 5.245091e-02 -1.041239e-03 9.986229e-01 2.820940e+02
9.986875e-01 -2.576894e-03 5.115165e-02 2.184304e+00 2.621605e-03 9.999962e-01 -8.069910e-04 -6.478738e+00 -5.114929e-02 9.400294e-04 9.986905e-01 2.834740e+02
9.985845e-01 2.701511e-03 -5.311967e-02 2.246728e+00 -2.640706e-03 9.999958e-01 1.214814e-03 -6.511046e+00 5.312282e-02 -1.072823e-03 9.985873e-01 2.847832e+02
9.986650e-01 -2.555144e-03 5.159185e-02 2.357906e+00 2.603149e-03 9.999962e-01 -8.632837e-04 -6.545652e+00 -5.158936e-02 9.964306e-04 9.986678e-01 2.860935e+02
9.985836e-01 2.761557e-03 -5.313355e-02 2.554235e+00 -2.702672e-03 9.999957e-01 1.180038e-03 -6.582331e+00 5.313667e-02 -1.034766e-03 9.985866e-01 2.873565e+02
9.986440e-01 -2.575971e-03 5.199570e-02 2.724314e+00 2.624839e-03 9.999962e-01 -8.715687e-04 -6.616581e+00 -5.199316e-02 1.006865e-03 9.986469e-01 2.885626e+02
9.985789e-01 2.807880e-03 -5.321900e-02 3.026944e+00 -2.748349e-03 9.999955e-01 1.191741e-03 -6.653058e+00 5.322220e-02 -1.043784e-03 9.985821e-01 2.896611e+02
9.986475e-01 -2.591066e-03 5.192769e-02 3.305368e+00 2.639711e-03 9.999961e-01 -8.681948e-04 -6.689386e+00 -5.192515e-02 1.004093e-03 9.986504e-01 2.907894e+02
9.985728e-01 2.784692e-03 -5.333433e-02 3.483514e+00 -2.726785e-03 9.999956e-01 1.158448e-03 -6.721440e+00 5.333742e-02 -1.011365e-03 9.985760e-01 2.918806e+02
9.986167e-01 -2.644804e-03 5.251237e-02 3.566466e+00 2.692034e-03 9.999960e-01 -8.286768e-04 -6.752877e+00 -5.250988e-02 9.688939e-04 9.986199e-01 2.931155e+02
