9.999977e-01 3.462787e-04 -2.114581e-03 1.299892e-01 -3.463581e-04 9.999999e-01 -3.719210e-05 -1.069921e-02 2.114568e-03 3.792489e-05 9.999977e-01 3.009800e-01
9.999963e-01 3.558013e-06 -2.734452e-03 2.374296e-01 -3.435169e-06 1.000000e+00 4.492232e-05 -2.559185e-02 2.734452e-03 -4.491229e-05 9.999962e-01 8.241105e-01
9.999992e-01 3.612803e-04 -1.210872e-03 3.489897e-01 -3.614547e-04 9.999999e-01 -1.438304e-04 -4.207066e-02 1.210819e-03 1.442685e-04 9.999992e-01 1.416074e+00
9.999979e-01 7.348596e-06 -2.044555e-03 4.580461e-01 -7.445933e-06 1.000000e+00 -4.761042e-05 -5.984547e-02 2.044553e-03 4.762599e-05 9.999978e-01 2.073160e+00
9.999918e-01 4.005875e-04 -4.021130e-03 6.104648e-01 -4.000532e-04 9.999999e-01 1.336931e-04 -7.577121e-02 4.021181e-03 -1.320829e-04 9.999918e-01 2.585392e+00
9.999870e-01 7.846567e-05 -5.096593e-03 7.609215e-01 -7.727816e-05 1.000000e+00 2.331941e-04 -8.833478e-02 5.096608e-03 -2.327967e-04 9.999869e-01 2.948694e+00
9.999964e-01 3.385071e-04 -2.670471e-03 8.922334e-01 -3.384799e-04 9.999999e-01 1.064499e-05 -1.011527e-01 2.670471e-03 -9.740534e-06 9.999963e-01 3.352957e+00
9.999997e-01 8.977065e-06 -8.119671e-04 1.035963e+00 -9.026566e-06 1.000000e+00 -6.099485e-05 -1.158392e-01 8.119626e-04 6.100266e-05 9.999996e-01 3.822320e+00
9.999976e-01 3.401379e-04 -2.141447e-03 1.167486e+00 -3.402842e-04 9.999999e-01 -6.798821e-05 -1.311485e-01 2.141420e-03 6.871725e-05 9.999976e-01 4.339829e+00
9.999986e-01 -1.801957e-05 -1.694197e-03 1.254723e+00 1.801129e-05 1.000000e+00 -4.917388e-06 -1.458684e-01 1.694192e-03 4.887352e-06 9.999985e-01 4.884463e+00
9.999963e-01 3.347667e-04 -2.681871e-03 1.351417e+00 -3.346618e-04 9.999999e-01 3.952705e-05 -1.588854e-01 2.681879e-03 -3.862890e-05 9.999963e-01 5.336758e+00
9.999936e-01 -2.499967e-05 -3.565905e-03 1.407865e+00 2.601162e-05 1.000000e+00 2.837303e-04 -1.656001e-01 3.565892e-03 -2.838207e-04 9.999935e-01 5.544839e+00
9.999995e-01 3.167688e-04 -9.319084e-04 1.392121e+00 -3.166333e-04 9.999999e-01 1.454592e-04 -1.644238e-01 9.319482e-04 -1.451635e-04 9.999995e-01 5.424063e+00
9.999996e-01 3.138378e-05 -8.706477e-04 1.418379e+00 -3.129130e-05 1.000000e+00 1.061929e-04 -1.649501e-01 8.706447e-04 -1.061650e-04 9.999995e-01 5.335039e+00
9.999944e-01 2.550554e-04 -3.346869e-03 1.493208e+00 -2.548423e-04 1.000000e+00 6.409606e-05 -1.733058e-01 3.346879e-03 -6.324218e-05 9.999943e-01 5.600352e+00
9.997277e-01 3.138368e-04 -2.333369e-02 1.490135e+00 -2.838484e-04 9.999991e-01 1.288494e-03 -1.772706e-01 2.333406e-02 -1.281519e-03 9.997268e-01 5.766877e+00
9.998516e-01 4.831026e-05 1.722763e-02 1.517691e+00 -3.440484e-05 9.999997e-01 -8.074493e-04 -1.779134e-01 -1.722768e-02 8.067375e-04 9.998512e-01 5.696505e+00
9.997984e-01 2.623026e-04 -2.007767e-02 1.557238e+00 -2.416241e-04 9.999994e-01 1.032345e-03 -1.815893e-01 2.007792e-02 -1.027284e-03 9.997978e-01 5.766275e+00
9.998551e-01 9.318609e-05 1.702245e-02 1.721905e+00 -7.508988e-05 9.999994e-01 -1.063710e-03 -1.951081e-01 -1.702255e-02 1.062279e-03 9.998544e-01 6.158223e+00
9.997922e-01 2.641120e-04 -2.038169e-02 1.907040e+00 -2.417396e-04 9.999994e-01 1.100124e-03 -2.076306e-01 2.038196e-02 -1.094968e-03 9.997916e-01 6.477738e+00
9.998396e-01 2.470981e-05 1.790739e-02 2.030207e+00 -4.617695e-06 9.999994e-01 -1.122038e-03 -2.188598e-01 -1.790742e-02 1.121776e-03 9.998389e-01 6.820830e+00
9.994420e-01 4.367635e-04 -3.339832e-02 2.077282e+00 -3.735066e-04 9.999981e-01 1.900230e-03 -2.253024e-01 3.339907e-02 -1.886695e-03 9.994402e-01 7.042807e+00
9.996961e-01 1.513341e-05 2.465304e-02 2.155724e+00 2.294692e-05 9.999988e-01 -1.544363e-03 -2.349812e-01 -2.465305e-02 1.544460e-03 9.996948e-01 7.372719e+00
9.995292e-01 3.574460e-04 -3.067832e-02 2.252913e+00 -3.027280e-04 9.999984e-01 1.788231e-03 -2.441963e-01 3.067890e-02 -1.778101e-03 9.995276e-01 7.656770e+00
9.997771e-01 2.161058e-05 2.111407e-02 2.291934e+00 6.830330e-06 9.999991e-01 -1.346934e-03 -2.508167e-01 -2.111410e-02 1.346779e-03 9.997761e-01 7.896679e+00
9.996935e-01 2.376844e-04 -2.475571e-02 2.342843e+00 -2.032655e-04 9.999990e-01 1.392843e-03 -2.602268e-01 2.475601e-02 -1.387383e-03 9.996925e-01 8.250491e+00
9.998745e-01 8.333717e-05 1.584262e-02 2.384982e+00 -6.752102e-05 9.999995e-01 -9.988542e-04 -2.680375e-01 -1.584271e-02 9.976602e-04 9.998739e-01 8.532895e+00
9.995844e-01 3.765042e-04 -2.882587e-02 2.462353e+00 -3.279567e-04 9.999985e-01 1.688873e-03 -2.734671e-01 2.882645e-02 -1.678716e-03 9.995829e-01 8.669425e+00
9.996510e-01 -6.517676e-05 2.641761e-02 2.584728e+00 1.091707e-04 9.999986e-01 -1.663882e-03 -2.837869e-01 -2.641748e-02 1.666186e-03 9.996495e-01 8.968424e+00
9.995869e-01 3.773635e-04 -2.873851e-02 2.706774e+00 -3.309817e-04 9.999986e-01 1.618662e-03 -2.952507e-01 2.873906e-02 -1.608481e-03 9.995856e-01 9.321058e+00
9.998217e-01 3.365809e-05 1.888470e-02 2.781748e+00 -1.140702e-05 9.999993e-01 -1.178357e-03 -3.046436e-01 -1.888475e-02 1.177933e-03 9.998209e-01 9.634528e+00
9.995468e-01 3.728394e-04 -3.009926e-02 2.826178e+00 -3.228061e-04 9.999986e-01 1.667115e-03 -3.120754e-01 3.009981e-02 -1.656643e-03 9.995454e-01 9.908048e+00
9.996510e-01 -8.905322e-05 2.641704e-02 2.888387e+00 1.323952e-04 9.999986e-01 -1.638933e-03 -3.226328e-01 -2.641688e-02 1.641859e-03 9.996496e-01 1.029900e+01
9.995673e-01 4.158689e-04 -2.941192e-02 2.988004e+00 -3.692408e-04 9.999987e-01 1.590758e-03 -3.353503e-01 2.941252e-02 -1.579208e-03 9.995660e-01 1.073993e+01
9.997097e-01 -4.736881e-05 2.409228e-02 3.075045e+00 8.303505e-05 9.999989e-01 -1.479395e-03 -3.477919e-01 -2.409221e-02 1.480968e-03 9.997085e-01 1.117773e+01
9.995079e-01 4.897528e-04 -3.136573e-02 3.193550e+00 -4.377290e-04 9.999985e-01 1.665459e-03 -3.615432e-01 3.136648e-02 -1.650909e-03 9.995065e-01 1.163682e+01
9.996721e-01 -9.539115e-05 2.560681e-02 3.304961e+00 1.337023e-04 9.999989e-01 -1.494416e-03 -3.736998e-01 -2.560666e-02 1.497351e-03 9.996709e-01 1.203186e+01
9.996088e-01 4.366179e-04 -2.796550e-02 3.445620e+00 -3.972543e-04 9.999989e-01 1.413113e-03 -3.865596e-01 2.796606e-02 -1.401449e-03 9.996078e-01 1.242970e+01
9.996639e-01 -1.209949e-04 2.592289e-02 3.560021e+00 1.603115e-04 9.999988e-01 -1.514595e-03 -3.986167e-01 -2.592270e-02 1.518243e-03 9.996627e-01 1.283132e+01
9.996326e-01 5.324597e-04 -2.709932e-02 3.769309e+00 -4.988079e-04 9.999991e-01 1.248534e-03 -4.156373e-01 2.709994e-02 -1.234557e-03 9.996319e-01 1.333496e+01
9.996846e-01 -1.256577e-04 2.511197e-02 3.932136e+00 1.623509e-04 9.999989e-01 -1.459142e-03 -4.324568e-01 -2.511178e-02 1.462760e-03 9.996835e-01 1.388609e+01
9.995964e-01 4.153849e-04 -2.840520e-02 4.001151e+00 -3.747166e-04 9.999989e-01 1.437022e-03 -4.442743e-01 2.840574e-02 -1.425797e-03 9.995954e-01 1.432582e+01
9.996267e-01 -2.212294e-05 2.731961e-02 3.927886e+00 5.424115e-05 9.999993e-01 -1.174900e-03 -4.407679e-01 -2.731959e-02 1.175944e-03 9.996260e-01 1.415286e+01
9.996044e-01 4.428497e-04 -2.812064e-02 3.793841e+00 -3.991114e-04 9.999987e-01 1.560968e-03 -4.328901e-01 2.812127e-02 -1.549126e-03 9.996032e-01 1.381467e+01
9.996159e-01 2.984738e-05 2.771504e-02 3.639407e+00 2.065642e-06 9.999993e-01 -1.151433e-03 -4.231413e-01 -2.771508e-02 1.151050e-03 9.996151e-01 1.339152e+01
9.996548e-01 3.974749e-04 -2.626830e-02 3.541001e+00 -3.598039e-04 9.999989e-01 1.438791e-03 -4.159204e-01 2.626882e-02 -1.428841e-03 9.996538e-01 1.305777e+01
9.996769e-01 -1.174220e-04 2.541776e-02 3.594504e+00 1.530443e-04 9.999990e-01 -1.399523e-03 -4.229932e-01 -2.541759e-02 1.402962e-03 9.996758e-01 1.329964e+01
9.995252e-01 4.408646e-04 -3.080951e-02 3.643652e+00 -3.942653e-04 9.999988e-01 1.518552e-03 -4.332277e-01 3.081012e-02 -1.505683e-03 9.995240e-01 1.368835e+01
9.998201e-01 -3.675128e-05 1.896935e-02 3.665483e+00 5.749108e-05 9.999994e-01 -1.092777e-03 -4.425782e-01 -1.896933e-02 1.093672e-03 9.998194e-01 1.407546e+01
9.985076e-01 8.176631e-04 -5.460747e-02 3.633308e+00 -6.657113e-04 9.999959e-01 2.800747e-03 -4.489021e-01 5.460951e-02 -2.760213e-03 9.985039e-01 1.437302e+01
9.999917e-01 2.309343e-04 4.062314e-03 3.586978e+00 -2.299394e-04 9.999999e-01 -2.452923e-04 -4.527816e-01 -4.062404e-03 2.443577e-04 9.999916e-01 1.458831e+01
9.983816e-01 8.595069e-04 -5.686388e-02 3.540823e+00 -6.972841e-04 9.999956e-01 2.872602e-03 -4.572115e-01 5.686607e-02 -2.828300e-03 9.983777e-01 1.482789e+01
9.999809e-01 4.330552e-04 -6.161119e-03 3.486138e+00 -4.314256e-04 9.999999e-01 2.657440e-04 -4.624747e-01 6.161189e-03 -2.630788e-04 9.999809e-01 1.512056e+01
9.976650e-01 1.076825e-03 -6.828855e-02 3.405743e+00 -8.444603e-04 9.999938e-01 3.431453e-03 -4.672153e-01 6.829177e-02 -3.365771e-03 9.976596e-01 1.541807e+01
9.999999e-01 3.442425e-04 -1.421806e-05 3.339565e+00 -3.442419e-04 9.999999e-01 -2.157623e-05 -4.724955e-01 1.415387e-05 2.158373e-05 9.999999e-01 1.572614e+01
9.967546e-01 1.299823e-03 -8.048945e-02 3.246753e+00 -9.767712e-04 9.999913e-01 4.052819e-03 -4.761867e-01 8.049395e-02 -3.961043e-03 9.967471e-01 1.599025e+01
9.999265e-01 5.408420e-04 -1.211040e-02 3.138350e+00 -5.329517e-04 9.999996e-01 6.546440e-04 -4.786725e-01 1.211068e-02 -6.481385e-04 9.999264e-01 1.622062e+01
9.963842e-01 1.403394e-03 -8.495069e-02 3.021236e+00 -1.046434e-03 9.999904e-01 4.246332e-03 -4.811603e-01 8.495576e-02 -4.142080e-03 9.963760e-01 1.646257e+01
9.999965e-01 3.780665e-04 -2.605009e-03 2.926068e+00 -3.774994e-04 9.999999e-01 2.174209e-04 -4.841196e-01 2.605009e-03 -2.164331e-04 9.999965e-01 1.670150e+01
9.970292e-01 1.249050e-03 -7.701355e-02 2.848804e+00 -9.572582e-04 9.999922e-01 3.825608e-03 -4.871075e-01 7.701764e-02 -3.740518e-03 9.970226e-01 1.691950e+01
9.999907e-01 3.810671e-04 -4.299004e-03 2.765733e+00 -3.796312e-04 9.999999e-01 3.342372e-04 -4.895544e-01 4.299041e-03 -3.325981e-04 9.999906e-01 1.711775e+01
9.970595e-01 1.218037e-03 -7.662173e-02 2.673469e+00 -9.299164e-04 9.999924e-01 3.795829e-03 -4.908143e-01 7.662567e-02 -3.713411e-03 9.970529e-01 1.726926e+01
9.999404e-01 1.216921e-04 1.091702e-02 2.607229e+00 -1.172924e-04 9.999999e-01 -4.033605e-04 -4.925803e-01 -1.091717e-02 4.020601e-04 9.999403e-01 1.741121e+01
9.977880e-01 1.047394e-03 -6.646810e-02 2.569339e+00 -8.313879e-04 9.999943e-01 3.277300e-03 -4.948457e-01 6.647106e-02 -3.214785e-03 9.977831e-01 1.754288e+01
9.999854e-01 2.304684e-04 5.397141e-03 2.519416e+00 -2.303245e-04 1.000000e+00 -2.661892e-05 -4.939963e-01 -5.397245e-03 2.537964e-05 9.999854e-01 1.751801e+01
9.977157e-01 1.086066e-03 -6.754285e-02 2.462774e+00 -8.624254e-04 9.999940e-01 3.340113e-03 -4.930686e-01 6.754598e-02 -3.274229e-03 9.977107e-01 1.750389e+01
9.999179e-01 5.620089e-05 1.281004e-02 2.418932e+00 -4.966793e-05 9.999999e-01 -5.099895e-04 -4.955841e-01 -1.281016e-02 5.093157e-04 9.999178e-01 1.765084e+01
9.979598e-01 1.023100e-03 -6.383673e-02 2.380947e+00 -8.239328e-04 9.999947e-01 3.146128e-03 -4.978513e-01 6.383952e-02 -3.087108e-03 9.979553e-01 1.777895e+01
9.998115e-01 -6.039681e-05 1.941525e-02 2.350569e+00 7.684389e-05 9.999996e-01 -8.461484e-04 -5.007750e-01 -1.941529e-02 8.474850e-04 9.998111e-01 1.792890e+01
9.982177e-01 9.560666e-04 -5.966944e-02 2.328959e+00 -7.831234e-04 9.999954e-01 2.921602e-03 -5.040854e-01 5.967186e-02 -2.869662e-03 9.982139e-01 1.808712e+01
9.997801e-01 -1.028120e-04 2.096913e-02 2.314267e+00 1.212406e-04 9.999996e-01 -8.773526e-04 -5.060699e-01 -2.096913e-02 8.797061e-04 9.997797e-01 1.817073e+01
9.933200e-01 2.114453e-03 -1.153725e-01 2.166721e+00 -1.452517e-03 9.999820e-01 5.821118e-03 -5.025043e-01 1.153826e-01 -5.614649e-03 9.933052e-01 1.810551e+01
9.999238e-01 4.733291e-04 -1.232871e-02 1.971109e+00 -4.612211e-04 9.999994e-01 9.844878e-04 -4.959405e-01 1.232907e-02 -9.787228e-04 9.999235e-01 1.797172e+01
9.996382e-01 5.053453e-04 -2.689022e-02 1.962756e+00 -4.747143e-04 9.999992e-01 1.145280e-03 -4.967275e-01 2.689069e-02 -1.132097e-03 9.996377e-01 1.797254e+01
9.999833e-01 1.186591e-04 -5.759455e-03 1.952154e+00 -1.151476e-04 9.999998e-01 6.090614e-04 -4.984938e-01 5.759434e-03 -6.083844e-04 9.999832e-01 1.801952e+01
9.975944e-01 1.310201e-03 -6.930748e-02 1.822851e+00 -1.084744e-03 9.999940e-01 3.290453e-03 -4.964536e-01 6.931129e-02 -3.207353e-03 9.975899e-01 1.801808e+01
9.995662e-01 -3.983114e-04 2.944539e-02 1.671450e+00 4.285246e-04 9.999994e-01 -1.019567e-03 -4.907349e-01 -2.944506e-02 1.031747e-03 9.995658e-01 1.781774e+01
9.977220e-01 1.336370e-03 -6.744475e-02 1.454975e+00 -1.115938e-03 9.999939e-01 3.305830e-03 -4.811324e-01 6.744868e-02 -3.223032e-03 9.977175e-01 1.745902e+01
9.998996e-01 -1.782138e-04 1.416148e-02 1.258789e+00 1.824943e-04 9.999999e-01 -3.005330e-04 -4.728226e-01 -1.416150e-02 3.030904e-04 9.998997e-01 1.716090e+01
9.971998e-01 1.447577e-03 -7.476794e-02 1.095538e+00 -1.184665e-03 9.999930e-01 3.560520e-03 -4.674927e-01 7.477249e-02 -3.461972e-03 9.971946e-01 1.700505e+01
9.999986e-01 -4.193427e-06 1.609469e-03 9.561739e-01 3.671684e-06 9.999999e-01 3.281700e-04 -4.636902e-01 -1.609544e-03 -3.281608e-04 9.999986e-01 1.692003e+01
9.971547e-01 1.460765e-03 -7.536709e-02 8.498849e-01 -1.198139e-03 9.999931e-01 3.529645e-03 -4.622288e-01 7.537166e-02 -3.429299e-03 9.971496e-01 1.693277e+01
9.996030e-01 -3.828202e-04 2.817038e-02 7.569512e-01 4.091705e-04 9.999995e-01 -9.293934e-04 -4.589150e-01 -2.817007e-02 9.405533e-04 9.996027e-01 1.681810e+01
9.992523e-01 9.557712e-04 -3.864811e-02 6.001841e-01 -8.832677e-04 9.999978e-01 1.892852e-03 -4.494332e-01 3.864977e-02 -1.857298e-03 9.992511e-01 1.640404e+01
9.993809e-01 -4.560123e-04 3.517800e-02 3.434065e-01 4.922270e-04 9.999994e-01 -1.020624e-03 -4.338299e-01 -3.517758e-02 1.037310e-03 9.993805e-01 1.577179e+01
9.993105e-01 1.116147e-03 -3.711055e-02 -6.202222e-02 -1.043377e-03 9.999975e-01 1.980017e-03 -4.087583e-01 3.711260e-02 -1.939929e-03 9.993092e-01 1.476967e+01
9.997281e-01 -3.998138e-04 2.330853e-02 -4.522285e-01 4.102892e-04 9.999998e-01 -4.443581e-04 -3.858974e-01 -2.330841e-02 4.538028e-04 9.997282e-01 1.386912e+01
9.962022e-01 1.763277e-03 -8.705072e-02 -6.670086e-01 -1.426661e-03 9.999913e-01 3.928883e-03 -3.780990e-01 8.705683e-02 -3.789768e-03 9.961961e-01 1.362867e+01
9.997869e-01 2.283060e-04 -2.063926e-02 -8.437593e-01 -1.952638e-04 9.999987e-01 1.602617e-03 -3.760844e-01 2.063955e-02 -1.598243e-03 9.997857e-01 1.369925e+01
9.978343e-01 1.413225e-03 -6.576140e-02 -9.684165e-01 -1.225755e-03 9.999951e-01 2.890907e-03 -3.749394e-01 6.576512e-02 -2.804038e-03 9.978312e-01 1.375835e+01
9.999955e-01 -3.026568e-05 2.952361e-03 -1.078436e+00 2.857570e-05 9.999998e-01 5.747392e-04 -3.682864e-01 -2.952413e-03 -5.746511e-04 9.999955e-01 1.348750e+01
9.984274e-01 1.488841e-03 -5.603810e-02 -1.212106e+00 -1.343409e-03 9.999956e-01 2.632688e-03 -3.559524e-01 5.604174e-02 -2.553265e-03 9.984252e-01 1.290100e+01
9.999740e-01 2.348750e-05 -7.196887e-03 -1.374355e+00 -1.606569e-05 9.999995e-01 1.030391e-03 -3.441946e-01 7.196884e-03 -1.030248e-03 9.999736e-01 1.238296e+01
9.985042e-01 1.344574e-03 -5.465616e-02 -1.513809e+00 -1.215080e-03 9.999964e-01 2.402278e-03 -3.369792e-01 5.465917e-02 -2.332273e-03 9.985023e-01 1.210405e+01
9.999040e-01 -2.988594e-04 1.384338e-02 -1.707182e+00 2.969228e-04 9.999999e-01 1.424177e-04 -3.253651e-01 -1.384344e-02 -1.382933e-04 9.999042e-01 1.161227e+01
9.986744e-01 1.342333e-03 -5.145255e-02 -1.964548e+00 -1.224031e-03 9.999965e-01 2.330567e-03 -3.099777e-01 5.145549e-02 -2.264498e-03 9.986727e-01 1.097759e+01
9.991031e-01 -5.043400e-04 4.233738e-02 -2.435709e+00 5.413646e-04 9.999995e-01 -8.629027e-04 -2.804957e-01 -4.233693e-02 8.850490e-04 9.991030e-01 9.802140e+00
9.988696e-01 1.232039e-03 -4.751543e-02 -2.887187e+00 -1.132567e-03 9.999971e-01 2.120181e-03 -2.529564e-01 4.751789e-02 -2.063970e-03 9.988683e-01 8.696556e+00
9.996768e-01 -4.680310e-04 2.541408e-02 -3.116422e+00 4.777617e-04 9.999998e-01 -3.765695e-04 -2.386891e-01 -2.541391e-02 3.885898e-04 9.996769e-01 8.087653e+00
9.990558e-01 1.092287e-03 -4.343001e-02 -3.282130e+00 -1.016791e-03 9.999979e-01 1.760243e-03 -2.289468e-01 4.343184e-02 -1.714421e-03 9.990549e-01 7.658269e+00
9.997996e-01 -3.818294e-04 2.000994e-02 -3.488595e+00 3.830704e-04 9.999999e-01 -5.788520e-05 -2.167730e-01 -2.000992e-02 6.553880e-05 9.997998e-01 7.144883e+00
9.996958e-01 9.342386e-04 -2.464158e-02 -3.786226e+00 -9.098994e-04 9.999991e-01 9.986779e-04 -1.983229e-01 2.464249e-02 -9.759528e-04 9.996959e-01 6.385769e+00
9.997244e-01 -3.802691e-04 2.347037e-02 -4.115243e+00 3.840655e-04 9.999999e-01 -1.569861e-04 -1.772164e-01 -2.347031e-02 1.659569e-04 9.997245e-01 5.510876e+00
9.996870e-01 9.658423e-04 -2.499541e-02 -4.473639e+00 -9.401256e-04 9.999990e-01 1.040351e-03 -1.545291e-01 2.499639e-02 -1.016527e-03 9.996870e-01 4.580234e+00
9.999681e-01 -3.349207e-04 7.962236e-03 -4.715839e+00 3.313263e-04 9.999998e-01 4.534806e-04 -1.398059e-01 -7.962386e-03 -4.508282e-04 9.999682e-01 3.958190e+00
9.994390e-01 1.111365e-03 -3.347141e-02 -4.932430e+00 -1.066304e-03 9.999985e-01 1.363918e-03 -1.268515e-01 3.347288e-02 -1.327463e-03 9.994387e-01 3.415258e+00
9.999948e-01 -3.575525e-04 3.175721e-03 -5.084681e+00 3.557247e-04 9.999998e-01 5.779028e-04 -1.182699e-01 -3.175920e-03 -5.767703e-04 9.999948e-01 3.044145e+00
9.990463e-01 1.255526e-03 -4.364230e-02 -5.183153e+00 -1.180875e-03 9.999978e-01 1.736141e-03 -1.134415e-01 4.364440e-02 -1.682950e-03 9.990457e-01 2.838802e+00
9.999188e-01 -5.406545e-04 1.272329e-02 -5.267768e+00 5.394606e-04 9.999998e-01 9.770022e-05 -1.094907e-01 -1.272332e-02 -9.082901e-05 9.999191e-01 2.657950e+00
9.989296e-01 1.252797e-03 -4.623821e-02 -5.302823e+00 -1.174006e-03 9.999978e-01 1.731033e-03 -1.095862e-01 4.624029e-02 -1.674897e-03 9.989289e-01 2.658816e+00
9.998624e-01 -6.298363e-04 1.656803e-02 -5.351957e+00 6.315813e-04 9.999998e-01 -9.976419e-05 -1.090686e-01 -1.656794e-02 1.102139e-04 9.998627e-01 2.635227e+00
9.997003e-01 1.140017e-03 -2.444988e-02 -5.550660e+00 -1.115693e-03 9.999989e-01 1.008269e-03 -9.660411e-02 2.445102e-02 -9.806891e-04 9.997005e-01 2.105629e+00
9.998552e-01 -7.345460e-04 1.699495e-02 -5.694877e+00 7.377714e-04 9.999997e-01 -1.832043e-04 -8.825225e-02 -1.699479e-02 1.957155e-04 9.998556e-01 1.728524e+00
9.993154e-01 1.255806e-03 -3.697324e-02 -5.772785e+00 -1.202914e-03 9.999982e-01 1.452640e-03 -8.510042e-02 3.697502e-02 -1.407171e-03 9.993152e-01 1.582111e+00
9.998468e-01 -7.665313e-04 1.748093e-02 -5.847732e+00 7.709221e-04 9.999997e-01 -2.441504e-04 -8.234887e-02 -1.748071e-02 2.575888e-04 9.998472e-01 1.451181e+00
9.995366e-01 1.219596e-03 -3.041077e-02 -5.934584e+00 -1.183787e-03 9.999986e-01 1.195309e-03 -7.790831e-02 3.041221e-02 -1.158756e-03 9.995368e-01 1.240804e+00
9.996567e-01 -9.074334e-04 2.618204e-02 -6.021007e+00 9.241193e-04 9.999994e-01 -6.250197e-04 -7.336011e-02 -2.618143e-02 6.489997e-04 9.996570e-01 1.019590e+00
9.990502e-01 1.395373e-03 -4.354945e-02 -6.068357e+00 -1.321694e-03 9.999976e-01 1.720492e-03 -7.201467e-02 4.355178e-02 -1.661300e-03 9.990498e-01 9.363199e-01
9.996559e-01 -9.327225e-04 2.620983e-02 -6.100416e+00 9.503230e-04 9.999993e-01 -6.588914e-04 -7.143773e-02 -2.620917e-02 6.835717e-04 9.996562e-01 8.830939e-01
9.996145e-01 1.288038e-03 -2.772936e-02 -6.182067e+00 -1.258867e-03 9.999986e-01 1.069251e-03 -6.623507e-02 2.773073e-02 -1.033932e-03 9.996149e-01 6.216842e-01
9.996720e-01 -9.182513e-04 2.558957e-02 -6.317480e+00 9.324633e-04 9.999994e-01 -5.432676e-04 -5.776064e-02 -2.558902e-02 5.669499e-04 9.996724e-01 2.393657e-01
9.996799e-01 1.564256e-03 -2.524762e-02 -6.566211e+00 -1.536393e-03 9.999982e-01 1.122739e-03 -4.056458e-02 2.524936e-02 -1.083590e-03 9.996806e-01 -4.956744e-01
9.996773e-01 -9.066986e-04 2.538114e-02 -6.897788e+00 9.165076e-04 9.999995e-01 -3.746537e-04 -1.913424e-02 -2.538076e-02 3.977940e-04 9.996778e-01 -1.377414e+00
9.996240e-01 1.375990e-03 -2.738326e-02 -7.174282e+00 -1.347128e-03 9.999985e-01 1.072279e-03 -2.908509e-03 2.738473e-02 -1.034988e-03 9.996244e-01 -2.039154e+00
9.996745e-01 -8.998271e-04 2.549177e-02 -7.513837e+00 9.070291e-04 9.999996e-01 -2.707799e-04 1.652533e-02 -2.549149e-02 2.938128e-04 9.996750e-01 -2.808674e+00
9.996402e-01 1.338517e-03 -2.678417e-02 -7.786315e+00 -1.315368e-03 9.999987e-01 8.817051e-04 3.128511e-02 2.678534e-02 -8.461576e-04 9.996408e-01 -3.388056e+00
9.996662e-01 -9.381319e-04 2.581478e-02 -7.898032e+00 9.507483e-04 9.999994e-01 -4.762868e-04 3.821675e-02 -2.581429e-02 5.006704e-04 9.996666e-01 -3.709001e+00
9.996433e-01 1.298846e-03 -2.667375e-02 -7.909025e+00 -1.279835e-03 9.999989e-01 7.296010e-04 3.965542e-02 2.667470e-02 -6.952034e-04 9.996439e-01 -3.862417e+00
9.996579e-01 -8.256401e-04 2.613741e-02 -8.029941e+00 8.338727e-04 9.999996e-01 -3.039090e-04 4.877418e-02 -2.613712e-02 3.255996e-04 9.996583e-01 -4.297137e+00
9.996607e-01 1.465626e-03 -2.600259e-02 -8.264994e+00 -1.443811e-03 9.999986e-01 8.575364e-04 6.513835e-02 2.600384e-02 -8.197033e-04 9.996615e-01 -5.003992e+00
9.996600e-01 -8.917733e-04 2.605700e-02 -8.458073e+00 9.000414e-04 9.999995e-01 -3.054200e-04 7.879537e-02 -2.605668e-02 3.287678e-04 9.996604e-01 -5.607573e+00
9.996546e-01 1.323945e-03 -2.624484e-02 -8.486902e+00 -1.308353e-03 9.999990e-01 6.111041e-04 8.295068e-02 2.624565e-02 -5.765562e-04 9.996554e-01 -5.892152e+00
9.996577e-01 -9.477673e-04 2.614204e-02 -8.371583e+00 9.613552e-04 9.999994e-01 -5.070515e-04 7.888368e-02 -2.614151e-02 5.320090e-04 9.996581e-01 -5.925122e+00
9.996386e-01 1.243144e-03 -2.685164e-02 -8.237735e+00 -1.235970e-03 9.999992e-01 2.836113e-04 6.556731e-02 2.685200e-02 -2.503217e-04 9.996394e-01 -5.486053e+00
9.996705e-01 -9.550854e-04 2.564878e-02 -8.150358e+00 9.669654e-04 9.999994e-01 -4.506197e-04 5.284762e-02 -2.564830e-02 4.752720e-04 9.996709e-01 -4.997975e+00
9.996693e-01 1.296286e-03 -2.567880e-02 -8.121250e+00 -1.282224e-03 9.999990e-01 5.638886e-04 5.017904e-02 2.567954e-02 -5.307768e-04 9.996701e-01 -4.979944e+00
9.996750e-01 -9.477929e-04 2.547129e-02 -8.082056e+00 9.584226e-04 9.999995e-01 -4.049573e-04 4.791949e-02 -2.547086e-02 4.292373e-04 9.996755e-01 -5.002216e+00
9.996658e-01 1.303848e-03 -2.581481e-02 -7.997458e+00 -1.289881e-03 9.999990e-01 5.575405e-04 4.543639e-02 2.581555e-02 -5.240567e-04 9.996666e-01 -5.077346e+00
9.996762e-01 -9.125134e-04 2.542575e-02 -7.924435e+00 9.201467e-04 9.999995e-01 -2.883678e-04 4.614030e-02 -2.542544e-02 3.116692e-04 9.996767e-01 -5.316817e+00
9.996705e-01 1.452103e-03 -2.562335e-02 -8.032664e+00 -1.433336e-03 9.999987e-01 7.506090e-04 5.639487e-02 2.562443e-02 -7.136355e-04 9.996714e-01 -5.837563e+00
9.996811e-01 -1.063004e-03 2.522593e-02 -8.014626e+00 1.074913e-03 9.999993e-01 -4.583976e-04 5.792124e-02 -2.522540e-02 4.853664e-04 9.996817e-01 -6.034892e+00
9.996487e-01 1.337306e-03 -2.646793e-02 -7.967437e+00 -1.322499e-03 9.999990e-01 5.767770e-04 5.352575e-02 2.646870e-02 -5.415712e-04 9.996495e-01 -5.937875e+00
9.996555e-01 -8.430161e-04 2.622912e-02 -8.124704e+00 8.471077e-04 9.999996e-01 -1.447374e-04 6.449493e-02 -2.622896e-02 1.669058e-04 9.996559e-01 -6.427069e+00
9.996811e-01 1.536550e-03 -2.520382e-02 -8.450355e+00 -1.516262e-03 9.999985e-01 8.239127e-04 8.630310e-02 2.520508e-02 -7.854350e-04 9.996820e-01 -7.329805e+00
9.996571e-01 -8.439002e-04 2.616867e-02 -8.782447e+00 8.465211e-04 9.999996e-01 -8.893481e-05 1.086353e-01 -2.616856e-02 1.110560e-04 9.996575e-01 -8.256376e+00
9.996665e-01 1.437605e-03 -2.578172e-02 -9.061161e+00 -1.420067e-03 9.999987e-01 6.983970e-04 1.266294e-01 2.578273e-02 -6.615528e-04 9.996673e-01 -9.001860e+00
9.996615e-01 -8.899069e-04 2.599673e-02 -9.325864e+00 8.928966e-04 9.999996e-01 -1.032599e-04 1.434071e-01 -2.599660e-02 1.264367e-04 9.996620e-01 -9.694849e+00
9.996724e-01 1.504649e-03 -2.554771e-02 -9.618422e+00 -1.486795e-03 9.999986e-01 7.177306e-04 1.620445e-01 2.554879e-02 -6.795118e-04 9.996733e-01 -1.046001e+01
9.996639e-01 -9.389475e-04 2.590210e-02 -9.941913e+00 9.413051e-04 9.999996e-01 -7.869639e-05 1.816990e-01 -2.590199e-02 1.030511e-04 9.996645e-01 -1.124654e+01
9.996658e-01 1.477724e-03 -2.580522e-02 -1.017720e+01 -1.462257e-03 9.999987e-01 6.180867e-04 1.960480e-01 2.580613e-02 -5.801468e-04 9.996668e-01 -1.183792e+01
9.996679e-01 -1.050292e-03 2.574511e-02 -1.029740e+01 1.057048e-03 9.999994e-01 -2.486817e-04 2.039310e-01 -2.574480e-02 2.758124e-04 9.996685e-01 -1.219638e+01
9.996946e-01 1.637292e-03 -2.465267e-02 -1.052650e+01 -1.619344e-03 9.999984e-01 7.478441e-04 2.190444e-01 2.465388e-02 -7.076951e-04 9.996958e-01 -1.282641e+01
9.996490e-01 -1.163039e-03 2.646426e-02 -1.069146e+01 1.171364e-03 9.999993e-01 -2.989739e-04 2.303951e-01 -2.646387e-02 3.298677e-04 9.996497e-01 -1.330605e+01
9.996717e-01 1.661869e-03 -2.556284e-02 -1.088399e+01 -1.643397e-03 9.999984e-01 7.434535e-04 2.427958e-01 2.556407e-02 -7.012001e-04 9.996729e-01 -1.382332e+01
9.996555e-01 -1.067815e-03 2.622136e-02 -1.116015e+01 1.071910e-03 9.999994e-01 -1.419770e-04 2.603361e-01 -2.622116e-02 1.700345e-04 9.996561e-01 -1.454405e+01
9.996609e-01 1.588514e-03 -2.598769e-02 -1.139917e+01 -1.572512e-03 9.999986e-01 6.360324e-04 2.745999e-01 2.598870e-02 -5.949513e-04 9.996621e-01 -1.512368e+01
9.996383e-01 -1.069063e-03 2.686855e-02 -1.164274e+01 1.072587e-03 9.999994e-01 -1.166418e-04 2.891312e-01 -2.686838e-02 1.454180e-04 9.996390e-01 -1.570795e+01
9.996417e-01 1.509957e-03 -2.672069e-02 -1.181902e+01 -1.496660e-03 9.999987e-01 5.175251e-04 2.993760e-01 2.672146e-02 -4.773484e-04 9.996428e-01 -1.613007e+01
9.996352e-01 -1.008376e-03 2.698447e-02 -1.210565e+01 1.008083e-03 9.999995e-01 2.458835e-05 3.159049e-01 -2.698445e-02 2.622686e-06 9.996359e-01 -1.677678e+01
9.996418e-01 1.589486e-03 -2.671188e-02 -1.243914e+01 -1.573441e-03 9.999986e-01 6.215975e-04 3.354840e-01 2.671286e-02 -5.793458e-04 9.996430e-01 -1.754997e+01
9.996516e-01 -1.142075e-03 2.636641e-02 -1.262139e+01 1.147259e-03 9.999993e-01 -1.813764e-04 3.459985e-01 -2.636615e-02 2.115618e-04 9.996523e-01 -1.798600e+01
9.996430e-01 1.618370e-03 -2.666498e-02 -1.283572e+01 -1.601447e-03 9.999985e-01 6.558788e-04 3.584428e-01 2.666603e-02 -6.129425e-04 9.996442e-01 -1.849458e+01
9.996368e-01 -1.076391e-03 2.692570e-02 -1.311132e+01 1.079084e-03 9.999994e-01 -8.539654e-05 3.749411e-01 -2.692556e-02 1.144202e-04 9.996374e-01 -1.915754e+01
9.996457e-01 1.616883e-03 -2.656343e-02 -1.340078e+01 -1.600769e-03 9.999985e-01 6.278121e-04 3.917113e-01 2.656444e-02 -5.850682e-04 9.996469e-01 -1.981687e+01
9.996471e-01 -1.116453e-03 2.653702e-02 -1.367248e+01 1.118731e-03 9.999994e-01 -7.093675e-05 4.073632e-01 -2.653689e-02 1.005991e-04 9.996478e-01 -2.043907e+01
9.996455e-01 1.648870e-03 -2.656829e-02 -1.397597e+01 -1.632542e-03 9.999985e-01 6.361345e-04 4.248535e-01 2.656933e-02 -5.925356e-04 9.996468e-01 -2.112680e+01
9.996445e-01 -1.115299e-03 2.663699e-02 -1.429316e+01 1.115699e-03 9.999994e-01 -7.839578e-08 4.429441e-01 -2.663694e-02 2.979679e-05 9.996452e-01 -2.183613e+01
9.996032e-01 1.450500e-03 -2.812652e-02 -1.445863e+01 -1.439839e-03 9.999989e-01 3.992159e-04 4.502823e-01 2.812710e-02 -3.585602e-04 9.996043e-01 -2.211878e+01
9.996411e-01 -1.146400e-03 2.676223e-02 -1.457078e+01 1.149674e-03 9.999993e-01 -1.068435e-04 4.545166e-01 -2.676206e-02 1.375725e-04 9.996418e-01 -2.228086e+01
9.996317e-01 1.555995e-03 -2.708787e-02 -1.471028e+01 -1.543798e-03 9.999987e-01 4.710940e-04 4.625914e-01 2.708860e-02 -4.291026e-04 9.996329e-01 -2.262763e+01
9.996385e-01 -1.106174e-03 2.685978e-02 -1.485253e+01 1.107824e-03 9.999994e-01 -4.645950e-05 4.717627e-01 -2.685968e-02 7.619821e-05 9.996392e-01 -2.303782e+01
9.996290e-01 1.531456e-03 -2.719220e-02 -1.498398e+01 -1.520932e-03 9.999988e-01 4.076192e-04 4.791975e-01 2.719282e-02 -3.661108e-04 9.996301e-01 -2.336124e+01
9.996381e-01 -1.181205e-03 2.687318e-02 -1.506908e+01 1.185644e-03 9.999993e-01 -1.491866e-04 4.829815e-01 -2.687296e-02 1.809943e-04 9.996388e-01 -2.353649e+01
9.996399e-01 1.679533e-03 -2.677713e-02 -1.532326e+01 -1.663141e-03 9.999984e-01 6.343470e-04 4.972246e-01 2.677818e-02 -5.895848e-04 9.996412e-01 -2.409393e+01
9.996337e-01 -1.169245e-03 2.703541e-02 -1.560841e+01 1.171719e-03 9.999993e-01 -7.561969e-05 5.135296e-01 -2.703528e-02 1.072695e-04 9.996345e-01 -2.473377e+01
9.996442e-01 1.713482e-03 -2.661360e-02 -1.583795e+01 -1.699189e-03 9.999984e-01 5.595958e-04 5.277967e-01 2.661455e-02 -5.141755e-04 9.996456e-01 -2.532275e+01
9.996237e-01 -1.125371e-03 2.740594e-02 -1.609706e+01 1.125905e-03 9.999994e-01 -3.991152e-06 5.444522e-01 -2.740589e-02 3.484578e-05 9.996244e-01 -2.601000e+01
9.996450e-01 1.735861e-03 -2.658282e-02 -1.641616e+01 -1.720921e-03 9.999983e-01 5.847985e-04 5.639282e-01 2.658383e-02 -5.388443e-04 9.996464e-01 -2.678446e+01
9.996296e-01 -1.129964e-03 2.718802e-02 -1.676039e+01 1.127891e-03 9.999994e-01 9.165760e-05 5.844155e-01 -2.718807e-02 -6.095887e-05 9.996303e-01 -2.759527e+01
9.996491e-01 1.701939e-03 -2.643231e-02 -1.706222e+01 -1.689665e-03 9.999985e-01 4.866409e-04 6.027931e-01 2.643313e-02 -4.418087e-04 9.996505e-01 -2.832750e+01
9.996260e-01 -1.087453e-03 2.732302e-02 -1.739529e+01 1.082526e-03 9.999994e-01 1.951712e-04 6.238400e-01 -2.732319e-02 -1.655206e-04 9.996266e-01 -2.917740e+01
9.996468e-01 1.703700e-03 -2.651692e-02 -1.772302e+01 -1.691871e-03 9.999985e-01 4.684481e-04 6.443133e-01 2.651770e-02 -4.234197e-04 9.996483e-01 -3.000160e+01
9.996178e-01 -1.096192e-03 2.762119e-02 -1.801466e+01 1.092415e-03 9.999994e-01 1.518842e-04 6.635711e-01 -2.762131e-02 -1.216527e-04 9.996184e-01 -3.079460e+01
9.996479e-01 1.791273e-03 -2.646933e-02 -1.832415e+01 -1.778936e-03 9.999983e-01 4.895787e-04 6.843290e-01 2.647020e-02 -4.423193e-04 9.996495e-01 -3.165417e+01
9.996312e-01 -1.224714e-03 2.712370e-02 -1.854898e+01 1.222840e-03 9.999992e-01 8.573100e-05 6.992633e-01 -2.712376e-02 -5.253172e-05 9.996321e-01 -3.228827e+01
9.996279e-01 1.609872e-03 -2.722457e-02 -1.865267e+01 -1.603334e-03 9.999987e-01 2.619574e-04 7.057933e-01 2.722498e-02 -2.182101e-04 9.996293e-01 -3.258852e+01
9.996228e-01 -1.105972e-03 2.743664e-02 -1.883635e+01 1.100579e-03 9.999994e-01 2.117100e-04 7.177846e-01 -2.743683e-02 -1.814342e-04 9.996235e-01 -3.310670e+01
9.996221e-01 1.628456e-03 -2.743677e-02 -1.906591e+01 -1.621286e-03 9.999986e-01 2.835389e-04 7.315053e-01 2.743722e-02 -2.389491e-04 9.996235e-01 -3.366762e+01
9.996396e-01 -1.243836e-03 2.681252e-02 -1.923447e+01 1.241300e-03 9.999992e-01 1.112956e-04 7.402076e-01 -2.681261e-02 -7.797332e-05 9.996405e-01 -3.401483e+01
9.996249e-01 1.530113e-03 -2.734032e-02 -1.924916e+01 -1.530591e-03 9.999988e-01 3.416464e-06 7.379603e-01 2.734032e-02 3.843150e-05 9.996262e-01 -3.394652e+01
9.996319e-01 -1.221416e-03 2.710100e-02 -1.932490e+01 1.214901e-03 9.999992e-01 2.569123e-04 7.407339e-01 -2.710126e-02 -2.238929e-04 9.996327e-01 -3.406890e+01
9.996298e-01 1.510507e-03 -2.716381e-02 -1.934994e+01 -1.513979e-03 9.999988e-01 -1.073046e-04 7.399850e-01 2.716365e-02 1.483901e-04 9.996310e-01 -3.406441e+01
9.996292e-01 -1.212516e-03 2.719778e-02 -1.938298e+01 1.203243e-03 9.999992e-01 3.573578e-04 7.413143e-01 -2.719816e-02 -3.245000e-04 9.996300e-01 -3.416673e+01
9.996345e-01 1.610895e-03 -2.698228e-02 -1.949438e+01 -1.611988e-03 9.999987e-01 -1.879299e-05 7.487649e-01 2.698225e-02 6.228111e-05 9.996359e-01 -3.451241e+01
9.996291e-01 -1.123453e-03 2.720850e-02 -1.963211e+01 1.110682e-03 9.999993e-01 4.845304e-04 7.591346e-01 -2.720899e-02 -4.541309e-04 9.996297e-01 -3.499407e+01
9.996233e-01 1.538036e-03 -2.739766e-02 -1.972921e+01 -1.541697e-03 9.999988e-01 -1.125276e-04 7.663053e-01 2.739749e-02 1.547240e-04 9.996246e-01 -3.534509e+01
9.996011e-01 -1.038333e-03 2.822061e-02 -1.990604e+01 1.022477e-03 9.999993e-01 5.763136e-04 7.786201e-01 -2.822115e-02 -5.472290e-04 9.996016e-01 -3.587843e+01
9.996408e-01 1.574996e-03 -2.675211e-02 -2.009836e+01 -1.577352e-03 9.999988e-01 -6.698348e-05 7.922372e-01 2.675200e-02 1.091568e-04 9.996421e-01 -3.646245e+01
9.996216e-01 -1.216413e-03 2.747770e-02 -2.017370e+01 1.205521e-03 9.999992e-01 4.129963e-04 7.972965e-01 -2.747815e-02 -3.797152e-04 9.996223e-01 -3.671720e+01
9.996182e-01 1.566466e-03 -2.758159e-02 -2.025439e+01 -1.569691e-03 9.999988e-01 -9.530795e-05 8.018518e-01 2.758143e-02 1.385661e-04 9.996195e-01 -3.693631e+01
9.996037e-01 -1.180181e-03 2.812379e-02 -2.037597e+01 1.168117e-03 9.999992e-01 4.454075e-04 8.098982e-01 -2.812427e-02 -4.123792e-04 9.996043e-01 -3.729433e+01
9.996522e-01 1.941406e-03 -2.629717e-02 -2.077314e+01 -1.934030e-03 9.999981e-01 3.058859e-04 8.360206e-01 2.629774e-02 -2.549201e-04 9.996541e-01 -3.834769e+01
9.995773e-01 -1.053093e-03 2.905171e-02 -2.132439e+01 1.034218e-03 9.999992e-01 6.647310e-04 8.719255e-01 -2.905236e-02 -6.344044e-04 9.995777e-01 -3.976735e+01
9.997271e-01 2.245093e-03 -2.324874e-02 -2.198834e+01 -2.236188e-03 9.999974e-01 4.089876e-04 9.159652e-01 2.324963e-02 -3.568875e-04 9.997296e-01 -4.148698e+01
9.995402e-01 -1.289600e-03 3.029056e-02 -2.252268e+01 1.275883e-03 9.999991e-01 4.721710e-04 9.520680e-01 -3.029111e-02 -4.333068e-04 9.995410e-01 -4.287822e+01
9.997086e-01 2.311281e-03 -2.402257e-02 -2.310648e+01 -2.301864e-03 9.999973e-01 4.196434e-04 9.908358e-01 2.402351e-02 -3.642245e-04 9.997113e-01 -4.437232e+01
9.995613e-01 -1.286052e-03 2.958674e-02 -2.371200e+01 1.268641e-03 9.999990e-01 6.072465e-04 1.031064e+00 -2.958747e-02 -5.694452e-04 9.995620e-01 -4.594149e+01
9.996847e-01 2.367477e-03 -2.499493e-02 -2.438068e+01 -2.356454e-03 9.999971e-01 4.704402e-04 1.075037e+00 2.499600e-02 -4.113925e-04 9.996875e-01 -4.766008e+01
9.994638e-01 -1.137435e-03 3.272078e-02 -2.519081e+01 1.112448e-03 9.999991e-01 7.818379e-04 1.127988e+00 -3.272162e-02 -7.450186e-04 9.994642e-01 -4.968276e+01
9.996235e-01 2.199564e-03 -2.734731e-02 -2.580186e+01 -2.192972e-03 9.999976e-01 2.710606e-04 1.168737e+00 2.734787e-02 -2.109866e-04 9.996260e-01 -5.128003e+01
9.995366e-01 -1.291785e-03 3.040996e-02 -2.630748e+01 1.271425e-03 9.999990e-01 6.888178e-04 1.202651e+00 -3.041080e-02 -6.498346e-04 9.995373e-01 -5.263954e+01
9.996372e-01 2.276859e-03 -2.683437e-02 -2.686719e+01 -2.270010e-03 9.999974e-01 2.856989e-04 1.239936e+00 2.683497e-02 -2.246810e-04 9.996399e-01 -5.411914e+01
9.995443e-01 -1.385200e-03 3.014930e-02 -2.738037e+01 1.365052e-03 9.999988e-01 6.888303e-04 1.273875e+00 -3.015020e-02 -6.473611e-04 9.995452e-01 -5.546752e+01
9.995812e-01 2.091541e-03 -2.885976e-02 -2.772128e+01 -2.090878e-03 9.999978e-01 5.320333e-05 1.296728e+00 2.885983e-02 7.161260e-06 9.995835e-01 -5.640868e+01
9.995575e-01 -1.494052e-03 2.970322e-02 -2.795029e+01 1.478795e-03 9.999988e-01 5.355817e-04 1.312818e+00 -2.970396e-02 -4.914198e-04 9.995586e-01 -5.709938e+01
9.996019e-01 2.120863e-03 -2.813222e-02 -2.822458e+01 -2.120481e-03 9.999978e-01 4.345352e-05 1.330947e+00 2.813227e-02 1.621772e-05 9.996042e-01 -5.784128e+01
9.995595e-01 -1.478317e-03 2.963864e-02 -2.855626e+01 1.460851e-03 9.999987e-01 6.108986e-04 1.352136e+00 -2.963948e-02 -5.673318e-04 9.995605e-01 -5.869118e+01
9.996126e-01 2.184103e-03 -2.774327e-02 -2.890533e+01 -2.182960e-03 9.999976e-01 7.154397e-05 1.375035e+00 2.774339e-02 -1.095369e-05 9.996151e-01 -5.961403e+01
9.995694e-01 -1.473684e-03 2.930435e-02 -2.926164e+01 1.455081e-03 9.999987e-01 6.560997e-04 1.398302e+00 -2.930526e-02 -6.131769e-04 9.995703e-01 -6.055761e+01
9.996062e-01 2.157346e-03 -2.797397e-02 -2.957605e+01 -2.158676e-03 9.999977e-01 -1.731060e-05 1.419178e+00 2.797389e-02 7.769068e-05 9.996086e-01 -6.141309e+01
9.995713e-01 -1.497898e-03 2.923524e-02 -2.987897e+01 1.478636e-03 9.999987e-01 6.804346e-04 1.439444e+00 -2.923619e-02 -6.369146e-04 9.995723e-01 -6.224973e+01
9.996192e-01 2.255258e-03 -2.749678e-02 -3.025328e+01 -2.254658e-03 9.999975e-01 5.289162e-05 1.464581e+00 2.749685e-02 9.124500e-06 9.996219e-01 -6.327529e+01
9.995533e-01 -1.423091e-03 2.984868e-02 -3.073002e+01 1.398193e-03 9.999987e-01 8.549532e-04 1.495870e+00 -2.984983e-02 -8.128370e-04 9.995541e-01 -6.452562e+01
9.996199e-01 2.232646e-03 -2.747522e-02 -3.120065e+01 -2.233456e-03 9.999975e-01 1.253788e-06 1.526526e+00 2.747517e-02 6.011155e-05 9.996225e-01 -6.574455e+01
9.995569e-01 -1.357481e-03 2.973015e-02 -3.173130e+01 1.328489e-03 9.999986e-01 9.948546e-04 1.560849e+00 -2.973144e-02 -9.549176e-04 9.995575e-01 -6.710973e+01
9.996450e-01 2.229011e-03 -2.654694e-02 -3.218301e+01 -2.235178e-03 9.999975e-01 -2.025682e-04 1.590961e+00 2.654644e-02 2.618336e-04 9.996475e-01 -6.830771e+01
9.995562e-01 -1.298171e-03 2.975910e-02 -3.272208e+01 1.262646e-03 9.999985e-01 1.212451e-03 1.627343e+00 -2.976061e-02 -1.174338e-03 9.995564e-01 -6.976470e+01
9.996171e-01 2.211656e-03 -2.757810e-02 -3.324970e+01 -2.219031e-03 9.999975e-01 -2.367446e-04 1.662269e+00 2.757753e-02 2.978509e-04 9.996196e-01 -7.116801e+01
9.995417e-01 -1.289488e-03 3.024114e-02 -3.378818e+01 1.252326e-03 9.999984e-01 1.247698e-03 1.698055e+00 -3.024268e-02 -1.209254e-03 9.995419e-01 -7.260262e+01
9.996222e-01 2.306632e-03 -2.738490e-02 -3.435865e+01 -2.312394e-03 9.999973e-01 -1.786622e-04 1.736299e+00 2.738444e-02 2.419196e-04 9.996249e-01 -7.413877e+01
9.995345e-01 -1.307759e-03 3.047848e-02 -3.496337e+01 1.269837e-03 9.999984e-01 1.263489e-03 1.776541e+00 -3.048006e-02 -1.224198e-03 9.995346e-01 -7.574210e+01
9.995991e-01 2.240904e-03 -2.822236e-02 -3.549997e+01 -2.248901e-03 9.999974e-01 -2.515640e-04 1.812309e+00 2.822174e-02 3.149326e-04 9.996016e-01 -7.718274e+01
9.995353e-01 -1.315472e-03 3.045139e-02 -3.602544e+01 1.276027e-03 9.999983e-01 1.314661e-03 1.847903e+00 -3.045305e-02 -1.275193e-03 9.995354e-01 -7.862766e+01
9.995579e-01 1.830409e-03 -2.967310e-02 -3.614789e+01 -1.854541e-03 9.999980e-01 -7.856510e-04 1.859012e+00 2.967163e-02 8.403340e-04 9.995593e-01 -7.916853e+01
9.995728e-01 -1.596959e-03 2.917917e-02 -3.602663e+01 1.577877e-03 9.999985e-01 6.768779e-04 1.848651e+00 -2.918019e-02 -6.305474e-04 9.995740e-01 -7.885423e+01
9.995660e-01 1.853115e-03 -2.939845e-02 -3.589570e+01 -1.876352e-03 9.999979e-01 -7.627626e-04 1.839301e+00 2.939700e-02 8.175937e-04 9.995675e-01 -7.861393e+01
9.995360e-01 -1.581645e-03 3.041623e-02 -3.574548e+01 1.561367e-03 9.999985e-01 6.903528e-04 1.831468e+00 -3.041725e-02 -6.425413e-04 9.995371e-01 -7.848471e+01
9.995738e-01 1.857210e-03 -2.913006e-02 -3.566210e+01 -1.873514e-03 9.999981e-01 -5.323223e-04 1.829719e+00 2.912903e-02 5.866713e-04 9.995755e-01 -7.858086e+01
9.995543e-01 -1.304690e-03 2.982047e-02 -3.584144e+01 1.273986e-03 9.999986e-01 1.048511e-03 1.844073e+00 -2.982177e-02 -1.010053e-03 9.995547e-01 -7.923912e+01
9.995982e-01 2.023717e-03 -2.826938e-02 -3.607189e+01 -2.035604e-03 9.999979e-01 -3.916243e-04 1.863123e+00 2.826855e-02 4.490125e-04 9.996003e-01 -8.009781e+01
9.995589e-01 -1.422950e-03 2.966086e-02 -3.626425e+01 1.393926e-03 9.999985e-01 9.990714e-04 1.879387e+00 -2.966222e-02 -9.572855e-04 9.995595e-01 -8.084238e+01
9.996181e-01 2.387374e-03 -2.752826e-02 -3.673519e+01 -2.390106e-03 9.999971e-01 -6.621086e-05 1.912900e+00 2.752804e-02 1.319813e-04 9.996210e-01 -8.223071e+01
9.995685e-01 -1.462677e-03 2.933255e-02 -3.719454e+01 1.429905e-03 9.999983e-01 1.138093e-03 1.945587e+00 -2.933415e-02 -1.095659e-03 9.995691e-01 -8.359312e+01
9.995618e-01 2.023811e-03 -2.952837e-02 -3.741691e+01 -2.038964e-03 9.999978e-01 -4.829657e-04 1.961798e+00 2.952735e-02 5.429617e-04 9.995638e-01 -8.430698e+01
9.995533e-01 -1.380194e-03 2.985094e-02 -3.766450e+01 1.345625e-03 9.999984e-01 1.178019e-03 1.980261e+00 -2.985250e-02 -1.137325e-03 9.995537e-01 -8.511596e+01
9.995681e-01 1.964332e-03 -2.931872e-02 -3.778115e+01 -1.984670e-03 9.999978e-01 -6.644995e-04 1.993599e+00 2.931737e-02 7.224009e-04 9.995699e-01 -8.580292e+01
9.995515e-01 -1.274691e-03 2.991545e-02 -3.807157e+01 1.233835e-03 9.999983e-01 1.384007e-03 2.014410e+00 -2.991715e-02 -1.346476e-03 9.995515e-01 -8.669546e+01
9.995436e-01 1.862676e-03 -3.014898e-02 -3.839554e+01 -1.882951e-03 9.999980e-01 -6.439784e-04 2.035355e+00 3.014774e-02 7.004539e-04 9.995452e-01 -8.755759e+01
9.995168e-01 -1.276874e-03 3.105242e-02 -3.865702e+01 1.237437e-03 9.999984e-01 1.289111e-03 2.053328e+00 -3.105399e-02 -1.250062e-03 9.995169e-01 -8.831720e+01
