9.977242e-01 4.272610e-04 -6.742540e-02 -8.500963e-01 -2.118844e-04 9.999949e-01 3.201413e-03 1.029888e-02 6.742641e-02 -3.179840e-03 9.977191e-01 5.332539e-01
9.999512e-01 -2.354698e-04 9.871430e-03 -1.560707e+00 2.394967e-04 9.999999e-01 -4.067515e-04 1.640921e-02 -9.871346e-03 4.090969e-04 9.999511e-01 1.083764e+00
9.982184e-01 -4.852951e-04 -5.966391e-02 -2.027388e+00 6.537102e-04 9.999959e-01 2.803242e-03 3.790271e-03 5.966229e-02 -2.837249e-03 9.982145e-01 2.195636e+00
9.995790e-01 3.261589e-04 2.901298e-02 -2.412925e+00 -2.834461e-04 9.999989e-01 -1.476288e-03 -7.066568e-04 -2.901345e-02 1.467445e-03 9.995778e-01 2.830198e+00
9.989974e-01 -7.450882e-04 -4.476163e-02 -2.736444e+00 8.358451e-04 9.999976e-01 2.008876e-03 -5.158423e-03 4.476000e-02 -2.044274e-03 9.989956e-01 3.382300e+00
9.993308e-01 1.324309e-04 3.657688e-02 -2.882802e+00 -6.420671e-05 9.999983e-01 -1.866389e-03 -1.733594e-02 -3.657709e-02 1.862794e-03 9.993290e-01 4.077119e+00
9.982778e-01 -6.605753e-04 -5.866067e-02 -3.164728e+00 8.329955e-04 9.999954e-01 2.914874e-03 -2.786269e-02 5.865845e-02 -2.958717e-03 9.982736e-01 4.882196e+00
9.990253e-01 7.868189e-05 4.414199e-02 -3.395115e+00 2.743688e-05 9.999971e-01 -2.403414e-03 -3.660743e-02 -4.414207e-02 2.402285e-03 9.990223e-01 5.540110e+00
9.985320e-01 -9.587840e-04 -5.415707e-02 -3.566442e+00 1.113461e-03 9.999954e-01 2.825971e-03 -4.990329e-02 5.415408e-02 -2.882122e-03 9.985283e-01 6.323889e+00
9.990513e-01 9.570400e-05 4.354911e-02 -3.742331e+00 1.663916e-05 9.999967e-01 -2.579311e-03 -6.530672e-02 -4.354924e-02 2.577590e-03 9.990479e-01 7.175402e+00
9.982867e-01 -9.374887e-04 -5.850374e-02 -3.917466e+00 1.129803e-03 9.999941e-01 3.254212e-03 -7.942905e-02 5.850031e-02 -3.314733e-03 9.982818e-01 7.958815e+00
9.994088e-01 -1.542984e-04 3.438068e-02 -4.157165e+00 2.278850e-04 9.999977e-01 -2.136428e-03 -9.785603e-02 -3.438031e-02 2.143002e-03 9.994064e-01 8.983524e+00
9.990320e-01 -6.927056e-04 -4.398350e-02 -4.307680e+00 8.010183e-04 9.999967e-01 2.444992e-03 -1.111982e-01 4.398163e-02 -2.477855e-03 9.990292e-01 9.729245e+00
9.983790e-01 1.941495e-04 5.691455e-02 -4.344975e+00 -4.166662e-05 9.999964e-01 -2.680321e-03 -1.127487e-01 -5.691489e-02 2.673607e-03 9.983754e-01 9.914728e+00
9.981874e-01 -3.112494e-04 -6.018104e-02 -4.396025e+00 5.030814e-04 9.999948e-01 3.172453e-03 -1.092935e-01 6.017971e-02 -3.196976e-03 9.981823e-01 9.898118e+00
9.995434e-01 3.664263e-04 3.021505e-02 -4.458479e+00 -3.171114e-04 9.999986e-01 -1.636889e-03 -1.075559e-01 -3.021565e-02 1.626562e-03 9.995420e-01 9.943172e+00
9.981435e-01 -2.418553e-04 -6.090563e-02 -4.552183e+00 4.306373e-04 9.999951e-01 3.086469e-03 -1.049385e-01 6.090455e-02 -3.106965e-03 9.981387e-01 9.995848e+00
9.991947e-01 3.115310e-04 4.012369e-02 -4.616835e+00 -2.294406e-04 9.999979e-01 -2.050509e-03 -1.014477e-01 -4.012429e-02 2.039654e-03 9.991925e-01 9.975983e+00
9.964962e-01 -1.080315e-05 -8.363757e-02 -4.664207e+00 3.649213e-04 9.999910e-01 4.218669e-03 -9.922031e-02 8.363674e-02 -4.234406e-03 9.964872e-01 9.995340e+00
9.990154e-01 3.197870e-04 4.436316e-02 -4.716744e+00 -2.178433e-04 9.999973e-01 -2.302734e-03 -9.651854e-02 -4.436382e-02 2.290806e-03 9.990127e-01 1.000728e+01
9.973122e-01 -9.788647e-05 -7.326849e-02 -4.788784e+00 3.689831e-04 9.999931e-01 3.686509e-03 -9.281831e-02 7.326758e-02 -3.703632e-03 9.973053e-01 9.995536e+00
9.968474e-01 1.314202e-05 7.934262e-02 -4.869547e+00 2.794495e-04 9.999932e-01 -3.676579e-03 -8.804945e-02 -7.934218e-02 3.687163e-03 9.968405e-01 9.958009e+00
9.953017e-01 2.450544e-04 -9.682163e-02 -4.961041e+00 1.979001e-04 9.999896e-01 4.565318e-03 -8.490135e-02 9.682169e-02 -4.563027e-03 9.952912e-01 9.980390e+00
9.976236e-01 4.950013e-05 6.889929e-02 -5.039604e+00 1.704436e-04 9.999949e-01 -3.186350e-03 -8.259703e-02 -6.889915e-02 3.190525e-03 9.976184e-01 1.002288e+01
9.951811e-01 1.958488e-04 -9.805358e-02 -5.131299e+00 2.597715e-04 9.999892e-01 4.633851e-03 -8.012975e-02 9.805337e-02 -4.636990e-03 9.951703e-01 1.007957e+01
9.969729e-01 1.726943e-05 7.774962e-02 -5.230839e+00 2.653651e-04 9.999934e-01 -3.624839e-03 -7.638508e-02 -7.774923e-02 3.634501e-03 9.969662e-01 1.009383e+01
9.936515e-01 3.346321e-04 -1.125013e-01 -5.284712e+00 2.770017e-04 9.999853e-01 5.420998e-03 -7.602599e-02 1.125014e-01 -5.417743e-03 9.936367e-01 1.017845e+01
9.964929e-01 1.429532e-04 8.367653e-02 -5.336857e+00 1.911393e-04 9.999920e-01 -3.984624e-03 -7.454223e-02 -8.367650e-02 3.986647e-03 9.964849e-01 1.021758e+01
9.929585e-01 3.202637e-04 -1.184620e-01 -5.273622e+00 3.777096e-04 9.999827e-01 5.869452e-03 -7.783179e-02 1.184618e-01 -5.872863e-03 9.929412e-01 1.029755e+01
9.967830e-01 1.265502e-04 8.014683e-02 -5.261803e+00 1.853928e-04 9.999924e-01 -3.884668e-03 -7.897336e-02 -8.014679e-02 3.887033e-03 9.967754e-01 1.036384e+01
9.932050e-01 3.095418e-04 -1.163770e-01 -5.253830e+00 3.675952e-04 9.999831e-01 5.796956e-03 -7.999109e-02 1.163768e-01 -5.800342e-03 9.931881e-01 1.042643e+01
9.960489e-01 3.273079e-04 8.880598e-02 -5.250427e+00 6.621133e-05 9.999902e-01 -4.428218e-03 -7.865612e-02 -8.880663e-02 4.416606e-03 9.960390e-01 1.040826e+01
9.939019e-01 2.775357e-04 -1.102677e-01 -5.193407e+00 3.337522e-04 9.999847e-01 5.525161e-03 -7.896934e-02 1.102675e-01 -5.528265e-03 9.938865e-01 1.038315e+01
9.964145e-01 2.499467e-04 8.460541e-02 -5.224747e+00 1.105746e-04 9.999909e-01 -4.256468e-03 -7.785279e-02 -8.460578e-02 4.250566e-03 9.964054e-01 1.040908e+01
9.959476e-01 -4.831067e-05 -8.993500e-02 -5.303197e+00 4.596216e-04 9.999895e-01 4.552702e-03 -7.583098e-02 8.993376e-02 -4.575584e-03 9.959372e-01 1.045553e+01
9.958399e-01 6.680756e-05 9.112038e-02 -5.382222e+00 3.479294e-04 9.999897e-01 -4.535610e-03 -7.593192e-02 -9.111981e-02 4.548449e-03 9.958295e-01 1.059072e+01
9.951454e-01 1.723366e-04 -9.841530e-02 -5.443643e+00 3.120205e-04 9.999879e-01 4.906134e-03 -7.681214e-02 9.841488e-02 -4.913020e-03 9.951333e-01 1.071471e+01
9.956193e-01 -6.972463e-05 9.349910e-02 -5.362236e+00 4.984547e-04 9.999895e-01 -4.562020e-03 -8.352047e-02 -9.349787e-02 4.588645e-03 9.956088e-01 1.088861e+01
9.954466e-01 2.483771e-04 -9.532037e-02 -5.311372e+00 2.012531e-04 9.999889e-01 4.707381e-03 -8.879458e-02 9.532041e-02 -4.705126e-03 9.954354e-01 1.105096e+01
9.958359e-01 -3.401968e-05 9.116352e-02 -5.265642e+00 4.335757e-04 9.999904e-01 -4.363022e-03 -9.087241e-02 -9.116257e-02 4.384385e-03 9.958263e-01 1.109825e+01
9.945821e-01 3.304306e-05 -1.039535e-01 -5.427651e+00 4.859421e-04 9.999875e-01 4.967128e-03 -9.478388e-02 1.039523e-01 -4.990728e-03 9.945697e-01 1.147227e+01
9.949591e-01 -1.542997e-04 1.002809e-01 -5.467907e+00 6.608694e-04 9.999872e-01 -5.018279e-03 -1.061728e-01 -1.002790e-01 5.059259e-03 9.949464e-01 1.196957e+01
9.946707e-01 1.318260e-03 -1.030943e-01 -5.127221e+00 -7.442153e-04 9.999840e-01 5.606395e-03 -9.878740e-02 1.031000e-01 -5.499788e-03 9.946557e-01 1.121626e+01
9.948284e-01 6.831524e-05 1.015698e-01 -4.401366e+00 4.172315e-04 9.999886e-01 -4.759147e-03 -8.789970e-02 -1.015690e-01 4.776917e-03 9.948169e-01 9.750327e+00
9.942516e-01 7.827705e-04 -1.070661e-01 -3.811493e+00 -1.953249e-04 9.999849e-01 5.497118e-03 -9.578265e-02 1.070687e-01 -5.444601e-03 9.942366e-01 9.302001e+00
9.936460e-01 -1.487715e-04 1.125503e-01 -3.637432e+00 7.644893e-04 9.999850e-01 -5.427436e-03 -8.710291e-02 -1.125479e-01 5.478999e-03 9.936311e-01 8.659780e+00
9.928133e-01 7.074421e-04 -1.196710e-01 -3.506886e+00 1.543357e-06 9.999825e-01 5.924243e-03 -9.309358e-02 1.196730e-01 -5.881847e-03 9.927958e-01 8.753732e+00
9.940334e-01 -2.699484e-04 1.090758e-01 -3.398505e+00 8.521845e-04 9.999856e-01 -5.291296e-03 -1.006572e-01 -1.090729e-01 5.352682e-03 9.940193e-01 8.927586e+00
9.935106e-01 5.998916e-04 -1.137375e-01 -3.486615e+00 3.464211e-05 9.999844e-01 5.576855e-03 -1.007601e-01 1.137390e-01 -5.544600e-03 9.934951e-01 9.058390e+00
9.944316e-01 -1.793721e-04 1.053838e-01 -3.509015e+00 7.187013e-04 9.999868e-01 -5.079779e-03 -1.009117e-01 -1.053816e-01 5.127237e-03 9.944186e-01 9.111919e+00
9.934831e-01 6.222633e-04 -1.139775e-01 -3.497530e+00 1.900079e-05 9.999842e-01 5.625046e-03 -1.025408e-01 1.139791e-01 -5.590549e-03 9.934673e-01 9.179919e+00
9.929218e-01 3.723048e-04 1.187691e-01 -3.449176e+00 3.031645e-04 9.999839e-01 -5.669105e-03 -9.008099e-02 -1.187694e-01 5.664989e-03 9.929056e-01 8.560708e+00
9.939844e-01 7.456533e-04 -1.095195e-01 -3.379556e+00 -1.447118e-04 9.999849e-01 5.494904e-03 -7.025853e-02 1.095218e-01 -5.445995e-03 9.939694e-01 7.540955e+00
9.939855e-01 4.040107e-04 1.095108e-01 -3.230839e+00 1.750377e-04 9.999861e-01 -5.277900e-03 -5.653673e-02 -1.095115e-01 5.265330e-03 9.939715e-01 6.716018e+00
9.930439e-01 9.088098e-04 -1.177412e-01 -2.745290e+00 -2.017190e-04 9.999819e-01 6.017227e-03 -5.119356e-02 1.177445e-01 -5.951615e-03 9.930260e-01 5.875159e+00
9.933295e-01 3.394121e-04 1.153099e-01 -2.076930e+00 2.704846e-04 9.999861e-01 -5.273483e-03 -4.673784e-02 -1.153102e-01 5.269500e-03 9.933155e-01 4.832986e+00
9.929554e-01 6.333620e-04 -1.184870e-01 -1.746887e+00 4.157259e-05 9.999838e-01 5.693702e-03 -4.327256e-02 1.184886e-01 -5.658513e-03 9.929392e-01 4.257600e+00
9.939997e-01 -7.805207e-05 1.093825e-01 -1.749376e+00 6.440638e-04 9.999866e-01 -5.139259e-03 -4.309111e-02 -1.093808e-01 5.178876e-03 9.939864e-01 4.270757e+00
9.937576e-01 4.233854e-04 -1.115598e-01 -1.852358e+00 1.690361e-04 9.999859e-01 5.300818e-03 -4.052867e-02 1.115604e-01 -5.286581e-03 9.937435e-01 4.322107e+00
9.929095e-01 6.139472e-06 1.188722e-01 -1.943357e+00 6.594959e-04 9.999843e-01 -5.560223e-03 -3.440431e-02 -1.188705e-01 5.599199e-03 9.928939e-01 4.216872e+00
9.943362e-01 7.272529e-04 -1.062778e-01 -1.943573e+00 -1.658012e-04 9.999860e-01 5.291590e-03 -2.082735e-02 1.062801e-01 -5.243994e-03 9.943223e-01 3.614597e+00
9.926254e-01 7.011184e-05 1.212218e-01 -1.866189e+00 6.085175e-04 9.999844e-01 -5.561194e-03 -2.105165e-03 -1.212203e-01 5.593953e-03 9.926098e-01 2.634507e+00
9.932884e-01 1.190732e-03 -1.156577e-01 -1.752998e+00 -5.537275e-04 9.999845e-01 5.539630e-03 1.836059e-02 1.156624e-01 -5.438403e-03 9.932736e-01 1.528984e+00
9.916646e-01 -7.827446e-04 1.288439e-01 -1.697693e+00 1.527954e-03 9.999827e-01 -5.685051e-03 2.459631e-02 -1.288373e-01 5.834536e-03 9.916485e-01 1.197876e+00
9.927318e-01 1.347542e-03 -1.203398e-01 -1.461062e+00 -6.500064e-04 9.999828e-01 5.835433e-03 2.079543e-02 1.203455e-01 -5.714793e-03 9.927155e-01 1.113628e+00
9.909835e-01 -9.310115e-04 1.339807e-01 -1.322447e+00 1.735333e-03 9.999812e-01 -5.886591e-03 2.201637e-02 -1.339728e-01 6.066020e-03 9.909664e-01 9.257257e-01
9.927089e-01 1.626936e-03 -1.205251e-01 -1.303407e+00 -9.353484e-04 9.999828e-01 5.794456e-03 3.129292e-02 1.205324e-01 -5.639470e-03 9.926933e-01 5.233837e-01
9.929932e-01 -8.453355e-04 1.181685e-01 -1.305069e+00 1.496562e-03 9.999842e-01 -5.422347e-03 3.827334e-02 -1.181622e-01 5.561205e-03 9.929787e-01 2.374156e-01
9.943655e-01 1.433692e-03 -1.059960e-01 -1.337375e+00 -8.833876e-04 9.999859e-01 5.238501e-03 5.061371e-02 1.060019e-01 -5.115345e-03 9.943527e-01 -2.714905e-01
9.928154e-01 -6.515102e-04 1.196538e-01 -1.451312e+00 1.326327e-03 9.999837e-01 -5.560173e-03 7.000764e-02 -1.196483e-01 5.678930e-03 9.928000e-01 -1.012664e+00
9.935177e-01 1.361010e-03 -1.136691e-01 -1.492930e+00 -7.430680e-04 9.999847e-01 5.478504e-03 8.128203e-02 1.136747e-01 -5.358522e-03 9.935035e-01 -1.476399e+00
9.937961e-01 -1.060473e-03 1.112124e-01 -1.609271e+00 1.657862e-03 9.999847e-01 -5.279245e-03 8.169759e-02 -1.112052e-01 5.430873e-03 9.937825e-01 -1.333751e+00
9.935289e-01 1.159776e-03 -1.135734e-01 -1.740920e+00 -5.462081e-04 9.999851e-01 5.433349e-03 8.082681e-02 1.135779e-01 -5.336149e-03 9.935147e-01 -1.114893e+00
9.934812e-01 -1.073969e-03 1.139912e-01 -1.839057e+00 1.703805e-03 9.999838e-01 -5.427999e-03 7.882007e-02 -1.139836e-01 5.586838e-03 9.934668e-01 -8.803187e-01
9.937907e-01 1.195997e-03 -1.112594e-01 -1.909762e+00 -5.917796e-04 9.999849e-01 5.463552e-03 7.685307e-02 1.112642e-01 -5.363781e-03 9.937763e-01 -6.755578e-01
9.930869e-01 -9.295036e-04 1.173775e-01 -1.884427e+00 1.584254e-03 9.999837e-01 -5.484954e-03 7.472137e-02 -1.173706e-01 5.632996e-03 9.930721e-01 -5.774172e-01
9.933363e-01 1.129757e-03 -1.152463e-01 -1.917660e+00 -4.801975e-04 9.999838e-01 5.663868e-03 7.359780e-02 1.152508e-01 -5.570780e-03 9.933207e-01 -4.519193e-01
9.933561e-01 -9.618128e-04 1.150770e-01 -2.033008e+00 1.622517e-03 9.999827e-01 -5.647854e-03 7.362997e-02 -1.150696e-01 5.797049e-03 9.933404e-01 -2.800613e-01
9.932196e-01 1.257194e-03 -1.162467e-01 -2.137161e+00 -5.870449e-04 9.999830e-01 5.798933e-03 7.349327e-02 1.162520e-01 -5.691366e-03 9.932034e-01 -1.272179e-01
9.928478e-01 -9.319780e-04 1.193832e-01 -2.223983e+00 1.637988e-03 9.999817e-01 -5.815801e-03 7.506986e-02 -1.193757e-01 5.969758e-03 9.928311e-01 -5.273038e-02
9.930937e-01 1.347047e-03 -1.173163e-01 -2.174715e+00 -6.561218e-04 9.999822e-01 5.927828e-03 7.149130e-02 1.173221e-01 -5.809910e-03 9.930768e-01 5.862218e-02
9.931368e-01 -9.459751e-04 1.169543e-01 -2.107594e+00 1.632881e-03 9.999820e-01 -5.777588e-03 6.586298e-02 -1.169468e-01 5.928913e-03 9.931204e-01 2.132123e-01
9.930286e-01 1.392354e-03 -1.178653e-01 -2.052207e+00 -6.913159e-04 9.999818e-01 5.988453e-03 6.081769e-02 1.178714e-01 -5.865218e-03 9.930115e-01 3.580134e-01
9.934001e-01 -7.757153e-04 1.146982e-01 -1.867698e+00 1.426446e-03 9.999834e-01 -5.591423e-03 5.434729e-02 -1.146921e-01 5.718136e-03 9.933846e-01 4.056611e-01
9.932956e-01 1.266654e-03 -1.155952e-01 -1.719494e+00 -5.931523e-04 9.999827e-01 5.860573e-03 4.800795e-02 1.156006e-01 -5.752711e-03 9.932790e-01 4.857068e-01
9.934151e-01 -1.064990e-03 1.145656e-01 -1.786934e+00 1.726367e-03 9.999824e-01 -5.673827e-03 4.506851e-02 -1.145576e-01 5.834253e-03 9.933994e-01 7.042461e-01
9.934617e-01 1.283645e-03 -1.141585e-01 -1.845223e+00 -6.243430e-04 9.999829e-01 5.810872e-03 4.286794e-02 1.141639e-01 -5.701600e-03 9.934455e-01 8.906486e-01
9.937965e-01 -1.053803e-03 1.112087e-01 -1.912597e+00 1.684289e-03 9.999830e-01 -5.575575e-03 3.991086e-02 -1.112011e-01 5.728299e-03 9.937813e-01 1.096679e+00
9.936596e-01 1.250298e-03 -1.124234e-01 -2.033738e+00 -6.092018e-04 9.999834e-01 5.736669e-03 4.065386e-02 1.124286e-01 -5.631802e-03 9.936438e-01 1.243150e+00
9.936523e-01 -9.689573e-04 1.124908e-01 -2.140179e+00 1.615375e-03 9.999827e-01 -5.655370e-03 4.215657e-02 -1.124835e-01 5.801192e-03 9.936366e-01 1.341647e+00
9.933470e-01 1.329244e-03 -1.151521e-01 -2.251919e+00 -6.491967e-04 9.999821e-01 5.942929e-03 4.365571e-02 1.151579e-01 -5.828629e-03 9.933300e-01 1.443029e+00
9.943622e-01 -9.662574e-04 1.060324e-01 -2.363939e+00 1.545385e-03 9.999843e-01 -5.379744e-03 4.446379e-02 -1.060256e-01 5.513280e-03 9.943480e-01 1.566010e+00
9.931923e-01 1.489607e-03 -1.164765e-01 -2.327132e+00 -7.855476e-04 9.999811e-01 6.090301e-03 4.181265e-02 1.164833e-01 -5.957337e-03 9.931747e-01 1.644381e+00
9.941230e-01 -1.000106e-03 1.082519e-01 -2.339035e+00 1.604052e-03 9.999836e-01 -5.492120e-03 4.083956e-02 -1.082447e-01 5.633490e-03 9.941082e-01 1.711221e+00
9.925509e-01 1.553916e-03 -1.218206e-01 -2.416583e+00 -7.903238e-04 9.999797e-01 6.316221e-03 4.186515e-02 1.218279e-01 -6.172888e-03 9.925320e-01 1.789586e+00
9.937046e-01 -8.474224e-04 1.120287e-01 -2.311762e+00 1.484013e-03 9.999832e-01 -5.599095e-03 3.928901e-02 -1.120221e-01 5.730104e-03 9.936891e-01 1.784918e+00
9.920876e-01 1.507633e-03 -1.255384e-01 -2.277772e+00 -6.976122e-04 9.999787e-01 6.496069e-03 3.848879e-02 1.255455e-01 -6.357087e-03 9.920674e-01 1.798847e+00
9.942754e-01 -9.380799e-04 1.068438e-01 -2.377182e+00 1.530095e-03 9.999839e-01 -5.459075e-03 3.995101e-02 -1.068370e-01 5.591311e-03 9.942607e-01 1.890104e+00
9.922203e-01 1.497123e-03 -1.244852e-01 -2.473200e+00 -6.967243e-04 9.999788e-01 6.472938e-03 4.160410e-02 1.244922e-01 -6.335844e-03 9.922003e-01 1.972107e+00
9.933098e-01 -8.904271e-04 1.154767e-01 -2.546674e+00 1.582299e-03 9.999813e-01 -5.899880e-03 4.257254e-02 -1.154694e-01 6.043133e-03 9.932926e-01 2.042919e+00
9.930262e-01 1.360936e-03 -1.178862e-01 -2.588948e+00 -6.338247e-04 9.999805e-01 6.205159e-03 4.177353e-02 1.178923e-01 -6.087161e-03 9.930076e-01 2.145518e+00
9.940009e-01 -1.031845e-03 1.093672e-01 -2.721093e+00 1.664525e-03 9.999824e-01 -5.693745e-03 4.035759e-02 -1.093595e-01 5.841637e-03 9.939850e-01 2.370059e+00
9.929609e-01 1.373925e-03 -1.184341e-01 -2.859277e+00 -6.366276e-04 9.999802e-01 6.262965e-03 3.969892e-02 1.184403e-01 -6.143475e-03 9.929421e-01 2.577875e+00
9.931570e-01 -9.467815e-04 1.167831e-01 -2.833329e+00 1.669544e-03 9.999801e-01 -6.091231e-03 3.452617e-02 -1.167751e-01 6.244529e-03 9.931387e-01 2.768913e+00
9.924393e-01 1.344697e-03 -1.227292e-01 -2.816975e+00 -5.482159e-04 9.999786e-01 6.523262e-03 2.463688e-02 1.227353e-01 -6.406654e-03 9.924187e-01 3.151046e+00
9.933285e-01 -8.749086e-04 1.153153e-01 -2.985772e+00 1.606322e-03 9.999792e-01 -6.249920e-03 2.133266e-02 -1.153075e-01 6.393463e-03 9.933092e-01 3.471602e+00
9.931536e-01 1.294370e-03 -1.168084e-01 -2.966495e+00 -5.477140e-04 9.999792e-01 6.424001e-03 1.535772e-02 1.168142e-01 -6.316036e-03 9.931336e-01 3.692905e+00
9.931972e-01 -7.611204e-04 1.164414e-01 -2.865771e+00 1.502789e-03 9.999791e-01 -6.281767e-03 8.893070e-03 -1.164343e-01 6.414026e-03 9.931776e-01 3.835285e+00
9.929503e-01 1.226205e-03 -1.185246e-01 -2.810329e+00 -4.571185e-04 9.999787e-01 6.515782e-03 1.685397e-03 1.185300e-01 -6.415663e-03 9.929297e-01 4.054651e+00
9.931362e-01 -8.380799e-04 1.169603e-01 -2.781210e+00 1.594209e-03 9.999784e-01 -6.371400e-03 -5.676511e-03 -1.169525e-01 6.514133e-03 9.931161e-01 4.318244e+00
9.931522e-01 1.157720e-03 -1.168221e-01 -2.844941e+00 -4.137060e-04 9.999795e-01 6.392804e-03 -9.554664e-03 1.168270e-01 -6.300691e-03 9.931322e-01 4.571628e+00
9.932541e-01 -7.809024e-04 1.159549e-01 -2.919364e+00 1.528689e-03 9.999786e-01 -6.360120e-03 -1.214852e-02 -1.159475e-01 6.494481e-03 9.932340e-01 4.779428e+00
9.932654e-01 1.132391e-03 -1.158558e-01 -2.966005e+00 -3.912316e-04 9.999793e-01 6.419772e-03 -1.585985e-02 1.158606e-01 -6.331205e-03 9.932452e-01 5.002323e+00
9.931535e-01 -8.169459e-04 1.168132e-01 -3.048171e+00 1.580788e-03 9.999780e-01 -6.446475e-03 -1.738719e-02 -1.168055e-01 6.587003e-03 9.931329e-01 5.194285e+00
9.932581e-01 1.072204e-03 -1.159189e-01 -3.138957e+00 -3.231614e-04 9.999789e-01 6.480362e-03 -1.909254e-02 1.159233e-01 -6.399205e-03 9.932375e-01 5.407070e+00
9.929735e-01 -8.651592e-04 1.183333e-01 -3.232859e+00 1.645188e-03 9.999776e-01 -6.494239e-03 -1.996551e-02 -1.183251e-01 6.643293e-03 9.929526e-01 5.601979e+00
9.932936e-01 1.122472e-03 -1.156137e-01 -3.336700e+00 -3.674842e-04 9.999785e-01 6.551354e-03 -1.849842e-02 1.156184e-01 -6.464926e-03 9.932726e-01 5.716055e+00
9.929364e-01 -9.058935e-04 1.186439e-01 -3.440883e+00 1.694891e-03 9.999771e-01 -6.549363e-03 -1.732921e-02 -1.186354e-01 6.704195e-03 9.929152e-01 5.846360e+00
9.931019e-01 1.177675e-03 -1.172483e-01 -3.539983e+00 -4.043051e-04 9.999780e-01 6.619543e-03 -1.774882e-02 1.172534e-01 -6.526471e-03 9.930805e-01 6.022700e+00
9.927891e-01 -9.535794e-04 1.198702e-01 -3.627499e+00 1.760381e-03 9.999765e-01 -6.624884e-03 -1.886092e-02 -1.198611e-01 6.788135e-03 9.927674e-01 6.218312e+00
9.932631e-01 1.132544e-03 -1.158756e-01 -3.702248e+00 -3.629277e-04 9.999777e-01 6.662608e-03 -2.098533e-02 1.158805e-01 -6.575662e-03 9.932413e-01 6.449929e+00
9.928947e-01 -9.211286e-04 1.189921e-01 -3.778497e+00 1.727904e-03 9.999762e-01 -6.677048e-03 -2.331555e-02 -1.189832e-01 6.835219e-03 9.928727e-01 6.684140e+00
9.933481e-01 1.157234e-03 -1.151439e-01 -3.866473e+00 -3.861860e-04 9.999774e-01 6.718448e-03 -2.358252e-02 1.151490e-01 -6.629285e-03 9.933260e-01 6.851846e+00
9.929549e-01 -9.326684e-04 1.184889e-01 -3.955090e+00 1.742032e-03 9.999759e-01 -6.727292e-03 -2.394714e-02 -1.184798e-01 6.886315e-03 9.929325e-01 7.023811e+00
9.927866e-01 1.280196e-03 -1.198881e-01 -4.052345e+00 -4.615758e-04 9.999764e-01 6.855704e-03 -2.666748e-02 1.198939e-01 -6.750908e-03 9.927637e-01 7.269652e+00
9.928421e-01 -8.591750e-04 1.194313e-01 -4.130762e+00 1.685541e-03 9.999753e-01 -6.818300e-03 -2.956252e-02 -1.194226e-01 6.970807e-03 9.928190e-01 7.500634e+00
9.928877e-01 1.251971e-03 -1.190482e-01 -4.233056e+00 -4.311835e-04 9.999760e-01 6.920067e-03 -2.940743e-02 1.190539e-01 -6.819511e-03 9.928643e-01 7.651212e+00
9.929952e-01 -8.794954e-04 1.181508e-01 -4.359081e+00 1.698303e-03 9.999752e-01 -6.829655e-03 -2.797292e-02 -1.181420e-01 6.982477e-03 9.929721e-01 7.780122e+00
9.928372e-01 1.283387e-03 -1.194684e-01 -4.483315e+00 -4.483889e-04 9.999753e-01 7.015877e-03 -2.658348e-02 1.194744e-01 -6.912049e-03 9.928131e-01 7.905432e+00
9.925788e-01 -9.299205e-04 1.215997e-01 -4.604026e+00 1.790290e-03 9.999741e-01 -6.966329e-03 -2.399134e-02 -1.215902e-01 7.132335e-03 9.925547e-01 7.992818e+00
9.928125e-01 1.338105e-03 -1.196722e-01 -4.719566e+00 -4.977617e-04 9.999750e-01 7.051639e-03 -2.077216e-02 1.196786e-01 -6.941381e-03 9.927883e-01 8.046967e+00
9.927094e-01 -8.508115e-04 1.205292e-01 -4.831168e+00 1.699327e-03 9.999745e-01 -6.937276e-03 -1.772162e-02 -1.205204e-01 7.091523e-03 9.926855e-01 8.093823e+00
9.906570e-01 1.639914e-03 -1.363673e-01 -4.928888e+00 -5.662268e-04 9.999685e-01 7.911890e-03 -1.560378e-02 1.363759e-01 -7.760749e-03 9.906267e-01 8.158071e+00
9.919480e-01 -8.965600e-04 1.266421e-01 -5.052918e+00 1.835355e-03 9.999717e-01 -7.296452e-03 -1.360175e-02 -1.266320e-01 7.470140e-03 9.919216e-01 8.260684e+00
9.923978e-01 1.379003e-03 -1.230638e-01 -5.155752e+00 -4.787652e-04 9.999729e-01 7.344461e-03 -1.119399e-02 1.230706e-01 -7.229702e-03 9.923715e-01 8.325846e+00
9.913797e-01 -9.809163e-04 1.310167e-01 -5.257512e+00 1.973088e-03 9.999704e-01 -7.443237e-03 -7.406782e-03 -1.310056e-01 7.637588e-03 9.913521e-01 8.355278e+00
9.913611e-01 1.549099e-03 -1.311514e-01 -5.380863e+00 -5.471885e-04 9.999704e-01 7.675015e-03 -4.616967e-03 1.311593e-01 -7.536941e-03 9.913326e-01 8.431234e+00
9.923632e-01 -9.659935e-04 1.233461e-01 -5.521365e+00 1.863266e-03 9.999726e-01 -7.159251e-03 -3.485631e-03 -1.233359e-01 7.334411e-03 9.923378e-01 8.581797e+00
9.920082e-01 1.424990e-03 -1.261653e-01 -5.658750e+00 -4.856387e-04 9.999719e-01 7.475829e-03 -2.151979e-03 1.261723e-01 -7.354807e-03 9.919810e-01 8.727017e+00
9.967737e-01 -8.276296e-04 8.025821e-02 -5.741259e+00 1.233315e-03 9.999867e-01 -5.005256e-03 -2.433269e-03 -8.025309e-02 5.088098e-03 9.967615e-01 8.866618e+00
9.948919e-01 1.246564e-03 -1.009381e-01 -5.810496e+00 -6.216538e-04 9.999804e-01 6.222208e-03 -3.267441e-04 1.009438e-01 -6.127670e-03 9.948732e-01 8.935006e+00
9.944643e-01 -1.123471e-03 1.050687e-01 -5.860386e+00 1.777430e-03 9.999796e-01 -6.130644e-03 -2.355071e-03 -1.050597e-01 6.283466e-03 9.944460e-01 9.131813e+00
9.936408e-01 1.429333e-03 -1.125871e-01 -5.971817e+00 -6.783946e-04 9.999773e-01 6.707850e-03 -2.863262e-03 1.125940e-01 -6.588808e-03 9.936192e-01 9.317358e+00
9.930167e-01 -1.252419e-03 1.179673e-01 -6.089899e+00 2.062070e-03 9.999751e-01 -6.741506e-03 1.982051e-06 -1.179561e-01 6.937691e-03 9.929945e-01 9.401386e+00
9.925593e-01 1.714378e-03 -1.217501e-01 -6.215415e+00 -8.486713e-04 9.999740e-01 7.161993e-03 1.672305e-03 1.217591e-01 -7.005370e-03 9.925349e-01 9.514238e+00
9.933399e-01 -1.266010e-03 1.152138e-01 -6.349144e+00 2.045472e-03 9.999758e-01 -6.647339e-03 4.098111e-03 -1.152027e-01 6.838740e-03 9.933184e-01 9.613098e+00
9.942806e-01 1.507188e-03 -1.067881e-01 -6.462435e+00 -8.055614e-04 9.999778e-01 6.613076e-03 8.225534e-03 1.067956e-01 -6.489223e-03 9.942597e-01 9.650274e+00
9.942673e-01 -1.434776e-03 1.069135e-01 -6.579356e+00 2.136748e-03 9.999769e-01 -6.451490e-03 6.789820e-03 -1.069018e-01 6.642959e-03 9.942473e-01 9.900085e+00
9.937609e-01 1.696572e-03 -1.115180e-01 -6.698136e+00 -9.395216e-04 9.999762e-01 6.840767e-03 3.951769e-03 1.115269e-01 -6.693307e-03 9.937388e-01 1.017718e+01
9.940319e-01 -1.400221e-03 1.090804e-01 -6.830505e+00 2.128343e-03 9.999762e-01 -6.558916e-03 5.298504e-03 -1.090687e-01 6.751939e-03 9.940112e-01 1.031829e+01
9.936691e-01 1.766368e-03 -1.123328e-01 -6.955339e+00 -9.903584e-04 9.999753e-01 6.963531e-03 7.103807e-03 1.123422e-01 -6.808189e-03 9.936462e-01 1.042590e+01
9.952078e-01 -1.259451e-03 9.777418e-02 -7.066219e+00 1.864792e-03 9.999797e-01 -6.100027e-03 1.015538e-02 -9.776459e-02 6.253129e-03 9.951899e-01 1.047419e+01
9.952711e-01 1.374613e-03 -9.712635e-02 -7.183207e+00 -7.563911e-04 9.999792e-01 6.401624e-03 1.181127e-02 9.713305e-02 -6.297879e-03 9.952514e-01 1.060278e+01
9.960522e-01 -1.158407e-03 8.876157e-02 -7.302349e+00 1.680644e-03 9.999817e-01 -5.809028e-03 1.330799e-02 -8.875331e-02 5.935279e-03 9.960359e-01 1.072512e+01
9.960390e-01 1.250192e-03 -8.890890e-02 -7.415252e+00 -7.153641e-04 9.999815e-01 6.047029e-03 1.457635e-02 8.891473e-02 -5.959468e-03 9.960213e-01 1.085334e+01
9.954580e-01 -1.312388e-03 9.519198e-02 -7.480071e+00 1.904703e-03 9.999794e-01 -6.131680e-03 1.286625e-02 -9.518205e-02 6.285150e-03 9.954400e-01 1.105962e+01
9.957779e-01 1.376579e-03 -9.178419e-02 -7.512434e+00 -7.981015e-04 9.999796e-01 6.338949e-03 9.265377e-03 9.179095e-02 -6.238926e-03 9.957587e-01 1.129832e+01
9.941742e-01 -1.413846e-03 1.077759e-01 -7.546864e+00 2.134509e-03 9.999761e-01 -6.571567e-03 9.954813e-03 -1.077641e-01 6.763337e-03 9.941534e-01 1.139688e+01
9.950373e-01 1.463126e-03 -9.949182e-02 -7.604025e+00 -8.148328e-04 9.999782e-01 6.556333e-03 8.879219e-03 9.949915e-02 -6.442720e-03 9.950167e-01 1.158517e+01
9.952625e-01 -1.304556e-03 9.721486e-02 -7.664390e+00 1.933934e-03 9.999778e-01 -6.380102e-03 3.616574e-03 -9.720446e-02 6.537891e-03 9.952429e-01 1.187578e+01
9.952644e-01 1.467175e-03 -9.719334e-02 -7.772430e+00 -8.340684e-04 9.999782e-01 6.554158e-03 3.775838e-03 9.720074e-02 -6.442048e-03 9.952439e-01 1.203322e+01
9.955331e-01 -1.266202e-03 9.440425e-02 -7.898181e+00 1.870729e-03 9.999783e-01 -6.315316e-03 4.303914e-03 -9.439430e-02 6.463718e-03 9.955138e-01 1.218660e+01
9.944924e-01 1.584529e-03 -1.047964e-01 -8.029858e+00 -8.552009e-04 9.999751e-01 7.004018e-03 4.818674e-03 1.048048e-01 -6.875813e-03 9.944690e-01 1.234499e+01
9.951628e-01 -1.321172e-03 9.822989e-02 -8.145136e+00 1.963982e-03 9.999773e-01 -6.447480e-03 4.950244e-03 -9.821923e-02 6.609221e-03 9.951428e-01 1.252445e+01
9.947087e-01 1.512863e-03 -1.027241e-01 -8.282124e+00 -8.162006e-04 9.999764e-01 6.823545e-03 4.737735e-03 1.027319e-01 -6.703589e-03 9.946864e-01 1.272510e+01
9.945875e-01 -1.375762e-03 1.038932e-01 -8.402770e+00 2.083318e-03 9.999754e-01 -6.702163e-03 5.667466e-03 -1.038815e-01 6.882337e-03 9.945658e-01 1.288266e+01
9.938894e-01 1.763189e-03 -1.103662e-01 -8.536708e+00 -9.736701e-04 9.999736e-01 7.207086e-03 6.342918e-03 1.103759e-01 -7.055579e-03 9.938648e-01 1.303844e+01
9.951644e-01 -1.292248e-03 9.821456e-02 -8.658028e+00 1.938677e-03 9.999771e-01 -6.486611e-03 7.231360e-03 -9.820401e-02 6.645658e-03 9.951440e-01 1.317210e+01
9.937426e-01 1.826116e-03 -1.116790e-01 -8.766688e+00 -1.014039e-03 9.999726e-01 7.327864e-03 9.061147e-03 1.116892e-01 -7.168757e-03 9.937173e-01 1.325782e+01
9.956088e-01 -1.355549e-03 9.360185e-02 -8.851841e+00 1.953242e-03 9.999783e-01 -6.294099e-03 7.891204e-03 -9.359138e-02 6.449295e-03 9.955897e-01 1.342717e+01
9.927621e-01 1.828009e-03 -1.200830e-01 -8.953528e+00 -8.974284e-04 9.999692e-01 7.803068e-03 6.119584e-03 1.200935e-01 -7.638817e-03 9.927331e-01 1.363934e+01
9.945612e-01 -1.290943e-03 1.041452e-01 -9.070774e+00 2.020841e-03 9.999741e-01 -6.903194e-03 5.121960e-03 -1.041337e-01 7.076117e-03 9.945381e-01 1.384001e+01
9.927800e-01 1.793843e-03 -1.199356e-01 -9.187066e+00 -8.530089e-04 9.999685e-01 7.895338e-03 4.187780e-03 1.199459e-01 -7.736021e-03 9.927502e-01 1.403987e+01
9.945825e-01 -1.272205e-03 1.039424e-01 -9.316493e+00 2.012099e-03 9.999734e-01 -7.013699e-03 2.789112e-03 -1.039308e-01 7.184852e-03 9.945585e-01 1.427357e+01
9.927330e-01 2.038761e-03 -1.203206e-01 -9.348430e+00 -1.076977e-03 9.999670e-01 8.057963e-03 3.067203e-03 1.203330e-01 -7.869816e-03 9.927023e-01 1.433293e+01
9.926798e-01 -1.341696e-03 1.207685e-01 -9.379343e+00 2.296023e-03 9.999672e-01 -7.763262e-03 4.457707e-03 -1.207542e-01 7.983728e-03 9.926503e-01 1.434629e+01
9.937756e-01 1.773734e-03 -1.113865e-01 -9.388549e+00 -9.175999e-04 9.999696e-01 7.736907e-03 2.539261e-03 1.113967e-01 -7.586534e-03 9.937470e-01 1.449791e+01
9.923793e-01 -1.413245e-03 1.232123e-01 -9.326138e+00 2.389254e-03 9.999669e-01 -7.773915e-03 -1.351460e-03 -1.231974e-01 8.009065e-03 9.923498e-01 1.465432e+01
9.933410e-01 1.710888e-03 -1.151981e-01 -9.398100e+00 -8.161282e-04 9.999691e-01 7.813817e-03 -1.198359e-03 1.152078e-01 -7.667761e-03 9.933117e-01 1.480873e+01
9.927040e-01 -1.551645e-03 1.205664e-01 -9.501020e+00 2.508188e-03 9.999666e-01 -7.782351e-03 -1.520599e-03 -1.205503e-01 8.027982e-03 9.926747e-01 1.501576e+01
9.929395e-01 1.849557e-03 -1.186071e-01 -9.603086e+00 -9.104353e-04 9.999678e-01 7.971583e-03 -3.469743e-03 1.186179e-01 -7.807308e-03 9.929092e-01 1.527008e+01
9.937296e-01 -1.341761e-03 1.118012e-01 -9.694602e+00 2.197088e-03 9.999693e-01 -7.527522e-03 -6.779646e-03 -1.117878e-01 7.725966e-03 9.937020e-01 1.552680e+01
9.930073e-01 1.782772e-03 -1.180390e-01 -9.655714e+00 -8.315543e-04 9.999668e-01 8.107223e-03 -1.543036e-02 1.180495e-01 -7.952369e-03 9.929758e-01 1.584753e+01
9.928042e-01 -1.526153e-03 1.197392e-01 -9.734665e+00 2.491453e-03 9.999656e-01 -7.912354e-03 -1.968042e-02 -1.197231e-01 8.153750e-03 9.927738e-01 1.616453e+01
9.918232e-01 2.014115e-03 -1.276033e-01 -9.794206e+00 -9.298165e-04 9.999630e-01 8.556380e-03 -2.632077e-02 1.276157e-01 -8.367761e-03 9.917883e-01 1.652526e+01
9.928001e-01 -1.600084e-03 1.197720e-01 -9.814760e+00 2.556843e-03 9.999660e-01 -7.834875e-03 -3.359048e-02 -1.197554e-01 8.084710e-03 9.927704e-01 1.688622e+01
9.903412e-01 2.366996e-03 -1.386313e-01 -9.928343e+00 -1.121186e-03 9.999583e-01 9.063868e-03 -3.462413e-02 1.386469e-01 -8.820883e-03 9.903025e-01 1.708791e+01
9.927870e-01 -1.435451e-03 1.198824e-01 -9.893799e+00 2.403242e-03 9.999657e-01 -7.928589e-03 -4.007059e-02 -1.198670e-01 8.159515e-03 9.927564e-01 1.728154e+01
9.919279e-01 2.164331e-03 -1.267843e-01 -9.666713e+00 -1.079563e-03 9.999622e-01 8.624063e-03 -5.371639e-02 1.267981e-01 -8.417570e-03 9.918928e-01 1.756430e+01
9.937051e-01 -1.502570e-03 1.120170e-01 -9.637729e+00 2.377765e-03 9.999677e-01 -7.679809e-03 -6.106487e-02 -1.120019e-01 7.897823e-03 9.936765e-01 1.782624e+01
9.909078e-01 2.370536e-03 -1.345214e-01 -9.656880e+00 -1.161013e-03 9.999582e-01 9.069003e-03 -6.454215e-02 1.345372e-01 -8.830357e-03 9.908691e-01 1.799937e+01
9.934175e-01 -1.472883e-03 1.145401e-01 -9.702780e+00 2.393217e-03 9.999659e-01 -7.897884e-03 -6.748555e-02 -1.145246e-01 8.120023e-03 9.933872e-01 1.818968e+01
9.903668e-01 2.249288e-03 -1.384500e-01 -9.795519e+00 -9.566738e-04 9.999553e-01 9.402128e-03 -6.887998e-02 1.384649e-01 -9.179097e-03 9.903247e-01 1.837417e+01
9.945328e-01 -1.448545e-03 1.044142e-01 -9.896150e+00 2.242704e-03 9.999694e-01 -7.488772e-03 -6.900703e-02 -1.044003e-01 7.682008e-03 9.945056e-01 1.853359e+01
9.921282e-01 2.018157e-03 -1.252095e-01 -1.000519e+01 -9.259390e-04 9.999610e-01 8.780665e-03 -7.013277e-02 1.252222e-01 -8.595602e-03 9.920914e-01 1.873033e+01
9.948406e-01 -1.247373e-03 1.014421e-01 -9.994456e+00 2.007160e-03 9.999707e-01 -7.388054e-03 -7.428056e-02 -1.014301e-01 7.553555e-03 9.948139e-01 1.889332e+01
9.925620e-01 2.640168e-03 -1.217109e-01 -9.570985e+00 -1.567390e-03 9.999591e-01 8.909000e-03 -7.529188e-02 1.217293e-01 -8.651959e-03 9.925256e-01 1.842481e+01
9.932038e-01 -1.121957e-03 1.163824e-01 -8.923972e+00 2.060344e-03 9.999663e-01 -7.942901e-03 -7.661334e-02 -1.163697e-01 8.128715e-03 9.931727e-01 1.764578e+01
9.926831e-01 2.468753e-03 -1.207231e-01 -8.215088e+00 -1.419669e-03 9.999605e-01 8.775190e-03 -8.746817e-02 1.207399e-01 -8.539589e-03 9.926474e-01 1.719639e+01
9.936508e-01 -1.135528e-03 1.125024e-01 -7.437705e+00 2.013046e-03 9.999684e-01 -7.686640e-03 -9.925729e-02 -1.124902e-01 7.864316e-03 9.936217e-01 1.670123e+01
9.924318e-01 2.223960e-03 -1.227765e-01 -6.510299e+00 -1.147675e-03 9.999603e-01 8.836192e-03 -1.223807e-01 1.227911e-01 -8.628403e-03 9.923950e-01 1.652178e+01
9.931533e-01 -1.206205e-03 1.168119e-01 -5.614351e+00 2.144532e-03 9.999664e-01 -7.907376e-03 -1.462392e-01 -1.167986e-01 8.103751e-03 9.931225e-01 1.641427e+01
9.933030e-01 2.096336e-03 -1.155194e-01 -4.764249e+00 -1.124927e-03 9.999635e-01 8.473553e-03 -1.687463e-01 1.155328e-01 -8.286846e-03 9.932690e-01 1.633097e+01
9.935682e-01 -1.007593e-03 1.132300e-01 -4.007109e+00 1.891900e-03 9.999685e-01 -7.702578e-03 -1.805826e-01 -1.132188e-01 7.867265e-03 9.935389e-01 1.588192e+01
9.926838e-01 2.379718e-03 -1.207193e-01 -3.423948e+00 -1.347321e-03 9.999618e-01 8.632898e-03 -1.868225e-01 1.207351e-01 -8.407082e-03 9.926491e-01 1.539865e+01
9.934633e-01 -1.132188e-03 1.141461e-01 -2.781850e+00 2.024269e-03 9.999683e-01 -7.699582e-03 -1.974972e-01 -1.141339e-01 7.880322e-03 9.934341e-01 1.502467e+01
9.931002e-01 2.248557e-03 -1.172473e-01 -2.362944e+00 -1.283212e-03 9.999647e-01 8.308192e-03 -2.053860e-01 1.172617e-01 -8.100406e-03 9.930679e-01 1.480686e+01
9.933123e-01 -9.519003e-04 1.154546e-01 -2.003602e+00 1.853280e-03 9.999686e-01 -7.700060e-03 -2.036208e-01 -1.154437e-01 7.862542e-03 9.932829e-01 1.427274e+01
9.928220e-01 1.847961e-03 -1.195864e-01 -9.727299e-01 -8.442084e-04 9.999640e-01 8.443596e-03 -2.364371e-01 1.195976e-01 -8.282025e-03 9.927878e-01 1.434061e+01
9.934490e-01 -1.784235e-03 1.142619e-01 2.978110e-01 2.655406e-03 9.999686e-01 -7.472512e-03 -2.952365e-01 -1.142450e-01 7.726980e-03 9.934225e-01 1.519500e+01
9.931636e-01 2.459754e-03 -1.167044e-01 1.430485e+00 -1.486907e-03 9.999634e-01 8.422267e-03 -3.354255e-01 1.167208e-01 -8.191152e-03 9.931309e-01 1.550109e+01
9.961454e-01 -1.705705e-03 8.770052e-02 2.601541e+00 2.261096e-03 9.999780e-01 -6.233765e-03 -3.668627e-01 -8.768806e-02 6.408043e-03 9.961273e-01 1.539135e+01
9.937546e-01 2.037315e-03 -1.115683e-01 3.386739e+00 -1.142155e-03 9.999666e-01 8.086686e-03 -4.024467e-01 1.115809e-01 -7.908745e-03 9.937238e-01 1.588233e+01
9.982221e-01 -2.699500e-03 5.954247e-02 4.051787e+00 3.018747e-03 9.999815e-01 -5.272214e-03 -4.550112e-01 -5.952724e-02 5.442592e-03 9.982118e-01 1.717523e+01
9.906399e-01 2.238065e-03 -1.364826e-01 5.609920e+00 -8.996872e-04 9.999509e-01 9.867053e-03 -5.376227e-01 1.364978e-01 -9.651896e-03 9.905933e-01 1.860006e+01
9.991037e-01 -2.535048e-03 4.225269e-02 7.352140e+00 2.726860e-03 9.999862e-01 -4.482395e-03 -6.228620e-01 -4.224084e-02 4.593602e-03 9.990969e-01 1.991783e+01
9.905832e-01 2.241087e-03 -1.368930e-01 9.300293e+00 -8.724370e-04 9.999490e-01 1.005707e-02 -7.131825e-01 1.369085e-01 -9.842923e-03 9.905348e-01 2.117706e+01
9.983710e-01 -2.129090e-03 5.701528e-02 1.158911e+01 2.423912e-03 9.999840e-01 -5.102078e-03 -8.083798e-01 -5.700360e-02 5.231974e-03 9.983602e-01 2.224338e+01
9.862464e-01 2.227050e-03 -1.652666e-01 1.393720e+01 -2.992118e-04 9.999316e-01 1.168894e-02 -9.109451e-01 1.652812e-01 -1.147872e-02 9.861796e-01 2.352048e+01
9.983140e-01 -2.253753e-03 5.799899e-02 1.629656e+01 2.583854e-03 9.999809e-01 -5.616908e-03 -1.021696e+00 -5.798530e-02 5.757305e-03 9.983008e-01 2.509945e+01
9.886070e-01 2.220088e-03 -1.505032e-01 1.922709e+01 -4.791826e-04 9.999326e-01 1.160243e-02 -1.143215e+00 1.505187e-01 -1.139812e-02 9.885414e-01 2.644125e+01
9.972727e-01 -1.808537e-03 7.378184e-02 2.225891e+01 2.300956e-03 9.999756e-01 -6.589349e-03 -1.262104e+00 -7.376820e-02 6.741152e-03 9.972526e-01 2.754765e+01
9.870299e-01 1.852477e-03 -1.605256e-01 2.401405e+01 4.857626e-05 9.999299e-01 1.183786e-02 -1.346197e+00 1.605362e-01 -1.169211e-02 9.869607e-01 2.879037e+01
9.966947e-01 -2.006345e-03 8.121200e-02 2.549801e+01 2.612233e-03 9.999695e-01 -7.354840e-03 -1.428628e+00 -8.119483e-02 7.542680e-03 9.966697e-01 3.030883e+01
9.880027e-01 1.872654e-03 -1.544250e-01 2.679374e+01 -7.357632e-05 9.999321e-01 1.165497e-02 -1.501500e+00 1.544363e-01 -1.150378e-02 9.879358e-01 3.166022e+01
9.972131e-01 -1.915326e-03 7.457961e-02 2.810064e+01 2.467166e-03 9.999703e-01 -7.307719e-03 -1.577100e+00 -7.456344e-02 7.471358e-03 9.971883e-01 3.310960e+01
9.882898e-01 1.583820e-03 -1.525795e-01 2.960858e+01 2.463735e-04 9.999283e-01 1.197526e-02 -1.660008e+00 1.525875e-01 -1.187262e-02 9.882186e-01 3.461680e+01
9.966585e-01 -1.493441e-03 8.166631e-02 3.095977e+01 2.157978e-03 9.999653e-01 -8.049360e-03 -1.735073e+00 -8.165148e-02 8.198700e-03 9.966272e-01 3.600509e+01
9.867306e-01 1.537385e-03 -1.623583e-01 3.258325e+01 5.553857e-04 9.999174e-01 1.284356e-02 -1.818134e+00 1.623647e-01 -1.276330e-02 9.866483e-01 3.737300e+01
9.971963e-01 -1.224664e-03 7.481819e-02 3.400860e+01 1.833161e-03 9.999658e-01 -8.064646e-03 -1.894837e+00 -7.480577e-02 8.179191e-03 9.971646e-01 3.872879e+01
9.884703e-01 1.351352e-03 -1.514084e-01 3.610388e+01 5.737733e-04 9.999196e-01 1.267026e-02 -1.990630e+00 1.514134e-01 -1.261105e-02 9.883901e-01 4.004217e+01
9.980546e-01 -8.609234e-04 6.233848e-02 3.848857e+01 1.317167e-03 9.999726e-01 -7.277823e-03 -2.090342e+00 -6.233050e-02 7.345775e-03 9.980285e-01 4.115746e+01
9.859502e-01 1.022356e-03 -1.670356e-01 4.071805e+01 1.222051e-03 9.999104e-01 1.333326e-02 -2.190615e+00 1.670343e-01 -1.335006e-02 9.858607e-01 4.247568e+01
9.977678e-01 -5.687590e-04 6.677457e-02 4.328357e+01 1.069324e-03 9.999716e-01 -7.460587e-03 -2.302997e+00 -6.676841e-02 7.515335e-03 9.977402e-01 4.387788e+01
9.850259e-01 6.929719e-04 -1.724046e-01 4.626840e+01 1.702333e-03 9.999041e-01 1.374517e-02 -2.431790e+00 1.723976e-01 -1.383285e-02 9.849303e-01 4.542826e+01
9.966196e-01 -4.797078e-04 8.215179e-02 5.052104e+01 1.120482e-03 9.999693e-01 -7.753757e-03 -2.607580e+00 -8.214551e-02 7.819593e-03 9.965897e-01 4.732773e+01
9.854439e-01 5.882522e-04 -1.699996e-01 5.485406e+01 1.789842e-03 9.999027e-01 1.383513e-02 -2.783195e+00 1.699912e-01 -1.393802e-02 9.853470e-01 4.913620e+01
9.971032e-01 -2.971537e-04 7.605913e-02 5.911105e+01 8.766194e-04 9.999708e-01 -7.585143e-03 -2.956653e+00 -7.605460e-02 7.629840e-03 9.970745e-01 5.094806e+01
9.830291e-01 7.943678e-04 -1.834477e-01 6.347211e+01 1.934426e-03 9.998901e-01 1.469553e-02 -3.125614e+00 1.834393e-01 -1.480100e-02 9.829196e-01 5.247183e+01
9.971028e-01 -1.506383e-04 7.606509e-02 6.770923e+01 7.440251e-04 9.999695e-01 -7.772570e-03 -3.294600e+00 -7.606153e-02 7.806639e-03 9.970725e-01 5.415217e+01
9.831075e-01 1.892561e-04 -1.830286e-01 7.166728e+01 2.530216e-03 9.998899e-01 1.462445e-02 -3.460128e+00 1.830113e-01 -1.484052e-02 9.829988e-01 5.601728e+01
9.966692e-01 3.405811e-04 8.154885e-02 7.534391e+01 3.419742e-04 9.999650e-01 -8.355618e-03 -3.614848e+00 -8.154876e-02 8.355667e-03 9.966343e-01 5.777435e+01
9.836590e-01 4.465003e-04 -1.800406e-01 7.930686e+01 2.209172e-03 9.998917e-01 1.454955e-02 -3.765174e+00 1.800276e-01 -1.470954e-02 9.835515e-01 5.899998e+01
9.964405e-01 7.226929e-04 8.429532e-02 8.370541e+01 -4.853621e-05 9.999680e-01 -7.999191e-03 -3.914777e+00 -8.429831e-02 7.966618e-03 9.964087e-01 5.968820e+01
9.811525e-01 6.411237e-04 -1.932337e-01 8.770879e+01 2.342951e-03 9.998815e-01 1.521384e-02 -4.044267e+00 1.932206e-01 -1.537985e-02 9.810348e-01 6.006879e+01
9.981550e-01 9.786464e-04 6.070915e-02 9.143972e+01 -5.601611e-04 9.999760e-01 -6.909750e-03 -4.168925e+00 -6.071435e-02 6.862985e-03 9.981315e-01 6.057191e+01
9.832868e-01 -1.522408e-04 -1.820629e-01 9.541761e+01 2.837498e-03 9.998910e-01 1.448861e-02 -4.308438e+00 1.820410e-01 -1.476308e-02 9.831801e-01 6.135988e+01
9.969118e-01 1.435455e-03 7.851572e-02 9.977238e+01 -8.331880e-04 9.999700e-01 -7.702777e-03 -4.458010e+00 -7.852432e-02 7.613561e-03 9.968831e-01 6.209983e+01
9.859288e-01 -5.667720e-04 -1.671644e-01 1.043423e+02 2.908422e-03 9.999010e-01 1.376352e-02 -4.611381e+00 1.671401e-01 -1.405605e-02 9.858329e-01 6.273335e+01
