9.999904e-01 -1.168603e-04 -4.376132e-03 -2.975783e-02 1.193661e-04 9.999998e-01 5.723323e-04 -2.179729e-02 4.376064e-03 -5.728487e-04 9.999902e-01 9.600905e-01
9.999913e-01 1.258855e-04 -4.172402e-03 -5.095159e-02 -1.249493e-04 1.000000e+00 2.246267e-04 -4.530039e-02 4.172429e-03 -2.241028e-04 9.999912e-01 1.989021e+00
9.997081e-01 7.254354e-04 -2.414966e-02 -7.496181e-02 -6.930287e-04 9.999988e-01 1.350251e-03 -6.314603e-02 2.415061e-02 -1.333120e-03 9.997073e-01 2.756239e+00
9.998889e-01 6.533212e-04 -1.489442e-02 -1.138436e-01 -6.448159e-04 9.999996e-01 5.758313e-04 -7.609985e-02 1.489478e-02 -5.661622e-04 9.998888e-01 3.337320e+00
9.997036e-01 6.531679e-04 -2.433821e-02 -1.402800e-01 -6.186358e-04 9.999988e-01 1.426340e-03 -9.210689e-02 2.433910e-02 -1.410860e-03 9.997027e-01 4.026305e+00
9.999725e-01 4.420358e-04 -7.402253e-03 -1.633056e-01 -4.407646e-04 9.999999e-01 1.733528e-04 -1.060698e-01 7.402314e-03 -1.700841e-04 9.999725e-01 4.634763e+00
9.998860e-01 4.035280e-04 -1.509415e-02 -1.183610e-01 -3.891826e-04 9.999995e-01 9.533101e-04 -1.193891e-01 1.509451e-02 -9.473256e-04 9.998855e-01 5.097068e+00
9.999954e-01 1.397146e-04 -3.032936e-03 -8.747933e-02 -1.394126e-04 1.000000e+00 9.973609e-05 -1.381287e-01 3.032931e-03 -9.931131e-05 9.999953e-01 5.825404e+00
9.998522e-01 3.852925e-04 -1.719050e-02 -9.469307e-02 -3.654109e-04 9.999993e-01 1.159660e-03 -1.592644e-01 1.719092e-02 -1.153205e-03 9.998515e-01 6.705160e+00
9.999934e-01 2.070024e-04 -3.621814e-03 -1.167076e-01 -2.069806e-04 1.000000e+00 6.349817e-06 -1.761427e-01 3.621792e-03 -5.598411e-06 9.999933e-01 7.453833e+00
9.999910e-01 -4.170908e-04 4.210043e-03 -1.424663e-01 4.159721e-04 9.999999e-01 2.666526e-04 -1.964413e-01 -4.210177e-03 -2.648972e-04 9.999910e-01 8.347908e+00
9.999921e-01 1.954696e-04 -3.966657e-03 -1.655495e-01 -1.951768e-04 1.000000e+00 7.414499e-05 -2.187353e-01 3.966649e-03 -7.336842e-05 9.999920e-01 9.324780e+00
9.999966e-01 -3.959476e-04 2.595239e-03 -1.977866e-01 3.948460e-04 9.999998e-01 4.250674e-04 -2.426948e-01 -2.595430e-03 -4.240393e-04 9.999964e-01 1.038889e+01
9.999948e-01 1.282981e-04 -3.207246e-03 -2.335009e-01 -1.279736e-04 1.000000e+00 1.013102e-04 -2.697466e-01 3.207236e-03 -1.008974e-04 9.999948e-01 1.159457e+01
9.999947e-01 -2.795392e-04 3.247024e-03 -2.467748e-01 2.790314e-04 9.999999e-01 1.569252e-04 -2.884182e-01 -3.247090e-03 -1.560164e-04 9.999946e-01 1.239365e+01
9.999860e-01 -1.095795e-04 5.285428e-03 -2.287412e-01 1.116489e-04 9.999999e-01 -3.912014e-04 -3.027034e-01 -5.285407e-03 3.917879e-04 9.999859e-01 1.295074e+01
9.999726e-01 1.652174e-04 -7.399035e-03 -2.265949e-01 -1.606979e-04 9.999998e-01 6.113774e-04 -3.164033e-01 7.399112e-03 -6.101697e-04 9.999723e-01 1.349276e+01
9.999706e-01 5.987412e-04 -7.641770e-03 -3.240105e-01 -5.991996e-04 9.999998e-01 -5.773195e-05 -3.182936e-01 7.641710e-03 6.231116e-05 9.999707e-01 1.370489e+01
9.999226e-01 2.147557e-04 -1.243655e-02 -3.670768e-01 -2.031503e-04 9.999995e-01 9.344014e-04 -3.266553e-01 1.243672e-02 -9.318006e-04 9.999221e-01 1.409298e+01
9.999915e-01 -2.780717e-06 4.124904e-03 -3.094529e-01 4.047963e-06 1.000000e+00 -3.071343e-04 -3.470315e-01 -4.124929e-03 3.071504e-04 9.999913e-01 1.485281e+01
9.999875e-01 -1.251998e-04 -4.998450e-03 -2.385012e-01 1.291415e-04 9.999997e-01 7.882211e-04 -3.742317e-01 4.998323e-03 -7.888546e-04 9.999871e-01 1.589267e+01
9.999941e-01 1.170761e-04 3.433699e-03 -1.933418e-01 -1.153924e-04 9.999999e-01 -4.904621e-04 -3.922275e-01 -3.433783e-03 4.900652e-04 9.999939e-01 1.655726e+01
9.997754e-01 6.766393e-04 -2.118379e-02 -1.108560e-01 -6.489695e-04 9.999989e-01 1.313009e-03 -4.040278e-01 2.118463e-02 -1.298964e-03 9.997746e-01 1.689836e+01
9.999285e-01 -3.199851e-04 1.195264e-02 -5.923216e-02 3.289608e-04 9.999997e-01 -7.489426e-04 -4.204912e-01 -1.195243e-02 7.528233e-04 9.999282e-01 1.747829e+01
9.995279e-01 9.370717e-04 -3.071100e-02 -3.910042e-02 -8.828490e-04 9.999980e-01 1.779079e-03 -4.370201e-01 3.071257e-02 -1.751123e-03 9.995266e-01 1.810187e+01
9.998110e-01 -5.622020e-04 1.943151e-02 -6.186290e-02 5.842376e-04 9.999992e-01 -1.128329e-03 -4.514703e-01 -1.943090e-02 1.139471e-03 9.998105e-01 1.875091e+01
9.997992e-01 4.057525e-04 -2.003717e-02 -7.067694e-02 -3.743890e-04 9.999987e-01 1.568972e-03 -4.745779e-01 2.003775e-02 -1.561152e-03 9.997979e-01 1.974720e+01
9.998154e-01 -1.533613e-04 1.921075e-02 1.271194e-01 1.813071e-04 9.999989e-01 -1.452937e-03 -4.861358e-01 -1.921054e-02 1.456154e-03 9.998143e-01 1.994994e+01
9.997993e-01 8.802231e-04 -2.001295e-02 -7.145650e-02 -8.522321e-04 9.999986e-01 1.407111e-03 -4.566433e-01 2.001413e-02 -1.389771e-03 9.997986e-01 1.921954e+01
9.998065e-01 -2.090738e-04 1.966986e-02 -3.077397e-01 2.378957e-04 9.999989e-01 -1.462930e-03 -4.271102e-01 -1.966957e-02 1.467328e-03 9.998054e-01 1.853005e+01
9.998186e-01 1.231441e-03 -1.900847e-02 -1.160889e+00 -1.207156e-03 9.999984e-01 1.288964e-03 -3.566327e-01 1.901000e-02 -1.265781e-03 9.998184e-01 1.723839e+01
9.998166e-01 -1.612293e-04 1.914864e-02 -2.000876e+00 1.888443e-04 9.999989e-01 -1.440312e-03 -2.860528e-01 -1.914842e-02 1.443666e-03 9.998155e-01 1.592523e+01
9.998147e-01 7.358246e-04 -1.923458e-02 -2.624351e+00 -7.101630e-04 9.999988e-01 1.340915e-03 -2.464778e-01 1.923552e-02 -1.327005e-03 9.998140e-01 1.539869e+01
9.998309e-01 -5.262009e-04 1.838346e-02 -2.917593e+00 5.494131e-04 9.999991e-01 -1.257616e-03 -2.411478e-01 -1.838281e-02 1.267506e-03 9.998301e-01 1.565365e+01
9.998046e-01 1.030483e-03 -1.974041e-02 -3.448623e+00 -1.006485e-03 9.999987e-01 1.225587e-03 -2.131796e-01 1.974162e-02 -1.205477e-03 9.998043e-01 1.540453e+01
9.998080e-01 -3.153105e-04 1.959226e-02 -4.115528e+00 3.411882e-04 9.999991e-01 -1.317463e-03 -1.669220e-01 -1.959186e-02 1.323897e-03 9.998071e-01 1.470359e+01
9.997992e-01 1.256201e-03 -1.999880e-02 -4.935063e+00 -1.233013e-03 9.999986e-01 1.171718e-03 -1.058625e-01 2.000021e-02 -1.146822e-03 9.997992e-01 1.368659e+01
9.998494e-01 -3.172058e-04 1.735090e-02 -5.614201e+00 3.386706e-04 9.999992e-01 -1.234150e-03 -5.533007e-02 -1.735053e-02 1.239843e-03 9.998486e-01 1.284024e+01
9.997585e-01 1.310085e-03 -2.193698e-02 -6.254874e+00 -1.283091e-03 9.999984e-01 1.244576e-03 -8.275456e-03 2.193854e-02 -1.216126e-03 9.997585e-01 1.206133e+01
9.998065e-01 -3.827259e-04 1.966656e-02 -7.026499e+00 4.082684e-04 9.999991e-01 -1.294758e-03 4.483054e-02 -1.966608e-02 1.302539e-03 9.998057e-01 1.125195e+01
9.997929e-01 6.914457e-04 -2.034031e-02 -7.567770e+00 -6.648463e-04 9.999989e-01 1.314434e-03 6.306379e-02 2.034116e-02 -1.300636e-03 9.997922e-01 1.138385e+01
9.997927e-01 -1.031197e-03 2.033613e-02 -7.659870e+00 1.046309e-03 9.999992e-01 -7.325094e-04 3.576832e-02 -2.033540e-02 7.536377e-04 9.997928e-01 1.270398e+01
9.998212e-01 5.402021e-04 -1.889919e-02 -7.735049e+00 -5.133542e-04 9.999989e-01 1.425387e-03 -1.431139e-03 1.889991e-02 -1.415428e-03 9.998203e-01 1.443173e+01
9.997693e-01 -1.062651e-03 2.145427e-02 -7.818628e+00 1.080528e-03 9.999991e-01 -8.216668e-04 -3.695499e-02 -2.145341e-02 8.446616e-04 9.997694e-01 1.610291e+01
9.998114e-01 7.047321e-04 -1.941004e-02 -7.990154e+00 -6.810072e-04 9.999990e-01 1.228862e-03 -5.822567e-02 1.941086e-02 -1.215409e-03 9.998108e-01 1.729792e+01
9.998048e-01 -1.168062e-03 1.972256e-02 -8.075468e+00 1.177434e-03 9.999992e-01 -4.635705e-04 -9.470638e-02 -1.972203e-02 4.867046e-04 9.998053e-01 1.900664e+01
9.997780e-01 1.030820e-03 -2.104581e-02 -8.159306e+00 -1.010530e-03 9.999990e-01 9.746713e-04 -1.156890e-01 2.104676e-02 -9.531848e-04 9.997779e-01 2.002922e+01
9.998777e-01 -2.727540e-04 1.563921e-02 -8.657809e+00 2.865370e-04 9.999996e-01 -8.790463e-04 -8.600445e-02 -1.563899e-02 8.834225e-04 9.998772e-01 1.966475e+01
9.994104e-01 1.351144e-03 -3.430748e-02 -8.952082e+00 -1.298676e-03 9.999980e-01 1.551557e-03 -7.230704e-02 3.430947e-02 -1.506086e-03 9.994100e-01 1.959316e+01
9.999999e-01 -1.754375e-06 -4.227009e-04 -9.003538e+00 1.777348e-06 1.000000e+00 5.298589e-05 -8.152545e-02 4.226620e-04 -5.298387e-05 9.999998e-01 2.003996e+01
9.995833e-01 9.870366e-04 -2.884907e-02 -9.019919e+00 -9.456330e-04 9.999985e-01 1.448766e-03 -9.766388e-02 2.885042e-02 -1.420879e-03 9.995826e-01 2.071194e+01
9.998864e-01 6.086254e-04 -1.505989e-02 -9.060026e+00 -5.985828e-04 9.999996e-01 6.712922e-04 -1.106352e-01 1.506025e-02 -6.621984e-04 9.998863e-01 2.128294e+01
9.997137e-01 7.590058e-04 -2.391696e-02 -9.122010e+00 -7.299491e-04 9.999990e-01 1.223573e-03 -1.231553e-01 2.391781e-02 -1.205762e-03 9.997131e-01 2.189380e+01
9.998882e-01 6.366143e-04 -1.494158e-02 -9.208351e+00 -6.269638e-04 9.999996e-01 6.504990e-04 -1.339429e-01 1.494194e-02 -6.410551e-04 9.998881e-01 2.244342e+01
9.992035e-01 1.481050e-03 -3.987789e-02 -9.320125e+00 -1.407397e-03 9.999973e-01 1.874964e-03 -1.389460e-01 3.988050e-02 -1.817343e-03 9.992027e-01 2.282831e+01
9.999531e-01 4.008708e-04 -9.677302e-03 -9.419005e+00 -3.964657e-04 9.999998e-01 4.569839e-04 -1.469199e-01 9.677422e-03 -4.531222e-04 9.999530e-01 2.329072e+01
9.987981e-01 2.006194e-03 -4.897209e-02 -9.521940e+00 -1.901499e-03 9.999958e-01 2.184331e-03 -1.489220e-01 4.897620e-02 -2.088582e-03 9.987977e-01 2.352939e+01
9.999943e-01 3.504200e-05 -3.383462e-03 -9.628422e+00 -3.423646e-05 1.000000e+00 2.376879e-04 -1.551547e-01 3.383401e-03 -2.375669e-04 9.999942e-01 2.394508e+01
9.986554e-01 2.054687e-03 -5.179956e-02 -9.742935e+00 -1.933922e-03 9.999953e-01 2.381384e-03 -1.625198e-01 5.180414e-02 -2.278001e-03 9.986546e-01 2.442173e+01
9.999786e-01 2.411355e-04 -6.527599e-03 -9.866085e+00 -2.391532e-04 9.999999e-01 3.041794e-04 -1.667318e-01 6.527594e-03 -3.026078e-04 9.999786e-01 2.477578e+01
9.984571e-01 2.279404e-03 -5.548115e-02 -9.983439e+00 -2.143083e-03 9.999945e-01 2.516412e-03 -1.688454e-01 5.548650e-02 -2.393625e-03 9.984565e-01 2.504343e+01
9.999900e-01 2.086306e-04 -4.464616e-03 -1.007462e+01 -2.077528e-04 1.000000e+00 1.965861e-04 -1.713032e-01 4.464572e-03 -1.956526e-04 9.999899e-01 2.527899e+01
9.985803e-01 2.197946e-03 -5.322057e-02 -1.012802e+01 -2.071764e-03 9.999949e-01 2.425941e-03 -1.749268e-01 5.322554e-02 -2.312232e-03 9.985798e-01 2.550727e+01
9.999998e-01 8.952436e-06 5.282198e-04 -1.017729e+01 -8.931716e-06 1.000000e+00 -3.436838e-05 -1.806653e-01 -5.283097e-04 3.436775e-05 9.999998e-01 2.578476e+01
9.987210e-01 2.411021e-03 -5.050165e-02 -1.010695e+01 -2.301267e-03 9.999949e-01 2.231255e-03 -1.809099e-01 5.050668e-02 -2.112180e-03 9.987214e-01 2.572192e+01
9.999903e-01 -2.306320e-04 4.389239e-03 -1.002732e+01 2.314326e-04 1.000000e+00 -1.812698e-04 -1.816279e-01 -4.389291e-03 1.822879e-04 9.999903e-01 2.565522e+01
9.983941e-01 2.471226e-03 -5.659564e-02 -1.007019e+01 -2.331138e-03 9.999941e-01 2.541071e-03 -1.853541e-01 5.660148e-02 -2.405054e-03 9.983939e-01 2.585875e+01
9.999979e-01 1.237536e-05 2.010408e-03 -1.007121e+01 -1.214963e-05 1.000000e+00 -1.107477e-04 -1.875441e-01 -2.010506e-03 1.107270e-04 9.999979e-01 2.594647e+01
9.986362e-01 2.328649e-03 -5.215553e-02 -1.001800e+01 -2.210235e-03 9.999948e-01 2.327899e-03 -1.897750e-01 5.216059e-02 -2.209444e-03 9.986362e-01 2.597176e+01
9.999987e-01 5.528855e-05 1.610908e-03 -9.986258e+00 -5.510995e-05 1.000000e+00 -1.088479e-04 -1.911920e-01 -1.611013e-03 1.087628e-04 9.999986e-01 2.598595e+01
9.992118e-01 1.991725e-03 -3.964598e-02 -9.845265e+00 -1.925420e-03 9.999967e-01 1.710447e-03 -1.892594e-01 3.964915e-02 -1.632760e-03 9.992123e-01 2.576321e+01
9.996931e-01 -1.166775e-03 2.474518e-02 -9.678633e+00 1.192531e-03 9.999988e-01 -1.025972e-03 -1.965056e-01 -2.474405e-02 1.055170e-03 9.996932e-01 2.583467e+01
9.984388e-01 2.486718e-03 -5.580000e-02 -9.679509e+00 -2.348864e-03 9.999940e-01 2.535874e-03 -2.060001e-01 5.580587e-02 -2.400845e-03 9.984387e-01 2.619190e+01
9.997109e-01 -1.251120e-03 2.400916e-02 -9.677142e+00 1.274039e-03 9.999987e-01 -9.391726e-04 -2.184271e-01 -2.400805e-02 9.694934e-04 9.997112e-01 2.668957e+01
9.998000e-01 9.747541e-04 -1.997137e-02 -9.684842e+00 -9.531029e-04 9.999989e-01 1.093427e-03 -2.404147e-01 1.997232e-02 -1.074170e-03 9.997999e-01 2.762886e+01
9.996697e-01 -1.243849e-03 2.566966e-02 -9.683154e+00 1.272537e-03 9.999986e-01 -1.101102e-03 -2.554338e-01 -2.566836e-02 1.133407e-03 9.996698e-01 2.825377e+01
9.998460e-01 8.203330e-04 -1.752576e-02 -9.684727e+00 -8.023563e-04 9.999991e-01 1.032536e-03 -2.738300e-01 1.752650e-02 -1.018311e-03 9.998458e-01 2.903168e+01
9.995041e-01 -1.386660e-03 3.145665e-02 -9.645717e+00 1.430661e-03 9.999980e-01 -1.376206e-03 -2.895429e-01 -3.145478e-02 1.420531e-03 9.995041e-01 2.963277e+01
9.998340e-01 8.938735e-04 -1.819738e-02 -9.634448e+00 -8.752273e-04 9.999991e-01 1.032413e-03 -3.006797e-01 1.819818e-02 -1.016311e-03 9.998338e-01 3.008568e+01
9.995763e-01 -1.285936e-03 2.907823e-02 -9.589630e+00 1.324980e-03 9.999982e-01 -1.323356e-03 -3.108856e-01 -2.907658e-02 1.361327e-03 9.995762e-01 3.045170e+01
9.998753e-01 7.658488e-04 -1.576828e-02 -9.591334e+00 -7.502338e-04 9.999992e-01 9.959507e-04 -3.231115e-01 1.576894e-02 -9.839928e-04 9.998751e-01 3.097057e+01
9.998010e-01 -9.944442e-04 1.991966e-02 -9.571351e+00 1.013850e-03 9.999990e-01 -9.639291e-04 -3.384562e-01 -1.991878e-02 9.839368e-04 9.998011e-01 3.158126e+01
9.998669e-01 9.423605e-04 -1.628620e-02 -9.353331e+00 -9.273694e-04 9.999991e-01 9.277948e-04 -3.559607e-01 1.628696e-02 -9.125641e-04 9.998669e-01 3.196937e+01
9.997961e-01 -8.522371e-04 2.017459e-02 -8.971658e+00 8.726454e-04 9.999991e-01 -1.002624e-03 -3.760464e-01 -2.017382e-02 1.020029e-03 9.997959e-01 3.221056e+01
9.999108e-01 7.826655e-04 -1.333252e-02 -8.650414e+00 -7.719412e-04 9.999994e-01 8.092451e-04 -3.934925e-01 1.333305e-02 -7.988772e-04 9.999107e-01 3.244084e+01
9.999379e-01 -5.747551e-04 1.112297e-02 -8.405930e+00 5.812842e-04 9.999997e-01 -5.834469e-04 -4.128060e-01 -1.112273e-02 5.898802e-04 9.999379e-01 3.284149e+01
9.998487e-01 9.463595e-04 -1.736916e-02 -8.194069e+00 -9.299844e-04 9.999991e-01 9.506273e-04 -4.300734e-01 1.736995e-02 -9.343265e-04 9.998486e-01 3.320359e+01
9.999556e-01 -4.500168e-04 9.411680e-03 -7.939111e+00 4.549917e-04 9.999998e-01 -5.260725e-04 -4.484321e-01 -9.411540e-03 5.303353e-04 9.999555e-01 3.353845e+01
9.997063e-01 1.000982e-03 -2.421240e-02 -7.907665e+00 -9.703597e-04 9.999987e-01 1.276298e-03 -4.628230e-01 2.421355e-02 -1.252425e-03 9.997060e-01 3.405202e+01
9.999838e-01 -3.916754e-04 5.669899e-03 -7.897441e+00 3.932529e-04 9.999999e-01 -2.764796e-04 -4.782206e-01 -5.669890e-03 2.787087e-04 9.999838e-01 3.464807e+01
9.995993e-01 1.467965e-03 -2.826759e-02 -7.704014e+00 -1.431392e-03 9.999981e-01 1.313885e-03 -4.916104e-01 2.826937e-02 -1.272893e-03 9.995995e-01 3.487753e+01
9.999062e-01 -9.099161e-04 1.366105e-02 -7.601560e+00 9.170452e-04 9.999994e-01 -5.153275e-04 -5.086335e-01 -1.366067e-02 5.278108e-04 9.999065e-01 3.541570e+01
9.996565e-01 1.341902e-03 -2.617043e-02 -7.559420e+00 -1.309567e-03 9.999984e-01 1.252514e-03 -5.245744e-01 2.617196e-02 -1.217808e-03 9.996567e-01 3.596967e+01
9.999920e-01 -3.865927e-04 3.974518e-03 -7.545780e+00 3.876431e-04 9.999999e-01 -2.625411e-04 -5.336270e-01 -3.974516e-03 2.640835e-04 9.999920e-01 3.629780e+01
9.997425e-01 1.119551e-03 -2.266254e-02 -7.580303e+00 -1.094530e-03 9.999988e-01 1.116278e-03 -5.431931e-01 2.266366e-02 -1.091182e-03 9.997425e-01 3.673008e+01
9.999312e-01 -7.757010e-04 1.170089e-02 -7.659328e+00 7.816197e-04 9.999996e-01 -5.009315e-04 -5.550952e-01 -1.170059e-02 5.100465e-04 9.999314e-01 3.734512e+01
9.998419e-01 8.970936e-04 -1.775360e-02 -7.752798e+00 -8.801762e-04 9.999992e-01 9.604772e-04 -5.677627e-01 1.775435e-02 -9.446954e-04 9.998419e-01 3.801885e+01
9.998754e-01 -9.347767e-04 1.575751e-02 -7.839391e+00 9.450660e-04 9.999993e-01 -6.452927e-04 -5.813754e-01 -1.575700e-02 6.601079e-04 9.998756e-01 3.872012e+01
9.998606e-01 8.616074e-04 -1.667160e-02 -7.939365e+00 -8.462177e-04 9.999992e-01 9.299090e-04 -5.950687e-01 1.667228e-02 -9.156679e-04 9.998605e-01 3.945232e+01
9.998641e-01 -1.004819e-03 1.645095e-02 -8.038314e+00 1.015389e-03 9.999993e-01 -6.339320e-04 -6.107469e-01 -1.645040e-02 6.505538e-04 9.998644e-01 4.027311e+01
9.998586e-01 7.967890e-04 -1.679139e-02 -8.111477e+00 -7.796502e-04 9.999992e-01 1.026983e-03 -6.310072e-01 1.679209e-02 -1.013743e-03 9.998584e-01 4.124952e+01
9.998646e-01 -1.047914e-03 1.641946e-02 -8.178600e+00 1.057287e-03 9.999993e-01 -5.619614e-04 -6.541539e-01 -1.641896e-02 5.792493e-04 9.998650e-01 4.234237e+01
9.998619e-01 9.149282e-04 -1.659114e-02 -8.304646e+00 -9.008357e-04 9.999992e-01 8.566111e-04 -6.686139e-01 1.659181e-02 -8.415431e-04 9.998619e-01 4.315700e+01
9.998676e-01 -1.023150e-03 1.623372e-02 -8.453000e+00 1.032758e-03 9.999993e-01 -5.832219e-04 -6.809513e-01 -1.623321e-02 5.999141e-04 9.998680e-01 4.391637e+01
9.998593e-01 8.599331e-04 -1.674793e-02 -8.518053e+00 -8.442209e-04 9.999992e-01 9.449650e-04 -6.997530e-01 1.674863e-02 -9.306893e-04 9.998592e-01 4.481451e+01
9.998629e-01 -1.065163e-03 1.652277e-02 -8.566050e+00 1.074830e-03 9.999993e-01 -5.759154e-04 -7.204075e-01 -1.652224e-02 5.935996e-04 9.998633e-01 4.576560e+01
9.998561e-01 9.678713e-04 -1.693442e-02 -8.738943e+00 -9.532728e-04 9.999992e-01 8.698754e-04 -7.322094e-01 1.693515e-02 -8.536032e-04 9.998562e-01 4.654434e+01
9.998590e-01 -1.017886e-03 1.675532e-02 -8.933658e+00 1.029298e-03 9.999992e-01 -6.722798e-04 -7.395178e-01 -1.675472e-02 6.894352e-04 9.998593e-01 4.716487e+01
9.998659e-01 8.083120e-04 -1.635386e-02 -8.989882e+00 -7.925070e-04 9.999992e-01 9.726434e-04 -7.590339e-01 1.635453e-02 -9.595485e-04 9.998657e-01 4.808016e+01
9.998643e-01 -1.046055e-03 1.643852e-02 -9.035333e+00 1.055758e-03 9.999993e-01 -5.813181e-04 -7.815045e-01 -1.643800e-02 5.985984e-04 9.998647e-01 4.910576e+01
9.998557e-01 8.724805e-04 -1.696020e-02 -9.065489e+00 -8.558726e-04 9.999991e-01 9.862205e-04 -8.028193e-01 1.696095e-02 -9.715585e-04 9.998556e-01 5.005508e+01
9.998646e-01 -9.824801e-04 1.642127e-02 -9.151485e+00 9.939981e-04 9.999993e-01 -6.930032e-04 -8.180875e-01 -1.642068e-02 7.092362e-04 9.998649e-01 5.083493e+01
9.998606e-01 9.123451e-04 -1.666929e-02 -9.310666e+00 -8.969543e-04 9.999992e-01 9.305046e-04 -8.282596e-01 1.667002e-02 -9.154193e-04 9.998606e-01 5.151917e+01
9.998515e-01 -1.125677e-03 1.719548e-02 -9.369396e+00 1.136882e-03 9.999991e-01 -6.415979e-04 -8.474153e-01 -1.719485e-02 6.610560e-04 9.998519e-01 5.242230e+01
9.998510e-01 9.023024e-04 -1.723801e-02 -9.419028e+00 -8.844612e-04 9.999991e-01 1.042340e-03 -8.694468e-01 1.723883e-02 -1.026935e-03 9.998508e-01 5.343561e+01
9.998527e-01 -1.119071e-03 1.712277e-02 -9.473916e+00 1.130649e-03 9.999991e-01 -6.662507e-04 -8.904431e-01 -1.712211e-02 6.855166e-04 9.998531e-01 5.441215e+01
9.998576e-01 8.742166e-04 -1.684812e-02 -9.526443e+00 -8.564901e-04 9.999991e-01 1.059065e-03 -9.130345e-01 1.684893e-02 -1.044480e-03 9.998575e-01 5.545513e+01
9.998490e-01 -1.097419e-03 1.733974e-02 -9.580667e+00 1.110398e-03 9.999991e-01 -7.386389e-04 -9.333833e-01 -1.733902e-02 7.577856e-04 9.998493e-01 5.640240e+01
9.998571e-01 8.812112e-04 -1.688058e-02 -9.619479e+00 -8.630832e-04 9.999990e-01 1.080893e-03 -9.548454e-01 1.688142e-02 -1.066165e-03 9.998569e-01 5.737221e+01
9.998446e-01 -1.105552e-03 1.758899e-02 -9.650974e+00 1.119193e-03 9.999991e-01 -7.654694e-04 -9.763569e-01 -1.758823e-02 7.850403e-04 9.998450e-01 5.833081e+01
9.998579e-01 8.551668e-04 -1.683394e-02 -9.683025e+00 -8.359962e-04 9.999990e-01 1.145547e-03 -1.000432e+00 1.683480e-02 -1.131307e-03 9.998576e-01 5.940338e+01
9.998384e-01 -1.135750e-03 1.794016e-02 -9.725336e+00 1.150086e-03 9.999990e-01 -7.885253e-04 -1.024169e+00 -1.793934e-02 8.090349e-04 9.998387e-01 6.047916e+01
9.998431e-01 8.704844e-04 -1.769171e-02 -9.781147e+00 -8.487050e-04 9.999989e-01 1.238266e-03 -1.048601e+00 1.769267e-02 -1.223053e-03 9.998427e-01 6.160888e+01
9.998427e-01 -1.186794e-03 1.769284e-02 -9.829547e+00 1.198901e-03 9.999991e-01 -6.734086e-04 -1.077428e+00 -1.769213e-02 6.945192e-04 9.998432e-01 6.292042e+01
9.998531e-01 8.546725e-04 -1.711588e-02 -9.863376e+00 -8.337237e-04 9.999989e-01 1.230773e-03 -1.107985e+00 1.711682e-02 -1.216318e-03 9.998527e-01 6.428408e+01
9.998449e-01 -1.182085e-03 1.757161e-02 -9.904012e+00 1.194473e-03 9.999990e-01 -6.942060e-04 -1.137190e+00 -1.757087e-02 7.150916e-04 9.998453e-01 6.559921e+01
9.998462e-01 9.020664e-04 -1.751005e-02 -9.949145e+00 -8.810970e-04 9.999989e-01 1.204976e-03 -1.164036e+00 1.751102e-02 -1.189358e-03 9.998459e-01 6.681689e+01
9.998462e-01 -1.202219e-03 1.749440e-02 -1.000240e+01 1.214377e-03 9.999990e-01 -6.840486e-04 -1.191013e+00 -1.749366e-02 7.051928e-04 9.998467e-01 6.805523e+01
9.998579e-01 9.258087e-04 -1.683006e-02 -1.004291e+01 -9.073540e-04 9.999990e-01 1.103854e-03 -1.216223e+00 1.683097e-02 -1.088422e-03 9.998577e-01 6.919309e+01
9.998377e-01 -1.202477e-03 1.797526e-02 -1.005717e+01 1.215660e-03 9.999990e-01 -7.222430e-04 -1.241770e+00 -1.797447e-02 7.439822e-04 9.998381e-01 7.030223e+01
9.998395e-01 9.572377e-04 -1.788921e-02 -1.007376e+01 -9.356269e-04 9.999988e-01 1.216101e-03 -1.268583e+00 1.789025e-02 -1.199163e-03 9.998392e-01 7.147321e+01
9.998104e-01 -1.244845e-03 1.943105e-02 -1.007643e+01 1.261393e-03 9.999989e-01 -8.391284e-04 -1.294940e+00 -1.943008e-02 8.634842e-04 9.998108e-01 7.260078e+01
9.999097e-01 8.229292e-04 -1.341240e-02 -1.005943e+01 -8.100327e-04 9.999992e-01 9.665817e-04 -1.319282e+00 1.341308e-02 -9.556252e-04 9.999095e-01 7.360957e+01
9.998190e-01 -1.256587e-03 1.898225e-02 -1.006125e+01 1.272052e-03 9.999989e-01 -8.024371e-04 -1.344373e+00 -1.898132e-02 8.264431e-04 9.998194e-01 7.468049e+01
9.998706e-01 9.115951e-04 -1.605712e-02 -1.008117e+01 -8.939819e-04 9.999990e-01 1.103749e-03 -1.370050e+00 1.605801e-02 -1.089247e-03 9.998704e-01 7.580760e+01
9.998472e-01 -1.239462e-03 1.743345e-02 -1.010682e+01 1.251392e-03 9.999990e-01 -6.731279e-04 -1.397792e+00 -1.743270e-02 6.948461e-04 9.998477e-01 7.703407e+01
9.998709e-01 9.235858e-04 -1.603855e-02 -1.013097e+01 -9.062091e-04 9.999990e-01 1.090356e-03 -1.424976e+00 1.603945e-02 -1.075676e-03 9.998707e-01 7.823347e+01
9.998376e-01 -1.250266e-03 1.797310e-02 -1.013566e+01 1.263220e-03 9.999990e-01 -7.091312e-04 -1.452472e+00 -1.797229e-02 7.317251e-04 9.998382e-01 7.941578e+01
9.998700e-01 9.514268e-04 -1.609060e-02 -1.014654e+01 -9.344704e-04 9.999990e-01 1.060984e-03 -1.478131e+00 1.609149e-02 -1.045805e-03 9.998699e-01 8.052823e+01
9.998523e-01 -1.271939e-03 1.713910e-02 -1.016864e+01 1.282322e-03 9.999990e-01 -5.945184e-04 -1.506749e+00 -1.713842e-02 6.164135e-04 9.998529e-01 8.178701e+01
9.998750e-01 9.764986e-04 -1.577912e-02 -1.019517e+01 -9.611913e-04 9.999991e-01 9.773333e-04 -1.532301e+00 1.577996e-02 -9.620393e-04 9.998750e-01 8.291833e+01
9.998551e-01 -1.230379e-03 1.697287e-02 -1.023648e+01 1.241867e-03 9.999990e-01 -6.660381e-04 -1.554126e+00 -1.697213e-02 6.870248e-04 9.998557e-01 8.391104e+01
9.998885e-01 9.942143e-04 -1.489335e-02 -1.031757e+01 -9.818710e-04 9.999992e-01 8.357255e-04 -1.569469e+00 1.489407e-02 -8.210039e-04 9.998887e-01 8.469259e+01
9.998577e-01 -1.285530e-03 1.681597e-02 -1.034257e+01 1.295096e-03 9.999990e-01 -5.576871e-04 -1.592018e+00 -1.681533e-02 5.793913e-04 9.998584e-01 8.569075e+01
9.998913e-01 9.673512e-04 -1.471061e-02 -1.036684e+01 -9.546857e-04 9.999992e-01 8.676249e-04 -1.616403e+00 1.471134e-02 -8.534814e-04 9.998914e-01 8.676793e+01
9.998708e-01 -1.252156e-03 1.602280e-02 -1.039647e+01 1.260411e-03 9.999991e-01 -5.047548e-04 -1.641044e+00 -1.602225e-02 5.248901e-04 9.998714e-01 8.786368e+01
9.998858e-01 9.736547e-04 -1.508089e-02 -1.042755e+01 -9.603376e-04 9.999991e-01 8.899202e-04 -1.665809e+00 1.508165e-02 -8.753306e-04 9.998858e-01 8.896808e+01
9.998716e-01 -1.274632e-03 1.597157e-02 -1.045038e+01 1.281992e-03 9.999991e-01 -4.502392e-04 -1.693029e+00 -1.597108e-02 4.706622e-04 9.998723e-01 9.016601e+01
9.998830e-01 9.703720e-04 -1.526456e-02 -1.047298e+01 -9.561478e-04 9.999991e-01 9.387704e-04 -1.721509e+00 1.526536e-02 -9.240600e-04 9.998830e-01 9.142007e+01
9.998765e-01 -1.279342e-03 1.566037e-02 -1.049484e+01 1.285891e-03 9.999991e-01 -4.077500e-04 -1.750711e+00 -1.565994e-02 4.278426e-04 9.998772e-01 9.270547e+01
9.998826e-01 9.809746e-04 -1.528736e-02 -1.052424e+01 -9.669072e-04 9.999991e-01 9.272096e-04 -1.779036e+00 1.528816e-02 -9.123139e-04 9.998827e-01 9.396450e+01
9.998797e-01 -1.293801e-03 1.545370e-02 -1.056116e+01 1.299966e-03 9.999991e-01 -3.885930e-04 -1.807666e+00 -1.545328e-02 4.086411e-04 9.998805e-01 9.524890e+01
9.998776e-01 1.010471e-03 -1.561107e-02 -1.061926e+01 -9.964909e-04 9.999991e-01 9.029446e-04 -1.833414e+00 1.561187e-02 -8.872723e-04 9.998777e-01 9.644121e+01
9.998782e-01 -1.265774e-03 1.555372e-02 -1.069548e+01 1.273588e-03 9.999991e-01 -4.921243e-04 -1.855306e+00 -1.555318e-02 5.118789e-04 9.998789e-01 9.749582e+01
9.998739e-01 1.132869e-03 -1.583415e-02 -1.080393e+01 -1.120437e-03 9.999991e-01 7.936426e-04 -1.870529e+00 1.583493e-02 -7.757958e-04 9.998743e-01 9.831353e+01
9.998803e-01 -1.204007e-03 1.542213e-02 -1.101309e+01 1.212418e-03 9.999991e-01 -5.356798e-04 -1.879381e+00 -1.542157e-02 5.543194e-04 9.998809e-01 9.902559e+01
9.998804e-01 1.066147e-03 -1.542741e-02 -1.120476e+01 -1.053651e-03 9.999991e-01 8.177328e-04 -1.891118e+00 1.542817e-02 -8.013743e-04 9.998806e-01 9.983541e+01
9.998767e-01 -1.168473e-03 1.565327e-02 -1.138569e+01 1.178032e-03 9.999991e-01 -6.011268e-04 -1.900846e+00 -1.565265e-02 6.194984e-04 9.998772e-01 1.005385e+02
9.998762e-01 1.002550e-03 -1.570067e-02 -1.150910e+01 -9.885780e-04 9.999991e-01 8.972647e-04 -1.916351e+00 1.570146e-02 -8.816266e-04 9.998763e-01 1.013937e+02
9.998731e-01 -1.174193e-03 1.588493e-02 -1.163589e+01 1.183967e-03 9.999991e-01 -6.055129e-04 -1.931661e+00 -1.588430e-02 6.242490e-04 9.998736e-01 1.022470e+02
9.998743e-01 1.141231e-03 -1.580895e-02 -1.194860e+01 -1.128835e-03 9.999990e-01 7.926561e-04 -1.933978e+00 1.580974e-02 -7.747052e-04 9.998747e-01 1.028532e+02
9.998736e-01 -1.143355e-03 1.585354e-02 -1.229013e+01 1.153562e-03 9.999991e-01 -6.343656e-04 -1.933939e+00 -1.585290e-02 6.525792e-04 9.998741e-01 1.034060e+02
9.998754e-01 1.245301e-03 -1.573015e-02 -1.275209e+01 -1.234405e-03 9.999990e-01 7.020010e-04 -1.924380e+00 1.573091e-02 -6.824905e-04 9.998760e-01 1.037498e+02
9.998769e-01 -1.183472e-03 1.564054e-02 -1.314280e+01 1.192761e-03 9.999991e-01 -5.842593e-04 -1.919940e+00 -1.563994e-02 6.028486e-04 9.998775e-01 1.041934e+02
9.998762e-01 1.221798e-03 -1.568146e-02 -1.347504e+01 -1.211178e-03 9.999990e-01 6.863220e-04 -1.917866e+00 1.568219e-02 -6.672383e-04 9.998768e-01 1.046407e+02
9.998738e-01 -1.328620e-03 1.582687e-02 -1.368836e+01 1.336174e-03 9.999990e-01 -4.663709e-04 -1.926532e+00 -1.582634e-02 4.874653e-04 9.998746e-01 1.053516e+02
9.998847e-01 1.092066e-03 -1.514134e-02 -1.380568e+01 -1.080426e-03 9.999991e-01 7.765608e-04 -1.944588e+00 1.514208e-02 -7.601065e-04 9.998850e-01 1.063068e+02
9.998720e-01 -1.347385e-03 1.593939e-02 -1.387615e+01 1.354731e-03 9.999990e-01 -4.496858e-04 -1.965305e+00 -1.593886e-02 4.712276e-04 9.998728e-01 1.072968e+02
9.998917e-01 1.098857e-03 -1.467186e-02 -1.396491e+01 -1.088190e-03 9.999991e-01 7.345979e-04 -1.984291e+00 1.467256e-02 -7.185468e-04 9.998920e-01 1.082421e+02
9.998710e-01 -1.290196e-03 1.600646e-02 -1.412137e+01 1.299066e-03 9.999990e-01 -5.434198e-04 -1.996736e+00 -1.600584e-02 5.641490e-04 9.998717e-01 1.090200e+02
9.998902e-01 1.063171e-03 -1.477641e-02 -1.419295e+01 -1.051801e-03 9.999991e-01 7.768063e-04 -2.014461e+00 1.477712e-02 -7.611733e-04 9.998905e-01 1.098812e+02
9.998550e-01 -1.295081e-03 1.697397e-02 -1.426928e+01 1.305571e-03 9.999990e-01 -6.065646e-04 -2.030510e+00 -1.697327e-02 6.286433e-04 9.998557e-01 1.106816e+02
9.999142e-01 1.056996e-03 -1.305444e-02 -1.438138e+01 -1.048211e-03 9.999992e-01 6.792986e-04 -2.042308e+00 1.305505e-02 -6.655506e-04 9.999145e-01 1.113653e+02
9.998878e-01 -1.317533e-03 1.491800e-02 -1.446898e+01 1.324958e-03 9.999990e-01 -4.874792e-04 -2.058708e+00 -1.491744e-02 5.071962e-04 9.998886e-01 1.121990e+02
9.999044e-01 1.035540e-03 -1.378845e-02 -1.451281e+01 -1.024073e-03 9.999991e-01 8.382212e-04 -2.082256e+00 1.378920e-02 -8.240147e-04 9.999045e-01 1.132673e+02
9.998873e-01 -1.294375e-03 1.495329e-02 -1.455463e+01 1.302408e-03 9.999990e-01 -5.271268e-04 -2.104118e+00 -1.495269e-02 5.465487e-04 9.998880e-01 1.142587e+02
9.999343e-01 1.049482e-03 -1.141380e-02 -1.465727e+01 -1.042549e-03 9.999993e-01 6.128667e-04 -2.117619e+00 1.141434e-02 -6.009209e-04 9.999346e-01 1.149975e+02
9.998502e-01 -1.418269e-03 1.724498e-02 -1.472280e+01 1.428837e-03 9.999988e-01 -6.001947e-04 -2.133992e+00 -1.724421e-02 6.247512e-04 9.998511e-01 1.157973e+02
9.999026e-01 1.099329e-03 -1.391200e-02 -1.477151e+01 -1.088666e-03 9.999991e-01 7.736125e-04 -2.154309e+00 1.391274e-02 -7.583856e-04 9.999029e-01 1.167339e+02
9.998119e-01 -1.501236e-03 1.933463e-02 -1.480595e+01 1.514330e-03 9.999986e-01 -6.622792e-04 -2.176162e+00 -1.933371e-02 6.914398e-04 9.998128e-01 1.177144e+02
9.999050e-01 1.075428e-03 -1.373468e-02 -1.484111e+01 -1.064502e-03 9.999991e-01 8.023437e-04 -2.199752e+00 1.373543e-02 -7.876408e-04 9.999053e-01 1.187709e+02
9.998187e-01 -1.413371e-03 1.898729e-02 -1.491612e+01 1.427247e-03 9.999987e-01 -7.169806e-04 -2.217354e+00 -1.898635e-02 7.439565e-04 9.998194e-01 1.196415e+02
9.999015e-01 1.106502e-03 -1.398648e-02 -1.499720e+01 -1.095890e-03 9.999991e-01 7.660079e-04 -2.232455e+00 1.398722e-02 -7.505986e-04 9.999018e-01 1.204130e+02
9.998208e-01 -1.442803e-03 1.887286e-02 -1.507060e+01 1.455950e-03 9.999987e-01 -6.825452e-04 -2.249564e+00 -1.887195e-02 7.099072e-04 9.998216e-01 1.212591e+02
9.998853e-01 1.111260e-03 -1.510270e-02 -1.513455e+01 -1.098803e-03 9.999990e-01 8.327127e-04 -2.269017e+00 1.510352e-02 -8.160160e-04 9.998855e-01 1.221880e+02
9.998186e-01 -1.431730e-03 1.899016e-02 -1.519884e+01 1.445361e-03 9.999987e-01 -7.037378e-04 -2.287117e+00 -1.898923e-02 7.310642e-04 9.998194e-01 1.230609e+02
9.999049e-01 1.060513e-03 -1.374487e-02 -1.525485e+01 -1.049851e-03 9.999991e-01 7.824344e-04 -2.306322e+00 1.374559e-02 -7.679236e-04 9.999052e-01 1.239682e+02
9.998152e-01 -1.451268e-03 1.916746e-02 -1.529323e+01 1.464793e-03 9.999987e-01 -6.912509e-04 -2.327068e+00 -1.916653e-02 7.192060e-04 9.998160e-01 1.249125e+02
9.998623e-01 1.133320e-03 -1.655561e-02 -1.534144e+01 -1.118069e-03 9.999989e-01 9.300622e-04 -2.348884e+00 1.655655e-02 -9.114174e-04 9.998625e-01 1.259170e+02
9.997828e-01 -1.472061e-03 2.078524e-02 -1.538074e+01 1.488723e-03 9.999986e-01 -7.858838e-04 -2.369527e+00 -2.078415e-02 8.166631e-04 9.997836e-01 1.268567e+02
9.998860e-01 1.169103e-03 -1.504874e-02 -1.549087e+01 -1.157038e-03 9.999990e-01 8.100431e-04 -2.382366e+00 1.504957e-02 -7.925323e-04 9.998864e-01 1.275849e+02
9.997002e-01 -1.613749e-03 2.443075e-02 -1.558869e+01 1.637714e-03 9.999982e-01 -9.607249e-04 -2.393841e+00 -2.442925e-02 1.000454e-03 9.997010e-01 1.282372e+02
9.997708e-01 1.373570e-03 -2.136451e-02 -1.566863e+01 -1.350055e-03 9.999985e-01 1.114751e-03 -2.408972e+00 2.136591e-02 -1.085645e-03 9.997711e-01 1.290090e+02
9.997107e-01 -1.622223e-03 2.399534e-02 -1.576222e+01 1.645182e-03 9.999982e-01 -9.368343e-04 -2.424072e+00 -2.399388e-02 9.760466e-04 9.997116e-01 1.298020e+02
9.998437e-01 1.326250e-03 -1.762569e-02 -1.585447e+01 -1.309976e-03 9.999987e-01 9.345162e-04 -2.435663e+00 1.762681e-02 -9.112743e-04 9.998442e-01 1.304480e+02
9.996644e-01 -1.604010e-03 2.585359e-02 -1.607321e+01 1.633506e-03 9.999980e-01 -1.119587e-03 -2.435584e+00 -2.585184e-02 1.161450e-03 9.996651e-01 1.308133e+02
9.998740e-01 1.178896e-03 -1.582653e-02 -1.615661e+01 -1.164700e-03 9.999989e-01 9.058102e-04 -2.443940e+00 1.582749e-02 -8.872562e-04 9.998743e-01 1.313132e+02
9.996648e-01 -1.518380e-03 2.584435e-02 -1.628574e+01 1.548776e-03 9.999981e-01 -1.155910e-03 -2.445665e+00 -2.584264e-02 1.195557e-03 9.996653e-01 1.316099e+02
9.998939e-01 1.174849e-03 -1.451843e-02 -1.649239e+01 -1.162710e-03 9.999990e-01 8.441704e-04 -2.442753e+00 1.451930e-02 -8.271933e-04 9.998942e-01 1.318473e+02
9.997134e-01 -1.551977e-03 2.388779e-02 -1.667525e+01 1.577175e-03 9.999982e-01 -1.035825e-03 -2.447292e+00 -2.388624e-02 1.073210e-03 9.997141e-01 1.323509e+02
9.999936e-01 7.790918e-04 -3.480761e-03 -1.673642e+01 -7.776482e-04 9.999996e-01 4.144268e-04 -2.454294e+00 3.480984e-03 -4.117105e-04 9.999938e-01 1.327684e+02
9.997206e-01 -1.503657e-03 2.358591e-02 -1.680236e+01 1.529478e-03 9.999983e-01 -1.076499e-03 -2.453939e+00 -2.358435e-02 1.112280e-03 9.997212e-01 1.328970e+02
9.999965e-01 7.705785e-04 -2.503250e-03 -1.688219e+01 -7.696820e-04 9.999996e-01 3.568421e-04 -2.451378e+00 2.503427e-03 -3.549072e-04 9.999967e-01 1.329626e+02
9.996273e-01 -1.683491e-03 2.724714e-02 -1.694691e+01 1.716064e-03 9.999978e-01 -1.171916e-03 -2.451395e+00 -2.724521e-02 1.218244e-03 9.996280e-01 1.331080e+02
9.999971e-01 6.102085e-04 2.311342e-03 -1.702008e+01 -6.105863e-04 9.999998e-01 1.650967e-04 -2.451590e+00 -2.311336e-03 -1.665004e-04 9.999973e-01 1.332776e+02
9.996075e-01 -1.738456e-03 2.796027e-02 -1.705692e+01 1.771827e-03 9.999977e-01 -1.168592e-03 -2.454414e+00 -2.795827e-02 1.217681e-03 9.996083e-01 1.334950e+02
9.999844e-01 5.118163e-04 5.551047e-03 -1.708316e+01 -5.118604e-04 9.999999e-01 7.450468e-06 -2.455222e+00 -5.551137e-03 -1.028448e-05 9.999845e-01 1.336203e+02
9.996810e-01 -1.639284e-03 2.520240e-02 -1.709868e+01 1.666432e-03 9.999981e-01 -1.056033e-03 -2.454983e+00 -2.520071e-02 1.097702e-03 9.996817e-01 1.336886e+02
9.999997e-01 7.337076e-04 -2.442391e-04 -1.710239e+01 -7.336539e-04 9.999997e-01 1.998344e-04 -2.455759e+00 2.442936e-04 -1.996478e-04 9.999999e-01 1.337736e+02
9.997080e-01 -1.534566e-03 2.411588e-02 -1.693766e+01 1.559481e-03 9.999983e-01 -1.014196e-03 -2.461236e+00 -2.411437e-02 1.051516e-03 9.997086e-01 1.338028e+02
9.999981e-01 6.161568e-04 1.860198e-03 -1.678479e+01 -6.163803e-04 9.999998e-01 1.221196e-04 -2.469371e+00 -1.860213e-03 -1.232585e-04 9.999982e-01 1.339517e+02
9.998289e-01 -1.411255e-03 1.844293e-02 -1.671611e+01 1.425416e-03 9.999987e-01 -7.544498e-04 -2.481196e+00 -1.844193e-02 7.806171e-04 9.998296e-01 1.343570e+02
9.999983e-01 6.639364e-04 1.704018e-03 -1.658430e+01 -6.640759e-04 9.999998e-01 8.394989e-05 -2.492543e+00 -1.704050e-03 -8.507386e-05 9.999985e-01 1.346529e+02
9.996940e-01 -1.564446e-03 2.468741e-02 -1.642355e+01 1.589050e-03 9.999983e-01 -9.768839e-04 -2.499194e+00 -2.468593e-02 1.015822e-03 9.996947e-01 1.347351e+02
9.999913e-01 8.003868e-04 -4.090090e-03 -1.640642e+01 -7.991386e-04 9.999996e-01 3.057363e-04 -2.505779e+00 4.090248e-03 -3.024575e-04 9.999915e-01 1.350056e+02
9.998436e-01 -1.307253e-03 1.763577e-02 -1.638309e+01 1.319654e-03 9.999989e-01 -6.913171e-04 -2.513419e+00 -1.763493e-02 7.144898e-04 9.998442e-01 1.353030e+02
9.999940e-01 7.234290e-04 -3.394299e-03 -1.638907e+01 -7.224823e-04 9.999997e-01 2.788725e-04 -2.523210e+00 3.394416e-03 -2.764109e-04 9.999941e-01 1.357367e+02
9.998471e-01 -1.277728e-03 1.743848e-02 -1.633423e+01 1.289831e-03 9.999989e-01 -6.825588e-04 -2.535502e+00 -1.743767e-02 7.049548e-04 9.998476e-01 1.361724e+02
9.999918e-01 8.343594e-04 -3.951936e-03 -1.624149e+01 -8.333614e-04 9.999996e-01 2.531494e-04 -2.542667e+00 3.952063e-03 -2.498463e-04 9.999921e-01 1.363515e+02
9.998645e-01 -1.291655e-03 1.640865e-02 -1.615491e+01 1.301749e-03 9.999990e-01 -6.042306e-04 -2.552064e+00 -1.640794e-02 6.255164e-04 9.998651e-01 1.366292e+02
9.999715e-01 9.411633e-04 -7.488690e-03 -1.621838e+01 -9.382131e-04 9.999995e-01 3.969303e-04 -2.560010e+00 7.488978e-03 -3.898853e-04 9.999718e-01 1.370686e+02
9.998562e-01 -1.336903e-03 1.690587e-02 -1.617837e+01 1.347558e-03 9.999989e-01 -6.186226e-04 -2.573669e+00 -1.690511e-02 6.413230e-04 9.998568e-01 1.375733e+02
9.998797e-01 1.263166e-03 -1.545505e-02 -1.609956e+01 -1.252333e-03 9.999990e-01 7.103239e-04 -2.589478e+00 1.545585e-02 -6.908759e-04 9.998802e-01 1.380930e+02
9.998154e-01 -1.404939e-03 1.915880e-02 -1.601566e+01 1.419480e-03 9.999987e-01 -7.451629e-04 -2.602196e+00 -1.915781e-02 7.722287e-04 9.998161e-01 1.384859e+02
9.998495e-01 1.341480e-03 -1.729441e-02 -1.591436e+01 -1.327904e-03 9.999988e-01 7.962737e-04 -2.617963e+00 1.729537e-02 -7.731808e-04 9.998500e-01 1.389676e+02
9.997948e-01 -1.530818e-03 2.019865e-02 -1.586612e+01 1.545372e-03 9.999986e-01 -7.047337e-04 -2.635507e+00 -2.019763e-02 7.358113e-04 9.997957e-01 1.396123e+02
9.998755e-01 1.344068e-03 -1.571977e-02 -1.580478e+01 -1.333753e-03 9.999989e-01 6.664056e-04 -2.649987e+00 1.572057e-02 -6.453486e-04 9.998761e-01 1.401034e+02
9.996397e-01 -1.739366e-03 2.678346e-02 -1.574849e+01 1.765788e-03 9.999980e-01 -9.627550e-04 -2.661311e+00 -2.678181e-02 1.009710e-03 9.996407e-01 1.404867e+02
9.997684e-01 1.714056e-03 -2.145058e-02 -1.546209e+01 -1.696955e-03 9.999982e-01 8.152578e-04 -2.677672e+00 2.145186e-02 -7.786606e-04 9.997695e-01 1.407181e+02
9.998465e-01 -1.158376e-03 1.748249e-02 -1.493332e+01 1.167895e-03 9.999992e-01 -5.340503e-04 -2.696225e+00 -1.748194e-02 5.543938e-04 9.998469e-01 1.406971e+02
9.997788e-01 1.702306e-03 -2.096161e-02 -1.440729e+01 -1.686251e-03 9.999983e-01 7.833741e-04 -2.715880e+00 2.096283e-02 -7.478466e-04 9.997799e-01 1.407187e+02
9.998697e-01 -1.061696e-03 1.610590e-02 -1.382133e+01 1.069282e-03 9.999993e-01 -4.621618e-04 -2.735867e+00 -1.610548e-02 4.793311e-04 9.998701e-01 1.406758e+02
9.995027e-01 2.125303e-03 -3.146107e-02 -1.334401e+01 -2.088243e-03 9.999971e-01 1.210643e-03 -2.750846e+00 3.146347e-02 -1.144335e-03 9.995042e-01 1.405967e+02
9.999149e-01 -1.036336e-03 1.300113e-02 -1.290000e+01 1.040392e-03 9.999994e-01 -3.048955e-04 -2.767324e+00 -1.300089e-02 3.184035e-04 9.999154e-01 1.406184e+02
9.991428e-01 2.488560e-03 -4.132103e-02 -1.260979e+01 -2.423338e-03 9.999957e-01 1.628337e-03 -2.778468e+00 4.132482e-02 -1.526798e-03 9.991445e-01 1.406465e+02
9.999456e-01 -9.269532e-04 1.038369e-02 -1.230811e+01 9.291229e-04 9.999995e-01 -2.037117e-04 -2.789509e+00 -1.038358e-02 2.133561e-04 9.999460e-01 1.406581e+02
9.992353e-01 2.342794e-03 -3.902886e-02 -1.203994e+01 -2.284480e-03 9.999962e-01 1.538542e-03 -2.801035e+00 3.903223e-02 -1.448197e-03 9.992368e-01 1.407338e+02
9.998154e-01 -1.400469e-03 1.916358e-02 -1.183331e+01 1.411539e-03 9.999988e-01 -5.639074e-04 -2.816013e+00 -1.916286e-02 5.908611e-04 9.998161e-01 1.410197e+02
9.992628e-01 2.228348e-03 -3.832503e-02 -1.170068e+01 -2.170361e-03 9.999964e-01 1.554469e-03 -2.831744e+00 3.832827e-02 -1.470136e-03 9.992640e-01 1.414466e+02
9.993846e-01 -2.164170e-03 3.500991e-02 -1.166798e+01 2.204497e-03 9.999970e-01 -1.113152e-03 -2.849233e+00 -3.500748e-02 1.189654e-03 9.993863e-01 1.421137e+02
9.993847e-01 2.048283e-03 -3.501370e-02 -1.166782e+01 -1.996899e-03 9.999969e-01 1.502335e-03 -2.870321e+00 3.501658e-02 -1.431484e-03 9.993856e-01 1.430019e+02
9.994314e-01 -2.038991e-03 3.365638e-02 -1.161837e+01 2.078727e-03 9.999972e-01 -1.145558e-03 -2.889203e+00 -3.365404e-02 1.214877e-03 9.994327e-01 1.436946e+02
9.992075e-01 2.281031e-03 -3.973833e-02 -1.155053e+01 -2.216475e-03 9.999962e-01 1.668402e-03 -2.906632e+00 3.974189e-02 -1.578993e-03 9.992087e-01 1.442879e+02
9.995378e-01 -1.976078e-03 3.033547e-02 -1.150725e+01 2.007213e-03 9.999975e-01 -9.957948e-04 -2.923921e+00 -3.033352e-02 1.056232e-03 9.995392e-01 1.449272e+02
9.992247e-01 2.250538e-03 -3.930576e-02 -1.148218e+01 -2.186654e-03 9.999962e-01 1.668084e-03 -2.941131e+00 3.930928e-02 -1.580835e-03 9.992258e-01 1.455963e+02
9.994506e-01 -2.109974e-03 3.307662e-02 -1.146242e+01 2.146580e-03 9.999971e-01 -1.071089e-03 -2.959808e+00 -3.307435e-02 1.141510e-03 9.994522e-01 1.463390e+02
9.989225e-01 2.594737e-03 -4.633575e-02 -1.141652e+01 -2.506753e-03 9.999949e-01 1.956744e-03 -2.977415e+00 4.634050e-02 -1.838475e-03 9.989239e-01 1.469764e+02
9.995498e-01 -2.018374e-03 2.993549e-02 -1.137351e+01 2.047816e-03 9.999974e-01 -9.526854e-04 -2.994542e+00 -2.993358e-02 1.013567e-03 9.995513e-01 1.475961e+02
