9.999545e-01 -4.535000e-04 9.530502e-03 -9.425366e-03 4.556142e-04 9.999999e-01 -2.196606e-04 -1.627627e-02 -9.530401e-03 2.239933e-04 9.999545e-01 6.740623e-01
9.999745e-01 2.127145e-04 -7.138326e-03 -3.047583e-02 -2.104968e-04 9.999999e-01 3.114260e-04 -3.321270e-02 7.138393e-03 -3.099150e-04 9.999744e-01 1.393625e+00
9.999269e-01 -4.781697e-04 1.208335e-02 -4.297428e-02 4.827893e-04 9.999998e-01 -3.793943e-04 -4.823612e-02 -1.208316e-02 3.852007e-04 9.999268e-01 2.015896e+00
1.000000e+00 -3.983636e-05 -2.482904e-04 -4.000036e-02 3.985597e-05 1.000000e+00 7.896217e-05 -6.472331e-02 2.482902e-04 -7.897163e-05 9.999999e-01 2.685076e+00
9.999577e-01 -4.017487e-04 9.184435e-03 -5.077708e-02 4.040401e-04 9.999999e-01 -2.476241e-04 -8.293345e-02 -9.184331e-03 2.513249e-04 9.999577e-01 3.452590e+00
9.998840e-01 -5.702344e-04 1.521997e-02 -1.566948e-02 5.779184e-04 9.999997e-01 -5.004673e-04 -1.016373e-01 -1.521967e-02 5.092055e-04 9.998839e-01 4.187180e+00
9.999366e-01 -4.721142e-04 1.125365e-02 3.279576e-02 4.761289e-04 9.999998e-01 -3.540758e-04 -1.186848e-01 -1.125347e-02 3.594118e-04 9.999365e-01 4.827625e+00
9.996740e-01 -9.397312e-04 2.551303e-02 9.350491e-02 9.630373e-04 9.999991e-01 -9.012233e-04 -1.349448e-01 -2.551215e-02 9.254997e-04 9.996740e-01 5.423836e+00
9.998845e-01 -5.916743e-04 1.518615e-02 1.589055e-01 5.993842e-04 9.999997e-01 -5.031410e-04 -1.495076e-01 -1.518584e-02 5.121851e-04 9.998845e-01 5.945482e+00
9.998821e-01 -5.940308e-04 1.534190e-02 2.148446e-01 6.021092e-04 9.999997e-01 -5.219457e-04 -1.655812e-01 -1.534156e-02 5.311215e-04 9.998821e-01 6.533341e+00
9.997345e-01 -8.674851e-04 2.302556e-02 2.827326e-01 8.861307e-04 9.999993e-01 -7.995851e-04 -1.814847e-01 -2.302482e-02 8.197762e-04 9.997345e-01 7.102321e+00
9.999895e-01 8.855061e-05 -4.585075e-03 3.170262e-01 -8.714604e-05 9.999999e-01 3.065193e-04 -2.009798e-01 4.585127e-03 -3.061168e-04 9.999893e-01 7.863316e+00
9.995439e-01 -1.114254e-03 3.017908e-02 3.675204e-01 1.147167e-03 9.999988e-01 -1.073300e-03 -2.198439e-01 -3.017782e-02 1.107431e-03 9.995438e-01 8.586244e+00
9.999185e-01 -5.331989e-04 1.275781e-02 4.411271e-01 5.381662e-04 9.999998e-01 -3.859145e-04 -2.365436e-01 -1.275757e-02 3.927482e-04 9.999184e-01 9.189955e+00
9.996543e-01 -9.555567e-04 2.627645e-02 5.044605e-01 9.804645e-04 9.999991e-01 -9.350412e-04 -2.523616e-01 -2.627549e-02 9.604803e-04 9.996542e-01 9.766727e+00
9.999337e-01 2.737131e-04 -1.151439e-02 5.261797e-01 -2.660009e-04 9.999997e-01 6.712973e-04 -2.747853e-01 1.151461e-02 -6.681907e-04 9.999334e-01 1.068066e+01
9.997314e-01 -8.885285e-04 2.315797e-02 5.379364e-01 9.076547e-04 9.999993e-01 -8.153963e-04 -2.980405e-01 -2.315719e-02 8.361959e-04 9.997314e-01 1.165076e+01
9.999296e-01 -4.854551e-04 1.185438e-02 6.151572e-01 4.892790e-04 9.999998e-01 -3.196614e-04 -3.174640e-01 -1.185418e-02 3.254380e-04 9.999296e-01 1.235476e+01
9.999307e-01 -5.048330e-04 1.176256e-02 6.645436e-01 5.088312e-04 9.999998e-01 -3.368991e-04 -3.388078e-01 -1.176235e-02 3.428599e-04 9.999307e-01 1.317959e+01
9.996939e-01 -9.000745e-04 2.472399e-02 7.292726e-01 9.221776e-04 9.999992e-01 -8.825958e-04 -3.549454e-01 -2.472313e-02 9.051244e-04 9.996938e-01 1.376817e+01
9.999351e-01 -5.020369e-04 1.138228e-02 8.133362e-01 5.057054e-04 9.999998e-01 -3.193967e-04 -3.724552e-01 -1.138206e-02 3.251307e-04 9.999351e-01 1.438041e+01
9.999988e-01 -2.688769e-05 -1.533640e-03 8.246721e-01 2.728262e-05 1.000000e+00 2.572300e-04 -3.951195e-01 1.533683e-03 -2.572729e-04 9.999987e-01 1.532190e+01
9.999983e-01 -2.192076e-04 1.805654e-03 7.962648e-01 2.189685e-04 1.000000e+00 1.328554e-04 -4.186712e-01 -1.805633e-03 -1.324611e-04 9.999983e-01 1.636801e+01
9.999982e-01 -1.227566e-04 1.880613e-03 7.820342e-01 1.227077e-04 1.000000e+00 2.634356e-05 -4.401769e-01 -1.880566e-03 -2.611407e-05 9.999981e-01 1.730385e+01
1.000000e+00 -1.616083e-04 -1.140959e-04 7.562580e-01 1.616343e-04 1.000000e+00 2.246619e-04 -4.619864e-01 1.141106e-04 -2.246817e-04 9.999999e-01 1.826880e+01
9.999990e-01 -1.101294e-04 1.429205e-03 7.236535e-01 1.100450e-04 1.000000e+00 5.940687e-05 -4.839433e-01 -1.429160e-03 -5.925082e-05 9.999989e-01 1.925174e+01
9.999941e-01 -2.302190e-04 3.412365e-03 7.146948e-01 2.302469e-04 1.000000e+00 -7.662482e-06 -5.024381e-01 -3.412312e-03 8.446832e-06 9.999941e-01 2.005073e+01
9.999841e-01 -2.867138e-04 5.637833e-03 7.172266e-01 2.870873e-04 1.000000e+00 -6.536230e-05 -5.233669e-01 -5.637762e-03 6.697849e-05 9.999840e-01 2.093373e+01
9.999902e-01 -9.190758e-06 -4.419235e-03 6.833722e-01 1.105711e-05 9.999999e-01 4.222108e-04 -5.479546e-01 4.419283e-03 -4.222568e-04 9.999901e-01 2.203394e+01
9.999894e-01 -3.062883e-04 4.598203e-03 6.392263e-01 3.059762e-04 1.000000e+00 6.866251e-05 -5.752968e-01 -4.598172e-03 -6.725609e-05 9.999893e-01 2.327365e+01
9.999889e-01 -7.255036e-06 -4.701399e-03 5.893689e-01 9.454718e-06 9.999999e-01 4.677766e-04 -6.030437e-01 4.701447e-03 -4.678171e-04 9.999887e-01 2.454189e+01
9.999853e-01 -2.768240e-04 5.420059e-03 5.392826e-01 2.773598e-04 1.000000e+00 -9.803146e-05 -6.265121e-01 -5.419979e-03 9.953214e-05 9.999852e-01 2.562065e+01
9.999961e-01 -1.035561e-04 -2.783573e-03 5.023481e-01 1.046776e-04 9.999999e-01 4.026276e-04 -6.521579e-01 2.783583e-03 -4.029186e-04 9.999960e-01 2.677434e+01
9.999954e-01 -2.323279e-04 3.019115e-03 4.437288e-01 2.320098e-04 1.000000e+00 1.058445e-04 -6.796908e-01 -3.019087e-03 -1.051447e-04 9.999953e-01 2.804715e+01
9.999961e-01 -1.851846e-05 -2.785490e-03 4.157531e-01 1.933486e-05 1.000000e+00 2.929422e-04 -7.036976e-01 2.785537e-03 -2.929960e-04 9.999960e-01 2.911343e+01
9.999957e-01 -2.508468e-04 2.911950e-03 3.785011e-01 2.504420e-04 1.000000e+00 1.394797e-04 -7.285264e-01 -2.911932e-03 -1.387508e-04 9.999957e-01 3.022985e+01
9.999959e-01 -1.900453e-05 -2.875538e-03 3.286308e-01 1.984424e-05 1.000000e+00 2.918783e-04 -7.525815e-01 2.875585e-03 -2.919352e-04 9.999957e-01 3.133328e+01
9.999951e-01 -2.402698e-04 3.122106e-03 2.614029e-01 2.400456e-04 1.000000e+00 7.229437e-05 -7.740732e-01 -3.122071e-03 -7.154557e-05 9.999950e-01 3.235610e+01
9.999955e-01 -3.306840e-05 -2.985411e-03 2.106747e-01 3.405992e-05 9.999999e-01 3.319685e-04 -7.976347e-01 2.985453e-03 -3.320696e-04 9.999954e-01 3.344029e+01
9.999950e-01 -2.480352e-04 3.142117e-03 1.761611e-01 2.476433e-04 1.000000e+00 1.251959e-04 -8.235802e-01 -3.142095e-03 -1.244181e-04 9.999950e-01 3.460211e+01
9.999938e-01 -5.459505e-05 -3.518284e-03 1.159849e-01 5.607527e-05 9.999999e-01 4.205434e-04 -8.503289e-01 3.518313e-03 -4.207390e-04 9.999936e-01 3.584312e+01
9.999945e-01 -3.063526e-04 3.298249e-03 1.097500e-02 3.057990e-04 9.999999e-01 1.684119e-04 -8.777518e-01 -3.298248e-03 -1.674032e-04 9.999945e-01 3.719022e+01
9.999926e-01 2.261391e-05 -3.834196e-03 -2.075920e-02 -2.098043e-05 9.999999e-01 4.260036e-04 -9.065654e-01 3.834257e-03 -4.259208e-04 9.999925e-01 3.847665e+01
9.999949e-01 -2.679566e-04 3.169560e-03 -3.782660e-02 2.674568e-04 1.000000e+00 1.581703e-04 -9.344490e-01 -3.169550e-03 -1.573225e-04 9.999949e-01 3.969896e+01
9.999943e-01 1.771971e-05 -3.369591e-03 -6.443315e-02 -1.655882e-05 9.999999e-01 3.444783e-04 -9.601833e-01 3.369649e-03 -3.444212e-04 9.999942e-01 4.084498e+01
9.999929e-01 -3.197990e-04 3.746363e-03 -1.124526e-01 3.194848e-04 9.999999e-01 8.453022e-05 -9.853905e-01 -3.746337e-03 -8.333339e-05 9.999929e-01 4.199927e+01
9.999936e-01 4.923428e-05 -3.578277e-03 -1.503285e-01 -4.793204e-05 9.999999e-01 3.639569e-04 -1.010266e+00 3.578347e-03 -3.637837e-04 9.999934e-01 4.312335e+01
9.999935e-01 -3.464184e-04 3.576714e-03 -2.115454e-01 3.460539e-04 9.999999e-01 1.026014e-04 -1.035137e+00 -3.576696e-03 -1.013636e-04 9.999935e-01 4.428645e+01
9.999963e-01 4.372666e-05 -2.708113e-03 -2.264786e-01 -4.279968e-05 9.999999e-01 3.422838e-04 -1.062863e+00 2.708180e-03 -3.421673e-04 9.999962e-01 4.549624e+01
9.999934e-01 -2.649713e-04 3.627091e-03 -2.204374e-01 2.650756e-04 1.000000e+00 -2.822649e-05 -1.086015e+00 -3.627030e-03 2.918720e-05 9.999933e-01 4.647116e+01
1.000000e+00 -1.093503e-04 9.323286e-06 -2.112887e-01 1.093480e-04 1.000000e+00 2.643487e-04 -1.111594e+00 -9.299117e-06 -2.643482e-04 9.999999e-01 4.754926e+01
9.999929e-01 -3.147658e-04 3.740056e-03 -2.291610e-01 3.147443e-04 1.000000e+00 6.368146e-06 -1.138680e+00 -3.740004e-03 -5.191471e-06 9.999929e-01 4.873899e+01
9.999991e-01 -1.473225e-04 -1.320425e-03 -2.602731e-01 1.479856e-04 9.999999e-01 5.019556e-04 -1.172390e+00 1.320404e-03 -5.021511e-04 9.999989e-01 5.023904e+01
9.999982e-01 -1.413444e-04 1.882736e-03 -2.907113e-01 1.414855e-04 1.000000e+00 -7.474500e-05 -1.198184e+00 -1.882671e-03 7.501078e-05 9.999981e-01 5.138891e+01
1.000000e+00 -2.046243e-04 1.145388e-04 -2.906854e-01 2.045748e-04 9.999999e-01 4.339472e-04 -1.226049e+00 -1.145737e-04 -4.339242e-04 9.999998e-01 5.258133e+01
9.999922e-01 -2.038215e-04 3.941501e-03 -2.232605e-01 2.042389e-04 1.000000e+00 -1.054672e-04 -1.257325e+00 -3.941425e-03 1.062709e-04 9.999921e-01 5.381608e+01
9.999953e-01 -1.637570e-04 -3.055336e-03 -2.293721e-01 1.658434e-04 9.999998e-01 6.825787e-04 -1.290575e+00 3.055278e-03 -6.830826e-04 9.999950e-01 5.525808e+01
9.999920e-01 -2.334881e-04 3.984453e-03 -2.683261e-01 2.339797e-04 1.000000e+00 -1.228930e-04 -1.322850e+00 -3.984370e-03 1.238240e-04 9.999920e-01 5.670746e+01
9.999910e-01 -1.463554e-04 -4.242586e-03 -3.066257e-01 1.499089e-04 9.999996e-01 8.372445e-04 -1.357463e+00 4.242516e-03 -8.378732e-04 9.999906e-01 5.826001e+01
9.999911e-01 -3.021954e-04 4.212031e-03 -3.171299e-01 3.021096e-04 1.000000e+00 2.101580e-05 -1.399175e+00 -4.211983e-03 -1.974334e-05 9.999910e-01 6.008167e+01
9.999907e-01 -9.313252e-05 -4.312980e-03 -3.109556e-01 9.649488e-05 9.999997e-01 7.793700e-04 -1.438622e+00 4.312960e-03 -7.797791e-04 9.999903e-01 6.177802e+01
9.999909e-01 -2.276864e-04 4.255756e-03 -2.969265e-01 2.282799e-04 1.000000e+00 -1.389470e-04 -1.472597e+00 -4.255670e-03 1.399171e-04 9.999908e-01 6.321708e+01
9.999935e-01 -1.594533e-04 -3.590084e-03 -2.901096e-01 1.622761e-04 9.999997e-01 7.859721e-04 -1.509227e+00 3.590012e-03 -7.865497e-04 9.999932e-01 6.478276e+01
9.999859e-01 -4.177721e-04 5.286384e-03 -3.113211e-01 4.176665e-04 9.999999e-01 2.108159e-05 -1.554826e+00 -5.286338e-03 -1.887334e-05 9.999859e-01 6.678902e+01
9.999998e-01 -4.654437e-04 2.986275e-04 -3.451372e-01 4.652037e-04 9.999996e-01 8.033672e-04 -1.609724e+00 -2.989463e-04 -8.032281e-04 9.999995e-01 6.922824e+01
9.999721e-01 -6.181935e-04 7.444411e-03 -4.090035e-01 6.175945e-04 9.999998e-01 8.277289e-05 -1.671108e+00 -7.444406e-03 -7.817286e-05 9.999722e-01 7.199720e+01
9.999921e-01 -1.301598e-04 -3.968780e-03 -4.490922e-01 1.334118e-04 9.999997e-01 8.191373e-04 -1.723690e+00 3.968728e-03 -8.196602e-04 9.999917e-01 7.434517e+01
9.999702e-01 -3.746350e-04 7.714882e-03 -4.167120e-01 3.771949e-04 9.999999e-01 -3.303650e-04 -1.761915e+00 -7.714701e-03 3.332654e-04 9.999701e-01 7.594049e+01
9.999797e-01 -2.036388e-05 -6.371502e-03 -3.734354e-01 2.658197e-05 9.999995e-01 9.758440e-04 -1.801206e+00 6.371535e-03 -9.759933e-04 9.999791e-01 7.756281e+01
9.999763e-01 -4.186649e-04 6.874729e-03 -3.349865e-01 4.196506e-04 9.999999e-01 -1.419533e-04 -1.845561e+00 -6.874612e-03 1.448352e-04 9.999763e-01 7.941629e+01
9.999809e-01 -1.828923e-04 -6.170099e-03 -3.551931e-01 1.902731e-04 9.999993e-01 1.195674e-03 -1.897200e+00 6.169932e-03 -1.196824e-03 9.999802e-01 8.168791e+01
9.999732e-01 -3.037282e-04 7.309853e-03 -3.773093e-01 3.069337e-04 9.999999e-01 -4.374210e-04 -1.938231e+00 -7.309662e-03 4.396534e-04 9.999731e-01 8.349454e+01
9.999766e-01 6.571494e-05 -6.839559e-03 -3.341244e-01 -5.954870e-05 9.999996e-01 9.017704e-04 -1.967884e+00 6.839672e-03 -9.013415e-04 9.999761e-01 8.469178e+01
9.999799e-01 -1.681124e-04 6.337217e-03 -1.414691e-01 1.702356e-04 9.999999e-01 -3.345234e-04 -2.004184e+00 -6.337104e-03 3.355960e-04 9.999798e-01 8.592740e+01
9.999777e-01 -1.763146e-04 -6.677564e-03 -1.660922e-01 1.830837e-04 9.999995e-01 1.013131e-03 -2.037838e+00 6.677439e-03 -1.014330e-03 9.999771e-01 8.741255e+01
9.999799e-01 -1.888355e-04 6.338789e-03 -1.845455e-01 1.906846e-04 9.999999e-01 -2.911483e-04 -2.073319e+00 -6.338677e-03 2.923518e-04 9.999798e-01 8.896964e+01
9.999847e-01 -1.769941e-04 -5.522801e-03 -1.893086e-01 1.818170e-04 9.999996e-01 8.728077e-04 -2.107247e+00 5.522701e-03 -8.737979e-04 9.999843e-01 9.043348e+01
9.999825e-01 -1.717901e-04 5.915537e-03 -2.017941e-01 1.734812e-04 9.999999e-01 -2.854013e-04 -2.140014e+00 -5.915432e-03 2.864232e-04 9.999824e-01 9.185915e+01
9.999823e-01 -1.673672e-04 -5.950084e-03 -2.291816e-01 1.726732e-04 9.999996e-01 8.912823e-04 -2.171983e+00 5.949989e-03 -8.922931e-04 9.999818e-01 9.327275e+01
9.999835e-01 -2.218603e-04 5.737492e-03 -2.708002e-01 2.229106e-04 1.000000e+00 -1.824639e-04 -2.206775e+00 -5.737395e-03 1.837406e-04 9.999834e-01 9.483655e+01
9.999822e-01 -1.395934e-04 -5.964619e-03 -3.043738e-01 1.447320e-04 9.999996e-01 8.611316e-04 -2.240334e+00 5.964553e-03 -8.619786e-04 9.999817e-01 9.633457e+01
9.999833e-01 -1.719362e-04 5.770142e-03 -3.309745e-01 1.736023e-04 9.999999e-01 -2.882986e-04 -2.270236e+00 -5.770036e-03 2.892965e-04 9.999832e-01 9.765908e+01
9.999800e-01 -1.182578e-04 -6.320050e-03 -3.550137e-01 1.239156e-04 9.999996e-01 8.948735e-04 -2.300197e+00 6.319998e-03 -8.956378e-04 9.999795e-01 9.898216e+01
9.999826e-01 -1.829570e-04 5.898411e-03 -3.844916e-01 1.847830e-04 9.999999e-01 -3.090761e-04 -2.329792e+00 -5.898297e-03 3.101616e-04 9.999825e-01 1.002978e+02
9.999819e-01 -9.449725e-05 -6.008520e-03 -4.096473e-01 9.939339e-05 9.999997e-01 8.146196e-04 -2.357235e+00 6.008498e-03 -8.152011e-04 9.999815e-01 1.015113e+02
9.999792e-01 -2.373441e-04 6.441279e-03 -4.337762e-01 2.392116e-04 9.999999e-01 -2.892077e-04 -2.387416e+00 -6.441153e-03 2.907436e-04 9.999791e-01 1.028414e+02
9.999891e-01 -1.511287e-04 -4.673320e-03 -4.534458e-01 1.546835e-04 9.999997e-01 7.603742e-04 -2.418774e+00 4.673260e-03 -7.610876e-04 9.999887e-01 1.042163e+02
9.999872e-01 -1.146774e-04 5.058758e-03 -4.649701e-01 1.163058e-04 9.999999e-01 -3.216703e-04 -2.445234e+00 -5.058664e-03 3.222557e-04 9.999871e-01 1.053638e+02
9.999901e-01 -1.523845e-04 -4.449362e-03 -4.779663e-01 1.556588e-04 9.999997e-01 7.356416e-04 -2.471293e+00 4.449305e-03 -7.363257e-04 9.999897e-01 1.064954e+02
9.999881e-01 -1.595706e-04 4.878618e-03 -4.938442e-01 1.607596e-04 1.000000e+00 -2.434010e-04 -2.500475e+00 -4.878522e-03 2.441836e-04 9.999880e-01 1.077690e+02
9.999900e-01 -1.424610e-04 -4.473017e-03 -4.914607e-01 1.459409e-04 9.999997e-01 7.777518e-04 -2.531112e+00 4.472962e-03 -7.783956e-04 9.999896e-01 1.090787e+02
9.999880e-01 -1.477397e-04 4.900967e-03 -4.985617e-01 1.491675e-04 9.999999e-01 -2.910379e-04 -2.559835e+00 -4.900867e-03 2.917667e-04 9.999879e-01 1.103174e+02
9.999869e-01 -1.065584e-04 -5.120281e-03 -5.225640e-01 1.105464e-04 9.999997e-01 7.786578e-04 -2.586012e+00 5.120253e-03 -7.792123e-04 9.999865e-01 1.114730e+02
9.999876e-01 -1.182551e-04 4.979711e-03 -5.290383e-01 1.200351e-04 9.999999e-01 -3.572375e-04 -2.610920e+00 -4.979612e-03 3.578322e-04 9.999874e-01 1.125428e+02
9.999868e-01 -1.155293e-04 -5.126632e-03 -5.163373e-01 1.198526e-04 9.999996e-01 8.430750e-04 -2.638422e+00 5.126590e-03 -8.436769e-04 9.999864e-01 1.136992e+02
9.999856e-01 -1.023941e-04 5.361049e-03 -4.854362e-01 1.045869e-04 9.999999e-01 -4.088275e-04 -2.665464e+00 -5.360950e-03 4.093838e-04 9.999855e-01 1.148047e+02
9.999868e-01 -1.568185e-04 -5.143284e-03 -5.037807e-01 1.612245e-04 9.999996e-01 8.563375e-04 -2.691518e+00 5.143204e-03 -8.571539e-04 9.999863e-01 1.159446e+02
9.999842e-01 -9.387827e-05 5.618202e-03 -5.315410e-01 9.660517e-05 9.999999e-01 -4.851803e-04 -2.715248e+00 -5.618099e-03 4.857169e-04 9.999840e-01 1.169965e+02
9.999851e-01 -1.583092e-04 -5.450884e-03 -5.581192e-01 1.631986e-04 9.999996e-01 8.966333e-04 -2.739970e+00 5.450797e-03 -8.975080e-04 9.999847e-01 1.180894e+02
9.999864e-01 -1.483608e-04 5.202194e-03 -5.966414e-01 1.501354e-04 9.999999e-01 -3.408271e-04 -2.768625e+00 -5.202086e-03 3.416051e-04 9.999863e-01 1.193786e+02
9.999882e-01 -1.744349e-04 -4.858621e-03 -6.253018e-01 1.786288e-04 9.999996e-01 8.628651e-04 -2.798249e+00 4.858526e-03 -8.637212e-04 9.999877e-01 1.206906e+02
9.999879e-01 -1.774348e-04 4.922989e-03 -6.629443e-01 1.787904e-04 9.999999e-01 -2.750102e-04 -2.829596e+00 -4.922883e-03 2.758887e-04 9.999878e-01 1.220939e+02
9.999894e-01 -1.812281e-04 -4.605198e-03 -7.070651e-01 1.851461e-04 9.999996e-01 8.504710e-04 -2.860500e+00 4.605099e-03 -8.513129e-04 9.999889e-01 1.234901e+02
9.999856e-01 -1.672982e-04 5.362180e-03 -7.339153e-01 1.691637e-04 9.999999e-01 -3.475377e-04 -2.890748e+00 -5.362064e-03 3.484415e-04 9.999855e-01 1.248280e+02
9.999872e-01 -2.058949e-04 -5.046626e-03 -7.580956e-01 2.108080e-04 9.999995e-01 9.731367e-04 -2.924579e+00 5.046480e-03 -9.741864e-04 9.999867e-01 1.263193e+02
9.999866e-01 -1.776342e-04 5.177689e-03 -7.954303e-01 1.793188e-04 9.999999e-01 -3.250053e-04 -2.958226e+00 -5.177574e-03 3.259312e-04 9.999865e-01 1.278259e+02
9.999852e-01 -1.162335e-04 -5.435063e-03 -8.101735e-01 1.211319e-04 9.999996e-01 9.010479e-04 -2.988262e+00 5.435013e-03 -9.016911e-04 9.999847e-01 1.291378e+02
9.999763e-01 -2.031216e-04 6.877614e-03 -8.092182e-01 2.064933e-04 9.999999e-01 -4.896199e-04 -3.017030e+00 -6.877457e-03 4.910303e-04 9.999761e-01 1.303654e+02
9.999867e-01 -1.159568e-04 -5.146250e-03 -8.088297e-01 1.204450e-04 9.999996e-01 8.719433e-04 -3.045005e+00 5.146204e-03 -8.725497e-04 9.999863e-01 1.315589e+02
9.999573e-01 -3.348776e-04 9.231168e-03 -8.175804e-01 3.401595e-04 9.999998e-01 -5.706846e-04 -3.074455e+00 -9.230917e-03 5.738022e-04 9.999571e-01 1.328343e+02
9.999741e-01 -9.021262e-05 -7.193428e-03 -8.516533e-01 9.785684e-05 9.999994e-01 1.062403e-03 -3.107001e+00 7.193386e-03 -1.063078e-03 9.999735e-01 1.342840e+02
9.999553e-01 -3.491569e-04 9.445166e-03 -8.579558e-01 3.544811e-04 9.999998e-01 -5.620943e-04 -3.141590e+00 -9.444909e-03 5.654193e-04 9.999551e-01 1.357797e+02
9.999948e-01 -1.334178e-04 -3.225167e-03 -8.140223e-01 1.359406e-04 9.999997e-01 7.822023e-04 -3.171981e+00 3.225120e-03 -7.826346e-04 9.999944e-01 1.370109e+02
9.999872e-01 -2.314601e-04 5.045248e-03 -8.262101e-01 2.333340e-04 9.999999e-01 -3.709565e-04 -3.201384e+00 -5.045104e-03 3.721310e-04 9.999871e-01 1.382861e+02
9.999901e-01 -1.955800e-04 -4.443157e-03 -8.717989e-01 2.001715e-04 9.999994e-01 1.033107e-03 -3.236874e+00 4.443012e-03 -1.033984e-03 9.999895e-01 1.398842e+02
9.999887e-01 -2.400732e-04 4.752119e-03 -9.210670e-01 2.416586e-04 9.999999e-01 -3.331864e-04 -3.273041e+00 -4.751980e-03 3.343331e-04 9.999886e-01 1.415193e+02
9.999907e-01 -1.351151e-04 -4.316534e-03 -9.506180e-01 1.391841e-04 9.999995e-01 9.425134e-04 -3.306268e+00 4.316464e-03 -9.431032e-04 9.999901e-01 1.429931e+02
9.999911e-01 -2.360732e-04 4.209615e-03 -9.972918e-01 2.373309e-04 9.999999e-01 -2.984369e-04 -3.338744e+00 -4.209485e-03 2.994356e-04 9.999910e-01 1.444626e+02
9.999884e-01 -2.697619e-05 -4.820909e-03 -1.019261e+00 3.107661e-05 9.999996e-01 8.506212e-04 -3.366775e+00 4.820943e-03 -8.507589e-04 9.999879e-01 1.456954e+02
9.999923e-01 -1.923231e-04 3.918233e-03 -1.038178e+00 1.936907e-04 9.999999e-01 -3.488485e-04 -3.392388e+00 -3.918107e-03 3.496070e-04 9.999922e-01 1.468160e+02
9.999903e-01 -5.910995e-05 -4.391323e-03 -1.060627e+00 6.280721e-05 9.999996e-01 8.419762e-04 -3.419016e+00 4.391330e-03 -8.422415e-04 9.999899e-01 1.479844e+02
9.999903e-01 -2.048830e-04 4.400572e-03 -1.079750e+00 2.065006e-04 9.999999e-01 -3.673109e-04 -3.445769e+00 -4.400438e-03 3.682184e-04 9.999902e-01 1.491548e+02
9.999885e-01 -2.040437e-05 -4.785907e-03 -1.097369e+00 2.429902e-05 9.999997e-01 8.138708e-04 -3.470684e+00 4.785948e-03 -8.139754e-04 9.999881e-01 1.502405e+02
9.999889e-01 -2.413994e-04 4.704249e-03 -1.121628e+00 2.430396e-04 9.999999e-01 -3.482602e-04 -3.496929e+00 -4.704107e-03 3.494021e-04 9.999888e-01 1.513959e+02
9.999883e-01 -2.229322e-05 -4.833413e-03 -1.135082e+00 2.633619e-05 9.999996e-01 8.365596e-04 -3.524473e+00 4.833451e-03 -8.366747e-04 9.999879e-01 1.525908e+02
9.999901e-01 -2.658903e-04 4.439025e-03 -1.150939e+00 2.670694e-04 9.999999e-01 -2.652046e-04 -3.554164e+00 -4.438896e-03 2.663900e-04 9.999900e-01 1.538866e+02
9.999902e-01 -2.478128e-05 -4.430988e-03 -1.177102e+00 2.821844e-05 9.999997e-01 7.758248e-04 -3.582221e+00 4.431026e-03 -7.759397e-04 9.999898e-01 1.551270e+02
9.999888e-01 -2.366599e-04 4.717333e-03 -1.215423e+00 2.384089e-04 9.999999e-01 -3.703760e-04 -3.606230e+00 -4.717186e-03 3.714992e-04 9.999887e-01 1.562087e+02
9.999907e-01 -5.094130e-05 -4.302443e-03 -1.260414e+00 5.425313e-05 9.999997e-01 7.698292e-04 -3.630805e+00 4.302461e-03 -7.700529e-04 9.999904e-01 1.573267e+02
9.999902e-01 -2.110144e-04 4.427409e-03 -1.270188e+00 2.123454e-04 9.999999e-01 -3.003592e-04 -3.657867e+00 -4.427287e-03 3.012990e-04 9.999901e-01 1.584972e+02
9.999909e-01 -2.378832e-05 -4.260002e-03 -1.292835e+00 2.674696e-05 9.999998e-01 6.946561e-04 -3.681670e+00 4.260043e-03 -6.947611e-04 9.999906e-01 1.595435e+02
9.999926e-01 -1.765159e-04 3.834441e-03 -1.319605e+00 1.776950e-04 9.999999e-01 -3.073728e-04 -3.703855e+00 -3.834328e-03 3.080546e-04 9.999925e-01 1.605235e+02
9.999940e-01 -4.632583e-05 -3.452218e-03 -1.350078e+00 4.853552e-05 9.999998e-01 6.402434e-04 -3.725562e+00 3.452246e-03 -6.404044e-04 9.999937e-01 1.614891e+02
9.999944e-01 -1.698876e-04 3.350732e-03 -1.362904e+00 1.707172e-04 1.000000e+00 -2.475505e-04 -3.749340e+00 -3.350631e-03 2.481239e-04 9.999943e-01 1.625171e+02
9.999948e-01 2.744990e-07 -3.217522e-03 -1.347312e+00 1.628912e-06 9.999998e-01 5.918436e-04 -3.771777e+00 3.217580e-03 -5.918430e-04 9.999946e-01 1.634421e+02
9.999931e-01 -2.486767e-04 3.709993e-03 -1.371222e+00 2.495297e-04 9.999999e-01 -2.297054e-04 -3.795446e+00 -3.709877e-03 2.306323e-04 9.999930e-01 1.644840e+02
9.999930e-01 3.255383e-05 -3.738485e-03 -1.385062e+00 -3.022043e-05 9.999998e-01 6.244484e-04 -3.819006e+00 3.738563e-03 -6.243282e-04 9.999927e-01 1.655055e+02
9.999939e-01 -2.926502e-04 3.488096e-03 -1.406433e+00 2.931548e-04 9.999999e-01 -1.444348e-04 -3.845574e+00 -3.487995e-03 1.454593e-04 9.999938e-01 1.666713e+02
9.999932e-01 5.321781e-07 -3.688935e-03 -1.422984e+00 2.059602e-06 9.999998e-01 7.028244e-04 -3.875224e+00 3.688993e-03 -7.028243e-04 9.999929e-01 1.679656e+02
9.999891e-01 -3.570673e-04 4.653601e-03 -1.444316e+00 3.580163e-04 9.999999e-01 -2.032971e-04 -3.906127e+00 -4.653470e-03 2.049639e-04 9.999891e-01 1.693216e+02
9.999908e-01 5.157460e-05 -4.293430e-03 -1.453757e+00 -4.847597e-05 9.999997e-01 7.220329e-04 -3.935819e+00 4.293525e-03 -7.218151e-04 9.999904e-01 1.706084e+02
9.999894e-01 -3.461238e-04 4.580401e-03 -1.474569e+00 3.472074e-04 9.999999e-01 -2.360014e-04 -3.963791e+00 -4.580261e-03 2.375923e-04 9.999894e-01 1.718370e+02
9.999916e-01 5.822157e-05 -4.101590e-03 -1.482114e+00 -5.535606e-05 9.999998e-01 6.989756e-04 -3.992224e+00 4.101689e-03 -6.987397e-04 9.999913e-01 1.730608e+02
9.999841e-01 -3.561473e-04 5.627584e-03 -1.476268e+00 3.580462e-04 9.999999e-01 -3.365939e-04 -4.019288e+00 -5.627405e-03 3.386065e-04 9.999840e-01 1.742018e+02
9.999903e-01 4.184981e-05 -4.410159e-03 -1.485723e+00 -3.852319e-05 9.999997e-01 7.546112e-04 -4.047405e+00 4.410248e-03 -7.544308e-04 9.999899e-01 1.754147e+02
9.999910e-01 -2.856729e-04 4.222769e-03 -1.485746e+00 2.868271e-04 9.999999e-01 -2.729596e-04 -4.074871e+00 -4.222632e-03 2.741715e-04 9.999910e-01 1.765838e+02
9.999937e-01 6.595295e-05 -3.544237e-03 -1.450483e+00 -6.364595e-05 9.999998e-01 6.513069e-04 -4.101598e+00 3.544338e-03 -6.510740e-04 9.999934e-01 1.776629e+02
9.999845e-01 -3.550635e-04 5.549511e-03 -1.435376e+00 3.569702e-04 9.999999e-01 -3.427709e-04 -4.127271e+00 -5.549330e-03 3.447498e-04 9.999845e-01 1.787304e+02
9.999919e-01 7.544860e-06 -4.027543e-03 -1.451455e+00 -4.473278e-06 9.999997e-01 7.629056e-04 -4.156177e+00 4.027606e-03 -7.628782e-04 9.999915e-01 1.799885e+02
9.999674e-01 -3.822181e-04 8.070295e-03 -1.447071e+00 3.866605e-04 9.999998e-01 -5.490414e-04 -4.182558e+00 -8.070023e-03 5.521472e-04 9.999672e-01 1.811042e+02
9.999967e-01 -1.592611e-05 -2.555678e-03 -1.441369e+00 1.765146e-05 9.999998e-01 6.754888e-04 -4.206426e+00 2.555727e-03 -6.755285e-04 9.999964e-01 1.821055e+02
9.999962e-01 -2.681093e-04 2.747310e-03 -1.459650e+00 2.686674e-04 9.999999e-01 -2.031680e-04 -4.234176e+00 -2.747196e-03 2.039085e-04 9.999961e-01 1.833160e+02
9.999974e-01 -4.988248e-05 -2.296912e-03 -1.481656e+00 5.149352e-05 9.999998e-01 7.017999e-04 -4.263645e+00 2.296937e-03 -7.019131e-04 9.999970e-01 1.846078e+02
9.999952e-01 -2.613572e-04 3.087064e-03 -1.494506e+00 2.621158e-04 9.999999e-01 -2.456807e-04 -4.292534e+00 -3.086940e-03 2.464920e-04 9.999951e-01 1.858590e+02
9.999770e-01 2.500075e-04 -6.773415e-03 -1.473772e+00 -2.452145e-04 9.999997e-01 7.086069e-04 -4.312503e+00 6.773650e-03 -7.069263e-04 9.999767e-01 1.866439e+02
9.999868e-01 -3.676461e-04 5.132703e-03 -1.468573e+00 3.692132e-04 9.999999e-01 -3.046000e-04 -4.333306e+00 -5.132531e-03 3.064945e-04 9.999867e-01 1.875107e+02
9.999846e-01 1.857951e-04 -5.544257e-03 -1.462511e+00 -1.818553e-04 9.999997e-01 7.112914e-04 -4.357214e+00 5.544448e-03 -7.102688e-04 9.999843e-01 1.885136e+02
9.999979e-01 -8.762389e-05 -2.046533e-03 -1.455513e+00 8.743671e-05 1.000000e+00 -9.099978e-05 -4.376788e+00 2.046600e-03 9.082413e-05 9.999978e-01 1.893119e+02
9.999987e-01 3.590611e-05 -1.605285e-03 -1.463358e+00 -3.509135e-05 9.999999e-01 5.082667e-04 -4.394735e+00 1.605362e-03 -5.082062e-04 9.999985e-01 1.900756e+02
9.999985e-01 -2.300388e-04 1.681751e-03 -1.462762e+00 2.303208e-04 1.000000e+00 -1.681675e-04 -4.417639e+00 -1.681654e-03 1.685582e-04 9.999985e-01 1.910393e+02
9.999987e-01 2.378508e-05 -1.628577e-03 -1.472932e+00 -2.292877e-05 9.999999e-01 5.265122e-04 -4.440734e+00 1.628648e-03 -5.264706e-04 9.999984e-01 1.920282e+02
9.999971e-01 -2.644979e-04 2.386219e-03 -1.487372e+00 2.649729e-04 9.999999e-01 -1.992164e-04 -4.464170e+00 -2.386107e-03 1.998517e-04 9.999970e-01 1.930404e+02
9.999973e-01 1.047287e-04 -2.317246e-03 -1.487230e+00 -1.035856e-04 9.999999e-01 4.939216e-04 -4.484451e+00 2.317356e-03 -4.936766e-04 9.999971e-01 1.938932e+02
9.999976e-01 -2.659490e-04 2.171901e-03 -1.497180e+00 2.663926e-04 9.999999e-01 -2.044949e-04 -4.504040e+00 -2.171788e-03 2.050767e-04 9.999975e-01 1.947310e+02
9.999978e-01 2.963639e-05 -2.074990e-03 -1.509739e+00 -2.834965e-05 9.999998e-01 6.207061e-04 -4.529089e+00 2.075067e-03 -6.206423e-04 9.999976e-01 1.958130e+02
9.999974e-01 -2.732216e-04 2.251112e-03 -1.523557e+00 2.736885e-04 9.999999e-01 -2.076114e-04 -4.554212e+00 -2.250997e-03 2.082306e-04 9.999974e-01 1.969017e+02
9.999990e-01 5.262681e-05 -1.413330e-03 -1.521297e+00 -5.189085e-05 9.999999e-01 5.215936e-04 -4.577433e+00 1.413416e-03 -5.215160e-04 9.999988e-01 1.978794e+02
9.999988e-01 -2.586895e-04 1.503436e-03 -1.532649e+00 2.589462e-04 1.000000e+00 -1.713905e-04 -4.600053e+00 -1.503332e-03 1.717833e-04 9.999988e-01 1.988521e+02
9.999989e-01 5.135661e-05 -1.443000e-03 -1.537339e+00 -5.056868e-05 9.999998e-01 5.468970e-04 -4.623518e+00 1.443087e-03 -5.468196e-04 9.999987e-01 1.998525e+02
9.999996e-01 -2.043923e-04 8.907674e-04 -1.522303e+00 2.045408e-04 1.000000e+00 -1.679927e-04 -4.646114e+00 -8.906742e-04 1.681786e-04 9.999995e-01 2.007832e+02
9.999873e-01 1.669224e-04 -5.027318e-03 -1.497503e+00 -1.634513e-04 9.999997e-01 6.910877e-04 -4.667140e+00 5.027491e-03 -6.902534e-04 9.999870e-01 2.016140e+02
9.999980e-01 -3.161688e-04 1.967042e-03 -1.506335e+00 3.164931e-04 9.999999e-01 -1.651645e-04 -4.689638e+00 -1.966932e-03 1.657906e-04 9.999980e-01 2.025746e+02
9.999923e-01 1.822881e-04 -3.905029e-03 -1.462362e+00 -1.796700e-04 9.999998e-01 6.711031e-04 -4.715530e+00 3.905208e-03 -6.703924e-04 9.999921e-01 2.035948e+02
9.999896e-01 -3.964129e-04 4.551688e-03 -1.457132e+00 3.979353e-04 9.999999e-01 -3.338532e-04 -4.739133e+00 -4.551497e-03 3.356650e-04 9.999895e-01 2.045849e+02
9.999807e-01 -3.427468e-05 -6.211963e-03 -1.469524e+00 4.302426e-05 9.999990e-01 1.408578e-03 -4.784681e+00 6.211966e-03 -1.408814e-03 9.999796e-01 2.065729e+02
9.999877e-01 -3.721267e-04 4.948606e-03 -1.488426e+00 3.742201e-04 9.999998e-01 -4.223785e-04 -4.826928e+00 -4.948390e-03 4.242293e-04 9.999876e-01 2.084310e+02
9.999885e-01 4.986745e-05 -4.795956e-03 -1.542177e+00 -4.543184e-05 9.999996e-01 9.252406e-04 -4.854340e+00 4.796058e-03 -9.250079e-04 9.999880e-01 2.096893e+02
9.999875e-01 -4.126837e-04 4.972575e-03 -1.599637e+00 4.144563e-04 9.999999e-01 -3.557134e-04 -4.884324e+00 -4.972369e-03 3.577741e-04 9.999875e-01 2.110675e+02
9.999912e-01 6.870699e-05 -4.181367e-03 -1.641552e+00 -6.519019e-05 9.999996e-01 8.415127e-04 -4.913050e+00 4.181482e-03 -8.412285e-04 9.999908e-01 2.123644e+02
9.999875e-01 -3.555852e-04 4.992900e-03 -1.667374e+00 3.578259e-04 9.999998e-01 -4.481523e-04 -4.938762e+00 -4.992682e-03 4.499376e-04 9.999873e-01 2.134994e+02
9.999873e-01 7.336124e-05 -5.046189e-03 -1.710970e+00 -6.866966e-05 9.999996e-01 9.301603e-04 -4.964711e+00 5.046313e-03 -9.297976e-04 9.999867e-01 2.146770e+02
9.999859e-01 -4.199292e-04 5.287842e-03 -1.769377e+00 4.220946e-04 9.999998e-01 -4.086669e-04 -4.993216e+00 -5.287611e-03 4.108974e-04 9.999858e-01 2.159900e+02
9.999884e-01 7.965983e-05 -4.814703e-03 -1.809206e+00 -7.519856e-05 9.999996e-01 9.270521e-04 -5.022631e+00 4.814832e-03 -9.266749e-04 9.999879e-01 2.173125e+02
9.999888e-01 -4.224047e-04 4.703832e-03 -1.850384e+00 4.239683e-04 9.999999e-01 -3.317079e-04 -5.053534e+00 -4.703633e-03 3.337029e-04 9.999888e-01 2.187021e+02
9.999868e-01 1.212740e-04 -5.139076e-03 -1.929583e+00 -1.168321e-04 9.999996e-01 8.649047e-04 -5.079077e+00 5.139237e-03 -8.642884e-04 9.999863e-01 2.199205e+02
9.999887e-01 -3.291967e-04 4.740802e-03 -2.068698e+00 3.315374e-04 9.999998e-01 -4.932624e-04 -5.097152e+00 -4.740581e-03 4.948330e-04 9.999886e-01 2.209148e+02
9.999852e-01 7.030822e-05 -5.440450e-03 -2.144995e+00 -6.494513e-05 9.999995e-01 9.862100e-04 -5.120756e+00 5.440574e-03 -9.858375e-04 9.999846e-01 2.220405e+02
9.999887e-01 -3.538260e-04 4.747552e-03 -2.205650e+00 3.558862e-04 9.999998e-01 -4.334004e-04 -5.147220e+00 -4.747340e-03 4.350896e-04 9.999885e-01 2.232671e+02
9.999857e-01 7.924221e-05 -5.351135e-03 -2.255704e+00 -7.399875e-05 9.999995e-01 9.803384e-04 -5.173889e+00 5.351268e-03 -9.799238e-04 9.999851e-01 2.244863e+02
9.999881e-01 -3.415152e-04 4.867162e-03 -2.326643e+00 3.439976e-04 9.999998e-01 -5.095049e-04 -5.197404e+00 -4.866929e-03 5.111778e-04 9.999879e-01 2.256012e+02
9.999852e-01 6.247585e-05 -5.443359e-03 -2.376619e+00 -5.673514e-05 9.999994e-01 1.055043e-03 -5.224240e+00 5.443480e-03 -1.054714e-03 9.999845e-01 2.268276e+02
9.999889e-01 -3.421155e-04 4.700299e-03 -2.405843e+00 3.442589e-04 9.999998e-01 -4.555386e-04 -5.253356e+00 -4.700085e-03 4.571564e-04 9.999888e-01 2.281205e+02
9.999793e-01 1.647417e-04 -6.427603e-03 -2.412011e+00 -1.581460e-04 9.999995e-01 1.026877e-03 -5.279380e+00 6.427827e-03 -1.025834e-03 9.999787e-01 2.292400e+02
9.999884e-01 -3.686548e-04 4.806685e-03 -2.428980e+00 3.707779e-04 9.999998e-01 -4.411381e-04 -5.306039e+00 -4.806464e-03 4.429200e-04 9.999883e-01 2.304045e+02
9.999859e-01 9.661545e-05 -5.310890e-03 -2.458135e+00 -9.135415e-05 9.999995e-01 9.911793e-04 -5.333949e+00 5.311041e-03 -9.906752e-04 9.999853e-01 2.316440e+02
9.999875e-01 -3.454938e-04 4.979323e-03 -2.482365e+00 3.480638e-04 9.999998e-01 -5.155917e-04 -5.359706e+00 -4.979086e-03 5.173233e-04 9.999874e-01 2.327807e+02
9.999848e-01 7.219962e-05 -5.509407e-03 -2.507290e+00 -6.625238e-05 9.999994e-01 1.079922e-03 -5.388293e+00 5.509540e-03 -1.079535e-03 9.999841e-01 2.340425e+02
9.999896e-01 -2.990045e-04 4.541025e-03 -2.522126e+00 3.014362e-04 9.999998e-01 -5.351632e-04 -5.415256e+00 -4.540806e-03 5.365315e-04 9.999895e-01 2.352170e+02
9.999822e-01 7.546140e-05 -5.967479e-03 -2.538706e+00 -6.856379e-05 9.999993e-01 1.156322e-03 -5.443604e+00 5.967620e-03 -1.155887e-03 9.999814e-01 2.364560e+02
9.999956e-01 -1.813099e-04 2.947462e-03 -2.517896e+00 1.829592e-04 9.999998e-01 -5.598613e-04 -5.468893e+00 -2.947303e-03 5.604032e-04 9.999954e-01 2.374916e+02
9.999741e-01 2.541919e-04 -7.195594e-03 -2.391161e+00 -2.462848e-04 9.999994e-01 1.099968e-03 -5.493894e+00 7.195925e-03 -1.098163e-03 9.999734e-01 2.383209e+02
9.999880e-01 -2.506406e-04 4.881961e-03 -2.259539e+00 2.537302e-04 9.999998e-01 -6.325910e-04 -5.520246e+00 -4.881745e-03 6.338273e-04 9.999878e-01 2.392077e+02
9.999833e-01 2.849253e-04 -5.778524e-03 -2.034280e+00 -2.790307e-04 9.999994e-01 1.021147e-03 -5.549788e+00 5.778868e-03 -1.019512e-03 9.999827e-01 2.401029e+02
9.999892e-01 -3.720991e-04 4.629360e-03 -1.947141e+00 3.746906e-04 9.999998e-01 -5.592730e-04 -5.577157e+00 -4.629094e-03 5.610068e-04 9.999890e-01 2.411142e+02
9.999850e-01 3.254051e-04 -5.473618e-03 -1.760813e+00 -3.195763e-04 9.999994e-01 1.066018e-03 -5.610257e+00 5.474018e-03 -1.064248e-03 9.999844e-01 2.422203e+02
9.999888e-01 -4.400973e-04 4.703331e-03 -1.697572e+00 4.430499e-04 9.999997e-01 -6.270808e-04 -5.636791e+00 -4.702998e-03 6.291629e-04 9.999887e-01 2.432350e+02
9.999841e-01 4.126240e-04 -5.615783e-03 -1.597764e+00 -4.070772e-04 9.999994e-01 9.891100e-04 -5.660783e+00 5.616244e-03 -9.868029e-04 9.999837e-01 2.440787e+02
9.999917e-01 -3.642525e-04 4.050896e-03 -1.372590e+00 3.664341e-04 9.999998e-01 -5.382380e-04 -5.691792e+00 -4.050643e-03 5.397233e-04 9.999916e-01 2.450206e+02
9.999749e-01 7.164525e-04 -7.052557e-03 -6.771286e-01 -7.075500e-04 9.999989e-01 1.264951e-03 -5.746919e+00 7.053512e-03 -1.259924e-03 9.999742e-01 2.462711e+02
9.999914e-01 1.331951e-04 4.149610e-03 6.245509e-01 -1.307874e-04 9.999998e-01 -5.808752e-04 -5.818579e+00 -4.149631e-03 5.803331e-04 9.999911e-01 2.472815e+02
9.999838e-01 7.800038e-05 -5.686243e-03 1.212772e+00 -7.110546e-05 9.999993e-01 1.213049e-03 -5.870173e+00 5.686389e-03 -1.212619e-03 9.999830e-01 2.485601e+02
9.999904e-01 -1.539625e-04 4.368914e-03 1.496779e+00 1.560256e-04 9.999999e-01 -4.722845e-04 -5.915719e+00 -4.368786e-03 4.729674e-04 9.999903e-01 2.500476e+02
9.999813e-01 -9.713000e-06 -6.110249e-03 1.667487e+00 1.774988e-05 9.999991e-01 1.315537e-03 -5.960746e+00 6.110286e-03 -1.315615e-03 9.999804e-01 2.516819e+02
9.999977e-01 8.613957e-05 2.136800e-03 2.020516e+00 -8.525591e-05 9.999999e-01 -4.144440e-04 -6.010843e+00 -2.136781e-03 4.142667e-04 9.999975e-01 2.532334e+02
9.999595e-01 2.692932e-04 -9.000021e-03 2.576332e+00 -2.561329e-04 9.999989e-01 1.463566e-03 -6.068922e+00 9.000459e-03 -1.461196e-03 9.999583e-01 2.547833e+02
9.999848e-01 -2.869008e-04 5.496036e-03 2.888261e+00 2.896914e-04 9.999998e-01 -5.072805e-04 -6.121980e+00 -5.495836e-03 5.088711e-04 9.999847e-01 2.565236e+02
9.999642e-01 2.480440e-04 -8.461129e-03 3.188232e+00 -2.356943e-04 9.999989e-01 1.460756e-03 -6.174994e+00 8.461536e-03 -1.458703e-03 9.999630e-01 2.582881e+02
9.999946e-01 -7.382570e-05 3.290884e-03 3.551693e+00 7.567388e-05 9.999998e-01 -5.620295e-04 -6.223648e+00 -3.290789e-03 5.622818e-04 9.999943e-01 2.597485e+02
9.999799e-01 -3.974451e-05 -6.342553e-03 3.740423e+00 4.923473e-05 9.999989e-01 1.496409e-03 -6.271545e+00 6.342540e-03 -1.496684e-03 9.999787e-01 2.614646e+02
9.999977e-01 5.598250e-06 2.158436e-03 4.024085e+00 -4.665253e-06 9.999999e-01 -4.331035e-04 -6.325943e+00 -2.158385e-03 4.330989e-04 9.999975e-01 2.633083e+02
9.999703e-01 -1.008420e-04 -7.711117e-03 4.275480e+00 1.142789e-04 9.999985e-01 1.742352e-03 -6.386480e+00 7.710981e-03 -1.743175e-03 9.999687e-01 2.654481e+02
9.999967e-01 4.412304e-05 2.568167e-03 4.626930e+00 -4.305649e-05 9.999999e-01 -4.160703e-04 -6.452508e+00 -2.568133e-03 4.159651e-04 9.999965e-01 2.676763e+02
9.999680e-01 3.353331e-05 -8.003439e-03 5.057178e+00 -2.052775e-05 9.999987e-01 1.625304e-03 -6.516180e+00 8.003534e-03 -1.625081e-03 9.999666e-01 2.696746e+02
9.999878e-01 -3.195945e-04 4.929859e-03 5.161036e+00 3.220461e-04 9.999998e-01 -4.968939e-04 -6.567341e+00 -4.929648e-03 4.984824e-04 9.999876e-01 2.716918e+02
9.999661e-01 1.315063e-04 -8.233009e-03 5.302354e+00 -1.187542e-04 9.999988e-01 1.549591e-03 -6.617054e+00 8.233254e-03 -1.548554e-03 9.999648e-01 2.735676e+02
9.999864e-01 -1.658090e-04 5.220457e-03 5.623763e+00 1.690147e-04 9.999998e-01 -6.139852e-04 -6.669684e+00 -5.220304e-03 6.148663e-04 9.999861e-01 2.752834e+02
9.999743e-01 -1.140381e-04 -7.162937e-03 5.718250e+00 1.254838e-04 9.999987e-01 1.597745e-03 -6.716571e+00 7.162795e-03 -1.598595e-03 9.999730e-01 2.771326e+02
9.999913e-01 -1.043542e-04 4.170449e-03 5.826263e+00 1.068349e-04 9.999998e-01 -5.950608e-04 -6.763316e+00 -4.170336e-03 5.955085e-04 9.999910e-01 2.789449e+02
9.999346e-01 1.082190e-04 -1.143181e-02 6.069277e+00 -8.700227e-05 9.999983e-01 1.856584e-03 -6.817325e+00 1.143204e-02 -1.855461e-03 9.999328e-01 2.808116e+02
9.999874e-01 -1.989583e-04 5.017164e-03 6.214027e+00 2.023549e-04 9.999998e-01 -6.768746e-04 -6.865633e+00 -5.016979e-03 6.778889e-04 9.999871e-01 2.826099e+02
9.999548e-01 1.032019e-04 -9.510514e-03 6.437170e+00 -8.596362e-05 9.999984e-01 1.813143e-03 -6.919751e+00 9.510734e-03 -1.812236e-03 9.999530e-01 2.845250e+02
9.999898e-01 -8.084178e-05 4.516763e-03 6.790666e+00 8.384111e-05 9.999998e-01 -6.642920e-04 -6.978342e+00 -4.516660e-03 6.646717e-04 9.999895e-01 2.864276e+02
9.999686e-01 2.692383e-05 -7.928935e-03 7.082594e+00 -1.378536e-05 9.999986e-01 1.657326e-03 -7.031657e+00 7.929016e-03 -1.657157e-03 9.999671e-01 2.882116e+02
9.999898e-01 -1.431283e-04 4.512974e-03 7.280901e+00 1.461027e-04 9.999998e-01 -6.592051e-04 -7.081731e+00 -4.512832e-03 6.598657e-04 9.999895e-01 2.900025e+02
9.999549e-01 2.110311e-04 -9.496732e-03 7.639204e+00 -1.945816e-04 9.999985e-01 1.733218e-03 -7.137754e+00 9.497130e-03 -1.731284e-03 9.999533e-01 2.917865e+02
9.999944e-01 -1.432290e-05 3.334419e-03 8.111179e+00 1.628029e-05 9.999998e-01 -5.875943e-04 -7.198521e+00 -3.334364e-03 5.876535e-04 9.999942e-01 2.935868e+02
9.999638e-01 1.831479e-04 -8.504714e-03 8.577790e+00 -1.693166e-04 9.999987e-01 1.627236e-03 -7.256865e+00 8.505047e-03 -1.625729e-03 9.999624e-01 2.952997e+02
9.999975e-01 1.704323e-04 2.220367e-03 9.213078e+00 -1.692430e-04 9.999998e-01 -5.367231e-04 -7.320939e+00 -2.220413e-03 5.363544e-04 9.999973e-01 2.969878e+02
9.999795e-01 -6.584045e-05 -6.395505e-03 9.792757e+00 7.664524e-05 9.999986e-01 1.689515e-03 -7.389990e+00 6.395430e-03 -1.689962e-03 9.999780e-01 2.989963e+02
9.999992e-01 2.288418e-04 1.201375e-03 1.042383e+01 -2.283069e-04 9.999999e-01 -4.470339e-04 -7.462218e+00 -1.201433e-03 4.467679e-04 9.999991e-01 3.010511e+02
9.999657e-01 2.528346e-04 -8.280435e-03 1.117588e+01 -2.397486e-04 9.999987e-01 1.581552e-03 -7.530400e+00 8.280868e-03 -1.579503e-03 9.999644e-01 3.027259e+02
9.999992e-01 4.513297e-04 -1.183266e-03 1.202774e+01 -4.518306e-04 9.999998e-01 -4.213916e-04 -7.597624e+00 1.183119e-03 4.219348e-04 9.999991e-01 3.041942e+02
9.999685e-01 3.999250e-04 -7.924574e-03 1.302822e+01 -3.877546e-04 9.999987e-01 1.537513e-03 -7.669591e+00 7.925220e-03 -1.534383e-03 9.999673e-01 3.056333e+02
9.999999e-01 4.509706e-04 1.443951e-04 1.408583e+01 -4.509002e-04 9.999998e-01 -5.011436e-04 -7.743181e+00 -1.445797e-04 5.010876e-04 9.999998e-01 3.070695e+02
9.999840e-01 7.367619e-07 -5.650546e-03 1.486761e+01 7.798130e-06 9.999989e-01 1.510779e-03 -7.810611e+00 5.650582e-03 -1.510789e-03 9.999828e-01 3.086893e+02
9.999998e-01 5.754858e-04 -5.971821e-05 1.578020e+01 -5.755176e-04 9.999997e-01 -5.001065e-04 -7.882211e+00 5.947070e-05 5.001502e-04 9.999998e-01 3.102861e+02
9.999858e-01 -6.629778e-05 -5.320647e-03 1.662030e+01 7.410975e-05 9.999989e-01 1.468418e-03 -7.950201e+00 5.320584e-03 -1.468782e-03 9.999847e-01 3.118411e+02
9.999976e-01 8.802836e-04 -1.982292e-03 1.762517e+01 -8.812937e-04 9.999995e-01 -5.077550e-04 -8.019067e+00 1.981884e-03 5.095104e-04 9.999978e-01 3.131544e+02
