9.984822e-01 9.983526e-04 -5.506629e-02 -2.600130e-01 -9.294585e-04 9.999988e-01 1.276709e-03 -9.614870e-03 5.506749e-02 -1.223589e-03 9.984818e-01 9.941101e-01
9.998886e-01 -2.863071e-04 1.492020e-02 -4.606259e-01 2.899397e-04 9.999999e-01 -2.412979e-04 -1.655789e-02 -1.492014e-02 2.455976e-04 9.998886e-01 1.729681e+00
9.987862e-01 9.054255e-04 -4.924832e-02 -5.367232e-01 -8.360507e-04 9.999986e-01 1.429252e-03 -1.930675e-02 4.924954e-02 -1.386343e-03 9.987854e-01 2.069838e+00
9.987285e-01 -8.511935e-04 5.040454e-02 -5.587015e-01 9.308490e-04 9.999984e-01 -1.556867e-03 -2.177182e-02 -5.040315e-02 1.601807e-03 9.987276e-01 2.362260e+00
9.998015e-01 5.021555e-04 -1.991972e-02 -5.394053e-01 -4.936351e-04 9.999998e-01 4.326506e-04 -2.245952e-02 1.991993e-02 -4.227310e-04 9.998014e-01 2.536172e+00
9.982855e-01 -8.152965e-04 5.852717e-02 -5.102087e-01 9.258614e-04 9.999978e-01 -1.862028e-03 -2.129484e-02 -5.852553e-02 1.913024e-03 9.982840e-01 2.628903e+00
9.984404e-01 8.980868e-04 -5.582012e-02 -5.521938e-01 -8.066006e-04 9.999983e-01 1.661455e-03 -2.680129e-02 5.582151e-02 -1.613839e-03 9.984394e-01 3.038035e+00
9.983702e-01 -8.410188e-04 5.706266e-02 -6.352349e-01 9.508250e-04 9.999977e-01 -1.897185e-03 -2.998334e-02 -5.706094e-02 1.948350e-03 9.983687e-01 3.412036e+00
9.997809e-01 5.927931e-04 -2.092243e-02 -6.532253e-01 -5.806649e-04 9.999997e-01 5.857436e-04 -2.617595e-02 2.092277e-02 -5.734660e-04 9.997808e-01 3.424661e+00
9.987680e-01 -7.778944e-04 4.961731e-02 -6.753153e-01 8.585234e-04 9.999983e-01 -1.603724e-03 -2.303001e-02 -4.961598e-02 1.644347e-03 9.987669e-01 3.447388e+00
9.995474e-01 6.877908e-04 -3.007370e-02 -7.271318e-01 -6.612888e-04 9.999994e-01 8.911719e-04 -2.151500e-02 3.007430e-02 -8.708810e-04 9.995472e-01 3.582628e+00
9.990592e-01 -6.646435e-04 4.336108e-02 -8.016944e-01 7.288752e-04 9.999987e-01 -1.465528e-03 -1.961371e-02 -4.336004e-02 1.495754e-03 9.990583e-01 3.726215e+00
9.998928e-01 4.428069e-04 -1.463758e-02 -8.350808e-01 -4.377909e-04 9.999998e-01 3.458789e-04 -1.676321e-02 1.463774e-02 -3.394336e-04 9.998927e-01 3.799004e+00
9.989572e-01 -6.657698e-04 4.565198e-02 -8.471109e-01 7.358825e-04 9.999986e-01 -1.519017e-03 -1.452848e-02 -4.565090e-02 1.551028e-03 9.989562e-01 3.876859e+00
9.998748e-01 4.447468e-04 -1.581795e-02 -8.654370e-01 -4.383140e-04 9.999998e-01 4.101351e-04 -1.160851e-02 1.581814e-02 -4.031507e-04 9.998747e-01 3.915058e+00
9.993685e-01 -5.241326e-04 3.552961e-02 -9.190030e-01 5.676035e-04 9.999991e-01 -1.213437e-03 -9.465451e-03 -3.552893e-02 1.232838e-03 9.993678e-01 4.024708e+00
9.997963e-01 4.088717e-04 -2.017929e-02 -9.899955e-01 -3.982103e-04 9.999998e-01 5.323451e-04 -8.540465e-03 2.017952e-02 -5.242014e-04 9.997961e-01 4.209023e+00
9.990696e-01 -5.450649e-04 4.312449e-02 -1.035104e+00 6.079438e-04 9.999988e-01 -1.444976e-03 -6.637032e-03 -4.312363e-02 1.469848e-03 9.990686e-01 4.325129e+00
9.984975e-01 9.904628e-04 -5.478810e-02 -1.143638e+00 -8.868932e-04 9.999978e-01 1.914646e-03 -2.838941e-03 5.478989e-02 -1.863178e-03 9.984961e-01 4.379677e+00
9.997547e-01 -4.970656e-04 2.214159e-02 -1.070930e+00 5.069878e-04 9.999998e-01 -4.425104e-04 -1.980061e-03 -2.214135e-02 4.536271e-04 9.997546e-01 4.358460e+00
9.997919e-01 4.746300e-04 -2.039418e-02 -9.735456e-01 -4.618296e-04 9.999997e-01 6.323510e-04 -1.329939e-03 2.039449e-02 -6.228010e-04 9.997917e-01 4.318623e+00
9.989515e-01 -6.331324e-04 4.577620e-02 -9.667579e-01 7.004576e-04 9.999987e-01 -1.454720e-03 1.059797e-03 -4.577520e-02 1.485259e-03 9.989506e-01 4.343892e+00
9.985914e-01 4.376144e-04 -5.305707e-02 -5.660612e-01 -3.142589e-04 9.999972e-01 2.333278e-03 -1.134021e-02 5.305796e-02 -2.313318e-03 9.985887e-01 4.453459e+00
9.994524e-01 -1.329700e-03 3.306363e-02 4.516503e-01 1.331669e-03 9.999991e-01 -3.753408e-05 -4.417866e-02 -3.306354e-02 8.154328e-05 9.994531e-01 4.696646e+00
9.993286e-01 5.851996e-04 -3.663309e-02 1.197682e+00 -5.359054e-04 9.999989e-01 1.355423e-03 -7.000064e-02 3.663386e-02 -1.334881e-03 9.993278e-01 5.020446e+00
9.993896e-01 -1.668564e-03 3.489380e-02 2.131769e+00 1.675517e-03 9.999986e-01 -1.700067e-04 -1.038674e-01 -3.489345e-02 2.283682e-04 9.993909e-01 5.409367e+00
9.996945e-01 5.542869e-04 -2.471007e-02 2.977107e+00 -5.269179e-04 9.999992e-01 1.114103e-03 -1.325830e-01 2.471069e-02 -1.100742e-03 9.996939e-01 5.693752e+00
9.984639e-01 -9.934488e-04 5.539675e-02 3.157593e+00 1.111565e-03 9.999972e-01 -2.101416e-03 -1.373810e-01 -5.539449e-02 2.159765e-03 9.984621e-01 5.821823e+00
9.995552e-01 5.104165e-04 -2.981921e-02 3.435181e+00 -4.673898e-04 9.999988e-01 1.449870e-03 -1.457273e-01 2.981994e-02 -1.435288e-03 9.995542e-01 5.965850e+00
9.994655e-01 -5.651999e-04 3.268745e-02 3.508245e+00 6.094190e-04 9.999989e-01 -1.342837e-03 -1.477355e-01 -3.268663e-02 1.362040e-03 9.994646e-01 6.050700e+00
9.995327e-01 6.927211e-04 -3.055984e-02 3.425212e+00 -6.548214e-04 9.999990e-01 1.250169e-03 -1.447888e-01 3.056070e-02 -1.229573e-03 9.995321e-01 6.103042e+00
9.994825e-01 -1.230655e-03 3.214301e-02 3.811731e+00 1.253444e-03 9.999990e-01 -6.888688e-04 -1.549231e-01 -3.214211e-02 7.288019e-04 9.994829e-01 6.084844e+00
9.994247e-01 8.001374e-04 -3.390582e-02 4.225080e+00 -7.446494e-04 9.999984e-01 1.649128e-03 -1.666593e-01 3.390711e-02 -1.622931e-03 9.994236e-01 6.104087e+00
9.989473e-01 -8.722481e-04 4.586408e-02 4.218468e+00 9.654432e-04 9.999975e-01 -2.009873e-03 -1.654655e-01 -4.586219e-02 2.052036e-03 9.989456e-01 6.133779e+00
9.995446e-01 8.154773e-04 -3.016482e-02 4.177538e+00 -7.728191e-04 9.999987e-01 1.425801e-03 -1.624824e-01 3.016596e-02 -1.401840e-03 9.995438e-01 6.167838e+00
9.990716e-01 -9.741609e-04 4.306862e-02 4.227660e+00 1.054537e-03 9.999977e-01 -1.843543e-03 -1.658603e-01 -4.306670e-02 1.887249e-03 9.990703e-01 6.359010e+00
9.992939e-01 9.081820e-04 -3.756259e-02 4.261495e+00 -8.450836e-04 9.999982e-01 1.695662e-03 -1.699174e-01 3.756409e-02 -1.662722e-03 9.992927e-01 6.565713e+00
9.992899e-01 -8.559559e-04 3.766804e-02 4.196939e+00 9.225258e-04 9.999980e-01 -1.749933e-03 -1.717927e-01 -3.766644e-02 1.783440e-03 9.992887e-01 6.777091e+00
9.994190e-01 7.560731e-04 -3.407594e-02 4.228043e+00 -7.038229e-04 9.999986e-01 1.545314e-03 -1.763945e-01 3.407709e-02 -1.520432e-03 9.994180e-01 7.002392e+00
9.992072e-01 -8.184931e-04 3.980293e-02 4.223708e+00 8.906294e-04 9.999980e-01 -1.794638e-03 -1.798774e-01 -3.980136e-02 1.828665e-03 9.992058e-01 7.254313e+00
9.992481e-01 8.854661e-04 -3.876101e-02 4.108815e+00 -8.248899e-04 9.999984e-01 1.578775e-03 -1.808016e-01 3.876238e-02 -1.545615e-03 9.992472e-01 7.517931e+00
9.992344e-01 -9.234432e-04 3.911087e-02 4.095421e+00 9.930533e-04 9.999980e-01 -1.760424e-03 -1.883216e-01 -3.910914e-02 1.797916e-03 9.992332e-01 7.927028e+00
9.993415e-01 6.520983e-04 -3.627871e-02 4.224788e+00 -5.966040e-04 9.999986e-01 1.540467e-03 -2.032852e-01 3.627969e-02 -1.517809e-03 9.993404e-01 8.498660e+00
9.991568e-01 -9.651189e-04 4.104461e-02 4.398478e+00 1.035511e-03 9.999980e-01 -1.693792e-03 -2.168137e-01 -4.104287e-02 1.734866e-03 9.991558e-01 8.958967e+00
9.993648e-01 7.433809e-04 -3.562797e-02 4.522336e+00 -6.851464e-04 9.999984e-01 1.646694e-03 -2.261764e-01 3.562916e-02 -1.621238e-03 9.993637e-01 9.313874e+00
9.991338e-01 -6.684272e-04 4.160819e-02 4.427959e+00 7.533778e-04 9.999977e-01 -2.026031e-03 -2.256967e-01 -4.160671e-02 2.055622e-03 9.991319e-01 9.518483e+00
9.990673e-01 6.235761e-04 -4.317573e-02 4.487260e+00 -5.280962e-04 9.999974e-01 2.222795e-03 -2.304609e-01 4.317703e-02 -2.197921e-03 9.990649e-01 9.689186e+00
9.989597e-01 -7.003504e-04 4.559640e-02 4.536678e+00 8.019658e-04 9.999972e-01 -2.210329e-03 -2.347347e-01 -4.559470e-02 2.244596e-03 9.989574e-01 9.859013e+00
9.992603e-01 7.521106e-04 -3.844848e-02 4.473125e+00 -6.786309e-04 9.999979e-01 1.924135e-03 -2.331983e-01 3.844987e-02 -1.896620e-03 9.992586e-01 9.959260e+00
9.991151e-01 -7.482941e-04 4.205349e-02 4.472354e+00 8.353349e-04 9.999975e-01 -2.052229e-03 -2.346964e-01 -4.205182e-02 2.085542e-03 9.991132e-01 1.008218e+01
9.992944e-01 6.726138e-04 -3.755295e-02 4.528601e+00 -5.971003e-04 9.999978e-01 2.022032e-03 -2.365065e-01 3.755425e-02 -1.998182e-03 9.992925e-01 1.013785e+01
9.991770e-01 -7.812105e-04 4.055398e-02 4.597394e+00 8.611387e-04 9.999977e-01 -1.953476e-03 -2.392540e-01 -4.055233e-02 1.986791e-03 9.991753e-01 1.021555e+01
9.992495e-01 6.387514e-04 -3.873006e-02 4.693566e+00 -5.594035e-04 9.999977e-01 2.059542e-03 -2.428199e-01 3.873132e-02 -2.036330e-03 9.992475e-01 1.027942e+01
9.992951e-01 -1.006630e-03 3.752777e-02 4.966494e+00 1.056470e-03 9.999986e-01 -1.308281e-03 -2.456715e-01 -3.752637e-02 1.347005e-03 9.992946e-01 1.005316e+01
9.995104e-01 4.630773e-04 -3.128486e-02 5.424330e+00 -4.025036e-04 9.999980e-01 1.942465e-03 -2.576389e-01 3.128572e-02 -1.928922e-03 9.995085e-01 1.005932e+01
9.991881e-01 -1.267545e-03 4.026738e-02 6.034351e+00 1.317821e-03 9.999984e-01 -1.222043e-03 -2.743648e-01 -4.026573e-02 1.274116e-03 9.991881e-01 1.010051e+01
9.992980e-01 1.046854e-03 -3.744879e-02 6.182276e+00 -9.951587e-04 9.999985e-01 1.399032e-03 -2.817390e-01 3.745024e-02 -1.360782e-03 9.992975e-01 1.028505e+01
9.992839e-01 -9.637324e-04 3.782440e-02 6.086439e+00 1.018668e-03 9.999985e-01 -1.433144e-03 -2.804538e-01 -3.782292e-02 1.470648e-03 9.992833e-01 1.039627e+01
9.993891e-01 1.047185e-03 -3.493243e-02 5.972186e+00 -1.002108e-03 9.999986e-01 1.307895e-03 -2.769816e-01 3.493378e-02 -1.272090e-03 9.993887e-01 1.045726e+01
9.992896e-01 -9.363143e-04 3.767492e-02 5.851234e+00 9.943670e-04 9.999983e-01 -1.522175e-03 -2.744758e-01 -3.767340e-02 1.558556e-03 9.992888e-01 1.058030e+01
9.994154e-01 9.537428e-04 -3.417636e-02 5.777376e+00 -9.107907e-04 9.999988e-01 1.272321e-03 -2.758394e-01 3.417757e-02 -1.240450e-03 9.994149e-01 1.081210e+01
9.993324e-01 -1.095663e-03 3.651759e-02 5.830101e+00 1.136919e-03 9.999987e-01 -1.108988e-03 -2.754645e-01 -3.651629e-02 1.149765e-03 9.993323e-01 1.074404e+01
9.994425e-01 1.103032e-03 -3.336725e-02 5.767170e+00 -1.071000e-03 9.999989e-01 9.778260e-04 -2.748854e-01 3.336832e-02 -9.415447e-04 9.994426e-01 1.085882e+01
9.993918e-01 -1.105099e-03 3.485453e-02 5.656920e+00 1.151754e-03 9.999985e-01 -1.318516e-03 -2.783620e-01 -3.485299e-02 1.357858e-03 9.993914e-01 1.124674e+01
9.994237e-01 1.044312e-03 -3.392924e-02 5.640724e+00 -1.005420e-03 9.999988e-01 1.163299e-03 -2.856597e-01 3.393044e-02 -1.128516e-03 9.994235e-01 1.165214e+01
9.993427e-01 -1.126645e-03 3.623279e-02 5.617343e+00 1.178787e-03 9.999983e-01 -1.417738e-03 -2.927849e-01 -3.623110e-02 1.459517e-03 9.993423e-01 1.207223e+01
9.994183e-01 1.174669e-03 -3.408364e-02 5.505209e+00 -1.137481e-03 9.999987e-01 1.110440e-03 -2.941532e-01 3.408493e-02 -1.071025e-03 9.994183e-01 1.235778e+01
9.993302e-01 -1.171269e-03 3.657486e-02 5.412815e+00 1.222576e-03 9.999983e-01 -1.380458e-03 -2.963134e-01 -3.657314e-02 1.424249e-03 9.993299e-01 1.265365e+01
9.993179e-01 1.286171e-03 -3.690598e-02 5.264672e+00 -1.241374e-03 9.999985e-01 1.236721e-03 -2.946247e-01 3.690754e-02 -1.190063e-03 9.993179e-01 1.283990e+01
9.992591e-01 -1.234563e-03 3.846755e-02 5.152808e+00 1.293006e-03 9.999980e-01 -1.494448e-03 -2.957577e-01 -3.846559e-02 1.543079e-03 9.992586e-01 1.311203e+01
9.993082e-01 1.262979e-03 -3.716837e-02 5.072253e+00 -1.215219e-03 9.999984e-01 1.307528e-03 -2.987079e-01 3.717000e-02 -1.261456e-03 9.993081e-01 1.341013e+01
9.992965e-01 -1.184374e-03 3.748541e-02 4.964097e+00 1.239742e-03 9.999982e-01 -1.453849e-03 -2.988284e-01 -3.748359e-02 1.499299e-03 9.992960e-01 1.360963e+01
9.993637e-01 1.249039e-03 -3.564708e-02 4.847429e+00 -1.206568e-03 9.999985e-01 1.212907e-03 -2.985039e-01 3.564858e-02 -1.169125e-03 9.993636e-01 1.381842e+01
9.991948e-01 -1.343056e-03 4.009857e-02 4.848363e+00 1.404145e-03 9.999979e-01 -1.495344e-03 -3.033725e-01 -4.009644e-02 1.550444e-03 9.991945e-01 1.411288e+01
9.994380e-01 1.141539e-03 -3.350320e-02 4.922093e+00 -1.100967e-03 9.999986e-01 1.229420e-03 -3.102846e-01 3.350460e-02 -1.191843e-03 9.994378e-01 1.441661e+01
9.989867e-01 -1.507554e-03 4.498076e-02 5.138013e+00 1.568292e-03 9.999979e-01 -1.315052e-03 -3.184019e-01 -4.497865e-02 1.384262e-03 9.989869e-01 1.458751e+01
9.995812e-01 1.222951e-03 -2.891378e-02 5.268462e+00 -1.198360e-03 9.999989e-01 8.678156e-04 -3.239062e-01 2.891485e-02 -8.328035e-04 9.995814e-01 1.478429e+01
9.994740e-01 -1.176049e-03 3.240751e-02 5.169346e+00 1.213845e-03 9.999986e-01 -1.146644e-03 -3.234026e-01 -3.240608e-02 1.185378e-03 9.994740e-01 1.497005e+01
9.995719e-01 1.213870e-03 -2.923150e-02 5.088016e+00 -1.185324e-03 9.999988e-01 9.938636e-04 -3.202438e-01 2.923271e-02 -9.587899e-04 9.995721e-01 1.499739e+01
9.994303e-01 -1.337417e-03 3.372375e-02 5.139673e+00 1.374304e-03 9.999985e-01 -1.070634e-03 -3.223093e-01 -3.372222e-02 1.116370e-03 9.994305e-01 1.507431e+01
9.995183e-01 1.107045e-03 -3.101545e-02 5.278337e+00 -1.072579e-03 9.999988e-01 1.127867e-03 -3.297775e-01 3.101670e-02 -1.094058e-03 9.995182e-01 1.526698e+01
9.994899e-01 -1.369837e-03 3.190610e-02 5.441247e+00 1.398242e-03 9.999986e-01 -8.679881e-04 -3.373512e-01 -3.190483e-02 9.121572e-04 9.994904e-01 1.541987e+01
9.995146e-01 1.218670e-03 -3.113128e-02 5.517057e+00 -1.187409e-03 9.999988e-01 1.022612e-03 -3.412623e-01 3.113253e-02 -9.851508e-04 9.995147e-01 1.552935e+01
9.995090e-01 -1.513005e-03 3.129654e-02 5.688019e+00 1.532879e-03 9.999986e-01 -6.110298e-04 -3.446078e-01 -3.129553e-02 6.587030e-04 9.995099e-01 1.547038e+01
9.995153e-01 1.284153e-03 -3.110425e-02 5.802097e+00 -1.255978e-03 9.999988e-01 9.253344e-04 -3.476499e-01 3.110544e-02 -8.858202e-04 9.995156e-01 1.547511e+01
9.994281e-01 -1.732504e-03 3.377071e-02 6.083011e+00 1.760448e-03 9.999981e-01 -7.977489e-04 -3.625856e-01 -3.376923e-02 8.567437e-04 9.994292e-01 1.581670e+01
9.995010e-01 7.697713e-04 -3.157654e-02 6.829491e+00 -7.129427e-04 9.999981e-01 1.810922e-03 -3.887186e-01 3.157792e-02 -1.787507e-03 9.994996e-01 1.603610e+01
9.994968e-01 -1.342166e-03 3.169053e-02 7.241309e+00 1.378591e-03 9.999984e-01 -1.127569e-03 -4.020519e-01 -3.168893e-02 1.170689e-03 9.994970e-01 1.610667e+01
9.995604e-01 1.022003e-03 -2.963058e-02 7.456870e+00 -9.816615e-04 9.999986e-01 1.375993e-03 -4.092667e-01 2.963199e-02 -1.346301e-03 9.995599e-01 1.617856e+01
9.995208e-01 -1.569423e-03 3.091334e-02 7.843940e+00 1.594705e-03 9.999984e-01 -7.932150e-04 -4.197621e-01 -3.091200e-02 8.421322e-04 9.995217e-01 1.614513e+01
9.994546e-01 8.577765e-04 -3.301001e-02 8.423938e+00 -7.997125e-04 9.999981e-01 1.772140e-03 -4.412429e-01 3.301151e-02 -1.744775e-03 9.994534e-01 1.635833e+01
9.995644e-01 -1.515110e-03 2.947394e-02 8.956197e+00 1.535307e-03 9.999986e-01 -6.626445e-04 -4.576161e-01 -2.947285e-02 7.076072e-04 9.995652e-01 1.639884e+01
9.995600e-01 9.201500e-04 -2.964621e-02 9.375150e+00 -8.728374e-04 9.999983e-01 1.608805e-03 -4.642022e-01 2.964768e-02 -1.582221e-03 9.995591e-01 1.613415e+01
9.995525e-01 -1.359976e-03 2.988085e-02 9.663367e+00 1.389988e-03 9.999986e-01 -9.836349e-04 -4.702247e-01 -2.987943e-02 1.024729e-03 9.995529e-01 1.601750e+01
9.995930e-01 1.399241e-03 -2.849446e-02 9.577784e+00 -1.373073e-03 9.999986e-01 9.379138e-04 -4.676174e-01 2.849577e-02 -8.984071e-04 9.995934e-01 1.605705e+01
9.995674e-01 -1.748048e-03 2.935810e-02 9.786125e+00 1.763299e-03 9.999983e-01 -4.936021e-04 -4.712116e-01 -2.935715e-02 5.451556e-04 9.995687e-01 1.595622e+01
9.995697e-01 1.494677e-03 -2.929600e-02 9.925004e+00 -1.467527e-03 9.999985e-01 9.482481e-04 -4.723255e-01 2.929741e-02 -9.048474e-04 9.995702e-01 1.584172e+01
9.995602e-01 -1.407998e-03 2.962025e-02 9.802198e+00 1.439202e-03 9.999984e-01 -1.032174e-03 -4.698871e-01 -2.961871e-02 1.074350e-03 9.995606e-01 1.594741e+01
9.995857e-01 1.480836e-03 -2.874564e-02 9.680383e+00 -1.454274e-03 9.999985e-01 9.449080e-04 -4.669579e-01 2.874704e-02 -9.027124e-04 9.995862e-01 1.603256e+01
9.995435e-01 -1.486823e-03 3.017531e-02 9.644841e+00 1.516997e-03 9.999984e-01 -9.770982e-04 -4.657207e-01 -3.017377e-02 1.022428e-03 9.995440e-01 1.606528e+01
9.995794e-01 1.317434e-03 -2.897022e-02 9.728240e+00 -1.284090e-03 9.999985e-01 1.169562e-03 -4.685594e-01 2.897176e-02 -1.131870e-03 9.995795e-01 1.610476e+01
9.995332e-01 -1.300089e-03 3.052484e-02 9.663080e+00 1.339091e-03 9.999983e-01 -1.257322e-03 -4.689056e-01 -3.052311e-02 1.297610e-03 9.995331e-01 1.624992e+01
9.995510e-01 1.364756e-03 -2.993178e-02 9.557367e+00 -1.331106e-03 9.999985e-01 1.144118e-03 -4.681780e-01 2.993333e-02 -1.103762e-03 9.995512e-01 1.640482e+01
9.995226e-01 -1.681023e-03 3.085063e-02 9.746524e+00 1.708527e-03 9.999982e-01 -8.651813e-04 -4.741300e-01 -3.084908e-02 9.174773e-04 9.995235e-01 1.644644e+01
9.995241e-01 1.317183e-03 -3.081882e-02 9.980019e+00 -1.279052e-03 9.999984e-01 1.256959e-03 -4.833029e-01 3.082047e-02 -1.216941e-03 9.995241e-01 1.657315e+01
9.995250e-01 -1.663202e-03 3.077242e-02 1.017834e+01 1.687984e-03 9.999983e-01 -7.793742e-04 -4.882780e-01 -3.077103e-02 8.309474e-04 9.995260e-01 1.653618e+01
9.995518e-01 1.588834e-03 -2.989327e-02 1.016872e+01 -1.562251e-03 9.999984e-01 9.126003e-04 -4.849227e-01 2.989471e-02 -8.654905e-04 9.995526e-01 1.640596e+01
9.995500e-01 -1.857071e-03 2.993974e-02 1.026896e+01 1.869285e-03 9.999982e-01 -3.799628e-04 -4.792520e-01 -2.993894e-02 4.357577e-04 9.995515e-01 1.598889e+01
9.995506e-01 1.547680e-03 -2.993561e-02 1.042635e+01 -1.519000e-03 9.999984e-01 9.807890e-04 -4.768279e-01 2.993712e-02 -9.348759e-04 9.995513e-01 1.564939e+01
9.995352e-01 -1.798079e-03 3.043146e-02 1.054720e+01 1.817672e-03 9.999982e-01 -6.161695e-04 -4.775465e-01 -3.043025e-02 6.711976e-04 9.995366e-01 1.551783e+01
9.995667e-01 1.696012e-03 -2.938501e-02 1.055285e+01 -1.675281e-03 9.999983e-01 7.300794e-04 -4.755838e-01 2.938624e-02 -6.805347e-04 9.995678e-01 1.543764e+01
9.995473e-01 -1.856340e-03 3.002897e-02 1.060265e+01 1.872231e-03 9.999981e-01 -5.010867e-04 -4.743478e-01 -3.002794e-02 5.570812e-04 9.995488e-01 1.531957e+01
9.995749e-01 1.707585e-03 -2.910549e-02 1.064041e+01 -1.687498e-03 9.999983e-01 7.146974e-04 -4.727092e-01 2.910670e-02 -6.652779e-04 9.995760e-01 1.520008e+01
9.995375e-01 -1.838912e-03 3.035370e-02 1.067843e+01 1.858116e-03 9.999981e-01 -6.045109e-04 -4.733734e-01 -3.035248e-02 6.606322e-04 9.995389e-01 1.520307e+01
9.995677e-01 1.834105e-03 -2.934470e-02 1.061648e+01 -1.819400e-03 9.999982e-01 5.278065e-04 -4.735561e-01 2.934566e-02 -4.741884e-04 9.995691e-01 1.533874e+01
9.995309e-01 -1.772584e-03 3.057446e-02 1.050552e+01 1.793998e-03 9.999982e-01 -6.729627e-04 -4.722339e-01 -3.057317e-02 7.274976e-04 9.995322e-01 1.548143e+01
9.995479e-01 1.849480e-03 -3.000890e-02 1.037923e+01 -1.833440e-03 9.999982e-01 5.620137e-04 -4.698795e-01 3.000992e-02 -5.067400e-04 9.995494e-01 1.559934e+01
9.995258e-01 -1.779332e-03 3.074093e-02 1.025871e+01 1.802123e-03 9.999981e-01 -7.136783e-04 -4.686475e-01 -3.073956e-02 7.687388e-04 9.995270e-01 1.576032e+01
9.995460e-01 1.823256e-03 -3.007500e-02 1.014804e+01 -1.807412e-03 9.999982e-01 5.539735e-04 -4.689184e-01 3.007600e-02 -4.993640e-04 9.995474e-01 1.597286e+01
9.995207e-01 -1.827858e-03 3.090391e-02 1.007431e+01 1.851082e-03 9.999980e-01 -7.228890e-04 -4.720819e-01 -3.090248e-02 7.797482e-04 9.995220e-01 1.626555e+01
9.995697e-01 1.825792e-03 -2.927524e-02 9.991361e+00 -1.811281e-03 9.999982e-01 5.221844e-04 -4.745740e-01 2.927618e-02 -4.689340e-04 9.995712e-01 1.654763e+01
9.995543e-01 -1.804719e-03 2.979803e-02 9.896578e+00 1.826069e-03 9.999981e-01 -6.892817e-04 -4.765260e-01 -2.979669e-02 7.433878e-04 9.995556e-01 1.681407e+01
9.996008e-01 1.825570e-03 -2.819523e-02 9.795958e+00 -1.812798e-03 9.999982e-01 4.785441e-04 -4.776772e-01 2.819610e-02 -4.272407e-04 9.996022e-01 1.706148e+01
9.995756e-01 -1.806051e-03 2.907458e-02 9.699769e+00 1.826126e-03 9.999981e-01 -6.639468e-04 -4.793402e-01 -2.907328e-02 7.167588e-04 9.995769e-01 1.731978e+01
9.995744e-01 1.756110e-03 -2.911767e-02 9.672041e+00 -1.739515e-03 9.999983e-01 5.952239e-04 -4.838294e-01 2.911871e-02 -5.443200e-04 9.995757e-01 1.759645e+01
9.995711e-01 -1.848661e-03 2.922637e-02 9.685954e+00 1.866449e-03 9.999981e-01 -5.813853e-04 -4.892410e-01 -2.922520e-02 6.356854e-04 9.995726e-01 1.785441e+01
9.996047e-01 1.893458e-03 -2.804924e-02 9.580559e+00 -1.881538e-03 9.999981e-01 4.513555e-04 -4.882759e-01 2.805008e-02 -3.984015e-04 9.996063e-01 1.800335e+01
9.995761e-01 -1.824823e-03 2.905520e-02 9.456999e+00 1.842659e-03 9.999981e-01 -5.871238e-04 -4.859069e-01 -2.905403e-02 6.404137e-04 9.995775e-01 1.811868e+01
9.996225e-01 1.885346e-03 -2.741023e-02 9.335841e+00 -1.875620e-03 9.999982e-01 3.805313e-04 -4.840733e-01 2.741094e-02 -3.289765e-04 9.996241e-01 1.825980e+01
9.995241e-01 -1.837117e-03 3.079364e-02 9.221421e+00 1.856979e-03 9.999981e-01 -6.164170e-04 -4.820872e-01 -3.079241e-02 6.733067e-04 9.995255e-01 1.840049e+01
9.996200e-01 1.913809e-03 -2.749719e-02 9.092478e+00 -1.902818e-03 9.999981e-01 4.258724e-04 -4.770720e-01 2.749799e-02 -3.733886e-04 9.996217e-01 1.841948e+01
9.997236e-01 -2.269860e-03 2.340180e-02 9.365694e+00 2.266647e-03 9.999974e-01 1.637951e-04 -4.887852e-01 -2.340207e-02 -1.107063e-04 9.997260e-01 1.862101e+01
9.996247e-01 1.269155e-03 -2.736653e-02 1.018056e+01 -1.230576e-03 9.999982e-01 1.426505e-03 -5.123605e-01 2.736834e-02 -1.392293e-03 9.996244e-01 1.861343e+01
9.995817e-01 -1.887813e-03 2.885747e-02 1.061986e+01 1.913278e-03 9.999978e-01 -8.548324e-04 -5.289942e-01 -2.885575e-02 9.096872e-04 9.995831e-01 1.879837e+01
9.996416e-01 1.099562e-03 -2.674889e-02 1.120820e+01 -1.055743e-03 9.999981e-01 1.652233e-03 -5.457990e-01 2.675070e-02 -1.623401e-03 9.996407e-01 1.878017e+01
9.995467e-01 -2.340563e-03 3.001361e-02 1.207458e+01 2.350911e-03 9.999972e-01 -3.095126e-04 -5.684562e-01 -3.001276e-02 3.799318e-04 9.995493e-01 1.865141e+01
9.996876e-01 1.974788e-03 -2.491717e-02 1.225813e+01 -1.970164e-03 9.999980e-01 2.101351e-04 -5.808277e-01 2.491758e-02 -1.609783e-04 9.996894e-01 1.903529e+01
9.996137e-01 -2.107836e-03 2.771437e-02 1.226444e+01 2.118506e-03 9.999977e-01 -3.556705e-04 -5.873536e-01 -2.771351e-02 4.142462e-04 9.996157e-01 1.938491e+01
9.996919e-01 2.078500e-03 -2.473256e-02 1.218296e+01 -2.075644e-03 9.999978e-01 1.411276e-04 -5.890126e-01 2.473284e-02 -8.974792e-05 9.996940e-01 1.964026e+01
9.997763e-01 -2.038871e-03 2.105380e-02 1.213407e+01 2.041813e-03 9.999979e-01 -1.182302e-04 -5.929411e-01 -2.105348e-02 1.611918e-04 9.997782e-01 1.995276e+01
9.998903e-01 1.972725e-03 -1.468233e-02 1.207163e+01 -1.975512e-03 9.999980e-01 -1.753502e-04 -5.942091e-01 1.468199e-02 2.043362e-04 9.998921e-01 2.023128e+01
9.997424e-01 -2.060154e-03 2.260216e-02 1.203525e+01 2.066347e-03 9.999978e-01 -2.506204e-04 -5.964483e-01 -2.260155e-02 2.972598e-04 9.997444e-01 2.049263e+01
9.998161e-01 2.027742e-03 -1.906905e-02 1.194319e+01 -2.029246e-03 9.999979e-01 -5.955815e-05 -5.981077e-01 1.906894e-02 9.824306e-05 9.998181e-01 2.077194e+01
9.995415e-01 -2.070240e-03 3.020728e-02 1.185203e+01 2.086674e-03 9.999977e-01 -5.125431e-04 -5.962689e-01 -3.020611e-02 5.753408e-04 9.995434e-01 2.094088e+01
9.998135e-01 2.051338e-03 -1.920396e-02 1.176646e+01 -2.052117e-03 9.999979e-01 -2.087369e-05 -5.940369e-01 1.920393e-02 6.027853e-05 9.998155e-01 2.107507e+01
9.995673e-01 -2.059372e-03 2.934320e-02 1.167021e+01 2.075029e-03 9.999977e-01 -5.031609e-04 -5.919366e-01 -2.934205e-02 5.638310e-04 9.995692e-01 2.123143e+01
9.999222e-01 1.983873e-03 -1.231318e-02 1.159260e+01 -1.987209e-03 9.999980e-01 -2.586554e-04 -5.883138e-01 1.231269e-02 2.831040e-04 9.999241e-01 2.132620e+01
9.996257e-01 -2.016507e-03 2.728241e-02 1.150983e+01 2.028151e-03 9.999979e-01 -3.991358e-04 -5.848874e-01 -2.728150e-02 4.543190e-04 9.996276e-01 2.142432e+01
9.998949e-01 1.940226e-03 -1.436993e-02 1.144133e+01 -1.943163e-03 9.999981e-01 -1.904469e-04 -5.829163e-01 1.436958e-02 2.183497e-04 9.998966e-01 2.155285e+01
9.997843e-01 -1.919855e-03 2.067836e-02 1.133569e+01 1.924458e-03 9.999981e-01 -2.027022e-04 -5.814505e-01 -2.067788e-02 2.424527e-04 9.997861e-01 2.173196e+01
9.998595e-01 1.922360e-03 -1.665071e-02 1.124125e+01 -1.924063e-03 9.999981e-01 -8.627234e-05 -5.812610e-01 1.665057e-02 1.182969e-04 9.998613e-01 2.193193e+01
9.995192e-01 -2.144090e-03 3.093081e-02 1.125732e+01 2.156969e-03 9.999976e-01 -3.830049e-04 -5.841172e-01 -3.092986e-02 4.495371e-04 9.995214e-01 2.215086e+01
9.997651e-01 2.036417e-03 -2.157880e-02 1.121821e+01 -2.036570e-03 9.999979e-01 1.489837e-05 -5.868484e-01 2.157884e-02 2.905141e-05 9.997671e-01 2.243778e+01
9.993842e-01 -2.214936e-03 3.501928e-02 1.121573e+01 2.234037e-03 9.999974e-01 -5.063361e-04 -5.892706e-01 -3.501801e-02 5.842580e-04 9.993864e-01 2.266675e+01
9.997592e-01 2.008919e-03 -2.185302e-02 1.124540e+01 -2.007906e-03 9.999980e-01 6.827799e-05 -5.927546e-01 2.185317e-02 -2.438332e-05 9.997611e-01 2.289468e+01
9.995853e-01 -2.727036e-03 2.866518e-02 1.173007e+01 2.718736e-03 9.999963e-01 3.285006e-04 -6.093886e-01 -2.866591e-02 -2.504321e-04 9.995889e-01 2.306153e+01
9.997196e-01 1.990186e-03 -2.359629e-02 1.225682e+01 -1.984548e-03 9.999980e-01 2.623332e-04 -6.303545e-01 2.359682e-02 -2.154322e-04 9.997214e-01 2.338431e+01
9.995761e-01 -2.888076e-03 2.897026e-02 1.285366e+01 2.881382e-03 9.999958e-01 2.728224e-04 -6.541305e-01 -2.897087e-02 -1.892330e-04 9.995801e-01 2.373444e+01
9.997339e-01 2.087617e-03 -2.297196e-02 1.339844e+01 -2.083197e-03 9.999978e-01 2.163316e-04 -6.763645e-01 2.297242e-02 -1.684194e-04 9.997360e-01 2.409159e+01
9.995186e-01 -2.600178e-03 3.091588e-02 1.366973e+01 2.610364e-03 9.999966e-01 -2.891047e-04 -6.910477e-01 -3.091497e-02 3.696666e-04 9.995219e-01 2.449010e+01
9.997802e-01 2.274815e-03 -2.084161e-02 1.381290e+01 -2.274189e-03 9.999974e-01 5.372877e-05 -6.992336e-01 2.084174e-02 -6.319747e-06 9.997827e-01 2.478409e+01
9.997595e-01 -2.214487e-03 2.181935e-02 1.367667e+01 2.220840e-03 9.999975e-01 -2.669013e-04 -6.980895e-01 -2.181864e-02 3.152936e-04 9.997618e-01 2.498374e+01
9.997740e-01 2.280544e-03 -2.113377e-02 1.353726e+01 -2.279242e-03 9.999974e-01 8.568568e-05 -6.964776e-01 2.113397e-02 -3.749793e-05 9.997766e-01 2.516471e+01
9.997216e-01 -2.243693e-03 2.348907e-02 1.346827e+01 2.248621e-03 9.999975e-01 -1.833888e-04 -6.972793e-01 -2.348854e-02 2.361550e-04 9.997240e-01 2.537764e+01
9.998313e-01 2.284407e-03 -1.822471e-02 1.335351e+01 -2.286592e-03 9.999974e-01 -9.903561e-05 -6.945469e-01 1.822450e-02 1.406908e-04 9.998338e-01 2.549258e+01
9.997434e-01 -2.222162e-03 2.254310e-02 1.323142e+01 2.225592e-03 9.999975e-01 -1.270606e-04 -6.910546e-01 -2.254270e-02 1.771989e-04 9.997458e-01 2.557692e+01
9.997876e-01 2.282972e-03 -2.048260e-02 1.310010e+01 -2.284419e-03 9.999974e-01 -4.725595e-05 -6.881881e-01 2.048250e-02 9.403608e-05 9.997901e-01 2.569610e+01
9.997713e-01 -2.240515e-03 2.126828e-02 1.299656e+01 2.240912e-03 9.999975e-01 5.198814e-06 -6.860313e-01 -2.126818e-02 4.246190e-05 9.997737e-01 2.578402e+01
9.999039e-01 2.189099e-03 -1.368557e-02 1.293511e+01 -2.193030e-03 9.999976e-01 -2.723146e-04 -6.842932e-01 1.368500e-02 3.023006e-04 9.999062e-01 2.586127e+01
9.996673e-01 -2.263162e-03 2.569433e-02 1.289624e+01 2.265856e-03 9.999974e-01 -7.575364e-05 -6.826901e-01 -2.569403e-02 1.339472e-04 9.996698e-01 2.593084e+01
9.994583e-01 2.497167e-03 -3.281570e-02 1.277677e+01 -2.489872e-03 9.999969e-01 2.631401e-04 -6.810289e-01 3.281632e-02 -1.812913e-04 9.994613e-01 2.607692e+01
9.997161e-01 -2.419747e-03 2.370208e-02 1.278524e+01 2.416998e-03 9.999971e-01 1.446075e-04 -6.841260e-01 -2.370230e-02 -8.727944e-05 9.997190e-01 2.625663e+01
9.998060e-01 2.369720e-03 -1.955246e-02 1.278246e+01 -2.374583e-03 9.999972e-01 -2.255095e-04 -6.860390e-01 1.955193e-02 2.718940e-04 9.998087e-01 2.644529e+01
9.999254e-01 -2.457365e-03 1.196522e-02 1.294994e+01 2.448530e-03 9.999967e-01 7.530716e-04 -6.942066e-01 -1.196697e-02 -7.237190e-04 9.999280e-01 2.665146e+01
9.995616e-01 2.433030e-03 -2.950850e-02 1.317857e+01 -2.421374e-03 9.999970e-01 4.307189e-04 -7.051754e-01 2.950952e-02 -3.590795e-04 9.995643e-01 2.690878e+01
9.995428e-01 -2.527078e-03 3.012910e-02 1.321159e+01 2.539370e-03 9.999967e-01 -3.697208e-04 -7.101248e-01 -3.012800e-02 4.460600e-04 9.995459e-01 2.714503e+01
9.992934e-01 2.034417e-03 -3.753051e-02 1.373519e+01 -1.977995e-03 9.999969e-01 1.540419e-03 -7.296327e-01 3.753359e-02 -1.465096e-03 9.992942e-01 2.736877e+01
9.993403e-01 -2.508944e-03 3.623109e-02 1.413421e+01 2.540951e-03 9.999964e-01 -8.373892e-04 -7.444392e-01 -3.622880e-02 9.288976e-04 9.993430e-01 2.754796e+01
9.993628e-01 2.294330e-03 -3.561976e-02 1.427014e+01 -2.258408e-03 9.999969e-01 1.048674e-03 -7.551826e-01 3.562212e-02 -9.675627e-04 9.993648e-01 2.791077e+01
9.992554e-01 -2.559602e-03 3.849820e-02 1.437446e+01 2.610480e-03 9.999958e-01 -1.271336e-03 -7.689900e-01 -3.849473e-02 1.370887e-03 9.992578e-01 2.847230e+01
9.994554e-01 2.285058e-03 -3.292004e-02 1.452276e+01 -2.248611e-03 9.999968e-01 1.144131e-03 -7.809147e-01 3.292261e-02 -1.069484e-03 9.994572e-01 2.890467e+01
9.995318e-01 -2.239635e-03 3.051415e-02 1.444834e+01 2.276568e-03 9.999967e-01 -1.175688e-03 -7.860632e-01 -3.051136e-02 1.244605e-03 9.995336e-01 2.928389e+01
9.994210e-01 1.916795e-03 -3.397112e-02 1.471617e+01 -1.863159e-03 9.999970e-01 1.610448e-03 -8.043683e-01 3.397416e-02 -1.546223e-03 9.994214e-01 2.978939e+01
9.995623e-01 -2.215713e-03 2.949986e-02 1.496421e+01 2.254122e-03 9.999967e-01 -1.268835e-03 -8.252281e-01 -2.949689e-02 1.334776e-03 9.995639e-01 3.045619e+01
9.993547e-01 2.060039e-03 -3.585864e-02 1.516084e+01 -2.001519e-03 9.999966e-01 1.667778e-03 -8.439292e-01 3.586201e-02 -1.594931e-03 9.993554e-01 3.108235e+01
9.997739e-01 -2.019521e-03 2.116788e-02 1.530927e+01 2.040591e-03 9.999974e-01 -9.738406e-04 -8.584110e-01 -2.116581e-02 1.016815e-03 9.997754e-01 3.158844e+01
9.994464e-01 2.165038e-03 -3.319967e-02 1.533153e+01 -2.116482e-03 9.999966e-01 1.497593e-03 -8.684071e-01 3.320286e-02 -1.426498e-03 9.994475e-01 3.206684e+01
9.997502e-01 -2.203406e-03 2.224005e-02 1.546830e+01 2.223961e-03 9.999971e-01 -8.995603e-04 -8.793705e-01 -2.223795e-02 9.487962e-04 9.997522e-01 3.242372e+01
9.996330e-01 1.931168e-03 -2.702163e-02 1.572478e+01 -1.890763e-03 9.999971e-01 1.520727e-03 -8.941953e-01 2.702454e-02 -1.469078e-03 9.996336e-01 3.277253e+01
9.996403e-01 -2.024597e-03 2.674295e-02 1.575276e+01 2.064068e-03 9.999968e-01 -1.448397e-03 -9.000338e-01 -2.673987e-02 1.503075e-03 9.996412e-01 3.302695e+01
9.996208e-01 2.056085e-03 -2.745931e-02 1.564898e+01 -2.020979e-03 9.999971e-01 1.306148e-03 -9.030196e-01 2.746197e-02 -1.250159e-03 9.996220e-01 3.335607e+01
9.997356e-01 -2.211757e-03 2.288549e-02 1.576576e+01 2.234469e-03 9.999970e-01 -9.668664e-04 -9.132531e-01 -2.288322e-02 1.017747e-03 9.997375e-01 3.369536e+01
9.995386e-01 2.149248e-03 -3.029699e-02 1.590119e+01 -2.100216e-03 9.999964e-01 1.650116e-03 -9.233270e-01 3.030048e-02 -1.585725e-03 9.995395e-01 3.400358e+01
9.998627e-01 -2.036915e-03 1.644477e-02 1.597286e+01 2.053745e-03 9.999974e-01 -1.006592e-03 -9.312417e-01 -1.644263e-02 1.040227e-03 9.998642e-01 3.431730e+01
9.997499e-01 1.832568e-03 -2.228854e-02 1.616839e+01 -1.796160e-03 9.999970e-01 1.653394e-03 -9.434365e-01 2.229156e-02 -1.612947e-03 9.997501e-01 3.464205e+01
9.997551e-01 -2.991885e-03 2.192627e-02 1.698830e+01 3.001694e-03 9.999954e-01 -4.144526e-04 -9.673492e-01 -2.192488e-02 4.801669e-04 9.997594e-01 3.464966e+01
9.997242e-01 1.015512e-03 -2.346382e-02 1.849854e+01 -9.413251e-04 9.999945e-01 3.172598e-03 -1.003372e+00 2.346697e-02 -3.149636e-03 9.997196e-01 3.424751e+01
9.996725e-01 -3.788190e-03 2.530708e-02 2.051746e+01 3.785264e-03 9.999928e-01 1.635296e-04 -1.047081e+00 -2.530746e-02 -6.768185e-05 9.996796e-01 3.348480e+01
9.997611e-01 7.148323e-04 -2.184397e-02 2.280140e+01 -6.349629e-04 9.999931e-01 3.663080e-03 -1.099588e+00 2.184649e-02 -3.648335e-03 9.997546e-01 3.274599e+01
9.998122e-01 -4.109518e-03 1.893907e-02 2.538090e+01 4.095391e-03 9.999913e-01 7.846395e-04 -1.158978e+00 -1.894208e-02 -7.069284e-04 9.998202e-01 3.197850e+01
9.998582e-01 1.669161e-04 -1.683698e-02 2.828907e+01 -9.585721e-05 9.999911e-01 4.221140e-03 -1.225665e+00 1.683759e-02 -4.218926e-03 9.998492e-01 3.105442e+01
9.998268e-01 -3.273537e-03 1.832080e-02 3.057852e+01 3.281805e-03 9.999945e-01 -4.212518e-04 -1.280270e+00 -1.831926e-02 4.813055e-04 9.998320e-01 3.041719e+01
9.999280e-01 2.989621e-05 -1.199892e-02 3.297035e+01 2.230464e-05 9.999905e-01 4.350337e-03 -1.322329e+00 1.199899e-02 -4.350289e-03 9.999185e-01 2.902697e+01
9.998834e-01 -2.756491e-03 1.502027e-02 3.495707e+01 2.770116e-03 9.999958e-01 -8.864390e-04 -1.360100e+00 -1.501771e-02 9.279455e-04 9.998867e-01 2.798893e+01
9.998979e-01 9.263169e-04 -1.425706e-02 3.627750e+01 -8.790731e-04 9.999941e-01 3.319659e-03 -1.385654e+00 1.426011e-02 -3.306785e-03 9.998928e-01 2.733385e+01
9.998800e-01 -2.537355e-03 1.528363e-02 3.743910e+01 2.554453e-03 9.999961e-01 -1.099333e-03 -1.401723e+00 -1.528072e-02 1.138245e-03 9.998825e-01 2.643477e+01
9.998660e-01 1.355617e-03 -1.631350e-02 3.829934e+01 -1.306076e-03 9.999945e-01 3.047113e-03 -1.410362e+00 1.631760e-02 -3.025395e-03 9.998622e-01 2.561898e+01
9.998314e-01 -2.487504e-03 1.819440e-02 3.914380e+01 2.520046e-03 9.999953e-01 -1.765944e-03 -1.431430e+00 -1.818986e-02 1.811499e-03 9.998328e-01 2.543418e+01
9.998487e-01 -2.007379e-03 -1.727581e-02 4.281279e+01 2.115740e-03 9.999782e-01 6.256449e-03 -1.553675e+00 1.726292e-02 -6.292051e-03 9.998311e-01 2.611824e+01
9.998630e-01 -5.230895e-03 1.570461e-02 4.846698e+01 5.205293e-03 9.999851e-01 1.670595e-03 -1.722614e+00 -1.571306e-02 -1.588616e-03 9.998752e-01 2.626590e+01
9.999798e-01 -3.751171e-04 -6.338425e-03 5.269128e+01 3.989213e-04 9.999929e-01 3.754866e-03 -1.852687e+00 6.337026e-03 -3.757316e-03 9.999728e-01 2.657903e+01
9.999436e-01 -3.941359e-03 9.863560e-03 5.606039e+01 3.938934e-03 9.999922e-01 2.651224e-04 -1.967524e+00 -9.864473e-03 -2.262516e-04 9.999512e-01 2.736893e+01
9.998689e-01 -2.324017e-04 -1.618832e-02 5.952589e+01 3.092661e-04 9.999887e-01 4.745874e-03 -2.082988e+00 1.618709e-02 -4.750255e-03 9.998576e-01 2.796773e+01
9.999051e-01 -4.770195e-03 1.292595e-02 6.356210e+01 4.765527e-03 9.999886e-01 3.917572e-04 -2.223430e+00 -1.292762e-02 -3.301165e-04 9.999163e-01 2.893292e+01
9.999181e-01 -5.252698e-03 -1.167139e-02 7.167428e+01 5.353701e-03 9.999483e-01 8.639641e-03 -2.522532e+00 1.162546e-02 -8.701414e-03 9.998945e-01 3.167927e+01
9.998385e-01 -4.493207e-03 1.740013e-02 7.957781e+01 4.492092e-03 9.999899e-01 1.030722e-04 -2.815741e+00 -1.740036e-02 -2.488691e-05 9.998485e-01 3.444583e+01
9.999661e-01 -3.910125e-03 -7.245668e-03 8.633359e+01 3.960342e-03 9.999681e-01 6.929514e-03 -3.067612e+00 7.218398e-03 -6.957968e-03 9.999496e-01 3.690300e+01
9.998346e-01 -4.097826e-03 1.771892e-02 9.272483e+01 4.100418e-03 9.999916e-01 -1.100494e-04 -3.303812e+00 -1.771826e-02 1.826926e-04 9.998429e-01 3.914881e+01
9.999179e-01 -3.686199e-03 -1.227109e-02 9.904660e+01 3.769969e-03 9.999697e-01 6.810629e-03 -3.542329e+00 1.224568e-02 -6.856325e-03 9.999014e-01 4.155495e+01
9.998785e-01 -5.577173e-03 1.455241e-02 1.065416e+02 5.556273e-03 9.999835e-01 1.476061e-03 -3.820871e+00 -1.456034e-02 -1.395018e-03 9.998929e-01 4.417752e+01
9.998969e-01 -3.723385e-03 -1.386879e-02 1.142084e+02 3.827564e-03 9.999646e-01 7.492982e-03 -4.099591e+00 1.384045e-02 -7.545285e-03 9.998757e-01 4.657307e+01
9.998822e-01 -5.477885e-03 1.433959e-02 1.217426e+02 5.455395e-03 9.999838e-01 1.606864e-03 -4.367738e+00 -1.434810e-02 -1.528438e-03 9.998958e-01 4.866823e+01
9.999302e-01 -2.443559e-03 -1.155528e-02 1.281854e+02 2.509501e-03 9.999806e-01 5.695831e-03 -4.604684e+00 1.154120e-02 -5.724423e-03 9.999169e-01 5.082315e+01
9.999195e-01 -3.186123e-03 1.227702e-02 1.329209e+02 3.189093e-03 9.999949e-01 -2.225792e-04 -4.783243e+00 -1.227619e-02 2.617230e-04 9.999245e-01 5.260525e+01
9.999191e-01 -3.410898e-03 -1.224976e-02 1.383209e+02 3.486204e-03 9.999751e-01 6.131638e-03 -4.987411e+00 1.222860e-02 -6.173838e-03 9.999061e-01 5.465225e+01
9.998697e-01 -4.390169e-03 1.553248e-02 1.446289e+02 4.382526e-03 9.999903e-01 5.258433e-04 -5.228122e+00 -1.553458e-02 -4.576935e-04 9.998791e-01 5.716370e+01
9.999257e-01 -3.014466e-03 -1.180955e-02 1.507198e+02 3.086971e-03 9.999765e-01 6.126337e-03 -5.458981e+00 1.179086e-02 -6.162328e-03 9.999114e-01 5.952022e+01
9.997867e-01 -5.500569e-03 1.990757e-02 1.574993e+02 5.484883e-03 9.999846e-01 8.422639e-04 -5.715779e+00 -1.991184e-02 -7.328830e-04 9.998014e-01 6.216315e+01
9.998544e-01 -2.856068e-03 -1.682038e-02 1.643965e+02 2.971446e-03 9.999722e-01 6.838636e-03 -5.973835e+00 1.680044e-02 -6.887610e-03 9.998351e-01 6.466242e+01
9.998645e-01 -3.504434e-03 1.608402e-02 1.696374e+02 3.519879e-03 9.999934e-01 -9.322952e-04 -6.171999e+00 -1.608058e-02 9.887941e-04 9.998701e-01 6.664651e+01
9.998839e-01 -3.324478e-03 -1.486880e-02 1.752083e+02 3.427687e-03 9.999702e-01 6.921470e-03 -6.382090e+00 1.484540e-02 -6.971620e-03 9.998654e-01 6.874131e+01
9.999187e-01 -5.540471e-03 1.148749e-02 1.825268e+02 5.521239e-03 9.999833e-01 1.704942e-03 -6.648706e+00 -1.149668e-02 -1.641366e-03 9.999325e-01 7.102266e+01
9.998996e-01 -3.319657e-03 -1.377133e-02 1.898535e+02 3.415479e-03 9.999701e-01 6.940651e-03 -6.916071e+00 1.374793e-02 -6.986977e-03 9.998810e-01 7.334307e+01
9.999061e-01 -5.912592e-03 1.236154e-02 1.974217e+02 5.891556e-03 9.999811e-01 1.737137e-03 -7.195449e+00 -1.237151e-02 -1.664132e-03 9.999220e-01 7.588528e+01
9.999651e-01 -2.966743e-03 -7.804665e-03 2.046095e+02 3.014099e-03 9.999771e-01 6.063506e-03 -7.466916e+00 7.786557e-03 -6.086805e-03 9.999511e-01 7.863178e+01
9.998666e-01 -5.780771e-03 1.527508e-02 2.115396e+02 5.765631e-03 9.999828e-01 1.034664e-03 -7.729695e+00 -1.528074e-02 -9.464412e-04 9.998827e-01 8.134550e+01
9.999435e-01 -4.685879e-03 -9.541656e-03 2.200356e+02 4.763726e-03 9.999554e-01 8.152774e-03 -8.046665e+00 9.503088e-03 -8.197752e-03 9.999212e-01 8.440858e+01
9.999362e-01 -6.818502e-03 8.999281e-03 2.294577e+02 6.794200e-03 9.999732e-01 2.727760e-03 -8.391193e+00 -9.017578e-03 -2.666428e-03 9.999557e-01 8.744656e+01
9.998288e-01 -4.071097e-03 -1.805112e-02 2.387063e+02 4.224290e-03 9.999553e-01 8.456925e-03 -8.730435e+00 1.801595e-02 -8.531715e-03 9.998012e-01 9.044560e+01
9.998873e-01 -6.171365e-03 1.368833e-02 2.471984e+02 6.155670e-03 9.999803e-01 1.188034e-03 -9.047483e+00 -1.369533e-02 -1.103623e-03 9.999055e-01 9.346881e+01
9.998104e-01 -5.279188e-03 -1.874200e-02 2.568602e+02 5.468178e-03 9.999346e-01 1.004717e-02 -9.405660e+00 1.868779e-02 -1.014773e-02 9.997738e-01 9.679493e+01
9.999428e-01 -6.337163e-03 8.613868e-03 2.665935e+02 6.325103e-03 9.999790e-01 1.425979e-03 -9.761508e+00 -8.622665e-03 -1.371396e-03 9.999618e-01 9.990632e+01
9.997501e-01 -4.552520e-03 -2.188599e-02 2.759678e+02 4.786931e-03 9.999316e-01 1.067039e-02 -1.009053e+01 2.183597e-02 -1.077247e-02 9.997034e-01 1.022439e+02
9.999824e-01 -5.794480e-03 1.293228e-03 2.849777e+02 5.791773e-03 9.999811e-01 2.082065e-03 -1.038375e+01 -1.305212e-03 -2.074519e-03 9.999969e-01 1.034262e+02
9.997023e-01 -3.758402e-03 -2.410725e-02 2.934596e+02 4.017315e-03 9.999347e-01 1.070086e-02 -1.065006e+01 2.406551e-02 -1.079450e-02 9.996520e-01 1.041096e+02
9.999834e-01 -5.509842e-03 -1.668907e-03 3.017066e+02 5.512824e-03 9.999832e-01 1.790940e-03 -1.090547e+01 1.659063e-03 -1.800090e-03 9.999969e-01 1.046309e+02
9.997079e-01 -4.079461e-03 -2.382052e-02 3.102275e+02 4.342962e-03 9.999298e-01 1.102095e-02 -1.117390e+01 2.377394e-02 -1.112116e-02 9.996554e-01 1.053629e+02
9.999859e-01 -5.313991e-03 1.664793e-04 3.185555e+02 5.313747e-03 9.999849e-01 1.397661e-03 -1.143594e+01 -1.738555e-04 -1.396733e-03 9.999989e-01 1.060555e+02
9.997718e-01 -3.926799e-03 -2.099575e-02 3.267128e+02 4.151490e-03 9.999345e-01 1.066918e-02 -1.169487e+01 2.095253e-02 -1.075388e-02 9.997225e-01 1.068335e+02
