9.980402e-01 1.375402e-03 -6.256166e-02 -3.484511e-02 -1.206458e-03 9.999955e-01 2.738134e-03 -1.024428e-02 6.256514e-02 -2.657289e-03 9.980372e-01 6.039844e-01
9.995510e-01 5.509514e-04 -2.995813e-02 -3.804683e-02 -5.190163e-04 9.999993e-01 1.073756e-03 -1.806364e-02 2.995869e-02 -1.057724e-03 9.995505e-01 1.131461e+00
9.981411e-01 1.340725e-03 -6.093099e-02 -8.405001e-02 -1.176009e-03 9.999956e-01 2.739102e-03 -2.515995e-02 6.093437e-02 -2.662353e-03 9.981381e-01 1.659994e+00
9.999998e-01 -8.864573e-05 -6.100579e-04 -8.155958e-02 8.862703e-05 1.000000e+00 -3.112964e-05 -3.636789e-02 6.100304e-04 3.107726e-05 9.999997e-01 2.273706e+00
9.993275e-01 9.110637e-04 -3.665656e-02 -7.535103e-02 -8.478156e-04 9.999981e-01 1.740924e-03 -5.245745e-02 3.665805e-02 -1.708674e-03 9.993263e-01 3.034786e+00
9.993988e-01 -5.634226e-04 3.466539e-02 -5.341395e-02 6.025705e-04 9.999992e-01 -1.118861e-03 -7.126602e-02 -3.466477e-02 1.139079e-03 9.993983e-01 3.892378e+00
9.984867e-01 1.076792e-03 -5.498321e-02 -3.186797e-02 -9.547851e-04 9.999970e-01 2.245199e-03 -8.485898e-02 5.498542e-02 -2.189303e-03 9.984847e-01 4.494306e+00
9.991441e-01 -6.242630e-04 4.136015e-02 -7.457547e-04 6.838600e-04 9.999987e-01 -1.426784e-03 -9.873330e-02 -4.135925e-02 1.453850e-03 9.991432e-01 5.084122e+00
9.983934e-01 1.166467e-03 -5.665112e-02 1.971875e-02 -1.035131e-03 9.999967e-01 2.347617e-03 -1.129511e-01 5.665363e-02 -2.285202e-03 9.983912e-01 5.716201e+00
9.998877e-01 -1.837092e-04 1.498749e-02 1.579519e-02 1.899236e-04 9.999999e-01 -4.131793e-04 -1.204721e-01 -1.498746e-02 4.159816e-04 9.998875e-01 6.128277e+00
9.973181e-01 1.538322e-03 -7.317320e-02 3.124108e-02 -1.325498e-03 9.999947e-01 2.956968e-03 -1.240380e-01 7.317732e-02 -2.852044e-03 9.973148e-01 6.362082e+00
9.999416e-01 -1.456684e-04 1.080438e-02 5.146435e-02 1.489952e-04 9.999999e-01 -3.070277e-04 -1.311811e-01 -1.080438e-02 3.086223e-04 9.999415e-01 6.764114e+00
9.986237e-01 9.958228e-04 -5.243791e-02 7.761291e-02 -8.770140e-04 9.999970e-01 2.288651e-03 -1.378917e-01 5.243998e-02 -2.239510e-03 9.986215e-01 7.100618e+00
9.988827e-01 -6.782195e-04 4.725365e-02 1.341607e-01 7.606245e-04 9.999982e-01 -1.725906e-03 -1.509827e-01 -4.725245e-02 1.759922e-03 9.988813e-01 7.618492e+00
9.989838e-01 8.896274e-04 -4.506077e-02 2.081704e-01 -8.015150e-04 9.999977e-01 1.973424e-03 -1.656295e-01 4.506237e-02 -1.935299e-03 9.989822e-01 8.191107e+00
9.990628e-01 -6.822571e-04 4.327766e-02 2.758457e-01 7.543054e-04 9.999984e-01 -1.648461e-03 -1.804702e-01 -4.327652e-02 1.679563e-03 9.990616e-01 8.755414e+00
9.988258e-01 9.298941e-04 -4.843648e-02 3.475948e-01 -8.271375e-04 9.999974e-01 2.141455e-03 -1.953749e-01 4.843828e-02 -2.098874e-03 9.988239e-01 9.319341e+00
9.980548e-01 -7.403296e-04 6.233893e-02 5.157447e-01 8.727373e-04 9.999974e-01 -2.096778e-03 -2.094560e-01 -6.233727e-02 2.147108e-03 9.980527e-01 9.804523e+00
9.988139e-01 9.583179e-04 -4.868097e-02 6.907508e-01 -8.548037e-04 9.999973e-01 2.147138e-03 -2.211479e-01 4.868284e-02 -2.102975e-03 9.988120e-01 1.015201e+01
9.975624e-01 -7.283642e-04 6.977577e-02 8.371636e-01 8.785476e-04 9.999974e-01 -2.121693e-03 -2.288359e-01 -6.977410e-02 2.177825e-03 9.975604e-01 1.038183e+01
9.993575e-01 1.082042e-03 -3.582505e-02 9.709189e-01 -1.010858e-03 9.999975e-01 2.005031e-03 -2.328796e-01 3.582708e-02 -1.967526e-03 9.993560e-01 1.052272e+01
9.983567e-01 -9.401899e-04 5.729735e-02 1.133694e+00 1.056534e-03 9.999974e-01 -2.000254e-03 -2.418546e-01 -5.729538e-02 2.057506e-03 9.983551e-01 1.081088e+01
9.986560e-01 1.155083e-03 -5.181461e-02 1.297280e+00 -1.043855e-03 9.999971e-01 2.173658e-03 -2.516629e-01 5.181693e-02 -2.116647e-03 9.986543e-01 1.103865e+01
9.983627e-01 -9.108500e-04 5.719250e-02 1.464647e+00 1.023857e-03 9.999976e-01 -1.946621e-03 -2.592211e-01 -5.719064e-02 2.001994e-03 9.983612e-01 1.113180e+01
9.984146e-01 1.134512e-03 -5.627551e-02 1.638155e+00 -1.014680e-03 9.999972e-01 2.157890e-03 -2.701366e-01 5.627775e-02 -2.097365e-03 9.984129e-01 1.137870e+01
9.984790e-01 -9.110643e-04 5.512587e-02 1.800250e+00 1.016997e-03 9.999977e-01 -1.893609e-03 -2.796397e-01 -5.512407e-02 1.946795e-03 9.984775e-01 1.156073e+01
9.986715e-01 1.169467e-03 -5.151504e-02 1.954838e+00 -1.060631e-03 9.999971e-01 2.139975e-03 -2.854853e-01 5.151735e-02 -2.082490e-03 9.986698e-01 1.158657e+01
9.981452e-01 -9.195671e-04 6.087160e-02 2.114550e+00 1.040288e-03 9.999976e-01 -1.951525e-03 -2.908266e-01 -6.086970e-02 2.011232e-03 9.981436e-01 1.162123e+01
9.984510e-01 1.192009e-03 -5.562452e-02 2.311992e+00 -1.074970e-03 9.999971e-01 2.133949e-03 -2.981471e-01 5.562686e-02 -2.070846e-03 9.984494e-01 1.167630e+01
9.982898e-01 -9.456557e-04 5.845057e-02 2.465863e+00 1.055896e-03 9.999977e-01 -1.855167e-03 -3.040890e-01 -5.844872e-02 1.913715e-03 9.982885e-01 1.170219e+01
9.985140e-01 1.212654e-03 -5.448147e-02 2.596585e+00 -1.097959e-03 9.999971e-01 2.135094e-03 -3.093066e-01 5.448385e-02 -2.072100e-03 9.985124e-01 1.172456e+01
9.984069e-01 -9.430767e-04 5.641669e-02 2.703331e+00 1.045239e-03 9.999979e-01 -1.781365e-03 -3.116766e-01 -5.641493e-02 1.837499e-03 9.984056e-01 1.163255e+01
9.984013e-01 1.256952e-03 -5.650939e-02 2.736055e+00 -1.136074e-03 9.999970e-01 2.171150e-03 -3.091464e-01 5.651190e-02 -2.103477e-03 9.983996e-01 1.138082e+01
9.982256e-01 -8.552542e-04 5.953848e-02 2.628371e+00 9.532761e-04 9.999982e-01 -1.617962e-03 -2.972582e-01 -5.953703e-02 1.671851e-03 9.982246e-01 1.079487e+01
9.981448e-01 1.224293e-03 -6.087223e-02 2.635978e+00 -1.095803e-03 9.999971e-01 2.144141e-03 -2.908671e-01 6.087464e-02 -2.073456e-03 9.981432e-01 1.033895e+01
9.982756e-01 -9.100310e-04 5.869369e-02 2.664356e+00 1.008747e-03 9.999981e-01 -1.652261e-03 -2.876005e-01 -5.869212e-02 1.708623e-03 9.982746e-01 1.001381e+01
9.980764e-01 1.281553e-03 -6.198229e-02 2.588730e+00 -1.145562e-03 9.999969e-01 2.229511e-03 -2.768806e-01 6.198491e-02 -2.154214e-03 9.980747e-01 9.430311e+00
9.982393e-01 -9.835526e-04 5.930656e-02 2.433023e+00 1.080870e-03 9.999981e-01 -1.608852e-03 -2.650620e-01 -5.930491e-02 1.670126e-03 9.982384e-01 8.875496e+00
9.981329e-01 1.362122e-03 -6.106365e-02 2.139951e+00 -1.219637e-03 9.999964e-01 2.370583e-03 -2.451862e-01 6.106661e-02 -2.291678e-03 9.981310e-01 8.029023e+00
9.982939e-01 -1.109158e-03 5.837892e-02 1.891156e+00 1.210058e-03 9.999978e-01 -1.693030e-03 -2.294119e-01 -5.837696e-02 1.760787e-03 9.982930e-01 7.361275e+00
9.981660e-01 1.419521e-03 -6.051882e-02 1.760109e+00 -1.287855e-03 9.999967e-01 2.214553e-03 -2.211729e-01 6.052172e-02 -2.132549e-03 9.981645e-01 6.972419e+00
9.982677e-01 -1.107124e-03 5.882409e-02 1.651980e+00 1.206131e-03 9.999979e-01 -1.647599e-03 -2.133790e-01 -5.882219e-02 1.715698e-03 9.982669e-01 6.569325e+00
9.980704e-01 1.374054e-03 -6.207700e-02 1.661757e+00 -1.249256e-03 9.999971e-01 2.049139e-03 -2.166460e-01 6.207959e-02 -1.967632e-03 9.980692e-01 6.625256e+00
9.998282e-01 -3.372993e-04 1.853038e-02 1.693410e+00 3.405610e-04 9.999999e-01 -1.728101e-04 -2.212199e-01 -1.853037e-02 1.790948e-04 9.998282e-01 6.842740e+00
9.979420e-01 1.298629e-03 -6.411018e-02 1.733558e+00 -1.158683e-03 9.999969e-01 2.220004e-03 -2.232254e-01 6.411281e-02 -2.141148e-03 9.979403e-01 6.957055e+00
9.982797e-01 -1.009259e-03 5.862179e-02 1.771827e+00 1.113684e-03 9.999979e-01 -1.748667e-03 -2.297069e-01 -5.861996e-02 1.810948e-03 9.982786e-01 7.161124e+00
9.981218e-01 1.319130e-03 -6.124714e-02 1.718964e+00 -1.187285e-03 9.999969e-01 2.188984e-03 -2.264114e-01 6.124978e-02 -2.112151e-03 9.981201e-01 6.951535e+00
9.982364e-01 -9.867768e-04 5.935568e-02 1.627561e+00 1.084473e-03 9.999981e-01 -1.613723e-03 -2.183445e-01 -5.935403e-02 1.675250e-03 9.982355e-01 6.525720e+00
9.981453e-01 1.333454e-03 -6.086121e-02 1.581069e+00 -1.205755e-03 9.999970e-01 2.134862e-03 -2.128291e-01 6.086382e-02 -2.057515e-03 9.981439e-01 6.194500e+00
9.982961e-01 -1.031973e-03 5.834220e-02 1.622587e+00 1.133746e-03 9.999979e-01 -1.711322e-03 -2.111397e-01 -5.834037e-02 1.774555e-03 9.982951e-01 5.967326e+00
9.980668e-01 1.365695e-03 -6.213570e-02 1.562969e+00 -1.228158e-03 9.999967e-01 2.251609e-03 -2.034599e-01 6.213851e-02 -2.170940e-03 9.980651e-01 5.539336e+00
9.982874e-01 -1.049385e-03 5.849121e-02 1.442575e+00 1.145839e-03 9.999980e-01 -1.615508e-03 -1.914788e-01 -5.848946e-02 1.679766e-03 9.982865e-01 4.938302e+00
9.981637e-01 1.421510e-03 -6.055729e-02 1.222561e+00 -1.282755e-03 9.999965e-01 2.330092e-03 -1.741278e-01 6.056033e-02 -2.248129e-03 9.981619e-01 4.154503e+00
9.982645e-01 -1.063279e-03 5.888007e-02 1.142148e+00 1.165207e-03 9.999979e-01 -1.696769e-03 -1.626051e-01 -5.887820e-02 1.762436e-03 9.982635e-01 3.527608e+00
9.950611e-01 2.215288e-03 -9.923963e-02 1.208180e+00 -1.878369e-03 9.999922e-01 3.488301e-03 -1.664234e-01 9.924652e-02 -3.284659e-03 9.950574e-01 3.670159e+00
9.994499e-01 -7.054975e-04 3.315656e-02 1.340145e+00 7.271827e-04 9.999995e-01 -6.419179e-04 -1.685311e-01 -3.315616e-02 6.656800e-04 9.994499e-01 3.738179e+00
9.985472e-01 1.210983e-03 -5.386956e-02 1.495160e+00 -1.122537e-03 9.999980e-01 1.672054e-03 -1.820958e-01 5.387141e-02 -1.609150e-03 9.985465e-01 4.185581e+00
9.986814e-01 -1.065501e-03 5.132632e-02 1.568538e+00 1.136490e-03 9.999984e-01 -1.353893e-03 -1.968271e-01 -5.132486e-02 1.410444e-03 9.986809e-01 4.727630e+00
9.984940e-01 1.330881e-03 -5.484522e-02 1.630016e+00 -1.238776e-03 9.999978e-01 1.713300e-03 -2.023343e-01 5.484731e-02 -1.642774e-03 9.984933e-01 4.846129e+00
9.987124e-01 -1.072715e-03 5.071916e-02 1.572757e+00 1.134750e-03 9.999986e-01 -1.194292e-03 -1.971653e-01 -5.071788e-02 1.250313e-03 9.987122e-01 4.555302e+00
9.985759e-01 1.382730e-03 -5.333071e-02 1.437747e+00 -1.289607e-03 9.999976e-01 1.780491e-03 -1.858875e-01 5.333298e-02 -1.709176e-03 9.985752e-01 4.011723e+00
9.986698e-01 -1.042628e-03 5.155042e-02 1.349582e+00 1.103781e-03 9.999987e-01 -1.157781e-03 -1.730255e-01 -5.154921e-02 1.213146e-03 9.986696e-01 3.320763e+00
9.985993e-01 1.371568e-03 -5.289213e-02 1.270420e+00 -1.282789e-03 9.999977e-01 1.712367e-03 -1.646187e-01 5.289429e-02 -1.642115e-03 9.985987e-01 2.868382e+00
9.991882e-01 -1.046386e-03 4.027145e-02 1.232978e+00 1.084568e-03 9.999990e-01 -9.262259e-04 -1.612115e-01 -4.027050e-02 9.691558e-04 9.991883e-01 2.668226e+00
9.984886e-01 1.450225e-03 -5.494071e-02 1.357447e+00 -1.356524e-03 9.999976e-01 1.742726e-03 -1.676281e-01 5.494304e-02 -1.665559e-03 9.984880e-01 2.819051e+00
9.985896e-01 -1.149812e-03 5.307924e-02 1.248053e+00 1.214292e-03 9.999986e-01 -1.182518e-03 -1.580117e-01 -5.307787e-02 1.245309e-03 9.985895e-01 2.331687e+00
9.984444e-01 1.492231e-03 -5.573655e-02 1.009272e+00 -1.386214e-03 9.999972e-01 1.940690e-03 -1.389145e-01 5.573922e-02 -1.860404e-03 9.984435e-01 1.468405e+00
9.985973e-01 -1.174297e-03 5.293455e-02 8.797380e-01 1.243420e-03 9.999984e-01 -1.272850e-03 -1.252883e-01 -5.293304e-02 1.336889e-03 9.985971e-01 7.789458e-01
9.983883e-01 1.568498e-03 -5.672987e-02 8.966844e-01 -1.467886e-03 9.999973e-01 1.815129e-03 -1.154975e-01 5.673249e-02 -1.728926e-03 9.983878e-01 1.283154e-01
9.995449e-01 -9.103117e-04 3.015288e-02 1.126088e+00 9.310260e-04 9.999993e-01 -6.728709e-04 -1.174339e-01 -3.015232e-02 7.006427e-04 9.995450e-01 -4.613040e-02
9.986380e-01 1.468903e-03 -5.215349e-02 1.282254e+00 -1.379899e-03 9.999975e-01 1.742514e-03 -1.236433e-01 5.215585e-02 -1.668169e-03 9.986375e-01 5.732060e-02
9.987840e-01 -1.167688e-03 4.928522e-02 1.298490e+00 1.231475e-03 9.999984e-01 -1.263846e-03 -1.196987e-01 -4.928374e-02 1.323008e-03 9.987839e-01 -2.755339e-01
9.986584e-01 1.490522e-03 -5.176025e-02 1.250987e+00 -1.399100e-03 9.999974e-01 1.802398e-03 -1.125314e-01 5.176273e-02 -1.727557e-03 9.986578e-01 -7.046827e-01
9.989017e-01 -1.202164e-03 4.683919e-02 1.268789e+00 1.266251e-03 9.999983e-01 -1.338536e-03 -1.116540e-01 -4.683757e-02 1.396381e-03 9.989015e-01 -8.589190e-01
9.987739e-01 1.441142e-03 -4.948388e-02 1.346017e+00 -1.358082e-03 9.999976e-01 1.712067e-03 -1.171264e-01 4.948616e-02 -1.642759e-03 9.987734e-01 -7.720405e-01
9.988819e-01 -1.238442e-03 4.725799e-02 1.424797e+00 1.306578e-03 9.999982e-01 -1.410860e-03 -1.279280e-01 -4.725623e-02 1.471034e-03 9.988816e-01 -4.121130e-01
9.987668e-01 1.479977e-03 -4.962436e-02 1.450729e+00 -1.392597e-03 9.999974e-01 1.795317e-03 -1.339055e-01 4.962681e-02 -1.723992e-03 9.987663e-01 -2.515579e-01
9.988869e-01 -1.210075e-03 4.715412e-02 1.346309e+00 1.270367e-03 9.999984e-01 -1.248620e-03 -1.255551e-01 -4.715261e-02 1.307139e-03 9.988868e-01 -6.729780e-01
9.988132e-01 1.475833e-03 -4.868145e-02 1.348090e+00 -1.394814e-03 9.999976e-01 1.698154e-03 -1.249088e-01 4.868377e-02 -1.628232e-03 9.988128e-01 -8.065819e-01
9.988502e-01 -1.321778e-03 4.792107e-02 1.424694e+00 1.390624e-03 9.999980e-01 -1.403298e-03 -1.385405e-01 -4.791920e-02 1.468329e-03 9.988501e-01 -3.032623e-01
9.987767e-01 1.542880e-03 -4.942443e-02 1.497179e+00 -1.457908e-03 9.999974e-01 1.755203e-03 -1.467794e-01 4.942693e-02 -1.680994e-03 9.987762e-01 -6.966862e-02
9.988365e-01 -1.240597e-03 4.820920e-02 1.382848e+00 1.299140e-03 9.999985e-01 -1.182977e-03 -1.377703e-01 -4.820774e-02 1.244236e-03 9.988365e-01 -5.147307e-01
9.987986e-01 1.607924e-03 -4.897703e-02 1.029985e+00 -1.510699e-03 9.999968e-01 2.022021e-03 -1.137677e-01 4.898005e-02 -1.945597e-03 9.987978e-01 -1.514880e+00
9.988342e-01 -1.278126e-03 4.825607e-02 7.529287e-01 1.339382e-03 9.999983e-01 -1.237024e-03 -9.373939e-02 -4.825448e-02 1.300220e-03 9.988341e-01 -2.381522e+00
9.987499e-01 1.593420e-03 -4.996118e-02 5.814756e-01 -1.501971e-03 9.999971e-01 1.867842e-03 -8.114159e-02 4.996394e-02 -1.790461e-03 9.987493e-01 -2.958562e+00
9.989444e-01 -1.376021e-03 4.591418e-02 5.472575e-01 1.441657e-03 9.999980e-01 -1.396401e-03 -8.136866e-02 -4.591224e-02 1.461125e-03 9.989443e-01 -3.000862e+00
9.988542e-01 1.643210e-03 -4.782845e-02 4.817783e-01 -1.556602e-03 9.999971e-01 1.847946e-03 -7.718366e-02 4.783127e-02 -1.771374e-03 9.988538e-01 -3.246797e+00
9.975334e-01 -1.084533e-03 7.018530e-02 2.622982e-01 1.191279e-03 9.999982e-01 -1.479034e-03 -6.429315e-02 -7.018365e-02 1.559001e-03 9.975328e-01 -3.641642e+00
9.988340e-01 1.576591e-03 -4.825032e-02 1.324526e-01 -1.493664e-03 9.999973e-01 1.754635e-03 -5.656674e-02 4.825288e-02 -1.680514e-03 9.988337e-01 -3.860636e+00
9.989488e-01 -1.323429e-03 4.582022e-02 4.840036e-02 1.380840e-03 9.999983e-01 -1.221287e-03 -4.971515e-02 -4.581860e-02 1.283279e-03 9.989489e-01 -4.224294e+00
9.988316e-01 1.571523e-03 -4.830132e-02 -1.638538e-02 -1.492279e-03 9.999975e-01 1.676585e-03 -4.513821e-02 4.830376e-02 -1.602542e-03 9.988313e-01 -4.481910e+00
9.989808e-01 -1.313673e-03 4.511864e-02 -2.376776e-01 1.358739e-03 9.999986e-01 -9.681174e-04 -2.908095e-02 -4.511738e-02 1.028441e-03 9.989811e-01 -5.194674e+00
9.988488e-01 1.609690e-03 -4.794283e-02 -4.649856e-01 -1.530113e-03 9.999974e-01 1.696429e-03 -1.147965e-02 4.794537e-02 -1.621112e-03 9.988486e-01 -5.986441e+00
9.989685e-01 -1.360611e-03 4.538713e-02 -5.738214e-01 1.413018e-03 9.999984e-01 -1.122556e-03 -2.185485e-03 -4.538560e-02 1.185537e-03 9.989688e-01 -6.451688e+00
9.988688e-01 1.659641e-03 -4.752130e-02 -6.998008e-01 -1.579722e-03 9.999973e-01 1.719225e-03 9.408740e-03 4.752395e-02 -1.642205e-03 9.988687e-01 -7.022440e+00
9.989237e-01 -1.329137e-03 4.636407e-02 -9.704323e-01 1.372947e-03 9.999986e-01 -9.130157e-04 3.121128e-02 -4.636287e-02 9.756940e-04 9.989241e-01 -7.990180e+00
9.988509e-01 1.606180e-03 -4.789948e-02 -1.026530e+00 -1.538378e-03 9.999978e-01 1.452286e-03 3.632697e-02 4.790163e-02 -1.376924e-03 9.988510e-01 -8.303649e+00
9.988781e-01 -1.458640e-03 4.733322e-02 -9.510246e-01 1.514791e-03 9.999982e-01 -1.150388e-03 2.345894e-02 -4.733153e-02 1.220803e-03 9.988784e-01 -7.840727e+00
9.988432e-01 1.699765e-03 -4.805589e-02 -9.491243e-01 -1.625683e-03 9.999974e-01 1.580583e-03 2.157904e-02 4.805838e-02 -1.500625e-03 9.988433e-01 -7.855178e+00
9.988491e-01 -1.488645e-03 4.794032e-02 -9.191504e-01 1.547292e-03 9.999981e-01 -1.186183e-03 1.594847e-02 -4.793854e-02 1.259001e-03 9.988494e-01 -7.712233e+00
9.985672e-01 1.665041e-03 -5.348505e-02 -8.653589e-01 -1.580322e-03 9.999974e-01 1.626182e-03 -2.727641e-03 5.348755e-02 -1.539322e-03 9.985672e-01 -6.972418e+00
9.995595e-01 -1.154252e-03 2.965399e-02 -8.222389e-01 1.167571e-03 9.999992e-01 -4.317349e-04 -2.667393e-02 -2.965354e-02 4.661737e-04 9.995600e-01 -5.941554e+00
9.989722e-01 1.462931e-03 -4.530276e-02 -7.768897e-01 -1.402884e-03 9.999981e-01 1.357169e-03 -4.591079e-02 4.530458e-02 -1.292214e-03 9.989723e-01 -5.143647e+00
9.993071e-01 -1.319458e-03 3.719559e-02 -7.008711e-01 1.349717e-03 9.999988e-01 -7.883346e-04 -6.877942e-02 -3.719459e-02 8.379978e-04 9.993076e-01 -4.249408e+00
9.983597e-01 1.776466e-03 -5.722503e-02 -5.684260e-01 -1.676996e-03 9.999970e-01 1.786154e-03 -9.306170e-02 5.722795e-02 -1.687252e-03 9.983596e-01 -3.323960e+00
9.992797e-01 -1.388636e-03 3.792203e-02 -4.446908e-01 1.417861e-03 9.999987e-01 -7.437031e-04 -1.164385e-01 -3.792103e-02 7.969415e-04 9.992803e-01 -2.426772e+00
9.989260e-01 1.552060e-03 -4.630707e-02 -3.842123e-01 -1.491270e-03 9.999980e-01 1.347228e-03 -1.362446e-01 4.630899e-02 -1.276719e-03 9.989263e-01 -1.646101e+00
9.990112e-01 -1.461345e-03 4.443544e-02 -3.202881e-01 1.509328e-03 9.999983e-01 -1.046232e-03 -1.556280e-01 -4.443392e-02 1.112271e-03 9.990116e-01 -8.706107e-01
9.988272e-01 1.563628e-03 -4.839157e-02 -2.394946e-01 -1.496465e-03 9.999979e-01 1.424063e-03 -1.777505e-01 4.839361e-02 -1.349970e-03 9.988273e-01 -1.571125e-02
9.991065e-01 -1.473218e-03 4.223801e-02 -1.515106e-01 1.516064e-03 9.999984e-01 -9.823088e-04 -2.005511e-01 -4.223658e-02 1.045473e-03 9.991070e-01 8.550986e-01
9.988089e-01 1.669826e-03 -4.876451e-02 -1.377910e-02 -1.603032e-03 9.999977e-01 1.408739e-03 -2.191954e-01 4.876667e-02 -1.328883e-03 9.988092e-01 1.494299e+00
9.989068e-01 -1.408438e-03 4.672429e-02 2.084974e-03 1.451176e-03 9.999986e-01 -8.806959e-04 -2.167779e-01 -4.672307e-02 9.475443e-04 9.989074e-01 1.206267e+00
9.988349e-01 1.663458e-03 -4.822806e-02 -4.336055e-03 -1.596541e-03 9.999977e-01 1.425938e-03 -2.162479e-01 4.823024e-02 -1.347273e-03 9.988353e-01 1.036063e+00
9.989753e-01 -1.568298e-03 4.523128e-02 7.369887e-02 1.618747e-03 9.999981e-01 -1.078661e-03 -2.359992e-01 -4.522958e-02 1.150780e-03 9.989759e-01 1.797852e+00
9.988386e-01 1.770669e-03 -4.814929e-02 1.833205e-01 -1.702044e-03 9.999975e-01 1.466157e-03 -2.482746e-01 4.815168e-02 -1.382496e-03 9.988390e-01 2.145362e+00
9.990155e-01 -1.559496e-03 4.433376e-02 2.300965e-01 1.608327e-03 9.999981e-01 -1.065717e-03 -2.550037e-01 -4.433210e-02 1.135977e-03 9.990161e-01 2.325420e+00
9.988297e-01 1.735788e-03 -4.833309e-02 2.962572e-01 -1.667805e-03 9.999976e-01 1.446793e-03 -2.674734e-01 4.833540e-02 -1.364484e-03 9.988301e-01 2.769402e+00
9.989746e-01 -1.611646e-03 4.524544e-02 3.676960e-01 1.663194e-03 9.999980e-01 -1.101611e-03 -2.837840e-01 -4.524366e-02 1.175739e-03 9.989752e-01 3.384590e+00
9.988274e-01 1.796604e-03 -4.837970e-02 4.968258e-01 -1.728805e-03 9.999975e-01 1.443123e-03 -2.962113e-01 4.838209e-02 -1.357785e-03 9.988279e-01 3.736047e+00
9.989912e-01 -1.646777e-03 4.487661e-02 5.738153e-01 1.697479e-03 9.999980e-01 -1.091643e-03 -3.121286e-01 -4.487480e-02 1.166725e-03 9.989919e-01 4.322437e+00
9.988315e-01 1.752879e-03 -4.829702e-02 6.633806e-01 -1.684106e-03 9.999975e-01 1.464563e-03 -3.322060e-01 4.829939e-02 -1.381508e-03 9.988319e-01 5.076667e+00
9.989585e-01 -1.628872e-03 4.559749e-02 7.459341e-01 1.681914e-03 9.999980e-01 -1.124844e-03 -3.493080e-01 -4.559565e-02 1.200369e-03 9.989592e-01 5.710122e+00
9.988880e-01 1.817179e-03 -4.711027e-02 7.990762e-01 -1.747578e-03 9.999973e-01 1.518497e-03 -3.582360e-01 4.711282e-02 -1.434474e-03 9.988885e-01 5.982584e+00
9.989347e-01 -1.624290e-03 4.611784e-02 8.536880e-01 1.676557e-03 9.999980e-01 -1.094604e-03 -3.659553e-01 -4.611605e-02 1.170763e-03 9.989353e-01 6.185006e+00
9.988500e-01 1.836720e-03 -4.790851e-02 8.971698e-01 -1.765018e-03 9.999973e-01 1.538842e-03 -3.722876e-01 4.791112e-02 -1.452507e-03 9.988505e-01 6.327120e+00
9.989256e-01 -1.627567e-03 4.631280e-02 9.545384e-01 1.680389e-03 9.999980e-01 -1.101562e-03 -3.789392e-01 -4.631100e-02 1.178208e-03 9.989263e-01 6.469136e+00
9.988382e-01 1.844270e-03 -4.815310e-02 9.788034e-01 -1.773955e-03 9.999973e-01 1.502862e-03 -3.847398e-01 4.815565e-02 -1.415688e-03 9.988388e-01 6.618944e+00
9.989341e-01 -1.572323e-03 4.613267e-02 8.802435e-01 1.616978e-03 9.999983e-01 -9.305923e-04 -3.766068e-01 -4.613121e-02 1.004202e-03 9.989348e-01 6.194263e+00
9.988431e-01 1.852523e-03 -4.805209e-02 7.757218e-01 -1.782415e-03 9.999973e-01 1.501736e-03 -3.685220e-01 4.805466e-02 -1.414343e-03 9.988436e-01 5.781965e+00
9.989305e-01 -1.576574e-03 4.620858e-02 6.981965e-01 1.622194e-03 9.999982e-01 -9.497075e-04 -3.617491e-01 -4.620708e-02 1.023657e-03 9.989313e-01 5.407069e+00
9.988738e-01 1.905577e-03 -4.740665e-02 5.138271e-01 -1.831346e-03 9.999970e-01 1.609147e-03 -3.483480e-01 4.740949e-02 -1.520510e-03 9.988743e-01 4.796714e+00
9.989359e-01 -1.616927e-03 4.609179e-02 3.785673e-01 1.664265e-03 9.999981e-01 -9.885957e-04 -3.381959e-01 -4.609019e-02 1.064259e-03 9.989366e-01 4.306705e+00
9.988819e-01 1.930749e-03 -4.723572e-02 2.991185e-01 -1.858311e-03 9.999970e-01 1.577341e-03 -3.301944e-01 4.723854e-02 -1.487792e-03 9.988825e-01 3.869535e+00
9.989414e-01 -1.651783e-03 4.596958e-02 2.583524e-01 1.700415e-03 9.999980e-01 -1.018769e-03 -3.251625e-01 -4.596789e-02 1.095864e-03 9.989422e-01 3.549235e+00
9.988756e-01 1.967868e-03 -4.736739e-02 1.348832e-01 -1.893267e-03 9.999969e-01 1.619678e-03 -3.154456e-01 4.737034e-02 -1.528171e-03 9.988761e-01 3.070870e+00
9.989405e-01 -1.690358e-03 4.598931e-02 -3.345415e-02 1.737067e-03 9.999980e-01 -9.756098e-04 -3.035405e-01 -4.598765e-02 1.054469e-03 9.989414e-01 2.522987e+00
9.988574e-01 1.963499e-03 -4.774831e-02 -1.710060e-01 -1.891409e-03 9.999970e-01 1.554857e-03 -2.942123e-01 4.775114e-02 -1.462763e-03 9.988581e-01 2.083748e+00
9.989409e-01 -1.694397e-03 4.597913e-02 -3.228081e-01 1.738877e-03 9.999981e-01 -9.273322e-04 -2.831973e-01 -4.597756e-02 1.006309e-03 9.989419e-01 1.564095e+00
9.988549e-01 1.831477e-03 -4.780607e-02 -2.659860e-01 -1.769416e-03 9.999975e-01 1.340404e-03 -2.955087e-01 4.780832e-02 -1.254274e-03 9.988557e-01 1.981190e+00
9.990251e-01 -1.742834e-03 4.411105e-02 -1.893423e-01 1.788249e-03 9.999979e-01 -9.900255e-04 -3.184661e-01 -4.410931e-02 1.067948e-03 9.990261e-01 2.879254e+00
9.988463e-01 2.043210e-03 -4.797747e-02 -7.532024e-02 -1.975616e-03 9.999970e-01 1.456164e-03 -3.230966e-01 4.798021e-02 -1.359692e-03 9.988473e-01 2.838859e+00
9.989751e-01 -1.829760e-03 4.522655e-02 -3.931129e-02 1.873651e-03 9.999978e-01 -9.280153e-04 -3.252669e-01 -4.522483e-02 1.011810e-03 9.989762e-01 2.766792e+00
9.989470e-01 1.945603e-03 -4.583756e-02 4.736517e-02 -1.889061e-03 9.999974e-01 1.276739e-03 -3.444660e-01 4.583984e-02 -1.188798e-03 9.989480e-01 3.498503e+00
9.989931e-01 -1.800526e-03 4.482745e-02 1.839912e-01 1.845827e-03 9.999978e-01 -9.691072e-04 -3.553952e-01 -4.482569e-02 1.050882e-03 9.989942e-01 3.775113e+00
9.989050e-01 1.973791e-03 -4.674268e-02 2.850329e-01 -1.915448e-03 9.999973e-01 1.292866e-03 -3.668909e-01 4.674502e-02 -1.201911e-03 9.989061e-01 4.131864e+00
9.990956e-01 -1.840590e-03 4.247894e-02 3.506510e-01 1.879823e-03 9.999978e-01 -8.835871e-04 -3.825535e-01 -4.247731e-02 9.626476e-04 9.990969e-01 4.721206e+00
9.989883e-01 1.989279e-03 -4.492714e-02 4.534204e-01 -1.936836e-03 9.999974e-01 1.210721e-03 -3.956564e-01 4.492935e-02 -1.122473e-03 9.989895e-01 5.149581e+00
9.990515e-01 -1.881831e-03 4.350315e-02 5.437956e-01 1.922443e-03 9.999978e-01 -8.916338e-04 -4.101587e-01 -4.350146e-02 9.744271e-04 9.990528e-01 5.662920e+00
9.989806e-01 2.001359e-03 -4.509607e-02 6.238993e-01 -1.948418e-03 9.999974e-01 1.217801e-03 -4.265712e-01 4.509830e-02 -1.128687e-03 9.989818e-01 6.275246e+00
9.990314e-01 -1.874375e-03 4.396246e-02 6.961925e-01 1.914657e-03 9.999978e-01 -8.740902e-04 -4.396653e-01 -4.396081e-02 9.574233e-04 9.990327e-01 6.753088e+00
9.989003e-01 2.060588e-03 -4.683918e-02 7.536016e-01 -2.005315e-03 9.999972e-01 1.226957e-03 -4.492675e-01 4.684149e-02 -1.131674e-03 9.989016e-01 7.084725e+00
9.989447e-01 -1.918478e-03 4.588914e-02 8.417040e-01 1.962037e-03 9.999977e-01 -9.041032e-04 -4.612490e-01 -4.588739e-02 9.931920e-04 9.989461e-01 7.485582e+00
9.989225e-01 2.041952e-03 -4.636446e-02 9.194431e-01 -1.986568e-03 9.999973e-01 1.240505e-03 -4.821556e-01 4.636678e-02 -1.147055e-03 9.989237e-01 8.316131e+00
9.989363e-01 -1.931002e-03 4.607141e-02 9.995188e-01 1.974866e-03 9.999976e-01 -9.065028e-04 -4.972770e-01 -4.606963e-02 9.965302e-04 9.989377e-01 8.876769e+00
9.988178e-01 2.118779e-03 -4.856303e-02 1.072215e+00 -2.059985e-03 9.999971e-01 1.260612e-03 -5.074086e-01 4.856547e-02 -1.159076e-03 9.988193e-01 9.206798e+00
9.989706e-01 -1.934280e-03 4.531987e-02 1.119394e+00 1.975375e-03 9.999977e-01 -8.619064e-04 -5.179851e-01 -4.531819e-02 9.505496e-04 9.989721e-01 9.583814e+00
9.988562e-01 2.099768e-03 -4.776855e-02 1.184623e+00 -2.044697e-03 9.999972e-01 1.201640e-03 -5.307118e-01 4.777085e-02 -1.102586e-03 9.988576e-01 1.005044e+01
9.990145e-01 -1.885648e-03 4.434441e-02 1.212172e+00 1.921363e-03 9.999979e-01 -7.627059e-04 -5.346296e-01 -4.434296e-02 8.471628e-04 9.990159e-01 1.012367e+01
9.988544e-01 2.114299e-03 -4.780493e-02 1.236538e+00 -2.059958e-03 9.999972e-01 1.185886e-03 -5.395249e-01 4.780721e-02 -1.086045e-03 9.988559e-01 1.024349e+01
9.991496e-01 -1.881279e-03 4.118889e-02 1.236274e+00 1.909528e-03 9.999980e-01 -6.463880e-04 -5.417710e-01 -4.118768e-02 7.244964e-04 9.991511e-01 1.027782e+01
9.987813e-01 2.099473e-03 -4.931019e-02 1.275356e+00 -2.040628e-03 9.999971e-01 1.243593e-03 -5.517804e-01 4.931257e-02 -1.141447e-03 9.987827e-01 1.066361e+01
9.989400e-01 -1.954640e-03 4.598813e-02 1.347031e+00 1.996309e-03 9.999976e-01 -8.600936e-04 -5.653629e-01 -4.598643e-02 9.509954e-04 9.989415e-01 1.115427e+01
9.987566e-01 2.172600e-03 -4.980346e-02 1.432752e+00 -2.112190e-03 9.999970e-01 1.265488e-03 -5.748893e-01 4.980597e-02 -1.158714e-03 9.987582e-01 1.143694e+01
9.989037e-01 -2.008771e-03 4.676886e-02 1.516934e+00 2.053480e-03 9.999975e-01 -9.078261e-04 -5.875481e-01 -4.676701e-02 1.002877e-03 9.989053e-01 1.186646e+01
9.988357e-01 2.115712e-03 -4.819414e-02 1.621227e+00 -2.058424e-03 9.999971e-01 1.238201e-03 -6.065723e-01 4.819654e-02 -1.137549e-03 9.988371e-01 1.256139e+01
9.989749e-01 -2.013370e-03 4.522281e-02 1.706599e+00 2.055559e-03 9.999975e-01 -8.863435e-04 -6.238409e-01 -4.522100e-02 9.784000e-04 9.989765e-01 1.319423e+01
9.987810e-01 2.166562e-03 -4.931332e-02 1.773652e+00 -2.104449e-03 9.999969e-01 1.311376e-03 -6.388832e-01 4.931592e-02 -1.205993e-03 9.987824e-01 1.375656e+01
9.991032e-01 -1.947617e-03 4.229536e-02 1.857770e+00 1.982445e-03 9.999977e-01 -7.814056e-04 -6.516106e-01 -4.229383e-02 8.645600e-04 9.991048e-01 1.420153e+01
9.987354e-01 2.183506e-03 -5.022812e-02 1.948103e+00 -2.116341e-03 9.999968e-01 1.390270e-03 -6.648902e-01 5.023090e-02 -1.282205e-03 9.987367e-01 1.466668e+01
9.991143e-01 -1.943312e-03 4.203376e-02 2.031084e+00 1.978992e-03 9.999977e-01 -8.071494e-04 -6.776876e-01 -4.203218e-02 8.896259e-04 9.991158e-01 1.512076e+01
9.983612e-01 2.339149e-03 -5.717936e-02 2.081835e+00 -2.246298e-03 9.999961e-01 1.688002e-03 -6.866370e-01 5.718299e-02 -1.556787e-03 9.983624e-01 1.546075e+01
9.987808e-01 -2.071114e-03 4.932071e-02 2.177430e+00 2.125235e-03 9.999972e-01 -1.044825e-03 -6.986870e-01 -4.931850e-02 1.148376e-03 9.987824e-01 1.587012e+01
9.983761e-01 2.352187e-03 -5.691763e-02 2.275833e+00 -2.266516e-03 9.999962e-01 1.569622e-03 -7.082170e-01 5.692101e-02 -1.438062e-03 9.983776e-01 1.616344e+01
9.993644e-01 -1.829323e-03 3.560072e-02 2.351234e+00 1.847254e-03 9.999982e-01 -4.706520e-04 -7.138904e-01 -3.559989e-02 5.361234e-04 9.993659e-01 1.634968e+01
9.988165e-01 2.196167e-03 -4.858786e-02 2.469279e+00 -2.138584e-03 9.999969e-01 1.236988e-03 -7.250188e-01 4.859033e-02 -1.131607e-03 9.988181e-01 1.670687e+01
9.991075e-01 -1.922359e-03 4.219454e-02 2.525840e+00 1.952528e-03 9.999979e-01 -6.736689e-04 -7.295541e-01 -4.219325e-02 7.554606e-04 9.991091e-01 1.679646e+01
9.990539e-01 2.094683e-03 -4.343848e-02 2.557201e+00 -2.050201e-03 9.999973e-01 1.068437e-03 -7.371783e-01 4.344051e-02 -9.783615e-04 9.990555e-01 1.703654e+01
9.991111e-01 -1.928124e-03 4.210965e-02 2.572981e+00 1.958016e-03 9.999979e-01 -6.685133e-04 -7.438770e-01 -4.210837e-02 7.503774e-04 9.991127e-01 1.724370e+01
9.989955e-01 2.067646e-03 -4.476333e-02 2.624069e+00 -2.024726e-03 9.999974e-01 1.004040e-03 -7.578965e-01 4.476520e-02 -9.123912e-04 9.989970e-01 1.779263e+01
9.992056e-01 -1.920207e-03 3.980569e-02 2.670398e+00 1.943958e-03 9.999980e-01 -5.578570e-04 -7.709965e-01 -3.980463e-02 6.348014e-04 9.992072e-01 1.829864e+01
9.989951e-01 2.087472e-03 -4.477104e-02 2.707668e+00 -2.044712e-03 9.999974e-01 1.000744e-03 -7.848474e-01 4.477292e-02 -9.081879e-04 9.989967e-01 1.885232e+01
9.992357e-01 -1.937738e-03 3.904100e-02 2.760571e+00 1.960765e-03 9.999979e-01 -5.514059e-04 -7.991658e-01 -3.903994e-02 6.275417e-04 9.992374e-01 1.940168e+01
9.986558e-01 2.271685e-03 -5.178131e-02 2.858040e+00 -2.207556e-03 9.999967e-01 1.295525e-03 -8.089169e-01 5.178399e-02 -1.179467e-03 9.986575e-01 1.971285e+01
9.991779e-01 -2.000529e-03 4.049018e-02 2.941518e+00 2.026270e-03 9.999978e-01 -5.945748e-04 -8.196864e-01 -4.048899e-02 6.761370e-04 9.991797e-01 2.009078e+01
9.987917e-01 2.235892e-03 -4.909325e-02 2.986454e+00 -2.180394e-03 9.999969e-01 1.183893e-03 -8.304176e-01 4.909565e-02 -1.075413e-03 9.987934e-01 2.049761e+01
9.992107e-01 -2.020422e-03 3.967057e-02 2.944124e+00 2.043436e-03 9.999978e-01 -5.394493e-04 -8.336007e-01 -3.966949e-02 6.200948e-04 9.992126e-01 2.063944e+01
9.984963e-01 2.334611e-03 -5.476814e-02 2.896563e+00 -2.263282e-03 9.999965e-01 1.364269e-03 -8.385675e-01 5.477104e-02 -1.238255e-03 9.984981e-01 2.089140e+01
9.992773e-01 -1.999914e-03 3.795708e-02 2.800719e+00 2.014272e-03 9.999979e-01 -3.398820e-04 -8.346577e-01 -3.795642e-02 4.160992e-04 9.992792e-01 2.074694e+01
9.991728e-01 2.186759e-03 -4.060505e-02 2.597258e+00 -2.149675e-03 9.999972e-01 9.568012e-04 -8.228610e-01 4.060694e-02 -8.687151e-04 9.991748e-01 2.024929e+01
9.993075e-01 -2.041537e-03 3.715325e-02 2.388581e+00 2.055136e-03 9.999978e-01 -3.276741e-04 -8.109577e-01 -3.715260e-02 4.038092e-04 9.993095e-01 1.974965e+01
9.988323e-01 2.240323e-03 -4.826014e-02 2.239470e+00 -2.188778e-03 9.999970e-01 1.120783e-03 -8.063497e-01 4.826241e-02 -1.013837e-03 9.988341e-01 1.959500e+01
9.995540e-01 -1.921706e-03 2.979944e-02 2.113489e+00 1.924232e-03 9.999981e-01 -5.591331e-05 -8.013046e-01 -2.979938e-02 1.132365e-04 9.995558e-01 1.941550e+01
9.985928e-01 2.453209e-03 -5.297572e-02 2.115799e+00 -2.389070e-03 9.999963e-01 1.273920e-03 -8.003326e-01 5.297855e-02 -1.145558e-03 9.985949e-01 1.934019e+01
9.996572e-01 -1.862107e-03 2.611500e-02 2.134220e+00 1.861713e-03 9.999983e-01 3.963298e-05 -7.990253e-01 -2.611513e-02 9.006234e-06 9.996589e-01 1.924134e+01
9.992772e-01 2.121262e-03 -3.795434e-02 2.023978e+00 -2.092919e-03 9.999975e-01 7.863275e-04 -7.942998e-01 3.795581e-02 -7.063168e-04 9.992791e-01 1.905046e+01
9.994068e-01 -1.983559e-03 3.437921e-02 1.816625e+00 1.990656e-03 9.999980e-01 -1.720352e-04 -7.824278e-01 -3.437890e-02 2.403773e-04 9.994088e-01 1.854795e+01
9.992541e-01 2.152924e-03 -3.855637e-02 1.706771e+00 -2.127700e-03 9.999975e-01 6.950818e-04 -7.783645e-01 3.855768e-02 -6.125199e-04 9.992561e-01 1.835509e+01
9.994262e-01 -2.070498e-03 3.380649e-02 1.762277e+00 2.081137e-03 9.999978e-01 -2.793190e-04 -7.961677e-01 -3.380594e-02 3.495217e-04 9.994283e-01 1.905440e+01
9.992947e-01 2.140338e-03 -3.748962e-02 1.831473e+00 -2.117716e-03 9.999976e-01 6.429595e-04 -8.158136e-01 3.749080e-02 -5.631067e-04 9.992968e-01 1.981643e+01
9.993754e-01 -2.015918e-03 3.528076e-02 1.922219e+00 2.027702e-03 9.999979e-01 -2.980545e-04 -8.273645e-01 -3.528018e-02 3.694142e-04 9.993773e-01 2.017983e+01
9.990916e-01 2.872771e-03 4.251739e-02 1.715601e+00 -2.860980e-03 9.999959e-01 -3.380294e-04 -8.170399e-01 -4.251828e-02 2.160877e-04 9.990956e-01 2.028849e+01
9.783469e-01 -1.144811e-03 2.069683e-01 1.248031e+00 1.534338e-03 9.999973e-01 -1.721528e-03 -7.922670e-01 -2.069659e-01 2.001819e-03 9.783460e-01 2.109848e+01
9.984586e-01 2.024364e-03 -5.546358e-02 9.741815e-01 -2.007674e-03 9.999979e-01 3.565669e-04 -7.817491e-01 5.546410e-02 -2.446567e-04 9.984606e-01 2.177804e+01
9.906056e-01 -1.693438e-03 1.367391e-01 9.329716e-01 1.822722e-03 9.999980e-01 -8.202514e-04 -7.854081e-01 -1.367375e-01 1.061791e-03 9.906067e-01 2.244025e+01
9.902962e-01 1.916444e-03 -1.389591e-01 1.043937e+00 -1.751310e-03 9.999976e-01 1.310608e-03 -7.999156e-01 1.389612e-01 -1.054521e-03 9.902972e-01 2.292291e+01
9.906213e-01 -1.734257e-03 1.366249e-01 1.173187e+00 1.864512e-03 9.999979e-01 -8.253845e-04 -8.168613e-01 -1.366232e-01 1.072390e-03 9.906224e-01 2.349013e+01
9.901366e-01 1.990790e-03 -1.400913e-01 1.267961e+00 -1.821666e-03 9.999974e-01 1.335443e-03 -8.308093e-01 1.400935e-01 -1.067064e-03 9.901376e-01 2.396299e+01
9.911858e-01 -1.697114e-03 1.324677e-01 1.377808e+00 1.798067e-03 9.999982e-01 -6.424422e-04 -8.433771e-01 -1.324665e-01 8.749731e-04 9.911870e-01 2.437093e+01
9.898313e-01 2.087270e-03 -1.422305e-01 1.435758e+00 -1.885352e-03 9.999970e-01 1.554380e-03 -8.600253e-01 1.422333e-01 -1.270411e-03 9.898323e-01 2.502292e+01
9.927876e-01 -1.580430e-03 1.198761e-01 1.541599e+00 1.613417e-03 9.999987e-01 -1.780844e-04 -8.848666e-01 -1.198758e-01 3.702179e-04 9.927888e-01 2.601529e+01
9.903760e-01 2.064215e-03 -1.383877e-01 1.632555e+00 -1.895711e-03 9.999973e-01 1.349395e-03 -9.053222e-01 1.383900e-01 -1.074057e-03 9.903771e-01 2.682302e+01
9.875993e-01 -1.601989e-03 1.569872e-01 1.616541e+00 1.788733e-03 9.999979e-01 -1.048252e-03 -9.137646e-01 -1.569852e-01 1.316069e-03 9.876000e-01 2.732946e+01
9.931582e-01 2.118626e-03 -1.167573e-01 1.551510e+00 -2.003325e-03 9.999974e-01 1.104847e-03 -9.123478e-01 1.167593e-01 -8.633771e-04 9.931598e-01 2.751640e+01
9.888590e-01 -1.662248e-03 1.488458e-01 1.514327e+00 1.817162e-03 9.999979e-01 -9.047477e-04 -9.143444e-01 -1.488441e-01 1.165153e-03 9.888599e-01 2.779816e+01
9.927107e-01 2.061877e-03 -1.205037e-01 1.532763e+00 -1.959779e-03 9.999976e-01 9.657415e-04 -9.225501e-01 1.205053e-01 -7.225331e-04 9.927123e-01 2.830033e+01
9.892557e-01 -1.671169e-03 1.461861e-01 1.567982e+00 1.809720e-03 9.999980e-01 -8.147556e-04 -9.363777e-01 -1.461846e-01 1.070566e-03 9.892567e-01 2.902927e+01
9.953022e-01 2.101422e-03 -9.679401e-02 1.555984e+00 -2.052739e-03 9.999977e-01 6.025103e-04 -9.437970e-01 9.679499e-02 -4.009788e-04 9.953042e-01 2.963871e+01
9.846491e-01 -1.411373e-03 1.745397e-01 1.564717e+00 1.613167e-03 9.999982e-01 -1.014262e-03 -9.518482e-01 -1.745380e-01 1.280262e-03 9.846495e-01 3.042174e+01
9.920105e-01 1.828194e-03 -1.261423e-01 1.601336e+00 -1.744812e-03 9.999982e-01 7.714868e-04 -9.640341e-01 1.261434e-01 -5.452201e-04 9.920118e-01 3.121517e+01
9.868664e-01 -1.443951e-03 1.615322e-01 1.624393e+00 1.582067e-03 9.999985e-01 -7.264011e-04 -9.742542e-01 -1.615310e-01 9.724237e-04 9.868671e-01 3.184789e+01
9.935309e-01 1.891822e-03 -1.135466e-01 1.623518e+00 -1.840611e-03 9.999982e-01 5.558359e-04 -9.797926e-01 1.135474e-01 -3.432367e-04 9.935324e-01 3.235786e+01
9.906774e-01 -1.615232e-03 1.362191e-01 1.691367e+00 1.688920e-03 9.999985e-01 -4.253685e-04 -9.941689e-01 -1.362183e-01 6.514743e-04 9.906785e-01 3.307202e+01
9.912492e-01 1.834922e-03 -1.319908e-01 1.759430e+00 -1.740466e-03 9.999981e-01 8.309793e-04 -1.009896e+00 1.319920e-01 -5.939737e-04 9.912505e-01 3.371730e+01
9.913582e-01 -1.641599e-03 1.311723e-01 1.836136e+00 1.704806e-03 9.999985e-01 -3.695437e-04 -1.028545e+00 -1.311716e-01 5.899817e-04 9.913594e-01 3.445024e+01
9.911506e-01 1.832887e-03 -1.327295e-01 1.911450e+00 -1.732381e-03 9.999981e-01 8.726900e-04 -1.049466e+00 1.327308e-01 -6.350208e-04 9.911518e-01 3.527805e+01
9.863948e-01 -1.434605e-03 1.643875e-01 1.943376e+00 1.584986e-03 9.999984e-01 -7.836153e-04 -1.061068e+00 -1.643862e-01 1.033514e-03 9.863954e-01 3.593675e+01
9.920976e-01 1.841956e-03 -1.254550e-01 1.956129e+00 -1.766678e-03 9.999982e-01 7.112862e-04 -1.068339e+00 1.254560e-01 -4.840184e-04 9.920990e-01 3.646384e+01
9.893848e-01 -1.528734e-03 1.453112e-01 2.019962e+00 1.622640e-03 9.999985e-01 -5.277083e-04 -1.082449e+00 -1.453103e-01 7.579027e-04 9.893858e-01 3.714550e+01
9.921839e-01 1.826434e-03 -1.247708e-01 2.088819e+00 -1.760763e-03 9.999982e-01 6.366006e-04 -1.098293e+00 1.247717e-01 -4.119248e-04 9.921853e-01 3.790391e+01
9.910321e-01 -1.633095e-03 1.336143e-01 2.162847e+00 1.683123e-03 9.999985e-01 -2.614531e-04 -1.114812e+00 -1.336137e-01 4.840060e-04 9.910333e-01 3.861134e+01
9.999289e-01 2.587574e-03 -1.163817e-02 2.105658e+00 -2.600248e-03 9.999960e-01 -1.074125e-03 -1.119755e+00 1.163532e-02 1.104319e-03 9.999316e-01 3.957032e+01
9.548086e-01 -3.950086e-04 2.972212e-01 2.012746e+00 1.060772e-03 9.999973e-01 -2.078672e-03 -1.143147e+00 -2.972196e-01 2.300025e-03 9.548063e-01 4.245299e+01
9.990153e-01 1.741640e-03 4.433209e-02 2.018266e+00 -1.622673e-03 9.999950e-01 -2.719413e-03 -1.193780e+00 -4.433657e-02 2.644806e-03 9.990131e-01 4.686511e+01
9.861550e-01 -9.899269e-04 1.658232e-01 2.031313e+00 9.752017e-04 9.999995e-01 1.702105e-04 -1.234715e+00 -1.658232e-01 -6.135824e-06 9.861554e-01 5.003533e+01
9.916429e-01 1.276400e-03 -1.290067e-01 2.088920e+00 -1.324400e-03 9.999991e-01 -2.862643e-04 -1.263452e+00 1.290063e-01 4.547352e-04 9.916436e-01 5.150229e+01
9.913174e-01 -1.169967e-03 1.314851e-01 2.137866e+00 1.081380e-03 9.999991e-01 7.451245e-04 -1.284007e+00 -1.314858e-01 -5.964624e-04 9.913178e-01 5.238278e+01
9.923076e-01 1.313764e-03 -1.237893e-01 2.186429e+00 -1.382074e-03 9.999989e-01 -4.659287e-04 -1.305839e+00 1.237886e-01 6.334374e-04 9.923083e-01 5.337099e+01
9.950679e-01 -9.880106e-04 9.919163e-02 2.198310e+00 8.090508e-04 9.999980e-01 1.844371e-03 -1.330076e+00 -9.919319e-02 -1.755016e-03 9.950666e-01 5.445262e+01
9.908967e-01 1.663192e-03 -1.346144e-01 2.183177e+00 -1.678160e-03 9.999986e-01 2.294268e-06 -1.348200e+00 1.346142e-01 2.236383e-04 9.908980e-01 5.532624e+01
9.946629e-01 -1.147605e-03 1.031718e-01 2.191083e+00 9.714348e-04 9.999980e-01 1.757758e-03 -1.364335e+00 -1.031736e-01 -1.648145e-03 9.946619e-01 5.609720e+01
9.933706e-01 1.387974e-03 -1.149475e-01 2.211197e+00 -1.491348e-03 9.999986e-01 -8.132986e-04 -1.384572e+00 1.149463e-01 9.793412e-04 9.933711e-01 5.698574e+01
9.865447e-01 -1.137935e-03 1.634875e-01 2.198093e+00 1.048016e-03 9.999992e-01 6.362401e-04 -1.394019e+00 -1.634881e-01 -4.563340e-04 9.865451e-01 5.770963e+01
9.889117e-01 1.254342e-03 -1.484991e-01 2.260371e+00 -1.338355e-03 9.999990e-01 -4.658012e-04 -1.411796e+00 1.484984e-01 6.593881e-04 9.889123e-01 5.853599e+01
9.903544e-01 -1.275966e-03 1.385513e-01 2.294207e+00 1.109703e-03 9.999986e-01 1.277236e-03 -1.434997e+00 -1.385527e-01 -1.111157e-03 9.903543e-01 5.949773e+01
9.856562e-01 1.904773e-03 -1.687549e-01 2.309586e+00 -1.854004e-03 9.999982e-01 4.584282e-04 -1.458043e+00 1.687555e-01 -1.389728e-04 9.856578e-01 6.054153e+01
9.931713e-01 -1.030756e-03 1.166610e-01 2.316261e+00 8.011781e-04 9.999976e-01 2.014772e-03 -1.482911e+00 -1.166627e-01 -1.907539e-03 9.931697e-01 6.171324e+01
9.795743e-01 3.062114e-03 -2.010590e-01 2.342030e+00 -2.760567e-03 9.999946e-01 1.780171e-03 -1.502212e+00 2.010634e-01 -1.188765e-03 9.795774e-01 6.271645e+01
9.941658e-01 -1.405236e-03 1.078533e-01 2.362192e+00 1.151490e-03 9.999964e-01 2.414931e-03 -1.523686e+00 -1.078562e-01 -2.276641e-03 9.941638e-01 6.383554e+01
9.778810e-01 3.781510e-03 -2.091278e-01 2.376422e+00 -3.408735e-03 9.999919e-01 2.142922e-03 -1.542196e+00 2.091342e-01 -1.382652e-03 9.778859e-01 6.485789e+01
