9.999864e-01 2.459520e-04 -5.214395e-03 1.148198e-01 -2.439209e-04 9.999999e-01 3.901517e-04 5.295542e-04 5.214490e-03 -3.888740e-04 9.999862e-01 -2.542731e-01
9.999921e-01 -6.602617e-05 -3.984739e-03 2.720162e-01 6.635162e-05 1.000000e+00 8.153630e-05 -1.548898e-02 3.984732e-03 -8.179948e-05 9.999920e-01 2.549245e-01
9.999975e-01 1.734260e-04 -2.209211e-03 4.179556e-01 -1.727993e-04 9.999999e-01 2.838463e-04 -3.305651e-02 2.209258e-03 -2.834633e-04 9.999974e-01 8.323851e-01
9.999861e-01 -3.934602e-05 -5.268924e-03 5.696369e-01 4.005433e-05 1.000000e+00 1.343217e-04 -5.160995e-02 5.268916e-03 -1.345303e-04 9.999860e-01 1.450187e+00
9.999996e-01 2.652885e-04 -8.451580e-04 7.509781e-01 -2.651262e-04 9.999999e-01 1.920439e-04 -6.026498e-02 8.452056e-04 -1.918190e-04 9.999995e-01 1.578913e+00
9.998946e-01 1.054191e-04 -1.451652e-02 8.006004e-01 -9.657331e-05 9.999998e-01 6.100572e-04 -5.691590e-02 1.451658e-02 -6.085902e-04 9.998943e-01 1.299664e+00
9.999901e-01 1.656287e-04 4.438958e-03 9.914981e-01 -1.652603e-04 1.000000e+00 -8.335370e-05 -6.498132e-02 -4.438977e-03 8.262010e-05 9.999900e-01 1.421992e+00
9.999669e-01 6.972625e-05 -8.139202e-03 1.344359e+00 -6.745656e-05 1.000000e+00 2.791283e-04 -7.225024e-02 8.139214e-03 -2.785692e-04 9.999667e-01 1.223545e+00
9.999877e-01 1.154059e-04 4.966794e-03 1.609116e+00 -1.151312e-04 1.000000e+00 -5.556710e-05 -8.026209e-02 -4.966807e-03 5.499542e-05 9.999876e-01 1.174505e+00
9.999436e-01 -1.405851e-05 -1.062269e-02 1.747209e+00 1.807373e-05 9.999999e-01 3.778849e-04 -9.744411e-02 1.062267e-02 -3.780547e-04 9.999434e-01 1.743321e+00
9.999880e-01 2.405481e-04 4.886492e-03 1.874771e+00 -2.404155e-04 1.000000e+00 -2.771372e-05 -1.051822e-01 -4.886506e-03 2.653951e-05 9.999880e-01 1.894568e+00
9.999647e-01 2.628125e-06 -8.401921e-03 1.805527e+00 1.711667e-06 9.999999e-01 5.165105e-04 -9.507216e-02 8.401913e-03 -5.165057e-04 9.999645e-01 1.340093e+00
9.999874e-01 2.884994e-04 5.015269e-03 1.573293e+00 -2.896669e-04 9.999999e-01 2.320870e-04 -7.229431e-02 -5.015210e-03 -2.335358e-04 9.999873e-01 2.638963e-01
9.999728e-01 -4.401995e-06 -7.369501e-03 1.445355e+00 7.331439e-06 9.999999e-01 3.974741e-04 -5.634252e-02 7.369490e-03 -3.975162e-04 9.999727e-01 -5.555406e-01
9.999889e-01 2.980501e-04 4.704262e-03 1.484930e+00 -2.985072e-04 1.000000e+00 9.647053e-05 -4.580710e-02 -4.704242e-03 -9.787258e-05 9.999888e-01 -1.302497e+00
9.999684e-01 2.005218e-05 -7.945622e-03 1.394003e+00 -1.599109e-05 9.999999e-01 5.111647e-04 -2.831787e-02 7.945622e-03 -5.110203e-04 9.999682e-01 -2.249582e+00
9.999912e-01 2.390255e-04 4.185061e-03 1.194896e+00 -2.396396e-04 1.000000e+00 1.462539e-04 -1.198105e-02 -4.185036e-03 -1.472543e-04 9.999911e-01 -2.997814e+00
9.999807e-01 3.608324e-06 -6.205901e-03 1.073940e+00 -1.003275e-06 9.999999e-01 4.197602e-04 -2.475302e-04 6.205892e-03 -4.197446e-04 9.999806e-01 -3.587431e+00
9.999954e-01 1.905053e-04 3.025112e-03 1.270470e+00 -1.900399e-04 1.000000e+00 -1.541286e-04 -4.910640e-03 -3.025152e-03 1.535543e-04 9.999953e-01 -3.679704e+00
9.999708e-01 9.111095e-06 -7.646263e-03 1.591365e+00 -6.660449e-06 9.999999e-01 3.205168e-04 -1.464619e-02 7.646255e-03 -3.204552e-04 9.999706e-01 -3.676737e+00
9.999909e-01 2.956895e-04 4.258499e-03 1.842377e+00 -2.957662e-04 1.000000e+00 1.741465e-05 -1.242813e-02 -4.258505e-03 -1.867262e-05 9.999908e-01 -4.248272e+00
9.999837e-01 -4.890353e-06 -5.713795e-03 1.914355e+00 7.426130e-06 9.999999e-01 4.437620e-04 -7.583569e-03 5.713781e-03 -4.437957e-04 9.999835e-01 -4.705470e+00
9.999901e-01 3.707613e-05 4.443915e-03 2.007367e+00 -3.620331e-05 1.000000e+00 -1.964643e-04 -2.740168e-02 -4.443933e-03 1.963029e-04 9.999900e-01 -3.961200e+00
9.999846e-01 4.475114e-05 -5.551545e-03 2.134786e+00 -4.252049e-05 9.999999e-01 4.019065e-04 -3.984481e-02 5.551551e-03 -4.016628e-04 9.999844e-01 -3.591569e+00
9.999932e-01 5.223510e-05 3.688129e-03 2.210138e+00 -5.167500e-05 1.000000e+00 -1.519308e-04 -5.267612e-02 -3.688149e-03 1.517407e-04 9.999931e-01 -3.136379e+00
9.999992e-01 -4.178062e-06 -1.247595e-03 2.336936e+00 4.569010e-06 1.000000e+00 3.132774e-04 -6.972470e-02 1.247583e-03 -3.132814e-04 9.999991e-01 -2.534489e+00
9.999515e-01 4.745680e-05 9.853520e-03 2.517446e+00 -4.496691e-05 1.000000e+00 -2.529004e-04 -8.609511e-02 -9.853542e-03 2.524466e-04 9.999513e-01 -2.002665e+00
9.999199e-01 5.776752e-05 1.265273e-02 2.758018e+00 -5.885173e-05 1.000000e+00 8.532472e-05 -1.001700e-01 -1.265273e-02 -8.606101e-05 9.999198e-01 -1.600996e+00
9.998940e-01 -2.064267e-06 1.456139e-02 3.061643e+00 7.170988e-06 9.999999e-01 -3.506458e-04 -1.180418e-01 -1.456139e-02 3.507145e-04 9.998938e-01 -1.065652e+00
9.999852e-01 1.001994e-06 5.433668e-03 3.418104e+00 -1.812152e-06 1.000000e+00 1.491033e-04 -1.403974e-01 -5.433671e-03 -1.491095e-04 9.999851e-01 -4.468904e-01
9.999996e-01 2.101816e-04 8.141688e-04 3.579629e+00 -2.102528e-04 1.000000e+00 8.731925e-05 -1.436417e-01 -8.141532e-04 -8.748891e-05 9.999996e-01 -5.870193e-01
9.999989e-01 -1.734821e-05 1.475642e-03 3.674896e+00 1.712518e-05 1.000000e+00 1.511813e-04 -1.521186e-01 -1.475647e-03 -1.511544e-04 9.999988e-01 -3.693192e-01
9.999949e-01 -5.954341e-06 3.188607e-03 3.842477e+00 5.840488e-06 1.000000e+00 3.572709e-05 -1.748314e-01 -3.188610e-03 -3.570675e-05 9.999948e-01 4.432272e-01
9.999992e-01 -4.132935e-05 1.276337e-03 4.011092e+00 4.112696e-05 1.000000e+00 1.586228e-04 -1.992513e-01 -1.276346e-03 -1.585686e-04 9.999991e-01 1.326970e+00
1.000000e+00 4.304388e-05 2.283932e-04 4.133660e+00 -4.306634e-05 1.000000e+00 9.844630e-05 -2.228298e-01 -2.283904e-04 -9.845456e-05 9.999999e-01 2.212770e+00
9.999994e-01 -2.289107e-05 -1.121574e-03 4.302019e+00 2.299010e-05 1.000000e+00 8.826032e-05 -2.447045e-01 1.121570e-03 -8.828445e-05 9.999993e-01 2.948128e+00
9.999962e-01 1.662357e-04 2.768150e-03 4.496488e+00 -1.668676e-04 1.000000e+00 2.280817e-04 -2.520466e-01 -2.768114e-03 -2.285411e-04 9.999960e-01 2.918960e+00
9.999999e-01 1.407073e-04 -3.563758e-04 4.544616e+00 -1.405923e-04 9.999999e-01 3.227186e-04 -2.429421e-01 3.564200e-04 -3.226668e-04 9.999998e-01 2.225697e+00
9.999974e-01 6.264158e-05 2.266578e-03 4.677001e+00 -6.292848e-05 1.000000e+00 1.265185e-04 -2.439117e-01 -2.266571e-03 -1.266591e-04 9.999973e-01 1.955073e+00
9.999949e-01 -6.902795e-05 3.203281e-03 4.937406e+00 6.930163e-05 1.000000e+00 -8.531736e-05 -2.640367e-01 -3.203275e-03 8.554065e-05 9.999948e-01 2.533606e+00
9.999986e-01 7.864016e-05 1.670009e-03 5.201931e+00 -7.886371e-05 1.000000e+00 1.338117e-04 -2.847239e-01 -1.669998e-03 -1.339415e-04 9.999985e-01 3.128394e+00
9.999972e-01 -3.472778e-05 -2.381521e-03 5.307813e+00 3.498738e-05 1.000000e+00 1.089568e-04 -3.016687e-01 2.381517e-03 -1.090380e-04 9.999971e-01 3.732587e+00
9.999990e-01 1.079797e-04 1.412953e-03 5.382953e+00 -1.081649e-04 1.000000e+00 1.310029e-04 -3.187298e-01 -1.412939e-03 -1.311538e-04 9.999989e-01 4.387376e+00
9.999951e-01 -8.677007e-06 -3.137914e-03 5.448908e+00 9.054902e-06 1.000000e+00 1.204086e-04 -3.340199e-01 3.137912e-03 -1.204346e-04 9.999950e-01 4.973796e+00
9.999999e-01 1.091402e-04 -3.608409e-04 5.511276e+00 -1.090761e-04 1.000000e+00 1.776173e-04 -3.477434e-01 3.608596e-04 -1.775760e-04 9.999998e-01 5.485803e+00
9.999845e-01 3.814426e-05 5.566156e-03 5.586055e+00 -3.860091e-05 1.000000e+00 8.193901e-05 -3.548883e-01 -5.566153e-03 -8.215074e-05 9.999844e-01 5.640682e+00
9.999958e-01 3.613820e-04 -2.864331e-03 5.409712e+00 -3.591858e-04 9.999996e-01 7.672129e-04 -3.312787e-01 2.864607e-03 -7.661789e-04 9.999955e-01 4.412455e+00
9.999970e-01 1.603114e-04 2.456922e-03 5.032721e+00 -1.612283e-04 9.999999e-01 3.730153e-04 -2.887420e-01 -2.456862e-03 -3.734082e-04 9.999968e-01 2.395509e+00
9.999859e-01 2.032334e-04 -5.314149e-03 4.921732e+00 -2.015323e-04 9.999999e-01 3.206264e-04 -2.691553e-01 5.314214e-03 -3.195488e-04 9.999857e-01 1.341137e+00
9.997708e-01 3.402963e-04 -2.140727e-02 4.891555e+00 -3.205053e-04 9.999995e-01 9.279209e-04 -2.619460e-01 2.140757e-02 -9.208448e-04 9.997703e-01 9.623208e-01
9.991223e-01 8.984431e-04 -4.187881e-02 4.936680e+00 -8.227668e-04 9.999980e-01 1.824231e-03 -2.610184e-01 4.188036e-02 -1.788171e-03 9.991209e-01 9.599361e-01
9.999913e-01 8.697846e-05 -4.162658e-03 4.993039e+00 -8.619005e-05 1.000000e+00 1.895317e-04 -2.615831e-01 4.162660e-03 -1.891686e-04 9.999912e-01 9.761815e-01
9.983361e-01 1.230568e-03 -5.764964e-02 5.044573e+00 -1.091398e-03 9.999964e-01 2.445482e-03 -2.618234e-01 5.765242e-02 -2.378491e-03 9.983338e-01 1.014690e+00
9.993042e-01 8.182886e-04 -3.728920e-02 5.067805e+00 -7.650243e-04 9.999987e-01 1.442646e-03 -2.624883e-01 3.729030e-02 -1.413112e-03 9.993034e-01 1.173850e+00
9.988768e-01 8.572169e-04 -4.737443e-02 5.098044e+00 -7.594066e-04 9.999975e-01 2.082570e-03 -2.627523e-01 4.737606e-02 -2.044251e-03 9.988749e-01 1.301608e+00
9.995822e-01 8.265049e-04 -2.889219e-02 5.097601e+00 -7.966537e-04 9.999991e-01 1.044659e-03 -2.640900e-01 2.889298e-02 -1.021202e-03 9.995819e-01 1.478120e+00
9.970135e-01 1.494022e-03 -7.721342e-02 5.059864e+00 -1.246561e-03 9.999939e-01 3.252982e-03 -2.655437e-01 7.721776e-02 -3.147012e-03 9.970092e-01 1.765801e+00
9.994408e-01 9.116702e-04 -3.342482e-02 5.020642e+00 -8.696304e-04 9.999988e-01 1.272215e-03 -2.692458e-01 3.342588e-02 -1.242432e-03 9.994403e-01 2.172119e+00
9.981011e-01 1.056320e-03 -6.158746e-02 5.003114e+00 -8.969317e-04 9.999962e-01 2.615563e-03 -2.725631e-01 6.158992e-02 -2.555352e-03 9.980982e-01 2.509557e+00
9.999697e-01 4.185005e-04 -7.766418e-03 5.020630e+00 -4.162793e-04 9.999999e-01 2.873501e-04 -2.736874e-01 7.766463e-03 -2.841037e-04 9.999697e-01 2.654907e+00
9.983365e-01 9.762701e-04 -5.764763e-02 5.042194e+00 -8.335793e-04 9.999965e-01 2.499183e-03 -2.737267e-01 5.764980e-02 -2.446967e-03 9.983338e-01 2.728010e+00
9.998855e-01 5.252936e-04 -1.511963e-02 5.052526e+00 -5.155513e-04 9.999997e-01 6.480690e-04 -2.718944e-01 1.511988e-02 -6.401950e-04 9.998854e-01 2.735297e+00
9.980066e-01 1.043021e-03 -6.310120e-02 5.061268e+00 -8.733629e-04 9.999959e-01 2.716150e-03 -2.685552e-01 6.310369e-02 -2.655620e-03 9.980034e-01 2.682392e+00
9.999441e-01 4.345202e-04 -1.056367e-02 5.090619e+00 -4.295940e-04 9.999998e-01 4.682991e-04 -2.666826e-01 1.056378e-02 -4.637298e-04 9.999440e-01 2.672586e+00
9.994251e-01 5.981500e-04 -3.389719e-02 4.916749e+00 -5.328149e-04 9.999980e-01 1.936354e-03 -2.427940e-01 3.389819e-02 -1.917175e-03 9.994234e-01 1.614042e+00
9.997871e-01 3.312997e-04 -2.062737e-02 4.735821e+00 -3.181094e-04 9.999997e-01 6.425648e-04 -2.199395e-01 2.062748e-02 -6.358612e-04 9.997870e-01 6.212717e-01
9.991942e-01 9.106561e-04 -4.012665e-02 4.765709e+00 -8.319359e-04 9.999977e-01 1.978358e-03 -2.210127e-01 4.012826e-02 -1.943376e-03 9.991926e-01 7.243077e-01
9.997867e-01 3.343828e-04 -2.064901e-02 4.815304e+00 -3.212751e-04 9.999997e-01 6.379041e-04 -2.220713e-01 2.064912e-02 -6.311289e-04 9.997865e-01 8.079095e-01
9.993451e-01 8.229007e-04 -3.617345e-02 4.876886e+00 -7.578847e-04 9.999981e-01 1.810903e-03 -2.239252e-01 3.617477e-02 -1.782297e-03 9.993438e-01 9.089445e-01
9.998392e-01 3.234513e-04 -1.792568e-02 4.970263e+00 -3.136711e-04 9.999998e-01 5.481595e-04 -2.242212e-01 1.792575e-02 -5.424436e-04 9.998391e-01 8.981455e-01
9.999870e-01 7.104638e-05 5.083984e-03 4.745390e+00 -7.394096e-05 9.999998e-01 5.700672e-04 -2.005572e-01 -5.084042e-03 -5.704308e-04 9.999869e-01 -1.835762e-01
9.995599e-01 4.501255e-04 -2.966003e-02 4.514081e+00 -4.247754e-04 9.999995e-01 8.608271e-04 -1.747850e-01 2.966031e-02 -8.478444e-04 9.995596e-01 -1.357855e+00
9.989288e-01 9.510894e-04 -4.626292e-02 4.515860e+00 -8.430810e-04 9.999969e-01 2.354019e-03 -1.699781e-01 4.626491e-02 -2.312489e-03 9.989265e-01 -1.478934e+00
9.997317e-01 -4.583065e-04 2.315438e-02 4.492450e+00 4.816822e-04 9.999994e-01 -1.003769e-03 -1.630491e-01 -2.315400e-02 1.014658e-03 9.997313e-01 -1.840889e+00
9.994609e-01 7.845921e-04 -3.282194e-02 4.402987e+00 -7.259701e-04 9.999981e-01 1.797788e-03 -1.529065e-01 3.282319e-02 -1.772986e-03 9.994596e-01 -2.340750e+00
9.998379e-01 -4.809914e-04 1.799379e-02 4.311127e+00 4.962039e-04 9.999995e-01 -8.406819e-04 -1.453912e-01 -1.799348e-02 8.494792e-04 9.998377e-01 -2.690533e+00
9.997620e-01 7.171823e-04 -2.179988e-02 4.034272e+00 -6.833936e-04 9.999986e-01 1.557124e-03 -1.273138e-01 2.180086e-02 -1.541851e-03 9.997611e-01 -3.447556e+00
9.998435e-01 -5.131417e-04 1.768246e-02 3.673561e+00 5.265880e-04 9.999996e-01 -7.554826e-04 -1.045256e-01 -1.768217e-02 7.646807e-04 9.998433e-01 -4.373575e+00
9.997963e-01 7.575051e-04 -2.016513e-02 3.336105e+00 -7.269453e-04 9.999986e-01 1.522505e-03 -8.228693e-02 2.016616e-02 -1.507531e-03 9.997955e-01 -5.287817e+00
9.998827e-01 -5.274486e-04 1.530632e-02 3.114592e+00 5.400743e-04 9.999995e-01 -8.203935e-04 -6.642139e-02 -1.530598e-02 8.285688e-04 9.998825e-01 -5.976062e+00
9.995933e-01 8.084443e-04 -2.850485e-02 2.917025e+00 -7.562447e-04 9.999980e-01 1.841800e-03 -5.004533e-02 2.850618e-02 -1.819489e-03 9.995919e-01 -6.695804e+00
9.997598e-01 -5.706407e-04 2.190622e-02 2.835245e+00 5.970319e-04 9.999991e-01 -1.197959e-03 -4.278375e-02 -2.190562e-02 1.210755e-03 9.997593e-01 -7.055809e+00
9.996854e-01 8.446649e-04 -2.506608e-02 2.551190e+00 -7.965653e-04 9.999978e-01 1.928623e-03 -2.363589e-02 2.506756e-02 -1.908044e-03 9.996839e-01 -7.857818e+00
9.996882e-01 -5.118098e-04 2.496420e-02 2.131737e+00 5.381273e-04 9.999993e-01 -1.047280e-03 5.725947e-03 -2.496375e-02 1.060392e-03 9.996878e-01 -9.070268e+00
9.997466e-01 9.537906e-04 -2.248975e-02 1.711563e+00 -9.111077e-04 9.999978e-01 1.907813e-03 3.676867e-02 2.249142e-02 -1.886834e-03 9.997452e-01 -1.035704e+01
9.997018e-01 -5.275103e-04 2.441199e-02 1.208782e+00 5.499229e-04 9.999994e-01 -9.111631e-04 7.366909e-02 -2.441159e-02 9.243212e-04 9.997015e-01 -1.187833e+01
9.997062e-01 8.953514e-04 -2.421819e-02 7.748158e-01 -8.520363e-04 9.999980e-01 1.798573e-03 1.046904e-01 2.421965e-02 -1.777405e-03 9.997050e-01 -1.316330e+01
9.999986e-01 -4.617044e-04 1.547332e-03 6.313059e-01 4.625819e-04 9.999997e-01 -5.630801e-04 1.162241e-01 -1.547171e-03 5.638002e-04 9.999986e-01 -1.366414e+01
9.983572e-01 1.582197e-03 -5.727404e-02 6.094553e-01 -1.410891e-03 9.999944e-01 3.031201e-03 1.169319e-01 5.727841e-02 -2.945409e-03 9.983539e-01 -1.361556e+01
9.999964e-01 -4.627825e-04 2.623267e-03 5.972559e-01 4.643760e-04 9.999997e-01 -6.045504e-04 1.172738e-01 -2.623084e-03 6.057713e-04 9.999963e-01 -1.355640e+01
9.990131e-01 1.351923e-03 -4.439451e-02 5.850094e-01 -1.239241e-03 9.999959e-01 2.565482e-03 1.234425e-01 4.439770e-02 -2.507930e-03 9.990107e-01 -1.383589e+01
9.999802e-01 -5.161501e-04 6.266381e-03 4.861880e-01 5.195053e-04 9.999997e-01 -5.327941e-04 1.422752e-01 -6.266199e-03 5.360436e-04 9.999802e-01 -1.472912e+01
9.988499e-01 1.334302e-03 -4.792626e-02 3.443895e-01 -1.207302e-03 9.999957e-01 2.678622e-03 1.621700e-01 4.792953e-02 -2.617675e-03 9.988473e-01 -1.563101e+01
9.998881e-01 -6.667890e-04 1.493710e-02 2.249889e-01 6.809619e-04 9.999993e-01 -9.433270e-04 1.760574e-01 -1.493655e-02 9.533976e-04 9.998880e-01 -1.624937e+01
9.994817e-01 1.050320e-03 -3.217326e-02 2.686342e-02 -9.800003e-04 9.999971e-01 2.201162e-03 1.936247e-01 3.217538e-02 -2.168487e-03 9.994799e-01 -1.702354e+01
9.996229e-01 -7.461067e-04 2.744570e-02 -3.271040e-01 7.824734e-04 9.999988e-01 -1.314078e-03 2.196583e-01 -2.744478e-02 1.335062e-03 9.996224e-01 -1.812945e+01
9.995412e-01 1.091580e-03 -3.026674e-02 -8.161924e-01 -1.021507e-03 9.999968e-01 2.330348e-03 2.537125e-01 3.026910e-02 -2.298357e-03 9.995391e-01 -1.953193e+01
9.996909e-01 -7.921416e-04 2.484766e-02 -1.342827e+00 8.230518e-04 9.999989e-01 -1.233512e-03 2.906075e-01 -2.484675e-02 1.253586e-03 9.996905e-01 -2.104786e+01
9.993294e-01 1.120019e-03 -3.659815e-02 -1.599241e+00 -1.037083e-03 9.999969e-01 2.284867e-03 3.113639e-01 3.660050e-02 -2.245375e-03 9.993274e-01 -2.194739e+01
9.995307e-01 -8.230801e-04 3.062003e-02 -1.834873e+00 8.687725e-04 9.999985e-01 -1.478735e-03 3.298674e-01 -3.061886e-02 1.504647e-03 9.995300e-01 -2.276687e+01
9.993670e-01 1.198677e-03 -3.555410e-02 -2.270973e+00 -1.110714e-03 9.999963e-01 2.493527e-03 3.607619e-01 3.555686e-02 -2.452453e-03 9.993646e-01 -2.404715e+01
9.994431e-01 -8.295119e-04 3.335731e-02 -2.814681e+00 8.763150e-04 9.999987e-01 -1.388277e-03 3.990058e-01 -3.335621e-02 1.416739e-03 9.994425e-01 -2.561104e+01
9.993894e-01 1.206485e-03 -3.491776e-02 -3.275520e+00 -1.124422e-03 9.999966e-01 2.369538e-03 4.316380e-01 3.492040e-02 -2.328824e-03 9.993874e-01 -2.696420e+01
9.995088e-01 -8.700242e-04 3.132423e-02 -3.754440e+00 9.120693e-04 9.999987e-01 -1.327765e-03 4.655395e-01 -3.132312e-02 1.355687e-03 9.995084e-01 -2.836276e+01
9.993595e-01 1.231219e-03 -3.576300e-02 -4.227037e+00 -1.147142e-03 9.999965e-01 2.371190e-03 4.990689e-01 3.576570e-02 -2.328642e-03 9.993575e-01 -2.974136e+01
9.996163e-01 -8.941806e-04 2.768174e-02 -4.613622e+00 9.303414e-04 9.999987e-01 -1.293194e-03 5.272837e-01 -2.768064e-02 1.318456e-03 9.996159e-01 -3.091928e+01
9.992354e-01 1.257744e-03 -3.907560e-02 -4.922600e+00 -1.162973e-03 9.999963e-01 2.447795e-03 5.506291e-01 3.907845e-02 -2.400475e-03 9.992332e-01 -3.190015e+01
9.997481e-01 -8.460129e-04 2.242456e-02 -5.118035e+00 8.729270e-04 9.999989e-01 -1.190121e-03 5.667565e-01 -2.242362e-02 1.209400e-03 9.997478e-01 -3.259359e+01
9.993343e-01 1.186773e-03 -3.646074e-02 -5.211367e+00 -1.108155e-03 9.999970e-01 2.176194e-03 5.754953e-01 3.646312e-02 -2.134337e-03 9.993327e-01 -3.300330e+01
9.996670e-01 -8.625167e-04 2.578756e-02 -5.219606e+00 9.005620e-04 9.999985e-01 -1.463472e-03 5.766122e-01 -2.578635e-02 1.486212e-03 9.996663e-01 -3.310533e+01
9.991064e-01 1.280565e-03 -4.224510e-02 -5.287923e+00 -1.176324e-03 9.999962e-01 2.492118e-03 5.831853e-01 4.224805e-02 -2.440193e-03 9.991041e-01 -3.342328e+01
9.993447e-01 -9.475366e-04 3.618270e-02 -5.368283e+00 1.013819e-03 9.999978e-01 -1.813367e-03 5.910953e-01 -3.618099e-02 1.848865e-03 9.993435e-01 -3.382573e+01
9.993075e-01 1.260954e-03 -3.718509e-02 -5.491761e+00 -1.175018e-03 9.999966e-01 2.332597e-03 6.001222e-01 3.718781e-02 -2.287284e-03 9.993056e-01 -3.425122e+01
9.994144e-01 -1.022233e-03 3.420047e-02 -5.496229e+00 1.090068e-03 9.999975e-01 -1.964665e-03 5.963216e-01 -3.419846e-02 2.000799e-03 9.994130e-01 -3.413721e+01
9.992370e-01 1.273786e-03 -3.903357e-02 -5.531371e+00 -1.180866e-03 9.999964e-01 2.403299e-03 5.960649e-01 3.903640e-02 -2.355368e-03 9.992350e-01 -3.416799e+01
9.993138e-01 -1.003301e-03 3.702274e-02 -5.562936e+00 1.076858e-03 9.999975e-01 -1.966726e-03 5.985660e-01 -3.702076e-02 2.005249e-03 9.993125e-01 -3.434506e+01
9.993361e-01 1.347923e-03 -3.640620e-02 -5.648163e+00 -1.260071e-03 9.999962e-01 2.435745e-03 6.047175e-01 3.640926e-02 -2.388249e-03 9.993341e-01 -3.465481e+01
9.993957e-01 -1.048696e-03 3.474093e-02 -5.727789e+00 1.117966e-03 9.999974e-01 -1.974311e-03 6.102721e-01 -3.473885e-02 2.011961e-03 9.993944e-01 -3.492445e+01
9.993038e-01 1.351503e-03 -3.728310e-02 -5.745213e+00 -1.261966e-03 9.999963e-01 2.424766e-03 6.111558e-01 3.728616e-02 -2.376024e-03 9.993018e-01 -3.502100e+01
9.993214e-01 -1.048153e-03 3.681699e-02 -5.798909e+00 1.122230e-03 9.999974e-01 -1.991216e-03 6.152078e-01 -3.681489e-02 2.031186e-03 9.993200e-01 -3.524822e+01
9.992711e-01 1.360250e-03 -3.814806e-02 -5.897258e+00 -1.265972e-03 9.999961e-01 2.495231e-03 6.223894e-01 3.815122e-02 -2.445114e-03 9.992690e-01 -3.560657e+01
9.993173e-01 -1.019846e-03 3.692773e-02 -6.113519e+00 1.087210e-03 9.999978e-01 -1.803979e-03 6.392388e-01 -3.692590e-02 1.842900e-03 9.993163e-01 -3.635990e+01
9.991747e-01 1.358308e-03 -4.059582e-02 -6.458639e+00 -1.250797e-03 9.999956e-01 2.673446e-03 6.644155e-01 4.059919e-02 -2.620458e-03 9.991721e-01 -3.743531e+01
9.994238e-01 -1.091999e-03 3.392326e-02 -6.834918e+00 1.151797e-03 9.999978e-01 -1.743035e-03 6.891821e-01 -3.392137e-02 1.781107e-03 9.994229e-01 -3.844562e+01
9.992030e-01 1.335602e-03 -3.989316e-02 -7.210062e+00 -1.232503e-03 9.999958e-01 2.608676e-03 7.121571e-01 3.989639e-02 -2.557425e-03 9.992005e-01 -3.936097e+01
9.994344e-01 -1.151744e-03 3.360534e-02 -7.416025e+00 1.218469e-03 9.999973e-01 -1.964923e-03 7.220015e-01 -3.360307e-02 2.004763e-03 9.994332e-01 -3.975696e+01
9.992529e-01 1.341985e-03 -3.862253e-02 -7.451977e+00 -1.252903e-03 9.999965e-01 2.330402e-03 7.148491e-01 3.862543e-02 -2.280267e-03 9.992511e-01 -3.944616e+01
9.993658e-01 -1.110747e-03 3.558983e-02 -7.447806e+00 1.182309e-03 9.999973e-01 -1.989563e-03 7.081722e-01 -3.558761e-02 2.030384e-03 9.993645e-01 -3.921173e+01
9.992722e-01 1.359578e-03 -3.811790e-02 -7.540384e+00 -1.267525e-03 9.999962e-01 2.438815e-03 7.125933e-01 3.812099e-02 -2.388721e-03 9.992703e-01 -3.944314e+01
9.993815e-01 -1.132666e-03 3.514549e-02 -7.701811e+00 1.200734e-03 9.999974e-01 -1.915470e-03 7.222610e-01 -3.514332e-02 1.956490e-03 9.993803e-01 -3.987430e+01
9.992502e-01 1.360229e-03 -3.869224e-02 -7.853687e+00 -1.266612e-03 9.999962e-01 2.443751e-03 7.303933e-01 3.869533e-02 -2.392907e-03 9.992482e-01 -4.023316e+01
9.993337e-01 -1.113626e-03 3.647958e-02 -7.923887e+00 1.187600e-03 9.999973e-01 -2.006002e-03 7.321683e-01 -3.647733e-02 2.047993e-03 9.993324e-01 -4.035948e+01
9.992835e-01 1.368177e-03 -3.782106e-02 -7.932871e+00 -1.276284e-03 9.999962e-01 2.453518e-03 7.308816e-01 3.782419e-02 -2.403486e-03 9.992815e-01 -4.040995e+01
9.993452e-01 -1.148920e-03 3.616311e-02 -7.885285e+00 1.225351e-03 9.999971e-01 -2.091208e-03 7.238307e-01 -3.616068e-02 2.134155e-03 9.993437e-01 -4.021261e+01
9.992537e-01 1.329550e-03 -3.860337e-02 -7.828037e+00 -1.238643e-03 9.999964e-01 2.378521e-03 7.091170e-01 3.860631e-02 -2.328926e-03 9.992518e-01 -3.964038e+01
9.993444e-01 -1.102863e-03 3.618677e-02 -7.810962e+00 1.178088e-03 9.999972e-01 -2.057322e-03 7.001645e-01 -3.618448e-02 2.098609e-03 9.993429e-01 -3.932094e+01
9.992648e-01 1.310361e-03 -3.831500e-02 -7.786912e+00 -1.219502e-03 9.999964e-01 2.394460e-03 6.908128e-01 3.831792e-02 -2.345971e-03 9.992628e-01 -3.898944e+01
9.993262e-01 -1.078635e-03 3.668662e-02 -7.761963e+00 1.152801e-03 9.999973e-01 -2.000317e-03 6.856914e-01 -3.668444e-02 2.041266e-03 9.993248e-01 -3.887859e+01
9.992437e-01 1.404882e-03 -3.885623e-02 -7.852195e+00 -1.306843e-03 9.999959e-01 2.548210e-03 6.938693e-01 3.885956e-02 -2.495500e-03 9.992415e-01 -3.932120e+01
9.993258e-01 -1.086488e-03 3.669501e-02 -7.941056e+00 1.160722e-03 9.999973e-01 -2.001540e-03 7.020628e-01 -3.669282e-02 2.042788e-03 9.993245e-01 -3.976793e+01
9.992294e-01 1.311427e-03 -3.922739e-02 -7.914732e+00 -1.218013e-03 9.999964e-01 2.404965e-03 6.962434e-01 3.923031e-02 -2.355329e-03 9.992274e-01 -3.962231e+01
9.993275e-01 -1.133075e-03 3.664884e-02 -7.851663e+00 1.211208e-03 9.999970e-01 -2.109602e-03 6.811041e-01 -3.664643e-02 2.152577e-03 9.993260e-01 -3.904302e+01
9.992639e-01 1.410766e-03 -3.833500e-02 -7.915694e+00 -1.314960e-03 9.999959e-01 2.524078e-03 6.835568e-01 3.833833e-02 -2.471807e-03 9.992617e-01 -3.919893e+01
9.992848e-01 -1.077916e-03 3.779592e-02 -8.213423e+00 1.145663e-03 9.999978e-01 -1.770636e-03 7.041038e-01 -3.779401e-02 1.812675e-03 9.992839e-01 -4.006694e+01
9.992667e-01 1.453796e-03 -3.825927e-02 -8.537715e+00 -1.356854e-03 9.999958e-01 2.559466e-03 7.267789e-01 3.826274e-02 -2.505673e-03 9.992645e-01 -4.102406e+01
9.993112e-01 -1.142647e-03 3.709104e-02 -8.761155e+00 1.213982e-03 9.999975e-01 -1.900558e-03 7.419986e-01 -3.708885e-02 1.944281e-03 9.993101e-01 -4.168771e+01
9.992720e-01 1.466870e-03 -3.812024e-02 -9.034200e+00 -1.369111e-03 9.999957e-01 2.590255e-03 7.597901e-01 3.812379e-02 -2.536175e-03 9.992698e-01 -4.243461e+01
9.993033e-01 -1.169515e-03 3.730253e-02 -9.300145e+00 1.241695e-03 9.999974e-01 -1.911667e-03 7.764839e-01 -3.730028e-02 1.956657e-03 9.993022e-01 -4.313814e+01
9.992543e-01 1.471278e-03 -3.858252e-02 -9.571665e+00 -1.372842e-03 9.999957e-01 2.577491e-03 7.931385e-01 3.858606e-02 -2.522597e-03 9.992521e-01 -4.383510e+01
9.993032e-01 -1.197623e-03 3.730359e-02 -9.788464e+00 1.271498e-03 9.999973e-01 -1.956497e-03 8.065667e-01 -3.730122e-02 2.002569e-03 9.993020e-01 -4.441535e+01
9.992612e-01 1.512849e-03 -3.840059e-02 -9.950505e+00 -1.417180e-03 9.999958e-01 2.518231e-03 8.168222e-01 3.840416e-02 -2.461946e-03 9.992592e-01 -4.488408e+01
9.992813e-01 -1.198681e-03 3.788466e-02 -1.017898e+01 1.270176e-03 9.999975e-01 -1.862951e-03 8.315295e-01 -3.788242e-02 1.909736e-03 9.992804e-01 -4.551773e+01
9.992448e-01 1.506710e-03 -3.882516e-02 -1.034247e+01 -1.413863e-03 9.999961e-01 2.418568e-03 8.415981e-01 3.882857e-02 -2.361844e-03 9.992431e-01 -4.596913e+01
9.992723e-01 -1.216819e-03 3.812014e-02 -1.050640e+01 1.288841e-03 9.999974e-01 -1.864617e-03 8.513982e-01 -3.811786e-02 1.912395e-03 9.992714e-01 -4.640057e+01
9.992615e-01 1.615626e-03 -3.838746e-02 -1.095191e+01 -1.510037e-03 9.999950e-01 2.779241e-03 8.804916e-01 3.839168e-02 -2.719219e-03 9.992590e-01 -4.757794e+01
9.992553e-01 -1.230529e-03 3.856258e-02 -1.153770e+01 1.296263e-03 9.999977e-01 -1.679444e-03 9.190981e-01 -3.856051e-02 1.728185e-03 9.992548e-01 -4.912107e+01
9.992745e-01 1.618349e-03 -3.804880e-02 -1.190122e+01 -1.524940e-03 9.999958e-01 2.483669e-03 9.435284e-01 3.805257e-02 -2.423841e-03 9.992728e-01 -5.012498e+01
9.992710e-01 -1.279379e-03 3.815360e-02 -1.215723e+01 1.348870e-03 9.999975e-01 -1.795441e-03 9.607568e-01 -3.815128e-02 1.845601e-03 9.992703e-01 -5.085484e+01
9.992556e-01 1.644409e-03 -3.854166e-02 -1.247488e+01 -1.546696e-03 9.999955e-01 2.564732e-03 9.820666e-01 3.854563e-02 -2.503207e-03 9.992537e-01 -5.174266e+01
9.992918e-01 -1.321183e-03 3.760274e-02 -1.285084e+01 1.386508e-03 9.999976e-01 -1.710993e-03 1.007133e+00 -3.760047e-02 1.761922e-03 9.992913e-01 -5.277745e+01
9.992385e-01 1.632720e-03 -3.898091e-02 -1.311242e+01 -1.539969e-03 9.999959e-01 2.409095e-03 1.024663e+00 3.898461e-02 -2.347227e-03 9.992370e-01 -5.352610e+01
9.992823e-01 -1.335751e-03 3.785510e-02 -1.340638e+01 1.400032e-03 9.999976e-01 -1.671402e-03 1.043768e+00 -3.785286e-02 1.723205e-03 9.992818e-01 -5.432360e+01
9.992457e-01 1.672148e-03 -3.879441e-02 -1.371809e+01 -1.578997e-03 9.999958e-01 2.431439e-03 1.064295e+00 3.879824e-02 -2.368345e-03 9.992442e-01 -5.517889e+01
9.992807e-01 -1.349364e-03 3.789681e-02 -1.411775e+01 1.409294e-03 9.999978e-01 -1.554512e-03 1.090515e+00 -3.789471e-02 1.606805e-03 9.992804e-01 -5.625088e+01
9.992571e-01 1.714034e-03 -3.849761e-02 -1.450756e+01 -1.621800e-03 9.999957e-01 2.426745e-03 1.116958e+00 3.850153e-02 -2.362503e-03 9.992557e-01 -5.734289e+01
9.992880e-01 -1.378064e-03 3.770235e-02 -1.495440e+01 1.434623e-03 9.999979e-01 -1.472925e-03 1.146893e+00 -3.770033e-02 1.525969e-03 9.992879e-01 -5.856613e+01
9.992481e-01 1.716747e-03 -3.873247e-02 -1.533007e+01 -1.627759e-03 9.999960e-01 2.328719e-03 1.172087e+00 3.873623e-02 -2.263917e-03 9.992469e-01 -5.960785e+01
9.993059e-01 -1.457883e-03 3.722211e-02 -1.550755e+01 1.523629e-03 9.999973e-01 -1.737806e-03 1.183552e+00 -3.721956e-02 1.793317e-03 9.993055e-01 -6.011571e+01
9.992503e-01 1.733504e-03 -3.867429e-02 -1.570323e+01 -1.645021e-03 9.999960e-01 2.319404e-03 1.195256e+00 3.867807e-02 -2.254041e-03 9.992492e-01 -6.061836e+01
9.992769e-01 -1.423636e-03 3.799354e-02 -1.596743e+01 1.485580e-03 9.999976e-01 -1.601990e-03 1.212812e+00 -3.799125e-02 1.657278e-03 9.992767e-01 -6.136642e+01
9.992361e-01 1.748738e-03 -3.903969e-02 -1.612842e+01 -1.664163e-03 9.999962e-01 2.198592e-03 1.223883e+00 3.904330e-02 -2.131940e-03 9.992352e-01 -6.187850e+01
9.992693e-01 -1.467614e-03 3.819041e-02 -1.623028e+01 1.531797e-03 9.999975e-01 -1.651181e-03 1.230722e+00 -3.818797e-02 1.708479e-03 9.992691e-01 -6.223123e+01
9.992478e-01 1.811272e-03 -3.873529e-02 -1.644932e+01 -1.723202e-03 9.999959e-01 2.306700e-03 1.245184e+00 3.873922e-02 -2.238213e-03 9.992468e-01 -6.286021e+01
9.992695e-01 -1.510693e-03 3.818310e-02 -1.676830e+01 1.571380e-03 9.999975e-01 -1.559180e-03 1.265040e+00 -3.818074e-02 1.618045e-03 9.992695e-01 -6.367045e+01
9.992580e-01 1.850001e-03 -3.846796e-02 -1.715946e+01 -1.759370e-03 9.999956e-01 2.389542e-03 1.289652e+00 3.847213e-02 -2.320086e-03 9.992570e-01 -6.466047e+01
9.992625e-01 -1.520143e-03 3.836703e-02 -1.752916e+01 1.581187e-03 9.999975e-01 -1.560539e-03 1.313647e+00 -3.836464e-02 1.620058e-03 9.992625e-01 -6.563824e+01
9.992763e-01 1.901263e-03 -3.798917e-02 -1.784613e+01 -1.814042e-03 9.999956e-01 2.330073e-03 1.334984e+00 3.799336e-02 -2.259468e-03 9.992754e-01 -6.652728e+01
9.992861e-01 -1.571101e-03 3.774353e-02 -1.821749e+01 1.628120e-03 9.999976e-01 -1.479807e-03 1.359636e+00 -3.774119e-02 1.540206e-03 9.992863e-01 -6.753978e+01
9.993169e-01 1.972149e-03 -3.690168e-02 -1.865953e+01 -1.885510e-03 9.999954e-01 2.382258e-03 1.388958e+00 3.690613e-02 -2.311048e-03 9.993160e-01 -6.872465e+01
9.992274e-01 -1.556705e-03 3.926977e-02 -1.902659e+01 1.619529e-03 9.999975e-01 -1.567847e-03 1.413985e+00 -3.926731e-02 1.630238e-03 9.992274e-01 -6.974549e+01
9.993088e-01 2.015597e-03 -3.711645e-02 -1.939813e+01 -1.928226e-03 9.999953e-01 2.389393e-03 1.440223e+00 3.712101e-02 -2.316168e-03 9.993081e-01 -7.082231e+01
9.992529e-01 -1.631716e-03 3.861156e-02 -1.974449e+01 1.694240e-03 9.999973e-01 -1.586429e-03 1.464143e+00 -3.860895e-02 1.650665e-03 9.992530e-01 -7.180969e+01
9.993596e-01 2.105231e-03 -3.571779e-02 -2.006185e+01 -2.022654e-03 9.999952e-01 2.347688e-03 1.487098e+00 3.572248e-02 -2.273936e-03 9.993591e-01 -7.276085e+01
9.993138e-01 -1.713804e-03 3.699763e-02 -2.042483e+01 1.770620e-03 9.999973e-01 -1.502720e-03 1.512803e+00 -3.699503e-02 1.567201e-03 9.993142e-01 -7.382874e+01
9.993027e-01 2.053784e-03 -3.727884e-02 -2.061795e+01 -1.975495e-03 9.999958e-01 2.136585e-03 1.526105e+00 3.728299e-02 -2.061447e-03 9.993026e-01 -7.441693e+01
9.993271e-01 -1.766927e-03 3.663547e-02 -2.071551e+01 1.827215e-03 9.999970e-01 -1.611989e-03 1.532392e+00 -3.663259e-02 1.677849e-03 9.993274e-01 -7.473275e+01
9.992945e-01 2.086163e-03 -3.749604e-02 -2.086574e+01 -2.004990e-03 9.999956e-01 2.202106e-03 1.542564e+00 3.750039e-02 -2.125369e-03 9.992943e-01 -7.520584e+01
9.993320e-01 -1.813775e-03 3.649723e-02 -2.101143e+01 1.875256e-03 9.999969e-01 -1.650159e-03 1.551260e+00 -3.649421e-02 1.717502e-03 9.993324e-01 -7.559863e+01
9.993003e-01 2.100025e-03 -3.734153e-02 -2.114387e+01 -2.019572e-03 9.999956e-01 2.191909e-03 1.559293e+00 3.734588e-02 -2.114958e-03 9.993001e-01 -7.596861e+01
9.993124e-01 -1.838551e-03 3.702938e-02 -2.119997e+01 1.903922e-03 9.999967e-01 -1.729968e-03 1.561600e+00 -3.702616e-02 1.799284e-03 9.993127e-01 -7.612259e+01
9.993182e-01 2.085020e-03 -3.686094e-02 -2.119372e+01 -2.008793e-03 9.999958e-01 2.104674e-03 1.558181e+00 3.686509e-02 -2.029189e-03 9.993182e-01 -7.604785e+01
9.993315e-01 -1.886309e-03 3.650701e-02 -2.116999e+01 1.951343e-03 9.999966e-01 -1.745632e-03 1.551658e+00 -3.650367e-02 1.815707e-03 9.993319e-01 -7.583959e+01
9.993731e-01 2.116369e-03 -3.533796e-02 -2.114197e+01 -2.043235e-03 9.999957e-01 2.105306e-03 1.545956e+00 3.534218e-02 -2.031779e-03 9.993732e-01 -7.567477e+01
9.993651e-01 -1.825064e-03 3.558004e-02 -2.121612e+01 1.882784e-03 9.999970e-01 -1.588602e-03 1.550777e+00 -3.557711e-02 1.654588e-03 9.993655e-01 -7.594462e+01
9.993469e-01 2.159979e-03 -3.606824e-02 -2.136405e+01 -2.082018e-03 9.999954e-01 2.198698e-03 1.561401e+00 3.607274e-02 -2.122163e-03 9.993469e-01 -7.644277e+01
9.993340e-01 -1.832778e-03 3.644177e-02 -2.147518e+01 1.893407e-03 9.999969e-01 -1.629046e-03 1.569434e+00 -3.643875e-02 1.696964e-03 9.993344e-01 -7.683969e+01
9.993756e-01 2.235637e-03 -3.526105e-02 -2.165961e+01 -2.157604e-03 9.999951e-01 2.250684e-03 1.582594e+00 3.526582e-02 -2.173196e-03 9.993756e-01 -7.742077e+01
9.992735e-01 -1.836533e-03 3.806564e-02 -2.180552e+01 1.902143e-03 9.999968e-01 -1.687260e-03 1.592776e+00 -3.806250e-02 1.758444e-03 9.992738e-01 -7.788100e+01
9.994170e-01 2.095747e-03 -3.407445e-02 -2.175796e+01 -2.029217e-03 9.999960e-01 1.986723e-03 1.584915e+00 3.407840e-02 -1.916416e-03 9.994173e-01 -7.762102e+01
9.993920e-01 -1.904884e-03 3.481203e-02 -2.173103e+01 1.962658e-03 9.999968e-01 -1.625272e-03 1.577793e+00 -3.480891e-02 1.692612e-03 9.993925e-01 -7.738325e+01
9.993911e-01 2.245203e-03 -3.481744e-02 -2.189841e+01 -2.168766e-03 9.999952e-01 2.232741e-03 1.588907e+00 3.482220e-02 -2.155867e-03 9.993912e-01 -7.788949e+01
9.993878e-01 -1.876543e-03 3.493249e-02 -2.235694e+01 1.921050e-03 9.999974e-01 -1.240316e-03 1.620330e+00 -3.493015e-02 1.306668e-03 9.993889e-01 -7.917815e+01
9.994014e-01 2.300942e-03 -3.451563e-02 -2.287567e+01 -2.222912e-03 9.999949e-01 2.298695e-03 1.656317e+00 3.452066e-02 -2.220590e-03 9.994015e-01 -8.064785e+01
9.993879e-01 -1.907413e-03 3.492949e-02 -2.343808e+01 1.949613e-03 9.999974e-01 -1.173896e-03 1.694820e+00 -3.492724e-02 1.241281e-03 9.993891e-01 -8.220788e+01
9.994219e-01 2.398768e-03 -3.391092e-02 -2.415028e+01 -2.316180e-03 9.999943e-01 2.474273e-03 1.743562e+00 3.391658e-02 -2.394295e-03 9.994218e-01 -8.416366e+01
9.993742e-01 -1.952434e-03 3.531705e-02 -2.483415e+01 1.996679e-03 9.999973e-01 -1.217350e-03 1.789921e+00 -3.531466e-02 1.287109e-03 9.993754e-01 -8.601780e+01
9.994761e-01 2.448544e-03 -3.227110e-02 -2.541858e+01 -2.375753e-03 9.999945e-01 2.293537e-03 1.829885e+00 3.227646e-02 -2.215663e-03 9.994765e-01 -8.761756e+01
9.993312e-01 -1.912933e-03 3.651584e-02 -2.605356e+01 1.954876e-03 9.999975e-01 -1.112725e-03 1.874399e+00 -3.651370e-02 1.183369e-03 9.993324e-01 -8.939561e+01
9.994238e-01 2.474805e-03 -3.384986e-02 -2.685458e+01 -2.391754e-03 9.999940e-01 2.493564e-03 1.929604e+00 3.385574e-02 -2.411163e-03 9.994238e-01 -9.159757e+01
9.993807e-01 -2.027696e-03 3.512780e-02 -2.751433e+01 2.072968e-03 9.999971e-01 -1.252189e-03 1.975151e+00 -3.512524e-02 1.324236e-03 9.993820e-01 -9.343290e+01
9.993979e-01 2.476811e-03 -3.460692e-02 -2.804841e+01 -2.397026e-03 9.999944e-01 2.346522e-03 2.012676e+00 3.461245e-02 -2.262151e-03 9.993982e-01 -9.496979e+01
9.993875e-01 -2.077784e-03 3.492980e-02 -2.855695e+01 2.123159e-03 9.999969e-01 -1.261771e-03 2.048488e+00 -3.492716e-02 1.335164e-03 9.993889e-01 -9.644181e+01
9.994003e-01 2.491046e-03 -3.453498e-02 -2.901642e+01 -2.414959e-03 9.999946e-01 2.244487e-03 2.080361e+00 3.454030e-02 -2.159737e-03 9.994009e-01 -9.775616e+01
9.994133e-01 -2.168537e-03 3.417925e-02 -2.938059e+01 2.217260e-03 9.999966e-01 -1.387435e-03 2.104605e+00 -3.417621e-02 1.462410e-03 9.994147e-01 -9.875807e+01
9.994039e-01 2.524866e-03 -3.442835e-02 -2.968056e+01 -2.451384e-03 9.999946e-01 2.176136e-03 2.125322e+00 3.443358e-02 -2.090438e-03 9.994048e-01 -9.963991e+01
9.994334e-01 -2.277389e-03 3.357866e-02 -2.975960e+01 2.334824e-03 9.999959e-01 -1.671109e-03 2.129479e+00 -3.357480e-02 1.748567e-03 9.994347e-01 -9.987060e+01
9.994169e-01 2.509843e-03 -3.405048e-02 -2.979022e+01 -2.440022e-03 9.999948e-01 2.091677e-03 2.127489e+00 3.405547e-02 -2.007369e-03 9.994179e-01 -9.984095e+01
9.994565e-01 -2.249386e-03 3.288596e-02 -2.993608e+01 2.301114e-03 9.999962e-01 -1.534946e-03 2.136344e+00 -3.288247e-02 1.609791e-03 9.994579e-01 -1.002439e+02
9.994153e-01 2.535609e-03 -3.409434e-02 -3.010374e+01 -2.464271e-03 9.999947e-01 2.133988e-03 2.147152e+00 3.409949e-02 -2.048719e-03 9.994163e-01 -1.007330e+02
9.994400e-01 -2.225194e-03 3.338663e-02 -3.037940e+01 2.272679e-03 9.999965e-01 -1.384138e-03 2.165549e+00 -3.338352e-02 1.459244e-03 9.994415e-01 -1.015151e+02
9.994247e-01 2.562861e-03 -3.381747e-02 -3.063733e+01 -2.492853e-03 9.999947e-01 2.111945e-03 2.182956e+00 3.382262e-02 -2.026424e-03 9.994258e-01 -1.022595e+02
9.994246e-01 -2.214642e-03 3.384450e-02 -3.104262e+01 2.256020e-03 9.999968e-01 -1.184207e-03 2.210805e+00 -3.384185e-02 1.259884e-03 9.994264e-01 -1.034069e+02
9.994294e-01 2.574973e-03 -3.367607e-02 -3.142752e+01 -2.507487e-03 9.999948e-01 2.045808e-03 2.236589e+00 3.368108e-02 -1.960194e-03 9.994307e-01 -1.044666e+02
9.994450e-01 -2.267238e-03 3.323305e-02 -3.178525e+01 2.308639e-03 9.999966e-01 -1.207192e-03 2.260061e+00 -3.323028e-02 1.283249e-03 9.994469e-01 -1.054277e+02
9.994168e-01 2.611985e-03 -3.404509e-02 -3.219560e+01 -2.541139e-03 9.999945e-01 2.123822e-03 2.287701e+00 3.405037e-02 -2.036066e-03 9.994180e-01 -1.065638e+02
9.994437e-01 -2.296371e-03 3.326868e-02 -3.246425e+01 2.342727e-03 9.999963e-01 -1.354198e-03 2.306644e+00 -3.326553e-02 1.431389e-03 9.994455e-01 -1.073812e+02
9.994332e-01 2.674284e-03 -3.355598e-02 -3.274184e+01 -2.603549e-03 9.999943e-01 2.151243e-03 2.326920e+00 3.356146e-02 -2.062655e-03 9.994345e-01 -1.082573e+02
9.994647e-01 -2.339015e-03 3.263083e-02 -3.306618e+01 2.382531e-03 9.999963e-01 -1.294505e-03 2.350368e+00 -3.262776e-02 1.371560e-03 9.994666e-01 -1.092588e+02
9.994487e-01 2.718245e-03 -3.308603e-02 -3.344601e+01 -2.646506e-03 9.999941e-01 2.211631e-03 2.377454e+00 3.309176e-02 -2.122845e-03 9.994500e-01 -1.103968e+02
9.994507e-01 -2.364435e-03 3.305335e-02 -3.399801e+01 2.402806e-03 9.999965e-01 -1.120964e-03 2.414278e+00 -3.305066e-02 1.199774e-03 9.994529e-01 -1.118851e+02
9.994393e-01 2.768005e-03 -3.336668e-02 -3.453634e+01 -2.695842e-03 9.999939e-01 2.207289e-03 2.450917e+00 3.337251e-02 -2.116095e-03 9.994407e-01 -1.133807e+02
9.994341e-01 -2.354376e-03 3.355265e-02 -3.517820e+01 2.386975e-03 9.999967e-01 -9.313034e-04 2.496028e+00 -3.355043e-02 1.010870e-03 9.994365e-01 -1.152187e+02
9.994443e-01 2.767334e-03 -3.321467e-02 -3.578148e+01 -2.699085e-03 9.999942e-01 2.099203e-03 2.537115e+00 3.322020e-02 -2.008384e-03 9.994460e-01 -1.168801e+02
9.994592e-01 -2.443879e-03 3.278944e-02 -3.597623e+01 2.490818e-03 9.999959e-01 -1.390493e-03 2.551764e+00 -3.278599e-02 1.471418e-03 9.994613e-01 -1.175496e+02
9.994200e-01 2.656491e-03 -3.394879e-02 -3.591985e+01 -2.597190e-03 9.999950e-01 1.790515e-03 2.544801e+00 3.395330e-02 -1.701300e-03 9.994219e-01 -1.173745e+02
9.994651e-01 -2.411496e-03 3.261235e-02 -3.595784e+01 2.453381e-03 9.999962e-01 -1.244117e-03 2.548106e+00 -3.260931e-02 1.323467e-03 9.994673e-01 -1.176223e+02
9.994296e-01 2.716816e-03 -3.366006e-02 -3.603438e+01 -2.655673e-03 9.999947e-01 1.860820e-03 2.555433e+00 3.366486e-02 -1.770365e-03 9.994316e-01 -1.180477e+02
9.994468e-01 -2.468193e-03 3.316372e-02 -3.602549e+01 2.513073e-03 9.999960e-01 -1.311431e-03 2.556040e+00 -3.316043e-02 1.394053e-03 9.994490e-01 -1.182214e+02
9.994166e-01 2.702642e-03 -3.404396e-02 -3.602533e+01 -2.643994e-03 9.999949e-01 1.767366e-03 2.552625e+00 3.404848e-02 -1.676318e-03 9.994188e-01 -1.181772e+02
9.994678e-01 -2.521568e-03 3.252018e-02 -3.603555e+01 2.564761e-03 9.999959e-01 -1.286276e-03 2.548826e+00 -3.251689e-02 1.369002e-03 9.994702e-01 -1.181028e+02
9.994400e-01 2.718983e-03 -3.334943e-02 -3.598677e+01 -2.663882e-03 9.999950e-01 1.696304e-03 2.540417e+00 3.335379e-02 -1.606511e-03 9.994423e-01 -1.178591e+02
9.994629e-01 -2.351528e-03 3.268305e-02 -3.627376e+01 2.380395e-03 9.999968e-01 -8.441071e-04 2.562782e+00 -3.268104e-02 9.214566e-04 9.994654e-01 -1.188459e+02
9.994399e-01 2.719213e-03 -3.335298e-02 -3.664269e+01 -2.661397e-03 9.999949e-01 1.777459e-03 2.590510e+00 3.335756e-02 -1.687694e-03 9.994420e-01 -1.200326e+02
9.994879e-01 -2.432314e-03 3.190536e-02 -3.684769e+01 2.467567e-03 9.999964e-01 -1.065315e-03 2.606060e+00 -3.190274e-02 1.143503e-03 9.994903e-01 -1.207351e+02
9.994378e-01 2.743097e-03 -3.341178e-02 -3.698823e+01 -2.687475e-03 9.999949e-01 1.709288e-03 2.617574e+00 3.341622e-02 -1.618530e-03 9.994402e-01 -1.212928e+02
9.994806e-01 -2.434173e-03 3.213023e-02 -3.714820e+01 2.468748e-03 9.999964e-01 -1.036202e-03 2.630383e+00 -3.212767e-02 1.114990e-03 9.994831e-01 -1.218987e+02
9.994327e-01 2.757016e-03 -3.356289e-02 -3.739357e+01 -2.698109e-03 9.999947e-01 1.800027e-03 2.648747e+00 3.356760e-02 -1.708446e-03 9.994350e-01 -1.227139e+02
9.994810e-01 -2.477046e-03 3.211618e-02 -3.764130e+01 2.512192e-03 9.999963e-01 -1.053754e-03 2.666493e+00 -3.211353e-02 1.133893e-03 9.994836e-01 -1.234871e+02
