9.999995e-01 1.168412e-04 -1.038503e-03 4.028834e-03 -1.166416e-04 1.000000e+00 1.922864e-04 2.495163e-03 1.038526e-03 -1.921646e-04 9.999993e-01 -2.213911e-01
1.000000e+00 -1.553640e-04 1.125541e-04 1.862564e-01 1.554061e-04 9.999999e-01 -3.741602e-04 -1.704776e-02 -1.124961e-04 3.741782e-04 9.999998e-01 4.497530e-01
9.999997e-01 1.200751e-04 -7.538726e-04 3.434371e-01 -1.199270e-04 1.000000e+00 1.964559e-04 -3.517455e-02 7.538959e-04 -1.963650e-04 9.999996e-01 1.093416e+00
9.999983e-01 -1.756401e-04 1.827213e-03 4.494055e-01 1.763360e-04 9.999999e-01 -3.806657e-04 -4.860825e-02 -1.827146e-03 3.809877e-04 9.999982e-01 1.584466e+00
9.999997e-01 2.212005e-04 -7.447166e-04 4.775871e-01 -2.208943e-04 9.999999e-01 4.111899e-04 -4.725433e-02 7.448075e-04 -4.110248e-04 9.999995e-01 1.391321e+00
9.999997e-01 -1.703408e-04 8.191039e-04 5.779360e-01 1.706670e-04 9.999999e-01 -3.980916e-04 -5.081259e-02 -8.190360e-04 3.982317e-04 9.999995e-01 1.366309e+00
9.999937e-01 2.618178e-04 -3.542638e-03 6.776431e-01 -2.595744e-04 9.999998e-01 6.336905e-04 -5.264608e-02 3.542803e-03 -6.327665e-04 9.999934e-01 1.282965e+00
9.999998e-01 -2.379166e-04 5.060698e-04 8.449678e-01 2.381758e-04 9.999998e-01 -5.122672e-04 -6.434262e-02 -5.059484e-04 5.123882e-04 9.999996e-01 1.614728e+00
9.999963e-01 2.385162e-04 -2.722008e-03 9.701234e-01 -2.370339e-04 9.999998e-01 5.448728e-04 -7.737723e-02 2.722136e-03 -5.442251e-04 9.999960e-01 2.057734e+00
9.999992e-01 -2.362224e-04 1.256748e-03 1.045773e+00 2.368966e-04 9.999998e-01 -5.363429e-04 -8.813645e-02 -1.256622e-03 5.366407e-04 9.999990e-01 2.463780e+00
9.999959e-01 2.986582e-04 -2.853118e-03 1.047493e+00 -2.967370e-04 9.999997e-01 6.737505e-04 -8.871654e-02 2.853318e-03 -6.729006e-04 9.999956e-01 2.437401e+00
9.999973e-01 1.697576e-05 -2.329865e-03 9.121856e-01 -1.764166e-05 1.000000e+00 -2.858012e-04 -7.872773e-02 2.329858e-03 2.858421e-04 9.999971e-01 2.024950e+00
9.999973e-01 1.607916e-04 -2.305017e-03 8.595898e-01 -1.593948e-04 9.999998e-01 6.061338e-04 -7.527770e-02 2.305112e-03 -6.057642e-04 9.999971e-01 1.873226e+00
9.999791e-01 9.559880e-05 -6.462479e-03 8.683031e-01 -9.715836e-05 1.000000e+00 -2.410155e-04 -7.932772e-02 6.462453e-03 2.416390e-04 9.999790e-01 2.075162e+00
9.999931e-01 -6.525965e-05 3.708404e-03 9.267509e-01 6.412920e-05 1.000000e+00 3.049618e-04 -8.959741e-02 -3.708427e-03 -3.047213e-04 9.999930e-01 2.491661e+00
9.998126e-01 6.022272e-04 -1.935124e-02 9.547435e-01 -5.981662e-04 9.999998e-01 2.156437e-04 -9.516961e-02 1.935136e-02 -2.040274e-04 9.998126e-01 2.778255e+00
9.998557e-01 -4.801537e-04 1.698094e-02 9.123088e-01 4.809153e-04 9.999999e-01 -4.076916e-05 -9.382434e-02 -1.698093e-02 4.893036e-05 9.998557e-01 2.692272e+00
9.998357e-01 5.238508e-04 -1.812013e-02 9.584968e-01 -5.224711e-04 9.999999e-01 8.087387e-05 -1.017989e-01 1.812016e-02 -7.139265e-05 9.998357e-01 2.976880e+00
9.998645e-01 -4.374077e-04 1.645439e-02 1.120603e+00 4.378296e-04 9.999999e-01 -2.203630e-05 -1.107331e-01 -1.645439e-02 2.923823e-05 9.998645e-01 3.154115e+00
9.998301e-01 5.223299e-04 -1.842506e-02 1.291898e+00 -5.199919e-04 9.999999e-01 1.316800e-04 -1.189073e-01 1.842512e-02 -1.220761e-04 9.998301e-01 3.282804e+00
9.998634e-01 -5.327677e-04 1.651722e-02 1.478531e+00 5.347141e-04 9.999999e-01 -1.134168e-04 -1.330505e-01 -1.651717e-02 1.222340e-04 9.998635e-01 3.692912e+00
9.998365e-01 5.226930e-04 -1.807272e-02 1.596672e+00 -5.219202e-04 9.999999e-01 4.747580e-05 -1.488854e-01 1.807274e-02 -3.803483e-05 9.998366e-01 4.280248e+00
9.998576e-01 -5.250648e-04 1.686812e-02 1.683751e+00 5.267396e-04 9.999999e-01 -9.484181e-05 -1.619816e-01 -1.686808e-02 1.037141e-04 9.998576e-01 4.779486e+00
9.998828e-01 5.527040e-04 -1.529746e-02 1.748367e+00 -5.519066e-04 9.999998e-01 5.634451e-05 -1.620507e-01 1.529749e-02 -4.789446e-05 9.998829e-01 4.605743e+00
9.998635e-01 -4.963619e-04 1.651196e-02 1.749851e+00 4.960941e-04 9.999999e-01 2.031294e-05 -1.593484e-01 -1.651197e-02 -1.211799e-05 9.998636e-01 4.383756e+00
9.998784e-01 4.448076e-04 -1.558658e-02 1.927341e+00 -4.491855e-04 9.999999e-01 -2.773814e-04 -1.770972e-01 1.558645e-02 2.843496e-04 9.998784e-01 4.985871e+00
9.997671e-01 -5.266291e-04 2.157501e-02 2.186897e+00 5.319072e-04 9.999998e-01 -2.388983e-04 -1.952139e-01 -2.157489e-02 2.503192e-04 9.997671e-01 5.514854e+00
9.999559e-01 4.348202e-04 -9.377574e-03 2.406245e+00 -4.379875e-04 9.999998e-01 -3.357085e-04 -1.987189e-01 9.377423e-03 3.398015e-04 9.999559e-01 5.355627e+00
9.997107e-01 -4.130813e-04 2.404794e-02 2.495899e+00 4.184436e-04 9.999999e-01 -2.179527e-04 -1.903488e-01 -2.404785e-02 2.279529e-04 9.997107e-01 4.698465e+00
9.999200e-01 3.407864e-04 -1.264807e-02 2.776321e+00 -3.457326e-04 9.999999e-01 -3.888802e-04 -1.958009e-01 1.264793e-02 3.932224e-04 9.999198e-01 4.513956e+00
9.999771e-01 -1.429031e-04 6.768321e-03 2.857771e+00 1.376075e-04 9.999997e-01 7.828732e-04 -1.931191e-01 -6.768433e-03 -7.819234e-04 9.999767e-01 4.254762e+00
9.995282e-01 8.728462e-04 -3.070141e-02 2.972419e+00 -8.741785e-04 9.999996e-01 -2.997436e-05 -2.004680e-01 3.070136e-02 5.679927e-05 9.995285e-01 4.575335e+00
9.995136e-01 -9.324814e-04 3.117171e-02 3.231610e+00 9.382927e-04 9.999995e-01 -1.718001e-04 -2.193492e-01 -3.117154e-02 2.009652e-04 9.995139e-01 5.126579e+00
9.990474e-01 1.236166e-03 -4.362154e-02 3.372063e+00 -1.212487e-03 9.999991e-01 5.692894e-04 -2.340995e-01 4.362220e-02 -5.158560e-04 9.990479e-01 5.690432e+00
9.996398e-01 -7.855017e-04 2.682555e-02 3.516511e+00 7.871291e-04 9.999997e-01 -5.010616e-05 -2.488252e-01 -2.682551e-02 7.120389e-05 9.996400e-01 6.271424e+00
9.990871e-01 1.206352e-03 -4.270229e-02 3.669169e+00 -1.184979e-03 9.999992e-01 5.258006e-04 -2.647613e-01 4.270288e-02 -4.747186e-04 9.990876e-01 6.890520e+00
9.993147e-01 -1.146813e-03 3.699685e-02 3.820832e+00 1.160810e-03 9.999993e-01 -3.568460e-04 -2.808846e-01 -3.699642e-02 3.995484e-04 9.993152e-01 7.469093e+00
9.992059e-01 1.171441e-03 -3.982794e-02 3.926944e+00 -1.155109e-03 9.999992e-01 4.330788e-04 -2.948333e-01 3.982840e-02 -3.867286e-04 9.992064e-01 7.988354e+00
9.992224e-01 -1.187061e-03 3.940947e-02 4.084038e+00 1.211554e-03 9.999991e-01 -5.976191e-04 -3.136798e-01 -3.940874e-02 6.449017e-04 9.992229e-01 8.662000e+00
9.992951e-01 1.124185e-03 -3.752454e-02 4.305363e+00 -1.114208e-03 9.999993e-01 2.867820e-04 -3.330788e-01 3.752483e-02 -2.447691e-04 9.992956e-01 9.283137e+00
9.993075e-01 -1.155301e-03 3.719159e-02 4.511831e+00 1.172010e-03 9.999992e-01 -4.274644e-04 -3.505907e-01 -3.719108e-02 4.707579e-04 9.993080e-01 9.826647e+00
9.992446e-01 1.151309e-03 -3.884419e-02 4.632976e+00 -1.135841e-03 9.999993e-01 4.202714e-04 -3.654443e-01 3.884463e-02 -3.758325e-04 9.992451e-01 1.035971e+01
9.991347e-01 -1.169634e-03 4.157426e-02 4.714084e+00 1.193251e-03 9.999991e-01 -5.432425e-04 -3.730159e-01 -4.157360e-02 5.923815e-04 9.991352e-01 1.058945e+01
9.992145e-01 1.192886e-03 -3.960989e-02 4.811130e+00 -1.175921e-03 9.999992e-01 4.515976e-04 -3.824367e-01 3.961039e-02 -4.046642e-04 9.992150e-01 1.088640e+01
9.991877e-01 -1.220395e-03 4.027941e-02 4.955975e+00 1.245816e-03 9.999990e-01 -6.060216e-04 -3.975466e-01 -4.027864e-02 6.557106e-04 9.991882e-01 1.141036e+01
9.993650e-01 1.148232e-03 -3.561346e-02 5.152137e+00 -1.141235e-03 9.999993e-01 2.167837e-04 -4.136530e-01 3.561367e-02 -1.760023e-04 9.993655e-01 1.193014e+01
9.991239e-01 -1.222818e-03 4.183170e-02 5.388433e+00 1.256630e-03 9.999989e-01 -7.819872e-04 -4.347141e-01 -4.183071e-02 8.338695e-04 9.991243e-01 1.263191e+01
9.988051e-01 1.350321e-03 -4.885152e-02 5.571376e+00 -1.300480e-03 9.999986e-01 1.052024e-03 -4.512771e-01 4.885286e-02 -9.872358e-04 9.988054e-01 1.320358e+01
9.994221e-01 -9.497001e-04 3.397879e-02 5.712475e+00 9.708224e-04 9.999993e-01 -6.051360e-04 -4.662171e-01 -3.397821e-02 6.377741e-04 9.994223e-01 1.378759e+01
9.977222e-01 2.207087e-03 -6.742085e-02 5.783629e+00 -2.096571e-03 9.999963e-01 1.709917e-03 -4.723430e-01 6.742437e-02 -1.564669e-03 9.977231e-01 1.413756e+01
9.997343e-01 -6.267853e-04 2.304273e-02 5.884860e+00 6.327240e-04 9.999998e-01 -2.504327e-04 -4.775435e-01 -2.304259e-02 2.649465e-04 9.997344e-01 1.446152e+01
9.991940e-01 1.159677e-03 -4.012532e-02 5.997922e+00 -1.130313e-03 9.999991e-01 7.544631e-04 -4.918309e-01 4.012614e-02 -7.085000e-04 9.991943e-01 1.505885e+01
9.999066e-01 -2.749042e-04 1.366074e-02 6.100175e+00 2.744509e-04 1.000000e+00 3.506285e-05 -5.049172e-01 -1.366078e-02 -3.130956e-05 9.999066e-01 1.565818e+01
9.987178e-01 1.605323e-03 -5.059888e-02 6.187739e+00 -1.549334e-03 9.999981e-01 1.145740e-03 -5.125589e-01 5.060059e-02 -1.065876e-03 9.987183e-01 1.607520e+01
9.998936e-01 -3.844424e-04 1.458440e-02 6.375775e+00 3.835394e-04 9.999999e-01 6.472383e-05 -5.211012e-01 -1.458446e-02 -5.912224e-05 9.998935e-01 1.641255e+01
9.979207e-01 2.195392e-03 -6.441635e-02 6.542025e+00 -2.099789e-03 9.999966e-01 1.551795e-03 -5.295574e-01 6.441950e-02 -1.413307e-03 9.979218e-01 1.683756e+01
9.998553e-01 8.614154e-04 -1.699142e-02 6.619156e+00 -8.444620e-04 9.999991e-01 1.004894e-03 -5.306096e-01 1.699223e-02 -9.903992e-04 9.998550e-01 1.715487e+01
9.967818e-01 2.898072e-03 -8.010996e-02 6.643378e+00 -2.741476e-03 9.999941e-01 2.064666e-03 -5.270225e-01 8.011542e-02 -1.838401e-03 9.967838e-01 1.738421e+01
9.999329e-01 -3.792044e-04 1.157967e-02 6.823226e+00 3.771628e-04 9.999999e-01 1.785372e-04 -5.330431e-01 -1.157980e-02 -1.741562e-04 9.999328e-01 1.777222e+01
9.989033e-01 1.443640e-03 -4.679798e-02 7.171329e+00 -1.399905e-03 9.999986e-01 9.672928e-04 -5.509267e-01 4.679925e-02 -9.007177e-04 9.989038e-01 1.833767e+01
9.999642e-01 -1.770907e-04 8.454521e-03 7.403615e+00 1.745506e-04 9.999999e-01 3.012529e-04 -5.606577e-01 -8.454635e-03 -2.997647e-04 9.999641e-01 1.868037e+01
9.982262e-01 2.063551e-03 -5.949957e-02 7.512321e+00 -1.984053e-03 9.999971e-01 1.395158e-03 -5.606486e-01 5.950221e-02 -1.274631e-03 9.982273e-01 1.877379e+01
9.999881e-01 1.299831e-05 4.885103e-03 7.554512e+00 -1.491593e-05 9.999999e-01 3.926630e-04 -5.573391e-01 -4.885168e-03 -3.927293e-04 9.999879e-01 1.879856e+01
9.985730e-01 1.837614e-03 -5.337139e-02 7.603446e+00 -1.776432e-03 9.999977e-01 1.193744e-03 -5.551148e-01 5.337339e-02 -1.097228e-03 9.985739e-01 1.884115e+01
9.999973e-01 8.792936e-04 -2.121620e-03 7.405482e+00 -8.777644e-04 9.999994e-01 7.211714e-04 -5.295192e-01 2.122176e-03 -7.193053e-04 9.999974e-01 1.791386e+01
9.985738e-01 1.608262e-03 -5.336427e-02 7.191028e+00 -1.531768e-03 9.999977e-01 1.474267e-03 -5.031273e-01 5.336644e-02 -1.390421e-03 9.985739e-01 1.696871e+01
9.999993e-01 4.618469e-04 -1.040741e-03 7.213357e+00 -4.615642e-04 9.999999e-01 2.707919e-04 -4.999676e-01 1.040783e-03 -2.703094e-04 9.999993e-01 1.702297e+01
9.985792e-01 1.597018e-03 -5.326366e-02 7.261701e+00 -1.520690e-03 9.999978e-01 1.473506e-03 -4.972863e-01 5.326581e-02 -1.390413e-03 9.985793e-01 1.707180e+01
9.999911e-01 2.222778e-04 4.201433e-03 7.331804e+00 -2.228262e-04 1.000000e+00 1.303602e-04 -4.964633e-01 -4.201492e-03 -1.312933e-04 9.999911e-01 1.716330e+01
9.986823e-01 1.532331e-03 -5.129579e-02 7.399034e+00 -1.463294e-03 9.999980e-01 1.383365e-03 -4.958676e-01 5.129772e-02 -1.306479e-03 9.986825e-01 1.725953e+01
9.999308e-01 -1.053823e-04 1.175987e-02 7.473751e+00 1.061636e-04 1.000000e+00 -6.570002e-05 -4.961404e-01 -1.175995e-02 6.694596e-05 9.999308e-01 1.735632e+01
9.973927e-01 2.430482e-03 -7.212373e-02 7.525803e+00 -2.294037e-03 9.999954e-01 1.974582e-03 -4.930842e-01 7.212810e-02 -1.803978e-03 9.973937e-01 1.741032e+01
9.999740e-01 6.139540e-04 -7.177884e-03 7.536144e+00 -6.097690e-04 9.999996e-01 5.850044e-04 -4.862203e-01 7.178144e-03 -5.806105e-04 9.999740e-01 1.741698e+01
9.993146e-01 1.148370e-03 -3.699967e-02 7.547185e+00 -1.116759e-03 9.999990e-01 8.749731e-04 -4.808613e-01 3.700054e-02 -8.330519e-04 9.993148e-01 1.731465e+01
9.999739e-01 4.947833e-05 7.222452e-03 7.528700e+00 -5.133184e-05 1.000000e+00 2.566678e-04 -4.730025e-01 -7.222538e-03 -2.570300e-04 9.999738e-01 1.702111e+01
9.994573e-01 1.031982e-03 -3.292260e-02 7.499650e+00 -1.008906e-03 9.999992e-01 7.174728e-04 -4.666008e-01 3.292322e-02 -6.838659e-04 9.994576e-01 1.679965e+01
9.997389e-01 -5.098368e-04 2.284210e-02 7.364371e+00 5.139252e-04 9.999999e-01 -1.730433e-04 -4.560275e-01 -2.284211e-02 1.847392e-04 9.997390e-01 1.638481e+01
9.994465e-01 1.129809e-03 -3.324666e-02 7.129631e+00 -1.103558e-03 9.999991e-01 8.078535e-04 -4.388598e-01 3.324745e-02 -7.707149e-04 9.994468e-01 1.572040e+01
9.999379e-01 -9.124169e-05 1.113586e-02 7.010654e+00 8.993384e-05 1.000000e+00 1.180968e-04 -4.261750e-01 -1.113597e-02 -1.170861e-04 9.999379e-01 1.523328e+01
9.994348e-01 1.102235e-03 -3.359603e-02 6.921054e+00 -1.074706e-03 9.999991e-01 8.374151e-04 -4.151954e-01 3.359682e-02 -8.008342e-04 9.994351e-01 1.480993e+01
9.999966e-01 2.043678e-04 2.586617e-03 6.874765e+00 -2.052920e-04 9.999999e-01 3.577313e-04 -4.059220e-01 -2.586644e-03 -3.582593e-04 9.999965e-01 1.447916e+01
9.995805e-01 8.161303e-04 -2.895044e-02 6.870261e+00 -7.995155e-04 9.999995e-01 5.854165e-04 -4.025631e-01 2.895081e-02 -5.620228e-04 9.995806e-01 1.440132e+01
9.998185e-01 -4.042607e-04 1.904636e-02 6.848522e+00 4.066935e-04 9.999999e-01 -1.237639e-04 -3.985570e-01 -1.904641e-02 1.314893e-04 9.998185e-01 1.422758e+01
9.997880e-01 5.647222e-04 -2.058133e-02 6.782203e+00 -5.579262e-04 9.999998e-01 3.358549e-04 -3.918260e-01 2.058142e-02 -3.242991e-04 9.997881e-01 1.391353e+01
9.997097e-01 -5.005232e-04 2.408688e-02 6.734330e+00 5.086597e-04 9.999998e-01 -3.316002e-04 -3.848736e-01 -2.408681e-02 3.437577e-04 9.997098e-01 1.356007e+01
9.997387e-01 7.456146e-04 -2.284473e-02 6.500513e+00 -7.337802e-04 9.999996e-01 5.263422e-04 -3.676298e-01 2.284502e-02 -5.094399e-04 9.997388e-01 1.285921e+01
9.997819e-01 -3.601845e-04 2.087932e-02 6.187026e+00 3.635602e-04 9.999999e-01 -1.577966e-04 -3.463053e-01 -2.087936e-02 1.653548e-04 9.997819e-01 1.202653e+01
9.988380e-01 1.494076e-03 -4.817007e-02 6.116303e+00 -1.436663e-03 9.999982e-01 1.226463e-03 -3.382774e-01 4.817171e-02 -1.155832e-03 9.988383e-01 1.176953e+01
9.998888e-01 -2.566377e-04 1.490945e-02 6.129244e+00 2.582391e-04 1.000000e+00 -1.053647e-04 -3.373699e-01 -1.490952e-02 1.092049e-04 9.998888e-01 1.184329e+01
9.993485e-01 1.062841e-03 -3.607325e-02 6.140538e+00 -1.031855e-03 9.999991e-01 8.775433e-04 -3.366375e-01 3.607405e-02 -8.397476e-04 9.993487e-01 1.186665e+01
9.999904e-01 5.962602e-04 -4.323760e-03 6.145799e+00 -5.943231e-04 9.999997e-01 4.488768e-04 -3.311997e-01 4.323927e-03 -4.463012e-04 9.999905e-01 1.174222e+01
9.982590e-01 2.112908e-03 -5.894381e-02 6.132020e+00 -2.017842e-03 9.999966e-01 1.672273e-03 -3.182067e-01 5.894704e-02 -1.550421e-03 9.982599e-01 1.135067e+01
9.999483e-01 7.198731e-04 -1.014169e-02 6.112490e+00 -7.129971e-04 9.999995e-01 6.814177e-04 -3.058333e-01 1.014208e-02 -6.741501e-04 9.999483e-01 1.103857e+01
9.984889e-01 1.998128e-03 -5.491637e-02 6.070874e+00 -1.920739e-03 9.999971e-01 1.461944e-03 -2.942629e-01 5.491904e-02 -1.354253e-03 9.984899e-01 1.077830e+01
9.997748e-01 -5.428539e-04 2.121299e-02 6.017124e+00 5.466156e-04 9.999998e-01 -1.714457e-04 -2.846278e-01 -2.121299e-02 1.830038e-04 9.997749e-01 1.045448e+01
9.988823e-01 1.715716e-03 -4.723442e-02 5.948949e+00 -1.661413e-03 9.999979e-01 1.188854e-03 -2.751656e-01 4.723627e-02 -1.109048e-03 9.988831e-01 1.011156e+01
9.991572e-01 -1.137019e-03 4.102999e-02 5.636893e+00 1.163948e-03 9.999991e-01 -6.323984e-04 -2.528043e-01 -4.102933e-02 6.796235e-04 9.991577e-01 9.235757e+00
9.991528e-01 1.556704e-03 -4.112356e-02 5.259350e+00 -1.516124e-03 9.999983e-01 1.017913e-03 -2.261761e-01 4.112498e-02 -9.547012e-04 9.991535e-01 8.178494e+00
9.990776e-01 -1.273235e-03 4.292171e-02 4.962924e+00 1.306314e-03 9.999989e-01 -7.426029e-04 -2.052878e-01 -4.292081e-02 7.979884e-04 9.990781e-01 7.356650e+00
9.993025e-01 1.357993e-03 -3.731612e-02 4.803086e+00 -1.330614e-03 9.999988e-01 7.585113e-04 -1.927219e-01 3.731701e-02 -7.083278e-04 9.993032e-01 6.834475e+00
9.992427e-01 -9.494009e-04 3.889650e-02 4.381546e+00 9.677722e-04 9.999994e-01 -4.534421e-04 -1.636168e-01 -3.889614e-02 4.907429e-04 9.992431e-01 5.701695e+00
9.993057e-01 1.453506e-03 -3.722712e-02 3.836442e+00 -1.422015e-03 9.999986e-01 8.723447e-04 -1.256757e-01 3.722824e-02 -8.188005e-04 9.993064e-01 4.222448e+00
9.992030e-01 -1.081969e-03 3.990128e-02 3.353120e+00 1.103496e-03 9.999993e-01 -5.174527e-04 -9.232380e-02 -3.990078e-02 5.610724e-04 9.992035e-01 2.927851e+00
9.993074e-01 1.478043e-03 -3.718198e-02 2.859031e+00 -1.447790e-03 9.999986e-01 8.405360e-04 -5.825410e-02 3.718307e-02 -7.861211e-04 9.993081e-01 1.607569e+00
9.993004e-01 -1.022616e-03 3.738316e-02 2.417650e+00 1.039419e-03 9.999994e-01 -4.299993e-04 -2.761762e-02 -3.738279e-02 4.685564e-04 9.993009e-01 4.083941e-01
9.992997e-01 1.449632e-03 -3.738937e-02 2.031197e+00 -1.421573e-03 9.999987e-01 7.769738e-04 -1.104813e-03 3.739035e-02 -7.232768e-04 9.993004e-01 -6.231014e-01
9.993453e-01 -1.022678e-03 3.616419e-02 1.670149e+00 1.037137e-03 9.999994e-01 -3.810081e-04 2.373813e-02 -3.616387e-02 4.182670e-04 9.993458e-01 -1.591800e+00
9.992011e-01 1.487058e-03 -3.993544e-02 1.373955e+00 -1.456633e-03 9.999986e-01 7.908941e-04 4.445457e-02 3.993647e-02 -7.320899e-04 9.992019e-01 -2.398154e+00
9.994371e-01 -1.018680e-03 3.353150e-02 1.160599e+00 1.028059e-03 9.999994e-01 -2.624181e-04 6.070917e-02 -3.353130e-02 2.967439e-04 9.994376e-01 -3.047276e+00
9.994760e-01 1.086954e-03 -3.234752e-02 1.096416e+00 -1.075371e-03 9.999994e-01 3.754216e-04 6.588235e-02 3.234781e-02 -3.404382e-04 9.994766e-01 -3.277209e+00
9.994869e-01 -9.091246e-04 3.201442e-02 9.537699e-01 9.142764e-04 9.999996e-01 -1.462310e-04 7.630180e-02 -3.201436e-02 1.754271e-04 9.994874e-01 -3.708627e+00
9.995392e-01 1.061845e-03 -3.033342e-02 8.046983e-01 -1.052415e-03 9.999994e-01 3.267933e-04 8.871167e-02 3.033365e-02 -2.947183e-04 9.995398e-01 -4.254497e+00
9.994561e-01 -1.019199e-03 3.295802e-02 7.573095e-01 1.029390e-03 9.999994e-01 -2.921850e-04 9.396903e-02 -3.295779e-02 3.259539e-04 9.994567e-01 -4.532834e+00
9.994445e-01 1.119288e-03 -3.330512e-02 6.749149e-01 -1.102989e-03 9.999993e-01 5.077253e-04 9.992760e-02 3.330557e-02 -4.707071e-04 9.994451e-01 -4.792121e+00
9.993931e-01 -1.127330e-03 3.481346e-02 6.600166e-01 1.143445e-03 9.999992e-01 -4.429212e-04 1.006083e-01 -3.481303e-02 4.824608e-04 9.993937e-01 -4.844681e+00
9.994905e-01 1.207553e-03 -3.189247e-02 5.374455e-01 -1.191045e-03 9.999991e-01 5.365593e-04 1.101840e-01 3.189300e-02 -4.982996e-04 9.994911e-01 -5.249558e+00
9.992910e-01 -1.167635e-03 3.763082e-02 4.088187e-01 1.188662e-03 9.999991e-01 -5.363613e-04 1.202172e-01 -3.763026e-02 5.807125e-04 9.992915e-01 -5.660665e+00
9.994610e-01 1.196604e-03 -3.280584e-02 3.229928e-01 -1.179697e-03 9.999992e-01 5.346668e-04 1.270540e-01 3.280636e-02 -4.956766e-04 9.994616e-01 -5.945483e+00
9.993056e-01 -1.168385e-03 3.724112e-02 2.166068e-01 1.188529e-03 9.999992e-01 -5.187255e-04 1.350191e-01 -3.724058e-02 5.626286e-04 9.993061e-01 -6.275189e+00
9.993207e-01 1.267054e-03 -3.682941e-02 1.295057e-01 -1.241434e-03 9.999990e-01 7.184455e-04 1.417932e-01 3.683019e-02 -6.722351e-04 9.993213e-01 -6.580273e+00
9.992783e-01 -1.159664e-03 3.796600e-02 3.314442e-02 1.180954e-03 9.999992e-01 -5.382959e-04 1.495262e-01 -3.796544e-02 5.827447e-04 9.992789e-01 -6.927331e+00
9.993522e-01 1.407094e-03 -3.595917e-02 -2.412754e-01 -1.379891e-03 9.999987e-01 7.812588e-04 1.702344e-01 3.596013e-02 -7.311319e-04 9.993529e-01 -7.779614e+00
9.993431e-01 -1.043709e-03 3.622319e-02 -6.269263e-01 1.057349e-03 9.999994e-01 -3.573449e-04 1.981368e-01 -3.622289e-02 3.954119e-04 9.993436e-01 -8.905459e+00
9.993167e-01 1.381985e-03 -3.693399e-02 -1.042531e+00 -1.354599e-03 9.999988e-01 7.664459e-04 2.241740e-01 3.693491e-02 -7.158904e-04 9.993174e-01 -9.878410e+00
9.993396e-01 -1.071896e-03 3.631997e-02 -1.426019e+00 1.085786e-03 9.999993e-01 -3.626590e-04 2.480333e-01 -3.631965e-02 4.018564e-04 9.993401e-01 -1.076729e+01
9.993190e-01 1.252466e-03 -3.687559e-02 -1.685159e+00 -1.227401e-03 9.999990e-01 7.023055e-04 2.636677e-01 3.687634e-02 -6.565651e-04 9.993196e-01 -1.135207e+01
9.993204e-01 -1.230870e-03 3.683881e-02 -1.755615e+00 1.251124e-03 9.999991e-01 -5.267037e-04 2.657887e-01 -3.683822e-02 5.724368e-04 9.993210e-01 -1.144288e+01
9.993717e-01 1.242561e-03 -3.542057e-02 -1.645249e+00 -1.228720e-03 9.999992e-01 4.124704e-04 2.541986e-01 3.542096e-02 -3.686882e-04 9.993724e-01 -1.104887e+01
9.993426e-01 -1.157578e-03 3.623495e-02 -1.665843e+00 1.169252e-03 9.999993e-01 -3.009551e-04 2.566174e-01 -3.623467e-02 3.431262e-04 9.993432e-01 -1.124095e+01
9.993469e-01 1.358660e-03 -3.610937e-02 -1.852144e+00 -1.337922e-03 9.999989e-01 5.984302e-04 2.709467e-01 3.611005e-02 -5.497267e-04 9.993476e-01 -1.186040e+01
9.993415e-01 -1.202957e-03 3.626193e-02 -1.999695e+00 1.215112e-03 9.999992e-01 -3.131003e-04 2.825242e-01 -3.626162e-02 3.569576e-04 9.993422e-01 -1.237579e+01
9.993871e-01 1.281344e-03 -3.498165e-02 -2.075263e+00 -1.266062e-03 9.999991e-01 4.589656e-04 2.884210e-01 3.498211e-02 -4.143943e-04 9.993878e-01 -1.267905e+01
9.992370e-01 -1.237769e-03 3.903540e-02 -2.109799e+00 1.257487e-03 9.999991e-01 -4.805529e-04 2.918950e-01 -3.903486e-02 5.292739e-04 9.992377e-01 -1.289483e+01
9.994040e-01 1.245230e-03 -3.449547e-02 -2.011226e+00 -1.235221e-03 9.999992e-01 3.114122e-04 2.861887e-01 3.449573e-02 -2.686160e-04 9.994048e-01 -1.278746e+01
9.992709e-01 -1.244429e-03 3.815638e-02 -1.916929e+00 1.264606e-03 9.999991e-01 -5.046160e-04 2.764580e-01 -3.815581e-02 5.525020e-04 9.992716e-01 -1.245996e+01
9.994017e-01 1.257602e-03 -3.456257e-02 -1.951413e+00 -1.242193e-03 9.999991e-01 4.672447e-04 2.777286e-01 3.456304e-02 -4.240307e-04 9.994024e-01 -1.255542e+01
9.992847e-01 -1.223472e-03 3.779400e-02 -2.024227e+00 1.239788e-03 9.999991e-01 -4.082356e-04 2.826247e-01 -3.779356e-02 4.548013e-04 9.992854e-01 -1.279120e+01
9.994259e-01 1.278849e-03 -3.385299e-02 -2.065087e+00 -1.266533e-03 9.999991e-01 3.852074e-04 2.867863e-01 3.385335e-02 -3.421093e-04 9.994267e-01 -1.304099e+01
9.993985e-01 -1.119302e-03 3.465916e-02 -2.167118e+00 1.125470e-03 9.999994e-01 -1.584068e-04 2.975682e-01 -3.465905e-02 1.973205e-04 9.993991e-01 -1.358369e+01
9.993914e-01 1.357042e-03 -3.485346e-02 -2.308177e+00 -1.342069e-03 9.999990e-01 4.529588e-04 3.108996e-01 3.485394e-02 -4.059063e-04 9.993923e-01 -1.421374e+01
9.993872e-01 -1.225983e-03 3.497961e-02 -2.426887e+00 1.233282e-03 9.999992e-01 -1.870201e-04 3.204134e-01 -3.497945e-02 2.300464e-04 9.993880e-01 -1.464502e+01
9.994128e-01 1.294669e-03 -3.423909e-02 -2.548109e+00 -1.281919e-03 9.999991e-01 3.942907e-04 3.286345e-01 3.423948e-02 -3.501664e-04 9.994136e-01 -1.499048e+01
9.994136e-01 -1.198860e-03 3.421730e-02 -2.678340e+00 1.204395e-03 9.999993e-01 -1.411203e-04 3.375964e-01 -3.421720e-02 1.822499e-04 9.994144e-01 -1.536759e+01
9.994306e-01 1.375450e-03 -3.371121e-02 -2.906332e+00 -1.361548e-03 9.999990e-01 4.352927e-04 3.532499e-01 3.371168e-02 -3.891444e-04 9.994315e-01 -1.599547e+01
9.994025e-01 -1.165079e-03 3.454121e-02 -3.195677e+00 1.169546e-03 9.999993e-01 -1.090830e-04 3.729360e-01 -3.454115e-02 1.494165e-04 9.994032e-01 -1.677151e+01
9.994001e-01 1.309585e-03 -3.460750e-02 -3.394516e+00 -1.296265e-03 9.999991e-01 4.072944e-04 3.857477e-01 3.460790e-02 -3.621885e-04 9.994009e-01 -1.727534e+01
9.994036e-01 -1.212194e-03 3.450781e-02 -3.561522e+00 1.217512e-03 9.999992e-01 -1.330475e-04 3.962565e-01 -3.450772e-02 1.749830e-04 9.994044e-01 -1.768984e+01
9.994009e-01 1.372953e-03 -3.458151e-02 -3.817403e+00 -1.357971e-03 9.999990e-01 4.566653e-04 4.121849e-01 3.458201e-02 -4.094299e-04 9.994017e-01 -1.829797e+01
9.994174e-01 -1.221779e-03 3.410721e-02 -4.049208e+00 1.227085e-03 9.999992e-01 -1.345898e-04 4.266219e-01 -3.410712e-02 1.763650e-04 9.994181e-01 -1.885253e+01
9.994028e-01 1.353068e-03 -3.452650e-02 -4.235773e+00 -1.338803e-03 9.999990e-01 4.362225e-04 4.386997e-01 3.452696e-02 -3.897367e-04 9.994037e-01 -1.933686e+01
9.994013e-01 -1.229042e-03 3.457579e-02 -4.455995e+00 1.234234e-03 9.999992e-01 -1.287671e-04 4.527031e-01 -3.457570e-02 1.713658e-04 9.994020e-01 -1.988599e+01
9.994428e-01 1.221727e-03 -3.335229e-02 -4.532662e+00 -1.214331e-03 9.999992e-01 2.419542e-04 4.558145e-01 3.335246e-02 -2.013175e-04 9.994436e-01 -2.002791e+01
9.993583e-01 -1.228079e-03 3.579729e-02 -4.542920e+00 1.237778e-03 9.999992e-01 -2.487570e-04 4.543237e-01 -3.579705e-02 2.929077e-04 9.993590e-01 -2.000148e+01
9.993832e-01 1.352915e-03 -3.509039e-02 -4.735801e+00 -1.335910e-03 9.999990e-01 5.080109e-04 4.671758e-01 3.509094e-02 -4.608189e-04 9.993840e-01 -2.051561e+01
9.994056e-01 -1.046891e-03 3.445722e-02 -4.976661e+00 1.053662e-03 9.999994e-01 -1.783066e-04 4.861466e-01 -3.445711e-02 2.145081e-04 9.994061e-01 -2.132323e+01
9.993796e-01 1.507620e-03 -3.518623e-02 -5.340807e+00 -1.487710e-03 9.999987e-01 5.919892e-04 5.138220e-01 3.518698e-02 -5.392739e-04 9.993806e-01 -2.246945e+01
9.993637e-01 -1.241122e-03 3.564302e-02 -5.550376e+00 1.252246e-03 9.999992e-01 -2.897319e-04 5.319850e-01 -3.564273e-02 3.341825e-04 9.993645e-01 -2.327362e+01
9.993300e-01 1.486154e-03 -3.656932e-02 -5.670157e+00 -1.466009e-03 9.999988e-01 5.776356e-04 5.443513e-01 3.657004e-02 -5.236365e-04 9.993309e-01 -2.386887e+01
9.994125e-01 -1.171526e-03 3.425146e-02 -5.821465e+00 1.179476e-03 9.999993e-01 -2.118636e-04 5.586006e-01 -3.425128e-02 2.521391e-04 9.994132e-01 -2.452941e+01
9.992630e-01 1.658430e-03 -3.834724e-02 -6.050807e+00 -1.632698e-03 9.999984e-01 7.023080e-04 5.788281e-01 3.834825e-02 -6.391800e-04 9.992642e-01 -2.542366e+01
9.993306e-01 -1.359814e-03 3.655644e-02 -6.194149e+00 1.372630e-03 9.999990e-01 -3.254252e-04 5.929230e-01 -3.655605e-02 3.753870e-04 9.993315e-01 -2.608711e+01
9.992155e-01 1.573736e-03 -3.956917e-02 -6.230526e+00 -1.548439e-03 9.999986e-01 6.699166e-04 5.992175e-01 3.957007e-02 -6.081196e-04 9.992166e-01 -2.643595e+01
9.992581e-01 -1.314848e-03 3.848952e-02 -6.400057e+00 1.328775e-03 9.999991e-01 -3.362194e-04 6.132153e-01 -3.848914e-02 3.871150e-04 9.992589e-01 -2.705325e+01
9.992141e-01 1.601432e-03 -3.960479e-02 -6.622144e+00 -1.575562e-03 9.999985e-01 6.843670e-04 6.291164e-01 3.960573e-02 -6.214283e-04 9.992152e-01 -2.770823e+01
9.992712e-01 -1.261474e-03 3.815007e-02 -6.827886e+00 1.274180e-03 9.999991e-01 -3.086961e-04 6.466064e-01 -3.814974e-02 3.570823e-04 9.992719e-01 -2.848128e+01
9.991829e-01 1.628547e-03 -4.038217e-02 -7.045074e+00 -1.602181e-03 9.999985e-01 6.852265e-04 6.636726e-01 4.038313e-02 -6.199660e-04 9.991840e-01 -2.921313e+01
9.992888e-01 -1.184835e-03 3.768690e-02 -7.306645e+00 1.194454e-03 9.999993e-01 -2.326659e-04 6.849729e-01 -3.768670e-02 2.775169e-04 9.992895e-01 -3.013308e+01
9.990299e-01 1.575407e-03 -4.400785e-02 -7.362028e+00 -1.543607e-03 9.999985e-01 7.565330e-04 6.943776e-01 4.400888e-02 -6.878672e-04 9.990309e-01 -3.061884e+01
9.990725e-01 -1.458605e-03 4.303401e-02 -7.412412e+00 1.481940e-03 9.999988e-01 -5.103041e-04 6.990050e-01 -4.303331e-02 5.736058e-04 9.990734e-01 -3.085276e+01
9.991295e-01 1.552041e-03 -4.168623e-02 -7.546933e+00 -1.523765e-03 9.999986e-01 7.100232e-04 7.085768e-01 4.168717e-02 -6.458841e-04 9.991305e-01 -3.125148e+01
9.991064e-01 -1.443881e-03 4.223951e-02 -7.689474e+00 1.464591e-03 9.999988e-01 -4.593231e-04 7.186402e-01 -4.223889e-02 5.207774e-04 9.991074e-01 -3.167083e+01
9.992208e-01 1.445857e-03 -3.944185e-02 -7.731886e+00 -1.426217e-03 9.999988e-01 5.260352e-04 7.225154e-01 3.944247e-02 -4.693717e-04 9.992217e-01 -3.187707e+01
9.990472e-01 -1.500354e-03 4.361434e-02 -7.643650e+00 1.530734e-03 9.999986e-01 -6.631223e-04 7.165397e-01 -4.361338e-02 7.292537e-04 9.990482e-01 -3.171383e+01
9.991181e-01 1.503542e-03 -4.196096e-02 -7.729835e+00 -1.471436e-03 9.999986e-01 7.959729e-04 7.218367e-01 4.196201e-02 -7.335270e-04 9.991189e-01 -3.194222e+01
9.990590e-01 -1.394399e-03 4.334816e-02 -7.964850e+00 1.418111e-03 9.999989e-01 -5.162239e-04 7.361913e-01 -4.334749e-02 5.772118e-04 9.990599e-01 -3.248323e+01
9.992015e-01 1.434069e-03 -3.992757e-02 -8.123664e+00 -1.409797e-03 9.999988e-01 6.359970e-04 7.470218e-01 3.992834e-02 -5.791983e-04 9.992023e-01 -3.291409e+01
9.990956e-01 -1.382062e-03 4.249519e-02 -8.276869e+00 1.403883e-03 9.999989e-01 -4.836292e-04 7.574595e-01 -4.249457e-02 5.428512e-04 9.990965e-01 -3.333407e+01
9.992105e-01 1.490031e-03 -3.969953e-02 -8.480591e+00 -1.464832e-03 9.999987e-01 6.637776e-04 7.718206e-01 3.970037e-02 -6.050993e-04 9.992114e-01 -3.391362e+01
9.989203e-01 -1.444189e-03 4.643394e-02 -8.751502e+00 1.473483e-03 9.999987e-01 -5.966023e-04 7.901549e-01 -4.643311e-02 6.643790e-04 9.989211e-01 -3.460691e+01
9.993302e-01 1.420317e-03 -3.656452e-02 -8.941137e+00 -1.403675e-03 9.999989e-01 4.807895e-04 8.038455e-01 3.656506e-02 -4.291417e-04 9.993311e-01 -3.512482e+01
9.990850e-01 -1.342872e-03 4.274531e-02 -9.206930e+00 1.361186e-03 9.999990e-01 -3.993265e-04 8.228429e-01 -4.274483e-02 4.571467e-04 9.990859e-01 -3.586978e+01
9.994160e-01 1.336222e-03 -3.414356e-02 -9.350905e+00 -1.326641e-03 9.999991e-01 3.032069e-04 8.350371e-01 3.414384e-02 -2.577326e-04 9.994169e-01 -3.637596e+01
9.990811e-01 -1.329486e-03 4.283874e-02 -9.497419e+00 1.348194e-03 9.999990e-01 -4.077885e-04 8.479552e-01 -4.283825e-02 4.651698e-04 9.990819e-01 -3.692647e+01
9.993601e-01 1.398097e-03 -3.573976e-02 -9.668969e+00 -1.384967e-03 9.999990e-01 3.920796e-04 8.632021e-01 3.574017e-02 -3.423293e-04 9.993610e-01 -3.758519e+01
9.990993e-01 -1.448498e-03 4.240736e-02 -9.669033e+00 1.471688e-03 9.999988e-01 -5.155877e-04 8.664593e-01 -4.240666e-02 5.775350e-04 9.991002e-01 -3.779051e+01
9.992012e-01 1.443196e-03 -3.993388e-02 -9.711345e+00 -1.420986e-03 9.999988e-01 5.845120e-04 8.697841e-01 3.993458e-02 -5.272986e-04 9.992021e-01 -3.795942e+01
9.991499e-01 -1.368995e-03 4.119962e-02 -9.783021e+00 1.387113e-03 9.999990e-01 -4.111383e-04 8.759522e-01 -4.119911e-02 4.679386e-04 9.991508e-01 -3.826046e+01
9.991952e-01 1.428161e-03 -4.008463e-02 -9.837099e+00 -1.406562e-03 9.999989e-01 5.669985e-04 8.806037e-01 4.008530e-02 -5.101596e-04 9.991961e-01 -3.849935e+01
9.991783e-01 -1.374036e-03 4.050588e-02 -9.902609e+00 1.389617e-03 9.999990e-01 -3.564771e-04 8.854594e-01 -4.050545e-02 4.124731e-04 9.991792e-01 -3.873298e+01
9.993510e-01 1.321320e-03 -3.599727e-02 -9.768669e+00 -1.317569e-03 9.999991e-01 1.278790e-04 8.758459e-01 3.599731e-02 -8.036597e-05 9.993518e-01 -3.844614e+01
9.992618e-01 -1.346879e-03 3.839287e-02 -9.678329e+00 1.356456e-03 9.999991e-01 -2.233588e-04 8.675448e-01 -3.839263e-02 2.752733e-04 9.992627e-01 -3.816940e+01
9.994747e-01 1.257873e-03 -3.238235e-02 -9.571676e+00 -1.259856e-03 9.999992e-01 -4.085194e-05 8.585525e-01 3.238218e-02 8.162866e-05 9.994755e-01 -3.785835e+01
9.992643e-01 -1.338140e-03 3.832685e-02 -9.459827e+00 1.347219e-03 9.999991e-01 -2.110183e-04 8.499525e-01 -3.832663e-02 2.624988e-04 9.992652e-01 -3.757443e+01
9.994302e-01 1.283985e-03 -3.372810e-02 -9.455943e+00 -1.280458e-03 9.999992e-01 1.261382e-04 8.510843e-01 3.372814e-02 -8.287781e-05 9.994310e-01 -3.768430e+01
9.993631e-01 -1.206069e-03 3.566354e-02 -9.582863e+00 1.205460e-03 9.999993e-01 3.862509e-05 8.613844e-01 -3.566366e-02 4.391635e-06 9.993638e-01 -3.813844e+01
9.994285e-01 1.261852e-03 -3.377890e-02 -9.644732e+00 -1.259967e-03 9.999992e-01 7.703166e-05 8.679684e-01 3.377887e-02 -3.442624e-05 9.994293e-01 -3.847946e+01
9.992289e-01 -1.302800e-03 3.923924e-02 -9.652734e+00 1.309902e-03 9.999991e-01 -1.552542e-04 8.717201e-01 -3.923911e-02 2.065352e-04 9.992298e-01 -3.871440e+01
9.994438e-01 1.221297e-03 -3.332434e-02 -9.610512e+00 -1.221426e-03 9.999993e-01 1.644030e-05 8.724549e-01 3.332424e-02 2.427316e-05 9.994446e-01 -3.884274e+01
9.992814e-01 -1.273846e-03 3.788124e-02 -9.488633e+00 1.282726e-03 9.999992e-01 -2.100844e-04 8.643218e-01 -3.788104e-02 2.585258e-04 9.992822e-01 -3.860720e+01
9.994856e-01 1.184342e-03 -3.204792e-02 -9.383232e+00 -1.186552e-03 9.999993e-01 -4.999756e-05 8.549668e-01 3.204774e-02 8.799946e-05 9.994863e-01 -3.827462e+01
9.993531e-01 -1.217658e-03 3.594035e-02 -9.349455e+00 1.218601e-03 9.999993e-01 -4.297513e-06 8.564201e-01 -3.594041e-02 4.809284e-05 9.993539e-01 -3.844361e+01
9.993585e-01 1.391556e-03 -3.578352e-02 -9.399826e+00 -1.384636e-03 9.999990e-01 2.181194e-04 8.666724e-01 3.578369e-02 -1.684313e-04 9.993595e-01 -3.901498e+01
9.993379e-01 -1.145575e-03 3.636245e-02 -9.497832e+00 1.145631e-03 9.999993e-01 1.933060e-05 8.818497e-01 -3.636255e-02 2.234129e-05 9.993386e-01 -3.981084e+01
9.994262e-01 1.360024e-03 -3.384295e-02 -9.786593e+00 -1.353093e-03 9.999991e-01 2.276821e-04 9.033408e-01 3.384313e-02 -1.817578e-04 9.994271e-01 -4.068746e+01
9.993679e-01 -1.137167e-03 3.553090e-02 -1.000493e+01 1.136964e-03 9.999994e-01 2.594744e-05 9.225571e-01 -3.553101e-02 1.446747e-05 9.993685e-01 -4.153709e+01
9.994946e-01 1.364337e-03 -3.175790e-02 -1.035143e+01 -1.358906e-03 9.999991e-01 1.925314e-04 9.478276e-01 3.175804e-02 -1.492770e-04 9.994955e-01 -4.254916e+01
9.992574e-01 -1.183788e-03 3.851033e-02 -1.076034e+01 1.185968e-03 9.999993e-01 -3.372922e-05 9.762247e-01 -3.851036e-02 7.937733e-05 9.992582e-01 -4.363984e+01
9.993604e-01 1.534861e-03 -3.572535e-02 -1.114832e+01 -1.523497e-03 9.999988e-01 3.452751e-04 1.005983e+00 3.572574e-02 -2.906258e-04 9.993615e-01 -4.486051e+01
9.992383e-01 -1.298329e-03 3.899943e-02 -1.145821e+01 1.303082e-03 9.999991e-01 -9.643132e-05 1.029829e+00 -3.899937e-02 1.471785e-04 9.992392e-01 -4.584227e+01
9.993342e-01 1.610579e-03 -3.644801e-02 -1.183549e+01 -1.596501e-03 9.999986e-01 4.153151e-04 1.057495e+00 3.644854e-02 -3.568483e-04 9.993354e-01 -4.695418e+01
9.992346e-01 -1.324946e-03 3.909478e-02 -1.223503e+01 1.328875e-03 9.999991e-01 -7.448254e-05 1.085930e+00 -3.909475e-02 1.263788e-04 9.992355e-01 -4.808066e+01
9.993206e-01 1.652747e-03 -3.681731e-02 -1.265847e+01 -1.638017e-03 9.999986e-01 4.302271e-04 1.115622e+00 3.681787e-02 -3.696265e-04 9.993219e-01 -4.925028e+01
9.992234e-01 -1.419093e-03 3.937694e-02 -1.300171e+01 1.424924e-03 9.999990e-01 -1.199972e-04 1.140280e+00 -3.937683e-02 1.760143e-04 9.992244e-01 -5.023614e+01
9.993047e-01 1.591278e-03 -3.725002e-02 -1.327547e+01 -1.577913e-03 9.999987e-01 3.881525e-04 1.159483e+00 3.725049e-02 -3.291043e-04 9.993059e-01 -5.100461e+01
9.992011e-01 -1.508684e-03 3.993561e-02 -1.338059e+01 1.519976e-03 9.999988e-01 -2.523529e-04 1.168237e+00 -3.993528e-02 3.128536e-04 9.992022e-01 -5.140456e+01
9.993520e-01 1.515591e-03 -3.596034e-02 -1.346728e+01 -1.506029e-03 9.999988e-01 2.929437e-04 1.174988e+00 3.596064e-02 -2.385955e-04 9.993531e-01 -5.170742e+01
9.992147e-01 -1.513749e-03 3.959344e-02 -1.357362e+01 1.523305e-03 9.999988e-01 -2.111547e-04 1.182489e+00 -3.959317e-02 2.713029e-04 9.992158e-01 -5.202263e+01
9.992687e-01 1.638113e-03 -3.820037e-02 -1.372848e+01 -1.622605e-03 9.999986e-01 4.369370e-04 1.194108e+00 3.820093e-02 -3.746323e-04 9.992700e-01 -5.251897e+01
9.992298e-01 -1.517418e-03 3.921063e-02 -1.387183e+01 1.526137e-03 9.999988e-01 -1.924092e-04 1.204992e+00 -3.921039e-02 2.521030e-04 9.992309e-01 -5.299054e+01
9.992943e-01 1.635522e-03 -3.752373e-02 -1.402456e+01 -1.621007e-03 9.999986e-01 4.171943e-04 1.216571e+00 3.752426e-02 -3.560726e-04 9.992956e-01 -5.348991e+01
9.992203e-01 -1.571986e-03 3.944793e-02 -1.418937e+01 1.581661e-03 9.999987e-01 -2.140346e-04 1.227812e+00 -3.944765e-02 2.762622e-04 9.992216e-01 -5.394911e+01
9.993375e-01 1.706329e-03 -3.635227e-02 -1.449113e+01 -1.690890e-03 9.999985e-01 4.554083e-04 1.248126e+00 3.635289e-02 -3.936379e-04 9.993389e-01 -5.474224e+01
9.992482e-01 -1.560446e-03 3.873622e-02 -1.474821e+01 1.568984e-03 9.999988e-01 -1.899723e-04 1.266199e+00 -3.873598e-02 2.506072e-04 9.992494e-01 -5.547248e+01
9.993114e-01 1.794332e-03 -3.705972e-02 -1.507224e+01 -1.776527e-03 9.999983e-01 5.133506e-04 1.288796e+00 3.706048e-02 -4.471585e-04 9.993129e-01 -5.637062e+01
9.992727e-01 -1.565660e-03 3.809855e-02 -1.536434e+01 1.573033e-03 9.999987e-01 -1.634991e-04 1.309846e+00 -3.809834e-02 2.233116e-04 9.992739e-01 -5.722813e+01
9.993124e-01 1.734018e-03 -3.703606e-02 -1.558121e+01 -1.718334e-03 9.999984e-01 4.552794e-04 1.325876e+00 3.703669e-02 -3.913249e-04 9.993138e-01 -5.790310e+01
9.992847e-01 -1.584694e-03 3.778183e-02 -1.576075e+01 1.592535e-03 9.999987e-01 -1.774036e-04 1.339399e+00 -3.778160e-02 2.374468e-04 9.992860e-01 -5.848042e+01
9.992927e-01 1.825828e-03 -3.755977e-02 -1.599076e+01 -1.807711e-03 9.999982e-01 5.162824e-04 1.357140e+00 3.756055e-02 -4.480189e-04 9.992942e-01 -5.923329e+01
9.992836e-01 -1.632598e-03 3.780762e-02 -1.619178e+01 1.640868e-03 9.999986e-01 -1.876579e-04 1.372705e+00 -3.780736e-02 2.495620e-04 9.992850e-01 -5.990302e+01
9.992787e-01 1.791442e-03 -3.793087e-02 -1.632151e+01 -1.774698e-03 9.999983e-01 4.750801e-04 1.383258e+00 3.793156e-02 -4.074205e-04 9.992802e-01 -6.037900e+01
9.992953e-01 -1.636732e-03 3.749917e-02 -1.647029e+01 1.644039e-03 9.999986e-01 -1.639901e-04 1.394789e+00 -3.749894e-02 2.255259e-04 9.992966e-01 -6.088725e+01
9.992863e-01 1.984303e-03 -3.772033e-02 -1.673652e+01 -1.964841e-03 9.999979e-01 5.530065e-04 1.416721e+00 3.772125e-02 -4.784964e-04 9.992881e-01 -6.183215e+01
9.993133e-01 -1.616525e-03 3.701511e-02 -1.694822e+01 1.623316e-03 9.999987e-01 -1.533704e-04 1.438064e+00 -3.701491e-02 2.133535e-04 9.993146e-01 -6.282633e+01
9.992439e-01 1.915373e-03 -3.883201e-02 -1.693679e+01 -1.897252e-03 9.999981e-01 5.034474e-04 1.449094e+00 3.883280e-02 -4.293915e-04 9.992456e-01 -6.354120e+01
9.993430e-01 -1.672202e-03 3.620231e-02 -1.685267e+01 1.678374e-03 9.999986e-01 -1.400605e-04 1.455898e+00 -3.620212e-02 2.007307e-04 9.993444e-01 -6.410577e+01
9.993079e-01 1.950347e-03 -3.714595e-02 -1.693516e+01 -1.934755e-03 9.999980e-01 4.556472e-04 1.469185e+00 3.714667e-02 -3.834625e-04 9.993097e-01 -6.481312e+01
9.993231e-01 -1.710566e-03 3.674657e-02 -1.702723e+01 1.717155e-03 9.999985e-01 -1.477125e-04 1.481724e+00 -3.674636e-02 2.107132e-04 9.993246e-01 -6.546088e+01
9.993158e-01 1.909499e-03 -3.693589e-02 -1.701338e+01 -1.897417e-03 9.999981e-01 3.621239e-04 1.488475e+00 3.693642e-02 -2.917923e-04 9.993175e-01 -6.592559e+01
9.992510e-01 -1.822030e-03 3.865193e-02 -1.702129e+01 1.834157e-03 9.999983e-01 -2.782548e-04 1.489906e+00 -3.865145e-02 3.489413e-04 9.992527e-01 -6.607145e+01
9.992590e-01 1.926876e-03 -3.843972e-02 -1.698819e+01 -1.913382e-03 9.999981e-01 3.877959e-04 1.486430e+00 3.844030e-02 -3.139576e-04 9.992608e-01 -6.602427e+01
9.992367e-01 -1.819561e-03 3.902075e-02 -1.695680e+01 1.831868e-03 9.999983e-01 -2.796119e-04 1.485630e+00 -3.902027e-02 3.508806e-04 9.992383e-01 -6.610970e+01
9.991998e-01 2.157624e-03 -3.993854e-02 -1.712037e+01 -2.133302e-03 9.999975e-01 6.515580e-04 1.503536e+00 3.993975e-02 -5.658346e-04 9.992019e-01 -6.697029e+01
9.992485e-01 -1.782601e-03 3.871826e-02 -1.725199e+01 1.793958e-03 9.999984e-01 -2.585400e-04 1.522098e+00 -3.871783e-02 3.278058e-04 9.992501e-01 -6.792113e+01
9.991996e-01 2.173132e-03 -3.994029e-02 -1.744516e+01 -2.148307e-03 9.999975e-01 6.644374e-04 1.542103e+00 3.994153e-02 -5.781006e-04 9.992018e-01 -6.886416e+01
9.991776e-01 -1.952216e-03 4.049941e-02 -1.760411e+01 1.967857e-03 9.999980e-01 -3.463213e-04 1.556539e+00 -4.049875e-02 4.257348e-04 9.991795e-01 -6.952404e+01
9.992051e-01 2.205026e-03 -3.980262e-02 -1.775930e+01 -2.180737e-03 9.999974e-01 6.536022e-04 1.570939e+00 3.980386e-02 -5.662825e-04 9.992073e-01 -7.018484e+01
9.991882e-01 -1.962479e-03 4.023665e-02 -1.795800e+01 1.976213e-03 9.999980e-01 -3.015130e-04 1.587266e+00 -4.023607e-02 3.807856e-04 9.991901e-01 -7.089923e+01
9.992415e-01 2.224607e-03 -3.887684e-02 -1.825649e+01 -2.200782e-03 9.999974e-01 6.555863e-04 1.608787e+00 3.887810e-02 -5.695286e-04 9.992438e-01 -7.176949e+01
9.992074e-01 -2.011459e-03 3.975488e-02 -1.847802e+01 2.025810e-03 9.999979e-01 -3.206766e-04 1.625558e+00 -3.975425e-02 4.009594e-04 9.992094e-01 -7.247174e+01
