9.993113e-01 -3.007577e-04 -3.710524e-02 -7.913252e-01 3.086806e-04 9.999999e-01 2.077957e-04 3.167291e-02 3.710517e-02 -2.191057e-04 9.993112e-01 -1.740110e-01
9.999683e-01 2.544627e-04 7.961845e-03 -1.272929e+00 -2.568600e-04 9.999999e-01 3.000811e-04 3.396897e-02 -7.961775e-03 -3.021161e-04 9.999682e-01 5.843721e-01
9.996552e-01 -1.582489e-04 -2.625904e-02 -1.477458e+00 1.645466e-04 1.000000e+00 2.376648e-04 2.577791e-02 2.625900e-02 -2.419031e-04 9.996550e-01 1.339978e+00
9.991488e-01 -7.614024e-06 4.125200e-02 -1.562593e+00 4.057595e-05 9.999997e-01 -7.981996e-04 2.898487e-02 -4.125199e-02 7.991946e-04 9.991484e-01 1.477605e+00
9.999788e-01 -5.152154e-04 6.497863e-03 -1.547843e+00 5.240828e-04 9.999989e-01 -1.363036e-03 3.476798e-02 -6.497156e-03 1.366413e-03 9.999779e-01 1.462723e+00
9.991970e-01 7.551593e-05 4.006692e-02 -1.529097e+00 -4.495966e-05 9.999997e-01 -7.635309e-04 4.027319e-02 -4.006697e-02 7.611165e-04 9.991966e-01 1.450113e+00
9.998135e-01 -2.361586e-04 -1.930879e-02 -1.558490e+00 2.332903e-04 1.000000e+00 -1.507998e-04 3.907957e-02 1.930883e-02 1.462672e-04 9.998135e-01 1.717937e+00
9.988843e-01 1.588838e-05 4.722515e-02 -1.580317e+00 3.504754e-05 9.999994e-01 -1.077748e-03 4.103405e-02 -4.722513e-02 1.078200e-03 9.988836e-01 1.863046e+00
9.998708e-01 -2.660019e-04 -1.607358e-02 -1.608543e+00 2.614337e-04 9.999999e-01 -2.863085e-04 4.563600e-02 1.607366e-02 2.820691e-04 9.998707e-01 1.919285e+00
9.990368e-01 4.331351e-05 4.388033e-02 -1.626432e+00 -2.267448e-06 9.999996e-01 -9.354579e-04 4.714780e-02 -4.388034e-02 9.344570e-04 9.990363e-01 2.076039e+00
9.999886e-01 -4.607782e-04 -4.761358e-03 -1.646443e+00 4.571020e-04 9.999996e-01 -7.731713e-04 5.296551e-02 4.761730e-03 7.709855e-04 9.999883e-01 2.066928e+00
9.991245e-01 1.325430e-04 4.183664e-02 -1.670998e+00 -9.629701e-05 9.999996e-01 -8.683828e-04 5.847505e-02 -4.183672e-02 8.635931e-04 9.991240e-01 2.079060e+00
9.999852e-01 -4.909185e-04 -5.413529e-03 -1.715725e+00 4.868743e-04 9.999996e-01 -7.483683e-04 6.539826e-02 5.413919e-03 7.457207e-04 9.999850e-01 2.056650e+00
9.988172e-01 8.584830e-05 4.862372e-02 -1.719021e+00 -2.747790e-05 9.999993e-01 -1.201116e-03 7.132642e-02 -4.862376e-02 1.198358e-03 9.988163e-01 2.033037e+00
9.999671e-01 -5.004601e-04 -8.089831e-03 -1.725181e+00 4.957351e-04 9.999997e-01 -5.860853e-04 7.672067e-02 8.090154e-03 5.820544e-04 9.999670e-01 2.033521e+00
9.997738e-01 6.031084e-04 2.125940e-02 -1.632653e+00 -6.041483e-04 9.999998e-01 4.249985e-05 6.969380e-02 -2.125934e-02 -5.533533e-05 9.997739e-01 2.364103e+00
9.999449e-01 -7.090967e-04 -1.047658e-02 -1.694379e+00 7.044745e-04 9.999997e-01 -4.449071e-04 6.897276e-02 1.047692e-02 4.375008e-04 9.999449e-01 2.622156e+00
9.994278e-01 4.669290e-04 3.382009e-02 -1.741048e+00 -4.502469e-04 9.999998e-01 -5.008667e-04 7.273587e-02 -3.382028e-02 4.853514e-04 9.994277e-01 2.684015e+00
9.991802e-01 -3.502687e-04 -4.048318e-02 -1.772961e+00 3.829298e-04 9.999996e-01 7.990223e-04 7.303864e-02 4.048292e-02 -8.138709e-04 9.991798e-01 2.831201e+00
9.994103e-01 6.284898e-04 3.433137e-02 -1.556965e+00 -6.075009e-04 9.999996e-01 -6.217824e-04 5.690406e-02 -3.433171e-02 6.005581e-04 9.994102e-01 3.332458e+00
9.995896e-01 -3.931601e-04 -2.864552e-02 -1.235038e+00 4.003319e-04 9.999999e-01 2.446183e-04 3.569744e-02 2.864546e-02 -2.559870e-04 9.995895e-01 3.943097e+00
9.994773e-01 8.615769e-04 3.231618e-02 -4.915451e-01 -8.344886e-04 9.999993e-01 -8.516956e-04 -9.039864e-03 -3.231686e-02 8.242816e-04 9.994772e-01 5.031822e+00
9.994762e-01 -2.258809e-04 -3.236191e-02 3.774274e-01 2.339125e-04 9.999999e-01 2.443853e-04 -6.154070e-02 3.236189e-02 -2.518286e-04 9.994761e-01 6.278188e+00
9.995446e-01 9.172921e-04 3.016040e-02 1.243388e+00 -8.935673e-04 9.999993e-01 -8.000791e-04 -1.161213e-01 -3.016108e-02 7.727630e-04 9.995447e-01 7.624235e+00
9.994332e-01 -1.563914e-04 -3.366418e-02 2.236696e+00 1.550719e-04 1.000000e+00 -4.181610e-05 -1.822716e-01 3.366422e-02 3.657046e-05 9.994331e-01 9.329157e+00
9.996261e-01 9.514021e-04 2.732708e-02 3.294808e+00 -9.323724e-04 9.999993e-01 -7.090912e-04 -2.512703e-01 -2.732770e-02 6.833454e-04 9.996262e-01 1.107306e+01
9.994621e-01 -3.286593e-04 -3.279343e-02 4.020826e+00 3.366134e-04 9.999999e-01 2.370201e-04 -3.003688e-01 3.279338e-02 -2.479329e-04 9.994620e-01 1.235753e+01
9.996595e-01 1.378815e-03 2.605620e-02 5.410680e+00 -1.360567e-03 9.999988e-01 -7.180278e-04 -3.722006e-01 -2.605712e-02 6.823304e-04 9.996601e-01 1.375580e+01
9.992960e-01 -7.144574e-05 -3.751723e-02 7.027792e+00 8.558243e-05 9.999999e-01 3.751902e-04 -4.491008e-01 3.751724e-02 -3.781386e-04 9.992958e-01 1.507104e+01
9.994535e-01 1.164768e-03 3.303449e-02 8.466996e+00 -1.141243e-03 9.999991e-01 -7.309604e-04 -5.167247e-01 -3.303528e-02 6.928588e-04 9.994538e-01 1.621302e+01
9.993958e-01 -3.936333e-04 -3.475332e-02 9.387899e+00 4.111405e-04 9.999998e-01 4.966009e-04 -5.570650e-01 3.475315e-02 -5.105911e-04 9.993957e-01 1.682119e+01
9.994921e-01 1.055368e-03 3.185022e-02 1.026873e+01 -1.033210e-03 9.999992e-01 -7.121434e-04 -6.030197e-01 -3.185092e-02 6.788720e-04 9.994923e-01 1.773880e+01
9.993168e-01 -1.447900e-04 -3.695867e-02 1.145060e+01 1.619420e-04 9.999999e-01 4.610834e-04 -6.595708e-01 3.695863e-02 -4.667553e-04 9.993166e-01 1.872770e+01
9.994842e-01 1.086401e-03 3.209499e-02 1.265231e+01 -1.065323e-03 9.999992e-01 -6.738017e-04 -7.175368e-01 -3.209567e-02 6.392609e-04 9.994845e-01 1.975340e+01
9.995741e-01 -6.120548e-04 -2.917717e-02 1.338480e+01 6.182604e-04 9.999998e-01 2.036533e-04 -7.560001e-01 2.917707e-02 -2.216075e-04 9.995741e-01 2.055443e+01
9.995501e-01 1.052850e-03 2.997314e-02 1.403813e+01 -1.030012e-03 9.999992e-01 -7.773753e-04 -8.001011e-01 -2.997390e-02 7.461511e-04 9.995503e-01 2.172923e+01
9.994368e-01 -1.977646e-04 -3.355567e-02 1.524958e+01 2.085197e-04 9.999999e-01 3.170053e-04 -8.578812e-01 3.355563e-02 -3.238257e-04 9.994367e-01 2.274407e+01
9.994656e-01 8.993030e-04 3.267518e-02 1.624008e+01 -8.777816e-04 9.999994e-01 -6.729771e-04 -9.090320e-01 -3.267574e-02 6.439339e-04 9.994657e-01 2.375534e+01
9.994498e-01 -2.812872e-04 -3.316511e-02 1.693414e+01 2.983829e-04 9.999998e-01 5.105119e-04 -9.436480e-01 3.316500e-02 -5.201289e-04 9.994497e-01 2.441442e+01
9.994359e-01 6.224466e-04 3.357779e-02 1.726497e+01 -6.041225e-04 9.999997e-01 -5.558542e-04 -9.630218e-01 -3.357810e-02 5.352536e-04 9.994359e-01 2.488648e+01
9.995405e-01 -1.950884e-04 -3.031167e-02 1.812113e+01 1.851856e-04 9.999999e-01 -3.295185e-04 -1.018099e+00 3.031176e-02 3.237519e-04 9.995403e-01 2.629261e+01
9.993985e-01 6.675841e-04 3.467150e-02 1.888872e+01 -6.493059e-04 9.999996e-01 -5.384299e-04 -1.068952e+00 -3.467181e-02 5.155916e-04 9.993985e-01 2.763338e+01
9.995234e-01 2.587153e-04 -3.086755e-02 1.967862e+01 -3.078884e-04 9.999987e-01 -1.588308e-03 -1.042240e+00 3.086713e-02 1.597052e-03 9.995221e-01 2.547170e+01
9.996410e-01 1.192700e-03 2.676582e-02 2.087404e+01 -1.135905e-03 9.999971e-01 -2.136985e-03 -9.821449e-01 -2.676826e-02 2.105812e-03 9.996394e-01 2.123450e+01
9.996400e-01 -3.974702e-04 -2.682634e-02 2.165876e+01 4.224586e-04 9.999995e-01 9.258049e-04 -9.787846e-01 2.682599e-02 -9.368073e-04 9.996396e-01 2.003100e+01
9.996153e-01 7.165528e-04 2.772683e-02 2.191007e+01 -6.872399e-04 9.999992e-01 -1.066704e-03 -9.979651e-01 -2.772754e-02 1.047235e-03 9.996149e-01 2.062295e+01
9.996326e-01 -3.130022e-04 -2.710170e-02 2.241855e+01 3.335872e-04 9.999997e-01 7.550080e-04 -1.030080e+00 2.710149e-02 -7.637741e-04 9.996323e-01 2.143983e+01
9.996186e-01 1.152252e-03 2.759200e-02 2.366723e+01 -1.113832e-03 9.999984e-01 -1.407712e-03 -1.086671e+00 -2.759355e-02 1.376440e-03 9.996182e-01 2.233784e+01
9.996887e-01 -5.451314e-04 -2.494585e-02 2.443797e+01 5.692869e-04 9.999994e-01 9.612035e-04 -1.128173e+00 2.494534e-02 -9.751084e-04 9.996882e-01 2.322470e+01
9.996142e-01 1.196413e-03 2.774870e-02 2.535117e+01 -1.154603e-03 9.999982e-01 -1.522684e-03 -1.174941e+00 -2.775044e-02 1.490055e-03 9.996137e-01 2.415869e+01
9.996368e-01 -5.690747e-04 -2.694485e-02 2.619150e+01 5.999065e-04 9.999992e-01 1.136164e-03 -1.211753e+00 2.694422e-02 -1.151919e-03 9.996362e-01 2.471595e+01
9.996808e-01 1.587481e-03 2.521539e-02 2.699697e+01 -1.518051e-03 9.999950e-01 -2.772379e-03 -1.187438e+00 -2.521963e-02 2.733212e-03 9.996781e-01 2.264618e+01
9.994841e-01 -3.472212e-04 -3.211521e-02 2.791377e+01 3.262618e-04 9.999997e-01 -6.578896e-04 -1.124307e+00 3.211547e-02 6.470690e-04 9.994839e-01 1.864330e+01
9.996657e-01 1.501539e-03 2.581216e-02 2.890301e+01 -1.462787e-03 9.999978e-01 -1.520104e-03 -1.092126e+00 -2.581435e-02 1.481834e-03 9.996656e-01 1.591601e+01
9.995776e-01 -3.634393e-04 -2.905849e-02 3.000749e+01 3.651841e-04 9.999999e-01 5.471787e-05 -1.078905e+00 2.905850e-02 -6.531008e-05 9.995776e-01 1.392612e+01
9.995955e-01 1.542815e-03 2.839820e-02 3.079685e+01 -1.464201e-03 9.999950e-01 -2.788848e-03 -1.035377e+00 -2.840233e-02 2.746135e-03 9.995927e-01 1.098370e+01
9.994151e-01 -8.722469e-04 -3.418630e-02 3.132992e+01 9.217897e-04 9.999985e-01 1.433444e-03 -1.011314e+00 3.418503e-02 -1.464123e-03 9.994144e-01 9.221439e+00
9.996306e-01 1.082069e-03 2.715556e-02 3.129886e+01 -1.051168e-03 9.999988e-01 -1.152147e-03 -1.014881e+00 -2.715675e-02 1.123172e-03 9.996305e-01 9.480918e+00
9.995888e-01 -9.922889e-04 -2.865570e-02 3.115461e+01 1.030110e-03 9.999986e-01 1.305081e-03 -1.012661e+00 2.865439e-02 -1.334067e-03 9.995884e-01 9.658976e+00
9.996073e-01 1.593194e-03 2.797551e-02 3.154494e+01 -1.540960e-03 9.999970e-01 -1.888579e-03 -1.006159e+00 -2.797840e-02 1.844725e-03 9.996067e-01 8.897258e+00
9.994946e-01 -8.443684e-04 -3.177886e-02 3.191580e+01 8.154595e-04 9.999992e-01 -9.226599e-04 -9.468364e-01 3.177965e-02 8.962749e-04 9.994944e-01 5.784139e+00
9.996055e-01 1.778560e-03 2.802841e-02 3.216269e+01 -1.691419e-03 9.999937e-01 -3.132392e-03 -8.604526e-01 -2.803378e-02 3.083744e-03 9.996021e-01 1.585071e+00
9.994381e-01 -8.124302e-04 -3.350901e-02 3.261499e+01 7.848294e-04 9.999993e-01 -8.368522e-04 -7.786440e-01 3.350970e-02 8.100781e-04 9.994380e-01 -2.674389e+00
9.996325e-01 1.472565e-03 2.706827e-02 3.302820e+01 -1.450614e-03 9.999986e-01 -8.305237e-04 -7.442588e-01 -2.706943e-02 7.909477e-04 9.996331e-01 -4.753254e+00
9.995975e-01 -1.087097e-03 -2.835005e-02 3.324932e+01 1.095644e-03 9.999994e-01 2.859306e-04 -7.309874e-01 2.834975e-02 -3.168823e-04 9.995979e-01 -5.588570e+00
9.996544e-01 1.624004e-03 2.623832e-02 3.346335e+01 -1.577523e-03 9.999971e-01 -1.792050e-03 -6.968040e-01 -2.624113e-02 1.750033e-03 9.996540e-01 -7.378714e+00
9.996187e-01 -9.157919e-04 -2.759690e-02 3.370016e+01 8.751528e-04 9.999985e-01 -1.484669e-03 -6.276995e-01 2.759825e-02 1.459946e-03 9.996179e-01 -1.075759e+01
9.997282e-01 1.517026e-03 2.326402e-02 3.411402e+01 -1.508417e-03 9.999988e-01 -3.875798e-04 -5.911137e-01 -2.326455e-02 3.523768e-04 9.997292e-01 -1.294264e+01
9.997546e-01 -1.037286e-03 -2.212763e-02 3.430774e+01 1.011100e-03 9.999988e-01 -1.194604e-03 -5.557944e-01 2.212887e-02 1.171932e-03 9.997543e-01 -1.470339e+01
9.997656e-01 1.792001e-03 2.157458e-02 3.438304e+01 -1.727885e-03 9.999940e-01 -2.990039e-03 -4.664619e-01 -2.157978e-02 2.952054e-03 9.997627e-01 -1.881638e+01
9.997411e-01 -1.530220e-03 -2.270376e-02 3.446442e+01 1.552879e-03 9.999983e-01 9.803889e-04 -4.237334e-01 2.270224e-02 -1.015398e-03 9.997417e-01 -2.085600e+01
9.997386e-01 1.561825e-03 2.280936e-02 3.431823e+01 -1.539940e-03 9.999983e-01 -9.769732e-04 -4.221671e-01 -2.281082e-02 9.415863e-04 9.997393e-01 -2.063801e+01
9.997987e-01 -1.489648e-03 -2.000703e-02 3.418678e+01 1.506779e-03 9.999985e-01 8.411391e-04 -4.194919e-01 2.000578e-02 -8.711226e-04 9.997994e-01 -2.047167e+01
9.996241e-01 1.538084e-03 2.737496e-02 3.410255e+01 -1.505048e-03 9.999981e-01 -1.227339e-03 -4.187684e-01 -2.737677e-02 1.185670e-03 9.996244e-01 -2.025691e+01
9.998925e-01 -1.449630e-03 -1.458802e-02 3.413097e+01 1.459424e-03 9.999987e-01 6.606414e-04 -4.211266e-01 1.458707e-02 -6.818671e-04 9.998933e-01 -2.004497e+01
9.997942e-01 1.729511e-03 2.021223e-02 3.431708e+01 -1.714804e-03 9.999983e-01 -7.448904e-04 -4.264516e-01 -2.021345e-02 7.100705e-04 9.997953e-01 -1.997929e+01
9.998336e-01 -1.448613e-03 -1.818251e-02 3.446072e+01 1.463680e-03 9.999986e-01 8.153035e-04 -4.321808e-01 1.818134e-02 -8.417878e-04 9.998343e-01 -1.985326e+01
9.997941e-01 1.518318e-03 2.023571e-02 3.432030e+01 -1.499940e-03 9.999984e-01 -9.232949e-04 -4.295581e-01 -2.023705e-02 8.927458e-04 9.997947e-01 -1.967539e+01
9.998293e-01 -1.409380e-03 -1.842372e-02 3.424218e+01 1.426836e-03 9.999985e-01 9.343044e-04 -4.276078e-01 1.842240e-02 -9.604392e-04 9.998297e-01 -1.957619e+01
9.998118e-01 1.489641e-03 1.934111e-02 3.418763e+01 -1.473564e-03 9.999986e-01 -8.453958e-04 -4.278355e-01 -1.934231e-02 8.167298e-04 9.998125e-01 -1.943308e+01
9.998011e-01 -1.277968e-03 -1.990075e-02 3.427589e+01 1.298337e-03 9.999986e-01 1.010585e-03 -4.331061e-01 1.989947e-02 -1.036229e-03 9.998014e-01 -1.926932e+01
9.998023e-01 1.493698e-03 1.982665e-02 3.435664e+01 -1.478054e-03 9.999986e-01 -8.036251e-04 -4.365164e-01 -1.982779e-02 7.741548e-04 9.998030e-01 -1.917265e+01
9.997843e-01 -1.342330e-03 -2.072531e-02 3.435614e+01 1.363773e-03 9.999985e-01 1.020473e-03 -4.376478e-01 2.072394e-02 -1.048524e-03 9.997846e-01 -1.906628e+01
9.998043e-01 1.535492e-03 1.972230e-02 3.440819e+01 -1.519389e-03 9.999985e-01 -8.314010e-04 -4.362897e-01 -1.972352e-02 8.012660e-04 9.998051e-01 -1.914064e+01
9.997793e-01 -1.367903e-03 -2.096223e-02 3.445701e+01 1.388497e-03 9.999986e-01 9.678818e-04 -4.379167e-01 2.096091e-02 -9.967807e-04 9.997797e-01 -1.908525e+01
9.997793e-01 1.485834e-03 2.095335e-02 3.442166e+01 -1.467886e-03 9.999985e-01 -8.719013e-04 -4.397295e-01 -2.095459e-02 8.409453e-04 9.997800e-01 -1.889075e+01
9.998165e-01 -1.289142e-03 -1.911522e-02 3.444362e+01 1.306348e-03 9.999988e-01 8.876365e-04 -4.390418e-01 1.911408e-02 -9.124512e-04 9.998168e-01 -1.888267e+01
9.998151e-01 1.501314e-03 1.916833e-02 3.451567e+01 -1.487311e-03 9.999986e-01 -7.447034e-04 -4.408659e-01 -1.916939e-02 7.160501e-04 9.998159e-01 -1.884207e+01
9.998131e-01 -1.433389e-03 -1.927931e-02 3.439013e+01 1.450309e-03 9.999986e-01 8.636490e-04 -4.375545e-01 1.927808e-02 -8.914551e-04 9.998137e-01 -1.874475e+01
9.997813e-01 1.491592e-03 2.085965e-02 3.425814e+01 -1.474006e-03 9.999985e-01 -8.583761e-04 -4.333900e-01 -2.086087e-02 8.274347e-04 9.997819e-01 -1.866143e+01
9.998246e-01 -1.425910e-03 -1.867620e-02 3.416062e+01 1.441583e-03 9.999986e-01 8.257283e-04 -4.320809e-01 1.867503e-02 -8.525131e-04 9.998251e-01 -1.850560e+01
9.998478e-01 1.626108e-03 1.737135e-02 3.425285e+01 -1.615474e-03 9.999985e-01 -6.261162e-04 -4.374309e-01 -1.737231e-02 5.979515e-04 9.998488e-01 -1.834292e+01
9.997897e-01 -1.346441e-03 -2.046428e-02 3.443426e+01 1.364554e-03 9.999987e-01 8.711323e-04 -4.422947e-01 2.046311e-02 -8.988801e-04 9.997901e-01 -1.832974e+01
9.998111e-01 1.512768e-03 1.937482e-02 3.446632e+01 -1.500273e-03 9.999987e-01 -6.593970e-04 -4.433333e-01 -1.937576e-02 6.301986e-04 9.998120e-01 -1.827968e+01
9.998247e-01 -1.450483e-03 -1.866612e-02 3.436045e+01 1.464927e-03 9.999986e-01 7.601210e-04 -4.404928e-01 1.866502e-02 -7.873386e-04 9.998254e-01 -1.819676e+01
9.998137e-01 1.723077e-03 1.922528e-02 3.450594e+01 -1.708755e-03 9.999983e-01 -7.613355e-04 -4.380474e-01 -1.922653e-02 7.283361e-04 9.998148e-01 -1.846535e+01
9.998035e-01 -1.535223e-03 -1.976138e-02 3.456976e+01 1.553536e-03 9.999984e-01 9.113571e-04 -4.380556e-01 1.975998e-02 -9.418844e-04 9.998042e-01 -1.850849e+01
9.998510e-01 1.602312e-03 1.718557e-02 3.444962e+01 -1.590451e-03 9.999985e-01 -7.037582e-04 -4.375925e-01 -1.718665e-02 6.763143e-04 9.998520e-01 -1.830568e+01
9.998288e-01 -1.551705e-03 -1.843735e-02 3.433860e+01 1.567666e-03 9.999984e-01 8.512253e-04 -4.376091e-01 1.843603e-02 -8.799895e-04 9.998296e-01 -1.809515e+01
9.998100e-01 1.622607e-03 1.942241e-02 3.429026e+01 -1.607717e-03 9.999984e-01 -7.821763e-04 -4.384521e-01 -1.942361e-02 7.507958e-04 9.998110e-01 -1.793199e+01
9.998510e-01 -1.492139e-03 -1.719948e-02 3.425908e+01 1.506997e-03 9.999985e-01 8.508561e-04 -4.378395e-01 1.719821e-02 -8.766551e-04 9.998516e-01 -1.784950e+01
9.996098e-01 1.513528e-03 2.789141e-02 3.418986e+01 -1.478789e-03 9.999981e-01 -1.266061e-03 -4.353077e-01 -2.789325e-02 1.224315e-03 9.996101e-01 -1.774066e+01
9.996828e-01 -1.436459e-03 -2.514481e-02 3.407452e+01 1.467056e-03 9.999982e-01 1.198356e-03 -4.334048e-01 2.514307e-02 -1.234871e-03 9.996830e-01 -1.757446e+01
9.996275e-01 1.652389e-03 2.724362e-02 3.422849e+01 -1.615745e-03 9.999978e-01 -1.366980e-03 -4.424201e-01 -2.724579e-02 1.322445e-03 9.996278e-01 -1.730897e+01
9.996557e-01 -1.435351e-03 -2.620000e-02 3.438370e+01 1.469476e-03 9.999981e-01 1.283216e-03 -4.553215e-01 2.619814e-02 -1.321281e-03 9.996558e-01 -1.688585e+01
9.996638e-01 1.519041e-03 2.588211e-02 3.430926e+01 -1.487470e-03 9.999981e-01 -1.239001e-03 -4.577730e-01 -2.588391e-02 1.200080e-03 9.996641e-01 -1.661392e+01
9.996683e-01 -1.376140e-03 -2.571698e-02 3.427533e+01 1.410719e-03 9.999981e-01 1.326457e-03 -4.557587e-01 2.571514e-02 -1.362303e-03 9.996683e-01 -1.659877e+01
9.996690e-01 1.600369e-03 2.567828e-02 3.434682e+01 -1.568065e-03 9.999980e-01 -1.278094e-03 -4.531659e-01 -2.568024e-02 1.237400e-03 9.996693e-01 -1.677838e+01
9.996776e-01 -1.397064e-03 -2.535337e-02 3.441544e+01 1.432321e-03 9.999980e-01 1.372480e-03 -4.549097e-01 2.535144e-02 -1.408358e-03 9.996775e-01 -1.675106e+01
9.996303e-01 1.540500e-03 2.714726e-02 3.440146e+01 -1.503979e-03 9.999979e-01 -1.365606e-03 -4.568482e-01 -2.714928e-02 1.324266e-03 9.996304e-01 -1.657801e+01
9.996572e-01 -1.462179e-03 -2.614011e-02 3.428830e+01 1.497811e-03 9.999980e-01 1.343573e-03 -4.558068e-01 2.613812e-02 -1.382271e-03 9.996573e-01 -1.639201e+01
9.996362e-01 1.560119e-03 2.692736e-02 3.423921e+01 -1.525082e-03 9.999980e-01 -1.321636e-03 -4.576030e-01 -2.692934e-02 1.280082e-03 9.996364e-01 -1.618376e+01
9.996795e-01 -1.399848e-03 -2.527814e-02 3.420138e+01 1.434745e-03 9.999980e-01 1.362390e-03 -4.576601e-01 2.527622e-02 -1.398227e-03 9.996794e-01 -1.606023e+01
9.996163e-01 1.511617e-03 2.765715e-02 3.411188e+01 -1.473727e-03 9.999979e-01 -1.390274e-03 -4.551131e-01 -2.765916e-02 1.348975e-03 9.996164e-01 -1.596951e+01
9.997032e-01 -1.475345e-03 -2.431521e-02 3.401132e+01 1.505234e-03 9.999981e-01 1.210927e-03 -4.559189e-01 2.431342e-02 -1.247174e-03 9.997035e-01 -1.569609e+01
9.996451e-01 1.555996e-03 2.659286e-02 3.386627e+01 -1.521717e-03 9.999980e-01 -1.309184e-03 -4.528206e-01 -2.659481e-02 1.268247e-03 9.996454e-01 -1.552765e+01
9.997180e-01 -1.459812e-03 -2.370080e-02 3.371486e+01 1.489152e-03 9.999981e-01 1.220290e-03 -4.469871e-01 2.369901e-02 -1.255247e-03 9.997183e-01 -1.547347e+01
9.996270e-01 1.551935e-03 2.726507e-02 3.356820e+01 -1.515601e-03 9.999979e-01 -1.353210e-03 -4.415346e-01 -2.726708e-02 1.311376e-03 9.996272e-01 -1.540386e+01
9.996747e-01 -1.477251e-03 -2.546286e-02 3.342854e+01 1.510604e-03 9.999980e-01 1.290650e-03 -4.385480e-01 2.546093e-02 -1.328701e-03 9.996748e-01 -1.524539e+01
9.995763e-01 1.541464e-03 2.906558e-02 3.331392e+01 -1.498836e-03 9.999978e-01 -1.488306e-03 -4.377285e-01 -2.906778e-02 1.444105e-03 9.995763e-01 -1.501881e+01
9.997193e-01 -1.469864e-03 -2.364507e-02 3.319938e+01 1.498607e-03 9.999982e-01 1.197852e-03 -4.365306e-01 2.364330e-02 -1.232957e-03 9.997196e-01 -1.479448e+01
9.996588e-01 1.527432e-03 2.607563e-02 3.306878e+01 -1.492999e-03 9.999980e-01 -1.339870e-03 -4.354309e-01 -2.607758e-02 1.300476e-03 9.996590e-01 -1.456148e+01
9.997441e-01 -1.450497e-03 -2.257610e-02 3.293124e+01 1.477036e-03 9.999982e-01 1.158838e-03 -4.325676e-01 2.257442e-02 -1.191893e-03 9.997444e-01 -1.438593e+01
9.996772e-01 1.530548e-03 2.536178e-02 3.278506e+01 -1.497953e-03 9.999980e-01 -1.304110e-03 -4.289625e-01 -2.536369e-02 1.265692e-03 9.996774e-01 -1.423379e+01
9.996908e-01 -1.492972e-03 -2.481893e-02 3.266681e+01 1.525028e-03 9.999980e-01 1.272666e-03 -4.293611e-01 2.481702e-02 -1.310128e-03 9.996911e-01 -1.397526e+01
9.996348e-01 1.555892e-03 2.697983e-02 3.257405e+01 -1.520116e-03 9.999979e-01 -1.346462e-03 -4.290903e-01 -2.698183e-02 1.304952e-03 9.996350e-01 -1.377713e+01
9.996884e-01 -1.462089e-03 -2.491860e-02 3.244838e+01 1.494682e-03 9.999981e-01 1.289382e-03 -4.264329e-01 2.491670e-02 -1.326231e-03 9.996886e-01 -1.362900e+01
9.996520e-01 1.541567e-03 2.633517e-02 3.229156e+01 -1.507693e-03 9.999980e-01 -1.306023e-03 -4.210296e-01 -2.633710e-02 1.265857e-03 9.996522e-01 -1.355287e+01
9.997050e-01 -1.457793e-03 -2.424543e-02 3.214402e+01 1.488549e-03 9.999981e-01 1.250489e-03 -4.162155e-01 2.424359e-02 -1.286217e-03 9.997052e-01 -1.346308e+01
9.996501e-01 1.532693e-03 2.640594e-02 3.198822e+01 -1.496857e-03 9.999979e-01 -1.376809e-03 -4.135946e-01 -2.640796e-02 1.336795e-03 9.996503e-01 -1.325237e+01
9.997482e-01 -1.426499e-03 -2.239186e-02 3.184518e+01 1.455015e-03 9.999982e-01 1.257195e-03 -4.072994e-01 2.239006e-02 -1.289465e-03 9.997484e-01 -1.323131e+01
9.995044e-01 1.492820e-03 3.144495e-02 3.173372e+01 -1.443296e-03 9.999977e-01 -1.597523e-03 -4.015682e-01 -3.144722e-02 1.551341e-03 9.995041e-01 -1.320564e+01
9.995977e-01 -1.401412e-03 -2.832790e-02 3.160104e+01 1.445651e-03 9.999978e-01 1.541210e-03 -3.972492e-01 2.832571e-02 -1.581548e-03 9.995974e-01 -1.311814e+01
9.995848e-01 1.489717e-03 2.877617e-02 3.147750e+01 -1.446544e-03 9.999978e-01 -1.521021e-03 -3.968292e-01 -2.877833e-02 1.478757e-03 9.995846e-01 -1.288706e+01
9.997410e-01 -1.355430e-03 -2.271830e-02 3.147287e+01 1.382820e-03 9.999983e-01 1.189896e-03 -3.991422e-01 2.271669e-02 -1.221010e-03 9.997411e-01 -1.266611e+01
9.993523e-01 1.436247e-03 3.595703e-02 3.136957e+01 -1.374790e-03 9.999976e-01 -1.733804e-03 -3.924571e-01 -3.595939e-02 1.683241e-03 9.993517e-01 -1.267351e+01
9.994248e-01 -1.358307e-03 -3.388508e-02 3.122403e+01 1.413557e-03 9.999977e-01 1.606560e-03 -3.902992e-01 3.388286e-02 -1.653540e-03 9.994243e-01 -1.246131e+01
9.993632e-01 1.370702e-03 3.565550e-02 3.112850e+01 -1.301181e-03 9.999972e-01 -1.972907e-03 -3.996004e-01 -3.565806e-02 1.925250e-03 9.993621e-01 -1.181235e+01
9.994538e-01 -1.295988e-03 -3.302108e-02 3.099676e+01 1.354584e-03 9.999975e-01 1.752142e-03 -4.011011e-01 3.301876e-02 -1.795921e-03 9.994530e-01 -1.145323e+01
9.999901e-01 1.510891e-03 4.185304e-03 3.089519e+01 -1.507813e-03 9.999986e-01 -7.381787e-04 -4.009616e-01 -4.186376e-03 7.318544e-04 9.999909e-01 -1.122725e+01
9.994519e-01 -1.033982e-03 -3.308830e-02 3.106906e+01 1.086829e-03 9.999982e-01 1.579153e-03 -3.958552e-01 3.308664e-02 -1.614256e-03 9.994511e-01 -1.157177e+01
9.994620e-01 1.197840e-03 3.277469e-02 3.110362e+01 -1.139760e-03 9.999977e-01 -1.790709e-03 -3.901010e-01 -3.277673e-02 1.752384e-03 9.994611e-01 -1.184135e+01
9.996139e-01 -1.229621e-03 -2.775851e-02 3.104194e+01 1.263540e-03 9.999985e-01 1.204382e-03 -4.007091e-01 2.775702e-02 -1.238997e-03 9.996138e-01 -1.115828e+01
9.994530e-01 1.257407e-03 3.304855e-02 3.095619e+01 -1.203182e-03 9.999979e-01 -1.660567e-03 -4.074673e-01 -3.305054e-02 1.619889e-03 9.994523e-01 -1.060891e+01
9.996558e-01 -1.192018e-03 -2.620672e-02 3.082522e+01 1.226272e-03 9.999984e-01 1.290991e-03 -4.052406e-01 2.620518e-02 -1.322690e-03 9.996556e-01 -1.039038e+01
9.994369e-01 1.230355e-03 3.353049e-02 3.069686e+01 -1.175793e-03 9.999980e-01 -1.646875e-03 -4.024366e-01 -3.353241e-02 1.606517e-03 9.994362e-01 -1.020290e+01
9.996827e-01 -1.218979e-03 -2.516024e-02 3.061726e+01 1.246638e-03 9.999986e-01 1.083588e-03 -4.069711e-01 2.515893e-02 -1.114616e-03 9.996827e-01 -9.742802e+00
9.994367e-01 1.201201e-03 3.353948e-02 3.052975e+01 -1.146278e-03 9.999980e-01 -1.656707e-03 -4.133348e-01 -3.354136e-02 1.617321e-03 9.994359e-01 -9.176190e+00
9.997041e-01 -1.145776e-03 -2.429735e-02 3.040237e+01 1.175172e-03 9.999986e-01 1.195525e-03 -4.111186e-01 2.429598e-02 -1.223731e-03 9.997040e-01 -8.941012e+00
9.995298e-01 1.226118e-03 3.063769e-02 3.050331e+01 -1.169041e-03 9.999975e-01 -1.880768e-03 -4.281176e-01 -3.063988e-02 1.844060e-03 9.995287e-01 -8.200664e+00
9.997158e-01 -1.178132e-03 -2.380924e-02 3.042007e+01 1.215015e-03 9.999981e-01 1.534670e-03 -4.299584e-01 2.380743e-02 -1.563169e-03 9.997152e-01 -7.877088e+00
9.994353e-01 1.160168e-03 3.358258e-02 3.032539e+01 -1.098028e-03 9.999977e-01 -1.868722e-03 -4.256460e-01 -3.358463e-02 1.830786e-03 9.994341e-01 -7.815571e+00
9.998300e-01 -1.159607e-03 -1.840052e-02 3.027492e+01 1.182455e-03 9.999985e-01 1.230781e-03 -4.243390e-01 1.839911e-02 -1.252336e-03 9.998298e-01 -7.654271e+00
9.997017e-01 1.169068e-03 2.439678e-02 3.019672e+01 -1.130979e-03 9.999981e-01 -1.574925e-03 -4.277970e-01 -2.439853e-02 1.546857e-03 9.997010e-01 -7.273582e+00
9.998572e-01 -1.112116e-03 -1.686488e-02 3.021201e+01 1.130584e-03 9.999988e-01 1.085457e-03 -4.374044e-01 1.686369e-02 -1.104376e-03 9.998571e-01 -6.738648e+00
9.997319e-01 1.394386e-03 2.311024e-02 3.052288e+01 -1.358460e-03 9.999978e-01 -1.570111e-03 -4.600649e-01 -2.311233e-02 1.538289e-03 9.997316e-01 -6.044138e+00
9.997948e-01 -1.058364e-03 -2.023084e-02 3.074780e+01 1.088264e-03 9.999983e-01 1.466896e-03 -4.730701e-01 2.022930e-02 -1.488618e-03 9.997942e-01 -5.683699e+00
9.996045e-01 1.235687e-03 2.809385e-02 3.086072e+01 -1.184890e-03 9.999976e-01 -1.824624e-03 -4.811594e-01 -2.809599e-02 1.790608e-03 9.996035e-01 -5.368494e+00
9.997153e-01 -7.596081e-04 -2.385009e-02 3.134413e+01 7.946088e-04 9.999986e-01 1.458011e-03 -5.087467e-01 2.384900e-02 -1.476554e-03 9.997144e-01 -4.716243e+00
9.996211e-01 9.836938e-04 2.750803e-02 3.148159e+01 -9.383376e-04 9.999982e-01 -1.661640e-03 -5.211669e-01 -2.750957e-02 1.635192e-03 9.996201e-01 -4.273576e+00
9.996816e-01 -8.938462e-04 -2.521568e-02 3.138667e+01 9.333044e-04 9.999984e-01 1.553027e-03 -5.221700e-01 2.521430e-02 -1.576073e-03 9.996807e-01 -4.008028e+00
9.995204e-01 9.846330e-04 3.095275e-02 3.128036e+01 -9.297871e-04 9.999980e-01 -1.786214e-03 -5.195876e-01 -3.095440e-02 1.756571e-03 9.995192e-01 -3.862853e+00
9.996453e-01 -8.971367e-04 -2.661690e-02 3.125258e+01 9.375814e-04 9.999984e-01 1.507001e-03 -5.261234e-01 2.661556e-02 -1.531429e-03 9.996445e-01 -3.432924e+00
9.995178e-01 9.716211e-04 3.103425e-02 3.124154e+01 -9.146589e-04 9.999979e-01 -1.849553e-03 -5.343543e-01 -3.103593e-02 1.820269e-03 9.995165e-01 -2.950959e+00
9.996455e-01 -7.344678e-04 -2.661529e-02 3.146966e+01 7.677285e-04 9.999989e-01 1.239414e-03 -5.602238e-01 2.661440e-02 -1.259415e-03 9.996449e-01 -1.997476e+00
9.995382e-01 7.586592e-04 3.037637e-02 3.139737e+01 -7.075772e-04 9.999983e-01 -1.692296e-03 -5.698800e-01 -3.037755e-02 1.670014e-03 9.995370e-01 -1.353812e+00
9.996065e-01 -7.040517e-04 -2.804199e-02 3.126812e+01 7.475944e-04 9.999985e-01 1.542244e-03 -5.708360e-01 2.804091e-02 -1.562608e-03 9.996055e-01 -1.026796e+00
9.996005e-01 7.558037e-04 2.825177e-02 3.116390e+01 -7.103480e-04 9.999984e-01 -1.618892e-03 -5.750947e-01 -2.825290e-02 1.598170e-03 9.995994e-01 -6.148774e-01
9.996556e-01 -4.878140e-04 -2.623773e-02 3.140177e+01 5.246432e-04 9.999989e-01 1.396732e-03 -5.952819e-01 2.623707e-02 -1.410024e-03 9.996547e-01 3.764846e-02
9.996625e-01 1.206508e-03 2.595064e-02 3.232385e+01 -1.158556e-03 9.999976e-01 -1.862729e-03 -6.474942e-01 -2.595277e-02 1.832028e-03 9.996614e-01 1.192522e+00
9.996589e-01 -7.014865e-04 -2.610747e-02 3.297815e+01 7.367881e-04 9.999988e-01 1.342491e-03 -6.910225e-01 2.610654e-02 -1.361276e-03 9.996581e-01 2.326566e+00
9.996034e-01 1.370537e-03 2.812909e-02 3.386049e+01 -1.314591e-03 9.999971e-01 -2.007244e-03 -7.443236e-01 -2.813172e-02 1.969462e-03 9.996022e-01 3.603078e+00
9.996846e-01 -8.863200e-04 -2.509931e-02 3.465068e+01 9.186369e-04 9.999988e-01 1.275976e-03 -7.953883e-01 2.509820e-02 -1.298638e-03 9.996841e-01 4.912897e+00
9.996243e-01 1.442618e-03 2.736998e-02 3.543500e+01 -1.389948e-03 9.999971e-01 -1.943207e-03 -8.459962e-01 -2.737266e-02 1.904427e-03 9.996234e-01 6.211026e+00
9.995649e-01 -4.742171e-04 -2.949290e-02 3.659069e+01 5.023475e-04 9.999994e-01 9.463305e-04 -8.732010e-01 2.949248e-02 -9.607416e-04 9.995644e-01 5.907962e+00
9.997125e-01 1.603209e-03 2.392168e-02 3.788763e+01 -1.557640e-03 9.999969e-01 -1.923367e-03 -9.000296e-01 -2.392464e-02 1.885545e-03 9.997119e-01 5.337040e+00
9.997498e-01 -1.056086e-03 -2.234253e-02 3.850043e+01 1.093432e-03 9.999980e-01 1.659301e-03 -9.332069e-01 2.234078e-02 -1.683323e-03 9.997489e-01 6.052012e+00
9.996758e-01 1.633013e-03 2.540836e-02 3.929527e+01 -1.579918e-03 9.999965e-01 -2.109555e-03 -9.742341e-01 -2.541166e-02 2.068720e-03 9.996748e-01 6.884578e+00
9.997652e-01 -1.042535e-03 -2.164236e-02 4.018902e+01 1.071496e-03 9.999985e-01 1.326497e-03 -1.027864e+00 2.164099e-02 -1.349382e-03 9.997648e-01 8.165164e+00
9.996408e-01 1.481151e-03 2.675980e-02 4.076066e+01 -1.420412e-03 9.999964e-01 -2.288566e-03 -1.074209e+00 -2.676304e-02 2.249726e-03 9.996392e-01 9.582111e+00
9.997248e-01 -1.496256e-03 -2.341299e-02 4.068719e+01 1.535752e-03 9.999974e-01 1.668928e-03 -1.089544e+00 2.341048e-02 -1.704433e-03 9.997244e-01 1.049178e+01
9.996547e-01 1.710801e-03 2.622208e-02 4.102107e+01 -1.647882e-03 9.999957e-01 -2.420802e-03 -1.123358e+00 -2.622605e-02 2.376748e-03 9.996531e-01 1.165707e+01
9.996859e-01 -1.149947e-03 -2.503713e-02 4.171963e+01 1.197292e-03 9.999975e-01 1.875970e-03 -1.167935e+00 2.503496e-02 -1.905365e-03 9.996847e-01 1.278289e+01
9.996064e-01 1.260545e-03 2.802596e-02 4.175608e+01 -1.192846e-03 9.999963e-01 -2.432106e-03 -1.186973e+00 -2.802887e-02 2.397710e-03 9.996041e-01 1.369814e+01
9.996454e-01 -1.212100e-03 -2.660173e-02 4.184950e+01 1.261677e-03 9.999975e-01 1.846895e-03 -1.211118e+00 2.659948e-02 -1.879810e-03 9.996443e-01 1.476714e+01
9.997345e-01 1.338757e-03 2.300098e-02 4.179095e+01 -1.293015e-03 9.999972e-01 -2.003368e-03 -1.224804e+00 -2.300354e-02 1.973088e-03 9.997333e-01 1.554740e+01
9.996314e-01 -1.241925e-03 -2.712113e-02 4.161580e+01 1.300089e-03 9.999969e-01 2.126998e-03 -1.225719e+00 2.711845e-02 -2.161482e-03 9.996298e-01 1.592613e+01
9.998258e-01 1.425945e-03 1.860996e-02 4.153604e+01 -1.391990e-03 9.999973e-01 -1.837243e-03 -1.228540e+00 -1.861248e-02 1.811011e-03 9.998250e-01 1.623524e+01
9.998133e-01 -1.017953e-03 -1.929621e-02 4.202411e+01 1.050798e-03 9.999980e-01 1.691984e-03 -1.255457e+00 1.929450e-02 -1.711952e-03 9.998123e-01 1.683457e+01
9.998305e-01 1.515081e-03 1.834980e-02 4.256365e+01 -1.480783e-03 9.999971e-01 -1.882454e-03 -1.287487e+00 -1.835255e-02 1.854955e-03 9.998298e-01 1.760406e+01
9.998118e-01 -1.378418e-03 -1.934866e-02 4.254795e+01 1.412825e-03 9.999974e-01 1.764605e-03 -1.298777e+00 1.934623e-02 -1.791617e-03 9.998111e-01 1.820587e+01
9.998597e-01 1.454609e-03 1.668567e-02 4.243084e+01 -1.427667e-03 9.999977e-01 -1.626390e-03 -1.300464e+00 -1.668794e-02 1.602333e-03 9.998594e-01 1.850642e+01
9.998551e-01 -1.401836e-03 -1.696479e-02 4.226456e+01 1.430533e-03 9.999976e-01 1.679416e-03 -1.297202e+00 1.696244e-02 -1.703449e-03 9.998546e-01 1.868505e+01
9.998561e-01 1.416213e-03 1.690270e-02 4.214337e+01 -1.387165e-03 9.999975e-01 -1.730018e-03 -1.298399e+00 -1.690506e-02 1.706314e-03 9.998555e-01 1.898546e+01
9.998479e-01 -1.323397e-03 -1.738790e-02 4.208865e+01 1.353081e-03 9.999976e-01 1.695356e-03 -1.304097e+00 1.738566e-02 -1.718634e-03 9.998473e-01 1.938358e+01
9.998799e-01 1.382933e-03 1.543480e-02 4.199468e+01 -1.359147e-03 9.999979e-01 -1.551319e-03 -1.305268e+00 -1.543686e-02 1.530147e-03 9.998796e-01 1.963162e+01
9.998242e-01 -8.586619e-04 -1.872800e-02 4.239423e+01 8.851544e-04 9.999986e-01 1.406241e-03 -1.303577e+00 1.872682e-02 -1.422578e-03 9.998235e-01 1.908449e+01
9.998549e-01 1.450192e-03 1.697466e-02 4.287729e+01 -1.419644e-03 9.999974e-01 -1.811400e-03 -1.301816e+00 -1.697719e-02 1.787032e-03 9.998542e-01 1.838248e+01
9.998661e-01 -8.030485e-04 -1.634400e-02 4.367136e+01 8.258401e-04 9.999987e-01 1.387663e-03 -1.326409e+00 1.634291e-02 -1.400982e-03 9.998654e-01 1.843343e+01
9.998568e-01 1.658742e-03 1.683970e-02 4.473782e+01 -1.625454e-03 9.999967e-01 -1.990129e-03 -1.359124e+00 -1.684290e-02 1.962464e-03 9.998561e-01 1.847501e+01
9.998310e-01 -6.998399e-04 -1.837031e-02 4.591970e+01 7.266397e-04 9.999987e-01 1.452113e-03 -1.394846e+00 1.836932e-02 -1.465225e-03 9.998301e-01 1.848910e+01
9.998554e-01 1.563527e-03 1.693422e-02 4.695174e+01 -1.532985e-03 9.999972e-01 -1.816255e-03 -1.427709e+00 -1.693696e-02 1.790024e-03 9.998549e-01 1.858356e+01
9.998838e-01 -6.938041e-04 -1.523081e-02 4.802426e+01 7.134097e-04 9.999989e-01 1.281700e-03 -1.461384e+00 1.522996e-02 -1.292424e-03 9.998831e-01 1.866218e+01
9.998396e-01 1.303903e-03 1.786195e-02 4.866256e+01 -1.277684e-03 9.999981e-01 -1.479094e-03 -1.477361e+00 -1.786380e-02 1.456027e-03 9.998393e-01 1.854959e+01
9.998962e-01 -6.902128e-04 -1.439407e-02 4.936091e+01 7.055913e-04 9.999992e-01 1.063186e-03 -1.496876e+00 1.439338e-02 -1.073240e-03 9.998957e-01 1.851132e+01
9.998486e-01 1.341773e-03 1.735083e-02 5.016971e+01 -1.313841e-03 9.999978e-01 -1.621057e-03 -1.522036e+00 -1.735292e-02 1.598008e-03 9.998481e-01 1.857333e+01
9.998523e-01 -7.282998e-04 -1.716946e-02 5.085472e+01 7.512562e-04 9.999988e-01 1.330502e-03 -1.544868e+00 1.716852e-02 -1.343213e-03 9.998516e-01 1.869394e+01
9.998071e-01 1.511935e-03 1.958449e-02 5.137507e+01 -1.456723e-03 9.999949e-01 -2.833022e-03 -1.521557e+00 -1.958862e-02 2.803938e-03 9.998041e-01 1.703009e+01
9.997284e-01 -3.292873e-04 -2.330243e-02 5.261429e+01 3.701832e-04 9.999984e-01 1.750614e-03 -1.525284e+00 2.330187e-02 -1.758773e-03 9.997268e-01 1.557488e+01
9.997073e-01 1.517218e-03 2.414394e-02 5.416525e+01 -1.462607e-03 9.999963e-01 -2.279289e-03 -1.594283e+00 -2.414726e-02 2.243301e-03 9.997058e-01 1.662543e+01
9.999875e-01 -1.003158e-03 -4.899210e-03 5.489826e+01 1.009094e-03 9.999988e-01 1.208781e-03 -1.628128e+00 4.898043e-03 -1.213718e-03 9.999872e-01 1.735834e+01
9.994231e-01 1.250902e-03 3.393805e-02 5.531912e+01 -1.160779e-03 9.999957e-01 -2.675005e-03 -1.645370e+00 -3.394120e-02 2.634059e-03 9.994203e-01 1.780787e+01
9.994011e-01 1.238599e-04 -3.460260e-02 5.712955e+01 -4.489996e-05 9.999974e-01 2.282599e-03 -1.716821e+00 3.460285e-02 -2.279687e-03 9.993985e-01 1.860348e+01
9.999177e-01 3.025827e-03 1.246435e-02 6.050659e+01 -3.000677e-03 9.999934e-01 -2.035727e-03 -1.821946e+00 -1.247038e-02 1.998150e-03 9.999202e-01 1.877653e+01
9.992035e-01 2.272289e-03 -3.983843e-02 6.669034e+01 -2.217591e-03 9.999965e-01 1.417083e-03 -2.030662e+00 3.984156e-02 -1.327617e-03 9.992050e-01 1.972762e+01
9.999362e-01 4.373036e-03 1.041262e-02 7.421499e+01 -4.351181e-03 9.999883e-01 -2.120463e-03 -2.283076e+00 -1.042173e-02 2.075012e-03 9.999434e-01 2.079322e+01
9.992378e-01 2.349532e-03 -3.896590e-02 8.170370e+01 -2.291282e-03 9.999962e-01 1.539422e-03 -2.517314e+00 3.896941e-02 -1.448975e-03 9.992393e-01 2.116023e+01
9.998769e-01 4.725326e-03 1.496288e-02 8.952745e+01 -4.696472e-03 9.999870e-01 -1.962827e-03 -2.745526e+00 -1.497192e-02 1.892305e-03 9.998860e-01 2.088033e+01
9.993464e-01 1.593348e-03 -3.611487e-02 9.673224e+01 -1.546886e-03 9.999979e-01 1.314357e-03 -2.970624e+00 3.611693e-02 -1.257640e-03 9.993467e-01 2.122549e+01
9.999737e-01 5.255742e-03 4.992943e-03 1.043805e+02 -5.246362e-03 9.999845e-01 -1.889718e-03 -3.220113e+00 -5.002760e-03 1.863466e-03 9.999857e-01 2.201325e+01
9.993457e-01 2.581344e-03 -3.607634e-02 1.130969e+02 -2.538513e-03 9.999960e-01 1.232921e-03 -3.469778e+00 3.607942e-02 -1.140542e-03 9.993482e-01 2.154292e+01
9.999662e-01 5.913170e-03 -5.704989e-03 1.222022e+02 -5.922589e-03 9.999811e-01 -1.635757e-03 -3.720399e+00 5.695239e-03 1.669482e-03 9.999823e-01 2.056247e+01
9.996061e-01 7.331583e-04 -2.805389e-02 1.293884e+02 -6.973697e-04 9.999989e-01 1.285427e-03 -3.943481e+00 2.805483e-02 -1.265364e-03 9.996055e-01 2.083068e+01
9.999809e-01 5.381521e-03 -3.044537e-03 1.359903e+02 -5.386268e-03 9.999843e-01 -1.553467e-03 -4.159717e+00 3.036153e-03 1.569829e-03 9.999941e-01 2.153594e+01
9.995403e-01 5.873518e-04 -3.031204e-02 1.424732e+02 -5.507484e-04 9.999991e-01 1.215859e-03 -4.368906e+00 3.031275e-02 -1.198613e-03 9.995396e-01 2.210854e+01
9.998847e-01 5.939586e-03 -1.397271e-02 1.494400e+02 -5.955955e-03 9.999816e-01 -1.130204e-03 -4.594239e+00 1.396576e-02 1.213287e-03 9.999016e-01 2.275186e+01
9.995586e-01 -1.050314e-04 -2.970902e-02 1.559341e+02 1.323581e-04 9.999996e-01 9.178246e-04 -4.812094e+00 2.970892e-02 -9.213593e-04 9.995581e-01 2.370033e+01
9.995237e-01 6.866057e-03 -3.008581e-02 1.631952e+02 -6.879061e-03 9.999763e-01 -3.287485e-04 -5.048449e+00 3.008285e-02 5.355466e-04 9.995472e-01 2.445281e+01
9.995280e-01 -4.279921e-04 -3.071953e-02 1.700365e+02 4.527791e-04 9.999996e-01 7.999259e-04 -5.271030e+00 3.071917e-02 -8.134650e-04 9.995276e-01 2.515837e+01
9.998184e-01 5.596435e-03 -1.821623e-02 1.756679e+02 -5.603706e-03 9.999842e-01 -3.481208e-04 -5.459653e+00 1.821399e-02 4.501285e-04 9.998339e-01 2.598398e+01
9.997813e-01 1.163642e-03 -2.087925e-02 1.832306e+02 -1.160712e-03 9.999993e-01 1.524391e-04 -5.687417e+00 2.087940e-02 -1.281785e-04 9.997819e-01 2.601992e+01
9.996577e-01 6.817898e-03 -2.525839e-02 1.916374e+02 -6.829859e-03 9.999766e-01 -3.872923e-04 -5.922847e+00 2.525514e-02 5.596634e-04 9.996808e-01 2.525460e+01
9.998438e-01 7.981909e-04 -1.765670e-02 1.999143e+02 -7.946489e-04 9.999997e-01 2.076480e-04 -6.177113e+00 1.765684e-02 -1.935923e-04 9.998440e-01 2.546633e+01
9.996688e-01 6.503761e-03 -2.490142e-02 2.076839e+02 -6.511454e-03 9.999788e-01 -2.278350e-04 -6.413267e+00 2.489939e-02 3.898962e-04 9.996898e-01 2.556006e+01
9.998915e-01 4.842696e-04 -1.472370e-02 2.154832e+02 -4.861719e-04 9.999999e-01 -1.255561e-04 -6.663203e+00 1.472361e-02 1.326929e-04 9.998915e-01 2.619545e+01
9.996189e-01 7.096993e-03 -2.667827e-02 2.242136e+02 -7.112455e-03 9.999746e-01 -4.846891e-04 -6.953304e+00 2.667413e-02 6.742443e-04 9.996439e-01 2.733264e+01
9.995598e-01 2.045597e-03 -2.959684e-02 2.339660e+02 -2.035793e-03 9.999979e-01 3.614129e-04 -7.253218e+00 2.959748e-02 -3.010089e-04 9.995618e-01 2.758668e+01
9.994889e-01 6.523375e-03 -3.129605e-02 2.430588e+02 -6.528410e-03 9.999787e-01 -5.865128e-05 -7.533670e+00 3.129496e-02 2.629264e-04 9.995101e-01 2.786902e+01
9.994502e-01 1.890397e-03 -3.310249e-02 2.520018e+02 -1.879299e-03 9.999982e-01 3.664512e-04 -7.801294e+00 3.310308e-02 -3.040486e-04 9.994518e-01 2.783196e+01
9.993780e-01 6.480447e-03 -3.466368e-02 2.609558e+02 -6.476956e-03 9.999790e-01 2.130510e-04 -8.071148e+00 3.466428e-02 1.158808e-05 9.993989e-01 2.787988e+01
9.994204e-01 2.026209e-03 -3.398147e-02 2.699571e+02 -2.017407e-03 9.999979e-01 2.933731e-04 -8.350239e+00 3.398194e-02 -2.246571e-04 9.994223e-01 2.822674e+01
9.994273e-01 6.869386e-03 -3.313400e-02 2.793940e+02 -6.866859e-03 9.999764e-01 1.901654e-04 -8.643129e+00 3.313446e-02 3.746107e-05 9.994508e-01 2.859144e+01
9.995366e-01 2.648010e-03 -3.032361e-02 2.893838e+02 -2.650530e-03 9.999965e-01 -4.279372e-05 -8.941106e+00 3.032332e-02 1.231385e-04 9.995400e-01 2.846377e+01
9.997515e-01 6.796332e-03 -2.123018e-02 2.992436e+02 -6.800867e-03 9.999769e-01 -1.412175e-04 -9.221572e+00 2.122866e-02 2.855567e-04 9.997745e-01 2.773759e+01
9.994616e-01 2.641010e-03 -3.270236e-02 3.090556e+02 -2.647459e-03 9.999965e-01 -1.537804e-04 -9.493226e+00 3.270177e-02 2.402662e-04 9.994650e-01 2.670983e+01
9.997813e-01 6.558517e-03 -1.985717e-02 3.186115e+02 -6.559062e-03 9.999785e-01 3.791655e-05 -9.757091e+00 1.985692e-02 9.232625e-05 9.998027e-01 2.567871e+01
9.994405e-01 2.752133e-03 -3.333222e-02 3.282703e+02 -2.763310e-03 9.999961e-01 -2.890983e-04 -1.002770e+01 3.333121e-02 3.810338e-04 9.994442e-01 2.479889e+01
9.998173e-01 6.302718e-03 -1.804409e-02 3.376608e+02 -6.300167e-03 9.999801e-01 1.985204e-04 -1.029072e+01 1.804490e-02 -8.481379e-05 9.998371e-01 2.394138e+01
9.994374e-01 2.810562e-03 -3.342021e-02 3.471067e+02 -2.826947e-03 9.999959e-01 -4.428828e-04 -1.055619e+01 3.341874e-02 5.371001e-04 9.994412e-01 2.311669e+01
