9.992164e-01 -7.429193e-04 3.957276e-02 -8.844167e-03 8.033873e-04 9.999985e-01 -1.512138e-03 -3.660938e-03 -3.957158e-02 1.542746e-03 9.992154e-01 4.358740e-01
9.999804e-01 3.511862e-05 6.254166e-03 -9.282127e-03 -3.379118e-05 1.000000e+00 -2.123514e-04 -8.459122e-03 -6.254165e-03 2.121360e-04 9.999803e-01 9.516296e-01
9.999620e-01 -2.492518e-04 8.714882e-03 3.995804e-02 2.530154e-04 9.999999e-01 -4.307592e-04 -1.984301e-02 -8.714763e-03 4.329479e-04 9.999618e-01 1.547632e+00
9.999136e-01 -7.799631e-05 1.314493e-02 7.641092e-02 8.385380e-05 9.999999e-01 -4.450563e-04 -2.921250e-02 -1.314489e-02 4.461201e-04 9.999134e-01 2.098183e+00
9.998039e-01 -4.897880e-04 1.979572e-02 8.627889e-02 5.071640e-04 9.999995e-01 -8.727506e-04 -3.755024e-02 -1.979527e-02 8.826190e-04 9.998036e-01 2.700672e+00
9.996137e-01 -2.609207e-04 2.779015e-02 6.040135e-02 2.875940e-04 9.999995e-01 -9.558198e-04 -4.330830e-02 -2.778987e-02 9.634426e-04 9.996132e-01 3.308450e+00
9.999981e-01 -1.624164e-04 1.955908e-03 8.198048e-02 1.628469e-04 1.000000e+00 -2.198706e-04 -5.266203e-02 -1.955849e-03 2.201882e-04 9.999980e-01 3.924133e+00
9.999587e-01 1.292467e-05 9.087917e-03 1.467547e-01 -1.008853e-05 1.000000e+00 -3.121159e-04 -6.580874e-02 -9.087897e-03 3.120108e-04 9.999586e-01 4.553108e+00
1.000000e+00 -1.688067e-04 -1.949507e-05 1.981533e-01 1.688033e-04 1.000000e+00 -1.771954e-04 -7.988077e-02 1.955002e-05 1.771915e-04 9.999999e-01 5.234588e+00
9.998309e-01 -5.966228e-05 1.838692e-02 2.543701e-01 7.189979e-05 9.999998e-01 -6.648896e-04 -9.401965e-02 -1.838685e-02 6.660986e-04 9.998306e-01 5.975335e+00
9.997899e-01 1.335078e-04 -2.049560e-02 3.129942e-01 -1.207177e-04 9.999998e-01 6.252682e-04 -1.084257e-01 2.049571e-02 -6.226633e-04 9.997896e-01 6.594966e+00
9.998810e-01 -6.122272e-06 1.542844e-02 3.702905e-01 1.451893e-05 9.999999e-01 -5.441147e-04 -1.212338e-01 -1.542841e-02 5.442734e-04 9.998807e-01 7.138814e+00
9.999272e-01 -4.107908e-05 -1.206340e-02 4.474853e-01 4.435238e-05 1.000000e+00 2.710644e-04 -1.358596e-01 1.206341e-02 -2.715804e-04 9.999271e-01 7.763637e+00
9.997422e-01 -1.013807e-04 2.270426e-02 5.430827e-01 1.198567e-04 9.999997e-01 -8.124052e-04 -1.489386e-01 -2.270414e-02 8.149164e-04 9.997418e-01 8.334512e+00
9.999859e-01 -1.593784e-04 -5.307752e-03 6.298403e-01 1.593662e-04 1.000000e+00 -2.734073e-06 -1.621524e-01 5.307781e-03 1.887360e-06 9.999858e-01 8.969179e+00
9.998464e-01 1.783330e-05 1.752726e-02 7.161795e-01 -7.522017e-06 9.999998e-01 -5.883580e-04 -1.748149e-01 -1.752723e-02 5.881349e-04 9.998461e-01 9.548607e+00
9.999107e-01 -9.618304e-05 -1.336586e-02 8.531974e-01 9.970560e-05 1.000000e+00 2.628706e-04 -1.894970e-01 1.336587e-02 -2.641807e-04 9.999105e-01 1.008621e+01
9.994340e-01 -2.271557e-04 3.363930e-02 1.010517e+00 2.659570e-04 9.999993e-01 -1.148978e-03 -1.991771e-01 -3.363898e-02 1.157274e-03 9.994333e-01 1.045385e+01
9.999203e-01 -1.272922e-04 -1.262756e-02 1.134265e+00 1.312695e-04 9.999999e-01 3.141268e-04 -2.056520e-01 1.262755e-02 -3.157604e-04 9.999201e-01 1.071290e+01
9.994602e-01 -1.952722e-04 3.285327e-02 1.303739e+00 2.335561e-04 9.999993e-01 -1.161460e-03 -2.129149e-01 -3.285298e-02 1.168505e-03 9.994594e-01 1.094190e+01
9.999810e-01 -3.444222e-04 -6.157254e-03 1.423533e+00 3.451218e-04 9.999999e-01 1.125115e-04 -2.155097e-01 6.157254e-03 -1.146357e-04 9.999809e-01 1.104331e+01
9.994392e-01 -1.426023e-04 3.348636e-02 1.535504e+00 1.817141e-04 9.999993e-01 -1.164944e-03 -2.177594e-01 -3.348613e-02 1.170374e-03 9.994384e-01 1.113649e+01
9.997124e-01 -3.320094e-06 -2.398232e-02 1.750043e+00 2.172800e-05 9.999997e-01 7.672856e-04 -2.263246e-01 2.398236e-02 -7.675874e-04 9.997120e-01 1.130649e+01
9.994696e-01 -1.119023e-04 3.256616e-02 1.986422e+00 1.494379e-04 9.999993e-01 -1.150152e-03 -2.352113e-01 -3.256596e-02 1.154407e-03 9.994688e-01 1.144713e+01
9.995353e-01 1.217208e-04 -3.048160e-02 2.177395e+00 -8.948514e-05 9.999994e-01 1.058894e-03 -2.420278e-01 3.048175e-02 -1.055676e-03 9.995347e-01 1.150907e+01
9.995674e-01 -1.078204e-04 2.941141e-02 2.411711e+00 1.384800e-04 9.999994e-01 -1.040393e-03 -2.526569e-01 -2.941124e-02 1.044014e-03 9.995668e-01 1.171597e+01
9.996264e-01 8.130041e-05 -2.733078e-02 2.679680e+00 -5.587180e-05 9.999996e-01 9.311500e-04 -2.634495e-01 2.733089e-02 -9.292766e-04 9.996259e-01 1.189957e+01
9.996954e-01 -1.877662e-05 2.467828e-02 2.949755e+00 3.899140e-05 9.999997e-01 -8.186391e-04 -2.721580e-01 -2.467821e-02 8.193506e-04 9.996950e-01 1.200008e+01
9.998511e-01 -9.585394e-05 -1.725572e-02 3.215363e+00 1.044120e-04 9.999999e-01 4.950341e-04 -2.803366e-01 1.725572e-02 -4.967635e-04 9.998509e-01 1.205442e+01
9.997392e-01 4.632143e-05 2.283888e-02 3.423377e+00 -2.834384e-05 9.999997e-01 -7.874566e-04 -2.876439e-01 -2.283887e-02 7.866023e-04 9.997388e-01 1.211912e+01
9.998107e-01 -4.411409e-05 -1.945528e-02 3.674399e+00 5.519264e-05 9.999998e-01 5.688793e-04 -2.969781e-01 1.945530e-02 -5.698469e-04 9.998105e-01 1.221436e+01
9.997246e-01 2.357178e-07 2.346800e-02 3.929118e+00 1.771512e-05 9.999997e-01 -7.646842e-04 -3.078934e-01 -2.346795e-02 7.648878e-04 9.997242e-01 1.242450e+01
9.998669e-01 -7.674818e-05 -1.631366e-02 4.077058e+00 8.498965e-05 9.999999e-01 5.044699e-04 -3.110811e-01 1.631366e-02 -5.057908e-04 9.998667e-01 1.238152e+01
9.996761e-01 4.757145e-05 2.544778e-02 4.127359e+00 -2.706205e-05 9.999997e-01 -8.062698e-04 -3.072462e-01 -2.544776e-02 8.053185e-04 9.996757e-01 1.207575e+01
9.997530e-01 7.909475e-06 -2.222403e-02 4.290669e+00 6.561988e-06 9.999998e-01 6.510695e-04 -3.099516e-01 2.222407e-02 -6.510562e-04 9.997527e-01 1.192138e+01
9.997786e-01 6.177630e-05 2.104117e-02 4.388042e+00 -5.057409e-05 9.999999e-01 -5.329082e-04 -3.107817e-01 -2.104115e-02 5.317245e-04 9.997784e-01 1.176828e+01
9.997548e-01 8.397964e-05 -2.214094e-02 4.368782e+00 -6.766850e-05 9.999997e-01 7.374243e-04 -3.045891e-01 2.214104e-02 -7.357468e-04 9.997545e-01 1.139821e+01
9.997739e-01 1.278990e-04 2.126372e-02 4.241256e+00 -1.177214e-04 9.999999e-01 -4.798711e-04 -2.925812e-01 -2.126373e-02 4.772578e-04 9.997737e-01 1.083927e+01
9.997619e-01 1.463003e-04 -2.181983e-02 3.968210e+00 -1.289652e-04 9.999997e-01 7.958515e-04 -2.728722e-01 2.181998e-02 -7.928495e-04 9.997615e-01 1.003260e+01
9.997745e-01 8.710985e-05 2.123498e-02 3.720342e+00 -7.702719e-05 9.999999e-01 -4.756144e-04 -2.550113e-01 -2.123497e-02 4.738700e-04 9.997743e-01 9.293275e+00
9.997649e-01 5.338616e-05 -2.168292e-02 3.556471e+00 -3.776006e-05 9.999997e-01 7.210538e-04 -2.435663e-01 2.168300e-02 -7.200670e-04 9.997645e-01 8.812819e+00
9.997689e-01 7.740560e-05 2.149505e-02 3.467542e+00 -6.638304e-05 9.999999e-01 -5.134925e-04 -2.357189e-01 -2.149504e-02 5.119455e-04 9.997687e-01 8.426208e+00
9.997780e-01 2.761079e-05 -2.106781e-02 3.378429e+00 -1.386834e-05 9.999998e-01 6.524229e-04 -2.281583e-01 2.106787e-02 -6.519873e-04 9.997777e-01 8.048065e+00
9.999133e-01 3.454181e-04 1.316506e-02 3.337875e+00 -3.440358e-04 9.999999e-01 -1.072395e-04 -2.195514e-01 -1.316505e-02 1.026996e-04 9.999132e-01 7.600994e+00
9.997321e-01 9.271254e-05 -2.314619e-02 3.363278e+00 -7.766102e-05 9.999998e-01 6.511638e-04 -2.146524e-01 2.314629e-02 -6.491931e-04 9.997318e-01 7.291272e+00
9.997595e-01 6.556491e-06 2.193078e-02 3.339638e+00 3.919064e-06 9.999999e-01 -4.776080e-04 -2.132759e-01 -2.193073e-02 4.775778e-04 9.997593e-01 7.169483e+00
9.997339e-01 1.369279e-04 -2.306909e-02 3.272061e+00 -1.211464e-04 9.999998e-01 6.854785e-04 -2.068154e-01 2.306923e-02 -6.825026e-04 9.997335e-01 6.831324e+00
9.997324e-01 1.120113e-05 2.313433e-02 3.188522e+00 1.120729e-07 9.999999e-01 -4.890088e-04 -1.986092e-01 -2.313429e-02 4.888793e-04 9.997322e-01 6.414859e+00
9.997421e-01 1.236498e-04 -2.271000e-02 3.118211e+00 -1.089830e-04 9.999998e-01 6.470493e-04 -1.911918e-01 2.271012e-02 -6.444086e-04 9.997418e-01 6.030633e+00
9.997595e-01 4.872012e-08 2.193039e-02 3.087957e+00 1.020563e-05 9.999999e-01 -4.674619e-04 -1.856852e-01 -2.193034e-02 4.675721e-04 9.997593e-01 5.708455e+00
9.997556e-01 1.644092e-04 -2.210859e-02 3.010188e+00 -1.500291e-04 9.999998e-01 6.520744e-04 -1.762693e-01 2.210873e-02 -6.485993e-04 9.997553e-01 5.225950e+00
9.997667e-01 2.717519e-05 2.159713e-02 2.860162e+00 -1.856694e-05 9.999999e-01 -3.987710e-04 -1.642084e-01 -2.159709e-02 3.982758e-04 9.997666e-01 4.699501e+00
9.997602e-01 3.308764e-05 -2.189815e-02 2.880928e+00 -2.187973e-05 9.999999e-01 5.120452e-04 -1.619257e-01 2.189821e-02 -5.114445e-04 9.997600e-01 4.484543e+00
9.997680e-01 3.662745e-05 2.154139e-02 2.926045e+00 -2.816337e-05 9.999999e-01 -3.932125e-04 -1.595612e-01 -2.154135e-02 3.925135e-04 9.997678e-01 4.231900e+00
9.995601e-01 1.528279e-04 -2.965875e-02 3.205457e+00 -1.278524e-04 9.999996e-01 8.439797e-04 -1.656589e-01 2.965891e-02 -8.398176e-04 9.995596e-01 4.183664e+00
9.999829e-01 5.442074e-04 5.813571e-03 3.556265e+00 -5.440550e-04 9.999999e-01 -2.775634e-05 -1.728466e-01 -5.813544e-03 2.459197e-05 9.999830e-01 4.180376e+00
9.998888e-01 -3.137401e-04 -1.490857e-02 3.776076e+00 3.206699e-04 9.999998e-01 4.624149e-04 -1.774854e-01 1.490846e-02 -4.671452e-04 9.998887e-01 4.125270e+00
9.999146e-01 3.505025e-04 1.306288e-02 3.882253e+00 -3.452043e-04 9.999999e-01 -4.078324e-04 -1.869498e-01 -1.306298e-02 4.032872e-04 9.999145e-01 4.419013e+00
9.998885e-01 -2.684467e-04 -1.492701e-02 3.918036e+00 2.770961e-04 9.999998e-01 5.773609e-04 -1.879940e-01 1.492690e-02 -5.814337e-04 9.998883e-01 4.374334e+00
9.999069e-01 3.961537e-04 1.364127e-02 3.856036e+00 -3.913261e-04 9.999999e-01 -3.565537e-04 -1.820533e-01 -1.364137e-02 3.511814e-04 9.999068e-01 4.074623e+00
9.998940e-01 -3.012460e-04 -1.455881e-02 3.833906e+00 3.090378e-04 9.999998e-01 5.329333e-04 -1.779519e-01 1.455869e-02 -5.373769e-04 9.998938e-01 3.814575e+00
9.998821e-01 3.659700e-04 1.534986e-02 3.885088e+00 -3.581975e-04 9.999998e-01 -5.090897e-04 -1.777701e-01 -1.535001e-02 5.035306e-04 9.998820e-01 3.653507e+00
9.999087e-01 -3.459010e-04 -1.350969e-02 3.960714e+00 3.519569e-04 9.999998e-01 4.458777e-04 -1.799997e-01 1.350958e-02 -4.505927e-04 9.999085e-01 3.603535e+00
9.999195e-01 3.965717e-04 1.267827e-02 4.020006e+00 -3.921855e-04 9.999999e-01 -3.484306e-04 -1.827091e-01 -1.267836e-02 3.434295e-04 9.999195e-01 3.599549e+00
9.999309e-01 -2.780225e-04 -1.174791e-02 3.919667e+00 2.837932e-04 9.999998e-01 4.895299e-04 -1.732056e-01 1.174781e-02 -4.928310e-04 9.999308e-01 3.134600e+00
9.999181e-01 5.115685e-04 1.278633e-02 3.718086e+00 -5.080865e-04 9.999998e-01 -2.755556e-04 -1.551869e-01 -1.278643e-02 2.690356e-04 9.999181e-01 2.323882e+00
9.999181e-01 -2.316451e-04 -1.279460e-02 3.480132e+00 2.390444e-04 9.999998e-01 5.767717e-04 -1.358536e-01 1.279451e-02 -5.797837e-04 9.999179e-01 1.481189e+00
9.999708e-01 1.103728e-03 -7.564120e-03 3.506269e+00 -1.101239e-03 9.999993e-01 3.331003e-04 -1.287146e-01 7.564521e-03 -3.247613e-04 9.999712e-01 1.106623e+00
9.999799e-01 -9.774714e-04 6.268598e-03 3.535964e+00 9.784796e-04 9.999995e-01 -1.577381e-04 -1.277197e-01 -6.268402e-03 1.638679e-04 9.999802e-01 9.194909e-01
9.997791e-01 1.330898e-03 -2.097408e-02 3.813355e+00 -1.316096e-03 9.999989e-01 7.194988e-04 -1.372073e-01 2.097505e-02 -6.917365e-04 9.997797e-01 1.067111e+00
9.997571e-01 -1.287128e-03 2.200004e-02 3.855960e+00 1.302689e-03 9.999989e-01 -6.929602e-04 -1.361901e-01 -2.199909e-02 7.214504e-04 9.997576e-01 8.684205e-01
9.998207e-01 1.374450e-03 -1.888326e-02 3.685703e+00 -1.359604e-03 9.999988e-01 7.989931e-04 -1.235395e-01 1.888437e-02 -7.731767e-04 9.998213e-01 3.450081e-01
9.997873e-01 -1.247581e-03 2.058750e-02 3.472560e+00 1.260094e-03 9.999990e-01 -5.948507e-04 -1.092573e-01 -2.058670e-02 6.206658e-04 9.997878e-01 -2.119667e-01
9.997466e-01 1.467250e-03 -2.246252e-02 3.277709e+00 -1.447055e-03 9.999985e-01 9.152987e-04 -9.746891e-02 2.246387e-02 -8.825628e-04 9.997472e-01 -6.597390e-01
9.997769e-01 -1.327123e-03 2.107849e-02 3.167846e+00 1.340781e-03 9.999989e-01 -6.338450e-04 -8.996536e-02 -2.107758e-02 6.619646e-04 9.997775e-01 -9.776870e-01
9.997604e-01 1.353124e-03 -2.184868e-02 3.158213e+00 -1.337047e-03 9.999988e-01 7.504241e-04 -9.250101e-02 2.184971e-02 -7.210321e-04 9.997609e-01 -8.933398e-01
9.997680e-01 -1.231870e-03 2.150323e-02 2.971842e+00 1.242559e-03 9.999991e-01 -4.837294e-04 -8.098807e-02 -2.150258e-02 5.103357e-04 9.997686e-01 -1.334692e+00
9.997868e-01 1.476308e-03 -2.059423e-02 2.595248e+00 -1.459649e-03 9.999986e-01 8.239111e-04 -5.690591e-02 2.059546e-02 -7.936755e-04 9.997875e-01 -2.249046e+00
9.997743e-01 -1.399646e-03 2.119636e-02 2.461157e+00 1.412661e-03 9.999988e-01 -5.990327e-04 -4.816475e-02 -2.119546e-02 6.288404e-04 9.997751e-01 -2.609322e+00
9.997673e-01 1.395914e-03 -2.152818e-02 2.537508e+00 -1.383739e-03 9.999989e-01 5.804194e-04 -5.852372e-02 2.152900e-02 -5.504954e-04 9.997680e-01 -2.219883e+00
9.997672e-01 -1.324026e-03 2.153643e-02 2.523172e+00 1.333452e-03 9.999990e-01 -4.233250e-04 -5.495602e-02 -2.153581e-02 4.519438e-04 9.997679e-01 -2.463100e+00
9.998054e-01 1.546514e-03 -1.966880e-02 2.312008e+00 -1.534100e-03 9.999986e-01 6.461711e-04 -3.691494e-02 1.966981e-02 -6.158718e-04 9.998062e-01 -3.253548e+00
9.997731e-01 -1.304785e-03 2.126146e-02 2.042245e+00 1.312791e-03 9.999991e-01 -3.626224e-04 -1.609641e-02 -2.126093e-02 3.904516e-04 9.997738e-01 -4.124740e+00
9.998223e-01 1.494176e-03 -1.878972e-02 1.789736e+00 -1.483631e-03 9.999987e-01 5.751203e-04 3.293465e-03 1.879060e-02 -5.471415e-04 9.998232e-01 -4.931939e+00
9.998101e-01 -1.311378e-03 1.944410e-02 1.586306e+00 1.317629e-03 9.999991e-01 -3.086688e-04 1.862136e-02 -1.944364e-02 3.342299e-04 9.998108e-01 -5.575743e+00
9.997776e-01 1.440128e-03 -2.103735e-02 1.552666e+00 -1.428437e-03 9.999988e-01 5.707432e-04 2.307941e-02 2.103819e-02 -5.405661e-04 9.997784e-01 -5.830841e+00
9.997969e-01 -1.324123e-03 2.010817e-02 1.470694e+00 1.331110e-03 9.999991e-01 -3.341253e-04 2.972723e-02 -2.010767e-02 3.608233e-04 9.997977e-01 -6.153930e+00
9.997755e-01 1.547231e-03 -2.113385e-02 1.319377e+00 -1.533860e-03 9.999986e-01 6.489053e-04 4.244626e-02 2.113486e-02 -6.163435e-04 9.997763e-01 -6.727022e+00
9.998010e-01 -1.363587e-03 1.990049e-02 1.216323e+00 1.371012e-03 9.999990e-01 -3.594736e-04 5.185435e-02 -1.989994e-02 3.866856e-04 9.998018e-01 -7.174876e+00
9.997819e-01 1.560259e-03 -2.082504e-02 1.077780e+00 -1.546919e-03 9.999986e-01 6.566436e-04 6.311948e-02 2.082608e-02 -6.242859e-04 9.997828e-01 -7.680684e+00
9.997921e-01 -1.373342e-03 2.034414e-02 9.005323e-01 1.380904e-03 9.999990e-01 -3.576709e-04 7.630749e-02 -2.034359e-02 3.856897e-04 9.997929e-01 -8.240520e+00
9.997607e-01 1.685029e-03 -2.180933e-02 6.896456e-01 -1.669953e-03 9.999984e-01 7.094439e-04 9.302371e-02 2.181052e-02 -6.728537e-04 9.997618e-01 -8.959522e+00
9.997860e-01 -1.385552e-03 2.064265e-02 4.660420e-01 1.392876e-03 9.999990e-01 -3.403984e-04 1.107906e-01 -2.064212e-02 3.690781e-04 9.997868e-01 -9.722884e+00
9.997696e-01 1.605535e-03 -2.140369e-02 2.943307e-01 -1.591914e-03 9.999985e-01 6.534087e-04 1.243735e-01 2.140475e-02 -6.191854e-04 9.997706e-01 -1.031455e+01
9.997702e-01 -1.395718e-03 2.139324e-02 9.318137e-02 1.403630e-03 9.999990e-01 -3.548053e-04 1.397378e-01 -2.139268e-02 3.847519e-04 9.997710e-01 -1.096520e+01
9.997920e-01 1.686650e-03 -2.032405e-02 -2.230067e-01 -1.673120e-03 9.999984e-01 6.827191e-04 1.630565e-01 2.032520e-02 -6.485725e-04 9.997931e-01 -1.191654e+01
9.997812e-01 -1.601988e-03 2.085781e-02 -3.115844e-01 1.612145e-03 9.999986e-01 -4.701851e-04 1.701602e-01 -2.085699e-02 5.037080e-04 9.997822e-01 -1.224515e+01
9.998279e-01 1.561283e-03 -1.848329e-02 -2.709203e-01 -1.554570e-03 9.999987e-01 3.775697e-04 1.640660e-01 1.848389e-02 -3.487711e-04 9.998290e-01 -1.202365e+01
9.997948e-01 -1.576884e-03 2.019626e-02 -2.605962e-01 1.584663e-03 9.999987e-01 -3.691786e-04 1.604314e-01 -2.019561e-02 4.011071e-04 9.997959e-01 -1.190138e+01
9.998699e-01 1.518451e-03 -1.605587e-02 -1.589183e-01 -1.516596e-03 9.999988e-01 1.277268e-04 1.497317e-01 1.605609e-02 -1.033599e-04 9.998710e-01 -1.151298e+01
9.998592e-01 -1.537863e-03 1.671041e-02 -8.535101e-02 1.543265e-03 9.999988e-01 -3.103972e-04 1.343413e-01 -1.670987e-02 3.361420e-04 9.998602e-01 -1.087171e+01
9.998409e-01 1.551013e-03 -1.777065e-02 -2.123652e-02 -1.548283e-03 9.999988e-01 1.673905e-04 1.171863e-01 1.777092e-02 -1.398499e-04 9.998420e-01 -1.013895e+01
9.998660e-01 -1.528148e-03 1.630116e-02 4.073320e-02 1.533008e-03 9.999988e-01 -2.856164e-04 1.003405e-01 -1.630066e-02 3.105678e-04 9.998670e-01 -9.420526e+00
9.998671e-01 1.497316e-03 -1.623484e-02 1.178020e-01 -1.495855e-03 9.999989e-01 1.021529e-04 8.418078e-02 1.623501e-02 -7.785443e-05 9.998681e-01 -8.756949e+00
9.998738e-01 -1.482225e-03 1.582006e-02 2.084299e-01 1.485897e-03 9.999989e-01 -2.203455e-04 6.938207e-02 -1.581968e-02 2.438245e-04 9.998747e-01 -8.187851e+00
9.998753e-01 1.472019e-03 -1.572373e-02 3.026776e-01 -1.472237e-03 9.999989e-01 -2.302761e-06 5.077551e-02 1.572374e-02 2.545142e-05 9.998763e-01 -7.440369e+00
9.998543e-01 -1.501032e-03 1.700432e-02 3.864636e-01 1.507525e-03 9.999988e-01 -3.690056e-04 2.875002e-02 -1.700370e-02 3.945860e-04 9.998553e-01 -6.506766e+00
9.998542e-01 1.478832e-03 -1.701057e-02 4.584796e-01 -1.474709e-03 9.999989e-01 2.549516e-04 1.580439e-02 1.701096e-02 -2.298289e-04 9.998552e-01 -5.993114e+00
9.998699e-01 -1.450717e-03 1.606537e-02 5.280669e-01 1.455528e-03 9.999989e-01 -2.877448e-04 4.202515e-03 -1.606490e-02 3.110907e-04 9.998708e-01 -5.549436e+00
9.998683e-01 1.434734e-03 -1.616416e-02 6.070437e-01 -1.432663e-03 9.999990e-01 1.397142e-04 -1.142406e-02 1.616438e-02 -1.165381e-04 9.998692e-01 -4.916537e+00
9.998819e-01 -1.353229e-03 1.530847e-02 6.756022e-01 1.354758e-03 9.999991e-01 -8.951801e-05 -1.792229e-02 -1.530829e-02 1.102465e-04 9.998827e-01 -4.741501e+00
9.999178e-01 1.390270e-03 -1.274357e-02 8.130589e-01 -1.391485e-03 9.999990e-01 -8.648553e-05 -2.849601e-02 1.274347e-02 1.042107e-04 9.999187e-01 -4.476193e+00
9.998368e-01 -1.404166e-03 1.800871e-02 9.874925e-01 1.410935e-03 9.999989e-01 -3.631511e-04 -4.470268e-02 -1.800814e-02 3.885007e-04 9.998377e-01 -3.961241e+00
9.998479e-01 1.387974e-03 -1.738531e-02 1.076396e+00 -1.384709e-03 9.999990e-01 1.998444e-04 -5.979711e-02 1.738561e-02 -1.757407e-04 9.998487e-01 -3.363741e+00
9.998569e-01 -1.344464e-03 1.686417e-02 1.158706e+00 1.348834e-03 9.999991e-01 -2.477309e-04 -7.089402e-02 -1.686378e-02 2.704421e-04 9.998577e-01 -2.971931e+00
9.998250e-01 1.440060e-03 -1.865437e-02 1.178153e+00 -1.432740e-03 9.999989e-01 4.057506e-04 -7.422803e-02 1.865497e-02 -3.789529e-04 9.998258e-01 -2.887313e+00
9.998537e-01 -1.433200e-03 1.704622e-02 1.236065e+00 1.440126e-03 9.999989e-01 -3.940403e-04 -8.549569e-02 -1.704560e-02 4.185311e-04 9.998545e-01 -2.425243e+00
9.998275e-01 1.441467e-03 -1.851510e-02 1.312672e+00 -1.434968e-03 9.999989e-01 3.643059e-04 -9.873645e-02 1.851564e-02 -3.376748e-04 9.998284e-01 -1.905324e+00
9.998545e-01 -1.434809e-03 1.699985e-02 1.378037e+00 1.442432e-03 9.999989e-01 -4.361706e-04 -1.132514e-01 -1.699917e-02 4.606279e-04 9.998553e-01 -1.308815e+00
9.998397e-01 1.486629e-03 -1.784221e-02 1.479544e+00 -1.480200e-03 9.999988e-01 3.735759e-04 -1.266253e-01 1.784278e-02 -3.471063e-04 9.998406e-01 -8.307953e-01
9.998588e-01 -1.409218e-03 1.674320e-02 1.569931e+00 1.415820e-03 9.999989e-01 -3.824757e-04 -1.382768e-01 -1.674261e-02 4.061267e-04 9.998597e-01 -4.329939e-01
9.998430e-01 1.463319e-03 -1.765837e-02 1.652954e+00 -1.457171e-03 9.999989e-01 3.610353e-04 -1.494238e-01 1.765891e-02 -3.352476e-04 9.998439e-01 -3.913376e-02
9.998518e-01 -1.406710e-03 1.715586e-02 1.758232e+00 1.412589e-03 9.999989e-01 -3.305312e-04 -1.577817e-01 -1.715534e-02 3.547161e-04 9.998527e-01 1.810650e-01
9.998386e-01 1.545730e-03 -1.789801e-02 1.738438e+00 -1.536385e-03 9.999987e-01 5.358615e-04 -1.530108e-01 1.789885e-02 -5.082770e-04 9.998396e-01 -1.332132e-01
9.998511e-01 -1.405560e-03 1.719634e-02 1.725392e+00 1.411308e-03 9.999990e-01 -3.221439e-04 -1.494759e-01 -1.719583e-02 3.463650e-04 9.998520e-01 -3.867137e-01
9.998377e-01 1.475639e-03 -1.795558e-02 1.805154e+00 -1.469015e-03 9.999988e-01 3.821136e-04 -1.565765e-01 1.795616e-02 -3.556748e-04 9.998386e-01 -1.990936e-01
9.998501e-01 -1.368406e-03 1.725997e-02 1.832416e+00 1.372493e-03 9.999990e-01 -2.249815e-04 -1.558368e-01 -1.725961e-02 2.486367e-04 9.998509e-01 -3.601812e-01
9.998328e-01 1.541224e-03 -1.822091e-02 1.824933e+00 -1.533842e-03 9.999987e-01 4.190980e-04 -1.534709e-01 1.822157e-02 -3.910801e-04 9.998338e-01 -5.798793e-01
9.998539e-01 -1.397196e-03 1.703603e-02 1.786287e+00 1.400415e-03 9.999990e-01 -1.769879e-04 -1.479111e-01 -1.703573e-02 2.008194e-04 9.998548e-01 -9.116263e-01
9.998508e-01 1.584860e-03 -1.720323e-02 1.590697e+00 -1.577048e-03 9.999986e-01 4.676343e-04 -1.337644e-01 1.720398e-02 -4.404344e-04 9.998518e-01 -1.500810e+00
9.998305e-01 -1.376290e-03 1.836016e-02 1.389724e+00 1.380381e-03 9.999990e-01 -2.101268e-04 -1.169117e-01 -1.835982e-02 2.354351e-04 9.998313e-01 -2.240202e+00
9.998572e-01 1.538585e-03 -1.683047e-02 1.250689e+00 -1.531994e-03 9.999987e-01 4.045065e-04 -1.045815e-01 1.683110e-02 -3.786647e-04 9.998582e-01 -2.802378e+00
9.998479e-01 -1.373629e-03 1.738815e-02 1.214179e+00 1.377900e-03 9.999990e-01 -2.336204e-04 -9.561961e-02 -1.738777e-02 2.575439e-04 9.998487e-01 -3.323368e+00
9.998453e-01 1.489291e-03 -1.752317e-02 1.309146e+00 -1.483859e-03 9.999988e-01 3.229893e-04 -9.443467e-02 1.752367e-02 -2.969375e-04 9.998463e-01 -3.602939e+00
9.998309e-01 -1.394021e-03 1.833397e-02 1.237870e+00 1.397195e-03 9.999990e-01 -1.603261e-04 -8.758299e-02 -1.833369e-02 1.859150e-04 9.998318e-01 -3.951602e+00
9.998460e-01 1.489629e-03 -1.748524e-02 1.125055e+00 -1.483714e-03 9.999988e-01 3.512698e-04 -7.878715e-02 1.748578e-02 -3.252727e-04 9.998470e-01 -4.347396e+00
9.998451e-01 -1.341935e-03 1.754757e-02 9.420036e-01 1.343569e-03 9.999991e-01 -8.135217e-05 -6.586256e-02 -1.754741e-02 1.049159e-04 9.998459e-01 -4.880832e+00
9.998277e-01 1.520236e-03 -1.850135e-02 7.781127e-01 -1.513490e-03 9.999988e-01 3.785777e-04 -5.384569e-02 1.850194e-02 -3.505109e-04 9.998287e-01 -5.390975e+00
9.998358e-01 -1.444575e-03 1.806121e-02 7.520369e-01 1.449046e-03 9.999989e-01 -2.344408e-04 -5.388956e-02 -1.806081e-02 2.605738e-04 9.998368e-01 -5.445995e+00
9.998336e-01 1.432336e-03 -1.818702e-02 8.690528e-01 -1.430938e-03 9.999990e-01 8.991199e-05 -7.046244e-02 1.818717e-02 -6.387252e-05 9.998345e-01 -4.827528e+00
9.998529e-01 -1.220027e-03 1.710955e-02 7.921975e-01 1.218246e-03 9.999993e-01 1.144918e-04 -6.174437e-02 -1.710964e-02 -9.363131e-05 9.998535e-01 -5.302746e+00
9.998304e-01 1.441645e-03 -1.835777e-02 6.234220e-01 -1.438017e-03 9.999989e-01 2.108286e-04 -4.860360e-02 1.835809e-02 -1.843940e-04 9.998314e-01 -5.875158e+00
9.998400e-01 -1.452076e-03 1.783101e-02 6.979508e-01 1.458084e-03 9.999989e-01 -3.239542e-04 -6.324369e-02 -1.783049e-02 3.499015e-04 9.998409e-01 -5.276321e+00
9.999104e-01 1.370674e-03 -1.331545e-02 7.971222e-01 -1.369323e-03 9.999991e-01 1.105200e-04 -6.835421e-02 1.331563e-02 -9.227689e-05 9.999112e-01 -5.192812e+00
9.998592e-01 -1.392641e-03 1.672230e-02 7.752865e-01 1.394647e-03 9.999990e-01 -1.083051e-04 -6.513797e-02 -1.672209e-02 1.316116e-04 9.998601e-01 -5.373475e+00
9.998456e-01 1.371639e-03 -1.751794e-02 8.440238e-01 -1.370059e-03 9.999991e-01 1.021988e-04 -7.551103e-02 1.751810e-02 -7.818236e-05 9.998464e-01 -4.968493e+00
9.995592e-01 -1.458013e-03 2.965218e-02 1.065123e+00 1.489750e-03 9.999983e-01 -1.048243e-03 -1.009489e-01 -2.965057e-02 1.091955e-03 9.995596e-01 -3.998393e+00
9.999374e-01 1.182728e-03 -1.112880e-02 1.299754e+00 -1.185520e-03 9.999993e-01 -2.443639e-04 -1.297368e-01 1.112854e-02 2.575418e-04 9.999379e-01 -2.874515e+00
9.999406e-01 -1.205956e-03 1.083298e-02 1.372617e+00 1.203741e-03 9.999993e-01 2.109489e-04 -1.399458e-01 -1.083319e-02 -1.978965e-04 9.999412e-01 -2.483468e+00
9.999657e-01 1.152113e-03 -8.201420e-03 1.307412e+00 -1.153789e-03 9.999993e-01 -1.996180e-04 -1.354316e-01 8.201225e-03 2.090736e-04 9.999663e-01 -2.693329e+00
9.999536e-01 -1.085496e-03 9.567504e-03 1.138849e+00 1.081924e-03 9.999993e-01 3.785133e-04 -1.245039e-01 -9.567867e-03 -3.681447e-04 9.999541e-01 -3.125644e+00
9.999564e-01 1.055708e-03 -9.280088e-03 1.249682e+00 -1.060035e-03 9.999993e-01 -4.614077e-04 -1.357098e-01 9.279636e-03 4.712245e-04 9.999567e-01 -2.742779e+00
9.999542e-01 -1.086831e-03 9.507772e-03 1.327363e+00 1.084582e-03 9.999994e-01 2.416841e-04 -1.524103e-01 -9.507988e-03 -2.313613e-04 9.999547e-01 -2.049787e+00
9.999700e-01 1.005900e-03 -7.680461e-03 1.386131e+00 -1.009133e-03 9.999994e-01 -4.170985e-04 -1.628375e-01 7.680078e-03 4.248363e-04 9.999703e-01 -1.629169e+00
9.999658e-01 -9.221473e-04 8.217633e-03 1.279861e+00 9.171855e-04 9.999994e-01 6.075542e-04 -1.544728e-01 -8.218147e-03 -5.999966e-04 9.999660e-01 -2.007030e+00
9.999696e-01 9.625137e-04 -7.736644e-03 1.250818e+00 -9.663644e-04 9.999994e-01 -4.940117e-04 -1.522247e-01 7.736205e-03 5.014729e-04 9.999699e-01 -2.162987e+00
9.999624e-01 -9.592426e-04 8.621952e-03 1.338454e+00 9.557869e-04 9.999995e-01 4.049258e-04 -1.622652e-01 -8.622294e-03 -3.966701e-04 9.999627e-01 -1.814414e+00
9.999544e-01 1.063475e-03 -9.490430e-03 1.280579e+00 -1.065450e-03 9.999994e-01 -2.030385e-04 -1.569304e-01 9.490250e-03 2.131406e-04 9.999548e-01 -2.091957e+00
9.999521e-01 -9.481143e-04 9.744395e-03 1.179944e+00 9.441978e-04 9.999995e-01 4.065302e-04 -1.484013e-01 -9.744734e-03 -3.973104e-04 9.999523e-01 -2.490086e+00
9.999460e-01 1.029307e-03 -1.034202e-02 1.143879e+00 -1.031796e-03 9.999994e-01 -2.353087e-04 -1.446846e-01 1.034181e-02 2.459666e-04 9.999464e-01 -2.711272e+00
9.999610e-01 -9.624112e-04 8.774076e-03 1.096785e+00 9.584928e-04 9.999994e-01 4.507843e-04 -1.420135e-01 -8.774464e-03 -4.423571e-04 9.999613e-01 -2.860237e+00
9.999566e-01 9.843516e-04 -9.259446e-03 1.193489e+00 -9.886745e-04 9.999994e-01 -4.623048e-04 -1.513008e-01 9.259026e-03 4.714392e-04 9.999569e-01 -2.576057e+00
9.999605e-01 -8.868519e-04 8.846856e-03 1.131062e+00 8.810275e-04 9.999994e-01 6.622438e-04 -1.453442e-01 -8.847397e-03 -6.544235e-04 9.999606e-01 -2.888621e+00
9.999586e-01 9.491309e-04 -9.048157e-03 1.157488e+00 -9.541639e-04 9.999994e-01 -5.519482e-04 -1.458015e-01 9.047668e-03 5.605587e-04 9.999588e-01 -2.981964e+00
9.999553e-01 -9.743106e-04 9.408914e-03 1.323000e+00 9.705332e-04 9.999994e-01 4.060304e-04 -1.593967e-01 -9.409263e-03 -3.968808e-04 9.999556e-01 -2.570082e+00
9.999563e-01 9.315797e-04 -9.301293e-03 1.424464e+00 -9.365622e-04 9.999994e-01 -5.313322e-04 -1.729169e-01 9.300833e-03 5.400201e-04 9.999565e-01 -2.068966e+00
9.999647e-01 -9.484022e-04 8.345417e-03 1.515151e+00 9.446033e-04 9.999994e-01 4.591439e-04 -1.863634e-01 -8.345807e-03 -4.512448e-04 9.999650e-01 -1.557601e+00
9.999480e-01 9.348004e-04 -1.015227e-02 1.622156e+00 -9.394697e-04 9.999995e-01 -4.551759e-04 -1.994000e-01 1.015188e-02 4.646898e-04 9.999483e-01 -1.088384e+00
9.999640e-01 -8.789332e-04 8.444128e-03 1.719152e+00 8.742740e-04 9.999995e-01 5.554546e-04 -2.059861e-01 -8.444571e-03 -5.480523e-04 9.999641e-01 -9.317469e-01
9.999244e-01 9.632267e-04 -1.226031e-02 1.801605e+00 -9.673851e-04 9.999995e-01 -3.332500e-04 -2.123534e-01 1.226002e-02 3.450851e-04 9.999247e-01 -7.362662e-01
9.999809e-01 -3.565618e-04 -6.162195e-03 1.860628e+00 3.625118e-04 9.999995e-01 9.644672e-04 -2.171273e-01 6.161886e-03 -9.666828e-04 9.999805e-01 -5.077154e-01
9.998183e-01 1.245948e-03 -1.901970e-02 1.928007e+00 -1.248449e-03 9.999992e-01 -1.196589e-04 -2.205012e-01 1.901957e-02 1.433823e-04 9.998190e-01 -3.235222e-01
9.999959e-01 -4.920776e-04 -2.808717e-03 2.002111e+00 4.946631e-04 9.999995e-01 9.199300e-04 -2.225058e-01 2.808297e-03 -9.213156e-04 9.999955e-01 -2.318976e-01
9.998376e-01 1.268187e-03 -1.797853e-02 2.041555e+00 -1.270813e-03 9.999992e-01 -1.346103e-04 -2.216782e-01 1.797837e-02 1.574360e-04 9.998383e-01 -2.534733e-01
9.999979e-01 -8.001635e-04 1.889798e-03 2.153148e+00 7.988014e-04 9.999994e-01 7.213853e-04 -2.281189e-01 -1.890343e-03 -7.198739e-04 9.999979e-01 -1.995132e-02
9.999815e-01 8.799307e-04 -6.015222e-03 2.223900e+00 -8.833996e-04 9.999994e-01 -5.740495e-04 -2.362827e-01 6.014744e-03 5.793530e-04 9.999816e-01 2.809697e-01
9.999778e-01 -9.133591e-04 6.594562e-03 2.293727e+00 9.104413e-04 9.999995e-01 4.454411e-04 -2.484571e-01 -6.594935e-03 -4.394270e-04 9.999781e-01 7.765195e-01
9.999850e-01 8.532079e-04 -5.414368e-03 2.372207e+00 -8.566323e-04 9.999994e-01 -6.301618e-04 -2.616860e-01 5.413857e-03 6.347907e-04 9.999850e-01 1.307035e+00
9.999855e-01 -8.764991e-04 5.304798e-03 2.443040e+00 8.737352e-04 9.999995e-01 5.232998e-04 -2.745182e-01 -5.305223e-03 -5.186571e-04 9.999857e-01 1.822306e+00
9.999727e-01 8.801762e-04 -7.333299e-03 2.506953e+00 -8.838921e-04 9.999995e-01 -5.034867e-04 -2.855325e-01 7.332882e-03 5.099551e-04 9.999729e-01 2.253263e+00
9.999908e-01 -8.629554e-04 4.196632e-03 2.546335e+00 8.604276e-04 9.999994e-01 6.041223e-04 -2.945260e-01 -4.197121e-03 -6.005056e-04 9.999909e-01 2.624387e+00
9.999783e-01 9.058738e-04 -6.522913e-03 2.614076e+00 -9.093501e-04 9.999994e-01 -5.299955e-04 -3.039977e-01 6.522459e-03 5.359159e-04 9.999785e-01 2.978678e+00
9.999894e-01 -8.420061e-04 4.534182e-03 2.721919e+00 8.392696e-04 9.999995e-01 6.053968e-04 -3.125475e-01 -4.534660e-03 -6.015847e-04 9.999894e-01 3.215646e+00
9.999789e-01 9.160335e-04 -6.423959e-03 2.748999e+00 -9.191300e-04 9.999995e-01 -4.790892e-04 -3.166282e-01 6.423546e-03 4.849839e-04 9.999792e-01 3.329351e+00
9.999979e-01 -6.769783e-04 -1.940543e-03 2.737266e+00 6.786108e-04 9.999994e-01 8.407289e-04 -3.200158e-01 1.940001e-03 -8.420437e-04 9.999977e-01 3.513324e+00
9.998977e-01 1.224194e-03 -1.425262e-02 2.657947e+00 -1.227702e-03 9.999992e-01 -2.373976e-04 -3.190055e-01 1.425234e-02 2.548717e-04 9.998983e-01 3.595207e+00
9.999981e-01 -8.326283e-04 1.747144e-03 2.548503e+00 8.313407e-04 9.999994e-01 7.375598e-04 -3.177377e-01 -1.747732e-03 -7.361055e-04 9.999981e-01 3.673806e+00
9.997335e-01 1.670556e-03 -2.302500e-02 2.504815e+00 -1.670011e-03 9.999986e-01 4.287947e-05 -3.149925e-01 2.302506e-02 -4.415490e-06 9.997348e-01 3.655061e+00
9.999093e-01 -1.242506e-03 1.340825e-02 2.456036e+00 1.236121e-03 9.999991e-01 4.844737e-04 -3.089174e-01 -1.340882e-02 -4.678550e-04 9.999099e-01 3.381616e+00
9.998591e-01 1.404519e-03 -1.672619e-02 2.338061e+00 -1.407854e-03 9.999990e-01 -1.876354e-04 -3.026258e-01 1.672593e-02 2.111576e-04 9.998600e-01 3.148800e+00
9.999964e-01 -9.189999e-04 2.513622e-03 2.221216e+00 9.171890e-04 9.999993e-01 7.214962e-04 -2.997666e-01 -2.514262e-03 -7.191875e-04 9.999965e-01 3.164202e+00
9.998861e-01 1.352802e-03 -1.503344e-02 2.107654e+00 -1.356064e-03 9.999991e-01 -2.068034e-04 -2.965245e-01 1.503317e-02 2.271668e-04 9.998869e-01 3.145994e+00
9.999142e-01 -1.200315e-03 1.304597e-02 2.000751e+00 1.194129e-03 9.999992e-01 4.819486e-04 -2.892089e-01 -1.304652e-02 -4.663280e-04 9.999147e-01 2.836089e+00
9.998934e-01 1.430428e-03 -1.452875e-02 1.748981e+00 -1.432818e-03 9.999990e-01 -1.540702e-04 -2.732646e-01 1.452853e-02 1.748716e-04 9.998943e-01 2.223157e+00
9.999012e-01 -1.235446e-03 1.399913e-02 1.388038e+00 1.228686e-03 9.999991e-01 4.914686e-04 -2.527274e-01 -1.399971e-02 -4.742187e-04 9.999018e-01 1.496165e+00
9.998747e-01 1.464962e-03 -1.576061e-02 1.068832e+00 -1.467298e-03 9.999989e-01 -1.366961e-04 -2.345864e-01 1.576041e-02 1.598053e-04 9.998757e-01 8.491882e-01
9.999008e-01 -1.424063e-03 1.401309e-02 9.689345e-01 1.419650e-03 9.999989e-01 3.248741e-04 -2.329182e-01 -1.401352e-02 -3.049474e-04 9.999017e-01 8.214518e-01
9.998758e-01 1.440453e-03 -1.569253e-02 1.048828e+00 -1.446743e-03 9.999989e-01 -3.894435e-04 -2.481446e-01 1.569197e-02 4.120991e-04 9.998767e-01 1.424923e+00
9.999017e-01 -1.428005e-03 1.394519e-02 1.221046e+00 1.423665e-03 9.999989e-01 3.210969e-04 -2.668086e-01 -1.394562e-02 -3.012112e-04 9.999026e-01 2.056211e+00
9.998734e-01 1.501448e-03 -1.584105e-02 1.416632e+00 -1.506685e-03 9.999988e-01 -3.186562e-04 -2.814788e-01 1.584057e-02 3.424842e-04 9.998744e-01 2.460823e+00
9.991324e-01 -2.035692e-03 4.159571e-02 1.447679e+00 2.066852e-03 9.999976e-01 -7.061288e-04 -2.853220e-01 -4.159415e-02 7.914891e-04 9.991342e-01 2.718230e+00
9.995682e-01 6.812353e-04 2.937431e-02 1.278951e+00 -6.248700e-04 9.999979e-01 -1.928002e-03 -2.758218e-01 -2.937554e-02 1.908815e-03 9.995665e-01 2.861764e+00
9.998396e-01 -1.421020e-03 1.785634e-02 1.210922e+00 1.416709e-03 9.999990e-01 2.540611e-04 -2.737125e-01 -1.785665e-02 -2.287228e-04 9.998404e-01 3.100325e+00
9.999148e-01 1.351638e-03 -1.298608e-02 1.289330e+00 -1.357836e-03 9.999990e-01 -4.684036e-04 -2.798316e-01 1.298546e-02 4.859969e-04 9.999155e-01 3.280364e+00
9.999241e-01 -1.329060e-03 1.224623e-02 1.425185e+00 1.323806e-03 9.999990e-01 4.371054e-04 -2.915776e-01 -1.224677e-02 -4.208604e-04 9.999248e-01 3.623712e+00
9.999143e-01 1.429188e-03 -1.301334e-02 1.518705e+00 -1.434209e-03 9.999989e-01 -3.764828e-04 -2.963576e-01 1.301282e-02 3.951146e-04 9.999152e-01 3.656724e+00
9.999294e-01 -1.344155e-03 1.180700e-02 1.582742e+00 1.338426e-03 9.999990e-01 4.930802e-04 -3.014463e-01 -1.180762e-02 -4.772424e-04 9.999301e-01 3.752166e+00
9.999251e-01 1.324785e-03 -1.216451e-02 1.806202e+00 -1.332673e-03 9.999989e-01 -6.403118e-04 -3.181881e-01 1.216368e-02 6.564754e-04 9.999257e-01 4.223078e+00
9.999343e-01 -1.311961e-03 1.138581e-02 1.990245e+00 1.306669e-03 9.999990e-01 4.721411e-04 -3.385730e-01 -1.138639e-02 -4.572324e-04 9.999350e-01 4.918324e+00
9.999602e-01 1.274724e-03 -8.832341e-03 2.059465e+00 -1.282110e-03 9.999988e-01 -8.306057e-04 -3.585446e-01 8.831305e-03 8.418969e-04 9.999606e-01 5.797530e+00
9.994269e-01 -1.776555e-03 3.380527e-02 2.044937e+00 1.780373e-03 9.999984e-01 -8.283906e-05 -3.625082e-01 -3.380504e-02 1.429776e-04 9.994283e-01 6.154735e+00
9.996193e-01 5.983426e-04 2.758509e-02 1.941084e+00 -5.378039e-04 9.999974e-01 -2.201982e-03 -3.561602e-01 -2.758630e-02 2.186308e-03 9.996169e-01 6.318043e+00
9.994479e-01 -1.650441e-03 3.318312e-02 1.833064e+00 1.650613e-03 9.999986e-01 2.222263e-05 -3.497963e-01 -3.318307e-02 3.256170e-05 9.994492e-01 6.472372e+00
9.998066e-01 6.708173e-04 1.965697e-02 1.723156e+00 -6.324991e-04 9.999979e-01 -1.955491e-03 -3.450245e-01 -1.965819e-02 1.942679e-03 9.998048e-01 6.667604e+00
9.989625e-01 -1.817835e-03 4.550371e-02 1.615453e+00 1.837170e-03 9.999982e-01 -3.830840e-04 -3.386262e-01 -4.550288e-02 4.662837e-04 9.989640e-01 6.852903e+00
9.997789e-01 5.993262e-04 2.102049e-02 1.543606e+00 -5.554205e-04 9.999977e-01 -2.094473e-03 -3.350922e-01 -2.102163e-02 2.082333e-03 9.997768e-01 7.146587e+00
9.989112e-01 -1.792032e-03 4.661800e-02 1.489189e+00 1.812928e-03 9.999983e-01 -4.059624e-04 -3.323601e-01 -4.661712e-02 4.900341e-04 9.989126e-01 7.463312e+00
9.997544e-01 5.785326e-04 2.215272e-02 1.479846e+00 -5.294438e-04 9.999974e-01 -2.221702e-03 -3.339508e-01 -2.215387e-02 2.209427e-03 9.997520e-01 7.949438e+00
9.988324e-01 -1.820991e-03 4.827506e-02 1.433524e+00 1.841648e-03 9.999982e-01 -3.834279e-04 -3.317744e-01 -4.827420e-02 4.718840e-04 9.988339e-01 8.306157e+00
9.996265e-01 3.853093e-04 2.732681e-02 1.342585e+00 -3.185886e-04 9.999970e-01 -2.445860e-03 -3.249052e-01 -2.732759e-02 2.436238e-03 9.996235e-01 8.504544e+00
9.991044e-01 -1.613394e-03 4.228191e-02 1.214975e+00 1.616638e-03 9.999987e-01 -4.251457e-05 -3.141948e-01 -4.228170e-02 1.108287e-04 9.991056e-01 8.519336e+00
9.998184e-01 4.207306e-04 1.905292e-02 1.118671e+00 -3.788089e-04 9.999975e-01 -2.203758e-03 -3.069138e-01 -1.905371e-02 2.196138e-03 9.998160e-01 8.624277e+00
9.993362e-01 -1.430570e-03 3.640254e-02 9.999472e-01 1.423492e-03 9.999990e-01 2.203985e-04 -3.003235e-01 -3.640272e-02 -1.684362e-04 9.993371e-01 8.756519e+00
9.999592e-01 5.940247e-04 9.005555e-03 9.622058e-01 -5.770202e-04 9.999980e-01 -1.890512e-03 -3.002983e-01 -9.006568e-03 1.885235e-03 9.999576e-01 9.059147e+00
9.989972e-01 -1.616718e-03 4.474349e-02 9.021955e-01 1.622618e-03 9.999987e-01 -9.550665e-05 -2.987976e-01 -4.474319e-02 1.680095e-04 9.989984e-01 9.374243e+00
9.992592e-01 6.299318e-05 3.848470e-02 7.086718e-01 5.059681e-05 9.999956e-01 -2.950524e-03 -2.859696e-01 -3.848462e-02 2.950282e-03 9.992548e-01 9.446999e+00
9.995735e-01 -1.238855e-03 2.917555e-02 5.864013e-01 1.224596e-03 9.999991e-01 5.066838e-04 -2.774656e-01 -2.917606e-02 -4.707428e-04 9.995741e-01 9.560603e+00
9.994326e-01 5.128987e-05 3.368112e-02 5.133700e-01 4.443100e-05 9.999960e-01 -2.841138e-03 -2.733418e-01 -3.368103e-02 2.841019e-03 9.994285e-01 9.807050e+00
9.996826e-01 -1.033700e-03 2.516995e-02 4.498383e-01 1.016826e-03 9.999992e-01 6.833124e-04 -2.717157e-01 -2.517054e-02 -6.575056e-04 9.996829e-01 1.014956e+01
9.993103e-01 -1.041387e-04 3.713212e-02 4.015983e-01 2.162843e-04 9.999954e-01 -3.016087e-03 -2.703708e-01 -3.713154e-02 3.022035e-03 9.993058e-01 1.050558e+01
9.997384e-01 -8.471312e-04 2.285267e-02 3.747643e-01 8.299967e-04 9.999994e-01 7.594180e-04 -2.728033e-01 -2.285320e-02 -7.402554e-04 9.997385e-01 1.102397e+01
9.913356e-01 -1.546571e-03 1.313442e-01 4.547454e-01 2.463903e-03 9.999737e-01 -6.821931e-03 -2.759443e-01 -1.313301e-01 7.086439e-03 9.913133e-01 1.200215e+01
9.951412e-01 -1.438320e-03 9.844657e-02 5.984360e-01 1.651515e-03 9.999965e-01 -2.084083e-03 -2.819749e-01 -9.844314e-02 2.236539e-03 9.951401e-01 1.345701e+01
9.986106e-01 -9.797253e-04 5.268538e-02 5.893978e-01 1.178823e-03 9.999923e-01 -3.747930e-03 -2.871464e-01 -5.268122e-02 3.804826e-03 9.986041e-01 1.462395e+01
9.999728e-01 1.965638e-04 7.355886e-03 6.092218e-01 -2.066652e-04 9.999990e-01 1.373395e-03 -2.969149e-01 -7.355530e-03 -1.374881e-03 9.999720e-01 1.544658e+01
9.992593e-01 -9.307032e-04 3.846769e-02 6.193707e-01 1.053485e-03 9.999944e-01 -3.171504e-03 -3.053386e-01 -3.846445e-02 3.209678e-03 9.992548e-01 1.613160e+01
9.999903e-01 3.818018e-04 4.364593e-03 6.376256e-01 -3.882374e-04 9.999988e-01 1.475326e-03 -3.150288e-01 -4.363951e-03 -1.477009e-03 9.999894e-01 1.685065e+01
9.993897e-01 -9.840547e-04 3.491426e-02 6.566458e-01 1.089877e-03 9.999949e-01 -3.011834e-03 -3.242535e-01 -3.491104e-02 3.048045e-03 9.993858e-01 1.752548e+01
9.999053e-01 1.837742e-04 1.375281e-02 6.398920e-01 -1.995716e-04 9.999993e-01 1.147837e-03 -3.277333e-01 -1.375252e-02 -1.150476e-03 9.999048e-01 1.801059e+01
9.991851e-01 -1.183693e-03 4.034235e-02 5.791913e-01 1.310217e-03 9.999943e-01 -3.109789e-03 -3.254340e-01 -4.033838e-02 3.160109e-03 9.991811e-01 1.828625e+01
9.998584e-01 2.182922e-04 1.682292e-02 5.056587e-01 -2.348823e-04 9.999995e-01 9.846517e-04 -3.236424e-01 -1.682263e-02 -9.884663e-04 9.998580e-01 1.862537e+01
9.988952e-01 -1.382299e-03 4.697133e-02 4.171808e-01 1.539623e-03 9.999933e-01 -3.313185e-03 -3.203854e-01 -4.696639e-02 3.381840e-03 9.988907e-01 1.894066e+01
9.999527e-01 9.042836e-04 -9.676805e-03 3.878549e-01 -8.853822e-04 9.999977e-01 1.956527e-03 -3.232082e-01 9.678602e-03 -1.947870e-03 9.999513e-01 1.933006e+01
9.995631e-01 -1.146144e-03 2.953114e-02 4.489203e-01 1.230362e-03 9.999952e-01 -2.833529e-03 -3.368913e-01 -2.952770e-02 2.868623e-03 9.995598e-01 2.004863e+01
9.999199e-01 9.794650e-04 -1.261319e-02 5.079290e-01 -9.533036e-04 9.999974e-01 2.079320e-03 -3.498526e-01 1.261524e-02 -2.067131e-03 9.999183e-01 2.071540e+01
9.995539e-01 -1.162269e-03 2.983960e-02 5.744113e-01 1.247766e-03 9.999952e-01 -2.846498e-03 -3.633682e-01 -2.983610e-02 2.882459e-03 9.995506e-01 2.140202e+01
9.999923e-01 7.466330e-04 -3.822719e-03 5.896207e-01 -7.398611e-04 9.999982e-01 1.770378e-03 -3.728291e-01 3.824077e-03 -1.767538e-03 9.999911e-01 2.200873e+01
9.996076e-01 -1.072518e-03 2.798825e-02 6.198263e-01 1.150490e-03 9.999955e-01 -2.769628e-03 -3.837673e-01 -2.798511e-02 2.800740e-03 9.996044e-01 2.265843e+01
9.998672e-01 9.784737e-04 -1.626428e-02 6.897482e-01 -9.432749e-04 9.999972e-01 2.171178e-03 -3.989088e-01 1.626640e-02 -2.155550e-03 9.998654e-01 2.337954e+01
