9.999635e-01 1.021445e-04 -8.544268e-03 -3.313324e-02 -9.813625e-05 9.999999e-01 4.695332e-04 -2.201373e-02 8.544314e-03 -4.686770e-04 9.999633e-01 8.930563e-01
9.999946e-01 5.254731e-05 -3.288874e-03 -6.923079e-02 -5.215034e-05 1.000000e+00 1.207783e-04 -4.531629e-02 3.288879e-03 -1.206055e-04 9.999945e-01 1.845248e+00
9.996453e-01 3.351359e-04 -2.662844e-02 -1.063993e-01 -2.974783e-04 9.999990e-01 1.418135e-03 -6.295516e-02 2.662888e-02 -1.409710e-03 9.996443e-01 2.562861e+00
9.998774e-01 2.341308e-04 -1.565947e-02 -1.588787e-01 -2.217129e-04 9.999997e-01 7.947273e-04 -7.364981e-02 1.565964e-02 -7.911570e-04 9.998770e-01 3.035476e+00
9.996396e-01 3.497506e-04 -2.684471e-02 -1.957939e-01 -3.125933e-04 9.999990e-01 1.388341e-03 -8.686756e-02 2.684516e-02 -1.379448e-03 9.996386e-01 3.583066e+00
9.999970e-01 -1.069873e-05 2.453887e-03 -2.213206e-01 1.107395e-05 1.000000e+00 -1.528434e-04 -1.062709e-01 -2.453901e-03 1.528714e-04 9.999969e-01 4.359294e+00
9.999449e-01 1.854679e-04 -1.049524e-02 -2.411685e-01 -1.793502e-04 9.999998e-01 5.838331e-04 -1.262130e-01 1.049533e-02 -5.819173e-04 9.999447e-01 5.156398e+00
9.999892e-01 -6.443182e-05 4.641909e-03 -2.590956e-01 6.574043e-05 1.000000e+00 -2.817291e-04 -1.492970e-01 -4.641908e-03 2.820326e-04 9.999891e-01 6.082418e+00
9.998452e-01 2.301332e-04 -1.759089e-02 -2.950913e-01 -2.136631e-04 9.999995e-01 9.381513e-04 -1.725884e-01 1.759108e-02 -9.342462e-04 9.998447e-01 7.026550e+00
9.999936e-01 4.190102e-05 -3.580318e-03 -3.259323e-01 -4.147575e-05 1.000000e+00 1.188044e-04 -1.916823e-01 3.580303e-03 -1.186536e-04 9.999935e-01 7.815293e+00
9.999920e-01 -1.532487e-04 3.997195e-03 -3.539744e-01 1.535427e-04 1.000000e+00 -7.320431e-05 -2.155967e-01 -3.997205e-03 7.381898e-05 9.999919e-01 8.804764e+00
9.999926e-01 7.816666e-05 -3.839018e-03 -3.780572e-01 -7.761110e-05 1.000000e+00 1.448197e-04 -2.373176e-01 3.839009e-03 -1.445192e-04 9.999925e-01 9.693639e+00
9.999988e-01 -7.730763e-05 1.542667e-03 -4.103196e-01 7.728466e-05 1.000000e+00 1.506965e-05 -2.603157e-01 -1.542689e-03 -1.494886e-05 9.999987e-01 1.063928e+01
9.999972e-01 -5.577429e-05 -2.377180e-03 -4.524430e-01 5.585629e-05 1.000000e+00 3.435456e-05 -2.914814e-01 2.377157e-03 -3.448569e-05 9.999971e-01 1.194224e+01
9.999848e-01 -1.592266e-04 5.514450e-03 -4.716290e-01 1.595888e-04 1.000000e+00 -6.519528e-05 -3.155114e-01 -5.514460e-03 6.607589e-05 9.999847e-01 1.292555e+01
9.999941e-01 9.865092e-05 -3.431224e-03 -4.573152e-01 -9.809896e-05 1.000000e+00 1.609811e-04 -3.292897e-01 3.431219e-03 -1.606420e-04 9.999940e-01 1.341900e+01
9.998723e-01 4.457460e-04 -1.597387e-02 -4.955692e-01 -4.306515e-04 9.999995e-01 9.483596e-04 -3.315270e-01 1.597426e-02 -9.413577e-04 9.998719e-01 1.354734e+01
9.999662e-01 1.731613e-04 -8.218360e-03 -5.315601e-01 -1.701658e-04 9.999999e-01 3.651574e-04 -3.363934e-01 8.218398e-03 -3.637448e-04 9.999661e-01 1.376602e+01
9.999554e-01 3.006409e-04 -9.441415e-03 -5.497170e-01 -2.955514e-04 9.999998e-01 5.404298e-04 -3.498402e-01 9.441549e-03 -5.376134e-04 9.999552e-01 1.428745e+01
9.999983e-01 -7.935853e-05 -1.860797e-03 -5.682731e-01 7.934771e-05 1.000000e+00 -6.041406e-06 -3.701717e-01 1.860770e-03 5.895658e-06 9.999982e-01 1.511168e+01
9.999975e-01 -1.444125e-05 2.240688e-03 -5.744826e-01 1.435239e-05 1.000000e+00 3.980019e-05 -3.952013e-01 -2.240716e-03 -3.976602e-05 9.999974e-01 1.610652e+01
9.999913e-01 7.076295e-05 -4.173513e-03 -5.824382e-01 -7.014437e-05 1.000000e+00 1.482951e-04 -4.123961e-01 4.173496e-03 -1.479992e-04 9.999912e-01 1.677240e+01
9.999340e-01 3.320403e-04 -1.148280e-02 -5.663874e-01 -3.240863e-04 9.999997e-01 6.945187e-04 -4.271774e-01 1.148300e-02 -6.907494e-04 9.999337e-01 1.729006e+01
9.999944e-01 -5.489096e-05 3.356067e-03 -5.564922e-01 5.579264e-05 1.000000e+00 -2.684783e-04 -4.469595e-01 -3.356082e-03 2.686661e-04 9.999942e-01 1.803045e+01
9.997435e-01 4.967980e-04 -2.264190e-02 -5.528150e-01 -4.682387e-04 9.999991e-01 1.266615e-03 -4.639531e-01 2.264248e-02 -1.255687e-03 9.997427e-01 1.864862e+01
9.999946e-01 -1.340712e-04 3.288318e-03 -5.813716e-01 1.350946e-04 9.999999e-01 -3.108722e-04 -4.816329e-01 -3.288309e-03 3.113170e-04 9.999944e-01 1.937408e+01
9.999903e-01 6.617355e-05 -4.393061e-03 -5.981291e-01 -6.445787e-05 9.999999e-01 3.905946e-04 -5.103275e-01 4.393053e-03 -3.903055e-04 9.999902e-01 2.053859e+01
9.999944e-01 2.389084e-06 3.338715e-03 -5.538954e-01 -1.497293e-06 1.000000e+00 -2.669846e-04 -5.311040e-01 -3.338750e-03 2.669803e-04 9.999943e-01 2.128441e+01
9.999923e-01 3.009961e-04 -3.924607e-03 -7.678669e-01 -2.989235e-04 9.999998e-01 5.285681e-04 -5.087330e-01 3.924732e-03 -5.273886e-04 9.999921e-01 2.083586e+01
9.999852e-01 2.971067e-04 5.437314e-03 -1.505355e+00 -2.947391e-04 9.999999e-01 -4.361693e-04 -4.502578e-01 -5.437477e-03 4.345625e-04 9.999850e-01 1.983496e+01
9.999883e-01 3.039336e-04 -4.830457e-03 -2.248515e+00 -3.009723e-04 9.999998e-01 6.136671e-04 -3.870009e-01 4.830609e-03 -6.122038e-04 9.999880e-01 1.868770e+01
9.999852e-01 2.935580e-04 5.433197e-03 -2.985819e+00 -2.912202e-04 9.999999e-01 -4.309847e-04 -3.246175e-01 -5.433357e-03 4.293983e-04 9.999850e-01 1.756101e+01
9.999886e-01 2.492795e-04 -4.759144e-03 -3.641594e+00 -2.465208e-04 9.999998e-01 5.801612e-04 -2.738880e-01 4.759254e-03 -5.789791e-04 9.999884e-01 1.671554e+01
9.999942e-01 1.971226e-04 3.403280e-03 -4.146376e+00 -1.960859e-04 9.999999e-01 -3.048061e-04 -2.351736e-01 -3.403373e-03 3.041393e-04 9.999941e-01 1.607604e+01
9.999831e-01 2.734037e-04 -5.810717e-03 -4.651290e+00 -2.693893e-04 9.999997e-01 6.915684e-04 -1.884864e-01 5.810871e-03 -6.899891e-04 9.999828e-01 1.517881e+01
9.999822e-01 3.067352e-04 5.957854e-03 -5.350300e+00 -3.039218e-04 9.999998e-01 -4.730370e-04 -1.315234e-01 -5.958032e-03 4.712202e-04 9.999820e-01 1.418306e+01
9.999873e-01 3.239203e-04 -5.024292e-03 -6.186386e+00 -3.209486e-04 9.999998e-01 5.921839e-04 -7.024329e-02 5.024449e-03 -5.905615e-04 9.999871e-01 1.321523e+01
9.999902e-01 1.984440e-04 4.431401e-03 -6.870181e+00 -1.967527e-04 9.999999e-01 -3.819863e-04 -2.329484e-02 -4.431510e-03 3.811130e-04 9.999900e-01 1.252900e+01
9.999814e-01 2.822722e-04 -6.093767e-03 -7.499042e+00 -2.782836e-04 9.999997e-01 6.553046e-04 1.707406e-02 6.093917e-03 -6.535943e-04 9.999811e-01 1.199245e+01
9.999863e-01 5.961027e-05 5.236523e-03 -7.990518e+00 -5.704907e-05 9.999999e-01 -4.891666e-04 3.443335e-02 -5.236585e-03 4.888635e-04 9.999861e-01 1.207224e+01
9.999817e-01 -7.791135e-05 -6.040542e-03 -8.142168e+00 8.142517e-05 9.999998e-01 5.813931e-04 1.829155e-02 6.040462e-03 -5.818719e-04 9.999815e-01 1.294493e+01
9.999869e-01 -3.639670e-05 5.116692e-03 -8.204369e+00 3.896897e-05 9.999999e-01 -5.025345e-04 -9.537882e-03 -5.116707e-03 5.027297e-04 9.999867e-01 1.414827e+01
9.999869e-01 -1.489036e-04 -5.124840e-03 -8.266425e+00 1.517418e-04 9.999998e-01 5.533523e-04 -3.944849e-02 5.124723e-03 -5.541203e-04 9.999866e-01 1.544109e+01
9.999869e-01 -3.444747e-05 5.125558e-03 -8.325787e+00 3.706855e-05 9.999999e-01 -5.111926e-04 -6.919967e-02 -5.125574e-03 5.113783e-04 9.999866e-01 1.672558e+01
9.999900e-01 -2.973719e-05 -4.479672e-03 -8.505693e+00 3.217652e-05 9.999999e-01 5.443658e-04 -8.534245e-02 4.479621e-03 -5.445021e-04 9.999897e-01 1.765128e+01
9.999909e-01 -1.044279e-04 4.254862e-03 -8.580280e+00 1.064143e-04 9.999999e-01 -4.665228e-04 -1.095416e-01 -4.254847e-03 4.669737e-04 9.999907e-01 1.872741e+01
9.999806e-01 2.581933e-04 -6.230801e-03 -8.779247e+00 -2.539263e-04 9.999997e-01 6.855348e-04 -1.107879e-01 6.230942e-03 -6.839369e-04 9.999803e-01 1.909156e+01
1.000000e+00 9.163406e-05 2.443865e-05 -9.072447e+00 -9.163170e-05 1.000000e+00 -7.765962e-05 -8.105046e-02 -2.448058e-05 7.765987e-05 9.999999e-01 1.849449e+01
9.998554e-01 3.681259e-04 -1.700021e-02 -9.248066e+00 -3.492247e-04 9.999993e-01 1.114752e-03 -7.208737e-02 1.700058e-02 -1.108651e-03 9.998548e-01 1.842548e+01
9.999825e-01 1.133239e-04 -5.910120e-03 -9.345402e+00 -1.129694e-04 1.000000e+00 6.021327e-05 -7.957423e-02 5.910089e-03 -5.954188e-05 9.999824e-01 1.884226e+01
9.997627e-01 3.447563e-04 -2.178149e-02 -9.378884e+00 -3.160358e-04 9.999991e-01 1.321977e-03 -9.829080e-02 2.178188e-02 -1.314777e-03 9.997618e-01 1.958815e+01
9.997348e-01 3.078004e-04 -2.302607e-02 -9.418247e+00 -2.861669e-04 9.999995e-01 9.427829e-04 -1.135529e-01 2.302630e-02 -9.359406e-04 9.997343e-01 2.020393e+01
9.999047e-01 2.078442e-04 -1.380114e-02 -9.458136e+00 -1.954178e-04 9.999996e-01 9.016773e-04 -1.296430e-01 1.380128e-02 -8.988913e-04 9.999043e-01 2.086971e+01
9.996424e-01 5.197265e-04 -2.673720e-02 -9.508255e+00 -4.882035e-04 9.999992e-01 1.185476e-03 -1.419197e-01 2.673775e-02 -1.171995e-03 9.996417e-01 2.136804e+01
9.996618e-01 2.993853e-04 -2.600302e-02 -9.576186e+00 -2.592134e-04 9.999988e-01 1.548211e-03 -1.486556e-01 2.600339e-02 -1.540944e-03 9.996606e-01 2.170301e+01
9.995831e-01 6.183531e-04 -2.886481e-02 -9.649929e+00 -5.808148e-04 9.999990e-01 1.308815e-03 -1.552948e-01 2.886553e-02 -1.291500e-03 9.995824e-01 2.202774e+01
9.996144e-01 3.690386e-04 -2.776386e-02 -9.703966e+00 -3.221712e-04 9.999985e-01 1.692478e-03 -1.579612e-01 2.776438e-02 -1.682877e-03 9.996130e-01 2.219162e+01
9.996358e-01 6.044796e-04 -2.698086e-02 -9.753387e+00 -5.720226e-04 9.999991e-01 1.210607e-03 -1.617320e-01 2.698149e-02 -1.194728e-03 9.996351e-01 2.238398e+01
9.994914e-01 4.163222e-04 -3.188654e-02 -9.820400e+00 -3.563415e-04 9.999982e-01 1.886671e-03 -1.645552e-01 3.188720e-02 -1.874345e-03 9.994896e-01 2.256737e+01
9.997074e-01 5.060472e-04 -2.418214e-02 -9.894011e+00 -4.807926e-04 9.999993e-01 1.050070e-03 -1.693048e-01 2.418258e-02 -1.038132e-03 9.997069e-01 2.282975e+01
9.994936e-01 4.312705e-04 -3.181608e-02 -9.964674e+00 -3.713234e-04 9.999981e-01 1.889993e-03 -1.731490e-01 3.181675e-02 -1.877217e-03 9.994919e-01 2.305452e+01
9.996171e-01 6.019908e-04 -2.766313e-02 -1.003879e+01 -5.680134e-04 9.999991e-01 1.236009e-03 -1.765257e-01 2.766376e-02 -1.219818e-03 9.996165e-01 2.326414e+01
9.995322e-01 3.440550e-04 -3.058046e-02 -1.011468e+01 -2.885697e-04 9.999983e-01 1.818713e-03 -1.797794e-01 3.058094e-02 -1.809033e-03 9.995306e-01 2.347798e+01
9.995915e-01 7.090070e-04 -2.857060e-02 -1.018095e+01 -6.718322e-04 9.999989e-01 1.310632e-03 -1.832167e-01 2.857140e-02 -1.290897e-03 9.995908e-01 2.367341e+01
9.995640e-01 2.414374e-04 -2.952347e-02 -1.025201e+01 -1.901145e-04 9.999985e-01 1.741064e-03 -1.861510e-01 2.952375e-02 -1.734687e-03 9.995625e-01 2.387121e+01
9.997012e-01 6.850779e-04 -2.443343e-02 -1.029822e+01 -6.579361e-04 9.999992e-01 1.118727e-03 -1.907995e-01 2.443408e-02 -1.102312e-03 9.997008e-01 2.409119e+01
9.995459e-01 2.713512e-04 -3.013165e-02 -1.035618e+01 -2.178163e-04 9.999984e-01 1.779849e-03 -1.936416e-01 3.013199e-02 -1.772473e-03 9.995443e-01 2.426038e+01
9.996569e-01 7.307529e-04 -2.618215e-02 -1.041382e+01 -6.986488e-04 9.999990e-01 1.235162e-03 -1.957946e-01 2.618293e-02 -1.216441e-03 9.996564e-01 2.440666e+01
9.997028e-01 1.843572e-04 -2.437605e-02 -1.044949e+01 -1.481693e-04 9.999989e-01 1.486195e-03 -1.980908e-01 2.437620e-02 -1.482137e-03 9.997017e-01 2.453285e+01
9.997839e-01 6.793934e-04 -2.077530e-02 -1.045478e+01 -6.586527e-04 9.999993e-01 1.004951e-03 -2.008250e-01 2.077587e-02 -9.910452e-04 9.997836e-01 2.463241e+01
9.997513e-01 1.122499e-04 -2.230052e-02 -1.045562e+01 -8.144856e-05 9.999990e-01 1.381894e-03 -2.023521e-01 2.230055e-02 -1.379729e-03 9.997503e-01 2.469322e+01
9.999211e-01 5.050299e-04 -1.255120e-02 -1.048530e+01 -4.988774e-04 9.999998e-01 4.929398e-04 -2.083432e-01 1.255135e-02 -4.866343e-04 9.999211e-01 2.495637e+01
9.999206e-01 -6.943446e-05 -1.259491e-02 -1.050200e+01 7.983150e-05 9.999997e-01 8.246090e-04 -2.236034e-01 1.259475e-02 -8.255439e-04 9.999203e-01 2.554541e+01
9.999058e-01 5.362633e-04 -1.370804e-02 -1.052073e+01 -5.290405e-04 9.999997e-01 5.301601e-04 -2.378520e-01 1.370822e-02 -5.228530e-04 9.999059e-01 2.610837e+01
9.999972e-01 -3.707565e-04 2.319049e-03 -1.054879e+01 3.706059e-04 9.999999e-01 6.758278e-05 -2.567835e-01 -2.319173e-03 -6.671807e-05 9.999973e-01 2.688144e+01
9.999977e-01 2.962959e-04 -2.119836e-03 -1.057087e+01 -2.962325e-04 1.000000e+00 2.783237e-05 -2.761703e-01 2.119744e-03 -2.719929e-05 9.999977e-01 2.767534e+01
9.999237e-01 -7.242306e-04 1.232899e-02 -1.058764e+01 7.276381e-04 9.999997e-01 -2.714840e-04 -2.967374e-01 -1.232889e-02 2.804395e-04 9.999239e-01 2.852641e+01
9.998848e-01 -1.258731e-04 1.517245e-02 -1.054271e+01 1.347088e-04 9.999998e-01 -5.809968e-04 -3.148303e-01 -1.517247e-02 5.829789e-04 9.998847e-01 2.919859e+01
9.999897e-01 -5.328319e-04 4.491678e-03 -1.051688e+01 5.328777e-04 9.999999e-01 -7.899558e-06 -3.348065e-01 -4.491773e-03 1.029822e-05 9.999899e-01 2.996569e+01
9.999864e-01 1.304146e-04 5.213409e-03 -1.052542e+01 -1.290847e-04 1.000000e+00 -2.544757e-04 -3.564694e-01 -5.213541e-03 2.538045e-04 9.999863e-01 3.084001e+01
9.999972e-01 -4.545365e-04 2.297935e-03 -1.053872e+01 4.543825e-04 9.999999e-01 6.969529e-05 -3.776308e-01 -2.298066e-03 -6.864567e-05 9.999973e-01 3.169973e+01
9.999284e-01 -8.797037e-05 1.196062e-02 -1.052946e+01 9.371894e-05 9.999999e-01 -4.796508e-04 -3.997970e-01 -1.196068e-02 4.807427e-04 9.999283e-01 3.257549e+01
9.999545e-01 -2.242423e-05 -9.537126e-03 -1.050754e+01 2.745171e-05 9.999999e-01 5.265093e-04 -4.184434e-01 9.537013e-03 -5.267418e-04 9.999543e-01 3.326825e+01
9.999508e-01 1.323415e-05 9.918040e-03 -1.048513e+01 -9.439989e-06 9.999999e-01 -3.820993e-04 -4.358435e-01 -9.918144e-03 3.819922e-04 9.999507e-01 3.390606e+01
9.999382e-01 4.844207e-05 -1.111380e-02 -1.047270e+01 -4.223917e-05 9.999998e-01 5.579234e-04 -4.529101e-01 1.111372e-02 -5.574141e-04 9.999380e-01 3.454532e+01
9.999776e-01 1.345883e-04 6.679594e-03 -1.045813e+01 -1.328932e-04 1.000000e+00 -2.534703e-04 -4.711821e-01 -6.679727e-03 2.525822e-04 9.999776e-01 3.522093e+01
9.999092e-01 1.267477e-04 -1.346966e-02 -1.044362e+01 -1.179630e-04 9.999998e-01 6.526181e-04 -4.894849e-01 1.346964e-02 -6.509646e-04 9.999090e-01 3.589846e+01
9.999925e-01 3.175889e-04 -3.857732e-03 -1.043846e+01 -3.166343e-04 9.999999e-01 2.467603e-04 -5.056399e-01 3.857711e-03 -2.455316e-04 9.999925e-01 3.649569e+01
9.998475e-01 1.627757e-04 -1.746224e-02 -1.043998e+01 -1.481038e-04 9.999996e-01 8.412114e-04 -5.225357e-01 1.746227e-02 -8.384915e-04 9.998471e-01 3.712885e+01
9.999646e-01 3.112160e-04 -8.402305e-03 -1.044975e+01 -3.070305e-04 9.999998e-01 4.988052e-04 -5.376715e-01 8.402359e-03 -4.962026e-04 9.999645e-01 3.770401e+01
9.996345e-01 3.561069e-04 -2.703085e-02 -1.044801e+01 -3.173522e-04 9.999989e-01 1.437804e-03 -5.441267e-01 2.703124e-02 -1.428694e-03 9.996335e-01 3.793238e+01
9.999936e-01 1.176300e-04 3.574347e-03 -1.045323e+01 -1.168308e-04 1.000000e+00 -2.222443e-04 -5.581775e-01 -3.574473e-03 2.218305e-04 9.999935e-01 3.847028e+01
9.996767e-01 3.298666e-04 -2.542070e-02 -1.045893e+01 -2.950878e-04 9.999990e-01 1.371652e-03 -5.738337e-01 2.542102e-02 -1.363703e-03 9.996759e-01 3.905484e+01
9.999957e-01 1.862467e-04 -2.904371e-03 -1.048054e+01 -1.858453e-04 1.000000e+00 1.365403e-04 -5.843021e-01 2.904297e-03 -1.359948e-04 9.999957e-01 3.947362e+01
9.998326e-01 1.820626e-04 -1.829529e-02 -1.051747e+01 -1.647383e-04 9.999995e-01 9.481201e-04 -5.999383e-01 1.829536e-02 -9.449423e-04 9.998321e-01 4.012453e+01
9.999970e-01 1.558233e-04 2.411744e-03 -1.059582e+01 -1.554676e-04 1.000000e+00 -1.452240e-04 -6.146966e-01 -2.411866e-03 1.448537e-04 9.999970e-01 4.080223e+01
9.999670e-01 -2.978525e-05 -8.122614e-03 -1.067879e+01 3.358111e-05 9.999999e-01 4.664672e-04 -6.318967e-01 8.122500e-03 -4.667195e-04 9.999669e-01 4.158464e+01
9.999991e-01 2.233379e-04 1.239640e-03 -1.074858e+01 -2.232479e-04 1.000000e+00 -6.802129e-05 -6.476755e-01 -1.239754e-03 6.774954e-05 9.999992e-01 4.228583e+01
9.999941e-01 -1.187191e-04 -3.412746e-03 -1.087236e+01 1.195947e-04 1.000000e+00 2.546587e-04 -6.596363e-01 3.412617e-03 -2.550603e-04 9.999941e-01 4.292957e+01
9.999968e-01 1.253733e-04 2.522936e-03 -1.097473e+01 -1.250348e-04 1.000000e+00 -1.319997e-04 -6.757979e-01 -2.523051e-03 1.316889e-04 9.999968e-01 4.371940e+01
9.999939e-01 -1.711258e-04 -3.465889e-03 -1.103763e+01 1.720453e-04 1.000000e+00 2.633223e-04 -6.971037e-01 3.465745e-03 -2.639119e-04 9.999939e-01 4.465688e+01
9.999955e-01 8.098110e-05 2.981104e-03 -1.108871e+01 -8.050124e-05 1.000000e+00 -1.590900e-04 -7.210422e-01 -2.981215e-03 1.588544e-04 9.999955e-01 4.568696e+01
9.999914e-01 -3.362300e-06 -4.136293e-03 -1.123633e+01 4.605558e-06 1.000000e+00 2.991334e-04 -7.321520e-01 4.136193e-03 -2.991448e-04 9.999914e-01 4.634155e+01
9.999945e-01 -8.712573e-06 3.286891e-03 -1.130134e+01 9.252212e-06 1.000000e+00 -1.623489e-04 -7.506326e-01 -3.286988e-03 1.623835e-04 9.999945e-01 4.716795e+01
9.999927e-01 -4.179229e-05 -3.793365e-03 -1.133517e+01 4.283353e-05 1.000000e+00 2.728429e-04 -7.723132e-01 3.793255e-03 -2.729983e-04 9.999927e-01 4.807485e+01
9.999949e-01 -1.778696e-05 3.174636e-03 -1.136237e+01 1.832696e-05 1.000000e+00 -1.681863e-04 -7.964363e-01 -3.174732e-03 1.682487e-04 9.999949e-01 4.907217e+01
9.999943e-01 -8.019116e-05 -3.370489e-03 -1.140235e+01 8.103094e-05 1.000000e+00 2.472537e-04 -8.209065e-01 3.370370e-03 -2.475203e-04 9.999942e-01 5.010749e+01
9.999937e-01 -1.844490e-05 3.522431e-03 -1.145353e+01 1.903164e-05 1.000000e+00 -1.648347e-04 -8.428976e-01 -3.522526e-03 1.649058e-04 9.999937e-01 5.105909e+01
9.999945e-01 -8.660091e-05 -3.292770e-03 -1.148279e+01 8.739461e-05 1.000000e+00 2.390866e-04 -8.668657e-01 3.292650e-03 -2.393680e-04 9.999945e-01 5.205691e+01
9.999940e-01 -1.467051e-05 3.460398e-03 -1.149045e+01 1.530322e-05 1.000000e+00 -1.810762e-04 -8.927906e-01 -3.460493e-03 1.811331e-04 9.999940e-01 5.309997e+01
9.999915e-01 -4.438516e-05 -4.108049e-03 -1.150548e+01 4.550367e-05 1.000000e+00 2.707200e-04 -9.183296e-01 4.107939e-03 -2.708995e-04 9.999915e-01 5.413634e+01
9.999957e-01 1.958656e-05 2.905625e-03 -1.154219e+01 -1.917838e-05 1.000000e+00 -1.384284e-04 -9.405565e-01 -2.905727e-03 1.383772e-04 9.999957e-01 5.506712e+01
9.999958e-01 -1.211439e-04 -2.875286e-03 -1.158374e+01 1.217824e-04 1.000000e+00 2.198184e-04 -9.639494e-01 2.875161e-03 -2.201625e-04 9.999958e-01 5.605934e+01
9.999893e-01 -5.822638e-05 4.622675e-03 -1.162453e+01 5.916797e-05 1.000000e+00 -2.022406e-04 -9.865195e-01 -4.622762e-03 2.025171e-04 9.999893e-01 5.702225e+01
9.999909e-01 -6.951713e-05 -4.241191e-03 -1.166216e+01 7.060501e-05 1.000000e+00 2.549344e-04 -1.011265e+00 4.241074e-03 -2.552263e-04 9.999909e-01 5.806322e+01
9.999884e-01 -8.340042e-05 4.802278e-03 -1.170264e+01 8.443983e-05 1.000000e+00 -2.149709e-04 -1.037098e+00 -4.802359e-03 2.153791e-04 9.999884e-01 5.915419e+01
9.999915e-01 -7.457626e-05 -4.115903e-03 -1.174688e+01 7.561190e-05 1.000000e+00 2.499929e-04 -1.062547e+00 4.115785e-03 -2.502968e-04 9.999915e-01 6.023494e+01
9.999891e-01 -8.118749e-05 4.655232e-03 -1.179623e+01 8.215176e-05 1.000000e+00 -2.056349e-04 -1.088042e+00 -4.655314e-03 2.060203e-04 9.999891e-01 6.132603e+01
9.999931e-01 -6.582007e-05 -3.706281e-03 -1.182816e+01 6.670289e-05 1.000000e+00 2.364370e-04 -1.112227e+00 3.706166e-03 -2.366773e-04 9.999931e-01 6.233636e+01
9.999876e-01 -8.474540e-05 4.972590e-03 -1.184799e+01 8.584456e-05 1.000000e+00 -2.195994e-04 -1.136506e+00 -4.972670e-03 2.200288e-04 9.999876e-01 6.333164e+01
9.999947e-01 -9.321020e-05 -3.248161e-03 -1.186598e+01 9.391001e-05 1.000000e+00 2.134259e-04 -1.161675e+00 3.248042e-03 -2.137246e-04 9.999947e-01 6.436140e+01
9.999853e-01 -1.171531e-04 5.407390e-03 -1.188183e+01 1.184983e-04 1.000000e+00 -2.473104e-04 -1.188543e+00 -5.407459e-03 2.479527e-04 9.999853e-01 6.545902e+01
9.999863e-01 1.700455e-05 -5.221694e-03 -1.192587e+01 -1.529253e-05 9.999999e-01 3.267411e-04 -1.211235e+00 5.221601e-03 -3.266515e-04 9.999863e-01 6.642816e+01
9.999874e-01 -9.117985e-05 4.999756e-03 -1.196385e+01 9.228532e-05 1.000000e+00 -2.196455e-04 -1.233491e+00 -4.999834e-03 2.201094e-04 9.999874e-01 6.736914e+01
9.999904e-01 -8.277383e-05 -4.363461e-03 -1.198721e+01 8.380681e-05 1.000000e+00 2.351502e-04 -1.262578e+00 4.363343e-03 -2.355083e-04 9.999904e-01 6.856695e+01
9.999872e-01 -6.427736e-05 5.047094e-03 -1.201313e+01 6.533885e-05 1.000000e+00 -2.089303e-04 -1.288798e+00 -5.047179e-03 2.092627e-04 9.999872e-01 6.965209e+01
9.999903e-01 -7.873791e-05 -4.390842e-03 -1.204465e+01 7.983074e-05 1.000000e+00 2.473188e-04 -1.314143e+00 4.390724e-03 -2.476616e-04 9.999903e-01 7.071003e+01
9.999877e-01 -6.625278e-05 4.948315e-03 -1.208299e+01 6.728104e-05 1.000000e+00 -2.063840e-04 -1.339488e+00 -4.948400e-03 2.067197e-04 9.999877e-01 7.177881e+01
9.999989e-01 -1.764681e-04 -1.400508e-03 -1.209613e+01 1.767002e-04 1.000000e+00 1.612588e-04 -1.365379e+00 1.400381e-03 -1.615008e-04 9.999990e-01 7.283629e+01
9.999943e-01 -2.424691e-05 3.373232e-03 -1.210970e+01 2.488096e-05 1.000000e+00 -1.860913e-04 -1.392177e+00 -3.373326e-03 1.861795e-04 9.999943e-01 7.392789e+01
9.999975e-01 -1.264733e-04 -2.189785e-03 -1.210911e+01 1.269063e-04 1.000000e+00 1.948226e-04 -1.419243e+00 2.189661e-03 -1.950947e-04 9.999975e-01 7.500657e+01
9.999734e-01 -1.670936e-04 7.278023e-03 -1.210141e+01 1.693358e-04 9.999999e-01 -3.066070e-04 -1.447496e+00 -7.278070e-03 3.078367e-04 9.999734e-01 7.612963e+01
9.999919e-01 -3.628808e-04 4.001055e-03 -1.207880e+01 3.629578e-04 9.999999e-01 -1.699232e-05 -1.475857e+00 -4.001148e-03 1.844984e-05 9.999920e-01 7.724032e+01
9.999512e-01 -2.484893e-04 9.865727e-03 -1.204737e+01 2.525036e-04 9.999999e-01 -4.050255e-04 -1.504005e+00 -9.865724e-03 4.075023e-04 9.999512e-01 7.833014e+01
9.999996e-01 -2.032208e-04 -8.411289e-04 -1.203382e+01 2.033621e-04 1.000000e+00 1.606593e-04 -1.530871e+00 8.409969e-04 -1.608248e-04 9.999996e-01 7.939409e+01
9.999928e-01 -3.139236e-05 3.774878e-03 -1.204690e+01 3.218734e-05 1.000000e+00 -2.089114e-04 -1.557594e+00 -3.774971e-03 2.090370e-04 9.999928e-01 8.048473e+01
9.999998e-01 -2.779305e-04 4.763096e-04 -1.205364e+01 2.778904e-04 1.000000e+00 9.696867e-05 -1.587384e+00 -4.764359e-04 -9.683072e-05 9.999998e-01 8.169265e+01
9.999678e-01 -1.773230e-04 8.015929e-03 -1.204096e+01 1.800336e-04 9.999999e-01 -3.366587e-04 -1.616970e+00 -8.015968e-03 3.380966e-04 9.999678e-01 8.286820e+01
9.999953e-01 -1.275825e-04 -3.036502e-03 -1.203136e+01 1.281997e-04 1.000000e+00 2.010785e-04 -1.645670e+00 3.036377e-03 -2.014612e-04 9.999953e-01 8.400767e+01
9.999853e-01 -1.082867e-04 5.408639e-03 -1.205096e+01 1.096211e-04 1.000000e+00 -2.452821e-04 -1.673186e+00 -5.408712e-03 2.458771e-04 9.999853e-01 8.513996e+01
9.999973e-01 -1.320627e-04 -2.286563e-03 -1.206742e+01 1.325160e-04 1.000000e+00 1.954433e-04 -1.698957e+00 2.286438e-03 -1.957401e-04 9.999973e-01 8.619729e+01
9.999843e-01 -1.169245e-04 5.586140e-03 -1.209240e+01 1.184026e-04 1.000000e+00 -2.631734e-04 -1.722428e+00 -5.586209e-03 2.638364e-04 9.999843e-01 8.717490e+01
9.999998e-01 -1.933947e-04 -4.482937e-04 -1.212091e+01 1.934777e-04 1.000000e+00 1.716290e-04 -1.745436e+00 4.481609e-04 -1.717100e-04 9.999998e-01 8.814587e+01
9.999586e-01 -2.500042e-04 9.089374e-03 -1.211538e+01 2.537464e-04 9.999999e-01 -4.098835e-04 -1.773137e+00 -9.089370e-03 4.121787e-04 9.999586e-01 8.925481e+01
9.999892e-01 -8.725154e-05 -4.625013e-03 -1.213106e+01 8.856099e-05 1.000000e+00 2.816090e-04 -1.803464e+00 4.624888e-03 -2.820098e-04 9.999892e-01 9.049822e+01
9.999692e-01 -1.918827e-04 7.833863e-03 -1.215046e+01 1.947362e-04 9.999999e-01 -3.626987e-04 -1.832523e+00 -7.833892e-03 3.642189e-04 9.999692e-01 9.169394e+01
9.999842e-01 -4.224298e-05 -5.613146e-03 -1.217403e+01 4.404591e-05 9.999999e-01 3.199942e-04 -1.860155e+00 5.613032e-03 -3.202305e-04 9.999841e-01 9.283568e+01
9.999786e-01 -1.541994e-04 6.529510e-03 -1.220405e+01 1.563298e-04 9.999999e-01 -3.248203e-04 -1.889457e+00 -6.529560e-03 3.258400e-04 9.999786e-01 9.405241e+01
9.999865e-01 -8.423183e-05 -5.179363e-03 -1.222641e+01 8.573281e-05 1.000000e+00 2.884054e-04 -1.921447e+00 5.179239e-03 -2.888397e-04 9.999865e-01 9.536462e+01
9.999814e-01 -1.130194e-04 6.089710e-03 -1.224155e+01 1.148976e-04 9.999999e-01 -3.070735e-04 -1.952213e+00 -6.089775e-03 3.077733e-04 9.999814e-01 9.661708e+01
9.999863e-01 -8.214797e-05 -5.230124e-03 -1.226337e+01 8.370971e-05 1.000000e+00 2.972218e-04 -1.982698e+00 5.229999e-03 -2.976496e-04 9.999862e-01 9.786735e+01
9.999822e-01 -1.194697e-04 5.958530e-03 -1.229648e+01 1.212456e-04 9.999999e-01 -2.966453e-04 -2.012962e+00 -5.958594e-03 2.973683e-04 9.999822e-01 9.912835e+01
9.999854e-01 -6.567951e-05 -5.390663e-03 -1.234476e+01 6.739547e-05 9.999999e-01 3.170063e-04 -2.041476e+00 5.390542e-03 -3.173591e-04 9.999854e-01 1.003411e+02
9.999816e-01 -9.153013e-05 6.059729e-03 -1.239748e+01 9.317774e-05 1.000000e+00 -2.705921e-04 -2.066026e+00 -6.059804e-03 2.711576e-04 9.999816e-01 1.014004e+02
9.999809e-01 5.761241e-05 -6.164775e-03 -1.246816e+01 -5.539814e-05 9.999999e-01 3.583583e-04 -2.084232e+00 6.164695e-03 -3.580041e-04 9.999809e-01 1.022295e+02
9.999821e-01 4.068124e-05 5.971795e-03 -1.267811e+01 -3.921831e-05 1.000000e+00 -2.440549e-04 -2.090724e+00 -5.971904e-03 2.438223e-04 9.999821e-01 1.028048e+02
9.999833e-01 -1.284358e-04 -5.763219e-03 -1.274962e+01 1.302477e-04 9.999999e-01 3.129465e-04 -2.111089e+00 5.763079e-03 -3.136860e-04 9.999833e-01 1.037209e+02
9.999821e-01 1.411082e-04 5.981152e-03 -1.287409e+01 -1.396765e-04 1.000000e+00 -2.387512e-04 -2.123727e+00 -5.981286e-03 2.379174e-04 9.999820e-01 1.044063e+02
9.999830e-01 -1.105585e-04 -5.818590e-03 -1.303215e+01 1.124639e-04 9.999999e-01 3.261001e-04 -2.134848e+00 5.818454e-03 -3.267430e-04 9.999830e-01 1.050859e+02
9.999838e-01 4.060562e-05 5.678451e-03 -1.311212e+01 -3.926105e-05 1.000000e+00 -2.358035e-04 -2.154890e+00 -5.678560e-03 2.355827e-04 9.999838e-01 1.060022e+02
9.999827e-01 7.147863e-05 -5.875501e-03 -1.339263e+01 -6.955922e-05 9.999999e-01 3.258386e-04 -2.159895e+00 5.875424e-03 -3.254183e-04 9.999826e-01 1.066286e+02
9.999817e-01 9.863080e-06 6.035770e-03 -1.366155e+01 -8.373646e-06 1.000000e+00 -2.457649e-04 -2.165525e+00 -6.035872e-03 2.457158e-04 9.999817e-01 1.072648e+02
9.999841e-01 2.649983e-05 -5.629919e-03 -1.387380e+01 -2.469071e-05 9.999999e-01 3.203184e-04 -2.174358e+00 5.629827e-03 -3.201684e-04 9.999841e-01 1.079404e+02
9.999844e-01 1.899701e-04 5.567619e-03 -1.425024e+01 -1.888126e-04 1.000000e+00 -2.073058e-04 -2.167967e+00 -5.567758e-03 2.062572e-04 9.999844e-01 1.082660e+02
9.999831e-01 2.124749e-05 -5.810656e-03 -1.457596e+01 -1.908911e-05 9.999999e-01 3.704513e-04 -2.159502e+00 5.810564e-03 -3.703282e-04 9.999830e-01 1.084470e+02
9.999774e-01 -1.548579e-05 6.718791e-03 -1.474065e+01 1.752781e-05 1.000000e+00 -3.029439e-04 -2.169555e+00 -6.718886e-03 3.030607e-04 9.999773e-01 1.090951e+02
9.999854e-01 -1.508181e-04 -5.383938e-03 -1.479066e+01 1.526015e-04 9.999999e-01 3.296899e-04 -2.192306e+00 5.383789e-03 -3.305008e-04 9.999854e-01 1.100747e+02
9.999770e-01 -1.137848e-05 6.781842e-03 -1.483680e+01 1.345401e-05 1.000000e+00 -3.050808e-04 -2.214618e+00 -6.781937e-03 3.051710e-04 9.999769e-01 1.110316e+02
9.999894e-01 -1.913123e-04 -4.588048e-03 -1.488571e+01 1.926895e-04 9.999999e-01 2.983882e-04 -2.236674e+00 4.587891e-03 -2.992631e-04 9.999894e-01 1.119843e+02
9.999685e-01 1.387092e-05 7.930008e-03 -1.496577e+01 -1.122411e-05 9.999999e-01 -3.330318e-04 -2.253485e+00 -7.930112e-03 3.329382e-04 9.999685e-01 1.127778e+02
9.999863e-01 -1.703804e-04 -5.216821e-03 -1.503197e+01 1.720746e-04 9.999999e-01 3.231323e-04 -2.270580e+00 5.216666e-03 -3.240196e-04 9.999863e-01 1.135600e+02
9.999468e-01 -2.898264e-05 1.030583e-02 -1.510987e+01 3.305333e-05 9.999999e-01 -3.942147e-04 -2.285671e+00 -1.030592e-02 3.945404e-04 9.999468e-01 1.142854e+02
9.999746e-01 -7.996609e-05 -7.124512e-03 -1.520608e+01 8.264998e-05 9.999999e-01 3.755585e-04 -2.298636e+00 7.124382e-03 -3.761318e-04 9.999745e-01 1.149516e+02
9.999615e-01 -2.620124e-05 8.771530e-03 -1.526800e+01 2.917543e-05 9.999999e-01 -3.382366e-04 -2.315651e+00 -8.771620e-03 3.384856e-04 9.999614e-01 1.157217e+02
9.999832e-01 -1.977740e-04 -5.789181e-03 -1.529918e+01 1.995274e-04 9.999999e-01 3.012385e-04 -2.338253e+00 5.789022e-03 -3.023824e-04 9.999831e-01 1.166710e+02
9.999768e-01 5.995279e-05 6.799684e-03 -1.533270e+01 -5.806551e-05 1.000000e+00 -2.768373e-04 -2.361418e+00 -6.799800e-03 2.764421e-04 9.999768e-01 1.176408e+02
9.999981e-01 -2.979657e-04 -1.902555e-03 -1.539589e+01 2.983566e-04 9.999999e-01 2.019556e-04 -2.378974e+00 1.902394e-03 -2.025168e-04 9.999981e-01 1.184409e+02
9.999775e-01 4.806405e-05 6.701000e-03 -1.544142e+01 -4.611314e-05 1.000000e+00 -2.903651e-04 -2.397282e+00 -6.701113e-03 2.900557e-04 9.999775e-01 1.192413e+02
9.999983e-01 -4.413541e-04 1.787272e-03 -1.547034e+01 4.411986e-04 9.999999e-01 9.081819e-05 -2.418127e+00 -1.787412e-03 -9.002332e-05 9.999983e-01 1.201220e+02
9.999497e-01 -6.209693e-05 1.002286e-02 -1.549096e+01 6.625288e-05 9.999999e-01 -4.136991e-04 -2.439916e+00 -1.002294e-02 4.143486e-04 9.999496e-01 1.210318e+02
9.999931e-01 -2.648600e-04 -3.692875e-03 -1.552487e+01 2.658122e-04 9.999999e-01 2.557103e-04 -2.461357e+00 3.692707e-03 -2.566839e-04 9.999931e-01 1.219408e+02
9.999530e-01 -4.759139e-05 9.685115e-03 -1.558679e+01 5.134493e-05 9.999999e-01 -3.866748e-04 -2.480663e+00 -9.685195e-03 3.871602e-04 9.999530e-01 1.228124e+02
9.999958e-01 -2.307428e-04 -2.855597e-03 -1.566788e+01 2.314434e-04 9.999999e-01 2.429219e-04 -2.496383e+00 2.855441e-03 -2.435755e-04 9.999958e-01 1.235720e+02
9.999658e-01 -5.363508e-05 8.263230e-03 -1.572905e+01 5.653223e-05 9.999999e-01 -3.496341e-04 -2.514976e+00 -8.263311e-03 3.500956e-04 9.999657e-01 1.244138e+02
9.999941e-01 -2.078411e-04 -3.416423e-03 -1.580249e+01 2.087602e-04 9.999999e-01 2.669104e-04 -2.533616e+00 3.416268e-03 -2.676156e-04 9.999941e-01 1.252761e+02
9.999476e-01 -7.719434e-05 1.023476e-02 -1.589614e+01 8.148102e-05 9.999999e-01 -4.178230e-04 -2.549671e+00 -1.023482e-02 4.186413e-04 9.999475e-01 1.260710e+02
9.999999e-01 -3.434566e-04 -2.775892e-04 -1.593336e+01 3.435118e-04 9.999999e-01 1.772671e-04 -2.568858e+00 2.774287e-04 -1.773560e-04 9.999999e-01 1.269045e+02
9.999421e-01 -1.239173e-04 1.075651e-02 -1.595537e+01 1.288523e-04 9.999999e-01 -4.575349e-04 -2.589941e+00 -1.075655e-02 4.589008e-04 9.999420e-01 1.277906e+02
9.999843e-01 -1.625029e-04 -5.589089e-03 -1.601062e+01 1.645045e-04 9.999999e-01 3.566025e-04 -2.609488e+00 5.588932e-03 -3.575099e-04 9.999843e-01 1.286615e+02
9.998490e-01 -2.830078e-04 1.737255e-02 -1.607465e+01 2.948036e-04 9.999997e-01 -6.760859e-04 -2.626725e+00 -1.737245e-02 6.811118e-04 9.998488e-01 1.294641e+02
9.999390e-01 -2.309465e-05 -1.104501e-02 -1.615463e+01 2.889023e-05 9.999999e-01 5.240323e-04 -2.644967e+00 1.104490e-02 -5.243128e-04 9.999388e-01 1.303240e+02
9.997721e-01 -3.597919e-04 2.134090e-02 -1.623063e+01 3.767083e-04 9.999996e-01 -7.883796e-04 -2.660899e+00 -2.134070e-02 7.962458e-04 9.997719e-01 1.310929e+02
9.998861e-01 7.147148e-05 -1.509287e-02 -1.628149e+01 -6.154005e-05 9.999998e-01 6.580988e-04 -2.679624e+00 1.509281e-02 -6.570884e-04 9.998858e-01 1.319277e+02
9.997278e-01 -4.493703e-04 2.332288e-02 -1.632337e+01 4.690954e-04 9.999995e-01 -8.400224e-04 -2.699549e+00 -2.332259e-02 8.507410e-04 9.997276e-01 1.328002e+02
9.998749e-01 1.659097e-04 -1.581319e-02 -1.639465e+01 -1.551343e-04 9.999998e-01 6.822748e-04 -2.715414e+00 1.581320e-02 -6.797296e-04 9.998747e-01 1.335556e+02
9.996073e-01 -3.903520e-04 2.801650e-02 -1.660128e+01 4.188735e-04 9.999994e-01 -1.011952e-03 -2.713992e+00 -2.801618e-02 1.023297e-03 9.996069e-01 1.338595e+02
9.998853e-01 3.380469e-05 -1.514203e-02 -1.669326e+01 -2.349833e-05 9.999998e-01 6.804472e-04 -2.724239e+00 1.514196e-02 -6.800066e-04 9.998851e-01 1.344357e+02
9.994137e-01 -5.063827e-04 3.423279e-02 -1.677086e+01 5.493125e-04 9.999991e-01 -1.244491e-03 -2.729399e+00 -3.423223e-02 1.262573e-03 9.994131e-01 1.348061e+02
9.997929e-01 2.559248e-04 -2.034619e-02 -1.696847e+01 -2.384202e-04 9.999996e-01 8.624866e-04 -2.727218e+00 2.034631e-02 -8.574502e-04 9.997926e-01 1.350707e+02
9.994845e-01 -5.316284e-04 3.209972e-02 -1.713473e+01 5.695281e-04 9.999992e-01 -1.171374e-03 -2.732641e+00 -3.209917e-02 1.189059e-03 9.994839e-01 1.355737e+02
9.999471e-01 4.343883e-06 -1.028012e-02 -1.724190e+01 1.127604e-06 9.999999e-01 5.317032e-04 -2.733139e+00 1.028002e-02 -5.316798e-04 9.999470e-01 1.358200e+02
9.993286e-01 -5.610488e-04 3.663153e-02 -1.733068e+01 6.103723e-04 9.999989e-01 -1.335154e-03 -2.725365e+00 -3.663084e-02 1.356624e-03 9.993279e-01 1.357380e+02
9.999091e-01 1.245590e-04 -1.347611e-02 -1.742794e+01 -1.159912e-04 9.999998e-01 6.361632e-04 -2.716613e+00 1.347609e-02 -6.345353e-04 9.999089e-01 1.356275e+02
9.991575e-01 -7.305694e-04 4.103257e-02 -1.752724e+01 7.916843e-04 9.999986e-01 -1.473063e-03 -2.710992e+00 -4.103153e-02 1.504313e-03 9.991567e-01 1.356396e+02
9.999360e-01 3.974351e-05 -1.131235e-02 -1.760034e+01 -3.348965e-05 9.999998e-01 5.525808e-04 -2.708012e+00 1.131227e-02 -5.521595e-04 9.999358e-01 1.357117e+02
9.990328e-01 -8.289077e-04 4.396316e-02 -1.765364e+01 8.991951e-04 9.999983e-01 -1.578912e-03 -2.706753e+00 -4.396187e-02 1.616924e-03 9.990318e-01 1.358221e+02
9.999599e-01 -3.887608e-05 -8.947759e-03 -1.766467e+01 4.301789e-05 9.999999e-01 4.621671e-04 -2.706650e+00 8.947648e-03 -4.625263e-04 9.999598e-01 1.359185e+02
9.991918e-01 -6.866378e-04 4.018968e-02 -1.768404e+01 7.456497e-04 9.999987e-01 -1.453242e-03 -2.701707e+00 -4.018872e-02 1.482042e-03 9.991909e-01 1.358527e+02
9.999131e-01 9.384495e-05 -1.318166e-02 -1.766803e+01 -8.540043e-05 9.999998e-01 6.408500e-04 -2.698105e+00 1.318163e-02 -6.396613e-04 9.999128e-01 1.357805e+02
9.992469e-01 -6.746482e-04 3.879622e-02 -1.748917e+01 7.282874e-04 9.999988e-01 -1.368352e-03 -2.699769e+00 -3.879534e-02 1.395584e-03 9.992461e-01 1.356874e+02
9.999201e-01 -6.397380e-06 -1.264123e-02 -1.734772e+01 1.391411e-05 9.999998e-01 5.941969e-04 -2.707734e+00 1.264114e-02 -5.943180e-04 9.999198e-01 1.358641e+02
9.993541e-01 -7.227031e-04 3.592860e-02 -1.726917e+01 7.696671e-04 9.999989e-01 -1.293212e-03 -2.725499e+00 -3.592771e-02 1.320037e-03 9.993534e-01 1.364824e+02
9.999320e-01 -3.205660e-05 -1.165941e-02 -1.718948e+01 3.898804e-05 9.999998e-01 5.939195e-04 -2.742595e+00 1.165931e-02 -5.943263e-04 9.999318e-01 1.370766e+02
9.993546e-01 -6.204640e-04 3.591602e-02 -1.717097e+01 6.684984e-04 9.999989e-01 -1.325300e-03 -2.752584e+00 -3.591524e-02 1.348462e-03 9.993539e-01 1.374890e+02
9.998410e-01 1.559410e-04 -1.782959e-02 -1.717066e+01 -1.413005e-04 9.999997e-01 8.221766e-04 -2.763907e+00 1.782963e-02 -8.195191e-04 9.998406e-01 1.379671e+02
9.994075e-01 -5.892981e-04 3.441429e-02 -1.712357e+01 6.330223e-04 9.999990e-01 -1.259525e-03 -2.775494e+00 -3.441360e-02 1.280571e-03 9.994068e-01 1.383859e+02
9.998734e-01 1.107645e-04 -1.590862e-02 -1.711760e+01 -9.866671e-05 9.999997e-01 7.610066e-04 -2.785533e+00 1.590862e-02 -7.593332e-04 9.998731e-01 1.388115e+02
9.994111e-01 -5.982515e-04 3.430928e-02 -1.706356e+01 6.420034e-04 9.999990e-01 -1.264104e-03 -2.797281e+00 -3.430857e-02 1.285393e-03 9.994104e-01 1.392268e+02
9.998471e-01 2.343451e-04 -1.748429e-02 -1.698878e+01 -2.194562e-04 9.999996e-01 8.532708e-04 -2.803260e+00 1.748440e-02 -8.492958e-04 9.998467e-01 1.394035e+02
9.994525e-01 -5.891652e-04 3.308029e-02 -1.685337e+01 6.301962e-04 9.999990e-01 -1.229822e-03 -2.812764e+00 -3.307961e-02 1.250003e-03 9.994519e-01 1.396264e+02
9.997938e-01 3.103453e-04 -2.030575e-02 -1.687519e+01 -2.916819e-04 9.999995e-01 9.219037e-04 -2.821892e+00 2.030595e-02 -9.157833e-04 9.997933e-01 1.400433e+02
9.996834e-01 -4.565364e-04 2.515628e-02 -1.684310e+01 4.809518e-04 9.999994e-01 -9.643607e-04 -2.840256e+00 -2.515591e-02 9.761619e-04 9.996830e-01 1.407184e+02
9.996809e-01 5.916895e-04 -2.525229e-02 -1.678705e+01 -5.636861e-04 9.999992e-01 1.115916e-03 -2.856129e+00 2.525285e-02 -1.101318e-03 9.996804e-01 1.412421e+02
9.995677e-01 -5.955926e-04 2.939495e-02 -1.663726e+01 6.273042e-04 9.999992e-01 -1.069478e-03 -2.868225e+00 -2.939437e-02 1.087463e-03 9.995672e-01 1.415116e+02
9.995495e-01 7.796099e-04 -3.000416e-02 -1.653580e+01 -7.415514e-04 9.999989e-01 1.279436e-03 -2.883235e+00 3.000505e-02 -1.256603e-03 9.995489e-01 1.419376e+02
9.996463e-01 -5.190291e-04 2.658718e-02 -1.647379e+01 5.451900e-04 9.999994e-01 -9.765927e-04 -2.900778e+00 -2.658673e-02 9.907499e-04 9.996459e-01 1.425054e+02
9.996094e-01 6.856772e-04 -2.793828e-02 -1.643720e+01 -6.521107e-04 9.999991e-01 1.210425e-03 -2.915667e+00 2.793900e-02 -1.191726e-03 9.996088e-01 1.430134e+02
9.994680e-01 -7.557354e-04 3.260442e-02 -1.639902e+01 7.953389e-04 9.999990e-01 -1.201600e-03 -2.931686e+00 -3.260356e-02 1.226900e-03 9.994675e-01 1.435803e+02
9.995638e-01 8.558514e-04 -2.952054e-02 -1.625313e+01 -8.175009e-04 9.999988e-01 1.311044e-03 -2.946364e+00 2.952156e-02 -1.286331e-03 9.995632e-01 1.439275e+02
9.999282e-01 -3.029029e-04 1.197941e-02 -1.600262e+01 3.056836e-04 9.999999e-01 -2.299896e-04 -2.960003e+00 -1.197942e-02 2.336426e-04 9.999281e-01 1.440950e+02
9.998267e-01 7.914711e-04 -1.859676e-02 -1.559103e+01 -7.767552e-04 9.999994e-01 7.983371e-04 -2.977204e+00 1.859731e-02 -7.837461e-04 9.998267e-01 1.441804e+02
9.999623e-01 -2.370495e-04 8.678401e-03 -1.515178e+01 2.374538e-04 1.000000e+00 -4.513449e-05 -2.994467e+00 -8.678468e-03 4.720112e-05 9.999623e-01 1.442316e+02
9.995753e-01 8.970560e-04 -2.912624e-02 -1.484501e+01 -8.601899e-04 9.999988e-01 1.278115e-03 -3.009551e+00 2.912728e-02 -1.252510e-03 9.995748e-01 1.443715e+02
9.999382e-01 -3.598001e-04 1.111065e-02 -1.470566e+01 3.629808e-04 9.999999e-01 -2.839056e-04 -3.026994e+00 -1.111063e-02 2.879286e-04 9.999382e-01 1.448286e+02
9.993204e-01 1.025059e-03 -3.684733e-02 -1.445389e+01 -9.598451e-04 9.999979e-01 1.787377e-03 -3.040517e+00 3.684901e-02 -1.750787e-03 9.993192e-01 1.449882e+02
9.999820e-01 -3.372426e-04 5.992603e-03 -1.427658e+01 3.374121e-04 9.999999e-01 -2.656324e-05 -3.050098e+00 -5.992677e-03 2.859250e-05 9.999820e-01 1.451038e+02
9.993442e-01 1.023020e-03 -3.619483e-02 -1.411650e+01 -9.608416e-04 9.999980e-01 1.735108e-03 -3.061012e+00 3.619645e-02 -1.699185e-03 9.993432e-01 1.452882e+02
9.998417e-01 -4.328476e-04 1.778485e-02 -1.391114e+01 4.448491e-04 9.999997e-01 -6.706044e-04 -3.077807e+00 -1.778464e-02 6.784177e-04 9.998415e-01 1.456271e+02
9.995251e-01 9.593556e-04 -3.079959e-02 -1.376526e+01 -9.166973e-04 9.999986e-01 1.398978e-03 -3.096542e+00 3.080081e-02 -1.370072e-03 9.995245e-01 1.461222e+02
9.996687e-01 -7.265917e-04 2.572786e-02 -1.374145e+01 7.546369e-04 9.999991e-01 -1.080193e-03 -3.117518e+00 -2.572714e-02 1.099258e-03 9.996683e-01 1.468989e+02
9.996408e-01 7.389556e-04 -2.678860e-02 -1.373612e+01 -7.069416e-04 9.999990e-01 1.204346e-03 -3.142407e+00 2.678937e-02 -1.184968e-03 9.996403e-01 1.478764e+02
9.997331e-01 -5.740400e-04 2.309413e-02 -1.370450e+01 5.963270e-04 9.999994e-01 -9.579710e-04 -3.165781e+00 -2.309366e-02 9.714948e-04 9.997328e-01 1.487343e+02
9.995811e-01 8.435742e-04 -2.892926e-02 -1.366646e+01 -8.061113e-04 9.999988e-01 1.306466e-03 -3.187564e+00 2.893024e-02 -1.282590e-03 9.995805e-01 1.495123e+02
9.999050e-01 -4.785606e-04 1.377002e-02 -1.363851e+01 4.857882e-04 9.999997e-01 -5.211872e-04 -3.206648e+00 -1.376986e-02 5.278348e-04 9.999050e-01 1.502000e+02
9.996593e-01 8.274534e-04 -2.608777e-02 -1.360639e+01 -7.972643e-04 9.999990e-01 1.167413e-03 -3.225879e+00 2.608862e-02 -1.146208e-03 9.996589e-01 1.508860e+02
9.999274e-01 -4.689356e-04 1.203892e-02 -1.358111e+01 4.742756e-04 9.999998e-01 -4.402951e-04 -3.246491e+00 -1.203881e-02 4.459808e-04 9.999274e-01 1.516312e+02
9.996252e-01 8.803999e-04 -2.736091e-02 -1.354296e+01 -8.466982e-04 9.999989e-01 1.243129e-03 -3.266085e+00 2.736188e-02 -1.219489e-03 9.996248e-01 1.523085e+02
9.999568e-01 -4.332091e-04 9.276937e-03 -1.347456e+01 4.359697e-04 9.999999e-01 -2.950089e-04 -3.284627e+00 -9.276899e-03 2.990485e-04 9.999569e-01 1.529074e+02
