9.999301e-01 -2.122078e-04 -1.182036e-02 1.243016e-01 2.208324e-04 9.999997e-01 7.283384e-04 1.539719e-03 1.182020e-02 -7.308973e-04 9.999298e-01 -2.762937e-01
9.999549e-01 7.992119e-06 -9.501228e-03 3.743380e-01 -5.228170e-06 1.000000e+00 2.909266e-04 -1.013791e-02 9.501227e-03 -2.908631e-04 9.999547e-01 -2.080572e-02
9.999542e-01 -2.148196e-04 -9.565858e-03 5.938885e-01 2.213054e-04 9.999997e-01 6.769574e-04 -2.188951e-02 9.565705e-03 -6.790426e-04 9.999539e-01 2.703003e-01
9.997979e-01 -1.684656e-05 -2.010325e-02 7.850691e-01 3.343395e-05 9.999997e-01 8.247722e-04 -2.869022e-02 2.010322e-02 -8.252767e-04 9.997975e-01 3.861797e-01
9.999985e-01 -1.874232e-04 -1.740673e-03 9.334458e-01 1.879157e-04 9.999999e-01 2.827203e-04 -2.917876e-02 1.740609e-03 -2.830459e-04 9.999983e-01 2.222297e-01
9.999113e-01 2.038131e-05 -1.332165e-02 9.298325e-01 -1.417022e-05 9.999999e-01 4.663291e-04 -2.000867e-02 1.332165e-02 -4.660979e-04 9.999111e-01 -2.776049e-01
9.999799e-01 -1.908119e-04 -6.332954e-03 1.122520e+00 1.941240e-04 9.999998e-01 5.223666e-04 -1.993986e-02 6.332840e-03 -5.235843e-04 9.999797e-01 -5.310173e-01
9.999117e-01 -1.781640e-05 -1.328706e-02 1.459640e+00 2.310163e-05 9.999999e-01 3.976109e-04 -2.832566e-02 1.328703e-02 -3.978815e-04 9.999115e-01 -5.531314e-01
9.999993e-01 -1.987114e-04 -1.140143e-03 1.702241e+00 1.991096e-04 9.999999e-01 3.489985e-04 -3.833108e-02 1.140057e-03 -3.492240e-04 9.999992e-01 -3.848671e-01
9.999677e-01 2.379412e-05 -8.038346e-03 1.902119e+00 -2.244178e-05 1.000000e+00 1.683089e-04 -5.132408e-02 8.038332e-03 -1.681216e-04 9.999676e-01 -3.043662e-02
9.999988e-01 -2.251122e-04 -1.522493e-03 2.146185e+00 2.256576e-04 9.999999e-01 3.579927e-04 -5.480207e-02 1.522393e-03 -3.583344e-04 9.999987e-01 -1.982446e-01
9.999999e-01 9.996280e-05 -3.297937e-04 2.165989e+00 -1.000159e-04 1.000000e+00 -1.614954e-04 -4.853328e-02 3.297584e-04 1.615299e-04 9.999998e-01 -6.046722e-01
9.999990e-01 -2.721717e-04 -1.421306e-03 2.168530e+00 2.727474e-04 9.999999e-01 4.047124e-04 -4.534294e-02 1.421176e-03 -4.050981e-04 9.999988e-01 -8.168876e-01
9.999998e-01 1.647554e-04 -5.507671e-04 2.324389e+00 -1.648561e-04 1.000000e+00 -1.832625e-04 -5.475896e-02 5.507174e-04 1.833548e-04 9.999997e-01 -5.891038e-01
9.999984e-01 -3.037513e-04 -1.748041e-03 2.429024e+00 3.045532e-04 9.999998e-01 4.583998e-04 -6.183401e-02 1.747881e-03 -4.589299e-04 9.999983e-01 -4.016186e-01
9.999855e-01 1.482326e-04 -5.391613e-03 2.529714e+00 -1.481746e-04 1.000000e+00 1.112767e-05 -7.345029e-02 5.391594e-03 -1.032700e-05 9.999854e-01 2.076617e-02
9.999904e-01 -1.768576e-04 4.382796e-03 2.617947e+00 1.763618e-04 1.000000e+00 1.135559e-04 -8.601140e-02 -4.382837e-03 -1.127803e-04 9.999903e-01 4.919415e-01
9.999901e-01 1.718633e-04 -4.439408e-03 2.723171e+00 -1.722908e-04 1.000000e+00 -9.595662e-05 -1.018385e-01 4.439371e-03 9.672216e-05 9.999900e-01 1.101956e+00
9.999971e-01 -2.694292e-04 2.411568e-03 2.922024e+00 2.688303e-04 9.999999e-01 2.487207e-04 -1.128332e-01 -2.411656e-03 -2.480700e-04 9.999970e-01 1.354755e+00
9.999419e-01 7.862314e-05 -1.078220e-02 3.216533e+00 -7.612995e-05 1.000000e+00 2.316242e-04 -1.182524e-01 1.078220e-02 -2.307882e-04 9.999417e-01 1.219277e+00
9.999994e-01 -2.586847e-04 1.047507e-03 3.503604e+00 2.584655e-04 9.999999e-01 2.095969e-04 -1.326007e-01 -1.047584e-03 -2.093243e-04 9.999993e-01 1.523933e+00
9.999926e-01 1.406929e-04 -3.852659e-03 3.666416e+00 -1.406908e-04 1.000000e+00 7.634268e-07 -1.459600e-01 3.852636e-03 -2.196412e-07 9.999925e-01 1.935652e+00
9.999998e-01 -2.626032e-04 4.990239e-04 3.805223e+00 2.624758e-04 9.999999e-01 2.558375e-04 -1.593661e-01 -4.991141e-04 -2.557047e-04 9.999997e-01 2.382390e+00
9.999832e-01 7.447734e-05 -5.788103e-03 4.041820e+00 -7.406926e-05 1.000000e+00 7.067909e-05 -1.697994e-01 5.788084e-03 -7.024738e-05 9.999831e-01 2.569483e+00
9.999997e-01 -2.401210e-04 -6.755587e-04 4.183193e+00 2.404105e-04 9.999999e-01 4.280233e-04 -1.786384e-01 6.754316e-04 -4.281837e-04 9.999996e-01 2.796296e+00
9.999995e-01 1.842651e-04 -9.309922e-04 4.389389e+00 -1.846250e-04 9.999999e-01 -3.868292e-04 -1.960959e-01 9.308964e-04 3.870028e-04 9.999994e-01 3.344665e+00
9.999995e-01 -2.155892e-04 9.410985e-04 4.790829e+00 2.153586e-04 9.999999e-01 2.453862e-04 -2.179925e-01 -9.411757e-04 -2.451815e-04 9.999994e-01 3.839059e+00
9.999606e-01 3.798000e-05 -8.882013e-03 5.185904e+00 -3.693920e-05 1.000000e+00 1.173168e-04 -2.317830e-01 8.881992e-03 -1.169822e-04 9.999604e-01 3.982539e+00
9.999337e-01 6.236258e-05 1.151662e-02 5.670063e+00 -6.104216e-05 1.000000e+00 -1.149818e-04 -2.417988e-01 -1.151665e-02 1.142730e-04 9.999336e-01 3.767454e+00
9.999995e-01 2.320133e-04 -9.954373e-04 6.078565e+00 -2.320734e-04 1.000000e+00 -6.042908e-05 -2.477047e-01 9.953993e-04 6.066193e-05 9.999994e-01 3.425706e+00
9.999925e-01 -2.203609e-04 3.876849e-03 6.462557e+00 2.198204e-04 1.000000e+00 1.399000e-04 -2.569181e-01 -3.876903e-03 -1.390449e-04 9.999924e-01 3.322573e+00
9.999899e-01 1.824071e-04 -4.490456e-03 6.765186e+00 -1.823258e-04 1.000000e+00 1.846077e-05 -2.644600e-01 4.490436e-03 -1.763997e-05 9.999898e-01 3.260146e+00
9.999832e-01 -1.556664e-04 5.801259e-03 7.097256e+00 1.567946e-04 1.000000e+00 -1.939761e-04 -2.862122e-01 -5.801252e-03 1.948843e-04 9.999831e-01 3.844574e+00
9.999959e-01 2.247411e-04 -2.855957e-03 7.396173e+00 -2.250636e-04 1.000000e+00 -1.126982e-04 -3.111627e-01 2.855908e-03 1.133423e-04 9.999958e-01 4.632961e+00
9.999813e-01 -1.391675e-04 6.110327e-03 7.559084e+00 1.403978e-04 1.000000e+00 -2.008839e-04 -3.363469e-01 -6.110322e-03 2.017398e-04 9.999812e-01 5.625810e+00
9.999959e-01 2.018014e-04 -2.872445e-03 7.807476e+00 -2.020973e-04 1.000000e+00 -1.027756e-04 -3.605703e-01 2.872401e-03 1.033574e-04 9.999958e-01 6.451376e+00
9.999732e-01 -1.256586e-04 7.322822e-03 8.219447e+00 1.266518e-04 1.000000e+00 -1.351276e-04 -3.814076e-01 -7.322827e-03 1.360532e-04 9.999731e-01 6.886446e+00
9.999926e-01 2.476418e-04 -3.838831e-03 8.590685e+00 -2.474261e-04 1.000000e+00 5.660305e-05 -3.958937e-01 3.838823e-03 -5.565106e-05 9.999925e-01 7.050005e+00
9.999872e-01 -1.828164e-04 5.047413e-03 8.967207e+00 1.832217e-04 1.000000e+00 -7.979469e-05 -4.089036e-01 -5.047420e-03 8.072022e-05 9.999872e-01 7.133339e+00
9.999972e-01 2.549103e-04 -2.334877e-03 9.360005e+00 -2.550832e-04 1.000000e+00 -7.384464e-05 -4.282726e-01 2.334837e-03 7.444175e-05 9.999972e-01 7.514540e+00
9.999766e-01 -1.586638e-04 6.844822e-03 9.765137e+00 1.599307e-04 1.000000e+00 -1.845215e-04 -4.501974e-01 -6.844813e-03 1.856136e-04 9.999765e-01 8.010552e+00
9.999802e-01 1.104624e-04 -6.292376e-03 1.002246e+01 -1.092820e-04 1.000000e+00 1.879154e-04 -4.656447e-01 6.292375e-03 -1.872223e-04 9.999801e-01 8.394957e+00
9.999636e-01 -9.046898e-05 8.529118e-03 1.014099e+01 9.144201e-05 1.000000e+00 -1.136695e-04 -4.697888e-01 -8.529128e-03 1.144470e-04 9.999635e-01 8.406898e+00
9.999760e-01 1.235792e-04 -6.925325e-03 1.023116e+01 -1.220221e-04 1.000000e+00 2.252482e-04 -4.727010e-01 6.925332e-03 -2.243960e-04 9.999759e-01 8.382579e+00
9.999745e-01 -1.516540e-04 7.137510e-03 1.038746e+01 1.523071e-04 1.000000e+00 -9.093498e-05 -4.776499e-01 -7.137516e-03 9.202149e-05 9.999744e-01 8.380394e+00
9.999996e-01 3.091035e-04 8.195839e-04 1.059735e+01 -3.090864e-04 1.000000e+00 -2.076205e-05 -4.862340e-01 -8.196101e-04 2.051044e-05 9.999996e-01 8.492950e+00
9.999197e-01 -1.000303e-04 1.266856e-02 1.093049e+01 1.050049e-04 9.999999e-01 -3.919941e-04 -5.049033e-01 -1.266853e-02 3.932946e-04 9.999196e-01 8.958581e+00
9.999704e-01 2.094238e-04 -7.689935e-03 1.133151e+01 -2.086593e-04 1.000000e+00 1.001940e-04 -5.277359e-01 7.689938e-03 -9.858477e-05 9.999703e-01 9.506537e+00
9.999598e-01 -1.986672e-04 8.963455e-03 1.159937e+01 2.008780e-04 9.999999e-01 -2.457317e-04 -5.488097e-01 -8.963423e-03 2.475240e-04 9.999597e-01 1.014635e+01
9.998856e-01 8.353885e-05 -1.512783e-02 1.175061e+01 -7.407208e-05 9.999998e-01 6.263337e-04 -5.635144e-01 1.512786e-02 -6.251398e-04 9.998853e-01 1.064127e+01
9.999910e-01 -2.993675e-04 -4.231195e-03 1.187287e+01 3.012564e-04 9.999999e-01 4.457400e-04 -5.726675e-01 4.231040e-03 -4.470088e-04 9.999909e-01 1.093528e+01
9.999130e-01 9.993683e-05 -1.318835e-02 1.198478e+01 -9.259664e-05 9.999998e-01 5.571600e-04 -5.849071e-01 1.318838e-02 -5.558884e-04 9.999128e-01 1.137644e+01
9.998022e-01 -3.322475e-04 -1.988758e-02 1.208053e+01 3.555074e-04 9.999993e-01 1.166032e-03 -5.927391e-01 1.988715e-02 -1.172869e-03 9.998014e-01 1.165870e+01
9.997292e-01 1.130735e-04 -2.326941e-02 1.220637e+01 -8.967113e-05 9.999995e-01 1.006742e-03 -5.991480e-01 2.326948e-02 -1.004381e-03 9.997286e-01 1.185399e+01
9.997507e-01 -3.231256e-04 -2.232372e-02 1.230441e+01 3.516321e-04 9.999991e-01 1.273029e-03 -6.041633e-01 2.232325e-02 -1.280559e-03 9.997499e-01 1.202134e+01
9.998087e-01 1.002183e-04 -1.955900e-02 1.239415e+01 -8.296757e-05 9.999996e-01 8.827675e-04 -6.088243e-01 1.955904e-02 -8.809732e-04 9.998082e-01 1.217690e+01
9.995538e-01 -3.083815e-04 -2.986890e-02 1.254952e+01 3.537200e-04 9.999988e-01 1.512624e-03 -6.178784e-01 2.986835e-02 -1.522512e-03 9.995526e-01 1.246845e+01
9.998520e-01 1.394021e-04 -1.720363e-02 1.276239e+01 -1.274183e-04 9.999997e-01 6.976374e-04 -6.319538e-01 1.720367e-02 -6.953390e-04 9.998517e-01 1.291621e+01
9.996167e-01 -3.118680e-04 -2.768401e-02 1.293899e+01 3.523714e-04 9.999989e-01 1.458164e-03 -6.428844e-01 2.768348e-02 -1.467357e-03 9.996156e-01 1.326218e+01
9.999137e-01 1.001502e-04 -1.313933e-02 1.306821e+01 -9.222220e-05 9.999998e-01 6.039075e-04 -6.490723e-01 1.313934e-02 -6.026402e-04 9.999134e-01 1.344162e+01
9.994945e-01 -3.266565e-04 -3.178890e-02 1.315008e+01 3.802004e-04 9.999985e-01 1.678294e-03 -6.522282e-01 3.178824e-02 -1.689528e-03 9.994931e-01 1.354198e+01
9.999245e-01 9.108715e-05 -1.228425e-02 1.316916e+01 -8.474662e-05 9.999999e-01 5.165664e-04 -6.519424e-01 1.228424e-02 -5.154825e-04 9.999243e-01 1.355024e+01
9.997586e-01 -3.314533e-04 -2.196987e-02 1.316272e+01 3.588222e-04 9.999992e-01 1.241756e-03 -6.504868e-01 2.196938e-02 -1.249335e-03 9.997578e-01 1.351137e+01
9.998460e-01 7.945685e-05 -1.754840e-02 1.316716e+01 -6.536726e-05 9.999997e-01 8.033831e-04 -6.507090e-01 1.754840e-02 -8.021081e-04 9.998456e-01 1.355477e+01
9.998787e-01 -3.605894e-04 -1.556838e-02 1.291011e+01 3.705234e-04 9.999997e-01 6.351027e-04 -6.298455e-01 1.556808e-02 -6.407899e-04 9.998785e-01 1.278632e+01
9.999595e-01 2.930427e-04 -8.996831e-03 1.267237e+01 -2.884349e-04 9.999998e-01 5.132604e-04 -6.089064e-01 8.996909e-03 -5.106403e-04 9.999593e-01 1.197541e+01
9.993594e-01 -5.191090e-04 -3.578389e-02 1.270174e+01 5.827002e-04 9.999983e-01 1.766632e-03 -6.101765e-01 3.578283e-02 -1.786347e-03 9.993579e-01 1.204856e+01
9.999691e-01 2.970988e-04 -7.854043e-03 1.276358e+01 -2.936289e-04 9.999999e-01 4.426756e-04 -6.122835e-01 7.854097e-03 -4.403512e-04 9.999690e-01 1.212584e+01
9.996865e-01 -5.103315e-04 -2.503196e-02 1.286226e+01 5.423111e-04 9.999990e-01 1.270691e-03 -6.156985e-01 2.503121e-02 -1.283863e-03 9.996858e-01 1.220396e+01
9.999369e-01 2.811824e-04 -1.123074e-02 1.292826e+01 -2.739600e-04 9.999998e-01 6.444056e-04 -6.187321e-01 1.123084e-02 -6.412833e-04 9.999366e-01 1.230728e+01
9.999594e-01 -3.719442e-04 8.997844e-03 1.312743e+01 3.740115e-04 9.999999e-01 -2.277868e-04 -6.250666e-01 -8.997840e-03 2.311477e-04 9.999594e-01 1.237507e+01
9.988988e-01 1.453687e-04 -4.691534e-02 1.328817e+01 -3.728125e-05 9.999973e-01 2.304696e-03 -6.295003e-01 4.691547e-02 -2.300404e-03 9.988961e-01 1.242722e+01
9.991126e-01 -3.185916e-04 -4.211752e-02 1.330575e+01 4.010348e-04 9.999980e-01 1.948952e-03 -6.285382e-01 4.211672e-02 -1.964108e-03 9.991107e-01 1.247263e+01
9.998282e-01 1.191229e-04 -1.853603e-02 1.337114e+01 -1.014273e-04 9.999995e-01 9.554140e-04 -6.294130e-01 1.853604e-02 -9.533644e-04 9.998277e-01 1.251820e+01
9.997078e-01 -3.519599e-04 -2.416818e-02 1.345946e+01 3.810298e-04 9.999992e-01 1.198074e-03 -6.318065e-01 2.416765e-02 -1.206927e-03 9.997071e-01 1.257588e+01
9.998612e-01 1.206648e-04 -1.665768e-02 1.348656e+01 -1.066580e-04 9.999996e-01 8.415171e-04 -6.320903e-01 1.665768e-02 -8.396182e-04 9.998608e-01 1.260003e+01
9.998842e-01 -3.856461e-04 -1.521200e-02 1.339655e+01 3.975100e-04 9.999996e-01 7.766299e-04 -6.279610e-01 1.521160e-02 -7.825813e-04 9.998839e-01 1.250447e+01
9.999390e-01 1.327807e-04 -1.104528e-02 1.320554e+01 -1.266369e-04 9.999998e-01 5.565572e-04 -6.178290e-01 1.104526e-02 -5.551189e-04 9.999388e-01 1.220153e+01
9.998234e-01 -3.679845e-04 -1.878520e-02 1.308956e+01 3.863141e-04 9.999995e-01 9.719006e-04 -6.104828e-01 1.878473e-02 -9.789803e-04 9.998230e-01 1.196545e+01
9.994919e-01 1.265300e-04 -3.187352e-02 1.309243e+01 -7.725410e-05 9.999988e-01 1.547068e-03 -6.099446e-01 3.187358e-02 -1.543814e-03 9.994907e-01 1.199146e+01
9.998695e-01 -3.569342e-04 -1.615048e-02 1.310314e+01 3.704863e-04 9.999996e-01 8.358304e-04 -6.098999e-01 1.615007e-02 -8.416991e-04 9.998692e-01 1.203089e+01
9.996014e-01 1.244600e-04 -2.822878e-02 1.313142e+01 -8.392268e-05 9.999990e-01 1.437030e-03 -6.112510e-01 2.822883e-02 -1.434083e-03 9.996004e-01 1.211121e+01
9.999934e-01 -3.617264e-04 3.613614e-03 1.313403e+01 3.622372e-04 9.999999e-01 -1.392169e-04 -6.108325e-01 -3.613663e-03 1.405308e-04 9.999934e-01 1.209711e+01
9.998687e-01 1.795107e-04 -1.620318e-02 1.325928e+01 -1.647755e-04 9.999996e-01 9.104062e-04 -6.145554e-01 1.620324e-02 -9.076109e-04 9.998683e-01 1.211576e+01
9.999985e-01 -3.787758e-04 1.688031e-03 1.335726e+01 3.788885e-04 9.999999e-01 -6.322456e-05 -6.157394e-01 -1.688106e-03 6.386988e-05 9.999985e-01 1.204301e+01
9.998899e-01 2.077632e-04 -1.483729e-02 1.352121e+01 -1.947689e-04 9.999996e-01 8.768593e-04 -6.191395e-01 1.483736e-02 -8.738670e-04 9.998895e-01 1.199852e+01
9.999248e-01 -4.242489e-04 -1.225536e-02 1.359734e+01 4.308488e-04 9.999998e-01 5.354343e-04 -6.204962e-01 1.225503e-02 -5.406683e-04 9.999247e-01 1.199219e+01
9.994980e-01 1.640919e-04 -3.168055e-02 1.361940e+01 -1.094275e-04 9.999985e-01 1.727032e-03 -6.212189e-01 3.168069e-02 -1.722692e-03 9.994965e-01 1.204422e+01
9.997621e-01 -3.933893e-04 -2.180467e-02 1.362410e+01 4.144482e-04 9.999995e-01 9.610061e-04 -6.217545e-01 2.180418e-02 -9.698085e-04 9.997617e-01 1.212284e+01
9.996361e-01 1.540240e-04 -2.697153e-02 1.363962e+01 -1.131669e-04 9.999988e-01 1.516107e-03 -6.227394e-01 2.697163e-02 -1.512497e-03 9.996350e-01 1.220636e+01
9.998780e-01 -4.229144e-04 -1.561076e-02 1.366438e+01 4.315203e-04 9.999998e-01 5.474798e-04 -6.206417e-01 1.561042e-02 -5.541436e-04 9.998780e-01 1.210853e+01
9.995166e-01 2.106458e-04 -3.108573e-02 1.368360e+01 -1.599605e-04 9.999987e-01 1.632756e-03 -6.132724e-01 3.108593e-02 -1.626989e-03 9.995154e-01 1.175133e+01
9.999079e-01 -3.914814e-04 -1.356425e-02 1.366407e+01 3.977241e-04 9.999998e-01 4.570066e-04 -6.048137e-01 1.356398e-02 -4.623536e-04 9.999079e-01 1.137869e+01
9.995938e-01 1.646339e-04 -2.849540e-02 1.359472e+01 -1.202753e-04 9.999988e-01 1.558141e-03 -5.965417e-01 2.849553e-02 -1.554075e-03 9.995927e-01 1.107302e+01
9.999998e-01 -3.485709e-04 4.865055e-04 1.346863e+01 3.486886e-04 9.999999e-01 -2.261845e-04 -5.857008e-01 -4.865212e-04 2.263596e-04 9.999998e-01 1.067041e+01
9.997736e-01 1.467911e-04 -2.127560e-02 1.331235e+01 -1.200436e-04 9.999992e-01 1.258101e-03 -5.733737e-01 2.127567e-02 -1.255257e-03 9.997728e-01 1.020909e+01
9.999296e-01 -3.003539e-04 1.185413e-02 1.303714e+01 3.103388e-04 9.999996e-01 -8.398197e-04 -5.544645e-01 -1.185397e-02 8.434449e-04 9.999294e-01 9.510398e+00
9.998339e-01 1.065464e-04 -1.821890e-02 1.264455e+01 -8.702529e-05 9.999994e-01 1.071836e-03 -5.287231e-01 1.821892e-02 -1.070067e-03 9.998334e-01 8.575373e+00
9.999163e-01 -2.584584e-04 1.293313e-02 1.232410e+01 2.694758e-04 9.999996e-01 -8.495214e-04 -5.067241e-01 -1.293300e-02 8.529409e-04 9.999160e-01 7.761024e+00
9.998382e-01 8.732850e-05 -1.798657e-02 1.212095e+01 -6.658986e-05 9.999993e-01 1.153165e-03 -4.925170e-01 1.798657e-02 -1.151775e-03 9.998375e-01 7.221029e+00
9.998803e-01 -2.707831e-04 1.546253e-02 1.174265e+01 2.873576e-04 9.999994e-01 -1.069178e-03 -4.670672e-01 -1.546232e-02 1.073499e-03 9.998798e-01 6.282241e+00
9.998807e-01 1.598278e-04 -1.544180e-02 1.126586e+01 -1.445725e-04 9.999995e-01 9.885181e-04 -4.344545e-01 1.544186e-02 -9.861623e-04 9.998802e-01 5.081032e+00
9.998802e-01 -2.722606e-04 1.547357e-02 1.083710e+01 2.884089e-04 9.999994e-01 -1.040864e-03 -4.050947e-01 -1.547337e-02 1.045207e-03 9.998797e-01 3.996005e+00
9.998869e-01 1.679406e-04 -1.503296e-02 1.036047e+01 -1.534260e-04 9.999995e-01 9.661438e-04 -3.728548e-01 1.503302e-02 -9.637227e-04 9.998865e-01 2.816233e+00
9.998910e-01 -2.879720e-04 1.475368e-02 9.886250e+00 3.028355e-04 9.999994e-01 -1.004665e-03 -3.403597e-01 -1.475348e-02 1.009029e-03 9.998906e-01 1.619347e+00
9.998831e-01 1.529540e-04 -1.528362e-02 9.496677e+00 -1.370515e-04 9.999994e-01 1.041018e-03 -3.137558e-01 1.528368e-02 -1.038796e-03 9.998826e-01 6.377042e-01
9.999215e-01 -3.172676e-04 1.251958e-02 9.124263e+00 3.285540e-04 9.999995e-01 -8.988041e-04 -2.887374e-01 -1.251938e-02 9.028524e-04 9.999212e-01 -2.766306e-01
9.998130e-01 1.713358e-04 -1.933579e-02 8.792179e+00 -1.477142e-04 9.999992e-01 1.222661e-03 -2.663017e-01 1.933589e-02 -1.219571e-03 9.998123e-01 -1.088388e+00
9.998892e-01 -3.140322e-04 1.488054e-02 8.541803e+00 3.283171e-04 9.999995e-01 -9.569851e-04 -2.491461e-01 -1.488033e-02 9.617700e-04 9.998888e-01 -1.722596e+00
9.997630e-01 1.279502e-04 -2.176770e-02 8.413080e+00 -9.651898e-05 9.999990e-01 1.444614e-03 -2.409704e-01 2.176777e-02 -1.442165e-03 9.997620e-01 -2.022298e+00
9.999076e-01 -3.049555e-04 1.358226e-02 8.233669e+00 3.177988e-04 9.999995e-01 -9.428298e-04 -2.291765e-01 -1.358206e-02 9.470646e-04 9.999073e-01 -2.449575e+00
9.998978e-01 1.802798e-04 -1.429402e-02 8.019270e+00 -1.646583e-04 9.999994e-01 1.093470e-03 -2.129216e-01 1.429412e-02 -1.090999e-03 9.998972e-01 -3.090496e+00
9.998726e-01 -2.338349e-04 1.595354e-02 7.913684e+00 2.499421e-04 9.999995e-01 -1.007119e-03 -2.020025e-01 -1.595339e-02 1.010984e-03 9.998722e-01 -3.580211e+00
9.998918e-01 1.376990e-04 -1.470540e-02 7.828501e+00 -1.203350e-04 9.999993e-01 1.181108e-03 -1.960195e-01 1.470546e-02 -1.179205e-03 9.998911e-01 -3.817189e+00
9.999156e-01 -3.391255e-04 1.297984e-02 7.723457e+00 3.515443e-04 9.999995e-01 -9.538608e-04 -1.894505e-01 -1.297960e-02 9.583488e-04 9.999153e-01 -4.072739e+00
9.999199e-01 2.169327e-04 -1.265324e-02 7.520460e+00 -2.033496e-04 9.999994e-01 1.074111e-03 -1.755738e-01 1.265337e-02 -1.071446e-03 9.999193e-01 -4.593805e+00
9.999112e-01 -3.134532e-04 1.331369e-02 7.404337e+00 3.257840e-04 9.999995e-01 -9.233803e-04 -1.667537e-01 -1.331348e-02 9.276412e-04 9.999109e-01 -4.949879e+00
9.999163e-01 1.910922e-04 -1.293190e-02 7.293658e+00 -1.771665e-04 9.999994e-01 1.077343e-03 -1.588881e-01 1.293200e-02 -1.074956e-03 9.999158e-01 -5.259977e+00
9.999028e-01 -3.050626e-04 1.393578e-02 7.185716e+00 3.181648e-04 9.999995e-01 -9.373741e-04 -1.509013e-01 -1.393558e-02 9.417224e-04 9.999024e-01 -5.579463e+00
9.999096e-01 1.926281e-04 -1.343812e-02 6.971308e+00 -1.791209e-04 9.999995e-01 1.005718e-03 -1.358912e-01 1.343822e-02 -1.003214e-03 9.999092e-01 -6.149032e+00
9.998891e-01 -2.704698e-04 1.488873e-02 6.765669e+00 2.846558e-04 9.999995e-01 -9.501188e-04 -1.213942e-01 -1.488856e-02 9.542571e-04 9.998887e-01 -6.702070e+00
9.999038e-01 1.831222e-04 -1.386146e-02 6.429341e+00 -1.705972e-04 9.999996e-01 9.041602e-04 -9.844188e-02 1.386152e-02 -9.017029e-04 9.999035e-01 -7.552483e+00
9.999206e-01 -4.041026e-04 1.258630e-02 5.896413e+00 4.169514e-04 9.999994e-01 -1.017577e-03 -6.569084e-02 -1.258597e-02 1.022750e-03 9.999202e-01 -8.710929e+00
9.998899e-01 1.148817e-04 -1.483112e-02 5.356076e+00 -1.004675e-04 9.999995e-01 9.720654e-04 -3.476001e-02 1.483114e-02 -9.704628e-04 9.998895e-01 -9.770268e+00
9.999171e-01 -3.658425e-04 1.286609e-02 4.880751e+00 3.787386e-04 9.999994e-01 -9.992517e-04 -6.491119e-03 -1.286581e-02 1.004047e-03 9.999167e-01 -1.075810e+01
9.998969e-01 1.469778e-04 -1.435481e-02 4.537496e+00 -1.321147e-04 9.999995e-01 1.035774e-03 1.437560e-02 1.435486e-02 -1.033766e-03 9.998964e-01 -1.150228e+01
9.999176e-01 -3.451092e-04 1.283005e-02 4.391917e+00 3.559775e-04 9.999996e-01 -8.441595e-04 2.179684e-02 -1.282984e-02 8.486627e-04 9.999173e-01 -1.177019e+01
9.998805e-01 1.567600e-04 -1.545330e-02 4.319485e+00 -1.396531e-04 9.999994e-01 1.107533e-03 2.858346e-02 1.545337e-02 -1.105237e-03 9.998799e-01 -1.208387e+01
9.999235e-01 -3.393534e-04 1.236044e-02 4.203076e+00 3.505146e-04 9.999995e-01 -9.001273e-04 3.975162e-02 -1.236022e-02 9.043965e-04 9.999232e-01 -1.258679e+01
9.998921e-01 1.726454e-04 -1.468440e-02 3.954754e+00 -1.578319e-04 9.999995e-01 1.009363e-03 5.871247e-02 1.468447e-02 -1.006931e-03 9.998916e-01 -1.334283e+01
9.999283e-01 -4.008673e-04 1.195989e-02 3.649810e+00 4.112424e-04 9.999995e-01 -8.643183e-04 7.775032e-02 -1.195963e-02 8.691804e-04 9.999281e-01 -1.403454e+01
9.999181e-01 2.688433e-04 -1.278641e-02 3.553803e+00 -2.563186e-04 9.999995e-01 9.804929e-04 8.815094e-02 1.278658e-02 -9.771296e-04 9.999177e-01 -1.451717e+01
9.999114e-01 -3.374770e-04 1.330334e-02 3.455683e+00 3.495405e-04 9.999995e-01 -9.038301e-04 9.966640e-02 -1.330312e-02 9.084057e-04 9.999111e-01 -1.505798e+01
9.999143e-01 2.466792e-04 -1.308658e-02 3.393853e+00 -2.330695e-04 9.999994e-01 1.040840e-03 1.078631e-01 1.308673e-02 -1.037695e-03 9.999138e-01 -1.546472e+01
9.999280e-01 -3.575766e-04 1.198505e-02 3.484305e+00 3.676372e-04 9.999996e-01 -8.365055e-04 1.068828e-01 -1.198484e-02 8.408571e-04 9.999278e-01 -1.558339e+01
9.999062e-01 2.732540e-04 -1.369208e-02 3.553927e+00 -2.596287e-04 9.999995e-01 9.962676e-04 1.111833e-01 1.369225e-02 -9.926137e-04 9.999057e-01 -1.596303e+01
9.999083e-01 -3.182944e-04 1.353060e-02 3.595001e+00 3.303168e-04 9.999996e-01 -8.856572e-04 1.179999e-01 -1.353040e-02 8.900510e-04 9.999080e-01 -1.644390e+01
9.998843e-01 1.955676e-04 -1.520416e-02 3.534904e+00 -1.803937e-04 9.999995e-01 9.988052e-04 1.289816e-01 1.520425e-02 -9.959414e-04 9.998839e-01 -1.701306e+01
9.999201e-01 -3.133122e-04 1.263191e-02 3.411869e+00 3.249943e-04 9.999995e-01 -9.220711e-04 1.461266e-01 -1.263171e-02 9.261083e-04 9.999198e-01 -1.784326e+01
9.998828e-01 2.029708e-04 -1.530575e-02 3.277976e+00 -1.879011e-04 9.999995e-01 9.854456e-04 1.649017e-01 1.530585e-02 -9.824485e-04 9.998823e-01 -1.874678e+01
9.999164e-01 -3.030530e-04 1.291997e-02 3.238640e+00 3.145975e-04 9.999996e-01 -8.908320e-04 1.782148e-01 -1.291978e-02 8.948277e-04 9.999161e-01 -1.947636e+01
9.998552e-01 1.486591e-04 -1.701327e-02 3.235995e+00 -1.295498e-04 9.999994e-01 1.123780e-03 1.870070e-01 1.701334e-02 -1.121407e-03 9.998546e-01 -2.000049e+01
9.998932e-01 -3.531818e-04 1.460635e-02 3.002542e+00 3.671728e-04 9.999995e-01 -9.545884e-04 2.018428e-01 -1.460610e-02 9.598552e-04 9.998928e-01 -2.055078e+01
9.998967e-01 1.946252e-04 -1.436460e-02 2.667011e+00 -1.812347e-04 9.999995e-01 9.328739e-04 2.222310e-01 1.436469e-02 -9.301686e-04 9.998964e-01 -2.127394e+01
9.998903e-01 -3.150765e-04 1.480330e-02 2.348413e+00 3.292047e-04 9.999995e-01 -9.513662e-04 2.432524e-01 -1.480308e-02 9.561408e-04 9.998899e-01 -2.204804e+01
9.998962e-01 1.601976e-04 -1.439973e-02 1.983029e+00 -1.471683e-04 9.999996e-01 9.052738e-04 2.655325e-01 1.439978e-02 -9.030550e-04 9.998959e-01 -2.283770e+01
9.998828e-01 -3.102941e-04 1.530445e-02 1.684905e+00 3.244149e-04 9.999995e-01 -9.196003e-04 2.830549e-01 -1.530425e-02 9.244632e-04 9.998824e-01 -2.345028e+01
9.998928e-01 1.599070e-04 -1.463525e-02 1.355351e+00 -1.468508e-04 9.999996e-01 8.925722e-04 3.026197e-01 1.463529e-02 -8.903216e-04 9.998925e-01 -2.413671e+01
9.998851e-01 -3.183516e-04 1.515000e-02 9.362834e-01 3.334720e-04 9.999994e-01 -9.949391e-04 3.279682e-01 -1.514977e-02 9.998826e-04 9.998847e-01 -2.502897e+01
9.998940e-01 1.657969e-04 -1.455194e-02 5.800550e-01 -1.522760e-04 9.999996e-01 9.296427e-04 3.495912e-01 1.455200e-02 -9.273226e-04 9.998937e-01 -2.579542e+01
9.998866e-01 -3.180096e-04 1.505447e-02 3.053693e-01 3.322818e-04 9.999995e-01 -9.449474e-04 3.659348e-01 -1.505425e-02 9.498482e-04 9.998862e-01 -2.637637e+01
9.999023e-01 2.063286e-04 -1.397502e-02 1.027522e-01 -1.925802e-04 9.999995e-01 9.844876e-04 3.779893e-01 1.397513e-02 -9.816943e-04 9.999018e-01 -2.681277e+01
9.998869e-01 -3.249914e-04 1.503159e-02 -7.252528e-02 3.389990e-04 9.999995e-01 -9.287393e-04 3.881112e-01 -1.503137e-02 9.337357e-04 9.998866e-01 -2.717489e+01
9.998981e-01 1.965492e-04 -1.427046e-02 -3.062627e-01 -1.829451e-04 9.999995e-01 9.539783e-04 4.025023e-01 1.427055e-02 -9.512647e-04 9.998977e-01 -2.769614e+01
9.998914e-01 -3.326331e-04 1.473073e-02 -6.720993e-01 3.478568e-04 9.999994e-01 -1.030306e-03 4.256505e-01 -1.473047e-02 1.035324e-03 9.998909e-01 -2.853023e+01
9.998955e-01 2.856542e-04 -1.445094e-02 -1.067653e+00 -2.726904e-04 9.999996e-01 8.984392e-04 4.575688e-01 1.445110e-02 -8.943989e-04 9.998951e-01 -2.980293e+01
9.998696e-01 -2.849870e-04 1.614103e-02 -1.121310e+00 2.983576e-04 9.999996e-01 -8.254049e-04 4.678877e-01 -1.614088e-02 8.301189e-04 9.998694e-01 -3.034059e+01
9.999004e-01 2.907662e-04 -1.410572e-02 -1.058289e+00 -2.769327e-04 9.999995e-01 9.820189e-04 4.687500e-01 1.410591e-02 -9.780090e-04 9.999000e-01 -3.051759e+01
9.998897e-01 -3.562614e-04 1.484487e-02 -1.130209e+00 3.694088e-04 9.999995e-01 -8.823169e-04 4.771909e-01 -1.484464e-02 8.877092e-04 9.998894e-01 -3.092353e+01
9.998879e-01 2.283870e-04 -1.496490e-02 -1.387861e+00 -2.146430e-04 9.999996e-01 9.194202e-04 4.951451e-01 1.496501e-02 -9.160992e-04 9.998876e-01 -3.160456e+01
9.998924e-01 -3.473808e-04 1.465958e-02 -1.447882e+00 3.582577e-04 9.999997e-01 -7.387274e-04 5.007916e-01 -1.465941e-02 7.439056e-04 9.998922e-01 -3.186492e+01
9.998796e-01 2.039550e-04 -1.550864e-02 -1.558689e+00 -1.903473e-04 9.999996e-01 8.783199e-04 5.106496e-01 1.550873e-02 -8.752564e-04 9.998793e-01 -3.229073e+01
9.998811e-01 -3.217907e-04 1.540963e-02 -1.803592e+00 3.350348e-04 9.999996e-01 -8.563025e-04 5.284294e-01 -1.540944e-02 8.613693e-04 9.998809e-01 -3.297710e+01
9.998845e-01 1.879391e-04 -1.519568e-02 -2.162390e+00 -1.756938e-04 9.999997e-01 8.065854e-04 5.518870e-01 1.519574e-02 -8.038166e-04 9.998842e-01 -3.383369e+01
9.998891e-01 -3.185787e-04 1.488720e-02 -2.363833e+00 3.296267e-04 9.999997e-01 -7.390506e-04 5.668098e-01 -1.488705e-02 7.438816e-04 9.998889e-01 -3.441927e+01
9.998806e-01 1.846899e-04 -1.544817e-02 -2.712898e+00 -1.739668e-04 9.999997e-01 6.948953e-04 5.909128e-01 1.544820e-02 -6.921190e-04 9.998804e-01 -3.532514e+01
9.998948e-01 -3.076358e-04 1.449922e-02 -3.069077e+00 3.181222e-04 9.999997e-01 -7.203101e-04 6.169544e-01 -1.449909e-02 7.248527e-04 9.998946e-01 -3.632753e+01
9.998722e-01 1.602541e-04 -1.597883e-02 -3.166379e+00 -1.462463e-04 9.999996e-01 8.772496e-04 6.273026e-01 1.597888e-02 -8.747949e-04 9.998719e-01 -3.680826e+01
9.998837e-01 -2.934275e-04 1.524198e-02 -3.227253e+00 3.042090e-04 9.999997e-01 -7.044434e-04 6.329854e-01 -1.524186e-02 7.090041e-04 9.998836e-01 -3.707221e+01
9.998825e-01 1.605948e-04 -1.532221e-02 -3.447202e+00 -1.489864e-04 9.999997e-01 7.581627e-04 6.479661e-01 1.532224e-02 -7.557850e-04 9.998823e-01 -3.764044e+01
9.998773e-01 -2.984210e-04 1.565714e-02 -3.681038e+00 3.100292e-04 9.999997e-01 -7.383858e-04 6.627025e-01 -1.565701e-02 7.431552e-04 9.998771e-01 -3.818266e+01
9.998839e-01 2.114077e-04 -1.522846e-02 -3.754370e+00 -1.983676e-04 9.999996e-01 8.572121e-04 6.657495e-01 1.522855e-02 -8.540859e-04 9.998836e-01 -3.830607e+01
9.998701e-01 -2.509674e-04 1.611201e-02 -3.682794e+00 2.628573e-04 9.999997e-01 -7.352686e-04 6.570319e-01 -1.611191e-02 7.394141e-04 9.998699e-01 -3.799142e+01
9.998831e-01 9.241344e-05 -1.528341e-02 -3.914975e+00 -8.108053e-05 9.999997e-01 7.415423e-04 6.702391e-01 1.528338e-02 -7.402106e-04 9.998829e-01 -3.845285e+01
9.998599e-01 -2.468501e-04 1.673179e-02 -4.309974e+00 2.607933e-04 9.999996e-01 -8.306110e-04 6.924738e-01 -1.673167e-02 8.348641e-04 9.998596e-01 -3.920778e+01
9.998989e-01 1.651219e-04 -1.421699e-02 -4.549019e+00 -1.530352e-04 9.999996e-01 8.506088e-04 7.065617e-01 1.421703e-02 -8.483412e-04 9.998985e-01 -3.970083e+01
9.998665e-01 -2.593061e-04 1.633213e-02 -4.800656e+00 2.733372e-04 9.999996e-01 -8.563168e-04 7.218457e-01 -1.633199e-02 8.606726e-04 9.998662e-01 -4.024260e+01
9.998770e-01 1.123972e-04 -1.567660e-02 -5.095002e+00 -9.925841e-05 9.999996e-01 8.383096e-04 7.394228e-01 1.567660e-02 -8.366445e-04 9.998767e-01 -4.086502e+01
9.998680e-01 -2.878888e-04 1.624023e-02 -5.462116e+00 3.023662e-04 9.999996e-01 -8.884347e-04 7.601165e-01 -1.624006e-02 8.932339e-04 9.998677e-01 -4.157319e+01
9.998967e-01 1.725919e-04 -1.436850e-02 -5.794809e+00 -1.603192e-04 9.999996e-01 8.546518e-04 7.797480e-01 1.436855e-02 -8.522540e-04 9.998964e-01 -4.225399e+01
9.998769e-01 -2.800041e-04 1.568124e-02 -6.093235e+00 2.935337e-04 9.999996e-01 -8.599034e-04 7.985197e-01 -1.568109e-02 8.644065e-04 9.998766e-01 -4.292915e+01
9.998994e-01 1.875298e-04 -1.418098e-02 -6.322345e+00 -1.746386e-04 9.999996e-01 9.096397e-04 8.132294e-01 1.418105e-02 -9.070656e-04 9.998990e-01 -4.346759e+01
9.998480e-01 -2.543250e-04 1.742780e-02 -6.411374e+00 2.689476e-04 9.999996e-01 -8.361675e-04 8.206335e-01 -1.742768e-02 8.407335e-04 9.998477e-01 -4.378265e+01
9.998795e-01 2.108234e-04 -1.551783e-02 -6.584713e+00 -1.970031e-04 9.999996e-01 8.915464e-04 8.338503e-01 1.551792e-02 -8.883759e-04 9.998792e-01 -4.431162e+01
9.998584e-01 -2.637934e-04 1.682311e-02 -6.626698e+00 2.758906e-04 9.999997e-01 -7.162133e-04 8.385132e-01 -1.682301e-02 7.207592e-04 9.998582e-01 -4.454458e+01
9.998800e-01 2.266631e-04 -1.548776e-02 -6.566857e+00 -2.131495e-04 9.999996e-01 8.735961e-04 8.333445e-01 1.548786e-02 -8.701840e-04 9.998796e-01 -4.439081e+01
9.998782e-01 -3.103968e-04 1.559910e-02 -6.580731e+00 3.213674e-04 9.999997e-01 -7.001871e-04 8.351676e-01 -1.559897e-02 7.051209e-04 9.998781e-01 -4.451009e+01
9.998774e-01 2.097486e-04 -1.565349e-02 -6.657962e+00 -1.964275e-04 9.999996e-01 8.519507e-04 8.408155e-01 1.565357e-02 -8.487654e-04 9.998771e-01 -4.475269e+01
9.998704e-01 -3.270202e-04 1.609050e-02 -6.870797e+00 3.400223e-04 9.999996e-01 -8.047499e-04 8.551279e-01 -1.609032e-02 8.101228e-04 9.998702e-01 -4.529196e+01
9.998762e-01 2.271321e-04 -1.572615e-02 -6.965439e+00 -2.122931e-04 9.999995e-01 9.446714e-04 8.609099e-01 1.572627e-02 -9.412099e-04 9.998759e-01 -4.552286e+01
9.998403e-01 -2.562106e-04 1.786311e-02 -6.918274e+00 2.706942e-04 9.999996e-01 -8.078758e-04 8.559721e-01 -1.786298e-02 8.125883e-04 9.998401e-01 -4.536166e+01
9.998859e-01 2.252534e-04 -1.510188e-02 -6.839798e+00 -2.113850e-04 9.999996e-01 9.193046e-04 8.491070e-01 1.510199e-02 -9.160013e-04 9.998855e-01 -4.513658e+01
9.998000e-01 -2.472243e-04 1.999356e-02 -6.736645e+00 2.648814e-04 9.999996e-01 -8.800299e-04 8.402742e-01 -1.999342e-02 8.851559e-04 9.997997e-01 -4.483463e+01
9.998703e-01 2.196639e-04 -1.609655e-02 -6.694741e+00 -2.040312e-04 9.999995e-01 9.722565e-04 8.373469e-01 1.609666e-02 -9.688401e-04 9.998699e-01 -4.476315e+01
9.997921e-01 -2.446174e-04 2.038703e-02 -6.793392e+00 2.629727e-04 9.999996e-01 -8.972087e-04 8.456452e-01 -2.038689e-02 9.023895e-04 9.997917e-01 -4.510902e+01
9.998423e-01 2.282061e-04 -1.775565e-02 -6.998794e+00 -2.120448e-04 9.999996e-01 9.115689e-04 8.609157e-01 1.775576e-02 -9.076539e-04 9.998419e-01 -4.570354e+01
9.997511e-01 -2.088092e-04 2.230450e-02 -7.205434e+00 2.292263e-04 9.999996e-01 -9.124095e-04 8.759019e-01 -2.230440e-02 9.173014e-04 9.997508e-01 -4.627878e+01
9.998879e-01 2.036628e-04 -1.496720e-02 -7.285013e+00 -1.896917e-04 9.999995e-01 9.342595e-04 8.823549e-01 1.496729e-02 -9.313094e-04 9.998875e-01 -4.654018e+01
9.997383e-01 -2.342132e-04 2.287143e-02 -7.358900e+00 2.554975e-04 9.999995e-01 -9.272834e-04 8.874799e-01 -2.287129e-02 9.328906e-04 9.997380e-01 -4.673083e+01
9.999541e-01 2.528606e-04 -9.568290e-03 -7.448805e+00 -2.448817e-04 9.999996e-01 8.341068e-04 8.940102e-01 9.568403e-03 -8.317191e-04 9.999538e-01 -4.695629e+01
9.998949e-01 -2.968937e-04 1.449353e-02 -7.577536e+00 3.084579e-04 9.999996e-01 -7.950233e-04 9.043197e-01 -1.449339e-02 7.994167e-04 9.998946e-01 -4.737055e+01
9.999177e-01 2.930954e-04 -1.282464e-02 -7.731383e+00 -2.829340e-04 9.999996e-01 7.934347e-04 9.217120e-01 1.282478e-02 -7.897345e-04 9.999174e-01 -4.815965e+01
9.998905e-01 -2.761329e-04 1.479179e-02 -7.977857e+00 2.887572e-04 9.999996e-01 -8.507210e-04 9.451310e-01 -1.479164e-02 8.549054e-04 9.998902e-01 -4.915412e+01
9.999232e-01 2.995310e-04 -1.238133e-02 -8.104873e+00 -2.886479e-04 9.999996e-01 8.800395e-04 9.601709e-01 1.238150e-02 -8.763917e-04 9.999229e-01 -4.984864e+01
9.998996e-01 -2.783150e-04 1.416001e-02 -8.160875e+00 2.902340e-04 9.999996e-01 -8.390407e-04 9.734355e-01 -1.415987e-02 8.430726e-04 9.998994e-01 -5.054626e+01
9.999377e-01 2.865868e-04 -1.115578e-02 -8.400198e+00 -2.774836e-04 9.999996e-01 8.167387e-04 9.936461e-01 1.115592e-02 -8.135858e-04 9.999374e-01 -5.136955e+01
9.996973e-01 -2.365043e-04 2.460067e-02 -8.610639e+00 2.603845e-04 9.999995e-01 -9.671430e-04 1.011154e+00 -2.460052e-02 9.732623e-04 9.996969e-01 -5.205394e+01
9.999524e-01 3.596089e-04 -9.748019e-03 -8.773148e+00 -3.519694e-04 9.999996e-01 7.844864e-04 1.027459e+00 9.748202e-03 -7.810116e-04 9.999521e-01 -5.273360e+01
9.998480e-01 -3.198923e-04 1.742677e-02 -9.034744e+00 3.356664e-04 9.999995e-01 -9.017299e-04 1.049287e+00 -1.742656e-02 9.074490e-04 9.998477e-01 -5.360682e+01
9.999333e-01 3.599008e-04 -1.153768e-02 -9.346236e+00 -3.509584e-04 9.999996e-01 7.763122e-04 1.072691e+00 1.153786e-02 -7.722046e-04 9.999331e-01 -5.450182e+01
9.998053e-01 -3.377488e-04 1.972434e-02 -9.575723e+00 3.546423e-04 9.999996e-01 -8.525352e-04 1.090077e+00 -1.972414e-02 8.593709e-04 9.998051e-01 -5.516129e+01
9.999017e-01 4.054418e-04 -1.400730e-02 -9.853408e+00 -3.947714e-04 9.999996e-01 7.639080e-04 1.111072e+00 1.400751e-02 -7.582966e-04 9.999016e-01 -5.596360e+01
9.998373e-01 -3.774366e-04 1.803164e-02 -1.010063e+01 3.918147e-04 9.999996e-01 -7.933569e-04 1.129422e+00 -1.803143e-02 8.002995e-04 9.998371e-01 -5.666385e+01
9.998916e-01 3.681200e-04 -1.471623e-02 -1.031617e+01 -3.564417e-04 9.999996e-01 7.955885e-04 1.144941e+00 1.471642e-02 -7.902501e-04 9.998914e-01 -5.725426e+01
9.998354e-01 -3.904756e-04 1.813571e-02 -1.045094e+01 4.035476e-04 9.999997e-01 -7.166415e-04 1.155223e+00 -1.813552e-02 7.238489e-04 9.998352e-01 -5.766162e+01
9.999178e-01 3.558505e-04 -1.281467e-02 -1.060848e+01 -3.468585e-04 9.999997e-01 7.032300e-04 1.166760e+00 1.281482e-02 -6.987206e-04 9.999176e-01 -5.810148e+01
9.998506e-01 -3.506068e-04 1.727727e-02 -1.083736e+01 3.630188e-04 9.999997e-01 -7.147562e-04 1.183148e+00 -1.727711e-02 7.209281e-04 9.998504e-01 -5.871887e+01
9.998804e-01 2.927461e-04 -1.545766e-02 -1.098844e+01 -2.804540e-04 9.999996e-01 7.968106e-04 1.194356e+00 1.545780e-02 -7.923734e-04 9.998802e-01 -5.915707e+01
9.998703e-01 -3.943464e-04 1.609459e-02 -1.118710e+01 4.061439e-04 9.999997e-01 -7.291963e-04 1.208326e+00 -1.609439e-02 7.356452e-04 9.998702e-01 -5.969306e+01
9.998813e-01 2.916879e-04 -1.539869e-02 -1.138473e+01 -2.795265e-04 9.999996e-01 7.913534e-04 1.221966e+00 1.539882e-02 -7.869484e-04 9.998811e-01 -6.021194e+01
9.998742e-01 -4.561064e-04 1.584851e-02 -1.162745e+01 4.685945e-04 9.999996e-01 -7.837008e-04 1.236284e+00 -1.584824e-02 7.910355e-04 9.998741e-01 -6.072061e+01
9.998903e-01 2.646830e-04 -1.480726e-02 -1.204726e+01 -2.547064e-04 9.999997e-01 6.750585e-04 1.259426e+00 1.480733e-02 -6.712062e-04 9.998901e-01 -6.149738e+01
9.998647e-01 -3.859910e-04 1.644156e-02 -1.247171e+01 3.991772e-04 9.999996e-01 -7.981925e-04 1.285303e+00 -1.644135e-02 8.046544e-04 9.998645e-01 -6.240722e+01
9.998897e-01 3.036819e-04 -1.484712e-02 -1.293075e+01 -2.943613e-04 9.999998e-01 6.293671e-04 1.316151e+00 1.484721e-02 -6.249204e-04 9.998895e-01 -6.353396e+01
9.998718e-01 -4.099455e-04 1.600287e-02 -1.330679e+01 4.216282e-04 9.999996e-01 -7.261176e-04 1.341075e+00 -1.600266e-02 7.327785e-04 9.998716e-01 -6.444595e+01
9.998887e-01 3.060980e-04 -1.491341e-02 -1.357054e+01 -2.951396e-04 9.999997e-01 7.364163e-04 1.358238e+00 1.491353e-02 -7.319260e-04 9.998885e-01 -6.507783e+01
9.998873e-01 -4.571141e-04 1.500226e-02 -1.385382e+01 4.683897e-04 9.999996e-01 -7.474987e-04 1.376320e+00 -1.500201e-02 7.544482e-04 9.998871e-01 -6.573915e+01
9.998800e-01 2.698618e-04 -1.548480e-02 -1.420799e+01 -2.589081e-04 9.999997e-01 7.088185e-04 1.398092e+00 1.548489e-02 -7.047174e-04 9.998798e-01 -6.651908e+01
9.998860e-01 -4.776456e-04 1.508689e-02 -1.456016e+01 4.889769e-04 9.999996e-01 -7.468007e-04 1.418356e+00 -1.508662e-02 7.540996e-04 9.998859e-01 -6.722501e+01
9.998736e-01 2.151483e-04 -1.589537e-02 -1.492871e+01 -2.032024e-04 9.999997e-01 7.525996e-04 1.435406e+00 1.589543e-02 -7.492676e-04 9.998733e-01 -6.776299e+01
9.998841e-01 -4.556443e-04 1.521140e-02 -1.536732e+01 4.685817e-04 9.999995e-01 -8.463664e-04 1.459600e+00 -1.521110e-02 8.534030e-04 9.998839e-01 -6.858362e+01
9.998902e-01 3.235940e-04 -1.480995e-02 -1.585171e+01 -3.132457e-04 9.999997e-01 7.004570e-04 1.491145e+00 1.481008e-02 -6.957341e-04 9.998900e-01 -6.972595e+01
9.998928e-01 -4.677059e-04 1.463256e-02 -1.624538e+01 4.787828e-04 9.999996e-01 -7.528976e-04 1.517019e+00 -1.463230e-02 7.598295e-04 9.998926e-01 -7.067388e+01
9.998900e-01 3.530711e-04 -1.482540e-02 -1.637328e+01 -3.396726e-04 9.999995e-01 9.056733e-04 1.527196e+00 1.482562e-02 -9.005310e-04 9.998897e-01 -7.109180e+01
9.998854e-01 -4.771406e-04 1.512761e-02 -1.640747e+01 4.880608e-04 9.999996e-01 -7.175948e-04 1.530765e+00 -1.512736e-02 7.249027e-04 9.998853e-01 -7.126959e+01
9.999018e-01 3.965955e-04 -1.400542e-02 -1.650083e+01 -3.844790e-04 9.999995e-01 8.671834e-04 1.538353e+00 1.400566e-02 -8.617065e-04 9.999015e-01 -7.158509e+01
9.998864e-01 -4.517167e-04 1.505943e-02 -1.663152e+01 4.631381e-04 9.999996e-01 -7.543440e-04 1.549767e+00 -1.505918e-02 7.612398e-04 9.998863e-01 -7.206044e+01
9.998849e-01 4.031970e-04 -1.516491e-02 -1.665207e+01 -3.887710e-04 9.999995e-01 9.536348e-04 1.556864e+00 1.516519e-02 -9.476224e-04 9.998845e-01 -7.244914e+01
9.998671e-01 -4.952542e-04 1.628967e-02 -1.676168e+01 5.098925e-04 9.999995e-01 -8.939289e-04 1.562204e+00 -1.628931e-02 9.021231e-04 9.998669e-01 -7.264169e+01
9.998730e-01 3.996161e-04 -1.592599e-02 -1.687518e+01 -3.838263e-04 9.999994e-01 9.939382e-04 1.566845e+00 1.592628e-02 -9.876922e-04 9.998726e-01 -7.280082e+01
9.998546e-01 -4.463104e-04 1.704025e-02 -1.692867e+01 4.614642e-04 9.999995e-01 -8.848467e-04 1.571896e+00 -1.703994e-02 8.925885e-04 9.998544e-01 -7.303687e+01
9.998521e-01 4.417880e-04 -1.718744e-02 -1.710222e+01 -4.266310e-04 9.999995e-01 8.850074e-04 1.592449e+00 1.718772e-02 -8.775369e-04 9.998519e-01 -7.396196e+01
9.998686e-01 -4.026827e-04 1.620157e-02 -1.716131e+01 4.178128e-04 9.999995e-01 -9.299343e-04 1.614308e+00 -1.620128e-02 9.365883e-04 9.998683e-01 -7.513905e+01
9.998601e-01 2.824921e-04 -1.672236e-02 -1.746201e+01 -2.669334e-04 9.999995e-01 9.321068e-04 1.636074e+00 1.672252e-02 -9.275056e-04 9.998597e-01 -7.597429e+01
9.998556e-01 -3.699603e-04 1.698315e-02 -1.768880e+01 3.853082e-04 9.999995e-01 -8.999191e-04 1.653348e+00 -1.698291e-02 9.063399e-04 9.998553e-01 -7.665177e+01
9.998712e-01 3.155434e-04 -1.604172e-02 -1.789823e+01 -3.005848e-04 9.999995e-01 9.343333e-04 1.669946e+00 1.604191e-02 -9.293841e-04 9.998708e-01 -7.731310e+01
9.998551e-01 -4.313764e-04 1.701091e-02 -1.834020e+01 4.494291e-04 9.999993e-01 -1.056903e-03 1.698255e+00 -1.701054e-02 1.064402e-03 9.998547e-01 -7.832960e+01
9.998651e-01 3.090664e-04 -1.641947e-02 -1.871151e+01 -2.925153e-04 9.999994e-01 1.009870e-03 1.722279e+00 1.641967e-02 -1.004924e-03 9.998646e-01 -7.920061e+01
9.998571e-01 -4.198808e-04 1.689611e-02 -1.906614e+01 4.376878e-04 9.999994e-01 -1.049694e-03 1.746141e+00 -1.689576e-02 1.056946e-03 9.998567e-01 -8.008133e+01
