0.999999873249333 0.00018472653828796115 0.00046837743761255965 0.0003934705164283514 -0.00018455194613378598 0.9999999134895533 -0.0003727753547909677 -0.013152308762073517 -0.00046844625859386786 0.0003726888675738063 0.9999998208305394 0.7806612849235535
0.9999884611379318 0.00025840214268669343 -0.004796959383135692 -0.005640021059662104 -0.0002593539716420003 0.9999999468048636 -0.00019780239429883993 -0.01284260954707861 0.004796908015398269 0.000199044222352117 0.9999884749610314 0.7584326267242432
0.9999996913732894 0.0001582718740596408 0.0007695474903234705 0.00087317219004035 -0.00015800242136081494 0.9999999262002108 -0.00035019252944246647 -0.01345117762684822 -0.0007696028591589445 0.0003500708309968748 0.9999996425808623 0.7906214594841003
0.9999978294791904 0.0001784106307463022 0.002075862845882512 0.002541105728596449 -0.00017760008909575669 0.9999999079301143 -0.00039063790297935036 -0.013936666771769524 -0.002075932348712721 0.00039026838166527364 0.9999977690952484 0.812225341796875
0.9999997788343726 0.00019612228813535256 0.0006355055104700051 0.0004567233845591545 -0.00019591152176642667 0.9999999257979509 -0.0003316968014784798 -0.0130878034979105 -0.0006355705164498672 0.00033157222526690146 0.999999743054956 0.7760684490203857
0.9999917329452668 0.0002483259922819247 -0.004058617415333407 -0.004963771905750036 -0.0002494512620928004 0.9999999305915833 -0.00027675060361913973 -0.012682467699050903 0.00405854840926294 0.00027776074294335885 0.999991725482656 0.7294527888298035
0.9999911965677505 0.00028229008942827927 -0.0041865378660416635 -0.00506229791790247 -0.00028313824486690263 0.9999999395144002 -0.00020199982701993874 -0.012411334551870823 0.004186480590267176 0.00020318341771160704 0.9999912160098038 0.7160497903823853
0.9999920549843709 0.0002825982320152317 -0.003976192446807611 -0.004945128224790096 -0.00028335739054387234 0.9999999417350753 -0.00019036395381629784 -0.012014560401439667 0.00397613841861827 0.00019148912488773723 0.9999920767962068 0.6866728067398071
0.9999271715399508 0.00042487252695929404 -0.012061140055977812 -0.014315971173346043 -0.0004246414323074051 0.9999999096039182 2.1721182694945097e-05 -0.011367082595825195 0.012061148194431786 -1.6597940986028342e-05 0.9999272615689306 0.6550288796424866
0.9999339709298816 0.00040444803078973585 -0.011484345962626971 -0.013695446774363518 -0.00040454799224868773 0.9999999181500986 -6.381089134319866e-06 -0.011272335425019264 0.01148434244181545 1.1026636898408047e-05 0.9999340527040234 0.6519659161567688
0.9999946811800645 0.00019553235932423608 0.0032556686990382897 0.0032771737314760685 -0.00019429996793849093 0.9999999093604425 -0.00037884908549998367 -0.012104682624340057 -0.0032557424812014344 0.0003782144941460736 0.9999946285329201 0.7082825899124146
0.9999999411254923 0.0002477488769927059 -0.000237422631298867 0.0001634333748370409 -0.00024783366456692735 0.9999999055098174 -0.0003571537915709044 -0.01509220153093338 0.00023733412441398382 0.0003572126118644167 0.9999999080358274 0.8625076413154602
0.9999976108368643 0.00011663333727029963 0.002182823224086235 0.0022567077539861202 -0.00011573538103930544 0.9999999086383545 -0.00041149556957937434 -0.012429255060851574 -0.0021828710187614658 0.00041124195657174804 0.999997532974041 0.7339159846305847
0.999997423726145 0.00012653112694871287 0.002266391613831809 0.001979491673409939 -0.0001257134818960785 0.999999926970635 -0.00036090836178139516 -0.011850683949887753 -0.00226643711446041 0.0003606225160015037 0.9999973666036364 0.6781415343284607
0.9999993753921865 0.00017038956100880043 0.0011046187731051228 0.000828147167339921 -0.0001700059964780168 0.9999999252328248 -0.0003473216168802959 -0.01177371758967638 -0.0011046778704937267 0.00034713360812525026 0.9999993295923053 0.6889578104019165
0.9999847953629539 9.444359232998892e-05 0.005513630683973324 0.005619562231004238 -9.23553832152954e-05 0.9999999239188541 -0.00037898914148743823 -0.011623264290392399 -0.005513666057585959 0.00037847416562037154 0.9999847280053389 0.6745318174362183
0.9999983275171828 0.0001807835329680687 0.0018199670744223756 0.00180823914706707 -0.00018012605540103585 0.9999999184667618 -0.0003614153762135401 -0.012815622612833977 -0.0018200322639831473 0.0003610869482624579 0.9999982785479055 0.757779598236084
0.9999929600418804 0.0001879711406767824 0.0037476037048263817 0.004229374695569277 -0.0001864129897775298 0.9999998960481826 -0.0004161175571855464 -0.01348143257200718 -0.0037476815333480455 0.00041541602572425296 0.9999928911310572 0.7909922003746033
0.9999981787048522 0.00017773123993274247 0.0019002627673125405 0.0026263208128511906 -0.00017719273132516528 0.9999999441007839 -0.0002835509920367545 -0.015586970373988152 -0.00190031305695874 0.00028321376285673296 0.9999981542984218 0.8864192962646484
0.9999999504179883 0.00026530623111949234 0.00016963674416339654 0.0015893594827502966 -0.0002652661690716277 0.9999999369352545 -0.00023614264128050757 -0.01883549988269806 -0.00016969938357946313 0.00023609763068282235 0.9999999577300133 1.0266128778457642
0.9999983543393564 0.00025098092896136095 0.0017967546165675815 0.002757688984274864 -0.00025021589000013986 0.999999877957372 -0.00042600146632915906 -0.01582055538892746 -0.0017968613155306848 0.0004255511887198155 0.9999982950963457 0.8975070714950562
0.9999982000435442 0.00023035123652334307 0.001883307722965595 0.003109394107013941 -0.00022974229624639678 0.9999999212684025 -0.0003235454619148622 -0.01719033718109131 -0.0018833821037869934 0.0003231122041063067 0.9999981742335106 0.9602971076965332
0.9999995380988812 0.00029459923725865314 0.0009148843171990074 0.0025544599629938602 -0.00029432629986274 0.9999999121497312 -0.0002984502628420671 -0.019082900136709213 -0.0009149721600459669 0.00029818085047167306 0.9999995369569562 1.0388073921203613
0.9999992531959444 0.0003067493175604641 0.0011830098942372828 0.002630637027323246 -0.00030630453685397303 0.9999998823493725 -0.0003761366400055444 -0.017969641834497452 -0.0011831251347130577 0.00037577399780742814 0.9999992295041124 0.9916099309921265
0.9999933212206003 0.00020971712046737324 0.003648771426465546 0.004866905976086855 -0.00020831267207867463 0.9999999040803654 -0.00038528572573639814 -0.01593407616019249 -0.0036488518774896827 0.0003845230671723788 0.9999932689883402 0.904752790927887
0.9999966085864315 0.0002594964128634959 0.0025914237875946902 0.0038005495443940163 -0.0002583516823021938 0.999999868917322 -0.0004420630576527704 -0.016195908188819885 -0.0025915381616816407 0.00044139205973903553 0.9999965445455329 0.9158772230148315
0.9999450839042958 0.00013806443903808215 0.010479032104236962 0.011920375749468803 -0.00013239823441109054 0.9999998446728855 -0.0005414101149340607 -0.013040756806731224 -0.01047910522604295 0.0005399929774554356 0.9999449468651991 0.7731675505638123
0.9997571184771481 -0.00023173084215201927 0.022037476150553365 0.024131927639245987 0.0002451416634609576 0.9999997864276966 -0.0006058466191173615 -0.010970012284815311 -0.02203733105061156 0.0006111017737299234 0.9997569617636016 0.6537075042724609
0.9996285789374844 -0.0004485779095402051 0.027248907304422452 0.029514193534851074 0.0004665556653096794 0.9999996776928604 -0.0006534064485409877 -0.009487326256930828 -0.02724860541820631 0.0006658768916999925 0.9996284660366213 0.5915896892547607
0.9994076356161709 -0.0004568696827880294 0.034411758777897164 0.037649109959602356 0.00048098650767070406 0.9999996445090601 -0.000692555942091764 -0.009336045943200588 -0.034411430137015114 0.000708697288295247 0.9994075000839643 0.5903612971305847
0.9996020139320584 -0.0003675683407794352 0.028207776170547944 0.03074369952082634 0.00038537634872542944 0.9999997298785047 -0.0006258817678378563 -0.010017535649240017 -0.028207538496698343 0.0006365032854003483 0.9996018855702129 0.6364316344261169
0.9997752211324881 -0.0002696540301821485 0.02119987019273718 0.02297850325703621 0.00028119012305155555 0.9999998140283567 -0.000541179607030122 -0.010579618625342846 -0.021199720318900387 0.0005470191553991061 0.999775111026697 0.6519441604614258
0.9997775367715107 -0.00032597129127628216 0.021089587710717558 0.022547461092472076 0.0003379732463381841 0.9999997829737312 -0.0005655321170954195 -0.010103782638907433 -0.021089398786488554 0.000572534023417361 0.9997774299630977 0.6278162598609924
0.9998784537909312 -0.00010377912207734174 0.015590602122768936 0.016910415142774582 0.00011208982672865064 0.9999998521071011 -0.0005321857257759642 -0.011021938174962997 -0.015590544587262188 0.0005338685885090122 0.9998783175485919 0.6852172613143921
0.9999349342555285 2.115429232895931e-05 0.01140731378932213 0.012565337121486664 -1.6007310288442958e-05 0.9999998980399615 -0.00045129129488869 -0.011783400550484657 -0.011407322172979954 0.0004510793308732312 0.9999348326407473 0.7145447134971619
0.9997281023305692 -0.00030616453499775215 0.023315824536072564 0.025133643299341202 0.0003186064605929678 0.9999998088411125 -0.0005299128816170062 -0.009973199106752872 -0.023315657838514487 0.0005371973718707379 0.9997280087696561 0.6214094161987305
0.9999068226823389 -0.00011179556442480569 0.01365040127839944 0.014467188157141209 0.00011786445161073311 0.9999998945790322 -0.00044379037322964685 -0.010533570311963558 -0.013650350225565667 0.0004453579190940105 0.9999067304479169 0.6604704260826111
0.9998021387104626 -0.0002414066176129266 0.01989032812273599 0.021513335406780243 0.0002515476876232493 0.9999998396603871 -0.0005073489539862343 -0.01062040776014328 -0.019890202456133547 0.0005122519353132949 0.999802039127851 0.6552234888076782
0.9998880718478683 -0.0001705898623125419 0.014960437007363549 0.01605638489127159 0.00017856065961955727 0.9999998428344355 -0.0005314576137902459 -0.01090235635638237 -0.01496034399481686 0.0005340694742218295 0.9998879451605334 0.6567819118499756
0.9998870014226217 -0.0002106169245239166 0.0150313015600531 0.015689529478549957 0.0002170966106549425 0.99999988422126 -0.0004294490987384334 -0.010254201479256153 -0.015031209370499529 0.00043266381622363936 0.9998869313811849 0.6242321133613586
0.9998394275527401 -0.0002877110622095549 0.01791748680349751 0.019023951143026352 0.0002962683565246053 0.9999998433275707 -0.00047494199101223976 -0.009943971410393715 -0.017917347350256605 0.00048017411278275995 0.9998393561451517 0.6215968132019043
0.9999996650439698 0.00015390982968794205 0.0008038804091348336 -0.00019190367311239243 -0.00015378262801673796 0.9999999756469583 -0.00015829398503087888 -0.010450933128595352 -0.0008039047525581774 0.00015817030916742613 0.9999996643595945 0.6277496218681335
0.9999930198430286 0.0002500335882875455 -0.0037279684044550336 -0.005395334679633379 -0.00025038952544811433 0.9999999641389876 -9.501109730745806e-05 -0.01056279893964529 0.0037279445148007267 9.594387835476192e-05 0.9999930465880582 0.632366418838501
0.9999791192660251 -4.842197944722722e-05 0.00646209619679905 0.006300260312855244 5.068762235837319e-05 0.999999937310711 -0.0003504416342562184 -0.010596503503620625 -0.006462078822617222 0.0003507618650693466 0.9999790590324401 0.6419265866279602
0.9999888464443989 4.456118016348009e-06 0.00472302518981458 0.0042653633281588554 -2.912804009151397e-06 0.9999999466062106 -0.00032677070211637924 -0.010651404969394207 -0.004723026393763181 0.00032675330021447616 0.9999887930641848 0.6404599547386169
0.9999080700498122 -0.00014832555877827106 0.013558371907754958 0.014291870407760143 0.00015419670534848115 0.9999998948070041 -0.00043198305205274535 -0.010631835088133812 -0.013558306407381617 0.00043403399615035324 0.999907987737799 0.6457275152206421
0.999989053519283 1.6504869241383496e-05 0.004678949582737143 0.0045075747184455395 -1.42865481923279e-05 0.9999998874937308 -0.00047413966326195057 -0.011179869994521141 -0.004678956881939126 0.0004740676270625663 0.999988941250043 0.6765519380569458
0.9999991379070874 0.00016045701682240146 -0.0013032415846283099 -0.0009479833533987403 -0.00016087263889033544 0.9999999362383349 -0.0003188154956682362 -0.014557975344359875 0.0013031903453481048 0.00031902487673248766 0.9999990999586209 0.8424698710441589
0.9999994127556857 0.0001733354366409035 -0.0010697864786642832 -0.0009790465701371431 -0.0001736757092030295 0.9999999343593889 -0.0003179905118280708 -0.014034770429134369 0.0010697312894186297 0.0003181761210153286 0.9999993772192682 0.8202756643295288
0.9999987818395932 0.00028281612914836065 -0.0015350356238081056 -0.0007133134640753269 -0.0002831920049463815 0.9999999299736667 -0.00024465271260468824 -0.016157787293195724 0.001534966324582025 0.0002450871243944107 0.999998791904612 0.9201357364654541
0.9999987170949254 0.000277417874417908 -0.001577608261384817 -0.0006462739547714591 -0.00027778982377739473 0.9999999336736441 -0.0002355536483452246 -0.016562888398766518 0.0015775428099553746 0.0002359915896731736 0.999998727832517 0.9359571933746338
0.9999987956715691 0.00024639858906227367 -0.0015322999532654635 -0.0007640663534402847 -0.0002467768048174333 0.9999999391338162 -0.0002466446281447083 -0.016086751595139503 0.001532239087111838 0.00024702246719005905 0.9999987956109151 0.9158359169960022
0.999998829332455 0.00021997632520186618 -0.001514247052636777 -0.0008434324990957975 -0.00022034526721981495 0.9999999460815907 -0.00024348465927487626 -0.015809595584869385 0.0015141934101303939 0.00024381803140673792 0.9999988238848507 0.9032770395278931
0.9999988848328695 0.00022828092116818573 -0.0014758796828238927 -0.0008616646518930793 -0.00022867028961588712 0.999999939097202 -0.0002636579048997918 -0.015678858384490013 0.0014758194048692867 0.0002639951007116722 0.9999988761312039 0.8971129655838013
0.9999985955757187 0.0002708189333446422 -0.0016539358195754605 -0.000834954553283751 -0.00027122184925327397 0.999999933599779 -0.00024339093195367362 -0.01624780334532261 0.0016538697948811792 0.00024383917366107045 0.999998602627603 0.9229627847671509
0.9999982406658556 0.00017666327707995522 -0.0018674729664341489 -0.0014415992191061378 -0.00017714580463235684 0.9999999509701105 -0.00025822304482442187 -0.0152251236140728 0.0018674272563428392 0.00025855340552507035 0.9999982229312105 0.8751012086868286
0.9999981237712282 0.00019017728431571383 -0.0019277672639483507 -0.001843141857534647 -0.00019067502511491626 0.9999999485356506 -0.00025801498235100787 -0.014380937442183495 0.0019277180961484064 0.0002583820753273435 0.9999981085690337 0.8380803465843201
0.9999990118609697 0.00018906855282115571 -0.0013930291334403105 -0.0008817041525617242 -0.0001894282226949492 0.9999999487596422 -0.00025806522755607845 -0.015390612185001373 0.0013929802700418915 0.00025832885158466465 0.9999989964355823 0.8819382190704346
0.9999990485754773 0.0002108267662769615 -0.001363231533880698 -0.001079845242202282 -0.00021121669931583104 0.9999999368248691 -0.0002858981702258853 -0.014599178917706013 0.0013631711727716542 0.00028618583548034463 0.9999990299305401 0.8494847416877747
0.9999992163184926 0.00019571153552766212 -0.00123655141244399 -0.0008856998756527901 -0.00019608187082166559 0.9999999359628697 -0.0002993762793419057 -0.014953376725316048 0.0012364927418674553 0.00029961851004057095 0.9999991906568965 0.8635134100914001
0.9999989173311612 0.0002399032752844077 -0.0014518205551921598 -0.0008508327882736921 -0.0002403023806251841 0.9999999333886229 -0.00027473171649076153 -0.015595510601997375 0.0014517545494457825 0.0002750802949829462 0.9999989083691841 0.8934434652328491
0.9999990417778756 0.00021627117126126968 -0.0013673588086598196 -0.0006448747590184212 -0.00021660229202787046 0.999999947255512 -0.0002420173977077109 -0.01600036956369877 0.0013673063951531112 0.00024231333885326608 0.9999990358782692 0.9095931649208069
0.9999990207761981 0.00019279915750212263 -0.0013861006926168674 -0.0007368994411081076 -0.00019313828093083608 0.9999999514512594 -0.00024453033251723707 -0.015663394704461098 0.0013860534800813314 0.0002447978021722842 0.9999990094644027 0.8957757949829102
0.9999988866515215 0.00015161005725812854 -0.0014844898478207815 -0.0009878476848825812 -0.0001520458260237567 0.9999999453877001 -0.00029343936979593714 -0.014880798757076263 0.00148444527838972 0.000293664753580797 0.9999988550909586 0.8555035591125488
0.9999971711203541 9.430111574311769e-05 0.0023767327550072415 0.002868136391043663 -9.331677037024696e-05 0.9999999098376035 -0.0004142665389258139 -0.013788608834147453 -0.0023767716065121558 0.00041404357799090357 0.9999970897580882 0.7948131561279297
0.9999884282497101 0.00026869612512394535 -0.004803245680472372 -0.006295072380453348 -0.0002687247453516443 0.9999999638793904 -5.313140158678646e-06 -0.010335512459278107 0.004803244079356037 6.603829648693797e-06 0.9999884643348161 0.6223807334899902
0.9997557863680762 0.00080050018505477 -0.022084538098035365 -0.02644830197095871 -0.0007899073535773807 0.9999995687712048 0.0004883684854300355 -0.009565514512360096 0.022084919513609566 -0.00047080448014449346 0.9997559875655755 0.5840314626693726
0.9999998027801714 0.00023191389374826457 -0.0005836570600977333 -0.0020336396992206573 -0.00023193040694320871 0.9999999727058143 -2.8225108023463352e-05 -0.010243751108646393 0.0005836504983725859 2.8360470276376136e-05 0.9999998292738751 0.6124987602233887
0.999927532283355 -6.914892688151632e-05 0.012038496589962247 0.012322520837187767 7.285817666434864e-05 0.9999999500131497 -0.0003076774035684801 -0.01023885514587164 -0.012038474712633434 0.00030853220980090476 0.9999274873381916 0.6013864278793335
0.9997032372407452 -0.0004083257283713049 0.024357149268206302 0.026140835136175156 0.00042173951089329373 0.9999997622402265 -0.0005455779277843476 -0.009587700478732586 -0.024356920703551267 0.0005556883927922381 0.999703171758623 0.5780718326568604
0.9999936227189714 0.00018546974482323554 -0.0035665280541361407 -0.005208520218729973 -0.00018554125491294351 0.9999999825927922 -1.9719477437401773e-05 -0.010041801258921623 0.0035665243346863977 2.0381089771599056e-05 0.999993639724164 0.579522430896759
0.9999168982527769 0.0004295592662225392 -0.01288456702347671 -0.016076797619462013 -0.00042716058203897696 0.9999998909217828 0.00018891865859988548 -0.009655632078647614 0.012884646769811475 -0.00018339917998020427 0.9999169726744105 0.5636144280433655
0.999908816925285 0.00036257728841005056 -0.013499124889662453 -0.016660086810588837 -0.0003610377570042199 0.9999999280416588 0.00011648353956236166 -0.009701819159090519 0.013499166152573738 -0.0001115992244633871 0.9999088758775962 0.5627328753471375
0.9999998542737377 0.00013415911891018708 -0.000522928134987687 -0.002129546832293272 -0.00013421781707103472 0.9999999846966268 -0.00011221552436700557 -0.009872708469629288 0.0005229130722492455 0.00011228569428701971 0.9999998569769107 0.5763378739356995
0.9997683458046013 -0.00035862953001069767 0.021520365052463773 0.023044712841510773 0.0003712582800534155 0.9999997612350222 -0.0005828354724541594 -0.009823465719819069 -0.021520150892142733 0.0005906900698872375 0.9997682402391169 0.5972281694412231
0.9999460422960498 2.151577405424154e-05 0.01038807169490131 0.011330381967127323 -1.6051260942263693e-05 0.9999998614698423 -0.000526120379325332 -0.011697141453623772 -0.010388081575727305 0.0005259252494282004 0.999945904118722 0.6875925064086914
0.9999493196415914 0.00013636345297172187 0.010066754855831998 0.011316933669149876 -0.00013092083469116363 0.9999998449217493 -0.0005413097196084856 -0.012332692742347717 -0.010066827109559756 0.0005399643378895287 0.9999491824240171 0.7364330887794495
0.9999699958786916 0.0001795693151006023 0.007744359058682479 0.008845136500895023 -0.00017588107995744907 0.9999998708035301 -0.0004769263760503984 -0.012934292666614056 -0.00774444369948133 0.0004755499800587371 0.9999698982689436 0.7660235166549683
0.9999843644959295 0.00020087087697384247 0.005588417894415664 0.006765378639101982 -0.0001986238925402084 0.9999998992184452 -0.00040263090855884883 -0.01491136010736227 -0.00558849820802992 0.000401514619906309 0.9999843036137062 0.857189416885376
0.999978784929576 0.00018166425508088873 0.006511273981902584 0.007388477213680744 -0.00017864273954870606 0.999999876106448 -0.00046462227697092383 -0.013021986931562424 -0.006511357580457562 0.000463449228154518 0.9999786934916526 0.7687280178070068
0.9999940632930056 0.00014538927735686255 0.0034427083382855624 0.0033377562649548054 -0.00014417524934559912 0.9999999273435273 -0.0003528830370241465 -0.011664314195513725 -0.003442759393560262 0.0003523845887278559 0.9999940115984994 0.6777727007865906
0.9999576720143886 7.118928714124126e-05 0.009200495185011148 0.01010627020150423 -6.675179513521686e-05 0.9999998813128408 -0.00048261630885129095 -0.011840341612696648 -0.009200528450141503 0.0004819817311053818 0.9999575580842661 0.7052872776985168
0.999977799122119 7.703581689960121e-05 0.006662981942504544 0.0070569394156336784 -7.441728795503173e-05 0.9999999199107721 -0.0003932435847136045 -0.011667514219880104 -0.006663011702712252 0.00039273901331494823 0.9999777247674656 0.6893386840820312
0.999976078468959 0.00012450356078894773 0.006915705944124332 0.007702340371906757 -0.00012131643255994319 0.9999998862555842 -0.0004612712235021087 -0.012280217371881008 -0.006915762587411216 0.00046042120041444267 0.9999759798315921 0.7329371571540833
0.9999546749414423 0.00010776176674152536 0.00952031775501713 0.010505220852792263 -0.00010290918987092322 0.9999998645549361 -0.0005101958532108936 -0.012019564397633076 -0.009520371445143607 0.0005091930003664883 0.9999545505921933 0.7259195446968079
0.9998962769894614 -0.00013686415899900236 0.01440196274179938 0.0155949043110013 0.00014482896384444943 0.9999998371632771 -0.0005519945564601453 -0.01099808607250452 -0.014401884848360223 0.0005540231232641694 0.9998961339915229 0.6769096255302429
0.9999646007002231 -1.9792103111047542e-05 0.008414092625845594 0.008873486891388893 2.4011685217896188e-05 0.9999998740161805 -0.0005013891326239408 -0.01109970174729824 -0.008414081642260653 0.000501573420343256 0.999964475196105 0.6888576745986938
0.99999090471041 0.00020754620260145042 -0.004259978993999124 -0.005620879121124744 -0.00020821441134358056 0.9999999660906483 -0.00015641438853523728 -0.010484179481863976 0.004259946386333625 0.0001572999549196491 0.9999909140154772 0.6597477793693542
0.9997666609913107 0.0005567510751368576 -0.021594295508898954 -0.025580566376447678 -0.0005496537307456113 0.9999997929612674 0.00033460155140909744 -0.009701371192932129 0.021594477327816875 -0.00032265409072549625 0.999766760021194 0.6146613955497742
0.9997831042357161 0.0005261130495139849 -0.020819886883803086 -0.024763811379671097 -0.0005196614231222723 0.9999998152730107 0.00031528709078032925 -0.009670526720583439 0.020820048914460865 -0.0003043994142985238 0.9997831929494494 0.6148333549499512
0.9999940718819593 0.0001598243294608043 -0.0034395722295621164 -0.0052596633322536945 -0.00016030268002167373 0.9999999775191587 -0.00013879745177097105 -0.009605779312551022 0.003439549969027979 0.00013934800160982013 0.9999940750215197 0.6168801188468933
0.9999754907962927 -0.00013540581179178213 0.006999962284164963 0.006755883805453777 0.00013864698906185084 0.9999998834147343 -0.0004625446249071004 -0.01009908877313137 -0.006999898836842076 0.00046350381200091083 0.9999753929874925 0.6454125642776489
0.9999722550639073 -7.6463390141672e-05 0.0074487083278758 0.007088331505656242 7.937741415891903e-05 0.9999999204415034 -0.00039091714309435826 -0.009401584044098854 -0.007448677844417739 0.0003914975563290964 0.9999721815770843 0.6183805465698242
0.9999778310670183 -0.0001933148707219526 0.006655824807102071 0.006037485785782337 0.00019614418852756003 0.999999890689554 -0.0004244388503972615 -0.009538889862596989 -0.006655742029209397 0.00042573494239660285 0.9999777596765839 0.6055160760879517
0.999943625365357 -0.00034359937997886347 0.010612635424457244 0.010511146858334541 0.0003486546945257379 0.9999998266437691 -0.00047450219757312905 -0.00970662571489811 -0.010612470546029885 0.00047817559284713077 0.9999435718164359 0.6095278859138489
0.9999510294482394 -0.0003357178687720644 0.009890702650412178 0.009685833938419819 0.00034048992864812316 0.999999826449245 -0.0004807994263456397 -0.009641122072935104 -0.009890539520914546 0.00048414356597216397 0.9999509702145365 0.6032006144523621
0.999925370571861 -0.0003868227573435722 0.012210800746918058 0.012227358296513557 0.00039286218176131044 0.9999998016981688 -0.0004922021225310775 -0.009362407959997654 -0.012210607930511699 0.0004969625515906311 0.9999253242528613 0.584405779838562
0.9999738997059913 -0.00027506000677277054 0.0072197125139618745 0.006691780872642994 0.0002782756253215873 0.9999998625385389 -0.000444393495880385 -0.009614442475140095 -0.007219589286651659 0.00044639096709395186 0.9999738387906136 0.6069996953010559
0.9999999756592135 0.00012285238084645695 0.0001832726519738512 -0.0006676164921373129 -0.00012279310052908666 0.9999999401573008 -0.0003234304398088364 -0.010809321887791157 -0.00018331237520588972 0.00032340792731910703 0.9999999309019405 0.6645095348358154
0.9999997555876492 0.00014112286986816788 -0.0006847692880991668 -0.0013667111052200198 -0.00014132430795616715 0.9999999467575463 -0.0002941298095886674 -0.011441092938184738 0.0006847277431975266 0.0002942265122454594 0.9999997222893002 0.6848123073577881
0.9999796294574135 -3.563255728036758e-05 0.00638274239920109 0.006400013342499733 3.861182491565815e-05 0.9999998903750357 -0.0004666465934858043 -0.011001640930771828 -0.006382725071681711 0.0004668835369734987 0.9999795212105205 0.6665821671485901
0.9999534153471873 -0.00014840375630283145 0.009651171525836619 0.009906417690217495 0.00015314192834188834 0.999999868123041 -0.0004902055189740268 -0.010575413703918457 -0.009651097504729091 0.0004916606819383434 0.9999533062032089 0.656735360622406
0.9999689015191815 1.2142079242466514e-06 0.007886443624790112 0.008307300508022308 2.6000384703864974e-06 0.9999998830448854 -0.0004836356635314606 -0.01134659443050623 -0.007886443289664449 0.00048364112825387414 0.9999687845645472 0.6961411237716675
0.9999331040594015 -0.00016274186041666418 0.011565505661959501 0.012061269953846931 0.00016853663784907954 0.9999998607642773 -0.0005000668231917003 -0.0105429133400321 -0.011565422669822824 0.000501982582190492 0.9999329922609592 0.6573606133460999
0.9999373010422004 -0.00010039635724982046 0.011197495479393567 0.01180241908878088 0.00010572241428881898 0.9999998815721567 -0.00047505625283080893 -0.010945871472358704 -0.011197446459381056 0.0004762102935549299 0.9999371932359279 0.6741412878036499
0.9999150356675296 -0.00011281173422618418 0.013034903893606597 0.013840104453265667 0.00011968834799421348 0.9999998540914093 -0.00052677496080401 -0.010875167325139046 -0.013034842565305267 0.0005282903298343923 0.9999149032735861 0.6709627509117126
0.9998062889050449 -0.00030001367708303457 0.019679803294640044 0.02101782336831093 0.00031082726025425165 0.9999998024059559 -0.0005464196771791838 -0.010252004489302635 -0.019679635472651544 0.0005524308489656279 0.9998061846017061 0.6375094056129456
0.9997506358212218 -0.0003840267930920327 0.022327532297251446 0.023806262761354446 0.0003968097873710075 0.9999997599055913 -0.0005680939642605794 -0.00973037164658308 -0.022327308773232513 0.0005768120853191043 0.9997505481722742 0.6134966015815735
0.9997963178807593 -0.0002775597521730422 0.020180329845158614 0.021715622395277023 0.00028901817052949443 0.9999997986855551 -0.0005648870205410442 -0.010382844135165215 -0.02018016899266529 0.0005706044451680983 0.9997961968271305 0.6486902236938477
0.9998656456845142 -0.00011923462392591444 0.01639135024926217 0.01781865581870079 0.0001283191032341725 0.9999998387667073 -0.0005531733609303143 -0.011224055662751198 -0.01639128164901314 0.0005552023630668441 0.9998654997729638 0.6914512515068054
0.9998039284809747 -0.00022641851125692925 0.019800336579650125 0.021412521600723267 0.00023761436446820944 0.9999998132363761 -0.0005630866952078541 -0.010795433074235916 -0.019800205388416276 0.0005676811343368121 0.9998037955542607 0.6667006611824036
0.9998507701791215 -0.00018251950214843112 0.01727437578753067 0.018647149205207825 0.0001923736990367373 0.9999998197341539 -0.0005687917189333195 -0.010820339433848858 -0.01727426885796934 0.0005720299738157838 0.9998506250521283 0.6750624179840088
0.9999030612347745 -0.00010712896469514328 0.013923241602138607 0.015031331218779087 0.00011415865332612565 0.999999866428005 -0.0005040950047466395 -0.011191841214895248 -0.013923185739207486 0.0005056355969105574 0.9999029399054262 0.6935966610908508
0.9999100157796276 -0.00014634320371873443 0.01341413162493675 0.014228726737201214 0.0001529979708767349 0.999999865745502 -0.0004950763558753434 -0.010823136195540428 -0.013414057372969244 0.0004970841417351241 0.999909903927424 0.66451096534729
0.9997251694370849 -0.0003719769257421401 0.023440290679912008 0.02508043870329857 0.0003858813370974941 0.9999997522852082 -0.0005886638396627407 -0.009578529745340347 -0.023440065904039905 0.0005975472275578369 0.9997250653293261 0.6105755567550659
0.9997735303223501 -0.0003418484487065088 0.021278421144968983 0.02277844399213791 0.0003532239003405507 0.9999997967186306 -0.0005308442081138615 -0.010124770924448967 -0.021278235351193348 0.0005382400349070825 0.9997734478360604 0.6349714398384094
0.9996298753951873 -0.00048458690205319767 0.027200687361466518 0.0291588194668293 0.0005007268606678995 0.9999997026113198 -0.0005865576550296829 -0.009157807566225529 -0.02720039503413308 0.0005999606703999315 0.9996298207622564 0.5923951268196106
0.9997340732015604 -0.0003843156693520718 0.023057215384412858 0.024669136852025986 0.0003968569079035293 0.9999997758058512 -0.0005393448262720928 -0.009675197303295135 -0.023057002936452162 0.0005483518152315111 0.9997340015853592 0.6185373663902283
0.9996104855446782 -0.0004175469182735921 0.027905247601545453 0.030155938118696213 0.0004336962272500193 0.9999997419785476 -0.0005726695563121255 -0.009698016569018364 -0.027905001284984507 0.0005845488938470871 0.999610408712252 0.6205865144729614
0.9995669920948046 -0.0004525897772558795 0.029421479858059367 0.03191642835736275 0.00047037331184692903 0.9999997108579869 -0.0005975222924257672 -0.009638044983148575 -0.029421200918592218 0.0006111026394698896 0.9995669159641447 0.6159917712211609
0.9997310441275078 -0.00026102151377187585 0.023189895978474546 0.025282103568315506 0.00027494261105308657 0.999999783925679 -0.0005971223960758316 -0.010681147687137127 -0.023189735105941786 0.0006033376870511817 0.9997308998772377 0.6712216138839722
0.9996542247839206 -0.00031842873587587054 0.02629314501536771 0.028801169246435165 0.0003345437575380871 0.9999997589030938 -0.0006085016259940616 -0.010591698810458183 -0.026292944911768243 0.0006170874287437837 0.9996540902987254 0.66610187292099
0.9998426877703868 -0.00023394292410706672 0.017735416059326013 0.019056037068367004 0.00024325255108799217 0.9999998337740981 -0.0005227618701537576 -0.01075445581227541 -0.017735290814799964 0.0005269938185194449 0.9998425784778472 0.6692529320716858
0.9999198762345226 -0.00019284385742244017 0.01265716881390558 0.013139090500772 0.00019887711456231203 0.9999998672164785 -0.0004754102636650851 -0.010456635616719723 -0.01265707545329303 0.00047788939321685123 0.9999197818138701 0.6552059054374695
0.9999456257138635 -0.0001871774193913152 0.010426436607183256 0.010648323222994804 0.00019187541111406064 0.9999998805280743 -0.0004495861024519345 -0.010494150221347809 -0.010426351209150347 0.00045156223333901475 0.9999455421631784 0.6587989330291748
0.9999752635305287 -8.811847727440659e-05 0.007033104732886811 0.006905725225806236 9.112985654865317e-05 0.9999999043186656 -0.0004278527889048659 -0.010663565248250961 -0.007033066358213709 0.0004284831311628145 0.9999751758817852 0.6667412519454956
0.9998442028233808 -0.0003750000883806534 0.0176473639791325 0.01824803277850151 0.0003835681123915399 0.9999998102127167 -0.0004821307228798412 -0.00944521278142929 -0.017647179830823537 0.0004888245743646174 0.9998441569037418 0.6131899952888489
0.9999055511780229 -0.0002536732089032696 0.013741338118149675 0.014194515533745289 0.00026045074199629445 0.9999998453285653 -0.000491434895582698 -0.010227660648524761 -0.013741211328890264 0.0004949674218446258 0.9999054625905722 0.6425847411155701
0.9998427731370453 -0.0002658526708688876 0.017730153072676367 0.018887262791395187 0.00027570572546920544 0.9999998089332187 -0.0005532810128264176 -0.010287059471011162 -0.017730002593798085 0.0005580823269040208 0.9998426553974082 0.6470122933387756
0.9997997219393091 -0.00029137896580980975 0.020010774807043632 0.02147030085325241 0.00030224246842360534 0.9999998086000751 -0.0005398604478058937 -0.010462179780006409 -0.020010613673003875 0.0005458004315751131 0.9997996186448155 0.6612409949302673
0.99972461056351 -0.00028598146852630324 0.023465320117951445 0.025471966713666916 0.00029975319865907453 0.9999997849067725 -0.0005833818891953222 -0.010578727349638939 -0.023465148234310625 0.0005902550367485133 0.9997244812533769 0.6618841886520386
0.999485637662463 -0.0004608886915549169 0.03206630144051371 0.03494114428758621 0.00048136183393165645 0.9999996852250516 -0.0006307460525926968 -0.00951515045017004 -0.032066000643122435 0.0006458571142475038 0.9994855449036486 0.6119718551635742
0.9994775001094031 -0.00046576932042896325 0.03231887736289854 0.035305652767419815 0.00048652666415504746 0.9999996804105075 -0.0006344057753630031 -0.00962471216917038 -0.032318571547378064 0.0006497982940073891 0.9994774072960898 0.6185609698295593
0.9995724591263077 -0.0004152170310843363 0.029235706781312647 0.03192029893398285 0.0004335954456208938 0.9999997123736218 -0.0006222922648789043 -0.009990634396672249 -0.02923543998600551 0.0006347026788101712 0.9995723516591153 0.636204719543457
0.9998063818882812 -0.0001753007563588306 0.019676585199397887 0.02147207409143448 0.00018653861479230393 0.9999998205535164 -0.0005692945459134689 -0.011301522143185139 -0.019676481870739376 0.0005728547631254158 0.999806235176902 0.6953124403953552
0.9999252602310862 6.3260936651532135e-06 0.01222595238724338 0.01347957644611597 2.5236968435413775e-07 0.9999998552391787 -0.0005380720751496569 -0.012187100946903229 -0.012225954021298816 0.0005380349452268461 0.9999251154794877 0.7376848459243774
0.9999118878144174 -3.240518641787043e-05 0.013274620797283915 0.014553657732903957 3.966138783234216e-05 0.9999998499592706 -0.0005463592320835518 -0.011945684440433979 -0.013274601100677361 0.000546837581061268 0.9999117390721431 0.7232847213745117
0.9998507055019397 -0.00012125458339548234 0.01727865748835181 0.01885387673974037 0.00013100995680439927 0.9999998326745215 -0.0005634601321728481 -0.0115132387727499 -0.017278586275068588 0.0005656396868464253 0.9998505540869995 0.7072560787200928
0.9998843657615629 -4.845456382401353e-05 0.01520699699981448 0.016754373908042908 5.697998805424678e-05 0.9999998414689049 -0.0005601923295156453 -0.01189793087542057 -0.015206967445157609 0.0005609940466096338 0.9998842100097399 0.7256416082382202
0.9999882111535097 0.00020139568258733403 0.004851493974323623 0.005585735663771629 -0.00019919668792330335 0.9999998772202112 -0.00045374028032128556 -0.013756793923676014 -0.004851584759991689 0.0004527685297156092 0.9999881284925212 0.8094490766525269
0.999997051162846 0.0001823916169620268 0.0024216521034928495 0.0029794713482260704 -0.00018142471154732702 0.9999999037468886 -0.0003994887826677717 -0.014241821132600307 -0.002421724733806329 0.00039904825710606267 0.999996988000365 0.828171968460083
0.9999953302254073 0.00017465743013129545 0.0030510690192173946 0.003542795777320862 -0.0001733991732859857 0.9999998998229043 -0.00041265834229224256 -0.01358731184154749 -0.0030511407874157493 0.0004121273624252296 0.9999952603342338 0.7979807257652283
0.9999934418927826 0.00017426689103654643 0.0036174303692557593 0.003961620386689901 -0.00017264772890789536 0.9999998847857974 -0.00044790752759688024 -0.012846451252698898 -0.003617508007928711 0.0004472800490335564 0.9999933567661187 0.7676718831062317
0.9999995123015568 0.00019418656800088117 0.0009683430309921975 0.001338775735348463 -0.00019384566617221524 0.9999999192148672 -0.00035212798419014966 -0.014498570002615452 -0.0009684113312892239 0.00035194010335795405 0.9999994691586879 0.838042676448822
0.9999992938070406 0.0002032561472737673 0.0011709279905120016 0.001674647442996502 -0.00020281301601586402 0.9999999077830781 -0.00037855081009482674 -0.014685254544019699 -0.0011710048253118336 0.00037831306332761666 0.999999242813176 0.8472941517829895
0.9999979869323159 0.00020054246416115445 0.0019964754033640706 0.002458760980516672 -0.00019980744648205947 0.9999999121975198 -0.0003683502915405985 -0.014307981356978416 -0.0019965490979437185 0.00036795063937421966 0.99999793919989 0.830898642539978
0.9999994387361838 0.00019706563178683545 -0.0010410055012945037 -0.0008910796605050564 -0.00019735717986142277 0.9999999413338577 -0.0002799686129048694 -0.014988644048571587 0.0010409502680311445 0.0002801739056785731 0.999999418962392 0.8585304021835327
0.9999993656633469 0.00022132707259921603 -0.001104394508563926 -0.0008341055363416672 -0.00022162822588656745 0.9999999382928786 -0.00027257140049740416 -0.015481514856219292 0.0011043341129847737 0.00027281599259098617 0.9999993530085911 0.879474937915802
0.9999990583599973 0.0002411421494060838 -0.0013509735682561473 -0.0004776660352945328 -0.00024138439151124205 0.999999954819586 -0.00017914910294931265 -0.01809428632259369 0.0013509303068188533 0.00017947503818807216 0.999999071387577 0.9904530644416809
0.999999091064034 0.0003057264407689284 -0.0013131650501399294 -0.00035325519274920225 -0.0003060891522382027 0.9999999150613165 -0.00027601954666529963 -0.018006514757871628 0.0013130805521278347 0.0002764212413581526 0.9999990997049749 0.9856672286987305
0.9999992372831986 0.0002373843639769024 -0.0012120567993199975 -0.0005085822194814682 -0.0002376687139791863 0.9999999442704403 -0.0002344625745659012 -0.01716369017958641 0.0012120010740234658 0.00023475046371812042 0.9999992379725179 0.9513784646987915
0.9999995200310741 0.00023993637346182969 -0.0009499306072504423 -0.0003362763673067093 -0.0002402263964942723 0.9999999245698649 -0.0003052073777361356 -0.01643722504377365 0.0009498573052456802 0.0003054354296527776 0.9999995022400253 0.920446515083313
0.9999994707699179 0.0002296567924557739 -0.0010028547460419232 -0.0004771577659994364 -0.00022994845811700486 0.9999999312999475 -0.0002907297833250974 -0.016239436343312263 0.0010027879090762398 0.000290960234364718 0.9999994548791271 0.9123839735984802
0.9999992686582129 0.00023611911909481525 -0.0011861411389460087 -0.0002739587798714638 -0.00023635457620031406 0.9999999523928153 -0.0001983705671790896 -0.018220484256744385 0.0011860942433935917 0.00019865077198861377 0.9999992768588971 0.99560546875
0.999999140790726 0.00028272879794851395 -0.0012800321231390616 -0.0002267670352011919 -0.0002830325027427647 0.9999999318408233 -0.00023708848799627982 -0.018655821681022644 0.0012799650041499073 0.00023745057498305542 0.9999991526530472 1.0130114555358887
0.9999991392745587 0.00027346314512745166 -0.0012832256427699454 -0.0004117123316973448 -0.00027381002893152795 0.9999999260224778 -0.000270153858674377 -0.017786158248782158 0.0012831516707162303 0.0002705049861964503 0.9999991401740517 0.9762332439422607
0.999999085836404 0.0002481182568601811 -0.001329196632085411 -0.00037384952884167433 -0.0002483724698135318 0.9999999508975896 -0.0001910914287274753 -0.018472323194146156 0.001329149153546456 0.00019142138988902655 0.999999098359783 1.006209373474121
