1.000000e+00 1.446722e-04 1.319252e-04 -4.164380e-02 -1.446770e-04 1.000000e+00 3.700115e-05 -2.409094e-02 -1.319197e-04 -3.701975e-05 9.999999e-01 1.028260e+00
9.999672e-01 4.183402e-04 -8.088234e-03 -7.191148e-02 -4.169388e-04 9.999999e-01 1.749471e-04 -4.699493e-02 8.088305e-03 -1.715686e-04 9.999672e-01 1.986758e+00
9.999878e-01 3.113033e-04 -4.932403e-03 -1.166488e-01 -3.104841e-04 9.999999e-01 1.668532e-04 -7.017410e-02 4.932452e-03 -1.653192e-04 9.999877e-01 2.954347e+00
9.994914e-01 1.269674e-03 -3.186313e-02 -1.606811e-01 -1.237533e-03 9.999987e-01 1.028426e-03 -8.563941e-02 3.186439e-02 -9.884702e-04 9.994916e-01 3.610213e+00
9.998842e-01 6.987571e-04 -1.519994e-02 -2.095949e-01 -6.909988e-04 9.999996e-01 5.156642e-04 -9.706282e-02 1.520029e-02 -5.051006e-04 9.998842e-01 4.100732e+00
9.999717e-01 3.832652e-04 -7.513552e-03 -2.588453e-01 -3.818002e-04 9.999999e-01 1.964134e-04 -1.143611e-01 7.513614e-03 -1.935383e-04 9.999717e-01 4.856992e+00
9.998258e-01 7.746980e-04 -1.864883e-02 -3.053836e-01 -7.637018e-04 9.999995e-01 5.967533e-04 -1.292267e-01 1.864927e-02 -5.824063e-04 9.998258e-01 5.487137e+00
9.999998e-01 1.728168e-04 6.837497e-04 -3.372108e-01 -1.727916e-04 1.000000e+00 -3.679725e-05 -1.506371e-01 -6.837731e-04 3.668006e-05 9.999997e-01 6.386567e+00
9.998514e-01 7.212786e-04 -1.722478e-02 -3.785268e-01 -7.127070e-04 9.999996e-01 5.037556e-04 -1.732462e-01 1.722512e-02 -4.914035e-04 9.998514e-01 7.325927e+00
9.999154e-01 6.127340e-04 -1.298951e-02 -4.148180e-01 -6.066385e-04 9.999997e-01 4.731940e-04 -1.896463e-01 1.298978e-02 -4.652730e-04 9.999154e-01 8.012860e+00
9.999127e-01 -4.869215e-04 1.320584e-02 -4.436400e-01 4.930214e-04 9.999998e-01 -4.586486e-04 -2.111754e-01 -1.320563e-02 4.651204e-04 9.999126e-01 8.911989e+00
9.999213e-01 5.553401e-04 -1.253673e-02 -4.859649e-01 -5.493837e-04 9.999997e-01 4.785421e-04 -2.309748e-01 1.253697e-02 -4.716159e-04 9.999212e-01 9.764368e+00
9.999265e-01 -3.969780e-04 1.211420e-02 -5.263943e-01 4.020523e-04 9.999998e-01 -4.164302e-04 -2.526085e-01 -1.211406e-02 4.212713e-04 9.999264e-01 1.068444e+01
9.999142e-01 6.361650e-04 -1.308514e-02 -5.731423e-01 -6.296845e-04 9.999997e-01 4.993602e-04 -2.790222e-01 1.308544e-02 -4.910767e-04 9.999142e-01 1.181325e+01
9.999420e-01 -3.875727e-04 1.075953e-02 -5.966544e-01 3.923268e-04 9.999998e-01 -4.397294e-04 -3.000654e-01 -1.075938e-02 4.439263e-04 9.999419e-01 1.267196e+01
9.999999e-01 3.162251e-05 -4.178154e-04 -5.699259e-01 -3.166388e-05 1.000000e+00 -9.933532e-05 -3.176398e-01 4.177914e-04 9.934960e-05 9.999998e-01 1.332974e+01
9.999775e-01 2.948365e-04 -6.696124e-03 -6.657545e-01 -2.921500e-04 9.999999e-01 4.021615e-04 -3.175161e-01 6.696220e-03 -4.001951e-04 9.999774e-01 1.344729e+01
9.999187e-01 5.834424e-04 -1.273737e-02 -7.303771e-01 -5.799036e-04 9.999998e-01 2.815055e-04 -3.129251e-01 1.273751e-02 -2.740950e-04 9.999187e-01 1.337478e+01
9.999545e-01 4.115668e-04 -9.531251e-03 -7.551914e-01 -4.074112e-04 9.999998e-01 4.379122e-04 -3.152910e-01 9.531404e-03 -4.340079e-04 9.999544e-01 1.348455e+01
9.998462e-01 7.801139e-04 -1.752094e-02 -7.183003e-01 -7.730139e-04 9.999996e-01 4.119871e-04 -3.244651e-01 1.752122e-02 -3.983786e-04 9.998463e-01 1.378022e+01
9.998487e-01 -6.789150e-04 1.737879e-02 -7.065914e-01 6.859817e-04 9.999997e-01 -4.006551e-04 -3.369903e-01 -1.737854e-02 4.125172e-04 9.998488e-01 1.425761e+01
9.998433e-01 7.788733e-04 -1.768753e-02 -7.112907e-01 -7.712712e-04 9.999996e-01 4.366112e-04 -3.525033e-01 1.768783e-02 -4.228996e-04 9.998434e-01 1.486427e+01
9.999425e-01 -3.863939e-04 1.071297e-02 -7.140360e-01 3.888220e-04 9.999999e-01 -2.245398e-04 -3.672499e-01 -1.071291e-02 2.286936e-04 9.999425e-01 1.542677e+01
9.998668e-01 7.635874e-04 -1.630119e-02 -7.078777e-01 -7.568265e-04 9.999996e-01 4.209009e-04 -3.868914e-01 1.630148e-02 -4.085064e-04 9.998669e-01 1.617420e+01
9.999993e-01 3.573002e-05 1.159713e-03 -7.309435e-01 -3.572242e-05 1.000000e+00 -6.373087e-06 -4.059789e-01 -1.159744e-03 6.332959e-06 9.999992e-01 1.692039e+01
9.999699e-01 4.676361e-04 -7.739962e-03 -7.699929e-01 -4.658530e-04 9.999999e-01 2.321393e-04 -4.302608e-01 7.740038e-03 -2.285253e-04 9.999699e-01 1.796043e+01
9.999716e-01 -2.304761e-04 7.539271e-03 -7.949314e-01 2.315155e-04 1.000000e+00 -1.369558e-04 -4.624867e-01 -7.539271e-03 1.386987e-04 9.999715e-01 1.930505e+01
9.999686e-01 4.215624e-04 -7.918262e-03 -6.787504e-01 -4.201908e-04 9.999999e-01 1.748516e-04 -4.864893e-01 7.918304e-03 -1.715176e-04 9.999685e-01 2.009201e+01
9.999715e-01 -2.424138e-04 7.542049e-03 -5.378225e-01 2.442336e-04 9.999999e-01 -2.403389e-04 -4.787092e-01 -7.542022e-03 2.421754e-04 9.999714e-01 1.968233e+01
9.999850e-01 3.159707e-04 -5.462817e-03 -1.122319e+00 -3.140649e-04 9.999999e-01 3.496751e-04 -4.311738e-01 5.462895e-03 -3.479528e-04 9.999849e-01 1.883237e+01
9.999713e-01 -2.558676e-04 7.570523e-03 -1.794143e+00 2.572777e-04 9.999999e-01 -1.852527e-04 -3.817563e-01 -7.570506e-03 1.871965e-04 9.999712e-01 1.802945e+01
9.999832e-01 3.921696e-04 -5.783192e-03 -2.374599e+00 -3.904553e-04 9.999999e-01 2.975271e-04 -3.293829e-01 5.783277e-03 -2.952627e-04 9.999831e-01 1.701592e+01
9.999776e-01 -3.850057e-04 6.676491e-03 -2.817889e+00 3.859377e-04 9.999999e-01 -1.382684e-04 -3.066109e-01 -6.676469e-03 1.408434e-04 9.999776e-01 1.682247e+01
9.999784e-01 4.080997e-04 -6.556889e-03 -3.258521e+00 -4.058429e-04 9.999999e-01 3.454765e-04 -2.902017e-01 6.556998e-03 -3.428066e-04 9.999783e-01 1.683926e+01
9.999778e-01 -3.826587e-04 6.652688e-03 -3.730092e+00 3.834588e-04 9.999999e-01 -1.189536e-04 -2.736828e-01 -6.652673e-03 1.215034e-04 9.999778e-01 1.689502e+01
9.999819e-01 4.007942e-04 -5.999710e-03 -4.231292e+00 -3.987480e-04 9.999999e-01 3.421971e-04 -2.511741e-01 5.999815e-03 -3.397971e-04 9.999818e-01 1.678829e+01
9.999745e-01 -3.662941e-04 7.127215e-03 -4.790806e+00 3.672327e-04 9.999999e-01 -1.303561e-04 -2.198445e-01 -7.127197e-03 1.329715e-04 9.999745e-01 1.645759e+01
9.999783e-01 4.273925e-04 -6.573387e-03 -5.282980e+00 -4.251601e-04 9.999999e-01 3.409657e-04 -1.922808e-01 6.573501e-03 -3.381621e-04 9.999782e-01 1.616609e+01
9.999785e-01 -3.835104e-04 6.543257e-03 -5.693742e+00 3.844563e-04 9.999999e-01 -1.432768e-04 -1.755167e-01 -6.543233e-03 1.457909e-04 9.999785e-01 1.613770e+01
9.999837e-01 3.771371e-04 -5.700305e-03 -6.217820e+00 -3.751402e-04 9.999999e-01 3.513270e-04 -1.527882e-01 5.700406e-03 -3.491813e-04 9.999836e-01 1.605664e+01
9.999784e-01 -3.869254e-04 6.560299e-03 -6.622648e+00 3.880556e-04 9.999999e-01 -1.709640e-04 -1.469613e-01 -6.560263e-03 1.735076e-04 9.999784e-01 1.643570e+01
9.999812e-01 4.227008e-04 -6.119898e-03 -6.881057e+00 -4.208265e-04 9.999999e-01 3.075177e-04 -1.548816e-01 6.119996e-03 -3.049350e-04 9.999811e-01 1.713927e+01
9.999749e-01 -3.658081e-04 7.070311e-03 -7.006559e+00 3.674742e-04 9.999999e-01 -2.343014e-04 -1.757475e-01 -7.070255e-03 2.368952e-04 9.999749e-01 1.817650e+01
9.999841e-01 3.725940e-04 -5.624057e-03 -7.145542e+00 -3.710238e-04 9.999999e-01 2.801936e-04 -1.933092e-01 5.624130e-03 -2.781009e-04 9.999840e-01 1.910046e+01
9.999786e-01 -3.815211e-04 6.537838e-03 -7.400815e+00 3.825883e-04 9.999999e-01 -1.619491e-04 -1.986484e-01 -6.537806e-03 1.644485e-04 9.999785e-01 1.969649e+01
9.999788e-01 5.363628e-04 -6.493093e-03 -7.469575e+00 -5.348812e-04 9.999998e-01 2.298730e-04 -2.239242e-01 6.493185e-03 -2.263935e-04 9.999788e-01 2.081543e+01
9.999992e-01 -2.063766e-04 1.231153e-03 -7.534698e+00 2.065148e-04 1.000000e+00 -1.119266e-04 -2.419908e-01 -1.231161e-03 1.121824e-04 9.999991e-01 2.159032e+01
9.999174e-01 7.938273e-04 -1.282690e-02 -7.637164e+00 -7.879516e-04 9.999996e-01 4.631001e-04 -2.546012e-01 1.282723e-02 -4.529533e-04 9.999175e-01 2.220931e+01
9.999997e-01 -1.240652e-04 -8.062542e-04 -7.813500e+00 1.240563e-04 1.000000e+00 -1.134649e-05 -2.581122e-01 8.062225e-04 1.124809e-05 9.999996e-01 2.257564e+01
9.998444e-01 9.846266e-04 -1.761467e-02 -7.898887e+00 -9.739932e-04 9.999993e-01 6.122214e-04 -2.645927e-01 1.761522e-02 -5.949679e-04 9.998446e-01 2.292865e+01
9.998979e-01 4.424144e-04 -1.428530e-02 -7.911492e+00 -4.368365e-04 9.999998e-01 3.935592e-04 -2.815790e-01 1.428544e-02 -3.872769e-04 9.998978e-01 2.358157e+01
9.996172e-01 1.360585e-03 -2.763187e-02 -7.940598e+00 -1.334858e-03 9.999987e-01 9.494653e-04 -2.972326e-01 2.763308e-02 -9.122155e-04 9.996176e-01 2.420145e+01
9.999529e-01 2.848382e-04 -9.701954e-03 -7.979226e+00 -2.823541e-04 9.999999e-01 2.573631e-04 -3.145856e-01 9.701982e-03 -2.546097e-04 9.999528e-01 2.492677e+01
9.992935e-01 1.723225e-03 -3.754253e-02 -8.038914e+00 -1.677254e-03 9.999978e-01 1.255951e-03 -3.272756e-01 3.754457e-02 -1.192093e-03 9.992941e-01 2.546070e+01
9.998423e-01 5.867878e-04 -1.774709e-02 -8.123588e+00 -5.765460e-04 9.999997e-01 5.821778e-04 -3.348660e-01 1.774737e-02 -5.718519e-04 9.998422e-01 2.586245e+01
9.992317e-01 1.777760e-03 -3.915092e-02 -8.210779e+00 -1.727900e-03 9.999977e-01 1.307307e-03 -3.414874e-01 3.915309e-02 -1.238652e-03 9.992324e-01 2.621044e+01
9.998980e-01 4.515124e-04 -1.427644e-02 -8.267027e+00 -4.442971e-04 9.999998e-01 5.085124e-04 -3.447074e-01 1.427660e-02 -5.021154e-04 9.998979e-01 2.639860e+01
9.992284e-01 1.784072e-03 -3.923587e-02 -8.311583e+00 -1.735372e-03 9.999977e-01 1.275207e-03 -3.497658e-01 3.923799e-02 -1.206132e-03 9.992291e-01 2.662276e+01
9.998429e-01 5.894672e-04 -1.771246e-02 -8.382955e+00 -5.784909e-04 9.999996e-01 6.247606e-04 -3.548754e-01 1.771276e-02 -6.144137e-04 9.998428e-01 2.689465e+01
9.991985e-01 1.819531e-03 -3.998719e-02 -8.463603e+00 -1.768330e-03 9.999976e-01 1.315726e-03 -3.588326e-01 3.998942e-02 -1.243958e-03 9.991992e-01 2.713665e+01
9.998268e-01 6.258412e-04 -1.859898e-02 -8.543601e+00 -6.137858e-04 9.999996e-01 6.538124e-04 -3.621197e-01 1.859930e-02 -6.422810e-04 9.998267e-01 2.735368e+01
9.991737e-01 1.844960e-03 -4.060042e-02 -8.615808e+00 -1.792216e-03 9.999975e-01 1.335417e-03 -3.660087e-01 4.060270e-02 -1.261547e-03 9.991745e-01 2.757883e+01
9.998796e-01 4.916033e-04 -1.550762e-02 -8.660361e+00 -4.829331e-04 9.999997e-01 5.627499e-04 -3.698184e-01 1.550781e-02 -5.551906e-04 9.998795e-01 2.777088e+01
9.991260e-01 1.892454e-03 -4.175671e-02 -8.723966e+00 -1.836669e-03 9.999974e-01 1.374248e-03 -3.731149e-01 4.175911e-02 -1.296352e-03 9.991268e-01 2.795999e+01
9.998799e-01 4.994527e-04 -1.548714e-02 -8.747830e+00 -4.914204e-04 9.999997e-01 5.223445e-04 -3.800070e-01 1.548731e-02 -5.146687e-04 9.998799e-01 2.823548e+01
9.994501e-01 1.521400e-03 -3.312260e-02 -8.740638e+00 -1.485771e-03 9.999983e-01 1.100208e-03 -3.868757e-01 3.312412e-02 -1.050388e-03 9.994506e-01 2.846382e+01
9.998082e-01 6.734150e-04 -1.957029e-02 -8.778648e+00 -6.602168e-04 9.999996e-01 6.807652e-04 -3.898481e-01 1.957065e-02 -6.677117e-04 9.998082e-01 2.860966e+01
9.994105e-01 1.569245e-03 -3.429360e-02 -8.809079e+00 -1.530247e-03 9.999982e-01 1.163361e-03 -3.920987e-01 3.429526e-02 -1.110196e-03 9.994111e-01 2.872320e+01
9.999632e-01 2.466053e-04 -8.567652e-03 -8.774169e+00 -2.441187e-04 9.999999e-01 2.910668e-04 -3.948560e-01 8.567626e-03 -2.889623e-04 9.999632e-01 2.877676e+01
9.994925e-01 1.466907e-03 -3.182042e-02 -8.736398e+00 -1.433877e-03 9.999984e-01 1.060756e-03 -3.979550e-01 3.182183e-02 -1.014589e-03 9.994930e-01 2.883214e+01
9.999348e-01 3.470239e-04 -1.141185e-02 -8.726112e+00 -3.424156e-04 9.999999e-01 4.056083e-04 -4.000022e-01 1.141189e-02 -4.016720e-04 9.999347e-01 2.889643e+01
9.999013e-01 7.422992e-04 -1.402755e-02 -8.728022e+00 -7.362272e-04 9.999996e-01 4.378861e-04 -4.117208e-01 1.402777e-02 -4.275132e-04 9.999015e-01 2.934858e+01
9.999160e-01 4.118585e-04 -1.295437e-02 -8.734180e+00 -4.065785e-04 9.999998e-01 4.100647e-04 -4.257687e-01 1.295443e-02 -4.047611e-04 9.999160e-01 2.987258e+01
9.999978e-01 3.513224e-04 -2.047028e-03 -8.757149e+00 -3.512417e-04 9.999999e-01 3.881943e-05 -4.421427e-01 2.046942e-03 -3.809825e-05 9.999978e-01 3.054623e+01
9.999837e-01 -3.717886e-04 5.687073e-03 -8.751458e+00 3.735855e-04 9.999999e-01 -3.145512e-04 -4.585225e-01 -5.687055e-03 3.166728e-04 9.999837e-01 3.118138e+01
9.998565e-01 -4.107701e-04 1.693137e-02 -8.734225e+00 4.254405e-04 9.999995e-01 -8.627516e-04 -4.767068e-01 -1.693111e-02 8.698332e-04 9.998562e-01 3.190146e+01
9.999319e-01 -6.360103e-04 1.164831e-02 -8.708124e+00 6.429162e-04 9.999996e-01 -5.889710e-04 -4.940479e-01 -1.164803e-02 5.964219e-04 9.999319e-01 3.258359e+01
9.998029e-01 -5.340888e-04 1.984630e-02 -8.688433e+00 5.550580e-04 9.999993e-01 -1.050992e-03 -5.082300e-01 -1.984583e-02 1.061803e-03 9.998024e-01 3.315007e+01
9.999728e-01 -4.211220e-04 7.357520e-03 -8.651035e+00 4.237390e-04 9.999998e-01 -3.538957e-04 -5.280080e-01 -7.357468e-03 3.570058e-04 9.999728e-01 3.391095e+01
9.998522e-01 -4.267132e-04 1.718348e-02 -8.617988e+00 4.422274e-04 9.999995e-01 -8.989641e-04 -5.482399e-01 -1.718318e-02 9.064323e-04 9.998519e-01 3.469162e+01
9.999982e-01 -1.917739e-04 1.844019e-03 -8.596281e+00 1.919039e-04 1.000000e+00 -6.947168e-05 -5.699275e-01 -1.844103e-03 6.982748e-05 9.999982e-01 3.554471e+01
9.999123e-01 -2.825066e-04 1.323737e-02 -8.590300e+00 2.917050e-04 9.999997e-01 -6.928278e-04 -5.922581e-01 -1.323726e-02 6.966305e-04 9.999121e-01 3.644690e+01
9.999982e-01 -2.139476e-04 1.845694e-03 -8.537452e+00 2.140822e-04 1.000000e+00 -7.191934e-05 -6.126960e-01 -1.845775e-03 7.231637e-05 9.999982e-01 3.719353e+01
9.998542e-01 -4.344443e-04 1.706734e-02 -8.459993e+00 4.504570e-04 9.999995e-01 -9.342827e-04 -6.320162e-01 -1.706702e-02 9.418366e-04 9.998538e-01 3.785877e+01
9.999999e-01 -1.330441e-04 1.313748e-04 -8.406109e+00 1.330423e-04 1.000000e+00 2.506563e-05 -6.525025e-01 -1.314734e-04 -2.504616e-05 9.999999e-01 3.860570e+01
9.999979e-01 1.491228e-04 2.029913e-03 -8.392706e+00 -1.488025e-04 1.000000e+00 -1.572459e-04 -6.735855e-01 -2.030032e-03 1.569455e-04 9.999979e-01 3.942659e+01
9.999940e-01 4.565492e-05 -3.449883e-03 -8.361957e+00 -4.505227e-05 1.000000e+00 1.743471e-04 -6.951406e-01 3.449796e-03 -1.741886e-04 9.999940e-01 4.022512e+01
9.999930e-01 4.286881e-04 -3.697740e-03 -8.381021e+00 -4.285976e-04 9.999999e-01 2.486536e-05 -7.146546e-01 3.697655e-03 -2.327842e-05 9.999931e-01 4.101000e+01
9.997307e-01 7.961232e-04 -2.319080e-02 -8.431374e+00 -7.783431e-04 9.999994e-01 7.756390e-04 -7.296528e-01 2.319130e-02 -7.573779e-04 9.997307e-01 4.163646e+01
9.999335e-01 6.740346e-04 -1.151209e-02 -8.475244e+00 -6.700262e-04 9.999997e-01 3.519164e-04 -7.410531e-01 1.151223e-02 -3.441777e-04 9.999336e-01 4.211709e+01
9.996574e-01 9.081982e-04 -2.615722e-02 -8.526843e+00 -8.852168e-04 9.999992e-01 8.900970e-04 -7.481293e-01 2.615791e-02 -8.666354e-04 9.996574e-01 4.244008e+01
9.999611e-01 -4.017539e-05 8.815711e-03 -8.553795e+00 4.303899e-05 9.999999e-01 -3.244606e-04 -7.638386e-01 -8.815795e-03 3.248293e-04 9.999610e-01 4.309328e+01
9.996132e-01 9.459633e-04 -2.779257e-02 -8.580057e+00 -9.216676e-04 9.999992e-01 8.869247e-04 -7.794718e-01 2.779329e-02 -8.609644e-04 9.996133e-01 4.371240e+01
9.999945e-01 1.421445e-04 3.294084e-03 -8.647120e+00 -1.418730e-04 1.000000e+00 -8.216371e-05 -7.910372e-01 -3.294194e-03 8.169771e-05 9.999945e-01 4.423842e+01
9.997529e-01 8.014402e-04 -2.221224e-02 -8.713338e+00 -7.866982e-04 9.999995e-01 6.723513e-04 -8.080244e-01 2.221267e-02 -6.547091e-04 9.997530e-01 4.500160e+01
9.999416e-01 -1.605982e-04 1.079783e-02 -8.810609e+00 1.642955e-04 9.999999e-01 -3.413743e-04 -8.253869e-01 -1.079787e-02 3.431301e-04 9.999416e-01 4.581647e+01
9.998952e-01 4.564564e-04 -1.446530e-02 -8.905433e+00 -4.501016e-04 9.999998e-01 4.424556e-04 -8.445602e-01 1.446540e-02 -4.358967e-04 9.998952e-01 4.670371e+01
9.999173e-01 -2.556914e-04 1.285803e-02 -8.989183e+00 2.602673e-04 9.999999e-01 -3.540805e-04 -8.651382e-01 -1.285804e-02 3.573995e-04 9.999172e-01 4.764034e+01
9.999073e-01 3.903668e-04 -1.360410e-02 -9.077369e+00 -3.845239e-04 9.999998e-01 4.319958e-04 -8.844095e-01 1.360417e-02 -4.267230e-04 9.999073e-01 4.853455e+01
9.999008e-01 -2.782059e-04 1.407985e-02 -9.160060e+00 2.832505e-04 9.999999e-01 -3.561854e-04 -9.093913e-01 -1.407985e-02 3.601399e-04 9.999008e-01 4.967013e+01
9.999043e-01 4.149741e-04 -1.382790e-02 -9.242504e+00 -4.089051e-04 9.999998e-01 4.416080e-04 -9.352236e-01 1.382798e-02 -4.359097e-04 9.999042e-01 5.083937e+01
9.999037e-01 -2.749252e-04 1.386973e-02 -9.326822e+00 2.798189e-04 9.999999e-01 -3.507788e-04 -9.604098e-01 -1.386973e-02 3.546277e-04 9.999037e-01 5.198251e+01
9.999107e-01 3.845203e-04 -1.335381e-02 -9.404668e+00 -3.789212e-04 9.999998e-01 4.217032e-04 -9.851776e-01 1.335387e-02 -4.166038e-04 9.999107e-01 5.310206e+01
9.999073e-01 -2.914495e-04 1.361096e-02 -9.464861e+00 2.963882e-04 9.999999e-01 -3.607156e-04 -1.006001e+00 -1.361095e-02 3.647181e-04 9.999072e-01 5.402564e+01
9.999080e-01 4.365295e-04 -1.355604e-02 -9.520858e+00 -4.306622e-04 9.999998e-01 4.356179e-04 -1.030807e+00 1.355613e-02 -4.297380e-04 9.999080e-01 5.510832e+01
9.999050e-01 -2.822855e-04 1.377833e-02 -9.572455e+00 2.872631e-04 9.999999e-01 -3.591720e-04 -1.057227e+00 -1.377832e-02 3.630976e-04 9.999050e-01 5.625341e+01
9.999155e-01 4.174960e-04 -1.298590e-02 -9.626927e+00 -4.121922e-04 9.999998e-01 4.109818e-04 -1.084975e+00 1.298597e-02 -4.055928e-04 9.999155e-01 5.746155e+01
9.999024e-01 -3.191173e-04 1.396268e-02 -9.678847e+00 3.243887e-04 9.999999e-01 -3.751555e-04 -1.110444e+00 -1.396266e-02 3.796499e-04 9.999024e-01 5.857073e+01
9.999138e-01 4.293217e-04 -1.312074e-02 -9.720343e+00 -4.239256e-04 9.999998e-01 4.139281e-04 -1.135803e+00 1.312081e-02 -4.083285e-04 9.999138e-01 5.965871e+01
9.998927e-01 -3.279398e-04 1.464496e-02 -9.753409e+00 3.339440e-04 9.999999e-01 -4.074303e-04 -1.163423e+00 -1.464493e-02 4.122789e-04 9.998926e-01 6.083038e+01
9.999039e-01 4.826996e-04 -1.385060e-02 -9.793876e+00 -4.764602e-04 9.999998e-01 4.536617e-04 -1.192520e+00 1.385072e-02 -4.470172e-04 9.999039e-01 6.207270e+01
9.999001e-01 -3.225107e-04 1.412973e-02 -9.848322e+00 3.278388e-04 9.999999e-01 -3.746619e-04 -1.219995e+00 -1.412971e-02 3.792584e-04 9.999000e-01 6.326709e+01
9.999113e-01 4.442622e-04 -1.330851e-02 -9.911671e+00 -4.386119e-04 9.999998e-01 4.273671e-04 -1.246663e+00 1.330860e-02 -4.214902e-04 9.999113e-01 6.444408e+01
9.998877e-01 -3.609721e-04 1.498071e-02 -9.964753e+00 3.673379e-04 9.999998e-01 -4.220792e-04 -1.273808e+00 -1.498065e-02 4.275364e-04 9.998876e-01 6.562758e+01
9.998999e-01 4.930777e-04 -1.413977e-02 -1.002170e+01 -4.864324e-04 9.999998e-01 4.733019e-04 -1.301218e+00 1.413990e-02 -4.663748e-04 9.998999e-01 6.682544e+01
9.998885e-01 -3.489987e-04 1.492443e-02 -1.007851e+01 3.552124e-04 9.999999e-01 -4.135882e-04 -1.329573e+00 -1.492438e-02 4.188451e-04 9.998885e-01 6.806254e+01
9.998990e-01 4.924930e-04 -1.420301e-02 -1.014566e+01 -4.857071e-04 9.999998e-01 4.811158e-04 -1.357786e+00 1.420315e-02 -4.741670e-04 9.998990e-01 6.931045e+01
9.998862e-01 -3.962575e-04 1.507929e-02 -1.021379e+01 4.028308e-04 9.999998e-01 -4.327751e-04 -1.382860e+00 -1.507921e-02 4.388020e-04 9.998862e-01 7.042812e+01
9.999140e-01 4.444932e-04 -1.310698e-02 -1.026660e+01 -4.391078e-04 9.999998e-01 4.136465e-04 -1.408409e+00 1.310707e-02 -4.078539e-04 9.999140e-01 7.154490e+01
9.998782e-01 -4.125745e-04 1.560006e-02 -1.030721e+01 4.199764e-04 9.999998e-01 -4.711102e-04 -1.434572e+00 -1.559996e-02 4.776062e-04 9.998781e-01 7.266892e+01
9.999421e-01 3.355640e-04 -1.075147e-02 -1.033546e+01 -3.325526e-04 9.999999e-01 2.817440e-04 -1.459690e+00 1.075147e-02 -2.781507e-04 9.999421e-01 7.373341e+01
9.998977e-01 -3.672282e-04 1.429336e-02 -1.037767e+01 3.731768e-04 9.999998e-01 -4.134090e-04 -1.485007e+00 -1.429331e-02 4.187024e-04 9.998977e-01 7.482818e+01
9.999133e-01 4.248454e-04 -1.315851e-02 -1.044872e+01 -4.190387e-04 9.999998e-01 4.439345e-04 -1.507840e+00 1.315860e-02 -4.383805e-04 9.999133e-01 7.585853e+01
9.998990e-01 -3.154424e-04 1.420431e-02 -1.050454e+01 3.211380e-04 9.999999e-01 -3.985981e-04 -1.534172e+00 -1.420428e-02 4.031211e-04 9.998990e-01 7.701090e+01
9.999185e-01 4.381292e-04 -1.275503e-02 -1.055017e+01 -4.327109e-04 9.999998e-01 4.274397e-04 -1.563904e+00 1.275512e-02 -4.218840e-04 9.999185e-01 7.829232e+01
9.998945e-01 -3.589262e-04 1.451527e-02 -1.060325e+01 3.651176e-04 9.999998e-01 -4.237921e-04 -1.591781e+00 -1.451521e-02 4.290488e-04 9.998945e-01 7.950832e+01
9.999165e-01 4.428701e-04 -1.291424e-02 -1.066594e+01 -4.372639e-04 9.999998e-01 4.368182e-04 -1.618729e+00 1.291433e-02 -4.311332e-04 9.999165e-01 8.069858e+01
9.998730e-01 -4.692606e-04 1.592952e-02 -1.072064e+01 4.775321e-04 9.999998e-01 -5.153618e-04 -1.643640e+00 -1.592937e-02 5.229048e-04 9.998729e-01 8.179705e+01
9.999028e-01 4.991935e-04 -1.392950e-02 -1.077578e+01 -4.923196e-04 9.999998e-01 4.968055e-04 -1.667531e+00 1.392964e-02 -4.898978e-04 9.999028e-01 8.285019e+01
9.998576e-01 -4.557723e-04 1.686940e-02 -1.080110e+01 4.656160e-04 9.999997e-01 -5.795156e-04 -1.696664e+00 -1.686923e-02 5.872894e-04 9.998575e-01 8.407720e+01
9.998727e-01 6.295976e-04 -1.594064e-02 -1.081445e+01 -6.197615e-04 9.999996e-01 6.218903e-04 -1.727298e+00 1.594093e-02 -6.119301e-04 9.998727e-01 8.534311e+01
9.998031e-01 -5.939533e-04 1.983484e-02 -1.081478e+01 6.092044e-04 9.999995e-01 -7.627964e-04 -1.757896e+00 -1.983447e-02 7.747313e-04 9.998029e-01 8.659472e+01
9.999812e-01 2.033045e-04 -6.118247e-03 -1.078991e+01 -2.028490e-04 1.000000e+00 7.485123e-05 -1.786657e+00 6.118164e-03 -7.360713e-05 9.999812e-01 8.773889e+01
9.997690e-01 -6.510230e-04 2.148254e-02 -1.076089e+01 6.698289e-04 9.999994e-01 -8.681532e-04 -1.815278e+00 -2.148206e-02 8.823439e-04 9.997688e-01 8.887123e+01
9.999262e-01 4.274936e-04 -1.213560e-02 -1.075641e+01 -4.226078e-04 9.999998e-01 4.050527e-04 -1.843002e+00 1.213567e-02 -3.998927e-04 9.999262e-01 8.999890e+01
9.998503e-01 -4.718733e-04 1.729345e-02 -1.077404e+01 4.827082e-04 9.999997e-01 -6.222861e-04 -1.871636e+00 -1.729325e-02 6.305423e-04 9.998502e-01 9.119602e+01
9.999448e-01 3.761993e-04 -1.049720e-02 -1.079281e+01 -3.727614e-04 9.999999e-01 3.293361e-04 -1.902362e+00 1.049722e-02 -3.254034e-04 9.999448e-01 9.248646e+01
9.998146e-01 -5.290018e-04 1.924614e-02 -1.078873e+01 5.432688e-04 9.999996e-01 -7.360001e-04 -1.934208e+00 -1.924584e-02 7.463210e-04 9.998144e-01 9.378935e+01
9.999171e-01 4.464528e-04 -1.286259e-02 -1.077118e+01 -4.410110e-04 9.999998e-01 4.258105e-04 -1.964256e+00 1.286268e-02 -4.201011e-04 9.999171e-01 9.499317e+01
9.998855e-01 -3.450001e-04 1.512527e-02 -1.079024e+01 3.519394e-04 9.999998e-01 -4.560419e-04 -1.996111e+00 -1.512521e-02 4.613144e-04 9.998854e-01 9.632473e+01
9.999140e-01 4.261818e-04 -1.310206e-02 -1.081794e+01 -4.206484e-04 9.999998e-01 4.249913e-04 -2.024922e+00 1.310214e-02 -4.194419e-04 9.999140e-01 9.753971e+01
9.998859e-01 -3.426454e-04 1.510108e-02 -1.085383e+01 3.494115e-04 9.999998e-01 -4.453298e-04 -2.054145e+00 -1.510103e-02 4.505571e-04 9.998858e-01 9.878591e+01
9.999375e-01 3.131725e-04 -1.117026e-02 -1.089756e+01 -3.095362e-04 9.999999e-01 3.271511e-04 -2.081624e+00 1.117026e-02 -3.236715e-04 9.999375e-01 9.997780e+01
9.998470e-01 -3.870191e-04 1.748503e-02 -1.092751e+01 3.973538e-04 9.999997e-01 -5.875209e-04 -2.112761e+00 -1.748490e-02 5.943803e-04 9.998469e-01 1.013027e+02
9.999093e-01 4.247610e-04 -1.346159e-02 -1.096300e+01 -4.184393e-04 9.999998e-01 4.723356e-04 -2.145534e+00 1.346169e-02 -4.666584e-04 9.999092e-01 1.027003e+02
9.998669e-01 -3.612105e-04 1.630588e-02 -1.099576e+01 3.699110e-04 9.999998e-01 -5.304946e-04 -2.177159e+00 -1.630578e-02 5.364573e-04 9.998668e-01 1.040457e+02
9.998900e-01 5.015178e-04 -1.481853e-02 -1.104038e+01 -4.932690e-04 9.999997e-01 5.602258e-04 -2.208531e+00 1.481871e-02 -5.528532e-04 9.998900e-01 1.053944e+02
9.998685e-01 -3.733155e-04 1.621251e-02 -1.109001e+01 3.819581e-04 9.999998e-01 -5.299091e-04 -2.238833e+00 -1.621241e-02 5.360334e-04 9.998684e-01 1.067047e+02
9.998910e-01 5.267264e-04 -1.475314e-02 -1.112617e+01 -5.186452e-04 9.999997e-01 5.515002e-04 -2.270501e+00 1.475333e-02 -5.437870e-04 9.998910e-01 1.080504e+02
9.998660e-01 -3.871514e-04 1.636535e-02 -1.115469e+01 3.960059e-04 9.999998e-01 -5.377344e-04 -2.302293e+00 -1.636523e-02 5.441446e-04 9.998659e-01 1.093909e+02
9.998880e-01 4.997598e-04 -1.495872e-02 -1.118801e+01 -4.916056e-04 9.999997e-01 5.487110e-04 -2.330320e+00 1.495889e-02 -5.412942e-04 9.998879e-01 1.105797e+02
9.998650e-01 -3.846443e-04 1.642324e-02 -1.123238e+01 3.934278e-04 9.999998e-01 -5.315217e-04 -2.359469e+00 -1.642313e-02 5.379128e-04 9.998649e-01 1.118329e+02
9.998904e-01 4.657823e-04 -1.479241e-02 -1.128509e+01 -4.580598e-04 9.999998e-01 5.253667e-04 -2.386360e+00 1.479255e-02 -5.185319e-04 9.998904e-01 1.130042e+02
9.998678e-01 -4.142094e-04 1.625413e-02 -1.134187e+01 4.229270e-04 9.999998e-01 -5.328210e-04 -2.409850e+00 -1.625400e-02 5.396264e-04 9.998677e-01 1.140379e+02
9.998846e-01 4.543087e-04 -1.518554e-02 -1.138926e+01 -4.464505e-04 9.999998e-01 5.207909e-04 -2.429768e+00 1.518568e-02 -5.139497e-04 9.998845e-01 1.149047e+02
9.998774e-01 -4.212567e-04 1.564870e-02 -1.159079e+01 4.278868e-04 9.999998e-01 -4.202621e-04 -2.436761e+00 -1.564861e-02 4.269080e-04 9.998774e-01 1.154789e+02
9.999003e-01 4.371686e-04 -1.410783e-02 -1.165021e+01 -4.317179e-04 9.999998e-01 3.893166e-04 -2.457079e+00 1.410790e-02 -3.831858e-04 9.999003e-01 1.163837e+02
9.998888e-01 -4.077368e-04 1.490519e-02 -1.175727e+01 4.132906e-04 9.999998e-01 -3.694505e-04 -2.472063e+00 -1.490514e-02 3.755711e-04 9.998888e-01 1.171377e+02
9.998977e-01 4.491442e-04 -1.429519e-02 -1.189848e+01 -4.433437e-04 9.999998e-01 4.088512e-04 -2.483880e+00 1.429528e-02 -4.024702e-04 9.998977e-01 1.178130e+02
9.998949e-01 -4.025441e-04 1.449092e-02 -1.206102e+01 4.074438e-04 9.999999e-01 -3.350847e-04 -2.493914e+00 -1.449088e-02 3.409553e-04 9.998949e-01 1.184465e+02
9.999089e-01 4.051007e-04 -1.348642e-02 -1.234071e+01 -3.992080e-04 9.999998e-01 4.395395e-04 -2.498357e+00 1.348650e-02 -4.341141e-04 9.999089e-01 1.190415e+02
9.998954e-01 -4.307372e-04 1.445435e-02 -1.273486e+01 4.347116e-04 9.999999e-01 -2.717336e-04 -2.494104e+00 -1.445433e-02 2.779902e-04 9.998954e-01 1.194600e+02
9.999160e-01 4.292615e-04 -1.295371e-02 -1.288097e+01 -4.256397e-04 9.999999e-01 2.822593e-04 -2.509365e+00 1.295373e-02 -2.767204e-04 9.999160e-01 1.202931e+02
9.998988e-01 -4.670356e-04 1.421317e-02 -1.324494e+01 4.693390e-04 9.999999e-01 -1.586360e-04 -2.504287e+00 -1.421319e-02 1.652923e-04 9.998989e-01 1.206377e+02
9.999009e-01 4.980381e-04 -1.406790e-02 -1.357608e+01 -4.938042e-04 9.999998e-01 3.043569e-04 -2.496180e+00 1.406795e-02 -2.973784e-04 9.999009e-01 1.208229e+02
9.998613e-01 -5.717084e-04 1.664206e-02 -1.374243e+01 5.776403e-04 9.999998e-01 -3.515620e-04 -2.505753e+00 -1.664196e-02 3.611279e-04 9.998614e-01 1.214529e+02
9.999045e-01 4.954429e-04 -1.380639e-02 -1.389973e+01 -4.913341e-04 9.999998e-01 3.009030e-04 -2.518425e+00 1.380644e-02 -2.940892e-04 9.999046e-01 1.221989e+02
9.998712e-01 -5.064373e-04 1.603832e-02 -1.397120e+01 5.123148e-04 9.999998e-01 -3.622850e-04 -2.539882e+00 -1.603823e-02 3.704566e-04 9.998712e-01 1.231695e+02
9.999184e-01 3.992382e-04 -1.276201e-02 -1.417620e+01 -3.951662e-04 9.999999e-01 3.214988e-04 -2.549628e+00 1.276204e-02 -3.164280e-04 9.999184e-01 1.238734e+02
9.997226e-01 -7.913644e-04 2.353615e-02 -1.435584e+01 8.097675e-04 9.999994e-01 -7.723365e-04 -2.556729e+00 -2.353562e-02 7.911827e-04 9.997226e-01 1.244442e+02
9.999043e-01 4.649941e-04 -1.382366e-02 -1.447186e+01 -4.603303e-04 9.999998e-01 3.404823e-04 -2.568995e+00 1.382372e-02 -3.340847e-04 9.999043e-01 1.251241e+02
9.995751e-01 -9.896271e-04 2.912901e-02 -1.451578e+01 1.021329e-03 9.999989e-01 -1.073422e-03 -2.585183e+00 -2.912801e-02 1.102718e-03 9.995750e-01 1.258563e+02
9.998526e-01 5.878190e-04 -1.715890e-02 -1.454448e+01 -5.795404e-04 9.999997e-01 4.873765e-04 -2.602080e+00 1.715909e-02 -4.773589e-04 9.998526e-01 1.265908e+02
9.996004e-01 -9.200519e-04 2.825273e-02 -1.457173e+01 9.494479e-04 9.999990e-01 -1.027029e-03 -2.620595e+00 -2.825185e-02 1.053444e-03 9.996002e-01 1.273841e+02
9.997313e-01 8.487690e-04 -2.316237e-02 -1.461775e+01 -8.297407e-04 9.999993e-01 8.310742e-04 -2.645253e+00 2.316296e-02 -8.116308e-04 9.997313e-01 1.284544e+02
9.995919e-01 -9.466073e-04 2.854866e-02 -1.466157e+01 9.767637e-04 9.999990e-01 -1.042352e-03 -2.668359e+00 -2.854774e-02 1.069813e-03 9.995918e-01 1.294561e+02
9.997987e-01 6.964067e-04 -2.004972e-02 -1.472836e+01 -6.829408e-04 9.999995e-01 6.784160e-04 -2.685738e+00 2.005009e-02 -6.645852e-04 9.997987e-01 1.302614e+02
9.991661e-01 -1.423773e-03 4.080510e-02 -1.478329e+01 1.493715e-03 9.999975e-01 -1.683577e-03 -2.699076e+00 -4.080269e-02 1.743126e-03 9.991656e-01 1.309027e+02
9.997625e-01 8.125137e-04 -2.177802e-02 -1.479762e+01 -7.958764e-04 9.999994e-01 7.725666e-04 -2.719842e+00 2.177854e-02 -7.550491e-04 9.997625e-01 1.317814e+02
9.990056e-01 -1.585123e-03 4.455633e-02 -1.483399e+01 1.670700e-03 9.999968e-01 -1.883468e-03 -2.735535e+00 -4.455330e-02 1.956037e-03 9.990050e-01 1.324917e+02
9.994658e-01 1.284142e-03 -3.265557e-02 -1.487766e+01 -1.240175e-03 9.999983e-01 1.366582e-03 -2.758276e+00 3.265718e-02 -1.325352e-03 9.994657e-01 1.334898e+02
9.988705e-01 -1.699317e-03 4.748452e-02 -1.490346e+01 1.797611e-03 9.999963e-01 -2.027373e-03 -2.779956e+00 -4.748100e-02 2.110443e-03 9.988698e-01 1.344200e+02
9.994942e-01 1.188740e-03 -3.177888e-02 -1.497612e+01 -1.147074e-03 9.999985e-01 1.329274e-03 -2.794158e+00 3.178032e-02 -1.292148e-03 9.994940e-01 1.351191e+02
9.989513e-01 -1.584353e-03 4.575757e-02 -1.500871e+01 1.675884e-03 9.999967e-01 -1.962031e-03 -2.813457e+00 -4.575440e-02 2.036659e-03 9.989506e-01 1.359595e+02
9.994383e-01 1.250722e-03 -3.348837e-02 -1.503972e+01 -1.203140e-03 9.999982e-01 1.440930e-03 -2.834430e+00 3.349002e-02 -1.399828e-03 9.994380e-01 1.368649e+02
9.990228e-01 -1.545611e-03 4.416932e-02 -1.511796e+01 1.630431e-03 9.999969e-01 -1.884363e-03 -2.851036e+00 -4.416636e-02 1.954538e-03 9.990222e-01 1.376652e+02
9.995308e-01 1.145336e-03 -3.060769e-02 -1.515077e+01 -1.106688e-03 9.999986e-01 1.279586e-03 -2.869912e+00 3.060903e-02 -1.245111e-03 9.995306e-01 1.384895e+02
9.991337e-01 -1.436553e-03 4.159095e-02 -1.517836e+01 1.511557e-03 9.999973e-01 -1.771982e-03 -2.890149e+00 -4.158838e-02 1.833315e-03 9.991331e-01 1.393585e+02
9.994382e-01 1.244929e-03 -3.349086e-02 -1.524447e+01 -1.196237e-03 9.999982e-01 1.473866e-03 -2.909529e+00 3.349255e-02 -1.432974e-03 9.994379e-01 1.402509e+02
9.990019e-01 -1.571522e-03 4.463855e-02 -1.534637e+01 1.659721e-03 9.999967e-01 -1.938843e-03 -2.922946e+00 -4.463545e-02 2.010996e-03 9.990012e-01 1.409605e+02
9.994178e-01 1.237138e-03 -3.409500e-02 -1.556022e+01 -1.184899e-03 9.999981e-01 1.552311e-03 -2.927681e+00 3.409677e-02 -1.511007e-03 9.994173e-01 1.414954e+02
9.989093e-01 -1.635640e-03 4.666382e-02 -1.568343e+01 1.734642e-03 9.999963e-01 -2.081159e-03 -2.937149e+00 -4.666033e-02 2.159835e-03 9.989084e-01 1.420788e+02
9.993137e-01 1.377957e-03 -3.701596e-02 -1.574913e+01 -1.316561e-03 9.999977e-01 1.682944e-03 -2.952933e+00 3.701811e-02 -1.633055e-03 9.993132e-01 1.428262e+02
9.990914e-01 -1.485371e-03 4.259249e-02 -1.583960e+01 1.565607e-03 9.999971e-01 -1.850492e-03 -2.969351e+00 -4.258970e-02 1.915495e-03 9.990907e-01 1.436318e+02
9.993778e-01 1.287763e-03 -3.524549e-02 -1.597542e+01 -1.231778e-03 9.999979e-01 1.610081e-03 -2.981174e+00 3.524741e-02 -1.565664e-03 9.993773e-01 1.443258e+02
9.989999e-01 -1.573300e-03 4.468485e-02 -1.611784e+01 1.662267e-03 9.999967e-01 -1.953888e-03 -2.992170e+00 -4.468171e-02 2.026213e-03 9.989991e-01 1.450031e+02
9.994912e-01 1.144693e-03 -3.187459e-02 -1.621748e+01 -1.100600e-03 9.999984e-01 1.400821e-03 -3.003093e+00 3.187606e-02 -1.365026e-03 9.994908e-01 1.456123e+02
9.989241e-01 -1.654954e-03 4.634400e-02 -1.635692e+01 1.750597e-03 9.999964e-01 -2.023251e-03 -3.009457e+00 -4.634056e-02 2.102205e-03 9.989234e-01 1.461030e+02
9.993597e-01 1.300360e-03 -3.575572e-02 -1.656868e+01 -1.242530e-03 9.999979e-01 1.639543e-03 -3.013557e+00 3.575770e-02 -1.594065e-03 9.993591e-01 1.466103e+02
9.988996e-01 -1.652147e-03 4.687060e-02 -1.671623e+01 1.750975e-03 9.999963e-01 -2.067538e-03 -3.023840e+00 -4.686709e-02 2.147333e-03 9.988987e-01 1.472692e+02
9.995801e-01 1.006543e-03 -2.895854e-02 -1.679416e+01 -9.708513e-04 9.999988e-01 1.246522e-03 -3.035084e+00 2.895968e-02 -1.217883e-03 9.995798e-01 1.478660e+02
9.985848e-01 -1.932970e-03 5.314645e-02 -1.687011e+01 2.063918e-03 9.999950e-01 -2.409131e-03 -3.038830e+00 -5.314160e-02 2.515413e-03 9.985837e-01 1.481699e+02
9.995661e-01 1.021617e-03 -2.943718e-02 -1.702349e+01 -9.844440e-04 9.999987e-01 1.277232e-03 -3.032889e+00 2.943837e-02 -1.247698e-03 9.995657e-01 1.482177e+02
9.982619e-01 -2.126547e-03 5.889415e-02 -1.710047e+01 2.293925e-03 9.999935e-01 -2.774546e-03 -3.030888e+00 -5.888794e-02 2.904823e-03 9.982603e-01 1.483110e+02
9.997827e-01 6.923437e-04 -2.083549e-02 -1.715086e+01 -6.748902e-04 9.999994e-01 8.446889e-04 -3.034403e+00 2.083599e-02 -8.304430e-04 9.997825e-01 1.485904e+02
9.984674e-01 -1.989551e-03 5.530619e-02 -1.717857e+01 2.135942e-03 9.999944e-01 -2.587926e-03 -3.041628e+00 -5.530080e-02 2.702091e-03 9.984660e-01 1.489706e+02
9.998445e-01 5.107811e-04 -1.762920e-02 -1.721736e+01 -4.990640e-04 9.999997e-01 6.690205e-04 -3.043789e+00 1.762947e-02 -6.601179e-04 9.998443e-01 1.491769e+02
9.986720e-01 -1.811288e-03 5.148681e-02 -1.724881e+01 1.938417e-03 9.999952e-01 -2.419322e-03 -3.048065e+00 -5.148225e-02 2.515912e-03 9.986707e-01 1.494496e+02
9.996974e-01 7.691386e-04 -2.458565e-02 -1.732344e+01 -7.426967e-04 9.999991e-01 1.084610e-03 -3.048653e+00 2.458640e-02 -1.066022e-03 9.996971e-01 1.496389e+02
9.988004e-01 -1.702194e-03 4.893691e-02 -1.727775e+01 1.821360e-03 9.999955e-01 -2.390600e-03 -3.047298e+00 -4.893268e-02 2.476864e-03 9.987989e-01 1.495820e+02
9.998570e-01 4.366353e-04 -1.690197e-02 -1.721933e+01 -4.255545e-04 9.999997e-01 6.591837e-04 -3.053113e+00 1.690220e-02 -6.518967e-04 9.998568e-01 1.497778e+02
9.992939e-01 -1.183485e-03 3.755403e-02 -1.717325e+01 1.249254e-03 9.999977e-01 -1.727920e-03 -3.069994e+00 -3.755196e-02 1.773615e-03 9.992930e-01 1.504066e+02
9.999084e-01 2.754421e-04 -1.352826e-02 -1.712855e+01 -2.687759e-04 9.999998e-01 4.945798e-04 -3.085197e+00 1.352835e-02 -4.908985e-04 9.999083e-01 1.509743e+02
9.993270e-01 -1.161928e-03 3.666311e-02 -1.713699e+01 1.224269e-03 9.999978e-01 -1.677978e-03 -3.095738e+00 -3.666114e-02 1.721734e-03 9.993262e-01 1.514346e+02
9.998432e-01 4.634932e-04 -1.770332e-02 -1.716075e+01 -4.507637e-04 9.999996e-01 7.230302e-04 -3.107607e+00 1.770359e-02 -7.149371e-04 9.998429e-01 1.519638e+02
9.994770e-01 -1.013344e-03 3.232042e-02 -1.721492e+01 1.060336e-03 9.999984e-01 -1.436819e-03 -3.117944e+00 -3.231896e-02 1.470338e-03 9.994764e-01 1.524751e+02
9.998882e-01 3.388871e-04 -1.495150e-02 -1.727021e+01 -3.302265e-04 9.999998e-01 5.817201e-04 -3.126472e+00 1.495165e-02 -5.767181e-04 9.998880e-01 1.529191e+02
9.994294e-01 -1.052828e-03 3.375957e-02 -1.728659e+01 1.105497e-03 9.999982e-01 -1.541508e-03 -3.135655e+00 -3.375793e-02 1.577950e-03 9.994287e-01 1.533287e+02
9.998431e-01 4.254281e-04 -1.770783e-02 -1.732128e+01 -4.123890e-04 9.999996e-01 7.399971e-04 -3.138120e+00 1.770810e-02 -7.325790e-04 9.998428e-01 1.535060e+02
9.994350e-01 -1.046045e-03 3.359299e-02 -1.732205e+01 1.099246e-03 9.999982e-01 -1.565263e-03 -3.145035e+00 -3.359133e-02 1.601305e-03 9.994343e-01 1.538007e+02
9.998561e-01 4.311315e-04 -1.695957e-02 -1.734774e+01 -4.186539e-04 9.999996e-01 7.392803e-04 -3.155483e+00 1.695984e-02 -7.320744e-04 9.998558e-01 1.542665e+02
9.997806e-01 -5.127626e-04 2.094162e-02 -1.735239e+01 5.325563e-04 9.999994e-01 -9.396223e-04 -3.173861e+00 -2.094117e-02 9.505680e-04 9.997802e-01 1.550022e+02
9.999106e-01 2.722416e-04 -1.336979e-02 -1.732975e+01 -2.645075e-04 9.999998e-01 5.802495e-04 -3.191338e+00 1.336990e-02 -5.766619e-04 9.999104e-01 1.556636e+02
9.997654e-01 -5.817989e-04 2.165080e-02 -1.723882e+01 6.046401e-04 9.999993e-01 -1.048457e-03 -3.204896e+00 -2.165021e-02 1.061301e-03 9.997649e-01 1.560660e+02
9.998870e-01 3.664392e-04 -1.503036e-02 -1.714665e+01 -3.563203e-04 9.999997e-01 6.759120e-04 -3.221310e+00 1.503057e-02 -6.704808e-04 9.998867e-01 1.565718e+02
9.998220e-01 -4.571818e-04 1.886017e-02 -1.711772e+01 4.738936e-04 9.999995e-01 -8.816343e-04 -3.239052e+00 -1.885980e-02 8.904143e-04 9.998216e-01 1.572233e+02
9.996163e-01 9.339864e-04 -2.768342e-02 -1.711505e+01 -9.028006e-04 9.999989e-01 1.138998e-03 -3.252535e+00 2.768441e-02 -1.113569e-03 9.996160e-01 1.577279e+02
9.992566e-01 -1.247311e-03 3.853053e-02 -1.712024e+01 1.312004e-03 9.999978e-01 -1.653777e-03 -3.267832e+00 -3.852842e-02 1.703099e-03 9.992560e-01 1.583445e+02
9.995289e-01 1.028761e-03 -3.067488e-02 -1.711041e+01 -9.896739e-04 9.999987e-01 1.289405e-03 -3.283576e+00 3.067612e-02 -1.258441e-03 9.995285e-01 1.589510e+02
9.997469e-01 -5.624837e-04 2.248883e-02 -1.709071e+01 5.863827e-04 9.999993e-01 -1.056134e-03 -3.298048e+00 -2.248826e-02 1.069053e-03 9.997464e-01 1.594559e+02
9.996231e-01 9.075509e-04 -2.743844e-02 -1.682088e+01 -8.764331e-04 9.999990e-01 1.146106e-03 -3.311895e+00 2.743941e-02 -1.121627e-03 9.996227e-01 1.595900e+02
9.998058e-01 -4.033900e-04 1.970019e-02 -1.652979e+01 4.222184e-04 9.999995e-01 -9.516050e-04 -3.327673e+00 -1.969984e-02 9.597372e-04 9.998054e-01 1.597634e+02
9.992084e-01 1.397725e-03 -3.975650e-02 -1.634224e+01 -1.336272e-03 9.999979e-01 1.572270e-03 -3.340792e+00 3.975857e-02 -1.517901e-03 9.992081e-01 1.599780e+02
9.998355e-01 -3.500688e-04 1.813461e-02 -1.621095e+01 3.658213e-04 9.999996e-01 -8.653448e-04 -3.354356e+00 -1.813435e-02 8.718357e-04 9.998351e-01 1.602999e+02
9.990077e-01 1.554002e-03 -4.451050e-02 -1.609564e+01 -1.478893e-03 9.999974e-01 1.720339e-03 -3.366929e+00 4.451301e-02 -1.652807e-03 9.990073e-01 1.606010e+02
9.998739e-01 -2.560543e-04 1.587690e-02 -1.597352e+01 2.683504e-04 9.999997e-01 -7.723490e-04 -3.377398e+00 -1.587674e-02 7.765116e-04 9.998736e-01 1.608142e+02
9.990068e-01 1.543255e-03 -4.453105e-02 -1.588249e+01 -1.468648e-03 9.999975e-01 1.708062e-03 -3.389057e+00 4.453352e-02 -1.640966e-03 9.990064e-01 1.611129e+02
9.997969e-01 -4.181102e-04 2.014772e-02 -1.582247e+01 4.358362e-04 9.999995e-01 -8.754243e-04 -3.401769e+00 -2.014739e-02 8.840271e-04 9.997965e-01 1.614999e+02
9.993823e-01 1.208084e-03 -3.512316e-02 -1.582697e+01 -1.161470e-03 9.999984e-01 1.347544e-03 -3.419877e+00 3.512468e-02 -1.305917e-03 9.993820e-01 1.622015e+02
9.995189e-01 -8.242648e-04 3.100586e-02 -1.584899e+01 8.614678e-04 9.999989e-01 -1.186533e-03 -3.440336e+00 -3.100490e-02 1.212672e-03 9.995184e-01 1.630485e+02
9.995131e-01 1.014439e-03 -3.118445e-02 -1.587435e+01 -9.756811e-04 9.999987e-01 1.258051e-03 -3.463746e+00 3.118564e-02 -1.227013e-03 9.995128e-01 1.640237e+02
9.995657e-01 -7.391752e-04 2.945865e-02 -1.588495e+01 7.741221e-04 9.999990e-01 -1.174922e-03 -3.486352e+00 -2.945781e-02 1.197216e-03 9.995652e-01 1.649385e+02
9.992998e-01 1.274539e-03 -3.739282e-02 -1.589307e+01 -1.221997e-03 9.999982e-01 1.427978e-03 -3.506275e+00 3.739451e-02 -1.381284e-03 9.992995e-01 1.657219e+02
9.998193e-01 -3.744921e-04 1.900596e-02 -1.588500e+01 3.901164e-04 9.999996e-01 -8.183749e-04 -3.522742e+00 -1.900570e-02 8.256410e-04 9.998189e-01 1.663413e+02
9.995658e-01 9.778089e-04 -2.944825e-02 -1.588953e+01 -9.448320e-04 9.999989e-01 1.133724e-03 -3.540793e+00 2.944927e-02 -1.105409e-03 9.995656e-01 1.670441e+02
9.997880e-01 -4.258451e-04 2.058727e-02 -1.588905e+01 4.435760e-04 9.999995e-01 -8.566980e-04 -3.560228e+00 -2.058695e-02 8.656480e-04 9.997876e-01 1.677970e+02
9.992916e-01 1.274603e-03 -3.761303e-02 -1.586257e+01 -1.223496e-03 9.999983e-01 1.381740e-03 -3.577974e+00 3.761467e-02 -1.334742e-03 9.992913e-01 1.684240e+02
9.999084e-01 -1.646590e-04 1.353274e-02 -1.579140e+01 1.728036e-04 9.999998e-01 -6.006889e-04 -3.592976e+00 -1.353270e-02 6.029720e-04 9.999082e-01 1.688841e+02
