0.9997439363430761 -0.00038328429554673987 0.0226255350964371 0.02421467751264572 0.00039603669329692215 0.9999997652528534 -0.0005591504053801394 -0.009687025099992752 -0.022625315471588064 0.0005679677693862337 0.9997438534506847 0.6016681790351868
0.9995942780276958 -0.00052699840357155 0.028478089945990933 0.030563607811927795 0.0005443062837246994 0.9999996718576518 -0.0006000127149355435 -0.009172843769192696 -0.028477764395380734 0.0006152700798995124 0.9995942368670249 0.5774326920509338
0.9997298678773825 -0.000420500476086406 0.023238211058967184 0.024792682379484177 0.00043352047609787674 0.9999997518791679 -0.0005552491328721816 -0.009236006066203117 -0.023237971810558197 0.0005651733825672836 0.9997298021191423 0.5911092162132263
0.9996400601397776 -0.00039968893849920726 0.026825182431701705 0.028949178755283356 0.0004138171821836645 0.9999997785898815 -0.00052112908892649 -0.009529396891593933 -0.026824968202802515 0.0005320422352005135 0.9996400042075039 0.6091756224632263
0.9992245868582021 -0.0005876110871588588 0.03936851192597395 0.04304205998778343 0.000613587836852541 0.9999996019608266 -0.0006477562464520276 -0.008838056586682796 -0.03936811562701182 0.0006714100078186089 0.9992245496786895 0.5733854174613953
0.9996497592078012 -0.0003940895821434122 0.02646136068282428 0.028596382588148117 0.00040859731940875906 0.9999997691775167 -0.0005428564673383099 -0.009686440229415894 -0.026461140640868915 0.0005534783779020492 0.999649689490108 0.6163486242294312
0.9994623546689736 -0.0005071109433880873 0.03278329510653926 0.03558157756924629 0.0005269511528071132 0.9999996832219185 -0.000596555568014606 -0.009166675619781017 -0.03278298220165304 0.0006135100278479716 0.9994623052839022 0.5855391025543213
0.9992053497857838 -0.0006896271594849185 0.03985214390532313 0.0433003306388855 0.0007166211162375933 0.9999995233950429 -0.0006630715369202004 -0.008305493742227554 -0.03985166763945325 0.0006911035148312398 0.9992053677609456 0.5415939092636108
0.999387002337471 -0.0005101405979314898 0.03500513270214376 0.038109179586172104 0.0005334205902541367 0.9999996427538691 -0.0006557092409487 -0.008627953007817268 -0.035004785692791286 0.0006739797512646014 0.9993869174298297 0.5637096166610718
0.9995833572495396 -0.00041453959430534827 0.02886070107714113 0.03132656216621399 0.0004301764139718308 0.9999997640423468 -0.0005355963999161148 -0.009774167090654373 -0.0288604722413235 0.0005477884404529945 0.9995832997153525 0.6198833584785461
0.9994576398277293 -0.00048455690612162085 0.032927061736355775 0.03584069386124611 0.0005045340408986141 0.999999693679733 -0.0005984027422495628 -0.00938440766185522 -0.03292676168994803 0.0006146910159479506 0.999457578149052 0.5978724956512451
0.9996103695009134 -0.0004458747196493718 0.027908965978367815 0.03017810359597206 0.00046141104924512507 0.9999997421671638 -0.0005502412648106797 -0.009619852527976036 -0.027908713443850274 0.0005629043793074787 0.999610317500059 0.6113249063491821
0.9996261414818768 -0.00040494547204835297 0.027338860349685315 0.02965337038040161 0.0004205150735121846 0.9999997526722277 -0.0005637575333691178 -0.009834671393036842 -0.027338625296965416 0.0005750431706827987 0.999626064532245 0.6194823384284973
0.9995305308806944 -0.0004712364144518033 0.030634878383947118 0.03314956650137901 0.000489281549419494 0.9999997112042933 -0.0005815452654116322 -0.009257800877094269 -0.030634595491420048 0.0005962613286300183 0.9995304727878512 0.597186803817749
0.9995945233056592 -0.00043759415178097177 0.02847099381283476 0.03082285076379776 0.00045427285766147513 0.9999997289957095 -0.000579348494898932 -0.009308538399636745 -0.02847073257756007 0.0005920471823061675 0.9995944511984004 0.5972896814346313
0.9997153987091629 -0.00031413263656712617 0.02385420098151256 0.025725223124027252 0.0003270933696962772 0.9999998010118397 -0.0005394313753187288 -0.009961155243217945 -0.023854026781808816 0.0005470804034334503 0.9997153025283374 0.6225928068161011
0.999845357974605 -0.0002316082139366952 0.017584268374572547 0.018796738237142563 0.00024119100333238762 0.9999998235730927 -0.0005428449901364183 -0.010272675193846226 -0.01758413954487585 0.0005470022108197973 0.9998452374367983 0.6344964504241943
0.9999999786717713 0.0001812358988509111 -9.904547360783742e-05 -0.000876891310326755 -0.00018125143458701346 0.9999999712701548 -0.00015686811969969395 -0.010999559424817562 9.901704062760147e-05 0.0001568860684881556 0.9999999827911934 0.663713812828064
0.9999955429005206 0.00018819375228080015 0.002979725189372157 0.00288520660251379 -0.00018741627824983957 0.9999999483252493 -0.0002611984628205102 -0.011717207729816437 -0.0029797741913144093 0.0002606388496277781 0.9999955264965731 0.6903628706932068
0.9999999677828362 0.00021678060338639916 0.0001320624718829219 -0.0006770698819309473 -0.00021676292199907662 0.9999999675441675 -0.00013388614314188772 -0.011041960678994656 -0.00013209149151561985 0.00013385751258116418 0.9999999823170018 0.6611580848693848
0.9999995251607611 0.0002653960491914301 0.0009376796838279072 0.0005564128514379263 -0.0002651648488440077 0.9999999344177545 -0.0002466821632354234 -0.011777328327298164 -0.0009377450908042967 0.00024643340640942646 0.9999995299522499 0.6950900554656982
0.9999824959232225 0.00016281075416723406 0.005914502499855636 0.006476402282714844 -0.00016034899762357502 0.9999999003264894 -0.00041669558461855216 -0.012192069552838802 -0.005914569752858799 0.0004157399061997521 0.9999824223579978 0.7232732772827148
0.9999999614579377 0.00018646029717202546 0.00020571018718384504 0.00016278168186545372 -0.0001863972501484928 0.9999999356687649 -0.00030646130514453676 -0.013744225725531578 -0.00020576731681628359 0.0003064229495196674 0.9999999318823914 0.8016284704208374
0.9999992067609033 0.00021416307461626696 -0.0012412138178748728 -0.0009487147908657789 -0.00021459865071897093 0.9999999154416402 -0.0003508049762835649 -0.014818182215094566 0.0012411385834475567 0.0003510710608219121 0.9999991681617174 0.8505661487579346
0.9999974525572146 0.0002172575158295365 -0.00224670386408098 -0.0028215469792485237 -0.0002179040439467191 0.9999999349231343 -0.00028752661526238956 -0.012970026582479477 0.0022466412505543682 0.00028801544866232195 0.9999974348218061 0.7510671019554138
0.999987457853806 0.0003104966868026989 -0.004998772538316797 -0.006032539531588554 -0.000311465711768506 0.9999999328555227 -0.0001930752715902591 -0.01210857555270195 0.0049987122534446956 0.00019462979625859208 0.9999874874192425 0.7036148309707642
0.9999773594519769 0.0003176287134757036 -0.006721584296296688 -0.007998768240213394 -0.0003184031534375907 0.9999999427949349 -0.00011414709332663828 -0.012232683598995209 0.006721547655393619 0.00011628468260992758 0.9999774033821909 0.7088820934295654
0.9999761273154496 0.00035290862400327204 -0.006900743054138196 -0.008388008922338486 -0.0003535554199956548 0.9999999332203443 -9.250876861784823e-05 -0.011722786352038383 0.006900709946166708 9.49463552939848e-05 0.9999761853101446 0.6733903884887695
0.9999343219416071 0.0004307432255541251 -0.01145278409172499 -0.01373690739274025 -0.0004304067311915391 0.9999999068679425 3.184575227175867e-05 -0.011397264897823334 0.011452796742445696 -2.6914305340619596e-05 0.9999344142104502 0.6576097011566162
0.9998875362670627 0.0004914164232064227 -0.014989106967476839 -0.017832819372415543 -0.0004895510795758408 0.999999871963067 0.00012811553464588793 -0.010999339632689953 0.014989168006395345 -0.00012076319279680834 0.9998876488179698 0.6430096626281738
0.9999167958984716 0.000444461099401346 -0.012892002732893556 -0.0152275450527668 -0.0004434972141208954 0.999999898642289 7.762494616673573e-05 -0.011468752287328243 0.012892035927458587 -7.190092015635649e-05 0.9999168916664536 0.6666213274002075
0.9997895297943596 0.0006083230316101793 -0.020506731983974524 -0.024128209799528122 -0.0006021420596100753 0.9999997714081366 0.0003075851340159253 -0.01073464471846819 0.020506914407423648 -0.00029517243067681475 0.9997896675474911 0.6357883810997009
0.9998462051905667 0.0005364943923187746 -0.017529350809156796 -0.020497817546129227 -0.0005330972723116104 0.9999998382087991 0.00019846831969837748 -0.011342234909534454 0.017529454450202646 -0.0001890929471992161 0.9998463294279455 0.6632068157196045
0.9998038733470321 0.0005824696938907711 -0.019795847274797003 -0.023268073797225952 -0.0005775886057626983 0.9999998013710863 0.0002522879108664967 -0.010575642809271812 0.019795990292831585 -0.00024080457465561295 0.9998040111849334 0.6327439546585083
0.9997460469653242 0.0006015153504031245 -0.02252731134624942 -0.02639254555106163 -0.0005939842068746693 0.9999997654503483 0.00034100148113785613 -0.01040242426097393 0.02252751118010181 -0.00032753401561387156 0.9997461697658555 0.6239372491836548
0.9996833783892578 0.0006921528744248944 -0.025152810909290887 -0.02943434938788414 -0.0006792114351927773 0.9999996325439433 0.0005230523921339041 -0.010757407173514366 0.025153163698954862 -0.000505802705646172 0.9996834811676928 0.6480316519737244
0.9999363840547888 0.0003789849526369945 -0.011273163435314903 -0.013280058279633522 -0.0003790700927289771 0.9999999281382647 -5.4157313161589485e-06 -0.013079670257866383 0.01127316057272514 9.688705898065998e-06 0.9999364558594863 0.7566648125648499
0.9998183639392924 0.0005538750680760947 -0.019050783505294117 -0.02235320210456848 -0.0005489415678431245 0.999999814432293 0.00026419412273447605 -0.01142014842480421 0.019050926300621624 -0.0002536883685887244 0.9998184824503396 0.6706709861755371
0.9998903993259807 0.0004942565703144724 -0.014796791752730205 -0.017481893301010132 -0.0004923716024368886 0.9999998702002709 0.00013103299790321677 -0.011552911251783371 0.014796854596030785 -0.0001237331165321111 0.9998905128983773 0.675622284412384
0.9997162822906289 0.0006983052930508167 -0.023808975045577288 -0.027903422713279724 -0.0006895324651641401 0.9999996913304262 0.00037667496796753595 -0.010216387920081615 0.023809230730595002 -0.0003601510373522384 0.9997164552128005 0.6168237328529358
0.9999420144220446 0.0003089095851996399 -0.010764402837646962 -0.013031473383307457 -0.0003090491036237384 0.9999999521805055 -1.129768245788111e-05 -0.011893834918737411 0.01076439883293626 1.4623756403253855e-05 0.9999420620735536 0.6996150612831116
0.9999991825237188 0.0002184981324653452 -0.001259845411280459 -0.0008646392961964011 -0.00021885148629402826 0.9999999367559351 -0.00028034292011671713 -0.015457618981599808 0.0012597840771982184 0.00028061840998378873 0.9999991670983466 0.8795157670974731
0.9999999265165085 0.000219786222187923 0.0003141034772351579 0.00107658002525568 -0.0002196920414745776 0.9999999309148421 -0.0002998428223298788 -0.01611090451478958 -0.0003141693568564396 0.00029977379426223327 0.9999999057166393 0.9103190302848816
0.9999989864153315 0.00022996821971116294 -0.0014050917862192347 -0.0008175745606422424 -0.000230430837022255 0.9999999193005447 -0.0003290904642484511 -0.01587061956524849 0.0014050159924809057 0.0003294139071637935 0.9999989587077273 0.8963481187820435
0.9999904655927405 0.0002607495672651474 -0.004358983055410729 -0.00517616793513298 -0.00026182552074035885 0.9999999353999625 -0.00024626706616010874 -0.01256444863975048 0.004358918559789327 0.0002474060111579867 0.99999046926421 0.7267101407051086
0.9998607383538363 0.0005249171189259936 -0.016680178672301916 -0.019585400819778442 -0.0005226668879531812 0.9999998537124771 0.0001392635942836903 -0.010823027230799198 0.01668024933404458 -0.00013052602312914457 0.9998608664434825 0.644935131072998
0.9999815195164596 0.00020700803359729629 -0.006075999771761657 -0.007874490693211555 -0.00020827397367403016 0.9999999567374029 -0.00020771890653490158 -0.01178604643791914 0.006075956509415744 0.00020898054040557564 0.9999815193690478 0.7078529000282288
0.9999947621596705 0.00015667729085140397 -0.003232816952782966 -0.0037973939906805754 -0.000157643765973205 0.9999999429619036 -0.0002987049250249291 -0.013287007808685303 0.0032327699681108245 0.000299212993895365 0.9999947298210713 0.7803963422775269
0.9996309410720123 0.0008121609389554943 -0.02715367463333169 -0.031839001923799515 -0.0007992940660926537 0.9999995630952417 0.00048470436560674597 -0.009737944230437279 0.027154056427714714 -0.0004628217101261514 0.9996311534839166 0.5948996543884277
0.9996491718770266 0.0007117018161993423 -0.02647690778962028 -0.031070705503225327 -0.0006990393988092306 0.9999996368454429 0.000487496565500854 -0.009875609539449215 0.026477245126601615 -0.00046881713629223965 0.999649306357484 0.59925377368927
0.9997789227704706 0.0006291045331085838 -0.021016893476510937 -0.02457607164978981 -0.0006222102264481845 0.9999997504573038 0.00033457400318770306 -0.011007033288478851 0.021017098713920747 -0.00032142311044474866 0.999779064718217 0.6504236459732056
0.9998062840254203 0.0006006647726879787 -0.01967317018457779 -0.023055460304021835 -0.0005950867245016737 0.9999997810629415 0.0002893887680484667 -0.011087387800216675 0.019673339703030358 -0.00027762546641552744 0.9998064225784056 0.6518425941467285
0.9998759860354701 0.00050647988354852 -0.015740267714500128 -0.01857750490307808 -0.0005040990293020971 0.9999998608945161 0.0001552260200239268 -0.011783985421061516 0.015740344143799115 -0.00014727211615395077 0.9998761022632549 0.6834779381752014
0.9999602577001865 0.00026432308622446844 -0.00891140580845314 -0.01063865888863802 -0.0002653943302157602 0.9999999576990785 -0.00011902811006041608 -0.012756673619151115 0.008911373969615064 0.00012138841618539506 0.9999602855507944 0.7377704381942749
0.9998555905770355 0.0005460520375652856 -0.016985282423899274 -0.02021827921271324 -0.0005421867001682272 0.9999998260644156 0.00023217390145598458 -0.011418581008911133 0.01698540624858621 -0.0002229311791280086 0.9998557127287215 0.6729571223258972
0.9999717243526163 0.000410825102788005 -0.007508776064738392 -0.009059378877282143 -0.00041119063819713536 0.9999999143501604 -4.713736455711951e-05 -0.011507593095302582 0.007508756056400286 5.022357013975985e-05 0.9999718076326346 0.6799700856208801
0.9997593786540643 0.0006655988045333859 -0.021925824305386903 -0.02570229023694992 -0.0006587122681911891 0.9999997314308672 0.00032130412600856124 -0.010210717096924782 0.021926032276429443 -0.00030678400391714346 0.9997595485876531 0.618461012840271
0.9996185771122548 0.0007013517420101966 -0.027608121953611724 -0.032412394881248474 -0.0006888266211774303 0.9999996554896263 0.00046318302528172906 -0.00962642952799797 0.02760843729654896 -0.0004439891473123106 0.9996187158430357 0.5750634670257568
0.9996203320490833 0.0006139763203418858 -0.027546593022694594 -0.032495442777872086 -0.0006007565643493141 0.9999997003865071 0.0004881787028867443 -0.009273046627640724 0.027546884499527313 -0.00047144456049509544 0.999620401399649 0.5615662932395935
0.9996303150133647 0.0006909771596030489 -0.027180063591654553 -0.031979866325855255 -0.0006780322407582141 0.9999996522913854 0.00048547851558516486 -0.009576805867254734 0.027180389595478038 -0.00046687008204561865 0.9996304359380844 0.5859149694442749
0.9999906747477928 0.0003515570974137026 -0.004304279853950363 -0.005823788233101368 -0.0003520699841489262 0.99999993101405 -0.00011840025825910551 -0.01087410468608141 0.004304237932564403 0.00011991456188678872 0.999990729535188 0.649176299571991
0.9999970772343586 4.2760530266047066e-05 0.0024173734253292037 0.0017066518776118755 -4.2044932270923965e-05 0.9999999552865041 -0.0002960729869595029 -0.010760638862848282 -0.002417385977477907 0.0002959704833056077 0.9999970343188569 0.6411820650100708
0.9999985386832734 0.00017831742886899286 -0.0017002453389660158 -0.0029007073026150465 -0.00017863413122643767 0.99999996672486 -0.00018611858105769597 -0.010770891793072224 0.001700212094203275 0.0001864220309284983 0.9999985372617609 0.6564648747444153
0.9999576961097628 0.0002842825813124636 -0.009193757353187114 -0.01165501493960619 -0.000284034458163193 0.9999999592619399 2.8293908648925194e-05 -0.010070309042930603 0.00919376502211666 -2.5681367818222955e-05 0.999957736119475 0.622683584690094
0.9999911868954566 0.00023279976673724686 -0.0041918892738125645 -0.006401542108505964 -0.00023256533535152848 0.9999999713655049 5.6412354139573814e-05 -0.009379345923662186 0.004191902286562817 -5.5436968836878564e-05 0.99999121240237 0.6058834195137024
0.9999868694638031 -3.9989274420819184e-05 0.005124382971700796 0.004364502616226673 4.081186231231072e-05 0.9999999862999377 -0.00016041981293191655 -0.009661911055445671 -0.005124376486424507 0.00016062684214603276 0.9999868573959574 0.6158595085144043
0.9999841941052285 8.548984506189352e-05 0.005621764065026644 0.005472648423165083 -8.365423085439285e-05 0.9999999431170298 -0.00032675358718486496 -0.010746794752776623 -0.005621791679357548 0.0003262781382031451 0.9999841443747447 0.6642197370529175
0.9999267642049036 0.00034496581709857486 -0.012097405725862154 -0.014688387513160706 -0.00034426406443318177 0.9999999389356666 6.009090454933783e-05 -0.010293480940163136 0.012097425716450127 -5.592180167988255e-05 0.9999268219043767 0.6357593536376953
0.9997256244159272 0.0006995794059014278 -0.02341338238785469 -0.027644053101539612 -0.0006909798565703591 0.9999996908182102 0.0003753802372502963 -0.009618527255952358 0.02341363775714657 -0.0003590990664742645 0.9997257987142465 0.6013190150260925
0.9999945476553923 0.00021142619284024713 -0.0032954451069181147 -0.005170835182070732 -0.00021159370925184488 0.9999999763397265 -5.0484146081020035e-05 -0.009916016831994057 0.003295434355276177 5.118116627786701e-05 0.9999945687317 0.6080248355865479
0.9999839927446829 0.00038152556246658456 -0.005645236279126444 -0.0073981438763439655 -0.00038177915931345257 0.9999999261611544 -4.384471606837597e-05 -0.010418567806482315 0.005645219134408755 4.5999247795582255e-05 0.9999840645655278 0.6269888877868652
0.9999997306106376 -2.2888815181547473e-05 0.0007336584723310078 -0.0007784037152305245 2.2994707195255265e-05 0.9999999893206104 -0.00014432609669241808 -0.00942490715533495 -0.0007336551610426302 0.00014434292807425552 0.9999997204575726 0.587897777557373
0.9999944198179572 1.2433582358298779e-05 0.003340685311883042 0.002422305289655924 -1.1579994268754902e-05 0.9999999672846266 -0.0002555320904408938 -0.010087605565786362 -0.0033406883797705666 0.0002554919794085461 0.9999943872467473 0.6367385983467102
0.9999400410874492 -0.00013980670104681256 0.010949643104521314 0.01137127261608839 0.00014528623176298964 0.9999998646277631 -0.0004996362333854309 -0.010702081024646759 -0.010949571769750123 0.0005011971081260117 0.9999399260353181 0.6594720482826233
0.9997936371626579 -0.0003111428273734237 0.020312219947729745 0.021666597574949265 0.00032238868165530355 0.9999997965750604 -0.0005503774851683241 -0.010106826201081276 -0.02031204456971077 0.0005568123375193167 0.9997935340886234 0.6269788146018982
0.9997607097725646 -0.00032848311708185774 0.021872706597489404 0.02340497076511383 0.0003410825305512127 0.9999997780645792 -0.0005723054254529596 -0.009884081780910492 -0.021872513750490985 0.0005796288764738164 0.9997605999301035 0.6280081272125244
0.9998048417273202 -0.00029243056042470024 0.019753302077758567 0.02120036631822586 0.00030323980047531566 0.9999998059357775 -0.0005442187338065604 -0.01018145214766264 -0.019753139098160042 0.000550102512399299 0.999804736377556 0.639241099357605
0.9999834938587477 5.519223944779742e-05 0.005745342798161747 0.005776085890829563 -5.282060307259866e-05 0.9999999133437137 -0.0004129437598638499 -0.011160609312355518 -0.005745365091582549 0.00041263347128436264 0.9999834101191792 0.6825131773948669
0.9999994658763199 0.00018919923589311776 -0.0010160958240021428 -0.0009689722210168839 -0.00018947152682497162 0.9999999461682685 -0.00026788803685367363 -0.014669784344732761 0.0010160450850920676 0.00026808041499550375 0.9999994478924855 0.845158040523529
0.9999955620916636 0.00018578210530278933 -0.002973429331095676 -0.0034852277021855116 -0.00018664334115495618 0.9999999407148927 -0.00028936909690138236 -0.013293847441673279 0.0029733753952155676 0.0002899227834928988 0.9999955374818124 0.7805947065353394
0.9998672679458489 0.00046611673555608206 -0.016285859685389054 -0.019056830555200577 -0.0004639279766790405 0.9999998828393819 0.000138174000225384 -0.010998676531016827 0.016285922182541598 -0.00013060019417418254 0.999867367045376 0.6681308150291443
0.9998446683304746 0.0005039897762079111 -0.01761775256463936 -0.020956773310899734 -0.0004988936322551339 0.9999998324357224 0.00029365570119835197 -0.011189647018909454 0.017617897612004507 -0.000284820702598874 0.9998447522295151 0.6757985949516296
0.999959570903688 0.0003115672092179476 -0.008986628065443899 -0.010739149525761604 -0.0003122577047482441 0.9999999484025015 -7.543288813435425e-05 -0.012650509364902973 0.008986604099341928 7.823598230399642e-05 0.999959616597537 0.7454994916915894
0.9999710322088393 0.0002877923851634383 -0.007606044880944856 -0.008895622566342354 -0.00028877396682458923 0.9999999501185656 -0.0001279549211078784 -0.01306983269751072 0.007606007677092491 0.00013014764228856212 0.9999710654357988 0.7613674402236938
0.9999883523900845 0.00024287686860717368 -0.004820383282570857 -0.005742721259593964 -0.00024412315964965442 0.999999936930428 -0.00025795934397623924 -0.013344964012503624 0.004820320326193653 0.0002591331065640901 0.9999883486131157 0.7785956859588623
0.9999969826704646 0.00021913073956543794 -0.0024467594254068813 -0.0029613079968839884 -0.00021985345461996962 0.9999999322868672 -0.0002951113684249564 -0.013363448902964592 0.0024466945917567184 0.0002956484064890079 0.9999969631341861 0.7829954624176025
0.999914714607897 0.0003604226167310661 -0.013055022257549953 -0.01541094109416008 -0.0003599648396278588 0.999999934512715 3.741496819870684e-05 -0.011677904985845089 0.013055034887812733 -3.2712428255196396e-05 0.9999147788656666 0.6912112832069397
0.9999904584865352 0.00018216414112792482 -0.004364602171459395 -0.005581955425441265 -0.00018324132709458723 0.9999999528543653 -0.00024640187423018254 -0.012403663247823715 0.004364557080101662 0.0002471992986775199 0.9999904447213491 0.7502294778823853
0.9999980465097844 0.00019747510165891906 -0.0019667181291000355 -0.00214617932215333 -0.00019801994564743193 0.9999999420735253 -0.00027684119522109965 -0.014081421308219433 0.0019666633459318175 0.00027723010383156173 0.9999980276874317 0.822592556476593
0.9999899935581211 0.00011689407198872939 0.0044720375003724075 0.005003045778721571 -0.00011506076557670118 0.9999999092468926 -0.0004102038840771041 -0.013096997514367104 -0.004472085044923464 0.0004096852233372991 0.9999899162558433 0.7782280445098877
0.9999703395341037 5.4851580676983176e-05 0.007701755861712599 0.008380457758903503 -5.1391969190978215e-05 0.9999998977015173 -0.00044939494923841773 -0.011969763785600662 -0.007701779723857975 0.0004489858115748903 0.9999702400575861 0.7272986173629761
0.99999700136 0.0001233278855766512 0.0024458252678604257 0.002276776358485222 -0.0001224087144363842 0.9999999218356902 -0.00037595840233500463 -0.011721729300916195 -0.002445871442839006 0.00037565788464432627 0.9999969382923324 0.7157508730888367
0.999987270782775 0.00025582929843418406 -0.0050391292687239604 -0.006212287116795778 -0.00025679776549372544 0.9999999486830382 -0.0001915432809740789 -0.011767514050006866 0.005039080007747966 0.00019283487991428975 0.9999872851628587 0.7056885957717896
0.9999971394548512 0.00020475894413826882 -0.0023830979605753977 -0.0030770432204008102 -0.00020536913396183498 0.9999999461931224 -0.00025580709790821294 -0.012129019945859909 0.0023830454535570663 0.00025629578092476954 0.9999971276992945 0.7149071097373962
0.9999544421165503 5.159275568323252e-06 0.009545347807174248 0.01019393838942051 -8.034258212760118e-07 0.9999998958784003 -0.0004563359974124015 -0.011499005369842052 -0.009545349167660531 0.0004563075387313163 0.9999543380038396 0.6965881586074829
0.9998280800684756 -0.00020031345144715202 0.018541040453736436 0.019822537899017334 0.00021003829697999646 0.9999998414085545 -0.0005225579198419509 -0.010244131088256836 -0.018540932837905522 0.0005263624102812941 0.9998279635777912 0.630768895149231
0.9997743314233756 -0.00023024003299633536 0.021242250739262922 0.022978708148002625 0.00024360350347157157 0.9999997740692949 -0.0006265131224085084 -0.01046734768897295 -0.021242101691584258 0.0006315464247856439 0.9997741616309345 0.6443239450454712
0.9997978190300639 -0.00017971998293227586 0.02010693321856355 0.021984774619340897 0.00019180853283786302 0.9999998020328135 -0.0005992860929139864 -0.011214498430490494 -0.020106821534364154 0.0006030216100309734 0.9997976555747287 0.6890053749084473
0.9998075764158874 -0.00025754933997914893 0.01961488745129584 0.021206475794315338 0.00026877829068816235 0.9999998015221687 -0.000569836690247413 -0.01064181886613369 -0.01961473679711205 0.0005749990961503167 0.9998074471999193 0.6593279838562012
0.9998672128493235 -0.0001746610511475594 0.016294973533069378 0.017370127141475677 0.00018265631987779342 0.9999998636739026 -0.0004891715910214442 -0.01067083328962326 -0.016294885872414948 0.0004920830152177368 0.999867108444273 0.656500518321991
0.999707851971964 -0.000338332800968188 0.024168083012874122 0.026173636317253113 0.0003525799384962104 0.9999997665887501 -0.0005852433954903711 -0.010151921771466732 -0.024167879364734416 0.0005935935990087081 0.9997077379182631 0.6303358674049377
0.9997891978629896 -0.0002269525984349613 0.020530668011494755 0.02221599593758583 0.0002395508944296183 0.9999997845397439 -0.0006111757808576006 -0.01042561512440443 -0.0205305248800202 0.0006159650835822978 0.9997890368148508 0.6486519575119019
0.9998165737968401 -0.00014081483232630245 0.01915199551822922 0.020972788333892822 0.00015154590460339924 0.9999998323542415 -0.0005588607403355293 -0.011534728109836578 -0.019151913611596967 0.0005616606371176049 0.9998164275217437 0.70244961977005
0.9999588483409834 0.00014062208962734946 0.00907093435113048 0.010298819281160831 -0.0001359180890336027 0.9999998559819842 -0.0005191938795036688 -0.013092141598463058 -0.009071006054880768 0.0005179396097514209 0.9999587234419796 0.7761014103889465
0.9999391586052551 5.295959973761871e-05 0.01103069730775947 0.01227971725165844 -4.711201453121709e-05 0.9999998582395728 -0.0005303784426560236 -0.012591804377734661 -0.011030723832673138 0.000529826495319977 0.9999390193484862 0.7546437978744507
0.9999758866176157 0.0001429465516727362 0.006943036050378712 0.007735992781817913 -0.0001396085963398511 0.9999998744561681 -0.0004812453511763997 -0.012976686470210552 -0.00694310397108682 0.00048026443920589577 0.9999757810333785 0.7708720564842224
0.9999916375450381 0.00017869426659595939 0.004085695577521468 0.0049789221957325935 -0.00017712547764341138 0.9999999104586194 -0.00038432970006019296 -0.014778321608901024 -0.004085763889196529 0.0003836028053397116 0.9999915796557136 0.8528411388397217
0.9999946954901358 0.00021081870646824725 0.0032503149176005947 0.004161441698670387 -0.00020930723350357771 0.999999869816808 -0.0004653566901199723 -0.014768389984965324 -0.003250412600359681 0.0004646739072074008 0.9999946094335146 0.8539693355560303
0.9999927467320195 0.00018684882628983659 0.003804151793428992 0.004536760970950127 -0.00018528697456446111 0.9999998984094813 -0.0004109133295065142 -0.014197292737662792 -0.003804228185636563 0.00041020548926543006 0.9999926797628913 0.8265390992164612
0.9999916314109626 0.00014973855410088056 0.004088359867616696 0.0047706738114356995 -0.00014790652263894322 0.9999998885270374 -0.0004484078208383584 -0.013484823517501354 -0.004088426555813848 0.00044779937320626876 0.9999915420862415 0.7916418313980103
0.9999988379983701 0.00019057198912872614 0.00151250924827516 0.002073067706078291 -0.00019009270396620688 0.9999999316820948 -0.00031701824740499495 -0.015187407843768597 -0.001512569559741695 0.00031673036205649626 0.9999988059068892 0.8705745935440063
0.9999994091906439 0.00022783172857332828 -0.001062878669465331 -0.0001718874555081129 -0.000228037049189191 0.9999999553640679 -0.00019305689804210993 -0.017929544672369957 0.001062834637535957 0.0001932991596977194 0.9999994165088135 0.9846005439758301
0.9999993451151177 0.0002760286621497069 -0.0011106653470484493 -0.00032913614995777607 -0.00027636782705353256 0.9999999152280259 -0.0003052290369094723 -0.017054777592420578 0.001110581000932448 0.0003055357891881378 0.9999993366286408 0.9461331367492676
0.9999992377304325 0.00022256945087470312 -0.0012144963538490167 -0.0004979097284376621 -0.0002227961278160739 0.9999999577878304 -0.0001865106511718509 -0.017446773126721382 0.001214454791009277 0.0001867810940853418 0.9999992451059069 0.9635547995567322
0.9999991798691369 0.00028521892752960315 -0.0012485636614626304 -0.0003389050252735615 -0.00028552916921572273 0.9999999284081945 -0.0002483076704398164 -0.017793802544474602 0.0012484927500282436 0.0002486639681400027 0.9999991897157137 0.9778035879135132
0.9999993630169135 0.00024154098726180808 -0.0011025532723988214 -0.0005567531334236264 -0.0002418378944258855 0.9999999345322719 -0.0002691651623535828 -0.01639135740697384 0.0011024881857981121 0.00026943163006181624 0.9999993559629909 0.918478786945343
0.9999995313463481 0.00019098650131942318 -0.0009491212992353135 -0.0008334375452250242 -0.00019135875381542884 0.9999999048070894 -0.00039213217097505687 -0.014380108565092087 0.0009490463169343051 0.0003923136098699242 0.999999472700421 0.8289808630943298
0.9999998335916161 0.00019604260708947185 0.0005425716875947098 0.0006788263563066721 -0.0001958477138093296 0.9999999162977868 -0.00035923264353834216 -0.013823728077113628 -0.0005426420670842497 0.00035912632233442546 0.9999997882839134 0.8048437237739563
0.9999993787544974 0.00020856613720434745 -0.0010949843767812627 -0.0010970189468935132 -0.00020893176031925846 0.9999999224614075 -0.0003338033826507094 -0.01416595559567213 0.0010949146717956102 0.00033403195229022214 0.9999993447920434 0.8230003118515015
0.9999999463624116 0.0001783356750246941 -0.00027472087950430483 -0.0003586692037060857 -0.00017843445185168624 0.9999999194349674 -0.000359570863329127 -0.013326739892363548 0.0002746567330587771 0.0003596198637121595 0.9999998976186114 0.781851589679718
0.999999895089091 0.00020718862067733556 -0.0004085274559077012 -0.0004015722079202533 -0.0002073155828313159 0.9999999302235723 -0.00031076212714719817 -0.014212059788405895 0.00040846304102563235 0.00031084678865248504 0.9999998682661003 0.8253923058509827
0.9999989792623802 0.00023927939433301084 -0.0014086232886102042 -0.0008858451619744301 -0.00023970070605587425 0.99999992659118 -0.0002989334479687127 -0.015910916030406952 0.0014085516565904548 0.0002992707908329432 0.9999989632090749 0.8987317085266113
0.999999047282534 0.00018496683244213568 -0.0013679259099454476 -0.0013772144448012114 -0.00018534296912474222 0.9999999450535668 -0.0002748469516198685 -0.014357740990817547 0.0013678749972127508 0.0002751002252180692 0.9999990266184552 0.8323934674263
0.9999998980175068 0.00018415385815645312 -0.00041237402097554684 -0.0002857570070773363 -0.00018430608432171966 0.9999999148840892 -0.0003691382966749359 -0.014106705784797668 0.00041230600763443034 0.00036921426207037395 0.9999998468422809 0.8198367953300476
0.9999995812843014 0.0001840013099054061 -0.0008964233037914382 -0.0007611035834997892 -0.00018423985835646525 0.9999999476402381 -0.0002660360793771195 -0.014935186132788658 0.00089637430586784 0.0002662011248861546 0.9999995628249368 0.8566863536834717
0.9999992321174275 0.00023987848683729385 -0.00121582188958901 -0.0005493185017257929 -0.0002401841480101979 0.999999939589202 -0.0002512631443382538 -0.016784759238362312 0.0012157615435173773 0.00025155497254234724 0.9999992293216857 0.9357523918151855
0.9999993117824009 0.00022252432322768652 -0.001151919115989281 -0.0009395737433806062 -0.0002228844902754387 0.9999999263181135 -0.0003125480302722142 -0.014878010377287865 0.0011518494815747952 0.00031280456007616505 0.9999992876977856 0.8544954657554626
0.9999999576773627 0.00020534601897813357 0.00020610260933127253 0.00047866650857031345 -0.0002052764419213607 0.9999999219611411 -0.0003375489513207894 -0.014532195404171944 -0.00020617190758062402 0.00033750662902451325 0.999999921791207 0.8381354212760925
0.9999996787851286 0.00021140483249129484 0.0007731349407180365 0.0013398295268416405 -0.00021113120967249644 0.9999999150616267 -0.0003539778976306404 -0.015153259970247746 -0.0007732097076873665 0.00035381455101240165 0.9999996384809405 0.8680777549743652
0.9999939962193767 0.00015846989433320195 0.0034615621464075884 0.003990252036601305 -0.00015702926252905155 0.999999900956643 -0.000416447493077597 -0.013495683670043945 -0.0034616277979530766 0.0004159014262671586 0.9999939220610252 0.7959159016609192
0.9999999693565675 0.00020226737640567668 0.00014274022736691542 9.150011464953423e-06 -0.00020222062285247955 0.9999999259313763 -0.00032748139138662706 -0.013375014066696167 -0.00014280645559620067 0.0003274525163337889 0.9999999361905809 0.7883087396621704
0.9999924351379251 0.0002235334924673082 -0.0038832589020139155 -0.0046624355018138885 -0.00022451487497415117 0.9999999429720976 -0.000252287281159175 -0.013432369567453861 0.003883202285902744 0.0002531572220275678 0.9999924282970484 0.7922291159629822
0.999995944324942 0.00017041883136821007 -0.0028429370532993344 -0.00323448795825243 -0.00017124979335050332 0.9999999426904131 -0.0002920491026865759 -0.013746284879744053 0.0028428871197050047 0.0002925347706132004 0.9999959161997773 0.8066502809524536
0.9999530911143594 0.00036779325657677577 -0.00967885834993077 -0.011444434523582458 -0.00036822212196289673 0.9999999313019374 -4.252751187319104e-05 -0.01201954297721386 0.009678842043679869 4.6089486714789815e-05 0.9999531578491327 0.703752338886261
0.9999999507709266 0.00019847591318703512 0.00024303385818459354 0.00036478578113019466 -0.0001983923292905013 0.9999999211885056 -0.0003438945571013498 -0.013870342634618282 -0.0002431020938169927 0.00034384632411851764 0.9999999113355348 0.8092833757400513
0.9999956340282358 0.00012970926233205459 0.0029521348164713492 0.003331404644995928 -0.00012847640195690034 0.9999999044674946 -0.00041780236497499553 -0.013082747347652912 -0.0029521887272830746 0.00041742126120235495 0.9999955551607266 0.7740727663040161
0.9999812373033888 0.00016185002663995403 0.0061236301122816255 0.006956231780350208 -0.00015899259201320723 0.9999998782656186 -0.0004671082350425483 -0.013300521299242973 -0.006123704968305588 0.00046612585900836787 0.999981141304247 0.7878857851028442
0.9999999214707425 0.00018034589380632246 -0.00035289356458082665 3.45008447766304e-05 -0.00018043572220521209 0.9999999513279865 -0.0002545328569842177 -0.015411542728543282 0.00035284764344919035 0.0002545965116011281 0.9999999053395742 0.8782896399497986
0.9999984970328524 0.0001990041472025917 0.0017223035113956408 0.0022954088635742664 -0.0001982389276311748 0.9999998815785861 -0.0004444593804722003 -0.014343230053782463 -0.0017223917566980013 0.0004441172848631986 0.9999984180619854 0.8351266384124756
0.9995419390720426 -0.0004509399672236983 0.03026067892904775 0.032855529338121414 0.0004695148145537442 0.9999997057201988 -0.0006067251063326817 -0.009346419014036655 -0.030260396427341612 0.0006206550263231021 0.9995418566500346 0.5943105816841125
0.9999849097287685 0.00016052581405137106 0.005491315526326412 0.006047009490430355 -0.0001580189436091746 0.9999998831150463 -0.0004569462846986529 -0.012484867125749588 -0.0054913882361485805 0.00045607165737678387 0.9999848182116983 0.7532951831817627
0.99998729456585 0.0001727136091331882 0.0050379437155949796 0.006073083728551865 -0.00017044758448396294 0.9999998841259212 -0.000450217464664101 -0.014316651970148087 -0.005038020890511109 0.00044935303911866116 0.9999872081318607 0.8353844285011292
0.9999715041594096 0.00015680924351443995 0.007547600945279166 0.008618678897619247 -0.0001529845861266425 0.9999998596146945 -0.0005073128304243306 -0.01319002266973257 -0.007547679437048065 0.0005061437075119229 0.9999713877675016 0.7819406390190125
0.9997525986633085 -0.0002773671612811782 0.022241055132789792 0.023953426629304886 0.0002891648434841236 0.99999981920512 -0.0005272318471715884 -0.010249383747577667 -0.02224090487492011 0.0005335327405342466 0.999752498117989 0.6438770294189453
0.9997509841071391 -0.00023524581338511805 0.022313996419609815 0.024346645921468735 0.0002487597603442779 0.9999997873436102 -0.0006028526490231686 -0.010928291827440262 -0.022313849855834116 0.0006082533535341737 0.9997508300233962 0.6732280850410461
0.9995348595657749 -0.00045316631850600663 0.030493592000846833 0.03312021493911743 0.00047184797805926076 0.9999997053953998 -0.0006054490885895226 -0.009400865994393826 -0.03049330864815984 0.0006195558094669187 0.9995347789238186 0.5960446000099182
0.9992547702031769 -0.0006143077866505142 0.0385943888685884 0.04187154769897461 0.000640036778441359 0.9999995811227052 -0.000654299118922549 -0.00804811529815197 -0.03859397076123164 0.0006785133440404571 0.9992547448176183 0.5276352763175964
0.9993542853286493 -0.0006571396907521706 0.035924651183989395 0.03876981884241104 0.0006813499765321854 0.9999995489707679 -0.0006616800361209228 -0.008073445409536362 -0.03592420016470725 0.0006857300398549977 0.9993542823327664 0.5253768563270569
0.9993228369303501 -0.000609092223105145 0.03678989801754106 0.03996269404888153 0.0006343796065687882 0.9999995705118524 -0.0006756764209559454 -0.007965702563524246 -0.03678947066746257 0.0006985576388667142 0.9993227941287207 0.5289003849029541
0.9995583928115442 -0.0004752148625498023 0.029711841592823206 0.032032739371061325 0.0004918467042492502 0.9999997264342849 -0.0005524655417418409 -0.009088190272450447 -0.02971157092484553 0.0005668352403518395 0.9995583530995017 0.5870256423950195
0.9995222443590938 -0.0004791143544814202 0.030903939567555168 0.03332679718732834 0.0004970589193045734 0.9999997123151608 -0.0005729764619757042 -0.00880357064306736 -0.030903656155712576 0.0005880637980425916 0.9995221949597611 0.5710282325744629
0.9994080858456282 -0.0006627159846736561 0.034395330408371914 0.03701598942279816 0.0006844232255192957 0.9999995739913257 -0.0006193399836754289 -0.008259326219558716 -0.034394905309155684 0.0006425143505536229 0.9994081136673263 0.5287551879882812
0.9994336445131973 -0.0006205501487038833 0.03364528395749827 0.03623224049806595 0.0006424347679944134 0.9999995890660235 -0.000639644708217943 -0.008373850956559181 -0.03364487319988915 0.0006608973421211811 0.9994336324749464 0.5363805890083313
0.9993520500663734 -0.0006782261880422048 0.03598638683411074 0.03882753103971481 0.000702044071044073 0.9999995428196543 -0.0006492261579917668 -0.008028952404856682 -0.03598593005965966 0.0006740695214609735 0.999352069326932 0.5163180828094482
0.9994829969745397 -0.0006177779580290168 0.032145872350688005 0.03452381491661072 0.0006379287314404537 0.9999996064244473 -0.0006166018844758828 -0.00837029330432415 -0.03214547877580542 0.0006367898750058254 0.999482997700776 0.5365833044052124
0.9998265905231336 -0.0003660437016538902 0.018618670599536882 0.019479181617498398 0.00037407099533336315 0.9999998385883282 -0.00042766132334847074 -0.009265740402042866 -0.01861851105153229 0.0004345518674650658 0.9998265660657842 0.5760483145713806
0.9999671137957602 -0.00016515962223955685 0.008108270424480833 0.007606086321175098 0.00016708806693779417 0.9999999579183746 -0.00023715991888004505 -0.009345083497464657 -0.00810823091402902 0.00023850691482195065 0.9999670993117206 0.5804234743118286
