9.996858e-01 -9.095034e-04 2.504861e-02 3.490455e-02 9.440632e-04 9.999986e-01 -1.367921e-03 -1.585173e-02 -2.504733e-02 1.391139e-03 9.996852e-01 5.802430e-01
9.999835e-01 2.352337e-04 -5.744248e-03 5.369395e-02 -2.338598e-04 9.999999e-01 2.398423e-04 -3.183624e-02 5.744308e-03 -2.384948e-04 9.999834e-01 1.184977e+00
9.997492e-01 -7.856031e-04 2.237933e-02 6.114349e-02 8.128344e-04 9.999989e-01 -1.207735e-03 -4.908785e-02 -2.237836e-02 1.225623e-03 9.997487e-01 1.858874e+00
9.999991e-01 -4.487778e-05 1.353728e-03 8.667076e-02 4.496715e-05 1.000000e+00 -6.597281e-05 -6.725901e-02 -1.353716e-03 6.603362e-05 9.999990e-01 2.554518e+00
9.992976e-01 -1.341946e-03 3.744999e-02 1.547295e-01 1.416845e-03 9.999970e-01 -1.973511e-03 -8.581599e-02 -3.744721e-02 2.025186e-03 9.992965e-01 3.224092e+00
9.999854e-01 -2.117573e-04 5.398647e-03 2.267446e-01 2.131407e-04 9.999999e-01 -2.556503e-04 -1.050475e-01 -5.398576e-03 2.567968e-04 9.999853e-01 3.927093e+00
9.991669e-01 -1.479018e-03 4.078300e-02 2.987805e-01 1.568009e-03 9.999965e-01 -2.150147e-03 -1.223085e-01 -4.077966e-02 2.212303e-03 9.991656e-01 4.558450e+00
9.999269e-01 5.141481e-04 -1.208382e-02 3.383577e-01 -5.058547e-04 9.999996e-01 6.893589e-04 -1.422230e-01 1.208419e-02 -6.831967e-04 9.999267e-01 5.316826e+00
9.987556e-01 -1.835084e-03 4.983926e-02 4.034119e-01 1.968958e-03 9.999946e-01 -2.637155e-03 -1.597486e-01 -4.983412e-02 2.732004e-03 9.987537e-01 5.947314e+00
9.999697e-01 3.514873e-04 -7.777415e-03 4.768135e-01 -3.479447e-04 9.999998e-01 4.568157e-04 -1.781737e-01 7.777606e-03 -4.540970e-04 9.999696e-01 6.612612e+00
9.985671e-01 -1.990112e-03 5.347745e-02 5.520505e-01 2.143285e-03 9.999938e-01 -2.807049e-03 -1.956411e-01 -5.347149e-02 2.917642e-03 9.985650e-01 7.244533e+00
9.998295e-01 7.903726e-04 -1.844618e-02 6.110405e-01 -7.720144e-04 9.999992e-01 1.002308e-03 -2.149455e-01 1.844700e-02 -9.878985e-04 9.998293e-01 7.959626e+00
9.990152e-01 -1.660062e-03 4.433725e-02 6.439740e-01 1.763607e-03 9.999958e-01 -2.296361e-03 -2.349101e-01 -4.433321e-02 2.372291e-03 9.990139e-01 8.731159e+00
9.999853e-01 -1.864083e-04 5.426290e-03 7.096125e-01 1.879816e-04 9.999999e-01 -2.893182e-04 -2.513234e-01 -5.426190e-03 2.903318e-04 9.999851e-01 9.348067e+00
9.995712e-01 -1.038274e-03 2.926250e-02 7.850588e-01 1.083186e-03 9.999983e-01 -1.518977e-03 -2.735758e-01 -2.926082e-02 1.550020e-03 9.995705e-01 1.016009e+01
9.999743e-01 3.387859e-04 -7.166036e-03 8.169401e-01 -3.361184e-04 9.999999e-01 3.733413e-04 -2.988601e-01 7.166213e-03 -3.709255e-04 9.999742e-01 1.115177e+01
9.995969e-01 -1.029524e-03 2.837072e-02 8.415821e-01 1.070421e-03 9.999984e-01 -1.426353e-03 -3.224254e-01 -2.836915e-02 1.456144e-03 9.995964e-01 1.208356e+01
9.999999e-01 4.774499e-05 4.270954e-04 8.879416e-01 -4.771264e-05 1.000000e+00 -7.377126e-05 -3.448231e-01 -4.270438e-04 7.374811e-05 9.999998e-01 1.293619e+01
9.996695e-01 -9.179652e-04 2.569102e-02 9.313163e-01 9.511135e-04 9.999987e-01 -1.278047e-03 -3.679428e-01 -2.568976e-02 1.302057e-03 9.996690e-01 1.382071e+01
9.999515e-01 -3.657333e-04 9.839644e-03 1.005757e+00 3.712127e-04 9.999998e-01 -5.549432e-04 -3.884295e-01 -9.839378e-03 5.585658e-04 9.999513e-01 1.456341e+01
9.995115e-01 -1.144846e-03 3.123318e-02 1.091235e+00 1.195577e-03 9.999980e-01 -1.605610e-03 -4.060724e-01 -3.123122e-02 1.642164e-03 9.995107e-01 1.517896e+01
9.998958e-01 6.109333e-04 -1.442424e-02 1.120086e+00 -6.006295e-04 9.999996e-01 7.185707e-04 -4.288196e-01 1.442473e-02 -7.098355e-04 9.998956e-01 1.606324e+01
9.998729e-01 -5.288009e-04 1.593197e-02 1.092562e+00 5.403675e-04 9.999996e-01 -7.216290e-04 -4.543533e-01 -1.593152e-02 7.301430e-04 9.998727e-01 1.713891e+01
9.998915e-01 6.112734e-04 -1.471685e-02 1.078203e+00 -6.006503e-04 9.999996e-01 7.261525e-04 -4.779834e-01 1.471735e-02 -7.172374e-04 9.998913e-01 1.811350e+01
9.998399e-01 -6.264842e-04 1.788187e-02 1.058725e+00 6.415289e-04 9.999994e-01 -8.355422e-04 -5.016995e-01 -1.788127e-02 8.468767e-04 9.998397e-01 1.910426e+01
9.998700e-01 6.787948e-04 -1.610940e-02 1.028850e+00 -6.656823e-04 9.999994e-01 8.192341e-04 -5.262718e-01 1.611002e-02 -8.084072e-04 9.998698e-01 2.014658e+01
9.998319e-01 -6.556302e-04 1.832524e-02 1.016433e+00 6.715816e-04 9.999994e-01 -8.642517e-04 -5.494841e-01 -1.832460e-02 8.764098e-04 9.998316e-01 2.110411e+01
9.999495e-01 4.185234e-04 -1.004461e-02 1.011463e+00 -4.137952e-04 9.999998e-01 4.726616e-04 -5.725321e-01 1.004487e-02 -4.684848e-04 9.999494e-01 2.204935e+01
9.999275e-01 -3.997399e-04 1.203251e-02 9.686045e-01 4.058185e-04 9.999998e-01 -5.026384e-04 -5.960409e-01 -1.203224e-02 5.074815e-04 9.999274e-01 2.306770e+01
9.999396e-01 5.132751e-04 -1.097449e-02 9.149582e-01 -5.072501e-04 9.999997e-01 5.516509e-04 -6.230303e-01 1.097484e-02 -5.460542e-04 9.999395e-01 2.424591e+01
9.999282e-01 -3.847893e-04 1.197512e-02 8.657721e-01 3.907075e-04 9.999998e-01 -4.917653e-04 -6.517980e-01 -1.197486e-02 4.964053e-04 9.999281e-01 2.549318e+01
9.999482e-01 4.475196e-04 -1.016707e-02 8.122212e-01 -4.425253e-04 9.999998e-01 4.933334e-04 -6.784820e-01 1.016735e-02 -4.888121e-04 9.999481e-01 2.666067e+01
9.999295e-01 -3.566676e-04 1.186473e-02 7.509621e-01 3.623432e-04 9.999998e-01 -4.761016e-04 -7.068921e-01 -1.186449e-02 4.803638e-04 9.999294e-01 2.791209e+01
9.999482e-01 4.516172e-04 -1.016991e-02 7.014777e-01 -4.467037e-04 9.999998e-01 4.852744e-04 -7.353672e-01 1.017019e-02 -4.807097e-04 9.999481e-01 2.914727e+01
9.999362e-01 -3.314196e-04 1.128757e-02 6.573500e-01 3.365143e-04 9.999998e-01 -4.493466e-04 -7.631701e-01 -1.128736e-02 4.531129e-04 9.999361e-01 3.034329e+01
9.999439e-01 4.810883e-04 -1.057794e-02 6.092088e-01 -4.758020e-04 9.999998e-01 5.021280e-04 -7.917846e-01 1.057825e-02 -4.970702e-04 9.999438e-01 3.157727e+01
9.999363e-01 -3.423451e-04 1.128346e-02 5.510292e-01 3.473586e-04 9.999998e-01 -4.422480e-04 -8.196315e-01 -1.128324e-02 4.461358e-04 9.999362e-01 3.279493e+01
9.999461e-01 4.237781e-04 -1.037426e-02 4.817675e-01 -4.187748e-04 9.999998e-01 4.843156e-04 -8.437875e-01 1.037453e-02 -4.799483e-04 9.999460e-01 3.387680e+01
9.999282e-01 -3.650506e-04 1.197466e-02 4.188865e-01 3.707931e-04 9.999998e-01 -4.772345e-04 -8.686575e-01 -1.197441e-02 4.816370e-04 9.999281e-01 3.498066e+01
9.999404e-01 4.563452e-04 -1.090807e-02 3.474668e-01 -4.507349e-04 9.999998e-01 5.166578e-04 -8.940061e-01 1.090837e-02 -5.117137e-04 9.999403e-01 3.611557e+01
9.999360e-01 -3.232451e-04 1.131068e-02 2.605097e-01 3.281663e-04 9.999999e-01 -4.331244e-04 -9.197691e-01 -1.131047e-02 4.368051e-04 9.999359e-01 3.728914e+01
9.999454e-01 4.281350e-04 -1.044151e-02 1.600840e-01 -4.227866e-04 9.999998e-01 5.142929e-04 -9.460854e-01 1.044180e-02 -5.098536e-04 9.999453e-01 3.851279e+01
9.999401e-01 -2.648871e-04 1.094234e-02 6.663576e-02 2.693880e-04 9.999999e-01 -4.097426e-04 -9.762984e-01 -1.094216e-02 4.126624e-04 9.999400e-01 3.988653e+01
9.999466e-01 4.196478e-04 -1.032830e-02 -3.862832e-02 -4.143295e-04 9.999998e-01 5.169312e-04 -1.006539e+00 1.032858e-02 -5.126276e-04 9.999464e-01 4.128146e+01
9.999373e-01 -3.334012e-04 1.119556e-02 -1.453867e-01 3.383712e-04 9.999998e-01 -4.419230e-04 -1.031162e+00 -1.119534e-02 4.456802e-04 9.999371e-01 4.244446e+01
9.999502e-01 3.897707e-04 -9.965923e-03 -2.244317e-01 -3.849018e-04 9.999998e-01 4.903247e-04 -1.054541e+00 9.966180e-03 -4.864677e-04 9.999501e-01 4.351509e+01
9.999403e-01 -2.975707e-04 1.091749e-02 -2.900908e-01 3.023343e-04 9.999999e-01 -4.345616e-04 -1.079704e+00 -1.091730e-02 4.378331e-04 9.999402e-01 4.463574e+01
9.999487e-01 4.115653e-04 -1.011472e-02 -3.478812e-01 -4.065030e-04 9.999998e-01 5.024051e-04 -1.106112e+00 1.011500e-02 -4.982709e-04 9.999486e-01 4.579664e+01
9.999290e-01 -3.288914e-04 1.190942e-02 -3.688817e-01 3.349107e-04 9.999998e-01 -5.033305e-04 -1.134116e+00 -1.190919e-02 5.072801e-04 9.999289e-01 4.696996e+01
9.999837e-01 1.593242e-04 -5.706283e-03 -3.340233e-01 -1.581285e-04 1.000000e+00 2.097491e-04 -1.158513e+00 5.706384e-03 -2.088467e-04 9.999836e-01 4.790780e+01
9.999545e-01 -1.998808e-04 9.534623e-03 -3.262618e-01 2.034846e-04 9.999999e-01 -3.768653e-04 -1.183169e+00 -9.534478e-03 3.787850e-04 9.999544e-01 4.889847e+01
9.999928e-01 8.608800e-05 -3.793361e-03 -3.428637e-01 -8.560504e-05 1.000000e+00 1.271178e-04 -1.209780e+00 3.793441e-03 -1.267955e-04 9.999927e-01 5.001335e+01
9.999765e-01 -8.233592e-05 6.854111e-03 -3.779180e-01 8.383755e-05 1.000000e+00 -2.186022e-04 -1.237375e+00 -6.854024e-03 2.191683e-04 9.999764e-01 5.119453e+01
9.999916e-01 6.795920e-05 -4.102871e-03 -4.165869e-01 -6.738735e-05 1.000000e+00 1.391778e-04 -1.262027e+00 4.102950e-03 -1.389035e-04 9.999915e-01 5.225694e+01
9.999578e-01 -1.648447e-04 9.184838e-03 -4.325962e-01 1.678868e-04 9.999999e-01 -3.302884e-04 -1.288545e+00 -9.184713e-03 3.318131e-04 9.999577e-01 5.336726e+01
9.999771e-01 2.425053e-04 -6.765950e-03 -4.647862e-01 -2.402878e-04 9.999999e-01 3.283524e-04 -1.319083e+00 6.766099e-03 -3.267225e-04 9.999770e-01 5.467044e+01
9.999621e-01 -1.611520e-04 8.704234e-03 -5.152367e-01 1.637900e-04 9.999999e-01 -3.022058e-04 -1.349054e+00 -8.704115e-03 3.036166e-04 9.999620e-01 5.597673e+01
9.999777e-01 2.396058e-04 -6.676130e-03 -5.758783e-01 -2.375799e-04 9.999999e-01 3.040407e-04 -1.378558e+00 6.676272e-03 -3.024511e-04 9.999776e-01 5.727516e+01
9.999686e-01 -9.267895e-05 7.916248e-03 -6.279101e-01 9.468683e-05 1.000000e+00 -2.530920e-04 -1.410014e+00 -7.916154e-03 2.538303e-04 9.999685e-01 5.863923e+01
9.999789e-01 2.828203e-04 -6.494625e-03 -6.769602e-01 -2.807998e-04 9.999999e-01 3.117961e-04 -1.446082e+00 6.494783e-03 -3.099692e-04 9.999788e-01 6.019376e+01
9.999721e-01 -9.002700e-05 7.473733e-03 -6.941672e-01 9.182245e-05 1.000000e+00 -2.397079e-04 -1.480285e+00 -7.473640e-03 2.403841e-04 9.999720e-01 6.162090e+01
9.999780e-01 2.946243e-04 -6.625138e-03 -6.851103e-01 -2.926856e-04 9.999999e-01 2.933801e-04 -1.514124e+00 6.625295e-03 -2.914379e-04 9.999779e-01 6.298937e+01
9.999692e-01 -1.028613e-04 7.849558e-03 -7.130262e-01 1.047196e-04 1.000000e+00 -2.361552e-04 -1.548946e+00 -7.849463e-03 2.369666e-04 9.999691e-01 6.445798e+01
9.999807e-01 2.731540e-04 -6.198868e-03 -7.682320e-01 -2.713937e-04 9.999999e-01 2.845740e-04 -1.584677e+00 6.199016e-03 -2.828895e-04 9.999807e-01 6.600922e+01
9.999321e-01 -2.306436e-04 1.165034e-02 -8.206307e-01 2.354309e-04 9.999999e-01 -4.094287e-04 -1.624785e+00 -1.165017e-02 4.121404e-04 9.999320e-01 6.774857e+01
9.999883e-01 2.167415e-04 -4.823250e-03 -8.819568e-01 -2.159020e-04 1.000000e+00 1.742701e-04 -1.666125e+00 4.823360e-03 -1.732300e-04 9.999883e-01 6.955546e+01
9.999787e-01 -1.704843e-05 6.531565e-03 -9.286117e-01 1.779837e-05 1.000000e+00 -1.145446e-04 -1.705017e+00 -6.531491e-03 1.146551e-04 9.999786e-01 7.122728e+01
9.999879e-01 1.667320e-04 -4.914449e-03 -9.536027e-01 -1.660760e-04 1.000000e+00 1.335997e-04 -1.738797e+00 4.914543e-03 -1.327852e-04 9.999878e-01 7.264837e+01
9.999793e-01 3.114843e-05 6.428831e-03 -9.623791e-01 -3.042144e-05 1.000000e+00 -1.129623e-04 -1.774336e+00 -6.428763e-03 1.127611e-04 9.999792e-01 7.411426e+01
9.999828e-01 2.359048e-04 -5.865075e-03 -9.694049e-01 -2.348225e-04 1.000000e+00 1.849717e-04 -1.812274e+00 5.865190e-03 -1.835945e-04 9.999827e-01 7.567472e+01
9.999710e-01 -1.664188e-05 7.613522e-03 -9.715275e-01 1.788942e-05 1.000000e+00 -1.636078e-04 -1.851937e+00 -7.613447e-03 1.637360e-04 9.999709e-01 7.730629e+01
9.999785e-01 2.142842e-04 -6.547676e-03 -1.006967e+00 -2.128733e-04 1.000000e+00 2.159503e-04 -1.887048e+00 6.547794e-03 -2.145551e-04 9.999785e-01 7.879562e+01
9.999699e-01 -7.920759e-05 7.756279e-03 -1.017650e+00 8.079751e-05 1.000000e+00 -2.044949e-04 -1.916613e+00 -7.756191e-03 2.051122e-04 9.999698e-01 8.001291e+01
9.999808e-01 2.131814e-04 -6.191150e-03 -1.038253e+00 -2.119681e-04 1.000000e+00 1.963913e-04 -1.947802e+00 6.191264e-03 -1.950784e-04 9.999807e-01 8.131449e+01
9.999762e-01 -1.520591e-05 6.898312e-03 -1.083106e+00 1.610408e-05 1.000000e+00 -1.299463e-04 -1.980646e+00 -6.898237e-03 1.300511e-04 9.999761e-01 8.272057e+01
9.999798e-01 2.419834e-04 -6.351713e-03 -1.132612e+00 -2.405911e-04 9.999999e-01 2.197355e-04 -2.016075e+00 6.351838e-03 -2.182061e-04 9.999797e-01 8.424369e+01
9.999744e-01 -4.552666e-05 7.148928e-03 -1.179146e+00 4.660522e-05 1.000000e+00 -1.505119e-04 -2.049779e+00 -7.148849e-03 1.508381e-04 9.999744e-01 8.569000e+01
9.999824e-01 2.191628e-04 -5.918649e-03 -1.219788e+00 -2.180394e-04 1.000000e+00 1.902124e-04 -2.083123e+00 5.918763e-03 -1.889218e-04 9.999824e-01 8.711308e+01
9.999775e-01 -1.767444e-05 6.698845e-03 -1.276670e+00 1.849257e-05 1.000000e+00 -1.218631e-04 -2.117147e+00 -6.698770e-03 1.219810e-04 9.999775e-01 8.858756e+01
9.999824e-01 2.529451e-04 -5.918284e-03 -1.348499e+00 -2.516633e-04 9.999999e-01 2.170915e-04 -2.155046e+00 5.918411e-03 -2.156014e-04 9.999824e-01 9.025018e+01
9.999772e-01 -4.383106e-05 6.754069e-03 -1.412652e+00 4.470787e-05 1.000000e+00 -1.294689e-04 -2.190903e+00 -6.753991e-03 1.297648e-04 9.999771e-01 9.181613e+01
9.999805e-01 2.224433e-04 -6.233013e-03 -1.456383e+00 -2.212244e-04 1.000000e+00 1.960202e-04 -2.221472e+00 6.233129e-03 -1.946406e-04 9.999805e-01 9.312463e+01
9.999797e-01 -3.907762e-05 6.375573e-03 -1.497781e+00 3.981862e-05 1.000000e+00 -1.158860e-04 -2.250799e+00 -6.375495e-03 1.161344e-04 9.999796e-01 9.437589e+01
9.999817e-01 2.349216e-04 -6.044403e-03 -1.552811e+00 -2.336994e-04 1.000000e+00 2.026739e-04 -2.282471e+00 6.044523e-03 -2.012607e-04 9.999816e-01 9.574847e+01
9.999780e-01 -7.892548e-05 6.633556e-03 -1.597388e+00 7.987829e-05 1.000000e+00 -1.431680e-04 -2.311379e+00 -6.633472e-03 1.436917e-04 9.999779e-01 9.698896e+01
9.999844e-01 2.421661e-04 -5.581996e-03 -1.640193e+00 -2.411408e-04 1.000000e+00 1.840988e-04 -2.342645e+00 5.582113e-03 -1.827529e-04 9.999843e-01 9.832686e+01
9.999762e-01 -8.709507e-05 6.897235e-03 -1.675233e+00 8.817952e-05 1.000000e+00 -1.567335e-04 -2.374660e+00 -6.897148e-03 1.573349e-04 9.999761e-01 9.968537e+01
9.999833e-01 2.247793e-04 -5.773945e-03 -1.704159e+00 -2.237289e-04 1.000000e+00 1.823192e-04 -2.404149e+00 5.774059e-03 -1.810274e-04 9.999832e-01 1.009280e+02
9.999763e-01 -1.114344e-04 6.877572e-03 -1.742928e+00 1.125276e-04 1.000000e+00 -1.583711e-04 -2.431491e+00 -6.877481e-03 1.591383e-04 9.999763e-01 1.020954e+02
9.999831e-01 2.703157e-04 -5.802094e-03 -1.779077e+00 -2.691478e-04 9.999999e-01 2.018330e-04 -2.462590e+00 5.802222e-03 -2.002710e-04 9.999831e-01 1.034174e+02
9.999761e-01 -1.188357e-04 6.916852e-03 -1.780391e+00 1.200861e-04 1.000000e+00 -1.801667e-04 -2.492937e+00 -6.916757e-03 1.809900e-04 9.999760e-01 1.046536e+02
9.999818e-01 2.757523e-04 -6.022144e-03 -1.808786e+00 -2.744428e-04 9.999999e-01 2.180378e-04 -2.522894e+00 6.022277e-03 -2.163841e-04 9.999818e-01 1.059139e+02
9.999783e-01 -1.335612e-04 6.587414e-03 -1.851021e+00 1.346514e-04 1.000000e+00 -1.648601e-04 -2.550806e+00 -6.587319e-03 1.657405e-04 9.999782e-01 1.071088e+02
9.999823e-01 2.607165e-04 -5.935458e-03 -1.890846e+00 -2.594768e-04 9.999999e-01 2.093911e-04 -2.576850e+00 5.935586e-03 -2.078503e-04 9.999823e-01 1.082214e+02
9.999776e-01 -1.057917e-04 6.689085e-03 -1.931769e+00 1.067880e-04 1.000000e+00 -1.483943e-04 -2.606448e+00 -6.688996e-03 1.491023e-04 9.999775e-01 1.094876e+02
9.999871e-01 2.300356e-04 -5.063852e-03 -1.969289e+00 -2.292033e-04 1.000000e+00 1.646815e-04 -2.637854e+00 5.063963e-03 -1.635217e-04 9.999871e-01 1.108275e+02
9.999759e-01 -1.548878e-04 6.935423e-03 -2.013874e+00 1.561588e-04 1.000000e+00 -1.825345e-04 -2.666229e+00 -6.935321e-03 1.836102e-04 9.999758e-01 1.120507e+02
9.999848e-01 2.451675e-04 -5.506976e-03 -2.068857e+00 -2.441121e-04 1.000000e+00 1.920643e-04 -2.693443e+00 5.507097e-03 -1.907200e-04 9.999847e-01 1.132387e+02
9.999788e-01 -1.218704e-04 6.508551e-03 -2.111727e+00 1.229522e-04 1.000000e+00 -1.656127e-04 -2.720997e+00 -6.508456e-03 1.664065e-04 9.999787e-01 1.144196e+02
9.999845e-01 2.504766e-04 -5.558756e-03 -2.150711e+00 -2.493778e-04 9.999999e-01 1.981180e-04 -2.749054e+00 5.558879e-03 -1.967316e-04 9.999844e-01 1.156167e+02
9.999775e-01 -1.025991e-04 6.701709e-03 -2.191987e+00 1.037184e-04 1.000000e+00 -1.664745e-04 -2.779463e+00 -6.701618e-03 1.671629e-04 9.999774e-01 1.169162e+02
9.999862e-01 2.644911e-04 -5.253227e-03 -2.240161e+00 -2.634598e-04 9.999999e-01 1.967434e-04 -2.813112e+00 5.253353e-03 -1.953596e-04 9.999861e-01 1.183645e+02
9.999794e-01 -1.193446e-04 6.413781e-03 -2.294239e+00 1.203533e-04 1.000000e+00 -1.566736e-04 -2.844232e+00 -6.413688e-03 1.574394e-04 9.999793e-01 1.197149e+02
9.999896e-01 2.436820e-04 -4.552004e-03 -2.337792e+00 -2.429463e-04 1.000000e+00 1.618693e-04 -2.876121e+00 4.552118e-03 -1.607646e-04 9.999895e-01 1.210839e+02
9.999852e-01 -2.084416e-05 5.433823e-03 -2.392709e+00 2.128596e-05 1.000000e+00 -8.100779e-05 -2.912816e+00 -5.433747e-03 8.111935e-05 9.999852e-01 1.226698e+02
9.999914e-01 1.907087e-04 -4.147779e-03 -2.455459e+00 -1.901574e-04 1.000000e+00 1.329841e-04 -2.947152e+00 4.147878e-03 -1.321971e-04 9.999913e-01 1.241703e+02
9.999872e-01 -4.173379e-05 5.058407e-03 -2.496499e+00 4.217806e-05 1.000000e+00 -8.746350e-05 -2.977270e+00 -5.058328e-03 8.767284e-05 9.999871e-01 1.254577e+02
9.999924e-01 1.683668e-04 -3.895811e-03 -2.509224e+00 -1.679946e-04 1.000000e+00 9.550323e-05 -3.005730e+00 3.895902e-03 -9.485090e-05 9.999923e-01 1.266312e+02
9.999773e-01 -1.133044e-04 6.728388e-03 -2.520038e+00 1.145591e-04 1.000000e+00 -1.858971e-04 -3.035986e+00 -6.728292e-03 1.866608e-04 9.999773e-01 1.278836e+02
9.999997e-01 -4.241588e-06 7.871517e-04 -2.544120e+00 4.362168e-06 1.000000e+00 -1.514856e-04 -3.067602e+00 -7.870756e-04 1.514861e-04 9.999996e-01 1.292202e+02
9.999865e-01 -6.873577e-05 5.190597e-03 -2.574338e+00 6.933347e-05 1.000000e+00 -1.147098e-04 -3.098673e+00 -5.190513e-03 1.150652e-04 9.999864e-01 1.305398e+02
9.999926e-01 2.086788e-04 -3.848405e-03 -2.586864e+00 -2.082038e-04 1.000000e+00 1.234667e-04 -3.129148e+00 3.848506e-03 -1.226674e-04 9.999925e-01 1.317987e+02
9.999801e-01 -1.556232e-04 6.309654e-03 -2.586513e+00 1.568884e-04 1.000000e+00 -1.998110e-04 -3.156912e+00 -6.309547e-03 2.007940e-04 9.999800e-01 1.329267e+02
9.999911e-01 2.548783e-04 -4.217321e-03 -2.611319e+00 -2.541776e-04 1.000000e+00 1.663647e-04 -3.187778e+00 4.217439e-03 -1.652942e-04 9.999910e-01 1.342236e+02
9.999829e-01 -7.951219e-05 5.842289e-03 -2.653551e+00 8.035502e-05 1.000000e+00 -1.437966e-04 -3.223368e+00 -5.842201e-03 1.442607e-04 9.999828e-01 1.357440e+02
9.999915e-01 2.253275e-04 -4.118063e-03 -2.684108e+00 -2.247747e-04 1.000000e+00 1.343471e-04 -3.256062e+00 4.118169e-03 -1.334232e-04 9.999914e-01 1.371227e+02
9.999839e-01 -7.680023e-05 5.672012e-03 -2.717082e+00 7.750195e-05 1.000000e+00 -1.232577e-04 -3.288533e+00 -5.671926e-03 1.236924e-04 9.999838e-01 1.384973e+02
9.999887e-01 2.425250e-04 -4.740657e-03 -2.753736e+00 -2.417358e-04 1.000000e+00 1.667516e-04 -3.320039e+00 4.740773e-03 -1.656066e-04 9.999887e-01 1.398358e+02
9.999891e-01 -6.807684e-05 4.658852e-03 -2.786517e+00 6.859444e-05 1.000000e+00 -1.106509e-04 -3.346602e+00 -4.658768e-03 1.109664e-04 9.999891e-01 1.409558e+02
9.999860e-01 2.542254e-04 -5.291200e-03 -2.806865e+00 -2.535216e-04 1.000000e+00 1.334106e-04 -3.370015e+00 5.291310e-03 -1.320701e-04 9.999859e-01 1.419225e+02
9.999941e-01 1.471245e-05 3.423039e-03 -2.837598e+00 -1.454236e-05 1.000000e+00 -4.932314e-05 -3.394614e+00 -3.422964e-03 4.927021e-05 9.999941e-01 1.429560e+02
9.999954e-01 1.335254e-04 -3.033339e-03 -2.867398e+00 -1.333159e-04 1.000000e+00 6.884548e-05 -3.420626e+00 3.033424e-03 -6.844361e-05 9.999953e-01 1.440485e+02
9.999936e-01 -1.480381e-05 3.559011e-03 -2.893487e+00 1.502527e-05 1.000000e+00 -6.182317e-05 -3.444430e+00 -3.558933e-03 6.187341e-05 9.999936e-01 1.450424e+02
9.999960e-01 1.486614e-04 -2.816279e-03 -2.924147e+00 -1.484302e-04 1.000000e+00 8.180163e-05 -3.471403e+00 2.816368e-03 -8.138611e-05 9.999959e-01 1.461783e+02
9.999948e-01 1.746801e-06 3.221287e-03 -2.948143e+00 -1.597923e-06 1.000000e+00 -4.580694e-05 -3.497872e+00 -3.221210e-03 4.579872e-05 9.999947e-01 1.472817e+02
9.999968e-01 1.592719e-04 -2.516688e-03 -2.969846e+00 -1.590624e-04 1.000000e+00 8.290129e-05 -3.527204e+00 2.516778e-03 -8.250352e-05 9.999967e-01 1.485037e+02
9.999950e-01 8.668260e-06 3.149990e-03 -2.999801e+00 -8.574470e-06 1.000000e+00 -2.936841e-05 -3.557488e+00 -3.149913e-03 2.933845e-05 9.999950e-01 1.497796e+02
9.999975e-01 9.029723e-05 -2.209517e-03 -3.048579e+00 -9.017822e-05 1.000000e+00 5.336108e-05 -3.583295e+00 2.209598e-03 -5.316450e-05 9.999975e-01 1.508972e+02
9.999938e-01 1.531902e-06 3.527783e-03 -3.105877e+00 -1.419277e-06 1.000000e+00 -3.155354e-05 -3.609525e+00 -3.527706e-03 3.154554e-05 9.999937e-01 1.520480e+02
9.999959e-01 1.264378e-04 -2.845206e-03 -3.127706e+00 -1.262516e-04 1.000000e+00 6.515805e-05 -3.636313e+00 2.845291e-03 -6.480136e-05 9.999959e-01 1.531643e+02
9.999945e-01 -1.211551e-05 3.317385e-03 -3.146935e+00 1.229281e-05 1.000000e+00 -5.303022e-05 -3.659862e+00 -3.317307e-03 5.306792e-05 9.999944e-01 1.541379e+02
9.999943e-01 1.585899e-04 -3.368518e-03 -3.186258e+00 -1.582009e-04 1.000000e+00 1.153321e-04 -3.684494e+00 3.368613e-03 -1.148013e-04 9.999942e-01 1.551878e+02
9.999931e-01 -3.943445e-05 3.704498e-03 -3.216674e+00 3.981694e-05 1.000000e+00 -1.028246e-04 -3.707177e+00 -3.704418e-03 1.029686e-04 9.999931e-01 1.561410e+02
9.999961e-01 1.391017e-04 -2.787453e-03 -3.220490e+00 -1.387901e-04 1.000000e+00 1.114856e-04 -3.731265e+00 2.787545e-03 -1.111010e-04 9.999960e-01 1.571163e+02
9.999934e-01 -5.851555e-05 3.628188e-03 -3.218462e+00 5.895317e-05 1.000000e+00 -1.201492e-04 -3.754098e+00 -3.628104e-03 1.203596e-04 9.999933e-01 1.580292e+02
9.999965e-01 1.222092e-04 -2.641090e-03 -3.257922e+00 -1.218730e-04 1.000000e+00 1.269647e-04 -3.776471e+00 2.641182e-03 -1.266451e-04 9.999964e-01 1.589877e+02
9.999945e-01 -1.770728e-05 3.311425e-03 -3.292743e+00 1.804528e-05 1.000000e+00 -1.016474e-04 -3.800459e+00 -3.311346e-03 1.017038e-04 9.999944e-01 1.600048e+02
9.999965e-01 1.681898e-04 -2.620519e-03 -3.322131e+00 -1.678192e-04 1.000000e+00 1.411270e-04 -3.828371e+00 2.620620e-03 -1.406895e-04 9.999965e-01 1.611786e+02
9.999937e-01 -2.119760e-05 3.551374e-03 -3.335898e+00 2.161982e-05 1.000000e+00 -1.184855e-04 -3.857592e+00 -3.551295e-03 1.185588e-04 9.999936e-01 1.623847e+02
1.000000e+00 9.231072e-05 -1.496559e-04 -3.350447e+00 -9.230586e-05 1.000000e+00 2.371335e-05 -3.890105e+00 1.497354e-04 -2.370226e-05 9.999999e-01 1.637359e+02
9.999966e-01 -1.880268e-05 2.584378e-03 -3.377373e+00 1.900678e-05 1.000000e+00 -7.844139e-05 -3.921219e+00 -2.584299e-03 7.848752e-05 9.999966e-01 1.650489e+02
9.999994e-01 1.566865e-04 -1.098223e-03 -3.407221e+00 -1.565887e-04 1.000000e+00 8.788815e-05 -3.952621e+00 1.098314e-03 -8.771884e-05 9.999993e-01 1.663738e+02
9.999961e-01 -4.342203e-05 2.788557e-03 -3.431668e+00 4.370968e-05 1.000000e+00 -1.026235e-04 -3.982489e+00 -2.788475e-03 1.027423e-04 9.999960e-01 1.676255e+02
1.000000e+00 8.927226e-05 3.469058e-06 -3.431668e+00 -8.927092e-05 1.000000e+00 -5.344300e-06 -4.010659e+00 -3.391671e-06 5.341269e-06 9.999999e-01 1.687700e+02
9.999987e-01 2.869223e-05 1.604121e-03 -3.448850e+00 -2.866383e-05 1.000000e+00 -1.689961e-05 -4.040450e+00 -1.604043e-03 1.685089e-05 9.999986e-01 1.700058e+02
9.999997e-01 1.143401e-04 -7.535054e-04 -3.461223e+00 -1.143202e-04 1.000000e+00 2.478322e-05 -4.068237e+00 7.535862e-04 -2.469978e-05 9.999996e-01 1.711468e+02
9.999963e-01 -5.281363e-05 2.699610e-03 -3.459980e+00 5.306246e-05 1.000000e+00 -9.161203e-05 -4.093903e+00 -2.699527e-03 9.175223e-05 9.999963e-01 1.721813e+02
9.999934e-01 -5.600196e-05 3.622944e-03 -3.455750e+00 5.687692e-05 1.000000e+00 -2.410316e-04 -4.120457e+00 -3.622852e-03 2.412334e-04 9.999933e-01 1.732553e+02
9.999980e-01 1.631482e-04 -1.979632e-03 -3.489058e+00 -1.627019e-04 1.000000e+00 2.249013e-04 -4.149232e+00 1.979747e-03 -2.245815e-04 9.999979e-01 1.744734e+02
9.999933e-01 -3.235225e-05 3.646825e-03 -3.500831e+00 3.320582e-05 1.000000e+00 -2.336312e-04 -4.180290e+00 -3.646739e-03 2.337480e-04 9.999932e-01 1.757559e+02
9.999963e-01 -7.468341e-05 2.724751e-03 -3.498962e+00 7.493826e-05 1.000000e+00 -9.292930e-05 -4.207759e+00 -2.724665e-03 9.313038e-05 9.999962e-01 1.768735e+02
9.999998e-01 1.565755e-04 -5.690260e-04 -3.534377e+00 -1.565426e-04 1.000000e+00 5.530633e-05 -4.236999e+00 5.691139e-04 -5.522000e-05 9.999998e-01 1.781164e+02
9.999980e-01 3.091338e-06 1.985675e-03 -3.574313e+00 -3.009948e-06 1.000000e+00 -4.030032e-05 -4.269320e+00 -1.985596e-03 4.029151e-05 9.999979e-01 1.794932e+02
9.999998e-01 1.438969e-04 -4.936958e-04 -3.593650e+00 -1.438760e-04 1.000000e+00 3.963291e-05 -4.301164e+00 4.937809e-04 -3.956461e-05 9.999998e-01 1.808186e+02
9.999998e-01 2.395919e-05 -5.288636e-04 -3.558850e+00 -2.395042e-05 1.000000e+00 1.400461e-05 -4.322520e+00 5.289433e-04 -1.399467e-05 9.999998e-01 1.816012e+02
1.000000e+00 1.361104e-04 1.212097e-04 -3.537566e+00 -1.361126e-04 1.000000e+00 2.953298e-05 -4.345464e+00 -1.211263e-04 -2.955220e-05 9.999999e-01 1.824800e+02
9.999997e-01 -1.012106e-05 7.936434e-04 -3.538859e+00 1.014646e-05 1.000000e+00 -3.028870e-05 -4.372131e+00 -7.935637e-04 3.029402e-05 9.999996e-01 1.835572e+02
9.999853e-01 3.566209e-04 -5.402077e-03 -3.531801e+00 -3.557520e-04 9.999999e-01 1.615384e-04 -4.393014e+00 5.402213e-03 -1.596170e-04 9.999853e-01 1.843573e+02
9.999947e-01 -1.048885e-04 3.247140e-03 -3.539592e+00 1.052403e-04 1.000000e+00 -1.077447e-04 -4.413802e+00 -3.247050e-03 1.080832e-04 9.999946e-01 1.851878e+02
9.999988e-01 1.617591e-04 -1.556061e-03 -3.551903e+00 -1.616749e-04 1.000000e+00 5.336451e-05 -4.437629e+00 1.556148e-03 -5.311554e-05 9.999987e-01 1.861638e+02
9.999956e-01 -6.712993e-05 2.970936e-03 -3.583429e+00 6.732448e-05 1.000000e+00 -6.493923e-05 -4.464664e+00 -2.970853e-03 6.513628e-05 9.999955e-01 1.873060e+02
9.999979e-01 1.871154e-04 -2.016233e-03 -3.617132e+00 -1.869625e-04 1.000000e+00 7.538600e-05 -4.491144e+00 2.016326e-03 -7.501155e-05 9.999979e-01 1.884252e+02
9.999966e-01 -1.057160e-04 2.608902e-03 -3.626897e+00 1.058902e-04 1.000000e+00 -6.611206e-05 -4.512322e+00 -2.608816e-03 6.638542e-05 9.999965e-01 1.892852e+02
9.999988e-01 1.776015e-04 -1.523297e-03 -3.631025e+00 -1.775378e-04 1.000000e+00 4.100935e-05 -4.534272e+00 1.523383e-03 -4.074152e-05 9.999988e-01 1.901690e+02
9.999942e-01 -1.221753e-04 3.405651e-03 -3.657628e+00 1.224761e-04 1.000000e+00 -8.770820e-05 -4.560219e+00 -3.405560e-03 8.812212e-05 9.999941e-01 1.912595e+02
9.999968e-01 2.164304e-04 -2.505826e-03 -3.667732e+00 -2.162675e-04 1.000000e+00 6.474903e-05 -4.583500e+00 2.505919e-03 -6.420956e-05 9.999968e-01 1.922074e+02
9.999894e-01 -2.131299e-04 4.605961e-03 -3.681568e+00 2.138534e-04 1.000000e+00 -1.562945e-04 -4.605085e+00 -4.605848e-03 1.572751e-04 9.999893e-01 1.930939e+02
9.999929e-01 3.374431e-04 -3.735470e-03 -3.706273e+00 -3.367999e-04 9.999999e-01 1.724584e-04 -4.631419e+00 3.735607e-03 -1.712018e-04 9.999929e-01 1.941936e+02
9.999876e-01 -2.422530e-04 4.960083e-03 -3.726538e+00 2.431675e-04 1.000000e+00 -1.834961e-04 -4.656832e+00 -4.959958e-03 1.846973e-04 9.999876e-01 1.952489e+02
9.999920e-01 3.655711e-04 -3.988598e-03 -3.740154e+00 -3.648002e-04 9.999999e-01 1.936568e-04 -4.683643e+00 3.988749e-03 -1.922029e-04 9.999919e-01 1.963527e+02
9.999926e-01 -2.022676e-04 3.839960e-03 -3.762820e+00 2.028277e-04 1.000000e+00 -1.451306e-04 -4.708243e+00 -3.839851e-03 1.459058e-04 9.999925e-01 1.973733e+02
9.999892e-01 4.378744e-04 -4.630198e-03 -3.790235e+00 -4.369946e-04 9.999999e-01 1.907429e-04 -4.734508e+00 4.630360e-03 -1.887200e-04 9.999892e-01 1.984681e+02
9.999881e-01 -2.351580e-04 4.872375e-03 -3.806478e+00 2.358776e-04 1.000000e+00 -1.468573e-04 -4.764095e+00 -4.872260e-03 1.480022e-04 9.999880e-01 1.996886e+02
9.999927e-01 3.698579e-04 -3.802728e-03 -3.818364e+00 -3.692875e-04 9.999999e-01 1.503488e-04 -4.792276e+00 3.802864e-03 -1.489460e-04 9.999927e-01 2.008466e+02
9.999944e-01 -6.738541e-05 3.348491e-03 -3.864029e+00 6.748063e-05 1.000000e+00 -2.793158e-05 -4.829741e+00 -3.348409e-03 2.815478e-05 9.999943e-01 2.024416e+02
9.999955e-01 2.424633e-04 -2.982845e-03 -3.911821e+00 -2.421473e-04 1.000000e+00 1.058758e-04 -4.860112e+00 2.982951e-03 -1.051556e-04 9.999955e-01 2.037488e+02
9.999796e-01 -2.529952e-04 6.385695e-03 -3.971557e+00 2.542487e-04 9.999999e-01 -1.952900e-04 -4.887357e+00 -6.385565e-03 1.969070e-04 9.999795e-01 2.049523e+02
9.999862e-01 3.810574e-04 -5.236934e-03 -4.046363e+00 -3.797540e-04 9.999999e-01 2.496392e-04 -4.917349e+00 5.237109e-03 -2.476496e-04 9.999862e-01 2.062893e+02
9.999716e-01 -3.071364e-04 7.531876e-03 -4.101740e+00 3.091144e-04 9.999999e-01 -2.612873e-04 -4.947747e+00 -7.531715e-03 2.636055e-04 9.999715e-01 2.076172e+02
9.999834e-01 3.987717e-04 -5.741428e-03 -4.144354e+00 -3.973322e-04 9.999999e-01 2.516300e-04 -4.976677e+00 5.741608e-03 -2.493472e-04 9.999834e-01 2.088601e+02
9.999810e-01 -2.199853e-04 6.158126e-03 -4.208288e+00 2.210100e-04 1.000000e+00 -1.655167e-04 -5.007498e+00 -6.158009e-03 1.668719e-04 9.999809e-01 2.102113e+02
9.999860e-01 3.713126e-04 -5.280646e-03 -4.269399e+00 -3.701605e-04 9.999999e-01 2.189089e-04 -5.037049e+00 5.280807e-03 -2.169537e-04 9.999860e-01 2.115049e+02
9.999814e-01 -2.069827e-04 6.093264e-03 -4.334617e+00 2.079285e-04 1.000000e+00 -1.543711e-04 -5.068184e+00 -6.093151e-03 1.556326e-04 9.999813e-01 2.128719e+02
9.999837e-01 3.983281e-04 -5.693999e-03 -4.390267e+00 -3.970238e-04 9.999999e-01 2.299805e-04 -5.099360e+00 5.694170e-03 -2.277186e-04 9.999837e-01 2.142228e+02
9.999836e-01 -2.408621e-04 5.716841e-03 -4.459554e+00 2.417407e-04 1.000000e+00 -1.527583e-04 -5.125632e+00 -5.716724e-03 1.541353e-04 9.999836e-01 2.153867e+02
9.999849e-01 3.132255e-04 -5.481505e-03 -4.634582e+00 -3.118607e-04 9.999999e-01 2.496003e-04 -5.141910e+00 5.481664e-03 -2.478896e-04 9.999849e-01 2.163009e+02
9.999857e-01 -2.113782e-04 5.334769e-03 -4.753537e+00 2.122951e-04 1.000000e+00 -1.710792e-04 -5.161149e+00 -5.334653e-03 1.722069e-04 9.999857e-01 2.172456e+02
9.999842e-01 3.841045e-04 -5.607211e-03 -4.816830e+00 -3.827098e-04 9.999999e-01 2.495807e-04 -5.186940e+00 5.607387e-03 -2.474332e-04 9.999842e-01 2.183793e+02
9.999854e-01 -2.313773e-04 5.394814e-03 -4.874264e+00 2.323367e-04 1.000000e+00 -1.769793e-04 -5.211240e+00 -5.394693e-03 1.782277e-04 9.999854e-01 2.194414e+02
9.999858e-01 3.204248e-04 -5.316045e-03 -5.003932e+00 -3.190765e-04 9.999999e-01 2.542236e-04 -5.228671e+00 5.316207e-03 -2.525262e-04 9.999858e-01 2.203299e+02
9.999862e-01 -1.874919e-04 5.248699e-03 -5.078863e+00 1.884166e-04 1.000000e+00 -1.754594e-04 -5.252763e+00 -5.248585e-03 1.764435e-04 9.999861e-01 2.214110e+02
9.999833e-01 4.092158e-04 -5.756337e-03 -5.122473e+00 -4.077203e-04 9.999999e-01 2.607520e-04 -5.281626e+00 5.756524e-03 -2.584030e-04 9.999833e-01 2.226430e+02
9.999933e-01 -1.411833e-04 3.661402e-03 -5.149717e+00 1.419171e-04 1.000000e+00 -1.998098e-04 -5.305759e+00 -3.661293e-03 2.003257e-04 9.999932e-01 2.236434e+02
9.998912e-01 7.936048e-04 -1.472640e-02 -5.180849e+00 -7.857231e-04 9.999995e-01 5.409027e-04 -5.325360e+00 1.472691e-02 -5.292753e-04 9.998913e-01 2.244611e+02
9.999042e-01 -5.754716e-04 1.383092e-02 -5.221179e+00 5.819632e-04 9.999997e-01 -4.652480e-04 -5.350873e+00 -1.383057e-02 4.732501e-04 9.999042e-01 2.255466e+02
9.999062e-01 7.156941e-04 -1.367542e-02 -5.268347e+00 -7.085472e-04 9.999996e-01 5.273553e-04 -5.375548e+00 1.367588e-02 -5.176184e-04 9.999063e-01 2.266106e+02
9.999065e-01 -5.461450e-04 1.365918e-02 -5.318184e+00 5.522903e-04 9.999997e-01 -4.460508e-04 -5.401967e+00 -1.365886e-02 4.535506e-04 9.999065e-01 2.277514e+02
9.999050e-01 7.341471e-04 -1.376516e-02 -5.346708e+00 -7.271675e-04 9.999996e-01 5.119603e-04 -5.428769e+00 1.376561e-02 -5.019043e-04 9.999050e-01 2.288745e+02
9.999224e-01 -4.699297e-04 1.244660e-02 -5.357852e+00 4.754486e-04 9.999998e-01 -4.403555e-04 -5.455262e+00 -1.244631e-02 4.462367e-04 9.999224e-01 2.299542e+02
9.999043e-01 7.108507e-04 -1.381534e-02 -5.332251e+00 -7.040195e-04 9.999996e-01 4.992393e-04 -5.480344e+00 1.381577e-02 -4.894675e-04 9.999044e-01 2.309150e+02
9.999999e-01 8.613264e-05 -3.733672e-04 -5.221366e+00 -8.616214e-05 1.000000e+00 -8.194562e-05 -5.501808e+00 3.734387e-04 8.197555e-05 9.999998e-01 2.315697e+02
9.999969e-01 2.095488e-04 -2.474180e-03 -5.134078e+00 -2.091139e-04 1.000000e+00 1.756128e-04 -5.526199e+00 2.474296e-03 -1.750971e-04 9.999968e-01 2.323952e+02
9.999987e-01 -1.726472e-05 1.570830e-03 -5.068816e+00 1.745969e-05 1.000000e+00 -1.234141e-04 -5.551415e+00 -1.570750e-03 1.234392e-04 9.999987e-01 2.332994e+02
9.999981e-01 2.114872e-04 -1.906241e-03 -5.056237e+00 -2.111422e-04 1.000000e+00 1.806111e-04 -5.577252e+00 1.906357e-03 -1.802104e-04 9.999981e-01 2.343177e+02
9.999969e-01 -6.750645e-05 2.475216e-03 -5.040423e+00 6.786529e-05 1.000000e+00 -1.444563e-04 -5.604555e+00 -2.475128e-03 1.446217e-04 9.999968e-01 2.353989e+02
9.999965e-01 2.439360e-04 -2.611831e-03 -5.026340e+00 -2.434089e-04 1.000000e+00 2.017390e-04 -5.630529e+00 2.611959e-03 -2.011047e-04 9.999965e-01 2.364216e+02
9.999979e-01 -6.337958e-05 2.020924e-03 -5.018555e+00 6.368718e-05 1.000000e+00 -1.516191e-04 -5.654098e+00 -2.020836e-03 1.517453e-04 9.999979e-01 2.373510e+02
9.999970e-01 2.287638e-04 -2.420966e-03 -4.997040e+00 -2.282328e-04 9.999999e-01 2.191773e-04 -5.679583e+00 2.421094e-03 -2.186262e-04 9.999970e-01 2.383358e+02
9.999995e-01 1.995858e-04 9.698343e-04 -4.389061e+00 -1.995031e-04 1.000000e+00 -8.428991e-05 -5.729021e+00 -9.697729e-04 8.409427e-05 9.999994e-01 2.394197e+02
9.999977e-01 3.379848e-04 -2.129460e-03 -3.201893e+00 -3.377494e-04 9.999999e-01 1.104397e-04 -5.792216e+00 2.129575e-03 -1.097223e-04 9.999976e-01 2.401999e+02
9.999995e-01 5.696097e-05 1.012095e-03 -2.450992e+00 -5.691344e-05 1.000000e+00 -4.598163e-05 -5.840647e+00 -1.012019e-03 4.592192e-05 9.999994e-01 2.410410e+02
9.999963e-01 3.020996e-04 -2.690439e-03 -1.808305e+00 -3.017307e-04 9.999999e-01 1.371487e-04 -5.882810e+00 2.690558e-03 -1.363385e-04 9.999963e-01 2.417831e+02
9.999998e-01 1.364338e-04 -5.295983e-04 -1.226192e+00 -1.364003e-04 1.000000e+00 6.136798e-05 -5.929568e+00 5.296845e-04 -6.129776e-05 9.999998e-01 2.427831e+02
9.999901e-01 4.180584e-04 -4.434010e-03 -5.293562e-01 -4.172749e-04 9.999999e-01 1.774200e-04 -5.980787e+00 4.434161e-03 -1.755700e-04 9.999901e-01 2.437834e+02
9.999953e-01 3.977297e-04 -3.028870e-03 7.895063e-01 -3.974024e-04 9.999999e-01 1.083467e-04 -6.048009e+00 3.028990e-03 -1.071445e-04 9.999953e-01 2.445036e+02
9.999899e-01 5.578328e-04 -4.452473e-03 2.620328e+00 -5.569635e-04 9.999998e-01 1.962528e-04 -6.132135e+00 4.452658e-03 -1.937728e-04 9.999900e-01 2.451759e+02
9.999955e-01 4.661602e-04 -2.970093e-03 4.718818e+00 -4.658564e-04 9.999999e-01 1.027106e-04 -6.225911e+00 2.970216e-03 -1.013283e-04 9.999955e-01 2.458588e+02
9.999897e-01 4.570941e-04 -4.505641e-03 6.417850e+00 -4.562062e-04 9.999999e-01 1.978957e-04 -6.307770e+00 4.505807e-03 -1.958400e-04 9.999897e-01 2.466263e+02
9.999962e-01 4.855671e-04 -2.717534e-03 8.289859e+00 -4.852808e-04 9.999999e-01 1.057186e-04 -6.394378e+00 2.717661e-03 -1.044011e-04 9.999962e-01 2.473420e+02
9.999905e-01 6.357898e-04 -4.316712e-03 1.068474e+01 -6.352443e-04 9.999998e-01 1.275480e-04 -6.497153e+00 4.316867e-03 -1.248062e-04 9.999906e-01 2.479713e+02
9.999986e-01 3.665960e-04 -1.635296e-03 1.277021e+01 -3.664256e-04 9.999999e-01 1.040924e-04 -6.595820e+00 1.635408e-03 -1.034946e-04 9.999986e-01 2.488892e+02
9.999903e-01 4.871109e-04 -4.375614e-03 1.439955e+01 -4.863003e-04 9.999999e-01 1.861441e-04 -6.681168e+00 4.375778e-03 -1.840159e-04 9.999903e-01 2.499154e+02
9.999990e-01 4.372605e-04 -1.360375e-03 1.627796e+01 -4.371974e-04 9.999999e-01 4.620478e-05 -6.770641e+00 1.360469e-03 -4.561146e-05 9.999990e-01 2.507510e+02
9.999874e-01 4.155149e-04 -5.004554e-03 1.787176e+01 -4.142157e-04 9.999999e-01 2.605125e-04 -6.853663e+00 5.004735e-03 -2.584377e-04 9.999874e-01 2.517238e+02
9.999993e-01 4.060509e-04 -1.126915e-03 1.932408e+01 -4.060208e-04 9.999999e-01 2.637490e-05 -6.931782e+00 1.126998e-03 -2.591869e-05 9.999993e-01 2.527093e+02
9.999907e-01 3.489579e-04 -4.297383e-03 2.075987e+01 -3.480072e-04 9.999999e-01 2.218414e-04 -7.005310e+00 4.297532e-03 -2.203451e-04 9.999907e-01 2.535377e+02
1.000000e+00 2.584434e-04 -2.442720e-05 2.187730e+01 -2.584425e-04 1.000000e+00 1.450411e-05 -7.068813e+00 2.450284e-05 -1.449908e-05 9.999999e-01 2.544303e+02
9.999781e-01 5.414263e-04 -6.588795e-03 2.324148e+01 -5.396028e-04 9.999998e-01 2.784448e-04 -7.141755e+00 6.589016e-03 -2.748846e-04 9.999782e-01 2.553254e+02
9.999995e-01 3.384054e-04 -8.705059e-04 2.472181e+01 -3.383818e-04 9.999999e-01 2.675034e-05 -7.218968e+00 8.705858e-04 -2.645694e-05 9.999995e-01 2.562178e+02
9.999834e-01 5.297145e-04 -5.738510e-03 2.632197e+01 -5.283152e-04 9.999998e-01 2.452653e-04 -7.298812e+00 5.738709e-03 -2.422306e-04 9.999834e-01 2.570537e+02
9.999998e-01 4.168309e-04 3.330276e-04 2.827655e+01 -4.168163e-04 9.999999e-01 -4.239971e-05 -7.390303e+00 -3.329752e-04 4.225982e-05 9.999999e-01 2.578646e+02
9.999790e-01 6.677720e-04 -6.445804e-03 3.062701e+01 -6.663368e-04 9.999998e-01 2.247206e-04 -7.491813e+00 6.446022e-03 -2.204218e-04 9.999791e-01 2.585098e+02
9.999998e-01 4.713369e-04 4.344619e-04 3.313487e+01 -4.713065e-04 9.999999e-01 -6.914205e-05 -7.597493e+00 -4.344252e-04 6.893630e-05 9.999998e-01 2.591051e+02
9.999796e-01 6.604002e-04 -6.349089e-03 3.568267e+01 -6.591032e-04 9.999998e-01 2.063089e-04 -7.702586e+00 6.349292e-03 -2.021209e-04 9.999797e-01 2.596227e+02
9.999998e-01 5.271314e-04 -3.451468e-04 3.830023e+01 -5.271394e-04 9.999999e-01 -2.409780e-05 -7.811011e+00 3.452023e-04 2.427887e-05 9.999999e-01 2.601634e+02
9.999796e-01 6.677097e-04 -6.351145e-03 4.096981e+01 -6.664257e-04 9.999998e-01 2.042345e-04 -7.922347e+00 6.351348e-03 -1.999986e-04 9.999797e-01 2.607577e+02
9.999990e-01 6.456987e-04 -1.218179e-03 4.390520e+01 -6.457039e-04 9.999998e-01 -4.126071e-06 -8.042278e+00 1.218244e-03 4.911908e-06 9.999992e-01 2.613072e+02
9.999784e-01 6.965524e-04 -6.526400e-03 4.691346e+01 -6.952091e-04 9.999997e-01 2.080422e-04 -8.165045e+00 6.526610e-03 -2.035012e-04 9.999786e-01 2.618692e+02
9.999981e-01 6.674553e-04 -1.830861e-03 4.991416e+01 -6.673623e-04 9.999998e-01 5.126218e-05 -8.291766e+00 1.830960e-03 -5.004085e-05 9.999982e-01 2.625937e+02
9.999858e-01 6.212768e-04 -5.294126e-03 5.275342e+01 -6.204757e-04 9.999998e-01 1.529305e-04 -8.412505e+00 5.294286e-03 -1.496441e-04 9.999859e-01 2.633231e+02
9.999952e-01 7.024176e-04 -3.005920e-03 5.569615e+01 -7.021301e-04 9.999997e-01 9.660286e-05 -8.533669e+00 3.006052e-03 -9.449234e-05 9.999954e-01 2.639035e+02
9.999871e-01 6.530040e-04 -5.042884e-03 5.871559e+01 -6.524144e-04 9.999998e-01 1.185266e-04 -8.655896e+00 5.043025e-03 -1.152355e-04 9.999872e-01 2.644168e+02
9.999944e-01 6.432388e-04 -3.279747e-03 6.158453e+01 -6.428460e-04 9.999998e-01 1.207758e-04 -8.771173e+00 3.279888e-03 -1.186671e-04 9.999945e-01 2.648581e+02
9.999884e-01 5.010321e-04 -4.788163e-03 6.405830e+01 -5.003651e-04 9.999999e-01 1.404657e-04 -8.873392e+00 4.788296e-03 -1.380686e-04 9.999884e-01 2.653433e+02
9.999974e-01 5.026309e-04 -2.208090e-03 6.622402e+01 -5.024121e-04 9.999999e-01 9.958403e-05 -8.966163e+00 2.208202e-03 -9.847466e-05 9.999975e-01 2.658958e+02
9.999880e-01 5.843147e-04 -4.862068e-03 6.854156e+01 -5.836760e-04 9.999998e-01 1.327662e-04 -9.064698e+00 4.862206e-03 -1.299269e-04 9.999881e-01 2.664594e+02
9.999970e-01 6.301530e-04 -2.361057e-03 7.117821e+01 -6.299997e-04 9.999998e-01 6.562359e-05 -9.172520e+00 2.361159e-03 -6.413608e-05 9.999971e-01 2.669366e+02
9.999894e-01 6.229726e-04 -4.557550e-03 7.395159e+01 -6.225286e-04 9.999998e-01 9.880643e-05 -9.284311e+00 4.557672e-03 -9.596827e-05 9.999895e-01 2.673771e+02
