9.998359e-01 -1.604616e-04 -1.811720e-02 1.028834e-02 1.798931e-04 9.999994e-01 1.070919e-03 -1.082923e-02 1.811702e-02 -1.074001e-03 9.998352e-01 5.242518e-01
9.998975e-01 5.980932e-05 1.431551e-02 3.887139e-02 -4.943022e-05 9.999997e-01 -7.253754e-04 -2.444817e-02 -1.431555e-02 7.245941e-04 9.998972e-01 1.160367e+00
9.998927e-01 -9.654089e-05 -1.465008e-02 7.267506e-02 1.086185e-04 9.999997e-01 8.236134e-04 -4.151825e-02 1.464999e-02 -8.251157e-04 9.998922e-01 1.942343e+00
9.998275e-01 1.307304e-04 1.857055e-02 1.275904e-01 -1.127551e-04 9.999995e-01 -9.689899e-04 -6.066427e-02 -1.857067e-02 9.667295e-04 9.998270e-01 2.806836e+00
9.999580e-01 -2.931299e-05 -9.167895e-03 1.928204e-01 3.479967e-05 9.999998e-01 5.983059e-04 -8.225305e-02 9.167875e-03 -5.985992e-04 9.999577e-01 3.798277e+00
9.998176e-01 1.062098e-04 1.910013e-02 2.584166e-01 -8.831302e-05 9.999996e-01 -9.378395e-04 -1.017947e-01 -1.910022e-02 9.359821e-04 9.998170e-01 4.695042e+00
9.999676e-01 -1.060919e-04 -8.050426e-03 3.124515e-01 1.116709e-04 9.999998e-01 6.925591e-04 -1.169346e-01 8.050352e-03 -6.934351e-04 9.999673e-01 5.406208e+00
9.999048e-01 6.015403e-05 1.379654e-02 3.556283e-01 -5.002286e-05 9.999997e-01 -7.346693e-04 -1.304900e-01 -1.379658e-02 7.339098e-04 9.999045e-01 6.034993e+00
9.999836e-01 -1.046629e-04 -5.722050e-03 3.911703e-01 1.083333e-04 9.999998e-01 6.411391e-04 -1.433550e-01 5.721985e-03 -6.417480e-04 9.999833e-01 6.653094e+00
9.999733e-01 -6.570706e-05 -7.306721e-03 4.399222e-01 6.692292e-05 1.000000e+00 1.661579e-04 -1.521195e-01 7.306712e-03 -1.666419e-04 9.999732e-01 7.041935e+00
9.997487e-01 -1.545654e-04 -2.241472e-02 4.814409e-01 1.873689e-04 9.999989e-01 1.461384e-03 -1.567143e-01 2.241447e-02 -1.465216e-03 9.997476e-01 7.241434e+00
9.999983e-01 -3.583878e-05 -1.829992e-03 5.190444e-01 3.569844e-05 1.000000e+00 -7.674463e-05 -1.644426e-01 1.829991e-03 7.668006e-05 9.999982e-01 7.586728e+00
9.999478e-01 -1.261516e-04 -1.021712e-02 5.881457e-01 1.345773e-04 9.999997e-01 8.239749e-04 -1.734161e-01 1.021701e-02 -8.253059e-04 9.999474e-01 7.956652e+00
9.998183e-01 4.048826e-05 1.906370e-02 6.480511e-01 -2.419161e-05 9.999996e-01 -8.550796e-04 -1.841871e-01 -1.906373e-02 8.544640e-04 9.998178e-01 8.442957e+00
9.999585e-01 -9.299488e-05 -9.105390e-03 7.050426e-01 9.991265e-05 9.999997e-01 7.592894e-04 -1.957035e-01 9.105313e-03 -7.601667e-04 9.999582e-01 8.973759e+00
9.999410e-01 3.729665e-06 1.086606e-02 7.658861e-01 3.466071e-06 9.999998e-01 -6.621987e-04 -2.080576e-01 -1.086606e-02 6.621982e-04 9.999406e-01 9.502886e+00
9.999546e-01 -1.031967e-04 -9.528406e-03 9.210177e-01 1.108425e-04 9.999997e-01 8.018928e-04 -2.192237e-01 9.528317e-03 -8.029116e-04 9.999542e-01 9.843968e+00
9.997055e-01 1.268421e-04 2.426633e-02 1.157353e+00 -1.027401e-04 9.999995e-01 -9.944687e-04 -2.284344e-01 -2.426645e-02 9.916836e-04 9.997049e-01 1.002006e+01
9.998461e-01 -1.579985e-04 -1.754153e-02 1.428724e+00 1.754384e-04 9.999995e-01 9.926685e-04 -2.383098e-01 1.754136e-02 -9.955922e-04 9.998455e-01 1.015763e+01
9.999751e-01 1.501312e-05 7.059479e-03 1.722252e+00 -1.206173e-05 9.999999e-01 -4.181118e-04 -2.469974e-01 -7.059486e-03 4.180172e-04 9.999749e-01 1.020109e+01
9.999752e-01 -3.851660e-05 -7.044578e-03 2.105838e+00 4.291514e-05 9.999998e-01 6.242338e-04 -2.573088e-01 7.044550e-03 -6.245196e-04 9.999749e-01 1.020433e+01
9.998783e-01 5.631528e-05 1.560007e-02 2.475322e+00 -4.586658e-05 9.999998e-01 -6.701404e-04 -2.679407e-01 -1.560010e-02 6.693444e-04 9.998780e-01 1.024875e+01
9.998129e-01 -1.576889e-04 -1.934323e-02 2.779034e+00 1.771341e-04 9.999995e-01 1.003565e-03 -2.766305e-01 1.934306e-02 -1.006802e-03 9.998123e-01 1.026188e+01
9.998314e-01 8.530155e-05 1.836146e-02 3.127447e+00 -6.987176e-05 9.999996e-01 -8.409736e-04 -2.874065e-01 -1.836152e-02 8.395500e-04 9.998310e-01 1.030593e+01
9.998275e-01 -1.687525e-04 -1.857408e-02 3.464265e+00 1.866473e-04 9.999995e-01 9.616958e-04 -2.990942e-01 1.857391e-02 -9.649956e-04 9.998269e-01 1.040808e+01
9.999754e-01 -2.022211e-05 7.014825e-03 3.736678e+00 2.249111e-05 9.999999e-01 -3.233726e-04 -3.065270e-01 -7.014821e-03 3.235236e-04 9.999752e-01 1.041230e+01
9.997044e-01 -1.415574e-04 -2.431091e-02 3.992761e+00 1.708882e-04 9.999993e-01 1.204413e-03 -3.118652e-01 2.431071e-02 -1.208211e-03 9.997036e-01 1.034797e+01
9.998846e-01 -1.651029e-05 1.519413e-02 4.370195e+00 2.833759e-05 9.999997e-01 -7.781928e-04 -3.221973e-01 -1.519412e-02 7.785348e-04 9.998842e-01 1.034786e+01
9.997140e-01 -1.202707e-04 -2.391508e-02 4.707083e+00 1.495043e-04 9.999992e-01 1.220606e-03 -3.291124e-01 2.391491e-02 -1.223830e-03 9.997131e-01 1.022153e+01
9.998515e-01 7.057896e-06 1.723091e-02 4.925027e+00 7.086859e-06 9.999997e-01 -8.208284e-04 -3.312914e-01 -1.723092e-02 8.208300e-04 9.998511e-01 1.001160e+01
9.997287e-01 -1.315912e-04 -2.329369e-02 5.234359e+00 1.584337e-04 9.999993e-01 1.150506e-03 -3.371442e-01 2.329351e-02 -1.153883e-03 9.997279e-01 9.868606e+00
9.998838e-01 -2.423089e-05 1.524513e-02 5.535358e+00 3.509012e-05 9.999997e-01 -7.120352e-04 -3.439826e-01 -1.524512e-02 7.124889e-04 9.998834e-01 9.793811e+00
9.995788e-01 -1.167723e-04 -2.902159e-02 5.663591e+00 1.578721e-04 9.999990e-01 1.413892e-03 -3.429333e-01 2.902138e-02 -1.417876e-03 9.995777e-01 9.549970e+00
9.996200e-01 5.010380e-05 2.756544e-02 5.739185e+00 -1.524173e-05 9.999992e-01 -1.264907e-03 -3.383476e-01 -2.756549e-02 1.264007e-03 9.996191e-01 9.145913e+00
9.995977e-01 -8.628907e-05 -2.836226e-02 5.847475e+00 1.268559e-04 9.999990e-01 1.428511e-03 -3.364732e-01 2.836209e-02 -1.431533e-03 9.995966e-01 8.845056e+00
9.996889e-01 -3.671613e-05 2.494080e-02 5.939157e+00 6.601005e-05 9.999993e-01 -1.173711e-03 -3.336090e-01 -2.494075e-02 1.174994e-03 9.996881e-01 8.525434e+00
9.994045e-01 -8.400545e-05 -3.450692e-02 5.972254e+00 1.415167e-04 9.999986e-01 1.664217e-03 -3.272420e-01 3.450672e-02 -1.668107e-03 9.994030e-01 8.112381e+00
9.994401e-01 1.857150e-05 3.345945e-02 5.832242e+00 3.413818e-05 9.999988e-01 -1.574754e-03 -3.139186e-01 -3.345945e-02 1.575016e-03 9.994387e-01 7.533526e+00
9.994278e-01 -1.056773e-04 -3.382286e-02 5.533690e+00 1.576958e-04 9.999988e-01 1.535304e-03 -2.927515e-01 3.382265e-02 -1.539758e-03 9.994266e-01 6.728775e+00
9.994771e-01 -2.760220e-05 3.233334e-02 5.252783e+00 7.602608e-05 9.999989e-01 -1.496412e-03 -2.735539e-01 -3.233327e-02 1.498090e-03 9.994759e-01 6.002637e+00
9.994312e-01 -4.208569e-05 -3.372360e-02 5.197575e+00 9.759304e-05 9.999986e-01 1.644303e-03 -2.732133e-01 3.372347e-02 -1.646657e-03 9.994297e-01 5.984783e+00
9.994495e-01 1.540499e-05 3.317820e-02 5.165199e+00 3.544238e-05 9.999988e-01 -1.531960e-03 -2.726572e-01 -3.317820e-02 1.532294e-03 9.994482e-01 5.935107e+00
9.992229e-01 -1.387299e-04 -3.941555e-02 5.270191e+00 2.178828e-04 9.999980e-01 2.003873e-03 -2.793712e-01 3.941518e-02 -2.010902e-03 9.992208e-01 6.101806e+00
9.999987e-01 -9.474713e-05 -1.611319e-03 5.431374e+00 9.483872e-05 1.000000e+00 5.665676e-05 -2.884023e-01 1.611297e-03 -5.680758e-05 9.999986e-01 6.360757e+00
9.991010e-01 -1.042958e-04 -4.239375e-02 5.578576e+00 1.927851e-04 9.999978e-01 2.083233e-03 -2.946716e-01 4.239342e-02 -2.089531e-03 9.990987e-01 6.509788e+00
9.994138e-01 -5.606837e-07 3.423595e-02 5.661060e+00 5.206983e-05 9.999989e-01 -1.503633e-03 -3.021745e-01 -3.423593e-02 1.504537e-03 9.994125e-01 6.743223e+00
9.993680e-01 -6.743113e-05 -3.554649e-02 5.609657e+00 1.264212e-04 9.999986e-01 1.657267e-03 -2.996959e-01 3.554631e-02 -1.660711e-03 9.993666e-01 6.623200e+00
9.993950e-01 2.670559e-05 3.478057e-02 5.488708e+00 2.701081e-05 9.999988e-01 -1.543957e-03 -2.881534e-01 -3.478059e-02 1.543965e-03 9.993937e-01 6.122653e+00
9.993680e-01 -6.326966e-05 -3.554731e-02 5.540196e+00 1.252951e-04 9.999985e-01 1.742638e-03 -2.868272e-01 3.554713e-02 -1.745988e-03 9.993664e-01 5.940198e+00
9.994371e-01 -5.375006e-05 3.354686e-02 5.562634e+00 1.041706e-04 9.999989e-01 -1.501232e-03 -2.836081e-01 -3.354676e-02 1.503883e-03 9.994359e-01 5.695818e+00
9.993716e-01 -5.387225e-05 -3.544514e-02 5.500617e+00 1.133791e-04 9.999986e-01 1.676830e-03 -2.749962e-01 3.544497e-02 -1.679793e-03 9.993701e-01 5.265986e+00
9.997014e-01 -7.110123e-05 2.443479e-02 5.568774e+00 9.814384e-05 9.999994e-01 -1.105514e-03 -2.699512e-01 -2.443472e-02 1.107585e-03 9.997007e-01 4.882711e+00
9.996579e-01 -2.831033e-05 -2.615591e-02 5.591550e+00 6.170181e-05 9.999992e-01 1.275816e-03 -2.640557e-01 2.615583e-02 -1.276991e-03 9.996570e-01 4.482768e+00
9.996835e-01 -5.379984e-05 2.515757e-02 5.632472e+00 8.182038e-05 9.999994e-01 -1.112760e-03 -2.596585e-01 -2.515751e-02 1.114468e-03 9.996828e-01 4.142150e+00
9.990525e-01 -1.780536e-04 -4.352070e-02 5.889359e+00 2.688091e-04 9.999978e-01 2.079493e-03 -2.681638e-01 4.352021e-02 -2.089219e-03 9.990503e-01 4.225243e+00
9.999763e-01 -4.844764e-05 -6.891102e-03 6.159760e+00 5.035686e-05 1.000000e+00 2.768223e-04 -2.780972e-01 6.891058e-03 -2.771601e-04 9.999761e-01 4.407709e+00
9.997668e-01 -1.194315e-04 -2.159488e-02 6.352878e+00 1.429966e-04 9.999994e-01 1.089674e-03 -2.817816e-01 2.159471e-02 -1.092505e-03 9.997661e-01 4.344159e+00
9.998084e-01 -9.419445e-06 1.957260e-02 6.452538e+00 2.580271e-05 9.999996e-01 -8.367710e-04 -2.849077e-01 -1.957262e-02 8.371186e-04 9.998080e-01 4.325194e+00
9.997599e-01 -1.730894e-04 -2.191094e-02 6.322503e+00 1.961024e-04 9.999994e-01 1.048128e-03 -2.751300e-01 2.191072e-02 -1.052171e-03 9.997593e-01 3.919364e+00
9.998761e-01 -3.043398e-06 1.574365e-02 6.303956e+00 1.301738e-05 9.999998e-01 -6.333861e-04 -2.702905e-01 -1.574368e-02 6.335154e-04 9.998758e-01 3.648306e+00
9.998402e-01 -1.650694e-04 -1.787693e-02 6.276013e+00 1.805202e-04 9.999996e-01 8.626526e-04 -2.651519e-01 1.787675e-02 -8.657389e-04 9.998397e-01 3.366932e+00
9.998614e-01 4.129473e-05 1.664878e-02 6.288007e+00 -3.030926e-05 9.999998e-01 -6.600533e-04 -2.625434e-01 -1.664884e-02 6.594601e-04 9.998611e-01 3.168862e+00
9.998467e-01 -1.745405e-04 -1.750812e-02 6.163686e+00 1.883361e-04 9.999997e-01 7.862786e-04 -2.531021e-01 1.750795e-02 -7.894525e-04 9.998463e-01 2.781072e+00
9.999102e-01 -7.164150e-05 1.340224e-02 6.058659e+00 7.729389e-05 9.999999e-01 -4.211883e-04 -2.469766e-01 -1.340225e-02 4.221894e-04 9.999100e-01 2.541254e+00
9.998060e-01 -1.300497e-04 -1.969777e-02 6.072294e+00 1.464631e-04 9.999996e-01 8.317910e-04 -2.436366e-01 1.969762e-02 -8.345116e-04 9.998055e-01 2.308053e+00
9.998251e-01 2.522899e-05 1.870266e-02 5.948737e+00 -1.181894e-05 9.999997e-01 -7.170902e-04 -2.330734e-01 -1.870271e-02 7.167468e-04 9.998247e-01 1.856949e+00
9.998051e-01 -1.828024e-04 -1.974263e-02 5.624923e+00 1.967801e-04 9.999997e-01 7.060276e-04 -2.109304e-01 1.974246e-02 -7.097718e-04 9.998047e-01 1.025962e+00
9.999993e-01 -6.820202e-05 -1.206785e-03 5.542729e+00 6.867274e-05 9.999999e-01 3.895019e-04 -1.988169e-01 1.206721e-03 -3.895814e-04 9.999991e-01 4.631317e-01
9.991222e-01 -1.294230e-04 -4.188960e-02 5.666650e+00 2.008080e-04 9.999985e-01 1.699902e-03 -2.014083e-01 4.188928e-02 -1.706819e-03 9.991207e-01 4.691214e-01
9.998743e-01 -5.910892e-05 1.585700e-02 5.843025e+00 6.504837e-05 9.999999e-01 -3.739935e-04 -2.113901e-01 -1.585702e-02 3.749814e-04 9.998741e-01 7.340177e-01
9.997512e-01 -1.235073e-04 -2.230551e-02 5.837604e+00 1.427158e-04 9.999996e-01 8.595280e-04 -2.103416e-01 2.230535e-02 -8.624939e-04 9.997507e-01 6.288006e-01
9.997556e-01 5.329540e-06 2.210934e-02 5.684162e+00 1.146349e-05 9.999997e-01 -7.593770e-04 -1.985283e-01 -2.210938e-02 7.594484e-04 9.997552e-01 1.525068e-01
9.997049e-01 -1.620216e-04 -2.429150e-02 5.599848e+00 1.847270e-04 9.999995e-01 9.324312e-04 -1.886382e-01 2.429130e-02 -9.366398e-04 9.997044e-01 -3.213640e-01
9.997684e-01 -3.671536e-06 2.152096e-02 5.511275e+00 1.956553e-05 9.999997e-01 -7.382824e-04 -1.783441e-01 -2.152099e-02 7.385361e-04 9.997680e-01 -8.112170e-01
9.997196e-01 -1.154349e-04 -2.368033e-02 5.597977e+00 1.388987e-04 9.999995e-01 9.891790e-04 -1.789332e-01 2.368016e-02 -9.921871e-04 9.997190e-01 -9.471062e-01
9.997350e-01 7.845235e-05 2.302016e-02 5.689510e+00 -5.835166e-05 9.999996e-01 -8.738074e-04 -1.917138e-01 -2.302026e-02 8.722362e-04 9.997345e-01 -4.621284e-01
9.997123e-01 -1.605266e-04 -2.398671e-02 5.650499e+00 1.846162e-04 9.999995e-01 1.002043e-03 -1.915270e-01 2.398649e-02 -1.006179e-03 9.997117e-01 -4.849196e-01
9.997128e-01 1.518225e-05 2.396660e-02 5.463439e+00 7.370200e-06 9.999996e-01 -9.408662e-04 -1.803703e-01 -2.396665e-02 9.407762e-04 9.997122e-01 -8.925867e-01
9.997234e-01 -8.401361e-05 -2.351740e-02 5.398175e+00 1.093626e-04 9.999994e-01 1.076563e-03 -1.784117e-01 2.351726e-02 -1.078834e-03 9.997228e-01 -9.690916e-01
9.997463e-01 2.513589e-05 2.252500e-02 5.479590e+00 -5.426739e-06 9.999996e-01 -8.750082e-04 -1.861120e-01 -2.252505e-02 8.746676e-04 9.997458e-01 -7.182359e-01
9.997318e-01 -1.056376e-04 -2.315953e-02 5.502177e+00 1.302547e-04 9.999994e-01 1.061395e-03 -1.849002e-01 2.315936e-02 -1.064123e-03 9.997311e-01 -8.565874e-01
9.997251e-01 2.757752e-05 2.344795e-02 5.297317e+00 -3.330843e-06 9.999995e-01 -1.034061e-03 -1.697451e-01 -2.344801e-02 1.033702e-03 9.997244e-01 -1.449853e+00
9.997407e-01 -1.045919e-04 -2.277225e-02 5.004290e+00 1.273375e-04 9.999995e-01 9.973432e-04 -1.491181e-01 2.277209e-02 -9.999806e-04 9.997401e-01 -2.230262e+00
9.997149e-01 4.911755e-05 2.387790e-02 4.749403e+00 -2.497504e-05 9.999995e-01 -1.011338e-03 -1.302770e-01 -2.387798e-02 1.010457e-03 9.997143e-01 -2.959484e+00
9.997152e-01 -1.291478e-04 -2.386458e-02 4.566287e+00 1.547052e-04 9.999994e-01 1.069056e-03 -1.158978e-01 2.386438e-02 -1.072440e-03 9.997145e-01 -3.538808e+00
9.997356e-01 -3.353702e-06 2.299403e-02 4.398589e+00 2.569708e-05 9.999995e-01 -9.713656e-04 -1.036154e-01 -2.299407e-02 9.717033e-04 9.997350e-01 -4.025701e+00
9.997212e-01 -1.295506e-04 -2.361051e-02 4.177378e+00 1.535703e-04 9.999995e-01 1.015486e-03 -8.816158e-02 2.361033e-02 -1.018825e-03 9.997206e-01 -4.617491e+00
9.997348e-01 3.207150e-05 2.302929e-02 3.875502e+00 -7.825742e-06 9.999994e-01 -1.052870e-03 -6.509813e-02 -2.302935e-02 1.052414e-03 9.997341e-01 -5.519871e+00
9.997249e-01 -1.357600e-04 -2.345254e-02 3.582293e+00 1.597908e-04 9.999995e-01 1.022750e-03 -4.318851e-02 2.345235e-02 -1.026213e-03 9.997243e-01 -6.370872e+00
9.997357e-01 1.719610e-05 2.298956e-02 3.388738e+00 4.882497e-06 9.999995e-01 -9.602754e-04 -2.913389e-02 -2.298962e-02 9.601376e-04 9.997351e-01 -6.921191e+00
9.997304e-01 -1.368143e-04 -2.321914e-02 3.187003e+00 1.602802e-04 9.999995e-01 1.008734e-03 -1.505085e-02 2.321895e-02 -1.012180e-03 9.997298e-01 -7.462128e+00
9.997415e-01 2.685076e-05 2.273763e-02 2.877376e+00 -3.038652e-06 9.999995e-01 -1.047246e-03 7.411970e-03 -2.273769e-02 1.046910e-03 9.997408e-01 -8.321808e+00
9.997254e-01 -1.284101e-04 -2.343255e-02 2.510885e+00 1.513249e-04 9.999995e-01 9.760954e-04 3.442838e-02 2.343237e-02 -9.793696e-04 9.997248e-01 -9.358779e+00
9.997165e-01 3.261323e-05 2.380851e-02 2.187939e+00 -8.197571e-06 9.999995e-01 -1.025557e-03 5.702994e-02 -2.380857e-02 1.025075e-03 9.997159e-01 -1.020796e+01
9.997256e-01 -1.309292e-04 -2.342398e-02 1.885010e+00 1.538813e-04 9.999995e-01 9.780163e-04 7.824043e-02 2.342380e-02 -9.813487e-04 9.997250e-01 -1.100520e+01
9.997077e-01 7.326293e-05 2.417626e-02 1.560432e+00 -4.799415e-05 9.999995e-01 -1.045728e-03 1.020024e-01 -2.417637e-02 1.044265e-03 9.997071e-01 -1.191238e+01
9.997232e-01 -1.731903e-04 -2.352760e-02 1.411039e+00 2.002873e-04 9.999993e-01 1.149327e-03 1.110645e-01 2.352734e-02 -1.153717e-03 9.997224e-01 -1.225466e+01
9.997243e-01 7.006689e-05 2.347997e-02 1.288196e+00 -4.537343e-05 9.999994e-01 -1.052171e-03 1.197265e-01 -2.348007e-02 1.050819e-03 9.997237e-01 -1.260031e+01
9.997507e-01 -1.380520e-04 -2.232868e-02 1.173091e+00 1.641050e-04 9.999993e-01 1.164927e-03 1.258689e-01 2.232846e-02 -1.168297e-03 9.997499e-01 -1.283048e+01
9.996922e-01 1.047616e-04 2.480847e-02 1.186142e+00 -7.633174e-05 9.999993e-01 -1.146878e-03 1.188702e-01 -2.480862e-02 1.144635e-03 9.996915e-01 -1.252758e+01
9.996868e-01 -1.103729e-04 -2.502541e-02 1.212352e+00 1.425618e-04 9.999992e-01 1.284432e-03 1.098844e-01 2.502520e-02 -1.287594e-03 9.996859e-01 -1.215981e+01
9.997171e-01 1.415568e-04 2.378269e-02 1.261042e+00 -1.117873e-04 9.999992e-01 -1.253012e-03 8.981507e-02 -2.378290e-02 1.250003e-03 9.997163e-01 -1.127383e+01
9.997192e-01 -8.586970e-05 -2.369447e-02 1.317749e+00 1.142333e-04 9.999993e-01 1.195671e-03 6.938898e-02 2.369431e-02 -1.198038e-03 9.997184e-01 -1.037560e+01
9.997205e-01 1.051047e-04 2.363946e-02 1.383441e+00 -7.680123e-05 9.999993e-01 -1.198159e-03 5.184863e-02 -2.363961e-02 1.196012e-03 9.997197e-01 -9.628100e+00
9.996628e-01 -1.017526e-04 -2.596472e-02 1.444088e+00 1.355660e-04 9.999991e-01 1.300494e-03 3.338545e-02 2.596452e-02 -1.303572e-03 9.996619e-01 -8.844720e+00
9.997064e-01 1.584304e-04 2.423108e-02 1.501563e+00 -1.275052e-04 9.999992e-01 -1.277758e-03 1.184791e-02 -2.423131e-02 1.274297e-03 9.997055e-01 -7.910904e+00
9.997192e-01 -9.435850e-05 -2.369457e-02 1.558633e+00 1.227013e-04 9.999993e-01 1.194685e-03 -8.388893e-03 2.369439e-02 -1.197253e-03 9.997184e-01 -7.024309e+00
9.997170e-01 1.470112e-04 2.378824e-02 1.612667e+00 -1.176261e-04 9.999992e-01 -1.236634e-03 -2.799405e-02 -2.378845e-02 1.233490e-03 9.997162e-01 -6.165463e+00
9.997035e-01 -1.373970e-04 -2.434883e-02 1.671242e+00 1.692365e-04 9.999991e-01 1.305549e-03 -4.265990e-02 2.434858e-02 -1.309279e-03 9.997026e-01 -5.552695e+00
9.997304e-01 1.456276e-04 2.321963e-02 1.727678e+00 -1.169330e-04 9.999992e-01 -1.237099e-03 -5.997638e-02 -2.321984e-02 1.234054e-03 9.997295e-01 -4.810942e+00
9.996810e-01 -1.580572e-04 -2.525622e-02 1.848208e+00 1.924838e-04 9.999991e-01 1.360633e-03 -7.475708e-02 2.525593e-02 -1.365056e-03 9.996800e-01 -4.276303e+00
9.997185e-01 1.051845e-04 2.372388e-02 1.911344e+00 -7.696582e-05 9.999993e-01 -1.190331e-03 -7.107942e-02 -2.372403e-02 1.188174e-03 9.997177e-01 -4.606680e+00
9.996922e-01 -1.509755e-04 -2.481052e-02 1.914695e+00 1.846812e-04 9.999991e-01 1.356203e-03 -6.750729e-02 2.481024e-02 -1.360363e-03 9.996912e-01 -4.856424e+00
9.997404e-01 1.229632e-04 2.278309e-02 2.044700e+00 -9.546182e-05 9.999993e-01 -1.208134e-03 -8.051375e-02 -2.278327e-02 1.205649e-03 9.997396e-01 -4.427005e+00
9.996964e-01 -1.318233e-04 -2.464065e-02 2.150412e+00 1.662344e-04 9.999990e-01 1.394436e-03 -8.963348e-02 2.464039e-02 -1.398105e-03 9.996953e-01 -4.153198e+00
9.997469e-01 6.367984e-05 2.249859e-02 2.217274e+00 -3.836609e-05 9.999994e-01 -1.125509e-03 -9.765609e-02 -2.249870e-02 1.124365e-03 9.997461e-01 -3.878800e+00
9.997147e-01 -9.843335e-05 -2.388601e-02 2.285665e+00 1.286513e-04 9.999992e-01 1.263519e-03 -1.112045e-01 2.388581e-02 -1.266228e-03 9.997138e-01 -3.328217e+00
9.997562e-01 5.498787e-05 2.207864e-02 2.371063e+00 -3.073685e-05 9.999994e-01 -1.098683e-03 -1.242353e-01 -2.207873e-02 1.097740e-03 9.997555e-01 -2.827779e+00
9.997179e-01 -6.412108e-05 -2.374989e-02 2.445239e+00 9.270563e-05 9.999993e-01 1.202427e-03 -1.407796e-01 2.374975e-02 -1.204286e-03 9.997171e-01 -2.147323e+00
9.997429e-01 6.067256e-05 2.267476e-02 2.509800e+00 -3.491302e-05 9.999994e-01 -1.136391e-03 -1.574243e-01 -2.267486e-02 1.135311e-03 9.997422e-01 -1.444947e+00
9.997124e-01 -4.444589e-05 -2.398108e-02 2.562127e+00 7.292608e-05 9.999993e-01 1.186699e-03 -1.759421e-01 2.398096e-02 -1.188103e-03 9.997116e-01 -6.418338e-01
9.997426e-01 2.176195e-05 2.268851e-02 2.637875e+00 2.512953e-06 9.999994e-01 -1.069844e-03 -1.890969e-01 -2.268857e-02 1.069629e-03 9.997419e-01 -1.241254e-01
9.997184e-01 -6.654783e-05 -2.372948e-02 2.705474e+00 9.633466e-05 9.999992e-01 1.254086e-03 -1.933472e-01 2.372933e-02 -1.256015e-03 9.997175e-01 -4.181182e-02
9.997408e-01 -1.856975e-05 2.276613e-02 2.688194e+00 4.315685e-05 9.999994e-01 -1.079447e-03 -1.885715e-01 -2.276614e-02 1.080154e-03 9.997401e-01 -3.161070e-01
9.997119e-01 -8.289992e-05 -2.400254e-02 2.616249e+00 1.128888e-04 9.999992e-01 1.248013e-03 -1.806336e-01 2.400237e-02 -1.250359e-03 9.997110e-01 -6.884155e-01
9.997392e-01 -5.719425e-06 2.283609e-02 2.588579e+00 3.017312e-05 9.999994e-01 -1.070442e-03 -1.751774e-01 -2.283612e-02 1.070856e-03 9.997386e-01 -9.867599e-01
9.997156e-01 -8.477281e-05 -2.384905e-02 2.507100e+00 1.137016e-04 9.999993e-01 1.211600e-03 -1.671088e-01 2.384889e-02 -1.213963e-03 9.997147e-01 -1.357422e+00
9.997603e-01 -1.567744e-05 2.189280e-02 2.533624e+00 3.768965e-05 9.999995e-01 -1.004991e-03 -1.623954e-01 -2.189282e-02 1.005579e-03 9.997597e-01 -1.686096e+00
9.997094e-01 -4.585406e-05 -2.410715e-02 2.626691e+00 7.410270e-05 9.999993e-01 1.170862e-03 -1.567754e-01 2.410703e-02 -1.172304e-03 9.997086e-01 -2.168501e+00
9.997355e-01 -6.122573e-05 2.299955e-02 2.534297e+00 8.528655e-05 9.999995e-01 -1.045114e-03 -1.475889e-01 -2.299952e-02 1.046803e-03 9.997348e-01 -2.589793e+00
9.997185e-01 -2.475120e-05 -2.372739e-02 2.423576e+00 5.267973e-05 9.999993e-01 1.176392e-03 -1.375371e-01 2.372730e-02 -1.177306e-03 9.997177e-01 -3.025626e+00
9.997415e-01 -2.599242e-05 2.273550e-02 2.422430e+00 4.896266e-05 9.999995e-01 -1.009717e-03 -1.368546e-01 -2.273552e-02 1.010574e-03 9.997409e-01 -3.112113e+00
9.997040e-01 -6.182609e-05 -2.432749e-02 2.512634e+00 9.187807e-05 9.999992e-01 1.234152e-03 -1.357180e-01 2.432734e-02 -1.236017e-03 9.997032e-01 -3.334327e+00
9.997434e-01 -2.802411e-05 2.265193e-02 2.613055e+00 5.065563e-05 9.999995e-01 -9.984736e-04 -1.346154e-01 -2.265194e-02 9.993691e-04 9.997428e-01 -3.569538e+00
9.997341e-01 1.336431e-05 -2.305772e-02 2.651568e+00 1.293449e-05 9.999993e-01 1.140369e-03 -1.378029e-01 2.305767e-02 -1.140360e-03 9.997334e-01 -3.505931e+00
9.997305e-01 -1.121155e-04 2.321217e-02 2.517081e+00 1.364319e-04 9.999994e-01 -1.045938e-03 -1.288751e-01 -2.321209e-02 1.048828e-03 9.997299e-01 -3.857879e+00
9.997221e-01 -3.449804e-05 -2.357249e-02 2.289019e+00 6.004408e-05 9.999994e-01 1.082972e-03 -1.140903e-01 2.357239e-02 -1.084082e-03 9.997215e-01 -4.407222e+00
9.997439e-01 -1.075118e-04 2.262848e-02 2.152539e+00 1.291853e-04 9.999995e-01 -9.562817e-04 -1.056244e-01 -2.262841e-02 9.589644e-04 9.997434e-01 -4.738785e+00
9.997211e-01 3.698286e-05 -2.361398e-02 2.128268e+00 -1.134956e-05 9.999994e-01 1.085602e-03 -1.081504e-01 2.361395e-02 -1.085027e-03 9.997205e-01 -4.646115e+00
9.997842e-01 -6.718966e-05 2.077166e-02 2.311961e+00 8.814056e-05 9.999995e-01 -1.007657e-03 -1.274875e-01 -2.077163e-02 1.009275e-03 9.997836e-01 -3.986390e+00
9.997170e-01 8.713113e-06 -2.378997e-02 2.471585e+00 2.060374e-05 9.999992e-01 1.232029e-03 -1.265483e-01 2.378992e-02 -1.232166e-03 9.997161e-01 -4.303768e+00
9.997487e-01 -8.733934e-05 2.241806e-02 2.440125e+00 1.115328e-04 9.999994e-01 -1.077890e-03 -1.173962e-01 -2.241800e-02 1.080124e-03 9.997480e-01 -4.801239e+00
9.997189e-01 4.322478e-05 -2.370893e-02 2.572544e+00 -1.582983e-05 9.999993e-01 1.155610e-03 -1.333862e-01 2.370891e-02 -1.154906e-03 9.997181e-01 -4.219251e+00
9.997569e-01 -1.013989e-04 2.204848e-02 2.732648e+00 1.224914e-04 9.999995e-01 -9.552343e-04 -1.397653e-01 -2.204842e-02 9.577071e-04 9.997564e-01 -4.147756e+00
9.997307e-01 3.916902e-05 -2.320675e-02 2.867636e+00 -1.189897e-05 9.999993e-01 1.175180e-03 -1.396382e-01 2.320673e-02 -1.174583e-03 9.997299e-01 -4.385685e+00
9.997739e-01 -1.836448e-04 2.126197e-02 2.930428e+00 2.028062e-04 9.999996e-01 -8.989893e-04 -1.427834e-01 -2.126184e-02 9.031025e-04 9.997734e-01 -4.349115e+00
9.997880e-01 2.232184e-04 -2.059104e-02 3.198551e+00 -2.072394e-04 9.999997e-01 7.780928e-04 -1.639335e-01 2.059116e-02 -7.736562e-04 9.997876e-01 -3.709210e+00
9.997010e-01 -1.681676e-04 2.445056e-02 3.416551e+00 1.932345e-04 9.999995e-01 -1.022797e-03 -1.856305e-01 -2.445042e-02 1.027220e-03 9.997004e-01 -2.961513e+00
9.996631e-01 1.026499e-04 -2.595369e-02 3.505107e+00 -7.044729e-05 9.999992e-01 1.241643e-03 -1.938560e-01 2.595375e-02 -1.239392e-03 9.996623e-01 -2.700326e+00
9.996525e-01 -1.874590e-04 2.635899e-02 3.482843e+00 2.164104e-04 9.999994e-01 -1.095453e-03 -1.892126e-01 -2.635882e-02 1.100781e-03 9.996518e-01 -2.964735e+00
9.996606e-01 8.948914e-05 -2.605022e-02 3.266638e+00 -5.864915e-05 9.999993e-01 1.184586e-03 -1.739417e-01 2.605025e-02 -1.182652e-03 9.996598e-01 -3.550426e+00
9.996652e-01 -1.713692e-04 2.587423e-02 3.303669e+00 1.969283e-04 9.999995e-01 -9.852264e-04 -1.736637e-01 -2.587410e-02 9.899963e-04 9.996646e-01 -3.660279e+00
9.996552e-01 1.504897e-04 -2.625896e-02 3.360742e+00 -1.222637e-04 9.999994e-01 1.076470e-03 -1.886455e-01 2.625906e-02 -1.072884e-03 9.996545e-01 -3.019507e+00
9.996707e-01 -2.519211e-04 2.565783e-02 3.347408e+00 2.758957e-04 9.999995e-01 -9.308098e-04 -1.908762e-01 -2.565764e-02 9.375866e-04 9.996703e-01 -2.935345e+00
9.996387e-01 1.065507e-04 -2.687769e-02 3.248633e+00 -7.671888e-05 9.999994e-01 1.110896e-03 -1.827643e-01 2.687774e-02 -1.108428e-03 9.996380e-01 -3.284130e+00
9.996637e-01 -2.188857e-04 2.593066e-02 3.214631e+00 2.428854e-04 9.999995e-01 -9.223352e-04 -1.817893e-01 -2.593050e-02 9.283277e-04 9.996632e-01 -3.345218e+00
9.996370e-01 1.786244e-04 -2.694054e-02 3.275400e+00 -1.493167e-04 9.999994e-01 1.089833e-03 -1.900262e-01 2.694067e-02 -1.085410e-03 9.996364e-01 -3.048447e+00
9.996826e-01 -3.091428e-04 2.518990e-02 3.299653e+00 3.304705e-04 9.999996e-01 -8.424644e-04 -1.878896e-01 -2.518968e-02 8.505261e-04 9.996822e-01 -3.234790e+00
9.996261e-01 1.624532e-04 -2.734172e-02 3.190698e+00 -1.342737e-04 9.999995e-01 1.032431e-03 -1.769530e-01 2.734182e-02 -1.028369e-03 9.996255e-01 -3.725133e+00
9.997628e-01 -3.296786e-04 2.177443e-02 3.178139e+00 3.453450e-04 9.999997e-01 -7.156720e-04 -1.677995e-01 -2.177424e-02 7.230265e-04 9.997626e-01 -4.241719e+00
9.996296e-01 1.689042e-04 -2.721428e-02 3.231044e+00 -1.384992e-04 9.999994e-01 1.119080e-03 -1.646022e-01 2.721440e-02 -1.114892e-03 9.996289e-01 -4.520680e+00
9.997145e-01 -3.028924e-04 2.389112e-02 3.416960e+00 3.222458e-04 9.999996e-01 -8.061648e-04 -1.698943e-01 -2.389092e-02 8.136381e-04 9.997141e-01 -4.531173e+00
9.996297e-01 1.808827e-04 -2.721179e-02 3.489901e+00 -1.527395e-04 9.999995e-01 1.036257e-03 -1.649875e-01 2.721191e-02 -1.031712e-03 9.996291e-01 -4.943386e+00
9.997522e-01 -3.144135e-04 2.225795e-02 3.577722e+00 3.306745e-04 9.999997e-01 -7.268317e-04 -1.613876e-01 -2.225777e-02 7.340164e-04 9.997519e-01 -5.298357e+00
9.996265e-01 2.181265e-04 -2.732638e-02 3.861207e+00 -1.887188e-04 9.999994e-01 1.078691e-03 -1.658728e-01 2.732654e-02 -1.073126e-03 9.996259e-01 -5.477499e+00
9.997365e-01 -3.758636e-04 2.295288e-02 4.070764e+00 3.933861e-04 9.999996e-01 -7.588380e-04 -1.763796e-01 -2.295264e-02 7.676722e-04 9.997362e-01 -5.260730e+00
9.995881e-01 2.663189e-04 -2.869649e-02 4.261777e+00 -2.354076e-04 9.999994e-01 1.080510e-03 -1.900816e-01 2.869670e-02 -1.073305e-03 9.995875e-01 -4.863224e+00
9.998853e-01 -4.807409e-04 1.513865e-02 4.486678e+00 4.859330e-04 9.999998e-01 -3.391939e-04 -2.012382e-01 -1.513854e-02 3.465162e-04 9.998853e-01 -4.615414e+00
9.995541e-01 2.886674e-04 -2.985659e-02 4.717949e+00 -2.550932e-04 9.999993e-01 1.128271e-03 -2.074111e-01 2.985684e-02 -1.120147e-03 9.995535e-01 -4.615651e+00
9.999444e-01 -5.195219e-04 1.052949e-02 4.947634e+00 5.205693e-04 9.999999e-01 -9.657326e-05 -2.144654e-01 -1.052950e-02 1.020542e-04 9.999445e-01 -4.558815e+00
9.989390e-01 3.254412e-04 -4.605158e-02 5.079659e+00 -2.358384e-04 9.999981e-01 1.951091e-03 -2.185743e-01 4.605207e-02 -1.938155e-03 9.989371e-01 -4.487337e+00
9.998695e-01 -5.219528e-04 1.614493e-02 5.244157e+00 5.292271e-04 9.999998e-01 -4.461735e-04 -2.261066e-01 -1.614476e-02 4.546649e-04 9.998695e-01 -4.302713e+00
9.992095e-01 3.266563e-04 -3.975227e-02 5.433266e+00 -2.596042e-04 9.999985e-01 1.691851e-03 -2.313683e-01 3.975270e-02 -1.680189e-03 9.992080e-01 -4.274917e+00
9.999144e-01 -5.210110e-04 1.307174e-02 5.556816e+00 5.253601e-04 9.999998e-01 -3.291152e-04 -2.316099e-01 -1.307163e-02 3.359599e-04 9.999144e-01 -4.410423e+00
9.992968e-01 3.258088e-04 -3.749341e-02 5.758692e+00 -2.657901e-04 9.999987e-01 1.605698e-03 -2.391230e-01 3.749382e-02 -1.594598e-03 9.992955e-01 -4.285043e+00
9.994944e-01 -4.145593e-04 3.179366e-02 5.862942e+00 4.527575e-04 9.999992e-01 -1.194177e-03 -2.509738e-01 -3.179320e-02 1.207973e-03 9.994937e-01 -3.861983e+00
9.994853e-01 4.329772e-04 -3.207816e-02 5.914388e+00 -3.927203e-04 9.999991e-01 1.261186e-03 -2.674784e-01 3.207861e-02 -1.247934e-03 9.994845e-01 -3.144445e+00
9.994931e-01 -4.292513e-04 3.183201e-02 5.954049e+00 4.671351e-04 9.999992e-01 -1.182616e-03 -2.830627e-01 -3.183155e-02 1.196892e-03 9.994924e-01 -2.455790e+00
9.994037e-01 2.747580e-04 -3.452655e-02 5.940207e+00 -2.213929e-04 9.999988e-01 1.549378e-03 -2.849671e-01 3.452686e-02 -1.540805e-03 9.994025e-01 -2.388442e+00
9.995116e-01 -3.477761e-04 3.124707e-02 5.972909e+00 3.854386e-04 9.999992e-01 -1.199220e-03 -2.965734e-01 -3.124670e-02 1.210684e-03 9.995109e-01 -1.892931e+00
9.994473e-01 2.651186e-04 -3.324267e-02 5.968248e+00 -2.176795e-04 9.999990e-01 1.430599e-03 -3.039660e-01 3.324294e-02 -1.422566e-03 9.994462e-01 -1.570853e+00
9.996022e-01 -4.238614e-04 2.819905e-02 5.988595e+00 4.517453e-04 9.999994e-01 -9.823726e-04 -3.095104e-01 -2.819869e-02 9.947263e-04 9.996018e-01 -1.367617e+00
9.992447e-01 2.408128e-04 -3.885922e-02 6.082796e+00 -1.749669e-04 9.999985e-01 1.697807e-03 -3.154092e-01 3.885951e-02 -1.689720e-03 9.992432e-01 -1.233713e+00
9.996513e-01 -4.385605e-04 2.640010e-02 6.171040e+00 4.625278e-04 9.999995e-01 -9.016523e-04 -3.181163e-01 -2.639977e-02 9.135546e-04 9.996510e-01 -1.245995e+00
9.990878e-01 2.597784e-04 -4.270308e-02 6.223041e+00 -1.780877e-04 9.999981e-01 1.916732e-03 -3.225056e-01 4.270342e-02 -1.907373e-03 9.990859e-01 -1.121349e+00
9.996928e-01 -4.725922e-04 2.478044e-02 6.064041e+00 4.957584e-04 9.999994e-01 -9.286142e-04 -3.143697e-01 -2.478006e-02 9.406200e-04 9.996924e-01 -1.386980e+00
9.989556e-01 2.381959e-04 -4.568950e-02 5.997784e+00 -1.379389e-04 9.999976e-01 2.197397e-03 -3.142878e-01 4.568984e-02 -2.188794e-03 9.989532e-01 -1.349294e+00
9.995575e-01 -3.895676e-04 2.974316e-02 5.967643e+00 4.292239e-04 9.999990e-01 -1.326820e-03 -3.092059e-01 -2.974269e-02 1.339005e-03 9.995566e-01 -1.606929e+00
9.994915e-01 2.438059e-04 -3.188535e-02 5.787647e+00 -1.961573e-04 9.999989e-01 1.497408e-03 -2.960214e-01 3.188560e-02 -1.490385e-03 9.994903e-01 -2.138795e+00
9.995488e-01 -4.526968e-04 3.003298e-02 5.574603e+00 4.928093e-04 9.999990e-01 -1.328126e-03 -2.844629e-01 -3.003242e-02 1.342333e-03 9.995479e-01 -2.541780e+00
9.993748e-01 2.073896e-04 -3.535359e-02 5.358512e+00 -1.446043e-04 9.999984e-01 1.778395e-03 -2.773879e-01 3.535382e-02 -1.772165e-03 9.993732e-01 -2.723753e+00
9.995238e-01 -4.394967e-04 3.085444e-02 5.153811e+00 4.820012e-04 9.999989e-01 -1.370056e-03 -2.724623e-01 -3.085388e-02 1.384281e-03 9.995229e-01 -2.810181e+00
9.993467e-01 2.308218e-04 -3.614018e-02 5.004298e+00 -1.657420e-04 9.999984e-01 1.803669e-03 -2.651494e-01 3.614046e-02 -1.796495e-03 9.993450e-01 -3.060838e+00
9.997061e-01 -4.105589e-04 2.423844e-02 4.818159e+00 4.389113e-04 9.999992e-01 -1.164290e-03 -2.511828e-01 -2.423802e-02 1.174592e-03 9.997054e-01 -3.610055e+00
9.996078e-01 1.767044e-04 -2.800446e-02 4.528443e+00 -1.374418e-04 9.999990e-01 1.403824e-03 -2.358947e-01 2.800460e-02 -1.399418e-03 9.996067e-01 -4.133870e+00
9.996624e-01 -4.093650e-04 2.597900e-02 4.267100e+00 4.424070e-04 9.999991e-01 -1.266012e-03 -2.238743e-01 -2.597854e-02 1.277085e-03 9.996616e-01 -4.524333e+00
9.995995e-01 2.056327e-04 -2.829602e-02 4.065204e+00 -1.634537e-04 9.999989e-01 1.492833e-03 -2.156637e-01 2.829622e-02 -1.487604e-03 9.995984e-01 -4.782451e+00
9.996576e-01 -2.222946e-04 2.616332e-02 4.111877e+00 2.557772e-04 9.999992e-01 -1.276288e-03 -2.276659e-01 -2.616309e-02 1.282550e-03 9.996568e-01 -4.301603e+00
9.995599e-01 2.548345e-04 -2.966202e-02 4.356962e+00 -2.173248e-04 9.999992e-01 1.267687e-03 -2.517693e-01 2.966224e-02 -1.260676e-03 9.995591e-01 -3.508116e+00
9.996448e-01 -2.675063e-04 2.664836e-02 4.682320e+00 3.011838e-04 9.999992e-01 -1.259645e-03 -2.708796e-01 -2.664808e-02 1.267230e-03 9.996440e-01 -3.059924e+00
9.995763e-01 2.270123e-04 -2.910713e-02 4.911548e+00 -1.876703e-04 9.999991e-01 1.354249e-03 -2.860152e-01 2.910734e-02 -1.348206e-03 9.995753e-01 -2.662206e+00
9.996367e-01 -2.625284e-04 2.695019e-02 5.173657e+00 2.975759e-04 9.999991e-01 -1.296329e-03 -3.021956e-01 -2.694990e-02 1.303884e-03 9.996359e-01 -2.259082e+00
9.995674e-01 2.499854e-04 -2.940882e-02 5.493235e+00 -2.097510e-04 9.999990e-01 1.371081e-03 -3.151769e-01 2.940905e-02 -1.364313e-03 9.995664e-01 -2.088376e+00
9.996482e-01 -2.639490e-04 2.652079e-02 5.817283e+00 2.948621e-04 9.999993e-01 -1.161586e-03 -3.186348e-01 -2.652055e-02 1.169003e-03 9.996475e-01 -2.402681e+00
9.995961e-01 2.263301e-04 -2.841737e-02 5.937555e+00 -1.879695e-04 9.999991e-01 1.352455e-03 -3.155856e-01 2.841757e-02 -1.346561e-03 9.995952e-01 -2.775290e+00
9.996609e-01 -2.760902e-04 2.603920e-02 6.096782e+00 3.061438e-04 9.999993e-01 -1.150059e-03 -3.137000e-01 -2.603895e-02 1.157648e-03 9.996602e-01 -3.142113e+00
9.995931e-01 1.665655e-04 -2.852152e-02 6.179673e+00 -1.260767e-04 9.999990e-01 1.421270e-03 -3.131537e-01 2.852165e-02 -1.417089e-03 9.995921e-01 -3.332854e+00
9.999954e-01 -3.993863e-04 2.987472e-03 6.408520e+00 3.998491e-04 9.999999e-01 -1.531648e-04 -3.268199e-01 -2.987493e-03 1.543652e-04 9.999954e-01 -2.957607e+00
9.997811e-01 2.760181e-04 -2.092034e-02 6.964911e+00 -2.661003e-04 9.999999e-01 4.766911e-04 -3.580975e-01 2.092038e-02 -4.710133e-04 9.997810e-01 -2.211701e+00
9.998326e-01 -1.605883e-04 1.829426e-02 7.462433e+00 1.770146e-04 9.999996e-01 -8.960812e-04 -3.962285e-01 -1.829420e-02 8.991760e-04 9.998322e-01 -1.115633e+00
9.997714e-01 1.771610e-04 -2.138148e-02 7.654864e+00 -1.586078e-04 9.999996e-01 8.692545e-04 -4.210654e-01 2.138154e-02 -8.656579e-04 9.997709e-01 -2.136932e-01
9.998450e-01 -1.550783e-04 1.760565e-02 7.877065e+00 1.708156e-04 9.999996e-01 -8.921753e-04 -4.465010e-01 -1.760559e-02 8.950508e-04 9.998445e-01 6.803327e-01
9.997928e-01 1.965816e-04 -2.035381e-02 8.264034e+00 -1.825973e-04 9.999997e-01 6.887508e-04 -4.758231e-01 2.035385e-02 -6.848851e-04 9.997925e-01 1.526015e+00
9.998439e-01 -1.653591e-04 1.766542e-02 8.588544e+00 1.801836e-04 9.999996e-01 -8.373936e-04 -5.030968e-01 -1.766535e-02 8.404523e-04 9.998435e-01 2.363088e+00
9.997098e-01 2.024826e-04 -2.408754e-02 9.037781e+00 -1.856376e-04 9.999997e-01 7.014171e-04 -5.389432e-01 2.408759e-02 -6.967356e-04 9.997095e-01 3.433716e+00
9.999054e-01 -9.444688e-05 1.375492e-02 9.654021e+00 1.067067e-04 9.999996e-01 -8.903099e-04 -5.882791e-01 -1.375491e-02 8.916997e-04 9.999049e-01 4.898174e+00
9.997795e-01 2.787227e-04 -2.099355e-02 1.035840e+01 -2.711666e-04 9.999999e-01 3.626077e-04 -6.423557e-01 2.099357e-02 -3.568287e-04 9.997795e-01 6.459629e+00
9.999055e-01 -8.427528e-05 1.374481e-02 1.108016e+01 9.659327e-05 9.999996e-01 -8.952692e-04 -6.964344e-01 -1.374481e-02 8.965185e-04 9.999051e-01 7.999574e+00
9.997132e-01 2.060729e-04 -2.394688e-02 1.173624e+01 -1.911028e-04 9.999998e-01 6.272821e-04 -7.487637e-01 2.394691e-02 -6.225197e-04 9.997130e-01 9.548013e+00
9.999231e-01 -9.126609e-05 1.239560e-02 1.237497e+01 1.011038e-04 9.999997e-01 -7.927314e-04 -7.998346e-01 -1.239561e-02 7.939299e-04 9.999228e-01 1.106325e+01
9.991551e-01 6.297433e-05 -4.109854e-02 1.297517e+01 1.512058e-06 9.999988e-01 1.568950e-03 -8.455900e-01 4.109850e-02 -1.567680e-03 9.991538e-01 1.242365e+01
9.999096e-01 -9.999914e-05 1.344692e-02 1.347262e+01 1.109472e-04 9.999997e-01 -8.131360e-04 -8.848176e-01 -1.344692e-02 8.145605e-04 9.999092e-01 1.361909e+01
9.997548e-01 1.919299e-04 -2.214051e-02 1.399775e+01 -1.783342e-04 9.999998e-01 6.158658e-04 -9.304049e-01 2.214054e-02 -6.117603e-04 9.997546e-01 1.503448e+01
9.999278e-01 -9.465711e-05 1.201240e-02 1.455619e+01 1.036969e-04 9.999997e-01 -7.515944e-04 -9.776899e-01 -1.201242e-02 7.527920e-04 9.999275e-01 1.648103e+01
9.997496e-01 1.663676e-04 -2.237495e-02 1.508637e+01 -1.513970e-04 9.999998e-01 6.706030e-04 -1.022637e+00 2.237497e-02 -6.670415e-04 9.997494e-01 1.785859e+01
9.999357e-01 -8.944231e-05 1.134107e-02 1.564396e+01 9.802778e-05 9.999997e-01 -7.561207e-04 -1.068556e+00 -1.134109e-02 7.571899e-04 9.999353e-01 1.924551e+01
9.997191e-01 1.254248e-04 -2.370074e-02 1.620286e+01 -1.081711e-04 9.999997e-01 7.291016e-04 -1.113212e+00 2.370073e-02 -7.263269e-04 9.997188e-01 2.057624e+01
9.999560e-01 -8.976845e-05 9.374879e-03 1.675429e+01 9.591421e-05 9.999998e-01 -6.546773e-04 -1.157665e+00 -9.374910e-03 6.555537e-04 9.999558e-01 2.191208e+01
9.996339e-01 1.168486e-04 -2.705356e-02 1.734234e+01 -9.532282e-05 9.999997e-01 7.968141e-04 -1.204737e+00 2.705355e-02 -7.939376e-04 9.996336e-01 2.332675e+01
9.999190e-01 -5.038706e-05 1.272447e-02 1.795129e+01 6.074523e-05 9.999997e-01 -8.133238e-04 -1.252529e+00 -1.272452e-02 8.140368e-04 9.999186e-01 2.473916e+01
9.995883e-01 9.458638e-05 -2.869025e-02 1.857717e+01 -7.047099e-05 9.999996e-01 8.414135e-04 -1.301077e+00 2.869023e-02 -8.390393e-04 9.995879e-01 2.616809e+01
9.999277e-01 -1.474469e-05 1.201922e-02 1.916219e+01 2.396410e-05 9.999997e-01 -7.665582e-04 -1.352004e+00 -1.201930e-02 7.667967e-04 9.999274e-01 2.775675e+01
9.993746e-01 5.930088e-05 -3.536008e-02 1.970756e+01 -1.713545e-05 9.999993e-01 1.192644e-03 -1.402179e+00 3.536003e-02 -1.191287e-03 9.993739e-01 2.938051e+01
9.999523e-01 2.470222e-05 9.767703e-03 2.032625e+01 -1.637427e-05 9.999996e-01 -8.522263e-04 -1.458766e+00 -9.767816e-03 8.520315e-04 9.999519e-01 3.120415e+01
9.996236e-01 7.993118e-05 -2.743191e-02 2.094809e+01 -5.640172e-05 9.999996e-01 8.583569e-04 -1.515163e+00 2.743187e-02 -8.564808e-04 9.996232e-01 3.299498e+01
9.999446e-01 2.513702e-05 1.052714e-02 2.157300e+01 -1.590471e-05 9.999996e-01 -8.766545e-04 -1.569695e+00 -1.052725e-02 8.764442e-04 9.999441e-01 3.469656e+01
9.995477e-01 4.915343e-05 -3.007168e-02 2.217006e+01 -1.797191e-05 9.999995e-01 1.037030e-03 -1.623109e+00 3.007162e-02 -1.036015e-03 9.995471e-01 3.638957e+01
9.999665e-01 2.871036e-05 8.185824e-03 2.276553e+01 -2.212905e-05 9.999997e-01 -8.035107e-04 -1.676780e+00 -8.185942e-03 8.033083e-04 9.999661e-01 3.810191e+01
9.995059e-01 4.139074e-05 -3.143124e-02 2.339428e+01 -6.732037e-06 9.999994e-01 1.102644e-03 -1.732001e+00 3.143117e-02 -1.101882e-03 9.995053e-01 3.984515e+01
9.999906e-01 2.358443e-07 4.321584e-03 2.403428e+01 2.499641e-06 9.999998e-01 -6.318654e-04 -1.784327e+00 -4.321682e-03 6.318759e-04 9.999904e-01 4.145072e+01
9.997985e-01 9.296246e-05 -2.007269e-02 2.468106e+01 -8.185970e-05 9.999998e-01 5.537140e-04 -1.839198e+00 2.007264e-02 -5.519537e-04 9.997983e-01 4.313601e+01
9.999627e-01 2.925278e-05 8.635276e-03 2.530003e+01 -2.294147e-05 9.999997e-01 -7.304093e-04 -1.890899e+00 -8.635393e-03 7.301895e-04 9.999624e-01 4.470620e+01
9.995986e-01 5.043135e-05 -2.832796e-02 2.596541e+01 -2.788372e-05 9.999997e-01 7.961766e-04 -1.947504e+00 2.832789e-02 -7.950617e-04 9.995983e-01 4.645641e+01
9.999965e-01 4.605577e-05 2.631387e-03 2.657195e+01 -4.502552e-05 9.999999e-01 -3.896859e-04 -2.005096e+00 -2.631504e-03 3.895715e-04 9.999964e-01 4.833803e+01
9.996143e-01 2.703825e-05 -2.776973e-02 2.712658e+01 -4.753663e-06 9.999997e-01 8.023659e-04 -2.060714e+00 2.776965e-02 -8.019190e-04 9.996140e-01 5.019667e+01
9.999998e-01 2.178708e-05 6.238416e-04 2.764725e+01 -2.166006e-05 1.000000e+00 -1.953569e-04 -2.113003e+00 -6.239457e-04 1.953487e-04 9.999997e-01 5.195202e+01
9.996165e-01 1.185409e-05 -2.769081e-02 2.814316e+01 1.083025e-05 9.999997e-01 8.188655e-04 -2.163593e+00 2.769071e-02 -8.188460e-04 9.996162e-01 5.366256e+01
9.999998e-01 3.186628e-05 4.892512e-04 2.867302e+01 -3.173769e-05 1.000000e+00 -2.518879e-04 -2.216398e+00 -4.893591e-04 2.518775e-04 9.999998e-01 5.543264e+01
9.996773e-01 4.722180e-05 -2.539964e-02 2.927181e+01 -3.211987e-05 9.999998e-01 5.947709e-04 -2.273749e+00 2.539956e-02 -5.937580e-04 9.996772e-01 5.731270e+01
