9.999949e-01 1.043287e-05 -3.195932e-03 -2.581609e-02 -9.738999e-06 1.000000e+00 2.171197e-04 -2.430281e-02 3.195934e-03 -2.170870e-04 9.999948e-01 9.940695e-01
9.999996e-01 -5.003553e-05 -8.419407e-04 -3.806635e-02 5.009061e-05 1.000000e+00 6.537675e-05 -5.265356e-02 8.419367e-04 -6.541837e-05 9.999995e-01 2.148944e+00
9.999711e-01 1.650721e-04 -7.601729e-03 -6.393131e-02 -1.622263e-04 9.999999e-01 3.749754e-04 -8.258960e-02 7.601789e-03 -3.737308e-04 9.999709e-01 3.370879e+00
9.998408e-01 8.074871e-04 -1.782230e-02 -9.775820e-02 -7.933764e-04 9.999994e-01 7.987979e-04 -1.041795e-01 1.782293e-02 -7.845303e-04 9.998408e-01 4.261116e+00
9.999984e-01 -1.498752e-04 -1.755106e-03 -1.345057e-01 1.501168e-04 1.000000e+00 1.374847e-04 -1.288365e-01 1.755080e-03 -1.377472e-04 9.999984e-01 5.290150e+00
9.998515e-01 7.961988e-04 -1.721424e-02 -1.799552e-01 -7.828900e-04 9.999994e-01 7.798453e-04 -1.516836e-01 1.721485e-02 -7.662518e-04 9.998514e-01 6.249625e+00
9.999297e-01 -5.553948e-04 1.184109e-02 -2.059666e-01 5.610684e-04 9.999997e-01 -4.758278e-04 -1.653064e-01 -1.184083e-02 4.824390e-04 9.999297e-01 6.801277e+00
9.996386e-01 1.265561e-03 -2.685112e-02 -2.136662e-01 -1.234125e-03 9.999985e-01 1.187269e-03 -1.788614e-01 2.685257e-02 -1.153701e-03 9.996386e-01 7.327525e+00
9.999047e-01 -7.314994e-04 1.378254e-02 -2.460213e-01 7.389655e-04 9.999996e-01 -5.366188e-04 -1.974134e-01 -1.378215e-02 5.467536e-04 9.999048e-01 8.084521e+00
9.992137e-01 1.876064e-03 -3.960264e-02 -2.818821e-01 -1.808816e-03 9.999969e-01 1.733818e-03 -2.131824e-01 3.960576e-02 -1.660820e-03 9.992139e-01 8.732047e+00
9.992081e-01 -1.896223e-03 3.974306e-02 -3.124415e-01 1.960834e-03 9.999968e-01 -1.586772e-03 -2.335652e-01 -3.973994e-02 1.663446e-03 9.992086e-01 9.584541e+00
9.991992e-01 1.920280e-03 -3.996694e-02 -3.488709e-01 -1.852071e-03 9.999968e-01 1.743606e-03 -2.518849e-01 3.997014e-02 -1.668187e-03 9.991994e-01 1.036022e+01
9.992477e-01 -1.833809e-03 3.873721e-02 -3.972426e-01 1.895735e-03 9.999970e-01 -1.561921e-03 -2.685019e-01 -3.873425e-02 1.634183e-03 9.992481e-01 1.107864e+01
9.991958e-01 1.867925e-03 -4.005261e-02 -4.544989e-01 -1.799201e-03 9.999968e-01 1.751801e-03 -2.880568e-01 4.005574e-02 -1.678328e-03 9.991959e-01 1.193423e+01
9.993420e-01 -1.694873e-03 3.623099e-02 -5.003874e-01 1.749606e-03 9.999974e-01 -1.479026e-03 -3.060485e-01 -3.622840e-02 1.541444e-03 9.993422e-01 1.268632e+01
9.989498e-01 2.505924e-03 -4.574956e-02 -5.878438e-01 -2.419412e-03 9.999952e-01 1.946260e-03 -2.986329e-01 4.575420e-02 -1.833528e-03 9.989509e-01 1.254590e+01
9.993929e-01 -1.578153e-03 3.480328e-02 -7.167921e-01 1.629613e-03 9.999976e-01 -1.450288e-03 -2.898795e-01 -3.480092e-02 1.506125e-03 9.993930e-01 1.239710e+01
9.986969e-01 2.752619e-03 -5.095911e-02 -8.358853e-01 -2.647884e-03 9.999942e-01 2.122675e-03 -2.859831e-01 5.096464e-02 -1.984974e-03 9.986984e-01 1.239702e+01
9.997802e-01 -1.094282e-03 2.093502e-02 -8.309739e-01 1.111567e-03 9.999991e-01 -8.140187e-04 -2.909771e-01 -2.093413e-02 8.371118e-04 9.997804e-01 1.254382e+01
9.984886e-01 2.793494e-03 -5.488816e-02 -7.938812e-01 -2.668102e-03 9.999937e-01 2.357645e-03 -3.015067e-01 5.489437e-02 -2.207633e-03 9.984896e-01 1.285915e+01
9.991338e-01 -1.982610e-03 4.156520e-02 -7.348970e-01 2.052280e-03 9.999966e-01 -1.633562e-03 -3.096417e-01 -4.156185e-02 1.717452e-03 9.991344e-01 1.308658e+01
9.990390e-01 2.363390e-03 -4.376615e-02 -6.385040e-01 -2.281390e-03 9.999955e-01 1.923441e-03 -3.084194e-01 4.377047e-02 -1.821743e-03 9.990399e-01 1.292835e+01
9.996562e-01 -1.225197e-03 2.618947e-02 -5.360096e-01 1.254736e-03 9.999986e-01 -1.111476e-03 -3.072510e-01 -2.618810e-02 1.143956e-03 9.996563e-01 1.276863e+01
9.991364e-01 2.023437e-03 -4.150166e-02 -5.199775e-01 -1.947743e-03 9.999964e-01 1.864234e-03 -3.234113e-01 4.150526e-02 -1.781787e-03 9.991366e-01 1.333783e+01
9.997288e-01 -1.102545e-03 2.326039e-02 -5.393105e-01 1.126382e-03 9.999989e-01 -1.011696e-03 -3.390508e-01 -2.325927e-02 1.037623e-03 9.997288e-01 1.393110e+01
9.992895e-01 1.770728e-03 -3.764818e-02 -5.599865e-01 -1.706610e-03 9.999970e-01 1.735147e-03 -3.555790e-01 3.765111e-02 -1.669662e-03 9.992895e-01 1.458841e+01
9.993464e-01 -1.784679e-03 3.610541e-02 -5.751591e-01 1.840782e-03 9.999971e-01 -1.520668e-03 -3.771017e-01 -3.610262e-02 1.586138e-03 9.993467e-01 1.545844e+01
9.992800e-01 2.069026e-03 -3.788267e-02 -3.335614e-01 -2.000843e-03 9.999963e-01 1.837644e-03 -3.808195e-01 3.788630e-02 -1.760522e-03 9.992804e-01 1.528948e+01
9.993046e-01 -6.256785e-04 3.728038e-02 -1.081855e+00 7.081433e-04 9.999973e-01 -2.198842e-03 -2.925596e-01 -3.727894e-02 2.223715e-03 9.993023e-01 1.328637e+01
9.993311e-01 2.789657e-03 -3.646249e-02 -2.727808e+00 -2.748217e-03 9.999955e-01 1.186586e-03 -1.510011e-01 3.646561e-02 -1.085584e-03 9.993342e-01 1.059836e+01
9.992989e-01 -3.558992e-04 3.743647e-02 -4.561591e+00 4.404636e-04 9.999974e-01 -2.250646e-03 7.881498e-03 -3.743560e-02 2.265559e-03 9.992964e-01 7.567949e+00
9.993207e-01 2.688233e-03 -3.675406e-02 -6.285890e+00 -2.646881e-03 9.999958e-01 1.173709e-03 1.628545e-01 3.675703e-02 -1.075626e-03 9.993236e-01 4.536008e+00
9.993141e-01 -7.736083e-04 3.702413e-02 -7.657136e+00 8.452933e-04 9.999978e-01 -1.920546e-03 2.823154e-01 -3.702260e-02 1.950526e-03 9.993124e-01 2.246275e+00
9.992773e-01 1.690028e-03 -3.797474e-02 -8.318488e+00 -1.631981e-03 9.999975e-01 1.559512e-03 3.254018e-01 3.797724e-02 -1.496410e-03 9.992774e-01 1.643686e+00
9.992881e-01 4.240892e-05 3.772721e-02 -9.539644e+00 4.216339e-05 9.999975e-01 -2.240874e-03 4.282965e-01 -3.772724e-02 2.240870e-03 9.992855e-01 -2.812819e-01
9.992892e-01 1.977781e-03 -3.764434e-02 -1.101667e+01 -1.929566e-03 9.999973e-01 1.317093e-03 5.572881e-01 3.764681e-02 -1.243519e-03 9.992902e-01 -2.755460e+00
9.992758e-01 4.258101e-04 3.804893e-02 -1.280186e+01 -3.356636e-04 9.999971e-01 -2.375577e-03 7.115139e-01 -3.804987e-02 2.361085e-03 9.992730e-01 -5.689230e+00
9.992765e-01 1.720077e-03 -3.799269e-02 -1.439783e+01 -1.669355e-03 9.999977e-01 1.366719e-03 8.472677e-01 3.799492e-02 -1.302307e-03 9.992770e-01 -8.245022e+00
9.992926e-01 4.110312e-05 3.760835e-02 -1.564565e+01 3.645407e-05 9.999979e-01 -2.061541e-03 9.517619e-01 -3.760839e-02 2.061454e-03 9.992903e-01 -1.019075e+01
9.992865e-01 1.743957e-03 -3.772808e-02 -1.698939e+01 -1.698819e-03 9.999978e-01 1.228419e-03 1.061461e+00 3.773011e-02 -1.163449e-03 9.992872e-01 -1.219146e+01
9.992716e-01 -1.845218e-05 3.816176e-02 -1.830536e+01 9.359206e-05 9.999981e-01 -1.967195e-03 1.164548e+00 -3.816168e-02 1.969334e-03 9.992695e-01 -1.401368e+01
9.992891e-01 1.292124e-03 -3.767849e-02 -1.935957e+01 -1.243363e-03 9.999984e-01 1.317534e-03 1.237025e+00 3.768010e-02 -1.269749e-03 9.992889e-01 -1.512250e+01
9.992464e-01 -2.723102e-04 3.881332e-02 -2.037912e+01 3.478993e-04 9.999981e-01 -1.940760e-03 1.291899e+00 -3.881275e-02 1.952801e-03 9.992445e-01 -1.566681e+01
9.992887e-01 1.320043e-03 -3.768629e-02 -2.138442e+01 -1.272072e-03 9.999984e-01 1.296846e-03 1.350606e+00 3.768791e-02 -1.247983e-03 9.992887e-01 -1.635875e+01
9.992507e-01 -1.945077e-04 3.870345e-02 -2.230090e+01 2.647971e-04 9.999983e-01 -1.810983e-03 1.413336e+00 -3.870306e-02 1.819874e-03 9.992490e-01 -1.730861e+01
9.992599e-01 1.168562e-03 -3.844938e-02 -2.299455e+01 -1.114801e-03 9.999984e-01 1.419643e-03 1.464943e+00 3.845094e-02 -1.375728e-03 9.992594e-01 -1.816811e+01
9.992733e-01 -5.919597e-05 3.811671e-02 -2.370903e+01 1.268734e-04 9.999984e-01 -1.773115e-03 1.523602e+00 -3.811658e-02 1.776662e-03 9.992716e-01 -1.924497e+01
9.992193e-01 1.723304e-03 -3.946807e-02 -2.481887e+01 -1.680466e-03 9.999980e-01 1.118524e-03 1.622451e+00 3.946989e-02 -1.051326e-03 9.992201e-01 -2.116825e+01
9.992970e-01 -2.289873e-04 3.748809e-02 -2.576980e+01 2.887416e-04 9.999987e-01 -1.588549e-03 1.704426e+00 -3.748771e-02 1.598257e-03 9.992957e-01 -2.273351e+01
9.990018e-01 1.489607e-03 -4.464571e-02 -2.636573e+01 -1.422556e-03 9.999978e-01 1.533587e-03 1.756517e+00 4.464786e-02 -1.468545e-03 9.990016e-01 -2.374043e+01
9.997991e-01 2.049273e-04 2.004274e-02 -2.668681e+01 -1.913554e-04 9.999998e-01 -6.790632e-04 1.783280e+00 -2.004291e-02 6.750913e-04 9.997988e-01 -2.422820e+01
9.987923e-01 1.646860e-03 -4.910479e-02 -2.692629e+01 -1.564270e-03 9.999973e-01 1.720302e-03 1.800963e+00 4.910746e-02 -1.641411e-03 9.987921e-01 -2.452927e+01
9.998556e-01 8.623268e-06 1.699140e-02 -2.704419e+01 -2.537753e-06 9.999999e-01 -3.581730e-04 1.797865e+00 -1.699144e-02 3.580782e-04 9.998555e-01 -2.425452e+01
9.980306e-01 2.235827e-03 -6.268982e-02 -2.714066e+01 -2.095372e-03 9.999951e-01 2.306130e-03 1.789965e+00 6.269463e-02 -2.170230e-03 9.980303e-01 -2.385319e+01
9.999754e-01 4.181289e-04 6.998074e-03 -2.725004e+01 -4.188489e-04 9.999999e-01 1.014335e-04 1.784731e+00 -6.998081e-03 -1.043618e-04 9.999754e-01 -2.351843e+01
9.981979e-01 2.099059e-03 -5.997159e-02 -2.733701e+01 -1.973289e-03 9.999957e-01 2.156301e-03 1.775889e+00 5.997580e-02 -2.034073e-03 9.981977e-01 -2.310041e+01
9.999996e-01 8.325859e-04 3.682565e-04 -2.742107e+01 -8.327178e-04 9.999996e-01 3.586846e-04 1.773684e+00 -3.680171e-04 -3.589906e-04 9.999998e-01 -2.292781e+01
9.979641e-01 2.302590e-03 -6.373707e-02 -2.750790e+01 -2.162551e-03 9.999951e-01 2.266037e-03 1.771396e+00 6.374191e-02 -2.123589e-03 9.979641e-01 -2.275308e+01
9.999989e-01 8.652801e-04 -1.230592e-03 -2.761679e+01 -8.646940e-04 9.999995e-01 4.765084e-04 1.769740e+00 1.230935e-03 -4.754430e-04 9.999990e-01 -2.256412e+01
9.979664e-01 2.323871e-03 -6.369901e-02 -2.773331e+01 -2.187055e-03 9.999951e-01 2.217477e-03 1.768156e+00 6.370378e-02 -2.073654e-03 9.979666e-01 -2.237012e+01
9.999997e-01 7.748721e-04 -1.501593e-04 -2.784994e+01 -7.747981e-04 9.999996e-01 4.890094e-04 1.766159e+00 1.504603e-04 -4.888920e-04 9.999998e-01 -2.215861e+01
9.979062e-01 2.426623e-03 -6.463187e-02 -2.795343e+01 -2.289352e-03 9.999950e-01 2.197857e-03 1.764792e+00 6.463680e-02 -2.045289e-03 9.979067e-01 -2.199444e+01
9.999893e-01 5.217313e-04 4.586103e-03 -2.804891e+01 -5.233058e-04 9.999998e-01 3.422647e-04 1.763909e+00 -4.586009e-03 -3.446599e-04 9.999893e-01 -2.184779e+01
9.980688e-01 2.363912e-03 -6.207315e-02 -2.812291e+01 -2.241299e-03 9.999954e-01 2.044845e-03 1.762540e+00 6.207761e-02 -1.901770e-03 9.980694e-01 -2.172300e+01
9.999726e-01 3.291366e-04 7.395013e-03 -2.814069e+01 -3.312744e-04 9.999999e-01 2.879684e-04 1.760951e+00 -7.395008e-03 -2.904092e-04 9.999725e-01 -2.165127e+01
9.982222e-01 2.322190e-03 -5.955639e-02 -2.816238e+01 -2.214238e-03 9.999958e-01 1.878517e-03 1.758529e+00 5.956041e-02 -1.743304e-03 9.982231e-01 -2.155767e+01
9.999906e-01 4.259800e-04 4.314401e-03 -2.822184e+01 -4.279082e-04 9.999998e-01 4.461947e-04 1.756124e+00 -4.314304e-03 -4.480355e-04 9.999905e-01 -2.141754e+01
9.982648e-01 2.316364e-03 -5.883795e-02 -2.827214e+01 -2.213311e-03 9.999959e-01 1.816571e-03 1.754337e+00 5.884182e-02 -1.683191e-03 9.982658e-01 -2.130626e+01
9.998902e-01 -7.771306e-05 1.481544e-02 -2.829208e+01 7.691863e-05 1.000000e+00 5.425421e-05 1.752478e+00 -1.481554e-02 -5.310754e-05 9.998902e-01 -2.122390e+01
9.986188e-01 2.073454e-03 -5.249929e-02 -2.820499e+01 -1.993644e-03 9.999968e-01 1.572518e-03 1.749175e+00 5.250228e-02 -1.465680e-03 9.986197e-01 -2.123842e+01
9.996105e-01 -6.537006e-04 2.789958e-02 -2.801322e+01 6.659455e-04 9.999997e-01 -4.295663e-04 1.752532e+00 -2.789938e-02 4.479797e-04 9.996106e-01 -2.157323e+01
9.991638e-01 1.528803e-03 -4.085592e-02 -2.798528e+01 -1.488420e-03 9.999984e-01 1.018792e-03 1.753320e+00 4.085731e-02 -9.571284e-04 9.991645e-01 -2.162200e+01
9.996941e-01 -6.135766e-04 2.472295e-02 -2.796236e+01 6.192572e-04 9.999998e-01 -2.220749e-04 1.739334e+00 -2.472290e-02 2.373179e-04 9.996943e-01 -2.114800e+01
9.986383e-01 1.964023e-03 -5.212987e-02 -2.794399e+01 -1.890818e-03 9.999972e-01 1.453545e-03 1.726879e+00 5.213247e-02 -1.352997e-03 9.986392e-01 -2.071836e+01
9.977848e-01 -2.143440e-03 6.648880e-02 -2.789526e+01 2.266730e-03 9.999958e-01 -1.778900e-03 1.709205e+00 -6.648481e-02 1.925673e-03 9.977855e-01 -2.009537e+01
9.991714e-01 1.630800e-03 -4.066552e-02 -2.784291e+01 -1.592333e-03 9.999983e-01 9.782853e-04 1.689382e+00 4.066694e-02 -9.127207e-04 9.991723e-01 -1.935624e+01
9.976399e-01 -2.149860e-03 6.862950e-02 -2.779902e+01 2.280279e-03 9.999957e-01 -1.822036e-03 1.671182e+00 -6.862539e-02 1.974231e-03 9.976405e-01 -1.866861e+01
9.991485e-01 1.627098e-03 -4.122629e-02 -2.772421e+01 -1.587983e-03 9.999983e-01 9.815101e-04 1.651296e+00 4.122772e-02 -9.152068e-04 9.991493e-01 -1.796403e+01
9.975898e-01 -2.133259e-03 6.935439e-02 -2.764829e+01 2.265445e-03 9.999958e-01 -1.827331e-03 1.634254e+00 -6.935030e-02 1.980046e-03 9.975903e-01 -1.737541e+01
9.988280e-01 1.757903e-03 -4.836750e-02 -2.758611e+01 -1.700057e-03 9.999978e-01 1.237074e-03 1.616669e+00 4.836947e-02 -1.153396e-03 9.988288e-01 -1.675302e+01
9.976315e-01 -2.119116e-03 6.875117e-02 -2.755391e+01 2.249167e-03 9.999958e-01 -1.814248e-03 1.597542e+00 -6.874713e-02 1.964585e-03 9.976321e-01 -1.602294e+01
9.985374e-01 1.822309e-03 -5.403374e-02 -2.749355e+01 -1.745097e-03 9.999974e-01 1.476089e-03 1.578069e+00 5.403619e-02 -1.379635e-03 9.985380e-01 -1.532941e+01
9.975112e-01 -2.068122e-03 7.047727e-02 -2.727747e+01 2.203780e-03 9.999959e-01 -1.847132e-03 1.556683e+00 -7.047325e-02 1.997853e-03 9.975116e-01 -1.479482e+01
9.987300e-01 1.738189e-03 -5.035265e-02 -2.708838e+01 -1.672604e-03 9.999977e-01 1.344596e-03 1.538057e+00 5.035478e-02 -1.258668e-03 9.987305e-01 -1.432056e+01
9.978707e-01 -1.956343e-03 6.519378e-02 -2.694631e+01 2.071387e-03 9.999964e-01 -1.697086e-03 1.519352e+00 -6.519032e-02 1.828514e-03 9.978711e-01 -1.378660e+01
9.984841e-01 1.795779e-03 -5.501074e-02 -2.682084e+01 -1.714841e-03 9.999974e-01 1.518463e-03 1.499296e+00 5.501323e-02 -1.421825e-03 9.984845e-01 -1.317933e+01
9.985679e-01 -1.509391e-03 5.347725e-02 -2.662668e+01 1.580718e-03 9.999979e-01 -1.291503e-03 1.479280e+00 -5.347528e-02 1.374187e-03 9.985682e-01 -1.270936e+01
9.979178e-01 2.238030e-03 -6.445919e-02 -2.647188e+01 -2.119333e-03 9.999959e-01 1.909735e-03 1.461851e+00 6.446311e-02 -1.769147e-03 9.979185e-01 -1.229473e+01
9.988371e-01 -1.310189e-03 4.819412e-02 -2.644055e+01 1.364683e-03 9.999985e-01 -1.097825e-03 1.446626e+00 -4.819270e-02 1.162319e-03 9.988373e-01 -1.179514e+01
9.970844e-01 2.807033e-03 -7.625394e-02 -2.642904e+01 -2.631704e-03 9.999937e-01 2.399664e-03 1.434328e+00 7.626010e-02 -2.191989e-03 9.970855e-01 -1.137934e+01
9.989618e-01 -1.151975e-03 4.554118e-02 -2.640751e+01 1.197809e-03 9.999988e-01 -9.791518e-04 1.426213e+00 -4.554009e-02 1.032686e-03 9.989619e-01 -1.113366e+01
9.980241e-01 2.100843e-03 -6.279644e-02 -2.639853e+01 -1.990915e-03 9.999964e-01 1.813062e-03 1.412927e+00 6.279993e-02 -1.684456e-03 9.980246e-01 -1.066107e+01
9.989182e-01 -1.182688e-03 4.648552e-02 -2.639144e+01 1.231141e-03 9.999987e-01 -1.013701e-03 1.399414e+00 -4.648436e-02 1.069836e-03 9.989184e-01 -1.019490e+01
9.976833e-01 2.437335e-03 -6.798495e-02 -2.644371e+01 -2.308120e-03 9.999954e-01 1.979114e-03 1.393255e+00 6.798936e-02 -1.817611e-03 9.976843e-01 -9.913059e+00
9.989711e-01 -1.198827e-03 4.533369e-02 -2.650261e+01 1.241941e-03 9.999988e-01 -9.228618e-04 1.385804e+00 -4.533263e-02 9.782151e-04 9.989714e-01 -9.565796e+00
9.985020e-01 1.740800e-03 -5.468693e-02 -2.661351e+01 -1.667421e-03 9.999976e-01 1.387397e-03 1.374938e+00 5.468912e-02 -1.294132e-03 9.985025e-01 -9.004013e+00
9.986982e-01 -1.382407e-03 5.098848e-02 -2.678150e+01 1.444788e-03 9.999983e-01 -1.186580e-03 1.368960e+00 -5.098685e-02 1.258704e-03 9.986985e-01 -8.542278e+00
9.986276e-01 1.634696e-03 -5.234621e-02 -2.693036e+01 -1.568811e-03 9.999979e-01 1.299692e-03 1.362294e+00 5.234813e-02 -1.215786e-03 9.986281e-01 -8.080053e+00
9.987290e-01 -1.392933e-03 5.038165e-02 -2.707397e+01 1.452790e-03 9.999983e-01 -1.151461e-03 1.353987e+00 -5.038005e-02 1.223192e-03 9.987293e-01 -7.555228e+00
9.987195e-01 1.529080e-03 -5.056653e-02 -2.725900e+01 -1.471134e-03 9.999982e-01 1.183125e-03 1.344391e+00 5.056815e-02 -1.107219e-03 9.987199e-01 -6.899077e+00
9.987378e-01 -1.555498e-03 5.020350e-02 -2.733675e+01 1.610503e-03 9.999981e-01 -1.055193e-03 1.324021e+00 -5.020187e-02 1.134715e-03 9.987384e-01 -5.965654e+00
9.987124e-01 1.489748e-03 -5.070783e-02 -2.740394e+01 -1.430442e-03 9.999982e-01 1.205814e-03 1.301069e+00 5.070944e-02 -1.131726e-03 9.987127e-01 -4.941199e+00
9.987283e-01 -1.349394e-03 5.039714e-02 -2.756556e+01 1.409052e-03 9.999983e-01 -1.148225e-03 1.290952e+00 -5.039560e-02 1.217778e-03 9.987285e-01 -4.302244e+00
9.987152e-01 1.333448e-03 -5.065649e-02 -2.762126e+01 -1.270118e-03 9.999984e-01 1.282335e-03 1.270719e+00 5.065802e-02 -1.216346e-03 9.987153e-01 -3.410905e+00
9.987549e-01 -1.244467e-03 4.986897e-02 -2.769979e+01 1.303726e-03 9.999985e-01 -1.155765e-03 1.255874e+00 -4.986755e-02 1.219343e-03 9.987550e-01 -2.713387e+00
9.987105e-01 1.253455e-03 -5.075190e-02 -2.775385e+01 -1.188286e-03 9.999984e-01 1.314204e-03 1.235899e+00 5.075337e-02 -1.252201e-03 9.987104e-01 -1.839038e+00
9.987264e-01 -1.312114e-03 5.043594e-02 -2.782289e+01 1.374139e-03 9.999983e-01 -1.195112e-03 1.213737e+00 -5.043439e-02 1.262897e-03 9.987265e-01 -8.440556e-01
9.987210e-01 1.378773e-03 -5.054155e-02 -2.794093e+01 -1.316234e-03 9.999983e-01 1.270628e-03 1.199503e+00 5.054311e-02 -1.202478e-03 9.987211e-01 -1.026760e-01
9.987324e-01 -1.390380e-03 5.031418e-02 -2.798952e+01 1.449426e-03 9.999983e-01 -1.137047e-03 1.179971e+00 -5.031262e-02 1.208533e-03 9.987327e-01 7.478485e-01
9.987368e-01 1.301113e-03 -5.023030e-02 -2.804067e+01 -1.239049e-03 9.999984e-01 1.266685e-03 1.156363e+00 5.023177e-02 -1.202846e-03 9.987368e-01 1.776202e+00
9.987538e-01 -1.340410e-03 4.989024e-02 -2.808541e+01 1.398514e-03 9.999984e-01 -1.129742e-03 1.135343e+00 -4.988874e-02 1.198108e-03 9.987540e-01 2.682818e+00
9.987228e-01 1.377321e-03 -5.050535e-02 -2.813551e+01 -1.314457e-03 9.999983e-01 1.277867e-03 1.117704e+00 5.050693e-02 -1.209847e-03 9.987229e-01 3.453084e+00
9.987254e-01 -1.346935e-03 5.045556e-02 -2.821531e+01 1.408186e-03 9.999983e-01 -1.178418e-03 1.101269e+00 -5.045399e-02 1.247968e-03 9.987256e-01 4.224743e+00
9.987490e-01 1.357489e-03 -4.998487e-02 -2.829537e+01 -1.296290e-03 9.999984e-01 1.256735e-03 1.084512e+00 4.998640e-02 -1.190368e-03 9.987491e-01 5.013330e+00
9.987646e-01 -1.378318e-03 4.967171e-02 -2.834309e+01 1.435820e-03 9.999983e-01 -1.121961e-03 1.064567e+00 -4.967018e-02 1.191895e-03 9.987649e-01 5.879130e+00
9.987603e-01 1.350787e-03 -4.975825e-02 -2.839579e+01 -1.290097e-03 9.999984e-01 1.251778e-03 1.044153e+00 4.975976e-02 -1.186032e-03 9.987605e-01 6.773744e+00
9.987650e-01 -1.377245e-03 4.966339e-02 -2.844908e+01 1.435248e-03 9.999983e-01 -1.132279e-03 1.024337e+00 -4.966185e-02 1.202161e-03 9.987653e-01 7.644225e+00
9.987757e-01 1.345490e-03 -4.944887e-02 -2.850583e+01 -1.285736e-03 9.999984e-01 1.240178e-03 1.004534e+00 4.945036e-02 -1.175081e-03 9.987758e-01 8.520905e+00
9.986627e-01 -1.454870e-03 5.167886e-02 -2.856047e+01 1.519544e-03 9.999981e-01 -1.212177e-03 9.831230e-01 -5.167709e-02 1.289085e-03 9.986630e-01 9.465999e+00
9.986704e-01 1.382980e-03 -5.153059e-02 -2.861917e+01 -1.315627e-03 9.999982e-01 1.340942e-03 9.600163e-01 5.153226e-02 -1.271363e-03 9.986705e-01 1.048491e+01
9.986574e-01 -1.480800e-03 5.177992e-02 -2.866677e+01 1.545878e-03 9.999981e-01 -1.216782e-03 9.360428e-01 -5.177812e-02 1.295195e-03 9.986577e-01 1.152306e+01
9.987310e-01 1.368620e-03 -5.034282e-02 -2.872380e+01 -1.306178e-03 9.999983e-01 1.273216e-03 9.136671e-01 5.034438e-02 -1.205842e-03 9.987311e-01 1.251426e+01
9.987367e-01 -1.494825e-03 5.022730e-02 -2.879315e+01 1.554331e-03 9.999981e-01 -1.145682e-03 8.875989e-01 -5.022559e-02 1.222305e-03 9.987371e-01 1.367564e+01
9.987091e-01 1.331005e-03 -5.077611e-02 -2.886169e+01 -1.266077e-03 9.999983e-01 1.310839e-03 8.583480e-01 5.077767e-02 -1.244860e-03 9.987091e-01 1.496901e+01
9.987270e-01 -1.570578e-03 5.041725e-02 -2.891672e+01 1.630661e-03 9.999980e-01 -1.150569e-03 8.255195e-01 -5.041544e-02 1.231319e-03 9.987275e-01 1.639297e+01
9.987132e-01 1.349485e-03 -5.069534e-02 -2.897935e+01 -1.284352e-03 9.999983e-01 1.317329e-03 7.934777e-01 5.069694e-02 -1.250522e-03 9.987132e-01 1.779588e+01
9.987286e-01 -1.535221e-03 5.038542e-02 -2.904121e+01 1.596038e-03 9.999980e-01 -1.166798e-03 7.635218e-01 -5.038363e-02 1.245732e-03 9.987291e-01 1.910841e+01
9.987221e-01 1.372718e-03 -5.051916e-02 -2.910316e+01 -1.307801e-03 9.999983e-01 1.318012e-03 7.351287e-01 5.052078e-02 -1.250257e-03 9.987222e-01 2.035591e+01
9.986468e-01 -1.575872e-03 5.198076e-02 -2.914731e+01 1.642205e-03 9.999979e-01 -1.233400e-03 7.070313e-01 -5.197881e-02 1.317096e-03 9.986473e-01 2.156731e+01
9.986919e-01 1.372512e-03 -5.111233e-02 -2.918085e+01 -1.304504e-03 9.999982e-01 1.363871e-03 6.774076e-01 5.111401e-02 -1.295410e-03 9.986919e-01 2.282386e+01
9.986690e-01 -1.547636e-03 5.155385e-02 -2.919637e+01 1.612538e-03 9.999980e-01 -1.217339e-03 6.492493e-01 -5.155196e-02 1.298853e-03 9.986694e-01 2.398809e+01
9.987444e-01 1.301789e-03 -5.007754e-02 -2.920860e+01 -1.236604e-03 9.999983e-01 1.332621e-03 6.184434e-01 5.007909e-02 -1.269021e-03 9.987444e-01 2.526272e+01
9.979707e-01 -1.702739e-03 6.365156e-02 -2.918810e+01 1.813277e-03 9.999969e-01 -1.678869e-03 5.904108e-01 -6.364861e-02 1.790881e-03 9.979707e-01 2.638152e+01
9.987690e-01 1.294527e-03 -4.958538e-02 -2.916855e+01 -1.231237e-03 9.999984e-01 1.306888e-03 5.615595e-01 4.958689e-02 -1.244227e-03 9.987690e-01 2.753554e+01
9.981410e-01 -1.656462e-03 6.092369e-02 -2.915996e+01 1.756905e-03 9.999972e-01 -1.595110e-03 5.333640e-01 -6.092097e-02 1.699183e-03 9.981411e-01 2.867792e+01
9.984187e-01 1.442186e-03 -5.619550e-02 -2.918750e+01 -1.355960e-03 9.999978e-01 1.572469e-03 5.061686e-01 5.619755e-02 -1.493782e-03 9.984185e-01 2.982959e+01
9.980816e-01 -1.708465e-03 6.188767e-02 -2.920686e+01 1.813572e-03 9.999970e-01 -1.642205e-03 4.763194e-01 -6.188477e-02 1.751294e-03 9.980817e-01 3.108225e+01
9.983705e-01 1.439547e-03 -5.704641e-02 -2.922345e+01 -1.348650e-03 9.999978e-01 1.631845e-03 4.453291e-01 5.704854e-02 -1.552249e-03 9.983701e-01 3.237831e+01
9.979794e-01 -1.732085e-03 6.351433e-02 -2.920807e+01 1.844855e-03 9.999968e-01 -1.716893e-03 4.146562e-01 -6.351125e-02 1.830600e-03 9.979794e-01 3.361006e+01
9.980438e-01 1.510491e-03 -6.249942e-02 -2.923694e+01 -1.396231e-03 9.999973e-01 1.871798e-03 3.823220e-01 6.250198e-02 -1.780872e-03 9.980432e-01 3.497729e+01
9.979155e-01 -1.676384e-03 6.451201e-02 -2.925710e+01 1.794694e-03 9.999968e-01 -1.775996e-03 3.543355e-01 -6.450892e-02 1.888075e-03 9.979153e-01 3.614625e+01
9.982762e-01 1.489041e-03 -5.867206e-02 -2.927219e+01 -1.390611e-03 9.999976e-01 1.718414e-03 3.302377e-01 5.867438e-02 -1.633860e-03 9.982758e-01 3.714757e+01
9.980104e-01 -1.660986e-03 6.302725e-02 -2.929740e+01 1.774072e-03 9.999969e-01 -1.738299e-03 3.045289e-01 -6.302426e-02 1.846657e-03 9.980102e-01 3.823416e+01
9.983603e-01 1.421185e-03 -5.722508e-02 -2.932131e+01 -1.327313e-03 9.999977e-01 1.678363e-03 2.757551e-01 5.722724e-02 -1.599654e-03 9.983598e-01 3.944837e+01
9.981674e-01 -1.679415e-03 6.048932e-02 -2.935271e+01 1.782637e-03 9.999970e-01 -1.652495e-03 2.445248e-01 -6.048646e-02 1.757299e-03 9.981674e-01 4.077507e+01
9.983497e-01 1.448719e-03 -5.740850e-02 -2.937784e+01 -1.353197e-03 9.999976e-01 1.702726e-03 2.150457e-01 5.741073e-02 -1.622230e-03 9.983493e-01 4.201867e+01
9.982925e-01 -1.632016e-03 5.839035e-02 -2.941390e+01 1.727385e-03 9.999973e-01 -1.582841e-03 1.857165e-01 -5.838770e-02 1.681003e-03 9.982925e-01 4.326773e+01
9.983199e-01 1.449822e-03 -5.792347e-02 -2.946274e+01 -1.351311e-03 9.999976e-01 1.739828e-03 1.554253e-01 5.792576e-02 -1.658631e-03 9.983194e-01 4.457607e+01
9.982901e-01 -1.625248e-03 5.843098e-02 -2.948538e+01 1.720441e-03 9.999973e-01 -1.578865e-03 1.254177e-01 -5.842835e-02 1.676694e-03 9.982901e-01 4.582867e+01
9.983042e-01 1.419551e-03 -5.819510e-02 -2.951340e+01 -1.319155e-03 9.999976e-01 1.763537e-03 9.321702e-02 5.819736e-02 -1.683777e-03 9.983036e-01 4.718327e+01
9.983116e-01 -1.615973e-03 5.806298e-02 -2.956161e+01 1.711506e-03 9.999973e-01 -1.595617e-03 6.125499e-02 -5.806034e-02 1.692300e-03 9.983116e-01 4.855925e+01
9.983264e-01 1.412004e-03 -5.781323e-02 -2.962216e+01 -1.312605e-03 9.999976e-01 1.757231e-03 2.911291e-02 5.781548e-02 -1.678402e-03 9.983258e-01 4.996465e+01
9.983289e-01 -1.548603e-03 5.776543e-02 -2.969443e+01 1.644747e-03 9.999973e-01 -1.616865e-03 6.251908e-04 -5.776287e-02 1.709174e-03 9.983288e-01 5.123203e+01
9.983691e-01 1.435919e-03 -5.707055e-02 -2.975383e+01 -1.338429e-03 9.999976e-01 1.746403e-03 -2.595179e-02 5.707282e-02 -1.667169e-03 9.983686e-01 5.239816e+01
9.983873e-01 -1.417078e-03 5.675146e-02 -2.980159e+01 1.509734e-03 9.999976e-01 -1.589799e-03 -4.634145e-02 -5.674917e-02 1.672916e-03 9.983870e-01 5.327907e+01
9.983655e-01 1.475682e-03 -5.713240e-02 -2.986679e+01 -1.378473e-03 9.999975e-01 1.740825e-03 -6.516266e-02 5.713473e-02 -1.659223e-03 9.983650e-01 5.412136e+01
9.983330e-01 -1.551793e-03 5.769565e-02 -2.992537e+01 1.648057e-03 9.999973e-01 -1.620916e-03 -8.948486e-02 -5.769307e-02 1.713302e-03 9.983328e-01 5.519067e+01
9.982811e-01 1.625409e-03 -5.858451e-02 -2.998749e+01 -1.522611e-03 9.999972e-01 1.799273e-03 -1.085533e-01 5.858718e-02 -1.706977e-03 9.982808e-01 5.603562e+01
9.982765e-01 -1.675765e-03 5.866185e-02 -3.005103e+01 1.775656e-03 9.999971e-01 -1.650718e-03 -1.328437e-01 -5.865901e-02 1.752038e-03 9.982765e-01 5.710977e+01
9.983034e-01 1.618673e-03 -5.820274e-02 -3.011785e+01 -1.517582e-03 9.999973e-01 1.781010e-03 -1.562538e-01 5.820537e-02 -1.689660e-03 9.983031e-01 5.815476e+01
9.982967e-01 -1.630764e-03 5.831848e-02 -3.021388e+01 1.730783e-03 9.999971e-01 -1.664559e-03 -1.777266e-01 -5.831570e-02 1.762662e-03 9.982966e-01 5.916433e+01
9.982970e-01 1.633069e-03 -5.831223e-02 -3.031174e+01 -1.531297e-03 9.999972e-01 1.789926e-03 -1.985682e-01 5.831490e-02 -1.697583e-03 9.982967e-01 6.014930e+01
9.981244e-01 -1.671878e-03 6.119410e-02 -3.040540e+01 1.783720e-03 9.999968e-01 -1.773052e-03 -2.177656e-01 -6.119104e-02 1.878881e-03 9.981242e-01 6.106476e+01
9.982020e-01 1.864963e-03 -5.991045e-02 -3.064902e+01 -1.763546e-03 9.999969e-01 1.745622e-03 -2.237317e-01 5.991342e-02 -1.636827e-03 9.982022e-01 6.167094e+01
9.982160e-01 -1.476850e-03 5.968674e-02 -3.094414e+01 1.583148e-03 9.999972e-01 -1.733649e-03 -2.222077e-01 -5.968411e-02 1.825051e-03 9.982156e-01 6.205204e+01
9.983442e-01 1.481013e-03 -5.750227e-02 -3.104487e+01 -1.382422e-03 9.999975e-01 1.754274e-03 -2.398612e-01 5.750463e-02 -1.671876e-03 9.983438e-01 6.291277e+01
9.980109e-01 -1.611473e-03 6.302009e-02 -3.110575e+01 1.729681e-03 9.999968e-01 -1.821191e-03 -2.620065e-01 -6.301705e-02 1.926575e-03 9.980105e-01 6.390361e+01
9.983371e-01 1.460716e-03 -5.762616e-02 -3.116277e+01 -1.361966e-03 9.999975e-01 1.752848e-03 -2.855761e-01 5.762848e-02 -1.671447e-03 9.983366e-01 6.494561e+01
9.980436e-01 -1.604140e-03 6.250005e-02 -3.123372e+01 1.720540e-03 9.999969e-01 -1.808607e-03 -3.083900e-01 -6.249705e-02 1.912605e-03 9.980433e-01 6.598130e+01
9.985991e-01 1.382270e-03 -5.289390e-02 -3.128501e+01 -1.299929e-03 9.999979e-01 1.591067e-03 -3.293631e-01 5.289589e-02 -1.520078e-03 9.985988e-01 6.691529e+01
9.980510e-01 -1.614964e-03 6.238213e-02 -3.132520e+01 1.731617e-03 9.999969e-01 -1.815935e-03 -3.511985e-01 -6.237910e-02 1.920420e-03 9.980506e-01 6.786789e+01
9.986942e-01 1.342508e-03 -5.106885e-02 -3.135502e+01 -1.265711e-03 9.999980e-01 1.536082e-03 -3.720652e-01 5.107072e-02 -1.469436e-03 9.986939e-01 6.876567e+01
9.983232e-01 -1.534199e-03 5.786428e-02 -3.139354e+01 1.633565e-03 9.999973e-01 -1.669948e-03 -3.924293e-01 -5.786166e-02 1.761674e-03 9.983230e-01 6.965206e+01
9.988193e-01 1.296243e-03 -4.856263e-02 -3.143942e+01 -1.227758e-03 9.999982e-01 1.440021e-03 -4.151662e-01 4.856431e-02 -1.378696e-03 9.988190e-01 7.065202e+01
9.985770e-01 -1.520611e-03 5.330705e-02 -3.149154e+01 1.603386e-03 9.999976e-01 -1.510041e-03 -4.418040e-01 -5.330472e-02 1.593365e-03 9.985770e-01 7.181749e+01
9.986389e-01 1.408004e-03 -5.213653e-02 -3.154835e+01 -1.326464e-03 9.999978e-01 1.598523e-03 -4.663586e-01 5.213858e-02 -1.527188e-03 9.986386e-01 7.289549e+01
9.984045e-01 -1.530390e-03 5.644461e-02 -3.160791e+01 1.625659e-03 9.999973e-01 -1.641930e-03 -4.878088e-01 -5.644204e-02 1.731072e-03 9.984043e-01 7.385196e+01
9.989610e-01 1.253333e-03 -4.555626e-02 -3.165624e+01 -1.192614e-03 9.999984e-01 1.359959e-03 -5.101708e-01 4.555780e-02 -1.304213e-03 9.989608e-01 7.483977e+01
9.976381e-01 -1.736350e-03 6.866665e-02 -3.165246e+01 1.882871e-03 9.999961e-01 -2.069116e-03 -5.326927e-01 -6.866288e-02 2.193521e-03 9.976374e-01 7.576638e+01
9.990116e-01 1.240114e-03 -4.443176e-02 -3.164162e+01 -1.183111e-03 9.999984e-01 1.309178e-03 -5.562639e-01 4.443322e-02 -1.255315e-03 9.990115e-01 7.672404e+01
9.979046e-01 -1.695288e-03 6.467935e-02 -3.164998e+01 1.823509e-03 9.999965e-01 -1.923413e-03 -5.807043e-01 -6.467596e-02 2.037327e-03 9.979042e-01 7.774514e+01
9.984686e-01 1.465690e-03 -5.530231e-02 -3.170954e+01 -1.373197e-03 9.999976e-01 1.710442e-03 -6.017945e-01 5.530459e-02 -1.631880e-03 9.984681e-01 7.869914e+01
9.973625e-01 -1.737782e-03 7.255985e-02 -3.176386e+01 1.903183e-03 9.999957e-01 -2.210423e-03 -6.168324e-01 -7.255579e-02 2.342689e-03 9.973615e-01 7.940263e+01
9.981787e-01 1.503669e-03 -6.030714e-02 -3.179988e+01 -1.391639e-03 9.999972e-01 1.899598e-03 -6.370777e-01 6.030974e-02 -1.812211e-03 9.981780e-01 8.028715e+01
9.974694e-01 -1.697117e-03 7.107594e-02 -3.186494e+01 1.855153e-03 9.999960e-01 -2.157501e-03 -6.548012e-01 -7.107208e-02 2.283900e-03 9.974685e-01 8.111157e+01
9.981989e-01 1.443370e-03 -5.997321e-02 -3.190413e+01 -1.331748e-03 9.999973e-01 1.901110e-03 -6.756835e-01 5.997570e-02 -1.817815e-03 9.981981e-01 8.202710e+01
9.972800e-01 -1.685272e-03 7.368686e-02 -3.193692e+01 1.856909e-03 9.999957e-01 -2.260811e-03 -6.954425e-01 -7.368282e-02 2.391493e-03 9.972788e-01 8.288784e+01
9.978409e-01 1.532491e-03 -6.565862e-02 -3.197710e+01 -1.396550e-03 9.999968e-01 2.116244e-03 -7.162668e-01 6.566156e-02 -2.019978e-03 9.978398e-01 8.379816e+01
9.973074e-01 -1.674515e-03 7.331536e-02 -3.202641e+01 1.843741e-03 9.999958e-01 -2.240565e-03 -7.373872e-01 -7.331139e-02 2.369709e-03 9.973062e-01 8.473443e+01
9.984304e-01 1.391326e-03 -5.598830e-02 -3.211461e+01 -1.296693e-03 9.999977e-01 1.726509e-03 -7.497836e-01 5.599048e-02 -1.651199e-03 9.984299e-01 8.538813e+01
9.975863e-01 -1.514169e-03 6.942092e-02 -3.229818e+01 1.668540e-03 9.999963e-01 -2.165738e-03 -7.560978e-01 -6.941746e-02 2.276344e-03 9.975850e-01 8.594217e+01
9.984294e-01 1.294482e-03 -5.600934e-02 -3.239911e+01 -1.196052e-03 9.999977e-01 1.790848e-03 -7.688068e-01 5.601144e-02 -1.721044e-03 9.984286e-01 8.662437e+01
9.978818e-01 -1.445384e-03 6.503714e-02 -3.247967e+01 1.580424e-03 9.999967e-01 -2.024936e-03 -7.830680e-01 -6.503408e-02 2.123434e-03 9.978807e-01 8.732937e+01
9.983406e-01 1.403900e-03 -5.756723e-02 -3.263193e+01 -1.301859e-03 9.999975e-01 1.810007e-03 -7.924134e-01 5.756955e-02 -1.732057e-03 9.983399e-01 8.794685e+01
9.976720e-01 -1.482532e-03 6.817868e-02 -3.284412e+01 1.632669e-03 9.999964e-01 -2.146426e-03 -7.949691e-01 -6.817533e-02 2.252744e-03 9.976707e-01 8.838949e+01
9.985406e-01 1.570698e-03 -5.398366e-02 -3.316621e+01 -1.487348e-03 9.999976e-01 1.584117e-03 -7.813861e-01 5.398593e-02 -1.501511e-03 9.985405e-01 8.838720e+01
9.972563e-01 -1.736558e-03 7.400587e-02 -3.328209e+01 1.904939e-03 9.999958e-01 -2.204707e-03 -7.792642e-01 -7.400181e-02 2.339636e-03 9.972553e-01 8.852011e+01
9.985166e-01 1.573024e-03 -5.442557e-02 -3.339212e+01 -1.489250e-03 9.999976e-01 1.579766e-03 -7.769461e-01 5.442784e-02 -1.496369e-03 9.985165e-01 8.863131e+01
9.975237e-01 -1.567451e-03 7.031334e-02 -3.365865e+01 1.723562e-03 9.999962e-01 -2.159596e-03 -7.669707e-01 -7.030977e-02 2.275439e-03 9.975225e-01 8.868361e+01
9.984350e-01 1.401671e-03 -5.590734e-02 -3.380761e+01 -1.308611e-03 9.999977e-01 1.701094e-03 -7.744552e-01 5.590952e-02 -1.625270e-03 9.984344e-01 8.923118e+01
9.970959e-01 -1.779991e-03 7.613535e-02 -3.386308e+01 1.959940e-03 9.999955e-01 -2.288883e-03 -7.850352e-01 -7.613101e-02 2.431457e-03 9.970948e-01 8.976894e+01
9.988353e-01 1.500026e-03 -4.822613e-02 -3.393282e+01 -1.434276e-03 9.999980e-01 1.397949e-03 -7.804008e-01 4.822806e-02 -1.327150e-03 9.988354e-01 8.974344e+01
9.968684e-01 -1.804820e-03 7.905705e-02 -3.401438e+01 1.999409e-03 9.999952e-01 -2.382288e-03 -7.737506e-01 -7.905244e-02 2.532896e-03 9.968672e-01 8.966473e+01
9.988888e-01 1.432461e-03 -4.710659e-02 -3.407801e+01 -1.371162e-03 9.999982e-01 1.333558e-03 -7.718558e-01 4.710834e-02 -1.267485e-03 9.988889e-01 8.973812e+01
9.964758e-01 -1.923146e-03 8.385831e-02 -3.408607e+01 2.140376e-03 9.999946e-01 -2.500606e-03 -7.730574e-01 -8.385311e-02 2.671282e-03 9.964745e-01 8.985116e+01
9.988774e-01 1.416508e-03 -4.734860e-02 -3.411598e+01 -1.356663e-03 9.999982e-01 1.296027e-03 -7.749663e-01 4.735029e-02 -1.230335e-03 9.988775e-01 9.002417e+01
9.965649e-01 -1.932186e-03 8.279312e-02 -3.408633e+01 2.137981e-03 9.999948e-01 -2.397069e-03 -7.785910e-01 -8.278812e-02 2.565845e-03 9.965638e-01 9.016928e+01
9.986415e-01 1.585736e-03 -5.208293e-02 -3.406314e+01 -1.511429e-03 9.999978e-01 1.466042e-03 -7.771039e-01 5.208508e-02 -1.385330e-03 9.986416e-01 9.013576e+01
9.968436e-01 -1.900410e-03 7.936800e-02 -3.399574e+01 2.084665e-03 9.999953e-01 -2.238730e-03 -7.773218e-01 -7.936344e-02 2.397120e-03 9.968428e-01 9.009848e+01
9.986841e-01 1.561364e-03 -5.126017e-02 -3.384047e+01 -1.488903e-03 9.999978e-01 1.451751e-03 -7.802900e-01 5.126227e-02 -1.373519e-03 9.986842e-01 9.004571e+01
9.969729e-01 -1.948526e-03 7.772523e-02 -3.370528e+01 2.125614e-03 9.999953e-01 -2.195716e-03 -7.915771e-01 -7.772064e-02 2.354284e-03 9.969723e-01 9.032756e+01
9.985473e-01 1.528613e-03 -5.386009e-02 -3.363201e+01 -1.450365e-03 9.999978e-01 1.491856e-03 -8.086860e-01 5.386220e-02 -1.411572e-03 9.985473e-01 9.092479e+01
9.972734e-01 -1.888479e-03 7.377079e-02 -3.351234e+01 2.042459e-03 9.999959e-01 -2.011897e-03 -8.236919e-01 -7.376673e-02 2.157085e-03 9.972731e-01 9.136072e+01
9.988801e-01 1.423054e-03 -4.729263e-02 -3.343743e+01 -1.367494e-03 9.999983e-01 1.207145e-03 -8.369555e-01 4.729423e-02 -1.141120e-03 9.988803e-01 9.180457e+01
9.976574e-01 -1.791091e-03 6.838542e-02 -3.337994e+01 1.919673e-03 9.999965e-01 -1.814580e-03 -8.508219e-01 -6.838198e-02 1.941607e-03 9.976572e-01 9.228606e+01
9.985526e-01 1.526792e-03 -5.376170e-02 -3.338976e+01 -1.451815e-03 9.999979e-01 1.433630e-03 -8.610629e-01 5.376373e-02 -1.353503e-03 9.985527e-01 9.271991e+01
9.977141e-01 -1.719091e-03 6.755414e-02 -3.346623e+01 1.846419e-03 9.999966e-01 -1.822444e-03 -8.699688e-01 -6.755082e-02 1.943011e-03 9.977138e-01 9.320443e+01
9.986110e-01 1.493475e-03 -5.266731e-02 -3.350423e+01 -1.421305e-03 9.999980e-01 1.407734e-03 -8.793750e-01 5.266926e-02 -1.330922e-03 9.986110e-01 9.364712e+01
9.978276e-01 -1.599265e-03 6.585992e-02 -3.347860e+01 1.716302e-03 9.999970e-01 -1.720518e-03 -8.814763e-01 -6.585701e-02 1.829816e-03 9.978273e-01 9.371727e+01
9.985158e-01 1.452629e-03 -5.444255e-02 -3.341370e+01 -1.374202e-03 9.999980e-01 1.477956e-03 -8.924158e-01 5.444455e-02 -1.400948e-03 9.985157e-01 9.406236e+01
9.977327e-01 -1.660915e-03 6.728082e-02 -3.341942e+01 1.785472e-03 9.999968e-01 -1.791214e-03 -9.060727e-01 -6.727767e-02 1.907280e-03 9.977324e-01 9.462148e+01
9.979800e-01 1.680008e-03 -6.350734e-02 -3.340820e+01 -1.566486e-03 9.999971e-01 1.837292e-03 -9.213591e-01 6.351020e-02 -1.734098e-03 9.979796e-01 9.519908e+01
9.975188e-01 -1.740893e-03 7.037862e-02 -3.336788e+01 1.878530e-03 9.999965e-01 -1.889529e-03 -9.368604e-01 -7.037512e-02 2.017049e-03 9.975185e-01 9.574437e+01
9.976237e-01 1.932278e-03 -6.887148e-02 -3.324978e+01 -1.793955e-03 9.999962e-01 2.070222e-03 -9.490498e-01 6.887518e-02 -1.941750e-03 9.976233e-01 9.603592e+01
9.973354e-01 -1.863334e-03 7.292858e-02 -3.314486e+01 2.014063e-03 9.999960e-01 -1.993313e-03 -9.644692e-01 -7.292461e-02 2.134884e-03 9.973351e-01 9.647442e+01
9.973774e-01 2.081389e-03 -7.234569e-02 -3.309114e+01 -1.928324e-03 9.999958e-01 2.185520e-03 -9.812822e-01 7.234990e-02 -2.040282e-03 9.973771e-01 9.702902e+01
9.977465e-01 -1.619162e-03 6.707664e-02 -3.305717e+01 1.741854e-03 9.999969e-01 -1.770691e-03 -9.964992e-01 -6.707360e-02 1.883538e-03 9.977462e-01 9.753966e+01
9.982157e-01 1.638224e-03 -5.968933e-02 -3.309741e+01 -1.543196e-03 9.999975e-01 1.638114e-03 -1.005374e+00 5.969183e-02 -1.543079e-03 9.982156e-01 9.793815e+01
9.980027e-01 -1.421276e-03 6.315554e-02 -3.279855e+01 1.520644e-03 9.999977e-01 -1.525355e-03 -1.019459e+00 -6.315327e-02 1.618345e-03 9.980024e-01 9.803735e+01
9.970626e-01 2.408494e-03 -7.655294e-02 -3.238127e+01 -2.238688e-03 9.999948e-01 2.303899e-03 -1.034817e+00 7.655805e-02 -2.125754e-03 9.970628e-01 9.802956e+01
9.974575e-01 -1.751942e-03 7.124188e-02 -3.187064e+01 1.883965e-03 9.999966e-01 -1.786012e-03 -1.051221e+00 -7.123855e-02 1.915688e-03 9.974574e-01 9.793829e+01
9.970011e-01 2.475766e-03 -7.734815e-02 -3.129151e+01 -2.304177e-03 9.999947e-01 2.307569e-03 -1.069656e+00 7.735341e-02 -2.122425e-03 9.970014e-01 9.782811e+01
9.983731e-01 -1.195267e-03 5.700665e-02 -3.087632e+01 1.267576e-03 9.999984e-01 -1.232296e-03 -1.086438e+00 -5.700513e-02 1.302552e-03 9.983729e-01 9.786415e+01
9.966832e-01 2.654940e-03 -8.133598e-02 -3.046783e+01 -2.464274e-03 9.999940e-01 2.444464e-03 -1.103256e+00 8.134193e-02 -2.235921e-03 9.966836e-01 9.791802e+01
9.984898e-01 -1.136213e-03 5.492573e-02 -3.005638e+01 1.198437e-03 9.999987e-01 -1.099943e-03 -1.119785e+00 -5.492445e-02 1.164108e-03 9.984897e-01 9.795283e+01
9.964118e-01 2.847520e-03 -8.458927e-02 -2.971472e+01 -2.643579e-03 9.999933e-01 2.522872e-03 -1.134267e+00 8.459584e-02 -2.290201e-03 9.964126e-01 9.800399e+01
9.981522e-01 -1.429905e-03 6.074666e-02 -2.929932e+01 1.509365e-03 9.999981e-01 -1.262191e-03 -1.150852e+00 -6.074479e-02 1.351548e-03 9.981523e-01 9.803932e+01
9.963690e-01 2.885842e-03 -8.509149e-02 -2.898020e+01 -2.683823e-03 9.999933e-01 2.488427e-03 -1.166866e+00 8.509805e-02 -2.251021e-03 9.963699e-01 9.817314e+01
9.982288e-01 -1.463105e-03 5.947323e-02 -2.876809e+01 1.535645e-03 9.999981e-01 -1.174016e-03 -1.182035e+00 -5.947145e-02 1.263267e-03 9.982291e-01 9.842266e+01
9.972455e-01 2.325181e-03 -7.413538e-02 -2.864557e+01 -2.186121e-03 9.999957e-01 1.956854e-03 -1.198771e+00 7.413956e-02 -1.789395e-03 9.972462e-01 9.886694e+01
9.975417e-01 -2.036350e-03 7.004619e-02 -2.861548e+01 2.151415e-03 9.999965e-01 -1.567287e-03 -1.219005e+00 -7.004281e-02 1.714134e-03 9.975424e-01 9.960112e+01
9.969059e-01 2.633547e-03 -7.856064e-02 -2.855413e+01 -2.474048e-03 9.999947e-01 2.127528e-03 -1.237890e+00 7.856576e-02 -1.926582e-03 9.969070e-01 1.002139e+02
9.983030e-01 -1.507435e-03 5.821385e-02 -2.841940e+01 1.572142e-03 9.999982e-01 -1.065753e-03 -1.253866e+00 -5.821220e-02 1.155465e-03 9.983035e-01 1.005998e+02
9.970909e-01 2.450262e-03 -7.618209e-02 -2.839257e+01 -2.304741e-03 9.999953e-01 1.998039e-03 -1.271203e+00 7.618657e-02 -1.816646e-03 9.970918e-01 1.012110e+02
9.982452e-01 -1.623471e-03 5.919354e-02 -2.839054e+01 1.690035e-03 9.999980e-01 -1.074461e-03 -1.289230e+00 -5.919174e-02 1.172616e-03 9.982459e-01 1.018920e+02
9.968009e-01 2.693444e-03 -7.987890e-02 -2.838227e+01 -2.530309e-03 9.999945e-01 2.143429e-03 -1.305979e+00 7.988417e-02 -1.934453e-03 9.968022e-01 1.024956e+02
9.983904e-01 -1.509627e-03 5.669406e-02 -2.833342e+01 1.566678e-03 9.999983e-01 -9.618465e-04 -1.321639e+00 -5.669258e-02 1.049121e-03 9.983910e-01 1.029938e+02
9.967030e-01 2.763433e-03 -8.108869e-02 -2.826887e+01 -2.595353e-03 9.999943e-01 2.178117e-03 -1.337087e+00 8.109418e-02 -1.960481e-03 9.967044e-01 1.034751e+02
