9.999605e-01 3.377657e-04 -8.880675e-03 3.562103e-02 -3.310947e-04 9.999997e-01 7.526407e-04 -1.182264e-02 8.880925e-03 -7.496701e-04 9.999602e-01 5.509461e-01
9.999992e-01 -1.569373e-05 1.277897e-03 7.261953e-02 1.573096e-05 1.000000e+00 -2.911164e-05 -2.491725e-02 -1.277898e-03 2.913234e-05 9.999991e-01 1.155818e+00
9.999902e-01 2.856944e-04 -4.413385e-03 1.078579e-01 -2.830528e-04 9.999998e-01 5.991381e-04 -4.143936e-02 4.413553e-03 -5.978823e-04 9.999900e-01 1.895080e+00
9.999347e-01 -1.095914e-04 1.142695e-02 1.416900e-01 1.125082e-04 1.000000e+00 -2.546099e-04 -5.937814e-02 -1.142692e-02 2.558796e-04 9.999346e-01 2.703154e+00
9.999360e-01 3.489809e-04 1.130607e-02 1.916464e-01 -3.545066e-04 9.999998e-01 4.867389e-04 -7.875534e-02 -1.130590e-02 -4.907151e-04 9.999359e-01 3.626530e+00
9.999692e-01 -1.619015e-04 7.852175e-03 2.442617e-01 1.639925e-04 1.000000e+00 -2.656563e-04 -9.794071e-02 -7.852129e-03 2.669365e-04 9.999690e-01 4.523541e+00
9.997479e-01 3.584993e-04 2.244826e-02 2.633017e-01 -3.677238e-04 9.999998e-01 4.067975e-04 -1.108546e-01 -2.244811e-02 -4.149489e-04 9.997478e-01 5.236193e+00
9.998834e-01 -2.100727e-04 -1.526665e-02 3.166425e-01 2.078658e-04 1.000000e+00 -1.461458e-04 -1.269696e-01 1.526668e-02 1.429561e-04 9.998833e-01 5.940492e+00
9.995470e-01 3.769971e-04 3.009555e-02 3.440647e-01 -3.900917e-04 9.999998e-01 4.292300e-04 -1.449001e-01 -3.009538e-02 -4.407747e-04 9.995468e-01 6.792211e+00
9.998126e-01 -1.686227e-04 -1.935783e-02 3.871087e-01 1.668240e-04 1.000000e+00 -9.453277e-05 -1.657189e-01 1.935786e-02 9.128658e-05 9.998125e-01 7.727693e+00
9.997295e-01 3.153647e-04 2.325444e-02 4.481974e-01 -3.231997e-04 9.999999e-01 3.331692e-04 -1.784221e-01 -2.325432e-02 -3.405940e-04 9.997294e-01 8.264072e+00
9.996648e-01 -1.718246e-04 -2.588945e-02 5.170344e-01 1.705409e-04 1.000000e+00 -5.179159e-05 -1.893398e-01 2.588947e-02 4.735994e-05 9.996647e-01 8.687262e+00
9.995113e-01 2.997985e-04 3.125896e-02 5.813499e-01 -3.078849e-04 9.999999e-01 2.538757e-04 -2.030649e-01 -3.125887e-02 -2.633748e-04 9.995112e-01 9.260521e+00
9.998925e-01 -1.419912e-04 -1.466250e-02 6.908305e-01 1.404738e-04 1.000000e+00 -1.045195e-04 -2.198030e-01 1.466253e-02 1.024496e-04 9.998924e-01 9.953644e+00
9.992395e-01 3.105304e-04 3.899244e-02 7.940508e-01 -3.186593e-04 9.999999e-01 2.022584e-04 -2.339106e-01 -3.899236e-02 -2.145289e-04 9.992394e-01 1.057415e+01
9.996719e-01 -1.736547e-04 -2.561326e-02 9.013243e-01 1.724095e-04 1.000000e+00 -5.082108e-05 -2.495760e-01 2.561328e-02 4.638943e-05 9.996718e-01 1.121143e+01
9.995937e-01 2.799546e-04 2.850272e-02 1.030480e+00 -2.852473e-04 9.999999e-01 1.816232e-04 -2.633812e-01 -2.850265e-02 -1.896787e-04 9.995936e-01 1.168380e+01
9.998737e-01 -1.849023e-04 -1.589362e-02 1.249071e+00 1.825612e-04 1.000000e+00 -1.487449e-04 -2.764407e-01 1.589367e-02 1.458255e-04 9.998736e-01 1.203844e+01
9.995838e-01 2.208057e-04 2.884806e-02 1.532622e+00 -2.238535e-04 1.000000e+00 1.024155e-04 -2.888518e-01 -2.884802e-02 -1.088296e-04 9.995837e-01 1.227472e+01
9.998042e-01 -2.179291e-04 -1.978690e-02 1.823233e+00 2.141558e-04 1.000000e+00 -1.928088e-04 -2.984860e-01 1.978696e-02 1.885345e-04 9.998041e-01 1.237043e+01
9.990141e-01 3.264493e-04 4.439264e-02 1.968007e+00 -3.318708e-04 9.999999e-01 1.147550e-04 -3.011717e-01 -4.439258e-02 -1.293735e-04 9.990141e-01 1.236251e+01
9.995887e-01 -3.011494e-04 -2.867756e-02 2.193760e+00 2.955824e-04 9.999999e-01 -1.983606e-04 -3.079961e-01 2.867764e-02 1.898034e-04 9.995886e-01 1.241671e+01
9.994329e-01 3.092020e-04 3.367168e-02 2.460165e+00 -3.141276e-04 9.999999e-01 1.409891e-04 -3.169350e-01 -3.367161e-02 -1.514854e-04 9.994328e-01 1.247603e+01
9.994454e-01 -3.169315e-04 -3.329717e-02 2.690291e+00 3.109970e-04 9.999999e-01 -1.834023e-04 -3.240226e-01 3.329724e-02 1.729462e-04 9.994454e-01 1.248566e+01
9.994239e-01 3.302181e-04 3.393794e-02 2.890642e+00 -3.357731e-04 9.999999e-01 1.579813e-04 -3.307836e-01 -3.393786e-02 -1.692847e-04 9.994238e-01 1.252023e+01
9.993850e-01 -2.813271e-04 -3.506565e-02 3.065629e+00 2.764137e-04 1.000000e+00 -1.449640e-04 -3.373472e-01 3.506572e-02 1.351832e-04 9.993849e-01 1.258996e+01
9.995609e-01 4.034498e-04 2.962939e-02 3.203004e+00 -4.102746e-04 9.999999e-01 2.242561e-04 -3.394237e-01 -2.962927e-02 -2.363129e-04 9.995608e-01 1.250131e+01
9.993397e-01 -2.676054e-04 -3.633269e-02 3.411352e+00 2.627477e-04 1.000000e+00 -1.384746e-04 -3.437267e-01 3.633274e-02 1.288378e-04 9.993396e-01 1.243871e+01
9.992721e-01 2.511357e-04 3.814712e-02 3.724120e+00 -2.526895e-04 1.000000e+00 3.591001e-05 -3.529133e-01 -3.814708e-02 -4.552225e-05 9.992720e-01 1.243409e+01
9.992676e-01 -2.213352e-04 -3.826409e-02 3.912389e+00 2.205536e-04 1.000000e+00 -2.464366e-05 -3.611761e-01 3.826412e-02 1.618732e-05 9.992676e-01 1.255097e+01
9.992689e-01 2.377858e-04 3.823033e-02 4.124059e+00 -2.403256e-04 1.000000e+00 6.183644e-05 -3.735083e-01 -3.823029e-02 -7.097796e-05 9.992689e-01 1.282663e+01
9.991834e-01 -1.873796e-04 -4.040381e-02 4.340198e+00 1.856512e-04 1.000000e+00 -4.652648e-05 -3.836992e-01 4.040384e-02 3.898847e-05 9.991833e-01 1.300870e+01
9.993396e-01 3.438413e-04 3.633636e-02 4.369700e+00 -3.478555e-04 9.999999e-01 1.041499e-04 -3.804421e-01 -3.633630e-02 -1.167199e-04 9.993395e-01 1.278012e+01
9.994243e-01 -2.408591e-04 -3.392797e-02 4.422698e+00 2.374550e-04 1.000000e+00 -1.043601e-04 -3.792036e-01 3.392802e-02 9.624467e-05 9.994242e-01 1.260949e+01
9.993872e-01 3.199488e-04 3.500066e-02 4.557670e+00 -3.237506e-04 9.999999e-01 1.029516e-04 -3.837041e-01 -3.500061e-02 -1.142190e-04 9.993872e-01 1.260387e+01
9.993764e-01 -2.144078e-04 -3.531007e-02 4.602291e+00 2.102597e-04 1.000000e+00 -1.211869e-04 -3.821281e-01 3.531012e-02 1.136880e-04 9.993763e-01 1.241819e+01
9.994050e-01 4.307731e-04 3.448820e-02 4.418318e+00 -4.343817e-04 9.999999e-01 9.713729e-05 -3.673348e-01 -3.448813e-02 -1.120595e-04 9.994050e-01 1.185362e+01
9.994155e-01 -2.205175e-04 -3.418366e-02 4.142852e+00 2.152376e-04 1.000000e+00 -1.581326e-04 -3.480048e-01 3.418371e-02 1.506836e-04 9.994155e-01 1.115653e+01
9.994285e-01 4.405630e-04 3.380077e-02 3.843609e+00 -4.436927e-04 9.999999e-01 8.508992e-05 -3.276232e-01 -3.380071e-02 -1.000374e-04 9.994285e-01 1.043046e+01
9.993831e-01 -2.237783e-04 -3.512040e-02 3.540165e+00 2.187842e-04 1.000000e+00 -1.460407e-04 -3.084958e-01 3.512045e-02 1.382678e-04 9.993830e-01 9.775420e+00
9.994391e-01 4.140851e-04 3.348625e-02 3.284870e+00 -4.192961e-04 9.999999e-01 1.485900e-04 -2.941159e-01 -3.348616e-02 -1.625463e-04 9.994391e-01 9.300959e+00
9.994359e-01 -2.730398e-04 -3.358259e-02 3.270039e+00 2.722812e-04 1.000000e+00 -2.715850e-05 -3.006194e-01 3.358261e-02 1.800029e-05 9.994358e-01 9.545912e+00
9.994766e-01 4.246842e-04 3.234726e-02 3.326003e+00 -4.300010e-04 9.999999e-01 1.574077e-04 -3.079450e-01 -3.234717e-02 -1.712336e-04 9.994766e-01 9.776598e+00
9.975915e-01 3.682465e-04 -6.936135e-02 3.388810e+00 -2.788256e-04 9.999991e-01 1.298882e-03 -3.114664e-01 6.936178e-02 -1.276412e-03 9.975907e-01 9.946155e+00
9.996412e-01 4.394763e-04 2.678203e-02 3.453698e+00 -4.525870e-04 9.999998e-01 4.834739e-04 -3.122218e-01 -2.678180e-02 -4.954202e-04 9.996411e-01 1.001246e+01
9.995559e-01 -2.691354e-04 -2.979650e-02 3.413890e+00 2.601660e-04 9.999999e-01 -3.048944e-04 -3.133171e-01 2.979659e-02 2.970083e-04 9.995558e-01 1.006674e+01
9.995838e-01 4.209831e-04 2.884610e-02 3.330122e+00 -4.300722e-04 9.999999e-01 3.088842e-04 -3.074642e-01 -2.884595e-02 -3.211602e-04 9.995837e-01 9.817046e+00
9.995787e-01 -2.711739e-04 -2.902481e-02 3.243767e+00 2.613671e-04 9.999999e-01 -3.416683e-04 -2.995175e-01 2.902491e-02 3.339396e-04 9.995785e-01 9.465074e+00
9.995584e-01 3.765673e-04 2.971414e-02 3.230558e+00 -3.877413e-04 9.999999e-01 3.702887e-04 -2.989287e-01 -2.971398e-02 -3.816451e-04 9.995583e-01 9.393592e+00
9.995716e-01 -2.699905e-04 -2.926756e-02 3.145186e+00 2.593533e-04 9.999999e-01 -3.672359e-04 -2.925871e-01 2.926767e-02 3.594893e-04 9.995714e-01 9.147205e+00
9.995823e-01 4.161218e-04 2.889603e-02 3.021065e+00 -4.264154e-04 9.999998e-01 3.500669e-04 -2.827519e-01 -2.889586e-02 -3.622410e-04 9.995823e-01 8.765781e+00
9.995467e-01 -2.008900e-04 -3.010717e-02 2.837163e+00 1.890890e-04 9.999999e-01 -3.948087e-04 -2.677484e-01 3.010726e-02 3.889382e-04 9.995465e-01 8.185204e+00
9.995398e-01 3.924319e-04 3.033099e-02 2.636145e+00 -4.030168e-04 9.999999e-01 3.428681e-04 -2.518188e-01 -3.033084e-02 -3.549329e-04 9.995398e-01 7.574125e+00
9.995627e-01 -2.673442e-04 -2.957049e-02 2.609352e+00 2.562029e-04 9.999999e-01 -3.805556e-04 -2.453471e-01 2.957060e-02 3.728145e-04 9.995625e-01 7.229944e+00
9.999819e-01 8.922418e-04 -5.957795e-03 2.787887e+00 -8.819364e-04 9.999981e-01 1.732154e-03 -2.529184e-01 5.959339e-03 -1.726867e-03 9.999807e-01 7.448770e+00
9.951027e-01 1.141595e-03 -9.883974e-02 2.987555e+00 -8.924916e-04 9.999963e-01 2.564450e-03 -2.510400e-01 9.884231e-02 -2.463675e-03 9.951000e-01 7.464735e+00
9.991610e-01 -7.012561e-05 4.095385e-02 3.174364e+00 7.660188e-05 1.000000e+00 -1.565633e-04 -2.530038e-01 -4.095384e-02 1.595713e-04 9.991609e-01 7.511320e+00
9.984834e-01 4.034869e-04 -5.505204e-02 3.231486e+00 -3.622987e-04 9.999996e-01 7.581454e-04 -2.551388e-01 5.505231e-02 -7.370481e-04 9.984831e-01 7.555658e+00
9.984963e-01 -2.343095e-04 5.481939e-02 3.102625e+00 2.758884e-04 9.999997e-01 -7.509009e-04 -2.464997e-01 -5.481920e-02 7.648980e-04 9.984959e-01 7.232720e+00
9.984442e-01 4.056734e-04 -5.575864e-02 3.073433e+00 -3.614940e-04 9.999996e-01 8.024158e-04 -2.439267e-01 5.575894e-02 -7.810087e-04 9.984439e-01 7.100586e+00
9.985280e-01 -1.924311e-04 5.423899e-02 3.008529e+00 2.338229e-04 9.999997e-01 -7.567902e-04 -2.379212e-01 -5.423883e-02 7.683608e-04 9.985276e-01 6.846431e+00
9.984959e-01 3.862676e-04 -5.482537e-02 2.912899e+00 -3.449146e-04 9.999996e-01 7.637270e-04 -2.297107e-01 5.482564e-02 -7.436659e-04 9.984956e-01 6.510956e+00
9.985004e-01 -2.347385e-04 5.474433e-02 2.857420e+00 2.740592e-04 9.999997e-01 -7.107511e-04 -2.273421e-01 -5.474415e-02 7.246907e-04 9.985001e-01 6.403787e+00
9.982908e-01 4.756965e-04 -5.844040e-02 2.788857e+00 -4.257802e-04 9.999995e-01 8.665889e-04 -2.245530e-01 5.844077e-02 -8.402226e-04 9.982904e-01 6.322070e+00
9.986219e-01 -2.567200e-04 5.248164e-02 2.836489e+00 2.866505e-04 9.999998e-01 -5.627753e-04 -2.287146e-01 -5.248150e-02 5.770459e-04 9.986216e-01 6.443652e+00
9.985512e-01 4.649918e-04 -5.380790e-02 2.713369e+00 -4.349141e-04 9.999997e-01 5.706893e-04 -2.189330e-01 5.380815e-02 -5.464583e-04 9.985510e-01 6.059947e+00
9.987448e-01 -2.265498e-04 5.008733e-02 2.575264e+00 2.535549e-04 9.999998e-01 -5.328033e-04 -2.074283e-01 -5.008721e-02 5.448367e-04 9.987446e-01 5.611581e+00
9.924140e-01 1.866123e-03 -1.229264e-01 2.612245e+00 -1.448722e-03 9.999929e-01 3.484823e-03 -2.019087e-01 1.229321e-01 -3.280298e-03 9.924096e-01 5.533926e+00
9.998996e-01 1.447479e-04 1.417119e-02 2.746442e+00 -1.613628e-04 9.999993e-01 1.171334e-03 -1.966367e-01 -1.417104e-02 -1.173500e-03 9.998988e-01 5.497501e+00
9.955400e-01 1.425378e-03 -9.432930e-02 2.894402e+00 -1.225631e-03 9.999969e-01 2.175438e-03 -1.961960e-01 9.433207e-02 -2.050120e-03 9.955386e-01 5.563238e+00
9.987950e-01 -5.332523e-04 4.907465e-02 2.930039e+00 5.451630e-04 9.999998e-01 -2.293056e-04 -1.916619e-01 -4.907456e-02 2.557864e-04 9.987950e-01 5.438612e+00
9.986734e-01 7.763523e-04 -5.148580e-02 2.762522e+00 -7.639178e-04 9.999997e-01 2.611784e-04 -1.786817e-01 5.148595e-02 -2.214976e-04 9.986736e-01 4.952559e+00
9.988355e-01 -4.937814e-04 4.824229e-02 2.539600e+00 5.049080e-04 9.999998e-01 -2.184371e-04 -1.622730e-01 -4.824221e-02 2.425441e-04 9.988355e-01 4.355427e+00
9.984655e-01 8.093411e-04 -5.537111e-02 2.397047e+00 -7.935333e-04 9.999996e-01 3.074616e-04 -1.479995e-01 5.537130e-02 -2.630476e-04 9.984657e-01 3.776225e+00
9.987001e-01 -6.422439e-04 5.096785e-02 2.504542e+00 6.590331e-04 9.999997e-01 -3.125858e-04 -1.444484e-01 -5.096767e-02 3.457724e-04 9.987001e-01 3.415196e+00
9.985514e-01 7.716199e-04 -5.380112e-02 2.624374e+00 -7.481235e-04 9.999996e-01 4.568525e-04 -1.512733e-01 5.380141e-02 -4.159374e-04 9.985515e-01 3.554817e+00
9.986196e-01 -6.270954e-04 5.252049e-02 2.692291e+00 6.356856e-04 9.999998e-01 -1.468395e-04 -1.663353e-01 -5.252043e-02 1.800267e-04 9.986197e-01 4.136464e+00
9.986458e-01 7.549710e-04 -5.201905e-02 2.660024e+00 -7.426714e-04 9.999997e-01 2.557599e-04 -1.684881e-01 5.201919e-02 -2.167771e-04 9.986460e-01 4.219304e+00
9.985829e-01 -6.544632e-04 5.321470e-02 2.653051e+00 6.622409e-04 9.999998e-01 -1.285070e-04 -1.699539e-01 -5.321465e-02 1.635693e-04 9.985830e-01 4.255773e+00
9.986051e-01 7.521673e-04 -5.279439e-02 2.749505e+00 -7.395140e-04 9.999997e-01 2.591931e-04 -1.783594e-01 5.279452e-02 -2.197859e-04 9.986053e-01 4.511497e+00
9.986194e-01 -6.476012e-04 5.252460e-02 2.860768e+00 6.542547e-04 9.999998e-01 -1.094633e-04 -1.877876e-01 -5.252455e-02 1.436800e-04 9.986195e-01 4.786851e+00
9.986528e-01 8.203421e-04 -5.188418e-02 2.688627e+00 -8.165773e-04 9.999997e-01 9.374714e-05 -1.748627e-01 5.188420e-02 -5.124996e-05 9.986530e-01 4.294325e+00
9.986439e-01 -5.578394e-04 5.205735e-02 2.301400e+00 5.660659e-04 9.999998e-01 -1.432677e-04 -1.493532e-01 -5.205730e-02 1.725447e-04 9.986440e-01 3.404867e+00
9.986738e-01 7.630671e-04 -5.147955e-02 2.061171e+00 -7.580559e-04 9.999997e-01 1.168558e-04 -1.323636e-01 5.147958e-02 -7.767301e-05 9.986739e-01 2.786258e+00
9.986844e-01 -5.849854e-04 5.127516e-02 1.979717e+00 5.917766e-04 9.999998e-01 -1.172480e-04 -1.229448e-01 -5.127512e-02 1.474406e-04 9.986845e-01 2.362032e+00
9.986573e-01 7.499584e-04 -5.179778e-02 1.874883e+00 -7.442586e-04 9.999997e-01 1.293137e-04 -1.140338e-01 5.179783e-02 -9.058570e-05 9.986575e-01 1.999507e+00
9.986743e-01 -5.127433e-04 5.147253e-02 1.578056e+00 5.215049e-04 9.999999e-01 -1.567705e-04 -9.391226e-02 -5.147249e-02 1.834093e-04 9.986743e-01 1.285628e+00
9.986684e-01 7.692324e-04 -5.158300e-02 1.233318e+00 -7.650678e-04 9.999997e-01 1.004686e-04 -7.027195e-02 5.158303e-02 -6.086690e-05 9.986686e-01 4.452445e-01
9.986820e-01 -5.273969e-04 5.132258e-02 9.203529e-01 5.350005e-04 9.999998e-01 -1.344005e-04 -4.903283e-02 -5.132254e-02 1.616843e-04 9.986820e-01 -3.086407e-01
9.986759e-01 7.493380e-04 -5.143874e-02 6.354788e-01 -7.450759e-04 9.999997e-01 1.020220e-04 -2.956739e-02 5.143876e-02 -6.355783e-05 9.986761e-01 -1.002585e+00
9.986974e-01 -5.563628e-04 5.102062e-02 4.209417e-01 5.623765e-04 9.999998e-01 -1.034956e-04 -1.481724e-02 -5.102059e-02 1.320569e-04 9.986975e-01 -1.534660e+00
9.986673e-01 8.114936e-04 -5.160325e-02 9.101618e-02 -8.098261e-04 9.999997e-01 5.320945e-05 7.581052e-03 5.160324e-02 -1.134555e-05 9.986676e-01 -2.327615e+00
9.987028e-01 -5.247766e-04 5.091650e-02 -2.737288e-01 5.303862e-04 9.999999e-01 -9.664548e-05 3.270060e-02 -5.091648e-02 1.235288e-04 9.987028e-01 -3.218959e+00
9.986795e-01 7.096259e-04 -5.136916e-02 -4.484444e-01 -7.057310e-04 9.999997e-01 9.394771e-05 4.575917e-02 5.136917e-02 -5.756754e-05 9.986796e-01 -3.708693e+00
9.986837e-01 -5.212936e-04 5.128945e-02 -5.637694e-01 5.269391e-04 9.999999e-01 -9.653365e-05 5.671348e-02 -5.128943e-02 1.234363e-04 9.986837e-01 -4.164669e+00
9.987392e-01 7.315588e-04 -5.019383e-02 -7.008678e-01 -7.281660e-04 9.999997e-01 8.586666e-05 7.072245e-02 5.019384e-02 -4.920566e-05 9.987394e-01 -4.755266e+00
9.986920e-01 -6.249626e-04 5.112717e-02 -7.293209e-01 6.251763e-04 9.999998e-01 1.182963e-05 7.141240e-02 -5.112721e-02 2.015263e-05 9.986921e-01 -4.802898e+00
9.987257e-01 7.455672e-04 -5.046187e-02 -8.687465e-01 -7.456465e-04 9.999997e-01 1.724107e-05 7.993284e-02 5.046182e-02 2.041092e-05 9.987259e-01 -5.098670e+00
9.986511e-01 -6.592038e-04 5.191803e-02 -9.061342e-01 6.544952e-04 9.999998e-01 1.077093e-04 7.945443e-02 -5.191813e-02 -7.358061e-05 9.986512e-01 -5.079789e+00
9.986989e-01 7.727939e-04 -5.098938e-02 -8.328271e-01 -7.648190e-04 9.999997e-01 1.759025e-04 6.287532e-02 5.098946e-02 -1.366727e-04 9.986991e-01 -4.421280e+00
9.987126e-01 -6.553133e-04 5.072104e-02 -7.624515e-01 6.488444e-04 9.999998e-01 1.440207e-04 4.600393e-02 -5.072116e-02 -1.109219e-04 9.987128e-01 -3.755103e+00
9.986725e-01 8.217478e-04 -5.150385e-02 -6.942940e-01 -8.102691e-04 9.999996e-01 2.437382e-04 2.629117e-02 5.150400e-02 -2.016793e-04 9.986727e-01 -2.965120e+00
9.986676e-01 -6.918424e-04 5.159978e-02 -6.205373e-01 6.881010e-04 9.999998e-01 9.028860e-05 7.867470e-03 -5.159987e-02 -5.465904e-05 9.986677e-01 -2.234050e+00
9.986413e-01 8.517499e-04 -5.210464e-02 -5.412372e-01 -8.419657e-04 9.999996e-01 2.097164e-04 -9.536192e-03 5.210476e-02 -1.655577e-04 9.986415e-01 -1.565335e+00
9.986809e-01 -6.904297e-04 5.134268e-02 -4.642334e-01 6.878145e-04 9.999998e-01 6.862073e-05 -2.448788e-02 -5.134275e-02 -3.321253e-05 9.986810e-01 -1.016549e+00
9.986212e-01 8.606266e-04 -5.248716e-02 -3.829448e-01 -8.496721e-04 9.999996e-01 2.310087e-04 -4.056619e-02 5.248730e-02 -1.860899e-04 9.986215e-01 -4.133692e-01
9.986413e-01 -7.161156e-04 5.210615e-02 -3.075433e-01 7.080694e-04 9.999997e-01 1.728954e-04 -6.260695e-02 -5.210630e-02 -1.357623e-04 9.986414e-01 4.632239e-01
9.986952e-01 8.865802e-04 -5.105888e-02 -2.309595e-01 -8.776321e-04 9.999996e-01 1.976573e-04 -8.575279e-02 5.105900e-02 -1.525849e-04 9.986955e-01 1.393257e+00
9.986951e-01 -7.473547e-04 5.106332e-02 -1.577958e-01 7.430600e-04 9.999997e-01 1.031063e-04 -1.022425e-01 -5.106342e-02 -6.502507e-05 9.986953e-01 2.028004e+00
9.986724e-01 9.000381e-04 -5.150428e-02 -7.062236e-02 -8.910290e-04 9.999996e-01 1.978667e-04 -1.200434e-01 5.150439e-02 -1.517087e-04 9.986727e-01 2.707157e+00
9.987323e-01 -7.676959e-04 5.033096e-02 8.268816e-02 7.689382e-04 9.999997e-01 -5.302882e-06 -1.354409e-01 -5.033098e-02 4.400113e-05 9.987325e-01 3.185267e+00
9.987641e-01 9.563811e-04 -4.969257e-02 2.641344e-01 -9.450826e-04 9.999995e-01 2.508493e-04 -1.578568e-01 4.969275e-02 -2.035721e-04 9.987644e-01 3.916294e+00
9.986675e-01 -8.032848e-04 5.159954e-02 4.871317e-01 8.036344e-04 9.999997e-01 1.398872e-05 -1.830380e-01 -5.159957e-02 2.750070e-05 9.986678e-01 4.727910e+00
9.986395e-01 9.895291e-04 -5.213514e-02 6.091684e-01 -9.793022e-04 9.999995e-01 2.216925e-04 -1.993920e-01 5.213529e-02 -1.703312e-04 9.986399e-01 5.279495e+00
9.987056e-01 -8.153865e-04 5.085680e-02 7.132934e-01 8.258911e-04 9.999996e-01 -1.855211e-04 -2.001708e-01 -5.085667e-02 2.272868e-04 9.987058e-01 5.124853e+00
9.986514e-01 9.946391e-04 -5.190750e-02 6.798094e-01 -9.840315e-04 9.999995e-01 2.298976e-04 -1.946119e-01 5.190766e-02 -1.785053e-04 9.986518e-01 4.848430e+00
9.987476e-01 -8.522721e-04 5.002592e-02 6.656893e-01 8.559469e-04 9.999996e-01 -5.201681e-05 -1.956533e-01 -5.002589e-02 9.477482e-05 9.987478e-01 4.882341e+00
9.986964e-01 1.006332e-03 -5.103342e-02 7.529787e-01 -9.927569e-04 9.999995e-01 2.913382e-04 -2.083908e-01 5.103365e-02 -2.402910e-04 9.986968e-01 5.335388e+00
9.987762e-01 -8.776545e-04 4.944973e-02 8.292801e-01 8.781987e-04 9.999996e-01 1.074017e-05 -2.224009e-01 -4.944976e-02 3.270332e-05 9.987765e-01 5.861518e+00
9.987117e-01 1.042707e-03 -5.073293e-02 9.275556e-01 -1.028817e-03 9.999994e-01 2.998990e-04 -2.396930e-01 5.073317e-02 -2.473141e-04 9.987121e-01 6.499136e+00
9.987895e-01 -8.884899e-04 4.918138e-02 9.958697e-01 8.864752e-04 9.999996e-01 6.279500e-05 -2.568234e-01 -4.918146e-02 -1.911720e-05 9.987898e-01 7.164877e+00
9.987526e-01 1.058115e-03 -4.992108e-02 1.074567e+00 -1.046537e-03 9.999994e-01 2.580511e-04 -2.747853e-01 4.992128e-02 -2.054812e-04 9.987530e-01 7.858020e+00
9.987739e-01 -9.270398e-04 4.949526e-02 1.164916e+00 9.303372e-04 9.999996e-01 -4.356230e-05 -2.862048e-01 -4.949524e-02 8.955991e-05 9.987743e-01 8.247137e+00
9.987574e-01 1.054547e-03 -4.982408e-02 1.209860e+00 -1.046804e-03 9.999994e-01 1.814794e-04 -2.921647e-01 4.982420e-02 -1.290941e-04 9.987579e-01 8.428581e+00
9.987729e-01 -9.191814e-04 4.951632e-02 1.217917e+00 9.224091e-04 9.999996e-01 -4.231580e-05 -2.956986e-01 -4.951631e-02 8.794195e-05 9.987732e-01 8.528355e+00
9.987377e-01 1.058140e-03 -5.021761e-02 1.281973e+00 -1.047618e-03 9.999994e-01 2.358457e-04 -3.046554e-01 5.021779e-02 -1.829353e-04 9.987382e-01 8.833587e+00
9.987586e-01 -9.040233e-04 4.980478e-02 1.221158e+00 9.147436e-04 9.999996e-01 -1.924352e-04 -2.985038e-01 -4.980463e-02 2.377587e-04 9.987589e-01 8.559539e+00
9.987178e-01 1.105965e-03 -5.061172e-02 1.111444e+00 -1.097214e-03 9.999994e-01 2.006731e-04 -2.875260e-01 5.061187e-02 -1.448802e-04 9.987183e-01 8.092949e+00
9.987618e-01 -8.522852e-04 4.974043e-02 8.645517e-01 8.636472e-04 9.999996e-01 -2.069144e-04 -2.693218e-01 -4.974028e-02 2.496201e-04 9.987621e-01 7.417449e+00
9.987514e-01 1.095585e-03 -4.994522e-02 5.720580e-01 -1.087450e-03 9.999994e-01 1.900316e-04 -2.491622e-01 4.994536e-02 -1.354776e-04 9.987518e-01 6.698642e+00
9.987607e-01 -9.377817e-04 4.976071e-02 3.340269e-01 9.457701e-04 9.999995e-01 -1.369707e-04 -2.360616e-01 -4.976060e-02 1.838668e-04 9.987611e-01 6.274060e+00
9.987373e-01 1.068619e-03 -5.022619e-02 3.486653e-01 -1.051594e-03 9.999994e-01 3.653575e-04 -2.453097e-01 5.022651e-02 -3.120748e-04 9.987377e-01 6.644797e+00
9.987825e-01 -9.569679e-04 4.932088e-02 4.767601e-01 9.712405e-04 9.999995e-01 -2.653981e-04 -2.521701e-01 -4.932064e-02 3.129811e-04 9.987829e-01 6.773928e+00
9.987954e-01 1.026774e-03 -4.905870e-02 6.759710e-01 -1.013192e-03 9.999994e-01 3.016888e-04 -2.585583e-01 4.905894e-02 -2.516157e-04 9.987958e-01 6.773038e+00
9.987420e-01 -9.290663e-04 5.013466e-02 7.658320e-01 9.342098e-04 9.999996e-01 -7.914212e-05 -2.712363e-01 -5.013461e-02 1.258826e-04 9.987424e-01 7.233098e+00
9.987688e-01 1.046494e-03 -4.959565e-02 8.403300e-01 -1.033028e-03 9.999994e-01 2.971274e-04 -2.824691e-01 4.959589e-02 -2.455241e-04 9.987692e-01 7.644820e+00
9.987773e-01 -9.112372e-04 4.942660e-02 7.762829e-01 9.240936e-04 9.999995e-01 -2.372417e-04 -2.777935e-01 -4.942641e-02 2.826302e-04 9.987776e-01 7.445874e+00
9.987626e-01 1.088453e-03 -4.971955e-02 6.277128e-01 -1.077398e-03 9.999994e-01 2.491162e-04 -2.661395e-01 4.971975e-02 -1.952364e-04 9.987631e-01 6.993798e+00
9.987889e-01 -9.329200e-04 4.919269e-02 6.332279e-01 9.433002e-04 9.999995e-01 -1.877762e-04 -2.642834e-01 -4.919254e-02 2.339561e-04 9.987892e-01 6.837056e+00
9.986970e-01 9.841576e-04 -5.102194e-02 8.759993e-01 -9.724460e-04 9.999995e-01 2.543492e-04 -2.779228e-01 5.102212e-02 -2.043980e-04 9.986974e-01 7.125397e+00
9.988208e-01 -8.101480e-04 4.854121e-02 9.239684e-01 8.250777e-04 9.999996e-01 -2.875124e-04 -2.720771e-01 -4.854100e-02 3.272274e-04 9.988210e-01 6.705495e+00
9.987434e-01 1.010948e-03 -5.010499e-02 8.534578e-01 -9.953243e-04 9.999994e-01 3.367484e-04 -2.628975e-01 5.010526e-02 -2.864508e-04 9.987438e-01 6.289085e+00
9.988234e-01 -9.427455e-04 4.848671e-02 1.055713e+00 9.540678e-04 9.999995e-01 -2.103491e-04 -2.771722e-01 -4.848653e-02 2.563650e-04 9.988237e-01 6.662722e+00
9.987788e-01 1.028113e-03 -4.939432e-02 1.223201e+00 -1.020355e-03 9.999995e-01 1.822572e-04 -2.786901e-01 4.939444e-02 -1.316311e-04 9.987792e-01 6.462592e+00
9.988895e-01 -9.021588e-04 4.710520e-02 1.298559e+00 9.109195e-04 9.999996e-01 -1.644946e-04 -2.754159e-01 -4.710508e-02 2.072247e-04 9.988898e-01 6.153846e+00
9.987730e-01 9.962403e-04 -4.951345e-02 1.413922e+00 -9.888634e-04 9.999995e-01 1.734687e-04 -2.760540e-01 4.951356e-02 -1.242901e-04 9.987733e-01 6.000012e+00
9.984721e-01 -9.446659e-04 5.525016e-02 1.764741e+00 9.412447e-04 9.999996e-01 8.796136e-05 -3.083324e-01 -5.525026e-02 -3.581930e-05 9.984724e-01 6.972894e+00
9.990079e-01 1.116036e-03 -4.451937e-02 2.106986e+00 -1.114200e-03 9.999994e-01 6.603029e-05 -3.387686e-01 4.451937e-02 -1.635752e-05 9.990084e-01 7.901818e+00
9.990195e-01 -1.013997e-03 4.426158e-02 2.176063e+00 1.017335e-03 9.999995e-01 -5.287622e-05 -3.373585e-01 -4.426155e-02 9.785701e-05 9.990199e-01 7.688623e+00
9.990812e-01 1.125120e-03 -4.284216e-02 2.217861e+00 -1.120623e-03 9.999994e-01 1.289633e-04 -3.366132e-01 4.284224e-02 -8.083117e-05 9.990818e-01 7.561124e+00
9.991283e-01 -9.677548e-04 4.173257e-02 2.162741e+00 9.717832e-04 9.999995e-01 -7.622054e-05 -3.300334e-01 -4.173252e-02 1.167129e-04 9.991287e-01 7.259186e+00
9.990827e-01 1.037171e-03 -4.280872e-02 2.301410e+00 -1.031275e-03 9.999995e-01 1.597847e-04 -3.352712e-01 4.280882e-02 -1.154869e-04 9.990832e-01 7.304642e+00
9.991145e-01 -9.139655e-04 4.206335e-02 2.371119e+00 9.067174e-04 9.999996e-01 1.914140e-04 -3.520134e-01 -4.206355e-02 -1.531012e-04 9.991148e-01 7.967586e+00
9.990783e-01 1.059531e-03 -4.291261e-02 2.392411e+00 -1.061293e-03 9.999994e-01 -1.829311e-05 -3.574409e-01 4.291252e-02 6.382288e-05 9.990787e-01 8.161809e+00
9.991164e-01 -8.464703e-04 4.201974e-02 2.171130e+00 8.450218e-04 9.999996e-01 5.225628e-05 -3.419896e-01 -4.201981e-02 -1.669872e-05 9.991167e-01 7.609042e+00
9.990906e-01 1.025491e-03 -4.262443e-02 2.007645e+00 -1.027026e-03 9.999995e-01 -1.413278e-05 -3.300538e-01 4.262435e-02 5.790011e-05 9.990911e-01 7.170466e+00
9.991405e-01 -8.564127e-04 4.144378e-02 1.912708e+00 8.542183e-04 9.999996e-01 7.068048e-05 -3.215864e-01 -4.144387e-02 -3.521391e-05 9.991407e-01 6.829687e+00
9.990961e-01 1.087862e-03 -4.249516e-02 1.718463e+00 -1.091799e-03 9.999994e-01 -6.943910e-05 -3.058955e-01 4.249501e-02 1.157763e-04 9.990966e-01 6.226104e+00
9.992114e-01 -7.928061e-04 3.969861e-02 1.474126e+00 7.903880e-04 9.999997e-01 7.663037e-05 -2.862696e-01 -3.969871e-02 -4.518887e-05 9.992116e-01 5.483716e+00
9.990151e-01 1.120119e-03 -4.435660e-02 1.218615e+00 -1.124480e-03 9.999994e-01 -7.338896e-05 -2.644306e-01 4.435645e-02 1.231985e-04 9.990157e-01 4.639810e+00
9.991556e-01 -8.875958e-04 4.107770e-02 1.094690e+00 8.851782e-04 9.999996e-01 7.706552e-05 -2.509231e-01 -4.107780e-02 -4.063562e-05 9.991559e-01 4.060022e+00
9.990686e-01 1.047336e-03 -4.313725e-02 1.061915e+00 -1.051224e-03 9.999994e-01 -6.747318e-05 -2.436219e-01 4.313712e-02 1.127610e-04 9.990691e-01 3.683155e+00
9.991646e-01 -8.835227e-04 4.085830e-02 1.041618e+00 8.817248e-04 9.999996e-01 6.204803e-05 -2.350049e-01 -4.085838e-02 -2.596669e-05 9.991649e-01 3.216991e+00
9.987929e-01 1.176748e-03 -4.910646e-02 9.868924e-01 -1.175267e-03 9.999993e-01 5.901185e-05 -2.226753e-01 4.910645e-02 -1.223712e-06 9.987935e-01 2.624506e+00
9.989058e-01 -1.099501e-03 4.675383e-02 1.227833e+00 1.104852e-03 9.999994e-01 -8.858174e-05 -2.259213e-01 -4.675375e-02 1.401446e-04 9.989063e-01 2.422012e+00
9.982222e-01 1.389925e-03 -5.958647e-02 1.394483e+00 -1.358580e-03 9.999989e-01 5.665363e-04 -2.294324e-01 5.958714e-02 -4.845724e-04 9.982229e-01 2.402941e+00
9.994150e-01 -9.310968e-04 3.418742e-02 1.496742e+00 9.155716e-04 9.999995e-01 4.698056e-04 -2.302344e-01 -3.418789e-02 -4.382259e-04 9.994152e-01 2.388082e+00
9.981150e-01 1.463319e-03 -6.135452e-02 1.628734e+00 -1.428632e-03 9.999988e-01 6.091937e-04 -2.324179e-01 6.135528e-02 -5.203884e-04 9.981158e-01 2.406533e+00
9.993270e-01 -9.792140e-04 3.666920e-02 1.693462e+00 9.689213e-04 9.999995e-01 2.984939e-04 -2.268492e-01 -3.666952e-02 -2.627595e-04 9.993273e-01 2.111547e+00
9.982142e-01 1.447032e-03 -5.971920e-02 1.797822e+00 -1.415912e-03 9.999988e-01 5.634000e-04 -2.248976e-01 5.971989e-02 -4.778328e-04 9.982150e-01 1.940105e+00
9.996928e-01 -8.236948e-04 2.476917e-02 1.865312e+00 8.016711e-04 9.999993e-01 8.991281e-04 -2.241256e-01 -2.476995e-02 -8.789912e-04 9.996927e-01 1.935623e+00
9.986144e-01 1.401464e-03 -5.260473e-02 1.888532e+00 -1.390039e-03 9.999990e-01 2.537520e-04 -2.202178e-01 5.260498e-02 -1.802737e-04 9.986153e-01 1.801197e+00
9.996764e-01 -8.839511e-04 2.542039e-02 1.920670e+00 8.639600e-04 9.999993e-01 7.974532e-04 -2.142373e-01 -2.542114e-02 -7.752288e-04 9.996764e-01 1.545709e+00
9.980527e-01 1.663586e-03 -6.235375e-02 1.905739e+00 -1.619965e-03 9.999984e-01 7.500982e-04 -2.066645e-01 6.235484e-02 -6.476224e-04 9.980537e-01 1.311410e+00
9.993714e-01 -1.176415e-03 3.543181e-02 2.035422e+00 1.164415e-03 9.999993e-01 3.593623e-04 -2.085872e-01 -3.543227e-02 -3.178748e-04 9.993719e-01 1.323104e+00
9.991574e-01 1.344640e-03 -4.101980e-02 2.143834e+00 -1.342575e-03 9.999991e-01 7.782981e-05 -2.246517e-01 4.101980e-02 -2.268773e-05 9.991582e-01 1.908570e+00
9.991601e-01 -1.221130e-03 4.095787e-02 2.204214e+00 1.209235e-03 9.999992e-01 3.152333e-04 -2.440900e-01 -4.095829e-02 -2.654365e-04 9.991607e-01 2.695102e+00
9.991636e-01 1.352458e-03 -4.086763e-02 2.251805e+00 -1.354744e-03 9.999991e-01 -2.829013e-05 -2.579036e-01 4.086749e-02 8.363603e-05 9.991645e-01 3.240704e+00
9.992271e-01 -1.238664e-03 3.928880e-02 2.284467e+00 1.227799e-03 9.999992e-01 3.007125e-04 -2.673469e-01 -3.928921e-02 -2.522369e-04 9.992278e-01 3.609261e+00
9.989659e-01 1.454140e-03 -4.544264e-02 2.324745e+00 -1.449301e-03 9.999989e-01 1.393921e-04 -2.769875e-01 4.544273e-02 -7.338344e-05 9.989669e-01 4.000305e+00
9.991230e-01 -1.269665e-03 4.185294e-02 2.215518e+00 1.267323e-03 9.999992e-01 8.255306e-05 -2.731868e-01 -4.185308e-02 -2.943505e-05 9.991237e-01 3.908679e+00
9.987572e-01 1.505009e-03 -4.981823e-02 2.243265e+00 -1.494448e-03 9.999989e-01 2.491947e-04 -2.741678e-01 4.981848e-02 -1.744298e-04 9.987582e-01 3.903043e+00
9.992929e-01 -1.272793e-03 3.757819e-02 2.418693e+00 1.268928e-03 9.999992e-01 1.267515e-04 -2.799126e-01 -3.757839e-02 -7.897335e-05 9.992936e-01 3.954515e+00
9.983519e-01 1.688039e-03 -5.736431e-02 2.489583e+00 -1.653496e-03 9.999984e-01 6.495882e-04 -2.774550e-01 5.736524e-02 -5.536615e-04 9.983530e-01 3.786533e+00
9.995219e-01 -1.150676e-03 3.089760e-02 2.414483e+00 1.135169e-03 9.999992e-01 5.194992e-04 -2.721575e-01 -3.089824e-02 -4.841724e-04 9.995223e-01 3.687866e+00
9.986279e-01 1.655771e-03 -5.234106e-02 2.299656e+00 -1.633138e-03 9.999986e-01 4.751392e-04 -2.667124e-01 5.234169e-02 -3.890025e-04 9.986291e-01 3.608653e+00
9.998015e-01 -1.011481e-03 1.989509e-02 2.213010e+00 9.925817e-04 9.999990e-01 9.598954e-04 -2.622734e-01 -1.989612e-02 -9.399528e-04 9.998015e-01 3.591543e+00
9.988134e-01 1.648065e-03 -4.867337e-02 2.081377e+00 -1.631506e-03 9.999986e-01 3.798876e-04 -2.563262e-01 4.867385e-02 -3.000213e-04 9.988146e-01 3.534917e+00
9.991656e-01 -1.360854e-03 4.082032e-02 1.855843e+00 1.363024e-03 9.999991e-01 -2.527359e-05 -2.453148e-01 -4.082033e-02 8.089625e-05 9.991664e-01 3.240692e+00
9.989656e-01 1.582526e-03 -4.544437e-02 1.640769e+00 -1.573857e-03 9.999987e-01 2.264725e-04 -2.351329e-01 4.544459e-02 -1.547107e-04 9.989668e-01 2.956304e+00
9.996093e-01 -1.149730e-03 2.792771e-02 1.459341e+00 1.132242e-03 9.999992e-01 6.420688e-04 -2.303792e-01 -2.792851e-02 -6.101923e-04 9.996097e-01 2.952869e+00
9.990906e-01 1.572254e-03 -4.260938e-02 1.394123e+00 -1.565524e-03 9.999988e-01 1.912638e-04 -2.353987e-01 4.260955e-02 -1.243792e-04 9.990917e-01 3.277807e+00
9.994888e-01 -1.284652e-03 3.194294e-02 1.380412e+00 1.278485e-03 9.999992e-01 2.135679e-04 -2.336863e-01 -3.194327e-02 -1.726154e-04 9.994896e-01 3.211009e+00
9.987773e-01 1.670654e-03 -4.940785e-02 1.424019e+00 -1.651989e-03 9.999985e-01 4.185650e-04 -2.287977e-01 4.940840e-02 -3.364272e-04 9.987785e-01 2.943848e+00
9.990701e-01 -1.441964e-03 4.309087e-02 1.320444e+00 1.446853e-03 9.999989e-01 -8.221827e-05 -2.235680e-01 -4.309079e-02 1.444927e-04 9.990711e-01 2.779291e+00
9.989576e-01 1.611922e-03 -4.561802e-02 1.222673e+00 -1.597116e-03 9.999987e-01 3.609676e-04 -2.243331e-01 4.561846e-02 -2.877294e-04 9.989588e-01 2.872776e+00
9.990397e-01 -1.443097e-03 4.379012e-02 1.175648e+00 1.448854e-03 9.999989e-01 -9.965558e-05 -2.282113e-01 -4.379002e-02 1.630101e-04 9.990407e-01 3.047790e+00
9.989788e-01 1.595099e-03 -4.515306e-02 1.306576e+00 -1.580155e-03 9.999987e-01 3.665848e-04 -2.437386e-01 4.515350e-02 -2.948569e-04 9.989799e-01 3.545787e+00
9.990730e-01 -1.539612e-03 4.301936e-02 1.653711e+00 1.550029e-03 9.999988e-01 -2.087371e-04 -2.715463e-01 -4.301907e-02 2.752297e-04 9.990741e-01 4.282828e+00
9.989664e-01 1.533341e-03 -4.542823e-02 2.085253e+00 -1.525809e-03 9.999988e-01 2.004200e-04 -2.950898e-01 4.542840e-02 -1.308934e-04 9.989675e-01 4.724750e+00
9.991343e-01 -1.596220e-03 4.156909e-02 2.601378e+00 1.613021e-03 9.999986e-01 -3.705731e-04 -3.132030e-01 -4.156852e-02 4.373089e-04 9.991355e-01 4.820910e+00
9.990404e-01 1.632793e-03 -4.376616e-02 2.864828e+00 -1.615957e-03 9.999986e-01 4.200022e-04 -3.263014e-01 4.376670e-02 -3.488703e-04 9.990416e-01 5.047340e+00
9.991352e-01 -1.575617e-03 4.154857e-02 3.157055e+00 1.594719e-03 9.999986e-01 -4.265664e-04 -3.368658e-01 -4.154793e-02 4.924605e-04 9.991363e-01 5.119219e+00
9.989383e-01 1.621987e-03 -4.603903e-02 3.542288e+00 -1.610452e-03 9.999987e-01 2.875885e-04 -3.423297e-01 4.603935e-02 -2.131349e-04 9.989395e-01 4.806943e+00
9.990457e-01 -1.559693e-03 4.364944e-02 3.885897e+00 1.579417e-03 9.999987e-01 -4.173377e-04 -3.467615e-01 -4.364882e-02 4.858848e-04 9.990467e-01 4.489873e+00
9.989222e-01 1.695631e-03 -4.638393e-02 4.074111e+00 -1.681517e-03 9.999985e-01 3.432514e-04 -3.445133e-01 4.638435e-02 -2.648815e-04 9.989236e-01 4.059490e+00
9.991118e-01 -1.644128e-03 4.210592e-02 4.406212e+00 1.660076e-03 9.999986e-01 -3.437491e-04 -3.557481e-01 -4.210538e-02 4.133475e-04 9.991130e-01 4.107239e+00
9.987036e-01 1.750730e-03 -5.087330e-02 4.764924e+00 -1.721900e-03 9.999983e-01 6.104695e-04 -3.788979e-01 5.087420e-02 -5.220747e-04 9.987049e-01 4.663842e+00
9.991180e-01 -1.756651e-03 4.195376e-02 5.472598e+00 1.780596e-03 9.999983e-01 -5.333146e-04 -4.229663e-01 -4.195284e-02 6.075515e-04 9.991193e-01 5.632635e+00
9.988181e-01 1.714915e-03 -4.857429e-02 6.222369e+00 -1.691349e-03 9.999984e-01 5.261978e-04 -4.711467e-01 4.857503e-02 -4.434152e-04 9.988194e-01 6.696547e+00
9.994683e-01 -1.526863e-03 3.256935e-02 6.628940e+00 1.529930e-03 9.999988e-01 -6.916233e-05 -4.950951e-01 -3.256930e-02 1.189590e-04 9.994694e-01 7.243848e+00
9.986226e-01 1.890784e-03 -5.243312e-02 6.890430e+00 -1.846892e-03 9.999979e-01 8.854921e-04 -5.115739e-01 5.243459e-02 -7.874296e-04 9.986240e-01 7.694399e+00
9.987650e-01 -1.781032e-03 4.965082e-02 7.131106e+00 1.816344e-03 9.999981e-01 -6.660290e-04 -5.321291e-01 -4.964963e-02 7.553941e-04 9.987663e-01 8.277372e+00
9.986794e-01 1.927117e-03 -5.133911e-02 7.272796e+00 -1.881106e-03 9.999978e-01 9.444668e-04 -5.480028e-01 5.134072e-02 -8.466406e-04 9.986808e-01 8.794048e+00
9.987674e-01 -1.780589e-03 4.960364e-02 7.393195e+00 1.816923e-03 9.999981e-01 -6.873417e-04 -5.608088e-01 -4.960241e-02 7.766251e-04 9.987687e-01 9.214569e+00
9.986301e-01 1.898455e-03 -5.229045e-02 7.588662e+00 -1.853748e-03 9.999979e-01 9.034034e-04 -5.765926e-01 5.229197e-02 -8.052279e-04 9.986314e-01 9.660539e+00
9.986086e-01 -1.792956e-03 5.270368e-02 7.811088e+00 1.832743e-03 9.999981e-01 -7.065394e-04 -5.954415e-01 -5.270240e-02 8.021533e-04 9.986099e-01 1.020704e+01
9.986995e-01 1.777283e-03 -5.095283e-02 8.212886e+00 -1.740344e-03 9.999982e-01 7.692744e-04 -6.184026e-01 5.095401e-02 -6.795939e-04 9.987007e-01 1.069322e+01
9.988525e-01 -1.715735e-03 4.786176e-02 8.553031e+00 1.748527e-03 9.999983e-01 -6.432112e-04 -6.415199e-01 -4.786066e-02 7.261653e-04 9.988537e-01 1.125178e+01
9.987303e-01 1.821056e-03 -5.034394e-02 8.772354e+00 -1.782579e-03 9.999981e-01 8.091329e-04 -6.576097e-01 5.034523e-02 -7.183589e-04 9.987315e-01 1.167627e+01
9.997165e-01 -1.351926e-03 2.377119e-02 8.940775e+00 1.345077e-03 9.999990e-01 3.042656e-04 -6.678517e-01 -2.377167e-02 -2.722006e-04 9.997173e-01 1.200208e+01
9.986043e-01 1.889891e-03 -5.278150e-02 9.157621e+00 -1.841516e-03 9.999978e-01 9.650705e-04 -6.816680e-01 5.278311e-02 -8.665209e-04 9.986056e-01 1.242812e+01
9.988697e-01 -1.751662e-03 4.749871e-02 9.373264e+00 1.785520e-03 9.999982e-01 -6.703366e-04 -7.016324e-01 -4.749754e-02 7.543935e-04 9.988710e-01 1.302812e+01
9.984047e-01 1.896458e-03 -5.643069e-02 9.722563e+00 -1.841835e-03 9.999978e-01 1.019909e-03 -7.283670e-01 5.643241e-02 -9.143417e-04 9.984059e-01 1.374775e+01
9.989021e-01 -1.754602e-03 4.681247e-02 1.012817e+01 1.790031e-03 9.999981e-01 -7.148314e-04 -7.606992e-01 -4.681122e-02 7.978471e-04 9.989034e-01 1.462242e+01
9.988003e-01 1.904707e-03 -4.893224e-02 1.032759e+01 -1.860626e-03 9.999978e-01 9.463499e-04 -7.798195e-01 4.893385e-02 -8.541653e-04 9.988016e-01 1.519966e+01
9.989982e-01 -1.789413e-03 4.471497e-02 1.052543e+01 1.824242e-03 9.999981e-01 -7.380608e-04 -7.943518e-01 -4.471365e-02 8.188970e-04 9.989994e-01 1.559439e+01
9.985903e-01 1.994170e-03 -5.304131e-02 1.071853e+01 -1.935363e-03 9.999975e-01 1.159978e-03 -8.101305e-01 5.304340e-02 -1.055684e-03 9.985916e-01 1.606311e+01
9.992408e-01 -1.739558e-03 3.891913e-02 1.102968e+01 1.765488e-03 9.999982e-01 -6.318211e-04 -8.337990e-01 -3.891805e-02 7.000574e-04 9.992421e-01 1.672115e+01
9.986644e-01 1.980712e-03 -5.162720e-02 1.130515e+01 -1.924112e-03 9.999975e-01 1.145930e-03 -8.539665e-01 5.162924e-02 -1.045059e-03 9.986657e-01 1.727856e+01
9.991769e-01 -1.764135e-03 4.052608e-02 1.155460e+01 1.793022e-03 9.999982e-01 -6.763842e-04 -8.735887e-01 -4.052491e-02 7.484964e-04 9.991782e-01 1.784045e+01
9.984425e-01 2.105942e-03 -5.575015e-02 1.175911e+01 -2.029025e-03 9.999969e-01 1.436185e-03 -8.923247e-01 5.575290e-02 -1.320825e-03 9.984437e-01 1.843994e+01
9.994817e-01 -1.599825e-03 3.215008e-02 1.190907e+01 1.609311e-03 9.999987e-01 -2.690744e-04 -9.080343e-01 -3.214971e-02 3.206792e-04 9.994829e-01 1.900966e+01
9.987414e-01 1.962681e-03 -5.011726e-02 1.218442e+01 -1.909159e-03 9.999976e-01 1.115714e-03 -9.363886e-01 5.011923e-02 -1.018624e-03 9.987427e-01 1.993042e+01
9.994707e-01 -1.715273e-03 3.248622e-02 1.264809e+01 1.734622e-03 9.999983e-01 -5.673455e-04 -9.718463e-01 -3.248529e-02 6.234012e-04 9.994720e-01 2.089113e+01
9.988780e-01 1.916411e-03 -4.731859e-02 1.306952e+01 -1.870168e-03 9.999977e-01 1.021452e-03 -1.000998e+00 4.732034e-02 -9.318078e-04 9.988793e-01 2.163594e+01
9.995143e-01 -1.667998e-03 3.111745e-02 1.340599e+01 1.681605e-03 9.999985e-01 -4.109795e-04 -1.026547e+00 -3.111681e-02 4.631119e-04 9.995156e-01 2.234758e+01
9.986904e-01 2.036152e-03 -5.112006e-02 1.372478e+01 -1.975184e-03 9.999973e-01 1.243064e-03 -1.052689e+00 5.112236e-02 -1.140460e-03 9.986917e-01 2.312352e+01
9.998788e-01 -1.429453e-03 1.550320e-02 1.396430e+01 1.425467e-03 9.999989e-01 2.683843e-04 -1.068249e+00 -1.550367e-02 -2.462478e-04 9.998797e-01 2.360885e+01
9.979845e-01 2.338703e-03 -6.341492e-02 1.417281e+01 -2.225860e-03 9.999958e-01 1.849969e-03 -1.078114e+00 6.341888e-02 -1.705083e-03 9.979855e-01 2.393794e+01
9.988190e-01 -2.012117e-03 4.854419e-02 1.441654e+01 2.074187e-03 9.999971e-01 -1.228207e-03 -1.093647e+00 -4.854168e-02 1.327451e-03 9.988202e-01 2.435016e+01
9.987760e-01 2.178074e-03 -4.941345e-02 1.453772e+01 -2.108902e-03 9.999967e-01 1.451874e-03 -1.105299e+00 4.941635e-02 -1.345884e-03 9.987773e-01 2.472114e+01
9.994116e-01 -1.946431e-03 3.424339e-02 1.494619e+01 1.976627e-03 9.999977e-01 -8.478468e-04 -1.138618e+00 -3.424176e-02 9.150390e-04 9.994131e-01 2.566392e+01
9.981470e-01 2.287414e-03 -6.080452e-02 1.563531e+01 -2.186805e-03 9.999961e-01 1.721049e-03 -1.193631e+00 6.080812e-02 -1.584888e-03 9.981482e-01 2.717090e+01
9.995266e-01 -1.917185e-03 3.070361e-02 1.636960e+01 1.943081e-03 9.999978e-01 -8.134485e-04 -1.249186e+00 -3.070209e-02 8.727277e-04 9.995281e-01 2.865453e+01
9.980897e-01 2.369597e-03 -6.173500e-02 1.699419e+01 -2.253525e-03 9.999956e-01 1.949651e-03 -1.299611e+00 6.173924e-02 -1.806801e-03 9.980906e-01 3.007576e+01
9.995072e-01 -1.949237e-03 3.132721e-02 1.766139e+01 1.980867e-03 9.999976e-01 -9.785205e-04 -1.350010e+00 -3.132532e-02 1.040098e-03 9.995087e-01 3.143302e+01
9.982875e-01 2.284317e-03 -5.845312e-02 1.836730e+01 -2.180062e-03 9.999959e-01 1.847203e-03 -1.404100e+00 5.845700e-02 -1.716604e-03 9.982884e-01 3.288325e+01
9.996370e-01 -1.888736e-03 2.687215e-02 1.910988e+01 1.913934e-03 9.999978e-01 -9.118259e-04 -1.458519e+00 -2.687046e-02 9.629309e-04 9.996384e-01 3.431374e+01
