9.994152e-01 -6.014071e-04 3.418894e-02 5.096798e-02 6.421798e-04 9.999991e-01 -1.181602e-03 -1.464728e-02 -3.418820e-02 1.202867e-03 9.994146e-01 5.318187e-01
9.999677e-01 -1.843279e-04 8.039787e-03 1.035945e-01 1.867578e-04 9.999999e-01 -3.014804e-04 -3.003266e-02 -8.039723e-03 3.029724e-04 9.999675e-01 1.107621e+00
9.994083e-01 -6.173339e-04 3.438867e-02 1.682612e-01 6.585492e-04 9.999991e-01 -1.187200e-03 -4.695792e-02 -3.438790e-02 1.209144e-03 9.994077e-01 1.728041e+00
9.999536e-01 -1.858035e-04 9.626664e-03 2.325986e-01 1.892760e-04 9.999999e-01 -3.598062e-04 -6.177215e-02 -9.626580e-03 3.616115e-04 9.999535e-01 2.264183e+00
9.997156e-01 -4.313198e-04 2.384416e-02 2.851934e-01 4.504504e-04 9.999996e-01 -7.969519e-04 -7.859513e-02 -2.384379e-02 8.074657e-04 9.997153e-01 2.879709e+00
9.998376e-01 -3.723811e-04 1.801974e-02 3.455135e-01 3.846781e-04 9.999997e-01 -6.789531e-04 -9.545801e-02 -1.801946e-02 6.857743e-04 9.998373e-01 3.505094e+00
9.997946e-01 -3.593651e-04 2.026330e-02 3.951772e-01 3.728374e-04 9.999997e-01 -6.610854e-04 -1.109265e-01 -2.026303e-02 6.685040e-04 9.997944e-01 4.084262e+00
9.999035e-01 -2.924663e-04 1.388978e-02 4.512186e-01 2.997555e-04 9.999998e-01 -5.227012e-04 -1.287492e-01 -1.388960e-02 5.268136e-04 9.999033e-01 4.738388e+00
9.995878e-01 -5.100125e-04 2.870502e-02 5.179087e-01 5.382888e-04 9.999994e-01 -9.773415e-04 -1.447702e-01 -2.870447e-02 9.923895e-04 9.995874e-01 5.318340e+00
9.999128e-01 -2.776157e-04 1.320496e-02 5.813183e-01 2.842457e-04 9.999998e-01 -5.002010e-04 -1.611993e-01 -1.320478e-02 5.039099e-04 9.999126e-01 5.919893e+00
9.994122e-01 -6.074655e-04 3.427658e-02 6.393944e-01 6.484844e-04 9.999991e-01 -1.185593e-03 -1.754277e-01 -3.427578e-02 1.207123e-03 9.994116e-01 6.454713e+00
9.999944e-01 -1.001917e-04 3.345607e-03 6.947422e-01 1.006323e-04 1.000000e+00 -1.314225e-04 -1.913217e-01 -3.345547e-03 1.317572e-04 9.999943e-01 7.039283e+00
9.994477e-01 -6.624973e-04 3.322405e-02 7.573973e-01 7.008141e-04 9.999991e-01 -1.141645e-03 -2.113058e-01 -3.322321e-02 1.164297e-03 9.994472e-01 7.785069e+00
9.998882e-01 -2.615658e-04 1.494718e-02 8.265278e-01 2.700815e-04 9.999998e-01 -5.676786e-04 -2.280218e-01 -1.494697e-02 5.716505e-04 9.998880e-01 8.407270e+00
9.996061e-01 -5.905273e-04 2.805954e-02 9.016282e-01 6.172976e-04 9.999994e-01 -9.453793e-04 -2.456310e-01 -2.805891e-02 9.623263e-04 9.996057e-01 9.046578e+00
9.999692e-01 1.166885e-04 -7.841792e-03 9.294037e-01 -1.147829e-04 1.000000e+00 2.433830e-04 -2.689489e-01 7.841879e-03 -2.424772e-04 9.999691e-01 9.959351e+00
9.994996e-01 -7.078298e-04 3.162429e-02 9.538448e-01 7.409190e-04 9.999992e-01 -1.034598e-03 -2.914984e-01 -3.162347e-02 1.057509e-03 9.994992e-01 1.085465e+01
9.999844e-01 -4.809860e-05 5.580923e-03 1.025619e+00 4.956904e-05 1.000000e+00 -2.632080e-04 -3.114906e-01 -5.580847e-03 2.634786e-04 9.999843e-01 1.158472e+01
9.998706e-01 -4.613869e-04 1.608045e-02 1.054489e+00 4.691330e-04 9.999998e-01 -4.778899e-04 -3.339038e-01 -1.608016e-02 4.853698e-04 9.998705e-01 1.245896e+01
9.997597e-01 -3.226712e-04 2.191769e-02 1.120659e+00 3.414769e-04 9.999996e-01 -8.542410e-04 -3.529591e-01 -2.191734e-02 8.615179e-04 9.997593e-01 1.316353e+01
9.997468e-01 -5.314061e-04 2.249537e-02 1.200380e+00 5.474725e-04 9.999996e-01 -7.080158e-04 -3.691694e-01 -2.249491e-02 7.201498e-04 9.997466e-01 1.373920e+01
9.999999e-01 -1.602245e-05 3.241044e-04 1.261347e+00 1.604928e-05 1.000000e+00 -7.950314e-05 -3.926676e-01 -3.240303e-04 7.950591e-05 9.999999e-01 1.461176e+01
9.999758e-01 -3.221536e-04 6.949210e-03 1.252197e+00 3.231958e-04 9.999999e-01 -1.486914e-04 -4.186695e-01 -6.949088e-03 1.509313e-04 9.999758e-01 1.568788e+01
9.999979e-01 -3.757738e-05 2.041993e-03 1.267208e+00 3.781940e-05 1.000000e+00 -1.179373e-04 -4.443933e-01 -2.041914e-03 1.180117e-04 9.999978e-01 1.671309e+01
9.999971e-01 -2.553991e-04 2.402484e-03 1.266779e+00 2.553788e-04 1.000000e+00 9.233530e-06 -4.703630e-01 -2.402412e-03 -8.622479e-06 9.999970e-01 1.777109e+01
9.999998e-01 2.748981e-05 -6.571576e-04 1.259023e+00 -2.749755e-05 1.000000e+00 -1.351029e-05 -4.950043e-01 6.572317e-04 1.352584e-05 9.999997e-01 1.878159e+01
9.999832e-01 -3.050792e-04 5.784758e-03 1.258816e+00 3.057245e-04 9.999999e-01 -1.104656e-04 -5.185224e-01 -5.784649e-03 1.122297e-04 9.999832e-01 1.973781e+01
9.999923e-01 -5.236393e-05 3.920757e-03 1.289096e+00 5.307227e-05 1.000000e+00 -1.802589e-04 -5.422872e-01 -3.920672e-03 1.804631e-04 9.999922e-01 2.065956e+01
9.999958e-01 -2.961160e-04 2.877193e-03 1.273674e+00 2.962476e-04 1.000000e+00 -4.487798e-05 -5.691701e-01 -2.877104e-03 4.572755e-05 9.999958e-01 2.178537e+01
9.999979e-01 2.534611e-05 -2.033037e-03 1.226401e+00 -2.518615e-05 1.000000e+00 7.810598e-05 -5.980790e-01 2.033115e-03 -7.805722e-05 9.999978e-01 2.303964e+01
9.999965e-01 -2.849448e-04 2.636886e-03 1.170131e+00 2.850722e-04 1.000000e+00 -4.746845e-05 -6.262970e-01 -2.636797e-03 4.821736e-05 9.999964e-01 2.427861e+01
9.999993e-01 3.755675e-05 -1.189037e-03 1.134377e+00 -3.749990e-05 1.000000e+00 4.679758e-05 -6.524972e-01 1.189115e-03 -4.675557e-05 9.999992e-01 2.540055e+01
9.999822e-01 -3.737978e-04 5.945683e-03 1.098682e+00 3.749056e-04 9.999999e-01 -1.849842e-04 -6.812535e-01 -5.945537e-03 1.872073e-04 9.999822e-01 2.663569e+01
9.999861e-01 7.672850e-05 -5.273593e-03 1.021743e+00 -7.559940e-05 1.000000e+00 2.140641e-04 -7.122201e-01 5.273686e-03 -2.136651e-04 9.999860e-01 2.802309e+01
9.999845e-01 -3.331875e-04 5.552445e-03 9.699313e-01 3.340448e-04 9.999999e-01 -1.532524e-04 -7.414705e-01 -5.552317e-03 1.551022e-04 9.999845e-01 2.929350e+01
9.999869e-01 1.051938e-04 -5.116488e-03 9.176932e-01 -1.041613e-04 1.000000e+00 2.018339e-04 -7.687927e-01 5.116586e-03 -2.013009e-04 9.999868e-01 3.048265e+01
9.999877e-01 -3.199799e-04 4.941531e-03 8.422977e-01 3.206843e-04 9.999999e-01 -1.415067e-04 -7.963517e-01 -4.941409e-03 1.430870e-04 9.999877e-01 3.171746e+01
9.999888e-01 1.463901e-04 -4.720761e-03 7.677934e-01 -1.455401e-04 1.000000e+00 1.801284e-04 -8.209908e-01 4.720864e-03 -1.794420e-04 9.999888e-01 3.282874e+01
9.999892e-01 -3.480430e-04 4.632575e-03 6.918814e-01 3.486115e-04 9.999999e-01 -1.216303e-04 -8.479379e-01 -4.632456e-03 1.232413e-04 9.999892e-01 3.403796e+01
9.999903e-01 1.429688e-04 -4.406019e-03 6.255959e-01 -1.422036e-04 1.000000e+00 1.737101e-04 -8.746540e-01 4.406120e-03 -1.730845e-04 9.999902e-01 3.522266e+01
9.999907e-01 -3.312797e-04 4.302238e-03 5.189925e-01 3.319022e-04 9.999999e-01 -1.437048e-04 -9.005683e-01 -4.302114e-03 1.451287e-04 9.999907e-01 3.643998e+01
9.999901e-01 1.014974e-04 -4.439934e-03 4.074153e-01 -1.007198e-04 1.000000e+00 1.750710e-04 -9.287607e-01 4.440028e-03 -1.746247e-04 9.999900e-01 3.776318e+01
9.999928e-01 -3.213498e-04 3.775881e-03 2.978221e-01 3.218140e-04 9.999999e-01 -1.219750e-04 -9.570998e-01 -3.775765e-03 1.231865e-04 9.999928e-01 3.908612e+01
9.999882e-01 9.030395e-05 -4.846438e-03 1.834483e-01 -8.940309e-05 1.000000e+00 1.858333e-04 -9.858946e-01 4.846531e-03 -1.854005e-04 9.999882e-01 4.043205e+01
9.999911e-01 -2.434960e-04 4.206936e-03 4.905299e-02 2.441689e-04 1.000000e+00 -1.591372e-04 -1.009910e+00 -4.206821e-03 1.601603e-04 9.999911e-01 4.161030e+01
9.999923e-01 8.027781e-05 -3.926796e-03 -1.433491e-02 -7.949654e-05 1.000000e+00 1.987870e-04 -1.033515e+00 3.926888e-03 -1.984760e-04 9.999922e-01 4.266349e+01
9.999879e-01 -2.893051e-04 4.916942e-03 -7.172526e-02 2.903037e-04 9.999999e-01 -2.021339e-04 -1.057846e+00 -4.916807e-03 2.035562e-04 9.999878e-01 4.374152e+01
9.999876e-01 9.547235e-05 -4.985390e-03 -1.398950e-01 -9.416727e-05 1.000000e+00 2.617565e-04 -1.084126e+00 4.985491e-03 -2.612865e-04 9.999875e-01 4.491305e+01
9.999816e-01 -3.698515e-04 6.050961e-03 -1.723966e-01 3.712691e-04 9.999999e-01 -2.329481e-04 -1.112554e+00 -6.050798e-03 2.351877e-04 9.999816e-01 4.612157e+01
9.999939e-01 9.275578e-05 -3.492793e-03 -1.949763e-01 -9.209544e-05 1.000000e+00 1.888462e-04 -1.139234e+00 3.492887e-03 -1.885261e-04 9.999938e-01 4.724470e+01
9.999537e-01 -4.053721e-04 9.607482e-03 -1.830204e-01 4.088870e-04 9.999999e-01 -3.637576e-04 -1.164359e+00 -9.607256e-03 3.676664e-04 9.999537e-01 4.825155e+01
9.999965e-01 4.085686e-05 -2.625148e-03 -2.087811e-01 -4.047040e-05 1.000000e+00 1.467532e-04 -1.192355e+00 2.625232e-03 -1.466492e-04 9.999965e-01 4.944124e+01
9.999493e-01 -3.543464e-04 1.006360e-02 -2.264978e-01 3.582000e-04 9.999999e-01 -3.809905e-04 -1.215710e+00 -1.006339e-02 3.845731e-04 9.999492e-01 5.041964e+01
9.999898e-01 7.512999e-05 -4.507393e-03 -2.519225e-01 -7.417908e-05 1.000000e+00 2.108229e-04 -1.239679e+00 4.507487e-03 -2.104893e-04 9.999897e-01 5.143510e+01
9.999496e-01 -3.877764e-04 1.003286e-02 -2.721790e-01 3.913730e-04 9.999999e-01 -3.563833e-04 -1.266717e+00 -1.003264e-02 3.602890e-04 9.999495e-01 5.257005e+01
9.999609e-01 1.232995e-04 -8.835172e-03 -3.149503e-01 -1.200664e-04 9.999999e-01 3.663037e-04 -1.294326e+00 8.835295e-03 -3.652314e-04 9.999608e-01 5.376425e+01
9.999506e-01 -4.091969e-04 9.925450e-03 -3.818309e-01 4.127969e-04 9.999998e-01 -3.605180e-04 -1.323475e+00 -9.925222e-03 3.645945e-04 9.999506e-01 5.506138e+01
9.999549e-01 1.544649e-04 -9.492078e-03 -4.496722e-01 -1.506063e-04 9.999999e-01 4.070726e-04 -1.352657e+00 9.492219e-03 -4.056276e-04 9.999548e-01 5.635591e+01
9.999588e-01 -4.293052e-04 9.069203e-03 -5.136210e-01 4.321863e-04 9.999999e-01 -3.155685e-04 -1.384510e+00 -9.068988e-03 3.194721e-04 9.999587e-01 5.775305e+01
9.999591e-01 8.616903e-05 -9.046846e-03 -5.456194e-01 -8.239622e-05 9.999999e-01 4.172416e-04 -1.419505e+00 9.046960e-03 -4.164819e-04 9.999589e-01 5.923570e+01
9.999619e-01 -4.013409e-04 8.722131e-03 -5.379553e-01 4.038440e-04 9.999999e-01 -2.850615e-04 -1.452745e+00 -8.721936e-03 2.885701e-04 9.999618e-01 6.058014e+01
9.999599e-01 1.284021e-04 -8.948110e-03 -5.040430e-01 -1.245408e-04 9.999999e-01 4.319105e-04 -1.483612e+00 8.948243e-03 -4.307816e-04 9.999598e-01 6.177920e+01
9.999608e-01 -3.540101e-04 8.848882e-03 -4.843263e-01 3.568040e-04 9.999999e-01 -3.140048e-04 -1.511200e+00 -8.848692e-03 3.171469e-04 9.999607e-01 6.286394e+01
9.999757e-01 -7.199324e-06 -6.963533e-03 -4.824944e-01 9.614039e-06 9.999999e-01 3.465236e-04 -1.544113e+00 6.963609e-03 -3.465850e-04 9.999756e-01 6.421042e+01
9.999579e-01 -4.750044e-04 9.164260e-03 -5.237727e-01 4.780969e-04 9.999998e-01 -3.351096e-04 -1.583653e+00 -9.164020e-03 3.394739e-04 9.999579e-01 6.590463e+01
9.999838e-01 -6.715730e-05 -5.682621e-03 -5.775828e-01 6.870072e-05 1.000000e+00 2.711475e-04 -1.624696e+00 5.682682e-03 -2.715365e-04 9.999837e-01 6.768823e+01
9.999811e-01 -3.024144e-04 6.134394e-03 -5.698405e-01 3.034366e-04 9.999999e-01 -1.654729e-04 -1.659932e+00 -6.134264e-03 1.673282e-04 9.999811e-01 6.911855e+01
9.999813e-01 3.707270e-05 -6.109350e-03 -5.559727e-01 -3.537194e-05 1.000000e+00 2.782508e-04 -1.689297e+00 6.109439e-03 -2.780324e-04 9.999812e-01 7.028700e+01
9.999844e-01 -3.663878e-04 5.568992e-03 -5.575422e-01 3.671175e-04 9.999999e-01 -1.297446e-04 -1.724469e+00 -5.568865e-03 1.317841e-04 9.999844e-01 7.172268e+01
9.999750e-01 4.984436e-05 -7.061903e-03 -5.301523e-01 -4.746314e-05 9.999999e-01 3.371499e-04 -1.759641e+00 7.061998e-03 -3.368093e-04 9.999749e-01 7.310465e+01
9.999836e-01 -4.668515e-04 5.706032e-03 -5.320369e-01 4.677342e-04 9.999999e-01 -1.531089e-04 -1.800001e+00 -5.705881e-03 1.557723e-04 9.999836e-01 7.475695e+01
9.999814e-01 1.061125e-04 -6.088229e-03 -5.784811e-01 -1.045204e-04 1.000000e+00 2.615690e-04 -1.836040e+00 6.088335e-03 -2.609308e-04 9.999814e-01 7.630319e+01
9.999751e-01 -4.045099e-04 7.044788e-03 -5.955099e-01 4.059698e-04 9.999999e-01 -2.055991e-04 -1.866608e+00 -7.044625e-03 2.084509e-04 9.999751e-01 7.757481e+01
9.999791e-01 1.152834e-04 -6.468326e-03 -6.272150e-01 -1.135355e-04 1.000000e+00 2.703603e-04 -1.897402e+00 6.468436e-03 -2.696232e-04 9.999790e-01 7.887726e+01
9.999820e-01 -4.515684e-04 5.985734e-03 -6.896885e-01 4.525727e-04 9.999999e-01 -1.661841e-04 -1.932914e+00 -5.985579e-03 1.688871e-04 9.999820e-01 8.042588e+01
9.999787e-01 9.420261e-05 -6.516463e-03 -7.479728e-01 -9.240442e-05 1.000000e+00 2.760163e-04 -1.969404e+00 6.516567e-03 -2.754113e-04 9.999786e-01 8.200994e+01
9.999772e-01 -4.359548e-04 6.733254e-03 -7.988939e-01 4.373082e-04 9.999999e-01 -1.993079e-04 -2.003807e+00 -6.733087e-03 2.022449e-04 9.999772e-01 8.349580e+01
9.999762e-01 1.276067e-04 -6.889511e-03 -8.496658e-01 -1.255724e-04 9.999999e-01 2.954858e-04 -2.037184e+00 6.889627e-03 -2.946167e-04 9.999761e-01 8.493575e+01
9.999770e-01 -4.428217e-04 6.767637e-03 -9.148001e-01 4.442748e-04 9.999999e-01 -2.129975e-04 -2.070840e+00 -6.767463e-03 2.159963e-04 9.999770e-01 8.641060e+01
9.999746e-01 1.032179e-04 -7.120853e-03 -9.919401e-01 -1.010368e-04 9.999999e-01 3.064511e-04 -2.106584e+00 7.120963e-03 -3.057269e-04 9.999745e-01 8.799346e+01
9.999784e-01 -4.475816e-04 6.560980e-03 -1.066763e+00 4.489714e-04 9.999999e-01 -2.101210e-04 -2.142397e+00 -6.560806e-03 2.130591e-04 9.999784e-01 8.957556e+01
9.999749e-01 1.920249e-04 -7.079580e-03 -1.136554e+00 -1.899033e-04 9.999999e-01 3.001354e-04 -2.173033e+00 7.079716e-03 -2.987865e-04 9.999748e-01 9.092984e+01
9.999803e-01 -4.196392e-04 6.257715e-03 -1.201131e+00 4.208695e-04 9.999999e-01 -1.950556e-04 -2.202801e+00 -6.257553e-03 1.976824e-04 9.999803e-01 9.223679e+01
9.999767e-01 1.768017e-04 -6.828416e-03 -1.262049e+00 -1.748153e-04 9.999999e-01 2.912781e-04 -2.232684e+00 6.828546e-03 -2.900806e-04 9.999766e-01 9.354389e+01
9.999795e-01 -4.212795e-04 6.382266e-03 -1.314810e+00 4.225233e-04 9.999999e-01 -1.933160e-04 -2.262750e+00 -6.382105e-03 1.960056e-04 9.999795e-01 9.484563e+01
9.999821e-01 1.355245e-04 -5.975679e-03 -1.357372e+00 -1.339276e-04 1.000000e+00 2.673866e-04 -2.293950e+00 5.975793e-03 -2.665846e-04 9.999820e-01 9.618156e+01
9.999759e-01 -4.756989e-04 6.923167e-03 -1.399515e+00 4.772250e-04 9.999999e-01 -2.185676e-04 -2.327273e+00 -6.922984e-03 2.218632e-04 9.999759e-01 9.761085e+01
9.999749e-01 2.005266e-04 -7.078973e-03 -1.432397e+00 -1.982782e-04 9.999999e-01 3.180978e-04 -2.358419e+00 7.079115e-03 -3.166893e-04 9.999748e-01 9.892903e+01
9.999734e-01 -4.339524e-04 7.283597e-03 -1.472344e+00 4.357556e-04 9.999999e-01 -2.457857e-04 -2.386594e+00 -7.283410e-03 2.489500e-04 9.999734e-01 1.001333e+02
9.999748e-01 1.675546e-04 -7.090169e-03 -1.518744e+00 -1.652656e-04 9.999999e-01 3.232170e-04 -2.417100e+00 7.090301e-03 -3.220402e-04 9.999747e-01 1.014472e+02
9.999762e-01 -4.376473e-04 6.888073e-03 -1.520726e+00 4.390418e-04 9.999999e-01 -2.007358e-04 -2.448043e+00 -6.887906e-03 2.037522e-04 9.999762e-01 1.027061e+02
9.999774e-01 1.545094e-04 -6.719163e-03 -1.544438e+00 -1.525568e-04 9.999999e-01 2.908876e-04 -2.479066e+00 6.719286e-03 -2.898590e-04 9.999773e-01 1.040046e+02
9.999807e-01 -3.650781e-04 6.200553e-03 -1.605697e+00 3.663377e-04 9.999999e-01 -2.017732e-04 -2.507103e+00 -6.200400e-03 2.040377e-04 9.999807e-01 1.052340e+02
9.999795e-01 1.922256e-04 -6.402419e-03 -1.645701e+00 -1.903317e-04 9.999999e-01 2.961675e-04 -2.533154e+00 6.402555e-03 -2.949459e-04 9.999794e-01 1.063452e+02
9.999815e-01 -4.555525e-04 6.064039e-03 -1.667180e+00 4.566815e-04 9.999999e-01 -1.845488e-04 -2.563736e+00 -6.063876e-03 1.873116e-04 9.999815e-01 1.076201e+02
9.999822e-01 1.548841e-04 -5.962470e-03 -1.695313e+00 -1.532426e-04 1.000000e+00 2.755075e-04 -2.595568e+00 5.962591e-03 -2.745919e-04 9.999821e-01 1.089609e+02
9.999802e-01 -3.754425e-04 6.284617e-03 -1.733499e+00 3.767997e-04 9.999999e-01 -2.145309e-04 -2.622522e+00 -6.284457e-03 2.168916e-04 9.999801e-01 1.101108e+02
9.999798e-01 1.685477e-04 -6.347161e-03 -1.795080e+00 -1.667487e-04 9.999999e-01 2.837166e-04 -2.649697e+00 6.347287e-03 -2.826556e-04 9.999797e-01 1.113061e+02
9.999802e-01 -3.741419e-04 6.279353e-03 -1.854501e+00 3.754565e-04 9.999999e-01 -2.079325e-04 -2.677316e+00 -6.279196e-03 2.102830e-04 9.999802e-01 1.125154e+02
9.999780e-01 1.335943e-04 -6.632235e-03 -1.912383e+00 -1.316044e-04 9.999999e-01 3.002311e-04 -2.707128e+00 6.632353e-03 -2.993548e-04 9.999779e-01 1.138149e+02
9.999799e-01 -4.016664e-04 6.332333e-03 -1.969803e+00 4.029819e-04 9.999999e-01 -2.062333e-04 -2.738525e+00 -6.332170e-03 2.087778e-04 9.999798e-01 1.151800e+02
9.999813e-01 1.167732e-04 -6.103565e-03 -2.026392e+00 -1.150780e-04 1.000000e+00 2.778471e-04 -2.769871e+00 6.103675e-03 -2.771426e-04 9.999813e-01 1.165439e+02
9.999774e-01 -3.853274e-04 6.701832e-03 -2.083942e+00 3.868865e-04 9.999999e-01 -2.311189e-04 -2.799594e+00 -6.701663e-03 2.337034e-04 9.999774e-01 1.178431e+02
9.999784e-01 1.002713e-04 -6.566656e-03 -2.136679e+00 -9.821604e-05 9.999999e-01 3.130734e-04 -2.831455e+00 6.566766e-03 -3.124247e-04 9.999783e-01 1.192230e+02
9.999746e-01 -4.555018e-04 7.105984e-03 -2.182825e+00 4.572423e-04 9.999999e-01 -2.430983e-04 -2.866297e+00 -7.105793e-03 2.463382e-04 9.999746e-01 1.207197e+02
9.999733e-01 1.235346e-04 -7.301613e-03 -2.253794e+00 -1.211370e-04 9.999999e-01 3.285883e-04 -2.900912e+00 7.301732e-03 -3.276981e-04 9.999732e-01 1.222451e+02
9.999747e-01 -3.939467e-04 7.096315e-03 -2.306076e+00 3.956620e-04 9.999999e-01 -2.400982e-04 -2.931927e+00 -7.096141e-03 2.428967e-04 9.999747e-01 1.235876e+02
9.999792e-01 1.113748e-04 -6.447459e-03 -2.334067e+00 -1.093617e-04 9.999999e-01 3.123386e-04 -2.962538e+00 6.447572e-03 -3.116301e-04 9.999791e-01 1.248762e+02
9.998982e-01 -5.005540e-04 1.425647e-02 -2.319304e+00 5.082277e-04 9.999997e-01 -5.345350e-04 -2.991864e+00 -1.425612e-02 5.417229e-04 9.998981e-01 1.260527e+02
1.000000e+00 -4.504234e-06 -6.703530e-05 -2.311122e+00 4.509788e-06 1.000000e+00 5.867756e-05 -3.022121e+00 6.711519e-05 -5.868105e-05 9.999999e-01 1.272863e+02
9.999935e-01 -3.801748e-04 3.580233e-03 -2.343560e+00 3.806438e-04 9.999999e-01 -1.298385e-04 -3.054411e+00 -3.580103e-03 1.311973e-04 9.999935e-01 1.286611e+02
9.999954e-01 1.238645e-04 -3.022360e-03 -2.355550e+00 -1.232296e-04 1.000000e+00 2.096954e-04 -3.083382e+00 3.022466e-03 -2.093252e-04 9.999953e-01 1.298551e+02
9.999683e-01 -4.138158e-04 7.945063e-03 -2.321132e+00 4.163053e-04 9.999999e-01 -3.114784e-04 -3.110015e+00 -7.944852e-03 3.147728e-04 9.999683e-01 1.308826e+02
9.999899e-01 8.318522e-05 -4.478049e-03 -2.344721e+00 -8.207704e-05 1.000000e+00 2.472749e-04 -3.139889e+00 4.478150e-03 -2.469081e-04 9.999899e-01 1.321398e+02
9.999860e-01 -4.544672e-04 5.272920e-03 -2.391885e+00 4.554593e-04 9.999999e-01 -1.866360e-04 -3.175380e+00 -5.272753e-03 1.890318e-04 9.999860e-01 1.336662e+02
9.999900e-01 9.149194e-05 -4.477414e-03 -2.436845e+00 -9.037682e-05 1.000000e+00 2.488752e-04 -3.210285e+00 4.477517e-03 -2.484713e-04 9.999899e-01 1.351645e+02
9.999852e-01 -4.231161e-04 5.419154e-03 -2.470722e+00 4.242014e-04 9.999999e-01 -1.988005e-04 -3.242982e+00 -5.418988e-03 2.010931e-04 9.999852e-01 1.365525e+02
9.999844e-01 1.326120e-04 -5.583406e-03 -2.518011e+00 -1.309933e-04 9.999999e-01 2.899833e-04 -3.274989e+00 5.583525e-03 -2.892507e-04 9.999843e-01 1.379295e+02
9.999874e-01 -3.504560e-04 4.996545e-03 -2.563713e+00 3.513866e-04 9.999999e-01 -1.850284e-04 -3.303698e+00 -4.996399e-03 1.867785e-04 9.999874e-01 1.391612e+02
9.999810e-01 2.435644e-04 -6.149685e-03 -2.611801e+00 -2.417266e-04 9.999999e-01 2.993110e-04 -3.328284e+00 6.149838e-03 -2.978220e-04 9.999810e-01 1.402203e+02
9.999847e-01 -4.157372e-04 5.514694e-03 -2.655505e+00 4.167727e-04 9.999999e-01 -1.863131e-04 -3.355579e+00 -5.514535e-03 1.886053e-04 9.999847e-01 1.413866e+02
9.999831e-01 2.022343e-04 -5.801594e-03 -2.705281e+00 -2.006363e-04 9.999999e-01 2.757256e-04 -3.383538e+00 5.801730e-03 -2.745602e-04 9.999831e-01 1.425939e+02
9.999848e-01 -3.344415e-04 5.495073e-03 -2.737603e+00 3.354350e-04 9.999999e-01 -1.795785e-04 -3.408002e+00 -5.494932e-03 1.814158e-04 9.999848e-01 1.436232e+02
9.999844e-01 1.045942e-04 -5.577800e-03 -2.782933e+00 -1.030998e-04 1.000000e+00 2.678929e-04 -3.436847e+00 5.577908e-03 -2.673169e-04 9.999843e-01 1.448609e+02
9.999870e-01 -3.472349e-04 5.090514e-03 -2.828736e+00 3.480627e-04 9.999999e-01 -1.613989e-04 -3.467069e+00 -5.090377e-03 1.631654e-04 9.999870e-01 1.461574e+02
9.999827e-01 7.713721e-05 -5.886371e-03 -2.856795e+00 -7.541329e-05 1.000000e+00 2.927986e-04 -3.498741e+00 5.886474e-03 -2.923529e-04 9.999826e-01 1.474853e+02
9.999813e-01 -3.637976e-04 6.102424e-03 -2.884710e+00 3.650498e-04 9.999999e-01 -2.038116e-04 -3.530094e+00 -6.102268e-03 2.060322e-04 9.999813e-01 1.488032e+02
9.999855e-01 1.454261e-04 -5.383813e-03 -2.921398e+00 -1.441121e-04 1.000000e+00 2.441412e-04 -3.556116e+00 5.383929e-03 -2.433650e-04 9.999854e-01 1.499124e+02
9.999772e-01 -3.604550e-04 6.734634e-03 -2.964085e+00 3.620171e-04 9.999999e-01 -2.304742e-04 -3.581927e+00 -6.734470e-03 2.329037e-04 9.999772e-01 1.510232e+02
9.999809e-01 1.541412e-04 -6.168687e-03 -2.963465e+00 -1.522161e-04 9.999999e-01 3.122684e-04 -3.608164e+00 6.168816e-03 -3.113268e-04 9.999808e-01 1.520810e+02
9.999763e-01 -3.160672e-04 6.880734e-03 -2.931659e+00 3.177266e-04 9.999999e-01 -2.398293e-04 -3.631559e+00 -6.880577e-03 2.420065e-04 9.999762e-01 1.529665e+02
9.999749e-01 1.802936e-04 -7.086229e-03 -2.955161e+00 -1.779227e-04 9.999999e-01 3.349623e-04 -3.655016e+00 7.086370e-03 -3.336963e-04 9.999748e-01 1.539413e+02
9.999712e-01 -3.646352e-04 7.576988e-03 -2.969637e+00 3.666761e-04 9.999999e-01 -2.677523e-04 -3.679854e+00 -7.576809e-03 2.705196e-04 9.999712e-01 1.549626e+02
9.999731e-01 1.680722e-04 -7.333255e-03 -2.952801e+00 -1.652782e-04 9.999999e-01 3.813654e-04 -3.706450e+00 7.333399e-03 -3.801463e-04 9.999730e-01 1.560077e+02
9.999725e-01 -3.606172e-04 7.403542e-03 -2.934757e+00 3.626412e-04 9.999999e-01 -2.718111e-04 -3.732154e+00 -7.403362e-03 2.744851e-04 9.999725e-01 1.570125e+02
9.999754e-01 1.880981e-04 -7.009872e-03 -2.966039e+00 -1.857643e-04 9.999999e-01 3.333393e-04 -3.756573e+00 7.010015e-03 -3.320321e-04 9.999753e-01 1.580432e+02
9.999740e-01 -3.778732e-04 7.193885e-03 -3.006868e+00 3.797638e-04 9.999999e-01 -2.612163e-04 -3.782608e+00 -7.193704e-03 2.639382e-04 9.999740e-01 1.591571e+02
9.999725e-01 1.314964e-04 -7.409021e-03 -3.050980e+00 -1.288412e-04 9.999999e-01 3.586173e-04 -3.812685e+00 7.409149e-03 -3.576561e-04 9.999724e-01 1.604456e+02
9.999730e-01 -3.878935e-04 7.340848e-03 -3.088971e+00 3.898460e-04 9.999999e-01 -2.643182e-04 -3.842931e+00 -7.340664e-03 2.671696e-04 9.999729e-01 1.617311e+02
9.999788e-01 4.280498e-05 -6.512552e-03 -3.083214e+00 -4.042198e-05 9.999999e-01 3.657740e-04 -3.877457e+00 6.512649e-03 -3.655063e-04 9.999786e-01 1.631313e+02
9.999761e-01 -3.865618e-04 6.904315e-03 -3.113563e+00 3.885852e-04 9.999999e-01 -2.914778e-04 -3.911327e+00 -6.904121e-03 2.941504e-04 9.999760e-01 1.645627e+02
9.999819e-01 9.109914e-05 -6.009149e-03 -3.159622e+00 -8.904158e-05 9.999999e-01 3.423819e-04 -3.942416e+00 6.009261e-03 -3.418440e-04 9.999818e-01 1.659005e+02
9.999479e-01 -4.201913e-04 1.019479e-02 -3.180639e+00 4.245923e-04 9.999998e-01 -4.293634e-04 -3.972034e+00 -1.019453e-02 4.336663e-04 9.999479e-01 1.671407e+02
9.999802e-01 6.958648e-05 -6.294350e-03 -3.193001e+00 -6.734655e-05 9.999999e-01 3.557911e-04 -4.002949e+00 6.294456e-03 -3.553635e-04 9.999800e-01 1.684230e+02
9.999670e-01 -3.550261e-04 8.118357e-03 -3.215432e+00 3.578047e-04 9.999999e-01 -3.406025e-04 -4.032528e+00 -8.118154e-03 3.434926e-04 9.999669e-01 1.696586e+02
9.999656e-01 1.639749e-04 -8.292756e-03 -3.242604e+00 -1.602772e-04 9.999999e-01 4.463467e-04 -4.059816e+00 8.292910e-03 -4.450055e-04 9.999654e-01 1.707994e+02
9.999445e-01 -4.112010e-04 1.052435e-02 -3.258118e+00 4.159833e-04 9.999998e-01 -4.520564e-04 -4.086675e+00 -1.052408e-02 4.564059e-04 9.999444e-01 1.719107e+02
9.999841e-01 1.189192e-04 -5.626414e-03 -3.274492e+00 -1.171019e-04 9.999999e-01 3.230001e-04 -4.113564e+00 5.626534e-03 -3.223395e-04 9.999840e-01 1.730307e+02
9.999763e-01 -3.978742e-04 6.867046e-03 -3.305528e+00 3.998248e-04 9.999999e-01 -2.824142e-04 -4.143438e+00 -6.866850e-03 2.851497e-04 9.999763e-01 1.742911e+02
9.999926e-01 1.045173e-04 -3.845271e-03 -3.319229e+00 -1.035404e-04 1.000000e+00 2.537701e-04 -4.172173e+00 3.845379e-03 -2.533735e-04 9.999925e-01 1.754800e+02
9.998733e-01 -5.242613e-04 1.590740e-02 -3.314221e+00 5.347396e-04 9.999996e-01 -6.543447e-04 -4.198734e+00 -1.590697e-02 6.627646e-04 9.998732e-01 1.765612e+02
9.998909e-01 2.979813e-04 -1.476977e-02 -3.355893e+00 -2.877507e-04 9.999997e-01 6.946621e-04 -4.226358e+00 1.477006e-02 -6.903397e-04 9.998906e-01 1.777434e+02
9.998815e-01 -5.734150e-04 1.538495e-02 -3.397647e+00 5.830252e-04 9.999996e-01 -6.200520e-04 -4.257608e+00 -1.538451e-02 6.289448e-04 9.998814e-01 1.790768e+02
9.999095e-01 2.999921e-04 -1.344620e-02 -3.425187e+00 -2.914367e-04 9.999998e-01 6.380848e-04 -4.286429e+00 1.344647e-02 -6.341118e-04 9.999093e-01 1.802881e+02
9.999436e-01 -2.393938e-04 1.061731e-02 -3.419569e+00 2.440795e-04 9.999999e-01 -4.398630e-04 -4.308668e+00 -1.061712e-02 4.424262e-04 9.999435e-01 1.811420e+02
9.999273e-01 2.354813e-04 -1.205187e-02 -3.389918e+00 -2.284060e-04 9.999998e-01 5.882921e-04 -4.330641e+00 1.205209e-02 -5.855000e-04 9.999271e-01 1.819557e+02
9.999290e-01 -3.859292e-04 1.190664e-02 -3.404021e+00 3.917083e-04 9.999998e-01 -4.828887e-04 -4.355558e+00 -1.190637e-02 4.875149e-04 9.999289e-01 1.829749e+02
9.996408e-01 1.052249e-03 -2.678011e-02 -3.410349e+00 -1.020833e-03 9.999988e-01 1.186696e-03 -4.373707e+00 2.678141e-02 -1.158935e-03 9.996406e-01 1.836647e+02
9.997478e-01 -8.943541e-04 2.244004e-02 -3.431343e+00 9.148301e-04 9.999992e-01 -9.021494e-04 -4.393591e+00 -2.243913e-02 9.224473e-04 9.997477e-01 1.844692e+02
9.997412e-01 8.257502e-04 -2.273497e-02 -3.448871e+00 -8.027580e-04 9.999992e-01 1.020338e-03 -4.416059e+00 2.273588e-02 -1.001827e-03 9.997409e-01 1.853886e+02
9.997388e-01 -1.010584e-03 2.282964e-02 -3.480849e+00 1.031734e-03 9.999990e-01 -9.145889e-04 -4.443402e+00 -2.282861e-02 9.379007e-04 9.997389e-01 1.865399e+02
9.997412e-01 8.505711e-04 -2.273425e-02 -3.512068e+00 -8.275560e-04 9.999991e-01 1.021664e-03 -4.469343e+00 2.273519e-02 -1.002589e-03 9.997409e-01 1.876312e+02
9.997450e-01 -8.758752e-04 2.256245e-02 -3.532777e+00 8.969424e-04 9.999992e-01 -9.235540e-04 -4.487037e+00 -2.256154e-02 9.435524e-04 9.997449e-01 1.883569e+02
9.997473e-01 7.530753e-04 -2.246520e-02 -3.547802e+00 -7.300921e-04 9.999992e-01 1.031161e-03 -4.510682e+00 2.246604e-02 -1.014502e-03 9.997470e-01 1.893258e+02
9.997548e-01 -8.892532e-04 2.212434e-02 -3.580531e+00 9.096572e-04 9.999992e-01 -9.121173e-04 -4.536148e+00 -2.212343e-02 9.320158e-04 9.997547e-01 1.903973e+02
9.997716e-01 7.386053e-04 -2.135790e-02 -3.593979e+00 -7.178466e-04 9.999993e-01 9.795090e-04 -4.559658e+00 2.135869e-02 -9.639569e-04 9.997713e-01 1.913613e+02
9.997572e-01 -8.612173e-04 2.201660e-02 -3.599147e+00 8.812571e-04 9.999992e-01 -9.004499e-04 -4.581993e+00 -2.201572e-02 9.196302e-04 9.997571e-01 1.922602e+02
9.997621e-01 7.233938e-04 -2.179682e-02 -3.598179e+00 -7.015041e-04 9.999992e-01 1.011805e-03 -4.606197e+00 2.179761e-02 -9.962770e-04 9.997618e-01 1.932274e+02
9.997613e-01 -8.512384e-04 2.183196e-02 -3.612292e+00 8.711868e-04 9.999992e-01 -9.041529e-04 -4.630249e+00 -2.183109e-02 9.229533e-04 9.997612e-01 1.942109e+02
9.997421e-01 7.730987e-04 -2.269697e-02 -3.620984e+00 -7.494241e-04 9.999992e-01 1.051480e-03 -4.654035e+00 2.269784e-02 -1.034202e-03 9.997418e-01 1.951718e+02
9.997663e-01 -8.209339e-04 2.160252e-02 -3.642873e+00 8.408464e-04 9.999992e-01 -9.126227e-04 -4.676921e+00 -2.160167e-02 9.305705e-04 9.997661e-01 1.961145e+02
9.997394e-01 7.404297e-04 -2.281525e-02 -3.660155e+00 -7.161887e-04 9.999992e-01 1.070562e-03 -4.702383e+00 2.281611e-02 -1.053946e-03 9.997390e-01 1.971588e+02
9.997432e-01 -9.211430e-04 2.264313e-02 -3.644746e+00 9.423446e-04 9.999991e-01 -9.256109e-04 -4.729827e+00 -2.264217e-02 9.467074e-04 9.997431e-01 1.982373e+02
9.997864e-01 7.696579e-04 -2.065023e-02 -3.603841e+00 -7.499336e-04 9.999993e-01 9.628018e-04 -4.753838e+00 2.065103e-02 -9.471131e-04 9.997862e-01 1.991332e+02
9.998108e-01 -8.834832e-04 1.943166e-02 -3.633655e+00 8.993686e-04 9.999993e-01 -8.086918e-04 -4.779081e+00 -1.943085e-02 8.260117e-04 9.998108e-01 2.001884e+02
9.997967e-01 7.140066e-04 -2.014761e-02 -3.676353e+00 -6.953528e-04 9.999993e-01 9.327580e-04 -4.805840e+00 2.014834e-02 -9.185620e-04 9.997965e-01 2.013321e+02
9.997728e-01 -9.633400e-04 2.129312e-02 -3.735072e+00 9.828291e-04 9.999991e-01 -9.047509e-04 -4.834463e+00 -2.129214e-02 9.254695e-04 9.997728e-01 2.025897e+02
9.997824e-01 6.841468e-04 -2.084851e-02 -3.814013e+00 -6.641610e-04 9.999993e-01 9.654417e-04 -4.866117e+00 2.084924e-02 -9.513882e-04 9.997821e-01 2.040070e+02
9.997596e-01 -9.602724e-04 2.190423e-02 -3.874503e+00 9.808230e-04 9.999991e-01 -9.274003e-04 -4.896349e+00 -2.190324e-02 9.486581e-04 9.997596e-01 2.053360e+02
9.997721e-01 7.455846e-04 -2.133203e-02 -3.919050e+00 -7.244660e-04 9.999992e-01 9.976165e-04 -4.924179e+00 2.133284e-02 -9.819382e-04 9.997719e-01 2.065348e+02
9.997752e-01 -9.155791e-04 2.118336e-02 -3.984390e+00 9.353215e-04 9.999991e-01 -9.220061e-04 -4.950049e+00 -2.118241e-02 9.416087e-04 9.997751e-01 2.076816e+02
9.997721e-01 7.502722e-04 -2.133169e-02 -4.061796e+00 -7.290827e-04 9.999992e-01 1.001010e-03 -4.976310e+00 2.133251e-02 -9.852324e-04 9.997719e-01 2.088645e+02
9.997557e-01 -1.011799e-03 2.207795e-02 -4.127185e+00 1.033015e-03 9.999990e-01 -9.494662e-04 -5.006723e+00 -2.207689e-02 9.720377e-04 9.997557e-01 2.102062e+02
9.997453e-01 7.881592e-04 -2.255572e-02 -4.181609e+00 -7.641373e-04 9.999991e-01 1.073516e-03 -5.037223e+00 2.255663e-02 -1.056010e-03 9.997449e-01 2.115279e+02
9.997644e-01 -8.455254e-04 2.168620e-02 -4.265854e+00 8.670815e-04 9.999991e-01 -9.845402e-04 -5.058396e+00 -2.168526e-02 1.003109e-03 9.997643e-01 2.124993e+02
9.997520e-01 1.018545e-03 -2.224368e-02 -4.568902e+00 -9.985078e-04 9.999991e-01 9.118227e-04 -5.064529e+00 2.224467e-02 -8.893894e-04 9.997521e-01 2.132002e+02
9.997828e-01 -1.109471e-03 2.081018e-02 -4.646749e+00 1.125968e-03 9.999991e-01 -7.809696e-04 -5.089611e+00 -2.080921e-02 8.042282e-04 9.997831e-01 2.143270e+02
9.997507e-01 1.012416e-03 -2.230580e-02 -4.712119e+00 -9.919745e-04 9.999991e-01 9.273783e-04 -5.115335e+00 2.230680e-02 -9.050236e-04 9.997507e-01 2.154604e+02
9.997688e-01 -1.143539e-03 2.147237e-02 -4.769841e+00 1.161075e-03 9.999990e-01 -8.041359e-04 -5.140741e+00 -2.147134e-02 8.288776e-04 9.997690e-01 2.165705e+02
9.997551e-01 1.014887e-03 -2.210416e-02 -4.859884e+00 -9.952869e-04 9.999991e-01 8.976116e-04 -5.165515e+00 2.210513e-02 -8.753951e-04 9.997552e-01 2.177069e+02
9.997745e-01 -1.114117e-03 2.120500e-02 -4.937709e+00 1.131033e-03 9.999991e-01 -7.856645e-04 -5.189333e+00 -2.120402e-02 8.094675e-04 9.997748e-01 2.187820e+02
9.997392e-01 1.017315e-03 -2.281222e-02 -4.976369e+00 -9.959380e-04 9.999991e-01 9.483546e-04 -5.215393e+00 2.281324e-02 -9.253911e-04 9.997392e-01 2.198868e+02
9.997984e-01 -1.047650e-03 2.004978e-02 -5.000566e+00 1.062882e-03 9.999992e-01 -7.489770e-04 -5.241156e+00 -2.004890e-02 7.701332e-04 9.997986e-01 2.209493e+02
9.996853e-01 1.164248e-03 -2.505695e-02 -5.023704e+00 -1.137919e-03 9.999988e-01 1.064950e-03 -5.263971e+00 2.505824e-02 -1.036105e-03 9.996854e-01 2.218867e+02
9.997141e-01 -1.273483e-03 2.387607e-02 -5.053866e+00 1.295624e-03 9.999987e-01 -9.118219e-04 -5.289740e+00 -2.387480e-02 9.424922e-04 9.997144e-01 2.229670e+02
9.997017e-01 1.157579e-03 -2.439509e-02 -5.086892e+00 -1.132444e-03 9.999988e-01 1.044028e-03 -5.313934e+00 2.439635e-02 -1.016094e-03 9.997018e-01 2.239869e+02
9.997207e-01 -1.279544e-03 2.359800e-02 -5.129032e+00 1.301288e-03 9.999987e-01 -9.060217e-04 -5.339149e+00 -2.359673e-02 9.364731e-04 9.997210e-01 2.250636e+02
9.996970e-01 1.113832e-03 -2.459064e-02 -5.166417e+00 -1.087967e-03 9.999988e-01 1.065131e-03 -5.367098e+00 2.459188e-02 -1.038057e-03 9.996970e-01 2.262482e+02
9.997254e-01 -1.286034e-03 2.339868e-02 -5.191146e+00 1.307336e-03 9.999987e-01 -8.950587e-04 -5.395470e+00 -2.339741e-02 9.253995e-04 9.997257e-01 2.274291e+02
9.996704e-01 1.260610e-03 -2.563950e-02 -5.135362e+00 -1.233143e-03 9.999986e-01 1.087003e-03 -5.421955e+00 2.564092e-02 -1.055031e-03 9.996706e-01 2.283872e+02
9.997818e-01 -1.003717e-03 2.086333e-02 -4.915304e+00 1.020981e-03 9.999991e-01 -8.167935e-04 -5.449194e+00 -2.086241e-02 8.379130e-04 9.997819e-01 2.291110e+02
9.997171e-01 1.126060e-03 -2.375677e-02 -4.627807e+00 -1.101928e-03 9.999989e-01 1.028783e-03 -5.478588e+00 2.375798e-02 -1.002317e-03 9.997172e-01 2.298315e+02
9.997441e-01 -1.144851e-03 2.259224e-02 -4.376475e+00 1.164378e-03 9.999990e-01 -8.511108e-04 -5.508487e+00 -2.259116e-02 8.771956e-04 9.997443e-01 2.306393e+02
9.997247e-01 1.032872e-03 -2.344035e-02 -4.243345e+00 -1.009220e-03 9.999990e-01 1.020773e-03 -5.537417e+00 2.344146e-02 -9.968392e-04 9.997246e-01 2.315937e+02
9.997327e-01 -1.215490e-03 2.308704e-02 -4.222784e+00 1.235799e-03 9.999989e-01 -8.653243e-04 -5.564351e+00 -2.308588e-02 8.936206e-04 9.997330e-01 2.326469e+02
9.997176e-01 1.054332e-03 -2.373847e-02 -4.182664e+00 -1.030209e-03 9.999989e-01 1.028320e-03 -5.592315e+00 2.373961e-02 -1.003577e-03 9.997176e-01 2.337060e+02
9.997401e-01 -8.993183e-04 2.277904e-02 -4.330452e+00 9.222319e-04 9.999991e-01 -9.953548e-04 -5.600221e+00 -2.277804e-02 1.016100e-03 9.997399e-01 2.342246e+02
9.997125e-01 9.056889e-04 -2.395839e-02 -4.409067e+00 -8.797374e-04 9.999990e-01 1.093639e-03 -5.617430e+00 2.395943e-02 -1.072250e-03 9.997123e-01 2.350188e+02
9.996902e-01 -1.074709e-03 2.486417e-02 -4.224754e+00 1.100340e-03 9.999989e-01 -1.017141e-03 -5.649046e+00 -2.486297e-02 1.044181e-03 9.996902e-01 2.360114e+02
9.997603e-01 9.162932e-04 -2.187464e-02 -3.821915e+00 -8.931688e-04 9.999990e-01 1.066802e-03 -5.684544e+00 2.187567e-02 -1.047011e-03 9.997601e-01 2.368440e+02
9.997618e-01 -1.012932e-03 2.179956e-02 -3.432202e+00 1.033492e-03 9.999990e-01 -9.318274e-04 -5.720922e+00 -2.179852e-02 9.541319e-04 9.997618e-01 2.377238e+02
9.997216e-01 9.867009e-04 -2.357395e-02 -2.929396e+00 -9.601254e-04 9.999989e-01 1.138545e-03 -5.761335e+00 2.357513e-02 -1.115597e-03 9.997214e-01 2.385907e+02
9.997627e-01 -1.118338e-03 2.175281e-02 -2.563253e+00 1.139555e-03 9.999989e-01 -9.629268e-04 -5.804009e+00 -2.175163e-02 9.874836e-04 9.997628e-01 2.397611e+02
9.996957e-01 1.078272e-03 -2.464352e-02 -2.025451e+00 -1.050215e-03 9.999988e-01 1.151389e-03 -5.853669e+00 2.464481e-02 -1.125161e-03 9.996956e-01 2.409497e+02
9.997904e-01 -9.545590e-04 2.045038e-02 -7.243113e-01 9.713856e-04 9.999992e-01 -8.128066e-04 -5.921516e+00 -2.044951e-02 8.324982e-04 9.997905e-01 2.417385e+02
9.996855e-01 1.055177e-03 -2.505407e-02 7.442146e-01 -1.026241e-03 9.999988e-01 1.167710e-03 -5.996276e+00 2.505536e-02 -1.141635e-03 9.996853e-01 2.425704e+02
9.997804e-01 -9.771538e-04 2.093344e-02 2.212074e+00 9.949033e-04 9.999992e-01 -8.374298e-04 -6.069040e+00 -2.093252e-02 8.580695e-04 9.997804e-01 2.433337e+02
9.996621e-01 1.091073e-03 -2.596880e-02 3.813169e+00 -1.059384e-03 9.999987e-01 1.233925e-03 -6.148791e+00 2.597019e-02 -1.206000e-03 9.996619e-01 2.441681e+02
9.997936e-01 -9.764141e-04 2.029305e-02 5.660600e+00 9.926879e-04 9.999992e-01 -7.918133e-04 -6.239430e+00 -2.029218e-02 8.117914e-04 9.997937e-01 2.450814e+02
9.996812e-01 1.036063e-03 -2.522595e-02 7.806743e+00 -1.005026e-03 9.999987e-01 1.242960e-03 -6.340218e+00 2.522729e-02 -1.217214e-03 9.996809e-01 2.459876e+02
9.997822e-01 -1.182954e-03 2.083410e-02 9.474692e+00 1.200770e-03 9.999989e-01 -8.426099e-04 -6.433498e+00 -2.083301e-02 8.674403e-04 9.997825e-01 2.473042e+02
9.997024e-01 1.019418e-03 -2.437370e-02 1.065573e+01 -9.922365e-04 9.999989e-01 1.127191e-03 -6.510407e+00 2.437490e-02 -1.102674e-03 9.997022e-01 2.486731e+02
9.997622e-01 -1.176630e-03 2.177594e-02 1.189410e+01 1.195485e-03 9.999989e-01 -8.528169e-04 -6.586258e+00 -2.177484e-02 8.786438e-04 9.997624e-01 2.499183e+02
9.996845e-01 9.915619e-04 -2.509677e-02 1.288930e+01 -9.639020e-04 9.999989e-01 1.114142e-03 -6.659086e+00 2.509792e-02 -1.089603e-03 9.996843e-01 2.513923e+02
9.997638e-01 -1.082204e-03 2.170745e-02 1.372591e+01 1.101944e-03 9.999990e-01 -8.973591e-04 -6.723227e+00 -2.170638e-02 9.210644e-04 9.997639e-01 2.527335e+02
9.996867e-01 9.999929e-04 -2.500744e-02 1.484182e+01 -9.708160e-04 9.999988e-01 1.178784e-03 -6.794185e+00 2.500866e-02 -1.154140e-03 9.996865e-01 2.539450e+02
9.997525e-01 -1.153491e-03 2.221531e-02 1.560527e+01 1.175562e-03 9.999988e-01 -9.804319e-04 -6.855623e+00 -2.221408e-02 1.006302e-03 9.997526e-01 2.552968e+02
9.996437e-01 1.188062e-03 -2.666539e-02 1.680208e+01 -1.153640e-03 9.999985e-01 1.306179e-03 -6.927611e+00 2.666697e-02 -1.274954e-03 9.996435e-01 2.564103e+02
9.997603e-01 -1.163590e-03 2.186400e-02 1.812126e+01 1.184614e-03 9.999988e-01 -9.485795e-04 -7.005107e+00 -2.186280e-02 9.742496e-04 9.997604e-01 2.575650e+02
9.996646e-01 1.092594e-03 -2.587567e-02 1.919453e+01 -1.060523e-03 9.999987e-01 1.253069e-03 -7.076933e+00 2.587708e-02 -1.225210e-03 9.996643e-01 2.588634e+02
9.997677e-01 -1.045735e-03 2.152524e-02 2.093985e+01 1.063968e-03 9.999991e-01 -8.355717e-04 -7.163979e+00 -2.152427e-02 8.582769e-04 9.997679e-01 2.597865e+02
9.996360e-01 1.169804e-03 -2.695198e-02 2.300511e+01 -1.134967e-03 9.999985e-01 1.307802e-03 -7.260628e+00 2.695354e-02 -1.276739e-03 9.996358e-01 2.606293e+02
9.997461e-01 -1.078501e-03 2.250622e-02 2.505898e+01 1.098631e-03 9.999990e-01 -8.820113e-04 -7.354371e+00 -2.250517e-02 9.065106e-04 9.997462e-01 2.613867e+02
9.996299e-01 1.160752e-03 -2.718002e-02 2.708926e+01 -1.125092e-03 9.999985e-01 1.327173e-03 -7.448590e+00 2.718159e-02 -1.296104e-03 9.996296e-01 2.621946e+02
9.997565e-01 -1.052915e-03 2.203948e-02 2.926083e+01 1.072211e-03 9.999991e-01 -8.636351e-04 -7.547844e+00 -2.203848e-02 8.870531e-04 9.997566e-01 2.629970e+02
9.996046e-01 1.216537e-03 -2.808994e-02 3.163686e+01 -1.178451e-03 9.999984e-01 1.372324e-03 -7.654699e+00 2.809164e-02 -1.338682e-03 9.996044e-01 2.638019e+02
9.997590e-01 -1.045613e-03 2.192640e-02 3.412064e+01 1.064704e-03 9.999991e-01 -8.589578e-04 -7.765124e+00 -2.192541e-02 8.820932e-04 9.997591e-01 2.645955e+02
9.995893e-01 1.204335e-03 -2.863062e-02 3.667309e+01 -1.164633e-03 9.999983e-01 1.403304e-03 -7.880651e+00 2.863233e-02 -1.369387e-03 9.995890e-01 2.654920e+02
9.997550e-01 -1.094085e-03 2.210752e-02 3.901630e+01 1.113802e-03 9.999990e-01 -8.795022e-04 -7.989415e+00 -2.210646e-02 9.039075e-04 9.997551e-01 2.664233e+02
9.995784e-01 1.211356e-03 -2.900817e-02 4.134024e+01 -1.170546e-03 9.999983e-01 1.423721e-03 -8.100198e+00 2.900992e-02 -1.389168e-03 9.995781e-01 2.674545e+02
9.997477e-01 -1.024627e-03 2.243891e-02 4.375971e+01 1.045103e-03 9.999990e-01 -9.007815e-04 -8.209703e+00 -2.243789e-02 9.240027e-04 9.997477e-01 2.682963e+02
9.995711e-01 1.225616e-03 -2.926022e-02 4.630320e+01 -1.183761e-03 9.999983e-01 1.447696e-03 -8.323832e+00 2.926201e-02 -1.412440e-03 9.995707e-01 2.691430e+02
9.997376e-01 -9.614627e-04 2.288787e-02 4.848167e+01 9.838261e-04 9.999990e-01 -9.658064e-04 -8.419578e+00 -2.288685e-02 9.880682e-04 9.997375e-01 2.697793e+02
9.996181e-01 1.186836e-03 -2.760788e-02 5.021323e+01 -1.150256e-03 9.999984e-01 1.340796e-03 -8.494373e+00 2.760949e-02 -1.308530e-03 9.996178e-01 2.702367e+02
9.997150e-01 -1.043520e-03 2.385025e-02 5.173705e+01 1.067581e-03 9.999989e-01 -9.960853e-04 -8.564478e+00 -2.384912e-02 1.021261e-03 9.997150e-01 2.708096e+02
9.996075e-01 1.237202e-03 -2.798795e-02 5.342220e+01 -1.199518e-03 9.999984e-01 1.363146e-03 -8.639253e+00 2.798966e-02 -1.329041e-03 9.996072e-01 2.713332e+02
9.997003e-01 -1.065138e-03 2.445876e-02 5.530240e+01 1.089635e-03 9.999989e-01 -9.882226e-04 -8.719691e+00 -2.445762e-02 1.014575e-03 9.997003e-01 2.718078e+02
9.995810e-01 1.308910e-03 -2.891638e-02 5.725657e+01 -1.268927e-03 9.999982e-01 1.401001e-03 -8.802644e+00 2.891823e-02 -1.363723e-03 9.995808e-01 2.722674e+02
