0.9997801134121512 -0.0004315003176782082 0.020965176676136305 0.022647812962532043 0.00043665235278050733 0.9999998755869833 -0.00024116537955920657 -0.00954916700720787 -0.020965070004857544 0.00025026684424888203 0.9997801774421204 0.6238016486167908
0.9996658571478549 -0.0005977671439426583 0.02584215020631732 0.027961160987615585 0.0006055396736777095 0.9999997737524449 -0.0002929449819119816 -0.008998691104352474 -0.025841969246708847 0.00030849554364326766 0.9996659929476202 0.5817029476165771
0.9995124281747801 -0.0006828269598965729 0.031216016265656867 0.03401213139295578 0.0006928637713341256 0.999999711698916 -0.00031071189100956087 -0.00823277048766613 -0.031215795103589596 0.00033218884340159425 0.9995126131203262 0.5669529438018799
0.9995820968694461 -0.0005602357640109876 0.028901864195411107 0.03168553113937378 0.0005683436298430644 0.9999998014145072 -0.00027231684611818223 -0.009195470251142979 -0.028901705894283824 0.0002886292344617381 0.9995822167733704 0.625171422958374
0.9994809368341557 -0.0005711907137796358 0.032210722535936716 0.035563673824071884 0.0005815108484043251 0.9999997825535147 -0.0003110274212253257 -0.009258227422833443 -0.032210537875853575 0.0003295968629369889 0.9994810516541354 0.6401410698890686
0.9996148885594432 -0.00046785270587113915 0.027746273337833645 0.030782781541347504 0.00047600910869546994 0.9999998454198765 -0.0002873596210349505 -0.010124667547643185 -0.027746134606835025 0.0003004564343984989 0.9996149567409998 0.6811090111732483
0.9995324269596034 -0.0005989416578754247 0.030570716791312146 0.03370213881134987 0.0006082740250492791 0.9999997712014663 -0.0002959725065430045 -0.009517185389995575 -0.030570532526513226 0.00031442949072953954 0.9995325625887033 0.6367939710617065
0.9992512531333724 -0.0008086336101042754 0.03868176861351495 0.042645856738090515 0.0008233761893568012 0.9999995943418748 -0.0003651954769862235 -0.008364923298358917 -0.038681457612604275 0.00039677168525570095 0.999251513588643 0.5852614641189575
0.99945631241019 -0.000634677880142945 0.03296478071235163 0.03638675808906555 0.0006452057818121788 0.9999997441970776 -0.00030873172596085276 -0.008877144195139408 -0.03296457633466702 0.0003298329394646471 0.9994564662441823 0.613800048828125
0.9995642553693712 -0.0005029125889157174 0.029513496350006534 0.03278416395187378 0.0005116792742514918 0.9999998271904182 -0.00028948826144508755 -0.009983963333070278 -0.029513345662500554 0.0003044635628825283 0.999564339965039 0.6739559173583984
0.9995770088047294 -0.0004855342916437805 0.029078647242286506 0.03229306638240814 0.00049454378456191 0.9999998319174628 -0.00030264086180123396 -0.00983551423996687 -0.029078495412157245 0.0003168935116385041 0.9995770809112559 0.66938716173172
0.999599644740475 -0.0005249329966339843 0.028289126534155176 0.03116731345653534 0.0005326186431211386 0.9999998232717192 -0.00026414751878406833 -0.009893862530589104 -0.028288982874917885 0.0002791090821253366 0.9995997476720485 0.6617302894592285
0.9997251313554946 -0.00040422486504636945 0.023441380899971536 0.02588822692632675 0.00040970095362558636 0.9999998898965576 -0.00022880559651657952 -0.01023116521537304 -0.023441285830083435 0.00023834666114142867 0.999725186893629 0.6761425733566284
0.9994649759406977 -0.0006250381073826598 0.032701241493636485 0.036078404635190964 0.0006363124406556722 0.9999997416542344 -0.0003343619931403629 -0.009275246411561966 -0.032701024056421835 0.00035499130821680286 0.9994651154526768 0.6313319206237793
0.9997471668392187 -0.000348014703921084 0.02248291090409543 0.02477167919278145 0.0003527213810520001 0.999999916703464 -0.0002053793869212763 -0.010145263746380806 -0.0224828375563003 0.00021325766358588327 0.9997472063159697 0.681536078453064
0.9997703185046163 -0.00042770479528311437 0.02142725614226557 0.02344513311982155 0.00043210526435299214 0.9999998864945807 -0.00020073830288171374 -0.010080397129058838 -0.02142716785342114 0.00020995102718784003 0.9997703898387607 0.6581117510795593
0.9997507779584843 -0.0003859307179017921 0.022321134130837153 0.024548906832933426 0.0003917063999893961 0.9999998909278552 -0.0002543823391738238 -0.010080541484057903 -0.022321033522264395 0.000263062272582 0.9997508200850547 0.6680619120597839
0.9998253551379922 -0.00030166098719238256 0.018686043557591514 0.02079758793115616 0.00030491059162001907 0.9999999388845768 -0.0001710566383796471 -0.01085449755191803 -0.018685990814471656 0.0001767243368128245 0.9998253860128727 0.7126302719116211
0.9998810876378542 -0.00023111614785390692 0.015419376429286851 0.01726296916604042 0.0002334360723726212 0.9999999617045723 -0.00014865548844611407 -0.011252307333052158 -0.015419341482111389 0.00015223725014292468 0.999881103297826 0.7270169854164124
0.9998916812478857 -0.00024293101225813255 0.014716207249126012 0.01631883904337883 0.00024451732564197354 0.9999999644882268 -0.00010599444359284986 -0.010950624011456966 -0.014716180977189927 0.00010958133004713817 0.9998917051408008 0.7030746340751648
0.9998924353014722 -0.00022744021713785905 0.01466513204300376 0.01655404269695282 0.00023038624213373793 0.9999999536213144 -0.00019919725980038175 -0.0116463927552104 -0.014665086057386189 0.00020255447786896648 0.9998924413268723 0.7511804103851318
0.9998785618300041 -0.00025240818226567816 0.015581973009597355 0.01761530712246895 0.0002552168698319121 0.9999999515431249 -0.00017826412135423143 -0.011660643853247166 -0.015581927259220802 0.00018221925566287305 0.9998785777978398 0.7518112063407898
0.9999478990388987 -0.00013165712846982888 0.01020695224309791 0.011622766964137554 0.00013314339150305438 0.9999999806335677 -0.00014493343841136635 -0.012181678786873817 -0.010206932963905341 0.0001462848754784852 0.999947897202752 0.789069414138794
0.9999895457025902 -0.00019063416019809239 0.004568604179024589 0.0054558501578867435 0.00019150962679626552 0.999999963385221 -0.0001911900102039328 -0.01338491402566433 -0.004568567564399122 0.00019206294312800918 0.9999895455964707 0.8483749628067017
0.9999744756518657 -0.00010771476610699233 0.007143979444641 0.00820853654295206 0.00010853175274070846 0.9999999876155549 -0.00011397257953673845 -0.01203246135264635 -0.0071439670796370315 0.00011474501907161107 0.999974474958209 0.7630432844161987
0.9999928609649859 -1.0136865411084599e-05 0.0037786130136038274 0.00412342231720686 1.0225063024343586e-05 0.9999999996757675 -2.3321948859401528e-05 -0.011654047295451164 -0.003778612775967221 2.336041891940072e-05 0.9999928607444056 0.7275713682174683
0.9999627422078302 -0.00013751462065326122 0.008631065167501669 0.009495632722973824 0.0001378508051867603 0.9999999897630006 -3.835562797423548e-05 -0.011135740205645561 -0.008631059804685828 3.954399821117938e-05 0.9999627509277135 0.6909065842628479
0.9999979019670014 9.858613769433088e-05 0.0020460553191193314 0.0014953345526009798 -9.854472526183886e-05 0.9999999949375916 -2.034093756178452e-05 -0.010901585221290588 -0.002046057314095835 2.0139266926533155e-05 0.9999979066197475 0.661582350730896
0.9999848301244406 -3.6757599814610694e-05 0.0055080096107592265 0.005937483627349138 3.690363890747307e-05 0.9999999989702553 -2.6412319037939463e-05 -0.011351443827152252 -0.00550800863423393 2.6615183964120774e-05 0.9999848304512009 0.7068358659744263
0.9999903355581344 -0.00019453833130303922 0.004392145849980543 0.005108472891151905 0.00019492049111772804 0.999999977254786 -8.658192481282626e-05 -0.013081633485853672 -0.004392128906577071 8.743720727298619e-05 0.9999903507326473 0.830541729927063
0.999997303057011 -4.339831516056686e-05 0.0023220670297908895 0.0026382943615317345 4.348717320986341e-05 0.9999999983241896 -3.821631264666051e-05 -0.01236338447779417 -0.002322065367375965 3.8317189710573476e-05 0.9999973032684751 0.7682917714118958
0.9999915705593069 -3.968378849226281e-05 0.004105756389203346 0.00451926002278924 3.9777532134461694e-05 0.9999999989500792 -2.2750590308111184e-05 -0.011969810351729393 -0.004105755482063013 2.291371539006726e-05 0.9999915710879183 0.7653995156288147
0.9999826312509574 0.00016942285831690571 -0.00589139137274783 -0.0068987575359642506 -0.0001686488266204732 0.9999999770826117 0.00013188005747555537 -0.012141181156039238 0.005891413581228818 -0.00013088419064175743 0.9999826369069333 0.7448656558990479
0.9999925874681075 0.0001357917484394942 -0.003847930539959877 -0.004714156035333872 -0.00013540576083347804 0.999999985775399 0.00010057077952279701 -0.011804047971963882 0.0038479441419065935 -0.0001000490020762887 0.999992591630597 0.7267506718635559
0.999938082618781 0.0004178304605979966 -0.011120087516848684 -0.013092800974845886 -0.0004156513515456759 0.9999998939611 0.00019827189182508673 -0.01118428073823452 0.011120169181722718 -0.0001936375359430912 0.9999381502582422 0.6959906220436096
0.999789156136237 0.0006652740905053675 -0.02052317428605489 -0.02391137182712555 -0.0006580065726095494 0.9999997184023554 0.00036086363157690954 -0.01064294297248125 0.02052340858000164 -0.00034728316212350086 0.9997893123526895 0.6774383187294006
0.9997818573694602 0.0006705198321175814 -0.020875537790130932 -0.024411112070083618 -0.0006625740064406918 0.9999997054030996 0.00038754277192046017 -0.01071775984019041 0.02087579149537657 -0.00037362664361053564 0.9997820071058354 0.6832194924354553
0.9998595503452293 0.0005045212307319117 -0.016751866814267245 -0.01956981047987938 -0.0004992566981507665 0.9999998246674396 0.00031844597454057865 -0.011046585626900196 0.01675202453987455 -0.0003100377671998389 0.9998596269228984 0.6999498605728149
0.9999844818901831 0.0002768487273635194 -0.005564111214221271 -0.006855110637843609 -0.0002760541169115475 0.9999999515898194 0.0001435774478652956 -0.011203408241271973 0.005564150694095361 -0.0001420392240070529 0.9999845099059846 0.683840811252594
0.9999363805093441 0.0004773665096632263 -0.011269740684132834 -0.013376831077039242 -0.00047481654474858145 0.9999998610676143 0.00022894104239163128 -0.010783478617668152 0.0112698484071872 -0.00022357541794727165 0.9999364682473139 0.6691522598266602
0.9999992313974211 3.925226489370879e-05 -0.001239219039253957 -0.0020091289188712835 -3.916628185744327e-05 0.9999999968241934 6.940904891595574e-05 -0.011770724318921566 0.0012392217597808107 -6.93604599658072e-05 0.9999992297589819 0.7522099018096924
0.9999999331841588 -0.0003095928217721593 0.0001943809721693989 0.0006656653713434935 0.0003096197183040667 0.9999999424967121 -0.0001383553478023178 -0.01483887992799282 -0.00019433812716932052 0.00013841552273983563 0.9999999715369171 0.9283548593521118
0.9999969654581751 -0.00026897526302845673 0.0024488215021212924 0.0031675584614276886 0.00026942221861450796 0.9999999471091267 -0.00018219059209108988 -0.014070329256355762 -0.0024487723678385553 0.0001828498061482105 0.9999969850353744 0.8853805661201477
0.9999290374672012 -0.00025846325060105966 0.011910215223259106 0.013551008887588978 0.00026149731855956216 0.999999933757386 -0.0002531884194544027 -0.012208330444991589 -0.011910148994393412 0.00025628494190723246 0.999929038816735 0.7752496004104614
0.9999310077628766 -0.00027265911186985574 0.011743311769956508 0.012775099836289883 0.00027390288273667344 0.9999999570488443 -0.00010430493792566768 -0.010813727043569088 -0.011743282825875959 0.0001075142686413238 0.9999310394968011 0.6731498837471008
0.999999986425262 0.00014868562137153302 -7.10074764207817e-05 -0.0007520921062678099 -0.00014868491205841225 0.9999999888964538 9.99444815690473e-06 -0.010828238911926746 7.10089616630814e-05 -9.983890280845602e-06 0.9999999974290246 0.6681017875671387
0.9999997626659479 -9.821705764584135e-05 0.0006819248180166651 0.0004776630084961653 9.819416452129264e-05 0.999999994614314 3.3604731483576434e-05 -0.012481605634093285 -0.0006819281149018816 -3.3537762470257865e-05 0.9999997669246051 0.7949289679527283
0.9999999935810742 -9.521457751520779e-05 6.141690323024629e-05 -3.8802740164101124e-05 9.521855924510931e-05 0.9999999933651509 -6.483150770546426e-05 -0.012787740677595139 -6.141072991813856e-05 6.483735531835451e-05 0.9999999960124198 0.8055577278137207
0.9999968483369364 0.0001846239707925513 -0.0025038430828616164 -0.003367058001458645 -0.00018443795726918641 0.9999999802145625 7.452190517587904e-05 -0.011234568431973457 0.0025038567918520306 -7.405986660441749e-05 0.9999968626032293 0.6832104325294495
0.9999488900809964 0.00037016765582946525 -0.010103474733480854 -0.011935603804886341 -0.0003681387073700807 0.9999999116981725 0.0002026759472792142 -0.011193027719855309 0.010103548865405865 -0.00019894610839963484 0.9999489380567242 0.687221109867096
0.9999622285234246 0.0003323253275134635 -0.008685107157809673 -0.01035355031490326 -0.0003307609374502669 0.9999999288167556 0.00018155904211090588 -0.011263808235526085 0.0086851668762437 -0.00017867949017242663 0.9999622672631059 0.6917422413825989
0.9999980017633248 6.796336138600672e-05 -0.001997961545945334 -0.002432620618492365 -6.785118107028055e-05 0.9999999961180391 5.621511326954708e-05 -0.01195676252245903 0.0019979653587573836 -5.607943688782064e-05 0.999998002492766 0.7287485599517822
0.999997005178387 -0.00010455337249199463 0.0024451386156231223 0.002585968468338251 0.00010457588255048334 0.9999999944907356 -9.078196322193428e-06 -0.01239828672260046 -0.002445137652996166 9.33387166330193e-06 0.9999970106029002 0.7898913025856018
0.9999432391900881 0.0003534177915753062 -0.010648638124114752 -0.012527977116405964 -0.00035147540291301016 0.9999999212533072 0.000184278105563884 -0.011532223783433437 0.010648702412730821 -0.00018052491141421517 0.9999432846655258 0.7052626609802246
0.9999571373314324 -8.12878313343865e-05 0.009258341763794094 0.009728562086820602 8.215996713180762e-05 0.999999992223802 -9.381969862978337e-05 -0.010724821127951145 -0.009258334065399557 9.457634232214426e-05 0.9999571362341733 0.6792601346969604
0.999495460347633 -0.0008050225437605817 0.03175179810935076 0.034611038863658905 0.0008136453099334679 0.9999996355411604 -0.00025864813137073953 -0.008519195020198822 -0.03175157831955061 0.00028435233474607995 0.9994957510754946 0.5733680129051208
0.9999724739328012 -0.00013196253601101393 0.007418487891931421 0.007582421414554119 0.00013257737333141473 0.9999999878177821 -8.238735483744107e-05 -0.009534483775496483 -0.007418476929513503 8.336861067637864e-05 0.9999724792461647 0.580066978931427
0.9997160394771012 0.0008255619074793173 -0.023815097307289396 -0.02811182290315628 -0.0008204465929079495 0.999999638219352 0.0002245630271240473 -0.008665449917316437 0.023815274082129086 -0.0002049602446439046 0.999716355128639 0.5329476594924927
0.9997804837189216 0.0008109822163003013 -0.020936252831009586 -0.024638552218675613 -0.0008046783092616919 0.9999996283441875 0.000309522705642449 -0.00961984135210514 0.02093649606733935 -0.00029260781183886497 0.9997807647244923 0.5974960327148438
0.9996822897980124 0.0009478502306214615 -0.025187716135899877 -0.029613547027111053 -0.0009377445240440734 0.9999994750229108 0.000413024345825942 -0.009380185045301914 0.025188094398147422 -0.0003892734808979872 0.9996826538290773 0.5968412160873413
0.9999976467694971 0.00017101169201223586 -0.002162685938589288 -0.0033298879861831665 -0.00017095547814813467 0.9999999850444825 2.6177450534316092e-05 -0.010819247923791409 0.0021626903828953093 -2.5807665924025235e-05 0.9999976610494006 0.6669144630432129
0.999918244685345 -0.0002463503127463798 0.01278449282926792 0.013456053100526333 0.00024833959030414235 0.9999999573036377 -0.00015401353976049074 -0.010048015043139458 -0.012784454342132896 0.00015717584404655315 0.9999182631710092 0.6397304534912109
0.9999644482511996 -0.00011252783635365208 0.008431463168385877 0.008655678480863571 0.00011350071836562833 0.9999999869567905 -0.00011490868326450406 -0.010365857742726803 -0.008431450127987032 0.00011586157518634679 0.9999644479804441 0.661459743976593
0.9999286990502257 -0.00020332475436806038 0.011939659742538224 0.012618565000593662 0.00020498505252322777 0.999999969491485 -0.00013783380471941816 -0.010322729125618935 -0.011939631353252444 0.00014027142881766432 0.9999287102224212 0.6629788875579834
0.9997454444227571 -0.0004890283394881776 0.02255675524597884 0.02449323609471321 0.0004935512364998574 0.9999998592017761 -0.00019494513276147266 -0.009567603468894958 -0.022556656736333197 0.00020602842283374935 0.999745545020916 0.627522349357605
0.9998880346873771 -0.0002524191342008218 0.014961763719391064 0.015984512865543365 0.00025433655842886475 0.9999999596866311 -0.0001262523300768698 -0.009960685856640339 -0.014961731247728118 0.00013004351768767917 0.999888058577936 0.6447920799255371
0.9999860046746272 -0.00018814838417995138 0.005287254019036369 0.004789460450410843 0.0001887880726636081 0.9999999749208434 -0.00012048807366970174 -0.009504696354269981 -0.005287231216800124 0.00012148455789584399 0.9999860151159925 0.5843201279640198
0.99998777270101 -4.2993201168818325e-05 0.004944957032909575 0.004332949873059988 4.3982830397265924e-05 0.9999999790286724 -0.0002000204111525785 -0.008625337854027748 -0.004944948329689488 0.00020023545864970754 0.9999877536209018 0.5386727452278137
0.9998922204462841 0.0005634000441347437 -0.014670721570188594 -0.017873592674732208 -0.0005604715484030744 0.999999822183727 0.00020372569331585647 -0.009577421471476555 0.014670833740560165 -0.00019548121381691644 0.999892358418871 0.5957787036895752
0.9999999724619577 0.00023199617460318238 -3.540986652485918e-05 -0.0013622255064547062 -0.0002319948644657073 0.9999999724047337 3.6998845005708235e-05 -0.009594582952558994 3.541844913822055e-05 -3.699062907964729e-05 0.9999999986886133 0.617358922958374
0.9999751075769806 -8.76653694326717e-05 0.007055249193945884 0.00709245540201664 8.793324945225758e-05 0.9999999954247826 -3.765870513250835e-05 -0.01012501958757639 -0.0070552458603022885 3.8278158703408917e-05 0.999975110710578 0.630256712436676
0.9999992181976213 0.00011574589630257683 0.0012450731038466856 0.00024804798886179924 -0.00011571865580705274 0.9999999930636809 -2.195064828689166e-05 -0.009959735907614231 -0.0012450756359079216 2.1806552939863958e-05 0.999999224655267 0.6307142376899719
0.999964983907831 -0.0001333635272377825 0.008367387428630624 0.008566664531826973 0.0001342947614239863 0.9999999848517208 -0.00011073154393659395 -0.010472026653587818 -0.008367372534329828 0.00011185136284911546 0.9999649866701054 0.6720854640007019
0.9999924950115299 -3.967537237894783e-05 0.0038740607223126393 0.003998172469437122 3.9983355760466794e-05 0.9999999960467834 -7.942143548969723e-05 -0.011392406187951565 -0.0038740575559226107 7.957573738083747e-05 0.9999924926446975 0.726018488407135
0.9999608303874048 -0.00014466053149619025 0.008849675941100813 0.009672477841377258 0.00014640091406961834 0.9999999700728176 -0.0001960131023065152 -0.011578627862036228 -0.008849647320895389 0.00019730102519623135 0.9999608216398287 0.7337305545806885
0.9997028245348114 -0.0005822099167555042 0.02437054879835866 0.026409275829792023 0.0005893515290706986 0.9999997854740276 -0.0002858612851591217 -0.009262497536838055 -0.024370377138967936 0.0003001391543973298 0.9997029531988953 0.6057481169700623
0.999856388461966 -0.00025105201463530825 0.016945188835795186 0.01847333461046219 0.00025455888328442596 0.9999999466289733 -0.00020479703642735646 -0.010401005856692791 -0.016945136516704467 0.000209081173557054 0.9998563990061241 0.6923036575317383
0.999981213294729 -0.0001573059784681855 0.00612766778071557 0.0069712623953819275 0.00015793951845197228 0.9999999822327008 -0.00010290629943905085 -0.01281785685569048 -0.00612765148406734 0.00010387216706725265 0.9999812203725941 0.8210995197296143
0.9999999089598652 -0.0002743313166285589 -0.00032683725380012405 -0.0002324600936844945 0.0002743149507372673 0.9999999611197818 -5.011729449366318e-05 -0.014310624450445175 0.0003268509898360045 5.002763358580263e-05 0.9999999453328319 0.8973037004470825
0.9999998235313519 -0.00022121700028545637 -0.0005513622258041039 -0.0005233847768977284 0.00022115790362371222 0.9999999697942024 -0.00010724167231122175 -0.013594559393823147 0.0005513859328308224 0.00010711971527243268 0.9999998422494475 0.8529016375541687
0.9999708942665056 0.0002368570407502261 -0.00762591100049881 -0.008964631706476212 -0.0002361110460319351 0.9999999672525892 9.87238307617007e-05 -0.011339426040649414 0.007625934134204374 -9.692039550891876e-05 0.9999709174446115 0.7085448503494263
0.999874111005098 0.000556055885318776 -0.015857267848433134 -0.01869380846619606 -0.0005522946975826442 0.9999998183076254 0.00024156838151438473 -0.010239671915769577 0.015857399292808733 -0.00023278008576279845 0.9998742364423138 0.6553072333335876
0.999991786296283 2.06311607155848e-05 -0.0040530129932895 -0.004980074241757393 -2.040193756320649e-05 0.9999999981902378 5.659757096535497e-05 -0.012360752560198307 0.004053014153628094 -5.651441677164401e-05 0.9999917849074516 0.7764120101928711
0.9999999644020688 -0.00023383340237302086 0.000128521595875469 0.00019701756536960602 0.00023383629016027573 0.9999999724081872 -2.245470914454411e-05 -0.013739438727498055 -0.00012851634166828664 2.2484761358387926e-05 0.9999999914889925 0.8654674291610718
0.9999999828189942 -0.0001853447445252935 3.0556627218536834e-06 7.28267477825284e-05 0.00018534505442692313 0.9999999776488653 -0.0001017323928804198 -0.013277353718876839 -3.036807089187786e-06 0.00010173295748452847 0.9999999948205915 0.8327949643135071
0.9999927890491882 0.00011874283306183885 -0.00379575417609087 -0.004685093183070421 -0.00011852283920860297 0.999999991283551 5.8182766938578616e-05 -0.011243344284594059 0.003795761051791954 -5.773246382361992e-05 0.9999927944065398 0.6788409948348999
0.9999355362550051 0.00043966475872101406 -0.011345925670268792 -0.01410685759037733 -0.00043901755501639676 0.9999999018596769 5.953337710123559e-05 -0.00954223982989788 0.011345950731503858 -5.4548478809636274e-05 0.9999356311415559 0.5914931893348694
0.9999970554803238 2.598606120256764e-05 0.0024265933747862458 0.0018004851881414652 -2.5890425057756192e-05 0.999999998886964 -3.944309407111343e-05 -0.010700161568820477 -0.002426594397056017 3.93801523962313e-05 0.9999970550400814 0.661874532699585
0.9999991274782103 1.3314735582562397e-05 0.001320933584892501 0.0009921030141413212 -1.3272810446089432e-05 0.9999999994079554 -3.1747780422876625e-05 -0.011214617639780045 -0.0013209340068237514 3.173022022116228e-05 0.9999991270628902 0.7079769372940063
0.9999392328174718 -0.00019026742178532004 0.011022453026168041 0.011659535579383373 0.00019196680800076066 0.99999996985194 -0.00015311715691292905 -0.010662057437002659 -0.011022423560655789 0.00015522379753847855 0.9999392391962735 0.67778080701828
0.9999131015161103 -0.0001956254719542638 0.013181469838642108 0.014200289733707905 0.00019749546699452487 0.9999999706186654 -0.00014056389416527095 -0.010551461949944496 -0.013181441953474801 0.00014315495991743527 0.9999131107724731 0.6902443170547485
0.9999721870769166 -9.496599278870313e-05 0.007457617184374976 0.00824409257620573 9.584091053569101e-05 0.9999999885672775 -0.00011696138260653365 -0.01165124773979187 -0.00745760599176029 0.00011767287438997257 0.9999721847461391 0.7449186444282532
0.9999882338663003 -9.718958256396806e-05 0.004850018880668377 0.005397212225943804 9.762998321561535e-05 0.9999999911329815 -9.056723216982184e-05 -0.012038957327604294 -0.00485001003547168 9.103967380557436e-05 0.9999882344880033 0.7672138810157776
0.9999915223216111 -5.3656145939457746e-05 0.004117329950899336 0.004378639627248049 5.398050169885955e-05 0.9999999954487969 -7.866709205522763e-05 -0.011593189090490341 -0.00411732571118756 7.888868067733068e-05 0.9999915206668324 0.729894757270813
0.999948498197062 -0.00015714974334732855 0.010147721783644514 0.011253366246819496 0.0001590585279402764 0.9999999698108527 -0.00018729302761003014 -0.011638792231678963 -0.010147692044242226 0.00018889746337028452 0.9999484930054765 0.7491472959518433
0.9999333357060418 -0.0002164025982786153 0.011544579407823156 0.012734917923808098 0.00021833811280106745 0.999999962320484 -0.00016639560891767917 -0.011387892067432404 -0.01154454296438688 0.00016890513795287914 0.9999333452779727 0.7162002325057983
0.9998994569736174 -0.00022747742629685894 0.014178300246708738 0.015530618838965893 0.00023018083567531185 0.9999999556401896 -0.00018904074147368445 -0.01091837789863348 -0.01417825661526069 0.00019228530774466996 0.999899464979211 0.7045374512672424
0.9999265635190517 -0.00020764261629679456 0.012117114075706184 0.01342709455639124 0.00020984933736057967 0.9999999616291859 -0.00018084491246390702 -0.01148685161024332 -0.012117076059651883 0.00018337440020944779 0.999926568724721 0.7413091659545898
0.9999317383506322 -0.0002085463821513171 0.011682257807872305 0.012944974936544895 0.0002109555942793887 0.9999999567371027 -0.0002049964153307449 -0.011606651358306408 -0.011682214551203211 0.00020744685957570466 0.999931739084714 0.74549800157547
0.9997809403277924 -0.00039159901028965234 0.020926490567939694 0.023042496293783188 0.0003974853959705482 0.9999998826021506 -0.00027713001443795766 -0.010597093030810356 -0.02092637958737533 0.0002853872808175075 0.9997809786105479 0.6905557513237
0.9997786564946141 -0.00040201831436208435 0.021035122987502673 0.02306659147143364 0.00040661275555424714 0.999999894404841 -0.00021414101326518146 -0.01024857722222805 -0.02103503467768633 0.0002226467638640294 0.9997787143886026 0.667275071144104
0.9998611503787069 -0.00028428830704499 0.01666130677730578 0.018195539712905884 0.0002878809803750542 0.9999999358283815 -0.00021323173840371004 -0.010532022453844547 -0.01666124508883284 0.00021799860458696533 0.999861168057195 0.6889452338218689
0.9999669378969736 -0.00021845700783087866 0.00812867698253604 0.009445197880268097 0.00021949342045241103 0.9999999678964141 -0.00012660888394460342 -0.013450984843075275 -0.008128649062978409 0.000128388889103288 0.9999669537443248 0.8604841232299805
0.9999905368013884 -0.00025360265117372124 0.004343039645985302 0.005200347397476435 0.0002543461752359841 0.9999999530937193 -0.00017064753947911254 -0.013848988339304924 -0.004342996165601036 0.00017175056013040845 0.9999905543984158 0.8776655793190002
0.9999613953639765 -0.0001683689839652973 0.008785182617004438 0.009954513981938362 0.00017015820230012428 0.9999999649356126 -0.0002029161396902096 -0.012318872846662998 -0.008785148144173123 0.00020440317706748134 0.9999613889503065 0.7869715690612793
0.9999797663384411 -0.00013181987497823866 0.006359995065823007 0.007190310396254063 0.00013260182890964794 0.999999983701907 -0.00012252730563915376 -0.012624146416783333 -0.0063599788106331046 0.0001233681734407042 0.9999797675202344 0.8108558654785156
0.9999929612534282 -0.00027199734041048946 0.0037421198599687324 0.004483877681195736 0.00027240609221640725 0.9999999569873579 -0.00010872075802450996 -0.014092180877923965 -0.0037420901272532405 0.00010973936901430662 0.9999929923348214 0.8917045593261719
0.9999918271139122 -0.00024027855318293332 0.004035835922848029 0.004809306934475899 0.00024103482735280364 0.9999999534844818 -0.0001869043763880994 -0.013616474345326424 -0.004035790826005888 0.00018787562585480982 0.9999918385142739 0.863481342792511
0.9999857500357734 -0.0002046000214548147 0.005334591289168848 0.006169287022203207 0.00020539764396160286 0.999999967809646 -0.00014897152204896032 -0.01294189877808094 -0.00533456063786986 0.00015006511169239376 0.9999857598702407 0.8255283832550049
0.9999923730172953 -0.00021940786063154858 0.0038994573249731134 0.00449569895863533 0.00021995867568690652 0.999999965893111 -0.00014082598471982884 -0.013185244053602219 -0.0038994262936467264 0.0001416826301115777 0.9999923871713289 0.8376650810241699
0.9999996500923811 -0.0002978557154719538 0.000781726990438398 0.0011679846793413162 0.000297896880102405 0.9999999542483571 -5.254266764981189e-05 -0.015001961961388588 -0.0007817113045392386 5.277552329627561e-05 0.9999996930710429 0.9396523237228394
0.9999998757719971 -0.000459671748424853 0.0001927637773615687 0.0009188712574541569 0.00045969887708773705 0.9999998844381665 -0.00014071459011622795 -0.0166840348392725 -0.00019269907256376555 0.00014080318592753175 0.9999999715207646 1.0270557403564453
0.9999999106275586 -0.00037138313138906324 0.0002020382245687853 0.0007447339594364166 0.0003714205541060681 0.9999999138701675 -0.00018521994780886376 -0.0154885184019804 -0.00020196941960305394 0.00018529497240462483 0.9999999624370625 0.9602559804916382
0.9999999374160701 -0.00031637231038576905 0.00015835534916944325 0.00043922802433371544 0.0003163821690324775 0.9999999480145435 -6.22353023094872e-05 -0.015042849816381931 -0.00015833565141088894 6.228539922340556e-05 0.9999999855251749 0.9383941888809204
0.9999999151079031 -0.00039977465374183376 -9.982190420552853e-05 0.0004415439907461405 0.0003997545683282215 0.999999899867188 -0.00020115143279820434 -0.015751857310533524 9.990230945447715e-05 0.00020111151145981208 0.9999999747868439 0.9721416234970093
0.9999999468285563 -0.00027909569532607567 0.00016866676281813316 0.00039573200047016144 0.0002791165534692552 0.9999999534018267 -0.00012365392653857984 -0.014370216056704521 -0.00016863224367996306 0.0001237009976492447 0.9999999781306144 0.8998668193817139
0.9999991294880175 -0.0001666232004503417 0.001308915549902879 0.0015361546538770199 0.00016684470674757193 0.9999999717803811 -0.00016912149830707483 -0.01317290123552084 -0.001308887333400468 0.0001693397367158649 0.999999129068622 0.8278390765190125
0.9999983289253288 -0.0002483006550121455 0.001811213221628786 0.002114960690960288 0.0002484689814679525 0.9999999648338869 -9.271132484522098e-05 -0.013685747981071472 -0.0018111901376527714 9.316120022207371e-05 0.9999983554542855 0.8633241653442383
0.9999979235935194 -0.00023321039967502297 0.0020244558674843184 0.002387451473623514 0.00023348631541070036 0.9999999634864473 -0.00013605603507743682 -0.013557682745158672 -0.0020244240638819236 0.00013652843531101433 0.9999979415314794 0.8555786609649658
0.9999908439500825 -0.00010563014147003414 0.004277950242228502 0.004846693482249975 0.00010621222360256511 0.9999999851334049 -0.000135838704418324 -0.01222170889377594 -0.004277935829968382 0.0001362918312800538 0.9999908403028357 0.7681395411491394
0.9999985354856803 -0.00020559107602519615 0.0016990464396339036 0.0019321381114423275 0.00020560397101092559 0.9999999788360131 -7.414880842955231e-06 -0.013815335929393768 -0.001699044879241976 7.764200678676763e-06 0.999998556592066 0.873784065246582
0.9999999665422158 -0.0002516676315405001 -5.98245006269741e-05 0.00010426610242575407 0.0002516585381478847 0.9999999567880523 -0.0001519601067893713 -0.013945484533905983 5.986274148200523e-05 0.0001519450463587496 0.9999999866645777 0.8757026195526123
0.999995658177306 -0.00024218783014759375 0.002936830194544558 0.0034640352241694927 0.0002424148517316195 0.9999999676571875 -7.694584970438837e-05 -0.013592875562608242 -0.0029368114642108305 7.765744687532339e-05 0.9999956845445608 0.8601258993148804
0.9999883913827475 -0.00021303963853081125 0.004813700640616205 0.0055889771319925785 0.00021368754427545855 0.9999999681797888 -0.00013408226952349182 -0.013186933472752571 -0.004813671922605001 0.00013510934088251507 0.9999884050868229 0.8406028151512146
0.99999783165542 -0.0002527073184995044 0.002067080905438972 0.0025445236824452877 0.00025293874270882654 0.9999999617729572 -0.00011169635915856714 -0.013973858207464218 -0.0020670525999331724 0.0001122189618076713 0.9999978573479315 0.881995677947998
0.9999999443373557 -0.0002963243626202642 0.00015335304814582848 0.0004887203685939312 0.0002963425304287976 0.9999999490740092 -0.00011846131626310662 -0.014657603576779366 -0.00015331793736213576 0.00011850675469957304 0.9999999812248793 0.9168795943260193
0.9999998136870617 -0.0003656283264269317 -0.0004888167024168993 -9.821378625929356e-05 0.0003655573274377649 0.9999999226237877 -0.0001453281075305886 -0.015347477979958057 0.0004888698006668535 0.00014514938992673943 0.9999998699689777 0.9503239393234253
0.9999988330137424 -0.00027671747724956674 0.0015024641732077116 0.0020029437728226185 0.0002769581504896437 0.9999999488502935 -0.0001599799795731574 -0.014323532581329346 -0.0015024198271007519 0.00016039591257730826 0.999998858503256 0.899712085723877
0.9999999228546239 -0.00031643929347977424 0.00023271639425320002 0.0006332264747470617 0.0003164632874312363 0.9999999446133435 -0.00010307423494669258 -0.015008405782282352 -0.0002326837646257345 0.00010314787319015645 0.9999999676093906 0.935757040977478
0.999995361594576 -0.0001894414931327059 0.0030398850724662383 0.0036345445550978184 0.00019005882905920597 0.9999999613767024 -0.00020279111175460472 -0.013453836552798748 -0.0030398465380048483 0.0002033679281245595 0.9999953589764861 0.8526360392570496
0.9999922992587613 -0.00016190513708945036 0.0039211235510407 0.004460770171135664 0.00016213159027629484 0.9999999852073232 -5.7434315828099316e-05 -0.013184059411287308 -0.003921114194126009 5.806961153829497e-05 0.9999923107161358 0.8395800590515137
0.9999996088552991 -0.00018048178504697802 -0.0008658611748468812 -0.0010752412490546703 0.0001804538621767071 0.9999999831956945 -3.232668444425677e-05 -0.01331426203250885 0.0008658669946743987 3.217042380673548e-05 0.9999996246196352 0.8430354595184326
0.9999989785006804 -7.436278040825032e-05 -0.0014273989534707304 -0.0017817619955167174 7.42870675757942e-05 0.9999999958311516 -5.309546182142028e-05 -0.01268596388399601 0.0014274028958462888 5.298937030192807e-05 0.9999989798560293 0.8005772829055786
0.9999988310353141 -0.00018521069056178947 0.0015177697471821794 0.0016863769851624966 0.00018527783655476176 0.9999999818636819 -4.409942212152009e-05 -0.01297023706138134 -0.001517761551971 4.4380579665999146e-05 0.9999988472144533 0.8212587833404541
0.999984616387386 -0.00015830765721894734 0.005544540310844874 0.006377333775162697 0.00015896524679440415 0.99999998038404 -0.00011816078237474051 -0.012442998588085175 -0.0055445214963267585 0.00011904035385391324 0.9999846219371433 0.7903480529785156
0.9999783714475642 -0.0001693250168553151 0.006574797800360305 0.0075417933985590935 0.0001704203233071534 0.9999999716951823 -0.0001660317674854547 -0.012462824583053589 -0.006574769500930025 0.0001671486556254822 0.9999783719997829 0.7919270992279053
0.9999849632150585 -0.00018193500499915448 0.00548089804974856 0.006276780739426613 0.00018246812075009352 0.9999999786706628 -9.676806479296198e-05 -0.013057717122137547 -0.005480880327346287 9.776669887954295e-05 0.9999849750833807 0.8343626856803894
0.9999993708094543 -0.0003057305199067072 0.001079309753926448 0.0015894302632659674 0.0003058008779587553 0.9999999511288773 -6.502358212295819e-05 -0.015002465806901455 -0.0010792898214858 6.53535950810752e-05 0.9999994154310237 0.9403377771377563
0.9999923507382308 -0.00016814104221410595 0.003907709510353197 0.004634082317352295 0.0001689950197739264 0.9999999619130983 -0.00021820743696243368 -0.013300757855176926 -0.003907672671894778 0.00021886615128260126 0.999992341066619 0.8422718048095703
0.9998494154159948 -0.0003107505910969876 0.017350790367119576 0.018987655639648438 0.0003137469155669322 0.9999999363366814 -0.00016996913352048946 -0.010511715896427631 -0.01735073644450197 0.00017538729574955675 0.9998494492593023 0.6688268184661865
0.9999628169558618 1.5918432928989173e-05 0.008623482608610174 0.009556174278259277 -1.602717263766501e-05 0.9999999997929312 1.2540614715969855e-05 -0.011723552830517292 -0.008623482407197586 -1.267835846224545e-05 0.9999628170039283 0.768371045589447
0.9999992129977834 -0.00031898419372290606 0.0012133642892699441 0.00191050348803401 0.00031921431163281256 0.9999999311028351 -0.0001894638458336577 -0.015104621648788452 -0.0012133037697004815 0.00018985101997155015 0.9999992459249922 0.9456095695495605
0.9999905641929221 -0.00013020654002252727 0.004342185092579023 0.005004530772566795 0.00013098386740179532 0.9999999754487522 -0.0001787336608069434 -0.012922430410981178 -0.004342161713681401 0.00017930073050700216 0.9999905566968621 0.8236310482025146
0.9999704704913999 -0.0001886809629477948 0.007682613142809128 0.00872212927788496 0.00018986442339083594 0.9999999702230126 -0.00015331495109459104 -0.012306107208132744 -0.007682583986431448 0.00015476907869391854 0.9999704765390942 0.7873529195785522
0.9999842569682396 -0.00019380184304730507 0.005607874510290499 0.006547928787767887 0.00019471086449116944 0.9999999679943445 -0.00016155181533273767 -0.012964772991836071 -0.005607843021767241 0.00016264118611123462 0.9999842626984125 0.8250387907028198
0.9998681719289817 -0.00027158338278991944 0.016234685271432705 0.01793506368994713 0.0002755847957021626 0.999999932200792 -0.0002442364263346237 -0.011134130880236626 -0.016234617840179034 0.0002486782615414843 0.9998681789829625 0.7196037769317627
0.9997776873193229 -0.0004998273375218815 0.021079044358291162 0.022841796278953552 0.0005042320905803348 0.9999998521384973 -0.00020364916468547972 -0.00955627765506506 -0.021078939452092212 0.00021423262149797758 0.999777791519675 0.6307067275047302
0.9996693371859839 -0.000605890564046848 0.02570698711945647 0.02778569981455803 0.0006141247613603598 0.9999997626234962 -0.0003124159544106452 -0.008793283253908157 -0.02570679172734291 0.0003280999474020463 0.9996694719803698 0.5903042554855347
0.9996975843960592 -0.0005194618009679934 0.02458596982267212 0.026718270033597946 0.0005263375768720496 0.9999998241673801 -0.0002731921740180995 -0.00896548479795456 -0.02458582358675791 0.0002860500762233165 0.9996976820288795 0.6059329509735107
0.9997729820981958 -0.00038635696041113595 0.02130340336141888 0.023061532527208328 0.00039094275529214244 0.9999999013009293 -0.00021109688127070954 -0.009666644968092442 -0.02130331970004337 0.00021937736970685908 0.9997730344649864 0.6553893685340881
0.9998931532735412 -0.00028059261160592744 0.014615173775248921 0.01573241874575615 0.00028249037758939415 0.9999999519351211 -0.00012778474801154442 -0.010280060581862926 -0.014615137217316198 0.00013189974058783272 0.9998931844785108 0.6722974181175232
0.9995243380610922 -0.0007414807158247596 0.0308309557082435 0.03354021906852722 0.0007521500942877441 0.9999996612018062 -0.0003344645103024179 -0.008513428270816803 -0.03083069726378687 0.00035749492450788824 0.999524557128842 0.5656205415725708
0.9995910488220958 -0.0006887774520883569 0.02858777186778052 0.031074102967977524 0.0006981672214949704 0.9999997055684465 -0.00031847378448844035 -0.008418644778430462 -0.028587544093076594 0.0003383025895128026 0.9995912353927903 0.5571543574333191
0.9995963270117046 -0.0007055084257164169 0.02840220559340912 0.030789658427238464 0.0007156826692946265 0.9999996833275309 -0.0003480562521459059 -0.008328279480338097 -0.028401951042594034 0.00036824271755145317 0.999596515387221 0.5514474511146545
0.9996008208736077 -0.0006976045390443403 0.0282438003235502 0.03050271049141884 0.0007079089506793756 0.9999996864764734 -0.00035484062906423146 -0.008160012774169445 -0.028243543930020848 0.0003746930231421554 0.9996010013157305 0.5433389544487
0.9999900060937263 0.00025663384637167867 -0.00446339016197499 -0.006139524281024933 -0.00025621181933038246 0.9999999626534104 9.512455743237095e-05 -0.009842370636761189 0.0044634144074636485 -9.39800334526787e-05 0.9999900345001346 0.6120428442955017
0.9999981400801349 0.00022309338136142402 -0.0019157415312440476 -0.0032826517708599567 -0.0002229689491461889 0.9999999730191306 6.51658370001814e-05 -0.009858252480626106 0.0019157560176226004 -6.473856492088941e-05 0.9999981628422122 0.6125195622444153
