9.999881e-01 1.946149e-04 -4.878696e-03 2.061631e-02 -1.950580e-04 1.000000e+00 -9.035580e-05 8.758948e-03 4.878678e-03 9.130682e-05 9.999880e-01 -5.247470e-01
9.999891e-01 -4.852023e-05 -4.667298e-03 2.785142e-01 4.955987e-05 1.000000e+00 2.226300e-04 2.612074e-03 4.667286e-03 -2.228584e-04 9.999890e-01 -5.622753e-01
9.999770e-01 2.173644e-04 -6.781338e-03 5.448193e-01 -2.171986e-04 1.000000e+00 2.518121e-05 -5.761719e-03 6.781341e-03 -2.370723e-05 9.999769e-01 -4.952694e-01
9.999321e-01 1.111026e-04 -1.165368e-02 7.645585e-01 -1.053392e-04 9.999999e-01 4.951648e-04 -9.460998e-03 1.165373e-02 -4.939031e-04 9.999319e-01 -5.589417e-01
9.999999e-01 1.072876e-04 3.612608e-04 9.552542e-01 -1.071949e-04 1.000000e+00 -2.564163e-04 -1.149633e-02 -3.612938e-04 2.563781e-04 9.999998e-01 -7.020484e-01
9.999919e-01 7.084980e-06 -4.022832e-03 1.112747e+00 -6.279486e-06 1.000000e+00 2.002347e-04 -1.227096e-02 4.022827e-03 -2.002073e-04 9.999918e-01 -9.017643e-01
9.999977e-01 1.288992e-04 -2.147953e-03 1.309335e+00 -1.293697e-04 1.000000e+00 -2.189520e-04 -1.323468e-02 2.147918e-03 2.192299e-04 9.999976e-01 -1.136426e+00
9.999962e-01 -1.182467e-04 -2.745059e-03 1.650103e+00 1.186157e-04 1.000000e+00 1.342255e-04 -2.469553e-02 2.745036e-03 -1.345501e-04 9.999961e-01 -1.073389e+00
9.999995e-01 1.296564e-04 -9.707787e-04 1.976996e+00 -1.298999e-04 1.000000e+00 -2.508397e-04 -3.397341e-02 9.707388e-04 2.509663e-04 9.999994e-01 -1.105844e+00
9.999991e-01 -9.308021e-05 -1.320556e-03 2.218121e+00 9.342786e-05 1.000000e+00 2.631673e-04 -4.650995e-02 1.320524e-03 -2.632899e-04 9.999990e-01 -8.744452e-01
9.999996e-01 2.493023e-04 -8.635499e-04 2.215636e+00 -2.495455e-04 9.999999e-01 -2.815213e-04 -4.114646e-02 8.634718e-04 2.817373e-04 9.999995e-01 -1.187226e+00
9.999974e-01 4.728756e-05 -2.269542e-03 1.935504e+00 -4.668096e-05 1.000000e+00 2.673098e-04 -2.215534e-02 2.269547e-03 -2.672026e-04 9.999973e-01 -1.853950e+00
9.999993e-01 1.488817e-04 -1.138667e-03 1.717564e+00 -1.491016e-04 1.000000e+00 -1.930933e-04 -1.077235e-02 1.138630e-03 1.932635e-04 9.999992e-01 -2.203187e+00
9.999999e-01 5.890917e-05 -4.316558e-04 1.448758e+00 -5.883172e-05 1.000000e+00 1.793297e-04 4.762809e-03 4.316577e-04 -1.793038e-04 9.999998e-01 -2.708605e+00
9.999952e-01 1.002157e-04 -3.081007e-03 1.428322e+00 -1.004309e-04 1.000000e+00 -6.971496e-05 6.435238e-03 3.080991e-03 7.002462e-05 9.999952e-01 -2.788963e+00
9.999916e-01 1.019719e-04 -4.102849e-03 1.510873e+00 -1.000370e-04 9.999999e-01 4.717996e-04 -2.530837e-03 4.102887e-03 -4.713846e-04 9.999914e-01 -2.457047e+00
9.999912e-01 -2.093743e-06 4.188294e-03 1.576040e+00 3.434935e-06 9.999999e-01 -3.202044e-04 -1.230098e-02 -4.188303e-03 3.202166e-04 9.999911e-01 -2.113790e+00
9.999888e-01 1.586057e-04 -4.723520e-03 1.672955e+00 -1.562280e-04 9.999999e-01 5.037326e-04 -2.563980e-02 4.723590e-03 -5.029884e-04 9.999886e-01 -1.656637e+00
9.999929e-01 -6.006910e-05 3.773058e-03 1.855257e+00 6.187999e-05 9.999999e-01 -4.798249e-04 -3.466096e-02 -3.773039e-03 4.800556e-04 9.999927e-01 -1.507205e+00
9.999840e-01 1.305135e-04 -5.660734e-03 2.030660e+00 -1.273744e-04 9.999998e-01 5.548943e-04 -4.509670e-02 5.660796e-03 -5.541637e-04 9.999837e-01 -1.279826e+00
9.999919e-01 8.809128e-05 -4.020328e-03 2.164277e+00 -8.848556e-05 1.000000e+00 -9.790566e-05 -5.824134e-02 4.020309e-03 9.826130e-05 9.999918e-01 -8.354709e-01
9.999999e-01 1.530034e-05 3.963242e-04 2.326704e+00 -1.540737e-05 1.000000e+00 2.701818e-04 -7.232184e-02 -3.963314e-04 -2.701872e-04 9.999998e-01 -4.181454e-01
9.990877e-01 7.929063e-04 -4.269737e-02 2.440056e+00 -7.290437e-04 9.999986e-01 1.511251e-03 -7.377984e-02 4.269849e-02 -1.478744e-03 9.990868e-01 -3.518372e-01
9.990812e-01 -7.157527e-04 4.285063e-02 2.687742e+00 7.781316e-04 9.999987e-01 -1.439064e-03 -8.840706e-02 -4.284956e-02 1.471086e-03 9.990804e-01 -2.487418e-02
9.990485e-01 8.402135e-04 -4.360422e-02 2.840622e+00 -7.730716e-04 9.999985e-01 1.556642e-03 -9.921547e-02 4.360544e-02 -1.521450e-03 9.990476e-01 2.641862e-01
9.988246e-01 -6.881203e-04 4.846669e-02 2.987955e+00 7.564519e-04 9.999987e-01 -1.391537e-03 -1.104040e-01 -4.846568e-02 1.426565e-03 9.988237e-01 6.051220e-01
9.996175e-01 8.393962e-04 -2.764463e-02 3.264409e+00 -8.010432e-04 9.999987e-01 1.398403e-03 -1.258279e-01 2.764575e-02 -1.375722e-03 9.996167e-01 1.021755e+00
9.983472e-01 -7.152512e-04 5.746648e-02 3.581847e+00 8.011013e-04 9.999986e-01 -1.470890e-03 -1.369537e-01 -5.746536e-02 1.514497e-03 9.983463e-01 1.245817e+00
9.994239e-01 9.173771e-04 -3.392797e-02 4.064826e+00 -8.697900e-04 9.999986e-01 1.417323e-03 -1.488186e-01 3.392921e-02 -1.386996e-03 9.994232e-01 1.313377e+00
9.977074e-01 -8.683714e-04 6.766970e-02 4.560912e+00 9.784705e-04 9.999983e-01 -1.593879e-03 -1.666841e-01 -6.766821e-02 1.656439e-03 9.977064e-01 1.575773e+00
9.964515e-01 1.437362e-03 -8.415631e-02 4.910514e+00 -1.215494e-03 9.999956e-01 2.687557e-03 -1.774275e-01 8.415980e-02 -2.575728e-03 9.964488e-01 1.746620e+00
9.999271e-01 -4.087881e-05 1.207167e-02 5.018035e+00 3.579629e-05 9.999999e-01 4.212532e-04 -1.765584e-01 -1.207170e-02 -4.207891e-04 9.999269e-01 1.828681e+00
9.992432e-01 5.288273e-04 -3.889346e-02 5.252443e+00 -5.031781e-04 9.999996e-01 6.692558e-04 -1.905104e-01 3.889378e-02 -6.491776e-04 9.992430e-01 2.241030e+00
9.991826e-01 -4.331807e-04 4.042219e-02 5.470682e+00 4.496210e-04 9.999998e-01 -3.976208e-04 -2.141635e-01 -4.042203e-02 4.154718e-04 9.991825e-01 3.023373e+00
9.989602e-01 6.320396e-04 -4.558626e-02 5.658873e+00 -5.943522e-04 9.999995e-01 8.402760e-04 -2.376980e-01 4.558675e-02 -8.123066e-04 9.989600e-01 3.849545e+00
9.992939e-01 -4.337389e-04 3.757125e-02 5.860301e+00 4.495669e-04 9.999998e-01 -4.128284e-04 -2.594785e-01 -3.757108e-02 4.294291e-04 9.992938e-01 4.570114e+00
9.990963e-01 5.824880e-04 -4.250108e-02 6.088384e+00 -5.534207e-04 9.999996e-01 6.956808e-04 -2.755703e-01 4.250145e-02 -6.715297e-04 9.990961e-01 5.026879e+00
9.990790e-01 -5.113353e-04 4.290452e-02 6.314033e+00 5.379271e-04 9.999997e-01 -6.082423e-04 -2.895845e-01 -4.290421e-02 6.307631e-04 9.990789e-01 5.350609e+00
9.991615e-01 6.109645e-04 -4.093738e-02 6.535230e+00 -5.829457e-04 9.999996e-01 6.963626e-04 -3.033399e-01 4.093777e-02 -6.719130e-04 9.991614e-01 5.661756e+00
9.982945e-01 -4.833707e-04 5.837633e-02 6.929591e+00 5.254066e-04 9.999996e-01 -7.047345e-04 -3.227469e-01 -5.837599e-02 7.342054e-04 9.982943e-01 6.054750e+00
9.990641e-01 5.940313e-04 -4.324997e-02 7.328608e+00 -5.662245e-04 9.999996e-01 6.551787e-04 -3.415538e-01 4.325033e-02 -6.300749e-04 9.990640e-01 6.412222e+00
9.987454e-01 -4.396074e-04 5.007397e-02 7.517839e+00 4.734903e-04 9.999997e-01 -6.647920e-04 -3.462425e-01 -5.007367e-02 6.876690e-04 9.987452e-01 6.334566e+00
9.990662e-01 6.341140e-04 -4.320001e-02 7.458383e+00 -6.069271e-04 9.999996e-01 6.424379e-04 -3.361256e-01 4.320038e-02 -6.156173e-04 9.990661e-01 5.825955e+00
9.986061e-01 -4.118663e-04 5.277966e-02 7.317270e+00 4.465520e-04 9.999997e-01 -6.453854e-04 -3.220215e-01 -5.277939e-02 6.680561e-04 9.986059e-01 5.230924e+00
9.986479e-01 6.606604e-04 -5.198051e-02 7.013992e+00 -6.303879e-04 9.999996e-01 5.987737e-04 -3.012385e-01 5.198087e-02 -5.651947e-04 9.986478e-01 4.489482e+00
9.981699e-01 -5.375361e-04 6.046901e-02 7.129625e+00 5.727435e-04 9.999997e-01 -5.649058e-04 -3.012998e-01 -6.046870e-02 5.985067e-04 9.981698e-01 4.270706e+00
9.989027e-01 6.929382e-04 -4.682772e-02 7.489512e+00 -6.634158e-04 9.999996e-01 6.459855e-04 -3.256133e-01 4.682813e-02 -6.142090e-04 9.989027e-01 4.922930e+00
9.988722e-01 -5.526215e-04 4.747721e-02 7.702912e+00 5.676791e-04 9.999998e-01 -3.036677e-04 -3.546542e-01 -4.747705e-02 3.302785e-04 9.988722e-01 5.921015e+00
9.986784e-01 8.523193e-04 -5.138845e-02 7.807741e+00 -8.060176e-04 9.999993e-01 9.217298e-04 -3.862223e-01 5.138919e-02 -8.790900e-04 9.986782e-01 7.161082e+00
9.996016e-01 -3.660777e-04 2.822285e-02 7.945722e+00 3.631531e-04 9.999999e-01 1.087575e-04 -4.026907e-01 -2.822290e-02 -9.846330e-05 9.996016e-01 7.769555e+00
9.985287e-01 8.636560e-04 -5.421824e-02 8.147865e+00 -8.144319e-04 9.999992e-01 9.299746e-04 -4.138027e-01 5.421899e-02 -8.844475e-04 9.985286e-01 8.083641e+00
9.993407e-01 -5.860681e-04 3.630254e-02 8.572784e+00 6.062850e-04 9.999997e-01 -5.458891e-04 -4.296834e-01 -3.630223e-02 5.675406e-04 9.993406e-01 8.272589e+00
9.986290e-01 5.989087e-04 -5.234327e-02 9.365882e+00 -5.705556e-04 9.999997e-01 5.566151e-04 -4.636507e-01 5.234357e-02 -5.259854e-04 9.986289e-01 8.735321e+00
9.992624e-01 -6.095719e-04 3.839641e-02 1.016033e+01 6.304003e-04 9.999997e-01 -5.303455e-04 -5.083965e-01 -3.839609e-02 5.541612e-04 9.992623e-01 9.629222e+00
9.983665e-01 7.097458e-04 -5.712950e-02 1.092443e+01 -6.658478e-04 9.999995e-01 7.874226e-04 -5.550819e-01 5.713001e-02 -7.480950e-04 9.983664e-01 1.066224e+01
9.994533e-01 -6.097943e-04 3.305729e-02 1.180561e+01 6.262462e-04 9.999997e-01 -4.873178e-04 -6.006739e-01 -3.305700e-02 5.077552e-04 9.994532e-01 1.151584e+01
9.978146e-01 8.700518e-04 -6.607081e-02 1.271693e+01 -7.960729e-04 9.999990e-01 1.146006e-03 -6.471934e-01 6.607172e-02 -1.090903e-03 9.978142e-01 1.239846e+01
9.996158e-01 -5.309293e-04 2.771355e-02 1.366225e+01 5.391881e-04 9.999998e-01 -2.905190e-04 -6.979212e-01 -2.771342e-02 3.053522e-04 9.996158e-01 1.342982e+01
9.981973e-01 7.477789e-04 -6.001321e-02 1.465129e+01 -6.995959e-04 9.999994e-01 8.238749e-04 -7.502088e-01 6.001376e-02 -7.804027e-04 9.981971e-01 1.444847e+01
9.993761e-01 -6.993765e-04 3.531101e-02 1.567980e+01 7.226908e-04 9.999995e-01 -6.474846e-04 -8.022047e-01 -3.531058e-02 6.726016e-04 9.993761e-01 1.537483e+01
9.984255e-01 7.025615e-04 -5.608875e-02 1.665218e+01 -6.644151e-04 9.999995e-01 6.987473e-04 -8.491395e-01 5.608918e-02 -6.603789e-04 9.984254e-01 1.615495e+01
9.993401e-01 -6.105053e-04 3.631672e-02 1.742035e+01 6.327220e-04 9.999996e-01 -6.002457e-04 -8.781364e-01 -3.631638e-02 6.228300e-04 9.993401e-01 1.644927e+01
9.976981e-01 1.111432e-03 -6.780320e-02 1.788149e+01 -1.016095e-03 9.999984e-01 1.440543e-03 -8.873631e-01 6.780466e-02 -1.368330e-03 9.976976e-01 1.632917e+01
9.994030e-01 -4.895901e-04 3.454490e-02 1.803714e+01 4.967513e-04 9.999999e-01 -1.987018e-04 -8.854432e-01 -3.454484e-02 2.157456e-04 9.994030e-01 1.612062e+01
9.992305e-01 7.967007e-04 -3.921457e-02 1.785776e+01 -7.911740e-04 9.999997e-01 1.564400e-04 -8.661481e-01 3.921463e-02 -1.252920e-04 9.992307e-01 1.530631e+01
9.994495e-01 -4.968874e-04 3.317172e-02 1.775273e+01 5.001666e-04 9.999999e-01 -9.053926e-05 -8.510340e-01 -3.317171e-02 1.070829e-04 9.994496e-01 1.462924e+01
9.971436e-01 1.410367e-03 -7.551571e-02 1.779255e+01 -1.264159e-03 9.999972e-01 1.983893e-03 -8.514049e-01 7.551825e-02 -1.882760e-03 9.971425e-01 1.473669e+01
9.991233e-01 -7.099258e-04 4.185710e-02 1.789700e+01 7.343148e-04 9.999996e-01 -5.672828e-04 -8.526051e-01 -4.185673e-02 5.975242e-04 9.991234e-01 1.477073e+01
9.969817e-01 1.488749e-03 -7.762225e-02 1.800190e+01 -1.326214e-03 9.999968e-01 2.145422e-03 -8.562270e-01 7.762514e-02 -2.036001e-03 9.969804e-01 1.492445e+01
9.990993e-01 -7.618122e-04 4.242691e-02 1.811065e+01 7.875898e-04 9.999995e-01 -5.908447e-04 -8.603427e-01 -4.242650e-02 6.237301e-04 9.990993e-01 1.509472e+01
9.986642e-01 1.017867e-03 -5.166003e-02 1.835987e+01 -9.680657e-04 9.999990e-01 9.890176e-04 -8.690378e-01 5.166093e-02 -9.376836e-04 9.986642e-01 1.522697e+01
9.999554e-01 -2.579430e-04 9.442500e-03 1.854679e+01 2.514938e-04 9.999997e-01 6.842784e-04 -8.723111e-01 -9.442737e-03 -6.818704e-04 9.999551e-01 1.527917e+01
9.950415e-01 2.105565e-03 -9.943810e-02 1.857642e+01 -1.791473e-03 9.999931e-01 3.247840e-03 -8.657546e-01 9.944419e-02 -3.053592e-03 9.950384e-01 1.524368e+01
9.975173e-01 -1.320271e-03 7.040890e-02 1.879356e+01 1.454332e-03 9.999972e-01 -1.852786e-03 -8.702059e-01 -7.040633e-02 1.950587e-03 9.975164e-01 1.531496e+01
9.971910e-01 1.627152e-03 -7.488268e-02 1.900607e+01 -1.460672e-03 9.999963e-01 2.277909e-03 -8.758498e-01 7.488604e-02 -2.162129e-03 9.971897e-01 1.534804e+01
9.990124e-01 -9.224570e-04 4.442132e-02 1.896891e+01 9.639494e-04 9.999991e-01 -9.126197e-04 -8.714821e-01 -4.442051e-02 9.545414e-04 9.990124e-01 1.527817e+01
9.971572e-01 1.694010e-03 -7.532968e-02 1.882487e+01 -1.522992e-03 9.999961e-01 2.327626e-03 -8.629784e-01 7.533326e-02 -2.206280e-03 9.971559e-01 1.511900e+01
9.987949e-01 -9.503943e-04 4.906857e-02 1.858576e+01 1.010255e-03 9.999988e-01 -1.195118e-03 -8.478126e-01 -4.906745e-02 1.243253e-03 9.987946e-01 1.471423e+01
9.952872e-01 2.103371e-03 -9.694776e-02 1.852163e+01 -1.786279e-03 9.999928e-01 3.357414e-03 -8.405650e-01 9.695404e-02 -3.168412e-03 9.952837e-01 1.460490e+01
9.990196e-01 -9.306320e-04 4.425893e-02 1.850394e+01 9.762422e-04 9.999990e-01 -1.008883e-03 -8.356632e-01 -4.425803e-02 1.051105e-03 9.990195e-01 1.457468e+01
9.951560e-01 2.164465e-03 -9.828427e-02 1.850906e+01 -1.834689e-03 9.999924e-01 3.445570e-03 -8.321785e-01 9.829089e-02 -3.248556e-03 9.951523e-01 1.459238e+01
9.986404e-01 -1.108714e-03 5.211576e-02 1.852620e+01 1.179028e-03 9.999984e-01 -1.318410e-03 -8.307394e-01 -5.211431e-02 1.378067e-03 9.986401e-01 1.466467e+01
9.967714e-01 1.816553e-03 -8.027122e-02 1.855018e+01 -1.611287e-03 9.999953e-01 2.621829e-03 -8.306602e-01 8.027551e-02 -2.484020e-03 9.967695e-01 1.473206e+01
9.977201e-01 -1.359532e-03 6.747428e-02 1.854854e+01 1.497762e-03 9.999969e-01 -1.998062e-03 -8.293799e-01 -6.747144e-02 2.094571e-03 9.977189e-01 1.470136e+01
9.966659e-01 1.855594e-03 -8.156919e-02 1.855633e+01 -1.644203e-03 9.999951e-01 2.658630e-03 -8.273169e-01 8.157363e-02 -2.515646e-03 9.966641e-01 1.462679e+01
9.979984e-01 -1.287260e-03 6.322629e-02 1.850971e+01 1.405199e-03 9.999974e-01 -1.820875e-03 -8.217403e-01 -6.322387e-02 1.906080e-03 9.979975e-01 1.445871e+01
9.966430e-01 1.845786e-03 -8.184897e-02 1.853717e+01 -1.629614e-03 9.999950e-01 2.707802e-03 -8.195286e-01 8.185346e-02 -2.565326e-03 9.966410e-01 1.437308e+01
9.993742e-01 -8.503667e-04 3.536075e-02 1.852461e+01 8.740831e-04 9.999994e-01 -6.551693e-04 -8.159417e-01 -3.536027e-02 6.856711e-04 9.993743e-01 1.437648e+01
9.958491e-01 2.066228e-03 -9.099632e-02 1.855467e+01 -1.787621e-03 9.999935e-01 3.143111e-03 -8.141131e-01 9.100212e-02 -2.967393e-03 9.958462e-01 1.444233e+01
9.996524e-01 -7.310502e-04 2.635176e-02 1.855534e+01 7.373853e-04 9.999997e-01 -2.305728e-04 -8.109880e-01 -2.635168e-02 2.499277e-04 9.996526e-01 1.451680e+01
9.967257e-01 1.905939e-03 -8.083468e-02 1.853964e+01 -1.701271e-03 9.999952e-01 2.600693e-03 -8.060791e-01 8.083915e-02 -2.454652e-03 9.967241e-01 1.448642e+01
9.998583e-01 -6.296894e-04 1.682059e-02 1.853584e+01 6.279002e-04 9.999998e-01 1.118489e-04 -7.981276e-01 -1.682076e-02 -1.012677e-04 9.998585e-01 1.432519e+01
9.966852e-01 1.972131e-03 -8.133044e-02 1.849639e+01 -1.756335e-03 9.999947e-01 2.724740e-03 -7.906170e-01 8.133529e-02 -2.572861e-03 9.966834e-01 1.422855e+01
9.994372e-01 -9.023807e-04 3.353259e-02 1.837476e+01 9.241151e-04 9.999994e-01 -6.325508e-04 -7.792039e-01 -3.353210e-02 6.631864e-04 9.994374e-01 1.397543e+01
9.979657e-01 1.666109e-03 -6.373069e-02 1.815625e+01 -1.545074e-03 9.999969e-01 1.948341e-03 -7.645356e-01 6.373364e-02 -1.845906e-03 9.979652e-01 1.358900e+01
9.990358e-01 -1.067735e-03 4.388801e-02 1.792461e+01 1.118197e-03 9.999987e-01 -1.125170e-03 -7.485698e-01 -4.388685e-02 1.173164e-03 9.990358e-01 1.310794e+01
9.985788e-01 1.450531e-03 -5.327472e-02 1.776688e+01 -1.372219e-03 9.999979e-01 1.506438e-03 -7.383081e-01 5.327669e-02 -1.431189e-03 9.985787e-01 1.277214e+01
9.988594e-01 -1.108004e-03 4.773420e-02 1.757661e+01 1.168971e-03 9.999985e-01 -1.249239e-03 -7.287364e-01 -4.773284e-02 1.303618e-03 9.988592e-01 1.249166e+01
9.984353e-01 1.444824e-03 -5.589999e-02 1.755042e+01 -1.354962e-03 9.999977e-01 1.645353e-03 -7.286732e-01 5.590214e-02 -1.567033e-03 9.984350e-01 1.250438e+01
9.985036e-01 -1.239529e-03 5.467105e-02 1.764290e+01 1.316716e-03 9.999982e-01 -1.375769e-03 -7.409525e-01 -5.466934e-02 1.445700e-03 9.985034e-01 1.293830e+01
9.984685e-01 1.519783e-03 -5.530155e-02 1.744179e+01 -1.442203e-03 9.999979e-01 1.442665e-03 -7.267157e-01 5.530352e-02 -1.360696e-03 9.984686e-01 1.242566e+01
9.984226e-01 -1.181233e-03 5.613166e-02 1.710308e+01 1.262231e-03 9.999982e-01 -1.407508e-03 -7.035087e-01 -5.613000e-02 1.476142e-03 9.984223e-01 1.160904e+01
9.985112e-01 1.490266e-03 -5.452650e-02 1.685992e+01 -1.414080e-03 9.999980e-01 1.435720e-03 -6.845453e-01 5.452843e-02 -1.356474e-03 9.985112e-01 1.089158e+01
9.983324e-01 -1.182159e-03 5.771332e-02 1.662086e+01 1.263740e-03 9.999983e-01 -1.377010e-03 -6.658438e-01 -5.771169e-02 1.447652e-03 9.983322e-01 1.018439e+01
9.984075e-01 1.561039e-03 -5.639094e-02 1.624890e+01 -1.483057e-03 9.999979e-01 1.424636e-03 -6.403100e-01 5.639294e-02 -1.338733e-03 9.984077e-01 9.294084e+00
9.983500e-01 -1.210089e-03 5.740734e-02 1.591704e+01 1.289250e-03 9.999983e-01 -1.341859e-03 -6.178307e-01 -5.740572e-02 1.413661e-03 9.983499e-01 8.515874e+00
9.983103e-01 1.570014e-03 -5.808538e-02 1.560636e+01 -1.489856e-03 9.999979e-01 1.423222e-03 -5.971891e-01 5.808739e-02 -1.334275e-03 9.983106e-01 7.808703e+00
9.984606e-01 -1.213795e-03 5.545154e-02 1.534940e+01 1.286689e-03 9.999984e-01 -1.278805e-03 -5.800118e-01 -5.544999e-02 1.348188e-03 9.984605e-01 7.223991e+00
9.983500e-01 1.471149e-03 -5.740237e-02 1.523136e+01 -1.390637e-03 9.999980e-01 1.442452e-03 -5.722559e-01 5.740427e-02 -1.360243e-03 9.983500e-01 6.959553e+00
9.984656e-01 -1.257983e-03 5.536028e-02 1.519258e+01 1.328009e-03 9.999984e-01 -1.228077e-03 -5.709424e-01 -5.535875e-02 1.299715e-03 9.984656e-01 6.927272e+00
9.982421e-01 1.520548e-03 -5.924746e-02 1.511068e+01 -1.437231e-03 9.999979e-01 1.448780e-03 -5.660555e-01 5.924944e-02 -1.361078e-03 9.982422e-01 6.772247e+00
9.983286e-01 -1.208459e-03 5.777830e-02 1.490404e+01 1.287992e-03 9.999983e-01 -1.339227e-03 -5.519782e-01 -5.777668e-02 1.411410e-03 9.983285e-01 6.282030e+00
9.983944e-01 1.456404e-03 -5.662421e-02 1.475333e+01 -1.376468e-03 9.999980e-01 1.450613e-03 -5.408131e-01 5.662611e-02 -1.370340e-03 9.983945e-01 5.869989e+00
9.983050e-01 -1.258124e-03 5.818496e-02 1.466040e+01 1.337292e-03 9.999982e-01 -1.321643e-03 -5.346851e-01 -5.818330e-02 1.397217e-03 9.983049e-01 5.656707e+00
9.982525e-01 1.462853e-03 -5.907393e-02 1.459786e+01 -1.377731e-03 9.999980e-01 1.481585e-03 -5.321431e-01 5.907588e-02 -1.397605e-03 9.982525e-01 5.578485e+00
9.982329e-01 -1.216353e-03 5.940931e-02 1.445052e+01 1.300218e-03 9.999982e-01 -1.372941e-03 -5.219295e-01 -5.940763e-02 1.447763e-03 9.982327e-01 5.213156e+00
9.983377e-01 1.448220e-03 -5.761560e-02 1.429311e+01 -1.366201e-03 9.999980e-01 1.462859e-03 -5.108327e-01 5.761751e-02 -1.381709e-03 9.983377e-01 4.809800e+00
9.980462e-01 -1.268202e-03 6.246620e-02 1.424879e+01 1.354089e-03 9.999982e-01 -1.332558e-03 -5.076617e-01 -6.246449e-02 1.414543e-03 9.980461e-01 4.696000e+00
9.981599e-01 1.494668e-03 -6.061691e-02 1.414188e+01 -1.409917e-03 9.999980e-01 1.440826e-03 -5.002035e-01 6.061884e-02 -1.352707e-03 9.981600e-01 4.426944e+00
9.980986e-01 -1.282284e-03 6.162385e-02 1.398460e+01 1.367343e-03 9.999982e-01 -1.338083e-03 -4.900756e-01 -6.162212e-02 1.419803e-03 9.980985e-01 4.071956e+00
9.982107e-01 1.521066e-03 -5.977368e-02 1.382717e+01 -1.437773e-03 9.999979e-01 1.436400e-03 -4.788953e-01 5.977565e-02 -1.347885e-03 9.982109e-01 3.664012e+00
9.981628e-01 -1.271569e-03 6.057483e-02 1.362956e+01 1.355804e-03 9.999982e-01 -1.349456e-03 -4.655878e-01 -6.057310e-02 1.429108e-03 9.981627e-01 3.192349e+00
9.980679e-01 1.604017e-03 -6.211152e-02 1.321517e+01 -1.522197e-03 9.999979e-01 1.364545e-03 -4.413860e-01 6.211348e-02 -1.267359e-03 9.980682e-01 2.402034e+00
9.981748e-01 -1.223535e-03 6.037815e-02 1.268133e+01 1.308877e-03 9.999982e-01 -1.373870e-03 -4.110322e-01 -6.037646e-02 1.450393e-03 9.981746e-01 1.430344e+00
9.979818e-01 1.627738e-03 -6.347898e-02 1.219452e+01 -1.543136e-03 9.999979e-01 1.381705e-03 -3.830225e-01 6.348099e-02 -1.280957e-03 9.979822e-01 5.328413e-01
9.981303e-01 -1.288508e-03 6.110770e-02 1.188945e+01 1.370858e-03 9.999982e-01 -1.305644e-03 -3.648166e-01 -6.110600e-02 1.386976e-03 9.981303e-01 -6.588978e-02
9.980629e-01 1.569406e-03 -6.219262e-02 1.163431e+01 -1.487340e-03 9.999980e-01 1.365762e-03 -3.493594e-01 6.219453e-02 -1.270611e-03 9.980632e-01 -5.833154e-01
9.981384e-01 -1.282919e-03 6.097506e-02 1.147004e+01 1.363106e-03 9.999983e-01 -1.273439e-03 -3.373121e-01 -6.097342e-02 1.354187e-03 9.981384e-01 -1.024961e+00
9.979339e-01 1.663803e-03 -6.422590e-02 1.120639e+01 -1.581625e-03 9.999979e-01 1.330286e-03 -3.180569e-01 6.422788e-02 -1.225953e-03 9.979345e-01 -1.723283e+00
9.981026e-01 -1.276930e-03 6.155914e-02 1.087194e+01 1.357604e-03 9.999983e-01 -1.268637e-03 -2.964788e-01 -6.155752e-02 1.349806e-03 9.981026e-01 -2.460137e+00
9.979604e-01 1.570490e-03 -6.381513e-02 1.070817e+01 -1.483891e-03 9.999979e-01 1.404345e-03 -2.854778e-01 6.381711e-02 -1.306783e-03 9.979607e-01 -2.846568e+00
9.980526e-01 -1.272633e-03 6.236380e-02 1.051040e+01 1.356331e-03 9.999982e-01 -1.299720e-03 -2.728959e-01 -6.236213e-02 1.381778e-03 9.980526e-01 -3.274895e+00
9.980808e-01 1.548950e-03 -6.190459e-02 1.047866e+01 -1.469529e-03 9.999980e-01 1.328413e-03 -2.631506e-01 6.190642e-02 -1.234890e-03 9.980811e-01 -3.791317e+00
9.979968e-01 -1.367091e-03 6.324820e-02 1.063996e+01 1.450414e-03 9.999981e-01 -1.271447e-03 -2.637303e-01 -6.324644e-02 1.360639e-03 9.979970e-01 -4.030990e+00
9.979136e-01 1.545457e-03 -6.454362e-02 1.077572e+01 -1.457794e-03 9.999980e-01 1.405210e-03 -2.685773e-01 6.454556e-02 -1.308184e-03 9.979139e-01 -4.010023e+00
9.980132e-01 -1.320358e-03 6.299100e-02 1.082878e+01 1.396001e-03 9.999984e-01 -1.156787e-03 -2.747606e-01 -6.298947e-02 1.242428e-03 9.980134e-01 -3.823171e+00
9.980315e-01 1.520617e-03 -6.269510e-02 1.093037e+01 -1.441640e-03 9.999981e-01 1.304854e-03 -2.799466e-01 6.269687e-02 -1.211898e-03 9.980318e-01 -3.755397e+00
9.978568e-01 -1.342254e-03 6.542072e-02 1.112124e+01 1.423465e-03 9.999983e-01 -1.194708e-03 -2.860384e-01 -6.541910e-02 1.285275e-03 9.978570e-01 -3.761281e+00
9.978337e-01 1.590942e-03 -6.576608e-02 1.119227e+01 -1.518019e-03 9.999982e-01 1.158739e-03 -2.783384e-01 6.576770e-02 -1.056392e-03 9.978344e-01 -4.326199e+00
9.979197e-01 -1.352283e-03 6.445355e-02 1.124561e+01 1.429175e-03 9.999983e-01 -1.146835e-03 -2.720909e-01 -6.445199e-02 1.236567e-03 9.979200e-01 -4.778268e+00
9.978571e-01 1.542488e-03 -6.541167e-02 1.136945e+01 -1.467869e-03 9.999982e-01 1.188752e-03 -2.716873e-01 6.541329e-02 -1.090186e-03 9.978576e-01 -5.016740e+00
9.979784e-01 -1.345253e-03 6.353901e-02 1.149380e+01 1.420139e-03 9.999983e-01 -1.133379e-03 -2.713766e-01 -6.353748e-02 1.221325e-03 9.979787e-01 -5.242887e+00
9.979622e-01 1.571388e-03 -6.378728e-02 1.148709e+01 -1.497328e-03 9.999981e-01 1.208788e-03 -2.661335e-01 6.378896e-02 -1.110811e-03 9.979627e-01 -5.549792e+00
9.978592e-01 -1.364057e-03 6.538308e-02 1.130388e+01 1.439337e-03 9.999984e-01 -1.104222e-03 -2.553190e-01 -6.538156e-02 1.195969e-03 9.978596e-01 -5.907528e+00
9.979759e-01 1.615661e-03 -6.357156e-02 1.109307e+01 -1.543275e-03 9.999981e-01 1.187692e-03 -2.410700e-01 6.357326e-02 -1.087177e-03 9.979765e-01 -6.412096e+00
9.979427e-01 -1.364106e-03 6.409672e-02 1.078710e+01 1.438922e-03 9.999983e-01 -1.121032e-03 -2.234656e-01 -6.409518e-02 1.210959e-03 9.979430e-01 -6.982701e+00
9.980751e-01 1.561583e-03 -6.199676e-02 1.057870e+01 -1.487918e-03 9.999981e-01 1.234312e-03 -2.130390e-01 6.199847e-02 -1.139687e-03 9.980755e-01 -7.295894e+00
9.979924e-01 -1.360547e-03 6.331756e-02 1.038615e+01 1.435904e-03 9.999983e-01 -1.144604e-03 -2.017734e-01 -6.331600e-02 1.233227e-03 9.979927e-01 -7.670359e+00
9.979885e-01 1.573029e-03 -6.337505e-02 1.018800e+01 -1.497011e-03 9.999981e-01 1.246898e-03 -1.922094e-01 6.337679e-02 -1.149514e-03 9.979890e-01 -7.966817e+00
9.979800e-01 -1.383100e-03 6.351265e-02 1.008083e+01 1.453686e-03 9.999984e-01 -1.065124e-03 -1.914491e-01 -6.351117e-02 1.155303e-03 9.979804e-01 -7.947942e+00
9.980223e-01 1.570002e-03 -6.284057e-02 9.955565e+00 -1.496287e-03 9.999981e-01 1.220045e-03 -1.892980e-01 6.284227e-02 -1.123602e-03 9.980228e-01 -7.975061e+00
9.979024e-01 -1.399600e-03 6.472087e-02 9.868914e+00 1.465307e-03 9.999985e-01 -9.677351e-04 -1.946948e-01 -6.471952e-02 1.060544e-03 9.979029e-01 -7.689244e+00
9.981172e-01 1.588071e-03 -6.131440e-02 9.893976e+00 -1.516418e-03 9.999981e-01 1.215094e-03 -2.052617e-01 6.131611e-02 -1.119825e-03 9.981177e-01 -7.256507e+00
9.979806e-01 -1.427249e-03 6.350246e-02 9.767449e+00 1.500019e-03 9.999983e-01 -1.098222e-03 -1.998294e-01 -6.350088e-02 1.191262e-03 9.979810e-01 -7.423862e+00
9.980006e-01 1.644837e-03 -6.318231e-02 9.588597e+00 -1.574071e-03 9.999981e-01 1.169731e-03 -1.881591e-01 6.318401e-02 -1.067936e-03 9.980013e-01 -7.838928e+00
9.979888e-01 -1.330129e-03 6.337623e-02 9.214057e+00 1.405678e-03 9.999984e-01 -1.147444e-03 -1.643839e-01 -6.337470e-02 1.234226e-03 9.979890e-01 -8.652451e+00
9.982560e-01 1.467354e-03 -5.901406e-02 9.389055e+00 -1.396509e-03 9.999983e-01 1.241656e-03 -1.697593e-01 5.901568e-02 -1.157074e-03 9.982563e-01 -8.661447e+00
9.978438e-01 -1.340393e-03 6.561873e-02 9.646708e+00 1.418285e-03 9.999983e-01 -1.140419e-03 -1.815111e-01 -6.561719e-02 1.231030e-03 9.978441e-01 -8.454051e+00
9.979964e-01 1.506860e-03 -6.325237e-02 9.810287e+00 -1.434808e-03 9.999983e-01 1.184487e-03 -1.830989e-01 6.325394e-02 -1.091355e-03 9.979968e-01 -8.639992e+00
9.979783e-01 -1.306195e-03 6.354178e-02 9.776534e+00 1.378649e-03 9.999984e-01 -1.096367e-03 -1.775037e-01 -6.354035e-02 1.181755e-03 9.979785e-01 -8.921324e+00
9.980116e-01 1.503423e-03 -6.301164e-02 9.628011e+00 -1.432863e-03 9.999983e-01 1.164914e-03 -1.678793e-01 6.301319e-02 -1.072307e-03 9.980121e-01 -9.268679e+00
9.980207e-01 -1.319529e-03 6.287115e-02 9.546680e+00 1.389254e-03 9.999985e-01 -1.065260e-03 -1.618656e-01 -6.286975e-02 1.150499e-03 9.980210e-01 -9.506712e+00
9.980661e-01 1.502039e-03 -6.214203e-02 9.492960e+00 -1.431536e-03 9.999983e-01 1.179002e-03 -1.595982e-01 6.214359e-02 -1.087761e-03 9.980666e-01 -9.606280e+00
9.980706e-01 -1.240048e-03 6.207677e-02 9.240070e+00 1.312678e-03 9.999985e-01 -1.129182e-03 -1.431486e-01 -6.207537e-02 1.208493e-03 9.980707e-01 -1.018111e+01
9.980691e-01 1.476272e-03 -6.209561e-02 9.062634e+00 -1.405274e-03 9.999983e-01 1.186964e-03 -1.305079e-01 6.209716e-02 -1.097407e-03 9.980695e-01 -1.064674e+01
9.980712e-01 -1.190502e-03 6.206737e-02 8.792267e+00 1.263564e-03 9.999986e-01 -1.137845e-03 -1.122726e-01 -6.206603e-02 1.214080e-03 9.980713e-01 -1.128984e+01
9.980457e-01 1.472064e-03 -6.246975e-02 8.540845e+00 -1.400918e-03 9.999983e-01 1.182631e-03 -9.514056e-02 6.247129e-02 -1.092802e-03 9.980461e-01 -1.189722e+01
9.979845e-01 -1.280543e-03 6.344382e-02 8.442264e+00 1.351868e-03 9.999985e-01 -1.081256e-03 -8.729795e-02 -6.344244e-02 1.164847e-03 9.979848e-01 -1.220830e+01
9.980361e-01 1.448098e-03 -6.262329e-02 8.522003e+00 -1.372331e-03 9.999983e-01 1.252822e-03 -9.458774e-02 6.262489e-02 -1.164419e-03 9.980364e-01 -1.199826e+01
9.979310e-01 -1.275034e-03 6.428053e-02 8.462716e+00 1.352083e-03 9.999984e-01 -1.155102e-03 -9.046108e-02 -6.427906e-02 1.239628e-03 9.979311e-01 -1.217765e+01
9.980300e-01 1.446500e-03 -6.272115e-02 8.351403e+00 -1.371392e-03 9.999983e-01 1.240473e-03 -8.395316e-02 6.272274e-02 -1.152012e-03 9.980303e-01 -1.241383e+01
9.977282e-01 -1.294492e-03 6.735526e-02 8.360680e+00 1.371673e-03 9.999985e-01 -1.099600e-03 -8.624910e-02 -6.735383e-02 1.189494e-03 9.977284e-01 -1.235835e+01
9.981939e-01 1.482304e-03 -6.005477e-02 8.455613e+00 -1.411114e-03 9.999983e-01 1.227762e-03 -9.320232e-02 6.005639e-02 -1.140798e-03 9.981943e-01 -1.216411e+01
9.980318e-01 -1.295059e-03 6.269621e-02 8.254244e+00 1.370260e-03 9.999984e-01 -1.156410e-03 -8.187509e-02 -6.269471e-02 1.240047e-03 9.980319e-01 -1.253244e+01
9.981789e-01 1.508621e-03 -6.030406e-02 7.977992e+00 -1.438127e-03 9.999982e-01 1.212301e-03 -6.646500e-02 6.030569e-02 -1.123365e-03 9.981793e-01 -1.302246e+01
9.977847e-01 -1.347847e-03 6.651086e-02 7.863503e+00 1.424762e-03 9.999984e-01 -1.108957e-03 -6.090044e-02 -6.650936e-02 1.201265e-03 9.977850e-01 -1.318570e+01
9.981302e-01 1.531922e-03 -6.110354e-02 7.748442e+00 -1.462797e-03 9.999982e-01 1.175942e-03 -5.467547e-02 6.110514e-02 -1.084358e-03 9.981307e-01 -1.338547e+01
9.980226e-01 -1.341877e-03 6.284092e-02 7.483020e+00 1.413725e-03 9.999984e-01 -1.098833e-03 -4.068926e-02 -6.283945e-02 1.185503e-03 9.980229e-01 -1.381730e+01
9.980842e-01 1.580780e-03 -6.184989e-02 7.091049e+00 -1.514146e-03 9.999982e-01 1.124149e-03 -1.959788e-02 6.185145e-02 -1.028343e-03 9.980848e-01 -1.447288e+01
9.978531e-01 -1.343424e-03 6.547699e-02 6.767818e+00 1.414863e-03 9.999985e-01 -1.044641e-03 -9.920311e-04 -6.547558e-02 1.135042e-03 9.978535e-01 -1.506732e+01
9.979972e-01 1.609862e-03 -6.323628e-02 6.486571e+00 -1.542636e-03 9.999982e-01 1.111852e-03 1.704955e-02 6.323785e-02 -1.012072e-03 9.979979e-01 -1.568424e+01
9.978705e-01 -1.396752e-03 6.521087e-02 6.308224e+00 1.465462e-03 9.999984e-01 -1.005799e-03 2.898419e-02 -6.520947e-02 1.099224e-03 9.978709e-01 -1.611085e+01
9.980686e-01 1.595088e-03 -6.209937e-02 6.207302e+00 -1.530689e-03 9.999982e-01 1.084540e-03 3.618690e-02 6.210089e-02 -9.873879e-04 9.980693e-01 -1.637804e+01
9.979444e-01 -1.361200e-03 6.406980e-02 5.958836e+00 1.428322e-03 9.999985e-01 -1.001805e-03 5.182479e-02 -6.406844e-02 1.091261e-03 9.979449e-01 -1.691106e+01
9.981420e-01 1.511065e-03 -6.091075e-02 5.997604e+00 -1.444517e-03 9.999983e-01 1.136532e-03 4.888264e-02 6.091226e-02 -1.046431e-03 9.981425e-01 -1.684982e+01
9.979787e-01 -1.362417e-03 6.353415e-02 5.959983e+00 1.428340e-03 9.999985e-01 -9.921342e-04 4.684838e-02 -6.353280e-02 1.080880e-03 9.979791e-01 -1.674122e+01
9.980533e-01 1.544573e-03 -6.234664e-02 5.788476e+00 -1.480336e-03 9.999983e-01 1.076455e-03 5.695281e-02 6.234810e-02 -9.820629e-04 9.980539e-01 -1.708224e+01
9.979869e-01 -1.374921e-03 6.340476e-02 5.678705e+00 1.439411e-03 9.999985e-01 -9.713996e-04 6.330538e-02 -6.340343e-02 1.060712e-03 9.979874e-01 -1.730817e+01
9.980766e-01 1.567563e-03 -6.197265e-02 5.504431e+00 -1.505330e-03 9.999983e-01 1.050835e-03 7.409852e-02 6.197409e-02 -9.555214e-04 9.980772e-01 -1.767998e+01
9.979196e-01 -1.433505e-03 6.445342e-02 5.502556e+00 1.495496e-03 9.999985e-01 -9.135200e-04 7.435175e-02 -6.445211e-02 1.008012e-03 9.979202e-01 -1.773541e+01
9.981658e-01 1.595185e-03 -6.051848e-02 5.615197e+00 -1.530881e-03 9.999982e-01 1.108861e-03 6.401157e-02 6.052004e-02 -1.014178e-03 9.981664e-01 -1.739771e+01
9.979092e-01 -1.431437e-03 6.461519e-02 5.689093e+00 1.494329e-03 9.999985e-01 -9.249651e-04 5.563149e-02 -6.461387e-02 1.019590e-03 9.979098e-01 -1.710318e+01
9.980562e-01 1.580878e-03 -6.229956e-02 5.752382e+00 -1.514708e-03 9.999982e-01 1.109298e-03 4.857016e-02 6.230110e-02 -1.012773e-03 9.980568e-01 -1.686444e+01
9.979007e-01 -1.418579e-03 6.474586e-02 5.713987e+00 1.487199e-03 9.999984e-01 -1.011597e-03 5.029054e-02 -6.474442e-02 1.105766e-03 9.979012e-01 -1.693680e+01
9.979804e-01 1.634764e-03 -6.350155e-02 5.557086e+00 -1.568029e-03 9.999982e-01 1.100701e-03 6.143932e-02 6.350313e-02 -9.989027e-04 9.979811e-01 -1.734732e+01
9.978529e-01 -1.403311e-03 6.547956e-02 5.415334e+00 1.472509e-03 9.999984e-01 -1.008499e-03 7.315737e-02 -6.547814e-02 1.102756e-03 9.978533e-01 -1.781109e+01
9.981628e-01 1.591399e-03 -6.056742e-02 5.393409e+00 -1.528282e-03 9.999982e-01 1.088367e-03 7.776443e-02 6.056895e-02 -9.938001e-04 9.981635e-01 -1.805593e+01
9.977630e-01 -1.438280e-03 6.683384e-02 5.473650e+00 1.505432e-03 9.999984e-01 -9.543681e-04 7.458311e-02 -6.683246e-02 1.052850e-03 9.977636e-01 -1.803131e+01
9.981169e-01 1.595925e-03 -6.131905e-02 5.555063e+00 -1.532416e-03 9.999982e-01 1.082675e-03 6.978479e-02 6.132057e-02 -9.866674e-04 9.981176e-01 -1.792031e+01
9.975972e-01 -1.438327e-03 6.926474e-02 5.656914e+00 1.505790e-03 9.999984e-01 -9.217408e-04 6.272091e-02 -6.926341e-02 1.023827e-03 9.975978e-01 -1.771458e+01
9.980537e-01 1.622199e-03 -6.233781e-02 5.726506e+00 -1.561855e-03 9.999983e-01 1.016689e-03 6.262488e-02 6.233926e-02 -9.173450e-04 9.980545e-01 -1.782146e+01
9.979682e-01 -1.282987e-03 6.370098e-02 5.415433e+00 1.347860e-03 9.999986e-01 -9.753785e-04 8.583800e-02 -6.369974e-02 1.059260e-03 9.979685e-01 -1.867894e+01
9.982015e-01 1.566249e-03 -5.992651e-02 5.260110e+00 -1.505885e-03 9.999983e-01 1.052406e-03 1.012261e-01 5.992796e-02 -9.602681e-04 9.982022e-01 -1.932636e+01
9.976443e-01 -1.407779e-03 6.858424e-02 5.365592e+00 1.472036e-03 9.999985e-01 -8.863390e-04 9.407526e-02 -6.858299e-02 9.852124e-04 9.976449e-01 -1.912525e+01
9.977791e-01 1.674577e-03 -6.658798e-02 5.154390e+00 -1.614370e-03 9.999982e-01 9.579278e-04 1.102059e-01 6.658936e-02 -8.482998e-04 9.977800e-01 -1.972634e+01
9.975532e-01 -1.332212e-03 6.989811e-02 4.800992e+00 1.396200e-03 9.999986e-01 -8.665651e-04 1.357111e-01 -6.989696e-02 9.620395e-04 9.975537e-01 -2.064440e+01
9.984170e-01 1.566844e-03 -5.622184e-02 4.672605e+00 -1.515570e-03 9.999984e-01 9.545834e-04 1.486142e-01 5.622315e-02 -8.678614e-04 9.984178e-01 -2.115646e+01
9.978932e-01 -1.236012e-03 6.486565e-02 4.413076e+00 1.296175e-03 9.999988e-01 -8.853820e-04 1.700870e-01 -6.486457e-02 9.675968e-04 9.978936e-01 -2.197059e+01
9.981729e-01 1.578601e-03 -6.040065e-02 4.051938e+00 -1.523992e-03 9.999984e-01 9.501265e-04 1.965572e-01 6.040196e-02 -8.563375e-04 9.981737e-01 -2.292913e+01
9.976159e-01 -1.332608e-03 6.899722e-02 3.897271e+00 1.394285e-03 9.999987e-01 -8.457163e-04 2.111932e-01 -6.899610e-02 9.399048e-04 9.976164e-01 -2.351318e+01
9.980084e-01 1.602438e-03 -6.306080e-02 3.664640e+00 -1.546529e-03 9.999984e-01 9.353564e-04 2.294755e-01 6.306210e-02 -8.359653e-04 9.980092e-01 -2.419166e+01
9.977718e-01 -1.384141e-03 6.670425e-02 3.536654e+00 1.443709e-03 9.999986e-01 -8.447784e-04 2.401421e-01 -6.670308e-02 9.392006e-04 9.977724e-01 -2.460841e+01
9.979505e-01 1.578845e-03 -6.397038e-02 3.418084e+00 -1.520987e-03 9.999984e-01 9.530956e-04 2.495025e-01 6.397168e-02 -8.538412e-04 9.979513e-01 -2.497267e+01
9.976409e-01 -1.410100e-03 6.863384e-02 3.417976e+00 1.469910e-03 9.999986e-01 -8.209134e-04 2.489632e-01 -6.863268e-02 9.198653e-04 9.976415e-01 -2.497208e+01
9.979507e-01 1.563889e-03 -6.396821e-02 3.413457e+00 -1.506878e-03 9.999984e-01 9.394387e-04 2.511318e-01 6.396948e-02 -8.411183e-04 9.979514e-01 -2.510493e+01
9.971848e-01 -1.410384e-03 7.496966e-02 3.470473e+00 1.473266e-03 9.999986e-01 -7.834297e-04 2.468377e-01 -7.496855e-02 8.916774e-04 9.971854e-01 -2.496122e+01
9.982443e-01 1.574815e-03 -5.921006e-02 3.561264e+00 -1.523796e-03 9.999984e-01 9.067653e-04 2.412392e-01 5.921130e-02 -8.149462e-04 9.982451e-01 -2.477935e+01
9.977421e-01 -1.415707e-03 6.714620e-02 3.573869e+00 1.471363e-03 9.999986e-01 -7.793911e-04 2.413146e-01 -6.714510e-02 8.764307e-04 9.977428e-01 -2.480800e+01
9.978390e-01 1.589789e-03 -6.568660e-02 3.497047e+00 -1.534058e-03 9.999984e-01 8.988395e-04 2.474698e-01 6.568782e-02 -7.961272e-04 9.978398e-01 -2.504788e+01
9.977346e-01 -1.372154e-03 6.725896e-02 3.329994e+00 1.428486e-03 9.999987e-01 -7.894177e-04 2.597077e-01 -6.725789e-02 8.837108e-04 9.977352e-01 -2.549736e+01
9.978102e-01 1.582242e-03 -6.612255e-02 3.094357e+00 -1.528516e-03 9.999985e-01 8.630659e-04 2.744323e-01 6.612372e-02 -7.601036e-04 9.978111e-01 -2.599940e+01
9.977669e-01 -1.375230e-03 6.677724e-02 2.817604e+00 1.430744e-03 9.999987e-01 -7.834736e-04 2.900620e-01 -6.677617e-02 8.772681e-04 9.977675e-01 -2.650226e+01
9.978724e-01 1.625843e-03 -6.517595e-02 2.552347e+00 -1.573573e-03 9.999984e-01 8.532667e-04 3.077631e-01 6.517713e-02 -7.488893e-04 9.978734e-01 -2.712349e+01
9.978080e-01 -1.375667e-03 6.616038e-02 2.355647e+00 1.429027e-03 9.999987e-01 -7.591570e-04 3.228707e-01 -6.615935e-02 8.520408e-04 9.978087e-01 -2.768662e+01
9.978236e-01 1.608870e-03 -6.592022e-02 2.150546e+00 -1.557160e-03 9.999984e-01 8.357740e-04 3.379286e-01 6.592137e-02 -7.313038e-04 9.978245e-01 -2.824141e+01
9.977589e-01 -1.426805e-03 6.689562e-02 2.030280e+00 1.477779e-03 9.999987e-01 -7.124778e-04 3.469810e-01 -6.689461e-02 8.097409e-04 9.977597e-01 -2.858366e+01
9.978108e-01 1.663403e-03 -6.611238e-02 1.827897e+00 -1.614857e-03 9.999984e-01 7.876949e-04 3.624007e-01 6.611348e-02 -6.792055e-04 9.978118e-01 -2.915895e+01
9.978278e-01 -1.347334e-03 6.586224e-02 1.509742e+00 1.399325e-03 9.999987e-01 -7.432237e-04 3.857879e-01 -6.586126e-02 8.337748e-04 9.978284e-01 -3.001082e+01
9.978339e-01 1.574914e-03 -6.576376e-02 1.304610e+00 -1.524424e-03 9.999985e-01 8.178915e-04 4.002183e-01 6.576485e-02 -7.158652e-04 9.978348e-01 -3.053424e+01
9.978556e-01 -1.375866e-03 6.543838e-02 1.123262e+00 1.425444e-03 9.999987e-01 -7.108926e-04 4.112569e-01 -6.543742e-02 8.026498e-04 9.978563e-01 -3.091832e+01
9.978264e-01 1.596823e-03 -6.587822e-02 9.078842e-01 -1.549155e-03 9.999985e-01 7.746175e-04 4.262492e-01 6.587926e-02 -6.708754e-04 9.978273e-01 -3.146161e+01
9.978199e-01 -1.240557e-03 6.598317e-02 4.885104e-01 1.294088e-03 9.999989e-01 -7.685123e-04 4.554154e-01 -6.598224e-02 8.522278e-04 9.978204e-01 -3.249760e+01
9.978402e-01 1.583034e-03 -6.566871e-02 1.262251e-01 -1.534986e-03 9.999985e-01 7.820806e-04 4.815165e-01 6.566975e-02 -6.795881e-04 9.978411e-01 -3.343922e+01
9.978124e-01 -1.432267e-03 6.609285e-02 1.849829e-01 1.479743e-03 9.999987e-01 -6.693413e-04 4.820235e-01 -6.609190e-02 7.656803e-04 9.978132e-01 -3.358235e+01
9.978855e-01 1.554207e-03 -6.497710e-02 3.945028e-01 -1.500090e-03 9.999985e-01 8.816139e-04 4.639144e-01 6.497827e-02 -7.822755e-04 9.978863e-01 -3.304725e+01
9.978284e-01 -1.420961e-03 6.585160e-02 5.403456e-01 1.466956e-03 9.999987e-01 -6.500678e-04 4.507943e-01 -6.585069e-02 7.452603e-04 9.978292e-01 -3.264921e+01
9.979221e-01 1.565349e-03 -6.441219e-02 6.949681e-01 -1.518083e-03 9.999985e-01 7.827156e-04 4.436577e-01 6.441323e-02 -6.833034e-04 9.979230e-01 -3.254848e+01
9.978729e-01 -1.468377e-03 6.517221e-02 9.013409e-01 1.513097e-03 9.999987e-01 -6.367777e-04 4.332808e-01 -6.517129e-02 7.340379e-04 9.978738e-01 -3.237010e+01
9.979523e-01 1.617536e-03 -6.394181e-02 9.603412e-01 -1.567797e-03 9.999984e-01 8.280101e-04 4.256963e-01 6.394295e-02 -7.260640e-04 9.979532e-01 -3.211811e+01
9.978806e-01 -1.483066e-03 6.505406e-02 9.958244e-01 1.526720e-03 9.999986e-01 -6.212954e-04 4.203817e-01 -6.505315e-02 7.193008e-04 9.978815e-01 -3.195116e+01
9.979770e-01 1.613671e-03 -6.355532e-02 1.165651e+00 -1.565612e-03 9.999984e-01 8.059259e-04 4.073110e-01 6.355642e-02 -7.047897e-04 9.979779e-01 -3.158754e+01
9.979884e-01 -1.382465e-03 6.338154e-02 1.274863e+00 1.436266e-03 9.999986e-01 -8.032442e-04 4.118078e-01 -6.338044e-02 8.926640e-04 9.979890e-01 -3.203029e+01
9.979642e-01 1.721432e-03 -6.375247e-02 1.215083e+00 -1.676751e-03 9.999983e-01 7.543257e-04 4.302361e-01 6.375356e-02 -6.458903e-04 9.979654e-01 -3.299478e+01
9.979955e-01 -1.484701e-03 6.326608e-02 1.048522e+00 1.529198e-03 9.999986e-01 -6.548709e-04 4.431050e-01 -6.326512e-02 7.503074e-04 9.979964e-01 -3.347927e+01
9.980447e-01 1.740901e-03 -6.247938e-02 8.858934e-01 -1.700047e-03 9.999983e-01 7.070014e-04 4.581042e-01 6.248041e-02 -5.993984e-04 9.980459e-01 -3.408691e+01
9.980163e-01 -1.461148e-03 6.293917e-02 5.780960e-01 1.505134e-03 9.999987e-01 -6.514067e-04 4.791662e-01 -6.293823e-02 7.448491e-04 9.980171e-01 -3.483442e+01
9.980652e-01 1.725133e-03 -6.215163e-02 3.121205e-01 -1.684066e-03 9.999983e-01 7.131057e-04 4.974463e-01 6.215266e-02 -6.070559e-04 9.980664e-01 -3.548387e+01
9.980457e-01 -1.441398e-03 6.247066e-02 1.172123e-02 1.484483e-03 9.999987e-01 -6.432285e-04 5.174738e-01 -6.246975e-02 7.347108e-04 9.980465e-01 -3.618152e+01
9.980748e-01 1.712530e-03 -6.199798e-02 -2.555354e-01 -1.671783e-03 9.999984e-01 7.090647e-04 5.359723e-01 6.199900e-02 -6.040497e-04 9.980760e-01 -3.683800e+01
