0.9999997736693805 -0.0002754547921852807 -0.0006138288402436353 -0.0004090555012226105 0.00027540348295583154 0.9999999585759766 -8.367177929267559e-05 -0.014426206238567829 0.0006138518626089519 8.350270975464812e-05 0.9999998081065757 0.9046696424484253
0.999999766188274 -0.0002781926361880054 -0.000624685724507581 -0.0004297343548387289 0.0002781479242743146 0.9999999587492309 -7.166078961092144e-05 -0.014305153861641884 0.0006247056342427877 7.148701781819295e-05 0.9999998023162189 0.8975555896759033
0.9999998826124126 -0.00028110976178173023 -0.00039465486547251584 -0.00017265556380152702 0.0002810724476651721 0.999999956024463 -9.460101037190396e-05 -0.014419924467802048 0.0003946814413848461 9.449007265789826e-05 0.9999999176490896 0.9026952981948853
0.9999995408566387 -0.00022703515205808216 0.000930989554896926 0.0012906224001199007 0.00022718414516318433 0.9999999614041232 -0.00015993472413055316 -0.013742157258093357 -0.0009309532081601557 0.00016014615676377143 0.9999995538395666 0.8631152510643005
0.9999976743558223 -3.3559441564268726e-05 0.00215642220147974 0.0023298817686736584 3.358146649963376e-05 0.9999999993843527 -1.0177439959906003e-05 -0.012164309620857239 -0.0021564218586029417 1.0249832110720072e-05 0.9999976748671515 0.7643794417381287
0.9999962696205059 -0.00012872264267387989 0.002728401648213592 0.003074424806982279 0.00012891925563431126 0.9999999891061258 -7.1885840231941e-05 -0.012493325397372246 -0.0027283923651554016 7.223731558003578e-05 0.9999962753214995 0.7910225987434387
0.9999962365075404 -0.00014619981411336086 0.002739634349552682 0.003099776804447174 0.00014646891458391494 0.999999984469019 -9.802458002064529e-05 -0.01264948770403862 -0.0027396199758280963 9.842548237541333e-05 0.9999962423903462 0.7981329560279846
0.9999856923391996 -7.715434775998718e-05 0.005348753508855541 0.005936151370406151 7.75311106799724e-05 0.9999999945281914 -7.023207420271098e-05 -0.011667212471365929 -0.005348748060878309 7.064576414631095e-05 0.9999856928493316 0.7214297652244568
0.9999968010356565 0.00017695979521640715 -0.0025232129685608877 -0.0032372553832829 -0.0001767657363769493 0.9999999814022474 7.71322191650737e-05 -0.011370106600224972 0.002523226570936505 -7.668595482343131e-05 0.9999968137183919 0.6946540474891663
0.9999717493024584 0.0003150263941296475 -0.007510083578257411 -0.009094027802348137 -0.0003141474679875848 0.999999943668624 0.00011821217061609022 -0.011204876005649567 0.00751012039515792 -0.00011584955729932769 0.9999717919374178 0.6796342730522156
0.9999955261639036 -0.0001624657368477037 0.0029868473448192616 0.003285926766693592 0.0001625432638943188 0.9999999864592533 -2.5713418107707496e-05 -0.012790682725608349 -0.0029868431268256996 2.6198794986270413e-05 0.999995539030929 0.812636137008667
0.9999976315193869 -0.0002833546026541847 0.0021579309037758 0.0028373119421303272 0.0002837953376017069 0.9999999389351278 -0.0002039361343820473 -0.01471595000475645 -0.0021578729857597008 0.00020454806209262497 0.9999976508693745 0.922999382019043
0.9999990244878484 -0.0002294857793620499 0.0013778097214434478 0.0018081879243254662 0.00022977530864878976 0.9999999515552777 -0.00020998273637223722 -0.013950830325484276 -0.0013777614666439296 0.00021029911818553026 0.9999990287733392 0.8765853047370911
0.9999910117881591 -7.106961616247249e-05 0.004239256067273714 0.004565957933664322 7.138515566532528e-05 0.9999999946932101 -7.428148951271003e-05 -0.011608907021582127 -0.004239250765619924 7.458344180921392e-05 0.9999910115547324 0.71342533826828
0.9999877332014739 -5.718890544273557e-05 0.004952794767249849 0.005305149592459202 5.76450292060282e-05 0.9999999941109846 -9.195151455317843e-05 -0.01139284297823906 -0.004952789479476295 9.223589060148483e-05 0.9999877306091871 0.7071729898452759
0.9999916149752136 0.00013865873617315407 -0.004092768380849829 -0.004884549416601658 -0.00013834675936723155 0.9999999875032456 7.650936603446601e-05 -0.011878188699483871 0.004092778938395507 -7.594250325920417e-05 0.9999916216615506 0.7205334901809692
0.9999948077945888 -0.0002173683956156803 0.003215141496796104 0.0037560672499239445 0.00021769437290656093 0.9999999712001855 -0.00010103855070541063 -0.013433162122964859 -0.0032151194416129626 0.00010173794430445179 0.9999948263148002 0.8489574193954468
0.999995507773258 -0.0002788201071344791 0.002984408258224983 0.0036992807872593403 0.0002792650296672239 0.9999999499546346 -0.0001486666455039333 -0.01452018041163683 -0.002984366657619155 0.00014949941852042504 0.9999955355928228 0.914408266544342
0.9999990511682347 -0.00031781541050474006 0.001340393969986945 0.0019086077809333801 0.00031790976377587513 0.9999999470040931 -7.017971825817401e-05 -0.01551884040236473 -0.0013403715947555837 7.060577599979321e-05 0.9999990992090003 0.9696579575538635
0.9999978319785892 -0.0002494118819560851 0.0020673248013210435 0.0028523276560008526 0.00025008227484500856 0.999999916232277 -0.00032402823080072605 -0.014495812356472015 -0.002067243811655102 0.0003245445295897419 0.9999978105845388 0.9072467088699341
0.9999826124266009 -0.0002102439045411296 0.005893270905966556 0.0068264128640294075 0.0002112404572850092 0.9999999634962882 -0.00016847816356132142 -0.013266942463815212 -0.005893235269333356 0.00016972013137596715 0.9999826203355423 0.8422513008117676
0.9999815018023722 -0.00023840144948514012 0.006077764212365665 0.007202276960015297 0.00023954811632968367 0.9999999536478843 -0.00018793863115550128 -0.013860725797712803 -0.006077719125806355 0.0001893910715981284 0.9999815125597321 0.8800087571144104
0.9999980171439831 -0.00030851819256459337 0.001967364894288219 0.0028501912020146847 0.00030917681753785277 0.9999998962664559 -0.0003344798546230502 -0.015014179982244968 -0.0019672614970862885 0.0003350874550146096 0.9999980087973175 0.9382333755493164
0.9999827391484156 -0.0002473201612763248 0.005870284317591223 0.007019129581749439 0.0002484634512619585 0.9999999503090583 -0.00019403039492241192 -0.013962997123599052 -0.005870236038262704 0.000195485596894 0.9999827509083525 0.8860360980033875
0.9999633168855944 -0.00025825346766310617 0.008561436112433566 0.010102690197527409 0.00025950327365024294 0.9999999558353196 -0.00014487032178415066 -0.013892845250666142 -0.008561398321057513 0.00014708672818788656 0.9999633397401542 0.8865793347358704
0.9999684277120813 -0.00013351363697597713 0.00794517168706141 0.00905868224799633 0.00013489540199378654 0.9999999758718392 -0.00017337690575277494 -0.012230022810399532 -0.007945148347177777 0.00017444319897582384 0.9999684215950579 0.7741799354553223
0.9998414974695892 -0.0003559085391439643 0.017800372661299996 0.01950138807296753 0.00035988711820845396 0.9999999109727796 -0.00022030818150595426 -0.010515877045691013 -0.017800292667019255 0.00022667938692182718 0.9998415365433784 0.656586229801178
0.9996324246575732 -0.0006485898203539404 0.027103411306814016 0.029564835131168365 0.0006570404569216071 0.9999997382783546 -0.0003028878672795142 -0.009222597815096378 -0.027103207763277185 0.0003205845709171453 0.9996325891818821 0.583580493927002
0.9993391369798741 -0.0009442599166241207 0.03633727663887493 0.039610594511032104 0.000960761888963247 0.9999994431257829 -0.0004366746117839258 -0.007175632752478123 -0.03633684406924993 0.00047129750022451553 0.9993394876826158 0.48528414964675903
0.9991277540699147 -0.001012787154992387 0.041745722048930435 0.04566797614097595 0.0010334383425833072 0.9999993540845954 -0.0004731126546160408 -0.006853991653770208 -0.04174521592230603 0.0005158416138327703 0.9991281553709861 0.49014583230018616
0.9991375362579052 -0.0010042758129788425 0.041511143932376336 0.04540441557765007 0.0010243448236492373 0.9999993685471853 -0.0004621935879348197 -0.006960433907806873 -0.04151065355020638 0.0005043166881342854 0.9991379340744263 0.49677926301956177
0.9994431539425062 -0.0008079885241217415 0.03335759571672898 0.036287639290094376 0.0008215354163279247 0.9999995855480169 -0.0003924071276633102 -0.007720114663243294 -0.03335726483115135 0.00041959306358618 0.9994434035124977 0.5263600945472717
0.9992773675918253 -0.0009375457814126047 0.03799820557157363 0.04137411713600159 0.0009558964637951305 0.999999435124943 -0.00046477063717888435 -0.007063223980367184 -0.03799774836358488 0.0005007571291905186 0.9992776993216625 0.4926319122314453
0.9992920259242924 -0.0009362836730131003 0.037610773682647945 0.040986087173223495 0.0009538896612952758 0.9999994437213304 -0.00045016835091962466 -0.0073240059427917 -0.03761033127529972 0.0004857261715666638 0.9992923631507692 0.5055945515632629
0.9994373635722268 -0.0008615885289806996 0.0335293000374804 0.03647756949067116 0.0008758479613224505 0.9999995321498539 -0.0004105976400476529 -0.0078048803843557835 -0.03352893058457578 0.0004397331919406004 0.9994376506058669 0.5164801478385925
0.9995215268814995 -0.0008089410415984687 0.030920267056854776 0.033377889543771744 0.0008232914988642599 0.9999995592220327 -0.00045138326110247707 -0.0075250230729579926 -0.030919888285436913 0.00047662367935641956 0.9995217523087151 0.5016026496887207
0.9995778656423433 -0.0007255221016938711 0.029044175587841056 0.03132779151201248 0.0007395739545248065 0.9999996146174194 -0.0004730701622680666 -0.007517253048717976 -0.029043821171863337 0.0004943507788944035 0.9995780169996958 0.5059718489646912
0.9997527062364979 -0.0005732321890849292 0.022230559544375146 0.02388325333595276 0.000580414020717906 0.9999997814387169 -0.0003166103011360218 -0.008560453541576862 -0.02223037319441952 0.00032943493383104995 0.9997528204412635 0.5440992116928101
0.9997363520390252 -0.0006056091193195681 0.022953423476622693 0.024559300392866135 0.0006158912701669408 0.9999997131467193 -0.0004408904885617851 -0.007886728271842003 -0.022953149885057367 0.00045491106182315934 0.9997364382507423 0.5025966167449951
0.9996505669003891 -0.0007252236474950115 0.02642381778606875 0.028261832892894745 0.0007385378818747796 0.9999996052051363 -0.0004941167555272532 -0.007639840245246887 -0.026423449008925484 0.0005134590851965682 0.9996507078486165 0.4952809512615204
0.9996525048641043 -0.0007310810272291712 0.026350237939216193 0.02842021733522415 0.0007436325514391606 0.9999996146762117 -0.0004665383761140801 -0.007442258298397064 -0.026349886708487442 0.0004859711509674402 0.9996526633298638 0.4860345721244812
0.9999999518805464 6.014246654825988e-05 -0.00030433828034620016 -0.001695131533779204 -6.019216369169608e-05 0.9999999848567684 -0.0001632892113240974 -0.00823495164513588 0.0003043284551216053 0.000163307522246298 0.9999999403574206 0.5060880184173584
0.999967684668101 -6.45174248740229e-05 0.008038996020603987 0.007922567427158356 6.54060306070589e-05 0.9999999917808426 -0.00011027404957727515 -0.010059605352580547 -0.008038988839932502 0.00011079628485453686 0.9999676806690379 0.6207531094551086
0.9999982380111315 0.0001459729813031898 0.0018715412152828029 0.0013747827615588903 -0.00014604816631936577 0.9999999885335186 4.003617666407006e-05 -0.01044105552136898 -0.0018715353496227432 -4.030944128345563e-05 0.9999982478637568 0.6555817723274231
0.9999073683492513 0.000504048374096792 -0.013601494627841378 -0.016381729394197464 -0.0005016549200274752 0.9999998580823632 0.00017938114347497937 -0.010015666484832764 0.013601583114323117 -0.0001725412704037622 0.9999074793031074 0.6165934205055237
0.999920210284212 -0.0002403084472233629 0.012629937332668994 0.013160798698663712 0.00024294963505075494 0.999999948941482 -0.00020758734946942444 -0.009994711726903915 -0.0126298868028095 0.00021063922479949498 0.9999202176126177 0.6201411485671997
0.9999999575853815 0.0002165787625973994 0.00019473796457737926 -0.0003929665545001626 -0.00021659322871703563 0.9999999737858905 7.42670304059856e-05 -0.010639485903084278 -0.0001947218748109498 -7.430920618047945e-05 0.9999999782807665 0.6704860925674438
0.9998637175942734 0.0005997646694421051 -0.016498076278782192 -0.019513476639986038 -0.000594483725376665 0.9999997704830228 0.00032499692636416206 -0.010155721567571163 0.0164982674138677 -0.0003151447971534246 0.9998638446589103 0.643506646156311
0.9996045868079374 0.0010357957901523489 -0.028099771522446474 -0.03291193023324013 -0.0010220205791099841 0.9999993504349053 0.0005045827021685032 -0.009316850453615189 0.028100275914454412 -0.0004756646387473502 0.9996049961043026 0.600016713142395
0.9999599994016121 0.00034094167718108257 -0.008937748905664402 -0.010994518175721169 -0.00033910493378459686 0.999999921075554 0.0002070186696504527 -0.011667918413877487 0.008937818781549959 -0.00020397955402895056 0.9999600360953279 0.742536187171936
0.9999980659970992 -0.00015426571570730153 -0.0019606642114297678 -0.002102225087583065 0.0001541826433326041 0.9999999872098558 -4.25205860392403e-05 -0.01398887112736702 0.001960670745821228 4.221820341349769e-05 0.9999980769920758 0.8859553933143616
0.9999978301664109 -0.0001278230316296305 -0.0020792603835873766 -0.0020785934757441282 0.00012766594071978024 0.9999999889866781 -7.568389085975792e-05 -0.013671609573066235 0.0020792700348321877 7.541827590543733e-05 0.9999978354717604 0.8536187410354614
0.9999994895375034 -0.00011407544347718615 -0.0010039479696644365 -0.0012519778683781624 0.0001140984789169948 0.9999999932288471 2.2887609647916818e-05 -0.013140486553311348 0.0010039453519523308 -2.3002146900900977e-05 0.9999994957821886 0.8412983417510986
0.999999768674469 -0.00020404385057968904 -0.0006488583167307378 -0.0006070137023925781 0.00020397612938525915 0.9999999737436142 -0.0001044342348937447 -0.01393197849392891 0.0006488796088574835 0.00010430185912747371 0.9999997840381643 0.8833441734313965
0.9999984082023546 -0.0001523811080597583 -0.0017777437258455699 -0.0021661920472979546 0.00015241028682828146 0.999999988253067 1.627790990198526e-05 -0.013413050211966038 0.0017777412245165857 -1.654883042200991e-05 0.9999984196798887 0.8596922159194946
0.9997734531154577 0.0006550582250852103 -0.021274711380305004 -0.02489764615893364 -0.000647436545112958 0.9999997237505884 0.0003651365043771467 -0.011013297364115715 0.021274944688848975 -0.0003512797582053074 0.9997736010372638 0.6925984621047974
0.9988417030721476 0.0015670781041026004 -0.04809154260519871 -0.056062258780002594 -0.0015232848585107867 0.9999983911506372 0.0009472588755374409 -0.008074862882494926 0.048092949661793796 -0.0008729045498190993 0.998842483192658 0.559736967086792
0.9991114277013113 0.0014008525006961926 -0.04212354031795741 -0.049134768545627594 -0.0013669085789655986 0.9999987174928341 0.0008346098632726893 -0.008427194319665432 0.042124655459529176 -0.0007762892234309535 0.9991120611710468 0.5726296901702881
0.9998155103190253 0.0007153281886546395 -0.019194625057272388 -0.023643597960472107 -0.0007059314740755923 0.9999996276633035 0.0004963204688879997 -0.009541013278067112 0.01919497294243111 -0.0004826788129220248 0.999815643023704 0.6554985642433167
0.9999976666406044 0.00010416083032081602 -0.002157745088805214 -0.0033941578585654497 -0.00010387343622732568 0.9999999857202426 0.00013330350357400396 -0.011137931607663631 0.0021577589429967545 -0.0001330790601321446 0.9999976631804236 0.7291828393936157
0.9999964300577588 0.00010395650014226586 -0.00267003085823277 -0.003930860199034214 -0.00010353287300769737 0.9999999820321104 0.00015879774263991491 -0.011424330994486809 0.002670047318315506 -0.0001585207397753736 0.9999964228528485 0.7513824701309204
0.9999992875056355 1.406814991260814e-05 -0.0011936458051556092 -0.0017712926492094994 -1.406192746960386e-05 0.9999999998874997 5.2213650303662554e-06 -0.012163599953055382 0.00119364587847627 -5.204576349436603e-06 0.9999992875909607 0.7755407691001892
0.9999412175274225 -0.00024790074444410874 0.010839743308643323 0.011115550063550472 0.00024972385467677763 0.9999999549021396 -0.00016683439591974304 -0.010261699557304382 -0.010839701461423141 0.0001695315314641811 0.9999412343389423 0.6633737683296204
0.9999996619747488 -2.25517700078581e-05 -0.0008219135029020909 -0.0012021579314023256 2.2480894379359437e-05 0.9999999960284978 -8.624160303237016e-05 -0.012628331780433655 0.0008219154445386562 8.62230965298829e-05 0.9999996585102316 0.8061625957489014
0.9999986108003577 -0.00033027974253333663 0.001633803123578319 0.0024449843913316727 0.00033069825219293313 0.9999999125786615 -0.00025589321085662457 -0.014691055752336979 -0.0016337184644052653 0.00025643315120726224 0.9999986326020742 0.9141992926597595
0.9999095783533161 -0.0002582928279041793 0.013445014024120088 0.015034512616693974 0.0002598375118379879 0.9999999598416466 -0.00011314226731214634 -0.011220086365938187 -0.013444984260354285 0.00011662555579268065 0.9999096053127595 0.715477466583252
0.9999840235750668 0.00033610675813234236 -0.005642661328453407 -0.007646995596587658 -0.00033498017313998544 0.9999999237741973 0.0002005988118110174 -0.009608473628759384 0.00564272832095334 -0.00019870542729038317 0.9999840599395818 0.6190311312675476
0.9997217402610108 -0.0005177095405891233 0.023583342136502938 0.02555396407842636 0.0005225416000741079 0.9999998437281464 -0.00019873086995215284 -0.009211987257003784 -0.02358323556622297 0.00021099884848725425 0.9997218545574132 0.603958785533905
0.9997064926354902 -0.0005184365994013296 0.024221061205880516 0.026339128613471985 0.0005244978280758533 0.9999998327088593 -0.00024389399700331163 -0.009334232658147812 -0.024220930710337138 0.0002565263063152081 0.999706597312321 0.6053175926208496
0.9996400430074114 -0.0006011646780892261 0.026822062134939102 0.02923613041639328 0.0006087695083311458 0.9999997767871182 -0.00027536412193305805 -0.009011833928525448 -0.0268218906087256 0.0002915934562701745 0.9996401858456021 0.5840257406234741
0.9999386071669092 -0.00012220616662135715 0.011080025395039767 0.01176987774670124 0.00012238537462048933 0.9999999923908481 -1.5495934171549645e-05 -0.010043703019618988 -0.011080023417031458 1.685101589102594e-05 0.9999386145144719 0.6106061935424805
0.9999937886914628 -1.3057325982227175e-06 0.0035245676031879516 0.0026587210595607758 1.7089132486283676e-06 0.9999999934561742 -0.00011438851222431402 -0.009212575852870941 -0.003524567430762985 0.00011439382490224425 0.9999937821499087 0.5539728403091431
0.9999945345594085 5.46285239494101e-05 0.003305732450780268 0.0025493870489299297 -5.425349388899858e-05 0.9999999920828438 -0.00011353796858790652 -0.00942569226026535 -0.003305738627019905 0.00011335800051756727 0.9999945296060839 0.5584883689880371
0.9996653277189056 -0.000546175578378488 0.025863763239140962 0.028142590075731277 0.0005534944623048195 0.9999998087835222 -0.00027582022940239684 -0.008907477371394634 -0.025863607647289934 0.00029004336974427825 0.9996654388715809 0.581511378288269
0.9996305554515694 -0.0005858552221977882 0.027173689135728946 0.029670704156160355 0.0005933215234568155 0.9999997884202888 -0.00026670010743110744 -0.009135700762271881 -0.02717352713867695 0.0002827243111663038 0.9996306915505382 0.5993298292160034
0.9998954174308263 -0.00024049088940275392 0.014460164762736729 0.015857860445976257 0.00024320948123771752 0.9999999530805317 -0.00018624736927017675 -0.01078744139522314 -0.014460119293478003 0.00018974474021235378 0.9998954290059295 0.6886928677558899
0.9997844057155981 -0.00032984108107570213 0.020761341304690126 0.023233406245708466 0.00033496484524883543 0.9999999142978245 -0.000243316453449908 -0.011062138713896275 -0.020761259269635953 0.000250218315290527 0.999784430517066 0.7230795621871948
0.9997638593994185 -0.00036445231144981535 0.021727692314022804 0.024564184248447418 0.00036960907020808193 0.9999999044753587 -0.00023332040013065853 -0.011433007195591927 -0.021727605204333648 0.000241296055865197 0.9997638986022142 0.7426497340202332
0.9999465931753456 -0.00020543432202992622 0.010332888935763127 0.01198201347142458 0.00020694907430000663 0.9999999679970981 -0.00014552622804710988 -0.013296841643750668 -0.010332858708998702 0.00014765683775346694 0.9999466036885959 0.8540933728218079
0.9999488780330532 -0.00014885518729595504 0.010110349280382677 0.011660920456051826 0.00015141177522722161 0.9999999567591624 -0.0002521034466204486 -0.012550185434520245 -0.01011031131629694 0.0002536213845290933 0.9999488573328543 0.8040503263473511
0.9998837138506053 -0.0002493567380434884 0.015247839110449581 0.016979459673166275 0.000251674848797792 0.9999999570633583 -0.00015011013332438488 -0.011170268058776855 -0.015247801024785382 0.00015393017519761093 0.9998837336757758 0.7187034487724304
0.9998369074937673 -0.00028195065709550235 0.018057655360734216 0.02005145326256752 0.0002858043367344811 0.999999936933418 -0.00021082941273489313 -0.010974070057272911 -0.018057594778408157 0.0002159559842509371 0.9998369250201915 0.7139318585395813
0.9997909272550264 -0.0003534631000992665 0.02044448195409523 0.022509656846523285 0.00035733992250038264 0.9999999188609316 -0.00018597394890386564 -0.010338523425161839 -0.020444414560320496 0.0001932406964169116 0.9997909724393989 0.6764666438102722
0.9998166447924689 -0.00031913826029250625 0.019146147045849132 0.02110535278916359 0.0003232766498478481 0.999999925050367 -0.00021305273628403041 -0.010615557432174683 -0.019146077617572824 0.00021920317422983033 0.9998166730265257 0.688001811504364
0.9998005683621569 -0.0003110122294004373 0.01996814398237675 0.02184760943055153 0.0003151085807862942 0.9999999299516379 -0.00020199827059286848 -0.01019197516143322 -0.019968079759708504 0.00020825011925814583 0.999800596330387 0.6765522360801697
0.9998176737589575 -0.0003355818829700705 0.01909205656880475 0.020805317908525467 0.0003390355561593963 0.9999999267460176 -0.00017765936745876883 -0.01007213443517685 -0.01909199555097052 0.0001840998615111455 0.9998177142925216 0.6605666875839233
0.9998806682760568 -0.00023218534744340257 0.015446530283212107 0.016566544771194458 0.00023481747327333771 0.9999999582192587 -0.00016858895228682208 -0.010020523332059383 -0.015446490493960161 0.0001721959494884519 0.999880681021478 0.6619540452957153
0.9999284922702453 -0.00019103209219074147 0.01195716742770154 0.01275830902159214 0.00019199463004824428 0.9999999784207424 -7.935097383645929e-05 -0.010246658697724342 -0.011957152011092194 8.164101156517286e-05 0.9999285073696664 0.6632064580917358
0.9999853915428814 0.0002965657252817286 -0.005397105668804614 -0.007259305566549301 -0.0002961068548979199 0.9999999524777904 8.58204347043972e-05 -0.009807391092181206 0.0053971308637216905 -8.422106101511548e-05 0.9999854318365105 0.6236057877540588
0.9999990580965118 0.0001919741232013024 -0.0013590261311070503 -0.002805648371577263 -0.0001919289493539471 0.9999999810248535 3.337020689081882e-05 -0.009956578724086285 0.0013590325115355397 -3.310933900181662e-05 0.9999990759667752 0.6421821713447571
0.9999292672798279 -0.00020337845677033379 0.011891975211454608 0.012369304895401001 0.00020502622697898387 0.999999969550633 -0.00013734256165294392 -0.009908398613333702 -0.011891946916833254 0.00013977101384889492 0.9999292785305323 0.6391048431396484
0.9999297375179677 -0.00018622820679889995 0.011852651446123196 0.01222265139222145 0.0001879822094937755 0.9999999715459335 -0.0001468700826242363 -0.009418459609150887 -0.011852623757514943 0.00014908785077489666 0.9999297440734902 0.631413459777832
0.999990191450616 -0.000122460213074104 0.004427415279464034 0.003944619558751583 0.00012252439595693368 0.9999999923927044 -1.422546200361235e-05 -0.009869742207229137 -0.004427413503730269 1.4767788855232606e-05 0.9999901988477585 0.6521242260932922
0.9998842338690757 -0.0003402068841274181 0.01521194002509308 0.015806224197149277 0.00034389325931173057 0.9999999121360649 -0.00023971918625312325 -0.00909215398132801 -0.015211857134394751 0.0002449227185261063 0.9998842630101666 0.5975155830383301
0.9999308395720172 -0.00028545598263443725 0.011757320599641413 0.012010524980723858 0.000287453309892354 0.9999999445413729 -0.0001681899101260139 -0.009490433149039745 -0.011757271936780488 0.00017155795876167966 0.9999308661724926 0.6137557029724121
0.9999026667263515 -0.000366740156345539 0.013947135017220901 0.014342050068080425 0.00037049344383657584 0.9999998958494308 -0.00026652530020603905 -0.00910961627960205 -0.013947035819088582 0.0002716666805102437 0.9999026984607432 0.5861766338348389
0.9998043389924476 -0.0005486580263256841 0.019773282637072596 0.02086794748902321 0.0005558817853735165 0.9999997807571596 -0.00035983478704897933 -0.008343677036464214 -0.019773080875677872 0.00037075598906698387 0.9998044247815074 0.5456140041351318
0.9999308264248072 -0.0002958049644882144 0.011758182887883679 0.011868285946547985 0.0002983909399108205 0.9999999316810088 -0.00021817613214943158 -0.009139453992247581 -0.011758117546993463 0.00022166957536990804 0.9999308463760633 0.5986543893814087
0.999935199228097 -0.0002693713469431989 0.011380895559811763 0.01159246452152729 0.00027134651760106325 0.9999999483922166 -0.00017200764961251562 -0.009701521135866642 -0.01138084863853671 0.00017508466976138385 0.9999352207166348 0.6168409585952759
0.9999539202432931 -0.00013919831324646934 0.009598854822300548 0.010014478117227554 0.00014033901171283888 0.9999999831711777 -0.00011816347287198536 -0.010431559756398201 -0.009598838212607014 0.00011950512172724044 0.9999539229501999 0.6611155867576599
0.9999310260386851 -0.00018912568598900643 0.011743398004712788 0.012317139655351639 0.0001909573120987982 0.9999999697784491 -0.00015484962210052122 -0.01027475856244564 -0.011743368363768086 0.00015708142922656322 0.9999310319341514 0.6530966758728027
0.9998676418792926 -0.00032469220502465184 0.016266324038172564 0.01715920865535736 0.0003278621373244785 0.999999927780742 -0.00019221063868961363 -0.009574043564498425 -0.016266260454134606 0.00019751830981626448 0.9998676761238736 0.6284451484680176
0.9998350006341516 -0.0003323910526599667 0.018162076508306677 0.019451510161161423 0.00033610250743686457 0.9999999232567308 -0.00020129986697361396 -0.009721135720610619 -0.01816200820421487 0.00020737097207792005 0.9998350356210116 0.6446321606636047
0.9998454479196462 -0.00027688157162629375 0.017578498541045522 0.018969684839248657 0.00027967439703662644 0.9999999486576254 -0.00015641923909405823 -0.010050390847027302 -0.01757845432891891 0.000161311320155525 0.9998454740218932 0.6661567091941833
0.9998435983798735 -0.00028855046378832214 0.017683198732591634 0.01905287802219391 0.0002918421431036038 0.9999999405656569 -0.00018356700787983438 -0.010083157569169998 -0.017683144713257073 0.00018869900031744663 0.9998436231660116 0.6678120493888855
0.99992765554077 -0.00015698625378544553 0.012027428655143824 0.013135088607668877 0.00015844593746435647 0.9999999801981437 -0.00012041011785572294 -0.011053969152271748 -0.012027409514245094 0.00012230710405941082 0.9999276606141808 0.7196869254112244
0.9998439923281421 -0.0003035842928408396 0.01766065802563763 0.01920275017619133 0.0003069269197025931 0.9999999354957075 -0.00018655949768617356 -0.010426338762044907 -0.017660600249916208 0.0001919509243410065 0.999844021012105 0.6766968369483948
0.9997928915292532 -0.00034127992036407125 0.020348404743138926 0.022109370678663254 0.00034555604977809144 0.9999999189475404 -0.00020662993210748018 -0.00992311630398035 -0.020348332575203902 0.00021361865166055576 0.9997929284249215 0.662366509437561
0.999860536162839 -0.00025683981566034994 0.01669857052173641 0.01813441887497902 0.00025973920305573644 0.9999999515681088 -0.0001714623179857338 -0.01037326455116272 -0.016698525674642913 0.00017577567859242477 0.9998605544490713 0.6804919838905334
0.9998997416099488 -0.00019739249381533922 0.014158663939836086 0.015521244145929813 0.00019992047849025075 0.9999999643280836 -0.00017713168570320924 -0.010950268246233463 -0.014158628470304233 0.00017994453363520826 0.9998997454044105 0.710521399974823
0.9998294427710538 -0.000335716074657717 0.018465445102712034 0.020047903060913086 0.00033945996306568044 0.9999999224599868 -0.0001996170180708123 -0.01029149815440178 -0.018465376656259438 0.0002058512512579176 0.999829479206432 0.6661333441734314
0.9997724598647774 -0.0003753463197603462 0.021328094407913917 0.023151174187660217 0.0003800218324644666 0.9999999046435204 -0.00021516588350128238 -0.00969766080379486 -0.0213280116124194 0.00022322206614692572 0.9997725071697912 0.6512466073036194
0.9999101730341535 -0.00020748986108199365 0.013401597321462164 0.014461095444858074 0.00020939488575461493 0.9999999681721642 -0.0001407460561662049 -0.010679356753826141 -0.013401567691538684 0.00014353963931508154 0.9999101846564925 0.6984906792640686
0.9998302231524238 -0.00033720974535061786 0.018423114844177614 0.019850201904773712 0.00034173047067121825 0.9999999122710601 -0.00024223574674360593 -0.009982896037399769 -0.018423031543682807 0.0002484903604290843 0.9998302506732234 0.6536737680435181
0.9997903503184881 -0.00037964544477516615 0.02047220748651137 0.022093579173088074 0.0003850789578718616 0.9999998916743934 -0.0002614677750150105 -0.009581045247614384 -0.020472106003797338 0.0002692963747034953 0.9997903882090643 0.6393478512763977
0.9995910041292758 -0.0006116656471470673 0.02859108827873189 0.031198706477880478 0.0006203932351671347 0.9999997636337996 -0.00029638586132613984 -0.008984919637441635 -0.028590900231715313 0.00031400235848690804 0.9995911473329778 0.6069542169570923
0.9996314007502236 -0.000593432070730894 0.02714241095634896 0.029426977038383484 0.0006011812484240389 0.999999780831418 -0.0002773413463442053 -0.008655410259962082 -0.027142240424335783 0.00029355662703598704 0.9996315384226602 0.5922670960426331
0.9996825211910411 -0.000538070876220137 0.025190619382140806 0.02723894640803337 0.0005450456908217936 0.9999998150082237 -0.00027001613499093877 -0.00888793170452118 -0.025190469434265037 0.00028366044913336996 0.9996826295312082 0.6042842864990234
0.999681962702006 -0.00048583556620486685 0.025213833743947717 0.027493257075548172 0.0004924475584705493 0.9999998459724905 -0.0002560281182299264 -0.0095032574608922 -0.025213705472757916 0.00026836318260588346 0.9996820479720215 0.6394672393798828
0.9995430743634752 -0.0006039911102675436 0.030220484555197033 0.03308138996362686 0.0006133407106491364 0.9999997668733498 -0.0003001106774721616 -0.008870686404407024 -0.03022029624581541 0.0003185090026830756 0.9995432117956834 0.6110283732414246
0.9997946356259222 -0.00031518552712292544 0.020262952196377096 0.022188525646924973 0.00031928090228786326 0.9999999292538844 -0.00019887667410856043 -0.010295196436345577 -0.020262888079802574 0.00020530540558513858 0.9997946655270549 0.6887426972389221
0.9998341930639397 -0.000275327110645655 0.01820743186620051 0.01998022571206093 0.0002789879130106411 0.9999999413775462 -0.00019852115338642474 -0.01069407258182764 -0.018207376140580614 0.00020356789061987333 0.9998342112641421 0.7041311860084534
0.9998609384924546 -0.0003036881873788157 0.01667367537385817 0.01792529597878456 0.00030613893402159896 0.9999999427093501 -0.00014443077759383608 -0.010099097155034542 -0.01667363055669142 0.00014951515403734307 0.9998609741805496 0.6633756756782532
0.9999380119489182 -0.00015847665308679255 0.011133155203958243 0.011658890172839165 0.00016000347636533144 0.9999999779172155 -0.00013625144414937843 -0.010326877236366272 -0.01113313336543433 0.00013802434172344665 0.999938015224318 0.6757206320762634
0.9999560342832201 -0.0001322558538421086 0.009376140408767018 0.009905995801091194 0.00013339898855635314 0.9999999837462078 -0.00012129424605147053 -0.010852533392608166 -0.009376124214495102 0.00012253968091009346 0.9999560356729396 0.7001742720603943
0.9999469144165788 -0.00019944983726283565 0.010301872088391511 0.010744038969278336 0.0002006810256132674 0.9999999728450985 -0.00011847754337015536 -0.01043789554387331 -0.010301848178318444 0.00012053864417707834 0.9999469272889167 0.6688262224197388
0.9999077251140965 -0.0002757999387868662 0.013581796329852243 0.014205838553607464 0.00027841777041274156 0.9999999430289181 -0.00019085519378614848 -0.009921666234731674 -0.013581742918231852 0.00019461899609727525 0.9999077449358761 0.6489502787590027
0.9999127979726148 -0.00025817396899632366 0.013203400955010153 0.01384407002478838 0.00026037785196773784 0.999999952456317 -0.00016519908596353405 -0.010087775997817516 -0.013203357677168145 0.00016862255344765015 0.9999128176558612 0.6595070958137512
0.999884958266711 -0.0002657116443994882 0.015165738666457327 0.016192086040973663 0.0002690757976991595 0.999999939646201 -0.00021978582537474417 -0.010118717327713966 -0.015165679351494309 0.00022384127406181473 0.9998849694164281 0.6619055271148682
0.9998950340738184 -0.00023523810853228562 0.014486735227427376 0.01567051187157631 0.0002379808542794962 0.9999999540848318 -0.00018760449644164754 -0.010724799707531929 -0.014486690430539597 0.00019103236998706678 0.9998950441456359 0.7093407511711121
0.9998427805678854 -0.0003097346986928741 0.017729021707254263 0.019283168017864227 0.000314013901657519 0.9999999222365092 -0.000238583833515804 -0.010609505698084831 -0.017728946430891856 0.0002441134827798526 0.9998428000776215 0.6947243809700012
0.9997147392754803 -0.00044510340762116607 0.023879739494291778 0.02607458084821701 0.0004514622150039346 0.999999864058056 -0.00026089411293347476 -0.009798169136047363 -0.02387962012317487 0.00027160049017560626 0.9997148043196853 0.6546440124511719
0.9995692887885066 -0.0005744186727255851 0.02934121596027905 0.03225264325737953 0.0005835436128387807 0.9999997840058168 -0.00030243209483395346 -0.009405916556715965 -0.029341035900104565 0.00031942371310653714 0.9995694080857019 0.6347411870956421
0.9996980782982098 -0.00041457710085041766 0.024567872775106147 0.026982564479112625 0.0004206042022322647 0.9999998827082179 -0.000240157563734798 -0.00986216776072979 -0.024567770329670047 0.0002504184054835747 0.9996981354147114 0.6695888638496399
0.9998774883235386 -0.0002665185791678861 0.01565047320879041 0.01725092902779579 0.00026994366271905083 0.9999999400778598 -0.00021673646704518904 -0.011183957569301128 -0.01565041450668531 0.00022093466035852824 0.9998775003537408 0.729770839214325
0.9999003346966512 -0.00023537148272772886 0.014116135228534683 0.015626218169927597 0.00023846576625407008 0.9999999479097585 -0.00021751909954501782 -0.01144833117723465 -0.014116083295428808 0.00022086363544179607 0.9999003387396422 0.7405914664268494
0.9999135797437436 -0.00020915782350222842 0.013144934273595183 0.014492363668978214 0.00021137662294820736 0.9999999636475899 -0.00016740592091574226 -0.011324017308652401 -0.01314489878148708 0.0001701699854687866 0.9999135876055494 0.7344599962234497
0.9999735645483182 -0.00015771203746794204 0.007269479447942346 0.008243030868470669 0.00015889408344795585 0.9999999742500129 -0.00016202667779254234 -0.012471337802708149 -0.007269453707195864 0.0001631774718181549 0.9999735638585212 0.7973052859306335
0.9998924166267309 -0.0002444780437441973 0.01466613114771475 0.016306601464748383 0.0002471898483360969 0.9999999526876056 -0.00018309004699155413 -0.011436067521572113 -0.014666085692328452 0.00018669566828076773 0.9998924297519172 0.743782639503479
0.9999950861896932 -0.0002338618012640573 0.0031261646030906064 0.0036280876956880093 0.00023405515959299523 0.9999999707188321 -6.148590955159622e-05 -0.013618916273117065 -0.003126150132347296 6.22173023765905e-05 0.9999951116452306 0.8641413450241089
0.9999959367446111 -0.00024593141714531066 0.0028400725352715236 0.003319963812828064 0.0002461452911198207 0.9999999668970069 -7.49565237336858e-05 -0.013646290637552738 -0.002840054007092516 7.565528964718264e-05 0.9999959641766129 0.8645896315574646
0.9999991960368234 -0.0002327824742025145 0.001246490283437165 0.001426289090886712 0.0002328636896472308 0.9999999707740641 -6.501056225392224e-05 -0.013468122109770775 -0.0012464751136877891 6.53007723143347e-05 0.9999992210174967 0.8502944707870483
0.9999973990302463 -0.00018319083376452694 0.0022734057844030547 0.0026182271540164948 0.00018342733599793505 0.9999999777877167 -0.000103821858447444 -0.012898589484393597 -0.00227338671469271 0.00010423859317660575 0.9999974104202275 0.813758373260498
0.9999962880357129 -0.00022057193805075927 0.002715743510632939 0.0031592189334332943 0.00022089739591158385 0.9999999684570493 -0.00011954179538624152 -0.013327952474355698 -0.0027157170574048893 0.00012014125232082882 0.9999963052166461 0.8463472723960876
0.9999991207934817 -0.00025060958100236064 0.0013021547917049499 0.0016179739031940699 0.0002507366348809348 0.9999999638212455 -9.740969110660553e-05 -0.013751724734902382 -0.0013021303327927375 9.773610337393635e-05 0.999999147451762 0.8695015907287598
0.9999999319083865 -0.0002696607573002583 0.0002519251830875279 0.0004247950855642557 0.0002696743071845026 0.9999999621931944 -5.375292986345922e-05 -0.01412546169012785 -0.0002519106785072674 5.3820863952546964e-05 0.9999999668221616 0.8887028694152832
0.9999999451619539 -0.00028358562133136807 0.000171041762125056 0.0003255808260291815 0.0002835947463565536 0.999999958365082 -5.3327797577280675e-05 -0.014272993430495262 -0.00017102663200713606 5.3376301198034686e-05 0.9999999839504307 0.8970897197723389
0.999999875479866 -0.0003136041867039267 -0.0003881915331574644 -0.00022150331642478704 0.00031358209258283253 0.9999999492100549 -5.697507171006284e-05 -0.014740042388439178 0.00038820938106226376 5.685333470222882e-05 0.9999999230305844 0.9213881492614746
0.9999998015988985 -0.00040302196711540766 -0.0004841233905233396 -8.681893814355135e-05 0.0004030078604319449 0.9999999183649623 -2.9235811013859725e-05 -0.01603161171078682 0.0004841351336759735 2.9040699681642753e-05 0.9999998823848979 0.9912278652191162
0.9999997487408672 -0.00045324453763367976 -0.0005450574203084149 -1.2247823178768158e-05 0.00045318457330550195 0.9999998912472073 -0.00011013317330410225 -0.01640435867011547 0.0005451072782911106 0.00010988613401768719 0.9999998453915343 1.00875723361969
0.9999998432424938 -0.00040854547869460854 -0.00038289108016596144 5.339737981557846e-05 0.00040849695812268964 0.9999999085271036 -0.00012679124314959672 -0.01574842445552349 0.0003829428451309322 0.00012663481343257757 0.9999999186591972 0.9736090302467346
0.9999998987005331 -0.0004036666014764415 -0.00019912859810500283 0.000294331694021821 0.0004036447985352525 0.999999912538141 -0.00010951980262041145 -0.015930555760860443 0.00019917279017536357 0.00010943941430324913 0.9999999741766069 0.9850151538848877
0.9999998712646189 -0.0003984215171142489 -0.0003142149588492583 0.0001318801660090685 0.0003983930637195991 0.9999999165362754 -9.061130728231024e-05 -0.015858497470617294 0.00031425103411822266 9.048611455730657e-05 0.9999999465292738 0.9811453819274902
0.9999998902903544 -0.00045103965235639723 -0.00012642195635250515 0.0004892195574939251 0.000451024217534061 0.9999998908353849 -0.00012209165969743102 -0.01647147722542286 0.0001264770107314465 0.0001220346269388553 0.9999999845555576 1.0137526988983154
0.9999998912027738 -0.0004647420920485489 -4.011518545297611e-05 0.000674921553581953 0.0004647379502261161 0.9999998866846165 -0.0001031958884778779 -0.017054125666618347 4.016314038041051e-05 0.00010317723420139114 0.99999999387069 1.0471464395523071
0.9999997400673857 -0.0005258682602713098 -0.0004932826108063496 0.0002910566981881857 0.0005257875103791398 0.9999998483561495 -0.0001638144443651863 -0.017609383910894394 0.0004933686808199407 0.0001635550399486203 0.9999998649185379 1.0723865032196045
0.999999764400199 -0.000466518053772148 -0.0005035478640481051 9.3493377789855e-05 0.0004664630355449587 0.999999885224876 -0.00010937308059921542 -0.01677810586988926 0.000503598830770033 0.00010913816836573337 0.9999998672385298 1.029060959815979
