0.9999244971723313 0.00016511998434092873 0.012287094451119971 0.014086978510022163 -0.00016855569936752296 0.9999999469897503 0.00027858476724022585 -0.0132785364985466 -0.012287047799865622 -0.00028063479310095723 0.9999244719979986 0.8054807186126709
0.9999700681072733 0.00022806726883829381 0.007733749081524649 0.0091298408806324 -0.0002305496883365586 0.9999999221929284 0.00032009526413075915 -0.014239704236388206 -0.007733675476531623 -0.00032186869651406957 0.9999700428833684 0.852811872959137
0.9998553799491322 0.0001463388285469183 0.017005815820580094 0.019321342930197716 -0.00015000240417857035 0.9999999658183711 0.00021415539935588576 -0.012828057631850243 -0.017005783900043345 -0.0002166753414492423 0.9998553677236229 0.782489538192749
0.9998957638348445 0.00015630541111843357 0.014437348570692196 0.016519559547305107 -0.000160291867229225 0.9999999493505672 0.0002749643259348081 -0.012714672833681107 -0.014437304861036669 -0.0002772498542681535 0.9998957382451773 0.7815737724304199
0.999804088874325 0.00012205177099433432 0.019793154714334057 0.02212187461555004 -0.00012508587501251832 0.9999999806167646 0.0001520526016594478 -0.011509372852742672 -0.01979313577238937 -0.00015449865693979557 0.9998040847618399 0.7259036898612976
0.999899092460137 0.00014919155740023788 0.014205021621717471 0.016191061586141586 -0.00015311026395346927 0.9999999505264411 0.00027478057113534027 -0.012322289869189262 -0.014204979924003148 -0.00027692777831387076 0.9998990658343292 0.7591115236282349
0.9999110943277171 0.00016188281476026698 0.01333331295296065 0.015279154293239117 -0.00016599065228050525 0.9999999391045113 0.00030698220930371186 -0.012681245803833008 -0.013333262445877918 -0.00030916812215813687 0.9999110603086764 0.7803497314453125
0.999757406595314 0.00010453119200525008 0.02202537243820965 0.024456296116113663 -0.00010354613608416637 0.9999999935873389 -4.5864144331239675e-05 -0.010905877687036991 -0.02202537709120208 4.357237578052205e-05 0.9997574110080096 0.6663495302200317
0.9999437018470977 0.00016475707227812768 0.010609712127559737 0.01189667172729969 -0.0001670971669475605 0.9999999619106077 0.00021967548742637407 -0.011581838130950928 -0.010609675530352091 -0.0002214359729408385 0.9999436912902898 0.7253941297531128
0.999978873168406 0.00021602290390017065 0.006496656905713865 0.00749483797699213 -0.00021792471642823687 0.9999999336134625 0.0002920306301885879 -0.012223901227116585 -0.006496593389118545 -0.00029344024262055284 0.9999788538600008 0.7481047511100769
0.9999866419698417 0.00023769783411101324 0.005163272375088543 0.006018416956067085 -0.00024012538980787914 0.9999998609343245 0.00046954353250352684 -0.014303648844361305 -0.005163160047573885 -0.00047077709311861137 0.9999865599833089 0.8558126091957092
0.9999871625828511 0.00029252251987194636 0.005058566998039969 0.006256218068301678 -0.00029530632194764 0.9999998053800685 0.0005495762015294241 -0.016028255224227905 -0.005058405250126673 -0.0005510629732049869 0.9999870543491676 0.9344395399093628
0.9999577898655937 0.00019872200284372436 0.00918580408472706 0.010665005072951317 -0.00020180130064512564 0.9999999237605762 0.0003342978865545785 -0.013565338216722012 -0.009185736952061084 -0.0003361374830076244 0.9999577537317466 0.8209782242774963
0.9999044829205509 0.00013131163311813035 0.013820556886036705 0.015545031987130642 -0.0001344579688267567 0.9999999652578972 0.00022672727763549676 -0.011818650178611279 -0.013820526633952402 -0.0002285639053150568 0.9999044658376623 0.7306132912635803
0.9999170169076689 0.0001512731714822161 0.012881630909804877 0.014596744440495968 -0.0001548054103755286 0.9999999506955827 0.0002732107560547132 -0.012069747783243656 -0.01288158894522602 -0.0002751822303406161 0.9999169910252483 0.7554969191551208
0.9998967685533114 0.0001311086915422118 0.014367847686995285 0.016183117404580116 -0.00013411351232142134 0.9999999693390428 0.00020817175490643152 -0.011906283907592297 -0.014367819953336919 -0.00021007718755281494 0.9998967554789664 0.7343756556510925
0.9999071956649354 0.00015910935640785687 0.013622582049568047 0.01518929097801447 -0.0001613726638688595 0.9999999733595468 0.00016504474766964892 -0.011476285755634308 -0.013622555426492709 -0.00016722774315569645 0.9999071947028553 0.7119635939598083
0.9999568894607318 0.0001677988780004887 0.009283914236697777 0.010714007541537285 -0.00017133014052783034 0.9999999132864745 0.0003795695278068751 -0.013213690370321274 -0.009283849740315955 -0.0003811437786906633 0.99995683149995 0.8076960444450378
0.9999816058601023 0.00032821708439828676 0.006056419321377925 0.0074157798662781715 -0.0003323650312961339 0.9999997109135284 0.0006838905948046042 -0.016702396795153618 -0.006056193105971958 -0.000685890957222621 0.9999814258668297 0.9709846377372742
0.9999897413343571 0.0003708846821865762 0.004514384852694421 0.006142590194940567 -0.00037336972326854756 0.999999779244682 0.0005496413714272103 -0.01827719435095787 -0.004514180002554598 -0.0005513212674633355 0.9999896590584149 1.0346734523773193
0.9999840034326124 0.0002848961780850332 0.005649045322275318 0.007099386304616928 -0.00028747038569245715 0.9999998552214583 0.0004548822266919737 -0.01626162976026535 -0.0056489149102069095 -0.0004564988833753696 0.9999839405556007 0.940721869468689
0.9999790797522173 0.000276562597890899 0.006462474064765721 0.007772217504680157 -0.000280081549182028 0.9999998130146593 0.0005436220855455972 -0.015585003420710564 -0.006462322510841557 -0.0005454207325844757 0.9999789702308695 0.9174621105194092
0.9999537401591709 0.00023236130940538187 0.009615796894042876 0.011411905288696289 -0.00023572120347724977 0.9999999115675333 0.00034828212697311475 -0.014627390541136265 -0.00961571511640317 -0.0003505326627136139 0.9999537065032825 0.8721539974212646
0.999879039177786 0.00020646190357122269 0.015551989788780179 0.017967792227864265 -0.00021038096753408722 0.9999999465293594 0.00025036199229713096 -0.013524210080504417 -0.015551937266991809 -0.0002536035509635353 0.9998790291492681 0.824140191078186
0.9998619185123004 0.0001927285899511538 0.016616460651787356 0.0192432664334774 -0.00019828448330911754 0.9999999249923399 0.00033271395837515804 -0.013714385218918324 -0.016616395281933472 -0.0003359628030515732 0.9998618817300865 0.8394251465797424
0.9998562740588863 0.0001529147243343875 0.01695310715380662 0.019349027425050735 -0.0001567522592818957 0.9999999623944016 0.0002250331633817519 -0.012440210208296776 -0.016953072105390734 -0.00022765825812677028 0.9998562604284212 0.7715998888015747
0.9993819336694998 1.677296311450451e-05 0.035153241296914474 0.03874775767326355 -6.326751768215449e-06 0.9999999557942699 -0.00029727332591645227 -0.009122665040194988 -0.035153244729094306 0.00029686718545121377 0.9993818895972103 0.5813480615615845
0.9993873215436204 7.292952653564254e-05 0.03499966027196126 0.03873668611049652 -6.213353425970846e-05 0.9999999501598907 -0.0003095474765981502 -0.010403747670352459 -0.03499968110272528 0.00030718317093742577 0.9993872762654162 0.6458991169929504
0.9993646842461119 -8.342407415472892e-06 0.03564025549955573 0.03860750049352646 2.1107274225757058e-05 0.9999999357731025 -0.0003577824396464498 -0.008289400488138199 -0.03564025022572582 0.00035830740347238304 0.9993646202361041 0.5743371248245239
0.9999304459947068 0.00011676728743634987 0.011793622777901379 0.012158883735537529 -0.0001147353174263049 0.9999999784585215 -0.00017297041239973737 -0.011000446043908596 -0.011793642721135169 0.00017160523656172913 0.9999304378520584 0.6898717284202576
0.9992419363531212 3.4465076039907955e-05 0.038930084066479 0.04268819838762283 -1.709362370799288e-05 0.9999999001484069 -0.0004465545698684413 -0.009015031158924103 -0.03893009556978529 0.0004455505968747236 0.9992418371663552 0.5934281349182129
0.9986282918754023 -9.445428422767635e-05 0.052359581209217416 0.05765876546502113 0.0001229786092283541 0.9999998457966327 -0.000541556065834698 -0.0073758987709879875 -0.05235952198290312 0.000547252317456156 0.9986281494994135 0.5131322145462036
0.9984177336281674 -0.00010226912994225965 0.056231830112655944 0.061913274228572845 0.00013563381614097736 0.9999998170315771 -0.0005895254701503115 -0.00662404578179121 -0.056231759533749766 0.0005962196215303246 0.9984175648204018 0.4863606095314026
0.998233952619489 -0.00012510712909586804 0.05940505185485383 0.06551355868577957 0.0001662581968972858 0.9999997496598843 -0.0006877778571334356 -0.006597103551030159 -0.05940495093747311 0.0006964397856584495 0.9982337235215715 0.4766407608985901
0.9984605233984137 -0.00010223225722419718 0.055466861850402525 0.061136506497859955 0.00013617907314300353 0.999999805749364 -0.0006082404909033657 -0.007124810479581356 -0.055466788894131 0.0006148575447364213 0.9984603433687159 0.500660240650177
0.998504334658974 -0.00011843278112389707 0.054672476081806996 0.060148682445287704 0.00015190402938340593 0.9999998035948812 -0.0006080586853000571 -0.006807481404393911 -0.05467239332977165 0.0006154542024123384 0.9985041565380283 0.48605334758758545
0.9986849774671579 -9.114478861029449e-05 0.051267021310485335 0.05629899725317955 0.00011953231253814243 0.9999998412465124 -0.0005506532267993662 -0.007116685155779123 -0.05126696298249495 0.0005560571710125274 0.9986848298171821 0.5056213140487671
0.9988742372572584 -7.21638122918117e-05 0.047436831008347016 0.05214433744549751 9.749764042355551e-05 0.9999998538731683 -0.0005317403993804002 -0.007885823026299477 -0.047436785704138826 0.0005357667649424521 0.9988740983307322 0.5262382626533508
0.9999782063273522 8.388602350131675e-05 0.006601502364353036 0.006661471910774708 -8.351335318913238e-05 0.9999999949037276 -5.672798806854053e-05 -0.010922405868768692 -0.006601507089395322 5.617543815880548e-05 0.999978208236794 0.6728139519691467
0.9999794124454338 0.0001351679697435851 0.006415326562574709 0.0063279480673372746 -0.00013497286892005737 0.9999999904154668 -3.0844616775095194e-05 -0.010919167660176754 -0.006415330670291027 2.9978086728654515e-05 0.9999794211051068 0.6878848671913147
0.9999751687680856 0.00011002258631784921 0.007046257323552907 0.007096979767084122 -0.00010949619630763732 0.9999999911859897 -7.509063913225733e-05 -0.011135249398648739 -0.007046265523113446 7.431723616404854e-05 0.9999751720013486 0.6897324323654175
0.9998513135767596 9.440307566717531e-05 0.017243602491588732 0.0183695238083601 -9.20779885157599e-05 0.9999999865628626 -0.00013563155557666897 -0.00964764691889286 -0.017243615063920074 0.00013402363277360087 0.9998513088340653 0.6033309698104858
0.9999865022753357 0.00017744330951941837 0.0051926660793244405 0.005039062816649675 -0.0001775895240668425 0.9999999838474231 2.7696824115917056e-05 -0.010789272375404835 -0.00519266108083337 -2.8618613369476334e-05 0.99998651763505 0.6707457900047302
0.9999550487977095 0.00016898472179026935 0.009480075323244425 0.010090876370668411 -0.00016915213231302406 0.9999999855516921 1.685739481296017e-05 -0.011173227801918983 -0.009480072337631207 -1.8460212008210713e-05 0.999955062934177 0.6741217970848083
0.9999909533126546 0.00026310567217197305 0.004245476210493918 0.003926681820303202 -0.00026350868820880274 0.9999999608288062 9.436926328490849e-05 -0.010798905044794083 -0.004245451215105097 -9.548712942273745e-05 0.9999909834724454 0.66122967004776
0.9999992155851828 0.00014287156750634748 0.001244353942498747 0.0005741618806496263 -0.00014285693415642825 0.9999999897257525 -1.1848671518406864e-05 -0.01109655573964119 -0.0012443556225522196 1.1670897634902525e-05 0.9999992257211375 0.6966718435287476
0.9999999521948455 0.0001591381017246309 0.0002651138834897856 -0.0004759135190397501 -0.00015911303402638225 0.999999982869508 -9.457286139747409e-05 -0.011804834939539433 -0.00026512892909389183 9.453067380203926e-05 0.9999999603853005 0.7225856781005859
0.9999995505906276 0.0001841119636418104 0.0009300114663767596 0.00040955294389277697 -0.00018405218612285888 0.9999999809912086 -6.436128601325548e-05 -0.012279403395950794 -0.0009300232983811161 6.419008644518436e-05 0.9999995654680541 0.7423365116119385
0.9999980591766926 0.00020831162568305515 -0.001959144995737343 -0.0031498223543167114 -0.00020823630603899156 0.9999999775719449 3.864906481141134e-05 -0.010671032592654228 0.0019591530028470537 -3.8241024683498425e-05 0.9999980801267246 0.6650341153144836
0.9998474461538082 0.0008007450395828527 -0.017448301553133264 -0.02117452397942543 -0.0007929215764767605 0.9999995819916875 0.0004552931183610207 -0.010362700559198856 0.01744865883330426 -0.0004413885268703178 0.9998476631372837 0.6475839018821716
0.9994007659449057 0.0012876277424364855 -0.03458975344712297 -0.041462186723947525 -0.0012663428337883827 0.9999989951412301 0.0006372537621350787 -0.010095520876348019 0.034590539234928976 -0.0005930694115787991 0.9994013922664456 0.6217796802520752
0.9991660288930672 0.0014763962626921652 -0.04080523201911106 -0.04921649768948555 -0.0014445265773718097 0.99999862822112 0.0008104929643428756 -0.00919082947075367 0.04080637265213907 -0.0007508727944808124 0.9991667909518515 0.5849913358688354
0.9986731639419376 0.0017772705601896185 -0.05146603668008978 -0.062020402401685715 -0.0017287373736249174 0.9999980181399476 0.000987513681330016 -0.008358889259397984 0.05146768976060122 -0.0008972321514885751 0.9986742571455287 0.5456129312515259
0.9982778700024214 0.0020057005350147326 -0.05862824770358414 -0.07073350250720978 -0.0019404449627368739 0.9999974329418054 0.0011699500615067922 -0.007718835491687059 0.058630443770924724 -0.0010541703674796926 0.9982791993165345 0.5239508152008057
0.9980329570133489 0.002137025652484085 -0.06265500647635115 -0.07545395195484161 -0.0020644332002569075 0.999997120797615 0.001223320089747769 -0.007882680743932724 0.06265744034632005 -0.0010915666910127106 0.9980344952211856 0.5269234776496887
0.9983913427251556 0.0019148661304225427 -0.056666216206511306 -0.06805622577667236 -0.0018528342430547183 0.9999976254571388 0.0011472076322051143 -0.008305218070745468 0.05666827839919162 -0.0010403690624900444 0.9983925199316576 0.5425503253936768
0.9987903017054881 0.0017403329921681446 -0.04914167742493832 -0.058988794684410095 -0.0016938750302255034 0.9999980782900787 0.000987017493180429 -0.008929090574383736 0.04914330072799649 -0.0009025836394687757 0.9987913302268556 0.5695419907569885
0.9990779366059498 0.0014526194305429535 -0.042908815923864266 -0.05146857351064682 -0.0014159765598278989 0.9999986064656207 0.0008843512871555128 -0.008669804781675339 0.04291004075481723 -0.0008227779816479835 0.9990786012315613 0.5630022287368774
0.9985835470665111 0.0018461270136355952 -0.053174160483397265 -0.06404226273298264 -0.0017913531958224627 0.9999978147783005 0.0010777255453492869 -0.008099854923784733 0.0531760339043105 -0.000980945295521971 0.9985846720056013 0.5344322323799133
0.9984904601292725 0.0018655930187671146 -0.05489372089339508 -0.06614162772893906 -0.0018073053414955913 0.9999977491595741 0.0011114509382483119 -0.007965713739395142 0.054895670851500065 -0.0010105634437574673 0.9984915843828078 0.5288365483283997
0.9988163613449689 0.0016742819162795244 -0.048611450190890804 -0.0587034709751606 -0.0016284472859633828 0.999998191458394 0.0009824659679034196 -0.008297045715153217 0.04861300720006402 -0.0009021418990764563 0.998817281423865 0.5541706681251526
0.9993292317419689 0.0012932712829783284 -0.03659800589369843 -0.04454612731933594 -0.0012682726140399666 0.9999989463340484 0.0007062686242947339 -0.008974120952188969 0.036598880728555584 -0.0006593786331164626 0.9993298190033335 0.5895742774009705
0.9997639706440602 0.0008169943669950426 -0.02171026306212496 -0.026887068524956703 -0.0008080065087472117 0.9999995841996263 0.00042276004536926065 -0.00964491069316864 0.021710599427565126 -0.000405118227727224 0.9997642150785939 0.6292105913162231
0.999833808805423 0.0007426122229288022 -0.018215468611237736 -0.022523675113916397 -0.0007368678163012142 0.9999996766488204 0.0003220684337523224 -0.010389849543571472 0.018215701893199997 -0.00030859251623611554 0.9998340327150286 0.6587613821029663
0.999999844802645 0.0004851326392747891 0.00027393613935017334 9.736861102283001e-06 -0.00048520354914590634 0.9999998487875037 0.00025884838377095886 -0.013217064552009106 -0.00027381052212801507 -0.0002589812583854263 0.9999999289782505 0.7867699265480042
0.999999794946953 0.0005171453984643183 0.0003777124416445302 -0.0002757762558758259 -0.0005172259718787223 0.9999998435002264 0.00021325294033101416 -0.011898190714418888 -0.0003776020997558174 -0.00021344825928756926 0.999999905928243 0.721042275428772
0.9998812874767811 0.0008703351243125312 -0.015383545447866591 -0.019385511055588722 -0.0008634006932881137 0.9999995226597976 0.0004574050941096987 -0.009740294888615608 0.015383936200401334 -0.0004440686305919264 0.9998815616411945 0.6080018877983093
0.999796715021744 0.0002083626726856221 0.020161478535211913 0.021847005933523178 -0.0002059382653806743 0.9999999713129354 -0.00012232562602623728 -0.010147133842110634 -0.020161503444932657 0.00011814873914695918 0.9997967292503587 0.6276736855506897
0.9996764593149797 0.00011321594950922373 0.025435484536645698 0.027878412976861 -0.00010830244065933725 0.9999999752098823 -0.00019455286106150418 -0.010026060976088047 -0.02543550593258394 0.00019173519024089216 0.9996764467944464 0.6055206060409546
0.9996055703789334 5.205303294519164e-05 0.02808382021536747 0.030787691473960876 -4.694167487171991e-05 0.9999999822153701 -0.0001826629103668958 -0.009558248333632946 -0.02808382922406561 0.00018127256114667124 0.9996055550447748 0.6015971302986145
0.9999995938266834 0.0003894223747654763 0.0008128325057514954 -2.377317287027836e-06 -0.00038953311436866413 0.9999999148723717 0.0001360852759348772 -0.010586518794298172 -0.0008127794419056667 -0.0001364018458380948 0.9999996603920001 0.6172987818717957
0.999886522531128 0.0006355869375995609 -0.015051182340693026 -0.018559617921710014 -0.0006312860138065597 0.9999997585430853 0.00029050256426033593 -0.009733511134982109 0.015051363346116158 -0.00028096799786171103 0.9998866823387575 0.5653127431869507
0.9999803647813011 0.0004949044235693144 -0.006247009001703471 -0.00837008561939001 -0.0004944057026542669 0.9999998744703363 8.137759267206864e-05 -0.010032319463789463 0.006247048491649125 -7.82874379302646e-05 0.9999804839376716 0.5721015334129333
0.9999671656774777 0.00017274575999925423 0.008101711291706318 0.009158137254416943 -0.00017562486400954713 0.9999999216861764 0.0003546597640658355 -0.012347796000540257 -0.008101649391259845 -0.000356070980996607 0.9999671177046761 0.7724254727363586
0.9998073982936511 8.733274112563955e-05 0.019625460256335547 0.021646378561854362 -8.813395262309894e-05 0.9999999953177947 3.996019183568157e-05 -0.010833946987986565 -0.019625456674612025 -4.1682164818986365e-05 0.9998074013093272 0.6671940088272095
0.9999424382076754 0.00016428929849698784 0.010728153630324701 0.011992662213742733 -0.00016666203172045508 0.9999999618513024 0.00022027519432159866 -0.01165702287107706 -0.01072811703220246 -0.00022205049076724792 0.9999424274419618 0.7144646644592285
0.9997980425486055 0.00012763924789006603 0.020096214175775083 0.022491682320833206 -0.0001303562286479408 0.9999999825405306 0.0001338887290483121 -0.011440262198448181 -0.02009619673544917 -0.0001364813559118784 0.9997980417312333 0.713022768497467
0.9998796556115093 0.00016955918696015925 0.015512754232943139 0.017912838608026505 -0.00017492551910853004 0.9999999253348695 0.00034457411131736635 -0.01309987623244524 -0.015512694648975157 -0.00034724622034365077 0.999879610615593 0.804395318031311
0.9999612245239146 0.00018541417983831195 0.008804264319913633 0.010217107832431793 -0.00018913327333279576 0.9999998932457228 0.0004215888370284492 -0.013470839709043503 -0.008804185211472314 -0.0004232376690506936 0.9999611528417678 0.8195492625236511
0.9999359277511144 0.00019814543723251698 0.011318177013266907 0.013091230764985085 -0.000202077212404401 0.9999999196401672 0.0003462433525096273 -0.013121292926371098 -0.011318107497199623 -0.00034850831357971095 0.9999358874371082 0.8036237955093384
0.9998326461450285 0.00011587563563525709 0.018293886286601568 0.020401615649461746 -0.00011844591656001797 0.9999999832668715 0.00013941600177370768 -0.011387086473405361 -0.018293869825569794 -0.0001415595060970274 0.9998326431396962 0.7093424797058105
0.9998324284733702 0.00014192853497914173 0.01830559557440568 0.02032010816037655 -0.00014410404600682982 0.9999999827109448 0.00011752503423179669 -0.011213025078177452 -0.018305578577763302 -0.00012014325076922985 0.9998324316396884 0.7073363065719604
0.9997954029716675 8.325786164543232e-05 0.020227339539591098 0.022153964266180992 -8.343800343420935e-05 0.9999999964865528 8.061906185304954e-06 -0.01066573616117239 -0.020227338797306336 -9.747985569226062e-06 0.9997954064058087 0.6727957725524902
0.9999505877414386 0.00017406615609568546 0.009939405240005033 0.010988105088472366 -0.0001757581098970897 0.9999999702142167 0.00016935363236379253 -0.011424903757870197 -0.009939375465216256 -0.00017109219529680636 0.9999505885506657 0.7042034864425659
0.9998233162106833 0.00011338671715125486 0.018796901471371745 0.020776541903614998 -0.00011549762155034581 0.9999999871457503 0.00011121510118800444 -0.011108623817563057 -0.018796888619436458 -0.00011336644869495692 0.9998233164546009 0.7050834894180298
0.9999170706045412 0.00010918204922370225 0.012877887750460027 0.014272637665271759 -0.00011104670636855713 0.9999999834547483 0.00014408029880569998 -0.011497259140014648 -0.012877871806409853 -0.00014549839733329507 0.9999170661849683 0.7133946418762207
0.9999546807439489 0.0001234027315443386 0.009519518371893772 0.010162148624658585 -0.00012402456172907583 0.9999999902138841 6.473128864590098e-05 -0.010954180732369423 -0.009519510290716826 -6.590900916600234e-05 0.9999546862632462 0.6879498362541199
0.9999500221223759 0.00011631443949862332 0.009996985966332387 0.010725024156272411 -0.00011695754774700671 0.9999999911287144 6.374561216547142e-05 -0.010979978367686272 -0.00999697846311112 -6.491164925855102e-05 0.9999500268553854 0.6810606122016907
0.9998832990119441 0.0006112966214640638 -0.015264818159154297 -0.01859057880938053 -0.000606195607007314 0.999999758873129 0.0003387928129297571 -0.010405493900179863 0.015265021581298378 -0.00032949980976389713 0.9998834284785392 0.6385164260864258
0.9999999133956925 0.00030334115019823687 0.00028494342210083477 -0.0007761192973703146 -0.0003033885702521261 0.9999999401347514 0.00016639071144718365 -0.010480811819434166 -0.00028489293189283327 -0.00016647714561446525 0.999999945560687 0.6595590710639954
0.9999859390484062 0.00016814220999280735 0.005300323921667737 0.004999588243663311 -0.0001685312275956573 0.99999998313787 7.294850925466027e-05 -0.01041538454592228 -0.0053003115665694244 -7.384075362637609e-05 0.9999859505237263 0.6605036854743958
0.9998972072606483 5.318427893702455e-05 0.014337785177222404 0.014947527088224888 -5.206901424561322e-05 0.9999999955900495 -7.815829011451517e-05 -0.009554961696267128 -0.014337789270785788 7.740370166912794e-05 0.9998972056204043 0.6325849294662476
0.9999523220539529 9.438544932841034e-06 0.009764913200943864 0.009865951724350452 -9.571886422830633e-06 0.999999999861595 1.3608428531516236e-05 -0.009970984421670437 -0.009764913071148585 -1.3701248349683156e-05 0.999952322005899 0.6537876725196838
0.9999538331434225 7.685235384804058e-05 0.009608625057325747 0.009684826247394085 -7.607821596487086e-05 0.9999999938310208 -8.093246395969677e-05 -0.010018647648394108 -0.009608631217900697 8.019772051000397e-05 0.999953832821518 0.6305388808250427
0.9998986186188906 -3.938952048239942e-06 0.01423911754706106 0.014818106777966022 6.200570836384905e-06 0.9999999873740821 -0.00015878724281684538 -0.009591340087354183 -0.014239116741823798 0.00015885943540386424 0.9998986060186765 0.6047086715698242
0.9999271665517738 5.244648974147178e-05 0.0120689204615574 0.012361705303192139 -5.0589236023143595e-05 0.9999999868326936 -0.00015419254954736382 -0.00977462437003851 -0.012068928389500192 0.0001535707617065152 0.999927156038654 0.6172636151313782
0.9999013677798633 3.3682840789588065e-05 0.014044699264295921 0.014489839784801006 -3.073598511896306e-05 0.999999977470178 -0.00021003557389840993 -0.00962740182876587 -0.014044706022466146 0.00020958317995586098 0.9999013462875389 0.6045554876327515
0.9999259225052719 5.551383564599429e-05 0.012171541405888447 0.012572387233376503 -5.444916222385958e-05 0.999999994662898 -8.780371751948069e-05 -0.009885814040899277 -0.012171546215248833 8.713448300753539e-05 0.999925920191247 0.6369655728340149
0.9999838301196592 7.690394912850636e-05 0.00568626283239371 0.0056621963158249855 -7.711202237773815e-05 0.9999999963653692 3.6373034921339846e-05 -0.010815666057169437 -0.005686260014496216 -3.681092600049478e-05 0.9999838324153062 0.6679312586784363
0.9999129883059864 8.294073525292577e-05 0.013191244741376182 0.014003378339111805 -8.275935620500058e-05 0.9999999964732592 -1.4295829612050611e-05 -0.01044492982327938 -0.0131912458805607 1.3202886785359842e-05 0.9999129916436742 0.6533480882644653
0.9999214986452811 0.00012551050629959338 0.01252919766335992 0.013571596704423428 -0.00012598788649043055 0.9999999913674285 3.731213020248381e-05 -0.010902395471930504 -0.012529192872136373 -3.8887728282743034e-05 0.9999215058261909 0.6849212646484375
0.9999398570967812 0.00010068375144978494 0.0109668615406235 0.011654769070446491 -0.00010098090850917887 0.9999999945491848 2.6542171807022735e-05 -0.010728257708251476 -0.010966858808479732 -2.764801912561906e-05 0.9999398618134303 0.6817246675491333
0.9998769820548327 0.00011401972635537868 0.01568463440509591 0.017003213986754417 -0.00011402983287733302 0.9999999934985672 -2.499549802155321e-07 -0.010881753638386726 -0.015684634331623114 -1.5385920086876728e-06 0.9998769885558502 0.6910526752471924
0.9998169744674904 0.00010124784124966619 0.019131317663681615 0.020940398797392845 -0.00010119947092956034 0.9999999948732211 -3.496460059001305e-06 -0.010900153778493404 -0.01913131791960861 1.559740891787175e-06 0.9998169795878776 0.6956931352615356
0.9998984858498406 0.0001231324754217878 0.014247906287912207 0.01563737541437149 -0.0001241402548551247 0.9999999898552712 6.984736352839276e-05 -0.01132532674819231 -0.01424789754289229 -7.160901175037666e-05 0.9998984909918388 0.7108858823776245
0.9998186258084915 0.00011943172586154999 0.019044716392798797 0.02104640193283558 -0.00012063005407244456 0.9999999908162401 6.177304533884636e-05 -0.01126750186085701 -0.019044708840235285 -6.40592064709487e-05 0.9998186310334531 0.7131714820861816
0.9996692551955528 9.549248152200453e-05 0.025717136270481392 0.028273485600948334 -9.275686581191163e-05 0.9999999899128424 -0.00010756616013519691 -0.010546778328716755 -0.02571714628282815 0.00010514514222849019 0.9996692539693149 0.6666836738586426
0.9995314966820862 3.805488746821737e-05 0.030606954966061445 0.03347257152199745 -3.135689018503744e-05 0.9999999754579578 -0.00021931901307300244 -0.009487006813287735 -0.03060696256106462 0.00021825652246192694 0.9995314733448248 0.6147395372390747
0.9997157196754688 9.840209067100976e-05 0.02384261207980993 0.02604384906589985 -9.70387014242514e-05 0.9999999935899753 -5.833986665871144e-05 -0.010355561040341854 -0.023842617667743045 5.600962566769766e-05 0.9997157228160773 0.6666452288627625
0.9997126836344231 0.0001080709265652445 0.02396953276838107 0.026354895904660225 -0.00010711325431657068 0.9999999934131039 -4.123763851839035e-05 -0.010645654052495956 -0.02396953706708605 3.86583356106973e-05 0.9997126886252482 0.6821394562721252
0.9996550397126606 7.27892924023681e-05 0.026263973020058933 0.02863554283976555 -6.903744245748673e-05 0.999999987283691 -0.0001437583031468207 -0.010050433687865734 -0.026263983150143295 0.00014189551471518243 0.9996550320259245 0.6435106992721558
0.9996191777204664 8.519148292376091e-05 0.027595149498968567 0.030156884342432022 -8.144789226990923e-05 0.9999999873280316 -0.00013678515300112476 -0.010003754869103432 -0.02759516080221372 0.00013448549540378844 0.9996191719919902 0.6532898545265198
0.9997607538998062 5.6639486665085575e-05 0.021873082856776225 0.0237113144248724 -5.44621970599823e-05 0.99999999350316 -0.00010013764953583651 -0.010341404937207699 -0.021873088386415374 9.892243584484744e-05 0.9997607504892316 0.655689537525177
0.9997890664438859 9.414623553179657e-05 0.020538104969768402 0.022296946495771408 -9.260220299047022e-05 0.9999999928145317 -7.612994378614151e-05 -0.010451569221913815 -0.020538111989540118 7.421201166092188e-05 0.9997890679780822 0.6591511368751526
0.9997396200519296 0.00011335278062123155 0.02281839717355332 0.02498260699212551 -0.0001119702581404241 0.9999999918176473 -6.186571092518156e-05 -0.010574323125183582 -0.022818403999495508 5.9294620512710054e-05 0.9997396245638478 0.6751216053962708
0.9995470052255114 3.082700304073594e-05 0.0300962355521053 0.03278139978647232 -2.2287110879384005e-05 0.9999999593985752 -0.00028408824883417716 -0.009599389508366585 -0.03009624308774456 0.00028328880020315973 0.9995469653295235 0.6137441992759705
0.9994945224540867 4.214689418550824e-05 0.03179147382423816 0.0347684882581234 -3.4383555262300894e-05 0.9999999694594939 -0.00024474227883142436 -0.009458927437663078 -0.03179148316843738 0.00024352546320783363 0.9994944933781779 0.6169004440307617
0.999470410412102 2.0164026446079314e-05 0.03254071763309276 0.03551115095615387 -1.087586469667166e-05 0.9999999591546168 -0.0002856089645992141 -0.00914553552865982 -0.032540722062981385 0.00028510380062324184 0.9994703698076512 0.5989634990692139
0.9995400202876061 5.7057377595072396e-05 0.03032729114028853 0.03316435590386391 -5.170968214018838e-05 0.9999999829778323 -0.00017711703506637297 -0.00972149707376957 -0.03032730072988584 0.00017546735023848582 0.9995400062236871 0.6342117786407471
0.9994251373294881 4.0527244426726316e-05 0.03390270242143143 0.037209924310445786 -3.3023102253250875e-05 0.9999999748341778 -0.00022190339899182186 -0.009533733129501343 -0.033902710561375345 0.00022065626260255733 0.9994251135164682 0.624381959438324
0.9997508277603385 0.00011056484133085128 0.022321966040956584 0.0246743094176054 -0.00011139683646897446 0.9999999931463266 3.602903504058285e-05 -0.011097324080765247 -0.022321961904424578 -3.850665400595939e-05 0.9997508332249465 0.7091262936592102
0.9998379358966629 0.00014216732601365665 0.01800227014439856 0.02014506421983242 -0.0001437432163062447 0.9999999859498874 8.624449372995422e-05 -0.012055715546011925 -0.01800225763031558 -8.881822080477984e-05 0.999837942284416 0.7504505515098572
0.9997323577415433 9.885350100406454e-05 0.02313445725579781 0.02537686377763748 -9.73468108174409e-05 0.9999999930670221 -6.625370998021256e-05 -0.01088387705385685 -0.023134463644818318 6.3983912053798e-05 0.999732360433494 0.6944640278816223
0.9997744801967012 0.00011058675430907134 0.021236207711973504 0.023052632808685303 -0.00010849783893069381 0.9999999891622043 -9.951789037942533e-05 -0.010503234341740608 -0.021236218487180315 9.719136448052977e-05 0.9997744813597734 0.671832263469696
0.9998641312904035 0.00011466532194258121 0.016483501167848486 0.017888208851218224 -0.00011419775187739563 0.9999999930499809 -2.9307194177172184e-05 -0.011075788177549839 -0.016483504413806697 2.742083347008072e-05 0.9998641374358508 0.6974778771400452
0.9997639078420375 8.372690918336902e-05 0.021728358571743035 0.023465991020202637 -7.906620010618262e-05 0.9999999736847538 -0.00021535790511955616 -0.010133004747331142 -0.0217283760312077 0.00021358908206018992 0.9997638881529729 0.636684000492096
0.9996859994135618 5.198783323858875e-05 0.025057930356937246 0.027078812941908836 -4.5175153810408976e-05 0.9999999618669562 -0.00027244318957189316 -0.009541322477161884 -0.0250579435651332 0.0002712256463925514 0.9996859636410502 0.6117492318153381
0.9996804733203358 5.776334712725144e-05 0.025277419279374075 0.027390258386731148 -5.170867020800466e-05 0.9999999698192543 -0.00024018264714868628 -0.009683315642178059 -0.025277432390236332 0.00023879884064770328 0.9996804461360995 0.6216140389442444
0.9996697988797122 8.53765799061294e-05 0.025696029238678125 0.028053900226950645 -8.031309582758484e-05 0.9999999771560412 -0.00019808514207167747 -0.009902749210596085 -0.025696045563511054 0.00019595600647721867 0.9996697829001541 0.6379538774490356
0.9997221539615446 0.00010741977127873201 0.02357123966791946 0.025755472481250763 -0.00010455394696419442 0.9999999869926249 -0.0001228137704270663 -0.010729854926466942 -0.023571252553946636 0.0001203151809653654 0.9997221521889447 0.6840247511863708
0.9996904611653137 0.00010204267543754827 0.024879136688704295 0.02722136676311493 -9.820704071620598e-05 0.9999999831042701 -0.00015539252581675672 -0.010648129507899284 -0.024879152125022192 0.00015290111940562478 0.9996904542961227 0.6753193140029907
0.9995459797727996 8.464816804505234e-05 0.030130170174133674 0.03311975300312042 -7.82942817993389e-05 0.999999974450088 -0.0002120609088380277 -0.010266818106174469 -0.030130187354877918 0.00020960560886174105 0.9995459608619551 0.6572633385658264
0.9992981071379271 2.211675495599791e-05 0.037460546998215695 0.041212048381567 -8.645545733863278e-06 0.9999999352444862 -0.0003597725371557993 -0.009203863330185413 -0.03746055252943976 0.0003591961485077111 0.999298042619076 0.6009526252746582
0.9994832500586774 5.83542511310397e-05 0.03214388661821576 0.03531041368842125 -5.128115476270191e-05 0.9999999742935203 -0.0002208691962578882 -0.009807163849473 -0.03214389868056614 0.00021910668648933852 0.9994832273579549 0.639631986618042
0.999672774711504 9.78975851265843e-05 0.025579951459411495 0.02817152440547943 -9.470679484076674e-05 0.9999999875836859 -0.0001259493996173839 -0.01072433590888977 -0.025579963471944852 0.00012348559057385493 0.9996727715708191 0.6773380041122437
0.9998830065226333 0.00013730706036742368 0.015295568444177465 0.01711113564670086 -0.0001395082791492216 0.9999999800663307 0.00014284529326950775 -0.012267380952835083 -0.015295548525613357 -0.00014496243973417903 0.999883005746768 0.7581559419631958
0.9998933895690272 0.00015259798057210293 0.0146008975757748 0.01637018471956253 -0.0001543866238217807 0.9999999807164147 0.00012137520714837623 -0.01226301770657301 -0.014600878772605642 -0.0001236164505667242 0.9998933938465846 0.7535487413406372
0.9998373342707609 0.00012979794290020883 0.018035746472833836 0.019963828846812248 -0.00013092313400989944 0.9999999895564795 6.120599221289843e-05 -0.011682881973683834 -0.018035738340065267 -6.355733254797272e-05 0.9998373408224929 0.7311310172080994
0.999843120806076 0.00014126906110014292 0.017711968264970297 0.019790690392255783 -0.0001427751636842603 0.9999999862990406 8.376855947637787e-05 -0.012046241201460361 -0.017711956188393586 -8.628424710049258e-05 0.9998431272769792 0.7457842826843262
0.9999452323076944 0.00017611758155985417 0.010464290119652157 0.011963916011154652 -0.00017936266165553347 0.9999999361207771 0.0003091722448322568 -0.012963997200131416 -0.010464235000533392 -0.000311032215110079 0.9999452000208884 0.8027846813201904
0.9998984545314081 0.00014620200676673757 0.014249885988134339 0.0160204004496336 -0.00014841129712184296 0.9999999771318446 0.00015398180768548618 -0.012427560053765774 -0.014249863149816442 -0.0001560810155940075 0.9998984533636044 0.758434534072876
0.9999622263082114 0.000163624081236061 0.008690177436909063 0.009922325611114502 -0.00016641047689095506 0.9999999349808881 0.00031991525785357014 -0.012966234236955643 -0.008690124526041306 -0.00032134931004476467 0.9999621885203172 0.7963076233863831
0.9999872410648197 0.00020493795358054884 0.005047346630175506 0.005923266056925058 -0.00020661507442005315 0.999999923623241 0.00033175853103652864 -0.013949145562946796 -0.0050472782547610956 -0.0003327971560505532 0.9999872070323058 0.8343281745910645
0.9999805054920549 0.000204688666419564 0.006240732200930348 0.007256858050823212 -0.00020713826360613092 0.9999999017643403 0.0003918737668959677 -0.013884078711271286 -0.006240651375749154 -0.0003931588219414371 0.9999804496571654 0.836871862411499
0.9999726746369526 0.00020930601140949873 0.007389598799201692 0.008609536103904247 -0.0002115628783689118 0.9999999312205715 0.0003046309257202623 -0.013737272471189499 -0.007389534529865294 -0.00030618596636157203 0.9999726501407857 0.8290627002716064
0.9999742307185254 0.00018550305835316827 0.007176593029333352 0.008300145156681538 -0.00018760797787162944 0.9999999395850641 0.0002926313634121387 -0.01326193567365408 -0.00717653831174706 -0.00029397020861840755 0.999974205107 0.8040373921394348
0.999995694243704 0.00026021160024537065 0.0029229751924136718 0.0035602315329015255 -0.0002614623389944606 0.9999998744298052 0.00042752522636604824 -0.014924589544534683 -0.002922863578351809 -0.0004282876334772444 0.9999956367095836 0.878678560256958
0.9999998986566971 0.0002880371260060457 0.0003460075274138866 0.0006183950463309884 -0.00028819582498188753 0.9999998532708753 0.00045869531725704996 -0.01544315554201603 -0.0003458753553636099 -0.0004587949886961646 0.9999998349386846 0.8998674154281616
0.9999994528775356 0.00035406955345943197 -0.0009843167075838418 -0.0006032251985743642 -0.00035351997994305655 0.999999781579759 0.0005584479008694085 -0.01739530637860298 0.0009845142219880407 -0.000558099619707294 0.9999993596280755 0.9832907915115356
0.9999995191583005 0.00033273895200074826 -0.0009224792450528308 -0.0004432235728017986 -0.0003323247337581872 0.9999998439149159 0.00044914409162646207 -0.017237817868590355 0.0009226285488019256 -0.0004488373129897441 0.9999994736506752 0.9711164832115173
0.9999999038023242 0.0003166133691825595 0.0003035643536529693 0.0007446171948686242 -0.00031674932952618516 0.9999998495114164 0.0004479363869225348 -0.016196999698877335 -0.0003034224853213567 -0.00044803249763758317 0.9999998536008275 0.9318056106567383
0.9999996697285412 0.00031156283163525224 0.0007506473278026516 0.0014231536770239472 -0.0003118781331298983 0.9999998631832159 0.00041995902143227644 -0.016600195318460464 -0.0007505163814796098 -0.00042019299321903176 0.9999996300814364 0.9484500288963318
0.9999990629467 0.0002964053290271625 0.0013365064918501744 0.0018511653179302812 -0.00029706803891699793 0.9999998330253977 0.0004956811040206924 -0.016026321798563004 -0.0013363593461668047 -0.0004960776729036119 0.9999989840248041 0.9297492504119873
0.9999968589747376 0.0003184362180260968 0.0024860891041757474 0.003265895415097475 -0.0003198110516645843 0.9999997961590009 0.0005526326518000637 -0.016493409872055054 -0.0024859126191572635 -0.0005534259947378819 0.9999967569738005 0.9537651538848877
0.9999988454928262 0.0003569195606358263 0.0014770312935228787 0.002405229490250349 -0.00035775724543801594 0.9999997753082474 0.0005669155213141788 -0.01791953481733799 -0.0014768286184073433 -0.0005674432854531389 0.9999987484918919 1.0139684677124023
0.9999998805417706 0.0003731232463082134 0.0003157459223881236 0.0011485290015116334 -0.00037331256837637845 0.9999997504650716 0.0005997562177744552 -0.018549766391515732 -0.00031552206061151797 -0.0005998740180498805 0.9999997702984694 1.037745714187622
0.9999995938218658 0.000400978703042708 -0.0008072002125693149 -3.648258280009031e-05 -0.00040043400357236633 0.9999996921153308 0.0006748495035065024 -0.019466940313577652 0.0008074705643234096 -0.0006745259989845866 0.999999446502829 1.0758355855941772
0.9999994573023803 0.00035902433419613805 -0.000978006376224771 -0.0003830882487818599 -0.0003585170333158854 0.9999998011378103 0.0005188351145386165 -0.01816399022936821 0.0009781924561678367 -0.0005184842010234668 0.9999993871566379 1.0137192010879517
