9.991296e-01 -1.660063e-03 4.168147e-02 4.440331e-02 1.739368e-03 9.999967e-01 -1.866441e-03 -1.417259e-02 -4.167823e-02 1.937316e-03 9.991291e-01 5.127349e-01
9.999893e-01 -1.740800e-04 4.614435e-03 9.789170e-02 1.749281e-04 1.000000e+00 -1.833685e-04 -2.863951e-02 -4.614394e-03 1.841739e-04 9.999892e-01 1.035737e+00
9.992007e-01 -1.598265e-03 3.994273e-02 1.575693e-01 1.671125e-03 9.999970e-01 -1.790795e-03 -4.387617e-02 -3.993973e-02 1.856113e-03 9.992003e-01 1.573653e+00
9.999988e-01 -7.026125e-05 1.550837e-03 2.166463e-01 7.030609e-05 1.000000e+00 -2.882959e-05 -6.150854e-02 -1.550817e-03 2.893825e-05 9.999987e-01 2.204355e+00
9.991532e-01 -1.638191e-03 4.111108e-02 2.848529e-01 1.715328e-03 9.999968e-01 -1.841090e-03 -7.926316e-02 -4.110791e-02 1.910050e-03 9.991528e-01 2.826784e+00
9.999774e-01 -2.591937e-04 6.725042e-03 3.472591e-01 2.609012e-04 9.999999e-01 -2.530045e-04 -9.727149e-02 -6.724949e-03 2.547526e-04 9.999773e-01 3.481431e+00
9.991253e-01 -1.662115e-03 4.178423e-02 3.994842e-01 1.742405e-03 9.999967e-01 -1.885186e-03 -1.117667e-01 -4.178093e-02 1.956341e-03 9.991248e-01 4.015032e+00
9.999953e-01 -1.127792e-04 3.049728e-03 4.591195e-01 1.130501e-04 1.000000e+00 -8.858277e-05 -1.277370e-01 -3.049683e-03 8.892590e-05 9.999952e-01 4.584587e+00
9.990344e-01 -1.742011e-03 4.390118e-02 5.222182e-01 1.830526e-03 9.999964e-01 -1.976122e-03 -1.441615e-01 -4.389754e-02 2.054574e-03 9.990338e-01 5.171546e+00
9.999991e-01 -4.701933e-05 1.369277e-03 5.791774e-01 4.703944e-05 1.000000e+00 -1.436079e-05 -1.600099e-01 -1.369233e-03 1.442350e-05 9.999990e-01 5.743510e+00
9.988822e-01 -1.857044e-03 4.723236e-02 6.441265e-01 1.959242e-03 9.999958e-01 -2.117505e-03 -1.756547e-01 -4.722818e-02 2.207675e-03 9.988816e-01 6.300914e+00
9.999076e-01 5.065239e-04 -1.358410e-02 7.016308e-01 -4.973042e-04 9.999996e-01 6.820370e-04 -1.956291e-01 1.358449e-02 -6.752206e-04 9.999074e-01 7.020879e+00
9.983350e-01 -2.204231e-03 5.763913e-02 7.571408e-01 2.357517e-03 9.999939e-01 -2.591538e-03 -2.122561e-01 -5.763301e-02 2.723106e-03 9.983340e-01 7.621332e+00
9.999732e-01 2.668536e-04 -7.319503e-03 8.201014e-01 -2.637055e-04 9.999999e-01 4.309384e-04 -2.294969e-01 7.319676e-03 -4.289992e-04 9.999730e-01 8.252289e+00
9.986221e-01 -2.018962e-03 5.243946e-02 8.925106e-01 2.146579e-03 9.999949e-01 -2.377377e-03 -2.475687e-01 -5.243432e-02 2.486663e-03 9.986212e-01 8.890240e+00
9.998136e-01 7.224551e-04 -1.929191e-02 9.537819e-01 -7.035816e-04 9.999993e-01 9.850237e-04 -2.706203e-01 1.929268e-02 -9.712696e-04 9.998133e-01 9.729051e+00
9.988367e-01 -1.903573e-03 4.818260e-02 9.871646e-01 2.012714e-03 9.999955e-01 -2.216723e-03 -2.942929e-01 -4.817810e-02 2.311119e-03 9.988360e-01 1.063428e+01
9.999821e-01 2.473187e-04 -5.973462e-03 1.062229e+00 -2.448743e-04 9.999999e-01 4.097145e-04 -3.135638e-01 5.973633e-03 -4.082476e-04 9.999820e-01 1.130899e+01
9.992841e-01 -1.547078e-03 3.779931e-02 1.117972e+00 1.615429e-03 9.999971e-01 -1.777734e-03 -3.369106e-01 -3.779638e-02 1.837520e-03 9.992837e-01 1.216355e+01
9.999991e-01 8.500597e-05 -1.352133e-03 1.183081e+00 -8.475460e-05 1.000000e+00 1.847581e-04 -3.578800e-01 1.352223e-03 -1.846469e-04 9.999990e-01 1.291865e+01
9.989265e-01 -1.822557e-03 4.628680e-02 1.260676e+00 1.924246e-03 9.999958e-01 -2.152425e-03 -3.741366e-01 -4.628261e-02 2.239178e-03 9.989258e-01 1.347477e+01
9.998294e-01 7.308841e-04 -1.845485e-02 1.327811e+00 -7.132759e-04 9.999993e-01 9.605791e-04 -3.968937e-01 1.845562e-02 -9.472556e-04 9.998292e-01 1.428652e+01
9.995904e-01 -1.257407e-03 2.859018e-02 1.322486e+00 1.298099e-03 9.999982e-01 -1.404702e-03 -4.243653e-01 -2.858828e-02 1.441236e-03 9.995902e-01 1.539344e+01
9.998064e-01 7.955570e-04 -1.965998e-02 1.320714e+00 -7.760002e-04 9.999992e-01 1.002253e-03 -4.516033e-01 1.966084e-02 -9.868068e-04 9.998061e-01 1.648443e+01
9.995800e-01 -1.247519e-03 2.895251e-02 1.337418e+00 1.289349e-03 9.999982e-01 -1.426099e-03 -4.786201e-01 -2.895060e-02 1.462826e-03 9.995797e-01 1.753601e+01
9.996914e-01 9.916669e-04 -2.482232e-02 1.355508e+00 -9.614089e-04 9.999988e-01 1.230802e-03 -5.055303e-01 2.482359e-02 -1.206561e-03 9.996910e-01 1.857702e+01
9.994727e-01 -1.368532e-03 3.244056e-02 1.370258e+00 1.420705e-03 9.999977e-01 -1.585209e-03 -5.315875e-01 -3.243824e-02 1.630457e-03 9.994723e-01 1.959188e+01
9.998116e-01 7.828431e-04 -1.939192e-02 1.392998e+00 -7.636550e-04 9.999992e-01 9.967532e-04 -5.568935e-01 1.939276e-02 -9.817608e-04 9.998114e-01 2.056770e+01
9.996649e-01 -1.176834e-03 2.585802e-02 1.373543e+00 1.210539e-03 9.999984e-01 -1.287757e-03 -5.848023e-01 -2.585638e-02 1.318624e-03 9.996647e-01 2.171493e+01
9.997413e-01 9.120260e-04 -2.272356e-02 1.341369e+00 -8.859823e-04 9.999989e-01 1.156045e-03 -6.149035e-01 2.272468e-02 -1.135618e-03 9.997410e-01 2.297190e+01
9.997160e-01 -1.074214e-03 2.380568e-02 1.300616e+00 1.103305e-03 9.999987e-01 -1.208827e-03 -6.462064e-01 -2.380427e-02 1.234744e-03 9.997158e-01 2.429055e+01
9.997937e-01 7.983380e-04 -2.029311e-02 1.259019e+00 -7.773670e-04 9.999992e-01 1.041153e-03 -6.745425e-01 2.029400e-02 -1.025167e-03 9.997935e-01 2.549060e+01
9.996099e-01 -1.261726e-03 2.789982e-02 1.222227e+00 1.300165e-03 9.999982e-01 -1.359570e-03 -7.045029e-01 -2.789798e-02 1.395310e-03 9.996097e-01 2.675386e+01
9.997046e-01 9.540844e-04 -2.428487e-02 1.156695e+00 -9.244669e-04 9.999988e-01 1.230684e-03 -7.361166e-01 2.428610e-02 -1.207874e-03 9.997042e-01 2.812940e+01
9.996682e-01 -1.135133e-03 2.573398e-02 1.099665e+00 1.169032e-03 9.999985e-01 -1.302178e-03 -7.658278e-01 -2.573238e-02 1.331825e-03 9.996679e-01 2.940831e+01
9.996857e-01 1.000168e-03 -2.505042e-02 1.047229e+00 -9.689516e-04 9.999987e-01 1.258159e-03 -7.937298e-01 2.505173e-02 -1.233495e-03 9.996853e-01 3.060125e+01
9.996696e-01 -1.129532e-03 2.567905e-02 9.811835e-01 1.163518e-03 9.999985e-01 -1.308528e-03 -8.212330e-01 -2.567745e-02 1.337969e-03 9.996693e-01 3.180018e+01
9.997021e-01 9.588991e-04 -2.438762e-02 9.045318e-01 -9.290964e-04 9.999988e-01 1.233242e-03 -8.483076e-01 2.438886e-02 -1.210220e-03 9.997017e-01 3.300217e+01
9.996617e-01 -1.148078e-03 2.598279e-02 8.216929e-01 1.182885e-03 9.999984e-01 -1.324195e-03 -8.753567e-01 -2.598115e-02 1.354477e-03 9.996614e-01 3.421393e+01
9.996974e-01 9.659287e-04 -2.457943e-02 7.533108e-01 -9.353697e-04 9.999988e-01 1.254640e-03 -9.041130e-01 2.458070e-02 -1.231274e-03 9.996970e-01 3.547040e+01
9.996865e-01 -1.086294e-03 2.501330e-02 6.536016e-01 1.119224e-03 9.999985e-01 -1.302480e-03 -9.330668e-01 -2.501177e-02 1.330063e-03 9.996862e-01 3.678848e+01
9.996954e-01 9.616146e-04 -2.466205e-02 5.295765e-01 -9.308808e-04 9.999988e-01 1.257543e-03 -9.626182e-01 2.466331e-02 -1.234207e-03 9.996950e-01 3.817397e+01
9.996934e-01 -1.075859e-03 2.473602e-02 4.242969e-01 1.108233e-03 9.999985e-01 -1.295032e-03 -9.907012e-01 -2.473451e-02 1.322044e-03 9.996931e-01 3.946586e+01
9.996857e-01 9.696548e-04 -2.505103e-02 3.525909e-01 -9.380833e-04 9.999988e-01 1.271904e-03 -1.015546e+00 2.505232e-02 -1.248008e-03 9.996853e-01 4.056505e+01
9.996927e-01 -1.069265e-03 2.476361e-02 2.038830e-01 1.102962e-03 9.999985e-01 -1.347025e-03 -1.033153e+00 -2.476205e-02 1.373920e-03 9.996924e-01 4.148646e+01
9.997010e-01 9.556109e-04 -2.443453e-02 1.043727e-01 -9.240910e-04 9.999987e-01 1.301129e-03 -1.060143e+00 2.443583e-02 -1.278165e-03 9.997005e-01 4.272551e+01
9.996827e-01 -1.088157e-03 2.516600e-02 1.765309e-02 1.122793e-03 9.999984e-01 -1.362097e-03 -1.088087e+00 -2.516440e-02 1.389917e-03 9.996823e-01 4.398258e+01
9.996991e-01 9.583066e-04 -2.450954e-02 -5.165181e-02 -9.263060e-04 9.999987e-01 1.316855e-03 -1.116804e+00 2.451085e-02 -1.293760e-03 9.996987e-01 4.524072e+01
9.996505e-01 -1.154377e-03 2.641196e-02 -9.392588e-02 1.192025e-03 9.999983e-01 -1.409640e-03 -1.145845e+00 -2.641020e-02 1.440626e-03 9.996501e-01 4.646857e+01
9.998580e-01 6.858900e-04 -1.683418e-02 -8.640378e-02 -6.698812e-04 9.999993e-01 9.564344e-04 -1.171676e+00 1.683491e-02 -9.450262e-04 9.998578e-01 4.748978e+01
9.997084e-01 -1.103076e-03 2.411994e-02 -1.018076e-01 1.134565e-03 9.999985e-01 -1.291781e-03 -1.200737e+00 -2.411839e-02 1.318765e-03 9.997082e-01 4.868013e+01
9.999020e-01 5.586242e-04 -1.398406e-02 -1.327506e-01 -5.468969e-04 9.999995e-01 8.422348e-04 -1.228995e+00 1.398460e-02 -8.345090e-04 9.999018e-01 4.986617e+01
9.998457e-01 -8.845790e-04 1.754112e-02 -1.954810e-01 9.019529e-04 9.999991e-01 -9.824336e-04 -1.261699e+00 -1.754015e-02 9.980986e-04 9.998456e-01 5.128114e+01
9.999326e-01 4.819748e-04 -1.159549e-02 -2.460072e-01 -4.738514e-04 9.999996e-01 7.030707e-04 -1.287392e+00 1.159591e-02 -6.975334e-04 9.999324e-01 5.238982e+01
9.998228e-01 -8.652303e-04 1.880254e-02 -2.182349e-01 8.854552e-04 9.999990e-01 -1.067208e-03 -1.312599e+00 -1.880151e-02 1.083663e-03 9.998226e-01 5.335099e+01
9.998773e-01 6.715138e-04 -1.565003e-02 -1.422662e-01 -6.576003e-04 9.999994e-01 8.939926e-04 -1.335758e+00 1.565070e-02 -8.835961e-04 9.998771e-01 5.413910e+01
9.998638e-01 -8.148242e-04 1.648129e-02 -1.668193e-01 8.308938e-04 9.999992e-01 -9.680348e-04 -1.360106e+00 -1.648041e-02 9.815924e-04 9.998636e-01 5.514479e+01
9.998895e-01 5.989586e-04 -1.484854e-02 -2.347332e-01 -5.858905e-04 9.999994e-01 8.842308e-04 -1.391723e+00 1.484915e-02 -8.754382e-04 9.998893e-01 5.652013e+01
9.998760e-01 -7.651153e-04 1.573022e-02 -3.063251e-01 7.799768e-04 9.999993e-01 -9.384822e-04 -1.425396e+00 -1.572941e-02 9.506302e-04 9.998758e-01 5.798678e+01
9.998870e-01 5.983103e-04 -1.501699e-02 -3.685746e-01 -5.845732e-04 9.999994e-01 9.189512e-04 -1.464689e+00 1.501762e-02 -9.100736e-04 9.998867e-01 5.967008e+01
9.998880e-01 -7.247034e-04 1.494856e-02 -4.054242e-01 7.382850e-04 9.999993e-01 -9.028727e-04 -1.504282e+00 -1.494781e-02 9.138031e-04 9.998878e-01 6.132128e+01
9.998836e-01 6.131309e-04 -1.524032e-02 -4.011295e-01 -5.989876e-04 9.999994e-01 9.323737e-04 -1.541460e+00 1.524097e-02 -9.231412e-04 9.998833e-01 6.280123e+01
9.998734e-01 -7.723489e-04 1.589195e-02 -4.225106e-01 7.874954e-04 9.999992e-01 -9.466852e-04 -1.579524e+00 -1.589112e-02 9.590754e-04 9.998732e-01 6.436431e+01
9.998905e-01 5.876911e-04 -1.478652e-02 -4.527039e-01 -5.741124e-04 9.999994e-01 9.223531e-04 -1.619873e+00 1.478714e-02 -9.137678e-04 9.998902e-01 6.603787e+01
9.998109e-01 -9.447456e-04 1.942347e-02 -4.851740e-01 9.657551e-04 9.999990e-01 -1.072162e-03 -1.661038e+00 -1.942235e-02 1.090713e-03 9.998107e-01 6.775109e+01
9.998926e-01 5.360716e-04 -1.464664e-02 -5.425910e-01 -5.221695e-04 9.999994e-01 9.527742e-04 -1.709128e+00 1.464723e-02 -9.450286e-04 9.998922e-01 6.979342e+01
9.998876e-01 -6.906341e-04 1.497842e-02 -5.919088e-01 7.046799e-04 9.999993e-01 -9.322916e-04 -1.755209e+00 -1.497768e-02 9.427369e-04 9.998873e-01 7.173406e+01
9.998973e-01 5.275006e-04 -1.431837e-02 -5.865010e-01 -5.142978e-04 9.999994e-01 9.255522e-04 -1.793681e+00 1.431894e-02 -9.180981e-04 9.998970e-01 7.326661e+01
9.998889e-01 -6.863501e-04 1.488920e-02 -6.046814e-01 7.004781e-04 9.999993e-01 -9.434904e-04 -1.829573e+00 -1.488845e-02 9.538102e-04 9.998886e-01 7.473194e+01
9.998813e-01 5.748313e-04 -1.539294e-02 -5.914120e-01 -5.594245e-04 9.999993e-01 1.004997e-03 -1.872770e+00 1.539359e-02 -9.962713e-04 9.998809e-01 7.644057e+01
9.998785e-01 -7.224906e-04 1.557224e-02 -5.954094e-01 7.376839e-04 9.999993e-01 -9.697608e-04 -1.917748e+00 -1.557144e-02 9.811254e-04 9.998782e-01 7.825622e+01
9.998903e-01 5.572677e-04 -1.479901e-02 -6.281231e-01 -5.433971e-04 9.999994e-01 9.410729e-04 -1.954213e+00 1.479961e-02 -9.329328e-04 9.998900e-01 7.976990e+01
9.998263e-01 -8.447171e-04 1.861549e-02 -6.238197e-01 8.654930e-04 9.999990e-01 -1.107873e-03 -1.985431e+00 -1.861445e-02 1.123787e-03 9.998260e-01 8.100727e+01
9.998570e-01 6.245626e-04 -1.689966e-02 -6.357030e-01 -6.071329e-04 9.999993e-01 1.036293e-03 -2.016832e+00 1.690038e-02 -1.025890e-03 9.998566e-01 8.227764e+01
9.998559e-01 -7.506870e-04 1.696016e-02 -6.827832e-01 7.685076e-04 9.999992e-01 -1.044072e-03 -2.051711e+00 -1.695928e-02 1.056951e-03 9.998555e-01 8.374754e+01
9.998502e-01 6.446051e-04 -1.729666e-02 -7.349100e-01 -6.264041e-04 9.999992e-01 1.057506e-03 -2.087761e+00 1.729742e-02 -1.046518e-03 9.998498e-01 8.527437e+01
9.998457e-01 -7.760880e-04 1.754710e-02 -7.629025e-01 7.950274e-04 9.999991e-01 -1.072234e-03 -2.121723e+00 -1.754616e-02 1.086014e-03 9.998454e-01 8.667559e+01
9.998585e-01 6.188774e-04 -1.681126e-02 -8.041187e-01 -6.014905e-04 9.999993e-01 1.039097e-03 -2.156428e+00 1.681198e-02 -1.028843e-03 9.998581e-01 8.812968e+01
9.998521e-01 -7.596126e-04 1.717851e-02 -8.597660e-01 7.779543e-04 9.999991e-01 -1.060887e-03 -2.191660e+00 -1.717760e-02 1.074089e-03 9.998518e-01 8.962886e+01
9.998506e-01 6.388041e-04 -1.727072e-02 -9.346337e-01 -6.204756e-04 9.999992e-01 1.066406e-03 -2.229615e+00 1.727148e-02 -1.055536e-03 9.998502e-01 9.127256e+01
9.998512e-01 -7.577389e-04 1.723277e-02 -9.982590e-01 7.762609e-04 9.999991e-01 -1.067983e-03 -2.266118e+00 -1.723186e-02 1.081197e-03 9.998509e-01 9.283846e+01
9.998466e-01 6.567007e-04 -1.750171e-02 -1.050446e+00 -6.381693e-04 9.999992e-01 1.064224e-03 -2.298059e+00 1.750248e-02 -1.052897e-03 9.998462e-01 9.419540e+01
9.998544e-01 -7.519452e-04 1.704806e-02 -1.105358e+00 7.701298e-04 9.999991e-01 -1.059960e-03 -2.331219e+00 -1.704716e-02 1.072930e-03 9.998540e-01 9.560595e+01
9.998467e-01 6.560599e-04 -1.749516e-02 -1.165777e+00 -6.375173e-04 9.999992e-01 1.065251e-03 -2.364465e+00 1.749593e-02 -1.053939e-03 9.998463e-01 9.702930e+01
9.998480e-01 -7.659132e-04 1.741944e-02 -1.212311e+00 7.849053e-04 9.999991e-01 -1.083301e-03 -2.395045e+00 -1.741851e-02 1.096804e-03 9.998476e-01 9.832035e+01
9.998505e-01 6.399423e-04 -1.727582e-02 -1.258812e+00 -6.216009e-04 9.999992e-01 1.066847e-03 -2.427737e+00 1.727657e-02 -1.055954e-03 9.998501e-01 9.969918e+01
9.998364e-01 -7.984964e-04 1.806781e-02 -1.292361e+00 8.186358e-04 9.999991e-01 -1.107122e-03 -2.460996e+00 -1.806682e-02 1.121727e-03 9.998361e-01 1.010825e+02
9.998357e-01 6.898088e-04 -1.811108e-02 -1.320441e+00 -6.700069e-04 9.999992e-01 1.099233e-03 -2.492547e+00 1.811191e-02 -1.086922e-03 9.998353e-01 1.023853e+02
9.998231e-01 -8.352134e-04 1.878783e-02 -1.347767e+00 8.569023e-04 9.999990e-01 -1.146240e-03 -2.522328e+00 -1.878676e-02 1.162132e-03 9.998228e-01 1.036139e+02
9.998344e-01 6.901478e-04 -1.818215e-02 -1.371808e+00 -6.699527e-04 9.999992e-01 1.116609e-03 -2.554628e+00 1.818300e-02 -1.104248e-03 9.998340e-01 1.049413e+02
9.998339e-01 -8.087252e-04 1.820778e-02 -1.387789e+00 8.291342e-04 9.999990e-01 -1.113209e-03 -2.589651e+00 -1.820677e-02 1.128116e-03 9.998335e-01 1.063663e+02
9.998327e-01 7.008801e-04 -1.827511e-02 -1.387897e+00 -6.806669e-04 9.999991e-01 1.112076e-03 -2.620812e+00 1.827596e-02 -1.099456e-03 9.998323e-01 1.076033e+02
9.998353e-01 -8.024027e-04 1.813014e-02 -1.429437e+00 8.229220e-04 9.999990e-01 -1.124184e-03 -2.651698e+00 -1.812913e-02 1.138913e-03 9.998349e-01 1.088986e+02
9.998355e-01 6.915935e-04 -1.812221e-02 -1.460702e+00 -6.716895e-04 9.999992e-01 1.104214e-03 -2.680633e+00 1.812305e-02 -1.091865e-03 9.998351e-01 1.100962e+02
9.998263e-01 -8.279531e-04 1.861614e-02 -1.502968e+00 8.493142e-04 9.999990e-01 -1.139417e-03 -2.712484e+00 -1.861509e-02 1.155025e-03 9.998260e-01 1.114361e+02
9.998362e-01 6.849826e-04 -1.808441e-02 -1.539477e+00 -6.649111e-04 9.999992e-01 1.115693e-03 -2.746551e+00 1.808525e-02 -1.103491e-03 9.998358e-01 1.128570e+02
9.998265e-01 -8.218975e-04 1.860697e-02 -1.582322e+00 8.435832e-04 9.999990e-01 -1.157477e-03 -2.777195e+00 -1.860591e-02 1.172968e-03 9.998261e-01 1.141462e+02
9.998420e-01 6.691524e-04 -1.776058e-02 -1.651321e+00 -6.498941e-04 9.999992e-01 1.089905e-03 -2.805294e+00 1.776138e-02 -1.078195e-03 9.998416e-01 1.153759e+02
9.998409e-01 -7.825303e-04 1.782068e-02 -1.706691e+00 8.026074e-04 9.999991e-01 -1.119321e-03 -2.834793e+00 -1.781970e-02 1.133441e-03 9.998405e-01 1.166370e+02
9.998421e-01 6.677339e-04 -1.775574e-02 -1.755445e+00 -6.483549e-04 9.999992e-01 1.096978e-03 -2.865183e+00 1.775655e-02 -1.085298e-03 9.998417e-01 1.179238e+02
9.998334e-01 -8.049211e-04 1.823113e-02 -1.804975e+00 8.256758e-04 9.999990e-01 -1.130757e-03 -2.897723e+00 -1.823012e-02 1.145617e-03 9.998331e-01 1.193020e+02
9.998363e-01 6.780125e-04 -1.807715e-02 -1.867445e+00 -6.578371e-04 9.999992e-01 1.121816e-03 -2.933210e+00 1.807798e-02 -1.109746e-03 9.998359e-01 1.208227e+02
9.998284e-01 -8.106433e-04 1.850532e-02 -1.932813e+00 8.322569e-04 9.999990e-01 -1.160134e-03 -2.965207e+00 -1.850427e-02 1.175331e-03 9.998280e-01 1.222055e+02
9.998362e-01 6.752610e-04 -1.808363e-02 -1.983403e+00 -6.548253e-04 9.999991e-01 1.135783e-03 -2.998697e+00 1.808447e-02 -1.123760e-03 9.998358e-01 1.236256e+02
9.998273e-01 -8.176627e-04 1.856323e-02 -2.020226e+00 8.391898e-04 9.999990e-01 -1.151742e-03 -3.034997e+00 -1.856218e-02 1.167116e-03 9.998270e-01 1.251373e+02
9.998290e-01 6.971474e-04 -1.847945e-02 -2.083939e+00 -6.759912e-04 9.999991e-01 1.150899e-03 -3.071951e+00 1.848032e-02 -1.138215e-03 9.998285e-01 1.267214e+02
9.998269e-01 -8.131319e-04 1.858747e-02 -2.131845e+00 8.349107e-04 9.999990e-01 -1.163798e-03 -3.105588e+00 -1.858642e-02 1.179110e-03 9.998265e-01 1.281426e+02
9.998499e-01 6.410228e-04 -1.731248e-02 -2.143287e+00 -6.221366e-04 9.999992e-01 1.096077e-03 -3.136059e+00 1.731326e-02 -1.085147e-03 9.998495e-01 1.293738e+02
9.997545e-01 -9.981793e-04 2.213139e-02 -2.171062e+00 1.026958e-03 9.999986e-01 -1.288893e-03 -3.168733e+00 -2.212998e-02 1.311299e-03 9.997542e-01 1.307274e+02
9.999272e-01 4.325754e-04 -1.205781e-02 -2.189992e+00 -4.220462e-04 9.999995e-01 8.754817e-04 -3.202537e+00 1.205827e-02 -8.703343e-04 9.999268e-01 1.321184e+02
9.998738e-01 -7.782008e-04 1.586415e-02 -2.232551e+00 7.943916e-04 9.999992e-01 -1.014114e-03 -3.238749e+00 -1.586325e-02 1.026583e-03 9.998736e-01 1.336426e+02
9.998839e-01 6.248538e-04 -1.522568e-02 -2.262070e+00 -6.098762e-04 9.999993e-01 9.881087e-04 -3.273752e+00 1.522638e-02 -9.787134e-04 9.998835e-01 1.350893e+02
9.998166e-01 -9.147150e-04 1.912827e-02 -2.257093e+00 9.372402e-04 9.999989e-01 -1.168488e-03 -3.306112e+00 -1.912709e-02 1.186196e-03 9.998163e-01 1.363739e+02
9.998537e-01 6.769910e-04 -1.708767e-02 -2.293408e+00 -6.584451e-04 9.999992e-01 1.090738e-03 -3.339545e+00 1.708849e-02 -1.079333e-03 9.998533e-01 1.377693e+02
9.998437e-01 -8.283371e-04 1.765884e-02 -2.342758e+00 8.481175e-04 9.999990e-01 -1.112496e-03 -3.376339e+00 -1.765782e-02 1.127294e-03 9.998434e-01 1.393231e+02
9.998632e-01 6.440063e-04 -1.652731e-02 -2.388897e+00 -6.264836e-04 9.999992e-01 1.065171e-03 -3.410950e+00 1.652807e-02 -1.054677e-03 9.998628e-01 1.407807e+02
9.998444e-01 -8.233933e-04 1.762223e-02 -2.438544e+00 8.432627e-04 9.999990e-01 -1.119934e-03 -3.444435e+00 -1.762120e-02 1.134614e-03 9.998440e-01 1.421999e+02
9.998469e-01 6.964883e-04 -1.748422e-02 -2.490283e+00 -6.771460e-04 9.999992e-01 1.111975e-03 -3.479412e+00 1.748507e-02 -1.099971e-03 9.998464e-01 1.436824e+02
9.998519e-01 -7.907945e-04 1.719136e-02 -2.548587e+00 8.102243e-04 9.999990e-01 -1.123084e-03 -3.510052e+00 -1.719036e-02 1.136841e-03 9.998515e-01 1.449943e+02
9.998390e-01 7.134865e-04 -1.792790e-02 -2.580668e+00 -6.933965e-04 9.999991e-01 1.126600e-03 -3.536546e+00 1.792877e-02 -1.113993e-03 9.998386e-01 1.460871e+02
9.998448e-01 -8.100116e-04 1.759706e-02 -2.631858e+00 8.300581e-04 9.999990e-01 -1.131736e-03 -3.567549e+00 -1.759604e-02 1.146162e-03 9.998444e-01 1.474010e+02
9.998440e-01 7.058904e-04 -1.764684e-02 -2.686055e+00 -6.864356e-04 9.999992e-01 1.108285e-03 -3.596909e+00 1.764770e-02 -1.096004e-03 9.998436e-01 1.486529e+02
9.998439e-01 -8.148008e-04 1.764589e-02 -2.715968e+00 8.349446e-04 9.999990e-01 -1.134036e-03 -3.624857e+00 -1.764486e-02 1.148587e-03 9.998436e-01 1.498046e+02
9.998414e-01 7.163271e-04 -1.779374e-02 -2.752609e+00 -6.965848e-04 9.999991e-01 1.115489e-03 -3.653157e+00 1.779461e-02 -1.102923e-03 9.998410e-01 1.509823e+02
9.998437e-01 -8.235196e-04 1.765900e-02 -2.781567e+00 8.434635e-04 9.999990e-01 -1.121785e-03 -3.684405e+00 -1.765797e-02 1.136499e-03 9.998434e-01 1.522698e+02
9.998363e-01 7.300279e-04 -1.807807e-02 -2.813614e+00 -7.095871e-04 9.999991e-01 1.136893e-03 -3.717999e+00 1.807898e-02 -1.123884e-03 9.998359e-01 1.536592e+02
9.998318e-01 -8.514735e-04 1.831877e-02 -2.850267e+00 8.728937e-04 9.999989e-01 -1.161161e-03 -3.749414e+00 -1.831767e-02 1.176951e-03 9.998315e-01 1.549677e+02
9.998434e-01 7.113673e-04 -1.768039e-02 -2.893719e+00 -6.919883e-04 9.999992e-01 1.101969e-03 -3.775943e+00 1.768125e-02 -1.089568e-03 9.998430e-01 1.560881e+02
9.997734e-01 -1.006246e-03 2.126393e-02 -2.926060e+00 1.033253e-03 9.999987e-01 -1.258964e-03 -3.802047e+00 -2.126254e-02 1.280645e-03 9.997730e-01 1.571764e+02
9.997826e-01 8.821833e-04 -2.082916e-02 -2.933947e+00 -8.566534e-04 9.999989e-01 1.234402e-03 -3.831383e+00 2.083031e-02 -1.216295e-03 9.997822e-01 1.583536e+02
9.997592e-01 -1.024884e-03 2.192084e-02 -2.912494e+00 1.053615e-03 9.999986e-01 -1.298976e-03 -3.857612e+00 -2.191939e-02 1.321753e-03 9.997588e-01 1.593536e+02
9.997666e-01 9.113821e-04 -2.158499e-02 -2.925892e+00 -8.843546e-04 9.999988e-01 1.261490e-03 -3.882745e+00 2.158621e-02 -1.242112e-03 9.997661e-01 1.603649e+02
9.997493e-01 -1.049405e-03 2.236651e-02 -2.955521e+00 1.079251e-03 9.999985e-01 -1.322219e-03 -3.908322e+00 -2.236500e-02 1.346021e-03 9.997489e-01 1.614234e+02
9.997731e-01 9.048083e-04 -2.128200e-02 -2.930563e+00 -8.779924e-04 9.999988e-01 1.269168e-03 -3.934356e+00 2.128322e-02 -1.250200e-03 9.997726e-01 1.624087e+02
9.997492e-01 -1.034291e-03 2.237027e-02 -2.906512e+00 1.064686e-03 9.999985e-01 -1.346699e-03 -3.957356e+00 -2.236875e-02 1.370173e-03 9.997488e-01 1.632713e+02
9.997572e-01 9.221410e-04 -2.201480e-02 -2.936676e+00 -8.936229e-04 9.999987e-01 1.305042e-03 -3.982233e+00 2.201607e-02 -1.285057e-03 9.997567e-01 1.643009e+02
9.997459e-01 -1.039615e-03 2.251594e-02 -2.965574e+00 1.070484e-03 9.999985e-01 -1.358813e-03 -4.006423e+00 -2.251441e-02 1.382565e-03 9.997455e-01 1.653003e+02
9.997535e-01 9.210824e-04 -2.218319e-02 -2.995999e+00 -8.917261e-04 9.999987e-01 1.333052e-03 -4.034950e+00 2.218448e-02 -1.312948e-03 9.997530e-01 1.664800e+02
9.997464e-01 -1.040370e-03 2.249328e-02 -3.040065e+00 1.071007e-03 9.999985e-01 -1.349922e-03 -4.067593e+00 -2.249175e-02 1.373665e-03 9.997460e-01 1.678529e+02
9.997694e-01 8.751621e-04 -2.145721e-02 -3.053937e+00 -8.469943e-04 9.999988e-01 1.321626e-03 -4.101881e+00 2.145843e-02 -1.303152e-03 9.997688e-01 1.692445e+02
9.997398e-01 -1.053920e-03 2.278579e-02 -3.083902e+00 1.085652e-03 9.999985e-01 -1.380132e-03 -4.133645e+00 -2.278421e-02 1.404504e-03 9.997393e-01 1.705633e+02
9.997595e-01 9.097962e-04 -2.191203e-02 -3.144342e+00 -8.807738e-04 9.999987e-01 1.333941e-03 -4.165067e+00 2.191330e-02 -1.314326e-03 9.997589e-01 1.719160e+02
9.996399e-01 -1.252330e-03 2.680287e-02 -3.174299e+00 1.293501e-03 9.999980e-01 -1.518642e-03 -4.195746e+00 -2.680082e-02 1.552759e-03 9.996395e-01 1.731893e+02
9.997260e-01 9.874744e-04 -2.338463e-02 -3.182387e+00 -9.554249e-04 9.999986e-01 1.381507e-03 -4.225938e+00 2.338605e-02 -1.358791e-03 9.997255e-01 1.744048e+02
9.995696e-01 -1.355400e-03 2.930537e-02 -3.193763e+00 1.403620e-03 9.999977e-01 -1.624811e-03 -4.253485e+00 -2.930301e-02 1.665239e-03 9.995691e-01 1.755178e+02
9.995713e-01 1.272985e-03 -2.925077e-02 -3.218044e+00 -1.225961e-03 9.999979e-01 1.625369e-03 -4.281308e+00 2.925287e-02 -1.588817e-03 9.995707e-01 1.766547e+02
9.993630e-01 -1.624366e-03 3.565040e-02 -3.217608e+00 1.693487e-03 9.999967e-01 -1.908633e-03 -4.306740e+00 -3.564709e-02 1.967785e-03 9.993624e-01 1.776588e+02
9.998054e-01 9.379582e-04 -1.970563e-02 -3.187130e+00 -9.143850e-04 9.999989e-01 1.205044e-03 -4.332338e+00 1.970683e-02 -1.186797e-03 9.998050e-01 1.786310e+02
9.997325e-01 -1.240339e-03 2.309461e-02 -3.223612e+00 1.271373e-03 9.999983e-01 -1.329009e-03 -4.361651e+00 -2.309283e-02 1.358010e-03 9.997323e-01 1.798554e+02
9.998421e-01 8.867699e-04 -1.774806e-02 -3.237269e+00 -8.676200e-04 9.999990e-01 1.086429e-03 -4.390400e+00 1.774910e-02 -1.070865e-03 9.998418e-01 1.810221e+02
9.996766e-01 -1.306377e-03 2.539664e-02 -3.238363e+00 1.343102e-03 9.999981e-01 -1.428898e-03 -4.416622e+00 -2.539464e-02 1.462541e-03 9.996764e-01 1.820669e+02
9.997149e-01 1.113102e-03 -2.384820e-02 -3.290462e+00 -1.080680e-03 9.999985e-01 1.372172e-03 -4.447841e+00 2.384978e-02 -1.346014e-03 9.997146e-01 1.833949e+02
9.996773e-01 -1.311061e-03 2.536793e-02 -3.336267e+00 1.347513e-03 9.999981e-01 -1.419770e-03 -4.481441e+00 -2.536593e-02 1.453489e-03 9.996771e-01 1.848078e+02
9.997126e-01 1.130587e-03 -2.394620e-02 -3.364177e+00 -1.098018e-03 9.999985e-01 1.373031e-03 -4.511653e+00 2.394781e-02 -1.346349e-03 9.997122e-01 1.860518e+02
9.997760e-01 -1.141164e-03 2.113451e-02 -3.374474e+00 1.168185e-03 9.999985e-01 -1.266071e-03 -4.534426e+00 -2.113294e-02 1.290470e-03 9.997758e-01 1.869405e+02
9.997265e-01 1.111249e-03 -2.336002e-02 -3.350913e+00 -1.080319e-03 9.999985e-01 1.336452e-03 -4.557843e+00 2.336157e-02 -1.310856e-03 9.997262e-01 1.878073e+02
9.997261e-01 -1.201948e-03 2.337135e-02 -3.350597e+00 1.233812e-03 9.999983e-01 -1.348845e-03 -4.584177e+00 -2.336960e-02 1.377305e-03 9.997259e-01 1.888408e+02
9.996805e-01 1.174411e-03 -2.524773e-02 -3.359485e+00 -1.139006e-03 9.999983e-01 1.416473e-03 -4.605760e+00 2.524944e-02 -1.387269e-03 9.996802e-01 1.896861e+02
9.997903e-01 -1.110853e-03 2.044538e-02 -3.372271e+00 1.136612e-03 9.999986e-01 -1.248129e-03 -4.625954e+00 -2.044387e-02 1.271099e-03 9.997901e-01 1.904816e+02
9.997989e-01 9.779976e-04 -2.002954e-02 -3.392185e+00 -9.539664e-04 9.999988e-01 1.209109e-03 -4.650396e+00 2.003079e-02 -1.189765e-03 9.997986e-01 1.914700e+02
9.997664e-01 -1.178381e-03 2.157955e-02 -3.433500e+00 1.206358e-03 9.999984e-01 -1.283275e-03 -4.679297e+00 -2.157792e-02 1.309002e-03 9.997662e-01 1.926831e+02
9.997939e-01 9.931836e-04 -2.027810e-02 -3.478004e+00 -9.687308e-04 9.999988e-01 1.215460e-03 -4.706389e+00 2.027937e-02 -1.195571e-03 9.997936e-01 1.938264e+02
9.997043e-01 -1.294746e-03 2.427937e-02 -3.500883e+00 1.329738e-03 9.999981e-01 -1.425000e-03 -4.727423e+00 -2.427739e-02 1.456858e-03 9.997041e-01 1.946877e+02
9.997249e-01 1.148905e-03 -2.342618e-02 -3.518193e+00 -1.117131e-03 9.999984e-01 1.369226e-03 -4.749411e+00 2.342781e-02 -1.342685e-03 9.997246e-01 1.955749e+02
9.997103e-01 -1.278636e-03 2.403535e-02 -3.552934e+00 1.312919e-03 9.999981e-01 -1.410462e-03 -4.775815e+00 -2.403341e-02 1.441604e-03 9.997100e-01 1.966723e+02
9.997315e-01 1.133628e-03 -2.314356e-02 -3.573548e+00 -1.102377e-03 9.999985e-01 1.362824e-03 -4.802357e+00 2.314517e-02 -1.336951e-03 9.997312e-01 1.977538e+02
9.996966e-01 -1.318756e-03 2.459680e-02 -3.598675e+00 1.354449e-03 9.999981e-01 -1.434353e-03 -4.827911e+00 -2.459477e-02 1.467227e-03 9.996964e-01 1.988009e+02
9.997067e-01 1.202452e-03 -2.418601e-02 -3.636208e+00 -1.168780e-03 9.999983e-01 1.406089e-03 -4.854776e+00 2.418775e-02 -1.377414e-03 9.997064e-01 1.999226e+02
9.996844e-01 -1.345452e-03 2.508595e-02 -3.664795e+00 1.382416e-03 9.999980e-01 -1.456042e-03 -4.881120e+00 -2.508385e-02 1.490256e-03 9.996842e-01 2.010096e+02
9.996971e-01 1.225213e-03 -2.457855e-02 -3.692921e+00 -1.190770e-03 9.999983e-01 1.415746e-03 -4.904437e+00 2.458033e-02 -1.386056e-03 9.996968e-01 2.019683e+02
9.997058e-01 -1.294135e-03 2.421906e-02 -3.740125e+00 1.329029e-03 9.999981e-01 -1.424547e-03 -4.929718e+00 -2.421708e-02 1.456309e-03 9.997056e-01 2.030383e+02
9.997083e-01 1.187718e-03 -2.412091e-02 -3.770182e+00 -1.153766e-03 9.999983e-01 1.421291e-03 -4.958979e+00 2.412265e-02 -1.393053e-03 9.997080e-01 2.042434e+02
9.997062e-01 -1.291646e-03 2.420272e-02 -3.779228e+00 1.326214e-03 9.999981e-01 -1.412071e-03 -4.991451e+00 -2.420076e-02 1.443748e-03 9.997060e-01 2.055479e+02
9.997280e-01 1.140167e-03 -2.329273e-02 -3.800911e+00 -1.108435e-03 9.999984e-01 1.374987e-03 -5.020210e+00 2.329435e-02 -1.348801e-03 9.997277e-01 2.067216e+02
9.997453e-01 -1.213127e-03 2.253649e-02 -3.854483e+00 1.243619e-03 9.999983e-01 -1.338848e-03 -5.054508e+00 -2.253474e-02 1.366528e-03 9.997451e-01 2.081730e+02
9.997386e-01 1.129202e-03 -2.283429e-02 -3.907009e+00 -1.098854e-03 9.999985e-01 1.341371e-03 -5.084380e+00 2.283586e-02 -1.315935e-03 9.997383e-01 2.094441e+02
9.996969e-01 -1.336624e-03 2.458239e-02 -3.992241e+00 1.372004e-03 9.999980e-01 -1.422265e-03 -5.114846e+00 -2.458034e-02 1.455555e-03 9.996967e-01 2.108007e+02
9.997184e-01 1.187977e-03 -2.369916e-02 -4.086101e+00 -1.155498e-03 9.999984e-01 1.383935e-03 -5.148416e+00 2.370086e-02 -1.356167e-03 9.997181e-01 2.122997e+02
9.996950e-01 -1.334933e-03 2.465778e-02 -4.157823e+00 1.370622e-03 9.999980e-01 -1.430343e-03 -5.179859e+00 -2.465573e-02 1.463697e-03 9.996949e-01 2.136730e+02
9.997374e-01 1.124917e-03 -2.288748e-02 -4.204328e+00 -1.094105e-03 9.999985e-01 1.358532e-03 -5.209122e+00 2.288907e-02 -1.333140e-03 9.997371e-01 2.149133e+02
9.997292e-01 -1.242367e-03 2.323683e-02 -4.276210e+00 1.274928e-03 9.999982e-01 -1.386314e-03 -5.239922e+00 -2.323498e-02 1.415558e-03 9.997290e-01 2.162586e+02
9.997287e-01 1.142060e-03 -2.326329e-02 -4.376459e+00 -1.110338e-03 9.999984e-01 1.376268e-03 -5.271947e+00 2.326492e-02 -1.350070e-03 9.997284e-01 2.177025e+02
9.997185e-01 -1.265481e-03 2.369002e-02 -4.451130e+00 1.298984e-03 9.999982e-01 -1.398704e-03 -5.304694e+00 -2.368812e-02 1.429077e-03 9.997183e-01 2.191324e+02
9.997088e-01 1.184042e-03 -2.410081e-02 -4.515518e+00 -1.150185e-03 9.999983e-01 1.418439e-03 -5.337538e+00 2.410254e-02 -1.390311e-03 9.997085e-01 2.205444e+02
9.997224e-01 -1.255923e-03 2.352801e-02 -4.600428e+00 1.289687e-03 9.999982e-01 -1.419788e-03 -5.365741e+00 -2.352609e-02 1.449731e-03 9.997221e-01 2.217985e+02
9.997144e-01 1.178954e-03 -2.386841e-02 -4.694403e+00 -1.145872e-03 9.999984e-01 1.399467e-03 -5.391112e+00 2.387011e-02 -1.371724e-03 9.997141e-01 2.229527e+02
9.997373e-01 -1.229024e-03 2.288758e-02 -4.769104e+00 1.261166e-03 9.999982e-01 -1.389785e-03 -5.416225e+00 -2.288574e-02 1.418279e-03 9.997370e-01 2.240601e+02
9.997117e-01 1.177852e-03 -2.398230e-02 -4.841079e+00 -1.144213e-03 9.999983e-01 1.416160e-03 -5.443730e+00 2.398402e-02 -1.388317e-03 9.997113e-01 2.252613e+02
9.997229e-01 -1.247853e-03 2.350376e-02 -4.910609e+00 1.281535e-03 9.999982e-01 -1.417855e-03 -5.471560e+00 -2.350186e-02 1.447576e-03 9.997227e-01 2.264753e+02
9.997130e-01 1.168868e-03 -2.392586e-02 -5.005795e+00 -1.135462e-03 9.999984e-01 1.409585e-03 -5.499388e+00 2.392756e-02 -1.382020e-03 9.997127e-01 2.277330e+02
9.997239e-01 -1.243657e-03 2.346389e-02 -5.089506e+00 1.277163e-03 9.999982e-01 -1.412898e-03 -5.528178e+00 -2.346199e-02 1.442469e-03 9.997236e-01 2.290109e+02
9.996965e-01 1.195974e-03 -2.460446e-02 -5.138341e+00 -1.160546e-03 9.999983e-01 1.453966e-03 -5.557576e+00 2.460625e-02 -1.424976e-03 9.996961e-01 2.302517e+02
9.997341e-01 -1.222666e-03 2.302435e-02 -5.168873e+00 1.255273e-03 9.999982e-01 -1.401641e-03 -5.584083e+00 -2.302251e-02 1.430164e-03 9.997339e-01 2.313402e+02
9.996921e-01 1.190186e-03 -2.478243e-02 -5.203404e+00 -1.154075e-03 9.999983e-01 1.471196e-03 -5.611911e+00 2.478423e-02 -1.442149e-03 9.996917e-01 2.324894e+02
9.997113e-01 -1.246303e-03 2.399550e-02 -5.246306e+00 1.281543e-03 9.999981e-01 -1.453098e-03 -5.639583e+00 -2.399356e-02 1.483423e-03 9.997109e-01 2.336503e+02
9.997049e-01 1.168004e-03 -2.426177e-02 -5.302794e+00 -1.133236e-03 9.999983e-01 1.446529e-03 -5.666850e+00 2.426351e-02 -1.418614e-03 9.997045e-01 2.348197e+02
9.997125e-01 -1.246586e-03 2.394185e-02 -5.352164e+00 1.281589e-03 9.999981e-01 -1.446562e-03 -5.695191e+00 -2.393991e-02 1.476824e-03 9.997122e-01 2.360209e+02
9.996998e-01 1.176897e-03 -2.447273e-02 -5.390674e+00 -1.141327e-03 9.999983e-01 1.467170e-03 -5.725256e+00 2.447450e-02 -1.438804e-03 9.996994e-01 2.372746e+02
9.997163e-01 -1.239849e-03 2.378665e-02 -5.407154e+00 1.274518e-03 9.999981e-01 -1.442195e-03 -5.754369e+00 -2.378472e-02 1.472096e-03 9.997159e-01 2.384519e+02
9.996720e-01 1.226930e-03 -2.557815e-02 -5.354405e+00 -1.188935e-03 9.999982e-01 1.500423e-03 -5.781929e+00 2.558004e-02 -1.469526e-03 9.996716e-01 2.394393e+02
9.997997e-01 -1.135738e-03 1.998185e-02 -5.222251e+00 1.162124e-03 9.999985e-01 -1.308759e-03 -5.808066e+00 -1.998024e-02 1.331712e-03 9.997994e-01 2.402248e+02
9.997707e-01 1.107995e-03 -2.138279e-02 -5.142673e+00 -1.079696e-03 9.999985e-01 1.334757e-03 -5.836379e+00 2.138433e-02 -1.311370e-03 9.997704e-01 2.412020e+02
9.997904e-01 -1.147644e-03 2.044005e-02 -5.061331e+00 1.175059e-03 9.999984e-01 -1.329089e-03 -5.864144e+00 -2.043840e-02 1.352822e-03 9.997901e-01 2.421581e+02
9.997780e-01 1.070529e-03 -2.104294e-02 -5.047969e+00 -1.042250e-03 9.999985e-01 1.354601e-03 -5.893061e+00 2.104445e-02 -1.332375e-03 9.997776e-01 2.432785e+02
9.997874e-01 -1.153690e-03 2.058529e-02 -5.012526e+00 1.181358e-03 9.999984e-01 -1.331729e-03 -5.924006e+00 -2.058363e-02 1.355759e-03 9.997871e-01 2.444473e+02
9.997723e-01 1.093288e-03 -2.130912e-02 -4.945001e+00 -1.064746e-03 9.999985e-01 1.350533e-03 -5.954986e+00 2.131066e-02 -1.327543e-03 9.997720e-01 2.455574e+02
9.997884e-01 -1.141583e-03 2.053771e-02 -4.863255e+00 1.170074e-03 9.999984e-01 -1.375059e-03 -5.979955e+00 -2.053601e-02 1.398792e-03 9.997881e-01 2.464026e+02
9.997630e-01 1.119245e-03 -2.173997e-02 -4.772728e+00 -1.090169e-03 9.999985e-01 1.349030e-03 -6.003809e+00 2.174154e-02 -1.325016e-03 9.997627e-01 2.471823e+02
9.998239e-01 -9.059651e-04 1.874472e-02 -4.016088e+00 9.321487e-04 9.999986e-01 -1.387945e-03 -6.053207e+00 -1.874335e-02 1.405167e-03 9.998233e-01 2.479790e+02
9.997920e-01 1.270729e-03 -2.035586e-02 -2.591839e+00 -1.246625e-03 9.999985e-01 1.196550e-03 -6.123635e+00 2.035744e-02 -1.170932e-03 9.997920e-01 2.486189e+02
9.997964e-01 -1.100151e-03 2.014685e-02 -1.750303e+00 1.127386e-03 9.999985e-01 -1.340321e-03 -6.171684e+00 -2.014525e-02 1.362755e-03 9.997961e-01 2.492580e+02
9.997931e-01 1.329459e-03 -2.029722e-02 -7.650335e-01 -1.306435e-03 9.999985e-01 1.147361e-03 -6.220354e+00 2.029881e-02 -1.120613e-03 9.997933e-01 2.497074e+02
9.998260e-01 -1.077092e-03 1.861904e-02 2.097603e-01 1.101409e-03 9.999986e-01 -1.295576e-03 -6.275425e+00 -1.861753e-02 1.315851e-03 9.998257e-01 2.504145e+02
9.997274e-01 1.471411e-03 -2.329862e-02 1.378115e+00 -1.442373e-03 9.999982e-01 1.262885e-03 -6.338030e+00 2.330053e-02 -1.228942e-03 9.997277e-01 2.511169e+02
9.998442e-01 -9.803096e-04 1.762039e-02 2.881265e+00 1.003179e-03 9.999987e-01 -1.288862e-03 -6.409808e+00 -1.761901e-02 1.306331e-03 9.998438e-01 2.516860e+02
9.997118e-01 1.564301e-03 -2.395424e-02 4.724911e+00 -1.535252e-03 9.999981e-01 1.230827e-03 -6.494310e+00 2.395620e-02 -1.193702e-03 9.997122e-01 2.522632e+02
9.998499e-01 -9.116311e-04 1.730016e-02 6.762647e+00 9.343908e-04 9.999987e-01 -1.307310e-03 -6.584710e+00 -1.729886e-02 1.323272e-03 9.998494e-01 2.527950e+02
9.997074e-01 1.534517e-03 -2.413912e-02 8.725420e+00 -1.504808e-03 9.999981e-01 1.248693e-03 -6.674339e+00 2.414108e-02 -1.212009e-03 9.997078e-01 2.533939e+02
9.998554e-01 -8.865769e-04 1.697946e-02 1.067077e+01 9.083110e-04 9.999988e-01 -1.272127e-03 -6.765343e+00 -1.697822e-02 1.287359e-03 9.998550e-01 2.540685e+02
9.997184e-01 1.581817e-03 -2.367810e-02 1.295568e+01 -1.555008e-03 9.999981e-01 1.150439e-03 -6.865490e+00 2.367997e-02 -1.113302e-03 9.997189e-01 2.546303e+02
9.998498e-01 -8.939668e-04 1.730791e-02 1.505254e+01 9.159232e-04 9.999988e-01 -1.260472e-03 -6.963919e+00 -1.730667e-02 1.276129e-03 9.998493e-01 2.553888e+02
9.997199e-01 1.492613e-03 -2.361822e-02 1.675835e+01 -1.464045e-03 9.999982e-01 1.226640e-03 -7.049531e+00 2.362010e-02 -1.191725e-03 9.997202e-01 2.562038e+02
9.998370e-01 -9.644582e-04 1.802878e-02 1.828574e+01 9.874945e-04 9.999987e-01 -1.268686e-03 -7.127212e+00 -1.802744e-02 1.286276e-03 9.998366e-01 2.569680e+02
9.997060e-01 1.525906e-03 -2.419901e-02 1.995167e+01 -1.496520e-03 9.999981e-01 1.232251e-03 -7.209787e+00 2.420094e-02 -1.195680e-03 9.997063e-01 2.577170e+02
9.998548e-01 -9.421303e-04 1.701181e-02 2.150996e+01 9.624328e-04 9.999988e-01 -1.185072e-03 -7.289345e+00 -1.701059e-02 1.201266e-03 9.998545e-01 2.584950e+02
9.997334e-01 1.455485e-03 -2.304066e-02 2.302409e+01 -1.429040e-03 9.999983e-01 1.163999e-03 -7.363887e+00 2.304241e-02 -1.130769e-03 9.997338e-01 2.591516e+02
9.998595e-01 -9.567307e-04 1.673097e-02 2.439841e+01 9.759705e-04 9.999989e-01 -1.141606e-03 -7.434606e+00 -1.672977e-02 1.157769e-03 9.998593e-01 2.598525e+02
9.996729e-01 1.537247e-03 -2.552980e-02 2.582084e+01 -1.504696e-03 9.999980e-01 1.294008e-03 -7.508090e+00 2.553182e-02 -1.255176e-03 9.996731e-01 2.605702e+02
9.998392e-01 -9.278279e-04 1.790443e-02 2.752691e+01 9.504655e-04 9.999988e-01 -1.255693e-03 -7.590632e+00 -1.790315e-02 1.272502e-03 9.998388e-01 2.612466e+02
9.997002e-01 1.464131e-03 -2.443859e-02 2.903482e+01 -1.433518e-03 9.999982e-01 1.269959e-03 -7.666604e+00 2.444050e-02 -1.234552e-03 9.997005e-01 2.619620e+02
9.998375e-01 -9.287327e-04 1.800231e-02 3.050970e+01 9.513646e-04 9.999988e-01 -1.248450e-03 -7.741373e+00 -1.800104e-02 1.265368e-03 9.998371e-01 2.626753e+02
9.996888e-01 1.537944e-03 -2.489583e-02 3.236435e+01 -1.507997e-03 9.999981e-01 1.221482e-03 -7.827218e+00 2.489775e-02 -1.183565e-03 9.996892e-01 2.632809e+02
9.998167e-01 -9.254772e-04 1.912327e-02 3.431017e+01 9.510728e-04 9.999987e-01 -1.329225e-03 -7.915340e+00 -1.912193e-02 1.347163e-03 9.998162e-01 2.638632e+02
9.996804e-01 1.561511e-03 -2.523136e-02 3.641849e+01 -1.531650e-03 9.999981e-01 1.202632e-03 -8.006804e+00 2.523327e-02 -1.163608e-03 9.996808e-01 2.643434e+02
9.998234e-01 -8.849215e-04 1.876968e-02 3.861431e+01 9.099800e-04 9.999987e-01 -1.326377e-03 -8.101622e+00 -1.876839e-02 1.343216e-03 9.998229e-01 2.648259e+02
9.996757e-01 1.600472e-03 -2.541349e-02 4.098046e+01 -1.571022e-03 9.999981e-01 1.178606e-03 -8.203749e+00 2.541541e-02 -1.138305e-03 9.996763e-01 2.653510e+02
9.998318e-01 -8.299463e-04 1.832251e-02 4.353986e+01 8.544977e-04 9.999987e-01 -1.331995e-03 -8.310905e+00 -1.832130e-02 1.347422e-03 9.998312e-01 2.657949e+02
9.996778e-01 1.607678e-03 -2.533030e-02 4.616270e+01 -1.579039e-03 9.999981e-01 1.150421e-03 -8.421695e+00 2.533219e-02 -1.110059e-03 9.996784e-01 2.662915e+02
9.998188e-01 -8.806358e-04 1.901222e-02 4.845989e+01 9.056314e-04 9.999987e-01 -1.305971e-03 -8.523830e+00 -1.901096e-02 1.322946e-03 9.998183e-01 2.669176e+02
9.996864e-01 1.542544e-03 -2.499262e-02 5.053236e+01 -1.513683e-03 9.999982e-01 1.173532e-03 -8.618554e+00 2.499447e-02 -1.135339e-03 9.996869e-01 2.675766e+02
9.998224e-01 -8.384417e-04 1.882365e-02 5.281511e+01 8.635890e-04 9.999987e-01 -1.327684e-03 -8.717291e+00 -1.882243e-02 1.343698e-03 9.998219e-01 2.680956e+02
9.996661e-01 1.558854e-03 -2.579280e-02 5.525218e+01 -1.528960e-03 9.999981e-01 1.178556e-03 -8.818970e+00 2.579468e-02 -1.138732e-03 9.996665e-01 2.684995e+02
9.998151e-01 -8.615523e-04 1.920838e-02 5.755036e+01 8.870905e-04 9.999987e-01 -1.320887e-03 -8.915989e+00 -1.920714e-02 1.337676e-03 9.998146e-01 2.689235e+02
9.996847e-01 1.470075e-03 -2.506421e-02 5.952515e+01 -1.440827e-03 9.999983e-01 1.184788e-03 -9.002371e+00 2.506599e-02 -1.148308e-03 9.996851e-01 2.693999e+02
9.998162e-01 -9.032767e-04 1.915001e-02 6.126387e+01 9.275299e-04 9.999988e-01 -1.257482e-03 -9.081604e+00 -1.914877e-02 1.275007e-03 9.998158e-01 2.699263e+02
9.996690e-01 1.514781e-03 -2.568368e-02 6.323216e+01 -1.484653e-03 9.999982e-01 1.191937e-03 -9.168400e+00 2.568552e-02 -1.153417e-03 9.996693e-01 2.704170e+02
9.997994e-01 -8.808942e-04 2.000828e-02 6.537779e+01 9.081383e-04 9.999987e-01 -1.352448e-03 -9.258392e+00 -2.000698e-02 1.370341e-03 9.997988e-01 2.707968e+02
9.996406e-01 1.567628e-03 -2.676288e-02 6.777447e+01 -1.535778e-03 9.999981e-01 1.210450e-03 -9.355977e+00 2.676481e-02 -1.168919e-03 9.996410e-01 2.711017e+02
