9.999978e-01 -3.447733e-05 -2.113140e-03 -4.338387e-02 3.456449e-05 1.000000e+00 4.120332e-05 -2.442119e-02 2.113138e-03 -4.127579e-05 9.999977e-01 1.017683e+00
9.999958e-01 6.771033e-05 -2.886793e-03 -8.075283e-02 -6.735697e-05 1.000000e+00 1.224975e-04 -4.797592e-02 2.886801e-03 -1.223020e-04 9.999957e-01 1.992111e+00
9.999942e-01 -9.600842e-07 -3.409654e-03 -1.241134e-01 1.252961e-06 1.000000e+00 8.588821e-05 -7.099247e-02 3.409652e-03 -8.589146e-05 9.999941e-01 2.934865e+00
9.999320e-01 3.100695e-04 -1.165810e-02 -1.721961e-01 -3.048611e-04 9.999999e-01 4.485331e-04 -8.818058e-02 1.165823e-02 -4.449480e-04 9.999318e-01 3.662043e+00
9.999868e-01 3.662394e-05 -5.143663e-03 -2.026958e-01 -3.570636e-05 1.000000e+00 1.784753e-04 -1.096239e-01 5.143665e-03 -1.782886e-04 9.999867e-01 4.529805e+00
9.999953e-01 -8.270439e-05 3.065643e-03 -2.319078e-01 8.312798e-05 1.000000e+00 -1.380338e-04 -1.327194e-01 -3.065636e-03 1.382887e-04 9.999952e-01 5.468143e+00
9.999907e-01 2.310183e-05 -4.312769e-03 -2.567082e-01 -2.257394e-05 1.000000e+00 1.224435e-04 -1.519306e-01 4.312767e-03 -1.223444e-04 9.999906e-01 6.243386e+00
9.999940e-01 -1.078469e-04 3.470466e-03 -2.659249e-01 1.083139e-04 1.000000e+00 -1.343840e-04 -1.757999e-01 -3.470457e-03 1.347598e-04 9.999939e-01 7.187795e+00
9.997327e-01 5.541548e-04 -2.311463e-02 -3.025463e-01 -5.341314e-04 9.999995e-01 8.724299e-04 -1.955841e-01 2.311510e-02 -8.598497e-04 9.997323e-01 7.989217e+00
9.999313e-01 -3.248201e-04 1.171368e-02 -3.544162e-01 3.304801e-04 9.999998e-01 -4.812585e-04 -2.152733e-01 -1.171353e-02 4.850974e-04 9.999312e-01 8.828858e+00
9.999436e-01 1.382218e-04 -1.062012e-02 -4.060239e-01 -1.342169e-04 9.999999e-01 3.778076e-04 -2.359660e-01 1.062016e-02 -3.763602e-04 9.999434e-01 9.719225e+00
9.999296e-01 -3.207695e-04 1.185718e-02 -5.201765e-01 3.270737e-04 9.999998e-01 -5.297418e-04 -2.508835e-01 -1.185702e-02 5.335834e-04 9.999295e-01 1.047236e+01
9.999190e-01 2.488709e-04 -1.272277e-02 -5.754355e-01 -2.425895e-04 9.999998e-01 4.952521e-04 -2.701590e-01 1.272288e-02 -4.921248e-04 9.999188e-01 1.130376e+01
9.999272e-01 -3.378904e-04 1.205753e-02 -6.343847e-01 3.440981e-04 9.999998e-01 -5.127593e-04 -2.970278e-01 -1.205737e-02 5.168717e-04 9.999271e-01 1.245584e+01
9.999147e-01 2.775810e-04 -1.306052e-02 -6.682161e-01 -2.710468e-04 9.999998e-01 5.020635e-04 -3.193175e-01 1.306065e-02 -4.984800e-04 9.999145e-01 1.337359e+01
9.999125e-01 -3.961001e-04 1.321893e-02 -6.693157e-01 4.040018e-04 9.999997e-01 -5.950881e-04 -3.336718e-01 -1.321870e-02 6.003772e-04 9.999123e-01 1.391857e+01
9.999211e-01 2.795171e-04 -1.255831e-02 -7.739477e-01 -2.738746e-04 9.999999e-01 4.510168e-04 -3.353821e-01 1.255843e-02 -4.475411e-04 9.999209e-01 1.413629e+01
9.999855e-01 -9.017498e-05 5.380079e-03 -8.522268e-01 9.182042e-05 9.999999e-01 -3.055833e-04 -3.368850e-01 -5.380060e-03 3.060735e-04 9.999854e-01 1.428694e+01
9.998839e-01 3.059579e-04 -1.523752e-02 -8.752733e-01 -2.966598e-04 9.999998e-01 6.124606e-04 -3.485587e-01 1.523769e-02 -6.078684e-04 9.998836e-01 1.473765e+01
9.999790e-01 -1.334002e-04 6.483814e-03 -8.892822e-01 1.353794e-04 9.999999e-01 -3.047963e-04 -3.663631e-01 -6.483784e-03 3.056684e-04 9.999788e-01 1.542140e+01
9.999546e-01 1.660034e-04 -9.526481e-03 -8.850771e-01 -1.625255e-04 9.999999e-01 3.658441e-04 -3.822655e-01 9.526530e-03 -3.642784e-04 9.999545e-01 1.602050e+01
9.999813e-01 -1.130408e-04 6.119852e-03 -8.499124e-01 1.147731e-04 1.000000e+00 -2.826951e-04 -3.942483e-01 -6.119831e-03 2.833930e-04 9.999811e-01 1.640533e+01
9.998697e-01 3.627459e-04 -1.614128e-02 -8.014636e-01 -3.530754e-04 9.999998e-01 6.019562e-04 -4.070828e-01 1.614148e-02 -5.961778e-04 9.998694e-01 1.680307e+01
9.999623e-01 -2.457029e-04 8.679086e-03 -7.572380e-01 2.486853e-04 9.999999e-01 -3.425393e-04 -4.261638e-01 -8.679014e-03 3.446856e-04 9.999622e-01 1.742970e+01
9.993716e-01 9.040363e-04 -3.543307e-02 -7.770449e-01 -8.573491e-04 9.999987e-01 1.332786e-03 -4.408070e-01 3.543421e-02 -1.301569e-03 9.993711e-01 1.797483e+01
9.998447e-01 -4.891498e-04 1.761884e-02 -8.170809e-01 5.010794e-04 9.999996e-01 -6.726805e-04 -4.586773e-01 -1.761852e-02 6.814054e-04 9.998445e-01 1.871203e+01
9.998170e-01 4.400410e-04 -1.912403e-02 -8.523325e-01 -4.269545e-04 9.999997e-01 6.883702e-04 -4.821849e-01 1.912431e-02 -6.800781e-04 9.998168e-01 1.968290e+01
9.998355e-01 -4.761270e-04 1.813327e-02 -7.081963e-01 4.885948e-04 9.999996e-01 -6.831360e-04 -4.986430e-01 -1.813296e-02 6.918844e-04 9.998352e-01 2.009223e+01
9.998352e-01 5.175847e-04 -1.814762e-02 -9.114670e-01 -5.074789e-04 9.999997e-01 5.614610e-04 -4.662299e-01 1.814789e-02 -5.521579e-04 9.998351e-01 1.926288e+01
9.998014e-01 -5.310054e-04 1.992306e-02 -1.713011e+00 5.512134e-04 9.999993e-01 -1.008821e-03 -4.050440e-01 -1.992253e-02 1.019603e-03 9.998009e-01 1.819593e+01
9.998363e-01 5.682494e-04 -1.808278e-02 -2.532337e+00 -5.580434e-04 9.999997e-01 5.694405e-04 -3.353830e-01 1.808308e-02 -5.592554e-04 9.998362e-01 1.686546e+01
9.998153e-01 -4.849659e-04 1.921493e-02 -3.312412e+00 5.035326e-04 9.999994e-01 -9.614323e-04 -2.704588e-01 -1.921447e-02 9.709309e-04 9.998148e-01 1.564420e+01
9.998170e-01 5.052331e-04 -1.912121e-02 -3.916880e+00 -4.928859e-04 9.999997e-01 6.504369e-04 -2.286569e-01 1.912151e-02 -6.408925e-04 9.998169e-01 1.498833e+01
9.998149e-01 -4.958216e-04 1.923356e-02 -4.593295e+00 5.152010e-04 9.999994e-01 -1.002637e-03 -1.887417e-01 -1.923307e-02 1.012362e-03 9.998144e-01 1.449250e+01
9.998045e-01 5.647867e-04 -1.976696e-02 -5.311991e+00 -5.518227e-04 9.999996e-01 6.612859e-04 -1.449278e-01 1.976731e-02 -6.502480e-04 9.998043e-01 1.391085e+01
9.997881e-01 -4.705761e-04 2.058182e-02 -6.105032e+00 4.925104e-04 9.999993e-01 -1.060652e-03 -8.369236e-02 -2.058133e-02 1.070564e-03 9.997875e-01 1.283272e+01
9.997961e-01 6.045175e-04 -2.018271e-02 -6.964771e+00 -5.914799e-04 9.999996e-01 6.519363e-04 -1.961292e-02 2.018308e-02 -6.398651e-04 9.997960e-01 1.174429e+01
9.997937e-01 -4.856108e-04 2.030463e-02 -7.763909e+00 5.064975e-04 9.999993e-01 -1.023533e-03 3.868832e-02 -2.030414e-02 1.033607e-03 9.997932e-01 1.077091e+01
9.997899e-01 5.045253e-04 -2.049191e-02 -8.470779e+00 -4.908844e-04 9.999997e-01 6.706968e-04 7.951685e-02 2.049222e-02 -6.604961e-04 9.997897e-01 1.028423e+01
9.997780e-01 -5.293737e-04 2.106122e-02 -9.230663e+00 5.520958e-04 9.999993e-01 -1.073058e-03 1.234808e-01 -2.106065e-02 1.084448e-03 9.997775e-01 9.765826e+00
9.997934e-01 4.270122e-04 -2.032207e-02 -9.884420e+00 -4.127416e-04 9.999997e-01 7.064075e-04 1.510242e-01 2.032234e-02 -6.978733e-04 9.997931e-01 9.691410e+00
9.997746e-01 -5.544071e-04 2.122143e-02 -1.020470e+01 5.746735e-04 9.999994e-01 -9.489073e-04 1.466975e-01 -2.122090e-02 9.608893e-04 9.997743e-01 1.034589e+01
9.997926e-01 3.934837e-04 -2.036168e-02 -1.027935e+01 -3.759003e-04 9.999996e-01 8.673699e-04 1.219049e-01 2.036199e-02 -8.595356e-04 9.997922e-01 1.145541e+01
9.997456e-01 -6.186103e-04 2.254724e-02 -1.031036e+01 6.410644e-04 9.999993e-01 -9.886519e-04 9.508434e-02 -2.254663e-02 1.002855e-03 9.997452e-01 1.257855e+01
9.998079e-01 3.340443e-04 -1.959541e-02 -1.047486e+01 -3.195783e-04 9.999997e-01 7.413571e-04 8.275798e-02 1.959563e-02 -7.349520e-04 9.998076e-01 1.332306e+01
9.997845e-01 -4.986241e-04 2.075126e-02 -1.055143e+01 5.164134e-04 9.999995e-01 -8.519101e-04 6.313067e-02 -2.075084e-02 8.624432e-04 9.997842e-01 1.421752e+01
9.997669e-01 4.575052e-04 -2.158674e-02 -1.074811e+01 -4.413674e-04 9.999996e-01 7.523338e-04 5.767416e-02 2.158706e-02 -7.426303e-04 9.997666e-01 1.471991e+01
9.998475e-01 -2.453256e-04 1.746280e-02 -1.125490e+01 2.604371e-04 9.999996e-01 -8.630813e-04 9.424811e-02 -1.746260e-02 8.674980e-04 9.998470e-01 1.412147e+01
9.995994e-01 7.113403e-04 -2.829428e-02 -1.172341e+01 -6.833256e-04 9.999993e-01 9.997746e-04 1.230267e-01 2.829495e-02 -9.800395e-04 9.995990e-01 1.373344e+01
9.999773e-01 4.481619e-05 6.736754e-03 -1.202856e+01 -4.253055e-05 9.999999e-01 -3.394127e-04 1.412271e-01 -6.736789e-03 3.391190e-04 9.999772e-01 1.349150e+01
9.993760e-01 8.954516e-04 -3.531038e-02 -1.226097e+01 -8.505790e-04 9.999988e-01 1.285803e-03 1.561856e-01 3.531147e-02 -1.254966e-03 9.993755e-01 1.327348e+01
9.999845e-01 2.718077e-04 -5.553337e-03 -1.234528e+01 -2.704768e-04 9.999999e-01 2.403835e-04 1.583592e-01 5.553375e-03 -2.388771e-04 9.999845e-01 1.329753e+01
9.995641e-01 6.475161e-04 -2.951495e-02 -1.241735e+01 -6.169617e-04 9.999993e-01 1.044310e-03 1.504507e-01 2.951558e-02 -1.025645e-03 9.995637e-01 1.367891e+01
9.999573e-01 3.687737e-04 -9.232492e-03 -1.250409e+01 -3.648894e-04 9.999998e-01 4.223861e-04 1.435777e-01 9.232613e-03 -4.189983e-04 9.999572e-01 1.402499e+01
9.992112e-01 9.226972e-04 -3.970089e-02 -1.256974e+01 -8.667829e-04 9.999986e-01 1.425574e-03 1.360464e-01 3.970212e-02 -1.390036e-03 9.992105e-01 1.437714e+01
9.999155e-01 4.747688e-04 -1.299033e-02 -1.264679e+01 -4.670626e-04 9.999997e-01 5.962331e-04 1.296091e-01 1.299057e-02 -5.901142e-04 9.999153e-01 1.469270e+01
9.992172e-01 9.497740e-04 -3.954926e-02 -1.270128e+01 -8.953019e-04 9.999986e-01 1.395003e-03 1.268819e-01 3.955048e-02 -1.358502e-03 9.992166e-01 1.484737e+01
9.999226e-01 4.620049e-04 -1.243421e-02 -1.276048e+01 -4.546580e-04 9.999997e-01 5.936478e-04 1.237413e-01 1.243442e-02 -5.879471e-04 9.999224e-01 1.501048e+01
9.991020e-01 1.004198e-03 -4.235688e-02 -1.283416e+01 -9.418462e-04 9.999984e-01 1.491984e-03 1.170576e-01 4.235826e-02 -1.450749e-03 9.991013e-01 1.533659e+01
9.999332e-01 4.369893e-04 -1.154992e-02 -1.291949e+01 -4.304462e-04 9.999997e-01 5.689345e-04 1.129770e-01 1.155010e-02 -5.639232e-04 9.999330e-01 1.557863e+01
9.989810e-01 1.104819e-03 -4.512004e-02 -1.300361e+01 -1.033800e-03 9.999982e-01 1.597285e-03 1.103679e-01 4.512166e-02 -1.549011e-03 9.989802e-01 1.576403e+01
9.999076e-01 4.826526e-04 -1.358639e-02 -1.308084e+01 -4.736545e-04 9.999997e-01 6.654343e-04 1.071349e-01 1.358663e-02 -6.589355e-04 9.999074e-01 1.595619e+01
9.991788e-01 9.760378e-04 -4.050708e-02 -1.314463e+01 -9.207496e-04 9.999986e-01 1.383516e-03 1.040796e-01 4.050830e-02 -1.345080e-03 9.991782e-01 1.613346e+01
9.999012e-01 4.863111e-04 -1.405021e-02 -1.318756e+01 -4.764029e-04 9.999996e-01 7.084642e-04 9.972157e-02 1.405048e-02 -7.016984e-04 9.999010e-01 1.631772e+01
9.991335e-01 1.021187e-03 -4.160639e-02 -1.323037e+01 -9.633535e-04 9.999985e-01 1.410009e-03 9.655515e-02 4.160768e-02 -1.368704e-03 9.991330e-01 1.647103e+01
9.999383e-01 3.903399e-04 -1.110126e-02 -1.325361e+01 -3.837185e-04 9.999997e-01 5.984650e-04 9.212248e-02 1.110141e-02 -5.941659e-04 9.999381e-01 1.663870e+01
9.991937e-01 1.004058e-03 -4.013544e-02 -1.328854e+01 -9.506809e-04 9.999986e-01 1.348961e-03 8.872484e-02 4.013666e-02 -1.309715e-03 9.991933e-01 1.677848e+01
9.999539e-01 3.394239e-04 -9.592368e-03 -1.332044e+01 -3.342383e-04 9.999998e-01 5.420402e-04 8.593647e-02 9.592461e-03 -5.388067e-04 9.999538e-01 1.690110e+01
9.995216e-01 7.829764e-04 -3.091789e-02 -1.334279e+01 -7.538074e-04 9.999993e-01 9.550290e-04 8.524367e-02 3.091852e-02 -9.312636e-04 9.995214e-01 1.694673e+01
9.999644e-01 3.173735e-04 -8.425260e-03 -1.331609e+01 -3.129997e-04 9.999998e-01 5.202528e-04 8.413174e-02 8.425331e-03 -5.175947e-04 9.999643e-01 1.693411e+01
9.998670e-01 3.957085e-04 -1.630473e-02 -1.330402e+01 -3.901355e-04 9.999999e-01 3.448784e-04 8.246456e-02 1.630478e-02 -3.384690e-04 9.998669e-01 1.697860e+01
9.999625e-01 -2.673124e-04 8.651705e-03 -1.333300e+01 2.687185e-04 1.000000e+00 -1.611574e-04 7.723459e-02 -8.651755e-03 1.634787e-04 9.999625e-01 1.722775e+01
9.998444e-01 2.888574e-04 -1.763837e-02 -1.332092e+01 -2.816618e-04 9.999999e-01 4.103334e-04 6.315856e-02 1.763840e-02 -4.052990e-04 9.998443e-01 1.772522e+01
9.999952e-01 -2.879916e-05 3.083541e-03 -1.334350e+01 2.861625e-05 1.000000e+00 5.994284e-05 5.010842e-02 -3.083637e-03 -5.985181e-05 9.999952e-01 1.824495e+01
9.997960e-01 -9.582299e-04 2.017136e-02 -1.329938e+01 9.812616e-04 9.999989e-01 -1.131846e-03 3.138411e-02 -2.017035e-02 1.151411e-03 9.997958e-01 1.891751e+01
9.999243e-01 -3.397226e-04 1.230034e-02 -1.324131e+01 3.441252e-04 9.999999e-01 -3.556731e-04 1.469881e-02 -1.230031e-02 3.598815e-04 9.999242e-01 1.949920e+01
9.998996e-01 -7.833060e-04 1.414726e-02 -1.323456e+01 7.957480e-04 9.999993e-01 -8.737365e-04 -1.727228e-03 -1.414666e-02 8.849089e-04 9.998995e-01 2.014711e+01
9.997959e-01 -5.890359e-04 2.019347e-02 -1.318314e+01 6.032262e-04 9.999996e-01 -6.965567e-04 -1.768860e-02 -2.019314e-02 7.085983e-04 9.997958e-01 2.071129e+01
9.999452e-01 -6.678813e-04 1.044650e-02 -1.314000e+01 6.752761e-04 9.999995e-01 -7.042145e-04 -3.463914e-02 -1.044611e-02 7.112326e-04 9.999451e-01 2.132424e+01
9.998770e-01 -4.215631e-04 1.567496e-02 -1.311100e+01 4.295700e-04 9.999998e-01 -5.073538e-04 -5.170297e-02 -1.567483e-02 5.140273e-04 9.998769e-01 2.195945e+01
9.999587e-01 -6.267936e-04 9.067199e-03 -1.307096e+01 6.324757e-04 9.999996e-01 -6.236513e-04 -7.120255e-02 -9.066891e-03 6.293628e-04 9.999586e-01 2.267486e+01
9.999353e-01 -2.520109e-04 1.137130e-02 -1.302866e+01 2.557103e-04 9.999999e-01 -3.237537e-04 -9.239221e-02 -1.137131e-02 3.266429e-04 9.999352e-01 2.345003e+01
9.999989e-01 -3.173852e-04 1.461857e-03 -1.295298e+01 3.178505e-04 9.999999e-01 -3.171741e-04 -1.121901e-01 -1.461840e-03 3.176408e-04 9.999988e-01 2.409807e+01
9.998278e-01 -5.191689e-04 1.854899e-02 -1.286678e+01 5.308631e-04 9.999997e-01 -6.254613e-04 -1.320765e-01 -1.854874e-02 6.352029e-04 9.998277e-01 2.474128e+01
9.999919e-01 -4.151720e-04 4.002702e-03 -1.279419e+01 4.168091e-04 9.999998e-01 -4.078571e-04 -1.530275e-01 -4.002613e-03 4.095245e-04 9.999918e-01 2.545903e+01
9.999927e-01 -1.465647e-05 3.823654e-03 -1.277681e+01 1.466678e-05 1.000000e+00 -2.357684e-06 -1.727822e-01 -3.823735e-03 2.416027e-06 9.999926e-01 2.620169e+01
9.999825e-01 -6.097911e-05 -5.918525e-03 -1.278378e+01 6.121196e-05 1.000000e+00 3.896106e-05 -1.923352e-01 5.918442e-03 -3.932037e-05 9.999824e-01 2.695493e+01
9.999313e-01 4.251914e-04 -1.171359e-02 -1.279283e+01 -4.183804e-04 9.999997e-01 5.838063e-04 -2.074202e-01 1.171375e-02 -5.788632e-04 9.999311e-01 2.751040e+01
9.998864e-01 2.047097e-04 -1.506863e-02 -1.284983e+01 -1.986744e-04 9.999999e-01 4.019330e-04 -2.200210e-01 1.506863e-02 -3.988912e-04 9.998863e-01 2.803083e+01
9.998775e-01 5.162790e-04 -1.564378e-02 -1.290911e+01 -5.048322e-04 9.999996e-01 7.355720e-04 -2.327569e-01 1.564406e-02 -7.275821e-04 9.998773e-01 2.857189e+01
9.998673e-01 2.780284e-04 -1.628524e-02 -1.295257e+01 -2.709974e-04 9.999999e-01 4.338596e-04 -2.412566e-01 1.628527e-02 -4.293864e-04 9.998672e-01 2.892294e+01
9.998989e-01 4.608683e-04 -1.421128e-02 -1.297847e+01 -4.513061e-04 9.999997e-01 6.759560e-04 -2.523899e-01 1.421150e-02 -6.694716e-04 9.998987e-01 2.935958e+01
9.999394e-01 1.098194e-04 -1.100521e-02 -1.300762e+01 -1.070593e-04 1.000000e+00 2.512459e-04 -2.665904e-01 1.100514e-02 -2.500500e-04 9.999393e-01 2.990622e+01
9.999312e-01 4.026782e-04 -1.171783e-02 -1.304460e+01 -3.960642e-04 9.999998e-01 5.666268e-04 -2.804963e-01 1.171797e-02 -5.619444e-04 9.999311e-01 3.046865e+01
9.999464e-01 7.797798e-05 -1.034916e-02 -1.306667e+01 -7.556111e-05 1.000000e+00 2.337675e-04 -2.981063e-01 1.034909e-02 -2.329705e-04 9.999463e-01 3.116612e+01
9.999688e-01 -1.248535e-04 7.898131e-03 -1.311110e+01 1.262908e-04 1.000000e+00 -1.812697e-04 -3.199258e-01 -7.898200e-03 1.822640e-04 9.999687e-01 3.208016e+01
9.999575e-01 5.119307e-05 -9.214173e-03 -1.316883e+01 -4.959719e-05 1.000000e+00 1.732491e-04 -3.419605e-01 9.214090e-03 -1.727822e-04 9.999575e-01 3.303094e+01
9.999591e-01 -1.638723e-04 9.038749e-03 -1.322680e+01 1.660417e-04 1.000000e+00 -2.390762e-04 -3.629495e-01 -9.038801e-03 2.405698e-04 9.999591e-01 3.394483e+01
9.999562e-01 4.914125e-05 -9.361156e-03 -1.330492e+01 -4.741351e-05 1.000000e+00 1.846113e-04 -3.859593e-01 9.361073e-03 -1.841569e-04 9.999561e-01 3.497664e+01
9.999575e-01 -1.733184e-04 9.215699e-03 -1.338066e+01 1.755169e-04 1.000000e+00 -2.375718e-04 -4.116233e-01 -9.215749e-03 2.391817e-04 9.999574e-01 3.611612e+01
9.999579e-01 4.046067e-05 -9.167843e-03 -1.344780e+01 -3.877076e-05 1.000000e+00 1.843286e-04 -4.384717e-01 9.167759e-03 -1.839629e-04 9.999579e-01 3.728954e+01
9.999581e-01 -1.673522e-04 9.152558e-03 -1.352065e+01 1.695465e-04 1.000000e+00 -2.387863e-04 -4.649509e-01 -9.152609e-03 2.403306e-04 9.999580e-01 3.845728e+01
9.999588e-01 3.404564e-05 -9.070658e-03 -1.359162e+01 -3.236010e-05 1.000000e+00 1.857882e-04 -4.924477e-01 9.070573e-03 -1.854845e-04 9.999588e-01 3.966413e+01
9.999511e-01 -2.100202e-04 9.887936e-03 -1.365195e+01 2.126929e-04 9.999999e-01 -2.690812e-04 -5.189928e-01 -9.887970e-03 2.711737e-04 9.999510e-01 4.081457e+01
9.999515e-01 7.971282e-05 -9.846373e-03 -1.371112e+01 -7.755496e-05 1.000000e+00 2.193677e-04 -5.458560e-01 9.846299e-03 -2.185909e-04 9.999514e-01 4.197308e+01
9.999550e-01 -1.952908e-04 9.478547e-03 -1.378919e+01 1.976467e-04 9.999999e-01 -2.474372e-04 -5.755054e-01 -9.478590e-03 2.493020e-04 9.999550e-01 4.327802e+01
9.999536e-01 6.924304e-05 -9.633842e-03 -1.386712e+01 -6.718091e-05 1.000000e+00 2.142029e-04 -6.057697e-01 9.633765e-03 -2.135432e-04 9.999535e-01 4.460898e+01
9.999521e-01 -2.021967e-04 9.781799e-03 -1.392193e+01 2.048741e-04 9.999999e-01 -2.725403e-04 -6.317513e-01 -9.781835e-03 2.745338e-04 9.999520e-01 4.572511e+01
9.999627e-01 6.591207e-06 -8.637766e-03 -1.396879e+01 -5.013298e-06 1.000000e+00 1.825057e-04 -6.582290e-01 8.637675e-03 -1.824530e-04 9.999626e-01 4.684953e+01
9.999549e-01 -1.886118e-04 9.491787e-03 -1.401814e+01 1.910571e-04 9.999999e-01 -2.565379e-04 -6.867411e-01 -9.491829e-03 2.583424e-04 9.999548e-01 4.806208e+01
9.999528e-01 6.611442e-05 -9.715644e-03 -1.406087e+01 -6.386061e-05 1.000000e+00 2.321166e-04 -7.164406e-01 9.715568e-03 -2.314826e-04 9.999527e-01 4.930994e+01
9.999562e-01 -1.794464e-04 9.359093e-03 -1.410052e+01 1.818672e-04 1.000000e+00 -2.576297e-04 -7.444034e-01 -9.359138e-03 2.593231e-04 9.999561e-01 5.048080e+01
9.999586e-01 3.563923e-05 -9.093374e-03 -1.414927e+01 -3.381319e-05 1.000000e+00 2.007811e-04 -7.715182e-01 9.093290e-03 -2.004628e-04 9.999586e-01 5.163410e+01
9.999389e-01 -2.826442e-04 1.105149e-02 -1.420285e+01 2.861303e-04 9.999999e-01 -3.137094e-04 -7.995339e-01 -1.105149e-02 3.168549e-04 9.999388e-01 5.283586e+01
9.999453e-01 1.200468e-04 -1.045477e-02 -1.426587e+01 -1.175040e-04 1.000000e+00 2.436712e-04 -8.269931e-01 1.045471e-02 -2.424268e-04 9.999452e-01 5.402920e+01
9.999439e-01 -2.564265e-04 1.058393e-02 -1.432947e+01 2.595410e-04 9.999999e-01 -2.927341e-04 -8.555121e-01 -1.058395e-02 2.954672e-04 9.999439e-01 5.526536e+01
9.999473e-01 1.085882e-04 -1.026310e-02 -1.439498e+01 -1.061291e-04 1.000000e+00 2.399918e-04 -8.851093e-01 1.026303e-02 -2.388874e-04 9.999472e-01 5.654989e+01
9.999444e-01 -2.531559e-04 1.053729e-02 -1.445978e+01 2.563052e-04 9.999999e-01 -2.973599e-04 -9.131720e-01 -1.053730e-02 3.000467e-04 9.999444e-01 5.776903e+01
9.999613e-01 1.401847e-05 -8.795033e-03 -1.452312e+01 -1.232712e-05 1.000000e+00 1.921726e-04 -9.412747e-01 8.794944e-03 -1.920542e-04 9.999612e-01 5.898913e+01
9.999611e-01 -1.423414e-04 8.814415e-03 -1.458535e+01 1.445058e-04 1.000000e+00 -2.447287e-04 -9.678133e-01 -8.814471e-03 2.459955e-04 9.999611e-01 6.013900e+01
9.999712e-01 -6.166993e-05 -7.588980e-03 -1.464222e+01 6.283313e-05 1.000000e+00 1.528156e-04 -9.949333e-01 7.588879e-03 -1.532855e-04 9.999711e-01 6.130698e+01
9.999591e-01 -1.621905e-04 9.039687e-03 -1.469325e+01 1.644164e-04 1.000000e+00 -2.453081e-04 -1.024443e+00 -9.039738e-03 2.467870e-04 9.999590e-01 6.256499e+01
9.999607e-01 1.993492e-05 -8.857168e-03 -1.475329e+01 -1.820996e-05 1.000000e+00 1.946451e-04 -1.053061e+00 8.857081e-03 -1.944736e-04 9.999607e-01 6.379930e+01
9.999617e-01 -1.533870e-04 8.750651e-03 -1.482620e+01 1.553712e-04 1.000000e+00 -2.258728e-04 -1.084562e+00 -8.750707e-03 2.272264e-04 9.999616e-01 6.517411e+01
9.999642e-01 4.243726e-06 -8.459655e-03 -1.488511e+01 -2.661581e-06 1.000000e+00 1.868355e-04 -1.117348e+00 8.459564e-03 -1.868037e-04 9.999641e-01 6.658019e+01
9.999596e-01 -1.681292e-04 8.981962e-03 -1.492559e+01 1.702108e-04 1.000000e+00 -2.307967e-04 -1.150250e+00 -8.982014e-03 2.323188e-04 9.999596e-01 6.795890e+01
9.999641e-01 8.638098e-06 -8.475099e-03 -1.496561e+01 -7.067264e-06 1.000000e+00 1.851787e-04 -1.182271e+00 8.475009e-03 -1.851095e-04 9.999640e-01 6.930013e+01
9.999625e-01 -1.527462e-04 8.660650e-03 -1.501643e+01 1.546481e-04 1.000000e+00 -2.187395e-04 -1.214910e+00 -8.660708e-03 2.200732e-04 9.999624e-01 7.068463e+01
9.999758e-01 -7.973010e-05 -6.957563e-03 -1.505610e+01 8.061770e-05 1.000000e+00 1.270503e-04 -1.245828e+00 6.957462e-03 -1.276055e-04 9.999757e-01 7.198193e+01
9.999700e-01 -1.010285e-04 7.745995e-03 -1.509122e+01 1.024348e-04 1.000000e+00 -1.809312e-04 -1.278386e+00 -7.746067e-03 1.817219e-04 9.999699e-01 7.333790e+01
9.999720e-01 -4.978336e-05 -7.479115e-03 -1.509998e+01 5.096898e-05 1.000000e+00 1.581077e-04 -1.311513e+00 7.479016e-03 -1.584819e-04 9.999719e-01 7.467188e+01
9.999660e-01 -1.275000e-04 8.241008e-03 -1.509904e+01 1.291324e-04 1.000000e+00 -1.973313e-04 -1.345645e+00 -8.241074e-03 1.983914e-04 9.999660e-01 7.603216e+01
9.999998e-01 -3.721935e-04 5.094601e-04 -1.508098e+01 3.722865e-04 9.999999e-01 -1.791092e-04 -1.378956e+00 -5.094840e-04 1.793014e-04 9.999998e-01 7.733627e+01
9.999074e-01 -2.976816e-04 1.360572e-02 -1.502703e+01 3.035967e-04 9.999999e-01 -4.325621e-04 -1.412368e+00 -1.360568e-02 4.366554e-04 9.999073e-01 7.858679e+01
9.999791e-01 -1.539137e-04 -6.458332e-03 -1.503036e+01 1.547193e-04 1.000000e+00 1.239939e-04 -1.444600e+00 6.458223e-03 -1.249879e-04 9.999791e-01 7.988394e+01
9.999310e-01 -2.289980e-04 1.174262e-02 -1.504903e+01 2.332027e-04 9.999999e-01 -3.565635e-04 -1.475548e+00 -1.174263e-02 3.592799e-04 9.999309e-01 8.115283e+01
9.999592e-01 -5.910408e-05 -9.030355e-03 -1.507922e+01 6.132617e-05 1.000000e+00 2.456120e-04 -1.508976e+00 9.030251e-03 -2.461532e-04 9.999591e-01 8.254071e+01
9.999013e-01 -3.002734e-04 1.404505e-02 -1.508479e+01 3.066782e-04 9.999999e-01 -4.537467e-04 -1.542988e+00 -1.404500e-02 4.580118e-04 9.999012e-01 8.391421e+01
9.999552e-01 -3.553576e-05 -9.461754e-03 -1.507402e+01 3.802008e-05 1.000000e+00 2.622145e-04 -1.577065e+00 9.461655e-03 -2.625598e-04 9.999551e-01 8.526148e+01
9.999256e-01 -2.306504e-04 1.219051e-02 -1.508504e+01 2.353647e-04 9.999999e-01 -3.851454e-04 -1.609812e+00 -1.219051e-02 3.879886e-04 9.999255e-01 8.659041e+01
9.999407e-01 3.127904e-05 -1.088493e-02 -1.511651e+01 -2.788446e-05 1.000000e+00 3.118645e-04 -1.641609e+00 1.088485e-02 -3.115398e-04 9.999406e-01 8.791126e+01
9.999225e-01 -2.491970e-04 1.244612e-02 -1.515246e+01 2.542751e-04 9.999999e-01 -4.062868e-04 -1.670817e+00 -1.244611e-02 4.094227e-04 9.999224e-01 8.913450e+01
9.999560e-01 -4.360266e-05 -9.379047e-03 -1.520465e+01 4.611472e-05 1.000000e+00 2.674490e-04 -1.700011e+00 9.378946e-03 -2.678671e-04 9.999559e-01 9.038696e+01
9.999023e-01 -3.364700e-04 1.396890e-02 -1.524657e+01 3.427486e-04 9.999998e-01 -4.469547e-04 -1.733548e+00 -1.396883e-02 4.517015e-04 9.999023e-01 9.180014e+01
9.999466e-01 -5.260561e-06 -1.033303e-02 -1.528132e+01 8.529262e-06 9.999999e-01 3.161360e-04 -1.769085e+00 1.033294e-02 -3.162045e-04 9.999465e-01 9.328240e+01
9.999203e-01 -2.589392e-04 1.262379e-02 -1.531802e+01 2.643114e-04 9.999999e-01 -4.237636e-04 -1.802561e+00 -1.262377e-02 4.270691e-04 9.999202e-01 9.468314e+01
9.999295e-01 8.500155e-05 -1.186770e-02 -1.536772e+01 -8.049009e-05 9.999999e-01 3.804879e-04 -1.838084e+00 1.186764e-02 -3.795032e-04 9.999294e-01 9.618658e+01
9.999211e-01 -2.455861e-04 1.255729e-02 -1.540966e+01 2.510942e-04 9.999999e-01 -4.369298e-04 -1.869715e+00 -1.255727e-02 4.400511e-04 9.999210e-01 9.751518e+01
9.999270e-01 8.951056e-05 -1.207645e-02 -1.544943e+01 -8.464235e-05 9.999999e-01 4.034943e-04 -1.904135e+00 1.207639e-02 -4.024400e-04 9.999269e-01 9.895496e+01
9.999208e-01 -2.433150e-04 1.257924e-02 -1.548350e+01 2.488637e-04 9.999999e-01 -4.394076e-04 -1.938592e+00 -1.257922e-02 4.425060e-04 9.999207e-01 1.003868e+02
9.999237e-01 9.972576e-05 -1.235245e-02 -1.554104e+01 -9.462094e-05 9.999999e-01 4.137180e-04 -1.973389e+00 1.235240e-02 -4.125149e-04 9.999235e-01 1.018725e+02
9.999197e-01 -2.459322e-04 1.267192e-02 -1.559906e+01 2.516546e-04 9.999999e-01 -4.498565e-04 -2.007176e+00 -1.267190e-02 4.530120e-04 9.999195e-01 1.033171e+02
9.999254e-01 9.624415e-05 -1.221099e-02 -1.566731e+01 -9.144219e-05 9.999999e-01 3.936753e-04 -2.037581e+00 1.221094e-02 -3.925266e-04 9.999253e-01 1.046389e+02
9.999175e-01 -2.470942e-04 1.283804e-02 -1.574798e+01 2.532723e-04 9.999999e-01 -4.794815e-04 -2.063157e+00 -1.283801e-02 4.826962e-04 9.999174e-01 1.057833e+02
9.999211e-01 1.140328e-04 -1.256226e-02 -1.580815e+01 -1.089117e-04 9.999999e-01 4.082110e-04 -2.086838e+00 1.256222e-02 -4.068079e-04 9.999209e-01 1.068130e+02
9.999201e-01 -2.335204e-04 1.263809e-02 -1.587517e+01 2.395816e-04 9.999999e-01 -4.779544e-04 -2.109733e+00 -1.263806e-02 4.809468e-04 9.999199e-01 1.078216e+02
9.999291e-01 7.649291e-05 -1.190237e-02 -1.595262e+01 -7.196213e-05 9.999999e-01 3.809548e-04 -2.132550e+00 1.190231e-02 -3.800686e-04 9.999290e-01 1.088465e+02
9.999247e-01 -2.115114e-04 1.226631e-02 -1.601814e+01 2.171574e-04 9.999999e-01 -4.588158e-04 -2.156411e+00 -1.226630e-02 4.614477e-04 9.999246e-01 1.098927e+02
9.999237e-01 9.420225e-05 -1.235407e-02 -1.608922e+01 -8.929571e-05 9.999999e-01 3.975813e-04 -2.179183e+00 1.235402e-02 -3.964451e-04 9.999235e-01 1.109005e+02
9.999152e-01 -2.378344e-04 1.301704e-02 -1.621998e+01 2.446821e-04 9.999998e-01 -5.243358e-04 -2.197569e+00 -1.301701e-02 5.274791e-04 9.999151e-01 1.118255e+02
9.999189e-01 1.284763e-04 -1.273575e-02 -1.643341e+01 -1.238401e-04 9.999999e-01 3.646918e-04 -2.208686e+00 1.273571e-02 -3.630824e-04 9.999188e-01 1.125802e+02
9.999157e-01 -2.556926e-04 1.298043e-02 -1.652994e+01 2.615619e-04 9.999999e-01 -4.503384e-04 -2.230568e+00 -1.298040e-02 4.536984e-04 9.999156e-01 1.135953e+02
9.999188e-01 1.433019e-04 -1.274149e-02 -1.672745e+01 -1.394201e-04 9.999999e-01 3.054228e-04 -2.244029e+00 1.274144e-02 -3.036189e-04 9.999187e-01 1.144227e+02
9.999167e-01 -2.284372e-04 1.290643e-02 -1.701656e+01 2.350426e-04 9.999998e-01 -5.101557e-04 -2.248487e+00 -1.290640e-02 5.131495e-04 9.999165e-01 1.150212e+02
9.999186e-01 1.635909e-04 -1.275776e-02 -1.743613e+01 -1.602373e-04 1.000000e+00 2.637670e-04 -2.228994e+00 1.275771e-02 -2.616985e-04 9.999185e-01 1.149205e+02
9.999078e-01 -3.225569e-04 1.357203e-02 -1.754772e+01 3.279549e-04 9.999999e-01 -3.953857e-04 -2.245183e+00 -1.357199e-02 3.998030e-04 9.999077e-01 1.157219e+02
9.999468e-01 8.526206e-06 -1.031012e-02 -1.764032e+01 -6.518643e-06 1.000000e+00 1.945978e-04 -2.263700e+00 1.031004e-02 -1.945176e-04 9.999468e-01 1.165935e+02
9.999160e-01 -2.986994e-04 1.295778e-02 -1.770452e+01 3.031089e-04 9.999999e-01 -3.382085e-04 -2.288642e+00 -1.295776e-02 3.421104e-04 9.999159e-01 1.176836e+02
9.999407e-01 4.943563e-05 -1.088632e-02 -1.779505e+01 -4.732767e-05 1.000000e+00 1.937472e-04 -2.310413e+00 1.088624e-02 -1.932178e-04 9.999406e-01 1.186881e+02
9.998657e-01 -4.570359e-04 1.638144e-02 -1.788059e+01 4.650718e-04 9.999998e-01 -4.866407e-04 -2.329549e+00 -1.638130e-02 4.941966e-04 9.998656e-01 1.195792e+02
9.999504e-01 1.840958e-05 -9.954601e-03 -1.794829e+01 -1.690592e-05 1.000000e+00 1.509787e-04 -2.348408e+00 9.954517e-03 -1.508002e-04 9.999504e-01 1.204321e+02
9.998133e-01 -5.441130e-04 1.931485e-02 -1.798314e+01 5.560386e-04 9.999997e-01 -6.119845e-04 -2.369749e+00 -1.931460e-02 6.226127e-04 9.998132e-01 1.213354e+02
9.999777e-01 -9.633762e-05 -6.670088e-03 -1.799942e+01 9.643352e-05 1.000000e+00 1.382669e-05 -2.390529e+00 6.670001e-03 -1.446691e-05 9.999777e-01 1.221890e+02
9.999378e-01 -2.647597e-04 1.114550e-02 -1.806450e+01 2.674153e-04 9.999999e-01 -2.366352e-04 -2.413475e+00 -1.114552e-02 2.396036e-04 9.999378e-01 1.232033e+02
9.999615e-01 -1.039787e-05 -8.777130e-03 -1.813050e+01 1.134339e-05 1.000000e+00 1.075047e-04 -2.440167e+00 8.777043e-03 -1.075974e-04 9.999614e-01 1.243689e+02
9.999486e-01 -2.004530e-04 1.013859e-02 -1.819352e+01 2.025607e-04 1.000000e+00 -2.067148e-04 -2.467246e+00 -1.013863e-02 2.087605e-04 9.999485e-01 1.255440e+02
9.999704e-01 -7.724290e-05 -7.684605e-03 -1.826294e+01 7.772910e-05 1.000000e+00 6.277467e-05 -2.490818e+00 7.684516e-03 -6.336744e-05 9.999704e-01 1.265870e+02
9.997374e-01 -6.778814e-04 2.290365e-02 -1.829427e+01 6.953270e-04 9.999995e-01 -7.536748e-04 -2.513940e+00 -2.290321e-02 7.694052e-04 9.997373e-01 1.275617e+02
9.999997e-01 -3.443783e-04 -5.886123e-04 -1.829966e+01 3.442444e-04 9.999999e-01 -2.299379e-04 -2.535749e+00 5.886084e-04 2.297379e-04 9.999997e-01 1.284501e+02
9.998587e-01 -4.580693e-04 1.680348e-02 -1.832833e+01 4.665691e-04 9.999998e-01 -5.018364e-04 -2.559785e+00 -1.680333e-02 5.096081e-04 9.998586e-01 1.294578e+02
9.999826e-01 -1.773130e-04 -5.893340e-03 -1.838357e+01 1.774121e-04 1.000000e+00 1.606093e-05 -2.584004e+00 5.893256e-03 -1.710355e-05 9.999826e-01 1.305156e+02
9.998816e-01 -4.014106e-04 1.537970e-02 -1.845340e+01 4.084834e-04 9.999998e-01 -4.566463e-04 -2.606544e+00 -1.537960e-02 4.628773e-04 9.998815e-01 1.315306e+02
9.999906e-01 -2.279094e-04 -4.335605e-03 -1.853155e+01 2.275731e-04 1.000000e+00 -7.835816e-05 -2.625351e+00 4.335543e-03 7.737339e-05 9.999905e-01 1.324054e+02
9.998621e-01 -4.097059e-04 1.659788e-02 -1.857302e+01 4.180845e-04 9.999998e-01 -5.012504e-04 -2.647013e+00 -1.659775e-02 5.081232e-04 9.998620e-01 1.333377e+02
9.999938e-01 -2.706342e-04 -3.503902e-03 -1.861914e+01 2.702306e-04 1.000000e+00 -1.160163e-04 -2.667967e+00 3.503855e-03 1.150713e-04 9.999938e-01 1.342505e+02
9.998230e-01 -4.991744e-04 1.880584e-02 -1.868607e+01 5.111941e-04 9.999997e-01 -6.342752e-04 -2.684931e+00 -1.880559e-02 6.437790e-04 9.998229e-01 1.350355e+02
9.999963e-01 -2.935088e-04 -2.684300e-03 -1.874253e+01 2.931652e-04 9.999999e-01 -1.288453e-04 -2.702197e+00 2.684261e-03 1.280605e-04 9.999963e-01 1.358170e+02
9.998978e-01 -3.374705e-04 1.429275e-02 -1.877860e+01 3.436382e-04 9.999998e-01 -4.289855e-04 -2.721920e+00 -1.429268e-02 4.338557e-04 9.998977e-01 1.366614e+02
9.999988e-01 -3.324847e-04 -1.534035e-03 -1.891177e+01 3.321466e-04 9.999999e-01 -2.214563e-04 -2.733271e+00 1.534033e-03 2.209491e-04 9.999987e-01 1.373246e+02
9.998663e-01 -4.130853e-04 1.634431e-02 -1.902227e+01 4.216539e-04 9.999998e-01 -5.207458e-04 -2.745731e+00 -1.634417e-02 5.275703e-04 9.998662e-01 1.379969e+02
9.999923e-01 -5.196310e-04 3.884641e-03 -1.920518e+01 5.215843e-04 9.999997e-01 -5.015530e-04 -2.747236e+00 -3.884452e-03 5.035778e-04 9.999922e-01 1.383599e+02
9.998831e-01 -3.387968e-04 1.528594e-02 -1.935897e+01 3.461078e-04 9.999998e-01 -4.755682e-04 -2.751253e+00 -1.528585e-02 4.808056e-04 9.998830e-01 1.387703e+02
9.999998e-01 -3.774626e-04 -3.780247e-04 -1.947896e+01 3.773406e-04 9.999999e-01 -3.254207e-04 -2.758371e+00 3.780771e-04 3.252804e-04 9.999998e-01 1.392409e+02
9.999071e-01 -2.604157e-04 1.362490e-02 -1.961526e+01 2.658597e-04 9.999999e-01 -3.976773e-04 -2.765535e+00 -1.362487e-02 4.012650e-04 9.999070e-01 1.397359e+02
9.999995e-01 -4.691565e-04 8.413202e-04 -1.984870e+01 4.695039e-04 9.999998e-01 -4.116020e-04 -2.764972e+00 -8.411953e-04 4.119991e-04 9.999995e-01 1.400867e+02
9.998665e-01 -2.192426e-04 1.633487e-02 -2.007192e+01 2.283980e-04 9.999998e-01 -5.585633e-04 -2.750013e+00 -1.633481e-02 5.622219e-04 9.998663e-01 1.398805e+02
9.999884e-01 -6.367138e-04 4.771885e-03 -2.016306e+01 6.392444e-04 9.999997e-01 -5.286227e-04 -2.745408e+00 -4.771612e-03 5.316692e-04 9.999884e-01 1.398721e+02
9.998767e-01 -7.500319e-05 1.570103e-02 -2.008323e+01 8.298206e-05 9.999999e-01 -5.074712e-04 -2.740034e+00 -1.570105e-02 5.087137e-04 9.998765e-01 1.396071e+02
9.999991e-01 -6.081074e-04 1.192057e-03 -2.026082e+01 6.086186e-04 9.999997e-01 -4.279154e-04 -2.727827e+00 -1.191859e-03 4.286426e-04 9.999991e-01 1.394366e+02
9.997708e-01 -2.844441e-04 2.140778e-02 -2.048791e+01 3.010806e-04 9.999997e-01 -7.738718e-04 -2.714188e+00 -2.140762e-02 7.801419e-04 9.997704e-01 1.392912e+02
9.999957e-01 -6.486708e-04 2.840525e-03 -2.061740e+01 6.499954e-04 9.999997e-01 -4.651637e-04 -2.702756e+00 -2.840281e-03 4.670100e-04 9.999958e-01 1.390877e+02
9.997388e-01 -2.282558e-04 2.285375e-02 -2.055406e+01 2.465483e-04 9.999997e-01 -7.975758e-04 -2.696618e+00 -2.285361e-02 8.030038e-04 9.997384e-01 1.388177e+02
9.999810e-01 -8.304884e-04 6.099399e-03 -2.058580e+01 8.342721e-04 9.999995e-01 -6.177446e-04 -2.688460e+00 -6.098937e-03 6.228232e-04 9.999811e-01 1.386015e+02
9.998026e-01 -7.141953e-05 1.986875e-02 -2.054532e+01 8.405700e-05 9.999998e-01 -6.351868e-04 -2.681591e+00 -1.986876e-02 6.367332e-04 9.998023e-01 1.383412e+02
9.999210e-01 -1.136675e-03 1.251912e-02 -2.056842e+01 1.148205e-03 9.999989e-01 -9.137729e-04 -2.675393e+00 -1.251812e-02 9.280768e-04 9.999211e-01 1.381850e+02
9.997806e-01 -7.564435e-05 2.094523e-02 -2.056656e+01 9.016110e-05 9.999998e-01 -6.921189e-04 -2.669765e+00 -2.094522e-02 6.938569e-04 9.997803e-01 1.380175e+02
9.999189e-01 -1.122820e-03 1.268834e-02 -2.042502e+01 1.133974e-03 9.999990e-01 -8.719562e-04 -2.669665e+00 -1.268739e-02 8.862750e-04 9.999190e-01 1.378636e+02
9.998806e-01 6.548879e-05 1.545326e-02 -2.032697e+01 -5.850075e-05 9.999999e-01 -4.526369e-04 -2.671394e+00 -1.545333e-02 4.516801e-04 9.998804e-01 1.378307e+02
9.999630e-01 -8.833493e-04 8.553596e-03 -2.005030e+01 8.892228e-04 9.999994e-01 -6.828619e-04 -2.675718e+00 -8.553026e-03 6.904438e-04 9.999631e-01 1.376539e+02
9.999003e-01 1.604767e-04 1.411596e-02 -1.963915e+01 -1.552031e-04 9.999999e-01 -3.746703e-04 -2.683439e+00 -1.411606e-02 3.724432e-04 9.999002e-01 1.374296e+02
9.999523e-01 -1.002517e-03 9.710181e-03 -1.937386e+01 1.009664e-03 9.999992e-01 -7.312019e-04 -2.690018e+00 -9.709475e-03 7.409721e-04 9.999525e-01 1.373501e+02
9.998917e-01 2.950653e-05 1.471496e-02 -1.929758e+01 -2.284864e-05 9.999999e-01 -4.526135e-04 -2.699534e+00 -1.471500e-02 4.522291e-04 9.998915e-01 1.376236e+02
9.999599e-01 -8.963805e-04 8.905119e-03 -1.904284e+01 9.023473e-04 9.999994e-01 -6.660327e-04 -2.709841e+00 -8.904546e-03 6.740423e-04 9.999600e-01 1.376806e+02
9.998690e-01 -4.445082e-05 1.618382e-02 -1.886713e+01 5.304527e-05 9.999999e-01 -5.306154e-04 -2.717778e+00 -1.618382e-02 5.314051e-04 9.998688e-01 1.377610e+02
9.999728e-01 -9.071596e-04 7.316175e-03 -1.881077e+01 9.116693e-04 9.999994e-01 -6.130710e-04 -2.724427e+00 -7.315640e-03 6.197249e-04 9.999730e-01 1.379553e+02
9.999592e-01 3.194462e-04 9.030958e-03 -1.857625e+01 -3.174260e-04 9.999999e-01 -2.251144e-04 -2.729853e+00 -9.031053e-03 2.222390e-04 9.999591e-01 1.378637e+02
9.999469e-01 -1.104623e-03 1.024296e-02 -1.857045e+01 1.112272e-03 9.999991e-01 -7.410976e-04 -2.733423e+00 -1.024215e-02 7.524517e-04 9.999472e-01 1.380173e+02
9.999499e-01 2.725043e-04 1.000196e-02 -1.864013e+01 -2.694257e-04 9.999999e-01 -3.091408e-04 -2.733199e+00 -1.000207e-02 3.064309e-04 9.999498e-01 1.381410e+02
9.999375e-01 -1.072830e-03 1.112796e-02 -1.852222e+01 1.081090e-03 9.999991e-01 -7.362946e-04 -2.734964e+00 -1.112718e-02 7.482792e-04 9.999377e-01 1.380711e+02
9.999356e-01 2.036675e-04 1.135096e-02 -1.838096e+01 -1.997432e-04 9.999999e-01 -3.468605e-04 -2.739261e+00 -1.135104e-02 3.445710e-04 9.999354e-01 1.380689e+02
9.999491e-01 -1.110019e-03 1.002328e-02 -1.839076e+01 1.117180e-03 9.999991e-01 -7.088197e-04 -2.750469e+00 -1.002250e-02 7.199815e-04 9.999494e-01 1.385290e+02
9.999980e-01 5.527933e-04 1.921010e-03 -1.834200e+01 -5.529964e-04 9.999998e-01 1.052341e-04 -2.769355e+00 -1.920964e-03 -1.062962e-04 9.999980e-01 1.391888e+02
9.999237e-01 -1.191768e-03 1.229246e-02 -1.828049e+01 1.201810e-03 9.999990e-01 -8.095527e-04 -2.785678e+00 -1.229150e-02 8.242641e-04 9.999240e-01 1.397273e+02
9.999954e-01 8.285839e-04 -2.929672e-03 -1.808589e+01 -8.277264e-04 9.999996e-01 2.938829e-04 -2.793673e+00 2.929904e-03 -2.914567e-04 9.999956e-01 1.397745e+02
9.998464e-01 -1.411489e-03 1.747147e-02 -1.792545e+01 1.429565e-03 9.999985e-01 -1.022135e-03 -2.809418e+00 -1.747001e-02 1.046954e-03 9.998467e-01 1.401468e+02
9.999903e-01 8.577004e-04 -4.329302e-03 -1.782516e+01 -8.561703e-04 9.999996e-01 3.552666e-04 -2.826888e+00 4.329598e-03 -3.515568e-04 9.999905e-01 1.406678e+02
9.997728e-01 -1.574634e-03 2.125821e-02 -1.773317e+01 1.600277e-03 9.999980e-01 -1.189289e-03 -2.840879e+00 -2.125630e-02 1.223038e-03 9.997732e-01 1.410734e+02
9.999997e-01 8.189468e-04 1.457044e-04 -1.746204e+01 -8.189637e-04 9.999997e-01 1.157997e-04 -2.849812e+00 -1.456127e-04 -1.159195e-04 9.999999e-01 1.410526e+02
9.998868e-01 -1.320951e-03 1.498818e-02 -1.710897e+01 1.334327e-03 9.999987e-01 -8.824743e-04 -2.862970e+00 -1.498700e-02 9.023730e-04 9.998872e-01 1.410635e+02
9.999584e-01 1.178728e-03 -9.048764e-03 -1.658263e+01 -1.174443e-03 9.999992e-01 4.788079e-04 -2.880373e+00 9.049320e-03 -4.681613e-04 9.999588e-01 1.409837e+02
9.999024e-01 -1.262656e-03 1.391525e-02 -1.603149e+01 1.274251e-03 9.999988e-01 -8.243824e-04 -2.895523e+00 -1.391419e-02 8.420328e-04 9.999027e-01 1.407984e+02
9.999080e-01 1.311253e-03 -1.349726e-02 -1.539949e+01 -1.302057e-03 9.999989e-01 6.901048e-04 -2.914905e+00 1.349815e-02 -6.724678e-04 9.999086e-01 1.406420e+02
9.999965e-01 -8.155359e-04 -2.521859e-03 -1.489225e+01 8.151748e-04 9.999997e-01 -1.442463e-04 -2.932924e+00 2.521973e-03 1.421895e-04 9.999967e-01 1.405873e+02
9.997662e-01 1.524789e-03 -2.157010e-02 -1.443330e+01 -1.503510e-03 9.999984e-01 1.002670e-03 -2.949927e+00 2.157159e-02 -9.700053e-04 9.997667e-01 1.405699e+02
9.999989e-01 -8.318736e-04 -1.231032e-03 -1.390126e+01 8.316127e-04 9.999996e-01 -2.124219e-04 -2.968673e+00 1.231202e-03 2.113975e-04 9.999991e-01 1.405115e+02
9.995777e-01 1.698357e-03 -2.901096e-02 -1.349284e+01 -1.660731e-03 9.999977e-01 1.320976e-03 -2.985223e+00 2.901313e-02 -1.272239e-03 9.995781e-01 1.405373e+02
9.999986e-01 -9.173360e-04 1.404184e-03 -1.315335e+01 9.178095e-04 9.999995e-01 -3.366297e-04 -3.000972e+00 -1.403887e-03 3.379178e-04 9.999989e-01 1.406262e+02
9.996375e-01 1.623075e-03 -2.687483e-02 -1.281253e+01 -1.589805e-03 9.999979e-01 1.259287e-03 -3.016290e+00 2.687681e-02 -1.216105e-03 9.996379e-01 1.406988e+02
9.999895e-01 -9.684325e-04 4.482630e-03 -1.240824e+01 9.705452e-04 9.999994e-01 -4.691395e-04 -3.034197e+00 -4.482190e-03 4.734851e-04 9.999897e-01 1.407764e+02
9.998396e-01 1.317038e-03 -1.785944e-02 -1.216042e+01 -1.301030e-03 9.999987e-01 9.079397e-04 -3.052120e+00 1.786060e-02 -8.845585e-04 9.998400e-01 1.410733e+02
9.998910e-01 -1.270445e-03 1.471199e-02 -1.193610e+01 1.282959e-03 9.999988e-01 -8.411300e-04 -3.073808e+00 -1.471093e-02 8.599132e-04 9.998913e-01 1.415471e+02
9.997844e-01 1.456679e-03 -2.071230e-02 -1.155095e+01 -1.435776e-03 9.999984e-01 1.024044e-03 -3.097119e+00 2.071374e-02 -9.940850e-04 9.997849e-01 1.418371e+02
9.999892e-01 -1.030574e-03 4.523785e-03 -1.129269e+01 1.032699e-03 9.999994e-01 -4.674414e-04 -3.115361e+00 -4.523322e-03 4.721081e-04 9.999896e-01 1.421230e+02
9.997447e-01 1.516235e-03 -2.254383e-02 -1.105845e+01 -1.491479e-03 9.999983e-01 1.114883e-03 -3.133324e+00 2.254546e-02 -1.080975e-03 9.997451e-01 1.424351e+02
9.999323e-01 -1.300518e-03 1.156403e-02 -1.103649e+01 1.308971e-03 9.999989e-01 -7.234131e-04 -3.153681e+00 -1.156310e-02 7.385012e-04 9.999328e-01 1.431681e+02
9.998691e-01 1.334419e-03 -1.612468e-02 -1.101183e+01 -1.320184e-03 9.999987e-01 8.933862e-04 -3.175258e+00 1.612583e-02 -8.719816e-04 9.998695e-01 1.439441e+02
9.999933e-01 -8.507382e-04 -3.558516e-03 -1.093273e+01 8.500824e-04 9.999996e-01 -1.858238e-04 -3.192052e+00 3.558647e-03 1.827977e-04 9.999936e-01 1.444415e+02
9.996902e-01 1.575858e-03 -2.483797e-02 -1.081849e+01 -1.545548e-03 9.999980e-01 1.239426e-03 -3.208483e+00 2.483984e-02 -1.200653e-03 9.996906e-01 1.448734e+02
