9.998278e-01 4.436815e-04 -1.855336e-02 8.727469e-03 -4.219170e-04 9.999992e-01 1.176969e-03 -1.017992e-02 1.855386e-02 -1.168938e-03 9.998271e-01 5.376406e-01
9.999988e-01 -6.051440e-06 1.528211e-03 1.843303e-02 6.146142e-06 1.000000e+00 -6.194412e-05 -2.098818e-02 -1.528215e-03 6.195415e-05 9.999987e-01 1.101099e+00
9.999570e-01 2.331820e-04 9.275597e-03 3.560253e-02 -2.356610e-04 9.999999e-01 2.661743e-04 -3.244353e-02 -9.275537e-03 -2.683480e-04 9.999568e-01 1.692900e+00
9.999427e-01 -2.155442e-05 -1.070091e-02 6.021909e-02 2.427506e-05 1.000000e+00 2.541119e-04 -4.971352e-02 1.070090e-02 -2.543564e-04 9.999426e-01 2.487004e+00
9.995326e-01 3.266834e-04 3.056951e-02 8.231767e-02 -3.193441e-04 9.999999e-01 -2.449643e-04 -6.540134e-02 -3.056959e-02 2.350884e-04 9.995325e-01 3.282101e+00
9.999860e-01 1.519932e-04 5.283159e-03 6.778235e-02 -1.513236e-04 1.000000e+00 -1.271474e-04 -7.380536e-02 -5.283175e-03 1.263469e-04 9.999859e-01 3.856512e+00
9.997148e-01 2.496508e-04 2.388038e-02 6.720022e-02 -2.464771e-04 1.000000e+00 -1.358443e-04 -8.332762e-02 -2.388041e-02 1.299203e-04 9.997147e-01 4.436823e+00
9.999027e-01 -3.753891e-05 -1.395061e-02 9.569836e-02 4.216164e-05 9.999999e-01 3.310714e-04 -9.827037e-02 1.395060e-02 -3.316267e-04 9.999025e-01 5.151756e+00
9.999031e-01 2.106786e-04 1.392043e-02 1.175032e-01 -2.121662e-04 1.000000e+00 1.053881e-04 -1.153980e-01 -1.392040e-02 -1.083306e-04 9.999030e-01 5.944353e+00
9.999996e-01 3.811922e-05 9.054346e-04 1.356272e-01 -3.812298e-05 1.000000e+00 4.117290e-06 -1.268097e-01 -9.054260e-04 -4.151011e-06 9.999995e-01 6.545618e+00
9.996271e-01 4.496350e-04 -2.730197e-02 2.213957e-01 -4.091619e-04 9.999988e-01 1.487992e-03 -1.329812e-01 2.730261e-02 -1.476266e-03 9.996260e-01 6.821438e+00
9.999231e-01 4.083636e-04 -1.239150e-02 2.562461e-01 -4.008841e-04 9.999997e-01 6.060745e-04 -1.353756e-01 1.239174e-02 -6.010592e-04 9.999229e-01 7.030886e+00
9.999997e-01 -1.307773e-04 -7.421825e-04 3.492254e-01 1.310192e-04 9.999999e-01 3.258486e-04 -1.459183e-01 7.421403e-04 -3.259445e-04 9.999996e-01 7.464635e+00
9.999796e-01 3.138061e-04 -6.372659e-03 4.285316e-01 -3.115012e-04 9.999999e-01 3.626762e-04 -1.566243e-01 6.372772e-03 -3.606824e-04 9.999795e-01 7.911979e+00
9.999534e-01 -1.327635e-04 9.652916e-03 4.797747e-01 1.323687e-04 1.000000e+00 4.154504e-05 -1.700921e-01 -9.652922e-03 -4.026401e-05 9.999533e-01 8.524209e+00
9.998828e-01 2.623861e-04 -1.530787e-02 5.495325e-01 -2.542739e-04 9.999998e-01 5.318825e-04 -1.831505e-01 1.530801e-02 -5.279264e-04 9.998826e-01 9.067397e+00
9.999142e-01 -1.728594e-04 1.309761e-02 6.619410e-01 1.734146e-04 1.000000e+00 -4.124935e-05 -1.951087e-01 -1.309760e-02 4.351859e-05 9.999141e-01 9.514584e+00
1.000000e+00 2.227186e-04 7.148723e-05 8.624962e-01 -2.227223e-04 1.000000e+00 5.285535e-05 -2.048722e-01 -7.147484e-05 -5.286981e-05 9.999999e-01 9.756114e+00
9.999880e-01 -1.764088e-04 -4.905857e-03 1.110716e+00 1.789855e-04 9.999998e-01 5.247859e-04 -2.134491e-01 4.905764e-03 -5.256561e-04 9.999877e-01 9.871729e+00
9.999185e-01 3.542230e-04 -1.276184e-02 1.376085e+00 -3.482614e-04 9.999998e-01 4.693578e-04 -2.221547e-01 1.276200e-02 -4.648735e-04 9.999184e-01 9.973739e+00
9.993682e-01 -2.506324e-04 3.554135e-02 1.644840e+00 2.741900e-04 9.999997e-01 -6.579506e-04 -2.295044e-01 -3.554118e-02 6.672816e-04 9.993679e-01 1.003532e+01
9.984908e-01 5.005719e-04 -5.491633e-02 1.909688e+00 -4.053143e-04 9.999984e-01 1.745718e-03 -2.374344e-01 5.491712e-02 -1.720823e-03 9.984893e-01 1.010836e+01
9.990328e-01 -4.947704e-04 4.396786e-02 2.240225e+00 5.425104e-04 9.999993e-01 -1.073865e-03 -2.489398e-01 -4.396730e-02 1.096681e-03 9.990323e-01 1.021628e+01
9.983875e-01 5.110772e-04 -5.676431e-02 2.605760e+00 -4.082858e-04 9.999983e-01 1.822428e-03 -2.619893e-01 5.676513e-02 -1.796312e-03 9.983858e-01 1.034313e+01
9.991578e-01 -4.549947e-04 4.103003e-02 2.944322e+00 4.934167e-04 9.999994e-01 -9.263127e-04 -2.743809e-01 -4.102959e-02 9.457794e-04 9.991574e-01 1.049040e+01
9.985069e-01 5.356200e-04 -5.462226e-02 3.227381e+00 -4.411868e-04 9.999984e-01 1.740885e-03 -2.859062e-01 5.462309e-02 -1.714185e-03 9.985055e-01 1.067043e+01
9.996297e-01 -1.540640e-04 2.721038e-02 3.456914e+00 1.610903e-04 1.000000e+00 -2.560254e-04 -2.932257e-01 -2.721035e-02 2.603160e-04 9.996296e-01 1.079245e+01
9.986024e-01 4.112134e-04 -5.284885e-02 3.801777e+00 -3.263381e-04 9.999986e-01 1.614619e-03 -3.029840e-01 5.284943e-02 -1.595114e-03 9.986011e-01 1.085155e+01
9.994358e-01 -2.637338e-04 3.358506e-02 4.126840e+00 2.828105e-04 9.999998e-01 -5.632551e-04 -3.126018e-01 -3.358492e-02 5.724379e-04 9.994356e-01 1.090744e+01
9.987592e-01 3.760092e-04 -4.979862e-02 4.438251e+00 -3.028836e-04 9.999989e-01 1.475962e-03 -3.224712e-01 4.979910e-02 -1.459045e-03 9.987581e-01 1.098359e+01
9.990592e-01 -5.211152e-04 4.336337e-02 4.816362e+00 5.673017e-04 9.999993e-01 -1.052799e-03 -3.369413e-01 -4.336281e-02 1.076411e-03 9.990587e-01 1.112748e+01
9.985959e-01 4.465725e-04 -5.297228e-02 5.226566e+00 -3.594359e-04 9.999986e-01 1.654460e-03 -3.505788e-01 5.297292e-02 -1.633095e-03 9.985945e-01 1.120547e+01
9.992372e-01 -3.937213e-04 3.904926e-02 5.561170e+00 4.269796e-04 9.999996e-01 -8.433572e-04 -3.606660e-01 -3.904893e-02 8.593898e-04 9.992368e-01 1.125134e+01
9.987057e-01 4.739047e-04 -5.085912e-02 5.807620e+00 -3.950578e-04 9.999987e-01 1.560339e-03 -3.666815e-01 5.085977e-02 -1.538224e-03 9.987045e-01 1.122285e+01
9.991601e-01 -4.726101e-04 4.097360e-02 6.082805e+00 5.113450e-04 9.999994e-01 -9.348803e-04 -3.758508e-01 -4.097316e-02 9.550495e-04 9.991597e-01 1.129024e+01
9.988490e-01 5.072243e-04 -4.796193e-02 6.213954e+00 -4.392641e-04 9.999989e-01 1.427485e-03 -3.776842e-01 4.796258e-02 -1.404771e-03 9.988480e-01 1.119608e+01
9.993439e-01 -3.841123e-04 3.621716e-02 6.333341e+00 4.101557e-04 9.999997e-01 -7.116514e-04 -3.786282e-01 -3.621689e-02 7.260420e-04 9.993436e-01 1.109282e+01
9.991953e-01 4.460215e-04 -4.010651e-02 6.258641e+00 -4.052290e-04 9.999994e-01 1.025221e-03 -3.720436e-01 4.010692e-02 -1.008141e-03 9.991948e-01 1.083030e+01
9.992410e-01 -3.907195e-04 3.895337e-02 6.065092e+00 4.240212e-04 9.999996e-01 -8.466427e-04 -3.588002e-01 -3.895304e-02 8.625200e-04 9.992406e-01 1.037372e+01
9.991374e-01 4.724730e-04 -4.152419e-02 5.850960e+00 -4.275649e-04 9.999993e-01 1.090360e-03 -3.446014e-01 4.152465e-02 -1.071662e-03 9.991368e-01 9.890479e+00
9.993414e-01 -3.205627e-04 3.628571e-02 5.574583e+00 3.459643e-04 9.999997e-01 -6.937571e-04 -3.306997e-01 -3.628550e-02 7.058568e-04 9.993411e-01 9.491718e+00
9.992693e-01 3.836842e-04 -3.821948e-02 5.467373e+00 -3.463701e-04 9.999995e-01 9.829200e-04 -3.301536e-01 3.821982e-02 -9.689607e-04 9.992688e-01 9.552836e+00
9.993302e-01 -3.587016e-04 3.659264e-02 5.394365e+00 3.855276e-04 9.999997e-01 -7.260341e-04 -3.278235e-01 -3.659239e-02 7.396583e-04 9.993299e-01 9.493592e+00
9.985099e-01 5.446600e-04 -5.456765e-02 5.552005e+00 -4.467086e-04 9.999983e-01 1.807220e-03 -3.486661e-01 5.456851e-02 -1.780149e-03 9.985083e-01 1.025366e+01
9.990365e-01 -3.873669e-04 4.388481e-02 5.581250e+00 4.376298e-04 9.999993e-01 -1.135724e-03 -3.562288e-01 -4.388436e-02 1.153838e-03 9.990359e-01 1.052666e+01
9.989227e-01 4.972808e-04 -4.640190e-02 5.443018e+00 -4.328102e-04 9.999989e-01 1.399425e-03 -3.477961e-01 4.640252e-02 -1.377831e-03 9.989218e-01 1.024994e+01
9.989721e-01 -4.636310e-04 4.532584e-02 5.280650e+00 5.186591e-04 9.999991e-01 -1.202291e-03 -3.370874e-01 -4.532527e-02 1.224567e-03 9.989714e-01 9.884563e+00
9.989318e-01 4.812949e-04 -4.620553e-02 5.145690e+00 -4.179784e-04 9.999990e-01 1.379966e-03 -3.256090e-01 4.620612e-02 -1.359176e-03 9.989309e-01 9.450301e+00
9.990459e-01 -4.405943e-04 4.366950e-02 5.130962e+00 4.895783e-04 9.999993e-01 -1.110995e-03 -3.214900e-01 -4.366901e-02 1.131318e-03 9.990453e-01 9.240878e+00
9.990304e-01 4.743453e-04 -4.402360e-02 5.092650e+00 -4.169040e-04 9.999990e-01 1.313947e-03 -3.192301e-01 4.402415e-02 -1.294316e-03 9.990295e-01 9.154388e+00
9.991002e-01 -4.333963e-04 4.241045e-02 4.963762e+00 4.803308e-04 9.999993e-01 -1.096475e-03 -3.082088e-01 -4.240997e-02 1.115863e-03 9.990996e-01 8.728513e+00
9.989330e-01 4.318866e-04 -4.618181e-02 4.934784e+00 -3.676423e-04 9.999990e-01 1.399593e-03 -3.002627e-01 4.618234e-02 -1.381117e-03 9.989320e-01 8.323287e+00
9.990155e-01 -4.321148e-04 4.436113e-02 4.867186e+00 4.857562e-04 9.999992e-01 -1.198412e-03 -2.909037e-01 -4.436060e-02 1.218784e-03 9.990147e-01 7.892248e+00
9.989879e-01 3.747175e-04 -4.497813e-02 4.867771e+00 -3.143640e-04 9.999990e-01 1.348898e-03 -2.836450e-01 4.497856e-02 -1.333390e-03 9.989870e-01 7.474935e+00
9.996797e-01 -3.035584e-04 2.530523e-02 5.149152e+00 3.095968e-04 9.999999e-01 -2.346837e-04 -2.972709e-01 -2.530518e-02 2.424464e-04 9.996796e-01 7.759779e+00
9.987217e-01 4.176439e-04 -5.054425e-02 5.460468e+00 -3.373063e-04 9.999987e-01 1.597961e-03 -3.255340e-01 5.054482e-02 -1.578866e-03 9.987204e-01 8.643435e+00
9.989845e-01 -4.140939e-04 4.505360e-02 5.591819e+00 4.637575e-04 9.999993e-01 -1.091860e-03 -3.470961e-01 -4.505315e-02 1.111649e-03 9.989839e-01 9.430775e+00
9.989340e-01 4.756457e-04 -4.615870e-02 5.631582e+00 -4.121379e-04 9.999990e-01 1.385354e-03 -3.547912e-01 4.615927e-02 -1.364850e-03 9.989331e-01 9.728653e+00
9.991517e-01 -4.087470e-04 4.117800e-02 5.673231e+00 4.481946e-04 9.999994e-01 -9.487319e-04 -3.575540e-01 -4.117762e-02 9.663866e-04 9.991513e-01 9.801208e+00
9.986129e-01 6.100933e-04 -5.264881e-02 5.736507e+00 -5.224073e-04 9.999985e-01 1.679225e-03 -3.612206e-01 5.264972e-02 -1.649388e-03 9.986116e-01 9.906734e+00
9.989319e-01 -4.783626e-04 4.620516e-02 5.741113e+00 5.339504e-04 9.999991e-01 -1.190712e-03 -3.616958e-01 -4.620459e-02 1.214115e-03 9.989312e-01 9.912360e+00
9.988907e-01 5.408725e-04 -4.708541e-02 5.665834e+00 -4.754133e-04 9.999989e-01 1.401397e-03 -3.555362e-01 4.708608e-02 -1.377454e-03 9.988898e-01 9.679389e+00
9.989261e-01 -4.895082e-04 4.632865e-02 5.561252e+00 5.457576e-04 9.999991e-01 -1.201481e-03 -3.488481e-01 -4.632806e-02 1.225478e-03 9.989254e-01 9.454560e+00
9.984092e-01 7.449951e-04 -5.637884e-02 5.544499e+00 -6.395565e-04 9.999980e-01 1.888189e-03 -3.499314e-01 5.638010e-02 -1.849124e-03 9.984076e-01 9.536682e+00
9.986057e-01 -7.056416e-04 5.278435e-02 5.668640e+00 7.864945e-04 9.999985e-01 -1.510986e-03 -3.549564e-01 -5.278325e-02 1.550397e-03 9.986047e-01 9.598233e+00
9.984881e-01 6.725430e-04 -5.496427e-02 5.784495e+00 -5.763997e-04 9.999983e-01 1.765018e-03 -3.555532e-01 5.496533e-02 -1.730664e-03 9.984867e-01 9.433624e+00
9.985900e-01 -6.013721e-04 5.308087e-02 5.714749e+00 6.818018e-04 9.999986e-01 -1.497117e-03 -3.514820e-01 -5.307993e-02 1.531201e-03 9.985890e-01 9.284506e+00
9.976020e-01 8.774607e-04 -6.920644e-02 5.829049e+00 -7.059827e-04 9.999966e-01 2.502185e-03 -3.570877e-01 6.920836e-02 -2.447323e-03 9.975991e-01 9.424502e+00
9.988349e-01 -5.028531e-04 4.825540e-02 6.018029e+00 5.670348e-04 9.999990e-01 -1.316341e-03 -3.675116e-01 -4.825473e-02 1.342174e-03 9.988341e-01 9.705336e+00
9.987425e-01 5.726122e-04 -5.012992e-02 6.101768e+00 -4.882895e-04 9.999984e-01 1.694299e-03 -3.843807e-01 5.013077e-02 -1.667686e-03 9.987412e-01 1.035235e+01
9.987848e-01 -4.997108e-04 4.928093e-02 6.154556e+00 5.669181e-04 9.999989e-01 -1.349769e-03 -3.988489e-01 -4.928025e-02 1.376071e-03 9.987839e-01 1.093491e+01
9.986680e-01 5.749608e-04 -5.159253e-02 6.203047e+00 -4.886504e-04 9.999985e-01 1.685508e-03 -4.046083e-01 5.159338e-02 -1.658048e-03 9.986667e-01 1.112334e+01
9.986821e-01 -4.790839e-04 5.132061e-02 6.030875e+00 5.574096e-04 9.999987e-01 -1.511879e-03 -3.953116e-01 -5.131986e-02 1.538498e-03 9.986810e-01 1.084325e+01
9.986307e-01 5.775606e-04 -5.231090e-02 5.924988e+00 -4.854753e-04 9.999983e-01 1.773021e-03 -3.946601e-01 5.231180e-02 -1.745193e-03 9.986292e-01 1.089565e+01
9.986715e-01 -5.160467e-04 5.152669e-02 6.008768e+00 5.920636e-04 9.999988e-01 -1.460017e-03 -4.093586e-01 -5.152591e-02 1.488589e-03 9.986705e-01 1.144109e+01
9.986394e-01 6.336552e-04 -5.214264e-02 6.066369e+00 -5.398450e-04 9.999982e-01 1.813156e-03 -4.252941e-01 5.214365e-02 -1.782536e-03 9.986379e-01 1.208978e+01
9.986627e-01 -5.108352e-04 5.169719e-02 6.116915e+00 5.856508e-04 9.999988e-01 -1.432030e-03 -4.447756e-01 -5.169644e-02 1.460396e-03 9.986617e-01 1.290252e+01
9.986940e-01 6.503127e-04 -5.108596e-02 6.172770e+00 -5.625983e-04 9.999983e-01 1.731343e-03 -4.601887e-01 5.108696e-02 -1.700337e-03 9.986927e-01 1.353050e+01
9.985905e-01 -4.918474e-04 5.307252e-02 6.151837e+00 5.720683e-04 9.999987e-01 -1.496332e-03 -4.672231e-01 -5.307176e-02 1.524588e-03 9.985894e-01 1.387901e+01
9.986351e-01 6.556546e-04 -5.222559e-02 6.206720e+00 -5.633445e-04 9.999983e-01 1.782212e-03 -4.775414e-01 5.222663e-02 -1.750354e-03 9.986336e-01 1.429952e+01
9.986717e-01 -6.135720e-04 5.152102e-02 6.248864e+00 6.929454e-04 9.999986e-01 -1.522732e-03 -4.815491e-01 -5.152006e-02 1.556415e-03 9.986707e-01 1.441471e+01
9.986430e-01 6.895795e-04 -5.207298e-02 6.063854e+00 -6.024731e-04 9.999984e-01 1.688438e-03 -4.682613e-01 5.207402e-02 -1.654770e-03 9.986418e-01 1.394649e+01
9.986280e-01 -5.586604e-04 5.236129e-02 5.700735e+00 6.443313e-04 9.999985e-01 -1.619262e-03 -4.442447e-01 -5.236034e-02 1.650783e-03 9.986268e-01 1.313463e+01
9.986563e-01 6.871992e-04 -5.181802e-02 5.352679e+00 -6.009488e-04 9.999984e-01 1.680032e-03 -4.210308e-01 5.181905e-02 -1.646630e-03 9.986550e-01 1.234778e+01
9.986980e-01 -5.960971e-04 5.100948e-02 5.108160e+00 6.747366e-04 9.999986e-01 -1.524436e-03 -4.043351e-01 -5.100854e-02 1.556873e-03 9.986969e-01 1.177184e+01
9.986012e-01 6.950405e-04 -5.286979e-02 5.059489e+00 -6.001674e-04 9.999982e-01 1.810307e-03 -4.026953e-01 5.287091e-02 -1.776039e-03 9.985997e-01 1.172934e+01
9.986667e-01 -6.266226e-04 5.161809e-02 4.982801e+00 7.081955e-04 9.999985e-01 -1.562019e-03 -3.974255e-01 -5.161708e-02 1.596497e-03 9.986656e-01 1.153462e+01
9.986356e-01 6.904838e-04 -5.221461e-02 4.791565e+00 -6.014248e-04 9.999983e-01 1.721310e-03 -3.832660e-01 5.221568e-02 -1.687554e-03 9.986343e-01 1.102831e+01
9.986729e-01 -6.204805e-04 5.149756e-02 4.587477e+00 7.017767e-04 9.999985e-01 -1.560552e-03 -3.688060e-01 -5.149655e-02 1.594626e-03 9.986718e-01 1.051902e+01
9.986537e-01 7.115349e-04 -5.186868e-02 4.364168e+00 -6.238953e-04 9.999984e-01 1.705799e-03 -3.542663e-01 5.186977e-02 -1.671137e-03 9.986524e-01 1.002938e+01
9.986700e-01 -6.551387e-04 5.155408e-02 4.206188e+00 7.335175e-04 9.999986e-01 -1.501393e-03 -3.477307e-01 -5.155306e-02 1.537217e-03 9.986690e-01 9.858345e+00
9.986190e-01 7.462339e-04 -5.253142e-02 3.950522e+00 -6.597481e-04 9.999984e-01 1.663668e-03 -3.302074e-01 5.253254e-02 -1.626709e-03 9.986178e-01 9.251652e+00
9.986958e-01 -6.439309e-04 5.105260e-02 3.638707e+00 7.222172e-04 9.999986e-01 -1.514987e-03 -3.081814e-01 -5.105159e-02 1.549887e-03 9.986947e-01 8.478873e+00
9.986540e-01 7.123241e-04 -5.186205e-02 3.451483e+00 -6.253207e-04 9.999984e-01 1.693782e-03 -2.950079e-01 5.186313e-02 -1.659068e-03 9.986527e-01 8.017976e+00
9.986930e-01 -6.489902e-04 5.110593e-02 3.197871e+00 7.294098e-04 9.999985e-01 -1.554928e-03 -2.758070e-01 -5.110489e-02 1.590177e-03 9.986919e-01 7.325793e+00
9.986894e-01 6.823534e-04 -5.117539e-02 3.018634e+00 -5.968934e-04 9.999984e-01 1.685190e-03 -2.598054e-01 5.117641e-02 -1.652431e-03 9.986882e-01 6.712760e+00
9.986694e-01 -6.408902e-04 5.156602e-02 2.983768e+00 7.195090e-04 9.999986e-01 -1.506053e-03 -2.600179e-01 -5.156502e-02 1.541156e-03 9.986684e-01 6.724034e+00
9.987404e-01 7.270725e-04 -5.017037e-02 2.886851e+00 -6.440659e-04 9.999984e-01 1.670624e-03 -2.590509e-01 5.017146e-02 -1.636202e-03 9.987392e-01 6.749452e+00
9.986660e-01 -6.449569e-04 5.163060e-02 2.844360e+00 7.225959e-04 9.999986e-01 -1.485063e-03 -2.618347e-01 -5.162962e-02 1.520395e-03 9.986651e-01 6.900921e+00
9.986661e-01 7.863287e-04 -5.162683e-02 2.894071e+00 -6.923695e-04 9.999981e-01 1.837809e-03 -2.778952e-01 5.162813e-02 -1.799608e-03 9.986647e-01 7.570283e+00
9.986859e-01 -7.339797e-04 5.124280e-02 2.898461e+00 8.150235e-04 9.999984e-01 -1.560663e-03 -2.861904e-01 -5.124161e-02 1.600381e-03 9.986849e-01 7.921895e+00
9.986084e-01 8.850453e-04 -5.273031e-02 2.945600e+00 -7.807289e-04 9.999977e-01 1.998849e-03 -3.054876e-01 5.273191e-02 -1.954895e-03 9.986067e-01 8.734548e+00
9.986891e-01 -7.346964e-04 5.118174e-02 2.985773e+00 8.145300e-04 9.999985e-01 -1.538943e-03 -3.261189e-01 -5.118058e-02 1.578619e-03 9.986881e-01 9.615299e+00
9.986471e-01 8.873868e-04 -5.199187e-02 3.032953e+00 -7.865722e-04 9.999978e-01 1.959457e-03 -3.474191e-01 5.199345e-02 -1.915906e-03 9.986455e-01 1.051092e+01
9.987080e-01 -7.872130e-04 5.081081e-02 3.091724e+00 8.667463e-04 9.999984e-01 -1.543243e-03 -3.672371e-01 -5.080956e-02 1.585295e-03 9.987070e-01 1.132192e+01
9.986421e-01 9.115731e-04 -5.208842e-02 3.145703e+00 -8.103660e-04 9.999977e-01 1.964054e-03 -3.876886e-01 5.209005e-02 -1.919172e-03 9.986405e-01 1.216617e+01
9.986551e-01 -7.643932e-04 5.183928e-02 3.186487e+00 8.456524e-04 9.999984e-01 -1.545581e-03 -4.113951e-01 -5.183806e-02 1.587345e-03 9.986541e-01 1.317375e+01
9.986323e-01 8.760800e-04 -5.227563e-02 3.226069e+00 -7.772328e-04 9.999979e-01 1.911165e-03 -4.286333e-01 5.227715e-02 -1.867916e-03 9.986308e-01 1.389489e+01
9.986643e-01 -7.608315e-04 5.166349e-02 3.279943e+00 8.404038e-04 9.999985e-01 -1.518474e-03 -4.477908e-01 -5.166230e-02 1.559869e-03 9.986633e-01 1.468752e+01
9.985841e-01 8.684417e-04 -5.318919e-02 3.347350e+00 -7.680575e-04 9.999979e-01 1.907697e-03 -4.621051e-01 5.319070e-02 -1.864138e-03 9.985825e-01 1.525270e+01
9.986759e-01 -8.751245e-04 5.143645e-02 3.497644e+00 9.563836e-04 9.999983e-01 -1.555177e-03 -4.747287e-01 -5.143504e-02 1.602316e-03 9.986750e-01 1.561443e+01
9.985999e-01 7.564271e-04 -5.289316e-02 3.751570e+00 -6.614174e-04 9.999981e-01 1.813721e-03 -4.881617e-01 5.289439e-02 -1.776192e-03 9.985984e-01 1.583773e+01
9.985946e-01 -7.485498e-04 5.299237e-02 3.866077e+00 8.332998e-04 9.999984e-01 -1.577186e-03 -5.006522e-01 -5.299115e-02 1.619133e-03 9.985936e-01 1.621903e+01
9.985217e-01 7.395707e-04 -5.434894e-02 3.887992e+00 -6.425878e-04 9.999982e-01 1.801882e-03 -4.974911e-01 5.435013e-02 -1.764290e-03 9.985203e-01 1.599136e+01
9.986230e-01 -8.125935e-04 5.245345e-02 3.901052e+00 8.984739e-04 9.999983e-01 -1.613682e-03 -4.882826e-01 -5.245209e-02 1.658594e-03 9.986220e-01 1.545676e+01
9.985322e-01 8.964496e-04 -5.415321e-02 3.707466e+00 -7.995868e-04 9.999980e-01 1.810302e-03 -4.721237e-01 5.415468e-02 -1.764339e-03 9.985309e-01 1.484537e+01
9.986403e-01 -7.876621e-04 5.212419e-02 3.630299e+00 8.677123e-04 9.999985e-01 -1.513121e-03 -4.679914e-01 -5.212296e-02 1.556298e-03 9.986394e-01 1.471780e+01
9.985731e-01 8.363520e-04 -5.339470e-02 3.668151e+00 -7.411372e-04 9.999981e-01 1.802982e-03 -4.715350e-01 5.339606e-02 -1.760831e-03 9.985718e-01 1.481710e+01
9.987041e-01 -7.736903e-04 5.088686e-02 3.680218e+00 8.515891e-04 9.999985e-01 -1.509133e-03 -4.710147e-01 -5.088566e-02 1.550517e-03 9.987032e-01 1.475407e+01
9.986307e-01 8.767140e-04 -5.230569e-02 3.754754e+00 -7.790504e-04 9.999979e-01 1.887509e-03 -4.853271e-01 5.230719e-02 -1.844171e-03 9.986292e-01 1.530857e+01
9.987443e-01 -8.069026e-04 5.009076e-02 3.811840e+00 8.839982e-04 9.999985e-01 -1.516954e-03 -4.958083e-01 -5.008950e-02 1.559335e-03 9.987434e-01 1.571248e+01
9.986816e-01 8.583382e-04 -5.132549e-02 3.830878e+00 -7.665827e-04 9.999981e-01 1.807357e-03 -4.997919e-01 5.132690e-02 -1.765623e-03 9.986802e-01 1.585007e+01
9.987254e-01 -7.973628e-04 5.046679e-02 3.876747e+00 8.749911e-04 9.999985e-01 -1.516103e-03 -5.074611e-01 -5.046555e-02 1.558334e-03 9.987245e-01 1.613915e+01
9.986688e-01 8.320833e-04 -5.157387e-02 3.776952e+00 -7.445376e-04 9.999982e-01 1.716649e-03 -4.968696e-01 5.157516e-02 -1.675960e-03 9.986676e-01 1.569577e+01
9.987436e-01 -7.789696e-04 5.010646e-02 3.654978e+00 8.553832e-04 9.999985e-01 -1.503571e-03 -4.858209e-01 -5.010526e-02 1.544548e-03 9.987427e-01 1.526524e+01
9.986810e-01 8.448380e-04 -5.133766e-02 3.673928e+00 -7.539170e-04 9.999981e-01 1.790357e-03 -4.889697e-01 5.133903e-02 -1.749285e-03 9.986797e-01 1.536931e+01
9.987329e-01 -7.625343e-04 5.031890e-02 3.703499e+00 8.371200e-04 9.999986e-01 -1.461173e-03 -4.978878e-01 -5.031776e-02 1.501450e-03 9.987320e-01 1.573735e+01
9.986147e-01 9.250084e-04 -5.260991e-02 3.533294e+00 -8.339290e-04 9.999981e-01 1.753125e-03 -4.941034e-01 5.261139e-02 -1.706818e-03 9.986135e-01 1.571492e+01
9.986793e-01 -7.656837e-04 5.137175e-02 3.433478e+00 8.396723e-04 9.999986e-01 -1.418664e-03 -4.984243e-01 -5.137064e-02 1.459931e-03 9.986785e-01 1.600988e+01
9.987250e-01 8.808746e-04 -5.047463e-02 3.266050e+00 -8.032665e-04 9.999985e-01 1.557810e-03 -4.885430e-01 5.047588e-02 -1.515273e-03 9.987240e-01 1.569779e+01
9.986798e-01 -7.628232e-04 5.136236e-02 3.123986e+00 8.366921e-04 9.999986e-01 -1.416676e-03 -4.788040e-01 -5.136125e-02 1.457786e-03 9.986790e-01 1.536278e+01
9.986272e-01 9.276410e-04 -5.237187e-02 3.065561e+00 -8.373979e-04 9.999981e-01 1.745016e-03 -4.836397e-01 5.237335e-02 -1.698759e-03 9.986260e-01 1.565031e+01
9.986201e-01 -8.854506e-04 5.250810e-02 3.127048e+00 9.667714e-04 9.999984e-01 -1.523320e-03 -4.851844e-01 -5.250671e-02 1.571987e-03 9.986192e-01 1.561766e+01
9.986030e-01 9.502186e-04 -5.283137e-02 3.109250e+00 -8.591986e-04 9.999981e-01 1.745503e-03 -4.815126e-01 5.283288e-02 -1.697667e-03 9.986018e-01 1.543532e+01
9.984789e-01 -8.548612e-04 5.512794e-02 3.020855e+00 9.460814e-04 9.999982e-01 -1.628596e-03 -4.732520e-01 -5.512650e-02 1.678280e-03 9.984779e-01 1.510902e+01
9.985078e-01 9.705099e-04 -5.460149e-02 2.988673e+00 -8.697966e-04 9.999979e-01 1.868229e-03 -4.758426e-01 5.460314e-02 -1.817944e-03 9.985064e-01 1.525195e+01
9.985248e-01 -9.115610e-04 5.428948e-02 2.938627e+00 1.000201e-03 9.999982e-01 -1.605549e-03 -4.769057e-01 -5.428796e-02 1.657486e-03 9.985239e-01 1.532705e+01
9.984961e-01 9.917959e-04 -5.481420e-02 2.802081e+00 -8.923817e-04 9.999979e-01 1.838084e-03 -4.717022e-01 5.481586e-02 -1.786399e-03 9.984948e-01 1.520168e+01
9.985621e-01 -8.676294e-04 5.360097e-02 2.830988e+00 9.446880e-04 9.999986e-01 -1.412286e-03 -4.907308e-01 -5.359972e-02 1.460897e-03 9.985613e-01 1.602282e+01
9.984642e-01 9.809350e-04 -5.539193e-02 2.900590e+00 -8.785108e-04 9.999979e-01 1.873380e-03 -5.130905e-01 5.539361e-02 -1.821835e-03 9.984628e-01 1.692804e+01
9.985013e-01 -9.599105e-04 5.472030e-02 3.030987e+00 1.047324e-03 9.999982e-01 -1.568778e-03 -5.261113e-01 -5.471874e-02 1.623742e-03 9.985004e-01 1.732736e+01
9.984133e-01 1.078493e-03 -5.630097e-02 3.019660e+00 -9.706890e-04 9.999976e-01 1.942065e-03 -5.378511e-01 5.630289e-02 -1.884327e-03 9.984119e-01 1.785825e+01
9.985042e-01 -9.149517e-04 5.466685e-02 3.044968e+00 9.977637e-04 9.999984e-01 -1.487545e-03 -5.551994e-01 -5.466545e-02 1.539871e-03 9.985034e-01 1.861689e+01
9.985186e-01 1.007988e-03 -5.440210e-02 3.126036e+00 -9.137969e-04 9.999980e-01 1.756210e-03 -5.656412e-01 5.440372e-02 -1.703890e-03 9.985175e-01 1.897428e+01
9.985532e-01 -9.431544e-04 5.376351e-02 3.198163e+00 1.022325e-03 9.999984e-01 -1.445063e-03 -5.774063e-01 -5.376211e-02 1.497942e-03 9.985526e-01 1.941032e+01
9.985050e-01 1.055840e-03 -5.464999e-02 3.266324e+00 -9.579073e-04 9.999979e-01 1.818148e-03 -5.909648e-01 5.465175e-02 -1.763075e-03 9.985038e-01 1.994269e+01
9.984343e-01 -1.002156e-03 5.592865e-02 3.449706e+00 1.087165e-03 9.999983e-01 -1.489517e-03 -6.143988e-01 -5.592711e-02 1.547994e-03 9.984336e-01 2.073515e+01
9.985653e-01 1.120378e-03 -5.353550e-02 3.607056e+00 -1.023451e-03 9.999978e-01 1.837878e-03 -6.419696e-01 5.353739e-02 -1.780445e-03 9.985642e-01 2.175248e+01
9.985850e-01 -9.885177e-04 5.317038e-02 3.660825e+00 1.068040e-03 9.999984e-01 -1.467185e-03 -6.562275e-01 -5.316888e-02 1.521903e-03 9.985843e-01 2.233742e+01
9.986504e-01 1.109825e-03 -5.192372e-02 3.766729e+00 -1.021269e-03 9.999980e-01 1.731980e-03 -6.672733e-01 5.192549e-02 -1.676608e-03 9.986495e-01 2.270849e+01
9.985918e-01 -1.050429e-03 5.304023e-02 3.926750e+00 1.128635e-03 9.999983e-01 -1.444506e-03 -6.800295e-01 -5.303867e-02 1.502341e-03 9.985912e-01 2.308850e+01
9.985529e-01 1.150619e-03 -5.376590e-02 3.993030e+00 -1.056695e-03 9.999979e-01 1.775271e-03 -6.900189e-01 5.376778e-02 -1.715882e-03 9.985519e-01 2.346079e+01
9.985771e-01 -1.000151e-03 5.331729e-02 4.047222e+00 1.072430e-03 9.999985e-01 -1.327022e-03 -7.114960e-01 -5.331593e-02 1.382318e-03 9.985766e-01 2.436196e+01
9.985043e-01 1.118260e-03 -5.466243e-02 4.115373e+00 -1.024901e-03 9.999980e-01 1.735904e-03 -7.265887e-01 5.466422e-02 -1.677278e-03 9.985033e-01 2.496107e+01
9.985215e-01 -1.015630e-03 5.434888e-02 4.144967e+00 1.095364e-03 9.999984e-01 -1.437278e-03 -7.337723e-01 -5.434737e-02 1.494691e-03 9.985209e-01 2.524758e+01
9.985099e-01 1.156060e-03 -5.455916e-02 4.190588e+00 -1.059671e-03 9.999978e-01 1.795559e-03 -7.470404e-01 5.456107e-02 -1.735063e-03 9.985088e-01 2.579919e+01
9.985245e-01 -1.096299e-03 5.429193e-02 4.248365e+00 1.179114e-03 9.999982e-01 -1.493314e-03 -7.571703e-01 -5.429024e-02 1.555133e-03 9.985239e-01 2.617401e+01
9.984638e-01 1.170608e-03 -5.539624e-02 4.242439e+00 -1.072768e-03 9.999978e-01 1.795866e-03 -7.597355e-01 5.539818e-02 -1.733674e-03 9.984627e-01 2.627117e+01
9.984832e-01 -1.081174e-03 5.504670e-02 4.225174e+00 1.166568e-03 9.999982e-01 -1.519164e-03 -7.633687e-01 -5.504501e-02 1.581081e-03 9.984825e-01 2.643093e+01
9.984726e-01 1.164158e-03 -5.523592e-02 4.121217e+00 -1.070224e-03 9.999979e-01 1.730132e-03 -7.551218e-01 5.523777e-02 -1.668369e-03 9.984717e-01 2.612757e+01
9.985490e-01 -1.052064e-03 5.384062e-02 3.986526e+00 1.133143e-03 9.999983e-01 -1.475377e-03 -7.476437e-01 -5.383902e-02 1.534251e-03 9.985484e-01 2.589425e+01
9.986004e-01 1.171848e-03 -5.287679e-02 3.936385e+00 -1.084144e-03 9.999980e-01 1.687279e-03 -7.483479e-01 5.287862e-02 -1.627586e-03 9.985995e-01 2.595967e+01
9.985222e-01 -1.093808e-03 5.433508e-02 3.873064e+00 1.179502e-03 9.999981e-01 -1.545074e-03 -7.429351e-01 -5.433333e-02 1.606885e-03 9.985215e-01 2.573472e+01
9.985830e-01 1.133148e-03 -5.320413e-02 3.915787e+00 -1.044104e-03 9.999980e-01 1.701370e-03 -7.420879e-01 5.320590e-02 -1.643402e-03 9.985821e-01 2.558706e+01
9.985213e-01 -1.046807e-03 5.435125e-02 4.045578e+00 1.126858e-03 9.999983e-01 -1.442179e-03 -7.547430e-01 -5.434969e-02 1.501299e-03 9.985207e-01 2.598773e+01
9.984054e-01 1.119449e-03 -5.643984e-02 4.149850e+00 -1.016734e-03 9.999978e-01 1.848559e-03 -7.681021e-01 5.644174e-02 -1.788221e-03 9.984042e-01 2.646188e+01
9.984489e-01 -9.999047e-04 5.566671e-02 4.212777e+00 1.081950e-03 9.999984e-01 -1.443708e-03 -7.844445e-01 -5.566522e-02 1.501704e-03 9.984483e-01 2.712452e+01
9.983730e-01 1.103938e-03 -5.701036e-02 4.288253e+00 -1.000461e-03 9.999978e-01 1.843537e-03 -7.990469e-01 5.701222e-02 -1.783494e-03 9.983718e-01 2.769117e+01
9.984551e-01 -1.063507e-03 5.555372e-02 4.415223e+00 1.147413e-03 9.999982e-01 -1.478453e-03 -8.135218e-01 -5.555209e-02 1.539919e-03 9.984545e-01 2.817511e+01
9.983650e-01 1.108999e-03 -5.714991e-02 4.534851e+00 -1.005704e-03 9.999978e-01 1.836159e-03 -8.252144e-01 5.715178e-02 -1.775675e-03 9.983638e-01 2.854328e+01
9.987494e-01 -1.025874e-03 4.998584e-02 4.654591e+00 1.090001e-03 9.999986e-01 -1.255623e-03 -8.329902e-01 -4.998453e-02 1.308544e-03 9.987490e-01 2.875601e+01
9.976495e-01 1.377357e-03 -6.850928e-02 4.812907e+00 -1.215527e-03 9.999964e-01 2.403771e-03 -8.420628e-01 6.851229e-02 -2.314840e-03 9.976475e-01 2.902434e+01
9.978668e-01 -1.353181e-03 6.526824e-02 5.005675e+00 1.486534e-03 9.999969e-01 -1.994596e-03 -8.515524e-01 -6.526539e-02 2.087372e-03 9.978657e-01 2.919005e+01
9.971763e-01 1.620479e-03 -7.507886e-02 5.039386e+00 -1.420884e-03 9.999953e-01 2.711786e-03 -8.494298e-01 7.508285e-02 -2.597443e-03 9.971738e-01 2.904580e+01
9.979166e-01 -1.370149e-03 6.450176e-02 5.164655e+00 1.498164e-03 9.999970e-01 -1.936308e-03 -8.556071e-01 -6.449897e-02 2.028915e-03 9.979156e-01 2.919337e+01
9.977070e-01 1.492957e-03 -6.766442e-02 5.271432e+00 -1.332942e-03 9.999962e-01 2.409897e-03 -8.675558e-01 6.766771e-02 -2.314172e-03 9.977051e-01 2.960676e+01
9.978282e-01 -1.317249e-03 6.585693e-02 5.320307e+00 1.447101e-03 9.999971e-01 -1.924026e-03 -8.850253e-01 -6.585425e-02 2.015156e-03 9.978271e-01 3.033589e+01
9.978324e-01 1.561963e-03 -6.578820e-02 5.362261e+00 -1.408399e-03 9.999962e-01 2.380505e-03 -9.060872e-01 6.579162e-02 -2.282682e-03 9.978307e-01 3.123529e+01
9.978968e-01 -1.356419e-03 6.480879e-02 5.393980e+00 1.483457e-03 9.999971e-01 -1.912095e-03 -9.235852e-01 -6.480606e-02 2.004221e-03 9.978958e-01 3.199094e+01
9.977146e-01 1.567169e-03 -6.755024e-02 5.411795e+00 -1.408880e-03 9.999961e-01 2.390826e-03 -9.352411e-01 6.755368e-02 -2.290185e-03 9.977129e-01 3.250548e+01
9.978519e-01 -1.375117e-03 6.549626e-02 5.430109e+00 1.503632e-03 9.999970e-01 -1.912884e-03 -9.487178e-01 -6.549348e-02 2.007264e-03 9.978509e-01 3.310209e+01
9.977203e-01 1.553742e-03 -6.746638e-02 5.482421e+00 -1.395881e-03 9.999962e-01 2.386907e-03 -9.633379e-01 6.746978e-02 -2.287284e-03 9.977186e-01 3.370266e+01
9.980584e-01 -1.393816e-03 6.226966e-02 5.559762e+00 1.510847e-03 9.999972e-01 -1.832338e-03 -9.761852e-01 -6.226699e-02 1.922867e-03 9.980576e-01 3.419667e+01
9.977515e-01 1.572860e-03 -6.700320e-02 5.629908e+00 -1.416361e-03 9.999962e-01 2.383101e-03 -9.896331e-01 6.700663e-02 -2.282835e-03 9.977498e-01 3.472579e+01
9.982059e-01 -1.260583e-03 5.986187e-02 5.543115e+00 1.367646e-03 9.999975e-01 -1.747526e-03 -9.921817e-01 -5.985957e-02 1.826268e-03 9.982050e-01 3.494875e+01
9.971508e-01 1.884486e-03 -7.541034e-02 5.358338e+00 -1.678999e-03 9.999947e-01 2.788188e-03 -9.884812e-01 7.541515e-02 -2.653623e-03 9.971486e-01 3.501754e+01
9.988826e-01 -1.057507e-03 4.724844e-02 5.189092e+00 1.113392e-03 9.999987e-01 -1.156437e-03 -9.841260e-01 -4.724722e-02 1.207758e-03 9.988824e-01 3.508227e+01
9.980225e-01 1.515765e-03 -6.283998e-02 5.030083e+00 -1.383746e-03 9.999967e-01 2.144305e-03 -9.769906e-01 6.284297e-02 -2.053103e-03 9.980212e-01 3.493822e+01
9.981799e-01 -1.311948e-03 6.029277e-02 4.785827e+00 1.423732e-03 9.999973e-01 -1.811043e-03 -9.634194e-01 -6.029029e-02 1.893595e-03 9.981790e-01 3.452477e+01
9.979766e-01 1.564776e-03 -6.356234e-02 4.583416e+00 -1.427747e-03 9.999966e-01 2.201161e-03 -9.549062e-01 6.356551e-02 -2.105949e-03 9.979754e-01 3.431897e+01
9.994748e-01 -7.326683e-04 3.239717e-02 4.445691e+00 7.480398e-04 9.999996e-01 -4.622705e-04 -9.508866e-01 -3.239688e-02 4.862694e-04 9.994749e-01 3.437993e+01
9.987927e-01 1.239967e-03 -4.910841e-02 4.297184e+00 -1.168005e-03 9.999982e-01 1.493997e-03 -9.483998e-01 4.911011e-02 -1.434827e-03 9.987922e-01 3.447019e+01
9.990221e-01 -1.118848e-03 4.419916e-02 4.237736e+00 1.164922e-03 9.999988e-01 -1.016595e-03 -9.481341e-01 -4.419803e-02 1.067096e-03 9.990221e-01 3.450424e+01
9.988871e-01 1.213800e-03 -4.714853e-02 4.148884e+00 -1.151654e-03 9.999984e-01 1.345189e-03 -9.440615e-01 4.715003e-02 -1.289386e-03 9.988869e-01 3.437927e+01
9.989968e-01 -1.122841e-03 4.476655e-02 4.032677e+00 1.169792e-03 9.999988e-01 -1.022542e-03 -9.411086e-01 -4.476541e-02 1.073891e-03 9.989969e-01 3.433530e+01
9.988291e-01 1.258259e-03 -4.836191e-02 3.833733e+00 -1.192035e-03 9.999983e-01 1.398101e-03 -9.327880e-01 4.836352e-02 -1.338807e-03 9.988288e-01 3.412940e+01
9.989549e-01 -1.115042e-03 4.569248e-02 3.615118e+00 1.166480e-03 9.999987e-01 -1.099032e-03 -9.227230e-01 -4.569126e-02 1.151190e-03 9.989549e-01 3.385642e+01
9.988710e-01 1.193090e-03 -4.749013e-02 3.648943e+00 -1.122189e-03 9.999982e-01 1.519536e-03 -9.383249e-01 4.749179e-02 -1.464519e-03 9.988705e-01 3.451292e+01
9.989698e-01 -1.161246e-03 4.536488e-02 3.741779e+00 1.212804e-03 9.999986e-01 -1.108939e-03 -9.559801e-01 -4.536360e-02 1.162823e-03 9.989698e-01 3.518067e+01
9.988411e-01 1.071298e-03 -4.811838e-02 3.882955e+00 -1.004529e-03 9.999985e-01 1.411698e-03 -9.598075e-01 4.811976e-02 -1.361718e-03 9.988406e-01 3.512587e+01
9.990417e-01 -1.202727e-03 4.375179e-02 4.038724e+00 1.253084e-03 9.999986e-01 -1.123507e-03 -9.567950e-01 -4.375044e-02 1.177262e-03 9.990417e-01 3.471621e+01
9.987060e-01 1.148044e-03 -5.084296e-02 4.275684e+00 -1.067306e-03 9.999981e-01 1.615050e-03 -9.612177e-01 5.084466e-02 -1.558688e-03 9.987053e-01 3.459455e+01
9.990866e-01 -1.215165e-03 4.271309e-02 4.512822e+00 1.260577e-03 9.999987e-01 -1.036189e-03 -9.652430e-01 -4.271184e-02 1.089093e-03 9.990868e-01 3.446681e+01
9.988604e-01 1.018333e-03 -4.771616e-02 4.760290e+00 -9.553412e-04 9.999986e-01 1.342865e-03 -9.654814e-01 4.771740e-02 -1.295741e-03 9.988599e-01 3.408401e+01
9.988988e-01 -1.058982e-03 4.690431e-02 4.765452e+00 1.114253e-03 9.999987e-01 -1.152189e-03 -9.597452e-01 -4.690309e-02 1.203191e-03 9.988986e-01 3.374839e+01
9.988333e-01 9.832419e-04 -4.828144e-02 4.805978e+00 -9.188883e-04 9.999987e-01 1.355006e-03 -9.546722e-01 4.828264e-02 -1.309052e-03 9.988328e-01 3.338707e+01
9.989296e-01 -1.155376e-03 4.624272e-02 5.088996e+00 1.205420e-03 9.999987e-01 -1.054261e-03 -9.742255e-01 -4.624151e-02 1.108882e-03 9.989296e-01 3.384789e+01
9.987678e-01 8.464603e-04 -4.961950e-02 5.546512e+00 -7.785543e-04 9.999987e-01 1.387793e-03 -9.989293e-01 4.962055e-02 -1.347443e-03 9.987671e-01 3.428715e+01
9.990937e-01 -1.475449e-03 4.253912e-02 6.345044e+00 1.520133e-03 9.999983e-01 -1.018013e-03 -1.041198e+00 -4.253761e-02 1.081764e-03 9.990942e-01 3.499772e+01
9.987951e-01 8.845193e-04 -4.906629e-02 7.052326e+00 -8.176843e-04 9.999987e-01 1.382137e-03 -1.086878e+00 4.906739e-02 -1.340343e-03 9.987945e-01 3.596448e+01
9.993757e-01 -8.132572e-04 3.532063e-02 7.221809e+00 8.318940e-04 9.999995e-01 -5.128604e-04 -1.103558e+00 -3.532027e-02 5.419311e-04 9.993758e-01 3.652218e+01
9.982038e-01 1.422302e-03 -5.989253e-02 7.257528e+00 -1.308559e-03 9.999973e-01 1.938249e-03 -1.104208e+00 5.989505e-02 -1.856387e-03 9.982029e-01 3.660019e+01
9.987806e-01 -1.246136e-03 4.935284e-02 7.377361e+00 1.304736e-03 9.999985e-01 -1.155104e-03 -1.111845e+00 -4.935140e-02 1.218096e-03 9.987807e-01 3.683660e+01
9.982619e-01 1.365589e-03 -5.891705e-02 7.532673e+00 -1.256306e-03 9.999974e-01 1.891809e-03 -1.123348e+00 5.891941e-02 -1.814495e-03 9.982610e-01 3.718433e+01
9.989685e-01 -1.196620e-03 4.539281e-02 7.686681e+00 1.242801e-03 9.999987e-01 -9.890774e-04 -1.133363e+00 -4.539164e-02 1.044479e-03 9.989686e-01 3.748247e+01
9.985724e-01 1.287477e-03 -5.339928e-02 7.824983e+00 -1.201645e-03 9.999979e-01 1.639369e-03 -1.144595e+00 5.340121e-02 -1.572853e-03 9.985718e-01 3.784055e+01
9.985907e-01 -1.178223e-03 5.305786e-02 7.903170e+00 1.247597e-03 9.999984e-01 -1.274335e-03 -1.154847e+00 -5.305635e-02 1.338742e-03 9.985905e-01 3.822839e+01
9.984756e-01 1.203306e-03 -5.518216e-02 8.041024e+00 -1.112823e-03 9.999980e-01 1.670356e-03 -1.166189e+00 5.518398e-02 -1.606393e-03 9.984748e-01 3.857309e+01
9.987558e-01 -1.273476e-03 4.985104e-02 8.260211e+00 1.333525e-03 9.999984e-01 -1.171240e-03 -1.183104e+00 -4.984955e-02 1.236269e-03 9.987559e-01 3.904422e+01
9.987087e-01 1.316540e-03 -5.078480e-02 8.384598e+00 -1.241692e-03 9.999981e-01 1.505275e-03 -1.192975e+00 5.078661e-02 -1.440264e-03 9.987084e-01 3.934165e+01
9.997016e-01 -8.412284e-04 2.441151e-02 8.445155e+00 8.415603e-04 9.999996e-01 -3.162854e-06 -1.196903e+00 -2.441158e-02 2.371394e-05 9.997019e-01 3.954202e+01
9.983453e-01 1.404316e-03 -5.748642e-02 8.622123e+00 -1.302347e-03 9.999975e-01 1.811148e-03 -1.208821e+00 5.748875e-02 -1.733275e-03 9.983446e-01 3.995721e+01
9.987149e-01 -1.522863e-03 5.065744e-02 8.893493e+00 1.588606e-03 9.999979e-01 -1.257471e-03 -1.229571e+00 -5.065550e-02 1.336338e-03 9.987152e-01 4.051828e+01
9.981326e-01 1.381918e-03 -6.106783e-02 9.263411e+00 -1.261486e-03 9.999972e-01 2.010541e-03 -1.256429e+00 6.107036e-02 -1.929742e-03 9.981315e-01 4.121138e+01
9.985779e-01 -1.587345e-03 5.328839e-02 9.621327e+00 1.666503e-03 9.999976e-01 -1.440970e-03 -1.284622e+00 -5.328605e-02 1.527735e-03 9.985780e-01 4.196269e+01
9.984060e-01 1.539173e-03 -5.641940e-02 9.837903e+00 -1.435422e-03 9.999972e-01 1.879335e-03 -1.303879e+00 5.642205e-02 -1.795345e-03 9.984053e-01 4.252603e+01
9.986496e-01 -1.635474e-03 5.192566e-02 1.007748e+01 1.710151e-03 9.999976e-01 -1.393662e-03 -1.323093e+00 -5.192333e-02 1.480589e-03 9.986499e-01 4.306329e+01
9.981097e-01 1.563238e-03 -6.143815e-02 1.038603e+01 -1.435745e-03 9.999967e-01 2.119167e-03 -1.346008e+00 6.144118e-02 -2.026943e-03 9.981086e-01 4.367350e+01
9.986920e-01 -1.532096e-03 5.110587e-02 1.060801e+01 1.603741e-03 9.999978e-01 -1.360822e-03 -1.363321e+00 -5.110376e-02 1.441011e-03 9.986922e-01 4.417588e+01
9.981249e-01 1.556268e-03 -6.119055e-02 1.085286e+01 -1.429285e-03 9.999967e-01 2.118844e-03 -1.381379e+00 6.119356e-02 -2.027404e-03 9.981238e-01 4.467515e+01
9.987327e-01 -1.540628e-03 5.030521e-02 1.110784e+01 1.610968e-03 9.999978e-01 -1.357654e-03 -1.398640e+00 -5.030309e-02 1.436982e-03 9.987329e-01 4.512821e+01
9.979328e-01 1.687944e-03 -6.424291e-02 1.130854e+01 -1.543529e-03 9.999962e-01 2.297453e-03 -1.415286e+00 6.424646e-02 -2.193535e-03 9.979316e-01 4.564494e+01
9.990589e-01 -1.393717e-03 4.335059e-02 1.146711e+01 1.439784e-03 9.999984e-01 -1.031341e-03 -1.429217e+00 -4.334917e-02 1.092795e-03 9.990593e-01 4.613069e+01
9.981696e-01 1.441865e-03 -6.045989e-02 1.174021e+01 -1.316333e-03 9.999969e-01 2.115989e-03 -1.455453e+00 6.046267e-02 -2.032522e-03 9.981683e-01 4.696372e+01
9.984754e-01 -1.494265e-03 5.517790e-02 1.194521e+01 1.582397e-03 9.999975e-01 -1.553482e-03 -1.480626e+00 -5.517553e-02 1.638436e-03 9.984753e-01 4.780819e+01
9.980611e-01 1.531855e-03 -6.222181e-02 1.212008e+01 -1.398505e-03 9.999966e-01 2.186557e-03 -1.498810e+00 6.222487e-02 -2.095291e-03 9.980599e-01 4.840438e+01
9.985533e-01 -1.379118e-03 5.375327e-02 1.222621e+01 1.461092e-03 9.999978e-01 -1.485636e-03 -1.511211e+00 -5.375119e-02 1.562033e-03 9.985531e-01 4.886021e+01
9.979890e-01 1.506119e-03 -6.336836e-02 1.238187e+01 -1.366108e-03 9.999965e-01 2.252671e-03 -1.527182e+00 6.337145e-02 -2.161564e-03 9.979876e-01 4.940159e+01
9.988760e-01 -1.294885e-03 4.738232e-02 1.252833e+01 1.355328e-03 9.999983e-01 -1.243435e-03 -1.541290e+00 -4.738072e-02 1.306265e-03 9.988760e-01 4.989505e+01
9.974177e-01 1.903192e-03 -7.179332e-02 1.260066e+01 -1.712379e-03 9.999948e-01 2.719203e-03 -1.546723e+00 7.179804e-02 -2.589235e-03 9.974158e-01 5.014615e+01
9.978837e-01 -1.669280e-03 6.500239e-02 1.269040e+01 1.807928e-03 9.999962e-01 -2.074111e-03 -1.553883e+00 -6.499877e-02 2.187250e-03 9.978829e-01 5.039467e+01
9.980029e-01 1.886735e-03 -6.313949e-02 1.275500e+01 -1.739313e-03 9.999956e-01 2.389662e-03 -1.561088e+00 6.314363e-02 -2.275062e-03 9.980018e-01 5.067750e+01
9.988798e-01 -2.125657e-03 4.727077e-02 1.330407e+01 2.192500e-03 9.999967e-01 -1.362129e-03 -1.597653e+00 -4.726781e-02 1.464253e-03 9.988811e-01 5.155291e+01
9.971187e-01 1.601670e-03 -7.584012e-02 1.425769e+01 -1.388035e-03 9.999949e-01 2.869465e-03 -1.659647e+00 7.584424e-02 -2.755920e-03 9.971158e-01 5.294968e+01
9.990704e-01 -1.879146e-03 4.306564e-02 1.505004e+01 1.934745e-03 9.999973e-01 -1.249235e-03 -1.710437e+00 -4.306327e-02 1.331404e-03 9.990714e-01 5.411982e+01
9.969491e-01 1.796488e-03 -7.803346e-02 1.575408e+01 -1.560411e-03 9.999940e-01 3.086118e-03 -1.755512e+00 7.803845e-02 -2.954929e-03 9.969459e-01 5.518616e+01
9.988831e-01 -1.928241e-03 4.720936e-02 1.641913e+01 2.001428e-03 9.999969e-01 -1.502890e-03 -1.799640e+00 -4.720641e-02 1.595706e-03 9.988838e-01 5.625328e+01
9.972851e-01 1.669870e-03 -7.361825e-02 1.712401e+01 -1.454767e-03 9.999945e-01 2.975316e-03 -1.848235e+00 7.362272e-02 -2.860132e-03 9.972820e-01 5.743977e+01
9.989098e-01 -1.997681e-03 4.663844e-02 1.788528e+01 2.073829e-03 9.999966e-01 -1.584236e-03 -1.898843e+00 -4.663522e-02 1.679238e-03 9.989105e-01 5.862903e+01
9.974840e-01 1.733248e-03 -7.087088e-02 1.857545e+01 -1.529161e-03 9.999945e-01 2.933763e-03 -1.944199e+00 7.087548e-02 -2.817999e-03 9.974811e-01 5.968865e+01
