0.999633520565503 5.325635112330979e-06 0.02707073204506076 0.029334457591176033 8.632656837772273e-07 0.9999999738688318 -0.00022860794002623502 -0.009094662964344025 -0.02707073255515338 0.00022854752915166192 0.999633494439314 0.5832197666168213
0.9995449663248323 -3.131847184765123e-05 0.030163874317524226 0.032736051827669144 4.009546068452318e-05 0.9999999570382184 -0.00029037202931348676 -0.008866180665791035 -0.030163863927622218 0.0002914493346986135 0.9995449246383282 0.5675959587097168
0.9995516234194196 1.3499262873754764e-05 0.029942477141562333 0.03262047469615936 -7.287426356458337e-06 0.9999999784311842 -0.00020756812163737895 -0.008857754990458488 -0.02994247929775519 0.0002072568493556626 0.9995516019586493 0.5918196439743042
0.9995160881605348 7.760763547339774e-05 0.031106004007541006 0.03404519334435463 -7.200544363756631e-05 0.999999980987237 -0.0001812201479049324 -0.009576631709933281 -0.0311060174801971 0.00017889265171145666 0.9995160747451444 0.6300903558731079
0.9992008128536672 2.6431891656423333e-05 0.03997167614606604 0.04402236267924309 -1.5420772847133046e-05 0.9999999618534291 -0.0002757813268617488 -0.009076097048819065 -0.039971681910705804 0.00027494453183195456 0.9992007751451827 0.6036454439163208
0.9993447286961414 3.752344609240764e-05 0.03619546683255936 0.03981378674507141 -2.9308235657448458e-05 0.9999999736927305 -0.0002274984967511351 -0.00947639625519514 -0.036195474416883026 0.00022628859824288307 0.9993447035058561 0.622273862361908
0.9994176055398076 3.0317205517179383e-05 0.034124021128005125 0.03742757439613342 -2.254317039811672e-05 0.9999999737078696 -0.0002282018086409799 -0.009467137046158314 -0.03412402714925304 0.00022729964154886393 0.9994175799464355 0.613594114780426
0.9991128738618453 -9.458967263232888e-06 0.042112530131217116 0.04635150730609894 2.239003515799272e-05 0.9999999527511746 -0.0003065882177117461 -0.008823391050100327 -0.042112525241441615 0.0003072591363203937 0.999112826866722 0.5845670104026794
0.9991900337035587 -1.1919256126667535e-05 0.04024023366497994 0.04428936913609505 2.29144669367913e-05 0.9999999625335383 -0.00027277802117558526 -0.008635012432932854 -0.04024022890600968 0.0002734791636758681 0.9991899965405672 0.5822164416313171
0.9994989667140255 9.610495468862075e-05 0.03165132384961013 0.03493928909301758 -9.215788181869709e-05 0.9999999877948317 -0.00012616362848758895 -0.010205636732280254 -0.03165133558825019 0.00012318349734749968 0.9994989633718016 0.6580867171287537
0.999199246904992 2.5999868891935926e-05 0.04001080239764509 0.04414870962500572 -1.3284435058370804e-05 0.9999999493288164 -0.00031806585486919477 -0.008991063572466373 -0.04001080863992091 0.00031727964174540715 0.9991991966197773 0.5961372256278992
0.9992624352393118 2.6383379880169447e-05 0.03840032322152574 0.042215097695589066 -1.5449498589910912e-05 0.9999999592593745 -0.0002850308097140666 -0.009348559193313122 -0.03840032917714868 0.000284227315293648 0.999262394936345 0.6099985837936401
0.9995117604921824 8.646807772762897e-05 0.031244730133100793 0.034535352140665054 -8.202302545034165e-05 0.999999986333192 -0.0001435473424802846 -0.010146082378923893 -0.031244742118347824 0.00014091446970154707 0.9995117539244202 0.6542867422103882
0.9994122517787069 5.331715430797453e-05 0.034280433951387884 0.037681397050619125 -4.6345402517868304e-05 0.999999978083632 -0.00020416865374014558 -0.009708743542432785 -0.03428044408577689 0.00020245991346710176 0.9994122323462251 0.633195698261261
0.9995391533578947 0.000103688967763537 0.030355726859698937 0.0335293672978878 -9.971048999391074e-05 0.9999999862407687 -0.0001325755632880299 -0.010216248221695423 -0.03035574018865079 0.00012948768188556149 0.9995391499438823 0.6603608131408691
0.9996117064310552 6.607521863460282e-05 0.02786452942468564 0.03061266615986824 -6.277716658860822e-05 0.9999999909210199 -0.00011923500897950036 -0.010347423143684864 -0.02786453705018342 0.00011743945458671389 0.9996117015036154 0.6550431251525879
0.9995668129741795 6.327799098393933e-05 0.029430976819285234 0.03235100209712982 -5.904726911088264e-05 0.9999999877992781 -0.00014461971948955031 -0.009565654210746288 -0.029430985611451382 0.00014281925329494516 0.9995668045151356 0.6249614953994751
0.9996337892027778 0.00011006952963578592 0.027060587000196402 0.03003387525677681 -0.00010837743157069689 0.9999999920793823 -6.399662279588443e-05 -0.010888196527957916 -0.027060593829938008 6.104042962575415e-05 0.9996337932141136 0.68580162525177
0.9998592229856584 0.0001438677403357377 0.016778364419359156 0.01874207705259323 -0.00014652282653837318 0.9999999769386044 0.00015701545207432094 -0.011675980873405933 -0.016778341442968366 -0.00015945176128718776 0.9998592210074172 0.7297784090042114
0.9999469092885342 0.0001792648270953237 0.010302740821239168 0.011688443832099438 -0.00018196177843996767 0.9999999494278974 0.0002608334982693474 -0.012230788357555866 -0.010302693541935935 -0.0002626943554759889 0.9999468913384633 0.7488556504249573
0.9999003225109853 0.00015427107712526368 0.014118117539635504 0.016041148453950882 -0.00015821904115205206 0.9999999486962182 0.0002785216268176255 -0.012227027676999569 -0.014118073847491306 -0.00028072761950122103 0.999900295620939 0.7574270367622375
0.9999255639431003 0.0001739695123126455 0.01219984867453215 0.014121906831860542 -0.00017916818357420283 0.9999998936223301 0.00042503422241181 -0.013406932353973389 -0.012199773433744286 -0.0004271884092671423 0.9999254887431503 0.8228079080581665
0.99995073257769 0.00022067970523191265 0.009923896301766062 0.011682379059493542 -0.0002257567953266117 0.9999998442193614 0.0005104851827248757 -0.014635792002081871 -0.009923782102095512 -0.0005127004194620358 0.9999506266246696 0.8771376013755798
0.9999843615363365 0.0002792125318695053 0.005585581717914439 0.006949438713490963 -0.0002816115341730762 0.9999998684482362 0.0004287172193806254 -0.015930300578475 -0.005585461279901033 -0.00043028347913879917 0.9999843086160994 0.926683247089386
0.9999510264071374 0.0001943088103511029 0.009894798198982237 0.011557945050299168 -0.0001979234671334234 0.9999999140446545 0.0003643308724855946 -0.013696417212486267 -0.009894726555773031 -0.00036627144265990633 0.9999509789142749 0.8303666710853577
0.9999527862229113 0.00018641554197335944 0.009715481165759593 0.011279634200036526 -0.000189752063170003 0.9999999233430935 0.00034250249867161833 -0.013475126586854458 -0.009715416573211946 -0.000344329860430886 0.9999527449423578 0.8191449642181396
0.9999526108945821 0.0001684729745655846 0.00973383696006248 0.01097235456109047 -0.00017076059340928132 0.999999957998738 0.00023418655329494434 -0.011919597163796425 -0.009733797097123808 -0.00023583761117913226 0.9999525976638557 0.7313727140426636
0.9999909008612691 0.0002460054458272152 0.0042588350506642435 0.004571123048663139 -0.00024685987686574396 0.9999999495098901 0.00020010102221993656 -0.011821731925010681 -0.004258785609694011 -0.0002011505369691736 0.9999909111004923 0.7084771990776062
0.9999779087677533 0.00021086224072706033 0.006643606971073007 0.007507294416427612 -0.00021268882267616964 0.9999999397798688 0.0002742329726932714 -0.012091613374650478 -0.006643548745615021 -0.0002756399354939826 0.9999778933969943 0.7390497326850891
0.9999873030392888 0.00021355338680737753 0.005034695140719844 0.005751017481088638 -0.00021522147822256211 0.9999999221322207 0.00033077978684153134 -0.012778527103364468 -0.005034624109535549 -0.0003318591614741595 0.9999872711337741 0.7781723737716675
0.9999958013510379 0.00023737585569534375 0.002888067346701835 0.0031065247021615505 -0.00023814376375427918 0.9999999363856472 0.0002655489589798438 -0.012662298046052456 -0.0028880041280679326 -0.0002662356192609021 0.9999957942665317 0.7625442147254944
0.9999997234043008 0.00036234603203283335 0.0006495357381769177 0.0010728769702836871 -0.0003627785894417374 0.9999997124480965 0.0006659545176248752 -0.016705796122550964 -0.0006492942454247041 -0.0006661899710836075 0.9999995673038591 0.9638528227806091
0.9999999042641193 0.00031276574250194454 0.0003060217999526403 0.0010799338342621922 -0.00031286659807297756 0.9999998967465623 0.0003295775419512021 -0.016931170597672462 -0.00030591868779021716 -0.0003296732543982933 0.9999998988646456 0.9547519087791443
0.9999970129888113 0.0002268229196446598 0.002433632021971933 0.0026874844916164875 -0.00022744159765306055 0.9999999418907995 0.0002539462879854489 -0.013120792806148529 -0.0024335742797170485 -0.0002544990386002223 0.9999970064687517 0.790518045425415
0.9999368948582877 0.0005871986997036855 -0.011218801132595605 -0.013485456816852093 -0.0005835046080784109 0.9999997744673279 0.00033254723830748126 -0.01214746106415987 0.011218993873695331 -0.00032598003070889703 0.9999370119729951 0.7150511145591736
0.9999575058569286 0.0005386166778509384 -0.009203063210975969 -0.011162884533405304 -0.0005360153785436985 0.9999998156970277 0.00028512001847820696 -0.012712043710052967 0.009203215085221204 -0.00028017491913655637 0.9999576102686104 0.7441198825836182
0.9999226259234085 0.0005979912267426915 -0.012425158869319119 -0.015063954517245293 -0.000594550931398799 0.999999783893858 0.0002805733898684623 -0.012517711147665977 0.012425323964591572 -0.0002731642909829734 0.9999227653702284 0.7358946204185486
0.9999633892234122 0.0004895221132684089 -0.008542867254472418 -0.010474065318703651 -0.00048801844505823604 0.9999998650595134 0.00017809815402281538 -0.012509115971624851 0.008542953284678478 -0.00017392255691722115 0.9999634931836863 0.7299748659133911
0.9999959605753884 0.0003051313526130009 0.002825902999671041 0.002803250215947628 -0.00030562307684157866 0.9999999382329764 0.00017357585674805117 -0.011914297007024288 -0.002825849861687474 -0.0001744388167710788 0.9999959920637973 0.7116250991821289
0.9999292923069332 0.000608948796860018 -0.011876008080112415 -0.014338847249746323 -0.0006049626263755181 0.9999997594686914 0.0003392385301335557 -0.010806877166032791 0.011876211802455421 -0.00033203000232068887 0.9999294201838953 0.6488699913024902
0.9998998142918203 0.0006751833177275433 -0.014138794385333072 -0.017071109265089035 -0.0006705891521467697 0.9999997208133372 0.00032967171037844234 -0.011525573208928108 0.014139013026809427 -0.0003201573598454333 0.9998999879037367 0.6869416236877441
0.9999971697734245 0.0002711256452670562 0.0023636700331355295 0.0029622563160955906 -0.00027208515252096665 0.9999998807179995 0.0004056274853298947 -0.014893836341798306 -0.002363559775178541 -0.00040626945683368087 0.999997124261024 0.8752609491348267
0.9999910810557464 0.00030888684657772304 0.004212172583838844 0.0052232579328119755 -0.0003102002541603607 0.9999999034768026 0.0003111626393557937 -0.015107395127415657 -0.004212076063220034 -0.00031246648111963357 0.999991080350188 0.8869436979293823
0.99999722311126 0.0002326874225542474 0.0023451282122685753 0.0025052339769899845 -0.00023283921940332538 0.9999999708156746 6.445578135391448e-05 -0.013461061753332615 -0.0023451131457779585 -6.500164018972634e-05 0.9999972481057736 0.8054687976837158
0.999997003069614 0.00019547408585003756 0.0024404183396254738 0.0023227143101394176 -0.000195525001876818 0.9999999806722898 2.0625082679600884e-05 -0.012081855908036232 -0.0024404142607885927 -2.1102183668099375e-05 0.9999970219620326 0.7319552898406982
0.9999522688998849 0.00048111163835780894 -0.009758506728168428 -0.011895979754626751 -0.00047874427975918996 0.9999998554068711 0.00024492886984740287 -0.011186429299414158 0.009758623155285261 -0.0002402453498478929 0.9999523546431024 0.6549912691116333
0.9999853536686059 0.0003260716620727435 -0.005402418490274638 -0.006985345855355263 -0.00032511781916884824 0.9999999314074719 0.00017743577674757155 -0.011835843324661255 0.005402475976487731 -0.0001756767554465886 0.9999853910887903 0.710215151309967
0.9999988803320448 0.0002666356431624415 -0.0014724945128754751 -0.002134529873728752 -0.0002663469490773419 0.9999999452725299 0.0001962504514770259 -0.012720305472612381 0.0014725467596549266 -0.0001958580373206467 0.9999988966222261 0.7597310543060303
0.9999198967123688 0.0006024692932825623 -0.012642673351653802 -0.015209992416203022 -0.0005979818510181616 0.9999997568683415 0.0003587212902767341 -0.011182512156665325 0.012642886396381897 -0.00035113246630939966 0.999920013865889 0.6569538712501526
0.9998776744826742 0.0006956044676255556 -0.015625370573030616 -0.018737822771072388 -0.000689798216495712 0.9999996910330727 0.0003769776919671055 -0.010947003960609436 0.015625627972674604 -0.0003661532252225542 0.9998778453802624 0.6521762609481812
0.9998834598735515 0.0006848343152903902 -0.015251153177934601 -0.018350645899772644 -0.0006793321514127148 0.9999997022948898 0.00036594802954972936 -0.011347247287631035 0.015251399251356608 -0.0003555447832202008 0.9998836274331044 0.6720150709152222
0.9999670225215108 0.0005139986286515341 -0.008104916709875657 -0.009834151715040207 -0.0005116503665590221 0.9999998265321939 0.0002918038462225115 -0.012214181013405323 0.00810506529071033 -0.0002876473396619114 0.9999671120470119 0.7132060527801514
0.9999985673685852 0.00028429956280197637 -0.0016686624990476715 -0.002506596501916647 -0.00028393299051702266 0.9999999355101434 0.0002199130873061452 -0.012191888876259327 0.0016687249126304418 -0.00021943898391822957 0.999998583600846 0.7297106981277466
0.999931607846035 0.0005952824100709653 -0.011680122828786601 -0.014005639590322971 -0.0005914835086348818 0.9999997710528388 0.0003286967128114374 -0.011816540732979774 0.011680315822027021 -0.00032176563250318997 0.9999317310142605 0.6936018466949463
0.9999991214108022 0.00014380471153516925 -0.0013177624324966198 -0.0024444188456982374 -0.00014380027091955147 0.9999999896547394 3.464561724212288e-06 -0.011208980344235897 0.0013177629170843235 -3.2750640854851612e-06 0.9999991317447071 0.7037087678909302
0.9999999772482446 0.00012901188566505275 0.0001698806743028444 -0.0007110366714186966 -0.00012899475191223506 0.9999999865933361 -0.00010086466942771294 -0.011454290710389614 -0.00016989368476651116 0.00010084275341742828 0.9999999804834373 0.7087255120277405
0.9999997684663643 7.608435994601405e-05 -0.0006762236229479334 -0.00157510070130229 -7.604915682245112e-05 0.9999999957518932 5.20839661481577e-05 -0.010807642713189125 0.0006762275828504909 -5.203252785261904e-05 0.9999997700044098 0.6831573843955994
0.9999371347848058 0.0005748767449238224 -0.01119803532238098 -0.013991833664476871 -0.0005734324851278102 0.9999998268511769 0.00013218472443989824 -0.009507282637059689 0.011198109373378456 -0.000125755097395289 0.9999372912998682 0.5436317324638367
0.9997104989977003 0.0009062431385244369 -0.024043646086715168 -0.028734944760799408 -0.000895194846411563 0.9999994887363561 0.000470269298933065 -0.00969612691551447 0.02404405997239847 -0.00044860940743390203 0.9997107991462548 0.5755831003189087
0.9996165634940477 0.0010300625404918767 -0.02767065159177284 -0.03316007927060127 -0.001014554463369752 0.9999993203224677 0.0005744857210018867 -0.00962870568037033 0.0276712245408739 -0.0005461920591275237 0.9996169291316765 0.590978741645813
0.9999398534896454 0.00056761029761283 -0.010952954928079179 -0.013316796161234379 -0.0005640928473805146 0.9999997883376017 0.0003242283320038374 -0.011244487017393112 0.010953136645090492 -0.0003180303472684987 0.9999399620248869 0.6745486259460449
0.999993679837705 0.0002909087158623043 0.0035433962189976172 0.0033478676341474056 -0.0002913566519251845 0.999999949630397 0.0001258987894492423 -0.01112526748329401 -0.0035433594154629885 -0.00012693038580727174 0.9999937142266097 0.6787207722663879
0.9999834960989303 0.000212481602018575 0.005741287427861131 0.005902690347284079 -0.00021289964171501306 0.9999999747303197 7.220181820961605e-05 -0.01122859213501215 -0.005741271941222632 -7.342294463432582e-05 0.9999835160669239 0.6870295405387878
0.9999998829678701 0.0002285674562192058 -0.0004264049298717429 -0.0009125287760980427 -0.00022851510731250105 0.9999999663489375 0.00012281274232096292 -0.012182487174868584 0.0004264329865188675 -0.00012271528797961787 0.9999999015479283 0.7487654089927673
0.9999801150425356 0.0005002809099875007 -0.006286432893846304 -0.008505341596901417 -0.0004989560984482512 0.9999998529840615 0.00021230795481530789 -0.01040539238601923 0.006286538183257303 -0.00020916707905078665 0.9999802176477313 0.6384707093238831
0.9999617228579879 0.00022801014422077376 0.008746475304830447 0.00901541393250227 -0.0002283027871599539 0.9999999734120935 3.2459958256538866e-05 -0.010487567633390427 -0.008746467671080218 -3.445556047202549e-05 0.9999617483264509 0.6646065711975098
0.9998815977128104 0.00011268835407557764 0.015387587745082514 0.016278361901640892 -0.00011116407142373739 0.9999999888298188 -9.991452194266893e-05 -0.010090228170156479 -0.015387598832403395 9.819214493161408e-05 0.999881599070848 0.635654091835022
0.9999850954690689 0.0002670994112465034 0.005453209845713781 0.005084341391921043 -0.0002671964362433329 0.999999964157446 1.7063735935091122e-05 -0.009902013465762138 -0.0054532050925429915 -1.8520559844972856e-05 0.99998513099506 0.6190356612205505
0.9999806556373483 0.00054546767804083 -0.00619603228773877 -0.008488059043884277 -0.0005443163983729864 0.9999998342828197 0.00018749397587620211 -0.009958911687135696 0.0061961335328534406 -0.0001841177469456731 0.999980786830376 0.6105857491493225
0.9999226737746721 0.00023882090730000788 0.012433400013059563 0.013118341565132141 -0.00023865878974300847 0.9999999714155376 -1.4522601508406702e-05 -0.010176179930567741 -0.012433403125958377 1.1554138330942614e-05 0.9999227021891288 0.6405320167541504
0.9998680951951381 0.000158384537260644 0.016240909001190258 0.01747204177081585 -0.00015594659369468818 0.99999997638274 -0.00015137760639980313 -0.010200363583862782 -0.016240932593496623 0.00014882492452892944 0.9998680962805222 0.6197253465652466
0.9996506505544573 3.2562227509216284e-05 0.02643058428697984 0.028560740873217583 -2.3744334954901924e-05 0.9999999439606896 -0.00033393835353646674 -0.008642993867397308 -0.026430593679604767 0.00033319411571144957 0.9996505953078928 0.5562385320663452
0.9995832338659907 4.1946809739853356e-05 0.028867920161892976 0.03130979463458061 -3.322116848553715e-05 0.9999999536223108 -0.00030274036778075986 -0.009169981814920902 -0.028867931522058153 0.000301655169808546 0.9995831889011522 0.5950959920883179
0.999839339771313 0.00012250415535086914 0.01792427511496597 0.019678160548210144 -0.00012325906885501234 0.9999999915626059 4.101207456670093e-05 -0.011187253519892693 -0.017924269939582245 -4.321481501799389e-05 0.9998393464350225 0.7081571221351624
0.9996083130189886 0.00010825270505751943 0.02798586830318723 0.030745230615139008 -0.0001045312002323332 0.9999999854994291 -0.00013444095158813486 -0.01050294004380703 -0.027985882450972846 0.00013146289641440687 0.9996083098398827 0.6729490160942078
0.9995896080450306 0.00010222144626793246 0.028646204620477556 0.03164105489850044 -0.00010047730263700752 0.999999993009946 -6.232511485219564e-05 -0.010719390586018562 -0.02864621079120241 5.942124375541437e-05 0.9995896113287803 0.6945663094520569
0.9999616029472008 0.00026233127030713267 0.008759213067926468 0.010247324593365192 -0.0002662446605629729 0.9999998652722542 0.0004456111021142006 -0.014999967999756336 -0.008759094990090956 -0.0004479260856712537 0.9999615380689281 0.8947001695632935
0.9999754849426057 0.00023344138185232797 0.006998215409820318 0.008426831103861332 -0.00023608094829164278 0.9999999013119595 0.0003763533679592586 -0.015081921592354774 -0.00699812686272987 -0.000377996286965142 0.9999754413680471 0.891008198261261
0.9999908650749143 0.0002625184762924778 0.004266245512634935 0.005119845271110535 -0.00026455863230593593 0.9999998509288924 0.00047765146615593384 -0.015127390623092651 -0.004266119484325896 -0.0004787757749234775 0.9999907854566975 0.8921917676925659
0.999986202244968 0.0002157521471683891 0.005248692284446506 0.006223964970558882 -0.00021734147676734906 0.9999999307079259 0.0003022363740240298 -0.014119729399681091 -0.005248626712607085 -0.0003033729623727783 0.9999861798457403 0.8403286933898926
0.9999830899359069 0.000168443394854512 0.005813043011960041 0.006485014222562313 -0.0001695569045748456 0.9999999673730029 0.00019106137624078727 -0.012427006848156452 -0.005813010639271064 -0.0001920437869599377 0.999983085870202 0.7590521574020386
0.9999927418927744 0.0003205199764561595 -0.0037965021685233747 -0.0048223622143268585 -0.00031975841817659026 0.9999999286365538 0.00020120000282831157 -0.011552362702786922 0.0037965663862120666 -0.00019998457896910625 0.999992773018807 0.7026767730712891
0.9999984902585369 0.00023664830470039125 -0.0017214755955984452 -0.0022652277257293463 -0.0002360950486095034 0.9999999204224174 0.0003215809174915903 -0.013518393971025944 0.0017215515601865274 -0.0003211740001231227 0.9999984665525676 0.8136566877365112
0.9999996666954866 0.00025162081081353766 0.0007767212394206867 0.0010101556545123458 -0.0002519302507584069 0.9999998889359945 0.0003983204085232545 -0.014571478590369225 -0.0007766209274507582 -0.0003985159553378811 0.9999996190224119 0.8596256971359253
0.9999995524331027 0.0001978958889851896 0.0009251869061162456 0.0010872165439650416 -0.00019814258374847287 0.9999999448428776 0.0002665591081751214 -0.013384496793150902 -0.0009251341041339187 -0.00026674230779611654 0.9999995364876078 0.7983202338218689
0.9999993293615416 0.0002603315726025644 0.0011284963180689094 0.0012272059684619308 -0.00026062078076315246 0.9999999332350717 0.00025613797285826343 -0.012432444840669632 -0.0011284295619236558 -0.00025643191067379153 0.9999993304444756 0.7404308319091797
0.99997585571493 0.00016944998009420692 0.006946889512410281 0.007672135718166828 -0.00017079932406921782 0.9999999666647307 0.00019364433444613732 -0.011650606989860535 -0.0069468564678052324 -0.0001948261830752275 0.9999758513224076 0.7142611145973206
0.9999455124733331 0.0001456518573679046 0.010437953342481357 0.01139186043292284 -0.0001468092981239728 0.9999999831601335 0.00011012158184319703 -0.011220671236515045 -0.010437937127294685 -0.0001116479701946302 0.9999455170174311 0.7000783681869507
0.9999799312229289 0.00017364654320779177 0.006333008626613491 0.007193569093942642 -0.00017564686447046107 0.999999934866548 0.0003153015687852573 -0.01280740462243557 -0.006332953463095288 -0.0003164076141762922 0.9999798965912547 0.7870346307754517
0.9998219075542041 0.00012475377998737212 0.018871608600409318 0.02100350707769394 -0.00012652385857644385 0.9999999877082988 9.260191942750345e-05 -0.011682386510074139 -0.018871596816005663 -9.497313646285539e-05 0.9998219110490215 0.7329307794570923
0.9998755013033273 0.000136089604591163 0.015778573225740035 0.017352793365716934 -0.00013739644890989992 0.9999999872203953 8.173998755397823e-05 -0.01126004010438919 -0.01577856190013352 -8.38977309621432e-05 0.9998755072235417 0.7136364579200745
0.9999258709791489 0.0001502579919864709 0.012174973064693943 0.013557377271354198 -0.00015203868499814207 0.9999999778812724 0.00014533304073316474 -0.011858006939291954 -0.012174950957948162 -0.00014717333423180178 0.9999258717070886 0.7387428283691406
0.9999780533452095 0.0001703327942899488 0.006622976269366677 0.007304251194000244 -0.00017160051419859554 0.9999999670657946 0.00019084463083782807 -0.011907318606972694 -0.0066229435441449705 -0.00019197694856994487 0.999978049640922 0.7378387451171875
0.9999778386105522 0.00017646800136201095 0.006655159413038661 0.007487625814974308 -0.00017797349002072286 0.9999999587100258 0.0002256222145942292 -0.01214623637497425 -0.006655119323146028 -0.00022680165643984622 0.9999778287281191 0.7421282529830933
0.9999389685062885 0.00015264088801424875 0.011046988881087967 0.012270261533558369 -0.0001544693683968416 0.9999999745122607 0.0001646653940144963 -0.011741330847144127 -0.011046963464853229 -0.0001663617656346856 0.9999389665984465 0.7300289273262024
0.9998588806528964 9.551538421250259e-05 0.016799096890854428 0.018463406711816788 -9.629992659207964e-05 0.9999999943100996 4.589253489590787e-05 -0.011224411427974701 -0.01679909241182614 -4.750381036874895e-05 0.9998588841619235 0.6926041841506958
0.9998577976260516 0.00012779297942256844 0.016863220194734154 0.018808705732226372 -0.00013063451132975422 0.9999999774553842 0.00016740327280315325 -0.011633886024355888 -0.016863198421596334 -0.00016958238618993904 0.9998577917788151 0.7256484031677246
0.9998331136364441 0.00012436168254664358 0.01826826237563058 0.020217502489686012 -0.0001259315286509573 0.9999999884765778 8.47826274149875e-05 -0.011299091391265392 -0.018268251621407484 -8.706902855736545e-05 0.999833117776002 0.709321141242981
0.9997408055829433 0.00010037409814754311 0.022766457287160185 0.02497599832713604 -9.987088996666952e-05 0.9999999947428527 -2.3240051081483523e-05 -0.010514756664633751 -0.022766459500172736 2.0960321039334235e-05 0.9997408103516091 0.6735242009162903
0.9997897540404017 0.00012296118864097504 0.020504453086567533 0.022669721394777298 -0.00012351781890451185 0.9999999920367784 2.588033526671311e-05 -0.011319835670292377 -0.020504449741009238 -2.840755935387294e-05 0.9997897612667521 0.7072721123695374
0.9997711193309445 0.00010144195735732824 0.021393893083760128 0.023544445633888245 -0.0001021702515055752 0.9999999942377975 3.29491193815948e-05 -0.010865544900298119 -0.021393889618061025 -3.512739740215712e-05 0.9997711239344113 0.6870968341827393
0.9997438425723248 0.00011648950299025145 0.02263262399541951 0.02490449883043766 -0.00011563634997414283 0.9999999925534432 -3.900445917347871e-05 -0.010519877076148987 -0.02263262837049446 3.637731386238146e-05 0.9997438485980966 0.6637670993804932
0.9999206508955599 0.00015678137606335398 0.012596322169589811 0.014439481310546398 -0.00016086172765144725 0.9999999349232613 0.0003229194603093079 -0.012892809696495533 -0.0125962707221049 -0.00032492010308558046 0.999920611044108 0.7947016358375549
0.9999052002190968 0.00013812961638836544 0.013768496468988384 0.01561425719410181 -0.00014121130415788527 0.999999965198681 0.00022284973401622964 -0.012632249854505062 -0.013768465207678278 -0.0002247728752529497 0.9999051849265405 0.7661799192428589
0.9998746174984281 0.00014196583926575878 0.01583442856791503 0.017671024426817894 -0.0001436866260663409 0.9999999838950661 0.0001075361381694733 -0.011915882118046284 -0.015834413046444496 -0.00010979785063607242 0.9998746217941059 0.735622227191925
0.9999021427834829 0.00013603924909374318 0.01398879374079547 0.015727125108242035 -0.0001387384025658476 0.9999999719475012 0.00019198086584222088 -0.012464283965528011 -0.013988767231442018 -0.00019390286202648606 0.9999021336075972 0.7644023299217224
0.9999806844709798 0.00022734218743424237 0.006211199600781263 0.007317728362977505 -0.00023001578709410566 0.999999881209313 0.0004297372425531886 -0.014525683596730232 -0.0062111011655438505 -0.00043115761591598124 0.9999806179748795 0.8658412098884583
0.9999796064746372 0.00022070720597037113 0.006382626666083112 0.007548929192125797 -0.0002227673396414536 0.9999999233250808 0.0003220629514995841 -0.014198558405041695 -0.006382555095081556 -0.0003234782242629423 0.999979578967639 0.847914457321167
0.999958113968791 0.0001710554253336019 0.009151013496854184 0.010490305721759796 -0.0001735454316261468 0.9999999481368897 0.0002713083130627518 -0.012961708009243011 -0.009150966613495277 -0.0002728850656214119 0.9999580917937408 0.7864412665367126
0.9999764138301367 0.00019839734412945386 0.006865305667842125 0.007856572978198528 -0.00020003575635084363 0.9999999516791324 0.00023796518463060226 -0.013008390553295612 -0.0068652581244439724 -0.00023933287855518255 0.9999764051969716 0.787642776966095
0.9999849488180722 0.00022978105268704172 0.00548172764599189 0.006371686235070229 -0.00023240218343775456 0.9999998589792579 0.00047752558976147964 -0.014580885879695415 -0.00548161714662189 -0.0004787923679108927 0.9999848612010713 0.8709000945091248
0.9999986767949955 0.0003282366380183549 0.001593320108180278 0.002356803510338068 -0.0003290196681571653 0.9999998252301912 0.0004912083517776086 -0.01671193167567253 -0.0015931585971380735 -0.0004917319354615211 0.9999986100217279 0.9595723748207092
0.999999194049138 0.0002794191415508096 0.0012384772981901048 0.0019394237315282226 -0.0002798843220404663 0.9999998903512525 0.0003754493968395466 -0.015986695885658264 -0.0012383722546444591 -0.00037579572462474796 0.9999991626055156 0.9215299487113953
0.9999992705639503 0.00030927431105526424 0.0011675705408753677 0.0016618532827124 -0.00030990067219893193 0.9999998081598239 0.0005363225606175354 -0.016037192195653915 -0.001167404446097991 -0.0005366840002999822 0.999999174568231 0.9303527474403381
0.9999997197496943 0.0002897142220146687 0.0006903377449231444 0.0013168196892365813 -0.00028996916676802376 0.999999889792462 0.00036923291529853113 -0.016103971749544144 -0.0006902306968159234 -0.0003694329884815777 0.9999996935503789 0.9245476722717285
0.999993038725874 0.00021789755305978516 0.0037249188513292356 0.004437710624188185 -0.00021926120194166307 0.9999999090999503 0.00036568376542171424 -0.01425537746399641 -0.003724838831136248 -0.00036649794998125737 0.9999929956029364 0.8466949462890625
0.9999871982378188 0.00019095833987686978 0.005056371761401557 0.005811299197375774 -0.00019244157236373237 0.9999999386012745 0.0002928543805900166 -0.013281513936817646 -0.005056315527960433 -0.0002938236876701023 0.9999871735882025 0.8009648323059082
0.9999942660229951 0.00024562660636151366 0.003377512205935981 0.004013062454760075 -0.0002473000761033277 0.9999998468764626 0.0004950653730104995 -0.014742618426680565 -0.0033773900875318646 -0.0004958977933426027 0.9999941736438143 0.8738046884536743
0.9999957308566594 0.00023160842970362764 0.0029128381332474197 0.0035295523703098297 -0.0002327246860181464 0.9999998996186176 0.00038288637323153854 -0.014499290846288204 -0.002912749161141043 -0.0003835626279747098 0.9999956843767048 0.8567352294921875
0.9999825595070966 0.00018127098885613104 0.005903204423386835 0.006829834543168545 -0.00018309871608932364 0.9999999354730855 0.00030907714985495776 -0.012727570720016956 -0.005903148015750682 -0.00031015262854785407 0.999982528171793 0.7746764421463013
0.999995124453195 0.0002262066059400111 0.003114466312304867 0.0035821301862597466 -0.00022765611171715635 0.9999998659440776 0.00046506399755548124 -0.014155988581478596 -0.00311436069424378 -0.00046577075740492725 0.9999950418952426 0.8477182388305664
0.9999954288516011 0.00022958191747906093 0.0030148910502868203 0.0036469907499849796 -0.0002304293299825369 0.999999934046125 0.000280731311517789 -0.014188808389008045 -0.0030148264006102784 -0.00028142474757799187 0.9999954158004352 0.8396626710891724
0.9999857140884116 0.00018147645906505024 0.005342161115561788 0.0061129312962293625 -0.00018327347787586441 0.9999999267921437 0.000335896621011326 -0.013207289390265942 -0.00534209976714423 -0.0003368708988689176 0.9999856741414228 0.8022947311401367
0.9999837050730626 0.0001961934947173253 0.005705356821696602 0.0066148871555924416 -0.00019788389361869783 0.9999999366958886 0.00029571977185066954 -0.013108327984809875 -0.005705298442228561 -0.0002968439513409546 0.9999836805935153 0.7950698733329773
0.9999888378707208 0.000202425047956284 0.004720504005412518 0.005419004708528519 -0.00020410597830930214 0.9999999159403304 0.00035561226291927115 -0.013698974624276161 -0.004720431623779137 -0.0003565717766173569 0.9999887951281521 0.8242325782775879
0.9999984939726418 0.0002958856080053566 0.0017101181699660745 0.0023632212541997433 -0.0002967289402400792 0.9999998344958273 0.000492909985945687 -0.016085654497146606 -0.0017099720419634977 -0.0004934166851620224 0.9999984162665412 0.9317612648010254
0.9999973553915156 0.00024513505448856216 0.002286726651739628 0.002859644126147032 -0.000245971661835694 0.9999999029247392 0.000365579613243842 -0.014662264846265316 -0.0022866368133766294 -0.0003661411163835875 0.9999973186127883 0.8630667924880981
0.9999889703903094 0.00025440947810373 0.004689815939499184 0.005601042415946722 -0.00025653227163979574 0.9999998649241524 0.00045204299639076665 -0.01485305093228817 -0.004689700301995528 -0.00045324109966948534 0.999988900580193 0.8778436183929443
0.9999941418394805 0.00027642199475180534 0.0034117264840497533 0.004264194052666426 -0.0002778507437468837 0.9999998739082324 0.0004183090766598865 -0.015409889630973339 -0.003411610424029737 -0.00041925457687922276 0.9999940925525084 0.900635838508606
0.9999637976290886 0.00020937875840306135 0.008506444130568372 0.00976346991956234 -0.00021137734090983075 0.9999999502699062 0.0002340508592941072 -0.013212421908974648 -0.008506394702263788 -0.00023584045563900452 0.9999637921587204 0.8032222390174866
0.9999696927190661 0.00015617137806109497 0.007783909932485012 0.008593665435910225 -0.00015745407489374755 0.9999999741272764 0.00016417570082822238 -0.011833426542580128 -0.00778388409154862 -0.00016539633344661057 0.9999696914369465 0.7209576964378357
0.999999425088586 0.0002081026371782635 0.0010519105427696052 0.0010895115556195378 -0.00020843435345821573 0.9999999285873219 0.0003152466833889797 -0.013396454975008965 -0.0010518448639836814 -0.0003154657564439413 0.9999993970516875 0.8043952584266663
0.9999922195575942 0.0002949967551937285 -0.003933675277748743 -0.005005901213735342 -0.0002943517212011556 0.9999999431392951 0.00016455537373023625 -0.012694459408521652 0.003933723597378493 -0.00016339620932797662 0.9999922495301342 0.749106764793396
0.9999985496175664 0.0002448326372529755 0.0016854731512212357 0.0018127033254131675 -0.00024527310213903677 0.9999999358265377 0.0002611283708089102 -0.012955784797668457 -0.001685409110310901 -0.0002615413933012804 0.9999985454950575 0.7746658325195312
0.9999827797171442 0.0002034534002538543 0.005865055488807717 0.00676820520311594 -0.00020510115870938858 0.9999999396701029 0.00028034497423385697 -0.012737161479890347 -0.005864998097831273 -0.0002815430762907529 0.9999827611168145 0.7708328366279602
0.9999158770183917 0.00013767052204401907 0.012969962735807826 0.014549176208674908 -0.0001404452562848217 0.9999999674477764 0.00021302482550276507 -0.012098480015993118 -0.012969932986367762 -0.0002148284749597223 0.9999158638040782 0.7492523193359375
0.9999556179153193 0.00017108396870994883 0.009419815808557728 0.010743638500571251 -0.0001736950294856325 0.9999999467246391 0.0002763706844853033 -0.012720217928290367 -0.009419768024120105 -0.00027799459376279793 0.9999555943587581 0.7815048098564148
0.9999974532424266 0.00030107769862235383 0.00223670759827018 0.0029641217552125454 -0.0003022459595914002 0.9999998180852613 0.0005219931265193579 -0.016053054481744766 -0.0022365500308908727 -0.0005226678329637743 0.9999973623276692 0.931557834148407
0.9999721474774381 0.00024294429562340153 0.007459574212407227 0.008780942298471928 -0.0002447670824752717 0.9999999404121969 0.00024344337840080606 -0.014118976891040802 -0.007459514624727496 -0.00024526245610509526 0.9999721473560609 0.8446188569068909
0.9991988496511416 2.7383747660548312e-05 0.04002072095759873 0.04404807090759277 -1.157516441140533e-05 0.999999921825036 -0.0003952416192647937 -0.008832206018269062 -0.04002072865217708 0.0003944617248786891 0.9991987718557788 0.584004282951355
0.9998703940825474 0.00018576392117412066 0.01609846355952217 0.018174350261688232 -0.000188667303146514 0.9999999662117106 0.0001788329575351289 -0.011929439380764961 -0.01609842979487119 -0.00018184703343017427 0.9998703953462151 0.7606468200683594
0.9998685761346956 0.0001664522357466234 0.01621119218410049 0.018632620573043823 -0.00017101503679663283 0.9999999461561851 0.00028007406881060994 -0.013304932042956352 -0.01621114469227313 -0.00028280961802179647 0.9998685507637923 0.8139297366142273
0.9995603578115204 8.684522859011888e-05 0.029649343156496363 0.03272135183215141 -8.025982415198696e-05 0.9999999718478157 -0.00022329963814175034 -0.010294421575963497 -0.02964936171431071 0.00022082181513218867 0.9995603366418958 0.6565058827400208
0.9995256067565338 8.667716195794755e-05 0.030798602647720878 0.033728260546922684 -7.965437174054912e-05 0.9999999705498421 -0.00022924985400371955 -0.00987316481769085 -0.030798621611423896 0.00022668785607752361 0.999525584224562 0.6415793895721436
0.9996270752692407 0.00010472570571253981 0.027307497527051187 0.03020695596933365 -0.00010196918581041629 0.999999989564793 -0.00010233620410236736 -0.010860180482268333 -0.027307507959322998 9.951351711165223e-05 0.9996270755167204 0.6872825622558594
0.9993589691451653 3.753599035667963e-05 0.03580013100760974 0.03936704620718956 -2.5646555741402267e-05 0.9999999443713655 -0.00033256506123458657 -0.009378611110150814 -0.035800141499256276 0.000331433726713659 0.9993589145148594 0.6116290092468262
0.9990940276408605 -1.673379475069342e-05 0.0425572984615248 0.04674837738275528 3.7326991724192644e-05 0.9999998826110941 -0.00048309884457765705 -0.00845978781580925 -0.04255728538169319 0.00048424970630521485 0.999093910982928 0.5590488910675049
0.9990551906368471 -6.095317371158266e-05 0.04345943334057819 0.04758293181657791 8.272849329156515e-05 0.9999998719522192 -0.0004992509810196031 -0.007711161393672228 -0.04345939734476242 0.0005023746174577437 0.999055067752611 0.5239899158477783
0.9989654450467421 -4.164121052397742e-05 0.04547568436619634 0.05004655197262764 6.452591985174338e-05 0.9999998720357669 -0.000501761751678371 -0.008088432252407074 -0.04547565765296853 0.0005041770119374331 0.9989653199018325 0.545671284198761
0.9987408503817891 -3.198145118278998e-05 0.050166849172010926 0.05531435087323189 5.815092848854642e-05 0.9999998630107422 -0.0005201893560823102 -0.007876275107264519 -0.050166825663281005 0.0005224516087118992 0.9987407154247724 0.5412628054618835
0.9989875374137716 -4.1758343136430235e-05 0.044987757759298704 0.0495297871530056 6.357722903868916e-05 0.999999881061232 -0.0004835653605943612 -0.008403865620493889 -0.04498773221562196 0.0004859359657377633 0.9989874212503043 0.5550166368484497
0.9990650061305019 -8.326440111047182e-05 0.043233165423084946 0.04743596166372299 0.00010376483695312923 0.9999998832531121 -0.0004719392132735622 -0.007904286496341228 -0.04323312108001147 0.0004759840353634697 0.9990648981326885 0.5274733901023865
0.9991744945696001 -9.20008078238388e-05 0.04062414229784572 0.04452209174633026 0.00011027255577481899 0.9999998937761703 -0.0004475350395522383 -0.0078085241839289665 -0.04062409680900858 0.0004516453249441371 0.9991743985786229 0.5171440243721008
0.9991085116180423 -7.039905368234141e-05 0.04221583892750902 0.0463314950466156 8.965546892383692e-05 0.9999998928099371 -0.00045424884275257154 -0.007689432241022587 -0.04221580242370193 0.00045762876602179885 0.9991084108351983 0.5171548128128052
0.9993517845358262 -5.31371648107434e-05 0.03600011002068891 0.03929237276315689 6.765159544844887e-05 0.9999999169259522 -0.00040195938938417206 -0.00827418826520443 -0.03600008567103172 0.00040413429797122257 0.999351705110442 0.5424292683601379
0.9996544815380257 3.602012537875997e-05 0.026285285684040396 0.028429964557290077 -2.8890206535343857e-05 0.9999999626909652 -0.0002716310442691264 -0.009030932560563087 -0.02628529448754603 0.0002707778033962336 0.9996544452825108 0.5796710848808289
0.9998887102896149 0.00015214819191417754 0.014917904889711954 0.015847239643335342 -0.00014939971948250887 0.9999999716617912 -0.00018535409576724162 -0.00941912829875946 -0.014917932668255784 0.00018310473695781526 0.999888704685457 0.5811026096343994
0.9999510192950276 0.00033983558974184756 0.009891588477439133 0.00995201151818037 -0.00033944649150091866 0.9999999415469177 -4.101512167339507e-05 -0.009872039780020714 -0.00989160183764336 3.765544771978336e-05 0.9999510762008073 0.6100407242774963
