9.999488e-01 -1.031173e-04 -1.011832e-02 1.963500e-01 1.083482e-04 9.999999e-01 5.164232e-04 5.693110e-04 1.011826e-02 -5.174926e-04 9.999486e-01 -3.240029e-01
9.999960e-01 -1.166463e-06 2.814652e-03 4.502919e-01 1.195196e-06 1.000000e+00 -1.019822e-05 -1.341428e-02 -2.814653e-03 1.020213e-05 9.999959e-01 -2.677301e-02
9.999256e-01 -3.549172e-05 -1.220025e-02 6.534448e-01 4.327875e-05 9.999998e-01 6.380032e-04 -2.853207e-02 1.220022e-02 -6.384830e-04 9.999253e-01 4.008833e-01
9.999999e-01 6.971123e-05 -5.053611e-04 8.380487e-01 -6.964241e-05 1.000000e+00 1.361436e-04 -3.970781e-02 5.053667e-04 -1.361077e-04 9.999998e-01 6.833419e-01
9.999869e-01 -1.727266e-04 -5.108707e-03 9.999116e-01 1.740082e-04 1.000000e+00 2.504073e-04 -4.472916e-02 5.108659e-03 -2.512922e-04 9.999868e-01 6.730675e-01
9.999984e-01 2.089083e-05 1.780281e-03 1.191588e+00 -2.096080e-05 1.000000e+00 3.930613e-05 -5.156635e-02 -1.780285e-03 -3.934260e-05 9.999983e-01 7.036719e-01
9.999755e-01 -2.257522e-04 -6.994280e-03 1.475081e+00 2.281456e-04 9.999999e-01 3.413990e-04 -6.263635e-02 6.994197e-03 -3.429855e-04 9.999754e-01 8.085602e-01
9.999941e-01 3.699071e-06 3.431631e-03 1.741679e+00 -3.503892e-06 1.000000e+00 -5.686975e-05 -7.201133e-02 -3.431637e-03 5.685825e-05 9.999940e-01 8.500058e-01
9.999562e-01 -8.608827e-05 -9.361284e-03 1.939826e+00 9.099587e-05 9.999999e-01 5.238157e-04 -8.533407e-02 9.361231e-03 -5.246437e-04 9.999559e-01 1.191218e+00
9.999904e-01 3.008865e-05 4.388433e-03 2.086442e+00 -2.964401e-05 1.000000e+00 -1.013737e-04 -9.703911e-02 -4.388443e-03 1.012436e-04 9.999903e-01 1.532188e+00
9.999654e-01 -1.778893e-04 -8.314817e-03 2.253258e+00 1.813429e-04 9.999999e-01 4.146037e-04 -1.009064e-01 8.314735e-03 -4.160963e-04 9.999652e-01 1.457644e+00
9.999875e-01 2.030405e-04 5.003465e-03 2.125567e+00 -2.021156e-04 1.000000e+00 -1.853515e-04 -9.051995e-02 -5.003510e-03 1.843389e-04 9.999874e-01 1.060652e+00
9.999797e-01 -2.130248e-04 -6.364026e-03 2.057234e+00 2.156044e-04 9.999999e-01 4.046463e-04 -8.606181e-02 6.363931e-03 -4.060092e-04 9.999796e-01 8.964561e-01
9.999851e-01 2.458019e-04 5.451872e-03 1.888640e+00 -2.444622e-04 9.999999e-01 -2.463848e-04 -7.449416e-02 -5.451940e-03 2.450494e-04 9.999850e-01 5.003542e-01
9.999879e-01 -2.620996e-04 -4.917485e-03 1.932198e+00 2.641526e-04 9.999999e-01 4.168454e-04 -8.041872e-02 4.917367e-03 -4.181382e-04 9.999877e-01 6.925754e-01
9.999875e-01 3.074018e-04 4.982279e-03 1.999182e+00 -3.068309e-04 9.999999e-01 -1.153244e-04 -9.549342e-02 -4.982322e-03 1.137953e-04 9.999875e-01 1.296551e+00
9.999855e-01 -2.819778e-04 -5.381902e-03 2.074326e+00 2.845580e-04 9.999998e-01 4.786468e-04 -1.187575e-01 5.381759e-03 -4.801702e-04 9.999853e-01 2.234553e+00
9.999864e-01 2.973859e-04 5.206137e-03 2.151588e+00 -2.965124e-04 9.999999e-01 -1.685328e-04 -1.386224e-01 -5.206194e-03 1.669880e-04 9.999863e-01 3.021623e+00
9.999651e-01 -3.673726e-04 -8.344883e-03 2.316256e+00 3.720098e-04 9.999998e-01 5.541431e-04 -1.517271e-01 8.344669e-03 -5.572269e-04 9.999649e-01 3.403022e+00
9.999895e-01 1.665625e-04 4.576222e-03 2.576261e+00 -1.653846e-04 1.000000e+00 -2.577629e-04 -1.596515e-01 -4.576273e-03 2.570046e-04 9.999894e-01 3.395645e+00
9.999728e-01 -2.601044e-04 -7.374037e-03 2.742320e+00 2.646037e-04 9.999998e-01 6.091778e-04 -1.762415e-01 7.373868e-03 -6.111112e-04 9.999725e-01 3.917618e+00
9.999962e-01 2.044948e-04 2.754042e-03 2.868242e+00 -2.040864e-04 1.000000e+00 -1.485365e-04 -1.951915e-01 -2.754082e-03 1.479752e-04 9.999961e-01 4.606516e+00
9.999768e-01 -2.282392e-04 -6.810440e-03 2.973383e+00 2.322988e-04 9.999998e-01 5.952829e-04 -2.140770e-01 6.810293e-03 -5.968497e-04 9.999765e-01 5.321511e+00
9.999889e-01 1.851228e-04 4.708065e-03 3.011309e+00 -1.835184e-04 9.999999e-01 -3.411894e-04 -2.135745e-01 -4.708137e-03 3.403229e-04 9.999888e-01 5.222696e+00
9.999781e-01 -2.012157e-04 -6.610588e-03 2.995752e+00 2.049060e-04 9.999998e-01 5.575582e-04 -2.094727e-01 6.610465e-03 -5.588992e-04 9.999779e-01 5.019144e+00
9.999836e-01 1.787040e-04 5.722899e-03 3.068638e+00 -1.769438e-04 9.999999e-01 -3.080538e-04 -2.170773e-01 -5.722964e-03 3.070375e-04 9.999835e-01 5.269419e+00
9.999759e-01 -1.767055e-04 -6.941636e-03 2.979385e+00 1.802509e-04 9.999999e-01 5.101164e-04 -2.093051e-01 6.941535e-03 -5.113539e-04 9.999757e-01 4.963714e+00
9.999780e-01 1.204576e-04 6.630672e-03 3.067824e+00 -1.182977e-04 9.999999e-01 -3.261241e-04 -2.082631e-01 -6.630721e-03 3.253340e-04 9.999779e-01 4.758227e+00
9.999695e-01 -2.839397e-04 -7.803067e-03 3.262967e+00 2.877745e-04 9.999998e-01 4.903193e-04 -2.103234e-01 7.802916e-03 -4.925484e-04 9.999693e-01 4.546022e+00
9.999530e-01 1.123732e-04 9.690588e-03 3.509294e+00 -1.078426e-04 9.999999e-01 -4.680397e-04 -2.147604e-01 -9.690649e-03 4.669741e-04 9.999528e-01 4.358699e+00
9.999983e-01 -1.676336e-04 -1.815685e-03 3.729705e+00 1.683378e-04 9.999999e-01 3.876544e-04 -2.207342e-01 1.815610e-03 -3.879579e-04 9.999982e-01 4.309786e+00
9.999968e-01 1.023825e-04 2.514475e-03 3.848531e+00 -1.017230e-04 1.000000e+00 -2.623509e-04 -2.239513e-01 -2.514511e-03 2.620958e-04 9.999967e-01 4.274394e+00
9.999881e-01 -2.314343e-04 -4.864657e-03 4.050137e+00 2.342135e-04 9.999998e-01 5.707266e-04 -2.407335e-01 4.864514e-03 -5.718577e-04 9.999879e-01 4.750693e+00
9.999952e-01 1.728446e-04 3.092466e-03 4.179419e+00 -1.720828e-04 1.000000e+00 -2.465828e-04 -2.574838e-01 -3.092518e-03 2.460510e-04 9.999951e-01 5.328269e+00
9.999891e-01 -1.975798e-04 -4.672440e-03 4.274679e+00 2.003609e-04 9.999998e-01 5.947424e-04 -2.755684e-01 4.672312e-03 -5.956705e-04 9.999888e-01 6.012277e+00
9.999997e-01 1.260379e-04 -8.175791e-04 4.443089e+00 -1.261564e-04 1.000000e+00 -1.449224e-04 -2.873631e-01 8.175505e-04 1.450272e-04 9.999996e-01 6.330160e+00
9.999934e-01 -2.254339e-04 -3.616814e-03 4.622326e+00 2.273860e-04 9.999998e-01 5.393098e-04 -2.996014e-01 3.616681e-03 -5.401270e-04 9.999932e-01 6.642730e+00
9.999992e-01 1.249740e-04 1.222543e-03 4.732168e+00 -1.246297e-04 1.000000e+00 -2.816354e-04 -3.037934e-01 -1.222589e-03 2.814845e-04 9.999991e-01 6.664015e+00
9.999948e-01 -3.619544e-04 -3.208244e-03 4.949761e+00 3.632879e-04 9.999998e-01 4.150525e-04 -3.052295e-01 3.208082e-03 -4.162141e-04 9.999947e-01 6.377100e+00
9.999934e-01 1.375580e-04 3.643134e-03 5.287987e+00 -1.362538e-04 9.999999e-01 -3.582072e-04 -3.190183e-01 -3.643194e-03 3.577101e-04 9.999932e-01 6.494181e+00
9.999979e-01 -2.619244e-04 2.026584e-03 5.651960e+00 2.611815e-04 9.999999e-01 3.668683e-04 -3.378605e-01 -2.026691e-03 -3.663365e-04 9.999978e-01 6.838598e+00
9.999958e-01 8.184884e-05 -2.902991e-03 5.861278e+00 -8.249985e-05 1.000000e+00 -2.241737e-04 -3.427583e-01 2.902962e-03 2.244140e-04 9.999957e-01 6.743537e+00
9.999931e-01 -1.581104e-04 3.723874e-03 5.880420e+00 1.570043e-04 9.999999e-01 2.973463e-04 -3.380085e-01 -3.723932e-03 -2.967578e-04 9.999929e-01 6.424264e+00
9.999994e-01 1.323374e-04 -1.078434e-03 5.750629e+00 -1.326615e-04 9.999999e-01 -3.005377e-04 -3.247934e-01 1.078384e-03 3.006823e-04 9.999993e-01 5.870774e+00
9.999989e-01 -2.109760e-04 1.439643e-03 5.686526e+00 2.104164e-04 9.999999e-01 3.889414e-04 -3.151568e-01 -1.439735e-03 -3.886363e-04 9.999988e-01 5.421588e+00
1.000000e+00 1.115944e-04 9.526711e-05 5.854570e+00 -1.115630e-04 9.999999e-01 -3.285116e-04 -3.212898e-01 -9.531395e-05 3.285027e-04 9.999998e-01 5.435551e+00
9.999998e-01 -2.684874e-04 5.357125e-04 6.143031e+00 2.682167e-04 9.999998e-01 5.054864e-04 -3.406311e-01 -5.358583e-04 -5.053408e-04 9.999996e-01 5.892591e+00
9.999973e-01 7.953195e-05 -2.308210e-03 6.415261e+00 -8.011808e-05 1.000000e+00 -2.538853e-04 -3.592535e-01 2.308180e-03 2.540713e-04 9.999972e-01 6.342024e+00
9.999960e-01 -2.151052e-04 -2.817574e-03 6.654007e+00 2.170193e-04 9.999997e-01 6.790199e-04 -3.735434e-01 2.817416e-03 -6.796268e-04 9.999957e-01 6.667240e+00
9.997697e-01 5.694342e-04 -2.145114e-02 6.749708e+00 -5.556580e-04 9.999996e-01 6.481606e-04 -3.739716e-01 2.145148e-02 -6.360899e-04 9.997696e-01 6.626323e+00
9.999865e-01 -4.508813e-04 -5.167771e-03 7.153802e+00 4.548439e-04 9.999996e-01 7.656176e-04 -3.870642e-01 5.167408e-03 -7.679558e-04 9.999863e-01 6.737729e+00
9.997558e-01 1.982722e-04 -2.209924e-02 7.892860e+00 -1.866868e-04 9.999998e-01 5.262942e-04 -4.175062e-01 2.209932e-02 -5.220378e-04 9.997555e-01 7.105842e+00
9.999909e-01 -7.738300e-04 -4.203528e-03 8.874968e+00 7.765395e-04 9.999995e-01 6.429308e-04 -4.619245e-01 4.203007e-03 -6.461868e-04 9.999909e-01 7.709852e+00
9.996192e-01 8.045695e-05 -2.759472e-02 1.006103e+01 -6.040352e-05 9.999997e-01 7.275348e-04 -5.139087e-01 2.759475e-02 -7.255885e-04 9.996188e-01 8.357373e+00
9.999907e-01 -9.268131e-04 -4.217907e-03 1.135958e+01 9.292764e-04 9.999994e-01 5.820034e-04 -5.730795e-01 4.217338e-03 -5.859149e-04 9.999908e-01 9.146682e+00
9.994323e-01 4.074313e-05 -3.369169e-02 1.280720e+01 -6.675919e-06 9.999995e-01 1.011246e-03 -6.389819e-01 3.369168e-02 -1.010444e-03 9.994317e-01 1.002786e+01
9.999883e-01 -9.156468e-04 -4.751635e-03 1.422638e+01 9.182392e-04 9.999994e-01 5.433200e-04 -7.035891e-01 4.751100e-03 -5.476738e-04 9.999885e-01 1.089131e+01
9.993188e-01 -7.391843e-05 -3.690511e-02 1.579556e+01 1.172867e-04 9.999993e-01 1.172949e-03 -7.779247e-01 3.690496e-02 -1.176476e-03 9.993180e-01 1.196442e+01
9.999995e-01 -9.547834e-04 2.043258e-04 1.732812e+01 9.547246e-04 9.999995e-01 2.914282e-04 -8.502324e-01 -2.046457e-04 -2.912297e-04 9.999998e-01 1.298814e+01
9.994619e-01 -3.141060e-05 -3.280120e-02 1.878214e+01 6.560859e-05 9.999995e-01 1.041485e-03 -9.180607e-01 3.280111e-02 -1.043073e-03 9.994613e-01 1.392209e+01
9.999913e-01 -9.695060e-04 4.060434e-03 2.022334e+01 9.691797e-04 9.999995e-01 8.255094e-05 -9.815400e-01 -4.060559e-03 -7.861139e-05 9.999917e-01 1.467847e+01
9.995970e-01 3.975286e-04 -2.838257e-02 2.119952e+01 -3.709332e-04 9.999995e-01 9.422600e-04 -1.023402e+00 2.838288e-02 -9.313487e-04 9.995966e-01 1.516432e+01
9.999878e-01 -1.004188e-03 4.840840e-03 2.223627e+01 1.003947e-03 9.999995e-01 5.246842e-05 -1.061828e+00 -4.840942e-03 -4.760410e-05 9.999882e-01 1.542388e+01
9.994332e-01 7.538714e-04 -3.365457e-02 2.304200e+01 -7.123711e-04 9.999990e-01 1.245068e-03 -1.090066e+00 3.365542e-02 -1.220384e-03 9.994327e-01 1.559759e+01
9.999868e-01 -6.670473e-04 5.093086e-03 2.342140e+01 6.660450e-04 9.999998e-01 1.987404e-04 -1.093829e+00 -5.093273e-03 -1.953416e-04 9.999869e-01 1.529598e+01
9.993163e-01 1.080125e-03 -3.695576e-02 2.364901e+01 -1.029555e-03 9.999985e-01 1.387379e-03 -1.093193e+00 3.695714e-02 -1.348379e-03 9.993159e-01 1.502120e+01
9.999764e-01 -2.274953e-04 -6.870072e-03 2.373025e+01 2.336999e-04 9.999996e-01 9.021373e-04 -1.093517e+00 6.869801e-03 -9.037173e-04 9.999759e-01 1.508334e+01
9.994272e-01 1.009291e-03 -3.382710e-02 2.384923e+01 -9.680977e-04 9.999988e-01 1.234077e-03 -1.094901e+00 3.382824e-02 -1.200618e-03 9.994269e-01 1.513314e+01
9.999999e-01 -4.084309e-04 2.779206e-05 2.398067e+01 4.084170e-04 9.999998e-01 5.605683e-04 -1.097633e+00 -2.808899e-05 -5.605524e-04 9.999998e-01 1.520817e+01
9.994181e-01 1.035132e-03 -3.409236e-02 2.411256e+01 -9.925920e-04 9.999987e-01 1.264631e-03 -1.099771e+00 3.409355e-02 -1.230051e-03 9.994178e-01 1.525382e+01
9.999349e-01 -1.296002e-04 -1.140952e-02 2.418582e+01 1.419879e-04 9.999994e-01 1.084754e-03 -1.099280e+00 1.140930e-02 -1.086298e-03 9.999342e-01 1.529127e+01
9.976643e-01 1.897382e-03 -6.828148e-02 2.416514e+01 -1.697808e-03 9.999941e-01 2.980692e-03 -1.093454e+00 6.828666e-02 -2.857796e-03 9.976616e-01 1.529814e+01
9.990929e-01 6.437400e-04 -4.257770e-02 2.409974e+01 -5.368835e-04 9.999967e-01 2.521009e-03 -1.084054e+00 4.257910e-02 -2.495858e-03 9.990899e-01 1.529208e+01
9.997135e-01 8.735970e-04 -2.392030e-02 2.413842e+01 -8.529891e-04 9.999993e-01 8.715905e-04 -1.080845e+00 2.392096e-02 -8.509319e-04 9.997134e-01 1.532228e+01
9.998366e-01 -5.083536e-05 -1.807272e-02 2.420560e+01 7.441206e-05 9.999991e-01 1.303700e-03 -1.080977e+00 1.807255e-02 -1.304827e-03 9.998358e-01 1.538889e+01
9.989429e-01 1.514214e-03 -4.594330e-02 2.416347e+01 -1.424653e-03 9.999970e-01 1.981997e-03 -1.076262e+00 4.594608e-02 -1.914444e-03 9.989420e-01 1.542907e+01
9.998095e-01 3.023007e-05 -1.951627e-02 2.405592e+01 -4.064918e-06 9.999991e-01 1.340532e-03 -1.069653e+00 1.951620e-02 -1.340192e-03 9.998086e-01 1.545577e+01
9.995373e-01 1.218669e-03 -3.038965e-02 2.384777e+01 -1.180635e-03 9.999985e-01 1.269353e-03 -1.060563e+00 3.039106e-02 -1.232881e-03 9.995373e-01 1.541001e+01
9.997317e-01 6.023668e-05 -2.315923e-02 2.372057e+01 -2.580151e-05 9.999989e-01 1.487004e-03 -1.053269e+00 2.315920e-02 -1.486003e-03 9.997306e-01 1.538035e+01
9.993259e-01 1.288955e-03 -3.668719e-02 2.367673e+01 -1.231318e-03 9.999980e-01 1.593462e-03 -1.048651e+00 3.668907e-02 -1.547209e-03 9.993255e-01 1.541182e+01
9.998232e-01 -3.361495e-05 -1.879954e-02 2.364876e+01 5.715479e-05 9.999992e-01 1.251367e-03 -1.045023e+00 1.879938e-02 -1.252215e-03 9.998224e-01 1.546258e+01
9.990209e-01 1.484327e-03 -4.421422e-02 2.360941e+01 -1.398530e-03 9.999971e-01 1.971264e-03 -1.041297e+00 4.421692e-02 -1.907494e-03 9.990201e-01 1.554917e+01
9.999902e-01 -3.580591e-04 -4.400290e-03 2.357770e+01 3.605456e-04 9.999998e-01 5.631227e-04 -1.038190e+00 4.399988e-03 -5.646986e-04 9.999901e-01 1.560906e+01
9.997467e-01 9.027439e-04 -2.248791e-02 2.364805e+01 -8.819975e-04 9.999992e-01 9.322271e-04 -1.039541e+00 2.248864e-02 -9.121516e-04 9.997466e-01 1.568373e+01
9.998731e-01 -1.145289e-04 -1.592879e-02 2.369222e+01 1.317751e-04 9.999994e-01 1.081324e-03 -1.039532e+00 1.592856e-02 -1.083280e-03 9.998725e-01 1.576313e+01
9.990737e-01 1.455722e-03 -4.300496e-02 2.366386e+01 -1.372416e-03 9.999971e-01 1.966473e-03 -1.035391e+00 4.300760e-02 -1.905626e-03 9.990729e-01 1.580121e+01
9.995800e-01 1.708249e-04 -2.897702e-02 2.362762e+01 -1.227036e-04 9.999986e-01 1.662239e-03 -1.030198e+00 2.897717e-02 -1.657981e-03 9.995787e-01 1.584062e+01
9.991503e-01 1.341763e-03 -4.119110e-02 2.367486e+01 -1.264037e-03 9.999974e-01 1.912815e-03 -1.026861e+00 4.119346e-02 -1.859118e-03 9.991494e-01 1.585820e+01
9.985491e-01 8.687817e-04 -5.384030e-02 2.361081e+01 -7.183212e-04 9.999958e-01 2.813744e-03 -1.019467e+00 5.384242e-02 -2.770982e-03 9.985456e-01 1.590314e+01
9.997980e-01 8.253839e-04 -2.007880e-02 2.359944e+01 -8.067737e-04 9.999992e-01 9.346118e-04 -1.015098e+00 2.007946e-02 -9.182198e-04 9.997979e-01 1.596219e+01
9.987048e-01 7.142722e-04 -5.087338e-02 2.360571e+01 -5.805314e-04 9.999963e-01 2.643492e-03 -1.010474e+00 5.087499e-02 -2.610531e-03 9.987016e-01 1.596657e+01
9.988039e-01 1.554115e-03 -4.886895e-02 2.357236e+01 -1.440057e-03 9.999962e-01 2.368934e-03 -1.001783e+00 4.887236e-02 -2.295723e-03 9.988024e-01 1.592039e+01
9.983698e-01 9.047841e-04 -5.706788e-02 2.350257e+01 -7.411594e-04 9.999956e-01 2.888168e-03 -9.918966e-01 5.707017e-02 -2.841160e-03 9.983661e-01 1.588018e+01
9.985994e-01 1.671254e-03 -5.288033e-02 2.341670e+01 -1.534624e-03 9.999954e-01 2.624125e-03 -9.815096e-01 5.288441e-02 -2.539295e-03 9.985974e-01 1.585440e+01
9.991511e-01 5.713490e-04 -4.118855e-02 2.331213e+01 -4.856672e-04 9.999977e-01 2.090027e-03 -9.707913e-01 4.118959e-02 -2.068247e-03 9.991492e-01 1.578066e+01
9.994527e-01 1.143834e-03 -3.305762e-02 2.314667e+01 -1.088232e-03 9.999980e-01 1.699681e-03 -9.577797e-01 3.305945e-02 -1.662775e-03 9.994520e-01 1.558473e+01
9.999861e-01 -2.402516e-04 -5.257027e-03 2.291273e+01 2.417004e-04 9.999999e-01 2.735124e-04 -9.411675e-01 5.256911e-03 -2.747772e-04 9.999861e-01 1.513605e+01
9.999978e-01 2.918760e-04 2.046117e-03 2.262173e+01 -2.918254e-04 1.000000e+00 -2.126124e-05 -9.220506e-01 -2.046173e-03 2.066609e-05 9.999979e-01 1.449511e+01
9.999615e-01 -5.283584e-05 -8.761490e-03 2.242060e+01 5.730277e-05 9.999999e-01 5.087179e-04 -9.093226e-01 8.761413e-03 -5.091984e-04 9.999615e-01 1.410065e+01
9.999959e-01 1.761669e-04 2.815389e-03 2.230202e+01 -1.760842e-04 1.000000e+00 -2.689846e-05 -9.012965e-01 -2.815442e-03 2.640456e-05 9.999960e-01 1.384683e+01
9.999125e-01 1.341540e-04 -1.321752e-02 2.192587e+01 -1.254352e-04 9.999998e-01 6.598923e-04 -8.782067e-01 1.321756e-02 -6.581748e-04 9.999124e-01 1.313597e+01
9.999273e-01 -1.766477e-05 1.205271e-02 2.138701e+01 2.445266e-05 9.999998e-01 -5.624009e-04 -8.435262e-01 -1.205275e-02 5.626566e-04 9.999272e-01 1.199009e+01
9.999386e-01 1.475909e-04 -1.107213e-02 2.088562e+01 -1.413443e-04 9.999998e-01 5.642632e-04 -8.102065e-01 1.107217e-02 -5.626617e-04 9.999385e-01 1.087323e+01
9.999354e-01 -2.315870e-05 1.135642e-02 2.047254e+01 2.848578e-05 9.999999e-01 -4.682472e-04 -7.834763e-01 -1.135645e-02 4.685424e-04 9.999354e-01 9.995146e+00
9.998515e-01 2.937589e-04 -1.722368e-02 2.006424e+01 -2.782808e-04 9.999996e-01 9.006042e-04 -7.590823e-01 1.722389e-02 -8.956756e-04 9.998513e-01 9.247996e+00
9.999980e-01 1.705406e-04 1.963228e-03 1.970917e+01 -1.704981e-04 1.000000e+00 -1.794341e-05 -7.376770e-01 -1.963276e-03 1.761046e-05 9.999981e-01 8.622977e+00
9.997267e-01 4.078387e-04 -2.336970e-02 1.943225e+01 -3.796084e-04 9.999992e-01 1.212091e-03 -7.214561e-01 2.337013e-02 -1.202887e-03 9.997262e-01 8.194383e+00
9.999191e-01 4.690340e-04 -1.270036e-02 1.921380e+01 -4.600163e-04 9.999996e-01 7.123538e-04 -7.084363e-01 1.270065e-02 -7.064522e-04 9.999191e-01 7.917029e+00
9.997090e-01 4.425038e-04 -2.411606e-02 1.905860e+01 -4.125778e-04 9.999991e-01 1.245565e-03 -7.000217e-01 2.411656e-02 -1.235252e-03 9.997084e-01 7.802977e+00
9.999961e-01 2.184530e-04 -2.765440e-03 1.891367e+01 -2.177450e-04 9.999999e-01 2.535685e-04 -6.931071e-01 2.765460e-03 -2.529640e-04 9.999961e-01 7.715913e+00
9.996910e-01 4.564964e-04 -2.485039e-02 1.876803e+01 -4.249158e-04 9.999991e-01 1.275792e-03 -6.856826e-01 2.485091e-02 -1.264838e-03 9.996904e-01 7.606720e+00
9.997208e-01 -3.347558e-04 2.362236e-02 1.855351e+01 3.594064e-04 9.999994e-01 -1.038970e-03 -6.713923e-01 -2.362203e-02 1.047172e-03 9.997204e-01 7.136703e+00
9.996809e-01 4.303616e-04 -2.525405e-02 1.841854e+01 -3.974860e-04 9.999991e-01 1.306505e-03 -6.617117e-01 2.525455e-02 -1.296049e-03 9.996802e-01 6.807194e+00
9.997957e-01 -2.365385e-04 2.020631e-02 1.823633e+01 2.543479e-04 9.999996e-01 -8.784383e-04 -6.504473e-01 -2.020612e-02 8.833995e-04 9.997954e-01 6.461699e+00
9.997384e-01 3.181111e-04 -2.286349e-02 1.806078e+01 -2.912345e-04 9.999993e-01 1.178519e-03 -6.391311e-01 2.286382e-02 -1.171551e-03 9.997379e-01 6.094152e+00
9.999963e-01 2.271439e-04 2.683627e-03 1.785656e+01 -2.270661e-04 1.000000e+00 -2.649995e-05 -6.262610e-01 -2.683662e-03 2.589158e-05 9.999964e-01 5.752789e+00
9.999445e-01 5.221058e-05 -1.052906e-02 1.766350e+01 -4.580255e-05 9.999998e-01 6.081362e-04 -6.142153e-01 1.052906e-02 -6.076191e-04 9.999444e-01 5.400578e+00
9.999991e-01 2.202855e-04 1.255497e-03 1.747701e+01 -2.203189e-04 1.000000e+00 3.238885e-05 -6.026042e-01 -1.255517e-03 -3.266442e-05 9.999992e-01 5.064156e+00
9.999989e-01 -1.193751e-04 -1.430725e-03 1.727278e+01 1.196659e-04 1.000000e+00 1.979913e-04 -5.898920e-01 1.430674e-03 -1.981613e-04 9.999990e-01 4.667587e+00
9.999923e-01 1.568661e-04 3.894254e-03 1.708399e+01 -1.563774e-04 1.000000e+00 -1.238696e-04 -5.764685e-01 -3.894301e-03 1.232607e-04 9.999924e-01 4.209213e+00
9.999984e-01 -1.090556e-04 -1.704559e-03 1.683975e+01 1.093680e-04 1.000000e+00 1.788591e-04 -5.592351e-01 1.704512e-03 -1.790442e-04 9.999985e-01 3.618919e+00
9.999950e-01 1.341303e-04 3.130344e-03 1.647543e+01 -1.335919e-04 1.000000e+00 -1.698100e-04 -5.343377e-01 -3.130395e-03 1.693920e-04 9.999951e-01 2.770467e+00
9.999840e-01 -5.445178e-06 -5.647388e-03 1.594861e+01 7.204085e-06 1.000000e+00 3.101202e-04 -5.067285e-01 5.647358e-03 -3.101549e-04 9.999840e-01 1.949924e+00
9.999995e-01 2.091382e-04 9.110183e-04 1.543720e+01 -2.091297e-04 1.000000e+00 -1.304733e-06 -4.865127e-01 -9.110458e-04 1.115219e-06 9.999996e-01 1.485800e+00
9.999871e-01 -3.349237e-05 -5.056910e-03 1.504466e+01 3.506889e-05 1.000000e+00 3.102035e-04 -4.716842e-01 5.056873e-03 -3.103759e-04 9.999872e-01 1.164715e+00
9.999921e-01 4.213590e-05 3.955661e-03 1.492167e+01 -4.184498e-05 1.000000e+00 -7.175360e-05 -4.721682e-01 -3.955690e-03 7.158849e-05 9.999922e-01 1.288067e+00
9.999879e-01 -3.459163e-06 -4.901647e-03 1.496159e+01 5.419556e-06 9.999999e-01 3.984223e-04 -4.862610e-01 4.901619e-03 -3.984430e-04 9.999879e-01 1.882661e+00
9.999904e-01 2.017206e-05 4.358166e-03 1.501491e+01 -1.978389e-05 1.000000e+00 -8.740831e-05 -5.002620e-01 -4.358194e-03 8.732223e-05 9.999905e-01 2.450489e+00
9.999907e-01 -6.228789e-05 -4.290216e-03 1.497824e+01 6.343296e-05 1.000000e+00 2.650383e-04 -5.029001e-01 4.290173e-03 -2.653070e-04 9.999908e-01 2.567466e+00
9.999931e-01 8.356127e-05 3.690657e-03 1.473594e+01 -8.312496e-05 1.000000e+00 -1.163636e-04 -4.927939e-01 -3.690693e-03 1.160570e-04 9.999932e-01 2.312311e+00
9.999913e-01 -6.367505e-05 -4.156451e-03 1.455197e+01 6.497929e-05 9.999999e-01 3.118688e-04 -4.905008e-01 4.156404e-03 -3.121352e-04 9.999913e-01 2.362480e+00
9.999872e-01 1.092673e-04 5.034171e-03 1.430622e+01 -1.082367e-04 1.000000e+00 -2.035003e-04 -4.817062e-01 -5.034220e-03 2.029539e-04 9.999873e-01 2.178751e+00
9.999992e-01 -6.503115e-05 -1.143948e-03 1.429248e+01 6.530343e-05 1.000000e+00 2.315033e-04 -4.826820e-01 1.143906e-03 -2.315768e-04 9.999993e-01 2.201259e+00
9.999902e-01 1.264604e-04 4.399012e-03 1.433970e+01 -1.259090e-04 1.000000e+00 -1.239529e-04 -4.909940e-01 -4.399055e-03 1.233988e-04 9.999903e-01 2.510360e+00
9.999925e-01 -7.732665e-05 -3.837613e-03 1.440011e+01 7.882933e-05 9.999999e-01 3.894900e-04 -5.055107e-01 3.837555e-03 -3.897886e-04 9.999926e-01 3.096562e+00
9.999922e-01 8.847639e-05 3.931380e-03 1.438582e+01 -8.794075e-05 1.000000e+00 -1.345348e-04 -5.164770e-01 -3.931420e-03 1.341890e-04 9.999923e-01 3.589028e+00
9.999978e-01 -4.269612e-05 -2.051081e-03 1.450844e+01 4.344850e-05 9.999999e-01 3.631741e-04 -5.345595e-01 2.051038e-03 -3.632614e-04 9.999978e-01 4.241630e+00
9.999886e-01 3.752604e-05 4.759019e-03 1.457909e+01 -3.613399e-05 1.000000e+00 -2.910357e-04 -5.411593e-01 -4.759057e-03 2.908614e-04 9.999886e-01 4.412868e+00
9.999954e-01 -6.590389e-05 -3.011761e-03 1.457871e+01 6.702393e-05 9.999999e-01 3.693316e-04 -5.422249e-01 3.011708e-03 -3.695307e-04 9.999954e-01 4.409149e+00
9.999949e-01 1.732142e-05 3.170215e-03 1.463019e+01 -1.671622e-05 1.000000e+00 -1.885880e-04 -5.501533e-01 -3.170246e-03 1.885351e-04 9.999950e-01 4.676823e+00
9.999953e-01 -2.822191e-05 -3.033896e-03 1.473226e+01 2.954547e-05 9.999999e-01 4.337729e-04 -5.648968e-01 3.033856e-03 -4.338595e-04 9.999953e-01 5.199042e+00
9.999943e-01 1.239205e-05 3.334973e-03 1.482949e+01 -1.165694e-05 1.000000e+00 -2.182164e-04 -5.776534e-01 -3.335004e-03 2.181773e-04 9.999944e-01 5.636339e+00
9.999957e-01 -2.245389e-05 -2.884263e-03 1.472241e+01 2.342877e-05 9.999999e-01 3.353922e-04 -5.708333e-01 2.884227e-03 -3.354573e-04 9.999958e-01 5.401556e+00
9.999942e-01 2.228424e-05 3.375519e-03 1.452811e+01 -2.142896e-05 1.000000e+00 -2.512127e-04 -5.558574e-01 -3.375553e-03 2.511400e-04 9.999943e-01 4.854963e+00
9.999935e-01 -7.262984e-06 -3.583325e-03 1.431073e+01 8.534360e-06 9.999999e-01 3.527174e-04 -5.409001e-01 3.583294e-03 -3.527446e-04 9.999935e-01 4.338251e+00
9.999923e-01 8.956350e-05 3.900501e-03 1.404293e+01 -8.849609e-05 1.000000e+00 -2.719270e-04 -5.250358e-01 -3.900554e-03 2.715807e-04 9.999924e-01 3.834749e+00
9.999956e-01 -1.532205e-05 -2.919716e-03 1.381362e+01 1.637336e-05 9.999999e-01 3.575128e-04 -5.129970e-01 2.919682e-03 -3.575580e-04 9.999957e-01 3.487763e+00
9.999939e-01 3.141986e-05 3.474164e-03 1.365074e+01 -3.063485e-05 1.000000e+00 -2.238755e-04 -5.060284e-01 -3.474199e-03 2.237687e-04 9.999939e-01 3.312512e+00
9.999925e-01 1.895148e-05 -3.851154e-03 1.337611e+01 -1.764613e-05 9.999999e-01 3.370616e-04 -4.916747e-01 3.851132e-03 -3.369901e-04 9.999925e-01 2.888785e+00
9.999929e-01 1.338090e-05 3.742267e-03 1.308164e+01 -1.244592e-05 1.000000e+00 -2.478852e-04 -4.745978e-01 -3.742298e-03 2.478379e-04 9.999930e-01 2.348630e+00
9.999909e-01 2.821716e-06 -4.244870e-03 1.286002e+01 -1.104345e-06 9.999999e-01 4.028339e-04 -4.656362e-01 4.244843e-03 -4.028245e-04 9.999909e-01 2.130977e+00
9.999938e-01 3.009113e-05 3.500177e-03 1.282182e+01 -2.974411e-05 1.000000e+00 -9.707607e-05 -4.769449e-01 -3.500208e-03 9.697240e-05 9.999939e-01 2.673264e+00
9.999963e-01 -1.376336e-05 -2.667472e-03 1.273973e+01 1.454782e-05 1.000000e+00 2.912864e-04 -4.810714e-01 2.667440e-03 -2.913231e-04 9.999964e-01 2.927478e+00
9.999937e-01 1.904497e-05 3.531717e-03 1.259172e+01 -1.839655e-05 1.000000e+00 -1.815316e-04 -4.732712e-01 -3.531748e-03 1.814665e-04 9.999937e-01 2.697387e+00
9.999918e-01 1.550342e-05 -4.027584e-03 1.235952e+01 -1.429125e-05 1.000000e+00 2.991570e-04 -4.589975e-01 4.027561e-03 -2.990960e-04 9.999918e-01 2.229116e+00
9.999924e-01 1.843066e-05 3.867342e-03 1.217227e+01 -1.769147e-05 1.000000e+00 -1.892528e-04 -4.446933e-01 -3.867374e-03 1.891840e-04 9.999925e-01 1.697872e+00
9.999982e-01 -1.777232e-04 -1.836776e-03 1.246366e+01 1.782030e-04 1.000000e+00 2.569924e-04 -4.525255e-01 1.836701e-03 -2.573182e-04 9.999983e-01 1.640814e+00
9.999207e-01 1.645133e-04 1.258176e-02 1.270318e+01 -1.603644e-04 9.999999e-01 -3.301769e-04 -4.596125e-01 -1.258184e-02 3.281342e-04 9.999208e-01 1.657591e+00
9.999721e-01 -2.246921e-04 -7.455009e-03 1.290163e+01 2.274070e-04 9.999999e-01 3.623242e-04 -4.644170e-01 7.454897e-03 -3.640083e-04 9.999721e-01 1.605614e+00
9.999737e-01 2.472084e-04 7.240176e-03 1.268249e+01 -2.453919e-04 9.999999e-01 -2.507590e-04 -4.488206e-01 -7.240267e-03 2.489768e-04 9.999738e-01 1.053308e+00
9.999752e-01 -2.551047e-04 -7.021484e-03 1.272255e+01 2.582140e-04 9.999999e-01 4.408622e-04 -4.517190e-01 7.021341e-03 -4.426632e-04 9.999752e-01 1.125537e+00
9.999843e-01 1.971431e-04 5.578146e-03 1.284784e+01 -1.960079e-04 1.000000e+00 -2.027181e-04 -4.560473e-01 -5.578215e-03 2.016227e-04 9.999844e-01 1.159954e+00
9.999881e-01 -1.758125e-04 -4.845765e-03 1.280270e+01 1.775062e-04 9.999999e-01 3.475538e-04 -4.539250e-01 4.845674e-03 -3.484087e-04 9.999882e-01 1.091418e+00
9.999841e-01 1.916856e-04 5.611233e-03 1.276051e+01 -1.904890e-04 1.000000e+00 -2.124511e-04 -4.496047e-01 -5.611303e-03 2.113800e-04 9.999842e-01 9.137770e-01
9.999732e-01 -1.820387e-04 -7.311808e-03 1.268945e+01 1.851317e-04 9.999999e-01 4.213206e-04 -4.427588e-01 7.311701e-03 -4.226618e-04 9.999732e-01 6.339419e-01
9.999798e-01 2.178143e-04 6.337295e-03 1.238818e+01 -2.159591e-04 9.999999e-01 -2.922555e-04 -4.239328e-01 -6.337388e-03 2.908821e-04 9.999799e-01 1.483367e-02
9.999718e-01 -1.758219e-04 -7.497006e-03 1.211835e+01 1.791210e-04 9.999999e-01 4.383832e-04 -4.061387e-01 7.496898e-03 -4.397126e-04 9.999718e-01 -5.841214e-01
9.999797e-01 1.849529e-04 6.355155e-03 1.206738e+01 -1.834659e-04 1.000000e+00 -2.333949e-04 -4.004713e-01 -6.355227e-03 2.322253e-04 9.999798e-01 -8.271437e-01
9.999778e-01 -1.645035e-04 -6.648526e-03 1.206442e+01 1.674299e-04 9.999999e-01 4.384978e-04 -3.995913e-01 6.648424e-03 -4.396001e-04 9.999778e-01 -8.783848e-01
9.999761e-01 1.784684e-04 6.890184e-03 1.193442e+01 -1.763327e-04 9.999999e-01 -3.094916e-04 -3.908773e-01 -6.890269e-03 3.082704e-04 9.999762e-01 -1.175240e+00
9.999790e-01 -1.278899e-04 -6.470862e-03 1.168035e+01 1.304013e-04 9.999999e-01 3.865376e-04 -3.745017e-01 6.470782e-03 -3.873722e-04 9.999790e-01 -1.719393e+00
9.999689e-01 1.423394e-04 7.868259e-03 1.154116e+01 -1.398401e-04 9.999999e-01 -3.172418e-04 -3.638608e-01 -7.868334e-03 3.161328e-04 9.999690e-01 -2.112564e+00
9.999929e-01 -9.870350e-05 -3.740614e-03 1.146156e+01 1.000835e-04 9.999999e-01 3.667395e-04 -3.575047e-01 3.740547e-03 -3.671101e-04 9.999929e-01 -2.346972e+00
9.999886e-01 1.799594e-04 4.753189e-03 1.116592e+01 -1.784561e-04 9.999999e-01 -3.151156e-04 -3.409624e-01 -4.753275e-03 3.142649e-04 9.999887e-01 -2.852796e+00
9.999880e-01 -7.394884e-05 -4.869732e-03 1.081657e+01 7.594976e-05 9.999999e-01 4.091835e-04 -3.214690e-01 4.869672e-03 -4.095473e-04 9.999881e-01 -3.450002e+00
9.999826e-01 1.485376e-04 5.878645e-03 1.063911e+01 -1.467229e-04 9.999999e-01 -3.078545e-04 -3.105023e-01 -5.878721e-03 3.069878e-04 9.999827e-01 -3.803157e+00
9.999833e-01 -9.922280e-05 -5.767304e-03 1.042240e+01 1.016952e-04 9.999999e-01 4.271215e-04 -2.963486e-01 5.767231e-03 -4.276997e-04 9.999833e-01 -4.275331e+00
9.999849e-01 1.487252e-04 5.476114e-03 1.013511e+01 -1.469161e-04 9.999999e-01 -3.294002e-04 -2.785565e-01 -5.476192e-03 3.285918e-04 9.999849e-01 -4.856398e+00
9.999847e-01 -7.767686e-05 -5.519845e-03 9.862744e+00 8.003729e-05 9.999999e-01 4.260670e-04 -2.630741e-01 5.519781e-03 -4.265011e-04 9.999847e-01 -5.338301e+00
9.999764e-01 1.848011e-04 6.850819e-03 9.605142e+00 -1.823516e-04 9.999999e-01 -3.570845e-04 -2.474788e-01 -6.850915e-03 3.558279e-04 9.999765e-01 -5.833964e+00
9.999993e-01 -9.293986e-05 -1.056258e-03 9.381001e+00 9.332713e-05 9.999999e-01 3.596200e-04 -2.317750e-01 1.056194e-03 -3.597172e-04 9.999994e-01 -6.370226e+00
9.999992e-01 1.158505e-04 1.199592e-03 9.312323e+00 -1.155906e-04 1.000000e+00 -2.105659e-04 -2.242127e-01 -1.199647e-03 2.104282e-04 9.999993e-01 -6.694999e+00
9.999983e-01 -1.333477e-04 -1.772643e-03 9.244302e+00 1.340377e-04 9.999999e-01 3.849658e-04 -2.167158e-01 1.772561e-03 -3.852017e-04 9.999984e-01 -7.014434e+00
9.999982e-01 1.158339e-04 1.835257e-03 9.147317e+00 -1.153556e-04 1.000000e+00 -2.567009e-04 -2.072501e-01 -1.835317e-03 2.564899e-04 9.999983e-01 -7.401184e+00
9.999985e-01 -1.134013e-04 -1.693749e-03 9.097524e+00 1.141152e-04 9.999999e-01 4.170107e-04 -2.033918e-01 1.693670e-03 -4.172022e-04 9.999985e-01 -7.539897e+00
9.999985e-01 1.088601e-04 1.688066e-03 9.141134e+00 -1.085232e-04 1.000000e+00 -1.952547e-04 -2.090169e-01 -1.688118e-03 1.950724e-04 9.999986e-01 -7.337429e+00
9.999967e-01 -1.487622e-04 -2.525643e-03 9.190245e+00 1.498353e-04 9.999999e-01 4.217468e-04 -2.118902e-01 2.525550e-03 -4.221227e-04 9.999967e-01 -7.281550e+00
9.999960e-01 1.435901e-04 2.801949e-03 9.113090e+00 -1.427855e-04 9.999999e-01 -2.847046e-04 -2.059721e-01 -2.802020e-03 2.843045e-04 9.999960e-01 -7.497486e+00
9.999991e-01 -1.004115e-04 -1.297634e-03 8.895917e+00 1.008663e-04 9.999999e-01 3.447658e-04 -1.922183e-01 1.297569e-03 -3.448953e-04 9.999991e-01 -7.946806e+00
9.999958e-01 1.278295e-04 2.870338e-03 8.805951e+00 -1.271220e-04 1.000000e+00 -2.440971e-04 -1.863493e-01 -2.870401e-03 2.437324e-04 9.999958e-01 -8.138475e+00
9.999996e-01 -8.684930e-05 7.419409e-04 8.784490e+00 8.662439e-05 9.999999e-01 3.131298e-04 -1.850501e-01 -7.419995e-04 -3.130643e-04 9.999997e-01 -8.188571e+00
9.999888e-01 1.363936e-04 4.702655e-03 8.832030e+00 -1.351917e-04 1.000000e+00 -2.543244e-04 -1.890698e-01 -4.702721e-03 2.536870e-04 9.999889e-01 -8.054813e+00
9.999996e-01 -7.743967e-05 -7.632556e-04 8.902142e+00 7.773088e-05 9.999999e-01 3.718481e-04 -1.967426e-01 7.631945e-04 -3.719061e-04 9.999996e-01 -7.779814e+00
9.999943e-01 1.077802e-04 3.342423e-03 8.833548e+00 -1.067679e-04 9.999999e-01 -3.008347e-04 -1.912962e-01 -3.342487e-03 3.004773e-04 9.999944e-01 -7.978394e+00
9.999995e-01 -9.043402e-05 -8.605323e-04 8.721438e+00 9.074737e-05 9.999999e-01 3.555322e-04 -1.817039e-01 8.604674e-04 -3.556089e-04 9.999996e-01 -8.336307e+00
9.999931e-01 1.113239e-04 3.683219e-03 8.588846e+00 -1.101058e-04 9.999999e-01 -3.288945e-04 -1.707668e-01 -3.683289e-03 3.284880e-04 9.999932e-01 -8.743260e+00
9.999867e-01 -5.408318e-05 5.139530e-03 8.532155e+00 5.290517e-05 1.000000e+00 2.307730e-04 -1.638116e-01 -5.139576e-03 -2.304968e-04 9.999868e-01 -9.030343e+00
9.999979e-01 9.901708e-05 2.022840e-03 8.476986e+00 -9.843256e-05 1.000000e+00 -2.854243e-04 -1.577471e-01 -2.022903e-03 2.852259e-04 9.999979e-01 -9.274363e+00
9.999821e-01 -4.165880e-05 5.970039e-03 8.459986e+00 4.021436e-05 1.000000e+00 2.432973e-04 -1.542885e-01 -5.970084e-03 -2.430516e-04 9.999821e-01 -9.429620e+00
9.999971e-01 1.208700e-04 2.349230e-03 8.427646e+00 -1.202108e-04 1.000000e+00 -2.776354e-04 -1.520929e-01 -2.349300e-03 2.773536e-04 9.999972e-01 -9.491770e+00
9.999980e-01 -9.470695e-05 1.954488e-03 8.241754e+00 9.412239e-05 9.999999e-01 3.029179e-04 -1.379911e-01 -1.954553e-03 -3.027320e-04 9.999980e-01 -9.990897e+00
9.999998e-01 1.498051e-04 4.852336e-04 7.888710e+00 -1.496366e-04 9.999999e-01 -3.321905e-04 -1.127094e-01 -4.853200e-04 3.321192e-04 9.999998e-01 -1.088129e+01
9.999943e-01 -1.115978e-04 3.352800e-03 7.602278e+00 1.106394e-04 1.000000e+00 2.882175e-04 -9.052256e-02 -3.352869e-03 -2.878435e-04 9.999943e-01 -1.168888e+01
9.999999e-01 1.280811e-04 -9.142419e-05 7.484531e+00 -1.280995e-04 1.000000e+00 -2.806304e-04 -8.064104e-02 9.135093e-05 2.806435e-04 1.000000e+00 -1.205353e+01
9.999886e-01 -9.852080e-05 4.748705e-03 7.492582e+00 9.726750e-05 1.000000e+00 2.656908e-04 -7.999220e-02 -4.748769e-03 -2.652246e-04 9.999887e-01 -1.212190e+01
9.999998e-01 1.236148e-04 -4.470490e-04 7.406161e+00 -1.237288e-04 1.000000e+00 -2.711775e-04 -7.067458e-02 4.469773e-04 2.712342e-04 9.999999e-01 -1.249554e+01
9.996865e-01 1.114540e-04 2.503533e-02 7.515932e+00 -1.097739e-04 1.000000e+00 -6.819401e-05 -7.575191e-02 -2.503538e-02 6.542583e-05 9.996866e-01 -1.234884e+01
9.999810e-01 -9.110241e-06 -6.144092e-03 7.451400e+00 7.662812e-06 1.000000e+00 -2.367778e-04 -6.503282e-02 6.144052e-03 2.367278e-04 9.999811e-01 -1.278340e+01
9.999194e-01 2.127221e-05 1.268562e-02 7.311621e+00 -2.354789e-05 1.000000e+00 1.798094e-04 -5.040130e-02 -1.268566e-02 -1.800921e-04 9.999195e-01 -1.336705e+01
9.999970e-01 3.501262e-05 -2.396643e-03 7.378602e+00 -3.572571e-05 1.000000e+00 -3.004971e-04 -5.232601e-02 2.396589e-03 3.005835e-04 9.999971e-01 -1.337347e+01
9.999795e-01 -1.810637e-05 6.382304e-03 7.327959e+00 1.611606e-05 1.000000e+00 3.130231e-04 -4.758941e-02 -6.382354e-03 -3.129122e-04 9.999796e-01 -1.357291e+01
9.999938e-01 1.472445e-05 -3.494290e-03 7.148425e+00 -1.579994e-05 1.000000e+00 -3.098150e-04 -3.215077e-02 3.494241e-03 3.098699e-04 9.999938e-01 -1.414720e+01
9.999774e-01 -1.096228e-05 6.713946e-03 6.959679e+00 8.869321e-06 1.000000e+00 3.128320e-04 -1.611779e-02 -6.713994e-03 -3.127638e-04 9.999774e-01 -1.473604e+01
9.999950e-01 3.315425e-05 -3.143374e-03 6.825059e+00 -3.411494e-05 1.000000e+00 -3.078534e-04 -4.246942e-03 3.143319e-03 3.079608e-04 9.999950e-01 -1.518029e+01
9.999675e-01 -3.398339e-05 8.048808e-03 6.782267e+00 3.149962e-05 1.000000e+00 3.096055e-04 3.548576e-03 -8.048864e-03 -3.093402e-04 9.999676e-01 -1.553951e+01
9.999939e-01 8.280777e-05 3.453932e-03 6.757898e+00 -8.133588e-05 9.999999e-01 -4.242141e-04 1.010029e-02 -3.454013e-03 4.239324e-04 9.999939e-01 -1.583251e+01
9.999066e-01 3.860307e-05 1.366367e-02 6.715477e+00 -4.142272e-05 1.000000e+00 2.065994e-04 1.711695e-02 -1.366371e-02 -2.071443e-04 9.999066e-01 -1.609647e+01
9.999965e-01 1.227988e-05 -2.592195e-03 6.581222e+00 -1.308278e-05 1.000000e+00 -3.124600e-04 2.932539e-02 2.592142e-03 3.124947e-04 9.999966e-01 -1.653202e+01
9.999359e-01 2.737742e-05 1.131743e-02 6.437371e+00 -3.027443e-05 1.000000e+00 2.564334e-04 4.190730e-02 -1.131747e-02 -2.567577e-04 9.999359e-01 -1.697911e+01
9.999929e-01 -2.550162e-06 -3.734945e-03 6.191369e+00 1.358510e-06 9.999999e-01 -3.209532e-04 6.120639e-02 3.734896e-03 3.209478e-04 9.999930e-01 -1.765906e+01
9.999746e-01 2.729234e-05 7.108321e-03 5.973926e+00 -2.979588e-05 9.999999e-01 3.530872e-04 7.714040e-02 -7.108361e-03 -3.532882e-04 9.999747e-01 -1.820553e+01
9.999850e-01 -1.348279e-05 -5.464099e-03 5.694990e+00 1.179217e-05 1.000000e+00 -3.107308e-04 9.634082e-02 5.464053e-03 3.106637e-04 9.999850e-01 -1.885851e+01
9.999553e-01 6.594658e-05 9.449179e-03 5.559886e+00 -6.908653e-05 9.999999e-01 3.327196e-04 1.069343e-01 -9.449208e-03 -3.333556e-04 9.999553e-01 -1.922398e+01
9.999968e-01 -3.262246e-05 -2.473124e-03 5.460978e+00 3.176764e-05 9.999999e-01 -3.485361e-04 1.171765e-01 2.473084e-03 3.484584e-04 9.999969e-01 -1.961344e+01
9.999890e-01 5.139901e-05 4.667451e-03 5.194429e+00 -5.318758e-05 9.999999e-01 3.845880e-04 1.373006e-01 -4.667483e-03 -3.848301e-04 9.999890e-01 -2.032108e+01
9.999973e-01 -5.039475e-05 -2.262335e-03 5.078266e+00 4.969671e-05 1.000000e+00 -3.117201e-04 1.460447e-01 2.262299e-03 3.116089e-04 9.999974e-01 -2.062616e+01
9.999942e-01 2.796668e-05 3.385977e-03 4.893537e+00 -2.934802e-05 9.999999e-01 4.099921e-04 1.591775e-01 -3.386017e-03 -4.100872e-04 9.999942e-01 -2.107768e+01
9.999917e-01 -4.456969e-05 -4.041826e-03 4.616752e+00 4.341083e-05 1.000000e+00 -2.885518e-04 1.787647e-01 4.041787e-03 2.883759e-04 9.999918e-01 -2.175921e+01
9.999930e-01 -7.200880e-06 3.715246e-03 4.419733e+00 5.611687e-06 9.999999e-01 4.296589e-04 1.912972e-01 -3.715301e-03 -4.296331e-04 9.999930e-01 -2.217639e+01
9.999860e-01 -8.028982e-06 -5.279503e-03 4.184582e+00 6.925323e-06 1.000000e+00 -2.104038e-04 2.015234e-01 5.279452e-03 2.103663e-04 9.999860e-01 -2.244364e+01
9.999926e-01 -6.912254e-06 3.817782e-03 3.892965e+00 5.460805e-06 9.999999e-01 3.820443e-04 2.181066e-01 -3.817836e-03 -3.820188e-04 9.999926e-01 -2.296184e+01
9.999886e-01 -2.190036e-05 -4.751176e-03 3.612356e+00 2.074159e-05 1.000000e+00 -2.454310e-04 2.370794e-01 4.751129e-03 2.453316e-04 9.999887e-01 -2.361181e+01
9.999918e-01 7.906430e-06 4.029023e-03 3.342107e+00 -9.376601e-06 9.999999e-01 3.666352e-04 2.558262e-01 -4.029072e-03 -3.666680e-04 9.999918e-01 -2.426040e+01
9.999908e-01 -4.293889e-05 -4.259969e-03 3.355620e+00 4.228444e-05 1.000000e+00 -1.553843e-04 2.507396e-01 4.259924e-03 1.552048e-04 9.999909e-01 -2.406124e+01
9.999808e-01 1.360466e-04 6.179736e-03 3.424541e+00 -1.388212e-04 9.999999e-01 4.497036e-04 2.305041e-01 -6.179726e-03 -4.505509e-04 9.999808e-01 -2.322487e+01
9.999896e-01 -5.209630e-05 -4.532890e-03 3.486895e+00 5.141318e-05 1.000000e+00 -1.523850e-04 2.112370e-01 4.532846e-03 1.521523e-04 9.999897e-01 -2.242475e+01
9.999729e-01 1.357113e-04 7.347473e-03 3.559114e+00 -1.385187e-04 9.999999e-01 3.825515e-04 1.943010e-01 -7.347472e-03 -3.835570e-04 9.999729e-01 -2.173648e+01
9.999881e-01 -8.613290e-05 -4.868428e-03 3.630858e+00 8.514113e-05 1.000000e+00 -2.053763e-04 1.814280e-01 4.868393e-03 2.049613e-04 9.999881e-01 -2.124147e+01
9.999833e-01 4.093365e-05 5.770771e-03 3.589192e+00 -4.298329e-05 9.999999e-01 3.562807e-04 1.806160e-01 -5.770808e-03 -3.565209e-04 9.999833e-01 -2.119976e+01
9.999899e-01 -7.508948e-05 -4.470748e-03 3.547177e+00 7.408956e-05 1.000000e+00 -2.254138e-04 1.797339e-01 4.470712e-03 2.250823e-04 9.999900e-01 -2.114843e+01
9.999819e-01 1.001881e-04 5.996254e-03 3.611896e+00 -1.027868e-04 9.999999e-01 4.342569e-04 1.669226e-01 -5.996262e-03 -4.348635e-04 9.999819e-01 -2.065079e+01
9.999858e-01 -1.669137e-04 -5.307646e-03 3.387524e+00 1.648233e-04 9.999999e-01 -3.956151e-04 1.871425e-01 5.307659e-03 3.947368e-04 9.999858e-01 -2.142954e+01
9.999811e-01 1.105319e-04 6.138199e-03 2.989804e+00 -1.125885e-04 9.999999e-01 3.358747e-04 2.219745e-01 -6.138214e-03 -3.365575e-04 9.999811e-01 -2.278279e+01
9.999813e-01 -1.564115e-04 -6.106248e-03 2.726906e+00 1.547552e-04 1.000000e+00 -2.728794e-04 2.441758e-01 6.106238e-03 2.719314e-04 9.999813e-01 -2.361728e+01
9.999712e-01 1.362133e-04 7.569675e-03 2.555914e+00 -1.386630e-04 9.999999e-01 3.240328e-04 2.589510e-01 -7.569683e-03 -3.250712e-04 9.999713e-01 -2.416931e+01
9.999816e-01 -1.587721e-04 -6.044133e-03 2.395004e+00 1.571382e-04 1.000000e+00 -2.719770e-04 2.716071e-01 6.044123e-03 2.710243e-04 9.999817e-01 -2.462802e+01
9.999775e-01 1.587863e-04 6.697723e-03 2.117224e+00 -1.609764e-04 9.999999e-01 3.275194e-04 2.906310e-01 -6.697724e-03 -3.285882e-04 9.999775e-01 -2.528191e+01
9.999834e-01 -8.897755e-05 -5.740080e-03 1.718475e+00 8.718331e-05 9.999999e-01 -3.140706e-04 3.161574e-01 5.740055e-03 3.135670e-04 9.999835e-01 -2.612753e+01
9.999750e-01 1.027431e-04 7.050556e-03 1.432214e+00 -1.052381e-04 9.999999e-01 3.545126e-04 3.362460e-01 -7.050573e-03 -3.552438e-04 9.999751e-01 -2.682085e+01
