9.999792e-01 -5.799725e-05 -6.452048e-03 -2.370882e-02 5.979048e-05 1.000000e+00 2.777369e-04 1.007381e-02 6.452031e-03 -2.781164e-04 9.999790e-01 -4.879288e-01
9.998850e-01 1.702763e-04 -1.516512e-02 2.559160e-01 -1.585298e-04 9.999997e-01 7.757699e-04 2.214795e-03 1.516524e-02 -7.732759e-04 9.998846e-01 -4.223096e-01
9.999920e-01 -7.365889e-05 -3.997142e-03 5.650714e-01 7.432621e-05 1.000000e+00 1.667923e-04 -1.019359e-02 3.997125e-03 -1.670874e-04 9.999919e-01 -2.067724e-01
9.999005e-01 1.330265e-04 -1.410787e-02 8.044700e-01 -1.227199e-04 9.999997e-01 7.314190e-04 -1.617740e-02 1.410796e-02 -7.296141e-04 9.999001e-01 -1.915596e-01
9.999998e-01 -8.026934e-05 6.149923e-04 9.389218e-01 8.031145e-05 1.000000e+00 -6.836433e-05 -1.251191e-02 -6.149946e-04 6.841457e-05 9.999997e-01 -5.219169e-01
9.999884e-01 4.723269e-05 -4.816606e-03 9.441546e-01 -4.621416e-05 1.000000e+00 2.115637e-04 -3.160960e-03 4.816608e-03 -2.113378e-04 9.999883e-01 -1.009105e+00
9.999842e-01 -5.510771e-05 -5.624211e-03 1.051775e+00 5.672241e-05 1.000000e+00 2.869285e-04 2.346447e-03 5.624186e-03 -2.872421e-04 9.999840e-01 -1.410327e+00
9.999908e-01 3.622629e-06 -4.288313e-03 1.385064e+00 -2.792483e-06 1.000000e+00 1.935742e-04 -2.787318e-04 4.288303e-03 -1.935595e-04 9.999907e-01 -1.712963e+00
9.999645e-01 1.539699e-05 -8.420883e-03 1.556128e+00 -1.190522e-05 9.999999e-01 4.146986e-04 -2.573291e-03 8.420877e-03 -4.145826e-04 9.999644e-01 -1.810577e+00
9.999986e-01 -4.229729e-05 -1.653919e-03 1.619100e+00 4.236794e-05 1.000000e+00 4.263064e-05 -6.321784e-03 1.653905e-03 -4.269957e-05 9.999985e-01 -1.719204e+00
9.999977e-01 3.673111e-06 -2.122878e-03 1.618872e+00 -3.472372e-06 1.000000e+00 9.452274e-05 1.753836e-04 2.122865e-03 -9.451406e-05 9.999976e-01 -2.065675e+00
1.000000e+00 -8.354888e-06 1.144232e-04 1.305382e+00 8.353824e-06 1.000000e+00 1.009789e-05 2.102228e-02 -1.144364e-04 -1.009583e-05 9.999999e-01 -2.732510e+00
9.999964e-01 -1.406179e-05 -2.677792e-03 1.142717e+00 1.429527e-05 1.000000e+00 8.713734e-05 3.381827e-02 2.677777e-03 -8.717420e-05 9.999963e-01 -3.179350e+00
9.999980e-01 5.213185e-06 1.979222e-03 1.035073e+00 -5.064763e-06 1.000000e+00 -7.494716e-05 4.327253e-02 -1.979236e-03 7.493810e-05 9.999979e-01 -3.524362e+00
9.999946e-01 -2.731703e-05 -3.296405e-03 9.524987e-01 2.766533e-05 1.000000e+00 1.055854e-04 5.031874e-02 3.296389e-03 -1.056749e-04 9.999945e-01 -3.781076e+00
9.999994e-01 3.102055e-06 -1.055883e-03 9.825267e-01 -3.074915e-06 1.000000e+00 2.561360e-05 5.025384e-02 1.055869e-03 -2.560921e-05 9.999993e-01 -3.833816e+00
9.999998e-01 1.035831e-04 -6.641231e-04 1.088553e+00 -1.036504e-04 1.000000e+00 -1.014958e-04 4.025724e-02 6.640984e-04 1.015657e-04 9.999997e-01 -3.536144e+00
9.999923e-01 -9.835220e-05 -3.920546e-03 1.267639e+00 9.917787e-05 1.000000e+00 2.103804e-04 3.249484e-02 3.920510e-03 -2.107665e-04 9.999922e-01 -3.422528e+00
9.999971e-01 5.831949e-05 -2.398490e-03 1.358386e+00 -5.814088e-05 1.000000e+00 7.449560e-05 3.782976e-02 2.398480e-03 -7.435478e-05 9.999970e-01 -3.812072e+00
9.999991e-01 -7.393973e-05 -1.360496e-03 1.381999e+00 7.398455e-05 1.000000e+00 3.281318e-05 4.849041e-02 1.360478e-03 -3.291264e-05 9.999990e-01 -4.390470e+00
9.999772e-01 1.938499e-05 -6.757546e-03 1.583202e+00 -1.711142e-05 9.999999e-01 3.364894e-04 4.567270e-02 6.757536e-03 -3.363649e-04 9.999770e-01 -4.518919e+00
9.999930e-01 -2.103190e-05 -3.734580e-03 1.870077e+00 2.161363e-05 1.000000e+00 1.556962e-04 3.513701e-02 3.734559e-03 -1.557746e-04 9.999929e-01 -4.397212e+00
9.999753e-01 4.296826e-05 -7.026363e-03 2.131397e+00 -4.045697e-05 9.999999e-01 3.575317e-04 2.297528e-02 7.026360e-03 -3.572373e-04 9.999752e-01 -4.163006e+00
9.999909e-01 -8.077831e-05 4.274835e-03 2.091414e+00 8.183131e-05 1.000000e+00 -2.461168e-04 3.120145e-02 -4.274833e-03 2.464656e-04 9.999907e-01 -4.546534e+00
9.999765e-01 5.926326e-05 -6.852402e-03 1.927960e+00 -5.691547e-05 9.999999e-01 3.427972e-04 4.460646e-02 6.852403e-03 -3.423978e-04 9.999764e-01 -5.024211e+00
9.999846e-01 -6.447768e-05 5.558113e-03 1.696579e+00 6.605008e-05 1.000000e+00 -2.826915e-04 6.109948e-02 -5.558114e-03 2.830556e-04 9.999844e-01 -5.569521e+00
9.999887e-01 8.656609e-05 -4.748678e-03 1.376622e+00 -8.497672e-05 9.999999e-01 3.348686e-04 8.361490e-02 4.748687e-03 -3.344600e-04 9.999886e-01 -6.297825e+00
9.999990e-01 -1.498438e-04 -1.391748e-03 1.773431e+00 1.497920e-04 1.000000e+00 -3.742083e-05 7.737587e-02 1.391734e-03 3.721369e-05 9.999989e-01 -6.535029e+00
9.999914e-01 3.724740e-04 4.119170e-03 2.433373e+00 -3.720781e-04 9.999999e-01 -9.683561e-05 4.827249e-02 -4.119225e-03 9.530347e-05 9.999914e-01 -6.106062e+00
9.999998e-01 -7.634121e-05 6.057613e-04 3.086168e+00 7.641867e-05 1.000000e+00 -1.276170e-04 1.786728e-02 -6.057705e-04 1.276646e-04 9.999997e-01 -5.602919e+00
9.999963e-01 1.232483e-04 -2.712071e-03 3.543496e+00 -1.227960e-04 1.000000e+00 1.668858e-04 -1.461867e-03 2.712072e-03 -1.665508e-04 9.999962e-01 -5.351274e+00
9.999641e-01 -1.334026e-04 -8.474947e-03 3.799350e+00 1.370778e-04 9.999999e-01 4.330557e-04 -4.179862e-03 8.474868e-03 -4.342005e-04 9.999639e-01 -5.549053e+00
9.999764e-01 3.055616e-04 6.856095e-03 3.969917e+00 -3.017412e-04 9.999998e-01 -5.582356e-04 -2.734131e-02 -6.856285e-03 5.561550e-04 9.999762e-01 -4.749533e+00
9.999571e-01 -1.272061e-04 -9.262076e-03 4.102029e+00 1.312161e-04 9.999999e-01 4.323347e-04 -5.149545e-02 9.261999e-03 -4.335301e-04 9.999569e-01 -3.856697e+00
9.999833e-01 2.694586e-04 5.769193e-03 4.270869e+00 -2.666379e-04 9.999998e-01 -4.896659e-04 -7.580102e-02 -5.769345e-03 4.881208e-04 9.999831e-01 -3.007074e+00
9.999102e-01 -1.729570e-04 -1.339928e-02 4.497215e+00 1.826286e-04 9.999997e-01 7.205686e-04 -9.873698e-02 1.339913e-02 -7.229496e-04 9.999099e-01 -2.282058e+00
9.999277e-01 3.833684e-04 1.201633e-02 4.761984e+00 -3.731303e-04 9.999996e-01 -8.542327e-04 -1.257596e-01 -1.201667e-02 8.496886e-04 9.999273e-01 -1.440138e+00
9.999087e-01 -2.313440e-04 -1.350984e-02 4.930950e+00 2.411645e-04 9.999997e-01 7.252752e-04 -1.461266e-01 1.350965e-02 -7.284657e-04 9.999084e-01 -7.664975e-01
9.999300e-01 3.214911e-04 1.182821e-02 5.222665e+00 -3.127077e-04 9.999997e-01 -7.444070e-04 -1.587594e-01 -1.182846e-02 7.406575e-04 9.999297e-01 -6.070831e-01
9.999747e-01 -1.304524e-04 -7.107702e-03 5.616709e+00 1.345866e-04 9.999998e-01 5.811515e-04 -1.763154e-01 7.107603e-03 -5.820921e-04 9.999745e-01 -3.211981e-01
9.998774e-01 3.390254e-04 1.565564e-02 5.975810e+00 -3.262366e-04 9.999996e-01 -8.194199e-04 -1.926335e-01 -1.565593e-02 8.142132e-04 9.998770e-01 -2.265422e-02
9.998849e-01 -3.219261e-04 -1.516651e-02 6.115800e+00 3.340626e-04 9.999996e-01 7.976819e-04 -1.937086e-01 1.516623e-02 -8.026554e-04 9.998846e-01 -1.819647e-01
9.997787e-01 4.054734e-04 2.103334e-02 6.267679e+00 -3.856914e-04 9.999995e-01 -9.445500e-04 -1.948700e-01 -2.103373e-02 9.362299e-04 9.997782e-01 -3.268094e-01
9.999343e-01 -3.615479e-04 -1.145318e-02 6.187199e+00 3.702671e-04 9.999996e-01 7.591728e-04 -1.827494e-01 1.145288e-02 -7.633624e-04 9.999340e-01 -8.114467e-01
9.999205e-01 4.161866e-04 1.260581e-02 5.813957e+00 -4.065158e-04 9.999996e-01 -7.697126e-04 -1.540189e-01 -1.260614e-02 7.645282e-04 9.999201e-01 -1.783302e+00
9.999849e-01 -2.489676e-04 -5.493731e-03 5.962992e+00 2.524147e-04 9.999998e-01 6.267497e-04 -1.521599e-01 5.493555e-03 -6.281257e-04 9.999846e-01 -2.075737e+00
9.999310e-01 5.573361e-04 1.173052e-02 6.424748e+00 -5.466557e-04 9.999994e-01 -9.136530e-04 -1.797344e-01 -1.173104e-02 9.071787e-04 9.999307e-01 -1.426961e+00
9.998967e-01 -4.797548e-04 -1.436466e-02 6.767359e+00 4.928889e-04 9.999995e-01 9.108013e-04 -1.994130e-01 1.436419e-02 -9.177861e-04 9.998963e-01 -1.018744e+00
9.999802e-01 4.809929e-04 6.271116e-03 6.986661e+00 -4.772838e-04 9.999997e-01 -5.929133e-04 -2.104218e-01 -6.271418e-03 5.899098e-04 9.999801e-01 -8.022306e-01
9.996188e-01 -3.328079e-04 -2.760756e-02 7.011406e+00 3.777330e-04 9.999986e-01 1.622074e-03 -2.063557e-01 2.760696e-02 -1.631883e-03 9.996174e-01 -9.765403e-01
9.999771e-01 3.817938e-04 -6.750620e-03 7.637402e+00 -3.802609e-04 9.999999e-01 2.283315e-04 -2.196839e-01 6.750682e-03 -2.257577e-04 9.999771e-01 -1.082623e+00
9.993864e-01 -1.761346e-04 -3.502454e-02 8.710224e+00 2.437106e-04 9.999981e-01 1.925123e-03 -2.541024e-01 3.502411e-02 -1.932476e-03 9.993845e-01 -8.487746e-01
9.999445e-01 3.124747e-04 -1.053122e-02 9.898475e+00 -3.073356e-04 9.999998e-01 4.895708e-04 -2.933722e-01 1.053134e-02 -4.863051e-04 9.999443e-01 -5.442590e-01
9.992865e-01 -8.370570e-05 -3.776844e-02 1.127269e+01 1.586366e-04 9.999980e-01 1.980953e-03 -3.417194e-01 3.776817e-02 -1.985529e-03 9.992845e-01 -9.356532e-02
9.999096e-01 3.298909e-04 -1.344355e-02 1.262859e+01 -3.209769e-04 9.999997e-01 6.651825e-04 -3.880531e-01 1.344373e-02 -6.608049e-04 9.999093e-01 3.102833e-01
9.991393e-01 -1.403447e-04 -4.148088e-02 1.411775e+01 2.316180e-04 9.999976e-01 2.195559e-03 -4.376961e-01 4.148042e-02 -2.203274e-03 9.991368e-01 6.949171e-01
9.997334e-01 4.600757e-04 -2.308637e-02 1.592606e+01 -4.330476e-04 9.999992e-01 1.175690e-03 -4.996143e-01 2.308684e-02 -1.165376e-03 9.997327e-01 1.215315e+00
9.991681e-01 -9.382242e-05 -4.078000e-02 1.774045e+01 1.799529e-04 9.999978e-01 2.108389e-03 -5.668612e-01 4.077965e-02 -2.113970e-03 9.991658e-01 1.948362e+00
9.999091e-01 3.883300e-04 -1.347469e-02 1.938894e+01 -3.789176e-04 9.999997e-01 7.009801e-04 -6.275193e-01 1.347489e-02 -6.958072e-04 9.999089e-01 2.580004e+00
9.995920e-01 -2.746988e-04 -2.856088e-02 2.092649e+01 3.173386e-04 9.999988e-01 1.488377e-03 -6.822508e-01 2.856038e-02 -1.496830e-03 9.995909e-01 3.059323e+00
9.998705e-01 3.865618e-04 -1.608804e-02 2.240424e+01 -3.725442e-04 9.999995e-01 8.742020e-04 -7.317099e-01 1.608830e-02 -8.680915e-04 9.998701e-01 3.406393e+00
9.996050e-01 -2.849450e-04 -2.810274e-02 2.380894e+01 3.259220e-04 9.999989e-01 1.453488e-03 -7.739314e-01 2.810223e-02 -1.462069e-03 9.996039e-01 3.542906e+00
9.996711e-01 5.236459e-04 -2.563777e-02 2.489501e+01 -4.889430e-04 9.999990e-01 1.359765e-03 -8.026801e-01 2.563838e-02 -1.346778e-03 9.996703e-01 3.576325e+00
9.996509e-01 -1.112509e-04 -2.641930e-02 2.578063e+01 1.441759e-04 9.999992e-01 1.244272e-03 -8.244385e-01 2.641906e-02 -1.247642e-03 9.996501e-01 3.564115e+00
9.999012e-01 3.313270e-04 -1.404901e-02 2.635487e+01 -3.191141e-04 9.999996e-01 8.713812e-04 -8.261177e-01 1.404921e-02 -8.668075e-04 9.999008e-01 3.025277e+00
9.997484e-01 1.025787e-04 -2.243025e-02 2.669980e+01 -8.309055e-05 9.999996e-01 8.696582e-04 -8.222762e-01 2.243025e-02 -8.675712e-04 9.997480e-01 2.521226e+00
9.993779e-01 5.705508e-04 -3.526307e-02 2.677266e+01 -5.016867e-04 9.999980e-01 1.961613e-03 -8.211752e-01 3.526403e-02 -1.942697e-03 9.993761e-01 2.598076e+00
9.996219e-01 1.806567e-04 -2.749369e-02 2.688527e+01 -1.496618e-04 9.999994e-01 1.129299e-03 -8.202103e-01 2.749378e-02 -1.124752e-03 9.996213e-01 2.654308e+00
9.996977e-01 3.989521e-04 -2.458228e-02 2.701393e+01 -3.636749e-04 9.999989e-01 1.439398e-03 -8.204518e-01 2.458274e-02 -1.430018e-03 9.996967e-01 2.704609e+00
9.997867e-01 8.023517e-05 -2.065196e-02 2.715550e+01 -6.394318e-05 9.999997e-01 7.893856e-04 -8.216594e-01 2.065193e-02 -7.878919e-04 9.997863e-01 2.755617e+00
9.997002e-01 3.322177e-04 -2.447925e-02 2.737723e+01 -2.963346e-04 9.999989e-01 1.469333e-03 -8.244950e-01 2.447962e-02 -1.461633e-03 9.996992e-01 2.779320e+00
9.994344e-01 2.601463e-04 -3.362683e-02 2.758138e+01 -2.124432e-04 9.999990e-01 1.422061e-03 -8.237897e-01 3.362706e-02 -1.414108e-03 9.994334e-01 2.715565e+00
9.983896e-01 9.635452e-04 -5.671972e-02 2.760740e+01 -7.929455e-04 9.999951e-01 3.030127e-03 -8.174571e-01 5.672226e-02 -2.980267e-03 9.983855e-01 2.732665e+00
9.999846e-01 -3.306657e-04 5.526765e-03 2.780554e+01 3.331236e-04 9.999998e-01 -4.430070e-04 -8.196663e-01 -5.526717e-03 4.448463e-04 9.999846e-01 2.782763e+00
9.993024e-01 6.062540e-04 -3.734109e-02 2.807922e+01 -5.302186e-04 9.999978e-01 2.045991e-03 -8.260712e-01 3.734215e-02 -2.024760e-03 9.993004e-01 2.841064e+00
9.998330e-01 6.673246e-05 -1.827100e-02 2.811069e+01 -5.428075e-05 9.999998e-01 6.817377e-04 -8.236977e-01 1.827094e-02 -6.806272e-04 9.998328e-01 2.898867e+00
9.997504e-01 4.481083e-04 -2.233354e-02 2.809388e+01 -4.190668e-04 9.999991e-01 1.304797e-03 -8.204853e-01 2.233400e-02 -1.295107e-03 9.997497e-01 2.909665e+00
9.999983e-01 -2.211442e-04 1.814688e-03 2.794499e+01 2.216422e-04 9.999999e-01 -2.713963e-04 -8.102715e-01 -1.814728e-03 2.718029e-04 9.999983e-01 2.653811e+00
9.997166e-01 4.495338e-04 -2.379873e-02 2.792806e+01 -4.166679e-04 9.999990e-01 1.385726e-03 -8.050681e-01 2.379923e-02 -1.375412e-03 9.997158e-01 2.494336e+00
9.999283e-01 -9.916202e-05 -1.197155e-02 2.801350e+01 1.037742e-04 9.999999e-01 3.841984e-04 -8.049968e-01 1.197141e-02 -3.854082e-04 9.999282e-01 2.514152e+00
9.998475e-01 3.766881e-04 -1.745480e-02 2.817073e+01 -3.579048e-04 9.999994e-01 1.078917e-03 -8.084625e-01 1.745509e-02 -1.072501e-03 9.998470e-01 2.588035e+00
9.999180e-01 -1.541842e-04 1.279870e-02 2.835889e+01 1.592276e-04 9.999999e-01 -3.926031e-04 -8.141354e-01 -1.279874e-02 3.946137e-04 9.999180e-01 2.733029e+00
9.994898e-01 3.185374e-04 -3.193634e-02 2.858472e+01 -2.748334e-04 9.999990e-01 1.372683e-03 -8.212595e-01 3.193665e-02 -1.363201e-03 9.994889e-01 2.840663e+00
9.999033e-01 -2.229807e-04 1.390070e-02 2.889286e+01 2.291138e-04 9.999999e-01 -4.392069e-04 -8.325547e-01 -1.390070e-02 4.423541e-04 9.999032e-01 3.010342e+00
9.997894e-01 2.297878e-04 -2.051684e-02 2.924819e+01 -2.129783e-04 9.999996e-01 8.212088e-04 -8.457555e-01 2.051692e-02 -8.166614e-04 9.997891e-01 3.170198e+00
9.999586e-01 8.431735e-06 -9.090330e-03 2.949651e+01 -2.436324e-06 9.999998e-01 6.589128e-04 -8.511755e-01 9.090235e-03 -6.588587e-04 9.999584e-01 3.213977e+00
9.994174e-01 4.628768e-04 -3.412532e-02 2.962392e+01 -4.127141e-04 9.999988e-01 1.476815e-03 -8.523177e-01 3.412586e-02 -1.461866e-03 9.994164e-01 3.276196e+00
9.995539e-01 2.953415e-04 -2.986442e-02 2.965164e+01 -2.457350e-04 9.999986e-01 1.664510e-03 -8.490146e-01 2.986478e-02 -1.656424e-03 9.995525e-01 3.325953e+00
9.988231e-01 7.258620e-04 -4.849445e-02 2.963963e+01 -6.208206e-04 9.999974e-01 2.180947e-03 -8.437174e-01 4.849581e-02 -2.148270e-03 9.988210e-01 3.385406e+00
9.999052e-01 9.418329e-05 -1.376334e-02 2.965790e+01 -8.210600e-05 9.999996e-01 8.775718e-04 -8.403992e-01 1.376332e-02 -8.763542e-04 9.999049e-01 3.442472e+00
9.991879e-01 5.057144e-04 -4.028772e-02 2.974388e+01 -4.333829e-04 9.999983e-01 1.803917e-03 -8.384693e-01 4.028847e-02 -1.784988e-03 9.991865e-01 3.447448e+00
9.989228e-01 6.232461e-04 -4.639629e-02 2.977027e+01 -5.064953e-04 9.999967e-01 2.527943e-03 -8.277770e-01 4.639763e-02 -2.501717e-03 9.989199e-01 3.243376e+00
9.989315e-01 6.937011e-04 -4.620832e-02 2.976740e+01 -5.990053e-04 9.999977e-01 2.062979e-03 -8.165385e-01 4.620957e-02 -2.033092e-03 9.989297e-01 3.073503e+00
9.992214e-01 4.663818e-04 -3.944792e-02 2.977342e+01 -3.818489e-04 9.999976e-01 2.150213e-03 -8.095747e-01 3.944876e-02 -2.133473e-03 9.992193e-01 3.066232e+00
9.998232e-01 3.111007e-04 -1.879655e-02 2.976909e+01 -2.976034e-04 9.999997e-01 7.204524e-04 -8.043654e-01 1.879670e-02 -7.147280e-04 9.998231e-01 3.043212e+00
9.996794e-01 2.062457e-04 -2.531758e-02 2.972436e+01 -1.696622e-04 9.999989e-01 1.446812e-03 -7.972115e-01 2.531779e-02 -1.442050e-03 9.996784e-01 2.913329e+00
9.998441e-01 -1.284873e-04 1.765443e-02 2.981334e+01 1.482874e-04 9.999994e-01 -1.119773e-03 -8.046439e-01 -1.765434e-02 1.122219e-03 9.998435e-01 3.126856e+00
9.998615e-01 2.665655e-04 -1.663244e-02 2.980815e+01 -2.506696e-04 9.999995e-01 9.573187e-04 -8.084133e-01 1.663263e-02 -9.530141e-04 9.998612e-01 3.244536e+00
9.998475e-01 -7.330030e-05 1.746087e-02 2.993599e+01 9.314659e-05 9.999994e-01 -1.135346e-03 -8.246091e-01 -1.746084e-02 1.136803e-03 9.998469e-01 3.797994e+00
9.999305e-01 3.716138e-04 -1.177354e-02 3.017692e+01 -3.619619e-04 9.999996e-01 8.212525e-04 -8.509871e-01 1.177378e-02 -8.169310e-04 9.999303e-01 4.688573e+00
9.999034e-01 -3.778797e-04 1.388585e-02 3.006349e+01 3.897389e-04 9.999996e-01 -8.507812e-04 -8.393904e-01 -1.388559e-02 8.561138e-04 9.999032e-01 4.241913e+00
9.999163e-01 4.446207e-04 -1.292015e-02 2.942323e+01 -4.329798e-04 9.999995e-01 9.031637e-04 -7.954573e-01 1.292048e-02 -8.974911e-04 9.999161e-01 2.829540e+00
9.998688e-01 -3.645379e-04 1.619033e-02 2.907617e+01 3.805626e-04 9.999994e-01 -9.862144e-04 -7.673280e-01 -1.619003e-02 9.922494e-04 9.998684e-01 1.857133e+00
9.999042e-01 3.954540e-04 -1.383218e-02 2.883642e+01 -3.825624e-04 9.999995e-01 9.340726e-04 -7.477332e-01 1.383247e-02 -9.286885e-04 9.999039e-01 1.169395e+00
9.999250e-01 -3.938573e-04 1.223090e-02 2.840663e+01 4.032744e-04 9.999996e-01 -7.668395e-04 -7.209955e-01 -1.223066e-02 7.717174e-04 9.999249e-01 3.575041e-01
9.999011e-01 3.944350e-04 -1.405505e-02 2.801124e+01 -3.813185e-04 9.999995e-01 9.353370e-04 -6.968049e-01 1.405535e-02 -9.298821e-04 9.999008e-01 -3.692002e-01
9.999335e-01 -4.080709e-04 1.152143e-02 2.768355e+01 4.166401e-04 9.999996e-01 -7.406872e-04 -6.770385e-01 -1.152119e-02 7.454412e-04 9.999333e-01 -9.553919e-01
9.994804e-01 6.601051e-04 -3.222373e-02 2.756258e+01 -6.034827e-04 9.999983e-01 1.766617e-03 -6.688797e-01 3.222477e-02 -1.746250e-03 9.994791e-01 -1.139970e+00
9.997855e-01 -5.200897e-04 2.070270e-02 2.743788e+01 5.448252e-04 9.999991e-01 -1.188784e-03 -6.607941e-01 -2.070213e-02 1.199811e-03 9.997850e-01 -1.354543e+00
9.996673e-01 5.555017e-04 -2.578350e-02 2.725299e+01 -5.178631e-04 9.999988e-01 1.466143e-03 -6.500974e-01 2.578422e-02 -1.452300e-03 9.996665e-01 -1.655366e+00
9.997125e-01 -5.497215e-04 2.396895e-02 2.703192e+01 5.820572e-04 9.999989e-01 -1.341775e-03 -6.371325e-01 -2.396825e-02 1.355343e-03 9.997118e-01 -2.034093e+00
9.996801e-01 5.714045e-04 -2.528316e-02 2.676181e+01 -5.351538e-04 9.999988e-01 1.440218e-03 -6.197659e-01 2.528389e-02 -1.426224e-03 9.996793e-01 -2.573721e+00
9.996823e-01 -5.362526e-04 2.519406e-02 2.650950e+01 5.710796e-04 9.999989e-01 -1.374856e-03 -6.034381e-01 -2.519335e-02 1.388810e-03 9.996816e-01 -3.080277e+00
9.996667e-01 5.564124e-04 -2.580765e-02 2.624984e+01 -5.188660e-04 9.999988e-01 1.461222e-03 -5.876113e-01 2.580837e-02 -1.447342e-03 9.996658e-01 -3.555504e+00
9.996812e-01 -5.306235e-04 2.523923e-02 2.610068e+01 5.664750e-04 9.999988e-01 -1.413021e-03 -5.769656e-01 -2.523851e-02 1.426870e-03 9.996804e-01 -3.903386e+00
9.996739e-01 5.668494e-04 -2.552693e-02 2.588969e+01 -5.299472e-04 9.999988e-01 1.452051e-03 -5.617493e-01 2.552766e-02 -1.438047e-03 9.996731e-01 -4.401389e+00
9.996447e-01 -5.218923e-04 2.664549e-02 2.566830e+01 5.605822e-04 9.999988e-01 -1.444271e-03 -5.457423e-01 -2.664476e-02 1.458698e-03 9.996439e-01 -4.927295e+00
9.996405e-01 5.679654e-04 -2.680180e-02 2.543614e+01 -5.277207e-04 9.999987e-01 1.508320e-03 -5.294762e-01 2.680256e-02 -1.493631e-03 9.996396e-01 -5.450697e+00
9.996514e-01 -5.273256e-04 2.639321e-02 2.518775e+01 5.659288e-04 9.999988e-01 -1.454862e-03 -5.119482e-01 -2.639247e-02 1.469295e-03 9.996506e-01 -6.019103e+00
9.996871e-01 5.815160e-04 -2.500549e-02 2.485707e+01 -5.448207e-04 9.999988e-01 1.473960e-03 -4.895660e-01 2.500626e-02 -1.459873e-03 9.996862e-01 -6.734228e+00
9.996434e-01 -5.275104e-04 2.669542e-02 2.458224e+01 5.670417e-04 9.999988e-01 -1.472978e-03 -4.700728e-01 -2.669467e-02 1.487593e-03 9.996425e-01 -7.368976e+00
9.996703e-01 5.885023e-04 -2.566598e-02 2.424129e+01 -5.513775e-04 9.999988e-01 1.453205e-03 -4.442647e-01 2.566674e-02 -1.438571e-03 9.996695e-01 -8.240236e+00
9.996705e-01 -5.335010e-04 2.566102e-02 2.381698e+01 5.697976e-04 9.999988e-01 -1.406857e-03 -4.158614e-01 -2.566030e-02 1.421018e-03 9.996697e-01 -9.152823e+00
9.996393e-01 5.445208e-04 -2.684686e-02 2.336315e+01 -5.027011e-04 9.999987e-01 1.564143e-03 -3.903048e-01 2.684761e-02 -1.550080e-03 9.996383e-01 -9.894888e+00
9.996983e-01 -5.628375e-04 2.455392e-02 2.293099e+01 5.964289e-04 9.999989e-01 -1.360434e-03 -3.682067e-01 -2.455319e-02 1.374671e-03 9.996976e-01 -1.049530e+01
9.996514e-01 5.247196e-04 -2.639396e-02 2.254572e+01 -4.848899e-04 9.999987e-01 1.515125e-03 -3.515742e-01 2.639466e-02 -1.501796e-03 9.996505e-01 -1.088664e+01
9.996791e-01 -5.143720e-04 2.532312e-02 2.233969e+01 5.526860e-04 9.999987e-01 -1.505710e-03 -3.465617e-01 -2.532237e-02 1.519225e-03 9.996782e-01 -1.092591e+01
9.996640e-01 5.520470e-04 -2.591194e-02 2.221482e+01 -5.138901e-04 9.999988e-01 1.478891e-03 -3.430248e-01 2.591266e-02 -1.465075e-03 9.996631e-01 -1.098752e+01
9.996653e-01 -5.231172e-04 2.586093e-02 2.192268e+01 5.607108e-04 9.999988e-01 -1.446141e-03 -3.242242e-01 -2.586021e-02 1.460161e-03 9.996645e-01 -1.158368e+01
9.996586e-01 5.451986e-04 -2.612040e-02 2.154904e+01 -5.057680e-04 9.999987e-01 1.515852e-03 -3.021978e-01 2.612113e-02 -1.502121e-03 9.996576e-01 -1.224786e+01
9.996741e-01 -5.439238e-04 2.551824e-02 2.122432e+01 5.812782e-04 9.999988e-01 -1.456120e-03 -2.859604e-01 -2.551748e-02 1.470482e-03 9.996733e-01 -1.269125e+01
9.996745e-01 5.339238e-04 -2.550263e-02 2.093188e+01 -4.961667e-04 9.999988e-01 1.486511e-03 -2.719353e-01 2.550333e-02 -1.473371e-03 9.996736e-01 -1.305632e+01
9.996456e-01 -5.151141e-04 2.661092e-02 2.070285e+01 5.551190e-04 9.999987e-01 -1.495655e-03 -2.583646e-01 -2.661018e-02 1.509900e-03 9.996447e-01 -1.346286e+01
9.996777e-01 5.387313e-04 -2.537622e-02 2.049488e+01 -5.012550e-04 9.999988e-01 1.482854e-03 -2.447471e-01 2.537692e-02 -1.469653e-03 9.996769e-01 -1.389489e+01
9.996927e-01 -4.554405e-04 2.478156e-02 2.047547e+01 4.946661e-04 9.999986e-01 -1.576419e-03 -2.540575e-01 -2.478087e-02 1.588196e-03 9.996916e-01 -1.347352e+01
9.996737e-01 5.446639e-04 -2.553406e-02 2.043579e+01 -5.068648e-04 9.999988e-01 1.486475e-03 -2.614377e-01 2.553478e-02 -1.473045e-03 9.996728e-01 -1.313106e+01
9.996799e-01 -4.477665e-04 2.529460e-02 2.042374e+01 4.880456e-04 9.999986e-01 -1.585928e-03 -2.701582e-01 -2.529392e-02 1.597768e-03 9.996788e-01 -1.275125e+01
9.997092e-01 4.691382e-04 -2.410717e-02 2.023139e+01 -4.319624e-04 9.999987e-01 1.546961e-03 -2.601436e-01 2.410780e-02 -1.536095e-03 9.997082e-01 -1.303804e+01
9.996956e-01 -4.405978e-04 2.466293e-02 2.005170e+01 4.795189e-04 9.999986e-01 -1.571903e-03 -2.480758e-01 -2.466226e-02 1.583254e-03 9.996946e-01 -1.343592e+01
9.996811e-01 4.978177e-04 -2.524307e-02 1.994433e+01 -4.594207e-04 9.999987e-01 1.526555e-03 -2.436986e-01 2.524374e-02 -1.514468e-03 9.996802e-01 -1.356209e+01
9.996937e-01 -4.366869e-04 2.474278e-02 1.988237e+01 4.761559e-04 9.999986e-01 -1.588977e-03 -2.476573e-01 -2.474211e-02 1.600274e-03 9.996926e-01 -1.334748e+01
9.996899e-01 4.928622e-04 -2.489207e-02 1.982743e+01 -4.552741e-04 9.999987e-01 1.515370e-03 -2.525822e-01 2.489272e-02 -1.503565e-03 9.996890e-01 -1.309271e+01
9.996767e-01 -4.660897e-04 2.541750e-02 1.972887e+01 5.056013e-04 9.999987e-01 -1.547780e-03 -2.485416e-01 -2.541681e-02 1.560133e-03 9.996757e-01 -1.320101e+01
9.997052e-01 4.904564e-04 -2.426952e-02 1.952186e+01 -4.532425e-04 9.999987e-01 1.538513e-03 -2.345986e-01 2.427019e-02 -1.527057e-03 9.997043e-01 -1.364962e+01
9.996903e-01 -4.521659e-04 2.487838e-02 1.919914e+01 4.903301e-04 9.999987e-01 -1.527629e-03 -2.130477e-01 -2.487772e-02 1.539357e-03 9.996893e-01 -1.434044e+01
9.997159e-01 4.932258e-04 -2.382839e-02 1.882674e+01 -4.562338e-04 9.999987e-01 1.557516e-03 -1.900130e-01 2.382906e-02 -1.546199e-03 9.997148e-01 -1.504844e+01
9.996825e-01 -4.984042e-04 2.518825e-02 1.856644e+01 5.367636e-04 9.999987e-01 -1.515847e-03 -1.761246e-01 -2.518752e-02 1.528889e-03 9.996816e-01 -1.542624e+01
9.997158e-01 4.989636e-04 -2.383093e-02 1.829432e+01 -4.620971e-04 9.999987e-01 1.552153e-03 -1.605954e-01 2.383161e-02 -1.540697e-03 9.997148e-01 -1.587564e+01
9.997146e-01 -5.217453e-04 2.387824e-02 1.802333e+01 5.583288e-04 9.999987e-01 -1.525107e-03 -1.493598e-01 -2.387747e-02 1.538007e-03 9.997137e-01 -1.612981e+01
9.997256e-01 5.224440e-04 -2.341665e-02 1.779289e+01 -4.873278e-04 9.999987e-01 1.504966e-03 -1.409739e-01 2.341735e-02 -1.493139e-03 9.997246e-01 -1.629879e+01
9.997203e-01 -5.225626e-04 2.364088e-02 1.758642e+01 5.588741e-04 9.999987e-01 -1.529038e-03 -1.355368e-01 -2.364011e-02 1.541826e-03 9.997193e-01 -1.635424e+01
9.997342e-01 5.526050e-04 -2.304466e-02 1.742061e+01 -5.195264e-04 9.999988e-01 1.441032e-03 -1.373882e-01 2.304536e-02 -1.428674e-03 9.997334e-01 -1.612187e+01
9.996868e-01 -5.476264e-04 2.501518e-02 1.722755e+01 5.840603e-04 9.999988e-01 -1.448866e-03 -1.259536e-01 -2.501442e-02 1.463025e-03 9.996860e-01 -1.645459e+01
9.997083e-01 5.642041e-04 -2.414297e-02 1.700267e+01 -5.291581e-04 9.999988e-01 1.457638e-03 -1.114703e-01 2.414370e-02 -1.444435e-03 9.997074e-01 -1.691173e+01
9.997001e-01 -5.435190e-04 2.448039e-02 1.677386e+01 5.790842e-04 9.999988e-01 -1.445407e-03 -9.601285e-02 -2.447963e-02 1.459152e-03 9.996993e-01 -1.741128e+01
9.997077e-01 5.971527e-04 -2.416650e-02 1.649391e+01 -5.609979e-04 9.999987e-01 1.502493e-03 -7.675369e-02 2.416730e-02 -1.488494e-03 9.997068e-01 -1.803241e+01
9.996707e-01 -5.427176e-04 2.565162e-02 1.643180e+01 5.819865e-04 9.999987e-01 -1.523095e-03 -6.718066e-02 -2.565082e-02 1.537525e-03 9.996698e-01 -1.844180e+01
9.998766e-01 6.433738e-04 -1.568781e-02 1.655102e+01 -6.220535e-04 9.999989e-01 1.363370e-03 -6.729424e-02 1.568861e-02 -1.353440e-03 9.998760e-01 -1.856348e+01
9.998034e-01 -6.284706e-04 1.981482e-02 1.658314e+01 6.569593e-04 9.999988e-01 -1.430861e-03 -6.369651e-02 -1.981396e-02 1.443600e-03 9.998026e-01 -1.878337e+01
9.998252e-01 6.670533e-04 -1.867754e-02 1.627125e+01 -6.404154e-04 9.999988e-01 1.431723e-03 -4.194295e-02 1.867840e-02 -1.419508e-03 9.998245e-01 -1.949084e+01
9.998082e-01 -6.549028e-04 1.956880e-02 1.624392e+01 6.830593e-04 9.999987e-01 -1.431786e-03 -3.869686e-02 -1.956791e-02 1.444881e-03 9.998075e-01 -1.962410e+01
9.998053e-01 6.447085e-04 -1.971740e-02 1.617950e+01 -6.160723e-04 9.999987e-01 1.457973e-03 -3.414854e-02 1.971825e-02 -1.445539e-03 9.998045e-01 -1.977832e+01
9.997989e-01 -6.287248e-04 2.004150e-02 1.590721e+01 6.575107e-04 9.999988e-01 -1.429353e-03 -1.675593e-02 -2.004064e-02 1.442246e-03 9.997981e-01 -2.032157e+01
9.998253e-01 6.534814e-04 -1.867662e-02 1.562601e+01 -6.267194e-04 9.999988e-01 1.438306e-03 1.620561e-03 1.867747e-02 -1.426347e-03 9.998245e-01 -2.090013e+01
9.998230e-01 -6.429071e-04 1.879960e-02 1.536103e+01 6.695156e-04 9.999988e-01 -1.408688e-03 1.838838e-02 -1.879874e-02 1.421028e-03 9.998223e-01 -2.142643e+01
9.998298e-01 6.611179e-04 -1.843231e-02 1.502478e+01 -6.346387e-04 9.999988e-01 1.441946e-03 3.963865e-02 1.843317e-02 -1.430000e-03 9.998291e-01 -2.208963e+01
9.998229e-01 -6.278805e-04 1.880661e-02 1.457413e+01 6.534377e-04 9.999989e-01 -1.352410e-03 6.796086e-02 -1.880580e-02 1.364463e-03 9.998222e-01 -2.296327e+01
9.998404e-01 6.548064e-04 -1.784850e-02 1.451698e+01 -6.307216e-04 9.999989e-01 1.354551e-03 7.376414e-02 1.784931e-02 -1.343074e-03 9.998398e-01 -2.318774e+01
9.998296e-01 -6.795786e-04 1.844452e-02 1.442307e+01 7.045085e-04 9.999988e-01 -1.344711e-03 7.949612e-02 -1.844365e-02 1.357480e-03 9.998290e-01 -2.336395e+01
9.998470e-01 6.843928e-04 -1.747512e-02 1.424692e+01 -6.610494e-04 9.999989e-01 1.341094e-03 9.139139e-02 1.747596e-02 -1.329334e-03 9.998464e-01 -2.374721e+01
9.998134e-01 -6.579630e-04 1.930418e-02 1.390261e+01 6.839741e-04 9.999989e-01 -1.340445e-03 1.136811e-01 -1.930334e-02 1.353402e-03 9.998127e-01 -2.444629e+01
9.998416e-01 6.730867e-04 -1.778071e-02 1.365054e+01 -6.492254e-04 9.999989e-01 1.347270e-03 1.295069e-01 1.778154e-02 -1.335510e-03 9.998410e-01 -2.493585e+01
9.997736e-01 -6.568262e-04 2.126231e-02 1.352077e+01 6.862850e-04 9.999988e-01 -1.377844e-03 1.397327e-01 -2.126145e-02 1.392128e-03 9.997730e-01 -2.528435e+01
9.998081e-01 6.307276e-04 -1.957741e-02 1.321730e+01 -6.032650e-04 9.999988e-01 1.408240e-03 1.566977e-01 1.957821e-02 -1.396156e-03 9.998073e-01 -2.576649e+01
9.997881e-01 -6.256363e-04 2.057316e-02 1.281053e+01 6.531527e-04 9.999989e-01 -1.330406e-03 1.792942e-01 -2.057237e-02 1.343564e-03 9.997875e-01 -2.641513e+01
9.998326e-01 6.242312e-04 -1.828093e-02 1.256193e+01 -5.997773e-04 9.999989e-01 1.342693e-03 1.941913e-01 1.828169e-02 -1.331501e-03 9.998320e-01 -2.685491e+01
9.998038e-01 -6.110094e-04 1.979238e-02 1.225557e+01 6.375438e-04 9.999989e-01 -1.333946e-03 2.132898e-01 -1.979161e-02 1.346306e-03 9.998032e-01 -2.744264e+01
9.998152e-01 6.293653e-04 -1.920768e-02 1.189101e+01 -6.031459e-04 9.999989e-01 1.370399e-03 2.361361e-01 1.920845e-02 -1.358558e-03 9.998146e-01 -2.814982e+01
9.998014e-01 -6.111732e-04 1.991643e-02 1.142370e+01 6.369686e-04 9.999990e-01 -1.288459e-03 2.638098e-01 -1.991569e-02 1.300893e-03 9.998008e-01 -2.897659e+01
9.998448e-01 6.467314e-04 -1.759803e-02 1.092477e+01 -6.226993e-04 9.999989e-01 1.370608e-03 2.931481e-01 1.759884e-02 -1.359434e-03 9.998442e-01 -2.983661e+01
9.997730e-01 -6.104940e-04 2.129392e-02 1.051600e+01 6.388160e-04 9.999989e-01 -1.322896e-03 3.185310e-01 -2.129315e-02 1.336202e-03 9.997724e-01 -3.059458e+01
9.998061e-01 6.647155e-04 -1.967355e-02 1.023645e+01 -6.378836e-04 9.999989e-01 1.369699e-03 3.365424e-01 1.967437e-02 -1.356881e-03 9.998055e-01 -3.115146e+01
9.997854e-01 -6.378811e-04 2.070025e-02 9.973116e+00 6.661196e-04 9.999989e-01 -1.356910e-03 3.544057e-01 -2.069943e-02 1.370411e-03 9.997848e-01 -3.172380e+01
9.997948e-01 6.724579e-04 -2.024418e-02 9.625499e+00 -6.444330e-04 9.999988e-01 1.390449e-03 3.773873e-01 2.024502e-02 -1.377114e-03 9.997941e-01 -3.245495e+01
9.998049e-01 -6.719782e-04 1.973780e-02 9.505176e+00 6.991311e-04 9.999988e-01 -1.368405e-03 3.852766e-01 -1.973692e-02 1.381941e-03 9.998042e-01 -3.271193e+01
9.998050e-01 6.619343e-04 -1.973203e-02 9.405884e+00 -6.348361e-04 9.999988e-01 1.379141e-03 3.909320e-01 1.973285e-02 -1.366343e-03 9.998043e-01 -3.288778e+01
9.998199e-01 -6.359437e-04 1.896029e-02 9.391088e+00 6.625344e-04 9.999988e-01 -1.395767e-03 3.911974e-01 -1.895945e-02 1.408081e-03 9.998193e-01 -3.291278e+01
9.998279e-01 6.177212e-04 -1.853686e-02 9.230597e+00 -5.917868e-04 9.999988e-01 1.404097e-03 3.999402e-01 1.853764e-02 -1.392883e-03 9.998272e-01 -3.316581e+01
9.997894e-01 -6.039360e-04 2.050700e-02 8.941045e+00 6.324740e-04 9.999988e-01 -1.384771e-03 4.175955e-01 -2.050621e-02 1.397452e-03 9.997887e-01 -3.369841e+01
9.998446e-01 6.085429e-04 -1.761170e-02 8.712029e+00 -5.844742e-04 9.999989e-01 1.371298e-03 4.323741e-01 1.761245e-02 -1.360789e-03 9.998439e-01 -3.415049e+01
9.997820e-01 -6.169497e-04 2.086539e-02 8.493838e+00 6.459376e-04 9.999988e-01 -1.382184e-03 4.460458e-01 -2.086458e-02 1.395363e-03 9.997813e-01 -3.455720e+01
9.998483e-01 6.077623e-04 -1.740430e-02 8.298151e+00 -5.841581e-04 9.999989e-01 1.360829e-03 4.583534e-01 1.740504e-02 -1.350453e-03 9.998476e-01 -3.492021e+01
9.997889e-01 -6.075448e-04 2.053401e-02 8.222047e+00 6.364950e-04 9.999988e-01 -1.402969e-03 4.624738e-01 -2.053320e-02 1.415746e-03 9.997882e-01 -3.502915e+01
9.998428e-01 5.984362e-04 -1.771751e-02 7.985629e+00 -5.738975e-04 9.999989e-01 1.389607e-03 4.774272e-01 1.771825e-02 -1.379217e-03 9.998421e-01 -3.548199e+01
9.997808e-01 -5.468826e-04 2.092362e-02 7.702746e+00 5.764512e-04 9.999988e-01 -1.406779e-03 4.970576e-01 -2.092289e-02 1.418535e-03 9.997801e-01 -3.610996e+01
9.998421e-01 6.155771e-04 -1.775431e-02 7.422191e+00 -5.913495e-04 9.999989e-01 1.369381e-03 5.179152e-01 1.775507e-02 -1.358663e-03 9.998414e-01 -3.680066e+01
9.997173e-01 -5.376167e-04 2.376656e-02 7.134254e+00 5.720638e-04 9.999988e-01 -1.442281e-03 5.396915e-01 -2.376583e-02 1.455472e-03 9.997165e-01 -3.752019e+01
9.998363e-01 6.156738e-04 -1.807859e-02 6.867491e+00 -5.911149e-04 9.999989e-01 1.363332e-03 5.603119e-01 1.807934e-02 -1.352419e-03 9.998356e-01 -3.820816e+01
9.996250e-01 -5.597992e-04 2.737522e-02 6.746505e+00 6.007992e-04 9.999987e-01 -1.489210e-03 5.710829e-01 -2.737442e-02 1.505102e-03 9.996241e-01 -3.856089e+01
9.998903e-01 6.056773e-04 -1.479064e-02 6.616164e+00 -5.864452e-04 9.999990e-01 1.304064e-03 5.810141e-01 1.479134e-02 -1.295244e-03 9.998897e-01 -3.883807e+01
9.997473e-01 -5.668638e-04 2.246857e-02 6.438794e+00 5.990346e-04 9.999988e-01 -1.424756e-03 5.952073e-01 -2.246781e-02 1.437859e-03 9.997465e-01 -3.930151e+01
9.998875e-01 6.758710e-04 -1.498012e-02 6.249993e+00 -6.558303e-04 9.999989e-01 1.342175e-03 6.128340e-01 1.498094e-02 -1.332196e-03 9.998869e-01 -3.992746e+01
9.996903e-01 -5.822791e-04 2.487536e-02 6.098331e+00 6.197543e-04 9.999987e-01 -1.498519e-03 6.298429e-01 -2.487453e-02 1.513475e-03 9.996894e-01 -4.055376e+01
9.998699e-01 7.055285e-04 -1.610709e-02 6.054154e+00 -6.831575e-04 9.999988e-01 1.393876e-03 6.393276e-01 1.610798e-02 -1.382687e-03 9.998693e-01 -4.094557e+01
9.996139e-01 -6.480138e-04 2.777559e-02 6.117342e+00 6.929354e-04 9.999985e-01 -1.607426e-03 6.421112e-01 -2.777458e-02 1.626056e-03 9.996129e-01 -4.112252e+01
9.998847e-01 7.546119e-04 -1.516038e-02 6.098550e+00 -7.331499e-04 9.999987e-01 1.420669e-03 6.495911e-01 1.516136e-02 -1.409387e-03 9.998840e-01 -4.141712e+01
9.991634e-01 -5.785506e-04 4.089024e-02 6.098084e+00 6.523511e-04 9.999982e-01 -1.791334e-03 6.562002e-01 -4.088920e-02 1.816514e-03 9.991620e-01 -4.161886e+01
9.997410e-01 7.619921e-04 -2.274231e-02 5.921580e+00 -7.275968e-04 9.999986e-01 1.520303e-03 6.742010e-01 2.274336e-02 -1.503359e-03 9.997402e-01 -4.221770e+01
9.992532e-01 -5.855981e-04 3.863264e-02 5.772933e+00 6.526641e-04 9.999983e-01 -1.723206e-03 6.900043e-01 -3.863164e-02 1.747137e-03 9.992520e-01 -4.274840e+01
9.998042e-01 7.360018e-04 -1.976866e-02 5.757957e+00 -7.080439e-04 9.999987e-01 1.420838e-03 6.983322e-01 1.976960e-02 -1.406559e-03 9.998036e-01 -4.305715e+01
9.994981e-01 -6.717798e-04 3.166768e-02 5.632321e+00 7.237816e-04 9.999984e-01 -1.630436e-03 7.127125e-01 -3.166662e-02 1.652542e-03 9.994971e-01 -4.356763e+01
9.996656e-01 7.965223e-04 -2.584474e-02 5.311964e+00 -7.564572e-04 9.999985e-01 1.559678e-03 7.387609e-01 2.584587e-02 -1.539603e-03 9.996647e-01 -4.444706e+01
9.995202e-01 -6.702900e-04 3.096450e-02 4.938086e+00 7.202058e-04 9.999985e-01 -1.600663e-03 7.683438e-01 -3.096346e-02 1.622200e-03 9.995192e-01 -4.543974e+01
9.996135e-01 7.746803e-04 -2.778695e-02 4.631551e+00 -7.312688e-04 9.999985e-01 1.572167e-03 7.929913e-01 2.778804e-02 -1.551236e-03 9.996126e-01 -4.627863e+01
9.994313e-01 -6.358074e-04 3.371283e-02 4.305314e+00 6.907952e-04 9.999985e-01 -1.619220e-03 8.191777e-01 -3.371182e-02 1.641591e-03 9.994302e-01 -4.716107e+01
9.997746e-01 7.814466e-04 -2.121362e-02 4.025445e+00 -7.510088e-04 9.999987e-01 1.442413e-03 8.419783e-01 2.121463e-02 -1.426153e-03 9.997739e-01 -4.790254e+01
9.992835e-01 -6.487274e-04 3.784169e-02 3.781568e+00 7.126771e-04 9.999983e-01 -1.676269e-03 8.617206e-01 -3.784062e-02 1.702040e-03 9.992823e-01 -4.851185e+01
9.996843e-01 7.817873e-04 -2.511199e-02 3.499831e+00 -7.444088e-04 9.999986e-01 1.497502e-03 8.840105e-01 2.511304e-02 -1.478332e-03 9.996835e-01 -4.921957e+01
9.994585e-01 -6.684983e-04 3.289469e-02 3.163980e+00 7.204419e-04 9.999985e-01 -1.567036e-03 9.099305e-01 -3.289367e-02 1.589891e-03 9.994576e-01 -5.006557e+01
9.996907e-01 7.823090e-04 -2.485404e-02 2.756873e+00 -7.452368e-04 9.999986e-01 1.500540e-03 9.393027e-01 2.485509e-02 -1.481550e-03 9.996899e-01 -5.100008e+01
9.995986e-01 -7.032885e-04 2.831867e-02 2.408950e+00 7.458648e-04 9.999986e-01 -1.492679e-03 9.630388e-01 -2.831767e-02 1.513206e-03 9.995978e-01 -5.175123e+01
9.997126e-01 7.966194e-04 -2.395827e-02 2.043858e+00 -7.616039e-04 9.999986e-01 1.470313e-03 9.894145e-01 2.395932e-02 -1.451640e-03 9.997119e-01 -5.260172e+01
9.993922e-01 -6.655250e-04 3.485173e-02 1.689404e+00 7.202775e-04 9.999985e-01 -1.558272e-03 1.014830e+00 -3.485073e-02 1.582431e-03 9.993913e-01 -5.338786e+01
9.998203e-01 8.140171e-04 -1.893645e-02 1.361152e+00 -7.888682e-04 9.999988e-01 1.335133e-03 1.040266e+00 1.893743e-02 -1.319951e-03 9.998198e-01 -5.417576e+01
9.996671e-01 -7.157860e-04 2.578711e-02 1.063567e+00 7.517497e-04 9.999988e-01 -1.384695e-03 1.063604e+00 -2.578618e-02 1.403623e-03 9.996665e-01 -5.493922e+01
9.998095e-01 8.237871e-04 -1.949809e-02 7.325570e-01 -7.978011e-04 9.999988e-01 1.340134e-03 1.088705e+00 1.949908e-02 -1.324319e-03 9.998090e-01 -5.575439e+01
9.997006e-01 -7.643569e-04 2.445419e-02 4.826176e-01 7.984567e-04 9.999987e-01 -1.384409e-03 1.108754e+00 -2.445318e-02 1.403524e-03 9.997000e-01 -5.641710e+01
9.997589e-01 8.668069e-04 -2.193900e-02 1.668847e-01 -8.364295e-04 9.999987e-01 1.393450e-03 1.133986e+00 2.194010e-02 -1.374760e-03 9.997583e-01 -5.726637e+01
9.996354e-01 -8.074423e-04 2.698542e-02 -4.931379e-03 8.463753e-04 9.999986e-01 -1.431086e-03 1.148683e+00 -2.698432e-02 1.453409e-03 9.996348e-01 -5.775294e+01
9.996937e-01 8.703728e-04 -2.473258e-02 -1.976772e-01 -8.353970e-04 9.999986e-01 1.424177e-03 1.164968e+00 2.473370e-02 -1.403075e-03 9.996931e-01 -5.831368e+01
9.996686e-01 -8.191278e-04 2.572804e-02 -3.607927e-01 8.561918e-04 9.999986e-01 -1.429349e-03 1.178541e+00 -2.572692e-02 1.450908e-03 9.996679e-01 -5.878578e+01
9.996736e-01 8.741678e-04 -2.552922e-02 -5.549394e-01 -8.372752e-04 9.999986e-01 1.455499e-03 1.194884e+00 2.553037e-02 -1.433645e-03 9.996730e-01 -5.935601e+01
9.996604e-01 -8.080370e-04 2.604306e-02 -7.883052e-01 8.455319e-04 9.999986e-01 -1.428476e-03 1.213889e+00 -2.604196e-02 1.450016e-03 9.996598e-01 -6.001047e+01
9.996779e-01 8.554052e-04 -2.536124e-02 -9.254916e-01 -8.194930e-04 9.999986e-01 1.426118e-03 1.226559e+00 2.536234e-02 -1.404872e-03 9.996773e-01 -6.046782e+01
9.996673e-01 -8.205777e-04 2.577755e-02 -1.056354e+00 8.576515e-04 9.999986e-01 -1.426922e-03 1.238174e+00 -2.577643e-02 1.448560e-03 9.996667e-01 -6.088690e+01
9.996874e-01 8.696060e-04 -2.498277e-02 -1.144409e+00 -8.347137e-04 9.999987e-01 1.406775e-03 1.246060e+00 2.498388e-02 -1.385477e-03 9.996869e-01 -6.117797e+01
9.996372e-01 -8.123068e-04 2.692002e-02 -1.355852e+00 8.507636e-04 9.999986e-01 -1.416869e-03 1.262492e+00 -2.691892e-02 1.439262e-03 9.996366e-01 -6.173432e+01
9.996908e-01 8.869431e-04 -2.484685e-02 -1.585436e+00 -8.526149e-04 9.999987e-01 1.391879e-03 1.281670e+00 2.484796e-02 -1.370260e-03 9.996903e-01 -6.240085e+01
9.996483e-01 -8.220283e-04 2.650528e-02 -1.895279e+00 8.593510e-04 9.999987e-01 -1.396494e-03 1.305178e+00 -2.650418e-02 1.418784e-03 9.996477e-01 -6.319196e+01
9.997079e-01 8.869482e-04 -2.415125e-02 -2.123024e+00 -8.538303e-04 9.999987e-01 1.381265e-03 1.322650e+00 2.415236e-02 -1.360236e-03 9.997073e-01 -6.378144e+01
9.996326e-01 -8.483708e-04 2.708931e-02 -2.271196e+00 8.869601e-04 9.999986e-01 -1.412275e-03 1.333054e+00 -2.708817e-02 1.435787e-03 9.996320e-01 -6.411778e+01
9.996576e-01 9.425317e-04 -2.614613e-02 -2.638178e+00 -9.053731e-04 9.999986e-01 1.432731e-03 1.361276e+00 2.614735e-02 -1.408564e-03 9.996571e-01 -6.506958e+01
9.996088e-01 -8.284956e-04 2.795460e-02 -3.067440e+00 8.681599e-04 9.999986e-01 -1.406526e-03 1.393654e+00 -2.795349e-02 1.430249e-03 9.996082e-01 -6.614934e+01
9.996466e-01 9.357334e-04 -2.656440e-02 -3.497525e+00 -8.980455e-04 9.999986e-01 1.430376e-03 1.425860e+00 2.656561e-02 -1.406011e-03 9.996461e-01 -6.722253e+01
9.996017e-01 -8.245673e-04 2.820707e-02 -3.909369e+00 8.650047e-04 9.999986e-01 -1.421169e-03 1.457515e+00 -2.820594e-02 1.445006e-03 9.996011e-01 -6.829007e+01
9.996529e-01 9.223594e-04 -2.632799e-02 -4.323087e+00 -8.849012e-04 9.999986e-01 1.434108e-03 1.487725e+00 2.632918e-02 -1.410308e-03 9.996523e-01 -6.928638e+01
9.996066e-01 -8.256712e-04 2.803226e-02 -4.830302e+00 8.652675e-04 9.999986e-01 -1.400176e-03 1.523159e+00 -2.803115e-02 1.423885e-03 9.996060e-01 -7.043395e+01
9.996427e-01 9.219998e-04 -2.670927e-02 -5.353937e+00 -8.834997e-04 9.999986e-01 1.452962e-03 1.559164e+00 2.671048e-02 -1.428842e-03 9.996422e-01 -7.159168e+01
9.996096e-01 -8.141834e-04 2.792723e-02 -5.854242e+00 8.539380e-04 9.999986e-01 -1.411359e-03 1.595283e+00 -2.792613e-02 1.434660e-03 9.996089e-01 -7.277813e+01
