0.9999927319285097 -5.073932460050568e-06 0.0038126191011690503 0.004448925144970417 5.034228839645336e-06 0.9999999999330051 1.0423335808243717e-05 -0.013838686980307102 -0.0038126191538009266 -1.040406645366021e-05 0.9999927318870588 0.831422746181488
0.9999948592803193 1.7012441473222646e-05 0.003206419110415622 0.00382866058498621 -1.7059487982822882e-05 0.9999999997472454 1.4645251989064599e-05 -0.014192120172083378 -0.003206418860453692 -1.4699876570211495e-05 0.9999948593177893 0.8468679785728455
0.9999779213014618 -3.0434837183374705e-05 0.006644996864406466 0.00790321733802557 3.0540166944123194e-05 0.9999999994096254 -1.574951707468212e-05 -0.014811635948717594 -0.006644996381149441 1.5952108659424654e-05 0.9999779216405853 0.8860926032066345
0.9999601729011547 -4.989043677320229e-05 0.008924691727868264 0.010432783514261246 5.028357583093591e-05 0.9999999977754074 -4.382633391731019e-05 -0.01439573522657156 -0.008924689521499517 4.427335385484322e-05 0.9999601731853202 0.8700006008148193
0.9999532036401096 -7.631682504478194e-05 0.009673918834878935 0.011032668873667717 7.65266021159668e-05 0.9999999968446827 -2.1314644984556804e-05 -0.013292004354298115 -0.00967391717768862 2.2053959674338105e-05 0.9999532063252071 0.8124246001243591
0.9999652505448052 -2.6437079029259297e-05 0.008336486306968581 0.009584560990333557 2.6821821253860564e-05 0.9999999985804633 -4.6039806738833896e-05 -0.013733944855630398 -0.008336485077976621 4.62618066262432e-05 0.9999652498344083 0.8368610739707947
0.9999771015708029 -4.151569160302495e-05 0.006767171529018327 0.007892225868999958 4.1439818758144075e-05 0.9999999990769353 1.1352115575254015e-05 -0.014137363992631435 -0.006767171994062721 -1.1071425267971487e-05 0.9999771023681623 0.8533201813697815
0.9999798614786986 -2.3903414654418337e-05 0.006346342700320706 0.007228469476103783 2.4046543943753476e-05 0.9999999994582803 -2.2476731431387127e-05 -0.013350825756788254 -0.006346342159612135 2.262888639187779e-05 0.9999798615117841 0.8103455901145935
0.9999921372155138 1.1516587606056133e-05 0.003965523233746455 0.004556749481707811 -1.1425599692457366e-05 0.9999999996709773 -2.2967397104746772e-05 -0.013723451644182205 -0.003965523496947747 2.2921908036013198e-05 0.9999921370180775 0.8244418501853943
0.9999987655032737 9.6968683533301e-07 0.001571302322503996 0.0016124454559758306 -1.0236861042181735e-06 0.9999999994089952 3.436512817919005e-05 -0.012930884957313538 -0.001571302288251936 -3.436669427590488e-05 0.999998764913262 0.7690287828445435
0.9999945826905049 -2.9117282193288423e-05 0.0032914649971440657 0.004037804435938597 2.8840357287169036e-05 0.9999999960408401 8.4181672362065e-05 -0.014737622812390327 -0.003291467435254139 -8.408628929737614e-05 0.999994579571119 0.8758245706558228
0.9999996799058445 7.636918906117171e-05 0.0007964646606761612 0.0015928969951346517 -7.630701622868483e-05 0.9999999940395096 -7.809110157651885e-05 -0.01661538891494274 -0.0007964706196829414 7.803030073822585e-05 0.9999996797728609 0.9576345682144165
0.9999967805363731 5.29764391237121e-05 0.0025369490309951883 0.00342467799782753 -5.2733478376088455e-05 0.9999999940173526 -9.583566765803779e-05 -0.015981405973434448 -0.00253695409284993 9.570157697172438e-05 0.9999967773473768 0.9312873482704163
0.9999469159514615 -0.00017321472870192835 0.010302197620810277 0.011301415041089058 0.00017429129923536224 0.999999979444647 -0.00010360139121961547 -0.012130518443882465 -0.010302179463758096 0.0001053914750466458 0.9999469255870199 0.733521580696106
0.9999601081584777 -8.857211475198926e-05 0.008931642999237212 0.010106803849339485 8.935118338750121e-05 0.9999999922387464 -8.682668348491897e-05 -0.01296977885067463 -0.008931635239493493 8.762127268019802e-05 0.999960108311557 0.7907604575157166
0.9999476902194752 -0.00011538487022577469 0.01022758578886058 0.011483913287520409 0.00011616689672450632 0.9999999903746163 -7.58684366479244e-05 -0.012691437266767025 -0.010227576936346424 7.705257488873016e-05 0.999947693998497 0.7780119180679321
0.9999851154591657 -4.829798690263008e-05 0.00545587091335917 0.006333467550575733 4.796823873203387e-05 0.9999999970151624 6.0569983581091664e-05 -0.01406922284513712 -0.005455873822482557 -6.030737350623456e-05 0.999985114791142 0.8488618731498718
0.9999926994846066 3.5815175378750603e-06 0.003821120864595645 0.004570966586470604 -3.4625730676871643e-06 0.999999999509318 -3.1134777258892404e-05 -0.014546648599207401 -0.003821120974230441 3.112131904877763e-05 0.9999926990063295 0.863785982131958
0.9999950123962049 -6.068555687996703e-05 0.00315776819558864 0.004371701739728451 6.048696936578335e-05 0.9999999961871692 6.298403034007482e-05 -0.016929063946008682 -0.00315777200576956 -6.279271237257524e-05 0.9999950122540786 0.983352780342102
0.9999962240958516 3.443316533128203e-05 0.0027478370397186693 0.00420533400028944 -3.417436292000366e-05 0.9999999949763213 -9.423094371070692e-05 -0.018299387767910957 -0.002747840270584082 9.413668232345527e-05 0.9999962202489231 1.0466190576553345
0.9999924538683908 5.159783925165901e-05 0.003884526217930035 0.0051740254275500774 -5.113093161629095e-05 0.999999991457248 -0.000120296017867737 -0.01683104783296585 -0.0038845323917600827 0.00012009649065374341 0.9999924479639487 0.9748703837394714
0.9999897560599935 -3.519219933477571e-05 0.004526205539255084 0.005946418270468712 3.522303216582522e-05 0.9999999993570066 -6.732356890385179e-06 -0.016998283565044403 -0.004526205299418319 6.89171460782341e-06 0.9999897566565827 0.9892606139183044
0.999990672546039 7.3178612416513e-05 0.004318502727946295 0.005566256120800972 -7.250995943526949e-05 0.999999985360077 -0.000154990811720733 -0.016467172652482986 -0.004318514006736286 0.0001546762315934478 0.9999906632124308 0.9585634469985962
0.9999811247386999 -1.2897380113786576e-05 0.006144102862281292 0.007618633098900318 1.344799329281696e-05 0.9999999958977153 -8.957522520178007e-05 -0.016137178987264633 -0.0061441016817907045 8.965616030008071e-05 0.9999811208099365 0.9484376907348633
0.9999542932111978 -7.666688095384587e-05 0.009560628153193725 0.01102727372199297 7.686830989393206e-05 0.9999999968313633 -2.0701127189394048e-05 -0.013912906870245934 -0.00956062653580871 2.143509033500598e-05 0.9999542959359593 0.8477416038513184
0.9999575529436326 -4.8521863032925105e-05 0.009213574583773261 0.010375180281698704 4.90843774791365e-05 0.9999999969454196 -6.082667503172181e-05 -0.013126593083143234 -0.009213571604206064 6.127633569122021e-05 0.9999575522708475 0.8055088520050049
0.9999419110035015 -5.830351925314249e-05 0.010778275342814477 0.012193393893539906 5.94364512835675e-05 0.9999999927429453 -0.00010479226163760304 -0.013307884335517883 -0.010778269154838297 0.00010542679679761774 0.9999419072122223 0.8172284364700317
0.9998110155019971 -0.0002482216227763215 0.019438921443612093 0.02134772576391697 0.0002521988740832313 0.9999999477652951 -0.0002021512668013208 -0.01184028945863247 -0.01943887024991028 0.0002070155374471151 0.9998110258783777 0.7382035851478577
0.9991127103971714 -0.000826921484776766 0.04210829043877608 0.04577358812093735 0.0008413794485267999 0.9999995930225454 -0.00032563072280646836 -0.008587622083723545 -0.04210800403061042 0.0003607708442395443 0.9991129995355663 0.583702564239502
0.9989972523947995 -0.0008844691224911468 0.04476279059679572 0.0486188568174839 0.000900455307389839 0.9999995378160235 -0.0003369688100757697 -0.008134668692946434 -0.04476247186964341 0.00037693780777490365 0.9989975870991924 0.5640735626220703
0.9992649404630485 -0.0007407487538306369 0.03832792784203162 0.04166608303785324 0.0007528858803131117 0.9999996709090597 -0.0003022327311135057 -0.008946923539042473 -0.03832769135013886 0.00033086712775604716 0.9992651693132871 0.614896833896637
0.9991769959807478 -0.0007794059111360404 0.04055518745259123 0.044092632830142975 0.000792473777849687 0.9999996391289193 -0.0003061492167652303 -0.00876479223370552 -0.04055493420288766 0.0003380361773412987 0.9991772530654122 0.6081893444061279
0.999318105970042 -0.0007182813404832541 0.036916218012733405 0.03996963053941727 0.0007295995230483133 0.999999690882448 -0.0002931203579865475 -0.008713353425264359 -0.03691599605839881 0.00031985453601921513 0.9993183211209989 0.6053799390792847
0.9994050914504867 -0.0006507638259561577 0.034482454803672846 0.037510402500629425 0.0006610360144734434 0.9999997404755477 -0.00028649646569862464 -0.010088114999234676 -0.0344822594130965 0.00030912017099445576 0.9994052622587536 0.6742398738861084
0.9993137888627944 -0.0006825111823884119 0.03703357351339941 0.04037291556596756 0.0006939525797937498 0.9999997153792415 -0.00029609331838510575 -0.009636472910642624 -0.0370333608858748 0.00032158967973098276 0.9993139780677415 0.6457145810127258
0.9989598754406407 -0.0008908517005040354 0.04558918339768086 0.04953773319721222 0.0009067240862267465 0.99999953530297 -0.0003274832448295831 -0.008147845044732094 -0.045588870473517194 0.00036847943212194294 0.9989602189836475 0.5616778135299683
0.9991452874679727 -0.0008431307140186109 0.04132775896587811 0.04475538432598114 0.0008565123034591202 0.9999995863487988 -0.0003060864348677606 -0.00796552374958992 -0.04132748379972658 0.0003412225529846631 0.9991455963221542 0.5662609338760376
0.9997145561632057 -0.00045106519980469623 0.023887292345298263 0.02603495679795742 0.00045591422958584277 0.9999998765579914 -0.00019755054220398327 -0.011077579110860825 -0.02388720028842813 0.00020838470910575425 0.9997146384034762 0.7124870419502258
0.9997806076088641 -0.00047178085070663116 0.020940727591933113 0.022407421842217445 0.0004756994739180945 0.999999870265981 -0.00018214837835499111 -0.010221865028142929 -0.020940638941091466 0.000192069909485667 0.9997807023292102 0.6440353393554688
0.9996431025775567 -0.0005396598904635647 0.02670910399693359 0.028767235577106476 0.0005461363033333216 0.9999998232114468 -0.00023518548721091157 -0.00947508029639721 -0.02670897235489547 0.0002496883614389605 0.9996432205799566 0.6224742531776428
0.999289431719628 -0.0007570794450810058 0.037683663359298375 0.04087284579873085 0.000768589533356148 0.9999996623079235 -0.0002909538939275626 -0.008986846543848515 -0.03768343035861128 0.0003197104205559603 0.9992896761508421 0.5993086099624634
0.9995275693083331 -0.0006917030927442685 0.030727182418944298 0.033185746520757675 0.0007004997122630409 0.9999997166950773 -0.0002755175467330621 -0.008816516026854515 -0.030726983137443074 0.0002969117662310171 0.9995277706750696 0.5564489364624023
0.9997306005941183 -0.000556471358422587 0.02320380519119929 0.02507597580552101 0.0005621183005673639 0.9999998139646725 -0.0002368409528789064 -0.009948339313268661 -0.02320366907926501 0.00024982043160768545 0.9997307274116427 0.6169155240058899
0.9998368291396785 -0.00047424366756230546 0.01805796746194982 0.01930805668234825 0.000477704022368818 0.9999998683565751 -0.00018731177074006507 -0.010104035027325153 -0.018057876253316 0.00019590757060966376 0.9998369240658417 0.6226055026054382
0.9999902663882915 -9.535423069476182e-05 0.004411126414440812 0.004786957986652851 9.523146320288236e-05 0.9999999950723252 2.8041356440189252e-05 -0.012470182962715626 -0.004411129066566187 -2.7621005473693803e-05 0.9999902705413877 0.7453188896179199
0.9997756918664338 -0.000430400021680109 0.021175001979105743 0.022943885996937752 0.00043436004888434797 0.9999998890279959 -0.00018241530643267116 -0.010870286263525486 -0.021174921117721488 0.00019157196409052188 0.9997757678678959 0.6720990538597107
0.9997991034576885 -0.00041480839054540923 0.020039477518176828 0.021721012890338898 0.00041819373301357575 0.9999998989868099 -0.00016474335178210794 -0.010990917682647705 -0.020039407157000665 0.00017309063932333408 0.9997991759350608 0.6953363418579102
0.9995263182003524 -0.0006111335527874311 0.030769558668084656 0.03326233848929405 0.0006194173123518817 0.9999997744420956 -0.0002596881804318586 -0.009693242609500885 -0.03076939302360716 0.00027862436819964297 0.9995264712959935 0.6370993852615356
0.9998284808728319 -0.0004416458289710481 0.0185152311486277 0.019317980855703354 0.0004449429817563591 0.9999998858820371 -0.0001739587762803398 -0.009675600565969944 -0.018515152207539284 0.00018216716117804759 0.9998285632816545 0.6242595314979553
0.9999992190204127 4.5198445553612515e-05 -0.0012489658381115265 -0.0013236358063295484 -4.5093133283283156e-05 0.999999995426045 8.434760759318525e-05 -0.014030157588422298 0.0012489696447795624 -8.429122193642128e-05 0.999999216484601 0.8311971426010132
0.9999879803262549 9.8716609296291e-05 -0.0049019851130544315 -0.0053283353336155415 -9.793348115807368e-05 0.9999999824049762 0.00015999712600101878 -0.01492354366928339 0.0049020008211776624 -0.00015951513442105764 0.9999879723991039 0.8561485409736633
0.99998652754053 0.0001320181585444979 -0.005189152978872323 -0.005839481484144926 -0.00013126369373910374 0.9999999807658706 0.000145732976848548 -0.014463743194937706 0.005189172118462727 -0.00014504986607953997 0.9999865256358511 0.8377617001533508
0.9999699416239416 0.00021124913070912942 -0.007750562716072859 -0.009357989765703678 -0.00020931290821474982 0.9999999466870227 0.00025062732982473183 -0.012207131832838058 0.007750615247672842 -0.0002489975035517994 0.9999699325297366 0.7291051745414734
0.9998665730451631 0.00039722368368737406 -0.01633028843181192 -0.01973944529891014 -0.00038567299279508317 0.9999996732512574 0.0007104602176126955 -0.012503217905759811 0.016330565307535464 -0.0007040672718566231 0.9998663995384647 0.7439935803413391
0.9997187337009342 0.0006912458133968581 -0.023706025955997412 -0.02835601381957531 -0.0006715207572992248 0.9999994217130896 0.0008400198563159398 -0.012528899125754833 0.02370659290732175 -0.0008238644985372853 0.9997186197625885 0.7298499941825867
0.9992180795598973 0.0012287540888957192 -0.0395185987102238 -0.04692882299423218 -0.0011807150281537382 0.9999985354902913 0.001238922634710519 -0.010657880455255508 0.03952006316610554 -0.0011912936923899947 0.9992180670037374 0.6293221712112427
0.9983391209489875 0.0019493342387777177 -0.05757777070040709 -0.06845976412296295 -0.0018538145719121297 0.9999968156354395 0.0017123348136327719 -0.008628834038972855 0.05758092526467506 -0.0016027523222698597 0.9983395555774887 0.544715940952301
0.9986348855320392 0.0017397060825929845 -0.05220477776178558 -0.06203092262148857 -0.0016603202866339957 0.9999973986311149 0.0015639909044151952 -0.008664004504680634 0.05220736284239059 -0.001475179226226707 0.998635176183622 0.5545483827590942
0.9992728563251998 0.0012803798282958192 -0.038106682342757305 -0.04564617574214935 -0.0012370194220952568 0.9999985604364133 0.0011614250084192408 -0.00976258423179388 0.03810811455091786 -0.0011134417794010087 0.9992730016630981 0.6055688261985779
0.9996354857906598 0.000863711673884485 -0.026984246334034283 -0.03205317258834839 -0.0008419167304543978 0.9999993101727558 0.0008190422647342869 -0.01039162278175354 0.026984935135931455 -0.000796025223743415 0.999635523388176 0.6334452629089355
0.9998104991938489 0.0006566867298497528 -0.01945596217836174 -0.02301456406712532 -0.0006455045378704271 0.9999996228708056 0.0005810181912494148 -0.011547775939106941 0.019456336387886384 -0.0005683491759590167 0.9998105460303847 0.691646158695221
0.9999814768736106 0.00015095110197591404 -0.0060846629682989 -0.007010596804320812 -0.00014987250787178773 0.9999999729769212 0.00017771997200211897 -0.013349605724215508 0.0060846896308981895 -0.00017680475637400206 0.9999814724744525 0.7738268375396729
0.9999928173486469 0.00010291335895629676 -0.003788754406918775 -0.004877037834376097 -0.00010226569637336624 0.9999999801269714 0.00017113673966007918 -0.011913839727640152 0.00378877194388147 -0.00017074805083673334 0.9999928080002676 0.7169807553291321
0.999992995788502 8.001153384280136e-05 -0.003741920909322841 -0.004332813899964094 -7.93679528919805e-05 0.9999999820342208 0.00017214030945300919 -0.01390477642416954 0.003741934615306512 -0.0001718421151434178 0.9999929841732003 0.815570056438446
0.9999994313615119 9.963325911012715e-05 -0.0010617673315477575 -0.0004434614675119519 -9.965062435636711e-05 0.9999999949019964 -1.6302148762732717e-05 -0.016245871782302856 0.0010617657018986522 1.6407945270213423e-05 0.9999994361920278 0.9423039555549622
0.9999770128271588 0.00023129575986789442 -0.006776453315981643 -0.008068224415183067 -0.0002289294213815617 0.9999999125548473 0.0003499737385077596 -0.012957309372723103 0.006776533670855431 -0.0003484143640642958 0.9999769783344207 0.7504371404647827
0.9997965242890215 0.0006567004440848182 -0.020161318511407223 -0.024384405463933945 -0.0006451511530657139 0.9999996240708261 0.0005793429000786189 -0.010143938474357128 0.02016169138691917 -0.0005662179199851657 0.9997965721073889 0.6199008822441101
0.9997834804513505 -0.00046171986643470255 0.020803341831285432 0.02226886712014675 0.00046484389633080135 0.9999998813990555 -0.00014533419151619982 -0.00998024083673954 -0.020803272260305948 0.00015497303029620563 0.999783576503747 0.6161524057388306
0.9998684599460106 -0.0003732946116888463 0.01621491462591997 0.017227182164788246 0.000375273275673274 0.999999922506282 -0.00011898486609285802 -0.010617629624903202 -0.016214868952956565 0.00012505423894357972 0.9998685225499779 0.6303295493125916
0.9999661473941707 -0.00020026643860770964 0.008225810538389342 0.008000378496944904 0.00020039835453254936 0.999999979804538 -1.5212599685361877e-05 -0.010117324069142342 -0.008225807325692136 1.6860523595810817e-05 0.9999661673324571 0.605134129524231
0.9998556643029466 0.000462858171909359 -0.016983413191299337 -0.020408883690834045 -0.00045544317262913753 0.9999997992798892 0.0004404675902780198 -0.010489923879504204 0.016983613656410376 -0.00043266903549543065 0.9998556744174011 0.6057202219963074
0.9997472900563562 0.0006267479642778881 -0.02247138651621747 -0.026759592816233635 -0.0006168594305360589 0.9999997098470557 0.00044697902346791605 -0.009153686463832855 0.022471660139271547 -0.0004330043807343359 0.9997473865921288 0.5173201560974121
0.9999254358629791 0.00026853498569891714 -0.012208628227303946 -0.014990843832492828 -0.00026570257004146605 0.9999999374113245 0.0002336225397266651 -0.009573841467499733 0.01220869019900744 -0.00023036125596692634 0.9999254446294065 0.5206670761108398
0.9998909453150431 -0.0004283246167967365 0.014761910953940085 0.015535225160419941 0.0004304330515953476 0.999999897612277 -0.00013965250971834588 -0.010236582718789577 -0.014761849625893926 0.00014599129433717835 0.9998910273035579 0.6153321862220764
0.9998831837263118 -0.0003732819018713604 0.015280038022094215 0.016509320586919785 0.0003748905297356436 0.9999999244844104 -0.00010241222802578221 -0.011117767542600632 -0.01527999863958188 0.00010812860615940779 0.9998832481593934 0.6667577624320984
0.9999594768202051 -0.00030634479542722854 0.008997270159757318 0.009378348477184772 0.0003072477750580602 0.9999999479009343 -9.897945915442916e-05 -0.011142701841890812 -0.008997239369165784 0.00010173983943019157 0.9999595188470075 0.6559417843818665
0.9998781576071433 -0.0003217918662128428 0.015606613666642061 0.016939256340265274 0.0003239391415403194 0.999999938411144 -0.00013505976832306677 -0.011224415153265 -0.01560656924431368 0.00014009890535123903 0.9998782002667722 0.6928456425666809
0.9999248574454865 -0.00014864068037539438 0.012257951238760004 0.013731708750128746 0.00014960267367837977 0.9999999858015712 -7.756221801412795e-05 -0.012528480961918831 -0.012257939535815499 7.939021207007034e-05 0.9999248654851677 0.769479513168335
0.9999830922732179 -1.1285598186185831e-05 0.005815070105182876 0.006514349021017551 1.1256499046455302e-05 0.9999999999239608 5.036819875426166e-06 -0.01300758495926857 -0.005815070161584228 -4.9712773831578005e-06 0.9999830923242163 0.7936722040176392
0.9999850594118681 3.6678699635860744e-05 0.005466224264969559 0.0061462377198040485 -3.617767507978963e-05 0.9999999951359048 -9.175710126268581e-05 -0.013446533121168613 -0.005466227603912481 9.155797507225638e-05 0.999985055874796 0.811896800994873
0.999960704225577 -0.00010911485300677811 0.008864428838731344 0.00973444152623415 0.0001096315049583675 0.9999999923201721 -5.7797828151725875e-05 -0.012171370908617973 -0.008864422464052531 5.8767377615495156e-05 0.9999607085084765 0.7391759753227234
0.9998800365148851 -0.0003024677447691386 0.015486158085700414 0.016696717590093613 0.00030504121777399923 0.9999999400569066 -0.00016381708840151413 -0.01107227336615324 -0.01548610760802691 0.00016852135285377084 0.999880068844112 0.6928700804710388
0.9999637249001716 -0.000185584122032686 0.00851554122220975 0.00908499862998724 0.00018613263846218076 0.9999999806534983 -6.362109297806387e-05 -0.011508632451295853 -0.008515529250399138 6.520380527218827e-05 0.9999637400976342 0.7009649276733398
0.9999858648137726 -0.00016520325738547336 0.005314403121258778 0.005232670344412327 0.00016546408355257405 0.9999999851279194 -4.863947135433857e-05 -0.011328739114105701 -0.005314395006823441 4.951812666844099e-05 0.9999858772771077 0.6778674125671387
0.999885605568516 -0.00034392421014980626 0.015121424966581521 0.016044924035668373 0.00034661907682145067 0.9999999245108643 -0.0001755946511535408 -0.010570121929049492 -0.015121363433826515 0.0001808159384653918 0.9998856492987079 0.6679176688194275
0.9999584448774385 -0.0002487190632160364 0.009112993861638203 0.009568474255502224 0.00024968957287021246 0.9999999632772176 -0.00010535976668116852 -0.011044339276850224 -0.009112967322001243 0.00010763080798803235 0.9999584702587389 0.67979896068573
0.9999743738393329 -0.0002496112645599178 0.007154673916492062 0.007096972316503525 0.00025035098209715364 0.9999999634096827 -0.00010249399828138794 -0.010508145205676556 -0.0071546480710437494 0.00010428255139529921 0.999974399740378 0.6512494087219238
0.9999558133558897 0.0001895939039729132 -0.009398690861648004 -0.011640257202088833 -0.00018734981966098886 0.9999999537350405 0.0002396454924766612 -0.010412267409265041 0.009398735862142439 -0.00023787406030859336 0.999955802613358 0.6378316283226013
0.9998450401528409 0.0004642824764824835 -0.017597730636233964 -0.02129579894244671 -0.00045680834991419734 0.9999998037547498 0.0004287383733220846 -0.009979627095162868 0.017597926238476645 -0.00042063314579511086 0.9998450560261131 0.6120876669883728
0.9998399638988372 0.0005049462705130085 -0.017882718474425293 -0.02166125178337097 -0.0004966509697813233 0.9999997670115088 0.0004683105189982615 -0.010373273864388466 0.01788295077960771 -0.00045935410293601787 0.9998399817296877 0.6400523781776428
0.9999884645519149 6.771805116405894e-05 -0.004802726035240611 -0.006601282395422459 -6.715587698027277e-05 0.9999999908754464 0.00011721431430628916 -0.0101405568420887 0.004802733928942813 -0.00011689043090785905 0.9999884599751315 0.622445285320282
0.9999590421744248 -0.00029583175042988157 0.00904579776370482 0.008950724266469479 0.0002969080144633307 0.9999999490036093 -0.00011763676802525687 -0.009920566342771053 -0.009045762501710786 0.00012031771973228933 0.9999590790149407 0.6346497535705566
0.9999758461931944 -0.00021252165975954322 0.006947075985578891 0.006699574179947376 0.00021295952998707984 0.9999999753841122 -6.228975708621514e-05 -0.009959382005035877 -0.006947062576647885 6.37676985881299e-05 0.9999758668364137 0.6383519172668457
0.9999740356061886 -0.00028923908213621813 0.0072003093146380285 0.006939227692782879 0.0002903264769929117 0.9999999466088967 -0.0001499757998325706 -0.009643728844821453 -0.0072002655513428845 0.00015206234623841964 0.9999740661902352 0.5874300599098206
0.9999842867517473 -0.00020720649108283662 0.005602081315830446 0.005243436899036169 0.0002077791849750124 0.9999999732478523 -0.00010164696250839457 -0.009974979795515537 -0.005602060104052308 0.00010280936119440553 0.9999843030532158 0.6111902594566345
0.9999623062912976 -0.00033199670210411295 0.008676161292801167 0.008620064705610275 0.000333628447522267 0.9999999269314657 -0.00018662562030679144 -0.009353825822472572 -0.008676098699756309 0.00018951319991759326 0.9999623439890619 0.5664035677909851
0.9999832507742428 -0.00025533111675232815 0.005782125647149337 0.005352131091058254 0.0002561377200015966 0.9999999575696555 -0.00013875934621968196 -0.009804686531424522 -0.005782089972232922 0.00014023804258808973 0.9999832737445388 0.5913956165313721
0.9999984257266223 -0.00015360544833945797 0.0017677527097903437 0.0011872529285028577 0.0001536664002546222 0.9999999876035593 -3.434411728850918e-05 -0.010754643008112907 -0.0017677474124329685 3.46157074169335e-05 0.9999984369341977 0.6620944738388062
0.9999998406282697 -6.789355348610266e-05 -0.0005604764945871635 -0.0012113744160160422 6.792864501082729e-05 0.9999999957340103 6.259136429616425e-05 -0.011673827655613422 0.0005604722426460368 -6.262942672970794e-05 0.9999998409741976 0.7014160752296448
0.9999998442747418 -7.417917218052691e-05 -0.0005531256119888148 -0.0011811407748609781 7.420964627364943e-05 0.9999999957298902 5.507402459610301e-05 -0.011629453860223293 0.0005531215242813545 -5.511506327569689e-05 0.9999998455094427 0.6907564401626587
0.9999974345471047 -6.205621467654643e-05 0.0022642986189003516 0.0022154697217047215 6.210407360712105e-05 0.9999999978496538 -2.1066010703438706e-05 -0.011809177696704865 -0.0022642973067544423 2.120657882767724e-05 0.9999974362507075 0.7156871557235718
0.9999657127329875 -0.00024154068919393068 0.008277379809066282 0.008322762325406075 0.00024241245331931425 0.9999999651772153 -0.00010431572501278035 -0.010608870536088943 -0.008277354324332754 0.00010631868825823475 0.999965736463868 0.6612670421600342
0.9999375425033314 -0.0002939131244311896 0.011172497817131317 0.01145593635737896 0.0002954255832885066 0.9999999474209067 -0.00013372325446577048 -0.010382230393588543 -0.011172457926671982 0.00013701554413046577 0.9999375767569781 0.6554938554763794
0.9999809500902586 -0.00015887675365244838 0.006170430678791281 0.006347378715872765 0.00015942207163063916 0.9999999834304816 -8.788424388116078e-05 -0.011396379210054874 -0.006170416613786849 8.886627253591327e-05 0.9999809588495167 0.7040734887123108
0.9999606354506085 -0.00018520097987716633 0.008870921587516243 0.009286929853260517 0.00018613992224449392 0.9999999771614221 -0.00010501944738218617 -0.011299215257167816 -0.008870901935212448 0.00010666654599349991 0.9999606470862258 0.703373908996582
0.9999536243808375 -0.00022987373790352524 0.009627888953034233 0.010005813091993332 0.00023095333117630496 0.9999999671675359 -0.00011102020615153857 -0.010972632095217705 -0.009627863116297142 0.00011323865054663753 0.9999536446400014 0.6833694577217102
0.9999096063891308 -0.0002978923371265636 0.013442109614521714 0.014192256145179272 0.00029997238788010224 0.9999999433457524 -0.00015272543536510986 -0.010929563082754612 -0.013442063357232225 0.0001567438916807498 0.99990963909948 0.6775897741317749
0.9998015696475343 -0.00047490317635220973 0.019914713086045747 0.021027198061347008 0.0004792968513523429 0.99999986184118 -0.00021585214662510991 -0.00963252130895853 -0.01991460782578243 0.00022535437428530166 0.9998016591357263 0.6192566752433777
0.999744958129514 -0.0004969957710051407 0.02257812414305769 0.02396094612777233 0.0005020742804255599 0.9999998499226935 -0.00021926241583383957 -0.009666813537478447 -0.022578011782100227 0.00023054239016966275 0.9997450576192779 0.6287797093391418
0.9998415371803148 -0.00039922246958914694 0.01779722310714298 0.018786633387207985 0.00040280528539497794 0.9999998993255762 -0.00019772895551345182 -0.010139654390513897 -0.017797142377575865 0.00020486643835853854 0.9998415973307647 0.6499705910682678
0.9997728339389189 -0.00045379432777690635 0.02130902598551166 0.0226164348423481 0.0004583614483269622 0.9999998730189262 -0.00020944429893762027 -0.010100632905960083 -0.021308928235033817 0.00021916395631437069 0.9997729149885162 0.6477579474449158
0.9997280529456627 -0.0005131132183922388 0.023314306086597444 0.02475978620350361 0.00051864853845033 0.9999998387345364 -0.00023137544146619 -0.009563802741467953 -0.023314183605007636 0.00024340445037323463 0.9997281578494754 0.6308883428573608
0.9998832994133348 -0.0003491193428711957 0.01527303735306493 0.01592697761952877 0.000351792935506161 0.9999999232657009 -0.0001723668266880029 -0.010345020331442356 -0.015272976004505846 0.00017771965802273673 0.999883345505709 0.6583412289619446
0.9998349941944973 -0.00040442716862812823 0.018160969763607076 0.019199468195438385 0.00040819835751688916 0.9999998958898489 -0.0002039470327388503 -0.010270265862345695 -0.018160885391144767 0.00021132665832285162 0.9998350551880311 0.6523925065994263
0.9998462168590581 -0.0003826349032847844 0.01753271864715652 0.018517471849918365 0.0003863323964356411 0.9999999038445703 -0.0002075045295099623 -0.010366184636950493 -0.01753263756281484 0.0002142460760226424 0.9998462685426744 0.6613398790359497
0.9996709817793452 -0.0005525870771513306 0.02564415792811155 0.027328047901391983 0.0005589438084088906 0.9999998148190609 -0.00024071489912711816 -0.009421991184353828 -0.02564402016335977 0.0002549693428351 0.9996711055244596 0.6130136847496033
0.9996213633186153 -0.0006002752290692383 0.027509446862534686 0.029361695051193237 0.0006074637484994943 0.9999997835008572 -0.0002529546074229566 -0.009028499945998192 -0.027509289064378103 0.0002695698212401239 0.9996215115468876 0.6011550426483154
0.9996283220234432 -0.0005878331437229235 0.027255683091616488 0.02908860333263874 0.0005948563236338999 0.9999997919303045 -0.00024957023471636013 -0.009140143170952797 -0.02725553071487915 0.0002656906903985215 0.9996284637073454 0.6079731583595276
0.9996127215827434 -0.000583779939655289 0.027822042536861505 0.029766172170639038 0.0005907720614073225 0.9999997959461546 -0.00024309673154704163 -0.009465670213103294 -0.02782189494467146 0.00025943907085167173 0.9996128624888019 0.6238213777542114
0.9995942239604494 -0.0005759070376738226 0.02847904064379188 0.030665796250104904 0.0005833608279434403 0.9999997977338971 -0.00025342120895042357 -0.009870069101452827 -0.028478888936389588 0.0002699319334249149 0.9995943577380276 0.6481664776802063
0.999741517718707 -0.00047244914487161915 0.02273047604653746 0.024392763152718544 0.00047740876932361037 0.9999998634056004 -0.00021276665161753768 -0.010507124476134777 -0.02273037242025911 0.00022356338380356171 0.9997416067109792 0.6863792538642883
0.9998490753670777 -0.0003689569547958561 0.017369235975291487 0.018723061308264732 0.00037258759698758373 0.9999999094141446 -0.00020579160607795552 -0.011251444928348064 -0.017369158473640085 0.00021223210894889385 0.9998491222636791 0.717860996723175
0.9998250558727247 -0.0004141734966306952 0.018699895973454287 0.019698919728398323 0.00041796925505336365 0.9999998928354202 -0.00019907498662712105 -0.010345343500375748 -0.018699811517904483 0.00020685614121692327 0.9998251218386804 0.6683929562568665
0.9998793245550491 -0.0003505151502509611 0.015531048466469813 0.01625662110745907 0.0003531825300060542 0.999999923350123 -0.00016900250931194924 -0.010618719272315502 -0.01553098803807692 0.0001744674098499747 0.9998793717102497 0.6789476275444031
0.9999506166273664 -0.00022358925028191117 0.009935507757394775 0.01037451159209013 0.00022489834128044654 0.9999999661767315 -0.00013064177032083815 -0.011417627334594727 -0.009935478211247947 0.00013286979800402994 0.9999506330906196 0.7106419205665588
0.9998587875115584 -0.0003606178190408462 0.016801041357754738 0.017479106783866882 0.00036376247795153366 0.9999999168892889 -0.0001841148421285163 -0.010209517553448677 -0.016800973566315422 0.00019020043124996335 0.999858835591815 0.6524614691734314
0.9998261533066632 -0.0004184598668606357 0.018641031498833675 0.019480949267745018 0.00042233793124684077 0.9999998899863354 -0.00020410288829395343 -0.009958828799426556 -0.018640944039198023 0.00021194022036124768 0.9998262200435986 0.6464768648147583
0.9999145960959519 -0.00029012948159417873 0.013065846285398182 0.013555049896240234 0.0002922194223600071 0.9999999448146903 -0.00015804564450701695 -0.010768483392894268 -0.013065799710654498 0.00016185024084612194 0.9999146256968247 0.6806827187538147
0.9998610555279007 -0.0003480865734680793 0.016665787541246698 0.017604544758796692 0.0003515991824273731 0.9999999165906711 -0.00020783807675429388 -0.010672114789485931 -0.01666571380552057 0.00021366887607644772 0.9998610945171155 0.6795520186424255
0.99990023334017 -0.0003118569283662305 0.014121831026099619 0.014819196425378323 0.00031422578436166975 0.9999999369316923 -0.0001655257312220768 -0.011046087369322777 -0.014121778515113531 0.000169946660703556 0.9999002682716424 0.6998156905174255
0.9998813819040063 -0.0003251648843274902 0.015398584010650314 0.01626117341220379 0.0003278085486902537 0.9999999319634646 -0.00016915857056453364 -0.011128649115562439 -0.015398527958556976 0.00017418629277338843 0.9998814204673699 0.7034041881561279
0.9997725149515111 -0.00043123118342661967 0.021324455144206764 0.022813795134425163 0.00043612910369158385 0.999999879575208 -0.00022503549624772973 -0.010771655477583408 -0.021324355533890324 0.00023428451954570832 0.9997725826265833 0.6867344975471497
0.9995777299778313 -0.0005890171673582819 0.0290519326576065 0.031192731112241745 0.0005966269233136076 0.9999997899456458 -0.00025326858985699687 -0.009628910571336746 -0.02905177737557417 0.00027049480732176524 0.9995778714356771 0.6407279372215271
0.9997712809013686 -0.000438746815685446 0.021382080957401784 0.022933220490813255 0.0004432196021372059 0.9999998808792452 -0.0002044452986790248 -0.010819809511303902 -0.021381988710628377 0.00021387549554939658 0.9997713562690478 0.6973609328269958
0.9999489353773388 -0.00016135183614151644 0.010104484316964134 0.011017600074410439 0.00016265836388076156 0.9999999785175605 -0.00012848009624027263 -0.01239596027880907 -0.010104463369395725 0.00013011711433949486 0.9999489401412219 0.7637941837310791
0.9999531670391902 -0.000171501778141898 0.00967648259613206 0.010452987626194954 0.00017282342681308743 0.9999999758523301 -0.00013574756805824118 -0.012265198864042759 -0.009676459081518252 0.00013741353347946703 0.9999531725321763 0.755068302154541
0.9999821528049451 -7.22489686699097e-05 0.005974014703172009 0.006569914519786835 7.267264215815457e-05 0.9999999948599325 -7.070234637444688e-05 -0.01285391766577959 -0.005974009564293563 7.113523196865148e-05 0.9999821529154929 0.7819187641143799
0.9999811097570455 -5.713841534072792e-05 0.006146288658164243 0.006846684031188488 5.744325502354288e-05 0.9999999971289267 -4.942083698209604e-05 -0.013131584040820599 -0.006146285816689488 4.9772966237317666e-05 0.9999811101682429 0.7990867495536804
0.9999581152588438 -0.00013386934334016977 0.009151492063008025 0.010107237845659256 0.00013499204639384705 0.9999999834389842 -0.00012206219008630913 -0.012800202704966068 -0.00915147557106479 0.00012329245618421494 0.9999581167698185 0.7824331521987915
0.9999830167202316 -4.627777397488525e-05 0.005827875210757624 0.0066576143726706505 4.6338498228375165e-05 0.9999999988734851 -1.0284593230894023e-05 -0.013633216731250286 -0.0058278747282443566 1.0554473549898765e-05 0.9999830177381787 0.8277771472930908
0.9999897623958991 -1.894087271241969e-05 0.004524902721255126 0.005272075068205595 1.9025576483904987e-05 0.9999999996446094 -1.867642402562646e-05 -0.013942301273345947 -0.0045249023658992475 1.876232170659673e-05 0.999989762400873 0.8385517001152039
0.9999936996972291 -7.135968138388512e-06 0.003549720401064962 0.003996578045189381 7.1680807917832144e-06 0.9999999999335043 -9.03380806564865e-06 -0.013348491862416267 -0.0035497203363639555 9.059195832545737e-06 0.9999936996818851 0.8078638911247253
0.9999999612400428 2.3189035142939642e-05 -0.0002774566310799025 -0.00010007235687226057 -2.3180900316656417e-05 0.99999999930142 2.9322451378697645e-05 -0.01449168287217617 0.0002774573108454323 -2.931601854765342e-05 0.9999999610790054 0.8528673648834229
0.9999999843515264 1.8621939914296815e-05 0.00017592660429764057 0.00039186293724924326 -1.862644688728516e-05 0.9999999994984153 2.5616880808638618e-05 -0.014410322532057762 -0.0001759261271733833 -2.5620157295324547e-05 0.9999999841968024 0.8518210053443909
0.9999999909571711 4.8484681493611074e-05 0.0001254388029620085 0.00040182971861213446 -4.847986131258409e-05 0.9999999980864455 -3.842930999153318e-05 -0.014674623496830463 -0.0001254406659548295 3.8423228388252695e-05 0.9999999913941473 0.8626890778541565
0.9999992894478632 9.335723742249951e-06 0.0011920640137935827 0.001417038612999022 -9.318425808130315e-06 0.9999999998512196 -1.4516463677955557e-05 -0.01349873561412096 -0.0011920641491379217 1.4505345203180193e-05 0.9999992893860772 0.805336594581604
0.9999997056472884 6.672473637204423e-07 -0.0007672710679608966 -0.0004907728871330619 -6.09261631341935e-07 0.9999999971440834 7.557421650841273e-05 -0.015254043973982334 0.0007672711161963311 -7.557372679411461e-05 0.999999702791779 0.8907065987586975
0.9999995478738368 3.475455539985008e-05 -0.0009502864002199693 -0.0005864472477696836 -3.4729795603176384e-05 0.9999999990570568 2.6071578153301694e-05 -0.01570901647210121 0.0009502873054300108 -2.603856311321498e-05 0.9999995481379129 0.9118939638137817
0.9999993542714493 3.006803020490665e-05 -0.0011360249107841996 -0.0005466954316943884 -3.0007990985641802e-05 0.9999999981522858 5.286727443573119e-05 -0.01688159629702568 0.0011360264982999547 -5.283315047254041e-05 0.9999993533260175 0.965928852558136
0.9999993306910676 7.944718788691733e-05 -0.0011542554140120725 -0.0004226680612191558 -7.95136738325294e-05 0.9999999951825017 -5.755494696422648e-05 -0.01754114404320717 0.001154250835872764 5.7646687530695573e-05 0.9999993321907105 0.9945029616355896
0.9999992980538883 7.13565162618214e-05 -0.0011827087460762299 -0.00037779624108225107 -7.142437402016172e-05 0.9999999958057584 -5.733273030248739e-05 -0.017797507345676422 0.0011827046500517615 5.741716428983695e-05 0.9999992989562442 1.0066825151443481
0.9999995058737874 3.8396899056189986e-05 -0.0009933669309524801 -0.0003825963940471411 -3.839552595390493e-05 0.9999999992619101 1.4013413746153065e-06 -0.016882555559277534 0.000993366984026449 -1.3631998363966634e-06 0.9999995066099667 0.9650378227233887
0.9999995420606378 3.918396181935084e-05 -0.000956212911159102 -0.00039833306800574064 -3.9183385376877715e-05 0.9999999992321378 6.2157286606033e-07 -0.01665225625038147 0.0009562129347805499 -5.84104922417355e-07 0.9999995428281364 0.9544656872749329
0.9999994698626853 6.322681219874492e-06 -0.0010296768291416902 -0.0003402787260711193 -6.254241479391872e-06 0.9999999977712847 6.647041096865322e-05 -0.017400255426764488 0.0010296772471180525 -6.646393588267284e-05 0.9999994676735144 0.9899345636367798
0.9999992288294707 8.82438863124365e-05 -0.0012387709556894778 -0.00012154609430581331 -8.83391250861087e-05 0.9999999931468933 -7.682715957297585e-05 -0.019501997157931328 0.0012387641676729132 7.693653226854221e-05 0.9999992297717569 1.084986925125122
0.9999992286476408 9.010330234149297e-05 -0.0012387838869460052 -0.00019130739383399487 -9.019800467381442e-05 0.9999999930142783 -7.639216840931484e-05 -0.01918073371052742 0.0012387769951055587 7.650384531886011e-05 0.9999992297890625 1.0700218677520752
0.9999991917410996 7.286842115969321e-05 -0.0012693334239259227 -0.0003184917150065303 -7.293005061470372e-05 0.9999999961641689 -4.850639477254424e-05 -0.01862528920173645 0.0012693298844725707 4.859892811767278e-05 0.999999193219569 1.0451765060424805
0.9999991913188395 0.0001557238257403896 -0.0012621853101157882 -0.00025160086806863546 -0.00015598910620716843 0.9999999657669352 -0.00021007981166163965 -0.018952172249555588 0.0012621525524753338 0.00021027652893244652 0.9999991813770228 1.0564115047454834
