9.995452e-01 -1.205722e-03 3.013343e-02 3.502956e-02 1.245138e-03 9.999984e-01 -1.289339e-03 -1.435832e-02 -3.013183e-02 1.326273e-03 9.995450e-01 5.423089e-01
9.999294e-01 4.052080e-04 -1.187791e-02 4.331819e-02 -3.989127e-04 9.999998e-01 5.323642e-04 -2.833374e-02 1.187813e-02 -5.275881e-04 9.999292e-01 1.085041e+00
9.990335e-01 -1.657281e-03 4.392366e-02 8.667944e-02 1.741568e-03 9.999967e-01 -1.880749e-03 -4.394063e-02 -4.392039e-02 1.955428e-03 9.990330e-01 1.671525e+00
9.999804e-01 2.159208e-04 -6.252115e-03 1.399198e-01 -2.141530e-04 9.999999e-01 2.834171e-04 -5.970568e-02 6.252187e-03 -2.820727e-04 9.999803e-01 2.260550e+00
9.988998e-01 -1.734066e-03 4.686242e-02 1.992553e-01 1.829990e-03 9.999963e-01 -2.004092e-03 -7.509695e-02 -4.685875e-02 2.087645e-03 9.988992e-01 2.827992e+00
9.999920e-01 1.273343e-04 -4.001850e-03 2.582152e-01 -1.265199e-04 1.000000e+00 2.037396e-04 -9.226363e-02 4.001896e-03 -2.032321e-04 9.999919e-01 3.477643e+00
9.989551e-01 -1.701389e-03 4.567092e-02 3.091160e-01 1.793129e-03 9.999965e-01 -1.967818e-03 -1.071541e-01 -4.566739e-02 2.047655e-03 9.989545e-01 4.047716e+00
9.999999e-01 1.887264e-05 -4.521975e-04 3.485843e-01 -1.884708e-05 1.000000e+00 5.620357e-05 -1.220068e-01 4.522271e-04 -5.619587e-05 9.999998e-01 4.639016e+00
9.987404e-01 -1.827823e-03 5.014333e-02 4.041382e-01 1.938286e-03 9.999958e-01 -2.154396e-03 -1.360843e-01 -5.013914e-02 2.248873e-03 9.987396e-01 5.185611e+00
9.999941e-01 1.104889e-04 -3.436630e-03 4.527741e-01 -1.098172e-04 1.000000e+00 1.955526e-04 -1.519672e-01 3.436689e-03 -1.951754e-04 9.999940e-01 5.808883e+00
9.987475e-01 -1.838476e-03 5.000118e-02 4.935466e-01 1.947747e-03 9.999958e-01 -2.136727e-03 -1.686191e-01 -4.999700e-02 2.231439e-03 9.987468e-01 6.478067e+00
9.999570e-01 2.996166e-04 -9.266637e-03 5.507667e-01 -2.956806e-04 9.999999e-01 4.260603e-04 -1.854451e-01 9.266809e-03 -4.233037e-04 9.999569e-01 7.115472e+00
9.988795e-01 -1.760612e-03 4.729353e-02 5.971837e-01 1.856633e-03 9.999963e-01 -1.986442e-03 -2.043192e-01 -4.728981e-02 2.072021e-03 9.988790e-01 7.847120e+00
9.999990e-01 -3.030235e-05 1.387012e-03 6.590928e-01 3.037731e-05 1.000000e+00 -5.356979e-05 -2.214699e-01 -1.386957e-03 5.360976e-05 9.999989e-01 8.507825e+00
9.989606e-01 -1.711793e-03 4.554969e-02 7.067429e-01 1.801019e-03 9.999965e-01 -1.917889e-03 -2.375687e-01 -4.554619e-02 1.997929e-03 9.989601e-01 9.145200e+00
9.998069e-01 6.168491e-04 -1.964054e-02 7.222747e-01 -5.991204e-04 9.999994e-01 9.084860e-04 -2.610030e-01 1.964115e-02 -8.965460e-04 9.998066e-01 1.008664e+01
9.985253e-01 -1.969982e-03 5.425272e-02 7.583252e-01 2.096814e-03 9.999952e-01 -2.280956e-03 -2.829043e-01 -5.424790e-02 2.391347e-03 9.985245e-01 1.095352e+01
9.998701e-01 5.095579e-04 -1.611185e-02 8.074007e-01 -4.976109e-04 9.999996e-01 7.454407e-04 -3.049083e-01 1.611229e-02 -7.373292e-04 9.998698e-01 1.180896e+01
9.985441e-01 -1.975300e-03 5.390580e-02 8.526370e-01 2.100763e-03 9.999952e-01 -2.270873e-03 -3.278183e-01 -5.390099e-02 2.380808e-03 9.985434e-01 1.270606e+01
9.997833e-01 6.876487e-04 -2.080485e-02 8.875931e-01 -6.674760e-04 9.999993e-01 9.764769e-04 -3.494542e-01 2.080558e-02 -9.623816e-04 9.997830e-01 1.355995e+01
9.978207e-01 -2.298895e-03 6.594296e-02 9.640039e-01 2.489953e-03 9.999929e-01 -2.815258e-03 -3.678528e-01 -6.593595e-02 2.973315e-03 9.978193e-01 1.423966e+01
9.992336e-01 1.289712e-03 -3.912253e-02 1.007227e+00 -1.219387e-03 9.999976e-01 1.821310e-03 -3.911047e-01 3.912486e-02 -1.772211e-03 9.992327e-01 1.513197e+01
9.991456e-01 -1.638041e-03 4.129630e-02 9.659983e-01 1.711364e-03 9.999970e-01 -1.740219e-03 -4.177015e-01 -4.129325e-02 1.809401e-03 9.991453e-01 1.627172e+01
9.994013e-01 1.204924e-03 -3.457692e-02 9.823478e-01 -1.148947e-03 9.999980e-01 1.638687e-03 -4.426948e-01 3.457890e-02 -1.597982e-03 9.994006e-01 1.725068e+01
9.992025e-01 -1.626998e-03 3.989699e-02 9.653773e-01 1.695975e-03 9.999971e-01 -1.695061e-03 -4.680745e-01 -3.989404e-02 1.761370e-03 9.992023e-01 1.830283e+01
9.993003e-01 1.261675e-03 -3.738065e-02 9.171152e-01 -1.196220e-03 9.999977e-01 1.773296e-03 -4.953591e-01 3.738288e-02 -1.727343e-03 9.992994e-01 1.948638e+01
9.990221e-01 -1.736181e-03 4.417828e-02 8.858459e-01 1.821714e-03 9.999965e-01 -1.895876e-03 -5.205908e-01 -4.417476e-02 1.974499e-03 9.990218e-01 2.056039e+01
9.993140e-01 1.245975e-03 -3.701399e-02 8.350112e-01 -1.182012e-03 9.999978e-01 1.749883e-03 -5.438589e-01 3.701617e-02 -1.704935e-03 9.993131e-01 2.158782e+01
9.990014e-01 -1.749783e-03 4.464432e-02 8.257631e-01 1.836028e-03 9.999965e-01 -1.890863e-03 -5.716348e-01 -4.464078e-02 1.970940e-03 9.990011e-01 2.273040e+01
9.990820e-01 1.416091e-03 -4.281370e-02 7.755189e-01 -1.330552e-03 9.999971e-01 2.026325e-03 -6.018953e-01 4.281652e-02 -1.967502e-03 9.990809e-01 2.404299e+01
9.990376e-01 -1.714094e-03 4.382880e-02 7.319187e-01 1.798122e-03 9.999966e-01 -1.877805e-03 -6.317978e-01 -4.382536e-02 1.954804e-03 9.990372e-01 2.532686e+01
9.991823e-01 1.338138e-03 -4.040794e-02 6.861827e-01 -1.260947e-03 9.999973e-01 1.935675e-03 -6.586716e-01 4.041050e-02 -1.883144e-03 9.991813e-01 2.648929e+01
9.990279e-01 -1.773374e-03 4.404582e-02 6.129760e-01 1.858875e-03 9.999965e-01 -1.900277e-03 -6.881076e-01 -4.404221e-02 1.980302e-03 9.990276e-01 2.780871e+01
9.990964e-01 1.433891e-03 -4.247580e-02 5.265383e-01 -1.348920e-03 9.999970e-01 2.029000e-03 -7.181322e-01 4.247866e-02 -1.969874e-03 9.990954e-01 2.917390e+01
9.990531e-01 -1.751295e-03 4.347188e-02 4.557166e-01 1.835121e-03 9.999965e-01 -1.888403e-03 -7.484343e-01 -4.346835e-02 1.966388e-03 9.990528e-01 3.052132e+01
9.990664e-01 1.489322e-03 -4.317468e-02 3.943679e-01 -1.401763e-03 9.999969e-01 2.058174e-03 -7.764963e-01 4.317769e-02 -1.995736e-03 9.990653e-01 3.175493e+01
9.990394e-01 -1.773334e-03 4.378378e-02 3.078473e-01 1.859351e-03 9.999964e-01 -1.923919e-03 -8.041624e-01 -4.378013e-02 2.003477e-03 9.990391e-01 3.301736e+01
9.991095e-01 1.476403e-03 -4.216528e-02 1.913077e-01 -1.392817e-03 9.999970e-01 2.011604e-03 -8.272490e-01 4.216821e-02 -1.951088e-03 9.991085e-01 3.414247e+01
9.990572e-01 -1.748099e-03 4.337767e-02 8.900604e-02 1.833203e-03 9.999965e-01 -1.922210e-03 -8.497562e-01 -4.337408e-02 1.999914e-03 9.990568e-01 3.521693e+01
9.991690e-01 1.407033e-03 -4.073382e-02 2.629675e-02 -1.327479e-03 9.999972e-01 1.979961e-03 -8.736176e-01 4.073657e-02 -1.924246e-03 9.991680e-01 3.627837e+01
9.991456e-01 -1.683643e-03 4.129459e-02 -9.836520e-02 1.762501e-03 9.999967e-01 -1.873288e-03 -8.985938e-01 -4.129123e-02 1.944465e-03 9.991452e-01 3.749581e+01
9.991817e-01 1.374770e-03 -4.042290e-02 -3.447839e-01 -1.295799e-03 9.999972e-01 1.979709e-03 -9.202232e-01 4.042558e-02 -1.925713e-03 9.991806e-01 3.877571e+01
9.991744e-01 -1.647540e-03 4.059285e-02 -5.821327e-01 1.724949e-03 9.999968e-01 -1.871960e-03 -9.404844e-01 -4.058956e-02 1.940431e-03 9.991739e-01 3.997877e+01
9.991752e-01 1.400358e-03 -4.058330e-02 -8.417531e-01 -1.320309e-03 9.999971e-01 1.999145e-03 -9.580002e-01 4.058607e-02 -1.943917e-03 9.991741e-01 4.109932e+01
9.991627e-01 -1.605005e-03 4.088213e-02 -1.149536e+00 1.683734e-03 9.999968e-01 -1.891366e-03 -9.669118e-01 -4.087889e-02 1.958613e-03 9.991621e-01 4.193136e+01
9.992163e-01 1.320463e-03 -3.955976e-02 -1.317275e+00 -1.242888e-03 9.999973e-01 1.985428e-03 -9.873892e-01 3.956236e-02 -1.934708e-03 9.992152e-01 4.303235e+01
9.991532e-01 -1.634710e-03 4.111126e-02 -1.399215e+00 1.713964e-03 9.999967e-01 -1.892565e-03 -1.013942e+00 -4.110795e-02 1.961422e-03 9.991527e-01 4.424549e+01
9.992109e-01 1.330067e-03 -3.969547e-02 -1.493620e+00 -1.251631e-03 9.999972e-01 2.000678e-03 -1.040139e+00 3.969810e-02 -1.949419e-03 9.992097e-01 4.546484e+01
9.991116e-01 -1.691368e-03 4.210945e-02 -1.573054e+00 1.774268e-03 9.999966e-01 -1.931351e-03 -1.066634e+00 -4.210596e-02 2.004345e-03 9.991111e-01 4.667018e+01
9.993007e-01 1.289419e-03 -3.736841e-02 -1.622991e+00 -1.219570e-03 9.999975e-01 1.891876e-03 -1.090251e+00 3.737083e-02 -1.844983e-03 9.992997e-01 4.770870e+01
9.991922e-01 -1.636501e-03 4.015327e-02 -1.720557e+00 1.712913e-03 9.999968e-01 -1.868631e-03 -1.112276e+00 -4.015000e-02 1.935896e-03 9.991917e-01 4.876009e+01
9.994034e-01 1.161059e-03 -3.451799e-02 -1.797262e+00 -1.099211e-03 9.999978e-01 1.810620e-03 -1.136899e+00 3.452010e-02 -1.771601e-03 9.994024e-01 4.988729e+01
9.992419e-01 -1.610973e-03 3.889705e-02 -1.904884e+00 1.683584e-03 9.999969e-01 -1.834020e-03 -1.160445e+00 -3.889390e-02 1.898113e-03 9.992415e-01 5.102007e+01
9.993856e-01 1.195238e-03 -3.502908e-02 -2.028630e+00 -1.131793e-03 9.999977e-01 1.830934e-03 -1.181505e+00 3.503127e-02 -1.790167e-03 9.993845e-01 5.207207e+01
9.990185e-01 -1.730897e-03 4.426070e-02 -2.130061e+00 1.824666e-03 9.999962e-01 -2.078220e-03 -1.196454e+00 -4.425685e-02 2.156937e-03 9.990178e-01 5.284174e+01
9.993159e-01 1.355809e-03 -3.695657e-02 -2.120589e+00 -1.286207e-03 9.999974e-01 1.906999e-03 -1.214568e+00 3.695914e-02 -1.858165e-03 9.993150e-01 5.356064e+01
9.992573e-01 -1.653849e-03 3.849901e-02 -2.182261e+00 1.724767e-03 9.999969e-01 -1.808872e-03 -1.239905e+00 -3.849581e-02 1.873926e-03 9.992569e-01 5.468812e+01
9.993051e-01 1.332068e-03 -3.724847e-02 -2.272581e+00 -1.261280e-03 9.999974e-01 1.923801e-03 -1.267784e+00 3.725102e-02 -1.875487e-03 9.993041e-01 5.596926e+01
9.992724e-01 -1.651428e-03 3.810255e-02 -2.362974e+00 1.721469e-03 9.999969e-01 -1.805441e-03 -1.296510e+00 -3.809937e-02 1.869716e-03 9.992721e-01 5.728495e+01
9.993047e-01 1.316379e-03 -3.725966e-02 -2.437282e+00 -1.244112e-03 9.999973e-01 1.962592e-03 -1.328123e+00 3.726222e-02 -1.914876e-03 9.993036e-01 5.869462e+01
9.993016e-01 -1.655170e-03 3.733131e-02 -2.493327e+00 1.722357e-03 9.999970e-01 -1.767605e-03 -1.363408e+00 -3.732818e-02 1.830664e-03 9.993013e-01 6.022474e+01
9.992938e-01 1.351814e-03 -3.754904e-02 -2.532821e+00 -1.278177e-03 9.999972e-01 1.984971e-03 -1.397371e+00 3.755170e-02 -1.935579e-03 9.992927e-01 6.166808e+01
9.992905e-01 -1.694105e-03 3.762430e-02 -2.595553e+00 1.762733e-03 9.999968e-01 -1.790908e-03 -1.432842e+00 -3.762107e-02 1.855955e-03 9.992903e-01 6.321736e+01
9.993328e-01 1.353913e-03 -3.649754e-02 -2.639404e+00 -1.283309e-03 9.999973e-01 1.957791e-03 -1.465539e+00 3.650017e-02 -1.909651e-03 9.993317e-01 6.462057e+01
9.987926e-01 -2.137174e-03 4.907955e-02 -2.676678e+00 2.249663e-03 9.999950e-01 -2.236810e-03 -1.502166e+00 -4.907444e-02 2.344517e-03 9.987923e-01 6.618551e+01
9.989974e-01 1.631174e-03 -4.473819e-02 -2.740795e+00 -1.528730e-03 9.999961e-01 2.323923e-03 -1.539645e+00 4.474189e-02 -2.253204e-03 9.989960e-01 6.782574e+01
9.989873e-01 -1.972192e-03 4.494976e-02 -2.783655e+00 2.068272e-03 9.999957e-01 -2.091038e-03 -1.578137e+00 -4.494536e-02 2.181885e-03 9.989870e-01 6.946645e+01
9.990296e-01 1.650114e-03 -4.401309e-02 -2.807654e+00 -1.550227e-03 9.999961e-01 2.303476e-03 -1.613530e+00 4.401681e-02 -2.233014e-03 9.990282e-01 7.094445e+01
9.990242e-01 -1.964727e-03 4.412146e-02 -2.841446e+00 2.058694e-03 9.999957e-01 -2.084356e-03 -1.649199e+00 -4.411709e-02 2.173151e-03 9.990239e-01 7.244804e+01
9.990091e-01 1.659934e-03 -4.447457e-02 -2.873990e+00 -1.557091e-03 9.999960e-01 2.346884e-03 -1.686982e+00 4.447837e-02 -2.275312e-03 9.990077e-01 7.403673e+01
9.989787e-01 -1.981397e-03 4.513994e-02 -2.895941e+00 2.080347e-03 9.999955e-01 -2.145156e-03 -1.722244e+00 -4.513541e-02 2.236868e-03 9.989783e-01 7.550357e+01
9.990449e-01 1.643580e-03 -4.366489e-02 -2.928187e+00 -1.543615e-03 9.999961e-01 2.322943e-03 -1.756029e+00 4.366862e-02 -2.253327e-03 9.990435e-01 7.692710e+01
9.990072e-01 -1.928385e-03 4.450619e-02 -2.906434e+00 2.024702e-03 9.999957e-01 -2.119103e-03 -1.788895e+00 -4.450183e-02 2.207107e-03 9.990068e-01 7.821842e+01
9.991515e-01 1.542175e-03 -4.115572e-02 -2.928042e+00 -1.453123e-03 9.999965e-01 2.193554e-03 -1.819252e+00 4.115904e-02 -2.131893e-03 9.991503e-01 7.948260e+01
9.991139e-01 -1.871318e-03 4.204529e-02 -2.971047e+00 1.958353e-03 9.999960e-01 -2.028911e-03 -1.852254e+00 -4.204125e-02 2.109448e-03 9.991136e-01 8.089185e+01
9.991284e-01 1.563610e-03 -4.171257e-02 -3.000815e+00 -1.471081e-03 9.999964e-01 2.248783e-03 -1.886977e+00 4.171602e-02 -2.185465e-03 9.991270e-01 8.235044e+01
9.990806e-01 -1.886760e-03 4.282993e-02 -3.014466e+00 1.977312e-03 9.999959e-01 -2.071907e-03 -1.920730e+00 -4.282576e-02 2.154686e-03 9.990802e-01 8.374143e+01
9.991367e-01 1.538121e-03 -4.151497e-02 -3.055716e+00 -1.446060e-03 9.999964e-01 2.247404e-03 -1.955269e+00 4.151837e-02 -2.185435e-03 9.991353e-01 8.521289e+01
9.991015e-01 -1.880015e-03 4.234038e-02 -3.119816e+00 1.970102e-03 9.999959e-01 -2.086007e-03 -1.989182e+00 -4.233620e-02 2.167543e-03 9.991010e-01 8.669693e+01
9.991106e-01 1.543586e-03 -4.213858e-02 -3.199667e+00 -1.448074e-03 9.999963e-01 2.297001e-03 -2.025046e+00 4.214205e-02 -2.233943e-03 9.991091e-01 8.829076e+01
9.991023e-01 -1.866652e-03 4.232000e-02 -3.270273e+00 1.957501e-03 9.999959e-01 -2.105333e-03 -2.059869e+00 -4.231581e-02 2.186281e-03 9.991018e-01 8.982441e+01
9.991038e-01 1.583188e-03 -4.229638e-02 -3.337015e+00 -1.486839e-03 9.999962e-01 2.309252e-03 -2.091972e+00 4.229996e-02 -2.244298e-03 9.991024e-01 9.123734e+01
9.991118e-01 -1.848994e-03 4.209799e-02 -3.398424e+00 1.940150e-03 9.999959e-01 -2.124519e-03 -2.122427e+00 -4.209381e-02 2.204304e-03 9.991112e-01 9.257027e+01
9.991067e-01 1.589737e-03 -4.222779e-02 -3.463960e+00 -1.493076e-03 9.999962e-01 2.320410e-03 -2.152377e+00 4.223140e-02 -2.255292e-03 9.991052e-01 9.388957e+01
9.991051e-01 -1.878743e-03 4.225417e-02 -3.538619e+00 1.970835e-03 9.999958e-01 -2.137889e-03 -2.184176e+00 -4.224989e-02 2.219247e-03 9.991045e-01 9.530341e+01
9.991322e-01 1.582530e-03 -4.162147e-02 -3.573834e+00 -1.487010e-03 9.999962e-01 2.325770e-03 -2.216071e+00 4.162508e-02 -2.261864e-03 9.991307e-01 9.665183e+01
9.990883e-01 -1.894451e-03 4.264894e-02 -3.603673e+00 1.988491e-03 9.999957e-01 -2.162614e-03 -2.248197e+00 -4.264458e-02 2.245445e-03 9.990877e-01 9.800207e+01
9.991153e-01 1.661279e-03 -4.202090e-02 -3.618949e+00 -1.564348e-03 9.999960e-01 2.339460e-03 -2.275288e+00 4.202470e-02 -2.271660e-03 9.991139e-01 9.911555e+01
9.990879e-01 -1.930195e-03 4.265687e-02 -3.641733e+00 2.024507e-03 9.999956e-01 -2.167805e-03 -2.305022e+00 -4.265241e-02 2.252182e-03 9.990874e-01 1.003523e+02
9.991116e-01 1.644329e-03 -4.210960e-02 -3.681905e+00 -1.546192e-03 9.999960e-01 2.362916e-03 -2.336583e+00 4.211340e-02 -2.295711e-03 9.991101e-01 1.016970e+02
9.990888e-01 -1.908888e-03 4.263685e-02 -3.679341e+00 2.003113e-03 9.999956e-01 -2.167276e-03 -2.367675e+00 -4.263244e-02 2.250703e-03 9.990882e-01 1.029474e+02
9.991162e-01 1.647665e-03 -4.200043e-02 -3.690989e+00 -1.549968e-03 9.999960e-01 2.358488e-03 -2.398006e+00 4.200423e-02 -2.291309e-03 9.991147e-01 1.041894e+02
9.991036e-01 -1.885679e-03 4.228891e-02 -3.738449e+00 1.980543e-03 9.999956e-01 -2.201400e-03 -2.424785e+00 -4.228449e-02 2.283177e-03 9.991029e-01 1.053443e+02
9.991238e-01 1.640092e-03 -4.181949e-02 -3.779974e+00 -1.542410e-03 9.999960e-01 2.367904e-03 -2.451871e+00 4.182329e-02 -2.301331e-03 9.991223e-01 1.065015e+02
9.990980e-01 -1.921642e-03 4.242000e-02 -3.826048e+00 2.016817e-03 9.999955e-01 -2.200904e-03 -2.482073e+00 -4.241549e-02 2.284468e-03 9.990974e-01 1.077995e+02
9.991286e-01 1.635395e-03 -4.170420e-02 -3.875996e+00 -1.537486e-03 9.999960e-01 2.379602e-03 -2.512822e+00 4.170800e-02 -2.313413e-03 9.991271e-01 1.091272e+02
9.990997e-01 -1.910258e-03 4.237997e-02 -3.924102e+00 2.006402e-03 9.999955e-01 -2.226128e-03 -2.541895e+00 -4.237545e-02 2.309151e-03 9.990990e-01 1.103801e+02
9.991604e-01 1.609045e-03 -4.093705e-02 -4.003591e+00 -1.514266e-03 9.999961e-01 2.346070e-03 -2.568937e+00 4.094075e-02 -2.282115e-03 9.991589e-01 1.116043e+02
9.991268e-01 -1.879306e-03 4.173834e-02 -4.071857e+00 1.973572e-03 9.999956e-01 -2.217374e-03 -2.595681e+00 -4.173390e-02 2.297807e-03 9.991260e-01 1.127951e+02
9.991591e-01 1.612678e-03 -4.096782e-02 -4.126502e+00 -1.516908e-03 9.999960e-01 2.368614e-03 -2.623207e+00 4.097156e-02 -2.304482e-03 9.991576e-01 1.139944e+02
9.991298e-01 -1.902966e-03 4.166443e-02 -4.180258e+00 1.997049e-03 9.999955e-01 -2.216567e-03 -2.652976e+00 -4.165995e-02 2.297839e-03 9.991291e-01 1.152861e+02
9.991546e-01 1.609815e-03 -4.107917e-02 -4.237949e+00 -1.512919e-03 9.999960e-01 2.389670e-03 -2.683868e+00 4.108294e-02 -2.325504e-03 9.991530e-01 1.166312e+02
9.991147e-01 -1.900630e-03 4.202575e-02 -4.297961e+00 1.997054e-03 9.999955e-01 -2.252476e-03 -2.712797e+00 -4.202119e-02 2.334405e-03 9.991139e-01 1.178994e+02
9.991532e-01 1.591588e-03 -4.111358e-02 -4.362229e+00 -1.493483e-03 9.999960e-01 2.416737e-03 -2.743975e+00 4.111734e-02 -2.353293e-03 9.991515e-01 1.192694e+02
9.991242e-01 -1.913706e-03 4.179969e-02 -4.422674e+00 2.009581e-03 9.999954e-01 -2.251737e-03 -2.777086e+00 -4.179511e-02 2.333760e-03 9.991234e-01 1.207130e+02
9.991473e-01 1.579458e-03 -4.125680e-02 -4.503686e+00 -1.479871e-03 9.999959e-01 2.444202e-03 -2.812068e+00 4.126058e-02 -2.381067e-03 9.991455e-01 1.222722e+02
9.991219e-01 -1.874086e-03 4.185644e-02 -4.562530e+00 1.971292e-03 9.999955e-01 -2.281161e-03 -2.843128e+00 -4.185189e-02 2.361665e-03 9.991210e-01 1.236282e+02
9.991579e-01 1.584852e-03 -4.099797e-02 -4.601892e+00 -1.485395e-03 9.999959e-01 2.456199e-03 -2.874249e+00 4.100178e-02 -2.393237e-03 9.991561e-01 1.249527e+02
9.989873e-01 -2.005831e-03 4.494809e-02 -4.641848e+00 2.116455e-03 9.999948e-01 -2.413626e-03 -2.904363e+00 -4.494293e-02 2.506308e-03 9.989863e-01 1.262387e+02
9.993084e-01 1.456056e-03 -3.715457e-02 -4.685484e+00 -1.371426e-03 9.999964e-01 2.303106e-03 -2.934608e+00 3.715788e-02 -2.250563e-03 9.993068e-01 1.275407e+02
9.990870e-01 -1.967855e-03 4.267607e-02 -4.730459e+00 2.069217e-03 9.999951e-01 -2.331069e-03 -2.965847e+00 -4.267119e-02 2.417242e-03 9.990862e-01 1.288851e+02
9.991219e-01 1.699642e-03 -4.186201e-02 -4.752909e+00 -1.595825e-03 9.999956e-01 2.513220e-03 -2.995977e+00 4.186618e-02 -2.444214e-03 9.991202e-01 1.301377e+02
9.989944e-01 -2.011452e-03 4.478950e-02 -4.757283e+00 2.122365e-03 9.999948e-01 -2.428834e-03 -3.023417e+00 -4.478430e-02 2.521447e-03 9.989934e-01 1.312483e+02
9.991268e-01 1.653184e-03 -4.174666e-02 -4.798393e+00 -1.549869e-03 9.999957e-01 2.506968e-03 -3.052245e+00 4.175071e-02 -2.440081e-03 9.991250e-01 1.324813e+02
9.990819e-01 -1.972193e-03 4.279559e-02 -4.847645e+00 2.074640e-03 9.999951e-01 -2.349525e-03 -3.084780e+00 -4.279066e-02 2.436149e-03 9.990810e-01 1.338814e+02
9.991487e-01 1.635005e-03 -4.122102e-02 -4.906746e+00 -1.533401e-03 9.999957e-01 2.496295e-03 -3.116467e+00 4.122501e-02 -2.430966e-03 9.991469e-01 1.352623e+02
9.990887e-01 -1.958939e-03 4.263758e-02 -4.960597e+00 2.061578e-03 9.999951e-01 -2.363342e-03 -3.147351e+00 -4.263265e-02 2.449085e-03 9.990877e-01 1.366013e+02
9.991077e-01 1.684431e-03 -4.220132e-02 -5.018254e+00 -1.578297e-03 9.999955e-01 2.548078e-03 -3.178098e+00 4.220551e-02 -2.479203e-03 9.991058e-01 1.379407e+02
9.991215e-01 -1.909790e-03 4.186407e-02 -5.078003e+00 2.010491e-03 9.999952e-01 -2.363402e-03 -3.205953e+00 -4.185926e-02 2.445488e-03 9.991204e-01 1.391599e+02
9.990813e-01 1.736465e-03 -4.281944e-02 -5.137734e+00 -1.627308e-03 9.999953e-01 2.583912e-03 -3.231001e+00 4.282381e-02 -2.511862e-03 9.990794e-01 1.402562e+02
9.991274e-01 -1.917472e-03 4.172192e-02 -5.187648e+00 2.017916e-03 9.999952e-01 -2.365427e-03 -3.255894e+00 -4.171710e-02 2.447550e-03 9.991264e-01 1.413301e+02
9.991396e-01 1.696042e-03 -4.143867e-02 -5.255178e+00 -1.592959e-03 9.999956e-01 2.520417e-03 -3.281025e+00 4.144285e-02 -2.452242e-03 9.991378e-01 1.424508e+02
9.991251e-01 -1.921425e-03 4.177681e-02 -5.304558e+00 2.022482e-03 9.999951e-01 -2.376769e-03 -3.306054e+00 -4.177196e-02 2.459178e-03 9.991241e-01 1.435342e+02
9.991212e-01 1.711082e-03 -4.187907e-02 -5.346881e+00 -1.605064e-03 9.999954e-01 2.564948e-03 -3.332325e+00 4.188335e-02 -2.495480e-03 9.991193e-01 1.446556e+02
9.991179e-01 -1.949806e-03 4.194814e-02 -5.386312e+00 2.051706e-03 9.999950e-01 -2.386205e-03 -3.360771e+00 -4.194319e-02 2.470161e-03 9.991169e-01 1.458654e+02
9.991150e-01 1.704074e-03 -4.202592e-02 -5.429473e+00 -1.596458e-03 9.999954e-01 2.594068e-03 -3.391407e+00 4.203023e-02 -2.524684e-03 9.991131e-01 1.471734e+02
9.990954e-01 -1.968302e-03 4.247785e-02 -5.483881e+00 2.073344e-03 9.999949e-01 -2.428904e-03 -3.420965e+00 -4.247276e-02 2.514773e-03 9.990944e-01 1.484572e+02
9.991776e-01 1.678771e-03 -4.051291e-02 -5.562330e+00 -1.578214e-03 9.999956e-01 2.513869e-03 -3.443903e+00 4.051704e-02 -2.447868e-03 9.991758e-01 1.495092e+02
9.991308e-01 -1.931884e-03 4.164039e-02 -5.635439e+00 2.033892e-03 9.999950e-01 -2.407457e-03 -3.467350e+00 -4.163544e-02 2.490051e-03 9.991297e-01 1.505715e+02
9.991608e-01 1.713158e-03 -4.092267e-02 -5.628433e+00 -1.608671e-03 9.999954e-01 2.585988e-03 -3.493603e+00 4.092700e-02 -2.517991e-03 9.991589e-01 1.516100e+02
9.991119e-01 -1.895969e-03 4.209261e-02 -5.617093e+00 2.001541e-03 9.999950e-01 -2.466026e-03 -3.515907e+00 -4.208764e-02 2.548081e-03 9.991106e-01 1.524766e+02
9.991397e-01 1.700322e-03 -4.143643e-02 -5.690780e+00 -1.594374e-03 9.999954e-01 2.589715e-03 -3.537028e+00 4.144072e-02 -2.521426e-03 9.991377e-01 1.534410e+02
9.990978e-01 -1.934686e-03 4.242387e-02 -5.739661e+00 2.041362e-03 9.999949e-01 -2.471284e-03 -3.560988e+00 -4.241878e-02 2.555652e-03 9.990966e-01 1.544803e+02
9.991605e-01 1.713170e-03 -4.093061e-02 -5.740189e+00 -1.608005e-03 9.999953e-01 2.602052e-03 -3.583962e+00 4.093496e-02 -2.534055e-03 9.991585e-01 1.553943e+02
9.991102e-01 -1.922815e-03 4.213150e-02 -5.767044e+00 2.029510e-03 9.999948e-01 -2.489734e-03 -3.605854e+00 -4.212641e-02 2.573020e-03 9.991089e-01 1.563115e+02
9.991669e-01 1.685614e-03 -4.077579e-02 -5.852018e+00 -1.581437e-03 9.999954e-01 2.586938e-03 -3.626928e+00 4.078005e-02 -2.520304e-03 9.991649e-01 1.572939e+02
9.991318e-01 -1.889821e-03 4.161665e-02 -5.905739e+00 1.994680e-03 9.999949e-01 -2.478218e-03 -3.648160e+00 -4.161167e-02 2.559073e-03 9.991305e-01 1.582292e+02
9.991495e-01 1.664057e-03 -4.120068e-02 -5.961506e+00 -1.556728e-03 9.999953e-01 2.636906e-03 -3.673880e+00 4.120496e-02 -2.570530e-03 9.991473e-01 1.593547e+02
9.991180e-01 -1.949254e-03 4.194390e-02 -6.031670e+00 2.055485e-03 9.999948e-01 -2.489642e-03 -3.703470e+00 -4.193875e-02 2.573657e-03 9.991168e-01 1.606683e+02
9.991889e-01 1.632519e-03 -4.023536e-02 -6.052452e+00 -1.527232e-03 9.999953e-01 2.647306e-03 -3.734607e+00 4.023958e-02 -2.583714e-03 9.991866e-01 1.619610e+02
9.991490e-01 -1.908882e-03 4.120060e-02 -6.083370e+00 2.013386e-03 9.999949e-01 -2.495059e-03 -3.764499e+00 -4.119554e-02 2.575883e-03 9.991477e-01 1.632202e+02
9.991872e-01 1.628643e-03 -4.027607e-02 -6.130490e+00 -1.522722e-03 9.999953e-01 2.660322e-03 -3.794582e+00 4.028030e-02 -2.596836e-03 9.991850e-01 1.645145e+02
9.991476e-01 -1.916507e-03 4.123545e-02 -6.163273e+00 2.021547e-03 9.999948e-01 -2.505702e-03 -3.825221e+00 -4.123035e-02 2.586920e-03 9.991462e-01 1.658060e+02
9.993479e-01 1.512381e-03 -3.607407e-02 -6.171633e+00 -1.423212e-03 9.999959e-01 2.497311e-03 -3.853851e+00 3.607778e-02 -2.444346e-03 9.993459e-01 1.669726e+02
9.991685e-01 -1.912020e-03 4.072503e-02 -6.185583e+00 2.016055e-03 9.999948e-01 -2.513582e-03 -3.881372e+00 -4.071993e-02 2.593591e-03 9.991672e-01 1.681038e+02
9.991809e-01 1.677172e-03 -4.043174e-02 -6.210995e+00 -1.569434e-03 9.999951e-01 2.696197e-03 -3.909880e+00 4.043615e-02 -2.630538e-03 9.991786e-01 1.692902e+02
9.990737e-01 -1.955966e-03 4.298590e-02 -6.207680e+00 2.070336e-03 9.999944e-01 -2.616238e-03 -3.935802e+00 -4.298045e-02 2.702805e-03 9.990722e-01 1.703205e+02
9.994670e-01 1.389500e-03 -3.261367e-02 -6.215969e+00 -1.313427e-03 9.999964e-01 2.353756e-03 -3.962665e+00 3.261690e-02 -2.309670e-03 9.994652e-01 1.714237e+02
9.994163e-01 -1.730326e-03 3.411760e-02 -6.249328e+00 1.807852e-03 9.999959e-01 -2.241521e-03 -3.992757e+00 -3.411349e-02 2.301887e-03 9.994152e-01 1.726922e+02
9.994797e-01 1.378203e-03 -3.222248e-02 -6.272663e+00 -1.302790e-03 9.999964e-01 2.361172e-03 -4.022925e+00 3.222570e-02 -2.317969e-03 9.994779e-01 1.739473e+02
9.993286e-01 -1.778582e-03 3.659498e-02 -6.284335e+00 1.866532e-03 9.999955e-01 -2.369244e-03 -4.050579e+00 -3.659051e-02 2.435953e-03 9.993273e-01 1.750809e+02
9.993591e-01 1.491848e-03 -3.576467e-02 -6.320260e+00 -1.402648e-03 9.999958e-01 2.518942e-03 -4.079856e+00 3.576837e-02 -2.467167e-03 9.993570e-01 1.763198e+02
9.993172e-01 -1.834425e-03 3.690258e-02 -6.364229e+00 1.923414e-03 9.999953e-01 -2.376015e-03 -4.112869e+00 -3.689796e-02 2.445367e-03 9.993160e-01 1.777300e+02
9.993443e-01 1.536031e-03 -3.617360e-02 -6.397080e+00 -1.444924e-03 9.999957e-01 2.544527e-03 -4.144388e+00 3.617744e-02 -2.490596e-03 9.993422e-01 1.790574e+02
9.994409e-01 -1.616442e-03 3.339477e-02 -6.377888e+00 1.693009e-03 9.999960e-01 -2.264570e-03 -4.168957e+00 -3.339089e-02 2.319837e-03 9.994396e-01 1.799743e+02
9.994239e-01 1.419775e-03 -3.390723e-02 -6.380380e+00 -1.337241e-03 9.999961e-01 2.456590e-03 -4.193581e+00 3.391068e-02 -2.409838e-03 9.994219e-01 1.809544e+02
9.994184e-01 -1.643978e-03 3.406049e-02 -6.379092e+00 1.723357e-03 9.999959e-01 -2.301228e-03 -4.219836e+00 -3.405648e-02 2.358583e-03 9.994171e-01 1.819990e+02
9.994153e-01 1.436854e-03 -3.416146e-02 -6.392350e+00 -1.353374e-03 9.999960e-01 2.466599e-03 -4.244867e+00 3.416496e-02 -2.418928e-03 9.994132e-01 1.830170e+02
9.993956e-01 -1.655184e-03 3.472217e-02 -6.416152e+00 1.738003e-03 9.999957e-01 -2.355044e-03 -4.267028e+00 -3.471804e-02 2.413963e-03 9.993942e-01 1.839334e+02
9.994863e-01 1.307277e-03 -3.202126e-02 -6.448623e+00 -1.230934e-03 9.999964e-01 2.403636e-03 -4.292326e+00 3.202437e-02 -2.362991e-03 9.994842e-01 1.849986e+02
9.994495e-01 -1.599486e-03 3.313723e-02 -6.490864e+00 1.676792e-03 9.999959e-01 -2.305140e-03 -4.318801e+00 -3.313332e-02 2.359430e-03 9.994481e-01 1.861308e+02
9.994833e-01 1.308026e-03 -3.211571e-02 -6.543598e+00 -1.231021e-03 9.999963e-01 2.417317e-03 -4.345499e+00 3.211885e-02 -2.376537e-03 9.994812e-01 1.872905e+02
9.994515e-01 -1.562730e-03 3.308016e-02 -6.558655e+00 1.639947e-03 9.999960e-01 -2.307157e-03 -4.369855e+00 -3.307633e-02 2.360136e-03 9.994500e-01 1.882873e+02
9.994986e-01 1.285462e-03 -3.163523e-02 -6.585245e+00 -1.210327e-03 9.999964e-01 2.393953e-03 -4.393586e+00 3.163828e-02 -2.354469e-03 9.994965e-01 1.892762e+02
9.994873e-01 -1.532714e-03 3.198135e-02 -6.611720e+00 1.606095e-03 9.999961e-01 -2.268844e-03 -4.419093e+00 -3.197766e-02 2.319041e-03 9.994858e-01 1.903388e+02
9.994967e-01 1.291124e-03 -3.169667e-02 -6.626223e+00 -1.215156e-03 9.999963e-01 2.415763e-03 -4.445315e+00 3.169976e-02 -2.376036e-03 9.994945e-01 1.914108e+02
9.994694e-01 -1.554071e-03 3.253466e-02 -6.648181e+00 1.629785e-03 9.999960e-01 -2.300698e-03 -4.471468e+00 -3.253087e-02 2.352496e-03 9.994679e-01 1.924949e+02
9.994942e-01 1.309417e-03 -3.177508e-02 -6.668984e+00 -1.233263e-03 9.999963e-01 2.416046e-03 -4.495458e+00 3.177821e-02 -2.375642e-03 9.994920e-01 1.934837e+02
9.994750e-01 -1.563285e-03 3.236027e-02 -6.675620e+00 1.638050e-03 9.999961e-01 -2.283932e-03 -4.522076e+00 -3.235649e-02 2.335736e-03 9.994736e-01 1.945595e+02
9.994765e-01 1.331296e-03 -3.232484e-02 -6.684804e+00 -1.252768e-03 9.999962e-01 2.449367e-03 -4.548996e+00 3.232807e-02 -2.407594e-03 9.994743e-01 1.956508e+02
9.995143e-01 -1.506105e-03 3.112568e-02 -6.703230e+00 1.576978e-03 9.999962e-01 -2.252490e-03 -4.572728e+00 -3.112208e-02 2.300475e-03 9.995129e-01 1.966192e+02
9.995106e-01 1.247747e-03 -3.125716e-02 -6.747337e+00 -1.172979e-03 9.999964e-01 2.410149e-03 -4.600288e+00 3.126014e-02 -2.372310e-03 9.995084e-01 1.977972e+02
9.995216e-01 -1.524029e-03 3.089044e-02 -6.780748e+00 1.593862e-03 9.999962e-01 -2.236084e-03 -4.631054e+00 -3.088683e-02 2.284244e-03 9.995202e-01 1.990908e+02
9.995430e-01 1.225002e-03 -3.020354e-02 -6.812830e+00 -1.153721e-03 9.999965e-01 2.377228e-03 -4.660852e+00 3.020644e-02 -2.341300e-03 9.995409e-01 2.003450e+02
9.995519e-01 -1.497982e-03 2.989363e-02 -6.878011e+00 1.565353e-03 9.999963e-01 -2.230331e-03 -4.689521e+00 -2.989009e-02 2.276121e-03 9.995505e-01 2.016080e+02
9.995504e-01 1.210705e-03 -2.995886e-02 -6.945063e+00 -1.139679e-03 9.999965e-01 2.387653e-03 -4.719351e+00 2.996173e-02 -2.352441e-03 9.995482e-01 2.029248e+02
9.994724e-01 -1.613889e-03 3.243962e-02 -7.031208e+00 1.690417e-03 9.999959e-01 -2.331712e-03 -4.748416e+00 -3.243564e-02 2.385313e-03 9.994709e-01 2.042464e+02
9.994977e-01 1.251159e-03 -3.166739e-02 -7.133236e+00 -1.173252e-03 9.999962e-01 2.478515e-03 -4.782457e+00 3.167046e-02 -2.440121e-03 9.994953e-01 2.058051e+02
9.994730e-01 -1.587699e-03 3.242004e-02 -7.212326e+00 1.664541e-03 9.999959e-01 -2.343254e-03 -4.814696e+00 -3.241610e-02 2.395978e-03 9.994715e-01 2.072477e+02
9.994950e-01 1.287632e-03 -3.174981e-02 -7.264336e+00 -1.209253e-03 9.999962e-01 2.487630e-03 -4.844744e+00 3.175298e-02 -2.447986e-03 9.994927e-01 2.085492e+02
9.994899e-01 -1.577935e-03 3.189729e-02 -7.341088e+00 1.653624e-03 9.999959e-01 -2.346569e-03 -4.874478e+00 -3.189337e-02 2.398112e-03 9.994883e-01 2.098803e+02
9.995029e-01 1.271874e-03 -3.149968e-02 -7.424117e+00 -1.193982e-03 9.999962e-01 2.491385e-03 -4.904632e+00 3.150282e-02 -2.452542e-03 9.995006e-01 2.112410e+02
9.994859e-01 -1.595879e-03 3.202178e-02 -7.502762e+00 1.672212e-03 9.999958e-01 -2.357065e-03 -4.935927e+00 -3.201780e-02 2.409395e-03 9.994843e-01 2.126412e+02
9.994889e-01 1.298725e-03 -3.194018e-02 -7.571073e+00 -1.218846e-03 9.999961e-01 2.520111e-03 -4.966967e+00 3.194342e-02 -2.479898e-03 9.994865e-01 2.140108e+02
9.994932e-01 -1.570669e-03 3.179465e-02 -7.660051e+00 1.647429e-03 9.999958e-01 -2.388093e-03 -4.994973e+00 -3.179068e-02 2.439257e-03 9.994915e-01 2.152881e+02
9.994797e-01 1.351208e-03 -3.222428e-02 -7.758398e+00 -1.270517e-03 9.999960e-01 2.524300e-03 -5.018478e+00 3.222765e-02 -2.482051e-03 9.994774e-01 2.163911e+02
9.995079e-01 -1.546751e-03 3.133040e-02 -7.836045e+00 1.621628e-03 9.999959e-01 -2.364555e-03 -5.041961e+00 -3.132653e-02 2.414192e-03 9.995062e-01 2.174538e+02
9.994930e-01 1.289928e-03 -3.181184e-02 -7.921255e+00 -1.210156e-03 9.999961e-01 2.526654e-03 -5.069762e+00 3.181506e-02 -2.486880e-03 9.994906e-01 2.187153e+02
9.994956e-01 -1.539532e-03 3.172023e-02 -7.991907e+00 1.616209e-03 9.999958e-01 -2.391685e-03 -5.096227e+00 -3.171633e-02 2.441739e-03 9.994939e-01 2.198967e+02
9.994887e-01 1.301647e-03 -3.194570e-02 -8.076216e+00 -1.221545e-03 9.999961e-01 2.526704e-03 -5.121295e+00 3.194895e-02 -2.486394e-03 9.994863e-01 2.210424e+02
9.995016e-01 -1.546712e-03 3.152879e-02 -8.154473e+00 1.622644e-03 9.999958e-01 -2.382812e-03 -5.147721e+00 -3.152489e-02 2.432780e-03 9.994999e-01 2.222346e+02
9.994795e-01 1.321919e-03 -3.223329e-02 -8.208082e+00 -1.239792e-03 9.999959e-01 2.567654e-03 -5.174844e+00 3.223664e-02 -2.526361e-03 9.994770e-01 2.234110e+02
9.995714e-01 -1.437855e-03 2.923695e-02 -8.244197e+00 1.505700e-03 9.999962e-01 -2.298524e-03 -5.199201e+00 -2.923345e-02 2.341556e-03 9.995698e-01 2.244201e+02
9.995316e-01 1.237359e-03 -3.057690e-02 -8.285348e+00 -1.161186e-03 9.999962e-01 2.508735e-03 -5.225147e+00 3.057998e-02 -2.472060e-03 9.995292e-01 2.255228e+02
9.995507e-01 -1.460056e-03 2.993755e-02 -8.339926e+00 1.530906e-03 9.999961e-01 -2.343709e-03 -5.251009e+00 -2.993392e-02 2.388482e-03 9.995490e-01 2.266480e+02
9.995408e-01 1.254523e-03 -3.027618e-02 -8.394602e+00 -1.179688e-03 9.999962e-01 2.489374e-03 -5.274249e+00 3.027928e-02 -2.452519e-03 9.995384e-01 2.276646e+02
9.995458e-01 -1.497690e-03 3.009870e-02 -8.458317e+00 1.569251e-03 9.999960e-01 -2.353967e-03 -5.299949e+00 -3.009497e-02 2.400125e-03 9.995441e-01 2.288013e+02
9.995286e-01 1.278078e-03 -3.067503e-02 -8.498061e+00 -1.201036e-03 9.999961e-01 2.529732e-03 -5.326179e+00 3.067823e-02 -2.491703e-03 9.995261e-01 2.299169e+02
9.995557e-01 -1.464413e-03 2.976980e-02 -8.511885e+00 1.534879e-03 9.999961e-01 -2.344241e-03 -5.350900e+00 -2.976616e-02 2.388887e-03 9.995540e-01 2.309229e+02
9.995129e-01 1.353973e-03 -3.117818e-02 -8.450453e+00 -1.274692e-03 9.999959e-01 2.562462e-03 -5.375740e+00 3.118161e-02 -2.521476e-03 9.995105e-01 2.317955e+02
9.996076e-01 -1.326666e-03 2.797817e-02 -8.223298e+00 1.391278e-03 9.999964e-01 -2.289923e-03 -5.402026e+00 -2.797495e-02 2.327944e-03 9.996058e-01 2.324589e+02
9.995592e-01 1.232023e-03 -2.966231e-02 -8.116858e+00 -1.158198e-03 9.999962e-01 2.505782e-03 -5.427764e+00 2.966537e-02 -2.470328e-03 9.995568e-01 2.332963e+02
9.995790e-01 -1.374131e-03 2.898006e-02 -8.025994e+00 1.442165e-03 9.999963e-01 -2.326759e-03 -5.453444e+00 -2.897666e-02 2.367568e-03 9.995772e-01 2.341683e+02
9.995713e-01 1.191099e-03 -2.925164e-02 -7.971039e+00 -1.118395e-03 9.999962e-01 2.501585e-03 -5.480699e+00 2.925459e-02 -2.467803e-03 9.995689e-01 2.351625e+02
9.995746e-01 -1.378866e-03 2.913147e-02 -7.888545e+00 1.447350e-03 9.999962e-01 -2.329806e-03 -5.509487e+00 -2.912806e-02 2.370973e-03 9.995728e-01 2.361782e+02
9.995684e-01 1.219008e-03 -2.935066e-02 -7.741956e+00 -1.145918e-03 9.999962e-01 2.506812e-03 -5.539799e+00 2.935370e-02 -2.472102e-03 9.995660e-01 2.371553e+02
9.995706e-01 -1.396466e-03 2.926672e-02 -7.799498e+00 1.467519e-03 9.999960e-01 -2.406327e-03 -5.558880e+00 -2.926315e-02 2.448238e-03 9.995687e-01 2.380033e+02
9.993898e-01 1.496508e-03 -3.489557e-02 -7.859609e+00 -1.402568e-03 9.999953e-01 2.716260e-03 -5.573028e+00 3.489956e-02 -2.665665e-03 9.993872e-01 2.385979e+02
9.994805e-01 -1.372054e-03 3.220078e-02 -7.186208e+00 1.451514e-03 9.999960e-01 -2.444305e-03 -5.613181e+00 -3.219721e-02 2.489769e-03 9.994784e-01 2.391436e+02
9.995251e-01 1.404268e-03 -3.078152e-02 -6.182955e+00 -1.324361e-03 9.999957e-01 2.616053e-03 -5.663615e+00 3.078515e-02 -2.574050e-03 9.995226e-01 2.396476e+02
9.995378e-01 -1.344029e-03 3.036940e-02 -5.133135e+00 1.417308e-03 9.999961e-01 -2.391430e-03 -5.712775e+00 -3.036598e-02 2.433362e-03 9.995358e-01 2.400295e+02
9.994621e-01 1.513186e-03 -3.275866e-02 -4.032879e+00 -1.427693e-03 9.999955e-01 2.632907e-03 -5.763112e+00 3.276258e-02 -2.584727e-03 9.994597e-01 2.403677e+02
9.995372e-01 -1.395026e-03 3.038778e-02 -3.057460e+00 1.467647e-03 9.999961e-01 -2.367553e-03 -5.814937e+00 -3.038428e-02 2.411050e-03 9.995353e-01 2.409504e+02
9.993905e-01 1.584339e-03 -3.487088e-02 -1.970284e+00 -1.489597e-03 9.999951e-01 2.742650e-03 -5.873505e+00 3.487514e-02 -2.689040e-03 9.993880e-01 2.416307e+02
9.995571e-01 -1.292294e-03 2.972994e-02 -3.461917e-01 1.362819e-03 9.999963e-01 -2.351961e-03 -5.947965e+00 -2.972670e-02 2.391430e-03 9.995551e-01 2.421656e+02
9.993169e-01 1.748178e-03 -3.691501e-02 1.829987e+00 -1.644959e-03 9.999947e-01 2.826204e-03 -6.039669e+00 3.691984e-02 -2.763554e-03 9.993143e-01 2.425789e+02
9.995523e-01 -1.293699e-03 2.989139e-02 3.983954e+00 1.364944e-03 9.999963e-01 -2.363091e-03 -6.130902e+00 -2.988813e-02 2.402828e-03 9.995503e-01 2.430083e+02
9.993229e-01 1.709738e-03 -3.675340e-02 6.111731e+00 -1.606426e-03 9.999947e-01 2.840213e-03 -6.224600e+00 3.675814e-02 -2.779253e-03 9.993203e-01 2.435693e+02
9.995614e-01 -1.251953e-03 2.958782e-02 8.601451e+00 1.321469e-03 9.999964e-01 -2.329941e-03 -6.331075e+00 -2.958471e-02 2.368013e-03 9.995594e-01 2.441217e+02
9.993325e-01 1.728599e-03 -3.648969e-02 1.127635e+01 -1.626295e-03 9.999947e-01 2.833056e-03 -6.442986e+00 3.649447e-02 -2.771827e-03 9.993299e-01 2.446299e+02
9.995451e-01 -1.333952e-03 3.012813e-02 1.374940e+01 1.405009e-03 9.999963e-01 -2.337350e-03 -6.550697e+00 -3.012482e-02 2.378613e-03 9.995432e-01 2.452636e+02
9.993369e-01 1.715325e-03 -3.637124e-02 1.590479e+01 -1.614147e-03 9.999947e-01 2.810922e-03 -6.645914e+00 3.637595e-02 -2.750354e-03 9.993343e-01 2.458507e+02
9.995173e-01 -1.389471e-03 3.103523e-02 1.782711e+01 1.464175e-03 9.999961e-01 -2.384409e-03 -6.733707e+00 -3.103171e-02 2.428694e-03 9.995154e-01 2.464807e+02
9.993105e-01 1.740110e-03 -3.708676e-02 1.977542e+01 -1.635675e-03 9.999946e-01 2.846042e-03 -6.822176e+00 3.709160e-02 -2.783422e-03 9.993079e-01 2.470919e+02
9.995692e-01 -1.318446e-03 2.931848e-02 2.161005e+01 1.387075e-03 9.999963e-01 -2.320507e-03 -6.905268e+00 -2.931523e-02 2.360170e-03 9.995674e-01 2.476362e+02
9.993545e-01 1.738138e-03 -3.588098e-02 2.376662e+01 -1.639282e-03 9.999948e-01 2.784258e-03 -6.998238e+00 3.588572e-02 -2.723646e-03 9.993521e-01 2.481241e+02
9.995496e-01 -1.436477e-03 2.997490e-02 2.538338e+01 1.507531e-03 9.999961e-01 -2.347926e-03 -7.076968e+00 -2.997132e-02 2.392052e-03 9.995478e-01 2.488208e+02
9.992721e-01 1.852252e-03 -3.810285e-02 2.723269e+01 -1.742402e-03 9.999942e-01 2.915923e-03 -7.166049e+00 3.810812e-02 -2.847415e-03 9.992695e-01 2.495677e+02
9.995448e-01 -1.402890e-03 3.013716e-02 2.921201e+01 1.475126e-03 9.999961e-01 -2.374741e-03 -7.256349e+00 -3.013363e-02 2.418112e-03 9.995429e-01 2.501858e+02
9.993364e-01 1.774863e-03 -3.638113e-02 3.125240e+01 -1.672609e-03 9.999946e-01 2.840812e-03 -7.347767e+00 3.638605e-02 -2.778079e-03 9.993339e-01 2.507834e+02
9.995693e-01 -1.348048e-03 2.931317e-02 3.357055e+01 1.417013e-03 9.999963e-01 -2.331965e-03 -7.449720e+00 -2.930984e-02 2.372493e-03 9.995675e-01 2.513915e+02
9.993220e-01 1.827995e-03 -3.677058e-02 3.620250e+01 -1.723651e-03 9.999944e-01 2.869141e-03 -7.561658e+00 3.677570e-02 -2.803821e-03 9.993195e-01 2.519516e+02
9.995388e-01 -1.364038e-03 3.033468e-02 3.883819e+01 1.436760e-03 9.999961e-01 -2.375595e-03 -7.671682e+00 -3.033125e-02 2.418079e-03 9.995369e-01 2.524416e+02
9.992866e-01 1.885092e-03 -3.771967e-02 4.161261e+01 -1.776570e-03 9.999942e-01 2.910328e-03 -7.785146e+00 3.772501e-02 -2.841244e-03 9.992840e-01 2.528565e+02
9.995815e-01 -1.298340e-03 2.889942e-02 4.450436e+01 1.366270e-03 9.999964e-01 -2.330880e-03 -7.904169e+00 -2.889621e-02 2.369384e-03 9.995795e-01 2.533087e+02
9.993345e-01 1.799145e-03 -3.643103e-02 4.732345e+01 -1.695367e-03 9.999944e-01 2.879237e-03 -8.023346e+00 3.643608e-02 -2.815561e-03 9.993319e-01 2.538855e+02
9.995865e-01 -1.286051e-03 2.872575e-02 5.021893e+01 1.353217e-03 9.999964e-01 -2.318801e-03 -8.145228e+00 -2.872259e-02 2.356710e-03 9.995846e-01 2.544614e+02
9.993323e-01 1.807683e-03 -3.649291e-02 5.318608e+01 -1.703642e-03 9.999944e-01 2.881831e-03 -8.269897e+00 3.649799e-02 -2.817740e-03 9.993297e-01 2.550438e+02
9.995835e-01 -1.313345e-03 2.882871e-02 5.604022e+01 1.380837e-03 9.999964e-01 -2.321294e-03 -8.391544e+00 -2.882547e-02 2.360131e-03 9.995816e-01 2.556695e+02
9.993603e-01 1.761335e-03 -3.571856e-02 5.878773e+01 -1.660368e-03 9.999945e-01 2.856136e-03 -8.509218e+00 3.572347e-02 -2.795007e-03 9.993577e-01 2.562965e+02
9.996001e-01 -1.265826e-03 2.824896e-02 6.158645e+01 1.331712e-03 9.999964e-01 -2.313566e-03 -8.627402e+00 -2.824586e-02 2.350256e-03 9.995982e-01 2.568647e+02
9.993575e-01 1.754357e-03 -3.579899e-02 6.432516e+01 -1.653374e-03 9.999946e-01 2.850168e-03 -8.743497e+00 3.580387e-02 -2.789152e-03 9.993549e-01 2.574349e+02
9.996214e-01 -1.223929e-03 2.748598e-02 6.684904e+01 1.288145e-03 9.999965e-01 -2.318687e-03 -8.847102e+00 -2.748297e-02 2.353211e-03 9.996194e-01 2.578097e+02
9.993830e-01 1.728628e-03 -3.508096e-02 6.908651e+01 -1.632613e-03 9.999948e-01 2.765385e-03 -8.934192e+00 3.508564e-02 -2.706409e-03 9.993806e-01 2.579543e+02
9.996072e-01 -1.252869e-03 2.799841e-02 7.123626e+01 1.318614e-03 9.999964e-01 -2.329761e-03 -9.018730e+00 -2.799532e-02 2.365761e-03 9.996052e-01 2.581260e+02
9.993761e-01 1.747221e-03 -3.527514e-02 7.353242e+01 -1.649982e-03 9.999948e-01 2.785467e-03 -9.108503e+00 3.527990e-02 -2.725530e-03 9.993737e-01 2.582934e+02
9.995926e-01 -1.240784e-03 2.851503e-02 7.601339e+01 1.308243e-03 9.999964e-01 -2.347149e-03 -9.203475e+00 -2.851194e-02 2.383494e-03 9.995905e-01 2.584084e+02
9.993727e-01 1.720610e-03 -3.537160e-02 7.836034e+01 -1.623269e-03 9.999948e-01 2.780419e-03 -9.294511e+00 3.537628e-02 -2.721261e-03 9.993703e-01 2.585609e+02
