9.999979e-01 -2.061173e-04 -2.058048e-03 -5.711911e-02 2.064629e-04 1.000000e+00 1.677041e-04 -2.211085e-02 2.058013e-03 -1.681281e-04 9.999978e-01 9.575190e-01
9.999638e-01 3.037779e-04 -8.501374e-03 -8.834942e-02 -3.007462e-04 9.999999e-01 3.578797e-04 -4.450714e-02 8.501480e-03 -3.553095e-04 9.999637e-01 1.885854e+00
9.999980e-01 -3.922957e-04 1.940252e-03 -1.272230e-01 3.922348e-04 9.999999e-01 3.177107e-05 -6.884462e-02 -1.940266e-03 -3.100939e-05 9.999980e-01 2.885310e+00
9.993737e-01 1.338642e-03 -3.536117e-02 -1.761252e-01 -1.292558e-03 9.999983e-01 1.326086e-03 -8.455591e-02 3.536288e-02 -1.279549e-03 9.993736e-01 3.547040e+00
9.999912e-01 -5.076386e-04 4.161075e-03 -2.302076e-01 5.077845e-04 9.999999e-01 -3.398608e-05 -1.034999e-01 -4.161065e-03 3.609955e-05 9.999912e-01 4.345872e+00
9.997175e-01 8.990021e-04 -2.375079e-02 -2.902208e-01 -8.778720e-04 9.999992e-01 9.000676e-04 -1.248053e-01 2.375157e-02 -8.789623e-04 9.997174e-01 5.267838e+00
9.999429e-01 -6.861679e-04 1.066674e-02 -3.298481e-01 6.894294e-04 9.999997e-01 -3.020776e-04 -1.440823e-01 -1.066654e-02 3.094153e-04 9.999430e-01 6.065591e+00
9.998729e-01 5.884892e-04 -1.593358e-02 -3.600874e-01 -5.784488e-04 9.999996e-01 6.347372e-04 -1.682166e-01 1.593393e-02 -6.254387e-04 9.998728e-01 7.066185e+00
9.999983e-01 -3.977110e-04 1.775675e-03 -4.095367e-01 3.976735e-04 9.999999e-01 2.149346e-05 -1.905389e-01 -1.775697e-03 -2.078621e-05 9.999983e-01 7.995334e+00
9.999756e-01 2.886085e-04 -6.977598e-03 -4.495754e-01 -2.865325e-04 9.999999e-01 2.985056e-04 -2.134525e-01 6.977669e-03 -2.964979e-04 9.999755e-01 8.949212e+00
9.999677e-01 -6.140645e-04 8.012549e-03 -4.965981e-01 6.162803e-04 9.999998e-01 -2.740712e-04 -2.338843e-01 -8.012393e-03 2.790014e-04 9.999678e-01 9.833168e+00
9.999795e-01 2.767201e-04 -6.394929e-03 -5.556832e-01 -2.749619e-04 9.999999e-01 2.757964e-04 -2.525067e-01 6.394991e-03 -2.740313e-04 9.999794e-01 1.066212e+01
9.999908e-01 -4.850550e-04 4.265777e-03 -6.165621e-01 4.855553e-04 9.999999e-01 -1.162364e-04 -2.741496e-01 -4.265734e-03 1.183077e-04 9.999908e-01 1.160676e+01
9.999869e-01 1.921581e-04 -5.107589e-03 -6.781196e-01 -1.909927e-04 1.000000e+00 2.286468e-04 -2.992516e-01 5.107618e-03 -2.276672e-04 9.999868e-01 1.270844e+01
9.999709e-01 -9.127525e-06 -7.632807e-03 -7.383678e-01 1.176797e-05 9.999999e-01 3.458749e-04 -3.184207e-01 7.632788e-03 -3.459534e-04 9.999707e-01 1.351056e+01
9.999795e-01 -1.616415e-04 6.403416e-03 -7.505611e-01 1.631457e-04 1.000000e+00 -2.343634e-04 -3.349309e-01 -6.403393e-03 2.354045e-04 9.999794e-01 1.416257e+01
9.999652e-01 8.548710e-05 -8.341748e-03 -6.870938e-01 -8.277400e-05 9.999999e-01 3.255757e-04 -3.465843e-01 8.341760e-03 -3.248727e-04 9.999651e-01 1.449324e+01
9.999092e-01 6.396863e-04 -1.346051e-02 -7.639410e-01 -6.337163e-04 9.999997e-01 4.477760e-04 -3.458061e-01 1.346078e-02 -4.392039e-04 9.999092e-01 1.453122e+01
9.998996e-01 2.584905e-04 -1.416482e-02 -7.826510e-01 -2.503588e-04 9.999998e-01 5.758357e-04 -3.516749e-01 1.416495e-02 -5.722302e-04 9.998994e-01 1.473314e+01
9.998965e-01 5.858135e-04 -1.437650e-02 -7.890753e-01 -5.781764e-04 9.999997e-01 5.353534e-04 -3.660356e-01 1.437678e-02 -5.269843e-04 9.998964e-01 1.525425e+01
9.999616e-01 -5.508480e-04 8.749242e-03 -7.963199e-01 5.532824e-04 9.999998e-01 -2.757987e-04 -3.799511e-01 -8.749112e-03 2.806304e-04 9.999616e-01 1.579386e+01
9.999333e-01 4.609872e-04 -1.154102e-02 -8.106326e-01 -4.560213e-04 9.999998e-01 4.328993e-04 -3.944183e-01 1.154119e-02 -4.276059e-04 9.999332e-01 1.634685e+01
9.999974e-01 -2.957608e-04 2.263720e-03 -8.156634e-01 2.958500e-04 1.000000e+00 -3.895562e-05 -4.113596e-01 -2.263733e-03 3.962679e-05 9.999973e-01 1.698159e+01
9.999123e-01 5.390293e-04 -1.323145e-02 -8.042803e-01 -5.322872e-04 9.999997e-01 5.130561e-04 -4.278353e-01 1.323170e-02 -5.059666e-04 9.999122e-01 1.756219e+01
9.998915e-01 2.796741e-04 -1.472678e-02 -8.581970e-01 -2.715957e-04 9.999998e-01 5.505342e-04 -4.387281e-01 1.472690e-02 -5.464730e-04 9.998913e-01 1.801600e+01
9.999998e-01 -4.657488e-05 6.642253e-04 -9.179513e-01 4.653762e-05 1.000000e+00 5.654229e-05 -4.581909e-01 -6.642581e-04 -5.650962e-05 9.999997e-01 1.886682e+01
9.999959e-01 -1.922938e-04 -2.873596e-03 -9.596051e-01 1.926866e-04 1.000000e+00 1.363113e-04 -4.836479e-01 2.873540e-03 -1.368627e-04 9.999958e-01 1.994132e+01
9.999980e-01 -1.073606e-05 2.006958e-03 -9.321569e-01 1.077538e-05 1.000000e+00 -1.943351e-05 -5.037101e-01 -2.006988e-03 1.945687e-05 9.999979e-01 2.067870e+01
9.999985e-01 -1.899725e-04 -1.708780e-03 -1.362821e+00 1.900666e-04 1.000000e+00 5.468265e-05 -4.767377e-01 1.708739e-03 -5.500557e-05 9.999984e-01 2.030754e+01
9.999938e-01 -1.339502e-04 3.512909e-03 -2.235689e+00 1.339856e-04 1.000000e+00 -9.757868e-06 -4.117876e-01 -3.512938e-03 1.023028e-05 9.999937e-01 1.917390e+01
9.999983e-01 -2.011961e-04 -1.854859e-03 -3.282585e+00 2.013354e-04 1.000000e+00 7.479759e-05 -3.319753e-01 1.854814e-03 -7.516910e-05 9.999982e-01 1.773969e+01
9.999944e-01 -1.411698e-04 3.340186e-03 -4.289764e+00 1.412170e-04 1.000000e+00 -1.379532e-05 -2.511723e-01 -3.340214e-03 1.426875e-05 9.999943e-01 1.621826e+01
9.999944e-01 -5.357634e-05 -3.345001e-03 -4.668506e+00 5.378628e-05 1.000000e+00 6.258368e-05 -2.328010e-01 3.344968e-03 -6.276142e-05 9.999943e-01 1.608488e+01
9.999944e-01 -1.093452e-04 3.344701e-03 -5.441416e+00 1.092554e-04 1.000000e+00 2.713912e-05 -1.930108e-01 -3.344734e-03 -2.677170e-05 9.999943e-01 1.569561e+01
9.999948e-01 -9.239177e-05 -3.223176e-03 -6.170349e+00 9.258506e-05 1.000000e+00 5.972566e-05 -1.502050e-01 3.223141e-03 -6.002192e-05 9.999947e-01 1.514206e+01
9.999919e-01 -1.625298e-04 4.020806e-03 -7.055846e+00 1.624681e-04 1.000000e+00 1.573958e-05 -9.305595e-02 -4.020838e-03 -1.508434e-05 9.999918e-01 1.429308e+01
9.999960e-01 -1.323182e-04 -2.833910e-03 -8.140471e+00 1.325459e-04 1.000000e+00 8.006071e-05 -2.297295e-02 2.833869e-03 -8.043414e-05 9.999959e-01 1.324516e+01
9.999936e-01 -1.394510e-04 3.569364e-03 -9.110833e+00 1.394099e-04 1.000000e+00 1.184644e-05 4.431551e-02 -3.569395e-03 -1.134688e-05 9.999935e-01 1.214605e+01
9.999936e-01 -1.072174e-04 -3.587004e-03 -1.001388e+01 1.075191e-04 1.000000e+00 8.384897e-05 1.129623e-01 3.586966e-03 -8.423220e-05 9.999935e-01 1.090167e+01
9.999895e-01 -1.816129e-04 4.574507e-03 -1.100950e+01 1.816583e-04 1.000000e+00 -9.442542e-06 1.855809e-01 -4.574535e-03 1.027535e-05 9.999894e-01 9.651687e+00
9.999956e-01 -1.326422e-04 -2.961202e-03 -1.194204e+01 1.328600e-04 1.000000e+00 7.323710e-05 2.494468e-01 2.961162e-03 -7.362828e-05 9.999955e-01 8.633029e+00
9.999856e-01 -1.826354e-04 5.364793e-03 -1.272077e+01 1.829541e-04 1.000000e+00 -5.886231e-05 2.938588e-01 -5.364811e-03 5.984490e-05 9.999855e-01 8.113329e+00
9.999951e-01 -9.691580e-05 -3.116322e-03 -1.315305e+01 9.707980e-05 1.000000e+00 5.237665e-05 3.016648e-01 3.116288e-03 -5.267700e-05 9.999950e-01 8.467828e+00
9.999833e-01 -2.335313e-04 5.781677e-03 -1.362086e+01 2.339392e-04 1.000000e+00 -6.981653e-05 3.087169e-01 -5.781689e-03 7.116986e-05 9.999832e-01 8.898421e+00
9.999975e-01 -1.409023e-04 -2.247372e-03 -1.431129e+01 1.409545e-04 1.000000e+00 2.294023e-05 3.489922e-01 2.247340e-03 -2.325501e-05 9.999974e-01 8.418719e+00
9.999930e-01 -1.349950e-04 3.750454e-03 -1.476390e+01 1.350651e-04 1.000000e+00 -1.835745e-05 3.742516e-01 -3.750479e-03 1.886582e-05 9.999929e-01 8.150748e+00
9.999913e-01 -5.353960e-05 -4.173658e-03 -1.529162e+01 5.381007e-05 1.000000e+00 6.462003e-05 4.072834e-01 4.173627e-03 -6.484211e-05 9.999912e-01 7.690038e+00
9.999943e-01 -1.380098e-04 3.361576e-03 -1.611989e+01 1.379162e-04 1.000000e+00 2.816664e-05 4.616227e-01 -3.361608e-03 -2.770091e-05 9.999943e-01 6.848110e+00
9.999856e-01 2.795938e-05 -5.368338e-03 -1.674640e+01 -2.756120e-05 1.000000e+00 7.418946e-05 4.963834e-01 5.368312e-03 -7.403846e-05 9.999855e-01 6.425006e+00
9.999181e-01 5.191546e-04 -1.278859e-02 -1.692359e+01 -5.119669e-04 9.999997e-01 5.652866e-04 4.959837e-01 1.278885e-02 -5.586910e-04 9.999180e-01 6.651964e+00
9.998338e-01 4.417212e-04 -1.822799e-02 -1.699149e+01 -4.309735e-04 9.999997e-01 5.935324e-04 4.871996e-01 1.822822e-02 -5.855759e-04 9.998336e-01 7.033143e+00
9.998304e-01 7.183020e-04 -1.840470e-02 -1.701868e+01 -7.038609e-04 9.999994e-01 7.910876e-04 4.762859e-01 1.840522e-02 -7.779968e-04 9.998302e-01 7.438766e+00
9.997970e-01 4.794996e-04 -2.014124e-02 -1.704405e+01 -4.659795e-04 9.999997e-01 6.759279e-04 4.635195e-01 2.014152e-02 -6.664030e-04 9.997968e-01 7.923011e+00
9.997721e-01 8.111570e-04 -2.133248e-02 -1.711316e+01 -7.917903e-04 9.999993e-01 9.162564e-04 4.546897e-01 2.133317e-02 -8.991543e-04 9.997719e-01 8.300072e+00
9.995243e-01 8.621516e-04 -3.083009e-02 -1.718110e+01 -8.299918e-04 9.999991e-01 1.055891e-03 4.473699e-01 3.083092e-02 -1.029797e-03 9.995240e-01 8.636284e+00
9.998122e-01 7.193333e-04 -1.936772e-02 -1.723668e+01 -7.025749e-04 9.999994e-01 8.720228e-04 4.373427e-01 1.936828e-02 -8.582490e-04 9.998120e-01 9.041816e+00
9.994748e-01 9.809630e-04 -3.239044e-02 -1.728243e+01 -9.469325e-04 9.999990e-01 1.065931e-03 4.314618e-01 3.239140e-02 -1.034697e-03 9.994746e-01 9.285583e+00
9.997236e-01 8.635458e-04 -2.349434e-02 -1.733129e+01 -8.391325e-04 9.999991e-01 1.048910e-03 4.257232e-01 2.349516e-02 -1.028902e-03 9.997233e-01 9.515136e+00
9.995378e-01 8.589991e-04 -3.038681e-02 -1.738616e+01 -8.287870e-04 9.999991e-01 1.006796e-03 4.156428e-01 3.038758e-02 -9.811436e-04 9.995376e-01 9.931646e+00
9.996095e-01 1.014102e-03 -2.792507e-02 -1.747062e+01 -9.809084e-04 9.999988e-01 1.202287e-03 4.096106e-01 2.792619e-02 -1.174423e-03 9.996092e-01 1.022915e+01
9.994791e-01 9.690714e-04 -3.225856e-02 -1.754787e+01 -9.350758e-04 9.999990e-01 1.068875e-03 4.047107e-01 3.225949e-02 -1.038151e-03 9.994789e-01 1.046906e+01
9.996851e-01 9.195443e-04 -2.507586e-02 -1.759213e+01 -8.923778e-04 9.999990e-01 1.094483e-03 3.983712e-01 2.507676e-02 -1.071758e-03 9.996849e-01 1.072026e+01
9.994950e-01 9.775068e-04 -3.176226e-02 -1.761791e+01 -9.449908e-04 9.999990e-01 1.038675e-03 3.920424e-01 3.176316e-02 -1.008132e-03 9.994948e-01 1.094592e+01
9.997744e-01 7.617582e-04 -2.122379e-02 -1.765449e+01 -7.413898e-04 9.999993e-01 9.674620e-04 3.854455e-01 2.122443e-02 -9.515054e-04 9.997742e-01 1.118309e+01
9.993692e-01 1.164546e-03 -3.549250e-02 -1.767046e+01 -1.124061e-03 9.999987e-01 1.160550e-03 3.810290e-01 3.549372e-02 -1.119919e-03 9.993692e-01 1.132492e+01
9.999133e-01 4.605086e-04 -1.315803e-02 -1.764811e+01 -4.516807e-04 9.999997e-01 6.737210e-04 3.723473e-01 1.315825e-02 -6.677160e-04 9.999131e-01 1.156976e+01
9.992016e-01 1.328544e-03 -3.993027e-02 -1.766828e+01 -1.276477e-03 9.999983e-01 1.329349e-03 3.667398e-01 3.993188e-02 -1.277315e-03 9.992015e-01 1.175492e+01
9.999307e-01 4.279155e-04 -1.176583e-02 -1.769286e+01 -4.208257e-04 9.999997e-01 6.048466e-04 3.635660e-01 1.176599e-02 -5.998500e-04 9.999305e-01 1.186205e+01
9.994930e-01 1.058379e-03 -3.182142e-02 -1.770195e+01 -1.027139e-03 9.999990e-01 9.980038e-04 3.603420e-01 3.182235e-02 -9.648095e-04 9.994930e-01 1.195494e+01
9.999406e-01 3.971136e-04 -1.088724e-02 -1.770090e+01 -3.908171e-04 9.999998e-01 5.802275e-04 3.569776e-01 1.088737e-02 -5.759349e-04 9.999405e-01 1.203376e+01
9.998879e-01 4.650942e-04 -1.496464e-02 -1.778477e+01 -4.605574e-04 9.999998e-01 3.064460e-04 3.612283e-01 1.496468e-02 -2.995163e-04 9.998879e-01 1.197628e+01
9.999825e-01 -2.729742e-04 5.904314e-03 -1.784713e+01 2.727754e-04 1.000000e+00 3.492627e-05 3.543062e-01 -5.904420e-03 -3.331182e-05 9.999825e-01 1.232375e+01
9.998247e-01 5.212479e-04 -1.871494e-02 -1.785605e+01 -5.119214e-04 9.999997e-01 5.029911e-04 3.392336e-01 1.871510e-02 -4.933191e-04 9.998247e-01 1.289427e+01
9.999908e-01 -2.090565e-04 4.265893e-03 -1.789088e+01 2.086459e-04 1.000000e+00 9.732269e-05 3.250100e-01 -4.266011e-03 -9.642844e-05 9.999908e-01 1.347739e+01
9.998918e-01 -6.421581e-04 1.469253e-02 -1.786384e+01 6.549572e-04 9.999994e-01 -8.661501e-04 3.075128e-01 -1.469206e-02 8.756828e-04 9.998916e-01 1.414479e+01
9.999852e-01 -2.659161e-04 5.421489e-03 -1.786084e+01 2.657536e-04 1.000000e+00 3.117922e-05 2.895242e-01 -5.421594e-03 -2.973464e-05 9.999852e-01 1.487897e+01
9.999093e-01 -6.453114e-04 1.345290e-02 -1.788422e+01 6.559249e-04 9.999995e-01 -7.843492e-04 2.713040e-01 -1.345248e-02 7.931055e-04 9.999091e-01 1.566163e+01
9.998180e-01 -6.221990e-04 1.906593e-02 -1.788644e+01 6.335698e-04 9.999996e-01 -5.902242e-04 2.589360e-01 -1.906565e-02 6.021998e-04 9.998180e-01 1.619172e+01
9.999824e-01 -4.531696e-04 5.909980e-03 -1.788293e+01 4.558521e-04 9.999998e-01 -4.521347e-04 2.414784e-01 -5.909869e-03 4.548242e-04 9.999824e-01 1.690915e+01
9.999239e-01 -4.084111e-04 1.233017e-02 -1.790381e+01 4.119683e-04 9.999999e-01 -2.857588e-04 2.244284e-01 -1.233015e-02 2.908201e-04 9.999239e-01 1.763635e+01
9.999982e-01 -3.440464e-04 1.841121e-03 -1.791846e+01 3.445465e-04 9.999999e-01 -2.700026e-04 2.040478e-01 -1.841122e-03 2.706399e-04 9.999982e-01 1.848636e+01
9.999150e-01 -4.528430e-04 1.303030e-02 -1.794885e+01 4.569648e-04 9.999998e-01 -3.131627e-04 1.842744e-01 -1.303025e-02 3.190939e-04 9.999150e-01 1.933889e+01
9.999945e-01 -1.076454e-04 -3.313230e-03 -1.794000e+01 1.075004e-04 1.000000e+00 -4.463564e-05 1.660444e-01 3.313142e-03 4.428267e-05 9.999944e-01 2.005256e+01
9.999033e-01 -4.678132e-04 1.389518e-02 -1.791676e+01 4.725778e-04 9.999998e-01 -3.394457e-04 1.470939e-01 -1.389511e-02 3.459829e-04 9.999033e-01 2.077113e+01
9.999996e-01 -2.770323e-04 7.636918e-04 -1.790899e+01 2.772180e-04 9.999999e-01 -2.400607e-04 1.270986e-01 -7.637171e-04 2.402758e-04 9.999996e-01 2.156673e+01
9.999920e-01 -1.508140e-04 3.989798e-03 -1.792263e+01 1.503836e-04 1.000000e+00 1.087710e-04 1.070125e-01 -3.989906e-03 -1.081666e-04 9.999920e-01 2.238751e+01
9.999853e-01 -5.733579e-05 -5.421098e-03 -1.795303e+01 5.759445e-05 1.000000e+00 4.713148e-05 8.646559e-02 5.421004e-03 -4.743950e-05 9.999852e-01 2.324310e+01
9.999990e-01 6.295328e-05 -1.422907e-03 -1.799541e+01 -6.250918e-05 9.999999e-01 3.105105e-04 6.854170e-02 1.422835e-03 -3.104178e-04 9.999989e-01 2.398559e+01
9.998601e-01 3.144929e-04 -1.672303e-02 -1.807306e+01 -3.067690e-04 9.999998e-01 4.642984e-04 5.172663e-02 1.672309e-02 -4.590998e-04 9.998600e-01 2.472941e+01
9.999126e-01 4.822801e-04 -1.320648e-02 -1.815024e+01 -4.724087e-04 9.999996e-01 7.503977e-04 3.778190e-02 1.320674e-02 -7.440898e-04 9.999124e-01 2.534396e+01
9.998684e-01 3.675883e-04 -1.621702e-02 -1.822904e+01 -3.610820e-04 9.999999e-01 4.039683e-04 2.823337e-02 1.621707e-02 -3.980559e-04 9.998683e-01 2.578380e+01
9.999550e-01 -3.541427e-04 9.477142e-03 -1.828714e+01 3.548510e-04 9.999999e-01 -7.277538e-05 1.350294e-02 -9.477211e-03 7.613863e-05 9.999550e-01 2.643736e+01
9.998482e-01 3.930762e-04 -1.741799e-02 -1.836550e+01 -3.852722e-04 9.999998e-01 4.512485e-04 -2.741896e-03 1.741807e-02 -4.444658e-04 9.998481e-01 2.716651e+01
9.999866e-01 -1.898877e-04 5.159488e-03 -1.842675e+01 1.894243e-04 1.000000e+00 9.081296e-05 -1.873398e-02 -5.159601e-03 -8.983084e-05 9.999866e-01 2.786194e+01
9.999147e-01 2.166914e-04 -1.305617e-02 -1.848319e+01 -2.127394e-04 9.999999e-01 3.038752e-04 -3.711939e-02 1.305614e-02 -3.010681e-04 9.999147e-01 2.865153e+01
9.999339e-01 -4.353892e-04 1.148854e-02 -1.854753e+01 4.372479e-04 9.999999e-01 -1.590355e-04 -5.783474e-02 -1.148856e-02 1.640519e-04 9.999339e-01 2.957117e+01
9.999356e-01 1.669389e-04 -1.134692e-02 -1.860730e+01 -1.644471e-04 1.000000e+00 2.202931e-04 -7.760573e-02 1.134687e-02 -2.184093e-04 9.999355e-01 3.045426e+01
9.999319e-01 -4.487576e-04 1.165808e-02 -1.865960e+01 4.506434e-04 9.999999e-01 -1.588934e-04 -9.888248e-02 -1.165810e-02 1.641399e-04 9.999320e-01 3.138735e+01
9.999353e-01 1.455952e-04 -1.137426e-02 -1.871999e+01 -1.430049e-04 1.000000e+00 2.283031e-04 -1.217846e-01 1.137420e-02 -2.266581e-04 9.999352e-01 3.240236e+01
9.999321e-01 -4.735107e-04 1.163677e-02 -1.878724e+01 4.752376e-04 9.999999e-01 -1.453990e-04 -1.474118e-01 -1.163680e-02 1.509230e-04 9.999322e-01 3.354535e+01
9.999414e-01 1.445191e-04 -1.082567e-02 -1.883842e+01 -1.422211e-04 1.000000e+00 2.127869e-04 -1.720715e-01 1.082560e-02 -2.112311e-04 9.999413e-01 3.462057e+01
9.999372e-01 -4.817377e-04 1.119515e-02 -1.891428e+01 4.832958e-04 9.999999e-01 -1.362153e-04 -1.979291e-01 -1.119518e-02 1.416210e-04 9.999373e-01 3.578864e+01
9.999461e-01 1.392738e-04 -1.038179e-02 -1.897260e+01 -1.371164e-04 1.000000e+00 2.082568e-04 -2.234752e-01 1.038172e-02 -2.068183e-04 9.999460e-01 3.691411e+01
9.999323e-01 -4.954212e-04 1.162607e-02 -1.901957e+01 4.973076e-04 9.999999e-01 -1.591226e-04 -2.485597e-01 -1.162609e-02 1.648973e-04 9.999323e-01 3.799956e+01
9.999429e-01 1.400522e-04 -1.068270e-02 -1.906313e+01 -1.375776e-04 1.000000e+00 2.321204e-04 -2.752189e-01 1.068264e-02 -2.306337e-04 9.999428e-01 3.914330e+01
9.999386e-01 -4.761553e-04 1.106918e-02 -1.911232e+01 4.777828e-04 9.999999e-01 -1.441317e-04 -3.019855e-01 -1.106921e-02 1.494153e-04 9.999387e-01 4.030162e+01
9.999461e-01 1.237538e-04 -1.037418e-02 -1.917234e+01 -1.214391e-04 1.000000e+00 2.234775e-04 -3.290102e-01 1.037411e-02 -2.222018e-04 9.999461e-01 4.149088e+01
9.999222e-01 -5.320720e-04 1.245557e-02 -1.922964e+01 5.346536e-04 9.999998e-01 -2.036997e-04 -3.541758e-01 -1.245555e-02 2.103472e-04 9.999223e-01 4.259816e+01
9.999683e-01 4.347670e-05 -7.960655e-03 -1.927508e+01 -4.244707e-05 1.000000e+00 1.291496e-04 -3.786646e-01 7.960565e-03 -1.288037e-04 9.999682e-01 4.365996e+01
9.999569e-01 -4.001056e-04 9.276571e-03 -1.930657e+01 4.008264e-04 9.999999e-01 -7.552889e-05 -4.038585e-01 -9.276635e-03 7.924784e-05 9.999569e-01 4.472181e+01
9.999693e-01 3.211340e-05 -7.833096e-03 -1.933287e+01 -3.110540e-05 1.000000e+00 1.284385e-04 -4.304545e-01 7.833005e-03 -1.281870e-04 9.999692e-01 4.583452e+01
9.999652e-01 -3.781253e-04 8.328326e-03 -1.936594e+01 3.784213e-04 9.999999e-01 -3.360969e-05 -4.584858e-01 -8.328409e-03 3.676409e-05 9.999653e-01 4.701745e+01
9.999759e-01 7.516180e-06 -6.936262e-03 -1.941185e+01 -6.928679e-06 1.000000e+00 8.430340e-05 -4.843217e-01 6.936167e-03 -8.424933e-05 9.999759e-01 4.813324e+01
9.999179e-01 -5.470294e-04 1.279979e-02 -1.945100e+01 5.497325e-04 9.999998e-01 -2.074287e-04 -5.104373e-01 -1.279977e-02 2.144521e-04 9.999180e-01 4.925240e+01
9.999378e-01 1.660737e-04 -1.114628e-02 -1.948041e+01 -1.632306e-04 1.000000e+00 2.557133e-04 -5.370674e-01 1.114622e-02 -2.538740e-04 9.999378e-01 5.037088e+01
9.999144e-01 -5.800198e-04 1.306971e-02 -1.952468e+01 5.828620e-04 9.999998e-01 -2.134259e-04 -5.646623e-01 -1.306968e-02 2.210295e-04 9.999145e-01 5.155610e+01
9.999436e-01 1.562271e-04 -1.061538e-02 -1.958084e+01 -1.538486e-04 1.000000e+00 2.246009e-04 -5.903426e-01 1.061532e-02 -2.229510e-04 9.999436e-01 5.268538e+01
9.999322e-01 -5.199059e-04 1.162885e-02 -1.962686e+01 5.217739e-04 9.999999e-01 -1.573387e-04 -6.172578e-01 -1.162886e-02 1.633998e-04 9.999323e-01 5.384415e+01
9.999620e-01 5.048788e-05 -8.716124e-03 -1.969187e+01 -4.911394e-05 1.000000e+00 1.575048e-04 -6.441111e-01 8.716037e-03 -1.570666e-04 9.999619e-01 5.503647e+01
9.999517e-01 -4.123025e-04 9.816299e-03 -1.974135e+01 4.133134e-04 9.999999e-01 -1.006534e-04 -6.699603e-01 -9.816351e-03 1.047099e-04 9.999517e-01 5.615599e+01
9.999784e-01 -4.790095e-05 -6.565434e-03 -1.978372e+01 4.847446e-05 1.000000e+00 8.673827e-05 -6.959307e-01 6.565335e-03 -8.705048e-05 9.999784e-01 5.727137e+01
9.999356e-01 -4.639215e-04 1.134021e-02 -1.982389e+01 4.657326e-04 9.999999e-01 -1.567954e-04 -7.227994e-01 -1.134023e-02 1.620710e-04 9.999356e-01 5.842273e+01
9.999474e-01 9.770033e-05 -1.025516e-02 -1.987712e+01 -9.540580e-05 1.000000e+00 2.239397e-04 -7.499430e-01 1.025509e-02 -2.229453e-04 9.999473e-01 5.960602e+01
9.999445e-01 -4.494330e-04 1.052482e-02 -1.993846e+01 4.508332e-04 9.999999e-01 -1.303713e-04 -7.778200e-01 -1.052486e-02 1.351132e-04 9.999445e-01 6.083181e+01
9.999542e-01 7.321125e-05 -9.565917e-03 -1.998567e+01 -7.111889e-05 1.000000e+00 2.187534e-04 -8.071172e-01 9.565838e-03 -2.180588e-04 9.999542e-01 6.209518e+01
9.999332e-01 -4.919808e-04 1.154081e-02 -2.001688e+01 4.940252e-04 9.999999e-01 -1.740269e-04 -8.365127e-01 -1.154082e-02 1.797211e-04 9.999333e-01 6.333556e+01
9.999428e-01 1.167858e-04 -1.068810e-02 -2.006573e+01 -1.139889e-04 1.000000e+00 2.620084e-04 -8.657719e-01 1.068803e-02 -2.607708e-04 9.999428e-01 6.459862e+01
9.999322e-01 -4.839147e-04 1.163373e-02 -2.011762e+01 4.861395e-04 9.999999e-01 -1.881354e-04 -8.936468e-01 -1.163374e-02 1.937826e-04 9.999322e-01 6.580957e+01
9.999566e-01 4.850481e-05 -9.314063e-03 -2.015205e+01 -4.637168e-05 1.000000e+00 2.289071e-04 -9.224282e-01 9.313980e-03 -2.284609e-04 9.999565e-01 6.702815e+01
9.999405e-01 -4.676925e-04 1.089405e-02 -2.018099e+01 4.694527e-04 9.999999e-01 -1.587285e-04 -9.536919e-01 -1.089407e-02 1.638377e-04 9.999406e-01 6.834178e+01
9.999491e-01 8.690222e-05 -1.008456e-02 -2.020410e+01 -8.419979e-05 1.000000e+00 2.680930e-04 -9.849003e-01 1.008449e-02 -2.672258e-04 9.999490e-01 6.964139e+01
9.999217e-01 -5.189019e-04 1.249713e-02 -2.020055e+01 5.215702e-04 9.999998e-01 -2.099959e-04 -1.017253e+00 -1.249711e-02 2.165021e-04 9.999218e-01 7.094328e+01
9.999988e-01 -1.619982e-04 -1.500389e-03 -2.018152e+01 1.618356e-04 1.000000e+00 -1.106117e-04 -1.047577e+00 1.500313e-03 1.103732e-04 9.999988e-01 7.214284e+01
9.998797e-01 -6.306049e-04 1.549862e-02 -2.015794e+01 6.358722e-04 9.999997e-01 -3.347225e-04 -1.079355e+00 -1.549849e-02 3.445419e-04 9.998798e-01 7.339891e+01
9.999905e-01 -5.672220e-05 -4.341148e-03 -2.013630e+01 5.676272e-05 1.000000e+00 8.501159e-06 -1.109978e+00 4.341055e-03 -8.742955e-06 9.999905e-01 7.460865e+01
9.999163e-01 -5.637105e-04 1.291976e-02 -2.013390e+01 5.665818e-04 9.999998e-01 -2.183354e-04 -1.140697e+00 -1.291973e-02 2.256418e-04 9.999164e-01 7.585195e+01
9.999824e-01 -8.234015e-06 -5.927259e-03 -2.012946e+01 8.737833e-06 1.000000e+00 8.445797e-05 -1.172095e+00 5.927166e-03 -8.450369e-05 9.999824e-01 7.711849e+01
9.999400e-01 -5.377218e-04 1.093745e-02 -2.014381e+01 5.391477e-04 9.999998e-01 -1.271346e-04 -1.204882e+00 -1.093747e-02 1.330285e-04 9.999401e-01 7.847357e+01
9.999905e-01 -6.989743e-06 -4.348741e-03 -2.011908e+01 7.059085e-06 1.000000e+00 1.522492e-05 -1.236844e+00 4.348649e-03 -1.525083e-05 9.999905e-01 7.972744e+01
9.999822e-01 -4.090989e-04 5.942766e-03 -2.012842e+01 4.086995e-04 9.999999e-01 6.893620e-05 -1.269464e+00 -5.942886e-03 -6.650149e-05 9.999823e-01 8.106489e+01
9.999887e-01 7.217585e-06 -4.752537e-03 -2.014951e+01 -7.089070e-06 1.000000e+00 2.640803e-05 -1.301351e+00 4.752446e-03 -2.636934e-05 9.999886e-01 8.238940e+01
9.999765e-01 -4.393982e-04 6.835414e-03 -2.018523e+01 4.393071e-04 9.999999e-01 1.528269e-05 -1.330833e+00 -6.835511e-03 -1.227475e-05 9.999766e-01 8.364151e+01
9.999915e-01 -1.967388e-05 -4.115523e-03 -2.021075e+01 1.975009e-05 1.000000e+00 1.772236e-05 -1.361732e+00 4.115431e-03 -1.779874e-05 9.999915e-01 8.493494e+01
9.999500e-01 -5.822049e-04 9.983490e-03 -2.024995e+01 5.832748e-04 9.999998e-01 -1.039370e-04 -1.393680e+00 -9.983519e-03 1.097597e-04 9.999501e-01 8.629919e+01
9.999819e-01 1.160760e-05 -6.009418e-03 -2.029708e+01 -1.096785e-05 1.000000e+00 1.059734e-04 -1.428595e+00 6.009328e-03 -1.059007e-04 9.999819e-01 8.779960e+01
9.999690e-01 -4.701393e-04 7.855602e-03 -2.035125e+01 4.704598e-04 9.999999e-01 -3.853976e-05 -1.461285e+00 -7.855674e-03 4.223916e-05 9.999691e-01 8.921725e+01
9.999764e-01 6.804065e-05 -6.864229e-03 -2.039898e+01 -6.713557e-05 1.000000e+00 1.316280e-04 -1.492842e+00 6.864147e-03 -1.311592e-04 9.999764e-01 9.057500e+01
9.999696e-01 -4.725271e-04 7.784873e-03 -2.045075e+01 4.728698e-04 9.999999e-01 -4.176557e-05 -1.524536e+00 -7.784943e-03 4.545043e-05 9.999696e-01 9.194446e+01
9.999763e-01 5.553627e-05 -6.880945e-03 -2.048757e+01 -5.451970e-05 1.000000e+00 1.474649e-04 -1.557933e+00 6.880863e-03 -1.470813e-04 9.999762e-01 9.335839e+01
9.999710e-01 -4.581416e-04 7.603336e-03 -2.052072e+01 4.584255e-04 9.999999e-01 -3.516991e-05 -1.591214e+00 -7.603410e-03 3.865941e-05 9.999710e-01 9.476163e+01
9.999761e-01 6.337951e-05 -6.913952e-03 -2.058204e+01 -6.246199e-05 1.000000e+00 1.324595e-04 -1.622457e+00 6.913870e-03 -1.320195e-04 9.999760e-01 9.612980e+01
9.999716e-01 -4.612611e-04 7.512427e-03 -2.064643e+01 4.615295e-04 9.999999e-01 -3.357118e-05 -1.654068e+00 -7.512501e-03 3.704244e-05 9.999717e-01 9.751823e+01
9.999751e-01 9.010400e-05 -7.047116e-03 -2.072322e+01 -8.924587e-05 1.000000e+00 1.216280e-04 -1.683091e+00 7.047037e-03 -1.209910e-04 9.999751e-01 9.881985e+01
9.999689e-01 -4.537456e-04 7.866068e-03 -2.080504e+01 4.542800e-04 9.999999e-01 -6.573978e-05 -1.709301e+00 -7.866128e-03 6.931619e-05 9.999690e-01 1.000123e+02
9.999736e-01 1.238939e-04 -7.256935e-03 -2.086301e+01 -1.229507e-04 1.000000e+00 1.299805e-04 -1.733715e+00 7.256861e-03 -1.290797e-04 9.999736e-01 1.010862e+02
9.999640e-01 -4.635109e-04 8.464362e-03 -2.093067e+01 4.644425e-04 9.999999e-01 -1.076998e-04 -1.755419e+00 -8.464401e-03 1.116322e-04 9.999641e-01 1.020656e+02
9.999711e-01 1.136189e-04 -7.599499e-03 -2.100504e+01 -1.123852e-04 1.000000e+00 1.623335e-04 -1.780449e+00 7.599427e-03 -1.614697e-04 9.999710e-01 1.031956e+02
9.999602e-01 -4.689469e-04 8.906029e-03 -2.105690e+01 4.700886e-04 9.999999e-01 -1.257258e-04 -1.804225e+00 -8.906059e-03 1.299126e-04 9.999603e-01 1.042330e+02
9.999755e-01 1.031210e-04 -7.000211e-03 -2.110773e+01 -1.022357e-04 1.000000e+00 1.263555e-04 -1.826221e+00 7.000134e-03 -1.256316e-04 9.999754e-01 1.051957e+02
9.999672e-01 -4.460366e-04 8.088518e-03 -2.117774e+01 4.468025e-04 9.999999e-01 -9.247035e-05 -1.849211e+00 -8.088566e-03 9.608646e-05 9.999672e-01 1.062328e+02
9.999729e-01 1.347764e-04 -7.360557e-03 -2.127535e+01 -1.338545e-04 1.000000e+00 1.252866e-04 -1.869166e+00 7.360484e-03 -1.242928e-04 9.999728e-01 1.071878e+02
9.999678e-01 -4.623654e-04 8.013592e-03 -2.136888e+01 4.630285e-04 9.999999e-01 -8.048218e-05 -1.891964e+00 -8.013644e-03 8.419531e-05 9.999678e-01 1.082572e+02
9.999787e-01 9.598543e-05 -6.527853e-03 -2.146479e+01 -9.536158e-05 1.000000e+00 9.537216e-05 -1.914158e+00 6.527772e-03 -9.474240e-05 9.999786e-01 1.093063e+02
9.999737e-01 -3.810409e-04 7.234665e-03 -2.168088e+01 3.815180e-04 9.999999e-01 -6.409709e-05 -1.925194e+00 -7.234731e-03 6.686080e-05 9.999738e-01 1.100718e+02
9.999794e-01 1.028483e-04 -6.406681e-03 -2.187498e+01 -1.022893e-04 1.000000e+00 8.707062e-05 -1.934254e+00 6.406600e-03 -8.640823e-05 9.999794e-01 1.107144e+02
9.999645e-01 -4.849255e-04 8.408160e-03 -2.194792e+01 4.858311e-04 9.999999e-01 -1.052550e-04 -1.955111e+00 -8.408198e-03 1.093415e-04 9.999646e-01 1.116661e+02
9.999837e-01 5.090508e-05 -5.701951e-03 -2.201780e+01 -5.043530e-05 1.000000e+00 8.194904e-05 -1.977815e+00 5.701865e-03 -8.165482e-05 9.999837e-01 1.126895e+02
9.999720e-01 -4.455310e-04 7.464749e-03 -2.209087e+01 4.461167e-04 9.999999e-01 -7.635189e-05 -2.001359e+00 -7.464804e-03 7.968523e-05 9.999721e-01 1.137526e+02
9.999878e-01 1.691956e-07 -4.928322e-03 -2.217189e+01 1.498385e-07 1.000000e+00 6.405572e-05 -2.025939e+00 4.928232e-03 -6.405034e-05 9.999878e-01 1.148746e+02
9.999687e-01 -4.132804e-04 7.901174e-03 -2.224821e+01 4.141961e-04 9.999999e-01 -1.138283e-04 -2.045213e+00 -7.901216e-03 1.171027e-04 9.999687e-01 1.157662e+02
9.999946e-01 -5.871168e-05 -3.291089e-03 -2.235010e+01 5.869463e-05 1.000000e+00 -6.294342e-06 -2.061726e+00 3.291000e-03 6.106526e-06 9.999945e-01 1.165861e+02
9.998850e-01 -6.391384e-04 1.515227e-02 -2.237941e+01 6.455789e-04 9.999997e-01 -4.199395e-04 -2.083106e+00 -1.515209e-02 4.296786e-04 9.998850e-01 1.174981e+02
9.999663e-01 8.980169e-05 -8.211336e-03 -2.242448e+01 -8.810186e-05 1.000000e+00 2.069725e-04 -2.104838e+00 8.211266e-03 -2.062366e-04 9.999662e-01 1.184487e+02
9.999385e-01 -5.265278e-04 1.107398e-02 -2.249365e+01 5.291600e-04 9.999998e-01 -2.344581e-04 -2.128268e+00 -1.107394e-02 2.403091e-04 9.999386e-01 1.195037e+02
9.999600e-01 9.713002e-05 -8.936903e-03 -2.257070e+01 -9.493113e-05 1.000000e+00 2.461019e-04 -2.154239e+00 8.936838e-03 -2.452382e-04 9.999600e-01 1.206771e+02
9.999474e-01 -4.880936e-04 1.024368e-02 -2.264127e+01 4.902477e-04 9.999999e-01 -2.074439e-04 -2.180515e+00 -1.024366e-02 2.124605e-04 9.999474e-01 1.218499e+02
9.999646e-01 8.145279e-05 -8.414394e-03 -2.272004e+01 -7.957234e-05 1.000000e+00 2.234224e-04 -2.205236e+00 8.414323e-03 -2.227394e-04 9.999645e-01 1.229739e+02
9.998580e-01 -7.155501e-04 1.683418e-02 -2.280747e+01 7.240542e-04 9.999996e-01 -4.988785e-04 -2.225735e+00 -1.683391e-02 5.110020e-04 9.998581e-01 1.239468e+02
9.999509e-01 1.198506e-04 -9.905303e-03 -2.288616e+01 -1.166999e-04 9.999999e-01 3.183344e-04 -2.248706e+00 9.905253e-03 -3.171572e-04 9.999508e-01 1.250041e+02
9.998676e-01 -7.075844e-04 1.625755e-02 -2.296788e+01 7.154213e-04 9.999996e-01 -4.760305e-04 -2.272559e+00 -1.625729e-02 4.876041e-04 9.998676e-01 1.261022e+02
9.999369e-01 1.609752e-04 -1.123216e-02 -2.304683e+01 -1.567224e-04 9.999999e-01 3.792175e-04 -2.297602e+00 1.123213e-02 -3.774276e-04 9.999368e-01 1.272438e+02
9.997513e-01 -8.973802e-04 2.228282e-02 -2.311512e+01 9.146952e-04 9.999993e-01 -7.667251e-04 -2.320620e+00 -2.228220e-02 7.869221e-04 9.997513e-01 1.282954e+02
9.998788e-01 3.326927e-04 -1.556048e-02 -2.318676e+01 -3.236588e-04 9.999998e-01 5.828752e-04 -2.342205e+00 1.556059e-02 -5.777627e-04 9.998787e-01 1.292845e+02
9.997614e-01 -8.769651e-04 2.182288e-02 -2.325189e+01 8.935543e-04 9.999993e-01 -7.502815e-04 -2.364477e+00 -2.182229e-02 7.696082e-04 9.997615e-01 1.302884e+02
9.999116e-01 2.537171e-04 -1.328866e-02 -2.331058e+01 -2.471963e-04 9.999998e-01 4.921049e-04 -2.386731e+00 1.328870e-02 -4.887709e-04 9.999115e-01 1.312859e+02
9.995505e-01 -1.087642e-03 2.995964e-02 -2.333154e+01 1.122048e-03 9.999987e-01 -1.131511e-03 -2.406946e+00 -2.995845e-02 1.164625e-03 9.995504e-01 1.321458e+02
9.998502e-01 3.688000e-04 -1.730202e-02 -2.336930e+01 -3.570305e-04 9.999997e-01 6.831512e-04 -2.427816e+00 1.730218e-02 -6.768658e-04 9.998500e-01 1.330555e+02
9.996403e-01 -9.886002e-04 2.679863e-02 -2.340807e+01 1.015825e-03 9.999990e-01 -1.002178e-03 -2.448328e+00 -2.679770e-02 1.029046e-03 9.996403e-01 1.339473e+02
9.998750e-01 3.335046e-04 -1.580385e-02 -2.343981e+01 -3.236535e-04 9.999998e-01 6.256973e-04 -2.468336e+00 1.580397e-02 -6.204984e-04 9.998748e-01 1.348079e+02
9.994666e-01 -1.196895e-03 3.263395e-02 -2.351279e+01 1.238982e-03 9.999984e-01 -1.269379e-03 -2.484624e+00 -3.263246e-02 1.309140e-03 9.994665e-01 1.355941e+02
9.998624e-01 3.545367e-04 -1.658114e-02 -2.363935e+01 -3.435681e-04 9.999997e-01 6.641866e-04 -2.497696e+00 1.658129e-02 -6.583927e-04 9.998622e-01 1.363361e+02
9.994921e-01 -1.160309e-03 3.184585e-02 -2.371662e+01 1.200270e-03 9.999985e-01 -1.235654e-03 -2.514275e+00 -3.184445e-02 1.273256e-03 9.994919e-01 1.371408e+02
9.997816e-01 5.270350e-04 -2.088926e-02 -2.373902e+01 -5.091651e-04 9.999995e-01 8.606377e-04 -2.534997e+00 2.088962e-02 -8.498079e-04 9.997813e-01 1.380177e+02
9.995598e-01 -1.102099e-03 2.964808e-02 -2.378214e+01 1.136558e-03 9.999987e-01 -1.145356e-03 -2.555480e+00 -2.964686e-02 1.178554e-03 9.995597e-01 1.389174e+02
9.997757e-01 5.027142e-04 -2.117111e-02 -2.389388e+01 -4.842028e-04 9.999995e-01 8.793597e-04 -2.572265e+00 2.117146e-02 -8.689055e-04 9.997754e-01 1.397756e+02
9.992972e-01 -1.332202e-03 3.746062e-02 -2.404904e+01 1.389031e-03 9.999979e-01 -1.490963e-03 -2.582582e+00 -3.745863e-02 1.541955e-03 9.992969e-01 1.404547e+02
9.998412e-01 4.062726e-04 -1.781495e-02 -2.410989e+01 -3.930629e-04 9.999996e-01 7.448443e-04 -2.598236e+00 1.781517e-02 -7.377179e-04 9.998409e-01 1.412054e+02
9.992204e-01 -1.357652e-03 3.945584e-02 -2.419677e+01 1.421892e-03 9.999977e-01 -1.600050e-03 -2.608663e+00 -3.945365e-02 1.654910e-03 9.992199e-01 1.417870e+02
9.997902e-01 4.851701e-04 -2.047543e-02 -2.435491e+01 -4.675447e-04 9.999995e-01 8.654679e-04 -2.616329e+00 2.047576e-02 -8.557074e-04 9.997899e-01 1.423645e+02
9.991425e-01 -1.458324e-03 4.137678e-02 -2.440567e+01 1.528282e-03 9.999975e-01 -1.659102e-03 -2.634897e+00 -4.137433e-02 1.720920e-03 9.991422e-01 1.432202e+02
9.998945e-01 3.135437e-04 -1.452278e-02 -2.441707e+01 -3.050160e-04 9.999998e-01 5.892489e-04 -2.651855e+00 1.452289e-02 -5.847513e-04 9.998943e-01 1.439574e+02
9.990123e-01 -1.465975e-03 4.441097e-02 -2.452025e+01 1.548354e-03 9.999971e-01 -1.820534e-03 -2.655460e+00 -4.440825e-02 1.887505e-03 9.990116e-01 1.443091e+02
9.999415e-01 1.861004e-04 -1.081755e-02 -2.459152e+01 -1.815180e-04 9.999999e-01 4.243910e-04 -2.661157e+00 1.081756e-02 -4.223969e-04 9.999413e-01 1.447004e+02
9.991417e-01 -1.357741e-03 4.140162e-02 -2.465101e+01 1.429174e-03 9.999975e-01 -1.695764e-03 -2.668469e+00 -4.139928e-02 1.753484e-03 9.991411e-01 1.451313e+02
9.999719e-01 2.690787e-05 -7.492030e-03 -2.463559e+01 -2.458466e-05 1.000000e+00 3.099347e-04 -2.685509e+00 7.491978e-03 -3.097362e-04 9.999718e-01 1.458403e+02
9.992576e-01 -1.285843e-03 3.850493e-02 -2.460187e+01 1.347485e-03 9.999979e-01 -1.574917e-03 -2.705811e+00 -3.850288e-02 1.625638e-03 9.992571e-01 1.466457e+02
9.999976e-01 -1.003510e-04 -2.175996e-03 -2.459432e+01 1.005018e-04 1.000000e+00 6.840412e-05 -2.717208e+00 2.175935e-03 -6.861717e-05 9.999975e-01 1.471454e+02
9.993426e-01 -1.226409e-03 3.623447e-02 -2.459741e+01 1.281461e-03 9.999981e-01 -1.496095e-03 -2.730366e+00 -3.623262e-02 1.541550e-03 9.993421e-01 1.477281e+02
9.999760e-01 7.323882e-05 -6.920331e-03 -2.463709e+01 -7.128247e-05 1.000000e+00 2.827407e-04 -2.738366e+00 6.920303e-03 -2.822353e-04 9.999759e-01 1.481576e+02
9.993369e-01 -1.191632e-03 3.639003e-02 -2.466572e+01 1.247046e-03 9.999981e-01 -1.500080e-03 -2.745575e+00 -3.638822e-02 1.544470e-03 9.993364e-01 1.485343e+02
9.999869e-01 5.469234e-06 -5.123758e-03 -2.460295e+01 -4.466741e-06 1.000000e+00 1.954334e-04 -2.760227e+00 5.123716e-03 -1.954028e-04 9.999868e-01 1.490632e+02
9.996061e-01 -9.386778e-04 2.804809e-02 -2.454212e+01 9.707632e-04 9.999989e-01 -1.130305e-03 -2.779269e+00 -2.804704e-02 1.157093e-03 9.996058e-01 1.497536e+02
9.999976e-01 -7.208366e-05 -2.184220e-03 -2.450051e+01 7.221983e-05 1.000000e+00 6.178639e-05 -2.791884e+00 2.184176e-03 -6.193891e-05 9.999975e-01 1.502241e+02
9.995241e-01 -1.026953e-03 3.083021e-02 -2.444535e+01 1.066398e-03 9.999986e-01 -1.262971e-03 -2.805987e+00 -3.082891e-02 1.295253e-03 9.995237e-01 1.507358e+02
9.999654e-01 9.488139e-05 -8.314496e-03 -2.444669e+01 -9.208011e-05 9.999999e-01 3.371923e-04 -2.819300e+00 8.314493e-03 -3.364102e-04 9.999653e-01 1.512926e+02
9.995485e-01 -9.919512e-04 3.002887e-02 -2.446346e+01 1.029494e-03 9.999987e-01 -1.234756e-03 -2.828685e+00 -3.002764e-02 1.265118e-03 9.995482e-01 1.517165e+02
9.999486e-01 1.736461e-04 -1.014014e-02 -2.448328e+01 -1.693716e-04 9.999999e-01 4.223283e-04 -2.837985e+00 1.014019e-02 -4.205843e-04 9.999484e-01 1.521384e+02
9.995531e-01 -9.890686e-04 2.987779e-02 -2.449969e+01 1.026517e-03 9.999987e-01 -1.238033e-03 -2.846326e+00 -2.987656e-02 1.268155e-03 9.995527e-01 1.525147e+02
9.999505e-01 1.776970e-04 -9.944378e-03 -2.452865e+01 -1.735424e-04 9.999999e-01 4.185820e-04 -2.853401e+00 9.944425e-03 -4.168308e-04 9.999504e-01 1.528596e+02
9.994766e-01 -1.096791e-03 3.233074e-02 -2.460338e+01 1.140775e-03 9.999984e-01 -1.341990e-03 -2.859552e+00 -3.232925e-02 1.378174e-03 9.994762e-01 1.532407e+02
9.999201e-01 2.671441e-04 -1.263655e-02 -2.466029e+01 -2.604108e-04 9.999998e-01 5.344429e-04 -2.868089e+00 1.263666e-02 -5.311050e-04 9.999199e-01 1.536808e+02
9.997957e-01 -6.925807e-04 2.020162e-02 -2.463474e+01 7.093084e-04 9.999994e-01 -8.208546e-04 -2.882287e+00 -2.020106e-02 8.350206e-04 9.997955e-01 1.541912e+02
9.998985e-01 3.328319e-04 -1.424006e-02 -2.459258e+01 -3.241332e-04 9.999998e-01 6.131332e-04 -2.895171e+00 1.424024e-02 -6.084508e-04 9.998983e-01 1.546220e+02
9.997167e-01 -7.663917e-04 2.378833e-02 -2.442956e+01 7.901969e-04 9.999992e-01 -9.913023e-04 -2.909081e+00 -2.378757e-02 1.009823e-03 9.997164e-01 1.549269e+02
9.999280e-01 2.490226e-04 -1.199910e-02 -2.432308e+01 -2.428516e-04 9.999998e-01 5.157075e-04 -2.923562e+00 1.199921e-02 -5.127519e-04 9.999278e-01 1.553348e+02
9.998936e-01 -4.939973e-04 1.457718e-02 -2.425936e+01 5.020879e-04 9.999997e-01 -5.513289e-04 -2.941599e+00 -1.457692e-02 5.585937e-04 9.998935e-01 1.559157e+02
9.999602e-01 1.402457e-04 -8.915233e-03 -2.421634e+01 -1.370781e-04 9.999999e-01 3.558673e-04 -2.956332e+00 8.915263e-03 -3.546267e-04 9.999601e-01 1.564047e+02
9.996557e-01 -9.211589e-04 2.622351e-02 -2.422835e+01 9.496284e-04 9.999990e-01 -1.073195e-03 -2.969385e+00 -2.622251e-02 1.097733e-03 9.996554e-01 1.569480e+02
9.998174e-01 4.772928e-04 -1.910316e-02 -2.422687e+01 -4.614587e-04 9.999995e-01 8.332571e-04 -2.984966e+00 1.910353e-02 -8.242853e-04 9.998171e-01 1.575524e+02
9.999808e-01 -8.118121e-05 6.189351e-03 -2.403341e+01 8.307583e-05 9.999999e-01 -3.057864e-04 -2.999380e+00 -6.189343e-03 3.062991e-04 9.999807e-01 1.577870e+02
9.996289e-01 7.671874e-04 -2.723029e-02 -2.383143e+01 -7.368970e-04 9.999991e-01 1.122384e-03 -3.013225e+00 2.723111e-02 -1.101897e-03 9.996285e-01 1.579876e+02
9.999633e-01 -1.821577e-04 8.563725e-03 -2.366200e+01 1.854039e-04 9.999999e-01 -3.782086e-04 -3.028426e+00 -8.563677e-03 3.797870e-04 9.999632e-01 1.582864e+02
9.993954e-01 1.026257e-03 -3.475342e-02 -2.355273e+01 -9.782657e-04 9.999985e-01 1.397885e-03 -3.042275e+00 3.475478e-02 -1.363037e-03 9.993948e-01 1.586195e+02
9.998949e-01 -4.146200e-04 1.449456e-02 -2.349342e+01 4.228399e-04 9.999998e-01 -5.639941e-04 -3.059354e+00 -1.449435e-02 5.700683e-04 9.998947e-01 1.591537e+02
9.992586e-01 1.198129e-03 -3.848183e-02 -2.329637e+01 -1.140107e-03 9.999982e-01 1.529668e-03 -3.077088e+00 3.848357e-02 -1.484656e-03 9.992580e-01 1.595003e+02
9.999568e-01 -2.357162e-04 9.289523e-03 -2.317724e+01 2.393653e-04 9.999999e-01 -3.916246e-04 -3.091333e+00 -9.289460e-03 3.938361e-04 9.999567e-01 1.598302e+02
9.993996e-01 1.003350e-03 -3.463166e-02 -2.315452e+01 -9.556307e-04 9.999986e-01 1.394425e-03 -3.105917e+00 3.463297e-02 -1.360487e-03 9.993991e-01 1.603196e+02
9.999169e-01 -3.752516e-04 1.288697e-02 -2.314040e+01 3.817258e-04 9.999998e-01 -4.998527e-04 -3.121674e+00 -1.288681e-02 5.047354e-04 9.999167e-01 1.608671e+02
9.993592e-01 1.036005e-03 -3.577911e-02 -2.312618e+01 -9.850047e-04 9.999985e-01 1.443002e-03 -3.138259e+00 3.578051e-02 -1.406829e-03 9.993586e-01 1.614500e+02
9.995568e-01 -1.039044e-03 2.974998e-02 -2.314424e+01 1.071365e-03 9.999989e-01 -1.070477e-03 -3.158537e+00 -2.974887e-02 1.101881e-03 9.995567e-01 1.622670e+02
9.995038e-01 8.851015e-04 -3.148440e-02 -2.314013e+01 -8.451457e-04 9.999988e-01 1.282323e-03 -3.180689e+00 3.148546e-02 -1.255073e-03 9.995033e-01 1.631231e+02
9.995655e-01 -1.046559e-03 2.945722e-02 -2.314078e+01 1.078227e-03 9.999989e-01 -1.059143e-03 -3.203123e+00 -2.945612e-02 1.090449e-03 9.995654e-01 1.640009e+02
9.993534e-01 1.090873e-03 -3.593735e-02 -2.313582e+01 -1.039550e-03 9.999984e-01 1.446760e-03 -3.223747e+00 3.593883e-02 -1.408461e-03 9.993529e-01 1.647729e+02
9.997057e-01 -8.351685e-04 2.424331e-02 -2.310914e+01 8.569751e-04 9.999992e-01 -8.890670e-04 -3.243129e+00 -2.424259e-02 9.095865e-04 9.997056e-01 1.654561e+02
9.994225e-01 1.005923e-03 -3.396580e-02 -2.309545e+01 -9.596968e-04 9.999986e-01 1.377198e-03 -3.262505e+00 3.396709e-02 -1.343800e-03 9.994220e-01 1.661653e+02
9.996348e-01 -9.112598e-04 2.700956e-02 -2.306467e+01 9.384427e-04 9.999991e-01 -9.937138e-04 -3.282025e+00 -2.700867e-02 1.018703e-03 9.996346e-01 1.668450e+02
9.987800e-01 1.640272e-03 -4.935469e-02 -2.290714e+01 -1.546709e-03 9.999969e-01 1.933839e-03 -3.299762e+00 4.935766e-02 -1.855137e-03 9.987793e-01 1.672555e+02
9.997309e-01 -7.773171e-04 2.318335e-02 -2.278015e+01 7.982313e-04 9.999993e-01 -8.928194e-04 -3.314209e+00 -2.318268e-02 9.110902e-04 9.997307e-01 1.675977e+02
