9.994486e-01 4.938972e-04 -3.319937e-02 2.583387e-02 -4.433798e-04 9.999987e-01 1.528983e-03 -7.557104e-03 3.320008e-02 -1.513419e-03 9.994475e-01 4.532722e-01
9.998963e-01 -8.562208e-05 1.440311e-02 5.461724e-02 9.307547e-05 9.999999e-01 -5.168121e-04 -1.706222e-02 -1.440307e-02 5.180998e-04 9.998960e-01 9.855494e-01
9.998394e-01 3.676727e-04 -1.791484e-02 9.663095e-02 -3.516890e-04 9.999995e-01 8.953470e-04 -3.105431e-02 1.791516e-02 -8.889020e-04 9.998390e-01 1.676864e+00
9.995788e-01 -1.493128e-04 2.902001e-02 1.338839e-01 1.829771e-04 9.999993e-01 -1.157384e-03 -4.944705e-02 -2.901982e-02 1.162208e-03 9.995781e-01 2.543772e+00
9.999772e-01 5.043792e-04 -6.728606e-03 1.793541e-01 -5.004632e-04 9.999997e-01 5.836615e-04 -6.807878e-02 6.728896e-03 -5.802801e-04 9.999771e-01 3.456101e+00
9.995670e-01 -1.474942e-04 2.942485e-02 2.477391e-01 1.815359e-04 9.999993e-01 -1.154235e-03 -8.644152e-02 -2.942466e-02 1.159078e-03 9.995662e-01 4.327334e+00
9.999805e-01 4.636938e-04 -6.221702e-03 2.914647e-01 -4.597719e-04 9.999997e-01 6.317705e-04 -1.006840e-01 6.221995e-03 -6.288970e-04 9.999803e-01 5.053769e+00
9.995933e-01 -1.890350e-04 2.851764e-02 3.237407e-01 2.200308e-04 9.999994e-01 -1.083765e-03 -1.124403e-01 -2.851742e-02 1.089599e-03 9.995926e-01 5.680851e+00
9.999132e-01 4.131560e-04 -1.316967e-02 3.578724e-01 -4.039283e-04 9.999997e-01 7.033324e-04 -1.292662e-01 1.316996e-02 -6.979512e-04 9.999129e-01 6.501920e+00
9.996626e-01 -2.222527e-04 2.597298e-02 4.000150e-01 2.472483e-04 9.999995e-01 -9.591624e-04 -1.444688e-01 -2.597275e-02 9.652610e-04 9.996621e-01 7.230307e+00
9.996129e-01 3.460123e-04 -2.781932e-02 5.126396e-01 -3.132663e-04 9.999993e-01 1.181447e-03 -1.570975e-01 2.781971e-02 -1.172274e-03 9.996122e-01 7.715534e+00
9.999865e-01 -2.398328e-05 5.188116e-03 6.210396e-01 2.498432e-05 1.000000e+00 -1.928836e-04 -1.698594e-01 -5.188106e-03 1.930112e-04 9.999864e-01 8.231302e+00
1.000000e+00 1.362750e-04 -1.387648e-04 6.638726e-01 -1.362577e-04 1.000000e+00 1.240746e-04 -1.827653e-01 1.387872e-04 -1.240551e-04 9.999999e-01 8.819343e+00
9.998028e-01 1.066009e-04 1.985764e-02 7.229031e-01 -9.622170e-05 9.999999e-01 -5.236366e-04 -1.944194e-01 -1.985768e-02 5.216232e-04 9.998026e-01 9.388527e+00
9.999958e-01 1.382598e-04 -2.897289e-03 8.065575e-01 -1.378971e-04 1.000000e+00 1.254021e-04 -2.093480e-01 2.897315e-03 -1.250016e-04 9.999957e-01 1.005694e+01
9.999410e-01 -1.042478e-05 1.086109e-02 8.983997e-01 1.315349e-05 1.000000e+00 -2.511656e-04 -2.227599e-01 -1.086108e-02 2.512942e-04 9.999409e-01 1.061715e+01
9.998932e-01 8.605958e-05 -1.461681e-02 1.079536e+00 -7.781191e-05 9.999998e-01 5.648283e-04 -2.331938e-01 1.461686e-02 -5.636301e-04 9.998929e-01 1.090696e+01
9.995153e-01 7.446628e-05 3.112974e-02 1.306722e+00 -5.011045e-05 9.999997e-01 -7.831771e-04 -2.409622e-01 -3.112978e-02 7.812381e-04 9.995149e-01 1.104679e+01
9.993622e-01 -4.640584e-05 -3.570987e-02 1.597826e+00 8.650656e-05 9.999994e-01 1.121415e-03 -2.504650e-01 3.570981e-02 -1.123788e-03 9.993615e-01 1.113908e+01
9.999172e-01 2.630273e-04 1.286588e-02 1.754853e+00 -2.632388e-04 1.000000e+00 1.474402e-05 -2.528284e-01 -1.286587e-02 -1.812895e-05 9.999171e-01 1.113153e+01
9.999918e-01 -1.365334e-04 4.054121e-03 1.970506e+00 1.371145e-04 1.000000e+00 -1.430648e-04 -2.560245e-01 -4.054091e-03 1.436202e-04 9.999917e-01 1.109784e+01
9.998895e-01 2.245492e-04 -1.486564e-02 2.352340e+00 -2.120358e-04 9.999996e-01 8.433430e-04 -2.666209e-01 1.486583e-02 -8.400970e-04 9.998890e-01 1.114471e+01
9.999365e-01 -2.227827e-04 1.126443e-02 2.677061e+00 2.287767e-04 9.999998e-01 -5.308366e-04 -2.765537e-01 -1.126430e-02 5.333807e-04 9.999363e-01 1.120832e+01
9.997825e-01 2.156267e-04 -2.085658e-02 3.047114e+00 -1.936007e-04 9.999994e-01 1.058082e-03 -2.886376e-01 2.085680e-02 -1.053813e-03 9.997818e-01 1.129949e+01
9.999003e-01 -2.185959e-04 1.412024e-02 3.405463e+00 2.285497e-04 9.999997e-01 -7.033221e-04 -2.999040e-01 -1.412007e-02 7.064799e-04 9.999000e-01 1.135301e+01
9.994599e-01 3.181116e-04 -3.286123e-02 3.720089e+00 -2.632060e-04 9.999986e-01 1.675144e-03 -3.097257e-01 3.286172e-02 -1.665589e-03 9.994584e-01 1.145251e+01
9.998805e-01 -2.122248e-04 1.545801e-02 4.030581e+00 2.241320e-04 9.999997e-01 -7.685640e-04 -3.195096e-01 -1.545784e-02 7.719378e-04 9.998801e-01 1.155096e+01
9.987326e-01 5.154427e-04 -5.032861e-02 4.327171e+00 -3.872982e-04 9.999967e-01 2.555875e-03 -3.259054e-01 5.032976e-02 -2.533143e-03 9.987293e-01 1.159144e+01
9.994357e-01 -3.299595e-04 3.358919e-02 4.643157e+00 3.868048e-04 9.999985e-01 -1.685883e-03 -3.337685e-01 -3.358858e-02 1.697925e-03 9.994342e-01 1.159163e+01
9.991500e-01 3.685424e-04 -4.122147e-02 4.909220e+00 -2.829903e-04 9.999978e-01 2.081241e-03 -3.419547e-01 4.122215e-02 -2.067805e-03 9.991478e-01 1.163493e+01
9.994840e-01 -3.081832e-04 3.211942e-02 5.202534e+00 3.600569e-04 9.999986e-01 -1.609250e-03 -3.529854e-01 -3.211889e-02 1.619986e-03 9.994826e-01 1.177527e+01
9.991806e-01 3.500278e-04 -4.047219e-02 5.490594e+00 -2.679739e-04 9.999979e-01 2.032820e-03 -3.640733e-01 4.047281e-02 -2.020308e-03 9.991785e-01 1.191947e+01
9.996420e-01 -2.414865e-04 2.675301e-02 5.737266e+00 2.772282e-04 9.999991e-01 -1.332282e-03 -3.688206e-01 -2.675267e-02 1.339223e-03 9.996411e-01 1.186235e+01
9.995222e-01 2.684033e-04 -3.090898e-02 5.888778e+00 -2.199881e-04 9.999987e-01 1.569768e-03 -3.686170e-01 3.090935e-02 -1.562216e-03 9.995209e-01 1.164702e+01
9.996654e-01 -2.733096e-04 2.586533e-02 5.998778e+00 3.077459e-04 9.999991e-01 -1.327391e-03 -3.677081e-01 -2.586495e-02 1.334909e-03 9.996645e-01 1.144206e+01
9.996391e-01 2.857390e-04 -2.686217e-02 5.962987e+00 -2.493105e-04 9.999990e-01 1.359466e-03 -3.618598e-01 2.686252e-02 -1.352277e-03 9.996381e-01 1.118012e+01
9.996682e-01 -2.654331e-04 2.575784e-02 5.882721e+00 2.995609e-04 9.999991e-01 -1.321096e-03 -3.531147e-01 -2.575747e-02 1.328375e-03 9.996672e-01 1.083268e+01
9.996500e-01 3.060624e-04 -2.645521e-02 5.633279e+00 -2.703664e-04 9.999990e-01 1.352864e-03 -3.351990e-01 2.645559e-02 -1.345236e-03 9.996490e-01 1.023794e+01
9.996510e-01 -2.677599e-04 2.641414e-02 5.339812e+00 3.030883e-04 9.999991e-01 -1.333482e-03 -3.146924e-01 -2.641376e-02 1.341024e-03 9.996501e-01 9.564194e+00
9.996172e-01 3.080879e-04 -2.766542e-02 5.010601e+00 -2.691241e-04 9.999990e-01 1.412102e-03 -2.923033e-01 2.766582e-02 -1.404114e-03 9.996161e-01 8.839197e+00
9.996331e-01 -2.835627e-04 2.708513e-02 4.770834e+00 3.208439e-04 9.999990e-01 -1.372105e-03 -2.765587e-01 -2.708473e-02 1.380293e-03 9.996321e-01 8.336312e+00
9.996200e-01 3.314982e-04 -2.756285e-02 4.630566e+00 -2.949835e-04 9.999991e-01 1.328830e-03 -2.711299e-01 2.756326e-02 -1.320193e-03 9.996191e-01 8.196563e+00
9.996694e-01 -1.802653e-04 2.571098e-02 4.664207e+00 2.175725e-04 9.999989e-01 -1.448231e-03 -2.848149e-01 -2.571070e-02 1.453348e-03 9.996683e-01 8.746220e+00
9.979161e-01 6.879737e-04 -6.452092e-02 4.896188e+00 -4.847010e-04 9.999949e-01 3.166093e-03 -3.115575e-01 6.452275e-02 -3.128221e-03 9.979112e-01 9.723627e+00
9.996601e-01 -6.165784e-05 2.606943e-02 5.106802e+00 9.905317e-05 9.999990e-01 -1.433155e-03 -3.331763e-01 -2.606933e-02 1.435252e-03 9.996590e-01 1.050982e+01
9.996561e-01 9.247238e-05 -2.622206e-02 4.881558e+00 -5.480569e-05 9.999990e-01 1.437161e-03 -3.169198e-01 2.622215e-02 -1.435228e-03 9.996550e-01 9.963038e+00
9.996604e-01 -6.201155e-05 2.605734e-02 4.685439e+00 9.951352e-05 9.999990e-01 -1.437908e-03 -3.023578e-01 -2.605724e-02 1.440015e-03 9.996593e-01 9.462184e+00
9.996716e-01 1.068416e-04 -2.562547e-02 4.492252e+00 -7.092815e-05 9.999990e-01 1.402377e-03 -2.858175e-01 2.562558e-02 -1.400097e-03 9.996705e-01 8.869922e+00
9.996715e-01 -3.513545e-05 2.562821e-02 4.473995e+00 7.237829e-05 9.999989e-01 -1.452263e-03 -2.816926e-01 -2.562815e-02 1.453643e-03 9.996704e-01 8.663223e+00
9.997014e-01 6.585032e-05 -2.443528e-02 4.338867e+00 -3.115886e-05 9.999990e-01 1.420101e-03 -2.705188e-01 2.443534e-02 -1.418914e-03 9.997003e-01 8.266384e+00
9.997015e-01 -4.169415e-05 2.443085e-02 4.203169e+00 7.671867e-05 9.999990e-01 -1.432676e-03 -2.592516e-01 -2.443078e-02 1.434124e-03 9.997004e-01 7.862977e+00
9.996776e-01 8.221065e-05 -2.539176e-02 4.036382e+00 -4.494236e-05 9.999989e-01 1.468294e-03 -2.446209e-01 2.539184e-02 -1.466677e-03 9.996764e-01 7.332042e+00
9.996607e-01 -4.370111e-05 2.604821e-02 3.928631e+00 8.265899e-05 9.999989e-01 -1.494525e-03 -2.333162e-01 -2.604813e-02 1.496172e-03 9.996595e-01 6.892791e+00
9.996553e-01 1.044529e-04 -2.625381e-02 4.060646e+00 -6.573658e-05 9.999989e-01 1.475549e-03 -2.342755e-01 2.625392e-02 -1.473313e-03 9.996541e-01 6.741594e+00
9.999804e-01 -1.469485e-05 6.257051e-03 4.397197e+00 1.809294e-05 9.999999e-01 -5.429951e-04 -2.553893e-01 -6.257059e-03 5.430996e-04 9.999802e-01 7.290918e+00
9.991441e-01 4.530690e-04 -4.136322e-02 4.871476e+00 -3.654553e-04 9.999977e-01 2.125688e-03 -2.952094e-01 4.136406e-02 -2.108750e-03 9.991418e-01 8.500101e+00
9.996511e-01 -1.996263e-04 2.641445e-02 5.147976e+00 2.407859e-04 9.999988e-01 -1.555040e-03 -3.246077e-01 -2.641413e-02 1.560860e-03 9.996498e-01 9.450722e+00
9.996400e-01 3.357265e-04 -2.682757e-02 5.227724e+00 -2.974545e-04 9.999989e-01 1.430564e-03 -3.370652e-01 2.682800e-02 -1.422067e-03 9.996390e-01 9.896100e+00
9.996339e-01 -2.905806e-04 2.705670e-02 5.144562e+00 3.304578e-04 9.999989e-01 -1.469365e-03 -3.326896e-01 -2.705627e-02 1.477770e-03 9.996327e-01 9.749325e+00
9.995961e-01 3.250896e-04 -2.841533e-02 5.096238e+00 -2.833123e-04 9.999989e-01 1.474244e-03 -3.298316e-01 2.841575e-02 -1.465597e-03 9.995950e-01 9.639751e+00
9.996206e-01 -2.754068e-04 2.754386e-02 5.008945e+00 3.165826e-04 9.999988e-01 -1.490556e-03 -3.242168e-01 -2.754344e-02 1.498712e-03 9.996194e-01 9.436790e+00
9.996001e-01 3.041489e-04 -2.827775e-02 4.981511e+00 -2.617042e-04 9.999988e-01 1.504674e-03 -3.180766e-01 2.827815e-02 -1.496669e-03 9.995989e-01 9.150550e+00
9.995826e-01 -2.777066e-04 2.888812e-02 4.841823e+00 3.221096e-04 9.999988e-01 -1.532418e-03 -3.079450e-01 -2.888768e-02 1.541085e-03 9.995814e-01 8.805353e+00
9.995175e-01 3.919950e-04 -3.105856e-02 4.865537e+00 -3.470154e-04 9.999989e-01 1.453588e-03 -3.195986e-01 3.105907e-02 -1.442106e-03 9.995164e-01 9.281862e+00
9.995391e-01 -2.307661e-04 3.035751e-02 4.995062e+00 2.785765e-04 9.999987e-01 -1.570682e-03 -3.364013e-01 -3.035713e-02 1.578417e-03 9.995378e-01 9.857538e+00
9.995132e-01 2.836921e-04 -3.119717e-02 4.986428e+00 -2.344077e-04 9.999987e-01 1.583410e-03 -3.267536e-01 3.119756e-02 -1.575325e-03 9.995119e-01 9.365665e+00
9.996147e-01 -2.468271e-04 2.775527e-02 4.729445e+00 2.866645e-04 9.999989e-01 -1.431327e-03 -3.070078e-01 -2.775491e-02 1.438734e-03 9.996136e-01 8.686399e+00
9.988220e-01 4.494478e-04 -4.852142e-02 4.701167e+00 -3.294008e-04 9.999969e-01 2.482068e-03 -2.961634e-01 4.852236e-02 -2.463159e-03 9.988190e-01 8.233013e+00
9.996528e-01 5.462788e-04 -2.634155e-02 4.860198e+00 -5.137659e-04 9.999991e-01 1.241022e-03 -2.917307e-01 2.634217e-02 -1.227056e-03 9.996521e-01 8.097383e+00
9.998704e-01 -1.861239e-04 -1.609694e-02 5.081083e+00 1.997912e-04 9.999996e-01 8.474325e-04 -2.958998e-01 1.609674e-02 -8.505360e-04 9.998700e-01 8.148828e+00
9.999425e-01 4.452436e-04 -1.071025e-02 5.160655e+00 -4.403537e-04 9.999998e-01 4.588628e-04 -2.946186e-01 1.071042e-02 -4.541173e-04 9.999424e-01 8.045524e+00
9.999540e-01 -4.430210e-04 9.577261e-03 5.210480e+00 4.471368e-04 9.999998e-01 -4.275465e-04 -2.895236e-01 -9.577108e-03 4.318120e-04 9.999539e-01 7.710307e+00
9.999484e-01 4.537127e-04 -1.015156e-02 5.208234e+00 -4.493512e-04 9.999998e-01 4.318649e-04 -2.830348e-01 1.015172e-02 -4.272782e-04 9.999483e-01 7.368752e+00
9.999701e-01 -4.754181e-04 7.712888e-03 5.229488e+00 4.781963e-04 9.999998e-01 -3.582825e-04 -2.758759e-01 -7.712755e-03 3.619629e-04 9.999701e-01 6.960723e+00
9.999597e-01 4.626272e-04 -8.965443e-03 5.242043e+00 -4.592300e-04 9.999998e-01 3.809073e-04 -2.701824e-01 8.965579e-03 -3.767719e-04 9.999596e-01 6.638959e+00
9.999722e-01 -3.979553e-04 7.440782e-03 5.335796e+00 4.012304e-04 9.999998e-01 -4.385853e-04 -2.800890e-01 -7.440645e-03 4.415614e-04 9.999721e-01 6.954528e+00
9.999618e-01 4.487379e-04 -8.728848e-03 5.370341e+00 -4.455428e-04 9.999998e-01 3.679167e-04 -2.886575e-01 8.728973e-03 -3.640107e-04 9.999617e-01 7.274977e+00
9.999602e-01 -4.560501e-04 8.910236e-03 5.199044e+00 4.595627e-04 9.999998e-01 -3.921077e-04 -2.785247e-01 -8.910094e-03 3.961897e-04 9.999601e-01 6.953536e+00
9.999798e-01 4.990071e-04 -6.332222e-03 5.139199e+00 -4.970613e-04 9.999998e-01 3.087684e-04 -2.762381e-01 6.332337e-03 -3.056119e-04 9.999798e-01 6.900618e+00
9.999742e-01 -4.259820e-04 7.169461e-03 5.283639e+00 4.287957e-04 9.999998e-01 -3.908485e-04 -2.828511e-01 -7.169332e-03 3.939155e-04 9.999741e-01 7.005494e+00
9.999702e-01 4.244184e-04 -7.713489e-03 5.323809e+00 -4.214811e-04 9.999998e-01 3.823485e-04 -2.824441e-01 7.713611e-03 -3.790832e-04 9.999701e-01 6.909328e+00
9.999673e-01 -4.170802e-04 8.078516e-03 5.117568e+00 4.203356e-04 9.999998e-01 -4.012064e-04 -2.665248e-01 -8.078386e-03 4.045918e-04 9.999672e-01 6.365327e+00
9.999753e-01 4.545295e-04 -7.019970e-03 4.712170e+00 -4.516589e-04 9.999998e-01 4.104173e-04 -2.383076e-01 7.020116e-03 -4.072338e-04 9.999752e-01 5.450538e+00
9.999666e-01 -4.197802e-04 8.162655e-03 4.295213e+00 4.229487e-04 9.999998e-01 -3.863688e-04 -2.101138e-01 -8.162530e-03 3.898111e-04 9.999665e-01 4.550156e+00
9.999600e-01 4.355790e-04 -8.935309e-03 3.996046e+00 -4.317498e-04 9.999998e-01 4.304054e-04 -1.885434e-01 8.935457e-03 -4.265276e-04 9.999599e-01 3.833975e+00
9.999682e-01 -4.298452e-04 7.966479e-03 3.776438e+00 4.330217e-04 9.999998e-01 -3.969300e-04 -1.723886e-01 -7.966345e-03 4.003698e-04 9.999681e-01 3.288892e+00
9.999596e-01 4.361511e-04 -8.983070e-03 3.580767e+00 -4.324007e-04 9.999998e-01 4.193744e-04 -1.570435e-01 8.983212e-03 -4.154703e-04 9.999595e-01 2.755580e+00
9.999633e-01 -4.111173e-04 8.561521e-03 3.296116e+00 4.146343e-04 9.999998e-01 -4.089425e-04 -1.351608e-01 -8.561390e-03 4.124802e-04 9.999632e-01 2.007424e+00
9.999576e-01 4.374078e-04 -9.200367e-03 2.977207e+00 -4.333914e-04 9.999998e-01 4.384698e-04 -1.115471e-01 9.200518e-03 -4.344610e-04 9.999575e-01 1.212192e+00
9.999616e-01 -4.141070e-04 8.748843e-03 2.648218e+00 4.176795e-04 9.999998e-01 -4.064446e-04 -8.797959e-02 -8.748712e-03 4.100861e-04 9.999615e-01 4.318999e-01
9.999611e-01 4.293146e-04 -8.807024e-03 2.313193e+00 -4.255245e-04 9.999998e-01 4.321467e-04 -6.487472e-02 8.807169e-03 -4.283795e-04 9.999610e-01 -3.198386e-01
9.999664e-01 -4.085553e-04 8.192719e-03 1.911580e+00 4.115876e-04 9.999998e-01 -3.683646e-04 -3.707248e-02 -8.192606e-03 3.717271e-04 9.999663e-01 -1.223017e+00
9.999607e-01 4.429387e-04 -8.848636e-03 1.476983e+00 -4.391308e-04 9.999998e-01 4.322151e-04 -6.333197e-03 8.848787e-03 -4.283097e-04 9.999607e-01 -2.229670e+00
9.999654e-01 -4.290205e-04 8.305851e-03 1.128884e+00 4.322053e-04 9.999998e-01 -3.815705e-04 1.743242e-02 -8.305725e-03 3.851499e-04 9.999653e-01 -2.999320e+00
9.999618e-01 4.573319e-04 -8.728489e-03 7.923265e-01 -4.537453e-04 9.999998e-01 4.128232e-04 4.204200e-02 8.728637e-03 -4.088441e-04 9.999617e-01 -3.819039e+00
9.999534e-01 -4.125778e-04 9.648908e-03 4.138274e-01 4.165885e-04 9.999998e-01 -4.135978e-04 6.984510e-02 -9.648775e-03 4.176010e-04 9.999533e-01 -4.742994e+00
9.999680e-01 4.373554e-04 -7.984473e-03 8.481943e-02 -4.340793e-04 9.999998e-01 4.119686e-04 9.217874e-02 7.984613e-03 -4.084867e-04 9.999679e-01 -5.459464e+00
9.999579e-01 -4.349997e-04 9.160702e-03 -2.847098e-01 4.386720e-04 9.999998e-01 -3.988057e-04 1.155552e-01 -9.160566e-03 4.028103e-04 9.999579e-01 -6.184451e+00
9.999697e-01 4.383375e-04 -7.773981e-03 -5.924004e-01 -4.351348e-04 9.999998e-01 4.135958e-04 1.348545e-01 7.774122e-03 -4.101977e-04 9.999696e-01 -6.780899e+00
9.999624e-01 -3.356195e-04 8.665451e-03 -5.445129e-01 3.405088e-04 9.999998e-01 -5.626920e-04 1.202274e-01 -8.665299e-03 5.656243e-04 9.999622e-01 -6.170598e+00
9.999641e-01 4.018914e-04 -8.468123e-03 -5.213776e-01 -3.981195e-04 9.999998e-01 4.470415e-04 1.128876e-01 8.468263e-03 -4.436513e-04 9.999639e-01 -5.877219e+00
9.999720e-01 -2.299702e-04 7.481460e-03 -4.598001e-01 2.345559e-04 9.999998e-01 -6.119800e-04 9.021701e-02 -7.481356e-03 6.137204e-04 9.999717e-01 -4.940168e+00
9.999662e-01 4.174937e-04 -8.215977e-03 -4.066153e-01 -4.141063e-04 9.999998e-01 4.139286e-04 6.577370e-02 8.216110e-03 -4.105096e-04 9.999661e-01 -3.914445e+00
9.999731e-01 -2.587508e-04 7.331061e-03 -3.377413e-01 2.630856e-04 9.999998e-01 -5.902581e-04 4.527175e-02 -7.330946e-03 5.921736e-04 9.999729e-01 -3.091147e+00
9.999474e-01 3.816596e-04 -1.024445e-02 -2.628175e-01 -3.764535e-04 9.999998e-01 5.100537e-04 2.638056e-02 1.024460e-02 -5.061676e-04 9.999473e-01 -2.351143e+00
9.999567e-01 -1.751480e-04 9.308602e-03 -1.956841e-01 1.818316e-04 9.999997e-01 -7.170946e-04 1.863877e-03 -9.308513e-03 7.187588e-04 9.999563e-01 -1.347830e+00
9.999659e-01 4.345867e-04 -8.242877e-03 -1.342790e-01 -4.312284e-04 9.999998e-01 4.091230e-04 -2.683029e-02 8.243014e-03 -4.055519e-04 9.999658e-01 -1.437720e-01
9.999611e-01 -2.221907e-04 8.819869e-03 -7.726944e-02 2.281931e-04 9.999997e-01 -6.794883e-04 -5.203755e-02 -8.819755e-03 6.814772e-04 9.999608e-01 9.115524e-01
9.999643e-01 4.359535e-04 -8.435754e-03 -8.931298e-03 -4.324424e-04 9.999998e-01 4.179761e-04 -7.735193e-02 8.435896e-03 -4.143106e-04 9.999642e-01 1.953622e+00
9.999681e-01 -2.738592e-04 7.977540e-03 6.669293e-02 2.786319e-04 9.999998e-01 -5.971010e-04 -9.758704e-02 -7.977413e-03 5.993074e-04 9.999679e-01 2.760622e+00
9.999462e-01 4.226670e-04 -1.036696e-02 2.649342e-01 -4.173842e-04 9.999998e-01 5.116872e-04 -1.209835e-01 1.036713e-02 -5.073301e-04 9.999460e-01 3.534660e+00
9.999472e-01 -1.254800e-04 1.027916e-02 5.694132e-01 1.331685e-04 9.999997e-01 -7.472352e-04 -1.519212e-01 -1.027910e-02 7.485671e-04 9.999468e-01 4.496146e+00
9.999570e-01 3.734661e-04 -9.260615e-03 7.530407e-01 -3.691551e-04 9.999998e-01 4.671708e-04 -1.787363e-01 9.260749e-03 -4.637296e-04 9.999569e-01 5.442621e+00
9.999636e-01 -1.767435e-04 8.524459e-03 8.552322e-01 1.824150e-04 9.999998e-01 -6.644842e-04 -2.006519e-01 -8.524379e-03 6.660175e-04 9.999633e-01 6.282079e+00
9.999577e-01 3.411843e-04 -9.190545e-03 9.549170e-01 -3.367194e-04 9.999998e-01 4.873010e-04 -2.163068e-01 9.190670e-03 -4.841833e-04 9.999576e-01 6.835049e+00
9.999653e-01 -2.136591e-04 8.328818e-03 1.039444e+00 2.188075e-04 9.999998e-01 -6.171663e-04 -2.276477e-01 -8.328724e-03 6.189697e-04 9.999650e-01 7.220548e+00
9.999577e-01 3.555123e-04 -9.190007e-03 1.139809e+00 -3.512121e-04 9.999998e-01 4.694773e-04 -2.460230e-01 9.190132e-03 -4.662273e-04 9.999576e-01 7.910539e+00
9.999717e-01 -2.410931e-04 7.514745e-03 1.279475e+00 2.453537e-04 9.999998e-01 -5.659788e-04 -2.626066e-01 -7.514646e-03 5.678090e-04 9.999715e-01 8.460964e+00
9.999599e-01 3.640882e-04 -8.950561e-03 1.410143e+00 -3.600064e-04 9.999998e-01 4.575989e-04 -2.801234e-01 8.950686e-03 -4.543559e-04 9.999597e-01 9.066816e+00
9.999772e-01 -2.484252e-04 6.751691e-03 1.492585e+00 2.520740e-04 9.999998e-01 -5.395052e-04 -2.975944e-01 -6.751596e-03 5.411972e-04 9.999770e-01 9.737547e+00
9.999608e-01 3.931041e-04 -8.840875e-03 1.580252e+00 -3.894667e-04 9.999998e-01 4.130849e-04 -3.165558e-01 8.840996e-03 -4.096231e-04 9.999607e-01 1.046221e+01
9.999750e-01 -2.701657e-04 7.065838e-03 1.652915e+00 2.739305e-04 9.999998e-01 -5.317763e-04 -3.345971e-01 -7.065733e-03 5.337009e-04 9.999748e-01 1.116692e+01
9.999712e-01 2.735244e-04 -7.580648e-03 1.597029e+00 -2.697745e-04 9.999998e-01 4.956241e-04 -3.320208e-01 7.580742e-03 -4.935624e-04 9.999710e-01 1.107806e+01
9.999704e-01 -2.596118e-04 7.694504e-03 1.359100e+00 2.635485e-04 9.999998e-01 -5.105507e-04 -3.137770e-01 -7.694410e-03 5.125658e-04 9.999702e-01 1.045291e+01
9.999696e-01 2.801820e-04 -7.787892e-03 1.093793e+00 -2.762227e-04 9.999998e-01 5.094005e-04 -2.936616e-01 7.787993e-03 -5.072315e-04 9.999694e-01 9.767527e+00
9.999719e-01 -2.824245e-04 7.486356e-03 8.684559e-01 2.861395e-04 9.999998e-01 -4.950888e-04 -2.782643e-01 -7.486256e-03 4.972194e-04 9.999718e-01 9.262594e+00
9.999702e-01 2.849233e-04 -7.712551e-03 6.020514e-01 -2.809935e-04 9.999998e-01 5.105394e-04 -2.600828e-01 7.712654e-03 -5.083546e-04 9.999700e-01 8.670030e+00
9.999820e-01 -2.992227e-04 5.991575e-03 4.594740e-01 3.019354e-04 9.999999e-01 -4.517641e-04 -2.486601e-01 -5.991480e-03 4.535674e-04 9.999819e-01 8.259766e+00
9.999752e-01 2.786304e-04 -7.036005e-03 2.622894e-01 -2.750944e-04 9.999998e-01 5.034499e-04 -2.364912e-01 7.036103e-03 -5.014995e-04 9.999750e-01 7.882430e+00
9.999711e-01 -2.766730e-04 7.593923e-03 -3.578060e-02 2.805251e-04 9.999998e-01 -5.061312e-04 -2.163869e-01 -7.593822e-03 5.082493e-04 9.999709e-01 7.232778e+00
9.999696e-01 2.730565e-04 -7.793001e-03 -2.006830e-01 -2.691470e-04 9.999998e-01 5.026499e-04 -2.038712e-01 7.793097e-03 -5.005348e-04 9.999694e-01 6.805852e+00
9.999917e-01 -2.673879e-04 4.070134e-03 -1.054187e-01 2.690844e-04 9.999999e-01 -4.161525e-04 -2.138267e-01 -4.070064e-03 4.172466e-04 9.999915e-01 7.137302e+00
9.999811e-01 2.534424e-04 -6.150109e-03 7.012468e-02 -2.507064e-04 9.999999e-01 4.455585e-04 -2.197636e-01 6.150180e-03 -4.440058e-04 9.999809e-01 7.174787e+00
9.999814e-01 -2.259800e-04 6.093355e-03 -2.313093e-02 2.288250e-04 9.999999e-01 -4.661086e-04 -2.057351e-01 -6.093290e-03 4.674966e-04 9.999812e-01 6.582432e+00
9.999884e-01 2.523699e-04 -4.815744e-03 -1.260853e-01 -2.503479e-04 9.999999e-01 4.203754e-04 -1.923488e-01 4.815808e-03 -4.191626e-04 9.999882e-01 6.036173e+00
9.999902e-01 -2.576036e-04 4.418772e-03 -2.355306e-01 2.595131e-04 9.999999e-01 -4.314489e-04 -1.817342e-01 -4.418702e-03 4.325937e-04 9.999900e-01 5.631394e+00
9.999882e-01 2.395585e-04 -4.851583e-03 -3.619221e-01 -2.375258e-04 9.999999e-01 4.194327e-04 -1.742974e-01 4.851642e-03 -4.182731e-04 9.999880e-01 5.398187e+00
9.999884e-01 -2.405534e-04 4.817178e-03 -5.588914e-01 2.426370e-04 9.999999e-01 -4.318402e-04 -1.593641e-01 -4.817114e-03 4.330064e-04 9.999882e-01 4.884334e+00
9.999854e-01 2.983024e-04 -5.396515e-03 -6.343891e-01 -2.965235e-04 9.999999e-01 3.303390e-04 -1.616136e-01 5.396572e-03 -3.287316e-04 9.999853e-01 5.027933e+00
9.999934e-01 -1.575236e-04 3.626033e-03 -5.335977e-01 1.591588e-04 9.999999e-01 -4.505225e-04 -1.806710e-01 -3.626003e-03 4.510990e-04 9.999932e-01 5.741419e+00
9.999910e-01 2.060896e-04 -4.237598e-03 -3.819939e-01 -2.042841e-04 9.999999e-01 4.263737e-04 -1.857847e-01 4.237644e-03 -4.255018e-04 9.999908e-01 5.755074e+00
9.999940e-01 -2.338705e-04 3.460145e-03 -5.010094e-01 2.353560e-04 9.999999e-01 -4.287509e-04 -1.792516e-01 -3.460086e-03 4.295651e-04 9.999938e-01 5.554359e+00
9.999876e-01 3.201782e-04 -4.973927e-03 -4.425981e-01 -3.185251e-04 9.999999e-01 3.330473e-04 -1.955478e-01 4.973992e-03 -3.314565e-04 9.999875e-01 6.213037e+00
9.999833e-01 -2.910689e-04 5.771021e-03 -3.446347e-01 2.933751e-04 9.999999e-01 -3.986836e-04 -2.008704e-01 -5.770946e-03 4.003723e-04 9.999832e-01 6.323853e+00
9.999800e-01 3.017639e-04 -6.309831e-03 -4.908521e-01 -2.991965e-04 9.999999e-01 4.077445e-04 -1.866460e-01 6.309912e-03 -4.058462e-04 9.999799e-01 5.787362e+00
9.999944e-01 -3.105755e-04 3.329755e-03 -3.963879e-01 3.117518e-04 9.999999e-01 -3.526019e-04 -1.918317e-01 -3.329687e-03 3.536403e-04 9.999943e-01 5.884975e+00
9.999997e-01 7.304250e-04 1.445468e-04 -6.702919e-02 -7.304256e-04 9.999997e-01 7.362283e-06 -2.272245e-01 -1.445828e-04 -7.465589e-06 9.999999e-01 7.035856e+00
9.999818e-01 -3.005906e-04 6.029585e-03 2.468994e-01 3.034041e-04 9.999998e-01 -4.656206e-04 -2.664674e-01 -6.029485e-03 4.674438e-04 9.999816e-01 8.390395e+00
9.999728e-01 3.294411e-04 -7.371575e-03 2.896970e-01 -3.264239e-04 9.999999e-01 4.104336e-04 -2.763191e-01 7.371668e-03 -4.080139e-04 9.999726e-01 8.769387e+00
9.999766e-01 -3.523778e-04 6.824525e-03 2.977564e-01 3.550559e-04 9.999999e-01 -3.911414e-04 -2.742200e-01 -6.824428e-03 3.935576e-04 9.999765e-01 8.642060e+00
9.999720e-01 3.258664e-04 -7.469468e-03 3.293726e-01 -3.226860e-04 9.999999e-01 4.269212e-04 -2.722312e-01 7.469565e-03 -4.244968e-04 9.999719e-01 8.489887e+00
9.999726e-01 -3.291547e-04 7.389739e-03 3.191318e-01 3.324137e-04 9.999998e-01 -4.397118e-04 -2.686198e-01 -7.389634e-03 4.421585e-04 9.999725e-01 8.310197e+00
9.999718e-01 4.344256e-04 -7.496597e-03 3.812674e-01 -4.321705e-04 9.999999e-01 3.023684e-04 -2.840703e-01 7.496686e-03 -2.991178e-04 9.999718e-01 8.931063e+00
9.999629e-01 -3.574344e-04 8.606337e-03 4.623651e-01 3.612686e-04 9.999998e-01 -4.438918e-04 -2.977717e-01 -8.606218e-03 4.469867e-04 9.999628e-01 9.455126e+00
9.999745e-01 3.482451e-04 -7.137254e-03 3.084531e-01 -3.452199e-04 9.999999e-01 4.250157e-04 -2.869860e-01 7.137360e-03 -4.225387e-04 9.999743e-01 9.103985e+00
9.999717e-01 -3.681513e-04 7.519682e-03 1.530665e-01 3.714802e-04 9.999998e-01 -4.412349e-04 -2.766060e-01 -7.519559e-03 4.440180e-04 9.999715e-01 8.770498e+00
9.999741e-01 3.748246e-04 -7.182208e-03 8.149804e-02 -3.719804e-04 9.999999e-01 3.972660e-04 -2.724277e-01 7.182315e-03 -3.945819e-04 9.999740e-01 8.624059e+00
9.999754e-01 -3.750300e-04 7.003134e-03 -1.306192e-01 3.777484e-04 9.999999e-01 -3.867900e-04 -2.572237e-01 -7.003029e-03 3.894281e-04 9.999753e-01 8.121828e+00
9.999725e-01 3.817789e-04 -7.401089e-03 -4.547568e-01 -3.785602e-04 9.999998e-01 4.362233e-04 -2.353823e-01 7.401213e-03 -4.334074e-04 9.999724e-01 7.423566e+00
9.999825e-01 -3.810051e-04 5.907650e-03 -8.275846e-01 3.829176e-04 9.999999e-01 -3.225117e-04 -2.106663e-01 -5.907568e-03 3.247704e-04 9.999824e-01 6.641515e+00
9.999731e-01 3.691509e-04 -7.320421e-03 -1.117314e+00 -3.661273e-04 9.999998e-01 4.143051e-04 -1.924832e-01 7.320531e-03 -4.116115e-04 9.999730e-01 6.078165e+00
9.999702e-01 -3.856338e-04 7.714209e-03 -1.409529e+00 3.886709e-04 9.999998e-01 -3.921383e-04 -1.749163e-01 -7.714098e-03 3.951271e-04 9.999701e-01 5.545254e+00
9.999840e-01 4.032771e-04 -5.639988e-03 -1.569874e+00 -4.013080e-04 9.999999e-01 3.501717e-04 -1.608391e-01 5.640088e-03 -3.479005e-04 9.999839e-01 5.035345e+00
9.999835e-01 -4.030344e-04 5.722211e-03 -1.771997e+00 4.051039e-04 9.999999e-01 -3.604172e-04 -1.456578e-01 -5.722106e-03 3.627316e-04 9.999835e-01 4.519671e+00
9.999920e-01 5.114949e-04 -3.969024e-03 -1.701840e+00 -5.106230e-04 9.999998e-01 2.205578e-04 -1.541723e-01 3.969095e-03 -2.185272e-04 9.999920e-01 4.811696e+00
9.999919e-01 -4.633355e-04 3.985318e-03 -1.600836e+00 4.644886e-04 9.999999e-01 -2.883002e-04 -1.618834e-01 -3.985224e-03 2.901512e-04 9.999919e-01 5.025360e+00
9.999884e-01 5.244945e-04 -4.788799e-03 -1.528746e+00 -5.234920e-04 9.999998e-01 2.104962e-04 -1.698321e-01 4.788868e-03 -2.079847e-04 9.999884e-01 5.280483e+00
9.999984e-01 -5.111884e-04 1.700680e-03 -1.426433e+00 5.114965e-04 9.999999e-01 -1.804051e-04 -1.763221e-01 -1.700629e-03 1.812769e-04 9.999984e-01 5.427997e+00
9.999909e-01 5.174741e-04 -4.225210e-03 -1.301723e+00 -5.164899e-04 9.999998e-01 2.339210e-04 -1.763880e-01 4.225289e-03 -2.317344e-04 9.999910e-01 5.242288e+00
9.999995e-01 -5.080366e-04 8.392713e-04 -1.103144e+00 5.081879e-04 9.999999e-01 -1.795161e-04 -1.857754e-01 -8.392216e-04 1.799447e-04 9.999995e-01 5.398115e+00
9.998521e-01 5.388198e-04 -1.718931e-02 -8.742176e-01 -5.219969e-04 9.999994e-01 9.831277e-04 -1.936321e-01 1.718978e-02 -9.740073e-04 9.998517e-01 5.504198e+00
9.999380e-01 -3.774870e-04 -1.112684e-02 -5.268323e-01 3.826546e-04 9.999998e-01 4.622465e-04 -2.020224e-01 1.112662e-02 -4.664732e-04 9.999379e-01 5.531607e+00
9.999093e-01 5.590176e-04 -1.345803e-02 -2.149559e-01 -5.486612e-04 9.999996e-01 7.731701e-04 -2.042956e-01 1.345841e-02 -7.657135e-04 9.999090e-01 5.308128e+00
9.999891e-01 -6.030067e-04 4.635483e-03 4.102806e-02 6.045749e-04 9.999998e-01 -3.367689e-04 -2.039602e-01 -4.635328e-03 3.395703e-04 9.999891e-01 4.957730e+00
9.999227e-01 5.919068e-04 -1.242109e-02 3.369777e-01 -5.835515e-04 9.999996e-01 6.762320e-04 -2.162829e-01 1.242143e-02 -6.689288e-04 9.999225e-01 5.131797e+00
9.999495e-01 -5.029590e-04 1.004070e-02 4.353530e-01 5.100362e-04 9.999996e-01 -7.022237e-04 -2.322221e-01 -1.004039e-02 7.073119e-04 9.999493e-01 5.717010e+00
9.999358e-01 6.530568e-04 -1.130947e-02 4.934984e-01 -6.470202e-04 9.999996e-01 5.373571e-04 -2.518929e-01 1.130977e-02 -5.300026e-04 9.999358e-01 6.517458e+00
9.999323e-01 -4.775575e-04 1.162863e-02 5.476029e-01 4.863345e-04 9.999996e-01 -7.518922e-04 -2.744717e-01 -1.162832e-02 7.574992e-04 9.999320e-01 7.460671e+00
9.999159e-01 5.940872e-04 -1.295204e-02 6.052595e-01 -5.860480e-04 9.999996e-01 6.244286e-04 -2.924792e-01 1.295235e-02 -6.167831e-04 9.999158e-01 8.190995e+00
9.999473e-01 -5.210350e-04 1.025191e-02 6.583125e-01 5.278603e-04 9.999996e-01 -6.629849e-04 -3.076193e-01 -1.025161e-02 6.683640e-04 9.999471e-01 8.798206e+00
9.999209e-01 5.705428e-04 -1.256049e-02 6.756622e-01 -5.630406e-04 9.999997e-01 6.007573e-04 -3.207601e-01 1.256078e-02 -5.936353e-04 9.999208e-01 9.351763e+00
9.999456e-01 -5.144483e-04 1.041786e-02 6.935939e-01 5.213256e-04 9.999996e-01 -6.573781e-04 -3.294425e-01 -1.041756e-02 6.627760e-04 9.999454e-01 9.696847e+00
9.998835e-01 5.186117e-04 -1.525685e-02 7.931297e-01 -5.070015e-04 9.999996e-01 7.647931e-04 -3.382628e-01 1.525719e-02 -7.569663e-04 9.998832e-01 9.953044e+00
9.999916e-01 -4.427173e-04 4.080395e-03 8.750102e-01 4.440989e-04 9.999998e-01 -3.375120e-04 -3.503453e-01 -4.080297e-03 3.393238e-04 9.999915e-01 1.040364e+01
9.996868e-01 5.750534e-04 -2.501748e-02 8.317574e-01 -5.427155e-04 9.999990e-01 1.299352e-03 -3.530229e-01 2.501815e-02 -1.285366e-03 9.996861e-01 1.061513e+01
9.999978e-01 -3.226194e-04 -2.083199e-03 7.505223e-01 3.226607e-04 9.999999e-01 1.907610e-05 -3.494377e-01 2.083137e-03 -1.974552e-05 9.999977e-01 1.060794e+01
9.999520e-01 3.090153e-04 -9.793849e-03 5.904470e-01 -3.034003e-04 9.999998e-01 5.747128e-04 -3.415899e-01 9.793968e-03 -5.717111e-04 9.999518e-01 1.041331e+01
9.999950e-01 -2.382555e-04 -3.166093e-03 4.089347e-01 2.384726e-04 1.000000e+00 6.791595e-05 -3.336196e-01 3.166019e-03 -6.866783e-05 9.999949e-01 1.025467e+01
9.999907e-01 2.869723e-04 -4.297482e-03 1.830506e-01 -2.857095e-04 9.999999e-01 2.942581e-04 -3.183425e-01 4.297508e-03 -2.930248e-04 9.999906e-01 9.775094e+00
9.999933e-01 -3.076821e-04 3.652369e-03 -3.194794e-02 3.086003e-04 9.999999e-01 -2.505850e-04 -3.054414e-01 -3.652350e-03 2.517132e-04 9.999932e-01 9.380216e+00
9.998928e-01 3.034010e-04 -1.463628e-02 -2.385474e-01 -2.919095e-04 9.999996e-01 7.872063e-04 -3.004828e-01 1.463645e-02 -7.828466e-04 9.998925e-01 9.378165e+00
9.999650e-01 -3.189272e-04 8.359808e-03 -3.682318e-01 3.235674e-04 9.999998e-01 -5.535854e-04 -3.040465e-01 -8.359690e-03 5.562739e-04 9.999648e-01 9.681075e+00
9.999202e-01 2.765449e-04 -1.262550e-02 -4.592944e-01 -2.677418e-04 9.999997e-01 6.988553e-04 -3.020519e-01 1.262563e-02 -6.954163e-04 9.999200e-01 9.663436e+00
9.999676e-01 -3.133935e-04 8.044700e-03 -5.455339e-01 3.176660e-04 9.999998e-01 -5.296937e-04 -2.936472e-01 -8.044593e-03 5.322349e-04 9.999674e-01 9.333755e+00
9.999455e-01 3.439099e-04 -1.043766e-02 -5.945102e-01 -3.386726e-04 9.999998e-01 5.034400e-04 -2.980492e-01 1.043777e-02 -4.998746e-04 9.999453e-01 9.552523e+00
9.999561e-01 -3.337046e-04 9.358695e-03 -7.591467e-01 3.387123e-04 9.999998e-01 -5.333851e-04 -2.942080e-01 -9.358576e-03 5.365345e-04 9.999560e-01 9.514900e+00
9.999438e-01 3.227723e-04 -1.059695e-02 -9.606996e-01 -3.169761e-04 9.999998e-01 5.485441e-04 -2.851865e-01 1.059707e-02 -5.451514e-04 9.999436e-01 9.278332e+00
9.999589e-01 -2.752625e-04 9.064366e-03 -9.616630e-01 2.808036e-04 9.999998e-01 -6.099278e-04 -2.888204e-01 -9.064257e-03 6.124509e-04 9.999586e-01 9.407535e+00
9.999330e-01 3.588397e-04 -1.156813e-02 -6.905148e-01 -3.522281e-04 9.999998e-01 5.734868e-04 -3.061307e-01 1.156827e-02 -5.693709e-04 9.999328e-01 9.803071e+00
9.999586e-01 -2.939726e-04 9.097114e-03 -3.731400e-01 2.990993e-04 9.999998e-01 -5.620877e-04 -3.177956e-01 -9.097008e-03 5.647883e-04 9.999584e-01 9.885206e+00
9.999033e-01 2.665675e-04 -1.390245e-02 -2.446673e-02 -2.562138e-04 9.999997e-01 7.464465e-04 -3.250218e-01 1.390258e-02 -7.428094e-04 9.999030e-01 9.751685e+00
9.999373e-01 -1.918149e-04 1.119934e-02 3.159108e-01 2.000966e-04 9.999997e-01 -7.382753e-04 -3.429169e-01 -1.119926e-02 7.404729e-04 9.999369e-01 1.008849e+01
9.998682e-01 2.208547e-04 -1.623476e-02 9.503700e-01 -2.060385e-04 9.999996e-01 9.142251e-04 -3.619260e-01 1.623489e-02 -9.107567e-04 9.998677e-01 1.008277e+01
9.999221e-01 -2.147896e-04 1.247978e-02 1.414962e+00 2.246120e-04 9.999997e-01 -7.855821e-04 -3.698190e-01 -1.247967e-02 7.883269e-04 9.999217e-01 9.797860e+00
9.999119e-01 2.182568e-04 -1.327105e-02 1.444053e+00 -2.077208e-04 9.999997e-01 7.952031e-04 -3.630192e-01 1.327116e-02 -7.923735e-04 9.999115e-01 9.401485e+00
9.999469e-01 -2.227828e-04 1.030552e-02 1.704406e+00 2.300210e-04 9.999997e-01 -7.010784e-04 -3.644850e-01 -1.030542e-02 7.034146e-04 9.999466e-01 9.104073e+00
9.998453e-01 2.423591e-04 -1.758905e-02 2.282400e+00 -2.246149e-04 9.999995e-01 1.010732e-03 -3.866896e-01 1.758922e-02 -1.006621e-03 9.998447e-01 9.324321e+00
9.999171e-01 -2.743638e-04 1.286860e-02 2.478788e+00 2.850577e-04 9.999996e-01 -8.290960e-04 -3.841916e-01 -1.286843e-02 8.326986e-04 9.999168e-01 8.916052e+00
9.997619e-01 3.138936e-04 -2.181818e-02 3.305211e+00 -2.862792e-04 9.999992e-01 1.268724e-03 -4.077595e-01 2.181850e-02 -1.262173e-03 9.997611e-01 8.855313e+00
9.998863e-01 -2.382036e-05 1.507639e-02 4.253644e+00 4.187171e-05 9.999993e-01 -1.196932e-03 -4.609158e-01 -1.507642e-02 1.197430e-03 9.998855e-01 9.899658e+00
9.994192e-01 1.987853e-04 -3.407719e-02 4.597356e+00 -1.302810e-04 9.999980e-01 2.012445e-03 -4.832700e-01 3.407745e-02 -2.006834e-03 9.994171e-01 1.048892e+01
9.998656e-01 3.477871e-04 -1.638954e-02 4.793944e+00 -3.400930e-04 9.999998e-01 4.721606e-04 -4.872876e-01 1.638963e-02 -4.665200e-04 9.998655e-01 1.061228e+01
9.998705e-01 -6.633768e-05 -1.608900e-02 5.037225e+00 8.445627e-05 9.999994e-01 1.125385e-03 -4.952937e-01 1.608884e-02 -1.126595e-03 9.998698e-01 1.077955e+01
9.999936e-01 1.521560e-04 -3.567299e-03 5.357976e+00 -1.528418e-04 1.000000e+00 -1.924086e-04 -5.096411e-01 3.567195e-03 1.929560e-04 9.999935e-01 1.106575e+01
9.997256e-01 7.484802e-05 -2.342366e-02 5.809450e+00 -4.013882e-05 9.999989e-01 1.482203e-03 -5.290782e-01 2.342367e-02 -1.480853e-03 9.997244e-01 1.142765e+01
9.999880e-01 5.953126e-05 4.890167e-03 6.342122e+00 -5.668306e-05 9.999998e-01 -5.822219e-04 -5.598747e-01 -4.890278e-03 5.819413e-04 9.999878e-01 1.212316e+01
9.998605e-01 4.494008e-05 -1.670063e-02 6.941871e+00 -2.709947e-05 9.999994e-01 1.068387e-03 -5.946277e-01 1.670059e-02 -1.067781e-03 9.998599e-01 1.286799e+01
9.999721e-01 8.931256e-05 7.467857e-03 7.578835e+00 -8.373675e-05 9.999997e-01 -7.467135e-04 -6.312344e-01 -7.468000e-03 7.460709e-04 9.999718e-01 1.363648e+01
9.998358e-01 3.210470e-05 -1.812040e-02 8.123774e+00 -1.158297e-05 9.999994e-01 1.132532e-03 -6.656614e-01 1.812035e-02 -1.132132e-03 9.998351e-01 1.443532e+01
9.999876e-01 7.318300e-05 4.970262e-03 8.560805e+00 -7.043915e-05 9.999998e-01 -5.518557e-04 -6.932989e-01 -4.970381e-03 5.515024e-04 9.999874e-01 1.510174e+01
9.984874e-01 4.514535e-04 -5.497853e-02 9.041484e+00 -2.903431e-04 9.999956e-01 2.938344e-03 -7.199037e-01 5.497954e-02 -2.917933e-03 9.984831e-01 1.581718e+01
9.998989e-01 1.211885e-04 1.421984e-02 9.584388e+00 -1.066864e-04 9.999995e-01 -1.020451e-03 -7.547022e-01 -1.422004e-02 1.018835e-03 9.998983e-01 1.675811e+01
9.996880e-01 2.867516e-05 -2.497765e-02 1.007458e+01 5.421755e-06 9.999991e-01 1.364946e-03 -7.902327e-01 2.497758e-02 -1.364651e-03 9.996870e-01 1.767351e+01
9.999544e-01 1.318535e-04 9.545157e-03 1.066251e+01 -1.249928e-04 9.999997e-01 -7.191197e-04 -8.284491e-01 -9.545335e-03 7.178976e-04 9.999541e-01 1.859845e+01
9.995868e-01 4.581845e-05 -2.874239e-02 1.140582e+01 -1.070630e-06 9.999988e-01 1.556796e-03 -8.733202e-01 2.874234e-02 -1.556118e-03 9.995856e-01 1.961000e+01
9.998803e-01 9.073648e-05 1.546751e-02 1.195163e+01 -7.484714e-05 9.999995e-01 -1.027692e-03 -9.082637e-01 -1.546768e-02 1.026415e-03 9.998798e-01 2.043650e+01
9.995765e-01 3.584365e-05 -2.910048e-02 1.240267e+01 1.115521e-05 9.999987e-01 1.614813e-03 -9.377943e-01 2.910041e-02 -1.614450e-03 9.995751e-01 2.116669e+01
9.998991e-01 2.635778e-05 1.420054e-02 1.281217e+01 -1.375824e-05 9.999996e-01 -8.871775e-04 -9.571877e-01 -1.420065e-02 8.868966e-04 9.998987e-01 2.152903e+01
9.995294e-01 6.617383e-05 -3.067568e-02 1.327149e+01 -1.425361e-05 9.999986e-01 1.692691e-03 -9.806379e-01 3.067566e-02 -1.691453e-03 9.995279e-01 2.200338e+01
9.998788e-01 7.185117e-05 1.556842e-02 1.369033e+01 -5.596419e-05 9.999995e-01 -1.020725e-03 -1.008843e+00 -1.556857e-02 1.019734e-03 9.998782e-01 2.272434e+01
9.995029e-01 5.969828e-05 -3.152707e-02 1.413812e+01 -4.502746e-06 9.999985e-01 1.750724e-03 -1.037510e+00 3.152704e-02 -1.749707e-03 9.995013e-01 2.343057e+01
9.998604e-01 7.369521e-05 1.670752e-02 1.464769e+01 -5.547385e-05 9.999994e-01 -1.090903e-03 -1.068717e+00 -1.670768e-02 1.089828e-03 9.998598e-01 2.415975e+01
9.993843e-01 1.380783e-04 -3.508570e-02 1.511246e+01 -7.159527e-05 9.999982e-01 1.896051e-03 -1.103052e+00 3.508580e-02 -1.892368e-03 9.993824e-01 2.509262e+01
9.998271e-01 7.548245e-05 1.859069e-02 1.566356e+01 -5.288400e-05 9.999993e-01 -1.215910e-03 -1.143186e+00 -1.859086e-02 1.214721e-03 9.998264e-01 2.614761e+01
9.993858e-01 1.415161e-04 -3.504065e-02 1.641434e+01 -7.755416e-05 9.999983e-01 1.826639e-03 -1.192582e+00 3.504076e-02 -1.822796e-03 9.993842e-01 2.732635e+01
9.998150e-01 5.939874e-05 1.923375e-02 1.700085e+01 -3.687334e-05 9.999993e-01 -1.171334e-03 -1.232251e+00 -1.923390e-02 1.170412e-03 9.998143e-01 2.831143e+01
9.992985e-01 1.468406e-04 -3.744911e-02 1.751374e+01 -7.311394e-05 9.999981e-01 1.970003e-03 -1.267908e+00 3.744924e-02 -1.965879e-03 9.992965e-01 2.923545e+01
9.998597e-01 8.596451e-05 1.674582e-02 1.805040e+01 -6.862447e-05 9.999995e-01 -1.035868e-03 -1.304899e+00 -1.674599e-02 1.034577e-03 9.998592e-01 3.019464e+01
9.980052e-01 4.752326e-04 -6.312934e-02 1.863173e+01 -2.746627e-04 9.999949e-01 3.185721e-03 -1.339890e+00 6.313043e-02 -3.162022e-03 9.980002e-01 3.111739e+01
9.999794e-01 3.000244e-04 6.410011e-03 1.911660e+01 -2.969647e-04 9.999998e-01 -4.777230e-04 -1.365987e+00 -6.410251e-03 4.758138e-04 9.999793e-01 3.183400e+01
9.994892e-01 -4.045212e-05 -3.195838e-02 1.956451e+01 9.386774e-05 9.999986e-01 1.669806e-03 -1.392669e+00 3.195817e-02 -1.671948e-03 9.994877e-01 3.249627e+01
9.997613e-01 1.450538e-04 2.184570e-02 1.987509e+01 -1.173203e-04 9.999992e-01 -1.270619e-03 -1.415625e+00 -2.184596e-02 1.267757e-03 9.997605e-01 3.311920e+01
9.991280e-01 6.904664e-05 -4.175037e-02 2.054580e+01 2.232470e-05 9.999976e-01 2.187961e-03 -1.456932e+00 4.175032e-02 -2.186981e-03 9.991256e-01 3.408995e+01
9.998646e-01 2.214213e-04 1.645194e-02 2.162758e+01 -2.028194e-04 9.999993e-01 -1.132105e-03 -1.523133e+00 -1.645228e-02 1.128619e-03 9.998640e-01 3.557868e+01
9.991596e-01 4.975062e-05 -4.098760e-02 2.266414e+01 3.827356e-05 9.999977e-01 2.146703e-03 -1.586694e+00 4.098751e-02 -2.146463e-03 9.991573e-01 3.701165e+01
9.999170e-01 2.493762e-04 1.287613e-02 2.365752e+01 -2.378108e-04 9.999996e-01 -8.994083e-04 -1.648571e+00 -1.287645e-02 8.962758e-04 9.999166e-01 3.844669e+01
9.993575e-01 1.211786e-05 -3.583958e-02 2.460457e+01 5.330583e-05 9.999983e-01 1.824393e-03 -1.709595e+00 3.583944e-02 -1.825127e-03 9.993558e-01 3.988314e+01
9.999619e-01 2.861682e-04 8.722573e-03 2.568512e+01 -2.804324e-04 9.999997e-01 -6.583062e-04 -1.776078e+00 -8.722859e-03 6.558392e-04 9.999617e-01 4.139639e+01
9.992027e-01 2.961813e-05 -3.992279e-02 2.682915e+01 5.231356e-05 9.999979e-01 2.051104e-03 -1.844285e+00 3.992266e-02 -2.051553e-03 9.992006e-01 4.291044e+01
