0.9995601013581854 -0.0006549769450736008 0.029650881572319272 0.031848564743995667 0.0006631718981960333 0.9999997445774867 -0.0002665482974496838 -0.0087070157751441 -0.029650699415827 0.00028609467463115837 0.9995602804103361 0.5788366198539734
0.9997032530162904 -0.0005583776855327743 0.024353523831412222 0.025980835780501366 0.000564034121084363 0.9999998155312793 -0.00022539502573277106 -0.009317328222095966 -0.024353393483396036 0.0002390643588482994 0.9997033835463772 0.5926820039749146
0.9994818198771492 -0.0007083776447923592 0.03218058321681618 0.034610647708177567 0.0007174529821254431 0.9999997060544521 -0.00027046668559360415 -0.008150048553943634 -0.032180382164923284 0.00029341459052867694 0.9994820343115717 0.5632088780403137
0.9993354785405938 -0.000732489183062563 0.03644262325408228 0.03938111290335655 0.000742576608544279 0.9999996896347907 -0.000263268499151448 -0.008831920102238655 -0.036442419102232025 0.00029015499116664956 0.9993357123109622 0.5956117510795593
0.9989405832419396 -0.0009272722862883702 0.04600925252990469 0.049920521676540375 0.0009433968085507379 0.999999500962876 -0.0003287498445525028 -0.007830499671399593 -0.04600892472895966 0.0003718065434584912 0.9989409595192196 0.5623797178268433
0.9994271281321531 -0.0006875161814031406 0.03383700452192879 0.03651421144604683 0.0006965348832233358 0.9999997249715965 -0.00025474671262682336 -0.009176499210298061 -0.03383682007330437 0.0002781694293950422 0.9994273321403089 0.6139919757843018
0.9992668534100483 -0.0007728651516982714 0.03827738699857123 0.04134804755449295 0.0007843607196054637 0.9999996516891826 -0.0002853064583019169 -0.008656262420117855 -0.0382771531627241 0.0003151205656557378 0.9992671115596603 0.5894282460212708
0.9990730717298202 -0.0009077639334234571 0.04303688312346216 0.04654113948345184 0.0009227916502352042 0.9999995200027223 -0.00032931731666572433 -0.007701724302023649 -0.0430365635234927 0.00036872613953352644 0.9990734298544438 0.5430781245231628
0.9992008359048111 -0.0008152524878018527 0.039962793827606764 0.0433177724480629 0.0008274226010989441 0.9999996162146018 -0.00028799737561880463 -0.008349090814590454 -0.03996254369989307 0.0003208333372727207 0.9992011269844544 0.5825583934783936
0.9996034353410871 -0.0005880424072457352 0.028153618957857507 0.030280932784080505 0.000594391245810066 0.9999997997748841 -0.00021713875408647357 -0.009428869932889938 -0.028153485634000233 0.0002337869091769453 0.9996035847226326 0.6284486055374146
0.999273855915225 -0.0007384742689861444 0.03809482300880266 0.04133450239896774 0.0007502723494564754 0.9999996749127106 -0.00029540797991897596 -0.008738764561712742 -0.03809459247346789 0.0003237749635227055 0.9992740851208207 0.6040393710136414
0.9992376012521005 -0.0007994102407907299 0.039033026877439314 0.04226382449269295 0.0008112790715251104 0.9999996293739161 -0.0002882330623158106 -0.00879938155412674 -0.03903278199431967 0.00031967999159394147 0.9992378794533795 0.5947231650352478
0.9995430821726448 -0.0005970408074001389 0.03022036437708925 0.03266986086964607 0.0006047073440155003 0.9999997872623673 -0.00024454907195622764 -0.009506117552518845 -0.0302202119423051 0.00026271180940323795 0.9995432305671764 0.6302478313446045
0.9995643839465677 -0.0006095251075478643 0.029507131759321993 0.03169385343790054 0.0006162430080627364 0.9999997862342642 -0.00021857717367904233 -0.009318521246314049 -0.02950699222343297 0.00023666552158794197 0.9995645458895375 0.6240212321281433
0.9996830479134889 -0.0005110063422813536 0.025170271887982605 0.027077488601207733 0.0005159627624311652 0.9999998487610207 -0.00019042154097918335 -0.009839123114943504 -0.025170170774641232 0.00020334810948892038 0.9996831603826892 0.6482775807380676
0.9997054678785435 -0.0005248198787213531 0.024263183176099427 0.02605900540947914 0.0005300258558126515 0.9999998378767521 -0.00020813231719887443 -0.009776224382221699 -0.0242630700104959 0.00022093112997359745 0.9997055839711516 0.6273055672645569
0.9997931881119698 -0.0004289973651992978 0.0203321658011113 0.0218331441283226 0.0004330268571454236 0.999999887468348 -0.00019378088682508207 -0.010200360789895058 -0.020332080381609226 0.00020254518448982852 0.9997932613709716 0.6576372981071472
0.9998989837109087 -0.00030215417624082896 0.014210245485071268 0.015297417528927326 0.0003031597115993727 0.9999999516936161 -6.860725147048384e-05 -0.011311572045087814 -0.014210224068658139 7.290829494354603e-05 0.9998990270103773 0.7041820287704468
0.9999970832678252 -1.455458336863065e-06 0.002415254380817333 0.002171216532588005 1.1732724279208793e-06 0.9999999931739544 0.00011683627338380274 -0.01211014948785305 -0.002415254534381024 -0.00011683309885231355 0.9999970764435071 0.7268444895744324
0.9999925851943174 1.1584842482552203e-05 0.0038508988791512103 0.0038032387383282185 -1.1939070646649103e-05 0.9999999957001453 9.196286351180955e-05 -0.012046625837683678 -0.0038508977972176164 -9.200815777881789e-05 0.9999925810328067 0.7351390719413757
0.9999819067573078 -1.5530418257946187e-05 0.006015473117336091 0.006656598299741745 1.5552942521293745e-05 0.999999999872217 -3.6976081073934856e-06 -0.012654179707169533 -0.0060154730591420146 3.791099513304933e-06 0.9999819068710706 0.7694146633148193
0.9999679475326022 -5.3093173079156206e-05 0.008006315541474898 0.009023276157677174 5.332055239818554e-05 0.9999999981812185 -2.8186543380384973e-05 -0.012739700265228748 -0.008006314030400136 2.8612541099467838e-05 0.9999679485448365 0.7791983485221863
0.9999918665407387 -1.7585570559521983e-05 0.004033180273355237 0.0046623158268630505 1.735684377990322e-05 0.9999999982393007 5.674626580657481e-05 -0.013981827534735203 -0.00403318126416948 -5.667580098319282e-05 0.9999918650852836 0.8401935696601868
0.9999937896256934 8.325146374064542e-06 0.003524292941374677 0.004009891301393509 -8.298990088186502e-06 0.999999999937914 -7.436335637229596e-06 -0.01357632502913475 -0.00352429300306445 7.407041382613484e-06 0.9999937896326979 0.8159834742546082
0.9999967412217098 1.1595447114381575e-05 0.0025529221504354527 0.0026778406463563442 -1.1747134218785601e-05 0.9999999981666998 5.9402063760593523e-05 -0.012831446714699268 -0.0025529214569616917 -5.943185970158903e-05 0.9999967395246289 0.7721310257911682
0.9999906746526417 -1.875021522528722e-05 0.004318594237024825 0.004674822092056274 1.869260105486233e-05 0.9999999997357635 1.3381317460396413e-05 -0.012454948388040066 -0.004318594486786278 -1.3300466915772449e-05 0.9999906747388979 0.7577885985374451
0.9999153862991224 0.0003095559150409114 -0.013004784404672133 -0.01573406159877777 -0.00030486630385597943 0.999999887793413 0.00036258750397025256 -0.011106044054031372 0.013004895186556236 -0.00035859210354575343 0.9999153684751974 0.6576625108718872
0.9998836981899613 0.0004040056812535924 -0.015245552576920866 -0.018414104357361794 -0.00039813457067570436 0.999999845419538 0.0003881362691090435 -0.011026233434677124 0.01524570702951413 -0.0003820213466284783 0.9998837044761059 0.6513584852218628
0.9999985059524751 3.804733108702666e-05 -0.001728191314091885 -0.002564710099250078 -3.7733184466191535e-05 0.999999982760678 0.00018180992898977894 -0.012575278989970684 0.0017281982016816018 -0.00018174444719545706 0.9999984901488259 0.7552261352539062
0.999993051804845 9.70477369522597e-05 -0.003726516304718218 -0.004759233444929123 -9.643821318495809e-05 0.9999999819439008 0.00016374330249167927 -0.012323416769504547 0.0037265321283488184 -0.0001633827861974266 0.9999930431079816 0.7244452834129333
0.9999813895081362 0.00014351562063317626 -0.00609918360475072 -0.007594008464366198 -0.00014218130002083038 0.9999999658671735 0.00021920339906441897 -0.011969233863055706 0.006099214855680205 -0.00021833212972735493 0.9999813757811822 0.7022913694381714
0.999996130108326 5.7741541443264615e-05 -0.0027814446401794738 -0.003920278046280146 -5.7142792676063896e-05 0.9999999751807493 0.00021534437963068137 -0.012382128275930882 0.002781457005462523 -0.00021518460675684585 0.9999961085886844 0.7588139176368713
0.9999969851283258 7.702021826900879e-05 -0.002454343526192257 -0.0030763917602598667 -7.666924618976399e-05 0.9999999868229446 0.00014309415472437353 -0.013634726405143738 0.002454354514994267 -0.00014290555064581587 0.9999969778563924 0.8187429904937744
0.9999820738170613 0.00010046818942071958 -0.005986814735068086 -0.007504590321332216 -9.89501267161817e-05 0.9999999628811382 0.0002538633381193272 -0.012749113142490387 0.005986840018034279 -0.0002532663912420254 0.9999820466402051 0.7437915205955505
0.9998553563359266 0.0004329577837538956 -0.017002322015383407 -0.020300347357988358 -0.0004239920705025587 0.9999997691751802 0.0005309240156951885 -0.011604071594774723 0.01700254795851067 -0.0005236383711855603 0.9998553091151613 0.6828128695487976
0.999777091555589 0.0006242809200047296 -0.021103968204583504 -0.025327082723379135 -0.0006106960370701291 0.9999996021770007 0.0006501508982535238 -0.011278361082077026 0.021104365685740478 -0.0006371178643791687 0.9997770750671517 0.6748505234718323
0.9999413634147333 0.0002004499149010706 -0.010827259677106642 -0.01336435042321682 -0.00019432028939284904 0.9999998202743401 0.0005671780250575308 -0.01279379427433014 0.010827371421957112 -0.0005650408114411164 0.9999412226510976 0.7627214789390564
0.9999817822029635 0.00010899591081979262 -0.006035178711196389 -0.007549137342721224 -0.00010718417083778764 0.9999999490998798 0.00030051920255569695 -0.01319569256156683 0.006035211159369268 -0.0002998668521318418 0.9999817429864071 0.7746558785438538
0.9999771392082899 0.000194213920049957 -0.006758945314021837 -0.008510786108672619 -0.00019251420839884654 0.9999999496854883 0.0002521255650665093 -0.011598851531744003 0.00675899394024314 -0.0002508186082697414 0.9999771262838674 0.6847738027572632
0.9999719121464192 0.00020510331912500414 -0.0074921859869294 -0.009287559427320957 -0.00020296557245592006 0.9999999384789169 0.0002860893899225398 -0.01143115945160389 0.007492244203885443 -0.00028456069846786124 0.9999718922559766 0.6797683238983154
0.9999963775511385 6.468719657443002e-05 -0.0026908549138754487 -0.0036875223740935326 -6.407376113453174e-05 0.9999999719424965 0.00022805604482639826 -0.012693425640463829 0.0026908695906829793 -0.00022788280551003898 0.9999963536384885 0.7784578204154968
0.9999997984795349 5.1043128851308244e-05 -0.0006327997222753174 -0.000658232718706131 -5.097990291487829e-05 0.9999999937074887 9.993033578912453e-05 -0.014337369240820408 0.0006328048190504238 -9.989805558271065e-05 0.9999997947891986 0.8508695363998413
0.9999999944501801 4.552823288153508e-05 9.500957737942668e-05 0.0009305718122050166 -4.5527073953871814e-05 0.9999999988892211 -1.2200135928455612e-05 -0.016890790313482285 -9.501013272452179e-05 1.2195810352691375e-05 0.9999999954121683 0.9700175523757935
0.9999906515161526 5.993866974826593e-05 0.004323573482247056 0.00562829477712512 -5.9223259120294895e-05 0.9999999845354047 -0.00016559527706996304 -0.016271017491817474 -0.004323583340945367 0.00016533767289252538 0.9999906396014653 0.9490493535995483
0.9999905723402069 -9.183440822143928e-06 0.004342251302013384 0.005120068788528442 9.192374435546689e-06 0.9999999999556747 -2.037411152792867e-06 -0.013838505372405052 -0.004342251283110467 2.077307544635007e-06 0.9999905723802996 0.827522337436676
0.9999995598713265 1.855187068345552e-05 -0.0009380367697355667 -0.0013288002228364348 -1.846368445738753e-05 0.9999999954096609 9.402005353204369e-05 -0.012595799751579762 0.0009380385096775345 -9.400269253619641e-05 0.9999995556235253 0.7345818877220154
0.9999973124070943 5.2119006854573855e-05 -0.002317857242522361 -0.003134970087558031 -5.166302176282755e-05 0.9999999793030152 0.00019678643440284278 -0.013051231391727924 0.002317867450863229 -0.00019666615801185424 0.9999972944027908 0.7942526340484619
0.9999969879748094 8.545603926459611e-05 -0.0024529041102343287 -0.0030602100305259228 -8.517447235326483e-05 0.9999999897724035 0.00011489343745720406 -0.013519597239792347 0.002452913903485118 -0.00011468416658195387 0.9999969850259168 0.8004488348960876
0.9998535392338072 0.0004292553825286088 -0.017108939810708147 -0.020408567041158676 -0.0004220950630456183 0.9999998218242858 0.0004221222031493709 -0.010721031576395035 0.01710911796053836 -0.00041483877978002603 0.9998535422707664 0.6350546479225159
0.9998606159548564 0.00046232905386049184 -0.016689365303111634 -0.02000095136463642 -0.00045543215996561516 0.999999809325756 0.000417049156212111 -0.011092545464634895 0.01668955493482133 -0.00040939015252524323 0.9998606358667093 0.6602672338485718
0.9999596012513635 0.00020995371350702834 -0.008986199677958658 -0.010948850773274899 -0.00020701409610282589 0.9999999247626478 0.00032805466425416257 -0.012595235370099545 0.008986267878155783 -0.00032618114125251027 0.999959569480429 0.7345095872879028
0.9999767748201533 0.00014209121525966963 -0.0068139291433467015 -0.00845527183264494 -0.00014013430209316302 0.9999999488042766 0.00028766963893758876 -0.012511725537478924 0.00681396966983126 -0.0002867080925534729 0.9999767435374725 0.7361453771591187
0.9999952544166804 4.781258510048111e-05 -0.0030803990123927693 -0.0039070225320756435 -4.725324372516683e-05 0.9999999823845969 0.00018165334264501264 -0.013136266730725765 0.003080407643446203 -0.00018150692174863644 0.9999952390606606 0.7745286822319031
0.9998406953372588 0.0004726986185283727 -0.017842659653844517 -0.021399568766355515 -0.00046303420610234583 0.9999997438651487 0.0005457737270339656 -0.01164912711828947 0.017842913070204337 -0.0005374250209868752 0.9998406581188405 0.6853200793266296
0.9999994783362273 6.71505803479527e-05 -0.0010192242505127648 -0.0013534342870116234 -6.705464484331751e-05 0.9999999933187955 9.415988279238073e-05 -0.01333611086010933 0.0010192305665938943 -9.40914899524472e-05 0.9999994761577846 0.7985752820968628
0.9999592914726678 -0.00013972917205684658 0.009021966151466146 0.01036295760422945 0.0001405775364690161 0.99999998575728 -9.339911984378421e-05 -0.01403425820171833 -0.009021952972387124 9.466360347884124e-05 0.9999592968733106 0.8359258770942688
0.9999482410777232 0.00028354507732779663 -0.010170288479515942 -0.012102838605642319 -0.00027989412810783097 0.9999998958843216 0.00036040341670568854 -0.011968821287155151 0.010170389611244118 -0.0003575381585866757 0.9999482163300359 0.7080157995223999
0.9997500081041049 0.0006056166769384118 -0.02235071641543759 -0.02661481872200966 -0.0005933737681739881 0.999999670278751 0.0005543915229696391 -0.010308613069355488 0.022351044794683316 -0.0005409906007609271 0.999750037822333 0.6149827837944031
0.9995500926332562 0.000874749052317682 -0.029980779358513066 -0.03559131920337677 -0.0008532748435757504 0.9999993702022835 0.000729052177182692 -0.009566225111484528 0.029981398214387778 -0.0007031423264200228 0.9995502095202514 0.564574122428894
0.9996752161439689 0.0007375015267192911 -0.025473875225560175 -0.030426327139139175 -0.0007208487773676192 0.9999995204732225 0.0006628954407583186 -0.009886117652058601 0.02547435189655449 -0.0006443173312097632 0.9996752684000078 0.5943387746810913
0.9999584840519365 0.00022868885610067362 -0.009109219174020229 -0.011222553439438343 -0.0002265031160012647 0.9999999453127139 0.00024097906117977167 -0.011243191547691822 0.009109273785087598 -0.0002389057901783293 0.9999584811656591 0.6653836965560913
0.9999832987040586 8.209070707999381e-05 -0.005778890383557552 -0.007298881188035011 -8.123774428693919e-05 0.9999999857727193 0.00014783433220446482 -0.011178873479366302 0.005778902437164519 -0.00014736239916029068 0.9999832911458795 0.6582782864570618
0.9999801555742711 0.00013738019892414705 -0.00629837950095637 -0.007995065301656723 -0.00013624732865238372 0.9999999744650694 0.00018029566392296442 -0.011180480010807514 0.00629840410918186 -0.0001794339486772082 0.999980148757532 0.6739265322685242
0.9999993558732306 -5.698924560315183e-05 0.0011335807645549126 0.00029944151174277067 5.6887611450402726e-05 0.9999999943597823 8.968966070154065e-05 -0.01106059830635786 -0.001133585869507372 -8.962511622794762e-05 0.9999993534749986 0.6601588726043701
0.9999494444213394 0.0002864666983324159 -0.010051195863445987 -0.01254898402839899 -0.0002836449635751994 0.9999999199654561 0.0002821606208637104 -0.010803881101310253 0.010051275888624568 -0.0002792953849856731 0.999949445645678 0.6594467759132385
0.9999496687336454 0.0002973815340180118 -0.010028537465441037 -0.012201578356325626 -0.0002938569813071041 0.9999998945463572 0.0003529239988517419 -0.011414346285164356 0.0100286413609754 -0.0003499592799934331 0.9999496506729502 0.686689019203186
0.9999353101596933 0.00029911760457778606 -0.011370401246064386 -0.014000141061842442 -0.0002954501036886556 0.9999999037932208 0.0003242264412868768 -0.010448131710290909 0.011370497133991162 -0.0003208460809030354 0.9999353023334651 0.6414923667907715
0.999745551133976 0.0006681539804427516 -0.02254742907918481 -0.027064302936196327 -0.0006542316611446814 0.9999995907784579 0.0006248390594726112 -0.010198346339166164 0.022547837340995833 -0.000609928827901464 0.9997455791440484 0.6276254653930664
0.9999340742626998 0.00035120496326222696 -0.011477098216514265 -0.014032444916665554 -0.0003469621535980074 0.9999998707411132 0.0003716651999640887 -0.011147517710924149 0.011477227263660223 -0.0003676585789474946 0.9999340668671648 0.6721838712692261
0.9999985388006842 0.0001007831208388196 -0.0017065284231124551 -0.0028595165349543095 -0.00010052075501691617 0.9999999831163389 0.00015382750009813756 -0.011060448363423347 0.0017065438975155383 -0.00015365573379995056 0.9999985320478432 0.6798530220985413
0.9999964635428731 8.532010542174482e-05 -0.0026581238170647215 -0.003869684413075447 -8.488707249405738e-05 0.9999999831090658 0.00016302163325190053 -0.010936056263744831 0.002658137681189462 -0.0001627954163837264 0.9999964538945726 0.6477019786834717
0.9999856772585237 0.00017443859237851762 -0.0053492849044524185 -0.00759067852050066 -0.000173396366590359 0.9999999658962422 0.0001952977583245122 -0.009732114151120186 0.005349318789487759 -0.00019436741455892013 0.9999856734022725 0.6003371477127075
0.9999802160922995 -0.0001308947157596277 0.006288902175369529 0.006216475274413824 0.00013122755995421728 0.9999999900108545 -5.251302993318272e-05 -0.010933051817119122 -0.006288895238870643 5.333726830750996e-05 0.9999802232803457 0.692352294921875
0.9999458488464891 -0.00013999139602470688 0.010405756920232281 0.01130017638206482 0.00014127866903721015 0.9999999824590137 -0.00012297280005720235 -0.012220972217619419 -0.010405739522571091 0.00012443625242624398 0.9999458510842509 0.7578216791152954
0.9996944365036794 -0.0004962616167562229 0.024714112324721163 0.026327699422836304 0.000502042327276824 0.9999998480533087 -0.00022769905886764173 -0.009967724792659283 -0.02471399557119048 0.00024003701281518906 0.9996945337477543 0.6468624472618103
0.9995746748112627 -0.0006013080782398769 0.029156609963312374 0.03128409758210182 0.0006090050789101737 0.9999997820161437 -0.0002551087576704017 -0.00949641689658165 -0.02915645020868529 0.0002727567770413573 0.9995748231197945 0.635013997554779
0.9997565833030903 -0.00042056719131828326 0.022058949779376367 0.023926375433802605 0.00042572206366180257 0.9999998831619927 -0.00022899066699613455 -0.011302074417471886 -0.022058850896090974 0.00023832590846663935 0.9997566455382558 0.725347638130188
0.9999450283359316 -0.00010213475987770942 0.010484744858277882 0.011602109298110008 0.00010313028436008993 0.9999999902255247 -9.44091869403569e-05 -0.012695584446191788 -0.010484735113335366 9.548529182892464e-05 0.9999450290951807 0.7839415669441223
0.9999997406846698 1.722408247553105e-05 -0.0007199541123479126 -0.00035461189690977335 -1.7172318818157686e-05 0.9999999972674147 7.190467067934069e-05 -0.015565577894449234 0.0007199553488725549 -7.18922887518056e-05 0.9999997382478628 0.9047914147377014
0.9999997854566945 7.180392924265585e-05 -0.0006510996545038363 -0.0003929816884920001 -7.186339778854992e-05 0.9999999932488288 -9.131261617560217e-05 -0.015118297189474106 0.0006510930935035203 9.135938681856328e-05 0.9999997838655994 0.8797030448913574
0.9999818294074195 6.66399770618419e-05 -0.006027969318401364 -0.00727708637714386 -6.516439237477513e-05 0.9999999678677899 0.00024498575613076854 -0.012904777191579342 0.006027985450554557 -0.0002445884956365185 0.999981801618347 0.755286693572998
0.9999914436226134 6.80372189013064e-05 -0.004136188160477458 -0.005343946162611246 -6.668518338127662e-05 0.9999999443066035 0.00032701663026977687 -0.012964548543095589 0.004136210179421149 -0.0003267380097260956 0.9999913924667677 0.7924830317497253
0.9999950843070866 5.067238570399725e-05 -0.0031350907437472735 -0.003873303532600403 -4.994335788433973e-05 0.999999971697756 0.00023261587983703576 -0.013653278350830078 0.003135102442218755 -0.0002324581594097889 0.9999950585357311 0.8251415491104126
0.9999990476179603 3.814444504770341e-05 -0.0013796043541171267 -0.0012192671420052648 -3.800578054321936e-05 0.9999999942239948 0.00010053641811900799 -0.015003452077507973 0.0013796081810544007 -0.00010048388942960998 0.9999990432916699 0.8793888092041016
0.9999983738566102 5.045125624355158e-05 -0.001802703194193151 -0.002129616215825081 -5.033060242100603e-05 0.9999999964906107 6.697469148431841e-05 -0.013677895069122314 0.0018027065668240856 -6.688385143611653e-05 0.9999983728864685 0.8135878443717957
0.9999873125885445 0.00011822577010051529 -0.0050359392974866565 -0.00622450839728117 -0.00011729144521197122 0.9999999758556442 0.0001858263381672762 -0.012369821779429913 0.005035961145359081 -0.00018523330791386265 0.9999873023113665 0.7295039296150208
0.9999983982143489 2.8485037811165764e-05 -0.001789624915855404 -0.0024902860168367624 -2.8298051277947474e-05 0.9999999941385574 0.00010450887893342064 -0.011970761232078075 0.0017896278823049878 -0.00010445806863496077 0.9999983931589866 0.7168687582015991
0.999967565400857 0.0001902573921717403 -0.008051828885871696 -0.01000903733074665 -0.00018842830952654204 0.9999999562732514 0.00022792162483333063 -0.01130968052893877 0.008051871897565361 -0.00022639703978123138 0.9999675575254056 0.6835151314735413
0.9999999977910243 3.11056114117328e-05 5.874003904691679e-05 -0.00020378269255161285 -3.11094320123562e-05 0.9999999974008229 6.504273429866084e-05 -0.01282587181776762 -5.8738015700222785e-05 -6.504456152423416e-05 0.9999999961595252 0.7765004634857178
0.9999905870575261 -2.8074933638299216e-05 0.004338779568305503 0.004712156020104885 2.827586901312134e-05 0.9999999985306989 -4.625016177593195e-05 -0.01256468053907156 -0.004338778263460308 4.637240918856996e-05 0.9999905863820819 0.7642920017242432
0.999996278186638 -5.415359158848072e-05 0.002727761034329959 0.002599345985800028 5.413684548275994e-05 0.9999999985153004 6.21297552848899e-06 -0.011814408004283905 -0.002727761366734993 -6.065280027324237e-06 0.9999962796336487 0.7210783958435059
0.9999929465081487 0.00010239312031370632 -0.003754523884563837 -0.005000910721719265 -0.00010177195928443769 0.9999999811039172 0.0001656340354317639 -0.011393392458558083 0.003754540773403761 -0.00016525076188153242 0.9999929380329476 0.6974470019340515
0.9999998963511186 2.5604256990799267e-06 0.000455292429284198 0.00027626892551779747 -2.594659430051165e-06 0.9999999971698605 7.519006924379018e-05 -0.01278967410326004 -0.0004552922354770714 -7.519124277921868e-05 0.999999893527623 0.7734457850456238
0.9999986739265846 3.990986834606335e-05 -0.0016280516806204458 -0.0019891741685569286 -3.978728731143009e-05 0.9999999963715277 7.532540406742245e-05 -0.013391124084591866 0.0016280546809400648 -7.52605284204319e-05 0.9999986718860224 0.7991907000541687
0.9999924431622961 -4.5843334825625153e-05 0.003887353430127687 0.00421967264264822 4.590651515154182e-05 0.9999999988156656 -1.616356044165734e-05 -0.012505000457167625 -0.0038873526845322475 1.634189314539392e-05 0.9999924440824783 0.7551562786102295
0.9999121032804639 -0.0002630269366221809 0.013255811181125782 0.014249238185584545 0.000264679279713671 0.999999957420691 -0.0001228962775887225 -0.011528204195201397 -0.013255778291671084 0.00012639401396452007 0.9999121303226776 0.7071027755737305
0.99989297374068 -0.0002690559226775638 0.014627668061937627 0.015787649899721146 0.00027160912856130935 0.9999999482257612 -0.00017256000711775215 -0.011417604051530361 -0.014627620876309316 0.00017651454684086907 0.9998929950500272 0.7111652493476868
0.9998626628257765 -0.0003280717166354116 0.016569485685929194 0.017738619819283485 0.0003312943656677449 0.9999999267382752 -0.0001917485005653598 -0.011028273031115532 -0.016569421564760354 0.00019721154361789127 0.9998626982624246 0.6899513602256775
0.9998606506152047 -0.0003420573181677809 0.0166901871808176 0.017962753772735596 0.00034545101304980585 0.9999999202412649 -0.0002004521424291544 -0.011294251307845116 -0.016690117283507118 0.0002061898516160303 0.999860689031631 0.7132933139801025
0.9997655852999091 -0.00043298377538314816 0.021646869865637935 0.023313935846090317 0.0004376883881311379 0.9999998816156505 -0.0002125971765350065 -0.010876044631004333 -0.0216467752518592 0.00022202192421120448 0.9997656564552816 0.6816122531890869
0.9999269782674434 -0.00011956152652774759 0.012084032356003546 0.01317327469587326 0.00012094379623094801 0.9999999862272954 -0.00011365741036442182 -0.011858848854899406 -0.012084018600520255 0.00011511059965031179 0.9999269789559695 0.742382287979126
0.9999349035318003 -0.00010572075793984989 0.011409536448531812 0.012805708684027195 0.00010687155787181637 0.999999989263869 -0.0001002533373016325 -0.012830270454287529 -0.011409525727178729 0.0001014661660982988 0.9999349040949105 0.7920078039169312
0.9999641843082987 -6.64502511749583e-05 0.008463195909525299 0.00972391851246357 6.672380774033606e-05 0.9999999972606626 -3.2040731536776696e-05 -0.013681372627615929 -0.00846319375722709 3.260428063255005e-05 0.9999641860028731 0.8322057723999023
0.9999840483142871 -3.0299554919683897e-06 0.005648283614392075 0.006540015339851379 3.4500494926530065e-06 0.9999999972289144 -7.43657726225723e-05 -0.014001557603478432 -0.005648283373415217 7.438407322115783e-05 0.9999840455536994 0.8416282534599304
0.9999520711845543 -0.00012063435499781411 0.009789830492515743 0.010796782560646534 0.0001218916686704812 0.9999999844004414 -0.00012783402451905878 -0.012534864246845245 -0.009789814918623616 0.00012902119636042385 0.9999520702900663 0.7670584321022034
0.9999901025556843 -3.944290627602158e-05 0.004448958859042168 0.005075368098914623 3.9348772376596014e-05 0.9999999990001376 2.1246164612079054e-05 -0.013683229684829712 -0.004448959692604299 -2.107089325989059e-05 0.9999901031078615 0.8256047368049622
0.9999993080878437 6.5648175142433695e-06 0.0011763421003730585 0.0018212104914709926 -6.563809861953902e-06 0.999999999978088 -8.60458641354565e-07 -0.015762468799948692 -0.0011763421059960363 8.527367601133107e-07 0.9999993081090218 0.9189673662185669
0.9999970236633421 5.710817896476448e-05 0.002439139830569196 0.0031726700253784657 -5.68324544720374e-05 0.9999999919880034 -0.00011311085335757827 -0.015314720571041107 -0.0024391462705816726 0.00011297189439822726 0.9999970188969673 0.8984755277633667
0.9999990732158833 2.7913817290901465e-05 0.0013611716252314849 0.0016875657020136714 -2.788561052049537e-05 0.9999999993960937 -2.0741394374037716e-05 -0.014184679836034775 -0.0013611722033809576 2.0703418049450093e-05 0.9999990733903714 0.8410536646842957
0.9999991114043091 2.7776210710933517e-05 0.00133282372208933 0.0016909110127016902 -2.775123471812488e-05 0.9999999994390097 -1.8757646971388853e-05 -0.01444003451615572 -0.0013328242423579838 1.8720642799475e-05 0.9999991116141436 0.8530501127243042
0.9999999956986834 -2.2527785217785e-05 -8.997295146388881e-05 0.0004921633517369628 2.253441427715118e-05 0.9999999970318744 7.367802429472909e-05 -0.016475245356559753 8.99712913941312e-05 -7.368005146557862e-05 0.9999999932382083 0.950189471244812
0.9999997635812664 5.8900245671488004e-05 -0.00068510449756674 6.567011587321758e-05 -5.894759691624815e-05 0.9999999958755051 -6.909537383832073e-05 -0.017352452501654625 0.0006851004250065363 6.913574276664803e-05 0.9999997629288003 0.9861400127410889
0.9999996312055155 7.821622135117701e-05 -0.0008552608118093355 -0.00019672594498842955 -7.828722964898417e-05 0.9999999934917064 -8.299215161354262e-05 -0.017036115750670433 0.0008552543149105459 8.305907700607872e-05 0.9999996308205553 0.9697388410568237
0.9999996235362963 1.3338226522951807e-05 -0.0008676112939946481 -0.0003930153325200081 -1.3327143939023718e-05 0.9999999998295365 1.2779454252288937e-05 -0.016295824199914932 0.0008676114643020077 -1.276788666069007e-05 0.9999996235435933 0.9380224347114563
0.9999993820981045 8.198983160250313e-05 -0.0011086392903388305 -0.0002712791319936514 -8.208458166985692e-05 0.9999999929827758 -8.541995877420971e-05 -0.017859090119600296 0.0011086322789912247 8.551090818542552e-05 0.9999993818109859 1.008638620376587
0.9999996519018495 7.726976117420466e-05 -0.000830798148386643 -0.00039460277184844017 -7.73245761194877e-05 0.9999999948359686 -6.594673793021454e-05 -0.015971262007951736 0.0008307930484076854 6.60109560889419e-05 0.9999996527126717 0.9204062819480896
0.999999761249107 6.51547110781785e-05 0.0006879364742281509 0.0009075469570234418 -6.510299801883161e-05 0.9999999950537763 -7.51933970852046e-05 -0.014273902401328087 -0.0006879413700295252 7.514859240579513e-05 0.9999997605446516 0.8422544598579407
0.9999998339677567 2.2399675509025534e-05 0.000575814825868238 0.000669267843477428 -2.240409044675307e-05 0.9999999997196842 7.660838184346626e-06 -0.013580486178398132 -0.0005758146541065385 -7.67373751983981e-06 0.9999998341892853 0.8102788925170898
0.9999997544136107 6.437628859246563e-05 -0.000697874209124066 -0.00041722424793988466 -6.441329928040132e-05 0.999999996520374 -5.301111923583908e-05 -0.015276600606739521 0.0006978707940366142 5.305605859732209e-05 0.9999997550806747 0.8884044885635376
0.9999986899975024 2.64361062914301e-06 0.0016186402597535242 0.0018922191811725497 -2.608048484944727e-06 0.9999999997552038 -2.1972491964694967e-05 -0.013219892978668213 -0.0016186403174440007 2.1968241688398492e-05 0.9999986897596012 0.7859304547309875
0.999999993399 1.845846057618914e-06 -0.00011488512876667104 0.00011901336256414652 -1.8394206907855369e-06 0.9999999984342985 5.592870160243937e-05 -0.014793574810028076 0.00011488523182256857 -5.59284899111711e-05 0.9999999918366937 0.8689451217651367
0.9999995571392251 0.00011380661779530702 -0.000934221284258178 -0.000723938166629523 -0.00011389937991758378 0.9999999885890857 -9.924091958606535e-05 -0.015098745003342628 0.0009342099793244539 9.934728286113758e-05 0.9999995586908188 0.8761070370674133
0.9999999956797316 3.4437323498615715e-05 -8.634006928346333e-05 -5.916994996368885e-05 -3.443201523609971e-05 0.9999999975172246 6.148160194291424e-05 -0.013928797096014023 8.634218633091563e-05 -6.147862881471615e-05 0.9999999943827026 0.8284839987754822
0.9999998693095371 6.692405903084835e-05 -0.000506855087258663 -0.00047206226736307144 -6.693866740629083e-05 0.9999999973447524 -2.8804692433812085e-05 -0.014161606319248676 0.0005068531581859004 2.8838616873422685e-05 0.9999998711340969 0.8349872827529907
0.9999995444403105 -9.755699904351914e-07 0.0009545251280155676 0.0012612183345481753 9.12904889673246e-07 0.9999999978445575 6.565098466512713e-05 -0.014530669897794724 -0.0009545251900052739 -6.565008336652825e-05 0.9999995422857595 0.8585748672485352
0.9999997681926288 6.421680842237868e-05 -0.0006778575734357632 -0.0005149143980816007 -6.423084840125119e-05 0.9999999977231498 -2.0690535077106026e-05 -0.014799237251281738 0.0006778562432122559 2.0734069647924477e-05 0.9999997700404794 0.8662436008453369
0.9999996393758053 5.6525802531666154e-05 -0.0008473801348965496 -0.0005587292835116386 -5.6541934759773464e-05 0.999999998220742 -1.901382582395667e-05 -0.015431713312864304 0.0008473790586170778 1.9061731479415094e-05 0.9999996407926262 0.8965137004852295
0.9999999085050567 2.9842518292506864e-05 0.00042673094867326527 0.0008087038295343518 -2.983596222644967e-05 0.9999999994367921 -1.536982285844021e-05 -0.015148596838116646 -0.00042673140710714673 1.5357089523713663e-05 0.999999908832229 0.8851852416992188
0.9999999691652228 6.766448197568458e-05 -0.00023893737891871115 5.609774962067604e-05 -6.768301396383609e-05 0.9999999947022873 -7.755278689208787e-05 -0.015144001692533493 0.00023893213008373875 7.756895650271881e-05 0.9999999684472465 0.8832576870918274
0.999997998381247 5.986500941174486e-05 0.001999912418145795 0.002487331163138151 -5.965977420413065e-05 0.9999999929486005 -0.00010268159732482194 -0.014566984958946705 -0.0019999185510784037 0.00010256207747211654 0.9999979949013945 0.8596816062927246
0.9999973771397167 -1.3039530358228283e-05 0.0022903151875377967 0.002497774548828602 1.2947607562293586e-05 0.9999999991101584 4.015025730850544e-05 -0.013270321302115917 -0.0022903157090402777 -4.012049789774797e-05 0.9999973764187079 0.8023408651351929
0.9999982685149469 3.856895943456816e-05 -0.0018605051850168477 -0.002148426603525877 -3.8368133258280356e-05 0.9999999934343927 0.00010797731633658166 -0.014174919575452805 0.0018605093373742349 -0.00010790574526460589 0.99999826342917 0.8435555100440979
0.9999972230036088 6.36005680496161e-05 -0.002355831071569613 -0.002838471904397011 -6.333693486269667e-05 0.999999991724333 0.00011198109669471041 -0.0136693324893713 0.002355838174134901 -0.00011183157460448152 0.9999972187562302 0.8138649463653564
0.9999945877197135 6.449672666520034e-05 -0.0032894333026328784 -0.004155593458563089 -6.380064675163436e-05 0.9999999755530359 0.00021171538673305225 -0.01315928902477026 0.0032894468771656497 -0.00021150437289788393 0.9999945673878146 0.7838010787963867
0.9999999962729268 4.5930858201859474e-05 7.310610268095909e-05 6.313435733318329e-06 -4.593635621728256e-05 0.999999996116949 7.520606851093049e-05 -0.01364198513329029 -7.310264811781567e-05 -7.52094264586064e-05 0.9999999944997723 0.8169950842857361
0.9999967820103178 -1.1004076072281357e-06 0.002536920928621804 0.0031287171877920628 1.1007975438884766e-06 0.9999999999993826 -1.5230837568581984e-07 -0.014493574388325214 -0.002536920928452636 1.5510052188630453e-07 0.9999967820109117 0.8592532873153687
0.9999924242254153 -2.3442097770002594e-05 0.003892421128932192 0.004726745653897524 2.342717548954018e-05 0.9999999997180594 3.87927008759664e-06 -0.014762651175260544 -0.003892421218772989 -3.788052266254215e-06 0.999992424492659 0.8759052753448486
0.9999999609661863 1.6778885497519833e-05 0.0002789015862701483 0.0009824797743931413 -1.67873661636765e-05 0.999999999396858 3.0405065511454776e-05 -0.01648135669529438 -0.00027890107593881835 -3.0409746347681462e-05 0.9999999606447177 0.9513909816741943
0.9999869491868697 2.737627949740203e-05 0.005108885052175608 0.005978271830826998 -2.6743702425965742e-05 0.999999991968358 -0.00012388728111098468 -0.01431389432400465 -0.005108888402715705 0.00012374903377966584 0.9999869418874755 0.8553154468536377
0.9991051658924464 -0.0007916647591333612 0.04228759574552043 0.04587110877037048 0.0008056876891926549 0.9999996259575002 -0.0003145666977920531 -0.008300349116325378 -0.04228733089679337 0.0003483558080794897 0.9991054300192028 0.5867100954055786
0.9997983407149088 -0.00028799696475822665 0.020079715173874108 0.021988634020090103 0.000291533788110661 0.9999999425028099 -0.00017321208921755818 -0.011482172645628452 -0.020079664134790946 0.0001790310748203 0.9997983671901594 0.7407228350639343
0.9999562320970554 -4.9552698969794895e-05 0.009355823576240159 0.01082933321595192 5.0487070244445866e-05 0.9999999937620209 -9.963440021854967e-05 -0.014178882353007793 -0.009355818580725286 0.00010010238755187924 0.99995622836112 0.8615943193435669
0.9997317839498797 -0.0004419992433914441 0.02315523260646547 0.025287603959441185 0.00044711028485058406 0.9999998768146977 -0.00021555273648972035 -0.011380036361515522 -0.023155134479934707 0.00022584786443260478 0.9997318584200255 0.7363271713256836
0.9997205893061117 -0.0004565875209784901 0.023633341813564888 0.025483036413788795 0.0004609023240128103 0.9999998780977191 -0.0001771259303164057 -0.010753604583442211 -0.023633258059117184 0.0001879691016033715 0.999720677880141 0.7044130563735962
0.9998274372157621 -0.0003248106142846704 0.018573914197785014 0.02006620168685913 0.0003277426551366708 0.9999999343086531 -0.00015481421813104364 -0.011362000368535519 -0.018573862692338274 0.00016087496691398603 0.9998274779900439 0.7262207269668579
0.9995292030278693 -0.0005784979569789042 0.030676336720447908 0.033137302845716476 0.000586734067367837 0.9999997942057568 -0.00025948329132837806 -0.009966357611119747 -0.030676180296880504 0.0002773599791964358 0.9995293367549726 0.6653518080711365
0.9990710870514073 -0.0008494760709626825 0.043084120140996746 0.04664507508277893 0.000863936407222278 0.9999995765586134 -0.00031701179466573287 -0.008126461878418922 -0.04308383260346339 0.000353939258267757 0.9990713978966659 0.5661424994468689
0.9990497707748117 -0.0009142986485173554 0.04357429945251671 0.04701235890388489 0.0009296356874281005 0.9999995128722059 -0.00033171198329436357 -0.006989914458245039 -0.04357397494244631 0.0003719050046992304 0.9990501340745532 0.5165047645568848
0.998944046954291 -0.0009604546649568746 0.04593330579677669 0.04966091737151146 0.0009772551087432167 0.9999994635577435 -0.00034330260434693743 -0.006752240937203169 -0.045932951429622636 0.0003878286506676418 0.9989444496877201 0.5086812376976013
0.9991083728518846 -0.0008552768131090582 0.04221051763285016 0.04560214653611183 0.0008689255859803057 0.999999575970345 -0.0003050040277593751 -0.007841326296329498 -0.04221023887146607 0.0003414098766565965 0.9991086923722116 0.5619667172431946
0.9993834430630997 -0.0006967761832052399 0.035103393486884564 0.037841036915779114 0.0007064400024907422 0.9999997159147043 -0.0002628935789008207 -0.008866313844919205 -0.03510320033654215 0.00028752993142339107 0.9993836513835271 0.5985204577445984
0.999085572909734 -0.0008860850784709014 0.042746144350828706 0.04616815596818924 0.0009004142799171775 0.9999995447103418 -0.00031596397445301014 -0.007707675918936729 -0.04274584491798817 0.0003541642872201094 0.9990859158800631 0.538953423500061
0.9990443127493391 -0.0009220233774375487 0.043699096513453405 0.04729507490992546 0.0009387375145758721 0.9999994938771363 -0.00036196318878512374 -0.007009686902165413 -0.04369874065781971 0.0004026392464306436 0.9990446726481043 0.5021680593490601
0.9991489439349943 -0.0008814879533097906 0.04123846278140758 0.04457515850663185 0.0008962243972813003 0.9999995409773825 -0.0003388611127329729 -0.0071008456870913506 -0.04123814515003174 0.0003755316393788613 0.9991492753140406 0.5056232213973999
0.9992621026762328 -0.000826955507209352 0.03840008202677563 0.04135710000991821 0.0008390997299610783 0.999999602913881 -0.00030013950676279475 -0.007389172911643982 -0.03839981857661804 0.00033213953308314833 0.9992623997812654 0.527385413646698
0.9992573881651936 -0.0008062935988232026 0.03852300725420888 0.04153401404619217 0.0008187602474488151 0.9999996174329148 -0.00030784035003093537 -0.007811124436557293 -0.03852274430687059 0.00033915285109570006 0.9992576660433539 0.5424250960350037
0.9996864600505332 -0.0005854711244260578 0.025032754846332043 0.026728037744760513 0.0005914549495707337 0.9999997982627783 -0.0002316364513849382 -0.008597577922046185 -0.025032614179839978 0.0002463695708589301 0.9996866046563584 0.562623918056488
