9.999942e-01 -6.212835e-04 3.338544e-03 -3.290369e-02 6.214445e-04 9.999998e-01 -4.717950e-05 -2.497047e-02 -3.338513e-03 4.925442e-05 9.999943e-01 8.475327e-01
9.999999e-01 -2.359639e-05 3.707089e-04 -6.885204e-02 2.360636e-05 1.000000e+00 -2.687085e-05 -5.049923e-02 -3.707075e-04 2.688007e-05 9.999998e-01 1.741478e+00
9.999894e-01 -7.915599e-04 4.532152e-03 -8.960970e-02 7.921186e-04 9.999997e-01 -1.214869e-04 -7.427435e-02 -4.532053e-03 1.250761e-04 9.999896e-01 2.483334e+00
9.999967e-01 -1.872533e-04 2.558073e-03 -9.506532e-02 1.878527e-04 1.000000e+00 -2.340798e-04 -9.659158e-02 -2.558027e-03 2.345600e-04 9.999966e-01 3.105125e+00
9.999878e-01 -8.428212e-04 4.864250e-03 -9.819164e-02 8.437153e-04 9.999996e-01 -1.817456e-04 -1.189325e-01 -4.864092e-03 1.858478e-04 9.999881e-01 3.731187e+00
9.999988e-01 -5.879259e-05 1.560969e-03 -1.080881e-01 5.916240e-05 1.000000e+00 -2.368570e-04 -1.422697e-01 -1.560951e-03 2.369494e-04 9.999987e-01 4.439148e+00
9.999985e-01 -5.456933e-04 1.629264e-03 -1.273534e-01 5.454050e-04 9.999998e-01 1.773812e-04 -1.654344e-01 -1.629357e-03 -1.764920e-04 9.999986e-01 5.140762e+00
9.999967e-01 -2.050699e-04 2.541985e-03 -1.349651e-01 2.058695e-04 9.999999e-01 -3.142959e-04 -1.872635e-01 -2.541917e-03 3.148185e-04 9.999966e-01 5.726052e+00
9.999993e-01 -4.710679e-04 1.073757e-03 -1.441153e-01 4.708339e-04 9.999999e-01 2.181373e-04 -2.089187e-01 -1.073855e-03 -2.176313e-04 9.999993e-01 6.304764e+00
9.999987e-01 -1.333514e-04 1.629170e-03 -1.502398e-01 1.337344e-04 1.000000e+00 -2.350146e-04 -2.299459e-01 -1.629133e-03 2.352325e-04 9.999985e-01 6.844157e+00
9.999995e-01 -4.409916e-04 9.116443e-04 -1.689801e-01 4.407961e-04 9.999999e-01 2.146846e-04 -2.530635e-01 -9.117339e-04 -2.142823e-04 9.999995e-01 7.551662e+00
9.999961e-01 -2.187477e-04 2.792139e-03 -1.987112e-01 2.195759e-04 9.999999e-01 -2.963363e-04 -2.778928e-01 -2.792068e-03 2.969485e-04 9.999960e-01 8.387736e+00
9.999992e-01 -4.628444e-04 1.134758e-03 -2.244138e-01 4.626055e-04 9.999999e-01 2.108398e-04 -3.020927e-01 -1.134850e-03 -2.103145e-04 9.999992e-01 9.171485e+00
9.999921e-01 -3.150083e-04 3.973614e-03 -2.364492e-01 3.169883e-04 9.999998e-01 -4.976604e-04 -3.250489e-01 -3.973450e-03 4.989162e-04 9.999919e-01 9.851628e+00
9.999998e-01 -3.204231e-04 -5.314416e-04 -2.588924e-01 3.206578e-04 9.999999e-01 4.416250e-04 -3.485487e-01 5.313066e-04 -4.417951e-04 9.999997e-01 1.057945e+01
9.999923e-01 -2.907310e-04 3.907961e-03 -2.848396e-01 2.927902e-04 9.999998e-01 -5.263771e-04 -3.726181e-01 -3.907800e-03 5.275174e-04 9.999921e-01 1.135590e+01
9.999983e-01 -2.195657e-04 -1.805929e-03 -3.194772e-01 2.206982e-04 9.999998e-01 6.269145e-04 -3.968334e-01 1.805798e-03 -6.273118e-04 9.999981e-01 1.213897e+01
9.999939e-01 -2.974743e-04 3.485206e-03 -3.367128e-01 2.993964e-04 9.999998e-01 -5.509844e-04 -4.189837e-01 -3.485034e-03 5.520247e-04 9.999937e-01 1.277154e+01
9.999995e-01 -2.775650e-04 -9.907842e-04 -3.606400e-01 2.781380e-04 9.999998e-01 5.782326e-04 -4.421904e-01 9.906310e-04 -5.785077e-04 9.999992e-01 1.347712e+01
9.999958e-01 -2.690942e-04 2.888773e-03 -3.875189e-01 2.704503e-04 9.999999e-01 -4.690668e-04 -4.653756e-01 -2.888639e-03 4.698463e-04 9.999956e-01 1.418018e+01
9.999989e-01 -4.825881e-04 1.405016e-03 -3.998202e-01 4.820958e-04 9.999998e-01 3.507415e-04 -4.875272e-01 -1.405177e-03 -3.500635e-04 9.999989e-01 1.479061e+01
9.999970e-01 -1.781885e-04 2.429225e-03 -4.209133e-01 1.793500e-04 9.999999e-01 -4.779325e-04 -5.110797e-01 -2.429131e-03 4.783670e-04 9.999968e-01 1.552338e+01
9.999995e-01 -4.051662e-04 8.868310e-04 -4.569561e-01 4.047781e-04 9.999998e-01 4.378132e-04 -5.360672e-01 -8.869994e-04 -4.374538e-04 9.999994e-01 1.637456e+01
9.999981e-01 -1.429108e-04 1.955409e-03 -4.944124e-01 1.437288e-04 9.999999e-01 -4.181837e-04 -5.608511e-01 -1.955340e-03 4.184641e-04 9.999979e-01 1.720726e+01
9.999996e-01 -4.155067e-04 8.444761e-04 -5.267711e-01 4.151389e-04 9.999998e-01 4.356544e-04 -5.850661e-01 -8.446475e-04 -4.353034e-04 9.999994e-01 1.799363e+01
9.999982e-01 -1.241614e-04 1.914387e-03 -5.643269e-01 1.249310e-04 9.999999e-01 -4.018725e-04 -6.097758e-01 -1.914327e-03 4.021111e-04 9.999980e-01 1.881996e+01
9.999997e-01 -4.507095e-04 6.682793e-04 -5.959724e-01 4.504070e-04 9.999998e-01 4.526445e-04 -6.339403e-01 -6.684732e-04 -4.523432e-04 9.999996e-01 1.959943e+01
9.999983e-01 -7.807605e-05 1.842942e-03 -6.287828e-01 7.881464e-05 9.999999e-01 -4.006939e-04 -6.579455e-01 -1.842900e-03 4.008386e-04 9.999981e-01 2.036814e+01
9.999996e-01 -4.587213e-04 7.989759e-04 -6.652397e-01 4.583697e-04 9.999998e-01 4.401328e-04 -6.825063e-01 -7.991672e-04 -4.397662e-04 9.999995e-01 2.118198e+01
9.999990e-01 -8.384138e-05 1.442467e-03 -7.003947e-01 8.436016e-05 9.999999e-01 -3.595885e-04 -7.069824e-01 -1.442426e-03 3.597100e-04 9.999988e-01 2.198631e+01
9.999990e-01 -4.438882e-04 1.308713e-03 -7.389854e-01 4.433908e-04 9.999998e-01 3.803202e-04 -7.318807e-01 -1.308870e-03 -3.797393e-04 9.999990e-01 2.282858e+01
9.999993e-01 -8.706579e-05 1.207604e-03 -7.790811e-01 8.746142e-05 9.999999e-01 -3.275630e-04 -7.569912e-01 -1.207564e-03 3.276686e-04 9.999991e-01 2.368533e+01
9.999991e-01 -4.352786e-04 1.264293e-03 -8.158803e-01 4.347971e-04 9.999998e-01 3.811431e-04 -7.815505e-01 -1.264447e-03 -3.805928e-04 9.999990e-01 2.449830e+01
9.999989e-01 -7.748708e-05 1.503960e-03 -8.563855e-01 7.802829e-05 9.999999e-01 -3.598011e-04 -8.065966e-01 -1.503920e-03 3.599183e-04 9.999987e-01 2.535312e+01
9.999990e-01 -4.616933e-04 1.323961e-03 -8.959146e-01 4.612215e-04 9.999998e-01 3.566398e-04 -8.319652e-01 -1.324114e-03 -3.560286e-04 9.999990e-01 2.623274e+01
9.999988e-01 -1.121105e-04 1.512809e-03 -9.433348e-01 1.126184e-04 9.999999e-01 -3.356534e-04 -8.585541e-01 -1.512759e-03 3.358236e-04 9.999987e-01 2.720796e+01
9.999993e-01 -4.414473e-04 1.081684e-03 -9.883246e-01 4.410159e-04 9.999998e-01 3.991210e-04 -8.844587e-01 -1.081847e-03 -3.986434e-04 9.999992e-01 2.812718e+01
9.999983e-01 -7.637251e-05 1.824280e-03 -1.035684e+00 7.707744e-05 9.999999e-01 -3.863456e-04 -9.104211e-01 -1.824238e-03 3.864858e-04 9.999982e-01 2.905662e+01
9.999988e-01 -4.881847e-04 1.444427e-03 -1.078273e+00 4.876935e-04 9.999998e-01 3.403902e-04 -9.364251e-01 -1.444580e-03 -3.396851e-04 9.999988e-01 2.998927e+01
9.999985e-01 -8.432786e-05 1.713243e-03 -1.125575e+00 8.493027e-05 9.999999e-01 -3.515458e-04 -9.629342e-01 -1.713200e-03 3.516910e-04 9.999984e-01 3.096091e+01
9.999989e-01 -4.323131e-04 1.384104e-03 -1.175684e+00 4.318160e-04 9.999998e-01 3.594307e-04 -9.891162e-01 -1.384245e-03 -3.588325e-04 9.999989e-01 3.190984e+01
9.999985e-01 -2.267541e-05 1.756881e-03 -1.231063e+00 2.333544e-05 9.999999e-01 -3.756662e-04 -1.015689e+00 -1.756859e-03 3.757068e-04 9.999983e-01 3.289435e+01
9.999998e-01 -3.898548e-04 4.628558e-04 -1.270505e+00 3.896895e-04 9.999999e-01 3.571549e-04 -1.041430e+00 -4.629807e-04 -3.569743e-04 9.999997e-01 3.380404e+01
9.998957e-01 8.405390e-04 -1.441895e-02 -1.299947e+00 -8.342490e-04 9.999996e-01 4.422432e-04 -1.065264e+00 1.441933e-02 -4.301678e-04 9.998958e-01 3.464161e+01
9.999855e-01 -1.048684e-03 5.285409e-03 -1.331521e+00 1.048520e-03 9.999994e-01 3.375217e-05 -1.090050e+00 -5.285429e-03 -2.820951e-05 9.999859e-01 3.552304e+01
9.999981e-01 4.842475e-04 -1.906339e-03 -1.374424e+00 -4.845076e-04 9.999999e-01 -1.359746e-04 -1.116927e+00 1.906285e-03 1.368982e-04 9.999981e-01 3.652524e+01
9.999870e-01 -9.693121e-04 4.996201e-03 -1.428075e+00 9.686543e-04 9.999995e-01 1.340740e-04 -1.143564e+00 -4.996316e-03 -1.292323e-04 9.999874e-01 3.751217e+01
9.999968e-01 4.992490e-04 -2.496212e-03 -1.471512e+00 -4.994476e-04 9.999999e-01 -7.892234e-05 -1.168605e+00 2.496185e-03 8.016912e-05 9.999968e-01 3.836693e+01
9.999858e-01 -9.843095e-04 5.240342e-03 -1.512760e+00 9.838188e-04 9.999995e-01 9.620571e-05 -1.193543e+00 -5.240421e-03 -9.104850e-05 9.999862e-01 3.921506e+01
9.999969e-01 5.489357e-04 -2.424465e-03 -1.555995e+00 -5.491596e-04 9.999998e-01 -9.166989e-05 -1.218310e+00 2.424428e-03 9.300132e-05 9.999970e-01 4.005379e+01
9.999861e-01 -9.697975e-04 5.183457e-03 -1.599261e+00 9.692574e-04 9.999995e-01 1.067037e-04 -1.242967e+00 -5.183544e-03 -1.016778e-04 9.999865e-01 4.088368e+01
9.999973e-01 5.321353e-04 -2.263682e-03 -1.634793e+00 -5.324291e-04 9.999998e-01 -1.291888e-04 -1.266882e+00 2.263627e-03 1.303940e-04 9.999973e-01 4.165437e+01
9.999856e-01 -9.423734e-04 5.288448e-03 -1.671705e+00 9.420104e-04 9.999996e-01 7.112441e-05 -1.291007e+00 -5.288498e-03 -6.614134e-05 9.999859e-01 4.244457e+01
9.999966e-01 5.610476e-04 -2.547668e-03 -1.712239e+00 -5.612626e-04 9.999998e-01 -8.366311e-05 -1.315254e+00 2.547635e-03 8.509302e-05 9.999967e-01 4.324404e+01
9.999991e-01 -6.684441e-04 -1.153838e-03 -1.732465e+00 6.689995e-04 9.999997e-01 4.809758e-04 -1.338061e+00 1.153530e-03 -4.817470e-04 9.999991e-01 4.393999e+01
9.998490e-01 8.507306e-04 -1.735724e-02 -1.727105e+00 -8.516742e-04 9.999996e-01 -4.697133e-05 -1.360352e+00 1.735720e-02 6.174731e-05 9.998493e-01 4.463687e+01
9.998745e-01 -1.033799e-03 1.581054e-02 -1.759625e+00 1.031255e-03 9.999995e-01 1.690725e-04 -1.384427e+00 -1.581069e-02 -1.527462e-04 9.998749e-01 4.546491e+01
9.999212e-01 5.645353e-04 -1.254312e-02 -1.812514e+00 -5.671340e-04 9.999998e-01 -2.036236e-04 -1.411054e+00 1.254301e-02 2.107216e-04 9.999212e-01 4.645347e+01
9.998803e-01 -1.051420e-03 1.543705e-02 -1.858851e+00 1.048236e-03 9.999994e-01 2.143728e-04 -1.436777e+00 -1.543726e-02 -1.981652e-04 9.998807e-01 4.736540e+01
9.999205e-01 5.614574e-04 -1.259535e-02 -1.904902e+00 -5.639150e-04 9.999998e-01 -1.915761e-04 -1.462337e+00 1.259525e-02 1.986639e-04 9.999206e-01 4.826419e+01
9.998775e-01 -9.930181e-04 1.562153e-02 -1.956197e+00 9.901690e-04 9.999995e-01 1.901139e-04 -1.488192e+00 -1.562170e-02 -1.746223e-04 9.998779e-01 4.919180e+01
9.999204e-01 5.982588e-04 -1.260500e-02 -2.005877e+00 -6.009867e-04 9.999998e-01 -2.126268e-04 -1.513764e+00 1.260488e-02 2.201857e-04 9.999204e-01 5.009916e+01
9.998744e-01 -1.017927e-03 1.581663e-02 -2.059788e+00 1.015613e-03 9.999995e-01 1.543500e-04 -1.540326e+00 -1.581677e-02 -1.382667e-04 9.998748e-01 5.108556e+01
9.999190e-01 5.241035e-04 -1.271750e-02 -2.106740e+00 -5.274515e-04 9.999998e-01 -2.599024e-04 -1.567849e+00 1.271738e-02 2.665895e-04 9.999190e-01 5.214125e+01
9.998708e-01 -1.061088e-03 1.603859e-02 -2.154449e+00 1.058342e-03 9.999994e-01 1.797087e-04 -1.595182e+00 -1.603876e-02 -1.627108e-04 9.998713e-01 5.318034e+01
9.999270e-01 5.666379e-04 -1.207121e-02 -2.219613e+00 -5.704629e-04 9.999998e-01 -3.134311e-04 -1.623942e+00 1.207105e-02 3.202947e-04 9.999270e-01 5.434475e+01
9.998748e-01 -1.138555e-03 1.578261e-02 -2.289282e+00 1.134410e-03 9.999993e-01 2.715543e-04 -1.653597e+00 -1.578289e-02 -2.536161e-04 9.998753e-01 5.557221e+01
9.999233e-01 5.306684e-04 -1.237595e-02 -2.349954e+00 -5.340483e-04 9.999998e-01 -2.697993e-04 -1.682117e+00 1.237582e-02 2.763883e-04 9.999233e-01 5.670495e+01
9.998797e-01 -1.101152e-03 1.547431e-02 -2.406703e+00 1.096665e-03 9.999994e-01 2.984411e-04 -1.709703e+00 -1.547461e-02 -2.814348e-04 9.998801e-01 5.776237e+01
9.999247e-01 5.348741e-04 -1.226154e-02 -2.460739e+00 -5.384039e-04 9.999998e-01 -2.845714e-04 -1.736860e+00 1.226141e-02 2.911519e-04 9.999247e-01 5.878712e+01
9.998792e-01 -1.067373e-03 1.550366e-02 -2.521843e+00 1.063154e-03 9.999994e-01 2.803997e-04 -1.764824e+00 -1.550393e-02 -2.638828e-04 9.998797e-01 5.987896e+01
9.999244e-01 5.468084e-04 -1.228516e-02 -2.587859e+00 -5.499073e-04 9.999998e-01 -2.488688e-04 -1.793102e+00 1.228504e-02 2.556059e-04 9.999244e-01 6.099616e+01
9.998761e-01 -1.057779e-03 1.570555e-02 -2.652308e+00 1.054357e-03 9.999994e-01 2.261309e-04 -1.821265e+00 -1.570576e-02 -2.095433e-04 9.998765e-01 6.210714e+01
9.999237e-01 5.198299e-04 -1.234252e-02 -2.719316e+00 -5.225891e-04 9.999998e-01 -2.203304e-04 -1.849918e+00 1.234242e-02 2.267639e-04 9.999237e-01 6.325468e+01
9.998746e-01 -1.076297e-03 1.580036e-02 -2.785930e+00 1.073107e-03 9.999994e-01 2.103144e-04 -1.878730e+00 -1.580056e-02 -1.933323e-04 9.998750e-01 6.441453e+01
9.999131e-01 5.590627e-04 -1.317313e-02 -2.840973e+00 -5.622275e-04 9.999998e-01 -2.365433e-04 -1.907534e+00 1.317302e-02 2.439293e-04 9.999131e-01 6.556660e+01
9.998684e-01 -1.103067e-03 1.618747e-02 -2.899959e+00 1.100428e-03 9.999994e-01 1.719328e-04 -1.936846e+00 -1.618763e-02 -1.540968e-04 9.998689e-01 6.676007e+01
9.999183e-01 6.153037e-04 -1.276714e-02 -2.968077e+00 -6.174836e-04 9.999998e-01 -1.668069e-04 -1.965244e+00 1.276705e-02 1.746770e-04 9.999184e-01 6.789051e+01
9.998720e-01 -1.072293e-03 1.596048e-02 -3.029288e+00 1.069700e-03 9.999994e-01 1.709659e-04 -1.992488e+00 -1.596064e-02 -1.538709e-04 9.998725e-01 6.892916e+01
9.999206e-01 5.948730e-04 -1.258407e-02 -3.088907e+00 -5.975084e-04 9.999998e-01 -2.056700e-04 -2.019930e+00 1.258396e-02 2.131730e-04 9.999207e-01 6.998388e+01
9.998770e-01 -1.049438e-03 1.564757e-02 -3.145109e+00 1.045748e-03 9.999994e-01 2.440369e-04 -2.046282e+00 -1.564780e-02 -2.276433e-04 9.998774e-01 7.095037e+01
9.999164e-01 6.930292e-04 -1.291369e-02 -3.196423e+00 -6.962748e-04 9.999997e-01 -2.468358e-04 -2.071792e+00 1.291354e-02 2.558068e-04 9.999165e-01 7.185267e+01
9.998751e-01 -1.044138e-03 1.576905e-02 -3.253694e+00 1.039985e-03 9.999994e-01 2.715207e-04 -2.097695e+00 -1.576931e-02 -2.550871e-04 9.998755e-01 7.278813e+01
9.999123e-01 7.860491e-04 -1.321840e-02 -3.307652e+00 -7.896320e-04 9.999997e-01 -2.658372e-04 -2.122915e+00 1.321821e-02 2.762517e-04 9.999125e-01 7.367168e+01
9.998678e-01 -1.162828e-03 1.621639e-02 -3.358592e+00 1.159213e-03 9.999993e-01 2.322952e-04 -2.148608e+00 -1.621663e-02 -2.134660e-04 9.998684e-01 7.458965e+01
9.999166e-01 7.003183e-04 -1.289931e-02 -3.416258e+00 -7.039952e-04 9.999997e-01 -2.805125e-04 -2.175944e+00 1.289913e-02 2.895703e-04 9.999167e-01 7.563589e+01
9.998670e-01 -1.228196e-03 1.626353e-02 -3.472182e+00 1.224177e-03 9.999992e-01 2.570583e-04 -2.203339e+00 -1.626381e-02 -2.371146e-04 9.998676e-01 7.668257e+01
9.999145e-01 6.921582e-04 -1.305751e-02 -3.524708e+00 -6.955319e-04 9.999997e-01 -2.538272e-04 -2.230122e+00 1.305736e-02 2.628875e-04 9.999146e-01 7.767927e+01
9.998668e-01 -1.203917e-03 1.627770e-02 -3.578168e+00 1.200000e-03 9.999992e-01 2.504367e-04 -2.256850e+00 -1.627796e-02 -2.308700e-04 9.998674e-01 7.867294e+01
9.999170e-01 6.775153e-04 -1.286473e-02 -3.629900e+00 -6.811579e-04 9.999997e-01 -2.787681e-04 -2.283539e+00 1.286456e-02 2.875080e-04 9.999171e-01 7.966431e+01
9.998654e-01 -1.205905e-03 1.636149e-02 -3.686563e+00 1.202144e-03 9.999992e-01 2.397172e-04 -2.310963e+00 -1.636174e-02 -2.200160e-04 9.998660e-01 8.071516e+01
9.999129e-01 6.950984e-04 -1.318353e-02 -3.739701e+00 -6.981000e-04 9.999997e-01 -2.230779e-04 -2.337526e+00 1.318340e-02 2.322620e-04 9.999130e-01 8.169543e+01
9.998736e-01 -1.165731e-03 1.585453e-02 -3.786518e+00 1.161684e-03 9.999993e-01 2.644711e-04 -2.363044e+00 -1.585481e-02 -2.460196e-04 9.998742e-01 8.259009e+01
9.999140e-01 7.254006e-04 -1.309204e-02 -3.836877e+00 -7.282501e-04 9.999997e-01 -2.128833e-04 -2.388597e+00 1.309190e-02 2.223994e-04 9.999142e-01 8.349080e+01
9.998787e-01 -1.056507e-03 1.553642e-02 -3.884231e+00 1.052649e-03 9.999994e-01 2.565392e-04 -2.413119e+00 -1.553665e-02 -2.401536e-04 9.998792e-01 8.431305e+01
9.999176e-01 6.829773e-04 -1.281777e-02 -3.926524e+00 -6.861643e-04 9.999997e-01 -2.442449e-04 -2.437398e+00 1.281763e-02 2.530200e-04 9.999177e-01 8.511529e+01
9.998719e-01 -1.142327e-03 1.596184e-02 -3.967781e+00 1.139376e-03 9.999993e-01 1.939779e-04 -2.462464e+00 -1.596202e-02 -1.757665e-04 9.998725e-01 8.597841e+01
9.999203e-01 6.056117e-04 -1.261185e-02 -4.012727e+00 -6.084306e-04 9.999998e-01 -2.196742e-04 -2.488296e+00 1.261174e-02 2.273302e-04 9.999203e-01 8.690035e+01
9.998750e-01 -1.074119e-03 1.577465e-02 -4.063050e+00 1.070753e-03 9.999994e-01 2.218241e-04 -2.514149e+00 -1.577485e-02 -2.049056e-04 9.998754e-01 8.782696e+01
9.999199e-01 6.942636e-04 -1.263523e-02 -4.112110e+00 -6.978076e-04 9.999997e-01 -2.760810e-04 -2.539706e+00 1.263506e-02 2.848759e-04 9.999200e-01 8.873531e+01
9.998766e-01 -1.078122e-03 1.567437e-02 -4.160838e+00 1.074620e-03 9.999994e-01 2.318741e-04 -2.565296e+00 -1.567458e-02 -2.150014e-04 9.998770e-01 8.964454e+01
9.999238e-01 6.389385e-04 -1.233102e-02 -4.210861e+00 -6.426811e-04 9.999997e-01 -2.995483e-04 -2.591464e+00 1.233085e-02 3.074504e-04 9.999238e-01 9.059949e+01
9.998724e-01 -1.108529e-03 1.593655e-02 -4.262096e+00 1.105466e-03 9.999994e-01 2.009729e-04 -2.618092e+00 -1.593673e-02 -1.833299e-04 9.998729e-01 9.159124e+01
9.999246e-01 6.038776e-04 -1.226278e-02 -4.319017e+00 -6.071835e-04 9.999998e-01 -2.658655e-04 -2.645504e+00 1.226264e-02 2.732912e-04 9.999247e-01 9.264365e+01
9.998703e-01 -1.132098e-03 1.606825e-02 -4.374579e+00 1.129444e-03 9.999993e-01 1.742286e-04 -2.672992e+00 -1.606841e-02 -1.560578e-04 9.998708e-01 9.370243e+01
9.999225e-01 6.766161e-04 -1.242966e-02 -4.436488e+00 -6.795114e-04 9.999997e-01 -2.287113e-04 -2.700546e+00 1.242953e-02 2.371396e-04 9.999226e-01 9.477022e+01
9.998773e-01 -1.014980e-03 1.563193e-02 -4.495390e+00 1.012464e-03 9.999995e-01 1.688718e-04 -2.727212e+00 -1.563207e-02 -1.530243e-04 9.998777e-01 9.576978e+01
9.999210e-01 6.988274e-04 -1.254976e-02 -4.553956e+00 -7.016492e-04 9.999997e-01 -2.204501e-04 -2.753655e+00 1.254963e-02 2.292382e-04 9.999211e-01 9.675220e+01
9.998743e-01 -1.032585e-03 1.582270e-02 -4.612206e+00 1.030513e-03 9.999995e-01 1.391052e-04 -2.780281e+00 -1.582280e-02 -1.227823e-04 9.998747e-01 9.774970e+01
9.999237e-01 6.662121e-04 -1.233754e-02 -4.673460e+00 -6.691305e-04 9.999997e-01 -2.324213e-04 -2.807595e+00 1.233741e-02 2.406590e-04 9.999238e-01 9.880150e+01
9.998774e-01 -1.000805e-03 1.562593e-02 -4.736517e+00 9.982633e-04 9.999995e-01 1.704670e-04 -2.834738e+00 -1.562606e-02 -1.548474e-04 9.998778e-01 9.984034e+01
9.999338e-01 6.285298e-04 -1.148822e-02 -4.817626e+00 -6.328469e-04 9.999997e-01 -3.721619e-04 -2.865296e+00 1.148801e-02 3.794075e-04 9.999338e-01 1.011587e+02
9.998871e-01 -1.001944e-03 1.499074e-02 -4.898788e+00 9.966001e-04 9.999994e-01 3.639257e-04 -2.894791e+00 -1.499107e-02 -3.489450e-04 9.998875e-01 1.023843e+02
9.999278e-01 7.002175e-04 -1.199772e-02 -4.960317e+00 -7.051588e-04 9.999997e-01 -4.076358e-04 -2.921483e+00 1.199746e-02 4.160665e-04 9.999278e-01 1.033869e+02
9.998819e-01 -1.092396e-03 1.533047e-02 -5.024321e+00 1.087000e-03 9.999993e-01 3.602779e-04 -2.949002e+00 -1.533082e-02 -3.435713e-04 9.998823e-01 1.044530e+02
9.999272e-01 6.988038e-04 -1.204619e-02 -5.085785e+00 -7.036353e-04 9.999997e-01 -3.968529e-04 -2.976156e+00 1.204594e-02 4.053000e-04 9.999273e-01 1.054893e+02
9.998821e-01 -1.087528e-03 1.531817e-02 -5.146324e+00 1.082328e-03 9.999994e-01 3.477572e-04 -3.003240e+00 -1.531851e-02 -3.311371e-04 9.998825e-01 1.065205e+02
9.999275e-01 6.961252e-04 -1.201930e-02 -5.207925e+00 -7.009102e-04 9.999997e-01 -3.938998e-04 -3.030465e+00 1.201905e-02 4.022956e-04 9.999276e-01 1.075631e+02
9.998840e-01 -1.087184e-03 1.519040e-02 -5.269881e+00 1.081825e-03 9.999993e-01 3.610125e-04 -3.057753e+00 -1.519075e-02 -3.445375e-04 9.998845e-01 1.086093e+02
9.999365e-01 6.473309e-04 -1.125419e-02 -5.343575e+00 -6.531810e-04 9.999997e-01 -5.161563e-04 -3.087658e+00 1.125388e-02 5.234744e-04 9.999364e-01 1.098687e+02
9.998867e-01 -1.094072e-03 1.501040e-02 -5.422143e+00 1.087356e-03 9.999993e-01 4.555685e-04 -3.117733e+00 -1.501086e-02 -4.391955e-04 9.998871e-01 1.111384e+02
9.999313e-01 6.986194e-04 -1.170006e-02 -5.487841e+00 -7.044676e-04 9.999996e-01 -4.957411e-04 -3.145540e+00 1.169974e-02 5.039491e-04 9.999313e-01 1.122270e+02
9.998871e-01 -1.068142e-03 1.498485e-02 -5.554667e+00 1.061347e-03 9.999993e-01 4.614346e-04 -3.173212e+00 -1.498530e-02 -4.454787e-04 9.998875e-01 1.133063e+02
9.999296e-01 7.355430e-04 -1.184012e-02 -5.619835e+00 -7.415534e-04 9.999996e-01 -5.032487e-04 -3.200519e+00 1.183978e-02 5.119931e-04 9.999297e-01 1.143578e+02
9.998889e-01 -1.047637e-03 1.486849e-02 -5.684725e+00 1.040565e-03 9.999993e-01 4.833587e-04 -3.227528e+00 -1.486895e-02 -4.678337e-04 9.998892e-01 1.153855e+02
9.999294e-01 7.072578e-04 -1.186422e-02 -5.748433e+00 -7.135126e-04 9.999996e-01 -5.229771e-04 -3.254841e+00 1.186388e-02 5.314052e-04 9.999294e-01 1.164354e+02
9.998858e-01 -1.186073e-03 1.506419e-02 -5.808362e+00 1.178330e-03 9.999992e-01 5.228804e-04 -3.282180e+00 -1.506476e-02 -5.050705e-04 9.998863e-01 1.174801e+02
9.999296e-01 6.984159e-04 -1.184075e-02 -5.864898e+00 -7.047875e-04 9.999996e-01 -5.339474e-04 -3.309156e+00 1.184041e-02 5.422548e-04 9.999297e-01 1.184959e+02
9.998821e-01 -1.191670e-03 1.530764e-02 -5.926691e+00 1.184304e-03 9.999992e-01 4.902928e-04 -3.337059e+00 -1.530818e-02 -4.721064e-04 9.998826e-01 1.195874e+02
9.999280e-01 7.084467e-04 -1.198243e-02 -5.989955e+00 -7.142462e-04 9.999996e-01 -4.797353e-04 -3.364688e+00 1.198212e-02 4.882588e-04 9.999280e-01 1.206567e+02
9.998900e-01 -1.047515e-03 1.479805e-02 -6.049386e+00 1.040072e-03 9.999993e-01 5.106682e-04 -3.390771e+00 -1.479854e-02 -4.952213e-04 9.998903e-01 1.216070e+02
9.999248e-01 7.983906e-04 -1.223986e-02 -6.105326e+00 -8.046237e-04 9.999995e-01 -5.043351e-04 -3.416118e+00 1.223949e-02 5.141454e-04 9.999249e-01 1.225020e+02
9.998908e-01 -1.080003e-03 1.474049e-02 -6.158869e+00 1.072392e-03 9.999993e-01 5.242898e-04 -3.441340e+00 -1.474101e-02 -5.084253e-04 9.998911e-01 1.233841e+02
9.999288e-01 7.637573e-04 -1.190432e-02 -6.214908e+00 -7.702726e-04 9.999996e-01 -5.427361e-04 -3.467245e+00 1.190394e-02 5.518668e-04 9.999289e-01 1.243219e+02
9.998901e-01 -1.096654e-03 1.478579e-02 -6.266135e+00 1.089062e-03 9.999993e-01 5.215110e-04 -3.492651e+00 -1.478632e-02 -5.053514e-04 9.998905e-01 1.252187e+02
9.999308e-01 7.754659e-04 -1.174148e-02 -6.320338e+00 -7.823692e-04 9.999995e-01 -5.833713e-04 -3.518565e+00 1.174106e-02 5.925167e-04 9.999308e-01 1.261589e+02
9.998930e-01 -1.080471e-03 1.458994e-02 -6.380990e+00 1.072196e-03 9.999993e-01 5.749918e-04 -3.544985e+00 -1.459051e-02 -5.592873e-04 9.998933e-01 1.271382e+02
9.999297e-01 7.819312e-04 -1.183275e-02 -6.439287e+00 -7.887687e-04 9.999995e-01 -5.732004e-04 -3.570915e+00 1.183233e-02 5.824930e-04 9.999297e-01 1.280785e+02
9.998891e-01 -1.164447e-03 1.484514e-02 -6.498592e+00 1.156647e-03 9.999992e-01 5.340323e-04 -3.597875e+00 -1.484571e-02 -5.168029e-04 9.998896e-01 1.290977e+02
9.999370e-01 6.522944e-04 -1.120740e-02 -6.569811e+00 -6.587159e-04 9.999996e-01 -5.692916e-04 -3.626991e+00 1.120706e-02 5.766378e-04 9.999369e-01 1.302869e+02
9.998866e-01 -1.174373e-03 1.501151e-02 -6.647166e+00 1.166599e-03 9.999992e-01 5.266448e-04 -3.656905e+00 -1.501208e-02 -5.090731e-04 9.998871e-01 1.315412e+02
9.999406e-01 6.557818e-04 -1.088359e-02 -6.735482e+00 -6.623324e-04 9.999996e-01 -5.982998e-04 -3.688360e+00 1.088323e-02 6.054724e-04 9.999405e-01 1.329219e+02
9.998937e-01 -1.137204e-03 1.453264e-02 -6.820710e+00 1.128411e-03 9.999992e-01 6.132156e-04 -3.718666e+00 -1.453329e-02 -5.967521e-04 9.998941e-01 1.342082e+02
9.999368e-01 6.616878e-04 -1.122559e-02 -6.890340e+00 -6.683345e-04 9.999996e-01 -5.883700e-04 -3.746796e+00 1.122523e-02 5.958348e-04 9.999367e-01 1.353186e+02
9.998917e-01 -1.154177e-03 1.466935e-02 -6.957294e+00 1.145868e-03 9.999992e-01 5.748049e-04 -3.775012e+00 -1.466997e-02 -5.579340e-04 9.998921e-01 1.364355e+02
9.999368e-01 6.372913e-04 -1.122764e-02 -7.029188e+00 -6.438507e-04 9.999996e-01 -5.806190e-04 -3.804133e+00 1.122731e-02 5.878107e-04 9.999367e-01 1.376233e+02
9.998863e-01 -1.177365e-03 1.503461e-02 -7.103503e+00 1.169437e-03 9.999992e-01 5.361083e-04 -3.833859e+00 -1.503519e-02 -5.184658e-04 9.998867e-01 1.388611e+02
9.999356e-01 6.789544e-04 -1.132907e-02 -7.178411e+00 -6.853432e-04 9.999996e-01 -5.600744e-04 -3.863169e+00 1.132873e-02 5.678021e-04 9.999356e-01 1.400674e+02
9.998895e-01 -1.197041e-03 1.481464e-02 -7.244821e+00 1.189301e-03 9.999992e-01 5.312253e-04 -3.891752e+00 -1.481523e-02 -5.135481e-04 9.998900e-01 1.412119e+02
9.999392e-01 5.603730e-04 -1.101040e-02 -7.305884e+00 -5.666420e-04 9.999997e-01 -5.662712e-04 -3.920424e+00 1.101012e-02 5.724752e-04 9.999391e-01 1.423589e+02
9.998912e-01 -1.191533e-03 1.470223e-02 -7.360622e+00 1.183773e-03 9.999992e-01 5.365035e-04 -3.948176e+00 -1.470282e-02 -5.190416e-04 9.998917e-01 1.434319e+02
9.999354e-01 6.085524e-04 -1.135367e-02 -7.415984e+00 -6.147715e-04 9.999997e-01 -5.442933e-04 -3.975757e+00 1.135338e-02 5.512375e-04 9.999353e-01 1.444908e+02
9.998815e-01 -1.239856e-03 1.534513e-02 -7.478053e+00 1.232898e-03 9.999991e-01 4.628689e-04 -4.004765e+00 -1.534564e-02 -4.438957e-04 9.998821e-01 1.456669e+02
9.999334e-01 6.323933e-04 -1.152414e-02 -7.540149e+00 -6.382268e-04 9.999997e-01 -5.025413e-04 -4.033389e+00 1.152386e-02 5.098623e-04 9.999334e-01 1.468123e+02
9.998866e-01 -1.197567e-03 1.501259e-02 -7.598570e+00 1.190429e-03 9.999992e-01 4.844419e-04 -4.061140e+00 -1.501312e-02 -4.665161e-04 9.998871e-01 1.478873e+02
9.999338e-01 6.578009e-04 -1.148519e-02 -7.661118e+00 -6.636057e-04 9.999997e-01 -5.016292e-04 -4.089152e+00 1.148490e-02 5.092170e-04 9.999338e-01 1.489855e+02
9.998904e-01 -1.196095e-03 1.475416e-02 -7.720231e+00 1.188796e-03 9.999992e-01 5.034720e-04 -4.116840e+00 -1.475471e-02 -4.858778e-04 9.998909e-01 1.500549e+02
9.999377e-01 6.077686e-04 -1.114452e-02 -7.776938e+00 -6.138061e-04 9.999997e-01 -5.383448e-04 -4.144634e+00 1.114424e-02 5.451512e-04 9.999377e-01 1.511330e+02
9.998868e-01 -1.187760e-03 1.499770e-02 -7.837880e+00 1.180737e-03 9.999992e-01 4.771200e-04 -4.172934e+00 -1.499822e-02 -4.593584e-04 9.998873e-01 1.522543e+02
9.999334e-01 5.955130e-04 -1.152147e-02 -7.896596e+00 -6.010362e-04 9.999997e-01 -4.759362e-04 -4.200826e+00 1.152123e-02 4.828287e-04 9.999334e-01 1.533389e+02
9.998815e-01 -1.199472e-03 1.534847e-02 -7.960674e+00 1.193226e-03 9.999992e-01 4.160979e-04 -4.229776e+00 -1.534891e-02 -3.977351e-04 9.998820e-01 1.545109e+02
9.999307e-01 6.262348e-04 -1.175761e-02 -8.027060e+00 -6.311816e-04 9.999997e-01 -4.170471e-04 -4.258578e+00 1.175739e-02 4.244387e-04 9.999307e-01 1.556702e+02
9.998908e-01 -1.181318e-03 1.473262e-02 -8.085297e+00 1.174784e-03 9.999992e-01 4.521563e-04 -4.286294e+00 -1.473309e-02 -4.348000e-04 9.998913e-01 1.567380e+02
9.999274e-01 5.927106e-04 -1.203721e-02 -8.136589e+00 -5.971169e-04 9.999998e-01 -3.624814e-04 -4.313139e+00 1.203704e-02 3.696420e-04 9.999274e-01 1.577315e+02
9.998818e-01 -1.142813e-03 1.532897e-02 -8.195092e+00 1.137597e-03 9.999993e-01 3.489905e-04 -4.340887e+00 -1.532932e-02 -3.315119e-04 9.998823e-01 1.588058e+02
9.999234e-01 6.092671e-04 -1.236351e-02 -8.254288e+00 -6.130622e-04 9.999998e-01 -3.031892e-04 -4.368540e+00 1.236337e-02 3.107448e-04 9.999234e-01 1.598697e+02
9.998784e-01 -1.165856e-03 1.555272e-02 -8.311301e+00 1.161173e-03 9.999993e-01 3.101460e-04 -4.396060e+00 -1.555302e-02 -2.920497e-04 9.998789e-01 1.609241e+02
9.999164e-01 6.581121e-04 -1.291299e-02 -8.364904e+00 -6.609601e-04 9.999998e-01 -2.163069e-04 -4.422511e+00 1.291289e-02 2.248231e-04 9.999165e-01 1.618906e+02
9.998822e-01 -1.201519e-03 1.530082e-02 -8.410015e+00 1.197106e-03 9.999992e-01 2.975911e-04 -4.448318e+00 -1.530112e-02 -2.792402e-04 9.998828e-01 1.628021e+02
9.999157e-01 6.601012e-04 -1.296338e-02 -8.459414e+00 -6.626541e-04 9.999998e-01 -1.926562e-04 -4.474758e+00 1.296330e-02 2.012295e-04 9.999159e-01 1.637628e+02
9.998799e-01 -1.213147e-03 1.545179e-02 -8.506843e+00 1.208932e-03 9.999992e-01 2.821409e-04 -4.500872e+00 -1.545207e-02 -2.634276e-04 9.998805e-01 1.646983e+02
9.999191e-01 6.861720e-04 -1.269739e-02 -8.552633e+00 -6.889434e-04 9.999997e-01 -2.139104e-04 -4.526402e+00 1.269729e-02 2.226401e-04 9.999193e-01 1.655913e+02
9.998840e-01 -1.188638e-03 1.518109e-02 -8.593435e+00 1.184407e-03 9.999993e-01 2.877014e-04 -4.551200e+00 -1.518137e-02 -2.696883e-04 9.998846e-01 1.664249e+02
9.999237e-01 6.884501e-04 -1.232997e-02 -8.637890e+00 -6.916695e-04 9.999997e-01 -2.568618e-04 -4.576475e+00 1.232984e-02 2.653697e-04 9.999239e-01 1.673006e+02
9.998796e-01 -1.193292e-03 1.546832e-02 -8.693726e+00 1.189672e-03 9.999993e-01 2.432086e-04 -4.603642e+00 -1.546856e-02 -2.247780e-04 9.998802e-01 1.683295e+02
9.999226e-01 7.346077e-04 -1.242337e-02 -8.754068e+00 -7.372139e-04 9.999997e-01 -2.052189e-04 -4.630767e+00 1.242326e-02 2.143609e-04 9.999227e-01 1.693567e+02
9.998820e-01 -1.187381e-03 1.531817e-02 -8.799618e+00 1.184169e-03 9.999993e-01 2.187630e-04 -4.655961e+00 -1.531837e-02 -2.005987e-04 9.998826e-01 1.702285e+02
9.999262e-01 7.325179e-04 -1.212821e-02 -8.847737e+00 -7.354033e-04 9.999997e-01 -2.334648e-04 -4.681528e+00 1.212809e-02 2.423658e-04 9.999263e-01 1.711335e+02
9.998839e-01 -1.180424e-03 1.519390e-02 -8.897498e+00 1.177479e-03 9.999993e-01 2.027718e-04 -4.707625e+00 -1.519408e-02 -1.848587e-04 9.998845e-01 1.720793e+02
9.999274e-01 6.206371e-04 -1.203232e-02 -8.946304e+00 -6.231169e-04 9.999998e-01 -2.023658e-04 -4.734231e+00 1.203224e-02 2.098477e-04 9.999275e-01 1.730595e+02
9.998798e-01 -1.214454e-03 1.545406e-02 -8.997979e+00 1.211836e-03 9.999992e-01 1.787761e-04 -4.761471e+00 -1.545421e-02 -1.600277e-04 9.998805e-01 1.740909e+02
9.999306e-01 6.370278e-04 -1.175981e-02 -9.055263e+00 -6.397408e-04 9.999998e-01 -2.269688e-04 -4.789356e+00 1.175971e-02 2.344754e-04 9.999307e-01 1.751776e+02
9.998800e-01 -1.244735e-03 1.544263e-02 -9.110068e+00 1.242020e-03 9.999992e-01 1.854400e-04 -4.817060e+00 -1.544280e-02 -1.662387e-04 9.998806e-01 1.762479e+02
9.999286e-01 6.197715e-04 -1.193184e-02 -9.165684e+00 -6.222513e-04 9.999998e-01 -2.041485e-04 -4.845101e+00 1.193176e-02 2.115576e-04 9.999287e-01 1.773422e+02
9.998853e-01 -1.229916e-03 1.509260e-02 -9.221574e+00 1.226603e-03 9.999992e-01 2.287936e-04 -4.872935e+00 -1.509282e-02 -2.102558e-04 9.998860e-01 1.784178e+02
9.999257e-01 6.546245e-04 -1.217492e-02 -9.278291e+00 -6.569183e-04 9.999998e-01 -1.844338e-04 -4.900702e+00 1.217485e-02 1.924170e-04 9.999258e-01 1.794879e+02
9.998875e-01 -1.218237e-03 1.495114e-02 -9.332354e+00 1.214710e-03 9.999992e-01 2.450194e-04 -4.927977e+00 -1.495138e-02 -2.268315e-04 9.998881e-01 1.805179e+02
9.999293e-01 6.510249e-04 -1.186953e-02 -9.385975e+00 -6.539069e-04 9.999998e-01 -2.389513e-04 -4.955373e+00 1.186943e-02 2.466950e-04 9.999294e-01 1.815606e+02
9.998831e-01 -1.200472e-03 1.524433e-02 -9.444275e+00 1.197153e-03 9.999993e-01 2.268870e-04 -4.983135e+00 -1.524454e-02 -2.086117e-04 9.998837e-01 1.826361e+02
9.999255e-01 6.731473e-04 -1.218656e-02 -9.498475e+00 -6.757659e-04 9.999997e-01 -2.107826e-04 -5.010224e+00 1.218647e-02 2.190011e-04 9.999256e-01 1.836562e+02
9.998879e-01 -1.183309e-03 1.492501e-02 -9.546505e+00 1.179687e-03 9.999993e-01 2.515140e-04 -5.036267e+00 -1.492524e-02 -2.338801e-04 9.998885e-01 1.845910e+02
9.999254e-01 6.573329e-04 -1.219509e-02 -9.598842e+00 -6.600236e-04 9.999998e-01 -2.166415e-04 -5.063180e+00 1.219500e-02 2.246734e-04 9.999255e-01 1.855942e+02
9.998878e-01 -1.193477e-03 1.493140e-02 -9.658859e+00 1.189480e-03 9.999993e-01 2.766266e-04 -5.090999e+00 -1.493167e-02 -2.588361e-04 9.998884e-01 1.866696e+02
9.999248e-01 6.711669e-04 -1.224697e-02 -9.718449e+00 -6.736674e-04 9.999998e-01 -2.000730e-04 -5.118556e+00 1.224688e-02 2.083073e-04 9.999249e-01 1.877244e+02
9.998829e-01 -1.196962e-03 1.525312e-02 -9.778744e+00 1.193620e-03 9.999993e-01 2.281950e-04 -5.146354e+00 -1.525332e-02 -2.099630e-04 9.998835e-01 1.888014e+02
9.999241e-01 7.458093e-04 -1.229540e-02 -9.838876e+00 -7.483741e-04 9.999997e-01 -2.040234e-04 -5.173617e+00 1.229530e-02 2.132084e-04 9.999243e-01 1.898393e+02
9.998830e-01 -1.216409e-03 1.524567e-02 -9.896809e+00 1.213123e-03 9.999992e-01 2.248011e-04 -5.200749e+00 -1.524588e-02 -2.062811e-04 9.998837e-01 1.908650e+02
9.999170e-01 7.329974e-04 -1.286267e-02 -9.949151e+00 -7.349009e-04 9.999997e-01 -1.432892e-04 -5.227294e+00 1.286262e-02 1.527290e-04 9.999172e-01 1.918377e+02
9.998827e-01 -1.215039e-03 1.526524e-02 -1.000222e+01 1.211595e-03 9.999992e-01 2.348924e-04 -5.253677e+00 -1.526545e-02 -2.163708e-04 9.998834e-01 1.927982e+02
9.999180e-01 8.254585e-04 -1.277554e-02 -1.005666e+01 -8.274691e-04 9.999996e-01 -1.521231e-04 -5.279408e+00 1.277547e-02 1.626809e-04 9.999183e-01 1.937136e+02
9.998817e-01 -1.203870e-03 1.533072e-02 -1.010840e+01 1.201392e-03 9.999993e-01 1.708512e-04 -5.305242e+00 -1.533086e-02 -1.524140e-04 9.998824e-01 1.946383e+02
9.999220e-01 7.957341e-04 -1.246634e-02 -1.016883e+01 -7.977636e-04 9.999997e-01 -1.578597e-04 -5.332334e+00 1.246627e-02 1.677915e-04 9.999222e-01 1.956645e+02
9.998849e-01 -1.164625e-03 1.512573e-02 -1.022771e+01 1.161463e-03 9.999993e-01 2.178504e-04 -5.358588e+00 -1.512592e-02 -2.002586e-04 9.998855e-01 1.966244e+02
9.999199e-01 8.633449e-04 -1.262421e-02 -1.027839e+01 -8.659248e-04 9.999996e-01 -1.989251e-04 -5.383608e+00 1.262409e-02 2.098397e-04 9.999202e-01 1.974890e+02
9.998798e-01 -1.248103e-03 1.545672e-02 -1.033014e+01 1.245039e-03 9.999992e-01 2.078907e-04 -5.409243e+00 -1.545691e-02 -1.886227e-04 9.998804e-01 1.984003e+02
9.999218e-01 8.405581e-04 -1.247659e-02 -1.038698e+01 -8.430277e-04 9.999996e-01 -1.927119e-04 -5.435618e+00 1.247648e-02 2.032137e-04 9.999221e-01 1.993710e+02
9.998788e-01 -1.201853e-03 1.552188e-02 -1.044982e+01 1.199095e-03 9.999993e-01 1.870104e-04 -5.462564e+00 -1.552203e-02 -1.683768e-04 9.998794e-01 2.003908e+02
9.999175e-01 8.476877e-04 -1.281289e-02 -1.050590e+01 -8.505760e-04 9.999996e-01 -2.200086e-04 -5.489567e+00 1.281276e-02 2.308876e-04 9.999178e-01 2.014115e+02
9.998922e-01 -1.279527e-03 1.462570e-02 -1.056445e+01 1.274813e-03 9.999991e-01 3.316327e-04 -5.516979e+00 -1.462606e-02 -3.129531e-04 9.998929e-01 2.024511e+02
9.999272e-01 7.471762e-04 -1.204189e-02 -1.062108e+01 -7.502556e-04 9.999997e-01 -2.512424e-04 -5.544391e+00 1.204176e-02 2.602574e-04 9.999274e-01 2.034933e+02
9.999400e-01 -8.541829e-04 1.091999e-02 -1.066719e+01 8.483402e-04 9.999995e-01 5.397075e-04 -5.570423e+00 -1.092039e-02 -5.304125e-04 9.999401e-01 2.044707e+02
9.999340e-01 5.980344e-04 -1.147248e-02 -1.071291e+01 -6.017769e-04 9.999998e-01 -3.228044e-04 -5.596775e+00 1.147234e-02 3.296858e-04 9.999340e-01 2.054649e+02
9.998979e-01 -1.052918e-03 1.424991e-02 -1.076819e+01 1.047923e-03 9.999994e-01 3.580331e-04 -5.623377e+00 -1.425022e-02 -3.430649e-04 9.998983e-01 2.064487e+02
9.999310e-01 6.548365e-04 -1.173151e-02 -1.082724e+01 -6.581710e-04 9.999997e-01 -2.804043e-04 -5.649734e+00 1.173138e-02 2.881051e-04 9.999311e-01 2.074152e+02
9.999092e-01 -1.077397e-03 1.343487e-02 -1.089616e+01 1.071609e-03 9.999993e-01 4.380300e-04 -5.678004e+00 -1.343527e-02 -4.235946e-04 9.999096e-01 2.085270e+02
9.999302e-01 6.142127e-04 -1.179593e-02 -1.097191e+01 -6.170527e-04 9.999998e-01 -2.371523e-04 -5.707576e+00 1.179584e-02 2.444133e-04 9.999303e-01 2.097394e+02
9.999072e-01 -1.041983e-03 1.358184e-02 -1.104071e+01 1.036478e-03 9.999994e-01 4.123384e-04 -5.735966e+00 -1.358220e-02 -3.982241e-04 9.999076e-01 2.108605e+02
9.999241e-01 7.234016e-04 -1.229970e-02 -1.109822e+01 -7.270510e-04 9.999997e-01 -2.922733e-04 -5.763036e+00 1.229954e-02 3.011925e-04 9.999242e-01 2.118777e+02
9.999134e-01 -1.075875e-03 1.311433e-02 -1.117097e+01 1.069066e-03 9.999993e-01 5.262787e-04 -5.792140e+00 -1.311483e-02 -5.122143e-04 9.999138e-01 2.130662e+02
9.999298e-01 6.614016e-04 -1.183214e-02 -1.124317e+01 -6.649367e-04 9.999997e-01 -2.948680e-04 -5.821010e+00 1.183200e-02 3.027137e-04 9.999299e-01 2.142228e+02
9.999900e-01 2.444483e-04 -4.472554e-03 -1.133202e+01 -2.371416e-04 9.999986e-01 1.634036e-03 -5.848749e+00 4.473004e-03 -1.632960e-03 9.999886e-01 2.153934e+02
9.999875e-01 1.463624e-04 -4.999844e-03 -1.143982e+01 -1.498249e-04 9.999997e-01 -6.921993e-04 -5.878167e+00 4.999797e-03 6.929388e-04 9.999872e-01 2.167031e+02
9.999837e-01 -4.267066e-04 5.687827e-03 -1.153012e+01 4.214539e-04 9.999995e-01 9.247139e-04 -5.909167e+00 -5.688163e-03 -9.223027e-04 9.999833e-01 2.180398e+02
9.999886e-01 9.382126e-06 -4.773767e-03 -1.163313e+01 -1.240607e-05 9.999998e-01 -6.334803e-04 -5.942439e+00 4.773816e-03 6.335314e-04 9.999883e-01 2.195525e+02
9.999797e-01 -2.534541e-04 6.369258e-03 -1.176879e+01 2.473822e-04 9.999995e-01 9.541359e-04 -5.976925e+00 -6.369441e-03 -9.525418e-04 9.999792e-01 2.211763e+02
9.999795e-01 2.205995e-04 -6.397065e-03 -1.189299e+01 -2.243352e-04 9.999998e-01 -5.833003e-04 -6.009667e+00 6.396991e-03 5.847226e-04 9.999793e-01 2.226538e+02
9.999814e-01 -5.865656e-04 6.069504e-03 -1.197598e+01 5.807643e-04 9.999994e-01 9.575863e-04 -6.040116e+00 -6.070006e-03 -9.540444e-04 9.999810e-01 2.239522e+02
9.999896e-01 1.159344e-04 -4.547491e-03 -1.206080e+01 -1.193453e-04 9.999997e-01 -7.498671e-04 -6.071029e+00 4.547459e-03 7.504013e-04 9.999893e-01 2.252702e+02
9.999886e-01 -1.858077e-04 4.774769e-03 -1.216719e+01 1.806708e-04 9.999994e-01 1.076312e-03 -6.101710e+00 -4.774910e-03 -1.075438e-03 9.999879e-01 2.265826e+02
9.999801e-01 -3.923954e-05 -6.309514e-03 -1.223812e+01 3.508982e-05 9.999998e-01 -6.578395e-04 -6.130083e+00 6.309594e-03 6.576042e-04 9.999798e-01 2.277362e+02
9.999704e-01 -3.226743e-04 7.680731e-03 -1.234200e+01 3.159368e-04 9.999996e-01 8.784218e-04 -6.162896e+00 -7.680954e-03 -8.759700e-04 9.999700e-01 2.292124e+02
9.999491e-01 1.577067e-04 -1.009138e-02 -1.243783e+01 -1.608125e-04 9.999999e-01 -3.069716e-04 -6.194600e+00 1.009139e-02 3.085781e-04 9.999489e-01 2.306470e+02
9.999402e-01 -4.686379e-04 1.092705e-02 -1.256845e+01 4.615178e-04 9.999997e-01 6.541342e-04 -6.230084e+00 -1.092729e-02 -6.490527e-04 9.999400e-01 2.323368e+02
9.999125e-01 2.517824e-04 -1.322244e-02 -1.266186e+01 -2.521132e-04 1.000000e+00 -2.336860e-05 -6.261115e+00 1.322249e-02 2.669948e-05 9.999125e-01 2.337048e+02
9.999388e-01 -4.122750e-04 1.105421e-02 -1.275232e+01 4.059674e-04 9.999998e-01 5.728587e-04 -6.291538e+00 -1.105439e-02 -5.683366e-04 9.999386e-01 2.350307e+02
9.998686e-01 3.901336e-04 -1.620614e-02 -1.283585e+01 -3.868801e-04 9.999999e-01 2.038762e-04 -6.320477e+00 1.620628e-02 -1.975801e-04 9.998686e-01 2.362448e+02
9.999001e-01 -2.185655e-05 1.413156e-02 -1.296712e+01 1.699924e-05 9.999999e-01 3.438523e-04 -6.351240e+00 -1.413151e-02 -3.435782e-04 9.999000e-01 2.376026e+02
9.999118e-01 5.611605e-04 -1.327180e-02 -1.318259e+01 -5.584100e-04 9.999998e-01 2.109399e-04 -6.385112e+00 1.327197e-02 -2.035105e-04 9.999118e-01 2.392182e+02
9.999799e-01 -2.951319e-04 6.329167e-03 -1.333175e+01 2.884275e-04 9.999994e-01 1.060180e-03 -6.415733e+00 -6.329421e-03 -1.058334e-03 9.999793e-01 2.405381e+02
9.973726e-01 2.974599e-03 -7.238116e-02 -1.342665e+01 -2.869858e-03 9.999947e-01 1.551022e-03 -6.443331e+00 7.238543e-02 -1.339223e-03 9.973757e-01 2.418088e+02
9.980648e-01 -2.478700e-03 6.213277e-02 -1.356868e+01 2.498239e-03 9.999969e-01 -2.367889e-04 -6.477909e+00 -6.213194e-02 3.915533e-04 9.980678e-01 2.435497e+02
9.979430e-01 2.315833e-03 -6.406481e-02 -1.367385e+01 -2.256102e-03 9.999970e-01 1.004677e-03 -6.510717e+00 6.406699e-02 -8.580739e-04 9.979451e-01 2.450573e+02
9.979482e-01 -2.074233e-03 6.399227e-02 -1.382809e+01 2.096001e-03 9.999978e-01 -2.730348e-04 -6.541632e+00 -6.399151e-02 4.066027e-04 9.979503e-01 2.464078e+02
9.980541e-01 2.828637e-03 -6.228905e-02 -1.402374e+01 -2.777498e-03 9.999957e-01 9.075575e-04 -6.570444e+00 6.229140e-02 -7.327834e-04 9.980576e-01 2.476388e+02
9.979208e-01 -2.012411e-03 6.442039e-02 -1.419535e+01 2.017227e-03 9.999980e-01 -9.715314e-06 -6.598184e+00 -6.442019e-02 1.396460e-04 9.979228e-01 2.487646e+02
9.980629e-01 2.922714e-03 -6.214335e-02 -1.437088e+01 -2.871008e-03 9.999955e-01 9.213306e-04 -6.625944e+00 6.214580e-02 -7.411313e-04 9.980667e-01 2.498920e+02
9.979045e-01 -1.414827e-03 6.468850e-02 -1.449241e+01 1.330700e-03 9.999982e-01 1.343555e-03 -6.653986e+00 -6.469024e-02 -1.254658e-03 9.979045e-01 2.509697e+02
9.980430e-01 3.278909e-03 -6.244512e-02 -1.453442e+01 -3.196565e-03 9.999939e-01 1.418532e-03 -6.681947e+00 6.244944e-02 -1.216145e-03 9.980473e-01 2.519659e+02
