0.9999972348085668 -0.001766884339929738 -0.0015519326498026492 -0.0039376383647322655 0.0017670479140427387 0.9999984333579235 0.00010403541843050754 -0.012315820902585983 0.0015517463999280372 -0.00010677747010422834 0.9999987903401095 0.7503196001052856
0.9999955620793775 -0.0017136399794509228 -0.0024370596158345245 -0.004376368597149849 0.0017154122502398463 0.9999982656397336 0.000725312578784947 -0.011685268953442574 0.0024358124644625547 -0.0007294899218248631 0.9999967673258211 0.7057908773422241
0.9999973558429964 -0.001563972259949492 -0.0016859115591355309 -0.0034354287199676037 0.001564664524916457 0.9999986921168852 0.00040937689612138796 -0.01218375749886036 0.0016852691000508718 -0.000412013699673327 0.9999984950552532 0.7307525277137756
0.9999983262714227 -0.0018017439027531305 -0.00031807744675496966 -0.0029255326371639967 0.0018018401049871467 0.9999983309551765 0.0003024220517877366 -0.012970985844731331 0.00031753202878158707 -0.0003029946703153611 0.9999999036838156 0.7862952947616577
0.9999940787850239 -0.0018439997773086944 -0.0029055222788882313 -0.004802824929356575 0.001845522113642015 0.999998161118483 0.0005213518781999026 -0.0112873250618577 0.0029045555632297147 -0.0005267109967807213 0.9999956430567617 0.7006347179412842
0.999987517865386 -0.0016216062501757222 -0.004725939757730814 -0.0050237770192325115 0.0016301333949548444 0.9999970494650771 0.0018010347733689136 -0.010590190067887306 0.0047230052444352365 -0.00180871620483205 0.9999872108017939 0.6293959021568298
0.9999887102565553 -0.0013412812215082724 -0.004558544078473169 -0.005038208328187466 0.0013422925499007136 0.9999990751879557 0.00021880115005659637 -0.010567269288003445 0.004558246388802887 -0.00022491757960267544 0.9999895858467431 0.6371643543243408
0.9999875174034303 -0.0015117741537668608 -0.004762307868300001 -0.0050771357491612434 0.0015137855998942611 0.9999987665325857 0.0004187916723939563 -0.010499268770217896 0.004761668875722291 -0.00042599555785975863 0.999988572453357 0.6367964148521423
0.9999850023022506 -0.0014748865041365475 -0.005274455456949898 -0.004983068909496069 0.0014810995025708001 0.9999982137633766 0.0011742292447847766 -0.010226540267467499 0.005272714180658497 -0.0011820236274030953 0.9999854005460844 0.6108136773109436
0.9999894845742681 -0.00198753249578859 -0.004132850767695717 -0.004618845414370298 0.0019959131373798013 0.999995958499497 0.0020246766212405646 -0.010904407128691673 0.004128809954199081 -0.002032904142045997 0.9999894100584823 0.6525905728340149
0.999989241030564 -0.0012007893026654668 -0.00448061694048901 -0.005147830583155155 0.001201601276593368 0.9999992621401383 0.00017853165341865987 -0.010604304261505604 0.0044803992555220015 -0.0001839136476376748 0.9999899460485998 0.6435273885726929
0.9999865533756082 -0.0012854166934847242 -0.005024019495954142 -0.005150068551301956 0.0012885615829972452 0.9999989758740212 0.0006227840357820776 -0.010346625000238419 0.005023213813729228 -0.000629249419953787 0.99998718560197 0.6269515156745911
0.9999892909814436 -0.002032388739836208 -0.004157802116413094 -0.004224186763167381 0.0020370664261188808 0.999997296729518 0.0011211128539770734 -0.010733215138316154 0.004155512339608856 -0.0011295705670565077 0.999990727850778 0.651055634021759
0.9999890133267522 -0.0027566625536667284 -0.0037913107699057464 -0.003853011876344681 0.002762906382462784 0.9999948340469207 0.0016426283187489204 -0.010797766968607903 0.0037867630121963115 -0.001653085308452387 0.9999914638309932 0.6590368151664734
0.9999929551103275 -0.0030580609696342275 -0.0021766930928697795 -0.0029464925173670053 0.003063813960268354 0.9999918095695031 0.0026445865324250715 -0.011123083531856537 0.0021685879579606596 -0.0026512368842898757 0.9999941340674213 0.7067757844924927
0.9999906196701144 -0.0030113199996744306 -0.003113281811874811 -0.003888521110638976 0.0030184441416918873 0.9999928312409874 0.002286145576640726 -0.011475984938442707 0.0031063751776106577 -0.0022955213990875404 0.9999925404795589 0.6933486461639404
0.9999711706340824 0.004222412217996364 -0.006311032860337719 -0.004218754358589649 -0.004195322977196339 0.9999819568119483 0.004299455275240531 -0.010822145268321037 0.006329073061669924 -0.004272854503502338 0.9999708423492017 0.7096903324127197
0.9999911836697081 -0.0011606063872693076 -0.004035539080472259 -0.004826587159186602 0.0011499785257928791 0.9999958674420466 -0.0026348905516086654 -0.012673787772655487 0.004038580474177089 0.002630226538260738 0.9999883858206109 0.7135879993438721
0.9999934678972491 -0.0019848332586189367 -0.0030206952459543687 -0.004060800652951002 0.001985692224226562 0.9999979889216515 0.0002813877097716297 -0.011119686998426914 0.0030201306634146407 -0.00028738404277984635 0.9999953981000052 0.6782565116882324
0.9999904627298959 -0.0009386722787575201 -0.004265365588296824 -0.004743056837469339 0.0009381302881517591 0.9999995516265661 -0.00012906676358749814 -0.01108505018055439 0.004265484827213295 0.00012506406399449084 0.9999908949576335 0.6586016416549683
0.9999935398614088 -0.0019064851022267233 -0.0030472200452624936 -0.003672653576359153 0.0019102497118206956 0.9999974153355277 0.001232991606970428 -0.011279803700745106 0.003044861489091243 -0.001238804592887082 0.9999945970762507 0.6877463459968567
0.999990289565914 -0.0017082505418005629 -0.004062345869743629 -0.004401455633342266 0.0017062511324790722 0.9999984215447149 -0.0004955957538095437 -0.010839535854756832 0.00406318605922728 0.0004886595591188713 0.999991625830378 0.6601038575172424
0.9999854481268309 -0.002249645276677655 -0.004903328533768113 -0.004294870886951685 0.0022592651615099923 0.9999955324291321 0.001957253868644522 -0.010287618264555931 0.004898903500879546 -0.0019683033062662465 0.999986063166174 0.6190600395202637
0.9980686378322612 -0.05280333623350302 0.03272310893339266 -0.009613852947950363 0.054172755021093026 0.9976275860381708 -0.04247955024570111 -0.01598602905869484 -0.030402414198212876 0.044170207813231215 0.9985613080590778 0.6452286243438721
0.9999835720142384 -0.004722499577323114 -0.0032486457773135105 -0.003489920636638999 0.00474381780777343 0.9999670592871106 0.0065860863412768025 -0.010995752178132534 0.0032174359746427873 -0.006601389128833732 0.9999730345200908 0.6675848364830017
0.9998760586807819 -0.014631480271299414 0.005812663937983948 -0.006332981400191784 0.01470820354319846 0.9998022562145685 -0.013383468040449958 -0.012741323560476303 -0.005615694571218001 0.01346730312009339 0.9998935421939448 0.6568589806556702
0.99999116975719 -0.0019516041961588446 -0.003721780314381147 -0.004364980384707451 0.001956670645309178 0.9999971634407756 0.001358142256486637 -0.010713406838476658 0.0037191192012041244 -0.0013654125620501808 0.9999921518696548 0.6270888447761536
0.999992602968585 -0.0016215434198958848 -0.003487779386843451 -0.004087875131517649 0.0016264017339961982 0.9999977105657734 0.0013905684490521958 -0.011038484051823616 0.0034855165346834717 -0.0013962306934162518 0.9999929508323233 0.644474446773529
0.9999931361396833 -0.0018743777613950269 -0.0031959946070711856 -0.003932515624910593 0.0018800455350212737 0.999996663925352 0.0017713178576429743 -0.011132693849503994 0.003192663826193874 -0.001777314314955599 0.999993324003475 0.65449059009552
0.9999935338244419 -0.002678903457340285 -0.002399121833196816 -0.0031121207866817713 0.002684938909747561 0.9999932303630751 0.0025160149189435025 -0.011645418591797352 0.0023923654309479896 -0.0025224401455085053 0.999993956923419 0.7026078104972839
0.9997207970704541 -0.021205524163835237 0.010423706142883312 -0.007045494858175516 0.02139724760397115 0.9995972889561399 -0.018639144468297463 -0.013193566352128983 -0.01002425557288592 0.018856978985847993 0.9997719383158027 0.6574987173080444
0.9999880374825569 -0.0002936879535999664 -0.0048824828898793105 -0.005242158658802509 0.0002907760593788231 0.9999997794631843 -0.0005970953573360362 -0.010560030117630959 0.004882657172825682 0.0005956685054377053 0.9999879023458054 0.5999355912208557
0.9999897865398388 -0.0016548419045049445 -0.004205747766847627 -0.004951816983520985 0.0016600968067961316 0.9999978454380295 0.0012462736018881268 -0.01058032177388668 0.004203676319522548 -0.0012532428215602778 0.9999903791976354 0.6126132607460022
0.9999870311168615 -0.0014299812226894854 -0.004888021254853579 -0.0051261745393276215 0.00143346561379819 0.9999987209533879 0.0007094137878126436 -0.010235547088086605 0.0048870005544508635 -0.0007164113978964798 0.9999878019157483 0.5940662026405334
0.9999863091635074 -0.003975239117665462 -0.003402787019969824 -0.0035379542969167233 0.003991925715084538 0.9999799724223174 0.00491113870159403 -0.010589763522148132 0.003383195919709587 -0.004924655137005048 0.9999821507192767 0.6407838463783264
0.9999887046098109 -0.001255887850607347 -0.004584037357880131 -0.005032546818256378 0.0012539192249493261 0.9999991204007721 -0.0004323011206577035 -0.010795429348945618 0.0045845762474896485 0.00042654822507693486 0.999989399802439 0.6298191547393799
0.9999909094550682 -0.0009934772307962033 -0.004146566075364375 -0.004753745160996914 0.0009960291797047557 0.9999993158224867 0.0006134170127986285 -0.010950734838843346 0.00414595382254191 -0.0006175415373103484 0.9999912148160858 0.632391095161438
0.9999907953718684 -0.0021818164785605506 -0.0036944347865530886 -0.00424423161894083 0.0021896908123328752 0.9999953369291028 0.0021287024678910537 -0.010646089911460876 0.003689773121019356 -0.002136772543885312 0.9999909098473903 0.6288400292396545
0.9999782996945294 -0.006525312016672044 -0.0009057831542985172 -0.005973304156213999 0.006519866095706725 0.999961396027631 -0.005890483899056859 -0.011286264285445213 0.0009441854328411854 0.005884450488879107 0.99998224072046 0.6193934082984924
0.9999923297321868 -0.0027733827441297244 -0.002765650908553805 -0.003781175008043647 0.0027826316481284604 0.9999905306325156 0.0033459836237928185 -0.011276347562670708 0.0027563450263446507 -0.0033536537469481425 0.9999905777399312 0.6568369269371033
0.9999955133023515 -0.0024999648510926546 -0.0016503184268561535 -0.0028996963519603014 0.0025042472214174007 0.9999934897344122 0.002597928914806368 -0.012151369825005531 0.0016438129518722368 -0.0026020500640197234 0.9999952635960051 0.7255701422691345
0.9999967764092664 -0.002347837891841464 -0.0009668651971123782 -0.00314379227347672 0.002348505356229258 0.9999970043566035 0.000689782872274867 -0.012706846930086613 0.0009652428023643649 -0.0006920513367913619 0.9999992946853912 0.7781716585159302
0.9999975928122911 -0.001865986445253735 -0.0011543241353926784 -0.0033300656359642744 0.001866447220930545 0.9999981788940769 0.00039822518898609873 -0.012966318987309933 0.0011535789504413516 -0.00040037871545787514 0.9999992544759667 0.7917569279670715
0.9999962646545654 -0.0022943344858954466 -0.001485498631198782 -0.003988547250628471 0.002295137003172293 0.9999972210406616 0.0005387551309417331 -0.01223502866923809 0.0014842584185821156 -0.0005421625413818405 0.9999987515175836 0.7581689357757568
0.9999937663568289 -0.0029657859417235306 -0.0019160796516639945 -0.0032373028807342052 0.0029713407962612026 0.9999913725216931 0.002902760074954992 -0.012087052688002586 0.0019074541557058675 -0.002908435305822349 0.9999939512930643 0.7396326065063477
0.9998872347317257 -0.013847285377625909 0.0058112398172501896 -0.005424486007541418 0.013908738159772812 0.9998463254815265 -0.010671102281040356 -0.012764573097229004 -0.005662580979190138 0.010750725964330628 0.9999261758089415 0.7063882946968079
0.9999885269880666 -0.0018951559125651321 -0.004399349531863874 -0.004765399266034365 0.0018996969368720131 0.9999976669194734 0.0010282544225787408 -0.010583744384348392 0.004397390565378581 -0.0010366000562333911 0.9999897941561897 0.6276628375053406
0.9999858340713184 -0.002467444188220654 -0.0047162883571497845 -0.00538052711635828 0.002480671825184044 0.9999930006395743 0.0028008818532925736 -0.010086753405630589 0.004709344326496901 -0.0028125417398470187 0.999984955729323 0.6236093044281006
0.9999812387984388 -0.0014811265218799498 -0.005943762727907013 -0.005292144604027271 0.0015004499241965572 0.9999935998858029 0.0032478973902151952 -0.010440418496727943 0.005938914140181803 -0.0032567547740921378 0.9999770611604932 0.6150479912757874
0.9991185785868004 -0.018204329749982696 -0.03782417614496274 -0.00894073024392128 0.018246819047411465 0.999833209932049 0.0007784032540659257 -0.009257175028324127 0.03780369713853786 -0.0014678880505042402 0.9992841066420144 0.7291421890258789
0.9996035987563002 0.018912350730598736 -0.0208558946894256 -0.0073652686551213264 -0.019161674099953473 0.9997465240726968 -0.011820230549690097 -0.01273119542747736 0.020627059876307183 0.012215178852701104 0.9997126156083336 0.8053600192070007
0.9995387452134317 -0.0006047891210252145 -0.030363317461660568 -0.009070046246051788 0.000304107221005733 0.9999508837492744 -0.009906442744160067 -0.011352073401212692 0.030367817438146986 0.009892639645932679 0.9994898355385508 0.7691922783851624
0.9998266907107703 -0.0008433361154062398 -0.018597777462539065 -0.00678942259401083 0.0006643246270539077 0.9999534145971402 -0.009629501976207227 -0.01248335000127554 0.018605031984373584 0.009615478132487263 0.9997806736305439 0.7665001749992371
0.9998925209480318 0.00741335510677427 -0.012648664682529518 -0.006973791867494583 -0.007530240352193924 0.9999291553085988 -0.009218451283742704 -0.012485301122069359 0.01257942893888256 0.009312707978531865 0.9998775082167208 0.7520589828491211
0.9998829136049071 0.008100909548268746 -0.012982077855735984 -0.008026255294680595 -0.008234369515496904 0.999913459423654 -0.010260059556499142 -0.01174465287476778 0.012897838564809128 0.010365757469255313 0.9998630890439173 0.7252471446990967
0.9996899317947417 0.013510816041512134 -0.02091645567770003 -0.010202668607234955 -0.013760541160954489 0.9998351980202687 -0.011841634461840913 -0.011199705302715302 0.020753018459550618 0.012125784496790276 0.9997110970551217 0.7333232164382935
0.9996767362131322 0.015118357347255414 -0.0204415837297436 -0.009046024642884731 -0.015426125258229437 0.9997687445983555 -0.014983056555507728 -0.012350993230938911 0.02021033729992763 0.01529354750699835 0.9996787732421222 0.769231379032135
0.9996644485763223 0.016071667590637304 -0.020314816106804877 -0.00987141951918602 -0.016360150856958616 0.9997665272938864 -0.014115111287557913 -0.012154622003436089 0.020083219775095737 0.014442728398008706 0.9996939891186134 0.7604490518569946
0.9996817286621881 0.013439961740834418 -0.021349679327424376 -0.012464642524719238 -0.013675960787583121 0.9998465570978017 -0.010946705267264493 -0.010368747636675835 0.02119928007068715 0.01123519862204378 0.999712138986222 0.72844398021698
0.9998270534698876 0.007221594507764868 -0.017138019794823902 -0.011796338483691216 -0.007399646005275769 0.999919071572348 -0.010348697738839552 -0.01019593607634306 0.01706189874307552 0.010473723247187545 0.9997995762814776 0.7047607898712158
0.9996417768606529 0.014228412990163704 -0.022668705712013855 -0.012075185775756836 -0.014536756375496757 0.9998032518607742 -0.013495935784552176 -0.010420631617307663 0.022472219938315025 0.013820630680350386 0.9996519341744112 0.710658848285675
0.9998835073216318 0.004880688308040516 -0.01446204231191018 -0.009680194780230522 -0.005033516890502765 0.9999316774460495 -0.010550078087010698 -0.01084782276302576 0.014409562585475908 0.010621644014405518 0.9998397597537947 0.7019835710525513
0.9999363094294647 -0.001920653184210367 -0.011121518598082344 -0.009715468622744083 0.0018658358597793052 0.9999860711499299 -0.004937222161434389 -0.010090027004480362 0.011130846379582754 0.004916156778722564 0.9999259650901164 0.6779353618621826
0.9998815564080012 0.0048501021774972185 -0.014606493897605844 -0.00945612695068121 -0.004977431698677171 0.9999498217907954 -0.008693622618989552 -0.011199484579265118 0.014563596011904606 0.008765295740831555 0.9998555251944041 0.7148048877716064
0.9997422462228586 0.012322272050914367 -0.01906836985104265 -0.009334812872111797 -0.012558575567040807 0.9998452045598484 -0.012322706618335353 -0.011889460496604443 0.018913574410983857 0.012559001957874476 0.9997422408665255 0.7525866031646729
0.9999611781449415 0.0011204833487879755 -0.008739949659206454 -0.007835009135305882 -0.0011849411355556595 0.9999721141508653 -0.007373386952681805 -0.011717772111296654 0.008731444180984163 0.007383457029996117 0.9999346210851989 0.7222275733947754
0.999956274332275 -0.000817482733502803 -0.009315639832898714 -0.008125999942421913 0.0007858424275160622 0.9999939124789698 -0.003399625961969388 -0.010190380737185478 0.0093183622592696 0.003392156686034036 0.9999508294900417 0.6558917760848999
0.999972220789524 -0.0022108424388087257 -0.007118274016770971 -0.006860001944005489 0.00220129608298387 0.9999966676989133 -0.0013486610485610305 -0.010759511031210423 0.007121231973620457 0.0013329541551111784 0.9999737552998068 0.6679686903953552
0.9999711366199734 -0.0027915519050391085 -0.007066340277705784 -0.006772622466087341 0.0028005276655001642 0.9999952839079234 0.0012606374208580285 -0.01029655896127224 0.007062787817400628 -0.0012803905160426274 0.9999742384823587 0.6537970900535583
0.9999702001288573 0.000540526735581188 -0.007701083371914954 -0.006487654987722635 -0.0005908360201177394 0.9999784918599725 -0.006531977514677185 -0.010478559881448746 0.007697387027452529 0.006536332940038998 0.9999490119924348 0.6157867908477783
0.9999689696702188 0.0008475724704804316 -0.007832069815089743 -0.006178668234497309 -0.0008636348007145597 0.9999975305542144 -0.0020476865980966407 -0.009317830204963684 0.007830314911429229 0.002054387105760151 0.9999672322941424 0.5582799315452576
0.9999615706727067 0.0005000981240807763 -0.008752547037295241 -0.006597225554287434 -0.0005132246870153197 0.9999987469560451 -0.0014975602695021717 -0.00906168483197689 0.008751787142887607 0.0015019947424822358 0.9999605743396084 0.5442992448806763
0.999965131356009 -0.0006164459586570621 -0.008328028970884327 -0.006230066064745188 0.0006040440988029723 0.9999987051228298 -0.0014916043008923732 -0.00939945038408041 0.00832893768055294 0.001486521793918507 0.999964208884533 0.5479869246482849
0.9999678361375627 0.0002227891530619819 -0.008017297259924951 -0.006222856696695089 -0.00023797552680680746 0.9999981793953326 -0.0018932970365915854 -0.009476657956838608 0.008016860857552864 0.0018951440613851447 0.9999660686098191 0.5626112222671509
0.9999594531825595 -2.661805999744351e-05 -0.009005069811815746 -0.00633125938475132 1.0470217586369974e-05 0.9999983920944712 -0.001793236974638476 -0.00929412990808487 0.009005103065003588 0.0017930699795459274 0.9999578456209228 0.5483442544937134
0.9999648656861843 0.00048051264227636046 -0.008368781321807666 -0.006168096326291561 -0.0004941059413128902 0.9999985620085103 -0.0016222947421318276 -0.009597118012607098 0.008367989754438254 0.0016263728084919093 0.9999636651693689 0.5629028081893921
0.9999758056826488 -0.0002672875221489234 -0.006951014797735416 -0.005317916162312031 0.00025269147332476863 0.9999977617314735 -0.0021006377752729117 -0.00997872557491064 0.006951560713763651 0.0020988304896055942 0.9999736350095533 0.5761533975601196
0.9999837385719983 -0.0024878738081923466 -0.005131576315695699 -0.004502670839428902 0.002498714754985546 0.9999946579096227 0.00210726761224812 -0.010645388625562191 0.00512630628645188 -0.0021200556905239267 0.9999846130554841 0.6303584575653076
0.9999918197786207 -0.002865845116851627 -0.002854348894034097 -0.0037693786434829235 0.002873710283796695 0.9999920752336195 0.002755223977082145 -0.011211037635803223 0.0028464302288053896 -0.002763404010510392 0.9999921306856506 0.6969985961914062
0.9999809564929031 -0.0060102058522029 -0.0014014553696829405 -0.004587690811604261 0.006006650061147877 0.9999787650496347 -0.002527766771434994 -0.01115674339234829 0.0014166180084904084 0.00251930058190854 0.9999958231502751 0.6586598753929138
0.9999903608099855 -0.003077364653167429 -0.003131790846533706 -0.003299611620604992 0.003086585937475188 0.9999909033226158 0.0029438510949921694 -0.01083602849394083 0.003122703054338823 -0.002953489260238115 0.9999907627707487 0.664785623550415
0.9999842607518319 -0.0024408720390192776 -0.005051771204387055 -0.004719901364296675 0.0024523433854173335 0.9999944260429653 0.002265809992117654 -0.010057538747787476 0.005046212493775922 -0.0022781630076696064 0.9999846727389267 0.6256747245788574
0.9999721648339529 -0.0005265832959643623 -0.0074425981572326765 -0.00626765750348568 0.0005360515781011085 0.9999990495732286 0.0012702367279811494 -0.009352055378258228 0.007441922198145264 -0.0012741909872182639 0.9999714967094436 0.5971264839172363
0.9999670020806256 0.0010401618887574886 -0.008056848833859312 -0.006190526764839888 -0.0010561216173562427 0.9999974882564386 -0.0019768884499564614 -0.009574247524142265 0.008054772313097156 0.0019853322289719874 0.9999655889574026 0.5712563991546631
0.9999657647844582 0.0008059469235351097 -0.008235272223158254 -0.00630335183814168 -0.0008167505995443873 0.9999988102421724 -0.0013085995175501875 -0.009462079033255577 0.008234207763423356 0.0013152808808893225 0.9999652333249955 0.5681940317153931
0.9999617043516479 0.0006039644706003504 -0.008730696253190983 -0.0064534274861216545 -0.0006186638657103508 0.9999983956741885 -0.0016810425544899986 -0.009319157339632511 0.008729666956333154 0.0016863795441698093 0.9999604737382694 0.5542998909950256
0.9999565285862339 0.001037190944603301 -0.009266346243962482 -0.006827669683843851 -0.0010526615370016373 0.9999980601290301 -0.001664824875258729 -0.00909055769443512 0.009264601527161439 0.0016745068292472875 0.9999556806106068 0.5544273257255554
0.9999677988115656 7.901330895571665e-05 -0.008024655559538069 -0.005996608175337315 -0.00010081422536982785 0.999996305568832 -0.002716373534508346 -0.009660821408033371 0.008024411283339137 0.0027170950634863977 0.9999641124650283 0.557306706905365
0.9999722507819714 0.0001923179760483912 -0.007447192748564106 -0.006316180806607008 -0.00020254551779940496 0.9999990374552955 -0.0013726120339640699 -0.009762232191860676 0.007446921602339891 0.0013740823405648805 0.9999713272171208 0.5942573547363281
0.9999668586201496 -0.0020238021514175754 -0.007885802825404416 -0.00542441476136446 0.0020275832897112 0.999997833284343 0.0004715216030346014 -0.010037587024271488 0.007884831472677305 -0.000487495098192795 0.9999687954037246 0.5795046091079712
0.9999647553336833 0.000638253824989823 -0.008371422967572048 -0.006531503051519394 -0.0006410628195631492 0.9999997391191127 -0.0003328665923560498 -0.009225545451045036 0.008371208330252013 0.0003382214685954216 0.9999649036227872 0.575124979019165
0.9992405754824835 0.00846335502345922 0.03803477265847386 -0.007274011615663767 -0.00971783546546454 0.9994107599990668 0.03291954543965493 -0.013507276773452759 -0.0377337512487304 -0.03326416119240397 0.9987340284564576 0.7200593948364258
0.9961202676604809 -0.007686286660704682 -0.08766603306515978 -0.014253895729780197 0.006196569708019551 0.9998319611604967 -0.017252593016963472 -0.0077209752053022385 0.08778391014226851 0.016642428888981185 0.9960005093777862 0.6439440846443176
0.9999752829887769 -6.681797130573419e-05 -0.0070305723006214476 -0.005116016138345003 5.6406783678864886e-05 0.9999989016794009 -0.0014810328378956977 -0.0099919643253088 0.007030663538408731 0.001480599659219522 0.9999741884643117 0.5891128778457642
0.9999800717362135 -0.000256813516364275 -0.006307945565331884 -0.005125145427882671 0.0002508807181231198 0.9999995255054542 -0.0009413010845092398 -0.00998115073889494 0.006308184311087589 0.0009396997840996133 0.999979661680683 0.6084122657775879
0.9999870404120663 -0.0010792356093811085 -0.00497536515400688 -0.004158412106335163 0.0010762786847309511 0.9999992426358174 -0.0005969522461333545 -0.010696100071072578 0.004976005637964644 0.0005915896304142179 0.9999874446159812 0.6365575790405273
0.9999862446093929 -0.0008545178620505911 -0.005174977413160501 -0.005605508107692003 0.0008473167372256757 0.9999986700210182 -0.0013935603831753468 -0.010483721271157265 0.00517616135278858 0.001389156369231006 0.9999856386959922 0.6524538993835449
0.9999871419316945 -0.0026549312854031756 -0.004320568382900213 -0.0034668443258851767 0.0026684322609701583 0.9999915660824442 0.00312205593311886 -0.01084345206618309 0.00431224309961106 -0.003133544933569076 0.999985792626875 0.6443362832069397
0.999993236311391 -0.0020587203730777427 -0.0030477863927825164 -0.0036661678459495306 0.002058164488594473 0.9999978647693224 -0.00018551478063521713 -0.011160222813487053 0.0030481618081139128 0.00017924068014856214 0.9999953382803193 0.6862003207206726
0.9999885580207156 -0.0017208941314881133 -0.004463446094465445 -0.0039648269303143024 0.001722388068860331 0.9999984619468384 0.00033088260483421674 -0.010512370616197586 0.0044628698155151966 -0.0003385666051814151 0.9999899840326721 0.6315807104110718
0.9999889644378559 -0.002156650428880954 -0.004173710750847862 -0.003823345759883523 0.0021631488860693036 0.9999964543116288 0.0015531101271020664 -0.010366799309849739 0.004170346436548475 -0.0015621213454202144 0.9999900839445864 0.6313284635543823
0.9999912997009436 -0.0023456332339526907 -0.0034494241764982878 -0.0032722700852900743 0.002351733387304594 0.9999956762339519 0.0017654640965766414 -0.01107124425470829 0.003445268130736867 -0.0017735608625138743 0.9999924922765042 0.6652677059173584
0.9999952296913575 -0.0016016875800637922 -0.0026410587696842746 -0.0033646489027887583 0.0016011207787817324 0.9999986947232818 -0.00021671175341139465 -0.011718671768903732 0.002641402426895645 0.0002124820655553192 0.9999964889161316 0.7067294716835022
0.9999948312491905 -0.002328555168728334 -0.0022170488783852275 -0.0030899234116077423 0.0023323269862396963 0.9999958347500283 0.0017002156991053092 -0.01168509665876627 0.0022130805977683445 -0.0017053777940429086 0.9999960969728069 0.7111762762069702
0.9999947069572381 -0.0024510295423933637 -0.0021397457068256967 -0.003430373966693878 0.0024523152820078264 0.9999968139880872 0.000598467570256365 -0.011817927472293377 0.002138272027875522 -0.0006037117336383834 0.9999975316593924 0.7287702560424805
0.9999944827135641 -0.002667203413619966 -0.001980042520190595 -0.003225538646802306 0.00266944890980709 0.9999957959728301 0.0011322893552132304 -0.011797023005783558 0.001977014150004612 -0.0011375687303954239 0.9999973986728337 0.7289374470710754
0.9999944960749089 -0.0024868174657499565 -0.002196260180726493 -0.003409087425097823 0.002488396625965935 0.9999966471900983 0.0007165827197461298 -0.011565446853637695 0.002194470806660493 -0.0007220439421519818 0.9999973314716517 0.7156530618667603
0.9999936958944773 -0.0020347807366021663 -0.002909955095444014 -0.0034778835251927376 0.0020358628046669696 0.9999978595719051 0.0003689366459260044 -0.011492758989334106 0.0029091981617142162 -0.0003748585894525229 0.9999956980142932 0.7037431001663208
0.9999938669680214 -0.0018100073055228754 -0.002998316176896799 -0.0035045442637056112 0.001809292855675635 0.999998334192859 -0.0002409789803542329 -0.011320487596094608 0.0029987473559952194 0.0002355526703845242 0.9999954760043837 0.6951886415481567
0.9999939000744844 -0.0022545441817351138 -0.00266774143332215 -0.0032855812460184097 0.002257538387303199 0.99999682467135 0.0011198962663659003 -0.011399593204259872 0.0026652081067548637 -0.001125911963775214 0.9999958144852397 0.6973840594291687
0.9999938436989849 -0.0021122390407278687 -0.0028019654467028123 -0.0034160634968429804 0.0021133900525628206 0.9999976836013943 0.00040789009676753745 -0.011296957731246948 0.00280109739484724 -0.00041380923157600724 0.9999959912996171 0.6961653232574463
0.999991260815063 -0.002088014155654464 -0.003621945663156604 -0.0038386359810829163 0.002090088017556541 0.9999976539444031 0.0005688917022176235 -0.010695917531847954 0.0036207493119434445 -0.0005764569157986331 0.9999932789133358 0.6702042818069458
0.9999906818509773 -0.002721925527224555 -0.003350721212207949 -0.0034110122360289097 0.0027310188878288425 0.9999925925244376 0.0027122743387367294 -0.011112616397440434 0.00334331378306301 -0.002721399948278639 0.9999907080744649 0.6712096333503723
0.9999940179571913 -0.00275334457707899 -0.0020935958235926873 -0.0034917776938527822 0.002755352155107976 0.9999957464329933 0.0009566349471674795 -0.011576488614082336 0.002090952972698539 -0.0009623978183007343 0.9999973508495438 0.7254623770713806
0.9999932630897521 -0.0025921519174031495 -0.002598946622524362 -0.00356870936229825 0.0025951500987894363 0.9999959702973609 0.001150906166556201 -0.011553747579455376 0.0025959528259159085 -0.001157643069588846 0.9999959604375653 0.7235696911811829
0.999994162799564 -0.0028058690332521054 -0.0019497347941926388 -0.00337966182269156 0.0028080057930181712 0.9999954590671595 0.001094051428235012 -0.011700114235281944 0.0019466561755546116 -0.00109951990863448 0.9999975007897295 0.7274408340454102
0.9999937366997086 -0.002877683715943645 -0.0020604605758831798 -0.003453795798122883 0.002880713172634311 0.9999947720069742 0.0014688261764546598 -0.011798862367868423 0.0020562229866401237 -0.0014747525726778814 0.9999967985208146 0.7404729127883911
0.9999945374712055 -0.0010356049913704754 -0.0031388771959790372 -0.0039792112074792385 0.0010303709378099168 0.9999980769679798 -0.001668650973866185 -0.01155115943402052 0.0031405992230950732 0.0016654076509721016 0.9999936815069761 0.7012435793876648
0.9999896553313603 -0.0015070987078549187 -0.0042916061972476825 -0.003900977084413171 0.0015090018299115072 0.9999987645465337 0.0004402486612624933 -0.010442717932164669 0.004290937396979407 -0.0004467201486408797 0.9999906941053822 0.6473847031593323
0.9999910482851033 -0.00235081727544906 -0.0035180971842491034 -0.0036563591565936804 0.0023557429507909287 0.9999962499734489 0.0013966081016183619 -0.011019094847142696 0.003514800820838936 -0.0014048833322228057 0.9999928362133466 0.6790159940719604
0.999994088325573 -0.0029284697539071433 -0.0018020485027754874 -0.0030496784020215273 0.0029314462871176416 0.999994339847836 0.0016513312678765554 -0.011722734197974205 0.0017972024292350972 -0.001656604114136396 0.9999970128586572 0.7216753959655762
0.9999936260584271 -0.0019046454320389926 -0.003019961638264848 -0.0035931633319705725 0.0019033716135614834 0.9999980984364187 -0.0004246175303450742 -0.011549247428774834 0.0030207646414553155 0.0004188667146014271 0.9999953497550157 0.7146952152252197
0.9999952028137431 -0.002788945756027824 -0.0013476390729452944 -0.0027687731198966503 0.0027907128116010016 0.9999952464231876 0.0013111266268393995 -0.011985791847109795 0.0013439760057979068 -0.0013148812107470465 0.9999982324063866 0.728844940662384
0.9999957306546634 -0.0019645544433844957 -0.002163145460822507 -0.0032691671513020992 0.001964569389202989 0.9999980702202498 4.784491336323414e-06 -0.01195728313177824 0.0021631318870344854 -9.034120266402931e-06 0.999997660386675 0.7285963892936707
0.9999943190297623 -0.0024772617865786674 -0.002285843879781982 -0.003434805665165186 0.00247974537445739 0.9999963375559127 0.0010843143636181537 -0.011670097708702087 0.0022831493774689506 -0.0010899765144481467 0.9999967995849378 0.7200605869293213
0.9999940350981018 -0.0030086870459181355 -0.001696340318508729 -0.0031457161530852318 0.0030116900795252714 0.9999938974457802 0.0017705349653734813 -0.011901859194040298 0.0016910029808852956 -0.0017756332556148567 0.9999969938132116 0.7263123989105225
0.9999971634892072 -0.0020335590631609573 -0.0012400205949957602 -0.003121972782537341 0.00203351874506394 0.9999979318282766 -3.3773991901441005e-05 -0.012579723261296749 0.0012400867118275596 3.125229097695925e-05 0.9999992306038246 0.7568825483322144
0.9999977277995781 -0.0021139349425062246 -0.00027509042135066256 -0.0023643544409424067 0.002113997044713484 0.9999977400450704 0.00022565736630171708 -0.013443076983094215 0.0002746127746670496 -0.00022623839390071844 0.9999999367020046 0.8059567213058472
0.9999974869337959 -0.0020942673660805547 0.0008001064252364966 -0.0021815490908920765 0.002094224878272237 0.9999978056540821 5.3936808499915705e-05 -0.014572652988135815 -0.0008002176276241006 -5.2261070172149375e-05 0.9999996784602125 0.879216194152832
0.9999975016828996 -0.00166394526294812 0.0014926198850455093 -0.0018388349562883377 0.0016654223187610756 0.9999981242444649 -0.0009888761560946028 -0.01543772965669632 -0.0014909716494599218 0.000991359528038373 0.9999983971036287 0.9181697964668274
0.9999965265443734 -0.0014241130210396967 0.002217837075034509 -0.0016567357815802097 0.0014268280815779247 0.9999982341019196 -0.001223092256498449 -0.01592216268181801 -0.0022160913369518634 0.001226252480360793 0.9999967926168766 0.9381716251373291
0.9999949983833692 -0.0014656005813308177 0.0028027171069554316 -0.001500904094427824 0.0014696287946757134 0.9999978894273991 -0.0014357339424373853 -0.01566987857222557 -0.0028006069791168243 0.0014398457152103332 0.9999950417101403 0.9289054870605469
0.9999963454202149 -0.002331286986970992 0.0013690314819089875 -0.001889592967927456 0.0023317127662109407 0.9999972336607136 -0.0003094939349369851 -0.014735713601112366 -0.00136830617552035 0.0003126849920504188 0.9999990149826676 0.8886054754257202
0.9999966989327579 -0.0017796552551117562 0.0018533620153975967 -0.001909731887280941 0.0017809378621099878 0.9999981756483315 -0.0006906231534879784 -0.014816226437687874 -0.001852129563089105 0.0006939215962799279 0.999998044042537 0.8842867612838745
0.9999970704449581 -0.0018837134682264784 0.0015201069275934324 -0.0016913325525820255 0.0018853489915603501 0.9999976446866585 -0.0010752117538721203 -0.015567796304821968 -0.0015180779564033411 0.0010780745360431077 0.9999982665958043 0.9203833341598511
0.9999936526779588 -0.001852808632222899 0.003043304777129404 -0.0011406433768570423 0.0018572778050784675 0.9999972001540246 -0.0014663571416008577 -0.016619253903627396 -0.0030405793771748914 0.0014720000965765042 0.9999942940301044 0.9731004238128662
0.9999919592579228 -0.0016358682362431192 0.0036613323551161134 -0.0010813213884830475 0.001641153649236843 0.9999976150094925 -0.0014410378296751789 -0.01663774624466896 -0.003658966274860411 0.0014470350516173347 0.9999922589977179 0.9733763933181763
0.9999931260009359 -0.0016338820561491154 0.003328420091075635 -0.0012384825386106968 0.001638206361128631 0.9999978171696209 -0.0012968947187539414 -0.016371387988328934 -0.0033262938526894595 0.001302338442866567 0.9999936198215394 0.9608155488967896
0.9999947536083678 -0.0013495027058295912 0.002944757746647716 -0.0017324634827673435 0.0013533571333559638 0.9999982296786906 -0.0013073117279723849 -0.015577376820147038 -0.0029429883127660653 0.0013112901782055056 0.9999948096554597 0.9179093837738037
0.9999966927580771 -0.002077102884469979 0.0015166135023105297 -0.001947382465004921 0.0020770194919570856 0.9999978413932278 5.655895213108242e-05 -0.014826519414782524 -0.0015167277073009665 -5.340872927088055e-05 0.9999988483416217 0.8895805478096008
0.9999967877283562 -0.0019702369935414867 0.0015945843213089708 -0.001899726688861847 0.0019709287105476197 0.9999979642605846 -0.00043233633218224933 -0.014857581816613674 -0.0015937292701154993 0.00043547775542076596 0.9999986351921375 0.8890522718429565
0.9999967080975666 -0.0011495167627625068 0.0022939932960542664 -0.0019970342982560396 0.0011524083245923855 0.9999985427191349 -0.0012595692358224764 -0.014964394271373749 -0.002292542057111294 0.0012622087064143761 0.9999965755341854 0.8886244893074036
0.9999967162699834 -0.002291768621783543 0.001146841677947705 -0.0010086041875183582 0.002293216237773832 0.9999965735648721 -0.0012625441781958118 -0.017807364463806152 -0.0011439442892378889 0.0012651699882996223 0.9999985453671238 1.0237784385681152
0.9999742233505434 -0.0016640285843079225 0.006984528856565643 -0.00019580358639359474 0.001683499183002413 0.999994711129424 -0.002782722350661699 -0.020695023238658905 -0.006979861386762792 0.0027944090700268162 0.9999717360070589 1.1843838691711426
0.9999774301905052 -0.0018743062991965745 0.006451828073473908 -0.00021393969655036926 0.0018917903757069328 0.9999945522909393 -0.0027049062124166125 -0.020447678864002228 -0.006446723103038986 0.002717050669453811 0.9999755283990164 1.173201560974121
0.9999787102638121 -0.0011092200864252296 0.006430291589267102 -0.000607726164162159 0.001126966829085388 0.9999955647148174 -0.002756899791399502 -0.01883547380566597 -0.006427205060465214 0.002764087823052697 0.999975525127299 1.086698055267334
0.9999932382477449 -0.0014185159788429734 0.003392826433334128 -0.0013251341879367828 0.0014255035406542762 0.9999968663246024 -0.002057979745012874 -0.017402995377779007 -0.003389896524164969 0.0020628023155572356 0.9999921266930867 1.0101828575134277
0.9999923116543054 -0.0012730512570394332 0.0037089045249706063 -0.0015488294884562492 0.0012810841900385928 0.9999968373515743 -0.002164280514786285 -0.017079634591937065 -0.0037061375549796156 0.0021690152939988095 0.9999907799160338 0.9962559938430786
0.9999945780159049 -0.0015200195667442453 0.0029212119589386437 -0.0016209348104894161 0.0015262736235364368 0.9999965457033615 -0.0021398762045431083 -0.01718834787607193 -0.0029179492145046783 0.0021443231709300493 0.9999934437037675 0.9971598982810974
0.9999917416204558 -0.0013744402958497898 0.0038246051771070296 -0.0011717723682522774 0.0013841946482288552 0.9999957934370323 -0.002548943588295114 -0.0182294063270092 -0.0038210857178849244 0.0025542165361692654 0.9999894375851293 1.0522000789642334
0.9999815445804814 -0.001775720257778795 0.005810104646274914 -0.00024279579520225525 0.001793322943908902 0.99999381405725 -0.00302586186945383 -0.02003861963748932 -0.005804695621081371 0.0030362254198723006 0.9999785431917758 1.1561799049377441
0.999972840921193 -0.0015195645550119543 0.0072116810496658515 0.00010790303349494934 0.0015421319727631601 0.9999939288387688 -0.0031247583238426294 -0.021098989993333817 -0.00720688899439556 0.003135794822209119 0.9999691132939337 1.2111499309539795
0.9999782629356265 -0.0008993930751189282 0.0065318258047405995 -0.00042617879807949066 0.0009193209733918416 0.9999949306406093 -0.0030485311267814657 -0.019545458257198334 -0.006529050864783405 0.003054469705120958 0.9999740205173461 1.129409909248352
0.9999855236108435 -0.0015392991527184248 0.0051558827435953655 -0.0005527772009372711 0.001552595434397824 0.999995477218338 -0.0025758474888060677 -0.018855223432183266 -0.0051518944248063895 0.002583815199843409 0.9999833908034917 1.0929334163665771
0.9999896395331868 -0.0006860201943524424 0.004500022508833287 -0.0014428463764488697 0.0006969881398736235 0.9999967895785642 -0.002436193772610338 -0.017364781349897385 -0.004498336783739197 0.002439304994823427 0.9999869072929516 1.0192991495132446
0.9999955514726447 -0.0018084040926878958 0.002372068624384702 -0.0015577119775116444 0.0018128855548448285 0.9999965735469238 -0.001888475675478466 -0.016913441941142082 -0.00236864536946239 0.0018927675634870117 0.9999954034644681 0.9900448322296143
0.9999909773176283 -0.0018980256435678655 0.0038003660338257537 -0.0010080700740218163 0.00190639083919722 0.9999957655905034 -0.002198743966705191 -0.01843933016061783 -0.0037961766690872835 0.002205969111129244 0.9999903613250369 1.066246747970581
0.9999872418626665 -0.0012199653922367153 0.00490181561660106 -0.0009018033742904663 0.0012325291209289747 0.9999959613906776 -0.002560873737796258 -0.017970990389585495 -0.004898671642748814 0.0025668826963103023 0.9999847069477414 1.046911358833313
