9.999944e-01 -5.081267e-04 3.301697e-03 -6.811152e-02 5.082907e-04 9.999999e-01 -4.884270e-05 -2.919411e-02 -3.301671e-03 5.052112e-05 9.999944e-01 1.191583e+00
9.999999e-01 -1.669730e-05 3.939249e-04 -1.433855e-01 1.669204e-05 1.000000e+00 1.340540e-05 -5.894454e-02 -3.939243e-04 -1.339835e-05 9.999998e-01 2.430364e+00
9.999947e-01 -4.630412e-04 3.221572e-03 -2.129887e-01 4.632257e-04 9.999999e-01 -5.650399e-05 -8.757710e-02 -3.221545e-03 5.799647e-05 9.999947e-01 3.582080e+00
1.000000e+00 -4.045884e-05 -3.879186e-05 -2.750378e-01 4.046078e-05 1.000000e+00 4.953567e-05 -1.154887e-01 3.879128e-05 -4.953678e-05 9.999999e-01 4.670667e+00
9.999946e-01 -5.027297e-04 3.245182e-03 -3.399784e-01 5.028864e-04 9.999999e-01 -4.744281e-05 -1.440475e-01 -3.245156e-03 4.907498e-05 9.999946e-01 5.808831e+00
1.000000e+00 -3.875116e-05 2.266802e-04 -4.022307e-01 3.874430e-05 1.000000e+00 3.030789e-05 -1.721274e-01 -2.266793e-04 -3.029864e-05 9.999999e-01 6.910959e+00
9.999945e-01 -4.788518e-04 3.287863e-03 -4.570171e-01 4.791427e-04 9.999999e-01 -8.767954e-05 -1.992450e-01 -3.287818e-03 8.925487e-05 9.999945e-01 7.938081e+00
9.999999e-01 -5.357517e-05 3.679462e-04 -5.076864e-01 5.356861e-05 1.000000e+00 1.787936e-05 -2.259315e-01 -3.679444e-04 -1.785920e-05 9.999998e-01 8.930178e+00
9.999960e-01 -4.754852e-04 2.794980e-03 -5.602323e-01 4.756437e-04 9.999999e-01 -5.601725e-05 -2.530633e-01 -2.794949e-03 5.734688e-05 9.999960e-01 9.954462e+00
9.999999e-01 -1.267764e-04 3.809925e-04 -6.197800e-01 1.267532e-04 1.000000e+00 6.085525e-05 -2.814805e-01 -3.809967e-04 -6.080652e-05 9.999998e-01 1.107701e+01
9.999955e-01 -4.624062e-04 2.980792e-03 -6.804702e-01 4.626279e-04 9.999999e-01 -7.369856e-05 -3.098812e-01 -2.980753e-03 7.507766e-05 9.999955e-01 1.220070e+01
9.999997e-01 -1.075607e-04 7.820282e-04 -7.462124e-01 1.075485e-04 1.000000e+00 1.564103e-05 -3.388124e-01 -7.820257e-04 -1.555649e-05 9.999996e-01 1.337201e+01
9.999950e-01 -4.565868e-04 3.132699e-03 -8.119266e-01 4.568756e-04 9.999999e-01 -9.147770e-05 -3.677481e-01 -3.132653e-03 9.290892e-05 9.999950e-01 1.454519e+01
9.999995e-01 -1.032374e-04 9.539156e-04 -8.754142e-01 1.032618e-04 1.000000e+00 -2.555882e-05 -3.966068e-01 -9.539080e-04 2.565773e-05 9.999994e-01 1.571350e+01
9.999946e-01 -4.995332e-04 3.252329e-03 -9.319759e-01 4.998812e-04 9.999999e-01 -1.062049e-04 -4.248580e-01 -3.252270e-03 1.078305e-04 9.999946e-01 1.683164e+01
1.000000e+00 -4.737848e-05 1.627288e-04 -9.852541e-01 4.736919e-05 1.000000e+00 5.712677e-05 -4.522014e-01 -1.627258e-04 -5.711867e-05 9.999999e-01 1.787337e+01
9.999951e-01 -5.265746e-04 3.100924e-03 -1.032009e+00 5.268028e-04 9.999999e-01 -7.275470e-05 -4.785402e-01 -3.100880e-03 7.438830e-05 9.999951e-01 1.883243e+01
1.000000e+00 -7.165023e-06 2.274900e-04 -1.086805e+00 7.155450e-06 1.000000e+00 4.211043e-05 -5.056823e-01 -2.274839e-04 -4.210842e-05 9.999999e-01 1.985940e+01
9.999954e-01 -4.866134e-04 2.996383e-03 -1.143430e+00 4.867758e-04 9.999999e-01 -5.347450e-05 -5.326634e-01 -2.996350e-03 5.493319e-05 9.999954e-01 2.087499e+01
1.000000e+00 2.175110e-05 2.483929e-04 -1.204895e+00 -2.175758e-05 1.000000e+00 2.611057e-05 -5.602276e-01 -2.483853e-04 -2.611560e-05 9.999999e-01 2.193899e+01
9.999955e-01 -5.209368e-04 2.951382e-03 -1.261183e+00 5.210095e-04 9.999999e-01 -2.386888e-05 -5.871677e-01 -2.951361e-03 2.540684e-05 9.999955e-01 2.295017e+01
1.000000e+00 8.379297e-06 6.407315e-05 -1.305629e+00 -8.380537e-06 1.000000e+00 1.940416e-05 -6.127582e-01 -6.406534e-05 -1.940433e-05 9.999999e-01 2.385074e+01
9.999927e-01 -6.263776e-04 3.761852e-03 -1.342953e+00 6.268092e-04 9.999998e-01 -1.135441e-04 -6.383072e-01 -3.761772e-03 1.159016e-04 9.999928e-01 2.474791e+01
9.999991e-01 -1.520221e-04 1.355645e-03 -1.363461e+00 1.522433e-04 1.000000e+00 -1.630927e-04 -6.634221e-01 -1.355611e-03 1.632993e-04 9.999990e-01 2.560494e+01
9.999950e-01 -5.143950e-04 3.106829e-03 -1.395490e+00 5.145603e-04 9.999999e-01 -5.238888e-05 -6.892710e-01 -3.106793e-03 5.398757e-05 9.999951e-01 2.652810e+01
9.999997e-01 -7.573519e-05 7.913048e-04 -1.435802e+00 7.578377e-05 1.000000e+00 -6.135054e-05 -7.152298e-01 -7.912908e-04 6.141078e-05 9.999996e-01 2.746006e+01
9.999940e-01 -6.079253e-04 3.416022e-03 -1.456161e+00 6.083748e-04 9.999998e-01 -1.305329e-04 -7.397318e-01 -3.415932e-03 1.326106e-04 9.999941e-01 2.826963e+01
9.999997e-01 -2.942232e-05 7.618658e-04 -1.484595e+00 2.947554e-05 1.000000e+00 -6.983107e-05 -7.649542e-01 -7.618536e-04 6.985375e-05 9.999996e-01 2.914263e+01
9.999999e-01 -1.443273e-05 -3.258991e-04 -1.539408e+00 1.455236e-05 9.999999e-01 3.670830e-04 -7.868463e-01 3.259041e-04 -3.670874e-04 9.999998e-01 2.975592e+01
1.000000e+00 9.240380e-05 -2.979796e-04 -1.575791e+00 -9.240827e-05 1.000000e+00 -1.498549e-05 -8.055466e-01 2.979884e-04 1.501333e-05 9.999999e-01 3.011023e+01
9.999997e-01 -9.463489e-05 7.576323e-04 -1.623009e+00 9.442264e-05 1.000000e+00 2.801805e-04 -8.253765e-01 -7.576485e-04 -2.801085e-04 9.999996e-01 3.055972e+01
1.000000e+00 7.611237e-05 9.874123e-05 -1.670731e+00 -7.609844e-05 1.000000e+00 -1.411432e-04 -8.474352e-01 -9.874166e-05 1.411360e-04 9.999999e-01 3.118657e+01
9.999989e-01 -3.144134e-04 1.467791e-03 -1.715884e+00 3.140141e-04 9.999999e-01 2.722428e-04 -8.708813e-01 -1.467866e-03 -2.717812e-04 9.999988e-01 3.191940e+01
9.999995e-01 2.776504e-04 -9.221970e-04 -1.761812e+00 -2.777095e-04 1.000000e+00 -6.388912e-05 -8.922500e-01 9.221898e-04 6.414557e-05 9.999995e-01 3.248769e+01
9.999986e-01 -3.710780e-04 1.608099e-03 -1.808408e+00 3.707066e-04 9.999999e-01 2.312647e-04 -9.152643e-01 -1.608175e-03 -2.306678e-04 9.999986e-01 3.318560e+01
9.999999e-01 1.424264e-04 -4.800766e-04 -1.850535e+00 -1.424743e-04 1.000000e+00 -9.975687e-05 -9.388546e-01 4.800731e-04 9.982567e-05 9.999998e-01 3.392464e+01
9.999991e-01 -2.799828e-04 1.286489e-03 -1.890297e+00 2.795860e-04 9.999999e-01 3.085663e-04 -9.605748e-01 -1.286565e-03 -3.082059e-04 9.999990e-01 3.451915e+01
9.999999e-01 2.097708e-04 -3.322609e-04 -1.931836e+00 -2.098271e-04 1.000000e+00 -1.691800e-04 -9.823655e-01 3.322363e-04 1.692502e-04 9.999998e-01 3.512280e+01
9.999988e-01 -5.165877e-04 1.482555e-03 -1.961870e+00 5.161549e-04 9.999998e-01 2.923204e-04 -1.004936e+00 -1.482695e-03 -2.915544e-04 9.999988e-01 3.577964e+01
9.999999e-01 1.382951e-04 3.734102e-04 -1.992331e+00 -1.381984e-04 1.000000e+00 -2.590599e-04 -1.028570e+00 -3.734348e-04 2.590087e-04 9.999998e-01 3.653393e+01
9.999963e-01 -6.161623e-04 2.653343e-03 -2.035920e+00 6.156377e-04 9.999998e-01 1.985250e-04 -1.054496e+00 -2.653453e-03 -1.968903e-04 9.999964e-01 3.746281e+01
9.999999e-01 1.399491e-05 5.191416e-04 -2.075674e+00 -1.387450e-05 1.000000e+00 -2.319706e-04 -1.080636e+00 -5.191330e-04 2.319638e-04 9.999997e-01 3.840235e+01
9.999965e-01 -6.085283e-04 2.589875e-03 -2.117099e+00 6.081104e-04 9.999998e-01 1.621479e-04 -1.107379e+00 -2.589961e-03 -1.605720e-04 9.999965e-01 3.939022e+01
9.999996e-01 4.203534e-05 9.315589e-04 -2.168916e+00 -4.182128e-05 1.000000e+00 -2.298123e-04 -1.134849e+00 -9.315561e-04 2.297737e-04 9.999994e-01 4.044199e+01
9.999974e-01 -5.395597e-04 2.198462e-03 -2.217488e+00 5.391588e-04 9.999998e-01 1.829772e-04 -1.161458e+00 -2.198547e-03 -1.817910e-04 9.999975e-01 4.142522e+01
1.000000e+00 8.447448e-05 -2.934858e-04 -2.254822e+00 -8.451529e-05 1.000000e+00 -1.390072e-04 -1.186721e+00 2.934870e-04 1.390324e-04 9.999998e-01 4.229677e+01
1.000000e+00 -2.520851e-04 -6.431482e-05 -2.291630e+00 2.521100e-04 9.999999e-01 3.875884e-04 -1.209842e+00 6.423003e-05 -3.876041e-04 9.999998e-01 4.302203e+01
9.999996e-01 1.612363e-04 8.267400e-04 -2.331982e+00 -1.610518e-04 1.000000e+00 -2.231984e-04 -1.231842e+00 -8.267630e-04 2.230656e-04 9.999995e-01 4.364029e+01
9.999542e-01 4.307186e-04 -9.561906e-03 -2.308169e+00 -4.200695e-04 9.999993e-01 1.115680e-03 -1.249822e+00 9.562392e-03 -1.111612e-03 9.999536e-01 4.384403e+01
9.999163e-01 1.029397e-05 -1.293453e-02 -2.263323e+00 -1.120798e-05 1.000000e+00 -7.059012e-05 -1.267342e+00 1.293454e-02 7.072984e-05 9.999162e-01 4.394357e+01
9.990336e-01 1.598391e-03 -4.392423e-02 -2.189568e+00 -1.529423e-03 9.999975e-01 1.603725e-03 -1.283928e+00 4.392669e-02 -1.534996e-03 9.990335e-01 4.393414e+01
9.998157e-01 3.027134e-04 -1.919506e-02 -2.159819e+00 -3.068751e-04 9.999999e-01 -2.138683e-04 -1.301620e+00 1.919499e-02 2.197203e-04 9.998156e-01 4.411484e+01
9.992647e-01 1.320798e-03 -3.831975e-02 -2.162053e+00 -1.263004e-03 9.999980e-01 1.532378e-03 -1.319961e+00 3.832169e-02 -1.482852e-03 9.992643e-01 4.437835e+01
9.999509e-01 2.803305e-04 -9.906251e-03 -2.174943e+00 -2.835070e-04 9.999999e-01 -3.192645e-04 -1.338981e+00 9.906148e-03 3.220585e-04 9.999508e-01 4.474373e+01
9.995536e-01 1.133650e-03 -2.985508e-02 -2.203086e+00 -1.092712e-03 9.999984e-01 1.387517e-03 -1.358553e+00 2.985659e-02 -1.354273e-03 9.995532e-01 4.519841e+01
1.000000e+00 1.071793e-04 2.608668e-04 -2.250803e+00 -1.071343e-04 1.000000e+00 -1.717013e-04 -1.379409e+00 -2.609047e-04 1.716747e-04 9.999999e-01 4.578812e+01
9.993451e-01 1.075711e-03 -3.616897e-02 -2.274754e+00 -1.031037e-03 9.999987e-01 1.253770e-03 -1.398453e+00 3.617024e-02 -1.215656e-03 9.993448e-01 4.617003e+01
9.999881e-01 3.245193e-04 -4.867845e-03 -2.281130e+00 -3.260083e-04 9.999999e-01 -3.051574e-04 -1.416904e+00 4.867719e-03 3.067423e-04 9.999880e-01 4.650528e+01
9.990501e-01 1.297877e-03 -4.355608e-02 -2.292138e+00 -1.237032e-03 9.999982e-01 1.423872e-03 -1.435640e+00 4.355782e-02 -1.368637e-03 9.990499e-01 4.684700e+01
9.999794e-01 2.483353e-04 -6.420915e-03 -2.285680e+00 -2.507862e-04 9.999999e-01 -3.809647e-04 -1.453667e+00 6.420783e-03 3.825687e-04 9.999792e-01 4.710644e+01
9.991639e-01 1.208168e-03 -4.086688e-02 -2.282210e+00 -1.152769e-03 9.999984e-01 1.379147e-03 -1.471851e+00 4.086844e-02 -1.330882e-03 9.991636e-01 4.738718e+01
9.999990e-01 2.906093e-05 -1.386067e-03 -2.278492e+00 -2.966507e-05 9.999999e-01 -4.361639e-04 -1.490025e+00 1.386010e-03 4.362064e-04 9.999988e-01 4.766455e+01
9.995231e-01 8.826057e-04 -3.086758e-02 -2.274117e+00 -8.434086e-04 9.999988e-01 1.282829e-03 -1.508396e+00 3.086863e-02 -1.256182e-03 9.995226e-01 4.796878e+01
9.998910e-01 3.892163e-04 -1.476089e-02 -2.253447e+00 -3.934381e-04 9.999999e-01 -2.831414e-04 -1.526033e+00 1.476073e-02 2.889199e-04 9.998909e-01 4.817369e+01
9.997667e-01 6.138112e-04 -2.159171e-02 -2.259628e+00 -5.898827e-04 9.999992e-01 1.114551e-03 -1.544662e+00 2.159233e-02 -1.101552e-03 9.997662e-01 4.850801e+01
9.999970e-01 2.327696e-04 -2.417171e-03 -2.270216e+00 -2.337518e-04 9.999999e-01 -4.063165e-04 -1.563876e+00 2.417020e-03 4.068822e-04 9.999969e-01 4.894184e+01
9.998990e-01 2.590229e-04 -1.420956e-02 -2.302786e+00 -2.433064e-04 9.999994e-01 1.107728e-03 -1.584227e+00 1.420978e-02 -1.104157e-03 9.998983e-01 4.947331e+01
9.999943e-01 2.341923e-04 -3.380163e-03 -2.323706e+00 -2.357675e-04 9.999999e-01 -4.658422e-04 -1.603860e+00 3.379994e-03 4.666385e-04 9.999941e-01 4.993104e+01
9.999207e-01 2.064826e-04 -1.259389e-02 -2.342970e+00 -1.935384e-04 9.999995e-01 1.028967e-03 -1.623498e+00 1.259403e-02 -1.026446e-03 9.999201e-01 5.039847e+01
9.999980e-01 -1.373033e-04 1.983730e-03 -2.352716e+00 1.388004e-04 9.999997e-01 -7.541849e-04 -1.642835e+00 -1.983687e-03 7.544609e-04 9.999977e-01 5.083242e+01
9.999995e-01 -4.922105e-04 8.523263e-04 -2.354681e+00 4.914799e-04 9.999995e-01 8.579910e-04 -1.662617e+00 -8.528093e-04 -8.575696e-04 9.999992e-01 5.127232e+01
9.999945e-01 -2.023475e-04 3.305686e-03 -2.359048e+00 2.056800e-04 9.999995e-01 -1.007582e-03 -1.683453e+00 -3.305541e-03 1.008259e-03 9.999939e-01 5.178038e+01
9.999996e-01 -4.679454e-04 7.102050e-04 -2.368735e+00 4.673277e-04 9.999995e-01 8.706357e-04 -1.705152e+00 -7.106726e-04 -8.703014e-04 9.999993e-01 5.235945e+01
9.999922e-01 -2.590170e-04 3.948955e-03 -2.376498e+00 2.634072e-04 9.999993e-01 -1.111065e-03 -1.727145e+00 -3.948725e-03 1.112098e-03 9.999915e-01 5.296196e+01
9.999998e-01 -4.044357e-04 4.624280e-04 -2.392141e+00 4.040234e-04 9.999995e-01 8.929678e-04 -1.750337e+00 -4.628487e-04 -8.927786e-04 9.999994e-01 5.366763e+01
9.999937e-01 -2.016061e-04 3.535273e-03 -2.411616e+00 2.053200e-04 9.999994e-01 -1.050004e-03 -1.773563e+00 -3.535119e-03 1.050726e-03 9.999931e-01 5.437805e+01
9.999996e-01 -3.882214e-04 7.790034e-04 -2.435986e+00 3.875910e-04 9.999996e-01 8.101149e-04 -1.797972e+00 -7.793767e-04 -8.098105e-04 9.999993e-01 5.518942e+01
9.999933e-01 -2.637071e-04 3.660578e-03 -2.464263e+00 2.672904e-04 9.999995e-01 -9.782159e-04 -1.822812e+00 -3.660377e-03 9.791899e-04 9.999927e-01 5.602897e+01
9.999965e-01 -5.971853e-04 2.566661e-03 -2.471691e+00 5.956469e-04 9.999996e-01 6.003980e-04 -1.845398e+00 -2.567077e-03 -5.988650e-04 9.999964e-01 5.667682e+01
9.999942e-01 -2.565248e-04 3.379830e-03 -2.479688e+00 2.597303e-04 9.999995e-01 -9.478106e-04 -1.867893e+00 -3.379643e-03 9.486851e-04 9.999937e-01 5.731652e+01
9.999963e-01 -5.893176e-04 2.666553e-03 -2.485997e+00 5.878256e-04 9.999997e-01 5.605107e-04 -1.890331e+00 -2.666940e-03 -5.589390e-04 9.999962e-01 5.795307e+01
9.999978e-01 -1.360457e-04 2.111374e-03 -2.500158e+00 1.377122e-04 9.999997e-01 -7.888379e-04 -1.913370e+00 -2.111323e-03 7.891290e-04 9.999974e-01 5.864218e+01
9.999975e-01 -4.937807e-04 2.168630e-03 -2.517866e+00 4.925241e-04 9.999997e-01 5.802793e-04 -1.936633e+00 -2.168972e-03 -5.792076e-04 9.999974e-01 5.935614e+01
9.999975e-01 -1.991379e-04 2.209411e-03 -2.531171e+00 2.007960e-04 9.999997e-01 -7.499427e-04 -1.959011e+00 -2.209317e-03 7.503867e-04 9.999972e-01 5.999092e+01
9.999937e-01 -6.073443e-04 3.487470e-03 -2.536112e+00 6.058508e-04 9.999997e-01 4.295025e-04 -1.980716e+00 -3.487785e-03 -4.273848e-04 9.999937e-01 6.056876e+01
9.999991e-01 -1.092940e-04 1.317639e-03 -2.542920e+00 1.101846e-04 9.999998e-01 -6.753416e-04 -2.002213e+00 -1.317620e-03 6.754883e-04 9.999988e-01 6.113242e+01
9.999959e-01 -5.412986e-04 2.793228e-03 -2.551398e+00 5.398550e-04 9.999997e-01 5.177828e-04 -2.023532e+00 -2.793562e-03 -5.162706e-04 9.999959e-01 6.168260e+01
9.999995e-01 -3.882879e-05 1.021026e-03 -2.581317e+00 3.955699e-05 9.999997e-01 -7.125307e-04 -2.048592e+00 -1.021052e-03 7.125729e-04 9.999991e-01 6.254455e+01
9.999967e-01 -5.222635e-04 2.509943e-03 -2.639257e+00 5.207011e-04 9.999997e-01 6.233624e-04 -2.077279e+00 -2.510322e-03 -6.220513e-04 9.999966e-01 6.369362e+01
9.999994e-01 -4.695985e-05 1.069287e-03 -2.693220e+00 4.774578e-05 9.999997e-01 -7.343678e-04 -2.105571e+00 -1.069306e-03 7.344205e-04 9.999991e-01 6.481146e+01
9.999979e-01 -2.713368e-04 -2.040492e-03 -2.735709e+00 2.735642e-04 9.999994e-01 1.091093e-03 -2.130191e+00 2.040141e-03 -1.091646e-03 9.999972e-01 6.563730e+01
9.998184e-01 1.037045e-03 -1.902630e-02 -2.772556e+00 -1.041314e-03 9.999994e-01 -2.145251e-04 -2.150863e+00 1.902601e-02 2.343008e-04 9.998189e-01 6.619389e+01
9.999663e-01 -1.375774e-04 -8.209855e-03 -2.808674e+00 1.460858e-04 9.999995e-01 1.035685e-03 -2.170774e+00 8.209650e-03 -1.036847e-03 9.999657e-01 6.668378e+01
9.999741e-01 6.104350e-04 -7.173511e-03 -2.835437e+00 -6.126997e-04 9.999998e-01 -3.136093e-04 -2.190398e+00 7.173259e-03 3.179986e-04 9.999741e-01 6.714341e+01
9.999981e-01 -7.090647e-04 1.819158e-03 -2.857064e+00 7.079348e-04 9.999996e-01 6.221136e-04 -2.211156e+00 -1.819658e-03 -6.208222e-04 9.999981e-01 6.770031e+01
9.999981e-01 3.934268e-04 -1.928767e-03 -2.882352e+00 -3.942596e-04 9.999998e-01 -4.318255e-04 -2.233560e+00 1.928537e-03 4.325874e-04 9.999980e-01 6.836809e+01
9.999859e-01 -9.381910e-04 5.229408e-03 -2.921724e+00 9.364397e-04 9.999995e-01 3.374937e-04 -2.259383e+00 -5.229782e-03 -3.325895e-04 9.999862e-01 6.928854e+01
9.999949e-01 4.843727e-04 -3.151862e-03 -2.968041e+00 -4.852403e-04 9.999998e-01 -2.747626e-04 -2.285526e+00 3.151669e-03 2.762930e-04 9.999949e-01 7.022813e+01
9.999853e-01 -1.054824e-03 5.320362e-03 -3.003467e+00 1.053014e-03 9.999994e-01 3.432953e-04 -2.310522e+00 -5.320780e-03 -3.376854e-04 9.999857e-01 7.107324e+01
9.999972e-01 4.553702e-04 -2.335068e-03 -3.035931e+00 -4.562100e-04 9.999998e-01 -3.594881e-04 -2.335473e+00 2.334845e-03 3.605548e-04 9.999971e-01 7.191687e+01
9.999809e-01 -1.094419e-03 6.082891e-03 -3.065516e+00 1.092890e-03 9.999994e-01 2.547553e-04 -2.360345e+00 -6.083225e-03 -2.481000e-04 9.999814e-01 7.275867e+01
9.999957e-01 5.128048e-04 -2.878543e-03 -3.100215e+00 -5.136427e-04 9.999998e-01 -2.906426e-04 -2.385355e+00 2.878335e-03 2.921224e-04 9.999957e-01 7.361068e+01
9.999805e-01 -1.141754e-03 6.145431e-03 -3.131875e+00 1.140190e-03 9.999993e-01 2.581780e-04 -2.410305e+00 -6.145779e-03 -2.511635e-04 9.999810e-01 7.445399e+01
9.999968e-01 5.052698e-04 -2.454911e-03 -3.163249e+00 -5.061657e-04 9.999998e-01 -3.646691e-04 -2.435482e+00 2.454668e-03 3.659130e-04 9.999968e-01 7.531993e+01
9.999818e-01 -1.160039e-03 5.914414e-03 -3.197904e+00 1.158074e-03 9.999993e-01 3.357077e-04 -2.460903e+00 -5.914857e-03 -3.288498e-04 9.999824e-01 7.620059e+01
9.999972e-01 4.887233e-04 -2.305833e-03 -3.231886e+00 -4.896442e-04 9.999998e-01 -3.991946e-04 -2.486540e+00 2.305580e-03 4.003251e-04 9.999972e-01 7.709876e+01
9.999743e-01 -1.254879e-03 7.063452e-03 -3.257992e+00 1.253547e-03 9.999992e-01 1.931792e-04 -2.512056e+00 -7.063745e-03 -1.843173e-04 9.999749e-01 7.798847e+01
9.999963e-01 5.343618e-04 -2.675851e-03 -3.286542e+00 -5.353225e-04 9.999998e-01 -3.586155e-04 -2.537524e+00 2.675602e-03 3.600491e-04 9.999963e-01 7.887641e+01
9.999719e-01 -1.276702e-03 7.390287e-03 -3.306744e+00 1.275762e-03 9.999992e-01 1.320999e-04 -2.562011e+00 -7.390505e-03 -1.226654e-04 9.999726e-01 7.968337e+01
9.999966e-01 5.218558e-04 -2.545285e-03 -3.325993e+00 -5.227740e-04 9.999998e-01 -3.603947e-04 -2.586249e+00 2.545041e-03 3.617267e-04 9.999966e-01 8.046931e+01
9.999758e-01 -1.183404e-03 6.849093e-03 -3.350989e+00 1.182385e-03 9.999993e-01 1.529984e-04 -2.610960e+00 -6.849325e-03 -1.448939e-04 9.999764e-01 8.130008e+01
9.999938e-01 5.744711e-04 -3.479956e-03 -3.388972e+00 -5.751787e-04 9.999998e-01 -2.025672e-04 -2.636726e+00 3.479784e-03 2.045701e-04 9.999938e-01 8.221216e+01
9.999740e-01 -1.224938e-03 7.111687e-03 -3.424706e+00 1.223972e-03 9.999992e-01 1.403594e-04 -2.662417e+00 -7.111908e-03 -1.316486e-04 9.999746e-01 8.311677e+01
9.999932e-01 5.985377e-04 -3.645112e-03 -3.455338e+00 -5.992541e-04 9.999998e-01 -1.956789e-04 -2.687194e+00 3.644940e-03 1.978645e-04 9.999932e-01 8.394930e+01
9.999732e-01 -1.228404e-03 7.214200e-03 -3.478775e+00 1.227729e-03 9.999992e-01 9.821017e-05 -2.711182e+00 -7.214369e-03 -8.934784e-05 9.999739e-01 8.471904e+01
9.999934e-01 5.908648e-04 -3.574513e-03 -3.507876e+00 -5.914948e-04 9.999998e-01 -1.754115e-04 -2.735858e+00 3.574355e-03 1.775273e-04 9.999935e-01 8.554404e+01
9.999729e-01 -1.231664e-03 7.259592e-03 -3.542129e+00 1.231058e-03 9.999992e-01 8.802864e-05 -2.761344e+00 -7.259748e-03 -7.908662e-05 9.999736e-01 8.643453e+01
9.999943e-01 5.579169e-04 -3.333745e-03 -3.582618e+00 -5.585023e-04 9.999998e-01 -1.749083e-04 -2.787830e+00 3.333594e-03 1.767718e-04 9.999943e-01 8.740450e+01
9.999723e-01 -1.246788e-03 7.336186e-03 -3.616974e+00 1.246265e-03 9.999992e-01 7.595911e-05 -2.813629e+00 -7.336328e-03 -6.681151e-05 9.999730e-01 8.831832e+01
9.999941e-01 5.688216e-04 -3.393725e-03 -3.653235e+00 -5.694451e-04 9.999998e-01 -1.829807e-04 -2.839741e+00 3.393568e-03 1.849148e-04 9.999941e-01 8.925833e+01
9.999680e-01 -1.332423e-03 7.888697e-03 -3.675123e+00 1.332190e-03 9.999991e-01 3.495059e-05 -2.864250e+00 -7.888789e-03 -2.443754e-05 9.999688e-01 9.006361e+01
9.999927e-01 6.955321e-04 -3.741928e-03 -3.708809e+00 -6.963383e-04 9.999997e-01 -2.143720e-04 -2.889907e+00 3.741726e-03 2.169787e-04 9.999929e-01 9.097186e+01
9.999769e-01 -1.275757e-03 6.671658e-03 -3.759038e+00 1.274256e-03 9.999992e-01 2.293202e-04 -2.917075e+00 -6.671996e-03 -2.208108e-04 9.999776e-01 9.199341e+01
9.999931e-01 6.670093e-04 -3.652526e-03 -3.808372e+00 -6.678246e-04 9.999998e-01 -2.221878e-04 -2.944250e+00 3.652326e-03 2.246282e-04 9.999932e-01 9.301485e+01
9.999754e-01 -1.312060e-03 6.885315e-03 -3.861987e+00 1.310500e-03 9.999991e-01 2.311889e-04 -2.972170e+00 -6.885663e-03 -2.221573e-04 9.999762e-01 9.409529e+01
9.999946e-01 6.564425e-04 -3.214119e-03 -3.918705e+00 -6.573082e-04 9.999997e-01 -2.685457e-04 -3.000619e+00 3.213891e-03 2.706596e-04 9.999947e-01 9.522152e+01
9.999736e-01 -1.330018e-03 7.139392e-03 -3.968189e+00 1.328676e-03 9.999991e-01 1.929253e-04 -3.028287e+00 -7.139692e-03 -1.834315e-04 9.999744e-01 9.628680e+01
9.999949e-01 6.772192e-04 -3.119765e-03 -4.021005e+00 -6.781034e-04 9.999997e-01 -2.826161e-04 -3.056217e+00 3.119523e-03 2.847329e-04 9.999950e-01 9.737567e+01
9.999741e-01 -1.305959e-03 7.071383e-03 -4.078774e+00 1.304492e-03 9.999991e-01 2.121871e-04 -3.084520e+00 -7.071704e-03 -2.029543e-04 9.999749e-01 9.849509e+01
9.999935e-01 7.114214e-04 -3.522576e-03 -4.135135e+00 -7.123354e-04 9.999997e-01 -2.584301e-04 -3.112510e+00 3.522342e-03 2.609404e-04 9.999937e-01 9.958752e+01
9.999714e-01 -1.329817e-03 7.443885e-03 -4.197804e+00 1.328436e-03 9.999991e-01 1.904963e-04 -3.141503e+00 -7.444180e-03 -1.805993e-04 9.999722e-01 1.007617e+02
9.999950e-01 6.748891e-04 -3.071561e-03 -4.252771e+00 -6.758941e-04 9.999997e-01 -3.264111e-04 -3.169941e+00 3.071291e-03 3.284883e-04 9.999951e-01 1.018923e+02
9.999700e-01 -1.349784e-03 7.620354e-03 -4.303075e+00 1.348546e-03 9.999991e-01 1.677093e-04 -3.198011e+00 -7.620622e-03 -1.574251e-04 9.999709e-01 1.029932e+02
9.999954e-01 6.906508e-04 -2.968314e-03 -4.350210e+00 -6.917466e-04 9.999997e-01 -3.683964e-04 -3.225787e+00 2.968011e-03 3.704507e-04 9.999954e-01 1.040722e+02
9.999714e-01 -1.317696e-03 7.445249e-03 -4.403167e+00 1.316270e-03 9.999991e-01 1.965251e-04 -3.253931e+00 -7.445548e-03 -1.867168e-04 9.999722e-01 1.051824e+02
9.999954e-01 7.204359e-04 -2.961215e-03 -4.464660e+00 -7.215134e-04 9.999997e-01 -3.630900e-04 -3.283025e+00 2.960906e-03 3.652276e-04 9.999955e-01 1.063701e+02
9.999722e-01 -1.323110e-03 7.334941e-03 -4.524959e+00 1.321594e-03 9.999991e-01 2.116618e-04 -3.311938e+00 -7.335261e-03 -2.019593e-04 9.999730e-01 1.075426e+02
9.999959e-01 6.739176e-04 -2.775005e-03 -4.582686e+00 -6.749461e-04 9.999997e-01 -3.699653e-04 -3.340814e+00 2.774709e-03 3.718395e-04 9.999960e-01 1.087095e+02
9.999693e-01 -1.348066e-03 7.716442e-03 -4.640758e+00 1.347020e-03 9.999991e-01 1.408102e-04 -3.370276e+00 -7.716670e-03 -1.304089e-04 9.999701e-01 1.099253e+02
9.999967e-01 6.105251e-04 -2.494313e-03 -4.705398e+00 -6.114564e-04 9.999997e-01 -3.729177e-04 -3.401014e+00 2.494040e-03 3.744444e-04 9.999967e-01 1.112417e+02
9.999736e-01 -1.311780e-03 7.152018e-03 -4.765031e+00 1.310233e-03 9.999991e-01 2.211042e-04 -3.430485e+00 -7.152346e-03 -2.117248e-04 9.999743e-01 1.124547e+02
9.999959e-01 6.742990e-04 -2.765980e-03 -4.827404e+00 -6.753310e-04 9.999997e-01 -3.724248e-04 -3.459927e+00 2.765683e-03 3.742940e-04 9.999960e-01 1.136680e+02
9.999746e-01 -1.261169e-03 7.018253e-03 -4.895096e+00 1.259286e-03 9.999992e-01 2.728587e-04 -3.489402e+00 -7.018635e-03 -2.640110e-04 9.999752e-01 1.148854e+02
9.999951e-01 7.363831e-04 -3.033478e-03 -4.945339e+00 -7.375964e-04 9.999996e-01 -3.991106e-04 -3.516336e+00 3.033140e-03 4.013489e-04 9.999952e-01 1.158999e+02
9.999732e-01 -1.267545e-03 7.213574e-03 -4.989487e+00 1.266040e-03 9.999992e-01 2.132489e-04 -3.542819e+00 -7.213882e-03 -2.041077e-04 9.999739e-01 1.168794e+02
9.999960e-01 7.145220e-04 -2.750703e-03 -5.045981e+00 -7.156945e-04 9.999997e-01 -4.255334e-04 -3.571218e+00 2.750355e-03 4.275031e-04 9.999960e-01 1.180136e+02
9.999732e-01 -1.315995e-03 7.204931e-03 -5.104439e+00 1.314174e-03 9.999991e-01 2.575359e-04 -3.599949e+00 -7.205306e-03 -2.480577e-04 9.999739e-01 1.191719e+02
9.999961e-01 7.036622e-04 -2.702482e-03 -5.164175e+00 -7.048643e-04 9.999997e-01 -4.441067e-04 -3.629024e+00 2.702127e-03 4.460126e-04 9.999962e-01 1.203582e+02
9.999734e-01 -1.289376e-03 7.184871e-03 -5.235459e+00 1.287371e-03 9.999991e-01 2.837612e-04 -3.659342e+00 -7.185272e-03 -2.745013e-04 9.999741e-01 1.216453e+02
9.999961e-01 7.031445e-04 -2.706746e-03 -5.308531e+00 -7.043292e-04 9.999997e-01 -4.369822e-04 -3.689813e+00 2.706396e-03 4.388896e-04 9.999961e-01 1.229447e+02
9.999728e-01 -1.268300e-03 7.258309e-03 -5.374065e+00 1.266391e-03 9.999992e-01 2.676878e-04 -3.719217e+00 -7.258684e-03 -2.584859e-04 9.999735e-01 1.241596e+02
9.999954e-01 7.546357e-04 -2.925501e-03 -5.428918e+00 -7.559838e-04 9.999996e-01 -4.599483e-04 -3.747076e+00 2.925112e-03 4.621606e-04 9.999955e-01 1.252514e+02
9.999728e-01 -1.266809e-03 7.258937e-03 -5.487785e+00 1.264954e-03 9.999992e-01 2.601368e-04 -3.775512e+00 -7.259301e-03 -2.509447e-04 9.999735e-01 1.263908e+02
9.999948e-01 7.493404e-04 -3.120421e-03 -5.542843e+00 -7.506084e-04 9.999996e-01 -4.053897e-04 -3.803219e+00 3.120076e-03 4.077326e-04 9.999950e-01 1.274687e+02
9.999732e-01 -1.241990e-03 7.220016e-03 -5.589298e+00 1.240404e-03 9.999992e-01 2.241865e-04 -3.829741e+00 -7.220328e-03 -2.152220e-04 9.999738e-01 1.284536e+02
9.999942e-01 7.986196e-04 -3.318710e-03 -5.646375e+00 -7.998450e-04 9.999996e-01 -3.681064e-04 -3.857148e+00 3.318376e-03 3.707614e-04 9.999943e-01 1.295112e+02
9.999715e-01 -1.254734e-03 7.439258e-03 -5.701409e+00 1.253366e-03 9.999992e-01 1.885854e-04 -3.884623e+00 -7.439527e-03 -1.792532e-04 9.999722e-01 1.305746e+02
9.999950e-01 7.383944e-04 -3.076308e-03 -5.756989e+00 -7.396481e-04 9.999996e-01 -4.066126e-04 -3.912752e+00 3.075969e-03 4.088886e-04 9.999951e-01 1.316891e+02
9.999711e-01 -1.304978e-03 7.488236e-03 -5.820071e+00 1.303275e-03 9.999991e-01 2.323189e-04 -3.941927e+00 -7.488570e-03 -2.225502e-04 9.999718e-01 1.328853e+02
9.999948e-01 7.547920e-04 -3.142760e-03 -5.885115e+00 -7.560320e-04 9.999996e-01 -3.935537e-04 -3.971220e+00 3.142425e-03 3.959304e-04 9.999949e-01 1.340909e+02
9.999701e-01 -1.329485e-03 7.611759e-03 -5.946650e+00 1.327915e-03 9.999991e-01 2.114562e-04 -4.000359e+00 -7.612070e-03 -2.013395e-04 9.999709e-01 1.352830e+02
9.999970e-01 5.855065e-04 -2.375029e-03 -5.990078e+00 -5.866292e-04 9.999997e-01 -4.722360e-04 -4.028414e+00 2.374716e-03 4.736306e-04 9.999970e-01 1.363820e+02
9.999655e-01 -1.411253e-03 8.188133e-03 -6.024460e+00 1.410208e-03 9.999990e-01 1.334043e-04 -4.055992e+00 -8.188349e-03 -1.218500e-04 9.999664e-01 1.374420e+02
9.999954e-01 6.810850e-04 -2.963889e-03 -6.063053e+00 -6.823148e-04 9.999997e-01 -4.141153e-04 -4.083310e+00 2.963571e-03 4.161383e-04 9.999954e-01 1.384847e+02
9.999707e-01 -1.306920e-03 7.542771e-03 -6.114624e+00 1.305267e-03 9.999991e-01 2.240990e-04 -4.111437e+00 -7.543092e-03 -2.142444e-04 9.999714e-01 1.395931e+02
9.999960e-01 6.322484e-04 -2.753757e-03 -6.162912e+00 -6.334374e-04 9.999997e-01 -4.310851e-04 -4.139447e+00 2.753449e-03 4.328303e-04 9.999960e-01 1.406905e+02
9.999675e-01 -1.375813e-03 7.939819e-03 -6.199952e+00 1.374535e-03 9.999990e-01 1.665314e-04 -4.166636e+00 -7.940075e-03 -1.556098e-04 9.999684e-01 1.417203e+02
9.999950e-01 6.555957e-04 -3.077309e-03 -6.236965e+00 -6.567647e-04 9.999997e-01 -3.790638e-04 -4.193393e+00 3.077026e-03 3.810856e-04 9.999951e-01 1.427144e+02
9.999667e-01 -1.336217e-03 8.049256e-03 -6.278724e+00 1.335314e-03 9.999991e-01 1.175832e-04 -4.220760e+00 -8.049439e-03 -1.068284e-04 9.999675e-01 1.437625e+02
9.999933e-01 6.490627e-04 -3.602535e-03 -6.316367e+00 -6.499980e-04 9.999998e-01 -2.585755e-04 -4.247046e+00 3.602333e-03 2.609180e-04 9.999934e-01 1.447170e+02
9.999620e-01 -1.396290e-03 8.606807e-03 -6.341629e+00 1.396304e-03 9.999990e-01 4.479227e-06 -4.272365e+00 -8.606837e-03 7.541263e-06 9.999629e-01 1.455938e+02
9.999945e-01 6.215043e-04 -3.264501e-03 -6.368387e+00 -6.224428e-04 9.999998e-01 -2.866165e-04 -4.298200e+00 3.264290e-03 2.886494e-04 9.999945e-01 1.465124e+02
9.999650e-01 -1.285898e-03 8.269979e-03 -6.397191e+00 1.285890e-03 9.999992e-01 6.398031e-06 -4.323755e+00 -8.270012e-03 4.239044e-06 9.999657e-01 1.474150e+02
9.999953e-01 5.528879e-04 -3.007953e-03 -6.428112e+00 -5.537954e-04 9.999998e-01 -3.010349e-04 -4.350144e+00 3.007755e-03 3.027018e-04 9.999953e-01 1.483804e+02
9.999616e-01 -1.367639e-03 8.653129e-03 -6.454759e+00 1.367702e-03 9.999991e-01 -1.368842e-06 -4.376210e+00 -8.653149e-03 1.320623e-05 9.999625e-01 1.493165e+02
9.999957e-01 5.765784e-04 -2.858080e-03 -6.476261e+00 -5.776577e-04 9.999998e-01 -3.769371e-04 -4.401838e+00 2.857833e-03 3.785890e-04 9.999957e-01 1.502192e+02
9.999515e-01 -1.508851e-03 9.731940e-03 -6.492131e+00 1.509807e-03 9.999989e-01 -9.080506e-05 -4.427198e+00 -9.731821e-03 1.054965e-04 9.999525e-01 1.510932e+02
9.999966e-01 5.568154e-04 -2.550318e-03 -6.507122e+00 -5.579339e-04 9.999997e-01 -4.380412e-04 -4.452535e+00 2.550045e-03 4.394651e-04 9.999966e-01 1.519661e+02
9.999500e-01 -1.549582e-03 9.875057e-03 -6.522543e+00 1.550429e-03 9.999988e-01 -7.806988e-05 -4.478003e+00 -9.874951e-03 9.337895e-05 9.999511e-01 1.528461e+02
9.999984e-01 4.293514e-04 -1.722408e-03 -6.535405e+00 -4.301851e-04 9.999998e-01 -4.838717e-04 -4.503346e+00 1.722173e-03 4.846142e-04 9.999983e-01 1.537092e+02
9.999334e-01 -1.691704e-03 1.141779e-02 -6.541844e+00 1.694506e-03 9.999985e-01 -2.357407e-04 -4.528456e+00 -1.141740e-02 2.550748e-04 9.999347e-01 1.545504e+02
9.999987e-01 4.202636e-04 -1.525543e-03 -6.545638e+00 -4.209250e-04 9.999998e-01 -4.334734e-04 -4.552809e+00 1.525336e-03 4.341172e-04 9.999986e-01 1.553338e+02
9.999345e-01 -1.632316e-03 1.132833e-02 -6.549562e+00 1.633190e-03 9.999987e-01 -6.782939e-05 -4.576272e+00 -1.132822e-02 8.632848e-05 9.999357e-01 1.560409e+02
9.999859e-01 -5.724061e-05 5.301570e-03 -6.549504e+00 5.916555e-05 9.999999e-01 -3.628812e-04 -4.599130e+00 -5.301572e-03 3.631920e-04 9.999858e-01 1.566897e+02
9.998720e-01 -2.044285e-03 1.586563e-02 -6.545354e+00 2.046986e-03 9.999979e-01 -1.539484e-04 -4.622458e+00 -1.586530e-02 1.864076e-04 9.998740e-01 1.573668e+02
9.999938e-01 5.560895e-04 -3.469134e-03 -6.546127e+00 -5.577280e-04 9.999997e-01 -4.714362e-04 -4.646752e+00 3.468851e-03 4.733702e-04 9.999938e-01 1.581397e+02
9.998747e-01 -2.014063e-03 1.569917e-02 -6.547377e+00 2.016298e-03 9.999980e-01 -1.265288e-04 -4.670966e+00 -1.569890e-02 1.581692e-04 9.998767e-01 1.589047e+02
9.999896e-01 5.986065e-04 -4.515916e-03 -6.548249e+00 -6.014209e-04 9.999996e-01 -6.219270e-04 -4.695554e+00 4.515525e-03 6.246385e-04 9.999895e-01 1.597094e+02
9.999237e-01 -1.606547e-03 1.225179e-02 -6.564526e+00 1.606454e-03 9.999987e-01 1.742580e-05 -4.721951e+00 -1.225182e-02 2.259436e-06 9.999248e-01 1.606677e+02
9.999824e-01 7.452542e-04 -5.880173e-03 -6.590339e+00 -7.479919e-04 9.999996e-01 -4.634189e-04 -4.748956e+00 5.879810e-03 4.678110e-04 9.999825e-01 1.616818e+02
9.999121e-01 -1.733559e-03 1.314239e-02 -6.608313e+00 1.734187e-03 9.999985e-01 -3.638375e-05 -4.775142e+00 -1.314233e-02 5.917380e-05 9.999135e-01 1.626211e+02
9.999915e-01 5.140327e-04 -4.080163e-03 -6.618022e+00 -5.162708e-04 9.999997e-01 -5.475407e-04 -4.800096e+00 4.079867e-03 5.496444e-04 9.999914e-01 1.634500e+02
9.998971e-01 -1.783684e-03 1.423461e-02 -6.620715e+00 1.786720e-03 9.999984e-01 -2.005271e-04 -4.824826e+00 -1.423424e-02 2.259415e-04 9.998986e-01 1.642658e+02
9.999833e-01 6.755084e-04 -5.743321e-03 -6.628749e+00 -6.780005e-04 9.999997e-01 -4.319975e-04 -4.849776e+00 5.743015e-03 4.358859e-04 9.999833e-01 1.651004e+02
9.998887e-01 -1.842621e-03 1.480640e-02 -6.636787e+00 1.846818e-03 9.999983e-01 -2.697446e-04 -4.875237e+00 -1.480589e-02 2.970609e-04 9.998902e-01 1.659742e+02
9.999765e-01 7.609587e-04 -6.814468e-03 -6.658133e+00 -7.628932e-04 9.999997e-01 -2.812877e-04 -4.902312e+00 6.814241e-03 2.864814e-04 9.999766e-01 1.669828e+02
9.999032e-01 -1.691990e-03 1.381164e-02 -6.682725e+00 1.695099e-03 9.999985e-01 -2.134094e-04 -4.929358e+00 -1.381127e-02 2.368024e-04 9.999045e-01 1.679968e+02
9.999751e-01 7.544782e-04 -7.010096e-03 -6.709411e+00 -7.560697e-04 9.999997e-01 -2.243975e-04 -4.956581e+00 7.009916e-03 2.296935e-04 9.999753e-01 1.690232e+02
9.998986e-01 -1.692065e-03 1.413956e-02 -6.733279e+00 1.696372e-03 9.999985e-01 -2.925654e-04 -4.983661e+00 -1.413905e-02 3.165232e-04 9.998999e-01 1.700404e+02
9.999835e-01 5.463157e-04 -5.717967e-03 -6.752414e+00 -5.479456e-04 9.999998e-01 -2.834970e-04 -5.010568e+00 5.717804e-03 2.866268e-04 9.999835e-01 1.710313e+02
9.998901e-01 -1.687498e-03 1.472699e-02 -6.768831e+00 1.694192e-03 9.999985e-01 -4.420434e-04 -5.037657e+00 -1.472622e-02 4.669465e-04 9.998914e-01 1.720417e+02
9.999785e-01 6.005378e-04 -6.534703e-03 -6.789459e+00 -6.015146e-04 9.999998e-01 -1.475210e-04 -5.064824e+00 6.534608e-03 1.514498e-04 9.999785e-01 1.730585e+02
9.998914e-01 -1.639950e-03 1.464383e-02 -6.808418e+00 1.647069e-03 9.999985e-01 -4.740744e-04 -5.091775e+00 -1.464303e-02 4.981436e-04 9.998926e-01 1.740616e+02
9.999805e-01 5.189678e-04 -6.222375e-03 -6.823012e+00 -5.196802e-04 9.999999e-01 -1.128736e-04 -5.117796e+00 6.222312e-03 1.161062e-04 9.999805e-01 1.749818e+02
9.998249e-01 -1.978810e-03 1.860654e-02 -6.825822e+00 1.989243e-03 9.999979e-01 -5.422184e-04 -5.142290e+00 -1.860543e-02 5.791375e-04 9.998266e-01 1.757713e+02
9.999661e-01 6.714102e-04 -8.204238e-03 -6.827391e+00 -6.728898e-04 9.999998e-01 -1.776000e-04 -5.166781e+00 8.204115e-03 1.831155e-04 9.999662e-01 1.765679e+02
9.998421e-01 -1.864687e-03 1.766937e-02 -6.832904e+00 1.873597e-03 9.999981e-01 -4.877066e-04 -5.191416e+00 -1.766843e-02 5.207358e-04 9.998437e-01 1.773761e+02
9.999642e-01 7.092179e-04 -8.431229e-03 -6.836433e+00 -7.104201e-04 9.999997e-01 -1.395935e-04 -5.215331e+00 8.431128e-03 1.455791e-04 9.999643e-01 1.781286e+02
9.998679e-01 -1.717725e-03 1.616394e-02 -6.847165e+00 1.724869e-03 9.999984e-01 -4.279967e-04 -5.240336e+00 -1.616318e-02 4.558217e-04 9.998692e-01 1.789713e+02
9.999691e-01 5.940035e-04 -7.840017e-03 -6.859162e+00 -5.950279e-04 9.999998e-01 -1.283332e-04 -5.265523e+00 7.839942e-03 1.329950e-04 9.999692e-01 1.798222e+02
9.998659e-01 -1.662932e-03 1.629444e-02 -6.865244e+00 1.671799e-03 9.999985e-01 -5.305631e-04 -5.290007e+00 -1.629353e-02 5.577336e-04 9.998670e-01 1.806213e+02
9.999600e-01 6.845646e-04 -8.919044e-03 -6.875701e+00 -6.844179e-04 9.999998e-01 1.950112e-05 -5.314512e+00 8.919058e-03 -1.339535e-05 9.999601e-01 1.814240e+02
9.998725e-01 -1.585875e-03 1.588696e-02 -6.887049e+00 1.594415e-03 9.999986e-01 -5.249374e-04 -5.339130e+00 -1.588611e-02 5.502015e-04 9.998736e-01 1.822406e+02
9.999597e-01 6.514584e-04 -8.955594e-03 -6.899610e+00 -6.507965e-04 9.999998e-01 7.681768e-05 -5.363572e+00 8.955647e-03 -7.098577e-05 9.999598e-01 1.830383e+02
9.998890e-01 -1.451591e-03 1.483071e-02 -6.913322e+00 1.458592e-03 9.999988e-01 -4.612264e-04 -5.387919e+00 -1.483002e-02 4.828076e-04 9.998898e-01 1.838349e+02
9.999621e-01 5.970792e-04 -8.683204e-03 -6.929576e+00 -5.964070e-04 9.999998e-01 8.000054e-05 -5.412799e+00 8.683256e-03 -7.481833e-05 9.999622e-01 1.846712e+02
9.998639e-01 -1.639709e-03 1.641321e-02 -6.944405e+00 1.649951e-03 9.999985e-01 -6.104813e-04 -5.438360e+00 -1.641218e-02 6.374797e-04 9.998650e-01 1.855560e+02
9.999606e-01 6.372629e-04 -8.855834e-03 -6.957806e+00 -6.366832e-04 9.999998e-01 6.827465e-05 -5.463554e+00 8.855883e-03 -6.263326e-05 9.999607e-01 1.864140e+02
9.998771e-01 -1.575380e-03 1.559673e-02 -6.972144e+00 1.583293e-03 9.999986e-01 -4.950202e-04 -5.488265e+00 -1.559593e-02 5.196538e-04 9.998781e-01 1.872325e+02
9.999550e-01 7.187629e-04 -9.455589e-03 -6.990503e+00 -7.178430e-04 9.999997e-01 1.006884e-04 -5.513533e+00 9.455668e-03 -9.389597e-05 9.999552e-01 1.881015e+02
9.998980e-01 -1.397563e-03 1.421648e-02 -7.011893e+00 1.402663e-03 9.999990e-01 -3.487692e-04 -5.537917e+00 -1.421597e-02 3.686747e-04 9.998988e-01 1.889059e+02
9.999451e-01 8.354498e-04 -1.044685e-02 -7.041654e+00 -8.330087e-04 9.999996e-01 2.380206e-04 -5.562412e+00 1.044705e-02 -2.293050e-04 9.999453e-01 1.897202e+02
9.998735e-01 -1.612438e-03 1.582105e-02 -7.059290e+00 1.621220e-03 9.999985e-01 -5.422588e-04 -5.587039e+00 -1.582014e-02 5.678397e-04 9.998746e-01 1.905381e+02
9.999369e-01 9.279449e-04 -1.119793e-02 -7.089058e+00 -9.243495e-04 9.999995e-01 3.262515e-04 -5.612807e+00 1.119824e-02 -3.158800e-04 9.999371e-01 1.914546e+02
9.998845e-01 -1.547600e-03 1.511628e-02 -7.125517e+00 1.554479e-03 9.999987e-01 -4.433648e-04 -5.638713e+00 -1.511556e-02 4.668117e-04 9.998855e-01 1.923810e+02
9.999358e-01 9.295489e-04 -1.129131e-02 -7.160928e+00 -9.256704e-04 9.999995e-01 3.487165e-04 -5.664379e+00 1.129164e-02 -3.382420e-04 9.999361e-01 1.932873e+02
9.998876e-01 -1.534796e-03 1.491402e-02 -7.191721e+00 1.541265e-03 9.999987e-01 -4.222836e-04 -5.689182e+00 -1.491334e-02 4.452227e-04 9.998886e-01 1.941236e+02
9.999358e-01 9.570884e-04 -1.129432e-02 -7.225106e+00 -9.532255e-04 9.999995e-01 3.473925e-04 -5.714116e+00 1.129466e-02 -3.366041e-04 9.999361e-01 1.949723e+02
9.998894e-01 -1.504063e-03 1.479769e-02 -7.255301e+00 1.510555e-03 9.999988e-01 -4.275362e-04 -5.738420e+00 -1.479701e-02 4.498417e-04 9.998903e-01 1.957717e+02
9.999336e-01 9.841413e-04 -1.148111e-02 -7.283309e+00 -9.799019e-04 9.999994e-01 3.748707e-04 -5.762139e+00 1.148148e-02 -3.635954e-04 9.999339e-01 1.965239e+02
9.998923e-01 -1.453759e-03 1.460105e-02 -7.310535e+00 1.460026e-03 9.999988e-01 -4.185341e-04 -5.785366e+00 -1.460041e-02 4.398070e-04 9.998932e-01 1.972383e+02
9.999333e-01 9.791176e-04 -1.151086e-02 -7.333222e+00 -9.749479e-04 9.999995e-01 3.678454e-04 -5.808094e+00 1.151122e-02 -3.565983e-04 9.999336e-01 1.979121e+02
9.998946e-01 -1.421156e-03 1.444634e-02 -7.365428e+00 1.427218e-03 9.999989e-01 -4.093129e-04 -5.831921e+00 -1.444572e-02 4.298878e-04 9.998955e-01 1.986755e+02
9.999365e-01 9.840832e-04 -1.122302e-02 -7.413581e+00 -9.801174e-04 9.999995e-01 3.588579e-04 -5.857780e+00 1.122338e-02 -3.478352e-04 9.999369e-01 1.996043e+02
9.998896e-01 -1.454050e-03 1.478505e-02 -7.467098e+00 1.460497e-03 9.999988e-01 -4.252092e-04 -5.884532e+00 -1.478440e-02 4.467558e-04 9.998905e-01 2.006052e+02
9.999346e-01 1.008293e-03 -1.139623e-02 -7.521238e+00 -1.004057e-03 9.999994e-01 3.774884e-04 -5.911129e+00 1.139661e-02 -3.660212e-04 9.999349e-01 2.015940e+02
9.998940e-01 -1.430302e-03 1.449228e-02 -7.573861e+00 1.435846e-03 9.999989e-01 -3.721468e-04 -5.937069e+00 -1.449172e-02 3.929160e-04 9.998948e-01 2.025289e+02
9.999362e-01 1.016108e-03 -1.125267e-02 -7.622733e+00 -1.012463e-03 9.999994e-01 3.296559e-04 -5.962665e+00 1.125301e-02 -3.182420e-04 9.999365e-01 2.034386e+02
9.998993e-01 -1.403541e-03 1.412009e-02 -7.667225e+00 1.408364e-03 9.999990e-01 -3.316849e-04 -5.987468e+00 -1.411959e-02 3.515377e-04 9.999002e-01 2.042828e+02
9.999421e-01 1.024751e-03 -1.071175e-02 -7.721243e+00 -1.022394e-03 9.999995e-01 2.255380e-04 -6.014041e+00 1.071199e-02 -2.145733e-04 9.999425e-01 2.052745e+02
9.998973e-01 -1.354245e-03 1.426817e-02 -7.787718e+00 1.359122e-03 9.999990e-01 -3.321116e-04 -6.042007e+00 -1.426769e-02 3.514696e-04 9.998981e-01 2.063809e+02
9.999399e-01 1.016566e-03 -1.091446e-02 -7.851425e+00 -1.013917e-03 9.999995e-01 2.482332e-04 -6.069564e+00 1.091472e-02 -2.371520e-04 9.999403e-01 2.074528e+02
9.999012e-01 -1.367348e-03 1.399283e-02 -7.910146e+00 1.371452e-03 9.999990e-01 -2.836803e-04 -6.096320e+00 -1.399241e-02 3.028427e-04 9.999020e-01 2.084574e+02
9.999394e-01 1.030296e-03 -1.095714e-02 -7.965467e+00 -1.027703e-03 9.999994e-01 2.423309e-04 -6.122513e+00 1.095740e-02 -2.310556e-04 9.999398e-01 2.094180e+02
9.999059e-01 -1.314349e-03 1.365274e-02 -8.015212e+00 1.318055e-03 9.999991e-01 -2.624590e-04 -6.147566e+00 -1.365237e-02 2.804293e-04 9.999067e-01 2.102876e+02
9.999441e-01 1.028524e-03 -1.052414e-02 -8.068986e+00 -1.026853e-03 9.999995e-01 1.641216e-04 -6.173628e+00 1.052432e-02 -1.533058e-04 9.999445e-01 2.112415e+02
9.999095e-01 -1.345885e-03 1.338281e-02 -8.118490e+00 1.349236e-03 9.999991e-01 -2.413353e-04 -6.199610e+00 -1.338245e-02 2.593699e-04 9.999103e-01 2.121833e+02
9.999504e-01 8.495098e-04 -9.922532e-03 -8.161829e+00 -8.479625e-04 9.999996e-01 1.601337e-04 -6.225518e+00 9.922683e-03 -1.517120e-04 9.999507e-01 2.131134e+02
