9.999699e-01 -4.257599e-06 -7.757545e-03 1.755231e-01 5.733075e-06 1.000000e+00 1.901743e-04 6.432263e-03 7.757544e-03 -1.902125e-04 9.999698e-01 -5.511985e-01
9.999978e-01 7.455890e-06 -2.119095e-03 5.632280e-01 -6.863313e-06 1.000000e+00 2.796340e-04 -1.469412e-03 2.119095e-03 -2.796183e-04 9.999976e-01 -7.126914e-01
9.999624e-01 -7.955819e-06 -8.674234e-03 9.065987e-01 1.070020e-05 9.999999e-01 3.163345e-04 -1.559449e-02 8.674229e-03 -3.164148e-04 9.999622e-01 -5.348272e-01
9.999982e-01 4.333803e-05 -1.919774e-03 1.217963e+00 -4.290338e-05 1.000000e+00 2.264314e-04 -2.285787e-02 1.919780e-03 -2.263480e-04 9.999980e-01 -6.203567e-01
9.999946e-01 -8.433132e-05 -3.298220e-03 1.507050e+00 8.408989e-05 1.000000e+00 -7.334830e-05 -2.442525e-02 3.298222e-03 7.307123e-05 9.999945e-01 -9.498948e-01
9.999998e-01 5.854159e-05 -6.427938e-04 1.626992e+00 -5.844619e-05 1.000000e+00 1.483869e-04 -1.917452e-02 6.427977e-04 -1.483486e-04 9.999997e-01 -1.369702e+00
9.999853e-01 -7.060556e-05 -5.419059e-03 1.681393e+00 7.032954e-05 1.000000e+00 -5.113079e-05 -8.120322e-03 5.419057e-03 5.074961e-05 9.999852e-01 -1.977257e+00
9.999998e-01 -3.944632e-06 -6.692493e-04 2.015027e+00 4.139753e-06 1.000000e+00 2.914931e-04 -1.409385e-02 6.692421e-04 -2.914951e-04 9.999996e-01 -2.164829e+00
9.999953e-01 -1.101344e-04 -3.049248e-03 2.310604e+00 1.096878e-04 1.000000e+00 -1.466388e-04 -2.236544e-02 3.049257e-03 1.463044e-04 9.999952e-01 -2.208996e+00
9.999993e-01 -5.212102e-06 -1.185704e-03 2.590560e+00 5.592421e-06 9.999999e-01 3.207156e-04 -3.118433e-02 1.185695e-03 -3.207212e-04 9.999991e-01 -2.204396e+00
9.999970e-01 -3.763079e-05 -2.462995e-03 2.728078e+00 3.707518e-05 1.000000e+00 -2.256480e-04 -2.859438e-02 2.462997e-03 2.255568e-04 9.999968e-01 -2.533807e+00
9.999959e-01 1.572838e-05 -2.859468e-03 2.621408e+00 -1.481439e-05 9.999999e-01 3.196406e-04 -1.424197e-02 2.859465e-03 -3.195961e-04 9.999958e-01 -3.098305e+00
9.999998e-01 -8.565426e-05 -6.638825e-04 2.376512e+00 8.549882e-05 1.000000e+00 -2.342430e-04 -5.621717e-04 6.638945e-04 2.341870e-04 9.999997e-01 -3.466815e+00
9.999995e-01 2.518386e-06 -1.022620e-03 2.450708e+00 -2.219977e-06 1.000000e+00 2.917617e-04 2.393548e-04 1.022612e-03 -2.917585e-04 9.999993e-01 -3.632960e+00
9.999986e-01 -1.101358e-04 -1.658325e-03 2.369388e+00 1.098014e-04 1.000000e+00 -2.017338e-04 6.900254e-03 1.658339e-03 2.015522e-04 9.999985e-01 -3.866747e+00
9.999431e-01 2.289928e-04 -1.066625e-02 2.444154e+00 -2.196290e-04 9.999996e-01 8.790473e-04 -1.017669e-03 1.066644e-02 -8.766538e-04 9.999426e-01 -3.585802e+00
9.999544e-01 -3.823476e-04 9.546155e-03 2.504793e+00 3.897371e-04 9.999996e-01 -7.722209e-04 -1.642451e-02 -9.545866e-03 7.759070e-04 9.999540e-01 -2.974794e+00
9.999508e-01 2.593180e-04 -9.916823e-03 2.614140e+00 -2.512996e-04 9.999996e-01 8.097979e-04 -2.650667e-02 9.917019e-03 -8.072651e-04 9.999504e-01 -2.666672e+00
9.999919e-01 -2.807283e-04 4.018764e-03 2.764733e+00 2.831382e-04 9.999998e-01 -5.990871e-04 -2.484958e-02 -4.018606e-03 6.002210e-04 9.999916e-01 -2.951388e+00
9.999241e-01 3.029082e-04 -1.231475e-02 3.056197e+00 -2.911591e-04 9.999995e-01 9.558451e-04 -2.740477e-02 1.231502e-02 -9.521861e-04 9.999236e-01 -3.222930e+00
9.999870e-01 -1.184122e-04 -5.094369e-03 3.367000e+00 1.182746e-04 1.000000e+00 -2.732771e-05 -3.483173e-02 5.094359e-03 2.672584e-05 9.999869e-01 -3.267045e+00
9.979823e-01 1.534601e-03 -6.347462e-02 3.524789e+00 -1.303688e-03 9.999924e-01 3.679145e-03 -3.382811e-02 6.347976e-02 -3.588969e-03 9.979766e-01 -3.275633e+00
9.999904e-01 2.867121e-05 -4.373968e-03 3.646852e+00 -2.965873e-05 1.000000e+00 -2.257626e-04 -3.141787e-02 4.373935e-03 2.258918e-04 9.999903e-01 -3.291975e+00
9.999986e-01 -7.209796e-05 1.672719e-03 3.174899e+00 7.189664e-05 1.000000e+00 1.205622e-04 2.138142e-03 -1.672754e-03 -1.204401e-04 9.999985e-01 -4.287531e+00
9.999997e-01 5.830011e-05 -7.735592e-04 2.687362e+00 -5.853775e-05 1.000000e+00 -3.074991e-04 3.715431e-02 7.735147e-04 3.075459e-04 9.999996e-01 -5.326452e+00
9.999887e-01 -1.157939e-04 4.760097e-03 2.600900e+00 1.148749e-04 1.000000e+00 1.933951e-04 4.723419e-02 -4.760145e-03 -1.928444e-04 9.999886e-01 -5.690411e+00
9.998821e-01 1.594485e-04 1.535527e-02 1.880496e+00 -1.483029e-04 9.999997e-01 -7.269741e-04 9.708107e-02 -1.535541e-02 7.246127e-04 9.998817e-01 -7.083981e+00
9.999977e-01 -7.945207e-05 -2.161478e-03 1.405420e+00 8.021515e-05 9.999999e-01 3.528604e-04 1.365010e-01 2.161427e-03 -3.530314e-04 9.999975e-01 -8.302370e+00
9.995458e-01 1.534308e-04 3.013495e-02 1.123497e+00 -1.252665e-04 9.999996e-01 -9.364854e-04 1.670195e-01 -3.013510e-02 9.322866e-04 9.995453e-01 -9.295190e+00
9.999948e-01 -1.019471e-04 -3.224758e-03 8.771199e-01 1.031036e-04 9.999999e-01 3.584197e-04 1.940270e-01 3.224703e-03 -3.587488e-04 9.999946e-01 -1.018934e+01
9.998683e-01 1.380007e-04 1.622941e-02 8.435685e-01 -1.286119e-04 9.999998e-01 -5.795426e-04 2.096034e-01 -1.622950e-02 5.773804e-04 9.998680e-01 -1.086716e+01
9.993782e-01 2.635315e-04 -3.525715e-02 1.033048e+00 -2.038900e-04 9.999985e-01 1.695196e-03 2.118375e-01 3.525753e-02 -1.686952e-03 9.993767e-01 -1.114755e+01
9.990763e-01 -2.910482e-04 4.296974e-02 1.184041e+00 3.701563e-04 9.999983e-01 -1.833068e-03 2.105517e-01 -4.296915e-02 1.847281e-03 9.990746e-01 -1.127866e+01
9.990836e-01 1.750049e-04 -4.279997e-02 1.321681e+00 -9.478874e-05 9.999982e-01 1.876231e-03 1.886011e-01 4.280020e-02 -1.870453e-03 9.990818e-01 -1.047162e+01
9.991593e-01 -2.599803e-04 4.099630e-02 1.451305e+00 3.329016e-04 9.999984e-01 -1.771908e-03 1.678358e-01 -4.099579e-02 1.784067e-03 9.991576e-01 -9.726835e+00
9.989689e-01 2.704214e-04 -4.539948e-02 1.584545e+00 -1.793157e-04 9.999980e-01 2.010814e-03 1.594107e-01 4.539991e-02 -2.000598e-03 9.989668e-01 -9.546446e+00
9.990206e-01 -3.245174e-04 4.424578e-02 1.751600e+00 4.097751e-04 9.999981e-01 -1.917851e-03 1.457057e-01 -4.424509e-02 1.934105e-03 9.990187e-01 -9.171409e+00
9.990074e-01 3.276544e-04 -4.454349e-02 1.995197e+00 -2.425844e-04 9.999981e-01 1.915208e-03 1.397322e-01 4.454402e-02 -1.902499e-03 9.990055e-01 -9.252546e+00
9.990233e-01 -3.626788e-04 4.418609e-02 2.339725e+00 4.494662e-04 9.999980e-01 -1.954209e-03 1.285086e-01 -4.418532e-02 1.972162e-03 9.990213e-01 -9.239638e+00
9.994735e-01 3.191984e-04 -3.244434e-02 2.687165e+00 -2.626691e-04 9.999984e-01 1.746591e-03 1.181704e-01 3.244483e-02 -1.737148e-03 9.994719e-01 -9.212005e+00
9.992970e-01 -4.374814e-04 3.748864e-02 3.144159e+00 5.060587e-04 9.999982e-01 -1.819809e-03 9.972567e-02 -3.748779e-02 1.837502e-03 9.992953e-01 -8.997499e+00
9.993067e-01 4.841021e-04 -3.722654e-02 3.271463e+00 -4.192877e-04 9.999984e-01 1.748864e-03 1.047632e-01 3.722731e-02 -1.732041e-03 9.993052e-01 -9.432286e+00
9.986192e-01 -4.267044e-04 5.253090e-02 3.166677e+00 5.373494e-04 9.999977e-01 -2.092175e-03 1.222843e-01 -5.252990e-02 2.117515e-03 9.986170e-01 -1.008919e+01
9.994489e-01 5.486230e-04 -3.318995e-02 3.081882e+00 -4.921658e-04 9.999984e-01 1.709176e-03 1.396017e-01 3.319082e-02 -1.691898e-03 9.994475e-01 -1.074405e+01
9.992961e-01 -4.938415e-04 3.751027e-02 2.786400e+00 5.696607e-04 9.999978e-01 -2.010625e-03 1.686912e-01 -3.750921e-02 2.030580e-03 9.992941e-01 -1.174712e+01
9.997362e-01 4.797985e-04 -2.296403e-02 2.970546e+00 -4.408163e-04 9.999985e-01 1.702558e-03 1.707401e-01 2.296480e-02 -1.691985e-03 9.997347e-01 -1.205522e+01
9.987178e-01 -5.637319e-04 5.062113e-02 3.372596e+00 6.719597e-04 9.999975e-01 -2.121001e-03 1.538128e-01 -5.061982e-02 2.152298e-03 9.987156e-01 -1.171121e+01
9.984854e-01 5.238992e-04 -5.501483e-02 3.824374e+00 -3.911760e-04 9.999970e-01 2.423238e-03 1.326727e-01 5.501592e-02 -2.398046e-03 9.984825e-01 -1.138856e+01
9.998768e-01 2.551461e-04 1.569173e-02 4.049429e+00 -2.501210e-04 9.999999e-01 -3.221929e-04 1.253719e-01 -1.569182e-02 3.182299e-04 9.998767e-01 -1.123438e+01
9.987607e-01 4.037330e-04 -4.976926e-02 4.069031e+00 -3.024774e-04 9.999979e-01 2.042014e-03 1.312893e-01 4.976996e-02 -2.024427e-03 9.987586e-01 -1.142592e+01
9.995543e-01 -3.445306e-04 2.985232e-02 4.914590e+00 3.767702e-04 9.999994e-01 -1.074341e-03 1.103781e-01 -2.985195e-02 1.085111e-03 9.995536e-01 -1.161106e+01
9.986304e-01 4.561776e-04 -5.231654e-02 6.043379e+00 -3.445447e-04 9.999976e-01 2.142794e-03 7.434944e-02 5.231737e-02 -2.121832e-03 9.986282e-01 -1.153548e+01
9.995967e-01 -4.531187e-04 2.839557e-02 7.301144e+00 4.829996e-04 9.999993e-01 -1.045450e-03 3.506310e-02 -2.839510e-02 1.058745e-03 9.995961e-01 -1.147807e+01
9.990882e-01 1.188516e-04 -4.269273e-02 8.942707e+00 -5.605552e-05 9.999989e-01 1.472073e-03 -2.414884e-02 4.269283e-02 -1.468336e-03 9.990871e-01 -1.114899e+01
9.996576e-01 -4.272905e-04 2.616324e-02 1.061353e+01 4.517848e-04 9.999995e-01 -9.302943e-04 -8.620566e-02 -2.616286e-02 9.417981e-04 9.996572e-01 -1.072535e+01
9.985751e-01 3.172373e-04 -5.336358e-02 1.242353e+01 -2.068338e-04 9.999978e-01 2.074396e-03 -1.490019e-01 5.336409e-02 -2.060401e-03 9.985729e-01 -1.040939e+01
9.998202e-01 -3.530092e-04 1.895719e-02 1.442452e+01 3.640869e-04 9.999998e-01 -5.808809e-04 -2.162032e-01 -1.895701e-02 5.876809e-04 9.998200e-01 -1.014376e+01
9.986849e-01 2.597708e-04 -5.126888e-02 1.644196e+01 -1.588338e-04 9.999980e-01 1.972835e-03 -2.893672e-01 5.126926e-02 -1.962095e-03 9.986828e-01 -9.657102e+00
9.996484e-01 -4.563842e-04 2.650977e-02 1.838375e+01 4.833646e-04 9.999994e-01 -1.011333e-03 -3.607029e-01 -2.650933e-02 1.023794e-03 9.996479e-01 -9.176206e+00
9.990453e-01 1.138450e-04 -4.368507e-02 2.027265e+01 -4.624980e-05 9.999988e-01 1.548326e-03 -4.270710e-01 4.368516e-02 -1.544825e-03 9.990441e-01 -8.866007e+00
9.996737e-01 -4.350076e-04 2.553884e-02 2.216051e+01 4.600967e-04 9.999994e-01 -9.764984e-04 -4.920477e-01 -2.553844e-02 9.879328e-04 9.996733e-01 -8.606328e+00
9.987386e-01 5.082285e-04 -5.020827e-02 2.355985e+01 -4.041739e-04 9.999977e-01 2.082580e-03 -5.350999e-01 5.020918e-02 -2.059657e-03 9.987365e-01 -8.594292e+00
9.997254e-01 -3.701996e-04 2.342934e-02 2.497890e+01 3.911071e-04 9.999995e-01 -8.877574e-04 -5.726810e-01 -2.342905e-02 8.966799e-04 9.997250e-01 -8.832213e+00
9.977777e-01 1.282022e-03 -6.661832e-02 2.558141e+01 -1.080657e-03 9.999947e-01 3.058602e-03 -5.838891e-01 6.662184e-02 -2.979810e-03 9.977738e-01 -9.011921e+00
9.986986e-01 -9.145845e-04 5.099354e-02 2.622706e+01 1.043309e-03 9.999963e-01 -2.497748e-03 -5.830254e-01 -5.099112e-02 2.547703e-03 9.986958e-01 -9.916275e+00
9.978169e-01 1.325998e-03 -6.602846e-02 2.649300e+01 -1.131491e-03 9.999949e-01 2.983100e-03 -5.715171e-01 6.603202e-02 -2.901874e-03 9.978132e-01 -1.079166e+01
9.998287e-01 -3.372815e-04 1.850594e-02 2.651790e+01 3.463820e-04 9.999998e-01 -4.885024e-04 -5.682992e-01 -1.850582e-02 4.948322e-04 9.998285e-01 -1.079883e+01
9.976705e-01 1.401762e-03 -6.820329e-02 2.656716e+01 -1.193358e-03 9.999945e-01 3.096265e-03 -5.655158e-01 6.820719e-02 -3.007657e-03 9.976666e-01 -1.080488e+01
9.996999e-01 -4.874423e-04 2.449295e-02 2.663474e+01 5.075300e-04 9.999995e-01 -8.138763e-04 -5.624766e-01 -2.449260e-02 8.260666e-04 9.996996e-01 -1.087430e+01
9.976837e-01 1.395608e-03 -6.800976e-02 2.674618e+01 -1.185930e-03 9.999944e-01 3.123307e-03 -5.618048e-01 6.801367e-02 -3.035414e-03 9.976797e-01 -1.089573e+01
9.993989e-01 -6.950509e-04 3.466034e-02 2.701918e+01 7.400430e-04 9.999989e-01 -1.285223e-03 -5.683303e-01 -3.465948e-02 1.310105e-03 9.993982e-01 -1.084336e+01
9.952162e-01 2.159103e-03 -9.767286e-02 2.724744e+01 -1.705527e-03 9.999874e-01 4.727072e-03 -5.696358e-01 9.768176e-02 -4.537871e-03 9.952073e-01 -1.083454e+01
9.999724e-01 -1.416594e-05 7.422333e-03 2.731928e+01 1.438225e-05 1.000000e+00 -2.880191e-05 -5.644064e-01 -7.422411e-03 2.891216e-05 9.999724e-01 -1.080850e+01
9.987027e-01 9.532524e-04 -5.091156e-02 2.753841e+01 -8.331582e-04 9.999968e-01 2.380009e-03 -5.679278e-01 5.091358e-02 -2.334499e-03 9.987003e-01 -1.076095e+01
9.996134e-01 -3.857810e-04 2.779897e-02 2.780670e+01 4.091626e-04 9.999996e-01 -8.353223e-04 -5.741024e-01 -2.779872e-02 8.463781e-04 9.996131e-01 -1.071408e+01
9.966203e-01 1.656972e-03 -8.212942e-02 2.792217e+01 -1.354703e-03 9.999921e-01 3.735964e-03 -5.746187e-01 8.213488e-02 -3.612072e-03 9.966146e-01 -1.062962e+01
9.991682e-01 -6.814373e-04 4.077315e-02 2.799427e+01 7.433342e-04 9.999986e-01 -1.502867e-03 -5.747481e-01 -4.077215e-02 1.531930e-03 9.991672e-01 -1.056264e+01
9.965407e-01 1.695893e-03 -8.308832e-02 2.801805e+01 -1.386552e-03 9.999919e-01 3.780574e-03 -5.735725e-01 8.309397e-02 -3.652285e-03 9.965349e-01 -1.049359e+01
9.992657e-01 -6.704872e-04 3.830729e-02 2.804959e+01 7.236429e-04 9.999988e-01 -1.373678e-03 -5.719017e-01 -3.830641e-02 1.400395e-03 9.992650e-01 -1.044542e+01
9.964334e-01 1.754516e-03 -8.436395e-02 2.812779e+01 -1.434318e-03 9.999915e-01 3.855865e-03 -5.711434e-01 8.436991e-02 -3.721103e-03 9.964275e-01 -1.040953e+01
9.990338e-01 -7.746085e-04 4.394127e-02 2.832036e+01 8.475819e-04 9.999983e-01 -1.642012e-03 -5.746994e-01 -4.394002e-02 1.677674e-03 9.990327e-01 -1.034724e+01
9.972618e-01 1.469689e-03 -7.393663e-02 2.860803e+01 -1.222390e-03 9.999935e-01 3.389840e-03 -5.824177e-01 7.394104e-02 -3.290174e-03 9.972571e-01 -1.026817e+01
9.986190e-01 -9.637951e-04 5.252743e-02 2.885231e+01 1.074208e-03 9.999973e-01 -2.073741e-03 -5.897125e-01 -5.252538e-02 2.127308e-03 9.986173e-01 -1.018451e+01
9.964218e-01 1.738223e-03 -8.450122e-02 2.911604e+01 -1.413648e-03 9.999914e-01 3.900705e-03 -5.965662e-01 8.450718e-02 -3.767287e-03 9.964157e-01 -1.011301e+01
9.983826e-01 -1.064076e-03 5.684234e-02 2.942443e+01 1.195752e-03 9.999967e-01 -2.282471e-03 -6.053185e-01 -5.683982e-02 2.346754e-03 9.983805e-01 -1.003711e+01
9.955497e-01 2.026980e-03 -9.421630e-02 2.970732e+01 -1.618743e-03 9.999890e-01 4.409157e-03 -6.114754e-01 9.422410e-02 -4.237018e-03 9.955419e-01 -9.993762e+00
9.990654e-01 -8.192669e-04 4.321616e-02 2.992251e+01 8.890632e-04 9.999983e-01 -1.595748e-03 -6.145667e-01 -4.321488e-02 1.632684e-03 9.990644e-01 -9.936998e+00
9.934510e-01 2.630082e-03 -1.142287e-01 3.002651e+01 -2.023104e-03 9.999832e-01 5.429273e-03 -6.124437e-01 1.142410e-01 -5.162615e-03 9.934396e-01 -9.894347e+00
9.997057e-01 -4.074799e-04 2.425298e-02 3.004513e+01 4.243872e-04 9.999997e-01 -6.917686e-04 -6.057975e-01 -2.425279e-02 7.018625e-04 9.997056e-01 -9.867087e+00
9.955610e-01 2.092160e-03 -9.409482e-02 3.012219e+01 -1.688182e-03 9.999890e-01 4.372650e-03 -6.032645e-01 9.410284e-02 -4.194386e-03 9.955536e-01 -9.806754e+00
9.996100e-01 -5.769106e-04 2.791737e-02 3.025369e+01 6.001461e-04 9.999995e-01 -8.237229e-04 -6.022922e-01 -2.791698e-02 8.401608e-04 9.996099e-01 -9.764622e+00
9.927798e-01 2.846782e-03 -1.199172e-01 3.036110e+01 -2.177426e-03 9.999813e-01 5.712431e-03 -5.958077e-01 1.199311e-01 -5.410070e-03 9.927674e-01 -9.831686e+00
9.996322e-01 -5.574346e-04 2.711114e-02 3.043285e+01 5.803465e-04 9.999995e-01 -8.370165e-04 -5.884895e-01 -2.711075e-02 8.524468e-04 9.996320e-01 -9.891115e+00
9.934406e-01 2.745928e-03 -1.143154e-01 3.045759e+01 -2.138612e-03 9.999829e-01 5.434881e-03 -5.810273e-01 1.143283e-01 -5.154752e-03 9.934296e-01 -9.917646e+00
9.986458e-01 -1.117073e-03 5.201105e-02 3.052962e+01 1.226203e-03 9.999971e-01 -2.066226e-03 -5.785339e-01 -5.200868e-02 2.127208e-03 9.986443e-01 -9.879397e+00
9.935107e-01 2.735845e-03 -1.137050e-01 3.057309e+01 -2.133558e-03 9.999830e-01 5.418229e-03 -5.746755e-01 1.137178e-01 -5.140469e-03 9.934998e-01 -9.874393e+00
9.956099e-01 -1.892595e-03 9.357963e-02 3.068226e+01 2.293616e-03 9.999886e-01 -4.177901e-03 -5.741225e-01 -9.357074e-02 4.374199e-03 9.956030e-01 -9.996747e+00
9.956954e-01 2.255814e-03 -9.265812e-02 3.054238e+01 -1.872562e-03 9.999893e-01 4.222860e-03 -5.572491e-01 9.266657e-02 -4.031170e-03 9.956890e-01 -1.062025e+01
9.954321e-01 -1.918985e-03 9.545222e-02 3.048547e+01 2.326327e-03 9.999887e-01 -4.156322e-03 -5.466521e-01 -9.544324e-02 4.359393e-03 9.954253e-01 -1.105419e+01
9.964399e-01 2.208953e-03 -8.427595e-02 3.062471e+01 -1.864688e-03 9.999896e-01 4.163393e-03 -5.488932e-01 8.428419e-02 -3.991419e-03 9.964337e-01 -1.110152e+01
9.961648e-01 -1.876443e-03 8.747587e-02 3.025870e+01 2.254716e-03 9.999885e-01 -4.225625e-03 -5.193622e-01 -8.746702e-02 4.406656e-03 9.961576e-01 -1.203387e+01
9.962094e-01 2.249811e-03 -8.695746e-02 2.954452e+01 -1.901699e-03 9.999898e-01 4.085805e-03 -4.681339e-01 8.696569e-02 -3.904947e-03 9.962036e-01 -1.356613e+01
9.958909e-01 -1.899873e-03 9.054068e-02 2.907123e+01 2.289468e-03 9.999886e-01 -4.199237e-03 -4.317490e-01 -9.053175e-02 4.389275e-03 9.958839e-01 -1.469643e+01
9.961378e-01 2.250738e-03 -8.777401e-02 2.868109e+01 -1.894495e-03 9.999896e-01 4.141662e-03 -4.002681e-01 8.778234e-02 -3.959375e-03 9.961318e-01 -1.569188e+01
9.963800e-01 -1.899710e-03 8.498901e-02 2.819787e+01 2.251939e-03 9.999893e-01 -4.048656e-03 -3.662035e-01 -8.498050e-02 4.225394e-03 9.963736e-01 -1.669445e+01
9.960111e-01 2.237409e-03 -8.920034e-02 2.777933e+01 -1.867794e-03 9.999893e-01 4.226832e-03 -3.373470e-01 8.920876e-02 -4.043360e-03 9.960047e-01 -1.753362e+01
9.961964e-01 -1.927826e-03 8.711423e-02 2.744229e+01 2.288991e-03 9.999892e-01 -4.046100e-03 -3.149423e-01 -8.710557e-02 4.230118e-03 9.961901e-01 -1.817421e+01
9.957488e-01 2.288029e-03 -9.208162e-02 2.725301e+01 -1.888556e-03 9.999884e-01 4.425083e-03 -3.020147e-01 9.209060e-02 -4.232366e-03 9.957416e-01 -1.854352e+01
9.965078e-01 -1.878005e-03 8.347712e-02 2.710502e+01 2.209024e-03 9.999901e-01 -3.873117e-03 -2.915681e-01 -8.346910e-02 4.043998e-03 9.965021e-01 -1.883781e+01
9.963567e-01 2.113027e-03 -8.525654e-02 2.684477e+01 -1.771288e-03 9.999901e-01 4.083730e-03 -2.759193e-01 8.526424e-02 -3.917835e-03 9.963506e-01 -1.926910e+01
9.965428e-01 -1.859821e-03 8.305976e-02 2.657058e+01 2.188674e-03 9.999901e-01 -3.868270e-03 -2.592778e-01 -8.305183e-02 4.036691e-03 9.965370e-01 -1.972350e+01
9.965659e-01 2.095761e-03 -8.277603e-02 2.636143e+01 -1.770079e-03 9.999904e-01 4.007609e-03 -2.445706e-01 8.278355e-02 -3.847322e-03 9.965601e-01 -2.016044e+01
9.965235e-01 -1.848582e-03 8.329020e-02 2.613435e+01 2.180366e-03 9.999900e-01 -3.892603e-03 -2.283919e-01 -8.328226e-02 4.060678e-03 9.965177e-01 -2.064554e+01
9.966535e-01 2.081762e-03 -8.171457e-02 2.597734e+01 -1.759235e-03 9.999904e-01 4.018718e-03 -2.165008e-01 8.172207e-02 -3.861511e-03 9.966477e-01 -2.101020e+01
9.967138e-01 -1.868080e-03 8.098164e-02 2.584818e+01 2.186259e-03 9.999902e-01 -3.840451e-03 -2.074874e-01 -8.097375e-02 4.004881e-03 9.967082e-01 -2.128576e+01
9.966543e-01 2.097764e-03 -8.170443e-02 2.564114e+01 -1.775690e-03 9.999904e-01 4.014318e-03 -1.930420e-01 8.171198e-02 -3.855803e-03 9.966485e-01 -2.171121e+01
9.966129e-01 -1.867371e-03 8.221403e-02 2.544760e+01 2.195266e-03 9.999900e-01 -3.898019e-03 -1.790147e-01 -8.220601e-02 4.065301e-03 9.966070e-01 -2.213988e+01
9.964775e-01 2.114180e-03 -8.383273e-02 2.527014e+01 -1.776442e-03 9.999900e-01 4.103022e-03 -1.662417e-01 8.384048e-02 -3.939642e-03 9.964714e-01 -2.252295e+01
9.964818e-01 -1.864412e-03 8.378717e-02 2.504566e+01 2.204059e-03 9.999897e-01 -3.961286e-03 -1.505925e-01 -8.377900e-02 4.132025e-03 9.964758e-01 -2.298576e+01
9.964703e-01 2.114843e-03 -8.391873e-02 2.468856e+01 -1.780935e-03 9.999902e-01 4.053531e-03 -1.274095e-01 8.392640e-02 -3.889766e-03 9.964643e-01 -2.365503e+01
9.964039e-01 -1.850292e-03 8.470934e-02 2.435611e+01 2.195789e-03 9.999896e-01 -3.985552e-03 -1.046135e-01 -8.470117e-02 4.157227e-03 9.963977e-01 -2.432654e+01
9.963341e-01 2.124603e-03 -8.551961e-02 2.392285e+01 -1.785042e-03 9.999902e-01 4.046766e-03 -7.572775e-02 8.552729e-02 -3.879272e-03 9.963283e-01 -2.516829e+01
9.967500e-01 -1.820872e-03 8.053583e-02 2.345044e+01 2.135411e-03 9.999904e-01 -3.819539e-03 -4.836142e-02 -8.052819e-02 3.979106e-03 9.967444e-01 -2.589584e+01
9.965448e-01 2.064107e-03 -8.303044e-02 2.299882e+01 -1.739168e-03 9.999905e-01 3.985553e-03 -2.388120e-02 8.303780e-02 -3.827375e-03 9.965390e-01 -2.653334e+01
9.965322e-01 -1.849094e-03 8.318658e-02 2.271382e+01 2.176330e-03 9.999902e-01 -3.843165e-03 -1.044910e-02 -8.317875e-02 4.010883e-03 9.965266e-01 -2.684608e+01
9.965035e-01 2.050108e-03 -8.352543e-02 2.255055e+01 -1.721231e-03 9.999905e-01 4.009188e-03 -4.621970e-03 8.353277e-02 -3.851400e-03 9.964976e-01 -2.695098e+01
9.965608e-01 -1.902127e-03 8.284245e-02 2.256599e+01 2.220888e-03 9.999905e-01 -3.755732e-03 -1.701205e-02 -8.283460e-02 3.926803e-03 9.965556e-01 -2.641844e+01
9.965119e-01 2.054020e-03 -8.342480e-02 2.262076e+01 -1.725845e-03 9.999905e-01 4.005628e-03 -3.219922e-02 8.343216e-02 -3.847674e-03 9.965060e-01 -2.580550e+01
9.964421e-01 -1.831336e-03 8.425959e-02 2.254707e+01 2.164949e-03 9.999902e-01 -3.868056e-03 -2.967245e-02 -8.425176e-02 4.036715e-03 9.964363e-01 -2.585704e+01
9.964549e-01 2.048477e-03 -8.410263e-02 2.240767e+01 -1.721020e-03 9.999907e-01 3.965772e-03 -2.340669e-02 8.410989e-02 -3.806967e-03 9.964492e-01 -2.600860e+01
9.964824e-01 -1.847091e-03 8.378076e-02 2.227697e+01 2.174654e-03 9.999903e-01 -3.818592e-03 -2.192394e-02 -8.377298e-02 3.987358e-03 9.964769e-01 -2.595437e+01
9.965570e-01 2.056918e-03 -8.288423e-02 2.208129e+01 -1.737003e-03 9.999908e-01 3.931622e-03 -1.255296e-02 8.289147e-02 -3.774112e-03 9.965514e-01 -2.618167e+01
9.962514e-01 -1.845671e-03 8.648423e-02 2.212911e+01 2.183794e-03 9.999903e-01 -3.815119e-03 -1.626374e-02 -8.647643e-02 3.989685e-03 9.962459e-01 -2.606226e+01
9.965582e-01 2.021516e-03 -8.287100e-02 2.223121e+01 -1.698992e-03 9.999907e-01 3.962134e-03 -2.759163e-02 8.287816e-02 -3.807696e-03 9.965524e-01 -2.566219e+01
9.964424e-01 -1.905503e-03 8.425429e-02 2.231386e+01 2.229886e-03 9.999905e-01 -3.756026e-03 -4.745798e-02 -8.424641e-02 3.930545e-03 9.964372e-01 -2.485920e+01
9.968251e-01 2.012955e-03 -7.959603e-02 2.250178e+01 -1.710638e-03 9.999911e-01 3.866073e-03 -6.818666e-02 7.960301e-02 -3.717635e-03 9.968197e-01 -2.414704e+01
9.963713e-01 -1.930644e-03 8.508987e-02 2.269989e+01 2.260418e-03 9.999903e-01 -3.779329e-03 -9.041200e-02 -8.508184e-02 3.957957e-03 9.963661e-01 -2.337579e+01
9.967179e-01 2.106817e-03 -8.092474e-02 2.281003e+01 -1.796886e-03 9.999908e-01 3.902415e-03 -1.027069e-01 8.093213e-02 -3.744190e-03 9.967126e-01 -2.293872e+01
9.966017e-01 -1.912695e-03 8.234867e-02 2.286768e+01 2.229551e-03 9.999905e-01 -3.755863e-03 -1.090870e-01 -8.234079e-02 3.926703e-03 9.965965e-01 -2.272114e+01
9.965900e-01 2.057504e-03 -8.248585e-02 2.300589e+01 -1.739600e-03 9.999908e-01 3.925647e-03 -1.239186e-01 8.249308e-02 -3.768765e-03 9.965845e-01 -2.224023e+01
9.963878e-01 -1.940075e-03 8.489657e-02 2.317257e+01 2.268053e-03 9.999903e-01 -3.766898e-03 -1.427757e-01 -8.488852e-02 3.945845e-03 9.963826e-01 -2.159790e+01
9.965382e-01 2.071343e-03 -8.310999e-02 2.339057e+01 -1.749381e-03 9.999907e-01 3.946481e-03 -1.619595e-01 8.311731e-02 -3.787424e-03 9.965325e-01 -2.101862e+01
9.962212e-01 -1.882433e-03 8.683093e-02 2.349966e+01 2.220719e-03 9.999903e-01 -3.799391e-03 -1.693027e-01 -8.682302e-02 3.977865e-03 9.962158e-01 -2.081496e+01
9.966384e-01 2.094836e-03 -8.189899e-02 2.340052e+01 -1.781208e-03 9.999908e-01 3.902238e-03 -1.608884e-01 8.190633e-02 -3.743237e-03 9.966330e-01 -2.108678e+01
9.963429e-01 -1.885192e-03 8.542264e-02 2.326210e+01 2.219526e-03 9.999902e-01 -3.818992e-03 -1.495720e-01 -8.541469e-02 3.994628e-03 9.963375e-01 -2.145575e+01
9.965448e-01 2.090010e-03 -8.302950e-02 2.303854e+01 -1.767765e-03 9.999906e-01 3.954330e-03 -1.363755e-01 8.303691e-02 -3.793886e-03 9.965392e-01 -2.181214e+01
9.959805e-01 -1.937176e-03 8.954902e-02 2.302759e+01 2.285672e-03 9.999902e-01 -3.789221e-03 -1.378028e-01 -8.954088e-02 3.978674e-03 9.959752e-01 -2.171229e+01
9.964817e-01 2.161489e-03 -8.378207e-02 2.293016e+01 -1.841064e-03 9.999907e-01 3.901498e-03 -1.303602e-01 8.378964e-02 -3.733520e-03 9.964764e-01 -2.193671e+01
9.964319e-01 -1.995373e-03 8.437573e-02 2.275402e+01 2.317668e-03 9.999904e-01 -3.721893e-03 -1.257362e-01 -8.436757e-02 3.904172e-03 9.964270e-01 -2.196589e+01
9.964649e-01 2.175272e-03 -8.398113e-02 2.267149e+01 -1.851778e-03 9.999906e-01 3.929615e-03 -1.304143e-01 8.398880e-02 -3.760205e-03 9.964596e-01 -2.167955e+01
9.963660e-01 -2.001443e-03 8.515058e-02 2.254914e+01 2.329720e-03 9.999902e-01 -3.755967e-03 -1.292149e-01 -8.514231e-02 3.940699e-03 9.963610e-01 -2.161134e+01
9.965245e-01 2.166213e-03 -8.327150e-02 2.248923e+01 -1.842634e-03 9.999905e-01 3.962404e-03 -1.329994e-01 8.327921e-02 -3.795189e-03 9.965190e-01 -2.137572e+01
9.961399e-01 -2.012684e-03 8.775637e-02 2.254490e+01 2.352985e-03 9.999901e-01 -3.774433e-03 -1.410189e-01 -8.774799e-02 3.966357e-03 9.961348e-01 -2.106118e+01
9.964921e-01 2.249221e-03 -8.365598e-02 2.265430e+01 -1.927485e-03 9.999904e-01 3.926419e-03 -1.424843e-01 8.366392e-02 -3.751396e-03 9.964869e-01 -2.113977e+01
9.965888e-01 -2.018818e-03 8.250174e-02 2.266578e+01 2.336299e-03 9.999902e-01 -3.751724e-03 -1.357924e-01 -8.249344e-02 3.931679e-03 9.965838e-01 -2.149774e+01
9.964007e-01 2.298985e-03 -8.473656e-02 2.254366e+01 -1.980640e-03 9.999907e-01 3.840678e-03 -1.165579e-01 8.474451e-02 -3.659018e-03 9.963960e-01 -2.226727e+01
9.961194e-01 -2.048896e-03 8.798737e-02 2.277624e+01 2.387287e-03 9.999902e-01 -3.740756e-03 -1.164587e-01 -8.797892e-02 3.936295e-03 9.961145e-01 -2.259557e+01
9.973094e-01 2.324355e-03 -7.326948e-02 2.294121e+01 -2.056648e-03 9.999909e-01 3.728869e-03 -1.171760e-01 7.327740e-02 -3.568143e-03 9.973052e-01 -2.274614e+01
9.965365e-01 -2.112863e-03 8.312893e-02 2.315186e+01 2.423852e-03 9.999904e-01 -3.640209e-03 -1.201792e-01 -8.312053e-02 3.829097e-03 9.965321e-01 -2.287475e+01
9.966188e-01 2.323875e-03 -8.213035e-02 2.325513e+01 -2.020524e-03 9.999908e-01 3.776374e-03 -1.163142e-01 8.213828e-02 -3.597655e-03 9.966144e-01 -2.321435e+01
9.961961e-01 -2.109211e-03 8.711277e-02 2.345625e+01 2.431205e-03 9.999906e-01 -3.590273e-03 -1.202103e-01 -8.710446e-02 3.788409e-03 9.961920e-01 -2.330607e+01
9.966351e-01 2.302694e-03 -8.193355e-02 2.366732e+01 -1.998552e-03 9.999908e-01 3.793795e-03 -1.273748e-01 8.194144e-02 -3.617276e-03 9.966306e-01 -2.326026e+01
9.959508e-01 -2.091956e-03 8.987455e-02 2.376053e+01 2.432001e-03 9.999903e-01 -3.674126e-03 -1.278641e-01 -8.986608e-02 3.877828e-03 9.959463e-01 -2.334510e+01
9.966839e-01 2.343517e-03 -8.133608e-02 2.378951e+01 -2.044739e-03 9.999909e-01 3.756402e-03 -1.240379e-01 8.134405e-02 -3.577630e-03 9.966796e-01 -2.354972e+01
9.964379e-01 -2.131332e-03 8.430140e-02 2.377753e+01 2.447375e-03 9.999904e-01 -3.645711e-03 -1.167585e-01 -8.429291e-02 3.839047e-03 9.964336e-01 -2.389164e+01
9.965213e-01 2.350991e-03 -8.330460e-02 2.364757e+01 -2.043433e-03 9.999908e-01 3.776964e-03 -1.048281e-01 8.331262e-02 -3.593593e-03 9.965169e-01 -2.430485e+01
9.967346e-01 -2.114977e-03 8.071853e-02 2.352196e+01 2.412039e-03 9.999907e-01 -3.582795e-03 -9.093129e-02 -8.071029e-02 3.765796e-03 9.967305e-01 -2.481865e+01
9.967055e-01 2.305748e-03 -8.107225e-02 2.365163e+01 -1.999787e-03 9.999906e-01 3.854836e-03 -9.218385e-02 8.108028e-02 -3.680004e-03 9.967007e-01 -2.494998e+01
9.957011e-01 -2.109024e-03 9.259962e-02 2.382300e+01 2.466215e-03 9.999900e-01 -3.743030e-03 -9.751533e-02 -9.259088e-02 3.955314e-03 9.956964e-01 -2.490290e+01
9.963268e-01 2.373077e-03 -8.559922e-02 2.390087e+01 -2.049678e-03 9.999904e-01 3.865662e-03 -9.669837e-02 8.560748e-02 -3.676007e-03 9.963221e-01 -2.503567e+01
9.961575e-01 -2.133660e-03 8.755356e-02 2.368384e+01 2.473983e-03 9.999898e-01 -3.778609e-03 -7.975092e-02 -8.754469e-02 3.980700e-03 9.961526e-01 -2.557645e+01
9.966944e-01 2.354429e-03 -8.120669e-02 2.360999e+01 -2.049019e-03 9.999905e-01 3.843940e-03 -7.065451e-02 8.121488e-02 -3.664835e-03 9.966898e-01 -2.591340e+01
9.958278e-01 -2.172689e-03 9.122601e-02 2.377573e+01 2.525556e-03 9.999898e-01 -3.752712e-03 -7.603497e-02 -9.121701e-02 3.967455e-03 9.958231e-01 -2.586160e+01
9.961013e-01 2.382223e-03 -8.818335e-02 2.360056e+01 -2.043345e-03 9.999902e-01 3.932873e-03 -6.598312e-02 8.819176e-02 -3.737347e-03 9.960965e-01 -2.612989e+01
9.959141e-01 -2.173317e-03 9.027879e-02 2.328455e+01 2.524039e-03 9.999897e-01 -3.770816e-03 -4.900881e-02 -9.026976e-02 3.983280e-03 9.959094e-01 -2.656231e+01
9.964868e-01 2.389318e-03 -8.371513e-02 2.326854e+01 -2.068804e-03 9.999902e-01 3.915089e-03 -4.608194e-02 8.372358e-02 -3.728140e-03 9.964820e-01 -2.667700e+01
9.957096e-01 -2.196257e-03 9.250633e-02 2.336254e+01 2.557687e-03 9.999896e-01 -3.788634e-03 -4.873037e-02 -9.249714e-02 4.008987e-03 9.957049e-01 -2.665566e+01
9.959889e-01 2.435462e-03 -8.944347e-02 2.321684e+01 -2.092412e-03 9.999901e-01 3.928870e-03 -3.770459e-02 8.945206e-02 -3.725954e-03 9.959841e-01 -2.700831e+01
9.958770e-01 -2.207877e-03 9.068643e-02 2.292953e+01 2.559840e-03 9.999896e-01 -3.764889e-03 -2.092263e-02 -9.067727e-02 3.981514e-03 9.958723e-01 -2.746788e+01
9.968838e-01 2.418270e-03 -7.884561e-02 2.276634e+01 -2.122477e-03 9.999904e-01 3.835055e-03 -1.059780e-02 7.885403e-02 -3.655751e-03 9.968794e-01 -2.772219e+01
9.954346e-01 -2.193587e-03 9.542010e-02 2.265515e+01 2.569780e-03 9.999894e-01 -3.819712e-03 -5.489718e-04 -9.541080e-02 4.047487e-03 9.954297e-01 -2.801009e+01
9.961695e-01 2.449766e-03 -8.740869e-02 2.258142e+01 -2.115778e-03 9.999901e-01 3.913363e-03 8.031959e-03 8.741732e-02 -3.713431e-03 9.961648e-01 -2.831746e+01
9.957451e-01 -2.214637e-03 9.212349e-02 2.265467e+01 2.570575e-03 9.999897e-01 -3.745146e-03 8.287305e-03 -9.211434e-02 3.966026e-03 9.957405e-01 -2.842964e+01
9.958260e-01 2.452974e-03 -9.123837e-02 2.266449e+01 -2.104448e-03 9.999901e-01 3.915896e-03 1.284823e-02 9.124698e-02 -3.707540e-03 9.958214e-01 -2.868443e+01
9.957700e-01 -2.253653e-03 9.185201e-02 2.285731e+01 2.602376e-03 9.999899e-01 -3.676902e-03 5.466797e-03 -9.184288e-02 3.900387e-03 9.957658e-01 -2.862100e+01
9.959068e-01 2.450624e-03 -9.035224e-02 2.293883e+01 -2.103303e-03 9.999900e-01 3.939011e-03 -2.033799e-03 9.036090e-02 -3.732845e-03 9.959021e-01 -2.838454e+01
9.959678e-01 -2.280868e-03 8.968200e-02 2.317950e+01 2.621216e-03 9.999898e-01 -3.677381e-03 -1.466151e-02 -8.967280e-02 3.897633e-03 9.959636e-01 -2.815822e+01
9.960952e-01 2.514386e-03 -8.824933e-02 2.316508e+01 -2.179375e-03 9.999901e-01 3.892256e-03 -1.270459e-02 8.825815e-02 -3.684725e-03 9.960908e-01 -2.824908e+01
9.959077e-01 -2.300647e-03 9.034617e-02 2.297976e+01 2.646867e-03 9.999896e-01 -3.712444e-03 -1.685363e-03 -9.033678e-02 3.936390e-03 9.959035e-01 -2.855068e+01
9.961862e-01 2.509442e-03 -8.721591e-02 2.292356e+01 -2.175273e-03 9.999899e-01 3.926259e-03 -2.885764e-04 8.722479e-02 -3.721562e-03 9.961817e-01 -2.855060e+01
9.956462e-01 -2.334851e-03 9.318288e-02 2.290760e+01 2.694790e-03 9.999894e-01 -3.736996e-03 -1.555827e-03 -9.317326e-02 3.971839e-03 9.956420e-01 -2.845606e+01
9.962141e-01 2.524679e-03 -8.689633e-02 2.295221e+01 -2.192197e-03 9.999899e-01 3.921322e-03 -5.674685e-03 8.690526e-02 -3.715978e-03 9.962096e-01 -2.829827e+01
9.957907e-01 -2.343295e-03 9.162590e-02 2.296392e+01 2.695367e-03 9.999895e-01 -3.718856e-03 -7.369731e-03 -9.161632e-02 3.950172e-03 9.957865e-01 -2.822311e+01
9.962946e-01 2.563827e-03 -8.596780e-02 2.292847e+01 -2.238475e-03 9.999900e-01 3.880688e-03 -4.135834e-03 8.597679e-02 -3.673867e-03 9.962903e-01 -2.832222e+01
9.960367e-01 -2.338603e-03 8.891167e-02 2.272154e+01 2.683335e-03 9.999893e-01 -3.757832e-03 1.070252e-02 -8.890202e-02 3.981523e-03 9.960324e-01 -2.877552e+01
9.965600e-01 2.576136e-03 -8.283420e-02 2.251572e+01 -2.268698e-03 9.999902e-01 3.805318e-03 2.759415e-02 8.284309e-02 -3.604297e-03 9.965560e-01 -2.931193e+01
9.958328e-01 -2.297809e-03 9.116791e-02 2.228686e+01 2.656345e-03 9.999892e-01 -3.811477e-03 4.814133e-02 -9.115826e-02 4.037772e-03 9.958282e-01 -2.998795e+01
9.963111e-01 2.576444e-03 -8.577490e-02 2.199410e+01 -2.258227e-03 9.999902e-01 3.806658e-03 7.195732e-02 8.578378e-02 -3.598912e-03 9.963072e-01 -3.074762e+01
9.955024e-01 -2.350301e-03 9.470643e-02 2.187880e+01 2.714146e-03 9.999894e-01 -3.713112e-03 8.258285e-02 -9.469680e-02 3.953464e-03 9.954983e-01 -3.108441e+01
9.968018e-01 2.572544e-03 -7.987139e-02 2.185156e+01 -2.278776e-03 9.999903e-01 3.768857e-03 8.540607e-02 7.988021e-02 -3.574789e-03 9.967980e-01 -3.112765e+01
9.961480e-01 -2.301652e-03 8.765679e-02 2.175673e+01 2.640866e-03 9.999895e-01 -3.753937e-03 9.981163e-02 -8.764732e-02 3.970972e-03 9.961436e-01 -3.168049e+01
9.963243e-01 2.613412e-03 -8.562043e-02 2.186773e+01 -2.304306e-03 9.999905e-01 3.708747e-03 1.153690e-01 8.562921e-02 -3.497814e-03 9.963209e-01 -3.257175e+01
9.960071e-01 -2.248734e-03 8.924510e-02 2.187816e+01 2.599232e-03 9.999894e-01 -3.811262e-03 1.366320e-01 -8.923567e-02 4.028018e-03 9.960024e-01 -3.359237e+01
9.967070e-01 2.552993e-03 -8.104677e-02 2.187206e+01 -2.252372e-03 9.999902e-01 3.800359e-03 1.489753e-01 8.105559e-02 -3.605292e-03 9.967030e-01 -3.416210e+01
9.957219e-01 -2.244949e-03 9.237256e-02 2.207453e+01 2.603324e-03 9.999895e-01 -3.759278e-03 1.513783e-01 -9.236325e-02 3.983676e-03 9.957174e-01 -3.452103e+01
9.974146e-01 2.563104e-03 -7.181482e-02 2.215093e+01 -2.310078e-03 9.999908e-01 3.606062e-03 1.595055e-01 7.182331e-02 -3.430836e-03 9.974114e-01 -3.494206e+01
9.944217e-01 -2.306421e-03 1.054517e-01 2.224249e+01 2.717127e-03 9.999893e-01 -3.751166e-03 1.626158e-01 -1.054421e-01 4.016771e-03 9.944173e-01 -3.508273e+01
9.972375e-01 2.700761e-03 -7.422897e-02 2.236333e+01 -2.444192e-03 9.999907e-01 3.546990e-03 1.673013e-01 7.423776e-02 -3.355756e-03 9.972349e-01 -3.534520e+01
9.950233e-01 -2.381174e-03 9.961376e-02 2.240128e+01 2.763848e-03 9.999893e-01 -3.703687e-03 1.800437e-01 -9.960398e-02 3.960577e-03 9.950192e-01 -3.591094e+01
9.971996e-01 2.725054e-03 -7.473596e-02 2.236084e+01 -2.468627e-03 9.999907e-01 3.523187e-03 1.928061e-01 7.474477e-02 -3.328820e-03 9.971971e-01 -3.637751e+01
9.954534e-01 -2.482546e-03 9.521684e-02 2.232585e+01 2.835376e-03 9.999896e-01 -3.570351e-03 2.029296e-01 -9.520709e-02 3.824099e-03 9.954501e-01 -3.672751e+01
9.970940e-01 2.753005e-03 -7.613055e-02 2.221657e+01 -2.495178e-03 9.999908e-01 3.481467e-03 2.170266e-01 7.613933e-02 -3.281385e-03 9.970917e-01 -3.717124e+01
9.956617e-01 -2.511643e-03 9.301306e-02 2.205507e+01 2.852769e-03 9.999897e-01 -3.534656e-03 2.347743e-01 -9.300333e-02 3.784671e-03 9.956586e-01 -3.774485e+01
9.962794e-01 2.779186e-03 -8.613620e-02 2.186617e+01 -2.482396e-03 9.999906e-01 3.552444e-03 2.540246e-01 8.614517e-02 -3.325397e-03 9.962770e-01 -3.839953e+01
9.951479e-01 -2.515954e-03 9.835737e-02 2.184937e+01 2.874720e-03 9.999897e-01 -3.505969e-03 2.631630e-01 -9.834764e-02 3.771713e-03 9.951449e-01 -3.876641e+01
9.972741e-01 2.805332e-03 -7.373153e-02 2.184743e+01 -2.561128e-03 9.999909e-01 3.406342e-03 2.703758e-01 7.374032e-02 -3.208216e-03 9.972723e-01 -3.900202e+01
9.950383e-01 -2.570640e-03 9.945931e-02 2.179172e+01 2.928944e-03 9.999897e-01 -3.456606e-03 2.805023e-01 -9.944950e-02 3.730772e-03 9.950356e-01 -3.930637e+01
9.971574e-01 2.865317e-03 -7.529175e-02 2.172883e+01 -2.619979e-03 9.999909e-01 3.356991e-03 2.912627e-01 7.530059e-02 -3.150180e-03 9.971558e-01 -3.963304e+01
9.952219e-01 -2.629989e-03 9.760325e-02 2.158321e+01 2.977863e-03 9.999897e-01 -3.418598e-03 3.073021e-01 -9.759335e-02 3.692919e-03 9.952195e-01 -4.011957e+01
9.972480e-01 2.902966e-03 -7.408000e-02 2.142515e+01 -2.666967e-03 9.999910e-01 3.284389e-03 3.235027e-01 7.408877e-02 -3.077776e-03 9.972468e-01 -4.059718e+01
9.962798e-01 -2.771863e-03 8.613276e-02 2.123619e+01 3.058347e-03 9.999902e-01 -3.194237e-03 3.370444e-01 -8.612316e-02 3.445783e-03 9.962785e-01 -4.095301e+01
9.966050e-01 2.966275e-03 -8.227769e-02 2.093306e+01 -2.704267e-03 9.999909e-01 3.295633e-03 3.578348e-01 8.228662e-02 -3.061938e-03 9.966039e-01 -4.156102e+01
9.946025e-01 -2.748035e-03 1.037219e-01 2.075470e+01 3.106303e-03 9.999898e-01 -3.292694e-03 3.738358e-01 -1.037119e-01 3.597119e-03 9.946008e-01 -4.200417e+01
9.967222e-01 3.025875e-03 -8.084355e-02 2.056846e+01 -2.776579e-03 9.999910e-01 3.195864e-03 3.908205e-01 8.085239e-02 -2.960915e-03 9.967216e-01 -4.248473e+01
9.950088e-01 -2.814027e-03 9.974747e-02 2.041963e+01 3.147722e-03 9.999900e-01 -3.188112e-03 4.061155e-01 -9.973760e-02 3.486183e-03 9.950076e-01 -4.294488e+01
9.966332e-01 3.028024e-03 -8.193312e-02 2.033951e+01 -2.772907e-03 9.999909e-01 3.227268e-03 4.151450e-01 8.194205e-02 -2.989204e-03 9.966326e-01 -4.319036e+01
9.949224e-01 -2.832792e-03 1.006048e-01 2.024738e+01 3.167203e-03 9.999900e-01 -3.164389e-03 4.255153e-01 -1.005949e-01 3.466964e-03 9.949214e-01 -4.347536e+01
9.952525e-01 3.098673e-03 -9.727734e-02 2.002636e+01 -2.787878e-03 9.999906e-01 3.330645e-03 4.439007e-01 9.728665e-02 -3.043629e-03 9.952517e-01 -4.404995e+01
9.944447e-01 -2.888075e-03 1.052200e-01 1.993577e+01 3.234441e-03 9.999899e-01 -3.121285e-03 4.524328e-01 -1.052101e-01 3.444279e-03 9.944440e-01 -4.429813e+01
9.948484e-01 3.154153e-03 -1.013242e-01 1.986521e+01 -2.825287e-03 9.999903e-01 3.388975e-03 4.603356e-01 1.013338e-01 -3.085240e-03 9.948476e-01 -4.455984e+01
9.948728e-01 -2.880829e-03 1.010928e-01 1.968594e+01 3.217510e-03 9.999898e-01 -3.167466e-03 4.760287e-01 -1.010828e-01 3.476499e-03 9.948719e-01 -4.507895e+01
9.948271e-01 3.187252e-03 -1.015323e-01 1.953496e+01 -2.858077e-03 9.999902e-01 3.387334e-03 4.926354e-01 1.015420e-01 -3.079618e-03 9.948264e-01 -4.566072e+01
9.951300e-01 -2.841944e-03 9.852972e-02 1.948523e+01 3.171169e-03 9.999899e-01 -3.184870e-03 5.114866e-01 -9.851978e-02 3.481820e-03 9.951289e-01 -4.649620e+01
9.950476e-01 3.100424e-03 -9.935084e-02 1.954498e+01 -2.775659e-03 9.999903e-01 3.406875e-03 5.203076e-01 9.936034e-02 -3.114233e-03 9.950466e-01 -4.700345e+01
9.950972e-01 -2.914730e-03 9.885879e-02 1.964645e+01 3.233794e-03 9.999901e-01 -3.067335e-03 5.111166e-01 -9.884897e-02 3.371991e-03 9.950967e-01 -4.672306e+01
9.948897e-01 3.158398e-03 -1.009179e-01 1.975898e+01 -2.829558e-03 9.999902e-01 3.401420e-03 5.146197e-01 1.009276e-01 -3.098479e-03 9.948889e-01 -4.705279e+01
9.951394e-01 -2.863994e-03 9.843448e-02 1.986933e+01 3.187104e-03 9.999900e-01 -3.125339e-03 5.219350e-01 -9.842465e-02 3.423875e-03 9.951386e-01 -4.755096e+01
9.950214e-01 3.153421e-03 -9.961123e-02 1.991684e+01 -2.831258e-03 9.999903e-01 3.375349e-03 5.299617e-01 9.962081e-02 -3.076514e-03 9.950207e-01 -4.799053e+01
9.948969e-01 -2.913705e-03 1.008542e-01 1.983505e+01 3.244650e-03 9.999899e-01 -3.117484e-03 5.374656e-01 -1.008442e-01 3.428818e-03 9.948963e-01 -4.824669e+01
9.950819e-01 3.121848e-03 -9.900557e-02 1.981765e+01 -2.798017e-03 9.999903e-01 3.409469e-03 5.366926e-01 9.901515e-02 -3.115676e-03 9.950810e-01 -4.818996e+01
9.947887e-01 -2.860381e-03 1.019177e-01 1.976919e+01 3.197556e-03 9.999899e-01 -3.145035e-03 5.432646e-01 -1.019078e-01 3.454539e-03 9.947878e-01 -4.843514e+01
9.947267e-01 3.200535e-03 -1.025109e-01 1.972052e+01 -2.884094e-03 9.999906e-01 3.234918e-03 5.644096e-01 1.025202e-01 -2.922202e-03 9.947266e-01 -4.937244e+01
9.950077e-01 -2.787184e-03 9.975918e-02 1.981869e+01 3.116404e-03 9.999902e-01 -3.144416e-03 5.854727e-01 -9.974954e-02 3.439614e-03 9.950066e-01 -5.050228e+01
9.949351e-01 3.076194e-03 -1.004721e-01 1.966026e+01 -2.760218e-03 9.999908e-01 3.283727e-03 6.058762e-01 1.004812e-01 -2.989765e-03 9.949344e-01 -5.126720e+01
9.948274e-01 -2.815632e-03 1.015401e-01 1.955035e+01 3.145910e-03 9.999903e-01 -3.092646e-03 6.191268e-01 -1.015305e-01 3.396091e-03 9.948266e-01 -5.175583e+01
9.949864e-01 3.065234e-03 -9.996325e-02 1.940328e+01 -2.749167e-03 9.999908e-01 3.299383e-03 6.328242e-01 9.997234e-02 -3.008019e-03 9.949856e-01 -5.222100e+01
9.949369e-01 -2.819813e-03 1.004619e-01 1.920330e+01 3.145570e-03 9.999903e-01 -3.084283e-03 6.484337e-01 -1.004523e-01 3.384683e-03 9.949361e-01 -5.271731e+01
9.949516e-01 3.070178e-03 -1.003089e-01 1.880288e+01 -2.757279e-03 9.999909e-01 3.257796e-03 6.756495e-01 1.003179e-01 -2.964764e-03 9.949509e-01 -5.352044e+01
9.948795e-01 -2.826620e-03 1.010286e-01 1.855168e+01 3.150493e-03 9.999904e-01 -3.046294e-03 6.938975e-01 -1.010191e-01 3.348991e-03 9.948788e-01 -5.407844e+01
