9.998263e-01 3.826955e-04 -1.863203e-02 2.477973e-02 -3.615123e-04 9.999993e-01 1.140280e-03 -5.001376e-03 1.863245e-02 -1.133346e-03 9.998257e-01 3.001109e-01
9.999344e-01 -1.317264e-04 1.145041e-02 4.375627e-02 1.360731e-04 9.999999e-01 -3.788284e-04 -1.106622e-02 -1.145037e-02 3.803624e-04 9.999343e-01 6.582257e-01
9.999385e-01 1.275111e-04 -1.109352e-02 8.005846e-02 -1.197220e-04 9.999997e-01 7.027879e-04 -2.190341e-02 1.109361e-02 -7.014158e-04 9.999381e-01 1.161454e+00
9.997220e-01 -3.146242e-04 2.357664e-02 1.141315e-01 3.328640e-04 9.999996e-01 -7.697163e-04 -3.549925e-02 -2.357639e-02 7.773509e-04 9.997216e-01 1.810740e+00
9.999852e-01 1.053717e-04 -5.437712e-03 1.706639e-01 -1.020737e-04 9.999998e-01 6.067775e-04 -5.046817e-02 5.437776e-03 -6.062128e-04 9.999849e-01 2.521131e+00
9.995203e-01 -2.867633e-04 3.096974e-02 2.482371e-01 3.136868e-04 9.999996e-01 -8.644926e-04 -6.270191e-02 -3.096947e-02 8.737933e-04 9.995198e-01 3.109444e+00
9.999573e-01 1.393803e-04 -9.242028e-03 2.869645e-01 -1.330332e-04 9.999998e-01 6.873821e-04 -7.133611e-02 9.242127e-03 -6.861226e-04 9.999570e-01 3.561099e+00
9.994587e-01 -2.962626e-04 3.289839e-02 2.815909e-01 3.248404e-04 9.999996e-01 -8.633287e-04 -7.668045e-02 -3.289811e-02 8.735487e-04 9.994582e-01 3.925648e+00
9.998908e-01 1.437810e-04 -1.478057e-02 2.918021e-01 -1.326662e-04 9.999997e-01 7.529629e-04 -8.751693e-02 1.478069e-02 -7.509192e-04 9.998904e-01 4.505635e+00
9.988094e-01 -2.468273e-04 4.878307e-02 2.976097e-01 2.979222e-04 9.999994e-01 -1.040121e-03 -9.149656e-02 -4.878277e-02 1.053417e-03 9.988088e-01 4.838233e+00
9.994515e-01 1.702230e-04 -3.311538e-02 3.447011e-01 -1.378175e-04 9.999995e-01 9.808450e-04 -9.597612e-02 3.311554e-02 -9.757426e-04 9.994510e-01 5.057624e+00
9.996952e-01 -7.641684e-05 2.468902e-02 4.323115e-01 8.636721e-05 9.999999e-01 -4.019632e-04 -1.046764e-01 -2.468897e-02 4.039736e-04 9.996950e-01 5.378011e+00
9.999967e-01 -3.940951e-05 -2.583359e-03 4.997652e-01 3.999790e-05 1.000000e+00 2.277186e-04 -1.120677e-01 2.583366e-03 -2.278205e-04 9.999965e-01 5.726292e+00
9.994997e-01 -8.031660e-05 3.162681e-02 5.650552e-01 9.626921e-05 9.999999e-01 -5.028800e-04 -1.196493e-01 -3.162674e-02 5.056737e-04 9.994995e-01 6.120500e+00
9.999982e-01 -4.115318e-05 -1.891892e-03 6.437214e-01 4.155920e-05 1.000000e+00 2.145936e-04 -1.280421e-01 1.891904e-03 -2.146713e-04 9.999981e-01 6.540039e+00
9.999471e-01 -1.108219e-04 1.028572e-02 7.262111e-01 1.127719e-04 1.000000e+00 -1.889993e-04 -1.416621e-01 -1.028568e-02 1.901498e-04 9.999470e-01 7.101115e+00
9.999991e-01 -3.327055e-05 1.361211e-03 9.251661e-01 3.308072e-05 1.000000e+00 1.394490e-04 -1.527973e-01 -1.361192e-03 -1.394033e-04 9.999990e-01 7.381376e+00
9.997909e-01 -5.798725e-05 2.045084e-02 1.104516e+00 6.493736e-05 9.999999e-01 -3.391833e-04 -1.585407e-01 -2.045079e-02 3.404409e-04 9.997907e-01 7.476729e+00
9.996224e-01 1.008696e-04 -2.747902e-02 1.378880e+00 -7.624370e-05 9.999996e-01 8.972199e-04 -1.666055e-01 2.747913e-02 -8.947854e-04 9.996219e-01 7.498210e+00
9.998707e-01 7.687092e-05 1.607850e-02 1.719874e+00 -7.563127e-05 1.000000e+00 -7.771139e-05 -1.757925e-01 -1.607848e-02 7.648596e-05 9.998706e-01 7.523604e+00
9.999521e-01 -9.729338e-05 -9.788966e-03 2.116275e+00 1.005370e-04 9.999999e-01 3.308723e-04 -1.867361e-01 9.788958e-03 -3.318399e-04 9.999519e-01 7.536098e+00
9.999999e-01 2.023555e-04 -4.647337e-04 2.564769e+00 -2.021655e-04 9.999999e-01 4.090137e-04 -1.996360e-01 4.648398e-04 -4.089189e-04 9.999997e-01 7.554905e+00
9.999870e-01 -2.414528e-04 -5.085677e-03 3.031638e+00 2.418268e-04 1.000000e+00 7.294068e-05 -2.145546e-01 5.085683e-03 -7.416879e-05 9.999870e-01 7.605915e+00
9.999950e-01 1.924026e-04 -3.147846e-03 3.536131e+00 -1.909747e-04 9.999999e-01 4.539109e-04 -2.315468e-01 3.147955e-03 -4.533066e-04 9.999948e-01 7.687245e+00
9.999931e-01 -3.100754e-04 -3.705144e-03 4.101075e+00 3.098453e-04 1.000000e+00 -6.264954e-05 -2.517283e-01 3.705184e-03 6.150197e-05 9.999930e-01 7.811650e+00
9.999125e-01 4.639988e-04 -1.322138e-02 4.533301e+00 -4.507196e-04 9.999994e-01 1.007341e-03 -2.648097e-01 1.322186e-02 -1.001292e-03 9.999120e-01 7.851643e+00
9.999950e-01 -4.481219e-04 3.114595e-03 4.943825e+00 4.493759e-04 9.999998e-01 -4.019686e-04 -2.772219e-01 -3.114395e-03 4.033673e-04 9.999950e-01 7.868529e+00
9.994368e-01 9.087495e-04 -3.354357e-02 5.452529e+00 -8.395124e-04 9.999975e-01 2.078121e-03 -2.904576e-01 3.354539e-02 -2.048790e-03 9.994350e-01 7.875063e+00
9.998508e-01 -7.228920e-04 1.726054e-02 6.000780e+00 7.434556e-04 9.999990e-01 -1.184979e-03 -3.071533e-01 -1.725965e-02 1.197636e-03 9.998502e-01 7.908439e+00
9.997320e-01 6.451705e-04 -2.314016e-02 6.472808e+00 -6.090157e-04 9.999986e-01 1.569442e-03 -3.236790e-01 2.314115e-02 -1.554927e-03 9.997309e-01 8.000146e+00
9.998545e-01 -7.317534e-04 1.704006e-02 6.998272e+00 7.519830e-04 9.999990e-01 -1.180806e-03 -3.426314e-01 -1.703917e-02 1.193449e-03 9.998540e-01 8.126074e+00
9.995840e-01 7.835822e-04 -2.883187e-02 7.467334e+00 -7.295815e-04 9.999980e-01 1.883425e-03 -3.592094e-01 2.883330e-02 -1.861605e-03 9.995824e-01 8.244433e+00
9.998264e-01 -7.063221e-04 1.861785e-02 7.884159e+00 7.311080e-04 9.999989e-01 -1.324524e-03 -3.693139e-01 -1.861688e-02 1.337907e-03 9.998257e-01 8.142662e+00
9.997447e-01 6.362655e-04 -2.258756e-02 8.330302e+00 -6.010406e-04 9.999986e-01 1.566241e-03 -3.820084e-01 2.258854e-02 -1.552264e-03 9.997435e-01 8.094626e+00
9.997713e-01 -6.833829e-04 2.137294e-02 8.539824e+00 7.156797e-04 9.999986e-01 -1.503498e-03 -3.849392e-01 -2.137187e-02 1.518452e-03 9.997703e-01 7.920303e+00
9.997720e-01 6.411351e-04 -2.134160e-02 8.620409e+00 -6.093980e-04 9.999987e-01 1.493575e-03 -3.821687e-01 2.134254e-02 -1.480227e-03 9.997710e-01 7.655748e+00
9.998034e-01 -6.882574e-04 1.981693e-02 8.617079e+00 7.176550e-04 9.999987e-01 -1.476386e-03 -3.752069e-01 -1.981588e-02 1.490319e-03 9.998024e-01 7.304351e+00
9.998079e-01 6.417535e-04 -1.958785e-02 8.511083e+00 -6.143331e-04 9.999988e-01 1.405857e-03 -3.637723e-01 1.958874e-02 -1.393552e-03 9.998071e-01 6.881730e+00
9.997789e-01 -7.024386e-04 2.101469e-02 8.271209e+00 7.347392e-04 9.999986e-01 -1.529370e-03 -3.455012e-01 -2.101357e-02 1.544474e-03 9.997779e-01 6.300888e+00
9.997806e-01 6.664245e-04 -2.093567e-02 7.889573e+00 -6.377922e-04 9.999989e-01 1.374281e-03 -3.180082e-01 2.093657e-02 -1.360625e-03 9.997798e-01 5.460035e+00
9.997867e-01 -7.352186e-04 2.063896e-02 7.625549e+00 7.651436e-04 9.999987e-01 -1.442069e-03 -3.003126e-01 -2.063786e-02 1.457555e-03 9.997859e-01 4.925105e+00
9.997821e-01 6.482918e-04 -2.086612e-02 7.505352e+00 -6.184633e-04 9.999988e-01 1.435938e-03 -2.954229e-01 2.086703e-02 -1.422719e-03 9.997811e-01 4.809599e+00
9.997669e-01 -7.374767e-04 2.157978e-02 7.476024e+00 7.698399e-04 9.999986e-01 -1.491435e-03 -2.951573e-01 -2.157864e-02 1.507702e-03 9.997659e-01 4.804430e+00
9.996496e-01 5.879969e-04 -2.646270e-02 7.623395e+00 -5.426978e-04 9.999984e-01 1.718961e-03 -3.388520e-01 2.646368e-02 -1.703996e-03 9.996482e-01 6.561381e+00
9.997009e-01 -6.806990e-04 2.444720e-02 7.756375e+00 7.203657e-04 9.999984e-01 -1.613778e-03 -3.753102e-01 -2.444605e-02 1.630907e-03 9.996997e-01 7.999681e+00
9.997073e-01 6.111167e-04 -2.418460e-02 7.570299e+00 -5.732075e-04 9.999986e-01 1.574398e-03 -3.637374e-01 2.418554e-02 -1.560073e-03 9.997062e-01 7.658009e+00
9.996978e-01 -6.685279e-04 2.457319e-02 7.344425e+00 7.090012e-04 9.999984e-01 -1.638376e-03 -3.484134e-01 -2.457205e-02 1.655304e-03 9.996966e-01 7.190117e+00
9.996982e-01 6.310438e-04 -2.455647e-02 7.127303e+00 -5.934425e-04 9.999986e-01 1.538477e-03 -3.302522e-01 2.455741e-02 -1.523439e-03 9.996972e-01 6.593900e+00
9.996767e-01 -6.858846e-04 2.541587e-02 6.910660e+00 7.275250e-04 9.999984e-01 -1.629153e-03 -3.134887e-01 -2.541470e-02 1.647118e-03 9.996755e-01 6.058771e+00
9.996402e-01 6.155821e-04 -2.681770e-02 6.797283e+00 -5.700893e-04 9.999984e-01 1.703987e-03 -3.058811e-01 2.681871e-02 -1.688084e-03 9.996388e-01 5.826582e+00
9.996875e-01 -6.723810e-04 2.498997e-02 6.663289e+00 7.134800e-04 9.999984e-01 -1.635742e-03 -2.961178e-01 -2.498882e-02 1.653062e-03 9.996863e-01 5.519978e+00
9.996575e-01 6.319638e-04 -2.616093e-02 6.519990e+00 -5.897991e-04 9.999985e-01 1.619428e-03 -2.822501e-01 2.616192e-02 -1.603442e-03 9.996563e-01 5.031652e+00
9.996426e-01 -6.617567e-04 2.672335e-02 6.300093e+00 7.080000e-04 9.999983e-01 -1.721025e-03 -2.636653e-01 -2.672215e-02 1.739331e-03 9.996413e-01 4.418962e+00
9.996431e-01 6.154597e-04 -2.670768e-02 6.141265e+00 -5.712128e-04 9.999985e-01 1.664310e-03 -2.493408e-01 2.670867e-02 -1.648459e-03 9.996418e-01 3.927490e+00
9.997483e-01 -7.550099e-04 2.242067e-02 6.340900e+00 7.866038e-04 9.999987e-01 -1.400359e-03 -2.860848e-01 -2.241958e-02 1.417644e-03 9.997475e-01 5.308739e+00
9.995946e-01 6.061859e-04 -2.846454e-02 6.581796e+00 -5.563593e-04 9.999983e-01 1.758370e-03 -3.519813e-01 2.846556e-02 -1.741819e-03 9.995932e-01 7.938685e+00
9.996934e-01 -7.207738e-04 2.475150e-02 6.779392e+00 7.593275e-04 9.999985e-01 -1.548271e-03 -3.937244e-01 -2.475034e-02 1.566592e-03 9.996923e-01 9.522907e+00
9.996747e-01 6.314655e-04 -2.549575e-02 6.850361e+00 -5.900377e-04 9.999985e-01 1.632384e-03 -4.040860e-01 2.549675e-02 -1.616808e-03 9.996735e-01 9.885941e+00
9.996908e-01 -6.767432e-04 2.485499e-02 6.740776e+00 7.176393e-04 9.999984e-01 -1.636503e-03 -3.945813e-01 -2.485384e-02 1.653836e-03 9.996896e-01 9.559121e+00
9.996205e-01 6.421364e-04 -2.753814e-02 6.732729e+00 -5.942665e-04 9.999983e-01 1.746464e-03 -3.903167e-01 2.753923e-02 -1.729434e-03 9.996191e-01 9.341553e+00
9.996340e-01 -7.005433e-04 2.704287e-02 6.689200e+00 7.476902e-04 9.999982e-01 -1.733339e-03 -3.879188e-01 -2.704160e-02 1.752925e-03 9.996327e-01 9.252386e+00
9.996401e-01 6.605390e-04 -2.681849e-02 6.616046e+00 -6.148698e-04 9.999983e-01 1.711112e-03 -3.801981e-01 2.681958e-02 -1.694005e-03 9.996388e-01 8.958146e+00
9.996379e-01 -7.267142e-04 2.689939e-02 6.537550e+00 7.729796e-04 9.999982e-01 -1.709588e-03 -3.745539e-01 -2.689809e-02 1.729763e-03 9.996366e-01 8.766070e+00
9.996204e-01 6.349311e-04 -2.754204e-02 6.507284e+00 -5.860951e-04 9.999982e-01 1.781180e-03 -3.764381e-01 2.754313e-02 -1.764360e-03 9.996190e-01 8.859576e+00
9.996727e-01 -6.913492e-04 2.557509e-02 6.662063e+00 7.339043e-04 9.999984e-01 -1.654579e-03 -3.886965e-01 -2.557390e-02 1.672808e-03 9.996714e-01 9.191090e+00
9.996486e-01 6.864859e-04 -2.649945e-02 6.646696e+00 -6.438407e-04 9.999985e-01 1.617785e-03 -3.790441e-01 2.650053e-02 -1.600154e-03 9.996474e-01 8.728844e+00
9.997930e-01 -6.650607e-04 2.033321e-02 6.545348e+00 6.952276e-04 9.999987e-01 -1.476592e-03 -3.642492e-01 -2.033219e-02 1.490424e-03 9.997921e-01 8.137345e+00
9.930556e-01 2.963866e-03 -1.176088e-01 6.648060e+00 -2.197308e-03 9.999755e-01 6.646987e-03 -3.519560e-01 1.176256e-01 -6.342402e-03 9.930377e-01 7.804552e+00
9.968909e-01 -1.760855e-03 7.877425e-02 6.784375e+00 2.118232e-03 9.999878e-01 -4.453391e-03 -3.451736e-01 -7.876546e-02 4.606409e-03 9.968824e-01 7.430428e+00
9.842652e-01 4.788481e-03 -1.766328e-01 7.037170e+00 -3.081997e-03 9.999459e-01 9.934278e-03 -3.427569e-01 1.766708e-01 -9.233579e-03 9.842266e-01 7.371130e+00
9.925913e-01 -2.376089e-03 1.214781e-01 7.295994e+00 3.205009e-03 9.999729e-01 -6.628675e-03 -3.451605e-01 -1.214590e-01 6.968906e-03 9.925719e-01 7.331088e+00
9.923835e-01 3.157829e-03 -1.231460e-01 7.417416e+00 -2.314603e-03 9.999729e-01 6.989824e-03 -3.431033e-01 1.231647e-01 -6.651549e-03 9.923638e-01 7.040969e+00
9.928047e-01 -2.402297e-03 1.197206e-01 7.504689e+00 3.213119e-03 9.999732e-01 -6.580042e-03 -3.391072e-01 -1.197016e-01 6.917377e-03 9.927857e-01 6.704111e+00
9.924926e-01 3.148872e-03 -1.222641e-01 7.524380e+00 -2.313817e-03 9.999730e-01 6.971304e-03 -3.331924e-01 1.222827e-01 -6.636068e-03 9.924730e-01 6.370327e+00
9.925769e-01 -2.399235e-03 1.215951e-01 7.626804e+00 3.232756e-03 9.999726e-01 -6.658067e-03 -3.325793e-01 -1.215758e-01 7.001734e-03 9.925574e-01 6.182175e+00
9.925110e-01 3.073198e-03 -1.221167e-01 7.727991e+00 -2.226747e-03 9.999725e-01 7.067358e-03 -3.466708e-01 1.221350e-01 -6.742505e-03 9.924905e-01 6.680491e+00
9.925560e-01 -2.360037e-03 1.217658e-01 7.770465e+00 3.201857e-03 9.999723e-01 -6.718225e-03 -3.549137e-01 -1.217466e-01 7.058095e-03 9.925360e-01 6.984568e+00
9.925763e-01 3.088145e-03 -1.215839e-01 7.569051e+00 -2.256357e-03 9.999731e-01 6.978348e-03 -3.403957e-01 1.216022e-01 -6.652203e-03 9.925565e-01 6.525357e+00
9.923517e-01 -2.358484e-03 1.234201e-01 7.434307e+00 3.209375e-03 9.999724e-01 -6.695909e-03 -3.299859e-01 -1.234009e-01 7.040801e-03 9.923318e-01 6.193175e+00
9.925790e-01 3.092274e-03 -1.215623e-01 7.495984e+00 -2.252435e-03 9.999726e-01 7.045516e-03 -3.335786e-01 1.215807e-01 -6.719417e-03 9.925587e-01 6.279516e+00
9.925819e-01 -2.338568e-03 1.215556e-01 7.444965e+00 3.181019e-03 9.999722e-01 -6.736985e-03 -3.276321e-01 -1.215365e-01 7.073683e-03 9.925617e-01 6.041039e+00
9.925965e-01 3.092353e-03 -1.214192e-01 7.177762e+00 -2.264276e-03 9.999732e-01 6.957365e-03 -3.074574e-01 1.214374e-01 -6.630926e-03 9.925768e-01 5.406209e+00
9.924536e-01 -2.312595e-03 1.225987e-01 6.815321e+00 3.170318e-03 9.999718e-01 -6.801563e-03 -2.814378e-01 -1.225796e-01 7.138915e-03 9.924329e-01 4.611833e+00
9.925788e-01 3.067465e-03 -1.215643e-01 6.529304e+00 -2.233798e-03 9.999731e-01 6.993515e-03 -2.606968e-01 1.215824e-01 -6.670062e-03 9.925588e-01 3.968976e+00
9.925432e-01 -2.282576e-03 1.218722e-01 6.193482e+00 3.137097e-03 9.999718e-01 -6.820193e-03 -2.360988e-01 -1.218533e-01 7.151664e-03 9.925223e-01 3.208867e+00
9.924741e-01 3.033707e-03 -1.224172e-01 5.998358e+00 -2.183212e-03 9.999725e-01 7.081047e-03 -2.210447e-01 1.224353e-01 -6.760490e-03 9.924534e-01 2.723777e+00
9.926162e-01 -2.251159e-03 1.212767e-01 5.802249e+00 3.100850e-03 9.999719e-01 -6.817939e-03 -2.053064e-01 -1.212580e-01 7.143661e-03 9.925952e-01 2.210555e+00
9.925301e-01 3.034595e-03 -1.219619e-01 5.414282e+00 -2.201177e-03 9.999733e-01 6.967584e-03 -1.756870e-01 1.219797e-01 -6.647075e-03 9.925102e-01 1.284291e+00
9.926501e-01 -2.233302e-03 1.209988e-01 5.147633e+00 3.076085e-03 9.999723e-01 -6.778870e-03 -1.535644e-01 -1.209803e-01 7.101252e-03 9.926294e-01 5.612021e-01
9.925139e-01 3.004566e-03 -1.220946e-01 4.817610e+00 -2.169937e-03 9.999734e-01 6.968305e-03 -1.281089e-01 1.221123e-01 -6.651199e-03 9.924939e-01 -2.417028e-01
9.926057e-01 -2.229924e-03 1.213625e-01 4.475647e+00 3.072833e-03 9.999724e-01 -6.758670e-03 -1.041303e-01 -1.213441e-01 7.081624e-03 9.925851e-01 -9.677753e-01
9.925325e-01 3.005873e-03 -1.219433e-01 4.029225e+00 -2.179192e-03 9.999737e-01 6.912021e-03 -7.236175e-02 1.219609e-01 -6.594665e-03 9.925129e-01 -1.929758e+00
9.926009e-01 -2.202429e-03 1.214030e-01 3.589446e+00 3.047920e-03 9.999724e-01 -6.779068e-03 -4.061053e-02 -1.213847e-01 7.098938e-03 9.925801e-01 -2.897784e+00
9.925642e-01 2.959119e-03 -1.216861e-01 3.245992e+00 -2.125658e-03 9.999734e-01 6.978509e-03 -1.667498e-02 1.217035e-01 -6.667953e-03 9.925440e-01 -3.621469e+00
9.925775e-01 -2.151461e-03 1.215948e-01 2.855024e+00 3.006515e-03 9.999720e-01 -6.848958e-03 1.232895e-02 -1.215767e-01 7.163701e-03 9.925561e-01 -4.518468e+00
9.926587e-01 2.932920e-03 -1.209136e-01 2.473470e+00 -2.105567e-03 9.999735e-01 6.969711e-03 4.074912e-02 1.209308e-01 -6.663949e-03 9.926385e-01 -5.397543e+00
9.925564e-01 -2.194757e-03 1.217664e-01 2.227595e+00 3.039589e-03 9.999726e-01 -6.752812e-03 5.753669e-02 -1.217483e-01 7.072670e-03 9.925357e-01 -5.903994e+00
9.927075e-01 2.921222e-03 -1.205123e-01 2.008351e+00 -2.091450e-03 9.999732e-01 7.011280e-03 7.174259e-02 1.205296e-01 -6.708102e-03 9.926870e-01 -6.319821e+00
9.925859e-01 -2.191583e-03 1.215256e-01 1.799597e+00 3.037094e-03 9.999725e-01 -6.772677e-03 8.392003e-02 -1.215074e-01 7.091552e-03 9.925651e-01 -6.656502e+00
9.927478e-01 2.871378e-03 -1.201815e-01 1.813820e+00 -2.030605e-03 9.999726e-01 7.117747e-03 7.419829e-02 1.201986e-01 -6.822084e-03 9.927263e-01 -6.229502e+00
9.926138e-01 -2.201083e-03 1.212975e-01 1.845363e+00 3.046802e-03 9.999723e-01 -6.787232e-03 6.372089e-02 -1.212792e-01 7.106673e-03 9.925929e-01 -5.790010e+00
9.927737e-01 2.851826e-03 -1.199676e-01 1.905979e+00 -2.007895e-03 9.999724e-01 7.154945e-03 4.469763e-02 1.199847e-01 -6.862356e-03 9.927519e-01 -4.994106e+00
9.926276e-01 -2.212665e-03 1.211836e-01 1.962003e+00 3.060902e-03 9.999721e-01 -6.813896e-03 2.435512e-02 -1.211652e-01 7.134596e-03 9.926066e-01 -4.133580e+00
9.925976e-01 2.916459e-03 -1.214142e-01 2.017807e+00 -2.059927e-03 9.999721e-01 7.179550e-03 1.127153e-02 1.214317e-01 -6.876297e-03 9.925759e-01 -3.617719e+00
9.926830e-01 -2.199102e-03 1.207293e-01 2.086434e+00 3.049651e-03 9.999718e-01 -6.860767e-03 1.730742e-03 -1.207109e-01 7.178752e-03 9.926617e-01 -3.280071e+00
9.925939e-01 2.871708e-03 -1.214460e-01 2.157487e+00 -2.007835e-03 9.999718e-01 7.234996e-03 -1.498821e-02 1.214634e-01 -6.937566e-03 9.925716e-01 -2.621248e+00
9.924735e-01 -2.229034e-03 1.224391e-01 2.212817e+00 3.095976e-03 9.999715e-01 -6.890802e-03 -3.960291e-02 -1.224203e-01 7.218010e-03 9.924520e-01 -1.567656e+00
9.925052e-01 2.925165e-03 -1.221675e-01 2.251314e+00 -2.049634e-03 9.999713e-01 7.291697e-03 -5.850191e-02 1.221853e-01 -6.986646e-03 9.924826e-01 -7.587428e-01
9.925109e-01 -2.223602e-03 1.221362e-01 2.301848e+00 3.091804e-03 9.999713e-01 -6.919406e-03 -7.307727e-02 -1.221174e-01 7.245210e-03 9.924891e-01 -1.640837e-01
9.925052e-01 2.904800e-03 -1.221675e-01 2.376585e+00 -2.027520e-03 9.999713e-01 7.304661e-03 -9.017564e-02 1.221852e-01 -7.002214e-03 9.924825e-01 5.128611e-01
9.926760e-01 -2.207785e-03 1.207867e-01 2.517993e+00 3.066118e-03 9.999714e-01 -6.920787e-03 -1.066934e-01 -1.207680e-01 7.240448e-03 9.926543e-01 1.057132e+00
9.926372e-01 2.849475e-03 -1.210916e-01 2.844322e+00 -1.990641e-03 9.999720e-01 7.212812e-03 -1.301043e-01 1.211087e-01 -6.918653e-03 9.926150e-01 1.649484e+00
9.923750e-01 -2.103267e-03 1.232370e-01 3.046527e+00 2.989153e-03 9.999710e-01 -7.004012e-03 -1.455053e-01 -1.232187e-01 7.318984e-03 9.923525e-01 2.082439e+00
9.923946e-01 2.900341e-03 -1.230632e-01 3.051741e+00 -2.020399e-03 9.999715e-01 7.274518e-03 -1.442627e-01 1.230808e-01 -6.970553e-03 9.923721e-01 2.000630e+00
9.924564e-01 -2.054866e-03 1.225805e-01 2.930102e+00 2.944449e-03 9.999706e-01 -7.076415e-03 -1.294738e-01 -1.225624e-01 7.383969e-03 9.924332e-01 1.449208e+00
9.924177e-01 2.837448e-03 -1.228782e-01 2.893016e+00 -1.948928e-03 9.999711e-01 7.350492e-03 -1.260295e-01 1.228954e-01 -7.055275e-03 9.923944e-01 1.314258e+00
9.924746e-01 -2.000198e-03 1.224341e-01 2.796334e+00 2.898057e-03 9.999702e-01 -7.155759e-03 -1.126873e-01 -1.224161e-01 7.456733e-03 9.924508e-01 7.984567e-01
9.923795e-01 2.806594e-03 -1.231867e-01 2.797207e+00 -1.904215e-03 9.999705e-01 7.442422e-03 -1.115040e-01 1.232039e-01 -7.151131e-03 9.923555e-01 7.226277e-01
9.926149e-01 -2.028370e-03 1.212912e-01 2.839324e+00 2.906540e-03 9.999708e-01 -7.063694e-03 -1.169042e-01 -1.212733e-01 7.364068e-03 9.925917e-01 8.907336e-01
9.924240e-01 2.799744e-03 -1.228283e-01 2.901254e+00 -1.899519e-03 9.999705e-01 7.445622e-03 -1.250814e-01 1.228455e-01 -7.155896e-03 9.923999e-01 1.168510e+00
9.925958e-01 -2.069776e-03 1.214465e-01 2.970640e+00 2.952909e-03 9.999705e-01 -7.092261e-03 -1.381770e-01 -1.214282e-01 7.398371e-03 9.925725e-01 1.660351e+00
9.924762e-01 2.845478e-03 -1.224045e-01 2.978908e+00 -1.950724e-03 9.999705e-01 7.429034e-03 -1.432652e-01 1.224220e-01 -7.134359e-03 9.924524e-01 1.854984e+00
9.924827e-01 -2.059480e-03 1.223676e-01 2.870372e+00 2.958514e-03 9.999699e-01 -7.165749e-03 -1.348260e-01 -1.223491e-01 7.473911e-03 9.924589e-01 1.570528e+00
9.925123e-01 2.849720e-03 -1.221111e-01 2.704749e+00 -1.960441e-03 9.999707e-01 7.402057e-03 -1.216991e-01 1.221286e-01 -7.107239e-03 9.924887e-01 1.139758e+00
9.925288e-01 -2.054358e-03 1.219933e-01 2.550057e+00 2.952170e-03 9.999699e-01 -7.179217e-03 -1.090364e-01 -1.219749e-01 7.485727e-03 9.925049e-01 7.160592e-01
9.925326e-01 2.853476e-03 -1.219460e-01 2.522675e+00 -1.961603e-03 9.999705e-01 7.433098e-03 -1.023716e-01 1.219636e-01 -7.138380e-03 9.925088e-01 4.113531e-01
9.926811e-01 -2.055389e-03 1.207476e-01 2.486698e+00 2.935953e-03 9.999704e-01 -7.115137e-03 -9.713304e-02 -1.207294e-01 7.417574e-03 9.926576e-01 1.832441e-01
9.925762e-01 2.851900e-03 -1.215911e-01 2.250250e+00 -1.975078e-03 9.999712e-01 7.331145e-03 -7.859453e-02 1.216085e-01 -7.036566e-03 9.925531e-01 -4.140609e-01
9.926216e-01 -2.054473e-03 1.212355e-01 2.072965e+00 2.939647e-03 9.999703e-01 -7.122875e-03 -6.350918e-02 -1.212173e-01 7.426713e-03 9.925981e-01 -9.239919e-01
9.926719e-01 2.834170e-03 -1.208076e-01 1.823278e+00 -1.965194e-03 9.999713e-01 7.311597e-03 -4.498828e-02 1.208248e-01 -7.020604e-03 9.926489e-01 -1.507512e+00
9.926638e-01 -2.058495e-03 1.208899e-01 1.723181e+00 2.936678e-03 9.999706e-01 -7.086605e-03 -3.418252e-02 -1.208718e-01 7.389633e-03 9.926405e-01 -1.911267e+00
9.925594e-01 2.794704e-03 -1.217295e-01 1.919688e+00 -1.900473e-03 9.999704e-01 7.461535e-03 -4.395000e-02 1.217467e-01 -7.174670e-03 9.925352e-01 -1.748922e+00
9.926310e-01 -2.042522e-03 1.211594e-01 2.152248e+00 2.931932e-03 9.999700e-01 -7.163000e-03 -5.373978e-02 -1.211412e-01 7.465449e-03 9.926071e-01 -1.633381e+00
9.924306e-01 2.873057e-03 -1.227732e-01 2.236185e+00 -1.971344e-03 9.999702e-01 7.465382e-03 -4.843179e-02 1.227909e-01 -7.166842e-03 9.924066e-01 -2.023501e+00
9.924011e-01 -2.034656e-03 1.230283e-01 2.172489e+00 2.952628e-03 9.999691e-01 -7.279608e-03 -3.669584e-02 -1.230097e-01 7.587550e-03 9.923764e-01 -2.513417e+00
9.923358e-01 2.879106e-03 -1.235369e-01 2.291803e+00 -1.956343e-03 9.999693e-01 7.590188e-03 -3.800032e-02 1.235549e-01 -7.290332e-03 9.923109e-01 -2.636590e+00
9.923662e-01 -2.042488e-03 1.233095e-01 2.135628e+00 2.971710e-03 9.999686e-01 -7.352230e-03 -2.510302e-02 -1.232907e-01 7.662547e-03 9.923409e-01 -3.065253e+00
9.923772e-01 2.874318e-03 -1.232043e-01 1.965903e+00 -1.956838e-03 9.999695e-01 7.567174e-03 -1.096141e-02 1.232223e-01 -7.268397e-03 9.923524e-01 -3.540061e+00
9.924279e-01 -2.103054e-03 1.228107e-01 1.932149e+00 3.020057e-03 9.999689e-01 -7.281116e-03 -1.618648e-02 -1.227916e-01 7.596881e-03 9.924033e-01 -3.282406e+00
9.922132e-01 2.858381e-03 -1.245184e-01 2.086866e+00 -1.914522e-03 9.999685e-01 7.699081e-03 -3.644745e-02 1.245365e-01 -7.400733e-03 9.921873e-01 -2.591190e+00
9.922772e-01 -1.993484e-03 1.240238e-01 2.299789e+00 2.932267e-03 9.999684e-01 -7.387293e-03 -4.433023e-02 -1.240052e-01 7.693917e-03 9.922516e-01 -2.535581e+00
9.923021e-01 2.812259e-03 -1.238088e-01 2.271763e+00 -1.874824e-03 9.999687e-01 7.687487e-03 -4.476159e-02 1.238266e-01 -7.396187e-03 9.922762e-01 -2.506599e+00
9.924367e-01 -2.056142e-03 1.227400e-01 2.333579e+00 2.974208e-03 9.999690e-01 -7.296997e-03 -6.092298e-02 -1.227212e-01 7.606865e-03 9.924119e-01 -1.860900e+00
9.928641e-01 2.846657e-03 -1.192176e-01 2.509206e+00 -1.956955e-03 9.999694e-01 7.579243e-03 -6.935526e-02 1.192355e-01 -7.291852e-03 9.928391e-01 -1.700846e+00
9.929303e-01 -2.084887e-03 1.186802e-01 2.706868e+00 2.967099e-03 9.999693e-01 -7.257313e-03 -7.410875e-02 -1.186614e-01 7.558145e-03 9.929059e-01 -1.766016e+00
9.927732e-01 2.875904e-03 -1.199716e-01 2.794092e+00 -1.975614e-03 9.999690e-01 7.622453e-03 -7.515638e-02 1.199898e-01 -7.330346e-03 9.927480e-01 -1.862885e+00
9.922890e-01 -2.240249e-03 1.239257e-01 3.149405e+00 3.184395e-03 9.999674e-01 -7.421088e-03 -1.054152e-01 -1.239051e-01 7.758495e-03 9.922636e-01 -9.651080e-01
9.930653e-01 2.937405e-03 -1.175270e-01 3.491731e+00 -2.056377e-03 9.999689e-01 7.616948e-03 -1.406425e-01 1.175457e-01 -7.322444e-03 9.930404e-01 1.894392e-01
9.930179e-01 -2.205791e-03 1.179431e-01 3.512222e+00 3.082644e-03 9.999689e-01 -7.252621e-03 -1.475065e-01 -1.179235e-01 7.565561e-03 9.929938e-01 4.642197e-01
9.932957e-01 2.958518e-03 -1.155633e-01 3.408693e+00 -2.099941e-03 9.999693e-01 7.550532e-03 -1.408898e-01 1.155821e-01 -7.257232e-03 9.932713e-01 2.716933e-01
9.925814e-01 -2.208940e-03 1.215617e-01 3.521604e+00 3.117079e-03 9.999686e-01 -7.280937e-03 -1.433216e-01 -1.215418e-01 7.605843e-03 9.925571e-01 2.440171e-01
9.928456e-01 2.979259e-03 -1.193684e-01 3.575150e+00 -2.084618e-03 9.999688e-01 7.618950e-03 -1.479927e-01 1.193874e-01 -7.315600e-03 9.928207e-01 3.874348e-01
9.927833e-01 -2.288294e-03 1.199002e-01 3.631452e+00 3.178164e-03 9.999688e-01 -7.231050e-03 -1.655842e-01 -1.198799e-01 7.559931e-03 9.927595e-01 1.117929e+00
9.930725e-01 3.037321e-03 -1.174639e-01 3.712535e+00 -2.162239e-03 9.999690e-01 7.576516e-03 -1.756234e-01 1.174832e-01 -7.270042e-03 9.930482e-01 1.480085e+00
9.931019e-01 -2.274158e-03 1.172320e-01 3.654264e+00 3.145575e-03 9.999688e-01 -7.248779e-03 -1.698336e-01 -1.172119e-01 7.567542e-03 9.930780e-01 1.262086e+00
9.931922e-01 2.999295e-03 -1.164484e-01 3.589118e+00 -2.125519e-03 9.999687e-01 7.627004e-03 -1.717501e-01 1.164676e-01 -7.327565e-03 9.931674e-01 1.414958e+00
9.929914e-01 -2.215253e-03 1.181662e-01 3.505018e+00 3.104595e-03 9.999682e-01 -7.342650e-03 -1.649350e-01 -1.181462e-01 7.658049e-03 9.929666e-01 1.187368e+00
9.930027e-01 3.005969e-03 -1.180537e-01 3.410787e+00 -2.125883e-03 9.999690e-01 7.580184e-03 -1.536047e-01 1.180728e-01 -7.276172e-03 9.929782e-01 7.563745e-01
9.930550e-01 -2.208371e-03 1.176306e-01 3.326301e+00 3.090089e-03 9.999685e-01 -7.313800e-03 -1.446317e-01 -1.176107e-01 7.626497e-03 9.930304e-01 4.212083e-01
9.929306e-01 3.002982e-03 -1.186584e-01 3.062656e+00 -2.120234e-03 9.999691e-01 7.564952e-03 -1.254032e-01 1.186774e-01 -7.259886e-03 9.929062e-01 -1.712869e-01
9.930228e-01 -2.227565e-03 1.179015e-01 2.863437e+00 3.108440e-03 9.999686e-01 -7.287911e-03 -1.119716e-01 -1.178816e-01 7.603554e-03 9.929984e-01 -5.770383e-01
9.932444e-01 3.003672e-03 -1.160025e-01 2.828010e+00 -2.140258e-03 9.999691e-01 7.566906e-03 -1.069536e-01 1.160216e-01 -7.267509e-03 9.932200e-01 -7.851221e-01
9.929501e-01 -2.211817e-03 1.185128e-01 2.834591e+00 3.101459e-03 9.999684e-01 -7.322808e-03 -1.024179e-01 -1.184928e-01 7.638748e-03 9.929254e-01 -1.021723e+00
9.929975e-01 3.026039e-03 -1.180969e-01 2.784163e+00 -2.149070e-03 9.999692e-01 7.552477e-03 -9.333266e-02 1.181161e-01 -7.245789e-03 9.929733e-01 -1.404324e+00
9.929786e-01 -2.293574e-03 1.182714e-01 2.918219e+00 3.172567e-03 9.999687e-01 -7.244252e-03 -1.037261e-01 -1.182512e-01 7.568615e-03 9.929548e-01 -1.116336e+00
9.929656e-01 3.065295e-03 -1.183639e-01 2.986245e+00 -2.180895e-03 9.999687e-01 7.600675e-03 -1.093713e-01 1.183834e-01 -7.289066e-03 9.929411e-01 -9.604201e-01
9.930035e-01 -2.321108e-03 1.180619e-01 3.053600e+00 3.200807e-03 9.999685e-01 -7.262100e-03 -1.167607e-01 -1.180414e-01 7.589187e-03 9.929796e-01 -7.210089e-01
9.928662e-01 3.090167e-03 -1.191939e-01 3.170166e+00 -2.192467e-03 9.999682e-01 7.661826e-03 -1.263911e-01 1.192137e-01 -7.345837e-03 9.928413e-01 -4.528354e-01
9.930395e-01 -2.272833e-03 1.177596e-01 3.308785e+00 3.156195e-03 9.999683e-01 -7.315452e-03 -1.295498e-01 -1.177392e-01 7.636208e-03 9.930151e-01 -5.107602e-01
9.927991e-01 3.076859e-03 -1.197518e-01 3.534335e+00 -2.169230e-03 9.999679e-01 7.708864e-03 -1.343179e-01 1.197717e-01 -7.393581e-03 9.927738e-01 -6.123322e-01
9.942615e-01 -2.166833e-03 1.069549e-01 3.741214e+00 2.902049e-03 9.999732e-01 -6.718909e-03 -1.393689e-01 -1.069375e-01 6.990744e-03 9.942411e-01 -6.461948e-01
9.907126e-01 3.531876e-03 -1.359269e-01 4.074893e+00 -2.381865e-03 9.999600e-01 8.622208e-03 -1.463452e-01 1.359519e-01 -8.218367e-03 9.906812e-01 -6.867039e-01
9.960899e-01 -1.751229e-03 8.832799e-02 4.349195e+00 2.280294e-03 9.999801e-01 -5.889212e-03 -1.497622e-01 -8.831595e-02 6.067601e-03 9.960739e-01 -7.248373e-01
9.924329e-01 3.040296e-03 -1.227506e-01 4.641994e+00 -2.080315e-03 9.999663e-01 7.947987e-03 -1.541929e-01 1.227705e-01 -7.632480e-03 9.924056e-01 -7.981233e-01
9.945020e-01 -1.971106e-03 1.046990e-01 4.904096e+00 2.688512e-03 9.999739e-01 -6.711382e-03 -1.653912e-01 -1.046830e-01 6.955971e-03 9.944812e-01 -6.066786e-01
9.943242e-01 2.550648e-03 -1.063617e-01 5.010010e+00 -1.807495e-03 9.999733e-01 7.082846e-03 -1.807738e-01 1.063769e-01 -6.850394e-03 9.943022e-01 -6.699884e-02
9.944523e-01 -2.002989e-03 1.051698e-01 5.073380e+00 2.730308e-03 9.999733e-01 -6.772137e-03 -2.021238e-01 -1.051535e-01 7.021717e-03 9.944311e-01 8.109823e-01
9.943154e-01 2.566973e-03 -1.064438e-01 5.109824e+00 -1.818728e-03 9.999730e-01 7.125957e-03 -2.207705e-01 1.064592e-01 -6.891853e-03 9.942931e-01 1.601349e+00
9.944632e-01 -1.989226e-03 1.050669e-01 5.157210e+00 2.716916e-03 9.999733e-01 -6.783285e-03 -2.345539e-01 -1.050507e-01 7.031189e-03 9.944419e-01 2.156085e+00
9.942393e-01 2.600668e-03 -1.071518e-01 5.190228e+00 -1.842469e-03 9.999726e-01 7.174325e-03 -2.476824e-01 1.071675e-01 -6.935568e-03 9.942167e-01 2.692710e+00
9.945228e-01 -1.987258e-03 1.045012e-01 5.226436e+00 2.709921e-03 9.999734e-01 -6.773818e-03 -2.631645e-01 -1.044850e-01 7.019910e-03 9.945016e-01 3.334304e+00
9.941966e-01 2.604803e-03 -1.075465e-01 5.275590e+00 -1.840804e-03 9.999724e-01 7.202552e-03 -2.771022e-01 1.075623e-01 -6.962777e-03 9.941739e-01 3.879723e+00
9.947894e-01 -1.950745e-03 1.019326e-01 5.357309e+00 2.641693e-03 9.999744e-01 -6.643922e-03 -2.887836e-01 -1.019170e-01 6.878581e-03 9.947690e-01 4.278970e+00
9.924284e-01 3.031230e-03 -1.227872e-01 5.436719e+00 -2.057312e-03 9.999654e-01 8.057762e-03 -2.947001e-01 1.228073e-01 -7.744136e-03 9.924002e-01 4.474296e+00
9.953293e-01 -1.782391e-03 9.652137e-02 5.486106e+00 2.412148e-03 9.999766e-01 -6.408225e-03 -2.976856e-01 -9.650772e-02 6.611122e-03 9.953102e-01 4.611320e+00
9.918031e-01 3.140505e-03 -1.277372e-01 5.454918e+00 -2.100440e-03 9.999635e-01 8.276113e-03 -2.945491e-01 1.277585e-01 -7.939966e-03 9.917734e-01 4.588406e+00
9.958423e-01 -1.613710e-03 9.107988e-02 5.410621e+00 2.179883e-03 9.999789e-01 -6.117075e-03 -2.948907e-01 -9.106813e-02 6.290189e-03 9.958247e-01 4.758046e+00
9.929699e-01 2.774259e-03 -1.183342e-01 5.393093e+00 -1.878087e-03 9.999687e-01 7.684064e-03 -2.891971e-01 1.183517e-01 -7.407799e-03 9.929440e-01 4.589185e+00
9.939975e-01 -1.845882e-03 1.093870e-01 5.258631e+00 2.642237e-03 9.999711e-01 -7.135650e-03 -2.755654e-01 -1.093707e-01 7.381849e-03 9.939735e-01 4.106065e+00
9.934892e-01 2.588195e-03 -1.138965e-01 5.135039e+00 -1.740493e-03 9.999700e-01 7.541543e-03 -2.663292e-01 1.139126e-01 -7.294202e-03 9.934639e-01 3.803049e+00
9.940725e-01 -1.821634e-03 1.087034e-01 4.869663e+00 2.603318e-03 9.999718e-01 -7.049474e-03 -2.584673e-01 -1.086876e-01 7.290683e-03 9.940491e-01 3.714483e+00
9.937005e-01 2.539320e-03 -1.120400e-01 4.614652e+00 -1.711931e-03 9.999706e-01 7.480351e-03 -2.515706e-01 1.120556e-01 -7.241419e-03 9.936755e-01 3.659645e+00
9.941401e-01 -1.780573e-03 1.080848e-01 4.486156e+00 2.563882e-03 9.999714e-01 -7.108624e-03 -2.454160e-01 -1.080691e-01 7.344089e-03 9.941162e-01 3.501797e+00
9.928383e-01 2.704247e-03 -1.194357e-01 4.486330e+00 -1.774334e-03 9.999673e-01 7.891538e-03 -2.401977e-01 1.194531e-01 -7.623098e-03 9.928105e-01 3.248160e+00
9.934710e-01 -1.810173e-03 1.140705e-01 4.410083e+00 2.675184e-03 9.999688e-01 -7.430491e-03 -2.351733e-01 -1.140536e-01 7.687142e-03 9.934448e-01 3.076397e+00
9.932565e-01 2.600421e-03 -1.159082e-01 4.183125e+00 -1.720892e-03 9.999690e-01 7.687570e-03 -2.217803e-01 1.159246e-01 -7.436259e-03 9.932301e-01 2.693526e+00
9.933427e-01 -1.807598e-03 1.151824e-01 3.936023e+00 2.687990e-03 9.999683e-01 -7.488583e-03 -2.069729e-01 -1.151652e-01 7.748343e-03 9.933160e-01 2.267888e+00
9.931625e-01 2.584281e-03 -1.167114e-01 3.925043e+00 -1.688708e-03 9.999684e-01 7.771625e-03 -2.105447e-01 1.167277e-01 -7.521391e-03 9.931354e-01 2.413337e+00
9.934195e-01 -1.840146e-03 1.145173e-01 4.188839e+00 2.711635e-03 9.999685e-01 -7.454783e-03 -2.243003e-01 -1.145000e-01 7.716261e-03 9.933932e-01 2.649033e+00
9.930408e-01 2.662066e-03 -1.177404e-01 4.522225e+00 -1.754655e-03 9.999680e-01 7.809860e-03 -2.286550e-01 1.177573e-01 -7.548912e-03 9.930136e-01 2.381674e+00
9.935251e-01 -1.801515e-03 1.135983e-01 4.946107e+00 2.674053e-03 9.999681e-01 -7.528986e-03 -2.294601e-01 -1.135811e-01 7.784009e-03 9.934981e-01 1.829469e+00
9.928635e-01 2.573915e-03 -1.192283e-01 5.472337e+00 -1.634863e-03 9.999669e-01 7.973212e-03 -2.401311e-01 1.192448e-01 -7.721385e-03 9.928348e-01 1.572753e+00
9.942211e-01 -1.698394e-03 1.073381e-01 6.083375e+00 2.488905e-03 9.999708e-01 -7.231131e-03 -2.516235e-01 -1.073228e-01 7.456502e-03 9.941962e-01 1.261786e+00
9.937328e-01 2.498231e-03 -1.117539e-01 6.402080e+00 -1.669028e-03 9.999704e-01 7.512825e-03 -2.487608e-01 1.117693e-01 -7.279215e-03 9.937074e-01 6.808172e-01
9.937963e-01 -1.719447e-03 1.112019e-01 6.385813e+00 2.559236e-03 9.999693e-01 -7.409615e-03 -2.356915e-01 -1.111858e-01 7.648244e-03 9.937701e-01 6.360942e-02
9.935783e-01 2.514184e-03 -1.131189e-01 6.614422e+00 -1.661306e-03 9.999695e-01 7.633279e-03 -2.334890e-01 1.131346e-01 -7.396331e-03 9.935520e-01 -3.703343e-01
9.938334e-01 -1.830777e-03 1.108686e-01 6.991634e+00 2.663820e-03 9.999693e-01 -7.366108e-03 -2.446176e-01 -1.108518e-01 7.616022e-03 9.938077e-01 -4.039180e-01
9.934694e-01 2.750682e-03 -1.140653e-01 6.905985e+00 -1.901738e-03 9.999697e-01 7.550751e-03 -2.256938e-01 1.140825e-01 -7.284514e-03 9.934445e-01 -1.213230e+00
9.941030e-01 -2.010813e-03 1.084216e-01 7.835989e+00 2.831081e-03 9.999685e-01 -7.412127e-03 -2.392012e-01 -1.084033e-01 7.675372e-03 9.940773e-01 -1.937198e+00
9.934057e-01 2.432749e-03 -1.146263e-01 9.260318e+00 -1.552105e-03 9.999686e-01 7.771362e-03 -3.013556e-01 1.146415e-01 -7.542199e-03 9.933782e-01 -1.219069e+00
9.942779e-01 -1.813107e-03 1.068092e-01 1.002748e+01 2.612227e-03 9.999696e-01 -7.342304e-03 -3.313337e-01 -1.067928e-01 7.579305e-03 9.942523e-01 -9.565366e-01
9.901949e-01 3.319328e-03 -1.396535e-01 1.048981e+01 -2.030208e-03 9.999540e-01 9.372287e-03 -3.521831e-01 1.396782e-01 -8.996860e-03 9.901560e-01 -5.566869e-01
9.945047e-01 -1.627748e-03 1.046793e-01 1.079056e+01 2.404416e-03 9.999705e-01 -7.293707e-03 -3.581917e-01 -1.046644e-01 7.505323e-03 9.944792e-01 -5.699748e-01
9.939945e-01 2.300142e-03 -1.094062e-01 1.113791e+01 -1.466641e-03 9.999693e-01 7.698261e-03 -3.665567e-01 1.094204e-01 -7.491565e-03 9.939672e-01 -6.684938e-01
9.953812e-01 -1.561396e-03 9.598853e-02 1.163145e+01 2.225715e-03 9.999743e-01 -6.814106e-03 -3.864898e-01 -9.597549e-02 6.996281e-03 9.953590e-01 -4.313647e-01
9.939025e-01 2.268591e-03 -1.102389e-01 1.220716e+01 -1.419510e-03 9.999687e-01 7.780050e-03 -4.153948e-01 1.102531e-01 -7.576121e-03 9.938746e-01 8.054286e-02
9.945806e-01 -1.635354e-03 1.039550e-01 1.277522e+01 2.408010e-03 9.999704e-01 -7.307510e-03 -4.455738e-01 -1.039400e-01 7.518238e-03 9.945551e-01 6.189721e-01
9.942215e-01 2.138026e-03 -1.073271e-01 1.341509e+01 -1.329896e-03 9.999702e-01 7.600601e-03 -4.813402e-01 1.073400e-01 -7.413942e-03 9.941946e-01 1.288784e+00
9.947973e-01 -1.642375e-03 1.018607e-01 1.415533e+01 2.395338e-03 9.999707e-01 -7.270183e-03 -5.236797e-01 -1.018459e-01 7.476354e-03 9.947720e-01 2.107934e+00
9.942711e-01 2.226296e-03 -1.068649e-01 1.461215e+01 -1.411874e-03 9.999694e-01 7.696084e-03 -5.523732e-01 1.068787e-01 -7.501109e-03 9.942437e-01 2.732675e+00
9.965351e-01 -1.366071e-03 8.316177e-02 1.494377e+01 1.890874e-03 9.999788e-01 -6.232157e-03 -5.928938e-01 -8.315156e-02 6.367817e-03 9.965165e-01 4.123898e+00
9.943100e-01 2.203877e-03 -1.065024e-01 1.539732e+01 -1.394875e-03 9.999696e-01 7.669969e-03 -6.448009e-01 1.065160e-01 -7.477764e-03 9.942828e-01 5.840182e+00
9.948917e-01 -1.658540e-03 1.009339e-01 1.598650e+01 2.408825e-03 9.999704e-01 -7.311981e-03 -6.853198e-01 -1.009188e-01 7.517767e-03 9.948662e-01 6.787607e+00
9.939289e-01 2.160834e-03 -1.100032e-01 1.678476e+01 -1.303644e-03 9.999682e-01 7.863718e-03 -7.327170e-01 1.100167e-01 -7.672566e-03 9.939000e-01 7.766192e+00
9.953244e-01 -1.623665e-03 9.657475e-02 1.788741e+01 2.329182e-03 9.999714e-01 -7.193086e-03 -7.923736e-01 -9.656038e-02 7.384399e-03 9.952997e-01 8.856577e+00
9.943641e-01 2.147704e-03 -1.059974e-01 1.870525e+01 -1.331684e-03 9.999689e-01 7.768656e-03 -8.389831e-01 1.060107e-01 -7.583712e-03 9.943360e-01 9.761050e+00
9.952320e-01 -1.589086e-03 9.752300e-02 1.938736e+01 2.307701e-03 9.999710e-01 -7.256288e-03 -8.790293e-01 -9.750871e-02 7.446749e-03 9.952067e-01 1.057538e+01
9.942969e-01 2.174817e-03 -1.066248e-01 2.008035e+01 -1.343463e-03 9.999681e-01 7.868190e-03 -9.130768e-01 1.066384e-01 -7.680065e-03 9.942681e-01 1.111788e+01
9.953822e-01 -1.552535e-03 9.597839e-02 2.066296e+01 2.252179e-03 9.999717e-01 -7.181672e-03 -9.429422e-01 -9.596460e-02 7.364675e-03 9.953574e-01 1.164442e+01
9.943527e-01 2.174184e-03 -1.061032e-01 2.123436e+01 -1.347886e-03 9.999682e-01 7.858761e-03 -9.796403e-01 1.061168e-01 -7.671360e-03 9.943240e-01 1.247364e+01
9.955444e-01 -1.492596e-03 9.428160e-02 2.176358e+01 2.172380e-03 9.999724e-01 -7.107883e-03 -1.015566e+00 -9.426847e-02 7.281035e-03 9.955201e-01 1.333761e+01
9.947626e-01 2.081886e-03 -1.021913e-01 2.218027e+01 -1.305085e-03 9.999698e-01 7.667699e-03 -1.047408e+00 1.022041e-01 -7.494166e-03 9.947351e-01 1.416499e+01
9.955381e-01 -1.494848e-03 9.434789e-02 2.260812e+01 2.179000e-03 9.999721e-01 -7.148733e-03 -1.080503e+00 -9.433465e-02 7.322426e-03 9.955135e-01 1.503411e+01
9.944103e-01 2.037415e-03 -1.055646e-01 2.333441e+01 -1.219469e-03 9.999687e-01 7.812248e-03 -1.126443e+00 1.055771e-01 -7.639843e-03 9.943817e-01 1.605236e+01
9.954264e-01 -1.517222e-03 9.551914e-02 2.422134e+01 2.224138e-03 9.999709e-01 -7.294719e-03 -1.178833e+00 -9.550537e-02 7.473809e-03 9.954008e-01 1.711787e+01
9.944917e-01 2.063645e-03 -1.047948e-01 2.491950e+01 -1.246356e-03 9.999683e-01 7.863819e-03 -1.222638e+00 1.048076e-01 -7.689886e-03 9.944627e-01 1.807241e+01
9.950312e-01 -1.463858e-03 9.955278e-02 2.529036e+01 2.218292e-03 9.999697e-01 -7.467923e-03 -1.252850e+00 -9.953891e-02 7.651659e-03 9.950042e-01 1.889120e+01
9.938362e-01 2.120654e-03 -1.108377e-01 2.589232e+01 -1.221654e-03 9.999658e-01 8.178232e-03 -1.292872e+00 1.108511e-01 -7.992412e-03 9.938048e-01 1.983429e+01
9.960244e-01 -1.203624e-03 8.907199e-02 2.630504e+01 1.818518e-03 9.999751e-01 -6.822461e-03 -1.333069e+00 -8.906164e-02 6.957323e-03 9.960017e-01 2.108928e+01
9.934400e-01 2.271966e-03 -1.143321e-01 2.672301e+01 -1.324217e-03 9.999641e-01 8.364683e-03 -1.374462e+00 1.143469e-01 -8.158404e-03 9.934073e-01 2.240896e+01
9.945387e-01 -1.420658e-03 1.043584e-01 2.705375e+01 2.229678e-03 9.999684e-01 -7.636036e-03 -1.401914e+00 -1.043443e-01 7.827025e-03 9.945104e-01 2.317998e+01
9.939296e-01 2.098313e-03 -1.099974e-01 2.743037e+01 -1.213987e-03 9.999664e-01 8.105850e-03 -1.427504e+00 1.100106e-01 -7.923103e-03 9.938988e-01 2.378856e+01
9.956717e-01 -1.555638e-03 9.292631e-02 2.854782e+01 2.240975e-03 9.999711e-01 -7.271124e-03 -1.487419e+00 -9.291239e-02 7.447904e-03 9.956464e-01 2.490354e+01
9.933638e-01 2.041772e-03 -1.149964e-01 3.022430e+01 -1.093444e-03 9.999649e-01 8.309040e-03 -1.573595e+00 1.150092e-01 -8.128151e-03 9.933311e-01 2.636912e+01
9.956812e-01 -1.407065e-03 9.282741e-02 3.171332e+01 2.091981e-03 9.999713e-01 -7.281439e-03 -1.652092e+00 -9.281459e-02 7.444191e-03 9.956555e-01 2.776663e+01
9.927917e-01 2.143552e-03 -1.198335e-01 3.304958e+01 -1.108510e-03 9.999615e-01 8.703299e-03 -1.723857e+00 1.198475e-01 -8.507720e-03 9.927558e-01 2.911105e+01
9.950795e-01 -1.409715e-03 9.906982e-02 3.441346e+01 2.184171e-03 9.999679e-01 -7.709203e-03 -1.798505e+00 -9.905586e-02 7.887661e-03 9.950505e-01 3.051125e+01
9.924716e-01 2.105683e-03 -1.224570e-01 3.584316e+01 -1.023395e-03 9.999599e-01 8.900311e-03 -1.874401e+00 1.224707e-01 -8.707978e-03 9.924339e-01 3.188961e+01
9.953104e-01 -1.324884e-03 9.672368e-02 3.743408e+01 2.077148e-03 9.999684e-01 -7.677131e-03 -1.955872e+00 -9.671054e-02 7.842044e-03 9.952816e-01 3.329103e+01
