0.9999610169677536 8.988779026224302e-05 -0.008829295838322206 -0.01168653555214405 -8.864351883474357e-05 0.9999999860859771 0.00014131656621315942 -0.009889169596135616 0.008829308418105046 -0.00014052839741295997 0.9999610110222433 0.6216473579406738
0.9998978198236685 -0.0004810510746892577 0.014287004645425688 0.01484773214906454 0.00048246148970304347 0.9999998790769135 -9.527365726106778e-05 -0.009525378234684467 -0.01428695708630177 0.00010215685172659545 0.9998979310015559 0.602973997592926
0.9999680364252619 -0.00034378346480053125 0.00798798727687947 0.007375934161245823 0.0003442736711458906 0.9999999389382394 -5.9992974895193454e-05 -0.008956745266914368 -0.007987966164526128 6.274111101013458e-05 0.9999680937210484 0.5869663953781128
0.9999984307320362 -0.00010403944516632748 0.001768533081015968 5.335838068276644e-06 0.00010383496578913937 0.9999999879144793 0.00011571231937885055 -0.00927271693944931 -0.0017685450982878324 -0.00011552850222325049 0.9999984294494668 0.6203429102897644
0.9997798928412802 -0.0005620206461435227 0.02097260124714162 0.02205427549779415 0.0005642675344861119 0.9999998356786324 -0.00010121688510652689 -0.009222039952874184 -0.020972540914915933 0.00011302876454301659 0.9997800456860851 0.6260608434677124
0.9999935074407172 -0.00017993215886404952 0.003598986083629549 0.0026430985890328884 0.00017986092099703846 0.9999999836226671 2.011752093838945e-05 -0.010280855931341648 -0.0035989896444767293 -1.9470073372535e-05 0.9999935234262545 0.6739435195922852
0.9997849467772689 -0.0005801364089897924 0.020729776634601564 0.02221924625337124 0.000582768787702429 0.9999998228764526 -0.00012094462987931906 -0.009744180366396904 -0.020729702798486724 0.0001329992871455804 0.9997851077772043 0.6373902559280396
0.9993624573454997 -0.000927037445001623 0.035690607306966785 0.038730137050151825 0.0009349646188311567 0.9999995418220513 -0.00020541871674074736 -0.008409746922552586 -0.03569040052347522 0.0002386572086034031 0.9993628662068702 0.5697645545005798
0.9995661131284851 -0.0007842468445861103 0.02944436180492417 0.03185463696718216 0.0007902269758484336 0.9999996694414673 -0.00019146352802012652 -0.008800577372312546 -0.02944420191717144 0.00021464818349383702 0.9995664024463898 0.595724880695343
0.9998646237515283 -0.0004742510551996949 0.01644716559629023 0.017271945253014565 0.000475984270768001 0.9999998815717644 -0.00010146640515919903 -0.009862731210887432 -0.016447115527931714 0.00010928126114047342 0.9998647310753676 0.6494157314300537
0.9995611536420822 -0.0007580490172392222 0.029612927774827807 0.032059185206890106 0.0007647929366062524 0.9999996841291989 -0.00021640994995561163 -0.008991667069494724 -0.029612754371618703 0.00023896273723167586 0.9995614176604339 0.5961402654647827
0.9996995625547395 -0.0006933008739929589 0.024501101235680004 0.026534177362918854 0.0006980511001409492 0.9999997391894702 -0.00018532580373810175 -0.009718196466565132 -0.0245009663589931 0.000202373145599317 0.9996997857820045 0.645254373550415
0.9998076239188689 -0.0005712741556764141 0.01960583585426696 0.02127562090754509 0.0005753270418934623 0.9999998142830874 -0.00020107855538198968 -0.010605957359075546 -0.01960571734214971 0.00021231964022339002 0.9998077669071539 0.679935872554779
0.9998942865529635 -0.0004568325595219262 0.014532963316289352 0.015020391903817654 0.0004581745787823301 0.9999998910762964 -8.901376670927977e-05 -0.009777943603694439 -0.014532921068918285 9.566299110306716e-05 0.9998943869498401 0.6440955996513367
0.9999461562523847 -0.00037648474345989717 0.010370287137758703 0.010407892987132072 0.0003774770162101831 0.9999999243631681 -9.372705271281608e-05 -0.010243182070553303 -0.01037025106657764 9.763655114304906e-05 0.9999462227339629 0.6622855067253113
0.9999538792281263 -0.00035244015621470624 0.009597666516310692 0.009954516775906086 0.0003530005963818438 0.999999936087876 -5.6699410365506306e-05 -0.010573212057352066 -0.00959764591975439 6.008477734906719e-05 0.9999539397305351 0.667934000492096
0.999942777422375 -0.0004148642980150553 0.010689703851893028 0.011167673394083977 0.0004166344349451064 0.9999998998635918 -0.00016336631968224259 -0.010745740495622158 -0.010689635006610942 0.0001678106701643972 0.9999428501384491 0.6664828658103943
0.9999858905786961 -0.0002452851558473492 0.0053064563245331705 0.005139310844242573 0.0002455528419461809 0.9999999686121838 -4.979390635444443e-05 -0.011066512204706669 -0.005306443944269015 5.109621922239372e-05 0.9999859194217899 0.6953912377357483
0.9999927918639946 -6.2834497354368856e-06 -0.003796864571221545 -0.004835937172174454 6.374382430865772e-06 0.9999999996931862 2.3937316761335625e-05 -0.012031958438456059 0.0037968644196476873 -2.396134688471597e-05 0.999992791597236 0.743387758731842
0.999990069375255 7.27171009784746e-06 -0.0044565791807818006 -0.005682142451405525 -7.087291746336891e-06 0.9999999991180318 4.139693671942787e-05 -0.011888804845511913 0.004456579477877763 -4.136494054513887e-05 0.9999900685448325 0.737702488899231
0.9999845518672219 -0.0002117525082872188 0.0055543845551923165 0.006150100380182266 0.00021237646883174064 0.9999999712044212 -0.00011174700203071342 -0.012419264763593674 -0.005554360732542625 0.00011292489632655378 0.9999845680433378 0.7720562815666199
0.9999519984577561 -0.00030781452411942115 0.009793162439080233 0.010964260436594486 0.00030919985395609043 0.9999999424054021 -0.00013994514068329869 -0.012057246640324593 -0.009793118797900102 0.00014296646749664826 0.9999520360421289 0.7619644403457642
0.9999952346106789 -0.00014625984502036977 0.003083725667317514 0.0040879338048398495 0.0001470349661108161 0.9999999576563586 -0.0002511334302435101 -0.014991993084549904 -0.003083688806004753 0.00025158564899393246 0.9999952137725505 0.9097316265106201
0.9999971785755167 -0.00014682264770596494 0.00237092473859066 0.003273149486631155 0.00014744128567967192 0.999999955134158 -0.00026075419287367816 -0.015121296048164368 -0.0023708863475961272 0.00026110302936712185 0.9999971553575213 0.9149338603019714
0.9999981687591261 -0.00017428908216684532 0.0019058073643558897 0.0021285980474203825 0.00017456254098886375 0.9999999744934006 -0.00014332172631329945 -0.012988095171749592 -0.0019057823363330913 0.00014365414643285337 0.9999981736769186 0.809617817401886
0.9999917132704546 -4.4739498351586004e-05 -0.004070797071603495 -0.005089015234261751 4.480588357089868e-05 0.9999999988647293 1.6216474244173844e-05 -0.012063203379511833 0.004070796341465116 -1.6398735522268625e-05 0.999991714139786 0.7389206290245056
0.999941578708932 0.00012093191473684425 -0.010808540352909833 -0.01313769817352295 -0.00011919520574570113 0.9999999798836371 0.00016132336460882046 -0.01138294953852892 0.010808559644624688 -0.0001600256136984048 0.9999415730082489 0.705637514591217
0.9999190477173325 0.0001592661981358474 -0.012722918153503933 -0.015563986264169216 -0.00015716413340414664 0.9999999738354355 0.00016621842052329402 -0.011177852749824524 0.01272294429359022 -0.00016420537835676395 0.9999190465858202 0.6895460486412048
0.9999875216928776 -2.9935361582764646e-05 -0.00499555426465334 -0.006295343395322561 3.0185069054020924e-05 0.9999999982988995 4.991055054317881e-05 -0.011881082318723202 0.0049955527620650225 -5.006071889444215e-05 0.9999875208953991 0.728497326374054
0.999999976107855 -0.00015720928359034167 -0.00015188657351030942 -0.0004544260445982218 0.0001571908819538362 0.9999999803058649 -0.00012115814852285173 -0.012648940086364746 0.0001519056177047651 0.00012113427044367659 0.999999981125586 0.7931486368179321
0.9999786232761665 9.549787793245829e-06 -0.006538570142172624 -0.008044521324336529 -9.086408254105564e-06 0.9999999974454314 7.089833745065948e-05 -0.01213379018008709 0.006538570802533477 -7.083740975876965e-05 0.9999786208084258 0.7361329793930054
0.9999977324801459 -0.00012950119206382228 -0.0021256208523107775 -0.0024553320836275816 0.00012918596470521212 0.999999980638931 -0.00014843558893650849 -0.01380164735019207 0.0021256400337421972 0.0001481606519754602 0.9999977298488573 0.8538932800292969
0.999996883942851 -0.00015311927275024265 -0.0024917180972417433 -0.002840329660102725 0.0001528239734520417 0.9999999812772996 -0.00011870228817502584 -0.013756553642451763 0.0024917362261980915 0.00011832112403156935 0.9999968886205047 0.8520541191101074
0.99997336711971 6.952224364125601e-06 -0.007298287671537316 -0.009002395905554295 -6.368744012457882e-06 0.9999999967820548 7.997080596985887e-05 -0.012503393925726414 0.007298288204026811 -7.992219519104747e-05 0.9999733639461272 0.7613019943237305
0.9998935872871274 0.0001779703395115966 -0.014587063742822752 -0.017576102167367935 -0.0001753769073614128 0.9999999685886408 0.00017906886117957115 -0.012153695337474346 0.01458709515356928 -0.00017649157184956206 0.999893587090999 0.7491546273231506
0.9999525624402585 2.43066557721077e-05 -0.009740240158588381 -0.011799962259829044 -2.30605357618716e-05 0.99999999153602 0.0001280475347364209 -0.01330203004181385 0.009740243188554534 -0.00012781684531733577 0.9999525545372048 0.823894739151001
0.9998600229474195 0.00024622190781577023 -0.016729431740439733 -0.020323336124420166 -0.0002411342212794567 0.9999999240686175 0.0003061324005127302 -0.012507828883826733 0.01672950584665455 -0.0003020555105064283 0.9998600063991936 0.7741343975067139
0.9997724374676586 0.00040042059403662845 -0.02132868827012994 -0.02571248635649681 -0.0003926149843259671 0.9999998544197936 0.00037015384056569015 -0.010955573990941048 0.021328833382315827 -0.00036169564480950466 0.999772449131706 0.6852968335151672
0.9998170353695257 0.00031558485171571634 -0.01912579909686428 -0.02308528684079647 -0.00031025541926516605 0.9999999122164164 0.0002816180640736033 -0.010407433845102787 0.019125886292328087 -0.0002756326551109962 0.999817045513914 0.6478238701820374
0.999522261313891 0.0006276969123636537 -0.030900730323930783 -0.03706517070531845 -0.0006119494973998261 0.9999996780433201 0.0005190674994838184 -0.009249793365597725 0.030901046192300972 -0.000499909834467596 0.9995223236298322 0.588135838508606
0.9999434420897514 6.278878819534124e-05 -0.010635256426984404 -0.013339467346668243 -6.113576319915694e-05 0.9999999860015826 0.0001557538212285796 -0.01178059820085764 0.01063526605770134 -0.00015509481759945528 0.9999434319307664 0.7309910655021667
0.999997624930182 -0.00011810211471334733 -0.0021762779891213936 -0.002236638916656375 0.0001177750356926083 0.9999999817513733 -0.00015042039257234807 -0.014561738818883896 0.002176295714373767 0.00015016372409556783 0.9999976205910792 0.8919245004653931
0.999998901556844 -0.0001148489888380467 -0.0014777329985356101 -0.0011765260715037584 0.00011455502891660906 0.9999999736362059 -0.00019900937859644726 -0.01522856391966343 0.0014777558156028627 0.0001988398782495791 0.9999988883496082 0.9225025177001953
0.999996042715443 -9.776085913234464e-05 -0.0028115825203317503 -0.0031283325515687466 9.740321660594362e-05 0.9999999871485779 -0.0001273399303384448 -0.014224033802747726 0.002811594933059908 0.0001270655692368716 0.9999960393862937 0.8693453669548035
0.9999189996841167 0.0001281827814360892 -0.012727043642955368 -0.015210090205073357 -0.00012635474783369505 0.9999999815861014 0.00014443778681899705 -0.01199506875127554 0.012727061923038139 -0.0001428179649224652 0.9999189974682128 0.7469363808631897
0.9997811491368955 0.0003313634524206685 -0.02091755312581648 -0.025084640830755234 -0.00032430644159499766 0.9999998893526109 0.000340763991990346 -0.009988628327846527 0.020917663728076685 -0.0003339057182754761 0.9997811459770236 0.6275447010993958
0.9998718927392675 0.0002008617702526568 -0.01600492938265098 -0.01956375688314438 -0.00019742791884188164 0.9999999571551624 0.0002161293356601662 -0.010761096142232418 0.01600497210904335 -0.00021294182802378283 0.9998718895556401 0.666400134563446
0.9998884147499387 0.00020981674716586004 -0.014937001900872401 -0.01798330992460251 -0.00020650681433819515 0.9999999537828774 0.0002231348879229368 -0.011177262291312218 0.01493704802796352 -0.00022002539668235788 0.9998884118665615 0.6876123547554016
0.9996129055821732 0.0005455028728527845 -0.02781620786844549 -0.03336035832762718 -0.000532752971028676 0.9999997496156585 0.00046577128705577224 -0.009529715403914452 0.02781645498327779 -0.00045077182220590344 0.9996129459130305 0.6053678393363953
0.999663651540753 0.0005055173236297613 -0.02592929309571404 -0.03122558258473873 -0.0004947663155143193 0.9999997889650405 0.0004210417646645787 -0.009804276749491692 0.025929500467632732 -0.00040807120710689785 0.9996636906897184 0.6190323829650879
0.9998528116015137 0.00028214014552533403 -0.01715446092087612 -0.02077506110072136 -0.0002779052410162516 0.999999930320975 0.00024925232549772826 -0.010936683043837547 0.017154530049657404 -0.0002444483238503993 0.99985282034097 0.6790650486946106
0.9999705159775301 1.9672775016199065e-05 -0.007678983566433816 -0.009357875213027 -1.9190237685647044e-05 0.9999999978368836 6.291237495394242e-05 -0.012484568171203136 0.007678984787484282 -6.276315852424161e-05 0.999970514192003 0.7636576294898987
0.9999674626845676 2.7777220347097158e-05 -0.008066771387241104 -0.009763726964592934 -2.7220802328219047e-05 0.9999999972430534 6.908633050032163e-05 -0.012487966567277908 0.008066773284027672 -6.886449862723504e-05 0.9999674606838289 0.7620659470558167
0.9999592769213305 5.298700480952979e-05 -0.009024505047238365 -0.011055934242904186 -5.197136218130493e-05 0.9999999922901375 0.00011277722692220812 -0.012440587393939495 0.009024510953388135 -0.00011230361846600699 0.9999592719655885 0.7551534175872803
0.9999040677157063 0.00018342593523013983 -0.013849971859545323 -0.017079882323741913 -0.00018118457066860566 0.9999999702875056 0.00016308629245902767 -0.011104444041848183 0.013850001362283832 -0.00016056124601331113 0.9999040712400118 0.7177627086639404
0.9999723512845351 9.851327145430037e-06 -0.00743616631270137 -0.008833709172904491 -1.0206807482122796e-05 0.9999999988071011 -4.776629897610279e-05 -0.012862090021371841 0.007436165833269336 4.784087781725236e-05 0.9999723501922195 0.802160918712616
0.9996725656065886 0.0004908775062483142 -0.02558360046620253 -0.030523257330060005 -0.0004800424214282224 0.9999997924771751 0.00042965670001759315 -0.01006647665053606 0.025583806065830942 -0.00041723480211999976 0.9996725937937407 0.6422919034957886
0.9993873337455083 0.0007264272610480948 -0.03499184837185765 -0.04191334545612335 -0.0007068044424292821 0.9999995859635997 0.0005731492909078658 -0.008920284919440746 0.03499225023522827 -0.0005480657478004997 0.9993874334047891 0.5572346448898315
0.9992099005555397 0.0008828029574664715 -0.03973405706351767 -0.04767020046710968 -0.000856162317137643 0.999999397175165 0.0006874848314822737 -0.008656073361635208 0.039734640024483715 -0.000652922847734064 0.9992100540296218 0.5483613014221191
0.9996010852148689 0.0005392513020926198 -0.028237911489509906 -0.03402547910809517 -0.0005278141657887153 0.9999997756362837 0.00041247980376806626 -0.009438933804631233 0.028238127584218415 -0.000397410889779324 0.9996011455651309 0.582870364189148
0.9997969074526548 0.0003211991607900555 -0.020150451091890634 -0.02423994056880474 -0.0003159224012435453 0.9999999149705442 0.00026505082670341787 -0.010014788247644901 0.020150534512611847 -0.00025863101796075604 0.999796923914478 0.6253928542137146
0.9999276321857183 7.988331790130452e-05 -0.012030129264406641 -0.014604157768189907 -7.916744393685888e-05 0.9999999950672803 5.998295857207382e-05 -0.010615348815917969 0.012030133996703133 -5.9026223152374726e-05 0.9999276335775137 0.6495843529701233
0.9998757614079622 0.00018644905091510556 -0.015761566724128984 -0.019009988754987717 -0.00018416716242495635 0.9999999723500842 0.00014622683418137838 -0.010353242978453636 0.01576159355217744 -0.0001433059041464271 0.9998757680992743 0.6422233581542969
0.9998645266113583 0.000244814477708933 -0.016458082820185172 -0.019891446456313133 -0.0002422959471742673 0.999999958630613 0.00015502079359629574 -0.010855424217879772 0.01645812009065899 -0.00015101206563848798 0.9998645445651314 0.6805415749549866
0.9999147508306079 0.00018873760423963575 -0.013055858818151286 -0.015697797760367393 -0.00018693813010959055 0.999999972859742 0.00013904909307487138 -0.011547138914465904 0.01305588470760461 -0.00013659660142074207 0.9999147589749187 0.717316210269928
0.9998087074196342 0.0003280946373938887 -0.0195560967933135 -0.023587122559547424 -0.0003227046221856178 0.999999909073601 0.00027877323544158697 -0.010198271833360195 0.019556186479151638 -0.0002724090653629308 0.9998087223882847 0.6484036445617676
0.999715627230886 0.0004363108573349555 -0.023842699159119206 -0.028644133359193802 -0.0004268704722568531 0.9999998284771964 0.000401032639605007 -0.009396398440003395 0.0238428700444474 -0.0003907408525928461 0.9997156420050803 0.5968534350395203
0.9996311729725819 0.0005050124014466411 -0.0271525870578558 -0.032743409276008606 -0.0004942754757554047 0.9999997969878042 0.00040213940935875797 -0.009350600652396679 0.02715278463093831 -0.00038857023158978476 0.9996312196505074 0.5869667530059814
0.9992961413914265 0.0008531546628411146 -0.03750325222333576 -0.04496120661497116 -0.0008278631633003996 0.9999994193362721 0.0006899055741853319 -0.008740706369280815 0.037503819042715054 -0.0006583724171881752 0.9992962674317218 0.5613987445831299
0.999576107045149 0.0005849211227867885 -0.029107801217969655 -0.035018689930438995 -0.000571001439323434 0.9999997186271996 0.0004865211997207326 -0.009334078058600426 0.029108077604352512 -0.00046969437042078426 0.9995761597824236 0.5939769148826599
0.9997547536905631 0.00038885846238280865 -0.02214229577569081 -0.026532944291830063 -0.00038156258846400713 0.9999998715193555 0.0003337233342699828 -0.009755349718034267 0.022142422701977 -0.0003251928181631718 0.9997547736152693 0.5869315266609192
0.9997650574767228 0.00036138992347440897 -0.021672545902320126 -0.026197079569101334 -0.0003551216910493586 0.9999998939985402 0.00029307250435568397 -0.00961568858474493 0.021672649518448547 -0.0002853072580118307 0.9997650798375681 0.5874636173248291
0.9999728095692576 -5.2019142721379987e-05 -0.007374104431983351 -0.009385689161717892 5.223879313978568e-05 0.9999999981976483 2.9594118023204462e-05 -0.010575737804174423 0.007374102879231972 -2.9978527662401532e-05 0.9999728104843723 0.6577407121658325
0.9999990043696985 -0.0002528932269456676 0.0013882739744346942 0.0013554771430790424 0.00025309053893715486 0.9999999578971597 -0.00014195371953225656 -0.01190586294978857 -0.001388238016850207 0.00014230493720721404 0.9999990262717828 0.7343679070472717
0.9999354936986827 -0.00046903104381178635 0.011348499964846756 0.012119773775339127 0.00047126389678772495 0.9999998701216807 -0.00019407978224423382 -0.01128627359867096 -0.011348407461479804 0.00019941540119144976 0.9999355848661385 0.7138420343399048
0.9998463311742574 -0.0005783762590677107 0.017520830981441925 0.018907815217971802 0.0005823918709078511 0.9999998053018508 -0.00022408919863228276 -0.0111659811809659 -0.017520697962296158 0.00023425875264340953 0.9998464733476589 0.7210136651992798
0.9999597486860659 -0.0003764330593777388 0.008964335215243415 0.00991393905133009 0.00037834634348253305 0.9999999060105239 -0.00021173801542642852 -0.012456502765417099 -0.008964254667501314 0.00021512111614353693 0.9999597971224449 0.7816929817199707
0.9999814874901242 -0.00028922211105769 0.006077913096538912 0.006737897172570229 0.0002904413237980953 0.9999999378787614 -0.000199715575080719 -0.012421060353517532 -0.0060778549568111856 0.0002014771549698515 0.9999815093720884 0.7779892086982727
0.999999822052136 -0.0001557960902623402 -0.0005758674102148361 0.00010856048902496696 0.0001556546056854972 0.9999999576951493 -0.00024572615467935834 -0.015654483810067177 0.0005759056690270257 0.00024563647453824987 0.999999803997672 0.9364032745361328
0.9999997047002386 -0.0001693872489248171 -0.0007496048260244546 -0.0005027322913520038 0.00016924269206432027 0.9999999670726093 -0.00019290332095405722 -0.014188607223331928 0.0007496374767047686 0.0001927763988510118 0.9999997004404118 0.8654571771621704
0.9999889627612717 -0.00010442905031438105 -0.004697174705046094 -0.005661060567945242 0.00010423246753355315 0.9999999936817573 -4.2096062434043326e-05 -0.012344649992883205 0.0046971790714200245 4.1605999699809566e-05 0.9999889673279961 0.7561171650886536
0.9999601159834627 7.262918732711511e-06 -0.00893120314346338 -0.01091596856713295 -6.4736265921895355e-06 0.9999999960714498 8.840357715938364e-05 -0.012046439573168755 0.008931203750444696 -8.834223399548049e-05 0.9999601121020867 0.7489315271377563
0.9999750854960043 -4.033027958355322e-05 -0.007058807316203004 -0.008632278069853783 4.065034801537309e-05 0.9999999981522697 4.519966458766079e-05 -0.012391957454383373 0.007058805480245122 -4.548548143441394e-05 0.99997508528776 0.7686980366706848
0.9999982346791307 -0.0001560811307732938 -0.0018725056214548646 -0.001820020959712565 0.00015581619430005453 0.9999999778307416 -0.00014163272760155874 -0.014361290261149406 0.0018725276861390823 0.00014134071087460842 0.9999982368298794 0.880286693572998
0.9999996814625459 -0.0001790774374797078 -0.0007778213661941045 -0.0005333826411515474 0.00017892156041125033 0.9999999639000068 -0.00020046710434875323 -0.014209127053618431 0.0007778572372501044 0.00020032787147991155 0.999999677403379 0.8623985052108765
0.999953482368299 6.0596394410121506e-05 -0.009645176389710118 -0.011710292659699917 -5.968412455414249e-05 0.9999999937186658 9.487082480455405e-05 -0.01143497135490179 0.009645182077955462 -9.42907477294765e-05 0.9999534797038998 0.7030169367790222
0.9999720207259155 -7.731420494654044e-06 -0.007480488323252748 -0.009214519523084164 7.92893925126518e-06 0.999999999620749 2.63748708711284e-05 -0.01116842683404684 0.007480488116500549 -2.6433445258872222e-05 0.9999720204079772 0.682671070098877
0.9999546545910957 9.011320978295958e-06 -0.009523060453393769 -0.011825635097920895 -7.989102747383473e-06 0.9999999942029203 0.00010737939266568202 -0.011538378894329071 0.009523061365817998 -0.00010729844279478198 0.9999546488662711 0.7166534066200256
0.99999933845511 -0.00016321559115834748 -0.0011386175884108252 -0.001454572775401175 0.00016309351319094257 0.9999999809427516 -0.00010730797757622695 -0.012661258690059185 0.0011386350810469032 0.00010712220544450784 0.9999993460172786 0.7878636717796326
0.9999570105373466 -0.00042418938284237147 0.009262674591097168 0.00979030691087246 0.0004258693015178797 0.9999998932267955 -0.0001793926860749539 -0.011258869431912899 -0.009262597505618928 0.00018332966283807352 0.9999570844179684 0.701680064201355
0.9999959229916628 -0.00027663750911465797 0.002842089326772218 0.0028149972204118967 0.0002770530936640892 0.9999999509872538 -0.00014583234823702665 -0.01169084943830967 -0.0028420488447760497 0.00014661916331777896 0.999995950622394 0.727674126625061
0.9999995721897359 -0.00022383752877521028 0.0008975060481963128 0.0006230449653230608 0.00022393050343654417 0.9999999695721551 -0.00010349308803694326 -0.011812643148005009 -0.0008974828552500661 0.00010369402274274786 0.9999995918859542 0.7359378337860107
0.999983321727861 -7.630594278057267e-05 -0.005774984287078378 -0.007229321636259556 7.635469825607147e-05 0.9999999970511787 8.222054591736693e-06 -0.01191926933825016 0.005774983642657356 -8.662864644746097e-06 0.9999833246054063 0.742630124092102
0.9999971963774715 -0.0001305247289203752 -0.0023643604826707244 -0.0028536065947264433 0.00013033868736359012 0.9999999883980645 -7.883969652344907e-05 -0.012659474276006222 0.002364370745769583 7.853130784493411e-05 0.9999972017879903 0.7753469944000244
0.999999616536698 -0.00019959120729167473 0.0008526956122030955 0.0009370634215883911 0.00019971454630074998 0.9999999696077757 -0.00014456330035299435 -0.012400863692164421 -0.0008526667327241317 0.00014473354063559765 0.9999996260057528 0.7641777396202087
0.9999769479976193 -0.0003067792557708527 0.006783019965706884 0.007483210414648056 0.0003078482849094119 0.9999999403591681 -0.00015656019311479318 -0.011931420303881168 -0.006782971531742402 0.00015864472515179792 0.9999769827996298 0.7416476011276245
0.9999243391522727 -0.00043107969614131886 0.012293499956738601 0.013539496809244156 0.0004333859114282061 0.9999998889882281 -0.00018493291612290414 -0.011714506894350052 -0.012293418871190096 0.00019024675362509138 0.9999244149727671 0.739301860332489
0.999923685574904 -0.0004433753081583864 0.012346110506396746 0.013536269776523113 0.0004458754039637584 0.9999998806477431 -0.00019974890041847304 -0.011694632470607758 -0.012346020469130319 0.00020523848370539497 0.9999237639219003 0.7364823818206787
0.999917754306431 -0.0005378675716232667 0.012813872219556181 0.013670000247657299 0.0005409754793715302 0.9999998250937173 -0.00023907753009280058 -0.010901721194386482 -0.012813741386278886 0.0002459898576621013 0.9999178703877011 0.6838585138320923
0.9999019353148815 -0.0004976493514387653 0.013995431350174396 0.015157205052673817 0.0005010889097762672 0.9999998451106252 -0.000242257362928868 -0.011461526155471802 -0.013995308623211241 0.0002492465614739622 0.999902029807267 0.718683123588562
0.9998645422769555 -0.0005445752196382441 0.01644994027723148 0.017804110422730446 0.0005476338674403301 0.9999998335896463 -0.00018143270662364835 -0.010820663534104824 -0.016449838736035043 0.00019041667457550602 0.999864674116977 0.6949449777603149
0.9999330684622036 -0.00039966297723730845 0.011562822547565908 0.012834210880100727 0.0004018749009924327 0.9999999013928177 -0.00018897332815153188 -0.012114755809307098 -0.011562745881745612 0.00019360748804257233 0.9999331304761407 0.7614402174949646
0.9999775319617473 -0.00017824547890049985 0.0067010297896639235 0.007938403636217117 0.00017965253885662507 0.9999999619434683 -0.00020937532639816762 -0.013777464628219604 -0.006700992214440647 0.00021057447915999192 0.9999775259283235 0.8586101531982422
0.9999804862795051 -0.00018184443610645202 0.0062445170193834295 0.007432414218783379 0.00018314875745679255 0.999999961533102 -0.00020830344887078368 -0.01392025500535965 -0.006244478900353032 0.00020944305962852217 0.9999804811179404 0.8647134304046631
0.9999931987774207 -0.00017530910614309929 0.0036839741610907315 0.0044290851801633835 0.00017609194438038568 0.9999999619866952 -0.0002121750117338735 -0.013892206363379955 -0.0036839368248390457 0.00021282228685746645 0.9999931916348956 0.8571133613586426
0.999994911497832 -0.00019191291910041717 0.003184359884542945 0.0037194429896771908 0.00019255281501750853 0.9999999613326463 -0.00020064425994711934 -0.013283004984259605 -0.003184321255186548 0.0002012563964281652 0.999994909784048 0.8275279998779297
0.9999970026641092 -0.00016059720572499307 0.002443127367848104 0.0033161831088364124 0.0001612058719534244 0.9999999560209771 -0.0002489391716525247 -0.01486686896532774 -0.0024430872814663867 0.00024933227197583807 0.9999969845744305 0.9031040668487549
0.9999980910426879 -0.00016256418690611512 0.0019471733011098879 0.0027309858705848455 0.0001630804340015178 0.9999999515976788 -0.00026497058582593903 -0.015130814164876938 -0.0019471301321343421 0.00026528762587542295 0.9999980691514977 0.9158569574356079
0.9999997984893425 -0.00018273856552371756 0.0006079703043633797 0.0010530089493840933 0.00018287023890482094 0.9999999598365952 -0.00021653009901881102 -0.014231080189347267 -0.0006079307115455349 0.00021664123506049437 0.9999997917433909 0.8680766224861145
0.9999999754880238 -0.00017470759615778765 0.00013601914445545134 0.0003312290064059198 0.0001747319723430217 0.9999999686744326 -0.00017922017610297976 -0.013721447438001633 -0.00013598782906842457 0.00017924393860332618 0.9999999746894601 0.8404626846313477
0.9999999737904804 -0.0001553525814163905 -0.00016818030229316834 0.000429173291195184 0.0001553085457952199 0.9999999536655073 -0.0002618171863738434 -0.015316196717321873 0.00016822096847638168 0.00026179105967356013 0.9999999515835724 0.9181584119796753
0.9999998918324716 -0.00011472590251367436 -0.0004507471709070944 0.0006240384536795318 0.00011457962752382086 0.999999940776173 -0.0003245291342533666 -0.017377309501171112 0.00045078437610994123 0.00032447745270690234 0.9999998457539024 1.0158302783966064
0.9999999676383823 -0.00016191197871159944 -0.00019623390508345965 0.0005833171890117228 0.00016185318031011108 0.9999999420177634 -0.0002996131136228456 -0.01616235449910164 0.00019628240465745358 0.0002995813428452582 0.9999999358621162 0.958053469657898
0.9999998853909359 -0.0001439557874514835 -0.00045661235908481626 0.00027643126668408513 0.00014383664238494065 0.9999999556068203 -0.00026095474312055867 -0.01582998037338257 0.00045664990475987677 0.0002608890356241776 0.9999998617038783 0.9432307481765747
0.9999998909550707 -0.00016420519376645555 -0.00043718016985361214 0.0003414136008359492 0.00016408336479943286 0.9999999477039269 -0.0002786912138205778 -0.016130028292536736 0.0004372259095355725 0.00027861944943742095 0.9999998656023441 0.9570178985595703
0.9999999629169584 -0.00017131402034738198 -0.00021170164967167403 0.0003588937106542289 0.00017126258361076165 0.9999999558192243 -0.0002429622955290968 -0.015175051987171173 0.00021174326316617082 0.00024292602994783845 0.999999948075866 0.9114031791687012
0.9999999790472461 -0.00019408200358948775 -6.509749051055443e-05 0.0003463241155259311 0.00019406702288544747 0.9999999547064261 -0.00023005463795655647 -0.01454405952244997 6.514213702712609e-05 0.00023004199986009758 0.9999999714185898 0.8810157179832458
0.9999999728558172 -0.00019736518056812354 -0.00012383598170721707 6.0071644838899374e-05 0.00019734222918332684 0.9999999633559336 -0.00018532181770645955 -0.013584796339273453 0.000123872553243378 0.00018529737460736703 0.9999999751602364 0.836376428604126
0.9999999370967488 -0.0001797404874726712 -0.0003057774609228404 0.00012266385601833463 0.0001796759019549789 0.999999961548858 -0.0002112317515775815 -0.01462928019464016 0.0003058154160633461 0.00021117679744932878 0.9999999309406434 0.8859413862228394
0.9999999715004838 -0.00021381714463962557 0.00010621327622124228 0.00034776184475049376 0.0002138359897773413 0.9999999613932463 -0.0001774476689719743 -0.013151757419109344 -0.00010617533076678994 0.00017747037613584984 0.999999978615532 0.8080540895462036
0.9999999104489916 -0.0001536548179765436 -0.0003943250004579412 0.00024045404279604554 0.0001535560705536979 0.999999956850302 -0.0002504394691510036 -0.015384005382657051 0.00039436346467398294 0.0002503788957263052 0.9999998908939273 0.9227253198623657
0.9999997589921868 -0.00017239756455128503 -0.0006725285480147738 -0.00014879251830279827 0.00017225831491815297 0.9999999637170277 -0.0002071062916911389 -0.015131708234548569 0.00067256422823373 0.00020699039314248907 0.9999997524061374 0.9110813140869141
0.9999997806556008 -0.0001634081661822446 -0.0006418617619648175 -0.00043535622535273433 0.0001632979367491493 0.9999999719122662 -0.00017178256807282057 -0.014090653508901596 0.000641889814610806 0.00017167771569186936 0.9999997792520895 0.8624891042709351
0.9999999769250939 -0.00017833066340310264 -0.00011978307913724771 0.00025712401838973165 0.0001783048796820313 0.999999960941783 -0.00021522964969387297 -0.014457644894719124 0.00011982145650494815 0.00021520828681995553 0.9999999696641054 0.8778101205825806
0.9999999751080518 -0.00014829638757331504 -0.00016670956013072893 0.00034803961170837283 0.00014825696788818164 0.999999961056875 -0.00023644475087390552 -0.01501020509749651 0.00016674461754095292 0.00023642002913443205 0.9999999581509005 0.9038870334625244
0.9999999073230272 -0.00011247107249461601 -0.00041557694202413515 0.0005311098066158593 0.00011233754819114129 0.9999999420707181 -0.00032130800751304663 -0.016791628673672676 0.00041561305580626744 0.0003212612928404414 0.9999998620284752 0.9892222881317139
0.9999998842721444 -0.00014349721773617002 -0.00045919957191915416 0.0003964679199270904 0.0001433585845990502 0.9999999441461965 -0.0003019203878099456 -0.01643109694123268 0.00045924287100673994 0.00030185452266866773 0.9999998489899051 0.9723148345947266
0.9999999614319477 -0.00016869646264832617 -0.0002206300221720372 0.0003012829110957682 0.00016864353186641748 0.9999999570027056 -0.00023990403549201909 -0.015043270774185658 0.00022067048364770572 0.00023986681841321283 0.9999999468842222 0.9053144454956055
0.9999999431985528 -0.0001444594111070125 -0.0003045231844670485 0.0004630892653949559 0.00014436705283585714 0.9999999435871759 -0.00030328831025189847 -0.01602378860116005 0.00030456698013873025 0.00030324432991002176 0.9999999076409113 0.953011155128479
0.9999990905923378 -0.00016686866356593552 0.0013382710287649974 0.0017047442961484194 0.00016712056004669802 0.9999999683416017 -0.00018811569362871527 -0.013643989339470863 -0.0013382395957830882 0.0001883391751586836 0.9999990868211527 0.8380148410797119
0.9999999241785751 -0.00021835893982857205 0.00032243172508478624 0.00026720023015514016 0.0002184126762543395 0.9999999622644967 -0.00016663405338740916 -0.01267075166106224 -0.0003223953268824258 0.0001667044639289629 0.9999999341354352 0.7934374213218689
0.99999843751284 -0.000153991717036556 -0.0017610390198280104 -0.0017144165467470884 0.00015368398368616505 0.9999999728992278 -0.00017487932003789402 -0.014420252293348312 0.0017610659020692602 0.000174608403299208 0.9999984340781708 0.882815957069397
0.9999947605862511 -0.00012332274014203754 -0.0032347475246440826 -0.003945052158087492 0.00012307867051787244 0.9999999895642528 -7.565140568601192e-05 -0.012975667603313923 0.00323475682042572 7.525288089220268e-05 0.9999947653289575 0.807127058506012
0.9999515314020893 4.9798157557189836e-05 -0.009845423645505568 -0.01196974515914917 -4.867608844574133e-05 0.9999999922935638 0.00011420818747136673 -0.012243514880537987 0.009845429256989755 -0.00011372341524849569 0.9999515261200065 0.7545292377471924
0.9999983426450042 -0.0001561034690965237 -0.0018139291472655645 -0.0021459641866385937 0.0001559082496357875 0.9999999820398404 -0.00010776333392297292 -0.012953518889844418 0.0018139459369173748 0.0001074803488025596 0.9999983490226932 0.7996280193328857
0.9999999256285582 -0.0001978542291242822 -0.0003310537440054409 -0.00035812059650197625 0.0001978057447735802 0.9999999697081078 -0.00014648095452654731 -0.012773662805557251 0.00033108271585353597 0.0001464154593001545 0.9999999344733718 0.7913674116134644
0.9999998193165893 -0.00017112029304354015 -0.0005762678495883219 -0.00047852261923253536 0.00017101564705334146 0.9999999688808237 -0.00018163700237875324 -0.013759279623627663 0.0005762989134324155 0.0001815384187407867 0.999999817461666 0.8473438620567322
0.9999999600851246 -0.0001492034947762036 -0.0002399334618489895 0.0003478902508504689 0.00014914272756164082 0.9999999568066689 -0.00025326489482518363 -0.015188680030405521 0.00023997123949287612 0.00025322910038521343 0.9999999391444115 0.9137315154075623
0.9999999208945128 -0.00016693200668596323 -0.0003610327864423496 0.00017298647435382009 0.00016684648156333688 0.9999999580185835 -0.00023690732883103596 -0.015134133398532867 0.0003610723187014823 0.0002368470730402194 0.9999999067651177 0.9099935293197632
0.9999999724935434 -0.00015291247853432626 0.00017785017800094427 -0.00027685624081641436 0.0001529242254014567 0.9999999861266143 -6.603750568405688e-05 -0.012005504220724106 -0.0001778400775748898 6.606470146830741e-05 0.9999999820041807 0.7487086653709412
0.9999967199104413 -0.0001611407991001361 0.0025562085207336644 0.0025925319641828537 0.00016150408526261026 0.9999999768885142 -0.0001419133595210746 -0.012383146211504936 -0.0025561855936237308 0.00014232573215142738 0.9999967228239285 0.7818120121955872
0.9999987205495152 -0.00011654987364935423 0.0015954044815300898 0.002571975812315941 0.0001170392190369991 0.999999946139346 -0.0003066319073784803 -0.015993429347872734 -0.0015953686576904989 0.0003068182399527041 0.9999986803298362 0.9572880268096924
0.9999999415415299 -0.00016437210069346174 0.00029983120134709733 0.00029264233307912946 0.00016442034556421968 0.999999973540304 -0.0001608892203852676 -0.013184201903641224 -0.0002998047477145212 0.00016093850932966634 0.9999999421079531 0.8155673742294312
0.9999384113979296 0.00010363090934927184 -0.011097867886204944 -0.01337471418082714 -0.0001020361585234652 0.9999999843881218 0.00014426496050540797 -0.011698085814714432 0.011097882663255426 -0.00014312369162125342 0.9999384063611128 0.7312299013137817
0.9999953149894182 -0.00018657295261740293 0.003055354275328342 0.003750746138393879 0.0001871902121627473 0.9999999621302359 -0.00020174080225999986 -0.013787507079541683 -0.003055316520245655 0.00020231178951723755 0.999995312044462 0.8507522940635681
0.9999818720345283 -2.428841221084649e-05 -0.00602121353162999 -0.00738625368103385 2.437295495437951e-05 0.999999999605435 1.3967437060442098e-05 -0.012135789729654789 0.006021213190007361 -1.4113938625402454e-05 0.9999818722319507 0.7462869882583618
0.9999999477399759 -0.00019207302732303163 0.00026005383562799117 -0.0008358185295946896 0.0001920610419700447 0.9999999804931123 4.61121572219154e-05 -0.010199102573096752 -0.00026006268745678424 -4.6062208601453935e-05 0.9999999651228351 0.6288275122642517
0.9997403541343233 -0.0007449720237746849 0.022774312987696332 0.0245202723890543 0.0007502834926400158 0.9999996932971692 -0.00022467809879378006 -0.009185421280562878 -0.022774138623852115 0.00024170695314520586 0.9997406064513387 0.5841454267501831
0.9999914800830905 -0.00012546383764937098 -0.00412601745706598 -0.006153806112706661 0.00012559213556578361 0.9999999916378856 3.083577137518128e-05 -0.009642262943089008 0.004126013553789535 -3.135370400078593e-05 0.9999914874783183 0.6000760793685913
0.9998393541179331 0.0003113536589757652 -0.01792118902119696 -0.02200215309858322 -0.00030631004582922823 0.999999912708732 0.00028417720551665365 -0.00982392393052578 0.017921275936446383 -0.000278642113388413 0.9998393622114417 0.6444615125656128
0.9997457431462385 0.0004436911786485977 -0.022544449408078284 -0.027171891182661057 -0.00043441244981360977 0.9999998189190066 0.0004164706204937778 -0.009909010492265224 0.022544630110047464 -0.00040657114048706463 0.9997457548562579 0.6397972702980042
0.9997482202339418 0.0004136621232975852 -0.02243490634510444 -0.02728532813489437 -0.00040554312271124694 0.9999998506282519 0.00036643996738860605 -0.009466245770454407 0.02243505457629823 -0.0003572493832424145 0.9997482386576316 0.5952749252319336
0.9996426775616011 0.0005289278467995205 -0.026725220912195372 -0.03217034414410591 -0.0005173661565362787 0.999999769574461 0.00043952620485153453 -0.009300705045461655 0.026725447231671088 -0.0004255424274503513 0.9996427208677656 0.5668635964393616
0.9998656270668274 0.00021753856128493534 -0.01639147605416808 -0.020164730027318 -0.0002142086317028759 0.9999999560641947 0.00020490551646362124 -0.009787327609956264 0.016391519908846627 -0.00020136678705119697 0.9998656297355635 0.5775694251060486
0.9996673529472696 0.0004995679456076915 -0.025786311936122526 -0.031017020344734192 -0.0004885764324907875 0.9999997870957371 0.0004325523671120771 -0.009314497001469135 0.025786522535404192 -0.0004198098955491603 0.9996673841909532 0.5797929763793945
0.9998046682552392 0.00028724240722705665 -0.019762156431686096 -0.024073489010334015 -0.0002826471996409861 0.999999932367914 0.00023531835435067346 -0.009756365790963173 0.0197622226885408 -0.00022968667103166073 0.9998046818246259 0.5856842994689941
0.9996022412307397 0.000552264489271703 -0.028196707793922735 -0.033854227513074875 -0.0005396443720674887 0.9999997507967149 0.0004551817876456937 -0.00922700297087431 0.028196952147948005 -0.0004397845404262282 0.999602290153001 0.5708678364753723
