9.999808e-01 3.560030e-04 -6.187636e-03 2.130341e-03 -3.519296e-04 9.999997e-01 6.593824e-04 -4.306313e-03 6.187869e-03 -6.571915e-04 9.999805e-01 3.266828e-01
9.996051e-01 4.798446e-05 2.810227e-02 -3.964845e-03 -2.533724e-05 9.999997e-01 -8.062409e-04 -1.034415e-02 -2.810230e-02 8.052110e-04 9.996046e-01 7.341768e-01
9.998891e-01 2.884921e-04 -1.488904e-02 3.448632e-02 -2.759991e-04 9.999996e-01 8.411200e-04 -1.836131e-02 1.488928e-02 -8.369168e-04 9.998887e-01 1.160429e+00
9.998035e-01 -1.565198e-04 1.982515e-02 8.064028e-02 1.720127e-04 9.999997e-01 -7.797716e-04 -3.040263e-02 -1.982502e-02 7.830290e-04 9.998031e-01 1.704874e+00
9.999098e-01 7.598195e-04 1.340590e-02 1.631160e-01 -7.638964e-04 9.999997e-01 2.990003e-04 -4.509913e-02 -1.340566e-02 -3.092136e-04 9.999100e-01 2.413917e+00
9.999044e-01 -2.943129e-04 1.382074e-02 2.547895e-01 3.038667e-04 9.999997e-01 -6.891640e-04 -5.977869e-02 -1.382052e-02 6.932982e-04 9.999042e-01 3.079677e+00
9.998204e-01 8.582702e-04 1.893241e-02 3.186829e-01 -8.631434e-04 9.999996e-01 2.492298e-04 -6.855298e-02 -1.893218e-02 -2.655260e-04 9.998206e-01 3.531696e+00
9.999405e-01 -3.686608e-04 1.090054e-02 3.508083e-01 3.756165e-04 9.999997e-01 -6.360694e-04 -7.704565e-02 -1.090029e-02 6.401264e-04 9.999403e-01 3.998853e+00
9.986512e-01 1.598445e-03 5.189644e-02 3.312923e-01 -1.593063e-03 9.999987e-01 -1.450648e-04 -7.914882e-02 -5.189658e-02 6.219520e-05 9.986524e-01 4.385030e+00
9.999775e-01 -4.923758e-04 6.696240e-03 3.416596e-01 4.963337e-04 9.999997e-01 -5.894200e-04 -8.080404e-02 -6.695920e-03 5.927305e-04 9.999773e-01 4.683484e+00
9.999349e-01 7.576572e-04 1.138346e-02 4.445335e-01 -7.616349e-04 9.999997e-01 3.450937e-04 -9.151491e-02 -1.138317e-02 -3.537411e-04 9.999350e-01 5.107082e+00
9.997910e-01 -6.692097e-04 -2.043053e-02 5.580011e-01 6.708022e-04 9.999998e-01 7.109652e-05 -1.048989e-01 2.043050e-02 -8.478623e-05 9.997912e-01 5.616347e+00
9.992815e-01 9.298639e-04 3.788863e-02 6.508554e-01 -9.170656e-04 9.999995e-01 -3.551644e-04 -1.178749e-01 -3.788891e-02 3.201631e-04 9.992818e-01 6.150483e+00
9.999997e-01 -2.645481e-04 -6.783562e-04 7.632826e-01 2.644524e-04 1.000000e+00 -1.410983e-04 -1.283426e-01 6.784271e-04 1.409191e-04 9.999997e-01 6.629706e+00
9.991077e-01 1.042079e-03 4.222256e-02 8.657531e-01 -1.024677e-03 9.999994e-01 -4.337872e-04 -1.411358e-01 -4.222295e-02 3.901358e-04 9.991080e-01 7.253496e+00
9.996515e-01 -8.117683e-04 -2.638391e-02 9.769230e-01 8.158690e-04 9.999997e-01 1.446598e-04 -1.554702e-01 2.638382e-02 -1.661351e-04 9.996518e-01 7.817068e+00
9.991376e-01 1.046695e-03 4.150879e-02 1.193204e+00 -1.028978e-03 9.999994e-01 -4.481756e-04 -1.709469e-01 -4.150919e-02 4.050776e-04 9.991379e-01 8.280297e+00
9.998042e-01 -6.661183e-04 -1.977742e-02 1.531224e+00 6.683687e-04 9.999998e-01 1.071777e-04 -1.850078e-01 1.977739e-02 -1.203753e-04 9.998043e-01 8.534521e+00
9.997559e-01 7.682608e-04 2.207996e-02 1.884409e+00 -7.665039e-04 9.999997e-01 -8.803514e-05 -1.981573e-01 -2.207998e-02 7.108942e-05 9.997561e-01 8.678431e+00
9.998235e-01 -5.444393e-04 -1.878096e-02 2.228316e+00 5.479629e-04 9.999998e-01 1.824737e-04 -2.081812e-01 1.878090e-02 -1.927327e-04 9.998235e-01 8.725593e+00
9.983462e-01 1.332322e-03 5.747222e-02 2.579817e+00 -1.290461e-03 9.999989e-01 -7.654751e-04 -2.162503e-01 -5.747312e-02 6.900436e-04 9.983467e-01 8.737278e+00
9.995932e-01 -7.141156e-04 -2.851189e-02 3.008176e+00 7.221148e-04 9.999997e-01 2.702617e-04 -2.280094e-01 2.851174e-02 -2.907406e-04 9.995933e-01 8.769413e+00
9.989129e-01 1.070664e-03 4.660259e-02 3.465984e+00 -1.041730e-03 9.999992e-01 -6.451685e-04 -2.453051e-01 -4.660319e-02 5.959199e-04 9.989132e-01 8.987335e+00
9.994949e-01 -7.568088e-04 -3.177177e-02 3.964161e+00 7.668366e-04 9.999997e-01 3.034357e-04 -2.648135e-01 3.177158e-02 -3.276462e-04 9.994950e-01 9.232395e+00
9.992701e-01 8.809489e-04 3.819025e-02 4.426953e+00 -8.604398e-04 9.999995e-01 -5.534573e-04 -2.812228e-01 -3.819066e-02 5.201930e-04 9.992702e-01 9.347745e+00
9.995854e-01 -7.206748e-04 -2.878468e-02 4.814985e+00 7.286889e-04 9.999997e-01 2.679255e-04 -2.939029e-01 2.878453e-02 -2.887895e-04 9.995855e-01 9.412668e+00
9.996206e-01 7.159866e-04 2.753502e-02 5.255842e+00 -7.071871e-04 9.999997e-01 -3.293125e-04 -3.090482e-01 -2.753520e-02 3.097151e-04 9.996207e-01 9.495186e+00
9.992466e-01 -5.394264e-04 -3.880602e-02 5.886032e+00 5.682776e-04 9.999996e-01 7.324449e-04 -3.287548e-01 3.880566e-02 -7.539457e-04 9.992464e-01 9.563793e+00
9.993751e-01 5.950789e-04 3.534070e-02 6.447078e+00 -5.709001e-04 9.999996e-01 -6.942514e-04 -3.491782e-01 -3.534105e-02 6.736417e-04 9.993750e-01 9.712587e+00
9.994737e-01 -5.357812e-04 -3.243486e-02 6.898335e+00 5.520560e-04 9.999997e-01 4.928164e-04 -3.644006e-01 3.243464e-02 -5.104628e-04 9.994736e-01 9.776579e+00
9.993959e-01 5.946009e-04 3.474860e-02 7.432181e+00 -5.700235e-04 9.999996e-01 -7.171941e-04 -3.841973e-01 -3.474896e-02 6.969534e-04 9.993957e-01 9.929019e+00
9.994842e-01 -5.281501e-04 -3.211021e-02 7.922209e+00 5.448841e-04 9.999997e-01 5.123946e-04 -4.050587e-01 3.210998e-02 -5.296266e-04 9.994841e-01 1.019583e+01
9.994572e-01 5.345385e-04 3.294009e-02 8.343663e+00 -5.129590e-04 9.999996e-01 -6.635586e-04 -4.183402e-01 -3.294038e-02 6.463015e-04 9.994570e-01 1.021170e+01
9.994790e-01 -5.820496e-04 -3.226962e-02 8.669770e+00 5.981600e-04 9.999997e-01 4.895921e-04 -4.256936e-01 3.226938e-02 -5.086395e-04 9.994790e-01 1.008625e+01
9.992516e-01 6.572975e-04 3.867474e-02 8.884608e+00 -6.271178e-04 9.999995e-01 -7.924720e-04 -4.323579e-01 -3.867518e-02 7.676253e-04 9.992514e-01 1.011292e+01
9.993449e-01 -6.686270e-04 -3.618566e-02 8.834781e+00 6.870853e-04 9.999996e-01 4.976655e-04 -4.233241e-01 3.618536e-02 -5.222022e-04 9.993449e-01 9.720385e+00
9.993040e-01 6.517269e-04 3.729768e-02 8.730897e+00 -6.230609e-04 9.999995e-01 -7.801924e-04 -4.111622e-01 -3.729812e-02 7.564106e-04 9.993038e-01 9.246384e+00
9.993478e-01 -6.333487e-04 -3.610394e-02 8.518076e+00 6.511144e-04 9.999997e-01 4.803139e-04 -3.947548e-01 3.610368e-02 -5.035086e-04 9.993478e-01 8.706472e+00
9.993368e-01 7.773458e-04 3.640649e-02 8.135381e+00 -7.474250e-04 9.999994e-01 -8.354564e-04 -3.682842e-01 -3.640706e-02 8.076910e-04 9.993366e-01 7.895176e+00
9.993335e-01 -7.187027e-04 -3.649693e-02 7.848898e+00 7.385176e-04 9.999996e-01 5.294394e-04 -3.479134e-01 3.649659e-02 -5.560404e-04 9.993335e-01 7.254001e+00
9.994381e-01 8.287004e-04 3.350943e-02 7.490979e+00 -8.064246e-04 9.999994e-01 -6.782673e-04 -3.291088e-01 -3.350992e-02 6.508632e-04 9.994381e-01 6.748694e+00
9.993692e-01 -6.979879e-04 -3.550663e-02 7.109721e+00 7.158764e-04 9.999996e-01 4.910944e-04 -3.105396e-01 3.550632e-02 -5.162032e-04 9.993692e-01 6.273365e+00
9.994903e-01 8.378311e-04 3.191199e-02 6.682055e+00 -8.169632e-04 9.999994e-01 -6.669532e-04 -2.876034e-01 -3.191248e-02 6.405422e-04 9.994904e-01 5.653756e+00
9.973697e-01 -2.270266e-04 -7.248170e-02 6.498321e+00 3.953178e-04 9.999973e-01 2.307506e-03 -2.910738e-01 7.248103e-02 -2.330090e-03 9.973670e-01 6.085924e+00
9.993509e-01 8.915102e-04 3.601433e-02 6.279063e+00 -8.625014e-04 9.999993e-01 -8.210078e-04 -2.869792e-01 -3.601499e-02 7.894125e-04 9.993508e-01 6.211575e+00
9.992788e-01 -8.199047e-04 -3.796324e-02 5.981651e+00 8.428894e-04 9.999995e-01 5.894460e-04 -2.679211e-01 3.796278e-02 -6.210197e-04 9.992789e-01 5.640252e+00
9.992696e-01 8.745471e-04 3.820204e-02 5.766851e+00 -8.420336e-04 9.999993e-01 -8.671748e-04 -2.541902e-01 -3.820273e-02 8.343742e-04 9.992696e-01 5.220969e+00
9.992863e-01 -8.618625e-04 -3.776313e-02 5.543468e+00 8.831078e-04 9.999995e-01 5.459162e-04 -2.364910e-01 3.776268e-02 -5.788755e-04 9.992865e-01 4.633284e+00
9.992779e-01 8.303274e-04 3.798576e-02 5.459318e+00 -8.032029e-04 9.999994e-01 -7.293262e-04 -2.324392e-01 -3.798629e-02 6.982894e-04 9.992779e-01 4.509519e+00
9.992801e-01 -8.374106e-04 -3.792870e-02 5.312056e+00 8.593070e-04 9.999995e-01 5.610045e-04 -2.239975e-01 3.792826e-02 -5.931931e-04 9.992802e-01 4.257583e+00
9.992353e-01 9.123082e-04 3.909042e-02 5.070797e+00 -8.796016e-04 9.999992e-01 -8.538801e-04 -2.071268e-01 -3.909112e-02 8.188431e-04 9.992352e-01 3.727860e+00
9.992412e-01 -9.256979e-04 -3.893839e-02 4.904561e+00 9.508302e-04 9.999994e-01 6.269211e-04 -1.951962e-01 3.893783e-02 -6.634693e-04 9.992413e-01 3.337608e+00
9.991998e-01 9.696225e-04 3.998447e-02 4.692464e+00 -9.337933e-04 9.999991e-01 -9.147446e-04 -1.794737e-01 -3.998528e-02 8.766754e-04 9.991998e-01 2.829677e+00
9.992411e-01 -1.016743e-03 -3.893827e-02 4.600980e+00 1.043621e-03 9.999992e-01 6.699470e-04 -1.711249e-01 3.893760e-02 -7.100755e-04 9.992413e-01 2.522765e+00
9.998298e-01 1.137477e-03 1.841386e-02 4.802881e+00 -1.140482e-03 9.999993e-01 1.527008e-04 -1.973767e-01 -1.841363e-02 -1.736755e-04 9.998303e-01 3.453328e+00
9.951304e-01 1.723876e-04 -9.856690e-02 5.072931e+00 1.439973e-04 9.999949e-01 3.202727e-03 -2.208800e-01 9.856698e-02 -3.201324e-03 9.951252e-01 4.431778e+00
9.992174e-01 8.246112e-04 3.954576e-02 5.347079e+00 -7.973101e-04 9.999994e-01 -7.061361e-04 -2.348221e-01 -3.954628e-02 6.740539e-04 9.992174e-01 4.898091e+00
9.991617e-01 -8.819223e-04 -4.092734e-02 5.384582e+00 9.086215e-04 9.999994e-01 6.337608e-04 -2.457682e-01 4.092679e-02 -6.704165e-04 9.991618e-01 5.306113e+00
9.991584e-01 8.812596e-04 4.100841e-02 5.290993e+00 -8.478222e-04 9.999993e-01 -8.327658e-04 -2.435661e-01 -4.100909e-02 7.972977e-04 9.991584e-01 5.270468e+00
9.991496e-01 -9.168429e-04 -4.122188e-02 5.217787e+00 9.438002e-04 9.999994e-01 6.345023e-04 -2.426450e-01 4.122130e-02 -6.728673e-04 9.991497e-01 5.269704e+00
9.991572e-01 9.428262e-04 4.103684e-02 5.112893e+00 -9.085709e-04 9.999992e-01 -8.533881e-04 -2.418951e-01 -4.103759e-02 8.153845e-04 9.991572e-01 5.310517e+00
9.991680e-01 -9.425766e-04 -4.077330e-02 4.953461e+00 9.680593e-04 9.999993e-01 6.052493e-04 -2.314528e-01 4.077273e-02 -6.442162e-04 9.991681e-01 4.978530e+00
9.991654e-01 9.380479e-04 4.083694e-02 4.881275e+00 -9.059942e-04 9.999993e-01 -8.034203e-04 -2.337857e-01 -4.083763e-02 7.657522e-04 9.991654e-01 5.126557e+00
9.989679e-01 -9.893694e-04 -4.541123e-02 4.809315e+00 1.028800e-03 9.999991e-01 8.449399e-04 -2.382623e-01 4.541038e-02 -8.907864e-04 9.989679e-01 5.376976e+00
9.994112e-01 9.924636e-04 3.429767e-02 4.955465e+00 -9.764143e-04 9.999994e-01 -4.846900e-04 -2.424692e-01 -3.429810e-02 4.509165e-04 9.994114e-01 5.378012e+00
9.992958e-01 -9.130562e-04 -3.751186e-02 4.636385e+00 9.232329e-04 9.999995e-01 2.539744e-04 -2.190476e-01 3.751164e-02 -2.884272e-04 9.992961e-01 4.649343e+00
9.995115e-01 1.076039e-03 3.123426e-02 4.234662e+00 -1.063467e-03 9.999993e-01 -4.191106e-04 -1.901454e-01 -3.123466e-02 3.856898e-04 9.995119e-01 3.767797e+00
9.926665e-01 5.651653e-04 -1.208836e-01 4.177390e+00 -6.886604e-05 9.999916e-01 4.109734e-03 -1.723377e-01 1.208850e-01 -4.071270e-03 9.926581e-01 3.381349e+00
9.994008e-01 1.035069e-03 3.459648e-02 4.329895e+00 -1.024122e-03 9.999994e-01 -3.341381e-04 -1.674916e-01 -3.459679e-02 2.985081e-04 9.994012e-01 3.308274e+00
9.880557e-01 1.349984e-03 -1.540910e-01 4.454597e+00 -5.165467e-04 9.999850e-01 5.448641e-03 -1.562070e-01 1.540960e-01 -5.303964e-03 9.880415e-01 3.147546e+00
9.952521e-01 -2.951379e-05 9.733058e-02 4.686996e+00 3.158433e-04 9.999957e-01 -2.926417e-03 -1.597803e-01 -9.733008e-02 2.943266e-03 9.952477e-01 3.213993e+00
9.952700e-01 1.582122e-04 -9.714697e-02 4.931688e+00 1.112209e-04 9.999962e-01 2.768037e-03 -1.649845e-01 9.714703e-02 -2.765747e-03 9.952661e-01 3.106828e+00
9.951986e-01 -1.185038e-05 9.787634e-02 5.040914e+00 3.023059e-04 9.999956e-01 -2.952745e-03 -1.660583e-01 -9.787588e-02 2.968158e-03 9.951941e-01 2.985623e+00
9.952553e-01 1.426826e-04 -9.729754e-02 5.229175e+00 1.298179e-04 9.999961e-01 2.794356e-03 -1.698073e-01 9.729755e-02 -2.793726e-03 9.952513e-01 2.884984e+00
9.953319e-01 4.181758e-05 9.651119e-02 5.542466e+00 2.407636e-04 9.999957e-01 -2.916313e-03 -1.864094e-01 -9.651091e-02 2.925938e-03 9.953275e-01 3.181358e+00
9.952822e-01 1.592027e-04 -9.702226e-02 5.732734e+00 1.185268e-04 9.999959e-01 2.856764e-03 -2.056867e-01 9.702231e-02 -2.854784e-03 9.952780e-01 3.766885e+00
9.953804e-01 1.874692e-07 9.600920e-02 5.823008e+00 2.806067e-04 9.999957e-01 -2.911155e-03 -2.186965e-01 -9.600879e-02 2.924650e-03 9.953761e-01 4.208462e+00
9.953369e-01 2.018924e-04 -9.645971e-02 5.714060e+00 6.057061e-05 9.999963e-01 2.718024e-03 -2.076933e-01 9.645990e-02 -2.711190e-03 9.953331e-01 3.794085e+00
9.951506e-01 3.397461e-05 9.836342e-02 5.681243e+00 2.503914e-04 9.999958e-01 -2.878626e-03 -2.070916e-01 -9.836312e-02 2.889297e-03 9.951463e-01 3.780011e+00
9.953235e-01 1.622916e-04 -9.659716e-02 5.868053e+00 1.055152e-04 9.999962e-01 2.767294e-03 -2.184206e-01 9.659724e-02 -2.764544e-03 9.953196e-01 4.038762e+00
9.953576e-01 -2.028909e-05 9.624569e-02 5.896707e+00 3.020155e-04 9.999957e-01 -2.912590e-03 -2.157870e-01 -9.624522e-02 2.928138e-03 9.953532e-01 3.849835e+00
9.954025e-01 2.102898e-04 -9.577957e-02 5.806125e+00 5.181652e-05 9.999963e-01 2.734063e-03 -2.063580e-01 9.577978e-02 -2.726454e-03 9.953987e-01 3.493555e+00
9.953361e-01 1.824821e-04 9.646786e-02 5.465263e+00 1.099679e-04 9.999954e-01 -3.026252e-03 -1.830723e-01 -9.646798e-02 3.022748e-03 9.953314e-01 2.780340e+00
9.954834e-01 1.541059e-04 -9.493528e-02 5.169138e+00 1.035277e-04 9.999963e-01 2.708851e-03 -1.617753e-01 9.493534e-02 -2.706443e-03 9.954797e-01 2.110876e+00
9.955414e-01 1.340281e-04 9.432589e-02 4.934377e+00 1.436108e-04 9.999957e-01 -2.936605e-03 -1.443678e-01 -9.432589e-02 2.937060e-03 9.955369e-01 1.554558e+00
9.954059e-01 9.135772e-05 -9.574531e-02 4.765020e+00 1.733090e-04 9.999962e-01 2.755959e-03 -1.303907e-01 9.574519e-02 -2.759890e-03 9.954019e-01 1.078978e+00
9.954734e-01 1.421158e-04 9.504070e-02 4.645175e+00 1.413569e-04 9.999956e-01 -2.975905e-03 -1.178089e-01 -9.504070e-02 2.975870e-03 9.954688e-01 6.106457e-01
9.954413e-01 1.552556e-04 -9.537595e-02 4.357078e+00 1.008320e-04 9.999964e-01 2.680208e-03 -9.541579e-02 9.537601e-02 -2.677605e-03 9.954376e-01 -1.123098e-01
9.954632e-01 1.700507e-04 9.514755e-02 4.072348e+00 1.138945e-04 9.999956e-01 -2.978822e-03 -7.292569e-02 -9.514764e-02 2.976146e-03 9.954586e-01 -8.411002e-01
9.954443e-01 1.205855e-04 -9.534468e-02 3.802112e+00 1.366701e-04 9.999964e-01 2.691630e-03 -5.166240e-02 9.534466e-02 -2.692396e-03 9.954406e-01 -1.533111e+00
9.954547e-01 1.694738e-04 9.523641e-02 3.566175e+00 1.102328e-04 9.999957e-01 -2.931700e-03 -3.442308e-02 -9.523650e-02 2.928875e-03 9.954503e-01 -2.084686e+00
9.954155e-01 1.662116e-04 -9.564454e-02 3.221437e+00 8.545667e-05 9.999965e-01 2.627185e-03 -9.243651e-03 9.564464e-02 -2.623313e-03 9.954120e-01 -2.871540e+00
9.954328e-01 2.585108e-04 9.546407e-02 2.799524e+00 2.440460e-05 9.999956e-01 -2.962399e-03 2.065005e-02 -9.546443e-02 2.951201e-03 9.954284e-01 -3.789454e+00
9.954434e-01 1.235036e-04 -9.535443e-02 2.402409e+00 1.289331e-04 9.999965e-01 2.641186e-03 4.734484e-02 9.535442e-02 -2.641444e-03 9.954398e-01 -4.595176e+00
9.954210e-01 2.309935e-04 9.558735e-02 2.082454e+00 4.986548e-05 9.999957e-01 -2.935844e-03 7.010114e-02 -9.558762e-02 2.927169e-03 9.954166e-01 -5.303644e+00
9.954798e-01 1.043279e-04 -9.497348e-02 1.743990e+00 1.417614e-04 9.999967e-01 2.584386e-03 9.581485e-02 9.497343e-02 -2.586166e-03 9.954763e-01 -6.120849e+00
9.954561e-01 1.028353e-04 9.522154e-02 1.623593e+00 1.624608e-04 9.999961e-01 -2.778335e-03 1.028166e-01 -9.522146e-02 2.781182e-03 9.954521e-01 -6.335743e+00
9.955745e-01 1.205498e-04 -9.397574e-02 1.566681e+00 1.258303e-04 9.999966e-01 2.615811e-03 1.043184e-01 9.397573e-02 -2.616058e-03 9.955710e-01 -6.368763e+00
9.954343e-01 1.277130e-04 9.544929e-02 1.453389e+00 1.411766e-04 9.999960e-01 -2.810334e-03 1.108750e-01 -9.544928e-02 2.810979e-03 9.954302e-01 -6.566313e+00
9.958012e-01 1.767990e-04 -9.154165e-02 1.502235e+00 6.939690e-05 9.999964e-01 2.686251e-03 9.268180e-02 9.154179e-02 -2.681324e-03 9.957975e-01 -5.803037e+00
9.955660e-01 1.113138e-04 9.406599e-02 1.563692e+00 1.508008e-04 9.999961e-01 -2.779383e-03 7.261364e-02 -9.406594e-02 2.781246e-03 9.955620e-01 -4.981830e+00
9.956147e-01 1.166013e-04 -9.354841e-02 1.624594e+00 1.386070e-04 9.999963e-01 2.721586e-03 5.391960e-02 9.354837e-02 -2.722616e-03 9.956109e-01 -4.235211e+00
9.955213e-01 1.494809e-04 9.453751e-02 1.675028e+00 1.154593e-04 9.999961e-01 -2.797010e-03 3.340297e-02 -9.453756e-02 2.795400e-03 9.955173e-01 -3.391281e+00
9.954814e-01 4.458861e-06 -9.495715e-02 1.726669e+00 2.513992e-04 9.999964e-01 2.682494e-03 2.343945e-02 9.495682e-02 -2.694244e-03 9.954776e-01 -3.031549e+00
9.955680e-01 1.079127e-04 9.404386e-02 1.807065e+00 1.569359e-04 9.999960e-01 -2.808822e-03 1.673317e-02 -9.404380e-02 2.811133e-03 9.955640e-01 -2.853836e+00
9.954865e-01 9.818326e-06 -9.490327e-02 1.882196e+00 2.512868e-04 9.999962e-01 2.739325e-03 6.252547e-03 9.490294e-02 -2.750807e-03 9.954826e-01 -2.498055e+00
9.952813e-01 3.183338e-04 9.703071e-02 1.947743e+00 -3.906490e-05 9.999959e-01 -2.880034e-03 -1.652222e-02 -9.703123e-02 2.862655e-03 9.952771e-01 -1.567375e+00
9.954200e-01 -9.040793e-06 -9.559796e-02 2.016502e+00 2.737984e-04 9.999962e-01 2.756374e-03 -3.904989e-02 9.559757e-02 -2.769923e-03 9.954161e-01 -6.560169e-01
9.953072e-01 2.678577e-04 9.676478e-02 2.091413e+00 1.134893e-05 9.999958e-01 -2.884853e-03 -5.701531e-02 -9.676516e-02 2.872415e-03 9.953030e-01 4.402364e-02
9.954051e-01 -5.917890e-05 -9.575302e-02 2.179338e+00 3.243870e-04 9.999962e-01 2.754146e-03 -7.082407e-02 9.575249e-02 -2.772550e-03 9.954012e-01 5.415351e-01
9.954705e-01 1.830302e-04 9.507034e-02 2.317073e+00 9.152479e-05 9.999958e-01 -2.883545e-03 -8.134994e-02 -9.507047e-02 2.879187e-03 9.954663e-01 8.210752e-01
9.957056e-01 1.302155e-04 -9.257608e-02 2.599446e+00 1.148725e-04 9.999965e-01 2.642090e-03 -1.144385e-01 9.257610e-02 -2.641377e-03 9.957020e-01 1.918030e+00
9.952989e-01 2.552168e-04 9.685076e-02 2.851688e+00 2.312158e-05 9.999959e-01 -2.872755e-03 -1.405236e-01 -9.685110e-02 2.861490e-03 9.952947e-01 2.760963e+00
9.953248e-01 -1.140311e-04 -9.658411e-02 2.903559e+00 3.771519e-04 9.999963e-01 2.706014e-03 -1.461065e-01 9.658343e-02 -2.729788e-03 9.953210e-01 2.927471e+00
9.953090e-01 3.070366e-04 9.674672e-02 2.837642e+00 -2.182567e-05 9.999957e-01 -2.949060e-03 -1.392320e-01 -9.674720e-02 2.933116e-03 9.953046e-01 2.662590e+00
9.953127e-01 -1.559223e-04 -9.670875e-02 2.778373e+00 4.210411e-04 9.999962e-01 2.721014e-03 -1.313773e-01 9.670795e-02 -2.748977e-03 9.953089e-01 2.347729e+00
9.953208e-01 3.006302e-04 9.662489e-02 2.782109e+00 -1.978861e-05 9.999958e-01 -2.907458e-03 -1.321797e-01 -9.662536e-02 2.891942e-03 9.953165e-01 2.348574e+00
9.953015e-01 -1.718630e-04 -9.682386e-02 2.866511e+00 4.427718e-04 9.999960e-01 2.776477e-03 -1.407932e-01 9.682300e-02 -2.806301e-03 9.952976e-01 2.610383e+00
9.953057e-01 3.305043e-04 9.678063e-02 2.927986e+00 -4.751929e-05 9.999957e-01 -2.926273e-03 -1.481511e-01 -9.678118e-02 2.907939e-03 9.953013e-01 2.843795e+00
9.953221e-01 -2.287297e-04 -9.661159e-02 3.023307e+00 4.935335e-04 9.999962e-01 2.717024e-03 -1.495502e-01 9.661059e-02 -2.751994e-03 9.953184e-01 2.769352e+00
9.953244e-01 3.360118e-04 9.658752e-02 3.187584e+00 -5.449270e-05 9.999957e-01 -2.917275e-03 -1.579235e-01 -9.658810e-02 2.898373e-03 9.953201e-01 2.912438e+00
9.952902e-01 -1.305153e-04 -9.694003e-02 3.227412e+00 4.059278e-04 9.999959e-01 2.821345e-03 -1.689932e-01 9.693926e-02 -2.847407e-03 9.952861e-01 3.334374e+00
9.952412e-01 3.733946e-04 9.744084e-02 3.114270e+00 -8.015787e-05 9.999955e-01 -3.013279e-03 -1.609880e-01 -9.744152e-02 2.991130e-03 9.952367e-01 3.067233e+00
9.952811e-01 -1.379962e-04 -9.703404e-02 2.940116e+00 4.032462e-04 9.999962e-01 2.713971e-03 -1.447628e-01 9.703330e-02 -2.740292e-03 9.952773e-01 2.498951e+00
9.952406e-01 3.558847e-04 9.744746e-02 2.814516e+00 -6.883036e-05 9.999956e-01 -2.949079e-03 -1.339205e-01 -9.744809e-02 2.928337e-03 9.952362e-01 2.118030e+00
9.952698e-01 -2.158551e-04 -9.714970e-02 2.840805e+00 4.838671e-04 9.999961e-01 2.735202e-03 -1.298988e-01 9.714873e-02 -2.769270e-03 9.952659e-01 1.862057e+00
9.952745e-01 3.876755e-04 9.710038e-02 2.902719e+00 -1.011128e-04 9.999956e-01 -2.956102e-03 -1.259140e-01 -9.710110e-02 2.932316e-03 9.952701e-01 1.562311e+00
9.952034e-01 -1.815119e-04 -9.782723e-02 2.809644e+00 4.509094e-04 9.999962e-01 2.731707e-03 -1.152321e-01 9.782635e-02 -2.762715e-03 9.951996e-01 1.142770e+00
9.954616e-01 3.955227e-04 9.516274e-02 2.793453e+00 -1.259855e-04 9.999960e-01 -2.838372e-03 -1.098359e-01 -9.516348e-02 2.813503e-03 9.954576e-01 8.672892e-01
9.955352e-01 -1.517184e-04 -9.439139e-02 2.630064e+00 3.986601e-04 9.999965e-01 2.597294e-03 -9.705423e-02 9.439066e-02 -2.623327e-03 9.955317e-01 4.339200e-01
9.954171e-01 3.911766e-04 9.562766e-02 2.547546e+00 -1.221179e-04 9.999960e-01 -2.819443e-03 -8.876301e-02 -9.562839e-02 2.794845e-03 9.954131e-01 1.148756e-01
9.953878e-01 -2.601055e-04 -9.593259e-02 2.591565e+00 5.226046e-04 9.999962e-01 2.711172e-03 -9.604574e-02 9.593151e-02 -2.748802e-03 9.953840e-01 3.642512e-01
9.955750e-01 3.826396e-04 9.396977e-02 2.770364e+00 -1.221419e-04 9.999961e-01 -2.777879e-03 -1.085978e-01 -9.397047e-02 2.754110e-03 9.955711e-01 6.671906e-01
9.955933e-01 -2.001651e-04 -9.377600e-02 2.669384e+00 4.397302e-04 9.999967e-01 2.533996e-03 -9.754232e-02 9.377518e-02 -2.564064e-03 9.955900e-01 2.451355e-01
9.955396e-01 4.280465e-04 9.434403e-02 2.493915e+00 -1.634966e-04 9.999960e-01 -2.811808e-03 -8.308140e-02 -9.434487e-02 2.783842e-03 9.955356e-01 -2.445704e-01
9.955254e-01 -2.256798e-04 -9.449411e-02 2.333036e+00 4.708394e-04 9.999966e-01 2.572156e-03 -7.036422e-02 9.449320e-02 -2.605137e-03 9.955220e-01 -6.738774e-01
9.956635e-01 3.976377e-04 9.302660e-02 2.243164e+00 -1.425298e-04 9.999962e-01 -2.748938e-03 -6.162988e-02 -9.302734e-02 2.723759e-03 9.956597e-01 -9.994504e-01
9.956638e-01 -1.659849e-04 -9.302507e-02 2.031316e+00 3.983462e-04 9.999968e-01 2.479273e-03 -4.600157e-02 9.302436e-02 -2.505577e-03 9.956606e-01 -1.507654e+00
9.956730e-01 3.342565e-04 9.292581e-02 2.021118e+00 -8.650516e-05 9.999964e-01 -2.670134e-03 -5.139289e-02 -9.292637e-02 2.650543e-03 9.956694e-01 -1.287957e+00
9.956203e-01 -1.841355e-04 -9.348852e-02 2.244224e+00 4.270419e-04 9.999966e-01 2.578249e-03 -6.753901e-02 9.348772e-02 -2.606880e-03 9.956169e-01 -8.856258e-01
9.957151e-01 3.911754e-04 9.247333e-02 2.299464e+00 -1.342979e-04 9.999961e-01 -2.784060e-03 -6.210253e-02 -9.247406e-02 2.759713e-03 9.957112e-01 -1.245440e+00
9.956708e-01 -2.739808e-04 -9.294936e-02 2.371164e+00 5.173337e-04 9.999965e-01 2.594039e-03 -5.939158e-02 9.294832e-02 -2.630894e-03 9.956674e-01 -1.499919e+00
9.958687e-01 4.390758e-04 9.080368e-02 2.621737e+00 -2.012237e-04 9.999965e-01 -2.628547e-03 -7.514479e-02 -9.080453e-02 2.599416e-03 9.958652e-01 -1.147955e+00
9.958846e-01 -3.022272e-04 -9.063006e-02 2.771060e+00 5.274279e-04 9.999968e-01 2.460896e-03 -7.653624e-02 9.062902e-02 -2.498568e-03 9.958815e-01 -1.306993e+00
9.959847e-01 4.530917e-04 8.952231e-02 2.888184e+00 -2.169487e-04 9.999965e-01 -2.647523e-03 -7.511383e-02 -8.952320e-02 2.617472e-03 9.959812e-01 -1.561350e+00
9.956644e-01 -3.235280e-04 -9.301792e-02 3.167572e+00 5.734051e-04 9.999963e-01 2.659619e-03 -8.625315e-02 9.301671e-02 -2.701424e-03 9.956608e-01 -1.446928e+00
9.950509e-01 8.154249e-04 9.936274e-02 3.697377e+00 -5.151505e-04 9.999952e-01 -3.047620e-03 -1.254893e-01 -9.936476e-02 2.981351e-03 9.950465e-01 -3.948136e-01
9.959554e-01 -2.120554e-04 -8.984859e-02 4.159546e+00 4.534010e-04 9.999963e-01 2.665735e-03 -1.652687e-01 8.984770e-02 -2.695690e-03 9.959518e-01 7.933093e-01
9.961320e-01 3.270679e-04 8.786843e-02 4.362379e+00 -8.827306e-05 9.999963e-01 -2.721513e-03 -1.754566e-01 -8.786900e-02 2.703230e-03 9.961283e-01 9.625606e-01
9.962934e-01 -1.549398e-04 -8.602027e-02 4.575164e+00 3.785983e-04 9.999966e-01 2.583760e-03 -1.819629e-01 8.601958e-02 -2.606749e-03 9.962899e-01 9.559283e-01
9.962944e-01 3.452837e-04 8.600748e-02 4.603844e+00 -1.061687e-04 9.999961e-01 -2.784723e-03 -1.765200e-01 -8.600811e-02 2.765274e-03 9.962905e-01 6.301627e-01
9.963208e-01 -2.537612e-04 -8.570150e-02 4.725958e+00 4.782050e-04 9.999965e-01 2.598382e-03 -1.766472e-01 8.570054e-02 -2.629805e-03 9.963174e-01 4.408254e-01
9.962986e-01 4.088894e-04 8.595931e-02 4.976108e+00 -1.750604e-04 9.999963e-01 -2.727749e-03 -1.906693e-01 -8.596011e-02 2.702605e-03 9.962948e-01 7.173448e-01
9.961995e-01 -3.173460e-04 -8.710019e-02 5.147347e+00 5.458148e-04 9.999965e-01 2.599254e-03 -1.940595e-01 8.709905e-02 -2.636915e-03 9.961961e-01 6.258312e-01
9.964096e-01 5.229310e-04 8.466246e-02 5.089195e+00 -2.895114e-04 9.999961e-01 -2.769314e-03 -1.847073e-01 -8.466358e-02 2.734861e-03 9.964057e-01 2.229766e-01
9.963601e-01 -3.763335e-04 -8.524302e-02 4.973439e+00 5.982789e-04 9.999965e-01 2.578147e-03 -1.755976e-01 8.524175e-02 -2.619761e-03 9.963568e-01 -8.909534e-02
9.964078e-01 5.276213e-04 8.468279e-02 4.954093e+00 -2.905668e-04 9.999960e-01 -2.811622e-03 -1.679771e-01 -8.468394e-02 2.776917e-03 9.964039e-01 -4.515536e-01
9.962648e-01 -3.739711e-04 -8.634936e-02 4.959321e+00 6.000486e-04 9.999965e-01 2.592232e-03 -1.599349e-01 8.634809e-02 -2.634363e-03 9.962614e-01 -8.678250e-01
9.962442e-01 5.632260e-04 8.658635e-02 4.886557e+00 -3.197121e-04 9.999960e-01 -2.826223e-03 -1.508252e-01 -8.658759e-02 2.787926e-03 9.962402e-01 -1.235709e+00
9.960772e-01 -3.950313e-04 -8.848775e-02 4.820461e+00 6.288379e-04 9.999964e-01 2.614387e-03 -1.405070e-01 8.848639e-02 -2.659775e-03 9.960737e-01 -1.665074e+00
9.962010e-01 5.435105e-04 8.708156e-02 4.787304e+00 -3.011313e-04 9.999960e-01 -2.796470e-03 -1.341155e-01 -8.708274e-02 2.759624e-03 9.961972e-01 -1.954197e+00
9.961783e-01 -4.544299e-04 -8.734185e-02 4.959592e+00 6.872523e-04 9.999963e-01 2.635593e-03 -1.380021e-01 8.734033e-02 -2.685546e-03 9.961748e-01 -2.038724e+00
9.962475e-01 5.981600e-04 8.654822e-02 5.017188e+00 -3.529656e-04 9.999959e-01 -2.848312e-03 -1.345664e-01 -8.654957e-02 2.807076e-03 9.962435e-01 -2.309965e+00
9.962548e-01 -5.067433e-04 -8.646464e-02 5.208171e+00 7.365564e-04 9.999963e-01 2.626003e-03 -1.363044e-01 8.646298e-02 -2.679854e-03 9.962514e-01 -2.515760e+00
9.962631e-01 6.469679e-04 8.636792e-02 5.531333e+00 -4.069043e-04 9.999960e-01 -2.797121e-03 -1.483845e-01 -8.636938e-02 2.751526e-03 9.962593e-01 -2.429419e+00
9.962521e-01 -4.998468e-04 -8.649599e-02 5.741152e+00 7.340256e-04 9.999962e-01 2.675612e-03 -1.633540e-01 8.649431e-02 -2.729073e-03 9.962485e-01 -2.055831e+00
9.963498e-01 6.026194e-04 8.536253e-02 5.919133e+00 -3.666627e-04 9.999961e-01 -2.779823e-03 -1.756764e-01 -8.536387e-02 2.738377e-03 9.963460e-01 -1.765201e+00
9.962232e-01 -5.168050e-04 -8.682831e-02 6.104345e+00 7.518765e-04 9.999961e-01 2.674632e-03 -1.881624e-01 8.682658e-02 -2.729814e-03 9.962196e-01 -1.476534e+00
9.964764e-01 6.242727e-04 8.387073e-02 6.341373e+00 -3.924699e-04 9.999961e-01 -2.780269e-03 -1.945792e-01 -8.387214e-02 2.737556e-03 9.964727e-01 -1.518081e+00
9.960914e-01 -5.166293e-04 -8.832701e-02 6.596529e+00 7.639248e-04 9.999959e-01 2.765991e-03 -2.034143e-01 8.832521e-02 -2.822655e-03 9.960876e-01 -1.473759e+00
9.976426e-01 8.185428e-04 6.861948e-02 6.891093e+00 -6.775282e-04 9.999976e-01 -2.078271e-03 -2.100575e-01 -6.862103e-02 2.026880e-03 9.976406e-01 -1.504334e+00
9.967086e-01 -6.304900e-04 -8.106461e-02 7.234786e+00 8.300555e-04 9.999967e-01 2.428132e-03 -2.200104e-01 8.106280e-02 -2.487428e-03 9.967058e-01 -1.489096e+00
9.976855e-01 8.611406e-04 6.799211e-02 7.697628e+00 -7.220494e-04 9.999976e-01 -2.070243e-03 -2.325228e-01 -6.799374e-02 2.016359e-03 9.976836e-01 -1.516929e+00
9.963341e-01 -5.924967e-04 -8.554479e-02 8.008538e+00 8.214822e-04 9.999962e-01 2.641614e-03 -2.430204e-01 8.554288e-02 -2.702203e-03 9.963307e-01 -1.416054e+00
9.968008e-01 7.109218e-04 7.992268e-02 8.307591e+00 -5.047305e-04 9.999965e-01 -2.600056e-03 -2.604423e-01 -7.992426e-02 2.551399e-03 9.967976e-01 -1.059572e+00
9.967026e-01 -5.924503e-04 -8.113951e-02 8.380362e+00 8.002564e-04 9.999965e-01 2.528600e-03 -2.774902e-01 8.113771e-02 -2.585194e-03 9.966994e-01 -4.176605e-01
9.967738e-01 7.613051e-04 8.025811e-02 8.409994e+00 -5.533235e-04 9.999964e-01 -2.613615e-03 -2.960464e-01 -8.025983e-02 2.560775e-03 9.967706e-01 3.520940e-01
9.967166e-01 -5.424289e-04 -8.096767e-02 8.422033e+00 7.503148e-04 9.999965e-01 2.537113e-03 -3.178165e-01 8.096600e-02 -2.589533e-03 9.967134e-01 1.288391e+00
9.968694e-01 6.748949e-04 7.906232e-02 8.427766e+00 -4.724168e-04 9.999966e-01 -2.579669e-03 -3.319398e-01 -7.906380e-02 2.534244e-03 9.968662e-01 1.881041e+00
9.962215e-01 -4.822599e-04 -8.684713e-02 8.466448e+00 7.293721e-04 9.999958e-01 2.813660e-03 -3.444818e-01 8.684539e-02 -2.866371e-03 9.962176e-01 2.378252e+00
9.964343e-01 6.277716e-04 8.437025e-02 8.497237e+00 -3.894601e-04 9.999959e-01 -2.841020e-03 -3.587478e-01 -8.437170e-02 2.798032e-03 9.964303e-01 2.947068e+00
9.962109e-01 -4.963354e-04 -8.696837e-02 8.554027e+00 7.441440e-04 9.999958e-01 2.817014e-03 -3.724697e-01 8.696659e-02 -2.871056e-03 9.962070e-01 3.454565e+00
9.967330e-01 6.357031e-04 8.076483e-02 8.672955e+00 -4.182475e-04 9.999962e-01 -2.709341e-03 -3.841075e-01 -8.076627e-02 2.666711e-03 9.967294e-01 3.791546e+00
9.956591e-01 -3.781744e-04 -9.307473e-02 8.770715e+00 6.709880e-04 9.999949e-01 3.114731e-03 -3.927090e-01 9.307306e-02 -3.163661e-03 9.956542e-01 4.041477e+00
9.971532e-01 7.500476e-04 7.539796e-02 8.733513e+00 -5.669938e-04 9.999968e-01 -2.449209e-03 -3.929855e-01 -7.539957e-02 2.399488e-03 9.971504e-01 4.106507e+00
9.948921e-01 -1.804340e-04 -1.009440e-01 8.633047e+00 5.310833e-04 9.999939e-01 3.446839e-03 -3.889864e-01 1.009427e-01 -3.482842e-03 9.948860e-01 4.093679e+00
9.972290e-01 7.308718e-04 7.438998e-02 8.541337e+00 -5.559218e-04 9.999970e-01 -2.372472e-03 -3.853154e-01 -7.439151e-02 2.324544e-03 9.972263e-01 4.085395e+00
9.946399e-01 -6.757091e-05 -1.033995e-01 8.455991e+00 4.292903e-04 9.999939e-01 3.476021e-03 -3.775461e-01 1.033986e-01 -3.501777e-03 9.946337e-01 3.912438e+00
9.950426e-01 4.621436e-04 9.944888e-02 8.182939e+00 -1.162166e-04 9.999939e-01 -3.484203e-03 -3.637635e-01 -9.944992e-02 3.455374e-03 9.950365e-01 3.558980e+00
9.948858e-01 -2.398855e-05 -1.010066e-01 7.838375e+00 3.645349e-04 9.999943e-01 3.353070e-03 -3.468109e-01 1.010059e-01 -3.372741e-03 9.948800e-01 3.124091e+00
9.959790e-01 4.162418e-04 8.958656e-02 7.586330e+00 -1.528123e-04 9.999956e-01 -2.947339e-03 -3.408546e-01 -8.958742e-02 2.921799e-03 9.959746e-01 3.107683e+00
9.949490e-01 -7.358629e-06 -1.003813e-01 7.402240e+00 3.460988e-04 9.999943e-01 3.357119e-03 -3.403144e-01 1.003807e-01 -3.374903e-03 9.949433e-01 3.277759e+00
9.957530e-01 2.888093e-04 9.206493e-02 7.347066e+00 -1.240410e-06 9.999951e-01 -3.123582e-03 -3.410741e-01 -9.206541e-02 3.110203e-03 9.957480e-01 3.343006e+00
9.952331e-01 -7.429089e-05 -9.752457e-02 7.366823e+00 3.820214e-04 9.999950e-01 3.136745e-03 -3.376473e-01 9.752382e-02 -3.159047e-03 9.952281e-01 3.119484e+00
9.956207e-01 2.868322e-04 9.348445e-02 7.412915e+00 5.945065e-06 9.999951e-01 -3.131532e-03 -3.441190e-01 -9.348491e-02 3.118375e-03 9.956157e-01 3.309569e+00
9.954808e-01 -1.891670e-05 -9.496342e-02 7.238626e+00 3.035620e-04 9.999955e-01 2.982974e-03 -3.380119e-01 9.496291e-02 -2.998319e-03 9.954762e-01 3.182709e+00
9.956056e-01 2.646511e-04 9.364559e-02 7.088334e+00 3.141568e-05 9.999950e-01 -3.160075e-03 -3.300904e-01 -9.364599e-02 3.149132e-03 9.956005e-01 2.951645e+00
9.954262e-01 -1.025318e-04 -9.553308e-02 7.161033e+00 3.988477e-04 9.999952e-01 3.082619e-03 -3.399036e-01 9.553227e-02 -3.106621e-03 9.954214e-01 3.261930e+00
9.956816e-01 3.201468e-04 9.283288e-02 7.394239e+00 -2.941530e-05 9.999951e-01 -3.133121e-03 -3.620229e-01 -9.283346e-02 3.116862e-03 9.956767e-01 3.901212e+00
9.954157e-01 -1.650263e-04 -9.564296e-02 7.758987e+00 4.538608e-04 9.999954e-01 2.998177e-03 -3.726853e-01 9.564200e-02 -3.027840e-03 9.954111e-01 3.878526e+00
9.957288e-01 3.529291e-04 9.232511e-02 8.154700e+00 -6.358704e-05 9.999951e-01 -3.136867e-03 -3.804102e-01 -9.232580e-02 3.117600e-03 9.957239e-01 3.688185e+00
9.954157e-01 -1.731543e-04 -9.564253e-02 8.618412e+00 4.674754e-04 9.999952e-01 3.054905e-03 -3.955320e-01 9.564151e-02 -3.085610e-03 9.954110e-01 3.729596e+00
9.957643e-01 3.795099e-04 9.194201e-02 9.164683e+00 -8.913456e-05 9.999950e-01 -3.162327e-03 -4.119799e-01 -9.194278e-02 3.140738e-03 9.957592e-01 3.723320e+00
9.955056e-01 -1.885357e-04 -9.470252e-02 9.615476e+00 4.750585e-04 9.999954e-01 3.002965e-03 -4.215771e-01 9.470149e-02 -3.034457e-03 9.955010e-01 3.533474e+00
9.956544e-01 3.656559e-04 9.312402e-02 9.982877e+00 -7.023275e-05 9.999950e-01 -3.175616e-03 -4.307690e-01 -9.312474e-02 3.155277e-03 9.956494e-01 3.433503e+00
9.954420e-01 -1.954788e-04 -9.536884e-02 1.036234e+01 4.825729e-04 9.999954e-01 2.987299e-03 -4.380107e-01 9.536779e-02 -3.019704e-03 9.954374e-01 3.233436e+00
9.956828e-01 3.871397e-04 9.282009e-02 1.077290e+01 -9.655518e-05 9.999951e-01 -3.135088e-03 -4.581476e-01 -9.282088e-02 3.112592e-03 9.956779e-01 3.547207e+00
9.953839e-01 6.696157e-05 -9.597383e-02 1.031137e+01 1.970767e-04 9.999962e-01 2.741666e-03 -4.209748e-01 9.597362e-02 -2.747923e-03 9.953800e-01 2.359766e+00
9.956477e-01 2.387284e-04 9.319657e-02 1.082703e+01 6.412707e-05 9.999947e-01 -3.246630e-03 -4.125207e-01 -9.319688e-02 3.238477e-03 9.956423e-01 1.251057e+00
9.950339e-01 2.406407e-04 -9.953593e-02 1.198217e+01 7.049905e-05 9.999951e-01 3.122374e-03 -4.679060e-01 9.953616e-02 -3.113884e-03 9.950290e-01 2.093972e+00
9.968212e-01 1.207113e-04 7.967134e-02 1.245292e+01 6.909720e-05 9.999972e-01 -2.379628e-03 -4.921306e-01 -7.967144e-02 2.377570e-03 9.968182e-01 2.587872e+00
9.927544e-01 6.900069e-04 -1.201589e-01 1.277486e+01 -2.078905e-04 9.999919e-01 4.024812e-03 -4.996319e-01 1.201606e-01 -3.970669e-03 9.927464e-01 2.657676e+00
9.956676e-01 -6.514772e-05 9.298438e-02 1.311486e+01 3.356482e-04 9.999958e-01 -2.893455e-03 -5.078853e-01 -9.298384e-02 2.912130e-03 9.956633e-01 2.679545e+00
9.948574e-01 3.101944e-04 -1.012851e-01 1.346443e+01 8.585395e-06 9.999950e-01 3.146899e-03 -5.212844e-01 1.012855e-01 -3.131584e-03 9.948524e-01 2.817136e+00
9.962338e-01 -1.638261e-05 8.670746e-02 1.378731e+01 2.407360e-04 9.999967e-01 -2.577014e-03 -5.364292e-01 -8.670717e-02 2.588183e-03 9.962304e-01 3.097438e+00
9.950232e-01 3.933880e-04 -9.964316e-02 1.458577e+01 -1.062938e-04 9.999958e-01 2.886513e-03 -5.760356e-01 9.964384e-02 -2.861555e-03 9.950190e-01 3.774150e+00
9.957182e-01 -2.776148e-05 9.244027e-02 1.526193e+01 2.883473e-04 9.999960e-01 -2.805603e-03 -6.127936e-01 -9.243987e-02 2.820247e-03 9.957142e-01 4.466192e+00
9.952181e-01 3.781829e-04 -9.767709e-02 1.603481e+01 -1.122618e-04 9.999963e-01 2.727930e-03 -6.557098e-01 9.767771e-02 -2.703919e-03 9.952143e-01 5.289342e+00
9.955954e-01 -1.085520e-04 9.375405e-02 1.654019e+01 3.674352e-04 9.999962e-01 -2.744039e-03 -6.851775e-01 -9.375344e-02 2.766402e-03 9.955915e-01 5.884323e+00
9.944319e-01 4.510493e-04 -1.053804e-01 1.708982e+01 -1.254556e-04 9.999952e-01 3.096305e-03 -7.104299e-01 1.053813e-01 -3.065842e-03 9.944271e-01 6.271940e+00
9.985972e-01 2.856960e-04 5.294922e-02 1.730465e+01 -2.436868e-04 9.999997e-01 -7.998311e-04 -7.185469e-01 -5.294948e-02 7.858076e-04 9.985968e-01 6.553517e+00
9.953694e-01 4.089939e-04 -9.612277e-02 1.799098e+01 -1.695484e-04 9.999969e-01 2.499189e-03 -7.540897e-01 9.612343e-02 -2.471317e-03 9.953663e-01 7.358170e+00
9.966300e-01 -4.975069e-05 8.202767e-02 1.883737e+01 2.287598e-04 9.999976e-01 -2.172896e-03 -7.984106e-01 -8.202742e-02 2.184340e-03 9.966276e-01 8.174069e+00
9.951824e-01 4.425248e-04 -9.803924e-02 1.991588e+01 -1.997476e-04 9.999969e-01 2.486123e-03 -8.518355e-01 9.803998e-02 -2.454561e-03 9.951794e-01 9.088138e+00
9.969930e-01 6.616741e-05 7.749179e-02 2.124541e+01 8.977620e-05 9.999980e-01 -2.008893e-03 -9.148834e-01 -7.749182e-02 2.009811e-03 9.969909e-01 1.008810e+01
9.958258e-01 2.882283e-04 -9.127324e-02 2.210034e+01 -7.632459e-05 9.999973e-01 2.325117e-03 -9.563956e-01 9.127360e-02 -2.308444e-03 9.958231e-01 1.076781e+01
9.971959e-01 1.035581e-04 7.483536e-02 2.316377e+01 4.199170e-05 9.999981e-01 -1.943347e-03 -1.006935e+00 -7.483548e-02 1.941042e-03 9.971939e-01 1.157452e+01
9.953638e-01 3.393335e-04 -9.618136e-02 2.412887e+01 -8.547014e-05 9.999965e-01 2.643526e-03 -1.048365e+00 9.618186e-02 -2.623047e-03 9.953602e-01 1.214758e+01
9.972190e-01 9.342636e-05 7.452690e-02 2.508273e+01 4.853622e-05 9.999982e-01 -1.903025e-03 -1.091735e+00 -7.452700e-02 1.901352e-03 9.972171e-01 1.281742e+01
9.955670e-01 2.829301e-04 -9.405431e-02 2.581971e+01 -4.255504e-05 9.999967e-01 2.557695e-03 -1.129993e+00 9.405466e-02 -2.542352e-03 9.955637e-01 1.355073e+01
9.972286e-01 9.284457e-05 7.439820e-02 2.661273e+01 4.893246e-05 9.999982e-01 -1.903813e-03 -1.170149e+00 -7.439831e-02 1.902179e-03 9.972267e-01 1.428886e+01
9.943424e-01 5.270577e-04 -1.062206e-01 2.715188e+01 -1.972906e-04 9.999951e-01 3.115027e-03 -1.197571e+00 1.062216e-01 -3.076445e-03 9.943376e-01 1.488748e+01
9.981387e-01 2.097518e-04 6.098476e-02 2.774892e+01 -1.329347e-04 9.999992e-01 -1.263647e-03 -1.226601e+00 -6.098505e-02 1.253190e-03 9.981378e-01 1.555397e+01
9.958396e-01 2.843903e-04 -9.112243e-02 2.888768e+01 -8.058132e-05 9.999975e-01 2.240312e-03 -1.286108e+00 9.112276e-02 -2.223646e-03 9.958371e-01 1.671380e+01
9.974518e-01 1.624272e-04 7.134324e-02 3.004448e+01 -3.504374e-05 9.999984e-01 -1.786732e-03 -1.347255e+00 -7.134350e-02 1.779681e-03 9.974501e-01 1.786190e+01
9.962204e-01 1.779326e-04 -8.686069e-02 3.079615e+01 9.304546e-06 9.999977e-01 2.155182e-03 -1.391391e+00 8.686079e-02 -2.147842e-03 9.962181e-01 1.880086e+01
9.973111e-01 4.197018e-05 7.328355e-02 3.127270e+01 8.597667e-05 9.999985e-01 -1.742741e-03 -1.423640e+00 -7.328359e-02 1.744358e-03 9.973095e-01 1.959427e+01
9.953224e-01 3.721432e-04 -9.660781e-02 3.194563e+01 -1.238380e-04 9.999967e-01 2.576212e-03 -1.464272e+00 9.660837e-02 -2.552195e-03 9.953191e-01 2.053361e+01
9.988991e-01 3.126952e-04 4.690989e-02 3.223491e+01 -2.917277e-04 9.999999e-01 -4.537889e-04 -1.481842e+00 -4.691011e-02 4.396069e-04 9.988989e-01 2.111945e+01
9.948873e-01 6.106585e-04 -1.009889e-01 3.250255e+01 -3.382646e-04 9.999963e-01 2.714356e-03 -1.495750e+00 1.009901e-01 -2.666314e-03 9.948838e-01 2.160253e+01
9.960843e-01 -3.346054e-04 8.840775e-02 3.286737e+01 5.362074e-04 9.999973e-01 -2.256607e-03 -1.519638e+00 -8.840684e-02 2.295178e-03 9.960817e-01 2.218902e+01
9.955861e-01 4.784606e-04 -9.385162e-02 3.320218e+01 -2.558620e-04 9.999971e-01 2.383819e-03 -1.540027e+00 9.385240e-02 -2.349281e-03 9.955833e-01 2.263250e+01
9.980246e-01 4.065750e-06 6.282394e-02 3.462543e+01 8.269946e-05 9.999990e-01 -1.378456e-03 -1.605134e+00 -6.282398e-02 1.380931e-03 9.980236e-01 2.366542e+01
9.947998e-01 8.373067e-04 -1.018461e-01 3.691470e+01 -5.989525e-04 9.999970e-01 2.370878e-03 -1.712048e+00 1.018477e-01 -2.297546e-03 9.947973e-01 2.533898e+01
9.977143e-01 -1.200141e-04 6.757348e-02 3.887103e+01 2.183112e-04 9.999989e-01 -1.447259e-03 -1.804145e+00 -6.757333e-02 1.458706e-03 9.977132e-01 2.680657e+01
9.946492e-01 8.350148e-04 -1.033062e-01 4.068167e+01 -5.804316e-04 9.999967e-01 2.494376e-03 -1.890723e+00 1.033079e-01 -2.421065e-03 9.946464e-01 2.823927e+01
9.974318e-01 -1.682027e-04 7.162143e-02 4.236035e+01 2.849027e-04 9.999986e-01 -1.619159e-03 -1.974500e+00 -7.162116e-02 1.635408e-03 9.974305e-01 2.970783e+01
9.944954e-01 8.601867e-04 -1.047762e-01 4.415269e+01 -6.027681e-04 9.999967e-01 2.488465e-03 -2.064116e+00 1.047779e-01 -2.411609e-03 9.944926e-01 3.128826e+01
9.978152e-01 -9.464913e-05 6.606678e-02 4.608779e+01 1.826738e-04 9.999991e-01 -1.326285e-03 -2.157605e+00 -6.606670e-02 1.335459e-03 9.978143e-01 3.286107e+01
9.951556e-01 7.439741e-04 -9.830913e-02 4.775639e+01 -5.282235e-04 9.999974e-01 2.220604e-03 -2.239553e+00 9.831043e-02 -2.157914e-03 9.951534e-01 3.426924e+01
