9.999949e-01 3.387360e-04 -3.170464e-03 -7.798560e-03 -3.372194e-04 9.999998e-01 4.788854e-04 -2.387296e-03 3.170625e-03 -4.778133e-04 9.999948e-01 2.478961e-01
9.999997e-01 5.145394e-06 7.689166e-04 -2.227874e-02 -5.092800e-06 1.000000e+00 -6.837599e-05 -5.556936e-03 -7.689174e-04 6.837262e-05 9.999996e-01 5.468407e-01
9.998423e-01 3.855162e-04 -1.775188e-02 6.480262e-03 -3.704819e-04 9.999996e-01 8.501897e-04 -1.100750e-02 1.775219e-02 -8.434783e-04 9.998420e-01 8.715500e-01
9.995414e-01 -3.214967e-04 3.027938e-02 1.529284e-02 3.519218e-04 9.999994e-01 -9.994890e-04 -2.058460e-02 -3.027904e-02 1.009687e-03 9.995409e-01 1.369299e+00
9.999974e-01 4.547306e-04 2.214800e-03 2.966954e-02 -4.556255e-04 9.999998e-01 4.036001e-04 -3.104405e-02 -2.214614e-03 -4.046076e-04 9.999974e-01 1.939276e+00
9.992696e-01 -2.618880e-04 3.821127e-02 4.252630e-02 3.033761e-04 9.999994e-01 -1.079963e-03 -3.715811e-02 -3.821096e-02 1.090767e-03 9.992690e-01 2.340657e+00
9.999941e-01 4.259626e-04 -3.419951e-03 6.468099e-02 -4.243422e-04 9.999998e-01 4.745106e-04 -4.351766e-02 3.420163e-03 -4.730561e-04 9.999939e-01 2.717746e+00
9.993572e-01 -2.896189e-04 3.584867e-02 6.075600e-02 3.261176e-04 9.999994e-01 -1.012289e-03 -4.937281e-02 -3.584834e-02 1.023330e-03 9.993566e-01 3.099855e+00
9.999037e-01 3.708418e-04 -1.387342e-02 4.995099e-02 -3.620400e-04 9.999997e-01 6.369395e-04 -6.058340e-02 1.387366e-02 -6.318551e-04 9.999035e-01 3.708628e+00
9.986026e-01 -1.728979e-04 5.284776e-02 5.530645e-02 2.413010e-04 9.999991e-01 -1.287964e-03 -6.698340e-02 -5.284748e-02 1.298917e-03 9.986017e-01 4.127417e+00
9.990820e-01 2.594067e-04 -4.283787e-02 1.295125e-01 -2.094072e-04 9.999993e-01 1.171665e-03 -7.440339e-02 4.283816e-02 -1.161618e-03 9.990813e-01 4.409198e+00
9.996445e-01 5.669350e-05 2.666094e-02 1.984691e-01 -4.249744e-05 9.999999e-01 -5.330334e-04 -8.427154e-02 -2.666095e-02 5.317113e-04 9.996443e-01 4.822807e+00
9.998046e-01 -5.349970e-05 -1.976886e-02 2.205846e-01 6.113398e-05 9.999999e-01 3.855736e-04 -9.526507e-02 1.976885e-02 -3.867064e-04 9.998044e-01 5.317886e+00
9.989766e-01 1.820012e-04 4.523016e-02 2.379418e-01 -1.439684e-04 9.999996e-01 -8.441280e-04 -1.038729e-01 -4.523027e-02 8.367526e-04 9.989761e-01 5.768221e+00
9.998781e-01 -4.361924e-05 -1.561279e-02 2.822292e-01 4.821894e-05 1.000000e+00 2.942350e-04 -1.153555e-01 1.561280e-02 -2.949517e-04 9.998780e-01 6.326382e+00
9.995500e-01 7.857875e-05 2.999647e-02 3.274002e-01 -6.081000e-05 9.999998e-01 -5.932735e-04 -1.299662e-01 -2.999648e-02 5.911826e-04 9.995497e-01 6.973799e+00
9.998244e-01 -5.297075e-05 -1.874086e-02 4.560089e-01 5.923333e-05 9.999999e-01 3.336123e-04 -1.423154e-01 1.874087e-02 -3.346637e-04 9.998242e-01 7.383627e+00
9.989870e-01 1.958495e-04 4.500016e-02 6.737155e-01 -1.609398e-04 9.999997e-01 -7.793910e-04 -1.509260e-01 -4.500027e-02 7.713593e-04 9.989866e-01 7.532323e+00
9.991964e-01 -7.696792e-05 -4.008250e-02 9.280024e-01 1.117575e-04 9.999996e-01 8.657097e-04 -1.589287e-01 4.008244e-02 -8.694934e-04 9.991959e-01 7.584886e+00
9.994711e-01 2.844601e-04 3.251738e-02 1.174989e+00 -2.681458e-04 9.999998e-01 -5.060689e-04 -1.648311e-01 -3.251749e-02 4.970821e-04 9.994709e-01 7.573158e+00
9.999302e-01 -1.353073e-04 -1.181191e-02 1.623589e+00 1.379912e-04 1.000000e+00 2.264092e-04 -1.779193e-01 1.181191e-02 -2.280232e-04 9.999301e-01 7.608947e+00
9.999818e-01 3.106985e-04 6.026349e-03 2.103421e+00 -3.114275e-04 9.999999e-01 1.200279e-04 -1.923281e-01 -6.026281e-03 -1.219023e-04 9.999817e-01 7.637498e+00
9.999990e-01 -3.064169e-04 1.399676e-03 2.504738e+00 3.068409e-04 9.999999e-01 -3.027817e-04 -2.054664e-01 -1.399552e-03 3.032110e-04 9.999989e-01 7.665745e+00
9.999959e-01 3.362608e-04 -2.854814e-03 2.962425e+00 -3.350773e-04 9.999999e-01 4.150432e-04 -2.200809e-01 2.854984e-03 -4.140847e-04 9.999957e-01 7.693635e+00
9.999994e-01 -3.854856e-04 9.822727e-04 3.485851e+00 3.859192e-04 9.999998e-01 -4.412784e-04 -2.363058e-01 -9.820714e-04 4.416574e-04 9.999993e-01 7.659766e+00
9.999843e-01 3.372667e-04 -5.590682e-03 3.905950e+00 -3.344199e-04 9.999998e-01 5.101290e-04 -2.470311e-01 5.590884e-03 -5.082512e-04 9.999841e-01 7.544336e+00
9.997153e-01 8.286103e-05 -2.385920e-02 4.266086e+00 -6.798937e-05 9.999998e-01 6.241208e-04 -2.554268e-01 2.385927e-02 -6.223206e-04 9.997150e-01 7.531496e+00
9.999684e-01 3.638669e-04 -7.935232e-03 4.734773e+00 -3.588564e-04 9.999997e-01 6.328435e-04 -2.661551e-01 7.935485e-03 -6.299755e-04 9.999682e-01 7.480702e+00
9.997854e-01 6.259411e-05 -2.071643e-02 5.240726e+00 -5.459545e-05 9.999999e-01 3.866698e-04 -2.769252e-01 2.071647e-02 -3.854553e-04 9.997852e-01 7.359905e+00
9.998999e-01 -7.370025e-05 1.414953e-02 5.678930e+00 7.687383e-05 1.000000e+00 -2.237479e-04 -2.876596e-01 -1.414949e-02 2.248138e-04 9.998998e-01 7.228714e+00
9.997890e-01 7.574898e-05 -2.054050e-02 6.156764e+00 -6.856979e-05 9.999999e-01 3.502202e-04 -2.982761e-01 2.054055e-02 -3.487373e-04 9.997889e-01 7.036807e+00
9.999980e-01 1.872052e-04 -1.970107e-03 6.631495e+00 -1.862851e-04 9.999999e-01 4.672187e-04 -3.079397e-01 1.970213e-03 -4.668501e-04 9.999979e-01 6.886003e+00
9.998718e-01 3.829339e-05 -1.601055e-02 6.947841e+00 -3.651509e-05 1.000000e+00 1.113656e-04 -3.110357e-01 1.601057e-02 -1.107660e-04 9.998717e-01 6.640904e+00
9.999997e-01 1.375288e-04 7.281371e-04 7.150521e+00 -1.377824e-04 9.999999e-01 3.481447e-04 -3.093421e-01 -7.280740e-04 -3.482442e-04 9.999996e-01 6.317427e+00
9.999996e-01 -1.113064e-04 -9.400669e-04 7.268389e+00 1.108967e-04 9.999999e-01 -4.357598e-04 -3.045756e-01 9.401305e-04 4.356561e-04 9.999994e-01 5.910769e+00
1.000000e+00 1.621425e-04 7.862614e-05 7.013594e+00 -1.621725e-04 9.999999e-01 3.818591e-04 -2.840509e-01 -7.854914e-05 -3.818711e-04 9.999998e-01 5.286301e+00
9.999986e-01 -1.117052e-04 -1.675033e-03 6.731848e+00 1.109845e-04 9.999999e-01 -4.303117e-04 -2.616951e-01 1.675096e-03 4.301259e-04 9.999984e-01 4.616880e+00
9.999999e-01 1.483592e-04 4.321507e-04 6.565450e+00 -1.485144e-04 9.999999e-01 3.590763e-04 -2.440925e-01 -4.320826e-04 -3.591397e-04 9.999997e-01 4.012578e+00
9.999997e-01 -1.020401e-04 -7.221840e-04 6.303563e+00 1.017422e-04 9.999999e-01 -4.124646e-04 -2.237545e-01 7.222408e-04 4.123917e-04 9.999996e-01 3.403903e+00
9.999999e-01 1.029338e-04 3.406657e-04 6.081509e+00 -1.030610e-04 9.999999e-01 3.732954e-04 -2.078250e-01 -3.406125e-04 -3.733298e-04 9.999998e-01 2.940030e+00
9.999973e-01 -1.466478e-04 -2.313439e-03 5.973354e+00 1.457187e-04 9.999999e-01 -4.017744e-04 -2.025703e-01 2.313512e-03 4.014370e-04 9.999971e-01 2.814822e+00
9.999985e-01 1.306920e-04 1.709313e-03 5.916145e+00 -1.313121e-04 9.999999e-01 3.626300e-04 -2.022038e-01 -1.709251e-03 -3.628532e-04 9.999984e-01 2.843097e+00
9.999942e-01 -1.665533e-04 -3.401705e-03 5.792450e+00 1.652409e-04 9.999999e-01 -3.860689e-04 -1.966643e-01 3.401783e-03 3.855053e-04 9.999940e-01 2.719359e+00
9.995179e-01 8.310838e-04 -3.103727e-02 5.886660e+00 -7.735715e-04 9.999980e-01 1.864973e-03 -2.147925e-01 3.103877e-02 -1.840063e-03 9.995164e-01 3.492662e+00
9.999970e-01 -2.954931e-04 2.415617e-03 5.927991e+00 2.975682e-04 9.999996e-01 -8.587053e-04 -2.263268e-01 -2.415354e-03 8.594226e-04 9.999966e-01 4.012810e+00
9.999919e-01 2.576154e-04 -4.013737e-03 5.813467e+00 -2.542828e-04 9.999996e-01 8.307831e-04 -2.207660e-01 4.013957e-03 -8.297548e-04 9.999915e-01 3.878450e+00
9.999935e-01 -2.364557e-04 3.594739e-03 5.552803e+00 2.396170e-04 9.999996e-01 -8.790334e-04 -2.008783e-01 -3.594522e-03 8.798901e-04 9.999931e-01 3.286526e+00
9.999925e-01 2.829826e-04 -3.866577e-03 5.296474e+00 -2.797710e-04 9.999996e-01 8.311245e-04 -1.794635e-01 3.866818e-03 -8.300356e-04 9.999921e-01 2.624109e+00
9.999935e-01 -2.581249e-04 3.604292e-03 5.110136e+00 2.612908e-04 9.999996e-01 -8.779407e-04 -1.647292e-01 -3.604056e-03 8.788777e-04 9.999930e-01 2.175419e+00
9.999916e-01 2.478241e-04 -4.096125e-03 4.973714e+00 -2.444019e-04 9.999996e-01 8.359726e-04 -1.551348e-01 4.096338e-03 -8.349635e-04 9.999912e-01 1.896001e+00
9.999899e-01 -2.011932e-04 4.485722e-03 4.731178e+00 2.051407e-04 9.999996e-01 -8.795920e-04 -1.373888e-01 -4.485535e-03 8.805042e-04 9.999895e-01 1.380677e+00
9.999900e-01 2.500805e-04 -4.474463e-03 4.576768e+00 -2.464304e-04 9.999996e-01 8.162951e-04 -1.217109e-01 4.474673e-03 -8.151833e-04 9.999896e-01 8.452349e-01
9.999878e-01 -1.578187e-04 4.938141e-03 4.332722e+00 1.621125e-04 9.999996e-01 -8.691344e-04 -1.009145e-01 -4.937994e-03 8.699252e-04 9.999873e-01 1.948578e-01
9.999924e-01 1.978116e-04 -3.903819e-03 4.286465e+00 -1.946908e-04 9.999997e-01 7.997885e-04 -9.178731e-02 3.903984e-03 -7.990214e-04 9.999920e-01 -1.774118e-01
9.999251e-01 -7.567893e-05 -1.224129e-02 4.556903e+00 7.425191e-05 1.000000e+00 -1.170272e-04 -1.138854e-01 1.224131e-02 1.161105e-04 9.999250e-01 4.494655e-01
9.995448e-01 8.786819e-04 -3.015660e-02 4.809652e+00 -8.211704e-04 9.999978e-01 1.919428e-03 -1.413541e-01 3.015822e-02 -1.893790e-03 9.995432e-01 1.447759e+00
9.999058e-01 -6.113937e-04 1.371463e-02 5.031745e+00 6.287235e-04 9.999990e-01 -1.259324e-03 -1.666220e-01 -1.371385e-02 1.267829e-03 9.999051e-01 2.284773e+00
9.999036e-01 6.235165e-04 -1.387226e-02 5.028222e+00 -6.068187e-04 9.999991e-01 1.207862e-03 -1.712490e-01 1.387300e-02 -1.199326e-03 9.999029e-01 2.472390e+00
9.999022e-01 -6.015326e-04 1.397358e-02 4.959061e+00 6.191767e-04 9.999990e-01 -1.258383e-03 -1.714568e-01 -1.397281e-02 1.266913e-03 9.999015e-01 2.542064e+00
9.998839e-01 5.676006e-04 -1.522803e-02 5.007844e+00 -5.489245e-04 9.999991e-01 1.230576e-03 -1.753561e-01 1.522871e-02 -1.222073e-03 9.998832e-01 2.623427e+00
9.998966e-01 -5.741466e-04 1.436784e-02 4.913560e+00 5.923450e-04 9.999990e-01 -1.262381e-03 -1.705932e-01 -1.436710e-02 1.270763e-03 9.998959e-01 2.501330e+00
9.998926e-01 5.673440e-04 -1.464584e-02 4.807086e+00 -5.494130e-04 9.999991e-01 1.228304e-03 -1.618066e-01 1.464652e-02 -1.220124e-03 9.998919e-01 2.218888e+00
9.998894e-01 -5.536893e-04 1.486371e-02 4.615600e+00 5.724253e-04 9.999990e-01 -1.256293e-03 -1.485278e-01 -1.486300e-02 1.264664e-03 9.998886e-01 1.837949e+00
9.998808e-01 5.580223e-04 -1.543042e-02 4.417025e+00 -5.393511e-04 9.999991e-01 1.214157e-03 -1.401070e-01 1.543109e-02 -1.205688e-03 9.998801e-01 1.677059e+00
9.998927e-01 -5.103009e-04 1.463656e-02 4.161245e+00 5.286214e-04 9.999991e-01 -1.247849e-03 -1.217587e-01 -1.463591e-02 1.255454e-03 9.998920e-01 1.151377e+00
9.998872e-01 6.248475e-04 -1.500929e-02 3.843778e+00 -6.071075e-04 9.999991e-01 1.186462e-03 -9.545944e-02 1.501002e-02 -1.177215e-03 9.998866e-01 3.470306e-01
9.999410e-01 -5.325844e-04 1.084745e-02 3.361817e+00 5.458364e-04 9.999991e-01 -1.218741e-03 -5.936635e-02 -1.084679e-02 1.224592e-03 9.999403e-01 -6.961218e-01
9.974739e-01 1.507661e-03 -7.101754e-02 3.159644e+00 -1.265609e-03 9.999932e-01 3.453217e-03 -3.088249e-02 7.102226e-02 -3.354612e-03 9.974690e-01 -1.501316e+00
9.999460e-01 -3.384150e-04 1.038779e-02 3.166089e+00 3.523947e-04 9.999990e-01 -1.343963e-03 -1.663336e-02 -1.038734e-02 1.347553e-03 9.999450e-01 -1.941966e+00
9.959757e-01 1.815454e-03 -8.960537e-02 3.197889e+00 -1.431337e-03 9.999895e-01 4.350827e-03 -2.452486e-03 8.961231e-02 -4.205061e-03 9.959677e-01 -2.319181e+00
9.991856e-01 -7.556624e-04 4.034380e-02 3.392461e+00 8.574753e-04 9.999965e-01 -2.506379e-03 -1.598176e-03 -4.034179e-02 2.538934e-03 9.991826e-01 -2.445733e+00
9.992294e-01 9.323315e-04 -3.923877e-02 3.362319e+00 -8.365675e-04 9.999966e-01 2.456889e-03 9.978638e-03 3.924090e-02 -2.422168e-03 9.992267e-01 -2.958087e+00
9.992366e-01 -7.937927e-04 3.905897e-02 3.279761e+00 8.921953e-04 9.999965e-01 -2.501961e-03 2.377085e-02 -3.905687e-02 2.534902e-03 9.992337e-01 -3.503086e+00
9.991042e-01 8.310396e-04 -4.230894e-02 3.269571e+00 -7.268218e-04 9.999967e-01 2.478576e-03 3.237690e-02 4.231083e-02 -2.445603e-03 9.991014e-01 -3.918502e+00
9.991127e-01 -7.697881e-04 4.211075e-02 3.539221e+00 8.771408e-04 9.999964e-01 -2.530869e-03 2.190939e-02 -4.210868e-02 2.565562e-03 9.991096e-01 -3.848638e+00
9.989653e-01 8.007663e-04 -4.547098e-02 3.676049e+00 -6.846764e-04 9.999965e-01 2.568567e-03 1.487073e-02 4.547285e-02 -2.534775e-03 9.989623e-01 -3.744116e+00
9.991519e-01 -7.585220e-04 4.116932e-02 3.799755e+00 8.605248e-04 9.999966e-01 -2.459968e-03 7.230391e-03 -4.116734e-02 2.493311e-03 9.991491e-01 -3.589352e+00
9.990834e-01 8.284234e-04 -4.279844e-02 3.685124e+00 -7.255879e-04 9.999968e-01 2.418259e-03 1.993962e-02 4.280028e-02 -2.384986e-03 9.990807e-01 -4.047232e+00
9.989979e-01 -6.457066e-04 4.475293e-02 3.512342e+00 7.557995e-04 9.999967e-01 -2.443129e-03 3.393271e-02 -4.475123e-02 2.474507e-03 9.989950e-01 -4.478342e+00
9.990345e-01 7.215915e-04 -4.392738e-02 3.748027e+00 -6.171303e-04 9.999969e-01 2.391552e-03 2.631934e-02 4.392895e-02 -2.362132e-03 9.990318e-01 -4.477761e+00
9.990838e-01 -6.479389e-04 4.279109e-02 3.831830e+00 7.532753e-04 9.999967e-01 -2.445557e-03 3.135604e-02 -4.278939e-02 2.475552e-03 9.990809e-01 -4.849309e+00
9.991163e-01 8.253029e-04 -4.202421e-02 3.714463e+00 -7.248029e-04 9.999968e-01 2.406654e-03 4.625514e-02 4.202604e-02 -2.374066e-03 9.991136e-01 -5.390278e+00
9.990702e-01 -6.042345e-04 4.310799e-02 3.466241e+00 7.100973e-04 9.999968e-01 -2.440479e-03 6.828969e-02 -4.310640e-02 2.468823e-03 9.990673e-01 -6.090384e+00
9.991189e-01 8.033608e-04 -4.196131e-02 3.236413e+00 -7.030764e-04 9.999969e-01 2.404623e-03 8.748179e-02 4.196309e-02 -2.373001e-03 9.991162e-01 -6.686671e+00
9.991784e-01 -6.475175e-04 4.052222e-02 2.997035e+00 7.464657e-04 9.999968e-01 -2.426735e-03 1.078161e-01 -4.052055e-02 2.454991e-03 9.991756e-01 -7.318120e+00
9.990923e-01 6.888142e-04 -4.259273e-02 2.966212e+00 -5.879959e-04 9.999970e-01 2.379511e-03 1.178165e-01 4.259421e-02 -2.352304e-03 9.990896e-01 -7.759480e+00
9.991264e-01 -5.527906e-04 4.178736e-02 2.775181e+00 6.551534e-04 9.999968e-01 -2.435946e-03 1.371417e-01 -4.178591e-02 2.461197e-03 9.991235e-01 -8.411508e+00
9.990822e-01 7.031579e-04 -4.282793e-02 2.525227e+00 -6.018717e-04 9.999970e-01 2.377801e-03 1.606622e-01 4.282945e-02 -2.349840e-03 9.990795e-01 -9.177318e+00
9.991129e-01 -5.253775e-04 4.210770e-02 2.245637e+00 6.287057e-04 9.999968e-01 -2.440691e-03 1.858708e-01 -4.210632e-02 2.465001e-03 9.991100e-01 -9.981490e+00
9.991019e-01 7.052585e-04 -4.236704e-02 1.935718e+00 -6.041506e-04 9.999969e-01 2.399227e-03 2.104006e-01 4.236858e-02 -2.371474e-03 9.990991e-01 -1.071985e+01
9.991116e-01 -5.486672e-04 4.214027e-02 1.681239e+00 6.517064e-04 9.999968e-01 -2.431441e-03 2.310678e-01 -4.213883e-02 2.456745e-03 9.991086e-01 -1.135186e+01
9.990880e-01 7.258124e-04 -4.269248e-02 1.385213e+00 -6.245707e-04 9.999970e-01 2.384703e-03 2.554173e-01 4.269406e-02 -2.355862e-03 9.990853e-01 -1.209468e+01
9.991157e-01 -5.176016e-04 4.204308e-02 9.869790e-01 6.201740e-04 9.999969e-01 -2.426683e-03 2.859545e-01 -4.204172e-02 2.450613e-03 9.991128e-01 -1.299301e+01
9.990772e-01 6.891488e-04 -4.294516e-02 6.304538e-01 -5.868913e-04 9.999970e-01 2.393676e-03 3.124652e-01 4.294665e-02 -2.366261e-03 9.990745e-01 -1.376279e+01
9.991077e-01 -5.185023e-04 4.223262e-02 3.470159e-01 6.218773e-04 9.999968e-01 -2.434642e-03 3.356685e-01 -4.223125e-02 2.458735e-03 9.991047e-01 -1.446749e+01
9.991117e-01 7.172686e-04 -4.213309e-02 4.141269e-02 -6.167484e-04 9.999969e-01 2.398723e-03 3.612193e-01 4.213465e-02 -2.370605e-03 9.991090e-01 -1.524916e+01
9.989901e-01 -5.490499e-04 4.492739e-02 4.903747e-02 6.594675e-04 9.999968e-01 -2.442899e-03 3.668440e-01 -4.492593e-02 2.470062e-03 9.989872e-01 -1.552900e+01
9.992394e-01 7.748515e-04 -3.898694e-02 -9.348072e-02 -6.833781e-04 9.999970e-01 2.359524e-03 3.789031e-01 3.898862e-02 -2.331085e-03 9.992368e-01 -1.589356e+01
9.991442e-01 -6.372583e-04 4.135866e-02 -2.492039e-01 7.360249e-04 9.999969e-01 -2.372860e-03 3.903846e-01 -4.135705e-02 2.401272e-03 9.991414e-01 -1.622432e+01
9.992395e-01 7.624944e-04 -3.898620e-02 -2.187090e-01 -6.727190e-04 9.999971e-01 2.315810e-03 3.794126e-01 3.898783e-02 -2.287821e-03 9.992370e-01 -1.577248e+01
9.992128e-01 -6.366938e-04 3.966682e-02 -1.543658e-01 7.304484e-04 9.999970e-01 -2.349096e-03 3.616402e-01 -3.966523e-02 2.376223e-03 9.992101e-01 -1.507181e+01
9.991729e-01 7.558229e-04 -4.065587e-02 -9.127598e-02 -6.597817e-04 9.999970e-01 2.375657e-03 3.445768e-01 4.065752e-02 -2.346866e-03 9.991703e-01 -1.440456e+01
9.993246e-01 -6.081821e-04 3.674124e-02 -2.751629e-02 6.901789e-04 9.999973e-01 -2.219085e-03 3.271497e-01 -3.673982e-02 2.242946e-03 9.993223e-01 -1.371808e+01
9.993148e-01 6.775641e-04 -3.700522e-02 -3.704022e-02 -5.968899e-04 9.999974e-01 2.191076e-03 3.230765e-01 3.700658e-02 -2.167485e-03 9.993126e-01 -1.354397e+01
9.993728e-01 -6.240434e-04 3.540721e-02 1.264727e-02 7.025665e-04 9.999973e-01 -2.205307e-03 3.185303e-01 -3.540577e-02 2.228801e-03 9.993704e-01 -1.341971e+01
9.993339e-01 7.428372e-04 -3.648454e-02 7.325282e-02 -6.622827e-04 9.999973e-01 2.219936e-03 3.002452e-01 3.648607e-02 -2.194293e-03 9.993317e-01 -1.270257e+01
9.993258e-01 -5.766306e-04 3.670981e-02 1.262397e-01 6.593676e-04 9.999973e-01 -2.241734e-03 2.790998e-01 -3.670844e-02 2.264430e-03 9.993234e-01 -1.184241e+01
9.993220e-01 6.789469e-04 -3.681137e-02 1.090741e-01 -5.981499e-04 9.999974e-01 2.205855e-03 2.711309e-01 3.681274e-02 -2.182339e-03 9.993197e-01 -1.147969e+01
9.993193e-01 -5.884560e-04 3.688605e-02 7.764001e-02 6.715413e-04 9.999973e-01 -2.240129e-03 2.717644e-01 -3.688466e-02 2.263377e-03 9.993169e-01 -1.147773e+01
9.992914e-01 6.542015e-04 -3.763204e-02 9.693626e-02 -5.711828e-04 9.999974e-01 2.216770e-03 2.664352e-01 3.763337e-02 -2.193702e-03 9.992891e-01 -1.127660e+01
9.993215e-01 -6.056721e-04 3.682632e-02 2.328576e-01 6.891863e-04 9.999972e-01 -2.255123e-03 2.583631e-01 -3.682488e-02 2.278975e-03 9.993190e-01 -1.110887e+01
9.993626e-01 6.914210e-04 -3.569328e-02 6.374388e-01 -6.147724e-04 9.999975e-01 2.158347e-03 2.394596e-01 3.569466e-02 -2.135026e-03 9.993604e-01 -1.085630e+01
9.993231e-01 -5.910564e-04 3.678339e-02 9.216425e-01 6.743738e-04 9.999972e-01 -2.252705e-03 2.266000e-01 -3.678198e-02 2.275988e-03 9.993206e-01 -1.068928e+01
9.992857e-01 6.117603e-04 -3.778386e-02 9.637554e-01 -5.285989e-04 9.999974e-01 2.210922e-03 2.304287e-01 3.778509e-02 -2.189369e-03 9.992834e-01 -1.093296e+01
9.993448e-01 -5.704373e-04 3.618911e-02 1.016920e+00 6.534412e-04 9.999972e-01 -2.281821e-03 2.381810e-01 -3.618773e-02 2.303975e-03 9.993423e-01 -1.136696e+01
9.992783e-01 6.401141e-04 -3.797896e-02 8.083634e-01 -5.558398e-04 9.999974e-01 2.229488e-03 2.547054e-01 3.798026e-02 -2.206767e-03 9.992760e-01 -1.186464e+01
9.993254e-01 -6.054806e-04 3.672059e-02 8.705793e-01 6.888936e-04 9.999972e-01 -2.258942e-03 2.520919e-01 -3.671915e-02 2.282716e-03 9.993229e-01 -1.184612e+01
9.991744e-01 5.927917e-04 -4.062290e-02 9.910016e-01 -5.005507e-04 9.999973e-01 2.280793e-03 2.500308e-01 4.062412e-02 -2.258575e-03 9.991718e-01 -1.193620e+01
9.992766e-01 -5.564328e-04 3.802571e-02 1.101375e+00 6.421719e-04 9.999973e-01 -2.242580e-03 2.383514e-01 -3.802438e-02 2.265379e-03 9.992741e-01 -1.158153e+01
9.992239e-01 6.052538e-04 -3.938540e-02 1.231577e+00 -5.178371e-04 9.999974e-01 2.229678e-03 2.268483e-01 3.938662e-02 -2.207550e-03 9.992215e-01 -1.126212e+01
9.992831e-01 -5.599941e-04 3.785441e-02 1.403136e+00 6.463416e-04 9.999972e-01 -2.268834e-03 2.186572e-01 -3.785306e-02 2.291676e-03 9.992806e-01 -1.114479e+01
9.992542e-01 6.352602e-04 -3.860919e-02 1.375242e+00 -5.491866e-04 9.999973e-01 2.239915e-03 2.179131e-01 3.861048e-02 -2.217039e-03 9.992518e-01 -1.109617e+01
9.992569e-01 -5.319852e-04 3.854144e-02 1.221025e+00 6.199646e-04 9.999972e-01 -2.270797e-03 2.301360e-01 -3.854015e-02 2.293006e-03 9.992543e-01 -1.147372e+01
9.992624e-01 6.835894e-04 -3.839445e-02 9.739369e-01 -5.980829e-04 9.999973e-01 2.238492e-03 2.495566e-01 3.839585e-02 -2.213876e-03 9.992601e-01 -1.205904e+01
9.992669e-01 -5.633541e-04 3.827971e-02 7.537261e-01 6.505415e-04 9.999972e-01 -2.265212e-03 2.666870e-01 -3.827836e-02 2.288455e-03 9.992644e-01 -1.257502e+01
9.992816e-01 6.902277e-04 -3.789137e-02 6.278043e-01 -6.061571e-04 9.999973e-01 2.230165e-03 2.797434e-01 3.789278e-02 -2.205593e-03 9.992793e-01 -1.302759e+01
9.992299e-01 -4.645954e-04 3.923615e-02 3.758115e-01 5.543172e-04 9.999973e-01 -2.275855e-03 3.025297e-01 -3.923501e-02 2.295853e-03 9.992273e-01 -1.375907e+01
9.992145e-01 6.287855e-04 -3.962336e-02 1.071424e-01 -5.411716e-04 9.999974e-01 2.221850e-03 3.250378e-01 3.962463e-02 -2.198660e-03 9.992121e-01 -1.446139e+01
9.993287e-01 -5.443612e-04 3.663153e-02 -5.894915e-02 6.266493e-04 9.999973e-01 -2.234922e-03 3.385011e-01 -3.663024e-02 2.256379e-03 9.993262e-01 -1.488259e+01
9.993615e-01 7.235077e-04 -3.572119e-02 -3.131926e-01 -6.457670e-04 9.999974e-01 2.187802e-03 3.585021e-01 3.572266e-02 -2.163336e-03 9.993593e-01 -1.548717e+01
9.993593e-01 -5.584812e-04 3.578552e-02 -4.757489e-01 6.391718e-04 9.999973e-01 -2.243430e-03 3.765541e-01 -3.578420e-02 2.264867e-03 9.993569e-01 -1.611936e+01
9.992916e-01 5.740362e-04 -3.762948e-02 -4.015854e-01 -4.916865e-04 9.999975e-01 2.197646e-03 3.797462e-01 3.763062e-02 -2.177586e-03 9.992892e-01 -1.638898e+01
9.995314e-01 -5.514353e-04 3.060501e-02 -2.027225e-01 6.149782e-04 9.999977e-01 -2.066842e-03 3.793042e-01 -3.060383e-02 2.084697e-03 9.995293e-01 -1.663932e+01
9.992078e-01 6.943895e-04 -3.979112e-02 -7.599410e-02 -6.071592e-04 9.999974e-01 2.204240e-03 3.835440e-01 3.979252e-02 -2.178333e-03 9.992055e-01 -1.701136e+01
9.992274e-01 -5.923614e-04 3.929779e-02 -1.250004e-01 6.815065e-04 9.999972e-01 -2.255086e-03 3.951297e-01 -3.929637e-02 2.280127e-03 9.992249e-01 -1.749825e+01
9.992160e-01 6.965030e-04 -3.958453e-02 -2.298994e-01 -6.094239e-04 9.999974e-01 2.211845e-03 4.075020e-01 3.958594e-02 -2.185985e-03 9.992137e-01 -1.794730e+01
9.992441e-01 -5.373570e-04 3.887202e-02 -5.397866e-01 6.247513e-04 9.999973e-01 -2.236138e-03 4.299089e-01 -3.887074e-02 2.258734e-03 9.992416e-01 -1.858992e+01
9.992124e-01 6.078211e-04 -3.967631e-02 -7.038268e-01 -5.207396e-04 9.999974e-01 2.205092e-03 4.431091e-01 3.967752e-02 -2.182692e-03 9.992101e-01 -1.899758e+01
9.992351e-01 -5.221734e-04 3.910151e-02 -7.790634e-01 6.100738e-04 9.999973e-01 -2.236098e-03 4.424001e-01 -3.910026e-02 2.258244e-03 9.992326e-01 -1.889619e+01
9.992149e-01 5.734617e-04 -3.961326e-02 -6.025789e-01 -4.858786e-04 9.999974e-01 2.220540e-03 4.276109e-01 3.961440e-02 -2.199548e-03 9.992125e-01 -1.849961e+01
9.992392e-01 -5.100381e-04 3.899714e-02 -4.401121e-01 5.991420e-04 9.999972e-01 -2.273222e-03 4.265764e-01 -3.899590e-02 2.294859e-03 9.992366e-01 -1.869410e+01
9.992408e-01 5.560465e-04 -3.895634e-02 -3.370369e-01 -4.696273e-04 9.999974e-01 2.227470e-03 4.276636e-01 3.895745e-02 -2.207482e-03 9.992383e-01 -1.891288e+01
9.993057e-01 -5.193925e-04 3.725327e-02 -1.278475e-01 6.015275e-04 9.999974e-01 -2.193588e-03 4.126644e-01 -3.725206e-02 2.214476e-03 9.993034e-01 -1.854965e+01
9.993592e-01 5.985727e-04 -3.578785e-02 1.953230e-02 -5.233390e-04 9.999976e-01 2.111538e-03 4.109758e-01 3.578900e-02 -2.091454e-03 9.993571e-01 -1.868621e+01
9.993950e-01 -5.436544e-04 3.477636e-02 2.358891e-01 6.185805e-04 9.999975e-01 -2.143780e-03 4.086030e-01 -3.477514e-02 2.163996e-03 9.993927e-01 -1.889673e+01
9.991596e-01 5.789684e-04 -4.098497e-02 3.617129e-01 -4.856258e-04 9.999973e-01 2.287396e-03 4.068593e-01 4.098615e-02 -2.265569e-03 9.991570e-01 -1.900368e+01
9.989057e-01 -4.186775e-04 4.676820e-02 8.335162e-01 5.337699e-04 9.999969e-01 -2.448442e-03 3.744061e-01 -4.676706e-02 2.470728e-03 9.989027e-01 -1.823561e+01
9.991367e-01 6.377701e-04 -4.153774e-02 1.248785e+00 -5.444227e-04 9.999973e-01 2.258561e-03 3.401849e-01 4.153904e-02 -2.233995e-03 9.991343e-01 -1.730961e+01
9.992577e-01 -5.982488e-04 3.851811e-02 1.173181e+00 6.849329e-04 9.999973e-01 -2.237313e-03 3.444882e-01 -3.851669e-02 2.262036e-03 9.992553e-01 -1.743500e+01
9.993990e-01 7.425343e-04 -3.465540e-02 1.274577e+00 -6.676549e-04 9.999974e-01 2.172202e-03 3.447826e-01 3.465690e-02 -2.147758e-03 9.993969e-01 -1.760452e+01
9.993027e-01 -5.700737e-04 3.733469e-02 1.196769e+00 6.533169e-04 9.999973e-01 -2.217478e-03 3.554509e-01 -3.733336e-02 2.240325e-03 9.993003e-01 -1.800910e+01
9.993633e-01 6.888956e-04 -3.567186e-02 1.187841e+00 -6.111957e-04 9.999974e-01 2.189038e-03 3.616482e-01 3.567325e-02 -2.165840e-03 9.993611e-01 -1.830254e+01
9.993130e-01 -6.252583e-04 3.705569e-02 1.334506e+00 7.085138e-04 9.999973e-01 -2.233671e-03 3.489116e-01 -3.705422e-02 2.258393e-03 9.993106e-01 -1.794397e+01
9.993090e-01 6.673509e-04 -3.716386e-02 1.544830e+00 -5.861829e-04 9.999974e-01 2.194906e-03 3.392966e-01 3.716520e-02 -2.171603e-03 9.993067e-01 -1.781542e+01
9.993466e-01 -5.985599e-04 3.613889e-02 1.615411e+00 6.796975e-04 9.999973e-01 -2.232906e-03 3.427383e-01 -3.613749e-02 2.256012e-03 9.993442e-01 -1.810295e+01
9.993868e-01 6.856464e-04 -3.500701e-02 1.562085e+00 -6.083215e-04 9.999974e-01 2.219439e-03 3.480251e-01 3.500841e-02 -2.196781e-03 9.993845e-01 -1.828954e+01
9.993120e-01 -5.392603e-04 3.708286e-02 1.600832e+00 6.240863e-04 9.999972e-01 -2.275926e-03 3.536567e-01 -3.708156e-02 2.297505e-03 9.993095e-01 -1.861994e+01
9.993327e-01 6.686394e-04 -3.651945e-02 1.517351e+00 -5.872601e-04 9.999973e-01 2.239060e-03 3.652380e-01 3.652082e-02 -2.216117e-03 9.993303e-01 -1.906247e+01
9.992640e-01 -4.820200e-04 3.835538e-02 1.334601e+00 5.700386e-04 9.999972e-01 -2.283906e-03 3.810017e-01 -3.835420e-02 2.304091e-03 9.992615e-01 -1.956231e+01
9.992301e-01 6.562621e-04 -3.922655e-02 9.573308e-01 -5.677359e-04 9.999973e-01 2.267884e-03 4.077545e-01 3.922790e-02 -2.243866e-03 9.992277e-01 -2.031574e+01
9.992385e-01 -5.252836e-04 3.901406e-02 7.497770e-01 6.153692e-04 9.999972e-01 -2.297072e-03 4.242457e-01 -3.901277e-02 2.319333e-03 9.992359e-01 -2.081891e+01
9.993108e-01 6.602050e-04 -3.711463e-02 7.506272e-01 -5.770603e-04 9.999973e-01 2.250875e-03 4.294363e-01 3.711599e-02 -2.227905e-03 9.993084e-01 -2.107705e+01
9.992426e-01 -4.451455e-04 3.891098e-02 5.177621e-01 5.346970e-04 9.999972e-01 -2.291060e-03 4.496746e-01 -3.890988e-02 2.310132e-03 9.992400e-01 -2.171600e+01
9.993235e-01 6.665908e-04 -3.677126e-02 3.569214e-01 -5.845536e-04 9.999973e-01 2.241717e-03 4.688956e-01 3.677263e-02 -2.218704e-03 9.993211e-01 -2.240462e+01
9.993178e-01 -5.837095e-04 3.692753e-02 3.970164e-01 6.685396e-04 9.999972e-01 -2.284891e-03 4.748985e-01 -3.692612e-02 2.308022e-03 9.993152e-01 -2.276258e+01
9.992753e-01 5.821349e-04 -3.805834e-02 6.182582e-01 -4.966932e-04 9.999973e-01 2.254431e-03 4.659540e-01 3.805952e-02 -2.233892e-03 9.992729e-01 -2.269173e+01
9.994024e-01 -5.870365e-04 3.456180e-02 8.938287e-01 6.632889e-04 9.999974e-01 -2.194830e-03 4.544873e-01 -3.456045e-02 2.216444e-03 9.994001e-01 -2.258228e+01
9.993830e-01 5.988866e-04 -3.511742e-02 1.096032e+00 -5.235843e-04 9.999975e-01 2.153452e-03 4.471393e-01 3.511859e-02 -2.133735e-03 9.993808e-01 -2.254806e+01
9.994712e-01 -6.061714e-04 3.250988e-02 1.285218e+00 6.781824e-04 9.999973e-01 -2.204061e-03 4.486799e-01 -3.250848e-02 2.224944e-03 9.994689e-01 -2.290046e+01
9.993628e-01 5.792956e-04 -3.568716e-02 1.595943e+00 -5.014744e-04 9.999975e-01 2.189555e-03 4.428995e-01 3.568831e-02 -2.170262e-03 9.993605e-01 -2.308711e+01
9.999948e-01 -1.255058e-04 3.235353e-03 1.788515e+00 1.286676e-04 9.999995e-01 -9.769646e-04 4.421343e-01 -3.235260e-03 9.773774e-04 9.999942e-01 -2.320404e+01
9.986282e-01 9.461363e-04 -5.235274e-02 2.153065e+00 -7.930529e-04 9.999953e-01 2.944767e-03 4.360011e-01 5.235524e-02 -2.899207e-03 9.986242e-01 -2.323924e+01
9.998836e-01 -2.679402e-04 1.525446e-02 2.486769e+00 2.925324e-04 9.999987e-01 -1.609890e-03 4.347154e-01 -1.525405e-02 1.614167e-03 9.998823e-01 -2.350096e+01
9.985294e-01 8.904488e-04 -5.420467e-02 2.578964e+00 -7.273412e-04 9.999951e-01 3.028752e-03 4.406231e-01 5.420706e-02 -2.984870e-03 9.985252e-01 -2.375073e+01
9.995874e-01 -4.451824e-04 2.872080e-02 2.818570e+00 5.050182e-04 9.999977e-01 -2.076121e-03 4.330154e-01 -2.871985e-02 2.089771e-03 9.995852e-01 -2.366582e+01
9.993526e-01 5.025831e-04 -3.597312e-02 3.015362e+00 -4.184030e-04 9.999972e-01 2.347560e-03 4.170425e-01 3.597415e-02 -2.330987e-03 9.993499e-01 -2.323456e+01
9.994314e-01 -4.217165e-04 3.371510e-02 3.086227e+00 4.992607e-04 9.999972e-01 -2.291578e-03 4.020660e-01 -3.371409e-02 2.307110e-03 9.994288e-01 -2.268150e+01
9.994013e-01 4.836855e-04 -3.459429e-02 3.016886e+00 -4.053074e-04 9.999973e-01 2.272602e-03 3.984361e-01 3.459525e-02 -2.257218e-03 9.993988e-01 -2.246058e+01
9.994302e-01 -3.659631e-04 3.374998e-02 3.058407e+00 4.432972e-04 9.999973e-01 -2.283909e-03 3.818128e-01 -3.374910e-02 2.297571e-03 9.994276e-01 -2.179040e+01
9.991895e-01 4.857744e-04 -4.025017e-02 3.143129e+00 -3.852622e-04 9.999968e-01 2.504894e-03 3.683559e-01 4.025121e-02 -2.487355e-03 9.991864e-01 -2.131437e+01
9.993290e-01 -3.562047e-04 3.662641e-02 3.193988e+00 4.440599e-04 9.999970e-01 -2.390561e-03 3.529080e-01 -3.662550e-02 2.405223e-03 9.993261e-01 -2.071197e+01
9.991843e-01 4.237467e-04 -4.037995e-02 3.229419e+00 -3.250948e-04 9.999969e-01 2.449615e-03 3.412698e-01 4.038082e-02 -2.434487e-03 9.991813e-01 -2.027114e+01
9.993040e-01 -3.785396e-04 3.730125e-02 3.256650e+00 4.699333e-04 9.999969e-01 -2.441398e-03 3.340336e-01 -3.730026e-02 2.457230e-03 9.993010e-01 -2.002228e+01
9.989142e-01 4.938188e-04 -4.658608e-02 3.261458e+00 -3.689164e-04 9.999963e-01 2.689660e-03 3.270571e-01 4.658718e-02 -2.669551e-03 9.989106e-01 -1.974220e+01
9.997390e-01 -9.063438e-05 2.284494e-02 3.218584e+00 1.328226e-04 9.999983e-01 -1.845181e-03 3.256951e-01 -2.284478e-02 1.847736e-03 9.997372e-01 -1.958417e+01
9.981462e-01 7.879763e-04 -6.085676e-02 3.159575e+00 -5.904731e-04 9.999945e-01 3.263285e-03 3.288287e-01 6.085894e-02 -3.221299e-03 9.981411e-01 -1.953592e+01
9.996820e-01 -1.156114e-04 2.521793e-02 3.093135e+00 1.646901e-04 9.999981e-01 -1.944081e-03 3.320053e-01 -2.521771e-02 1.947619e-03 9.996800e-01 -1.949809e+01
9.979807e-01 8.702119e-04 -6.351239e-02 2.968830e+00 -6.601358e-04 9.999942e-01 3.328538e-03 3.364531e-01 6.351486e-02 -3.279887e-03 9.979754e-01 -1.942937e+01
9.982349e-01 -6.491041e-04 5.938526e-02 2.629651e+00 8.454381e-04 9.999943e-01 -3.281024e-03 3.561595e-01 -5.938285e-02 3.325441e-03 9.982297e-01 -1.991400e+01
9.979836e-01 8.253588e-04 -6.346716e-02 2.320501e+00 -6.136633e-04 9.999942e-01 3.354924e-03 3.723901e-01 6.346950e-02 -3.309209e-03 9.979782e-01 -2.029204e+01
9.991755e-01 -3.037325e-04 4.059895e-02 2.141506e+00 4.081637e-04 9.999966e-01 -2.563974e-03 3.769498e-01 -4.059810e-02 2.578433e-03 9.991721e-01 -2.022936e+01
9.988589e-01 4.840951e-04 -4.775616e-02 1.937054e+00 -3.538207e-04 9.999962e-01 2.736307e-03 3.784944e-01 4.775724e-02 -2.716285e-03 9.988552e-01 -2.006284e+01
9.989798e-01 -3.804440e-04 4.515707e-02 1.802171e+00 5.046574e-04 9.999961e-01 -2.739303e-03 3.839406e-01 -4.515592e-02 2.759300e-03 9.989761e-01 -2.016481e+01
9.987780e-01 4.102535e-04 -4.942077e-02 1.837977e+00 -2.760177e-04 9.999963e-01 2.722961e-03 3.911514e-01 4.942164e-02 -2.705990e-03 9.987742e-01 -2.056907e+01
9.990302e-01 -3.544587e-04 4.402830e-02 1.886452e+00 4.718242e-04 9.999964e-01 -2.655295e-03 3.908258e-01 -4.402726e-02 2.673496e-03 9.990267e-01 -2.064745e+01
9.989632e-01 4.630714e-04 -4.552175e-02 1.810255e+00 -3.425811e-04 9.999964e-01 2.654619e-03 3.900358e-01 4.552276e-02 -2.636270e-03 9.989597e-01 -2.054322e+01
9.990178e-01 -3.423308e-04 4.430995e-02 1.677111e+00 4.612832e-04 9.999963e-01 -2.674331e-03 3.944593e-01 -4.430893e-02 2.692146e-03 9.990142e-01 -2.060370e+01
9.989547e-01 4.546684e-04 -4.570755e-02 1.637751e+00 -3.331429e-04 9.999964e-01 2.666328e-03 3.918362e-01 4.570853e-02 -2.648312e-03 9.989512e-01 -2.046265e+01
9.990619e-01 -3.691896e-04 4.330356e-02 1.786735e+00 4.853364e-04 9.999963e-01 -2.671645e-03 3.804220e-01 -4.330248e-02 2.690158e-03 9.990583e-01 -2.018536e+01
9.989734e-01 4.195286e-04 -4.529864e-02 2.053237e+00 -3.026394e-04 9.999966e-01 2.587222e-03 3.797851e-01 4.529951e-02 -2.570854e-03 9.989701e-01 -2.053976e+01
9.991447e-01 -3.671274e-04 4.134885e-02 2.466037e+00 4.768637e-04 9.999964e-01 -2.644056e-03 3.757613e-01 -4.134779e-02 2.661515e-03 9.991412e-01 -2.093981e+01
9.985376e-01 5.556582e-04 -5.405845e-02 2.991437e+00 -3.953490e-04 9.999955e-01 2.976113e-03 3.686113e-01 5.405979e-02 -2.950386e-03 9.985333e-01 -2.132197e+01
9.995543e-01 -1.517146e-04 2.985270e-02 3.481554e+00 2.166641e-04 9.999976e-01 -2.172405e-03 3.649761e-01 -2.985237e-02 2.177908e-03 9.995519e-01 -2.174601e+01
9.992044e-01 2.721419e-04 -3.987999e-02 3.727253e+00 -1.805949e-04 9.999973e-01 2.299125e-03 3.669794e-01 3.988044e-02 -2.290091e-03 9.992017e-01 -2.216899e+01
9.992205e-01 -1.837651e-04 3.947638e-02 3.823126e+00 2.780927e-04 9.999971e-01 -2.383961e-03 3.735206e-01 -3.947590e-02 2.393083e-03 9.992176e-01 -2.262751e+01
9.991777e-01 2.498928e-04 -4.054415e-02 4.029552e+00 -1.577818e-04 9.999974e-01 2.275030e-03 3.770722e-01 4.054454e-02 -2.266760e-03 9.991751e-01 -2.309963e+01
9.992062e-01 -2.263025e-04 3.983701e-02 4.336097e+00 3.202262e-04 9.999972e-01 -2.351305e-03 3.669199e-01 -3.983643e-02 2.362198e-03 9.992033e-01 -2.310187e+01
9.985267e-01 3.363916e-04 -5.426077e-02 4.787535e+00 -1.782179e-04 9.999957e-01 2.919862e-03 3.503082e-01 5.426145e-02 -2.905887e-03 9.985224e-01 -2.297087e+01
9.992788e-01 -2.940292e-04 3.796984e-02 6.168271e+00 3.889255e-04 9.999968e-01 -2.491861e-03 3.047877e-01 -3.796906e-02 2.504834e-03 9.992757e-01 -2.291979e+01
9.990632e-01 2.697009e-04 -4.327469e-02 7.634191e+00 -1.646354e-04 9.999970e-01 2.431396e-03 2.437187e-01 4.327514e-02 -2.421991e-03 9.990602e-01 -2.238258e+01
9.992015e-01 -2.174576e-04 3.995462e-02 8.138493e+00 3.148980e-04 9.999970e-01 -2.432466e-03 2.157938e-01 -3.995404e-02 2.443108e-03 9.991984e-01 -2.188292e+01
9.975923e-01 7.698809e-04 -6.934676e-02 8.389674e+00 -5.256616e-04 9.999936e-01 3.539877e-03 2.101762e-01 6.934897e-02 -3.494898e-03 9.975863e-01 -2.186807e+01
9.990689e-01 -2.062505e-04 4.314109e-02 8.671283e+00 3.191719e-04 9.999965e-01 -2.610588e-03 2.090107e-01 -4.314048e-02 2.621929e-03 9.990655e-01 -2.209920e+01
9.985242e-01 3.962965e-04 -5.430599e-02 9.002894e+00 -2.412984e-04 9.999959e-01 2.860669e-03 2.074148e-01 5.430682e-02 -2.843340e-03 9.985202e-01 -2.245197e+01
9.989658e-01 -2.462761e-04 4.546675e-02 9.391638e+00 3.671851e-04 9.999964e-01 -2.650920e-03 2.000220e-01 -4.546601e-02 2.664876e-03 9.989623e-01 -2.264051e+01
9.987859e-01 2.502745e-04 -4.926108e-02 1.000514e+01 -1.178422e-04 9.999964e-01 2.691239e-03 1.764185e-01 4.926150e-02 -2.682164e-03 9.987822e-01 -2.247921e+01
9.988744e-01 -2.157998e-04 4.743173e-02 1.060209e+01 3.458218e-04 9.999962e-01 -2.733025e-03 1.501167e-01 -4.743103e-02 2.746354e-03 9.988707e-01 -2.219147e+01
9.988936e-01 2.749606e-04 -4.702570e-02 1.118442e+01 -1.509011e-04 9.999965e-01 2.641626e-03 1.241093e-01 4.702618e-02 -2.631605e-03 9.988901e-01 -2.189449e+01
9.989548e-01 -2.378372e-04 4.570789e-02 1.184217e+01 3.617197e-04 9.999963e-01 -2.702026e-03 9.332205e-02 -4.570715e-02 2.715738e-03 9.989511e-01 -2.150521e+01
9.988066e-01 2.490522e-04 -4.884033e-02 1.235469e+01 -1.169243e-04 9.999963e-01 2.708117e-03 7.326563e-02 4.884075e-02 -2.699172e-03 9.988028e-01 -2.135670e+01
9.996304e-01 6.424050e-05 2.718322e-02 1.266240e+01 -1.601832e-05 9.999984e-01 -1.774128e-03 5.788117e-02 -2.718337e-02 1.773040e-03 9.996288e-01 -2.103571e+01
9.989521e-01 1.320261e-04 -4.576765e-02 1.319354e+01 -1.762717e-05 9.999969e-01 2.499925e-03 2.542090e-02 4.576776e-02 -2.496495e-03 9.989489e-01 -2.031897e+01
9.991458e-01 -9.490966e-05 4.132265e-02 1.384040e+01 1.974336e-04 9.999969e-01 -2.476946e-03 -1.127863e-02 -4.132237e-02 2.482992e-03 9.991427e-01 -1.965912e+01
9.987956e-01 1.277454e-04 -4.906334e-02 1.480763e+01 1.785910e-06 9.999965e-01 2.640004e-03 -6.208317e-02 4.906342e-02 -2.636909e-03 9.987921e-01 -1.883394e+01
9.992591e-01 -9.293666e-05 3.848632e-02 1.610149e+01 1.876033e-04 9.999970e-01 -2.456101e-03 -1.260894e-01 -3.848606e-02 2.461505e-03 9.992560e-01 -1.790994e+01
9.989889e-01 1.055804e-04 -4.495618e-02 1.707402e+01 6.930569e-06 9.999969e-01 2.502487e-03 -1.750839e-01 4.495622e-02 -2.500266e-03 9.989857e-01 -1.718710e+01
9.992236e-01 -8.540896e-05 3.939606e-02 1.785100e+01 1.810961e-04 9.999970e-01 -2.425247e-03 -2.142904e-01 -3.939582e-02 2.430501e-03 9.992207e-01 -1.659651e+01
9.988847e-01 1.143393e-04 -4.721549e-02 1.865488e+01 8.107368e-06 9.999966e-01 2.593129e-03 -2.559950e-01 4.721555e-02 -2.590617e-03 9.988813e-01 -1.592803e+01
9.993617e-01 -2.601775e-05 3.572233e-02 1.935045e+01 1.064018e-04 9.999975e-01 -2.248300e-03 -2.932463e-01 -3.572226e-02 2.250669e-03 9.993591e-01 -1.528033e+01
9.989152e-01 9.197221e-05 -4.656652e-02 1.997441e+01 2.817390e-05 9.999967e-01 2.579403e-03 -3.257469e-01 4.656652e-02 -2.577914e-03 9.989118e-01 -1.473225e+01
9.992910e-01 -3.825461e-05 3.764888e-02 2.064602e+01 1.271320e-04 9.999972e-01 -2.358252e-03 -3.612598e-01 -3.764877e-02 2.361370e-03 9.992882e-01 -1.413395e+01
9.987947e-01 1.407461e-04 -4.908143e-02 2.115632e+01 -7.657897e-06 9.999963e-01 2.711727e-03 -3.885149e-01 4.908155e-02 -2.708080e-03 9.987910e-01 -1.364560e+01
9.994384e-01 2.475056e-05 3.350922e-02 2.170437e+01 4.561459e-05 9.999978e-01 -2.099054e-03 -4.179740e-01 -3.350928e-02 2.099406e-03 9.994361e-01 -1.309014e+01
9.988107e-01 4.265582e-05 -4.875542e-02 2.283462e+01 8.123107e-05 9.999968e-01 2.538971e-03 -4.773714e-01 4.875528e-02 -2.539909e-03 9.988074e-01 -1.210213e+01
9.992282e-01 5.585675e-06 3.928045e-02 2.394959e+01 8.837615e-05 9.999971e-01 -2.390290e-03 -5.365874e-01 -3.928044e-02 2.391920e-03 9.992253e-01 -1.113308e+01
9.989859e-01 1.994373e-05 -4.502460e-02 2.452926e+01 9.144897e-05 9.999969e-01 2.471944e-03 -5.691761e-01 4.502442e-02 -2.473552e-03 9.989827e-01 -1.054143e+01
9.992455e-01 2.643557e-05 3.883655e-02 2.490862e+01 6.320766e-05 9.999973e-01 -2.306938e-03 -5.899357e-01 -3.883660e-02 2.307655e-03 9.992428e-01 -1.015816e+01
9.989162e-01 2.218873e-05 -4.654500e-02 2.558624e+01 9.527193e-05 9.999968e-01 2.521338e-03 -6.276946e-01 4.654482e-02 -2.523037e-03 9.989129e-01 -9.468417e+00
9.997774e-01 3.505304e-04 2.109332e-02 2.595412e+01 -3.203790e-04 9.999989e-01 -1.432698e-03 -6.495254e-01 -2.109389e-02 1.425624e-03 9.997764e-01 -8.936170e+00
9.981823e-01 3.827469e-04 -6.026597e-02 2.625187e+01 -2.033175e-04 9.999955e-01 2.983365e-03 -6.649263e-01 6.026676e-02 -2.965686e-03 9.981778e-01 -8.519227e+00
9.987604e-01 -2.108827e-04 4.977486e-02 2.659771e+01 3.412029e-04 9.999965e-01 -2.609666e-03 -6.805448e-01 -4.977423e-02 2.623418e-03 9.987570e-01 -8.289404e+00
9.982796e-01 3.293383e-04 -5.863170e-02 2.697120e+01 -1.601453e-04 9.999958e-01 2.890336e-03 -6.923793e-01 5.863232e-02 -2.875971e-03 9.982754e-01 -8.262982e+00
9.991718e-01 -2.197064e-04 4.068833e-02 2.828189e+01 3.129189e-04 9.999973e-01 -2.284479e-03 -7.508860e-01 -4.068781e-02 2.295323e-03 9.991692e-01 -7.546909e+00
9.981658e-01 2.628991e-04 -6.053902e-02 3.029451e+01 -9.877178e-05 9.999963e-01 2.714045e-03 -8.461347e-01 6.053941e-02 -2.703084e-03 9.981621e-01 -6.281796e+00
9.990782e-01 -1.926031e-04 4.292598e-02 3.212302e+01 2.936375e-04 9.999972e-01 -2.347341e-03 -9.334368e-01 -4.292550e-02 2.357785e-03 9.990754e-01 -5.101428e+00
9.981409e-01 2.441242e-04 -6.094699e-02 3.390614e+01 -7.635103e-05 9.999962e-01 2.755052e-03 -1.019319e+00 6.094733e-02 -2.745274e-03 9.981371e-01 -3.914834e+00
9.990085e-01 -1.590507e-04 4.451806e-02 3.561979e+01 2.662142e-04 9.999971e-01 -2.401217e-03 -1.104208e+00 -4.451764e-02 2.410691e-03 9.990056e-01 -2.676792e+00
9.980585e-01 2.150724e-04 -6.228286e-02 3.746609e+01 -4.077260e-05 9.999961e-01 2.799743e-03 -1.193493e+00 6.228312e-02 -2.791765e-03 9.980545e-01 -1.432573e+00
9.990652e-01 -1.239249e-04 4.322726e-02 3.933518e+01 2.267404e-04 9.999972e-01 -2.373533e-03 -1.282210e+00 -4.322694e-02 2.381119e-03 9.990624e-01 -2.421856e-01
