0.9996511602606865 -0.00037249928290242836 0.0264086923899589 0.02895488031208515 0.0003841866923037213 0.9999998305029509 -0.00043748674802331577 -0.008923663757741451 -0.026408524950263555 0.000447480003437547 0.9996511339320322 0.6000685691833496
0.999346760032595 -0.0005362893707830614 0.03613537886982438 0.039659563452005386 0.0005575709441307774 0.999999677014719 -0.0005788653555086089 -0.008168794214725494 -0.03613505675929161 0.0005986352548356159 0.9993467362776718 0.5609008073806763
0.999549001461963 -0.0004256631350447204 0.03002686276133292 0.03285645693540573 0.0004401856067268647 0.9999997893343365 -0.0004770407885601063 -0.008358102291822433 -0.030026653377026355 0.0004900430366645834 0.9995489782620949 0.5815103054046631
0.9993768306563755 -0.000506976533461932 0.035294380884396494 0.03881819173693657 0.0005239083616295637 0.9999997520820036 -0.0004704848140215765 -0.00850753579288721 -0.035294133609524235 0.0004886826435727113 0.9993768485021189 0.5927401185035706
0.9989098809461019 -0.0007608356040455545 0.0466740921435855 0.05141153186559677 0.0007902072894682031 0.9999995012201696 -0.0006108451944092493 -0.007712807506322861 -0.04667360411071727 0.0006470615082650135 0.9989099839278414 0.5641911625862122
0.9993791583437149 -0.0005318920812531634 0.03522804222522174 0.038633257150650024 0.0005495863937002917 0.9999997276511334 -0.0004925976603937693 -0.008369696326553822 -0.03522777062210956 0.0005116526879300895 0.9993791784845846 0.588962733745575
0.9993062427513691 -0.0005457729729930255 0.037238895391824824 0.04095667973160744 0.0005651221229902828 0.9999997107416922 -0.0005090712304425533 -0.008518143557012081 -0.037238606782846066 0.0005297625822080056 0.9993062621221178 0.5920073390007019
0.998958112863494 -0.0006962888423225898 0.0456311727446836 0.050174176692962646 0.0007270649762567569 0.9999995192978846 -0.000657860563073476 -0.007373847533017397 -0.04563069274871245 0.0006903519741433763 0.9989581389094464 0.5367821455001831
0.9991303740950763 -0.0006324630356568534 0.04169047314605284 0.04583002254366875 0.0006571176516389144 0.9999996172457567 -0.000577671820685585 -0.00763055169954896 -0.041690091832774 0.0006045650081152218 0.9991304072763106 0.5593098998069763
0.9993569447005343 -0.0005693342629277587 0.035852098087990315 0.03939772769808769 0.0005869541225786408 0.9999997120924691 -0.00048093641730865785 -0.008762629702687263 -0.0358518139523206 0.0005016706853726411 0.9993569911512363 0.6065000891685486
0.9992121321356932 -0.0006292695279951859 0.03968272940087386 0.043636128306388855 0.0006519342395875067 0.9999996316914779 -0.0005582102253316946 -0.007959719747304916 -0.039682363520701425 0.0005836409594503438 0.9992121743597008 0.5644389986991882
0.9991392550469235 -0.0006640633622181295 0.041476596342150875 0.0456353984773159 0.0006882334058866666 0.9999996015921584 -0.0005684631065536873 -0.007907123304903507 -0.04147620232202782 0.0005965193839688561 0.9991393140125989 0.5628859400749207
0.9994434477687568 -0.0005232257958701751 0.03335447416564398 0.036665383726358414 0.0005384602127248414 0.9999997547848939 -0.0004477619359411428 -0.009030025452375412 -0.03335423170602776 0.00046547279029118696 0.9994434844263992 0.6166383028030396
0.9994411604172907 -0.0005250428619944901 0.03342291420167209 0.03666134923696518 0.000540402496005586 0.999999752497403 -0.0004505222244938641 -0.008912762627005577 -0.03342266938593589 0.00046833228110029085 0.9994411967874812 0.6135457754135132
0.9997495344515405 -0.00031698746767961456 0.022377843570674485 0.024423426017165184 0.00032435693516736535 0.9999998943589921 -0.0003256909323700015 -0.009643185883760452 -0.022377737966712632 0.00033286776676823586 0.9997495316540753 0.6452324390411377
0.9995978979918859 -0.00038459932074523973 0.028353031823171424 0.031222179532051086 0.00039680354354862575 0.9999998310404804 -0.0004248128510042162 -0.00915026105940342 -0.028352863649922847 0.00043589261640153605 0.9995978817106786 0.6061558723449707
0.9995916314129045 -0.00042937947418632033 0.028572470011449184 0.031408146023750305 0.0004425933924969563 0.9999997980202048 -0.0004561476061761513 -0.009142810478806496 -0.02857226837996825 0.000468607316257095 0.9995916195561096 0.6055874824523926
0.9998315637858183 -0.0002629840368783585 0.01835142765567373 0.02014138549566269 0.00026823782651220845 0.9999999237453782 -0.0002838268946334439 -0.010366503149271011 -0.018351351614350028 0.0002887016349735829 0.9998315580863071 0.6663022041320801
0.9999096190504124 -0.00013453423450223998 0.013443795260238273 0.014651843346655369 0.00013750056742431967 0.9999999664077148 -0.00021972292439442127 -0.010638570412993431 -0.013443765248375032 0.00022155159510448742 0.9999096039596967 0.6729360818862915
0.9999917122629834 9.411179087021992e-05 0.004070202490935737 0.00387845141813159 -9.368522608404329e-05 0.999999990099838 -0.00010499239139145096 -0.010861683636903763 -0.004070212331662054 0.00010461020340155122 0.9999917111797879 0.6646488904953003
0.9999033758724591 -0.00016163094875214635 0.01390010051389106 0.01536009181290865 0.00016434159439521732 0.9999999677037029 -0.00019386705134124424 -0.011081237345933914 -0.013900068730053845 0.00019613268378725608 0.9999033701419704 0.707919180393219
0.999906385814718 -0.00013737324531525177 0.013682131980796208 0.015391350723803043 0.00013954818259795404 0.9999999777799998 -0.00015800729365486756 -0.011850043199956417 -0.013682109970804518 0.0001599018185827889 0.9999063827669846 0.7487972974777222
0.9999696811797627 -8.388491824676772e-05 0.007786506569970552 0.009047562256455421 8.408979668521356e-05 0.9999999961268533 -2.5984600166554493e-05 -0.013413610868155956 -0.0077865043600962094 2.6638578098490005e-05 0.9999696843605992 0.8319059014320374
0.9999873298071339 -4.415535834940637e-05 0.005033713887590413 0.005963969975709915 4.43042040162607e-05 0.9999999985846743 -2.9458246902837475e-05 -0.013495568186044693 -0.005033712579726622 2.968088834820302e-05 0.9999873303480944 0.828624963760376
0.9999898344564752 2.0056787378668842e-05 0.0045089446034823856 0.00510673550888896 -1.9775887969333256e-05 0.9999999978611427 -6.234283713971014e-05 -0.012361283414065838 -0.004508945844235424 6.225303500754732e-05 0.9999898327142801 0.7629602551460266
0.9999838029126781 3.604409242762344e-05 0.005691450880149153 0.00631803460419178 -3.543888869655925e-05 0.9999999937076893 -0.00010643639447917052 -0.011947555467486382 -0.005691454680740018 0.0001062329718253314 0.9999837978978321 0.7312418818473816
0.999941757416602 0.00045735562210154573 -0.010782977345446672 -0.01307407021522522 -0.00045534592012122066 0.9999998785013513 0.00018883160649711407 -0.011096513830125332 0.010783062398526359 -0.00018391062371551578 0.9999418441800463 0.679241955280304
0.9999313488590925 0.0004568338308437653 -0.011708495705529917 -0.014279684983193874 -0.0004548764757174584 0.9999998821214829 0.000169836425998185 -0.01087622344493866 0.011708571912374914 -0.0001644988472712882 0.9999314387916312 0.6501142978668213
0.9999683858175284 0.00032967996617758345 -0.007944726339315405 -0.009757000021636486 -0.0003286704148527417 0.999999937747529 0.00012837716547518325 -0.011615859344601631 0.00794476816811613 -0.0001257619104342144 0.9999684319230767 0.7020303010940552
0.9999999844515762 0.00010892820448087963 -0.00013867766086832602 -0.0003005238831974566 -0.00010892504990996714 0.999999993808775 2.2754855443418663e-05 -0.012542239390313625 0.00013868013865528812 -2.273974961848505e-05 0.9999999901253614 0.7630305886268616
0.9999358348471125 0.0004763255006629496 -0.011318096245624635 -0.0136439623311162 -0.0004737762255556046 0.9999998617944986 0.0002279190019686206 -0.011477909050881863 0.011318203245034193 -0.00022254213259128623 0.9999359223221771 0.6960648894309998
0.999954671074353 0.0003544557766620568 -0.009514733715929353 -0.011595073156058788 -0.00035255388239758477 0.9999999175384694 0.00020156590625516633 -0.011977680958807468 0.009514804377529698 -0.0001982023131776586 0.9999547135813204 0.7222564220428467
0.9999734351233437 0.0002775910732725903 -0.007283679757922856 -0.0088283009827137 -0.0002763834185241869 0.9999999478935024 0.00016680886803214958 -0.012406263500452042 0.007283725683048522 -0.00016479134846421502 0.9999734597398001 0.7442681193351746
0.9999275134216578 0.00045809207781107643 -0.012031544124885775 -0.014528963714838028 -0.0004555596975722971 0.9999998735016715 0.0002132182060737062 -0.011230557225644588 0.012031640276486599 -0.0002077216640126469 0.9999275956207869 0.6862850189208984
0.9998400592114709 0.0005866851553645466 -0.017874892909635356 -0.021401995792984962 -0.0005802551165605825 0.9999997650727211 0.0003649088959291994 -0.01116579957306385 0.017875102796967704 -0.00035447853404385485 0.9998401647488296 0.68465656042099
0.9998640555890822 0.0005035488098575005 -0.01648080033094391 -0.019841302186250687 -0.0004964686638339707 0.9999997827166786 0.00043368820732546046 -0.012356691993772984 0.016481015133121526 -0.0004254470489183755 0.9998640883315042 0.7464648485183716
0.9998751690513012 0.0004582942038273173 -0.01579355188215057 -0.019080596044659615 -0.0004509189465600819 0.9999997876335527 0.00047053687709145065 -0.012747865170240402 0.015793764172453525 -0.00046335652774954437 0.9998751633649037 0.7706963419914246
0.9998712839507666 0.0005142161825767105 -0.016035931914400003 -0.019412130117416382 -0.0005074591283089984 0.9999997807447791 0.00042543580838894275 -0.012061704881489277 0.01603614716441553 -0.00041724346794158053 0.9998713256674631 0.7277609705924988
0.9999717307830991 0.00035725092114607357 -0.007510659520491062 -0.009324619546532631 -0.0003561676325127291 0.999999925976915 0.00014557054085633967 -0.011455576866865158 0.007510710969738685 -0.00014289137187112333 0.9999717840033213 0.6961770057678223
0.9998955976812822 0.0005846771994988711 -0.014437863074687236 -0.017663482576608658 -0.000581977022328095 0.9999998123685586 0.0001912213187810484 -0.00996879581362009 0.014437972168435327 -0.00018279885027099217 0.9998957503381258 0.6162706613540649
0.9999289957405147 0.0003471479147421393 -0.01191146362508666 -0.014577444642782211 -0.0003435667523253577 0.9999998951693088 0.0003026933415860675 -0.011635893024504185 0.011911567455762027 -0.00029857946619638433 0.9999290101857481 0.707509458065033
0.9999980071141757 3.325162923406785e-05 -0.001996161818565191 -0.0023868964053690434 -3.295959729237181e-05 0.999999988750679 0.00014632944565684075 -0.013488558121025562 0.0019961666618021996 -0.00014626336134929255 0.9999979969608375 0.8252829909324646
0.9999990472185085 2.7498160319626728e-05 -0.001380147066757569 -0.0014790549175813794 -2.7352784528237654e-05 0.9999999940763571 0.00010535231587183465 -0.013891289941966534 0.0013801499555769429 -0.00010531446462876373 0.9999990420470227 0.8366543054580688
0.9999945961577138 5.298530732416257e-05 -0.00328707285103552 -0.00412024324759841 -5.2475162305290994e-05 0.9999999865667101 0.00015528340798556743 -0.01271112635731697 0.003287081034618412 -0.0001551100791771536 0.9999945855049092 0.7914566993713379
0.9999920075578196 0.00026970977300535675 -0.00398899449985771 -0.0049096206203103065 -0.00026965384692276777 0.9999999635374343 1.455791454737907e-05 -0.010650571435689926 0.0039889982808205635 -1.3482150481848391e-05 0.9999920438238232 0.6830596327781677
0.9998963325992659 0.0005556166726193028 -0.014388027823541299 -0.017268164083361626 -0.0005535042683161454 0.9999998354464028 0.00015079851455922656 -0.010131157003343105 0.014388109242108461 -0.00014281904685620607 0.9998964755989276 0.5898399949073792
0.9999903401735422 0.00013517200081551248 -0.004393323130999848 -0.005658934824168682 -0.00013470375678193767 0.9999999852161495 0.00010687655702189165 -0.011718276888132095 0.00439333751276767 -0.00010628372748239575 0.9999903435980109 0.7259737849235535
0.9999410148358082 0.000398132985081992 -0.010853955005457234 -0.013075384311378002 -0.00039553660280502366 0.9999998926489626 0.0002413562915197801 -0.011819954961538315 0.010854049932174713 -0.00023704891858943893 0.9999410649672712 0.7120083570480347
0.9998042108460264 0.0006945906117377436 -0.019775174295987217 -0.023658014833927155 -0.000687841363872307 0.9999997028507172 0.00034809874461798205 -0.01027904823422432 0.01977541020592832 -0.0003344284078007096 0.9998043915230758 0.6309044361114502
0.9998176711048407 0.0006380341108821144 -0.019084482150848025 -0.02287660725414753 -0.0006313089261207873 0.9999997364946211 0.0003584127900796594 -0.01070680096745491 0.019084705801570175 -0.00034629923713941005 0.9998178104441358 0.6572526693344116
0.999851430158892 0.0005722723705451048 -0.017227597439952645 -0.020708542317152023 -0.0005662814938497895 0.9999997774904118 0.0003526250094921105 -0.011111796833574772 0.01722779540419712 -0.0003428169504367402 0.9998515317496145 0.6787335276603699
0.9999994757341318 0.00011211713380262436 -0.0010178217965820544 -0.001274697482585907 -0.00011209843488365204 0.9999999935471648 1.8428535275254185e-05 -0.01269865594804287 0.0010178238561687734 -1.831442938341483e-05 0.9999994818494554 0.764728307723999
0.9999900939964045 0.0001448709390787271 -0.0044486988516844565 -0.005406282376497984 -0.0001441533113889743 0.9999999765474528 0.00016163204104248838 -0.01327859703451395 0.004448722163136708 -0.00016098914524406604 0.9999900914277152 0.7997074127197266
0.9998929612639323 0.0004878445950976532 -0.014622859586791612 -0.01762634515762329 -0.00048323570571259247 0.9999998324518145 0.0003187155398083698 -0.01175201591104269 0.014623012620411492 -0.0003116151370278642 0.9998930294776083 0.708789587020874
0.9999319142388926 0.00030156086055170236 -0.011665159561326435 -0.014820504002273083 -0.0002985875555440578 0.9999999224936658 0.00025662839672325316 -0.010245227254927158 0.011665236046282838 -0.0002531278525050927 0.9999319267801556 0.6947359442710876
0.9999936663741066 0.00012416817350597992 -0.003556936032174261 -0.004836674779653549 -0.00012381883044277998 0.999999987489759 9.843464397720488e-05 -0.011428792029619217 0.003556948210126086 -9.799360486953137e-05 0.9999936692383028 0.740171492099762
0.9998595902310018 0.0005971024393662931 -0.016746441167296535 -0.02021140605211258 -0.0005917513336404548 0.9999997722681819 0.00032449028186877694 -0.010517193004488945 0.016746631107537897 -0.00031453499136877846 0.9998597158673246 0.6678072214126587
0.9996858367694568 0.0008645033605546866 -0.02504955880830696 -0.02993934415280819 -0.0008546495897395305 0.9999995531489028 0.0004040743417652219 -0.009674535132944584 0.02504989693851049 -0.0003825388013059575 0.999686128906186 0.5730862021446228
0.9996899666783952 0.0008530484008652489 -0.024884590231213626 -0.02973073348402977 -0.0008430129259840667 0.9999995590622995 0.00041376855081443975 -0.009758278727531433 0.024884932223260225 -0.00039266223755352514 0.9996902450082282 0.5835198163986206
0.9996794346373536 0.0008339831094822916 -0.02530479075815262 -0.03042973019182682 -0.0008229215205807684 0.9999995612518928 0.000447544626506674 -0.00965164415538311 0.025305152900382818 -0.0004265773023125003 0.9996796823325426 0.5914115905761719
0.999786310326539 0.0007166170582536397 -0.020659625931696887 -0.024744151160120964 -0.000709293189662752 0.9999996829921539 0.00036182697946510086 -0.010014154016971588 0.020659878673818986 -0.00034709592880167696 0.9997865016780331 0.6151787042617798
0.9997810065559891 0.0007199521159737528 -0.02091460252657441 -0.025009043514728546 -0.0007125724261658379 0.9999996812125574 0.00036029893354940125 -0.010021688416600227 0.020914855257241346 -0.00034531686138041445 0.9997812008563846 0.6150004863739014
0.9998110884776954 0.0006655389939001802 -0.019425354948972576 -0.02323303371667862 -0.0006591219989169464 0.9999997260815477 0.0003367417705985592 -0.01019757054746151 0.01942557374278862 -0.00032387447741441387 0.9998112532823815 0.6321721076965332
0.9999325964927295 0.00029681013257252343 -0.01160665218976037 -0.01451279316097498 -0.0002935160414259638 0.9999999161653222 0.0002855130161592758 -0.010844521224498749 0.011606735959876598 -0.00028208703297566873 0.9999325997822374 0.7054905891418457
0.9996962353447458 0.0007871935340240954 -0.02463366322499471 -0.029882274568080902 -0.0007763174733210626 0.9999995969324341 0.0004510722225522606 -0.009639919735491276 0.02463400837710101 -0.0004318116595606124 0.9996964435117129 0.6026327013969421
0.999817129021588 0.0006547453638646013 -0.01911229508818007 -0.023116640746593475 -0.0006483863391977899 0.9999997323662612 0.0003389137960257721 -0.009948424063622952 0.019112511875321772 -0.0003264596674824026 0.9998172859647413 0.624153733253479
0.9997358052861764 0.0008178727284067709 -0.022970648945996413 -0.027587365359067917 -0.000808568164378139 0.9999995872664817 0.0004143481502117847 -0.009549736976623535 0.022970978349291783 -0.00039566534616797727 0.9997360539675509 0.6012316942214966
0.9994291483565934 0.0010955007538971419 -0.0337665114175648 -0.04062817618250847 -0.001075019568639412 0.9999992270397232 0.0006247022354711815 -0.009005699306726456 0.03376716967916271 -0.0005880459626348547 0.9994295535223102 0.5602685213088989
0.9994843257892119 0.0011161125217108083 -0.032091070323743955 -0.038327593356370926 -0.0010970104977008294 0.9999992104943498 0.0006128447152762541 -0.00925190094858408 0.0320917289913232 -0.0005773244460337657 0.9994847610778423 0.5743096470832825
0.9995003015828902 0.0010745077093309704 -0.031591020383868254 -0.037912964820861816 -0.0010567151364727413 0.9999992735306488 0.0005799062809537239 -0.00916520319879055 0.03159162054772975 -0.0005462337932868068 0.9995007109251154 0.5585041046142578
0.9995553847861065 0.0010231834427581249 -0.029799091273740922 -0.035696666687726974 -0.001008052871872834 0.9999993552696294 0.0005227712049334074 -0.009321382269263268 0.029799606952203007 -0.0004924997133646133 0.9995557717654009 0.5573936700820923
0.9997422017611408 0.0007616958649706261 -0.022692506190277968 -0.027360301464796066 -0.0007535458467849375 0.9999996484829667 0.00036769906148107227 -0.00955050066113472 0.022692778288330197 -0.0003505044255177668 0.9997424243074835 0.5790702104568481
0.9999761786561887 0.00030623566695172467 -0.00689553042792899 -0.008819053880870342 -0.00030621449980732847 0.9999999531078293 4.125458587748547e-06 -0.009940802119672298 0.006895531367945163 -2.01384891288666e-06 0.9999762255389366 0.5966448783874512
0.9999944826687376 -1.3790990851488784e-05 0.0033218130430227406 0.0035495003685355186 1.4071652519802308e-05 0.9999999963336448 -8.446715009960746e-05 -0.011558311060070992 -0.0033218118659580987 8.451342746523672e-05 0.9999944791964644 0.7144535183906555
0.9999018513596332 -0.00018408443248877593 0.014009059943458925 0.015377351082861423 0.000186752635566692 0.9999999646719683 -0.00018915473805422632 -0.011520790867507458 -0.014009024628103805 0.0001917524016401201 0.9999018504133219 0.7266421914100647
0.9999731816266637 -0.0001268240902458765 0.007322563970204084 0.00768502289429307 0.00012723113811942435 0.9999999903868818 -5.512235361864607e-05 -0.011335330083966255 -0.007322556908969061 5.6052533474668904e-05 0.9999731881497766 0.7198123335838318
0.9999945736459463 -3.0071565092905605e-05 0.0032942031453372014 0.0034400904551148415 3.0369723761306496e-05 0.9999999954473233 -9.046011896842609e-05 -0.01206084806472063 -0.003294200410062404 9.055967213933037e-05 0.9999945700065596 0.7472773194313049
0.9999943640115673 -1.0177125347030413e-05 0.0033573563300666005 0.003616154193878174 1.0470118072288642e-05 0.9999999961387922 -8.725131510960899e-05 -0.011836854740977287 -0.0033573554291355797 8.728597527939284e-05 0.9999943602569371 0.7337735295295715
0.999999999323606 -3.4565251278632056e-05 1.257105544418627e-05 0.00019937794422730803 3.456431656412948e-05 0.9999999966389073 7.434711499038622e-05 -0.014093871228396893 -1.2573625228645273e-05 -7.434668043015835e-05 0.9999999971572375 0.850721001625061
0.9999999601661665 -1.9582932221999983e-05 -0.0002815744550234095 -5.166057962924242e-05 1.9597738226238632e-05 0.9999999984256229 5.2580247079925436e-05 -0.014170600101351738 0.00028157342490469045 -5.2585763207913384e-05 0.9999999589755709 0.8520964980125427
0.9999907973276507 0.0001473825694904023 -0.004287602871904558 -0.005193761084228754 -0.00014710883275234995 0.9999999871213019 6.41590750269448e-05 -0.012061995454132557 0.00428761227261515 -6.352774033820761e-05 0.9999908061303491 0.7352909445762634
0.9998020085366225 0.000638812264319073 -0.019888077962094363 -0.023878924548625946 -0.0006313313886088438 0.9999997275858288 0.00038242508545664543 -0.010354951024055481 0.01988831684213486 -0.00036979340067777366 0.9998021394786208 0.6493289470672607
0.9999851674848228 0.0001528180554892355 -0.005444396843755211 -0.006550758145749569 -0.0001520033602406157 0.9999999771895849 0.00015005268322079027 -0.012615352869033813 0.005444419650325531 -0.00014922289094735483 0.9999851679036043 0.7673091888427734
0.9999997493680166 -2.610416677130456e-05 -0.0007075185347439615 -0.0005411442252807319 2.6172173996710658e-05 0.9999999950387813 9.61116804598046e-05 -0.014368612319231033 0.0007075160223184719 -9.613017366934067e-05 0.9999997450900017 0.8652082681655884
0.9999999955491075 7.510918288147695e-06 9.404983507191367e-05 0.00022874231217429042 -7.510968623114948e-06 0.9999999999716498 5.34841444817961e-07 -0.013184299692511559 -9.404983105209694e-05 -5.355478477976734e-07 0.9999999955771715 0.8004318475723267
0.9999198717978818 0.00048640664344653725 -0.012649640006151952 -0.015087536536157131 -0.000483967193511019 0.9999998636979369 0.0001959077932007806 -0.010949475690722466 0.012649733572832037 -0.0001897700846888284 0.9999199709115983 0.6648944616317749
0.9999932439564471 0.00021128582644990398 -0.0036697956021716632 -0.004926491994410753 -0.00021140917029976156 0.9999999771012085 -3.3222667336975686e-05 -0.010686471126973629 0.0036697884986590526 3.3998271326613035e-05 0.9999932657255712 0.64542156457901
0.9999953897670937 0.00019634457510404098 -0.003030163917452062 -0.004052463918924332 -0.0001964107714626855 0.9999999804792411 -2.154823759262616e-05 -0.010946312919259071 0.0030301596274214084 2.2143295082917283e-05 0.9999954088106141 0.6704175472259521
0.999997812432877 4.261042967022748e-06 0.0020916766728316417 0.0024028427433222532 -4.175547186680182e-06 0.9999999991557503 -4.0878646372803884e-05 -0.01242772676050663 -0.0020916768452514138 4.086982305337436e-05 0.9999978116064215 0.7659660577774048
0.9998923188346043 -0.0001910450077049439 0.014673589791295627 0.015997694805264473 0.00019415856048827007 0.9999999589406531 -0.0002107632454928679 -0.011099702678620815 -0.014673548923541755 0.00021358955333204398 0.9998923148727022 0.7038909792900085
0.9999699121061255 -9.884072015729211e-05 0.007756617367087119 0.008510732091963291 9.959958589227889e-05 0.9999999902918657 -9.744840012126806e-05 -0.011729343794286251 -0.007756607659914791 9.821802398183372e-05 0.9999699122427783 0.7353382706642151
0.9999833159734556 -2.4637282658430693e-05 0.005776432093965629 0.006249727215617895 2.5146052394952512e-05 0.999999995811468 -8.800420294757187e-05 -0.011649765074253082 -0.005776429901586436 8.814798914720464e-05 0.999983312404524 0.7270689606666565
0.9999834238983027 0.00019502907870307736 -0.005754467159165368 -0.007126028649508953 -0.00019431637432405758 0.9999999733814989 0.0001244112053850196 -0.011536139994859695 0.005754491269792845 -0.00012329095593769095 0.9999834351775864 0.7227961421012878
0.9999994308565701 2.4426375383859677e-05 -0.0010666254676239086 -0.0012045480543747544 -2.434872700362432e-05 0.9999999970528421 7.281109304279369e-05 -0.013201973401010036 0.0010666272429914856 -7.278508063051217e-05 0.999999428504165 0.806047797203064
0.9999896475329041 -2.5854176775792135e-05 0.0045501822578513 0.005142124369740486 2.626512187834689e-05 0.9999999955821564 -9.025425459734842e-05 -0.012202542275190353 -0.004550179904299854 9.037283133471859e-05 0.9999896437941694 0.7519052028656006
0.9999409272888723 -0.00013337809175563697 0.010868493131738778 0.012091911397874355 0.00013495777136562356 0.999999980436946 -0.0001446115739115023 -0.011900557205080986 -0.010868473631102086 0.000146069818924933 0.999940925727384 0.741600513458252
0.9998834724039689 -0.00020367820229797205 0.015264341733963193 0.016992313787341118 0.00020608922287094486 0.999999966536524 -0.00015637833249849682 -0.011701990850269794 -0.015264309372307619 0.00015950592643292842 0.9998834809202749 0.7396770119667053
0.9999309715583988 -0.0001489281472440332 0.011748614330347898 0.0131535604596138 0.00015040548077950572 0.9999999808938503 -0.00012486188445051232 -0.01209273561835289 -0.011748595510428 0.0001266203214160623 0.9999309748531777 0.7561085820198059
0.9997515252640233 -0.0003774067751024609 0.022287783568242403 0.024395965039730072 0.00038413786512355493 0.9999998818982117 -0.0002977274980518495 -0.010198536328971386 -0.022287668571640412 0.00030621510188861856 0.9997515521678132 0.6618742942810059
0.9997055558961823 -0.00038564650347677363 0.02426216781493184 0.02655806951224804 0.0003941585066116641 0.9999998624431504 -0.0003460531061779227 -0.010094336234033108 -0.024262031023334053 0.00035551435271429584 0.9997055703856852 0.6555984020233154
0.9996857635662921 -0.00038812064503610693 0.025064386791708016 0.027507418766617775 0.0003968701356766247 0.9999998620421945 -0.0003441070870947188 -0.010059324093163013 -0.025064249778815616 0.0003539462626975331 0.999685779685331 0.6571806073188782
0.9996479808364557 -0.000415715027522463 0.0265281282907966 0.029212212190032005 0.0004246356573204436 0.9999998551814899 -0.00033063810669799605 -0.01021331176161766 -0.02652798699780296 0.0003417865049424838 0.9996480125963485 0.6728770732879639
0.9999284636607811 -0.00012823441028686914 0.011960397858182984 0.013735865242779255 0.00012920226615629286 0.999999988441451 -8.014906409087162e-05 -0.013267701491713524 -0.011960387442070168 8.168864102764284e-05 0.9999284686712353 0.8256314992904663
0.9999493656595245 -9.63325881812492e-05 0.010062645633552256 0.01158740185201168 9.714579853230918e-05 0.9999999920552124 -8.032601289944815e-05 -0.013260658830404282 -0.010062637815593954 8.129948939018107e-05 0.9999493670734457 0.821013331413269
0.9999458843884603 -0.00010359813156984988 0.010402767036079986 0.011744738556444645 0.00010465949612449824 0.9999999893738154 -0.00010148280156649939 -0.012745523825287819 -0.010402756412109634 0.00010256605811892854 0.999945884605379 0.7875324487686157
0.999983666669412 -6.553185570277127e-05 0.005715076550161631 0.006497212685644627 6.576486213515461e-05 0.9999999970140191 -4.0582565568488044e-05 -0.012895730324089527 -0.005715073873645692 4.0957753941441736e-05 0.9999836679931733 0.7990249991416931
0.9999883251048494 -8.228153931407598e-05 0.004831447375960637 0.0058041103184223175 8.207538766858905e-05 0.9999999957130269 4.286697094625305e-05 -0.014392219483852386 -0.004831450882408706 -4.2469927562479464e-05 0.9999883275712155 0.87386155128479
0.9999766636633068 -0.00010732040091647968 0.0068308572766230214 0.0080840103328228 0.00010729960042336221 0.9999999942375787 3.4115563172981136e-06 -0.014275643974542618 -0.006830857603390334 -2.678528447740579e-06 0.999976669416456 0.8723263144493103
0.9999882014593534 -6.986606923239413e-05 0.004857165924694942 0.005732603836804628 6.991339022275745e-05 0.9999999975102405 -9.572719783018969e-06 -0.013634923845529556 -0.004857165243793465 9.912187775565389e-06 0.9999882038541971 0.8371464610099792
0.9999907981872516 -4.16567502682262e-05 0.00428973257194644 0.005062611307948828 4.180123200543626e-05 0.9999999985621452 -3.3591173244508336e-05 -0.013232963159680367 -0.004289731166479312 3.377018025130334e-05 0.9999907984907134 0.8090457916259766
0.9999903121099409 -8.674699395345884e-05 0.004400927313896548 0.005130516830831766 8.644860788470825e-05 0.9999999939519373 6.799090904397561e-05 -0.014190449379384518 -0.00440093318528644 -6.760979631583563e-05 0.9999903135610936 0.8641151785850525
0.999999533189857 -0.00010436642389186906 0.000960587173532251 0.0017570252530276775 0.00010418849105161879 0.9999999774077453 0.0001852815897670175 -0.016758333891630173 -0.0009606064890073577 -0.00018518142114755818 0.9999995214713929 0.9776761531829834
0.9999995060252089 -0.00010180330708080294 0.0009887291970484347 0.0017188969068229198 0.0001016760689385129 0.999999986544255 0.00012873797825086833 -0.016134832054376602 -0.0009887422896962795 -0.0001286373845595518 0.9999995029204305 0.9475948214530945
0.9999999925240155 -5.8269624151051176e-05 -0.00010750172069068915 0.0003120985929854214 5.82842513364925e-05 0.9999999890444202 0.00013606654844868556 -0.015657944604754448 0.00010749379096630781 -0.000136072813088762 0.9999999849646372 0.9219996929168701
0.9999999930207035 -6.759638419469734e-05 -9.689851085724672e-05 0.0004273105296306312 6.760766451890833e-05 0.9999999909383458 0.00011641525542876825 -0.015710337087512016 9.689064072885385e-05 -0.0001164218056982861 0.9999999885290832 0.9234205484390259
0.9999984437301425 -6.223829701436629e-05 0.0017631402915491768 0.0023538486566394567 6.211234675427683e-05 0.9999999955156286 7.148985543975672e-05 -0.01484467089176178 -0.0017631447330494572 -7.138023140108444e-05 0.9999984431115445 0.8870614767074585
0.9999979793307388 -1.7148417977354868e-05 0.0020102339095701073 0.0023742313496768475 1.7171717011551758e-05 0.9999999997855994 -1.1572951486908935e-05 -0.013424616307020187 -0.0020102337106813026 1.1607447269623767e-05 0.9999979794108064 0.8157491683959961
0.9999980880301689 -3.0459806747884527e-06 0.001955486315089183 0.0022401968017220497 3.1842425533695436e-06 0.9999999974955799 -7.070149096262234e-05 -0.012384369038045406 -0.0019554860948364484 7.070758252624164e-05 0.9999980855354528 0.7561724781990051
0.9999976223692159 -2.7429504072136836e-05 0.002180482409323557 0.002663613064214587 2.7412242576998755e-05 0.999999999592713 7.946250831524462e-06 -0.013781994581222534 -0.0021804826263971946 -7.88646002553461e-06 0.9999976227138341 0.8357025384902954
0.9999999941929263 1.2640423599956374e-05 0.0001070250767077683 0.0002594885299913585 -1.2636528719486768e-05 0.9999999992579404 -3.6392821110019625e-05 -0.012853979133069515 -0.00010702553664902414 3.6391468473228313e-05 0.9999999936105978 0.7777360081672668
0.9999992000292954 -1.209314194643683e-05 0.0012648298403444272 0.0013962923549115658 1.2094207128032221e-05 0.9999999999265169 -8.345055113094221e-07 -0.012969376519322395 -0.00126482983015969 8.498019578003017e-07 0.9999992001020693 0.7980452179908752
0.9999999314824305 -2.5574464334899313e-05 -0.00036929809297859385 -2.616067649796605e-05 2.5603210872401336e-05 0.999999996642978 7.783649477970739e-05 -0.014532467350363731 0.0003692961011121922 -7.784594466348924e-05 0.999999928780197 0.8688170909881592
0.9999999857759843 -8.672178510909862e-06 0.00016844235019157058 0.00032962701516225934 8.661339202871846e-06 0.9999999978919732 6.435087698271708e-05 -0.013665403239428997 -0.00016844290789878204 -6.434941713105804e-05 0.9999999837430699 0.829959511756897
0.9999990559422172 -1.1859626520846982e-05 0.0013740356703234328 0.0017479402013123035 1.186123782840141e-05 0.9999999999289774 -1.1645335979291986e-06 -0.01332910731434822 -0.0013740356564149118 1.1808302624126053e-06 0.9999990560118646 0.8107618093490601
0.9999996151996081 -4.3560689050718145e-05 0.0008761866818812797 0.0012668489944189787 4.348085878932783e-05 0.9999999949023813 9.112986129234814e-05 -0.014528501778841019 -0.0008761906470943653 -9.109172887615386e-05 0.9999996119960479 0.8707121014595032
0.9999999870048518 -6.226089454544065e-05 -0.0001487073551567545 0.0003227878478355706 6.227746734827678e-05 0.9999999918509073 0.00011144372034280363 -0.015302632004022598 0.00014870041535920445 -0.00011145298001203119 0.9999999827332099 0.905943751335144
0.9999999585821385 -6.503457152447568e-05 -0.00028036801865998 0.00023232231615111232 6.507081679802894e-05 0.9999999895274884 0.00012927030589189397 -0.015474570915102959 0.0002803596086848682 -0.00012928854431377258 0.99999995234148 0.9147276282310486
0.9999931050408306 -6.412566721184216e-05 0.0037129178144933977 0.004496407229453325 6.397671801353616e-05 0.9999999971440525 4.023523802272432e-05 -0.014278752729296684 -0.0037129203840009836 -3.9997420306375706e-05 0.9999931062874525 0.8636844158172607
0.9999999541652982 -7.67572976153148e-05 0.00029287833507540844 0.000790763006079942 7.672040074602923e-05 0.9999999891203322 0.00012598934857659707 -0.01538420282304287 -0.0002928880024909145 -0.000125966873058676 0.9999999491744813 0.9116377830505371
0.9999979170077552 -2.1498717526158603e-05 0.0020409600574390705 0.002485038246959448 2.147977848075836e-05 0.9999999997260516 9.301397963915334e-06 -0.01354194525629282 -0.0020409602568480798 -9.25753921925364e-06 0.9999979171955949 0.8234330415725708
0.9999964829974715 -2.9769265144228712e-05 0.002652000467195718 0.0030668871477246284 2.9793607083902396e-05 0.9999999995144077 -9.139202740635232e-06 -0.012999447993934155 -0.0026520001938405784 9.218183257942044e-06 0.999996483398815 0.8028770089149475
0.9999984779619595 2.4198671419947033e-05 -0.0017445595972761976 -0.0019110364373773336 -2.401121148450494e-05 0.9999999939363058 0.00010747488075429847 -0.013695268891751766 0.001744562187447047 -0.00010743282818400407 0.9999984724793141 0.8324906229972839
0.9999966568103725 5.180501975294054e-05 -0.002585282251089785 -0.00302133709192276 -5.148056317489651e-05 0.9999999907912391 0.0001255678021740064 -0.01329650916159153 0.0025852887323250117 -0.0001254342905907805 0.9999966502685942 0.812211811542511
0.9998626206784792 0.0005226217248409239 -0.016567034631949272 -0.019817925989627838 -0.0005170026465907203 0.9999998073740215 0.0003434533203378761 -0.011413748376071453 0.016567210936874695 -0.00033484093620287617 0.9998626982757784 0.6982160210609436
0.9999936225811479 0.00015869796595239542 -0.003567858179392504 -0.004290286917239428 -0.0001584110299491413 0.9999999841963296 8.070493115329076e-05 -0.012165447697043419 0.0035678709307156663 -8.013922837523135e-05 0.9999936319170866 0.7399225831031799
0.9999851780366148 -4.213873157258622e-05 0.005444440412710462 0.006205640267580748 4.258978525762485e-05 0.9999999956708674 -8.273074348900413e-05 -0.012447408400475979 -0.005444436902972164 8.296139480497855e-05 0.9999851755022257 0.7704758048057556
0.9999858214450924 -5.1204478121537634e-05 0.0053248743539589085 0.00615113228559494 5.139821341433396e-05 0.9999999980222173 -3.62462339666516e-05 -0.012948279269039631 -0.0053248724874579685 3.65194090758824e-05 0.9999858220991563 0.8041723370552063
0.9999992693391928 -6.487598260026628e-05 0.0012071090204346293 0.0017621724400669336 6.474861587888952e-05 0.9999999923331292 0.00010555263120396725 -0.014981964603066444 -0.0012071158590105458 -0.00010547439544250849 0.9999992658729578 0.8937915563583374
0.9999989255193008 -4.7810947724990375e-05 0.001465153356081585 0.0019729610066860914 4.773401659381738e-05 0.9999999974803931 5.25421449353383e-05 -0.014424171298742294 -0.0014651558644797197 -5.247215082520599e-05 0.9999989252819054 0.8664276599884033
0.9998025316764834 -0.0002476220314529312 0.019870489088691407 0.021617332473397255 0.00025395367575335894 0.9999999177869144 -0.0003161229108936227 -0.00963116716593504 -0.019870409176079802 0.00032110667037547354 0.9998025123641574 0.6289224028587341
0.9999849402824325 -1.1647265605525369e-05 0.005488084609540301 0.006014783401042223 1.1907101730508382e-05 0.9999999988098587 -4.731283129352979e-05 -0.011861076578497887 -0.005488084051943591 4.737746595740462e-05 0.9999849392309941 0.7548521161079407
0.9999900405314739 -9.188686091005462e-05 0.004462106527850868 0.005423531401902437 9.163993215985792e-05 0.9999999942585225 5.554347618182093e-05 -0.014581062830984592 -0.004462111605947453 -5.513401585881575e-05 0.9999900432105593 0.8823293447494507
0.9999964915542334 -1.2596655531013342e-06 0.0026489389644662113 0.0029020991642028093 1.3046739890626732e-06 0.9999999998548293 -1.69893906088321e-05 -0.012580206617712975 -0.0026489389426807126 1.6992787004242092e-05 0.9999964914107066 0.7799340486526489
0.9999862313076353 0.0002200797159065857 -0.005242972446159764 -0.0064463126473128796 -0.00021909350488889305 0.999999958199867 0.00018867511884861028 -0.012070932425558567 0.0052430137505693735 -0.00018752381982967695 0.9999862377261142 0.7440431714057922
0.9999958254268339 -1.450780953045532e-05 0.002889449502701891 0.0033394801430404186 1.462157227908445e-05 0.9999999991188678 -3.935065225497903e-05 -0.012774799019098282 -0.0028894489292641363 3.939273627755258e-05 0.9999958247578324 0.7835710644721985
0.9999892226508661 0.00026656478285114004 -0.004635032398297625 -0.006168779451400042 -0.0002661903995392403 0.99999996125923 8.138925026396862e-05 -0.010870312340557575 0.004635053914240723 -8.015457197762262e-05 0.9999892548674995 0.6787196397781372
0.999828357486174 -0.0001908779632964177 0.018526174243547723 0.020244378596544266 0.00019648866866154498 0.999999935385632 -0.00030103311219267077 -0.009671187028288841 -0.018526115585903342 0.00030462162542505564 0.9998283303882536 0.6221349835395813
0.9999915994449101 6.399488490355142e-05 0.0040984075279029775 0.003701610956341028 -6.337220893276523e-05 0.9999999864307254 -0.0001520608821624904 -0.009498095139861107 -0.004098417203409214 0.00015179987962852292 0.9999915899312469 0.5966328382492065
0.9999955274809238 7.689744228039517e-05 0.0029898335960935646 0.0022966419346630573 -7.659699002526748e-05 0.9999999920056997 -0.00010060567326507432 -0.009648655541241169 -0.00298984130851089 0.00010037621105014428 0.9999955253767719 0.6076361536979675
0.9999269005804696 0.0004249569883269839 -0.01208358006111524 -0.014956030063331127 -0.0004217800597946921 0.9999998758162665 0.0002654600392320124 -0.010617446154356003 0.012083691369629947 -0.00026034402113652496 0.999926955644198 0.6839443445205688
0.9999244020215418 0.0005555628446493416 -0.012283386820747203 -0.015090185217559338 -0.0005525964352803889 0.9999998173329284 0.0002448903631565534 -0.01031893864274025 0.012283520628963682 -0.0002380840941698398 0.9999245263703268 0.6542543768882751
0.999934929715332 0.0005190223217838819 -0.011395918173760936 -0.0143513772636652 -0.0005172892661920851 0.9999998541896866 0.00015502393452278612 -0.009731161408126354 0.011395996973000965 -0.0001491188609215466 0.9999350523991828 0.5908179879188538
0.9998491666072518 0.0007023368968172738 -0.01735369579276289 -0.021234776824712753 -0.0006977478543635627 0.9999997199901305 0.00027049508788567263 -0.009347732178866863 0.017353880912237423 -0.0002583457841891667 0.9998493766936798 0.5712161660194397
0.9999417508005423 0.0005043573457287467 -0.010781494776402355 -0.013473979197442532 -0.000503279271690786 0.9999998680807275 0.00010270589942777508 -0.00955555122345686 0.010781545154590236 -9.727381405254806e-05 0.9999418727215518 0.563327431678772
0.9999391379858799 0.00048269966501389986 -0.011022128881874317 -0.01385476067662239 -0.0004815608538278207 0.9999998784342992 0.00010597419812086604 -0.009609674103558064 0.011022178695671429 -0.00010065992252236797 0.9999392488768407 0.5756169557571411
0.9999988641776925 0.0002679445458790411 -0.0014831888098177503 -0.0027883010916411877 -0.00026801120210058016 0.9999999630840478 -4.47425839689774e-05 -0.009640634059906006 0.00148317676653308 4.514004436521381e-05 0.9999988990739219 0.5897149443626404
0.9997056167360484 0.0008366746526896924 -0.02424829564985509 -0.029240809381008148 -0.000826899998849421 0.9999995727795054 0.00041313097056349643 -0.009603088721632957 0.02424863094669754 -0.00039295843607497686 0.9997058814875897 0.5838690400123596
