0.9999975770858848 3.6462747422027946e-05 -0.0022010208604116652 -0.0026582584250718355 -3.6145663253393885e-05 0.999999988964063 0.00014410192550917556 -0.01326704677194357 0.002201026090473451 -0.0001440220190037521 0.9999975673679447 0.8194053173065186
0.999992980777357 0.00013134802551714695 -0.003744481768220028 -0.004482629243284464 -0.00013096589836310207 0.999999986191755 0.00010229576290352155 -0.012454197742044926 0.003744495152861783 -0.00010180464544810711 0.9999929841713212 0.7595942616462708
0.999992824597997 -1.5922523088404488e-05 0.0037882052470176067 0.0044766077771782875 1.6166214002676644e-05 0.9999999978021948 -6.429824529021556e-05 -0.012677781283855438 -0.0037882042149015734 6.435902486116683e-05 0.9999928226576142 0.7792333364486694
0.9999971283537298 -7.151713684237847e-06 0.002396504359926729 0.0028714612126350403 7.1636595664239355e-06 0.9999999999619601 -4.976127380059852e-06 -0.013254733756184578 -0.0023965043242477274 4.993280831766187e-06 0.9999971283669223 0.8115905523300171
0.9999975693633628 0.0002023481947132007 -0.0021955233031719225 -0.0028484242502599955 -0.00020231340575971 0.9999999794055608 1.606748448917282e-05 -0.01194051094353199 0.0021955265091828306 -1.5623261638066833e-05 0.999997589706726 0.7203623652458191
0.9999997564538528 0.00011115664380419861 0.000689011201622303 0.0006271165912039578 -0.00011113639301616253 0.9999999933913092 -2.9429304238855265e-05 -0.012102147564291954 -0.0006890144683315296 2.9352722851765566e-05 0.9999997621987119 0.7338826060295105
0.999968143874622 -1.874079458499484e-05 0.007981909841999509 0.008915646001696587 2.0337362864902905e-05 0.9999999798047494 -0.00019994222189836664 -0.011464477516710758 -0.00798190593372673 0.00020009818351068918 0.9999681240611532 0.6966319680213928
0.9999930317660779 3.476594662640547e-05 0.0037329895013239562 0.004025047644972801 -3.438360522044714e-05 0.9999999941571489 -0.00010248643766467903 -0.011655804701149464 -0.003732993042550676 0.00010235736987790194 0.999993027118646 0.7121339440345764
0.9999759503101994 0.0003094083348735762 -0.006928424618597758 -0.008550900965929031 -0.00030878792678916303 0.999999948219479 9.061487300541934e-05 -0.011585191823542118 0.006928452296837293 -8.847327987194046e-05 0.9999759940724822 0.6953069567680359
0.9997761641360323 0.0007021216549580811 -0.02114541677581983 -0.02548227645456791 -0.000693893647056531 0.9999996806694231 0.0003964500707412748 -0.01047575380653143 0.021145688379621465 -0.0003816886606320664 0.9997763320746889 0.6397271752357483
0.9999989231052858 6.139015700448548e-05 -0.001466294485330793 -0.001967982156202197 -6.125739343943384e-05 0.9999999940206435 9.058832797236263e-05 -0.0127790542319417 0.0014663000377949725 -9.049840904008506e-05 0.9999989208865365 0.7903822064399719
0.9999980618798565 -8.440850231415987e-05 0.0019670057792304974 0.0027753333561122417 8.41749125393381e-05 0.9999999893962389 0.00011883646877701116 -0.015819234773516655 -0.0019670157891811878 -0.00011867066591822612 0.9999980583811943 0.9334572553634644
0.9999931547138041 -4.43414429676579e-05 0.00369980531517057 0.004386864136904478 4.433674552384642e-05 0.999999999016213 1.351665148579234e-06 -0.013889226131141186 -0.0036998053714655324 -1.1876185692979593e-06 0.9999931556959791 0.844704806804657
0.9999919099388018 4.602939291434353e-05 0.004022180781823411 0.004416957497596741 -4.564383753810023e-05 0.9999999943552108 -9.594903829288523e-05 -0.011915401555597782 -0.0040221851755950335 9.576467429313915e-05 0.9999919063950167 0.7249127626419067
0.9998512754195711 -0.00021007910717235157 0.017244793667246936 0.019053401425480843 0.00021502404265554323 0.9999999362995166 -0.00028489581259168634 -0.010794322937726974 -0.017244732718087293 0.0002885614868305848 0.9998512569006203 0.6797091960906982
0.9999907475239737 7.820977742146714e-05 0.0043010172837140365 0.004634317476302385 -7.776849186744348e-05 0.9999999916954593 -0.00010276742139764058 -0.011747331358492374 -0.0043010252854132165 0.00010243198691688756 0.9999907453017663 0.7136290073394775
0.9999579258227477 -4.39770169774741e-05 0.009173039315825266 0.010433708317577839 4.504073019448302e-05 0.9999999922861401 -0.000115754273803651 -0.01206639502197504 -0.009173034154538063 0.00011616256392670479 0.9999579200899695 0.7555158734321594
0.9999655565373377 -7.826833682613718e-05 0.00829937425591512 0.009626785293221474 7.879041004586426e-05 0.9999999949380206 -6.257818786796727e-05 -0.013397732749581337 -0.008299369316013175 6.32299435592376e-05 0.9999655576423272 0.8299907445907593
0.9999873556760103 -0.00013528875459626455 0.0050269458972218425 0.0064078932628035545 0.00013456697531190434 0.999999980589378 0.00014392002252407952 -0.0166709553450346 -0.005026965270406304 -0.00014324174184824034 0.9999873544710322 0.9817516803741455
0.9999951631271802 -0.00020215672299126892 0.0031036840856374422 0.0046478756703436375 0.0002013209632640501 0.9999999433955618 0.000269589953442222 -0.019176620990037918 -0.003103738409376687 -0.0002689638128001159 0.999995147221402 1.098381757736206
0.9999739861543863 -2.479054918470571e-05 0.007212932824829731 0.008132805116474628 2.561370709038983e-05 0.999999993170532 -0.00011403014334712839 -0.011884448118507862 -0.00721292994869936 0.00011421192693322192 0.999973979960074 0.7405974268913269
0.9999801795851192 -0.00011935453073328838 0.006294933789075685 0.007650266867130995 0.00011882238970658572 0.9999999893358732 8.490873468431085e-05 -0.015578057616949081 -0.0062949438561878965 -8.415907268209968e-05 0.9999801831031944 0.9327183961868286
0.9999571398703371 -0.00014920211257319664 0.009257222103006503 0.01099370326846838 0.00014906984645770408 0.9999999887769218 1.497788347203709e-05 -0.014931818470358849 -0.009257224233843833 -1.3597268840489362e-05 0.9999571508892761 0.9082784652709961
0.9997055750366467 -0.00032179004233942685 0.024262310108810723 0.026829533278942108 0.0003277050157107622 0.9999999175486017 -0.00023981703885731775 -0.011251971125602722 -0.024262230937614242 0.0002476973114498279 0.9997055980617352 0.7184373140335083
0.9992245155956981 -0.0006802277538569596 0.03936882932912516 0.04316767677664757 0.0007012644312013359 0.9999996186321984 -0.0005205416945555522 -0.008414702489972115 -0.039368460228213574 0.0005477459822961868 0.99922461154317 0.5873735547065735
0.999538080737441 -0.0004465290907315691 0.030387921407752646 0.0334860235452652 0.00045883691904434275 0.9999998155117287 -0.00039805174294639024 -0.009946722537279129 -0.03038773805985472 0.0004118109754137231 0.9995381012184207 0.6477240920066833
0.999853684834368 -0.0002503966103552994 0.01710398271379176 0.01873883605003357 0.00025317215673892026 0.9999999551343596 -0.00016010976727486012 -0.010985500179231167 -0.01710394185546761 0.00016441659298021787 0.999853703368742 0.7118913531303406
0.9991427071975758 -0.0006287721747857742 0.04139390413395676 0.04554373025894165 0.0006556500690131137 0.9999995829739446 -0.0006357475311215584 -0.007951293140649796 -0.04139348713126245 0.00066234242544112 0.9991427027835539 0.5428012609481812
0.9991199044349816 -0.0006596518480891033 0.041940212460986226 0.04608488827943802 0.000687074235802123 0.9999995595266405 -0.0006394337489173202 -0.007167619653046131 -0.04193977218378575 0.0006676870255367858 0.9991199175790701 0.5144201517105103
0.999102134479311 -0.000654326435798135 0.042361500632062114 0.04660460352897644 0.0006842341990165078 0.9999995268133844 -0.0006915175832874008 -0.0063864802941679955 -0.042361028108931435 0.0007198818809465331 0.999102109430078 0.4772781729698181
0.9990545260601382 -0.0006652982510551357 0.04346965995944002 0.0477432943880558 0.0006932886127379848 0.9999995619597364 -0.0006288332326415545 -0.007316201459616423 -0.04346922255632883 0.0006583757074570451 0.999054549677732 0.5310409069061279
0.9992748839424564 -0.0005864677617001479 0.038070492213185134 0.041733644902706146 0.0006096817476748328 0.9999996352484568 -0.000598156434042348 -0.00770825520157814 -0.03807012752744933 0.000620933585434477 0.9992748770140906 0.5367780327796936
0.9994351897519166 -0.000505729072067062 0.03360127562542881 0.03666706383228302 0.0005248253854576427 0.9999997057569621 -0.0005595036227568381 -0.007704438641667366 -0.03360098278123944 0.0005768224118088494 0.9994351610945253 0.5428162813186646
0.9994034823187159 -0.0005232136157647398 0.034531229007042114 0.03775839880108833 0.0005437802998696907 0.9999996803316323 -0.0005862078292104515 -0.007932593114674091 -0.034530911256582586 0.0006046355479397385 0.9994034473542928 0.5450591444969177
0.9996067535550796 -0.00039049037559764815 0.028039004339324103 0.03073059394955635 0.0004046798684754736 0.9999997929220501 -0.0005003899086561223 -0.008413913659751415 -0.028038803135621196 0.0005115399526916902 0.9996067045821564 0.5578073263168335
0.9997713401960474 -0.00028072972421746634 0.0213819670147824 0.023474613204598427 0.0002913852130742811 0.9999998349228938 -0.000495226052207843 -0.007859105244278908 -0.0213818244604361 0.0005013432029303826 0.9997712569571782 0.5086266994476318
0.9998751597670913 -0.00018595668464208554 0.015799693061743666 0.016819488257169724 0.000191913887262971 0.9999999110730917 -0.00037553011693756207 -0.008289724588394165 -0.01579962182439028 0.00037851541618334034 0.9998751065389547 0.5424758791923523
0.9999366042511523 0.00031495705642959406 -0.0112555888662985 -0.014190680347383022 -0.0003128981074346417 0.9999999339926807 0.0001846873264480633 -0.010046865791082382 0.01125564629192395 -0.0001811537656023732 0.9999366367974845 0.6513411402702332
0.9997850728342782 0.0005898405943392254 -0.02072342215539757 -0.02536194771528244 -0.0005808071281979691 0.9999997336838897 0.0004419221988735532 -0.009861317463219166 0.020723677300068823 -0.00042979090647936904 0.9997851491590279 0.6562478542327881
0.9999171898591275 0.00044302085653695304 -0.012861460132759918 -0.015823813155293465 -0.000440350485967419 0.9999998808996602 0.0002104569203990393 -0.009913361631333828 0.012861551837760781 -0.000204775942212102 0.9999172658530997 0.6432862877845764
0.9999021961649809 0.0005541909664152402 -0.013974654801500619 -0.016924608498811722 -0.0005507952021117296 0.9999998178467933 0.0002468421072236555 -0.009789098054170609 0.013974789053638387 -0.00023912079230309062 0.9999023192753146 0.6339883804321289
0.9997603803477408 0.0007048282640732016 -0.02187887346411266 -0.026481417939066887 -0.0006977880877031098 0.9999997022896125 0.00032941231120257896 -0.009316044859588146 0.021879099129652236 -0.00031406656026349727 0.9997605745294573 0.5667392015457153
0.9998610546472796 0.0005782696954282266 -0.016659441881072837 -0.020488154143095016 -0.00057505975154718 0.9999998151559366 0.00019746993295602716 -0.009383928962051868 0.016659552992551896 -0.0001878623209174965 0.9998612023685269 0.5573169589042664
0.9998812159260827 0.00055220709813734 -0.015402892763985142 -0.018793106079101562 -0.0005500283818655917 0.9999998381224012 0.0001456844196827825 -0.00966560747474432 0.015402970718572486 -0.00013719508651088234 0.9998813577972893 0.5654205679893494
0.999806157204524 0.0006506225738877971 -0.0196780259728638 -0.02366703748703003 -0.0006440285828590788 0.9999997343265067 0.0003414294952999508 -0.009995322674512863 0.019678242886670933 -0.0003286901004713563 0.999806310602064 0.6199650764465332
0.9999184986965904 0.00040868085802633566 -0.01276044451861619 -0.015560097061097622 -0.0004059744311306155 0.9999998945476308 0.0002146846248692162 -0.010754900984466076 0.012760530910493782 -0.0002094867135880484 0.9999185591667948 0.6699138879776001
0.9999576225991121 0.00021859947504581699 -0.009203543893588672 -0.011394310742616653 -0.00021600111248620523 0.9999999365380565 0.0002833150232940942 -0.011636641807854176 0.009203605242029253 -0.00028131504141994373 0.9999576063575878 0.7659026384353638
0.9999430950708105 0.00026971151335749243 -0.010664608567957827 -0.0132199227809906 -0.00026660788512087 0.9999999216989816 0.0002924419026621281 -0.01109266560524702 0.01066468660785625 -0.00028958199254041993 0.9999430886814639 0.7453222274780273
0.9997989539010909 0.0005533262815424331 -0.020043592699667247 -0.024666802957654 -0.0005437695973126671 0.9999997358786377 0.00048224193065348684 -0.010070153512060642 0.02004385424286053 -0.0004712458814636015 0.9997989907148386 0.6922464966773987
0.999971619290873 0.00015285130865039587 -0.007532413243223984 -0.009229863993823528 -0.00015110281616661914 0.999999961509866 0.00023269766925759563 -0.012559117749333382 0.007532448521443656 -0.00023155289627914804 0.9999716038980947 0.7999315857887268
0.9999986071361306 -1.8841453603192115e-05 -0.0016689430182905548 -0.0016605473356321454 1.8964034032719836e-05 0.9999999971240426 7.343214720574904e-05 -0.014452651143074036 0.001668941629922351 -7.346369481696187e-05 0.9999986046174872 0.8768980503082275
0.9999990702370881 2.4714390933560977e-06 -0.001363641760625866 -0.0015347363660112023 -2.4363338758744447e-06 0.9999999996656197 2.5745384808410232e-05 -0.013528389856219292 0.0013636418237980414 -2.5742038584690312e-05 0.9999990699087294 0.8325687646865845
0.9999985405122368 1.684820761679773e-05 -0.0017084172600698349 -0.0019502786453813314 -1.679355961322562e-05 0.9999999993469293 3.200184395325076e-05 -0.013357376679778099 0.0017084177981278284 -3.197310683984986e-05 0.9999985401421083 0.8259998559951782
0.9999980159653994 4.5881928888027995e-05 -0.001991471845913421 -0.0023825522512197495 -4.582091904638346e-05 0.9999999984795545 3.068116795010436e-05 -0.012786786071956158 0.0019914732505966633 -3.058985600737081e-05 0.9999980165473092 0.799778401851654
0.9999952337430363 4.981603558177634e-05 -0.0030870713584605965 -0.0033074652310460806 -4.938757931595076e-05 0.9999999891384662 0.00013886660490240106 -0.014062734320759773 0.0030870782427139982 -0.0001387134800469085 0.999995225341848 0.8636487722396851
0.9999916228343472 0.00013896282548017913 -0.004090837379077654 -0.005165329668670893 -0.00013843667900341098 0.999999982110203 0.00012889871898617077 -0.012557795271277428 0.004090855218023594 -0.00012833131723914685 0.999991624182252 0.7916120886802673
0.9999138679050618 0.0003196015809920858 -0.013120770784071627 -0.01607475057244301 -0.0003156659618794947 0.9999999045684798 0.0003020232308253169 -0.0111174825578928 0.013120866059038592 -0.0002978554362015716 0.9999138733691016 0.7162811756134033
0.9999781778906817 0.00023954272832091042 -0.006601996797466153 -0.00822270754724741 -0.00023884485765271568 0.9999999658060558 0.00010649423158577348 -0.010635637678205967 0.006602022081636627 -0.00010491505467169555 0.9999782009110324 0.6892662644386292
0.9999963514600828 8.671041305322906e-05 -0.002699916262927872 -0.0036443574354052544 -8.656810477208191e-05 0.9999999948577294 5.282522439784758e-05 -0.011737246997654438 0.002699920829541199 -5.259130502898275e-05 0.9999963538241871 0.7500066161155701
0.9999986775812313 3.56052340741929e-05 -0.0016259053035148257 -0.0020957894157618284 -3.561186831831564e-05 0.9999999993576906 -4.051387971379708e-06 -0.012391544878482819 0.0016259051582198742 4.109284139315036e-06 0.9999986782068916 0.7768712639808655
0.9999988187449875 4.396125257490249e-05 -0.0015364166224229652 -0.0019947930704802275 -4.3956715384167605e-05 0.9999999990294428 2.9868670329290325e-06 -0.012270662933588028 0.001536416752238201 -2.919327676494028e-06 0.9999988197068238 0.7705051302909851
0.999998159561856 3.5650708325068087e-05 -0.0019182288517184314 -0.0022240777034312487 -3.560725760340355e-05 0.9999999991087427 2.268562627796011e-05 -0.013377676717936993 0.0019182296587674414 -2.2617281657602772e-05 0.9999981599400244 0.8261362910270691
0.9999985853957801 2.61135642706731e-06 -0.0016820224789992277 -0.0017668413929641247 -2.5216867514923123e-06 0.9999999985756962 5.3312747102944106e-05 -0.0139999371021986 0.001682022615822101 -5.330843015270607e-05 0.9999985839780632 0.8560115098953247
0.9999968664886619 1.4862074507219919e-05 -0.002503356142459134 -0.002534518949687481 -1.450555538162176e-05 0.9999999897509927 0.00014243455837195974 -0.014631981961429119 0.002503358233675237 -0.00014239779948049176 0.9999968564552694 0.8905729055404663
0.9999961024019398 7.954719032879361e-06 -0.0027919737913527235 -0.002697973046451807 -7.3616700022224635e-06 0.9999999774112821 0.0002124223177300553 -0.014980238862335682 0.0027919754180454693 -0.00021240093620353496 0.99999607987187 0.9050818085670471
0.9998919102608737 0.0004682730345772255 -0.01469518680472746 -0.017459796741604805 -0.0004624063443578784 0.9999998120385316 0.0004026205084571288 -0.012370342388749123 0.01469537257892585 -0.0003957818417013726 0.9998919388521442 0.7396343946456909
0.9992126033644365 0.0012930431151254897 -0.03965477672573354 -0.04789780080318451 -0.0012609264711279222 0.9999988564974723 0.0008349060918825225 -0.008698859252035618 0.03965581094997 -0.0007842469319546178 0.999213091194591 0.5713038444519043
0.9999346479401975 0.0005840738356527734 -0.011417473734054542 -0.014528393745422363 -0.0005822678621992977 0.9999998174409659 0.00016149975665564735 -0.009484521113336086 0.011417565977473893 -0.00015484117429104773 0.9999348054805176 0.5918492674827576
0.999991364872583 0.0004012742300710048 -0.0041363219484180135 -0.0059955911710858345 -0.0004011802978832225 0.9999999192501438 2.353879343761242e-05 -0.009490743279457092 0.004136331059921824 -2.1879179305724594e-05 0.9999914451067391 0.5719366669654846
0.999994316786783 0.00018008672768876483 0.0033665951503490197 0.002579077612608671 -0.0001796957484327289 0.9999999770759268 -0.00011643704082640196 -0.009548043832182884 -0.003366616041938609 0.00011583141625466059 0.999994326223659 0.5871134400367737
0.9999151541969801 0.0005994023711176326 -0.01301249876183989 -0.01604781672358513 -0.0005973147874510769 0.9999998081077996 0.000164314966544551 -0.00975029170513153 0.01301259475562343 -0.00015652846717713057 0.9999153203529609 0.5783782005310059
0.9997761608251372 0.0007976306803000637 -0.021142186051753154 -0.025449473410844803 -0.0007925032348361781 0.999999654493981 0.0002508994639845525 -0.008887316100299358 0.021142378872110765 -0.00023408805201803804 0.9997764475213505 0.5154231190681458
0.999967795838475 0.00036877615435564537 -0.008016937700284573 -0.010083477012813091 -0.0003694456896293079 0.9999999283901243 -8.203431504653534e-05 -0.009136971086263657 0.008016906873893432 8.49934962775998e-05 0.999967860473666 0.5059670805931091
0.9998803103028467 -0.00018837218822382397 0.015470280689181402 0.016766827553510666 0.00019475468398888175 0.9999998965503643 -0.00041105945332933097 -0.00910995714366436 -0.015470201656617784 0.00041402316337469075 0.9998802435519586 0.5446433424949646
0.9998008857419691 -0.0002537473039505937 0.019953056955753043 0.021895436570048332 0.0002630728810813998 0.9999998573989076 -0.00046475243239610495 -0.009181318804621696 -0.0199529361807486 0.0004699090017400916 0.9998008099233051 0.5658807754516602
0.9998567462837706 -0.0002236598371037659 0.016924446434324725 0.018586335703730583 0.0002305735909420445 0.9999998907737125 -0.0004065567385465863 -0.009938747622072697 -0.01692435365531636 0.00041040082817200005 0.9998566886431823 0.5971819162368774
0.9997974725271501 -0.00026800351819703926 0.02012317326955509 0.022238435223698616 0.0002741584418674099 0.999999916482446 -0.00030310435413310593 -0.010611875914037228 -0.020123090355883593 0.00030855990500326273 0.9997974625019378 0.6755898594856262
0.9996099983861665 -0.0004030706591654626 0.027922905659189572 0.03090512752532959 0.0004130525782290827 0.9999998528422736 -0.0003517143712170347 -0.010202002711594105 -0.027922759784374817 0.0003631108302188273 0.9996100177752067 0.6687146425247192
0.9999050560131442 -0.00014521854688915518 0.01377889222415202 0.01554966252297163 0.00014738597959688217 0.9999999769260896 -0.00015628561505129994 -0.012044340372085571 -0.013778869210649178 0.00015830159220013527 0.9999050543446022 0.756183922290802
0.9999598993809355 -3.0320332646186073e-05 0.0089553732890912 0.010138641111552715 3.1270571561796716e-05 0.999999993896442 -0.00010596823837041068 -0.012399774976074696 -0.008955370021439321 0.00010624402861974997 0.9999598942257564 0.7788190245628357
0.9998422561120442 -0.00023556470605261114 0.017759712893142356 0.019626514986157417 0.00024139532038071207 0.9999999176731081 -0.00032616265363594773 -0.010559641756117344 -0.01775963459863076 0.0003303983150545667 0.9998422306623564 0.6512436866760254
0.9998464370520785 -0.00021192388429701158 0.01752305345911443 0.019218070432543755 0.00021826814415209052 0.9999999113289247 -0.00036014047218818694 -0.010075117461383343 -0.017522975582958684 0.00036390989231401075 0.9998463946508529 0.6276221871376038
0.9999964398601129 0.0001039417229301985 0.002666357668758413 0.002592736855149269 -0.000103745020683642 0.9999999918871342 -7.391009555339522e-05 -0.011487597599625587 -0.002666365329469285 7.363321109162067e-05 0.9999964425307122 0.7083380818367004
0.9999444534380019 -5.4799329585956734e-05 0.010539783470686473 0.01135916355997324 5.7320123397429055e-05 0.9999999698283645 -0.00023886748110829145 -0.010896221734583378 -0.010539770062906142 0.00023945835453006469 0.9999444264091467 0.6693228483200073
0.9997954867589518 -0.0002601346360693948 0.020221695932886866 0.022070717066526413 0.0002678995479746267 0.9999998914272591 -0.00038128113336882144 -0.009755875915288925 -0.02022159455293304 0.0003866205395281863 0.9997954478983666 0.6309378743171692
0.9998039663622282 -0.00027444512196383574 0.019797816198534032 0.02158406749367714 0.00028243426766980876 0.9999998798184483 -0.00040074177842293286 -0.009749887511134148 -0.01979770383757551 0.00040625480127379606 0.9998039237169434 0.6194769740104675
0.9999549061657742 -9.605506688042172e-05 0.00949612596915064 0.010070132091641426 9.875324538285781e-05 0.9999999548906496 -0.00028366616888741064 -0.010246475227177143 -0.00949609829321374 0.0002845911505502334 0.9999548705442075 0.6372409462928772
0.9999923989628541 7.097132472319507e-05 0.0038983303588914667 0.0037110624834895134 -7.028177664337877e-05 0.9999999818622606 -0.0001770196323607847 -0.010163551196455956 -0.0038983428515023777 0.00017674430524441788 0.9999923858132435 0.6335044503211975
0.9997257780319014 0.000746164267179212 -0.023405383513105976 -0.028243888169527054 -0.0007372915117411453 0.9999996530381017 0.0003877175553148619 -0.009668172337114811 0.023405664693315217 -0.0003703546440505179 0.9997259813057283 0.5961154699325562
0.9998098584164066 0.0006209869328456371 -0.019490033057806628 -0.023670285940170288 -0.0006143572470765025 0.9999997513749302 0.00034614339627116197 -0.009917712770402431 0.01949024316262177 -0.0003341037369628204 0.9998099913464333 0.6287962198257446
0.9999990184952928 0.00010207416834851773 0.00139735082017759 0.0007132364553399384 -0.00010184561666238293 0.9999999814262015 -0.000163630885587381 -0.009890977293252945 -0.0013973674967100401 0.00016348841092692193 0.9999990103173194 0.6124657392501831
0.9999692966269431 -8.549365752838565e-05 0.007835719127854095 0.007700613234192133 8.739897539934379e-05 0.9999999667009255 -0.00024281591050244635 -0.009489870630204678 -0.007835698107711607 0.00024349328905825358 0.9999692708009494 0.6062456369400024
0.9999477576122286 -2.645040863050044e-05 0.010221611744292014 0.010738330893218517 2.9586750510521424e-05 0.9999999525349925 -0.00030668328355822175 -0.00910995900630951 -0.01022160314722497 0.000306969685967693 0.9999477109322827 0.5893116593360901
0.9999053689462369 -0.00016897548730548102 0.013755893274318831 0.014864345081150532 0.0001741076896647954 0.999999915690505 -0.00037189446802134184 -0.00934590119868517 -0.013755829273517454 0.0003742542820532115 0.9999053140646519 0.5802880525588989
0.9999427529185595 -0.00012370956672353768 0.010699326221595131 0.011510271579027176 0.00012737953164165637 0.9999999332929279 -0.0003423281978829029 -0.009489116258919239 -0.010699283158601367 0.0003436714757556673 0.9999427019733726 0.5777074098587036
0.9999239314328293 -0.00015801827811867206 0.012333141454579989 0.013375068083405495 0.00016267597044086114 0.9999999158340199 -0.0003766543269673348 -0.009150109253823757 -0.012333080898280854 0.00037863198116707184 0.9999238729790282 0.5567528009414673
0.9998841031941619 -0.0002068111785143211 0.01522292379089534 0.016539862379431725 0.00021290739817997128 0.9999998977971117 -0.0003988435860522997 -0.009109575301408768 -0.015222839749756483 0.0004020384344516587 0.9998840450347484 0.5653812289237976
0.9999206173968278 -0.00017126290805109215 0.012598792551774598 0.013421638868749142 0.00017528760384943995 0.9999999339646054 -0.0003183473578901935 -0.00964664202183485 -0.01259873719871408 0.000320530498806008 0.9999205813869403 0.6053917407989502
0.9999654661214931 -4.620917006794997e-05 0.00831050113639733 0.008821627125144005 4.841395579957117e-05 0.9999999636889868 -0.0002651001969311356 -0.010237974114716053 -0.008310488584574527 0.00026549338622783243 0.9999654320489023 0.6291214227676392
0.9999892127248341 1.5065144462977527e-05 0.004644804302391151 0.004799188580363989 -1.4314895297240726e-05 0.9999999868471143 -0.00016155758939400577 -0.010884176939725876 -0.0046448066751869944 0.00016148935674056895 0.9999891997877465 0.668283224105835
0.9999615664784084 -3.689958561276683e-05 0.008767223304344308 0.00952986255288124 3.863502599643738e-05 0.9999999796957709 -0.00019777712881148665 -0.010928270407021046 -0.0087672158284385 0.00019810824944021605 0.9999615476005761 0.6782374382019043
0.9998957239051787 -0.00018360972256720957 0.014439792367211603 0.01545113418251276 0.00018803424773046468 0.9999999357923114 -0.00030505490406962274 -0.009920189157128334 -0.014439735429019608 0.0003077382696306731 0.9998956942291016 0.6353626847267151
0.9998646237832707 -0.0002216333895880284 0.016452506963360286 0.017687520012259483 0.00022698641516859876 0.9999999219138651 -0.00032349564335596044 -0.009840473532676697 -0.01645243398121165 0.00032718634531578403 0.9998645960154753 0.6350427269935608
0.9998768952829297 -0.0002164501599345709 0.015689086292645916 0.016863781958818436 0.0002208171678157548 0.9999999373619373 -0.0002766150764476727 -0.010120246559381485 -0.015689025436534405 0.00028004544342770816 0.999876880448489 0.654864490032196
0.9998547384295802 -0.0002396584943704416 0.01704243538118658 0.018363719806075096 0.0002445614431159247 0.999999929309144 -0.000285607086017139 -0.01012545358389616 -0.01704236572827802 0.000289733520874334 0.9998547263602201 0.6582137942314148
0.9998141577901933 -0.0002750834915489777 0.019276260305338137 0.02095770835876465 0.0002804640109456245 0.9999999224648854 -0.00027642388042642895 -0.010305657051503658 -0.01927618277110491 0.0002817788064829142 0.9998141574205075 0.6716809272766113
0.9997480635270843 -0.0003095372063248996 0.02244356612846134 0.02447093464434147 0.00031803151932971625 0.9999998791507301 -0.0003749059585604732 -0.009648778475821018 -0.02244344736882971 0.00038194926751060993 0.9997480411508488 0.6249561309814453
0.9997053565037107 -0.000354750807806394 0.024270853500713275 0.02647286467254162 0.0003650027462968099 0.9999998460377351 -0.0004179683018988801 -0.009317665360867977 -0.024270701489324965 0.0004267040784397984 0.9997053320718289 0.6065921783447266
0.9998042876540565 -0.00028074683418757607 0.01978149564062615 0.021533960476517677 0.0002869913819477533 0.9999999098841343 -0.0003128380894812285 -0.0100185452029109 -0.019781406029696306 0.0003184539819757323 0.9998042781277493 0.6503013372421265
0.999785733296515 -0.0002931152372252234 0.020697864146029945 0.02255328558385372 0.00030028267482423075 0.9999998960283244 -0.00034318166578573716 -0.009841430932283401 -0.02069776140226295 0.0003493233433904312 0.9997857173645445 0.6423054933547974
0.9997572152845262 -0.0003089002055057845 0.0220321371453857 0.02400309219956398 0.000316500968600211 0.9999998916027455 -0.0003414990988437857 -0.009858481585979462 -0.022032029268020708 0.00034838938082908555 0.999757204680803 0.6428577899932861
0.9998247148817507 -0.00029405941394281486 0.018720391039901946 0.020190760493278503 0.00029956349580197844 0.9999999127287001 -0.0002912117854646351 -0.010023551061749458 -0.018720303772582117 0.00029676868615507746 0.9998247157152143 0.6541366577148438
0.9997827013271746 -0.00029299589565124685 0.02084380676226507 0.02260061353445053 0.00030029778370448644 0.999999894641777 -0.0003471853628012025 -0.009698117151856422 -0.020843702842312295 0.00035336926885731415 0.9997826839778639 0.6313770413398743
0.999744105939847 -0.000352254152696166 0.022618544505520897 0.024611588567495346 0.00036006419626704645 0.9999998769605984 -0.00034122216047271375 -0.009836678393185139 -0.022618421525625692 0.00034927897179676693 0.9997441097660387 0.6439999341964722
0.9996377983455823 -0.00045095801783216007 0.026908525705870816 0.029352568089962006 0.0004608870481456104 0.9999998279828561 -0.00036279110722489964 -0.009548120200634003 -0.02690835747358447 0.0003750614946681838 0.9996378342314528 0.6353850960731506
0.9996346967719417 -0.00041429551622189283 0.02702408867831338 0.029454391449689865 0.00042533191405832717 0.9999998284851729 -0.00040264424464342733 -0.009186975657939911 -0.02702391722957629 0.00041399136476432904 0.9996347015328744 0.6115629076957703
0.9994627413454337 -0.0005162039531130396 0.03277136243352181 0.03581390902400017 0.0005319917768358073 0.999999746609325 -0.0004730391471889319 -0.008533107116818428 -0.032771109944886405 0.0004902190981434956 0.9994627627071534 0.5844917893409729
0.9995246808428605 -0.0004853195139389583 0.030824938782546888 0.033566296100616455 0.0004994582998800515 0.9999997735782784 -0.00045098203853429294 -0.008525315672159195 -0.030824712932727438 0.00046616344965008915 0.9995246969256206 0.5897448062896729
0.9993488150670127 -0.0005768954865628328 0.036077874324236404 0.0395202711224556 0.0005942119051052094 0.999999713356989 -0.0004692527590090498 -0.00866024661809206 -0.03607759327296715 0.0004903850911169711 0.9993488714088253 0.6009077429771423
0.9993715075190882 -0.0005542179521292035 0.03544407992156472 0.038857705891132355 0.0005711051850481718 0.999999728190056 -0.00046632465232226527 -0.008732866495847702 -0.0354438118420175 0.00048627386860708444 0.999371552396721 0.6068834066390991
0.9995334359637826 -0.0004968799062739301 0.030539539957135296 0.0335254929959774 0.0005071907710280074 0.999999816969036 -0.0003298778809164317 -0.009717742912471294 -0.030539370457763306 0.00034521334457855257 0.999533505031117 0.6595306396484375
0.9996292825873636 -0.00044829265459268565 0.027223086297634126 0.02969593182206154 0.0004566762073634583 0.9999998501995849 -0.0003017410301456508 -0.010007470846176147 -0.0272229469513171 0.0003140613052948007 0.9996293375670715 0.6739171743392944
0.9998298858548312 -0.000313244421310615 0.018441833679098355 0.019808229058980942 0.00031828156905646553 0.9999999128437033 -0.0002702025696977716 -0.010238589718937874 -0.018441747432328844 0.00027602630017826686 0.999829898413287 0.6680924892425537
0.9999189364836442 -0.00019686263090467072 0.012731131392072423 0.01352021936327219 0.0002005407852912544 0.9999999385249521 -0.00028763429067860303 -0.010180740617215633 -0.01273107398498231 0.00029016408511858854 0.9999189144925664 0.6412264108657837
0.9999932303712774 0.00016019824221075597 -0.0036760778202415017 -0.004857692401856184 -0.00016040994805670067 0.9999999854929441 -5.729537416156903e-05 -0.010610406287014484 0.0036760685882942083 5.788466574535576e-05 0.9999932415617115 0.6507595181465149
0.9999947934725381 4.681708662257368e-05 0.003226582708678285 0.003102268557995558 -4.625675999585299e-05 0.9999999838384266 -0.0001737338719588429 -0.010649333707988262 -0.0032265907902453653 0.00017358371614670544 0.9999947794766557 0.6505307555198669
0.9999272019500797 -0.00017123319698451276 0.01206488621897991 0.012721282429993153 0.00017475417497358255 0.9999999424530563 -0.0002907831881865891 -0.009974805638194084 -0.012064835732947638 0.00029287040897488746 0.9999271743310413 0.6289838552474976
0.9999256930596121 -0.00016776302788917288 0.012189348416575319 0.01297037210315466 0.0001706855334106903 0.9999999569398318 -0.00023871904602452323 -0.01036571990698576 -0.01218930784346995 0.00024078185297901278 0.9999256786373656 0.6569838523864746
0.9999261159277991 -0.00017784948883820014 0.01215446646729042 0.01298661157488823 0.00018079775396744364 0.9999999545026785 -0.00024146803601040868 -0.010678691789507866 -0.01215442296932798 0.00024364769560656068 0.9999261025886276 0.6702665090560913
0.9998269774452575 -0.0003450123026746204 0.01859828323237041 0.020073579624295235 0.00034936155185906427 0.9999999123842276 -0.00023060364933399091 -0.01035735197365284 -0.018598202041771397 0.00023706127479342556 0.999827010378678 0.6738134026527405
0.9998037402871592 -0.0003207250822552416 0.01980853460577959 0.021485932171344757 0.000326261493552777 0.9999999086154866 -0.00027626519218683756 -0.010340409353375435 -0.0198084441904098 0.0002826737345451246 0.9998037535608252 0.6670351624488831
0.9997309798291797 -0.0003787190122790115 0.023191044428799178 0.02525528520345688 0.00038683489492516063 0.9999998655037626 -0.00034547246104060726 -0.009938483126461506 -0.02319091047270174 0.00035435062721494363 0.9997309918708536 0.6458063721656799
0.9996931169531494 -0.0004241556520282698 0.024768770831012157 0.027066009119153023 0.00043252856296238884 0.9999998511193197 -0.0003326866099117029 -0.009939581155776978 -0.024768626032514764 0.00034329771488508933 0.9996931515775929 0.6482023000717163
0.9996969212453652 -0.0004215045599740373 0.024614792025193073 0.026995094493031502 0.0004293414085031246 0.999999858818531 -0.00031309562845097924 -0.010180605575442314 -0.02461465657880548 0.0003235688852959347 0.9996969610760471 0.665213942527771
0.9999314094344119 -0.00015118502711555188 0.011711258241440335 0.013100439682602882 0.0001525454250831546 0.9999999817215487 -0.00011526836196556517 -0.012148736976087093 -0.011711240600526245 0.00011704695451012267 0.9999314142197987 0.7599142789840698
0.9998520212666577 -0.00026990449399080275 0.017200660468214675 0.01890203170478344 0.00027366731606379494 0.9999999391371255 -0.00021640689694711648 -0.011323364451527596 -0.017200601012139022 0.00022108213191348065 0.9998520342768283 0.7198793292045593
0.9998972522089231 -0.0002104314429176881 0.014333204235382377 0.015791838988661766 0.00021288048947646178 0.999999963002971 -0.00016933975852120433 -0.011548953130841255 -0.014333168070686677 0.00017237361876846908 0.9998972600124441 0.7292351722717285
0.9999112416144876 -0.00018733600927920392 0.013321929221898192 0.014746240340173244 0.00018925327514624448 0.9999999719160153 -0.0001426575146415991 -0.011761476285755634 -0.01332190212287585 0.000145166071327429 0.9999112489869489 0.740842878818512
0.9999192869102408 -0.00015485880721276458 0.012704160092879982 0.014253975823521614 0.0001561898190193308 0.9999999824174691 -0.00010377765683485852 -0.01237961370497942 -0.01270414379862454 0.00010575354108522693 0.9999192935164981 0.7765685319900513
0.9999748245554827 -8.642853676066183e-05 0.007095264994328855 0.008143666200339794 8.660015210983233e-05 0.9999999959650777 -2.3880080689548242e-05 -0.013350347988307476 -0.0070952629017795804 2.4493930525670217e-05 0.9999748280053864 0.8299050331115723
0.9999994824599429 -4.284497895050615e-05 0.0010164861802315895 0.0014400552026927471 4.2804302384206655e-05 0.9999999982823528 4.003856268735164e-05 -0.014265833422541618 -0.001016487893937 -3.999503198396361e-05 0.9999994825762457 0.8591989874839783
0.9999985722532893 -3.754060245558679e-05 0.0016894028784539123 0.0020658893045037985 3.7494921379919556e-05 0.9999999989306337 2.7071440067096755e-05 -0.013654762879014015 -0.001689403892925492 -2.700805738783061e-05 0.9999985725915067 0.8308669328689575
0.9999936745864741 -3.7892440804916e-05 0.0035565926395321346 0.004185749217867851 3.793500633688986e-05 0.9999999992096553 -1.1900605891521541e-05 -0.013442812487483025 -0.0035565921857781966 1.2035449979586457e-05 0.9999936752335846 0.8237677812576294
0.9999918459590159 -6.659144065433737e-05 0.00403776931738953 0.004798961337655783 6.655025438176921e-05 0.99999999773213 1.0334610961913427e-05 -0.013789275661110878 -0.0040377699964290244 -1.0065812117864911e-05 0.9999918481228415 0.8436373472213745
0.9999819209780317 -5.629234604219627e-05 0.006012865228615667 0.0069459895603358746 5.654189028060505e-05 0.9999999975473512 -4.133173536218396e-05 -0.013259992003440857 -0.00601286288720787 4.1670966890860805e-05 0.9999819217083028 0.8184307217597961
0.9999894301179801 -6.836376305361389e-05 0.004597279490392985 0.00540730869397521 6.841242531574303e-05 0.9999999976055007 -1.042775725557441e-05 -0.013620298355817795 -0.004597278766504078 1.0742158075202597e-05 0.9999894324004373 0.836338996887207
0.9999992324452242 -3.6145075724663045e-05 0.001238467801568077 0.0016159983351826668 3.61199621419518e-05 0.9999999991416226 2.0300306316198117e-05 -0.013903864659368992 -0.0012384685342611138 -2.0255557324494394e-05 0.9999992328924066 0.8412996530532837
0.9999998914366898 -2.334487363769418e-05 -0.00046538331065460424 -0.0003333563217893243 2.3385085889680605e-05 0.9999999959939612 8.640147986399953e-05 -0.01414681039750576 0.000465381291758631 -8.641235351266013e-05 0.999999887976573 0.8535584211349487
0.9999998582875129 -5.6486373352543916e-05 -0.0005293715555418128 -5.541113205254078e-05 5.657296835776659e-05 0.9999999850226317 0.00016356722086290974 -0.01588440127670765 0.0005293623082941141 -0.00016359714580365322 0.9999998465057485 0.9346138834953308
0.9999998873639799 -8.703813343365416e-05 -0.00046657945822908787 0.00022886745864525437 8.711953479192277e-05 0.999999980989285 0.0001744466000218354 -0.016803991049528122 0.000466564265852629 -0.00017448722855820903 0.9999998759359887 0.9755575656890869
0.9999999723544234 -8.086098351727513e-05 -0.00022080003165635492 0.0004434756119735539 8.08961920949378e-05 0.9999999840149799 0.00015945484038706995 -0.016568200662732124 0.0002207871344516417 -0.00015947269786062434 0.9999999629107493 0.9636198282241821
0.9999996057322232 -8.663318714274044e-05 0.0008837590674342556 0.0015298854559659958 8.650732299310148e-05 0.9999999861113418 0.00014245630750430875 -0.015935825183987617 -0.0008837713966039755 -0.00014237979970728248 0.9999995993379754 0.9383807182312012
0.9999999247646226 -7.675107319574139e-05 0.00038023679735317334 0.0009429795318283141 7.670133975726015e-05 0.9999999885029786 0.0001308088198538151 -0.015750151127576828 -0.00038024683269889 -0.00013077964534058216 0.9999999191545121 0.927976667881012
0.9999995220320143 -9.482532731642805e-05 0.0009731104254844726 0.0016709878109395504 9.465780045506283e-05 0.9999999806934136 0.00017220067694437443 -0.016368277370929718 -0.0009731267356825875 -0.00017210848214548746 0.999999511701394 0.9594993591308594
0.9999995059182074 -0.00011412676523245002 0.0009874909731562318 0.001816225703805685 0.00011395724414957612 0.9999999787624695 0.00017172305156442895 -0.01679752767086029 -0.0009875105503807534 -0.00017161043496927237 0.9999994976862593 0.9792822003364563
0.9999999918190768 -0.00010404857655976185 -7.440255405556106e-05 0.0006708208820782602 0.00010406227242695828 0.9999999776395316 0.0001840977452957376 -0.01709805056452751 7.43833972835392e-05 -0.00018410548628849748 0.9999999802861399 0.988478422164917
0.9999999192755716 -0.00011590413086080507 -0.00038472728321706137 0.0004986834828741848 0.00011599017854761096 0.9999999682647883 0.0002236441384860549 -0.01794896274805069 0.0003847013497281663 -0.0002236887450187822 0.9999999009841034 1.027848482131958
0.9999999629116394 -7.934105716056347e-05 -0.00026054119931907723 0.00033733953023329377 7.938002279955135e-05 0.9999999856668644 0.000149549599913318 -0.016282368451356888 0.0002605293301613498 -0.00014957027613311067 0.9999999548765993 0.9511407613754272
