9.998991e-01 -3.683553e-04 1.420239e-02 -1.628438e-02 3.757653e-04 9.999998e-01 -5.190799e-04 -1.942552e-02 -1.420220e-02 5.243647e-04 9.998989e-01 7.810431e-01
9.999739e-01 2.356179e-04 -7.226745e-03 -4.288847e-02 -2.337679e-04 9.999999e-01 2.568404e-04 -3.576591e-02 7.226807e-03 -2.551439e-04 9.999738e-01 1.446416e+00
9.997840e-01 -5.810526e-04 2.077582e-02 -5.970697e-02 5.966110e-04 9.999995e-01 -7.426799e-04 -5.396804e-02 -2.077537e-02 7.549149e-04 9.997838e-01 2.175632e+00
9.999971e-01 -7.282832e-05 2.412033e-03 -4.916466e-02 7.303858e-05 1.000000e+00 -8.708151e-05 -7.373310e-02 -2.412021e-03 8.725769e-05 9.999970e-01 2.945279e+00
9.998256e-01 -5.067047e-04 1.866615e-02 -3.893933e-02 5.195052e-04 9.999996e-01 -6.809148e-04 -9.413640e-02 -1.866579e-02 6.904934e-04 9.998254e-01 3.735484e+00
9.998884e-01 -4.529015e-04 1.493500e-02 -5.396158e-04 4.607332e-04 9.999998e-01 -5.209482e-04 -1.164702e-01 -1.493475e-02 5.277712e-04 9.998882e-01 4.578858e+00
9.997209e-01 -6.933436e-04 2.361473e-02 5.449836e-02 7.136962e-04 9.999994e-01 -8.534423e-04 -1.353272e-01 -2.361410e-02 8.700578e-04 9.997207e-01 5.273066e+00
9.999396e-01 -3.180343e-04 1.098555e-02 1.077353e-01 3.223162e-04 9.999999e-01 -3.880045e-04 -1.542785e-01 -1.098541e-02 3.915217e-04 9.999395e-01 5.961355e+00
9.995156e-01 -9.324115e-04 3.110695e-02 1.740132e-01 9.670844e-04 9.999989e-01 -1.099608e-03 -1.722714e-01 -3.110587e-02 1.129158e-03 9.995154e-01 6.603171e+00
9.999465e-01 -2.800144e-04 1.034104e-02 2.401806e-01 2.839336e-04 9.999999e-01 -3.775251e-04 -1.919787e-01 -1.034090e-02 3.804405e-04 9.999464e-01 7.311023e+00
9.994634e-01 -9.639467e-04 3.274032e-02 3.063198e-01 1.002319e-03 9.999988e-01 -1.155633e-03 -2.157293e-01 -3.273914e-02 1.187828e-03 9.994631e-01 8.184873e+00
9.999999e-01 3.391832e-05 -3.285148e-04 3.507850e-01 -3.392117e-05 1.000000e+00 -9.183433e-06 -2.369998e-01 3.285484e-04 9.193743e-06 9.999998e-01 8.978139e+00
9.993880e-01 -1.011981e-03 3.496603e-02 3.874588e-01 1.055345e-03 9.999987e-01 -1.221734e-03 -2.589198e-01 -3.496472e-02 1.257886e-03 9.993877e-01 9.814200e+00
9.998913e-01 -4.579472e-04 1.473762e-02 4.556770e-01 4.658340e-04 9.999998e-01 -5.317012e-04 -2.786203e-01 -1.473733e-02 5.385076e-04 9.998912e-01 1.054304e+01
9.996773e-01 -6.991930e-04 2.539193e-02 5.279709e-01 7.226530e-04 9.999993e-01 -9.147418e-04 -3.024468e-01 -2.539122e-02 9.327948e-04 9.996771e-01 1.140790e+01
9.999994e-01 -1.048115e-05 1.065273e-03 5.559402e-01 1.054242e-05 1.000000e+00 -5.715877e-05 -3.278996e-01 -1.065224e-03 5.716854e-05 9.999993e-01 1.238179e+01
9.995742e-01 -8.216975e-04 2.916881e-02 5.820161e-01 8.518592e-04 9.999991e-01 -1.021617e-03 -3.518623e-01 -2.916790e-02 1.046028e-03 9.995739e-01 1.330699e+01
9.999888e-01 -1.219234e-04 4.720676e-03 6.270222e-01 1.228717e-04 1.000000e+00 -2.005041e-04 -3.770996e-01 -4.720598e-03 2.010802e-04 9.999887e-01 1.425506e+01
9.997802e-01 -5.559935e-04 2.095633e-02 6.477632e-01 5.716526e-04 9.999996e-01 -7.412191e-04 -4.043650e-01 -2.095585e-02 7.530342e-04 9.997800e-01 1.530941e+01
9.998957e-01 -4.522805e-04 1.443717e-02 6.987283e-01 4.599381e-04 9.999998e-01 -5.270497e-04 -4.272292e-01 -1.443687e-02 5.336330e-04 9.998955e-01 1.616359e+01
9.995121e-01 -9.016604e-04 3.122135e-02 7.744773e-01 9.362758e-04 9.999990e-01 -1.094083e-03 -4.437497e-01 -3.122027e-02 1.122779e-03 9.995118e-01 1.673937e+01
9.999724e-01 2.816664e-04 -7.417959e-03 8.238183e-01 -2.801139e-04 9.999999e-01 2.102171e-04 -4.691745e-01 7.418081e-03 -2.081356e-04 9.999724e-01 1.767330e+01
9.999432e-01 -2.899554e-04 1.065723e-02 7.795442e-01 2.935162e-04 9.999999e-01 -3.324867e-04 -4.972334e-01 -1.065707e-02 3.355937e-04 9.999431e-01 1.884788e+01
9.999657e-01 -1.879756e-04 8.283968e-03 8.275872e-01 1.911787e-04 9.999999e-01 -3.857718e-04 -5.237210e-01 -8.283829e-03 3.873400e-04 9.999655e-01 1.982385e+01
9.999973e-01 1.106206e-04 -2.320540e-03 8.350549e-01 -1.103012e-04 1.000000e+00 1.373958e-04 -5.509770e-01 2.320621e-03 -1.371417e-04 9.999972e-01 2.088639e+01
9.999832e-01 -1.214743e-04 5.800156e-03 7.889823e-01 1.230776e-04 1.000000e+00 -2.759209e-04 -5.790951e-01 -5.800056e-03 2.766279e-04 9.999831e-01 2.207131e+01
9.999999e-01 3.560972e-05 3.943367e-04 7.303165e-01 -3.562466e-05 1.000000e+00 4.015650e-05 -6.078227e-01 -3.942687e-04 -4.017285e-05 9.999998e-01 2.330511e+01
9.998534e-01 -4.759552e-04 1.711242e-02 7.198359e-01 4.878411e-04 9.999996e-01 -6.903613e-04 -6.344507e-01 -1.711202e-02 6.986058e-04 9.998532e-01 2.438626e+01
9.999776e-01 2.682813e-04 -6.686213e-03 6.973401e-01 -2.663413e-04 9.999999e-01 2.908869e-04 -6.632994e-01 6.686359e-03 -2.891020e-04 9.999775e-01 2.556950e+01
9.999465e-01 -2.773068e-04 1.034041e-02 6.415859e-01 2.818278e-04 9.999999e-01 -4.356652e-04 -6.940716e-01 -1.034022e-02 4.385536e-04 9.999464e-01 2.687889e+01
9.999763e-01 2.775953e-04 -6.871333e-03 6.111824e-01 -2.755905e-04 9.999999e-01 2.925559e-04 -7.242795e-01 6.871483e-03 -2.906577e-04 9.999763e-01 2.812520e+01
9.999087e-01 -3.712204e-04 1.350389e-02 5.542727e-01 3.785786e-04 9.999998e-01 -5.422699e-04 -7.537730e-01 -1.350362e-02 5.473303e-04 9.999086e-01 2.939021e+01
9.999736e-01 2.830418e-04 -7.261796e-03 4.888561e-01 -2.807906e-04 9.999999e-01 3.108747e-04 -7.839463e-01 7.261954e-03 -3.088299e-04 9.999735e-01 3.069540e+01
9.999472e-01 -2.808829e-04 1.027106e-02 4.082432e-01 2.852934e-04 9.999999e-01 -4.278485e-04 -8.156307e-01 -1.027086e-02 4.307537e-04 9.999471e-01 3.208279e+01
9.999585e-01 3.361057e-04 -9.099323e-03 3.442157e-01 -3.327320e-04 9.999999e-01 3.721630e-04 -8.453012e-01 9.099517e-03 -3.691224e-04 9.999584e-01 3.335504e+01
9.999519e-01 -2.692042e-04 9.807728e-03 2.917289e-01 2.732644e-04 9.999999e-01 -4.125437e-04 -8.730966e-01 -9.807545e-03 4.152014e-04 9.999517e-01 3.452922e+01
9.999544e-01 3.546145e-04 -9.543244e-03 2.012132e-01 -3.510018e-04 9.999999e-01 3.801193e-04 -9.017581e-01 9.543448e-03 -3.767547e-04 9.999543e-01 3.580129e+01
9.999444e-01 -3.077122e-04 1.053767e-02 7.728890e-02 3.123102e-04 9.999999e-01 -4.345984e-04 -9.257362e-01 -1.053746e-02 4.378628e-04 9.999443e-01 3.693940e+01
9.999548e-01 3.474092e-04 -9.500919e-03 -3.636978e-02 -3.438362e-04 9.999999e-01 3.775818e-04 -9.503025e-01 9.501120e-03 -3.743005e-04 9.999547e-01 3.808652e+01
9.999435e-01 -3.036172e-04 1.062800e-02 -1.141599e-01 3.082416e-04 9.999999e-01 -4.333801e-04 -9.759577e-01 -1.062779e-02 4.366290e-04 9.999433e-01 3.921750e+01
9.999473e-01 3.801150e-04 -1.025430e-02 -2.359637e-01 -3.760505e-04 9.999998e-01 3.981977e-04 -1.002230e+00 1.025452e-02 -3.943231e-04 9.999473e-01 4.044505e+01
9.999425e-01 -3.072624e-04 1.071487e-02 -4.415596e-01 3.123143e-04 9.999998e-01 -4.697214e-04 -1.028350e+00 -1.071466e-02 4.730383e-04 9.999424e-01 4.180059e+01
9.999451e-01 4.659721e-04 -1.046207e-02 -8.971236e-01 -4.619321e-04 9.999998e-01 3.884649e-04 -1.039045e+00 1.046232e-02 -3.836133e-04 9.999451e-01 4.288815e+01
9.999473e-01 -3.650389e-04 1.025805e-02 -1.099100e+00 3.696358e-04 9.999998e-01 -4.461394e-04 -1.061798e+00 -1.025781e-02 4.499052e-04 9.999472e-01 4.409125e+01
9.999529e-01 4.601193e-04 -9.695965e-03 -1.359623e+00 -4.564731e-04 9.999998e-01 3.781501e-04 -1.077655e+00 9.696208e-03 -3.737089e-04 9.999528e-01 4.509921e+01
9.999492e-01 -3.968475e-04 1.007043e-02 -1.475365e+00 4.011475e-04 9.999998e-01 -4.248730e-04 -1.101328e+00 -1.007018e-02 4.288886e-04 9.999491e-01 4.621085e+01
9.999565e-01 4.638485e-04 -9.309147e-03 -1.563154e+00 -4.603163e-04 9.999998e-01 3.814592e-04 -1.128617e+00 9.309393e-03 -3.771599e-04 9.999565e-01 4.742609e+01
9.999505e-01 -4.025964e-04 9.941400e-03 -1.657993e+00 4.068615e-04 9.999998e-01 -4.269094e-04 -1.154285e+00 -9.941155e-03 4.309305e-04 9.999504e-01 4.858678e+01
9.999655e-01 4.308067e-04 -8.292782e-03 -1.749954e+00 -4.278602e-04 9.999998e-01 3.569369e-04 -1.180661e+00 8.293006e-03 -3.533790e-04 9.999655e-01 4.977275e+01
9.999352e-01 -4.513276e-04 1.136964e-02 -1.837719e+00 4.566950e-04 9.999998e-01 -4.694015e-04 -1.204511e+00 -1.136935e-02 4.745611e-04 9.999352e-01 5.085525e+01
9.999963e-01 2.589618e-04 -2.707872e-03 -1.931310e+00 -2.585642e-04 1.000000e+00 1.467568e-04 -1.223640e+00 2.707982e-03 -1.460586e-04 9.999962e-01 5.175606e+01
9.999639e-01 -3.647174e-04 8.486626e-03 -2.028845e+00 3.677164e-04 9.999999e-01 -3.516930e-04 -1.247614e+00 -8.486425e-03 3.547984e-04 9.999638e-01 5.286292e+01
9.999975e-01 9.958711e-05 2.221876e-03 -2.114886e+00 -9.954473e-05 1.000000e+00 -1.866751e-05 -1.271150e+00 -2.221805e-03 1.844368e-05 9.999974e-01 5.394038e+01
9.999925e-01 -2.236923e-04 3.866176e-03 -2.212318e+00 2.244297e-04 1.000000e+00 -1.900031e-04 -1.294588e+00 -3.866060e-03 1.908667e-04 9.999924e-01 5.502419e+01
9.999827e-01 8.231365e-06 5.880860e-03 -2.225264e+00 -7.182503e-06 1.000000e+00 -1.781718e-04 -1.317734e+00 -5.880787e-03 1.781238e-04 9.999826e-01 5.595953e+01
9.999994e-01 -9.195665e-05 -1.050311e-03 -2.267593e+00 9.194750e-05 1.000000e+00 -9.913445e-06 -1.333844e+00 1.050386e-03 9.814189e-06 9.999994e-01 5.665543e+01
9.999952e-01 9.999399e-05 3.083804e-03 -2.371600e+00 -9.972612e-05 1.000000e+00 -8.662661e-05 -1.355784e+00 -3.083738e-03 8.631599e-05 9.999952e-01 5.768139e+01
9.999987e-01 -5.921330e-05 -1.613458e-03 -2.469104e+00 5.923250e-05 1.000000e+00 1.109378e-05 -1.385341e+00 1.613532e-03 -1.119202e-05 9.999986e-01 5.900668e+01
9.999961e-01 1.145531e-04 2.782082e-03 -2.578112e+00 -1.143410e-04 1.000000e+00 -7.596329e-05 -1.417064e+00 -2.782016e-03 7.564220e-05 9.999960e-01 6.043801e+01
9.999980e-01 -3.337634e-05 -1.991473e-03 -2.658056e+00 3.342110e-05 1.000000e+00 2.182437e-05 -1.451820e+00 1.991547e-03 -2.189357e-05 9.999979e-01 6.194285e+01
9.999981e-01 1.555491e-04 1.918700e-03 -2.726481e+00 -1.554459e-04 1.000000e+00 -5.325783e-05 -1.487820e+00 -1.918634e-03 5.295680e-05 9.999981e-01 6.347706e+01
9.999981e-01 -4.358341e-05 -1.950611e-03 -2.823474e+00 4.362061e-05 1.000000e+00 1.839426e-05 -1.521507e+00 1.950685e-03 -1.848200e-05 9.999980e-01 6.496477e+01
9.999979e-01 1.495612e-04 2.057785e-03 -2.907090e+00 -1.494449e-04 1.000000e+00 -5.605793e-05 -1.555275e+00 -2.057718e-03 5.574760e-05 9.999978e-01 6.643386e+01
9.999994e-01 -7.024400e-05 -1.119224e-03 -2.976226e+00 7.024197e-05 1.000000e+00 -2.950649e-06 -1.591375e+00 1.119299e-03 2.869344e-06 9.999993e-01 6.797569e+01
9.999421e-01 -8.987344e-05 1.075938e-02 -3.031764e+00 9.373321e-05 9.999999e-01 -3.581175e-04 -1.627904e+00 -1.075927e-02 3.591026e-04 9.999420e-01 6.952212e+01
9.999787e-01 8.148613e-05 -6.523904e-03 -3.114161e+00 -8.026699e-05 1.000000e+00 1.869375e-04 -1.670382e+00 6.523995e-03 -1.864126e-04 9.999786e-01 7.135358e+01
9.999763e-01 4.177956e-05 6.889279e-03 -3.182664e+00 -4.014877e-05 1.000000e+00 -2.366701e-04 -1.712624e+00 -6.889213e-03 2.363852e-04 9.999762e-01 7.314314e+01
9.999809e-01 5.443018e-05 -6.173198e-03 -3.210910e+00 -5.328135e-05 1.000000e+00 1.860558e-04 -1.751003e+00 6.173284e-03 -1.857260e-04 9.999808e-01 7.470813e+01
9.999805e-01 5.756677e-05 6.243483e-03 -3.217911e+00 -5.622082e-05 1.000000e+00 -2.155517e-04 -1.786609e+00 -6.243419e-03 2.151937e-04 9.999804e-01 7.612228e+01
9.999845e-01 3.727391e-05 -5.567920e-03 -3.237451e+00 -3.633758e-05 1.000000e+00 1.680362e-04 -1.823848e+00 5.568002e-03 -1.678340e-04 9.999844e-01 7.762542e+01
9.999833e-01 7.465515e-05 5.781804e-03 -3.260321e+00 -7.348205e-05 1.000000e+00 -2.028908e-04 -1.860347e+00 -5.781743e-03 2.024598e-04 9.999832e-01 7.910275e+01
9.999857e-01 1.223044e-05 -5.348836e-03 -3.290100e+00 -1.134126e-05 1.000000e+00 1.660273e-04 -1.892443e+00 5.348914e-03 -1.659670e-04 9.999856e-01 8.041274e+01
9.999821e-01 6.350981e-05 5.979662e-03 -3.301364e+00 -6.228151e-05 1.000000e+00 -2.053884e-04 -1.923698e+00 -5.979599e-03 2.050096e-04 9.999820e-01 8.165865e+01
9.999871e-01 1.293093e-05 -5.074930e-03 -3.301374e+00 -1.212760e-05 1.000000e+00 1.580704e-04 -1.956489e+00 5.075008e-03 -1.580095e-04 9.999870e-01 8.294890e+01
9.999855e-01 8.357461e-05 5.373173e-03 -3.365554e+00 -8.250535e-05 1.000000e+00 -1.989867e-04 -1.991001e+00 -5.373114e-03 1.985378e-04 9.999855e-01 8.441420e+01
9.999854e-01 2.874432e-05 -5.406573e-03 -3.425726e+00 -2.783645e-05 1.000000e+00 1.677566e-04 -2.025509e+00 5.406654e-03 -1.676064e-04 9.999853e-01 8.587261e+01
9.999800e-01 4.131748e-05 6.317179e-03 -3.475734e+00 -3.992704e-05 1.000000e+00 -2.200315e-04 -2.058561e+00 -6.317112e-03 2.197721e-04 9.999799e-01 8.725684e+01
9.999873e-01 1.558441e-05 -5.032172e-03 -3.512326e+00 -1.479864e-05 1.000000e+00 1.559298e-04 -2.091331e+00 5.032250e-03 -1.558561e-04 9.999872e-01 8.860872e+01
9.999850e-01 7.148374e-05 5.470924e-03 -3.575654e+00 -7.041083e-05 1.000000e+00 -1.960718e-04 -2.124163e+00 -5.470862e-03 1.956809e-04 9.999849e-01 9.000394e+01
9.999851e-01 4.489249e-05 -5.446626e-03 -3.665392e+00 -4.402819e-05 1.000000e+00 1.585666e-04 -2.160909e+00 5.446709e-03 -1.583271e-04 9.999851e-01 9.160285e+01
9.999848e-01 6.676509e-05 5.506739e-03 -3.735929e+00 -6.571625e-05 1.000000e+00 -1.904153e-04 -2.195831e+00 -5.506676e-03 1.900478e-04 9.999847e-01 9.309635e+01
9.999859e-01 2.648885e-05 -5.307319e-03 -3.799808e+00 -2.565805e-05 1.000000e+00 1.563638e-04 -2.227203e+00 5.307400e-03 -1.562282e-04 9.999858e-01 9.443395e+01
9.999879e-01 8.543534e-05 4.909551e-03 -3.849362e+00 -8.458529e-05 1.000000e+00 -1.730924e-04 -2.256784e+00 -4.909489e-03 1.726723e-04 9.999879e-01 9.567259e+01
9.999861e-01 2.764164e-05 -5.261502e-03 -3.906019e+00 -2.683025e-05 1.000000e+00 1.540391e-04 -2.287186e+00 5.261583e-03 -1.538985e-04 9.999861e-01 9.695675e+01
9.999863e-01 7.409571e-05 5.236953e-03 -3.949040e+00 -7.314804e-05 1.000000e+00 -1.809096e-04 -2.318568e+00 -5.236890e-03 1.805213e-04 9.999862e-01 9.825906e+01
9.999885e-01 8.220512e-06 -4.791607e-03 -3.966711e+00 -7.534462e-06 1.000000e+00 1.429270e-04 -2.350021e+00 4.791684e-03 -1.428920e-04 9.999884e-01 9.952248e+01
9.999850e-01 7.122920e-05 5.465413e-03 -3.976530e+00 -7.022258e-05 1.000000e+00 -1.841402e-04 -2.382431e+00 -5.465350e-03 1.837510e-04 9.999850e-01 1.008131e+02
9.999857e-01 3.079852e-05 -5.350862e-03 -3.942704e+00 -2.992437e-05 1.000000e+00 1.632069e-04 -2.412370e+00 5.350943e-03 -1.630471e-04 9.999856e-01 1.019293e+02
9.999794e-01 3.356140e-05 6.414786e-03 -3.912278e+00 -3.219633e-05 1.000000e+00 -2.127075e-04 -2.441285e+00 -6.414716e-03 2.124939e-04 9.999793e-01 1.030119e+02
9.999809e-01 5.855754e-05 -6.169426e-03 -3.937754e+00 -5.746016e-05 1.000000e+00 1.778408e-04 -2.472963e+00 6.169513e-03 -1.774857e-04 9.999809e-01 1.042979e+02
9.999816e-01 6.687089e-05 6.055499e-03 -3.885330e+00 -6.572498e-05 1.000000e+00 -1.892256e-04 -2.505690e+00 -6.055436e-03 1.888214e-04 9.999816e-01 1.054957e+02
9.999825e-01 3.017634e-05 -5.905889e-03 -3.893096e+00 -2.920552e-05 1.000000e+00 1.642493e-04 -2.536415e+00 5.905970e-03 -1.640767e-04 9.999825e-01 1.067134e+02
9.999822e-01 6.391771e-05 5.961112e-03 -3.948928e+00 -6.278103e-05 1.000000e+00 -1.906586e-04 -2.565869e+00 -5.961048e-03 1.902783e-04 9.999821e-01 1.079589e+02
9.999831e-01 1.721651e-05 -5.807272e-03 -3.993496e+00 -1.629903e-05 1.000000e+00 1.578135e-04 -2.593809e+00 5.807351e-03 -1.577189e-04 9.999830e-01 1.091239e+02
9.999829e-01 8.274494e-05 5.841225e-03 -4.015145e+00 -8.166124e-05 1.000000e+00 -1.855495e-04 -2.624737e+00 -5.841164e-03 1.850666e-04 9.999828e-01 1.103728e+02
9.999857e-01 1.760317e-06 -5.350413e-03 -4.060917e+00 -9.956740e-07 1.000000e+00 1.426752e-04 -2.656779e+00 5.350490e-03 -1.426705e-04 9.999856e-01 1.117091e+02
9.999786e-01 4.741822e-05 6.541291e-03 -4.109986e+00 -4.610879e-05 1.000000e+00 -2.001377e-04 -2.685458e+00 -6.541224e-03 1.998291e-04 9.999785e-01 1.129151e+02
9.999838e-01 8.104727e-06 -5.694700e-03 -4.185426e+00 -7.252058e-06 1.000000e+00 1.495239e-04 -2.713143e+00 5.694777e-03 -1.494829e-04 9.999837e-01 1.141235e+02
9.999798e-01 5.071977e-05 6.351254e-03 -4.245484e+00 -4.948658e-05 1.000000e+00 -1.941233e-04 -2.739706e+00 -6.351187e-03 1.938023e-04 9.999797e-01 1.152595e+02
9.999865e-01 -3.201248e-06 -5.193838e-03 -4.288302e+00 3.912270e-06 1.000000e+00 1.366376e-04 -2.768297e+00 5.193914e-03 -1.366587e-04 9.999864e-01 1.164510e+02
9.999827e-01 7.651318e-05 5.875220e-03 -4.333859e+00 -7.544207e-05 1.000000e+00 -1.823137e-04 -2.799745e+00 -5.875157e-03 1.818646e-04 9.999826e-01 1.177616e+02
9.999859e-01 2.677977e-06 -5.304651e-03 -4.387350e+00 -1.940777e-06 1.000000e+00 1.387329e-04 -2.831622e+00 5.304728e-03 -1.387233e-04 9.999858e-01 1.191019e+02
9.999812e-01 6.284394e-05 6.129956e-03 -4.465667e+00 -6.168185e-05 1.000000e+00 -1.895568e-04 -2.862103e+00 -6.129891e-03 1.891725e-04 9.999811e-01 1.204286e+02
9.999880e-01 -8.274443e-06 -4.901332e-03 -4.530627e+00 8.883822e-06 1.000000e+00 1.240418e-04 -2.894759e+00 4.901408e-03 -1.240865e-04 9.999879e-01 1.218230e+02
9.999823e-01 7.684459e-05 5.942514e-03 -4.584665e+00 -7.577842e-05 1.000000e+00 -1.794248e-04 -2.928852e+00 -5.942451e-03 1.789686e-04 9.999822e-01 1.232563e+02
9.999870e-01 3.860616e-06 -5.093363e-03 -4.656681e+00 -3.215208e-06 1.000000e+00 1.264672e-04 -2.964012e+00 5.093440e-03 -1.264519e-04 9.999869e-01 1.247634e+02
9.999831e-01 6.450190e-05 5.807043e-03 -4.714568e+00 -6.349782e-05 1.000000e+00 -1.728692e-04 -2.994313e+00 -5.806977e-03 1.724949e-04 9.999830e-01 1.260482e+02
9.999931e-01 -3.820739e-05 -3.721803e-03 -4.740206e+00 3.852414e-05 1.000000e+00 8.468399e-05 -3.023665e+00 3.721877e-03 -8.482951e-05 9.999930e-01 1.272431e+02
9.999341e-01 -8.655194e-05 1.147753e-02 -4.746543e+00 9.106656e-05 9.999999e-01 -3.927091e-04 -3.053609e+00 -1.147741e-02 3.937257e-04 9.999340e-01 1.284383e+02
9.999942e-01 -2.556421e-04 3.395164e-03 -4.748695e+00 2.562204e-04 1.000000e+00 -1.694919e-04 -3.083657e+00 -3.395042e-03 1.703580e-04 9.999941e-01 1.296380e+02
9.999934e-01 1.431633e-04 3.618822e-03 -4.774276e+00 -1.427826e-04 1.000000e+00 -1.050717e-04 -3.115319e+00 -3.618758e-03 1.045515e-04 9.999934e-01 1.309365e+02
9.999955e-01 -6.631023e-05 -2.982300e-03 -4.796494e+00 6.649960e-05 1.000000e+00 6.292619e-05 -3.147187e+00 2.982375e-03 -6.312704e-05 9.999955e-01 1.322253e+02
9.999726e-01 4.220241e-05 7.401442e-03 -4.781042e+00 -4.034016e-05 1.000000e+00 -2.515671e-04 -3.176812e+00 -7.401373e-03 2.512588e-04 9.999725e-01 1.333661e+02
9.999927e-01 -5.665406e-05 -3.822679e-03 -4.813167e+00 5.707611e-05 1.000000e+00 1.099231e-04 -3.206819e+00 3.822752e-03 -1.101433e-04 9.999926e-01 1.346012e+02
9.999875e-01 1.224423e-04 4.985319e-03 -4.872761e+00 -1.215930e-04 1.000000e+00 -1.703846e-04 -3.241480e+00 -4.985260e-03 1.697735e-04 9.999875e-01 1.360677e+02
9.999926e-01 -5.973656e-05 -3.847973e-03 -4.925145e+00 6.017039e-05 1.000000e+00 1.122504e-04 -3.275507e+00 3.848046e-03 -1.124839e-04 9.999925e-01 1.374953e+02
9.999876e-01 1.189056e-04 4.973276e-03 -4.991950e+00 -1.180449e-04 1.000000e+00 -1.730558e-04 -3.307190e+00 -4.973217e-03 1.724638e-04 9.999875e-01 1.388532e+02
9.999882e-01 -2.226429e-05 -4.853847e-03 -5.066526e+00 2.293854e-05 1.000000e+00 1.385563e-04 -3.338993e+00 4.853924e-03 -1.386688e-04 9.999881e-01 1.402256e+02
9.999891e-01 1.166222e-04 4.660178e-03 -5.136042e+00 -1.158806e-04 1.000000e+00 -1.590996e-04 -3.367049e+00 -4.660117e-03 1.585551e-04 9.999890e-01 1.414350e+02
9.999852e-01 -2.697094e-05 -5.441118e-03 -5.190255e+00 2.789047e-05 1.000000e+00 1.686556e-04 -3.391149e+00 5.441193e-03 -1.688077e-04 9.999851e-01 1.424542e+02
9.999826e-01 8.805848e-05 5.898368e-03 -5.252167e+00 -8.685324e-05 1.000000e+00 -2.043512e-04 -3.416013e+00 -5.898306e-03 2.038325e-04 9.999825e-01 1.435220e+02
9.999858e-01 -2.468551e-05 -5.325874e-03 -5.313179e+00 2.558111e-05 1.000000e+00 1.678197e-04 -3.442292e+00 5.325949e-03 -1.679564e-04 9.999857e-01 1.446477e+02
9.999825e-01 7.773862e-05 5.919502e-03 -5.367436e+00 -7.651477e-05 1.000000e+00 -2.067357e-04 -3.466351e+00 -5.919438e-03 2.062763e-04 9.999824e-01 1.456709e+02
9.999857e-01 -1.980476e-05 -5.337723e-03 -5.419237e+00 2.070966e-05 1.000000e+00 1.692025e-04 -3.491444e+00 5.337799e-03 -1.693135e-04 9.999857e-01 1.467320e+02
9.999846e-01 9.354945e-05 5.547915e-03 -5.435230e+00 -9.246135e-05 1.000000e+00 -1.961280e-04 -3.517529e+00 -5.547853e-03 1.956091e-04 9.999845e-01 1.477732e+02
9.999853e-01 -5.011732e-06 -5.417936e-03 -5.484637e+00 5.931641e-06 1.000000e+00 1.695064e-04 -3.546569e+00 5.418015e-03 -1.695389e-04 9.999852e-01 1.489899e+02
9.999803e-01 6.473975e-05 6.272937e-03 -5.532586e+00 -6.338814e-05 1.000000e+00 -2.154401e-04 -3.575467e+00 -6.272871e-03 2.150354e-04 9.999802e-01 1.502012e+02
9.999957e-01 -1.046469e-04 -2.925502e-03 -5.587609e+00 1.049541e-04 1.000000e+00 1.043832e-04 -3.597773e+00 2.925571e-03 -1.046927e-04 9.999956e-01 1.511636e+02
9.999799e-01 7.454109e-05 6.330131e-03 -5.604996e+00 -7.296460e-05 1.000000e+00 -2.490491e-04 -3.620938e+00 -6.330069e-03 2.485794e-04 9.999799e-01 1.520944e+02
9.999886e-01 -5.105257e-06 -4.773732e-03 -5.491378e+00 5.937930e-06 1.000000e+00 1.741052e-04 -3.649260e+00 4.773811e-03 -1.741344e-04 9.999885e-01 1.530139e+02
9.999785e-01 5.022254e-05 6.548964e-03 -5.262160e+00 -4.834949e-05 1.000000e+00 -2.859438e-04 -3.676603e+00 -6.548897e-03 2.856182e-04 9.999784e-01 1.537265e+02
9.999807e-01 1.422385e-05 -6.203187e-03 -5.298335e+00 -1.262851e-05 1.000000e+00 2.569789e-04 -3.699592e+00 6.203271e-03 -2.568985e-04 9.999806e-01 1.546774e+02
9.999737e-01 3.017462e-05 7.251520e-03 -5.336551e+00 -2.793750e-05 1.000000e+00 -3.084051e-04 -3.724930e+00 -7.251448e-03 3.081915e-04 9.999736e-01 1.557283e+02
9.999837e-01 3.204869e-05 -5.701106e-03 -5.265843e+00 -3.070138e-05 1.000000e+00 2.361499e-04 -3.751299e+00 5.701194e-03 -2.359739e-04 9.999836e-01 1.566352e+02
9.999786e-01 2.574246e-05 6.545062e-03 -5.264365e+00 -2.392437e-05 1.000000e+00 -2.776353e-04 -3.775716e+00 -6.544989e-03 2.774699e-04 9.999785e-01 1.575832e+02
9.999866e-01 2.234212e-06 -5.180372e-03 -5.322559e+00 -1.132061e-06 1.000000e+00 2.124696e-04 -3.799923e+00 5.180453e-03 -2.124638e-04 9.999865e-01 1.586234e+02
9.999845e-01 6.317558e-05 5.566273e-03 -5.384000e+00 -6.184066e-05 1.000000e+00 -2.397322e-04 -3.822913e+00 -5.566207e-03 2.393814e-04 9.999844e-01 1.596166e+02
9.999908e-01 -2.599517e-05 -4.280428e-03 -5.432091e+00 2.674060e-05 1.000000e+00 1.737421e-04 -3.848645e+00 4.280504e-03 -1.738579e-04 9.999907e-01 1.607018e+02
9.999892e-01 1.081824e-04 4.639639e-03 -5.499027e+00 -1.072082e-04 1.000000e+00 -2.099080e-04 -3.878588e+00 -4.639581e-03 2.094055e-04 9.999891e-01 1.619858e+02
9.999973e-01 -6.814889e-05 -2.318871e-03 -5.511994e+00 6.840003e-05 1.000000e+00 1.075802e-04 -3.916065e+00 2.318945e-03 -1.077414e-04 9.999972e-01 1.634893e+02
9.999955e-01 1.572790e-04 2.974799e-03 -5.528763e+00 -1.568272e-04 1.000000e+00 -1.516122e-04 -3.950718e+00 -2.974742e-03 1.511421e-04 9.999955e-01 1.648841e+02
9.999970e-01 -8.490230e-05 -2.447635e-03 -5.587409e+00 8.517598e-05 1.000000e+00 1.111001e-04 -3.980153e+00 2.447707e-03 -1.113111e-04 9.999969e-01 1.661349e+02
9.999933e-01 1.315044e-04 3.640610e-03 -5.627642e+00 -1.308776e-04 1.000000e+00 -1.720029e-04 -4.009666e+00 -3.640552e-03 1.715224e-04 9.999933e-01 1.673596e+02
9.999786e-01 -3.301701e-04 6.527533e-03 -5.616685e+00 3.316350e-04 9.999999e-01 -2.230942e-04 -4.038987e+00 -6.527377e-03 2.252513e-04 9.999786e-01 1.685015e+02
9.999992e-01 2.628176e-04 -1.232507e-03 -5.630570e+00 -2.628026e-04 1.000000e+00 1.107416e-05 -4.066591e+00 1.232592e-03 -1.075316e-05 9.999992e-01 1.696089e+02
9.999989e-01 -1.951682e-04 1.483737e-03 -5.661548e+00 1.952247e-04 1.000000e+00 -3.691719e-05 -4.093249e+00 -1.483647e-03 3.720388e-05 9.999988e-01 1.706970e+02
9.999896e-01 1.058206e-04 4.554702e-03 -5.625065e+00 -1.048552e-04 1.000000e+00 -2.118616e-04 -4.118269e+00 -4.554642e-03 2.113789e-04 9.999895e-01 1.716127e+02
9.999973e-01 -2.105911e-04 2.322267e-03 -5.612150e+00 2.107509e-04 1.000000e+00 -6.792003e-05 -4.146313e+00 -2.322169e-03 6.840629e-05 9.999972e-01 1.726974e+02
9.999999e-01 2.280489e-04 -9.157605e-05 -5.643739e+00 -2.280497e-04 1.000000e+00 -2.684882e-05 -4.176098e+00 9.165283e-05 2.686675e-05 9.999999e-01 1.739190e+02
9.999988e-01 -1.795358e-04 1.495296e-03 -5.657641e+00 1.795915e-04 1.000000e+00 -3.603009e-05 -4.207181e+00 -1.495206e-03 3.629561e-05 9.999988e-01 1.751632e+02
9.999469e-01 -6.918808e-05 1.029840e-02 -5.626377e+00 7.355836e-05 9.999999e-01 -4.238304e-04 -4.234918e+00 -1.029828e-02 4.245625e-04 9.999468e-01 1.762136e+02
9.999672e-01 8.724880e-05 -8.100718e-03 -5.681363e+00 -8.457366e-05 9.999999e-01 3.303697e-04 -4.264234e+00 8.100830e-03 -3.296768e-04 9.999671e-01 1.774556e+02
9.999532e-01 -4.342796e-05 9.670435e-03 -5.727661e+00 4.730855e-05 9.999999e-01 -4.008873e-04 -4.296104e+00 -9.670333e-03 4.013230e-04 9.999531e-01 1.787849e+02
9.999617e-01 1.135144e-04 -8.751154e-03 -5.764346e+00 -1.104430e-04 9.999999e-01 3.512604e-04 -4.328674e+00 8.751277e-03 -3.502834e-04 9.999616e-01 1.801269e+02
9.999706e-01 -2.452984e-06 7.669661e-03 -5.759295e+00 5.003729e-06 9.999999e-01 -3.323446e-04 -4.353888e+00 -7.669576e-03 3.323701e-04 9.999705e-01 1.810903e+02
9.999629e-01 1.137481e-04 -8.613614e-03 -5.751035e+00 -1.107541e-04 9.999999e-01 3.478761e-04 -4.379848e+00 8.613737e-03 -3.469122e-04 9.999628e-01 1.820810e+02
9.999602e-01 -3.462685e-05 8.923225e-03 -5.767535e+00 3.799088e-05 9.999999e-01 -3.766456e-04 -4.407774e+00 -8.923128e-03 3.769666e-04 9.999600e-01 1.831984e+02
9.999509e-01 1.431868e-04 -9.908406e-03 -5.741741e+00 -1.391701e-04 9.999999e-01 4.058942e-04 -4.431536e+00 9.908547e-03 -4.044983e-04 9.999508e-01 1.840662e+02
9.999573e-01 -6.453142e-05 9.242031e-03 -5.754696e+00 6.819706e-05 9.999999e-01 -3.961381e-04 -4.451916e+00 -9.241921e-03 3.967484e-04 9.999571e-01 1.848673e+02
9.999763e-01 6.840492e-05 -6.887514e-03 -5.751820e+00 -6.642207e-05 1.000000e+00 2.878771e-04 -4.473944e+00 6.887618e-03 -2.874158e-04 9.999762e-01 1.857123e+02
9.999675e-01 -2.560301e-05 8.055277e-03 -5.780042e+00 2.836016e-05 9.999999e-01 -3.419627e-04 -4.499130e+00 -8.055184e-03 3.421771e-04 9.999674e-01 1.867405e+02
9.999819e-01 4.051501e-05 -6.018196e-03 -5.819101e+00 -3.897183e-05 1.000000e+00 2.562585e-04 -4.525764e+00 6.018290e-03 -2.560223e-04 9.999818e-01 1.878455e+02
9.999762e-01 8.630289e-06 6.893726e-03 -5.814276e+00 -6.535146e-06 1.000000e+00 -3.037051e-04 -4.548138e+00 -6.893645e-03 3.036498e-04 9.999761e-01 1.887014e+02
9.999832e-01 5.044492e-05 -5.791649e-03 -5.780701e+00 -4.899786e-05 1.000000e+00 2.497046e-04 -4.572627e+00 5.791746e-03 -2.494196e-04 9.999831e-01 1.895952e+02
9.999804e-01 1.379054e-05 6.264171e-03 -5.787739e+00 -1.202865e-05 1.000000e+00 -2.810393e-04 -4.597930e+00 -6.264091e-03 2.809554e-04 9.999803e-01 1.905900e+02
9.999864e-01 4.817764e-05 -5.216317e-03 -5.758793e+00 -4.699638e-05 1.000000e+00 2.262538e-04 -4.623470e+00 5.216412e-03 -2.260085e-04 9.999863e-01 1.915336e+02
9.999758e-01 -1.028876e-06 6.958744e-03 -5.721580e+00 3.186376e-06 1.000000e+00 -3.097936e-04 -4.649080e+00 -6.958659e-03 3.098053e-04 9.999757e-01 1.924666e+02
9.999835e-01 3.946446e-05 -5.734979e-03 -5.743695e+00 -3.804343e-05 1.000000e+00 2.475955e-04 -4.674272e+00 5.735073e-03 -2.473762e-04 9.999834e-01 1.934839e+02
9.999806e-01 3.173814e-05 6.223395e-03 -5.743501e+00 -2.998660e-05 1.000000e+00 -2.812719e-04 -4.701377e+00 -6.223319e-03 2.810768e-04 9.999805e-01 1.945404e+02
9.999818e-01 4.764612e-05 -6.035387e-03 -5.744749e+00 -4.608325e-05 1.000000e+00 2.588083e-04 -4.728207e+00 6.035484e-03 -2.585285e-04 9.999817e-01 1.955864e+02
9.999820e-01 3.070408e-05 5.999803e-03 -5.754642e+00 -2.906282e-05 1.000000e+00 -2.733631e-04 -4.753095e+00 -5.999727e-03 2.731808e-04 9.999819e-01 1.965666e+02
9.999793e-01 6.094899e-05 -6.435473e-03 -5.788663e+00 -5.926750e-05 1.000000e+00 2.612119e-04 -4.780912e+00 6.435573e-03 -2.608281e-04 9.999792e-01 1.977038e+02
9.999783e-01 3.826316e-05 6.577340e-03 -5.804796e+00 -3.635797e-05 1.000000e+00 -2.895293e-04 -4.813587e+00 -6.577266e-03 2.892808e-04 9.999783e-01 1.990127e+02
9.999828e-01 2.964605e-05 -5.854296e-03 -5.833751e+00 -2.819429e-05 1.000000e+00 2.477744e-04 -4.842956e+00 5.854387e-03 -2.476081e-04 9.999828e-01 2.002104e+02
9.999817e-01 5.648124e-05 6.049043e-03 -5.903258e+00 -5.478541e-05 1.000000e+00 -2.802396e-04 -4.872265e+00 -6.048974e-03 2.799001e-04 9.999816e-01 2.014725e+02
9.999792e-01 4.419714e-05 -6.446309e-03 -5.989190e+00 -4.251319e-05 1.000000e+00 2.611013e-04 -4.898337e+00 6.446405e-03 -2.608249e-04 9.999791e-01 2.026278e+02
9.999748e-01 2.887044e-05 7.092281e-03 -6.074572e+00 -2.665466e-05 1.000000e+00 -3.122833e-04 -4.929333e+00 -7.092205e-03 3.120834e-04 9.999747e-01 2.039870e+02
9.999793e-01 5.554188e-05 -6.423690e-03 -6.192841e+00 -5.390209e-05 1.000000e+00 2.551811e-04 -4.963753e+00 6.423788e-03 -2.548326e-04 9.999793e-01 2.055420e+02
9.999687e-01 -1.323894e-05 7.911425e-03 -6.272037e+00 1.579095e-05 9.999999e-01 -3.223015e-04 -4.994581e+00 -7.911336e-03 3.224134e-04 9.999686e-01 2.068865e+02
9.999733e-01 8.290756e-05 -7.302723e-03 -6.322616e+00 -8.086729e-05 1.000000e+00 2.794464e-04 -5.023613e+00 7.302830e-03 -2.788514e-04 9.999732e-01 2.081072e+02
9.999739e-01 1.593270e-05 7.216965e-03 -6.406814e+00 -1.372905e-05 1.000000e+00 -3.051633e-04 -5.052181e+00 -7.216885e-03 3.050533e-04 9.999738e-01 2.093636e+02
9.999761e-01 6.791399e-05 -6.911204e-03 -6.501177e+00 -6.609117e-05 1.000000e+00 2.637313e-04 -5.082588e+00 6.911306e-03 -2.632712e-04 9.999760e-01 2.107131e+02
9.999735e-01 1.913798e-05 7.275150e-03 -6.589118e+00 -1.691892e-05 1.000000e+00 -3.048528e-04 -5.114536e+00 -7.275071e-03 3.047187e-04 9.999734e-01 2.121144e+02
9.999718e-01 8.840955e-05 -7.500491e-03 -6.661292e+00 -8.630398e-05 1.000000e+00 2.808215e-04 -5.145860e+00 7.500600e-03 -2.801692e-04 9.999718e-01 2.134612e+02
9.999751e-01 1.397212e-05 7.055690e-03 -6.768196e+00 -1.185672e-05 1.000000e+00 -2.996227e-04 -5.172180e+00 -7.055610e-03 2.995285e-04 9.999750e-01 2.146610e+02
9.999721e-01 7.389272e-05 -7.463223e-03 -6.899097e+00 -7.187992e-05 1.000000e+00 2.697363e-04 -5.195283e+00 7.463327e-03 -2.691953e-04 9.999720e-01 2.157675e+02
9.999806e-01 3.092677e-05 6.225123e-03 -6.982283e+00 -2.932460e-05 1.000000e+00 -2.571990e-04 -5.217624e+00 -6.225047e-03 2.570085e-04 9.999805e-01 2.167611e+02
9.999736e-01 7.509620e-05 -7.257826e-03 -7.053857e+00 -7.320723e-05 1.000000e+00 2.602996e-04 -5.244017e+00 7.257929e-03 -2.597644e-04 9.999736e-01 2.179022e+02
9.999814e-01 3.502059e-05 6.099204e-03 -7.117372e+00 -3.350544e-05 1.000000e+00 -2.482495e-04 -5.268439e+00 -6.099128e-03 2.480376e-04 9.999813e-01 2.189475e+02
9.999795e-01 5.118695e-05 -6.395721e-03 -7.234961e+00 -4.976924e-05 1.000000e+00 2.215612e-04 -5.292332e+00 6.395816e-03 -2.212414e-04 9.999794e-01 2.200670e+02
9.999818e-01 4.016920e-05 6.030330e-03 -7.333497e+00 -3.870994e-05 1.000000e+00 -2.418310e-04 -5.317122e+00 -6.030255e-03 2.415901e-04 9.999817e-01 2.211920e+02
9.999771e-01 6.597259e-05 -6.764424e-03 -7.397404e+00 -6.437718e-05 1.000000e+00 2.358237e-04 -5.344825e+00 6.764523e-03 -2.353858e-04 9.999770e-01 2.223759e+02
9.999829e-01 3.445307e-05 5.841154e-03 -7.431002e+00 -3.310454e-05 1.000000e+00 -2.306848e-04 -5.370381e+00 -5.841077e-03 2.304845e-04 9.999828e-01 2.234209e+02
9.999383e-01 2.085317e-04 -1.109986e-02 -7.465348e+00 -2.042528e-04 9.999999e-01 3.864746e-04 -5.394646e+00 1.110002e-02 -3.841865e-04 9.999382e-01 2.244101e+02
9.999428e-01 -1.124611e-04 1.069139e-02 -7.511453e+00 1.167029e-04 9.999999e-01 -3.959779e-04 -5.422057e+00 -1.069126e-02 3.972000e-04 9.999427e-01 2.255534e+02
9.999425e-01 1.883419e-04 -1.071696e-02 -7.560782e+00 -1.842710e-04 9.999999e-01 3.806834e-04 -5.445813e+00 1.071711e-02 -3.786896e-04 9.999424e-01 2.265546e+02
9.999436e-01 -1.085193e-04 1.061543e-02 -7.624283e+00 1.127679e-04 9.999999e-01 -3.994761e-04 -5.470666e+00 -1.061530e-02 4.006478e-04 9.999435e-01 2.276237e+02
9.999413e-01 2.055677e-04 -1.082883e-02 -7.673477e+00 -2.014426e-04 9.999999e-01 3.818807e-04 -5.498350e+00 1.082900e-02 -3.796798e-04 9.999412e-01 2.287841e+02
9.999487e-01 -9.705162e-05 1.012861e-02 -7.703020e+00 1.009490e-04 9.999999e-01 -3.841237e-04 -5.525559e+00 -1.012849e-02 3.851236e-04 9.999486e-01 2.298910e+02
9.999290e-01 2.490125e-04 -1.191578e-02 -7.648353e+00 -2.438039e-04 9.999999e-01 4.384263e-04 -5.550767e+00 1.191597e-02 -4.354930e-04 9.999288e-01 2.307643e+02
9.999667e-01 -5.163260e-05 8.158968e-03 -7.465565e+00 5.437409e-05 9.999999e-01 -3.355955e-04 -5.577162e+00 -8.158866e-03 3.360250e-04 9.999666e-01 2.314871e+02
9.999568e-01 1.782469e-04 -9.294936e-03 -7.292088e+00 -1.750516e-04 9.999999e-01 3.444045e-04 -5.605082e+00 9.295081e-03 -3.427654e-04 9.999567e-01 2.322983e+02
9.999574e-01 -7.486678e-05 9.222898e-03 -7.041084e+00 7.847124e-05 9.999999e-01 -3.902855e-04 -5.635332e+00 -9.222784e-03 3.909897e-04 9.999573e-01 2.330938e+02
9.999571e-01 1.828387e-04 -9.262169e-03 -7.019991e+00 -1.793065e-04 9.999999e-01 3.820094e-04 -5.663416e+00 9.262321e-03 -3.803351e-04 9.999570e-01 2.341536e+02
9.999584e-01 -4.094293e-05 9.119043e-03 -6.946852e+00 4.446350e-05 9.999999e-01 -3.856948e-04 -5.695161e+00 -9.118943e-03 3.860813e-04 9.999583e-01 2.352767e+02
9.999567e-01 1.709604e-04 -9.301042e-03 -6.718041e+00 -1.677105e-04 9.999999e-01 3.500214e-04 -5.728374e+00 9.301184e-03 -3.484493e-04 9.999566e-01 2.362259e+02
9.999635e-01 -3.909635e-05 8.538723e-03 -6.914288e+00 4.224067e-05 9.999999e-01 -3.678795e-04 -5.739205e+00 -8.538624e-03 3.682239e-04 9.999634e-01 2.369142e+02
9.999572e-01 1.777934e-04 -9.246441e-03 -7.148767e+00 -1.746030e-04 9.999999e-01 3.456742e-04 -5.744095e+00 9.246585e-03 -3.440479e-04 9.999571e-01 2.374120e+02
9.999534e-01 -1.025750e-04 9.647926e-03 -6.984820e+00 1.066185e-04 9.999999e-01 -4.184377e-04 -5.766201e+00 -9.647799e-03 4.194439e-04 9.999533e-01 2.380134e+02
9.999729e-01 1.257546e-04 -7.354432e-03 -6.568043e+00 -1.239955e-04 1.000000e+00 2.394316e-04 -5.796122e+00 7.354546e-03 -2.385161e-04 9.999728e-01 2.385648e+02
9.999597e-01 -8.095025e-05 8.978581e-03 -6.034633e+00 8.469884e-05 9.999999e-01 -4.169492e-04 -5.832911e+00 -8.978463e-03 4.176900e-04 9.999595e-01 2.392137e+02
9.999614e-01 1.611990e-04 -8.781860e-03 -5.629944e+00 -1.584236e-04 9.999999e-01 3.165434e-04 -5.864405e+00 8.781994e-03 -3.151428e-04 9.999613e-01 2.398381e+02
9.999761e-01 -2.973577e-06 6.915252e-03 -4.868984e+00 5.326783e-06 9.999999e-01 -3.400462e-04 -5.909435e+00 -6.915167e-03 3.400720e-04 9.999760e-01 2.404828e+02
9.999609e-01 1.803010e-04 -8.839864e-03 -4.225267e+00 -1.776164e-04 9.999999e-01 3.042942e-04 -5.955753e+00 8.840002e-03 -3.027151e-04 9.999608e-01 2.413572e+02
9.999875e-01 4.274198e-05 4.998132e-03 -2.891177e+00 -4.146304e-05 1.000000e+00 -2.556747e-04 -6.020618e+00 -4.998059e-03 2.554614e-04 9.999874e-01 2.419576e+02
9.999555e-01 1.889150e-04 -9.431209e-03 -1.124271e+00 -1.860405e-04 9.999999e-01 3.054928e-04 -6.096395e+00 9.431349e-03 -3.037275e-04 9.999554e-01 2.423838e+02
9.999885e-01 5.001238e-05 4.800866e-03 8.152023e-01 -4.881967e-05 1.000000e+00 -2.482326e-04 -6.177077e+00 -4.800795e-03 2.479925e-04 9.999884e-01 2.427610e+02
9.999363e-01 2.424918e-04 -1.127866e-02 3.011315e+00 -2.382476e-04 9.999999e-01 3.775128e-04 -6.269192e+00 1.127883e-02 -3.748045e-04 9.999362e-01 2.431969e+02
9.999919e-01 7.936223e-05 4.020451e-03 5.452399e+00 -7.847197e-05 1.000000e+00 -2.212195e-04 -6.371444e+00 -4.020386e-03 2.208994e-04 9.999918e-01 2.436774e+02
9.999612e-01 1.758391e-04 -8.805807e-03 7.998120e+00 -1.736520e-04 1.000000e+00 2.489668e-04 -6.475511e+00 8.805932e-03 -2.474309e-04 9.999611e-01 2.441226e+02
9.999894e-01 6.589035e-05 4.609879e-03 1.031874e+01 -6.468858e-05 1.000000e+00 -2.605232e-04 -6.576007e+00 -4.609815e-03 2.602194e-04 9.999893e-01 2.447487e+02
9.999593e-01 1.799297e-04 -9.022121e-03 1.223187e+01 -1.773712e-04 9.999999e-01 2.842150e-04 -6.662906e+00 9.022253e-03 -2.826060e-04 9.999592e-01 2.454048e+02
9.999815e-01 5.082503e-05 6.076068e-03 1.404415e+01 -4.895515e-05 1.000000e+00 -3.076550e-04 -6.749088e+00 -6.076002e-03 3.073491e-04 9.999814e-01 2.461812e+02
9.999466e-01 2.062486e-04 -1.032584e-02 1.559420e+01 -2.027031e-04 9.999999e-01 3.442623e-04 -6.829300e+00 1.032599e-02 -3.421536e-04 9.999465e-01 2.470739e+02
9.999918e-01 8.889008e-05 4.043254e-03 1.701282e+01 -8.813623e-05 1.000000e+00 -1.862724e-04 -6.900352e+00 -4.043190e-03 1.859118e-04 9.999917e-01 2.477585e+02
9.999686e-01 1.378147e-04 -7.926508e-03 1.850959e+01 -1.360251e-04 1.000000e+00 2.261239e-04 -6.970992e+00 7.926619e-03 -2.250413e-04 9.999685e-01 2.483581e+02
9.999901e-01 7.684005e-05 4.450219e-03 1.984680e+01 -7.587453e-05 1.000000e+00 -2.168160e-04 -7.037954e+00 -4.450156e-03 2.164734e-04 9.999900e-01 2.490431e+02
9.999496e-01 1.946478e-04 -1.003169e-02 2.163199e+01 -1.914005e-04 9.999999e-01 3.245219e-04 -7.119062e+00 1.003183e-02 -3.225882e-04 9.999495e-01 2.496248e+02
9.999887e-01 7.342830e-05 4.741205e-03 2.335609e+01 -7.238438e-05 1.000000e+00 -2.200639e-04 -7.197907e+00 -4.741142e-03 2.197155e-04 9.999887e-01 2.502077e+02
9.999620e-01 1.604150e-04 -8.715699e-03 2.484932e+01 -1.581795e-04 1.000000e+00 2.570245e-04 -7.271071e+00 8.715819e-03 -2.556388e-04 9.999619e-01 2.509068e+02
9.999908e-01 8.174607e-05 4.283190e-03 2.660014e+01 -8.088163e-05 1.000000e+00 -2.016821e-04 -7.350836e+00 -4.283128e-03 2.013311e-04 9.999907e-01 2.515055e+02
9.999577e-01 1.703700e-04 -9.189663e-03 2.878234e+01 -1.680650e-04 1.000000e+00 2.514516e-04 -7.443757e+00 9.189784e-03 -2.498992e-04 9.999577e-01 2.520189e+02
9.999795e-01 2.228535e-05 6.397464e-03 3.129652e+01 -2.026621e-05 1.000000e+00 -3.154753e-04 -7.544570e+00 -6.397393e-03 3.153365e-04 9.999794e-01 2.523892e+02
9.999334e-01 2.201763e-04 -1.153379e-02 3.393488e+01 -2.159466e-04 9.999999e-01 3.678508e-04 -7.648695e+00 1.153394e-02 -3.653383e-04 9.999333e-01 2.527009e+02
9.999821e-01 4.366280e-05 5.977497e-03 3.665868e+01 -4.200663e-05 1.000000e+00 -2.769776e-04 -7.755704e+00 -5.977431e-03 2.767188e-04 9.999820e-01 2.529983e+02
9.999315e-01 2.337378e-04 -1.169660e-02 3.960050e+01 -2.296358e-04 9.999999e-01 3.519245e-04 -7.873066e+00 1.169676e-02 -3.492171e-04 9.999314e-01 2.533929e+02
9.999797e-01 2.014249e-05 6.374897e-03 4.262863e+01 -1.809311e-05 9.999999e-01 -3.213374e-04 -7.992494e+00 -6.374826e-03 3.212128e-04 9.999795e-01 2.537541e+02
9.999415e-01 2.288220e-04 -1.081176e-02 4.556024e+01 -2.254300e-04 9.999999e-01 3.148326e-04 -8.111977e+00 1.081191e-02 -3.123796e-04 9.999414e-01 2.542588e+02
9.999821e-01 3.359166e-05 5.971924e-03 4.817220e+01 -3.179478e-05 1.000000e+00 -3.007756e-04 -8.222336e+00 -5.971857e-03 3.005777e-04 9.999820e-01 2.548575e+02
9.999396e-01 2.279484e-04 -1.098614e-02 5.063526e+01 -2.242628e-04 9.999999e-01 3.365954e-04 -8.326422e+00 1.098629e-02 -3.341139e-04 9.999395e-01 2.554175e+02
9.999842e-01 3.232605e-05 5.623178e-03 5.328046e+01 -3.070500e-05 1.000000e+00 -2.881511e-04 -8.434236e+00 -5.623111e-03 2.879712e-04 9.999841e-01 2.558635e+02
9.999345e-01 2.247929e-04 -1.144274e-02 5.614009e+01 -2.208065e-04 9.999999e-01 3.495308e-04 -8.547079e+00 1.144289e-02 -3.469839e-04 9.999344e-01 2.561999e+02
9.999883e-01 3.400013e-05 4.828705e-03 5.868717e+01 -3.289014e-05 1.000000e+00 -2.297078e-04 -8.646665e+00 -4.828638e-03 2.295437e-04 9.999882e-01 2.564461e+02
9.999465e-01 2.020616e-04 -1.033929e-02 6.074411e+01 -1.986948e-04 9.999999e-01 3.265389e-04 -8.726545e+00 1.033943e-02 -3.244697e-04 9.999464e-01 2.566199e+02
9.999853e-01 1.251294e-05 5.425187e-03 6.274244e+01 -1.116039e-05 1.000000e+00 -2.491269e-04 -8.804717e+00 -5.425116e-03 2.490601e-04 9.999852e-01 2.568153e+02
9.999467e-01 1.972363e-04 -1.031886e-02 6.476940e+01 -1.939471e-04 9.999999e-01 3.196436e-04 -8.882520e+00 1.031900e-02 -3.176279e-04 9.999466e-01 2.569610e+02
9.999861e-01 1.953742e-05 5.273287e-03 6.704164e+01 -1.820753e-05 1.000000e+00 -2.520281e-04 -8.970030e+00 -5.273218e-03 2.519260e-04 9.999860e-01 2.571399e+02
9.999453e-01 1.947463e-04 -1.045284e-02 6.918591e+01 -1.912551e-04 9.999999e-01 3.348834e-04 -9.052656e+00 1.045298e-02 -3.328684e-04 9.999452e-01 2.573041e+02
