1.000000e+00 8.414537e-05 1.698037e-05 -3.752974e-02 -8.414487e-05 1.000000e+00 -2.801420e-05 -2.896932e-02 -1.698268e-05 2.801324e-05 9.999999e-01 1.192739e+00
9.999987e-01 6.938687e-05 -1.621591e-03 -2.534627e-02 -6.928332e-05 1.000000e+00 6.390259e-05 -6.561756e-02 1.621595e-03 -6.378968e-05 9.999986e-01 2.607251e+00
9.999997e-01 9.191928e-05 -7.528996e-04 -3.078763e-02 -9.191728e-05 1.000000e+00 2.673234e-06 -9.819833e-02 7.528995e-04 -2.603543e-06 9.999996e-01 3.887402e+00
9.999974e-01 8.777450e-05 -2.266240e-03 -1.867190e-02 -8.757326e-05 1.000000e+00 8.889086e-05 -1.296297e-01 2.266247e-03 -8.869168e-05 9.999973e-01 5.094672e+00
9.999636e-01 3.556359e-04 -8.523693e-03 -2.831122e-02 -3.529952e-04 9.999999e-01 3.113061e-04 -1.609662e-01 8.523801e-03 -3.082854e-04 9.999635e-01 6.324154e+00
9.999999e-01 1.488485e-05 3.414816e-04 -6.805255e-02 -1.487400e-05 1.000000e+00 -3.167943e-05 -1.873354e-01 -3.414846e-04 3.167491e-05 9.999998e-01 7.414081e+00
9.999963e-01 1.380821e-04 -2.733022e-03 -8.857178e-02 -1.378483e-04 1.000000e+00 8.573023e-05 -2.088642e-01 2.733031e-03 -8.535260e-05 9.999962e-01 8.267125e+00
9.999825e-01 2.427251e-04 -5.912636e-03 -9.479370e-02 -2.415992e-04 1.000000e+00 1.911450e-04 -2.294789e-01 5.912679e-03 -1.897125e-04 9.999824e-01 9.059085e+00
9.999979e-01 9.398663e-05 -2.064184e-03 -1.304380e-01 -9.384126e-05 1.000000e+00 7.050569e-05 -2.533913e-01 2.064186e-03 -7.031121e-05 9.999978e-01 1.002055e+01
9.999734e-01 2.874319e-04 -7.288784e-03 -1.708162e-01 -2.856814e-04 9.999999e-01 2.412095e-04 -2.766403e-01 7.288847e-03 -2.391202e-04 9.999733e-01 1.096902e+01
9.999691e-01 -2.472471e-04 7.857181e-03 -2.031452e-01 2.493673e-04 9.999999e-01 -2.688547e-04 -2.951268e-01 -7.857119e-03 2.708064e-04 9.999690e-01 1.172554e+01
9.999795e-01 2.683752e-04 -6.402308e-03 -2.455404e-01 -2.670725e-04 9.999999e-01 2.043249e-04 -3.176412e-01 6.402358e-03 -2.026102e-04 9.999794e-01 1.266689e+01
9.999841e-01 -1.685730e-04 5.639806e-03 -3.004331e-01 1.697265e-04 1.000000e+00 -2.040388e-04 -3.397835e-01 -5.639776e-03 2.049934e-04 9.999840e-01 1.360691e+01
9.999758e-01 2.879585e-04 -6.957954e-03 -3.588330e-01 -2.864261e-04 9.999999e-01 2.212303e-04 -3.667129e-01 6.958012e-03 -2.192314e-04 9.999757e-01 1.474430e+01
9.999837e-01 1.861285e-04 -5.698477e-03 -4.029744e-01 -1.847899e-04 1.000000e+00 2.354295e-04 -3.868279e-01 5.698514e-03 -2.343720e-04 9.999836e-01 1.554563e+01
9.999264e-01 5.086332e-04 -1.211928e-02 -3.824924e-01 -5.029155e-04 9.999998e-01 4.748256e-04 -3.896262e-01 1.211951e-02 -4.686949e-04 9.999263e-01 1.561071e+01
9.999429e-01 3.736581e-04 -1.067966e-02 -3.704751e-01 -3.691406e-04 9.999998e-01 4.249623e-04 -3.885277e-01 1.067981e-02 -4.209949e-04 9.999428e-01 1.551510e+01
9.998308e-01 7.300277e-04 -1.837784e-02 -3.397794e-01 -7.171497e-04 9.999995e-01 7.073137e-04 -3.874753e-01 1.837833e-02 -6.940134e-04 9.998308e-01 1.540213e+01
9.999281e-01 4.104612e-04 -1.198212e-02 -3.578644e-01 -4.047765e-04 9.999998e-01 4.768402e-04 -3.871984e-01 1.198230e-02 -4.719548e-04 9.999280e-01 1.537547e+01
9.996837e-01 9.404511e-04 -2.513084e-02 -3.499668e-01 -9.162056e-04 9.999991e-01 9.762632e-04 -3.926528e-01 2.513172e-02 -9.529282e-04 9.996836e-01 1.553197e+01
9.997929e-01 -6.759512e-04 2.034074e-02 -3.400526e-01 6.924184e-04 9.999994e-01 -8.025281e-04 -4.038710e-01 -2.034021e-02 8.164474e-04 9.997927e-01 1.594078e+01
9.996829e-01 9.284773e-04 -2.516310e-02 -3.059269e-01 -9.038623e-04 9.999991e-01 9.895710e-04 -4.142856e-01 2.516398e-02 -9.665120e-04 9.996828e-01 1.626736e+01
9.998774e-01 -5.039557e-04 1.565322e-02 -2.804972e-01 5.145055e-04 9.999996e-01 -6.699431e-04 -4.276431e-01 -1.565290e-02 6.779159e-04 9.998772e-01 1.671936e+01
9.994258e-01 1.223050e-03 -3.386067e-02 -2.544767e-01 -1.177666e-03 9.999984e-01 1.360242e-03 -4.415679e-01 3.386225e-02 -1.319583e-03 9.994255e-01 1.716531e+01
9.999567e-01 -3.041816e-04 9.303742e-03 -2.682601e-01 3.084130e-04 9.999998e-01 -4.533527e-04 -4.561619e-01 -9.303629e-03 4.562038e-04 9.999565e-01 1.769966e+01
9.997041e-01 8.901530e-04 -2.430991e-02 -3.219511e-01 -8.668968e-04 9.999992e-01 9.671693e-04 -4.763405e-01 2.431072e-02 -9.458076e-04 9.997039e-01 1.854811e+01
9.997335e-01 -7.496849e-04 2.307093e-02 -3.485416e-01 7.714040e-04 9.999993e-01 -9.325102e-04 -5.028319e-01 -2.307024e-02 9.500601e-04 9.997333e-01 1.961575e+01
9.997101e-01 8.861024e-04 -2.405980e-02 -1.533167e-01 -8.624002e-04 9.999991e-01 9.954850e-04 -5.230060e-01 2.406063e-02 -9.744459e-04 9.997099e-01 2.009010e+01
9.997332e-01 -8.225424e-04 2.308468e-02 1.355467e-01 8.432121e-04 9.999993e-01 -8.856566e-04 -5.327700e-01 -2.308397e-02 9.048870e-04 9.997330e-01 2.005995e+01
9.997718e-01 1.185382e-03 -2.133012e-02 -1.018945e+00 -1.161219e-03 9.999987e-01 1.145136e-03 -4.416561e-01 2.133142e-02 -1.120105e-03 9.997717e-01 1.823498e+01
9.997314e-01 -7.898145e-04 2.316114e-02 -2.296943e+00 8.084606e-04 9.999994e-01 -7.956970e-04 -3.339527e-01 -2.316052e-02 8.142097e-04 9.997313e-01 1.598012e+01
9.997698e-01 1.189631e-03 -2.142328e-02 -3.545522e+00 -1.165197e-03 9.999987e-01 1.152962e-03 -2.258077e-01 2.142460e-02 -1.127732e-03 9.997697e-01 1.367518e+01
9.997462e-01 -8.035826e-04 2.251562e-02 -4.666007e+00 8.227828e-04 9.999993e-01 -8.434900e-04 -1.339922e-01 -2.251495e-02 8.618028e-04 9.997460e-01 1.178286e+01
9.997479e-01 1.259557e-03 -2.241673e-02 -5.776628e+00 -1.233916e-03 9.999986e-01 1.157609e-03 -4.477651e-02 2.241813e-02 -1.129656e-03 9.997479e-01 9.962503e+00
9.997335e-01 -7.926051e-04 2.307368e-02 -7.027764e+00 8.101165e-04 9.999994e-01 -7.495842e-04 6.378232e-02 -2.307310e-02 7.680783e-04 9.997334e-01 7.641182e+00
9.997559e-01 1.238055e-03 -2.205798e-02 -8.262366e+00 -1.212987e-03 9.999986e-01 1.149807e-03 1.728993e-01 2.205934e-02 -1.122769e-03 9.997559e-01 5.284240e+00
9.997155e-01 -8.112387e-04 2.383800e-02 -9.626892e+00 8.298194e-04 9.999994e-01 -7.695616e-04 2.889234e-01 -2.383739e-02 7.891255e-04 9.997154e-01 2.841064e+00
9.997419e-01 1.279895e-03 -2.268317e-02 -1.095882e+01 -1.255477e-03 9.999986e-01 1.090677e-03 3.948319e-01 2.268451e-02 -1.061916e-03 9.997420e-01 7.056521e-01
9.997433e-01 -8.621200e-04 2.263831e-02 -1.199741e+01 8.809855e-04 9.999993e-01 -8.233754e-04 4.734060e-01 -2.263761e-02 8.431097e-04 9.997433e-01 -8.302496e-01
9.997611e-01 1.269344e-03 -2.182047e-02 -1.312810e+01 -1.246804e-03 9.999987e-01 1.046539e-03 5.534785e-01 2.182174e-02 -1.019081e-03 9.997613e-01 -2.294957e+00
9.997378e-01 -9.029258e-04 2.287952e-02 -1.424356e+01 9.241685e-04 9.999992e-01 -9.178933e-04 6.211585e-01 -2.287869e-02 9.387988e-04 9.997377e-01 -3.323574e+00
9.997725e-01 1.181801e-03 -2.129534e-02 -1.524194e+01 -1.161566e-03 9.999989e-01 9.625528e-04 6.747861e-01 2.129643e-02 -9.375963e-04 9.997727e-01 -3.979189e+00
9.997502e-01 -9.876376e-04 2.232879e-02 -1.583331e+01 1.010316e-03 9.999990e-01 -1.004403e-03 6.871668e-01 -2.232780e-02 1.026713e-03 9.997501e-01 -3.631311e+00
9.997831e-01 1.209721e-03 -2.079318e-02 -1.666926e+01 -1.189401e-03 9.999988e-01 9.895656e-04 7.225862e-01 2.079433e-02 -9.646179e-04 9.997832e-01 -3.820543e+00
9.997380e-01 -1.041528e-03 2.286543e-02 -1.744857e+01 1.062359e-03 9.999990e-01 -8.989019e-04 7.710831e-01 -2.286450e-02 9.229594e-04 9.997380e-01 -4.565683e+00
9.997540e-01 1.265042e-03 -2.214419e-02 -1.815296e+01 -1.243811e-03 9.999988e-01 9.724608e-04 8.091236e-01 2.214536e-02 -9.446767e-04 9.997542e-01 -5.034457e+00
9.997516e-01 -9.993918e-04 2.226473e-02 -1.887251e+01 1.018369e-03 9.999991e-01 -8.410105e-04 8.516256e-01 -2.226390e-02 8.634770e-04 9.997517e-01 -5.646575e+00
9.997304e-01 1.413787e-03 -2.317472e-02 -1.978905e+01 -1.387737e-03 9.999984e-01 1.140106e-03 9.256745e-01 2.317626e-02 -1.107637e-03 9.997307e-01 -7.172276e+00
9.997511e-01 -1.009859e-03 2.228645e-02 -2.069385e+01 1.028050e-03 9.999991e-01 -8.047937e-04 1.002672e+00 -2.228565e-02 8.275067e-04 9.997512e-01 -8.812029e+00
9.996961e-01 1.378963e-03 -2.461405e-02 -2.138065e+01 -1.352508e-03 9.999985e-01 1.091386e-03 1.060469e+00 2.461549e-02 -1.057762e-03 9.996963e-01 -1.004390e+01
9.997658e-01 -1.030532e-03 2.161579e-02 -2.193478e+01 1.048464e-03 9.999991e-01 -8.182349e-04 1.106229e+00 -2.161495e-02 8.407085e-04 9.997659e-01 -1.101070e+01
9.992787e-01 1.823578e-03 -3.792992e-02 -2.229252e+01 -1.767930e-03 9.999973e-01 1.500599e-03 1.136640e+00 3.793253e-02 -1.432457e-03 9.992792e-01 -1.166683e+01
9.997404e-01 -1.055843e-03 2.275997e-02 -2.261637e+01 1.076478e-03 9.999990e-01 -8.943992e-04 1.159953e+00 -2.275903e-02 9.186695e-04 9.997405e-01 -1.209642e+01
9.989629e-01 2.049031e-03 -4.548469e-02 -2.289418e+01 -1.970053e-03 9.999965e-01 1.781127e-03 1.175701e+00 4.548815e-02 -1.689671e-03 9.989634e-01 -1.234847e+01
9.999961e-01 -2.884797e-04 -2.778163e-03 -2.302174e+01 2.887039e-04 1.000000e+00 8.013900e-05 1.177620e+00 2.778103e-03 -8.093869e-05 9.999960e-01 -1.227887e+01
9.989720e-01 2.049546e-03 -4.528522e-02 -2.312302e+01 -1.969726e-03 9.999964e-01 1.807160e-03 1.179104e+00 4.528872e-02 -1.716101e-03 9.989724e-01 -1.223486e+01
9.999983e-01 -3.101642e-04 -1.787886e-03 -2.320575e+01 3.102182e-04 1.000000e+00 2.958977e-05 1.181156e+00 1.787832e-03 -3.014204e-05 9.999983e-01 -1.223003e+01
9.988043e-01 2.156477e-03 -4.883874e-02 -2.331273e+01 -2.063175e-03 9.999959e-01 1.960717e-03 1.181637e+00 4.884272e-02 -1.857608e-03 9.988047e-01 -1.214963e+01
9.999860e-01 -2.055562e-04 -5.286549e-03 -2.342079e+01 2.062854e-04 1.000000e+00 1.372575e-04 1.180038e+00 5.286466e-03 -1.383435e-04 9.999859e-01 -1.198618e+01
9.988646e-01 2.102190e-03 -4.759287e-02 -2.351628e+01 -2.011703e-03 9.999961e-01 1.949090e-03 1.177351e+00 4.759673e-02 -1.851131e-03 9.988648e-01 -1.180263e+01
9.999540e-01 -5.292617e-05 -9.591576e-03 -2.360532e+01 5.567095e-05 1.000000e+00 2.857954e-04 1.175397e+00 9.591497e-03 -2.863135e-04 9.999539e-01 -1.165804e+01
9.988982e-01 2.078442e-03 -4.688422e-02 -2.369916e+01 -1.989701e-03 9.999961e-01 1.939334e-03 1.174489e+00 4.688800e-02 -1.843908e-03 9.988984e-01 -1.154522e+01
9.999995e-01 -3.136921e-04 -9.827789e-04 -2.379555e+01 3.136173e-04 9.999999e-01 -7.752912e-05 1.178564e+00 9.827322e-04 7.722382e-05 9.999994e-01 -1.158844e+01
9.987881e-01 2.148986e-03 -4.917004e-02 -2.388007e+01 -2.050281e-03 9.999958e-01 2.057737e-03 1.179753e+00 4.917418e-02 -1.954427e-03 9.987882e-01 -1.155747e+01
9.999828e-01 -1.617603e-04 -5.860750e-03 -2.396654e+01 1.623517e-04 1.000000e+00 1.001781e-04 1.177792e+00 5.860656e-03 -1.011248e-04 9.999827e-01 -1.141109e+01
9.990619e-01 1.937721e-03 -4.326157e-02 -2.401581e+01 -1.860060e-03 9.999966e-01 1.835302e-03 1.173286e+00 4.326490e-02 -1.753108e-03 9.990620e-01 -1.121997e+01
9.999640e-01 -7.120832e-05 -8.483298e-03 -2.406138e+01 7.286052e-05 1.000000e+00 1.942489e-04 1.168991e+00 8.483200e-03 -1.948568e-04 9.999639e-01 -1.105236e+01
9.990387e-01 1.959247e-03 -4.379329e-02 -2.410692e+01 -1.878869e-03 9.999965e-01 1.876444e-03 1.165974e+00 4.379672e-02 -1.792355e-03 9.990388e-01 -1.092586e+01
9.999997e-01 -3.735597e-04 6.985590e-04 -2.410156e+01 3.736826e-04 9.999999e-01 -1.729312e-04 1.161975e+00 -6.985830e-04 1.731953e-04 9.999997e-01 -1.082351e+01
9.991089e-01 1.894724e-03 -4.216335e-02 -2.407905e+01 -1.819079e-03 9.999967e-01 1.832337e-03 1.158178e+00 4.216660e-02 -1.754003e-03 9.991090e-01 -1.075808e+01
9.999983e-01 -4.114185e-04 1.802453e-03 -2.410092e+01 4.118511e-04 9.999999e-01 -2.384301e-04 1.153807e+00 -1.802447e-03 2.391753e-04 9.999983e-01 -1.059994e+01
9.996250e-01 1.347764e-03 -2.734976e-02 -2.412661e+01 -1.315777e-03 9.999984e-01 1.187438e-03 1.141095e+00 2.735122e-02 -1.151004e-03 9.996252e-01 -1.009696e+01
9.999873e-01 -5.260296e-04 5.005327e-03 -2.415789e+01 5.277430e-04 9.999998e-01 -3.405467e-04 1.125184e+00 -5.005241e-03 3.431872e-04 9.999873e-01 -9.471563e+00
9.998255e-01 1.067666e-03 -1.864824e-02 -2.418374e+01 -1.052619e-03 9.999991e-01 8.165545e-04 1.108938e+00 1.864900e-02 -7.967794e-04 9.998257e-01 -8.827670e+00
9.996323e-01 -1.242430e-03 2.708502e-02 -2.420748e+01 1.272618e-03 9.999986e-01 -1.097258e-03 1.088568e+00 -2.708371e-02 1.131327e-03 9.996325e-01 -8.000357e+00
9.999997e-01 4.726608e-04 4.823849e-04 -2.418782e+01 -4.727095e-04 9.999999e-01 1.054464e-04 1.067392e+00 -4.824281e-04 -1.056713e-04 9.999998e-01 -7.178637e+00
9.996120e-01 -1.278868e-03 2.782196e-02 -2.417950e+01 1.309856e-03 9.999985e-01 -1.095516e-03 1.046781e+00 -2.782061e-02 1.131537e-03 9.996122e-01 -6.358525e+00
9.999948e-01 3.883976e-04 3.178969e-03 -2.415595e+01 -3.883573e-04 9.999999e-01 -1.264578e-05 1.028669e+00 -3.179065e-03 1.141429e-05 9.999949e-01 -5.663868e+00
9.998025e-01 -1.019215e-03 1.984757e-02 -2.414642e+01 1.035599e-03 9.999991e-01 -8.150982e-04 1.006310e+00 -1.984681e-02 8.354945e-04 9.998026e-01 -4.788700e+00
9.999854e-01 6.528941e-04 -5.364639e-03 -2.416225e+01 -6.513546e-04 9.999997e-01 2.883520e-04 9.841004e-01 5.364736e-03 -2.848503e-04 9.999855e-01 -3.885431e+00
9.997849e-01 -1.032552e-03 2.071549e-02 -2.417718e+01 1.050200e-03 9.999991e-01 -8.409797e-04 9.603369e-01 -2.071469e-02 8.625574e-04 9.997850e-01 -2.922808e+00
9.999052e-01 9.074148e-04 -1.373424e-02 -2.422660e+01 -8.992880e-04 9.999994e-01 5.977432e-04 9.357650e-01 1.373469e-02 -5.853325e-04 9.999054e-01 -1.875911e+00
9.997311e-01 -1.100715e-03 2.316026e-02 -2.422119e+01 1.122881e-03 9.999989e-01 -9.439769e-04 9.131064e-01 -2.315928e-02 9.697325e-04 9.997312e-01 -9.984866e-01
9.999083e-01 9.231015e-04 -1.351004e-02 -2.417788e+01 -9.153959e-04 9.999994e-01 5.764057e-04 8.884360e-01 1.351048e-02 -5.639827e-04 9.999085e-01 -1.032691e-01
9.995433e-01 -1.344450e-03 3.018735e-02 -2.415391e+01 1.380460e-03 9.999984e-01 -1.172031e-03 8.681407e-01 -3.018581e-02 1.213171e-03 9.995435e-01 6.561410e-01
9.997563e-01 1.198876e-03 -2.204007e-02 -2.414271e+01 -1.179748e-03 9.999989e-01 8.807837e-04 8.462113e-01 2.204102e-02 -8.545643e-04 9.997566e-01 1.494193e+00
9.998247e-01 -1.009068e-03 1.869642e-02 -2.414328e+01 1.023297e-03 9.999992e-01 -7.514028e-04 8.271414e-01 -1.869573e-02 7.704062e-04 9.998248e-01 2.206593e+00
9.993639e-01 1.661138e-03 -3.562386e-02 -2.417445e+01 -1.612536e-03 9.999977e-01 1.392937e-03 8.100398e-01 3.562600e-02 -1.334603e-03 9.993642e-01 2.870985e+00
9.999697e-01 -6.487819e-04 7.759923e-03 -2.423617e+01 6.515652e-04 9.999997e-01 -3.558996e-04 7.940745e-01 -7.759779e-03 3.609481e-04 9.999698e-01 3.539877e+00
9.991275e-01 1.866812e-03 -4.172114e-02 -2.430205e+01 -1.799328e-03 9.999970e-01 1.654953e-03 7.797426e-01 4.172402e-02 -1.578436e-03 9.991279e-01 4.155715e+00
9.999950e-01 -4.662312e-04 3.123059e-03 -2.437668e+01 4.667378e-04 9.999999e-01 -1.608263e-04 7.718697e-01 -3.123075e-03 1.622862e-04 9.999950e-01 4.520900e+00
9.995142e-01 1.488005e-03 -3.112956e-02 -2.443152e+01 -1.451103e-03 9.999982e-01 1.207924e-03 7.573668e-01 3.113121e-02 -1.162162e-03 9.995146e-01 5.133235e+00
9.998190e-01 -1.008157e-03 1.899915e-02 -2.449018e+01 1.022721e-03 9.999992e-01 -7.567341e-04 7.404546e-01 -1.899846e-02 7.760311e-04 9.998191e-01 5.827512e+00
9.991334e-01 1.874080e-03 -4.158018e-02 -2.457597e+01 -1.808709e-03 9.999971e-01 1.609691e-03 7.274702e-01 4.158298e-02 -1.533087e-03 9.991338e-01 6.424331e+00
9.995389e-01 -1.375243e-03 3.033337e-02 -2.463840e+01 1.411789e-03 9.999983e-01 -1.183353e-03 7.062963e-01 -3.033178e-02 1.225635e-03 9.995391e-01 7.321631e+00
9.991988e-01 1.817531e-03 -3.998105e-02 -2.470434e+01 -1.756995e-03 9.999973e-01 1.549150e-03 6.852029e-01 3.998366e-02 -1.477659e-03 9.991992e-01 8.221278e+00
9.992981e-01 -1.611514e-03 3.742412e-02 -2.474176e+01 1.666100e-03 9.999976e-01 -1.427372e-03 6.648546e-01 -3.742182e-02 1.488726e-03 9.992984e-01 9.058013e+00
9.992793e-01 1.742075e-03 -3.791692e-02 -2.477109e+01 -1.686886e-03 9.999975e-01 1.487426e-03 6.437180e-01 3.791932e-02 -1.422390e-03 9.992797e-01 9.916771e+00
9.992733e-01 -1.619231e-03 3.808076e-02 -2.481867e+01 1.675663e-03 9.999975e-01 -1.449973e-03 6.204572e-01 -3.807841e-02 1.512733e-03 9.992735e-01 1.089503e+01
9.992780e-01 1.756637e-03 -3.795287e-02 -2.487842e+01 -1.701686e-03 9.999975e-01 1.480055e-03 5.933406e-01 3.795528e-02 -1.414399e-03 9.992784e-01 1.205254e+01
9.992704e-01 -1.621901e-03 3.815753e-02 -2.492796e+01 1.678345e-03 9.999975e-01 -1.447194e-03 5.663488e-01 -3.815518e-02 1.510183e-03 9.992706e-01 1.318760e+01
9.992776e-01 1.760177e-03 -3.796324e-02 -2.498472e+01 -1.705381e-03 9.999975e-01 1.475675e-03 5.377556e-01 3.796565e-02 -1.409864e-03 9.992780e-01 1.439981e+01
9.992588e-01 -1.638348e-03 3.845851e-02 -2.500816e+01 1.695218e-03 9.999975e-01 -1.446107e-03 5.113111e-01 -3.845614e-02 1.510234e-03 9.992591e-01 1.547056e+01
9.992835e-01 1.754779e-03 -3.780691e-02 -2.503518e+01 -1.700455e-03 9.999975e-01 1.468958e-03 4.846222e-01 3.780930e-02 -1.403613e-03 9.992839e-01 1.655652e+01
9.992423e-01 -1.650401e-03 3.888447e-02 -2.507353e+01 1.708418e-03 9.999975e-01 -1.458806e-03 4.562567e-01 -3.888206e-02 1.524134e-03 9.992426e-01 1.773041e+01
9.992681e-01 1.770369e-03 -3.820992e-02 -2.512165e+01 -1.715190e-03 9.999974e-01 1.476778e-03 4.275265e-01 3.821234e-02 -1.410157e-03 9.992686e-01 1.893488e+01
9.992590e-01 -1.632414e-03 3.845344e-02 -2.517780e+01 1.689194e-03 9.999975e-01 -1.444100e-03 3.986209e-01 -3.845108e-02 1.507988e-03 9.992593e-01 2.015862e+01
9.992836e-01 1.750962e-03 -3.780395e-02 -2.523542e+01 -1.696940e-03 9.999975e-01 1.460991e-03 3.703901e-01 3.780632e-02 -1.395790e-03 9.992840e-01 2.135923e+01
9.992071e-01 -1.670004e-03 3.977779e-02 -2.526775e+01 1.730241e-03 9.999974e-01 -1.479888e-03 3.428294e-01 -3.977531e-02 1.547542e-03 9.992074e-01 2.249189e+01
9.992501e-01 1.779698e-03 -3.867845e-02 -2.528715e+01 -1.723435e-03 9.999974e-01 1.487873e-03 3.140008e-01 3.868090e-02 -1.420095e-03 9.992505e-01 2.365346e+01
9.992155e-01 -1.658822e-03 3.956688e-02 -2.531356e+01 1.718284e-03 9.999974e-01 -1.468821e-03 2.836450e-01 -3.956444e-02 1.535659e-03 9.992158e-01 2.488803e+01
9.992297e-01 1.793631e-03 -3.920208e-02 -2.533595e+01 -1.736170e-03 9.999974e-01 1.499732e-03 2.546075e-01 3.920458e-02 -1.430512e-03 9.992301e-01 2.606043e+01
9.991974e-01 -1.675439e-03 4.002103e-02 -2.536250e+01 1.735909e-03 9.999974e-01 -1.476202e-03 2.260966e-01 -4.001855e-02 1.544493e-03 9.991977e-01 2.722025e+01
9.995043e-01 1.559488e-03 -3.144369e-02 -2.536521e+01 -1.522769e-03 9.999981e-01 1.191644e-03 1.992081e-01 3.144539e-02 -1.143169e-03 9.995047e-01 2.828410e+01
9.993801e-01 -1.542149e-03 3.516952e-02 -2.538248e+01 1.588633e-03 9.999979e-01 -1.293738e-03 1.711203e-01 -3.516754e-02 1.348810e-03 9.993805e-01 2.941680e+01
9.994080e-01 1.646584e-03 -3.436416e-02 -2.543738e+01 -1.603029e-03 9.999979e-01 1.294928e-03 1.418265e-01 3.436613e-02 -1.239072e-03 9.994085e-01 3.065628e+01
9.993634e-01 -1.558217e-03 3.564208e-02 -2.547856e+01 1.605606e-03 9.999979e-01 -1.300910e-03 1.133634e-01 -3.564007e-02 1.357312e-03 9.993637e-01 3.184059e+01
9.994104e-01 1.640779e-03 -3.429317e-02 -2.553229e+01 -1.597547e-03 9.999979e-01 1.287956e-03 8.529782e-02 3.429512e-02 -1.232409e-03 9.994109e-01 3.302851e+01
9.993170e-01 -1.596298e-03 3.691857e-02 -2.557857e+01 1.646628e-03 9.999978e-01 -1.332859e-03 5.888478e-02 -3.691645e-02 1.392743e-03 9.993173e-01 3.413893e+01
9.994074e-01 1.642842e-03 -3.438142e-02 -2.564080e+01 -1.599705e-03 9.999979e-01 1.282062e-03 3.168481e-02 3.438336e-02 -1.226299e-03 9.994079e-01 3.530805e+01
9.992772e-01 -1.623509e-03 3.797835e-02 -2.568719e+01 1.676348e-03 9.999977e-01 -1.359458e-03 5.377562e-03 -3.797615e-02 1.422143e-03 9.992776e-01 3.641500e+01
9.995402e-01 1.527223e-03 -3.028164e-02 -2.570991e+01 -1.494284e-03 9.999983e-01 1.110319e-03 -2.364560e-02 3.028319e-02 -1.064556e-03 9.995407e-01 3.759904e+01
9.995244e-01 -1.425904e-03 3.080286e-02 -2.576477e+01 1.460679e-03 9.999983e-01 -1.106401e-03 -5.122608e-02 -3.080132e-02 1.150871e-03 9.995248e-01 3.876770e+01
9.995363e-01 1.533644e-03 -3.041112e-02 -2.582640e+01 -1.500655e-03 9.999983e-01 1.107526e-03 -8.006408e-02 3.041267e-02 -1.061372e-03 9.995368e-01 3.999880e+01
9.995042e-01 -1.439116e-03 3.145204e-02 -2.586368e+01 1.474912e-03 9.999983e-01 -1.114901e-03 -1.118477e-01 -3.145047e-02 1.160741e-03 9.995046e-01 4.131093e+01
9.995652e-01 1.502980e-03 -2.944563e-02 -2.589664e+01 -1.472121e-03 9.999983e-01 1.069568e-03 -1.427895e-01 2.944710e-02 -1.025752e-03 9.995657e-01 4.258422e+01
9.995413e-01 -1.408751e-03 3.025132e-02 -2.593935e+01 1.441845e-03 9.999984e-01 -1.072110e-03 -1.722694e-01 -3.024985e-02 1.115239e-03 9.995417e-01 4.381041e+01
9.995990e-01 1.457443e-03 -2.827791e-02 -2.599015e+01 -1.428936e-03 9.999985e-01 1.028231e-03 -1.991628e-01 2.827928e-02 -9.874089e-04 9.995995e-01 4.494904e+01
9.993456e-01 -1.556050e-03 3.613658e-02 -2.599858e+01 1.603415e-03 9.999979e-01 -1.281728e-03 -2.275897e-01 -3.613460e-02 1.338834e-03 9.993460e-01 4.608348e+01
9.994713e-01 1.579481e-03 -3.247365e-02 -2.600631e+01 -1.541987e-03 9.999981e-01 1.179530e-03 -2.571084e-01 3.247536e-02 -1.128829e-03 9.994718e-01 4.725780e+01
9.994544e-01 -1.460745e-03 3.299679e-02 -2.600588e+01 1.500037e-03 9.999982e-01 -1.166017e-03 -2.887471e-01 -3.299512e-02 1.214880e-03 9.994547e-01 4.849931e+01
9.995573e-01 1.510588e-03 -2.971171e-02 -2.599255e+01 -1.479584e-03 9.999983e-01 1.065386e-03 -3.219677e-01 2.971318e-02 -1.020950e-03 9.995579e-01 4.978780e+01
9.992224e-01 -1.634062e-03 3.939354e-02 -2.595853e+01 1.690403e-03 9.999976e-01 -1.396893e-03 -3.540133e-01 -3.939126e-02 1.462401e-03 9.992227e-01 5.100053e+01
9.998206e-01 1.158984e-03 -1.890458e-02 -2.589940e+01 -1.146880e-03 9.999991e-01 6.510223e-04 -3.843598e-01 1.890523e-02 -6.292214e-04 9.998210e-01 5.211179e+01
9.995888e-01 -1.319853e-03 2.864288e-02 -2.588519e+01 1.349237e-03 9.999986e-01 -1.006515e-03 -4.158908e-01 -2.864160e-02 1.044750e-03 9.995891e-01 5.333934e+01
9.998810e-01 1.053010e-03 -1.539112e-02 -2.586305e+01 -1.045217e-03 9.999993e-01 5.142216e-04 -4.473948e-01 1.539156e-02 -4.980705e-04 9.998813e-01 5.455411e+01
9.997130e-01 -1.182278e-03 2.392798e-02 -2.584911e+01 1.202540e-03 9.999989e-01 -8.323231e-04 -4.790010e-01 -2.392706e-02 8.608615e-04 9.997133e-01 5.578269e+01
9.998532e-01 1.104833e-03 -1.709624e-02 -2.584891e+01 -1.095109e-03 9.999992e-01 5.780591e-04 -5.112903e-01 1.709677e-02 -5.592492e-04 9.998536e-01 5.705930e+01
9.996821e-01 -1.210181e-03 2.518255e-02 -2.581164e+01 1.232930e-03 9.999988e-01 -8.877749e-04 -5.444042e-01 -2.518154e-02 9.185439e-04 9.996824e-01 5.831022e+01
9.997699e-01 1.232605e-03 -2.141206e-02 -2.579312e+01 -1.216874e-03 9.999990e-01 7.476180e-04 -5.774901e-01 2.141287e-02 -7.213875e-04 9.997704e-01 5.958743e+01
9.997247e-01 -1.182281e-03 2.343387e-02 -2.581672e+01 1.201560e-03 9.999990e-01 -8.085469e-04 -6.083495e-01 -2.343298e-02 8.364843e-04 9.997250e-01 6.084117e+01
9.998931e-01 1.023310e-03 -1.458198e-02 -2.582317e+01 -1.016346e-03 9.999994e-01 4.848980e-04 -6.370365e-01 1.458238e-02 -4.700231e-04 9.998935e-01 6.198689e+01
9.997865e-01 -1.087882e-03 2.063067e-02 -2.584157e+01 1.102671e-03 9.999991e-01 -7.054226e-04 -6.677848e-01 -2.062997e-02 7.280237e-04 9.997868e-01 6.323216e+01
9.999932e-01 6.875352e-04 -3.625572e-03 -2.582933e+01 -6.872860e-04 9.999998e-01 6.951763e-05 -6.984004e-01 3.625531e-03 -6.702262e-05 9.999934e-01 6.443175e+01
9.999068e-01 -8.850965e-04 1.362410e-02 -2.587580e+01 8.910850e-04 9.999995e-01 -4.333620e-04 -7.304520e-01 -1.362380e-02 4.454646e-04 9.999070e-01 6.578237e+01
9.999384e-01 9.005332e-04 -1.105622e-02 -2.594081e+01 -8.968526e-04 9.999995e-01 3.377074e-04 -7.627498e-01 1.105643e-02 -3.277681e-04 9.999387e-01 6.716526e+01
9.999115e-01 -8.709400e-04 1.327642e-02 -2.599486e+01 8.766084e-04 9.999995e-01 -4.210104e-04 -7.948643e-01 -1.327613e-02 4.326141e-04 9.999117e-01 6.852269e+01
9.999239e-01 9.367586e-04 -1.229683e-02 -2.605903e+01 -9.321881e-04 9.999995e-01 3.772821e-04 -8.266002e-01 1.229709e-02 -3.657878e-04 9.999242e-01 6.987699e+01
9.999078e-01 -8.807734e-04 1.354611e-02 -2.609968e+01 8.866385e-04 9.999995e-01 -4.268544e-04 -8.580525e-01 -1.354581e-02 4.388283e-04 9.999081e-01 7.118110e+01
9.999230e-01 9.389241e-04 -1.237043e-02 -2.616538e+01 -9.342766e-04 9.999995e-01 3.813388e-04 -8.874465e-01 1.237070e-02 -3.697494e-04 9.999233e-01 7.244471e+01
9.999120e-01 -8.669485e-04 1.323239e-02 -2.623837e+01 8.725890e-04 9.999995e-01 -4.203754e-04 -9.187083e-01 -1.323211e-02 4.318876e-04 9.999123e-01 7.379451e+01
9.999197e-01 9.491949e-04 -1.263713e-02 -2.632217e+01 -9.444240e-04 9.999995e-01 3.833674e-04 -9.506585e-01 1.263740e-02 -3.713991e-04 9.999200e-01 7.518981e+01
9.999048e-01 -9.000754e-04 1.376351e-02 -2.641356e+01 9.060940e-04 9.999995e-01 -4.309452e-04 -9.774348e-01 -1.376320e-02 4.433780e-04 9.999051e-01 7.638867e+01
9.999210e-01 9.405180e-04 -1.253066e-02 -2.650125e+01 -9.358558e-04 9.999995e-01 3.777999e-04 -1.003974e+00 1.253092e-02 -3.660405e-04 9.999213e-01 7.757139e+01
9.999083e-01 -9.021244e-04 1.350727e-02 -2.659301e+01 9.077812e-04 9.999995e-01 -4.125578e-04 -1.022311e+00 -1.350698e-02 4.247844e-04 9.999086e-01 7.842119e+01
9.999117e-01 1.001099e-03 -1.325024e-02 -2.681879e+01 -9.960075e-04 9.999994e-01 3.907674e-04 -1.030153e+00 1.325054e-02 -3.775329e-04 9.999121e-01 7.903480e+01
9.999004e-01 -9.648771e-04 1.408161e-02 -2.691051e+01 9.710137e-04 9.999994e-01 -4.288423e-04 -1.050850e+00 -1.408127e-02 4.424757e-04 9.999007e-01 7.998256e+01
9.999157e-01 9.978573e-04 -1.294264e-02 -2.702680e+01 -9.930187e-04 9.999994e-01 3.801553e-04 -1.067299e+00 1.294292e-02 -3.672683e-04 9.999161e-01 8.078931e+01
9.999030e-01 -9.350051e-04 1.389475e-02 -2.719809e+01 9.409804e-04 9.999995e-01 -4.233938e-04 -1.080544e+00 -1.389444e-02 4.364301e-04 9.999033e-01 8.154685e+01
9.999111e-01 1.030352e-03 -1.329154e-02 -2.744500e+01 -1.025252e-03 9.999994e-01 3.903874e-04 -1.090558e+00 1.329185e-02 -3.767229e-04 9.999115e-01 8.228462e+01
9.999035e-01 -9.324961e-04 1.385669e-02 -2.769375e+01 9.384356e-04 9.999995e-01 -4.220246e-04 -1.099684e+00 -1.385637e-02 4.349902e-04 9.999038e-01 8.298817e+01
9.999092e-01 9.956698e-04 -1.343403e-02 -2.777925e+01 -9.903639e-04 9.999994e-01 4.014963e-04 -1.122594e+00 1.343434e-02 -3.881526e-04 9.999096e-01 8.401761e+01
9.998847e-01 -9.786850e-04 1.515227e-02 -2.786346e+01 9.858720e-04 9.999994e-01 -4.667550e-04 -1.146158e+00 -1.515189e-02 4.816421e-04 9.998850e-01 8.507348e+01
9.998928e-01 1.038979e-03 -1.460138e-02 -2.796029e+01 -1.032504e-03 9.999994e-01 4.508481e-04 -1.164066e+00 1.460175e-02 -4.357212e-04 9.998932e-01 8.591024e+01
9.998940e-01 -9.208837e-04 1.453220e-02 -2.824752e+01 9.272581e-04 9.999995e-01 -4.318017e-04 -1.164005e+00 -1.453188e-02 4.452336e-04 9.998942e-01 8.630474e+01
9.999207e-01 9.256741e-04 -1.256120e-02 -2.834181e+01 -9.212562e-04 9.999995e-01 3.573756e-04 -1.181064e+00 1.256144e-02 -3.457726e-04 9.999210e-01 8.710692e+01
9.998974e-01 -9.067815e-04 1.429073e-02 -2.842241e+01 9.129199e-04 9.999995e-01 -4.229100e-04 -1.206253e+00 -1.429042e-02 4.359156e-04 9.998977e-01 8.822080e+01
9.999418e-01 8.756301e-04 -1.074905e-02 -2.850032e+01 -8.724863e-04 9.999996e-01 2.970239e-04 -1.232097e+00 1.074922e-02 -2.876256e-04 9.999421e-01 8.935989e+01
9.998811e-01 -9.488010e-04 1.539221e-02 -2.858517e+01 9.557973e-04 9.999994e-01 -4.470867e-04 -1.256231e+00 -1.539187e-02 4.617480e-04 9.998814e-01 9.044429e+01
9.999991e-01 4.932706e-04 1.242773e-03 -2.861328e+01 -4.930904e-04 9.999999e-01 -1.441579e-04 -1.277249e+00 -1.242928e-03 1.435476e-04 9.999991e-01 9.132266e+01
9.999835e-01 -6.411663e-04 5.710076e-03 -2.867942e+01 6.417336e-04 9.999998e-01 -9.726021e-05 -1.301036e+00 -5.710096e-03 1.009256e-04 9.999836e-01 9.236720e+01
9.999973e-01 4.526984e-04 2.284058e-03 -2.873704e+01 -4.522675e-04 9.999999e-01 -1.885315e-04 -1.322740e+00 -2.284227e-03 1.875005e-04 9.999973e-01 9.331294e+01
9.999784e-01 -6.655972e-04 6.541743e-03 -2.879074e+01 6.664014e-04 9.999998e-01 -1.205371e-04 -1.344314e+00 -6.541744e-03 1.248965e-04 9.999785e-01 9.425074e+01
9.999912e-01 3.933960e-04 4.178423e-03 -2.886849e+01 -3.923177e-04 9.999999e-01 -2.585485e-04 -1.364709e+00 -4.178607e-03 2.569095e-04 9.999912e-01 9.517892e+01
9.999986e-01 -4.951849e-04 1.615650e-03 -2.894708e+01 4.951033e-04 9.999999e-01 5.177542e-05 -1.390536e+00 -1.615758e-03 -5.097286e-05 9.999986e-01 9.632316e+01
9.999979e-01 4.581584e-04 1.988904e-03 -2.902973e+01 -4.577826e-04 9.999999e-01 -1.887190e-04 -1.416571e+00 -1.989072e-03 1.878107e-04 9.999979e-01 9.747896e+01
9.998538e-01 -9.966970e-04 1.706641e-02 -2.909163e+01 1.004658e-03 9.999994e-01 -4.578313e-04 -1.435580e+00 -1.706602e-02 4.749129e-04 9.998542e-01 9.833709e+01
9.999782e-01 3.240291e-04 6.599043e-03 -2.910947e+01 -3.214922e-04 9.999999e-01 -3.852853e-04 -1.456556e+00 -6.599247e-03 3.831578e-04 9.999781e-01 9.920904e+01
9.997786e-01 -1.118546e-03 2.101008e-02 -2.911380e+01 1.130879e-03 9.999992e-01 -5.750905e-04 -1.478017e+00 -2.100950e-02 5.987256e-04 9.997790e-01 1.000854e+02
9.999976e-01 6.117731e-04 -2.079283e-03 -2.915236e+01 -6.119735e-04 9.999998e-01 -9.628941e-05 -1.501565e+00 2.079147e-03 9.756407e-05 9.999978e-01 1.010849e+02
9.998667e-01 -9.751584e-04 1.629824e-02 -2.921631e+01 9.817499e-04 9.999994e-01 -3.963623e-04 -1.525533e+00 -1.629792e-02 4.123127e-04 9.998670e-01 1.021409e+02
9.999997e-01 5.180669e-04 4.668915e-04 -2.928293e+01 -5.179770e-04 9.999998e-01 -1.902577e-04 -1.547051e+00 -4.670646e-04 1.900182e-04 9.999998e-01 1.031048e+02
9.998570e-01 -9.937527e-04 1.687948e-02 -2.933896e+01 1.000851e-03 9.999994e-01 -4.120407e-04 -1.568338e+00 -1.687913e-02 4.288781e-04 9.998574e-01 1.040436e+02
9.999960e-01 6.160276e-04 -2.750403e-03 -2.942329e+01 -6.162528e-04 9.999998e-01 -8.139233e-05 -1.587992e+00 2.750280e-03 8.308929e-05 9.999961e-01 1.049566e+02
9.998637e-01 -9.694178e-04 1.647788e-02 -2.947999e+01 9.761070e-04 9.999994e-01 -3.978457e-04 -1.610831e+00 -1.647756e-02 4.138780e-04 9.998641e-01 1.059559e+02
9.999996e-01 5.417377e-04 -6.516182e-04 -2.953630e+01 -5.418445e-04 9.999998e-01 -1.653269e-04 -1.631095e+00 6.514582e-04 1.656822e-04 9.999997e-01 1.068497e+02
9.998771e-01 -9.521236e-04 1.564877e-02 -2.961213e+01 9.577147e-04 9.999995e-01 -3.497324e-04 -1.648917e+00 -1.564849e-02 3.646788e-04 9.998774e-01 1.076747e+02
9.999767e-01 7.369179e-04 -6.784530e-03 -2.967030e+01 -7.366043e-04 9.999997e-01 4.858890e-05 -1.670790e+00 6.784495e-03 -4.358800e-05 9.999769e-01 1.086326e+02
9.998198e-01 -1.057483e-03 1.895085e-02 -2.972908e+01 1.066263e-03 9.999993e-01 -4.531478e-04 -1.690821e+00 -1.895043e-02 4.732750e-04 9.998202e-01 1.095183e+02
9.999982e-01 5.681700e-04 -1.795701e-03 -2.982266e+01 -5.683901e-04 9.999998e-01 -1.225228e-04 -1.705705e+00 1.795564e-03 1.235455e-04 9.999983e-01 1.102568e+02
9.998554e-01 -9.853067e-04 1.697338e-02 -2.999680e+01 9.916104e-04 9.999994e-01 -3.629292e-04 -1.717243e+00 -1.697307e-02 3.797100e-04 9.998558e-01 1.109823e+02
9.999912e-01 6.251690e-04 -4.149705e-03 -3.010283e+01 -6.254254e-04 9.999998e-01 -6.069709e-05 -1.732230e+00 4.149602e-03 6.329406e-05 9.999913e-01 1.117395e+02
9.998521e-01 -9.771573e-04 1.716948e-02 -3.019357e+01 9.839659e-04 9.999994e-01 -3.880624e-04 -1.745067e+00 -1.716916e-02 4.049014e-04 9.998524e-01 1.123821e+02
9.999980e-01 5.525780e-04 -1.904511e-03 -3.028504e+01 -5.528447e-04 9.999998e-01 -1.399545e-04 -1.758646e+00 1.904372e-03 1.410093e-04 9.999981e-01 1.130604e+02
9.998176e-01 -1.027692e-03 1.907184e-02 -3.043105e+01 1.036079e-03 9.999994e-01 -4.298212e-04 -1.766223e+00 -1.907145e-02 4.495048e-04 9.998179e-01 1.135802e+02
9.999985e-01 4.264616e-04 1.683629e-03 -3.061637e+01 -4.260153e-04 9.999999e-01 -2.650110e-04 -1.770739e+00 -1.683801e-03 2.642954e-04 9.999985e-01 1.140477e+02
9.998310e-01 -1.015829e-03 1.835738e-02 -3.080816e+01 1.023377e-03 9.999994e-01 -4.017005e-04 -1.768414e+00 -1.835701e-02 4.204211e-04 9.998313e-01 1.142537e+02
9.999887e-01 3.195704e-04 4.740185e-03 -3.087086e+01 -3.176754e-04 9.999999e-01 -4.003790e-04 -1.769181e+00 -4.740368e-03 3.988707e-04 9.999886e-01 1.143968e+02
9.998530e-01 -9.412827e-04 1.711983e-02 -3.102107e+01 9.474461e-04 9.999995e-01 -3.518723e-04 -1.770867e+00 -1.711954e-02 3.680427e-04 9.998533e-01 1.147005e+02
9.999968e-01 3.897826e-04 2.479334e-03 -3.107434e+01 -3.889322e-04 9.999999e-01 -3.432255e-04 -1.787855e+00 -2.479520e-03 3.422620e-04 9.999968e-01 1.154650e+02
9.997152e-01 -1.177266e-03 2.383713e-02 -3.112924e+01 1.190795e-03 9.999991e-01 -5.533342e-04 -1.794479e+00 -2.383651e-02 5.815636e-04 9.997156e-01 1.158286e+02
9.999745e-01 2.218284e-04 7.136205e-03 -3.120287e+01 -2.184180e-04 9.999999e-01 -4.786132e-04 -1.786873e+00 -7.136357e-03 4.770441e-04 9.999743e-01 1.156778e+02
9.996756e-01 -1.224845e-03 2.543962e-02 -3.125031e+01 1.240571e-03 9.999990e-01 -6.023593e-04 -1.779750e+00 -2.543890e-02 6.337253e-04 9.996761e-01 1.155115e+02
9.999864e-01 2.887260e-04 5.201286e-03 -3.132671e+01 -2.863541e-04 9.999999e-01 -4.566835e-04 -1.778052e+00 -5.201458e-03 4.551895e-04 9.999863e-01 1.155926e+02
9.995959e-01 -1.300096e-03 2.839756e-02 -3.144014e+01 1.320406e-03 9.999989e-01 -6.964561e-04 -1.777062e+00 -2.839666e-02 7.336725e-04 9.995964e-01 1.157536e+02
9.999882e-01 2.885762e-04 4.848713e-03 -3.155346e+01 -2.864098e-04 9.999999e-01 -4.474421e-04 -1.773554e+00 -4.848876e-03 4.460496e-04 9.999880e-01 1.158181e+02
9.994720e-01 -1.425406e-03 3.246114e-02 -3.163204e+01 1.453055e-03 9.999986e-01 -8.281728e-04 -1.772296e+00 -3.245994e-02 8.749047e-04 9.994726e-01 1.159254e+02
9.999989e-01 3.790552e-04 1.459441e-03 -3.171602e+01 -3.785661e-04 9.999999e-01 -3.352222e-04 -1.772113e+00 -1.459596e-03 3.346705e-04 9.999988e-01 1.160825e+02
9.996599e-01 -1.229146e-03 2.604828e-02 -3.177384e+01 1.244964e-03 9.999991e-01 -5.910180e-04 -1.770394e+00 -2.604756e-02 6.232474e-04 9.996604e-01 1.161323e+02
9.999964e-01 3.277812e-04 2.648155e-03 -3.170323e+01 -3.267442e-04 9.999999e-01 -3.919276e-04 -1.771638e+00 -2.648307e-03 3.910620e-04 9.999963e-01 1.161143e+02
9.996165e-01 -1.267807e-03 2.766141e-02 -3.154647e+01 1.286358e-03 9.999990e-01 -6.528549e-04 -1.777996e+00 -2.766058e-02 6.881881e-04 9.996170e-01 1.161741e+02
9.999973e-01 5.332719e-04 -2.275735e-03 -3.150310e+01 -5.338440e-04 9.999998e-01 -2.508375e-04 -1.794037e+00 2.275583e-03 2.520526e-04 9.999973e-01 1.167578e+02
9.995710e-01 -1.314126e-03 2.925929e-02 -3.142075e+01 1.335089e-03 9.999989e-01 -6.969352e-04 -1.809273e+00 -2.925836e-02 7.357008e-04 9.995715e-01 1.172536e+02
9.999996e-01 4.141117e-04 8.240099e-04 -3.135694e+01 -4.138125e-04 9.999998e-01 -3.631451e-04 -1.821108e+00 -8.241721e-04 3.628047e-04 9.999995e-01 1.176480e+02
9.996930e-01 -1.168254e-03 2.474837e-02 -3.131189e+01 1.181799e-03 9.999992e-01 -5.327074e-04 -1.832880e+00 -2.474774e-02 5.617922e-04 9.996935e-01 1.180582e+02
9.999998e-01 4.305973e-04 -3.761501e-04 -3.133640e+01 -4.307151e-04 9.999999e-01 -3.131336e-04 -1.839975e+00 3.760081e-04 3.132961e-04 9.999998e-01 1.183909e+02
9.997451e-01 -1.099916e-03 2.255021e-02 -3.128524e+01 1.110073e-03 9.999993e-01 -4.379092e-04 -1.846191e+00 -2.254972e-02 4.628304e-04 9.997455e-01 1.185802e+02
9.999994e-01 4.392714e-04 -9.897437e-04 -3.129247e+01 -4.395732e-04 9.999999e-01 -3.047785e-04 -1.852163e+00 9.896070e-04 3.052138e-04 9.999994e-01 1.188397e+02
9.997818e-01 -1.039857e-03 2.086446e-02 -3.127724e+01 1.047453e-03 9.999994e-01 -3.531608e-04 -1.854719e+00 -2.086408e-02 3.749386e-04 9.997822e-01 1.189351e+02
9.999999e-01 4.076833e-04 2.255257e-04 -3.130455e+01 -4.075966e-04 9.999998e-01 -3.841264e-04 -1.861192e+00 -2.256808e-04 3.840347e-04 9.999998e-01 1.192407e+02
9.997611e-01 -1.054162e-03 2.182972e-02 -3.135231e+01 1.062793e-03 9.999994e-01 -3.837613e-04 -1.869707e+00 -2.182930e-02 4.068703e-04 9.997615e-01 1.196500e+02
9.999517e-01 7.312128e-04 -9.805754e-03 -3.131982e+01 -7.318008e-04 9.999997e-01 -5.637358e-05 -1.886605e+00 9.805715e-03 6.354685e-05 9.999518e-01 1.202563e+02
9.997094e-01 -1.139315e-03 2.407774e-02 -3.125999e+01 1.150087e-03 9.999992e-01 -4.335152e-04 -1.900715e+00 -2.407722e-02 4.610808e-04 9.997099e-01 1.207135e+02
9.998922e-01 8.461554e-04 -1.465970e-02 -3.109767e+01 -8.436848e-04 9.999996e-01 1.747143e-04 -1.904701e+00 1.465985e-02 -1.623272e-04 9.998924e-01 1.206507e+02
9.998439e-01 -8.775674e-04 1.764408e-02 -3.094374e+01 8.825605e-04 9.999996e-01 -2.752065e-04 -1.920085e+00 -1.764382e-02 2.907355e-04 9.998442e-01 1.210034e+02
9.998879e-01 8.757021e-04 -1.494913e-02 -3.090602e+01 -8.731880e-04 9.999996e-01 1.747000e-04 -1.938069e+00 1.494928e-02 -1.616270e-04 9.998881e-01 1.216253e+02
9.998067e-01 -9.798880e-04 1.963858e-02 -3.088985e+01 9.861915e-04 9.999995e-01 -3.112909e-04 -1.949094e+00 -1.963826e-02 3.305981e-04 9.998070e-01 1.220152e+02
9.999999e-01 4.061739e-04 -2.950775e-04 -3.088267e+01 -4.062837e-04 9.999998e-01 -3.723807e-04 -1.959653e+00 2.949364e-04 3.725005e-04 9.999998e-01 1.224157e+02
9.999628e-01 -6.286399e-04 8.598747e-03 -3.077264e+01 6.279812e-04 9.999998e-01 7.931372e-05 -1.972180e+00 -8.598784e-03 -7.391101e-05 9.999629e-01 1.227231e+02
9.999545e-01 6.677900e-04 -9.516825e-03 -3.035311e+01 -6.682335e-04 9.999998e-01 -4.343350e-05 -1.985567e+00 9.516805e-03 4.979091e-05 9.999546e-01 1.226355e+02
9.999999e-01 -3.331206e-04 -2.580701e-04 -2.994348e+01 3.332251e-04 9.999999e-01 4.047996e-04 -1.999425e+00 2.579451e-04 -4.048857e-04 9.999998e-01 1.225671e+02
9.999302e-01 7.452502e-04 -1.178772e-02 -2.950424e+01 -7.447376e-04 9.999997e-01 4.787427e-05 -2.015717e+00 1.178776e-02 -3.909216e-05 9.999304e-01 1.225416e+02
9.998968e-01 1.569530e-04 -1.436753e-02 -2.918967e+01 -1.432005e-04 9.999995e-01 9.582167e-04 -2.029648e+00 1.436768e-02 -9.560603e-04 9.998962e-01 1.225945e+02
9.999687e-01 6.260020e-04 -7.883296e-03 -2.876669e+01 -6.268580e-04 9.999998e-01 -1.061196e-04 -2.048463e+00 7.883232e-03 1.110582e-04 9.999688e-01 1.226825e+02
9.998933e-01 1.368502e-04 -1.460527e-02 -2.832525e+01 -1.228013e-04 9.999995e-01 9.628004e-04 -2.067309e+00 1.460539e-02 -9.609039e-04 9.998928e-01 1.227445e+02
9.998780e-01 9.361490e-04 -1.559358e-02 -2.807190e+01 -9.329830e-04 9.999995e-01 2.103066e-04 -2.080845e+00 1.559377e-02 -1.957320e-04 9.998783e-01 1.228653e+02
9.999548e-01 -6.226666e-05 -9.504261e-03 -2.774624e+01 6.937002e-05 9.999997e-01 7.470561e-04 -2.097395e+00 9.504208e-03 -7.476812e-04 9.999545e-01 1.229956e+02
9.998327e-01 1.048593e-03 -1.825883e-02 -2.753945e+01 -1.042780e-03 9.999994e-01 3.278672e-04 -2.111061e+00 1.825916e-02 -3.087719e-04 9.998331e-01 1.231849e+02
9.999828e-01 -1.941680e-04 -5.865072e-03 -2.725702e+01 1.976884e-04 9.999998e-01 5.996568e-04 -2.126125e+00 5.864946e-03 -6.008052e-04 9.999825e-01 1.233200e+02
9.999824e-01 6.438538e-04 -5.890742e-03 -2.705599e+01 -6.449798e-04 9.999998e-01 -1.892586e-04 -2.145549e+00 5.890608e-03 1.930554e-04 9.999825e-01 1.237404e+02
9.999927e-01 -5.188107e-04 3.782311e-03 -2.670951e+01 5.178910e-04 9.999998e-01 2.441561e-04 -2.170518e+00 -3.782448e-03 -2.421948e-04 9.999927e-01 1.241663e+02
9.998939e-01 9.244617e-04 -1.454050e-02 -2.651241e+01 -9.224282e-04 9.999996e-01 1.465524e-04 -2.191700e+00 1.454062e-02 -1.331236e-04 9.998942e-01 1.246470e+02
9.999887e-01 -2.324122e-04 -4.750226e-03 -2.634550e+01 2.351020e-04 9.999998e-01 5.656784e-04 -2.209677e+00 4.750080e-03 -5.667880e-04 9.999885e-01 1.250479e+02
9.998217e-01 1.103444e-03 -1.885079e-02 -2.627796e+01 -1.097422e-03 9.999993e-01 3.297885e-04 -2.224914e+00 1.885112e-02 -3.090416e-04 9.998222e-01 1.254976e+02
9.999995e-01 -3.700901e-04 -8.886877e-04 -2.626362e+01 3.704498e-04 9.999998e-01 4.045576e-04 -2.241699e+00 8.885202e-04 -4.048856e-04 9.999994e-01 1.260854e+02
9.997780e-01 1.190802e-03 -2.103714e-02 -2.622543e+01 -1.181865e-03 9.999992e-01 4.372347e-04 -2.257878e+00 2.103763e-02 -4.122735e-04 9.997785e-01 1.266091e+02
9.999999e-01 -4.211596e-04 1.228634e-04 -2.612041e+01 4.211166e-04 9.999998e-01 3.511762e-04 -2.275711e+00 -1.230331e-04 -3.511233e-04 9.999998e-01 1.271039e+02
9.997852e-01 1.187774e-03 -2.069027e-02 -2.602059e+01 -1.178786e-03 9.999992e-01 4.465757e-04 -2.292431e+00 2.069076e-02 -4.220892e-04 9.997857e-01 1.275642e+02
