9.999355e-01 3.680618e-05 -1.135392e-02 1.842341e-01 -3.445000e-05 1.000000e+00 2.077148e-04 4.194750e-03 1.135393e-02 -2.073098e-04 9.999354e-01 -4.340680e-01
9.999810e-01 1.138887e-04 -6.163056e-03 3.985086e-01 -1.118496e-04 9.999999e-01 3.312045e-04 4.926884e-03 6.163090e-03 -3.305084e-04 9.999809e-01 -7.080895e-01
9.999895e-01 -9.710657e-05 -4.589407e-03 7.787076e-01 9.746475e-05 1.000000e+00 7.781423e-05 -8.211268e-03 4.589395e-03 -7.826012e-05 9.999894e-01 -6.311064e-01
9.998842e-01 2.853899e-04 -1.521465e-02 1.139268e+00 -2.754248e-04 9.999997e-01 6.570546e-04 -1.672260e-02 1.521483e-02 -6.527873e-04 9.998839e-01 -6.869684e-01
9.999958e-01 -9.853269e-05 -2.882400e-03 1.267021e+00 9.816998e-05 1.000000e+00 -1.259915e-04 -9.381546e-03 2.882404e-03 1.257087e-04 9.999957e-01 -1.148163e+00
9.998883e-01 2.880235e-04 -1.494449e-02 1.379435e+00 -2.786964e-04 9.999998e-01 6.261930e-04 -1.735225e-03 1.494466e-02 -6.219573e-04 9.998880e-01 -1.606188e+00
9.999980e-01 -2.217831e-04 1.998759e-03 1.684492e+00 2.223394e-04 9.999999e-01 -2.780834e-04 -9.915936e-04 -1.998708e-03 2.785281e-04 9.999979e-01 -2.032398e+00
9.999493e-01 1.991055e-04 -1.007131e-02 2.114972e+00 -1.952082e-04 9.999999e-01 3.879477e-04 -4.416308e-03 1.007137e-02 -3.859612e-04 9.999491e-01 -2.470489e+00
9.999973e-01 -2.387184e-04 2.304392e-03 2.501254e+00 2.393270e-04 9.999999e-01 -2.638057e-04 -9.591186e-03 -2.304341e-03 2.643573e-04 9.999972e-01 -2.772786e+00
9.998770e-01 2.767077e-04 -1.568402e-02 2.904902e+00 -2.658000e-04 9.999997e-01 6.975424e-04 -1.996615e-02 1.568419e-02 -6.932869e-04 9.998767e-01 -2.849537e+00
9.999634e-01 -2.988843e-04 8.548401e-03 3.133760e+00 3.046901e-04 9.999997e-01 -6.778717e-04 -1.477954e-02 -8.548210e-03 6.804524e-04 9.999631e-01 -3.410673e+00
9.998666e-01 3.218677e-04 -1.632761e-02 2.996349e+00 -3.105727e-04 9.999997e-01 6.942989e-04 4.686594e-03 1.632781e-02 -6.891346e-04 9.998664e-01 -4.139884e+00
9.999870e-01 -2.656140e-04 5.093606e-03 2.952515e+00 2.679483e-04 9.999999e-01 -4.575795e-04 1.602057e-02 -5.093500e-03 4.589393e-04 9.999868e-01 -4.595321e+00
9.999629e-01 2.156335e-04 -8.610513e-03 2.957545e+00 -2.122632e-04 9.999999e-01 3.923271e-04 2.491529e-02 8.610581e-03 -3.904840e-04 9.999628e-01 -5.043935e+00
9.999797e-01 -1.815773e-04 6.371653e-03 2.798970e+00 1.843691e-04 9.999999e-01 -4.375683e-04 4.113513e-02 -6.371590e-03 4.387350e-04 9.999795e-01 -5.603113e+00
9.999001e-01 1.455888e-04 -1.413225e-02 2.927754e+00 -1.370000e-04 9.999998e-01 6.087050e-04 4.087371e-02 1.413232e-02 -6.067072e-04 9.998999e-01 -5.773168e+00
9.999986e-01 -2.660342e-06 -1.646671e-03 2.958553e+00 2.440805e-06 1.000000e+00 -1.333902e-04 4.419863e-02 1.646653e-03 1.333869e-04 9.999985e-01 -5.927987e+00
9.999466e-01 4.036265e-05 -1.033199e-02 3.103021e+00 -3.550568e-05 9.999999e-01 4.702629e-04 4.413364e-02 1.033198e-02 -4.698700e-04 9.999464e-01 -6.100436e+00
9.999886e-01 6.570544e-05 -4.771455e-03 3.384597e+00 -6.557563e-05 1.000000e+00 2.733444e-05 4.113402e-02 4.771435e-03 -2.702022e-05 9.999885e-01 -6.305124e+00
9.999997e-01 -1.217781e-04 -7.028463e-04 3.628722e+00 1.217503e-04 1.000000e+00 -3.978950e-05 4.480487e-02 7.028289e-04 3.970494e-05 9.999997e-01 -6.814757e+00
9.999365e-01 1.611156e-04 -1.127197e-02 3.898003e+00 -1.575947e-04 9.999999e-01 3.132372e-04 4.677131e-02 1.127200e-02 -3.114398e-04 9.999363e-01 -7.253530e+00
9.999969e-01 -7.596902e-05 -2.483157e-03 4.200494e+00 7.615992e-05 1.000000e+00 7.672127e-05 4.149226e-02 2.483126e-03 -7.690907e-05 9.999968e-01 -7.406820e+00
9.985948e-01 1.072306e-03 -5.298359e-02 4.383153e+00 -9.658912e-04 9.999975e-01 2.034011e-03 3.948111e-02 5.298561e-02 -1.979975e-03 9.985932e-01 -7.359749e+00
9.993336e-01 -8.886951e-04 3.649023e-02 4.424781e+00 9.436221e-04 9.999984e-01 -1.488051e-03 4.613024e-02 -3.648889e-02 1.521494e-03 9.993328e-01 -7.681113e+00
9.987466e-01 1.023289e-03 -5.004206e-02 4.388084e+00 -9.301573e-04 9.999978e-01 1.884314e-03 5.509083e-02 5.004384e-02 -1.835404e-03 9.987452e-01 -8.024712e+00
9.988459e-01 -1.002414e-03 4.802017e-02 4.546230e+00 1.092535e-03 9.999977e-01 -1.850512e-03 4.445098e-02 -4.801824e-02 1.900841e-03 9.988446e-01 -7.790712e+00
9.984780e-01 1.056313e-03 -5.514159e-02 4.621837e+00 -9.430082e-04 9.999974e-01 2.080781e-03 4.327082e-02 5.514361e-02 -2.025614e-03 9.984763e-01 -7.854545e+00
9.994680e-01 -7.132217e-04 3.260735e-02 4.791547e+00 7.543584e-04 9.999989e-01 -1.249280e-03 4.331208e-02 -3.260646e-02 1.273215e-03 9.994674e-01 -8.017108e+00
9.993995e-01 7.766221e-04 -3.464196e-02 5.058063e+00 -7.358417e-04 9.999990e-01 1.189924e-03 4.610182e-02 3.464281e-02 -1.163717e-03 9.993990e-01 -8.542082e+00
9.993698e-01 -7.125943e-04 3.548899e-02 5.568473e+00 7.603802e-04 9.999988e-01 -1.333012e-03 3.719948e-02 -3.548804e-02 1.359158e-03 9.993691e-01 -8.896221e+00
9.988945e-01 8.080307e-04 -4.700172e-02 5.856746e+00 -7.311195e-04 9.999984e-01 1.653513e-03 3.825876e-02 4.700294e-02 -1.617320e-03 9.988933e-01 -9.333653e+00
9.997624e-01 -4.186268e-04 2.179387e-02 5.827062e+00 4.374793e-04 9.999995e-01 -8.602568e-04 5.351946e-02 -2.179354e-02 8.695882e-04 9.997620e-01 -9.921397e+00
9.997158e-01 3.541497e-04 -2.383600e-02 6.069818e+00 -3.352158e-04 9.999996e-01 7.983158e-04 5.163620e-02 2.383624e-02 -7.900972e-04 9.997155e-01 -1.019908e+01
9.998192e-01 -4.283715e-04 1.900816e-02 6.351390e+00 4.422733e-04 9.999996e-01 -7.271426e-04 4.547054e-02 -1.900788e-02 7.354195e-04 9.998190e-01 -1.031922e+01
9.995734e-01 4.328727e-04 -2.920453e-02 6.540299e+00 -4.055548e-04 9.999995e-01 9.413083e-04 4.900714e-02 2.920488e-02 -9.290612e-04 9.995729e-01 -1.073569e+01
9.999978e-01 -1.255120e-04 2.097446e-03 6.595271e+00 1.256512e-04 1.000000e+00 -6.603183e-05 5.982777e-02 -2.097481e-03 6.629682e-05 9.999977e-01 -1.121637e+01
9.997081e-01 3.956311e-04 -2.415582e-02 6.464704e+00 -3.790730e-04 9.999997e-01 6.900266e-04 8.012806e-02 2.415604e-02 -6.806667e-04 9.997079e-01 -1.191292e+01
9.998388e-01 -3.690027e-04 1.794912e-02 6.283402e+00 3.816533e-04 9.999997e-01 -7.013590e-04 1.053384e-01 -1.794891e-02 7.080979e-04 9.998386e-01 -1.284369e+01
9.997716e-01 4.090276e-04 -2.136891e-02 6.150335e+00 -3.960871e-04 9.999997e-01 6.097867e-04 1.310563e-01 2.136911e-02 -6.011819e-04 9.997714e-01 -1.386615e+01
9.997568e-01 -2.875320e-04 2.205270e-02 6.211143e+00 3.035723e-04 9.999997e-01 -7.239949e-04 1.453421e-01 -2.205253e-02 7.305150e-04 9.997565e-01 -1.463338e+01
9.997591e-01 3.171796e-04 -2.194654e-02 6.549556e+00 -3.043369e-04 9.999998e-01 5.885001e-04 1.431040e-01 2.194668e-02 -5.816776e-04 9.997589e-01 -1.502947e+01
9.998003e-01 -3.737786e-04 1.997775e-02 6.858818e+00 3.872671e-04 9.999997e-01 -6.712912e-04 1.388798e-01 -1.997754e-02 6.788955e-04 9.998001e-01 -1.528595e+01
9.997950e-01 4.195349e-04 -2.024055e-02 6.896429e+00 -4.074762e-04 9.999997e-01 5.998710e-04 1.477600e-01 2.024075e-02 -5.914989e-04 9.997949e-01 -1.577318e+01
9.997872e-01 -3.431742e-04 2.062399e-02 6.880927e+00 3.571880e-04 9.999997e-01 -6.757923e-04 1.607893e-01 -2.062380e-02 6.830168e-04 9.997870e-01 -1.637455e+01
9.997358e-01 3.316053e-04 -2.298340e-02 6.910922e+00 -3.179522e-04 9.999998e-01 5.976777e-04 1.721918e-01 2.298355e-02 -5.902106e-04 9.997356e-01 -1.696253e+01
9.996286e-01 -2.018711e-04 2.725225e-02 7.098678e+00 2.212287e-04 9.999997e-01 -7.072818e-04 1.719308e-01 -2.725215e-02 7.130496e-04 9.996282e-01 -1.721697e+01
9.996786e-01 2.637764e-04 -2.535115e-02 7.405622e+00 -2.491835e-04 9.999998e-01 5.787743e-04 1.671217e-01 2.535125e-02 -5.722696e-04 9.996783e-01 -1.743939e+01
9.998673e-01 -2.646451e-04 1.628722e-02 7.664159e+00 2.711928e-04 9.999999e-01 -3.997822e-04 1.681599e-01 -1.628716e-02 4.041476e-04 9.998672e-01 -1.783937e+01
9.990560e-01 6.198339e-04 -4.343625e-02 7.766913e+00 -5.645212e-04 9.999990e-01 1.285668e-03 1.761865e-01 4.343696e-02 -1.259932e-03 9.990553e-01 -1.825519e+01
9.998820e-01 -3.350854e-04 1.535834e-02 8.270765e+00 3.393120e-04 9.999999e-01 -2.725636e-04 1.723576e-01 -1.535829e-02 2.777445e-04 9.998819e-01 -1.867765e+01
9.994315e-01 2.759006e-04 -3.371458e-02 9.753675e+00 -2.529618e-04 9.999997e-01 6.846321e-04 1.317243e-01 3.371470e-02 -6.757127e-04 9.994312e-01 -1.897002e+01
9.998573e-01 -4.332238e-04 1.688475e-02 1.186841e+01 4.426609e-04 9.999997e-01 -5.551456e-04 7.153223e-02 -1.688456e-02 5.625424e-04 9.998572e-01 -1.934964e+01
9.993204e-01 2.997716e-04 -3.685988e-02 1.404078e+01 -2.708918e-04 9.999997e-01 7.884792e-04 1.129342e-02 3.686005e-02 -7.779565e-04 9.993200e-01 -1.979461e+01
9.998794e-01 -4.114702e-04 1.552480e-02 1.614060e+01 4.187770e-04 9.999998e-01 -4.673658e-04 -4.887776e-02 -1.552466e-02 4.738126e-04 9.998793e-01 -2.012937e+01
9.992815e-01 3.095960e-04 -3.790030e-02 1.817970e+01 -2.745654e-04 9.999995e-01 9.294711e-04 -1.139785e-01 3.790051e-02 -9.183953e-04 9.992810e-01 -2.015766e+01
9.999692e-01 -3.810051e-04 7.835727e-03 2.066508e+01 3.827311e-04 9.999999e-01 -2.186869e-04 -1.908822e-01 -7.835706e-03 2.216810e-04 9.999692e-01 -2.027937e+01
9.988368e-01 4.219560e-04 -4.821641e-02 2.350162e+01 -3.556817e-04 9.999990e-01 1.383075e-03 -2.823526e-01 4.821687e-02 -1.364315e-03 9.988359e-01 -2.023862e+01
9.999576e-01 -3.849900e-04 9.197989e-03 2.631290e+01 3.871916e-04 9.999999e-01 -2.374775e-04 -3.793633e-01 -9.197965e-03 2.410309e-04 9.999576e-01 -1.993434e+01
9.992022e-01 3.108830e-04 -3.993452e-02 2.903075e+01 -2.736142e-04 9.999995e-01 9.386892e-04 -4.721470e-01 3.993472e-02 -9.270116e-04 9.992018e-01 -1.971836e+01
9.997988e-01 -4.564963e-04 2.005455e-02 3.135170e+01 4.709797e-04 9.999996e-01 -7.174318e-04 -5.427583e-01 -2.005429e-02 7.267349e-04 9.997985e-01 -1.992648e+01
9.992116e-01 3.024655e-04 -3.969889e-02 3.367697e+01 -2.662975e-04 9.999995e-01 9.163226e-04 -6.109424e-01 3.969908e-02 -9.050264e-04 9.992112e-01 -2.024914e+01
9.997861e-01 -4.241554e-04 2.067481e-02 3.584157e+01 4.395149e-04 9.999996e-01 -7.383207e-04 -6.720068e-01 -2.067456e-02 7.472518e-04 9.997859e-01 -2.065045e+01
9.989764e-01 3.788027e-04 -4.523239e-02 3.793445e+01 -3.232146e-04 9.999992e-01 1.236231e-03 -7.291284e-01 4.523274e-02 -1.220343e-03 9.989756e-01 -2.108601e+01
9.997899e-01 -2.931146e-04 2.049232e-02 3.950264e+01 3.061504e-04 9.999998e-01 -6.329454e-04 -7.706265e-01 -2.049221e-02 6.390884e-04 9.997897e-01 -2.143903e+01
9.992997e-01 3.502057e-04 -3.741466e-02 4.056564e+01 -3.150874e-04 9.999995e-01 9.444889e-04 -7.836307e-01 3.741489e-02 -9.320364e-04 9.992993e-01 -2.233007e+01
9.999032e-01 -3.388171e-05 1.391307e-02 4.113033e+01 3.957430e-05 9.999999e-01 -4.087953e-04 -7.841430e-01 -1.391313e-02 4.093085e-04 9.999030e-01 -2.302492e+01
9.975366e-01 1.071044e-03 -7.014005e-02 4.118100e+01 -8.885319e-04 9.999961e-01 2.633236e-03 -7.811279e-01 7.014251e-02 -2.564426e-03 9.975336e-01 -2.301504e+01
9.998690e-01 -9.621693e-05 1.618420e-02 4.131564e+01 1.045961e-04 9.999999e-01 -5.168025e-04 -7.807909e-01 -1.618423e-02 5.184300e-04 9.998688e-01 -2.300525e+01
9.978940e-01 9.582012e-04 -6.485846e-02 4.141805e+01 -8.030043e-04 9.999968e-01 2.418860e-03 -7.800699e-01 6.486048e-02 -2.361682e-03 9.978915e-01 -2.299193e+01
9.997517e-01 -2.240568e-04 2.228043e-02 4.151950e+01 2.414860e-04 9.999997e-01 -7.794975e-04 -7.783054e-01 -2.228034e-02 7.846869e-04 9.997514e-01 -2.304669e+01
9.978544e-01 9.844813e-04 -6.546455e-02 4.156596e+01 -8.274626e-04 9.999967e-01 2.425577e-03 -7.755461e-01 6.546663e-02 -2.366201e-03 9.978519e-01 -2.306997e+01
9.999811e-01 3.908167e-04 -6.130375e-03 4.155643e+01 -3.880681e-04 9.999998e-01 4.492423e-04 -7.697445e-01 6.130455e-03 -4.468522e-04 9.999810e-01 -2.304434e+01
9.964940e-01 1.483446e-03 -8.365128e-02 4.150170e+01 -1.229261e-03 9.999945e-01 3.090028e-03 -7.610748e-01 8.365531e-02 -2.976362e-03 9.964902e-01 -2.301022e+01
9.995919e-01 -3.722730e-04 2.856102e-02 4.159210e+01 3.987401e-04 9.999995e-01 -9.209113e-04 -7.604028e-01 -2.856076e-02 9.319267e-04 9.995916e-01 -2.294100e+01
9.984411e-01 9.212727e-04 -5.580740e-02 4.172998e+01 -8.061635e-04 9.999975e-01 2.085052e-03 -7.647542e-01 5.580909e-02 -2.036810e-03 9.984393e-01 -2.281666e+01
9.999997e-01 1.443418e-04 7.405387e-04 4.173783e+01 -1.444018e-04 1.000000e+00 8.426658e-05 -7.621261e-01 -7.406261e-04 -8.437076e-05 9.999997e-01 -2.273263e+01
9.990916e-01 6.245323e-04 -4.260765e-02 4.175796e+01 -5.609163e-04 9.999987e-01 1.504945e-03 -7.610035e-01 4.260844e-02 -1.479676e-03 9.990907e-01 -2.264878e+01
9.996681e-01 -2.522196e-04 2.576003e-02 4.178272e+01 2.725456e-04 9.999997e-01 -7.854362e-04 -7.611631e-01 -2.575992e-02 7.921990e-04 9.996678e-01 -2.258117e+01
9.996296e-01 5.118474e-04 -2.720717e-02 4.178014e+01 -4.837868e-04 9.999993e-01 1.037846e-03 -7.583890e-01 2.720758e-02 -1.024297e-03 9.996292e-01 -2.263628e+01
9.999996e-01 -9.443795e-06 -7.981170e-04 4.184260e+01 9.486672e-06 1.000000e+00 5.031023e-05 -7.575092e-01 7.980166e-04 -5.031506e-05 9.999996e-01 -2.264109e+01
9.997456e-01 5.838653e-04 -2.254497e-02 4.193230e+01 -5.606993e-04 9.999993e-01 1.033734e-03 -7.581542e-01 2.254546e-02 -1.020827e-03 9.997452e-01 -2.257774e+01
9.999975e-01 -3.848222e-05 2.193783e-03 4.206021e+01 3.858182e-05 1.000000e+00 -4.406758e-05 -7.604312e-01 -2.193881e-03 4.415482e-05 9.999975e-01 -2.249014e+01
9.999876e-01 2.158416e-04 -4.973067e-03 4.231699e+01 -2.140582e-04 9.999999e-01 3.585764e-04 -7.689107e-01 4.973044e-03 -3.575047e-04 9.999875e-01 -2.238307e+01
9.999753e-01 -1.484852e-04 7.020211e-03 4.265001e+01 1.501701e-04 1.000000e+00 -2.390670e-04 -7.807859e-01 -7.020275e-03 2.401180e-04 9.999753e-01 -2.227004e+01
9.996553e-01 4.915606e-04 -2.624585e-02 4.292562e+01 -4.636706e-04 9.999993e-01 1.068614e-03 -7.895831e-01 2.624626e-02 -1.056073e-03 9.996549e-01 -2.216384e+01
9.999964e-01 -1.474349e-05 2.650940e-03 4.310150e+01 1.483840e-05 1.000000e+00 -3.466833e-05 -7.939914e-01 -2.651039e-03 3.471023e-05 9.999964e-01 -2.207626e+01
9.984779e-01 9.709426e-04 -5.514397e-02 4.318036e+01 -8.541979e-04 9.999973e-01 2.140568e-03 -7.928323e-01 5.514580e-02 -2.090203e-03 9.984761e-01 -2.202313e+01
9.999866e-01 1.711279e-04 -5.165909e-03 4.317864e+01 -1.700428e-04 1.000000e+00 2.098813e-04 -7.883238e-01 5.165847e-03 -2.089975e-04 9.999866e-01 -2.199106e+01
9.984026e-01 1.037083e-03 -5.648958e-02 4.313623e+01 -9.150524e-04 9.999972e-01 2.185991e-03 -7.830263e-01 5.649159e-02 -2.130806e-03 9.984008e-01 -2.193897e+01
9.999492e-01 -1.617750e-04 1.007508e-02 4.318362e+01 1.655715e-04 9.999999e-01 -3.756427e-04 -7.823457e-01 -1.007511e-02 3.772943e-04 9.999491e-01 -2.185387e+01
9.975321e-01 1.307747e-03 -7.019868e-02 4.325429e+01 -1.112376e-03 9.999954e-01 2.822097e-03 -7.803532e-01 7.020196e-02 -2.737043e-03 9.975290e-01 -2.180223e+01
9.998639e-01 3.644134e-04 -1.649191e-02 4.326833e+01 -3.540719e-04 9.999997e-01 6.297596e-04 -7.721991e-01 1.649205e-02 -6.238323e-04 9.998638e-01 -2.184075e+01
9.965734e-01 1.649283e-03 -8.269590e-02 4.325240e+01 -1.379815e-03 9.999936e-01 3.315548e-03 -7.626075e-01 8.270075e-02 -3.190080e-03 9.965693e-01 -2.185919e+01
9.999685e-01 2.076286e-04 -7.922270e-03 4.320248e+01 -2.054020e-04 9.999999e-01 2.813830e-04 -7.531844e-01 7.922248e-03 -2.797449e-04 9.999686e-01 -2.185779e+01
9.981254e-01 1.132027e-03 -6.119013e-02 4.314738e+01 -9.884135e-04 9.999967e-01 2.377155e-03 -7.454426e-01 6.119254e-02 -2.312216e-03 9.981233e-01 -2.186582e+01
9.999950e-01 -6.272462e-05 3.148197e-03 4.309556e+01 6.315648e-05 1.000000e+00 -1.357880e-04 -7.383394e-01 -3.148261e-03 1.359878e-04 9.999950e-01 -2.189627e+01
9.997827e-01 2.941807e-04 -2.083870e-02 4.299254e+01 -2.813482e-04 9.999998e-01 6.185344e-04 -7.243876e-01 2.083881e-02 -6.125354e-04 9.997826e-01 -2.235435e+01
9.997332e-01 -1.417370e-04 2.309519e-02 4.279180e+01 1.577246e-04 9.999997e-01 -6.902482e-04 -7.038316e-01 -2.309516e-02 6.937084e-04 9.997330e-01 -2.304133e+01
9.997965e-01 2.928824e-04 -2.016699e-02 4.262454e+01 -2.807474e-04 9.999998e-01 6.043545e-04 -6.866729e-01 2.016709e-02 -5.985680e-04 9.997964e-01 -2.361698e+01
9.995808e-01 -1.416870e-04 2.894756e-02 4.270939e+01 1.643371e-04 9.999997e-01 -7.799353e-04 -6.817299e-01 -2.894751e-02 7.843672e-04 9.995806e-01 -2.396034e+01
9.995453e-01 3.398476e-04 -3.014849e-02 4.220941e+01 -3.173351e-04 9.999997e-01 7.513685e-04 -6.446383e-01 3.014866e-02 -7.414580e-04 9.995451e-01 -2.500909e+01
9.995204e-01 -6.158852e-05 3.096412e-02 4.153511e+01 8.640639e-05 9.999997e-01 -8.000367e-04 -5.956497e-01 -3.096413e-02 8.023301e-04 9.995202e-01 -2.638666e+01
9.996370e-01 3.646769e-04 -2.693617e-02 4.096577e+01 -3.453232e-04 9.999997e-01 7.230052e-04 -5.539647e-01 2.693635e-02 -7.134395e-04 9.996369e-01 -2.756677e+01
9.995668e-01 -9.297346e-05 2.942890e-02 4.040564e+01 1.153045e-04 9.999997e-01 -7.569838e-04 -5.132155e-01 -2.942889e-02 7.600508e-04 9.995666e-01 -2.870951e+01
9.994096e-01 2.610939e-04 -3.435289e-02 3.985689e+01 -2.345104e-04 9.999997e-01 7.777519e-04 -4.753683e-01 3.435301e-02 -7.692350e-04 9.994094e-01 -2.973140e+01
9.996086e-01 -7.882538e-05 2.797294e-02 3.933491e+01 9.921669e-05 9.999997e-01 -7.274373e-04 -4.393523e-01 -2.797294e-02 7.299296e-04 9.996084e-01 -3.069812e+01
9.990246e-01 3.983708e-04 -4.415291e-02 3.890051e+01 -3.497888e-04 9.999993e-01 1.107946e-03 -4.095808e-01 4.415325e-02 -1.091420e-03 9.990242e-01 -3.146179e+01
9.998051e-01 2.980132e-05 1.973896e-02 3.854687e+01 -2.286821e-05 9.999999e-01 -3.512659e-04 -3.843287e-01 -1.973904e-02 3.507476e-04 9.998051e-01 -3.208184e+01
9.991128e-01 3.358335e-04 -4.211057e-02 3.825292e+01 -2.945485e-04 9.999995e-01 9.865062e-04 -3.646099e-01 4.211081e-02 -9.732259e-04 9.991125e-01 -3.254243e+01
9.996406e-01 -6.014384e-05 2.680478e-02 3.792071e+01 7.522179e-05 9.999998e-01 -5.613542e-04 -3.421098e-01 -2.680480e-02 5.631702e-04 9.996405e-01 -3.310513e+01
9.995192e-01 1.695785e-04 -3.100337e-02 3.748712e+01 -1.519172e-04 9.999998e-01 5.718871e-04 -3.139658e-01 3.100340e-02 -5.669007e-04 9.995191e-01 -3.383752e+01
9.995611e-01 -1.124149e-05 2.962099e-02 3.699640e+01 2.874928e-05 9.999998e-01 -5.905015e-04 -2.793414e-01 -2.962104e-02 5.910954e-04 9.995610e-01 -3.478886e+01
9.995017e-01 8.412873e-05 -3.156202e-02 3.665125e+01 -6.605212e-05 9.999998e-01 5.736530e-04 -2.561844e-01 3.156200e-02 -5.712810e-04 9.995016e-01 -3.541602e+01
9.995169e-01 -1.155174e-05 3.107681e-02 3.637202e+01 3.055303e-05 9.999998e-01 -6.108285e-04 -2.373898e-01 -3.107686e-02 6.114843e-04 9.995168e-01 -3.591424e+01
9.994663e-01 1.050323e-04 -3.266267e-02 3.602189e+01 -8.574708e-05 9.999998e-01 5.917188e-04 -2.124529e-01 3.266266e-02 -5.886009e-04 9.994662e-01 -3.660679e+01
9.996406e-01 2.364682e-05 2.680596e-02 3.562929e+01 -8.785759e-06 9.999998e-01 -5.543651e-04 -1.851515e-01 -2.680603e-02 5.539318e-04 9.996405e-01 -3.734228e+01
9.994532e-01 9.666936e-05 -3.306325e-02 3.527780e+01 -7.655669e-05 9.999998e-01 6.094580e-04 -1.615427e-01 3.306324e-02 -6.065921e-04 9.994531e-01 -3.796407e+01
9.997810e-01 8.841365e-05 2.092271e-02 3.497742e+01 -8.168639e-05 9.999999e-01 -3.221970e-04 -1.409848e-01 -2.092280e-02 3.204186e-04 9.997810e-01 -3.849246e+01
9.997050e-01 1.706916e-05 -2.428270e-02 3.453614e+01 -9.670948e-06 1.000000e+00 3.046288e-04 -1.110540e-01 2.428264e-02 -3.043027e-04 9.997051e-01 -3.929690e+01
9.997753e-01 3.140877e-05 2.119469e-02 3.415784e+01 -2.467860e-05 9.999999e-01 -3.176180e-04 -8.681138e-02 -2.119476e-02 3.170249e-04 9.997753e-01 -3.993630e+01
9.997926e-01 8.872825e-05 -2.035990e-02 3.375875e+01 -8.315571e-05 1.000000e+00 2.743592e-04 -5.933909e-02 2.035986e-02 -2.726079e-04 9.997927e-01 -4.068914e+01
9.997762e-01 1.292422e-04 2.114923e-02 3.317055e+01 -1.226251e-04 9.999999e-01 -3.139886e-04 -1.690401e-02 -2.114933e-02 3.113262e-04 9.997763e-01 -4.187988e+01
9.997203e-01 -1.881727e-07 -2.364535e-02 3.252848e+01 6.890617e-06 1.000000e+00 2.832146e-04 2.397785e-02 2.364529e-02 -2.832970e-04 9.997204e-01 -4.296004e+01
9.997975e-01 3.759322e-05 2.011996e-02 3.201674e+01 -3.169356e-05 1.000000e+00 -2.933514e-04 5.409191e-02 -2.012004e-02 2.926557e-04 9.997975e-01 -4.372058e+01
9.997766e-01 -2.375366e-05 -2.113041e-02 3.173709e+01 2.874262e-05 1.000000e+00 2.356191e-04 7.198802e-02 2.113034e-02 -2.361725e-04 9.997767e-01 -4.420687e+01
9.997819e-01 2.404445e-05 2.088191e-02 3.161893e+01 -1.829593e-05 1.000000e+00 -2.752936e-04 8.094562e-02 -2.088198e-02 2.748528e-04 9.997819e-01 -4.448117e+01
9.997730e-01 -2.677828e-05 -2.130066e-02 3.155329e+01 3.160341e-05 1.000000e+00 2.260092e-04 8.264149e-02 2.130059e-02 -2.266297e-04 9.997731e-01 -4.449672e+01
9.997847e-01 1.440462e-05 2.074640e-02 3.154809e+01 -8.759606e-06 1.000000e+00 -2.720014e-04 7.827414e-02 -2.074646e-02 2.717624e-04 9.997847e-01 -4.431543e+01
9.997805e-01 -1.046895e-05 -2.094921e-02 3.143761e+01 1.519914e-05 1.000000e+00 2.254525e-04 8.696243e-02 2.094915e-02 -2.257201e-04 9.997805e-01 -4.458808e+01
9.997813e-01 4.623143e-05 2.090998e-02 3.119004e+01 -4.067329e-05 1.000000e+00 -2.660544e-04 1.052913e-01 -2.091005e-02 2.651471e-04 9.997813e-01 -4.512546e+01
9.997924e-01 -2.128644e-05 -2.037262e-02 3.118290e+01 2.554584e-05 1.000000e+00 2.086277e-04 1.017039e-01 2.037255e-02 -2.091035e-04 9.997924e-01 -4.497245e+01
9.997699e-01 7.810337e-05 2.144493e-02 3.103698e+01 -7.273559e-05 1.000000e+00 -2.509064e-04 1.060772e-01 -2.144501e-02 2.492902e-04 9.997700e-01 -4.500377e+01
9.998423e-01 1.234004e-05 -1.775303e-02 3.109484e+01 -9.879187e-06 1.000000e+00 1.384904e-04 1.058023e-01 1.775297e-02 -1.382918e-04 9.998424e-01 -4.507215e+01
9.997622e-01 6.468630e-05 2.180339e-02 3.118337e+01 -5.914509e-05 1.000000e+00 -2.546142e-04 9.899405e-02 -2.180347e-02 2.532654e-04 9.997622e-01 -4.488333e+01
9.998362e-01 -1.864957e-05 -1.809520e-02 3.131478e+01 2.084894e-05 1.000000e+00 1.211477e-04 7.973128e-02 1.809514e-02 -1.215037e-04 9.998363e-01 -4.420059e+01
9.997324e-01 7.471718e-05 2.312868e-02 3.148349e+01 -6.807262e-05 1.000000e+00 -2.879103e-04 5.780520e-02 -2.312876e-02 2.862601e-04 9.997324e-01 -4.344960e+01
9.998927e-01 -5.576281e-06 -1.464295e-02 3.170887e+01 6.692159e-06 1.000000e+00 7.590183e-05 3.919591e-02 1.464289e-02 -7.599032e-05 9.998928e-01 -4.291060e+01
9.997890e-01 1.257902e-04 2.053762e-02 3.176639e+01 -1.212091e-04 1.000000e+00 -2.241212e-04 3.951799e-02 -2.053771e-02 2.215859e-04 9.997890e-01 -4.299926e+01
9.998394e-01 -7.242716e-05 -1.791850e-02 3.193225e+01 7.457593e-05 1.000000e+00 1.190444e-04 3.337626e-02 1.791843e-02 -1.203602e-04 9.998394e-01 -4.295258e+01
9.998293e-01 6.230830e-05 1.847366e-02 3.209318e+01 -5.847829e-05 1.000000e+00 -2.076605e-04 2.591572e-02 -1.847374e-02 2.065461e-04 9.998293e-01 -4.285074e+01
9.998410e-01 -5.553600e-05 -1.782583e-02 3.230380e+01 5.790904e-05 1.000000e+00 1.324004e-04 8.679678e-03 1.782576e-02 -1.334102e-04 9.998411e-01 -4.238983e+01
9.997881e-01 8.663722e-05 2.058144e-02 3.256988e+01 -8.157485e-05 1.000000e+00 -2.466263e-04 -3.442920e-03 -2.058152e-02 2.448965e-04 9.997881e-01 -4.222204e+01
9.998614e-01 -4.048942e-05 -1.664153e-02 3.275991e+01 4.253899e-05 1.000000e+00 1.225847e-04 -8.867823e-03 1.664146e-02 -1.232742e-04 9.998615e-01 -4.224389e+01
9.997068e-01 1.644069e-04 2.420846e-02 3.269880e+01 -1.582641e-04 1.000000e+00 -2.555074e-04 -1.314561e-03 -2.420857e-02 2.516025e-04 9.997069e-01 -4.250617e+01
9.997453e-01 -6.637818e-05 -2.256620e-02 3.245977e+01 7.075436e-05 1.000000e+00 1.929664e-04 1.559455e-02 2.256612e-02 -1.945126e-04 9.997453e-01 -4.298751e+01
9.997470e-01 9.630947e-05 2.249022e-02 3.216594e+01 -9.090937e-05 1.000000e+00 -2.409674e-04 3.235654e-02 -2.249030e-02 2.388632e-04 9.997470e-01 -4.340128e+01
9.998067e-01 -5.708339e-05 -1.965911e-02 3.209354e+01 6.030323e-05 1.000000e+00 1.630063e-04 3.544986e-02 1.965903e-02 -1.641589e-04 9.998067e-01 -4.345548e+01
9.997712e-01 8.867799e-05 2.138675e-02 3.195558e+01 -8.418467e-05 1.000000e+00 -2.108271e-04 4.467701e-02 -2.138683e-02 2.089797e-04 9.997712e-01 -4.371158e+01
9.997626e-01 -7.607664e-05 -2.178235e-02 3.174347e+01 7.955031e-05 1.000000e+00 1.584392e-04 5.132690e-02 2.178227e-02 -1.601330e-04 9.997627e-01 -4.377492e+01
9.997618e-01 8.749280e-05 2.182101e-02 3.159158e+01 -8.291773e-05 1.000000e+00 -2.104003e-04 5.374429e-02 -2.182109e-02 2.085421e-04 9.997619e-01 -4.372043e+01
9.997703e-01 -6.320021e-05 -2.142860e-02 3.136108e+01 6.651979e-05 1.000000e+00 1.540319e-04 6.369050e-02 2.142853e-02 -1.554205e-04 9.997704e-01 -4.390536e+01
9.997426e-01 9.132998e-05 2.268310e-02 3.123497e+01 -8.637378e-05 1.000000e+00 -2.193158e-04 6.736829e-02 -2.268318e-02 2.173014e-04 9.997427e-01 -4.392912e+01
9.997891e-01 -5.983768e-05 -2.052998e-02 3.104668e+01 6.310438e-05 1.000000e+00 1.582951e-04 7.882329e-02 2.052990e-02 -1.595559e-04 9.997892e-01 -4.422000e+01
9.997472e-01 1.084321e-04 2.248066e-02 3.092058e+01 -1.036137e-04 1.000000e+00 -2.153413e-04 8.877491e-02 -2.248075e-02 2.129589e-04 9.997472e-01 -4.452390e+01
9.997709e-01 -5.451644e-06 -2.139896e-02 3.064176e+01 8.825819e-06 1.000000e+00 1.574173e-04 1.095670e-01 2.139889e-02 -1.575687e-04 9.997710e-01 -4.513162e+01
9.997123e-01 1.277280e-04 2.398055e-02 3.049134e+01 -1.224450e-04 1.000000e+00 -2.216200e-04 1.246620e-01 -2.398065e-02 2.186213e-04 9.997124e-01 -4.564608e+01
9.998230e-01 1.759787e-05 -1.881037e-02 3.045658e+01 -1.521321e-05 1.000000e+00 1.267274e-04 1.335118e-01 1.881031e-02 -1.264174e-04 9.998230e-01 -4.601481e+01
9.993483e-01 9.702930e-05 3.609419e-02 3.075435e+01 -8.125868e-05 9.999999e-01 -4.382969e-04 1.233361e-01 -3.609430e-02 4.350797e-04 9.993483e-01 -4.594092e+01
9.995860e-01 -1.306718e-05 -2.876744e-02 3.096733e+01 2.080004e-05 1.000000e+00 2.683853e-04 1.181155e-01 2.876737e-02 -2.688712e-04 9.995861e-01 -4.599782e+01
9.994343e-01 1.022032e-04 3.362937e-02 3.113796e+01 -8.889897e-05 9.999999e-01 -3.970039e-04 1.164439e-01 -3.362947e-02 3.937911e-04 9.994343e-01 -4.616391e+01
9.996459e-01 -6.345082e-05 -2.660698e-02 3.132045e+01 6.990126e-05 1.000000e+00 2.413735e-04 1.106603e-01 2.660689e-02 -2.431464e-04 9.996459e-01 -4.615037e+01
9.994209e-01 5.138798e-05 3.402484e-02 3.155902e+01 -3.752092e-05 9.999999e-01 -4.080918e-04 9.986507e-02 -3.402492e-02 4.065802e-04 9.994209e-01 -4.598635e+01
9.996878e-01 6.945140e-05 -2.498420e-02 3.156906e+01 -6.350270e-05 1.000000e+00 2.387540e-04 1.040959e-01 2.498414e-02 -2.370914e-04 9.996878e-01 -4.618572e+01
9.991826e-01 1.154244e-04 4.042124e-02 3.159222e+01 -9.545658e-05 9.999999e-01 -4.958362e-04 1.087903e-01 -4.042136e-02 4.915739e-04 9.991826e-01 -4.640185e+01
9.995158e-01 -5.625271e-07 -3.111121e-02 3.161381e+01 1.073122e-05 9.999999e-01 3.265742e-04 1.123430e-01 3.111114e-02 -3.267485e-04 9.995159e-01 -4.658461e+01
9.994577e-01 1.313424e-04 3.292548e-02 3.125578e+01 -1.188747e-04 9.999999e-01 -3.805165e-04 1.370074e-01 -3.292560e-02 3.763976e-04 9.994577e-01 -4.726515e+01
9.994376e-01 -8.472068e-05 -3.353016e-02 3.098562e+01 9.611811e-05 9.999999e-01 3.382040e-04 1.548556e-01 3.353006e-02 -3.412352e-04 9.994376e-01 -4.775231e+01
9.993209e-01 1.067187e-04 3.684590e-02 3.100768e+01 -9.092174e-05 9.999999e-01 -4.303122e-04 1.559699e-01 -3.684602e-02 4.266713e-04 9.993208e-01 -4.784209e+01
9.997487e-01 -2.729737e-05 -2.241397e-02 3.116251e+01 3.115677e-05 1.000000e+00 1.716892e-04 1.510089e-01 2.241389e-02 -1.723429e-04 9.997487e-01 -4.780237e+01
9.995822e-01 9.009743e-05 2.890205e-02 3.133522e+01 -8.102597e-05 9.999999e-01 -3.149232e-04 1.463740e-01 -2.890215e-02 3.124513e-04 9.995822e-01 -4.782802e+01
9.996519e-01 3.111453e-06 -2.638125e-02 3.119163e+01 3.360331e-06 1.000000e+00 2.451479e-04 1.590444e-01 2.638117e-02 -2.451497e-04 9.996519e-01 -4.823451e+01
9.994110e-01 1.690147e-04 3.431497e-02 3.104963e+01 -1.564070e-04 9.999999e-01 -3.699961e-04 1.709321e-01 -3.431510e-02 3.644125e-04 9.994110e-01 -4.859168e+01
9.997363e-01 -1.891192e-05 -2.296004e-02 3.107102e+01 2.252180e-05 1.000000e+00 1.568236e-04 1.737522e-01 2.295996e-02 -1.572978e-04 9.997364e-01 -4.873665e+01
9.996839e-01 9.232843e-05 2.513924e-02 3.073625e+01 -8.681328e-05 1.000000e+00 -2.203440e-04 1.933559e-01 -2.513934e-02 2.180934e-04 9.996839e-01 -4.922092e+01
9.997152e-01 -4.328804e-05 -2.386234e-02 3.038850e+01 4.706871e-05 1.000000e+00 1.577393e-04 2.126902e-01 2.386226e-02 -1.588160e-04 9.997152e-01 -4.968396e+01
9.995462e-01 1.499057e-04 3.011876e-02 3.017798e+01 -1.422767e-04 1.000000e+00 -2.553319e-04 2.255631e-01 -3.011887e-02 2.509323e-04 9.995463e-01 -5.000118e+01
9.996726e-01 -5.883990e-05 -2.558435e-02 3.001745e+01 6.345201e-05 1.000000e+00 1.793333e-04 2.365875e-01 2.558426e-02 -1.808965e-04 9.996726e-01 -5.030370e+01
9.996409e-01 1.186764e-04 2.679433e-02 2.970314e+01 -1.124119e-04 1.000000e+00 -2.351837e-04 2.564122e-01 -2.679444e-02 2.320887e-04 9.996409e-01 -5.082725e+01
9.996672e-01 -5.352294e-05 -2.579322e-02 2.930527e+01 5.806896e-05 1.000000e+00 1.753757e-04 2.800599e-01 2.579314e-02 -1.768136e-04 9.996673e-01 -5.142505e+01
9.995779e-01 1.942047e-04 2.904919e-02 2.886350e+01 -1.870214e-04 1.000000e+00 -2.498850e-04 3.078321e-01 -2.904931e-02 2.443482e-04 9.995779e-01 -5.214355e+01
9.998262e-01 3.030007e-05 -1.863915e-02 2.850811e+01 -2.856436e-05 1.000000e+00 9.321885e-05 3.316751e-01 1.863908e-02 -9.266870e-05 9.998263e-01 -5.276749e+01
9.997119e-01 9.149357e-05 2.400039e-02 2.831386e+01 -8.719106e-05 1.000000e+00 -1.801820e-04 3.455488e-01 -2.400049e-02 1.780389e-04 9.997119e-01 -5.315751e+01
9.997898e-01 1.038427e-05 -2.049660e-02 2.813874e+01 -8.114919e-06 1.000000e+00 1.106491e-04 3.596424e-01 2.049652e-02 -1.104580e-04 9.997899e-01 -5.358276e+01
9.997425e-01 6.841085e-05 2.268664e-02 2.797843e+01 -6.485887e-05 1.000000e+00 -1.571638e-04 3.730812e-01 -2.268672e-02 1.556534e-04 9.997426e-01 -5.400288e+01
9.997860e-01 -5.102102e-05 -2.068284e-02 2.797383e+01 5.278365e-05 1.000000e+00 8.452540e-05 3.711525e-01 2.068276e-02 -8.559750e-05 9.997861e-01 -5.392071e+01
9.997419e-01 6.227120e-05 2.271513e-02 2.789332e+01 -5.886463e-05 1.000000e+00 -1.504990e-04 3.727935e-01 -2.271522e-02 1.491246e-04 9.997419e-01 -5.390284e+01
9.997636e-01 -5.638274e-05 -2.173745e-02 2.776167e+01 5.879474e-05 1.000000e+00 1.101789e-04 3.817898e-01 2.173736e-02 -1.114294e-04 9.997637e-01 -5.415579e+01
9.997214e-01 6.654216e-05 2.359993e-02 2.759696e+01 -6.258750e-05 1.000000e+00 -1.681760e-04 3.912551e-01 -2.360002e-02 1.666536e-04 9.997214e-01 -5.438685e+01
9.997746e-01 1.787842e-06 -2.122621e-02 2.729502e+01 3.646948e-07 1.000000e+00 1.012600e-04 4.098855e-01 2.122613e-02 -1.012434e-04 9.997747e-01 -5.486522e+01
9.997219e-01 9.200273e-05 2.358034e-02 2.702852e+01 -8.848974e-05 1.000000e+00 -1.498904e-04 4.284966e-01 -2.358044e-02 1.477636e-04 9.997219e-01 -5.538585e+01
9.998744e-01 -2.306226e-05 -1.584568e-02 2.705723e+01 2.285178e-05 1.000000e+00 -1.365797e-05 4.280237e-01 1.584560e-02 1.329570e-05 9.998744e-01 -5.539294e+01
9.996782e-01 7.941682e-05 2.536389e-02 2.716196e+01 -7.446615e-05 1.000000e+00 -1.960087e-04 4.228624e-01 -2.536398e-02 1.940584e-04 9.996782e-01 -5.527992e+01
9.998241e-01 -2.986799e-05 -1.875121e-02 2.720951e+01 3.064621e-05 1.000000e+00 4.105370e-05 4.192310e-01 1.875113e-02 -4.161958e-05 9.998242e-01 -5.516638e+01
9.996676e-01 1.079824e-04 2.577752e-02 2.711475e+01 -1.032305e-04 1.000000e+00 -1.855558e-04 4.267971e-01 -2.577762e-02 1.828347e-04 9.996677e-01 -5.538175e+01
9.997271e-01 -1.534328e-05 -2.335618e-02 2.694342e+01 1.850141e-05 1.000000e+00 1.348719e-04 4.412805e-01 2.335609e-02 -1.352657e-04 9.997272e-01 -5.583441e+01
9.995812e-01 1.882481e-04 2.893601e-02 2.678714e+01 -1.814786e-04 1.000000e+00 -2.364711e-04 4.570315e-01 -2.893614e-02 2.311223e-04 9.995812e-01 -5.635403e+01
9.997872e-01 4.168997e-05 -2.062682e-02 2.661953e+01 -3.959863e-05 1.000000e+00 1.016549e-04 4.743105e-01 2.062674e-02 -1.008149e-04 9.997872e-01 -5.692187e+01
9.995095e-01 9.509990e-05 3.131328e-02 2.674913e+01 -8.526202e-05 9.999999e-01 -3.154161e-04 4.722156e-01 -3.131339e-02 3.125931e-04 9.995095e-01 -5.698550e+01
9.998770e-01 6.704634e-05 -1.568127e-02 2.683965e+01 -6.654676e-05 1.000000e+00 3.219615e-05 4.718198e-01 1.568119e-02 -3.114709e-05 9.998770e-01 -5.705522e+01
9.995281e-01 5.246607e-05 3.071467e-02 2.682220e+01 -4.323203e-05 1.000000e+00 -3.012087e-04 4.735732e-01 -3.071477e-02 2.997403e-04 9.995281e-01 -5.707431e+01
9.998896e-01 1.316232e-04 -1.485546e-02 2.682307e+01 -1.311252e-04 1.000000e+00 3.430574e-05 4.784115e-01 1.485538e-02 -3.235244e-05 9.998896e-01 -5.726207e+01
9.991492e-01 1.448748e-04 4.124030e-02 2.695336e+01 -1.255767e-04 9.999999e-01 -4.704659e-04 4.790472e-01 -4.124045e-02 4.648883e-04 9.991491e-01 -5.740601e+01
9.998787e-01 1.763975e-04 -1.557262e-02 2.702578e+01 -1.756642e-04 1.000000e+00 4.828317e-05 4.842543e-01 1.557254e-02 -4.554015e-05 9.998787e-01 -5.767840e+01
9.991662e-01 6.877105e-05 4.082518e-02 2.719601e+01 -5.018859e-05 9.999999e-01 -4.561300e-04 4.820409e-01 -4.082529e-02 4.537023e-04 9.991662e-01 -5.775150e+01
9.999326e-01 1.270164e-04 -1.160291e-02 2.744557e+01 -1.276187e-04 1.000000e+00 -5.139856e-05 4.715150e-01 1.160281e-02 5.287748e-05 9.999327e-01 -5.754282e+01
9.992503e-01 1.013284e-04 3.871212e-02 2.767075e+01 -8.538147e-05 9.999999e-01 -4.135235e-04 4.633881e-01 -3.871225e-02 4.099098e-04 9.992503e-01 -5.741577e+01
9.999925e-01 2.238852e-04 -3.843182e-03 2.780196e+01 -2.244663e-04 1.000000e+00 -1.514064e-04 4.631120e-01 3.843055e-03 1.522696e-04 9.999926e-01 -5.748865e+01
9.991583e-01 1.439860e-04 4.101761e-02 2.792965e+01 -1.261492e-04 9.999999e-01 -4.373856e-04 4.636452e-01 -4.101776e-02 4.318448e-04 9.991583e-01 -5.758674e+01
9.999999e-01 2.324173e-04 2.210662e-04 2.807367e+01 -2.323673e-04 9.999999e-01 -2.155575e-04 4.632569e-01 -2.212118e-04 2.155078e-04 9.999999e-01 -5.765447e+01
9.996652e-01 6.273541e-05 2.587269e-02 2.820006e+01 -5.712575e-05 1.000000e+00 -2.174694e-04 4.645818e-01 -2.587280e-02 2.159203e-04 9.996652e-01 -5.782008e+01
9.999716e-01 2.075941e-04 -7.522188e-03 2.824203e+01 -2.084758e-04 1.000000e+00 -1.167185e-04 4.709953e-01 7.522067e-03 1.182851e-04 9.999717e-01 -5.811791e+01
9.997395e-01 6.849438e-05 2.281940e-02 2.812095e+01 -6.529067e-05 1.000000e+00 -1.410443e-04 4.869330e-01 -2.281951e-02 1.395193e-04 9.997396e-01 -5.865105e+01
9.999606e-01 1.737486e-04 -8.865530e-03 2.801632e+01 -1.746429e-04 1.000000e+00 -1.003289e-04 5.012608e-01 8.865415e-03 1.018749e-04 9.999607e-01 -5.913700e+01
9.998347e-01 1.120997e-05 1.818011e-02 2.793075e+01 -9.823992e-06 1.000000e+00 -7.621033e-05 5.141448e-01 -1.818021e-02 7.602076e-05 9.998347e-01 -5.959814e+01
9.999620e-01 1.757769e-04 -8.707817e-03 2.788376e+01 -1.765954e-04 1.000000e+00 -9.346986e-05 5.246061e-01 8.707702e-03 9.500571e-05 9.999620e-01 -6.000005e+01
9.994789e-01 8.445221e-05 3.227680e-02 2.789905e+01 -7.492293e-05 1.000000e+00 -2.963826e-04 5.302316e-01 -3.227692e-02 2.938115e-04 9.994789e-01 -6.021093e+01
9.999870e-01 2.095145e-04 -5.077895e-03 2.790304e+01 -2.102878e-04 1.000000e+00 -1.521413e-04 5.369532e-01 5.077764e-03 1.532087e-04 9.999871e-01 -6.044512e+01
9.997374e-01 5.441067e-05 2.291379e-02 2.784877e+01 -5.127822e-05 1.000000e+00 -1.372104e-04 5.480175e-01 -2.291389e-02 1.360010e-04 9.997374e-01 -6.083786e+01
9.999941e-01 2.101924e-04 -3.424989e-03 2.781174e+01 -2.108698e-04 1.000000e+00 -1.979698e-04 5.581172e-01 3.424848e-03 1.986925e-04 9.999941e-01 -6.120065e+01
9.997539e-01 8.676418e-05 2.218330e-02 2.770774e+01 -8.434659e-05 1.000000e+00 -1.098363e-04 5.724632e-01 -2.218341e-02 1.079397e-04 9.997539e-01 -6.167549e+01
9.999380e-01 6.130645e-05 -1.112903e-02 2.752812e+01 -6.189484e-05 1.000000e+00 -5.268363e-05 5.864058e-01 1.112893e-02 5.337080e-05 9.999380e-01 -6.205473e+01
9.997814e-01 1.012288e-04 2.090768e-02 2.724517e+01 -9.919830e-05 1.000000e+00 -9.807073e-05 6.063458e-01 -2.090779e-02 9.597685e-05 9.997814e-01 -6.257499e+01
9.999977e-01 2.155474e-04 2.096337e-03 2.704529e+01 -2.150358e-04 9.999999e-01 -2.434542e-04 6.249962e-01 -2.096489e-03 2.430044e-04 9.999977e-01 -6.310643e+01
9.996749e-01 1.174628e-04 2.549414e-02 2.691798e+01 -1.128435e-04 1.000000e+00 -1.825657e-04 6.392213e-01 -2.549426e-02 1.796310e-04 9.996749e-01 -6.351421e+01
9.998966e-01 8.348508e-05 -1.437476e-02 2.674080e+01 -8.331045e-05 1.000000e+00 1.263600e-05 6.557351e-01 1.437466e-02 -1.143557e-05 9.998966e-01 -6.401582e+01
9.997832e-01 -3.959703e-05 2.081733e-02 2.670228e+01 4.239301e-05 1.000000e+00 -1.337917e-04 6.604977e-01 -2.081743e-02 1.346467e-04 9.997832e-01 -6.416515e+01
9.998935e-01 9.822343e-05 -1.459181e-02 2.658042e+01 -9.821746e-05 1.000000e+00 1.018720e-06 6.717318e-01 1.459171e-02 4.161062e-07 9.998935e-01 -6.449433e+01
9.999064e-01 -1.265544e-04 1.367719e-02 2.643257e+01 1.273381e-04 1.000000e+00 -5.631051e-05 6.843159e-01 -1.367728e-02 5.804840e-05 9.999064e-01 -6.487563e+01
9.999894e-01 1.503073e-04 -4.588939e-03 2.639465e+01 -1.508704e-04 1.000000e+00 -1.227170e-04 6.870996e-01 4.588821e-03 1.234096e-04 9.999894e-01 -6.491734e+01
9.999912e-01 -1.799680e-04 4.168648e-03 2.634453e+01 1.795960e-04 1.000000e+00 8.999700e-05 6.870099e-01 -4.168764e-03 -8.924600e-05 9.999913e-01 -6.485398e+01
9.999767e-01 1.497541e-04 -6.810911e-03 2.624984e+01 -1.504399e-04 1.000000e+00 -1.003967e-04 6.868569e-01 6.810796e-03 1.014206e-04 9.999768e-01 -6.474065e+01
9.999831e-01 -2.008617e-04 5.794758e-03 2.612100e+01 2.005957e-04 1.000000e+00 4.675647e-05 6.971955e-01 -5.794867e-03 -4.559174e-05 9.999832e-01 -6.505370e+01
9.999830e-01 1.697615e-04 -5.815891e-03 2.603370e+01 -1.703157e-04 1.000000e+00 -9.505845e-05 7.060708e-01 5.815775e-03 9.604891e-05 9.999830e-01 -6.534853e+01
9.999857e-01 -2.108833e-04 5.333802e-03 2.602153e+01 2.106840e-04 1.000000e+00 3.822836e-05 7.088623e-01 -5.333910e-03 -3.710253e-05 9.999857e-01 -6.546555e+01
9.999823e-01 1.655059e-04 -5.933509e-03 2.611826e+01 -1.661320e-04 1.000000e+00 -1.053022e-04 7.057188e-01 5.933392e-03 1.062876e-04 9.999823e-01 -6.545909e+01
9.999860e-01 -1.936043e-04 5.278429e-03 2.612312e+01 1.933393e-04 1.000000e+00 5.101428e-05 7.066346e-01 -5.278539e-03 -4.999151e-05 9.999860e-01 -6.551539e+01
9.999896e-01 1.979253e-04 -4.544743e-03 2.606056e+01 -1.984146e-04 1.000000e+00 -1.075613e-04 7.138313e-01 4.544622e-03 1.084635e-04 9.999896e-01 -6.576744e+01
9.999764e-01 -1.642635e-04 6.864221e-03 2.603336e+01 1.640677e-04 1.000000e+00 2.930526e-05 7.191925e-01 -6.864325e-03 -2.817685e-05 9.999764e-01 -6.597670e+01
9.999785e-01 1.489485e-04 -6.548199e-03 2.595653e+01 -1.495126e-04 1.000000e+00 -8.589158e-05 7.279441e-01 6.548087e-03 8.687030e-05 9.999785e-01 -6.628034e+01
9.999732e-01 -1.652806e-04 7.310545e-03 2.592060e+01 1.650793e-04 1.000000e+00 2.833899e-05 7.305846e-01 -7.310650e-03 -2.712989e-05 9.999732e-01 -6.636117e+01
9.999806e-01 1.687939e-04 -6.220636e-03 2.595971e+01 -1.694551e-04 1.000000e+00 -1.060053e-04 7.311117e-01 6.220518e-03 1.070588e-04 9.999806e-01 -6.644034e+01
9.999728e-01 -1.615855e-04 7.367335e-03 2.596198e+01 1.613495e-04 1.000000e+00 3.283781e-05 7.350127e-01 -7.367440e-03 -3.164669e-05 9.999728e-01 -6.662495e+01
9.999796e-01 1.912391e-04 -6.380521e-03 2.588884e+01 -1.919003e-04 1.000000e+00 -1.032536e-04 7.453287e-01 6.380401e-03 1.044775e-04 9.999796e-01 -6.700404e+01
9.999757e-01 -1.497965e-04 6.958847e-03 2.581708e+01 1.496413e-04 1.000000e+00 2.305199e-05 7.574741e-01 -6.958951e-03 -2.200860e-05 9.999757e-01 -6.746807e+01
9.999832e-01 2.450358e-04 -5.778187e-03 2.560843e+01 -2.455448e-04 1.000000e+00 -8.764245e-05 7.778438e-01 5.778065e-03 8.906128e-05 9.999833e-01 -6.813343e+01
9.999752e-01 -1.489531e-04 7.033226e-03 2.542188e+01 1.487986e-04 1.000000e+00 2.271764e-05 7.966764e-01 -7.033330e-03 -2.166905e-05 9.999752e-01 -6.875692e+01
9.999763e-01 2.263151e-04 -6.870785e-03 2.511284e+01 -2.269202e-04 1.000000e+00 -8.751068e-05 8.207256e-01 6.870665e-03 8.906920e-05 9.999763e-01 -6.946504e+01
9.999841e-01 -1.507085e-04 5.621189e-03 2.471703e+01 1.504777e-04 1.000000e+00 4.175194e-05 8.481476e-01 -5.621296e-03 -4.090394e-05 9.999841e-01 -7.022443e+01
9.999791e-01 1.696404e-04 -6.462179e-03 2.446328e+01 -1.702405e-04 1.000000e+00 -9.255108e-05 8.660663e-01 6.462063e-03 9.365074e-05 9.999791e-01 -7.072790e+01
