9.993492e-01 -5.848408e-04 3.606841e-02 5.733959e-02 6.030500e-04 9.999997e-01 -4.939738e-04 -4.634640e-03 -3.606810e-02 5.154037e-04 9.993491e-01 7.484755e-02
9.999999e-01 2.103010e-05 -5.026275e-04 1.167455e-01 -2.104267e-05 1.000000e+00 -2.499782e-05 -9.164234e-03 5.026342e-04 2.500877e-05 9.999998e-01 1.484088e-01
9.990769e-01 -7.035926e-04 4.295192e-02 1.751739e-01 7.274626e-04 9.999996e-01 -5.401090e-04 -1.330126e-02 -4.295151e-02 5.708567e-04 9.990769e-01 2.115718e-01
9.999973e-01 3.795841e-05 -2.331691e-03 2.354719e-01 -3.795468e-05 1.000000e+00 1.644001e-06 -1.755450e-02 2.331707e-03 -1.555245e-06 9.999972e-01 2.772961e-01
9.992179e-01 -6.475865e-04 3.953810e-02 2.978357e-01 6.691255e-04 9.999996e-01 -5.315361e-04 -2.180873e-02 -3.953772e-02 5.575765e-04 9.992178e-01 3.443929e-01
9.999972e-01 2.459889e-05 -2.380720e-03 3.595782e-01 -2.457877e-05 1.000000e+00 8.479390e-06 -2.605779e-02 2.380743e-03 -8.420717e-06 9.999971e-01 4.115777e-01
9.991995e-01 -6.386972e-04 3.999913e-02 4.217675e-01 6.610092e-04 9.999996e-01 -5.445913e-04 -3.024090e-02 -3.999874e-02 5.705952e-04 9.991995e-01 4.774593e-01
9.999666e-01 9.914610e-05 -8.174283e-03 4.807968e-01 -9.829556e-05 1.000000e+00 1.044496e-04 -3.475179e-02 8.174323e-03 -1.036426e-04 9.999665e-01 5.503981e-01
9.996716e-01 -3.773217e-04 2.562326e-02 5.367820e-01 3.888594e-04 9.999998e-01 -4.453014e-04 -3.965298e-02 -2.562306e-02 4.551190e-04 9.996715e-01 6.320712e-01
9.999977e-01 2.670245e-05 -2.122786e-03 5.972157e-01 -2.671622e-05 1.000000e+00 -6.468928e-06 -4.422032e-02 2.122819e-03 6.525558e-06 9.999976e-01 7.101428e-01
9.995286e-01 -5.002641e-04 3.069741e-02 6.578578e-01 5.141800e-04 9.999998e-01 -4.454302e-04 -4.880212e-02 -3.069714e-02 4.610041e-04 9.995285e-01 7.868116e-01
9.999605e-01 1.002867e-04 -8.891736e-03 7.189743e-01 -9.966764e-05 1.000000e+00 7.005841e-05 -5.363221e-02 8.891781e-03 -6.916958e-05 9.999604e-01 8.697115e-01
9.992332e-01 -5.888886e-04 3.914887e-02 7.810002e-01 6.118522e-04 9.999996e-01 -5.745910e-04 -5.789938e-02 -3.914848e-02 5.981035e-04 9.992331e-01 9.410023e-01
9.999973e-01 -2.092123e-05 -2.330017e-03 8.442246e-01 2.098165e-05 1.000000e+00 2.586899e-05 -6.207916e-02 2.330061e-03 -2.591810e-05 9.999972e-01 1.008008e+00
9.992707e-01 -5.925238e-04 3.818056e-02 9.068701e-01 6.127255e-04 9.999997e-01 -5.174092e-04 -6.657277e-02 -3.818020e-02 5.404257e-04 9.992706e-01 1.081628e+00
9.999626e-01 7.689824e-05 -8.650833e-03 9.671510e-01 -7.615202e-05 1.000000e+00 8.657486e-05 -7.116980e-02 8.650890e-03 -8.591324e-05 9.999625e-01 1.158417e+00
9.992277e-01 -5.676164e-04 3.929040e-02 1.027003e+00 5.908748e-04 9.999997e-01 -5.803489e-04 -7.542829e-02 -3.929001e-02 6.031159e-04 9.992276e-01 1.228560e+00
9.999465e-01 7.425176e-05 -1.033980e-02 1.084899e+00 -7.268732e-05 1.000000e+00 1.516616e-04 -7.985794e-02 1.033987e-02 -1.509024e-04 9.999464e-01 1.300202e+00
9.994172e-01 -4.947937e-04 3.413244e-02 1.141307e+00 5.141954e-04 9.999997e-01 -5.596443e-04 -8.411228e-02 -3.413210e-02 5.768683e-04 9.994171e-01 1.368422e+00
9.999200e-01 1.665661e-04 -1.264579e-02 1.196382e+00 -1.651080e-04 1.000000e+00 1.163297e-04 -8.835141e-02 1.264587e-02 -1.142331e-04 9.999199e-01 1.438469e+00
9.993928e-01 -5.356754e-04 3.483791e-02 1.250757e+00 5.541959e-04 9.999997e-01 -5.219589e-04 -9.271303e-02 -3.483756e-02 5.409483e-04 9.993928e-01 1.508151e+00
9.995253e-01 5.088708e-04 -3.080310e-02 1.312387e+00 -4.958994e-04 9.999998e-01 4.287358e-04 -9.803843e-02 3.080337e-02 -4.132577e-04 9.995253e-01 1.598510e+00
9.999785e-01 2.555987e-04 6.550789e-03 1.380625e+00 -2.578202e-04 9.999999e-01 3.383173e-04 -1.029556e-01 -6.550643e-03 -3.399996e-04 9.999784e-01 1.645454e+00
9.995920e-01 2.886866e-04 -2.856061e-02 1.428511e+00 -2.823512e-04 9.999999e-01 2.258495e-04 -1.070018e-01 2.856073e-02 -2.176937e-04 9.995919e-01 1.655748e+00
9.996051e-01 -3.449759e-04 2.809748e-02 1.507843e+00 3.494852e-04 9.999999e-01 -1.555687e-04 -1.140964e-01 -2.809737e-02 1.653265e-04 9.996051e-01 1.791625e+00
9.999972e-01 -3.245407e-04 -2.347348e-03 1.677433e+00 3.247628e-04 9.999999e-01 9.414344e-05 -1.243942e-01 2.347376e-03 -9.490605e-05 9.999972e-01 1.998876e+00
9.996878e-01 -3.305149e-04 2.498392e-02 1.843134e+00 3.332952e-04 9.999999e-01 -1.071129e-04 -1.345677e-01 -2.498382e-02 1.154060e-04 9.996878e-01 2.201148e+00
9.999770e-01 -1.641595e-04 -6.783223e-03 2.006407e+00 1.643115e-04 1.000000e+00 2.182073e-05 -1.439525e-01 6.783282e-03 -2.293536e-05 9.999769e-01 2.379360e+00
9.997373e-01 -3.096950e-04 2.291596e-02 2.163517e+00 3.117033e-04 9.999999e-01 -8.405701e-05 -1.530416e-01 -2.291587e-02 9.117730e-05 9.997373e-01 2.551456e+00
9.999662e-01 -1.415118e-04 -8.216416e-03 2.354957e+00 1.419812e-04 1.000000e+00 5.651924e-05 -1.629529e-01 8.216472e-03 -5.768452e-05 9.999662e-01 2.731117e+00
9.993854e-01 -6.358301e-04 3.504727e-02 2.570840e+00 6.389838e-04 9.999998e-01 -7.877539e-05 -1.742341e-01 -3.504715e-02 1.011210e-04 9.993856e-01 2.948417e+00
9.999486e-01 -8.199144e-05 -1.014133e-02 2.754063e+00 8.229438e-05 1.000000e+00 2.942690e-05 -1.847271e-01 1.014140e-02 -3.026062e-05 9.999485e-01 3.156755e+00
9.998798e-01 -2.664659e-05 1.550503e-02 2.834264e+00 3.273938e-05 9.999999e-01 -3.926837e-04 -1.895536e-01 -1.550495e-02 3.931434e-04 9.998796e-01 3.243995e+00
9.997912e-01 1.863007e-04 -2.043368e-02 2.798314e+00 -1.760460e-04 9.999999e-01 5.036348e-04 -1.887774e-01 2.043384e-02 -4.999330e-04 9.997910e-01 3.169062e+00
9.998860e-01 2.737361e-06 1.509870e-02 2.763471e+00 2.514403e-06 9.999999e-01 -3.477925e-04 -1.883047e-01 -1.509863e-02 3.477902e-04 9.998859e-01 3.095763e+00
9.996030e-01 3.519220e-04 -2.817364e-02 2.765803e+00 -3.353138e-04 9.999998e-01 5.942054e-04 -1.900512e-01 2.817391e-02 -5.845231e-04 9.996028e-01 3.067554e+00
9.999589e-01 1.356609e-04 9.067335e-03 2.801705e+00 -1.344330e-04 1.000000e+00 -1.360063e-04 -1.936918e-01 -9.067287e-03 1.347812e-04 9.999588e-01 3.072621e+00
9.997767e-01 1.391535e-04 -2.113245e-02 2.805897e+00 -1.341964e-04 1.000000e+00 2.359813e-04 -1.954938e-01 2.113255e-02 -2.330933e-04 9.997766e-01 3.047805e+00
9.999081e-01 7.370354e-05 1.355746e-02 2.780395e+00 -7.201942e-05 1.000000e+00 -1.246936e-04 -1.952313e-01 -1.355741e-02 1.237052e-04 9.999080e-01 2.977653e+00
9.997962e-01 1.279918e-04 -2.018913e-02 2.753284e+00 -1.226745e-04 1.000000e+00 2.645998e-04 -1.949149e-01 2.018923e-02 -2.620697e-04 9.997961e-01 2.904917e+00
9.999119e-01 6.330707e-05 1.327254e-02 2.704526e+00 -6.129673e-05 1.000000e+00 -1.518587e-04 -1.933134e-01 -1.327249e-02 1.510312e-04 9.999118e-01 2.805639e+00
9.998157e-01 1.227946e-04 -1.919613e-02 2.629125e+00 -1.170935e-04 9.999999e-01 2.981059e-04 -1.898247e-01 1.919623e-02 -2.958037e-04 9.998156e-01 2.659736e+00
9.999692e-01 2.665729e-04 7.841280e-03 2.487734e+00 -2.656196e-04 1.000000e+00 -1.225897e-04 -1.808815e-01 -7.841250e-03 1.205027e-04 9.999692e-01 2.349028e+00
9.998136e-01 8.556512e-05 -1.930764e-02 2.343373e+00 -7.591803e-05 9.999999e-01 5.003743e-04 -1.703466e-01 1.930774e-02 -4.988156e-04 9.998134e-01 1.971194e+00
9.999714e-01 2.665557e-04 7.562744e-03 2.216173e+00 -2.648292e-04 9.999999e-01 -2.292697e-04 -1.615703e-01 -7.562744e-03 2.272599e-04 9.999713e-01 1.653053e+00
9.998900e-01 -5.324916e-05 -1.483356e-02 2.180792e+00 5.860015e-05 9.999999e-01 3.602901e-04 -1.607670e-01 1.483360e-02 -3.611201e-04 9.998898e-01 1.570300e+00
9.999986e-01 3.740066e-04 1.620118e-03 2.156220e+00 -3.736799e-04 9.999999e-01 -2.018421e-04 -1.602707e-01 -1.620135e-03 2.012361e-04 9.999986e-01 1.474883e+00
9.998913e-01 -7.418063e-05 -1.474008e-02 2.132043e+00 7.952388e-05 9.999999e-01 3.619031e-04 -1.598377e-01 1.474011e-02 -3.630363e-04 9.998912e-01 1.379272e+00
9.999980e-01 3.710873e-04 1.950005e-03 2.102683e+00 -3.706766e-04 9.999999e-01 -2.109057e-04 -1.592990e-01 -1.950026e-03 2.101822e-04 9.999980e-01 1.284255e+00
9.998695e-01 -3.853974e-05 -1.615242e-02 2.070252e+00 4.495742e-05 9.999999e-01 3.969497e-04 -1.581991e-01 1.615246e-02 -3.976244e-04 9.998694e-01 1.166716e+00
9.999995e-01 4.478734e-04 -8.434933e-04 2.037655e+00 -4.479969e-04 9.999999e-01 -1.463739e-04 -1.565645e-01 8.434815e-04 1.467514e-04 9.999995e-01 1.022332e+00
9.999441e-01 -6.392754e-04 1.055077e-02 2.044339e+00 6.406752e-04 9.999998e-01 -1.292814e-04 -1.562962e-01 -1.055064e-02 1.360335e-04 9.999442e-01 9.466369e-01
9.986264e-01 -3.806823e-04 5.239514e-02 2.077296e+00 4.349556e-04 9.999994e-01 -1.024446e-03 -1.559132e-01 -5.239466e-02 1.045828e-03 9.986258e-01 9.017693e-01
9.996661e-01 -1.315626e-04 -2.583930e-02 2.049327e+00 1.425999e-04 9.999999e-01 4.253019e-04 -1.530231e-01 2.583931e-02 -4.288451e-04 9.996659e-01 7.686504e-01
9.998968e-01 5.039747e-04 1.435504e-02 1.938355e+00 -5.014284e-04 9.999999e-01 -1.809641e-04 -1.458626e-01 -1.435507e-02 1.737470e-04 9.998969e-01 4.978721e-01
9.992891e-01 1.191376e-04 -3.769934e-02 1.842395e+00 -9.879647e-05 9.999998e-01 5.414187e-04 -1.386633e-01 3.769946e-02 -5.373097e-04 9.992889e-01 1.755976e-01
9.998563e-01 4.268362e-04 1.694618e-02 1.748341e+00 -4.246130e-04 9.999999e-01 -1.347862e-04 -1.318992e-01 -1.694618e-02 1.275709e-04 9.998563e-01 -1.257352e-01
9.996073e-01 -1.585512e-04 -2.802268e-02 1.726161e+00 1.674342e-04 9.999999e-01 3.146447e-04 -1.316637e-01 2.802268e-02 -3.192134e-04 9.996071e-01 -2.091991e-01
9.999529e-01 6.717421e-04 9.681121e-03 1.732923e+00 -6.730831e-04 9.999998e-01 1.352685e-04 -1.334576e-01 -9.680973e-03 -1.417785e-04 9.999530e-01 -2.511732e-01
9.995509e-01 -1.522465e-04 -2.996516e-02 1.768757e+00 1.624577e-04 9.999999e-01 3.383311e-04 -1.366420e-01 2.996516e-02 -3.430475e-04 9.995508e-01 -2.642554e-01
9.992619e-01 -7.510270e-06 3.841459e-02 1.806088e+00 3.256524e-05 9.999998e-01 -6.515979e-04 -1.391142e-01 -3.841452e-02 6.523677e-04 9.992616e-01 -2.533869e-01
9.996558e-01 -2.346281e-04 -2.623425e-02 1.776357e+00 2.418292e-04 9.999999e-01 2.713143e-04 -1.373479e-01 2.623424e-02 -2.775654e-04 9.996557e-01 -3.510588e-01
9.992181e-01 2.778619e-05 3.953623e-02 1.758375e+00 2.602008e-06 9.999997e-01 -7.685626e-04 -1.361003e-01 -3.953618e-02 7.680642e-04 9.992178e-01 -4.316560e-01
9.994276e-01 2.531807e-05 -3.383107e-02 1.701854e+00 -7.426594e-06 9.999999e-01 5.289685e-04 -1.329346e-01 3.383114e-02 -5.284148e-04 9.994273e-01 -5.821508e-01
9.997169e-01 3.514551e-04 2.379071e-02 1.554960e+00 -3.427655e-04 9.999999e-01 -3.693241e-04 -1.236841e-01 -2.379078e-02 3.610646e-04 9.997168e-01 -8.945659e-01
9.995891e-01 -2.032166e-04 -2.866214e-02 1.442530e+00 2.245745e-04 9.999997e-01 7.419394e-04 -1.160432e-01 2.866204e-02 -7.480716e-04 9.995888e-01 -1.178562e+00
9.995690e-01 3.316589e-04 2.935301e-02 1.358734e+00 -3.099576e-04 9.999997e-01 -7.438655e-04 -1.113038e-01 -2.935319e-02 7.344465e-04 9.995687e-01 -1.374757e+00
9.993725e-01 -7.844851e-05 -3.542097e-02 1.299151e+00 1.128857e-04 9.999995e-01 9.702246e-04 -1.078943e-01 3.542093e-02 -9.736146e-04 9.993719e-01 -1.550504e+00
9.997862e-01 5.637996e-04 2.066944e-02 1.155481e+00 -5.508332e-04 9.999996e-01 -6.330055e-04 -9.770580e-02 -2.066973e-02 6.214845e-04 9.997861e-01 -1.917762e+00
9.995314e-01 -2.090773e-04 -3.060880e-02 1.040478e+00 2.322530e-04 9.999997e-01 7.535991e-04 -9.055253e-02 3.060868e-02 -7.603552e-04 9.995311e-01 -2.176169e+00
9.996831e-01 3.868005e-04 2.517035e-02 9.441003e-01 -3.756086e-04 9.999998e-01 -4.493674e-04 -8.424386e-02 -2.517047e-02 4.397706e-04 9.996830e-01 -2.418826e+00
9.996607e-01 -2.615566e-04 -2.604593e-02 9.081157e-01 2.741699e-04 9.999998e-01 4.806981e-04 -8.321778e-02 2.604585e-02 -4.876762e-04 9.996605e-01 -2.506839e+00
9.997217e-01 4.060120e-04 2.358656e-02 8.714877e-01 -3.966000e-04 9.999998e-01 -4.037158e-04 -8.229485e-02 -2.358667e-02 3.942489e-04 9.997216e-01 -2.583920e+00
9.996044e-01 -2.201220e-04 -2.812585e-02 8.256118e-01 2.340347e-04 9.999999e-01 4.913660e-04 -8.058475e-02 2.812579e-02 -4.977542e-04 9.996042e-01 -2.683911e+00
9.996742e-01 3.540883e-04 2.552130e-02 7.836456e-01 -3.442144e-04 9.999999e-01 -3.912813e-04 -7.913471e-02 -2.552139e-02 3.823689e-04 9.996741e-01 -2.774711e+00
9.996664e-01 -2.550728e-04 -2.582618e-02 7.193556e-01 2.659015e-04 9.999999e-01 4.158560e-04 -7.609324e-02 2.582613e-02 -4.225846e-04 9.996663e-01 -2.909440e+00
9.997178e-01 4.131330e-04 2.375349e-02 6.546995e-01 -4.065741e-04 9.999999e-01 -2.809475e-04 -7.298123e-02 -2.375355e-02 2.712105e-04 9.997177e-01 -3.056291e+00
9.996373e-01 -2.656304e-04 -2.693004e-02 6.125683e-01 2.753072e-04 9.999999e-01 3.556207e-04 -7.179697e-02 2.693000e-02 -3.629059e-04 9.996372e-01 -3.137314e+00
9.997417e-01 4.474708e-04 2.272191e-02 5.572355e-01 -4.411420e-04 9.999999e-01 -2.835424e-04 -6.963377e-02 -2.272198e-02 2.734455e-04 9.997417e-01 -3.244766e+00
9.996590e-01 -2.943083e-04 -2.611033e-02 5.077904e-01 3.037101e-04 9.999999e-01 3.561129e-04 -6.788679e-02 2.611027e-02 -3.639215e-04 9.996589e-01 -3.340534e+00
9.998052e-01 5.276263e-04 1.973174e-02 4.382653e-01 -5.224493e-04 9.999998e-01 -2.675171e-04 -6.456027e-02 -1.973183e-02 2.571561e-04 9.998052e-01 -3.484392e+00
9.996572e-01 -3.142890e-04 -2.618036e-02 3.847814e-01 3.250743e-04 9.999999e-01 4.077074e-04 -6.222017e-02 2.618028e-02 -4.160782e-04 9.996571e-01 -3.606938e+00
9.997914e-01 5.066394e-04 2.041895e-02 3.475780e-01 -4.996044e-04 9.999998e-01 -3.496352e-04 -6.108037e-02 -2.041907e-02 3.393609e-04 9.997914e-01 -3.691605e+00
9.996927e-01 -3.349186e-04 -2.478554e-02 2.983488e-01 3.458233e-04 9.999998e-01 4.356770e-04 -5.924436e-02 2.478543e-02 -4.441145e-04 9.996926e-01 -3.791824e+00
9.998504e-01 5.727547e-04 1.728804e-02 2.456611e-01 -5.672908e-04 9.999998e-01 -3.209538e-04 -5.709394e-02 -1.728817e-02 3.110984e-04 9.998504e-01 -3.910329e+00
9.996770e-01 -3.446183e-04 -2.541194e-02 2.017124e-01 3.556164e-04 9.999998e-01 4.282771e-04 -5.517829e-02 2.541184e-02 -4.371757e-04 9.996769e-01 -4.024608e+00
9.998084e-01 5.485669e-04 1.956793e-02 1.405671e-01 -5.420766e-04 9.999998e-01 -3.369856e-04 -5.230259e-02 -1.956807e-02 3.263138e-04 9.998084e-01 -4.155708e+00
9.996142e-01 -2.671148e-04 -2.777397e-02 5.193369e-02 2.798820e-04 9.999999e-01 4.557952e-04 -4.745315e-02 2.777389e-02 -4.633927e-04 9.996140e-01 -4.345181e+00
9.997998e-01 4.903165e-04 2.000179e-02 -1.548304e-02 -4.842902e-04 9.999998e-01 -3.061339e-04 -4.373016e-02 -2.000189e-02 2.963860e-04 9.997998e-01 -4.508755e+00
9.997190e-01 -3.236632e-04 -2.370365e-02 -7.028755e-02 3.330476e-04 9.999999e-01 3.919596e-04 -4.175515e-02 2.370356e-02 -3.997438e-04 9.997189e-01 -4.611343e+00
9.997903e-01 4.682849e-04 2.047122e-02 -1.126360e-01 -4.619829e-04 9.999998e-01 -3.125734e-04 -4.063449e-02 -2.047132e-02 3.030506e-04 9.997903e-01 -4.690201e+00
9.996357e-01 -2.592643e-04 -2.698885e-02 -1.425758e-01 2.704599e-04 9.999999e-01 4.111725e-04 -4.017942e-02 2.698879e-02 -4.183219e-04 9.996356e-01 -4.761670e+00
9.997763e-01 4.481108e-04 2.114648e-02 -1.776159e-01 -4.417341e-04 9.999999e-01 -3.062209e-04 -3.925726e-02 -2.114657e-02 2.968114e-04 9.997762e-01 -4.843208e+00
9.995607e-01 -2.056180e-04 -2.963842e-02 -2.072406e-01 2.176662e-04 9.999999e-01 4.032793e-04 -3.860717e-02 2.963837e-02 -4.095533e-04 9.995605e-01 -4.925618e+00
9.997282e-01 3.991540e-04 2.330864e-02 -2.482891e-01 -3.926976e-04 9.999999e-01 -2.815741e-04 -3.713645e-02 -2.330870e-02 2.723445e-04 9.997282e-01 -5.023553e+00
9.995506e-01 -1.873938e-04 -2.997733e-02 -2.932410e-01 1.994636e-04 9.999999e-01 3.996420e-04 -3.544712e-02 2.997730e-02 -4.054416e-04 9.995504e-01 -5.128992e+00
9.995859e-01 2.588103e-04 2.877565e-02 -3.087737e-01 -2.493775e-04 9.999999e-01 -3.313930e-04 -3.595881e-02 -2.877570e-02 3.240800e-04 9.995857e-01 -5.167401e+00
9.996893e-01 -3.255049e-04 -2.492168e-02 -3.135397e-01 3.280583e-04 9.999999e-01 9.836815e-05 -3.697990e-02 2.492169e-02 -1.065132e-04 9.996893e-01 -5.180914e+00
9.997372e-01 4.355519e-04 2.291974e-02 -3.482181e-01 -4.351079e-04 9.999999e-01 -2.435909e-05 -3.639616e-02 -2.291971e-02 1.438031e-05 9.997372e-01 -5.246384e+00
9.996562e-01 -2.965402e-04 -2.621633e-02 -3.643835e-01 2.985000e-04 1.000000e+00 7.084291e-05 -3.735415e-02 2.621635e-02 -7.864395e-05 9.996562e-01 -5.269174e+00
9.997626e-01 4.255659e-04 2.178361e-02 -3.486185e-01 -4.243999e-04 9.999999e-01 -5.815160e-05 -3.996129e-02 -2.178359e-02 4.889304e-05 9.997626e-01 -5.252054e+00
9.998610e-01 -4.996851e-04 -1.666709e-02 -3.138566e-01 4.950620e-04 9.999998e-01 -2.815026e-04 -4.348849e-02 1.666727e-02 2.732124e-04 9.998610e-01 -5.195550e+00
9.997328e-01 3.712654e-04 2.311030e-02 -2.904225e-01 -3.720372e-04 9.999999e-01 2.909963e-05 -4.645995e-02 -2.311024e-02 -3.768960e-05 9.997328e-01 -5.151462e+00
9.997969e-01 -4.067558e-04 -2.014848e-02 -2.840215e-01 4.014362e-04 9.999999e-01 -2.680624e-04 -4.859169e-02 2.014863e-02 2.599198e-04 9.997969e-01 -5.130037e+00
9.997455e-01 3.809377e-04 2.255543e-02 -2.541339e-01 -3.816227e-04 9.999999e-01 2.606195e-05 -5.196756e-02 -2.255538e-02 -3.466289e-05 9.997455e-01 -5.077261e+00
9.998420e-01 -4.746752e-04 -1.776824e-02 -2.037229e-01 4.692863e-04 9.999998e-01 -3.074566e-04 -5.659236e-02 1.776842e-02 2.990697e-04 9.998420e-01 -4.991010e+00
9.997795e-01 4.244528e-04 2.099642e-02 -1.757542e-01 -4.258725e-04 9.999999e-01 6.314270e-05 -5.990054e-02 -2.099634e-02 -7.207052e-05 9.997795e-01 -4.937296e+00
9.997457e-01 -3.187748e-04 -2.254816e-02 -1.851358e-01 3.163828e-04 9.999999e-01 -1.096510e-04 -6.143323e-02 2.254824e-02 1.024893e-04 9.997457e-01 -4.932637e+00
9.997746e-01 3.908436e-04 2.122648e-02 -1.797243e-01 -3.924262e-04 9.999999e-01 7.039259e-05 -6.384738e-02 -2.122641e-02 -7.870651e-05 9.997746e-01 -4.906760e+00
9.998120e-01 -3.973775e-04 -1.938690e-02 -1.503893e-01 3.912617e-04 9.999999e-01 -3.192578e-04 -6.738706e-02 1.938707e-02 3.116124e-04 9.998119e-01 -4.844693e+00
9.998010e-01 4.069109e-04 1.994423e-02 -1.060133e-01 -4.090879e-04 9.999999e-01 1.050778e-04 -7.145757e-02 -1.994414e-02 -1.132159e-04 9.998010e-01 -4.771299e+00
9.997416e-01 -2.748426e-04 -2.272796e-02 -1.111736e-01 2.718862e-04 1.000000e+00 -1.331667e-04 -7.277851e-02 2.272804e-02 1.269528e-04 9.997416e-01 -4.778345e+00
9.997820e-01 3.729418e-04 2.087648e-02 -1.255167e-01 -3.755825e-04 9.999999e-01 1.225694e-04 -7.377505e-02 -2.087639e-02 -1.303835e-04 9.997820e-01 -4.791001e+00
9.997494e-01 -2.776902e-04 -2.238348e-02 -1.242883e-01 2.736472e-04 9.999999e-01 -1.836874e-04 -7.597507e-02 2.238357e-02 1.775162e-04 9.997493e-01 -4.767759e+00
9.998009e-01 3.676720e-04 1.995132e-02 -1.035872e-01 -3.705445e-04 9.999999e-01 1.402776e-04 -7.919352e-02 -1.995122e-02 -1.476425e-04 9.998008e-01 -4.725534e+00
9.997083e-01 -2.466244e-04 -2.414887e-02 -8.341204e-02 2.432975e-04 1.000000e+00 -1.407080e-04 -8.224029e-02 2.414894e-02 1.347916e-04 9.997083e-01 -4.694538e+00
9.998188e-01 3.768673e-04 1.903123e-02 -5.554996e-02 -3.804721e-04 9.999999e-01 1.857957e-04 -8.541618e-02 -1.903111e-02 -1.930029e-04 9.998188e-01 -4.664584e+00
9.997172e-01 -2.520530e-04 -2.378066e-02 -4.361283e-02 2.475116e-04 1.000000e+00 -1.939139e-04 -8.766978e-02 2.378075e-02 1.879731e-04 9.997171e-01 -4.656172e+00
9.998384e-01 4.166371e-04 1.797002e-02 -4.443846e-02 -4.209168e-04 9.999999e-01 2.343763e-04 -8.914644e-02 -1.796988e-02 -2.419023e-04 9.998384e-01 -4.671706e+00
9.995609e-01 -1.359822e-04 -2.963115e-02 -5.691746e-02 1.312959e-04 1.000000e+00 -1.601006e-04 -8.926396e-02 2.963121e-02 1.561399e-04 9.995608e-01 -4.744675e+00
9.997159e-01 2.710694e-04 2.383319e-02 -6.518607e-02 -2.765577e-04 9.999999e-01 2.269827e-04 -8.973072e-02 -2.383309e-02 -2.335095e-04 9.997158e-01 -4.787553e+00
9.996168e-01 -1.337034e-04 -2.768164e-02 -7.755385e-02 1.275461e-04 1.000000e+00 -2.241977e-04 -9.063862e-02 2.768171e-02 2.205811e-04 9.996167e-01 -4.808412e+00
9.996979e-01 2.450656e-04 2.457577e-02 -1.128809e-01 -2.521785e-04 9.999999e-01 2.863312e-04 -9.020843e-02 -2.457566e-02 -2.924421e-04 9.996978e-01 -4.865433e+00
9.996315e-01 -1.253728e-04 -2.714315e-02 -1.519446e-01 1.183373e-04 1.000000e+00 -2.608068e-04 -8.968427e-02 2.714322e-02 2.574987e-04 9.996314e-01 -4.919788e+00
9.997128e-01 2.528222e-04 2.396201e-02 -1.810423e-01 -2.600935e-04 9.999999e-01 3.003352e-04 -8.977879e-02 -2.396190e-02 -3.064812e-04 9.997127e-01 -4.960423e+00
9.996563e-01 -1.478995e-04 -2.621489e-02 -1.984277e-01 1.407811e-04 1.000000e+00 -2.733868e-04 -9.060924e-02 2.621497e-02 2.696023e-04 9.996562e-01 -4.981003e+00
9.997573e-01 2.854323e-04 2.202944e-02 -2.351197e-01 -2.926646e-04 9.999999e-01 3.250768e-04 -8.996801e-02 -2.202931e-02 -3.314451e-04 9.997572e-01 -5.046017e+00
9.996408e-01 -1.233833e-04 -2.679946e-02 -2.785803e-01 1.174316e-04 1.000000e+00 -2.236564e-04 -8.877361e-02 2.679953e-02 2.204290e-04 9.996407e-01 -5.129644e+00
9.998592e-01 3.795515e-04 1.677762e-02 -2.763499e-01 -3.858540e-04 9.999999e-01 3.724127e-04 -9.078395e-02 -1.677744e-02 -3.788338e-04 9.998591e-01 -5.140863e+00
9.995083e-01 -1.065146e-05 -3.135432e-02 -2.600129e-01 5.426144e-06 1.000000e+00 -1.667387e-04 -9.334643e-02 3.135436e-02 1.664867e-04 9.995082e-01 -5.149651e+00
9.997193e-01 2.038333e-04 2.369006e-02 -3.010966e-01 -2.099124e-04 9.999999e-01 2.541241e-04 -9.227601e-02 -2.368998e-02 -2.590255e-04 9.997192e-01 -5.235089e+00
9.994789e-01 1.896038e-05 -3.228024e-02 -3.399613e-01 -2.396566e-05 1.000000e+00 -1.546696e-04 -9.092163e-02 3.228027e-02 1.553628e-04 9.994787e-01 -5.334428e+00
9.997233e-01 2.177298e-04 2.352311e-02 -3.797145e-01 -2.252111e-04 9.999999e-01 3.153916e-04 -8.974937e-02 -2.352301e-02 -3.206018e-04 9.997231e-01 -5.431249e+00
9.995561e-01 -3.607112e-05 -2.979357e-02 -4.205249e-01 2.940777e-05 1.000000e+00 -2.240881e-04 -8.824642e-02 2.979360e-02 2.231127e-04 9.995560e-01 -5.528504e+00
9.996905e-01 2.094455e-04 2.487869e-02 -4.823945e-01 -2.173557e-04 9.999999e-01 3.152481e-04 -8.548148e-02 -2.487859e-02 -3.205578e-04 9.996903e-01 -5.654004e+00
9.995232e-01 -1.010216e-05 -3.087707e-02 -5.484865e-01 4.040843e-06 1.000000e+00 -1.963665e-04 -8.247822e-02 3.087710e-02 1.961483e-04 9.995231e-01 -5.789057e+00
9.997433e-01 2.346011e-04 2.265668e-02 -5.893511e-01 -2.426450e-04 9.999999e-01 3.522837e-04 -8.151855e-02 -2.265656e-02 -3.576906e-04 9.997431e-01 -5.876575e+00
9.995574e-01 -4.476325e-05 -2.975013e-02 -6.339183e-01 3.788911e-05 1.000000e+00 -2.316254e-04 -8.038364e-02 2.975017e-02 2.303959e-04 9.995572e-01 -5.962978e+00
9.996991e-01 2.019368e-04 2.452995e-02 -6.817298e-01 -2.102257e-04 9.999999e-01 3.353331e-04 -7.862231e-02 -2.452986e-02 -3.403888e-04 9.996989e-01 -6.062688e+00
9.993230e-01 1.717683e-04 -3.678924e-02 -7.548848e-01 -1.797143e-04 1.000000e+00 -2.126804e-04 -7.464381e-02 3.678923e-02 2.191483e-04 9.993229e-01 -6.243989e+00
9.987973e-01 -3.329926e-04 4.902834e-02 -7.418688e-01 3.427762e-04 9.999999e-01 -1.911417e-04 -7.526948e-02 -4.902824e-02 2.077178e-04 9.987973e-01 -6.293786e+00
9.997474e-01 -2.559007e-04 -2.247194e-02 -7.007633e-01 2.501047e-04 9.999999e-01 -2.607320e-04 -7.793020e-02 2.247203e-02 2.550460e-04 9.997473e-01 -6.270617e+00
9.998016e-01 3.639335e-04 1.991583e-02 -7.155027e-01 -3.703065e-04 9.999999e-01 3.163083e-04 -7.863032e-02 -1.991568e-02 -3.236203e-04 9.998015e-01 -6.301670e+00
9.997816e-01 -2.711023e-04 -2.089900e-02 -7.415346e-01 2.647585e-04 9.999999e-01 -3.063109e-04 -7.870920e-02 2.089911e-02 3.007109e-04 9.997814e-01 -6.347959e+00
9.998652e-01 4.156672e-04 1.641528e-02 -7.506753e-01 -4.224477e-04 9.999998e-01 4.095903e-04 -7.989972e-02 -1.641508e-02 -4.164695e-04 9.998651e-01 -6.373931e+00
9.998755e-01 -4.120529e-04 -1.577465e-02 -7.339641e-01 4.031820e-04 9.999998e-01 -5.655232e-04 -8.232038e-02 1.577491e-02 5.590929e-04 9.998753e-01 -6.356314e+00
9.998959e-01 5.025742e-04 1.441668e-02 -7.486748e-01 -5.104476e-04 9.999997e-01 5.424533e-04 -8.308295e-02 -1.441638e-02 -5.497556e-04 9.998958e-01 -6.387851e+00
9.998346e-01 -3.636668e-04 -1.818227e-02 -7.909125e-01 3.556519e-04 9.999998e-01 -4.440425e-04 -8.191142e-02 1.818246e-02 4.375027e-04 9.998345e-01 -6.471483e+00
9.998882e-01 4.804034e-04 1.494367e-02 -7.980744e-01 -4.888287e-04 9.999997e-01 5.601572e-04 -8.327861e-02 -1.494337e-02 -5.673993e-04 9.998881e-01 -6.490420e+00
9.999159e-01 -5.468934e-04 -1.295529e-02 -7.624120e-01 5.373469e-04 9.999996e-01 -7.403447e-04 -8.660720e-02 1.295572e-02 7.333211e-04 9.999157e-01 -6.450330e+00
9.998724e-01 5.115057e-04 1.596818e-02 -7.417317e-01 -5.194496e-04 9.999997e-01 4.933422e-04 -8.923710e-02 -1.596789e-02 -5.015737e-04 9.998723e-01 -6.426561e+00
9.999291e-01 -6.136445e-04 -1.189425e-02 -6.998153e-01 6.048606e-04 9.999995e-01 -7.420831e-04 -9.286591e-02 1.189473e-02 7.348363e-04 9.999289e-01 -6.375934e+00
9.999661e-01 7.544377e-04 8.196362e-03 -6.661171e-01 -7.604339e-04 9.999994e-01 7.284659e-04 -9.635016e-02 -8.195778e-03 -7.346739e-04 9.999660e-01 -6.343161e+00
9.998100e-01 -3.429788e-04 -1.948964e-02 -6.411148e-01 3.345673e-04 9.999998e-01 -4.348429e-04 -9.961928e-02 1.948981e-02 4.282399e-04 9.998099e-01 -6.326290e+00
9.999947e-01 9.407420e-04 -3.125720e-03 -5.995675e-01 -9.373749e-04 9.999990e-01 1.078501e-03 -1.035292e-01 3.126758e-03 -1.075565e-03 9.999944e-01 -6.321870e+00
9.999480e-01 -6.728390e-04 -1.018003e-02 -5.526326e-01 6.639831e-04 9.999994e-01 -8.732773e-04 -1.080500e-01 1.018064e-02 8.664727e-04 9.999477e-01 -6.272529e+00
9.999975e-01 1.016587e-03 -2.013643e-03 -5.279645e-01 -1.014350e-03 9.999989e-01 1.111679e-03 -1.107735e-01 2.014795e-03 -1.109633e-03 9.999973e-01 -6.269282e+00
9.999993e-01 -1.035292e-03 6.042292e-04 -4.808939e-01 1.035968e-03 9.999988e-01 -1.119706e-03 -1.151662e-01 -6.030453e-04 1.120331e-03 9.999991e-01 -6.210465e+00
9.999756e-01 1.358051e-03 -6.851071e-03 -4.360056e-01 -1.350234e-03 9.999984e-01 1.145550e-03 -1.188416e-01 6.852640e-03 -1.136271e-03 9.999758e-01 -6.176975e+00
9.999320e-01 -8.926304e-04 -1.162493e-02 -4.038808e-01 8.841923e-04 9.999993e-01 -7.309793e-04 -1.221917e-01 1.162560e-02 7.206513e-04 9.999321e-01 -6.179006e+00
9.999989e-01 1.122839e-03 1.016910e-03 -4.046151e-01 -1.123648e-03 9.999991e-01 7.952949e-04 -1.238805e-01 -1.015996e-03 -7.964363e-04 9.999991e-01 -6.201281e+00
9.999305e-01 -8.348491e-04 -1.176092e-02 -4.146266e-01 8.279800e-04 9.999995e-01 -5.889163e-04 -1.252477e-01 1.176143e-02 5.791379e-04 9.999306e-01 -6.234312e+00
9.998911e-01 1.607345e-03 -1.467040e-02 -3.680787e-01 -1.586211e-03 9.999977e-01 1.452112e-03 -1.295251e-01 1.467272e-02 -1.428683e-03 9.998912e-01 -6.223884e+00
9.999885e-01 -1.117958e-03 -4.662636e-03 -3.327704e-01 1.113005e-03 9.999988e-01 -1.064677e-03 -1.328001e-01 4.663836e-03 1.059476e-03 9.999885e-01 -6.229099e+00
9.999433e-01 1.478366e-03 -1.054328e-02 -3.066964e-01 -1.464253e-03 9.999980e-01 1.346103e-03 -1.356533e-01 1.054526e-02 -1.330588e-03 9.999434e-01 -6.235534e+00
9.999514e-01 -8.927826e-04 -9.816558e-03 -2.700853e-01 8.846080e-04 9.999993e-01 -8.370378e-04 -1.390461e-01 9.817310e-03 8.283139e-04 9.999514e-01 -6.237800e+00
9.999803e-01 1.276440e-03 -6.140329e-03 -2.614669e-01 -1.270047e-03 9.999986e-01 1.044972e-03 -1.407014e-01 6.141664e-03 -1.037152e-03 9.999805e-01 -6.278623e+00
9.999393e-01 -8.018654e-04 -1.099058e-02 -2.545274e-01 7.946636e-04 9.999995e-01 -6.596145e-04 -1.426250e-01 1.099111e-02 6.508413e-04 9.999393e-01 -6.313664e+00
9.999680e-01 1.260435e-03 -7.896869e-03 -2.176005e-01 -1.252037e-03 9.999986e-01 1.068235e-03 -1.460675e-01 7.898211e-03 -1.058313e-03 9.999681e-01 -6.312714e+00
9.999085e-01 -6.650900e-04 -1.350812e-02 -1.800762e-01 6.585984e-04 9.999997e-01 -4.850112e-04 -1.497490e-01 1.350844e-02 4.760712e-04 9.999085e-01 -6.312239e+00
9.999472e-01 1.292290e-03 -1.019878e-02 -1.369657e-01 -1.280961e-03 9.999986e-01 1.117213e-03 -1.533349e-01 1.020021e-02 -1.104089e-03 9.999473e-01 -6.318142e+00
9.999557e-01 -7.794884e-04 -9.377469e-03 -1.145301e-01 7.726596e-04 9.999994e-01 -7.318196e-04 -1.555029e-01 9.378034e-03 7.245425e-04 9.999557e-01 -6.357679e+00
9.999024e-01 1.421565e-03 -1.390089e-02 -8.272307e-02 -1.402716e-03 9.999981e-01 1.365562e-03 -1.582497e-01 1.390281e-02 -1.345928e-03 9.999023e-01 -6.389668e+00
9.999284e-01 -7.334008e-04 -1.194379e-02 -5.416251e-02 7.249415e-04 9.999995e-01 -7.125777e-04 -1.606925e-01 1.194430e-02 7.038691e-04 9.999283e-01 -6.441707e+00
9.999872e-01 1.128703e-03 -4.924471e-03 -6.531811e-02 -1.124218e-03 9.999990e-01 9.133971e-04 -1.606715e-01 4.925490e-03 -9.078483e-04 9.999874e-01 -6.536370e+00
9.999666e-01 -8.044560e-04 -8.137388e-03 -1.062106e-01 7.986064e-04 9.999994e-01 -7.220807e-04 -1.589830e-01 8.137956e-03 7.155590e-04 9.999665e-01 -6.666219e+00
9.999982e-01 1.041302e-03 -1.573582e-03 -1.399539e-01 -1.039889e-03 9.999991e-01 8.988130e-04 -1.581689e-01 1.574507e-03 -8.971740e-04 9.999983e-01 -6.756915e+00
9.999419e-01 -7.387317e-04 -1.075418e-02 -1.469203e-01 7.305796e-04 9.999994e-01 -7.619609e-04 -1.590641e-01 1.075473e-02 7.540609e-04 9.999418e-01 -6.808170e+00
9.999981e-01 9.518063e-04 1.698923e-03 -1.809905e-01 -9.532836e-04 9.999992e-01 8.689831e-04 -1.582801e-01 -1.698106e-03 -8.705999e-04 9.999981e-01 -6.893912e+00
9.998752e-01 -5.825057e-04 -1.578639e-02 -1.873470e-01 5.728512e-04 9.999996e-01 -6.160948e-04 -1.597918e-01 1.578673e-02 6.069757e-04 9.998751e-01 -6.930633e+00
9.999991e-01 9.653823e-04 9.770276e-04 -1.735179e-01 -9.661818e-04 9.999992e-01 8.182517e-04 -1.621114e-01 -9.762510e-04 -8.191938e-04 9.999991e-01 -6.944459e+00
9.998976e-01 -6.299020e-04 -1.429796e-02 -1.672279e-01 6.210466e-04 9.999996e-01 -6.237817e-04 -1.640912e-01 1.429833e-02 6.148392e-04 9.998975e-01 -6.967230e+00
9.999988e-01 1.033136e-03 -1.120362e-03 -1.493517e-01 -1.032129e-03 9.999991e-01 8.987052e-04 -1.664788e-01 1.121273e-03 -8.975467e-04 9.999989e-01 -6.983434e+00
9.998194e-01 -5.184139e-04 -1.899610e-02 -1.161227e-01 5.095277e-04 9.999998e-01 -4.726301e-04 -1.697882e-01 1.899633e-02 4.628669e-04 9.998193e-01 -6.990842e+00
9.999787e-01 1.237680e-03 -6.408608e-03 -7.095692e-02 -1.229802e-03 9.999985e-01 1.233142e-03 -1.740773e-01 6.410103e-03 -1.225233e-03 9.999786e-01 -6.978695e+00
9.996305e-01 -2.482920e-04 -2.718166e-02 -2.411098e-02 2.412372e-04 9.999999e-01 -2.628292e-04 -1.791480e-01 2.718170e-02 2.561762e-04 9.996304e-01 -6.955236e+00
9.999480e-01 1.296607e-03 -1.011559e-02 2.255378e-02 -1.282624e-03 9.999982e-01 1.388620e-03 -1.844384e-01 1.011734e-02 -1.375572e-03 9.999478e-01 -6.932927e+00
9.997938e-01 -4.297733e-04 -2.030308e-02 6.957698e-02 4.180509e-04 9.999997e-01 -5.816234e-04 -1.894894e-01 2.030329e-02 5.730172e-04 9.997936e-01 -6.903789e+00
9.999982e-01 8.883553e-04 1.689718e-03 1.101975e-01 -8.899701e-04 9.999991e-01 9.553284e-04 -1.937447e-01 -1.688901e-03 -9.568290e-04 9.999980e-01 -6.874160e+00
9.996450e-01 -1.851225e-04 -2.664122e-02 1.577412e-01 1.805856e-04 1.000000e+00 -1.727133e-04 -1.983952e-01 2.664122e-02 1.678426e-04 9.996449e-01 -6.846974e+00
9.999865e-01 7.855329e-04 5.127799e-03 2.103246e-01 -7.896430e-04 9.999994e-01 7.996329e-04 -2.029587e-01 -5.127205e-03 -8.036696e-04 9.999864e-01 -6.810346e+00
9.994892e-01 -2.209162e-05 -3.195899e-02 2.565661e-01 2.015115e-05 1.000000e+00 -6.105029e-05 -2.078744e-01 3.195895e-02 6.037678e-05 9.994891e-01 -6.779885e+00
9.999831e-01 7.254763e-04 5.766032e-03 3.071732e-01 -7.297274e-04 9.999995e-01 7.352772e-04 -2.125873e-01 -5.765537e-03 -7.394707e-04 9.999830e-01 -6.751640e+00
9.995378e-01 -3.829798e-05 -3.040119e-02 3.576778e-01 3.675741e-05 1.000000e+00 -5.124698e-05 -2.165697e-01 3.040115e-02 5.010761e-05 9.995377e-01 -6.748363e+00
9.998828e-01 3.640840e-04 1.530585e-02 3.687694e-01 -3.670721e-04 9.999999e-01 1.924515e-04 -2.186145e-01 -1.530583e-02 -1.980455e-04 9.998827e-01 -6.775830e+00
9.996705e-01 -1.029911e-04 -2.567006e-02 3.539258e-01 1.011611e-04 1.000000e+00 -7.260527e-05 -2.189464e-01 2.567003e-02 6.998632e-05 9.996704e-01 -6.837167e+00
9.999227e-01 4.177583e-04 1.242666e-02 3.573747e-01 -4.211035e-04 9.999999e-01 2.666181e-04 -2.200655e-01 -1.242660e-02 -2.718286e-04 9.999227e-01 -6.889860e+00
9.996564e-01 -5.342354e-05 -2.621193e-02 3.643870e-01 5.084296e-05 1.000000e+00 -9.913476e-05 -2.209433e-01 2.621188e-02 9.776981e-05 9.996563e-01 -6.950998e+00
9.998648e-01 3.350661e-04 1.643897e-02 3.688896e-01 -3.386609e-04 9.999999e-01 2.159203e-04 -2.210705e-01 -1.643894e-02 -2.214566e-04 9.998648e-01 -7.027110e+00
9.996764e-01 -7.121465e-05 -2.543580e-02 3.714767e-01 6.810686e-05 1.000000e+00 -1.230672e-04 -2.210333e-01 2.543576e-02 1.212968e-04 9.996764e-01 -7.106228e+00
9.999977e-01 7.174925e-04 2.010582e-03 4.028854e-01 -7.189828e-04 9.999995e-01 7.408925e-04 -2.231564e-01 -2.010102e-03 -7.423345e-04 9.999976e-01 -7.163947e+00
9.995792e-01 -5.706109e-05 -2.900734e-02 4.481885e-01 5.478005e-05 1.000000e+00 -7.945042e-05 -2.262892e-01 2.900729e-02 7.782984e-05 9.995791e-01 -7.198330e+00
9.999864e-01 7.816866e-04 5.151354e-03 4.343943e-01 -7.844755e-04 9.999995e-01 5.395118e-04 -2.248922e-01 -5.150987e-03 -5.435438e-04 9.999865e-01 -7.346332e+00
9.997977e-01 -4.166149e-04 -2.010883e-02 3.723517e-01 4.113941e-04 9.999999e-01 -2.637981e-04 -2.206588e-01 2.010888e-02 2.554740e-04 9.997977e-01 -7.558924e+00
9.999038e-01 6.206145e-04 1.385936e-02 3.428386e-01 -6.259292e-04 9.999997e-01 3.791878e-04 -2.191776e-01 -1.385918e-02 -3.878244e-04 9.999038e-01 -7.662419e+00
9.997908e-01 -3.966090e-04 -2.044848e-02 3.208761e-01 3.906821e-04 9.999999e-01 -2.938684e-04 -2.181502e-01 2.044853e-02 2.858200e-04 9.997908e-01 -7.753624e+00
9.999038e-01 5.911351e-04 1.385658e-02 2.866638e-01 -5.969214e-04 9.999997e-01 4.134979e-04 -2.163467e-01 -1.385639e-02 -4.217276e-04 9.999038e-01 -7.864577e+00
9.995988e-01 -1.207652e-04 -2.832345e-02 1.631175e-01 1.137998e-04 1.000000e+00 -2.475584e-04 -2.084642e-01 2.832342e-02 2.442378e-04 9.995987e-01 -8.160554e+00
9.999214e-01 5.895316e-04 1.252166e-02 3.919262e-03 -5.977081e-04 9.999996e-01 6.493147e-04 -1.967767e-01 -1.252133e-02 -6.567461e-04 9.999213e-01 -8.573174e+00
9.996691e-01 -1.679216e-04 -2.572155e-02 -1.269427e-01 1.571153e-04 9.999999e-01 -4.221727e-04 -1.879369e-01 2.572156e-02 4.179937e-04 9.996690e-01 -8.889927e+00
9.999308e-01 5.198206e-04 1.174826e-02 -1.864231e-01 -5.289198e-04 9.999996e-01 7.714782e-04 -1.848457e-01 -1.174792e-02 -7.776369e-04 9.999306e-01 -9.062252e+00
9.997859e-01 -2.695090e-04 -2.068968e-02 -1.437915e-01 2.565234e-04 9.999998e-01 -6.303214e-04 -1.858855e-01 2.068978e-02 6.248810e-04 9.997857e-01 -9.116958e+00
9.998323e-01 2.148393e-04 1.830922e-02 -5.596527e-02 -2.266028e-04 9.999998e-01 6.404566e-04 -1.887377e-01 -1.830914e-02 -6.444963e-04 9.998321e-01 -9.111231e+00
9.997567e-01 -2.770380e-04 -2.205530e-02 6.457905e-02 2.619835e-04 9.999997e-01 -6.855040e-04 -1.939112e-01 2.205542e-02 6.795611e-04 9.997564e-01 -9.044206e+00
9.997945e-01 3.326298e-04 2.026936e-02 8.801427e-02 -3.450865e-04 9.999998e-01 6.110979e-04 -1.970057e-01 -2.026922e-02 -6.179651e-04 9.997943e-01 -9.000840e+00
9.998086e-01 -3.186812e-04 -1.956318e-02 1.269794e-01 3.030559e-04 9.999996e-01 -8.017073e-04 -1.997559e-01 1.956337e-02 7.956271e-04 9.998082e-01 -8.960340e+00
9.992680e-01 3.318761e-05 3.825460e-02 1.575352e-01 -3.817820e-05 1.000000e+00 1.297455e-04 -2.023046e-01 -3.825466e-02 -1.311092e-04 9.992679e-01 -8.930708e+00
9.999938e-01 -8.687463e-04 3.421594e-03 2.311008e-01 8.711985e-04 9.999994e-01 -7.150573e-04 -2.077087e-01 -3.421031e-03 7.180357e-04 9.999938e-01 -8.832432e+00
9.993618e-01 -8.349967e-05 3.571966e-02 4.290735e-01 5.726185e-05 9.999997e-01 7.355884e-04 -2.205387e-01 -3.571977e-02 -7.330717e-04 9.993615e-01 -8.557784e+00
9.998884e-01 -6.936592e-04 -1.492272e-02 6.466484e-01 6.879915e-04 9.999997e-01 -3.849760e-04 -2.347584e-01 1.492293e-02 3.746684e-04 9.998885e-01 -8.252320e+00
9.995814e-01 3.735843e-04 2.892812e-02 7.646798e-01 -3.761084e-04 9.999999e-01 8.183545e-05 -2.411859e-01 -2.892814e-02 -9.267938e-05 9.995814e-01 -8.122201e+00
9.997829e-01 -5.551746e-04 -2.082918e-02 8.467116e-01 5.529992e-04 9.999998e-01 -1.102294e-04 -2.487740e-01 2.082919e-02 9.868887e-05 9.997830e-01 -7.963584e+00
9.996947e-01 4.708922e-04 2.470337e-02 9.011805e-01 -4.716482e-04 9.999999e-01 2.480007e-05 -2.569497e-01 -2.470341e-02 -3.644187e-05 9.996947e-01 -7.773431e+00
9.997642e-01 -5.640833e-04 -2.170637e-02 9.498929e-01 5.633323e-04 9.999998e-01 -4.073704e-05 -2.651562e-01 2.170634e-02 2.850150e-05 9.997643e-01 -7.581249e+00
9.997555e-01 4.504017e-04 2.210706e-02 9.907454e-01 -4.495588e-04 9.999999e-01 -4.306735e-05 -2.744022e-01 -2.210713e-02 3.312032e-05 9.997555e-01 -7.349104e+00
9.998163e-01 -5.165175e-04 -1.915736e-02 1.034969e+00 5.147165e-04 9.999999e-01 -9.896911e-05 -2.821523e-01 1.915735e-02 8.909227e-05 9.998164e-01 -7.166959e+00
9.997077e-01 4.233075e-04 2.417140e-02 1.082484e+00 -4.184264e-04 9.999999e-01 -2.069681e-04 -2.868300e-01 -2.417154e-02 1.967955e-04 9.997077e-01 -7.079213e+00
9.996513e-01 -3.866145e-04 -2.640281e-02 1.117264e+00 3.886555e-04 9.999999e-01 7.215059e-05 -2.919148e-01 2.640273e-02 -8.238512e-05 9.996513e-01 -6.975500e+00
9.996583e-01 2.686502e-04 2.613888e-02 1.237037e+00 -2.650291e-04 1.000000e+00 -1.419751e-04 -2.985585e-01 -2.613897e-02 1.350009e-04 9.996582e-01 -6.854345e+00
9.997482e-01 -3.240405e-04 -2.243860e-02 1.300748e+00 3.228922e-04 9.999999e-01 -5.482449e-05 -3.050627e-01 2.243857e-02 4.756732e-05 9.997481e-01 -6.715346e+00
9.998524e-01 5.541327e-04 1.717376e-02 1.310999e+00 -5.538676e-04 9.999998e-01 -2.016262e-05 -3.070366e-01 -1.717382e-02 1.064950e-05 9.998524e-01 -6.710618e+00
9.997310e-01 -4.043935e-04 -2.318883e-02 1.296679e+00 4.067531e-04 9.999999e-01 9.701990e-05 -3.075155e-01 2.318873e-02 -1.064241e-04 9.997310e-01 -6.751559e+00
9.997708e-01 4.826819e-04 2.140209e-02 1.312142e+00 -4.784309e-04 9.999999e-01 -2.037169e-04 -3.108570e-01 -2.140224e-02 1.934327e-04 9.997708e-01 -6.694486e+00
9.997293e-01 -4.683212e-04 -2.326144e-02 1.356011e+00 4.700139e-04 9.999999e-01 6.727898e-05 -3.169720e-01 2.326135e-02 -7.819212e-05 9.997293e-01 -6.558296e+00
9.997542e-01 4.162251e-04 2.216823e-02 1.423205e+00 -4.137942e-04 9.999999e-01 -1.142168e-04 -3.259619e-01 -2.216833e-02 1.050175e-04 9.997542e-01 -6.345843e+00
9.997263e-01 -6.270599e-04 -2.338595e-02 1.566878e+00 6.332260e-04 9.999998e-01 2.562369e-04 -3.364378e-01 2.338573e-02 -2.709735e-04 9.997264e-01 -6.124059e+00
9.998206e-01 3.163658e-04 1.893676e-02 1.839091e+00 -3.173038e-04 9.999999e-01 4.655808e-05 -3.460756e-01 -1.893680e-02 -5.255656e-05 9.998206e-01 -5.992640e+00
9.996948e-01 -4.416399e-04 -2.469823e-02 2.000580e+00 4.427620e-04 9.999999e-01 3.994144e-05 -3.539885e-01 2.469816e-02 -5.086277e-05 9.996949e-01 -5.859837e+00
9.997001e-01 1.562778e-04 2.448714e-02 2.213796e+00 -1.600927e-04 1.000000e+00 1.538568e-04 -3.628866e-01 -2.448717e-02 -1.577289e-04 9.997000e-01 -5.714504e+00
9.997732e-01 -4.758287e-04 -2.128901e-02 2.440757e+00 4.765412e-04 9.999999e-01 2.837060e-05 -3.717978e-01 2.128894e-02 -3.850728e-05 9.997733e-01 -5.580469e+00
9.998218e-01 3.429597e-04 1.887478e-02 2.588494e+00 -3.442830e-04 9.999999e-01 6.689424e-05 -3.795732e-01 -1.887482e-02 -7.337864e-05 9.998218e-01 -5.445321e+00
9.998019e-01 -4.907080e-04 -1.989762e-02 2.736932e+00 4.917220e-04 9.999999e-01 4.603886e-05 -3.876934e-01 1.989754e-02 -5.581184e-05 9.998019e-01 -5.295337e+00
9.998098e-01 4.543341e-04 1.949550e-02 2.831339e+00 -4.536350e-04 9.999999e-01 -4.024682e-05 -3.954304e-01 -1.949557e-02 3.139729e-05 9.998099e-01 -5.127192e+00
9.997820e-01 -4.530492e-04 -2.087285e-02 2.851292e+00 4.499746e-04 9.999999e-01 -1.520301e-04 -4.011566e-01 2.087286e-02 1.426067e-04 9.997820e-01 -4.987416e+00
9.997978e-01 4.023602e-04 2.010398e-02 2.876465e+00 -4.028699e-04 9.999999e-01 2.133236e-05 -4.086991e-01 -2.010403e-02 -2.942540e-05 9.997978e-01 -4.797891e+00
9.997847e-01 -5.194881e-04 -2.074518e-02 2.909332e+00 5.173453e-04 9.999999e-01 -1.086877e-04 -4.201228e-01 2.074517e-02 9.793388e-05 9.997847e-01 -4.502136e+00
9.997964e-01 4.027106e-04 2.017450e-02 2.946181e+00 -4.036853e-04 9.999999e-01 4.426868e-05 -4.316984e-01 -2.017454e-02 -5.240188e-05 9.997964e-01 -4.203335e+00
9.997845e-01 -4.828488e-04 -2.075285e-02 2.985039e+00 4.801742e-04 9.999999e-01 -1.338889e-04 -4.412101e-01 2.075286e-02 1.238970e-04 9.997845e-01 -3.962718e+00
