9.999999e-01 2.804401e-05 -4.736295e-04 -4.192325e-02 -2.808900e-05 1.000000e+00 -9.502891e-05 -2.405120e-02 4.736268e-04 9.504268e-05 9.999998e-01 1.005446e+00
9.999992e-01 4.565618e-05 -1.247557e-03 -5.411864e-02 -4.556415e-05 1.000000e+00 7.378107e-05 -5.572077e-02 1.247560e-03 -7.372370e-05 9.999991e-01 2.268798e+00
9.999967e-01 1.130296e-04 -2.583289e-03 -6.608947e-02 -1.130482e-04 1.000000e+00 -7.055793e-06 -8.715973e-02 2.583288e-03 7.348279e-06 9.999966e-01 3.519902e+00
9.999469e-01 3.597167e-04 -1.029685e-02 -6.057211e-02 -3.556142e-04 9.999999e-01 4.002488e-04 -1.136022e-01 1.029699e-02 -3.965653e-04 9.999468e-01 4.537863e+00
9.999959e-01 1.328209e-04 -2.857360e-03 -8.253524e-02 -1.328290e-04 1.000000e+00 -2.660093e-06 -1.408562e-01 2.857357e-03 3.040173e-06 9.999958e-01 5.633496e+00
9.999267e-01 4.258486e-04 -1.210065e-02 -1.345684e-01 -4.201455e-04 9.999998e-01 4.738417e-04 -1.650821e-01 1.210084e-02 -4.687224e-04 9.999266e-01 6.665846e+00
9.999932e-01 -1.159020e-04 3.683050e-03 -1.719942e-01 1.169967e-04 9.999999e-01 -2.970067e-04 -1.816950e-01 -3.683021e-03 2.974362e-04 9.999931e-01 7.362395e+00
9.999488e-01 3.469903e-04 -1.011375e-02 -1.908443e-01 -3.429511e-04 9.999999e-01 4.011066e-04 -2.000854e-01 1.011388e-02 -3.976169e-04 9.999487e-01 8.091861e+00
9.999924e-01 1.512928e-04 -3.888615e-03 -2.380955e-01 -1.512340e-04 1.000000e+00 1.540291e-05 -2.216636e-01 3.888610e-03 -1.481404e-05 9.999923e-01 8.983733e+00
9.999801e-01 2.144917e-04 -6.307161e-03 -2.768855e-01 -2.129695e-04 9.999999e-01 2.420121e-04 -2.412889e-01 6.307204e-03 -2.406634e-04 9.999800e-01 9.793994e+00
9.999776e-01 -2.167794e-04 6.695977e-03 -3.210206e-01 2.192920e-04 9.999999e-01 -3.745043e-04 -2.606939e-01 -6.695904e-03 3.759649e-04 9.999774e-01 1.061553e+01
9.999876e-01 1.622649e-04 -4.984496e-03 -3.854293e-01 -1.613545e-04 1.000000e+00 1.830331e-04 -2.744695e-01 4.984518e-03 -1.822259e-04 9.999875e-01 1.124010e+01
9.999909e-01 -1.312037e-04 4.265137e-03 -4.367640e-01 1.324239e-04 1.000000e+00 -2.857837e-04 -2.924469e-01 -4.265107e-03 2.863465e-04 9.999908e-01 1.201173e+01
9.999813e-01 2.247410e-04 -6.114989e-03 -4.942462e-01 -2.232064e-04 9.999999e-01 2.516397e-04 -3.185004e-01 6.115037e-03 -2.502694e-04 9.999812e-01 1.311859e+01
1.000000e+00 -1.464490e-05 -1.889347e-06 -5.432101e-01 1.464468e-05 1.000000e+00 -1.414652e-04 -3.374210e-01 1.882213e-06 1.414659e-04 9.999999e-01 1.390004e+01
9.999967e-01 -7.590520e-05 2.579457e-03 -5.294623e-01 7.621685e-05 1.000000e+00 -1.207043e-04 -3.487678e-01 -2.579456e-03 1.209011e-04 9.999966e-01 1.431678e+01
9.999891e-01 7.426135e-05 -4.670822e-03 -5.592003e-01 -7.433818e-05 1.000000e+00 -1.628529e-05 -3.494303e-01 4.670812e-03 1.663295e-05 9.999890e-01 1.435766e+01
9.997538e-01 7.943766e-04 -2.217287e-02 -6.155760e-01 -7.774007e-04 9.999994e-01 7.742238e-04 -3.460207e-01 2.217346e-02 -7.567953e-04 9.997538e-01 1.427738e+01
9.999458e-01 2.736635e-04 -1.040975e-02 -6.765673e-01 -2.713476e-04 9.999999e-01 2.238768e-04 -3.440897e-01 1.040980e-02 -2.210393e-04 9.999457e-01 1.425545e+01
9.997434e-01 8.132400e-04 -2.263628e-02 -6.861692e-01 -7.949265e-04 9.999993e-01 8.180168e-04 -3.453082e-01 2.263691e-02 -7.998119e-04 9.997433e-01 1.430219e+01
9.997393e-01 -8.891622e-04 2.281392e-02 -6.511138e-01 9.118865e-04 9.999991e-01 -9.856801e-04 -3.499356e-01 -2.281304e-02 1.006228e-03 9.997391e-01 1.443750e+01
9.997109e-01 8.487830e-04 -2.402730e-02 -6.063870e-01 -8.284645e-04 9.999993e-01 8.555794e-04 -3.525303e-01 2.402799e-02 -8.354255e-04 9.997108e-01 1.447703e+01
9.998629e-01 -6.019780e-04 1.654778e-02 -5.514512e-01 6.145383e-04 9.999995e-01 -7.539501e-04 -3.637889e-01 -1.654734e-02 7.640168e-04 9.998627e-01 1.480547e+01
9.994232e-01 1.234022e-03 -3.393702e-02 -3.601604e-01 -1.192744e-03 9.999985e-01 1.236517e-03 -3.776007e-01 3.393848e-02 -1.195325e-03 9.994231e-01 1.501832e+01
9.999532e-01 -3.808851e-04 9.665701e-03 -3.440569e-01 3.855928e-04 9.999998e-01 -4.851818e-04 -3.912492e-01 -9.665537e-03 4.888871e-04 9.999531e-01 1.547626e+01
9.997643e-01 8.128841e-04 -2.169354e-02 -3.466445e-01 -7.961259e-04 9.999994e-01 7.811162e-04 -4.100621e-01 2.169414e-02 -7.636604e-04 9.997643e-01 1.618930e+01
9.998036e-01 -7.230229e-04 1.980580e-02 -3.679582e-01 7.391432e-04 9.999994e-01 -8.065994e-04 -4.346027e-01 -1.980523e-02 8.210812e-04 9.998034e-01 1.717433e+01
9.997760e-01 8.358645e-04 -2.114803e-02 -1.138520e-01 -8.202637e-04 9.999994e-01 7.463522e-04 -4.556897e-01 2.114862e-02 -7.288371e-04 9.997760e-01 1.760084e+01
9.997793e-01 -9.828095e-04 2.098391e-02 -1.766966e-01 1.005682e-03 9.999989e-01 -1.079453e-03 -4.297293e-01 -2.098285e-02 1.100319e-03 9.997791e-01 1.673341e+01
9.998175e-01 6.930519e-04 -1.908932e-02 -1.254023e+00 -6.847211e-04 9.999997e-01 4.429368e-04 -3.468416e-01 1.908959e-02 -4.297843e-04 9.998176e-01 1.505678e+01
9.997823e-01 -1.035247e-03 2.083761e-02 -2.401953e+00 1.059737e-03 9.999988e-01 -1.164265e-03 -2.507389e-01 -2.083641e-02 1.186095e-03 9.997821e-01 1.299485e+01
9.998136e-01 6.649835e-04 -1.929469e-02 -3.479635e+00 -6.563213e-04 9.999997e-01 4.552636e-04 -1.552862e-01 1.929496e-02 -4.425145e-04 9.998136e-01 1.087403e+01
9.997974e-01 -9.432583e-04 2.010853e-02 -4.471264e+00 9.648535e-04 9.999990e-01 -1.064253e-03 -7.420748e-02 -2.010753e-02 1.083439e-03 9.997971e-01 9.156248e+00
9.997945e-01 7.377410e-04 -2.025867e-02 -5.147934e+00 -7.254024e-04 9.999995e-01 6.163909e-04 -1.952571e-02 2.025909e-02 -6.015680e-04 9.997945e-01 8.002383e+00
9.997787e-01 -1.022062e-03 2.101117e-02 -6.220599e+00 1.048676e-03 9.999987e-01 -1.255694e-03 6.776019e-02 -2.100988e-02 1.277450e-03 9.997784e-01 6.157920e+00
9.997996e-01 6.348953e-04 -2.001102e-02 -7.256126e+00 -6.242858e-04 9.999997e-01 5.364229e-04 1.656973e-01 2.001133e-02 -5.238223e-04 9.997995e-01 3.895952e+00
9.997658e-01 -1.022678e-03 2.161718e-02 -8.392070e+00 1.051063e-03 9.999986e-01 -1.301737e-03 2.690196e-01 -2.161584e-02 1.324153e-03 9.997654e-01 1.565016e+00
9.997865e-01 6.993826e-04 -2.065202e-02 -9.472895e+00 -6.862927e-04 9.999996e-01 6.409072e-04 3.599145e-01 2.065243e-02 -6.265967e-04 9.997864e-01 -3.956734e-01
9.997870e-01 -9.318739e-04 2.061985e-02 -1.038754e+01 9.564479e-04 9.999988e-01 -1.181929e-03 4.326223e-01 -2.061875e-02 1.201400e-03 9.997866e-01 -1.913468e+00
9.998054e-01 7.160061e-04 -1.971619e-02 -1.136133e+01 -7.033779e-04 9.999995e-01 6.474200e-04 5.026361e-01 1.971662e-02 -6.334258e-04 9.998053e-01 -3.251854e+00
9.997773e-01 -9.047176e-04 2.108191e-02 -1.238776e+01 9.296696e-04 9.999989e-01 -1.173802e-03 5.703753e-01 -2.108084e-02 1.193140e-03 9.997770e-01 -4.431396e+00
9.998114e-01 7.579576e-04 -1.940468e-02 -1.328596e+01 -7.439557e-04 9.999995e-01 7.287799e-04 6.230750e-01 1.940520e-02 -7.142061e-04 9.998113e-01 -5.207511e+00
9.997849e-01 -7.776297e-04 2.072754e-02 -1.382323e+01 7.986624e-04 9.999992e-01 -1.006463e-03 6.409564e-01 -2.072676e-02 1.022801e-03 9.997846e-01 -5.132933e+00
9.998195e-01 7.633418e-04 -1.898530e-02 -1.435225e+01 -7.495170e-04 9.999994e-01 7.352880e-04 6.555427e-01 1.898583e-02 -7.209253e-04 9.998194e-01 -4.945951e+00
9.997671e-01 -9.482318e-04 2.156110e-02 -1.512687e+01 9.738728e-04 9.999988e-01 -1.178751e-03 7.021520e-01 -2.155998e-02 1.199474e-03 9.997667e-01 -5.641871e+00
9.997967e-01 8.125732e-04 -2.014764e-02 -1.578820e+01 -7.965107e-04 9.999994e-01 8.052485e-04 7.403814e-01 2.014826e-02 -7.890370e-04 9.997966e-01 -6.177950e+00
9.997874e-01 -9.694967e-04 2.059513e-02 -1.645659e+01 9.947541e-04 9.999988e-01 -1.216166e-03 7.876716e-01 -2.059395e-02 1.236394e-03 9.997871e-01 -7.062216e+00
9.997762e-01 7.154532e-04 -2.114343e-02 -1.732190e+01 -7.010273e-04 9.999995e-01 6.896897e-04 8.596312e-01 2.114389e-02 -6.747134e-04 9.997761e-01 -8.613626e+00
9.997891e-01 -9.563078e-04 2.051624e-02 -1.811131e+01 9.811972e-04 9.999988e-01 -1.203122e-03 9.279864e-01 -2.051509e-02 1.222998e-03 9.997887e-01 -1.012568e+01
9.994265e-01 1.277315e-03 -3.383823e-02 -1.850128e+01 -1.231944e-03 9.999983e-01 1.361662e-03 9.568550e-01 3.383989e-02 -1.319194e-03 9.994263e-01 -1.070628e+01
9.998333e-01 -8.554950e-04 1.823953e-02 -1.880446e+01 8.757673e-04 9.999990e-01 -1.103490e-03 9.810724e-01 -1.823860e-02 1.119280e-03 9.998329e-01 -1.120520e+01
9.991514e-01 1.554853e-03 -4.115933e-02 -1.905439e+01 -1.487376e-03 9.999975e-01 1.669991e-03 1.000843e+00 4.116180e-02 -1.607354e-03 9.991511e-01 -1.161617e+01
9.999361e-01 -5.624014e-04 1.128862e-02 -1.927644e+01 5.716040e-04 9.999995e-01 -8.119980e-04 1.011286e+00 -1.128819e-02 8.183988e-04 9.999359e-01 -1.172091e+01
9.989828e-01 1.691446e-03 -4.506049e-02 -1.948049e+01 -1.609517e-03 9.999970e-01 1.854418e-03 1.018433e+00 4.506346e-02 -1.780006e-03 9.989824e-01 -1.175166e+01
9.999555e-01 1.766517e-04 -9.432921e-03 -1.962051e+01 -1.768639e-04 1.000000e+00 -2.166251e-05 1.021292e+00 9.432878e-03 2.333012e-05 9.999554e-01 -1.168031e+01
9.992065e-01 1.479520e-03 -3.980054e-02 -1.974634e+01 -1.414268e-03 9.999976e-01 1.667583e-03 1.023742e+00 3.980287e-02 -1.609971e-03 9.992062e-01 -1.162407e+01
9.999060e-01 3.382059e-04 -1.370421e-02 -1.986236e+01 -3.366548e-04 9.999999e-01 1.154858e-04 1.026237e+00 1.370420e-02 -1.108609e-04 9.999060e-01 -1.158082e+01
9.991525e-01 1.500678e-03 -4.113315e-02 -2.000090e+01 -1.430996e-03 9.999975e-01 1.723457e-03 1.029185e+00 4.113558e-02 -1.663134e-03 9.991521e-01 -1.153201e+01
9.998149e-01 5.718256e-04 -1.922901e-02 -2.015350e+01 -5.659224e-04 9.999998e-01 3.124217e-04 1.031257e+00 1.922913e-02 -3.014811e-04 9.998150e-01 -1.142355e+01
9.991051e-01 1.531200e-03 -4.226945e-02 -2.028619e+01 -1.456383e-03 9.999973e-01 1.800722e-03 1.031626e+00 4.227203e-02 -1.737550e-03 9.991045e-01 -1.127608e+01
9.997979e-01 6.216973e-04 -2.009520e-02 -2.041073e+01 -6.149713e-04 9.999998e-01 3.408694e-04 1.031492e+00 2.009534e-02 -3.284417e-04 9.997979e-01 -1.112398e+01
9.991613e-01 1.464276e-03 -4.092048e-02 -2.051177e+01 -1.393494e-03 9.999975e-01 1.758207e-03 1.030294e+00 4.092288e-02 -1.699709e-03 9.991608e-01 -1.096747e+01
9.998286e-01 5.681832e-04 -1.850213e-02 -2.061063e+01 -5.636078e-04 9.999998e-01 2.524733e-04 1.032028e+00 1.850219e-02 -2.420010e-04 9.998287e-01 -1.091339e+01
9.992265e-01 1.385845e-03 -3.929837e-02 -2.070825e+01 -1.319146e-03 9.999976e-01 1.723135e-03 1.032399e+00 3.930059e-02 -1.669961e-03 9.992260e-01 -1.082178e+01
9.997818e-01 6.878352e-04 -2.087777e-02 -2.080824e+01 -6.811081e-04 9.999997e-01 3.292892e-04 1.032798e+00 2.087791e-02 -3.149961e-04 9.997819e-01 -1.071687e+01
9.994303e-01 1.173940e-03 -3.372764e-02 -2.087165e+01 -1.123245e-03 9.999982e-01 1.521952e-03 1.031295e+00 3.372928e-02 -1.483199e-03 9.994298e-01 -1.059308e+01
9.997686e-01 7.271800e-04 -2.149579e-02 -2.090736e+01 -7.196799e-04 9.999997e-01 3.566053e-04 1.028487e+00 2.149596e-02 -3.410514e-04 9.997688e-01 -1.047078e+01
9.994152e-01 1.164771e-03 -3.417468e-02 -2.094966e+01 -1.113143e-03 9.999982e-01 1.529675e-03 1.026654e+00 3.417631e-02 -1.490738e-03 9.994146e-01 -1.037211e+01
9.998543e-01 5.934290e-04 -1.705780e-02 -2.098964e+01 -5.904062e-04 9.999998e-01 1.821903e-04 1.025765e+00 1.705781e-02 -1.720914e-04 9.998544e-01 -1.030569e+01
9.995732e-01 9.671998e-04 -2.919685e-02 -2.101662e+01 -9.279237e-04 9.999986e-01 1.358706e-03 1.023356e+00 2.919803e-02 -1.331032e-03 9.995727e-01 -1.021118e+01
9.999810e-01 2.580512e-04 -6.157400e-03 -2.105880e+01 -2.594672e-04 9.999999e-01 -2.293416e-04 1.018636e+00 6.157245e-03 2.309362e-04 9.999810e-01 -9.994494e+00
9.997150e-01 7.627169e-04 -2.385780e-02 -2.112036e+01 -7.350606e-04 9.999990e-01 1.167921e-03 1.012315e+00 2.385858e-02 -1.150050e-03 9.997146e-01 -9.667346e+00
9.999609e-01 3.783225e-04 -8.833853e-03 -2.116558e+01 -3.788047e-04 9.999999e-01 -5.303326e-05 9.999915e-01 8.833735e-03 5.637882e-05 9.999609e-01 -9.148386e+00
9.996802e-01 8.045026e-04 -2.527485e-02 -2.123379e+01 -7.749728e-04 9.999990e-01 1.178082e-03 9.916418e-01 2.527567e-02 -1.158117e-03 9.996798e-01 -8.740862e+00
9.994107e-01 -1.032678e-03 3.430866e-02 -2.126008e+01 1.088539e-03 9.999981e-01 -1.609524e-03 9.748390e-01 -3.430703e-02 1.645923e-03 9.994099e-01 -8.051040e+00
9.999447e-01 3.568656e-04 -1.050925e-02 -2.126699e+01 -3.503259e-04 9.999997e-01 6.240137e-04 9.536595e-01 1.050937e-02 -6.202962e-04 9.999445e-01 -7.187849e+00
9.991207e-01 -1.256766e-03 4.190744e-02 -2.125028e+01 1.336922e-03 9.999973e-01 -1.884696e-03 9.332132e-01 -4.190506e-02 1.939067e-03 9.991197e-01 -6.378652e+00
9.999813e-01 2.197865e-04 -6.098841e-03 -2.122911e+01 -2.170789e-04 9.999999e-01 4.444569e-04 9.154248e-01 6.098842e-03 -4.431234e-04 9.999812e-01 -5.680739e+00
9.993867e-01 -1.064769e-03 3.499895e-02 -2.120177e+01 1.122394e-03 9.999980e-01 -1.626836e-03 8.948389e-01 -3.499724e-02 1.665123e-03 9.993860e-01 -4.889157e+00
9.999119e-01 4.532609e-04 -1.326715e-02 -2.119970e+01 -4.438095e-04 9.999996e-01 7.152676e-04 8.729144e-01 1.326737e-02 -7.093153e-04 9.999117e-01 -4.015103e+00
9.995663e-01 -9.009903e-04 2.943187e-02 -2.121556e+01 9.431464e-04 9.999985e-01 -1.418445e-03 8.503503e-01 -2.943064e-02 1.445590e-03 9.995657e-01 -3.094926e+00
9.999274e-01 4.204345e-04 -1.203946e-02 -2.123353e+01 -4.123764e-04 9.999997e-01 6.717170e-04 8.264462e-01 1.203965e-02 -6.667023e-04 9.999272e-01 -2.110143e+00
9.997639e-01 -6.723147e-04 2.171817e-02 -2.123285e+01 6.975066e-04 9.999991e-01 -1.152354e-03 8.031708e-01 -2.171747e-02 1.167232e-03 9.997634e-01 -1.195833e+00
9.999571e-01 3.257537e-04 -9.256032e-03 -2.120879e+01 -3.206147e-04 9.999998e-01 5.566080e-04 7.819028e-01 9.256120e-03 -5.536154e-04 9.999569e-01 -3.993299e-01
9.996993e-01 -7.735064e-04 2.450748e-02 -2.119503e+01 8.045037e-04 9.999989e-01 -1.254942e-03 7.628660e-01 -2.450657e-02 1.274282e-03 9.996988e-01 3.295345e-01
9.997650e-01 7.268702e-04 -2.166289e-02 -2.123556e+01 -7.040580e-04 9.999992e-01 1.060627e-03 7.422074e-01 2.166356e-02 -1.045125e-03 9.997647e-01 1.202718e+00
9.998191e-01 -6.038953e-04 1.900847e-02 -2.127687e+01 6.240105e-04 9.999993e-01 -1.052263e-03 7.218827e-01 -1.900791e-02 1.063935e-03 9.998187e-01 2.041650e+00
9.996206e-01 9.450411e-04 -2.752570e-02 -2.134972e+01 -9.106491e-04 9.999988e-01 1.261937e-03 7.020265e-01 2.752676e-02 -1.236391e-03 9.996202e-01 2.907804e+00
9.999725e-01 -1.995865e-04 7.403469e-03 -2.144817e+01 2.042284e-04 9.999998e-01 -6.261292e-04 6.836608e-01 -7.403435e-03 6.276251e-04 9.999723e-01 3.755210e+00
9.991162e-01 1.440012e-03 -4.200926e-02 -2.153051e+01 -1.364259e-03 9.999974e-01 1.831848e-03 6.698580e-01 4.201169e-02 -1.772917e-03 9.991155e-01 4.391063e+00
9.999931e-01 -7.151790e-05 3.717814e-03 -2.161950e+01 7.351513e-05 9.999999e-01 -5.368384e-04 6.625500e-01 -3.717871e-03 5.371091e-04 9.999929e-01 4.781177e+00
9.993972e-01 1.190408e-03 -3.469533e-02 -2.168899e+01 -1.137203e-03 9.999981e-01 1.553160e-03 6.505672e-01 3.469702e-02 -1.512767e-03 9.993967e-01 5.333871e+00
9.999690e-01 -2.196848e-04 7.860430e-03 -2.176158e+01 2.249585e-04 9.999998e-01 -6.699171e-04 6.372022e-01 -7.860377e-03 6.716658e-04 9.999688e-01 5.935045e+00
9.993204e-01 1.259128e-03 -3.683871e-02 -2.184274e+01 -1.200174e-03 9.999980e-01 1.622369e-03 6.262748e-01 3.684059e-02 -1.577052e-03 9.993198e-01 6.453090e+00
9.995521e-01 -9.382678e-04 2.990970e-02 -2.191362e+01 9.824433e-04 9.999984e-01 -1.462266e-03 6.069725e-01 -2.990838e-02 1.490997e-03 9.995515e-01 7.296614e+00
9.994996e-01 1.062660e-03 -3.161388e-02 -2.198211e+01 -1.017534e-03 9.999984e-01 1.443441e-03 5.851877e-01 3.161527e-02 -1.410550e-03 9.994991e-01 8.248575e+00
9.995029e-01 -1.000558e-03 3.151116e-02 -2.202857e+01 1.049043e-03 9.999983e-01 -1.522138e-03 5.652473e-01 -3.150968e-02 1.554439e-03 9.995022e-01 9.097921e+00
9.995040e-01 1.051622e-03 -3.147205e-02 -2.205840e+01 -1.006694e-03 9.999985e-01 1.443348e-03 5.457523e-01 3.147342e-02 -1.410949e-03 9.995035e-01 9.901231e+00
9.994977e-01 -9.882554e-04 3.167347e-02 -2.210580e+01 1.036908e-03 9.999983e-01 -1.519638e-03 5.230984e-01 -3.167201e-02 1.551719e-03 9.994971e-01 1.086315e+01
9.995059e-01 1.052400e-03 -3.141306e-02 -2.216414e+01 -1.007498e-03 9.999984e-01 1.445180e-03 4.997943e-01 3.141443e-02 -1.412817e-03 9.995054e-01 1.187242e+01
9.994973e-01 -9.781918e-04 3.168667e-02 -2.223207e+01 1.026718e-03 9.999983e-01 -1.515189e-03 4.737900e-01 -3.168523e-02 1.546962e-03 9.994966e-01 1.300798e+01
9.995008e-01 1.062429e-03 -3.157527e-02 -2.230826e+01 -1.017069e-03 9.999984e-01 1.452576e-03 4.465357e-01 3.157667e-02 -1.419736e-03 9.995003e-01 1.420842e+01
9.994805e-01 -1.006467e-03 3.221270e-02 -2.235803e+01 1.056345e-03 9.999983e-01 -1.531381e-03 4.217481e-01 -3.221120e-02 1.564615e-03 9.994798e-01 1.526442e+01
9.994946e-01 1.064789e-03 -3.177097e-02 -2.240164e+01 -1.018952e-03 9.999984e-01 1.458866e-03 3.964726e-01 3.177237e-02 -1.425755e-03 9.994941e-01 1.632857e+01
9.994668e-01 -1.016273e-03 3.263575e-02 -2.244789e+01 1.067341e-03 9.999982e-01 -1.547372e-03 3.717899e-01 -3.263422e-02 1.581382e-03 9.994661e-01 1.737367e+01
9.994850e-01 1.076161e-03 -3.207150e-02 -2.250025e+01 -1.029534e-03 9.999984e-01 1.470296e-03 3.457985e-01 3.207293e-02 -1.436519e-03 9.994844e-01 1.848189e+01
9.994790e-01 -9.865128e-04 3.226088e-02 -2.257899e+01 1.036441e-03 9.999983e-01 -1.530930e-03 3.169603e-01 -3.225941e-02 1.563570e-03 9.994782e-01 1.975083e+01
9.994971e-01 1.052768e-03 -3.169143e-02 -2.264341e+01 -1.007093e-03 9.999984e-01 1.457148e-03 2.894577e-01 3.169282e-02 -1.424498e-03 9.994966e-01 2.094121e+01
9.994529e-01 -1.014662e-03 3.305690e-02 -2.270370e+01 1.066949e-03 9.999982e-01 -1.564089e-03 2.657852e-01 -3.305535e-02 1.598505e-03 9.994522e-01 2.197145e+01
9.995122e-01 1.038970e-03 -3.121159e-02 -2.274452e+01 -9.941943e-04 9.999985e-01 1.450048e-03 2.386499e-01 3.121295e-02 -1.418309e-03 9.995117e-01 2.310839e+01
9.994817e-01 -9.905878e-04 3.217503e-02 -2.277587e+01 1.040311e-03 9.999983e-01 -1.528679e-03 2.103394e-01 -3.217356e-02 1.561360e-03 9.994810e-01 2.427674e+01
9.994974e-01 1.047875e-03 -3.168116e-02 -2.280228e+01 -1.002035e-03 9.999984e-01 1.462752e-03 1.818908e-01 3.168254e-02 -1.430270e-03 9.994969e-01 2.544093e+01
9.993838e-01 -1.062848e-03 3.508160e-02 -2.283551e+01 1.120822e-03 9.999980e-01 -1.632897e-03 1.556281e-01 -3.507989e-02 1.671212e-03 9.993831e-01 2.653144e+01
9.995348e-01 1.011050e-03 -3.048183e-02 -2.285598e+01 -9.685933e-04 9.999985e-01 1.407561e-03 1.287864e-01 3.048311e-02 -1.377381e-03 9.995343e-01 2.762465e+01
9.995077e-01 -9.686354e-04 3.135718e-02 -2.289071e+01 1.015954e-03 9.999984e-01 -1.493095e-03 1.023527e-01 -3.135578e-02 1.524219e-03 9.995071e-01 2.872170e+01
9.996342e-01 9.152592e-04 -2.702859e-02 -2.291524e+01 -8.809990e-04 9.999988e-01 1.279409e-03 7.417851e-02 2.702963e-02 -1.255128e-03 9.996338e-01 2.987539e+01
9.995918e-01 -8.853848e-04 2.855571e-02 -2.296311e+01 9.253105e-04 9.999986e-01 -1.384952e-03 4.610805e-02 -2.855455e-02 1.410811e-03 9.995912e-01 3.106257e+01
9.996400e-01 9.042567e-04 -2.681293e-02 -2.301813e+01 -8.705666e-04 9.999988e-01 1.268110e-03 1.818828e-02 2.681395e-02 -1.244310e-03 9.996396e-01 3.225617e+01
9.993937e-01 -1.063002e-03 3.479961e-02 -2.304832e+01 1.120292e-03 9.999980e-01 -1.626794e-03 -8.188237e-03 -3.479791e-02 1.664795e-03 9.993929e-01 3.335145e+01
9.994761e-01 1.067216e-03 -3.234784e-02 -2.309768e+01 -1.019750e-03 9.999984e-01 1.483789e-03 -3.308645e-02 3.234928e-02 -1.450024e-03 9.994755e-01 3.441171e+01
9.993994e-01 -1.048401e-03 3.463753e-02 -2.314840e+01 1.104920e-03 9.999981e-01 -1.612629e-03 -5.996565e-02 -3.463587e-02 1.649933e-03 9.993986e-01 3.555484e+01
9.995835e-01 9.589708e-04 -2.884098e-02 -2.317486e+01 -9.206415e-04 9.999987e-01 1.342218e-03 -8.793657e-02 2.884213e-02 -1.315106e-03 9.995830e-01 3.670540e+01
9.995195e-01 -9.438496e-04 3.098170e-02 -2.323061e+01 9.898722e-04 9.999984e-01 -1.470147e-03 -1.149583e-01 -3.098036e-02 1.500110e-03 9.995188e-01 3.786527e+01
9.995221e-01 1.019846e-03 -3.089542e-02 -2.330195e+01 -9.770286e-04 9.999985e-01 1.400915e-03 -1.418351e-01 3.089671e-02 -1.370059e-03 9.995216e-01 3.904128e+01
9.994704e-01 -9.871420e-04 3.252406e-02 -2.334848e+01 1.036469e-03 9.999983e-01 -1.499769e-03 -1.702215e-01 -3.252262e-02 1.532686e-03 9.994698e-01 4.024013e+01
9.994928e-01 1.045305e-03 -3.182648e-02 -2.338433e+01 -1.000207e-03 9.999985e-01 1.432859e-03 -1.989877e-01 3.182783e-02 -1.400298e-03 9.994923e-01 4.143479e+01
9.994525e-01 -9.992998e-04 3.307029e-02 -2.342294e+01 1.050055e-03 9.999983e-01 -1.517408e-03 -2.274606e-01 -3.306881e-02 1.551304e-03 9.994518e-01 4.262367e+01
9.994826e-01 1.048603e-03 -3.214654e-02 -2.346786e+01 -1.003046e-03 9.999985e-01 1.433244e-03 -2.532408e-01 3.214790e-02 -1.400257e-03 9.994821e-01 4.371268e+01
9.993114e-01 -1.110521e-03 3.708570e-02 -2.349517e+01 1.173186e-03 9.999979e-01 -1.668017e-03 -2.796684e-01 -3.708386e-02 1.710377e-03 9.993106e-01 4.480017e+01
9.993852e-01 1.128155e-03 -3.504212e-02 -2.349815e+01 -1.074194e-03 9.999982e-01 1.558657e-03 -3.082096e-01 3.504372e-02 -1.520056e-03 9.993846e-01 4.593182e+01
9.993679e-01 -1.061950e-03 3.553258e-02 -2.349940e+01 1.119699e-03 9.999981e-01 -1.605374e-03 -3.396290e-01 -3.553090e-02 1.644146e-03 9.993672e-01 4.717501e+01
9.995641e-01 9.709572e-04 -2.950693e-02 -2.347560e+01 -9.322276e-04 9.999987e-01 1.326267e-03 -3.712059e-01 2.950808e-02 -1.298181e-03 9.995636e-01 4.838613e+01
9.991133e-01 -1.245236e-03 4.208273e-02 -2.343798e+01 1.324992e-03 9.999974e-01 -1.867358e-03 -4.009860e-01 -4.208039e-02 1.921462e-03 9.991123e-01 4.950844e+01
9.997342e-01 7.577825e-04 -2.304182e-02 -2.337509e+01 -7.334752e-04 9.999992e-01 1.063332e-03 -4.302931e-01 2.304251e-02 -1.046148e-03 9.997339e-01 5.057385e+01
9.994216e-01 -1.003415e-03 3.398979e-02 -2.334114e+01 1.057190e-03 9.999982e-01 -1.564152e-03 -4.605109e-01 -3.398825e-02 1.599181e-03 9.994209e-01 5.171988e+01
9.997869e-01 6.811045e-04 -2.063280e-02 -2.330877e+01 -6.612082e-04 9.999993e-01 9.710871e-04 -4.898744e-01 2.063336e-02 -9.572369e-04 9.997866e-01 5.283508e+01
9.995220e-01 -9.082314e-04 3.090023e-02 -2.329847e+01 9.530988e-04 9.999985e-01 -1.437289e-03 -5.204453e-01 -3.089897e-02 1.466053e-03 9.995214e-01 5.403464e+01
9.998678e-01 5.392904e-04 -1.625016e-02 -2.324270e+01 -5.265407e-04 9.999996e-01 7.888297e-04 -5.506493e-01 1.625048e-02 -7.801684e-04 9.998676e-01 5.514557e+01
9.996097e-01 -8.159842e-04 2.792420e-02 -2.315446e+01 8.536769e-04 9.999987e-01 -1.337909e-03 -5.824184e-01 -2.792316e-02 1.361225e-03 9.996091e-01 5.626373e+01
9.997209e-01 7.551637e-04 -2.361000e-02 -2.310829e+01 -7.290672e-04 9.999991e-01 1.113888e-03 -6.136592e-01 2.361073e-02 -1.096363e-03 9.997206e-01 5.742528e+01
9.995762e-01 -8.418409e-04 2.909725e-02 -2.309641e+01 8.826096e-04 9.999986e-01 -1.388284e-03 -6.428796e-01 -2.909613e-02 1.413378e-03 9.995756e-01 5.856167e+01
9.997557e-01 6.790956e-04 -2.208915e-02 -2.308162e+01 -6.562014e-04 9.999992e-01 1.043661e-03 -6.671944e-01 2.208975e-02 -1.028911e-03 9.997554e-01 5.949730e+01
9.995541e-01 -8.493339e-04 2.984629e-02 -2.308843e+01 8.919781e-04 9.999986e-01 -1.415493e-03 -6.928398e-01 -2.984514e-02 1.441485e-03 9.995534e-01 6.052415e+01
9.998964e-01 4.597901e-04 -1.438316e-02 -2.307214e+01 -4.490903e-04 9.999996e-01 7.471110e-04 -7.240465e-01 1.438341e-02 -7.405737e-04 9.998962e-01 6.174440e+01
9.997966e-01 -5.710462e-04 2.015694e-02 -2.312083e+01 5.916532e-04 9.999993e-01 -1.016357e-03 -7.549315e-01 -2.015644e-02 1.028077e-03 9.997962e-01 6.305224e+01
9.998581e-01 5.336054e-04 -1.683643e-02 -2.316486e+01 -5.194873e-04 9.999995e-01 8.428881e-04 -7.855576e-01 1.683678e-02 -8.340216e-04 9.998578e-01 6.433974e+01
9.997977e-01 -5.774984e-04 2.010318e-02 -2.321356e+01 5.981363e-04 9.999993e-01 -1.020580e-03 -8.137353e-01 -2.010267e-02 1.032398e-03 9.997973e-01 6.553617e+01
9.998196e-01 6.105238e-04 -1.898339e-02 -2.326609e+01 -5.929883e-04 9.999994e-01 9.293263e-04 -8.458838e-01 1.898385e-02 -9.179012e-04 9.998193e-01 6.689752e+01
9.997954e-01 -5.870394e-04 2.021815e-02 -2.330819e+01 6.079552e-04 9.999993e-01 -1.028353e-03 -8.770399e-01 -2.021762e-02 1.040435e-03 9.997950e-01 6.819989e+01
9.998112e-01 6.237830e-04 -1.942074e-02 -2.334753e+01 -6.055460e-04 9.999994e-01 9.448963e-04 -9.068653e-01 1.942122e-02 -9.329572e-04 9.998109e-01 6.944399e+01
9.997910e-01 -5.957669e-04 2.043172e-02 -2.340523e+01 6.173015e-04 9.999993e-01 -1.047667e-03 -9.343686e-01 -2.043117e-02 1.060061e-03 9.997906e-01 7.062525e+01
9.998057e-01 6.468919e-04 -1.970085e-02 -2.348955e+01 -6.281392e-04 9.999993e-01 9.580332e-04 -9.641578e-01 1.970136e-02 -9.454717e-04 9.998054e-01 7.194340e+01
9.997889e-01 -5.972665e-04 2.053634e-02 -2.358191e+01 6.191481e-04 9.999992e-01 -1.059146e-03 -9.917418e-01 -2.053579e-02 1.071638e-03 9.997885e-01 7.318502e+01
9.998144e-01 6.156579e-04 -1.925526e-02 -2.365717e+01 -5.978816e-04 9.999994e-01 9.289175e-04 -1.016157e+00 1.925573e-02 -9.172323e-04 9.998141e-01 7.426853e+01
9.997935e-01 -5.954187e-04 2.030943e-02 -2.372566e+01 6.170733e-04 9.999992e-01 -1.059964e-03 -1.036738e+00 -2.030888e-02 1.072278e-03 9.997931e-01 7.518387e+01
9.998118e-01 6.112610e-04 -1.939124e-02 -2.381003e+01 -5.934397e-04 9.999994e-01 9.247672e-04 -1.055807e+00 1.939170e-02 -9.130852e-04 9.998115e-01 7.606290e+01
9.997773e-01 -6.006611e-04 2.109204e-02 -2.389729e+01 6.234882e-04 9.999992e-01 -1.075683e-03 -1.076986e+00 -2.109147e-02 1.088595e-03 9.997769e-01 7.703616e+01
9.997963e-01 6.328675e-04 -2.017224e-02 -2.409861e+01 -6.145384e-04 9.999994e-01 9.147999e-04 -1.087534e+00 2.017271e-02 -9.022165e-04 9.997960e-01 7.773140e+01
9.997838e-01 -5.850257e-04 2.078253e-02 -2.440015e+01 6.077974e-04 9.999992e-01 -1.089395e-03 -1.090108e+00 -2.078196e-02 1.101791e-03 9.997834e-01 7.824328e+01
9.998029e-01 6.229500e-04 -1.984196e-02 -2.460425e+01 -6.046062e-04 9.999994e-01 9.304674e-04 -1.102232e+00 1.984244e-02 -9.182870e-04 9.998026e-01 7.901096e+01
9.997887e-01 -5.790896e-04 2.054707e-02 -2.483924e+01 6.015341e-04 9.999992e-01 -1.086162e-03 -1.112728e+00 -2.054652e-02 1.098293e-03 9.997882e-01 7.975904e+01
9.998088e-01 6.026902e-04 -1.954541e-02 -2.501113e+01 -5.846312e-04 9.999994e-01 9.296407e-04 -1.125647e+00 1.954587e-02 -9.180357e-04 9.998085e-01 8.051325e+01
9.997702e-01 -5.939606e-04 2.142527e-02 -2.518660e+01 6.179512e-04 9.999992e-01 -1.113119e-03 -1.139613e+00 -2.142468e-02 1.126103e-03 9.997698e-01 8.131725e+01
9.998018e-01 6.140540e-04 -1.990031e-02 -2.545601e+01 -5.958613e-04 9.999994e-01 9.200935e-04 -1.145101e+00 1.990077e-02 -9.080530e-04 9.998015e-01 8.190730e+01
9.997709e-01 -6.142516e-04 2.139455e-02 -2.572723e+01 6.384766e-04 9.999992e-01 -1.125471e-03 -1.146013e+00 -2.139393e-02 1.138873e-03 9.997704e-01 8.232508e+01
9.998136e-01 5.993903e-04 -1.929586e-02 -2.586183e+01 -5.816012e-04 9.999994e-01 9.275012e-04 -1.160704e+00 1.929631e-02 -9.161056e-04 9.998133e-01 8.309719e+01
9.997627e-01 -6.174177e-04 2.177217e-02 -2.594480e+01 6.418467e-04 9.999992e-01 -1.115047e-03 -1.181424e+00 -2.177156e-02 1.128757e-03 9.997623e-01 8.404321e+01
9.998381e-01 5.563487e-04 -1.798256e-02 -2.603056e+01 -5.406016e-04 9.999995e-01 8.805258e-04 -1.202186e+00 1.798295e-02 -8.706616e-04 9.998378e-01 8.499769e+01
9.997227e-01 -6.802215e-04 2.353815e-02 -2.616119e+01 7.080950e-04 9.999991e-01 -1.175857e-03 -1.218692e+00 -2.353741e-02 1.192198e-03 9.997222e-01 8.584567e+01
9.999823e-01 1.639340e-04 -5.946385e-03 -2.620001e+01 -1.614096e-04 9.999999e-01 4.249766e-04 -1.237796e+00 5.946366e-03 -4.240090e-04 9.999822e-01 8.667305e+01
9.998096e-01 -5.651987e-04 1.950471e-02 -2.627783e+01 5.853948e-04 9.999993e-01 -1.029740e-03 -1.252733e+00 -1.950420e-02 1.040962e-03 9.998092e-01 8.738993e+01
9.999983e-01 5.062522e-05 -1.826827e-03 -2.628743e+01 -5.013996e-05 1.000000e+00 2.655950e-04 -1.274055e+00 1.826754e-03 -2.655027e-04 9.999982e-01 8.825794e+01
9.999273e-01 -3.451549e-04 1.205308e-02 -2.633045e+01 3.541675e-04 9.999997e-01 -7.456002e-04 -1.294687e+00 -1.205290e-02 7.498150e-04 9.999270e-01 8.914789e+01
1.000000e+00 1.023586e-05 -2.102007e-04 -2.638376e+01 -1.019170e-05 1.000000e+00 2.095656e-04 -1.315762e+00 2.101168e-04 -2.095633e-04 9.999999e-01 9.007306e+01
9.999484e-01 -2.810999e-04 1.015644e-02 -2.645864e+01 2.879143e-04 9.999997e-01 -6.694750e-04 -1.338909e+00 -1.015634e-02 6.723648e-04 9.999481e-01 9.111678e+01
9.999893e-01 1.678645e-04 -4.615298e-03 -2.654448e+01 -1.660882e-04 9.999999e-01 3.852417e-04 -1.364025e+00 4.615277e-03 -3.844709e-04 9.999892e-01 9.225060e+01
9.999321e-01 -3.488097e-04 1.164191e-02 -2.662849e+01 3.572836e-04 9.999997e-01 -7.258013e-04 -1.385561e+00 -1.164174e-02 7.299117e-04 9.999319e-01 9.323801e+01
9.999539e-01 -2.752889e-04 9.597630e-03 -2.672096e+01 2.769597e-04 9.999999e-01 -1.727571e-04 -1.400879e+00 -9.597665e-03 1.754074e-04 9.999538e-01 9.400079e+01
9.999671e-01 -2.429025e-04 8.108159e-03 -2.680548e+01 2.476175e-04 9.999998e-01 -5.804996e-04 -1.420312e+00 -8.108099e-03 5.824883e-04 9.999669e-01 9.491527e+01
9.999353e-01 -3.245034e-04 1.136594e-02 -2.686201e+01 3.272295e-04 9.999999e-01 -2.379865e-04 -1.441338e+00 -1.136595e-02 2.416904e-04 9.999353e-01 9.585229e+01
9.999872e-01 -1.495018e-04 5.056371e-03 -2.692408e+01 1.518327e-04 9.999999e-01 -4.606077e-04 -1.464298e+00 -5.056382e-03 4.613695e-04 9.999870e-01 9.687246e+01
9.999395e-01 -3.100206e-04 1.099339e-02 -2.703021e+01 3.125598e-04 9.999999e-01 -2.292528e-04 -1.484264e+00 -1.099340e-02 2.326749e-04 9.999395e-01 9.784159e+01
9.999634e-01 -2.719418e-04 8.544231e-03 -2.711633e+01 2.771200e-04 9.999998e-01 -6.048665e-04 -1.501077e+00 -8.544143e-03 6.072120e-04 9.999632e-01 9.865433e+01
9.999555e-01 -2.566162e-04 9.428953e-03 -2.721410e+01 2.582655e-04 1.000000e+00 -1.737143e-04 -1.516740e+00 -9.428985e-03 1.761416e-04 9.999554e-01 9.943577e+01
9.999935e-01 -1.179446e-04 3.608764e-03 -2.729007e+01 1.194079e-04 9.999999e-01 -4.053030e-04 -1.538416e+00 -3.608792e-03 4.057311e-04 9.999933e-01 1.004254e+02
9.998996e-01 -4.047499e-04 1.416473e-02 -2.736581e+01 4.100870e-04 9.999998e-01 -3.738897e-04 -1.554857e+00 -1.416465e-02 3.796607e-04 9.998995e-01 1.012015e+02
9.999954e-01 -1.084199e-04 3.026702e-03 -2.744338e+01 1.095604e-04 9.999999e-01 -3.766516e-04 -1.571448e+00 -3.026735e-03 3.769812e-04 9.999953e-01 1.019873e+02
9.999500e-01 -2.860104e-04 9.995855e-03 -2.752407e+01 2.881127e-04 9.999999e-01 -2.088889e-04 -1.586755e+00 -9.995868e-03 2.117581e-04 9.999499e-01 1.027231e+02
9.999877e-01 -1.636990e-04 4.945349e-03 -2.759608e+01 1.658993e-04 9.999999e-01 -4.445425e-04 -1.603140e+00 -4.945348e-03 4.453572e-04 9.999876e-01 1.034919e+02
9.999086e-01 -4.070594e-04 1.351538e-02 -2.779594e+01 4.119257e-04 9.999999e-01 -3.572832e-04 -1.606973e+00 -1.351530e-02 3.628175e-04 9.999085e-01 1.039533e+02
9.999953e-01 -1.028493e-04 3.073523e-03 -2.804646e+01 1.039696e-04 9.999999e-01 -3.644111e-04 -1.609916e+00 -3.073555e-03 3.647285e-04 9.999951e-01 1.044575e+02
9.998385e-01 -5.572373e-04 1.796373e-02 -2.825169e+01 5.670637e-04 9.999997e-01 -5.419305e-04 -1.611975e+00 -1.796349e-02 5.520291e-04 9.998384e-01 1.048648e+02
1.000000e+00 -7.395325e-06 1.560908e-04 -2.841055e+01 7.435715e-06 1.000000e+00 -2.599616e-04 -1.616410e+00 -1.561560e-04 2.599622e-04 9.999999e-01 1.052849e+02
9.999286e-01 -3.492428e-04 1.194499e-02 -2.857010e+01 3.529795e-04 9.999999e-01 -3.107370e-04 -1.625466e+00 -1.194494e-02 3.149306e-04 9.999285e-01 1.058806e+02
9.999889e-01 -1.562446e-04 4.714824e-03 -2.881646e+01 1.582716e-04 9.999999e-01 -4.295976e-04 -1.626879e+00 -4.714821e-03 4.303384e-04 9.999887e-01 1.063115e+02
9.998698e-01 -5.351084e-04 1.612930e-02 -2.913945e+01 5.435091e-04 9.999997e-01 -5.164709e-04 -1.615964e+00 -1.612908e-02 5.251693e-04 9.998697e-01 1.063842e+02
9.999671e-01 -2.686139e-04 8.108571e-03 -2.936044e+01 2.732333e-04 9.999998e-01 -5.686250e-04 -1.607219e+00 -8.108478e-03 5.708210e-04 9.999669e-01 1.063923e+02
9.998655e-01 -5.530388e-04 1.639198e-02 -2.951635e+01 5.621940e-04 9.999997e-01 -5.539292e-04 -1.594536e+00 -1.639173e-02 5.630693e-04 9.998654e-01 1.061497e+02
9.999657e-01 -2.142422e-04 8.283723e-03 -2.969211e+01 2.185885e-04 9.999998e-01 -5.238207e-04 -1.592626e+00 -8.283667e-03 5.256125e-04 9.999655e-01 1.063523e+02
9.998743e-01 -5.025836e-04 1.584389e-02 -2.985883e+01 5.106732e-04 9.999997e-01 -5.065568e-04 -1.597448e+00 -1.584368e-02 5.145832e-04 9.998743e-01 1.068063e+02
9.999465e-01 -3.273899e-04 1.034251e-02 -2.992281e+01 3.337366e-04 9.999998e-01 -6.119634e-04 -1.600566e+00 -1.034236e-02 6.153812e-04 9.999462e-01 1.070519e+02
9.997795e-01 -6.692155e-04 2.098784e-02 -2.997444e+01 6.855118e-04 9.999995e-01 -7.692950e-04 -1.591304e+00 -2.098736e-02 7.835116e-04 9.997793e-01 1.068037e+02
9.999519e-01 -2.919349e-04 9.804783e-03 -2.990221e+01 2.978625e-04 9.999998e-01 -6.031338e-04 -1.584419e+00 -9.804653e-03 6.060239e-04 9.999517e-01 1.064860e+02
9.997375e-01 -7.453539e-04 2.289683e-02 -2.998723e+01 7.641498e-04 9.999994e-01 -8.121717e-04 -1.576358e+00 -2.289625e-02 8.294537e-04 9.997374e-01 1.063293e+02
9.999541e-01 -2.902720e-04 9.578277e-03 -3.009624e+01 2.959296e-04 9.999998e-01 -5.892935e-04 -1.569985e+00 -9.578146e-03 5.920994e-04 9.999539e-01 1.062712e+02
9.995953e-01 -8.934627e-04 2.843232e-02 -3.017891e+01 9.225946e-04 9.999991e-01 -1.011515e-03 -1.565804e+00 -2.843143e-02 1.037335e-03 9.995951e-01 1.062682e+02
9.999494e-01 -3.092333e-04 1.005312e-02 -3.020719e+01 3.152693e-04 9.999998e-01 -5.988563e-04 -1.565250e+00 -1.005296e-02 6.019936e-04 9.999492e-01 1.063262e+02
9.995631e-01 -9.168617e-04 2.954088e-02 -3.022878e+01 9.485125e-04 9.999990e-01 -1.057439e-03 -1.563090e+00 -2.953992e-02 1.084995e-03 9.995629e-01 1.063164e+02
9.999977e-01 -8.617521e-05 2.140253e-03 -3.016707e+01 8.685730e-05 9.999999e-01 -3.187354e-04 -1.560443e+00 -2.140254e-03 3.189185e-04 9.999976e-01 1.061657e+02
9.996168e-01 -7.829446e-04 2.766994e-02 -2.991457e+01 8.111189e-04 9.999992e-01 -1.007027e-03 -1.563290e+00 -2.766915e-02 1.029083e-03 9.996165e-01 1.059739e+02
9.999955e-01 -1.822601e-04 2.995627e-03 -2.977014e+01 1.832400e-04 9.999999e-01 -3.269045e-04 -1.565599e+00 -2.995589e-03 3.274496e-04 9.999954e-01 1.058995e+02
9.995890e-01 -7.854951e-04 2.865646e-02 -2.971074e+01 8.141696e-04 9.999992e-01 -9.889869e-04 -1.576190e+00 -2.865568e-02 1.011909e-03 9.995887e-01 1.062565e+02
9.999889e-01 -2.552647e-04 4.697012e-03 -2.964341e+01 2.571895e-04 9.999999e-01 -4.092305e-04 -1.583157e+00 -4.696923e-03 4.104314e-04 9.999888e-01 1.064610e+02
9.996499e-01 -7.268444e-04 2.644739e-02 -2.954769e+01 7.519648e-04 9.999993e-01 -9.399001e-04 -1.587085e+00 -2.644670e-02 9.594559e-04 9.996497e-01 1.065096e+02
9.999980e-01 -1.753857e-04 1.993305e-03 -2.946613e+01 1.759465e-04 9.999999e-01 -2.812269e-04 -1.594241e+00 -1.993266e-03 2.815742e-04 9.999979e-01 1.066928e+02
9.997627e-01 -5.762644e-04 2.177763e-02 -2.930006e+01 5.936045e-04 9.999995e-01 -7.897872e-04 -1.600888e+00 -2.177717e-02 8.025241e-04 9.997624e-01 1.067396e+02
9.999918e-01 -2.619246e-04 4.050533e-03 -2.923364e+01 2.633600e-04 9.999999e-01 -3.538613e-04 -1.604210e+00 -4.050445e-03 3.549220e-04 9.999916e-01 1.068024e+02
9.998117e-01 -5.029742e-04 1.939820e-02 -2.910662e+01 5.168502e-04 9.999996e-01 -7.103219e-04 -1.608897e+00 -1.939783e-02 7.202109e-04 9.998115e-01 1.068285e+02
9.999937e-01 -2.357691e-04 3.539508e-03 -2.895632e+01 2.370534e-04 9.999999e-01 -3.624418e-04 -1.608005e+00 -3.539423e-03 3.632753e-04 9.999936e-01 1.066158e+02
9.997938e-01 -5.256851e-04 2.029907e-02 -2.888530e+01 5.402886e-04 9.999996e-01 -7.139378e-04 -1.611259e+00 -2.029869e-02 7.247545e-04 9.997936e-01 1.066628e+02
9.999579e-01 -4.058333e-04 9.162555e-03 -2.896710e+01 4.109285e-04 9.999998e-01 -5.542116e-04 -1.612659e+00 -9.162323e-03 5.579499e-04 9.999578e-01 1.068537e+02
9.999686e-01 -1.336271e-04 7.929729e-03 -2.895435e+01 1.354589e-04 1.000000e+00 -2.304616e-04 -1.626299e+00 -7.929691e-03 2.315249e-04 9.999684e-01 1.073733e+02
9.999800e-01 -3.508840e-04 6.309430e-03 -2.883828e+01 3.538080e-04 9.999998e-01 -4.622964e-04 -1.635555e+00 -6.309259e-03 4.645158e-04 9.999799e-01 1.075711e+02
9.999720e-01 -1.107211e-04 7.479734e-03 -2.862606e+01 1.126942e-04 1.000000e+00 -2.633485e-04 -1.641231e+00 -7.479695e-03 2.641803e-04 9.999719e-01 1.075083e+02
9.999999e-01 -1.197740e-04 3.116734e-04 -2.836735e+01 1.198421e-04 1.000000e+00 -2.177941e-04 -1.654114e+00 -3.116373e-04 2.178277e-04 9.999998e-01 1.076361e+02
9.998779e-01 -3.960783e-04 1.562138e-02 -2.828624e+01 4.044631e-04 9.999998e-01 -5.335796e-04 -1.666081e+00 -1.562115e-02 5.398289e-04 9.998777e-01 1.079848e+02
9.999994e-01 -1.056644e-04 -1.127631e-03 -2.831334e+01 1.054612e-04 1.000000e+00 -1.805122e-04 -1.671135e+00 1.127663e-03 1.803892e-04 9.999992e-01 1.082224e+02
9.997647e-01 -5.740985e-04 2.168472e-02 -2.837149e+01 5.908474e-04 9.999995e-01 -7.659668e-04 -1.671657e+00 -2.168426e-02 7.785948e-04 9.997645e-01 1.083331e+02
9.999864e-01 2.346984e-05 -5.205807e-03 -2.828492e+01 -2.356452e-05 1.000000e+00 -1.819786e-05 -1.678490e+00 5.205824e-03 1.831616e-05 9.999864e-01 1.084802e+02
9.999946e-01 9.080057e-05 3.294903e-03 -2.794597e+01 -9.025210e-05 1.000000e+00 -1.665022e-04 -1.689444e+00 -3.294902e-03 1.661998e-04 9.999945e-01 1.084131e+02
9.999686e-01 1.404767e-04 -7.917346e-03 -2.756220e+01 -1.399644e-04 1.000000e+00 6.521452e-05 -1.701818e+00 7.917371e-03 -6.410848e-05 9.999686e-01 1.083358e+02
9.999926e-01 3.502808e-04 -3.819907e-03 -2.710896e+01 -3.499119e-04 9.999999e-01 9.714949e-05 -1.716029e+00 3.819956e-03 -9.581627e-05 9.999926e-01 1.082250e+02
9.998858e-01 3.700344e-04 -1.511116e-02 -2.672715e+01 -3.646487e-04 9.999999e-01 3.591323e-04 -1.729887e+00 1.511130e-02 -3.535851e-04 9.998857e-01 1.081930e+02
9.999796e-01 4.811403e-04 -6.364498e-03 -2.626955e+01 -4.798235e-04 9.999999e-01 2.083684e-04 -1.746634e+00 6.364608e-03 -2.053144e-04 9.999796e-01 1.081704e+02
9.999033e-01 3.350905e-04 -1.390173e-02 -2.577695e+01 -3.309591e-04 9.999999e-01 2.994745e-04 -1.764458e+00 1.390183e-02 -2.948486e-04 9.999032e-01 1.081333e+02
9.998465e-01 8.159248e-04 -1.749901e-02 -2.543069e+01 -8.047536e-04 9.999995e-01 6.454113e-04 -1.777195e+00 1.749953e-02 -6.312337e-04 9.998466e-01 1.081138e+02
9.999191e-01 2.938822e-04 -1.271386e-02 -2.512486e+01 -2.905705e-04 9.999999e-01 2.623158e-04 -1.789639e+00 1.271394e-02 -2.586041e-04 9.999190e-01 1.081409e+02
9.999116e-01 6.453796e-04 -1.328107e-02 -2.485110e+01 -6.389165e-04 9.999997e-01 4.908787e-04 -1.802371e+00 1.328139e-02 -4.823535e-04 9.999116e-01 1.082172e+02
9.999393e-01 2.367859e-04 -1.101977e-02 -2.459882e+01 -2.343890e-04 9.999999e-01 2.188015e-04 -1.815977e+00 1.101982e-02 -2.162090e-04 9.999392e-01 1.083505e+02
9.999999e-01 1.814377e-04 3.461204e-04 -2.441147e+01 -1.814360e-04 1.000000e+00 -5.190269e-06 -1.833966e+00 -3.461248e-04 5.123841e-06 9.999998e-01 1.087430e+02
9.999981e-01 -3.940324e-05 -1.942449e-03 -2.411842e+01 3.919351e-05 1.000000e+00 -1.079893e-04 -1.856132e+00 1.942449e-03 1.079094e-04 9.999980e-01 1.091430e+02
9.999796e-01 4.071597e-04 -6.379063e-03 -2.377232e+01 -4.056843e-04 9.999999e-01 2.326005e-04 -1.878422e+00 6.379153e-03 -2.300115e-04 9.999795e-01 1.094516e+02
9.999815e-01 5.727215e-05 -6.078813e-03 -2.357193e+01 -5.693770e-05 1.000000e+00 5.520487e-05 -1.896776e+00 6.078811e-03 -5.486134e-05 9.999814e-01 1.098242e+02
9.997965e-01 8.550384e-04 -2.015357e-02 -2.345426e+01 -8.399854e-04 9.999994e-01 7.553724e-04 -1.908167e+00 2.015420e-02 -7.382935e-04 9.997965e-01 1.100691e+02
9.999747e-01 -4.013280e-04 7.106778e-03 -2.344433e+01 4.042071e-04 9.999998e-01 -4.037166e-04 -1.925499e+00 -7.106625e-03 4.065755e-04 9.999746e-01 1.106963e+02
9.997240e-01 9.623156e-04 -2.347281e-02 -2.341416e+01 -9.416938e-04 9.999992e-01 8.895834e-04 -1.941227e+00 2.347363e-02 -8.672371e-04 9.997240e-01 1.112248e+02
9.999996e-01 -1.695561e-04 9.314742e-04 -2.325678e+01 1.697499e-04 1.000000e+00 -2.082644e-04 -1.954845e+00 -9.314523e-04 2.084190e-04 9.999994e-01 1.114908e+02
9.995419e-01 1.194504e-03 -3.024014e-02 -2.309685e+01 -1.161166e-03 9.999987e-01 1.119986e-03 -1.964836e+00 3.024142e-02 -1.084362e-03 9.995419e-01 1.116313e+02
