9.999565e-01 -1.110928e-04 -9.326700e-03 2.167796e-01 1.138095e-04 1.000000e+00 2.907496e-04 5.289825e-03 9.326666e-03 -2.917979e-04 9.999564e-01 -5.120770e-01
9.999984e-01 -3.188480e-05 -1.813523e-03 6.162819e-01 3.245337e-05 1.000000e+00 3.134745e-04 -4.591594e-03 1.813511e-03 -3.135322e-04 9.999982e-01 -6.097919e-01
9.999790e-01 -1.821215e-04 -6.475625e-03 1.034956e+00 1.833281e-04 1.000000e+00 1.857206e-04 -1.979003e-02 6.475588e-03 -1.869032e-04 9.999789e-01 -5.322611e-01
9.999979e-01 5.396945e-05 -2.071687e-03 1.264205e+00 -5.361547e-05 1.000000e+00 1.709082e-04 -1.944994e-02 2.071692e-03 -1.707961e-04 9.999977e-01 -8.427169e-01
9.999774e-01 -1.600034e-04 -6.714302e-03 1.472551e+00 1.605850e-04 1.000000e+00 8.607726e-05 -1.127398e-02 6.714284e-03 -8.715285e-05 9.999774e-01 -1.463781e+00
9.999997e-01 4.941174e-05 8.045828e-04 1.591234e+00 -4.938116e-05 1.000000e+00 -3.798860e-05 8.778009e-04 -8.045898e-04 3.794954e-05 9.999996e-01 -2.147195e+00
9.999518e-01 -1.301627e-04 -9.812780e-03 1.765094e+00 1.329941e-04 9.999999e-01 2.878914e-04 9.193646e-03 9.812736e-03 -2.891819e-04 9.999517e-01 -2.727290e+00
9.999975e-01 -1.163814e-04 2.252761e-03 2.205249e+00 1.160617e-04 1.000000e+00 1.420235e-04 2.985987e-03 -2.252785e-03 -1.417609e-04 9.999974e-01 -3.048900e+00
9.999534e-01 -3.375530e-05 -9.658437e-03 2.458055e+00 3.547403e-05 1.000000e+00 1.777752e-04 -1.725429e-04 9.658423e-03 -1.781087e-04 9.999532e-01 -3.255238e+00
9.999998e-01 -8.634899e-05 -5.689087e-04 2.736045e+00 8.651922e-05 1.000000e+00 2.991148e-04 -5.814123e-03 5.688743e-04 -2.991631e-04 9.999997e-01 -3.377765e+00
9.999757e-01 2.287977e-05 -6.968672e-03 2.784359e+00 -2.403344e-05 1.000000e+00 -1.654756e-04 5.560588e-03 6.968659e-03 1.656399e-04 9.999756e-01 -3.939754e+00
9.999990e-01 4.053680e-05 1.411367e-03 2.551769e+00 -4.053792e-05 1.000000e+00 8.076498e-07 3.025860e-02 -1.411377e-03 -8.640330e-07 9.999989e-01 -4.721254e+00
9.999641e-01 -2.946804e-05 -8.477831e-03 2.471222e+00 2.977976e-05 1.000000e+00 3.663601e-05 4.358929e-02 8.477819e-03 -3.688632e-05 9.999640e-01 -5.203077e+00
9.999883e-01 -4.928175e-05 4.836972e-03 2.486027e+00 4.947635e-05 1.000000e+00 -4.009850e-05 5.099440e-02 -4.836981e-03 4.033818e-05 9.999882e-01 -5.564680e+00
9.999751e-01 -4.750063e-06 -7.051769e-03 2.415937e+00 4.545070e-06 1.000000e+00 -2.909453e-05 6.101990e-02 7.051758e-03 2.906258e-05 9.999750e-01 -5.927001e+00
9.999495e-01 2.143292e-04 -1.004497e-02 2.467416e+00 -2.069634e-04 9.999997e-01 7.343132e-04 5.941653e-02 1.004512e-02 -7.321963e-04 9.999492e-01 -5.882918e+00
9.999997e-01 -1.912063e-04 7.731161e-04 2.543272e+00 1.915104e-04 9.999999e-01 -3.931779e-04 5.701708e-02 -7.730546e-04 3.933268e-04 9.999995e-01 -5.864481e+00
9.999926e-01 5.700141e-05 -3.844465e-03 2.691002e+00 -5.533418e-05 9.999999e-01 4.337557e-04 5.467847e-02 3.844475e-03 -4.335388e-04 9.999924e-01 -5.958344e+00
9.999945e-01 -1.613217e-04 -3.318551e-03 2.872590e+00 1.608245e-04 1.000000e+00 -1.501104e-04 5.599474e-02 3.318560e-03 1.495768e-04 9.999944e-01 -6.239938e+00
9.999764e-01 7.309251e-05 -6.868124e-03 3.114880e+00 -6.941305e-05 9.999999e-01 5.359537e-04 5.932714e-02 6.868146e-03 -5.354633e-04 9.999762e-01 -6.685118e+00
9.998292e-01 1.685805e-04 -1.848040e-02 3.358669e+00 -1.577305e-04 9.999998e-01 5.885615e-04 6.157661e-02 1.848048e-02 -5.855450e-04 9.998290e-01 -7.024287e+00
9.999917e-01 6.895877e-05 -4.063314e-03 3.533395e+00 -6.741957e-05 9.999999e-01 3.789077e-04 6.122158e-02 4.063319e-03 -3.786294e-04 9.999916e-01 -7.178853e+00
9.999731e-01 -8.449810e-05 -7.328878e-03 3.732758e+00 8.558237e-05 1.000000e+00 1.476100e-04 5.348955e-02 7.328843e-03 -1.482320e-04 9.999730e-01 -7.095234e+00
9.999902e-01 -8.064257e-05 4.436083e-03 3.956739e+00 8.084708e-05 1.000000e+00 -4.588572e-05 3.485283e-02 -4.436101e-03 4.624518e-05 9.999901e-01 -6.629082e+00
9.999791e-01 -7.888556e-05 -6.471319e-03 4.137461e+00 7.929088e-05 1.000000e+00 6.235338e-05 1.752081e-02 6.471292e-03 -6.286392e-05 9.999790e-01 -6.157319e+00
9.999846e-01 -8.104334e-05 5.550384e-03 4.361370e+00 8.142299e-05 1.000000e+00 -6.814372e-05 -4.061604e-03 -5.550401e-03 6.859587e-05 9.999845e-01 -5.566794e+00
9.999692e-01 7.052697e-08 7.844428e-03 4.666239e+00 1.226791e-06 1.000000e+00 -1.653560e-04 -2.925356e-02 -7.844449e-03 1.653618e-04 9.999691e-01 -4.894050e+00
9.998701e-01 -6.580968e-05 1.611759e-02 5.163076e+00 6.568765e-05 1.000000e+00 8.109157e-06 -5.141430e-02 -1.611761e-02 -7.048144e-06 9.998700e-01 -4.601934e+00
9.998949e-01 9.587352e-05 1.449524e-02 5.677562e+00 -9.258359e-05 1.000000e+00 -2.276281e-04 -6.788124e-02 -1.449528e-02 2.262634e-04 9.998948e-01 -4.566728e+00
9.999872e-01 -1.677760e-04 5.059553e-03 6.337075e+00 1.671199e-04 1.000000e+00 1.301208e-04 -9.407447e-02 -5.059589e-03 -1.292724e-04 9.999871e-01 -4.350554e+00
9.999557e-01 2.456737e-05 9.412782e-03 6.989162e+00 -2.440444e-05 1.000000e+00 -1.741488e-05 -1.194208e-01 -9.412794e-03 1.718561e-05 9.999556e-01 -4.173669e+00
9.997133e-01 5.926465e-05 -2.394528e-02 7.499082e+00 -3.539046e-05 9.999995e-01 9.974499e-04 -1.400409e-01 2.394531e-02 -9.963152e-04 9.997127e-01 -3.953293e+00
9.997272e-01 -2.398822e-04 2.335443e-02 7.820433e+00 2.626609e-04 9.999995e-01 -9.722766e-04 -1.694472e-01 -2.335419e-02 9.781470e-04 9.997267e-01 -3.176689e+00
9.997673e-01 1.001756e-04 -2.157261e-02 8.063838e+00 -8.237345e-05 9.999997e-01 8.261044e-04 -2.037543e-01 2.157267e-02 -8.241338e-04 9.997668e-01 -2.072431e+00
9.998150e-01 -2.974020e-04 1.922970e-02 8.328994e+00 3.133568e-04 9.999996e-01 -8.266814e-04 -2.365670e-01 -1.922946e-02 8.325556e-04 9.998147e-01 -1.085084e+00
9.997531e-01 9.877575e-05 -2.222064e-02 8.588801e+00 -7.960556e-05 9.999996e-01 8.635990e-04 -2.681900e-01 2.222070e-02 -8.616156e-04 9.997526e-01 -1.383197e-01
9.997696e-01 -2.517256e-04 2.146333e-02 8.857132e+00 2.701193e-04 9.999996e-01 -8.540840e-04 -2.937052e-01 -2.146312e-02 8.596862e-04 9.997692e-01 5.478584e-01
9.997820e-01 1.352455e-04 -2.087977e-02 9.146129e+00 -1.189841e-04 9.999997e-01 7.800488e-04 -3.104887e-01 2.087986e-02 -7.773931e-04 9.997816e-01 8.624190e-01
9.997761e-01 -1.415332e-04 2.115849e-02 9.274897e+00 1.616264e-04 9.999995e-01 -9.479388e-04 -3.060208e-01 -2.115836e-02 9.511477e-04 9.997756e-01 4.965980e-01
9.999531e-01 2.181133e-04 -9.684793e-03 9.433383e+00 -2.113154e-04 9.999997e-01 7.029229e-04 -3.034094e-01 9.684931e-03 -7.008421e-04 9.999528e-01 1.989089e-01
9.998122e-01 -2.131028e-04 1.937890e-02 9.742822e+00 2.296273e-04 9.999996e-01 -8.504772e-04 -3.085957e-01 -1.937872e-02 8.547687e-04 9.998118e-01 1.149889e-02
9.998213e-01 2.018262e-04 -1.890327e-02 9.732705e+00 -1.892364e-04 9.999998e-01 6.677939e-04 -2.976908e-01 1.890339e-02 -6.640961e-04 9.998210e-01 -4.554774e-01
9.997799e-01 -1.360867e-04 2.097964e-02 9.347676e+00 1.589954e-04 9.999994e-01 -1.090283e-03 -2.667296e-01 -2.097949e-02 1.093380e-03 9.997792e-01 -1.312134e+00
9.998275e-01 2.307866e-04 -1.857349e-02 8.850037e+00 -2.203132e-04 9.999998e-01 5.659331e-04 -2.278777e-01 1.857360e-02 -5.617424e-04 9.998272e-01 -2.369692e+00
9.998312e-01 -5.856857e-05 1.837511e-02 8.293937e+00 7.855614e-05 9.999994e-01 -1.087028e-03 -1.836874e-01 -1.837504e-02 1.088289e-03 9.998305e-01 -3.584772e+00
9.999679e-01 1.636768e-04 -8.011798e-03 8.246560e+00 -1.578538e-04 9.999997e-01 7.274194e-04 -1.695240e-01 8.011905e-03 -7.261303e-04 9.999675e-01 -4.109977e+00
9.994187e-01 -4.698537e-05 3.409073e-02 8.585505e+00 8.584850e-05 9.999993e-01 -1.138526e-03 -1.798236e-01 -3.409067e-02 1.140791e-03 9.994180e-01 -4.074984e+00
9.995246e-01 -8.164201e-06 -3.083055e-02 8.977245e+00 4.322752e-05 9.999994e-01 1.136624e-03 -1.935309e-01 3.083051e-02 -1.137416e-03 9.995239e-01 -4.036890e+00
9.997232e-01 -1.274991e-04 2.352748e-02 9.246863e+00 1.464397e-04 9.999997e-01 -8.033179e-04 -2.173512e-01 -2.352738e-02 8.065420e-04 9.997228e-01 -3.405456e+00
9.986927e-01 5.307210e-04 -5.111390e-02 9.352459e+00 -4.276371e-04 9.999979e-01 2.027662e-03 -2.184063e-01 5.111485e-02 -2.003152e-03 9.986907e-01 -3.425358e+00
9.999372e-01 7.954050e-06 1.120939e-02 9.639117e+00 -6.525183e-06 1.000000e+00 -1.274958e-04 -2.192990e-01 -1.120940e-02 1.274160e-04 9.999371e-01 -3.638134e+00
9.988605e-01 8.737534e-05 -4.772506e-02 1.039031e+01 1.583355e-05 9.999977e-01 2.162187e-03 -2.401997e-01 4.772512e-02 -2.160478e-03 9.988581e-01 -3.682669e+00
9.999052e-01 -3.706024e-04 1.376340e-02 1.149980e+01 3.715928e-04 9.999999e-01 -6.938382e-05 -2.740184e-01 -1.376340e-02 7.449338e-05 9.999052e-01 -3.716436e+00
9.988198e-01 -9.793426e-05 -4.856892e-02 1.287297e+01 2.106857e-04 9.999973e-01 2.316354e-03 -3.180677e-01 4.856854e-02 -2.323851e-03 9.988170e-01 -3.706278e+00
9.998694e-01 -5.408022e-04 1.615147e-02 1.435531e+01 5.434756e-04 9.999998e-01 -1.611087e-04 -3.693323e-01 -1.615141e-02 1.698677e-04 9.998694e-01 -3.569951e+00
9.981988e-01 -8.965919e-05 -5.999276e-02 1.616420e+01 2.753573e-04 9.999952e-01 3.087077e-03 -4.333654e-01 5.999217e-02 -3.098033e-03 9.981939e-01 -3.331150e+00
9.999855e-01 -6.429143e-04 5.341145e-03 1.826988e+01 6.407051e-04 9.999997e-01 4.154433e-04 -5.113935e-01 -5.341448e-03 -4.120124e-04 9.999856e-01 -2.909633e+00
9.978545e-01 -1.576183e-05 -6.547060e-02 2.048418e+01 2.383972e-04 9.999942e-01 3.392720e-03 -5.957501e-01 6.547012e-02 -3.401046e-03 9.978486e-01 -2.367057e+00
9.998280e-01 -7.621159e-04 1.853059e-02 2.253846e+01 7.688557e-04 9.999996e-01 -3.565407e-04 -6.729617e-01 -1.853035e-02 3.707302e-04 9.998281e-01 -1.938340e+00
9.988202e-01 -5.322126e-05 -4.856167e-02 2.429963e+01 1.787240e-04 9.999967e-01 2.580044e-03 -7.319285e-01 4.856132e-02 -2.585675e-03 9.988168e-01 -1.888594e+00
9.998315e-01 -7.102735e-04 1.834148e-02 2.595179e+01 7.181408e-04 9.999997e-01 -4.222877e-04 -7.833689e-01 -1.834123e-02 4.353922e-04 9.998316e-01 -1.986125e+00
9.988015e-01 1.135012e-04 -4.894376e-02 2.742737e+01 1.050469e-05 9.999968e-01 2.533353e-03 -8.272990e-01 4.894384e-02 -2.530827e-03 9.987982e-01 -2.138381e+00
9.999657e-01 -3.272066e-04 8.279590e-03 2.862938e+01 3.281658e-04 9.999999e-01 -1.143211e-04 -8.612690e-01 -8.279611e-03 1.170385e-04 9.999656e-01 -2.267302e+00
9.980540e-01 7.594433e-04 -6.235120e-02 2.944549e+01 -5.759358e-04 9.999955e-01 2.961026e-03 -8.834471e-01 6.235310e-02 -2.919349e-03 9.980498e-01 -2.291252e+00
9.996909e-01 -4.186303e-04 2.485697e-02 2.992715e+01 4.489148e-04 9.999992e-01 -1.212707e-03 -8.748551e-01 -2.485650e-02 1.223496e-03 9.996902e-01 -3.171253e+00
9.978792e-01 1.121806e-03 -6.508343e-02 3.000978e+01 -9.498367e-04 9.999960e-01 2.673154e-03 -8.539947e-01 6.508610e-02 -2.605662e-03 9.978762e-01 -4.048830e+00
9.999868e-01 6.804433e-05 5.139286e-03 3.010473e+01 -6.834259e-05 1.000000e+00 5.826798e-05 -8.528882e-01 -5.139355e-03 -5.861366e-05 9.999867e-01 -4.020856e+00
9.980111e-01 1.079703e-03 -6.302915e-02 3.021168e+01 -9.193285e-04 9.999963e-01 2.573357e-03 -8.520219e-01 6.303162e-02 -2.510289e-03 9.980083e-01 -4.003715e+00
9.999502e-01 -5.998206e-05 9.972827e-03 3.032892e+01 6.150216e-05 1.000000e+00 -1.518617e-04 -8.519729e-01 -9.972898e-03 1.524725e-04 9.999502e-01 -3.984902e+00
9.981355e-01 1.075252e-03 -6.102703e-02 3.041574e+01 -9.272005e-04 9.999966e-01 2.454228e-03 -8.513307e-01 6.102938e-02 -2.393063e-03 9.981330e-01 -3.958370e+00
9.994541e-01 -5.198083e-04 3.303226e-02 3.046964e+01 5.611487e-04 9.999991e-01 -1.242169e-03 -8.495400e-01 -3.303166e-02 1.260032e-03 9.994534e-01 -4.021588e+00
9.963775e-01 1.670730e-03 -8.502350e-02 3.047093e+01 -1.369638e-03 9.999926e-01 3.599455e-03 -8.457250e-01 8.502879e-02 -3.469960e-03 9.963724e-01 -4.023989e+00
9.999387e-01 8.662809e-05 1.106718e-02 3.040471e+01 -8.283735e-05 9.999999e-01 -3.426744e-04 -8.386343e-01 -1.106730e-02 3.417418e-04 9.999386e-01 -3.997879e+00
9.988175e-01 6.982245e-04 -4.861097e-02 3.046493e+01 -6.010750e-04 9.999978e-01 2.013032e-03 -8.390328e-01 4.861218e-02 -1.981428e-03 9.988157e-01 -3.934575e+00
9.992256e-01 -4.529557e-04 3.934273e-02 3.051919e+01 5.105531e-04 9.999988e-01 -1.453862e-03 -8.394903e-01 -3.934212e-02 1.472828e-03 9.992246e-01 -3.953164e+00
9.962844e-01 1.612919e-03 -8.610868e-02 3.050937e+01 -1.312528e-03 9.999929e-01 3.544980e-03 -8.375612e-01 8.611369e-02 -3.418784e-03 9.962794e-01 -3.868421e+00
9.983478e-01 -7.962732e-04 5.745473e-02 3.036816e+01 9.320604e-04 9.999968e-01 -2.336547e-03 -8.301582e-01 -5.745278e-02 2.386243e-03 9.983453e-01 -3.930647e+00
9.971502e-01 1.329325e-03 -7.542922e-02 3.018832e+01 -1.102644e-03 9.999948e-01 3.046732e-03 -8.209087e-01 7.543278e-02 -2.954873e-03 9.971464e-01 -4.067728e+00
9.990494e-01 -5.279190e-04 4.358758e-02 3.005689e+01 6.024721e-04 9.999984e-01 -1.697205e-03 -8.137747e-01 -4.358671e-02 1.721857e-03 9.990481e-01 -4.122415e+00
9.976005e-01 1.136686e-03 -6.922294e-02 3.001565e+01 -9.449669e-04 9.999956e-01 2.802218e-03 -8.102036e-01 6.922573e-02 -2.730075e-03 9.975972e-01 -4.147560e+00
9.984886e-01 -4.584841e-04 5.495743e-02 3.009494e+01 5.540341e-04 9.999984e-01 -1.723314e-03 -8.119419e-01 -5.495664e-02 1.751163e-03 9.984871e-01 -4.049119e+00
9.988597e-01 8.550787e-04 -4.773436e-02 3.026684e+01 -7.522298e-04 9.999974e-01 2.172448e-03 -8.180717e-01 4.773599e-02 -2.134058e-03 9.988576e-01 -3.908511e+00
9.997173e-01 -4.379887e-04 2.377207e-02 3.047674e+01 4.612372e-04 9.999994e-01 -9.723180e-04 -8.256518e-01 -2.377173e-02 9.830129e-04 9.997169e-01 -3.780598e+00
9.989486e-01 7.907939e-04 -4.583753e-02 3.071270e+01 -6.947778e-04 9.999975e-01 2.110509e-03 -8.335841e-01 4.583899e-02 -2.076438e-03 9.989466e-01 -3.684481e+00
9.996411e-01 -4.440922e-04 2.678332e-02 3.096350e+01 4.731983e-04 9.999993e-01 -1.080225e-03 -8.418152e-01 -2.678292e-02 1.092517e-03 9.996406e-01 -3.594523e+00
9.977349e-01 1.305646e-03 -6.725598e-02 3.107535e+01 -1.108857e-03 9.999950e-01 2.963158e-03 -8.436591e-01 6.725941e-02 -2.881863e-03 9.977313e-01 -3.522120e+00
9.999852e-01 9.119177e-05 5.433166e-03 3.108206e+01 -9.012960e-05 1.000000e+00 -1.948436e-04 -8.404000e-01 -5.433284e-03 1.943561e-04 9.999852e-01 -3.457393e+00
9.978107e-01 1.288407e-03 -6.612164e-02 3.104264e+01 -1.101827e-03 9.999953e-01 2.858098e-03 -8.354442e-01 6.612492e-02 -2.778981e-03 9.978074e-01 -3.417559e+00
9.999466e-01 4.958508e-05 1.033227e-02 3.097806e+01 -4.498908e-05 9.999999e-01 -4.445359e-04 -8.312891e-01 -1.033239e-02 4.440523e-04 9.999465e-01 -3.330331e+00
9.990961e-01 5.627642e-04 -4.250450e-02 3.110757e+01 -4.817264e-04 9.999980e-01 1.916664e-03 -8.394169e-01 4.250540e-02 -1.894451e-03 9.990944e-01 -3.042007e+00
9.999996e-01 1.698734e-04 8.227757e-04 3.124684e+01 -1.698868e-04 1.000000e+00 2.301711e-05 -8.429036e-01 -8.228709e-04 -2.315202e-05 9.999996e-01 -2.938152e+00
9.965735e-01 1.656205e-03 -8.269483e-02 3.125348e+01 -1.358762e-03 9.999924e-01 3.652954e-03 -8.356883e-01 8.270015e-02 -3.528070e-03 9.965682e-01 -2.976487e+00
9.999887e-01 3.540697e-04 -4.725725e-03 3.122092e+01 -3.530058e-04 9.999999e-01 2.246768e-04 -8.272292e-01 4.725709e-03 -2.230016e-04 9.999888e-01 -3.003898e+00
9.970953e-01 1.563466e-03 -7.614707e-02 3.114718e+01 -1.314914e-03 9.999936e-01 3.314058e-03 -8.192872e-01 7.615167e-02 -3.204301e-03 9.970911e-01 -2.975601e+00
9.996722e-01 -3.519146e-04 2.559782e-02 3.107423e+01 3.810952e-04 9.999993e-01 -1.134840e-03 -8.134368e-01 -2.559750e-02 1.144227e-03 9.996716e-01 -2.968785e+00
9.978317e-01 1.274240e-03 -6.580444e-02 3.095094e+01 -1.092459e-03 9.999955e-01 2.798257e-03 -8.043520e-01 6.580762e-02 -2.720297e-03 9.978286e-01 -3.079037e+00
9.984820e-01 -1.039257e-03 5.506828e-02 3.100491e+01 1.172743e-03 9.999965e-01 -2.391621e-03 -8.078265e-01 -5.506569e-02 2.452575e-03 9.984797e-01 -2.989748e+00
9.986577e-01 1.146825e-03 -5.178114e-02 3.117318e+01 -1.032623e-03 9.999970e-01 2.232054e-03 -8.191716e-01 5.178345e-02 -2.175584e-03 9.986559e-01 -2.718580e+00
9.984220e-01 -1.072267e-03 5.614489e-02 3.137488e+01 1.205510e-03 9.999965e-01 -2.339258e-03 -8.332552e-01 -5.614228e-02 2.403254e-03 9.984199e-01 -2.374786e+00
9.990594e-01 1.182620e-03 -4.334462e-02 3.164812e+01 -1.090711e-03 9.999971e-01 2.143874e-03 -8.466136e-01 4.334694e-02 -2.094577e-03 9.990579e-01 -2.142710e+00
9.987358e-01 -1.035198e-03 5.025544e-02 3.151460e+01 1.157997e-03 9.999964e-01 -2.414309e-03 -8.288914e-01 -5.025285e-02 2.469457e-03 9.987334e-01 -2.720868e+00
9.988594e-01 1.241710e-03 -4.773143e-02 3.092763e+01 -1.153389e-03 9.999976e-01 1.877739e-03 -7.830457e-01 4.773355e-02 -1.820540e-03 9.988584e-01 -3.962765e+00
9.985231e-01 -1.035248e-03 5.431667e-02 3.077941e+01 1.157895e-03 9.999969e-01 -2.226448e-03 -7.600112e-01 -5.431429e-02 2.286057e-03 9.985212e-01 -4.756246e+00
9.986857e-01 1.177158e-03 -5.123724e-02 3.042999e+01 -1.082759e-03 9.999977e-01 1.869981e-03 -7.306350e-01 5.123923e-02 -1.812042e-03 9.986847e-01 -5.579593e+00
9.989171e-01 -9.585602e-04 4.651378e-02 2.999515e+01 1.052329e-03 9.999975e-01 -1.991350e-03 -7.011823e-01 -4.651185e-02 2.038145e-03 9.989156e-01 -6.307300e+00
9.987440e-01 1.134212e-03 -5.008994e-02 2.953933e+01 -1.043549e-03 9.999978e-01 1.835984e-03 -6.704496e-01 5.009182e-02 -1.781402e-03 9.987430e-01 -7.067222e+00
9.991362e-01 -8.573470e-04 4.154404e-02 2.918529e+01 9.307917e-04 9.999980e-01 -1.748406e-03 -6.478855e-01 -4.154255e-02 1.785569e-03 9.991351e-01 -7.589279e+00
9.977374e-01 1.522915e-03 -6.721379e-02 2.893533e+01 -1.343442e-03 9.999954e-01 2.715202e-03 -6.338639e-01 6.721753e-02 -2.618757e-03 9.977349e-01 -7.817991e+00
9.988794e-01 -9.559335e-04 4.731736e-02 2.867615e+01 1.052514e-03 9.999974e-01 -2.016100e-03 -6.200540e-01 -4.731540e-02 2.063647e-03 9.988778e-01 -8.048627e+00
9.982217e-01 1.330357e-03 -5.959438e-02 2.835113e+01 -1.192904e-03 9.999965e-01 2.341893e-03 -6.028210e-01 5.959720e-02 -2.266634e-03 9.982199e-01 -8.377812e+00
9.988367e-01 -9.613171e-04 4.821038e-02 2.804062e+01 1.062151e-03 9.999973e-01 -2.065822e-03 -5.846223e-01 -4.820835e-02 2.114629e-03 9.988350e-01 -8.761670e+00
9.988068e-01 1.073508e-03 -4.882274e-02 2.770773e+01 -9.850424e-04 9.999978e-01 1.835873e-03 -5.598550e-01 4.882452e-02 -1.785586e-03 9.988057e-01 -9.413246e+00
9.987755e-01 -9.730842e-04 4.946210e-02 2.740650e+01 1.075552e-03 9.999973e-01 -2.044936e-03 -5.382098e-01 -4.946006e-02 2.095634e-03 9.987739e-01 -9.968740e+00
9.988292e-01 1.053318e-03 -4.836288e-02 2.706572e+01 -9.661009e-04 9.999979e-01 1.826595e-03 -5.145652e-01 4.836461e-02 -1.777729e-03 9.988281e-01 -1.055855e+01
9.988144e-01 -9.535531e-04 4.866938e-02 2.675576e+01 1.054635e-03 9.999973e-01 -2.051137e-03 -4.922386e-01 -4.866738e-02 2.100037e-03 9.988128e-01 -1.113695e+01
9.988245e-01 1.088227e-03 -4.845948e-02 2.631391e+01 -1.004698e-03 9.999980e-01 1.747881e-03 -4.607483e-01 4.846120e-02 -1.697135e-03 9.988236e-01 -1.195001e+01
9.987828e-01 -9.661851e-04 4.931426e-02 2.593839e+01 1.068297e-03 9.999973e-01 -2.044179e-03 -4.334448e-01 -4.931224e-02 2.094377e-03 9.987812e-01 -1.266672e+01
9.987399e-01 1.066425e-03 -5.017278e-02 2.562876e+01 -9.739685e-04 9.999978e-01 1.867060e-03 -4.120657e-01 5.017457e-02 -1.815837e-03 9.987388e-01 -1.320836e+01
9.987606e-01 -9.149263e-04 4.976137e-02 2.522588e+01 1.021185e-03 9.999973e-01 -2.109858e-03 -3.840366e-01 -4.975939e-02 2.158063e-03 9.987589e-01 -1.392117e+01
9.988295e-01 1.068978e-03 -4.835648e-02 2.472041e+01 -9.879061e-04 9.999981e-01 1.700291e-03 -3.473052e-01 4.835812e-02 -1.650525e-03 9.988287e-01 -1.488760e+01
9.987106e-01 -9.058744e-04 5.075620e-02 2.420979e+01 1.015337e-03 9.999972e-01 -2.130760e-03 -3.100308e-01 -5.075422e-02 2.179551e-03 9.987088e-01 -1.586733e+01
9.988169e-01 1.055638e-03 -4.861548e-02 2.374783e+01 -9.751572e-04 9.999981e-01 1.679011e-03 -2.733689e-01 4.861707e-02 -1.629613e-03 9.988161e-01 -1.687363e+01
9.988606e-01 -8.829712e-04 4.771429e-02 2.322485e+01 9.807171e-04 9.999975e-01 -2.025061e-03 -2.378918e-01 -4.771247e-02 2.069551e-03 9.988589e-01 -1.778476e+01
9.987122e-01 1.054229e-03 -5.072091e-02 2.262839e+01 -9.621362e-04 9.999978e-01 1.839932e-03 -2.063629e-01 5.072265e-02 -1.788759e-03 9.987111e-01 -1.846457e+01
9.987856e-01 -8.807250e-04 4.925924e-02 2.212130e+01 9.845462e-04 9.999973e-01 -2.083295e-03 -1.754835e-01 -4.925736e-02 2.129266e-03 9.987838e-01 -1.920533e+01
9.988165e-01 9.663166e-04 -4.862538e-02 2.182951e+01 -8.776480e-04 9.999979e-01 1.844697e-03 -1.549676e-01 4.862697e-02 -1.799834e-03 9.988154e-01 -1.973626e+01
9.988185e-01 -8.838576e-04 4.858581e-02 2.156856e+01 9.836790e-04 9.999975e-01 -2.030533e-03 -1.379185e-01 -4.858398e-02 2.075931e-03 9.988169e-01 -2.016176e+01
9.988013e-01 9.236079e-04 -4.893856e-02 2.141591e+01 -8.327263e-04 9.999979e-01 1.877288e-03 -1.299534e-01 4.894010e-02 -1.834282e-03 9.988000e-01 -2.032780e+01
9.988118e-01 -8.443448e-04 4.872586e-02 2.122638e+01 9.466039e-04 9.999974e-01 -2.075494e-03 -1.162883e-01 -4.872407e-02 2.119156e-03 9.988100e-01 -2.068981e+01
9.987944e-01 9.120527e-04 -4.907932e-02 2.099867e+01 -8.218813e-04 9.999979e-01 1.857286e-03 -1.008725e-01 4.908083e-02 -1.814706e-03 9.987931e-01 -2.108344e+01
9.988954e-01 -8.308308e-04 4.697972e-02 2.067134e+01 9.257817e-04 9.999976e-01 -1.999244e-03 -8.728540e-02 -4.697803e-02 2.040532e-03 9.988938e-01 -2.130450e+01
9.988441e-01 8.644228e-04 -4.805868e-02 2.039510e+01 -7.744399e-04 9.999979e-01 1.890816e-03 -7.966347e-02 4.806012e-02 -1.851408e-03 9.988427e-01 -2.132455e+01
9.987846e-01 -7.992508e-04 4.928074e-02 2.026746e+01 9.027495e-04 9.999974e-01 -2.077836e-03 -7.255905e-02 -4.927903e-02 2.119802e-03 9.987828e-01 -2.147348e+01
9.988797e-01 8.255171e-04 -4.731280e-02 2.024159e+01 -7.337804e-04 9.999978e-01 1.956150e-03 -7.577328e-02 4.731422e-02 -1.919237e-03 9.988782e-01 -2.130071e+01
9.988802e-01 -8.527424e-04 4.730160e-02 2.029429e+01 9.493863e-04 9.999975e-01 -2.020580e-03 -9.404536e-02 -4.729985e-02 2.063229e-03 9.988786e-01 -2.060138e+01
9.989182e-01 8.493217e-04 -4.649201e-02 2.038741e+01 -7.606135e-04 9.999979e-01 1.925559e-03 -1.143757e-01 4.649346e-02 -1.888110e-03 9.989168e-01 -1.986709e+01
9.989462e-01 -8.391776e-04 4.588613e-02 2.026690e+01 9.333877e-04 9.999975e-01 -2.031602e-03 -1.179096e-01 -4.588439e-02 2.072295e-03 9.989446e-01 -1.959273e+01
9.989820e-01 8.615850e-04 -4.510078e-02 2.021956e+01 -7.772819e-04 9.999979e-01 1.886587e-03 -1.225421e-01 4.510222e-02 -1.849607e-03 9.989806e-01 -1.934664e+01
9.989293e-01 -7.687370e-04 4.625458e-02 2.011774e+01 8.676365e-04 9.999974e-01 -2.117981e-03 -1.134568e-01 -4.625292e-02 2.155849e-03 9.989274e-01 -1.960426e+01
9.989319e-01 8.017176e-04 -4.619715e-02 2.014374e+01 -7.112046e-04 9.999978e-01 1.975550e-03 -1.205646e-01 4.619855e-02 -1.940581e-03 9.989304e-01 -1.933818e+01
9.989176e-01 -7.674659e-04 4.650642e-02 2.016226e+01 8.660608e-04 9.999974e-01 -2.099779e-03 -1.277408e-01 -4.650477e-02 2.137787e-03 9.989158e-01 -1.906166e+01
9.989936e-01 8.191746e-04 -4.484493e-02 2.027833e+01 -7.312576e-04 9.999978e-01 1.976702e-03 -1.328031e-01 4.484637e-02 -1.941916e-03 9.989920e-01 -1.898980e+01
9.989589e-01 -7.635328e-04 4.561214e-02 2.016337e+01 8.614587e-04 9.999974e-01 -2.127171e-03 -1.237752e-01 -4.561048e-02 2.164253e-03 9.989569e-01 -1.923603e+01
9.990332e-01 8.363766e-04 -4.395331e-02 1.987907e+01 -7.546707e-04 9.999980e-01 1.875349e-03 -1.039152e-01 4.395470e-02 -1.840362e-03 9.990318e-01 -1.974221e+01
9.990080e-01 -6.909955e-04 4.452294e-02 1.948278e+01 7.890838e-04 9.999973e-01 -2.185417e-03 -7.603412e-02 -4.452139e-02 2.218385e-03 9.990059e-01 -2.046223e+01
9.990472e-01 7.724460e-04 -4.363487e-02 1.913002e+01 -6.881739e-04 9.999979e-01 1.946154e-03 -5.391097e-02 4.363620e-02 -1.914268e-03 9.990456e-01 -2.099202e+01
9.989873e-01 -7.008598e-04 4.498574e-02 1.883351e+01 7.990639e-04 9.999973e-01 -2.164919e-03 -3.506560e-02 -4.498419e-02 2.198677e-03 9.989853e-01 -2.144438e+01
9.990021e-01 7.757576e-04 -4.465521e-02 1.855091e+01 -6.889206e-04 9.999978e-01 1.959835e-03 -1.721400e-02 4.465655e-02 -1.927112e-03 9.990005e-01 -2.187846e+01
9.990276e-01 -7.437478e-04 4.408084e-02 1.829170e+01 8.354365e-04 9.999975e-01 -2.061485e-03 -9.662527e-03 -4.407929e-02 2.096311e-03 9.990258e-01 -2.191257e+01
9.990179e-01 7.821625e-04 -4.429904e-02 1.799875e+01 -6.977284e-04 9.999979e-01 1.921300e-03 3.240488e-03 4.430036e-02 -1.888501e-03 9.990164e-01 -2.213321e+01
9.989959e-01 -7.025119e-04 4.479437e-02 1.765507e+01 7.986406e-04 9.999974e-01 -2.127998e-03 2.334202e-02 -4.479284e-02 2.161640e-03 9.989939e-01 -2.259503e+01
9.990083e-01 7.133282e-04 -4.451771e-02 1.745544e+01 -6.254550e-04 9.999978e-01 1.987658e-03 2.975122e-02 4.451894e-02 -1.957839e-03 9.990066e-01 -2.264148e+01
9.989554e-01 -6.487125e-04 4.568900e-02 1.717861e+01 7.492728e-04 9.999973e-01 -2.183746e-03 4.657938e-02 -4.568755e-02 2.215702e-03 9.989533e-01 -2.303463e+01
9.990081e-01 7.444992e-04 -4.452178e-02 1.682234e+01 -6.610923e-04 9.999980e-01 1.887957e-03 7.073676e-02 4.452301e-02 -1.856648e-03 9.990066e-01 -2.364640e+01
9.989978e-01 -5.333414e-04 4.475337e-02 1.626906e+01 6.368445e-04 9.999972e-01 -2.298381e-03 1.092767e-01 -4.475210e-02 2.324582e-03 9.989954e-01 -2.464134e+01
9.990276e-01 7.061354e-04 -4.408080e-02 1.581398e+01 -6.221032e-04 9.999980e-01 1.919878e-03 1.428639e-01 4.408198e-02 -1.890585e-03 9.990261e-01 -2.553113e+01
9.988632e-01 -5.877096e-04 4.766384e-02 1.551606e+01 6.959352e-04 9.999972e-01 -2.253910e-03 1.678421e-01 -4.766247e-02 2.284522e-03 9.988609e-01 -2.623783e+01
9.993862e-01 6.745767e-04 -3.502365e-02 1.565674e+01 -6.007503e-04 9.999976e-01 2.118216e-03 1.678162e-01 3.502490e-02 -2.095872e-03 9.993842e-01 -2.640013e+01
9.991746e-01 -6.345294e-04 4.061599e-02 1.568700e+01 7.262537e-04 9.999972e-01 -2.243464e-03 1.729348e-01 -4.061455e-02 2.271113e-03 9.991723e-01 -2.665713e+01
9.992333e-01 6.771756e-04 -3.914247e-02 1.561489e+01 -5.955581e-04 9.999976e-01 2.096616e-03 1.826737e-01 3.914371e-02 -2.071693e-03 9.992314e-01 -2.698901e+01
9.991931e-01 -6.285436e-04 4.015777e-02 1.547296e+01 7.195045e-04 9.999972e-01 -2.250524e-03 1.933424e-01 -4.015633e-02 2.277605e-03 9.991908e-01 -2.727468e+01
9.991773e-01 6.900523e-04 -4.054811e-02 1.529676e+01 -6.047527e-04 9.999976e-01 2.115751e-03 2.049089e-01 4.054938e-02 -2.089485e-03 9.991753e-01 -2.756174e+01
9.991332e-01 -5.769266e-04 4.162288e-02 1.498835e+01 6.770691e-04 9.999969e-01 -2.391747e-03 2.273983e-01 -4.162146e-02 2.417858e-03 9.991305e-01 -2.814977e+01
9.992635e-01 6.707259e-04 -3.836446e-02 1.472206e+01 -5.910194e-04 9.999976e-01 2.088768e-03 2.489287e-01 3.836568e-02 -2.064553e-03 9.992616e-01 -2.874175e+01
9.991951e-01 -5.717400e-04 4.010754e-02 1.441458e+01 6.671272e-04 9.999970e-01 -2.364791e-03 2.710193e-01 -4.010616e-02 2.389648e-03 9.991925e-01 -2.931360e+01
9.992109e-01 7.201866e-04 -3.971068e-02 1.393317e+01 -6.406832e-04 9.999978e-01 2.014612e-03 3.035961e-01 3.971195e-02 -1.987577e-03 9.992092e-01 -3.013884e+01
9.992256e-01 -5.666676e-04 3.933995e-02 1.349490e+01 6.576511e-04 9.999971e-01 -2.299695e-03 3.326739e-01 -3.933862e-02 2.323789e-03 9.992232e-01 -3.086750e+01
9.992290e-01 6.441176e-04 -3.925336e-02 1.325495e+01 -5.602025e-04 9.999975e-01 2.148598e-03 3.479029e-01 3.925456e-02 -2.124949e-03 9.992270e-01 -3.123349e+01
9.991009e-01 -5.750556e-04 4.238965e-02 1.306539e+01 6.741490e-04 9.999971e-01 -2.323281e-03 3.604731e-01 -4.238828e-02 2.349772e-03 9.990984e-01 -3.153516e+01
9.991695e-01 6.285361e-04 -4.074012e-02 1.290697e+01 -5.415342e-04 9.999975e-01 2.146396e-03 3.722859e-01 4.074129e-02 -2.122548e-03 9.991674e-01 -3.184791e+01
9.990852e-01 -5.209907e-04 4.275822e-02 1.256204e+01 6.270185e-04 9.999968e-01 -2.466194e-03 3.968030e-01 -4.275688e-02 2.490752e-03 9.990824e-01 -3.247992e+01
9.992601e-01 5.971291e-04 -3.845460e-02 1.233720e+01 -5.137143e-04 9.999975e-01 2.178876e-03 4.150278e-01 3.845572e-02 -2.157506e-03 9.992579e-01 -3.298011e+01
9.989990e-01 -5.097639e-04 4.472859e-02 1.215133e+01 6.193629e-04 9.999968e-01 -2.436357e-03 4.299846e-01 -4.472730e-02 2.461625e-03 9.989962e-01 -3.338404e+01
9.990651e-01 6.243472e-04 -4.322531e-02 1.167895e+01 -5.332245e-04 9.999976e-01 2.119457e-03 4.591665e-01 4.322644e-02 -2.094423e-03 9.990631e-01 -3.407804e+01
9.990168e-01 -4.963266e-04 4.432919e-02 1.119501e+01 6.036835e-04 9.999969e-01 -2.408323e-03 4.879113e-01 -4.432795e-02 2.432719e-03 9.990140e-01 -3.474373e+01
9.990975e-01 6.023419e-04 -4.246885e-02 1.078418e+01 -5.138256e-04 9.999977e-01 2.095019e-03 5.145348e-01 4.246992e-02 -2.071304e-03 9.990956e-01 -3.539441e+01
9.990096e-01 -5.021066e-04 4.449080e-02 1.041929e+01 6.093837e-04 9.999969e-01 -2.397560e-03 5.387160e-01 -4.448955e-02 2.422301e-03 9.990069e-01 -3.599315e+01
9.990350e-01 6.223339e-04 -4.391451e-02 9.990942e+00 -5.314825e-04 9.999977e-01 2.080346e-03 5.666306e-01 4.391562e-02 -2.054995e-03 9.990331e-01 -3.668679e+01
9.990419e-01 -4.785119e-04 4.375994e-02 9.534198e+00 5.822222e-04 9.999971e-01 -2.357137e-03 5.947469e-01 -4.375877e-02 2.380360e-03 9.990393e-01 -3.736033e+01
9.991796e-01 5.736208e-04 -4.049309e-02 9.036484e+00 -4.940795e-04 9.999979e-01 1.974163e-03 6.268017e-01 4.049405e-02 -1.952533e-03 9.991778e-01 -3.813655e+01
9.990186e-01 -4.151508e-04 4.428864e-02 8.486990e+00 5.235679e-04 9.999969e-01 -2.436265e-03 6.649381e-01 -4.428758e-02 2.457066e-03 9.990158e-01 -3.910292e+01
9.991079e-01 5.342241e-04 -4.222515e-02 8.051724e+00 -4.466240e-04 9.999977e-01 2.083873e-03 6.942638e-01 4.222608e-02 -2.063152e-03 9.991059e-01 -3.983684e+01
9.990415e-01 -4.096597e-04 4.376944e-02 7.678651e+00 5.162621e-04 9.999969e-01 -2.424140e-03 7.209231e-01 -4.376841e-02 2.444416e-03 9.990387e-01 -4.052926e+01
9.990981e-01 5.085239e-04 -4.245606e-02 7.368363e+00 -4.185618e-04 9.999976e-01 2.127683e-03 7.433708e-01 4.245696e-02 -2.107990e-03 9.990960e-01 -4.111589e+01
9.990309e-01 -4.525931e-04 4.401015e-02 7.187962e+00 5.554820e-04 9.999971e-01 -2.325515e-03 7.561564e-01 -4.400906e-02 2.347712e-03 9.990283e-01 -4.144238e+01
9.990696e-01 4.868276e-04 -4.312355e-02 7.058680e+00 -3.917465e-04 9.999975e-01 2.213154e-03 7.635260e-01 4.312442e-02 -2.194198e-03 9.990673e-01 -4.160273e+01
9.990339e-01 -4.497473e-04 4.394194e-02 6.977466e+00 5.526850e-04 9.999971e-01 -2.330336e-03 7.677277e-01 -4.394085e-02 2.352374e-03 9.990313e-01 -4.168341e+01
9.990408e-01 5.207185e-04 -4.378493e-02 6.760553e+00 -4.278503e-04 9.999976e-01 2.130232e-03 7.825792e-01 4.378584e-02 -2.109452e-03 9.990387e-01 -4.206375e+01
9.989821e-01 -4.031026e-04 4.510576e-02 6.372882e+00 5.132604e-04 9.999969e-01 -2.430530e-03 8.079091e-01 -4.510474e-02 2.451210e-03 9.989792e-01 -4.268872e+01
9.990393e-01 5.058213e-04 -4.381983e-02 6.004534e+00 -4.132487e-04 9.999977e-01 2.121486e-03 8.327607e-01 4.382071e-02 -2.101336e-03 9.990372e-01 -4.331509e+01
9.988527e-01 -4.527264e-04 4.788416e-02 5.819741e+00 5.650381e-04 9.999971e-01 -2.331861e-03 8.452646e-01 -4.788306e-02 2.356246e-03 9.988501e-01 -4.361804e+01
9.990379e-01 5.096863e-04 -4.385174e-02 5.655391e+00 -4.170035e-04 9.999977e-01 2.122551e-03 8.570632e-01 4.385263e-02 -2.102219e-03 9.990358e-01 -4.391430e+01
9.989235e-01 -4.662459e-04 4.638348e-02 5.545449e+00 5.719475e-04 9.999973e-01 -2.265498e-03 8.650404e-01 -4.638239e-02 2.289592e-03 9.989211e-01 -4.411516e+01
9.990627e-01 5.215434e-04 -4.328120e-02 5.302192e+00 -4.350877e-04 9.999979e-01 2.006810e-03 8.824235e-01 4.328206e-02 -1.986095e-03 9.990609e-01 -4.455833e+01
9.989392e-01 -4.273894e-04 4.604591e-02 5.003871e+00 5.349995e-04 9.999972e-01 -2.324600e-03 9.051328e-01 -4.604488e-02 2.346772e-03 9.989366e-01 -4.516373e+01
9.990337e-01 5.495091e-04 -4.394557e-02 4.599686e+00 -4.649778e-04 9.999980e-01 1.933627e-03 9.352960e-01 4.394646e-02 -1.911321e-03 9.990320e-01 -4.596372e+01
9.987738e-01 -4.390026e-04 4.950260e-02 4.258827e+00 5.554067e-04 9.999971e-01 -2.337632e-03 9.623379e-01 -4.950152e-02 2.362263e-03 9.987712e-01 -4.669627e+01
9.990603e-01 5.413149e-04 -4.333637e-02 3.981004e+00 -4.559786e-04 9.999979e-01 1.978905e-03 9.845900e-01 4.333726e-02 -1.957281e-03 9.990586e-01 -4.729656e+01
9.986145e-01 -4.380355e-04 5.261862e-02 3.839097e+00 5.573135e-04 9.999973e-01 -2.252085e-03 9.962697e-01 -5.261758e-02 2.278293e-03 9.986121e-01 -4.759786e+01
9.990777e-01 5.339723e-04 -4.293337e-02 3.615032e+00 -4.515577e-04 9.999980e-01 1.929151e-03 1.011665e+00 4.293423e-02 -1.907982e-03 9.990760e-01 -4.795685e+01
9.987949e-01 -4.348684e-04 4.907591e-02 3.293427e+00 5.472145e-04 9.999973e-01 -2.275708e-03 1.034850e+00 -4.907488e-02 2.299824e-03 9.987924e-01 -4.854915e+01
9.992755e-01 5.661865e-04 -3.805196e-02 3.114291e+00 -4.938984e-04 9.999981e-01 1.908961e-03 1.053951e+00 3.805287e-02 -1.888781e-03 9.992739e-01 -4.913060e+01
9.987263e-01 -3.966189e-04 5.045357e-02 2.816672e+00 5.173113e-04 9.999970e-01 -2.379008e-03 1.081882e+00 -5.045257e-02 2.402082e-03 9.987235e-01 -4.993950e+01
9.995851e-01 5.828066e-04 -2.879561e-02 2.815938e+00 -5.251016e-04 9.999978e-01 2.011304e-03 1.091488e+00 2.879663e-02 -1.995345e-03 9.995833e-01 -5.030713e+01
9.982430e-01 -3.819100e-04 5.925047e-02 2.943929e+00 5.220731e-04 9.999971e-01 -2.350053e-03 1.093254e+00 -5.924949e-02 2.376861e-03 9.982403e-01 -5.048209e+01
9.995306e-01 6.441882e-04 -3.062628e-02 2.985233e+00 -5.850416e-04 9.999979e-01 1.940005e-03 1.099589e+00 3.062737e-02 -1.921173e-03 9.995290e-01 -5.073434e+01
9.976320e-01 -3.630530e-04 6.877570e-02 3.071874e+00 5.313923e-04 9.999969e-01 -2.429305e-03 1.101196e+00 -6.877471e-02 2.460103e-03 9.976291e-01 -5.082203e+01
9.994330e-01 6.890354e-04 -3.366008e-02 3.086333e+00 -6.247509e-04 9.999980e-01 1.920160e-03 1.110566e+00 3.366124e-02 -1.898039e-03 9.994315e-01 -5.115675e+01
9.976537e-01 -4.221631e-04 6.846074e-02 3.062352e+00 5.880345e-04 9.999969e-01 -2.402664e-03 1.122119e+00 -6.845961e-02 2.437288e-03 9.976509e-01 -5.154431e+01
9.993369e-01 7.442578e-04 -3.640146e-02 3.012834e+00 -6.760529e-04 9.999980e-01 1.885840e-03 1.134430e+00 3.640269e-02 -1.859977e-03 9.993354e-01 -5.193139e+01
9.986808e-01 -5.536516e-04 5.134382e-02 2.761936e+00 6.770293e-04 9.999969e-01 -2.385522e-03 1.159535e+00 -5.134244e-02 2.417140e-03 9.986781e-01 -5.265513e+01
9.992517e-01 7.426260e-04 -3.866948e-02 2.461069e+00 -6.714770e-04 9.999981e-01 1.852774e-03 1.188260e+00 3.867068e-02 -1.825418e-03 9.992503e-01 -5.347726e+01
9.985350e-01 -5.521305e-04 5.410523e-02 2.251059e+00 6.791150e-04 9.999971e-01 -2.328551e-03 1.209994e+00 -5.410388e-02 2.361887e-03 9.985325e-01 -5.410275e+01
9.990238e-01 7.199942e-04 -4.416887e-02 2.027013e+00 -6.368009e-04 9.999980e-01 1.897478e-03 1.232292e+00 4.417004e-02 -1.867495e-03 9.990222e-01 -5.474990e+01
9.981721e-01 -5.181125e-04 6.043324e-02 1.903834e+00 6.586713e-04 9.999971e-01 -2.305881e-03 1.247711e+00 -6.043197e-02 2.341476e-03 9.981695e-01 -5.521099e+01
9.993369e-01 7.519266e-04 -3.640066e-02 1.922184e+00 -6.835021e-04 9.999980e-01 1.892058e-03 1.252873e+00 3.640191e-02 -1.865920e-03 9.993354e-01 -5.538817e+01
9.980858e-01 -5.292494e-04 6.184170e-02 1.810997e+00 6.761861e-04 9.999970e-01 -2.355041e-03 1.266748e+00 -6.184037e-02 2.392353e-03 9.980831e-01 -5.577799e+01
9.992898e-01 7.736565e-04 -3.767104e-02 1.703390e+00 -7.030514e-04 9.999980e-01 1.887363e-03 1.280500e+00 3.767232e-02 -1.859534e-03 9.992884e-01 -5.616848e+01
9.984574e-01 -5.960087e-04 5.551944e-02 1.571816e+00 7.243156e-04 9.999971e-01 -2.290859e-03 1.295375e+00 -5.551801e-02 2.327542e-03 9.984549e-01 -5.659297e+01
9.991085e-01 7.725108e-04 -4.220796e-02 1.257223e+00 -6.976939e-04 9.999982e-01 1.787193e-03 1.323406e+00 4.220916e-02 -1.756147e-03 9.991072e-01 -5.737861e+01
9.987717e-01 -6.910345e-04 4.954296e-02 9.600303e-01 7.965631e-04 9.999975e-01 -2.110247e-03 1.344246e+00 -4.954148e-02 2.147123e-03 9.987697e-01 -5.789061e+01
9.989054e-01 7.287194e-04 -4.676927e-02 6.701567e-01 -6.402872e-04 9.999980e-01 1.905697e-03 1.362462e+00 4.677046e-02 -1.873661e-03 9.989039e-01 -5.831555e+01
9.980040e-01 -5.612180e-04 6.314703e-02 3.978915e-01 7.106857e-04 9.999970e-01 -2.344480e-03 1.384464e+00 -6.314563e-02 2.384682e-03 9.980014e-01 -5.887723e+01
9.992330e-01 7.884325e-04 -3.914901e-02 1.683855e-01 -7.178113e-04 9.999981e-01 1.817843e-03 1.405327e+00 3.915027e-02 -1.788344e-03 9.992317e-01 -5.942670e+01
9.988687e-01 -6.652895e-04 4.754856e-02 -1.042382e-01 7.700423e-04 9.999973e-01 -2.184706e-03 1.428191e+00 -4.754708e-02 2.218852e-03 9.988665e-01 -6.004778e+01
9.993313e-01 7.789983e-04 -3.655436e-02 -2.608569e-01 -7.118375e-04 9.999980e-01 1.850172e-03 1.442455e+00 3.655563e-02 -1.822910e-03 9.993299e-01 -6.042714e+01
9.989395e-01 -7.145136e-04 4.603482e-02 -3.397741e-01 8.115008e-04 9.999975e-01 -2.088088e-03 1.448881e+00 -4.603331e-02 2.123235e-03 9.989376e-01 -6.056077e+01
9.989999e-01 7.566684e-04 -4.470521e-02 -5.068723e-01 -6.717209e-04 9.999979e-01 1.915088e-03 1.462675e+00 4.470647e-02 -1.883140e-03 9.989983e-01 -6.092721e+01
9.988686e-01 -7.217496e-04 4.754833e-02 -6.224823e-01 8.205558e-04 9.999975e-01 -2.058451e-03 1.471678e+00 -4.754683e-02 2.095142e-03 9.988668e-01 -6.114931e+01
9.987565e-01 7.508708e-04 -4.984782e-02 -7.360867e-01 -6.519370e-04 9.999978e-01 2.000880e-03 1.471309e+00 4.984911e-02 -1.965890e-03 9.987548e-01 -6.100908e+01
9.988643e-01 -7.058998e-04 4.763989e-02 -8.778693e-01 8.064929e-04 9.999975e-01 -2.092265e-03 1.473757e+00 -4.763839e-02 2.128314e-03 9.988623e-01 -6.095578e+01
9.988479e-01 7.546573e-04 -4.798223e-02 -1.041286e+00 -6.632531e-04 9.999979e-01 1.920783e-03 1.486842e+00 4.798348e-02 -1.886742e-03 9.988463e-01 -6.131651e+01
9.988929e-01 -6.180407e-04 4.703768e-02 -1.302548e+00 7.202958e-04 9.999974e-01 -2.156899e-03 1.508804e+00 -4.703633e-02 2.188396e-03 9.988907e-01 -6.192796e+01
9.988897e-01 6.706651e-04 -4.710491e-02 -1.400963e+00 -5.762575e-04 9.999978e-01 2.017680e-03 1.518244e+00 4.710606e-02 -1.988292e-03 9.988879e-01 -6.220614e+01
9.988970e-01 -6.557000e-04 4.695013e-02 -1.385586e+00 7.547540e-04 9.999975e-01 -2.091997e-03 1.509356e+00 -4.694874e-02 2.125129e-03 9.988950e-01 -6.185111e+01
9.989023e-01 6.707023e-04 -4.683582e-02 -1.435103e+00 -5.783814e-04 9.999979e-01 1.984612e-03 1.506629e+00 4.683695e-02 -1.955341e-03 9.989006e-01 -6.167837e+01
9.988069e-01 -6.284919e-04 4.882822e-02 -1.509809e+00 7.329332e-04 9.999975e-01 -2.121002e-03 1.511302e+00 -4.882687e-02 2.154264e-03 9.988049e-01 -6.177905e+01
9.989072e-01 6.990476e-04 -4.673248e-02 -1.593443e+00 -6.082235e-04 9.999979e-01 1.957612e-03 1.519814e+00 4.673365e-02 -1.927045e-03 9.989055e-01 -6.202429e+01
9.988715e-01 -6.238401e-04 4.749035e-02 -1.713565e+00 7.264562e-04 9.999974e-01 -2.143472e-03 1.531281e+00 -4.748899e-02 2.175557e-03 9.988693e-01 -6.235857e+01
9.989171e-01 6.454809e-04 -4.652061e-02 -1.770787e+00 -5.520234e-04 9.999978e-01 2.021696e-03 1.531274e+00 4.652172e-02 -1.993822e-03 9.989152e-01 -6.228778e+01
9.987263e-01 -6.420539e-04 5.045088e-02 -1.726441e+00 7.517700e-04 9.999974e-01 -2.155693e-03 1.518921e+00 -5.044946e-02 2.190879e-03 9.987242e-01 -6.180438e+01
9.987984e-01 6.987262e-04 -4.900192e-02 -1.740557e+00 -5.993282e-04 9.999977e-01 2.043049e-03 1.521808e+00 4.900314e-02 -2.011222e-03 9.987965e-01 -6.189959e+01
9.988150e-01 -6.293152e-04 4.866346e-02 -1.808700e+00 7.363627e-04 9.999973e-01 -2.181781e-03 1.532847e+00 -4.866206e-02 2.215033e-03 9.988128e-01 -6.228278e+01
9.988319e-01 7.217682e-04 -4.831471e-02 -2.010022e+00 -6.293747e-04 9.999979e-01 1.927446e-03 1.551443e+00 4.831590e-02 -1.894783e-03 9.988302e-01 -6.282269e+01
9.987645e-01 -6.021295e-04 4.968993e-02 -2.283773e+00 7.147394e-04 9.999972e-01 -2.248442e-03 1.575092e+00 -4.968854e-02 2.281183e-03 9.987621e-01 -6.349299e+01
9.988563e-01 7.185812e-04 -4.780720e-02 -2.597875e+00 -6.293745e-04 9.999980e-01 1.880929e-03 1.602005e+00 4.780835e-02 -1.848685e-03 9.988548e-01 -6.425108e+01
9.988158e-01 -5.546481e-04 4.864848e-02 -2.991780e+00 6.653627e-04 9.999972e-01 -2.259570e-03 1.633189e+00 -4.864719e-02 2.289267e-03 9.988133e-01 -6.510270e+01
9.988253e-01 7.093899e-04 -4.844946e-02 -3.408736e+00 -6.187157e-04 9.999980e-01 1.886429e-03 1.665224e+00 4.845060e-02 -1.854233e-03 9.988238e-01 -6.596878e+01
9.988276e-01 -6.009199e-04 4.840445e-02 -3.647324e+00 7.046950e-04 9.999975e-01 -2.126807e-03 1.684840e+00 -4.840315e-02 2.158428e-03 9.988255e-01 -6.651365e+01
