0.9999998620374204 -0.0002457582085783417 -0.00046424997915813887 -0.0003522509359754622 0.00024577177527627085 0.9999999693727889 2.9166005638004462e-05 -0.013852565549314022 0.0004642427971541597 -2.9280101155736755e-05 0.9999998918106447 0.8406437635421753
0.9999685294168681 -5.604457063282351e-05 -0.007933286511395753 -0.009545291773974895 5.7400046015274584e-05 0.9999999837950346 0.00017063166391217776 -0.012577207759022713 0.007933276819858781 -0.0001710816650450202 0.9999685164293738 0.7515369653701782
0.9999997590776208 -0.0002054627392319407 -0.0006630458230874491 -0.0008096705423668027 0.00020547489644902962 0.9999999787231855 1.8267342555877012e-05 -0.012920922599732876 0.000663042055721706 -1.8403577426705236e-05 0.9999997800182463 0.797595202922821
0.9999994487004221 -0.00026608015320178695 -0.001015775666220445 -0.0007202420383691788 0.0002661506600138285 0.9999999621822436 6.927725105999433e-05 -0.014696324244141579 0.001015757194504513 -6.954756223146562e-05 0.9999994817000949 0.8808786273002625
0.9999972856796643 -0.00021567767097129608 -0.0023199388885767995 -0.002559030894190073 0.00021589938018701566 0.9999999721510805 9.531682197338249e-05 -0.013370760716497898 0.0023199182662588394 -9.581743662110972e-05 0.9999973043954956 0.8135925531387329
0.9999910093914416 -0.00015231492045930133 -0.00423768055080212 -0.005087682977318764 0.00015257325027643353 0.99999998652228 6.0636978304490986e-05 -0.012915299274027348 0.00423767125777132 -6.1282989836424e-05 0.9999910191530252 0.7724035978317261
0.9998979292304595 0.0001189548757819335 -0.01428695105248712 -0.017122583463788033 -0.0001153465480131617 0.9999999612456498 0.0002533848304213407 -0.01198748592287302 0.014286980640166645 -0.00025171101675117234 0.9998979042010995 0.7251197695732117
0.9999966307927635 -0.00020782236256633156 0.0025875109636295302 0.0026551424525678158 0.0002080928274067499 0.9999999729137959 -0.00010425824874530416 -0.011885224841535091 -0.002587489226348109 0.00010479633995002565 0.9999966469529937 0.7262128591537476
0.9999467279318792 8.778898422496023e-05 -0.010321511101719421 -0.012598392553627491 -8.642434519242657e-05 0.9999999874662036 0.00013265905760453028 -0.011293042451143265 0.010321522618355615 -0.00013175996074381427 0.9999467229858557 0.6946712136268616
0.9998186770241875 0.00031609715412530106 -0.0190397782600668 -0.023221587762236595 -0.00031007641360196643 0.9999999009914391 0.000319170376989072 -0.010880257934331894 0.019039877263813607 -0.00031320871790786693 0.9998186760478511 0.6551114916801453
0.9999969523145815 -0.00022245919453690866 -0.0024588357926109074 -0.002695716917514801 0.00022275950949297933 0.9999999677636993 0.0001218638622895137 -0.01461498811841011 0.00245880860361049 -0.00012241121994188337 0.9999969696332802 0.8775898218154907
0.9999998520873127 -0.0003599870844641967 -0.0004077188393408799 0.0007703534793108702 0.00036003728731545074 0.9999999276141559 0.000123064352928676 -0.017811806872487068 0.00040767450825019525 -0.00012321112871080053 0.9999999093102525 1.0209035873413086
0.9999995365184793 -0.0002918576173621059 -0.0009174867614514868 3.6169076338410378e-06 0.00029193395116093736 0.9999999539373045 8.306597957649393e-05 -0.016255564987659454 0.0009174624757506905 -8.333378661235579e-05 0.9999995756589526 0.9503875970840454
0.999936516682103 2.889340601309423e-06 -0.011267768071549202 -0.01346010621637106 4.357452446527288e-07 0.9999999564594785 0.0002950946484246996 -0.013306116685271263 0.01126776843357365 -0.000295080824713679 0.9999364731430865 0.7980524897575378
0.999982382671331 -0.0001134748017829555 -0.005934767934548436 -0.00697999307885766 0.00011445678522076089 0.9999999798169464 0.00016512344140113796 -0.013528658077120781 0.0059347490774169145 -0.00016579980682601952 0.9999823754765941 0.813465416431427
0.9999659737904162 2.9670354591952147e-05 -0.008249265485740368 -0.01007052417844534 -2.865487849138585e-05 0.9999999919982172 0.0001232171375510629 -0.011888344772160053 0.008249269075627704 -0.0001229765632387792 0.9999659666391063 0.7229031324386597
0.9999982022683308 -0.00022798177270869584 0.0018824145180764027 0.0021258839406073093 0.00022801449968752586 0.9999999738572712 -1.7171047980232406e-05 -0.013113490305840969 -0.0018824105541789928 1.7600234915839386e-05 0.9999982281087989 0.8064865469932556
0.9999984848045737 -0.00035141720123036936 0.0017049617320564943 0.0027210311964154243 0.0003513089747712095 0.9999999362572841 6.377642300140427e-05 -0.016384771093726158 -0.0017049840355096784 -6.317735800954692e-05 0.999998544517971 0.9605361819267273
0.9999990363522372 -0.0003842301817849902 0.0013340396411910334 0.0024755364283919334 0.0003840890214896179 0.9999999206125186 0.00010606875122981309 -0.017821988090872765 -0.001334080290100553 -0.00010555625903648485 0.9999991045434269 1.0273568630218506
0.9999997528775892 -0.0002782892890192144 -0.0006456003657516228 0.00014082889538258314 0.00027833330409757543 0.9999999589472885 6.808812823800354e-05 -0.015641704201698303 0.0006455813910511791 -6.826780349482738e-05 0.9999997892820651 0.9184306859970093
0.9997038838829716 0.0004170530656830768 -0.024330446277093628 -0.029621167108416557 -0.0004105551212684098 0.9999998787125237 0.00027206512138337844 -0.00919000431895256 0.024330556791708143 -0.0002619955691942488 0.9997039338546824 0.5401523113250732
0.9999933874552033 8.111829825957997e-06 -0.0036366165685501285 -0.005086982622742653 -7.953065292339589e-06 0.9999999990147673 4.367166915543249e-05 -0.011025478132069111 0.003636616919224362 -4.364245812555095e-05 0.9999933865344907 0.6704596281051636
0.9999809466016893 -0.00031713456507310284 0.0061648892331445165 0.00741981016471982 0.00031747131389641195 0.9999999481670805 -5.364514128584731e-05 -0.014271290972828865 -0.006164871900871759 5.56012946484752e-05 0.9999809954508845 0.8698636293411255
0.9993323912319811 -0.0007209038466320094 0.03652741617216323 0.039950016885995865 0.0007423387078202927 0.9999995601548965 -0.0005732567106700346 -0.008167142048478127 -0.03652698684279026 0.0005999897143849234 0.9993324868353521 0.5458924770355225
0.9993609725882463 -0.000712486712227525 0.035737079205771495 0.0392962321639061 0.0007318502178191766 0.9999995924071492 -0.0005287540018828873 -0.008883337490260601 -0.03573668790939311 0.0005545703027825745 0.9993610866894138 0.602014422416687
0.9997451734736683 -0.0004997517208790785 0.022568525966984262 0.025013716891407967 0.0005052824170177516 0.9999998436980899 -0.00023936055441011795 -0.01069258525967598 -0.022568402818631567 0.00025070303834062247 0.9997452697273455 0.6527231335639954
0.9995652420928799 -0.0005510274647060492 0.029479198912721695 0.03227020427584648 0.0005656228868630552 0.9999997215615499 -0.00048677260885589507 -0.008630038239061832 -0.029478922479502692 0.0005032350902066493 0.9995652754492284 0.5841044783592224
0.9997090404593312 -0.0005792087593070371 0.024114289147658122 0.026291247457265854 0.0005876071429957695 0.9999997691536847 -0.0003411897171067763 -0.008748842403292656 -0.024114085960890593 0.0003552601732548352 0.9997091500273869 0.5596805214881897
0.9991020464594749 -0.0008855947970393204 0.042359373016428045 0.047475915402173996 0.0009261288601683725 0.9999991318817145 -0.000937294591818449 -0.004265481606125832 -0.04235850618026796 0.0009756831826703619 0.9991019992956192 0.2956101894378662
0.9989272137385158 -0.0008922409501570875 0.04629930408432358 0.05157588794827461 0.0009373029006883707 0.9999991079845606 -0.0009515741461046207 -0.004297538660466671 -0.04629841375120924 0.0009939497824519854 0.9989271589800489 0.32242050766944885
0.9988641456970004 -0.0008032757459433505 0.04764213669722744 0.05250867083668709 0.0008449659079718397 0.9999992775581491 -0.0008549361344748103 -0.004622683860361576 -0.047641415529092866 0.0008942210328797687 0.9988641028163584 0.3940257728099823
0.9997434422591954 -0.00047253179073662607 0.022645670081522483 0.024527983739972115 0.0004834382049384742 0.9999997697894147 -0.00047613928539868883 -0.007396594621241093 -0.022645439877300354 0.0004869649102731588 0.9997434405475933 0.5145474672317505
0.9999148113641784 -0.00031586930145971617 0.013048763969191348 0.01361080352216959 0.00032055609625955404 0.9999998848668874 -0.0003570854252027517 -0.007407353259623051 -0.01304864967452272 0.00036123786642148326 0.9999147974947041 0.5142418146133423
0.9996857842744962 -0.0005297179210040101 0.02506096802619335 0.027295703068375587 0.0005445198391030167 0.9999996813285518 -0.0005838158443599098 -0.0069854240864515305 -0.025060650782263043 0.0005972785945182022 0.9996857541450965 0.4751277565956116
0.9999698970261046 7.409596189839262e-06 -0.007759187244766962 -0.01019758265465498 -9.43727448374885e-06 0.9999999658193567 -0.0002612895388643009 -0.004681367892771959 0.00775918504350298 0.000261354898851933 0.9999698629164168 0.28166088461875916
0.9996600181720674 0.00045505336842258283 -0.026069925098745637 -0.031836047768592834 -0.00045485691866584225 0.9999998964619261 1.3465544174658115e-05 -0.003921923693269491 0.026069928527057036 -1.6028803340707632e-06 0.9996601216533674 0.23569780588150024
0.9992305086379512 0.0007901492992054598 -0.039214363073068276 -0.047851551324129105 -0.0007709815368834545 0.9999995758286737 0.0005039146182086361 -0.005496500059962273 0.03921474460724232 -0.0004732933103527345 0.9992306939835421 0.3936476707458496
0.9991830326865973 0.000852047904957665 -0.04040471761542492 -0.049123361706733704 -0.0008262284108279842 0.9999994436913845 0.0006557160474505398 -0.006874524988234043 0.04040525383941688 -0.000621796823247553 0.9991831808186541 0.46540671586990356
0.9986250383694755 0.0011284754905776786 -0.05240953429129853 -0.0633464828133583 -0.001086095569940027 0.9999990598267123 0.0008371034012064064 -0.005556660704314709 0.052410429667925716 -0.0007790306531325668 0.9986253251211211 0.37485232949256897
0.9987445579263117 0.0010674656889467344 -0.050081618679701664 -0.06060613691806793 -0.0010321114610118399 0.999999199615776 0.0007317880426245462 -0.0052366615273058414 0.050082359753791245 -0.0006791795125014686 0.9987448602904955 0.3522506058216095
0.9988128241191843 0.0010700785390648714 -0.04870110170191445 -0.05879306048154831 -0.0010293681188055022 0.9999990995424 0.0008609969022629772 -0.006974882446229458 0.04870197918294459 -0.0008098433860644981 0.9988130262353182 0.4517892003059387
0.9985951638350319 0.001139470028637894 -0.052975469543362845 -0.06418922543525696 -0.0010878680429703502 0.9999989053683405 0.0010028984206277732 -0.007622565608471632 0.05297655432742877 -0.0009438591922791122 0.9985953103341806 0.4745219349861145
0.9992373563052597 0.0008165401272088695 -0.039038942433112615 -0.04737052321434021 -0.0007890579014733102 0.9999994299454631 0.0007193722100596273 -0.009118949994444847 0.039039507575062284 -0.0006880195993874448 0.9992374309829106 0.5592154860496521
0.9996761171957077 0.0004135862645769258 -0.025445818024092588 -0.03099432960152626 -0.0004020923472518449 0.9999998148201615 0.00045681657878908716 -0.010440899059176445 0.02544600224510254 -0.00044643705505745105 0.9996760983757178 0.6554692983627319
0.9997449445782751 0.0003368984014412475 -0.022581680399135766 -0.027268502861261368 -0.00032609107722854705 0.9999998305407244 0.0004822687340744335 -0.011730002239346504 0.022581839048026138 -0.0004747820443320945 0.9997448850217836 0.716805636882782
0.9995343128270743 0.0005632538487714928 -0.030509674308498994 -0.03687071055173874 -0.0005458880882505411 0.9999996842412378 0.0005775150390332574 -0.010241635143756866 0.030509989962370452 -0.0005605912299059946 0.9995343046889233 0.63779217004776
0.9993067337245335 0.0007100466176913684 -0.037222946774876114 -0.04505098983645439 -0.0006837175918501579 0.9999995070233691 0.0007200578265685506 -0.009656272828578949 0.03722343969945752 -0.0006941086512305198 0.9993067265610301 0.6204999089241028
0.9988566299851862 0.0010662759584003602 -0.04779430709004491 -0.05805648863315582 -0.0010213288924677414 0.9999990129868419 0.0009648381395769459 -0.008472392335534096 0.047795288700146904 -0.0009149212658524661 0.9988567331189929 0.5561637282371521
0.9981110680483696 0.0013631838602536708 -0.06142017233048296 -0.07447499781847 -0.001290895899655912 0.999998426725981 0.0012166073068800467 -0.007399654481559992 0.061421734159166595 -0.0011350221698479138 0.9981112574746138 0.48860299587249756
0.9973740995672767 0.0016337666777922718 -0.07240328941979529 -0.08764258027076721 -0.001531923419592895 0.9999977577058488 0.0014621196637976954 -0.007072224747389555 0.07240551583270854 -0.001347363988422089 0.9973743659666024 0.46553555130958557
0.997390673063201 0.0016335982235911753 -0.07217462603560051 -0.08731485158205032 -0.001531859358252107 0.9999977536596655 0.0014649513744097568 -0.0073801311664283276 0.07217685704878982 -0.0013505674610064277 0.9973909350270292 0.4798162579536438
0.9972083721504038 0.0017285720415395067 -0.07464900904793645 -0.09036271274089813 -0.0016185242037030747 0.9999975125752439 0.0015346734919452108 -0.007199742831289768 0.0746514761578344 -0.0014095680267585244 0.997208689405299 0.4717996120452881
0.9970116112486441 0.0017610090277563521 -0.07723176731492923 -0.09353170543909073 -0.0016432565934214798 0.9999973886807516 0.0015881874720969074 -0.007166040129959583 0.07723436245060475 -0.001456529739658397 0.9970119015227284 0.4724545180797577
0.9969286539160686 0.0017871136489872744 -0.07829473306616064 -0.09486901760101318 -0.0016649284806291216 0.9999972923418327 0.0016258296829076006 -0.007253163028508425 0.07829742661320443 -0.0014904810663127572 0.9969289299904688 0.4816746115684509
0.9970377439551347 0.0017739113517268425 -0.07689337011324042 -0.09318303316831589 -0.0016546923132269597 0.9999973282847329 0.0016141303370928559 -0.007491331081837416 0.07689602800017765 -0.0014821140012801072 0.9970380154316502 0.4963141977787018
0.9966370948256134 0.001919253604332278 -0.08191958058464358 -0.0992104560136795 -0.0017856868608057282 0.9999969543679637 0.0017036951699980606 -0.006947173271328211 0.08192260091084022 -0.0015516830860025825 0.9966374866216924 0.45672398805618286
0.9962509844305856 0.0020487749205319707 -0.08648571293811577 -0.10477603226900101 -0.0018987939778298232 0.9999965476338714 0.0018163980203228206 -0.006519134156405926 0.08648913574847955 -0.0016453697649691638 0.9962514352089124 0.43678322434425354
0.9964241377077584 0.002023192693335061 -0.08446800864632721 -0.10235903412103653 -0.0018815085751718167 0.9999966865338674 0.0017569424487162211 -0.00627386337146163 0.08447128339756611 -0.0015917325818684662 0.996424642744526 0.42015698552131653
0.9974691864839559 0.0015918265582018363 -0.0710822629299603 -0.08634324371814728 -0.0014936456274094476 0.9999978558127182 0.001434361427978422 -0.007313658948987722 0.07108439377089128 -0.001324559615477898 0.9974694253479903 0.46400436758995056
0.9972304334042743 0.0016969098403821416 -0.07435444296958293 -0.09014572948217392 -0.0015879053747172576 0.9999975763061836 0.0015251027111369282 -0.00736190564930439 0.07435685071897741 -0.0014028110179876041 0.9972307109552953 0.4806216359138489
0.9971961361934851 0.0017188238484397754 -0.07481250968496059 -0.09055938571691513 -0.0016087501571151884 0.9999975331138515 0.0015315642798725381 -0.007371976971626282 0.07481495762022639 -0.0014069153455109906 0.9971964413822857 0.4802493453025818
0.9972473512172814 0.0017476874909480486 -0.07412601485679375 -0.08975303918123245 -0.0016388099586373554 0.9999974872879155 0.0015296142566414129 -0.007336040958762169 0.07412850188716279 -0.0014039253144784263 0.9972477095494758 0.4765305817127228
0.9970845468920051 0.0017878429155193574 -0.07628374641346693 -0.09235277026891708 -0.0016743424341915509 0.9999973942401964 0.001551802252220214 -0.006918241269886494 0.07628632201500977 -0.00141955293186181 0.9970849421904313 0.444946825504303
0.997388318499498 0.001639483206255529 -0.07220702331186656 -0.0874183401465416 -0.0015382719014274584 0.9999977550399043 0.0014572696075134091 -0.007255652919411659 0.0722092503790291 -0.0013423896483918609 0.9973886013734721 0.4721972942352295
0.9988491765678729 0.0010362310604776592 -0.04795048169593564 -0.058093369007110596 -0.0009899866305315345 0.999999021733323 0.000988159333793158 -0.009202267043292522 0.047951458748971616 -0.0009395518010706301 0.9988492252819038 0.5941674113273621
0.9991257321191699 0.0008714294462151767 -0.041797272973879855 -0.05071641132235527 -0.0008373882645713625 0.9999993033310499 0.0008319364813873382 -0.009773185476660728 0.04179796882896484 -0.0007962086001633578 0.9991257657840867 0.6055918335914612
0.9983367035839391 0.0013025859209544878 -0.0576379176156881 -0.06964722275733948 -0.0012397388454109 0.9999985974479286 0.0011261215613341822 -0.007966279052197933 0.05763930364559843 -0.0010527925219404044 0.9983369182310932 0.5079362392425537
0.9993826909721624 0.0007027614390671536 -0.03512467952308605 -0.04288465157151222 -0.000681619198730642 0.9999995792666455 0.0006138907070194205 -0.008856693282723427 0.035125096163678496 -0.0005895700908316752 0.9993827495142192 0.5704595446586609
0.9993252456391601 0.0007770327438741716 -0.03672124246737119 -0.04465629532933235 -0.0007531561029406963 0.9999994959019752 0.0006640419266674654 -0.008874362334609032 0.03672173993858572 -0.0006359370336098003 0.9993253271082307 0.5715045928955078
0.9996971209339246 0.000493943978240065 -0.02460533307575378 -0.03105360083281994 -0.00048419341188220397 0.9999998018819445 0.00040223477229755085 -0.00843336246907711 0.024605526882436647 -0.000390199203632927 0.9996971620402948 0.5691367387771606
0.9994160589004523 0.0007282554519842538 -0.034161540595885144 -0.04181140661239624 -0.0007081111618192346 0.9999995682242109 0.0006017723607833318 -0.00853467546403408 0.0341619640897616 -0.0005772307929684114 0.9994161430626091 0.5604603290557861
0.9996851630093286 0.000503551768331302 -0.025086277018093964 -0.03042665682733059 -0.0004954329012401857 0.9999998228719353 0.0003298519942079797 -0.008639471605420113 0.02508643867216524 -0.00031731957759436707 0.999685235413144 0.5314450263977051
0.9999655317410048 4.519049993549721e-05 -0.00830260728617346 -0.01047371607273817 -4.588934419925923e-05 0.9999999954206649 -8.398117854672666e-05 -0.009822949767112732 0.008302603453001593 8.435928506522027e-05 0.9999655292355898 0.5252845287322998
0.9997064559555082 -0.0004893328690736761 0.024223180514148363 0.026491081342101097 0.0005018439318436979 0.999999743814562 -0.0005104150062085626 -0.009216845035552979 -0.024222924545682843 0.0005224214330742505 0.9997064454140029 0.5840204954147339
0.9996213637246155 -0.0006248009851674725 0.027508886001959693 0.030146311968564987 0.0006380097607517637 0.9999996853677182 -0.0004713894458124249 -0.00949234887957573 -0.027508582822185983 0.0004887618984450648 0.999621447840592 0.6065748929977417
0.9999257536992783 -0.0003553689503961702 0.012180344898210684 0.013231992721557617 0.00035945945219900666 0.999999879736462 -0.0003336404707862989 -0.010897981934249401 -0.0121802248678954 0.0003379940393202777 0.9999257611853977 0.6448028683662415
0.999850513542129 -0.0004092145961631988 0.017285343877273276 0.019185449928045273 0.00041481525115866913 0.9999998626272082 -0.0003204276401545926 -0.011251562274992466 -0.017285210379069958 0.000327549964823477 0.9998505459383278 0.709648072719574
0.9999552924567116 -0.0003205100369644781 0.009450415923597386 0.011106145568192005 0.000321680189547207 0.9999999407822273 -0.00012230044063290835 -0.013660481199622154 -0.009450376165446056 0.0001253349844662673 0.9999553363433156 0.8464276790618896
0.999993408553075 -0.00029767365110103017 0.0036185965235931744 0.004420018754899502 0.0002977766918740035 0.999999955274293 -2.7936606559682938e-05 -0.013984296470880508 -0.0036185880457572125 2.9013956119045876e-05 0.9999934524679378 0.8500245809555054
0.999985694707439 -0.0003020631152463419 0.005340331296350507 0.006503022275865078 0.00030233908537801634 0.9999999530016912 -5.0869368206932e-05 -0.013889281079173088 -0.005340315679604137 5.2483231385491624e-05 0.9999857390352886 0.8474938869476318
0.9999631288942029 -0.0002951787106431716 0.008582174645417606 0.009747114963829517 0.0002967859227536603 0.9999999386609931 -0.00018600033875483166 -0.01221063919365406 -0.008582119215655364 0.0001885405493380365 0.9999631551623437 0.7492853999137878
0.9999606073364637 -0.00028881415200530963 0.008871322431084787 0.01007827091962099 0.00029021573273002994 0.999999945609476 -0.00015670313795494118 -0.012187579646706581 -0.008871276690485007 0.00015927156234057425 0.999960636766493 0.7555102705955505
0.9999984832460767 -0.00020311123252802907 0.0017298125254957251 0.0018505662446841598 0.0002031980746603123 0.9999999781038904 -5.002760523269302e-05 -0.012452698312699795 -0.0017298023264510013 5.0379023927830535e-05 0.9999985026218117 0.7585911154747009
0.9999888475328305 -0.00021888188556116678 0.004717721980123089 0.005175178870558739 0.00021938802575111318 0.9999999702347834 -0.00010676762839793482 -0.012057628482580185 -0.004717698470199251 0.00010780144938672618 0.9999888657880106 0.7399827241897583
0.9998432699181657 -0.00043108767969703875 0.017698863318364278 0.019613945856690407 0.0004361873658837527 0.9999998644635565 -0.0002842770658629988 -0.011294438503682613 -0.01769873837118258 0.0002919525316651764 0.9998433224379645 0.7199445366859436
0.999896339964423 -0.00039669027846382497 0.014392774665595832 0.015757396817207336 0.00040061080449046565 0.9999998834367618 -0.00026951335138807335 -0.011081014759838581 -0.014392666074600997 0.0002752513146621142 0.9998963823316791 0.6998166441917419
0.9999820406890098 -0.0002648012276666288 0.005987334945821056 0.00635899743065238 0.0002660928739783508 0.9999999414989375 -0.00021493418521662783 -0.011352745816111565 -0.005987277680719488 0.00021652351230995765 0.9999820526507176 0.7055514454841614
0.9999987082757019 -0.0001113122756017923 -0.001603451435283324 -0.0024496461264789104 0.00011119303053848349 0.9999999910461552 -7.445669681551898e-05 -0.011060666292905807 0.001603459708870625 7.427830801358409e-05 0.9999987116990178 0.6865774989128113
0.999831687210666 0.0002778504177613169 -0.018344482784150455 -0.0223517008125782 -0.00027279082996813856 0.9999999240639276 0.00027831151959305554 -0.010561719536781311 0.018344558720114472 -0.0002732604695208644 0.9998316870824208 0.6571750640869141
0.9998513400318565 0.00025042037172486406 -0.017240508291168497 -0.021182626485824585 -0.0002460150848735435 0.9999999365491169 0.00025763994202435055 -0.01061968132853508 0.017240571715533077 -0.00025336021616826195 0.9998513381975953 0.6655011773109436
0.9999966874374527 -0.00016796694282924225 0.002568443347243779 0.0021094316616654396 0.0001683419564968456 0.9999999752027428 -0.00014579266070418123 -0.010671437717974186 -0.002568418795205923 0.00014622455453510002 0.9999966909161613 0.6696015000343323
0.9999209270833703 -0.00033990387138494913 0.012570761555769206 0.013179953210055828 0.0003434268177011727 0.9999999023615248 -0.00027809164371512526 -0.009936553426086903 -0.012570665803952915 0.0002823867908349444 0.9999209461847203 0.6495611667633057
0.9999447282778584 -0.00032168964549475346 0.010508896473537822 0.01083692442625761 0.0003243064767776855 0.9999999168320536 -0.00024730789443690794 -0.009766467846930027 -0.010508816043145597 0.00025070232849383776 0.9999447494405446 0.63494873046875
0.9999087328671972 -0.0003797953005737994 0.013504876580166704 0.01446833647787571 0.0003843677476773788 0.9999998696882338 -0.00033598355573031055 -0.009847103618085384 -0.01350474721534685 0.0003411437304682899 0.9999087485483886 0.5981072783470154
0.9998877069633301 -0.00040265050185424957 0.014980365021829119 0.016160177066922188 0.00040829033984957135 0.9999998469261564 -0.00037342557810343994 -0.009586201049387455 -0.014980212368730638 0.0003794999833371377 0.9998877183049858 0.584080696105957
0.9998966061974585 -0.00040540316871523843 0.014374023899933055 0.015555634163320065 0.0004109024012792027 0.9999998435201133 -0.0003796300380222595 -0.009520710445940495 -0.01437386774746707 0.0003854971075655964 0.9998966163148861 0.5755777359008789
0.9998980114963031 -0.00039375352156582297 0.014276258750216276 0.01532463263720274 0.0003986298227245814 0.9999998631804358 -0.0003387231527112665 -0.0097517604008317 -0.01427612342351056 0.000344379549338523 0.9998980316525894 0.5954013466835022
0.9999667778136142 -0.0002982011984624021 0.008145817644855986 0.008433245122432709 0.00030020537795171507 0.999999924970869 -0.000244816232208292 -0.010483141988515854 -0.008145744029188518 0.00024725351714259504 0.9999667923085792 0.6495832800865173
0.999991753550301 -0.0002140007484327158 0.00405549443019193 0.0040932646952569485 0.00021477108530432967 0.9999999589788375 -0.00018951438954021286 -0.01103778462857008 -0.004055453707609634 0.00019038382965955029 0.99999175849065 0.674294650554657
0.9999878582211934 -0.00023206915548130294 0.004922352496238889 0.00508461706340313 0.00023305946856033913 0.9999999527185923 -0.00020061429892130928 -0.011222494766116142 -0.0049223057071122065 0.00020175906396370646 0.999987865026274 0.6838613748550415
0.9999801285206381 -0.00024183967239536192 0.006299529936551982 0.006671462208032608 0.00024315162865858742 0.9999999489110314 -0.00020749751952280578 -0.01113960426300764 -0.006299479433583348 0.00020902513720398502 0.9999801362363946 0.68570876121521
0.9998805721117846 -0.0003995651718946274 0.01544933205946301 0.016546672210097313 0.00040389445066771237 0.9999998800409797 -0.00027710521249390315 -0.010216188617050648 -0.015449219484584411 0.0002833120178889015 0.9998806135492465 0.6551435589790344
0.9999018890237501 -0.00038021970093501505 0.01400241978069604 0.015116198919713497 0.0003836755134393 0.9999998966003328 -0.00024411559524884356 -0.010749095119535923 -0.014002325515291876 0.00024946403042822707 0.9999019315152167 0.6839953064918518
0.9998829999462004 -0.0004051287718100245 0.015291248780403659 0.01647661253809929 0.00040938547762744976 0.9999998783215427 -0.00027524612609506444 -0.010550187900662422 -0.015291135409663092 0.000281473937468989 0.9998830441358155 0.6765164732933044
0.9999049545402663 -0.00038560613354960804 0.013781625221197752 0.014862685464322567 0.0003892212472332118 0.9999998905488044 -0.0002596328168009565 -0.010807939805090427 -0.013781523596775766 0.000264972241238017 0.999904995185574 0.6872135400772095
0.9998935515687517 -0.00039523289369301496 0.014585243302332199 0.015819251537322998 0.0003990702801243919 0.9999998865217385 -0.00026019112590563987 -0.010868225246667862 -0.014585138811132537 0.00026598396609880655 0.9998935958282712 0.6888352632522583
0.999868461591635 -0.00042285697138431575 0.016213596342556553 0.017559010535478592 0.0004274993046777454 0.9999998686176508 -0.0002828586683893195 -0.010474840179085732 -0.016213474603616326 0.0002897527627730558 0.9998685109976286 0.6618314981460571
0.9998841946760109 -0.00041964938878755545 0.015212532054049627 0.01639392226934433 0.00042446654314737134 0.9999998607950212 -0.0003134295641651026 -0.010433517396450043 -0.015212398405864396 0.0003198504782463777 0.9998842336142783 0.6518495082855225
0.9999278709796168 -0.0003579236008833176 0.012005195911206398 0.013152945786714554 0.0003608602989813558 0.9999999054980344 -0.00024245363792391205 -0.011334670707583427 -0.012005107996812658 0.000246768348566368 0.9999279056448853 0.7089411020278931
0.9999440102344935 -0.0003406019833085878 0.010576407067047362 0.011597859673202038 0.00034302190055082314 0.9999999154057176 -0.00022699016066808793 -0.011506777256727219 -0.010576328859044882 0.0002306053907953576 0.9999440424788874 0.7165863513946533
0.9998418716511783 -0.0004584137391511057 0.01777699496294901 0.01929379068315029 0.00046379090560840435 0.999999847940423 -0.0002983573817987829 -0.010562428273260593 -0.01777685548866368 0.0003065550116315025 0.9998419322237693 0.6726927161216736
0.9998757573797138 -0.0004186049575541966 0.015757365713639414 0.01701815240085125 0.0004231684181170968 0.9999998694875528 -0.0002862749856128382 -0.010611331090331078 -0.01575724382097885 0.00029290743758123656 0.9998758040238794 0.6791384816169739
0.9998910181783044 -0.0004146495173764625 0.014757365351969419 0.016057206317782402 0.0004182820196644025 0.9999998829803212 -0.00024306274108265013 -0.011130662634968758 -0.014757262839218981 0.00024920899224668787 0.9998910746118161 0.7036523818969727
0.9998641871964454 -0.00043201199393473426 0.01647484529909022 0.017920685932040215 0.0004367916758691554 0.9999998635588463 -0.00028652281043437775 -0.010834130458533764 -0.016474719269952677 0.00029367997225608497 0.9998642394730648 0.6896597743034363
0.9998178105694127 -0.00047855842729484243 0.01908184084457851 0.020749002695083618 0.00048482252717048184 0.9999998300986479 -0.00032365072602294427 -0.01050287764519453 -0.019081682716765514 0.00033284306658279444 0.999817872714921 0.6758726239204407
0.9997351904452572 -0.0005481103178716012 0.02300540285377434 0.02504664845764637 0.0005564323742535941 0.9999997820568751 -0.00035534379821810754 -0.009838633239269257 -0.02300520307230276 0.0003680506507157069 0.9997352775461714 0.6327648758888245
0.9997035346821972 -0.0005486448397907554 0.024342180115203046 0.026466326788067818 0.0005581952977623636 0.9999997698850344 -0.0003855488141256492 -0.009491640143096447 -0.024341962984335747 0.0003990222027515317 0.9997036108864222 0.616043210029602
0.9997007448951329 -0.000550165005407044 0.024456450572050842 0.02662360668182373 0.0005597159884386015 0.9999997697512845 -0.0003836865783888954 -0.009613745845854282 -0.024456233850056033 0.00039726042462727884 0.9997008226514703 0.6295831799507141
0.9996478881518662 -0.0005812300356087389 0.026528510797996292 0.028950197622179985 0.0005915924591895611 0.9999997517535351 -0.0003827678542643127 -0.009569271467626095 -0.02652828173621371 0.00039832714410936504 0.999647983844118 0.6246363520622253
0.9996459057613697 -0.0005828809139810744 0.026603070205726328 0.029098888859152794 0.0005939481094569899 0.9999997403350697 -0.0004081120390272174 -0.009654591791331768 -0.02660282541712364 0.000423768372159925 0.9996459923894022 0.6300250291824341
0.9997750167935964 -0.0005048452394294502 0.021205209893989496 0.02315666526556015 0.000512200640258879 0.9999998105353529 -0.00034143778692040367 -0.010462440550327301 -0.0212050335031106 0.00035222229123684027 0.9997750859536306 0.6801683902740479
0.9997615683038983 -0.0005193752943232937 0.02182972266964775 0.023889772593975067 0.0005261691671349495 0.9999998149143935 -0.00030547861896856524 -0.010741530917584896 -0.021829559971232648 0.0003168919101791972 0.9997616565416879 0.699023962020874
0.9998500464270279 -0.0004700008866800467 0.017310798913890407 0.018603825941681862 0.0004750431418847396 0.9999998459345022 -0.00028716717373356606 -0.010328407399356365 -0.017310661278067272 0.0002953474882944138 0.9998501156553304 0.663065493106842
0.9999348691250421 -0.00036588723972297743 0.011407174690192149 0.012117162346839905 0.00036918786791240567 0.9999998905960938 -0.0002872422645440675 -0.010638512670993805 -0.011407068343923375 0.0002914349467068293 0.9999348948093915 0.6614595055580139
0.999997171124593 -0.00013260427890694274 -0.002374901875191848 -0.0031955442391335964 0.00013240015763895212 0.9999999875279464 -8.610636078437451e-05 -0.01134603563696146 0.0023749132636438253 8.579167981755565e-05 0.999997176209402 0.6960997581481934
0.9999931600206245 -0.00023210719915398769 0.0036913463958417833 0.0037242714315652847 0.00023276585878903995 0.999999957067167 -0.00017800482965744596 -0.011393630877137184 -0.003691304921159377 0.00017886283152199827 0.9999931711147166 0.6933392882347107
0.9999498468954875 -0.0003479901544816502 0.010009125663282959 0.010485903359949589 0.00035069787882931126 0.9999999023863805 -0.00026877170088281045 -0.01054714247584343 -0.010009031156350266 0.0002722684002866555 0.9999498713261726 0.651311457157135
0.9999698722352776 -0.0002979002068844784 0.007756666631270379 0.008180479519069195 0.0002997092370286255 0.9999999281609652 -0.00023206127853625224 -0.010963386856019497 -0.0077565969429360514 0.00023437903168659484 0.9999698896818512 0.6761103868484497
0.9999893717370673 -0.00024485798002553654 0.004603961063610926 0.005100639536976814 0.000245310770790181 0.999999965130492 -9.778364089736802e-05 -0.012408646754920483 -0.00460393695996828 9.891200286432441e-05 0.9999893969342297 0.7610103487968445
0.9999594807851878 -0.00033186593535676354 0.008995924233723843 0.009857251308858395 0.0003336411241044225 0.9999999251666053 -0.00019583254151157167 -0.011856688186526299 -0.008995858570378731 0.00019882601680445275 0.9999595166789489 0.7388293743133545
0.999945267172054 -0.00037391444595803204 0.010455756701295038 0.011427599936723709 0.0003761294982708342 0.9999999072375624 -0.00020988441387810244 -0.01170214731246233 -0.010455677252579227 0.0002138056448326891 0.9999453150549464 0.726239800453186
0.9999084930062607 -0.00041973653247830253 0.013521443532131144 0.014720006845891476 0.0004232148092107108 0.9999998780897126 -0.0002543811819750724 -0.011308211833238602 -0.013521335110652824 0.00026008037946255024 0.9999085487458451 0.7071336507797241
0.9997917327676807 -0.0005229324303658194 0.020401412477363566 0.022305769845843315 0.0005303021519494808 0.9999997960831871 -0.00035582750287271593 -0.010574813932180405 -0.020401222243431688 0.0003665723086030645 0.9997918062055302 0.6667189002037048
0.9999370151163336 -0.00036231336291179237 0.01121759908647018 0.012554979883134365 0.00036451516352546383 0.9999999147003421 -0.00019423698038344215 -0.012250931933522224 -0.01121752775495925 0.0001983137313551967 0.9999370618907628 0.7600022554397583
0.9999704601838152 -0.0002819850255720038 0.0076810965502667515 0.008665918372571468 0.0002830601765054784 0.9999999502936868 -0.00013888686300790896 -0.012595577165484428 -0.0076810570044521425 0.00014105697286077932 0.9999704902977012 0.782280683517456
0.999964177188696 -0.00030660749618472186 0.008458742883987418 0.009570779278874397 0.0003078652656828923 0.9999999417471519 -0.0001473929136646159 -0.012596181593835354 -0.00845869719946934 0.00014999178676140422 0.9999642133317329 0.7776147723197937
0.9999878507300279 -0.00025320857085607654 0.004922832290320263 0.005734189413487911 0.00025351415650467964 0.9999999659771567 -6.145126092236541e-05 -0.013100278563797474 -0.004922816562845557 6.269852201010089e-05 0.9999878808995555 0.8076200485229492
0.999971125283461 -0.0002851029612141177 0.007593899895984846 0.008605001494288445 0.0002860692301846474 0.9999999511244171 -0.0001261568825364084 -0.012723442167043686 -0.007593863557127773 0.00012832562088952937 0.9999711579684739 0.7874980568885803
0.9999519576214553 -0.0003079987872861896 0.009797325439444567 0.011180885136127472 0.00030938746122668293 0.9999999423082006 -0.00014022479996808916 -0.012894205749034882 -0.009797281685150892 0.00014324923287968908 0.9999519952233903 0.804223358631134
0.9999908407369363 -0.0002995313299923218 0.004269510887391694 0.00509584741666913 0.00029971985243595705 0.9999999541371938 -4.351574990883543e-05 -0.01407995168119669 -0.004269497657249497 4.4795008509777356e-05 0.9999908846500362 0.8573008179664612
0.9999999223435784 -0.00027954973960369993 -0.0002777854930002316 0.00023293308913707733 0.00027956492498712427 0.999999959429587 5.462853620304203e-05 -0.01496847253292799 0.0002777702103372889 -5.470619104129852e-05 0.9999999599254706 0.889818012714386
0.9999998855757407 -0.00023426873961087164 -0.00041709311036779086 -0.0002650597598403692 0.00023428440337725954 0.9999999718520532 3.750614038856245e-05 -0.013833615928888321 0.0004170843121112398 -3.7603854507465416e-05 0.9999999123133093 0.837904691696167
0.9999997625329687 -0.0002645243499132567 0.0006363653626581699 0.0010536032496020198 0.00026451178680739727 0.9999999648202207 1.9826052013947816e-05 -0.014292284846305847 -0.0006363705847444971 -1.965772116677505e-05 0.999999797323006 0.8581005930900574
0.999998156369383 -0.00027939783081828187 0.0018997880637801493 0.002533776219934225 0.0002793739517890275 0.9999999608927325 1.2834676459209336e-05 -0.014341413974761963 -0.001899791575465391 -1.2303901497866971e-05 0.9999981953186636 0.8647865056991577
0.9999937512624214 -0.00028287650070839304 0.003523835551729996 0.004411270841956139 0.0002828818475574864 0.9999999599884102 -1.0189218390048902e-06 -0.014209658838808537 -0.0035238351225066887 2.0157445833918405e-06 0.9999937912717088 0.8619935512542725
0.9999975865724227 -0.00027521354021507776 0.002179703382860004 0.002855492290109396 0.0002751806600087015 0.9999999620194583 1.5384608050020897e-05 -0.014180871658027172 -0.002179707534126135 -1.478475870486495e-05 0.9999976243254163 0.8571914434432983
0.9999999427697412 -0.0002563725972335566 -0.00022075689254556807 6.404065061360598e-05 0.0002563816852797804 0.999999966287951 4.114035206088344e-05 -0.014283005148172379 0.00022074633784449193 -4.11969477305584e-05 0.9999999747869326 0.8591955900192261
0.9999996600927772 -0.0003003136380126121 -0.0007678711146984048 -4.407402593642473e-05 0.0003004008770803806 0.9999999484386672 0.00011349879197662641 -0.016141172498464584 0.0007678369898708183 -0.00011372942255390733 0.9999996987459422 0.9460899233818054
0.9999995286308261 -0.00036309411703279665 -0.000900500298750264 0.00011925166472792625 0.00036325558810572996 0.9999999179743295 0.00017915555242905637 -0.017979532480239868 0.0009004351745590026 -0.00017948257974626352 0.9999995785011612 1.03047776222229
0.9999996293481336 -0.00035225935189430433 -0.0007856315579445868 0.0003952352562919259 0.0003523877424666101 0.999999924579469 0.0001632909541647851 -0.018130043521523476 0.000785573977926153 -0.00016356774057180274 0.9999996780595081 1.0362598896026611
0.9999997432434695 -0.0003321860269693882 -0.0006349530992183852 0.00032397720497101545 0.0003322735527031057 0.9999999353102343 0.00013774546412447048 -0.017196908593177795 0.0006349073010249577 -0.00013795640687950018 0.999999788930352 0.9935145974159241
0.9999998227916869 -0.00031422944073921906 -0.000505644591683673 0.00031176931224763393 0.0003142865718547608 0.9999999442375028 0.00011291121175985476 -0.01646573469042778 0.0005056090834607435 -0.00011307010905634658 0.9999998657872935 0.9593667984008789
0.9999998294192144 -0.0003118763031565711 -0.0004938569773204471 0.00027970096562057734 0.0003119298117107366 0.9999999454881612 0.00010827496287308138 -0.01628411002457142 0.0004938231820042499 -0.00010842899311740073 0.9999998721909013 0.9512474536895752
0.9999998228219908 -0.000352380301781691 -0.00047977506181134743 0.00048564374446868896 0.0003524494550742227 0.9999999275130482 0.00014405998709458195 -0.01751841977238655 0.00047972426313218857 -0.00014422905802941385 0.9999998745312972 1.0078036785125732
0.9999998051558726 -0.00037380719214427833 -0.0004999563982932871 0.0007825730135664344 0.0003738845771607258 0.9999999181392641 0.00015469902501327024 -0.0184597410261631 0.0004998985297583206 -0.00015488592085764836 0.9999998630558965 1.0508265495300293
0.9999997215347746 -0.00037247793837124824 -0.0006466765490083941 0.0005617206916213036 0.0003725898436372336 0.9999999156351631 0.00017293488821045898 -0.018451225012540817 0.0006466120800209992 -0.00017317578516838525 0.9999997759514578 1.050852656364441
0.9999996984563515 -0.0003739105688180958 -0.0006806453503483008 0.0006065537454560399 0.0003740344202395336 0.9999999135155831 0.00018184355642500904 -0.018728168681263924 0.0006805772982554658 -0.0001820980863802458 0.9999997518273833 1.0631376504898071
0.9999996656968566 -0.00035299761711391224 -0.0007375627815338927 0.0004747360944747925 0.00035311647024661964 0.9999999246908066 0.00016101906400463328 -0.018186265602707863 0.0007375058866427313 -0.00016127945574145462 0.9999997150369613 1.0386308431625366
