9.999938e-01 1.602189e-04 -3.507775e-03 -1.334351e-02 -1.599297e-04 1.000000e+00 8.271474e-05 -4.354408e-04 3.507788e-03 -8.215275e-05 9.999937e-01 -5.128929e-02
9.995177e-01 -5.233268e-04 3.105001e-02 3.569586e-02 5.501436e-04 9.999995e-01 -8.551275e-04 -2.774076e-03 -3.104954e-02 8.717975e-04 9.995174e-01 -2.908701e-02
9.999681e-01 -2.901217e-04 7.977088e-03 8.817178e-02 2.875277e-04 9.999999e-01 3.263294e-04 -5.833815e-03 -7.977175e-03 -3.240251e-04 9.999680e-01 5.316943e-03
9.999750e-01 3.552439e-04 -7.064404e-03 1.193021e-01 -3.590122e-04 9.999998e-01 -5.321644e-04 -8.052617e-03 7.064220e-03 5.346876e-04 9.999748e-01 -1.707256e-03
9.999802e-01 -4.709395e-05 -6.289556e-03 1.571362e-01 5.219264e-05 9.999997e-01 8.104957e-04 -1.156707e-02 6.289520e-03 -8.108076e-04 9.999798e-01 1.457798e-02
9.998434e-01 -1.281306e-04 1.769548e-02 2.063999e-01 1.501004e-04 9.999992e-01 -1.240224e-03 -1.481046e-02 -1.769530e-02 1.242686e-03 9.998426e-01 5.479416e-02
9.993380e-01 -9.053176e-04 3.636964e-02 2.668294e-01 8.836978e-04 9.999994e-01 6.105182e-04 -1.806661e-02 -3.637016e-02 -5.779740e-04 9.993381e-01 9.325928e-02
9.996340e-01 -2.144431e-04 2.705111e-02 3.497413e-01 2.566311e-04 9.999988e-01 -1.556106e-03 -2.110380e-02 -2.705072e-02 1.562478e-03 9.996327e-01 1.324070e-01
9.999806e-01 -4.273884e-04 6.211803e-03 4.074014e-01 4.207396e-04 9.999993e-01 1.071629e-03 -2.465891e-02 -6.212236e-03 -1.068995e-03 9.999800e-01 1.674280e-01
9.997155e-01 9.067124e-04 -2.383264e-02 4.513568e-01 -9.213402e-04 9.999994e-01 -6.027982e-04 -2.882360e-02 2.383210e-02 6.245849e-04 9.997157e-01 1.949251e-01
9.999116e-01 -7.368621e-04 1.327850e-02 4.879991e-01 7.270651e-04 9.999995e-01 7.426263e-04 -3.280075e-02 -1.327902e-02 -7.329062e-04 9.999115e-01 2.318874e-01
9.997992e-01 9.314563e-04 -2.001634e-02 4.983270e-01 -9.442781e-04 9.999994e-01 -6.311247e-04 -3.498337e-02 2.001575e-02 6.498992e-04 9.997994e-01 2.277210e-01
9.983220e-01 -1.454351e-03 5.788787e-02 5.578865e-01 1.469151e-03 9.999989e-01 -2.131150e-04 -3.743019e-02 -5.788748e-02 2.978035e-04 9.983230e-01 2.541020e-01
9.994925e-01 -1.895371e-04 3.185531e-02 6.427984e-01 2.153816e-04 9.999997e-01 -8.078796e-04 -4.022466e-02 -3.185512e-02 8.143305e-04 9.994921e-01 2.790174e-01
9.998204e-01 -8.780880e-04 1.893011e-02 6.992721e-01 8.714732e-04 9.999996e-01 3.576829e-04 -4.387376e-02 -1.893039e-02 -3.411217e-04 9.998206e-01 3.193780e-01
9.999986e-01 5.007274e-04 1.576937e-03 7.469232e-01 -4.993187e-04 9.999995e-01 -8.935573e-04 -4.700408e-02 -1.577347e-03 8.927686e-04 9.999983e-01 3.601649e-01
9.999945e-01 -5.924054e-04 3.258713e-03 7.747391e-01 5.906334e-04 9.999997e-01 5.447216e-04 -4.901325e-02 -3.258998e-03 -5.427941e-04 9.999944e-01 3.600303e-01
9.999242e-01 8.024194e-04 -1.228367e-02 7.921281e-01 -8.071889e-04 9.999996e-01 -3.833380e-04 -5.148980e-02 1.228339e-02 3.932240e-04 9.999244e-01 3.560641e-01
9.999929e-01 -5.987453e-04 3.716884e-03 8.027363e-01 5.970943e-04 9.999997e-01 4.452860e-04 -5.364524e-02 -3.717114e-03 -4.430637e-04 9.999929e-01 3.498147e-01
9.999737e-01 7.378307e-04 -7.212496e-03 7.773243e-01 -7.404150e-04 9.999997e-01 -3.556457e-04 -5.321987e-02 7.212267e-03 3.609765e-04 9.999738e-01 2.838983e-01
9.999988e-01 -5.676313e-04 1.408008e-03 7.670007e-01 5.669086e-04 9.999997e-01 5.136799e-04 -5.405790e-02 -1.408265e-03 -5.128813e-04 9.999988e-01 2.437209e-01
9.999792e-01 4.096012e-04 6.439218e-03 8.362270e-01 -4.043963e-04 9.999996e-01 -8.095813e-04 -5.921967e-02 -6.439511e-03 8.069602e-04 9.999788e-01 3.349327e-01
9.999224e-01 -8.209102e-04 1.243405e-02 9.245153e-01 8.144241e-04 9.999995e-01 5.267040e-04 -6.586678e-02 -1.243444e-02 -5.165368e-04 9.999225e-01 4.653199e-01
9.999379e-01 3.182006e-04 1.114360e-02 1.037655e+00 -3.086533e-04 9.999996e-01 -8.584590e-04 -7.339832e-02 -1.114383e-02 8.549659e-04 9.999374e-01 6.159050e-01
9.998264e-01 -9.757408e-04 1.860551e-02 1.158426e+00 9.648945e-04 9.999994e-01 5.919356e-04 -8.174501e-02 -1.860604e-02 -5.738809e-04 9.998266e-01 7.880712e-01
9.997479e-01 1.342697e-03 -2.241449e-02 1.173312e+00 -1.359013e-03 9.999988e-01 -7.127043e-04 -8.300894e-02 2.241355e-02 7.429859e-04 9.997484e-01 7.516853e-01
9.999967e-01 -8.430157e-04 2.440093e-03 1.092220e+00 8.404767e-04 9.999991e-01 1.041450e-03 -7.726935e-02 -2.440929e-03 -1.039396e-03 9.999964e-01 4.802872e-01
9.997344e-01 1.430167e-03 -2.300122e-02 9.738027e-01 -1.445670e-03 9.999987e-01 -6.573558e-04 -6.854161e-02 2.300029e-02 6.904332e-04 9.997351e-01 1.266034e-01
9.999795e-01 -6.662448e-04 -6.374444e-03 8.468783e-01 6.738283e-04 9.999991e-01 1.187593e-03 -5.836674e-02 6.373682e-03 -1.191864e-03 9.999789e-01 -3.041949e-01
9.996725e-01 1.517286e-03 -2.554743e-02 7.152905e-01 -1.534115e-03 9.999986e-01 -6.391641e-04 -4.740504e-02 2.554645e-02 6.781473e-04 9.996733e-01 -7.708235e-01
9.999971e-01 -7.518428e-04 -2.270896e-03 5.566138e-01 7.544881e-04 9.999990e-01 1.164220e-03 -3.443637e-02 2.270049e-03 -1.165930e-03 9.999966e-01 -1.276994e+00
9.995343e-01 1.646344e-03 -3.047127e-02 4.067840e-01 -1.663628e-03 9.999985e-01 -5.418851e-04 -2.211469e-02 3.047036e-02 5.923256e-04 9.995354e-01 -1.783181e+00
9.999774e-01 -7.339440e-04 -6.684661e-03 3.030928e-01 7.428263e-04 9.999988e-01 1.326374e-03 -1.316533e-02 6.683702e-03 -1.331310e-03 9.999767e-01 -2.216537e+00
9.993800e-01 1.849478e-03 -3.515838e-02 2.882506e-01 -1.859192e-03 9.999982e-01 -2.436197e-04 -1.033611e-02 3.515789e-02 3.088351e-04 9.993816e-01 -2.481319e+00
9.999996e-01 -9.042103e-04 -2.158156e-04 2.641458e-01 9.044156e-04 9.999991e-01 9.527669e-04 -7.008160e-03 2.149693e-04 -9.529613e-04 9.999994e-01 -2.735946e+00
9.994231e-01 1.866848e-03 -3.391275e-02 2.086558e-01 -1.873483e-03 9.999982e-01 -1.638617e-04 -1.717820e-03 3.391240e-02 2.273025e-04 9.994247e-01 -3.043244e+00
9.996587e-01 -1.787908e-03 2.606184e-02 2.118967e-01 1.773486e-03 9.999983e-01 5.764884e-04 -4.874498e-04 -2.606281e-02 -5.300709e-04 9.996601e-01 -3.183855e+00
9.999621e-01 1.216304e-03 8.616938e-03 2.748857e-01 -1.204013e-03 9.999983e-01 -1.431448e-03 -2.507624e-03 -8.618649e-03 1.421019e-03 9.999617e-01 -3.171270e+00
9.996807e-01 -1.912211e-03 2.519696e-02 3.216649e-01 1.891537e-03 9.999979e-01 8.443112e-04 -4.457614e-03 -2.519850e-02 -7.963803e-04 9.996821e-01 -3.169277e+00
9.999479e-01 1.335408e-03 1.012015e-02 3.900027e-01 -1.318463e-03 9.999977e-01 -1.680960e-03 -6.986921e-03 -1.012235e-02 1.667529e-03 9.999473e-01 -3.143500e+00
9.989917e-01 -2.374621e-03 4.483185e-02 4.630475e-01 2.328462e-03 9.999967e-01 1.081787e-03 -1.040962e-02 -4.483424e-02 -9.763066e-04 9.989939e-01 -3.100717e+00
9.998817e-01 1.237285e-03 1.532985e-02 5.501533e-01 -1.207203e-03 9.999973e-01 -1.971376e-03 -1.352664e-02 -1.533222e-02 1.952637e-03 9.998805e-01 -3.063011e+00
9.983695e-01 -2.584334e-03 5.702367e-02 6.401655e-01 2.516082e-03 9.999960e-01 1.268671e-03 -1.716758e-02 -5.702668e-02 -1.123127e-03 9.983719e-01 -3.021616e+00
9.999793e-01 1.274899e-03 6.299208e-03 7.184134e-01 -1.262420e-03 9.999972e-01 -1.984718e-03 -2.056385e-02 -6.301676e-03 1.976725e-03 9.999781e-01 -2.982444e+00
9.974495e-01 -2.592800e-03 7.132883e-02 8.016687e-01 2.526725e-03 9.999963e-01 1.016558e-03 -2.258773e-02 -7.133114e-02 -8.337371e-04 9.974522e-01 -2.972270e+00
9.999984e-01 1.117147e-03 -1.378284e-03 8.850517e-01 -1.119484e-03 9.999979e-01 -1.695504e-03 -2.624324e-02 1.376444e-03 1.697044e-03 9.999975e-01 -2.932339e+00
9.999176e-01 -1.334627e-03 1.276814e-02 9.405321e-01 1.319234e-03 9.999984e-01 1.213913e-03 -2.892289e-02 -1.276968e-02 -1.196969e-03 9.999177e-01 -2.922138e+00
9.998269e-01 7.549254e-04 1.859229e-02 9.990636e-01 -7.194724e-04 9.999979e-01 -1.913471e-03 -3.145004e-02 -1.859363e-02 1.899763e-03 9.998252e-01 -2.897385e+00
9.995935e-01 -1.479080e-04 -2.850923e-02 1.048514e+00 2.108153e-04 9.999975e-01 2.203556e-03 -3.433524e-02 2.850890e-02 -2.208671e-03 9.995910e-01 -2.914420e+00
9.997594e-01 1.663790e-03 -2.187350e-02 1.098396e+00 -1.673813e-03 9.999985e-01 -4.399112e-04 -3.830968e-02 2.187279e-02 4.764172e-04 9.997606e-01 -2.968484e+00
9.990751e-01 2.178187e-04 -4.299921e-02 1.147516e+00 -1.082234e-04 9.999967e-01 2.551083e-03 -4.405667e-02 4.299968e-02 -2.544070e-03 9.990718e-01 -2.990852e+00
9.997981e-01 1.641501e-03 -2.002645e-02 1.194310e+00 -1.652606e-03 9.999985e-01 -5.379984e-04 -5.024183e-02 2.002558e-02 5.709858e-04 9.997992e-01 -2.996427e+00
9.993665e-01 -6.378275e-05 -3.558935e-02 1.241725e+00 1.445260e-04 9.999974e-01 2.266181e-03 -5.648163e-02 3.558915e-02 -2.269889e-03 9.993638e-01 -2.983969e+00
9.997804e-01 1.750121e-03 -2.088202e-02 1.290024e+00 -1.759283e-03 9.999984e-01 -4.203896e-04 -6.269892e-02 2.088129e-02 4.570352e-04 9.997818e-01 -2.973354e+00
9.994712e-01 -2.517790e-04 -3.251565e-02 1.337444e+00 3.176890e-04 9.999979e-01 2.021876e-03 -6.893662e-02 3.251511e-02 -2.031136e-03 9.994691e-01 -2.955820e+00
9.995940e-01 2.147874e-03 -2.840990e-02 1.384451e+00 -2.145618e-03 9.999977e-01 1.098834e-04 -7.470048e-02 2.841009e-02 -4.888097e-05 9.995963e-01 -2.967049e+00
9.991835e-01 -1.496506e-04 -4.040094e-02 1.425840e+00 2.329774e-04 9.999979e-01 2.057797e-03 -8.176784e-02 4.040056e-02 -2.065529e-03 9.991813e-01 -2.957712e+00
9.996713e-01 2.131337e-03 -2.554929e-02 1.465684e+00 -2.129720e-03 9.999977e-01 9.053465e-05 -8.952234e-02 2.554944e-02 -3.609062e-05 9.996735e-01 -2.920857e+00
9.992117e-01 -2.346564e-04 -3.969675e-02 1.504611e+00 3.103482e-04 9.999981e-01 1.900601e-03 -9.747786e-02 3.969623e-02 -1.911421e-03 9.992099e-01 -2.876275e+00
9.996230e-01 2.293879e-03 -2.735960e-02 1.544215e+00 -2.285336e-03 9.999973e-01 3.435174e-04 -1.055637e-01 2.736031e-02 -2.808601e-04 9.996255e-01 -2.829955e+00
9.990719e-01 -1.761262e-04 -4.307380e-02 1.585460e+00 2.586646e-04 9.999981e-01 1.910641e-03 -1.134338e-01 4.307337e-02 -1.920008e-03 9.990700e-01 -2.797099e+00
9.996256e-01 2.320328e-03 -2.726215e-02 1.629584e+00 -2.307521e-03 9.999972e-01 5.011840e-04 -1.201259e-01 2.726322e-02 -4.380861e-04 9.996281e-01 -2.800552e+00
9.990778e-01 -2.614807e-04 -4.293498e-02 1.674507e+00 3.372719e-04 9.999984e-01 1.758016e-03 -1.265025e-01 4.293443e-02 -1.770873e-03 9.990762e-01 -2.815028e+00
9.996922e-01 2.245600e-03 -2.470742e-02 1.718435e+00 -2.234471e-03 9.999974e-01 4.780297e-04 -1.330369e-01 2.470840e-02 -4.226719e-04 9.996945e-01 -2.820163e+00
9.942157e-01 -3.489043e-03 1.073449e-01 1.818863e+00 3.670988e-03 9.999921e-01 -1.497402e-03 -1.387662e-01 -1.073389e-01 1.882805e-03 9.942206e-01 -2.717244e+00
9.989227e-01 3.101274e-03 -4.630244e-02 1.885882e+00 -3.035324e-03 9.999943e-01 1.494572e-03 -1.437956e-01 4.630680e-02 -1.352416e-03 9.989262e-01 -2.679432e+00
9.998517e-01 -1.273799e-03 -1.717431e-02 1.934328e+00 1.282809e-03 9.999990e-01 5.135771e-04 -1.492928e-01 1.717362e-02 -5.355295e-04 9.998523e-01 -2.707303e+00
9.989039e-01 3.136495e-03 -4.670318e-02 1.982331e+00 -3.061307e-03 9.999939e-01 1.681355e-03 -1.545804e-01 4.670815e-02 -1.536537e-03 9.989073e-01 -2.743458e+00
9.998909e-01 -1.360555e-03 -1.470846e-02 2.029920e+00 1.364923e-03 9.999990e-01 2.868823e-04 -1.597812e-01 1.470802e-02 -3.069239e-04 9.998917e-01 -2.777619e+00
9.992292e-01 2.944741e-03 -3.914552e-02 2.079230e+00 -2.885341e-03 9.999946e-01 1.573813e-03 -1.642710e-01 3.914991e-02 -1.459649e-03 9.992322e-01 -2.818508e+00
9.989688e-01 -3.008430e-03 4.530275e-02 2.118662e+00 3.076513e-03 9.999942e-01 -1.433195e-03 -1.682368e-01 -4.529822e-02 1.571095e-03 9.989722e-01 -2.768712e+00
9.988430e-01 3.805480e-03 -4.793869e-02 2.162259e+00 -3.716803e-03 9.999912e-01 1.938787e-03 -1.726797e-01 4.794561e-02 -1.758362e-03 9.988483e-01 -2.741286e+00
9.999867e-01 -2.237949e-03 -4.655611e-03 2.204719e+00 2.236669e-03 9.999975e-01 -2.802873e-04 -1.801035e-01 4.656183e-03 2.698739e-04 9.999890e-01 -2.686627e+00
9.996841e-01 1.930703e-03 2.506053e-02 2.251314e+00 -1.927986e-03 9.999981e-01 -1.325767e-04 -1.844849e-01 -2.506078e-02 8.422173e-05 9.996858e-01 -2.615264e+00
9.999587e-01 -2.476965e-03 8.746813e-03 2.298609e+00 2.479910e-03 9.999969e-01 -3.257942e-04 -1.878677e-01 -8.746018e-03 3.474753e-04 9.999616e-01 -2.595660e+00
9.999969e-01 2.362277e-03 8.101428e-04 2.346889e+00 -2.362358e-03 9.999972e-01 9.960359e-05 -1.936753e-01 -8.099429e-04 -1.015139e-04 9.999996e-01 -2.487115e+00
9.998568e-01 -2.662369e-03 1.670935e-02 2.399654e+00 2.669315e-03 9.999964e-01 -3.933836e-04 -1.986231e-01 -1.670828e-02 4.379331e-04 9.998602e-01 -2.403581e+00
9.999685e-01 2.529755e-03 -7.521686e-03 2.448501e+00 -2.528715e-03 9.999968e-01 1.477193e-04 -2.032959e-01 7.522001e-03 -1.286913e-04 9.999716e-01 -2.324019e+00
9.998317e-01 -2.707466e-03 1.814300e-02 2.502324e+00 2.715217e-03 9.999962e-01 -4.025654e-04 -2.081349e-01 -1.814188e-02 4.517631e-04 9.998352e-01 -2.242314e+00
9.999765e-01 2.506216e-03 -6.377545e-03 2.558046e+00 -2.505738e-03 9.999969e-01 8.288502e-05 -2.128369e-01 6.377700e-03 -6.689949e-05 9.999796e-01 -2.164152e+00
9.996920e-01 -2.816556e-03 2.465664e-02 2.616643e+00 2.827524e-03 9.999959e-01 -4.099375e-04 -2.174609e-01 -2.465542e-02 4.795316e-04 9.996958e-01 -2.084204e+00
9.999821e-01 2.475288e-03 -5.450110e-03 2.672509e+00 -2.475190e-03 9.999969e-01 2.463980e-05 -2.217724e-01 5.450125e-03 -1.114622e-05 9.999851e-01 -2.011275e+00
9.997944e-01 -2.768699e-03 2.008602e-02 2.713904e+00 2.775463e-03 9.999961e-01 -3.088472e-04 -2.253191e-01 -2.008511e-02 3.645348e-04 9.997981e-01 -1.960470e+00
9.999572e-01 2.561496e-03 -8.891909e-03 2.761879e+00 -2.561735e-03 9.999967e-01 -1.554188e-05 -2.293471e-01 8.891813e-03 3.832296e-05 9.999604e-01 -1.897851e+00
9.997860e-01 -2.774712e-03 2.050115e-02 2.817701e+00 2.781036e-03 9.999961e-01 -2.799847e-04 -2.339178e-01 -2.050032e-02 3.369423e-04 9.997897e-01 -1.820052e+00
9.998053e-01 2.805263e-03 -1.953262e-02 2.858052e+00 -2.803154e-03 9.999961e-01 1.353160e-04 -2.376352e-01 1.953289e-02 -8.053376e-05 9.998091e-01 -1.771430e+00
9.999169e-01 -2.638882e-03 1.261988e-02 2.886692e+00 2.639224e-03 9.999965e-01 -1.041053e-05 -2.412937e-01 -1.261983e-02 4.371939e-05 9.999203e-01 -1.732196e+00
9.994763e-01 3.203106e-03 -3.220034e-02 2.934657e+00 -3.184248e-03 9.999947e-01 6.368802e-04 -2.472111e-01 3.220218e-02 -5.340098e-04 9.994811e-01 -1.651479e+00
9.997986e-01 -2.923488e-03 1.985356e-02 2.970450e+00 2.932846e-03 9.999956e-01 -4.422306e-04 -2.521414e-01 -1.985221e-02 5.003721e-04 9.998027e-01 -1.584475e+00
9.994687e-01 3.335519e-03 -3.242252e-02 3.016470e+00 -3.308605e-03 9.999941e-01 8.837012e-04 -2.573528e-01 3.242524e-02 -7.759554e-04 9.994738e-01 -1.514301e+00
9.999675e-01 -2.617197e-03 7.624232e-03 3.063939e+00 2.618469e-03 9.999966e-01 -1.568048e-04 -2.637857e-01 -7.623829e-03 1.767667e-04 9.999708e-01 -1.428499e+00
9.995046e-01 3.278246e-03 -3.130123e-02 3.116851e+00 -3.252044e-03 9.999943e-01 8.879636e-04 -2.687285e-01 3.130393e-02 -7.857276e-04 9.995095e-01 -1.386690e+00
9.999528e-01 -2.658552e-03 9.346979e-03 3.168781e+00 2.660601e-03 9.999964e-01 -2.067287e-04 -2.736322e-01 -9.346433e-03 2.315908e-04 9.999562e-01 -1.343664e+00
9.994866e-01 3.312633e-03 -3.186822e-02 3.218477e+00 -3.285275e-03 9.999942e-01 9.107980e-04 -2.792906e-01 3.187101e-02 -8.056313e-04 9.994916e-01 -1.276320e+00
9.999346e-01 -2.734102e-03 1.110366e-02 3.266718e+00 2.738108e-03 9.999962e-01 -3.455463e-04 -2.850412e-01 -1.110271e-02 3.759301e-04 9.999382e-01 -1.204539e+00
9.995294e-01 3.260790e-03 -3.050116e-02 3.314761e+00 -3.235967e-03 9.999944e-01 8.631608e-04 -2.912764e-01 3.050376e-02 -7.640506e-04 9.995343e-01 -1.114378e+00
9.997906e-01 -2.984029e-03 2.024397e-02 3.349436e+00 2.998184e-03 9.999953e-01 -6.688426e-04 -2.954821e-01 -2.024192e-02 7.294011e-04 9.997948e-01 -1.061505e+00
9.995710e-01 3.265390e-03 -2.910718e-02 3.376349e+00 -3.240008e-03 9.999943e-01 9.191196e-04 -2.995759e-01 2.910997e-02 -8.244145e-04 9.995758e-01 -1.008166e+00
9.999375e-01 -2.745425e-03 1.083381e-02 3.423026e+00 2.750591e-03 9.999961e-01 -4.619151e-04 -3.059412e-01 -1.083254e-02 4.916890e-04 9.999411e-01 -9.111160e-01
9.995058e-01 3.355882e-03 -3.125356e-02 3.470428e+00 -3.324080e-03 9.999939e-01 1.069395e-03 -3.125841e-01 3.125691e-02 -9.649739e-04 9.995108e-01 -8.085101e-01
9.998526e-01 -3.008702e-03 1.690304e-02 3.515155e+00 3.023354e-03 9.999951e-01 -8.413167e-04 -3.181832e-01 -1.690048e-02 8.923000e-04 9.998567e-01 -7.271431e-01
9.995531e-01 3.387144e-03 -2.969990e-02 3.556471e+00 -3.353427e-03 9.999937e-01 1.184979e-03 -3.230892e-01 2.970368e-02 -1.084850e-03 9.995581e-01 -6.602895e-01
9.999049e-01 -2.929971e-03 1.347318e-02 3.602872e+00 2.940949e-03 9.999954e-01 -7.949857e-04 -3.286078e-01 -1.347084e-02 8.345376e-04 9.999088e-01 -5.867842e-01
9.994803e-01 3.495717e-03 -3.204427e-02 3.651405e+00 -3.453727e-03 9.999931e-01 1.365599e-03 -3.339304e-01 3.204877e-02 -1.254214e-03 9.994854e-01 -5.213982e-01
9.999102e-01 -2.926738e-03 1.307838e-02 3.695783e+00 2.938089e-03 9.999953e-01 -8.486877e-04 -3.391758e-01 -1.307589e-02 8.870404e-04 9.999140e-01 -4.625130e-01
9.996435e-01 3.273289e-03 -2.649726e-02 3.739534e+00 -3.244056e-03 9.999941e-01 1.146127e-03 -3.441983e-01 2.650080e-02 -1.059757e-03 9.996481e-01 -3.954639e-01
9.999310e-01 -2.850080e-03 1.139519e-02 3.784182e+00 2.859249e-03 9.999956e-01 -7.883287e-04 -3.491225e-01 -1.139295e-02 8.208595e-04 9.999347e-01 -3.359040e-01
9.996595e-01 3.197195e-03 -2.589680e-02 3.830798e+00 -3.169600e-03 9.999944e-01 1.106494e-03 -3.546746e-01 2.590013e-02 -1.024032e-03 9.996639e-01 -2.577639e-01
9.997775e-01 -3.034840e-03 2.087384e-02 3.878474e+00 3.056586e-03 9.999948e-01 -1.009928e-03 -3.597240e-01 -2.087073e-02 1.073510e-03 9.997815e-01 -1.784515e-01
9.996077e-01 3.286294e-03 -2.781529e-02 3.919615e+00 -3.253352e-03 9.999940e-01 1.229431e-03 -3.641900e-01 2.781910e-02 -1.138453e-03 9.996122e-01 -1.167689e-01
9.998601e-01 -2.927969e-03 1.646582e-02 3.965724e+00 2.943357e-03 9.999953e-01 -9.103047e-04 -3.694444e-01 -1.646313e-02 9.586457e-04 9.998639e-01 -3.994993e-02
9.994161e-01 3.455976e-03 -3.399399e-02 4.015717e+00 -3.408639e-03 9.999931e-01 1.450344e-03 -3.754557e-01 3.399870e-02 -1.333621e-03 9.994209e-01 4.906565e-02
9.998040e-01 -3.043202e-03 1.956007e-02 4.064377e+00 3.065518e-03 9.999947e-01 -1.110958e-03 -3.808316e-01 -1.955665e-02 1.170706e-03 9.998080e-01 1.247244e-01
9.994225e-01 3.426130e-03 -3.380685e-02 4.110396e+00 -3.378491e-03 9.999932e-01 1.466139e-03 -3.856255e-01 3.381158e-02 -1.351073e-03 9.994272e-01 1.838597e-01
9.997503e-01 -3.067733e-03 2.213549e-02 4.154120e+00 3.093501e-03 9.999946e-01 -1.129886e-03 -3.902975e-01 -2.213197e-02 1.198083e-03 9.997543e-01 2.434402e-01
9.994625e-01 3.370843e-03 -3.260952e-02 4.203910e+00 -3.325807e-03 9.999934e-01 1.435176e-03 -3.955892e-01 3.261408e-02 -1.325948e-03 9.994671e-01 3.224812e-01
9.997001e-01 -3.118301e-03 2.428831e-02 4.246760e+00 3.148736e-03 9.999943e-01 -1.214866e-03 -4.002991e-01 -2.428445e-02 1.290983e-03 9.997042e-01 3.902094e-01
9.996005e-01 3.319546e-03 -2.806796e-02 4.293997e+00 -3.283309e-03 9.999937e-01 1.336982e-03 -4.050590e-01 2.807215e-02 -1.244288e-03 9.996050e-01 4.561347e-01
9.998466e-01 -2.882859e-03 1.727454e-02 4.346339e+00 2.900007e-03 9.999953e-01 -9.675828e-04 -4.102650e-01 -1.727174e-02 1.017534e-03 9.998502e-01 5.272377e-01
9.992800e-01 3.460584e-03 -3.778118e-02 4.395054e+00 -3.402770e-03 9.999929e-01 1.594385e-03 -4.158660e-01 3.778636e-02 -1.464673e-03 9.992847e-01 5.950222e-01
9.996287e-01 -3.189038e-03 2.706167e-02 4.439453e+00 3.226567e-03 9.999939e-01 -1.343182e-03 -4.208342e-01 -2.705729e-02 1.430004e-03 9.996328e-01 6.646595e-01
9.994319e-01 3.454117e-03 -3.352417e-02 4.461315e+00 -3.403723e-03 9.999930e-01 1.560152e-03 -4.238837e-01 3.352925e-02 -1.445155e-03 9.994366e-01 6.844691e-01
9.996483e-01 -3.218322e-03 2.632367e-02 4.456839e+00 3.256273e-03 9.999937e-01 -1.398925e-03 -4.251611e-01 -2.631908e-02 1.484153e-03 9.996524e-01 6.578337e-01
9.992980e-01 3.564569e-03 -3.729409e-02 4.465801e+00 -3.502608e-03 9.999924e-01 1.726604e-03 -4.275371e-01 3.729989e-02 -1.594762e-03 9.993028e-01 6.538641e-01
9.996723e-01 -3.231262e-03 2.539441e-02 4.511331e+00 3.268172e-03 9.999937e-01 -1.412012e-03 -4.319906e-01 -2.538975e-02 1.494546e-03 9.996764e-01 7.049012e-01
9.995051e-01 3.429428e-03 -3.127071e-02 4.537060e+00 -3.381569e-03 9.999930e-01 1.583186e-03 -4.353357e-01 3.127585e-02 -1.476655e-03 9.995096e-01 7.354517e-01
9.996247e-01 -3.306177e-03 2.719319e-02 4.590989e+00 3.348315e-03 9.999933e-01 -1.504125e-03 -4.403554e-01 -2.718811e-02 1.594615e-03 9.996290e-01 8.129894e-01
9.995913e-01 3.406335e-03 -2.838376e-02 4.645138e+00 -3.366026e-03 9.999933e-01 1.467720e-03 -4.449259e-01 2.838850e-02 -1.371576e-03 9.995959e-01 8.830346e-01
9.997991e-01 -3.115382e-03 1.980045e-02 4.674971e+00 3.141457e-03 9.999942e-01 -1.285838e-03 -4.483544e-01 -1.979641e-02 1.347785e-03 9.998030e-01 9.159412e-01
9.995343e-01 3.443465e-03 -3.031919e-02 4.685752e+00 -3.397796e-03 9.999930e-01 1.557611e-03 -4.505119e-01 3.032427e-02 -1.453864e-03 9.995390e-01 9.066294e-01
9.997616e-01 -3.201276e-03 2.159540e-02 4.686431e+00 3.232551e-03 9.999938e-01 -1.413417e-03 -4.520748e-01 -2.159082e-02 1.482892e-03 9.997657e-01 8.829913e-01
9.996858e-01 3.358812e-03 -2.483965e-02 4.672764e+00 -3.320813e-03 9.999933e-01 1.570803e-03 -4.529288e-01 2.484468e-02 -1.487818e-03 9.996901e-01 8.529779e-01
9.996477e-01 -3.329842e-03 2.633102e-02 4.689766e+00 3.374247e-03 9.999930e-01 -1.642104e-03 -4.552509e-01 -2.632544e-02 1.730377e-03 9.996518e-01 8.694917e-01
9.997345e-01 3.311910e-03 -2.280171e-02 4.707552e+00 -3.279475e-03 9.999936e-01 1.459661e-03 -4.577171e-01 2.280632e-02 -1.384493e-03 9.997389e-01 8.953547e-01
9.996787e-01 -3.301031e-03 2.513265e-02 4.720958e+00 3.342171e-03 9.999931e-01 -1.595029e-03 -4.600590e-01 -2.512729e-02 1.678517e-03 9.996828e-01 9.192044e-01
9.996586e-01 3.432040e-03 -2.590149e-02 4.713809e+00 -3.390901e-03 9.999929e-01 1.631988e-03 -4.612713e-01 2.590684e-02 -1.543598e-03 9.996631e-01 9.029713e-01
9.997397e-01 -3.263014e-03 2.257832e-02 4.709802e+00 3.297817e-03 9.999934e-01 -1.504308e-03 -4.626980e-01 -2.257334e-02 1.578379e-03 9.997439e-01 8.881777e-01
9.997093e-01 3.378834e-03 -2.387001e-02 4.714759e+00 -3.342698e-03 9.999932e-01 1.553541e-03 -4.646159e-01 2.387502e-02 -1.473296e-03 9.997138e-01 8.892494e-01
9.997641e-01 -3.228729e-03 2.147877e-02 4.714089e+00 3.260765e-03 9.999936e-01 -1.456610e-03 -4.663921e-01 -2.147400e-02 1.526307e-03 9.997682e-01 8.845395e-01
9.997851e-01 3.274746e-03 -2.047172e-02 4.728175e+00 -3.247444e-03 9.999938e-01 1.366669e-03 -4.686433e-01 2.047599e-02 -1.299891e-03 9.997894e-01 9.003704e-01
9.996754e-01 -3.340853e-03 2.525506e-02 4.749119e+00 3.381822e-03 9.999930e-01 -1.579605e-03 -4.711151e-01 -2.524968e-02 1.664504e-03 9.996797e-01 9.259981e-01
9.996831e-01 3.443722e-03 -2.493738e-02 4.752284e+00 -3.406391e-03 9.999930e-01 1.539242e-03 -4.727595e-01 2.494243e-02 -1.453804e-03 9.996877e-01 9.220513e-01
9.996430e-01 -3.407725e-03 2.649828e-02 4.748263e+00 3.450707e-03 9.999928e-01 -1.576425e-03 -4.740572e-01 -2.649280e-02 1.667303e-03 9.996475e-01 9.174070e-01
9.998027e-01 3.328605e-03 -1.958000e-02 4.761363e+00 -3.303260e-03 9.999937e-01 1.326593e-03 -4.764048e-01 1.958421e-02 -1.261650e-03 9.998073e-01 9.477603e-01
9.996268e-01 -3.434284e-03 2.710193e-02 4.784744e+00 3.477268e-03 9.999928e-01 -1.539003e-03 -4.793004e-01 -2.709652e-02 1.632673e-03 9.996314e-01 9.916101e-01
9.997819e-01 3.354043e-03 -2.061456e-02 4.810630e+00 -3.327378e-03 9.999936e-01 1.327634e-03 -4.824261e-01 2.061881e-02 -1.258749e-03 9.997865e-01 1.041605e+00
9.995539e-01 -3.476727e-03 2.966345e-02 4.841739e+00 3.524942e-03 9.999925e-01 -1.573214e-03 -4.856499e-01 -2.965784e-02 1.677077e-03 9.995586e-01 1.093916e+00
9.996619e-01 3.461641e-03 -2.577055e-02 4.842121e+00 -3.425492e-03 9.999931e-01 1.446691e-03 -4.873795e-01 2.577531e-02 -1.357922e-03 9.996668e-01 1.105210e+00
9.996352e-01 -3.394507e-03 2.679436e-02 4.852269e+00 3.435938e-03 9.999930e-01 -1.500294e-03 -4.901662e-01 -2.678915e-02 1.591814e-03 9.996398e-01 1.149843e+00
9.997395e-01 3.371140e-03 -2.257269e-02 4.878243e+00 -3.342229e-03 9.999935e-01 1.318352e-03 -4.937299e-01 2.257691e-02 -1.242562e-03 9.997443e-01 1.217054e+00
9.997018e-01 -3.343003e-03 2.418963e-02 4.914373e+00 3.378319e-03 9.999933e-01 -1.419150e-03 -4.986944e-01 -2.418480e-02 1.500450e-03 9.997063e-01 1.324770e+00
9.998648e-01 3.235299e-03 -1.611921e-02 4.960392e+00 -3.216970e-03 9.999941e-01 1.162819e-03 -5.036453e-01 1.612281e-02 -1.110804e-03 9.998693e-01 1.424181e+00
9.996811e-01 -3.380295e-03 2.502623e-02 5.007779e+00 3.415805e-03 9.999932e-01 -1.376251e-03 -5.086046e-01 -2.502148e-02 1.461300e-03 9.996858e-01 1.519797e+00
9.998466e-01 3.273864e-03 -1.720514e-02 5.052185e+00 -3.254298e-03 9.999940e-01 1.165042e-03 -5.135484e-01 1.720878e-02 -1.108870e-03 9.998512e-01 1.617095e+00
9.997760e-01 -3.302944e-03 2.090630e-02 5.081386e+00 3.331935e-03 9.999935e-01 -1.351971e-03 -5.173345e-01 -2.090177e-02 1.421330e-03 9.997804e-01 1.691780e+00
9.998672e-01 3.261614e-03 -1.596608e-02 5.117570e+00 -3.243860e-03 9.999941e-01 1.137639e-03 -5.216162e-01 1.596963e-02 -1.085694e-03 9.998718e-01 1.776511e+00
9.995023e-01 -3.506643e-03 3.134978e-02 5.163687e+00 3.553478e-03 9.999927e-01 -1.438323e-03 -5.263808e-01 -3.134457e-02 1.549011e-03 9.995074e-01 1.868958e+00
9.999084e-01 3.194414e-03 -1.314844e-02 5.212573e+00 -3.180026e-03 9.999943e-01 1.114945e-03 -5.314821e-01 1.315186e-02 -1.073027e-03 9.999128e-01 1.965765e+00
9.997500e-01 -3.347560e-03 2.210705e-02 5.250973e+00 3.376236e-03 9.999935e-01 -1.259881e-03 -5.362859e-01 -2.210275e-02 1.334208e-03 9.997547e-01 2.058807e+00
9.997907e-01 3.350929e-03 -2.018332e-02 5.285208e+00 -3.328664e-03 9.999938e-01 1.136576e-03 -5.411661e-01 2.018693e-02 -1.069152e-03 9.997956e-01 2.163429e+00
9.997063e-01 -3.360936e-03 2.399943e-02 5.334928e+00 3.392745e-03 9.999934e-01 -1.284728e-03 -5.469550e-01 -2.399502e-02 1.365778e-03 9.997111e-01 2.287403e+00
9.998072e-01 3.319922e-03 -1.935274e-02 5.392101e+00 -3.296470e-03 9.999938e-01 1.243531e-03 -5.537045e-01 1.935669e-02 -1.179493e-03 9.998119e-01 2.431924e+00
9.997782e-01 -3.327734e-03 2.079615e-02 5.445099e+00 3.355423e-03 9.999935e-01 -1.296625e-03 -5.607931e-01 -2.079176e-02 1.366120e-03 9.997828e-01 2.595879e+00
9.999188e-01 3.198538e-03 -1.233499e-02 5.504778e+00 -3.185270e-03 9.999943e-01 1.095005e-03 -5.673338e-01 1.233836e-02 -1.055623e-03 9.999232e-01 2.735217e+00
9.996889e-01 -3.410804e-03 2.470606e-02 5.556454e+00 3.444326e-03 9.999932e-01 -1.314359e-03 -5.729083e-01 -2.470147e-02 1.399049e-03 9.996938e-01 2.845050e+00
9.999239e-01 3.203005e-03 -1.191165e-02 5.610848e+00 -3.190708e-03 9.999944e-01 1.051086e-03 -5.787795e-01 1.191489e-02 -1.012997e-03 9.999284e-01 2.961641e+00
9.996233e-01 -3.470038e-03 2.722440e-02 5.665771e+00 3.505630e-03 9.999931e-01 -1.259681e-03 -5.848985e-01 -2.721990e-02 1.354648e-03 9.996285e-01 3.084420e+00
9.999337e-01 3.190356e-03 -1.106662e-02 5.723452e+00 -3.179678e-03 9.999945e-01 9.822287e-04 -5.909871e-01 1.106964e-02 -9.469724e-04 9.999382e-01 3.206875e+00
9.996063e-01 -3.507084e-03 2.783881e-02 5.783347e+00 3.541482e-03 9.999930e-01 -1.186362e-03 -5.970547e-01 -2.783451e-02 1.284489e-03 9.996116e-01 3.325045e+00
9.999422e-01 3.205774e-03 -1.026598e-02 5.846245e+00 -3.197142e-03 9.999945e-01 8.570964e-04 -6.027768e-01 1.026862e-02 -8.242221e-04 9.999468e-01 3.437433e+00
9.997385e-01 -3.441358e-03 2.260795e-02 5.902975e+00 3.464006e-03 9.999935e-01 -9.626215e-04 -6.089847e-01 -2.260455e-02 1.040687e-03 9.997439e-01 3.558162e+00
9.999044e-01 3.301847e-03 -1.342470e-02 5.955919e+00 -3.292638e-03 9.999943e-01 7.079241e-04 -6.150309e-01 1.342691e-02 -6.636509e-04 9.999095e-01 3.686862e+00
9.996892e-01 -3.496585e-03 2.468383e-02 6.011998e+00 3.518760e-03 9.999934e-01 -8.549247e-04 -6.212971e-01 -2.468074e-02 9.415185e-04 9.996948e-01 3.814484e+00
9.999081e-01 3.291896e-03 -1.315199e-02 6.067842e+00 -3.284093e-03 9.999944e-01 6.147747e-04 -6.269541e-01 1.315388e-02 -5.715230e-04 9.999132e-01 3.926337e+00
9.997046e-01 -3.491385e-03 2.405312e-02 6.118714e+00 3.512424e-03 9.999935e-01 -8.324736e-04 -6.321351e-01 -2.405012e-02 9.167154e-04 9.997102e-01 4.025617e+00
9.999571e-01 3.235488e-03 -8.680214e-03 6.173689e+00 -3.231335e-03 9.999947e-01 4.922446e-04 -6.373465e-01 8.681708e-03 -4.641720e-04 9.999621e-01 4.125180e+00
9.996082e-01 -3.570159e-03 2.776075e-02 6.228640e+00 3.593383e-03 9.999932e-01 -7.867169e-04 -6.427819e-01 -2.775780e-02 8.861666e-04 9.996142e-01 4.231525e+00
9.999269e-01 3.263555e-03 -1.164290e-02 6.283224e+00 -3.257586e-03 9.999946e-01 5.315840e-04 -6.482729e-01 1.164452e-02 -4.936146e-04 9.999320e-01 4.334491e+00
9.996588e-01 -3.488344e-03 2.588629e-02 6.341157e+00 3.510716e-03 9.999935e-01 -8.188282e-04 -6.533319e-01 -2.588332e-02 9.094312e-04 9.996645e-01 4.431073e+00
9.999600e-01 3.183959e-03 -8.357297e-03 6.402315e+00 -3.180028e-03 9.999948e-01 4.835266e-04 -6.583027e-01 8.358747e-03 -4.569281e-04 9.999649e-01 4.520842e+00
9.997396e-01 -3.449213e-03 2.255634e-02 6.459615e+00 3.466531e-03 9.999937e-01 -7.286699e-04 -6.635495e-01 -2.255373e-02 8.066753e-04 9.997452e-01 4.616467e+00
9.999779e-01 3.156195e-03 -5.842954e-03 6.523092e+00 -3.154010e-03 9.999950e-01 3.829760e-04 -6.687794e-01 5.844090e-03 -3.645362e-04 9.999828e-01 4.712813e+00
9.996792e-01 -3.504828e-03 2.508359e-02 6.588654e+00 3.522908e-03 9.999936e-01 -6.766186e-04 -6.740338e-01 -2.508110e-02 7.647715e-04 9.996850e-01 4.810069e+00
9.999767e-01 3.154064e-03 -6.060052e-03 6.654227e+00 -3.152124e-03 9.999950e-01 3.295205e-04 -6.793148e-01 6.061021e-03 -3.104081e-04 9.999815e-01 4.907360e+00
9.997091e-01 -3.501984e-03 2.386143e-02 6.720974e+00 3.516825e-03 9.999936e-01 -5.799864e-04 -6.850045e-01 -2.385929e-02 6.637369e-04 9.997150e-01 5.013883e+00
9.999901e-01 3.090891e-03 -3.202782e-03 6.780171e+00 -3.090033e-03 9.999952e-01 2.728111e-04 -6.903932e-01 3.203573e-03 -2.629090e-04 9.999947e-01 5.111398e+00
9.997950e-01 -3.401858e-03 1.996117e-02 6.844865e+00 3.413731e-03 9.999940e-01 -5.607456e-04 -6.958381e-01 -1.995918e-02 6.287754e-04 9.998005e-01 5.212624e+00
9.999826e-01 3.119618e-03 -5.007049e-03 6.907824e+00 -3.118261e-03 9.999951e-01 2.787595e-04 -7.017656e-01 5.007861e-03 -2.631388e-04 9.999873e-01 5.326742e+00
9.997872e-01 -3.425577e-03 2.034401e-02 6.972649e+00 3.436273e-03 9.999940e-01 -4.908028e-04 -7.078895e-01 -2.034224e-02 5.606086e-04 9.997928e-01 5.445679e+00
9.999547e-01 3.211075e-03 -8.960816e-03 7.047971e+00 -3.208944e-03 9.999948e-01 2.521533e-04 -7.145684e-01 8.961548e-03 -2.233845e-04 9.999597e-01 5.583864e+00
9.995177e-01 -3.612903e-03 3.084458e-02 7.115528e+00 3.631869e-03 9.999932e-01 -5.588874e-04 -7.207232e-01 -3.084238e-02 6.706439e-04 9.995239e-01 5.707579e+00
9.999669e-01 3.157046e-03 -7.493753e-03 7.186039e+00 -3.155521e-03 9.999950e-01 2.153485e-04 -7.268138e-01 7.494368e-03 -1.916922e-04 9.999718e-01 5.826212e+00
9.995343e-01 -3.598998e-03 3.030174e-02 7.255476e+00 3.614993e-03 9.999934e-01 -4.731008e-04 -7.330293e-01 -3.029986e-02 5.824236e-04 9.995406e-01 5.946816e+00
9.999283e-01 3.224635e-03 -1.152979e-02 7.328364e+00 -3.222135e-03 9.999948e-01 2.353585e-04 -7.396818e-01 1.153047e-02 -1.981887e-04 9.999334e-01 6.079683e+00
9.995442e-01 -3.552080e-03 2.998074e-02 7.397681e+00 3.569860e-03 9.999935e-01 -5.395313e-04 -7.454299e-01 -2.997865e-02 6.463149e-04 9.995502e-01 6.194588e+00
9.999923e-01 3.070068e-03 -2.436588e-03 7.457393e+00 -3.069932e-03 9.999953e-01 5.975715e-05 -7.504907e-01 2.436742e-03 -5.227414e-05 9.999969e-01 6.289622e+00
9.995798e-01 -3.584797e-03 2.876519e-02 7.517392e+00 3.596140e-03 9.999935e-01 -3.425839e-04 -7.563127e-01 -2.876379e-02 4.458859e-04 9.995860e-01 6.399798e+00
9.999827e-01 3.139822e-03 -4.972312e-03 7.577290e+00 -3.140127e-03 9.999951e-01 -5.356701e-05 -7.619501e-01 4.972106e-03 6.918210e-05 9.999875e-01 6.509521e+00
9.993393e-01 -3.707579e-03 3.615649e-02 7.637937e+00 3.721186e-03 9.999930e-01 -3.090454e-04 -7.671426e-01 -3.615510e-02 4.433885e-04 9.993460e-01 6.605203e+00
9.999920e-01 3.008492e-03 2.640745e-03 7.703600e+00 -3.007870e-03 9.999954e-01 -2.395892e-04 -7.721696e-01 -2.641459e-03 2.316465e-04 9.999964e-01 6.694807e+00
9.994592e-01 -3.689024e-03 3.267519e-02 7.763359e+00 3.693401e-03 9.999932e-01 -7.360075e-05 -7.775364e-01 -3.267470e-02 1.942457e-04 9.994659e-01 6.790166e+00
9.999774e-01 3.193505e-03 -5.915945e-03 7.820863e+00 -3.195563e-03 9.999948e-01 -3.384329e-04 -7.826808e-01 5.914834e-03 3.573322e-04 9.999823e-01 6.885203e+00
9.994800e-01 -3.678146e-03 3.203434e-02 7.874997e+00 3.678781e-03 9.999932e-01 3.910763e-05 -7.880072e-01 -3.203427e-02 7.876216e-05 9.994867e-01 6.984367e+00
9.999943e-01 3.101786e-03 1.325405e-03 7.932265e+00 -3.101006e-03 9.999950e-01 -5.902049e-04 -7.925763e-01 -1.327223e-03 5.860936e-04 9.999988e-01 7.065722e+00
9.995183e-01 -3.680960e-03 3.081528e-02 7.989801e+00 3.675765e-03 9.999932e-01 2.252084e-04 -7.974054e-01 -3.081589e-02 -1.118281e-04 9.995250e-01 7.150348e+00
9.999922e-01 3.082973e-03 2.480952e-03 8.049610e+00 -3.081151e-03 9.999950e-01 -7.381962e-04 -8.021512e-01 -2.483203e-03 7.305482e-04 9.999966e-01 7.233542e+00
9.993127e-01 -3.778196e-03 3.687602e-02 8.113398e+00 3.769199e-03 9.999928e-01 3.135136e-04 -8.069507e-01 -3.687692e-02 -1.743032e-04 9.993197e-01 7.315572e+00
9.999927e-01 3.092612e-03 -2.259330e-03 8.178608e+00 -3.094325e-03 9.999949e-01 -7.550733e-04 -8.121201e-01 2.257003e-03 7.620607e-04 9.999971e-01 7.406308e+00
9.993355e-01 -3.712737e-03 3.626100e-02 8.245239e+00 3.702201e-03 9.999931e-01 3.577169e-04 -8.171141e-01 -3.626205e-02 -2.232319e-04 9.993422e-01 7.495287e+00
9.999805e-01 3.117629e-03 -5.417790e-03 8.305199e+00 -3.122021e-03 9.999948e-01 -8.024143e-04 -8.220140e-01 5.415286e-03 8.193149e-04 9.999849e-01 7.582529e+00
9.996855e-01 -3.485796e-03 2.483546e-02 8.354713e+00 3.475217e-03 9.999939e-01 4.691041e-04 -8.263894e-01 -2.483692e-02 -3.826463e-04 9.996913e-01 7.659717e+00
9.999169e-01 3.222934e-03 -1.248518e-02 8.395904e+00 -3.232775e-03 9.999945e-01 -7.681179e-04 -8.303119e-01 1.248266e-02 8.084175e-04 9.999217e-01 7.724856e+00
9.997511e-01 -3.405061e-03 2.204951e-02 8.437465e+00 3.394916e-03 9.999941e-01 4.975380e-04 -8.342479e-01 -2.205105e-02 -4.225564e-04 9.997567e-01 7.793334e+00
9.998424e-01 3.299435e-03 -1.744130e-02 8.459823e+00 -3.312663e-03 9.999942e-01 -7.295297e-04 -8.369733e-01 1.743883e-02 7.871936e-04 9.998475e-01 7.828836e+00
9.997610e-01 -3.394343e-03 2.159481e-02 8.496728e+00 3.383777e-03 9.999941e-01 5.257927e-04 -8.403900e-01 -2.159644e-02 -4.525935e-04 9.997666e-01 7.880526e+00
9.999156e-01 3.222560e-03 -1.258890e-02 8.549018e+00 -3.233404e-03 9.999944e-01 -8.411583e-04 -8.449627e-01 1.258615e-02 8.817938e-04 9.999203e-01 7.961705e+00
9.997335e-01 -3.441313e-03 2.282709e-02 8.595738e+00 3.427621e-03 9.999939e-01 6.389144e-04 -8.495199e-01 -2.282912e-02 -5.605001e-04 9.997391e-01 8.042217e+00
9.997482e-01 3.455398e-03 -2.217200e-02 8.618895e+00 -3.473135e-03 9.999937e-01 -7.614934e-04 -8.525792e-01 2.216926e-02 8.383095e-04 9.997538e-01 8.079253e+00
9.998033e-01 -3.379830e-03 1.954349e-02 8.628582e+00 3.364345e-03 9.999940e-01 8.251460e-04 -8.551660e-01 -1.954613e-02 -7.592312e-04 9.998086e-01 8.099978e+00
9.997541e-01 3.467235e-03 -2.190195e-02 8.630408e+00 -3.484103e-03 9.999937e-01 -7.320665e-04 -8.573779e-01 2.189931e-02 8.081966e-04 9.997598e-01 8.111468e+00
9.998336e-01 -3.358654e-03 1.793091e-02 8.639387e+00 3.344022e-03 9.999941e-01 8.459672e-04 -8.599947e-01 -1.793361e-02 -7.858637e-04 9.998388e-01 8.127690e+00
9.996509e-01 3.585251e-03 -2.617701e-02 8.662645e+00 -3.602188e-03 9.999933e-01 -5.998579e-04 -8.631643e-01 2.617472e-02 6.939445e-04 9.996570e-01 8.150815e+00
9.997070e-01 -3.566598e-03 2.393941e-02 8.694671e+00 3.552061e-03 9.999935e-01 6.497095e-04 -8.668076e-01 -2.394154e-02 -5.644835e-04 9.997131e-01 8.196715e+00
9.995702e-01 3.743206e-03 -2.907711e-02 8.724575e+00 -3.759187e-03 9.999928e-01 -4.949590e-04 -8.702687e-01 2.907508e-02 6.040541e-04 9.995770e-01 8.233357e+00
9.998297e-01 -3.503888e-03 1.811900e-02 8.764118e+00 3.490857e-03 9.999936e-01 7.507577e-04 -8.740839e-01 -1.812148e-02 -6.873776e-04 9.998355e-01 8.268426e+00
9.995408e-01 3.822668e-03 -3.006001e-02 8.807826e+00 -3.834662e-03 9.999926e-01 -3.413441e-04 -8.785096e-01 3.005851e-02 4.564590e-04 9.995479e-01 8.318051e+00
9.999228e-01 -3.354989e-03 1.196733e-02 8.859362e+00 3.344674e-03 9.999940e-01 8.818315e-04 -8.834086e-01 -1.197019e-02 -8.417350e-04 9.999279e-01 8.369138e+00
9.995168e-01 3.849500e-03 -3.084239e-02 8.911871e+00 -3.860379e-03 9.999925e-01 -2.931810e-04 -8.883393e-01 3.084106e-02 4.121044e-04 9.995241e-01 8.419839e+00
9.999609e-01 -3.231841e-03 8.237149e-03 8.966942e+00 3.223555e-03 9.999943e-01 1.019065e-03 -8.929530e-01 -8.240373e-03 -9.924701e-04 9.999655e-01 8.452563e+00
9.995259e-01 3.774839e-03 -3.055702e-02 9.019351e+00 -3.788157e-03 9.999928e-01 -3.779571e-04 -8.971802e-01 3.055539e-02 4.935345e-04 9.995329e-01 8.468618e+00
9.999397e-01 -3.257781e-03 1.049182e-02 9.070974e+00 3.247833e-03 9.999943e-01 9.650032e-04 -9.013032e-01 -1.049489e-02 -9.308675e-04 9.999444e-01 8.487146e+00
9.995122e-01 3.795460e-03 -3.099985e-02 9.117257e+00 -3.808315e-03 9.999927e-01 -3.556240e-04 -9.046741e-01 3.099829e-02 4.735097e-04 9.995192e-01 8.481116e+00
9.999785e-01 -3.148997e-03 5.747156e-03 9.163118e+00 3.142684e-03 9.999944e-01 1.107254e-03 -9.081037e-01 -5.750597e-03 -1.089167e-03 9.999828e-01 8.461186e+00
9.996363e-01 3.630144e-03 -2.672193e-02 9.202842e+00 -3.647342e-03 9.999932e-01 -5.948733e-04 -9.112070e-01 2.671960e-02 6.921231e-04 9.996426e-01 8.444268e+00
9.998751e-01 -3.412983e-03 1.543331e-02 9.235197e+00 3.400881e-03 9.999939e-01 8.103303e-04 -9.142981e-01 -1.543597e-02 -7.577401e-04 9.998805e-01 8.452594e+00
9.995197e-01 3.841209e-03 -3.074934e-02 9.270055e+00 -3.854693e-03 9.999925e-01 -3.792542e-04 -9.174885e-01 3.074766e-02 4.976034e-04 9.995270e-01 8.460868e+00
9.998793e-01 -3.466832e-03 1.514538e-02 9.293173e+00 3.456952e-03 9.999938e-01 6.784739e-04 -9.199224e-01 -1.514763e-02 -6.260330e-04 9.998850e-01 8.443102e+00
9.996244e-01 3.721098e-03 -2.715249e-02 9.308738e+00 -3.734538e-03 9.999929e-01 -4.442965e-04 -9.220348e-01 2.715066e-02 5.455338e-04 9.996311e-01 8.423234e+00
9.999219e-01 -3.331811e-03 1.204458e-02 9.346959e+00 3.322104e-03 9.999941e-01 8.258480e-04 -9.255266e-01 -1.204726e-02 -7.857680e-04 9.999270e-01 8.438624e+00
9.997755e-01 3.524163e-03 -2.089378e-02 9.368231e+00 -3.540461e-03 9.999935e-01 -7.431110e-04 -9.277179e-01 2.089103e-02 8.169200e-04 9.997813e-01 8.431085e+00
9.998737e-01 -3.360249e-03 1.553365e-02 9.375334e+00 3.347305e-03 9.999940e-01 8.592231e-04 -9.286577e-01 -1.553645e-02 -8.071166e-04 9.998789e-01 8.395688e+00
9.997389e-01 3.543400e-03 -2.257429e-02 9.384461e+00 -3.560462e-03 9.999934e-01 -7.156585e-04 -9.297935e-01 2.257161e-02 7.958488e-04 9.997448e-01 8.360486e+00
9.999003e-01 -3.327408e-03 1.372136e-02 9.379166e+00 3.316382e-03 9.999942e-01 8.262451e-04 -9.301736e-01 -1.372402e-02 -7.806553e-04 9.999054e-01 8.300704e+00
9.997779e-01 3.530797e-03 -2.077667e-02 9.364529e+00 -3.545091e-03 9.999935e-01 -6.511901e-04 -9.298151e-01 2.077424e-02 7.247029e-04 9.997838e-01 8.227294e+00
9.998891e-01 -3.380058e-03 1.450448e-02 9.369795e+00 3.369343e-03 9.999940e-01 7.631209e-04 -9.306953e-01 -1.450697e-02 -7.141634e-04 9.998944e-01 8.189357e+00
9.997821e-01 3.588167e-03 -2.056545e-02 9.358133e+00 -3.601611e-03 9.999933e-01 -6.167199e-04 -9.302746e-01 2.056310e-02 6.906565e-04 9.997882e-01 8.116269e+00
9.999167e-01 -3.382766e-03 1.245239e-02 9.362922e+00 3.373038e-03 9.999940e-01 8.021940e-04 -9.309356e-01 -1.245503e-02 -7.601226e-04 9.999220e-01 8.061748e+00
9.998106e-01 3.509121e-03 -1.914332e-02 9.393384e+00 -3.523142e-03 9.999935e-01 -6.987607e-04 -9.337102e-01 1.914074e-02 7.660752e-04 9.998164e-01 8.075050e+00
9.998550e-01 -3.499905e-03 1.666510e-02 9.457297e+00 3.488825e-03 9.999937e-01 6.939281e-04 -9.381424e-01 -1.666743e-02 -6.356837e-04 9.998608e-01 8.147453e+00
