9.994600e-01 7.302897e-04 -3.285222e-02 2.840217e-03 -6.838956e-04 9.999988e-01 1.423419e-03 -3.894037e-03 3.285321e-02 -1.400182e-03 9.994591e-01 2.944625e-01
9.999028e-01 -1.249969e-04 1.394381e-02 6.210010e-03 1.310137e-04 9.999999e-01 -4.305897e-04 -8.962657e-03 -1.394376e-02 4.323754e-04 9.999026e-01 6.401555e-01
9.999083e-01 3.802974e-04 -1.353673e-02 4.142859e-02 -3.703477e-04 9.999997e-01 7.375115e-04 -1.877965e-02 1.353700e-02 -7.324299e-04 9.999080e-01 1.113263e+00
9.998456e-01 -2.676707e-04 1.757274e-02 6.762802e-02 2.792339e-04 9.999997e-01 -6.555665e-04 -2.936962e-02 -1.757256e-02 6.603729e-04 9.998453e-01 1.600804e+00
9.998909e-01 3.084924e-04 1.477011e-02 9.152868e-02 -3.103797e-04 9.999999e-01 1.254858e-04 -4.106780e-02 -1.477007e-02 -1.300557e-04 9.998908e-01 2.163571e+00
9.997626e-01 -2.570329e-04 2.178727e-02 1.075879e-01 2.718631e-04 9.999997e-01 -6.777218e-04 -4.920894e-02 -2.178709e-02 6.834847e-04 9.997623e-01 2.597554e+00
9.999274e-01 3.477964e-04 1.204251e-02 9.442894e-02 -3.500708e-04 9.999999e-01 1.867554e-04 -5.004340e-02 -1.204244e-02 -1.909570e-04 9.999274e-01 2.746880e+00
9.997902e-01 -2.830534e-04 2.048290e-02 7.250450e-02 2.957391e-04 9.999998e-01 -6.163068e-04 -5.255785e-02 -2.048272e-02 6.222356e-04 9.997899e-01 2.975665e+00
9.999688e-01 3.417255e-04 7.894546e-03 2.380542e-02 -3.432531e-04 9.999999e-01 1.921500e-04 -5.673290e-02 -7.894468e-03 -1.948533e-04 9.999687e-01 3.300617e+00
9.996711e-01 -2.833730e-04 2.564479e-02 6.267413e-03 3.005748e-04 9.999997e-01 -6.669197e-04 -6.219573e-02 -2.564457e-02 6.744090e-04 9.996708e-01 3.655358e+00
9.999503e-01 3.413826e-04 -9.960676e-03 6.226331e-03 -3.361112e-04 9.999998e-01 5.308898e-04 -6.389416e-02 9.960872e-03 -5.275151e-04 9.999502e-01 3.793561e+00
9.999578e-01 9.365368e-06 -9.185737e-03 6.445919e-02 -6.805878e-06 1.000000e+00 2.786710e-04 -7.287971e-02 9.185754e-03 -2.785962e-04 9.999577e-01 4.177759e+00
9.998003e-01 -2.131461e-05 1.998541e-02 9.341630e-02 3.106513e-05 9.999999e-01 -4.875727e-04 -8.442173e-02 -1.998538e-02 4.880967e-04 9.998001e-01 4.675741e+00
9.999738e-01 4.002807e-05 7.235999e-03 1.197841e-01 -4.025731e-05 1.000000e+00 3.153169e-05 -9.647529e-02 -7.235979e-03 -3.182170e-05 9.999737e-01 5.232307e+00
9.995739e-01 1.865296e-05 2.919005e-02 1.540906e-01 -4.303542e-07 9.999998e-01 -6.242817e-04 -1.084104e-01 -2.919004e-02 6.240036e-04 9.995736e-01 5.798779e+00
9.998825e-01 -4.518492e-05 -1.533044e-02 2.173494e-01 4.981917e-05 1.000000e+00 3.019104e-04 -1.247514e-01 1.533045e-02 -3.026383e-04 9.998823e-01 6.451257e+00
9.996094e-01 -9.232205e-06 2.794734e-02 4.092930e-01 2.309477e-05 9.999999e-01 -4.957028e-04 -1.399228e-01 -2.794731e-02 4.961549e-04 9.996092e-01 6.864868e+00
9.999981e-01 7.335694e-05 -1.929417e-03 6.133284e-01 -7.300147e-05 1.000000e+00 1.843187e-04 -1.478895e-01 1.929457e-03 -1.841772e-04 9.999980e-01 6.984275e+00
9.999406e-01 -1.215426e-04 1.090246e-02 7.758217e-01 1.246594e-04 1.000000e+00 -2.852124e-04 -1.509914e-01 -1.090240e-02 2.865548e-04 9.999404e-01 6.913658e+00
9.998771e-01 8.716954e-05 -1.567547e-02 1.088393e+00 -7.585876e-05 9.999997e-01 7.221538e-04 -1.593197e-01 1.567556e-02 -7.208755e-04 9.998768e-01 6.873571e+00
9.997846e-01 -1.205923e-04 2.075285e-02 1.499322e+00 1.270021e-04 9.999999e-01 -3.075464e-04 -1.707912e-01 -2.075278e-02 3.101162e-04 9.997845e-01 6.847542e+00
9.998496e-01 8.364236e-05 -1.734372e-02 1.919835e+00 -7.169726e-05 9.999998e-01 6.893503e-04 -1.840836e-01 1.734380e-02 -6.880027e-04 9.998493e-01 6.876211e+00
9.997834e-01 -2.413240e-04 2.081151e-02 2.316604e+00 2.518751e-04 9.999998e-01 -5.043640e-04 -1.977395e-01 -2.081136e-02 5.094971e-04 9.997832e-01 6.918049e+00
9.999498e-01 1.975555e-04 -1.001612e-02 2.624423e+00 -1.932546e-04 9.999999e-01 4.303736e-04 -2.073721e-01 1.001624e-02 -4.284159e-04 9.999496e-01 6.918288e+00
9.999696e-01 -4.009835e-04 7.787787e-03 3.015023e+00 4.026783e-04 9.999999e-01 -2.160556e-04 -2.187970e-01 -7.787670e-03 2.191855e-04 9.999696e-01 6.866044e+00
9.997173e-01 4.506596e-04 -2.377187e-02 3.375979e+00 -4.251580e-04 9.999993e-01 1.077807e-03 -2.268155e-01 2.377237e-02 -1.067395e-03 9.997167e-01 6.767494e+00
9.999435e-01 2.802493e-05 -1.062807e-02 3.657391e+00 -2.174632e-05 9.999998e-01 5.908787e-04 -2.326764e-01 1.062811e-02 -5.906134e-04 9.999432e-01 6.751649e+00
9.997247e-01 3.302856e-04 -2.346188e-02 4.088049e+00 -3.024276e-04 9.999992e-01 1.190916e-03 -2.422126e-01 2.346228e-02 -1.183492e-03 9.997239e-01 6.688651e+00
9.999731e-01 -1.466209e-05 -7.337308e-03 4.535623e+00 1.777119e-05 9.999999e-01 4.236846e-04 -2.525956e-01 7.337320e-03 -4.238025e-04 9.999729e-01 6.623443e+00
9.999938e-01 -9.780364e-05 -3.529519e-03 4.973135e+00 9.870514e-05 1.000000e+00 2.552656e-04 -2.616167e-01 3.529511e-03 -2.556113e-04 9.999936e-01 6.441767e+00
9.999737e-01 3.925236e-05 -7.253844e-03 5.274412e+00 -3.736028e-05 1.000000e+00 2.609836e-04 -2.640281e-01 7.253870e-03 -2.607045e-04 9.999736e-01 6.169103e+00
9.998899e-01 8.840469e-05 -1.483914e-02 5.686703e+00 -7.489650e-05 9.999996e-01 9.108665e-04 -2.730839e-01 1.483923e-02 -9.096535e-04 9.998894e-01 6.064995e+00
9.999622e-01 1.675890e-04 -8.698437e-03 5.933808e+00 -1.660931e-04 1.000000e+00 1.726974e-04 -2.735400e-01 8.698477e-03 -1.712447e-04 9.999621e-01 5.828382e+00
9.999983e-01 -7.918465e-05 -1.826027e-03 5.950531e+00 7.940169e-05 1.000000e+00 1.188218e-04 -2.628928e-01 1.826029e-03 -1.189652e-04 9.999982e-01 5.355640e+00
9.999999e-01 1.466843e-05 -5.116680e-04 5.939315e+00 -1.477546e-05 1.000000e+00 -2.090714e-04 -2.517699e-01 5.116752e-04 2.090803e-04 9.999997e-01 4.876592e+00
9.999993e-01 -2.532510e-05 1.179727e-03 5.744725e+00 2.538255e-05 1.000000e+00 -4.872686e-05 -2.351834e-01 -1.179715e-03 4.875817e-05 9.999992e-01 4.402880e+00
9.999844e-01 6.075069e-05 -5.589464e-03 5.531437e+00 -6.114966e-05 1.000000e+00 -7.119697e-05 -2.158212e-01 5.589470e-03 7.153904e-05 9.999843e-01 3.828301e+00
9.999924e-01 -9.333083e-06 3.897507e-03 5.255050e+00 1.011954e-05 1.000000e+00 -2.017775e-04 -1.932368e-01 -3.897495e-03 2.018168e-04 9.999923e-01 3.200560e+00
9.999909e-01 8.164309e-05 -4.269443e-03 4.857314e+00 -8.235040e-05 1.000000e+00 -1.654796e-04 -1.632005e-01 4.269439e-03 1.658310e-04 9.999908e-01 2.391813e+00
9.999901e-01 -7.947176e-05 4.454200e-03 4.590921e+00 7.996791e-05 1.000000e+00 -1.112192e-04 -1.433403e-01 -4.454181e-03 1.115756e-04 9.999900e-01 1.858691e+00
9.999848e-01 7.454657e-05 -5.516221e-03 4.312237e+00 -7.508228e-05 1.000000e+00 -9.690028e-05 -1.261040e-01 5.516223e-03 9.731425e-05 9.999847e-01 1.435429e+00
9.999883e-01 -1.252249e-04 4.826161e-03 4.133327e+00 1.255922e-04 1.000000e+00 -7.580227e-05 -1.173823e-01 -4.826142e-03 7.640877e-05 9.999883e-01 1.261387e+00
9.999756e-01 2.756260e-05 -6.991631e-03 4.152304e+00 -2.752915e-05 1.000000e+00 4.886079e-06 -1.272541e-01 6.991640e-03 -4.692236e-06 9.999755e-01 1.634813e+00
9.998910e-01 1.064148e-04 -1.476441e-02 4.301908e+00 -9.367482e-05 9.999996e-01 8.635765e-04 -1.576875e-01 1.476451e-02 -8.620980e-04 9.998905e-01 2.742715e+00
9.999998e-01 -4.031069e-05 6.360019e-04 4.308406e+00 4.059955e-05 9.999999e-01 -4.542077e-04 -1.684434e-01 -6.359778e-04 4.542348e-04 9.999996e-01 3.185066e+00
9.999973e-01 -4.849106e-05 -2.325324e-03 4.292958e+00 4.935706e-05 9.999999e-01 3.723746e-04 -1.766907e-01 2.325311e-03 -3.724870e-04 9.999971e-01 3.531499e+00
9.999976e-01 5.753848e-05 2.210885e-03 4.004951e+00 -5.607414e-05 9.999998e-01 -6.623998e-04 -1.554937e-01 -2.210917e-03 6.622755e-04 9.999972e-01 2.962302e+00
9.999965e-01 -2.518739e-05 -2.644569e-03 3.741378e+00 2.611402e-05 9.999999e-01 3.503654e-04 -1.337501e-01 2.644566e-03 -3.504319e-04 9.999963e-01 2.347459e+00
9.999983e-01 1.537930e-05 1.856914e-03 3.569283e+00 -1.434279e-05 9.999998e-01 -5.582111e-04 -1.201248e-01 -1.856917e-03 5.581848e-04 9.999980e-01 1.969551e+00
9.999946e-01 2.465268e-05 -3.273883e-03 3.245704e+00 -2.361295e-05 9.999999e-01 3.176272e-04 -9.731535e-02 3.273896e-03 -3.175469e-04 9.999945e-01 1.381102e+00
9.999942e-01 1.152365e-05 3.414392e-03 2.920950e+00 -9.327036e-06 9.999998e-01 -6.433583e-04 -7.319137e-02 -3.414393e-03 6.433239e-04 9.999939e-01 7.352639e-01
9.999952e-01 5.478138e-05 -3.094275e-03 2.563031e+00 -5.400530e-05 1.000000e+00 2.508995e-04 -4.432271e-02 3.094294e-03 -2.507300e-04 9.999951e-01 -6.652786e-02
9.999930e-01 -4.537034e-06 3.736699e-03 2.299716e+00 6.801911e-06 9.999998e-01 -6.061083e-04 -1.993568e-02 -3.736690e-03 6.061306e-04 9.999927e-01 -7.881674e-01
9.999951e-01 6.158828e-06 -3.129218e-03 2.245003e+00 -4.959156e-06 9.999999e-01 3.833895e-04 -8.970113e-03 3.129226e-03 -3.833710e-04 9.999949e-01 -1.190765e+00
9.999750e-01 -1.547957e-04 -7.072946e-03 2.497825e+00 1.547862e-04 1.000000e+00 -1.894250e-06 -3.726188e-02 7.072951e-03 8.005811e-07 9.999749e-01 -3.578250e-01
9.998886e-01 2.271153e-04 -1.492102e-02 2.733218e+00 -2.141962e-04 9.999996e-01 8.674283e-04 -7.961064e-02 1.492121e-02 -8.641344e-04 9.998882e-01 1.119949e+00
9.999855e-01 -3.108408e-04 5.376157e-03 2.899218e+00 3.141036e-04 9.999998e-01 -6.060656e-04 -1.112868e-01 -5.375966e-03 6.077467e-04 9.999853e-01 2.213837e+00
9.999839e-01 2.135664e-04 -5.672612e-03 2.955451e+00 -2.106768e-04 9.999998e-01 5.099841e-04 -1.249494e-01 5.672722e-03 -5.087795e-04 9.999837e-01 2.713847e+00
9.999834e-01 -2.845046e-04 5.756827e-03 2.921383e+00 2.883176e-04 9.999997e-01 -6.615205e-04 -1.297385e-01 -5.756636e-03 6.631706e-04 9.999831e-01 2.944219e+00
9.999797e-01 2.273487e-04 -6.363632e-03 2.857559e+00 -2.242639e-04 9.999999e-01 4.854635e-04 -1.286241e-01 6.363743e-03 -4.840253e-04 9.999795e-01 2.960349e+00
9.999852e-01 -2.713894e-04 5.425538e-03 2.724099e+00 2.750129e-04 9.999997e-01 -6.671197e-04 -1.214154e-01 -5.425354e-03 6.686032e-04 9.999850e-01 2.797463e+00
9.999825e-01 2.453333e-04 -5.913608e-03 2.530040e+00 -2.425310e-04 9.999999e-01 4.745755e-04 -1.086469e-01 5.913725e-03 -4.731317e-04 9.999823e-01 2.472726e+00
9.999844e-01 -2.876396e-04 5.572046e-03 2.350077e+00 2.913099e-04 9.999997e-01 -6.578844e-04 -9.775715e-02 -5.571855e-03 6.594986e-04 9.999842e-01 2.212020e+00
9.999728e-01 1.947802e-04 -7.379248e-03 2.333626e+00 -1.906274e-04 9.999998e-01 5.634666e-04 -1.090431e-01 7.379357e-03 -5.620434e-04 9.999725e-01 2.690004e+00
9.999815e-01 -2.812350e-04 6.081464e-03 2.383839e+00 2.851151e-04 9.999998e-01 -6.371475e-04 -1.218514e-01 -6.081283e-03 6.388708e-04 9.999812e-01 3.158958e+00
9.999808e-01 2.979679e-04 -6.183198e-03 2.155790e+00 -2.958430e-04 9.999999e-01 3.445650e-04 -1.027825e-01 6.183301e-03 -3.427280e-04 9.999807e-01 2.616539e+00
9.999871e-01 -2.076149e-04 5.077968e-03 1.715099e+00 2.112390e-04 9.999997e-01 -7.131543e-04 -7.088589e-02 -5.077818e-03 7.142188e-04 9.999868e-01 1.769030e+00
9.982787e-01 1.220735e-03 -5.863586e-02 1.638972e+00 -1.047970e-03 9.999950e-01 2.977076e-03 -5.634709e-02 5.863920e-02 -2.910501e-03 9.982749e-01 1.390207e+00
9.997831e-01 -5.744122e-04 2.081720e-02 1.681160e+00 6.023411e-04 9.999989e-01 -1.335376e-03 -5.016432e-02 -2.081642e-02 1.347627e-03 9.997823e-01 1.165158e+00
9.946157e-01 2.365160e-03 -1.036054e-01 1.922209e+00 -1.830167e-03 9.999845e-01 5.258515e-03 -5.095256e-02 1.036162e-01 -5.040584e-03 9.946045e-01 1.156378e+00
9.949798e-01 -1.982697e-03 1.000559e-01 2.058281e+00 2.496015e-03 9.999844e-01 -5.005381e-03 -6.244471e-02 -1.000444e-01 5.229996e-03 9.949691e-01 1.452454e+00
9.948055e-01 2.392869e-03 -1.017658e-01 2.125329e+00 -1.878364e-03 9.999850e-01 5.151296e-03 -5.953786e-02 1.017766e-01 -4.933382e-03 9.947949e-01 1.225853e+00
9.949557e-01 -1.945302e-03 1.002965e-01 2.154522e+00 2.464217e-03 9.999842e-01 -5.050172e-03 -5.249744e-02 -1.002851e-01 5.271852e-03 9.949447e-01 8.702516e-01
9.947114e-01 2.321171e-03 -1.026837e-01 2.331662e+00 -1.786381e-03 9.999844e-01 5.299779e-03 -5.456588e-02 1.026943e-01 -5.088317e-03 9.946998e-01 7.055726e-01
9.948260e-01 -1.937901e-03 1.015749e-01 2.582646e+00 2.469177e-03 9.999839e-01 -5.104914e-03 -6.407663e-02 -1.015633e-01 5.329309e-03 9.948147e-01 7.625321e-01
9.946916e-01 2.308575e-03 -1.028748e-01 2.774731e+00 -1.769823e-03 9.999842e-01 5.327936e-03 -8.294762e-02 1.028854e-01 -5.117582e-03 9.946799e-01 1.282050e+00
9.951126e-01 -1.920841e-03 9.872825e-02 2.943007e+00 2.429054e-03 9.999844e-01 -5.027650e-03 -9.981073e-02 -9.871707e-02 5.242895e-03 9.951016e-01 1.756935e+00
9.950346e-01 2.371223e-03 -9.950152e-02 2.911229e+00 -1.875793e-03 9.999854e-01 5.072376e-03 -9.532361e-02 9.951208e-02 -4.860543e-03 9.950244e-01 1.592819e+00
9.949279e-01 -1.893293e-03 1.005726e-01 2.792823e+00 2.415071e-03 9.999842e-01 -5.066564e-03 -8.387382e-02 -1.005615e-01 5.283758e-03 9.949167e-01 1.251192e+00
9.949621e-01 2.315547e-03 -1.002253e-01 2.955184e+00 -1.795940e-03 9.999845e-01 5.274306e-03 -8.475138e-02 1.002359e-01 -5.067735e-03 9.949507e-01 1.067366e+00
9.951992e-01 -1.858462e-03 9.785199e-02 2.938498e+00 2.373569e-03 9.999839e-01 -5.147998e-03 -7.687296e-02 -9.784087e-02 5.355544e-03 9.951876e-01 7.348958e-01
9.951630e-01 2.376172e-03 -9.820862e-02 2.681100e+00 -1.887250e-03 9.999854e-01 5.071006e-03 -5.561004e-02 9.821921e-02 -4.861132e-03 9.951528e-01 1.418926e-01
9.951303e-01 -1.779388e-03 9.855235e-02 2.278942e+00 2.308460e-03 9.999835e-01 -5.254657e-03 -2.492977e-02 -9.854140e-02 5.456574e-03 9.951179e-01 -6.862502e-01
9.951783e-01 2.314917e-03 -9.805555e-02 1.945267e+00 -1.823099e-03 9.999853e-01 5.105002e-03 7.532784e-04 9.806591e-02 -4.901620e-03 9.951678e-01 -1.382958e+00
9.952639e-01 -1.751563e-03 9.719378e-02 1.660928e+00 2.268458e-03 9.999839e-01 -5.207940e-03 2.369762e-02 -9.718311e-02 5.403757e-03 9.952518e-01 -2.020490e+00
9.951189e-01 2.241926e-03 -9.865755e-02 1.520599e+00 -1.736820e-03 9.999849e-01 5.205376e-03 3.799712e-02 9.866772e-02 -5.008616e-03 9.951077e-01 -2.465484e+00
9.952307e-01 -1.649182e-03 9.753527e-02 1.238606e+00 2.177884e-03 9.999835e-01 -5.314405e-03 6.124430e-02 -9.752492e-02 5.501481e-03 9.952178e-01 -3.119174e+00
9.951962e-01 2.216310e-03 -9.787536e-02 8.538181e-01 -1.722913e-03 9.999854e-01 5.125305e-03 9.100871e-02 9.788527e-02 -4.932052e-03 9.951854e-01 -3.931518e+00
9.951952e-01 -1.590892e-03 9.789802e-02 4.101413e-01 2.125390e-03 9.999834e-01 -5.355699e-03 1.247436e-01 -9.788789e-02 5.538039e-03 9.951819e-01 -4.843994e+00
9.952200e-01 2.172444e-03 -9.763462e-02 -3.821355e-02 -1.681851e-03 9.999855e-01 5.106799e-03 1.588849e-01 9.764429e-02 -4.918180e-03 9.952091e-01 -5.766873e+00
9.952276e-01 -1.584190e-03 9.756754e-02 -4.335281e-01 2.109697e-03 9.999838e-01 -5.283148e-03 1.878605e-01 -9.755761e-02 5.463774e-03 9.952148e-01 -6.537510e+00
9.952167e-01 2.171621e-03 -9.766787e-02 -9.455448e-01 -1.688571e-03 9.999859e-01 5.028224e-03 2.250728e-01 9.767739e-02 -4.839252e-03 9.952063e-01 -7.520191e+00
9.952281e-01 -1.542048e-03 9.756316e-02 -1.408382e+00 2.067132e-03 9.999839e-01 -5.281141e-03 2.607788e-01 -9.755347e-02 5.457618e-03 9.952152e-01 -8.491425e+00
9.951605e-01 2.107179e-03 -9.824000e-02 -1.821949e+00 -1.612786e-03 9.999856e-01 5.111645e-03 2.905714e-01 9.824934e-02 -4.928466e-03 9.951495e-01 -9.276645e+00
9.951762e-01 -1.503208e-03 9.809237e-02 -2.242891e+00 2.033127e-03 9.999839e-01 -5.302506e-03 3.213844e-01 -9.808284e-02 5.476364e-03 9.951631e-01 -1.009300e+01
9.951698e-01 2.071570e-03 -9.814653e-02 -2.645818e+00 -1.581423e-03 9.999859e-01 5.071567e-03 3.533142e-01 9.815563e-02 -4.891859e-03 9.951590e-01 -1.096927e+01
9.951912e-01 -1.568843e-03 9.793931e-02 -2.853363e+00 2.080445e-03 9.999847e-01 -5.121756e-03 3.693119e-01 -9.792980e-02 5.300885e-03 9.951791e-01 -1.140380e+01
9.952378e-01 2.030702e-03 -9.745611e-02 -3.095615e+00 -1.544693e-03 9.999860e-01 5.062141e-03 3.861253e-01 9.746501e-02 -4.887493e-03 9.952269e-01 -1.183423e+01
9.951436e-01 -1.571835e-03 9.842137e-02 -3.326404e+00 2.082956e-03 9.999849e-01 -5.090651e-03 4.006770e-01 -9.841190e-02 5.270937e-03 9.951317e-01 -1.218423e+01
9.952424e-01 1.969241e-03 -9.740948e-02 -3.283166e+00 -1.474696e-03 9.999857e-01 5.148708e-03 3.830290e-01 9.741821e-02 -4.980562e-03 9.952310e-01 -1.149137e+01
9.952759e-01 -1.541644e-03 9.707447e-02 -3.236461e+00 2.046453e-03 9.999849e-01 -5.100867e-03 3.611538e-01 -9.706516e-02 5.275430e-03 9.952639e-01 -1.062995e+01
9.950828e-01 1.968136e-03 -9.902664e-02 -3.185756e+00 -1.456870e-03 9.999852e-01 5.234965e-03 3.421614e-01 9.903546e-02 -5.064953e-03 9.950709e-01 -9.895833e+00
9.951991e-01 -1.525677e-03 9.785924e-02 -3.147381e+00 2.038981e-03 9.999847e-01 -5.145532e-03 3.223781e-01 -9.784991e-02 5.320363e-03 9.951869e-01 -9.111538e+00
9.949639e-01 1.948767e-03 -1.002148e-01 -3.109489e+00 -1.427667e-03 9.999851e-01 5.271281e-03 3.045840e-01 1.002236e-01 -5.101660e-03 9.949518e-01 -8.420479e+00
9.954745e-01 -1.514137e-03 9.501745e-02 -3.047241e+00 2.001724e-03 9.999853e-01 -5.036446e-03 2.864844e-01 -9.500845e-02 5.203854e-03 9.954628e-01 -7.741571e+00
9.951207e-01 1.941816e-03 -9.864546e-02 -2.987636e+00 -1.434396e-03 9.999854e-01 5.214530e-03 2.646247e-01 9.865412e-02 -5.047589e-03 9.951089e-01 -6.906728e+00
9.951675e-01 -1.527092e-03 9.817995e-02 -2.935928e+00 2.044762e-03 9.999845e-01 -5.172253e-03 2.417725e-01 -9.817056e-02 5.348014e-03 9.951551e-01 -6.019563e+00
9.951132e-01 1.929315e-03 -9.872222e-02 -2.887224e+00 -1.420307e-03 9.999853e-01 5.225984e-03 2.187531e-01 9.873084e-02 -5.060229e-03 9.951012e-01 -5.121203e+00
9.951670e-01 -1.516048e-03 9.818501e-02 -2.823856e+00 2.032656e-03 9.999846e-01 -5.161758e-03 1.992545e-01 -9.817569e-02 5.336389e-03 9.951547e-01 -4.387630e+00
9.951099e-01 1.916700e-03 -9.875488e-02 -2.705126e+00 -1.404467e-03 9.999852e-01 5.256171e-03 1.829544e-01 9.876347e-02 -5.091769e-03 9.950978e-01 -3.860191e+00
9.954399e-01 -1.550085e-03 9.537867e-02 -2.549678e+00 2.040339e-03 9.999852e-01 -5.042767e-03 1.663377e-01 -9.536946e-02 5.214377e-03 9.954282e-01 -3.372475e+00
9.955406e-01 1.806605e-03 -9.431717e-02 -2.153563e+00 -1.328142e-03 9.999859e-01 5.135442e-03 1.292355e-01 9.432510e-02 -4.987273e-03 9.955289e-01 -2.374483e+00
9.953631e-01 -1.446388e-03 9.617764e-02 -1.810181e+00 1.947767e-03 9.999850e-01 -5.119372e-03 9.994213e-02 -9.616881e-02 5.282967e-03 9.953509e-01 -1.611174e+00
9.952071e-01 1.845255e-03 -9.777279e-02 -1.720451e+00 -1.346523e-03 9.999857e-01 5.166668e-03 9.421259e-02 9.778091e-02 -5.010250e-03 9.951953e-01 -1.486336e+00
9.955469e-01 -1.460205e-03 9.425596e-02 -1.626824e+00 1.942619e-03 9.999855e-01 -5.026562e-03 8.689248e-02 -9.424727e-02 5.187283e-03 9.955352e-01 -1.304531e+00
9.953995e-01 1.870397e-03 -9.579271e-02 -1.612193e+00 -1.393667e-03 9.999863e-01 5.043344e-03 8.611058e-02 9.580081e-02 -4.886638e-03 9.953884e-01 -1.289141e+00
9.956199e-01 -1.499038e-03 9.348117e-02 -1.508086e+00 1.967082e-03 9.999860e-01 -4.914887e-03 7.138140e-02 -9.347251e-02 5.077246e-03 9.956088e-01 -8.137045e-01
9.952971e-01 1.841253e-03 -9.685204e-02 -1.400641e+00 -1.352866e-03 9.999860e-01 5.108037e-03 5.375460e-02 9.686007e-02 -4.952985e-03 9.952856e-01 -2.245251e-01
9.955648e-01 -1.474868e-03 9.406635e-02 -1.303068e+00 1.950151e-03 9.999858e-01 -4.960905e-03 3.738582e-02 -9.405771e-02 5.122347e-03 9.955535e-01 3.259694e-01
9.952902e-01 1.835415e-03 -9.692252e-02 -1.227255e+00 -1.344310e-03 9.999859e-01 5.132051e-03 2.576362e-02 9.693055e-02 -4.977585e-03 9.952786e-01 7.142310e-01
9.955006e-01 -1.461234e-03 9.474447e-02 -1.119876e+00 1.947882e-03 9.999854e-01 -5.044144e-03 1.439719e-02 -9.473573e-02 5.206000e-03 9.954887e-01 1.047094e+00
9.953590e-01 1.873660e-03 -9.621329e-02 -1.178823e+00 -1.393178e-03 9.999862e-01 5.060857e-03 1.590433e-02 9.622142e-02 -4.903327e-03 9.953478e-01 1.044412e+00
9.953915e-01 -1.389605e-03 9.588486e-02 -1.338997e+00 1.887998e-03 9.999852e-01 -5.107289e-03 2.846835e-02 -9.587637e-02 5.264783e-03 9.953792e-01 6.969581e-01
9.953473e-01 1.899725e-03 -9.633376e-02 -1.654590e+00 -1.427740e-03 9.999866e-01 4.968171e-03 5.172914e-02 9.634189e-02 -4.807515e-03 9.953366e-01 7.627242e-02
9.953736e-01 -1.362643e-03 9.607080e-02 -1.959146e+00 1.863285e-03 9.999851e-01 -5.121647e-03 7.487705e-02 -9.606241e-02 5.276960e-03 9.953612e-01 -5.525375e-01
9.953797e-01 1.856863e-03 -9.599898e-02 -2.222377e+00 -1.384063e-03 9.999866e-01 4.991410e-03 9.508054e-02 9.600694e-02 -4.835478e-03 9.953688e-01 -1.101490e+00
9.953159e-01 -1.334477e-03 9.666633e-02 -2.479685e+00 1.840263e-03 9.999851e-01 -5.143326e-03 1.160747e-01 -9.665805e-02 5.297127e-03 9.953035e-01 -1.687560e+00
9.951704e-01 1.886044e-03 -9.814394e-02 -2.843581e+00 -1.403328e-03 9.999866e-01 4.987252e-03 1.432962e-01 9.815201e-02 -4.825436e-03 9.951596e-01 -2.417911e+00
9.952713e-01 -1.351636e-03 9.712439e-02 -3.152766e+00 1.852898e-03 9.999854e-01 -5.071015e-03 1.641021e-01 -9.711615e-02 5.226998e-03 9.952592e-01 -2.947815e+00
9.953153e-01 1.836297e-03 -9.666528e-02 -3.427174e+00 -1.364319e-03 9.999868e-01 4.948471e-03 1.840746e-01 9.667307e-02 -4.793406e-03 9.953045e-01 -3.473191e+00
9.952987e-01 -1.269638e-03 9.684453e-02 -3.758842e+00 1.775287e-03 9.999852e-01 -5.135249e-03 2.111599e-01 -9.683660e-02 5.283034e-03 9.952862e-01 -4.226022e+00
9.949488e-01 1.753592e-03 -1.003687e-01 -3.885836e+00 -1.241131e-03 9.999859e-01 5.168001e-03 2.275096e-01 1.003764e-01 -5.017325e-03 9.949368e-01 -4.782697e+00
9.952550e-01 -1.260843e-03 9.729238e-02 -3.960765e+00 1.770990e-03 9.999851e-01 -5.157264e-03 2.424057e-01 -9.728445e-02 5.305098e-03 9.952424e-01 -5.338223e+00
9.952191e-01 1.802052e-03 -9.765116e-02 -4.296602e+00 -1.325901e-03 9.999869e-01 4.940711e-03 2.696832e-01 9.765877e-02 -4.787613e-03 9.952083e-01 -6.097889e+00
9.953560e-01 -1.227355e-03 9.625411e-02 -4.562781e+00 1.727433e-03 9.999854e-01 -5.112237e-03 2.957197e-01 -9.624646e-02 5.254769e-03 9.953436e-01 -6.884104e+00
9.950175e-01 1.741272e-03 -9.968519e-02 -4.751757e+00 -1.239768e-03 9.999863e-01 5.092601e-03 3.142477e-01 9.969266e-02 -4.943640e-03 9.950059e-01 -7.453063e+00
9.951672e-01 -1.157775e-03 9.818823e-02 -5.039659e+00 1.678981e-03 9.999849e-01 -5.225774e-03 3.369460e-01 -9.818072e-02 5.365375e-03 9.951540e-01 -8.076894e+00
9.950986e-01 1.673290e-03 -9.887316e-02 -5.357326e+00 -1.176714e-03 9.999864e-01 5.080464e-03 3.594933e-01 9.888030e-02 -4.939217e-03 9.950870e-01 -8.670877e+00
9.951670e-01 -1.189628e-03 9.818929e-02 -5.580568e+00 1.703884e-03 9.999853e-01 -5.153700e-03 3.724781e-01 -9.818174e-02 5.296096e-03 9.951543e-01 -8.971424e+00
9.949782e-01 1.562686e-03 -1.000793e-01 -5.462784e+00 -1.042272e-03 9.999857e-01 5.252095e-03 3.589158e-01 1.000860e-01 -5.121410e-03 9.949655e-01 -8.565218e+00
9.950758e-01 -1.081811e-03 9.911103e-02 -5.439152e+00 1.609930e-03 9.999849e-01 -5.248733e-03 3.667019e-01 -9.910388e-02 5.382449e-03 9.950624e-01 -8.941752e+00
9.950339e-01 1.605774e-03 -9.952380e-02 -5.716023e+00 -1.102676e-03 9.999863e-01 5.109853e-03 3.868051e-01 9.953062e-02 -4.974734e-03 9.950220e-01 -9.476782e+00
9.950782e-01 -1.219441e-03 9.908573e-02 -5.571537e+00 1.723996e-03 9.999860e-01 -5.006633e-03 3.731353e-01 -9.907826e-02 5.152816e-03 9.950662e-01 -9.098306e+00
9.951713e-01 1.665598e-03 -9.813919e-02 -5.526953e+00 -1.173828e-03 9.999865e-01 5.068463e-03 3.760987e-01 9.814628e-02 -4.928790e-03 9.951597e-01 -9.285499e+00
9.955589e-01 -1.266287e-03 9.413203e-02 -5.471747e+00 1.731573e-03 9.999867e-01 -4.861397e-03 3.813341e-01 -9.412464e-02 5.002804e-03 9.955478e-01 -9.596383e+00
9.952482e-01 1.704880e-03 -9.735552e-02 -5.581963e+00 -1.230583e-03 9.999871e-01 4.931636e-03 3.908512e-01 9.736265e-02 -4.788397e-03 9.952374e-01 -9.886110e+00
9.944960e-01 -1.358848e-03 1.047652e-01 -5.150845e+00 1.894720e-03 9.999856e-01 -5.015623e-03 3.445434e-01 -1.047569e-01 5.186518e-03 9.944842e-01 -8.523357e+00
9.955098e-01 1.717745e-03 -9.464327e-02 -4.748065e+00 -1.265920e-03 9.999875e-01 4.833812e-03 2.931921e-01 9.465037e-02 -4.692296e-03 9.954994e-01 -6.906750e+00
9.955630e-01 -1.312692e-03 9.408869e-02 -4.818591e+00 1.770071e-03 9.999870e-01 -4.777862e-03 2.928033e-01 -9.408122e-02 4.923207e-03 9.955523e-01 -6.815257e+00
9.956820e-01 1.733214e-03 -9.281347e-02 -5.058352e+00 -1.304840e-03 9.999882e-01 4.675920e-03 3.100135e-01 9.282046e-02 -4.534622e-03 9.956724e-01 -7.262722e+00
9.955066e-01 -1.281476e-03 9.468315e-02 -5.247423e+00 1.741979e-03 9.999871e-01 -4.781128e-03 3.265500e-01 -9.467582e-02 4.924581e-03 9.954959e-01 -7.742021e+00
9.957514e-01 1.698502e-03 -9.206655e-02 -5.397361e+00 -1.272928e-03 9.999882e-01 4.680984e-03 3.400444e-01 9.207340e-02 -4.543902e-03 9.957418e-01 -8.135832e+00
9.957261e-01 -1.363420e-03 9.234553e-02 -5.407403e+00 1.796611e-03 9.999878e-01 -4.608009e-03 3.305914e-01 -9.233814e-02 4.754224e-03 9.957163e-01 -7.728382e+00
9.956711e-01 1.741612e-03 -9.293020e-02 -5.503408e+00 -1.318743e-03 9.999885e-01 4.611612e-03 3.372130e-01 9.293714e-02 -4.469097e-03 9.956618e-01 -7.901604e+00
9.958558e-01 -1.263330e-03 9.093785e-02 -5.758031e+00 1.694248e-03 9.999877e-01 -4.661555e-03 3.560972e-01 -9.093087e-02 4.796308e-03 9.958456e-01 -8.405864e+00
9.958929e-01 1.636876e-03 -9.052385e-02 -5.935822e+00 -1.223639e-03 9.999886e-01 4.620260e-03 3.676720e-01 9.053036e-02 -4.490515e-03 9.958835e-01 -8.689347e+00
9.958019e-01 -1.235991e-03 9.152645e-02 -6.098133e+00 1.674278e-03 9.999875e-01 -4.712010e-03 3.804694e-01 -9.151950e-02 4.845469e-03 9.957914e-01 -9.037655e+00
9.957144e-01 1.684957e-03 -9.246644e-02 -6.384946e+00 -1.263076e-03 9.999885e-01 4.620860e-03 4.005295e-01 9.247315e-02 -4.484264e-03 9.957050e-01 -9.552123e+00
9.957145e-01 -1.187885e-03 9.247241e-02 -6.748847e+00 1.637832e-03 9.999872e-01 -4.790004e-03 4.261535e-01 -9.246556e-02 4.920931e-03 9.957036e-01 -1.021352e+01
9.957330e-01 1.651571e-03 -9.226623e-02 -7.093306e+00 -1.230930e-03 9.999886e-01 4.615713e-03 4.515504e-01 9.227278e-02 -4.482444e-03 9.957236e-01 -1.088176e+01
9.958459e-01 -1.172555e-03 9.104708e-02 -7.433825e+00 1.610109e-03 9.999875e-01 -4.732498e-03 4.745670e-01 -9.104041e-02 4.859435e-03 9.958352e-01 -1.146727e+01
9.959660e-01 1.572387e-03 -8.971720e-02 -7.700662e+00 -1.167485e-03 9.999889e-01 4.565384e-03 4.940379e-01 8.972336e-02 -4.442224e-03 9.959567e-01 -1.197826e+01
9.959632e-01 -1.124738e-03 8.975540e-02 -7.961060e+00 1.554972e-03 9.999876e-01 -4.723614e-03 5.144592e-01 -8.974900e-02 4.844113e-03 9.959525e-01 -1.253612e+01
9.959352e-01 1.550283e-03 -9.005932e-02 -8.166749e+00 -1.142089e-03 9.999888e-01 4.583859e-03 5.331383e-01 9.006540e-02 -4.462371e-03 9.959258e-01 -1.308516e+01
9.959801e-01 -1.239120e-03 8.956635e-02 -8.000788e+00 1.650239e-03 9.999884e-01 -4.516198e-03 5.213844e-01 -8.955974e-02 4.645849e-03 9.959705e-01 -1.281444e+01
9.959502e-01 1.575903e-03 -8.989272e-02 -7.911647e+00 -1.170143e-03 9.999889e-01 4.566350e-03 5.172702e-01 8.989890e-02 -4.442670e-03 9.959409e-01 -1.275657e+01
9.960807e-01 -1.230584e-03 8.844062e-02 -7.917012e+00 1.637761e-03 9.999884e-01 -4.531546e-03 5.207029e-01 -8.843404e-02 4.658630e-03 9.960710e-01 -1.291344e+01
9.959024e-01 1.551737e-03 -9.042166e-02 -7.938129e+00 -1.142816e-03 9.999889e-01 4.573981e-03 5.272560e-01 9.042773e-02 -4.451903e-03 9.958930e-01 -1.317882e+01
9.961445e-01 -1.232812e-03 8.771841e-02 -7.887102e+00 1.636151e-03 9.999884e-01 -4.526358e-03 5.360325e-01 -8.771184e-02 4.652427e-03 9.961349e-01 -1.363576e+01
9.959162e-01 1.479670e-03 -9.027074e-02 -7.699466e+00 -1.059544e-03 9.999884e-01 4.701816e-03 5.356805e-01 9.027662e-02 -4.586969e-03 9.959061e-01 -1.388083e+01
9.972023e-01 -1.061447e-03 7.474243e-02 -7.547286e+00 1.360468e-03 9.999913e-01 -3.949886e-03 5.370610e-01 -7.473761e-02 4.040520e-03 9.971950e-01 -1.410730e+01
9.943073e-01 1.870981e-03 -1.065344e-01 -7.269146e+00 -1.283972e-03 9.999836e-01 5.578359e-03 5.363378e-01 1.065430e-01 -5.409816e-03 9.942933e-01 -1.434378e+01
9.977745e-01 -8.440218e-04 6.667270e-02 -7.032174e+00 1.090328e-03 9.999927e-01 -3.657947e-03 5.367371e-01 -6.666916e-02 3.722502e-03 9.977681e-01 -1.454270e+01
9.952310e-01 1.652298e-03 -9.753207e-02 -6.927811e+00 -1.162480e-03 9.999864e-01 5.078731e-03 5.400450e-01 9.753910e-02 -4.941131e-03 9.952193e-01 -1.472579e+01
9.966099e-01 -1.251096e-03 8.226274e-02 -6.625305e+00 1.605356e-03 9.999897e-01 -4.240445e-03 5.257476e-01 -8.225662e-02 4.358131e-03 9.966016e-01 -1.450477e+01
9.964557e-01 1.503171e-03 -8.410568e-02 -6.578622e+00 -1.145956e-03 9.999901e-01 4.295330e-03 5.140687e-01 8.411127e-02 -4.183724e-03 9.964475e-01 -1.408147e+01
9.965901e-01 -1.239526e-03 8.250231e-02 -6.562151e+00 1.596673e-03 9.999896e-01 -4.263093e-03 4.982135e-01 -8.249621e-02 4.380286e-03 9.965817e-01 -1.344658e+01
9.964746e-01 1.492454e-03 -8.388127e-02 -6.599312e+00 -1.134733e-03 9.999901e-01 4.312134e-03 4.847807e-01 8.388684e-02 -4.201749e-03 9.964663e-01 -1.285588e+01
9.965754e-01 -1.230035e-03 8.268040e-02 -6.631525e+00 1.588113e-03 9.999896e-01 -4.265240e-03 4.716891e-01 -8.267433e-02 4.381940e-03 9.965669e-01 -1.228578e+01
9.962715e-01 1.543514e-03 -8.625942e-02 -6.730632e+00 -1.169470e-03 9.999897e-01 4.386638e-03 4.654665e-01 8.626527e-02 -4.269404e-03 9.962630e-01 -1.193248e+01
9.967844e-01 -1.179934e-03 8.012105e-02 -6.796044e+00 1.517789e-03 9.999902e-01 -4.156037e-03 4.575154e-01 -8.011540e-02 4.264281e-03 9.967764e-01 -1.154113e+01
9.965278e-01 1.475426e-03 -8.324730e-02 -6.925860e+00 -1.127605e-03 9.999904e-01 4.225028e-03 4.550988e-01 8.325270e-02 -4.116487e-03 9.965199e-01 -1.131495e+01
9.969122e-01 -1.143168e-03 7.851545e-02 -7.060004e+00 1.471337e-03 9.999904e-01 -4.121949e-03 4.595572e-01 -7.851003e-02 4.224745e-03 9.969043e-01 -1.137452e+01
9.957235e-01 1.652498e-03 -9.236877e-02 -7.157715e+00 -1.222384e-03 9.999881e-01 4.712867e-03 4.575606e-01 9.237542e-02 -4.579802e-03 9.957136e-01 -1.118328e+01
9.977106e-01 -8.819309e-04 6.762270e-02 -7.265118e+00 1.132377e-03 9.999926e-01 -3.665330e-03 4.615505e-01 -6.761901e-02 3.733514e-03 9.977041e-01 -1.118587e+01
9.960318e-01 1.643989e-03 -8.898235e-02 -7.529925e+00 -1.253333e-03 9.999893e-01 4.445954e-03 4.766474e-01 8.898867e-02 -4.316787e-03 9.960232e-01 -1.147601e+01
9.984882e-01 -7.000561e-04 5.496186e-02 -7.650327e+00 8.660328e-04 9.999951e-01 -2.996086e-03 4.827635e-01 -5.495954e-02 3.039156e-03 9.984839e-01 -1.151373e+01
9.958349e-01 1.717533e-03 -9.115903e-02 -7.791349e+00 -1.310817e-03 9.999889e-01 4.521285e-03 4.892784e-01 9.116573e-02 -4.382959e-03 9.958260e-01 -1.152881e+01
9.961213e-01 -1.232518e-03 8.798220e-02 -8.126701e+00 1.637974e-03 9.999884e-01 -4.536328e-03 5.107219e-01 -8.797564e-02 4.662846e-03 9.961116e-01 -1.204690e+01
9.952314e-01 1.861604e-03 -9.752440e-02 -8.412796e+00 -1.397967e-03 9.999874e-01 4.822176e-03 5.265439e-01 9.753209e-02 -4.662844e-03 9.952214e-01 -1.237728e+01
9.964765e-01 -1.159065e-03 8.386421e-02 -8.665832e+00 1.523003e-03 9.999897e-01 -4.275758e-03 5.350763e-01 -8.385844e-02 4.388419e-03 9.964679e-01 -1.243495e+01
9.960851e-01 1.576545e-03 -8.838524e-02 -8.957858e+00 -1.187726e-03 9.999894e-01 4.451552e-03 5.426537e-01 8.839127e-02 -4.329147e-03 9.960763e-01 -1.243778e+01
9.966175e-01 -1.151555e-03 8.217228e-02 -9.107651e+00 1.506578e-03 9.999898e-01 -4.258584e-03 5.503012e-01 -8.216659e-02 4.367979e-03 9.966089e-01 -1.259785e+01
9.956022e-01 1.623839e-03 -9.366711e-02 -9.169761e+00 -1.189855e-03 9.999883e-01 4.688912e-03 5.585086e-01 9.367357e-02 -4.556840e-03 9.955924e-01 -1.287140e+01
9.965966e-01 -1.080981e-03 8.242594e-02 -9.268571e+00 1.438285e-03 9.999898e-01 -4.275589e-03 5.648166e-01 -8.242053e-02 4.379590e-03 9.965879e-01 -1.301957e+01
9.964381e-01 1.420259e-03 -8.431531e-02 -9.518985e+00 -1.068675e-03 9.999905e-01 4.214855e-03 5.787953e-01 8.432044e-02 -4.109735e-03 9.964301e-01 -1.333612e+01
9.965561e-01 -1.103786e-03 8.291332e-02 -9.683218e+00 1.463248e-03 9.999898e-01 -4.274746e-03 5.832605e-01 -8.290781e-02 4.381349e-03 9.965475e-01 -1.334768e+01
9.964357e-01 1.365271e-03 -8.434515e-02 -9.666684e+00 -1.006051e-03 9.999902e-01 4.301286e-03 5.701752e-01 8.435015e-02 -4.201098e-03 9.964272e-01 -1.283053e+01
9.966982e-01 -1.187516e-03 8.118713e-02 -9.475628e+00 1.532707e-03 9.999900e-01 -4.189592e-03 5.579910e-01 -8.118140e-02 4.300195e-03 9.966900e-01 -1.258516e+01
9.963593e-01 1.293743e-03 -8.524406e-02 -9.097448e+00 -9.158084e-04 9.999896e-01 4.472512e-03 5.535481e-01 8.524890e-02 -4.378161e-03 9.963500e-01 -1.289771e+01
9.968412e-01 -1.232472e-03 7.941075e-02 -8.644444e+00 1.559068e-03 9.999906e-01 -4.050863e-03 5.498939e-01 -7.940507e-02 4.161875e-03 9.968337e-01 -1.334284e+01
9.965430e-01 1.305672e-03 -8.306800e-02 -8.192622e+00 -9.434377e-04 9.999899e-01 4.399793e-03 5.434173e-01 8.307284e-02 -4.306213e-03 9.965341e-01 -1.367933e+01
9.968293e-01 -1.224515e-03 7.956051e-02 -7.745569e+00 1.555305e-03 9.999904e-01 -4.095870e-03 5.381711e-01 -7.955479e-02 4.206625e-03 9.968215e-01 -1.405977e+01
9.965308e-01 1.337725e-03 -8.321451e-02 -7.368189e+00 -9.771084e-04 9.999900e-01 4.374147e-03 5.363390e-01 8.321947e-02 -4.277661e-03 9.965220e-01 -1.448287e+01
9.965793e-01 -1.086406e-03 8.263516e-02 -7.095047e+00 1.447427e-03 9.999897e-01 -4.309067e-03 5.331459e-01 -8.262969e-02 4.413936e-03 9.965705e-01 -1.471454e+01
9.964061e-01 1.306158e-03 -8.469442e-02 -6.835007e+00 -9.356871e-04 9.999898e-01 4.413750e-03 5.354215e-01 8.469926e-02 -4.318638e-03 9.963971e-01 -1.516448e+01
9.968796e-01 -1.267206e-03 7.892663e-02 -6.315455e+00 1.586642e-03 9.999908e-01 -3.984658e-03 5.137434e-01 -7.892092e-02 4.097454e-03 9.968724e-01 -1.498154e+01
9.965771e-01 1.239816e-03 -8.265936e-02 -5.811233e+00 -8.922592e-04 9.999906e-01 4.241491e-03 4.697248e-01 8.266378e-02 -4.153217e-03 9.965687e-01 -1.387227e+01
9.968000e-01 -1.546196e-03 7.992099e-02 -4.760710e+00 1.856326e-03 9.999910e-01 -3.806292e-03 4.079004e-01 -7.991445e-02 3.942473e-03 9.967938e-01 -1.280707e+01
9.965621e-01 1.278169e-03 -8.283898e-02 -3.760214e+00 -9.260045e-04 9.999904e-01 4.289473e-03 3.527032e-01 8.284361e-02 -4.198015e-03 9.965536e-01 -1.195091e+01
9.970577e-01 -1.274958e-03 7.664388e-02 -3.289062e+00 1.581218e-03 9.999910e-01 -3.935328e-03 3.159794e-01 -7.663824e-02 4.044941e-03 9.970507e-01 -1.108001e+01
9.956477e-01 1.459020e-03 -9.318502e-02 -2.748812e+00 -1.001386e-03 9.999872e-01 4.957583e-03 2.923730e-01 9.319100e-02 -4.842691e-03 9.956364e-01 -1.079612e+01
9.971143e-01 -1.278483e-03 7.590421e-02 -2.118638e+00 1.572699e-03 9.999915e-01 -3.816496e-03 2.707281e-01 -7.589875e-02 3.924859e-03 9.971077e-01 -1.071082e+01
9.966706e-01 1.259239e-03 -8.152408e-02 -1.592534e+00 -9.141211e-04 9.999905e-01 4.270504e-03 2.447348e-01 8.152862e-02 -4.181761e-03 9.966621e-01 -1.035889e+01
9.975560e-01 -1.373177e-03 6.985770e-02 -9.105762e-01 1.622559e-03 9.999925e-01 -3.513239e-03 2.054215e-01 -6.985242e-02 3.618003e-03 9.975507e-01 -9.668775e+00
9.965684e-01 1.075812e-03 -8.276569e-02 5.698922e-02 -7.102720e-04 9.999899e-01 4.445877e-03 1.512729e-01 8.276957e-02 -4.371833e-03 9.965590e-01 -8.781189e+00
9.970603e-01 -1.323237e-03 7.660943e-02 8.906963e-01 1.629856e-03 9.999909e-01 -3.939966e-03 1.031782e-01 -7.660358e-02 4.053248e-03 9.970533e-01 -7.974809e+00
9.966852e-01 1.114082e-03 -8.134759e-02 1.682487e+00 -7.571374e-04 9.999900e-01 4.418604e-03 5.732905e-02 8.135163e-02 -4.342364e-03 9.966759e-01 -7.200216e+00
9.973350e-01 -1.429418e-03 7.294369e-02 2.606200e+00 1.708294e-03 9.999915e-01 -3.760912e-03 6.757064e-03 -7.293776e-02 3.875501e-03 9.973289e-01 -6.412002e+00
9.964250e-01 1.289087e-03 -8.447227e-02 3.349908e+00 -9.078046e-04 9.999892e-01 4.551945e-03 -3.736570e-02 8.447716e-02 -4.458985e-03 9.964153e-01 -5.622005e+00
9.992182e-01 -6.240608e-04 3.952863e-02 3.751871e+00 7.217802e-04 9.999967e-01 -2.457867e-03 -6.926877e-02 -3.952704e-02 2.484479e-03 9.992153e-01 -4.715900e+00
9.969304e-01 7.483749e-04 -7.828906e-02 4.547938e+00 -3.984292e-04 9.999899e-01 4.485433e-03 -1.174928e-01 7.829155e-02 -4.440470e-03 9.969205e-01 -3.718279e+00
9.978013e-01 -1.088838e-03 6.626728e-02 5.500188e+00 1.338207e-03 9.999922e-01 -3.718789e-03 -1.720096e-01 -6.626278e-02 3.799294e-03 9.977949e-01 -2.802962e+00
9.965197e-01 6.641162e-04 -8.335523e-02 6.727017e+00 -2.545910e-04 9.999878e-01 4.923533e-03 -2.381193e-01 8.335741e-02 -4.885173e-03 9.965077e-01 -1.780121e+00
9.979676e-01 -1.259417e-03 6.371116e-02 8.193839e+00 1.492797e-03 9.999923e-01 -3.615608e-03 -3.153602e-01 -6.370619e-02 3.703370e-03 9.979617e-01 -6.446000e-01
9.966894e-01 8.146231e-04 -8.129959e-02 9.422796e+00 -4.226680e-04 9.999882e-01 4.838201e-03 -3.816373e-01 8.130250e-02 -4.787818e-03 9.966779e-01 3.760210e-01
9.981419e-01 -1.204897e-03 6.092057e-02 1.063927e+01 1.421840e-03 9.999928e-01 -3.517827e-03 -4.459674e-01 -6.091598e-02 3.597913e-03 9.981363e-01 1.349496e+00
9.965501e-01 9.193097e-04 -8.298813e-02 1.174226e+01 -5.073344e-04 9.999874e-01 4.985203e-03 -5.023509e-01 8.299159e-02 -4.925899e-03 9.965380e-01 2.167325e+00
9.982408e-01 -1.128905e-03 5.927807e-02 1.278174e+01 1.339825e-03 9.999929e-01 -3.518478e-03 -5.568061e-01 -5.927376e-02 3.591714e-03 9.982352e-01 3.005015e+00
9.969846e-01 9.094544e-04 -7.759350e-02 1.369176e+01 -5.451965e-04 9.999887e-01 4.715475e-03 -6.053577e-01 7.759683e-02 -4.658949e-03 9.969739e-01 3.767828e+00
9.985117e-01 -1.068211e-03 5.452726e-02 1.460678e+01 1.250788e-03 9.999937e-01 -3.314304e-03 -6.517521e-01 -5.452346e-02 3.377577e-03 9.985067e-01 4.455746e+00
9.967020e-01 9.980008e-04 -8.114227e-02 1.544254e+01 -6.084979e-04 9.999882e-01 4.824813e-03 -6.975166e-01 8.114604e-02 -4.759522e-03 9.966908e-01 5.241940e+00
9.989890e-01 -7.714795e-04 4.494888e-02 1.615412e+01 9.048282e-04 9.999953e-01 -2.946352e-03 -7.385272e-01 -4.494648e-02 2.984048e-03 9.989849e-01 6.064724e+00
9.975666e-01 3.175787e-04 -6.971850e-02 1.737760e+01 -7.690177e-06 9.999901e-01 4.445049e-03 -8.090208e-01 6.971913e-02 -4.433693e-03 9.975567e-01 7.297472e+00
9.989928e-01 -1.105279e-03 4.485684e-02 1.904712e+01 1.235209e-03 9.999951e-01 -2.868896e-03 -8.991003e-01 -4.485354e-02 2.921417e-03 9.989892e-01 8.685071e+00
9.980128e-01 5.103786e-04 -6.300850e-02 2.029454e+01 -2.568242e-04 9.999918e-01 4.032130e-03 -9.701224e-01 6.300995e-02 -4.007931e-03 9.980048e-01 9.871104e+00
9.990303e-01 -8.881035e-04 4.401836e-02 2.126536e+01 1.019824e-03 9.999951e-01 -2.969980e-03 -1.032786e+00 -4.401560e-02 3.011995e-03 9.990262e-01 1.112048e+01
9.973824e-01 2.699610e-04 -7.230640e-02 2.280000e+01 7.353161e-05 9.999887e-01 4.747778e-03 -1.118152e+00 7.230677e-02 -4.740663e-03 9.973711e-01 1.252189e+01
9.992970e-01 9.444177e-06 3.748907e-02 2.335643e+01 1.085096e-04 9.999951e-01 -3.144233e-03 -1.162119e+00 -3.748901e-02 3.146095e-03 9.992920e-01 1.366144e+01
9.967379e-01 2.429676e-04 -8.070560e-02 2.416443e+01 1.862711e-04 9.999859e-01 5.310970e-03 -1.214334e+00 8.070566e-02 -5.308674e-03 9.967238e-01 1.482243e+01
9.981114e-01 -2.578498e-04 6.142954e-02 2.488089e+01 5.242750e-04 9.999905e-01 -4.320951e-03 -1.263986e+00 -6.142794e-02 4.345000e-03 9.981020e-01 1.590639e+01
9.973612e-01 1.458991e-04 -7.259920e-02 2.547078e+01 2.073809e-04 9.999882e-01 4.858568e-03 -1.308058e+00 7.259895e-02 -4.860799e-03 9.973493e-01 1.690992e+01
9.990457e-01 -6.271266e-04 4.367141e-02 2.691011e+01 7.634407e-04 9.999949e-01 -3.104665e-03 -1.389036e+00 -4.366934e-02 3.135047e-03 9.990411e-01 1.828444e+01
9.971669e-01 -4.060589e-04 -7.521989e-02 2.907601e+01 7.989442e-04 9.999862e-01 5.193097e-03 -1.501060e+00 7.521664e-02 -5.238476e-03 9.971534e-01 1.987945e+01
9.988760e-01 -4.721792e-04 4.739752e-02 3.100554e+01 6.357621e-04 9.999939e-01 -3.436194e-03 -1.603062e+00 -4.739571e-02 3.462470e-03 9.988701e-01 2.139106e+01
9.964280e-01 -1.996996e-04 -8.444609e-02 3.287314e+01 6.883246e-04 9.999832e-01 5.757117e-03 -1.700770e+00 8.444342e-02 -5.794674e-03 9.964114e-01 2.285148e+01
9.984393e-01 -4.851826e-04 5.584541e-02 3.465249e+01 7.102141e-04 9.999917e-01 -4.009683e-03 -1.796885e+00 -5.584310e-02 4.043092e-03 9.984313e-01 2.433941e+01
9.957363e-01 -2.081799e-04 -9.224505e-02 3.666039e+01 7.963063e-04 9.999796e-01 6.338892e-03 -1.902742e+00 9.224174e-02 -6.385315e-03 9.957161e-01 2.593202e+01
9.984519e-01 -5.204429e-04 5.561845e-02 3.873694e+01 7.487446e-04 9.999914e-01 -4.083932e-03 -2.011569e+00 -5.561595e-02 4.119258e-03 9.984437e-01 2.754293e+01
