9.996079e-01 -8.562461e-04 2.798597e-02 3.173938e-02 8.844257e-04 9.999991e-01 -9.945545e-04 -1.631883e-02 -2.798509e-02 1.018916e-03 9.996077e-01 6.293266e-01
9.998253e-01 6.463637e-04 -1.868182e-02 1.235116e-02 -6.333871e-04 9.999996e-01 7.005164e-04 -3.159714e-02 1.868227e-02 -6.885609e-04 9.998251e-01 1.263472e+00
9.988140e-01 -1.532538e-03 4.866375e-02 4.688757e-02 1.618398e-03 9.999972e-01 -1.725007e-03 -4.897803e-02 -4.866096e-02 1.801719e-03 9.988136e-01 1.931026e+00
9.997834e-01 7.281143e-04 -2.079902e-02 7.398768e-02 -7.118294e-04 9.999994e-01 7.903587e-04 -6.717461e-02 2.079959e-02 -7.753820e-04 9.997833e-01 2.634539e+00
9.986391e-01 -1.637568e-03 5.212803e-02 1.121247e-01 1.735905e-03 9.999968e-01 -1.841234e-03 -8.713569e-02 -5.212483e-02 1.929218e-03 9.986386e-01 3.399078e+00
9.999612e-01 3.283492e-04 -8.802032e-03 1.864917e-01 -3.251553e-04 9.999999e-01 3.642839e-04 -1.062704e-01 8.802167e-03 -3.614079e-04 9.999611e-01 4.097050e+00
9.986188e-01 -1.664101e-03 5.251392e-02 2.605493e-01 1.763373e-03 9.999967e-01 -1.844119e-03 -1.255201e-01 -5.251066e-02 1.934173e-03 9.986184e-01 4.806189e+00
9.997888e-01 7.348783e-04 -2.053881e-02 3.072841e-01 -7.192524e-04 9.999994e-01 7.681737e-04 -1.460291e-01 2.053939e-02 -7.532393e-04 9.997887e-01 5.582638e+00
9.987612e-01 -1.576240e-03 4.973520e-02 3.412881e-01 1.664977e-03 9.999971e-01 -1.742812e-03 -1.663333e-01 -4.973228e-02 1.823460e-03 9.987608e-01 6.362132e+00
9.999574e-01 3.691823e-04 -9.220876e-03 4.068350e-01 -3.658436e-04 9.999999e-01 3.637432e-04 -1.887398e-01 9.221040e-03 -3.603550e-04 9.999573e-01 7.198744e+00
9.986010e-01 -1.675338e-03 5.285093e-02 4.857892e-01 1.774999e-03 9.999967e-01 -1.838811e-03 -2.114117e-01 -5.284764e-02 1.930048e-03 9.986006e-01 8.032365e+00
9.997417e-01 7.969269e-04 -2.271407e-02 5.353024e-01 -7.783357e-04 9.999994e-01 8.273055e-04 -2.306295e-01 2.271475e-02 -8.094136e-04 9.997416e-01 8.750588e+00
9.986070e-01 -1.638636e-03 5.273847e-02 5.735002e-01 1.736471e-03 9.999969e-01 -1.809333e-03 -2.523700e-01 -5.273530e-02 1.898390e-03 9.986066e-01 9.582725e+00
9.999811e-01 2.300712e-04 -6.137524e-03 6.594636e-01 -2.286302e-04 9.999999e-01 2.354450e-04 -2.739624e-01 6.137623e-03 -2.340386e-04 9.999810e-01 1.037360e+01
9.987943e-01 -1.530365e-03 4.906718e-02 7.448722e-01 1.614809e-03 9.999973e-01 -1.681385e-03 -2.965210e-01 -4.906443e-02 1.758590e-03 9.987940e-01 1.119489e+01
9.998759e-01 5.700770e-04 -1.574299e-02 7.965887e-01 -5.611014e-04 9.999997e-01 5.745134e-04 -3.218077e-01 1.574337e-02 -5.656103e-04 9.998758e-01 1.215527e+01
9.991380e-01 -1.266249e-03 4.149189e-02 8.068005e-01 1.325607e-03 9.999981e-01 -1.403105e-03 -3.510795e-01 -4.148999e-02 1.456896e-03 9.991378e-01 1.333481e+01
9.999914e-01 1.558592e-04 -4.140548e-03 8.709263e-01 -1.552693e-04 1.000000e+00 1.426323e-04 -3.767389e-01 4.140627e-03 -1.419900e-04 9.999913e-01 1.429749e+01
9.995188e-01 -9.099528e-04 3.100480e-02 8.964542e-01 9.423586e-04 9.999990e-01 -1.030571e-03 -4.073484e-01 -3.100377e-02 1.059291e-03 9.995186e-01 1.550751e+01
9.999942e-01 -1.063692e-04 3.407918e-03 9.469085e-01 1.068585e-04 1.000000e+00 -1.431746e-04 -4.313967e-01 -3.407841e-03 1.435359e-04 9.999941e-01 1.642586e+01
9.992658e-01 -1.179799e-03 3.829543e-02 1.024394e+00 1.229601e-03 9.999984e-01 -1.276924e-03 -4.515757e-01 -3.829380e-02 1.323073e-03 9.992656e-01 1.716259e+01
9.998124e-01 6.649358e-04 -1.935498e-02 1.034948e+00 -6.519386e-04 9.999996e-01 6.777702e-04 -4.761613e-01 1.935549e-02 -6.650271e-04 9.998124e-01 1.814471e+01
9.997256e-01 -6.992458e-04 2.341212e-02 9.847780e-01 7.159238e-04 9.999995e-01 -7.039560e-04 -5.022887e-01 -2.341155e-02 7.205219e-04 9.997256e-01 1.927432e+01
9.998980e-01 4.942966e-04 -1.427189e-02 9.722893e-01 -4.877360e-04 9.999998e-01 4.630955e-04 -5.273769e-01 1.427218e-02 -4.560896e-04 9.998980e-01 2.030685e+01
9.997881e-01 -6.108962e-04 2.057442e-02 9.478308e-01 6.232099e-04 9.999996e-01 -5.920504e-04 -5.523599e-01 -2.057399e-02 6.047449e-04 9.997881e-01 2.135089e+01
9.998193e-01 6.554419e-04 -1.899717e-02 8.819230e-01 -6.428834e-04 9.999996e-01 6.671224e-04 -5.794099e-01 1.899767e-02 -6.547911e-04 9.998192e-01 2.254653e+01
9.996513e-01 -7.947928e-04 2.639253e-02 8.256228e-01 8.166326e-04 9.999993e-01 -8.166979e-04 -6.051421e-01 -2.639179e-02 8.379638e-04 9.996512e-01 2.367985e+01
9.998685e-01 5.554568e-04 -1.620543e-02 7.818487e-01 -5.467018e-04 9.999997e-01 5.446154e-04 -6.303737e-01 1.620580e-02 -5.356866e-04 9.998684e-01 2.477341e+01
9.997157e-01 -7.162402e-04 2.383369e-02 7.203678e-01 7.333101e-04 9.999995e-01 -7.074385e-04 -6.562202e-01 -2.383310e-02 7.247125e-04 9.997156e-01 2.592062e+01
9.998838e-01 5.482569e-04 -1.523229e-02 6.997018e-01 -5.404474e-04 9.999997e-01 5.167349e-04 -6.866105e-01 1.523264e-02 -5.084450e-04 9.998838e-01 2.718465e+01
9.998428e-01 -5.347951e-04 1.772255e-02 6.468054e-01 5.431436e-04 9.999997e-01 -4.662031e-04 -7.148707e-01 -1.772222e-02 4.757533e-04 9.998427e-01 2.841197e+01
9.999267e-01 4.458404e-04 -1.210209e-02 5.852566e-01 -4.412264e-04 9.999998e-01 3.838419e-04 -7.417336e-01 1.210233e-02 -3.784763e-04 9.999266e-01 2.959960e+01
9.998196e-01 -5.796145e-04 1.898559e-02 5.044688e-01 5.894383e-04 9.999997e-01 -5.117909e-04 -7.690561e-01 -1.898521e-02 5.228870e-04 9.998195e-01 3.083953e+01
9.998707e-01 5.895029e-04 -1.606824e-02 3.983999e-01 -5.808057e-04 9.999997e-01 5.458647e-04 -7.987188e-01 1.606863e-02 -5.364639e-04 9.998707e-01 3.221361e+01
9.998479e-01 -5.385773e-04 1.743316e-02 3.201409e-01 5.467868e-04 9.999997e-01 -4.660941e-04 -8.267054e-01 -1.743283e-02 4.755530e-04 9.998478e-01 3.346819e+01
9.998650e-01 5.909429e-04 -1.641726e-02 2.499412e-01 -5.822399e-04 9.999997e-01 5.348250e-04 -8.515177e-01 1.641764e-02 -5.251963e-04 9.998650e-01 3.457617e+01
9.998566e-01 -5.210706e-04 1.692286e-02 1.537896e-01 5.288296e-04 9.999998e-01 -4.539641e-04 -8.768028e-01 -1.692254e-02 4.628460e-04 9.998566e-01 3.574795e+01
9.998874e-01 5.389672e-04 -1.499476e-02 5.557646e-02 -5.318408e-04 9.999997e-01 4.791771e-04 -8.997912e-01 1.499508e-02 -4.711506e-04 9.998874e-01 3.683076e+01
9.998801e-01 -4.888319e-04 1.547917e-02 -9.791472e-02 4.955802e-04 9.999998e-01 -4.320684e-04 -9.185359e-01 -1.547889e-02 4.396854e-04 9.998800e-01 3.781841e+01
9.999017e-01 5.152429e-04 -1.401274e-02 -1.932663e-01 -5.087803e-04 9.999998e-01 4.646828e-04 -9.405491e-01 1.401305e-02 -4.575100e-04 9.999016e-01 3.885398e+01
9.998906e-01 -4.641098e-04 1.478182e-02 -3.132398e-01 4.702290e-04 9.999998e-01 -4.104309e-04 -9.639295e-01 -1.478155e-02 4.173345e-04 9.998906e-01 3.998885e+01
9.998959e-01 5.362022e-04 -1.441499e-02 -5.019492e-01 -5.293884e-04 9.999997e-01 4.764267e-04 -9.893913e-01 1.441532e-02 -4.687483e-04 9.998959e-01 4.132350e+01
9.998934e-01 -4.623255e-04 1.459314e-02 -6.517902e-01 4.682638e-04 9.999998e-01 -4.034412e-04 -1.013961e+00 -1.459288e-02 4.102293e-04 9.998933e-01 4.255696e+01
9.998950e-01 5.443024e-04 -1.448103e-02 -7.596869e-01 -5.372568e-04 9.999997e-01 4.903564e-04 -1.039765e+00 1.448136e-02 -4.825271e-04 9.998949e-01 4.377175e+01
9.998887e-01 -4.727204e-04 1.491349e-02 -9.547477e-01 4.794642e-04 9.999998e-01 -4.485549e-04 -1.058546e+00 -1.491321e-02 4.556531e-04 9.998886e-01 4.482596e+01
9.999148e-01 4.974966e-04 -1.304486e-02 -1.177484e+00 -4.916565e-04 9.999998e-01 4.508215e-04 -1.074315e+00 1.304515e-02 -4.443718e-04 9.999147e-01 4.579613e+01
9.999093e-01 -4.344331e-04 1.345859e-02 -1.312706e+00 4.397603e-04 9.999998e-01 -3.927926e-04 -1.095552e+00 -1.345834e-02 3.986732e-04 9.999093e-01 4.686149e+01
9.999179e-01 4.900809e-04 -1.279954e-02 -1.419390e+00 -4.840586e-04 9.999998e-01 4.735175e-04 -1.120962e+00 1.279984e-02 -4.672852e-04 9.999179e-01 4.805838e+01
9.998837e-01 -4.876670e-04 1.524037e-02 -1.492952e+00 4.945228e-04 9.999998e-01 -4.460202e-04 -1.145382e+00 -1.524008e-02 4.535027e-04 9.998837e-01 4.915877e+01
9.999748e-01 2.962735e-04 -7.089305e-03 -1.520368e+00 -2.946358e-04 9.999999e-01 2.319044e-04 -1.168560e+00 7.089446e-03 -2.298121e-04 9.999748e-01 5.013832e+01
9.997957e-01 -6.367041e-04 2.020199e-02 -1.527582e+00 6.497141e-04 9.999996e-01 -6.373847e-04 -1.192591e+00 -2.020150e-02 6.503777e-04 9.997956e-01 5.112632e+01
9.999759e-01 2.840263e-04 -6.934969e-03 -1.567043e+00 -2.824239e-04 9.999999e-01 2.318857e-04 -1.216427e+00 6.935110e-03 -2.299238e-04 9.999758e-01 5.216047e+01
9.998464e-01 -5.669881e-04 1.751423e-02 -1.640807e+00 5.764323e-04 9.999997e-01 -5.341248e-04 -1.238457e+00 -1.751385e-02 5.441361e-04 9.998464e-01 5.317550e+01
9.999185e-01 4.914635e-04 -1.275218e-02 -1.720460e+00 -4.855365e-04 9.999998e-01 4.677846e-04 -1.262573e+00 1.275249e-02 -4.615572e-04 9.999185e-01 5.427501e+01
9.996805e-01 -8.210765e-04 2.526085e-02 -1.703854e+00 8.426150e-04 9.999993e-01 -8.419667e-04 -1.284412e+00 -2.526007e-02 8.629804e-04 9.996805e-01 5.512673e+01
9.999386e-01 4.383845e-04 -1.106750e-02 -1.597312e+00 -4.339560e-04 9.999998e-01 4.024177e-04 -1.306520e+00 1.106775e-02 -3.975927e-04 9.999386e-01 5.584859e+01
9.998427e-01 -5.705484e-04 1.772882e-02 -1.599299e+00 5.801262e-04 9.999997e-01 -5.350346e-04 -1.330648e+00 -1.772843e-02 5.452328e-04 9.998426e-01 5.682366e+01
9.998728e-01 6.066268e-04 -1.593642e-02 -1.687575e+00 -5.971759e-04 9.999996e-01 5.977113e-04 -1.358651e+00 1.593686e-02 -5.881209e-04 9.998727e-01 5.809785e+01
9.998271e-01 -5.970141e-04 1.858366e-02 -1.761665e+00 6.075371e-04 9.999997e-01 -5.605458e-04 -1.386126e+00 -1.858324e-02 5.717366e-04 9.998271e-01 5.932513e+01
9.998514e-01 6.541216e-04 -1.722617e-02 -1.850124e+00 -6.430948e-04 9.999996e-01 6.455782e-04 -1.415434e+00 1.722666e-02 -6.344067e-04 9.998513e-01 6.065381e+01
9.998440e-01 -5.582581e-04 1.765501e-02 -1.944936e+00 5.676372e-04 9.999997e-01 -5.261682e-04 -1.447941e+00 -1.765463e-02 5.361052e-04 9.998439e-01 6.212363e+01
9.998517e-01 6.541279e-04 -1.720892e-02 -2.019094e+00 -6.431861e-04 9.999996e-01 6.412706e-04 -1.479235e+00 1.720941e-02 -6.301094e-04 9.998516e-01 6.350634e+01
9.998297e-01 -5.871218e-04 1.844287e-02 -2.093153e+00 5.970321e-04 9.999997e-01 -5.317857e-04 -1.511586e+00 -1.844247e-02 5.427036e-04 9.998297e-01 6.493471e+01
9.999650e-01 3.709770e-04 -8.350121e-03 -2.135662e+00 -3.686239e-04 9.999999e-01 2.831999e-04 -1.542786e+00 8.350305e-03 -2.801144e-04 9.999650e-01 6.627136e+01
9.996852e-01 -7.760543e-04 2.507907e-02 -2.176653e+00 7.958162e-04 9.999994e-01 -7.779654e-04 -1.576773e+00 -2.507837e-02 7.976762e-04 9.996851e-01 6.772709e+01
9.998383e-01 6.693819e-04 -1.796791e-02 -2.266499e+00 -6.569003e-04 9.999995e-01 7.004775e-04 -1.612448e+00 1.796845e-02 -6.885636e-04 9.998382e-01 6.932750e+01
9.998136e-01 -5.900830e-04 1.929761e-02 -2.349882e+00 6.013224e-04 9.999997e-01 -5.765654e-04 -1.648848e+00 -1.929719e-02 5.880595e-04 9.998135e-01 7.093899e+01
9.998331e-01 6.704422e-04 -1.825634e-02 -2.410719e+00 -6.579037e-04 9.999995e-01 6.927247e-04 -1.681578e+00 1.825688e-02 -6.806006e-04 9.998330e-01 7.235842e+01
9.998145e-01 -5.977673e-04 1.925127e-02 -2.422284e+00 6.091007e-04 9.999996e-01 -5.827853e-04 -1.711819e+00 -1.925084e-02 5.944006e-04 9.998144e-01 7.358885e+01
9.998375e-01 6.770262e-04 -1.801164e-02 -2.446367e+00 -6.645336e-04 9.999995e-01 6.994886e-04 -1.744987e+00 1.801219e-02 -6.874081e-04 9.998375e-01 7.496211e+01
9.998145e-01 -6.037102e-04 1.925238e-02 -2.490700e+00 6.151544e-04 9.999996e-01 -5.884458e-04 -1.777366e+00 -1.925194e-02 6.001773e-04 9.998144e-01 7.633853e+01
9.998311e-01 6.798228e-04 -1.836302e-02 -2.531512e+00 -6.672595e-04 9.999995e-01 6.902052e-04 -1.806821e+00 1.836356e-02 -6.778382e-04 9.998311e-01 7.758597e+01
9.997715e-01 -6.735965e-04 2.136654e-02 -2.554034e+00 6.881725e-04 9.999995e-01 -6.747835e-04 -1.833632e+00 -2.136599e-02 6.893307e-04 9.997714e-01 7.869513e+01
9.998147e-01 7.085509e-04 -1.923347e-02 -2.589301e+00 -6.946902e-04 9.999995e-01 7.272549e-04 -1.861176e+00 1.923406e-02 -7.137613e-04 9.998147e-01 7.985645e+01
9.998027e-01 -6.204459e-04 1.985444e-02 -2.654113e+00 6.327129e-04 9.999996e-01 -6.115106e-04 -1.892462e+00 -1.985397e-02 6.239497e-04 9.998026e-01 8.122144e+01
9.998072e-01 7.332891e-04 -1.961972e-02 -2.707435e+00 -7.189563e-04 9.999995e-01 7.375052e-04 -1.924571e+00 1.962033e-02 -7.232597e-04 9.998072e-01 8.260037e+01
9.997905e-01 -6.526771e-04 2.045747e-02 -2.765750e+00 6.655957e-04 9.999996e-01 -6.246242e-04 -1.955017e+00 -2.045697e-02 6.381073e-04 9.997905e-01 8.391993e+01
9.998747e-01 6.070110e-04 -1.581666e-02 -2.807850e+00 -5.978816e-04 9.999997e-01 5.818433e-04 -1.983454e+00 1.581709e-02 -5.723163e-04 9.998747e-01 8.513170e+01
9.998570e-01 -5.401163e-04 1.690200e-02 -2.882649e+00 5.485570e-04 9.999997e-01 -4.946861e-04 -2.013899e+00 -1.690164e-02 5.038846e-04 9.998570e-01 8.647998e+01
9.998609e-01 6.468937e-04 -1.666575e-02 -2.968766e+00 -6.367334e-04 9.999996e-01 6.148683e-04 -2.047329e+00 1.666622e-02 -6.041735e-04 9.998608e-01 8.797063e+01
9.998618e-01 -5.198935e-04 1.661319e-02 -3.067012e+00 5.280313e-04 9.999997e-01 -4.853816e-04 -2.082036e+00 -1.661285e-02 4.940844e-04 9.998618e-01 8.953583e+01
9.998638e-01 6.211190e-04 -1.649300e-02 -3.148394e+00 -6.113939e-04 9.999996e-01 5.946114e-04 -2.111678e+00 1.649345e-02 -5.844490e-04 9.998637e-01 9.086179e+01
9.998722e-01 -4.999659e-04 1.597797e-02 -3.221582e+00 5.077181e-04 9.999998e-01 -4.810526e-04 -2.140393e+00 -1.597764e-02 4.891010e-04 9.998722e-01 9.213349e+01
9.998687e-01 6.114634e-04 -1.618923e-02 -3.294947e+00 -6.020023e-04 9.999996e-01 5.891957e-04 -2.168694e+00 1.618966e-02 -5.793748e-04 9.998687e-01 9.338907e+01
9.998632e-01 -5.321002e-04 1.653016e-02 -3.342261e+00 5.402605e-04 9.999997e-01 -4.891294e-04 -2.194781e+00 -1.652981e-02 4.979907e-04 9.998632e-01 9.450822e+01
9.998891e-01 5.757578e-04 -1.488164e-02 -3.381609e+00 -5.674376e-04 9.999997e-01 5.632216e-04 -2.223327e+00 1.488205e-02 -5.547170e-04 9.998890e-01 9.571615e+01
9.998759e-01 -4.983206e-04 1.574596e-02 -3.418308e+00 5.054719e-04 9.999998e-01 -4.501169e-04 -2.254093e+00 -1.574565e-02 4.580178e-04 9.998758e-01 9.701291e+01
9.998858e-01 5.690654e-04 -1.509902e-02 -3.445752e+00 -5.608225e-04 9.999997e-01 5.500667e-04 -2.280656e+00 1.509941e-02 -5.415384e-04 9.998858e-01 9.811906e+01
9.998727e-01 -5.100841e-04 1.594778e-02 -3.461832e+00 5.174320e-04 9.999998e-01 -4.565472e-04 -2.305923e+00 -1.594746e-02 4.647386e-04 9.998726e-01 9.915270e+01
9.998814e-01 5.880717e-04 -1.538973e-02 -3.508051e+00 -5.794683e-04 9.999997e-01 5.634060e-04 -2.334636e+00 1.539014e-02 -5.544235e-04 9.998813e-01 1.003796e+02
9.998736e-01 -5.044126e-04 1.588772e-02 -3.509709e+00 5.114928e-04 9.999998e-01 -4.415069e-04 -2.363527e+00 -1.588742e-02 4.495753e-04 9.998736e-01 1.015366e+02
9.998783e-01 5.981501e-04 -1.558487e-02 -3.546929e+00 -5.895739e-04 9.999997e-01 5.548003e-04 -2.392451e+00 1.558528e-02 -5.455466e-04 9.998783e-01 1.027562e+02
9.998751e-01 -5.107030e-04 1.579355e-02 -3.615596e+00 5.179469e-04 9.999998e-01 -4.545006e-04 -2.419515e+00 -1.579323e-02 4.626218e-04 9.998751e-01 1.039530e+02
9.998786e-01 5.913981e-04 -1.557081e-02 -3.679998e+00 -5.829059e-04 9.999997e-01 5.498424e-04 -2.445585e+00 1.557121e-02 -5.407015e-04 9.998785e-01 1.051012e+02
9.998721e-01 -5.117104e-04 1.598265e-02 -3.738783e+00 5.188610e-04 9.999998e-01 -4.431817e-04 -2.473867e+00 -1.598234e-02 4.514155e-04 9.998721e-01 1.063324e+02
9.998826e-01 5.871445e-04 -1.530866e-02 -3.803160e+00 -5.788339e-04 9.999997e-01 5.472159e-04 -2.502536e+00 1.530906e-02 -5.382927e-04 9.998826e-01 1.075900e+02
9.998570e-01 -5.532478e-04 1.689867e-02 -3.849018e+00 5.615310e-04 9.999997e-01 -4.853590e-04 -2.527930e+00 -1.689831e-02 4.947765e-04 9.998570e-01 1.086801e+02
9.998806e-01 5.891837e-04 -1.543727e-02 -3.927036e+00 -5.808916e-04 9.999997e-01 5.415464e-04 -2.552664e+00 1.543767e-02 -5.325165e-04 9.998806e-01 1.097990e+02
9.998569e-01 -5.626295e-04 1.690825e-02 -3.995696e+00 5.710481e-04 9.999997e-01 -4.930071e-04 -2.576026e+00 -1.690789e-02 5.025897e-04 9.998568e-01 1.108437e+02
9.998767e-01 6.051965e-04 -1.568821e-02 -4.061659e+00 -5.964777e-04 9.999997e-01 5.603525e-04 -2.601461e+00 1.568863e-02 -5.509280e-04 9.998767e-01 1.119697e+02
9.998411e-01 -5.774945e-04 1.781751e-02 -4.114800e+00 5.864952e-04 9.999997e-01 -4.998762e-04 -2.629945e+00 -1.781713e-02 5.102445e-04 9.998411e-01 1.132002e+02
9.998646e-01 6.309145e-04 -1.644223e-02 -4.189463e+00 -6.214746e-04 9.999996e-01 5.791567e-04 -2.659052e+00 1.644267e-02 -5.688620e-04 9.998646e-01 1.144934e+02
9.998366e-01 -5.880160e-04 1.806746e-02 -4.273359e+00 5.973998e-04 9.999997e-01 -5.139177e-04 -2.686702e+00 -1.806707e-02 5.246251e-04 9.998366e-01 1.157428e+02
9.998702e-01 6.164608e-04 -1.610133e-02 -4.342573e+00 -6.072986e-04 9.999997e-01 5.738417e-04 -2.714863e+00 1.610177e-02 -5.639910e-04 9.998701e-01 1.169879e+02
9.998560e-01 -5.324642e-04 1.695989e-02 -4.399578e+00 5.402897e-04 9.999997e-01 -4.567665e-04 -2.747316e+00 -1.695956e-02 4.658618e-04 9.998560e-01 1.183890e+02
9.998674e-01 6.195170e-04 -1.627043e-02 -4.504939e+00 -6.104538e-04 9.999997e-01 5.619200e-04 -2.778812e+00 1.627085e-02 -5.519153e-04 9.998674e-01 1.198348e+02
9.998569e-01 -5.467345e-04 1.690508e-02 -4.593393e+00 5.546722e-04 9.999997e-01 -4.647910e-04 -2.806870e+00 -1.690474e-02 4.740991e-04 9.998569e-01 1.211083e+02
9.999249e-01 4.879613e-04 -1.224017e-02 -4.641486e+00 -4.830127e-04 9.999998e-01 4.071483e-04 -2.832824e+00 1.224045e-02 -4.012077e-04 9.999249e-01 1.222282e+02
9.997049e-01 -7.782431e-04 2.427790e-02 -4.663329e+00 7.967734e-04 9.999994e-01 -7.535467e-04 -2.859612e+00 -2.427722e-02 7.726661e-04 9.997049e-01 1.233506e+02
9.999479e-01 4.328347e-04 -1.019756e-02 -4.682728e+00 -4.294770e-04 9.999999e-01 3.313218e-04 -2.888214e+00 1.019779e-02 -3.269271e-04 9.999479e-01 1.245438e+02
9.998885e-01 -4.932035e-04 1.492479e-02 -4.755469e+00 4.987474e-04 9.999998e-01 -3.676507e-04 -2.917221e+00 -1.492452e-02 3.750511e-04 9.998885e-01 1.258363e+02
9.999012e-01 5.643372e-04 -1.404482e-02 -4.786464e+00 -5.576968e-04 9.999997e-01 4.766262e-04 -2.947354e+00 1.404517e-02 -4.687486e-04 9.999012e-01 1.270952e+02
9.997946e-01 -6.496479e-04 2.025518e-02 -4.768243e+00 6.617080e-04 9.999996e-01 -5.886517e-04 -2.976183e+00 -2.025470e-02 6.019316e-04 9.997946e-01 1.282236e+02
9.998791e-01 5.973423e-04 -1.553371e-02 -4.809387e+00 -5.889508e-04 9.999997e-01 5.446927e-04 -3.004769e+00 1.553412e-02 -5.354805e-04 9.998791e-01 1.294415e+02
9.998535e-01 -5.461489e-04 1.710645e-02 -4.890646e+00 5.540233e-04 9.999997e-01 -4.555101e-04 -3.036683e+00 -1.710611e-02 4.649185e-04 9.998535e-01 1.308633e+02
9.998765e-01 6.027165e-04 -1.570531e-02 -4.957058e+00 -5.943268e-04 9.999997e-01 5.387693e-04 -3.066116e+00 1.570571e-02 -5.293708e-04 9.998764e-01 1.321556e+02
9.998022e-01 -6.409669e-04 1.987529e-02 -5.019747e+00 6.521907e-04 9.999996e-01 -5.581760e-04 -3.094013e+00 -1.987484e-02 5.710258e-04 9.998022e-01 1.333819e+02
9.998215e-01 7.055286e-04 -1.887817e-02 -5.077731e+00 -6.935127e-04 9.999996e-01 6.429661e-04 -3.120643e+00 1.887870e-02 -6.297612e-04 9.998215e-01 1.345440e+02
9.998224e-01 -6.083208e-04 1.883512e-02 -5.156768e+00 6.186488e-04 9.999997e-01 -5.424540e-04 -3.146932e+00 -1.883470e-02 5.540078e-04 9.998224e-01 1.357260e+02
9.997929e-01 7.518451e-04 -2.033384e-02 -5.206414e+00 -7.380648e-04 9.999995e-01 6.851363e-04 -3.167328e+00 2.033443e-02 -6.699889e-04 9.997929e-01 1.366044e+02
9.997784e-01 -6.943720e-04 2.103678e-02 -5.260148e+00 7.074107e-04 9.999996e-01 -6.123116e-04 -3.189821e+00 -2.103626e-02 6.270554e-04 9.997784e-01 1.375855e+02
9.997937e-01 7.562131e-04 -2.029651e-02 -5.315286e+00 -7.424411e-04 9.999995e-01 6.860012e-04 -3.211706e+00 2.029711e-02 -6.707929e-04 9.997937e-01 1.385452e+02
9.997578e-01 -7.370771e-04 2.199495e-02 -5.375008e+00 7.516954e-04 9.999995e-01 -6.563059e-04 -3.232591e+00 -2.199437e-02 6.726782e-04 9.997578e-01 1.394710e+02
9.997716e-01 8.047631e-04 -2.135605e-02 -5.443564e+00 -7.893305e-04 9.999994e-01 7.309925e-04 -3.255790e+00 2.135671e-02 -7.139706e-04 9.997716e-01 1.405069e+02
9.997706e-01 -7.167816e-04 2.140590e-02 -5.504201e+00 7.303745e-04 9.999995e-01 -6.271414e-04 -3.280452e+00 -2.140536e-02 6.426297e-04 9.997706e-01 1.415887e+02
9.997717e-01 8.217516e-04 -2.135064e-02 -5.544058e+00 -8.061058e-04 9.999994e-01 7.413397e-04 -3.307481e+00 2.135132e-02 -7.239617e-04 9.997717e-01 1.427333e+02
9.997610e-01 -7.346506e-04 2.185073e-02 -5.592685e+00 7.485235e-04 9.999995e-01 -6.266659e-04 -3.335417e+00 -2.185018e-02 6.428697e-04 9.997610e-01 1.439320e+02
9.998356e-01 6.916236e-04 -1.811646e-02 -5.640182e+00 -6.809851e-04 9.999996e-01 5.933210e-04 -3.357192e+00 1.811695e-02 -5.808885e-04 9.998356e-01 1.448786e+02
9.997169e-01 -8.031002e-04 2.378077e-02 -5.686340e+00 8.201117e-04 9.999994e-01 -7.055531e-04 -3.378883e+00 -2.378010e-02 7.248540e-04 9.997169e-01 1.458230e+02
9.997884e-01 7.917530e-04 -2.055240e-02 -5.672386e+00 -7.775637e-04 9.999995e-01 6.983118e-04 -3.402699e+00 2.055303e-02 -6.821854e-04 9.997885e-01 1.467457e+02
9.996896e-01 -8.436962e-04 2.489993e-02 -5.618912e+00 8.630707e-04 9.999993e-01 -7.673108e-04 -3.425721e+00 -2.489918e-02 7.885608e-04 9.996896e-01 1.475685e+02
9.997279e-01 8.804559e-04 -2.330872e-02 -5.598620e+00 -8.615882e-04 9.999993e-01 8.194441e-04 -3.448525e+00 2.330951e-02 -7.991407e-04 9.997279e-01 1.484353e+02
9.996909e-01 -8.420502e-04 2.484712e-02 -5.647067e+00 8.611342e-04 9.999993e-01 -7.573199e-04 -3.471599e+00 -2.484638e-02 7.784804e-04 9.996909e-01 1.494333e+02
9.997562e-01 8.294379e-04 -2.206160e-02 -5.629215e+00 -8.127893e-04 9.999994e-01 7.635396e-04 -3.493314e+00 2.206231e-02 -7.454242e-04 9.997562e-01 1.502612e+02
9.996836e-01 -8.461863e-04 2.513891e-02 -5.605294e+00 8.659448e-04 9.999993e-01 -7.750496e-04 -3.513583e+00 -2.513815e-02 7.965711e-04 9.996836e-01 1.510216e+02
9.997236e-01 8.766911e-04 -2.349222e-02 -5.665913e+00 -8.576126e-04 9.999993e-01 8.221252e-04 -3.535251e+00 2.349301e-02 -8.017528e-04 9.997236e-01 1.519832e+02
9.997008e-01 -8.255246e-04 2.444613e-02 -5.716968e+00 8.439699e-04 9.999994e-01 -7.441708e-04 -3.557392e+00 -2.444541e-02 7.645777e-04 9.997008e-01 1.529474e+02
9.997454e-01 8.538972e-04 -2.254714e-02 -5.751757e+00 -8.362344e-04 9.999993e-01 7.927318e-04 -3.581082e+00 2.254789e-02 -7.736773e-04 9.997454e-01 1.539478e+02
9.997096e-01 -8.069348e-04 2.408200e-02 -5.799756e+00 8.244651e-04 9.999994e-01 -7.179724e-04 -3.607248e+00 -2.408131e-02 7.376166e-04 9.997097e-01 1.550728e+02
9.997956e-01 7.836324e-04 -2.020102e-02 -5.843926e+00 -7.693964e-04 9.999995e-01 7.124122e-04 -3.635200e+00 2.020166e-02 -6.967260e-04 9.997956e-01 1.562666e+02
9.996820e-01 -8.368573e-04 2.520245e-02 -5.865837e+00 8.563431e-04 9.999993e-01 -7.623395e-04 -3.663305e+00 -2.520170e-02 7.836768e-04 9.996820e-01 1.574363e+02
9.996991e-01 9.104732e-04 -2.451255e-02 -5.945660e+00 -8.897872e-04 9.999992e-01 8.547323e-04 -3.688412e+00 2.451340e-02 -8.326662e-04 9.996991e-01 1.585729e+02
9.996235e-01 -9.012731e-04 2.742307e-02 -6.002178e+00 9.242746e-04 9.999992e-01 -8.260534e-04 -3.714664e+00 -2.742222e-02 8.510867e-04 9.996235e-01 1.597169e+02
9.997655e-01 8.208735e-04 -2.163647e-02 -6.026327e+00 -8.053489e-04 9.999994e-01 7.261608e-04 -3.740744e+00 2.163714e-02 -7.085677e-04 9.997656e-01 1.608012e+02
9.996195e-01 -9.211851e-04 2.756642e-02 -6.065502e+00 9.445909e-04 9.999992e-01 -8.360117e-04 -3.765613e+00 -2.756554e-02 8.617304e-04 9.996196e-01 1.618622e+02
9.996441e-01 9.875656e-04 -2.665693e-02 -6.110073e+00 -9.635883e-04 9.999991e-01 9.122562e-04 -3.788523e+00 2.665790e-02 -8.862474e-04 9.996442e-01 1.628431e+02
9.993584e-01 -1.186164e-03 3.579652e-02 -6.126305e+00 1.228017e-03 9.999986e-01 -1.147177e-03 -3.810819e+00 -3.579502e-02 1.190398e-03 9.993584e-01 1.637611e+02
9.998016e-01 7.592293e-04 -1.990307e-02 -6.136318e+00 -7.461603e-04 9.999995e-01 6.639811e-04 -3.833350e+00 1.990366e-02 -6.490006e-04 9.998016e-01 1.646917e+02
9.997213e-01 -7.852841e-04 2.359443e-02 -6.189564e+00 8.012747e-04 9.999995e-01 -6.682254e-04 -3.860210e+00 -2.359380e-02 6.869426e-04 9.997213e-01 1.658554e+02
9.998772e-01 6.416586e-04 -1.565565e-02 -6.180968e+00 -6.341581e-04 9.999997e-01 4.839604e-04 -3.888744e+00 1.565605e-02 -4.739750e-04 9.998773e-01 1.669864e+02
9.997162e-01 -7.975268e-04 2.380678e-02 -6.194028e+00 8.137779e-04 9.999994e-01 -6.728826e-04 -3.916338e+00 -2.380614e-02 6.920628e-04 9.997163e-01 1.681211e+02
9.997827e-01 7.964923e-04 -2.082787e-02 -6.256406e+00 -7.821484e-04 9.999995e-01 6.967517e-04 -3.943779e+00 2.082851e-02 -6.803121e-04 9.997828e-01 1.693242e+02
9.997536e-01 -7.333603e-04 2.218320e-02 -6.316450e+00 7.468472e-04 9.999995e-01 -5.996400e-04 -3.974680e+00 -2.218266e-02 6.160574e-04 9.997537e-01 1.706648e+02
9.997713e-01 8.156005e-04 -2.136740e-02 -6.360977e+00 -8.005469e-04 9.999994e-01 7.129889e-04 -4.004548e+00 2.136806e-02 -6.957224e-04 9.997714e-01 1.719362e+02
9.997720e-01 -7.383416e-04 2.134111e-02 -6.357229e+00 7.518284e-04 9.999995e-01 -6.238843e-04 -4.024950e+00 -2.134055e-02 6.397846e-04 9.997720e-01 1.727276e+02
9.997472e-01 8.638910e-04 -2.246490e-02 -6.370103e+00 -8.471821e-04 9.999994e-01 7.532183e-04 -4.046015e+00 2.246562e-02 -7.339982e-04 9.997473e-01 1.735770e+02
9.997218e-01 -8.112570e-04 2.357298e-02 -6.388665e+00 8.272895e-04 9.999994e-01 -6.703215e-04 -4.070652e+00 -2.357234e-02 6.896345e-04 9.997218e-01 1.745870e+02
9.997205e-01 8.990145e-04 -2.362119e-02 -6.403969e+00 -8.810009e-04 9.999993e-01 7.729353e-04 -4.091882e+00 2.362196e-02 -7.519112e-04 9.997206e-01 1.754472e+02
9.998553e-01 -6.159373e-04 1.699982e-02 -6.432386e+00 6.236468e-04 9.999997e-01 -4.481285e-04 -4.106203e+00 -1.699945e-02 4.586634e-04 9.998553e-01 1.760414e+02
9.998740e-01 6.456257e-04 -1.585942e-02 -6.465942e+00 -6.380041e-04 9.999997e-01 4.855378e-04 -4.126582e+00 1.585982e-02 -4.753604e-04 9.998740e-01 1.768973e+02
9.997907e-01 -7.105707e-04 2.044602e-02 -6.504325e+00 7.219218e-04 9.999996e-01 -5.477348e-04 -4.151421e+00 -2.044553e-02 5.623784e-04 9.997907e-01 1.779527e+02
9.998200e-01 7.497480e-04 -1.895636e-02 -6.556927e+00 -7.384940e-04 9.999995e-01 6.005972e-04 -4.175236e+00 1.895689e-02 -5.864920e-04 9.998201e-01 1.789879e+02
9.997758e-01 -7.761926e-04 2.115892e-02 -6.545390e+00 7.891955e-04 9.999995e-01 -6.061270e-04 -4.192334e+00 -2.115835e-02 6.226875e-04 9.997759e-01 1.796333e+02
9.997924e-01 8.193933e-04 -2.035607e-02 -6.551197e+00 -8.060674e-04 9.999995e-01 6.627653e-04 -4.211709e+00 2.035669e-02 -6.462215e-04 9.997925e-01 1.804022e+02
9.997407e-01 -8.149596e-04 2.275565e-02 -6.588615e+00 8.296206e-04 9.999995e-01 -6.347890e-04 -4.235236e+00 -2.275503e-02 6.535008e-04 9.997408e-01 1.814015e+02
9.997677e-01 8.547530e-04 -2.153268e-02 -6.608231e+00 -8.400622e-04 9.999994e-01 6.912227e-04 -4.256827e+00 2.153335e-02 -6.729754e-04 9.997678e-01 1.822864e+02
9.997212e-01 -8.386014e-04 2.359750e-02 -6.606601e+00 8.544122e-04 9.999994e-01 -6.598910e-04 -4.279776e+00 -2.359684e-02 6.798669e-04 9.997213e-01 1.831920e+02
9.997920e-01 8.149476e-04 -2.037905e-02 -6.606273e+00 -8.022511e-04 9.999995e-01 6.311105e-04 -4.301652e+00 2.037965e-02 -6.146322e-04 9.997921e-01 1.840567e+02
9.997634e-01 -7.759404e-04 2.173773e-02 -6.633144e+00 7.885331e-04 9.999995e-01 -5.706760e-04 -4.325283e+00 -2.173719e-02 5.876797e-04 9.997635e-01 1.850388e+02
9.997580e-01 8.762866e-04 -2.198034e-02 -6.629475e+00 -8.613603e-04 9.999994e-01 6.884677e-04 -4.349019e+00 2.198102e-02 -6.693702e-04 9.997581e-01 1.859694e+02
9.997366e-01 -8.234204e-04 2.293350e-02 -6.667842e+00 8.377429e-04 9.999995e-01 -6.148649e-04 -4.371864e+00 -2.293289e-02 6.339132e-04 9.997367e-01 1.869396e+02
9.997404e-01 9.184334e-04 -2.276319e-02 -6.719309e+00 -9.022182e-04 9.999993e-01 7.225359e-04 -4.399673e+00 2.276393e-02 -7.018130e-04 9.997406e-01 1.881343e+02
9.997380e-01 -8.109271e-04 2.287214e-02 -6.745499e+00 8.247252e-04 9.999995e-01 -5.937854e-04 -4.429505e+00 -2.287156e-02 6.124910e-04 9.997382e-01 1.893701e+02
9.997503e-01 8.986259e-04 -2.232679e-02 -6.790324e+00 -8.832164e-04 9.999994e-01 6.999677e-04 -4.457679e+00 2.232750e-02 -6.800755e-04 9.997504e-01 1.905700e+02
9.997697e-01 -7.770087e-04 2.144491e-02 -6.856990e+00 7.900172e-04 9.999995e-01 -5.980736e-04 -4.480341e+00 -2.144434e-02 6.148756e-04 9.997698e-01 1.915755e+02
9.997667e-01 8.723525e-04 -2.157863e-02 -6.942969e+00 -8.576751e-04 9.999994e-01 6.893622e-04 -4.505004e+00 2.157931e-02 -6.706960e-04 9.997668e-01 1.927009e+02
9.997312e-01 -8.336311e-04 2.316921e-02 -7.043838e+00 8.482477e-04 9.999994e-01 -6.209848e-04 -4.532406e+00 -2.316859e-02 6.404691e-04 9.997313e-01 1.939695e+02
9.997483e-01 9.245682e-04 -2.241360e-02 -7.154281e+00 -9.082938e-04 9.999993e-01 7.361992e-04 -4.564921e+00 2.241435e-02 -7.156578e-04 9.997484e-01 1.954660e+02
9.997189e-01 -8.615158e-04 2.369107e-02 -7.241913e+00 8.769354e-04 9.999994e-01 -6.404213e-04 -4.593617e+00 -2.369041e-02 6.610148e-04 9.997191e-01 1.967651e+02
9.997442e-01 9.215958e-04 -2.259822e-02 -7.313821e+00 -9.054423e-04 9.999993e-01 7.249714e-04 -4.619827e+00 2.259896e-02 -7.043266e-04 9.997443e-01 1.979344e+02
9.997449e-01 -8.157927e-04 2.256848e-02 -7.406498e+00 8.298836e-04 9.999995e-01 -6.149454e-04 -4.646917e+00 -2.256788e-02 6.335157e-04 9.997450e-01 1.991744e+02
9.997448e-01 8.947854e-04 -2.257134e-02 -7.530114e+00 -8.792493e-04 9.999994e-01 6.981656e-04 -4.670036e+00 2.257204e-02 -6.781435e-04 9.997449e-01 2.003019e+02
9.997239e-01 -8.288487e-04 2.348239e-02 -7.631764e+00 8.432896e-04 9.999995e-01 -6.050155e-04 -4.697829e+00 -2.348178e-02 6.246489e-04 9.997240e-01 2.015872e+02
9.997169e-01 9.504928e-04 -2.377315e-02 -7.715675e+00 -9.335005e-04 9.999993e-01 7.257960e-04 -4.726520e+00 2.377392e-02 -7.034002e-04 9.997170e-01 2.028760e+02
9.997338e-01 -8.263268e-04 2.305801e-02 -7.825802e+00 8.408556e-04 9.999995e-01 -6.203537e-04 -4.751240e+00 -2.305740e-02 6.395750e-04 9.997339e-01 2.040439e+02
9.997206e-01 9.502547e-04 -2.361499e-02 -8.055445e+00 -9.343005e-04 9.999993e-01 6.865638e-04 -4.766476e+00 2.361572e-02 -6.643104e-04 9.997208e-01 2.049913e+02
9.997495e-01 -8.124551e-04 2.236437e-02 -8.238720e+00 8.257737e-04 9.999995e-01 -5.862431e-04 -4.782345e+00 -2.236379e-02 6.045621e-04 9.997496e-01 2.058899e+02
9.997036e-01 9.818791e-04 -2.432468e-02 -8.318804e+00 -9.643008e-04 9.999993e-01 7.343135e-04 -4.805644e+00 2.432548e-02 -7.106415e-04 9.997038e-01 2.069427e+02
9.997299e-01 -8.614592e-04 2.322544e-02 -8.415718e+00 8.763400e-04 9.999994e-01 -6.304884e-04 -4.825137e+00 -2.322479e-02 6.506695e-04 9.997300e-01 2.078647e+02
9.997227e-01 9.715872e-04 -2.352595e-02 -8.615798e+00 -9.555970e-04 9.999993e-01 6.908575e-04 -4.840474e+00 2.352669e-02 -6.681865e-04 9.997229e-01 2.087712e+02
9.997354e-01 -8.691060e-04 2.298584e-02 -8.721371e+00 8.829315e-04 9.999994e-01 -5.912830e-04 -4.863639e+00 -2.298522e-02 6.114195e-04 9.997355e-01 2.098688e+02
9.997118e-01 1.001402e-03 -2.398460e-02 -8.785047e+00 -9.843495e-04 9.999993e-01 7.227225e-04 -4.887841e+00 2.398540e-02 -6.989069e-04 9.997120e-01 2.109345e+02
9.997793e-01 -8.115022e-04 2.099101e-02 -8.829199e+00 8.225197e-04 9.999995e-01 -5.161842e-04 -4.909640e+00 -2.099049e-02 5.333339e-04 9.997795e-01 2.118555e+02
9.994870e-01 1.283217e-03 -3.199957e-02 -8.871010e+00 -1.250565e-03 9.999987e-01 1.040347e-03 -4.929693e+00 3.200095e-02 -9.997975e-04 9.994873e-01 2.126964e+02
9.995198e-01 -1.144832e-03 3.096388e-02 -8.915881e+00 1.172955e-03 9.999989e-01 -8.900683e-04 -4.951819e+00 -3.096274e-02 9.259583e-04 9.995200e-01 2.136430e+02
9.995050e-01 1.252865e-03 -3.143300e-02 -8.997966e+00 -1.222120e-03 9.999988e-01 9.972556e-04 -4.971048e+00 3.143431e-02 -9.583488e-04 9.995053e-01 2.145329e+02
9.995219e-01 -1.147015e-03 3.089637e-02 -9.071141e+00 1.174696e-03 9.999989e-01 -8.777569e-04 -4.991873e+00 -3.089524e-02 9.136293e-04 9.995221e-01 2.154760e+02
9.995046e-01 1.272254e-03 -3.144540e-02 -9.128526e+00 -1.241097e-03 9.999987e-01 1.010295e-03 -5.015725e+00 3.144674e-02 -9.707697e-04 9.995049e-01 2.165179e+02
9.995460e-01 -1.123859e-03 3.010933e-02 -9.153081e+00 1.149915e-03 9.999990e-01 -8.480275e-04 -5.038614e+00 -3.010825e-02 8.822638e-04 9.995462e-01 2.174604e+02
9.993876e-01 1.379003e-03 -3.496352e-02 -9.112038e+00 -1.339832e-03 9.999984e-01 1.143689e-03 -5.061138e+00 3.496513e-02 -1.096146e-03 9.993879e-01 2.182543e+02
9.996346e-01 -1.045975e-03 2.700916e-02 -9.003178e+00 1.065726e-03 9.999992e-01 -7.168727e-04 -5.083868e+00 -2.700830e-02 7.453933e-04 9.996349e-01 2.189471e+02
9.995212e-01 1.271871e-03 -3.091588e-02 -8.776342e+00 -1.242102e-03 9.999987e-01 9.820533e-04 -5.109779e+00 3.091719e-02 -9.431840e-04 9.995214e-01 2.196033e+02
9.995514e-01 -1.136770e-03 2.992698e-02 -8.487202e+00 1.161471e-03 9.999990e-01 -8.079639e-04 -5.138340e+00 -2.992594e-02 8.423591e-04 9.995517e-01 2.202835e+02
9.995557e-01 1.238841e-03 -2.977944e-02 -8.456413e+00 -1.211374e-03 9.999988e-01 9.403071e-04 -5.164454e+00 2.978066e-02 -9.038169e-04 9.995560e-01 2.212687e+02
9.995398e-01 -1.152840e-03 3.031112e-02 -8.386308e+00 1.178092e-03 9.999990e-01 -8.152278e-04 -5.191967e+00 -3.031006e-02 8.505602e-04 9.995401e-01 2.222456e+02
9.995327e-01 1.266266e-03 -3.053968e-02 -8.228673e+00 -1.237641e-03 9.999988e-01 9.561472e-04 -5.219891e+00 3.054095e-02 -9.179048e-04 9.995330e-01 2.231044e+02
9.995859e-01 -1.118571e-03 2.875308e-02 -8.157035e+00 1.141852e-03 9.999990e-01 -7.932645e-04 -5.242106e+00 -2.875207e-02 8.257661e-04 9.995862e-01 2.238532e+02
9.995656e-01 1.235379e-03 -2.944550e-02 -8.089378e+00 -1.208521e-03 9.999988e-01 9.298714e-04 -5.266528e+00 2.944670e-02 -8.938836e-04 9.995659e-01 2.247094e+02
9.995782e-01 -1.087551e-03 2.902098e-02 -7.508372e+00 1.109438e-03 9.999991e-01 -7.380477e-04 -5.304821e+00 -2.902006e-02 7.699317e-04 9.995785e-01 2.253646e+02
9.996451e-01 1.155885e-03 -2.661231e-02 -6.708516e+00 -1.133011e-03 9.999990e-01 8.745649e-04 -5.351726e+00 2.661338e-02 -8.441041e-04 9.996454e-01 2.260533e+02
9.995868e-01 -1.109671e-03 2.872300e-02 -6.066483e+00 1.131796e-03 9.999991e-01 -7.540099e-04 -5.390480e+00 -2.872205e-02 7.862053e-04 9.995871e-01 2.266397e+02
9.996223e-01 1.152433e-03 -2.745606e-02 -5.729187e+00 -1.129512e-03 9.999990e-01 8.502794e-04 -5.417987e+00 2.745710e-02 -8.189479e-04 9.996226e-01 2.272218e+02
9.996442e-01 -1.002319e-03 2.665467e-02 -5.135660e+00 1.019460e-03 9.999993e-01 -6.294711e-04 -5.458269e+00 -2.665393e-02 6.564189e-04 9.996444e-01 2.279510e+02
9.995453e-01 1.287844e-03 -3.012292e-02 -4.251413e+00 -1.257504e-03 9.999987e-01 1.026089e-03 -5.509777e+00 3.012429e-02 -9.877442e-04 9.995456e-01 2.286831e+02
9.996371e-01 -9.840827e-04 2.691836e-02 -2.967032e+00 9.995481e-04 9.999993e-01 -5.610458e-04 -5.572962e+00 -2.691770e-02 5.877469e-04 9.996374e-01 2.293106e+02
9.995516e-01 1.320765e-03 -2.991443e-02 -1.408266e+00 -1.289531e-03 9.999986e-01 1.063343e-03 -5.642972e+00 2.991588e-02 -1.024292e-03 9.995518e-01 2.298305e+02
9.996686e-01 -9.206254e-04 2.572445e-02 4.921113e-01 9.322332e-04 9.999995e-01 -4.392158e-04 -5.724008e+00 -2.572394e-02 4.630500e-04 9.996689e-01 2.302930e+02
9.995408e-01 1.340576e-03 -3.027019e-02 2.301713e+00 -1.309157e-03 9.999986e-01 1.057718e-03 -5.804116e+00 3.027166e-02 -1.017605e-03 9.995411e-01 2.308379e+02
9.996648e-01 -9.305964e-04 2.587192e-02 4.156564e+00 9.419399e-04 9.999995e-01 -4.262342e-04 -5.887838e+00 -2.587142e-02 4.504598e-04 9.996651e-01 2.314624e+02
9.995628e-01 1.364164e-03 -2.953387e-02 6.318911e+00 -1.332683e-03 9.999985e-01 1.085554e-03 -5.981367e+00 2.953540e-02 -1.045721e-03 9.995631e-01 2.320452e+02
9.996392e-01 -1.016735e-03 2.684126e-02 8.143667e+00 1.030959e-03 9.999993e-01 -5.160737e-04 -6.064240e+00 -2.684063e-02 5.435585e-04 9.996395e-01 2.326993e+02
9.995574e-01 1.344940e-03 -2.971666e-02 9.549012e+00 -1.315505e-03 9.999986e-01 1.010043e-03 -6.135449e+00 2.971806e-02 -9.705049e-04 9.995578e-01 2.334844e+02
9.995953e-01 -1.087408e-03 2.842406e-02 1.086785e+01 1.104804e-03 9.999992e-01 -5.962988e-04 -6.204308e+00 -2.842330e-02 6.274594e-04 9.995957e-01 2.343039e+02
9.994969e-01 1.431941e-03 -3.168307e-02 1.219096e+01 -1.398194e-03 9.999984e-01 1.087226e-03 -6.274673e+00 3.168467e-02 -1.042381e-03 9.994973e-01 2.351657e+02
9.996215e-01 -1.081611e-03 2.748854e-02 1.334008e+01 1.098489e-03 9.999992e-01 -5.989144e-04 -6.338989e+00 -2.748778e-02 6.288826e-04 9.996219e-01 2.360254e+02
9.995370e-01 1.386978e-03 -3.039281e-02 1.452150e+01 -1.356267e-03 9.999985e-01 1.031070e-03 -6.402356e+00 3.039429e-02 -9.893724e-04 9.995374e-01 2.368126e+02
9.996044e-01 -1.130201e-03 2.810300e-02 1.553766e+01 1.148890e-03 9.999991e-01 -6.488570e-04 -6.459197e+00 -2.810216e-02 6.808866e-04 9.996047e-01 2.375868e+02
9.994592e-01 1.509212e-03 -3.284732e-02 1.678575e+01 -1.471629e-03 9.999982e-01 1.168298e-03 -6.523460e+00 3.284911e-02 -1.119328e-03 9.994596e-01 2.382861e+02
9.995847e-01 -1.153120e-03 2.879215e-02 1.815838e+01 1.172086e-03 9.999991e-01 -6.418305e-04 -6.592498e+00 -2.879130e-02 6.753101e-04 9.995851e-01 2.390055e+02
9.994816e-01 1.488532e-03 -3.215842e-02 1.947018e+01 -1.453153e-03 9.999983e-01 1.123474e-03 -6.658997e+00 3.216013e-02 -1.076162e-03 9.994821e-01 2.397168e+02
9.995517e-01 -1.173994e-03 2.991557e-02 2.104462e+01 1.193479e-03 9.999991e-01 -6.334867e-04 -6.732004e+00 -2.991472e-02 6.689056e-04 9.995522e-01 2.403203e+02
9.994770e-01 1.557744e-03 -3.230047e-02 2.308677e+01 -1.519058e-03 9.999981e-01 1.222183e-03 -6.819377e+00 3.230240e-02 -1.172478e-03 9.994774e-01 2.408325e+02
9.995125e-01 -1.257999e-03 3.119476e-02 2.495568e+01 1.280521e-03 9.999989e-01 -7.020115e-04 -6.901007e+00 -3.119375e-02 7.416141e-04 9.995130e-01 2.413765e+02
9.994214e-01 1.680984e-03 -3.396944e-02 2.716164e+01 -1.636423e-03 9.999978e-01 1.339544e-03 -6.992384e+00 3.397171e-02 -1.283181e-03 9.994219e-01 2.418106e+02
9.995340e-01 -1.230154e-03 3.049900e-02 2.956296e+01 1.249992e-03 9.999990e-01 -6.313962e-04 -7.090806e+00 -3.049811e-02 6.692250e-04 9.995345e-01 2.422394e+02
9.994466e-01 1.658345e-03 -3.322229e-02 3.188286e+01 -1.616167e-03 9.999979e-01 1.296371e-03 -7.188041e+00 3.322445e-02 -1.241961e-03 9.994471e-01 2.427479e+02
9.995551e-01 -1.211907e-03 2.980023e-02 3.435522e+01 1.229476e-03 9.999991e-01 -5.712066e-04 -7.288874e+00 -2.979942e-02 6.075907e-04 9.995556e-01 2.431797e+02
9.994629e-01 1.663262e-03 -3.272663e-02 3.684563e+01 -1.622217e-03 9.999979e-01 1.280659e-03 -7.391347e+00 3.272878e-02 -1.226882e-03 9.994634e-01 2.436569e+02
9.995532e-01 -1.275381e-03 2.986210e-02 3.897186e+01 1.294742e-03 9.999990e-01 -6.290147e-04 -7.482982e+00 -2.986118e-02 6.673971e-04 9.995538e-01 2.442334e+02
9.994698e-01 1.667587e-03 -3.251569e-02 4.105067e+01 -1.627768e-03 9.999979e-01 1.251030e-03 -7.571861e+00 3.251780e-02 -1.197439e-03 9.994704e-01 2.447632e+02
9.995631e-01 -1.270649e-03 2.952796e-02 4.321924e+01 1.288869e-03 9.999990e-01 -5.979971e-04 -7.663193e+00 -2.952708e-02 6.357933e-04 9.995637e-01 2.452569e+02
9.994419e-01 1.721182e-03 -3.335992e-02 4.550280e+01 -1.679141e-03 9.999978e-01 1.288191e-03 -7.755506e+00 3.336215e-02 -1.231456e-03 9.994425e-01 2.456213e+02
9.995944e-01 -1.275167e-03 2.844984e-02 4.753903e+01 1.292702e-03 9.999990e-01 -5.979667e-04 -7.839174e+00 -2.844897e-02 6.345014e-04 9.995950e-01 2.459871e+02
9.994570e-01 1.674707e-03 -3.290576e-02 4.925835e+01 -1.636727e-03 9.999980e-01 1.181101e-03 -7.909355e+00 3.290776e-02 -1.126602e-03 9.994577e-01 2.462683e+02
9.995686e-01 -1.325915e-03 2.933996e-02 5.088224e+01 1.345221e-03 9.999989e-01 -6.382628e-04 -7.977759e+00 -2.933900e-02 6.774563e-04 9.995692e-01 2.466245e+02
9.994354e-01 1.729021e-03 -3.355329e-02 5.266968e+01 -1.688572e-03 9.999978e-01 1.233803e-03 -8.050649e+00 3.355543e-02 -1.176449e-03 9.994361e-01 2.469192e+02
9.995514e-01 -1.348174e-03 2.991749e-02 5.453525e+01 1.367946e-03 9.999989e-01 -6.404223e-04 -8.127202e+00 -2.991651e-02 6.810608e-04 9.995521e-01 2.472493e+02
9.994663e-01 1.698547e-03 -3.262214e-02 5.631260e+01 -1.661136e-03 9.999979e-01 1.173857e-03 -8.200454e+00 3.262415e-02 -1.119040e-03 9.994670e-01 2.475817e+02
