9.999999e-01 8.081055e-05 -4.629378e-04 -4.412501e-02 -8.077363e-05 1.000000e+00 7.971992e-05 -2.174047e-02 4.629442e-04 -7.968203e-05 9.999998e-01 9.311586e-01
9.999838e-01 2.160869e-04 -5.686719e-03 -8.182227e-02 -2.148570e-04 1.000000e+00 2.168894e-04 -4.281918e-02 5.686765e-03 -2.156635e-04 9.999837e-01 1.817485e+00
9.999856e-01 2.709335e-04 -5.360093e-03 -1.130221e-01 -2.694488e-04 9.999999e-01 2.777008e-04 -6.324568e-02 5.360166e-03 -2.762520e-04 9.999855e-01 2.649722e+00
9.998465e-01 6.024927e-04 -1.751250e-02 -1.232593e-01 -5.905618e-04 9.999996e-01 6.864408e-04 -7.960344e-02 1.751290e-02 -6.759926e-04 9.998463e-01 3.291071e+00
9.999504e-01 4.237483e-04 -9.948768e-03 -1.510598e-01 -4.191559e-04 9.999998e-01 4.636834e-04 -9.576755e-02 9.948955e-03 -4.594896e-04 9.999503e-01 3.945220e+00
9.999631e-01 3.115164e-04 -8.584885e-03 -2.144622e-01 -3.087990e-04 9.999999e-01 3.178515e-04 -1.115419e-01 8.584974e-03 -3.151879e-04 9.999630e-01 4.655605e+00
9.999878e-01 2.208796e-04 -4.941464e-03 -3.109158e-01 -2.196039e-04 9.999999e-01 2.586953e-04 -1.176207e-01 4.941511e-03 -2.576061e-04 9.999877e-01 5.040578e+00
1.000000e+00 2.352135e-05 2.901997e-04 -3.416597e-01 -2.350952e-05 1.000000e+00 -4.052472e-05 -1.370821e-01 -2.902111e-04 4.051881e-05 9.999999e-01 5.851607e+00
9.999670e-01 3.577222e-04 -8.115751e-03 -3.897461e-01 -3.544610e-04 9.999999e-01 4.032646e-04 -1.595095e-01 8.115883e-03 -4.003736e-04 9.999669e-01 6.788828e+00
9.997604e-01 7.570121e-04 -2.187478e-02 -4.199148e-01 -7.384767e-04 9.999994e-01 8.554037e-04 -1.731582e-01 2.187540e-02 -8.390437e-04 9.997603e-01 7.345117e+00
9.998766e-01 -4.578339e-04 1.570433e-02 -4.545066e-01 4.666560e-04 9.999997e-01 -5.580929e-04 -1.916493e-01 -1.570409e-02 5.653537e-04 9.998764e-01 8.128841e+00
9.998930e-01 4.782506e-04 -1.461954e-02 -5.034139e-01 -4.698129e-04 9.999997e-01 5.805739e-04 -2.094801e-01 1.461979e-02 -5.736422e-04 9.998929e-01 8.907021e+00
9.999056e-01 -3.738929e-04 1.373551e-02 -5.585755e-01 3.807911e-04 9.999998e-01 -4.995957e-04 -2.302935e-01 -1.373533e-02 5.047800e-04 9.999054e-01 9.816477e+00
9.998461e-01 6.283843e-04 -1.753279e-02 -6.235575e-01 -6.162255e-04 9.999996e-01 6.988791e-04 -2.550844e-01 1.753320e-02 -6.879663e-04 9.998459e-01 1.090096e+01
9.999945e-01 1.918186e-04 -3.309914e-03 -6.879534e-01 -1.911356e-04 1.000000e+00 2.066145e-04 -2.731491e-01 3.309936e-03 -2.059795e-04 9.999944e-01 1.167973e+01
9.998588e-01 5.442161e-04 -1.679769e-02 -6.841466e-01 -5.332887e-04 9.999996e-01 6.549956e-04 -2.794407e-01 1.679802e-02 -6.459438e-04 9.998586e-01 1.190691e+01
9.999792e-01 -1.606779e-04 6.451201e-03 -7.130609e-01 1.617629e-04 1.000000e+00 -1.676410e-04 -2.772241e-01 -6.451195e-03 1.686824e-04 9.999791e-01 1.183528e+01
9.994789e-01 1.098445e-03 -3.226019e-02 -7.696613e-01 -1.056200e-03 9.999986e-01 1.326517e-03 -2.729210e-01 3.226158e-02 -1.291751e-03 9.994785e-01 1.172270e+01
9.999733e-01 -2.060368e-04 7.305163e-03 -7.797721e-01 2.078111e-04 9.999999e-01 -2.420947e-04 -2.766686e-01 -7.305138e-03 2.436078e-04 9.999732e-01 1.185084e+01
9.996142e-01 9.501831e-04 -2.775893e-02 -7.706117e-01 -9.192982e-04 9.999989e-01 1.125342e-03 -2.836639e-01 2.775995e-02 -1.099387e-03 9.996139e-01 1.210032e+01
9.996329e-01 -9.056352e-04 2.707958e-02 -7.653910e-01 9.333639e-04 9.999991e-01 -1.011339e-03 -2.885866e-01 -2.707867e-02 1.036245e-03 9.996327e-01 1.229996e+01
9.994216e-01 1.208571e-03 -3.398575e-02 -7.828335e-01 -1.162690e-03 9.999984e-01 1.369753e-03 -2.925077e-01 3.398732e-02 -1.329444e-03 9.994213e-01 1.247092e+01
9.997978e-01 -6.707914e-04 2.009841e-02 -8.335161e-01 6.856081e-04 9.999995e-01 -7.303074e-04 -2.957565e-01 -2.009794e-02 7.439410e-04 9.997976e-01 1.266661e+01
9.995389e-01 1.071683e-03 -3.034575e-02 -6.967304e-01 -1.035327e-03 9.999987e-01 1.213737e-03 -3.092427e-01 3.034698e-02 -1.181758e-03 9.995386e-01 1.294387e+01
9.999834e-01 -2.151514e-04 5.762737e-03 -5.071402e-01 2.157779e-04 1.000000e+00 -1.080259e-04 -3.154588e-01 -5.762746e-03 1.092694e-04 9.999833e-01 1.289856e+01
9.997693e-01 8.305065e-04 -2.146294e-02 -5.174954e-01 -8.138849e-04 9.999994e-01 7.831419e-04 -3.336830e-01 2.146354e-02 -7.654910e-04 9.997692e-01 1.361700e+01
9.997890e-01 -7.004723e-04 2.053177e-02 -5.265096e-01 7.142924e-04 9.999995e-01 -6.657643e-04 -3.575330e-01 -2.053132e-02 6.802913e-04 9.997889e-01 1.457265e+01
9.997725e-01 8.067785e-04 -2.131588e-02 -2.822923e-01 -7.900967e-04 9.999994e-01 7.909950e-04 -3.774284e-01 2.131647e-02 -7.739716e-04 9.997724e-01 1.497141e+01
9.997790e-01 -7.316579e-04 2.101068e-02 -7.698814e-02 7.458665e-04 9.999995e-01 -6.684067e-04 -3.925417e-01 -2.101022e-02 6.839321e-04 9.997789e-01 1.525212e+01
9.997813e-01 8.296798e-04 -2.089668e-02 -3.768817e-01 -8.154624e-04 9.999994e-01 6.888588e-04 -3.814991e-01 2.089721e-02 -6.716658e-04 9.997813e-01 1.524725e+01
9.997631e-01 -6.598767e-04 2.175731e-02 -9.079088e-01 6.734153e-04 9.999996e-01 -6.149210e-04 -3.459459e-01 -2.175693e-02 6.294289e-04 9.997630e-01 1.461434e+01
9.997733e-01 8.163094e-04 -2.127644e-02 -1.378113e+00 -8.020327e-04 9.999994e-01 6.795184e-04 -3.169480e-01 2.127694e-02 -6.622981e-04 9.997733e-01 1.414965e+01
9.997825e-01 -7.120760e-04 2.084083e-02 -1.631994e+00 7.257478e-04 9.999995e-01 -6.484353e-04 -3.133271e-01 -2.084039e-02 6.634214e-04 9.997825e-01 1.436451e+01
9.997687e-01 9.059105e-04 -2.148739e-02 -2.055135e+00 -8.882888e-04 9.999993e-01 8.296112e-04 -2.791398e-01 2.148809e-02 -8.103304e-04 9.997687e-01 1.362652e+01
9.997726e-01 -7.231303e-04 2.131114e-02 -2.520804e+00 7.384509e-04 9.999995e-01 -7.110208e-04 -2.480147e-01 -2.131065e-02 7.265982e-04 9.997725e-01 1.306431e+01
9.997768e-01 9.100108e-04 -2.110770e-02 -3.048955e+00 -8.932953e-04 9.999993e-01 8.013153e-04 -2.142915e-01 2.110838e-02 -7.822792e-04 9.997768e-01 1.249317e+01
9.997661e-01 -7.195617e-04 2.161537e-02 -3.620165e+00 7.350750e-04 9.999995e-01 -7.097410e-04 -1.771363e-01 -2.161489e-02 7.254658e-04 9.997660e-01 1.185185e+01
9.997600e-01 9.000668e-04 -2.188683e-02 -4.115850e+00 -8.833330e-04 9.999993e-01 7.742013e-04 -1.511506e-01 2.188748e-02 -7.546803e-04 9.997601e-01 1.152522e+01
9.997929e-01 -7.388751e-04 2.033882e-02 -4.467384e+00 7.535778e-04 9.999995e-01 -7.152155e-04 -1.423042e-01 -2.033832e-02 7.303961e-04 9.997928e-01 1.165867e+01
9.997811e-01 8.716569e-04 -2.090217e-02 -4.779463e+00 -8.565879e-04 9.999994e-01 7.298534e-04 -1.418938e-01 2.090276e-02 -7.117873e-04 9.997812e-01 1.208193e+01
9.997817e-01 -7.838532e-04 2.087877e-02 -4.957323e+00 7.984035e-04 9.999994e-01 -6.885477e-04 -1.543312e-01 -2.087825e-02 7.050690e-04 9.997817e-01 1.283767e+01
9.997984e-01 8.267443e-04 -2.006334e-02 -5.060835e+00 -8.121747e-04 9.999994e-01 7.343036e-04 -1.722488e-01 2.006390e-02 -7.178587e-04 9.997983e-01 1.371430e+01
9.997695e-01 -8.068815e-04 2.145267e-02 -5.170639e+00 8.220660e-04 9.999994e-01 -6.989899e-04 -1.896162e-01 -2.145213e-02 7.164662e-04 9.997695e-01 1.458156e+01
9.998014e-01 8.231019e-04 -1.991110e-02 -5.249487e+00 -8.083514e-04 9.999994e-01 7.488378e-04 -2.104013e-01 1.991167e-02 -7.325920e-04 9.998014e-01 1.553979e+01
9.997257e-01 -8.756254e-04 2.340379e-02 -5.381383e+00 8.944464e-04 9.999993e-01 -7.937121e-04 -2.242940e-01 -2.340311e-02 8.144297e-04 9.997257e-01 1.630492e+01
9.997627e-01 9.047359e-04 -2.176515e-02 -5.459411e+00 -8.865964e-04 9.999993e-01 8.430399e-04 -2.477128e-01 2.176586e-02 -8.235410e-04 9.997627e-01 1.736962e+01
9.997832e-01 -7.916457e-04 2.080848e-02 -5.558262e+00 8.082459e-04 9.999994e-01 -7.893457e-04 -2.632218e-01 -2.080788e-02 8.059948e-04 9.997831e-01 1.812741e+01
9.996299e-01 1.133441e-03 -2.718074e-02 -5.913708e+00 -1.103453e-03 9.999988e-01 1.118240e-03 -2.484120e-01 2.718194e-02 -1.087832e-03 9.996298e-01 1.802338e+01
9.998262e-01 -7.271417e-04 1.862645e-02 -6.216502e+00 7.394535e-04 9.999995e-01 -6.540810e-04 -2.312128e-01 -1.862600e-02 6.677427e-04 9.998262e-01 1.776866e+01
9.992753e-01 1.505244e-03 -3.803403e-02 -6.411879e+00 -1.445996e-03 9.999977e-01 1.585211e-03 -2.199725e-01 3.803629e-02 -1.529063e-03 9.992751e-01 1.759692e+01
9.999802e-01 -3.545487e-04 6.288400e-03 -6.477180e+00 3.558478e-04 9.999999e-01 -2.053823e-04 -2.217429e-01 -6.288366e-03 2.076181e-04 9.999801e-01 1.773788e+01
9.992974e-01 1.496260e-03 -3.744851e-02 -6.517681e+00 -1.439696e-03 9.999978e-01 1.537346e-03 -2.299632e-01 3.745068e-02 -1.482349e-03 9.992973e-01 1.807434e+01
9.999960e-01 -2.308538e-04 2.804233e-03 -6.586589e+00 2.310331e-04 1.000000e+00 -6.339520e-05 -2.356570e-01 -2.804264e-03 6.404517e-05 9.999960e-01 1.836198e+01
9.992687e-01 1.543149e-03 -3.820490e-02 -6.673016e+00 -1.484617e-03 9.999977e-01 1.560359e-03 -2.443808e-01 3.820717e-02 -1.502496e-03 9.992686e-01 1.877074e+01
9.999141e-01 3.265096e-04 -1.310122e-02 -6.783875e+00 -3.187785e-04 9.999998e-01 5.921341e-04 -2.481599e-01 1.310136e-02 -5.879043e-04 9.999139e-01 1.905635e+01
9.991581e-01 1.615265e-03 -4.099299e-02 -6.865544e+00 -1.547226e-03 9.999974e-01 1.691427e-03 -2.513507e-01 4.099555e-02 -1.626575e-03 9.991579e-01 1.925961e+01
9.998765e-01 4.134984e-04 -1.570746e-02 -6.944974e+00 -4.023486e-04 9.999997e-01 7.129313e-04 -2.531222e-01 1.570769e-02 -7.065206e-04 9.998763e-01 1.940223e+01
9.990477e-01 1.711262e-03 -4.359644e-02 -7.044223e+00 -1.633767e-03 9.999970e-01 1.813077e-03 -2.544353e-01 4.359935e-02 -1.740121e-03 9.990475e-01 1.954908e+01
9.998965e-01 3.900842e-04 -1.438342e-02 -7.146698e+00 -3.811187e-04 9.999997e-01 6.259689e-04 -2.574473e-01 1.438359e-02 -6.204193e-04 9.998963e-01 1.978094e+01
9.990121e-01 1.737029e-03 -4.440468e-02 -7.250471e+00 -1.655990e-03 9.999969e-01 1.861689e-03 -2.599480e-01 4.440770e-02 -1.786313e-03 9.990118e-01 1.998747e+01
9.998883e-01 4.039706e-04 -1.494185e-02 -7.352459e+00 -3.943670e-04 9.999997e-01 6.455643e-04 -2.620092e-01 1.494203e-02 -6.395964e-04 9.998881e-01 2.017540e+01
9.989623e-01 1.771628e-03 -4.550934e-02 -7.439625e+00 -1.686254e-03 9.999967e-01 1.914250e-03 -2.647890e-01 4.551250e-02 -1.835520e-03 9.989620e-01 2.036315e+01
9.999290e-01 2.961900e-04 -1.190877e-02 -7.511103e+00 -2.900395e-04 9.999998e-01 5.180327e-04 -2.672235e-01 1.190883e-02 -5.145386e-04 9.999289e-01 2.052377e+01
9.991028e-01 1.642047e-03 -4.231811e-02 -7.560412e+00 -1.568397e-03 9.999972e-01 1.773488e-03 -2.715993e-01 4.232081e-02 -1.705522e-03 9.991025e-01 2.071646e+01
9.997970e-01 6.000322e-04 -2.013689e-02 -7.649952e+00 -5.827160e-04 9.999995e-01 8.656715e-04 -2.739465e-01 2.013731e-02 -8.537583e-04 9.997968e-01 2.089263e+01
9.992998e-01 1.466657e-03 -3.738460e-02 -7.715151e+00 -1.409477e-03 9.999978e-01 1.555744e-03 -2.778156e-01 3.738671e-02 -1.501958e-03 9.992997e-01 2.109734e+01
9.998590e-01 4.631472e-04 -1.678482e-02 -7.762520e+00 -4.508542e-04 9.999996e-01 7.360197e-04 -2.808780e-01 1.678506e-02 -7.283451e-04 9.998588e-01 2.124141e+01
9.993724e-01 1.375771e-03 -3.539652e-02 -7.782608e+00 -1.322759e-03 9.999980e-01 1.520977e-03 -2.816259e-01 3.539844e-02 -1.473198e-03 9.993721e-01 2.126960e+01
9.999104e-01 3.568618e-04 -1.338038e-02 -7.824153e+00 -3.490469e-04 9.999998e-01 5.861825e-04 -2.814028e-01 1.338049e-02 -5.814563e-04 9.999102e-01 2.129613e+01
9.995692e-01 1.148384e-03 -2.932523e-02 -7.818925e+00 -1.111598e-03 9.999986e-01 1.270575e-03 -2.818395e-01 2.932655e-02 -1.237427e-03 9.995691e-01 2.128226e+01
9.999555e-01 2.401393e-04 -9.428369e-03 -7.854802e+00 -2.365472e-04 9.999999e-01 3.817897e-04 -2.835255e-01 9.428361e-03 -3.795391e-04 9.999554e-01 2.137887e+01
9.999936e-01 2.576484e-04 -3.569739e-03 -7.911486e+00 -2.569390e-04 9.999999e-01 1.983593e-04 -2.903383e-01 3.569690e-03 -1.974376e-04 9.999936e-01 2.173144e+01
9.996402e-01 8.617200e-04 -2.680625e-02 -7.943153e+00 -8.332198e-04 9.999991e-01 1.074235e-03 -3.023676e-01 2.680705e-02 -1.051510e-03 9.996400e-01 2.222332e+01
9.999854e-01 -3.942188e-05 5.390138e-03 -7.968794e+00 4.034352e-05 1.000000e+00 -1.703082e-04 -3.162725e-01 -5.390231e-03 1.705264e-04 9.999854e-01 2.279257e+01
9.999689e-01 -3.346181e-04 7.870758e-03 -7.966538e+00 3.367380e-04 9.999999e-01 -2.676210e-04 -3.363401e-01 -7.870768e-03 2.702663e-04 9.999689e-01 2.358495e+01
9.998166e-01 -4.865753e-04 1.914474e-02 -7.940707e+00 4.991539e-04 9.999997e-01 -6.520928e-04 -3.565001e-01 -1.914452e-02 6.615326e-04 9.998165e-01 2.437787e+01
9.999721e-01 -3.240396e-04 7.456049e-03 -7.914637e+00 3.259476e-04 9.999999e-01 -2.542859e-04 -3.765537e-01 -7.456065e-03 2.567124e-04 9.999721e-01 2.516552e+01
9.997710e-01 -5.599355e-04 2.139235e-02 -7.872225e+00 5.757168e-04 9.999996e-01 -7.314165e-04 -3.963659e-01 -2.139203e-02 7.435683e-04 9.997708e-01 2.592006e+01
9.999940e-01 -1.714882e-04 3.434484e-03 -7.845860e+00 1.718467e-04 1.000000e+00 -1.032652e-04 -4.198411e-01 -3.434565e-03 1.038581e-04 9.999940e-01 2.683593e+01
9.998349e-01 -4.593951e-04 1.816257e-02 -7.833486e+00 4.707539e-04 9.999997e-01 -6.209700e-04 -4.420574e-01 -1.816238e-02 6.294209e-04 9.998348e-01 2.771988e+01
1.000000e+00 -5.482382e-05 -1.544846e-05 -7.834606e+00 5.482694e-05 1.000000e+00 2.571945e-05 -4.651394e-01 1.534972e-05 -2.571689e-05 9.999999e-01 2.865553e+01
9.999197e-01 -2.802614e-04 1.266475e-02 -7.855890e+00 2.856738e-04 9.999999e-01 -4.253354e-04 -4.892488e-01 -1.266473e-02 4.289227e-04 9.999196e-01 2.966506e+01
9.999904e-01 8.115161e-05 -4.370630e-03 -7.832553e+00 -8.038455e-05 1.000000e+00 1.750689e-04 -5.109680e-01 4.370547e-03 -1.747125e-04 9.999904e-01 3.048935e+01
9.999691e-01 -1.236435e-04 7.851474e-03 -7.830976e+00 1.255251e-04 1.000000e+00 -2.388073e-04 -5.322147e-01 -7.851541e-03 2.397889e-04 9.999691e-01 3.132437e+01
9.999994e-01 -1.035319e-04 1.056621e-03 -7.836635e+00 1.035706e-04 1.000000e+00 -3.406876e-05 -5.534550e-01 -1.056714e-03 3.418161e-05 9.999994e-01 3.218335e+01
1.000000e+00 1.289045e-04 1.964812e-05 -7.862101e+00 -1.289032e-04 1.000000e+00 6.877634e-05 -5.739862e-01 -1.973574e-05 -6.877545e-05 9.999999e-01 3.303097e+01
9.999944e-01 7.331843e-05 -3.321073e-03 -7.894099e+00 -7.289795e-05 1.000000e+00 1.259346e-04 -5.955034e-01 3.320985e-03 -1.256883e-04 9.999944e-01 3.392212e+01
9.999446e-01 4.853977e-04 -1.051214e-02 -7.952711e+00 -4.804942e-04 9.999998e-01 4.687320e-04 -6.124879e-01 1.051227e-02 -4.636517e-04 9.999446e-01 3.465377e+01
9.997827e-01 6.875471e-04 -2.083418e-02 -8.024410e+00 -6.700047e-04 9.999994e-01 8.488435e-04 -6.272539e-01 2.083466e-02 -8.346967e-04 9.997825e-01 3.531950e+01
9.998541e-01 7.168682e-04 -1.706428e-02 -8.089480e+00 -7.043802e-04 9.999995e-01 7.376605e-04 -6.398214e-01 1.706471e-02 -7.255298e-04 9.998541e-01 3.588413e+01
9.996085e-01 9.190342e-04 -2.796140e-02 -8.166069e+00 -8.873827e-04 9.999990e-01 1.144259e-03 -6.453790e-01 2.796232e-02 -1.118995e-03 9.996083e-01 3.618560e+01
9.999430e-01 5.009345e-04 -1.065878e-02 -8.228129e+00 -4.959611e-04 9.999998e-01 4.689628e-04 -6.539964e-01 1.065891e-02 -4.636465e-04 9.999430e-01 3.659200e+01
9.999465e-01 3.065083e-04 -1.033510e-02 -8.279075e+00 -3.022948e-04 9.999999e-01 4.089511e-04 -6.682871e-01 1.033513e-02 -4.058017e-04 9.999465e-01 3.719611e+01
9.999336e-01 5.389555e-04 -1.150988e-02 -8.336115e+00 -5.330564e-04 9.999997e-01 5.153275e-04 -6.844726e-01 1.151005e-02 -5.091546e-04 9.999336e-01 3.790264e+01
9.999860e-01 1.443365e-04 -5.288470e-03 -8.377907e+00 -1.432873e-04 1.000000e+00 1.981886e-04 -7.035161e-01 5.288399e-03 -1.974249e-04 9.999859e-01 3.870626e+01
9.999669e-01 4.146352e-04 -8.118404e-03 -8.427171e+00 -4.115639e-04 9.999998e-01 3.796052e-04 -7.226714e-01 8.118460e-03 -3.762482e-04 9.999669e-01 3.952646e+01
9.999661e-01 -3.517849e-04 8.223712e-03 -8.457596e+00 3.543180e-04 9.999999e-01 -3.061825e-04 -7.440236e-01 -8.223703e-03 3.090891e-04 9.999661e-01 4.041695e+01
9.999716e-01 3.944358e-04 -7.514199e-03 -8.493203e+00 -3.917355e-04 9.999999e-01 3.604130e-04 -7.649244e-01 7.514240e-03 -3.574560e-04 9.999717e-01 4.130012e+01
9.999687e-01 -3.406189e-04 7.901828e-03 -8.541116e+00 3.429974e-04 9.999999e-01 -2.992465e-04 -7.863908e-01 -7.901825e-03 3.019507e-04 9.999687e-01 4.222736e+01
9.999707e-01 4.142579e-04 -7.639663e-03 -8.607455e+00 -4.113182e-04 9.999998e-01 3.859573e-04 -8.119490e-01 7.639722e-03 -3.828005e-04 9.999707e-01 4.335810e+01
9.999699e-01 -3.307985e-04 7.751057e-03 -8.677972e+00 3.330797e-04 9.999999e-01 -2.926012e-04 -8.390169e-01 -7.751059e-03 2.951773e-04 9.999699e-01 4.455835e+01
9.999711e-01 4.131347e-04 -7.584938e-03 -8.752173e+00 -4.102314e-04 9.999998e-01 3.839210e-04 -8.659328e-01 7.584995e-03 -3.807951e-04 9.999711e-01 4.575882e+01
9.999673e-01 -3.536260e-04 8.069831e-03 -8.802563e+00 3.560624e-04 9.999999e-01 -3.000815e-04 -8.900036e-01 -8.069824e-03 3.029483e-04 9.999673e-01 4.680074e+01
9.999763e-01 3.967181e-04 -6.866611e-03 -8.859057e+00 -3.942031e-04 9.999999e-01 3.671647e-04 -9.163402e-01 6.866656e-03 -3.644460e-04 9.999763e-01 4.794829e+01
9.999745e-01 -3.189564e-04 7.133538e-03 -8.909135e+00 3.209073e-04 9.999999e-01 -2.718941e-04 -9.436151e-01 -7.133551e-03 2.741796e-04 9.999745e-01 4.912100e+01
9.999759e-01 4.034752e-04 -6.922684e-03 -8.965720e+00 -4.009372e-04 9.999999e-01 3.675452e-04 -9.716169e-01 6.922731e-03 -3.647576e-04 9.999759e-01 5.033503e+01
9.999751e-01 -3.142789e-04 7.043416e-03 -9.026876e+00 3.161588e-04 9.999999e-01 -2.653357e-04 -1.000355e+00 -7.043432e-03 2.675592e-04 9.999751e-01 5.158817e+01
9.999805e-01 3.764593e-04 -6.225655e-03 -9.089303e+00 -3.742604e-04 9.999999e-01 3.538645e-04 -1.028780e+00 6.225688e-03 -3.515244e-04 9.999805e-01 5.283130e+01
9.999574e-01 -3.920056e-04 9.218796e-03 -9.146398e+00 3.951520e-04 9.999999e-01 -3.391344e-04 -1.055971e+00 -9.218762e-03 3.427661e-04 9.999574e-01 5.401628e+01
9.999669e-01 4.412124e-04 -8.115046e-03 -9.176973e+00 -4.378752e-04 9.999998e-01 4.126191e-04 -1.082448e+00 8.115126e-03 -4.090489e-04 9.999669e-01 5.512240e+01
9.999480e-01 -4.226353e-04 1.018566e-02 -9.196007e+00 4.263969e-04 9.999998e-01 -3.668231e-04 -1.110254e+00 -1.018560e-02 3.711504e-04 9.999480e-01 5.626521e+01
9.999526e-01 5.021591e-04 -9.719986e-03 -9.215449e+00 -4.976091e-04 9.999998e-01 4.701969e-04 -1.138690e+00 9.720120e-03 -4.653346e-04 9.999526e-01 5.743236e+01
9.999264e-01 -5.005179e-04 1.211389e-02 -9.243677e+00 5.059214e-04 9.999998e-01 -4.427327e-04 -1.164345e+00 -1.211377e-02 4.488321e-04 9.999265e-01 5.850297e+01
9.999965e-01 2.751053e-04 -2.608063e-03 -9.256878e+00 -2.746287e-04 9.999999e-01 1.819010e-04 -1.191019e+00 2.608013e-03 -1.811809e-04 9.999965e-01 5.959872e+01
9.999456e-01 -4.431844e-04 1.041216e-02 -9.259281e+00 4.471291e-04 9.999998e-01 -3.762263e-04 -1.218170e+00 -1.041209e-02 3.808648e-04 9.999457e-01 6.069429e+01
9.999540e-01 5.148945e-04 -9.570532e-03 -9.295117e+00 -5.103072e-04 9.999998e-01 4.814285e-04 -1.248614e+00 9.570678e-03 -4.765192e-04 9.999540e-01 6.197456e+01
9.999427e-01 -4.614615e-04 1.068715e-02 -9.340957e+00 4.657354e-04 9.999998e-01 -3.971267e-04 -1.276695e+00 -1.068707e-02 4.020846e-04 9.999428e-01 6.317466e+01
9.999562e-01 5.083927e-04 -9.341546e-03 -9.394396e+00 -5.039731e-04 9.999998e-01 4.751334e-04 -1.305478e+00 9.341685e-03 -4.704015e-04 9.999562e-01 6.441649e+01
9.999225e-01 -5.279644e-04 1.243436e-02 -9.445344e+00 5.338182e-04 9.999997e-01 -4.672040e-04 -1.332044e+00 -1.243421e-02 4.738088e-04 9.999225e-01 6.556455e+01
9.999350e-01 5.707610e-04 -1.137893e-02 -9.521337e+00 -5.647607e-04 9.999997e-01 5.302495e-04 -1.356935e+00 1.137913e-02 -5.237854e-04 9.999351e-01 6.668446e+01
9.998545e-01 -6.711685e-04 1.704432e-02 -9.577966e+00 6.819105e-04 9.999996e-01 -6.242490e-04 -1.383102e+00 -1.704399e-02 6.357842e-04 9.998545e-01 6.782664e+01
9.999166e-01 6.192354e-04 -1.289630e-02 -9.628033e+00 -6.116639e-04 9.999996e-01 5.908062e-04 -1.409200e+00 1.289656e-02 -5.828655e-04 9.999166e-01 6.895455e+01
9.999113e-01 -5.458117e-04 1.330586e-02 -9.687482e+00 5.524732e-04 9.999997e-01 -4.967373e-04 -1.435580e+00 -1.330568e-02 5.040476e-04 9.999113e-01 7.010733e+01
9.999153e-01 6.200930e-04 -1.299838e-02 -9.745165e+00 -6.125228e-04 9.999996e-01 5.861370e-04 -1.460699e+00 1.299864e-02 -5.781223e-04 9.999153e-01 7.120479e+01
9.999054e-01 -5.589503e-04 1.373763e-02 -9.794610e+00 5.657465e-04 9.999997e-01 -4.906102e-04 -1.486836e+00 -1.373745e-02 4.983392e-04 9.999055e-01 7.233133e+01
9.999182e-01 6.148473e-04 -1.277125e-02 -9.841762e+00 -6.075351e-04 9.999996e-01 5.761811e-04 -1.513363e+00 1.277150e-02 -5.683717e-04 9.999182e-01 7.347024e+01
9.999094e-01 -5.516130e-04 1.344264e-02 -9.887735e+00 5.581604e-04 9.999997e-01 -4.830784e-04 -1.539258e+00 -1.344247e-02 4.905412e-04 9.999095e-01 7.458080e+01
9.999179e-01 6.127770e-04 -1.279617e-02 -9.950062e+00 -6.056273e-04 9.999997e-01 5.623656e-04 -1.563549e+00 1.279641e-02 -5.545665e-04 9.999179e-01 7.565324e+01
9.999005e-01 -5.735129e-04 1.409405e-02 -9.999414e+00 5.804991e-04 9.999997e-01 -4.913742e-04 -1.589103e+00 -1.409386e-02 4.995103e-04 9.999005e-01 7.675572e+01
9.999194e-01 6.187606e-04 -1.267771e-02 -1.002840e+01 -6.116454e-04 9.999997e-01 5.648662e-04 -1.616091e+00 1.267795e-02 -5.570632e-04 9.999194e-01 7.788223e+01
9.999132e-01 -5.356147e-04 1.315830e-02 -1.005167e+01 5.415270e-04 9.999998e-01 -4.455226e-04 -1.646097e+00 -1.315816e-02 4.526128e-04 9.999133e-01 7.912269e+01
9.999625e-01 5.049541e-04 -8.634532e-03 -1.003655e+01 -5.014348e-04 9.999998e-01 4.093918e-04 -1.677554e+00 8.634638e-03 -4.050435e-04 9.999626e-01 8.035974e+01
9.997239e-01 -8.582236e-04 2.348106e-02 -9.991791e+00 8.784856e-04 9.999993e-01 -8.524724e-04 -1.708461e+00 -2.348041e-02 8.728681e-04 9.997239e-01 8.153627e+01
9.999925e-01 3.386098e-04 -3.837160e-03 -9.945917e+00 -3.377304e-04 9.999999e-01 2.290523e-04 -1.739269e+00 3.837138e-03 -2.277513e-04 9.999926e-01 8.271365e+01
9.998978e-01 -5.750874e-04 1.428167e-02 -9.935796e+00 5.825524e-04 9.999997e-01 -5.183301e-04 -1.768445e+00 -1.428147e-02 5.266003e-04 9.998978e-01 8.387579e+01
9.999731e-01 4.428190e-04 -7.319772e-03 -9.956404e+00 -4.401223e-04 9.999998e-01 3.696177e-04 -1.796286e+00 7.319836e-03 -3.663828e-04 9.999731e-01 8.502993e+01
9.999405e-01 -4.563463e-04 1.089077e-02 -9.995344e+00 4.602407e-04 9.999998e-01 -3.548097e-04 -1.827661e+00 -1.089071e-02 3.598044e-04 9.999406e-01 8.635813e+01
9.999950e-01 3.078155e-04 -3.135968e-03 -1.001079e+01 -3.072386e-04 9.999999e-01 1.834883e-04 -1.857801e+00 3.135926e-03 -1.825205e-04 9.999950e-01 8.759811e+01
9.999302e-01 -4.740199e-04 1.180102e-02 -9.971169e+00 4.785895e-04 9.999998e-01 -3.841537e-04 -1.890463e+00 -1.180094e-02 3.897782e-04 9.999302e-01 8.885021e+01
9.999521e-01 5.149403e-04 -9.770226e-03 -9.983072e+00 -5.104368e-04 9.999998e-01 4.631335e-04 -1.921685e+00 9.770364e-03 -4.581208e-04 9.999521e-01 9.012633e+01
9.999328e-01 -4.723933e-04 1.157726e-02 -1.003001e+01 4.768922e-04 9.999998e-01 -3.855854e-04 -1.952199e+00 -1.157717e-02 3.910841e-04 9.999328e-01 9.143084e+01
9.999555e-01 4.808492e-04 -9.413871e-03 -1.007787e+01 -4.768568e-04 9.999998e-01 4.260276e-04 -1.977757e+00 9.413975e-03 -4.215161e-04 9.999555e-01 9.253271e+01
9.999169e-01 -5.065024e-04 1.288009e-02 -1.010895e+01 5.120269e-04 9.999998e-01 -4.253882e-04 -2.004997e+00 -1.287997e-02 4.319512e-04 9.999169e-01 9.367612e+01
9.999914e-01 3.331249e-04 -4.135686e-03 -1.013650e+01 -3.321944e-04 9.999999e-01 2.249682e-04 -2.036742e+00 4.135662e-03 -2.235890e-04 9.999914e-01 9.500468e+01
9.999544e-01 -4.091605e-04 9.535426e-03 -1.020961e+01 4.118308e-04 9.999999e-01 -2.777740e-04 -2.068513e+00 -9.535409e-03 2.816918e-04 9.999544e-01 9.640935e+01
9.999692e-01 4.571414e-04 -7.831722e-03 -1.028004e+01 -4.543327e-04 9.999998e-01 3.600458e-04 -2.100388e+00 7.831787e-03 -3.564731e-04 9.999692e-01 9.781082e+01
9.999451e-01 -4.512456e-04 1.046881e-02 -1.035405e+01 4.546003e-04 9.999998e-01 -3.177904e-04 -2.129962e+00 -1.046876e-02 3.225355e-04 9.999451e-01 9.912459e+01
9.999560e-01 5.188874e-04 -9.362664e-03 -1.042992e+01 -5.150015e-04 9.999998e-01 4.171475e-04 -2.161633e+00 9.362780e-03 -4.123039e-04 9.999560e-01 1.005262e+02
9.999489e-01 -4.383540e-04 1.009848e-02 -1.048892e+01 4.414449e-04 9.999999e-01 -3.035548e-04 -2.193854e+00 -1.009845e-02 3.080006e-04 9.999489e-01 1.019208e+02
9.999573e-01 5.146351e-04 -9.226444e-03 -1.055237e+01 -5.108800e-04 9.999998e-01 4.090385e-04 -2.224600e+00 9.226555e-03 -4.043039e-04 9.999573e-01 1.032633e+02
9.999494e-01 -4.473947e-04 1.004846e-02 -1.063577e+01 4.505629e-04 9.999998e-01 -3.127372e-04 -2.253974e+00 -1.004842e-02 3.172524e-04 9.999494e-01 1.045834e+02
9.999555e-01 5.222698e-04 -9.419012e-03 -1.073329e+01 -5.184481e-04 9.999998e-01 4.078649e-04 -2.283610e+00 9.419125e-03 -4.029600e-04 9.999555e-01 1.059382e+02
9.999471e-01 -4.609206e-04 1.026732e-02 -1.084701e+01 4.643923e-04 9.999998e-01 -3.354654e-04 -2.310443e+00 -1.026726e-02 3.402193e-04 9.999472e-01 1.072054e+02
9.999582e-01 5.001409e-04 -9.127339e-03 -1.095114e+01 -4.965766e-04 9.999998e-01 3.924526e-04 -2.335182e+00 9.127435e-03 -3.879003e-04 9.999582e-01 1.083697e+02
9.999481e-01 -4.623692e-04 1.017477e-02 -1.104536e+01 4.659021e-04 9.999998e-01 -3.445680e-04 -2.357167e+00 -1.017470e-02 3.492941e-04 9.999481e-01 1.094022e+02
9.999582e-01 4.983949e-04 -9.130312e-03 -1.118872e+01 -4.950467e-04 9.999998e-01 3.686568e-04 -2.374783e+00 9.130395e-03 -3.641180e-04 9.999582e-01 1.103243e+02
9.999479e-01 -4.618927e-04 1.018940e-02 -1.129827e+01 4.651633e-04 9.999998e-01 -3.183237e-04 -2.398038e+00 -1.018935e-02 3.230504e-04 9.999480e-01 1.114363e+02
9.999621e-01 4.769111e-04 -8.693137e-03 -1.140620e+01 -4.739698e-04 9.999998e-01 3.400743e-04 -2.417240e+00 8.693200e-03 -3.359376e-04 9.999621e-01 1.123704e+02
9.999568e-01 -3.853826e-04 9.285637e-03 -1.168052e+01 3.884997e-04 9.999999e-01 -3.335747e-04 -2.425428e+00 -9.285606e-03 3.371712e-04 9.999568e-01 1.130844e+02
9.999650e-01 4.549634e-04 -8.345063e-03 -1.195408e+01 -4.521610e-04 9.999998e-01 3.373579e-04 -2.434113e+00 8.345117e-03 -3.335694e-04 9.999651e-01 1.138203e+02
9.999602e-01 -3.957996e-04 8.913894e-03 -1.216129e+01 3.985759e-04 9.999999e-01 -3.093483e-04 -2.447083e+00 -8.913868e-03 3.128923e-04 9.999602e-01 1.146392e+02
9.999654e-01 4.648662e-04 -8.299822e-03 -1.238499e+01 -4.621106e-04 9.999998e-01 3.335674e-04 -2.459576e+00 8.299878e-03 -3.297170e-04 9.999654e-01 1.154634e+02
9.999567e-01 -4.400985e-04 9.286124e-03 -1.250859e+01 4.428854e-04 9.999999e-01 -2.977543e-04 -2.479292e+00 -9.286089e-03 3.018576e-04 9.999568e-01 1.164463e+02
9.999582e-01 5.255605e-04 -9.124439e-03 -1.269071e+01 -5.225498e-04 9.999998e-01 3.320231e-04 -2.492304e+00 9.124513e-03 -3.272378e-04 9.999583e-01 1.172250e+02
9.999501e-01 -4.764340e-04 9.969458e-03 -1.289940e+01 4.796985e-04 9.999998e-01 -3.247722e-04 -2.500116e+00 -9.969400e-03 3.295419e-04 9.999502e-01 1.178277e+02
9.999694e-01 4.654847e-04 -7.801431e-03 -1.301202e+01 -4.631547e-04 9.999998e-01 3.000948e-04 -2.516457e+00 7.801472e-03 -2.964688e-04 9.999695e-01 1.186472e+02
9.999474e-01 -4.738193e-04 1.024403e-02 -1.310320e+01 4.769497e-04 9.999998e-01 -3.028579e-04 -2.539002e+00 -1.024399e-02 3.077313e-04 9.999474e-01 1.196961e+02
9.999642e-01 4.872977e-04 -8.440055e-03 -1.321035e+01 -4.845870e-04 9.999998e-01 3.228750e-04 -2.562609e+00 8.440113e-03 -3.187700e-04 9.999643e-01 1.208173e+02
9.999046e-01 -5.952426e-04 1.379424e-02 -1.331311e+01 6.010807e-04 9.999997e-01 -4.188749e-04 -2.584883e+00 -1.379409e-02 4.271299e-04 9.999047e-01 1.218802e+02
9.999998e-01 2.121077e-04 -4.852241e-04 -1.336042e+01 -2.120997e-04 1.000000e+00 1.078171e-05 -2.605539e+00 4.851288e-04 -1.067529e-05 9.999998e-01 1.227907e+02
9.999642e-01 -4.345503e-04 8.449231e-03 -1.342503e+01 4.364567e-04 9.999999e-01 -2.234472e-04 -2.624440e+00 -8.449230e-03 2.271305e-04 9.999642e-01 1.236564e+02
9.999970e-01 1.236458e-04 2.434715e-03 -1.348090e+01 -1.234089e-04 1.000000e+00 -9.627794e-05 -2.644316e+00 -2.434824e-03 9.598071e-05 9.999970e-01 1.245495e+02
9.999555e-01 -4.586681e-04 9.417192e-03 -1.353216e+01 4.611495e-04 9.999999e-01 -2.610343e-04 -2.665613e+00 -9.417168e-03 2.653690e-04 9.999556e-01 1.254963e+02
9.999961e-01 2.931691e-04 -2.763469e-03 -1.362354e+01 -2.928762e-04 1.000000e+00 1.054085e-04 -2.685991e+00 2.763403e-03 -1.045952e-04 9.999961e-01 1.264635e+02
9.999622e-01 -4.145618e-04 8.679951e-03 -1.372399e+01 4.165020e-04 9.999999e-01 -2.214008e-04 -2.710095e+00 -8.679955e-03 2.250112e-04 9.999622e-01 1.275991e+02
9.999864e-01 3.739548e-04 -5.194679e-03 -1.382033e+01 -3.729879e-04 9.999999e-01 1.865786e-04 -2.733594e+00 5.194652e-03 -1.846350e-04 9.999864e-01 1.286983e+02
9.999547e-01 -4.502992e-04 9.501898e-03 -1.393051e+01 4.527672e-04 9.999999e-01 -2.572983e-04 -2.754812e+00 -9.501877e-03 2.615923e-04 9.999548e-01 1.297281e+02
9.999385e-01 -1.646648e-04 1.108574e-02 -1.401225e+01 1.692515e-04 9.999999e-01 -4.125648e-04 -2.773640e+00 -1.108577e-02 4.144193e-04 9.999384e-01 1.306339e+02
9.999392e-01 -5.004852e-04 1.101078e-02 -1.407965e+01 5.039099e-04 9.999998e-01 -3.080156e-04 -2.793425e+00 -1.101071e-02 3.135490e-04 9.999393e-01 1.315602e+02
9.999824e-01 1.959441e-06 5.928190e-03 -1.414605e+01 -6.124360e-07 1.000000e+00 -2.267807e-04 -2.814367e+00 -5.928285e-03 2.267767e-04 9.999823e-01 1.325235e+02
9.999307e-01 -5.153298e-04 1.175913e-02 -1.421144e+01 5.192675e-04 9.999998e-01 -3.315895e-04 -2.837489e+00 -1.175905e-02 3.376763e-04 9.999307e-01 1.335752e+02
9.999984e-01 2.461887e-04 -1.746605e-03 -1.433293e+01 -2.461005e-04 1.000000e+00 4.926581e-05 -2.857166e+00 1.746524e-03 -4.883228e-05 9.999984e-01 1.345660e+02
9.998557e-01 -6.870842e-04 1.696962e-02 -1.442674e+01 6.960233e-04 9.999996e-01 -5.207170e-04 -2.876964e+00 -1.696935e-02 5.324568e-04 9.998558e-01 1.355240e+02
9.999965e-01 2.746993e-04 -2.629107e-03 -1.454434e+01 -2.745169e-04 1.000000e+00 6.880403e-05 -2.893130e+00 2.629033e-03 -6.807843e-05 9.999965e-01 1.363665e+02
9.998240e-01 -7.408136e-04 1.874423e-02 -1.467926e+01 7.522212e-04 9.999995e-01 -6.014162e-04 -2.905801e+00 -1.874386e-02 6.154138e-04 9.998241e-01 1.370888e+02
9.999980e-01 2.513505e-04 -1.948695e-03 -1.479911e+01 -2.512691e-04 1.000000e+00 4.079309e-05 -2.919603e+00 1.948614e-03 -4.029973e-05 9.999980e-01 1.378361e+02
9.999176e-01 -5.566305e-04 1.282075e-02 -1.487682e+01 5.612502e-04 9.999998e-01 -3.565425e-04 -2.939488e+00 -1.282064e-02 3.637124e-04 9.999177e-01 1.387654e+02
9.999849e-01 3.680115e-04 -5.485941e-03 -1.501767e+01 -3.671201e-04 9.999999e-01 1.630683e-04 -2.954818e+00 5.485910e-03 -1.610482e-04 9.999849e-01 1.395985e+02
9.998475e-01 -7.113480e-04 1.744907e-02 -1.513270e+01 7.205800e-04 9.999996e-01 -5.226661e-04 -2.969362e+00 -1.744878e-02 5.351636e-04 9.998475e-01 1.403677e+02
9.999986e-01 2.554312e-04 -1.647817e-03 -1.537349e+01 -2.553773e-04 1.000000e+00 3.155964e-05 -2.971151e+00 1.647736e-03 -3.113514e-05 9.999986e-01 1.408183e+02
9.998158e-01 -7.555922e-04 1.917618e-02 -1.565751e+01 7.670061e-04 9.999995e-01 -5.877431e-04 -2.969511e+00 -1.917582e-02 6.023468e-04 9.998159e-01 1.411933e+02
9.999940e-01 3.064114e-04 -3.445055e-03 -1.586563e+01 -3.061734e-04 1.000000e+00 6.897336e-05 -2.974069e+00 3.444989e-03 -6.791451e-05 9.999940e-01 1.416902e+02
9.998320e-01 -7.320961e-04 1.831522e-02 -1.606601e+01 7.423499e-04 9.999996e-01 -5.529386e-04 -2.971054e+00 -1.831490e-02 5.664457e-04 9.998320e-01 1.418763e+02
9.999870e-01 3.725743e-04 -5.077646e-03 -1.622961e+01 -3.719651e-04 9.999999e-01 1.205028e-04 -2.973285e+00 5.077604e-03 -1.186089e-04 9.999870e-01 1.422132e+02
9.998163e-01 -7.540091e-04 1.915301e-02 -1.656123e+01 7.651708e-04 9.999995e-01 -5.753353e-04 -2.964369e+00 -1.915265e-02 5.898886e-04 9.998163e-01 1.423578e+02
9.999999e-01 2.372246e-04 1.526895e-04 -1.690939e+01 -2.372134e-04 1.000000e+00 -5.999550e-05 -2.945483e+00 -1.527882e-04 5.996291e-05 9.999999e-01 1.421355e+02
9.997884e-01 -8.242533e-04 2.055265e-02 -1.704830e+01 8.370209e-04 9.999995e-01 -6.125196e-04 -2.933251e+00 -2.055221e-02 6.295967e-04 9.997885e-01 1.418803e+02
9.999996e-01 2.853665e-04 -8.330498e-04 -1.711171e+01 -2.853673e-04 1.000000e+00 -3.198734e-06 -2.921034e+00 8.329665e-04 3.440076e-06 9.999996e-01 1.415274e+02
9.998000e-01 -8.039338e-04 1.998284e-02 -1.728151e+01 8.161963e-04 9.999995e-01 -6.054070e-04 -2.907107e+00 -1.998242e-02 6.215995e-04 9.998001e-01 1.412503e+02
9.999979e-01 1.743993e-04 2.030077e-03 -1.752312e+01 -1.741099e-04 1.000000e+00 -1.418506e-04 -2.897619e+00 -2.030182e-03 1.415005e-04 9.999978e-01 1.412518e+02
9.997826e-01 -8.385124e-04 2.083204e-02 -1.762173e+01 8.516952e-04 9.999994e-01 -6.238605e-04 -2.888113e+00 -2.083158e-02 6.414710e-04 9.997827e-01 1.410501e+02
9.999850e-01 1.001415e-04 5.478190e-03 -1.764055e+01 -9.883917e-05 1.000000e+00 -2.376938e-04 -2.877085e+00 -5.478291e-03 2.371523e-04 9.999849e-01 1.406919e+02
9.997396e-01 -9.053344e-04 2.279867e-02 -1.756885e+01 9.205856e-04 9.999994e-01 -6.583869e-04 -2.867890e+00 -2.279813e-02 6.792072e-04 9.997398e-01 1.402954e+02
9.999877e-01 1.208425e-04 4.948360e-03 -1.756757e+01 -1.196580e-04 1.000000e+00 -2.393490e-04 -2.856618e+00 -4.948462e-03 2.387574e-04 9.999876e-01 1.399118e+02
9.996898e-01 -9.876427e-04 2.488618e-02 -1.766339e+01 1.006760e-03 9.999992e-01 -7.556267e-04 -2.844896e+00 -2.488549e-02 7.804502e-04 9.996899e-01 1.396294e+02
9.999878e-01 1.174128e-04 4.940979e-03 -1.769615e+01 -1.162246e-04 1.000000e+00 -2.404672e-04 -2.835515e+00 -4.941076e-03 2.398934e-04 9.999877e-01 1.393548e+02
9.997117e-01 -9.649058e-04 2.399206e-02 -1.766848e+01 9.823394e-04 9.999993e-01 -7.148077e-04 -2.828569e+00 -2.399142e-02 7.381734e-04 9.997118e-01 1.390905e+02
9.999856e-01 1.044222e-04 5.358236e-03 -1.767162e+01 -1.030448e-04 1.000000e+00 -2.571034e-04 -2.819988e+00 -5.358327e-03 2.565510e-04 9.999855e-01 1.388084e+02
9.998186e-01 -8.155118e-04 1.903093e-02 -1.757324e+01 8.254313e-04 9.999995e-01 -5.133162e-04 -2.814403e+00 -1.903057e-02 5.289352e-04 9.998187e-01 1.385026e+02
9.999951e-01 1.797773e-04 3.112045e-03 -1.728558e+01 -1.792997e-04 1.000000e+00 -1.533740e-04 -2.814012e+00 -3.112134e-03 1.528186e-04 9.999951e-01 1.381572e+02
9.997587e-01 -9.141692e-04 2.194749e-02 -1.709700e+01 9.285595e-04 9.999994e-01 -6.454344e-04 -2.813044e+00 -2.194695e-02 6.656615e-04 9.997588e-01 1.379133e+02
9.999913e-01 1.089677e-04 4.174329e-03 -1.707188e+01 -1.079450e-04 1.000000e+00 -2.449499e-04 -2.817061e+00 -4.174412e-03 2.445004e-04 9.999912e-01 1.380664e+02
9.997866e-01 -8.647358e-04 2.063814e-02 -1.697238e+01 8.769739e-04 9.999994e-01 -5.838904e-04 -2.821714e+00 -2.063768e-02 6.018681e-04 9.997867e-01 1.381358e+02
9.999845e-01 6.482776e-05 5.560003e-03 -1.697672e+01 -6.317926e-05 1.000000e+00 -2.964995e-04 -2.820270e+00 -5.560075e-03 2.961468e-04 9.999844e-01 1.381205e+02
9.998207e-01 -8.177206e-04 1.891657e-02 -1.693138e+01 8.274303e-04 9.999995e-01 -5.054219e-04 -2.819660e+00 -1.891620e-02 5.209866e-04 9.998208e-01 1.380628e+02
9.999975e-01 1.872751e-04 2.232335e-03 -1.682932e+01 -1.868793e-04 1.000000e+00 -1.771660e-04 -2.818379e+00 -2.232416e-03 1.767514e-04 9.999974e-01 1.379006e+02
9.998263e-01 -8.048046e-04 1.861927e-02 -1.668940e+01 8.138874e-04 9.999996e-01 -4.801999e-04 -2.819169e+00 -1.861892e-02 4.952736e-04 9.998264e-01 1.377710e+02
9.999979e-01 1.754148e-04 2.046153e-03 -1.677819e+01 -1.750213e-04 1.000000e+00 -1.921549e-04 -2.814297e+00 -2.046231e-03 1.917993e-04 9.999978e-01 1.377351e+02
9.998659e-01 -7.165374e-04 1.635760e-02 -1.676270e+01 7.226941e-04 9.999997e-01 -3.704308e-04 -2.807152e+00 -1.635737e-02 3.822056e-04 9.998660e-01 1.374627e+02
9.999808e-01 4.319787e-05 6.197451e-03 -1.666110e+01 -4.096296e-05 9.999999e-01 -3.606368e-04 -2.806730e+00 -6.197507e-03 3.603789e-04 9.999806e-01 1.373399e+02
9.998250e-01 -8.000515e-04 1.869201e-02 -1.676679e+01 8.092233e-04 9.999996e-01 -4.830903e-04 -2.808395e+00 -1.869165e-02 4.981346e-04 9.998251e-01 1.375833e+02
9.999912e-01 3.524152e-04 -4.181881e-03 -1.676929e+01 -3.524038e-04 9.999999e-01 3.320725e-06 -2.814372e+00 4.181844e-03 -1.844172e-06 9.999912e-01 1.378289e+02
9.998573e-01 -7.379088e-04 1.687927e-02 -1.673639e+01 7.446837e-04 9.999996e-01 -3.950576e-04 -2.818131e+00 -1.687901e-02 4.075737e-04 9.998574e-01 1.379405e+02
9.999805e-01 4.114269e-04 -6.234260e-03 -1.667729e+01 -4.108474e-04 9.999999e-01 9.415016e-05 -2.819048e+00 6.234263e-03 -9.158423e-05 9.999805e-01 1.379044e+02
9.997716e-01 -8.656448e-04 2.135549e-02 -1.670868e+01 8.781204e-04 9.999994e-01 -5.747922e-04 -2.821515e+00 -2.135501e-02 5.934163e-04 9.997717e-01 1.380573e+02
9.999776e-01 4.146378e-04 -6.687031e-03 -1.667842e+01 -4.140256e-04 9.999999e-01 9.285979e-05 -2.830110e+00 6.687036e-03 -9.008641e-05 9.999775e-01 1.383581e+02
9.998928e-01 -6.543597e-04 1.462998e-02 -1.656357e+01 6.590296e-04 9.999997e-01 -3.143465e-04 -2.835423e+00 -1.462980e-02 3.239571e-04 9.998928e-01 1.383964e+02
9.999995e-01 1.852354e-04 1.017856e-03 -1.643208e+01 -1.850501e-04 1.000000e+00 -1.817562e-04 -2.837655e+00 -1.017920e-03 1.815704e-04 9.999994e-01 1.383109e+02
9.999262e-01 -5.940666e-04 1.213091e-02 -1.610310e+01 5.963025e-04 9.999998e-01 -1.806669e-04 -2.844360e+00 -1.213083e-02 1.878899e-04 9.999263e-01 1.381474e+02
9.999700e-01 4.614404e-04 -7.733880e-03 -1.562253e+01 -4.602076e-04 9.999999e-01 1.611266e-04 -2.853310e+00 7.733924e-03 -1.575599e-04 9.999700e-01 1.378622e+02
9.999563e-01 -4.982133e-04 9.334628e-03 -1.511350e+01 4.990567e-04 9.999999e-01 -8.797928e-05 -2.865878e+00 -9.334612e-03 9.263658e-05 9.999563e-01 1.376465e+02
9.998682e-01 7.331696e-04 -1.622005e-02 -1.457647e+01 -7.248473e-04 9.999996e-01 5.189363e-04 -2.879709e+00 1.622039e-02 -5.071082e-04 9.998682e-01 1.374232e+02
9.999998e-01 -1.731544e-04 -6.056908e-04 -1.408763e+01 1.733428e-04 9.999999e-01 3.102040e-04 -2.894085e+00 6.056061e-04 -3.103062e-04 9.999997e-01 1.372755e+02
9.998095e-01 8.673411e-04 -1.949879e-02 -1.349027e+01 -8.541307e-04 9.999994e-01 6.857945e-04 -2.912915e+00 1.949934e-02 -6.690065e-04 9.998095e-01 1.371445e+02
1.000000e+00 -2.135683e-04 9.188325e-05 -1.297085e+01 2.135452e-04 9.999999e-01 2.569873e-04 -2.929186e+00 -9.197277e-05 -2.569648e-04 9.999999e-01 1.370214e+02
9.995494e-01 1.247502e-03 -2.999070e-02 -1.259050e+01 -1.215208e-03 9.999987e-01 1.094997e-03 -2.943222e+00 2.999199e-02 -1.058056e-03 9.995495e-01 1.370019e+02
9.999965e-01 -2.995118e-04 2.621901e-03 -1.217110e+01 2.990828e-04 9.999999e-01 1.642381e-04 -2.956702e+00 -2.621990e-03 -1.634503e-04 9.999965e-01 1.369178e+02
9.995001e-01 1.303079e-03 -3.158960e-02 -1.179716e+01 -1.267212e-03 9.999985e-01 1.155354e-03 -2.969401e+00 3.159101e-02 -1.114743e-03 9.995002e-01 1.368646e+02
9.999897e-01 -3.558556e-04 4.516943e-03 -1.145077e+01 3.555673e-04 9.999999e-01 6.480686e-05 -2.983551e+00 -4.517011e-03 -6.319685e-05 9.999897e-01 1.368978e+02
9.998666e-01 7.854728e-04 -1.631558e-02 -1.107142e+01 -7.773343e-04 9.999996e-01 5.051023e-04 -3.000873e+00 1.631593e-02 -4.923490e-04 9.998667e-01 1.369963e+02
9.998988e-01 -6.639380e-04 1.420762e-02 -1.058476e+01 6.683501e-04 9.999997e-01 -3.057347e-04 -3.020489e+00 -1.420746e-02 3.152028e-04 9.998989e-01 1.370331e+02
9.997499e-01 9.737668e-04 -2.234192e-02 -1.005361e+01 -9.566761e-04 9.999992e-01 7.756027e-04 -3.040666e+00 2.234261e-02 -7.540314e-04 9.997500e-01 1.370299e+02
9.999969e-01 -2.895280e-04 2.474956e-03 -9.742635e+00 2.892006e-04 9.999999e-01 1.330296e-04 -3.052816e+00 -2.475043e-03 -1.323100e-04 9.999968e-01 1.370353e+02
9.993223e-01 1.509692e-03 -3.677840e-02 -9.568110e+00 -1.460715e-03 9.999980e-01 1.358481e-03 -3.062560e+00 3.678033e-02 -1.303834e-03 9.993224e-01 1.371384e+02
9.999712e-01 -4.588905e-04 7.568323e-03 -9.482292e+00 4.597440e-04 9.999999e-01 -1.108935e-04 -3.074722e+00 -7.568326e-03 1.143734e-04 9.999713e-01 1.374561e+02
9.994603e-01 1.392602e-03 -3.282056e-02 -9.472041e+00 -1.354059e-03 9.999984e-01 1.196520e-03 -3.088463e+00 3.282211e-02 -1.151430e-03 9.994605e-01 1.379440e+02
9.999977e-01 -3.082722e-04 2.126259e-03 -9.333438e+00 3.080146e-04 9.999999e-01 1.220269e-04 -3.100505e+00 -2.126356e-03 -1.213680e-04 9.999976e-01 1.381831e+02
9.993965e-01 1.472308e-03 -3.470476e-02 -9.217480e+00 -1.428766e-03 9.999982e-01 1.279377e-03 -3.110607e+00 3.470652e-02 -1.229016e-03 9.993967e-01 1.383863e+02
