9.999965e-01 9.050290e-05 -2.626931e-03 -4.357886e-03 -9.041555e-05 1.000000e+00 3.336244e-05 -2.134945e-04 2.626934e-03 -3.312433e-05 9.999964e-01 -4.070814e-02
9.999978e-01 1.410277e-05 2.089773e-03 5.538821e-03 -1.386878e-05 1.000000e+00 -1.119710e-04 -4.446004e-04 -2.089775e-03 1.119423e-04 9.999977e-01 -8.080851e-02
9.999998e-01 -1.311041e-05 6.303430e-04 3.454209e-02 1.315165e-05 1.000000e+00 -6.538612e-05 -1.305079e-03 -6.303421e-04 6.539486e-05 9.999997e-01 -1.093422e-01
9.999987e-01 1.185370e-04 -1.579358e-03 5.311226e-02 -1.185590e-04 1.000000e+00 -1.379322e-05 -2.291344e-03 1.579356e-03 1.398090e-05 9.999987e-01 -1.356541e-01
9.999988e-01 -9.686770e-06 -1.553806e-03 8.234059e-02 9.688515e-06 1.000000e+00 1.103347e-06 -4.795402e-03 1.553805e-03 -1.117953e-06 9.999987e-01 -1.301911e-01
9.999986e-01 1.218900e-04 -1.655486e-03 7.137887e-02 -1.218781e-04 1.000000e+00 7.253948e-06 -4.671954e-03 1.655487e-03 -7.051722e-06 9.999985e-01 -1.757740e-01
9.999958e-01 -7.579727e-05 2.896254e-03 8.937523e-02 7.616915e-05 1.000000e+00 -1.282856e-04 -5.197108e-03 -2.896244e-03 1.285062e-04 9.999957e-01 -2.120212e-01
9.999866e-01 -3.240859e-05 5.174093e-03 1.669034e-01 3.386500e-05 1.000000e+00 -2.813915e-04 -9.535476e-03 -5.174083e-03 2.815633e-04 9.999865e-01 -1.542421e-01
9.999983e-01 -9.113044e-05 1.839608e-03 2.448128e-01 9.126320e-05 1.000000e+00 -7.207158e-05 -1.451860e-02 -1.839601e-03 7.223970e-05 9.999982e-01 -8.256897e-02
9.999642e-01 3.032975e-04 -8.450402e-03 2.888266e-01 -3.020856e-04 9.999999e-01 1.446835e-04 -1.851310e-02 8.450445e-03 -1.421252e-04 9.999642e-01 -4.525606e-02
9.999843e-01 -1.998124e-04 5.596462e-03 3.196403e-01 2.008676e-04 1.000000e+00 -1.879785e-04 -2.136187e-02 -5.596424e-03 1.891001e-04 9.999842e-01 -2.792639e-02
9.999809e-01 2.726428e-04 -6.174026e-03 3.394852e-01 -2.722337e-04 1.000000e+00 6.710944e-05 -2.328458e-02 6.174044e-03 -6.542703e-05 9.999808e-01 -2.611791e-02
9.999521e-01 -3.149753e-04 9.787617e-03 3.636036e-01 3.180382e-04 9.999999e-01 -3.113804e-04 -2.507141e-02 -9.787518e-03 3.144786e-04 9.999520e-01 -2.079727e-02
9.999657e-01 -8.105450e-05 8.281005e-03 4.312245e-01 8.352790e-05 1.000000e+00 -2.983361e-04 -2.937049e-02 -8.280978e-03 2.990179e-04 9.999656e-01 5.627571e-02
9.999846e-01 -2.174371e-04 5.538592e-03 5.128023e-01 2.184179e-04 1.000000e+00 -1.764805e-04 -3.453419e-02 -5.538550e-03 1.776877e-04 9.999845e-01 1.381941e-01
9.999997e-01 1.736949e-04 -6.931743e-04 5.814455e-01 -1.737897e-04 1.000000e+00 -1.367478e-04 -3.900948e-02 6.931545e-04 1.368684e-04 9.999997e-01 1.979876e-01
9.999996e-01 -9.256410e-05 -8.557633e-04 5.960331e-01 9.259589e-05 1.000000e+00 3.709029e-05 -4.067911e-02 8.557636e-04 -3.716934e-05 9.999995e-01 1.943776e-01
9.999973e-01 1.972173e-04 -2.318185e-03 5.847619e-01 -1.972263e-04 1.000000e+00 -3.645124e-06 -4.098171e-02 2.318187e-03 4.102500e-06 9.999972e-01 1.595447e-01
9.999997e-01 -1.009363e-04 7.527427e-04 6.103480e-01 1.009807e-04 1.000000e+00 -5.894380e-05 -4.267326e-02 -7.527335e-04 5.901997e-05 9.999996e-01 1.502965e-01
9.999965e-01 2.099496e-04 -2.642331e-03 6.114456e-01 -2.097998e-04 1.000000e+00 5.694398e-05 -4.211414e-02 2.642346e-03 -5.638925e-05 9.999964e-01 9.043641e-02
9.999997e-01 -1.016547e-04 8.047167e-04 6.165423e-01 1.016971e-04 1.000000e+00 -5.258329e-05 -4.206777e-02 -8.047084e-04 5.266528e-05 9.999996e-01 3.898318e-02
9.999989e-01 1.034307e-04 1.506747e-03 7.432219e-01 -1.031045e-04 1.000000e+00 -2.165541e-04 -4.892579e-02 -1.506766e-03 2.163987e-04 9.999987e-01 1.252458e-01
9.999815e-01 -2.615056e-04 6.069649e-03 9.029972e-01 2.623860e-04 1.000000e+00 -1.442490e-04 -5.849931e-02 -6.069607e-03 1.458391e-04 9.999815e-01 2.794383e-01
9.999694e-01 -4.992433e-05 7.828408e-03 1.080341e+00 5.254035e-05 9.999999e-01 -3.339631e-04 -7.044272e-02 -7.828386e-03 3.343642e-04 9.999692e-01 5.022994e-01
9.999960e-01 -3.052727e-04 2.828470e-03 1.259377e+00 3.053313e-04 1.000000e+00 -2.026146e-05 -8.351828e-02 -2.828458e-03 2.112502e-05 9.999959e-01 7.600711e-01
9.999993e-01 2.441590e-04 1.122699e-03 1.337820e+00 -2.438533e-04 9.999999e-01 -2.724481e-04 -8.879221e-02 -1.122759e-03 2.721741e-04 9.999992e-01 8.448232e-01
9.999909e-01 -1.369028e-04 -4.252869e-03 1.303924e+00 1.383206e-04 9.999999e-01 3.330880e-04 -8.681284e-02 4.252830e-03 -3.336733e-04 9.999908e-01 7.558579e-01
9.999994e-01 2.930986e-04 -1.096472e-03 1.271820e+00 -2.934001e-04 9.999999e-01 -2.747770e-04 -8.439301e-02 1.096397e-03 2.750986e-04 9.999993e-01 6.512166e-01
9.999924e-01 -1.247671e-04 -3.903801e-03 1.239579e+00 1.261692e-04 9.999999e-01 3.589079e-04 -8.145577e-02 3.903762e-03 -3.593977e-04 9.999922e-01 5.295027e-01
9.999992e-01 2.907789e-04 -1.244673e-03 1.212183e+00 -2.911288e-04 9.999999e-01 -2.809371e-04 -7.881770e-02 1.244596e-03 2.812993e-04 9.999991e-01 4.160708e-01
9.999984e-01 -1.853333e-04 -1.752662e-03 1.164905e+00 1.859569e-04 9.999999e-01 3.556318e-04 -7.542747e-02 1.752600e-03 -3.559571e-04 9.999983e-01 2.934855e-01
9.999942e-01 3.568026e-04 -3.390410e-03 1.090099e+00 -3.575754e-04 9.999999e-01 -2.273393e-04 -6.885904e-02 3.390333e-03 2.285504e-04 9.999941e-01 9.090829e-02
9.999944e-01 -1.475780e-04 -3.334247e-03 1.054611e+00 1.487304e-04 9.999999e-01 3.453733e-04 -6.503950e-02 3.334199e-03 -3.458672e-04 9.999943e-01 -6.095733e-02
9.999912e-01 3.546334e-04 -4.183992e-03 1.042827e+00 -3.557900e-04 9.999999e-01 -2.757124e-04 -6.375784e-02 4.183896e-03 2.771986e-04 9.999911e-01 -1.499160e-01
9.999936e-01 -1.486675e-04 -3.563242e-03 1.037124e+00 1.499034e-04 9.999999e-01 3.465607e-04 -6.313593e-02 3.563192e-03 -3.470925e-04 9.999935e-01 -2.244628e-01
9.999817e-01 4.171706e-04 -6.041684e-03 1.039085e+00 -4.185948e-04 9.999999e-01 -2.344610e-04 -6.313267e-02 6.041587e-03 2.369858e-04 9.999816e-01 -2.848815e-01
9.999962e-01 -1.987995e-04 -2.741246e-03 1.016406e+00 1.996982e-04 9.999999e-01 3.275718e-04 -6.122682e-02 2.741181e-03 -3.281178e-04 9.999961e-01 -3.904317e-01
9.999980e-01 3.657570e-04 -1.969746e-03 9.601877e-01 -3.661806e-04 9.999999e-01 -2.146750e-04 -5.589721e-02 1.969667e-03 2.153960e-04 9.999979e-01 -5.685042e-01
9.999986e-01 -2.184962e-04 -1.643200e-03 9.167592e-01 2.190195e-04 9.999999e-01 3.182355e-04 -5.172323e-02 1.643130e-03 -3.185948e-04 9.999985e-01 -7.212503e-01
9.999983e-01 2.921275e-04 1.812500e-03 9.149423e-01 -2.915197e-04 9.999999e-01 -3.355979e-04 -4.985007e-02 -1.812599e-03 3.350691e-04 9.999982e-01 -8.225260e-01
9.999930e-01 -3.336445e-04 3.723187e-03 9.643152e-01 3.333460e-04 9.999999e-01 8.079935e-05 -4.984252e-02 -3.723214e-03 -7.955759e-05 9.999930e-01 -8.830256e-01
9.999976e-01 2.670325e-04 2.186375e-03 1.014872e+00 -2.661096e-04 9.999999e-01 -4.223750e-04 -4.936152e-02 -2.186487e-03 4.217922e-04 9.999974e-01 -9.572400e-01
9.999877e-01 -3.639306e-04 4.943225e-03 1.036068e+00 3.632712e-04 9.999999e-01 1.342912e-04 -4.711590e-02 -4.943273e-03 -1.324938e-04 9.999877e-01 -1.070393e+00
9.999999e-01 3.066319e-04 3.737048e-04 1.039075e+00 -3.064880e-04 9.999999e-01 -3.849949e-04 -4.470921e-02 -3.738212e-04 3.848803e-04 9.999998e-01 -1.179996e+00
9.999835e-01 -3.863045e-04 5.732326e-03 1.032364e+00 3.854137e-04 9.999999e-01 1.565124e-04 -4.076350e-02 -5.732384e-03 -1.543005e-04 9.999835e-01 -1.328383e+00
9.999823e-01 5.693750e-04 -5.915969e-03 1.029064e+00 -5.705926e-04 9.999998e-01 -2.041342e-04 -3.650561e-02 5.915854e-03 2.075061e-04 9.999824e-01 -1.507503e+00
9.999962e-01 -4.172197e-04 2.728713e-03 1.049279e+00 4.165880e-04 9.999999e-01 2.320552e-04 -3.533682e-02 -2.728808e-03 -2.309176e-04 9.999962e-01 -1.611556e+00
9.999374e-01 6.617963e-04 -1.117076e-02 1.103195e+00 -6.633682e-04 9.999998e-01 -1.370122e-04 -3.768361e-02 1.117066e-02 1.444139e-04 9.999375e-01 -1.633453e+00
9.999671e-01 -1.251950e-04 -8.112656e-03 1.153981e+00 1.298935e-04 9.999998e-01 5.786254e-04 -4.191172e-02 8.112581e-03 -5.796601e-04 9.999668e-01 -1.617026e+00
9.996176e-01 1.145616e-03 -2.762725e-02 1.201788e+00 -1.135150e-03 9.999993e-01 3.944976e-04 -4.680836e-02 2.762768e-02 -3.629855e-04 9.996181e-01 -1.596240e+00
9.998260e-01 1.367692e-04 -1.865388e-02 1.241656e+00 -1.204402e-04 9.999996e-01 8.764915e-04 -5.295402e-02 1.865398e-02 -8.740920e-04 9.998255e-01 -1.551884e+00
9.997127e-01 1.028615e-03 -2.394667e-02 1.278841e+00 -1.023438e-03 9.999995e-01 2.284196e-04 -6.003653e-02 2.394688e-02 -2.038457e-04 9.997131e-01 -1.473899e+00
9.998794e-01 4.452187e-05 -1.553078e-02 1.317505e+00 -3.223650e-05 9.999997e-01 7.912800e-04 -6.711266e-02 1.553080e-02 -7.906834e-04 9.998790e-01 -1.391309e+00
9.997418e-01 1.016594e-03 -2.269901e-02 1.356677e+00 -1.011838e-03 9.999995e-01 2.210074e-04 -7.431072e-02 2.269920e-02 -1.979821e-04 9.997422e-01 -1.302896e+00
9.999240e-01 -7.672085e-05 -1.233157e-02 1.392256e+00 8.454324e-05 9.999998e-01 6.338121e-04 -8.149667e-02 1.233149e-02 -6.348059e-04 9.999237e-01 -1.210330e+00
9.996344e-01 1.159392e-03 -2.701482e-02 1.422704e+00 -1.148361e-03 9.999993e-01 4.238342e-04 -8.897712e-02 2.701526e-02 -3.926558e-04 9.996348e-01 -1.114749e+00
9.999159e-01 -8.286585e-05 -1.297034e-02 1.448437e+00 9.065368e-05 9.999998e-01 5.998370e-04 -9.686240e-02 1.297025e-02 -6.009616e-04 9.999156e-01 -1.006903e+00
9.995628e-01 1.236116e-03 -2.954218e-02 1.468707e+00 -1.220866e-03 9.999991e-01 5.342605e-04 -1.049844e-01 2.954277e-02 -4.979591e-04 9.995633e-01 -8.958343e-01
9.999308e-01 -1.278314e-04 -1.176712e-02 1.491373e+00 1.340240e-04 9.999999e-01 5.254591e-04 -1.129056e-01 1.176701e-02 -5.269989e-04 9.999305e-01 -7.886422e-01
9.993920e-01 1.411965e-03 -3.483792e-02 1.512886e+00 -1.386586e-03 9.999988e-01 7.526088e-04 -1.204549e-01 3.483889e-02 -7.038444e-04 9.993926e-01 -6.998941e-01
9.999500e-01 -1.980018e-04 -9.995618e-03 1.535060e+00 2.022818e-04 9.999999e-01 4.271528e-04 -1.282984e-01 9.995484e-03 -4.291523e-04 9.999499e-01 -6.001875e-01
9.990561e-01 1.700283e-03 -4.340549e-02 1.562430e+00 -1.654119e-03 9.999980e-01 1.099440e-03 -1.356350e-01 4.340722e-02 -1.026604e-03 9.990568e-01 -5.272061e-01
9.999501e-01 -2.334553e-04 -9.990474e-03 1.592862e+00 2.368852e-04 9.999999e-01 3.420993e-04 -1.428639e-01 9.990336e-03 -3.444475e-04 9.999499e-01 -4.587973e-01
9.992430e-01 1.596860e-03 -3.886886e-02 1.629192e+00 -1.558299e-03 9.999983e-01 1.022344e-03 -1.495839e-01 3.887037e-02 -9.609993e-04 9.992437e-01 -3.999999e-01
9.987380e-01 -1.858874e-03 5.018978e-02 1.692306e+00 1.930981e-03 9.999972e-01 -1.388228e-03 -1.565697e-01 -5.018712e-02 1.483393e-03 9.987386e-01 -2.687357e-01
9.982440e-01 2.497758e-03 -5.918262e-02 1.756063e+00 -2.399200e-03 9.999956e-01 1.736307e-03 -1.610463e-01 5.918663e-02 -1.591266e-03 9.982456e-01 -2.261251e-01
9.999985e-01 -8.653169e-04 1.495250e-03 1.797281e+00 8.655003e-04 9.999996e-01 -1.216011e-04 -1.661553e-01 -1.495210e-03 1.228965e-04 9.999988e-01 -2.313508e-01
9.984158e-01 2.416892e-03 -5.621409e-02 1.838748e+00 -2.324944e-03 9.999959e-01 1.701014e-03 -1.709348e-01 5.621789e-02 -1.567623e-03 9.984172e-01 -2.419412e-01
9.999843e-01 -9.917083e-04 5.503529e-03 1.879881e+00 9.934199e-04 9.999995e-01 -3.081500e-04 -1.760148e-01 -5.503294e-03 3.136140e-04 9.999847e-01 -2.391838e-01
9.981720e-01 2.562625e-03 -6.038305e-02 1.919766e+00 -2.450216e-03 9.999951e-01 1.935564e-03 -1.818009e-01 6.038764e-02 -1.784073e-03 9.981733e-01 -2.186194e-01
9.998637e-01 -1.277957e-03 1.646174e-02 1.964742e+00 1.290798e-03 9.999989e-01 -7.694260e-04 -1.846720e-01 -1.646082e-02 7.905715e-04 9.998641e-01 -2.746056e-01
9.983693e-01 2.408210e-03 -5.703401e-02 2.002676e+00 -2.301829e-03 9.999955e-01 1.930836e-03 -1.876314e-01 5.703832e-02 -1.796403e-03 9.983703e-01 -3.274854e-01
9.999276e-01 -1.113288e-03 1.198040e-02 2.042672e+00 1.121361e-03 9.999991e-01 -6.670758e-04 -1.939619e-01 -1.197973e-02 6.804635e-04 9.999279e-01 -2.772417e-01
9.998324e-01 1.260249e-03 -1.826404e-02 2.081539e+00 -1.248418e-03 9.999990e-01 6.591157e-04 -1.983175e-01 1.826476e-02 -6.362025e-04 9.998329e-01 -2.289167e-01
9.996316e-01 -1.387093e-03 2.710462e-02 2.128946e+00 1.413783e-03 9.999985e-01 -9.655060e-04 -2.009767e-01 -2.710333e-02 1.003472e-03 9.996321e-01 -2.072781e-01
9.998287e-01 1.243224e-03 -1.846489e-02 2.186750e+00 -1.232141e-03 9.999991e-01 6.115267e-04 -2.064600e-01 1.846555e-02 -5.886691e-04 9.998292e-01 -1.115808e-01
9.994286e-01 -1.557624e-03 3.376254e-02 2.250541e+00 1.594235e-03 9.999982e-01 -1.057435e-03 -2.113964e-01 -3.376091e-02 1.110658e-03 9.994292e-01 -2.364641e-02
9.998108e-01 1.275591e-03 -1.941071e-02 2.315687e+00 -1.264132e-03 9.999990e-01 6.026084e-04 -2.164493e-01 1.941138e-02 -5.779552e-04 9.998113e-01 6.700915e-02
9.994338e-01 -1.544581e-03 3.360919e-02 2.381246e+00 1.580762e-03 9.999982e-01 -1.049938e-03 -2.213117e-01 -3.360759e-02 1.102473e-03 9.994344e-01 1.524906e-01
9.997962e-01 1.280574e-03 -2.014419e-02 2.444453e+00 -1.268435e-03 9.999990e-01 6.153448e-04 -2.260932e-01 2.014488e-02 -5.896664e-04 9.997968e-01 2.340697e-01
9.991815e-01 -1.725095e-03 4.041373e-02 2.513965e+00 1.773552e-03 9.999978e-01 -1.163199e-03 -2.309540e-01 -4.041171e-02 1.233925e-03 9.991823e-01 3.247489e-01
9.997120e-01 1.391268e-03 -2.395875e-02 2.576636e+00 -1.375455e-03 9.999988e-01 6.764483e-04 -2.355787e-01 2.395958e-02 -6.432979e-04 9.997126e-01 4.086688e-01
9.995465e-01 -1.498956e-03 3.007462e-02 2.584801e+00 1.527316e-03 9.999984e-01 -9.200091e-04 -2.368059e-01 -3.007327e-02 9.655268e-04 9.995472e-01 4.117284e-01
9.996210e-01 1.493545e-03 -2.748863e-02 2.578777e+00 -1.471747e-03 9.999986e-01 8.131743e-04 -2.372449e-01 2.748973e-02 -7.724084e-04 9.996217e-01 3.911176e-01
9.993436e-01 -1.614228e-03 3.618894e-02 2.619223e+00 1.655920e-03 9.999980e-01 -1.122104e-03 -2.405151e-01 -3.618714e-02 1.181295e-03 9.993443e-01 4.376377e-01
9.993091e-01 1.722635e-03 -3.712452e-02 2.615713e+00 -1.681493e-03 9.999979e-01 1.139401e-03 -2.411929e-01 3.712633e-02 -1.076188e-03 9.993099e-01 4.140729e-01
9.994464e-01 -1.576460e-03 3.323331e-02 2.617883e+00 1.612241e-03 9.999981e-01 -1.049871e-03 -2.433315e-01 -3.323167e-02 1.102871e-03 9.994470e-01 4.229386e-01
9.989960e-01 1.937736e-03 -4.475609e-02 2.655270e+00 -1.879792e-03 9.999973e-01 1.336697e-03 -2.482214e-01 4.475848e-02 -1.251222e-03 9.989970e-01 4.824116e-01
9.993474e-01 -1.683106e-03 3.608073e-02 2.676005e+00 1.728412e-03 9.999978e-01 -1.224489e-03 -2.528986e-01 -3.607867e-02 1.286054e-03 9.993480e-01 5.469478e-01
9.990394e-01 1.976296e-03 -4.377559e-02 2.701858e+00 -1.914656e-03 9.999971e-01 1.449967e-03 -2.575206e-01 4.377825e-02 -1.364758e-03 9.990403e-01 6.071312e-01
9.996575e-01 -1.450585e-03 2.613036e-02 2.749012e+00 1.477658e-03 9.999984e-01 -1.016784e-03 -2.644137e-01 -2.612893e-02 1.055049e-03 9.996579e-01 7.140101e-01
9.989592e-01 2.007032e-03 -4.556878e-02 2.803138e+00 -1.941828e-03 9.999970e-01 1.475104e-03 -2.708836e-01 4.557153e-02 -1.385080e-03 9.989600e-01 8.020822e-01
9.995327e-01 -1.563458e-03 3.052527e-02 2.863397e+00 1.599719e-03 9.999980e-01 -1.163485e-03 -2.771459e-01 -3.052348e-02 1.211774e-03 9.995332e-01 8.852425e-01
9.988483e-01 2.113200e-03 -4.793350e-02 2.928251e+00 -2.039786e-03 9.999967e-01 1.580422e-03 -2.831554e-01 4.793659e-02 -1.480826e-03 9.988492e-01 9.577240e-01
9.995754e-01 -1.549313e-03 2.909486e-02 2.977025e+00 1.583253e-03 9.999981e-01 -1.143501e-03 -2.893551e-01 -2.909311e-02 1.189081e-03 9.995759e-01 1.039288e+00
9.990730e-01 1.946041e-03 -4.300427e-02 3.022175e+00 -1.887057e-03 9.999972e-01 1.412115e-03 -2.953992e-01 4.300682e-02 -1.329654e-03 9.990738e-01 1.126974e+00
9.994255e-01 -1.651790e-03 3.385231e-02 3.058324e+00 1.696107e-03 9.999977e-01 -1.280439e-03 -3.007514e-01 -3.385021e-02 1.337122e-03 9.994259e-01 1.207771e+00
9.990362e-01 1.938685e-03 -4.384944e-02 3.084043e+00 -1.876438e-03 9.999972e-01 1.460659e-03 -3.065073e-01 4.385206e-02 -1.376969e-03 9.990370e-01 1.302027e+00
9.994543e-01 -1.629480e-03 3.299224e-02 3.126876e+00 1.672041e-03 9.999978e-01 -1.262464e-03 -3.149853e-01 -3.299019e-02 1.316941e-03 9.994547e-01 1.468246e+00
9.987913e-01 2.129276e-03 -4.910504e-02 3.171646e+00 -2.049618e-03 9.999965e-01 1.672468e-03 -3.230545e-01 4.910834e-02 -1.569799e-03 9.987921e-01 1.614854e+00
9.992949e-01 -1.795397e-03 3.750345e-02 3.207675e+00 1.852869e-03 9.999972e-01 -1.497722e-03 -3.297486e-01 -3.750074e-02 1.566157e-03 9.992953e-01 1.731808e+00
9.988601e-01 2.128667e-03 -4.768610e-02 3.238963e+00 -2.049490e-03 9.999964e-01 1.709177e-03 -3.353227e-01 4.768948e-02 -1.609496e-03 9.988608e-01 1.819876e+00
9.993532e-01 -1.757829e-03 3.591647e-02 3.282161e+00 1.812439e-03 9.999973e-01 -1.487936e-03 -3.411666e-01 -3.591385e-02 1.552071e-03 9.993536e-01 1.904591e+00
9.986594e-01 2.255381e-03 -5.171254e-02 3.319482e+00 -2.161334e-03 9.999959e-01 1.874483e-03 -3.467045e-01 5.171646e-02 -1.760201e-03 9.986602e-01 1.978254e+00
9.992358e-01 -1.841630e-03 3.904282e-02 3.341071e+00 1.905677e-03 9.999969e-01 -1.603257e-03 -3.515378e-01 -3.903984e-02 1.676436e-03 9.992362e-01 2.043231e+00
9.986365e-01 2.238619e-03 -5.215459e-02 3.370329e+00 -2.143796e-03 9.999959e-01 1.873959e-03 -3.563675e-01 5.215848e-02 -1.759593e-03 9.986372e-01 2.103082e+00
9.991272e-01 -1.873382e-03 4.172962e-02 3.400999e+00 1.943630e-03 9.999968e-01 -1.642867e-03 -3.618314e-01 -4.172650e-02 1.722542e-03 9.991275e-01 2.185807e+00
9.985374e-01 2.257223e-03 -5.401681e-02 3.442659e+00 -2.157377e-03 9.999959e-01 1.906653e-03 -3.682933e-01 5.402079e-02 -1.787328e-03 9.985381e-01 2.289230e+00
9.989277e-01 -1.975226e-03 4.625408e-02 3.480104e+00 2.059819e-03 9.999963e-01 -1.781270e-03 -3.742901e-01 -4.625048e-02 1.874637e-03 9.989280e-01 2.388968e+00
9.987334e-01 2.151984e-03 -5.026880e-02 3.508621e+00 -2.063131e-03 9.999962e-01 1.819366e-03 -3.793725e-01 5.027244e-02 -1.713349e-03 9.987340e-01 2.475482e+00
9.990974e-01 -1.877006e-03 4.243656e-02 3.549700e+00 1.950131e-03 9.999967e-01 -1.681807e-03 -3.865214e-01 -4.243335e-02 1.763047e-03 9.990977e-01 2.608517e+00
9.983368e-01 2.378527e-03 -5.760153e-02 3.596352e+00 -2.262690e-03 9.999953e-01 2.076127e-03 -3.935030e-01 5.760611e-02 -1.942339e-03 9.983374e-01 2.721609e+00
9.991173e-01 -1.852092e-03 4.196497e-02 3.641763e+00 1.924660e-03 9.999967e-01 -1.688902e-03 -3.997377e-01 -4.196180e-02 1.768181e-03 9.991176e-01 2.811760e+00
9.985999e-01 2.196102e-03 -5.285238e-02 3.678435e+00 -2.099493e-03 9.999960e-01 1.883328e-03 -4.049404e-01 5.285621e-02 -1.769727e-03 9.986005e-01 2.884762e+00
9.990472e-01 -1.866230e-03 4.360294e-02 3.713388e+00 1.942485e-03 9.999967e-01 -1.706518e-03 -4.099095e-01 -4.359971e-02 1.789591e-03 9.990474e-01 2.952546e+00
9.986385e-01 2.183289e-03 -5.211760e-02 3.744261e+00 -2.087298e-03 9.999960e-01 1.896155e-03 -4.141637e-01 5.212143e-02 -1.784787e-03 9.986391e-01 3.006630e+00
9.989825e-01 -1.908347e-03 4.505744e-02 3.777873e+00 1.990477e-03 9.999964e-01 -1.777966e-03 -4.193680e-01 -4.505398e-02 1.865844e-03 9.989827e-01 3.085383e+00
9.986144e-01 2.209087e-03 -5.257694e-02 3.815459e+00 -2.109460e-03 9.999959e-01 1.950284e-03 -4.247327e-01 5.258093e-02 -1.836672e-03 9.986149e-01 3.164790e+00
9.992452e-01 -1.746601e-03 3.880695e-02 3.860948e+00 1.811161e-03 9.999970e-01 -1.628518e-03 -4.307497e-01 -3.880409e-02 1.697576e-03 9.992453e-01 3.252852e+00
9.987193e-01 2.135098e-03 -5.054770e-02 3.904510e+00 -2.042037e-03 9.999961e-01 1.892597e-03 -4.364068e-01 5.055145e-02 -1.786951e-03 9.987198e-01 3.332791e+00
9.990734e-01 -1.854260e-03 4.299700e-02 3.937816e+00 1.932596e-03 9.999965e-01 -1.780387e-03 -4.412283e-01 -4.299365e-02 1.861834e-03 9.990735e-01 3.400044e+00
9.988998e-01 2.032403e-03 -4.685170e-02 3.941530e+00 -1.947295e-03 9.999964e-01 1.862091e-03 -4.436054e-01 4.685522e-02 -1.768807e-03 9.989001e-01 3.418514e+00
9.991392e-01 -1.812217e-03 4.144281e-02 3.936947e+00 1.886891e-03 9.999967e-01 -1.762785e-03 -4.451050e-01 -4.143958e-02 1.839467e-03 9.991393e-01 3.412448e+00
9.987739e-01 2.094539e-03 -4.945897e-02 3.964429e+00 -2.001170e-03 9.999961e-01 1.937239e-03 -4.484477e-01 4.946274e-02 -1.835887e-03 9.987742e-01 3.439256e+00
9.991174e-01 -1.814781e-03 4.196526e-02 4.012128e+00 1.892622e-03 9.999966e-01 -1.815218e-03 -4.532463e-01 -4.196192e-02 1.893042e-03 9.991174e-01 3.499059e+00
9.989336e-01 2.000847e-03 -4.612575e-02 4.083107e+00 -1.917923e-03 9.999965e-01 1.841945e-03 -4.594816e-01 4.612918e-02 -1.751514e-03 9.989339e-01 3.594134e+00
9.989222e-01 -1.906150e-03 4.637496e-02 4.185601e+00 1.997829e-03 9.999961e-01 -1.930614e-03 -4.675183e-01 -4.637120e-02 2.021183e-03 9.989222e-01 3.736446e+00
9.989076e-01 2.021754e-03 -4.668529e-02 4.287916e+00 -1.937661e-03 9.999964e-01 1.846435e-03 -4.747825e-01 4.668876e-02 -1.753957e-03 9.989079e-01 3.854782e+00
9.989786e-01 -1.842695e-03 4.514696e-02 4.318700e+00 1.929736e-03 9.999964e-01 -1.884422e-03 -4.781867e-01 -4.514342e-02 1.969621e-03 9.989785e-01 3.897726e+00
9.987193e-01 2.073959e-03 -5.055068e-02 4.299182e+00 -1.974287e-03 9.999960e-01 2.021555e-03 -4.778916e-01 5.055457e-02 -1.919164e-03 9.987194e-01 3.847935e+00
9.989192e-01 -1.862307e-03 4.644122e-02 4.281688e+00 1.951864e-03 9.999963e-01 -1.883112e-03 -4.775394e-01 -4.643764e-02 1.971725e-03 9.989192e-01 3.796691e+00
9.988492e-01 2.032314e-03 -4.791726e-02 4.276280e+00 -1.940922e-03 9.999962e-01 1.953739e-03 -4.781928e-01 4.792095e-02 -1.858486e-03 9.988493e-01 3.773520e+00
9.988103e-01 -1.893604e-03 4.872754e-02 4.292964e+00 1.992644e-03 9.999960e-01 -1.984006e-03 -4.797438e-01 -4.872369e-02 2.078744e-03 9.988101e-01 3.768665e+00
9.989077e-01 1.989621e-03 -4.668419e-02 4.329903e+00 -1.904147e-03 9.999964e-01 1.875291e-03 -4.826977e-01 4.668766e-02 -1.784348e-03 9.989079e-01 3.800068e+00
9.988214e-01 -1.876466e-03 4.849979e-02 4.366880e+00 1.974622e-03 9.999961e-01 -1.975986e-03 -4.859054e-01 -4.849599e-02 2.069427e-03 9.988212e-01 3.839573e+00
9.988209e-01 2.043717e-03 -4.850245e-02 4.393300e+00 -1.951904e-03 9.999962e-01 1.940215e-03 -4.878857e-01 4.850614e-02 -1.843254e-03 9.988211e-01 3.844232e+00
9.988512e-01 -1.876477e-03 4.788277e-02 4.415512e+00 1.970749e-03 9.999962e-01 -1.921661e-03 -4.895492e-01 -4.787908e-02 2.013819e-03 9.988510e-01 3.839922e+00
9.987998e-01 2.049274e-03 -4.893483e-02 4.428561e+00 -1.955613e-03 9.999962e-01 1.961785e-03 -4.906471e-01 4.893857e-02 -1.863732e-03 9.988000e-01 3.823239e+00
9.988432e-01 -1.885346e-03 4.804858e-02 4.448476e+00 1.980370e-03 9.999962e-01 -1.930124e-03 -4.925113e-01 -4.804486e-02 2.023046e-03 9.988431e-01 3.824314e+00
9.989455e-01 1.971399e-03 -4.586788e-02 4.540139e+00 -1.892692e-03 9.999967e-01 1.759300e-03 -4.986893e-01 4.587110e-02 -1.670630e-03 9.989459e-01 3.918017e+00
9.988268e-01 -1.874027e-03 4.838835e-02 4.594048e+00 1.969111e-03 9.999962e-01 -1.917401e-03 -5.024248e-01 -4.838467e-02 2.010434e-03 9.988267e-01 3.966671e+00
9.988359e-01 2.024703e-03 -4.819422e-02 4.605115e+00 -1.935547e-03 9.999963e-01 1.896517e-03 -5.038332e-01 4.819778e-02 -1.801027e-03 9.988361e-01 3.961720e+00
9.988005e-01 -1.917012e-03 4.892742e-02 4.593870e+00 2.011491e-03 9.999962e-01 -1.881819e-03 -5.039436e-01 -4.892373e-02 1.977980e-03 9.988005e-01 3.937087e+00
9.988885e-01 1.991283e-03 -4.709376e-02 4.549989e+00 -1.902196e-03 9.999963e-01 1.936412e-03 -5.018342e-01 4.709734e-02 -1.844677e-03 9.988885e-01 3.861913e+00
9.987636e-01 -1.923691e-03 4.967400e-02 4.519091e+00 2.022160e-03 9.999961e-01 -1.932104e-03 -5.005719e-01 -4.967019e-02 2.030165e-03 9.987636e-01 3.805556e+00
9.988158e-01 2.030794e-03 -4.860831e-02 4.509989e+00 -1.938298e-03 9.999962e-01 1.949928e-03 -5.010567e-01 4.861199e-02 -1.853401e-03 9.988160e-01 3.787846e+00
9.985311e-01 -2.036953e-03 5.414287e-02 4.513527e+00 2.154434e-03 9.999954e-01 -2.111544e-03 -5.024091e-01 -5.413842e-02 2.225090e-03 9.985309e-01 3.801565e+00
9.985638e-01 2.181198e-03 -5.353021e-02 4.483975e+00 -2.067002e-03 9.999955e-01 2.188553e-03 -5.017387e-01 5.353465e-02 -2.074762e-03 9.985638e-01 3.757219e+00
9.985690e-01 -2.038400e-03 5.343805e-02 4.477511e+00 2.156127e-03 9.999954e-01 -2.145477e-03 -5.035894e-01 -5.343352e-02 2.257627e-03 9.985688e-01 3.780042e+00
9.986683e-01 2.128343e-03 -5.154628e-02 4.512389e+00 -2.025301e-03 9.999958e-01 2.051160e-03 -5.090679e-01 5.155034e-02 -1.944031e-03 9.986684e-01 3.891962e+00
9.986046e-01 -2.015782e-03 5.277086e-02 4.553307e+00 2.131376e-03 9.999955e-01 -2.134294e-03 -5.143984e-01 -5.276642e-02 2.243791e-03 9.986043e-01 3.996323e+00
9.986503e-01 2.130346e-03 -5.189368e-02 4.577568e+00 -2.025677e-03 9.999958e-01 2.069492e-03 -5.181970e-01 5.189777e-02 -1.961579e-03 9.986504e-01 4.068021e+00
9.985337e-01 -2.036683e-03 5.409464e-02 4.622275e+00 2.157460e-03 9.999953e-01 -2.174381e-03 -5.239749e-01 -5.409006e-02 2.287900e-03 9.985334e-01 4.181451e+00
9.986214e-01 2.137567e-03 -5.244614e-02 4.667219e+00 -2.030878e-03 9.999958e-01 2.087471e-03 -5.301400e-01 5.245028e-02 -1.978081e-03 9.986215e-01 4.308185e+00
9.985350e-01 -2.023797e-03 5.407053e-02 4.692211e+00 2.144114e-03 9.999954e-01 -2.167258e-03 -5.344673e-01 -5.406599e-02 2.280018e-03 9.985347e-01 4.393387e+00
9.986015e-01 2.141652e-03 -5.282376e-02 4.700816e+00 -2.032201e-03 9.999957e-01 2.125607e-03 -5.372777e-01 5.282799e-02 -2.015285e-03 9.986015e-01 4.441874e+00
9.980835e-01 -2.175818e-03 6.184273e-02 4.750816e+00 2.329307e-03 9.999944e-01 -2.409933e-03 -5.427428e-01 -6.183723e-02 2.549367e-03 9.980829e-01 4.550133e+00
9.986928e-01 2.074677e-03 -5.107088e-02 4.808805e+00 -1.969528e-03 9.999958e-01 2.109100e-03 -5.488151e-01 5.107495e-02 -2.005757e-03 9.986927e-01 4.669882e+00
9.984606e-01 -2.023504e-03 5.542712e-02 4.855155e+00 2.150637e-03 9.999952e-01 -2.234144e-03 -5.550011e-01 -5.542243e-02 2.349909e-03 9.984602e-01 4.795300e+00
9.984853e-01 2.120362e-03 -5.497745e-02 4.890580e+00 -2.002971e-03 9.999956e-01 2.190263e-03 -5.614438e-01 5.498176e-02 -2.076827e-03 9.984851e-01 4.935125e+00
9.984412e-01 -2.032672e-03 5.577638e-02 4.986946e+00 2.162329e-03 9.999951e-01 -2.264316e-03 -5.704961e-01 -5.577160e-02 2.381394e-03 9.984407e-01 5.116129e+00
9.984661e-01 2.106183e-03 -5.532570e-02 5.071015e+00 -1.986394e-03 9.999956e-01 2.220045e-03 -5.802162e-01 5.533004e-02 -2.106740e-03 9.984658e-01 5.324480e+00
9.984594e-01 -2.029149e-03 5.544963e-02 5.138802e+00 2.157567e-03 9.999951e-01 -2.256153e-03 -5.901982e-01 -5.544488e-02 2.372315e-03 9.984589e-01 5.547360e+00
9.984707e-01 2.110721e-03 -5.524341e-02 5.207258e+00 -1.991426e-03 9.999956e-01 2.214401e-03 -5.995144e-01 5.524774e-02 -2.101000e-03 9.984704e-01 5.750968e+00
9.983919e-01 -2.052294e-03 5.665005e-02 5.264424e+00 2.185481e-03 9.999950e-01 -2.289184e-03 -6.087929e-01 -5.664516e-02 2.409311e-03 9.983914e-01 5.957907e+00
9.985532e-01 2.078655e-03 -5.373239e-02 5.319550e+00 -1.963664e-03 9.999957e-01 2.192765e-03 -6.181230e-01 5.373662e-02 -2.084079e-03 9.985529e-01 6.165024e+00
9.983256e-01 -2.068878e-03 5.780617e-02 5.384764e+00 2.205231e-03 9.999949e-01 -2.295103e-03 -6.275354e-01 -5.780123e-02 2.418737e-03 9.983251e-01 6.370446e+00
9.986423e-01 2.037522e-03 -5.205082e-02 5.450479e+00 -1.929369e-03 9.999959e-01 2.128001e-03 -6.368747e-01 5.205485e-02 -2.024686e-03 9.986421e-01 6.575636e+00
9.983250e-01 -2.060384e-03 5.781835e-02 5.526978e+00 2.194195e-03 9.999951e-01 -2.250931e-03 -6.464641e-01 -5.781352e-02 2.374026e-03 9.983245e-01 6.781332e+00
9.986315e-01 2.045715e-03 -5.225716e-02 5.605103e+00 -1.939939e-03 9.999960e-01 2.074787e-03 -6.552365e-01 5.226110e-02 -1.970571e-03 9.986314e-01 6.965452e+00
9.984640e-01 -2.015858e-03 5.536640e-02 5.672682e+00 2.137151e-03 9.999954e-01 -2.131609e-03 -6.645851e-01 -5.536194e-02 2.246662e-03 9.984638e-01 7.166472e+00
9.986475e-01 2.051364e-03 -5.195046e-02 5.732118e+00 -1.950739e-03 9.999961e-01 1.987565e-03 -6.727328e-01 5.195424e-02 -1.883535e-03 9.986476e-01 7.342136e+00
9.984035e-01 -2.035829e-03 5.644647e-02 5.805684e+00 2.157676e-03 9.999955e-01 -2.097754e-03 -6.811812e-01 -5.644204e-02 2.216199e-03 9.984034e-01 7.514507e+00
9.985442e-01 2.072376e-03 -5.389934e-02 5.884260e+00 -1.967923e-03 9.999961e-01 1.990912e-03 -6.900735e-01 5.390317e-02 -1.881943e-03 9.985443e-01 7.702558e+00
9.984712e-01 -2.001412e-03 5.523716e-02 5.950630e+00 2.118954e-03 9.999956e-01 -2.069466e-03 -6.985555e-01 -5.523287e-02 2.183348e-03 9.984710e-01 7.882297e+00
9.987271e-01 1.996203e-03 -5.039948e-02 6.019581e+00 -1.902220e-03 9.999964e-01 1.912636e-03 -7.070471e-01 5.040302e-02 -1.814330e-03 9.987272e-01 8.061252e+00
9.982404e-01 -2.092779e-03 5.925856e-02 6.085487e+00 2.224475e-03 9.999952e-01 -2.156508e-03 -7.151025e-01 -5.925386e-02 2.284533e-03 9.982403e-01 8.233092e+00
9.986243e-01 2.057079e-03 -5.239530e-02 6.151107e+00 -1.953920e-03 9.999961e-01 2.020006e-03 -7.235248e-01 5.239916e-02 -1.914850e-03 9.986243e-01 8.409755e+00
9.982632e-01 -2.074034e-03 5.887463e-02 6.215959e+00 2.208144e-03 9.999951e-01 -2.212920e-03 -7.312515e-01 -5.886984e-02 2.339081e-03 9.982629e-01 8.569659e+00
9.987206e-01 2.014836e-03 -5.052675e-02 6.282092e+00 -1.918476e-03 9.999962e-01 1.955514e-03 -7.384317e-01 5.053040e-02 -1.856078e-03 9.987207e-01 8.714595e+00
9.982866e-01 -2.063212e-03 5.847691e-02 6.350050e+00 2.194363e-03 9.999952e-01 -2.178654e-03 -7.457045e-01 -5.847223e-02 2.303241e-03 9.982863e-01 8.859259e+00
9.986839e-01 2.036098e-03 -5.124805e-02 6.425162e+00 -1.939465e-03 9.999962e-01 1.935250e-03 -7.533609e-01 5.125171e-02 -1.833309e-03 9.986840e-01 9.012269e+00
9.981137e-01 -2.130299e-03 6.135437e-02 6.502434e+00 2.271041e-03 9.999949e-01 -2.224258e-03 -7.605722e-01 -6.134941e-02 2.359402e-03 9.981135e-01 9.155110e+00
9.985695e-01 2.110038e-03 -5.342684e-02 6.611864e+00 -2.007037e-03 9.999960e-01 1.981450e-03 -7.688121e-01 5.343072e-02 -1.871386e-03 9.985697e-01 9.302775e+00
9.979860e-01 -2.195391e-03 6.339637e-02 6.710614e+00 2.342269e-03 9.999947e-01 -2.242574e-03 -7.770535e-01 -6.339121e-02 2.386550e-03 9.979858e-01 9.461417e+00
9.983263e-01 2.204709e-03 -5.779080e-02 6.808867e+00 -2.086391e-03 9.999956e-01 2.107618e-03 -7.862331e-01 5.779510e-02 -1.983516e-03 9.983264e-01 9.643664e+00
9.980193e-01 -2.185860e-03 6.286998e-02 6.916623e+00 2.331364e-03 9.999948e-01 -2.241103e-03 -7.957387e-01 -6.286485e-02 2.383238e-03 9.980191e-01 9.830275e+00
9.983883e-01 2.179177e-03 -5.670996e-02 7.011969e+00 -2.064077e-03 9.999957e-01 2.088110e-03 -8.052056e-01 5.671418e-02 -1.967690e-03 9.983884e-01 1.002498e+01
9.982036e-01 -2.173649e-03 5.987275e-02 7.113235e+00 2.307884e-03 9.999950e-01 -2.172947e-03 -8.157510e-01 -5.986782e-02 2.307223e-03 9.982036e-01 1.024781e+01
9.984601e-01 2.164670e-03 -5.543107e-02 7.249077e+00 -2.055535e-03 9.999958e-01 2.025777e-03 -8.261964e-01 5.543513e-02 -1.908717e-03 9.984604e-01 1.044512e+01
9.979258e-01 -2.233687e-03 6.433508e-02 7.365054e+00 2.384386e-03 9.999946e-01 -2.265713e-03 -8.357317e-01 -6.432976e-02 2.414414e-03 9.979257e-01 1.063644e+01
9.987563e-01 2.027510e-03 -4.981612e-02 7.481477e+00 -1.937036e-03 9.999964e-01 1.864362e-03 -8.443600e-01 4.981963e-02 -1.765548e-03 9.987566e-01 1.080018e+01
9.979996e-01 -2.200699e-03 6.318085e-02 7.609758e+00 2.345311e-03 9.999948e-01 -2.214775e-03 -8.535785e-01 -6.317574e-02 2.358524e-03 9.979996e-01 1.097227e+01
9.985981e-01 2.094277e-03 -5.289049e-02 7.756626e+00 -1.994993e-03 9.999961e-01 1.929879e-03 -8.637055e-01 5.289424e-02 -1.821657e-03 9.985984e-01 1.115363e+01
9.978747e-01 -2.226152e-03 6.512419e-02 7.875370e+00 2.378586e-03 9.999946e-01 -2.263230e-03 -8.720988e-01 -6.511889e-02 2.413324e-03 9.978745e-01 1.131217e+01
9.989231e-01 1.894722e-03 -4.635773e-02 7.953353e+00 -1.815627e-03 9.999968e-01 1.748237e-03 -8.790058e-01 4.636080e-02 -1.662186e-03 9.989233e-01 1.145759e+01
9.979399e-01 -2.215015e-03 6.411684e-02 8.040850e+00 2.359820e-03 9.999948e-01 -2.182816e-03 -8.868403e-01 -6.411176e-02 2.329624e-03 9.979399e-01 1.161978e+01
9.988109e-01 1.965464e-03 -4.871195e-02 8.129996e+00 -1.882041e-03 9.999967e-01 1.758376e-03 -8.945236e-01 4.871516e-02 -1.664607e-03 9.988112e-01 1.177746e+01
9.976114e-01 -2.333835e-03 6.903618e-02 8.207451e+00 2.497047e-03 9.999943e-01 -2.277941e-03 -9.012322e-01 -6.903055e-02 2.444887e-03 9.976115e-01 1.191927e+01
9.992558e-01 1.669420e-03 -3.853592e-02 8.285001e+00 -1.611299e-03 9.999975e-01 1.539235e-03 -9.069579e-01 3.853831e-02 -1.475997e-03 9.992560e-01 1.204447e+01
9.981366e-01 -2.144234e-03 6.098024e-02 8.365043e+00 2.276625e-03 9.999952e-01 -2.101650e-03 -9.138550e-01 -6.097552e-02 2.236563e-03 9.981367e-01 1.219078e+01
9.991297e-01 1.773044e-03 -4.167306e-02 8.440345e+00 -1.708827e-03 9.999973e-01 1.576549e-03 -9.207547e-01 4.167566e-02 -1.503965e-03 9.991300e-01 1.233685e+01
9.983192e-01 -2.078461e-03 5.791666e-02 8.512179e+00 2.197626e-03 9.999956e-01 -1.993910e-03 -9.279494e-01 -5.791234e-02 2.117838e-03 9.983193e-01 1.248662e+01
9.991639e-01 1.766753e-03 -4.084430e-02 8.586147e+00 -1.706962e-03 9.999974e-01 1.498702e-03 -9.345961e-01 4.084676e-02 -1.427730e-03 9.991643e-01 1.262439e+01
9.980202e-01 -2.210389e-03 6.285481e-02 8.659083e+00 2.344093e-03 9.999951e-01 -2.053520e-03 -9.404415e-01 -6.285005e-02 2.196792e-03 9.980205e-01 1.274446e+01
9.990915e-01 1.826274e-03 -4.257729e-02 8.735420e+00 -1.763757e-03 9.999973e-01 1.505843e-03 -9.465205e-01 4.257985e-02 -1.429379e-03 9.990920e-01 1.286837e+01
9.978616e-01 -2.272711e-03 6.532235e-02 8.821587e+00 2.413880e-03 9.999949e-01 -2.082271e-03 -9.525732e-01 -6.531736e-02 2.235499e-03 9.978620e-01 1.298915e+01
9.990474e-01 1.874325e-03 -4.359654e-02 8.927237e+00 -1.810382e-03 9.999972e-01 1.506119e-03 -9.589197e-01 4.359917e-02 -1.425758e-03 9.990480e-01 1.310457e+01
9.979241e-01 -2.249470e-03 6.436089e-02 9.023969e+00 2.386230e-03 9.999951e-01 -2.048094e-03 -9.650172e-01 -6.435603e-02 2.197423e-03 9.979245e-01 1.322031e+01
9.988523e-01 1.964001e-03 -4.785558e-02 9.097517e+00 -1.888244e-03 9.999969e-01 1.628192e-03 -9.708144e-01 4.785856e-02 -1.535960e-03 9.988529e-01 1.333185e+01
9.982781e-01 -2.087870e-03 5.862099e-02 9.161672e+00 2.204782e-03 9.999957e-01 -1.929762e-03 -9.758608e-01 -5.861678e-02 2.055685e-03 9.982784e-01 1.341985e+01
9.985655e-01 2.101413e-03 -5.350164e-02 9.207208e+00 -2.009903e-03 9.999964e-01 1.764157e-03 -9.797084e-01 5.350509e-02 -1.654093e-03 9.985661e-01 1.347961e+01
9.984801e-01 -1.967331e-03 5.507891e-02 9.257669e+00 2.072956e-03 9.999961e-01 -1.860638e-03 -9.835594e-01 -5.507510e-02 1.971986e-03 9.984802e-01 1.353418e+01
9.985100e-01 2.158307e-03 -5.452581e-02 9.340720e+00 -2.065018e-03 9.999963e-01 1.767197e-03 -9.863963e-01 5.452936e-02 -1.651967e-03 9.985107e-01 1.352851e+01
9.985412e-01 -1.979930e-03 5.395941e-02 9.469616e+00 2.080688e-03 9.999962e-01 -1.811184e-03 -9.901185e-01 -5.395568e-02 1.920815e-03 9.985414e-01 1.351592e+01
9.987022e-01 2.052510e-03 -5.088828e-02 9.574417e+00 -1.971600e-03 9.999967e-01 1.640103e-03 -9.966756e-01 5.089141e-02 -1.537644e-03 9.987029e-01 1.361572e+01
9.983825e-01 -2.073173e-03 5.681551e-02 9.649771e+00 2.180238e-03 9.999960e-01 -1.822510e-03 -1.004190e+00 -5.681157e-02 1.943433e-03 9.983829e-01 1.376378e+01
9.983590e-01 2.228087e-03 -5.722202e-02 9.724316e+00 -2.131713e-03 9.999962e-01 1.745193e-03 -1.009542e+00 5.722562e-02 -1.620348e-03 9.983599e-01 1.384651e+01
9.984178e-01 -2.054758e-03 5.619217e-02 9.793548e+00 2.157664e-03 9.999961e-01 -1.770720e-03 -1.014082e+00 -5.618838e-02 1.889162e-03 9.984183e-01 1.390578e+01
9.983362e-01 2.220649e-03 -5.761836e-02 9.812479e+00 -2.119304e-03 9.999961e-01 1.819949e-03 -1.016653e+00 5.762211e-02 -1.694811e-03 9.983369e-01 1.393045e+01
9.984774e-01 -2.020722e-03 5.512497e-02 9.852702e+00 2.121070e-03 9.999962e-01 -1.761941e-03 -1.019839e+00 -5.512127e-02 1.876182e-03 9.984778e-01 1.395793e+01
9.981812e-01 2.279450e-03 -6.024143e-02 9.909529e+00 -2.169379e-03 9.999959e-01 1.892501e-03 -1.022618e+00 6.024543e-02 -1.758373e-03 9.981820e-01 1.395600e+01
9.982921e-01 -2.098735e-03 5.838134e-02 9.979016e+00 2.210392e-03 9.999958e-01 -1.848035e-03 -1.026645e+00 -5.837729e-02 1.973924e-03 9.982926e-01 1.399323e+01
9.980430e-01 2.361954e-03 -6.248660e-02 1.004969e+01 -2.245712e-03 9.999956e-01 1.930446e-03 -1.031125e+00 6.249082e-02 -1.786342e-03 9.980439e-01 1.403910e+01
9.984633e-01 -2.062641e-03 5.537885e-02 1.011888e+01 2.164788e-03 9.999961e-01 -1.784578e-03 -1.035301e+00 -5.537502e-02 1.901719e-03 9.984637e-01 1.406705e+01
9.979696e-01 2.385473e-03 -6.364693e-02 1.017707e+01 -2.263255e-03 9.999955e-01 1.992278e-03 -1.040276e+00 6.365132e-02 -1.844184e-03 9.979704e-01 1.412559e+01
9.986178e-01 -1.962724e-03 5.252262e-02 1.024709e+01 2.054618e-03 9.999965e-01 -1.695656e-03 -1.045606e+00 -5.251918e-02 1.801226e-03 9.986182e-01 1.418477e+01
9.978305e-01 2.455919e-03 -6.578888e-02 1.034300e+01 -2.326201e-03 9.999952e-01 2.048266e-03 -1.051059e+00 6.579352e-02 -1.890785e-03 9.978314e-01 1.422348e+01
9.986451e-01 -1.896636e-03 5.200380e-02 1.046616e+01 1.986336e-03 9.999966e-01 -1.673252e-03 -1.055747e+00 -5.200052e-02 1.774282e-03 9.986454e-01 1.421264e+01
9.981198e-01 2.296636e-03 -6.125072e-02 1.059679e+01 -2.186016e-03 9.999959e-01 1.872973e-03 -1.059840e+00 6.125470e-02 -1.735557e-03 9.981206e-01 1.418053e+01
9.985969e-01 -1.870042e-03 5.292209e-02 1.067417e+01 1.959761e-03 9.999967e-01 -1.643467e-03 -1.060446e+00 -5.291892e-02 1.744875e-03 9.985972e-01 1.408031e+01
9.979257e-01 2.348849e-03 -6.433317e-02 1.070045e+01 -2.229786e-03 9.999957e-01 1.922469e-03 -1.058326e+00 6.433733e-02 -1.775033e-03 9.979265e-01 1.392747e+01
9.988436e-01 -1.764286e-03 4.804507e-02 1.073876e+01 1.838369e-03 9.999972e-01 -1.497820e-03 -1.056930e+00 -4.804237e-02 1.584413e-03 9.988440e-01 1.377333e+01
9.982690e-01 2.168916e-03 -5.877348e-02 1.078772e+01 -2.070982e-03 9.999964e-01 1.727158e-03 -1.056912e+00 5.877693e-02 -1.602450e-03 9.982698e-01 1.366972e+01
9.985839e-01 -1.882258e-03 5.316674e-02 1.084815e+01 1.968665e-03 9.999968e-01 -1.572891e-03 -1.058490e+00 -5.316369e-02 1.675331e-03 9.985843e-01 1.362379e+01
9.981038e-01 2.237388e-03 -6.151254e-02 1.090192e+01 -2.132245e-03 9.999962e-01 1.774888e-03 -1.060151e+00 6.151619e-02 -1.640363e-03 9.981047e-01 1.358000e+01
9.986875e-01 -1.857497e-03 5.118317e-02 1.090117e+01 1.940294e-03 9.999969e-01 -1.568017e-03 -1.058937e+00 -5.118018e-02 1.665269e-03 9.986880e-01 1.347777e+01
9.983380e-01 2.112067e-03 -5.759060e-02 1.086425e+01 -2.013119e-03 9.999964e-01 1.776096e-03 -1.055923e+00 5.759407e-02 -1.657208e-03 9.983386e-01 1.335565e+01
9.987674e-01 -1.768187e-03 4.960351e-02 1.085918e+01 1.848706e-03 9.999970e-01 -1.577414e-03 -1.054655e+00 -4.960065e-02 1.667172e-03 9.987677e-01 1.326271e+01
9.984815e-01 2.075397e-03 -5.504890e-02 1.085161e+01 -1.979594e-03 9.999964e-01 1.794803e-03 -1.050977e+00 5.505235e-02 -1.683103e-03 9.984820e-01 1.310059e+01
9.987063e-01 -1.771135e-03 5.081917e-02 1.090774e+01 1.855965e-03 9.999970e-01 -1.622120e-03 -1.049256e+00 -5.081622e-02 1.714340e-03 9.987065e-01 1.296119e+01
9.984175e-01 2.096047e-03 -5.619584e-02 1.093160e+01 -1.996297e-03 9.999963e-01 1.831113e-03 -1.046845e+00 5.619939e-02 -1.716032e-03 9.984180e-01 1.281701e+01
9.987387e-01 -1.734895e-03 5.017921e-02 1.092320e+01 1.816573e-03 9.999971e-01 -1.582185e-03 -1.042201e+00 -5.017640e-02 1.671344e-03 9.987389e-01 1.262373e+01
9.984200e-01 2.102863e-03 -5.615118e-02 1.089283e+01 -2.000527e-03 9.999962e-01 1.878655e-03 -1.036000e+00 5.615484e-02 -1.763355e-03 9.984204e-01 1.239540e+01
9.986846e-01 -1.800372e-03 5.124225e-02 1.085814e+01 1.884385e-03 9.999970e-01 -1.591266e-03 -1.030472e+00 -5.123931e-02 1.685733e-03 9.986849e-01 1.219318e+01
9.983666e-01 2.175150e-03 -5.709107e-02 1.080014e+01 -2.068502e-03 9.999960e-01 1.927055e-03 -1.021847e+00 5.709496e-02 -1.805815e-03 9.983670e-01 1.190993e+01
9.986903e-01 -1.847684e-03 5.112863e-02 1.073418e+01 1.930553e-03 9.999969e-01 -1.571453e-03 -1.013369e+00 -5.112565e-02 1.668101e-03 9.986908e-01 1.163370e+01
9.984275e-01 2.133367e-03 -5.601708e-02 1.070649e+01 -2.035590e-03 9.999963e-01 1.802505e-03 -1.009404e+00 5.602063e-02 -1.685644e-03 9.984281e-01 1.147769e+01
9.985912e-01 -1.902856e-03 5.302738e-02 1.078824e+01 1.995630e-03 9.999966e-01 -1.696661e-03 -1.010893e+00 -5.302405e-02 1.800093e-03 9.985915e-01 1.142332e+01
