0.9999989827952004 0.0002519536962848313 -0.0014038973962601502 -0.0019257941748946905 -0.0002513960334903512 0.9999998894417728 0.0003973870609520319 -0.013237138278782368 0.0014039973641866057 -0.00039703372249115905 0.9999989355772456 0.8217267990112305
0.9999999362830486 0.00026307680939906264 -0.0002412975153300984 -0.00036826723953709006 -0.0002629714872874958 0.9999998701960189 0.00043641029103437144 -0.013928936794400215 0.00024141229343567453 -0.0004363468088611531 0.9999998756607756 0.8587997555732727
0.9999977564137984 0.00025301398838181407 0.002103128928942992 0.00260759424418211 -0.00025400817533408363 0.9999998561286273 0.0004724643605190273 -0.014778710901737213 -0.0021030090862707226 -0.00047299751244624035 0.9999976768103698 0.9013843536376953
0.9999932511841725 0.0002056333252861765 0.003668146813330722 0.004486566409468651 -0.0002071897756999475 0.9999998886735311 0.00042394023459312307 -0.014630066230893135 -0.0036680592287287274 -0.0004246973760140464 0.9999931824635774 0.8984594345092773
0.9999997646103133 0.0002066331467501969 0.0006542798029240647 0.0004125317791476846 -0.00020686735703170532 0.9999999145499003 0.0003579191086786193 -0.012856854125857353 -0.0006542057890640822 -0.00035805437356174264 0.9999997219058867 0.7982761859893799
0.9999877672831666 0.00016858943362074486 0.0049433654153861846 0.005677794571965933 -0.00017047557062727667 0.9999999128388849 0.0003811302955124844 -0.013848451897501945 -0.004943300729976286 -0.0003819683562935099 0.9999877088634977 0.8594840168952942
0.9999935549242129 0.000163600218772419 0.0035865505717928457 0.004035912919789553 -0.00016487291189834076 0.9999999235524927 0.00035455878535195907 -0.013429122045636177 -0.0035864922917151426 -0.0003551478252301586 0.9999935054504425 0.8345217704772949
0.9999862643589504 1.2702873290608521e-05 0.005241271989546604 0.005347928497940302 -1.3862105380130009e-05 0.9999999754530149 0.0002211375404189431 -0.011888112872838974 -0.005241269051807023 -0.0002212071580177103 0.999986239988391 0.72662353515625
0.9999970666307421 0.00021466891320222716 -0.00241260174278159 -0.0035534105263650417 -0.00021378364902459996 0.9999999097357476 0.00036718530513071693 -0.012064426206052303 0.002412680348280293 -0.00036666845323641585 0.9999970222594579 0.7396804094314575
0.9999326071661995 0.0004570368442939164 -0.011600527709106028 -0.014498723670840263 -0.0004511378674181879 0.9999997676149115 0.0005111210692464173 -0.011507830582559109 0.011600758614476911 -0.0005058531860175341 0.9999325809833994 0.691969096660614
0.9999994565652734 0.00026339092865297625 -0.0010087092629228243 -0.0015778481028974056 -0.00026296411389612053 0.9999998758593618 0.00042323886461795437 -0.013106100261211395 0.0010088206149786061 -0.0004229733802777543 0.9999994016870645 0.8181208372116089
0.9999898716540152 0.00020118759664915277 0.004496233194207147 0.005132668185979128 -0.00020312542954324932 0.9999998866886229 0.0004305378041346908 -0.01420743577182293 -0.0044961460658666935 -0.00043144674279775103 0.999989799210103 0.8750848770141602
0.999990675887561 0.0001585114362783478 0.004315438803161394 0.004955493379384279 -0.0001601189238402108 0.9999999179316801 0.00037215395166864955 -0.013922471553087234 -0.004315379458343185 -0.00037284146508042 0.9999906192006867 0.8606722354888916
0.999935987330549 -0.0001472484363534381 0.011313689017195214 0.012034258805215359 0.00014590745962567319 0.9999999822330287 0.00011935223210902633 -0.011482332833111286 -0.011313706390614782 -0.00011769384043055027 0.9999359910493604 0.7115849256515503
0.9999742509420738 3.2160917048484124e-05 0.007176100508901563 0.007768144831061363 -3.4006236662942864e-05 0.9999999663905815 0.00025702609161101363 -0.012277277186512947 -0.007176092001522185 -0.000257263505603515 0.9999742184271925 0.773591160774231
0.999975705423629 6.988019011389803e-05 0.006970199371200537 0.007499773986637592 -7.186016838919486e-05 0.9999999571430553 0.00028381332476269926 -0.012270845472812653 -0.006970179239549998 -0.0002843073093387265 0.999975667589328 0.7840973734855652
0.9999881499845341 0.00012352806527619406 0.0048666858667198035 0.00513445632532239 -0.00012508580630862275 0.9999999410473257 0.0003197794327843235 -0.012492898851633072 -0.004866646078081012 -0.0003203843967187888 0.9999881064841664 0.7914075255393982
0.9999817633610075 0.0001832316463407652 0.006036503257185967 0.007112816907465458 -0.0001858588676099855 0.9999998882617193 0.0004346642733959929 -0.014679670333862305 -0.006036422938427051 -0.0004357782842402605 0.9999816856799907 0.9026156663894653
0.9999786293552584 0.00027708107884201423 0.00653177302535196 0.008076965808868408 -0.000280917113238012 0.9999997886230441 0.0005863782421492707 -0.016639897599816322 -0.0065316091703697165 -0.0005882005976907813 0.9999784958196365 1.0016372203826904
0.9999921117350568 0.0003056755685145166 0.003960180565138446 0.005406663287431002 -0.0003080588454415503 0.9999997718206156 0.0006012141585323371 -0.017105691134929657 -0.003959995885027175 -0.0006024293846484037 0.9999919777235351 1.024097204208374
0.9999892032100326 0.0001957478545920212 0.004642752000909253 0.005439940840005875 -0.00019774909571147487 0.9999998877432617 0.0004305911747224944 -0.014466365799307823 -0.004642667192430397 -0.0004315046257298115 0.9999891296634673 0.8883839845657349
0.9999792704482651 0.0002690724755359687 0.006433216439580508 0.007973453029990196 -0.0002728318421058459 0.9999997925466146 0.0005834976552307751 -0.01666117273271084 -0.006433058101829417 -0.0005852407458778201 0.9999791364107192 1.0046072006225586
0.9999727032987072 0.00019724672781465565 0.007386051123840195 0.008884778246283531 -0.0002007831625957986 0.9999998655720477 0.00047806067401910874 -0.015591923147439957 -0.00738595583504482 -0.00047953061924342914 0.9999726084782462 0.9546539187431335
0.999938985745301 3.508514852604334e-05 0.011046427281745444 0.012469615787267685 -3.872001541880274e-05 0.9999999451825298 0.00032883992720058865 -0.013718942180275917 -0.01104641513881056 -0.00032924758111218714 0.999938932289673 0.8623297810554504
0.9998091736519316 -0.0002854220505694506 0.01953291621071721 0.021209606900811195 0.0002825274098751666 0.9999999486958232 0.00015095235616577115 -0.011639485135674477 -0.019532958293728055 -0.00014540496625458914 0.9998092029970975 0.7485866546630859
0.9998785575312185 -0.00022909503961579235 0.015582609048305659 0.016914386302232742 0.00022674833587873266 0.9999999626851676 0.00015236421954486947 -0.011648772284388542 -0.015582643372730128 -0.00014881238538754182 0.9998785721678368 0.7294329404830933
0.9995731885568242 -0.0005664435267223231 0.0292082156263437 0.031686633825302124 0.0005679500277132566 0.9999998377797111 -4.328183976585826e-05 -0.009967587888240814 -0.029208186371460557 5.9852173455801164e-05 0.9995733481173894 0.6421567797660828
0.9992867750759777 -0.0007600339059023195 0.037753986633390205 0.04102972149848938 0.0007671089448264617 0.9999996908224438 -0.00017291293642890556 -0.008811449632048607 -0.037753843541010426 0.00020175103146229085 0.9992870491477422 0.5844050645828247
0.9998410250439652 -0.0003185220237728688 0.017827596101355255 0.01870393380522728 0.0003182691766408091 0.999999949207522 1.70201175848587e-05 -0.009988375008106232 -0.017827600617129773 -1.1343437479750706e-05 0.9998410756353043 0.6624475121498108
0.9997246588327507 -0.00042444277770324244 0.023461167278483554 0.025090081617236137 0.0004243315042210152 0.9999999099241323 9.721220565942105e-06 -0.009987926110625267 -0.02346116929130041 2.367684883353963e-07 0.9997247488861267 0.6692999601364136
0.9996747698635613 -0.0005005128942943453 0.025497136801579594 0.027245646342635155 0.000500345359271787 0.9999998747433956 1.2950462714493853e-05 -0.010031930170953274 -0.025497140089768392 -1.8887676035003e-07 0.999674895076998 0.6711282134056091
0.9997269506264375 -0.00045272553569660764 0.02336277446609803 0.024803677573800087 0.00045470632328770485 0.9999998934632014 -7.947166330745935e-05 -0.009331987239420414 -0.02336273599825149 9.007316489885659e-05 0.9997270499758926 0.6169284582138062
0.9997433484402821 -0.00045271640768172587 0.022650216274165084 0.023871518671512604 0.0004559252478800725 0.9999998867492111 -0.00013650543135785943 -0.009108424186706543 -0.022650151910761713 0.0001467972024953275 0.9997434416233999 0.5945991277694702
0.9996599829755837 -0.0005210957375554548 0.026070038290875328 0.02782358229160309 0.0005244720197626137 0.9999998549404961 -0.00012267064381789192 -0.009278670884668827 -0.026069970586018898 0.0001363019393483018 0.9996601112655367 0.6084117293357849
0.9997754458791432 -0.00041330287863635307 0.021186953483006237 0.022474469617009163 0.00041454668813644085 0.9999999126004889 -5.431443724892844e-05 -0.009761647321283817 -0.021186929182963592 6.308522211630324e-05 0.9997755298325975 0.6327665448188782
0.9999644025124063 -9.951198259287652e-05 0.008437049565529311 0.007863919250667095 9.88094145752217e-05 0.9999999916164618 8.368856254994535e-05 -0.009487714618444443 -0.008437057822811766 -8.285192351906618e-05 0.9999644039618875 0.6057377457618713
0.9999735033049173 -7.212247416078472e-05 0.0072792504036693385 0.006501116789877415 7.12239383398627e-05 0.9999999898130869 0.00012369711649698717 -0.009634495712816715 -0.007279259250858336 -0.00012317538205029738 0.9999734982551207 0.6264117360115051
0.9999524597342067 0.00039702721411621217 -0.00974272245836607 -0.012685948982834816 -0.0003927106906762353 0.9999998238943806 0.0004449601341302207 -0.010616963729262352 0.009742897403900344 -0.00044111290934148494 0.9999524395537909 0.6805890202522278
0.9996687321037127 0.0008838416537360038 -0.02572245863224051 -0.03142021223902702 -0.0008633115675749046 0.9999992999175377 0.0008092327060757338 -0.01003191526979208 0.02572315585797152 -0.0007867581371759047 0.9996687952838884 0.6339882016181946
0.999665688562224 0.0008575648124861011 -0.025841356272588285 -0.03182147815823555 -0.0008379849891401653 0.999999353584292 0.0007685129510865045 -0.009364799596369267 0.02584199861799447 -0.0007466013597614252 0.9996657609890603 0.5981768369674683
0.9997652987771405 0.0007323490556954606 -0.021652044381900697 -0.026621151715517044 -0.0007180134546705386 0.999999517874237 0.0006698566805331091 -0.009817873127758503 0.021652524511799717 -0.0006541530051637189 0.9997653426010085 0.6141707301139832
0.9995211573286394 0.0009915686394459517 -0.030926895156974915 -0.037627846002578735 -0.0009655915027815484 0.9999991684091918 0.000854876584457569 -0.009466717019677162 0.03092771710726492 -0.0008246044858991929 0.999521283586285 0.5568830966949463
0.9997584720119643 0.0007232469986899107 -0.021965303414273885 -0.027210772037506104 -0.0007096001728937165 0.999999550364138 0.000629077989038659 -0.009676242247223854 0.02196574851665327 -0.0006133394659972173 0.9997585357008973 0.5646398067474365
0.9998318643519423 0.0006377142213888924 -0.018325838237060053 -0.022666828706860542 -0.000626261017129353 0.9999996050023249 0.000630707802631304 -0.010323936119675636 0.018326233209731837 -0.0006191250000720844 0.9998318687962374 0.6371716260910034
0.9996572073795844 0.000907971104404132 -0.026165689796450592 -0.03191669285297394 -0.0008859347026754758 0.999999243100393 0.0008537671484189807 -0.010386760346591473 0.026166445187550923 -0.0008302933907308322 0.9996572551425474 0.6421932578086853
0.9998903746676314 0.000565866700036743 -0.014795892737558054 -0.018385333940386772 -0.0005577541619624318 0.9999996918726414 0.0005524173394375253 -0.010831347666680813 0.014796200773115619 -0.0005441043097487606 0.9998903821885585 0.6895989179611206
0.9996370868355422 0.0009593336746683404 -0.02692163260003801 -0.03287602216005325 -0.0009349622024067844 0.9999991417002582 0.0009178477146738706 -0.010672866366803646 0.0269224900154286 -0.00089234390674713 0.9996371257880139 0.686948835849762
0.9995023784908968 0.001106837333687824 -0.03152412254380268 -0.03838583081960678 -0.001075633383668724 0.999998914698017 0.0010067847893266394 -0.01028705295175314 0.03152520267760179 -0.0009723753929614546 0.99950248428017 0.6562110781669617
0.9992530501620415 0.0012980406764565796 -0.03862197343817356 -0.047057513147592545 -0.0012537593641958735 0.9999985287384343 0.0011707298677954836 -0.009237897582352161 0.03862343627013799 -0.001121432730448606 0.9992532074300876 0.6039830446243286
0.9994594069698093 0.0011925463442854676 -0.032855313919874354 -0.03986164182424545 -0.001155897929382613 0.9999986884948975 0.0011344198788473348 -0.010860776528716087 0.03285662367824191 -0.001095829230038322 0.9994594746355475 0.6879300475120544
0.9999513277428056 0.0005760118126024714 -0.009849383523458499 -0.01167407725006342 -0.0005692517815707803 0.9999996005259043 0.000689130206255871 -0.014215031638741493 0.009849776536024146 -0.0006834898856151291 0.9999512561839037 0.8604093194007874
0.9997448175222503 0.0008474852069753332 -0.022573914286757885 -0.02740861289203167 -0.0008289453207658852 0.9999993114417569 0.0008306417198719602 -0.011385524645447731 0.022574602699873016 -0.0008117172140403831 0.9997448316586122 0.7201099395751953
0.9996142471182546 0.0009920249682943254 -0.02775559123252785 -0.03396159037947655 -0.0009655467101723638 0.9999990659615927 0.0009673652322340917 -0.010753690265119076 0.027756524958203462 -0.000940192748504601 0.9996142712865999 0.6913561820983887
0.9996217871459884 0.0009695252990197261 -0.027483498390034895 -0.03384154289960861 -0.0009426840748664914 0.9999990660482367 0.0009895703054899282 -0.010483565740287304 0.027484432135219443 -0.000963287781026539 0.9996217675035172 0.6966840028762817
0.9995655613357679 0.0010442772065117937 -0.029455017851415844 -0.036245111376047134 -0.001013936872446881 0.9999989399803774 0.0010449737510372771 -0.010657542385160923 0.029456077870788546 -0.0010146542453585872 0.9995655606078234 0.6956163644790649
0.9986356617329809 0.001707432574220907 -0.052190993371806806 -0.06379687786102295 -0.0016277456192247482 0.9999974438657744 0.0015693011555293107 -0.008659940212965012 0.052193539440534086 -0.0014822064370863981 0.9986358883520797 0.5790700316429138
0.9982389219550495 0.0019220078422217228 -0.05929047629994698 -0.07246282696723938 -0.0018230362042538683 0.9999968533592308 0.0017233138525853352 -0.007894009351730347 0.05929360195685632 -0.0016121902775327291 0.9982392847456417 0.5453976988792419
0.9984673385162365 0.001800880420505762 -0.05531483296561841 -0.06761434674263 -0.0017141807770307276 0.9999972270128895 0.0016147912543733592 -0.008028218522667885 0.05531758762425279 -0.0015174967026591341 0.9984676568137751 0.5536811351776123
0.9988044384837117 0.001576153451264202 -0.04885907700249409 -0.06012101471424103 -0.0015084148337913494 0.999997849521226 0.0014232489637624726 -0.0079191317781806 0.04886121519085232 -0.0013478476255573849 0.9988046680692134 0.5741633176803589
0.9992942928827755 0.0012066377273800325 -0.037542778763809535 -0.04653499275445938 -0.0011654220905820342 0.999998694035005 0.0011196962243983238 -0.008242560550570488 0.03754408080196222 -0.001075152863090459 0.9992943940816722 0.605288565158844
0.9990585460761827 0.0014232710259669216 -0.043358918479715486 -0.0532647967338562 -0.0013667479829525594 0.9999981772543279 0.0013332246520799047 -0.008554594591259956 0.043360736987452894 -0.0012727087681247186 0.9990586702993456 0.606783390045166
0.9996077149885715 0.0009839746738890514 -0.02799013985616196 -0.03446073830127716 -0.0009575386573440028 0.999999082807896 0.0009578638139060387 -0.009851320646703243 0.027991056697560617 -0.0009306864173521136 0.9996077403500565 0.6641472578048706
0.9996960251177079 0.0009053373135561049 -0.02463813564788708 -0.02986166998744011 -0.0008843751141404317 0.9999992376886382 0.0008616860216773871 -0.011197533458471298 0.024638896982464336 -0.0008396347367445674 0.9996960636958597 0.6885687708854675
0.9999226126695769 0.0005472882951271063 -0.0124285617659328 -0.01554141566157341 -0.0005393205360409803 0.9999996469234526 0.0006444271331494481 -0.012070303782820702 0.012428910065126154 -0.0006376742840601401 0.9999225547841697 0.7619167566299438
0.9999883004004949 0.000424687986761625 -0.004818578861418193 -0.005657783709466457 -0.00042189385577530696 0.9999997422990258 0.0005808678478559811 -0.014253786765038967 0.004818824307262606 -0.0005788281231195946 0.9999882218757878 0.8672764897346497
0.9998477248882321 0.0006839397696671171 -0.017437295151987848 -0.0213168878108263 -0.0006719929577119743 0.9999995354859501 0.0006909799916347511 -0.011364600621163845 0.017437759640815582 -0.0006791570330356145 0.9998477200476249 0.7061052322387695
0.9990108738341563 0.00149245849878348 -0.04444149557277281 -0.05377717316150665 -0.0014356156804982052 0.9999981102240546 0.001310937045567696 -0.009059630334377289 0.04444336810743853 -0.001245839455525087 0.9990111285242611 0.5673716068267822
0.9998944281404718 0.0005895042969477121 -0.01451843856352435 -0.018522294238209724 -0.0005804243901267358 0.9999996333487542 0.0006296108993179236 -0.010263269767165184 0.014518804398651317 -0.0006211175742756772 0.9998944036906061 0.6396525502204895
0.999946623845292 0.00047200530751895226 -0.010321175872534167 -0.013570493087172508 -0.00046644030515390517 0.9999997445603428 0.0005415835031876613 -0.010530704632401466 0.010321428866384508 -0.000536740383119276 0.9999465885815688 0.6445346474647522
0.999933957601624 0.00046974253797860534 -0.011483021253213105 -0.015096224844455719 -0.0004639915813810098 0.9999997656090313 0.0005034815736694643 -0.010168036445975304 0.011483255068408868 -0.0004981202973484909 0.999933941182718 0.6162354946136475
0.9996949444130214 0.0008221807969497709 -0.024684856365451507 -0.030327145010232925 -0.000804045985082258 0.9999993995628028 0.0007445697332571958 -0.009878825396299362 0.024685453714682212 -0.000724494838447197 0.9996950052301599 0.5953701734542847
0.9996164139878484 0.0008657295116155388 -0.02768167983499651 -0.033676620572805405 -0.0008479988455584219 0.9999994277320062 0.0006522527256628594 -0.008869116194546223 0.02768222866809076 -0.0006285284980977124 0.999616576076995 0.5118047595024109
0.9999976107029421 8.108722228722304e-06 0.002185983224134185 0.0011808209819719195 -8.174168325317399e-06 0.9999999995186881 2.9930042124410107e-05 -0.00949874334037304 -0.0021859829803876464 -2.9947839207478903e-05 0.9999976102879131 0.5336199998855591
0.9999109976823579 -0.00023375088474810582 0.01333949303365548 0.013710479252040386 0.00023442561463696686 0.9999999713209442 -4.901776761295367e-05 -0.01005163136869669 -0.01333948119314487 5.214052377139071e-05 0.9999110238030497 0.6019496917724609
0.9997163313753087 -0.0004591381113057378 0.02381272713674611 0.025445349514484406 0.00046215420772138853 0.9999998858673731 -0.00012115580686001732 -0.009584309533238411 -0.023812668791688665 0.00013212659080248047 0.9997164294676675 0.610194206237793
0.999815058509626 -0.0003457320353867183 0.019228344878142213 0.020542802289128304 0.0003468286013752723 0.9999999384134428 -5.369387168267253e-05 -0.010212263092398643 -0.019228325130243105 6.035288141886704e-05 0.9998151168442171 0.6314504742622375
0.9997344721175918 -0.00040312191480763816 0.02303959097905046 0.02495025098323822 0.0004022132789233073 0.9999999181410636 4.407203783920936e-05 -0.010673551820218563 -0.02303960685945833 -3.479350605159276e-05 0.9997345524213783 0.6865915060043335
0.9998346047066429 -0.00017697665189872095 0.01818603613700646 0.020127661526203156 0.00017302594397308914 0.999999961091716 0.00021881176780674832 -0.012347660027444363 -0.01818607415399306 -0.0002156289213004876 0.9998345964263461 0.7913187742233276
0.9999690149931312 0.00013249235303836103 0.007870927483071227 0.008919176645576954 -0.00013555464500381715 0.9999999153341143 0.00038853146951351754 -0.013660289347171783 -0.007870875339223553 -0.0003895863716440843 0.9999689482898225 0.8553208708763123
0.9999555851879074 9.19866806822766e-05 0.009424393347044459 0.010883803479373455 -9.563521698577574e-05 0.9999999206633019 0.0003866875932517897 -0.014180931262671947 -0.009424357029236045 -0.0003875717224977009 0.9999555146518994 0.8850842714309692
0.9999012031809794 -0.00013260906829873175 0.014055827690489244 0.015421943739056587 0.00012971138773522654 0.9999999701492004 0.0002070665450378866 -0.01206380408257246 -0.014055854729813163 -0.00020522288660641068 0.9999011905340353 0.7633598446846008
0.9999243640669526 -8.066587463901067e-05 0.012298765723312401 0.01351192221045494 7.786784110437748e-05 0.9999999709799656 0.00022798391835435967 -0.012373878620564938 -0.012298783756923977 -0.0002270089962428523 0.9999243413303908 0.7802343368530273
0.9999763824695413 5.756024183301968e-05 0.006872495176290764 0.0073397960513830185 -5.953830822528674e-05 0.9999999568651432 0.00028761936918211513 -0.012241089716553688 -0.006872478324406224 -0.0002880217530589858 0.9999763427627427 0.7787432670593262
0.9999060885023533 -0.00020230683310067238 0.013703037906603967 0.01457994431257248 0.0002007700762233719 0.9999999734019843 0.0001135227185010756 -0.011141335591673851 -0.013703060508552013 -0.00011076089744756359 0.9999061025239935 0.7034759521484375
0.9997924869234236 -0.0003735022527728131 0.0203677094329092 0.0217316634953022 0.0003735591111785102 0.9999999302262798 1.0130709186023203e-06 -0.010382384993135929 -0.02036770839016261 6.595682739360508e-06 0.9997925566893517 0.6711339354515076
0.9998520496854567 -0.0003184036551849766 0.017198178941471194 0.018098654225468636 0.0003185582851378223 0.999999949240767 -6.251552367862734e-06 -0.010350666008889675 -0.017198176077987702 1.1729249839811998e-05 0.9998521003638562 0.6683253049850464
0.9999692989970226 -0.00011054662585742613 0.007835103244135803 0.007691380567848682 0.00011021575226525238 0.9999999930162458 4.266141030520498e-05 -0.010732745751738548 -0.007835107905492333 -4.179654875899184e-05 0.9999693041974625 0.6693540215492249
0.9999731676674729 0.000309275823558834 -0.007319036380893015 -0.00948194321244955 -0.00030677146032490716 0.9999998940211556 0.00034329134606094576 -0.010863099247217178 0.007319141776943772 -0.0003410368632746569 0.9999731565684684 0.6788195967674255
0.9997398070890019 0.0007765397754782793 -0.022797260967544312 -0.028026536107063293 -0.0007598871529680486 0.999999438136674 0.0007391196457924961 -0.01006835512816906 0.022797822114403243 -0.0007216039863681846 0.999739835454468 0.6278156042098999
0.9998836070590743 0.0005456858463652963 -0.015247116497615775 -0.01908732019364834 -0.0005376323478241081 0.9999997138082722 0.0005322920554704264 -0.010288317687809467 0.015247402598257962 -0.0005240327573924979 0.99988361427902 0.6491793990135193
0.9999976720699236 0.0001411570437791749 -0.0021531208564310516 -0.003821217454969883 -0.00014078104594105462 0.9999999748163607 0.00017477979026547853 -0.010361687280237675 0.002153145473606139 -0.0001744762647841422 0.9999976667585793 0.6448118090629578
0.9999500387951424 0.0003568875910029746 -0.009989621856736493 -0.013125330209732056 -0.00035336666558634757 0.9999998748296796 0.0003542211527131931 -0.010088667273521423 0.009989747023466196 -0.0003506734560316341 0.9999500397432536 0.6444803476333618
0.999981496010139 -9.440939624426323e-05 0.00608265765848502 0.005592666566371918 9.464495415360057e-05 0.9999999947824144 -3.843831196520351e-05 -0.010027199052274227 -0.006082653997810408 3.901329355828799e-05 0.9999814997280229 0.6234599351882935
0.999900617103169 -0.00027223865247900806 0.014095453267573577 0.014548654668033123 0.0002737076222392718 0.9999999573107682 -0.00010228685081426988 -0.00972597487270832 -0.014095424819415071 0.00010613471824898055 0.9999006489319738 0.6027979850769043
0.999863836819726 -0.0003355048253302813 0.01649834102717227 0.017330104485154152 0.00033827519433168195 0.9999999291513751 -0.0001651276416641681 -0.009320441633462906 -0.016498284457166917 0.00017068613687644502 0.9998638794737079 0.5777167081832886
0.9999329970197371 -0.00022834144385355893 0.011573648141857816 0.011895041912794113 0.00022968868186743545 0.9999999670002458 -0.0001150765693362876 -0.009698578156530857 -0.011573621483180276 0.00011772719484928445 0.9999330164696392 0.5883214473724365
0.9999104504336064 -0.0002612641852165027 0.013379942252776288 0.013859298080205917 0.0002628186611330056 0.9999999589170495 -0.00011442137222559709 -0.009779585525393486 -0.013379911808882199 0.00011792762435023975 0.9999104780194383 0.597893238067627
0.9999857072946469 -7.149496853732687e-05 0.00534603543708894 0.004882592707872391 7.145408228990313e-05 0.9999999974164326 7.838955680199755e-06 -0.010519400238990784 -0.005346035983722986 -7.456847584269449e-06 0.9999857098197237 0.6318535804748535
0.9999972231258091 2.302682571722056e-05 0.002356525076432224 0.0018227120162919164 -2.3352502129127516e-05 0.9999999901812271 0.00013817454959344096 -0.011280362494289875 -0.0023565218715727683 -0.00013822919665696507 0.9999972138447976 0.6910869479179382
0.9999999879079604 0.0001187265194283262 -0.00010043949525686695 -0.0008204973419196904 -0.00011870129237014276 0.9999999614205053 0.0002511354029659591 -0.01185061689466238 0.00010046930781426139 -0.00025112347763132795 0.9999999634214577 0.7248023152351379
0.9999990734119838 9.011013641770014e-05 0.0013583281405763576 0.0009219527710229158 -9.043278866491536e-05 0.9999999677133498 0.00023747675763718368 -0.01191662810742855 -0.0013583066976574653 -0.00023759937499574023 0.9999990492742743 0.7394809126853943
0.9999508344105973 -0.00016169580587828853 0.009914767572507567 0.010018650442361832 0.00016125853672647767 0.9999999859897367 4.49022384194749e-05 -0.010663263499736786 -0.00991477469410269 -4.33011898637318e-05 0.9999508464758518 0.672296941280365
0.9999127783397075 -0.00023469305247386435 0.013205325900507407 0.013622226193547249 0.0002346066357864324 0.9999999724471134 8.093174076506341e-06 -0.010418250225484371 -0.013205327436074285 -4.994411092444867e-06 0.9999128058497713 0.6620723009109497
0.9999173553469283 -0.00023140770196638477 0.012854140441127496 0.013289480470120907 0.00023082576326719181 0.9999999722666691 4.6756047155736426e-05 -0.010668208822607994 -0.012854150904348792 -4.378511623997331e-05 0.9999173810307489 0.6821104288101196
0.9998904679879811 -0.0002719740182075637 0.01479790718006341 0.015408376231789589 0.0002715559710864274 0.9999999626708503 3.0259754640819258e-05 -0.010525070130825043 -0.014797914857537174 -2.6237980174681315e-05 0.9998905045190887 0.6746010184288025
0.9998926719443254 -0.00023638725686922027 0.014648846818180903 0.015503771603107452 0.0002350147190131763 0.9999999678318066 9.541733503587416e-05 -0.011072661727666855 -0.014648868902396051 -9.196439945998526e-05 0.9998926953340692 0.7085912227630615
0.999901689791068 -0.00024077063001731272 0.014019728330846574 0.01477237232029438 0.00023962923636926272 0.9999999678366752 8.309318674860436e-05 -0.011037858203053474 -0.014019747886324423 -7.972548104602899e-05 0.9999017153265873 0.6988943219184875
0.9998856256910514 -0.0002759791969536862 0.015121487092789708 0.0158863365650177 0.0002756616552178761 0.9999999617388967 2.3083694461977486e-05 -0.010638758540153503 -0.015121492884844387 -1.891264011902126e-05 0.9998856635112064 0.6721864342689514
0.9999269819941505 -0.00019411014255032793 0.012082756362802744 0.012654125690460205 0.0001931761564316949 0.9999999782630189 7.846613872837527e-05 -0.01105564832687378 -0.012082771331233469 -7.612630885413176e-05 0.9999269977562076 0.6958907246589661
0.9999099905550239 -0.00021460017993265033 0.013415093552226047 0.014183234423398972 0.0002132857387469393 0.9999999723131371 9.941287176859968e-05 -0.011264640837907791 -0.013415114514824357 -9.654267553254246e-05 0.9999100086418109 0.7130814790725708
0.9998119296558305 -0.00036254360455402625 0.019390045900396752 0.02059960924088955 0.000361618813592836 0.9999999333051782 5.120032006316301e-05 -0.010686913505196571 -0.019390063169529688 -4.417888540733504e-05 0.9998119940761402 0.6889360547065735
0.9997781148738605 -0.0004141922791520137 0.021060614046736342 0.02229374274611473 0.0004151487547109976 0.9999999129834772 -4.104326041167618e-05 -0.009914346970617771 -0.021060595214313367 4.9777441217614095e-05 0.9997781998280544 0.6441324949264526
0.9998793695626789 -0.0002590585876604461 0.015529945640199364 0.016395214945077896 0.0002576438191849769 0.9999999624760223 9.310003232717631e-05 -0.011029166169464588 -0.01552996917581692 -8.908760712308604e-05 0.9998793987880719 0.7092533707618713
0.9998298294144874 -0.00034751881270766554 0.018444279429456232 0.019553953781723976 0.000346772426456652 0.9999999389211099 4.3665326958430446e-05 -0.010690547525882721 -0.018444293477422696 -3.726192887217828e-05 0.999829888855933 0.6857596635818481
0.9997756695964484 -0.0004037126680042131 0.021176579021535455 0.022517908364534378 0.0004033894749269722 0.9999999184476839 1.9533498626757272e-05 -0.010342719964683056 -0.02117658518045723 -1.0986707576880835e-05 0.9997757509158679 0.6772587895393372
0.999669832473141 -0.0005008730077664948 0.025689981886955003 0.027521679177880287 0.0005009411595264759 0.9999998745218146 3.782793446614633e-06 -0.010180450975894928 -0.025689980558121828 9.087624823607655e-06 0.9996699579442898 0.6688921451568604
0.9996008509254738 -0.0005713756275181927 0.028245572378004506 0.030244076624512672 0.0005748313953963649 0.999999828260452 -0.00011422755196122452 -0.009245535358786583 -0.028245502260283488 0.00013041839992339115 0.9996010076991246 0.6111075282096863
0.9996239389524597 -0.0005615016079444202 0.02741651672101243 0.02931693010032177 0.0005640613691304022 0.9999998372509534 -8.563199637544407e-05 -0.009466344490647316 -0.027416464176496815 0.00010106439147562498 0.9996240929859823 0.6238012313842773
0.9995743208557736 -0.0005835541539758081 0.029169102664774984 0.03134914115071297 0.0005860525068678645 0.9999998252988858 -7.710160082290799e-05 -0.009525492787361145 -0.029169052575940813 9.416340601922871e-05 0.9995744882224009 0.6299756765365601
0.9994362965028676 -0.000660828142839708 0.03356564521646365 0.03626788780093193 0.0006644672778692421 0.9999997745114714 -9.726377936073316e-05 -0.009192978031933308 -0.03356557337315302 0.00011951222433507156 0.9994365102401249 0.6205242872238159
0.9995825664004837 -0.0005545752269037652 0.028885729946470314 0.031049804762005806 0.0005559497418715842 0.9999998446776943 -3.9553405987649124e-05 -0.00963305402547121 -0.028885703524533037 5.5595909174527024e-05 0.9995827194589689 0.6514896154403687
0.9997789075045602 -0.00036898092286930467 0.021023795139470426 0.022448373958468437 0.0003671916585353023 0.9999999286275881 8.896687332738479e-05 -0.01090723555535078 -0.021023826466030487 -8.12274412133808e-05 0.9997789716346454 0.7166199684143066
0.9998330659546256 -0.00036677366380806486 0.01826761344164484 0.019080087542533875 0.00036727322134384754 0.9999999322673864 -2.3991747752103198e-05 -0.010119353421032429 -0.01826760340479041 3.06969479475724e-05 0.9998331329394636 0.6530466675758362
0.9999710563971657 -0.00011803353141617293 0.007607393510389019 0.007388404570519924 0.00011743071877445153 0.9999999899300045 7.968699402511178e-05 -0.01093063224107027 -0.007607402839519914 -7.879134590848057e-05 0.9999710601882241 0.688262939453125
0.9999980295228106 0.00016716581997020037 -0.0019781319684694047 -0.0030712313018739223 -0.0001666699679522172 0.9999999546529671 0.0002508289966433163 -0.011631363071501255 0.0019781738088018854 -0.00025049880719870993 0.9999980120373888 0.7231569886207581
0.9999901117989707 -6.287609243251128e-05 0.0044466111679539976 0.003922539763152599 6.260857441617724e-05 0.9999999962219539 6.030139691270269e-05 -0.010908420197665691 -0.004446614942670702 -6.002240465415902e-05 0.9999901119575445 0.6654859781265259
0.9999431700545482 -0.00020629415247267054 0.010658991696389335 0.010570389218628407 0.00020661544831573387 0.9999999782333094 -2.9041995487424033e-05 -0.010182610712945461 -0.010658985473184515 3.124265738034783e-05 0.9999431909126534 0.6373916268348694
0.9999618995290831 -0.00014794429749704878 0.008727978154944641 0.008657138794660568 0.00014740188459680682 0.9999999871650694 6.27896945747836e-05 -0.010872798040509224 -0.0087279873322989 -6.150078182909297e-05 0.9999619085019096 0.6825478076934814
0.999872001137197 -0.00031458187463628617 0.015996323957136942 0.0166364423930645 0.00031489900308510286 0.9999999502695537 -1.7306312347936754e-05 -0.01020984910428524 -0.015996317717380425 2.2341323626765674e-05 0.9998720504746346 0.6499397158622742
0.9999700700744133 -0.00012345156891817725 0.007735871966545592 0.007552345283329487 0.00012258976093046492 0.9999999862275097 0.00011187819468082845 -0.01115955226123333 -0.007735885671542033 -0.0001109265074798194 0.9999700714362337 0.7067881226539612
0.9999049337753063 -0.00026356981284636027 0.01378600532257048 0.014152979478240013 0.00026306626162918506 0.9999999646631059 3.833965005864888e-05 -0.010591105557978153 -0.01378601494059026 -3.470937236985306e-05 0.999904967778097 0.6781775951385498
0.9998423554505365 -0.0003400303913154096 0.017752425931579205 0.018670376390218735 0.0003401201699629751 0.9999999421570566 -2.0380439893876764e-06 -0.010372857563197613 -0.01775242421172974 8.075680827965028e-06 0.9998424132679061 0.665794849395752
0.9997729863777368 -0.00041673947903631773 0.021302629827045356 0.022678615525364876 0.0004173931502810949 0.99999991254724 -2.6238720917552487e-05 -0.010231014341115952 -0.021302617029360694 3.512433614325592e-05 0.9997730728890338 0.6561304926872253
0.9998565050306685 -0.0002969474166142748 0.016937566829044525 0.017948228865861893 0.0002958678313684855 0.9999999540369197 6.624488357062506e-05 -0.010874184779822826 -0.016937585721788825 -6.122409659672053e-05 0.9998565469313719 0.6994761228561401
0.9999751780849747 -7.051163696841387e-06 0.007045790530827825 0.007310190238058567 5.584846533639856e-06 0.9999999783249055 0.00020813216494823628 -0.012167748063802719 -0.007045791845683615 -0.00020808764905050106 0.999975156449798 0.7654610872268677
0.9999533103210083 -0.00010229959163581169 0.009662645230496116 0.010235859081149101 0.00010067084085414144 0.9999999806441082 0.00016904781784375252 -0.011993255466222763 -0.009662662336989734 -0.00016806717843517388 0.9999533012646064 0.7499666213989258
0.9999278050339329 -0.00020434189515113947 0.012014281685213004 0.012433893047273159 0.0002033639975893011 0.9999999759088226 8.261621642585799e-05 -0.011065849103033543 -0.012014298277729046 -8.016697959924767e-05 0.9999278225002791 0.7028743624687195
0.9999605439337873 -6.925551036642246e-05 0.008882892508532005 0.009351528249680996 6.768639650680855e-05 0.9999999820545122 0.0001769449820790443 -0.011993220075964928 -0.008882904603539209 -0.00017633674954165558 0.9999605306766637 0.756142795085907
0.9998904537775077 -0.00020057568210202957 0.01480000722990976 0.015945108607411385 0.0001982994052614942 0.9999999682843247 0.00015526975049491416 -0.011952943168580532 -0.014800037903853652 -0.0001523179086487232 0.9998904618393452 0.7567276358604431
0.9999817400853718 0.00011559604274958227 0.00604203056819016 0.006541617214679718 -0.00011763218349871133 0.9999999364174765 0.0003366418164279849 -0.013255557976663113 -0.006041991269560806 -0.00033734640662565874 0.9999816901018241 0.834415853023529
0.9999997156449751 0.0002334898251764354 0.0007170721515963634 0.0008621364831924438 -0.00023378890687975133 0.999999885713595 0.00041703182631272815 -0.014171685092151165 -0.0007169746969565462 -0.0004171993512421084 0.9999996559459335 0.8692476153373718
0.9999999431341859 0.00022685406218514708 0.0002495372908216066 0.0001361280446872115 -0.00022695157810736464 0.999999897873185 0.00039082809624569096 -0.013620402663946152 -0.0002494486043959084 -0.0003908847069028817 0.9999998924922641 0.8417580127716064
0.9999938135226561 0.00010780499773630797 0.003515863264905077 0.0036233877763152122 -0.00010879219454748179 0.9999999547157502 0.0002805935778114316 -0.012697928585112095 -0.0035158328563018263 -0.0002809743404059376 0.9999937799670289 0.7941389679908752
0.9999923734200565 0.00014894282126417074 0.0039026808424793007 0.0042548649944365025 -0.00015022343510737632 0.999999934974997 0.0003278458805160585 -0.01328639592975378 -0.003902631758417083 -0.0003284296542955266 0.9999923307702516 0.8281722068786621
0.9999929206301649 0.0001713340999980458 0.0037589006609464355 0.004215280059725046 -0.00017268708647242843 0.9999999204261435 0.0003596204620120188 -0.013729896396398544 -0.003758838746588014 -0.0003602670297292461 0.9999928706440583 0.8520432114601135
0.9999943157235984 0.00015964627647552707 0.0033679420361526604 0.0035952874459326267 -0.00016081800489560513 0.9999999266425518 0.00034763840492600315 -0.013314902782440186 -0.00336788628991212 -0.0003481780545720798 0.9999942680405627 0.8309892416000366
0.9999994969301709 0.00018893566837736348 0.0009851105109932097 0.0009432767983525991 -0.00018928610908391946 0.9999999188396589 0.00035565635794043997 -0.01327245682477951 -0.0009850432348696041 -0.00035584264675610027 0.9999994515327679 0.8222576379776001
0.9999997378605359 0.00030152888995718473 -0.0006583002266894088 -0.0006828539771959186 -0.0003012159613460436 0.9999998416290704 0.00047540590999812967 -0.014440100640058517 0.0006584434710501106 -0.0004752074948398425 0.999999670314962 0.8841007947921753
0.9999997689945747 0.000357778169902574 -0.0005779321575622126 -0.00012262898962944746 -0.0003574441398178815 0.9999997690895639 0.0005779744856623751 -0.01588432304561138 0.0005781388107653767 -0.0005777677736842001 0.999999665969902 0.9520939588546753
0.9999998803914514 0.00034276769693570815 -0.00034889452363464263 0.0003076060675084591 -0.0003425677277513246 0.999999777130895 0.0005730493101458664 -0.01634877547621727 0.0003490908686691018 -0.0005729297216000837 0.9999997749435243 0.9737293124198914
0.9999998950318517 0.00034190647947818584 -0.0003050184333879574 0.00038072874303907156 -0.0003417327007908827 0.999999779386101 0.0005696020633920338 -0.016384489834308624 0.0003052131167328494 -0.0005694977688289274 0.9999997912586005 0.9748838543891907
0.9999999488526742 0.00030406652508128913 9.918768768352607e-05 0.0005713209975510836 -0.0003041185249537624 0.9999998161196796 0.0005246642067115539 -0.015687555074691772 -9.902813662269298e-05 -0.0005246943446896547 0.9999998574446263 0.9412500262260437
0.9999999476925291 0.0003217183906569911 3.3349904001853066e-05 0.0005847065476700664 -0.0003217371564527373 0.9999997890680324 0.0005642243282434659 -0.016127102077007294 -3.3168375624440194e-05 -0.0005642350286335998 0.9999998402693329 0.9632935523986816
0.9999999333005344 0.00035160436134175365 9.886000011710209e-05 0.0007654452929273248 -0.0003516649733617468 0.9999997498138258 0.0006137621950785805 -0.016735786572098732 -9.864417391908058e-05 -0.0006137969197402778 0.9999998067613154 0.9916135668754578
0.9999999376997236 0.00033207859110406324 0.0001196844110983983 0.0008683354826644063 -0.00033214866981260565 0.9999997731490113 0.0005859856542846128 -0.016657117754220963 -0.00011948979065738927 -0.0005860253707954883 0.9999998211482114 0.9888343811035156
0.9999998651289693 0.0003686876474776445 -0.00036580249048820954 0.0005164615577086806 -0.00036845710299598624 0.9999997336000815 0.0006301104106223661 -0.017207294702529907 0.0003660347069633994 -0.0006299755431128115 0.9999997345746691 1.0152065753936768
0.999999812432651 0.00039153864557042636 -0.00047099060681819374 0.0005028913728892803 -0.00039122239613356295 0.999999698109832 0.0006713607684871031 -0.017681078985333443 0.0004712533283167429 -0.0006711763804879878 0.9999996637212268 1.0378625392913818
0.9999997684611517 0.00039249302965833633 -0.0005559018483072273 0.00045984063763171434 -0.000392119698367007 0.9999996976463951 0.0006715275578359595 -0.01777103915810585 0.0005561652501139735 -0.0006713094222861622 0.999999620011865 1.0423672199249268
