9.997969e-01 5.257565e-04 -2.014545e-02 5.074833e-03 -5.033087e-04 9.999992e-01 1.119341e-03 -5.700387e-03 2.014602e-02 -1.108974e-03 9.997963e-01 3.555152e-01
9.999195e-01 -3.390016e-05 1.269064e-02 6.159190e-03 3.865834e-05 9.999999e-01 -3.746889e-04 -1.284519e-02 -1.269063e-02 3.751500e-04 9.999193e-01 7.839422e-01
9.994482e-01 5.782877e-04 -3.321016e-02 3.619164e-02 -5.288724e-04 9.999987e-01 1.496720e-03 -2.012796e-02 3.321098e-02 -1.478330e-03 9.994472e-01 1.174703e+00
9.995210e-01 -2.979427e-04 3.094526e-02 5.583397e-02 3.321026e-04 9.999993e-01 -1.098747e-03 -3.161755e-02 -3.094491e-02 1.108498e-03 9.995204e-01 1.703690e+00
9.999436e-01 6.443671e-04 -1.059846e-02 7.037319e-02 -6.347876e-04 9.999994e-01 9.071929e-04 -4.460921e-02 1.059903e-02 -9.004132e-04 9.999433e-01 2.317092e+00
9.983235e-01 9.566528e-05 5.788037e-02 9.127807e-02 -1.063333e-05 9.999989e-01 -1.469404e-03 -5.195869e-02 -5.788044e-02 1.466326e-03 9.983223e-01 2.772847e+00
9.997905e-01 5.141530e-04 -2.045981e-02 1.087074e-01 -4.933042e-04 9.999994e-01 1.024043e-03 -5.684993e-02 2.046033e-02 -1.013735e-03 9.997901e-01 3.093984e+00
9.989208e-01 -1.288282e-04 4.644541e-02 9.299775e-02 1.866795e-04 9.999992e-01 -1.241241e-03 -6.047885e-02 -4.644520e-02 1.248573e-03 9.989200e-01 3.367099e+00
9.996851e-01 4.919660e-04 -2.508964e-02 5.275573e-02 -4.643744e-04 9.999993e-01 1.105537e-03 -6.829816e-02 2.509018e-02 -1.093537e-03 9.996845e-01 3.846077e+00
9.975784e-01 1.925439e-04 6.955136e-02 2.827972e-02 -8.219412e-05 9.999987e-01 -1.589452e-03 -7.001347e-02 -6.955157e-02 1.579887e-03 9.975770e-01 4.112840e+00
9.989636e-01 2.453947e-04 -4.551657e-02 -8.869171e-05 -1.815303e-04 9.999990e-01 1.407233e-03 -6.732274e-02 4.551689e-02 -1.397511e-03 9.989625e-01 4.124597e+00
9.995519e-01 1.407696e-04 2.993307e-02 3.068173e-02 -1.242742e-04 9.999998e-01 -5.529365e-04 -7.571848e-02 -2.993313e-02 5.489695e-04 9.995517e-01 4.521189e+00
9.999292e-01 1.382729e-04 -1.189817e-02 4.852078e-02 -1.329364e-04 9.999999e-01 4.493040e-04 -8.324546e-02 1.189824e-02 -4.476899e-04 9.999290e-01 4.894638e+00
9.991078e-01 3.289406e-04 4.223159e-02 5.553186e-02 -2.963317e-04 9.999997e-01 -7.784037e-04 -9.113205e-02 -4.223181e-02 7.651953e-04 9.991074e-01 5.329587e+00
9.999876e-01 2.771219e-04 -4.963387e-03 1.012930e-01 -2.756460e-04 9.999999e-01 2.980322e-04 -1.009963e-01 4.963493e-03 -2.966598e-04 9.999875e-01 5.815940e+00
9.998204e-01 -3.107279e-05 1.895275e-02 1.457265e-01 3.858209e-05 9.999999e-01 -3.958491e-04 -1.150367e-01 -1.895271e-02 3.965098e-04 9.998202e-01 6.407614e+00
9.999998e-01 3.376222e-04 -5.489826e-04 3.028380e-01 -3.375091e-04 9.999999e-01 2.060638e-04 -1.295493e-01 5.490791e-04 -2.058779e-04 9.999997e-01 6.864714e+00
9.994656e-01 1.591225e-04 3.268741e-02 5.096727e-01 -1.402354e-04 9.999998e-01 -5.801013e-04 -1.384303e-01 -3.268746e-02 5.752079e-04 9.994654e-01 7.039645e+00
9.999514e-01 1.983039e-04 -9.856524e-03 7.898168e-01 -1.950164e-04 9.999999e-01 3.345034e-04 -1.471183e-01 9.856622e-03 -3.325644e-04 9.999513e-01 7.057507e+00
9.996134e-01 4.684145e-05 2.780460e-02 1.051844e+00 -3.365749e-05 9.999999e-01 -4.746349e-04 -1.537854e-01 -2.780458e-02 4.735161e-04 9.996132e-01 7.003823e+00
9.999995e-01 3.829138e-04 9.325679e-04 1.526756e+00 -3.830871e-04 9.999999e-01 1.855349e-04 -1.692414e-01 -9.324601e-04 -1.858916e-04 9.999995e-01 7.029503e+00
9.998441e-01 -1.128678e-04 1.765909e-02 2.063889e+00 1.183431e-04 9.999999e-01 -3.090132e-04 -1.882098e-01 -1.765902e-02 3.110554e-04 9.998439e-01 7.093262e+00
9.999878e-01 4.490281e-04 4.922039e-03 2.451996e+00 -4.493250e-04 9.999999e-01 5.919930e-05 -2.019286e-01 -4.921972e-03 -6.140969e-05 9.999878e-01 7.163383e+00
9.999041e-01 -1.629511e-04 1.385100e-02 2.847452e+00 1.664949e-04 1.000000e+00 -2.547079e-04 -2.160709e-01 -1.385091e-02 2.569900e-04 9.999039e-01 7.226526e+00
9.999765e-01 2.756280e-04 -6.855270e-03 3.307104e+00 -2.742404e-04 9.999999e-01 2.033616e-04 -2.322771e-01 6.855369e-03 -2.014763e-04 9.999764e-01 7.247156e+00
9.999795e-01 -3.070744e-04 6.388398e-03 3.812725e+00 3.075262e-04 1.000000e+00 -6.975103e-05 -2.501954e-01 -6.388333e-03 7.171467e-05 9.999795e-01 7.260699e+00
9.999321e-01 4.240230e-04 -1.164348e-02 4.315065e+00 -4.176166e-04 9.999998e-01 5.526459e-04 -2.678340e-01 1.164375e-02 -5.477454e-04 9.999320e-01 7.317950e+00
9.999449e-01 -2.015722e-04 -1.049336e-02 4.865998e+00 2.074163e-04 9.999998e-01 5.558650e-04 -2.830660e-01 1.049329e-02 -5.580103e-04 9.999447e-01 7.252420e+00
9.999708e-01 1.972276e-04 7.636306e-03 5.485496e+00 -1.950462e-04 9.999999e-01 -2.864217e-04 -3.040581e-01 -7.636322e-03 2.849245e-04 9.999707e-01 7.237182e+00
9.999884e-01 -1.521314e-04 -4.819782e-03 5.963089e+00 1.535546e-04 9.999999e-01 2.949208e-04 -3.181435e-01 4.819777e-03 -2.956569e-04 9.999882e-01 7.128153e+00
9.999766e-01 1.812695e-04 6.839587e-03 6.386815e+00 -1.795544e-04 1.000000e+00 -2.513887e-04 -3.290853e-01 -6.839592e-03 2.501554e-04 9.999765e-01 6.969217e+00
9.999856e-01 -1.616643e-04 -5.357290e-03 6.840742e+00 1.632976e-04 9.999999e-01 3.044481e-04 -3.436881e-01 5.357281e-03 -3.053179e-04 9.999855e-01 6.916447e+00
9.999740e-01 1.921675e-04 7.205333e-03 7.179354e+00 -1.903536e-04 1.000000e+00 -2.524447e-04 -3.488103e-01 -7.205340e-03 2.510673e-04 9.999739e-01 6.642183e+00
9.999648e-01 -1.963797e-04 -8.385401e-03 7.418572e+00 1.997934e-04 9.999999e-01 4.062809e-04 -3.480966e-01 8.385361e-03 -4.079413e-04 9.999647e-01 6.258770e+00
9.999134e-01 3.095721e-04 1.315330e-02 7.501045e+00 -3.035924e-04 9.999998e-01 -4.566159e-04 -3.408460e-01 -1.315340e-02 4.525838e-04 9.999133e-01 5.826358e+00
9.999244e-01 -2.783389e-04 -1.229062e-02 7.438542e+00 2.844684e-04 9.999998e-01 4.969825e-04 -3.287549e-01 1.229052e-02 -5.004406e-04 9.999242e-01 5.376481e+00
9.999232e-01 3.021046e-04 1.239237e-02 7.319580e+00 -2.964949e-04 9.999999e-01 -4.545200e-04 -3.117548e-01 -1.239247e-02 4.508115e-04 9.999230e-01 4.788207e+00
9.999193e-01 -2.734695e-04 -1.270157e-02 7.102817e+00 2.804807e-04 9.999998e-01 5.502273e-04 -2.929956e-01 1.270146e-02 -5.537447e-04 9.999191e-01 4.254337e+00
9.999149e-01 3.432007e-04 1.304475e-02 6.654105e+00 -3.369319e-04 9.999998e-01 -4.827684e-04 -2.607350e-01 -1.304487e-02 4.783328e-04 9.999147e-01 3.423658e+00
9.999082e-01 -2.900037e-04 -1.354504e-02 6.292233e+00 2.978284e-04 9.999998e-01 5.756783e-04 -2.335404e-01 1.354491e-02 -5.796589e-04 9.999080e-01 2.703284e+00
9.999143e-01 2.862820e-04 1.308956e-02 6.135540e+00 -2.801908e-04 9.999999e-01 -4.671868e-04 -2.215005e-01 -1.308965e-02 4.634799e-04 9.999141e-01 2.379405e+00
9.999084e-01 -2.866237e-04 -1.353453e-02 5.945438e+00 2.944059e-04 9.999998e-01 5.730067e-04 -2.120621e-01 1.353440e-02 -5.769381e-04 9.999081e-01 2.200476e+00
9.999440e-01 2.913452e-04 1.057392e-02 5.903465e+00 -2.869081e-04 9.999999e-01 -4.211529e-04 -2.214238e-01 -1.057400e-02 4.180964e-04 9.999439e-01 2.621972e+00
9.994983e-01 6.267259e-05 -3.167110e-02 5.908881e+00 -2.153704e-05 9.999992e-01 1.299179e-03 -2.420218e-01 3.167119e-02 -1.297845e-03 9.994974e-01 3.509129e+00
9.999461e-01 3.149937e-04 1.037462e-02 5.953877e+00 -3.109110e-04 9.999999e-01 -3.951574e-04 -2.619133e-01 -1.037471e-02 3.919115e-04 9.999460e-01 4.320264e+00
9.999492e-01 -3.105222e-04 -1.007364e-02 5.713578e+00 3.152909e-04 9.999998e-01 4.718148e-04 -2.427940e-01 1.007353e-02 -4.749660e-04 9.999491e-01 3.800480e+00
9.999472e-01 2.981481e-04 1.026911e-02 5.501863e+00 -2.941085e-04 9.999999e-01 -3.949007e-04 -2.261352e-01 -1.026919e-02 3.918605e-04 9.999471e-01 3.351312e+00
9.999484e-01 -2.905106e-04 -1.015040e-02 5.311096e+00 2.952935e-04 9.999998e-01 4.697168e-04 -2.093568e-01 1.015030e-02 -4.726889e-04 9.999483e-01 2.873223e+00
9.999470e-01 2.859235e-04 1.028730e-02 5.280060e+00 -2.820305e-04 9.999999e-01 -3.799000e-04 -2.014763e-01 -1.028737e-02 3.769795e-04 9.999469e-01 2.569551e+00
9.999549e-01 -2.916392e-04 -9.489038e-03 5.149967e+00 2.961213e-04 9.999998e-01 4.709606e-04 -1.906610e-01 9.488936e-03 -4.737484e-04 9.999548e-01 2.274441e+00
9.999462e-01 3.005051e-04 1.037139e-02 4.911908e+00 -2.962392e-04 9.999999e-01 -4.128701e-04 -1.715890e-01 -1.037147e-02 4.097764e-04 9.999460e-01 1.759170e+00
9.999563e-01 -2.732790e-04 -9.339297e-03 4.754770e+00 2.776481e-04 9.999999e-01 4.665408e-04 -1.566062e-01 9.339205e-03 -4.691125e-04 9.999562e-01 1.316318e+00
9.999389e-01 3.122902e-04 1.104795e-02 4.777515e+00 -3.075944e-04 9.999999e-01 -4.267503e-04 -1.499405e-01 -1.104804e-02 4.233270e-04 9.999388e-01 9.916196e-01
9.999469e-01 -2.845106e-04 -1.030196e-02 4.858262e+00 2.893575e-04 9.999998e-01 4.690133e-04 -1.472287e-01 1.030186e-02 -4.719683e-04 9.999467e-01 7.589060e-01
9.999965e-01 2.858493e-04 -2.618897e-03 5.184792e+00 -2.856722e-04 1.000000e+00 6.804891e-05 -1.757911e-01 2.618952e-03 -6.729947e-05 9.999965e-01 1.477320e+00
9.997453e-01 3.488669e-05 -2.256963e-02 5.402592e+00 -1.382762e-05 9.999996e-01 9.332345e-04 -2.083317e-01 2.256969e-02 -9.326836e-04 9.997447e-01 2.569492e+00
9.999242e-01 7.276626e-05 1.231176e-02 5.581535e+00 -6.572195e-05 9.999998e-01 -5.725801e-04 -2.407004e-01 -1.231177e-02 5.717287e-04 9.999239e-01 3.653195e+00
9.999140e-01 -1.209244e-05 -1.311183e-02 5.657699e+00 2.061969e-05 9.999998e-01 6.502266e-04 -2.590843e-01 1.311186e-02 -6.504399e-04 9.999137e-01 4.312838e+00
9.999170e-01 6.362848e-05 1.288111e-02 5.648601e+00 -5.611225e-05 9.999998e-01 -5.838829e-04 -2.673910e-01 -1.288111e-02 5.831129e-04 9.999168e-01 4.661836e+00
9.999121e-01 -4.889283e-05 -1.325714e-02 5.546877e+00 5.770767e-05 9.999998e-01 6.645449e-04 -2.623002e-01 1.325714e-02 -6.652503e-04 9.999118e-01 4.560770e+00
9.999209e-01 4.937262e-05 1.257702e-02 5.463187e+00 -4.223614e-05 9.999998e-01 -5.677027e-04 -2.560801e-01 -1.257701e-02 5.671279e-04 9.999206e-01 4.391093e+00
9.999230e-01 -4.876572e-05 -1.240770e-02 5.271843e+00 5.686348e-05 9.999998e-01 6.523035e-04 -2.403739e-01 1.240770e-02 -6.529576e-04 9.999227e-01 3.957556e+00
9.999230e-01 5.653900e-05 1.241313e-02 5.133723e+00 -4.949689e-05 9.999998e-01 -5.676335e-04 -2.333992e-01 -1.241312e-02 5.669766e-04 9.999227e-01 3.825980e+00
9.999135e-01 -4.847142e-05 -1.315441e-02 4.941266e+00 5.778758e-05 9.999997e-01 7.078505e-04 -2.256113e-01 1.315440e-02 -7.085481e-04 9.999131e-01 3.718320e+00
9.999252e-01 9.414706e-05 1.222696e-02 5.012459e+00 -8.646037e-05 9.999998e-01 -6.292104e-04 -2.410499e-01 -1.222698e-02 6.281074e-04 9.999250e-01 4.266017e+00
9.999240e-01 -1.065659e-04 -1.232731e-02 4.884050e+00 1.156055e-04 9.999997e-01 7.326038e-04 -2.296834e-01 1.232726e-02 -7.339720e-04 9.999236e-01 3.939098e+00
9.999471e-01 2.153098e-04 1.027886e-02 4.421679e+00 -2.093446e-04 9.999998e-01 -5.814336e-04 -1.962238e-01 -1.027895e-02 5.792524e-04 9.999469e-01 3.069937e+00
9.982371e-01 6.873113e-04 -5.934874e-02 4.279843e+00 -5.180432e-04 9.999958e-01 2.867435e-03 -1.769490e-01 5.935048e-02 -2.831633e-03 9.982331e-01 2.568784e+00
9.999598e-01 2.215851e-04 8.963693e-03 4.295211e+00 -2.168561e-04 9.999998e-01 -5.285631e-04 -1.703787e-01 -8.963786e-03 5.265998e-04 9.999596e-01 2.408609e+00
9.991654e-01 1.771096e-04 -4.084808e-02 4.326204e+00 -9.358305e-05 9.999979e-01 2.046718e-03 -1.686332e-01 4.084837e-02 -2.041185e-03 9.991632e-01 2.358024e+00
9.999555e-01 2.636915e-04 9.432283e-03 4.609863e+00 -2.585779e-04 9.999998e-01 -5.433725e-04 -1.763655e-01 -9.432408e-03 5.409115e-04 9.999553e-01 2.377868e+00
9.999438e-01 -2.987394e-04 -1.059337e-02 4.917598e+00 3.057892e-04 9.999997e-01 6.639006e-04 -1.803580e-01 1.059318e-02 -6.671005e-04 9.999436e-01 2.099512e+00
9.999294e-01 3.344331e-04 1.187888e-02 4.938505e+00 -3.269482e-04 9.999997e-01 -6.320498e-04 -1.731003e-01 -1.187907e-02 6.281235e-04 9.999291e-01 1.750365e+00
9.999281e-01 -3.448873e-04 -1.198271e-02 5.218843e+00 3.533344e-04 9.999997e-01 7.028427e-04 -1.786074e-01 1.198248e-02 -7.070239e-04 9.999279e-01 1.579317e+00
9.999199e-01 3.685477e-04 1.264955e-02 5.505452e+00 -3.602253e-04 9.999997e-01 -6.601994e-04 -1.899378e-01 -1.264977e-02 6.555920e-04 9.999197e-01 1.648811e+00
9.999149e-01 -3.538402e-04 -1.304154e-02 5.770674e+00 3.633796e-04 9.999997e-01 7.291146e-04 -2.086228e-01 1.304129e-02 -7.337895e-04 9.999146e-01 2.042728e+00
9.999356e-01 3.298157e-04 1.134317e-02 5.946989e+00 -3.230077e-04 9.999998e-01 -6.020251e-04 -2.250734e-01 -1.134335e-02 5.983246e-04 9.999354e-01 2.470469e+00
9.999335e-01 -3.433777e-04 -1.152514e-02 5.879121e+00 3.516404e-04 9.999997e-01 7.149211e-04 -2.171134e-01 1.152490e-02 -7.189241e-04 9.999332e-01 2.208876e+00
9.998963e-01 4.124480e-04 1.439399e-02 5.844602e+00 -4.025418e-04 9.999997e-01 -6.911169e-04 -2.105705e-01 -1.439426e-02 6.852532e-04 9.998961e-01 1.978494e+00
9.999303e-01 -3.477649e-04 -1.180522e-02 6.165198e+00 3.561410e-04 9.999997e-01 7.074421e-04 -2.243016e-01 1.180499e-02 -7.115949e-04 9.999300e-01 2.101764e+00
9.999270e-01 3.374946e-04 1.208174e-02 6.365356e+00 -3.297528e-04 9.999997e-01 -6.427820e-04 -2.251642e-01 -1.208193e-02 6.387532e-04 9.999267e-01 1.847409e+00
9.999088e-01 -3.568423e-04 -1.349734e-02 6.400789e+00 3.670340e-04 9.999996e-01 7.526338e-04 -2.163940e-01 1.349709e-02 -7.575170e-04 9.999085e-01 1.404200e+00
9.998995e-01 4.186231e-04 1.416883e-02 6.058523e+00 -4.085988e-04 9.999997e-01 -7.103861e-04 -1.886981e-01 -1.416910e-02 7.045275e-04 9.998993e-01 6.485909e-01
9.999226e-01 -3.629101e-04 -1.243754e-02 5.831867e+00 3.719352e-04 9.999997e-01 7.233469e-04 -1.676224e-01 1.243729e-02 -7.279147e-04 9.999223e-01 3.567660e-02
9.999264e-01 3.880581e-04 1.212288e-02 5.651249e+00 -3.804932e-04 9.999997e-01 -6.263368e-04 -1.514395e-01 -1.212310e-02 6.216803e-04 9.999262e-01 -4.298113e-01
9.999118e-01 -4.263048e-04 -1.327199e-02 5.721202e+00 4.363956e-04 9.999996e-01 7.574361e-04 -1.512300e-01 1.327168e-02 -7.631589e-04 9.999115e-01 -5.484277e-01
9.999182e-01 4.224293e-04 1.278066e-02 5.638961e+00 -4.136750e-04 9.999997e-01 -6.876103e-04 -1.382683e-01 -1.278093e-02 6.822693e-04 9.999180e-01 -1.007587e+00
9.999162e-01 -3.468588e-04 -1.294013e-02 5.289038e+00 3.563332e-04 9.999997e-01 7.298835e-04 -1.081828e-01 1.293989e-02 -7.344311e-04 9.999159e-01 -1.858794e+00
9.999182e-01 4.117354e-04 1.278266e-02 4.977642e+00 -4.030165e-04 9.999997e-01 -6.846725e-04 -8.034513e-02 -1.278293e-02 6.794671e-04 9.999180e-01 -2.660708e+00
9.999203e-01 -3.511281e-04 -1.261891e-02 4.702028e+00 3.603547e-04 9.999997e-01 7.289239e-04 -5.560247e-02 1.261866e-02 -7.334108e-04 9.999200e-01 -3.376824e+00
9.999225e-01 3.765456e-04 1.244432e-02 4.436165e+00 -3.686448e-04 9.999997e-01 -6.371978e-04 -3.526858e-02 -1.244454e-02 6.325632e-04 9.999223e-01 -3.918166e+00
9.999132e-01 -2.874397e-04 -1.317593e-02 3.988958e+00 2.969234e-04 9.999997e-01 7.178377e-04 -1.178735e-03 1.317573e-02 -7.216854e-04 9.999128e-01 -4.827058e+00
9.999163e-01 3.706113e-04 1.293490e-02 3.549325e+00 -3.621807e-04 9.999997e-01 -6.541175e-04 3.268500e-02 -1.293512e-02 6.493802e-04 9.999160e-01 -5.735506e+00
9.999086e-01 -3.239438e-04 -1.351494e-02 3.215399e+00 3.343153e-04 9.999997e-01 7.651715e-04 5.669818e-02 1.351470e-02 -7.696176e-04 9.999083e-01 -6.356907e+00
9.999142e-01 3.665852e-04 1.309764e-02 2.882927e+00 -3.578868e-04 9.999997e-01 -6.664726e-04 8.130847e-02 -1.309787e-02 6.617302e-04 9.999139e-01 -7.001915e+00
9.999123e-01 -3.135628e-04 -1.323793e-02 2.538882e+00 3.232323e-04 9.999997e-01 7.283188e-04 1.092700e-01 1.323772e-02 -7.325316e-04 9.999120e-01 -7.770292e+00
9.999168e-01 3.074208e-04 1.289720e-02 2.465318e+00 -2.995086e-04 9.999998e-01 -6.154150e-04 1.152003e-01 -1.289737e-02 6.115033e-04 9.999165e-01 -7.930015e+00
9.999571e-01 -2.886014e-04 -9.257801e-03 2.275130e+00 2.948692e-04 9.999997e-01 6.756837e-04 1.274438e-01 9.257621e-03 -6.783822e-04 9.999568e-01 -8.198633e+00
9.999456e-01 2.866524e-04 1.042194e-02 2.116927e+00 -2.806858e-04 9.999998e-01 -5.739750e-04 1.361400e-01 -1.042209e-02 5.710208e-04 9.999454e-01 -8.368291e+00
9.999701e-01 -2.152550e-04 -7.725524e-03 2.138083e+00 2.202282e-04 9.999998e-01 6.429177e-04 1.273631e-01 7.725401e-03 -6.445976e-04 9.999699e-01 -8.010531e+00
9.999706e-01 3.187358e-04 7.665483e-03 2.191508e+00 -3.142051e-04 9.999998e-01 -5.922751e-04 1.065248e-01 -7.665653e-03 5.898514e-04 9.999703e-01 -7.210578e+00
9.999462e-01 -2.722272e-04 -1.036453e-02 2.235606e+00 2.796534e-04 9.999997e-01 7.150726e-04 8.831175e-02 1.036435e-02 -7.179303e-04 9.999459e-01 -6.512856e+00
9.999600e-01 3.499486e-04 8.941381e-03 2.278501e+00 -3.442321e-04 9.999997e-01 -6.408880e-04 6.783641e-02 -8.941586e-03 6.377868e-04 9.999597e-01 -5.719298e+00
9.999428e-01 -3.074243e-04 -1.068818e-02 2.314289e+00 3.151588e-04 9.999997e-01 7.219916e-04 5.094120e-02 1.068797e-02 -7.253164e-04 9.999425e-01 -5.071408e+00
9.999601e-01 3.388319e-04 8.921987e-03 2.360272e+00 -3.330784e-04 9.999997e-01 -6.463565e-04 3.568505e-02 -8.922187e-03 6.433614e-04 9.999599e-01 -4.503777e+00
9.999431e-01 -3.188006e-04 -1.066186e-02 2.415404e+00 3.267200e-04 9.999997e-01 7.410565e-04 2.292012e-02 1.066164e-02 -7.444954e-04 9.999428e-01 -4.047550e+00
9.999234e-01 5.205874e-04 1.236777e-02 2.478977e+00 -5.109918e-04 9.999996e-01 -7.790218e-04 -5.091343e-03 -1.236816e-02 7.726447e-04 9.999231e-01 -2.962157e+00
9.999373e-01 -3.580477e-04 -1.119330e-02 2.553999e+00 3.666501e-04 9.999996e-01 7.665077e-04 -3.005850e-02 1.119304e-02 -7.705613e-04 9.999370e-01 -2.018633e+00
9.999341e-01 4.390139e-04 1.147383e-02 2.622042e+00 -4.306417e-04 9.999996e-01 -7.321548e-04 -4.340576e-02 -1.147413e-02 7.271678e-04 9.999338e-01 -1.542113e+00
9.999263e-01 -3.819174e-04 -1.213223e-02 2.700932e+00 3.914839e-04 9.999996e-01 7.861769e-04 -5.732069e-02 1.213194e-02 -7.908662e-04 9.999260e-01 -1.063588e+00
9.999345e-01 4.039214e-04 1.143461e-02 2.815332e+00 -3.956815e-04 9.999997e-01 -7.228839e-04 -6.842883e-02 -1.143488e-02 7.183145e-04 9.999343e-01 -7.529490e-01
9.999504e-01 -2.292532e-04 -9.953816e-03 3.143046e+00 2.354525e-04 9.999998e-01 6.216581e-04 -9.819970e-02 9.953688e-03 -6.239685e-04 9.999502e-01 1.504388e-02
9.999148e-01 4.197519e-04 1.304663e-02 3.446527e+00 -4.099207e-04 9.999996e-01 -7.562206e-04 -1.243063e-01 -1.304692e-02 7.508104e-04 9.999145e-01 6.851045e-01
9.999087e-01 -4.055454e-04 -1.350864e-02 3.524985e+00 4.165259e-04 9.999996e-01 8.100570e-04 -1.245365e-01 1.350833e-02 -8.156074e-04 9.999083e-01 5.876149e-01
9.999255e-01 3.940673e-04 1.219717e-02 3.595258e+00 -3.854535e-04 9.999997e-01 -7.085677e-04 -1.246837e-01 -1.219743e-02 7.038159e-04 9.999253e-01 4.944502e-01
9.999147e-01 -4.016523e-04 -1.305593e-02 3.574874e+00 4.122050e-04 9.999996e-01 8.056054e-04 -1.158965e-01 1.305562e-02 -8.109160e-04 9.999143e-01 1.470349e-01
9.999392e-01 3.660963e-04 1.102433e-02 3.729526e+00 -3.586049e-04 9.999997e-01 -6.815179e-04 -1.283416e-01 -1.102456e-02 6.775254e-04 9.999389e-01 4.441158e-01
9.999252e-01 -3.671093e-04 -1.222917e-02 3.846702e+00 3.764772e-04 9.999996e-01 7.637541e-04 -1.395388e-01 1.222891e-02 -7.682986e-04 9.999248e-01 7.480316e-01
9.999471e-01 3.492311e-04 1.027663e-02 3.978261e+00 -3.426450e-04 9.999997e-01 -6.426538e-04 -1.560651e-01 -1.027683e-02 6.391010e-04 9.999469e-01 1.243562e+00
9.999391e-01 -3.633025e-04 -1.103342e-02 4.219694e+00 3.711394e-04 9.999997e-01 7.082693e-04 -1.576615e-01 1.103318e-02 -7.123187e-04 9.999388e-01 9.763684e-01
9.999502e-01 3.883242e-04 9.973684e-03 4.420162e+00 -3.815781e-04 9.999997e-01 -6.782994e-04 -1.764556e-01 -9.973928e-03 6.744623e-04 9.999499e-01 1.469258e+00
9.999363e-01 -4.017853e-04 -1.127603e-02 4.493055e+00 4.107010e-04 9.999996e-01 7.883852e-04 -1.862098e-01 1.127572e-02 -7.929637e-04 9.999360e-01 1.775889e+00
9.999351e-01 3.906630e-04 1.138606e-02 4.538661e+00 -3.827972e-04 9.999997e-01 -6.930117e-04 -1.852291e-01 -1.138632e-02 6.886107e-04 9.999348e-01 1.663221e+00
9.999361e-01 -3.981532e-04 -1.129602e-02 4.480521e+00 4.071010e-04 9.999996e-01 7.898400e-04 -1.770598e-01 1.129572e-02 -7.943857e-04 9.999358e-01 1.385245e+00
9.999345e-01 4.123965e-04 1.143816e-02 4.473741e+00 -4.042337e-04 9.999997e-01 -7.159660e-04 -1.727202e-01 -1.143844e-02 7.112979e-04 9.999342e-01 1.207094e+00
9.999392e-01 -4.139141e-04 -1.102062e-02 4.485164e+00 4.227776e-04 9.999996e-01 8.019642e-04 -1.693814e-01 1.102030e-02 -8.065722e-04 9.999389e-01 1.040918e+00
9.999287e-01 4.482941e-04 1.193459e-02 4.487863e+00 -4.386942e-04 9.999996e-01 -8.069975e-04 -1.567613e-01 -1.193493e-02 8.017068e-04 9.999284e-01 4.783975e-01
9.999179e-01 -4.212974e-04 -1.281013e-02 4.375663e+00 4.326559e-04 9.999995e-01 8.839339e-04 -1.407820e-01 1.280977e-02 -8.894012e-04 9.999175e-01 -8.502629e-02
9.999261e-01 4.071255e-04 1.215318e-02 4.289905e+00 -3.980356e-04 9.999996e-01 -7.503658e-04 -1.323634e-01 -1.215346e-02 7.454754e-04 9.999258e-01 -3.518477e-01
9.999383e-01 -3.715542e-04 -1.110032e-02 4.080226e+00 3.804421e-04 9.999996e-01 7.986024e-04 -1.145750e-01 1.110003e-02 -8.027736e-04 9.999380e-01 -8.509097e-01
9.999256e-01 4.125751e-04 1.219185e-02 4.107033e+00 -4.029468e-04 9.999996e-01 -7.921932e-04 -1.031732e-01 -1.219216e-02 7.872241e-04 9.999253e-01 -1.396056e+00
9.999015e-01 -4.736460e-04 -1.402927e-02 4.355218e+00 4.871975e-04 9.999994e-01 9.625530e-04 -1.077586e-01 1.402882e-02 -9.692907e-04 9.999010e-01 -1.555514e+00
9.999180e-01 4.308803e-04 1.279659e-02 4.581458e+00 -4.201344e-04 9.999996e-01 -8.424356e-04 -1.110067e-01 -1.279693e-02 8.369928e-04 9.999177e-01 -1.743370e+00
9.998928e-01 -4.200856e-04 -1.463529e-02 4.614596e+00 4.341923e-04 9.999994e-01 9.607292e-04 -9.937431e-02 1.463489e-02 -9.669782e-04 9.998923e-01 -2.310022e+00
9.999020e-01 4.661021e-04 1.399059e-02 4.463754e+00 -4.538412e-04 9.999995e-01 -8.795407e-04 -8.159481e-02 -1.399097e-02 8.731076e-04 9.999016e-01 -2.889016e+00
9.998919e-01 -4.661965e-04 -1.469884e-02 4.401693e+00 4.805035e-04 9.999994e-01 9.698394e-04 -7.120237e-02 1.469840e-02 -9.767948e-04 9.998914e-01 -3.267001e+00
9.999041e-01 4.891447e-04 1.384332e-02 4.235492e+00 -4.770952e-04 9.999995e-01 -8.737189e-04 -5.462221e-02 -1.384373e-02 8.670330e-04 9.999037e-01 -3.768934e+00
9.999003e-01 -4.587446e-04 -1.411635e-02 3.984775e+00 4.720729e-04 9.999994e-01 9.408747e-04 -3.285274e-02 1.411593e-02 -9.474422e-04 9.998998e-01 -4.387216e+00
9.999087e-01 4.892677e-04 1.350646e-02 3.912562e+00 -4.773443e-04 9.999995e-01 -8.860175e-04 -2.908130e-02 -1.350688e-02 8.794920e-04 9.999083e-01 -4.466807e+00
9.999040e-01 -4.769345e-04 -1.384944e-02 4.119439e+00 4.902167e-04 9.999994e-01 9.556817e-04 -4.204359e-02 1.384900e-02 -9.623765e-04 9.999035e-01 -4.217459e+00
9.999058e-01 4.728173e-04 1.371520e-02 4.107701e+00 -4.609539e-04 9.999995e-01 -8.681414e-04 -3.379193e-02 -1.371559e-02 8.617402e-04 9.999055e-01 -4.571436e+00
9.999018e-01 -4.593607e-04 -1.400400e-02 4.042616e+00 4.727997e-04 9.999994e-01 9.563695e-04 -2.407089e-02 1.400357e-02 -9.628941e-04 9.999014e-01 -4.916611e+00
9.999010e-01 4.315069e-04 1.406134e-02 4.249467e+00 -4.197830e-04 9.999996e-01 -8.367167e-04 -3.371405e-02 -1.406168e-02 8.307339e-04 9.999007e-01 -4.801337e+00
9.999608e-01 -3.658050e-04 -8.847396e-03 4.411107e+00 3.730766e-04 9.999996e-01 8.202743e-04 -3.488565e-02 8.847108e-03 -8.235403e-04 9.999604e-01 -4.972221e+00
9.999484e-01 4.118118e-04 1.014643e-02 4.416904e+00 -4.040291e-04 9.999996e-01 -7.690910e-04 -2.666355e-02 -1.014672e-02 7.649545e-04 9.999481e-01 -5.346405e+00
9.999469e-01 -4.322864e-04 -1.029708e-02 4.435391e+00 4.415572e-04 9.999995e-01 8.980991e-04 -2.398973e-02 1.029670e-02 -9.025955e-04 9.999465e-01 -5.500581e+00
9.998903e-01 7.120325e-04 1.479791e-02 4.764847e+00 -6.974439e-04 9.999993e-01 -9.910015e-04 -6.134351e-02 -1.479859e-02 9.805747e-04 9.998899e-01 -4.417504e+00
9.999726e-01 -3.458441e-04 -7.390760e-03 5.069237e+00 3.515272e-04 9.999996e-01 7.676942e-04 -1.025774e-01 7.390509e-03 -7.702686e-04 9.999723e-01 -3.118882e+00
9.999768e-01 3.330320e-04 6.802462e-03 5.019281e+00 -3.287736e-04 9.999997e-01 -6.271530e-04 -1.049729e-01 -6.802653e-03 6.249047e-04 9.999766e-01 -2.964799e+00
9.999973e-01 -2.592751e-04 -2.313870e-03 4.921830e+00 2.607115e-04 9.999998e-01 6.206151e-04 -9.380098e-02 2.313726e-03 -6.212141e-04 9.999970e-01 -3.314839e+00
9.999153e-01 4.400531e-04 1.300881e-02 4.960469e+00 -4.303298e-04 9.999996e-01 -7.502440e-04 -8.697285e-02 -1.300911e-02 7.445850e-04 9.999150e-01 -3.650303e+00
9.999350e-01 -4.045374e-04 -1.139671e-02 4.968679e+00 4.136004e-04 9.999996e-01 7.929028e-04 -8.022026e-02 1.139641e-02 -7.975623e-04 9.999346e-01 -3.964698e+00
9.998776e-01 5.256955e-04 1.563410e-02 5.071112e+00 -5.135972e-04 9.999996e-01 -7.778616e-04 -8.703837e-02 -1.563448e-02 7.697395e-04 9.998774e-01 -3.799793e+00
9.999342e-01 -4.568172e-04 -1.146208e-02 5.181329e+00 4.660899e-04 9.999996e-01 8.063524e-04 -8.972164e-02 1.146172e-02 -8.116391e-04 9.999339e-01 -3.822850e+00
9.999308e-01 4.942198e-04 1.175314e-02 5.064435e+00 -4.858650e-04 9.999996e-01 -7.137200e-04 -7.743171e-02 -1.175346e-02 7.079629e-04 9.999306e-01 -4.213526e+00
9.999531e-01 -4.698506e-04 -9.668935e-03 4.952949e+00 4.774871e-04 9.999996e-01 7.875267e-04 -6.806283e-02 9.668581e-03 -7.921039e-04 9.999528e-01 -4.465730e+00
9.999258e-01 5.099192e-04 1.216737e-02 4.845842e+00 -5.009286e-04 9.999996e-01 -7.419695e-04 -5.749115e-02 -1.216772e-02 7.358222e-04 9.999256e-01 -4.777450e+00
9.999518e-01 -4.455389e-04 -9.810968e-03 4.703305e+00 4.528188e-04 9.999996e-01 7.398370e-04 -4.148776e-02 9.810655e-03 -7.442412e-04 9.999515e-01 -5.286072e+00
9.999083e-01 5.247969e-04 1.353377e-02 4.409545e+00 -5.148598e-04 9.999996e-01 -7.377385e-04 -1.934366e-02 -1.353413e-02 7.307055e-04 9.999080e-01 -5.858050e+00
9.999010e-01 -4.609703e-04 -1.406015e-02 4.148692e+00 4.731854e-04 9.999995e-01 8.654812e-04 3.037772e-04 1.405976e-02 -8.720460e-04 9.999007e-01 -6.372755e+00
9.999038e-01 5.022458e-04 1.386322e-02 3.866106e+00 -4.918208e-04 9.999996e-01 -7.554029e-04 2.123867e-02 -1.386357e-02 7.485147e-04 9.999035e-01 -6.918646e+00
9.999298e-01 -4.520718e-04 -1.184402e-02 3.689842e+00 4.614999e-04 9.999996e-01 7.933195e-04 3.615451e-02 1.184368e-02 -7.987271e-04 9.999294e-01 -7.334411e+00
9.998779e-01 5.414987e-04 1.561517e-02 3.588814e+00 -5.287263e-04 9.999995e-01 -8.220777e-04 5.029684e-02 -1.561558e-02 8.137239e-04 9.998776e-01 -7.814458e+00
9.998837e-01 -5.290326e-04 -1.523886e-02 3.543071e+00 5.426554e-04 9.999995e-01 8.898474e-04 5.974237e-02 1.523840e-02 -8.980107e-04 9.998834e-01 -8.170381e+00
9.998465e-01 5.879588e-04 1.751288e-02 3.641265e+00 -5.729594e-04 9.999995e-01 -8.614954e-04 6.043496e-02 -1.751336e-02 8.513316e-04 9.998462e-01 -8.338390e+00
9.999174e-01 -4.997258e-04 -1.283907e-02 3.764757e+00 5.107015e-04 9.999995e-01 8.516208e-04 5.860727e-02 1.283866e-02 -8.581047e-04 9.999171e-01 -8.414801e+00
9.999188e-01 4.958829e-04 1.273724e-02 3.788817e+00 -4.861539e-04 9.999996e-01 -7.669279e-04 6.425212e-02 -1.273759e-02 7.606761e-04 9.999185e-01 -8.702705e+00
9.999049e-01 -5.379391e-04 -1.377990e-02 3.968949e+00 5.503842e-04 9.999994e-01 8.993783e-04 5.917312e-02 1.377943e-02 -9.068743e-04 9.999045e-01 -8.744121e+00
9.999208e-01 5.046844e-04 1.257625e-02 4.084986e+00 -4.948512e-04 9.999996e-01 -7.850042e-04 6.297445e-02 -1.257662e-02 7.787214e-04 9.999205e-01 -9.087672e+00
9.998821e-01 -5.802756e-04 -1.534280e-02 4.291495e+00 5.953517e-04 9.999993e-01 9.780877e-04 6.258738e-02 1.534224e-02 -9.871040e-04 9.998817e-01 -9.372717e+00
9.999865e-01 7.537168e-04 -5.142146e-03 4.475446e+00 -7.535276e-04 9.999997e-01 3.878263e-05 6.069951e-02 5.142193e-03 -3.490448e-05 9.999867e-01 -9.492638e+00
9.996363e-01 -3.704438e-04 -2.696677e-02 4.951326e+00 4.098499e-04 9.999989e-01 1.455780e-03 4.597216e-02 2.696622e-02 -1.466300e-03 9.996352e-01 -9.445608e+00
9.999781e-01 8.281280e-04 -6.573146e-03 5.356233e+00 -8.273634e-04 9.999997e-01 1.190638e-04 4.126026e-02 6.573255e-03 -1.136196e-04 9.999783e-01 -9.697574e+00
9.997154e-01 -3.460634e-04 -2.385487e-02 5.437687e+00 3.773699e-04 9.999991e-01 1.307892e-03 4.819136e-02 2.385440e-02 -1.316519e-03 9.997145e-01 -1.001103e+01
9.999516e-01 4.734192e-04 9.827452e-03 5.557864e+00 -4.676159e-04 9.999997e-01 -5.928190e-04 4.548068e-02 -9.827721e-03 5.881983e-04 9.999514e-01 -1.004648e+01
9.999324e-01 -4.260799e-04 -1.162198e-02 5.617851e+00 4.340569e-04 9.999997e-01 6.838690e-04 2.686781e-02 1.162170e-02 -6.888639e-04 9.999321e-01 -9.358614e+00
9.999477e-01 5.500307e-04 1.021519e-02 5.642062e+00 -5.431835e-04 9.999996e-01 -6.730710e-04 1.037357e-03 -1.021555e-02 6.674905e-04 9.999475e-01 -8.326554e+00
9.999282e-01 -4.394673e-04 -1.197165e-02 5.649924e+00 4.478203e-04 9.999997e-01 6.950714e-04 -2.372948e-02 1.197135e-02 -7.003792e-04 9.999280e-01 -7.317974e+00
9.999512e-01 4.443128e-04 9.873811e-03 5.682106e+00 -4.387708e-04 9.999997e-01 -5.634532e-04 -3.671457e-02 -9.874051e-03 5.590968e-04 9.999510e-01 -6.823383e+00
9.997730e-01 -3.626030e-04 -2.130310e-02 5.812443e+00 3.871766e-04 9.999993e-01 1.149413e-03 -4.816328e-02 2.130267e-02 -1.157397e-03 9.997723e-01 -6.509838e+00
9.998393e-01 3.571635e-04 1.792381e-02 5.792101e+00 -3.406090e-04 9.999995e-01 -9.266542e-04 -5.555174e-02 -1.792413e-02 9.204038e-04 9.998388e-01 -6.200273e+00
9.997896e-01 -3.417335e-04 -2.050803e-02 5.687905e+00 3.644765e-04 9.999993e-01 1.105259e-03 -5.679291e-02 2.050764e-02 -1.112498e-03 9.997890e-01 -6.045275e+00
9.998421e-01 3.165082e-04 1.776879e-02 5.723281e+00 -2.999178e-04 9.999995e-01 -9.363460e-04 -6.632198e-02 -1.776907e-02 9.308725e-04 9.998416e-01 -5.724572e+00
9.997468e-01 -3.235135e-04 -2.249812e-02 5.662983e+00 3.508470e-04 9.999992e-01 1.210989e-03 -6.964436e-02 2.249771e-02 -1.218572e-03 9.997461e-01 -5.546878e+00
9.999682e-01 4.532407e-04 7.966478e-03 5.632361e+00 -4.496930e-04 9.999998e-01 -4.471198e-04 -6.870298e-02 -7.966676e-03 4.435268e-04 9.999681e-01 -5.541357e+00
9.994182e-01 -3.611855e-05 -3.410558e-02 5.598285e+00 9.447478e-05 9.999985e-01 1.709439e-03 -6.315801e-02 3.410546e-02 -1.711663e-03 9.994167e-01 -5.674728e+00
9.999716e-01 4.536974e-04 7.529454e-03 5.516162e+00 -4.506748e-04 9.999998e-01 -4.031234e-04 -5.764957e-02 -7.529637e-03 3.997225e-04 9.999715e-01 -5.753549e+00
9.992611e-01 1.572226e-05 -3.843524e-02 5.559666e+00 5.632752e-05 9.999982e-01 1.873492e-03 -5.756028e-02 3.843519e-02 -1.874268e-03 9.992592e-01 -5.739285e+00
9.995917e-01 1.621595e-04 2.857163e-02 5.461093e+00 -1.241543e-04 9.999991e-01 -1.331934e-03 -4.681341e-02 -2.857183e-02 1.327847e-03 9.995908e-01 -6.071252e+00
9.993039e-01 3.499023e-05 -3.730638e-02 5.298296e+00 3.306789e-05 9.999983e-01 1.823682e-03 -3.359481e-02 3.730637e-02 -1.823642e-03 9.993021e-01 -6.427333e+00
9.996312e-01 1.600236e-04 2.715495e-02 5.108349e+00 -1.262810e-04 9.999992e-01 -1.244297e-03 -2.836392e-02 -2.715514e-02 1.240413e-03 9.996304e-01 -6.415406e+00
9.994643e-01 -3.472272e-05 -3.272878e-02 5.001565e+00 8.614825e-05 9.999988e-01 1.569851e-03 -3.555337e-02 3.272868e-02 -1.571825e-03 9.994629e-01 -5.987529e+00
9.995911e-01 6.634273e-05 2.859347e-02 4.984155e+00 -2.882672e-05 9.999991e-01 -1.312449e-03 -4.035560e-02 -2.859354e-02 1.311092e-03 9.995902e-01 -5.783804e+00
9.992482e-01 -1.564231e-05 -3.876802e-02 5.106393e+00 8.745861e-05 9.999983e-01 1.850764e-03 -4.327732e-02 3.876791e-02 -1.852759e-03 9.992464e-01 -5.828745e+00
9.993667e-01 2.933277e-05 3.558375e-02 5.161011e+00 2.871590e-05 9.999987e-01 -1.630804e-03 -4.798966e-02 -3.558376e-02 1.630798e-03 9.993653e-01 -5.722961e+00
9.993197e-01 1.707222e-05 -3.687943e-02 5.085993e+00 4.704365e-05 9.999985e-01 1.737654e-03 -4.542487e-02 3.687940e-02 -1.738202e-03 9.993181e-01 -5.753194e+00
9.993610e-01 8.095197e-05 3.574197e-02 5.088715e+00 -2.146251e-05 9.999986e-01 -1.664786e-03 -5.531341e-02 -3.574207e-02 1.662959e-03 9.993596e-01 -5.355812e+00
9.993085e-01 -3.060557e-06 -3.718112e-02 5.189811e+00 6.784021e-05 9.999985e-01 1.741007e-03 -7.208454e-02 3.718104e-02 -1.742322e-03 9.993069e-01 -4.803294e+00
9.993856e-01 2.979306e-05 3.504798e-02 5.393341e+00 2.815653e-05 9.999986e-01 -1.652932e-03 -9.096799e-02 -3.504799e-02 1.652908e-03 9.993842e-01 -4.323807e+00
9.992965e-01 -4.099783e-05 -3.750364e-02 5.750780e+00 1.070383e-04 9.999984e-01 1.758897e-03 -1.085104e-01 3.750349e-02 -1.761670e-03 9.992948e-01 -4.117993e+00
9.994292e-01 -1.859544e-05 3.378187e-02 6.218445e+00 7.185091e-05 9.999988e-01 -1.575228e-03 -1.161672e-01 -3.378181e-02 1.576760e-03 9.994279e-01 -4.466972e+00
9.994079e-01 3.610618e-05 -3.440638e-02 6.494843e+00 2.191684e-05 9.999986e-01 1.686019e-03 -1.199554e-01 3.440638e-02 -1.685771e-03 9.994064e-01 -4.700720e+00
9.994583e-01 -1.065610e-05 3.291034e-02 6.810316e+00 6.211932e-05 9.999988e-01 -1.562707e-03 -1.213536e-01 -3.291030e-02 1.563910e-03 9.994570e-01 -5.088474e+00
9.993300e-01 -4.789695e-05 -3.659904e-02 7.256105e+00 1.129565e-04 9.999984e-01 1.775559e-03 -1.293066e-01 3.659889e-02 -1.778499e-03 9.993284e-01 -5.392653e+00
9.993478e-01 7.404763e-05 3.610973e-02 7.562138e+00 -1.201598e-05 9.999985e-01 -1.718069e-03 -1.366277e-01 -3.610982e-02 1.716519e-03 9.993463e-01 -5.528595e+00
9.993148e-01 -5.351405e-05 -3.701296e-02 7.874743e+00 1.199947e-04 9.999984e-01 1.793922e-03 -1.420773e-01 3.701280e-02 -1.797129e-03 9.993131e-01 -5.749081e+00
9.993908e-01 9.319679e-05 3.489972e-02 8.259245e+00 -3.118955e-05 9.999984e-01 -1.777255e-03 -1.689344e-01 -3.489984e-02 1.775089e-03 9.993891e-01 -5.215367e+00
9.992150e-01 -8.561665e-05 -3.961657e-02 8.775626e+00 1.642461e-04 9.999980e-01 1.981507e-03 -2.006447e-01 3.961631e-02 -1.986454e-03 9.992129e-01 -4.662445e+00
9.993879e-01 4.790067e-05 3.498231e-02 1.009570e+01 2.040908e-05 9.999981e-01 -1.952323e-03 -2.634987e-01 -3.498234e-02 1.951847e-03 9.993859e-01 -4.045041e+00
9.993181e-01 4.990746e-06 -3.692411e-02 1.148772e+01 6.157130e-05 9.999984e-01 1.801529e-03 -3.368288e-01 3.692404e-02 -1.802569e-03 9.993163e-01 -3.121477e+00
9.994670e-01 3.217449e-05 3.264647e-02 1.203665e+01 2.292805e-05 9.999986e-01 -1.687468e-03 -3.745072e-01 -3.264649e-02 1.687321e-03 9.994654e-01 -2.379887e+00
9.991609e-01 1.527616e-05 -4.095720e-02 1.239163e+01 7.207221e-05 9.999977e-01 2.131191e-03 -3.947395e-01 4.095712e-02 -2.132350e-03 9.991585e-01 -2.027977e+00
9.995931e-01 6.581862e-05 2.852336e-02 1.280084e+01 -2.379578e-05 9.999989e-01 -1.473599e-03 -4.090243e-01 -2.852344e-02 1.472325e-03 9.995919e-01 -1.974685e+00
9.994464e-01 -1.530595e-04 -3.327091e-02 1.330993e+01 2.098372e-04 9.999985e-01 1.703033e-03 -4.295439e-01 3.327059e-02 -1.709067e-03 9.994448e-01 -1.858449e+00
9.996123e-01 1.033082e-04 2.784379e-02 1.381354e+01 -6.262902e-05 9.999989e-01 -1.461830e-03 -4.553570e-01 -2.784392e-02 1.459524e-03 9.996111e-01 -1.521414e+00
9.994639e-01 -1.293393e-04 -3.274083e-02 1.437464e+01 1.829898e-04 9.999986e-01 1.635640e-03 -4.890537e-01 3.274056e-02 -1.640750e-03 9.994624e-01 -9.589277e-01
9.995463e-01 1.460829e-04 3.012014e-02 1.502483e+01 -9.757175e-05 9.999987e-01 -1.612036e-03 -5.305398e-01 -3.012035e-02 1.608370e-03 9.995449e-01 -2.254457e-01
9.995095e-01 -6.618105e-05 -3.131679e-02 1.564751e+01 1.163280e-04 9.999987e-01 1.599450e-03 -5.717572e-01 3.131663e-02 -1.602304e-03 9.995081e-01 5.456895e-01
9.996501e-01 4.734104e-05 2.644952e-02 1.638689e+01 -6.353017e-06 9.999988e-01 -1.549732e-03 -6.199499e-01 -2.644958e-02 1.549027e-03 9.996488e-01 1.416905e+00
9.995690e-01 -6.774621e-05 -2.935677e-02 1.687635e+01 1.165886e-04 9.999986e-01 1.662033e-03 -6.502258e-01 2.935660e-02 -1.664734e-03 9.995675e-01 1.940852e+00
9.999712e-01 2.347240e-04 7.584098e-03 1.724316e+01 -2.297336e-04 9.999998e-01 -6.587967e-04 -6.744112e-01 -7.584271e-03 6.570402e-04 9.999709e-01 2.474528e+00
9.995435e-01 -1.555586e-04 -3.021223e-02 1.793387e+01 2.031135e-04 9.999987e-01 1.570949e-03 -7.217865e-01 3.021193e-02 -1.576364e-03 9.995422e-01 3.452603e+00
9.997061e-01 1.124244e-04 2.424283e-02 1.861450e+01 -7.643915e-05 9.999989e-01 -1.485260e-03 -7.695475e-01 -2.424300e-02 1.482975e-03 9.997049e-01 4.389630e+00
9.994482e-01 -1.791878e-04 -3.321653e-02 1.967321e+01 2.321967e-04 9.999987e-01 1.591993e-03 -8.359156e-01 3.321618e-02 -1.598823e-03 9.994468e-01 5.528634e+00
9.997531e-01 6.129181e-05 2.221912e-02 2.098277e+01 -2.910367e-05 9.999989e-01 -1.448957e-03 -9.133986e-01 -2.221921e-02 1.447957e-03 9.997520e-01 6.743525e+00
9.995412e-01 -1.718545e-04 -3.028945e-02 2.202168e+01 2.191536e-04 9.999988e-01 1.558237e-03 -9.764422e-01 3.028912e-02 -1.564155e-03 9.995399e-01 7.768224e+00
9.997290e-01 1.263418e-04 2.327898e-02 2.285586e+01 -9.267471e-05 9.999989e-01 -1.447283e-03 -1.029545e+00 -2.327916e-02 1.444739e-03 9.997279e-01 8.701354e+00
9.994911e-01 -1.868670e-04 -3.189903e-02 2.363067e+01 2.398158e-04 9.999986e-01 1.656051e-03 -1.079678e+00 3.189865e-02 -1.662853e-03 9.994896e-01 9.608731e+00
9.997516e-01 1.288221e-04 2.228565e-02 2.443394e+01 -9.738947e-05 9.999990e-01 -1.411487e-03 -1.131237e+00 -2.228583e-02 1.408971e-03 9.997505e-01 1.053315e+01
9.994738e-01 -2.117379e-04 -3.243687e-02 2.530744e+01 2.665034e-04 9.999985e-01 1.684037e-03 -1.184123e+00 3.243644e-02 -1.691790e-03 9.994723e-01 1.141277e+01
9.998078e-01 1.658763e-04 1.960682e-02 2.609486e+01 -1.414655e-04 9.999992e-01 -1.246349e-03 -1.232004e+00 -1.960704e-02 1.243341e-03 9.998069e-01 1.222760e+01
9.994894e-01 -2.208025e-04 -3.195148e-02 2.672259e+01 2.742548e-04 9.999986e-01 1.668526e-03 -1.275105e+00 3.195103e-02 -1.676431e-03 9.994879e-01 1.308328e+01
9.999306e-01 3.427457e-04 1.177347e-02 2.721042e+01 -3.332596e-04 9.999996e-01 -8.075884e-04 -1.310049e+00 -1.177377e-02 8.036139e-04 9.999303e-01 1.386364e+01
9.996456e-01 -3.592226e-04 -2.661905e-02 2.801978e+01 3.926611e-04 9.999991e-01 1.250938e-03 -1.365020e+00 2.661855e-02 -1.260942e-03 9.996448e-01 1.493679e+01
9.998530e-01 2.904639e-04 1.714406e-02 2.896516e+01 -2.715430e-04 9.999994e-01 -1.105898e-03 -1.427653e+00 -1.714441e-02 1.101085e-03 9.998523e-01 1.609195e+01
9.997483e-01 -3.501868e-04 -2.243252e-02 2.973156e+01 3.758347e-04 9.999993e-01 1.139088e-03 -1.479387e+00 2.243207e-02 -1.147227e-03 9.997476e-01 1.705966e+01
9.998404e-01 3.404608e-04 1.786349e-02 3.026946e+01 -3.216951e-04 9.999994e-01 -1.053306e-03 -1.519006e+00 -1.786387e-02 1.047396e-03 9.998398e-01 1.788859e+01
9.997428e-01 -3.377996e-04 -2.267652e-02 3.079643e+01 3.638671e-04 9.999993e-01 1.145381e-03 -1.559341e+00 2.267608e-02 -1.153332e-03 9.997421e-01 1.876522e+01
9.999971e-01 4.074302e-04 2.381927e-03 3.132445e+01 -4.066854e-04 9.999999e-01 -3.127065e-04 -1.598384e+00 -2.382094e-03 3.117422e-04 9.999970e-01 1.964115e+01
9.994122e-01 -6.592387e-05 -3.428111e-02 3.178138e+01 1.230432e-04 9.999986e-01 1.664067e-03 -1.629540e+00 3.428091e-02 -1.667302e-03 9.994108e-01 2.036866e+01
9.996370e-01 6.138322e-05 2.694040e-02 3.228674e+01 -2.374868e-05 9.999990e-01 -1.397224e-03 -1.663991e+00 -2.694050e-02 1.396082e-03 9.996360e-01 2.104886e+01
9.994911e-01 -8.376761e-05 -3.189780e-02 3.274509e+01 1.345128e-04 9.999987e-01 1.588690e-03 -1.694393e+00 3.189758e-02 -1.592167e-03 9.994898e-01 2.163187e+01
9.999462e-01 5.028908e-05 1.036976e-02 3.414009e+01 -4.054485e-05 9.999996e-01 -9.397535e-04 -1.771574e+00 -1.036985e-02 9.392880e-04 9.999457e-01 2.276126e+01
9.994407e-01 -3.338643e-04 -3.343749e-02 3.622205e+01 3.815241e-04 9.999989e-01 1.418933e-03 -1.885914e+00 3.343693e-02 -1.430891e-03 9.994397e-01 2.434750e+01
9.999225e-01 1.057535e-04 1.244777e-02 3.805580e+01 -9.362443e-05 9.999995e-01 -9.748528e-04 -1.988782e+00 -1.244791e-02 9.736174e-04 9.999220e-01 2.583594e+01
9.994707e-01 -3.294696e-04 -3.252940e-02 3.978476e+01 3.747448e-04 9.999990e-01 1.385693e-03 -2.088548e+00 3.252886e-02 -1.397144e-03 9.994697e-01 2.734965e+01
9.998929e-01 1.660702e-04 1.463214e-02 4.137500e+01 -1.504070e-04 9.999994e-01 -1.071443e-03 -2.185031e+00 -1.463236e-02 1.069133e-03 9.998923e-01 2.892828e+01
9.994191e-01 -3.382990e-04 -3.407964e-02 4.299457e+01 3.878442e-04 9.999989e-01 1.447163e-03 -2.282592e+00 3.407906e-02 -1.459534e-03 9.994180e-01 3.051381e+01
9.999157e-01 1.709466e-04 1.298588e-02 4.469937e+01 -1.579933e-04 9.999995e-01 -9.983671e-04 -2.382409e+00 -1.298610e-02 9.962369e-04 9.999151e-01 3.206937e+01
