1.000000e+00 1.078704e-04 7.841055e-05 2.845902e-02 -1.078683e-04 1.000000e+00 -2.619508e-05 -3.953460e-04 -7.841332e-05 2.618710e-05 9.999999e-01 -5.836030e-02
9.998264e-01 -3.925754e-04 1.862571e-02 1.235639e-01 4.033746e-04 9.999998e-01 -5.760441e-04 -4.111715e-03 -1.862548e-02 5.834577e-04 9.998263e-01 -2.093594e-02
9.999491e-01 -1.490861e-04 1.008825e-02 2.087883e-01 1.509065e-04 1.000000e+00 -1.796816e-04 -6.356745e-03 -1.008822e-02 1.811952e-04 9.999490e-01 -9.148292e-03
9.999601e-01 2.243294e-04 -8.930471e-03 2.945487e-01 -2.233429e-04 1.000000e+00 1.114631e-04 -1.048783e-02 8.930500e-03 -1.094638e-04 9.999600e-01 3.998011e-03
9.999916e-01 1.016760e-04 -4.091087e-03 3.693729e-01 -1.005512e-04 1.000000e+00 2.751465e-04 -1.552899e-02 4.091119e-03 -2.747325e-04 9.999915e-01 4.161698e-02
9.999638e-01 -1.128850e-04 8.503027e-03 4.324094e-01 1.168787e-04 9.999999e-01 -4.691863e-04 -1.879815e-02 -8.502969e-03 4.701635e-04 9.999636e-01 5.323327e-02
9.998853e-01 -2.773101e-04 1.514391e-02 5.050342e-01 2.811245e-04 9.999999e-01 -2.497468e-04 -2.027979e-02 -1.514384e-02 2.539758e-04 9.998852e-01 4.447013e-02
9.992941e-01 -6.877931e-04 3.756226e-02 6.169421e-01 7.290435e-04 9.999991e-01 -1.084501e-03 -2.264979e-02 -3.756147e-02 1.111120e-03 9.992936e-01 9.157990e-02
9.999898e-01 3.818965e-06 -4.507132e-03 7.144764e-01 -2.106767e-06 9.999999e-01 3.798875e-04 -2.719731e-02 4.507148e-03 -3.798741e-04 9.999897e-01 1.693843e-01
9.999941e-01 2.149468e-04 -3.428969e-03 8.027226e-01 -2.153705e-04 1.000000e+00 -1.232040e-04 -3.328909e-02 3.428957e-03 1.239418e-04 9.999940e-01 2.335450e-01
9.999994e-01 -1.520464e-04 1.115585e-03 8.893652e-01 1.518861e-04 1.000000e+00 1.438270e-04 -4.061351e-02 -1.115593e-03 -1.436573e-04 9.999993e-01 3.421305e-01
9.999949e-01 1.351162e-04 3.175681e-03 9.531698e-01 -1.341399e-04 9.999999e-01 -3.076280e-04 -4.503409e-02 -3.175708e-03 3.072005e-04 9.999948e-01 3.946793e-01
9.995923e-01 -6.401996e-04 2.854679e-02 1.039837e+00 6.572230e-04 9.999996e-01 -5.869512e-04 -4.792269e-02 -2.854639e-02 6.054734e-04 9.995922e-01 4.383433e-01
9.991628e-01 -7.351555e-04 4.090354e-02 1.167205e+00 7.768498e-04 9.999992e-01 -1.003447e-03 -5.073830e-02 -4.090275e-02 1.034382e-03 9.991625e-01 5.090653e-01
9.999997e-01 -8.970355e-05 -7.220793e-04 1.275963e+00 8.978981e-05 1.000000e+00 1.193467e-04 -5.479551e-02 7.220968e-04 -1.194117e-04 9.999996e-01 5.724823e-01
9.997805e-01 -2.354362e-04 2.095047e-02 1.360679e+00 2.502644e-04 9.999997e-01 -7.051550e-04 -5.835346e-02 -2.095027e-02 7.102430e-04 9.997802e-01 6.109593e-01
9.998967e-01 1.880552e-04 -1.437377e-02 1.420541e+00 -1.811231e-04 9.999999e-01 4.835655e-04 -6.121920e-02 1.437389e-02 -4.809125e-04 9.998965e-01 6.223444e-01
9.999484e-01 -2.531296e-05 1.015824e-02 1.440096e+00 2.925924e-05 9.999999e-01 -3.883262e-04 -6.339063e-02 -1.015820e-02 3.886030e-04 9.999482e-01 6.195390e-01
9.998948e-01 2.150952e-04 -1.450435e-02 1.479909e+00 -2.080806e-04 9.999999e-01 4.851217e-04 -6.482088e-02 1.450448e-02 -4.820530e-04 9.998946e-01 5.793601e-01
9.999376e-01 -3.122058e-05 1.116965e-02 1.524467e+00 3.610536e-05 9.999999e-01 -4.371197e-04 -6.464258e-02 -1.116960e-02 4.374954e-04 9.999374e-01 4.853241e-01
9.998259e-01 2.883659e-04 -1.865713e-02 1.575039e+00 -2.767118e-04 9.999998e-01 6.272213e-04 -6.648102e-02 1.865734e-02 -6.219497e-04 9.998256e-01 4.376504e-01
9.997544e-01 -3.984384e-04 2.215863e-02 1.786027e+00 4.158429e-04 9.999996e-01 -7.808428e-04 -7.853380e-02 -2.215828e-02 7.898652e-04 9.997541e-01 5.955978e-01
9.999690e-01 -2.282749e-05 -7.876978e-03 2.034897e+00 2.635619e-05 9.999999e-01 4.478618e-04 -9.566240e-02 7.876998e-03 -4.480559e-04 9.999688e-01 9.018532e-01
9.994107e-01 -6.318044e-04 3.431999e-02 2.384511e+00 6.690220e-04 9.999992e-01 -1.072955e-03 -1.172220e-01 -3.431925e-02 1.095283e-03 9.994102e-01 1.271172e+00
9.999632e-01 -1.489974e-04 -8.580344e-03 2.746002e+00 1.535853e-04 9.999998e-01 5.340179e-04 -1.395855e-01 8.580299e-03 -5.353166e-04 9.999629e-01 1.662675e+00
9.999331e-01 1.406311e-04 1.156842e-02 2.831837e+00 -1.326987e-04 9.999998e-01 -6.864510e-04 -1.439746e-01 -1.156848e-02 6.848694e-04 9.999328e-01 1.705653e+00
9.997894e-01 2.450555e-04 -2.051895e-02 2.758566e+00 -2.271696e-04 9.999996e-01 8.739985e-04 -1.365199e-01 2.051920e-02 -8.691537e-04 9.997890e-01 1.469848e+00
9.999561e-01 2.551660e-04 9.364368e-03 2.635204e+00 -2.491478e-04 9.999998e-01 -6.438223e-04 -1.229393e-01 -9.364496e-03 6.414604e-04 9.999558e-01 1.079764e+00
9.997438e-01 4.326693e-04 -2.262914e-02 2.467155e+00 -4.127656e-04 9.999995e-01 8.842219e-04 -1.023192e-01 2.262955e-02 -8.746553e-04 9.997434e-01 4.880306e-01
9.999744e-01 3.753148e-04 7.149798e-03 2.250010e+00 -3.710982e-04 9.999998e-01 -5.910507e-04 -7.638032e-02 -7.149987e-03 5.883819e-04 9.999742e-01 -2.408120e-01
9.997938e-01 3.455430e-04 -2.030240e-02 2.026711e+00 -3.290762e-04 9.999996e-01 8.144058e-04 -5.074719e-02 2.030270e-02 -8.075572e-04 9.997935e-01 -9.488270e-01
9.999092e-01 1.635714e-04 1.347588e-02 1.868958e+00 -1.547059e-04 9.999998e-01 -6.589155e-04 -2.937069e-02 -1.347595e-02 6.567705e-04 9.999089e-01 -1.569805e+00
9.996933e-01 4.783998e-04 -2.476096e-02 1.751053e+00 -4.573545e-04 9.999995e-01 8.555929e-04 -1.200415e-02 2.476139e-02 -8.440062e-04 9.996929e-01 -2.103215e+00
9.999932e-01 3.075491e-04 3.682737e-03 1.624651e+00 -3.061267e-04 9.999999e-01 -3.867930e-04 4.873528e-03 -3.682830e-03 3.856627e-04 9.999930e-01 -2.630872e+00
9.997897e-01 3.437170e-04 -2.050513e-02 1.539763e+00 -3.285943e-04 9.999997e-01 7.408667e-04 1.766202e-02 2.050540e-02 -7.339732e-04 9.997894e-01 -3.051607e+00
9.999772e-01 3.612921e-04 6.747726e-03 1.425308e+00 -3.579594e-04 9.999998e-01 -4.950873e-04 3.472549e-02 -6.747881e-03 4.926604e-04 9.999770e-01 -3.582846e+00
9.999292e-01 -1.973725e-05 -1.190062e-02 1.412865e+00 2.673807e-05 9.999998e-01 5.881110e-04 4.257666e-02 1.190063e-02 -5.883877e-04 9.999289e-01 -3.897650e+00
9.996294e-01 -1.417552e-04 2.722359e-02 1.424762e+00 1.724348e-04 9.999994e-01 -1.124603e-03 4.928974e-02 -2.722339e-02 1.128880e-03 9.996286e-01 -4.140328e+00
9.998849e-01 1.008691e-04 -1.516962e-02 1.445555e+00 -8.940687e-05 9.999997e-01 7.562774e-04 5.615654e-02 1.516971e-02 -7.548344e-04 9.998846e-01 -4.407287e+00
9.996577e-01 -1.658090e-04 2.616201e-02 1.493756e+00 1.964666e-04 9.999993e-01 -1.169268e-03 6.184818e-02 -2.616177e-02 1.174007e-03 9.996569e-01 -4.657903e+00
9.999696e-01 -1.192169e-04 -7.790957e-03 1.593700e+00 1.237531e-04 9.999998e-01 5.817560e-04 6.281495e-02 7.790915e-03 -5.827029e-04 9.999694e-01 -4.792242e+00
9.992275e-01 -4.213574e-04 3.929561e-02 1.726172e+00 4.827613e-04 9.999987e-01 -1.553137e-03 6.230276e-02 -3.929488e-02 1.570907e-03 9.992263e-01 -4.862036e+00
9.999756e-01 -4.325863e-04 6.964990e-03 1.821465e+00 4.304356e-04 9.999999e-01 3.103159e-04 6.392690e-02 -6.965087e-03 -3.073110e-04 9.999756e-01 -4.940103e+00
9.993800e-01 -3.724893e-04 3.520536e-02 1.892956e+00 4.236523e-04 9.999989e-01 -1.445820e-03 6.629667e-02 -3.520474e-02 1.459838e-03 9.993790e-01 -5.034370e+00
9.999970e-01 -2.301143e-04 2.420410e-03 1.973212e+00 2.294661e-04 9.999999e-01 2.681941e-04 6.895907e-02 -2.420428e-03 -2.676387e-04 9.999969e-01 -5.148945e+00
9.988929e-01 -7.049600e-04 4.703683e-02 2.064569e+00 7.786549e-04 9.999985e-01 -1.548440e-03 7.087600e-02 -4.703562e-02 1.583350e-03 9.988919e-01 -5.227513e+00
9.992335e-01 7.917864e-04 -3.913770e-02 2.116654e+00 -7.412715e-04 9.999989e-01 1.305183e-03 7.532769e-02 3.913874e-02 -1.275172e-03 9.992329e-01 -5.454301e+00
9.991395e-01 -5.842307e-04 4.147205e-02 2.155876e+00 6.433296e-04 9.999988e-01 -1.411692e-03 8.088897e-02 -4.147113e-02 1.437156e-03 9.991386e-01 -5.708946e+00
9.988640e-01 9.670610e-04 -4.764289e-02 2.197732e+00 -8.936399e-04 9.999984e-01 1.562339e-03 8.475351e-02 4.764438e-02 -1.517989e-03 9.988631e-01 -5.933186e+00
9.999351e-01 -2.686746e-05 1.139361e-02 2.250828e+00 3.059971e-05 9.999999e-01 -3.273813e-04 8.402590e-02 -1.139356e-02 3.277078e-04 9.999349e-01 -6.054128e+00
9.980298e-01 1.315990e-03 -6.272709e-02 2.284870e+00 -1.186022e-03 9.999971e-01 2.109142e-03 7.906878e-02 6.272972e-02 -2.030591e-03 9.980284e-01 -6.021337e+00
9.999198e-01 -7.796680e-05 1.266800e-02 2.316386e+00 8.353903e-05 9.999999e-01 -4.393300e-04 7.311743e-02 -1.266793e-02 4.403525e-04 9.999196e-01 -5.955561e+00
9.988492e-01 9.450215e-04 -4.795187e-02 2.349922e+00 -8.694255e-04 9.999983e-01 1.597327e-03 6.632980e-02 4.795333e-02 -1.553799e-03 9.988483e-01 -5.851153e+00
9.999725e-01 5.033414e-05 7.414080e-03 2.382344e+00 -4.867997e-05 1.000000e+00 -2.232858e-04 5.932202e-02 -7.414063e-03 2.229184e-04 9.999724e-01 -5.743038e+00
9.989492e-01 8.820654e-04 -4.582177e-02 2.413835e+00 -8.149709e-04 9.999986e-01 1.482909e-03 5.213961e-02 4.582304e-02 -1.444008e-03 9.989484e-01 -5.627998e+00
9.999768e-01 7.820145e-05 6.814549e-03 2.443533e+00 -7.721667e-05 1.000000e+00 -1.447725e-04 4.550310e-02 -6.814540e-03 1.442430e-04 9.999767e-01 -5.529262e+00
9.987915e-01 9.408640e-04 -4.913957e-02 2.468046e+00 -8.668784e-04 9.999985e-01 1.526911e-03 3.825979e-02 4.914094e-02 -1.482468e-03 9.987907e-01 -5.413512e+00
9.999906e-01 1.453457e-04 4.329470e-03 2.493900e+00 -1.453363e-04 1.000000e+00 -2.481809e-06 3.082575e-02 -4.329458e-03 1.852883e-06 9.999905e-01 -5.293614e+00
9.989220e-01 8.714516e-04 -4.641173e-02 2.519458e+00 -8.081276e-04 9.999987e-01 1.383142e-03 2.349464e-02 4.641289e-02 -1.344144e-03 9.989213e-01 -5.174084e+00
9.999954e-01 1.717326e-04 3.031825e-03 2.542401e+00 -1.719884e-04 1.000000e+00 8.411135e-05 1.644985e-02 -3.031807e-03 -8.463179e-05 9.999953e-01 -5.064470e+00
9.988431e-01 9.285513e-04 -4.807834e-02 2.568060e+00 -8.614248e-04 9.999986e-01 1.416889e-03 9.609435e-03 4.807959e-02 -1.373834e-03 9.988425e-01 -4.962245e+00
1.000000e+00 2.517296e-04 -1.890131e-04 2.596120e+00 -2.516844e-04 9.999999e-01 2.386215e-04 3.449313e-03 1.890671e-04 -2.385730e-04 9.999999e-01 -4.884358e+00
9.986562e-01 1.047417e-03 -5.181492e-02 2.628180e+00 -9.672576e-04 9.999983e-01 1.572091e-03 -1.592816e-03 5.181647e-02 -1.519859e-03 9.986554e-01 -4.846056e+00
1.000000e+00 2.334568e-04 -1.383234e-04 2.658980e+00 -2.334225e-04 9.999999e-01 2.467631e-04 -6.988253e-03 1.383646e-04 -2.467296e-04 9.999999e-01 -4.796180e+00
9.987241e-01 -1.146797e-03 5.048628e-02 2.787845e+00 1.231475e-03 9.999979e-01 -1.646187e-03 -1.285835e-02 -5.048429e-02 1.706260e-03 9.987233e-01 -4.674024e+00
9.998804e-01 7.670423e-04 -1.544977e-02 2.887824e+00 -7.495333e-04 9.999991e-01 1.139043e-03 -1.558833e-02 1.545062e-02 -1.127325e-03 9.998799e-01 -4.640702e+00
9.989482e-01 7.534029e-04 -4.584623e-02 2.923286e+00 -7.100158e-04 9.999993e-01 9.626371e-04 -1.935232e-02 4.584690e-02 -9.290718e-04 9.989479e-01 -4.653759e+00
9.999043e-01 6.964302e-04 -1.381553e-02 2.958804e+00 -6.807649e-04 9.999991e-01 1.138552e-03 -2.261986e-02 1.381629e-02 -1.129037e-03 9.999038e-01 -4.681307e+00
9.990903e-01 6.907438e-04 -4.263884e-02 2.993433e+00 -6.576778e-04 9.999995e-01 7.895085e-04 -2.653802e-02 4.263934e-02 -7.607460e-04 9.990901e-01 -4.686906e+00
9.999448e-01 6.130105e-04 -1.048539e-02 3.033090e+00 -6.018525e-04 9.999992e-01 1.067248e-03 -2.936453e-02 1.048601e-02 -1.060877e-03 9.999444e-01 -4.723081e+00
9.999643e-01 -4.335903e-04 8.443242e-03 3.064797e+00 4.424715e-04 9.999994e-01 -1.049995e-03 -2.983664e-02 -8.442812e-03 1.053695e-03 9.999637e-01 -4.796795e+00
9.997992e-01 9.010002e-04 -2.001791e-02 3.087824e+00 -8.684641e-04 9.999983e-01 1.633969e-03 -3.066905e-02 2.001932e-02 -1.616254e-03 9.997982e-01 -4.866690e+00
9.994940e-01 3.737515e-04 -3.180720e-02 3.118138e+00 -3.688615e-04 9.999999e-01 1.595970e-04 -3.653298e-02 3.180722e-02 -1.477818e-04 9.994939e-01 -4.803391e+00
9.992204e-01 -3.745060e-04 3.947828e-02 3.151902e+00 3.921030e-04 9.999998e-01 -4.379858e-04 -3.922240e-02 -3.947814e-02 4.531258e-04 9.992202e-01 -4.786167e+00
9.997811e-01 1.185132e-04 -2.092052e-02 3.191995e+00 -1.190014e-04 1.000000e+00 -2.210703e-05 -3.954228e-02 2.092048e-02 2.459368e-05 9.997810e-01 -4.834784e+00
9.993929e-01 -3.212065e-04 3.483724e-02 3.252300e+00 3.330720e-04 9.999999e-01 -3.347837e-04 -4.540641e-02 -3.483716e-02 3.461857e-04 9.993928e-01 -4.726940e+00
9.998759e-01 -7.126457e-06 -1.575638e-02 3.319298e+00 5.482847e-06 1.000000e+00 -1.043761e-04 -5.043527e-02 1.575634e-02 1.042786e-04 9.998758e-01 -4.638929e+00
9.993920e-01 -2.989437e-04 3.486316e-02 3.385761e+00 3.115201e-04 9.999999e-01 -3.552956e-04 -5.539879e-02 -3.486308e-02 3.659419e-04 9.993919e-01 -4.550720e+00
9.998620e-01 -1.145850e-06 -1.661277e-02 3.451149e+00 -2.121752e-07 1.000000e+00 -8.175934e-05 -6.051606e-02 1.661274e-02 8.175336e-05 9.998619e-01 -4.459047e+00
9.994063e-01 -2.922984e-04 3.445353e-02 3.519354e+00 3.043720e-04 9.999999e-01 -3.451799e-04 -6.582733e-02 -3.445345e-02 3.554634e-04 9.994061e-01 -4.364870e+00
9.997849e-01 8.968757e-05 -2.073817e-02 3.584699e+00 -8.992704e-05 1.000000e+00 -1.062501e-05 -7.101107e-02 2.073814e-02 1.248936e-05 9.997848e-01 -4.278125e+00
9.993515e-01 -3.285046e-04 3.600623e-02 3.642196e+00 3.417001e-04 9.999999e-01 -3.603174e-04 -7.545016e-02 -3.600613e-02 3.723887e-04 9.993514e-01 -4.206223e+00
9.996857e-01 1.859977e-04 -2.506838e-02 3.665020e+00 -1.842502e-04 1.000000e+00 7.200943e-05 -7.749057e-02 2.506837e-02 -6.736630e-05 9.996856e-01 -4.183768e+00
9.996351e-01 -1.067580e-04 2.701319e-02 3.647103e+00 1.106585e-04 1.000000e+00 -1.428892e-04 -7.754897e-02 -2.701320e-02 1.458280e-04 9.996350e-01 -4.213104e+00
9.997904e-01 5.693508e-05 -2.047356e-02 3.673336e+00 -5.846327e-05 1.000000e+00 -7.405211e-05 -7.996958e-02 2.047353e-02 7.523516e-05 9.997903e-01 -4.191102e+00
9.998545e-01 8.531524e-05 1.705551e-02 3.654789e+00 -8.865002e-05 1.000000e+00 1.947810e-04 -8.068705e-02 -1.705551e-02 -1.962630e-04 9.998544e-01 -4.210307e+00
9.996972e-01 1.241768e-04 -2.460685e-02 3.656502e+00 -1.235387e-04 1.000000e+00 2.744685e-05 -8.360733e-02 2.460683e-02 -2.439700e-05 9.996971e-01 -4.179376e+00
9.999756e-01 2.754913e-04 6.987019e-03 3.688655e+00 -2.793202e-04 9.999998e-01 5.470671e-04 -8.966407e-02 -6.986891e-03 -5.490037e-04 9.999753e-01 -4.084440e+00
9.997324e-01 9.565526e-05 -2.313361e-02 3.713289e+00 -9.758503e-05 1.000000e+00 -8.229921e-05 -9.550185e-02 2.313357e-02 8.453641e-05 9.997323e-01 -3.989375e+00
9.999542e-01 2.178571e-04 9.572762e-03 3.732219e+00 -2.229675e-04 9.999998e-01 5.328161e-04 -1.007765e-01 -9.572671e-03 -5.349243e-04 9.999539e-01 -3.904180e+00
9.993998e-01 3.868761e-04 -3.464070e-02 3.768300e+00 -3.764755e-04 9.999999e-01 3.067550e-04 -1.072824e-01 3.464078e-02 -2.935277e-04 9.993997e-01 -3.802143e+00
9.998476e-01 2.977678e-05 1.745619e-02 3.822499e+00 -3.390809e-05 1.000000e+00 2.363904e-04 -1.127606e-01 -1.745622e-02 -2.369444e-04 9.998475e-01 -3.733500e+00
9.993720e-01 4.089545e-04 -3.543170e-02 3.869993e+00 -3.971938e-04 9.999999e-01 3.389564e-04 -1.181285e-01 3.543181e-02 -3.246684e-04 9.993719e-01 -3.668362e+00
9.999060e-01 1.102554e-04 1.371161e-02 3.911726e+00 -1.157908e-04 9.999999e-01 4.029355e-04 -1.245109e-01 -1.371160e-02 -4.044833e-04 9.999058e-01 -3.568168e+00
9.992695e-01 4.868164e-04 -3.821197e-02 3.949655e+00 -4.720241e-04 9.999998e-01 3.961249e-04 -1.306259e-01 3.821212e-02 -3.777965e-04 9.992695e-01 -3.478319e+00
9.998973e-01 6.342127e-05 1.433201e-02 3.981014e+00 -6.858408e-05 9.999999e-01 3.597702e-04 -1.365276e-01 -1.433202e-02 -3.607140e-04 9.998971e-01 -3.393079e+00
9.994928e-01 3.513096e-04 -3.184219e-02 4.005187e+00 -3.459715e-04 9.999999e-01 1.731368e-04 -1.416750e-01 3.184221e-02 -1.620303e-04 9.994928e-01 -3.319369e+00
9.999272e-01 9.349447e-05 1.206154e-02 4.030901e+00 -9.913694e-05 9.999999e-01 4.672519e-04 -1.474979e-01 -1.206154e-02 -4.684114e-04 9.999271e-01 -3.231784e+00
9.994688e-01 3.851656e-04 -3.258733e-02 4.058351e+00 -3.791675e-04 9.999999e-01 1.902266e-04 -1.544397e-01 3.258736e-02 -1.777673e-04 9.994688e-01 -3.109428e+00
9.999700e-01 1.938591e-04 7.745929e-03 4.089381e+00 -1.989607e-04 9.999998e-01 6.579359e-04 -1.614462e-01 -7.745847e-03 -6.594550e-04 9.999697e-01 -2.987699e+00
9.995766e-01 2.904957e-04 -2.909455e-02 4.114851e+00 -2.917074e-04 1.000000e+00 -3.742226e-05 -1.676855e-01 2.909449e-02 4.589585e-05 9.995766e-01 -2.885352e+00
9.999595e-01 1.642600e-04 8.995424e-03 4.143056e+00 -1.705510e-04 9.999997e-01 6.986753e-04 -1.736360e-01 -8.995357e-03 -7.001788e-04 9.999592e-01 -2.794212e+00
9.994387e-01 4.137702e-04 -3.349759e-02 4.172584e+00 -4.114064e-04 9.999999e-01 7.743810e-05 -1.798971e-01 3.349756e-02 -6.361108e-05 9.994387e-01 -2.697100e+00
9.999347e-01 9.062674e-05 1.143043e-02 4.199847e+00 -9.798820e-05 9.999998e-01 6.435304e-04 -1.859692e-01 -1.143042e-02 -6.446059e-04 9.999344e-01 -2.601680e+00
9.993807e-01 4.787928e-04 -3.518576e-02 4.224025e+00 -4.741018e-04 9.999999e-01 1.416418e-04 -1.912711e-01 3.518577e-02 -1.248699e-04 9.993807e-01 -2.533083e+00
9.999016e-01 4.101853e-06 1.402844e-02 4.251164e+00 -1.161152e-05 9.999999e-01 5.352957e-04 -1.968053e-01 -1.402849e-02 -5.354033e-04 9.999014e-01 -2.454157e+00
9.994178e-01 4.748235e-04 -3.411456e-02 4.284102e+00 -4.711474e-04 9.999999e-01 1.157725e-04 -2.029115e-01 3.411456e-02 -9.962952e-05 9.994178e-01 -2.360372e+00
9.998951e-01 -3.147898e-05 1.448185e-02 4.317474e+00 2.425283e-05 9.999999e-01 4.992186e-04 -2.093382e-01 -1.448192e-02 -4.988124e-04 9.998949e-01 -2.255595e+00
9.996359e-01 3.147967e-04 -2.698020e-02 4.353269e+00 -3.188381e-04 9.999999e-01 -1.455232e-04 -2.156966e-01 2.698009e-02 1.540752e-04 9.996359e-01 -2.145854e+00
9.998915e-01 -3.273375e-05 1.472802e-02 4.389360e+00 2.507534e-05 9.999999e-01 5.202396e-04 -2.212971e-01 -1.472810e-02 -5.198112e-04 9.998913e-01 -2.057606e+00
9.994484e-01 4.692653e-04 -3.320481e-02 4.423055e+00 -4.672757e-04 9.999999e-01 6.765115e-05 -2.276238e-01 3.320478e-02 -5.209534e-05 9.994485e-01 -1.955292e+00
9.999430e-01 5.278299e-05 1.067709e-02 4.457764e+00 -6.006179e-05 9.999998e-01 6.814998e-04 -2.339524e-01 -1.067712e-02 -6.820995e-04 9.999427e-01 -1.854907e+00
9.995173e-01 4.336686e-04 -3.106526e-02 4.494381e+00 -4.355587e-04 9.999999e-01 -5.411130e-05 -2.399101e-01 3.106517e-02 6.761868e-05 9.995173e-01 -1.766472e+00
9.998589e-01 -1.058372e-04 1.679803e-02 4.533836e+00 9.778544e-05 9.999999e-01 4.802171e-04 -2.451966e-01 -1.679815e-02 -4.785039e-04 9.998587e-01 -1.692958e+00
9.994795e-01 4.864039e-04 -3.225728e-02 4.568556e+00 -4.860704e-04 9.999999e-01 1.814611e-05 -2.501914e-01 3.225722e-02 -2.454564e-06 9.994795e-01 -1.627356e+00
9.998329e-01 -1.619429e-04 1.827987e-02 4.607504e+00 1.545814e-04 9.999999e-01 4.041871e-04 -2.555236e-01 -1.828001e-02 -4.012910e-04 9.998327e-01 -1.551936e+00
9.995014e-01 4.707682e-04 -3.156938e-02 4.638566e+00 -4.714161e-04 9.999999e-01 -1.311867e-05 -2.612947e-01 3.156930e-02 2.799727e-05 9.995015e-01 -1.459423e+00
9.999079e-01 -5.609871e-05 1.356816e-02 4.676861e+00 4.803772e-05 9.999998e-01 5.945273e-04 -2.674479e-01 -1.356827e-02 -5.938179e-04 9.999077e-01 -1.363277e+00
9.995118e-01 4.909218e-04 -3.123850e-02 4.718126e+00 -4.916553e-04 9.999999e-01 -1.584203e-05 -2.736171e-01 3.123841e-02 3.119574e-05 9.995119e-01 -1.266375e+00
9.999549e-01 8.204555e-06 9.495796e-03 4.755231e+00 -1.513268e-05 9.999997e-01 7.296669e-04 -2.798189e-01 -9.495863e-03 -7.297748e-04 9.999546e-01 -1.170641e+00
9.996778e-01 3.733274e-04 -2.537882e-02 4.795695e+00 -3.799787e-04 9.999999e-01 -2.573149e-04 -2.852488e-01 2.537864e-02 2.668783e-04 9.996778e-01 -1.095145e+00
9.999256e-01 -5.040700e-05 1.219267e-02 4.816326e+00 4.257597e-05 9.999998e-01 6.426462e-04 -2.885328e-01 -1.219278e-02 -6.420764e-04 9.999254e-01 -1.065179e+00
9.997258e-01 3.347995e-04 -2.341369e-02 4.815704e+00 -3.434314e-04 9.999999e-01 -3.647075e-04 -2.905721e-01 2.341348e-02 3.726514e-04 9.997257e-01 -1.058954e+00
9.999149e-01 -9.517177e-05 1.304598e-02 4.834974e+00 8.662854e-05 9.999998e-01 6.555295e-04 -2.940944e-01 -1.304611e-02 -6.543406e-04 9.999146e-01 -1.023842e+00
9.998050e-01 2.223215e-04 -1.974777e-02 4.903067e+00 -2.326716e-04 9.999998e-01 -5.218927e-04 -3.010795e-01 1.974757e-02 5.263886e-04 9.998048e-01 -9.164665e-01
9.998353e-01 -1.934888e-04 1.814867e-02 5.000700e+00 1.838100e-04 9.999998e-01 5.350556e-04 -3.097985e-01 -1.814885e-02 -5.316286e-04 9.998351e-01 -7.682719e-01
9.998968e-01 1.137042e-04 -1.436282e-02 5.108216e+00 -1.231379e-04 9.999998e-01 -6.560337e-04 -3.192612e-01 1.436266e-02 6.577375e-04 9.998966e-01 -5.978112e-01
9.999705e-01 3.958492e-05 7.677957e-03 5.201901e+00 -4.600975e-05 9.999996e-01 8.368021e-04 -3.273962e-01 -7.678001e-03 -8.371278e-04 9.999701e-01 -4.716293e-01
9.998750e-01 1.983063e-04 -1.581074e-02 5.270293e+00 -2.073468e-04 9.999998e-01 -5.702463e-04 -3.332257e-01 1.581055e-02 5.734562e-04 9.998748e-01 -3.971662e-01
9.999945e-01 1.165655e-04 3.294463e-03 5.300419e+00 -1.196637e-04 9.999996e-01 9.406999e-04 -3.361742e-01 -3.294433e-03 -9.410861e-04 9.999941e-01 -3.873905e-01
9.999205e-01 1.186031e-04 -1.260618e-02 5.325872e+00 -1.279350e-04 9.999997e-01 -7.395839e-04 -3.388878e-01 1.260601e-02 7.411408e-04 9.999202e-01 -3.821467e-01
9.999669e-01 2.512748e-05 8.129283e-03 5.348664e+00 -3.192470e-05 9.999996e-01 8.361978e-04 -3.412779e-01 -8.129340e-03 -8.364267e-04 9.999665e-01 -3.777608e-01
9.999625e-01 3.851591e-05 -8.652143e-03 5.424015e+00 -4.608306e-05 9.999996e-01 -8.745801e-04 -3.464168e-01 8.652024e-03 8.749490e-04 9.999621e-01 -3.266874e-01
9.998822e-01 -1.186384e-04 1.534592e-02 5.493279e+00 1.087021e-04 9.999998e-01 6.484142e-04 -3.510812e-01 -1.534607e-02 -6.466668e-04 9.998820e-01 -2.699953e-01
9.999185e-01 1.278287e-04 -1.276188e-02 5.555477e+00 -1.377521e-04 9.999997e-01 -7.768255e-04 -3.552927e-01 1.276170e-02 7.785231e-04 9.999182e-01 -2.271641e-01
9.999199e-01 -6.311360e-05 1.265495e-02 5.624594e+00 5.386365e-05 9.999997e-01 7.313922e-04 -3.595213e-01 -1.265507e-02 -7.306491e-04 9.999196e-01 -1.955234e-01
9.998850e-01 1.732147e-04 -1.516532e-02 5.679089e+00 -1.838682e-04 9.999997e-01 -7.011943e-04 -3.623077e-01 1.516512e-02 7.039050e-04 9.998847e-01 -2.003581e-01
9.999007e-01 -7.528162e-05 1.408832e-02 5.717518e+00 6.544244e-05 9.999998e-01 6.989588e-04 -3.644436e-01 -1.408845e-02 -6.979646e-04 9.999004e-01 -2.102305e-01
9.998820e-01 1.617753e-04 -1.536025e-02 5.761396e+00 -1.725067e-04 9.999997e-01 -6.974231e-04 -3.678024e-01 1.536005e-02 6.999934e-04 9.998817e-01 -1.904802e-01
9.998631e-01 -1.651516e-04 1.654156e-02 5.850137e+00 1.549496e-04 9.999998e-01 6.181208e-04 -3.745531e-01 -1.654174e-02 -6.154702e-04 9.998629e-01 -9.404249e-02
9.999311e-01 1.121598e-04 -1.173307e-02 5.920115e+00 -1.216498e-04 9.999997e-01 -8.082397e-04 -3.797506e-01 1.173290e-02 8.096142e-04 9.999308e-01 -2.317635e-02
9.999366e-01 -1.664624e-05 1.125702e-02 5.954411e+00 7.898762e-06 9.999997e-01 7.772430e-04 -3.817942e-01 -1.125711e-02 -7.771019e-04 9.999363e-01 -3.159410e-02
9.999260e-01 1.385398e-04 -1.215981e-02 5.904114e+00 -1.478632e-04 9.999997e-01 -7.659727e-04 -3.785650e-01 1.215962e-02 7.677169e-04 9.999257e-01 -1.381027e-01
9.998941e-01 -7.713251e-05 1.455384e-02 5.838424e+00 6.697675e-05 9.999998e-01 6.983923e-04 -3.741474e-01 -1.455397e-02 -6.973408e-04 9.998938e-01 -2.666446e-01
9.998985e-01 1.934683e-04 -1.424450e-02 5.764253e+00 -2.034484e-04 9.999997e-01 -6.992880e-04 -3.691864e-01 1.424428e-02 7.021179e-04 9.998982e-01 -4.100570e-01
9.998836e-01 -1.149303e-04 1.525749e-02 5.725644e+00 1.048186e-04 9.999998e-01 6.636283e-04 -3.668255e-01 -1.525764e-02 -6.619489e-04 9.998833e-01 -4.983903e-01
9.999600e-01 5.957866e-05 -8.941478e-03 5.707822e+00 -6.746001e-05 9.999996e-01 -8.813013e-04 -3.660791e-01 8.941342e-03 8.818721e-04 9.999596e-01 -5.386113e-01
9.999458e-01 1.945379e-05 1.041283e-02 5.659769e+00 -2.821505e-05 9.999996e-01 8.413820e-04 -3.637146e-01 -1.041289e-02 -8.416274e-04 9.999454e-01 -6.200432e-01
9.999468e-01 4.757533e-05 -1.031699e-02 5.623141e+00 -5.645622e-05 9.999996e-01 -8.606538e-04 -3.626671e-01 1.031686e-02 8.611932e-04 9.999463e-01 -6.667237e-01
9.999248e-01 -3.221239e-05 1.225825e-02 5.623928e+00 2.273946e-05 9.999997e-01 7.730343e-04 -3.653821e-01 -1.225835e-02 -7.726947e-04 9.999245e-01 -6.164844e-01
9.999426e-01 4.965145e-05 -1.071093e-02 5.631360e+00 -5.884277e-05 9.999996e-01 -8.579467e-04 -3.688220e-01 1.071080e-02 8.585306e-04 9.999422e-01 -5.490151e-01
9.999116e-01 -3.722004e-05 1.329768e-02 5.634465e+00 2.721967e-05 9.999997e-01 7.523246e-04 -3.711811e-01 -1.329778e-02 -7.518934e-04 9.999112e-01 -5.095414e-01
9.999268e-01 6.724778e-05 -1.209941e-02 5.628865e+00 -7.711012e-05 9.999997e-01 -8.147628e-04 -3.735151e-01 1.209927e-02 8.156389e-04 9.999264e-01 -4.689956e-01
9.999145e-01 -5.536517e-05 1.307792e-02 5.626053e+00 4.543028e-05 9.999997e-01 7.600715e-04 -3.771693e-01 -1.307804e-02 -7.594096e-04 9.999141e-01 -3.854111e-01
9.999191e-01 1.260432e-04 -1.271891e-02 5.595279e+00 -1.360627e-04 9.999997e-01 -7.870122e-04 -3.775313e-01 1.271873e-02 7.886819e-04 9.999187e-01 -3.877388e-01
9.999172e-01 -5.097219e-05 1.286530e-02 5.556770e+00 4.105830e-05 9.999997e-01 7.709625e-04 -3.766398e-01 -1.286541e-02 -7.703677e-04 9.999169e-01 -4.260536e-01
9.999824e-01 -2.241885e-05 -5.936589e-03 5.586043e+00 1.638802e-05 9.999995e-01 -1.016160e-03 -3.806983e-01 5.936530e-03 1.016047e-03 9.999818e-01 -3.489732e-01
9.998280e-01 -1.714380e-04 1.854568e-02 5.640897e+00 1.590390e-04 9.999998e-01 6.701119e-04 -3.862815e-01 -1.854586e-02 -6.670444e-04 9.998277e-01 -2.447098e-01
9.999217e-01 6.700257e-05 -1.251432e-02 5.664598e+00 -7.731800e-05 9.999997e-01 -8.239160e-04 -3.907972e-01 1.251418e-02 8.248218e-04 9.999213e-01 -1.547822e-01
9.999054e-01 -8.587011e-05 1.375373e-02 5.683018e+00 7.529081e-05 9.999997e-01 7.698074e-04 -3.966890e-01 -1.375387e-02 -7.686963e-04 9.999050e-01 -1.989230e-02
9.999474e-01 1.977041e-05 -1.025120e-02 5.766367e+00 -2.898198e-05 9.999996e-01 -8.985688e-04 -4.056369e-01 1.025110e-02 8.988214e-04 9.999470e-01 1.578134e-01
9.998893e-01 -1.096803e-04 1.487793e-02 5.843130e+00 9.811134e-05 9.999997e-01 7.784112e-04 -4.152012e-01 -1.487808e-02 -7.768627e-04 9.998889e-01 3.584112e-01
9.999270e-01 4.051820e-05 -1.207827e-02 5.915464e+00 -5.113543e-05 9.999996e-01 -8.788392e-04 -4.250185e-01 1.207815e-02 8.793954e-04 9.999266e-01 5.703399e-01
9.998372e-01 -1.476823e-04 1.804349e-02 5.983738e+00 1.345160e-04 9.999997e-01 7.309810e-04 -4.343406e-01 -1.804367e-02 -7.284322e-04 9.998369e-01 7.713378e-01
9.998857e-01 8.814933e-05 -1.512067e-02 6.025985e+00 -1.004393e-04 9.999997e-01 -8.121227e-04 -4.434975e-01 1.512052e-02 8.135513e-04 9.998853e-01 9.807724e-01
9.997234e-01 -2.217339e-04 2.351495e-02 6.082116e+00 2.076405e-04 9.999998e-01 6.018319e-04 -4.519734e-01 -2.351516e-02 -5.967801e-04 9.997232e-01 1.167012e+00
9.998632e-01 9.038350e-05 -1.653994e-02 6.143363e+00 -1.029535e-04 9.999997e-01 -7.592042e-04 -4.618958e-01 1.653979e-02 7.608059e-04 9.998628e-01 1.390968e+00
9.996319e-01 -2.836890e-04 2.712877e-02 6.209096e+00 2.705736e-04 9.999998e-01 4.871656e-04 -4.708625e-01 -2.712898e-02 -4.796432e-04 9.996317e-01 1.591964e+00
9.998573e-01 8.883301e-05 -1.689173e-02 6.285997e+00 -1.006147e-04 9.999998e-01 -6.967082e-04 -4.805277e-01 1.689159e-02 6.983110e-04 9.998570e-01 1.799989e+00
9.995604e-01 -3.201682e-04 2.964596e-02 6.363227e+00 3.095343e-04 9.999999e-01 3.633265e-04 -4.884013e-01 -2.964615e-02 -3.539876e-04 9.995603e-01 1.963940e+00
9.997048e-01 2.219696e-04 -2.429647e-02 6.428205e+00 -2.330209e-04 9.999999e-01 -4.520724e-04 -4.975832e-01 2.429629e-02 4.576032e-04 9.997046e-01 2.158332e+00
9.994949e-01 -3.358875e-04 3.177797e-02 6.486857e+00 3.287133e-04 9.999999e-01 2.310206e-04 -5.051919e-01 -3.177812e-02 -2.204554e-04 9.994948e-01 2.318703e+00
9.998168e-01 9.159936e-05 -1.914122e-02 6.569144e+00 -1.011341e-04 9.999999e-01 -4.972177e-04 -5.136545e-01 1.914110e-02 4.990651e-04 9.998166e-01 2.489039e+00
9.997109e-01 -1.851296e-04 2.404270e-02 6.635486e+00 1.762444e-04 9.999999e-01 3.717270e-04 -5.229775e-01 -2.404284e-02 -3.673795e-04 9.997108e-01 2.691457e+00
9.998528e-01 6.670104e-05 -1.715586e-02 6.696235e+00 -7.612030e-05 9.999998e-01 -5.484536e-04 -5.310305e-01 1.715575e-02 5.496815e-04 9.998526e-01 2.861623e+00
9.996381e-01 -2.341852e-04 2.689991e-02 6.763195e+00 2.258504e-04 9.999999e-01 3.129234e-04 -5.390221e-01 -2.690005e-02 -3.067322e-04 9.996380e-01 3.028939e+00
9.999092e-01 -1.442277e-05 -1.347733e-02 6.829813e+00 5.686841e-06 9.999998e-01 -6.483133e-04 -5.466035e-01 1.347726e-02 6.481804e-04 9.999089e-01 3.190679e+00
9.996244e-01 -2.341375e-04 2.740282e-02 6.898616e+00 2.251939e-04 9.999999e-01 3.295008e-04 -5.540475e-01 -2.740296e-02 -3.232035e-04 9.996243e-01 3.342806e+00
9.999228e-01 -4.000982e-05 -1.242770e-02 6.969300e+00 3.122456e-05 9.999997e-01 -7.071865e-04 -5.610387e-01 1.242766e-02 7.067465e-04 9.999224e-01 3.486171e+00
9.995591e-01 -2.549589e-04 2.968984e-02 7.043571e+00 2.471044e-04 9.999999e-01 2.682555e-04 -5.675042e-01 -2.968997e-02 -2.607982e-04 9.995590e-01 3.612917e+00
9.999012e-01 -3.343607e-05 -1.405662e-02 7.116291e+00 2.433867e-05 9.999998e-01 -6.474364e-04 -5.742224e-01 1.405657e-02 6.470329e-04 9.999009e-01 3.744147e+00
9.995582e-01 -2.363286e-04 2.972053e-02 7.191369e+00 2.288450e-04 9.999999e-01 2.552339e-04 -5.812357e-01 -2.972066e-02 -2.483172e-04 9.995581e-01 3.882319e+00
9.999068e-01 -5.867387e-05 -1.365500e-02 7.272274e+00 4.975198e-05 9.999998e-01 -6.537840e-04 -5.878922e-01 1.365497e-02 6.530462e-04 9.999065e-01 4.007994e+00
9.995913e-01 -2.058364e-04 2.858719e-02 7.368078e+00 1.978080e-04 9.999999e-01 2.836979e-04 -5.952496e-01 -2.858731e-02 -2.779246e-04 9.995912e-01 4.139651e+00
9.998933e-01 -5.442451e-05 -1.460470e-02 7.469206e+00 4.504879e-05 9.999998e-01 -6.423524e-04 -6.031907e-01 1.460467e-02 6.416284e-04 9.998930e-01 4.287331e+00
9.996517e-01 -1.582324e-04 2.639031e-02 7.554855e+00 1.485989e-04 9.999999e-01 3.670314e-04 -6.118754e-01 -2.639043e-02 -3.629795e-04 9.996516e-01 4.463079e+00
9.998675e-01 -3.023662e-05 -1.627771e-02 7.646345e+00 2.000554e-05 9.999998e-01 -6.287451e-04 -6.205491e-01 1.627767e-02 6.283387e-04 9.998672e-01 4.634818e+00
9.995689e-01 -2.082756e-04 2.935775e-02 7.732556e+00 1.989981e-04 9.999999e-01 3.189622e-04 -6.292604e-01 -2.935787e-02 -3.129801e-04 9.995688e-01 4.813772e+00
9.998150e-01 1.588127e-05 -1.923153e-02 7.826975e+00 -2.638593e-05 9.999999e-01 -5.460068e-04 -6.389103e-01 1.923147e-02 5.464157e-04 9.998148e-01 5.009113e+00
9.996074e-01 -1.961007e-04 2.801807e-02 7.958031e+00 1.873798e-04 9.999999e-01 3.139120e-04 -6.498136e-01 -2.801819e-02 -3.085363e-04 9.996073e-01 5.210222e+00
9.998968e-01 -8.160306e-05 -1.436629e-02 8.084469e+00 7.191323e-05 9.999998e-01 -6.750504e-04 -6.595544e-01 1.436628e-02 6.739500e-04 9.998965e-01 5.392823e+00
9.994937e-01 -2.496778e-04 3.181462e-02 8.198292e+00 2.422213e-04 9.999999e-01 2.382507e-04 -6.683845e-01 -3.181473e-02 -2.304216e-04 9.994937e-01 5.560401e+00
9.998869e-01 -8.672154e-05 -1.504192e-02 8.330824e+00 7.673684e-05 9.999998e-01 -6.644121e-04 -6.778024e-01 1.504193e-02 6.631850e-04 9.998866e-01 5.728878e+00
9.995674e-01 -2.005505e-04 2.941136e-02 8.473568e+00 1.922117e-04 9.999999e-01 2.863754e-04 -6.880735e-01 -2.941146e-02 -2.805960e-04 9.995673e-01 5.905503e+00
9.999063e-01 -1.103450e-04 -1.368914e-02 8.597726e+00 1.006234e-04 9.999997e-01 -7.109007e-04 -6.966946e-01 1.368916e-02 7.094589e-04 9.999060e-01 6.060331e+00
9.992748e-01 -3.418488e-04 3.807501e-02 8.679948e+00 3.375097e-04 9.999999e-01 1.204066e-04 -7.031329e-01 -3.807510e-02 -1.074663e-04 9.992748e-01 6.192224e+00
9.998864e-01 -1.168664e-04 -1.507210e-02 8.762370e+00 1.070393e-04 9.999998e-01 -6.528491e-04 -7.102416e-01 1.507213e-02 6.511639e-04 9.998861e-01 6.339367e+00
9.992120e-01 -3.450871e-04 3.968883e-02 8.847228e+00 3.432634e-04 9.999999e-01 5.277841e-05 -7.170807e-01 -3.968889e-02 -3.911092e-05 9.992120e-01 6.482498e+00
9.999606e-01 -2.556621e-04 -8.872989e-03 8.931434e+00 2.487799e-04 9.999997e-01 -7.767824e-04 -7.226870e-01 8.873145e-03 7.745466e-04 9.999602e-01 6.598879e+00
9.991266e-01 -3.603323e-04 4.178455e-02 9.021584e+00 3.608601e-04 9.999999e-01 -5.077893e-06 -7.286670e-01 -4.178458e-02 2.015390e-05 9.991265e-01 6.725665e+00
9.999606e-01 -3.073410e-04 -8.870299e-03 9.106991e+00 3.009547e-04 9.999997e-01 -7.213392e-04 -7.348006e-01 8.870484e-03 7.186433e-04 9.999603e-01 6.856885e+00
9.992652e-01 -2.481319e-04 3.832726e-02 9.188747e+00 2.471863e-04 1.000000e+00 2.942146e-05 -7.407817e-01 -3.832730e-02 -1.992391e-05 9.992651e-01 6.982415e+00
9.998902e-01 -2.047580e-04 -1.482019e-02 9.263760e+00 1.962186e-04 9.999998e-01 -5.776694e-04 -7.469378e-01 1.482028e-02 5.746999e-04 9.998899e-01 7.107519e+00
9.991582e-01 -2.593436e-04 4.102333e-02 9.342865e+00 2.623924e-04 1.000000e+00 -6.892731e-05 -7.524913e-01 -4.102334e-02 7.963536e-05 9.991581e-01 7.218789e+00
9.999016e-01 -2.628618e-04 -1.402742e-02 9.424108e+00 2.551571e-04 9.999998e-01 -5.510629e-04 -7.582046e-01 1.402754e-02 5.474313e-04 9.999014e-01 7.331995e+00
9.990021e-01 -2.956700e-04 4.466329e-02 9.509205e+00 3.035792e-04 9.999999e-01 -1.702973e-04 -7.635444e-01 -4.466326e-02 1.836880e-04 9.990020e-01 7.438175e+00
9.999132e-01 -3.142719e-04 -1.317422e-02 9.598566e+00 3.069096e-04 9.999998e-01 -5.608713e-04 -7.689507e-01 1.317437e-02 5.567810e-04 9.999130e-01 7.544917e+00
9.991528e-01 -2.057512e-04 4.115374e-02 9.688993e+00 2.104217e-04 1.000000e+00 -1.091529e-04 -7.742912e-01 -4.115373e-02 1.177217e-04 9.991527e-01 7.642724e+00
9.998541e-01 -2.346740e-04 -1.708241e-02 9.780943e+00 2.264049e-04 9.999999e-01 -4.860108e-04 -7.798130e-01 1.708251e-02 4.820739e-04 9.998539e-01 7.741107e+00
9.992679e-01 -1.455745e-04 3.825850e-02 9.848111e+00 1.471140e-04 1.000000e+00 -3.742202e-05 -7.842358e-01 -3.825851e-02 4.302451e-05 9.992678e-01 7.817613e+00
9.997185e-01 -1.083455e-04 -2.372631e-02 9.910341e+00 1.004339e-04 9.999999e-01 -3.346453e-04 -7.883551e-01 2.372633e-02 3.321697e-04 9.997183e-01 7.874818e+00
9.996264e-01 1.185875e-04 2.733250e-02 9.917778e+00 -1.237324e-04 1.000000e+00 1.865450e-04 -7.892702e-01 -2.733249e-02 -1.898557e-04 9.996263e-01 7.861466e+00
9.997146e-01 -1.066568e-04 -2.389120e-02 9.931613e+00 9.855508e-05 9.999999e-01 -3.402883e-04 -7.900626e-01 2.389123e-02 3.378380e-04 9.997144e-01 7.838325e+00
9.997010e-01 2.286076e-04 2.445295e-02 9.922311e+00 -2.358379e-04 9.999999e-01 2.927992e-04 -7.884261e-01 -2.445289e-02 -2.984771e-04 9.997008e-01 7.748392e+00
9.996357e-01 -1.124264e-04 -2.699100e-02 1.000042e+01 1.051536e-04 1.000000e+00 -2.708746e-04 -7.899012e-01 2.699102e-02 2.679391e-04 9.996355e-01 7.676135e+00
9.995984e-01 9.349751e-05 2.833681e-02 1.010480e+01 -9.836050e-05 1.000000e+00 1.702236e-04 -7.968177e-01 -2.833680e-02 -1.729410e-04 9.995983e-01 7.765537e+00
9.997920e-01 -2.396407e-04 -2.039483e-02 1.019530e+01 2.321583e-04 9.999999e-01 -3.692464e-04 -8.054204e-01 2.039491e-02 3.644362e-04 9.997918e-01 7.929732e+00
9.998235e-01 3.168254e-04 1.878689e-02 1.027872e+01 -3.235629e-04 9.999999e-01 3.555916e-04 -8.110691e-01 -1.878678e-02 -3.616061e-04 9.998233e-01 7.995365e+00
9.997193e-01 -1.746627e-04 -2.369259e-02 1.033380e+01 1.682888e-04 9.999999e-01 -2.710193e-04 -8.147309e-01 2.369263e-02 2.669574e-04 9.997192e-01 8.016234e+00
9.997918e-01 3.057512e-04 2.040083e-02 1.034411e+01 -3.123582e-04 9.999999e-01 3.206765e-04 -8.162321e-01 -2.040074e-02 -3.269807e-04 9.997917e-01 8.009017e+00
9.995798e-01 -5.290188e-05 -2.898672e-02 1.036673e+01 5.006985e-05 1.000000e+00 -9.842923e-05 -8.181003e-01 2.898672e-02 9.693798e-05 9.995797e-01 7.994271e+00
9.998395e-01 3.463219e-04 1.791364e-02 1.040970e+01 -3.533764e-04 9.999999e-01 3.906500e-04 -8.209340e-01 -1.791351e-02 -3.969161e-04 9.998394e-01 7.989430e+00
9.997013e-01 -1.832081e-04 -2.443952e-02 1.047703e+01 1.769022e-04 1.000000e+00 -2.601879e-04 -8.256689e-01 2.443956e-02 2.557883e-04 9.997012e-01 8.028319e+00
9.998316e-01 3.732331e-04 1.834868e-02 1.056388e+01 -3.814660e-04 9.999998e-01 4.452022e-04 -8.315501e-01 -1.834852e-02 -4.521251e-04 9.998314e-01 8.093366e+00
9.994564e-01 3.790853e-07 -3.296777e-02 1.062696e+01 -1.290637e-06 1.000000e+00 -2.763142e-05 -8.356320e-01 3.296775e-02 2.766051e-05 9.994563e-01 8.107047e+00
9.998310e-01 3.506075e-04 1.837960e-02 1.067462e+01 -3.591974e-04 9.999998e-01 4.640683e-04 -8.400124e-01 -1.837944e-02 -4.705902e-04 9.998309e-01 8.144516e+00
9.993628e-01 8.080279e-05 -3.569225e-02 1.072616e+01 -7.822018e-05 1.000000e+00 7.375058e-05 -8.447945e-01 3.569224e-02 -7.091008e-05 9.993627e-01 8.190307e+00
9.998480e-01 3.689695e-04 1.743013e-02 1.077748e+01 -3.776691e-04 9.999998e-01 4.958324e-04 -8.486795e-01 -1.742997e-02 -5.023381e-04 9.998479e-01 8.205699e+00
9.991421e-01 2.742319e-04 -4.141222e-02 1.084329e+01 -2.615348e-04 9.999999e-01 3.120179e-04 -8.521601e-01 4.141228e-02 -3.009177e-04 9.991420e-01 8.190245e+00
9.997274e-01 1.944000e-04 2.334778e-02 1.093738e+01 -1.984607e-04 1.000000e+00 1.716153e-04 -8.550255e-01 -2.334777e-02 -1.762003e-04 9.997273e-01 8.117498e+00
9.991839e-01 2.886150e-04 -4.039133e-02 1.101638e+01 -2.756183e-04 9.999999e-01 3.273326e-04 -8.573752e-01 4.039140e-02 -3.159310e-04 9.991838e-01 8.049693e+00
9.997605e-01 2.853117e-04 2.188446e-02 1.104763e+01 -2.897321e-04 9.999999e-01 1.988292e-04 -8.546916e-01 -2.188443e-02 -2.051204e-04 9.997604e-01 7.858740e+00
9.987453e-01 5.061470e-04 -5.007607e-02 1.108340e+01 -4.727777e-04 9.999997e-01 6.782111e-04 -8.528520e-01 5.007637e-02 -6.536833e-04 9.987451e-01 7.672503e+00
9.995745e-01 6.155752e-05 2.916843e-02 1.113411e+01 -5.835843e-05 1.000000e+00 -1.105153e-04 -8.527859e-01 -2.916847e-02 1.087681e-04 9.995744e-01 7.539621e+00
9.990989e-01 3.173846e-04 -4.244172e-02 1.120214e+01 -2.983974e-04 9.999999e-01 4.536982e-04 -8.550594e-01 4.244182e-02 -4.406228e-04 9.990987e-01 7.482232e+00
9.996387e-01 1.256345e-04 2.687945e-02 1.124152e+01 -1.255433e-04 1.000000e+00 -5.067023e-06 -8.563100e-01 -2.687949e-02 1.692718e-06 9.996386e-01 7.422835e+00
9.989348e-01 4.251089e-04 -4.614271e-02 1.123371e+01 -4.013080e-04 9.999998e-01 5.250674e-04 -8.542343e-01 4.614289e-02 -5.059885e-04 9.989346e-01 7.291234e+00
9.995240e-01 -3.482298e-06 3.085129e-02 1.122202e+01 6.938844e-06 1.000000e+00 -1.119171e-04 -8.530095e-01 -3.085133e-02 1.120800e-04 9.995239e-01 7.189438e+00
9.985461e-01 6.603719e-04 -5.390087e-02 1.125382e+01 -6.158025e-04 9.999995e-01 8.434745e-04 -8.535380e-01 5.390136e-02 -8.090536e-04 9.985458e-01 7.103858e+00
9.991926e-01 -1.869140e-04 4.017480e-02 1.130124e+01 2.076279e-04 9.999998e-01 -5.114102e-04 -8.522966e-01 -4.017474e-02 5.193409e-04 9.991924e-01 6.946431e+00
9.989196e-01 5.129652e-04 -4.646986e-02 1.136414e+01 -4.822768e-04 9.999997e-01 6.715927e-04 -8.495095e-01 4.647015e-02 -6.484536e-04 9.989194e-01 6.727971e+00
9.993978e-01 -8.055027e-05 3.469842e-02 1.142476e+01 9.393822e-05 9.999999e-01 -3.841918e-04 -8.479608e-01 -3.469843e-02 3.872221e-04 9.993977e-01 6.545590e+00
9.988256e-01 6.068524e-04 -4.844637e-02 1.145964e+01 -5.724867e-04 9.999996e-01 7.232203e-04 -8.441066e-01 4.844675e-02 -6.946338e-04 9.988254e-01 6.311414e+00
9.993768e-01 -8.321898e-05 3.529856e-02 1.151780e+01 9.758789e-05 9.999999e-01 -4.053286e-04 -8.398942e-01 -3.529856e-02 4.085230e-04 9.993766e-01 6.031957e+00
9.990644e-01 5.422410e-04 -4.324392e-02 1.146912e+01 -5.188903e-04 9.999997e-01 5.511883e-04 -8.310960e-01 4.324416e-02 -5.282315e-04 9.990643e-01 5.724475e+00
9.994005e-01 -5.495441e-05 3.462066e-02 1.142466e+01 6.725630e-05 9.999999e-01 -3.541517e-04 -8.209019e-01 -3.462068e-02 3.562701e-04 9.994004e-01 5.365875e+00
9.989650e-01 5.757723e-04 -4.548118e-02 1.139606e+01 -5.500520e-04 9.999997e-01 5.780182e-04 -8.129357e-01 4.548145e-02 -5.524007e-04 9.989649e-01 5.050677e+00
9.995249e-01 -1.064093e-04 3.082050e-02 1.143857e+01 1.128195e-04 1.000000e+00 -2.062239e-04 -8.113680e-01 -3.082053e-02 2.096054e-04 9.995248e-01 4.885796e+00
9.991665e-01 4.226315e-04 -4.081802e-02 1.156866e+01 -4.043093e-04 9.999998e-01 4.571173e-04 -8.144827e-01 4.081815e-02 -4.402308e-04 9.991664e-01 4.786926e+00
