9.994311e-01 -6.003477e-04 3.372248e-02 7.839432e-02 6.265922e-04 9.999995e-01 -7.676852e-04 -4.450691e-03 -3.372200e-02 7.883791e-04 9.994308e-01 8.846055e-02
9.999890e-01 9.993878e-05 -4.681081e-03 1.559968e-01 -9.951856e-05 1.000000e+00 9.000032e-05 -9.215719e-03 4.681097e-03 -8.953315e-05 9.999889e-01 1.800987e-01
9.991587e-01 -7.474154e-04 4.100422e-02 2.353361e-01 7.850401e-04 9.999993e-01 -9.014857e-04 -1.330087e-02 -4.100351e-02 9.329175e-04 9.991585e-01 2.609016e-01
9.999831e-01 1.188873e-04 -5.810704e-03 3.182698e-01 -1.182488e-04 1.000000e+00 1.102254e-04 -1.754922e-02 5.810731e-03 -1.095362e-04 9.999830e-01 3.425245e-01
9.992318e-01 -7.011667e-04 3.918256e-02 4.024069e-01 7.362394e-04 9.999993e-01 -8.806878e-04 -2.174349e-02 -3.918190e-02 9.088591e-04 9.992316e-01 4.206848e-01
9.999860e-01 1.049922e-04 -5.293751e-03 4.833392e-01 -1.044365e-04 1.000000e+00 1.052415e-04 -2.583743e-02 5.293782e-03 -1.046871e-04 9.999859e-01 4.979710e-01
9.992881e-01 -6.786542e-04 3.772050e-02 5.658184e-01 7.108859e-04 9.999994e-01 -8.410826e-04 -3.013512e-02 -3.771988e-02 8.672987e-04 9.992879e-01 5.772215e-01
9.999242e-01 2.323339e-04 -1.230626e-02 6.437932e-01 -2.290102e-04 9.999999e-01 2.714839e-04 -3.506581e-02 1.230635e-02 -2.686453e-04 9.999241e-01 6.653417e-01
9.994034e-01 -6.068212e-04 3.453130e-02 7.176309e-01 6.342150e-04 9.999995e-01 -7.823565e-04 -4.012497e-02 -3.453078e-02 8.037898e-04 9.994032e-01 7.549091e-01
9.999155e-01 2.562317e-04 -1.300083e-02 7.916438e-01 -2.527514e-04 9.999999e-01 2.693392e-04 -4.519822e-02 1.300093e-02 -2.660307e-04 9.999154e-01 8.458903e-01
9.992833e-01 -6.760250e-04 3.784815e-02 8.667138e-01 7.084627e-04 9.999994e-01 -8.436437e-04 -5.004461e-02 -3.784753e-02 8.698527e-04 9.992830e-01 9.336983e-01
9.998959e-01 2.638278e-04 -1.442634e-02 9.443082e-01 -2.592880e-04 9.999999e-01 3.165515e-04 -5.515600e-02 1.442645e-02 -3.127783e-04 9.998958e-01 1.023897e+00
9.991372e-01 -7.037592e-04 4.152546e-02 1.024135e+00 7.448822e-04 9.999992e-01 -9.748421e-04 -5.972003e-02 -4.152471e-02 1.004932e-03 9.991369e-01 1.108027e+00
9.999431e-01 1.649738e-04 -1.066811e-02 1.107105e+00 -1.621303e-04 1.000000e+00 2.674006e-04 -6.414367e-02 1.066819e-02 -2.656563e-04 9.999430e-01 1.188752e+00
9.991106e-01 -7.188071e-04 4.216132e-02 1.192637e+00 7.611511e-04 9.999992e-01 -9.882857e-04 -6.863927e-02 -4.216053e-02 1.019497e-03 9.991102e-01 1.271457e+00
9.998198e-01 3.150644e-04 -1.898016e-02 1.269941e+00 -3.061259e-04 9.999998e-01 4.738324e-04 -7.377639e-02 1.898035e-02 -4.679373e-04 9.998197e-01 1.362361e+00
9.991500e-01 -6.787452e-04 4.121589e-02 1.344700e+00 7.201922e-04 9.999992e-01 -9.907650e-04 -7.887664e-02 -4.121514e-02 1.019606e-03 9.991497e-01 1.453954e+00
9.997458e-01 3.887727e-04 -2.254425e-02 1.419897e+00 -3.764573e-04 9.999998e-01 5.505075e-04 -8.412241e-02 2.254450e-02 -5.418814e-04 9.997456e-01 1.543752e+00
9.992050e-01 -6.587667e-04 3.986094e-02 1.493471e+00 6.974279e-04 9.999993e-01 -9.559972e-04 -8.942857e-02 -3.986024e-02 9.830365e-04 9.992047e-01 1.633535e+00
9.997914e-01 3.663406e-04 -2.042222e-02 1.565909e+00 -3.562179e-04 9.999998e-01 4.992920e-04 -9.449887e-02 2.042245e-02 -4.919139e-04 9.997912e-01 1.718947e+00
9.989347e-01 -7.840354e-04 4.613852e-02 1.640785e+00 8.352600e-04 9.999991e-01 -1.090961e-03 -9.904942e-02 -4.613757e-02 1.128335e-03 9.989344e-01 1.800185e+00
9.992273e-01 7.400883e-04 -3.929555e-02 1.790565e+00 -7.027641e-04 9.999993e-01 9.636283e-04 -1.070455e-01 3.929629e-02 -9.352692e-04 9.992271e-01 1.881294e+00
9.997017e-01 -3.474476e-04 2.442208e-02 1.903599e+00 3.598545e-04 9.999998e-01 -5.036163e-04 -1.138638e-01 -2.442184e-02 5.122536e-04 9.997015e-01 1.943533e+00
9.991863e-01 7.671708e-04 -4.032471e-02 1.962118e+00 -7.281478e-04 9.999993e-01 9.823908e-04 -1.181306e-01 4.032549e-02 -9.522300e-04 9.991861e-01 1.967333e+00
9.989631e-01 -9.518373e-04 4.551817e-02 2.275257e+00 1.006099e-03 9.999988e-01 -1.169190e-03 -1.342613e-01 -4.551695e-02 1.213772e-03 9.989627e-01 2.157732e+00
9.996595e-01 2.125609e-04 -2.609159e-02 2.806912e+00 -1.944110e-04 9.999997e-01 6.981444e-04 -1.615542e-01 2.609178e-02 -6.928351e-04 9.996592e-01 2.528484e+00
9.990413e-01 -1.003258e-03 4.376691e-02 3.324674e+00 1.052007e-03 9.999989e-01 -1.090825e-03 -1.880901e-01 -4.376571e-02 1.135821e-03 9.990411e-01 2.889481e+00
9.994344e-01 4.571179e-04 -3.362506e-02 3.846466e+00 -4.303058e-04 9.999996e-01 8.046065e-04 -2.128936e-01 3.362547e-02 -7.896834e-04 9.994341e-01 3.163925e+00
9.991881e-01 -9.090666e-04 4.027840e-02 4.335809e+00 9.520064e-04 9.999990e-01 -1.046898e-03 -2.346230e-01 -4.027735e-02 1.084392e-03 9.991879e-01 3.368573e+00
9.994694e-01 3.870711e-04 -3.256835e-02 4.899173e+00 -3.615567e-04 9.999996e-01 7.892850e-04 -2.595078e-01 3.256870e-02 -7.770921e-04 9.994691e-01 3.599202e+00
9.989871e-01 -1.045267e-03 4.498518e-02 5.476097e+00 1.098654e-03 9.999987e-01 -1.162071e-03 -2.857548e-01 -4.498385e-02 1.210316e-03 9.989869e-01 3.875599e+00
9.995801e-01 3.723042e-04 -2.897211e-02 5.983660e+00 -3.508380e-04 9.999997e-01 7.459896e-04 -3.105280e-01 2.897243e-02 -7.355131e-04 9.995799e-01 4.184679e+00
9.993868e-01 -6.243252e-04 3.500887e-02 6.206048e+00 6.569941e-04 9.999994e-01 -9.216531e-04 -3.220950e-01 -3.500821e-02 9.440872e-04 9.993865e-01 4.339277e+00
9.992946e-01 8.079159e-04 -3.754625e-02 6.154423e+00 -7.703349e-04 9.999992e-01 1.015370e-03 -3.198448e-01 3.754710e-02 -9.857314e-04 9.992943e-01 4.260366e+00
9.994440e-01 -5.846942e-04 3.333558e-02 6.097677e+00 6.139659e-04 9.999994e-01 -8.678509e-04 -3.175133e-01 -3.333499e-02 8.878340e-04 9.994437e-01 4.179108e+00
9.991794e-01 8.358644e-04 -4.049370e-02 6.075397e+00 -7.932459e-04 9.999991e-01 1.068517e-03 -3.179266e-01 4.049462e-02 -1.035520e-03 9.991791e-01 4.151237e+00
9.995633e-01 -5.092436e-04 2.954417e-02 6.081036e+00 5.309423e-04 9.999996e-01 -7.265976e-04 -3.199888e-01 -2.954373e-02 7.419654e-04 9.995631e-01 4.153657e+00
9.994117e-01 7.089347e-04 -3.428793e-02 6.052261e+00 -6.797612e-04 9.999994e-01 8.624774e-04 -3.197980e-01 3.428857e-02 -8.386636e-04 9.994115e-01 4.117307e+00
9.995907e-01 -4.670498e-04 2.860407e-02 6.015477e+00 4.875853e-04 9.999996e-01 -7.109380e-04 -3.178047e-01 -2.860367e-02 7.245928e-04 9.995905e-01 4.030852e+00
9.994296e-01 7.150735e-04 -3.376436e-02 5.961843e+00 -6.866609e-04 9.999994e-01 8.530704e-04 -3.147960e-01 3.376501e-02 -8.294002e-04 9.994294e-01 3.925603e+00
9.995794e-01 -5.054451e-04 2.899458e-02 5.874738e+00 5.263970e-04 9.999996e-01 -7.149746e-04 -3.096570e-01 -2.899415e-02 7.299355e-04 9.995792e-01 3.787242e+00
9.994036e-01 7.931835e-04 -3.452268e-02 5.747024e+00 -7.632127e-04 9.999993e-01 8.813066e-04 -3.005689e-01 3.452341e-02 -8.544339e-04 9.994034e-01 3.553878e+00
9.995396e-01 -4.615902e-04 3.033622e-02 5.615026e+00 4.848919e-04 9.999996e-01 -7.607513e-04 -2.880009e-01 -3.033580e-02 7.751098e-04 9.995394e-01 3.209317e+00
9.994198e-01 7.965739e-04 -3.404937e-02 5.512285e+00 -7.679709e-04 9.999993e-01 8.531026e-04 -2.759645e-01 3.405009e-02 -8.264597e-04 9.994197e-01 2.851542e+00
9.995363e-01 -4.953130e-04 3.044470e-02 5.409603e+00 5.187121e-04 9.999996e-01 -7.606723e-04 -2.656441e-01 -3.044426e-02 7.761106e-04 9.995361e-01 2.553161e+00
9.993417e-01 8.075757e-04 -3.626860e-02 5.323156e+00 -7.751880e-04 9.999993e-01 9.070373e-04 -2.582075e-01 3.626936e-02 -8.783262e-04 9.993416e-01 2.333663e+00
9.996648e-01 -4.601259e-04 2.588420e-02 5.245372e+00 4.764702e-04 9.999997e-01 -6.252654e-04 -2.532711e-01 -2.588385e-02 6.373879e-04 9.996647e-01 2.177405e+00
9.993575e-01 8.025564e-04 -3.583125e-02 5.178521e+00 -7.710171e-04 9.999993e-01 8.940162e-04 -2.495243e-01 3.583199e-02 -8.658163e-04 9.993574e-01 2.047239e+00
9.996265e-01 -5.198528e-04 2.732358e-02 5.111550e+00 5.380568e-04 9.999996e-01 -6.588828e-04 -2.460380e-01 -2.732318e-02 6.733374e-04 9.996263e-01 1.933992e+00
9.992323e-01 9.170234e-04 -3.916616e-02 5.018856e+00 -8.795355e-04 9.999991e-01 9.743624e-04 -2.390915e-01 3.916707e-02 -9.391672e-04 9.992321e-01 1.723762e+00
9.995961e-01 -5.113521e-04 2.841338e-02 4.908197e+00 5.310478e-04 9.999996e-01 -6.856338e-04 -2.300220e-01 -2.841297e-02 7.004449e-04 9.995959e-01 1.465935e+00
9.996650e-01 6.846737e-04 -2.587374e-02 4.776812e+00 -6.687210e-04 9.999996e-01 6.251977e-04 -2.162771e-01 2.587421e-02 -6.076868e-04 9.996649e-01 1.085722e+00
9.988546e-01 -8.829134e-04 4.783975e-02 4.693930e+00 9.444025e-04 9.999988e-01 -1.262720e-03 -2.017408e-01 -4.783852e-02 1.306453e-03 9.988541e-01 6.795315e-01
9.991594e-01 1.043082e-03 -4.098152e-02 4.554456e+00 -9.944350e-04 9.999988e-01 1.207407e-03 -1.864323e-01 4.098278e-02 -1.165639e-03 9.991591e-01 2.605299e-01
9.994423e-01 -6.383924e-04 3.338539e-02 4.416026e+00 6.721942e-04 9.999993e-01 -1.001252e-03 -1.740456e-01 -3.338467e-02 1.023135e-03 9.994420e-01 -7.365133e-02
9.988979e-01 1.192599e-03 -4.692000e-02 4.285103e+00 -1.131270e-03 9.999985e-01 1.333630e-03 -1.603599e-01 4.692157e-02 -1.279081e-03 9.988977e-01 -4.642488e-01
9.993576e-01 -6.787244e-04 3.583124e-02 4.217123e+00 7.173269e-04 9.999992e-01 -1.064493e-03 -1.522231e-01 -3.583044e-02 1.089511e-03 9.993572e-01 -7.350542e-01
9.989938e-01 1.040844e-03 -4.483558e-02 4.174989e+00 -9.838085e-04 9.999987e-01 1.294139e-03 -1.488330e-01 4.483692e-02 -1.248728e-03 9.989934e-01 -8.703376e-01
9.996017e-01 -5.574629e-04 2.821517e-02 4.164161e+00 5.790905e-04 9.999995e-01 -7.583547e-04 -1.484627e-01 -2.821469e-02 7.743910e-04 9.996015e-01 -9.422884e-01
9.987248e-01 1.155567e-03 -5.047297e-02 4.202854e+00 -1.080757e-03 9.999983e-01 1.509439e-03 -1.519136e-01 5.047468e-02 -1.452965e-03 9.987242e-01 -9.366443e-01
9.990451e-01 -8.105664e-04 4.368255e-02 4.149413e+00 8.687664e-04 9.999988e-01 -1.313368e-03 -1.462330e-01 -4.368139e-02 1.350063e-03 9.990445e-01 -1.130097e+00
9.990000e-01 1.111383e-03 -4.469583e-02 4.027778e+00 -1.050617e-03 9.999985e-01 1.383015e-03 -1.336505e-01 4.469735e-02 -1.334675e-03 9.989996e-01 -1.481437e+00
9.990016e-01 -8.617501e-04 4.466510e-02 3.891855e+00 9.212821e-04 9.999987e-01 -1.312283e-03 -1.201802e-01 -4.466386e-02 1.352121e-03 9.990011e-01 -1.847049e+00
9.990241e-01 1.053065e-03 -4.415625e-02 3.832773e+00 -9.941072e-04 9.999986e-01 1.357139e-03 -1.136414e-01 4.415766e-02 -1.311920e-03 9.990236e-01 -2.056430e+00
9.991584e-01 -7.346495e-04 4.101080e-02 3.713214e+00 7.860143e-04 9.999989e-01 -1.236358e-03 -1.026104e-01 -4.100980e-02 1.267552e-03 9.991578e-01 -2.355938e+00
9.990025e-01 1.037280e-03 -4.464236e-02 3.634310e+00 -9.783730e-04 9.999986e-01 1.341360e-03 -9.411363e-02 4.464373e-02 -1.296346e-03 9.990020e-01 -2.620342e+00
9.989029e-01 -8.118922e-04 4.682208e-02 3.565975e+00 8.785590e-04 9.999986e-01 -1.403269e-03 -8.710841e-02 -4.682083e-02 1.442865e-03 9.989022e-01 -2.832431e+00
9.987252e-01 1.124376e-03 -5.046424e-02 3.506879e+00 -1.049253e-03 9.999983e-01 1.515104e-03 -8.115778e-02 5.046590e-02 -1.460224e-03 9.987246e-01 -3.031683e+00
9.990856e-01 -7.468362e-04 4.274737e-02 3.441357e+00 8.037000e-04 9.999988e-01 -1.313056e-03 -7.494409e-02 -4.274629e-02 1.346211e-03 9.990850e-01 -3.226860e+00
9.986646e-01 1.277239e-03 -5.164667e-02 3.292074e+00 -1.200354e-03 9.999981e-01 1.519672e-03 -5.939610e-02 5.164855e-02 -1.455649e-03 9.986642e-01 -3.657295e+00
9.989541e-01 -8.562595e-04 4.571552e-02 3.171503e+00 9.192065e-04 9.999987e-01 -1.355922e-03 -4.758738e-02 -4.571426e-02 1.396526e-03 9.989535e-01 -3.990245e+00
9.987182e-01 1.185444e-03 -5.060229e-02 3.099775e+00 -1.111796e-03 9.999983e-01 1.483565e-03 -4.136176e-02 5.060401e-02 -1.425405e-03 9.987177e-01 -4.180103e+00
9.988724e-01 -9.090184e-04 4.746699e-02 3.059510e+00 9.750802e-04 9.999986e-01 -1.368603e-03 -3.839896e-02 -4.746564e-02 1.413343e-03 9.988718e-01 -4.291838e+00
9.987028e-01 1.173476e-03 -5.090546e-02 3.053843e+00 -1.099949e-03 9.999983e-01 1.472371e-03 -3.754226e-02 5.090715e-02 -1.414468e-03 9.987023e-01 -4.365870e+00
9.988316e-01 -9.324399e-04 4.831809e-02 3.065380e+00 1.000691e-03 9.999985e-01 -1.388360e-03 -3.732783e-02 -4.831669e-02 1.435088e-03 9.988309e-01 -4.431282e+00
9.989890e-01 1.062012e-03 -4.494342e-02 3.047709e+00 -1.005067e-03 9.999987e-01 1.289625e-03 -3.405668e-02 4.494477e-02 -1.243150e-03 9.989886e-01 -4.559337e+00
9.988282e-01 -9.147146e-04 4.838757e-02 3.017852e+00 9.807158e-04 9.999986e-01 -1.340286e-03 -3.003388e-02 -4.838624e-02 1.386169e-03 9.988276e-01 -4.707786e+00
9.987539e-01 1.130139e-03 -4.989257e-02 2.998742e+00 -1.061411e-03 9.999985e-01 1.403992e-03 -2.869088e-02 4.989413e-02 -1.349286e-03 9.987535e-01 -4.780868e+00
9.989100e-01 -8.448138e-04 4.666960e-02 2.953725e+00 9.068165e-04 9.999987e-01 -1.307388e-03 -2.480159e-02 -4.666839e-02 1.348283e-03 9.989094e-01 -4.913949e+00
9.987094e-01 1.161698e-03 -5.077661e-02 2.885676e+00 -1.091087e-03 9.999984e-01 1.418302e-03 -1.859977e-02 5.077822e-02 -1.361071e-03 9.987089e-01 -5.105933e+00
9.989619e-01 -8.413878e-04 4.554642e-02 2.755249e+00 8.990043e-04 9.999988e-01 -1.244535e-03 -8.224532e-03 -4.554528e-02 1.284189e-03 9.989614e-01 -5.371990e+00
9.986279e-01 1.225216e-03 -5.235177e-02 2.652625e+00 -1.151483e-03 9.999983e-01 1.438548e-03 4.821224e-06 5.235348e-02 -1.376292e-03 9.986276e-01 -5.606832e+00
9.988990e-01 -8.996815e-04 4.690359e-02 2.615929e+00 9.610356e-04 9.999987e-01 -1.285554e-03 3.511764e-03 -4.690233e-02 1.329214e-03 9.988985e-01 -5.738382e+00
9.986642e-01 1.234633e-03 -5.165564e-02 2.577425e+00 -1.163186e-03 9.999983e-01 1.413180e-03 7.692022e-03 5.165734e-02 -1.351208e-03 9.986639e-01 -5.892888e+00
9.989934e-01 -8.618814e-04 4.484898e-02 2.452453e+00 9.167712e-04 9.999989e-01 -1.203326e-03 1.811699e-02 -4.484785e-02 1.243230e-03 9.989930e-01 -6.169475e+00
9.986171e-01 1.252493e-03 -5.255835e-02 2.379952e+00 -1.179646e-03 9.999983e-01 1.417014e-03 2.454669e-02 5.256007e-02 -1.353054e-03 9.986168e-01 -6.370124e+00
9.988514e-01 -9.324229e-04 4.790667e-02 2.298493e+00 9.945628e-04 9.999987e-01 -1.273281e-03 3.137527e-02 -4.790538e-02 1.319464e-03 9.988509e-01 -6.567187e+00
9.983744e-01 1.365821e-03 -5.697947e-02 2.160968e+00 -1.280007e-03 9.999980e-01 1.542521e-03 4.311594e-02 5.698150e-02 -1.467079e-03 9.983741e-01 -6.878807e+00
9.988452e-01 -8.952453e-04 4.803507e-02 2.008389e+00 9.582340e-04 9.999987e-01 -1.288294e-03 5.668744e-02 -4.803382e-02 1.332835e-03 9.988447e-01 -7.239172e+00
9.985926e-01 1.238964e-03 -5.302147e-02 1.895859e+00 -1.164110e-03 9.999983e-01 1.442627e-03 6.552001e-02 5.302320e-02 -1.378874e-03 9.985922e-01 -7.479186e+00
9.988951e-01 -9.209859e-04 4.698564e-02 1.820979e+00 9.808340e-04 9.999987e-01 -1.250712e-03 7.102328e-02 -4.698439e-02 1.295415e-03 9.988947e-01 -7.641979e+00
9.984077e-01 1.296421e-03 -5.639539e-02 1.763462e+00 -1.212201e-03 9.999981e-01 1.527562e-03 7.500650e-02 5.639730e-02 -1.456767e-03 9.984072e-01 -7.780843e+00
9.989005e-01 -8.904447e-04 4.687239e-02 1.699550e+00 9.500453e-04 9.999988e-01 -1.249288e-03 8.007538e-02 -4.687118e-02 1.292445e-03 9.989000e-01 -7.950706e+00
9.981897e-01 1.392022e-03 -6.012868e-02 1.614659e+00 -1.297233e-03 9.999979e-01 1.615443e-03 8.787309e-02 6.013083e-02 -1.534518e-03 9.981892e-01 -8.194573e+00
9.986796e-01 -9.495527e-04 5.136307e-02 1.514812e+00 1.019950e-03 9.999986e-01 -1.344387e-03 9.630624e-02 -5.136169e-02 1.394999e-03 9.986790e-01 -8.440142e+00
9.980709e-01 1.382448e-03 -6.206924e-02 1.441344e+00 -1.281978e-03 9.999978e-01 1.658468e-03 1.018644e-01 6.207143e-02 -1.575697e-03 9.980704e-01 -8.621672e+00
9.984128e-01 -1.050190e-03 5.630951e-02 1.387689e+00 1.133372e-03 9.999983e-01 -1.445321e-03 1.052395e-01 -5.630787e-02 1.506847e-03 9.984122e-01 -8.741123e+00
9.985558e-01 1.179306e-03 -5.371119e-02 1.386084e+00 -1.106749e-03 9.999984e-01 1.380602e-03 1.048550e-01 5.371277e-02 -1.319164e-03 9.985555e-01 -8.769534e+00
9.985983e-01 -9.723990e-04 5.291967e-02 1.318582e+00 1.042453e-03 9.999986e-01 -1.296188e-03 1.090431e-01 -5.291831e-02 1.349537e-03 9.985978e-01 -8.893099e+00
9.984237e-01 1.266118e-03 -5.611086e-02 1.264849e+00 -1.188443e-03 9.999983e-01 1.417660e-03 1.133850e-01 5.611259e-02 -1.348741e-03 9.984234e-01 -9.038169e+00
9.986938e-01 -9.253955e-04 5.108686e-02 1.224575e+00 9.913572e-04 9.999987e-01 -1.265842e-03 1.174891e-01 -5.108560e-02 1.314834e-03 9.986933e-01 -9.187758e+00
9.987207e-01 1.063920e-03 -5.055494e-02 1.246118e+00 -1.001779e-03 9.999987e-01 1.254499e-03 1.154431e-01 5.055624e-02 -1.202249e-03 9.987204e-01 -9.187303e+00
9.986309e-01 -9.488692e-04 5.230145e-02 1.229718e+00 1.016999e-03 9.999987e-01 -1.276039e-03 1.146466e-01 -5.230014e-02 1.327482e-03 9.986304e-01 -9.187079e+00
9.985576e-01 1.145555e-03 -5.367832e-02 1.200154e+00 -1.074607e-03 9.999985e-01 1.350571e-03 1.145493e-01 5.367982e-02 -1.290940e-03 9.985573e-01 -9.206430e+00
9.985312e-01 -1.032824e-03 5.417077e-02 1.256248e+00 1.107977e-03 9.999985e-01 -1.357330e-03 1.101372e-01 -5.416926e-02 1.415356e-03 9.985307e-01 -9.154138e+00
9.986725e-01 1.070305e-03 -5.149835e-02 1.344142e+00 -1.005346e-03 9.999987e-01 1.287261e-03 1.031583e-01 5.149968e-02 -1.233778e-03 9.986722e-01 -9.043090e+00
9.986382e-01 -9.029693e-04 5.216241e-02 1.342725e+00 9.720845e-04 9.999987e-01 -1.299645e-03 1.024741e-01 -5.216113e-02 1.348581e-03 9.986377e-01 -9.061439e+00
9.985088e-01 1.177056e-03 -5.457773e-02 1.272182e+00 -1.102746e-03 9.999984e-01 1.391653e-03 1.080649e-01 5.457931e-02 -1.329392e-03 9.985085e-01 -9.227054e+00
9.986374e-01 -9.246011e-04 5.217765e-02 1.201418e+00 9.929158e-04 9.999987e-01 -1.283365e-03 1.132706e-01 -5.217636e-02 1.333424e-03 9.986369e-01 -9.383103e+00
9.987106e-01 1.046099e-03 -5.075376e-02 1.222856e+00 -9.840845e-04 9.999987e-01 1.246835e-03 1.110023e-01 5.075503e-02 -1.195281e-03 9.987103e-01 -9.369428e+00
9.986978e-01 -8.825104e-04 5.100835e-02 1.289667e+00 9.488186e-04 9.999987e-01 -1.275746e-03 1.085116e-01 -5.100713e-02 1.322482e-03 9.986973e-01 -9.391622e+00
9.984896e-01 1.230686e-03 -5.492804e-02 1.241767e+00 -1.155842e-03 9.999984e-01 1.394329e-03 1.145870e-01 5.492969e-02 -1.328735e-03 9.984892e-01 -9.598668e+00
9.986594e-01 -9.255327e-04 5.175376e-02 1.168602e+00 9.926459e-04 9.999987e-01 -1.271091e-03 1.222563e-01 -5.175249e-02 1.320760e-03 9.986590e-01 -9.832981e+00
9.984876e-01 1.231516e-03 -5.496345e-02 1.102562e+00 -1.157161e-03 9.999984e-01 1.384621e-03 1.290097e-01 5.496510e-02 -1.318926e-03 9.984873e-01 -1.004354e+01
9.986103e-01 -9.887353e-04 5.269292e-02 1.077746e+00 1.058000e-03 9.999986e-01 -1.286610e-03 1.313100e-01 -5.269154e-02 1.340571e-03 9.986098e-01 -1.014492e+01
9.984650e-01 1.247443e-03 -5.537275e-02 1.041913e+00 -1.172465e-03 9.999984e-01 1.386518e-03 1.340827e-01 5.537441e-02 -1.319468e-03 9.984647e-01 -1.025082e+01
9.986248e-01 -9.707066e-04 5.241814e-02 1.022886e+00 1.038819e-03 9.999987e-01 -1.272183e-03 1.368518e-01 -5.241680e-02 1.324887e-03 9.986243e-01 -1.037454e+01
9.984729e-01 1.208526e-03 -5.523104e-02 1.039067e+00 -1.134359e-03 9.999984e-01 1.374177e-03 1.376606e-01 5.523264e-02 -1.309426e-03 9.984726e-01 -1.046359e+01
9.986882e-01 -8.898695e-04 5.119696e-02 9.901480e-01 9.548840e-04 9.999988e-01 -1.245444e-03 1.424037e-01 -5.119576e-02 1.292697e-03 9.986877e-01 -1.062400e+01
9.983014e-01 1.318817e-03 -5.824625e-02 8.971703e-01 -1.237019e-03 9.999982e-01 1.440378e-03 1.516795e-01 5.824807e-02 -1.365880e-03 9.983011e-01 -1.089746e+01
9.985923e-01 -9.445050e-04 5.303286e-02 8.436869e-01 1.014024e-03 9.999987e-01 -1.283976e-03 1.577599e-01 -5.303155e-02 1.335945e-03 9.985918e-01 -1.110332e+01
9.984424e-01 1.209889e-03 -5.577966e-02 7.926847e-01 -1.134372e-03 9.999984e-01 1.385486e-03 1.621545e-01 5.578128e-02 -1.320053e-03 9.984420e-01 -1.124900e+01
9.986253e-01 -9.226479e-04 5.240859e-02 6.741029e-01 9.899679e-04 9.999987e-01 -1.258576e-03 1.710734e-01 -5.240734e-02 1.308729e-03 9.986248e-01 -1.148103e+01
9.985159e-01 1.157260e-03 -5.444926e-02 5.915579e-01 -1.085585e-03 9.999985e-01 1.345912e-03 1.765248e-01 5.445076e-02 -1.284805e-03 9.985155e-01 -1.163000e+01
9.986267e-01 -9.223287e-04 5.238193e-02 5.271596e-01 9.894549e-04 9.999987e-01 -1.255558e-03 1.809163e-01 -5.238068e-02 1.305663e-03 9.986262e-01 -1.176025e+01
9.984803e-01 1.161209e-03 -5.509787e-02 4.845093e-01 -1.088018e-03 9.999985e-01 1.358358e-03 1.836453e-01 5.509939e-02 -1.296346e-03 9.984799e-01 -1.186007e+01
9.986631e-01 -9.184728e-04 5.168291e-02 4.325516e-01 9.830705e-04 9.999988e-01 -1.224478e-03 1.861942e-01 -5.168170e-02 1.273648e-03 9.986627e-01 -1.194534e+01
9.983819e-01 1.204879e-03 -5.685186e-02 3.835334e-01 -1.126901e-03 9.999984e-01 1.403636e-03 1.887328e-01 5.685348e-02 -1.337298e-03 9.983815e-01 -1.203867e+01
9.989096e-01 -8.633211e-04 4.667853e-02 3.792630e-01 9.144784e-04 9.999990e-01 -1.074607e-03 1.878731e-01 -4.667753e-02 1.116122e-03 9.989093e-01 -1.206914e+01
9.981704e-01 1.286061e-03 -6.044969e-02 4.021830e-01 -1.196440e-03 9.999981e-01 1.518746e-03 1.847245e-01 6.045155e-02 -1.443643e-03 9.981700e-01 -1.204730e+01
9.988189e-01 -8.502354e-04 4.858042e-02 3.424283e-01 9.080707e-04 9.999989e-01 -1.168449e-03 1.888249e-01 -4.857936e-02 1.211184e-03 9.988185e-01 -1.219110e+01
9.983819e-01 1.288717e-03 -5.685027e-02 2.546824e-01 -1.211399e-03 9.999983e-01 1.394481e-03 1.972902e-01 5.685199e-02 -1.323356e-03 9.983816e-01 -1.244557e+01
9.987808e-01 -8.881287e-04 4.935713e-02 1.437291e-01 9.467601e-04 9.999989e-01 -1.164535e-03 2.066981e-01 -4.935602e-02 1.209845e-03 9.987804e-01 -1.270785e+01
9.984893e-01 1.249550e-03 -5.493288e-02 4.349734e-02 -1.178556e-03 9.999984e-01 1.324752e-03 2.156101e-01 5.493447e-02 -1.258009e-03 9.984891e-01 -1.295891e+01
9.987573e-01 -8.716544e-04 4.983080e-02 -9.388863e-02 9.310861e-04 9.999989e-01 -1.169470e-03 2.280566e-01 -4.982971e-02 1.214414e-03 9.987569e-01 -1.329086e+01
9.984911e-01 1.223995e-03 -5.490019e-02 -2.244155e-01 -1.153162e-03 9.999985e-01 1.321881e-03 2.390089e-01 5.490174e-02 -1.256577e-03 9.984909e-01 -1.358005e+01
9.988549e-01 -8.685646e-04 4.783393e-02 -2.922367e-01 9.220867e-04 9.999990e-01 -1.096860e-03 2.440008e-01 -4.783291e-02 1.139712e-03 9.988546e-01 -1.373976e+01
9.985075e-01 1.192357e-03 -5.460083e-02 -3.789665e-01 -1.122722e-03 9.999985e-01 1.306007e-03 2.500242e-01 5.460232e-02 -1.242756e-03 9.985073e-01 -1.391189e+01
9.987086e-01 -9.106227e-04 5.079711e-02 -4.414675e-01 9.711861e-04 9.999988e-01 -1.167590e-03 2.544860e-01 -5.079598e-02 1.215416e-03 9.987082e-01 -1.405397e+01
9.983054e-01 1.316059e-03 -5.817759e-02 -5.050013e-01 -1.238588e-03 9.999983e-01 1.367679e-03 2.613127e-01 5.817930e-02 -1.293303e-03 9.983052e-01 -1.427075e+01
9.976561e-01 -1.311151e-03 6.841466e-02 -4.414512e-01 1.427593e-03 9.999976e-01 -1.653142e-03 2.608396e-01 -6.841231e-02 1.746936e-03 9.976555e-01 -1.433740e+01
9.990357e-01 8.613234e-04 -4.389772e-02 -3.385027e-01 -8.120156e-04 9.999990e-01 1.141061e-03 2.559376e-01 4.389868e-02 -1.104315e-03 9.990353e-01 -1.426638e+01
9.989995e-01 -7.289284e-04 4.471460e-02 -3.129615e-01 7.819125e-04 9.999990e-01 -1.167460e-03 2.539086e-01 -4.471369e-02 1.201255e-03 9.989990e-01 -1.426740e+01
9.990907e-01 8.284114e-04 -4.262812e-02 -2.996018e-01 -7.825466e-04 9.999991e-01 1.092603e-03 2.523501e-01 4.262900e-02 -1.058251e-03 9.990903e-01 -1.427120e+01
9.991065e-01 -6.668450e-04 4.225757e-02 -2.798960e-01 7.126621e-04 9.999992e-01 -1.069178e-03 2.504364e-01 -4.225681e-02 1.098338e-03 9.991061e-01 -1.427882e+01
9.992186e-01 7.003345e-04 -3.951906e-02 -1.954149e-01 -6.621200e-04 9.999993e-01 9.800688e-04 2.445906e-01 3.951974e-02 -9.531365e-04 9.992182e-01 -1.420508e+01
9.992051e-01 -5.700173e-04 3.986092e-02 -1.985353e-01 6.101139e-04 9.999993e-01 -9.937549e-04 2.437931e-01 -3.986031e-02 1.017285e-03 9.992046e-01 -1.422145e+01
9.990705e-01 7.812707e-04 -4.310013e-02 -2.424899e-01 -7.342305e-04 9.999991e-01 1.107235e-03 2.458647e-01 4.310097e-02 -1.074560e-03 9.990700e-01 -1.430228e+01
9.991203e-01 -6.382572e-04 4.192998e-02 -2.141568e-01 6.834313e-04 9.999992e-01 -1.063044e-03 2.424498e-01 -4.192925e-02 1.090766e-03 9.991199e-01 -1.427029e+01
9.993984e-01 5.875547e-04 -3.467586e-02 -1.424301e-01 -5.580224e-04 9.999995e-01 8.613393e-04 2.365371e-01 3.467637e-02 -8.414712e-04 9.993981e-01 -1.417832e+01
9.992601e-01 -5.697851e-04 3.845642e-02 -7.975314e-02 6.073236e-04 9.999994e-01 -9.644554e-04 2.314093e-01 -3.845583e-02 9.870974e-04 9.992597e-01 -1.410755e+01
9.994401e-01 5.595947e-04 -3.345291e-02 -1.092068e-02 -5.330527e-04 9.999995e-01 8.023260e-04 2.256046e-01 3.345336e-02 -7.840446e-04 9.994399e-01 -1.402070e+01
9.991695e-01 -6.282043e-04 4.074232e-02 7.241609e-02 6.691953e-04 9.999993e-01 -9.924740e-04 2.185297e-01 -4.074164e-02 1.018914e-03 9.991691e-01 -1.390105e+01
9.987843e-01 9.402621e-04 -4.928443e-02 1.335371e-01 -8.770153e-04 9.999988e-01 1.304911e-03 2.134032e-01 4.928561e-02 -1.260101e-03 9.987838e-01 -1.384131e+01
9.995299e-01 -4.506962e-04 3.065610e-02 1.774277e-01 4.711742e-04 9.999997e-01 -6.607706e-04 2.086368e-01 -3.065578e-02 6.749045e-04 9.995297e-01 -1.379386e+01
9.991295e-01 7.513677e-04 -4.171009e-02 2.373514e-01 -7.121034e-04 9.999993e-01 9.562103e-04 2.039415e-01 4.171079e-02 -9.256759e-04 9.991292e-01 -1.375262e+01
9.993292e-01 -5.448907e-04 3.661751e-02 3.335608e-01 5.747809e-04 9.999995e-01 -8.057604e-04 1.989393e-01 -3.661704e-02 8.262671e-04 9.993289e-01 -1.372524e+01
9.994043e-01 5.233071e-04 -3.450824e-02 4.611811e-01 -4.988148e-04 9.999996e-01 7.183553e-04 1.897812e-01 3.450862e-02 -7.007139e-04 9.994041e-01 -1.358276e+01
9.994676e-01 -4.618203e-04 3.262469e-02 5.818381e-01 4.854709e-04 9.999996e-01 -7.170111e-04 1.809273e-01 -3.262433e-02 7.324678e-04 9.994673e-01 -1.344396e+01
9.986916e-01 9.664336e-04 -5.112902e-02 6.236949e-01 -8.997318e-04 9.999987e-01 1.327578e-03 1.768327e-01 5.113025e-02 -1.279838e-03 9.986911e-01 -1.341551e+01
9.991193e-01 -6.685591e-04 4.195425e-02 6.255291e-01 7.147925e-04 9.999992e-01 -1.087005e-03 1.749451e-01 -4.195348e-02 1.116037e-03 9.991188e-01 -1.341257e+01
9.988000e-01 9.253829e-04 -4.896719e-02 6.287989e-01 -8.619205e-04 9.999988e-01 1.317120e-03 1.727029e-01 4.896836e-02 -1.273334e-03 9.987994e-01 -1.340401e+01
9.996379e-01 -3.554399e-04 2.690783e-02 6.807640e-01 3.699416e-04 9.999998e-01 -5.339633e-04 1.671693e-01 -2.690763e-02 5.437246e-04 9.996377e-01 -1.333875e+01
9.987767e-01 9.294421e-04 -4.943859e-02 7.316077e-01 -8.700906e-04 9.999989e-01 1.222016e-03 1.621874e-01 4.943968e-02 -1.177505e-03 9.987763e-01 -1.329281e+01
9.992997e-01 -5.898137e-04 3.741410e-02 8.018251e-01 6.222015e-04 9.999994e-01 -8.540181e-04 1.573314e-01 -3.741357e-02 8.766996e-04 9.992994e-01 -1.325825e+01
9.985742e-01 1.054949e-03 -5.337078e-02 8.523056e-01 -9.822249e-04 9.999986e-01 1.388835e-03 1.532140e-01 5.337218e-02 -1.334432e-03 9.985737e-01 -1.323127e+01
9.991603e-01 -6.681069e-04 4.096523e-02 8.678284e-01 7.105333e-04 9.999992e-01 -1.021116e-03 1.513334e-01 -4.096451e-02 1.049367e-03 9.991600e-01 -1.324480e+01
9.982028e-01 1.219759e-03 -5.991325e-02 8.959450e-01 -1.120038e-03 9.999979e-01 1.697971e-03 1.484584e-01 5.991520e-02 -1.627814e-03 9.982020e-01 -1.324652e+01
9.991717e-01 -6.933395e-04 4.068631e-02 9.535473e-01 7.378525e-04 9.999991e-01 -1.079046e-03 1.431464e-01 -4.068553e-02 1.108173e-03 9.991713e-01 -1.319279e+01
9.980594e-01 1.310263e-03 -6.225605e-02 1.012261e+00 -1.197393e-03 9.999976e-01 1.850272e-03 1.379580e-01 6.225833e-02 -1.772135e-03 9.980584e-01 -1.314178e+01
9.991939e-01 -6.743524e-04 4.013966e-02 1.062667e+00 7.188996e-04 9.999991e-01 -1.095381e-03 1.342799e-01 -4.013889e-02 1.123355e-03 9.991934e-01 -1.313498e+01
9.981488e-01 1.268675e-03 -6.080536e-02 1.103664e+00 -1.163029e-03 9.999978e-01 1.772805e-03 1.316553e-01 6.080747e-02 -1.698804e-03 9.981480e-01 -1.315731e+01
9.992278e-01 -6.497359e-04 3.928567e-02 1.147791e+00 6.904804e-04 9.999992e-01 -1.023571e-03 1.284071e-01 -3.928499e-02 1.049907e-03 9.992274e-01 -1.315937e+01
9.979736e-01 1.347641e-03 -6.361538e-02 1.177917e+00 -1.233299e-03 9.999976e-01 1.836626e-03 1.268070e-01 6.361768e-02 -1.754447e-03 9.979727e-01 -1.320785e+01
9.989638e-01 -7.585057e-04 4.550485e-02 1.186358e+00 8.175002e-04 9.999988e-01 -1.277845e-03 1.272591e-01 -4.550384e-02 1.313722e-03 9.989632e-01 -1.329561e+01
9.984171e-01 1.179001e-03 -5.623082e-02 1.117802e+00 -1.092562e-03 9.999982e-01 1.567936e-03 1.327591e-01 5.623255e-02 -1.504017e-03 9.984165e-01 -1.347902e+01
9.989838e-01 -7.545124e-04 4.506527e-02 1.043287e+00 8.108815e-04 9.999989e-01 -1.232562e-03 1.374780e-01 -4.506430e-02 1.267853e-03 9.989832e-01 -1.363564e+01
9.983131e-01 1.199578e-03 -5.804777e-02 9.974306e-01 -1.108159e-03 9.999981e-01 1.607052e-03 1.400008e-01 5.804957e-02 -1.540014e-03 9.983124e-01 -1.374129e+01
9.987632e-01 -8.313462e-04 4.971369e-02 9.343747e-01 8.994681e-04 9.999987e-01 -1.347925e-03 1.438520e-01 -4.971252e-02 1.390975e-03 9.987625e-01 -1.387106e+01
9.981480e-01 1.210436e-03 -6.082049e-02 9.237293e-01 -1.107309e-03 9.999979e-01 1.729273e-03 1.421899e-01 6.082244e-02 -1.658722e-03 9.981471e-01 -1.387129e+01
9.989691e-01 -7.262481e-04 4.539016e-02 9.263742e-01 7.840539e-04 9.999989e-01 -1.255738e-03 1.406329e-01 -4.538922e-02 1.290033e-03 9.989684e-01 -1.388408e+01
9.984978e-01 1.048514e-03 -5.478146e-02 9.294514e-01 -9.661246e-04 9.999984e-01 1.530425e-03 1.392617e-01 5.478295e-02 -1.475199e-03 9.984971e-01 -1.390431e+01
9.992498e-01 -6.052451e-04 3.872273e-02 9.838282e-01 6.445305e-04 9.999993e-01 -1.002051e-03 1.339269e-01 -3.872211e-02 1.026258e-03 9.992494e-01 -1.384510e+01
9.982875e-01 1.142209e-03 -5.848804e-02 1.033499e+00 -1.046572e-03 9.999981e-01 1.665759e-03 1.285315e-01 5.848980e-02 -1.601693e-03 9.982866e-01 -1.378363e+01
9.992544e-01 -5.909082e-04 3.860476e-02 1.083713e+00 6.292339e-04 9.999993e-01 -9.806239e-04 1.236054e-01 -3.860418e-02 1.004186e-03 9.992540e-01 -1.373550e+01
9.979853e-01 1.255893e-03 -6.343351e-02 1.122023e+00 -1.142903e-03 9.999977e-01 1.817493e-03 1.189029e-01 6.343562e-02 -1.741331e-03 9.979843e-01 -1.369375e+01
9.995214e-01 -4.342284e-04 3.093225e-02 1.168654e+00 4.566488e-04 9.999996e-01 -7.177511e-04 1.128735e-01 -3.093195e-02 7.315343e-04 9.995211e-01 -1.361961e+01
9.983824e-01 1.097435e-03 -5.684532e-02 1.213339e+00 -1.011646e-03 9.999983e-01 1.537924e-03 1.071717e-01 5.684687e-02 -1.477928e-03 9.983817e-01 -1.354917e+01
9.994777e-01 -4.443567e-04 3.231384e-02 1.249803e+00 4.672609e-04 9.999996e-01 -7.012453e-04 1.032436e-01 -3.231355e-02 7.159796e-04 9.994774e-01 -1.352712e+01
9.986315e-01 9.693588e-04 -5.229021e-02 1.289350e+00 -8.995060e-04 9.999987e-01 1.359378e-03 9.877960e-02 5.229142e-02 -1.310480e-03 9.986309e-01 -1.348893e+01
9.995203e-01 -3.998840e-04 3.096836e-02 1.349294e+00 4.189303e-04 9.999997e-01 -6.085230e-04 9.289286e-02 -3.096815e-02 6.212064e-04 9.995201e-01 -1.341166e+01
9.983402e-01 1.083269e-03 -5.758233e-02 1.400626e+00 -9.980978e-04 9.999984e-01 1.507846e-03 8.677715e-02 5.758383e-02 -1.447869e-03 9.983395e-01 -1.333266e+01
9.994699e-01 -4.058581e-04 3.255411e-02 1.516030e+00 4.277141e-04 9.999997e-01 -6.643992e-04 8.050623e-02 -3.255387e-02 6.779727e-04 9.994697e-01 -1.330474e+01
9.983275e-01 1.099014e-03 -5.780169e-02 1.605373e+00 -1.016567e-03 9.999984e-01 1.455748e-03 7.653891e-02 5.780315e-02 -1.394552e-03 9.983269e-01 -1.332898e+01
9.990994e-01 -6.380231e-04 4.242615e-02 1.637456e+00 6.832552e-04 9.999992e-01 -1.051633e-03 7.518899e-02 -4.242549e-02 1.079676e-03 9.990990e-01 -1.338104e+01
9.987687e-01 9.783687e-04 -4.960016e-02 1.622167e+00 -9.174959e-04 9.999988e-01 1.250014e-03 7.730394e-02 4.960127e-02 -1.202964e-03 9.987683e-01 -1.349403e+01
9.992720e-01 -6.179435e-04 3.814650e-02 1.793029e+00 6.525596e-04 9.999994e-01 -8.949905e-04 7.241429e-02 -3.814598e-02 9.192337e-04 9.992717e-01 -1.357288e+01
9.986852e-01 1.065888e-03 -5.125164e-02 1.967167e+00 -1.004269e-03 9.999987e-01 1.228016e-03 7.026824e-02 5.125283e-02 -1.174929e-03 9.986849e-01 -1.375881e+01
9.991017e-01 -7.216079e-04 4.237040e-02 2.142345e+00 7.614903e-04 9.999993e-01 -9.251329e-04 6.936584e-02 -4.236976e-02 9.565685e-04 9.991014e-01 -1.397947e+01
9.987228e-01 1.005593e-03 -5.051427e-02 2.360855e+00 -9.477300e-04 9.999989e-01 1.169408e-03 6.661174e-02 5.051533e-02 -1.120039e-03 9.987226e-01 -1.418024e+01
9.995271e-01 -3.455984e-04 3.074720e-02 2.387198e+00 3.655647e-04 9.999997e-01 -6.437306e-04 7.173382e-02 -3.074702e-02 6.546683e-04 9.995269e-01 -1.445667e+01
9.984996e-01 1.071619e-03 -5.474846e-02 2.338376e+00 -1.002776e-03 9.999987e-01 1.284874e-03 7.936991e-02 5.474971e-02 -1.228044e-03 9.984993e-01 -1.475096e+01
9.993697e-01 -3.629753e-04 3.549715e-02 2.193054e+00 3.917571e-04 9.999996e-01 -8.038454e-04 9.569299e-02 -3.549690e-02 8.172471e-04 9.993694e-01 -1.522989e+01
9.988387e-01 1.003017e-03 -4.816882e-02 2.064906e+00 -9.537650e-04 9.999990e-01 1.045443e-03 1.112252e-01 4.816976e-02 -9.982852e-04 9.988386e-01 -1.569988e+01
9.990817e-01 -7.378518e-04 4.283972e-02 2.179613e+00 7.756632e-04 9.999993e-01 -8.659921e-04 1.129486e-01 -4.283911e-02 8.984281e-04 9.990815e-01 -1.593583e+01
9.988393e-01 9.724176e-04 -4.815705e-02 2.344207e+00 -9.245584e-04 9.999991e-01 1.016067e-03 1.126013e-01 4.815793e-02 -9.703613e-04 9.988392e-01 -1.615089e+01
9.991297e-01 -5.640600e-04 4.170666e-02 2.330715e+00 6.001002e-04 9.999995e-01 -8.516004e-04 1.190550e-01 -4.170622e-02 8.758896e-04 9.991294e-01 -1.641151e+01
9.987211e-01 1.094116e-03 -5.054713e-02 2.195532e+00 -1.042763e-03 9.999989e-01 1.042296e-03 1.340807e-01 5.054816e-02 -9.882523e-04 9.987210e-01 -1.683695e+01
9.991064e-01 -5.467434e-04 4.226256e-02 1.983927e+00 5.825990e-04 9.999995e-01 -8.360697e-04 1.565263e-01 -4.226215e-02 8.599467e-04 9.991061e-01 -1.744171e+01
9.987250e-01 1.150448e-03 -5.046899e-02 1.730083e+00 -1.100179e-03 9.999989e-01 1.023780e-03 1.838177e-01 5.047004e-02 -9.669478e-04 9.987250e-01 -1.816167e+01
9.991704e-01 -5.791205e-04 4.071964e-02 1.647099e+00 6.099951e-04 9.999995e-01 -7.457856e-04 1.969554e-01 -4.071925e-02 7.700077e-04 9.991702e-01 -1.860553e+01
9.987876e-01 9.165775e-04 -4.921882e-02 1.881034e+00 -8.651605e-04 9.999991e-01 1.065940e-03 1.958676e-01 4.921969e-02 -1.022063e-03 9.987874e-01 -1.886525e+01
9.989349e-01 -9.451811e-04 4.613106e-02 2.238505e+00 9.931278e-04 9.999990e-01 -1.016433e-03 1.916559e-01 -4.613011e-02 1.061167e-03 9.989348e-01 -1.915085e+01
9.993843e-01 4.769141e-04 -3.508339e-02 2.800516e+00 -4.556742e-04 9.999997e-01 6.133858e-04 1.733047e-01 3.508360e-02 -5.970195e-04 9.993841e-01 -1.910762e+01
9.985232e-01 -1.337720e-03 5.431039e-02 3.541114e+00 1.403959e-03 9.999983e-01 -1.181488e-03 1.488245e-01 -5.430878e-02 1.255995e-03 9.985233e-01 -1.901895e+01
9.989960e-01 8.596849e-04 -4.478994e-02 4.060656e+00 -8.218594e-04 9.999993e-01 8.629013e-04 1.325745e-01 4.479059e-02 -8.252219e-04 9.989960e-01 -1.899080e+01
9.979455e-01 -1.351801e-03 6.405456e-02 4.533804e+00 1.445130e-03 9.999980e-01 -1.410707e-03 1.157572e-01 -6.405258e-02 1.500378e-03 9.979453e-01 -1.890209e+01
9.993309e-01 5.268549e-04 -3.657116e-02 5.143665e+00 -5.007281e-04 9.999996e-01 7.235497e-04 9.526625e-02 3.657147e-02 -7.047515e-04 9.993307e-01 -1.878912e+01
9.976512e-01 -1.482192e-03 6.848316e-02 5.847609e+00 1.593637e-03 9.999975e-01 -1.572710e-03 6.472301e-02 -6.848071e-02 1.678155e-03 9.976509e-01 -1.846514e+01
9.987245e-01 5.464226e-04 -5.048870e-02 6.600505e+00 -4.901564e-04 9.999992e-01 1.126797e-03 3.150749e-02 5.048923e-02 -1.100610e-03 9.987239e-01 -1.812612e+01
9.980405e-01 -1.125143e-03 6.256139e-02 7.257979e+00 1.222834e-03 9.999981e-01 -1.523234e-03 7.805536e-03 -6.255961e-02 1.596754e-03 9.980399e-01 -1.799991e+01
9.986611e-01 7.171037e-04 -5.172561e-02 7.644345e+00 -6.521633e-04 9.999990e-01 1.272338e-03 -8.981719e-03 5.172641e-02 -1.236899e-03 9.986604e-01 -1.782812e+01
9.982230e-01 -8.583236e-04 5.958217e-02 7.807963e+00 9.462890e-04 9.999985e-01 -1.448159e-03 -2.288537e-02 -5.958089e-02 1.501970e-03 9.982223e-01 -1.755836e+01
9.986753e-01 6.943767e-04 -5.144971e-02 7.947365e+00 -6.281834e-04 9.999990e-01 1.302713e-03 -3.619252e-02 5.145051e-02 -1.268666e-03 9.986746e-01 -1.727907e+01
9.985072e-01 -7.122393e-04 5.461579e-02 8.016380e+00 7.879888e-04 9.999988e-01 -1.365419e-03 -4.761888e-02 -5.461480e-02 1.406419e-03 9.985064e-01 -1.701148e+01
9.989178e-01 6.007499e-04 -4.650608e-02 8.146106e+00 -5.466577e-04 9.999992e-01 1.175822e-03 -5.913943e-02 4.650670e-02 -1.149125e-03 9.989172e-01 -1.678909e+01
9.985613e-01 -7.943730e-04 5.361564e-02 8.431789e+00 8.673683e-04 9.999987e-01 -1.338190e-03 -7.395399e-02 -5.361456e-02 1.382771e-03 9.985607e-01 -1.661081e+01
9.987701e-01 6.274654e-04 -4.957784e-02 8.740351e+00 -5.678751e-04 9.999991e-01 1.216022e-03 -8.840910e-02 4.957851e-02 -1.186371e-03 9.987694e-01 -1.646289e+01
9.986366e-01 -8.715071e-04 5.219398e-02 9.261910e+00 9.333610e-04 9.999989e-01 -1.160704e-03 -1.083826e-01 -5.219295e-02 1.207839e-03 9.986362e-01 -1.635545e+01
9.988186e-01 6.967604e-04 -4.858955e-02 9.604994e+00 -6.430607e-04 9.999992e-01 1.120784e-03 -1.252007e-01 4.859024e-02 -1.088212e-03 9.988181e-01 -1.617167e+01
9.987723e-01 -7.980369e-04 4.952935e-02 9.923405e+00 8.528955e-04 9.999990e-01 -1.086461e-03 -1.407550e-01 -4.952848e-02 1.127373e-03 9.987720e-01 -1.600499e+01
9.987326e-01 6.789260e-04 -5.032641e-02 1.029533e+01 -6.210394e-04 9.999991e-01 1.165844e-03 -1.579235e-01 5.032711e-02 -1.133110e-03 9.987320e-01 -1.584452e+01
9.987413e-01 -8.196548e-04 5.015036e-02 1.067244e+01 8.750955e-04 9.999990e-01 -1.083532e-03 -1.763702e-01 -5.014947e-02 1.126056e-03 9.987410e-01 -1.564957e+01
9.986994e-01 6.867128e-04 -5.098081e-02 1.100656e+01 -6.288970e-04 9.999991e-01 1.150095e-03 -1.944353e-01 5.098151e-02 -1.116535e-03 9.986989e-01 -1.542787e+01
9.987039e-01 -8.278013e-04 5.089009e-02 1.137383e+01 8.813652e-04 9.999991e-01 -1.030098e-03 -2.141976e-01 -5.088924e-02 1.073617e-03 9.987036e-01 -1.518702e+01
9.986967e-01 5.705780e-04 -5.103480e-02 1.194802e+01 -5.113590e-04 9.999992e-01 1.173406e-03 -2.384766e-01 5.103538e-02 -1.145778e-03 9.986961e-01 -1.500316e+01
9.987981e-01 -8.452075e-04 4.900694e-02 1.267275e+01 8.913278e-04 9.999992e-01 -9.192405e-04 -2.661556e-01 -4.900617e-02 9.618188e-04 9.987979e-01 -1.486656e+01
9.987955e-01 4.442306e-04 -4.906458e-02 1.344116e+01 -3.945248e-04 9.999994e-01 1.022738e-03 -2.934276e-01 4.906495e-02 -1.002147e-03 9.987950e-01 -1.476797e+01
9.985755e-01 -8.210499e-04 5.334999e-02 1.405528e+01 8.791987e-04 9.999990e-01 -1.066477e-03 -3.173889e-01 -5.334911e-02 1.111865e-03 9.985752e-01 -1.461604e+01
9.989957e-01 2.746308e-04 -4.480494e-02 1.473883e+01 -2.336227e-04 9.999995e-01 9.204830e-04 -3.430054e-01 4.480512e-02 -9.090892e-04 9.989952e-01 -1.446288e+01
9.988983e-01 -6.850200e-04 4.692238e-02 1.538931e+01 7.271687e-04 9.999993e-01 -8.811879e-04 -3.679644e-01 -4.692179e-02 9.143395e-04 9.988981e-01 -1.431492e+01
9.989235e-01 3.761748e-04 -4.638540e-02 1.602003e+01 -3.290026e-04 9.999994e-01 1.024584e-03 -3.924653e-01 4.638572e-02 -1.008218e-03 9.989230e-01 -1.417169e+01
9.988904e-01 -5.550171e-04 4.709185e-02 1.637706e+01 6.061276e-04 9.999992e-01 -1.071051e-03 -4.089776e-01 -4.709126e-02 1.098409e-03 9.988899e-01 -1.400902e+01
9.988167e-01 6.035995e-04 -4.862920e-02 1.648551e+01 -5.503657e-04 9.999992e-01 1.108062e-03 -4.185905e-01 4.862979e-02 -1.079985e-03 9.988162e-01 -1.383623e+01
9.988424e-01 -5.596685e-04 4.809909e-02 1.656007e+01 6.129814e-04 9.999992e-01 -1.093642e-03 -4.287156e-01 -4.809848e-02 1.121861e-03 9.988419e-01 -1.361877e+01
9.988312e-01 5.858414e-04 -4.833176e-02 1.662488e+01 -5.329618e-04 9.999992e-01 1.106965e-03 -4.403116e-01 4.833233e-02 -1.079911e-03 9.988306e-01 -1.334842e+01
9.988660e-01 -5.767284e-04 4.760643e-02 1.671316e+01 6.277528e-04 9.999992e-01 -1.056841e-03 -4.536008e-01 -4.760583e-02 1.085530e-03 9.988655e-01 -1.304612e+01
9.988889e-01 5.184487e-04 -4.712344e-02 1.684211e+01 -4.685280e-04 9.999993e-01 1.070390e-03 -4.670936e-01 4.712391e-02 -1.047120e-03 9.988884e-01 -1.276879e+01
9.988805e-01 -5.589216e-04 4.730075e-02 1.699538e+01 6.102259e-04 9.999992e-01 -1.070195e-03 -4.794484e-01 -4.730016e-02 1.097863e-03 9.988800e-01 -1.254812e+01
