1.000000e+00 -6.007496e-06 -3.042111e-04 -5.386275e-02 6.007530e-06 1.000000e+00 5.147859e-08 -2.386284e-02 3.042111e-04 -5.282767e-08 9.999999e-01 1.046544e+00
9.999980e-01 9.047705e-05 -1.999472e-03 -7.759278e-02 -9.040062e-05 1.000000e+00 3.830270e-05 -5.159647e-02 1.999476e-03 -3.812139e-05 9.999979e-01 2.196446e+00
9.999709e-01 2.867869e-04 -7.623202e-03 -1.121690e-01 -2.848410e-04 9.999999e-01 2.563421e-04 -7.643128e-02 7.623273e-03 -2.541627e-04 9.999708e-01 3.224683e+00
9.998208e-01 7.553703e-04 -1.891736e-02 -1.347150e-01 -7.435305e-04 9.999995e-01 6.328919e-04 -9.493110e-02 1.891782e-02 -6.187122e-04 9.998208e-01 3.976546e+00
9.999439e-01 3.822249e-04 -1.058649e-02 -1.952446e-01 -3.783515e-04 9.999999e-01 3.678854e-04 -1.147617e-01 1.058662e-02 -3.638586e-04 9.999438e-01 4.849028e+00
9.999925e-01 2.008433e-04 -3.855079e-03 -2.571221e-01 -2.005352e-04 1.000000e+00 8.029419e-05 -1.338929e-01 3.855087e-03 -7.951977e-05 9.999925e-01 5.713286e+00
9.999789e-01 2.110816e-04 -6.495338e-03 -3.134439e-01 -2.096351e-04 1.000000e+00 2.233762e-04 -1.498421e-01 6.495375e-03 -2.220090e-04 9.999788e-01 6.428586e+00
9.999961e-01 -6.753042e-05 2.797333e-03 -3.643799e-01 6.792973e-05 1.000000e+00 -1.426295e-04 -1.724800e-01 -2.797333e-03 1.428197e-04 9.999960e-01 7.408779e+00
9.998971e-01 5.057356e-04 -1.433394e-02 -4.249021e-01 -4.983655e-04 9.999997e-01 5.177320e-04 -1.944369e-01 1.433419e-02 -5.105344e-04 9.998970e-01 8.356578e+00
9.999993e-01 9.140142e-06 1.172376e-03 -4.862052e-01 -9.024949e-06 1.000000e+00 -9.820098e-05 -2.129434e-01 -1.172389e-03 9.819117e-05 9.999992e-01 9.178324e+00
9.999988e-01 -1.012325e-05 -1.558972e-03 -5.360558e-01 1.026787e-05 1.000000e+00 9.271171e-05 -2.348765e-01 1.558959e-03 -9.272676e-05 9.999987e-01 1.013530e+01
9.999940e-01 -6.563846e-05 3.455974e-03 -5.876425e-01 6.618880e-05 1.000000e+00 -1.591105e-04 -2.517193e-01 -3.455976e-03 1.593391e-04 9.999939e-01 1.088685e+01
9.999916e-01 7.658914e-05 -4.103815e-03 -6.634664e-01 -7.592577e-05 1.000000e+00 1.617867e-04 -2.730809e-01 4.103815e-03 -1.614730e-04 9.999915e-01 1.186516e+01
9.999978e-01 -1.491661e-05 2.098962e-03 -7.337961e-01 1.516966e-05 1.000000e+00 -1.205119e-04 -2.976745e-01 -2.098972e-03 1.205443e-04 9.999977e-01 1.296329e+01
9.998778e-01 5.089540e-04 -1.562745e-02 -8.023282e-01 -5.000727e-04 9.999997e-01 5.722145e-04 -3.149664e-01 1.562772e-02 -5.643288e-04 9.998776e-01 1.370914e+01
9.999905e-01 3.232416e-04 -4.338730e-03 -8.478854e-01 -3.229581e-04 9.999999e-01 6.603394e-05 -3.202702e-01 4.338735e-03 -6.463115e-05 9.999905e-01 1.396113e+01
9.999710e-01 1.711126e-04 -7.607487e-03 -8.954826e-01 -1.690251e-04 9.999999e-01 2.750278e-04 -3.178229e-01 7.607517e-03 -2.737330e-04 9.999709e-01 1.389163e+01
9.998227e-01 9.131733e-04 -1.880525e-02 -9.556840e-01 -9.020607e-04 9.999994e-01 5.994012e-04 -3.146918e-01 1.880577e-02 -5.823304e-04 9.998229e-01 1.381335e+01
9.998509e-01 5.245410e-04 -1.725721e-02 -9.854202e-01 -5.139651e-04 9.999997e-01 6.172585e-04 -3.149892e-01 1.725750e-02 -6.082957e-04 9.998508e-01 1.382269e+01
9.998421e-01 8.655903e-04 -1.775016e-02 -1.048745e+00 -8.556731e-04 9.999995e-01 5.662880e-04 -3.196558e-01 1.775061e-02 -5.510090e-04 9.998422e-01 1.407017e+01
9.999631e-01 -4.998463e-04 8.574065e-03 -1.079903e+00 5.024967e-04 9.999998e-01 -3.069364e-04 -3.307884e-01 -8.573937e-03 3.112348e-04 9.999631e-01 1.454828e+01
9.999134e-01 7.017964e-04 -1.314378e-02 -1.122092e+00 -6.965428e-04 9.999997e-01 4.042626e-04 -3.364564e-01 1.314403e-02 -3.950711e-04 9.999134e-01 1.482154e+01
9.999456e-01 2.335258e-04 -1.042750e-02 -1.150584e+00 -2.297406e-04 9.999999e-01 3.641817e-04 -3.442442e-01 1.042756e-02 -3.617650e-04 9.999455e-01 1.513503e+01
9.999545e-01 5.303699e-04 -9.528931e-03 -1.100380e+00 -5.278345e-04 9.999998e-01 2.685634e-04 -3.547093e-01 9.529040e-03 -2.635201e-04 9.999545e-01 1.541004e+01
9.998112e-01 6.129193e-04 -1.942320e-02 -1.099527e+00 -5.994989e-04 9.999996e-01 6.967499e-04 -3.645189e-01 1.942359e-02 -6.849727e-04 9.998110e-01 1.573767e+01
9.999772e-01 -1.308054e-04 6.752295e-03 -1.114388e+00 1.328263e-04 9.999999e-01 -2.987981e-04 -3.827493e-01 -6.752291e-03 2.996897e-04 9.999771e-01 1.645784e+01
9.999516e-01 2.252169e-04 -9.832828e-03 -1.156333e+00 -2.215984e-04 9.999999e-01 3.690567e-04 -4.027618e-01 9.832875e-03 -3.668585e-04 9.999515e-01 1.730068e+01
9.999621e-01 -1.514875e-04 8.705505e-03 -9.504811e-01 1.550605e-04 9.999999e-01 -4.097212e-04 -4.185494e-01 -8.705478e-03 4.110571e-04 9.999619e-01 1.759516e+01
9.999612e-01 3.286902e-04 -8.804001e-03 -1.190059e+00 -3.254980e-04 9.999999e-01 3.639792e-04 -3.892697e-01 8.804084e-03 -3.610980e-04 9.999611e-01 1.680956e+01
9.999486e-01 -2.375547e-05 1.013835e-02 -2.028761e+00 2.781431e-05 9.999999e-01 -4.001740e-04 -3.258906e-01 -1.013838e-02 4.004369e-04 9.999484e-01 1.552632e+01
9.999605e-01 3.629281e-04 -8.883957e-03 -2.861596e+00 -3.598227e-04 9.999999e-01 3.511229e-04 -2.576032e-01 8.884048e-03 -3.479109e-04 9.999604e-01 1.405398e+01
9.999495e-01 -2.264619e-05 1.004497e-02 -3.650953e+00 2.665338e-05 9.999999e-01 -3.987622e-04 -1.888386e-01 -1.004500e-02 3.990112e-04 9.999494e-01 1.251166e+01
9.999516e-01 3.585184e-04 -9.835643e-03 -4.357596e+00 -3.548627e-04 9.999999e-01 3.733903e-04 -1.345585e-01 9.835740e-03 -3.698805e-04 9.999515e-01 1.138417e+01
9.999567e-01 -1.280559e-04 9.304051e-03 -4.796399e+00 1.314609e-04 9.999999e-01 -3.653324e-04 -1.048087e-01 -9.304039e-03 3.665412e-04 9.999566e-01 1.083601e+01
9.999501e-01 5.620320e-04 -9.976667e-03 -5.504384e+00 -5.585005e-04 9.999998e-01 3.567380e-04 -3.976622e-02 9.976829e-03 -3.511469e-04 9.999501e-01 9.317809e+00
9.999539e-01 -1.366988e-04 9.601661e-03 -6.203036e+00 1.402521e-04 9.999999e-01 -3.693690e-04 2.744228e-02 -9.601646e-03 3.707000e-04 9.999537e-01 7.717319e+00
9.999567e-01 5.594249e-04 -9.288608e-03 -6.997805e+00 -5.562791e-04 9.999998e-01 3.412255e-04 1.014900e-01 9.288761e-03 -3.360423e-04 9.999567e-01 5.992549e+00
9.999552e-01 -1.739837e-04 9.468019e-03 -7.754347e+00 1.774034e-04 9.999999e-01 -3.603081e-04 1.652051e-01 -9.467991e-03 3.619729e-04 9.999550e-01 4.588551e+00
9.999506e-01 5.124251e-04 -9.925321e-03 -8.422914e+00 -5.089005e-04 9.999998e-01 3.576037e-04 2.145854e-01 9.925467e-03 -3.525337e-04 9.999506e-01 3.589211e+00
9.999443e-01 -2.690798e-04 1.055529e-02 -9.110962e+00 2.728449e-04 9.999999e-01 -3.552328e-04 2.598258e-01 -1.055523e-02 3.580943e-04 9.999441e-01 2.795052e+00
9.999540e-01 4.683322e-04 -9.581490e-03 -9.818463e+00 -4.647434e-04 9.999998e-01 3.767553e-04 3.004259e-01 9.581629e-03 -3.722836e-04 9.999539e-01 2.211547e+00
9.999438e-01 -3.804850e-04 1.059909e-02 -1.050241e+01 3.842561e-04 9.999999e-01 -3.537258e-04 3.263988e-01 -1.059899e-02 3.577800e-04 9.999437e-01 2.169327e+00
9.999758e-01 2.196132e-04 -6.959726e-03 -1.074510e+01 -2.174909e-04 9.999999e-01 3.056564e-04 3.178777e-01 6.959758e-03 -3.041339e-04 9.999756e-01 2.894641e+00
9.999558e-01 -3.131707e-04 9.391368e-03 -1.117431e+01 3.161656e-04 9.999999e-01 -3.173899e-04 3.200107e-01 -9.391303e-03 3.203465e-04 9.999558e-01 3.446367e+00
9.999866e-01 2.325224e-04 -5.170172e-03 -1.183910e+01 -2.310455e-04 9.999999e-01 2.862207e-04 3.448597e-01 5.170204e-03 -2.850210e-04 9.999865e-01 3.455264e+00
9.999819e-01 -2.636195e-04 6.005579e-03 -1.212812e+01 2.653206e-04 9.999999e-01 -2.824186e-04 3.395805e-01 -6.005538e-03 2.840083e-04 9.999818e-01 4.097609e+00
9.999809e-01 4.474858e-04 -6.161227e-03 -1.267076e+01 -4.456598e-04 9.999999e-01 2.976891e-04 3.647869e-01 6.161325e-03 -2.949362e-04 9.999809e-01 3.879932e+00
9.999977e-01 1.208601e-05 2.140014e-03 -1.324413e+01 -1.168666e-05 1.000000e+00 -1.864977e-04 4.103075e-01 -2.140051e-03 1.864737e-04 9.999976e-01 2.904604e+00
9.999701e-01 4.869511e-04 -7.721958e-03 -1.377581e+01 -4.842263e-04 9.999998e-01 3.546971e-04 4.528087e-01 7.722094e-03 -3.509460e-04 9.999700e-01 1.987439e+00
9.999889e-01 2.118923e-04 -4.700247e-03 -1.423657e+01 -2.116444e-04 1.000000e+00 5.318237e-05 4.858495e-01 4.700222e-03 -5.218560e-05 9.999889e-01 1.329173e+00
9.999333e-01 5.849691e-04 -1.153553e-02 -1.459117e+01 -5.795102e-04 9.999997e-01 4.765409e-04 5.101296e-01 1.153577e-02 -4.698228e-04 9.999333e-01 8.619126e-01
9.998978e-01 5.289957e-04 -1.428569e-02 -1.482052e+01 -5.235232e-04 9.999998e-01 3.867921e-04 5.244800e-01 1.428586e-02 -3.792722e-04 9.998978e-01 5.970076e-01
9.999317e-01 5.502363e-04 -1.167583e-02 -1.503894e+01 -5.447650e-04 9.999997e-01 4.717502e-04 5.309992e-01 1.167605e-02 -4.653559e-04 9.999316e-01 6.134015e-01
9.998116e-01 6.964181e-04 -1.939863e-02 -1.522104e+01 -6.852806e-04 9.999996e-01 5.807609e-04 5.316535e-01 1.939898e-02 -5.673564e-04 9.998116e-01 7.902352e-01
9.997064e-01 1.043247e-03 -2.420762e-02 -1.535155e+01 -1.021282e-03 9.999991e-01 9.196829e-04 5.289303e-01 2.420851e-02 -8.946884e-04 9.997064e-01 1.051762e+00
9.996273e-01 9.900853e-04 -2.728210e-02 -1.545705e+01 -9.667743e-04 9.999992e-01 8.676034e-04 5.270728e-01 2.728288e-02 -8.409026e-04 9.996273e-01 1.222751e+00
9.996768e-01 1.110183e-03 -2.539928e-02 -1.556316e+01 -1.086050e-03 9.999989e-01 9.638598e-04 5.275345e-01 2.540027e-02 -9.359615e-04 9.996768e-01 1.310276e+00
9.995402e-01 1.102837e-03 -3.030031e-02 -1.569030e+01 -1.073773e-03 9.999989e-01 9.754247e-04 5.270534e-01 3.030129e-02 -9.424386e-04 9.995403e-01 1.462198e+00
9.995405e-01 1.317790e-03 -3.028288e-02 -1.582087e+01 -1.283434e-03 9.999985e-01 1.153864e-03 5.262150e-01 3.028429e-02 -1.114466e-03 9.995406e-01 1.642785e+00
9.995527e-01 1.068593e-03 -2.988795e-02 -1.594479e+01 -1.040701e-03 9.999990e-01 9.487363e-04 5.245836e-01 2.988886e-02 -9.172054e-04 9.995527e-01 1.834734e+00
9.995577e-01 1.299539e-03 -2.970894e-02 -1.606243e+01 -1.266049e-03 9.999985e-01 1.146031e-03 5.233548e-01 2.971031e-02 -1.107909e-03 9.995579e-01 2.005717e+00
9.994893e-01 1.139726e-03 -3.193285e-02 -1.615920e+01 -1.107979e-03 9.999989e-01 1.011828e-03 5.216184e-01 3.193388e-02 -9.759287e-04 9.994894e-01 2.158302e+00
9.995865e-01 1.268898e-03 -2.872589e-02 -1.624956e+01 -1.237309e-03 9.999986e-01 1.117359e-03 5.201710e-01 2.872718e-02 -1.081352e-03 9.995866e-01 2.297656e+00
9.994537e-01 1.170074e-03 -3.302845e-02 -1.634247e+01 -1.136264e-03 9.999988e-01 1.042392e-03 5.185702e-01 3.302954e-02 -1.004291e-03 9.994538e-01 2.440527e+00
9.996383e-01 1.208236e-03 -2.686540e-02 -1.642334e+01 -1.180318e-03 9.999987e-01 1.054991e-03 5.161661e-01 2.686655e-02 -1.022897e-03 9.996384e-01 2.605495e+00
9.996658e-01 8.897100e-04 -2.583365e-02 -1.647349e+01 -8.702074e-04 9.999993e-01 7.661068e-04 5.129273e-01 2.583422e-02 -7.433679e-04 9.996659e-01 2.762251e+00
9.995795e-01 1.276499e-03 -2.896636e-02 -1.652532e+01 -1.243904e-03 9.999986e-01 1.143196e-03 5.084033e-01 2.896769e-02 -1.106682e-03 9.995797e-01 2.961008e+00
9.996512e-01 9.262716e-04 -2.639088e-02 -1.656895e+01 -9.060830e-04 9.999993e-01 7.768685e-04 5.052374e-01 2.639148e-02 -7.526830e-04 9.996513e-01 3.097562e+00
9.997242e-01 1.058127e-03 -2.345887e-02 -1.660956e+01 -1.036211e-03 9.999990e-01 9.462868e-04 5.016731e-01 2.345976e-02 -9.217153e-04 9.997243e-01 3.248623e+00
9.996623e-01 9.002869e-04 -2.596816e-02 -1.665297e+01 -8.808903e-04 9.999993e-01 7.583027e-04 4.972369e-01 2.596873e-02 -7.351694e-04 9.996624e-01 3.430318e+00
9.997470e-01 1.025714e-03 -2.246796e-02 -1.671099e+01 -1.005429e-03 9.999991e-01 9.140233e-04 4.940954e-01 2.246878e-02 -8.912001e-04 9.997471e-01 3.594484e+00
9.999060e-01 4.275776e-04 -1.369848e-02 -1.677351e+01 -4.232561e-04 9.999999e-01 3.182327e-04 4.865628e-01 1.369852e-02 -3.124028e-04 9.999061e-01 3.968560e+00
9.999862e-01 2.943728e-04 -5.227523e-03 -1.681357e+01 -2.927471e-04 9.999999e-01 3.114002e-04 4.721702e-01 5.227514e-03 -3.098635e-04 9.999862e-01 4.573039e+00
9.998448e-01 5.873529e-04 -1.760476e-02 -1.686159e+01 -5.795535e-04 9.999997e-01 4.480213e-04 4.588108e-01 1.760492e-02 -4.377468e-04 9.998449e-01 5.155282e+00
9.994474e-01 -1.056827e-03 3.322198e-02 -1.686963e+01 1.090330e-03 9.999989e-01 -9.902820e-04 4.422397e-01 -3.322100e-02 1.025960e-03 9.994475e-01 5.829355e+00
9.999444e-01 3.381261e-04 -1.053939e-02 -1.688386e+01 -3.356538e-04 9.999999e-01 2.361759e-04 4.211430e-01 1.053937e-02 -2.326231e-04 9.999444e-01 6.724134e+00
9.993863e-01 -1.109697e-03 3.500882e-02 -1.690249e+01 1.147068e-03 9.999988e-01 -1.047331e-03 3.989832e-01 -3.500771e-02 1.086848e-03 9.993864e-01 7.674488e+00
9.999943e-01 1.079031e-04 -3.365121e-03 -1.687319e+01 -1.080094e-04 1.000000e+00 -3.196427e-05 3.791106e-01 3.365019e-03 3.232968e-05 9.999943e-01 8.457813e+00
9.995382e-01 -9.655177e-04 3.037210e-02 -1.687182e+01 9.926592e-04 9.999991e-01 -8.785062e-04 3.575343e-01 -3.037133e-02 9.082519e-04 9.995382e-01 9.351569e+00
9.999510e-01 3.270829e-04 -9.890927e-03 -1.689181e+01 -3.252564e-04 9.999999e-01 1.860968e-04 3.342801e-01 9.890889e-03 -1.828685e-04 9.999510e-01 1.033856e+01
9.995677e-01 -9.310503e-04 2.938416e-02 -1.691234e+01 9.562832e-04 9.999992e-01 -8.446248e-04 3.111482e-01 -2.938345e-02 8.723615e-04 9.995678e-01 1.131725e+01
9.996833e-01 7.952917e-04 -2.515208e-02 -1.698203e+01 -7.768635e-04 9.999994e-01 7.423687e-04 2.889235e-01 2.515256e-02 -7.225917e-04 9.996833e-01 1.233277e+01
9.994938e-01 -9.856683e-04 3.179785e-02 -1.702000e+01 1.016355e-03 9.999990e-01 -9.488559e-04 2.668332e-01 -3.179699e-02 9.806957e-04 9.994938e-01 1.328553e+01
9.998747e-01 5.105327e-04 -1.581842e-02 -1.698964e+01 -5.045000e-04 9.999998e-01 3.852588e-04 2.442126e-01 1.581852e-02 -3.772280e-04 9.998747e-01 1.414861e+01
9.995930e-01 -9.003654e-04 2.851101e-02 -1.700875e+01 9.238784e-04 9.999992e-01 -8.114774e-04 2.216686e-01 -2.851035e-02 8.374901e-04 9.995931e-01 1.509818e+01
9.996447e-01 8.441566e-04 -2.663849e-02 -1.706255e+01 -8.238920e-04 9.999994e-01 7.716356e-04 1.994153e-01 2.663902e-02 -7.494121e-04 9.996448e-01 1.607985e+01
9.996783e-01 -7.893775e-04 2.534866e-02 -1.710900e+01 8.080617e-04 9.999994e-01 -7.267850e-04 1.775681e-01 -2.534817e-02 7.470367e-04 9.996783e-01 1.702393e+01
9.990556e-01 1.492173e-03 -4.342365e-02 -1.718156e+01 -1.433923e-03 9.999980e-01 1.372514e-03 1.616550e-01 4.342552e-02 -1.308949e-03 9.990557e-01 1.773690e+01
9.996524e-01 -8.228431e-04 2.635072e-02 -1.728865e+01 8.427544e-04 9.999994e-01 -7.444605e-04 1.416070e-01 -2.635019e-02 7.664110e-04 9.996524e-01 1.868800e+01
9.979490e-01 2.336307e-03 -6.397073e-02 -1.737700e+01 -2.204827e-03 9.999953e-01 2.125807e-03 1.279776e-01 6.397530e-02 -1.980401e-03 9.979495e-01 1.933709e+01
9.996014e-01 -8.806113e-04 2.821583e-02 -1.745512e+01 9.040037e-04 9.999993e-01 -8.162444e-04 1.168928e-01 -2.821519e-02 8.414284e-04 9.996015e-01 1.985804e+01
9.986298e-01 1.862958e-03 -5.229677e-02 -1.752617e+01 -1.777988e-03 9.999970e-01 1.671219e-03 1.038002e-01 5.229963e-02 -1.575944e-03 9.986301e-01 2.046697e+01
9.998143e-01 -5.414404e-04 1.926229e-02 -1.761424e+01 5.510499e-04 9.999997e-01 -4.934770e-04 9.281662e-02 -1.926211e-02 5.040019e-04 9.998143e-01 2.100015e+01
9.992558e-01 1.295300e-03 -3.854994e-02 -1.768977e+01 -1.251467e-03 9.999985e-01 1.161111e-03 7.827878e-02 3.855129e-02 -1.112001e-03 9.992559e-01 2.167044e+01
9.996173e-01 -8.540681e-04 2.764832e-02 -1.776047e+01 8.758994e-04 9.999993e-01 -7.774383e-04 5.841038e-02 -2.764773e-02 8.013600e-04 9.996174e-01 2.255846e+01
9.994571e-01 1.086853e-03 -3.292698e-02 -1.783451e+01 -1.055801e-03 9.999990e-01 9.603952e-04 3.663266e-02 3.292789e-02 -9.251075e-04 9.994572e-01 2.354034e+01
9.994673e-01 -1.061582e-03 3.261773e-02 -1.788843e+01 1.092381e-03 9.999990e-01 -9.263835e-04 1.501446e-02 -3.261681e-02 9.615230e-04 9.994674e-01 2.449338e+01
9.994971e-01 1.054425e-03 -3.169024e-02 -1.790524e+01 -1.025796e-03 9.999991e-01 9.195962e-04 -4.113125e-03 3.169108e-02 -8.866241e-04 9.994973e-01 2.527885e+01
9.994823e-01 -1.062069e-03 3.215575e-02 -1.796620e+01 1.091410e-03 9.999990e-01 -8.948569e-04 -2.606435e-02 -3.215486e-02 9.294908e-04 9.994824e-01 2.626165e+01
9.994980e-01 1.055860e-03 -3.166204e-02 -1.801326e+01 -1.027207e-03 9.999990e-01 9.211640e-04 -5.016629e-02 3.166288e-02 -8.881762e-04 9.994982e-01 2.731119e+01
9.994835e-01 -1.067918e-03 3.211768e-02 -1.807884e+01 1.097011e-03 9.999990e-01 -8.881615e-04 -7.529113e-02 -3.211680e-02 9.229383e-04 9.994836e-01 2.843674e+01
9.994864e-01 1.076718e-03 -3.202780e-02 -1.812408e+01 -1.047640e-03 9.999990e-01 9.246174e-04 -1.013273e-01 3.202866e-02 -8.905869e-04 9.994865e-01 2.956425e+01
9.994622e-01 -1.087905e-03 3.277341e-02 -1.815290e+01 1.118171e-03 9.999990e-01 -9.051234e-04 -1.256184e-01 -3.277249e-02 9.412849e-04 9.994623e-01 3.059007e+01
9.995700e-01 9.884303e-04 -2.930562e-02 -1.818101e+01 -9.645209e-04 9.999992e-01 8.299277e-04 -1.501685e-01 2.930632e-02 -8.013029e-04 9.995701e-01 3.162783e+01
9.995550e-01 -1.000847e-03 2.981203e-02 -1.822603e+01 1.025461e-03 9.999991e-01 -8.103063e-04 -1.762945e-01 -2.981130e-02 8.405189e-04 9.995551e-01 3.275793e+01
9.995685e-01 9.869575e-04 -2.935434e-02 -1.827737e+01 -9.628260e-04 9.999992e-01 8.361370e-04 -2.039283e-01 2.935504e-02 -8.075112e-04 9.995687e-01 3.396303e+01
9.995481e-01 -1.017141e-03 3.004133e-02 -1.834248e+01 1.041801e-03 9.999991e-01 -8.051634e-04 -2.327607e-01 -3.004058e-02 8.360987e-04 9.995483e-01 3.524473e+01
9.995726e-01 9.828015e-04 -2.921546e-02 -1.841419e+01 -9.588781e-04 9.999992e-01 8.328002e-04 -2.579886e-01 2.921615e-02 -8.044282e-04 9.995727e-01 3.638675e+01
9.995017e-01 -1.048232e-03 3.154586e-02 -1.845508e+01 1.076130e-03 9.999990e-01 -8.673289e-04 -2.822882e-01 -3.154502e-02 9.008462e-04 9.995019e-01 3.743532e+01
9.995660e-01 9.949203e-04 -2.944156e-02 -1.847331e+01 -9.707116e-04 9.999992e-01 8.364834e-04 -3.092241e-01 2.944226e-02 -8.075391e-04 9.995661e-01 3.855346e+01
9.995080e-01 -1.048084e-03 3.134552e-02 -1.849894e+01 1.075430e-03 9.999991e-01 -8.554922e-04 -3.367754e-01 -3.134470e-02 8.887833e-04 9.995082e-01 3.971099e+01
9.995198e-01 1.048519e-03 -3.096816e-02 -1.852452e+01 -1.021922e-03 9.999991e-01 8.745871e-04 -3.658722e-01 3.096895e-02 -8.425181e-04 9.995199e-01 4.093035e+01
9.994571e-01 -1.105710e-03 3.292811e-02 -1.856487e+01 1.135344e-03 9.999990e-01 -8.812341e-04 -3.932133e-01 -3.292720e-02 9.181425e-04 9.994573e-01 4.210556e+01
9.996434e-01 9.219570e-04 -2.668632e-02 -1.858966e+01 -9.032999e-04 9.999993e-01 7.111034e-04 -4.204375e-01 2.668686e-02 -6.867420e-04 9.996435e-01 4.325264e+01
9.995903e-01 -9.865385e-04 2.860522e-02 -1.863542e+01 1.007910e-03 9.999992e-01 -7.326334e-04 -4.462884e-01 -2.860457e-02 7.611668e-04 9.995905e-01 4.437468e+01
9.996093e-01 9.617624e-04 -2.793215e-02 -1.867967e+01 -9.411459e-04 9.999993e-01 7.511647e-04 -4.747078e-01 2.793276e-02 -7.245810e-04 9.996095e-01 4.560057e+01
9.994824e-01 -1.086806e-03 3.215095e-02 -1.871607e+01 1.114575e-03 9.999990e-01 -8.457383e-04 -5.010756e-01 -3.215009e-02 8.811373e-04 9.994826e-01 4.672896e+01
9.996088e-01 9.612760e-04 -2.795022e-02 -1.875841e+01 -9.407090e-04 9.999993e-01 7.489200e-04 -5.275750e-01 2.795082e-02 -7.223320e-04 9.996090e-01 4.787215e+01
9.994691e-01 -1.106355e-03 3.256182e-02 -1.881202e+01 1.134568e-03 9.999990e-01 -8.479116e-04 -5.540536e-01 -3.256095e-02 8.844071e-04 9.994693e-01 4.903717e+01
9.994921e-01 1.083486e-03 -3.184799e-02 -1.887224e+01 -1.056149e-03 9.999991e-01 8.751045e-04 -5.796437e-01 3.184881e-02 -8.410218e-04 9.994923e-01 5.017262e+01
9.993037e-01 -1.237418e-03 3.728861e-02 -1.891523e+01 1.275629e-03 9.999987e-01 -1.000914e-03 -6.067042e-01 -3.728742e-02 1.047785e-03 9.993040e-01 5.134285e+01
9.997094e-01 8.438946e-04 -2.408865e-02 -1.892010e+01 -8.303094e-04 9.999995e-01 5.738924e-04 -6.339988e-01 2.408902e-02 -5.537225e-04 9.997096e-01 5.246623e+01
9.996737e-01 -9.008287e-04 2.552731e-02 -1.896622e+01 9.159088e-04 9.999994e-01 -5.789844e-04 -6.602939e-01 -2.552687e-02 6.021783e-04 9.996739e-01 5.360848e+01
9.996849e-01 8.770769e-04 -2.508378e-02 -1.902061e+01 -8.623036e-04 9.999994e-01 5.996979e-04 -6.878461e-01 2.508419e-02 -5.778771e-04 9.996851e-01 5.481579e+01
9.996290e-01 -9.497986e-04 2.721864e-02 -1.906507e+01 9.671403e-04 9.999993e-01 -6.238989e-04 -7.142560e-01 -2.721813e-02 6.499938e-04 9.996293e-01 5.595980e+01
9.996754e-01 8.855463e-04 -2.546094e-02 -1.910873e+01 -8.701832e-04 9.999994e-01 6.144034e-04 -7.427984e-01 2.546137e-02 -5.920462e-04 9.996756e-01 5.719274e+01
9.996471e-01 -9.266955e-04 2.654752e-02 -1.914635e+01 9.432185e-04 9.999994e-01 -6.098083e-04 -7.696644e-01 -2.654704e-02 6.346353e-04 9.996473e-01 5.834256e+01
9.996664e-01 8.912640e-04 -2.581207e-02 -1.920660e+01 -8.752626e-04 9.999994e-01 6.311400e-04 -7.979681e-01 2.581252e-02 -6.083350e-04 9.996666e-01 5.959273e+01
9.996056e-01 -9.636086e-04 2.806485e-02 -1.924545e+01 9.826656e-04 9.999993e-01 -6.651859e-04 -8.238683e-01 -2.806429e-02 6.925040e-04 9.996058e-01 6.070477e+01
9.996269e-01 9.380919e-04 -2.729641e-02 -1.927238e+01 -9.199840e-04 9.999993e-01 6.758663e-04 -8.526587e-01 2.729692e-02 -6.504998e-04 9.996271e-01 6.191560e+01
9.996093e-01 -9.566876e-04 2.793231e-02 -1.928752e+01 9.756105e-04 9.999993e-01 -6.637678e-04 -8.831685e-01 -2.793175e-02 6.907617e-04 9.996095e-01 6.317781e+01
9.996493e-01 9.152731e-04 -2.646533e-02 -1.929676e+01 -8.983019e-04 9.999994e-01 6.530738e-04 -9.138528e-01 2.646582e-02 -6.290688e-04 9.996495e-01 6.443788e+01
9.992615e-01 -1.240150e-03 3.840262e-02 -1.926448e+01 1.281605e-03 9.999986e-01 -1.054830e-03 -9.432380e-01 -3.840136e-02 1.103270e-03 9.992617e-01 6.557991e+01
9.997805e-01 7.202002e-04 -2.093636e-02 -1.923698e+01 -7.105460e-04 9.999996e-01 4.684756e-04 -9.716255e-01 2.093659e-02 -4.534945e-04 9.997806e-01 6.669549e+01
9.993919e-01 -1.122326e-03 3.484962e-02 -1.920817e+01 1.155715e-03 9.999989e-01 -9.379220e-04 -1.001492e+00 -3.484862e-02 9.776300e-04 9.993921e-01 6.786845e+01
9.997401e-01 7.688423e-04 -2.278101e-02 -1.920734e+01 -7.566304e-04 9.999996e-01 5.445941e-04 -1.031085e+00 2.278132e-02 -5.272137e-04 9.997403e-01 6.907799e+01
9.995599e-01 -9.758304e-04 2.964599e-02 -1.922860e+01 9.983460e-04 9.999992e-01 -7.446309e-04 -1.060536e+00 -2.964534e-02 7.739024e-04 9.995601e-01 7.031414e+01
9.997729e-01 7.316680e-04 -2.129743e-02 -1.922225e+01 -7.215917e-04 9.999996e-01 4.807263e-04 -1.091490e+00 2.129768e-02 -4.652470e-04 9.997730e-01 7.156532e+01
9.995719e-01 -9.514912e-04 2.924180e-02 -1.917142e+01 9.736696e-04 9.999992e-01 -7.441571e-04 -1.123364e+00 -2.924117e-02 7.723125e-04 9.995720e-01 7.277701e+01
9.997248e-01 7.829355e-04 -2.344558e-02 -1.915934e+01 -7.697626e-04 9.999995e-01 5.707983e-04 -1.153811e+00 2.344591e-02 -5.525916e-04 9.997249e-01 7.399643e+01
9.996853e-01 -8.338489e-04 2.507134e-02 -1.917683e+01 8.490205e-04 9.999995e-01 -5.944291e-04 -1.182796e+00 -2.507093e-02 6.155303e-04 9.996854e-01 7.520062e+01
9.997080e-01 7.954891e-04 -2.415106e-02 -1.921753e+01 -7.811546e-04 9.999995e-01 6.028924e-04 -1.210061e+00 2.415143e-02 -5.838486e-04 9.997081e-01 7.637333e+01
9.995985e-01 -9.327736e-04 2.831621e-02 -1.926180e+01 9.527832e-04 9.999993e-01 -6.931027e-04 -1.235607e+00 -2.831564e-02 7.198059e-04 9.995987e-01 7.748474e+01
9.997791e-01 6.991329e-04 -2.100600e-02 -1.930959e+01 -6.890915e-04 9.999996e-01 4.851791e-04 -1.264246e+00 2.100624e-02 -4.705947e-04 9.997792e-01 7.873351e+01
9.996590e-01 -8.796080e-04 2.609646e-02 -1.938927e+01 8.954577e-04 9.999994e-01 -5.956033e-04 -1.293776e+00 -2.609601e-02 6.187707e-04 9.996592e-01 8.007478e+01
9.997763e-01 7.047752e-04 -2.113671e-02 -1.945864e+01 -6.944983e-04 9.999996e-01 4.934678e-04 -1.323053e+00 2.113696e-02 -4.786759e-04 9.997764e-01 8.138802e+01
9.997431e-01 -7.833468e-04 2.265029e-02 -1.952948e+01 7.945512e-04 9.999996e-01 -4.855988e-04 -1.352254e+00 -2.265000e-02 5.034730e-04 9.997433e-01 8.269766e+01
9.997600e-01 7.352366e-04 -2.189439e-02 -1.959886e+01 -7.243183e-04 9.999996e-01 5.065325e-04 -1.384071e+00 2.189466e-02 -4.905503e-04 9.997601e-01 8.411235e+01
9.997415e-01 -7.804098e-04 2.271899e-02 -1.965830e+01 7.918321e-04 9.999996e-01 -4.936979e-04 -1.413694e+00 -2.271869e-02 5.115622e-04 9.997417e-01 8.541652e+01
9.997662e-01 7.282397e-04 -2.161099e-02 -1.971946e+01 -7.175126e-04 9.999996e-01 5.040447e-04 -1.440368e+00 2.161125e-02 -4.884185e-04 9.997663e-01 8.660191e+01
9.997454e-01 -7.880246e-04 2.254817e-02 -1.980656e+01 7.990922e-04 9.999996e-01 -4.817593e-04 -1.468959e+00 -2.254788e-02 4.996569e-04 9.997456e-01 8.791375e+01
9.997648e-01 7.287850e-04 -2.167374e-02 -1.990375e+01 -7.179497e-04 9.999996e-01 5.076275e-04 -1.497158e+00 2.167400e-02 -4.919453e-04 9.997649e-01 8.922650e+01
9.997450e-01 -7.894061e-04 2.256642e-02 -2.000705e+01 8.004793e-04 9.999996e-01 -4.815882e-04 -1.523939e+00 -2.256613e-02 4.995315e-04 9.997452e-01 9.049068e+01
9.997698e-01 7.218178e-04 -2.144422e-02 -2.011227e+01 -7.112454e-04 9.999996e-01 5.005637e-04 -1.549233e+00 2.144447e-02 -4.851942e-04 9.997699e-01 9.169581e+01
9.997415e-01 -7.815592e-04 2.272172e-02 -2.019728e+01 7.931777e-04 9.999996e-01 -5.022539e-04 -1.571887e+00 -2.272141e-02 5.201487e-04 9.997416e-01 9.275297e+01
9.997657e-01 7.280760e-04 -2.162979e-02 -2.027874e+01 -7.173562e-04 9.999996e-01 5.032824e-04 -1.592264e+00 2.163005e-02 -4.876461e-04 9.997659e-01 9.370891e+01
9.997167e-01 -8.105297e-04 2.378583e-02 -2.042559e+01 8.233189e-04 9.999995e-01 -5.278190e-04 -1.609254e+00 -2.378548e-02 5.472550e-04 9.997169e-01 9.462384e+01
9.997456e-01 7.761499e-04 -2.254174e-02 -2.055901e+01 -7.646780e-04 9.999996e-01 5.174632e-04 -1.624505e+00 2.254203e-02 -5.000922e-04 9.997457e-01 9.543636e+01
9.997212e-01 -8.242338e-04 2.359467e-02 -2.068504e+01 8.366642e-04 9.999995e-01 -5.168885e-04 -1.642470e+00 -2.359433e-02 5.364875e-04 9.997214e-01 9.635713e+01
9.997430e-01 7.953321e-04 -2.265394e-02 -2.085433e+01 -7.836631e-04 9.999996e-01 5.238970e-04 -1.656325e+00 2.265425e-02 -5.060072e-04 9.997432e-01 9.716677e+01
9.997243e-01 -8.040730e-04 2.346532e-02 -2.112887e+01 8.163340e-04 9.999995e-01 -5.128668e-04 -1.662457e+00 -2.346499e-02 5.318832e-04 9.997245e-01 9.780413e+01
9.997428e-01 7.548738e-04 -2.266408e-02 -2.122412e+01 -7.429470e-04 9.999996e-01 5.345881e-04 -1.684904e+00 2.266438e-02 -5.176103e-04 9.997429e-01 9.887179e+01
9.996935e-01 -8.411711e-04 2.474166e-02 -2.131515e+01 8.551933e-04 9.999995e-01 -5.560988e-04 -1.707481e+00 -2.474127e-02 5.770895e-04 9.996937e-01 9.993730e+01
9.997122e-01 8.345682e-04 -2.397246e-02 -2.150420e+01 -8.212713e-04 9.999995e-01 5.644445e-04 -1.719869e+00 2.397282e-02 -5.445920e-04 9.997124e-01 1.007112e+02
9.996621e-01 -8.703152e-04 2.597656e-02 -2.169959e+01 8.864351e-04 9.999994e-01 -6.089813e-04 -1.727114e+00 -2.597611e-02 6.318043e-04 9.996623e-01 1.012789e+02
9.997363e-01 7.699337e-04 -2.295015e-02 -2.177012e+01 -7.581339e-04 9.999996e-01 5.227772e-04 -1.745655e+00 2.295045e-02 -5.052379e-04 9.997364e-01 1.021345e+02
9.996743e-01 -8.644722e-04 2.550525e-02 -2.186718e+01 8.792966e-04 9.999995e-01 -5.699493e-04 -1.765946e+00 -2.550484e-02 5.921926e-04 9.996745e-01 1.031126e+02
9.998603e-01 5.793862e-04 -1.670356e-02 -2.194032e+01 -5.745625e-04 9.999998e-01 2.934844e-04 -1.787598e+00 1.670363e-02 -2.838440e-04 9.998604e-01 1.041124e+02
9.996662e-01 -8.926046e-04 2.581856e-02 -2.205243e+01 9.071338e-04 9.999994e-01 -5.509695e-04 -1.806705e+00 -2.581815e-02 5.742087e-04 9.996664e-01 1.050728e+02
9.999754e-01 2.881046e-04 -7.001104e-03 -2.207590e+01 -2.886595e-04 1.000000e+00 -7.847265e-05 -1.829377e+00 7.000986e-03 8.049388e-05 9.999754e-01 1.060394e+02
9.998009e-01 -7.359644e-04 1.994068e-02 -2.216671e+01 7.425611e-04 9.999997e-01 -3.233308e-04 -1.843798e+00 -1.994053e-02 3.380758e-04 9.998010e-01 1.067725e+02
9.999859e-01 2.448261e-04 -5.298313e-03 -2.222682e+01 -2.456048e-04 1.000000e+00 -1.466285e-04 -1.863020e+00 5.298183e-03 1.479300e-04 9.999859e-01 1.076561e+02
9.998099e-01 -7.052563e-04 1.948091e-02 -2.226108e+01 7.116020e-04 9.999997e-01 -3.187267e-04 -1.885542e+00 -1.948078e-02 3.325310e-04 9.998101e-01 1.086359e+02
9.999542e-01 3.599282e-04 -9.559252e-03 -2.237686e+01 -3.596481e-04 9.999999e-01 3.086255e-05 -1.903322e+00 9.559170e-03 -2.742094e-05 9.999542e-01 1.095465e+02
9.998619e-01 -6.090691e-04 1.660261e-02 -2.246896e+01 6.130177e-04 9.999998e-01 -2.326503e-04 -1.927247e+00 -1.660255e-02 2.427982e-04 9.998621e-01 1.106759e+02
9.999257e-01 4.374376e-04 -1.217597e-02 -2.256893e+01 -4.358575e-04 9.999999e-01 1.322961e-04 -1.952469e+00 1.217593e-02 -1.269771e-04 9.999258e-01 1.118716e+02
9.998550e-01 -6.282394e-04 1.701314e-02 -2.268746e+01 6.324365e-04 9.999998e-01 -2.412246e-04 -1.974558e+00 -1.701307e-02 2.519517e-04 9.998552e-01 1.129698e+02
9.999955e-01 -4.267439e-05 2.993083e-03 -2.280537e+01 4.386418e-05 9.999999e-01 -3.969435e-04 -1.990652e+00 -2.993157e-03 3.970753e-04 9.999954e-01 1.138239e+02
9.998953e-01 -5.351202e-04 1.445503e-02 -2.289689e+01 5.374899e-04 9.999998e-01 -1.599472e-04 -2.011113e+00 -1.445503e-02 1.677021e-04 9.998954e-01 1.148153e+02
9.999922e-01 -7.765613e-05 3.937083e-03 -2.299048e+01 7.935485e-05 9.999999e-01 -4.309417e-04 -2.031270e+00 -3.937140e-03 4.312531e-04 9.999921e-01 1.157988e+02
9.999594e-01 -3.679055e-04 9.004112e-03 -2.310364e+01 3.675604e-04 9.999999e-01 4.014084e-05 -2.052504e+00 -9.004215e-03 -3.682739e-05 9.999594e-01 1.168605e+02
9.999661e-01 -2.237456e-04 8.224354e-03 -2.325421e+01 2.284590e-04 9.999998e-01 -5.719909e-04 -2.068387e+00 -8.224313e-03 5.738527e-04 9.999659e-01 1.177557e+02
9.999638e-01 -3.347354e-04 8.502091e-03 -2.334908e+01 3.344365e-04 9.999999e-01 3.674175e-05 -2.086756e+00 -8.502190e-03 -3.389475e-05 9.999638e-01 1.186632e+02
9.999859e-01 -1.374953e-04 5.298675e-03 -2.344950e+01 1.399831e-04 9.999999e-01 -4.688958e-04 -2.106153e+00 -5.298697e-03 4.696332e-04 9.999858e-01 1.196229e+02
9.999294e-01 -4.332780e-04 1.187595e-02 -2.353789e+01 4.343799e-04 9.999999e-01 -9.009310e-05 -2.123389e+00 -1.187599e-02 9.524766e-05 9.999294e-01 1.204715e+02
9.999822e-01 -1.649537e-04 5.955190e-03 -2.363050e+01 1.678679e-04 9.999999e-01 -4.886485e-04 -2.140706e+00 -5.955194e-03 4.896417e-04 9.999821e-01 1.213308e+02
9.999328e-01 -4.221591e-04 1.158285e-02 -2.374262e+01 4.230119e-04 9.999999e-01 -7.106156e-05 -2.156498e+00 -1.158290e-02 7.595871e-05 9.999328e-01 1.221595e+02
9.999996e-01 -2.913014e-06 9.180636e-04 -2.380468e+01 3.218212e-06 9.999999e-01 -3.310792e-04 -2.177944e+00 -9.181465e-04 3.310842e-04 9.999994e-01 1.231423e+02
9.999267e-01 -4.490263e-04 1.209796e-02 -2.391881e+01 4.499834e-04 9.999999e-01 -7.629063e-05 -2.192211e+00 -1.209801e-02 8.173116e-05 9.999267e-01 1.239040e+02
9.999907e-01 -1.189953e-04 4.297425e-03 -2.408072e+01 1.208604e-04 9.999999e-01 -4.334569e-04 -2.203525e+00 -4.297455e-03 4.339745e-04 9.999906e-01 1.246215e+02
9.998973e-01 -5.106645e-04 1.432152e-02 -2.427746e+01 5.127903e-04 9.999999e-01 -1.446804e-04 -2.211485e+00 -1.432152e-02 1.520117e-04 9.998974e-01 1.252543e+02
9.999961e-01 -6.931018e-05 2.785162e-03 -2.451553e+01 7.036971e-05 9.999999e-01 -3.799132e-04 -2.215548e+00 -2.785215e-03 3.801099e-04 9.999960e-01 1.257833e+02
9.998799e-01 -5.381558e-04 1.548944e-02 -2.472049e+01 5.412340e-04 9.999998e-01 -1.944665e-04 -2.217301e+00 -1.548942e-02 2.028288e-04 9.998799e-01 1.261647e+02
9.999897e-01 1.724727e-04 -4.541228e-03 -2.494791e+01 -1.730569e-04 1.000000e+00 -1.284864e-04 -2.221391e+00 4.541127e-03 1.292731e-04 9.999896e-01 1.266684e+02
9.998220e-01 -6.419000e-04 1.885367e-02 -2.531124e+01 6.469887e-04 9.999998e-01 -2.637501e-04 -2.214016e+00 -1.885358e-02 2.759035e-04 9.998221e-01 1.269211e+02
9.999966e-01 -1.675396e-05 2.609426e-03 -2.566511e+01 1.773752e-05 9.999999e-01 -3.765078e-04 -2.199042e+00 -2.609495e-03 3.765549e-04 9.999964e-01 1.268733e+02
9.998608e-01 -5.749250e-04 1.667631e-02 -2.590876e+01 5.785434e-04 9.999998e-01 -2.120969e-04 -2.187517e+00 -1.667626e-02 2.217175e-04 9.998608e-01 1.267905e+02
9.999990e-01 3.109721e-05 1.401956e-03 -2.597986e+01 -3.056764e-05 9.999999e-01 -3.770673e-04 -2.176314e+00 -1.402041e-03 3.770262e-04 9.999989e-01 1.264788e+02
9.997921e-01 -6.890466e-04 2.037830e-02 -2.624371e+01 6.950654e-04 9.999997e-01 -2.882274e-04 -2.163869e+00 -2.037817e-02 3.023338e-04 9.997922e-01 1.263914e+02
9.999995e-01 3.780363e-05 -9.626123e-04 -2.637736e+01 -3.812364e-05 9.999999e-01 -3.333430e-04 -2.174560e+00 9.625288e-04 3.333816e-04 9.999994e-01 1.270402e+02
9.995589e-01 -9.803191e-04 2.968077e-02 -2.644054e+01 9.981569e-04 9.999993e-01 -5.861497e-04 -2.177774e+00 -2.968024e-02 6.155193e-04 9.995592e-01 1.272920e+02
1.000000e+00 7.297268e-05 -3.471918e-05 -2.648462e+01 -7.298543e-05 9.999999e-01 -3.901532e-04 -2.167496e+00 3.462413e-05 3.901577e-04 9.999998e-01 1.269907e+02
9.995636e-01 -9.789200e-04 2.952337e-02 -2.647472e+01 9.963659e-04 9.999993e-01 -5.761867e-04 -2.158059e+00 -2.952285e-02 6.053534e-04 9.995638e-01 1.266513e+02
9.999890e-01 -7.867730e-05 4.696562e-03 -2.658239e+01 8.119958e-05 9.999999e-01 -5.367117e-04 -2.146839e+00 -4.696581e-03 5.370891e-04 9.999887e-01 1.264063e+02
9.995618e-01 -9.737395e-04 2.958498e-02 -2.669963e+01 9.912545e-04 9.999993e-01 -5.773405e-04 -2.136607e+00 -2.958446e-02 6.064156e-04 9.995620e-01 1.262085e+02
9.999656e-01 -2.127745e-04 8.285250e-03 -2.678288e+01 2.183192e-04 9.999998e-01 -6.682602e-04 -2.128368e+00 -8.285161e-03 6.700478e-04 9.999654e-01 1.260447e+02
9.995237e-01 -1.014016e-03 3.084511e-02 -2.687094e+01 1.033305e-03 9.999993e-01 -6.094055e-04 -2.121138e+00 -3.084452e-02 6.409894e-04 9.995239e-01 1.259291e+02
9.999818e-01 -1.541094e-04 6.036984e-03 -2.695886e+01 1.576752e-04 9.999998e-01 -5.901178e-04 -2.113226e+00 -6.036941e-03 5.910605e-04 9.999815e-01 1.257845e+02
9.997347e-01 -7.638342e-04 2.301881e-02 -2.692083e+01 7.725723e-04 9.999996e-01 -3.706974e-04 -2.107848e+00 -2.301856e-02 3.883843e-04 9.997349e-01 1.255585e+02
9.999775e-01 -1.906779e-04 6.702180e-03 -2.672297e+01 1.949015e-04 9.999998e-01 -6.294762e-04 -2.106896e+00 -6.702102e-03 6.307698e-04 9.999772e-01 1.253002e+02
9.997442e-01 -7.351356e-04 2.260473e-02 -2.662896e+01 7.433466e-04 9.999997e-01 -3.548261e-04 -2.106734e+00 -2.260450e-02 3.715400e-04 9.997443e-01 1.252000e+02
9.999775e-01 -2.329559e-04 6.703391e-03 -2.665168e+01 2.370743e-04 9.999998e-01 -6.135347e-04 -2.113701e+00 -6.703286e-03 6.151114e-04 9.999772e-01 1.255399e+02
9.997752e-01 -6.739208e-04 2.119319e-02 -2.660157e+01 6.808642e-04 9.999997e-01 -3.203951e-04 -2.119083e+00 -2.119300e-02 3.347541e-04 9.997753e-01 1.257064e+02
9.999684e-01 -2.653930e-04 7.950003e-03 -2.651514e+01 2.707533e-04 9.999997e-01 -6.731623e-04 -2.121678e+00 -7.949856e-03 6.752947e-04 9.999681e-01 1.257163e+02
9.998425e-01 -5.660287e-04 1.773763e-02 -2.653079e+01 5.693705e-04 9.999998e-01 -1.833426e-04 -2.125827e+00 -1.773756e-02 1.934142e-04 9.998426e-01 1.259244e+02
9.999897e-01 -1.452611e-04 4.546090e-03 -2.651196e+01 1.478470e-04 9.999998e-01 -5.684406e-04 -2.124063e+00 -4.546036e-03 5.691079e-04 9.999894e-01 1.258459e+02
9.998433e-01 -5.543640e-04 1.769293e-02 -2.641901e+01 5.579538e-04 9.999998e-01 -1.979475e-04 -2.125057e+00 -1.769285e-02 2.077893e-04 9.998433e-01 1.257775e+02
9.999802e-01 -2.116540e-04 6.293120e-03 -2.646604e+01 2.154246e-04 9.999998e-01 -5.984733e-04 -2.121542e+00 -6.293016e-03 5.998181e-04 9.999799e-01 1.257318e+02
9.998416e-01 -5.428580e-04 1.778913e-02 -2.650891e+01 5.467630e-04 9.999998e-01 -2.146451e-04 -2.118983e+00 -1.778903e-02 2.243384e-04 9.998416e-01 1.257090e+02
9.999905e-01 -1.627917e-04 4.367003e-03 -2.645784e+01 1.651666e-04 9.999998e-01 -5.434466e-04 -2.119357e+00 -4.366934e-03 5.441635e-04 9.999902e-01 1.256729e+02
9.997145e-01 -7.278240e-04 2.388128e-02 -2.659262e+01 7.374545e-04 9.999997e-01 -3.944589e-04 -2.119518e+00 -2.388100e-02 4.119584e-04 9.997146e-01 1.258941e+02
9.999871e-01 1.012123e-04 -5.077251e-03 -2.660307e+01 -1.025531e-04 1.000000e+00 -2.638284e-04 -2.131580e+00 5.077209e-03 2.643463e-04 9.999870e-01 1.263978e+02
9.999099e-01 -3.708715e-04 1.341912e-02 -2.659697e+01 3.715054e-04 9.999999e-01 -4.474087e-05 -2.137302e+00 -1.341912e-02 4.972275e-05 9.999099e-01 1.266100e+02
9.999854e-01 -2.159831e-04 5.397664e-03 -2.654064e+01 2.193111e-04 9.999998e-01 -6.159793e-04 -2.136288e+00 -5.397542e-03 6.171546e-04 9.999851e-01 1.265043e+02
9.999545e-01 -2.410638e-04 9.540150e-03 -2.643506e+01 2.403769e-04 1.000000e+00 7.315502e-05 -2.141970e+00 -9.540179e-03 -7.085793e-05 9.999544e-01 1.265825e+02
9.999876e-01 -2.346021e-04 4.972756e-03 -2.639316e+01 2.376228e-04 9.999998e-01 -6.068611e-04 -2.156864e+00 -4.972623e-03 6.080357e-04 9.999874e-01 1.271151e+02
9.999016e-01 -3.834589e-04 1.402307e-02 -2.643458e+01 3.843741e-04 9.999999e-01 -6.257100e-05 -2.164817e+00 -1.402306e-02 6.795536e-05 9.999016e-01 1.274902e+02
9.999509e-01 -3.790018e-04 9.903703e-03 -2.651996e+01 3.865099e-04 9.999996e-01 -7.561973e-04 -2.166773e+00 -9.903418e-03 7.599883e-04 9.999506e-01 1.276964e+02
9.999839e-01 -9.529303e-05 5.677395e-03 -2.657750e+01 9.419797e-05 1.000000e+00 1.931515e-04 -2.170522e+00 -5.677418e-03 -1.926133e-04 9.999838e-01 1.279169e+02
1.000000e+00 -5.984318e-05 -1.202480e-04 -2.624465e+01 5.979211e-05 9.999999e-01 -4.247924e-04 -2.180131e+00 1.202700e-04 4.247855e-04 9.999998e-01 1.278251e+02
9.999673e-01 -1.565860e-04 8.090018e-03 -2.579311e+01 1.557927e-04 1.000000e+00 9.869075e-05 -2.191211e+00 -8.090036e-03 -9.742693e-05 9.999672e-01 1.276484e+02
9.998517e-01 5.399745e-04 -1.721555e-02 -2.532474e+01 -5.371137e-04 9.999998e-01 1.707984e-04 -2.205262e+00 1.721563e-02 -1.615261e-04 9.998517e-01 1.275157e+02
9.999999e-01 1.462729e-04 -3.417850e-04 -2.491733e+01 -1.461351e-04 9.999999e-01 4.029390e-04 -2.221094e+00 3.418386e-04 -4.028888e-04 9.999998e-01 1.275132e+02
9.998468e-01 5.699413e-04 -1.749182e-02 -2.445105e+01 -5.669338e-04 9.999998e-01 1.768937e-04 -2.238891e+00 1.749191e-02 -1.669495e-04 9.998469e-01 1.275081e+02
9.999872e-01 3.132468e-04 -5.049231e-03 -2.407093e+01 -3.103612e-04 9.999998e-01 5.722537e-04 -2.255554e+00 5.049400e-03 -5.706788e-04 9.999870e-01 1.275752e+02
9.997394e-01 7.813592e-04 -2.281440e-02 -2.372127e+01 -7.732501e-04 9.999996e-01 3.642555e-04 -2.269870e+00 2.281466e-02 -3.465188e-04 9.997396e-01 1.275997e+02
9.999972e-01 3.232039e-05 2.366467e-03 -2.333834e+01 -3.305452e-05 1.000000e+00 3.102071e-04 -2.283396e+00 -2.366471e-03 -3.102839e-04 9.999971e-01 1.275550e+02
9.996059e-01 9.877388e-04 -2.805645e-02 -2.306233e+01 -9.727352e-04 9.999994e-01 5.484073e-04 -2.297016e+00 2.805696e-02 -5.208990e-04 9.996061e-01 1.276528e+02
9.999417e-01 -3.039466e-04 1.078906e-02 -2.273412e+01 3.037795e-04 1.000000e+00 1.713203e-05 -2.314272e+00 -1.078908e-02 -1.385284e-05 9.999417e-01 1.278064e+02
9.998313e-01 6.326541e-04 -1.835451e-02 -2.244061e+01 -6.293839e-04 9.999998e-01 1.839392e-04 -2.332148e+00 1.835460e-02 -1.723554e-04 9.998314e-01 1.280340e+02
9.998675e-01 -5.007489e-04 1.627315e-02 -2.210275e+01 5.036107e-04 9.999999e-01 -1.717574e-04 -2.353272e+00 -1.627308e-02 1.799307e-04 9.998675e-01 1.283255e+02
9.997764e-01 7.242052e-04 -2.113526e-02 -2.176794e+01 -7.184281e-04 9.999997e-01 2.809282e-04 -2.373431e+00 2.113544e-02 -2.656805e-04 9.997765e-01 1.285740e+02
9.999774e-01 -1.594180e-04 6.725529e-03 -2.147786e+01 1.582650e-04 1.000000e+00 1.719770e-04 -2.390518e+00 -6.725577e-03 -1.709079e-04 9.999773e-01 1.287696e+02
9.995309e-01 1.094937e-03 -3.060846e-02 -2.147926e+01 -1.076011e-03 9.999992e-01 6.348050e-04 -2.405364e+00 3.060911e-02 -6.015713e-04 9.995312e-01 1.293247e+02
9.998748e-01 -5.221176e-04 1.581568e-02 -2.149948e+01 5.244291e-04 9.999999e-01 -1.419997e-04 -2.422961e+00 -1.581562e-02 1.502769e-04 9.998748e-01 1.300302e+02
9.996263e-01 9.686655e-04 -2.731938e-02 -2.150537e+01 -9.549293e-04 9.999994e-01 5.158397e-04 -2.440954e+00 2.731984e-02 -4.895580e-04 9.996265e-01 1.307231e+02
9.999942e-01 -3.421568e-05 3.399373e-03 -2.135732e+01 3.329212e-05 1.000000e+00 2.717871e-04 -2.456323e+00 -3.399411e-03 -2.716714e-04 9.999941e-01 1.310747e+02
9.997150e-01 8.481540e-04 -2.385894e-02 -2.130702e+01 -8.388553e-04 9.999996e-01 3.997370e-04 -2.472627e+00 2.385924e-02 -3.796079e-04 9.997152e-01 1.316019e+02
