9.994699e-01 -1.026285e-03 3.254048e-02 3.915577e-02 1.064275e-03 9.999988e-01 -1.150168e-03 -1.729914e-02 -3.253926e-02 1.184191e-03 9.994697e-01 6.620699e-01
9.999454e-01 3.561561e-04 -1.044817e-02 5.081857e-02 -3.525727e-04 9.999999e-01 3.448078e-04 -3.341012e-02 1.044829e-02 -3.411050e-04 9.999453e-01 1.297380e+00
9.994219e-01 -1.074220e-03 3.398078e-02 5.987987e-02 1.115179e-03 9.999987e-01 -1.186415e-03 -5.147069e-02 -3.397945e-02 1.223624e-03 9.994217e-01 2.019957e+00
9.999996e-01 -2.485610e-05 8.961158e-04 1.064609e-01 2.489129e-05 1.000000e+00 -3.923658e-05 -6.992749e-02 -8.961035e-04 3.925893e-05 9.999995e-01 2.720008e+00
9.990805e-01 -1.347469e-03 4.285298e-02 1.756776e-01 1.411578e-03 9.999979e-01 -1.465814e-03 -8.982504e-02 -4.285090e-02 1.524956e-03 9.990802e-01 3.455251e+00
9.999988e-01 5.391393e-05 -1.535226e-03 2.387434e-01 -5.384246e-05 1.000000e+00 4.656656e-05 -1.088082e-01 1.535248e-03 -4.648410e-05 9.999987e-01 4.159233e+00
9.988133e-01 -1.555327e-03 4.867727e-02 3.080118e-01 1.637145e-03 9.999973e-01 -1.641006e-03 -1.276497e-01 -4.867456e-02 1.718750e-03 9.988131e-01 4.864108e+00
9.999966e-01 1.131757e-04 -2.612000e-03 3.800947e-01 -1.130105e-04 1.000000e+00 6.334942e-05 -1.460576e-01 2.612036e-03 -6.305463e-05 9.999965e-01 5.537229e+00
9.987775e-01 -1.578725e-03 4.940592e-02 4.540352e-01 1.662486e-03 9.999972e-01 -1.654323e-03 -1.653425e-01 -4.940314e-02 1.734437e-03 9.987773e-01 6.245984e+00
9.999996e-01 5.458569e-05 -8.500934e-04 5.290344e-01 -5.458053e-05 1.000000e+00 5.842732e-06 -1.849395e-01 8.501315e-04 -5.797307e-06 9.999995e-01 6.969531e+00
9.987842e-01 -1.573358e-03 4.927070e-02 6.138297e-01 1.656530e-03 9.999973e-01 -1.647283e-03 -2.061207e-01 -4.926794e-02 1.726898e-03 9.987840e-01 7.742336e+00
9.999890e-01 1.725222e-04 -4.685666e-03 6.913401e-01 -1.719156e-04 1.000000e+00 1.297941e-04 -2.260035e-01 4.685735e-03 -1.289885e-04 9.999889e-01 8.466343e+00
9.994648e-01 -1.033454e-03 3.269743e-02 7.133316e-01 1.069941e-03 9.999988e-01 -1.098413e-03 -2.467474e-01 -3.269621e-02 1.132808e-03 9.994646e-01 9.285926e+00
9.999001e-01 -4.629635e-04 1.412908e-02 7.912652e-01 4.700352e-04 9.999998e-01 -4.971572e-04 -2.684890e-01 -1.412879e-02 5.037471e-04 9.999000e-01 1.009338e+01
9.994881e-01 -1.017551e-03 3.197719e-02 8.643734e-01 1.052214e-03 9.999989e-01 -1.067154e-03 -2.904828e-01 -3.197602e-02 1.100253e-03 9.994879e-01 1.092024e+01
9.999999e-01 4.078897e-05 -4.034290e-04 8.935507e-01 -4.079554e-05 1.000000e+00 -1.786915e-05 -3.181613e-01 4.034874e-04 1.788369e-05 9.999998e-01 1.201613e+01
9.997904e-01 -6.523502e-04 2.046043e-02 8.759024e-01 6.662942e-04 9.999996e-01 -6.746697e-04 -3.454212e-01 -2.045992e-02 6.881590e-04 9.997903e-01 1.316018e+01
9.998859e-01 -4.646256e-04 1.509651e-02 9.082316e-01 4.729330e-04 9.999997e-01 -5.466729e-04 -3.727855e-01 -1.509619e-02 5.537481e-04 9.998858e-01 1.424716e+01
9.999617e-01 -2.753157e-04 8.747724e-03 9.098113e-01 2.778645e-04 9.999999e-01 -2.900522e-04 -3.999940e-01 -8.747578e-03 2.924696e-04 9.999616e-01 1.536126e+01
9.996422e-01 -8.396746e-04 2.673339e-02 9.465236e-01 8.647547e-04 9.999992e-01 -9.265771e-04 -4.224354e-01 -2.673252e-02 9.493610e-04 9.996421e-01 1.624486e+01
9.998425e-01 -5.800445e-04 1.773449e-02 1.029258e+00 5.906707e-04 9.999996e-01 -5.938884e-04 -4.443468e-01 -1.773407e-02 6.042676e-04 9.998425e-01 1.704578e+01
9.999646e-01 -2.666869e-04 8.409789e-03 1.046644e+00 2.691887e-04 9.999999e-01 -2.962238e-04 -4.676769e-01 -8.409636e-03 2.984745e-04 9.999645e-01 1.798413e+01
9.999977e-01 5.107182e-05 -2.155508e-03 9.937309e-01 -5.082479e-05 1.000000e+00 1.141174e-04 -4.944135e-01 2.155588e-03 -1.140102e-04 9.999976e-01 1.916233e+01
9.998999e-01 -4.316955e-04 1.414432e-02 9.846493e-01 4.391130e-04 9.999998e-01 -5.212268e-04 -5.203648e-01 -1.414402e-02 5.273829e-04 9.998997e-01 2.023992e+01
9.999877e-01 1.376377e-04 -4.958556e-03 9.678992e-01 -1.365548e-04 1.000000e+00 2.184621e-04 -5.459327e-01 4.958661e-03 -2.177850e-04 9.999876e-01 2.131227e+01
9.999364e-01 -3.632676e-04 1.127443e-02 8.945798e-01 3.675895e-04 9.999999e-01 -3.811624e-04 -5.736536e-01 -1.127421e-02 3.852798e-04 9.999363e-01 2.257185e+01
9.999969e-01 6.577458e-05 -2.478970e-03 8.131482e-01 -6.545912e-05 1.000000e+00 1.268215e-04 -6.006109e-01 2.479054e-03 -1.266616e-04 9.999968e-01 2.381599e+01
9.998279e-01 -5.832587e-04 1.854043e-02 7.791376e-01 5.954606e-04 9.999996e-01 -6.525384e-04 -6.268589e-01 -1.853996e-02 6.634634e-04 9.998278e-01 2.495605e+01
9.999893e-01 1.365385e-04 -4.614957e-03 7.405186e-01 -1.355970e-04 1.000000e+00 2.040211e-04 -6.547597e-01 4.615062e-03 -2.033960e-04 9.999892e-01 2.617080e+01
9.998964e-01 -4.505480e-04 1.438596e-02 7.153640e-01 4.579361e-04 9.999998e-01 -5.101783e-04 -6.844779e-01 -1.438565e-02 5.167105e-04 9.998963e-01 2.743183e+01
9.999236e-01 3.560369e-04 -1.235122e-02 6.550329e-01 -3.498927e-04 9.999998e-01 4.994972e-04 -7.132642e-01 1.235147e-02 -4.951403e-04 9.999235e-01 2.870967e+01
9.997547e-01 -6.698007e-04 2.213603e-02 6.042057e-01 6.875174e-04 9.999994e-01 -7.926950e-04 -7.399401e-01 -2.213541e-02 8.077166e-04 9.997546e-01 2.989165e+01
9.999518e-01 2.720232e-04 -9.816311e-03 5.412099e-01 -2.679754e-04 9.999999e-01 4.135150e-04 -7.671485e-01 9.816502e-03 -4.108674e-04 9.999517e-01 3.111873e+01
9.999249e-01 -3.958022e-04 1.224999e-02 4.289947e-01 4.010401e-04 9.999998e-01 -4.250085e-04 -7.983376e-01 -1.224974e-02 4.298863e-04 9.999248e-01 3.258726e+01
9.999379e-01 3.259339e-04 -1.113334e-02 3.444631e-01 -3.211174e-04 9.999999e-01 4.342593e-04 -8.269296e-01 1.113356e-02 -4.306601e-04 9.999378e-01 3.389454e+01
9.999253e-01 -3.910614e-04 1.221787e-02 2.605655e-01 3.963854e-04 9.999998e-01 -4.332143e-04 -8.524947e-01 -1.221762e-02 4.380219e-04 9.999252e-01 3.507313e+01
9.999366e-01 3.318312e-04 -1.125525e-02 1.732601e-01 -3.269317e-04 9.999999e-01 4.370088e-04 -8.781227e-01 1.125548e-02 -4.333043e-04 9.999365e-01 3.625948e+01
9.999251e-01 -3.971448e-04 1.223115e-02 6.936314e-02 4.024101e-04 9.999998e-01 -4.279005e-04 -9.024434e-01 -1.223089e-02 4.327874e-04 9.999250e-01 3.742178e+01
9.999571e-01 2.750285e-04 -9.252641e-03 -3.230619e-02 -2.716464e-04 9.999999e-01 3.666129e-04 -9.238666e-01 9.252821e-03 -3.640867e-04 9.999570e-01 3.846055e+01
9.999263e-01 -3.942391e-04 1.213633e-02 -1.245169e-01 3.994276e-04 9.999998e-01 -4.249732e-04 -9.464450e-01 -1.213608e-02 4.297865e-04 9.999262e-01 3.952960e+01
9.999374e-01 3.197384e-04 -1.118205e-02 -2.488509e-01 -3.147776e-04 9.999999e-01 4.452638e-04 -9.716732e-01 1.118227e-02 -4.417190e-04 9.999373e-01 4.076587e+01
9.999310e-01 -3.970640e-04 1.174049e-02 -4.162853e-01 4.017281e-04 9.999998e-01 -3.947824e-04 -9.988084e-01 -1.174025e-02 3.994687e-04 9.999309e-01 4.216166e+01
9.999328e-01 3.477242e-04 -1.158517e-02 -5.575323e-01 -3.427016e-04 9.999998e-01 4.353871e-04 -1.024974e+00 1.158540e-02 -4.313905e-04 9.999327e-01 4.346727e+01
9.999320e-01 -3.755861e-04 1.165687e-02 -6.434805e-01 3.805259e-04 9.999998e-01 -4.214296e-04 -1.044630e+00 -1.165663e-02 4.258337e-04 9.999319e-01 4.439988e+01
9.999403e-01 3.209776e-04 -1.091737e-02 -8.126912e-01 -3.161639e-04 9.999999e-01 4.425101e-04 -1.061263e+00 1.091759e-02 -4.390350e-04 9.999402e-01 4.533767e+01
9.999329e-01 -3.865098e-04 1.157908e-02 -9.250905e-01 3.913644e-04 9.999998e-01 -4.168614e-04 -1.086367e+00 -1.157884e-02 4.213621e-04 9.999328e-01 4.654934e+01
9.999459e-01 3.130557e-04 -1.039188e-02 -1.030974e+00 -3.086061e-04 9.999999e-01 4.296274e-04 -1.109819e+00 1.039209e-02 -4.264002e-04 9.999458e-01 4.768170e+01
9.999318e-01 -3.916916e-04 1.167090e-02 -1.116791e+00 3.966776e-04 9.999998e-01 -4.247717e-04 -1.135276e+00 -1.167065e-02 4.293693e-04 9.999317e-01 4.886085e+01
9.999570e-01 2.972824e-04 -9.266000e-03 -1.166136e+00 -2.937779e-04 9.999999e-01 3.794077e-04 -1.161200e+00 9.266193e-03 -3.766722e-04 9.999569e-01 4.999586e+01
9.997860e-01 -6.530056e-04 2.067633e-02 -1.161396e+00 6.690343e-04 9.999995e-01 -7.682374e-04 -1.183990e+00 -2.067573e-02 7.819031e-04 9.997858e-01 5.091720e+01
9.999599e-01 2.776209e-04 -8.950051e-03 -1.181961e+00 -2.741336e-04 9.999999e-01 3.906815e-04 -1.207624e+00 8.950240e-03 -3.882153e-04 9.999598e-01 5.192237e+01
9.996773e-01 -8.017695e-04 2.538771e-02 -1.238529e+00 8.252967e-04 9.999992e-01 -9.161888e-04 -1.234220e+00 -2.538687e-02 9.368425e-04 9.996772e-01 5.311755e+01
9.998514e-01 5.293540e-04 -1.722994e-02 -1.324869e+00 -5.174668e-04 9.999996e-01 6.942673e-04 -1.256903e+00 1.723039e-02 -6.852513e-04 9.998512e-01 5.418994e+01
9.996132e-01 -8.684885e-04 2.779502e-02 -1.401949e+00 8.968092e-04 9.999991e-01 -1.006401e-03 -1.280354e+00 -2.779404e-02 1.030935e-03 9.996131e-01 5.528145e+01
9.998930e-01 4.610345e-04 -1.461859e-02 -1.345867e+00 -4.526887e-04 9.999997e-01 5.740849e-04 -1.299779e+00 1.461893e-02 -5.674089e-04 9.998929e-01 5.598061e+01
9.996611e-01 -8.152610e-04 2.601686e-02 -1.227732e+00 8.404993e-04 9.999992e-01 -9.590861e-04 -1.319450e+00 -2.601597e-02 9.806250e-04 9.996610e-01 5.658967e+01
9.997054e-01 7.634275e-04 -2.426034e-02 -1.258854e+00 -7.404184e-04 9.999993e-01 9.573126e-04 -1.344783e+00 2.426114e-02 -9.390709e-04 9.997051e-01 5.766866e+01
9.996463e-01 -8.555703e-04 2.658020e-02 -1.353273e+00 8.814982e-04 9.999991e-01 -9.636887e-04 -1.372277e+00 -2.657927e-02 9.867750e-04 9.996461e-01 5.895033e+01
9.997196e-01 7.595203e-04 -2.366587e-02 -1.418793e+00 -7.379512e-04 9.999993e-01 9.200370e-04 -1.399727e+00 2.366664e-02 -9.023180e-04 9.997194e-01 6.017774e+01
9.996999e-01 -8.092506e-04 2.448128e-02 -1.511705e+00 8.311400e-04 9.999993e-01 -8.838963e-04 -1.432627e+00 -2.448046e-02 9.039752e-04 9.996998e-01 6.168139e+01
9.997159e-01 7.605980e-04 -2.382015e-02 -1.619563e+00 -7.386051e-04 9.999993e-01 9.319920e-04 -1.466937e+00 2.382093e-02 -9.141368e-04 9.997157e-01 6.327168e+01
9.997031e-01 -7.961037e-04 2.435168e-02 -1.703314e+00 8.181892e-04 9.999993e-01 -8.969128e-04 -1.499656e+00 -2.435087e-02 9.165675e-04 9.997030e-01 6.475058e+01
9.997200e-01 7.538830e-04 -2.365105e-02 -1.794225e+00 -7.320090e-04 9.999993e-01 9.334234e-04 -1.530948e+00 2.365182e-02 -9.158524e-04 9.997198e-01 6.618307e+01
9.994612e-01 -1.023390e-03 3.280429e-02 -1.853964e+00 1.063018e-03 9.999987e-01 -1.190546e-03 -1.562566e+00 -3.280294e-02 1.224773e-03 9.994610e-01 6.758125e+01
9.998945e-01 4.844353e-04 -1.451735e-02 -1.871496e+00 -4.760135e-04 9.999997e-01 5.834254e-04 -1.597292e+00 1.451771e-02 -5.764567e-04 9.998944e-01 6.904537e+01
9.997447e-01 -7.791834e-04 2.258053e-02 -1.971402e+00 7.968077e-04 9.999994e-01 -7.714368e-04 -1.633811e+00 -2.257983e-02 7.892288e-04 9.997447e-01 7.072051e+01
9.997643e-01 7.203189e-04 -2.169613e-02 -2.055693e+00 -7.029760e-04 9.999994e-01 8.068757e-04 -1.672331e+00 2.169679e-02 -7.914370e-04 9.997642e-01 7.244545e+01
9.997441e-01 -7.697387e-04 2.260667e-02 -2.116541e+00 7.877408e-04 9.999994e-01 -7.873341e-04 -1.706434e+00 -2.260597e-02 8.049375e-04 9.997441e-01 7.394160e+01
9.997540e-01 7.525893e-04 -2.216790e-02 -2.146182e+00 -7.349762e-04 9.999994e-01 8.025720e-04 -1.739440e+00 2.216857e-02 -7.860849e-04 9.997539e-01 7.533516e+01
9.997483e-01 -7.667588e-04 2.241880e-02 -2.188240e+00 7.844668e-04 9.999994e-01 -7.810048e-04 -1.776343e+00 -2.241810e-02 7.983917e-04 9.997483e-01 7.691366e+01
9.997669e-01 7.308878e-04 -2.157474e-02 -2.216869e+00 -7.140429e-04 9.999994e-01 7.883658e-04 -1.811399e+00 2.157539e-02 -7.727801e-04 9.997669e-01 7.839223e+01
9.997463e-01 -7.699659e-04 2.251024e-02 -2.259850e+00 7.877711e-04 9.999994e-01 -7.820372e-04 -1.842628e+00 -2.250954e-02 7.995684e-04 9.997462e-01 7.973441e+01
9.997629e-01 7.435106e-04 -2.176021e-02 -2.295048e+00 -7.265309e-04 9.999994e-01 7.881065e-04 -1.870704e+00 2.176087e-02 -7.721135e-04 9.997628e-01 8.093011e+01
9.997355e-01 -7.748268e-04 2.298345e-02 -2.305520e+00 7.936433e-04 9.999994e-01 -8.095026e-04 -1.898109e+00 -2.298272e-02 8.275257e-04 9.997354e-01 8.205401e+01
9.997519e-01 7.411877e-04 -2.226162e-02 -2.360826e+00 -7.230812e-04 9.999994e-01 8.212948e-04 -1.928266e+00 2.226231e-02 -8.049974e-04 9.997518e-01 8.337208e+01
9.997416e-01 -7.646562e-04 2.271863e-02 -2.417547e+00 7.830684e-04 9.999994e-01 -8.014738e-04 -1.958866e+00 -2.271791e-02 8.190535e-04 9.997415e-01 8.471202e+01
9.997541e-01 7.427555e-04 -2.216051e-02 -2.462644e+00 -7.248922e-04 9.999994e-01 8.140114e-04 -1.987546e+00 2.216119e-02 -7.977506e-04 9.997540e-01 8.595050e+01
9.997270e-01 -7.928434e-04 2.335087e-02 -2.519157e+00 8.120471e-04 9.999993e-01 -8.128445e-04 -2.016823e+00 -2.335012e-02 8.315812e-04 9.997269e-01 8.723494e+01
9.997324e-01 7.726535e-04 -2.311734e-02 -2.600241e+00 -7.533578e-04 9.999994e-01 8.432933e-04 -2.047894e+00 2.311806e-02 -8.256553e-04 9.997323e-01 8.863726e+01
9.997261e-01 -8.044741e-04 2.338804e-02 -2.705151e+00 8.233828e-04 9.999993e-01 -7.987769e-04 -2.082245e+00 -2.338729e-02 8.178120e-04 9.997261e-01 9.022130e+01
9.997345e-01 7.779426e-04 -2.302969e-02 -2.785820e+00 -7.589707e-04 9.999994e-01 8.324397e-04 -2.114102e+00 2.303041e-02 -8.147431e-04 9.997344e-01 9.165728e+01
9.997307e-01 -7.909712e-04 2.319157e-02 -2.857601e+00 8.098592e-04 9.999993e-01 -8.049686e-04 -2.141583e+00 -2.319083e-02 8.235304e-04 9.997306e-01 9.289268e+01
9.997291e-01 7.869784e-04 -2.325842e-02 -2.935062e+00 -7.677097e-04 9.999994e-01 8.372863e-04 -2.168746e+00 2.325915e-02 -8.192071e-04 9.997291e-01 9.412437e+01
9.997329e-01 -7.864508e-04 2.309668e-02 -3.007703e+00 8.052137e-04 9.999994e-01 -8.029889e-04 -2.197666e+00 -2.309594e-02 8.213688e-04 9.997328e-01 9.542136e+01
9.997372e-01 7.765280e-04 -2.290901e-02 -3.061425e+00 -7.578542e-04 9.999994e-01 8.237081e-04 -2.225988e+00 2.290972e-02 -8.061333e-04 9.997371e-01 9.665965e+01
9.997039e-01 -8.083003e-04 2.431761e-02 -3.062950e+00 8.292487e-04 9.999993e-01 -8.512953e-04 -2.255625e+00 -2.431681e-02 8.712052e-04 9.997038e-01 9.786013e+01
9.997187e-01 7.989289e-04 -2.370397e-02 -3.063308e+00 -7.788738e-04 9.999993e-01 8.551963e-04 -2.287112e+00 2.370473e-02 -8.364967e-04 9.997186e-01 9.913741e+01
9.997082e-01 -8.029908e-04 2.414298e-02 -3.068425e+00 8.237424e-04 9.999993e-01 -8.495143e-04 -2.316911e+00 -2.414219e-02 8.691506e-04 9.997081e-01 1.003521e+02
9.997299e-01 7.918616e-04 -2.322781e-02 -3.045056e+00 -7.725528e-04 9.999993e-01 8.401509e-04 -2.346834e+00 2.322855e-02 -8.219825e-04 9.997298e-01 1.015223e+02
9.997202e-01 -8.075218e-04 2.364100e-02 -3.084231e+00 8.272176e-04 9.999993e-01 -8.232669e-04 -2.377333e+00 -2.364023e-02 8.425893e-04 9.997201e-01 1.028271e+02
9.997309e-01 8.012345e-04 -2.318449e-02 -3.093855e+00 -7.821699e-04 9.999993e-01 8.312666e-04 -2.406995e+00 2.318523e-02 -8.129120e-04 9.997308e-01 1.040442e+02
9.997222e-01 -8.148453e-04 2.355599e-02 -3.141195e+00 8.341968e-04 9.999993e-01 -8.116112e-04 -2.435648e+00 -2.355522e-02 8.310326e-04 9.997221e-01 1.052861e+02
9.997327e-01 7.956179e-04 -2.310428e-02 -3.203231e+00 -7.766461e-04 9.999994e-01 8.300039e-04 -2.461839e+00 2.310501e-02 -8.118416e-04 9.997326e-01 1.064503e+02
9.997220e-01 -8.153235e-04 2.356445e-02 -3.258041e+00 8.348050e-04 9.999993e-01 -8.168213e-04 -2.487319e+00 -2.356368e-02 8.362625e-04 9.997219e-01 1.075714e+02
9.997329e-01 7.916880e-04 -2.309811e-02 -3.318693e+00 -7.725520e-04 9.999994e-01 8.372871e-04 -2.515071e+00 2.309885e-02 -8.192222e-04 9.997328e-01 1.087988e+02
9.997128e-01 -8.285078e-04 2.395085e-02 -3.372747e+00 8.483689e-04 9.999993e-01 -8.190116e-04 -2.544409e+00 -2.395007e-02 8.390920e-04 9.997127e-01 1.100832e+02
9.997433e-01 7.831049e-04 -2.264375e-02 -3.422987e+00 -7.648891e-04 9.999994e-01 8.130057e-04 -2.569537e+00 2.264446e-02 -7.954803e-04 9.997432e-01 1.111831e+02
9.996922e-01 -8.631761e-04 2.479503e-02 -3.513931e+00 8.843000e-04 9.999993e-01 -8.409080e-04 -2.591356e+00 -2.479420e-02 8.625720e-04 9.996921e-01 1.122178e+02
9.997146e-01 8.227203e-04 -2.387502e-02 -3.591124e+00 -8.025983e-04 9.999993e-01 8.522821e-04 -2.614617e+00 2.387580e-02 -8.328802e-04 9.997145e-01 1.132867e+02
9.996897e-01 -8.666209e-04 2.489378e-02 -3.659490e+00 8.879800e-04 9.999992e-01 -8.468870e-04 -2.639470e+00 -2.489294e-02 8.687260e-04 9.996897e-01 1.144060e+02
9.997932e-01 7.188214e-04 -2.032139e-02 -3.716468e+00 -7.041109e-04 9.999995e-01 7.309278e-04 -2.665798e+00 2.032200e-02 -7.164715e-04 9.997932e-01 1.155699e+02
9.997305e-01 -8.177698e-04 2.319909e-02 -3.780899e+00 8.363258e-04 9.999993e-01 -7.900808e-04 -2.691718e+00 -2.319834e-02 8.092664e-04 9.997305e-01 1.167290e+02
9.997594e-01 7.625759e-04 -2.192150e-02 -3.863480e+00 -7.452923e-04 9.999994e-01 7.964862e-04 -2.717576e+00 2.192218e-02 -7.799600e-04 9.997593e-01 1.179170e+02
9.997313e-01 -8.267687e-04 2.316429e-02 -3.941935e+00 8.452625e-04 9.999993e-01 -7.885069e-04 -2.745801e+00 -2.316354e-02 8.078715e-04 9.997313e-01 1.191968e+02
9.997469e-01 7.876227e-04 -2.248421e-02 -4.017152e+00 -7.695229e-04 9.999994e-01 8.135426e-04 -2.777927e+00 2.248492e-02 -7.960379e-04 9.997468e-01 1.206344e+02
9.997370e-01 -8.246909e-04 2.291508e-02 -4.115551e+00 8.427317e-04 9.999993e-01 -7.775543e-04 -2.809412e+00 -2.291433e-02 7.966576e-04 9.997370e-01 1.220865e+02
9.997522e-01 7.801504e-04 -2.224439e-02 -4.215741e+00 -7.623137e-04 9.999994e-01 8.102218e-04 -2.837235e+00 2.224510e-02 -7.930673e-04 9.997522e-01 1.233889e+02
9.997059e-01 -8.469008e-04 2.423596e-02 -4.265503e+00 8.674603e-04 9.999993e-01 -8.377202e-04 -2.864094e+00 -2.423514e-02 8.584941e-04 9.997058e-01 1.245603e+02
9.998984e-01 5.414215e-04 -1.424074e-02 -4.296959e+00 -5.341802e-04 9.999997e-01 5.121327e-04 -2.891231e+00 1.424111e-02 -5.044770e-04 9.998984e-01 1.257228e+02
9.994980e-01 -1.075799e-03 3.166424e-02 -4.314274e+00 1.110744e-03 9.999988e-01 -1.086000e-03 -2.918422e+00 -3.166294e-02 1.120622e-03 9.994979e-01 1.268701e+02
9.996680e-01 8.826472e-04 -2.575129e-02 -4.390662e+00 -8.582250e-04 9.999992e-01 9.593313e-04 -2.947241e+00 2.575221e-02 -9.369158e-04 9.996678e-01 1.281787e+02
9.996460e-01 -9.112636e-04 2.658879e-02 -4.439303e+00 9.366965e-04 9.999991e-01 -9.440046e-04 -2.976213e+00 -2.658782e-02 9.685725e-04 9.996459e-01 1.294363e+02
9.997599e-01 7.816304e-04 -2.189595e-02 -4.446606e+00 -7.642460e-04 9.999994e-01 8.022053e-04 -3.003306e+00 2.189665e-02 -7.852823e-04 9.997599e-01 1.305452e+02
9.995945e-01 -9.794372e-04 2.845559e-02 -4.492129e+00 1.008060e-03 9.999990e-01 -9.914788e-04 -3.031560e+00 -2.845450e-02 1.019758e-03 9.995945e-01 1.317728e+02
9.996281e-01 9.233821e-04 -2.725166e-02 -4.582046e+00 -8.958314e-04 9.999991e-01 1.023076e-03 -3.064002e+00 2.725268e-02 -9.982863e-04 9.996280e-01 1.332508e+02
9.995785e-01 -9.925407e-04 2.901383e-02 -4.665092e+00 1.022346e-03 9.999990e-01 -1.012379e-03 -3.095178e+00 -2.901270e-02 1.041611e-03 9.995784e-01 1.346626e+02
9.996291e-01 9.221565e-04 -2.721803e-02 -4.747287e+00 -8.945891e-04 9.999991e-01 1.024903e-03 -3.125092e+00 2.721904e-02 -1.000178e-03 9.996289e-01 1.360223e+02
9.996036e-01 -9.567629e-04 2.813755e-02 -4.821261e+00 9.852688e-04 9.999990e-01 -9.991652e-04 -3.153337e+00 -2.813647e-02 1.026489e-03 9.996035e-01 1.372952e+02
9.996045e-01 9.549695e-04 -2.810336e-02 -4.908770e+00 -9.261036e-04 9.999990e-01 1.040044e-03 -3.179664e+00 2.810442e-02 -1.013610e-03 9.996044e-01 1.385096e+02
9.996261e-01 -9.086580e-04 2.732786e-02 -4.952742e+00 9.363624e-04 9.999991e-01 -1.000917e-03 -3.201233e+00 -2.732683e-02 1.026128e-03 9.996260e-01 1.394416e+02
9.996301e-01 9.089857e-04 -2.718215e-02 -5.018627e+00 -8.814332e-04 9.999991e-01 1.025498e-03 -3.224492e+00 2.718315e-02 -1.001163e-03 9.996299e-01 1.404866e+02
9.996086e-01 -9.333621e-04 2.795953e-02 -5.101457e+00 9.618030e-04 9.999990e-01 -1.003706e-03 -3.247452e+00 -2.795847e-02 1.030201e-03 9.996085e-01 1.415528e+02
9.996133e-01 9.365688e-04 -2.778974e-02 -5.163341e+00 -9.084608e-04 9.999991e-01 1.023971e-03 -3.269207e+00 2.779076e-02 -9.983328e-04 9.996132e-01 1.425251e+02
9.995962e-01 -9.543068e-04 2.839779e-02 -5.238969e+00 9.831818e-04 9.999990e-01 -1.002779e-03 -3.293213e+00 -2.839672e-02 1.030291e-03 9.995961e-01 1.436208e+02
9.995942e-01 9.671774e-04 -2.846940e-02 -5.286871e+00 -9.382202e-04 9.999990e-01 1.030390e-03 -3.317768e+00 2.847046e-02 -1.003264e-03 9.995941e-01 1.446881e+02
9.995907e-01 -9.547877e-04 2.859170e-02 -5.323196e+00 9.839421e-04 9.999990e-01 -1.005548e-03 -3.345176e+00 -2.859062e-02 1.033265e-03 9.995906e-01 1.458567e+02
9.996095e-01 9.399250e-04 -2.792687e-02 -5.372456e+00 -9.116791e-04 9.999991e-01 1.024051e-03 -3.372787e+00 2.792790e-02 -9.981940e-04 9.996094e-01 1.470574e+02
9.995307e-01 -1.016116e-03 3.061448e-02 -5.423495e+00 1.049316e-03 9.999989e-01 -1.068337e-03 -3.394780e+00 -3.061327e-02 1.099956e-03 9.995306e-01 1.480292e+02
9.995829e-01 9.678376e-04 -2.886369e-02 -5.484012e+00 -9.377730e-04 9.999990e-01 1.055039e-03 -3.418880e+00 2.886478e-02 -1.027535e-03 9.995827e-01 1.491037e+02
9.995147e-01 -1.009077e-03 3.113391e-02 -5.459320e+00 1.044203e-03 9.999988e-01 -1.111928e-03 -3.442203e+00 -3.113266e-02 1.143895e-03 9.995145e-01 1.499939e+02
9.996348e-01 9.483685e-04 -2.700498e-02 -5.336668e+00 -9.227104e-04 9.999991e-01 9.624771e-04 -3.465411e+00 2.700596e-02 -9.372114e-04 9.996348e-01 1.507222e+02
9.996020e-01 -9.703947e-04 2.819413e-02 -5.354893e+00 9.982379e-04 9.999990e-01 -9.734128e-04 -3.486889e+00 -2.819307e-02 1.001166e-03 9.996019e-01 1.516112e+02
9.996453e-01 9.309540e-04 -2.661320e-02 -5.396660e+00 -9.060074e-04 9.999991e-01 9.493230e-04 -3.508760e+00 2.661416e-02 -9.248782e-04 9.996453e-01 1.525575e+02
9.995357e-01 -1.026026e-03 3.045233e-02 -5.372158e+00 1.058877e-03 9.999989e-01 -1.062582e-03 -3.530623e+00 -3.045112e-02 1.094330e-03 9.995356e-01 1.533896e+02
9.996242e-01 9.513871e-04 -2.739367e-02 -5.378525e+00 -9.246650e-04 9.999991e-01 9.880433e-04 -3.551194e+00 2.739467e-02 -9.623456e-04 9.996242e-01 1.542242e+02
9.995399e-01 -1.039613e-03 3.031208e-02 -5.446735e+00 1.071691e-03 9.999989e-01 -1.041972e-03 -3.572564e+00 -3.031087e-02 1.073974e-03 9.995399e-01 1.551995e+02
9.996218e-01 9.538590e-04 -2.748409e-02 -5.506611e+00 -9.268863e-04 9.999991e-01 9.940223e-04 -3.593923e+00 2.748510e-02 -9.681753e-04 9.996217e-01 1.561615e+02
9.996023e-01 -9.715732e-04 2.818052e-02 -5.558033e+00 9.996066e-04 9.999990e-01 -9.806238e-04 -3.616980e+00 -2.817945e-02 1.008400e-03 9.996023e-01 1.571750e+02
9.996428e-01 9.226663e-04 -2.671031e-02 -5.622820e+00 -8.967827e-04 9.999991e-01 9.809167e-04 -3.643318e+00 2.671129e-02 -9.566165e-04 9.996427e-01 1.583510e+02
9.995338e-01 -1.028243e-03 3.051383e-02 -5.659990e+00 1.061182e-03 9.999989e-01 -1.063209e-03 -3.675376e+00 -3.051261e-02 1.095090e-03 9.995337e-01 1.597176e+02
9.995738e-01 1.000301e-03 -2.917367e-02 -5.688542e+00 -9.695217e-04 9.999990e-01 1.069070e-03 -3.703525e+00 2.917480e-02 -1.040334e-03 9.995737e-01 1.609082e+02
9.995447e-01 -1.034034e-03 3.015245e-02 -5.764997e+00 1.066087e-03 9.999989e-01 -1.046910e-03 -3.727865e+00 -3.015124e-02 1.078575e-03 9.995447e-01 1.620211e+02
9.996877e-01 8.792438e-04 -2.497474e-02 -5.825423e+00 -8.566714e-04 9.999992e-01 9.143886e-04 -3.754148e+00 2.497562e-02 -8.927115e-04 9.996876e-01 1.631899e+02
9.992130e-01 -1.296517e-03 3.964488e-02 -5.823351e+00 1.353031e-03 9.999981e-01 -1.398650e-03 -3.781135e+00 -3.964290e-02 1.451186e-03 9.992128e-01 1.642872e+02
9.994227e-01 1.155804e-03 -3.395426e-02 -5.852746e+00 -1.114020e-03 9.999986e-01 1.249401e-03 -3.807230e+00 3.395576e-02 -1.210858e-03 9.994225e-01 1.653948e+02
9.994074e-01 -1.144249e-03 3.440189e-02 -5.895547e+00 1.187132e-03 9.999985e-01 -1.226056e-03 -3.831487e+00 -3.440034e-02 1.266165e-03 9.994073e-01 1.664406e+02
9.996353e-01 9.376185e-04 -2.698702e-02 -5.906138e+00 -9.112648e-04 9.999991e-01 9.887096e-04 -3.852733e+00 2.698802e-02 -9.637604e-04 9.996352e-01 1.673131e+02
9.991854e-01 -1.325779e-03 4.033203e-02 -5.921368e+00 1.383859e-03 9.999980e-01 -1.412113e-03 -3.876957e+00 -4.032998e-02 1.466773e-03 9.991853e-01 1.683284e+02
9.992634e-01 1.295678e-03 -3.835298e-02 -5.971108e+00 -1.242568e-03 9.999982e-01 1.408502e-03 -3.905032e+00 3.835483e-02 -1.359812e-03 9.992632e-01 1.695487e+02
9.990238e-01 -1.422228e-03 4.415150e-02 -5.995030e+00 1.491987e-03 9.999977e-01 -1.547013e-03 -3.932572e+00 -4.414910e-02 1.611372e-03 9.990236e-01 1.707053e+02
9.994272e-01 1.147277e-03 -3.382039e-02 -6.007796e+00 -1.106087e-03 9.999986e-01 1.236510e-03 -3.957478e+00 3.382186e-02 -1.198397e-03 9.994271e-01 1.717431e+02
9.992657e-01 -1.269168e-03 3.829368e-02 -6.077284e+00 1.320824e-03 9.999983e-01 -1.323609e-03 -3.984214e+00 -3.829184e-02 1.373212e-03 9.992656e-01 1.729456e+02
9.992983e-01 1.259518e-03 -3.743422e-02 -6.140280e+00 -1.209311e-03 9.999983e-01 1.363740e-03 -4.014705e+00 3.743597e-02 -1.317518e-03 9.992981e-01 1.742911e+02
9.992469e-01 -1.276111e-03 3.878035e-02 -6.182331e+00 1.329364e-03 9.999982e-01 -1.347370e-03 -4.043854e+00 -3.877847e-02 1.397905e-03 9.992468e-01 1.755430e+02
9.989921e-01 1.575782e-03 -4.485880e-02 -6.161963e+00 -1.506263e-03 9.999976e-01 1.583427e-03 -4.065090e+00 4.486128e-02 -1.514265e-03 9.989920e-01 1.763218e+02
9.989881e-01 -1.513412e-03 4.494953e-02 -6.176866e+00 1.583953e-03 9.999976e-01 -1.533699e-03 -4.088113e+00 -4.494700e-02 1.603341e-03 9.989880e-01 1.772653e+02
9.990033e-01 1.559943e-03 -4.460845e-02 -6.200309e+00 -1.490634e-03 9.999976e-01 1.586873e-03 -4.115578e+00 4.461092e-02 -1.518800e-03 9.990032e-01 1.784124e+02
9.991180e-01 -1.389752e-03 4.196764e-02 -6.201726e+00 1.452742e-03 9.999979e-01 -1.470396e-03 -4.137586e+00 -4.196541e-02 1.530063e-03 9.991178e-01 1.792739e+02
9.990973e-01 1.463350e-03 -4.245319e-02 -6.224745e+00 -1.399989e-03 9.999979e-01 1.522109e-03 -4.157743e+00 4.245542e-02 -1.461304e-03 9.990972e-01 1.801076e+02
9.990924e-01 -1.419814e-03 4.257075e-02 -6.268743e+00 1.483940e-03 9.999978e-01 -1.474700e-03 -4.179810e+00 -4.256847e-02 1.536530e-03 9.990923e-01 1.810618e+02
9.991607e-01 1.413538e-03 -4.093805e-02 -6.312841e+00 -1.354044e-03 9.999980e-01 1.480897e-03 -4.203662e+00 4.094015e-02 -1.424226e-03 9.991605e-01 1.820946e+02
9.990861e-01 -1.428085e-03 4.271937e-02 -6.373197e+00 1.492273e-03 9.999978e-01 -1.470624e-03 -4.227443e+00 -4.271708e-02 1.533025e-03 9.990860e-01 1.831542e+02
9.990800e-01 1.491134e-03 -4.285931e-02 -6.401513e+00 -1.427383e-03 9.999978e-01 1.517935e-03 -4.245170e+00 4.286158e-02 -1.455366e-03 9.990799e-01 1.839003e+02
9.989566e-01 -1.519218e-03 4.564261e-02 -6.422611e+00 1.591884e-03 9.999975e-01 -1.555696e-03 -4.267269e+00 -4.564004e-02 1.626727e-03 9.989566e-01 1.848197e+02
9.989923e-01 1.549467e-03 -4.485407e-02 -6.452102e+00 -1.479125e-03 9.999976e-01 1.601338e-03 -4.292426e+00 4.485654e-02 -1.533383e-03 9.989922e-01 1.858813e+02
9.989722e-01 -1.505081e-03 4.530190e-02 -6.483897e+00 1.577015e-03 9.999976e-01 -1.552123e-03 -4.315490e+00 -4.529936e-02 1.621966e-03 9.989721e-01 1.868576e+02
9.990027e-01 1.545798e-03 -4.462226e-02 -6.499090e+00 -1.476051e-03 9.999976e-01 1.595902e-03 -4.340034e+00 4.462472e-02 -1.528450e-03 9.990026e-01 1.878677e+02
9.989243e-01 -1.530342e-03 4.634390e-02 -6.496162e+00 1.606114e-03 9.999974e-01 -1.597745e-03 -4.363630e+00 -4.634124e-02 1.670456e-03 9.989242e-01 1.888068e+02
9.989497e-01 1.574708e-03 -4.579298e-02 -6.516392e+00 -1.500845e-03 9.999975e-01 1.647249e-03 -4.389544e+00 4.579555e-02 -1.576794e-03 9.989495e-01 1.898827e+02
9.989291e-01 -1.525028e-03 4.624040e-02 -6.538642e+00 1.600747e-03 9.999974e-01 -1.600473e-03 -4.412190e+00 -4.623774e-02 1.672775e-03 9.989290e-01 1.908245e+02
9.989096e-01 1.602850e-03 -4.665770e-02 -6.573612e+00 -1.526442e-03 9.999974e-01 1.673129e-03 -4.436963e+00 4.666035e-02 -1.600089e-03 9.989095e-01 1.918755e+02
9.989039e-01 -1.551541e-03 4.678259e-02 -6.626196e+00 1.628576e-03 9.999974e-01 -1.608526e-03 -4.462989e+00 -4.677988e-02 1.682948e-03 9.989037e-01 1.930116e+02
9.988680e-01 1.644344e-03 -4.753976e-02 -6.648521e+00 -1.565806e-03 9.999973e-01 1.689180e-03 -4.491229e+00 4.754250e-02 -1.612833e-03 9.988679e-01 1.941842e+02
9.988530e-01 -1.597012e-03 4.785511e-02 -6.703740e+00 1.676311e-03 9.999973e-01 -1.616925e-03 -4.519833e+00 -4.785230e-02 1.695286e-03 9.988529e-01 1.954351e+02
9.988375e-01 1.667361e-03 -4.817537e-02 -6.789589e+00 -1.587077e-03 9.999973e-01 1.704641e-03 -4.544091e+00 4.817817e-02 -1.626205e-03 9.988374e-01 1.965565e+02
9.988515e-01 -1.605717e-03 4.788563e-02 -6.894706e+00 1.684824e-03 9.999973e-01 -1.611623e-03 -4.568005e+00 -4.788281e-02 1.690447e-03 9.988515e-01 1.976981e+02
9.988919e-01 1.607682e-03 -4.703479e-02 -7.008535e+00 -1.529246e-03 9.999974e-01 1.703485e-03 -4.596945e+00 4.703750e-02 -1.629673e-03 9.988917e-01 1.990715e+02
9.988441e-01 -1.617833e-03 4.803942e-02 -7.132147e+00 1.696930e-03 9.999973e-01 -1.605705e-03 -4.628323e+00 -4.803659e-02 1.685365e-03 9.988441e-01 2.005662e+02
9.989233e-01 1.600390e-03 -4.636296e-02 -7.226637e+00 -1.524259e-03 9.999974e-01 1.677302e-03 -4.657669e+00 4.636562e-02 -1.604830e-03 9.989232e-01 2.019234e+02
9.988698e-01 -1.596250e-03 4.750252e-02 -7.302097e+00 1.674760e-03 9.999973e-01 -1.612936e-03 -4.684515e+00 -4.749972e-02 1.690665e-03 9.988698e-01 2.031400e+02
9.988704e-01 1.636412e-03 -4.748869e-02 -7.425403e+00 -1.556540e-03 9.999973e-01 1.718790e-03 -4.710416e+00 4.749147e-02 -1.642934e-03 9.988702e-01 2.044006e+02
9.988522e-01 -1.615579e-03 4.787143e-02 -7.545092e+00 1.695044e-03 9.999973e-01 -1.619359e-03 -4.737214e+00 -4.786859e-02 1.698640e-03 9.988521e-01 2.056940e+02
9.988733e-01 1.636615e-03 -4.742794e-02 -7.657261e+00 -1.556846e-03 9.999973e-01 1.718735e-03 -4.766899e+00 4.743072e-02 -1.642964e-03 9.988731e-01 2.070948e+02
9.988832e-01 -1.581188e-03 4.722100e-02 -7.748998e+00 1.659613e-03 9.999973e-01 -1.621585e-03 -4.795266e+00 -4.721822e-02 1.698139e-03 9.988831e-01 2.084014e+02
9.988756e-01 1.631850e-03 -4.737834e-02 -7.863185e+00 -1.551917e-03 9.999973e-01 1.723804e-03 -4.822578e+00 4.738112e-02 -1.648343e-03 9.988755e-01 2.097038e+02
9.989012e-01 -1.550607e-03 4.683917e-02 -8.060753e+00 1.628168e-03 9.999974e-01 -1.617733e-03 -4.840058e+00 -4.683644e-02 1.692213e-03 9.989011e-01 2.107140e+02
9.988484e-01 1.649747e-03 -4.794900e-02 -8.186985e+00 -1.568502e-03 9.999973e-01 1.731915e-03 -4.859072e+00 4.795183e-02 -1.654716e-03 9.988482e-01 2.116731e+02
9.988764e-01 -1.576418e-03 4.736475e-02 -8.268586e+00 1.655689e-03 9.999973e-01 -1.634383e-03 -4.884032e+00 -4.736195e-02 1.710964e-03 9.988763e-01 2.128163e+02
9.988567e-01 1.642981e-03 -4.777487e-02 -8.360586e+00 -1.562041e-03 9.999973e-01 1.731402e-03 -4.908337e+00 4.777768e-02 -1.654800e-03 9.988566e-01 2.139514e+02
9.988751e-01 -1.578906e-03 4.739162e-02 -8.466445e+00 1.658326e-03 9.999973e-01 -1.636485e-03 -4.930098e+00 -4.738881e-02 1.713231e-03 9.988750e-01 2.150037e+02
9.988662e-01 1.628662e-03 -4.757758e-02 -8.593256e+00 -1.547762e-03 9.999973e-01 1.737102e-03 -4.952751e+00 4.758037e-02 -1.661497e-03 9.988660e-01 2.161323e+02
9.989079e-01 -1.538026e-03 4.669705e-02 -8.658702e+00 1.616417e-03 9.999973e-01 -1.640950e-03 -4.977406e+00 -4.669430e-02 1.714636e-03 9.989077e-01 2.172327e+02
9.986225e-01 1.836908e-03 -5.243699e-02 -8.668923e+00 -1.739829e-03 9.999967e-01 1.896873e-03 -4.998857e+00 5.244039e-02 -1.803032e-03 9.986224e-01 2.180779e+02
9.988035e-01 -1.615215e-03 4.887571e-02 -8.705546e+00 1.701296e-03 9.999971e-01 -1.719623e-03 -5.022291e+00 -4.887269e-02 1.800713e-03 9.988033e-01 2.190696e+02
9.987742e-01 1.708352e-03 -4.946861e-02 -8.746337e+00 -1.620782e-03 9.999970e-01 1.810205e-03 -5.045805e+00 4.947166e-02 -1.727812e-03 9.987740e-01 2.200787e+02
9.987993e-01 -1.616465e-03 4.896189e-02 -8.796749e+00 1.702817e-03 9.999971e-01 -1.721943e-03 -5.065817e+00 -4.895887e-02 1.803245e-03 9.987991e-01 2.209582e+02
9.987914e-01 1.685605e-03 -4.911989e-02 -8.858226e+00 -1.598766e-03 9.999971e-01 1.807065e-03 -5.087024e+00 4.912289e-02 -1.726354e-03 9.987912e-01 2.219086e+02
9.988049e-01 -1.604895e-03 4.884886e-02 -8.897916e+00 1.691129e-03 9.999971e-01 -1.723991e-03 -5.112154e+00 -4.884586e-02 1.804536e-03 9.988046e-01 2.229857e+02
9.987917e-01 1.686255e-03 -4.911435e-02 -8.933837e+00 -1.599455e-03 9.999971e-01 1.806492e-03 -5.137727e+00 4.911735e-02 -1.725757e-03 9.987915e-01 2.240752e+02
9.988852e-01 -1.498367e-03 4.718104e-02 -8.886225e+00 1.580841e-03 9.999973e-01 -1.710699e-03 -5.159944e+00 -4.717825e-02 1.783374e-03 9.988848e-01 2.248605e+02
9.985854e-01 1.856761e-03 -5.313900e-02 -8.643528e+00 -1.755037e-03 9.999965e-01 1.960833e-03 -5.185168e+00 5.314255e-02 -1.864802e-03 9.985851e-01 2.254612e+02
9.986874e-01 -1.608618e-03 5.119304e-02 -8.411575e+00 1.705401e-03 9.999968e-01 -1.846885e-03 -5.212329e+00 -5.118981e-02 1.931762e-03 9.986870e-01 2.261700e+02
9.986542e-01 1.822043e-03 -5.183026e-02 -8.068823e+00 -1.725251e-03 9.999967e-01 1.912097e-03 -5.242984e+00 5.183366e-02 -1.820107e-03 9.986540e-01 2.268619e+02
9.986676e-01 -1.642906e-03 5.157817e-02 -7.859126e+00 1.740034e-03 9.999968e-01 -1.838234e-03 -5.272972e+00 -5.157489e-02 1.925529e-03 9.986672e-01 2.277346e+02
9.986799e-01 1.845282e-03 -5.133110e-02 -7.406094e+00 -1.751168e-03 9.999967e-01 1.878344e-03 -5.310438e+00 5.133450e-02 -1.785979e-03 9.986799e-01 2.285450e+02
9.987015e-01 -1.590256e-03 5.091916e-02 -6.806116e+00 1.685418e-03 9.999969e-01 -1.825954e-03 -5.352381e+00 -5.091600e-02 1.909399e-03 9.987010e-01 2.293083e+02
9.986528e-01 1.769503e-03 -5.185894e-02 -6.710930e+00 -1.672928e-03 9.999968e-01 1.905559e-03 -5.375928e+00 5.186224e-02 -1.816239e-03 9.986525e-01 2.300913e+02
9.987606e-01 -1.550396e-03 4.974716e-02 -6.556779e+00 1.642541e-03 9.999970e-01 -1.811388e-03 -5.395505e+00 -4.974411e-02 1.890851e-03 9.987601e-01 2.306035e+02
9.988101e-01 1.708905e-03 -4.873705e-02 -5.816988e+00 -1.624309e-03 9.999971e-01 1.775249e-03 -5.430119e+00 4.874003e-02 -1.693977e-03 9.988100e-01 2.308697e+02
9.983984e-01 -1.701168e-03 5.654794e-02 -4.695515e+00 1.818521e-03 9.999963e-01 -2.023839e-03 -5.482661e+00 -5.654420e-02 2.123427e-03 9.983978e-01 2.313108e+02
9.985547e-01 1.831947e-03 -5.371307e-02 -3.731717e+00 -1.729536e-03 9.999966e-01 1.953006e-03 -5.524897e+00 5.371656e-02 -1.857288e-03 9.985544e-01 2.315579e+02
9.985321e-01 -1.648096e-03 5.413751e-02 -3.207786e+00 1.755891e-03 9.999966e-01 -1.943588e-03 -5.553653e+00 -5.413403e-02 2.035790e-03 9.985315e-01 2.318975e+02
9.985070e-01 1.941988e-03 -5.458839e-02 -2.353440e+00 -1.835464e-03 9.999963e-01 2.001403e-03 -5.598944e+00 5.459217e-02 -1.898223e-03 9.985069e-01 2.324335e+02
9.986038e-01 -1.552630e-03 5.280163e-02 -1.223778e+00 1.655202e-03 9.999968e-01 -1.898872e-03 -5.655257e+00 -5.279842e-02 1.983614e-03 9.986032e-01 2.330024e+02
9.984923e-01 1.983005e-03 -5.485542e-02 2.992459e-01 -1.874789e-03 9.999962e-01 2.024069e-03 -5.722116e+00 5.485932e-02 -1.918179e-03 9.984922e-01 2.334343e+02
9.985778e-01 -1.550090e-03 5.329092e-02 2.113821e+00 1.652510e-03 9.999969e-01 -1.877843e-03 -5.796155e+00 -5.328775e-02 1.963232e-03 9.985772e-01 2.337553e+02
9.985086e-01 2.008959e-03 -5.455642e-02 4.294520e+00 -1.902551e-03 9.999962e-01 2.002220e-03 -5.882399e+00 5.456032e-02 -1.895441e-03 9.985086e-01 2.340367e+02
9.986796e-01 -1.451300e-03 5.135118e-02 6.578134e+00 1.546200e-03 9.999972e-01 -1.808336e-03 -5.973878e+00 -5.134832e-02 1.885343e-03 9.986790e-01 2.343616e+02
9.985607e-01 1.965615e-03 -5.359591e-02 8.797981e+00 -1.863788e-03 9.999964e-01 1.949747e-03 -6.065027e+00 5.359965e-02 -1.847053e-03 9.985607e-01 2.347651e+02
9.986506e-01 -1.464821e-03 5.191032e-02 1.102614e+01 1.559905e-03 9.999972e-01 -1.791179e-03 -6.157806e+00 -5.190745e-02 1.869734e-03 9.986501e-01 2.352368e+02
9.985444e-01 1.951383e-03 -5.389988e-02 1.299849e+01 -1.850112e-03 9.999964e-01 1.928649e-03 -6.242351e+00 5.390354e-02 -1.826124e-03 9.985444e-01 2.357457e+02
9.986457e-01 -1.495307e-03 5.200364e-02 1.464807e+01 1.590983e-03 9.999971e-01 -1.798398e-03 -6.317694e+00 -5.200071e-02 1.878696e-03 9.986452e-01 2.363526e+02
9.986697e-01 1.860681e-03 -5.152980e-02 1.635369e+01 -1.768940e-03 9.999968e-01 1.825833e-03 -6.397022e+00 5.153313e-02 -1.732255e-03 9.986697e-01 2.370260e+02
9.987706e-01 -1.411069e-03 4.955031e-02 1.787133e+01 1.498908e-03 9.999974e-01 -1.735550e-03 -6.470335e+00 -4.954764e-02 1.807684e-03 9.987701e-01 2.377217e+02
9.986946e-01 1.837248e-03 -5.104584e-02 1.947220e+01 -1.747640e-03 9.999969e-01 1.799950e-03 -6.544798e+00 5.104909e-02 -1.708394e-03 9.986946e-01 2.383405e+02
9.987094e-01 -1.459547e-03 5.076711e-02 2.120334e+01 1.549389e-03 9.999973e-01 -1.730336e-03 -6.620593e+00 -5.076435e-02 1.806758e-03 9.987090e-01 2.388354e+02
9.986841e-01 1.812934e-03 -5.125199e-02 2.265347e+01 -1.723944e-03 9.999969e-01 1.780428e-03 -6.687082e+00 5.125515e-02 -1.689733e-03 9.986841e-01 2.393646e+02
9.989099e-01 -1.288787e-03 4.666196e-02 2.418423e+01 1.365666e-03 9.999978e-01 -1.615695e-03 -6.757666e+00 -4.665968e-02 1.677655e-03 9.989094e-01 2.399112e+02
9.986959e-01 1.819752e-03 -5.102035e-02 2.587244e+01 -1.731762e-03 9.999969e-01 1.768714e-03 -6.833999e+00 5.102351e-02 -1.678056e-03 9.986960e-01 2.404608e+02
9.987598e-01 -1.413149e-03 4.976755e-02 2.741889e+01 1.498810e-03 9.999975e-01 -1.683894e-03 -6.905451e+00 -4.976495e-02 1.756394e-03 9.987593e-01 2.410433e+02
9.986563e-01 1.865876e-03 -5.178863e-02 2.914322e+01 -1.775983e-03 9.999968e-01 1.781679e-03 -6.982616e+00 5.179188e-02 -1.687313e-03 9.986564e-01 2.415962e+02
9.986956e-01 -1.419708e-03 5.104013e-02 3.142358e+01 1.506850e-03 9.999975e-01 -1.668843e-03 -7.075917e+00 -5.103753e-02 1.743572e-03 9.986951e-01 2.420097e+02
9.987013e-01 1.834560e-03 -5.091348e-02 3.379946e+01 -1.748573e-03 9.999970e-01 1.733312e-03 -7.170988e+00 5.091660e-02 -1.642039e-03 9.987015e-01 2.423548e+02
9.987310e-01 -1.395760e-03 5.034225e-02 3.617000e+01 1.479870e-03 9.999976e-01 -1.633488e-03 -7.265806e+00 -5.033975e-02 1.705912e-03 9.987306e-01 2.426979e+02
9.986231e-01 1.921670e-03 -5.242227e-02 3.876322e+01 -1.831798e-03 9.999968e-01 1.762327e-03 -7.368260e+00 5.242558e-02 -1.663877e-03 9.986234e-01 2.430145e+02
9.987181e-01 -1.381972e-03 5.059915e-02 4.144146e+01 1.465417e-03 9.999976e-01 -1.612029e-03 -7.475996e+00 -5.059671e-02 1.684108e-03 9.987177e-01 2.434242e+02
9.986013e-01 1.930591e-03 -5.283561e-02 4.406807e+01 -1.840112e-03 9.999968e-01 1.761014e-03 -7.580717e+00 5.283893e-02 -1.661330e-03 9.986016e-01 2.437956e+02
9.987346e-01 -1.358475e-03 5.027292e-02 4.677888e+01 1.439811e-03 9.999977e-01 -1.581669e-03 -7.688652e+00 -5.027057e-02 1.652048e-03 9.987342e-01 2.441719e+02
9.986291e-01 1.867032e-03 -5.231010e-02 4.919618e+01 -1.779170e-03 9.999969e-01 1.726114e-03 -7.785589e+00 5.231326e-02 -1.630683e-03 9.986293e-01 2.445392e+02
9.987394e-01 -1.372990e-03 5.017579e-02 5.142453e+01 1.453392e-03 9.999977e-01 -1.565914e-03 -7.876506e+00 -5.017343e-02 1.636861e-03 9.987391e-01 2.449357e+02
9.986105e-01 1.908070e-03 -5.266215e-02 5.386944e+01 -1.820297e-03 9.999969e-01 1.714591e-03 -7.974549e+00 5.266535e-02 -1.616351e-03 9.986108e-01 2.452949e+02
9.987681e-01 -1.338493e-03 4.960212e-02 5.651470e+01 1.416144e-03 9.999978e-01 -1.530333e-03 -8.077755e+00 -4.959987e-02 1.598688e-03 9.987678e-01 2.455750e+02
9.985730e-01 1.891560e-03 -5.337017e-02 5.885527e+01 -1.802673e-03 9.999969e-01 1.713536e-03 -8.168933e+00 5.337333e-02 -1.614885e-03 9.985733e-01 2.458142e+02
9.987177e-01 -1.440499e-03 5.060399e-02 6.079295e+01 1.521025e-03 9.999976e-01 -1.552788e-03 -8.244029e+00 -5.060154e-02 1.627764e-03 9.987175e-01 2.459961e+02
9.986143e-01 1.852179e-03 -5.259216e-02 6.259583e+01 -1.766309e-03 9.999970e-01 1.679154e-03 -8.315399e+00 5.259521e-02 -1.583936e-03 9.986146e-01 2.462243e+02
9.987054e-01 -1.428346e-03 5.084623e-02 6.460750e+01 1.509277e-03 9.999977e-01 -1.553288e-03 -8.393964e+00 -5.084380e-02 1.628015e-03 9.987052e-01 2.464337e+02
9.986533e-01 1.829540e-03 -5.184757e-02 6.668764e+01 -1.746427e-03 9.999971e-01 1.648251e-03 -8.475286e+00 5.185053e-02 -1.555486e-03 9.986536e-01 2.466635e+02
9.987175e-01 -1.441300e-03 5.060821e-02 6.867201e+01 1.521099e-03 9.999977e-01 -1.538280e-03 -8.552215e+00 -5.060578e-02 1.613284e-03 9.987173e-01 2.468567e+02
