9.999422e-01 4.777104e-04 -1.074443e-02 7.298551e-04 -4.673627e-04 9.999994e-01 9.655617e-04 -7.436706e-04 1.074489e-02 -9.604838e-04 9.999417e-01 7.898769e-02
9.996852e-01 -1.774234e-03 2.502586e-02 1.279899e-02 1.829474e-03 9.999959e-01 -2.184591e-03 -5.415685e-04 -2.502188e-02 2.229688e-03 9.996843e-01 1.604331e-01
9.999531e-01 3.610971e-04 -9.681759e-03 2.901638e-02 -3.519795e-04 9.999995e-01 9.434156e-04 -5.486393e-04 9.682097e-03 -9.399632e-04 9.999526e-01 2.522014e-01
9.997919e-01 -1.092090e-03 2.037200e-02 3.276191e-02 1.130120e-03 9.999976e-01 -1.855335e-03 -5.516515e-04 -2.036992e-02 1.877972e-03 9.997906e-01 3.329008e-01
9.999755e-01 -1.560141e-03 6.821086e-03 4.160187e-02 1.563376e-03 9.999987e-01 -4.688808e-04 1.443652e-03 -6.820340e-03 4.795333e-04 9.999765e-01 4.183508e-01
9.998472e-01 -8.317261e-04 1.745821e-02 5.329416e-02 8.594773e-04 9.999984e-01 -1.582132e-03 2.774301e-03 -1.745686e-02 1.596895e-03 9.998462e-01 5.074405e-01
9.998801e-01 6.544437e-04 -1.547078e-02 5.814174e-02 -6.298036e-04 9.999985e-01 1.597504e-03 1.736020e-03 1.547181e-02 -1.587569e-03 9.998789e-01 6.123510e-01
9.999740e-01 3.270022e-04 -7.205677e-03 5.534613e-02 -3.254420e-04 9.999999e-01 2.176906e-04 2.295162e-03 7.205753e-03 -2.153399e-04 9.999739e-01 7.104685e-01
9.999871e-01 2.563007e-04 -5.072502e-03 5.928456e-02 -2.517896e-04 9.999996e-01 8.899371e-04 1.535450e-03 5.072733e-03 -8.886483e-04 9.999866e-01 8.047343e-01
9.998475e-01 7.435543e-04 -1.744703e-02 5.872233e-02 -7.285193e-04 9.999994e-01 8.680907e-04 2.118101e-03 1.744767e-02 -8.552476e-04 9.998473e-01 8.915067e-01
9.999989e-01 -1.797657e-05 1.479202e-03 5.612196e-02 1.722973e-05 9.999999e-01 5.049200e-04 1.815493e-03 -1.479210e-03 -5.048936e-04 9.999987e-01 9.864586e-01
9.999864e-01 1.147972e-04 -5.211251e-03 4.248979e-02 -1.150787e-04 1.000000e+00 -5.370793e-05 5.640598e-04 5.211246e-03 5.430733e-05 9.999863e-01 1.074354e+00
9.998202e-01 -1.379858e-03 1.891139e-02 4.987004e-02 1.401726e-03 9.999984e-01 -1.143125e-03 6.216044e-04 -1.890978e-02 1.169428e-03 9.998204e-01 1.161307e+00
9.999989e-01 -3.267330e-04 -1.470039e-03 6.867787e-02 3.263072e-04 9.999999e-01 -2.898965e-04 8.122773e-04 1.470137e-03 2.894166e-04 9.999988e-01 1.254367e+00
9.999999e-01 3.372290e-04 -3.386569e-04 6.167124e-02 -3.370509e-04 9.999998e-01 5.257786e-04 -2.474204e-04 3.388377e-04 -5.256642e-04 9.999997e-01 1.337026e+00
9.999857e-01 -2.915667e-04 -5.337291e-03 5.219085e-02 2.919381e-04 1.000000e+00 6.880678e-05 -1.384130e-03 5.337274e-03 -7.036371e-05 9.999857e-01 1.429568e+00
9.999965e-01 2.248099e-04 2.638834e-03 4.379006e-02 -2.253779e-04 1.000000e+00 2.149680e-04 -2.607803e-03 -2.638782e-03 -2.155618e-04 9.999964e-01 1.516990e+00
9.999957e-01 -4.129466e-04 -2.902402e-03 4.230778e-02 4.122771e-04 9.999999e-01 -2.312999e-04 -3.454593e-03 2.902500e-03 2.301026e-04 9.999957e-01 1.579257e+00
9.999217e-01 1.109772e-03 -1.246821e-02 3.839523e-02 -1.089848e-03 9.999981e-01 1.604650e-03 -3.890379e-03 1.246997e-02 -1.590935e-03 9.999209e-01 1.694341e+00
9.999739e-01 -2.358167e-04 -7.215892e-03 3.676968e-02 2.354248e-04 1.000000e+00 -5.516058e-05 -3.626700e-03 7.215904e-03 5.346090e-05 9.999739e-01 1.789478e+00
9.999983e-01 4.792245e-04 1.790607e-03 2.597881e-02 -4.802855e-04 9.999997e-01 5.922122e-04 -4.297879e-03 -1.790324e-03 -5.930706e-04 9.999981e-01 1.850764e+00
9.999981e-01 -9.745460e-04 1.686182e-03 2.457581e-02 9.758316e-04 9.999992e-01 -7.618118e-04 -5.110321e-03 -1.685440e-03 7.634563e-04 9.999982e-01 1.940394e+00
9.996114e-01 2.100924e-03 -2.779519e-02 1.557598e-02 -2.024494e-03 9.999941e-01 2.777598e-03 -3.910736e-03 2.780086e-02 -2.720247e-03 9.996097e-01 2.037236e+00
9.999391e-01 -4.102438e-04 -1.102480e-02 -1.083260e-03 4.117765e-04 9.999999e-01 1.367516e-04 -7.446235e-04 1.102473e-02 -1.412820e-04 9.999391e-01 2.125378e+00
9.997776e-01 1.731180e-03 -2.101944e-02 -1.522623e-02 -1.683974e-03 9.999960e-01 2.263306e-03 1.413094e-03 2.102327e-02 -2.227405e-03 9.997764e-01 2.196896e+00
9.999899e-01 -1.057385e-03 4.375591e-03 -2.135107e-02 1.061820e-03 9.999989e-01 -1.011348e-03 1.349346e-03 -4.374529e-03 1.015985e-03 9.999898e-01 2.278703e+00
9.997272e-01 1.843838e-03 -2.328326e-02 -2.622444e-02 -1.787590e-03 9.999954e-01 2.436389e-03 1.544553e-03 2.328763e-02 -2.394102e-03 9.997258e-01 2.356540e+00
9.999874e-01 -1.033951e-03 4.918172e-03 -2.869652e-02 1.039130e-03 9.999989e-01 -1.050576e-03 1.709136e-03 -4.917097e-03 1.055675e-03 9.999873e-01 2.439032e+00
9.995703e-01 2.124823e-03 -2.923383e-02 -3.176914e-02 -2.042537e-03 9.999939e-01 2.844331e-03 2.842824e-03 2.923968e-02 -2.783396e-03 9.995685e-01 2.520837e+00
9.999976e-01 -9.476939e-04 1.967162e-03 -3.689462e-02 9.494195e-04 9.999992e-01 -8.763315e-04 4.386403e-03 -1.966351e-03 8.781991e-04 9.999976e-01 2.583456e+00
9.995772e-01 2.131480e-03 -2.899896e-02 -3.993888e-02 -2.048450e-03 9.999937e-01 2.892605e-03 5.807422e-03 2.900492e-02 -2.831976e-03 9.995752e-01 2.662469e+00
9.999876e-01 -6.211112e-04 -4.936361e-03 -4.881658e-02 6.193603e-04 9.999997e-01 -3.562935e-04 8.240832e-03 4.936554e-03 3.532341e-04 9.999877e-01 2.742418e+00
9.997953e-01 1.687133e-03 -2.016240e-02 -5.174996e-02 -1.642459e-03 9.999962e-01 2.232049e-03 9.348523e-03 2.016606e-02 -2.198473e-03 9.997941e-01 2.816435e+00
9.999839e-01 -1.205995e-03 5.543176e-03 -5.897584e-02 1.211765e-03 9.999987e-01 -1.037604e-03 8.744694e-03 -5.541948e-03 1.044307e-03 9.999840e-01 2.905551e+00
9.998810e-01 1.309866e-03 -1.537077e-02 -8.302713e-02 -1.282276e-03 9.999975e-01 1.804690e-03 7.892190e-03 1.537306e-02 -1.784763e-03 9.998801e-01 3.002829e+00
9.999996e-01 -8.543093e-04 8.583258e-05 -1.021675e-01 8.543692e-04 9.999994e-01 -6.944171e-04 7.614710e-03 -8.527248e-05 6.944930e-04 9.999997e-01 3.096570e+00
9.999352e-01 1.053576e-03 -1.133342e-02 -1.225391e-01 -1.037706e-03 9.999985e-01 1.406055e-03 7.017887e-03 1.133485e-02 -1.394200e-03 9.999347e-01 3.170663e+00
9.999527e-01 -1.504160e-03 9.604514e-03 -1.586035e-01 1.516361e-03 9.999981e-01 -1.263185e-03 5.874512e-03 -9.602630e-03 1.277692e-03 9.999530e-01 3.242073e+00
9.999213e-01 1.490562e-03 -1.245845e-02 -1.493523e-01 -1.471875e-03 9.999978e-01 1.508949e-03 3.769782e-03 1.246063e-02 -1.490490e-03 9.999212e-01 3.334846e+00
9.999846e-01 -1.482163e-03 5.355357e-03 -1.520238e-01 1.487304e-03 9.999984e-01 -9.559740e-04 2.342802e-03 -5.353967e-03 9.639273e-04 9.999851e-01 3.414118e+00
9.998175e-01 1.769744e-03 -1.902214e-02 -1.697149e-01 -1.728523e-03 9.999961e-01 2.183199e-03 1.401628e-03 1.902589e-02 -2.149917e-03 9.998166e-01 3.533431e+00
9.999833e-01 -1.402315e-03 5.600585e-03 -1.845418e-01 1.407886e-03 9.999985e-01 -9.908863e-04 3.408208e-04 -5.599225e-03 9.987581e-04 9.999837e-01 3.652328e+00
9.999641e-01 1.226347e-03 -8.388840e-03 -6.130380e-02 -1.217539e-03 9.999987e-01 1.054884e-03 -6.511733e-04 8.390085e-03 -1.044629e-03 9.999642e-01 3.654462e+00
9.999607e-01 -2.012700e-03 8.634729e-03 9.439295e-02 2.021575e-03 9.999974e-01 -1.019057e-03 -2.932836e-03 -8.632694e-03 1.036476e-03 9.999621e-01 3.739843e+00
9.999561e-01 1.776102e-03 -9.202551e-03 1.796893e-01 -1.765851e-03 9.999978e-01 1.121828e-03 -5.078888e-03 9.204485e-03 -1.105525e-03 9.999569e-01 3.812137e+00
9.999662e-01 -2.000886e-03 7.968263e-03 2.883900e-01 2.008742e-03 9.999975e-01 -9.778724e-04 -6.807346e-03 -7.966325e-03 9.938489e-04 9.999677e-01 3.844520e+00
9.996362e-01 2.712533e-03 -2.683470e-02 2.781944e-01 -2.647797e-03 9.999935e-01 2.447602e-03 -6.831781e-03 2.684112e-02 -2.375656e-03 9.996368e-01 3.943025e+00
9.999988e-01 -1.556981e-03 -9.096160e-05 2.685924e-01 1.556934e-03 9.999987e-01 -5.171934e-04 -5.482844e-03 9.172428e-05 5.170547e-04 9.999998e-01 4.027347e+00
9.997598e-01 2.401491e-03 -2.178232e-02 2.680904e-01 -2.360635e-03 9.999954e-01 1.901123e-03 -4.293222e-03 2.178674e-02 -1.849243e-03 9.997608e-01 4.053468e+00
9.999692e-01 -1.932992e-03 7.606695e-03 2.574068e-01 1.941475e-03 9.999975e-01 -1.107854e-03 -4.344362e-03 -7.604580e-03 1.122592e-03 9.999704e-01 4.101204e+00
9.996247e-01 2.690266e-03 -2.726317e-02 2.569104e-01 -2.625837e-03 9.999937e-01 2.398710e-03 -3.727168e-03 2.726940e-02 -2.326217e-03 9.996253e-01 4.142133e+00
9.999052e-01 -2.232731e-03 1.358416e-02 2.554517e-01 2.254454e-03 9.999962e-01 -1.583931e-03 -3.903728e-03 -1.358062e-02 1.614409e-03 9.999064e-01 4.176990e+00
9.996039e-01 2.739230e-03 -2.801019e-02 2.493553e-01 -2.667632e-03 9.999931e-01 2.593152e-03 -4.339190e-03 2.801705e-02 -2.517400e-03 9.996042e-01 4.251851e+00
9.999443e-01 -2.091538e-03 1.034662e-02 2.497468e-01 2.105490e-03 9.999969e-01 -1.337631e-03 -4.396581e-03 -1.034384e-02 1.359346e-03 9.999455e-01 4.315578e+00
9.999014e-01 1.804034e-03 -1.392328e-02 4.127890e-01 -1.782296e-03 9.999972e-01 1.573463e-03 -4.961716e-03 1.392603e-02 -1.548489e-03 9.999017e-01 4.289982e+00
9.999321e-01 -2.466194e-03 1.138885e-02 6.965362e-01 2.484249e-03 9.999957e-01 -1.571399e-03 -3.738257e-03 -1.138498e-02 1.599589e-03 9.999338e-01 4.145519e+00
9.999265e-01 2.061369e-03 -1.194669e-02 8.301128e-01 -2.042516e-03 9.999967e-01 1.589959e-03 -5.317206e-03 1.194988e-02 -1.565437e-03 9.999273e-01 4.174046e+00
9.999334e-01 -2.512420e-03 1.126553e-02 8.111541e-01 2.527253e-03 9.999960e-01 -1.302553e-03 -6.735276e-03 -1.126227e-02 1.330941e-03 9.999356e-01 4.299754e+00
9.997565e-01 2.811521e-03 -2.188608e-02 8.015629e-01 -2.767724e-03 9.999941e-01 2.031099e-03 -7.734076e-03 2.189161e-02 -1.970026e-03 9.997583e-01 4.384586e+00
9.999722e-01 -2.319198e-03 7.081143e-03 8.007967e-01 2.327119e-03 9.999967e-01 -1.110393e-03 -7.878964e-03 -7.078599e-03 1.126846e-03 9.999742e-01 4.427461e+00
9.999377e-01 2.171715e-03 -1.094743e-02 7.972109e-01 -2.157378e-03 9.999968e-01 1.321221e-03 -9.408873e-03 1.095021e-02 -1.297516e-03 9.999391e-01 4.499708e+00
9.999587e-01 -2.337748e-03 8.778808e-03 7.854448e-01 2.347841e-03 9.999966e-01 -1.139448e-03 -1.126379e-02 -8.776169e-03 1.160016e-03 9.999607e-01 4.591040e+00
9.998679e-01 2.363942e-03 -1.608003e-02 7.725425e-01 -2.339729e-03 9.999961e-01 1.524368e-03 -1.238432e-02 1.608352e-02 -1.486540e-03 9.998695e-01 4.652384e+00
9.999438e-01 -2.465014e-03 1.031007e-02 7.600955e-01 2.476185e-03 9.999964e-01 -1.070726e-03 -1.405325e-02 -1.030745e-02 1.096200e-03 9.999462e-01 4.744721e+00
9.999513e-01 2.076608e-03 -9.649388e-03 8.337614e-01 -2.066075e-03 9.999973e-01 1.101298e-03 -1.671745e-02 9.651593e-03 -1.081304e-03 9.999527e-01 4.867067e+00
9.999598e-01 -2.381151e-03 8.639535e-03 8.246988e-01 2.387854e-03 9.999969e-01 -7.654888e-04 -1.845066e-02 -8.637741e-03 7.860924e-04 9.999623e-01 4.994277e+00
9.999588e-01 2.105737e-03 -8.829904e-03 8.338680e-01 -2.097216e-03 9.999973e-01 9.739914e-04 -2.045226e-02 8.831875e-03 -9.554288e-04 9.999605e-01 5.121109e+00
9.999522e-01 -2.431747e-03 9.469310e-03 8.417807e-01 2.440628e-03 9.999966e-01 -9.262767e-04 -2.227483e-02 -9.467081e-03 9.493480e-04 9.999546e-01 5.238876e+00
9.999132e-01 2.290288e-03 -1.297731e-02 8.308258e-01 -2.273182e-03 9.999965e-01 1.332666e-03 -2.414492e-02 1.298026e-02 -1.303046e-03 9.999148e-01 5.357342e+00
9.999286e-01 -2.528089e-03 1.167439e-02 8.291185e-01 2.539269e-03 9.999963e-01 -9.428286e-04 -2.612923e-02 -1.167202e-02 9.724103e-04 9.999313e-01 5.494497e+00
9.999263e-01 2.234115e-03 -1.193113e-02 8.579154e-01 -2.220099e-03 9.999968e-01 1.187720e-03 -2.855727e-02 1.193369e-02 -1.161139e-03 9.999280e-01 5.642587e+00
9.999409e-01 -2.445454e-03 1.058987e-02 8.610696e-01 2.453714e-03 9.999967e-01 -7.669402e-04 -3.070830e-02 -1.058802e-02 7.928840e-04 9.999435e-01 5.790250e+00
9.999371e-01 2.023872e-03 -1.103413e-02 8.480672e-01 -2.012849e-03 9.999975e-01 1.009834e-03 -3.223574e-02 1.103609e-02 -9.875557e-04 9.999385e-01 5.910853e+00
9.999287e-01 -2.574580e-03 1.165659e-02 8.275735e-01 2.585417e-03 9.999962e-01 -9.145542e-04 -3.344081e-02 -1.165425e-02 9.446308e-04 9.999315e-01 6.034106e+00
9.999382e-01 2.073219e-03 -1.092498e-02 8.127617e-01 -2.062385e-03 9.999974e-01 1.002754e-03 -3.478257e-02 1.092697e-02 -9.801558e-04 9.999397e-01 6.157576e+00
9.999425e-01 -2.383893e-03 1.045737e-02 9.213810e-01 2.392876e-03 9.999968e-01 -8.464421e-04 -3.761448e-02 -1.045537e-02 8.714213e-04 9.999449e-01 6.258759e+00
9.999092e-01 2.403805e-03 -1.325510e-02 1.046618e+00 -2.384928e-03 9.999961e-01 1.439691e-03 -4.022276e-02 1.325845e-02 -1.407943e-03 9.999110e-01 6.339857e+00
9.999380e-01 -2.419834e-03 1.087271e-02 1.056692e+00 2.430948e-03 9.999965e-01 -1.008931e-03 -4.264079e-02 -1.087029e-02 1.035304e-03 9.999403e-01 6.469507e+00
9.999276e-01 2.136206e-03 -1.183862e-02 1.046522e+00 -2.121091e-03 9.999969e-01 1.288971e-03 -4.434611e-02 1.184128e-02 -1.263762e-03 9.999290e-01 6.583516e+00
9.999254e-01 -2.472623e-03 1.195839e-02 1.051208e+00 2.486457e-03 9.999963e-01 -1.142005e-03 -4.617205e-02 -1.195558e-02 1.171659e-03 9.999278e-01 6.705004e+00
9.999200e-01 2.214842e-03 -1.245175e-02 1.056287e+00 -2.199371e-03 9.999968e-01 1.255949e-03 -4.807832e-02 1.245443e-02 -1.228458e-03 9.999216e-01 6.802290e+00
9.999247e-01 -2.573055e-03 1.199806e-02 1.052348e+00 2.586980e-03 9.999960e-01 -1.145099e-03 -4.978118e-02 -1.199512e-02 1.176056e-03 9.999273e-01 6.891611e+00
9.999259e-01 2.206396e-03 -1.196732e-02 1.046010e+00 -2.191887e-03 9.999968e-01 1.225241e-03 -5.136122e-02 1.196993e-02 -1.198914e-03 9.999275e-01 6.986291e+00
9.999373e-01 -2.520504e-03 1.091049e-02 1.033234e+00 2.531633e-03 9.999963e-01 -1.006247e-03 -5.299681e-02 -1.090797e-02 1.033810e-03 9.999399e-01 7.089460e+00
9.999239e-01 2.358748e-03 -1.210604e-02 1.040391e+00 -2.344299e-03 9.999965e-01 1.207418e-03 -5.510484e-02 1.210879e-02 -1.178941e-03 9.999259e-01 7.195361e+00
9.999362e-01 -2.630098e-03 1.098720e-02 1.042370e+00 2.641754e-03 9.999960e-01 -1.046353e-03 -5.698540e-02 -1.098446e-02 1.075317e-03 9.999390e-01 7.287968e+00
9.999298e-01 2.305058e-03 -1.162083e-02 1.022485e+00 -2.291326e-03 9.999967e-01 1.194705e-03 -5.843289e-02 1.162348e-02 -1.167989e-03 9.999317e-01 7.383916e+00
9.999589e-01 -2.377083e-03 8.753145e-03 1.018597e+00 2.386352e-03 9.999966e-01 -1.048447e-03 -6.012154e-02 -8.750680e-03 1.069297e-03 9.999610e-01 7.455584e+00
9.999488e-01 2.003424e-03 -9.917138e-03 1.006190e+00 -1.992030e-03 9.999973e-01 1.158545e-03 -6.165089e-02 9.919375e-03 -1.138725e-03 9.999501e-01 7.529383e+00
9.999379e-01 -2.516033e-03 1.085461e-02 9.800203e-01 2.529124e-03 9.999961e-01 -1.192341e-03 -6.275256e-02 -1.085162e-02 1.219725e-03 9.999403e-01 7.619927e+00
9.998209e-01 2.700402e-03 -1.873084e-02 9.715579e-01 -2.668119e-03 9.999949e-01 1.748227e-03 -6.381576e-02 1.873541e-02 -1.697933e-03 9.998229e-01 7.695683e+00
9.999818e-01 -2.242807e-03 5.599489e-03 9.656743e-01 2.248191e-03 9.999970e-01 -9.552619e-04 -6.425281e-02 -5.597388e-03 9.678383e-04 9.999838e-01 7.769483e+00
9.997077e-01 2.935836e-03 -2.399855e-02 9.684773e-01 -2.882928e-03 9.999933e-01 2.238847e-03 -6.398524e-02 2.400491e-02 -2.169002e-03 9.997094e-01 7.817792e+00
9.999638e-01 -2.199638e-03 8.220847e-03 9.997231e-01 2.211837e-03 9.999965e-01 -1.474935e-03 -6.281733e-02 -8.217635e-03 1.493070e-03 9.999650e-01 7.798885e+00
9.997545e-01 2.727634e-03 -2.198841e-02 1.021412e+00 -2.679791e-03 9.999940e-01 2.204904e-03 -6.233380e-02 2.199423e-02 -2.145434e-03 9.997557e-01 7.790374e+00
9.999770e-01 -2.093194e-03 6.447364e-03 1.022161e+00 2.101684e-03 9.999969e-01 -1.309953e-03 -6.213080e-02 -6.444666e-03 1.323478e-03 9.999783e-01 7.826679e+00
9.999572e-01 1.840090e-03 -9.061059e-03 1.014342e+00 -1.828590e-03 9.999975e-01 1.277106e-03 -6.325267e-02 9.063322e-03 -1.260477e-03 9.999580e-01 7.861457e+00
9.999424e-01 -2.325569e-03 1.048043e-02 9.939099e-01 2.339586e-03 9.999964e-01 -1.325273e-03 -6.442729e-02 -1.047738e-02 1.349722e-03 9.999441e-01 7.963853e+00
9.999498e-01 1.813084e-03 -9.857567e-03 9.635228e-01 -1.799890e-03 9.999975e-01 1.346986e-03 -6.543421e-02 9.859920e-03 -1.329171e-03 9.999504e-01 8.057328e+00
9.999306e-01 -2.263240e-03 1.155875e-02 9.482041e-01 2.280089e-03 9.999964e-01 -1.444573e-03 -6.667908e-02 -1.155551e-02 1.470833e-03 9.999321e-01 8.159219e+00
9.999426e-01 1.849217e-03 -1.055325e-02 9.404575e-01 -1.834471e-03 9.999973e-01 1.406670e-03 -6.808865e-02 1.055576e-02 -1.387224e-03 9.999432e-01 8.262533e+00
9.999307e-01 -2.305529e-03 1.154351e-02 9.209235e-01 2.322400e-03 9.999963e-01 -1.448133e-03 -6.929516e-02 -1.154019e-02 1.474846e-03 9.999322e-01 8.360380e+00
9.999333e-01 1.861310e-03 -1.139658e-02 8.948805e-01 -1.844445e-03 9.999972e-01 1.490026e-03 -7.046065e-02 1.139926e-02 -1.468901e-03 9.999339e-01 8.450870e+00
9.999339e-01 -2.275111e-03 1.127036e-02 8.825148e-01 2.290883e-03 9.999964e-01 -1.386532e-03 -7.194151e-02 -1.126723e-02 1.412264e-03 9.999354e-01 8.545297e+00
9.999419e-01 1.879270e-03 -1.061524e-02 8.796633e-01 -1.864531e-03 9.999973e-01 1.397996e-03 -7.350838e-02 1.061778e-02 -1.378117e-03 9.999426e-01 8.652263e+00
9.999375e-01 -2.296266e-03 1.094440e-02 8.706752e-01 2.311573e-03 9.999964e-01 -1.385968e-03 -7.499029e-02 -1.094124e-02 1.411186e-03 9.999391e-01 8.739330e+00
9.999474e-01 1.917555e-03 -1.007065e-02 8.780703e-01 -1.904759e-03 9.999974e-01 1.279872e-03 -7.627973e-02 1.007301e-02 -1.260618e-03 9.999484e-01 8.794945e+00
9.999504e-01 -2.206912e-03 9.712353e-03 9.425451e-01 2.222834e-03 9.999962e-01 -1.628704e-03 -7.575983e-02 -9.708785e-03 1.650218e-03 9.999514e-01 8.724224e+00
9.999416e-01 1.991918e-03 -1.061728e-02 1.061174e+00 -1.979922e-03 9.999974e-01 1.140085e-03 -7.472254e-02 1.061946e-02 -1.118992e-03 9.999429e-01 8.604877e+00
9.999415e-01 -2.300657e-03 1.057166e-02 1.133153e+00 2.315406e-03 9.999964e-01 -1.382910e-03 -7.519079e-02 -1.056850e-02 1.407312e-03 9.999431e-01 8.580979e+00
9.999319e-01 2.142371e-03 -1.147168e-02 1.243004e+00 -2.130460e-03 9.999972e-01 1.050227e-03 -7.485562e-02 1.147383e-02 -1.025710e-03 9.999336e-01 8.502815e+00
9.999544e-01 -2.532023e-03 9.210106e-03 1.449754e+00 2.547564e-03 9.999954e-01 -1.675834e-03 -7.134489e-02 -9.205884e-03 1.699226e-03 9.999561e-01 8.248993e+00
9.999269e-01 2.395727e-03 -1.185461e-02 1.617166e+00 -2.380860e-03 9.999964e-01 1.267900e-03 -6.918197e-02 1.185754e-02 -1.239578e-03 9.999288e-01 8.068414e+00
9.999296e-01 -2.705846e-03 1.155231e-02 1.689532e+00 2.725099e-03 9.999949e-01 -1.650989e-03 -6.864279e-02 -1.154785e-02 1.682359e-03 9.999318e-01 7.988699e+00
9.999319e-01 2.318129e-03 -1.143484e-02 1.710183e+00 -2.301320e-03 9.999963e-01 1.482730e-03 -6.943776e-02 1.143817e-02 -1.456309e-03 9.999334e-01 7.996916e+00
9.999172e-01 -2.799572e-03 1.255978e-02 1.688221e+00 2.819296e-03 9.999948e-01 -1.552774e-03 -7.058049e-02 -1.255543e-02 1.588061e-03 9.999198e-01 8.073831e+00
9.999270e-01 2.434289e-03 -1.183611e-02 1.686039e+00 -2.416035e-03 9.999959e-01 1.556169e-03 -7.221106e-02 1.183978e-02 -1.527454e-03 9.999287e-01 8.166429e+00
9.999191e-01 -2.781977e-03 1.241048e-02 1.687535e+00 2.801821e-03 9.999948e-01 -1.581701e-03 -7.377916e-02 -1.240608e-02 1.616351e-03 9.999216e-01 8.249771e+00
9.997637e-01 3.204073e-03 -2.149806e-02 1.700493e+00 -3.158082e-03 9.999927e-01 2.172832e-03 -7.476524e-02 2.150480e-02 -2.104421e-03 9.997664e-01 8.305084e+00
9.999950e-01 -2.253339e-03 2.231847e-03 1.757949e+00 2.254816e-03 9.999972e-01 -6.585869e-04 -7.420858e-02 -2.230423e-03 6.636213e-04 9.999972e-01 8.329867e+00
9.998595e-01 2.965696e-03 -1.649894e-02 1.810728e+00 -2.935762e-03 9.999940e-01 1.838068e-03 -7.446541e-02 1.650422e-02 -1.789367e-03 9.998621e-01 8.377396e+00
9.999881e-01 -2.368199e-03 4.252539e-03 1.833171e+00 2.372260e-03 9.999967e-01 -9.496781e-04 -7.529662e-02 -4.250345e-03 9.597604e-04 9.999904e-01 8.442058e+00
9.997290e-01 3.200812e-03 -2.305548e-02 1.848275e+00 -3.150699e-03 9.999926e-01 2.209467e-03 -7.469499e-02 2.306231e-02 -2.136222e-03 9.997317e-01 8.475499e+00
9.999857e-01 -2.446885e-03 4.748469e-03 1.854673e+00 2.451346e-03 9.999966e-01 -9.333472e-04 -7.456316e-02 -4.746240e-03 9.449796e-04 9.999882e-01 8.535098e+00
9.998776e-01 2.677692e-03 -1.541193e-02 1.849097e+00 -2.650988e-03 9.999950e-01 1.752690e-03 -7.572996e-02 1.541648e-02 -1.711614e-03 9.998796e-01 8.619405e+00
9.999368e-01 -2.615113e-03 1.092955e-02 1.861513e+00 2.629115e-03 9.999957e-01 -1.266694e-03 -7.801311e-02 -1.092627e-02 1.295355e-03 9.999394e-01 8.728476e+00
9.999148e-01 2.536673e-03 -1.280266e-02 1.875138e+00 -2.518004e-03 9.999957e-01 1.473911e-03 -8.021923e-02 1.280627e-02 -1.441543e-03 9.999169e-01 8.826538e+00
9.999385e-01 -2.634895e-03 1.077565e-02 1.872375e+00 2.648147e-03 9.999958e-01 -1.215465e-03 -8.230762e-02 -1.077248e-02 1.243931e-03 9.999411e-01 8.931887e+00
9.999201e-01 2.425569e-03 -1.240225e-02 1.864194e+00 -2.407388e-03 9.999960e-01 1.480484e-03 -8.416439e-02 1.240572e-02 -1.450503e-03 9.999219e-01 9.033305e+00
9.999399e-01 -2.629947e-03 1.064286e-02 1.849481e+00 2.642794e-03 9.999958e-01 -1.192923e-03 -8.590118e-02 -1.063975e-02 1.220984e-03 9.999426e-01 9.144649e+00
9.997526e-01 3.023703e-03 -2.203397e-02 1.848777e+00 -2.978258e-03 9.999934e-01 2.094880e-03 -8.685156e-02 2.204008e-02 -2.028733e-03 9.997549e-01 9.217099e+00
9.998396e-01 -3.050870e-03 1.764599e-02 1.846151e+00 3.082723e-03 9.999937e-01 -1.778078e-03 -8.847070e-02 -1.764053e-02 1.832196e-03 9.998426e-01 9.288094e+00
9.995692e-01 3.479884e-03 -2.914399e-02 1.844353e+00 -3.402907e-03 9.999906e-01 2.690364e-03 -8.932352e-02 2.915300e-02 -2.590025e-03 9.995715e-01 9.368490e+00
9.998996e-01 -2.825225e-03 1.388223e-02 1.843472e+00 2.848720e-03 9.999945e-01 -1.672732e-03 -8.947222e-02 -1.387750e-02 1.712116e-03 9.999022e-01 9.426838e+00
9.986529e-01 4.563791e-03 -5.168698e-02 1.835812e+00 -4.333716e-03 9.999802e-01 4.562454e-03 -8.633244e-02 5.170670e-02 -4.332305e-03 9.986528e-01 9.503737e+00
9.998923e-01 -2.784313e-03 1.441139e-02 1.835629e+00 2.806414e-03 9.999949e-01 -1.513325e-03 -8.374287e-02 -1.440718e-02 1.553612e-03 9.998949e-01 9.583130e+00
9.992601e-01 3.874565e-03 -3.826434e-02 1.843205e+00 -3.745638e-03 9.999871e-01 3.440430e-03 -8.295169e-02 3.827710e-02 -3.294554e-03 9.992617e-01 9.653615e+00
9.997897e-01 -2.989617e-03 2.028589e-02 1.856387e+00 3.035285e-03 9.999929e-01 -2.220656e-03 -8.259139e-02 -2.027919e-02 2.281769e-03 9.997917e-01 9.696105e+00
9.997299e-01 2.807664e-03 -2.306933e-02 1.849170e+00 -2.750406e-03 9.999931e-01 2.513194e-03 -8.433019e-02 2.307614e-02 -2.449059e-03 9.997306e-01 9.776542e+00
9.996983e-01 -3.317503e-03 2.433775e-02 1.851467e+00 3.379729e-03 9.999911e-01 -2.515947e-03 -8.591754e-02 -2.432927e-02 2.597450e-03 9.997005e-01 9.896891e+00
9.997151e-01 2.943073e-03 -2.368397e-02 1.838997e+00 -2.880577e-03 9.999923e-01 2.672312e-03 -8.736319e-02 2.369157e-02 -2.603321e-03 9.997158e-01 1.001862e+01
9.997149e-01 -3.356883e-03 2.363754e-02 1.816267e+00 3.415233e-03 9.999912e-01 -2.428417e-03 -8.862296e-02 -2.362927e-02 2.508459e-03 9.997176e-01 1.013560e+01
9.995206e-01 3.515922e-03 -3.076026e-02 1.802258e+00 -3.424217e-03 9.999895e-01 3.033358e-03 -9.019223e-02 3.077052e-02 -2.926568e-03 9.995221e-01 1.024908e+01
9.997100e-01 -3.589136e-03 2.381335e-02 1.785633e+00 3.648482e-03 9.999903e-01 -2.449000e-03 -9.171497e-02 -2.380442e-02 2.535178e-03 9.997133e-01 1.033693e+01
9.995842e-01 3.476782e-03 -2.862185e-02 1.762933e+00 -3.389378e-03 9.999894e-01 3.101603e-03 -9.335399e-02 2.863225e-02 -3.003297e-03 9.995854e-01 1.046757e+01
9.998892e-01 -3.060918e-03 1.456344e-02 1.747444e+00 3.085905e-03 9.999938e-01 -1.693281e-03 -9.439748e-02 -1.455826e-02 1.738041e-03 9.998924e-01 1.061233e+01
9.996196e-01 3.366797e-03 -2.737212e-02 1.734116e+00 -3.285538e-03 9.999901e-01 3.012992e-03 -9.570586e-02 2.738191e-02 -2.921907e-03 9.996207e-01 1.073893e+01
9.998286e-01 -3.249766e-03 1.822334e-02 1.716734e+00 3.286634e-03 9.999926e-01 -1.993333e-03 -9.737439e-02 -1.821681e-02 2.052891e-03 9.998319e-01 1.087826e+01
9.996184e-01 3.308502e-03 -2.742294e-02 1.699422e+00 -3.225071e-03 9.999900e-01 3.085923e-03 -9.912694e-02 2.743279e-02 -2.996298e-03 9.996191e-01 1.101836e+01
9.997622e-01 -3.396466e-03 2.154098e-02 1.678116e+00 3.447821e-03 9.999913e-01 -2.347159e-03 -1.008859e-01 -2.153290e-02 2.420877e-03 9.997651e-01 1.114934e+01
9.996680e-01 3.235561e-03 -2.556078e-02 1.655487e+00 -3.163135e-03 9.999909e-01 2.873263e-03 -1.025533e-01 2.556976e-02 -2.791451e-03 9.996691e-01 1.126371e+01
9.997427e-01 -3.455416e-03 2.241599e-02 1.632106e+00 3.510473e-03 9.999909e-01 -2.417095e-03 -1.041543e-01 -2.240752e-02 2.495171e-03 9.997457e-01 1.137515e+01
9.997261e-01 3.055492e-03 -2.320247e-02 1.602744e+00 -2.994191e-03 9.999919e-01 2.676113e-03 -1.053790e-01 2.321037e-02 -2.605901e-03 9.997271e-01 1.146925e+01
9.997245e-01 -3.354394e-03 2.322962e-02 1.579209e+00 3.414507e-03 9.999909e-01 -2.548418e-03 -1.066896e-01 -2.322095e-02 2.627041e-03 9.997268e-01 1.155845e+01
9.996631e-01 3.131546e-03 -2.576436e-02 1.554816e+00 -3.059312e-03 9.999913e-01 2.842453e-03 -1.081831e-01 2.577295e-02 -2.762668e-03 9.996639e-01 1.165156e+01
9.997640e-01 -3.295096e-03 2.147183e-02 1.530772e+00 3.348434e-03 9.999914e-01 -2.448445e-03 -1.096986e-01 -2.146367e-02 2.519771e-03 9.997664e-01 1.174789e+01
9.995588e-01 3.362348e-03 -2.951174e-02 1.503209e+00 -3.270133e-03 9.999896e-01 3.172274e-03 -1.107983e-01 2.952201e-02 -3.074360e-03 9.995593e-01 1.185913e+01
9.998111e-01 -3.219354e-03 1.916803e-02 1.477782e+00 3.264352e-03 9.999920e-01 -2.316460e-03 -1.117136e-01 -1.916050e-02 2.378601e-03 9.998135e-01 1.195365e+01
9.997602e-01 2.961013e-03 -2.169756e-02 1.451917e+00 -2.904884e-03 9.999924e-01 2.617755e-03 -1.132154e-01 2.170506e-02 -2.554091e-03 9.997611e-01 1.204763e+01
9.997816e-01 -3.396775e-03 2.061851e-02 1.418120e+00 3.447310e-03 9.999911e-01 -2.415694e-03 -1.143482e-01 -2.061021e-02 2.486251e-03 9.997844e-01 1.213032e+01
9.997973e-01 2.828355e-03 -1.993475e-02 1.379275e+00 -2.779785e-03 9.999931e-01 2.463548e-03 -1.151076e-01 1.994149e-02 -2.407627e-03 9.997982e-01 1.221452e+01
9.998282e-01 -3.070481e-03 1.827718e-02 1.356602e+00 3.111700e-03 9.999927e-01 -2.226925e-03 -1.166358e-01 -1.827030e-02 2.283423e-03 9.998304e-01 1.230829e+01
9.996614e-01 3.194961e-03 -2.582271e-02 1.339050e+00 -3.126535e-03 9.999915e-01 2.689630e-03 -1.175827e-01 2.583099e-02 -2.607977e-03 9.996628e-01 1.237389e+01
9.998693e-01 -2.970487e-03 1.589255e-02 1.328864e+00 3.005367e-03 9.999931e-01 -2.171027e-03 -1.180170e-01 -1.588608e-02 2.218514e-03 9.998713e-01 1.240392e+01
9.997861e-01 2.843381e-03 -2.048429e-02 1.313240e+00 -2.794528e-03 9.999932e-01 2.412935e-03 -1.192865e-01 2.049092e-02 -2.355168e-03 9.997872e-01 1.246341e+01
9.999980e-01 -1.981479e-03 -7.042822e-06 1.312009e+00 1.981475e-03 9.999974e-01 -1.104880e-03 -1.186293e-01 9.142143e-06 1.104871e-03 9.999993e-01 1.251541e+01
9.997949e-01 2.721220e-03 -2.006660e-02 1.305689e+00 -2.672050e-03 9.999934e-01 2.476523e-03 -1.180861e-01 2.007312e-02 -2.422389e-03 9.997955e-01 1.256921e+01
9.999957e-01 -2.014371e-03 2.106574e-03 1.301727e+00 2.017195e-03 9.999971e-01 -1.337486e-03 -1.176976e-01 -2.103965e-03 1.341736e-03 9.999968e-01 1.261267e+01
9.998382e-01 2.548029e-03 -1.780787e-02 1.295388e+00 -2.506982e-03 9.999942e-01 2.326692e-03 -1.176641e-01 1.781361e-02 -2.281664e-03 9.998387e-01 1.265881e+01
9.999911e-01 -2.106162e-03 3.637754e-03 1.283710e+00 2.110974e-03 9.999969e-01 -1.318070e-03 -1.180733e-01 -3.635059e-03 1.325744e-03 9.999924e-01 1.273652e+01
9.999366e-01 2.047803e-03 -1.107375e-02 1.263928e+00 -2.027549e-03 9.999963e-01 1.839534e-03 -1.192669e-01 1.107738e-02 -1.816958e-03 9.999369e-01 1.281300e+01
9.999927e-01 -2.007383e-03 3.248963e-03 1.244692e+00 2.012176e-03 9.999969e-01 -1.471079e-03 -1.201034e-01 -3.246093e-03 1.477613e-03 9.999936e-01 1.286779e+01
9.999015e-01 2.185670e-03 -1.386219e-02 1.227815e+00 -2.157660e-03 9.999956e-01 2.034894e-03 -1.205293e-01 1.386648e-02 -2.004777e-03 9.999018e-01 1.291126e+01
9.999948e-01 -1.967618e-03 2.547790e-03 1.210755e+00 1.971301e-03 9.999970e-01 -1.442234e-03 -1.208431e-01 -2.545039e-03 1.447256e-03 9.999956e-01 1.295415e+01
9.999821e-01 1.725778e-03 -5.722646e-03 1.194826e+00 -1.717096e-03 9.999974e-01 1.520720e-03 -1.221236e-01 5.725161e-03 -1.510860e-03 9.999824e-01 1.301450e+01
9.999930e-01 -1.896562e-03 3.199919e-03 1.179867e+00 1.901129e-03 9.999972e-01 -1.423197e-03 -1.236159e-01 -3.197305e-03 1.429277e-03 9.999938e-01 1.308513e+01
9.998075e-01 2.481702e-03 -1.946179e-02 1.170995e+00 -2.437289e-03 9.999944e-01 2.305196e-03 -1.232168e-01 1.946731e-02 -2.257311e-03 9.998079e-01 1.312007e+01
9.998933e-01 -2.666096e-03 1.435872e-02 1.146555e+00 2.696248e-03 9.999942e-01 -2.080580e-03 -1.242640e-01 -1.435318e-02 2.119080e-03 9.998947e-01 1.317610e+01
9.998746e-01 2.271067e-03 -1.567163e-02 1.116713e+00 -2.235401e-03 9.999949e-01 2.292679e-03 -1.255481e-01 1.567667e-02 -2.257352e-03 9.998745e-01 1.326454e+01
9.999374e-01 -2.417430e-03 1.092117e-02 1.093818e+00 2.437078e-03 9.999954e-01 -1.785631e-03 -1.271087e-01 -1.091690e-02 1.812142e-03 9.999387e-01 1.338343e+01
9.997915e-01 2.517910e-03 -2.026206e-02 1.069658e+00 -2.467046e-03 9.999937e-01 2.534654e-03 -1.281664e-01 2.026822e-02 -2.484131e-03 9.997914e-01 1.348830e+01
9.999237e-01 -2.517369e-03 1.208820e-02 1.052120e+00 2.539195e-03 9.999952e-01 -1.790057e-03 -1.296730e-01 -1.208373e-02 1.820622e-03 9.999253e-01 1.359391e+01
9.998921e-01 2.217873e-03 -1.452104e-02 1.029459e+00 -2.187141e-03 9.999953e-01 2.131548e-03 -1.311937e-01 1.452561e-02 -2.099552e-03 9.998922e-01 1.370266e+01
9.999258e-01 -2.589210e-03 1.190177e-02 9.997176e-01 2.610165e-03 9.999951e-01 -1.744986e-03 -1.325598e-01 -1.189729e-02 1.775930e-03 9.999276e-01 1.381122e+01
9.997795e-01 2.708420e-03 -2.082353e-02 9.723508e-01 -2.657079e-03 9.999934e-01 2.492558e-03 -1.336160e-01 2.083004e-02 -2.436672e-03 9.997800e-01 1.393684e+01
9.999975e-01 -2.008319e-03 9.890920e-04 9.598508e-01 2.009258e-03 9.999975e-01 -9.431864e-04 -1.335366e-01 -9.872918e-04 9.451787e-04 9.999990e-01 1.403512e+01
9.996855e-01 2.959708e-03 -2.490089e-02 9.484824e-01 -2.888052e-03 9.999916e-01 2.912913e-03 -1.329212e-01 2.490920e-02 -2.840075e-03 9.996856e-01 1.414122e+01
9.998637e-01 -2.929778e-03 1.624704e-02 9.315735e-01 2.963903e-03 9.999935e-01 -2.076335e-03 -1.342994e-01 -1.624094e-02 2.124214e-03 9.998658e-01 1.424301e+01
9.996422e-01 3.169598e-03 -2.656023e-02 9.138623e-01 -3.095123e-03 9.999912e-01 2.844421e-03 -1.352997e-01 2.656891e-02 -2.761189e-03 9.996431e-01 1.433879e+01
9.998697e-01 -2.843398e-03 1.588839e-02 9.194079e-01 2.872436e-03 9.999942e-01 -1.804710e-03 -1.368568e-01 -1.588326e-02 1.850121e-03 9.998721e-01 1.444493e+01
9.996523e-01 3.163601e-03 -2.617484e-02 9.182255e-01 -3.090067e-03 9.999912e-01 2.849112e-03 -1.384971e-01 2.618353e-02 -2.767233e-03 9.996533e-01 1.457052e+01
9.999914e-01 -2.157148e-03 3.518616e-03 9.207552e-01 2.161661e-03 9.999968e-01 -1.277394e-03 -1.377336e-01 -3.515947e-03 1.284997e-03 9.999929e-01 1.463818e+01
9.994298e-01 3.499930e-03 -3.358074e-02 9.415965e-01 -3.389748e-03 9.999887e-01 3.337322e-03 -1.351715e-01 3.359194e-02 -3.221582e-03 9.994304e-01 1.463954e+01
9.999783e-01 -2.150186e-03 6.215459e-03 9.778216e-01 2.159475e-03 9.999966e-01 -1.487054e-03 -1.326750e-01 -6.212339e-03 1.500452e-03 9.999795e-01 1.462332e+01
9.996189e-01 3.126180e-03 -2.742507e-02 1.004870e+00 -3.047940e-03 9.999912e-01 2.893945e-03 -1.314369e-01 2.743378e-02 -2.809245e-03 9.996196e-01 1.463103e+01
9.999952e-01 -1.846896e-03 2.449540e-03 1.050685e+00 1.850441e-03 9.999972e-01 -1.443220e-03 -1.288208e-01 -2.446967e-03 1.447754e-03 9.999959e-01 1.459492e+01
9.994930e-01 3.260762e-03 -3.166975e-02 1.134977e+00 -3.160000e-03 9.999898e-01 3.230981e-03 -1.245498e-01 3.167987e-02 -3.129260e-03 9.994931e-01 1.448477e+01
9.999115e-01 -2.307615e-03 1.309516e-02 1.253033e+00 2.337357e-03 9.999947e-01 -2.255798e-03 -1.215122e-01 -1.308999e-02 2.286214e-03 9.999117e-01 1.436275e+01
9.997617e-01 2.006269e-03 -2.173301e-02 1.473768e+00 -1.957951e-03 9.999956e-01 2.243997e-03 -1.167677e-01 2.173732e-02 -2.200904e-03 9.997612e-01 1.408513e+01
9.998549e-01 -2.695125e-03 1.681653e-02 1.788835e+00 2.748375e-03 9.999913e-01 -3.143810e-03 -1.083243e-01 -1.680801e-02 3.189579e-03 9.998536e-01 1.358186e+01
9.996980e-01 2.063640e-03 -2.448651e-02 2.106163e+00 -2.001318e-03 9.999947e-01 2.569134e-03 -9.943020e-02 2.449158e-02 -2.519347e-03 9.996968e-01 1.307147e+01
9.998787e-01 -2.260579e-03 1.540825e-02 2.404984e+00 2.310634e-03 9.999921e-01 -3.231070e-03 -9.059655e-02 -1.540092e-02 3.266287e-03 9.998760e-01 1.256452e+01
9.996946e-01 1.641869e-03 -2.465490e-02 2.718054e+00 -1.577206e-03 9.999953e-01 2.641685e-03 -8.108033e-02 2.465903e-02 -2.601986e-03 9.996925e-01 1.202607e+01
9.998565e-01 -2.354183e-03 1.677454e-02 3.105755e+00 2.412377e-03 9.999911e-01 -3.449396e-03 -7.000226e-02 -1.676637e-02 3.489375e-03 9.998533e-01 1.140118e+01
9.998107e-01 1.621346e-03 -1.938676e-02 3.410736e+00 -1.574815e-03 9.999958e-01 2.414829e-03 -6.314927e-02 1.939049e-02 -2.383835e-03 9.998091e-01 1.096726e+01
9.998481e-01 -2.171926e-03 1.728754e-02 3.683726e+00 2.228882e-03 9.999922e-01 -3.275665e-03 -5.764741e-02 -1.728039e-02 3.313706e-03 9.998451e-01 1.060800e+01
9.997964e-01 1.491192e-03 -2.012153e-02 3.989747e+00 -1.446251e-03 9.999964e-01 2.247487e-03 -5.041892e-02 2.012471e-02 -2.217922e-03 9.997950e-01 1.015675e+01
9.998444e-01 -2.448274e-03 1.746753e-02 4.353761e+00 2.506836e-03 9.999913e-01 -3.331053e-03 -4.255999e-02 -1.745932e-02 3.374329e-03 9.998418e-01 9.672650e+00
9.995986e-01 2.857421e-03 -2.818471e-02 4.704356e+00 -2.715453e-03 9.999834e-01 5.073821e-03 -4.164610e-02 2.819864e-02 -4.995243e-03 9.995898e-01 9.538186e+00
9.998749e-01 -2.291202e-03 1.564405e-02 4.926432e+00 2.337895e-03 9.999929e-01 -2.966585e-03 -4.217825e-02 -1.563724e-02 3.002795e-03 9.998732e-01 9.581035e+00
9.997973e-01 1.722520e-03 -2.005955e-02 5.200637e+00 -1.668659e-03 9.999950e-01 2.701143e-03 -3.745445e-02 2.006401e-02 -2.667116e-03 9.997951e-01 9.274957e+00
9.998758e-01 -1.978839e-03 1.563086e-02 5.472046e+00 2.027878e-03 9.999931e-01 -3.121625e-03 -3.261406e-02 -1.562468e-02 3.152942e-03 9.998729e-01 8.963158e+00
9.997263e-01 2.157084e-03 -2.329355e-02 5.737535e+00 -2.056763e-03 9.999885e-01 4.329615e-03 -3.235794e-02 2.330252e-02 -4.280514e-03 9.997192e-01 8.878301e+00
9.998199e-01 -2.756792e-03 1.877347e-02 5.893921e+00 2.811025e-03 9.999920e-01 -2.862655e-03 -3.520099e-02 -1.876553e-02 2.914919e-03 9.998196e-01 9.050053e+00
9.998048e-01 1.155674e-03 -1.972135e-02 5.912917e+00 -1.076855e-03 9.999914e-01 4.006413e-03 -3.797800e-02 1.972571e-02 -3.984387e-03 9.997974e-01 9.392851e+00
9.998022e-01 -3.214654e-03 1.962513e-02 5.868940e+00 3.267212e-03 9.999912e-01 -2.646219e-03 -3.983610e-02 -1.961655e-02 2.709822e-03 9.998039e-01 9.808559e+00
9.998034e-01 1.474562e-03 -1.977219e-02 5.822974e+00 -1.397366e-03 9.999914e-01 3.917149e-03 -4.148998e-02 1.977770e-02 -3.888742e-03 9.997968e-01 1.018438e+01
9.998715e-01 -4.282267e-03 1.544235e-02 5.773781e+00 4.303897e-03 9.999898e-01 -1.367208e-03 -4.339153e-02 -1.543644e-02 1.433503e-03 9.998798e-01 1.073671e+01
9.998240e-01 1.176116e-03 -1.872220e-02 5.726580e+00 -1.104544e-03 9.999920e-01 3.832271e-03 -4.516964e-02 1.872646e-02 -3.810909e-03 9.998173e-01 1.130779e+01
9.999172e-01 -3.000399e-03 1.250841e-02 5.635385e+00 3.012471e-03 9.999950e-01 -9.456914e-04 -4.658762e-02 -1.250561e-02 9.833024e-04 9.999213e-01 1.183430e+01
9.999297e-01 1.225637e-03 -1.178713e-02 5.582544e+00 -1.202886e-03 9.999974e-01 1.936290e-03 -4.758934e-02 1.178937e-02 -1.921967e-03 9.999286e-01 1.214934e+01
9.999599e-01 -4.399792e-03 7.791472e-03 5.527679e+00 4.394708e-03 9.999901e-01 6.706944e-04 -4.937986e-02 -7.794445e-03 -6.364178e-04 9.999694e-01 1.273125e+01
9.998873e-01 1.634174e-03 -1.491897e-02 5.426428e+00 -1.593011e-03 9.999949e-01 2.769891e-03 -5.078461e-02 1.492332e-02 -2.745804e-03 9.998848e-01 1.338412e+01
9.999170e-01 -4.987372e-03 1.187775e-02 5.360322e+00 4.991353e-03 9.999875e-01 -3.046724e-04 -5.220809e-02 -1.187618e-02 3.639422e-04 9.999294e-01 1.397971e+01
9.996600e-01 1.238696e-03 -2.604238e-02 5.251515e+00 -1.080925e-03 9.999810e-01 6.071034e-03 -5.372766e-02 2.604931e-02 -6.040812e-03 9.996424e-01 1.484506e+01
9.999257e-01 -4.324835e-03 1.139550e-02 5.144239e+00 4.332464e-03 9.999904e-01 -6.438700e-04 -5.530337e-02 -1.139270e-02 6.932024e-04 9.999348e-01 1.564609e+01
9.998691e-01 1.828802e-03 -1.607425e-02 5.092608e+00 -1.777486e-03 9.999933e-01 3.205479e-03 -5.715429e-02 1.607991e-02 -3.176478e-03 9.998656e-01 1.617770e+01
9.999566e-01 -5.964802e-03 7.150694e-03 5.024019e+00 5.956663e-03 9.999816e-01 1.160576e-03 -5.881919e-02 -7.157583e-03 -1.117921e-03 9.999737e-01 1.696037e+01
9.998705e-01 2.927236e-03 -1.582363e-02 4.950502e+00 -2.884415e-03 9.999921e-01 2.727579e-03 -6.068663e-02 1.583139e-02 -2.681574e-03 9.998710e-01 1.764275e+01
9.999370e-01 -5.372306e-03 9.846558e-03 4.889591e+00 5.372010e-03 9.999856e-01 5.777822e-05 -6.270634e-02 -9.846824e-03 -4.868069e-06 9.999515e-01 1.821080e+01
9.998587e-01 2.186266e-03 -1.666442e-02 4.819949e+00 -2.130711e-03 9.999921e-01 3.350056e-03 -6.450825e-02 1.667151e-02 -3.314065e-03 9.998555e-01 1.887907e+01
9.998830e-01 -4.831759e-03 1.451165e-02 4.769843e+00 4.851406e-03 9.999874e-01 -1.318067e-03 -6.662871e-02 -1.450520e-02 1.388326e-03 9.998938e-01 1.941441e+01
9.998357e-01 2.073191e-03 -1.800587e-02 4.707816e+00 -2.005215e-03 9.999908e-01 3.791739e-03 -6.846401e-02 1.801347e-02 -3.754999e-03 9.998307e-01 1.998406e+01
9.999165e-01 -5.791447e-03 1.154895e-02 4.633426e+00 5.796021e-03 9.999831e-01 -3.613845e-04 -7.019682e-02 -1.154676e-02 4.283039e-04 9.999332e-01 2.070219e+01
9.998291e-01 2.720319e-03 -1.828431e-02 4.544850e+00 -2.651714e-03 9.999894e-01 3.774564e-03 -7.198061e-02 1.829428e-02 -3.725423e-03 9.998257e-01 2.138412e+01
9.998464e-01 -5.618842e-03 1.659955e-02 4.483877e+00 5.647363e-03 9.999827e-01 -1.670903e-03 -7.387471e-02 -1.658997e-02 1.764402e-03 9.998608e-01 2.195214e+01
9.998558e-01 2.984009e-03 -1.671646e-02 4.430870e+00 -2.928289e-03 9.999901e-01 3.355846e-03 -7.576091e-02 1.672621e-02 -3.306400e-03 9.998546e-01 2.245554e+01
9.998825e-01 -6.076471e-03 1.406694e-02 4.368534e+00 6.091433e-03 9.999809e-01 -1.019972e-03 -7.761868e-02 -1.406057e-02 1.105553e-03 9.999005e-01 2.304711e+01
9.999065e-01 4.297330e-03 -1.297995e-02 4.339090e+00 -4.271902e-03 9.999889e-01 1.984951e-03 -7.950447e-02 1.298824e-02 -1.929304e-03 9.999137e-01 2.339897e+01
9.998818e-01 -6.143950e-03 1.408645e-02 4.313946e+00 6.157957e-03 9.999806e-01 -9.501715e-04 -8.185526e-02 -1.408044e-02 1.036816e-03 9.999003e-01 2.376694e+01
9.998915e-01 4.139445e-03 -1.413405e-02 4.273683e+00 -4.107192e-03 9.999889e-01 2.309152e-03 -8.366469e-02 1.414336e-02 -2.250837e-03 9.998974e-01 2.415984e+01
9.999023e-01 -6.407376e-03 1.242240e-02 4.232460e+00 6.414611e-03 9.999793e-01 -5.413747e-04 -8.575460e-02 -1.241877e-02 6.210198e-04 9.999227e-01 2.463247e+01
9.998599e-01 3.640657e-03 -1.633403e-02 4.212221e+00 -3.593227e-03 9.999892e-01 2.931201e-03 -8.815785e-02 1.634443e-02 -2.872086e-03 9.998623e-01 2.516494e+01
9.999622e-01 -7.674238e-03 4.081297e-03 4.169291e+00 7.666033e-03 9.999686e-01 2.026357e-03 -9.063191e-02 -4.096816e-03 -1.994979e-03 9.999896e-01 2.598958e+01
9.998313e-01 3.448311e-03 -1.803972e-02 4.105623e+00 -3.383171e-03 9.999877e-01 3.639251e-03 -9.296482e-02 1.805195e-02 -3.577592e-03 9.998306e-01 2.688480e+01
9.999621e-01 -8.203446e-03 2.887233e-03 4.031554e+00 8.196335e-03 9.999634e-01 2.472403e-03 -9.502971e-02 -2.907505e-03 -2.448631e-03 9.999927e-01 2.784947e+01
9.998150e-01 3.637610e-03 -1.888517e-02 3.926156e+00 -3.561785e-03 9.999855e-01 4.046204e-03 -9.675230e-02 1.889952e-02 -3.978176e-03 9.998134e-01 2.883256e+01
9.999568e-01 -8.046634e-03 4.648702e-03 3.821942e+00 8.038671e-03 9.999662e-01 1.733083e-03 -9.840471e-02 -4.662585e-03 -1.695624e-03 9.999877e-01 2.976548e+01
9.998334e-01 4.069300e-03 -1.779181e-02 3.721609e+00 -4.003274e-03 9.999850e-01 3.743954e-03 -1.001401e-01 1.780669e-02 -3.672090e-03 9.998347e-01 3.063843e+01
9.999652e-01 -7.878581e-03 2.735730e-03 3.622730e+00 7.872981e-03 9.999669e-01 2.059087e-03 -1.018679e-01 -2.751956e-03 -2.037461e-03 9.999941e-01 3.150737e+01
