9.996119e-01 -8.171973e-04 2.784548e-02 3.074674e-02 8.483169e-04 9.999990e-01 -1.105786e-03 -1.457863e-02 -2.784455e-02 1.128979e-03 9.996115e-01 5.514600e-01
9.999982e-01 -5.650350e-05 1.890862e-03 6.495197e-02 5.663230e-05 1.000000e+00 -6.806177e-05 -2.918497e-02 -1.890852e-03 6.816897e-05 9.999981e-01 1.101751e+00
9.997915e-01 -6.000470e-04 2.041161e-02 8.112246e-02 6.174469e-04 9.999995e-01 -8.461623e-04 -4.505103e-02 -2.041108e-02 8.585891e-04 9.997912e-01 1.721033e+00
9.999278e-01 -3.614976e-04 1.201382e-02 1.246667e-01 3.666774e-04 9.999998e-01 -4.289479e-04 -6.093857e-02 -1.201365e-02 4.333222e-04 9.999276e-01 2.313998e+00
9.997082e-01 -7.058834e-04 2.414729e-02 1.807544e-01 7.297666e-04 9.999993e-01 -9.802658e-04 -7.726499e-02 -2.414656e-02 9.976015e-04 9.997078e-01 2.907317e+00
9.997223e-01 -6.836799e-04 2.355510e-02 2.564421e-01 7.037933e-04 9.999994e-01 -8.456065e-04 -9.450735e-02 -2.355449e-02 8.619493e-04 9.997221e-01 3.530492e+00
9.996772e-01 -7.524445e-04 2.539354e-02 3.373090e-01 7.784817e-04 9.999992e-01 -1.015474e-03 -1.122259e-01 -2.539273e-02 1.034915e-03 9.996769e-01 4.171534e+00
9.998178e-01 -5.431195e-04 1.907804e-02 4.003893e-01 5.564980e-04 9.999996e-01 -6.959460e-04 -1.285537e-01 -1.907763e-02 7.064354e-04 9.998177e-01 4.770149e+00
9.995933e-01 -8.459304e-04 2.850311e-02 4.713798e-01 8.782305e-04 9.999990e-01 -1.120707e-03 -1.452993e-01 -2.850210e-02 1.145283e-03 9.995930e-01 5.380185e+00
9.998802e-01 -4.382287e-04 1.546933e-02 5.390755e-01 4.470428e-04 9.999997e-01 -5.663151e-04 -1.629211e-01 -1.546904e-02 5.731617e-04 9.998801e-01 6.024881e+00
9.994836e-01 -9.504933e-04 3.211758e-02 6.297692e-01 9.909190e-04 9.999987e-01 -1.242779e-03 -1.821667e-01 -3.211632e-02 1.273962e-03 9.994832e-01 6.707246e+00
9.999970e-01 -6.855932e-05 2.443355e-03 6.826653e-01 6.879205e-05 1.000000e+00 -9.502183e-05 -2.014866e-01 -2.443304e-03 9.518820e-05 9.999969e-01 7.433111e+00
9.992422e-01 -1.137326e-03 3.890680e-02 7.496468e-01 1.195638e-03 9.999982e-01 -1.475524e-03 -2.221618e-01 -3.890500e-02 1.520923e-03 9.992417e-01 8.205522e+00
9.999632e-01 -2.538045e-04 8.573200e-03 8.388014e-01 2.565115e-04 9.999999e-01 -3.145974e-04 -2.440607e-01 -8.573067e-03 3.167831e-04 9.999631e-01 9.004763e+00
9.992752e-01 -1.115478e-03 3.805079e-02 9.223116e-01 1.171067e-03 9.999983e-01 -1.438636e-03 -2.639360e-01 -3.804906e-02 1.482151e-03 9.992747e-01 9.730390e+00
9.999683e-01 2.260124e-04 -7.955370e-03 9.532075e-01 -2.238061e-04 9.999999e-01 2.781274e-04 -2.885953e-01 7.955491e-03 -2.763402e-04 9.999682e-01 1.070010e+01
9.989819e-01 -1.302987e-03 4.509341e-02 1.007223e+00 1.380355e-03 9.999976e-01 -1.684622e-03 -3.122269e-01 -4.509104e-02 1.745150e-03 9.989813e-01 1.160461e+01
9.999963e-01 6.578043e-05 -2.704391e-03 1.073471e+00 -6.555708e-05 1.000000e+00 8.233507e-05 -3.358010e-01 2.704462e-03 -8.215990e-05 9.999963e-01 1.249559e+01
9.995120e-01 -9.147137e-04 3.122352e-02 1.101307e+00 9.527792e-04 9.999988e-01 -1.204242e-03 -3.620290e-01 -3.122231e-02 1.233401e-03 9.995116e-01 1.352587e+01
9.999852e-01 -1.673611e-04 5.430371e-03 1.160819e+00 1.684423e-04 1.000000e+00 -1.984541e-04 -3.840504e-01 -5.430268e-03 1.993632e-04 9.999852e-01 1.435529e+01
9.991601e-01 -1.176003e-03 4.096037e-02 1.213199e+00 1.240880e-03 9.999980e-01 -1.558482e-03 -3.990116e-01 -4.095838e-02 1.607997e-03 9.991595e-01 1.491905e+01
9.999134e-01 3.509486e-04 -1.315584e-02 1.279886e+00 -3.442661e-04 9.999998e-01 5.101044e-04 -4.198154e-01 1.315609e-02 -5.055341e-04 9.999132e-01 1.567359e+01
9.996110e-01 -8.162971e-04 2.787833e-02 1.326392e+00 8.472046e-04 9.999990e-01 -1.096813e-03 -4.428430e-01 -2.787733e-02 1.120002e-03 9.996106e-01 1.652772e+01
9.998965e-01 3.838625e-04 -1.437728e-02 1.402415e+00 -3.758223e-04 9.999998e-01 5.618215e-04 -4.663710e-01 1.437757e-02 -5.563631e-04 9.998964e-01 1.735171e+01
9.996909e-01 -7.404765e-04 2.485131e-02 1.470029e+00 7.652757e-04 9.999992e-01 -9.883513e-04 -4.897754e-01 -2.485048e-02 1.007061e-03 9.996906e-01 1.818359e+01
9.997227e-01 6.207019e-04 -2.354007e-02 1.430825e+00 -5.997373e-04 9.999994e-01 8.975746e-04 -5.148006e-01 2.354069e-02 -8.832109e-04 9.997224e-01 1.925877e+01
9.994525e-01 -9.405957e-04 3.307295e-02 1.400184e+00 9.838893e-04 9.999987e-01 -1.292739e-03 -5.398698e-01 -3.307162e-02 1.324569e-03 9.994520e-01 2.033244e+01
9.998530e-01 4.435237e-04 -1.714133e-02 1.431280e+00 -4.318057e-04 9.999997e-01 6.872086e-04 -5.622438e-01 1.714171e-02 -6.797090e-04 9.998528e-01 2.119130e+01
9.995701e-01 -8.376863e-04 2.930794e-02 1.448719e+00 8.724664e-04 9.999989e-01 -1.173892e-03 -5.856901e-01 -2.930685e-02 1.198954e-03 9.995697e-01 2.211678e+01
9.997593e-01 5.560755e-04 -2.193150e-02 1.439950e+00 -5.374525e-04 9.999995e-01 8.549486e-04 -6.139240e-01 2.193204e-02 -8.429589e-04 9.997590e-01 2.328056e+01
9.996554e-01 -7.595301e-04 2.623856e-02 1.503064e+00 7.870670e-04 9.999992e-01 -1.039109e-03 -6.406115e-01 -2.623766e-02 1.059399e-03 9.996551e-01 2.425317e+01
9.998876e-01 3.851584e-04 -1.498719e-02 1.497188e+00 -3.766314e-04 9.999998e-01 5.716503e-04 -6.654677e-01 1.498748e-02 -5.659447e-04 9.998874e-01 2.527711e+01
9.996562e-01 -7.675347e-04 2.620728e-02 1.446334e+00 7.952354e-04 9.999991e-01 -1.046516e-03 -6.913356e-01 -2.620637e-02 1.066994e-03 9.996559e-01 2.642189e+01
9.997792e-01 5.352353e-04 -2.100392e-02 1.347814e+00 -5.186618e-04 9.999995e-01 7.944187e-04 -7.196773e-01 2.100442e-02 -7.833528e-04 9.997790e-01 2.774525e+01
9.997169e-01 -6.941095e-04 2.378219e-02 1.275567e+00 7.170691e-04 9.999993e-01 -9.568221e-04 -7.458259e-01 -2.378142e-02 9.736012e-04 9.997166e-01 2.892639e+01
9.997468e-01 5.776564e-04 -2.249173e-02 1.212880e+00 -5.586136e-04 9.999995e-01 8.528442e-04 -7.711188e-01 2.249229e-02 -8.400676e-04 9.997466e-01 3.005116e+01
9.996973e-01 -7.032521e-04 2.459025e-02 1.131949e+00 7.277068e-04 9.999992e-01 -9.854803e-04 -7.947136e-01 -2.458945e-02 1.003073e-03 9.996971e-01 3.113767e+01
9.997469e-01 5.844856e-04 -2.248916e-02 1.020213e+00 -5.652242e-04 9.999995e-01 8.627326e-04 -8.161204e-01 2.248973e-02 -8.498063e-04 9.997466e-01 3.218583e+01
9.997029e-01 -6.731513e-04 2.436515e-02 8.622397e-01 6.973753e-04 9.999993e-01 -9.856486e-04 -8.335919e-01 -2.436439e-02 1.002344e-03 9.997026e-01 3.313522e+01
9.998199e-01 4.559505e-04 -1.897226e-02 7.888172e-01 -4.421595e-04 9.999996e-01 7.309844e-04 -8.560237e-01 1.897267e-02 -7.224675e-04 9.998197e-01 3.416309e+01
9.997836e-01 -5.834498e-04 2.079205e-02 6.844100e-01 6.012776e-04 9.999995e-01 -8.511072e-04 -8.789263e-01 -2.079146e-02 8.634213e-04 9.997834e-01 3.526284e+01
9.997992e-01 5.177509e-04 -2.003106e-02 4.315431e-01 -5.025909e-04 9.999996e-01 7.617526e-04 -8.986097e-01 2.003153e-02 -7.515358e-04 9.997990e-01 3.646127e+01
9.997973e-01 -5.968363e-04 2.012196e-02 2.945620e-01 6.136397e-04 9.999995e-01 -8.288206e-04 -9.228674e-01 -2.012138e-02 8.409967e-04 9.997971e-01 3.767400e+01
9.997984e-01 5.098289e-04 -2.007091e-02 2.040877e-01 -4.946214e-04 9.999996e-01 7.625449e-04 -9.472361e-01 2.007138e-02 -7.524673e-04 9.997982e-01 3.880940e+01
9.997840e-01 -5.821738e-04 2.077553e-02 5.855577e-02 5.997614e-04 9.999995e-01 -8.402432e-04 -9.660173e-01 -2.077495e-02 8.525184e-04 9.997837e-01 3.979640e+01
9.998255e-01 4.686556e-04 -1.867129e-02 -8.410757e-02 -4.554214e-04 9.999996e-01 7.129400e-04 -9.847431e-01 1.867170e-02 -7.043159e-04 9.998253e-01 4.077835e+01
9.997584e-01 -6.139657e-04 2.197009e-02 -2.086737e-01 6.332934e-04 9.999994e-01 -8.726981e-04 -1.002662e+00 -2.196946e-02 8.863971e-04 9.997582e-01 4.170058e+01
9.997828e-01 5.103872e-04 -2.083583e-02 -3.076590e-01 -4.942139e-04 9.999996e-01 7.812686e-04 -1.023872e+00 2.083630e-02 -7.708052e-04 9.997825e-01 4.271765e+01
9.996206e-01 -7.680165e-04 2.753355e-02 -3.403226e-01 7.980727e-04 9.999991e-01 -1.080580e-03 -1.049412e+00 -2.753261e-02 1.102140e-03 9.996202e-01 4.380934e+01
9.998885e-01 3.595303e-04 -1.492527e-02 -3.475027e-01 -3.509733e-04 9.999998e-01 5.757956e-04 -1.071827e+00 1.492556e-02 -5.704967e-04 9.998884e-01 4.473482e+01
9.996508e-01 -7.451782e-04 2.641498e-02 -3.739353e-01 7.726887e-04 9.999992e-01 -1.031207e-03 -1.092915e+00 -2.641410e-02 1.051253e-03 9.996505e-01 4.563982e+01
9.999720e-01 1.561306e-04 -7.476895e-03 -4.314080e-01 -1.539643e-04 9.999999e-01 2.900010e-04 -1.112400e+00 7.477026e-03 -2.888455e-04 9.999719e-01 4.653707e+01
9.997819e-01 -6.119002e-04 2.087413e-02 -5.032857e-01 6.298432e-04 9.999994e-01 -8.529131e-04 -1.138165e+00 -2.087351e-02 8.658706e-04 9.997817e-01 4.771660e+01
9.998981e-01 3.661115e-04 -1.427119e-02 -6.246526e-01 -3.582325e-04 9.999998e-01 5.544782e-04 -1.158342e+00 1.427148e-02 -5.493131e-04 9.998979e-01 4.873159e+01
9.994202e-01 -9.649392e-04 3.403375e-02 -5.847785e-01 1.010141e-03 9.999986e-01 -1.310919e-03 -1.180027e+00 -3.403236e-02 1.344533e-03 9.994198e-01 4.955747e+01
9.998987e-01 3.528623e-04 -1.422486e-02 -4.654553e-01 -3.449095e-04 9.999998e-01 5.613453e-04 -1.202930e+00 1.422514e-02 -5.563861e-04 9.998986e-01 5.030518e+01
9.997439e-01 -6.714043e-04 2.261884e-02 -4.662871e-01 6.924194e-04 9.999993e-01 -9.211699e-04 -1.230138e+00 -2.261812e-02 9.365917e-04 9.997437e-01 5.141790e+01
9.998220e-01 4.811973e-04 -1.885945e-02 -5.589052e-01 -4.676435e-04 9.999996e-01 7.229421e-04 -1.256970e+00 1.885988e-02 -7.139979e-04 9.998218e-01 5.266496e+01
9.997841e-01 -6.293768e-04 2.076736e-02 -6.285870e-01 6.473457e-04 9.999994e-01 -8.584156e-04 -1.284930e+00 -2.076672e-02 8.716698e-04 9.997839e-01 5.391609e+01
9.998572e-01 4.126716e-04 -1.689420e-02 -6.972370e-01 -4.017758e-04 9.999997e-01 6.481707e-04 -1.315077e+00 1.689455e-02 -6.412945e-04 9.998570e-01 5.526148e+01
9.998481e-01 -5.422328e-04 1.741978e-02 -8.184070e-01 5.553888e-04 9.999996e-01 -7.502559e-04 -1.347481e+00 -1.741928e-02 7.598125e-04 9.998479e-01 5.679076e+01
9.998531e-01 4.205416e-04 -1.713546e-02 -8.892462e-01 -4.093524e-04 9.999997e-01 6.563300e-04 -1.378891e+00 1.713583e-02 -6.492232e-04 9.998529e-01 5.818769e+01
9.998317e-01 -5.682633e-04 1.833379e-02 -9.716571e-01 5.825295e-04 9.999995e-01 -7.726677e-04 -1.409797e+00 -1.833325e-02 7.832135e-04 9.998316e-01 5.958578e+01
9.999204e-01 3.042874e-04 -1.261499e-02 -1.030785e+00 -2.982148e-04 9.999998e-01 4.830466e-04 -1.440253e+00 1.261522e-02 -4.792503e-04 9.999202e-01 6.092808e+01
9.991813e-01 -1.140137e-03 4.043923e-02 -1.012047e+00 1.205050e-03 9.999980e-01 -1.580784e-03 -1.472962e+00 -4.043726e-02 1.628217e-03 9.991807e-01 6.225186e+01
9.994807e-01 8.195726e-04 -3.221056e-02 -1.104536e+00 -7.806588e-04 9.999990e-01 1.220574e-03 -1.508167e+00 3.221162e-02 -1.194799e-03 9.994803e-01 6.385488e+01
9.994529e-01 -9.441049e-04 3.305933e-02 -1.188100e+00 9.883335e-04 9.999986e-01 -1.321456e-03 -1.543813e+00 -3.305795e-02 1.353402e-03 9.994524e-01 6.545468e+01
9.994950e-01 8.135232e-04 -3.176541e-02 -1.244867e+00 -7.751632e-04 9.999990e-01 1.219804e-03 -1.576114e+00 3.176646e-02 -1.194568e-03 9.994945e-01 6.686524e+01
9.994789e-01 -9.117640e-04 3.226542e-02 -1.266200e+00 9.543306e-04 9.999987e-01 -1.303805e-03 -1.606710e+00 -3.226410e-02 1.333913e-03 9.994784e-01 6.813957e+01
9.994735e-01 8.262820e-04 -3.243444e-02 -1.284830e+00 -7.866977e-04 9.999989e-01 1.233089e-03 -1.639664e+00 3.243552e-02 -1.206928e-03 9.994730e-01 6.950668e+01
9.994508e-01 -9.413547e-04 3.312385e-02 -1.306705e+00 9.858724e-04 9.999986e-01 -1.327586e-03 -1.673436e+00 -3.312246e-02 1.359509e-03 9.994503e-01 7.091718e+01
9.994834e-01 8.336333e-04 -3.212877e-02 -1.320228e+00 -7.941607e-04 9.999989e-01 1.241222e-03 -1.702258e+00 3.212987e-02 -1.215069e-03 9.994829e-01 7.210370e+01
9.992031e-01 -1.088944e-03 3.989921e-02 -1.250463e+00 1.152743e-03 9.999981e-01 -1.575980e-03 -1.730432e+00 -3.989733e-02 1.620714e-03 9.992024e-01 7.312328e+01
9.993961e-01 8.998335e-04 -3.473539e-02 -1.270356e+00 -8.537609e-04 9.999987e-01 1.341108e-03 -1.756393e+00 3.473665e-02 -1.310647e-03 9.993956e-01 7.420592e+01
9.993266e-01 -1.016776e-03 3.667715e-02 -1.319569e+00 1.071281e-03 9.999984e-01 -1.466351e-03 -1.785627e+00 -3.667551e-02 1.504651e-03 9.993260e-01 7.547247e+01
9.994047e-01 8.882264e-04 -3.448829e-02 -1.332972e+00 -8.424130e-04 9.999987e-01 1.342793e-03 -1.814740e+00 3.448953e-02 -1.312945e-03 9.994041e-01 7.667328e+01
9.993241e-01 -1.011490e-03 3.674681e-02 -1.376896e+00 1.066272e-03 9.999983e-01 -1.471170e-03 -1.842410e+00 -3.674517e-02 1.509353e-03 9.993235e-01 7.786630e+01
9.994811e-01 8.258976e-04 -3.219950e-02 -1.420145e+00 -7.860362e-04 9.999989e-01 1.250491e-03 -1.870045e+00 3.220059e-02 -1.224537e-03 9.994806e-01 7.905823e+01
9.994282e-01 -9.380210e-04 3.379988e-02 -1.485547e+00 9.847756e-04 9.999986e-01 -1.366570e-03 -1.898470e+00 -3.379845e-02 1.399069e-03 9.994276e-01 8.031990e+01
9.994413e-01 8.508489e-04 -3.341169e-02 -1.563306e+00 -8.081320e-04 9.999988e-01 1.291889e-03 -1.928958e+00 3.341284e-02 -1.264171e-03 9.994408e-01 8.168930e+01
9.994246e-01 -9.377045e-04 3.390551e-02 -1.641622e+00 9.847189e-04 9.999986e-01 -1.369871e-03 -1.959481e+00 -3.390409e-02 1.402465e-03 9.994240e-01 8.306190e+01
9.994386e-01 8.621027e-04 -3.349104e-02 -1.705945e+00 -8.188777e-04 9.999988e-01 1.304243e-03 -1.986884e+00 3.349222e-02 -1.276090e-03 9.994381e-01 8.427754e+01
9.994496e-01 -9.065964e-04 3.315988e-02 -1.727999e+00 9.517367e-04 9.999986e-01 -1.345443e-03 -2.012437e+00 -3.315852e-02 1.376257e-03 9.994491e-01 8.533881e+01
9.994509e-01 8.428963e-04 -3.312188e-02 -1.770435e+00 -8.005536e-04 9.999988e-01 1.291533e-03 -2.038900e+00 3.312302e-02 -1.264313e-03 9.994504e-01 8.647538e+01
9.994312e-01 -9.186220e-04 3.371011e-02 -1.796996e+00 9.651826e-04 9.999986e-01 -1.364870e-03 -2.064802e+00 -3.370872e-02 1.396626e-03 9.994307e-01 8.756023e+01
9.994638e-01 8.227193e-04 -3.273309e-02 -1.805771e+00 -7.813552e-04 9.999989e-01 1.276351e-03 -2.091777e+00 3.273420e-02 -1.250095e-03 9.994632e-01 8.865851e+01
9.993346e-01 -9.975539e-04 3.645952e-02 -1.804100e+00 1.051607e-03 9.999984e-01 -1.463316e-03 -2.121155e+00 -3.645791e-02 1.500679e-03 9.993340e-01 8.984524e+01
9.993490e-01 9.167066e-04 -3.606543e-02 -1.790479e+00 -8.665578e-04 9.999986e-01 1.406011e-03 -2.149537e+00 3.606676e-02 -1.373847e-03 9.993484e-01 9.096526e+01
9.993185e-01 -9.991471e-04 3.689787e-02 -1.785447e+00 1.054301e-03 9.999984e-01 -1.475260e-03 -2.176273e+00 -3.689625e-02 1.513152e-03 9.993179e-01 9.203152e+01
9.993961e-01 8.746605e-04 -3.473711e-02 -1.784730e+00 -8.278922e-04 9.999987e-01 1.360615e-03 -2.203348e+00 3.473835e-02 -1.331039e-03 9.993955e-01 9.312026e+01
9.993798e-01 -9.506459e-04 3.520116e-02 -1.765603e+00 1.001308e-03 9.999985e-01 -1.421520e-03 -2.230074e+00 -3.519966e-02 1.455881e-03 9.993792e-01 9.416033e+01
9.993948e-01 8.734469e-04 -3.477498e-02 -1.760861e+00 -8.265773e-04 9.999987e-01 1.362054e-03 -2.257591e+00 3.477622e-02 -1.332490e-03 9.993942e-01 9.525939e+01
9.993781e-01 -9.388853e-04 3.524740e-02 -1.824578e+00 9.898155e-04 9.999985e-01 -1.427428e-03 -2.283684e+00 -3.524591e-02 1.461424e-03 9.993775e-01 9.641899e+01
9.993880e-01 8.877112e-04 -3.496730e-02 -1.846569e+00 -8.400602e-04 9.999987e-01 1.377302e-03 -2.305982e+00 3.496857e-02 -1.347089e-03 9.993874e-01 9.734340e+01
9.993684e-01 -9.579170e-04 3.552151e-02 -1.899976e+00 1.009833e-03 9.999984e-01 -1.443539e-03 -2.332145e+00 -3.551998e-02 1.478493e-03 9.993678e-01 9.848814e+01
9.993952e-01 8.742453e-04 -3.476191e-02 -1.928785e+00 -8.269678e-04 9.999987e-01 1.374294e-03 -2.359018e+00 3.476316e-02 -1.344720e-03 9.993946e-01 9.961958e+01
9.993298e-01 -9.724137e-04 3.659239e-02 -1.969600e+00 1.027282e-03 9.999984e-01 -1.480587e-03 -2.383003e+00 -3.659080e-02 1.517181e-03 9.993291e-01 1.006510e+02
9.995915e-01 7.128330e-04 -2.856959e-02 -2.036512e+00 -6.803568e-04 9.999991e-01 1.146323e-03 -2.404190e+00 2.857047e-02 -1.126422e-03 9.995911e-01 1.016210e+02
9.995315e-01 -8.151781e-04 3.059427e-02 -2.114706e+00 8.543905e-04 9.999988e-01 -1.268533e-03 -2.425451e+00 -3.059310e-02 1.294074e-03 9.995310e-01 1.026031e+02
9.995964e-01 6.963750e-04 -2.839700e-02 -2.174619e+00 -6.644125e-04 9.999991e-01 1.134856e-03 -2.449308e+00 2.839786e-02 -1.115535e-03 9.995960e-01 1.036617e+02
9.994608e-01 -8.784175e-04 3.282125e-02 -2.204775e+00 9.234271e-04 9.999987e-01 -1.356123e-03 -2.474375e+00 -3.281992e-02 1.385695e-03 9.994603e-01 1.047221e+02
9.995877e-01 7.013303e-04 -2.870384e-02 -2.249878e+00 -6.685692e-04 9.999991e-01 1.150806e-03 -2.499862e+00 2.870471e-02 -1.131145e-03 9.995872e-01 1.058267e+02
9.994623e-01 -8.721789e-04 3.277536e-02 -2.327570e+00 9.168482e-04 9.999987e-01 -1.347787e-03 -2.524134e+00 -3.277405e-02 1.377108e-03 9.994618e-01 1.069381e+02
9.995481e-01 7.339359e-04 -3.004931e-02 -2.378554e+00 -6.982645e-04 9.999990e-01 1.197453e-03 -2.549767e+00 3.005025e-02 -1.175934e-03 9.995476e-01 1.080578e+02
9.994935e-01 -8.626736e-04 3.181204e-02 -2.427326e+00 9.052257e-04 9.999987e-01 -1.323127e-03 -2.579403e+00 -3.181076e-02 1.351249e-03 9.994929e-01 1.093413e+02
9.995174e-01 7.646162e-04 -3.105425e-02 -2.514499e+00 -7.265110e-04 9.999990e-01 1.238203e-03 -2.609146e+00 3.105525e-02 -1.215049e-03 9.995169e-01 1.106970e+02
9.994879e-01 -8.559573e-04 3.198531e-02 -2.572935e+00 8.987425e-04 9.999987e-01 -1.323194e-03 -2.635293e+00 -3.198404e-02 1.351258e-03 9.994874e-01 1.118502e+02
9.997004e-01 5.961618e-04 -2.446923e-02 -2.551567e+00 -5.721593e-04 9.999993e-01 9.877679e-04 -2.660110e+00 2.446989e-02 -9.734765e-04 9.997000e-01 1.128144e+02
9.990504e-01 -1.155408e-03 4.355300e-02 -2.506110e+00 1.231797e-03 9.999977e-01 -1.727063e-03 -2.684904e+00 -4.355081e-02 1.779066e-03 9.990496e-01 1.137513e+02
9.997239e-01 5.632046e-04 -2.348855e-02 -2.504419e+00 -5.412136e-04 9.999994e-01 9.424233e-04 -2.711843e+00 2.348917e-02 -9.294557e-04 9.997236e-01 1.148549e+02
9.995026e-01 -8.521850e-04 3.152519e-02 -2.551085e+00 8.937031e-04 9.999988e-01 -1.302798e-03 -2.739258e+00 -3.152394e-02 1.330319e-03 9.995020e-01 1.160516e+02
9.995561e-01 7.204392e-04 -2.978288e-02 -2.568494e+00 -6.853838e-04 9.999991e-01 1.187088e-03 -2.767697e+00 2.978380e-02 -1.166154e-03 9.995556e-01 1.172299e+02
9.991463e-01 -1.077990e-03 4.129793e-02 -2.539866e+00 1.147645e-03 9.999980e-01 -1.662877e-03 -2.794485e+00 -4.129596e-02 1.708848e-03 9.991454e-01 1.182710e+02
9.994611e-01 7.983224e-04 -3.281510e-02 -2.541954e+00 -7.561163e-04 9.999989e-01 1.298444e-03 -2.822206e+00 3.281619e-02 -1.272937e-03 9.994605e-01 1.194014e+02
9.994138e-01 -9.205497e-04 3.422157e-02 -2.611221e+00 9.694326e-04 9.999985e-01 -1.411747e-03 -2.854059e+00 -3.422013e-02 1.444090e-03 9.994132e-01 1.208140e+02
9.995360e-01 7.441933e-04 -3.044759e-02 -2.671021e+00 -7.074747e-04 9.999990e-01 1.216581e-03 -2.883525e+00 3.044856e-02 -1.194481e-03 9.995356e-01 1.221106e+02
9.994740e-01 -8.752560e-04 3.241760e-02 -2.725157e+00 9.192992e-04 9.999987e-01 -1.343619e-03 -2.912763e+00 -3.241628e-02 1.372708e-03 9.994734e-01 1.233878e+02
9.995028e-01 7.806702e-04 -3.152039e-02 -2.782422e+00 -7.412590e-04 9.999989e-01 1.261872e-03 -2.940076e+00 3.152144e-02 -1.237885e-03 9.995022e-01 1.245876e+02
9.994977e-01 -8.374941e-04 3.167977e-02 -2.842638e+00 8.798519e-04 9.999987e-01 -1.323020e-03 -2.965076e+00 -3.167852e-02 1.350224e-03 9.994971e-01 1.256932e+02
9.995001e-01 7.919886e-04 -3.160412e-02 -2.860184e+00 -7.518910e-04 9.999989e-01 1.280478e-03 -2.985745e+00 3.160520e-02 -1.256080e-03 9.994996e-01 1.265392e+02
9.994464e-01 -8.735809e-04 3.325753e-02 -2.875052e+00 9.199739e-04 9.999986e-01 -1.379567e-03 -3.005574e+00 -3.325618e-02 1.409394e-03 9.994458e-01 1.273493e+02
9.995039e-01 7.812922e-04 -3.148280e-02 -2.940868e+00 -7.413212e-04 9.999989e-01 1.281133e-03 -3.026547e+00 3.148386e-02 -1.257164e-03 9.995034e-01 1.282996e+02
9.994464e-01 -8.619602e-04 3.325676e-02 -2.967750e+00 9.085779e-04 9.999986e-01 -1.386546e-03 -3.045785e+00 -3.325542e-02 1.415990e-03 9.994458e-01 1.291039e+02
9.994758e-01 7.918470e-04 -3.236540e-02 -3.001612e+00 -7.497288e-04 9.999989e-01 1.313319e-03 -3.068104e+00 3.236650e-02 -1.288370e-03 9.994752e-01 1.300504e+02
9.994650e-01 -8.521999e-04 3.269302e-02 -3.018136e+00 8.975662e-04 9.999987e-01 -1.372873e-03 -3.091444e+00 -3.269171e-02 1.401477e-03 9.994644e-01 1.310083e+02
9.994772e-01 7.783766e-04 -3.232088e-02 -3.029858e+00 -7.364304e-04 9.999989e-01 1.309556e-03 -3.117564e+00 3.232196e-02 -1.285075e-03 9.994766e-01 1.320763e+02
9.994563e-01 -8.548774e-04 3.296023e-02 -3.051709e+00 9.009462e-04 9.999986e-01 -1.382763e-03 -3.142955e+00 -3.295890e-02 1.411701e-03 9.994556e-01 1.331322e+02
9.996209e-01 6.589487e-04 -2.752416e-02 -3.020206e+00 -6.272296e-04 9.999991e-01 1.160871e-03 -3.162243e+00 2.752500e-02 -1.143172e-03 9.996204e-01 1.338445e+02
9.994215e-01 -8.700001e-04 3.399887e-02 -3.044106e+00 9.196551e-04 9.999985e-01 -1.444759e-03 -3.181867e+00 -3.399746e-02 1.475185e-03 9.994208e-01 1.346694e+02
9.996243e-01 6.576557e-04 -2.740068e-02 -2.921555e+00 -6.256170e-04 9.999991e-01 1.177663e-03 -3.206135e+00 2.740153e-02 -1.160084e-03 9.996238e-01 1.354437e+02
9.994452e-01 -8.232593e-04 3.329373e-02 -2.636145e+00 8.705211e-04 9.999986e-01 -1.404944e-03 -3.232672e+00 -3.329243e-02 1.433142e-03 9.994446e-01 1.360649e+02
9.995950e-01 6.580033e-04 -2.844720e-02 -2.557237e+00 -6.242738e-04 9.999991e-01 1.194396e-03 -3.254515e+00 2.844806e-02 -1.176159e-03 9.995945e-01 1.367989e+02
9.994890e-01 -8.023568e-04 3.195215e-02 -2.564387e+00 8.465182e-04 9.999987e-01 -1.368474e-03 -3.276264e+00 -3.195092e-02 1.394817e-03 9.994884e-01 1.376782e+02
9.995729e-01 6.899452e-04 -2.921546e-02 -2.430067e+00 -6.536180e-04 9.999990e-01 1.252802e-03 -3.299442e+00 2.921640e-02 -1.233177e-03 9.995723e-01 1.383839e+02
9.994512e-01 -8.311676e-04 3.311417e-02 -2.339434e+00 8.787292e-04 9.999986e-01 -1.421637e-03 -3.321932e+00 -3.311284e-02 1.449950e-03 9.994505e-01 1.391305e+02
9.996027e-01 6.607311e-04 -2.817717e-02 -2.384061e+00 -6.270357e-04 9.999991e-01 1.204498e-03 -3.340466e+00 2.817804e-02 -1.186357e-03 9.996022e-01 1.399445e+02
9.995162e-01 -7.919907e-04 3.109153e-02 -2.439266e+00 8.346161e-04 9.999987e-01 -1.357876e-03 -3.362461e+00 -3.109032e-02 1.383163e-03 9.995156e-01 1.409199e+02
9.996233e-01 6.356218e-04 -2.743782e-02 -2.447869e+00 -6.035300e-04 9.999991e-01 1.177716e-03 -3.385499e+00 2.743864e-02 -1.160718e-03 9.996228e-01 1.418570e+02
9.995831e-01 -7.405310e-04 2.886081e-02 -2.479832e+00 7.780398e-04 9.999989e-01 -1.288285e-03 -3.410515e+00 -2.885972e-02 1.310197e-03 9.995826e-01 1.429151e+02
9.997798e-01 4.434617e-04 -2.097943e-02 -2.457570e+00 -4.241965e-04 9.999995e-01 9.225074e-04 -3.441634e+00 2.097993e-02 -9.134102e-04 9.997794e-01 1.441386e+02
9.996571e-01 -6.811943e-04 2.617459e-02 -2.417110e+00 7.120406e-04 9.999991e-01 -1.169010e-03 -3.470968e+00 -2.617367e-02 1.187241e-03 9.996566e-01 1.452627e+02
9.997065e-01 5.667460e-04 -2.421834e-02 -2.481723e+00 -5.416056e-04 9.999993e-01 1.044425e-03 -3.493393e+00 2.421902e-02 -1.031007e-03 9.997061e-01 1.462708e+02
9.994682e-01 -8.511580e-04 3.259512e-02 -2.510671e+00 8.979617e-04 9.999986e-01 -1.421162e-03 -3.518203e+00 -3.259377e-02 1.449670e-03 9.994676e-01 1.473240e+02
9.998788e-01 3.243262e-04 -1.556120e-02 -2.484007e+00 -3.129716e-04 9.999997e-01 7.317967e-04 -3.543288e+00 1.556154e-02 -7.268433e-04 9.998786e-01 1.482990e+02
9.996516e-01 -6.871156e-04 2.638599e-02 -2.506529e+00 7.191420e-04 9.999990e-01 -1.204116e-03 -3.566977e+00 -2.638504e-02 1.222666e-03 9.996510e-01 1.492971e+02
9.997039e-01 5.691934e-04 -2.432534e-02 -2.537880e+00 -5.432856e-04 9.999993e-01 1.071447e-03 -3.589527e+00 2.432603e-02 -1.057919e-03 9.997035e-01 1.502486e+02
9.994222e-01 -8.749412e-04 3.397748e-02 -2.522371e+00 9.256977e-04 9.999985e-01 -1.477985e-03 -3.611328e+00 -3.397603e-02 1.508578e-03 9.994215e-01 1.510963e+02
9.998088e-01 4.228737e-04 -1.954498e-02 -2.470894e+00 -4.054714e-04 9.999995e-01 8.940669e-04 -3.636240e+00 1.954545e-02 -8.859766e-04 9.998085e-01 1.520221e+02
9.996904e-01 -6.489366e-04 2.487229e-02 -2.518617e+00 6.782588e-04 9.999991e-01 -1.170294e-03 -3.662959e+00 -2.487141e-02 1.186796e-03 9.996899e-01 1.531823e+02
9.998787e-01 3.257899e-04 -1.556743e-02 -2.478607e+00 -3.140393e-04 9.999997e-01 7.569195e-04 -3.688838e+00 1.556777e-02 -7.519445e-04 9.998785e-01 1.541576e+02
9.996513e-01 -6.939525e-04 2.639537e-02 -2.474633e+00 7.265022e-04 9.999990e-01 -1.223400e-03 -3.714132e+00 -2.639440e-02 1.242144e-03 9.996508e-01 1.551814e+02
9.997329e-01 5.329187e-04 -2.310418e-02 -2.524933e+00 -5.090578e-04 9.999993e-01 1.038390e-03 -3.738904e+00 2.310482e-02 -1.026356e-03 9.997325e-01 1.562628e+02
9.996854e-01 -6.798123e-04 2.507029e-02 -2.558825e+00 7.097594e-04 9.999990e-01 -1.185442e-03 -3.768106e+00 -2.506936e-02 1.202857e-03 9.996849e-01 1.575003e+02
9.997392e-01 5.374275e-04 -2.282873e-02 -2.580537e+00 -5.138255e-04 9.999993e-01 1.039493e-03 -3.794537e+00 2.282937e-02 -1.027497e-03 9.997388e-01 1.586005e+02
9.997672e-01 -5.234392e-04 2.156633e-02 -2.342189e+00 5.456268e-04 9.999993e-01 -1.022702e-03 -3.818973e+00 -2.156568e-02 1.034226e-03 9.997668e-01 1.591808e+02
9.997026e-01 5.970256e-04 -2.437593e-02 -2.118226e+00 -5.703868e-04 9.999992e-01 1.099551e-03 -3.843426e+00 2.437667e-02 -1.085326e-03 9.997022e-01 1.597889e+02
9.996938e-01 -6.569725e-04 2.473384e-02 -2.019429e+00 6.857165e-04 9.999991e-01 -1.153460e-03 -3.868575e+00 -2.473296e-02 1.170062e-03 9.996934e-01 1.606237e+02
9.994028e-01 9.583635e-04 -3.453960e-02 -1.931837e+00 -9.068848e-04 9.999985e-01 1.505906e-03 -3.887614e+00 3.454109e-02 -1.473689e-03 9.994021e-01 1.612062e+02
9.997114e-01 -6.167137e-04 2.401253e-02 -1.907174e+00 6.443936e-04 9.999991e-01 -1.144799e-03 -3.903890e+00 -2.401170e-02 1.159937e-03 9.997109e-01 1.617818e+02
9.997789e-01 4.872921e-04 -2.102130e-02 -1.896686e+00 -4.668953e-04 9.999994e-01 9.749425e-04 -3.923543e+00 2.102186e-02 -9.649178e-04 9.997785e-01 1.625359e+02
9.997530e-01 -5.872115e-04 2.221503e-02 -1.927286e+00 6.113771e-04 9.999992e-01 -1.080800e-03 -3.945843e+00 -2.221428e-02 1.094109e-03 9.997526e-01 1.634763e+02
9.998341e-01 4.122742e-04 -1.820491e-02 -1.977690e+00 -3.964676e-04 9.999995e-01 8.715706e-04 -3.966430e+00 1.820536e-02 -8.642140e-04 9.998338e-01 1.643814e+02
9.998032e-01 -5.131100e-04 1.982964e-02 -2.024814e+00 5.327318e-04 9.999994e-01 -9.839919e-04 -3.983285e+00 -1.982902e-02 9.943564e-04 9.998028e-01 1.651207e+02
9.998384e-01 4.128506e-04 -1.796752e-02 -2.016045e+00 -3.973990e-04 9.999995e-01 8.632365e-04 -3.999707e+00 1.796797e-02 -8.559624e-04 9.998381e-01 1.657435e+02
9.997386e-01 -6.088864e-04 2.285369e-02 -2.014073e+00 6.342643e-04 9.999992e-01 -1.102996e-03 -4.020592e+00 -2.285290e-02 1.117197e-03 9.997382e-01 1.665704e+02
9.997804e-01 4.959481e-04 -2.094547e-02 -2.005856e+00 -4.754444e-04 9.999994e-01 9.836214e-04 -4.041004e+00 2.094604e-02 -9.734527e-04 9.997801e-01 1.673621e+02
9.996645e-01 -6.932482e-04 2.588892e-02 -1.990602e+00 7.249612e-04 9.999990e-01 -1.215399e-03 -4.062777e+00 -2.588795e-02 1.233754e-03 9.996640e-01 1.682052e+02
9.997655e-01 5.270087e-04 -2.164860e-02 -1.945630e+00 -5.052662e-04 9.999994e-01 1.009544e-03 -4.083839e+00 2.164922e-02 -9.983746e-04 9.997651e-01 1.689638e+02
9.997178e-01 -6.550131e-04 2.374322e-02 -1.977182e+00 6.823811e-04 9.999991e-01 -1.144359e-03 -4.107180e+00 -2.374235e-02 1.160233e-03 9.997174e-01 1.699512e+02
9.997276e-01 5.897735e-04 -2.333020e-02 -1.947598e+00 -5.646516e-04 9.999993e-01 1.083136e-03 -4.129528e+00 2.333092e-02 -1.069674e-03 9.997272e-01 1.707847e+02
9.997170e-01 -6.581381e-04 2.377806e-02 -1.952888e+00 6.857274e-04 9.999991e-01 -1.151927e-03 -4.151222e+00 -2.377718e-02 1.167900e-03 9.997165e-01 1.716544e+02
9.997239e-01 5.826742e-04 -2.348609e-02 -1.989011e+00 -5.576431e-04 9.999993e-01 1.072086e-03 -4.173966e+00 2.348680e-02 -1.058699e-03 9.997235e-01 1.726213e+02
9.997146e-01 -6.681676e-04 2.387913e-02 -2.010863e+00 6.959645e-04 9.999991e-01 -1.155554e-03 -4.200001e+00 -2.387824e-02 1.171837e-03 9.997141e-01 1.737007e+02
9.998194e-01 4.627655e-04 -1.899879e-02 -2.037124e+00 -4.455403e-04 9.999995e-01 9.105798e-04 -4.223621e+00 1.899930e-02 -9.019564e-04 9.998190e-01 1.746932e+02
9.998314e-01 -4.870441e-04 1.835469e-02 -2.111334e+00 5.047323e-04 9.999994e-01 -9.587731e-04 -4.241944e+00 -1.835411e-02 9.678698e-04 9.998310e-01 1.755374e+02
9.998297e-01 4.344302e-04 -1.844553e-02 -2.222090e+00 -4.180243e-04 9.999995e-01 8.929716e-04 -4.261958e+00 1.844601e-02 -8.851146e-04 9.998294e-01 1.765183e+02
9.997847e-01 -5.770335e-04 2.073824e-02 -2.344168e+00 5.987862e-04 9.999993e-01 -1.042463e-03 -4.287226e+00 -2.073752e-02 1.054650e-03 9.997843e-01 1.777478e+02
9.998263e-01 4.261903e-04 -1.862955e-02 -2.462769e+00 -4.094323e-04 9.999995e-01 9.030445e-04 -4.315384e+00 1.863003e-02 -8.952659e-04 9.998260e-01 1.790946e+02
9.998053e-01 -5.506755e-04 1.972196e-02 -2.544612e+00 5.707421e-04 9.999993e-01 -1.011585e-03 -4.343701e+00 -1.972129e-02 1.022639e-03 9.998049e-01 1.803813e+02
9.998178e-01 4.445144e-04 -1.908230e-02 -2.596641e+00 -4.270384e-04 9.999995e-01 9.195960e-04 -4.370185e+00 1.908280e-02 -9.112854e-04 9.998174e-01 1.815363e+02
9.998136e-01 -5.206189e-04 1.929604e-02 -2.698674e+00 5.398599e-04 9.999994e-01 -9.916731e-04 -4.394349e+00 -1.929542e-02 1.001900e-03 9.998133e-01 1.826825e+02
9.998212e-01 4.357170e-04 -1.890098e-02 -2.805478e+00 -4.185411e-04 9.999995e-01 9.123750e-04 -4.417647e+00 1.890147e-02 -9.043069e-04 9.998209e-01 1.838001e+02
9.998063e-01 -5.443422e-04 1.967056e-02 -2.909834e+00 5.643441e-04 9.999993e-01 -1.011032e-03 -4.445161e+00 -1.966989e-02 1.021931e-03 9.998060e-01 1.850918e+02
9.998149e-01 4.455552e-04 -1.923351e-02 -2.997543e+00 -4.279133e-04 9.999995e-01 9.210591e-04 -4.472911e+00 1.923401e-02 -9.126642e-04 9.998145e-01 1.863629e+02
9.998270e-01 -4.852704e-04 1.859099e-02 -3.102810e+00 5.033687e-04 9.999994e-01 -9.685365e-04 -4.495920e+00 -1.859041e-02 9.777211e-04 9.998267e-01 1.874607e+02
9.998174e-01 4.670444e-04 -1.910127e-02 -3.278096e+00 -4.495319e-04 9.999995e-01 9.208094e-04 -4.514350e+00 1.910179e-02 -9.120605e-04 9.998171e-01 1.884713e+02
9.998603e-01 -3.829837e-04 1.670718e-02 -3.490248e+00 3.980550e-04 9.999995e-01 -8.984440e-04 -4.524629e+00 -1.670673e-02 9.049629e-04 9.998600e-01 1.891641e+02
9.997662e-01 4.949897e-04 -2.161662e-02 -3.572307e+00 -4.729373e-04 9.999994e-01 1.024999e-03 -4.544635e+00 2.161721e-02 -1.014542e-03 9.997658e-01 1.900772e+02
9.997902e-01 -5.060199e-04 2.047490e-02 -3.651618e+00 5.276232e-04 9.999993e-01 -1.049460e-03 -4.564894e+00 -2.047426e-02 1.060037e-03 9.997898e-01 1.910102e+02
9.997832e-01 5.150333e-04 -2.081119e-02 -3.893618e+00 -4.946190e-04 9.999994e-01 9.857915e-04 -4.576104e+00 2.081179e-02 -9.752901e-04 9.997829e-01 1.918032e+02
9.997998e-01 -5.196180e-04 2.000221e-02 -4.043879e+00 5.401672e-04 9.999993e-01 -1.021685e-03 -4.593059e+00 -2.000157e-02 1.032279e-03 9.997994e-01 1.927072e+02
9.997725e-01 4.981358e-04 -2.132184e-02 -4.093415e+00 -4.767408e-04 9.999994e-01 1.008235e-03 -4.615470e+00 2.132243e-02 -9.978467e-04 9.997721e-01 1.936800e+02
9.999095e-01 -3.135785e-04 1.344395e-02 -4.054573e+00 3.235474e-04 9.999997e-01 -7.389380e-04 -4.636574e+00 -1.344361e-02 7.432150e-04 9.999093e-01 1.944212e+02
9.996546e-01 6.905108e-04 -2.626961e-02 -4.056669e+00 -6.599325e-04 9.999991e-01 1.172459e-03 -4.655980e+00 2.627049e-02 -1.154724e-03 9.996542e-01 1.951739e+02
9.997390e-01 -6.286557e-04 2.283442e-02 -4.061116e+00 6.536963e-04 9.999992e-01 -1.088937e-03 -4.675855e+00 -2.283362e-02 1.103573e-03 9.997386e-01 1.959530e+02
9.997343e-01 5.857052e-04 -2.304015e-02 -4.085452e+00 -5.616158e-04 9.999993e-01 1.051758e-03 -4.694624e+00 2.304085e-02 -1.038545e-03 9.997339e-01 1.967317e+02
9.997332e-01 -6.402670e-04 2.308831e-02 -4.146055e+00 6.661189e-04 9.999992e-01 -1.111794e-03 -4.714300e+00 -2.308748e-02 1.126871e-03 9.997328e-01 1.976122e+02
9.997207e-01 5.942688e-04 -2.362574e-02 -4.161283e+00 -5.690353e-04 9.999993e-01 1.074526e-03 -4.735623e+00 2.362646e-02 -1.060788e-03 9.997202e-01 1.984813e+02
9.997420e-01 -6.314041e-04 2.270253e-02 -4.180403e+00 6.566715e-04 9.999992e-01 -1.105306e-03 -4.758468e+00 -2.270171e-02 1.119923e-03 9.997416e-01 1.994204e+02
9.995928e-01 7.556347e-04 -2.852471e-02 -4.016680e+00 -7.186358e-04 9.999989e-01 1.307116e-03 -4.781942e+00 2.852577e-02 -1.286091e-03 9.995922e-01 2.000653e+02
9.998227e-01 -4.491458e-04 1.882298e-02 -3.534272e+00 4.655329e-04 9.999995e-01 -8.659374e-04 -4.807456e+00 -1.882249e-02 8.745406e-04 9.998224e-01 2.003178e+02
9.997836e-01 5.348425e-04 -2.079286e-02 -2.905761e+00 -5.143906e-04 9.999994e-01 9.886744e-04 -4.839555e+00 2.079347e-02 -9.777708e-04 9.997833e-01 2.006341e+02
9.998112e-01 -4.872691e-04 1.942489e-02 -2.357494e+00 5.050717e-04 9.999995e-01 -9.113179e-04 -4.871502e+00 -1.942434e-02 9.209508e-04 9.998108e-01 2.010662e+02
9.998093e-01 4.655725e-04 -1.951828e-02 -1.974805e+00 -4.477731e-04 9.999995e-01 9.160200e-04 -4.901886e+00 1.951879e-02 -9.071115e-04 9.998090e-01 2.016968e+02
9.997750e-01 -5.727219e-04 2.120447e-02 -1.692429e+00 5.938784e-04 9.999993e-01 -9.912077e-04 -4.933616e+00 -2.120379e-02 1.003572e-03 9.997746e-01 2.025397e+02
9.997764e-01 5.695384e-04 -2.113485e-02 -1.096257e+00 -5.480395e-04 9.999993e-01 1.022749e-03 -4.971139e+00 2.113552e-02 -1.010943e-03 9.997761e-01 2.031370e+02
9.998003e-01 -5.804845e-04 1.997410e-02 -9.209476e-01 6.009822e-04 9.999993e-01 -1.019964e-03 -4.997801e+00 -1.997339e-02 1.031759e-03 9.997999e-01 2.039242e+02
9.997638e-01 5.985544e-04 -2.172190e-02 -7.054976e-01 -5.758972e-04 9.999993e-01 1.049051e-03 -5.023190e+00 2.172261e-02 -1.036299e-03 9.997634e-01 2.045965e+02
9.997427e-01 -5.865356e-04 2.267476e-02 9.447282e-02 6.094451e-04 9.999993e-01 -1.003224e-03 -5.062728e+00 -2.267406e-02 1.016779e-03 9.997423e-01 2.049842e+02
9.998616e-01 4.780832e-04 -1.662607e-02 1.184202e+00 -4.625618e-04 9.999995e-01 9.370644e-04 -5.111418e+00 1.662660e-02 -9.292501e-04 9.998613e-01 2.053281e+02
9.997982e-01 -5.371246e-04 2.007982e-02 2.018703e+00 5.564647e-04 9.999994e-01 -9.573251e-04 -5.151404e+00 -2.007919e-02 9.682996e-04 9.997979e-01 2.056869e+02
9.998311e-01 5.178807e-04 -1.836979e-02 2.772311e+00 -4.996939e-04 9.999994e-01 9.943163e-04 -5.186482e+00 1.837040e-02 -9.849750e-04 9.998307e-01 2.059589e+02
9.998247e-01 -4.753002e-04 1.871658e-02 3.864156e+00 4.915281e-04 9.999995e-01 -8.621655e-04 -5.236642e+00 -1.871606e-02 8.712081e-04 9.998244e-01 2.063521e+02
9.997899e-01 5.986787e-04 -2.048870e-02 5.094595e+00 -5.768784e-04 9.999993e-01 1.069644e-03 -5.292439e+00 2.048942e-02 -1.057605e-03 9.997895e-01 2.067653e+02
9.998531e-01 -3.930693e-04 1.713268e-02 6.639988e+00 4.059878e-04 9.999996e-01 -7.502501e-04 -5.357523e+00 -1.713228e-02 7.570896e-04 9.998529e-01 2.070892e+02
9.998334e-01 5.636259e-04 -1.824438e-02 8.279614e+00 -5.446597e-04 9.999993e-01 1.044220e-03 -5.423778e+00 1.824505e-02 -1.034115e-03 9.998330e-01 2.073588e+02
9.998566e-01 -3.743805e-04 1.693002e-02 1.014854e+01 3.863050e-04 9.999997e-01 -7.007697e-04 -5.498983e+00 -1.692966e-02 7.072034e-04 9.998564e-01 2.076592e+02
9.998019e-01 6.008703e-04 -1.989129e-02 1.200290e+01 -5.799482e-04 9.999993e-01 1.057306e-03 -5.577263e+00 1.989201e-02 -1.045567e-03 9.998015e-01 2.080875e+02
9.998635e-01 -3.397827e-04 1.651504e-02 1.409994e+01 3.502819e-04 9.999997e-01 -6.325364e-04 -5.662640e+00 -1.651472e-02 6.382292e-04 9.998634e-01 2.084483e+02
9.998342e-01 5.880359e-04 -1.819681e-02 1.640182e+01 -5.687925e-04 9.999993e-01 1.062384e-03 -5.753958e+00 1.819752e-02 -1.051863e-03 9.998338e-01 2.087678e+02
9.998563e-01 -4.536040e-04 1.694373e-02 1.815761e+01 4.669830e-04 9.999996e-01 -7.853672e-04 -5.832747e+00 -1.694327e-02 7.931610e-04 9.998561e-01 2.093768e+02
9.998464e-01 5.298879e-04 -1.751726e-02 1.948245e+01 -5.131790e-04 9.999994e-01 9.580364e-04 -5.896139e+00 1.751785e-02 -9.489055e-04 9.998460e-01 2.099855e+02
9.998310e-01 -4.753943e-04 1.837759e-02 2.109327e+01 4.895062e-04 9.999996e-01 -7.631256e-04 -5.969962e+00 -1.837712e-02 7.719868e-04 9.998308e-01 2.105950e+02
9.998137e-01 5.541927e-04 -1.929004e-02 2.235751e+01 -5.365222e-04 9.999994e-01 9.209346e-04 -6.034213e+00 1.929064e-02 -9.104192e-04 9.998134e-01 2.113081e+02
9.998457e-01 -4.295434e-04 1.756074e-02 2.374048e+01 4.420842e-04 9.999997e-01 -7.099797e-04 -6.100063e+00 -1.756033e-02 7.176277e-04 9.998455e-01 2.119040e+02
9.998260e-01 5.468824e-04 -1.864174e-02 2.513019e+01 -5.298503e-04 9.999994e-01 9.183029e-04 -6.164053e+00 1.864233e-02 -9.082715e-04 9.998257e-01 2.124266e+02
9.998437e-01 -4.487858e-04 1.767235e-02 2.637981e+01 4.618741e-04 9.999996e-01 -7.362560e-04 -6.222478e+00 -1.767191e-02 7.442975e-04 9.998435e-01 2.129230e+02
9.997615e-01 6.578425e-04 -2.182668e-02 2.777619e+01 -6.355226e-04 9.999993e-01 1.029286e-03 -6.286291e+00 2.182744e-02 -1.015175e-03 9.997612e-01 2.134027e+02
9.998364e-01 -4.634105e-04 1.807843e-02 2.921573e+01 4.768218e-04 9.999996e-01 -7.372640e-04 -6.352087e+00 -1.807798e-02 7.457579e-04 9.998362e-01 2.139029e+02
9.998055e-01 6.011907e-04 -1.970823e-02 3.065072e+01 -5.821017e-04 9.999994e-01 9.740435e-04 -6.416658e+00 1.970890e-02 -9.623875e-04 9.998052e-01 2.143692e+02
9.998183e-01 -4.865734e-04 1.905466e-02 3.223115e+01 5.006737e-04 9.999996e-01 -7.349737e-04 -6.487459e+00 -1.905420e-02 7.443746e-04 9.998181e-01 2.148931e+02
9.998021e-01 6.461850e-04 -1.987976e-02 3.410794e+01 -6.254683e-04 9.999993e-01 1.048044e-03 -6.566778e+00 1.988053e-02 -1.035408e-03 9.998018e-01 2.153466e+02
9.997873e-01 -5.392379e-04 2.061676e-02 3.613331e+01 5.546308e-04 9.999996e-01 -7.406744e-04 -6.651712e+00 -2.061625e-02 7.519459e-04 9.997871e-01 2.158129e+02
9.997710e-01 7.312782e-04 -2.138636e-02 3.827767e+01 -7.075246e-04 9.999991e-01 1.117999e-03 -6.738701e+00 2.138726e-02 -1.102617e-03 9.997706e-01 2.161941e+02
9.997880e-01 -5.381886e-04 2.058327e-02 4.046062e+01 5.533155e-04 9.999996e-01 -7.289930e-04 -6.827411e+00 -2.058277e-02 7.402219e-04 9.997878e-01 2.165872e+02
9.997655e-01 7.505269e-04 -2.164157e-02 4.272566e+01 -7.261518e-04 9.999991e-01 1.133922e-03 -6.919221e+00 2.164250e-02 -1.117946e-03 9.997651e-01 2.169853e+02
9.997980e-01 -5.279000e-04 2.009002e-02 4.500589e+01 5.423204e-04 9.999996e-01 -7.121156e-04 -7.011284e+00 -2.008954e-02 7.228615e-04 9.997979e-01 2.173734e+02
9.997576e-01 7.943619e-04 -2.200013e-02 4.741685e+01 -7.687428e-04 9.999990e-01 1.172710e-03 -7.106841e+00 2.200114e-02 -1.155519e-03 9.997572e-01 2.177138e+02
9.997964e-01 -5.844956e-04 2.016784e-02 4.955431e+01 6.003231e-04 9.999995e-01 -7.785155e-04 -7.195557e+00 -2.016728e-02 7.904587e-04 9.997962e-01 2.181768e+02
9.997800e-01 7.024177e-04 -2.096075e-02 5.129077e+01 -6.807020e-04 9.999992e-01 1.042908e-03 -7.273397e+00 2.096157e-02 -1.028416e-03 9.997797e-01 2.187835e+02
9.998158e-01 -4.977806e-04 1.918449e-02 5.336391e+01 5.105364e-04 9.999997e-01 -6.597707e-04 -7.358085e+00 -1.918406e-02 6.694381e-04 9.998157e-01 2.191683e+02
9.997482e-01 8.151296e-04 -2.242109e-02 5.568980e+01 -7.896531e-04 9.999990e-01 1.144893e-03 -7.448177e+00 2.242210e-02 -1.126905e-03 9.997479e-01 2.194038e+02
9.997963e-01 -5.679024e-04 2.017257e-02 5.770674e+01 5.829038e-04 9.999996e-01 -7.375593e-04 -7.527147e+00 -2.017205e-02 7.491624e-04 9.997962e-01 2.196446e+02
9.997395e-01 8.099428e-04 -2.280579e-02 5.939872e+01 -7.852244e-04 9.999991e-01 1.092594e-03 -7.593403e+00 2.280675e-02 -1.074407e-03 9.997393e-01 2.198383e+02
9.997854e-01 -5.989351e-04 2.070500e-02 6.104802e+01 6.147443e-04 9.999995e-01 -7.569739e-04 -7.658686e+00 -2.070444e-02 7.695344e-04 9.997853e-01 2.200489e+02
9.997543e-01 7.973345e-04 -2.214931e-02 6.277719e+01 -7.734382e-04 9.999991e-01 1.087210e-03 -7.727303e+00 2.215026e-02 -1.069817e-03 9.997540e-01 2.202799e+02
9.997509e-01 -6.410454e-04 2.230970e-02 6.462392e+01 6.582502e-04 9.999995e-01 -7.636505e-04 -7.799936e+00 -2.230910e-02 7.781404e-04 9.997508e-01 2.205105e+02
9.997190e-01 8.466923e-04 -2.368974e-02 6.640292e+01 -8.206935e-04 9.999991e-01 1.106979e-03 -7.870153e+00 2.369076e-02 -1.087231e-03 9.997187e-01 2.207359e+02
