9.999999e-01 -4.771243e-05 -4.427288e-04 -3.687407e-02 4.768875e-05 1.000000e+00 -5.354052e-05 -1.503632e-02 4.427313e-04 5.351987e-05 9.999998e-01 6.427583e-01
9.999843e-01 1.770242e-04 -5.604555e-03 -3.529101e-02 -1.758985e-04 1.000000e+00 2.013509e-04 -3.613437e-02 5.604590e-03 -2.003614e-04 9.999842e-01 1.462469e+00
9.999897e-01 8.736792e-05 -4.545977e-03 -4.333395e-02 -8.678377e-05 1.000000e+00 1.286901e-04 -5.496664e-02 4.545986e-03 -1.282938e-04 9.999896e-01 2.177108e+00
9.997925e-01 7.231167e-04 -2.035793e-02 -3.327569e-02 -7.071232e-04 9.999994e-01 7.928012e-04 -6.855271e-02 2.035848e-02 -7.782405e-04 9.997923e-01 2.669018e+00
9.999994e-01 -1.311994e-04 1.114466e-03 -5.080268e-02 1.313304e-04 1.000000e+00 -1.174766e-04 -8.827506e-02 -1.114456e-03 1.176236e-04 9.999993e-01 3.458013e+00
9.998429e-01 6.659326e-04 -1.771001e-02 -1.194876e-01 -6.537300e-04 9.999995e-01 6.948045e-04 -1.031633e-01 1.771046e-02 -6.831171e-04 9.998428e-01 4.137925e+00
9.999834e-01 -2.348251e-04 5.764181e-03 -2.166287e-01 2.364163e-04 9.999999e-01 -2.753676e-04 -1.052409e-01 -5.764125e-03 2.767265e-04 9.999832e-01 4.354071e+00
9.999779e-01 1.946977e-04 -6.649219e-03 -2.531691e-01 -1.932243e-04 1.000000e+00 2.222237e-04 -1.245920e-01 6.649254e-03 -2.209333e-04 9.999778e-01 5.175131e+00
9.999995e-01 -7.580867e-05 9.741723e-04 -2.983173e-01 7.589406e-05 1.000000e+00 -8.755266e-05 -1.454652e-01 -9.741752e-04 8.762733e-05 9.999994e-01 6.053595e+00
9.998765e-01 5.479159e-04 -1.570524e-02 -3.611351e-01 -5.387102e-04 9.999997e-01 5.903711e-04 -1.598138e-01 1.570555e-02 -5.818368e-04 9.998764e-01 6.702490e+00
9.998942e-01 -5.553249e-04 1.453410e-02 -4.070207e-01 5.643439e-04 9.999997e-01 -6.164466e-04 -1.766567e-01 -1.453377e-02 6.245844e-04 9.998941e-01 7.433786e+00
9.998935e-01 5.177504e-04 -1.458631e-02 -5.147937e-01 -5.097857e-04 9.999997e-01 5.497474e-04 -1.888296e-01 1.458658e-02 -5.422522e-04 9.998934e-01 8.062554e+00
9.999074e-01 -5.255312e-04 1.359648e-02 -6.005590e-01 5.335607e-04 9.999997e-01 -5.869279e-04 -2.030533e-01 -1.359617e-02 5.941289e-04 9.999073e-01 8.743152e+00
9.998807e-01 5.128016e-04 -1.543938e-02 -6.723784e-01 -5.040698e-04 9.999997e-01 5.694402e-04 -2.271097e-01 1.543966e-02 -5.615889e-04 9.998805e-01 9.819717e+00
9.999997e-01 -6.887331e-05 8.241136e-04 -7.412321e-01 6.890768e-05 1.000000e+00 -4.158969e-05 -2.421655e-01 -8.241235e-04 4.164732e-05 9.999996e-01 1.047879e+01
9.997133e-01 9.052203e-04 -2.392732e-02 -7.476594e-01 -8.835497e-04 9.999992e-01 9.162377e-04 -2.451028e-01 2.392811e-02 -8.948331e-04 9.997132e-01 1.058675e+01
9.998051e-01 -7.351939e-04 1.972959e-02 -6.752671e-01 7.505702e-04 9.999994e-01 -7.719555e-04 -2.447328e-01 -1.972903e-02 7.866145e-04 9.998050e-01 1.043958e+01
9.989753e-01 1.677854e-03 -4.522781e-02 -7.000959e-01 -1.597308e-03 9.999971e-01 1.816978e-03 -2.398981e-01 4.523071e-02 -1.742872e-03 9.989749e-01 1.025150e+01
9.998667e-01 -6.445758e-04 1.631416e-02 -7.320592e-01 6.551721e-04 9.999996e-01 -6.441699e-04 -2.369007e-01 -1.631375e-02 6.547737e-04 9.998666e-01 1.013775e+01
9.987555e-01 1.829209e-03 -4.984128e-02 -7.745278e-01 -1.733519e-03 9.999966e-01 1.963050e-03 -2.427275e-01 4.984468e-02 -1.874204e-03 9.987551e-01 1.040351e+01
9.991437e-01 -1.464091e-03 4.134901e-02 -8.577488e-01 1.533118e-03 9.999975e-01 -1.637714e-03 -2.464563e-01 -4.134653e-02 1.699706e-03 9.991433e-01 1.066862e+01
9.989316e-01 1.691137e-03 -4.618181e-02 -9.462813e-01 -1.609219e-03 9.999971e-01 1.810935e-03 -2.475546e-01 4.618471e-02 -1.734683e-03 9.989313e-01 1.081074e+01
9.994561e-01 -1.183153e-03 3.295472e-02 -9.283388e-01 1.226296e-03 9.999984e-01 -1.288972e-03 -2.524731e-01 -3.295317e-02 1.328685e-03 9.994559e-01 1.094381e+01
9.983908e-01 2.032706e-03 -5.667247e-02 -8.343064e-01 -1.907071e-03 9.999956e-01 2.270860e-03 -2.635758e-01 5.667680e-02 -2.159126e-03 9.983901e-01 1.117877e+01
9.997656e-01 -7.540521e-04 2.163671e-02 -6.901697e-01 7.715792e-04 9.999994e-01 -8.017133e-04 -2.699919e-01 -2.163613e-02 8.182213e-04 9.997655e-01 1.119227e+01
9.990576e-01 1.496572e-03 -4.337799e-02 -6.830492e-01 -1.428052e-03 9.999977e-01 1.610544e-03 -2.843262e-01 4.338026e-02 -1.547079e-03 9.990573e-01 1.171779e+01
9.991328e-01 -1.453251e-03 4.161048e-02 -6.818880e-01 1.519709e-03 9.999976e-01 -1.565549e-03 -3.041324e-01 -4.160814e-02 1.627429e-03 9.991326e-01 1.248551e+01
9.990860e-01 1.532586e-03 -4.271788e-02 -3.720021e-01 -1.463511e-03 9.999976e-01 1.648245e-03 -3.250840e-01 4.272027e-02 -1.584219e-03 9.990857e-01 1.283122e+01
9.991071e-01 -1.380213e-03 4.222701e-02 -9.990165e-03 1.446317e-03 9.999978e-01 -1.534928e-03 -3.250790e-01 -4.222483e-02 1.594633e-03 9.991068e-01 1.236238e+01
9.991232e-01 1.517137e-03 -4.183971e-02 -4.061653e-01 -1.456467e-03 9.999978e-01 1.480500e-03 -3.034712e-01 4.184183e-02 -1.418262e-03 9.991231e-01 1.204306e+01
9.990967e-01 -1.252829e-03 4.247652e-02 -1.042467e+00 1.320433e-03 9.999979e-01 -1.563523e-03 -2.576942e-01 -4.247451e-02 1.618199e-03 9.990961e-01 1.110909e+01
9.991069e-01 1.530266e-03 -4.222518e-02 -1.621671e+00 -1.468032e-03 9.999978e-01 1.504822e-03 -2.122230e-01 4.222735e-02 -1.441488e-03 9.991069e-01 1.011151e+01
9.991089e-01 -1.357842e-03 4.218370e-02 -1.954973e+00 1.423264e-03 9.999978e-01 -1.520866e-03 -1.885084e-01 -4.218157e-02 1.579551e-03 9.991086e-01 9.623604e+00
9.990663e-01 1.608481e-03 -4.317393e-02 -2.293715e+00 -1.542026e-03 9.999976e-01 1.572475e-03 -1.595281e-01 4.317632e-02 -1.504430e-03 9.990662e-01 8.933994e+00
9.990764e-01 -1.317275e-03 4.294894e-02 -2.847796e+00 1.386320e-03 9.999978e-01 -1.577856e-03 -1.169198e-01 -4.294680e-02 1.635942e-03 9.990759e-01 8.006068e+00
9.990758e-01 1.615383e-03 -4.295160e-02 -3.433051e+00 -1.550407e-03 9.999976e-01 1.546049e-03 -7.084335e-02 4.295396e-02 -1.478027e-03 9.990759e-01 6.988559e+00
9.990810e-01 -1.264384e-03 4.284277e-02 -4.046827e+00 1.331962e-03 9.999979e-01 -1.548832e-03 -1.683377e-02 -4.284076e-02 1.604475e-03 9.990805e-01 5.716451e+00
9.990737e-01 1.562279e-03 -4.300296e-02 -4.689820e+00 -1.498362e-03 9.999977e-01 1.518514e-03 2.856709e-02 4.300520e-02 -1.452672e-03 9.990737e-01 4.792712e+00
9.991268e-01 -1.332754e-03 4.175831e-02 -5.196873e+00 1.396141e-03 9.999979e-01 -1.488811e-03 5.206954e-02 -4.175628e-02 1.545813e-03 9.991265e-01 4.531577e+00
9.991291e-01 1.492077e-03 -4.169964e-02 -5.770668e+00 -1.433623e-03 9.999979e-01 1.431645e-03 7.079256e-02 4.170166e-02 -1.370615e-03 9.991291e-01 4.571751e+00
9.991239e-01 -1.393427e-03 4.182715e-02 -6.209827e+00 1.456718e-03 9.999978e-01 -1.482695e-03 7.531022e-02 -4.182503e-02 1.542328e-03 9.991237e-01 4.997943e+00
9.991457e-01 1.368363e-03 -4.130250e-02 -6.368937e+00 -1.309976e-03 9.999981e-01 1.440665e-03 5.940124e-02 4.130436e-02 -1.385328e-03 9.991456e-01 5.879718e+00
9.989851e-01 -1.484091e-03 4.501785e-02 -6.515433e+00 1.557134e-03 9.999975e-01 -1.587493e-03 4.730901e-02 -4.501542e-02 1.655982e-03 9.989848e-01 6.591910e+00
9.992063e-01 1.312558e-03 -3.981333e-02 -6.682714e+00 -1.257904e-03 9.999982e-01 1.397766e-03 3.630677e-02 3.981506e-02 -1.346574e-03 9.992061e-01 7.294927e+00
9.991460e-01 -1.329059e-03 4.129856e-02 -6.932046e+00 1.392016e-03 9.999979e-01 -1.495697e-03 3.051068e-02 -4.129652e-02 1.551909e-03 9.991456e-01 7.887126e+00
9.991540e-01 1.356355e-03 -4.110303e-02 -7.148615e+00 -1.297839e-03 9.999981e-01 1.450278e-03 2.394269e-02 4.110489e-02 -1.395704e-03 9.991538e-01 8.458164e+00
9.992196e-01 -1.267071e-03 3.947783e-02 -7.276604e+00 1.324306e-03 9.999981e-01 -1.423674e-03 1.279896e-02 -3.947598e-02 1.474845e-03 9.992193e-01 9.065610e+00
9.985614e-01 1.947518e-03 -5.358507e-02 -7.643838e+00 -1.842842e-03 9.999963e-01 2.002790e-03 3.570319e-02 5.358874e-02 -1.901159e-03 9.985612e-01 8.645216e+00
9.993139e-01 -1.195743e-03 3.701687e-02 -8.003770e+00 1.245630e-03 9.999983e-01 -1.324646e-03 5.965229e-02 -3.701526e-02 1.369848e-03 9.993137e-01 8.174090e+00
9.985194e-01 1.960735e-03 -5.436114e-02 -8.314421e+00 -1.852282e-03 9.999962e-01 2.045357e-03 8.022145e-02 5.436490e-02 -1.941635e-03 9.985192e-01 7.762406e+00
9.997385e-01 -8.071943e-04 2.285137e-02 -8.381262e+00 8.243591e-04 9.999994e-01 -7.417216e-04 8.387343e-02 -2.285080e-02 7.603671e-04 9.997385e-01 7.677922e+00
9.980250e-01 2.241752e-03 -6.277734e-02 -8.457074e+00 -2.095588e-03 9.999949e-01 2.394042e-03 8.420388e-02 6.278234e-02 -2.257757e-03 9.980246e-01 7.730456e+00
9.996657e-01 -9.048602e-04 2.583950e-02 -8.517813e+00 9.286393e-04 9.999992e-01 -9.082576e-04 7.766683e-02 -2.583871e-02 9.319514e-04 9.996656e-01 8.037142e+00
9.978795e-01 2.300978e-03 -6.504757e-02 -8.607679e+00 -2.142359e-03 9.999946e-01 2.508145e-03 7.178334e-02 6.505293e-02 -2.363469e-03 9.978789e-01 8.339682e+00
9.999605e-01 -3.018067e-04 8.881285e-03 -8.703568e+00 3.037569e-04 9.999999e-01 -2.181621e-04 7.015408e-02 -8.881275e-03 2.208533e-04 9.999604e-01 8.506044e+00
9.978510e-01 2.306117e-03 -6.548330e-02 -8.790402e+00 -2.145591e-03 9.999945e-01 2.521614e-03 6.773571e-02 6.548869e-02 -2.375693e-03 9.978504e-01 8.680368e+00
9.999556e-01 -3.174499e-04 9.411442e-03 -8.874713e+00 3.196330e-04 9.999999e-01 -2.303617e-04 6.615904e-02 -9.411433e-03 2.333619e-04 9.999556e-01 8.822445e+00
9.978142e-01 2.313018e-03 -6.604062e-02 -8.969251e+00 -2.150113e-03 9.999945e-01 2.537701e-03 6.470606e-02 6.604606e-02 -2.390157e-03 9.978136e-01 8.962716e+00
9.999937e-01 -9.777870e-05 3.553952e-03 -9.079478e+00 9.774126e-05 1.000000e+00 1.102081e-05 6.305294e-02 -3.554027e-03 -1.067090e-05 9.999936e-01 9.146610e+00
9.980576e-01 2.178136e-03 -6.225925e-02 -9.180954e+00 -2.034609e-03 9.999951e-01 2.368598e-03 6.095098e-02 6.226403e-02 -2.237321e-03 9.980571e-01 9.331993e+00
9.999941e-01 -1.140647e-04 3.424143e-03 -9.273650e+00 1.139994e-04 1.000000e+00 1.967026e-05 5.864009e-02 -3.424226e-03 -1.927717e-05 9.999941e-01 9.511521e+00
9.979979e-01 2.217028e-03 -6.320852e-02 -9.349703e+00 -2.069410e-03 9.999950e-01 2.400753e-03 5.507390e-02 6.321344e-02 -2.265139e-03 9.979974e-01 9.710260e+00
9.999771e-01 -2.190470e-04 6.753073e-03 -9.404092e+00 2.197762e-04 1.000000e+00 -1.069953e-04 5.084884e-02 -6.753137e-03 1.084797e-04 9.999771e-01 9.913537e+00
9.978688e-01 2.281256e-03 -6.521155e-02 -9.477694e+00 -2.123858e-03 9.999947e-01 2.482848e-03 4.784951e-02 6.521678e-02 -2.339054e-03 9.978683e-01 1.008678e+01
9.999950e-01 -9.276738e-05 3.138955e-03 -9.576504e+00 9.265354e-05 1.000000e+00 3.701325e-05 4.531120e-02 -3.139051e-03 -3.671947e-05 9.999950e-01 1.028194e+01
9.981899e-01 2.117286e-03 -6.010245e-02 -9.654928e+00 -1.984861e-03 9.999955e-01 2.262911e-03 4.143513e-02 6.010687e-02 -2.139517e-03 9.981896e-01 1.051045e+01
9.999693e-01 -2.820579e-04 7.822559e-03 -9.700259e+00 2.831347e-04 1.000000e+00 -1.362735e-04 3.827680e-02 -7.822616e-03 1.384869e-04 9.999693e-01 1.065332e+01
9.979041e-01 2.299499e-03 -6.466903e-02 -9.772067e+00 -2.145066e-03 9.999947e-01 2.457357e-03 3.610242e-02 6.467423e-02 -2.313484e-03 9.979037e-01 1.079509e+01
9.998167e-01 -6.586686e-04 1.913181e-02 -9.812602e+00 6.700763e-04 9.999996e-01 -5.897403e-04 3.332085e-02 -1.913152e-02 6.024548e-04 9.998167e-01 1.092334e+01
9.979727e-01 2.231201e-03 -6.360297e-02 -9.850421e+00 -2.082630e-03 9.999949e-01 2.402091e-03 2.881086e-02 6.360791e-02 -2.264757e-03 9.979723e-01 1.109946e+01
9.998925e-01 -4.929854e-04 1.464996e-02 -9.916045e+00 4.990116e-04 9.999998e-01 -4.075157e-04 2.647802e-02 -1.464985e-02 4.147851e-04 9.998925e-01 1.124163e+01
9.990198e-01 1.526460e-03 -4.423871e-02 -9.963045e+00 -1.459185e-03 9.999977e-01 1.552931e-03 1.664103e-02 4.424088e-02 -1.486854e-03 9.990197e-01 1.168850e+01
9.997667e-01 -7.785563e-04 2.158197e-02 -9.998390e+00 7.934965e-04 9.999995e-01 -6.835798e-04 2.577405e-03 -2.158153e-02 7.005482e-04 9.997668e-01 1.227168e+01
9.992395e-01 1.366373e-03 -3.896703e-02 -1.005305e+01 -1.315877e-03 9.999983e-01 1.321409e-03 -1.131063e-02 3.896866e-02 -1.269126e-03 9.992396e-01 1.288784e+01
9.981553e-01 -1.948365e-03 6.068049e-02 -1.005098e+01 2.079441e-03 9.999956e-01 -2.096973e-03 -2.927376e-02 -6.067624e-02 2.219289e-03 9.981550e-01 1.361620e+01
9.994223e-01 1.209273e-03 -3.396279e-02 -1.005281e+01 -1.171574e-03 9.999987e-01 1.129802e-03 -4.914664e-02 3.396401e-02 -1.089356e-03 9.994224e-01 1.444337e+01
9.980981e-01 -1.962194e-03 6.161367e-02 -1.005341e+01 2.096939e-03 9.999955e-01 -2.122308e-03 -6.781367e-02 -6.160933e-02 2.247475e-03 9.980978e-01 1.521889e+01
9.993793e-01 1.238651e-03 -3.520618e-02 -1.004465e+01 -1.198064e-03 9.999986e-01 1.173848e-03 -8.615501e-02 3.520748e-02 -1.130938e-03 9.993793e-01 1.596194e+01
9.979944e-01 -2.006324e-03 6.326993e-02 -1.002672e+01 2.148251e-03 9.999953e-01 -2.175209e-03 -1.057476e-01 -6.326537e-02 2.306769e-03 9.979940e-01 1.674584e+01
9.992451e-01 1.343240e-03 -3.882401e-02 -1.002888e+01 -1.293756e-03 9.999983e-01 1.299612e-03 -1.267729e-01 3.882560e-02 -1.248399e-03 9.992452e-01 1.761351e+01
9.979511e-01 -2.021673e-03 6.394826e-02 -1.002403e+01 2.166469e-03 9.999952e-01 -2.194976e-03 -1.496290e-01 -6.394362e-02 2.329023e-03 9.979507e-01 1.854469e+01
9.985674e-01 1.768681e-03 -5.347814e-02 -1.006002e+01 -1.672349e-03 9.999969e-01 1.845992e-03 -1.721606e-01 5.348114e-02 -1.753911e-03 9.985673e-01 1.951842e+01
9.983449e-01 -1.842032e-03 5.748113e-02 -1.007129e+01 1.958600e-03 9.999961e-01 -1.971619e-03 -1.927255e-01 -5.747738e-02 2.080941e-03 9.983446e-01 2.034661e+01
9.991612e-01 1.389771e-03 -4.092479e-02 -1.001995e+01 -1.334329e-03 9.999982e-01 1.381965e-03 -2.157881e-01 4.092654e-02 -1.326196e-03 9.991612e-01 2.119404e+01
9.984053e-01 -1.812150e-03 5.642316e-02 -1.000554e+01 1.924229e-03 9.999963e-01 -1.932098e-03 -2.382107e-01 -5.641955e-02 2.037591e-03 9.984050e-01 2.208083e+01
9.984122e-01 1.846720e-03 -5.629849e-02 -1.004853e+01 -1.738808e-03 9.999966e-01 1.965678e-03 -2.569418e-01 5.630183e-02 -1.864662e-03 9.984120e-01 2.288756e+01
9.984240e-01 -1.804082e-03 5.609167e-02 -1.009319e+01 1.915223e-03 9.999963e-01 -1.927685e-03 -2.769915e-01 -5.608808e-02 2.032078e-03 9.984237e-01 2.375357e+01
9.977167e-01 2.272709e-03 -6.749894e-02 -1.016961e+01 -2.113580e-03 9.999948e-01 2.428789e-03 -2.940692e-01 6.750401e-02 -2.280577e-03 9.977163e-01 2.452335e+01
9.994605e-01 -1.045298e-03 3.282535e-02 -1.025681e+01 1.079901e-03 9.999989e-01 -1.036365e-03 -3.068588e-01 -3.282433e-02 1.071257e-03 9.994605e-01 2.513300e+01
9.972099e-01 2.560951e-03 -7.460419e-02 -1.034912e+01 -2.362301e-03 9.999934e-01 2.750812e-03 -3.171540e-01 7.461065e-02 -2.566897e-03 9.972094e-01 2.564383e+01
9.994991e-01 -9.908498e-04 3.162913e-02 -1.043595e+01 1.022169e-03 9.999990e-01 -9.739812e-04 -3.218124e-01 -3.162823e-02 1.005826e-03 9.994991e-01 2.591755e+01
9.984818e-01 1.832776e-03 -5.505078e-02 -1.049335e+01 -1.731882e-03 9.999967e-01 1.880362e-03 -3.344628e-01 5.505394e-02 -1.782164e-03 9.984817e-01 2.648231e+01
9.995252e-01 -9.811484e-04 3.079593e-02 -1.056299e+01 1.010212e-03 9.999991e-01 -9.281328e-04 -3.477729e-01 -3.079509e-02 9.588052e-04 9.995252e-01 2.708418e+01
9.982302e-01 2.010271e-03 -5.943269e-02 -1.063609e+01 -1.890995e-03 9.999961e-01 2.063049e-03 -3.588194e-01 5.943651e-02 -1.947009e-03 9.982301e-01 2.760372e+01
9.987617e-01 -1.629294e-03 4.972180e-02 -1.069301e+01 1.714358e-03 9.999971e-01 -1.668133e-03 -3.782613e-01 -4.971904e-02 1.751311e-03 9.987617e-01 2.844855e+01
9.982887e-01 1.979191e-03 -5.844401e-02 -1.075604e+01 -1.863833e-03 9.999962e-01 2.028222e-03 -3.961019e-01 5.844770e-02 -1.915818e-03 9.982886e-01 2.924036e+01
9.983188e-01 -1.917268e-03 5.792840e-02 -1.078206e+01 2.034672e-03 9.999960e-01 -1.967748e-03 -4.136271e-01 -5.792450e-02 2.082308e-03 9.983187e-01 2.996686e+01
9.984862e-01 1.873525e-03 -5.496969e-02 -1.075342e+01 -1.770672e-03 9.999966e-01 1.919685e-03 -4.321393e-01 5.497300e-02 -1.819443e-03 9.984861e-01 3.064544e+01
9.984281e-01 -1.877226e-03 5.601575e-02 -1.079678e+01 1.987879e-03 9.999962e-01 -1.919680e-03 -4.522904e-01 -5.601203e-02 2.028018e-03 9.984280e-01 3.151819e+01
9.984528e-01 1.874519e-03 -5.557255e-02 -1.084278e+01 -1.769390e-03 9.999966e-01 1.940839e-03 -4.754648e-01 5.557589e-02 -1.839505e-03 9.984527e-01 3.252345e+01
9.984216e-01 -1.881560e-03 5.613001e-02 -1.087934e+01 1.992982e-03 9.999962e-01 -1.929122e-03 -4.998331e-01 -5.612626e-02 2.037946e-03 9.984216e-01 3.356297e+01
9.984336e-01 1.879338e-03 -5.591621e-02 -1.093927e+01 -1.773025e-03 9.999965e-01 1.950798e-03 -5.255312e-01 5.591958e-02 -1.848600e-03 9.984335e-01 3.469905e+01
9.983999e-01 -1.885391e-03 5.651480e-02 -1.097133e+01 1.998143e-03 9.999961e-01 -1.938608e-03 -5.490776e-01 -5.651102e-02 2.048434e-03 9.983998e-01 3.569568e+01
9.985039e-01 1.838684e-03 -5.464897e-02 -1.098580e+01 -1.736768e-03 9.999967e-01 1.912309e-03 -5.733702e-01 5.465220e-02 -1.814533e-03 9.985037e-01 3.669359e+01
9.983966e-01 -1.885790e-03 5.657434e-02 -1.101860e+01 1.999478e-03 9.999961e-01 -1.952937e-03 -5.979171e-01 -5.657053e-02 2.062928e-03 9.983964e-01 3.773340e+01
9.984233e-01 1.881434e-03 -5.610120e-02 -1.106747e+01 -1.773836e-03 9.999965e-01 1.967616e-03 -6.227875e-01 5.610460e-02 -1.864997e-03 9.984231e-01 3.881421e+01
9.983735e-01 -1.898588e-03 5.697989e-02 -1.112396e+01 2.014004e-03 9.999960e-01 -1.968145e-03 -6.483988e-01 -5.697603e-02 2.079704e-03 9.983733e-01 3.994124e+01
9.984283e-01 1.881983e-03 -5.601158e-02 -1.119243e+01 -1.774110e-03 9.999965e-01 1.975511e-03 -6.723598e-01 5.601500e-02 -1.873032e-03 9.984281e-01 4.102072e+01
9.983431e-01 -1.908449e-03 5.750994e-02 -1.123498e+01 2.026953e-03 9.999959e-01 -2.002268e-03 -6.971878e-01 -5.750598e-02 2.115523e-03 9.983429e-01 4.208875e+01
9.984256e-01 1.877832e-03 -5.606013e-02 -1.127184e+01 -1.769255e-03 9.999965e-01 1.986319e-03 -7.221957e-01 5.606356e-02 -1.884004e-03 9.984254e-01 4.315525e+01
9.983915e-01 -1.888909e-03 5.666285e-02 -1.129214e+01 2.004558e-03 9.999960e-01 -1.984175e-03 -7.487898e-01 -5.665897e-02 2.094570e-03 9.983913e-01 4.425851e+01
9.984126e-01 1.890829e-03 -5.629063e-02 -1.129419e+01 -1.780704e-03 9.999964e-01 2.006417e-03 -7.732520e-01 5.629412e-02 -1.902993e-03 9.984124e-01 4.523929e+01
9.982424e-01 -1.961491e-03 5.922982e-02 -1.130604e+01 2.087784e-03 9.999957e-01 -2.070395e-03 -7.983645e-01 -5.922561e-02 2.190418e-03 9.982422e-01 4.626724e+01
9.988856e-01 1.636632e-03 -4.716682e-02 -1.129487e+01 -1.560559e-03 9.999974e-01 1.649568e-03 -8.243452e-01 4.716930e-02 -1.574121e-03 9.988856e-01 4.730511e+01
9.986959e-01 -1.768787e-03 5.102132e-02 -1.132567e+01 1.861856e-03 9.999967e-01 -1.776598e-03 -8.508045e-01 -5.101810e-02 1.869278e-03 9.986959e-01 4.842606e+01
9.987410e-01 1.719815e-03 -5.013252e-02 -1.135901e+01 -1.633711e-03 9.999971e-01 1.758402e-03 -8.775032e-01 5.013530e-02 -1.674284e-03 9.987410e-01 4.955759e+01
9.985766e-01 -1.817269e-03 5.330481e-02 -1.137913e+01 1.918792e-03 9.999964e-01 -1.853405e-03 -9.021976e-01 -5.330135e-02 1.953051e-03 9.985765e-01 5.058191e+01
9.988045e-01 1.680619e-03 -4.885279e-02 -1.140474e+01 -1.599055e-03 9.999973e-01 1.708576e-03 -9.270524e-01 4.885543e-02 -1.628413e-03 9.988045e-01 5.162317e+01
9.983874e-01 -1.897977e-03 5.673597e-02 -1.143943e+01 2.013555e-03 9.999960e-01 -1.979976e-03 -9.521180e-01 -5.673208e-02 2.091027e-03 9.983872e-01 5.269681e+01
9.986171e-01 1.783518e-03 -5.254148e-02 -1.148006e+01 -1.688551e-03 9.999969e-01 1.851758e-03 -9.768891e-01 5.254452e-02 -1.760476e-03 9.986170e-01 5.376065e+01
9.981145e-01 -2.000680e-03 6.134635e-02 -1.149111e+01 2.136398e-03 9.999954e-01 -2.146767e-03 -1.001737e+00 -6.134187e-02 2.273782e-03 9.981142e-01 5.478252e+01
9.988267e-01 1.656126e-03 -4.839929e-02 -1.148074e+01 -1.575873e-03 9.999973e-01 1.696196e-03 -1.027407e+00 4.840187e-02 -1.617932e-03 9.988266e-01 5.580861e+01
9.987529e-01 -1.717190e-03 4.989526e-02 -1.152906e+01 1.806377e-03 9.999969e-01 -1.742403e-03 -1.052929e+00 -4.989221e-02 1.830363e-03 9.987529e-01 5.691815e+01
9.987841e-01 1.683282e-03 -4.926957e-02 -1.158834e+01 -1.599810e-03 9.999972e-01 1.733535e-03 -1.077381e+00 4.927225e-02 -1.652603e-03 9.987840e-01 5.800067e+01
9.987145e-01 -1.746571e-03 5.065759e-02 -1.165190e+01 1.838759e-03 9.999967e-01 -1.773233e-03 -1.104992e+00 -5.065443e-02 1.864104e-03 9.987144e-01 5.922556e+01
9.988035e-01 1.672186e-03 -4.887356e-02 -1.168642e+01 -1.590093e-03 9.999973e-01 1.718472e-03 -1.132094e+00 4.887620e-02 -1.638700e-03 9.988034e-01 6.037745e+01
9.987645e-01 -1.719285e-03 4.966360e-02 -1.172189e+01 1.808155e-03 9.999968e-01 -1.744518e-03 -1.159557e+00 -4.966054e-02 1.832164e-03 9.987644e-01 6.154507e+01
9.988084e-01 1.678508e-03 -4.877305e-02 -1.176563e+01 -1.596130e-03 9.999972e-01 1.727854e-03 -1.184166e+00 4.877572e-02 -1.647945e-03 9.988083e-01 6.260793e+01
9.986314e-01 -1.781162e-03 5.226830e-02 -1.180189e+01 1.879844e-03 9.999965e-01 -1.838840e-03 -1.207620e+00 -5.226494e-02 1.934582e-03 9.986313e-01 6.360986e+01
9.987111e-01 1.718603e-03 -5.072476e-02 -1.181925e+01 -1.629607e-03 9.999971e-01 1.795743e-03 -1.234800e+00 5.072759e-02 -1.710765e-03 9.987110e-01 6.473436e+01
9.986676e-01 -1.767304e-03 5.157320e-02 -1.181756e+01 1.863778e-03 9.999966e-01 -1.822544e-03 -1.263551e+00 -5.156990e-02 1.916239e-03 9.986675e-01 6.589063e+01
9.990683e-01 1.509234e-03 -4.313043e-02 -1.172982e+01 -1.445643e-03 9.999978e-01 1.505496e-03 -1.293729e+00 4.313251e-02 -1.441739e-03 9.990683e-01 6.696188e+01
9.982038e-01 -1.968098e-03 5.987734e-02 -1.166549e+01 2.098282e-03 9.999956e-01 -2.111351e-03 -1.322256e+00 -5.987302e-02 2.233201e-03 9.982035e-01 6.801699e+01
9.991392e-01 1.457103e-03 -4.145663e-02 -1.159906e+01 -1.398327e-03 9.999980e-01 1.446695e-03 -1.350345e+00 4.145856e-02 -1.387477e-03 9.991392e-01 6.905197e+01
9.986320e-01 -1.772353e-03 5.225836e-02 -1.158091e+01 1.871572e-03 9.999965e-01 -1.849692e-03 -1.377828e+00 -5.225500e-02 1.944969e-03 9.986318e-01 7.014126e+01
9.991738e-01 1.429957e-03 -4.061470e-02 -1.155790e+01 -1.373669e-03 9.999981e-01 1.413704e-03 -1.404793e+00 4.061655e-02 -1.356742e-03 9.991738e-01 7.119758e+01
9.986308e-01 -1.771822e-03 5.228017e-02 -1.153826e+01 1.871795e-03 9.999965e-01 -1.863302e-03 -1.434325e+00 -5.227678e-02 1.958611e-03 9.986307e-01 7.236803e+01
9.991742e-01 1.425698e-03 -4.060572e-02 -1.148128e+01 -1.369089e-03 9.999981e-01 1.421836e-03 -1.464125e+00 4.060757e-02 -1.365066e-03 9.991742e-01 7.348426e+01
9.986953e-01 -1.726529e-03 5.103539e-02 -1.133706e+01 1.820821e-03 9.999967e-01 -1.801104e-03 -1.494596e+00 -5.103221e-02 1.891684e-03 9.986952e-01 7.448080e+01
9.990472e-01 1.496926e-03 -4.361657e-02 -1.122846e+01 -1.431254e-03 9.999978e-01 1.536803e-03 -1.525555e+00 4.361867e-02 -1.472910e-03 9.990471e-01 7.555234e+01
9.988443e-01 -1.648984e-03 4.803372e-02 -1.122553e+01 1.733135e-03 9.999970e-01 -1.710266e-03 -1.552825e+00 -4.803086e-02 1.791541e-03 9.988442e-01 7.664775e+01
9.990972e-01 1.460366e-03 -4.245761e-02 -1.121522e+01 -1.397674e-03 9.999979e-01 1.506176e-03 -1.578968e+00 4.245962e-02 -1.445471e-03 9.990971e-01 7.768385e+01
9.985251e-01 -1.785234e-03 5.426105e-02 -1.120664e+01 1.892136e-03 9.999964e-01 -1.918799e-03 -1.600671e+00 -5.425753e-02 2.018641e-03 9.985249e-01 7.854528e+01
9.991538e-01 1.403198e-03 -4.110648e-02 -1.121373e+01 -1.345646e-03 9.999981e-01 1.427642e-03 -1.628050e+00 4.110830e-02 -1.371117e-03 9.991537e-01 7.967471e+01
9.989163e-01 -1.599016e-03 4.651503e-02 -1.126708e+01 1.677405e-03 9.999972e-01 -1.646220e-03 -1.656712e+00 -4.651236e-02 1.722464e-03 9.989162e-01 8.092904e+01
9.991235e-01 1.423361e-03 -4.183426e-02 -1.130306e+01 -1.363179e-03 9.999980e-01 1.467014e-03 -1.684570e+00 4.183617e-02 -1.408698e-03 9.991234e-01 8.211847e+01
9.989200e-01 -1.585660e-03 4.643593e-02 -1.136008e+01 1.663705e-03 9.999973e-01 -1.642048e-03 -1.710069e+00 -4.643330e-02 1.717533e-03 9.989199e-01 8.324709e+01
9.989808e-01 1.502191e-03 -4.511220e-02 -1.142225e+01 -1.432079e-03 9.999977e-01 1.586416e-03 -1.739191e+00 4.511438e-02 -1.520192e-03 9.989806e-01 8.453194e+01
9.989134e-01 -1.582010e-03 4.657775e-02 -1.145467e+01 1.660763e-03 9.999973e-01 -1.652086e-03 -1.767509e+00 -4.657510e-02 1.727648e-03 9.989132e-01 8.573027e+01
9.989656e-01 1.508110e-03 -4.544694e-02 -1.150097e+01 -1.436367e-03 9.999977e-01 1.611179e-03 -1.795912e+00 4.544917e-02 -1.544231e-03 9.989654e-01 8.695868e+01
9.989017e-01 -1.579297e-03 4.682722e-02 -1.156924e+01 1.658978e-03 9.999972e-01 -1.662735e-03 -1.823000e+00 -4.682456e-02 1.738597e-03 9.989016e-01 8.817134e+01
9.989522e-01 1.516739e-03 -4.573966e-02 -1.166836e+01 -1.443880e-03 9.999976e-01 1.625856e-03 -1.849630e+00 4.574192e-02 -1.558108e-03 9.989520e-01 8.941779e+01
9.988833e-01 -1.570424e-03 4.721956e-02 -1.177775e+01 1.651379e-03 9.999972e-01 -1.675435e-03 -1.873461e+00 -4.721689e-02 1.751545e-03 9.988831e-01 9.056523e+01
9.989840e-01 1.509241e-03 -4.504039e-02 -1.188562e+01 -1.438610e-03 9.999977e-01 1.600502e-03 -1.894249e+00 4.504261e-02 -1.534078e-03 9.989838e-01 9.157812e+01
9.989319e-01 -1.531735e-03 4.617959e-02 -1.201803e+01 1.609240e-03 9.999974e-01 -1.641161e-03 -1.913955e+00 -4.617705e-02 1.713725e-03 9.989317e-01 9.258278e+01
9.989817e-01 1.568448e-03 -4.509007e-02 -1.232420e+01 -1.498303e-03 9.999976e-01 1.589359e-03 -1.919818e+00 4.509236e-02 -1.520179e-03 9.989816e-01 9.324479e+01
9.989013e-01 -1.585799e-03 4.683593e-02 -1.249855e+01 1.665073e-03 9.999972e-01 -1.653578e-03 -1.934182e+00 -4.683328e-02 1.729749e-03 9.989012e-01 9.407715e+01
9.989616e-01 1.577344e-03 -4.553250e-02 -1.264443e+01 -1.505487e-03 9.999976e-01 1.612359e-03 -1.948479e+00 4.553484e-02 -1.542134e-03 9.989615e-01 9.486025e+01
9.988906e-01 -1.573606e-03 4.706461e-02 -1.281963e+01 1.653912e-03 9.999972e-01 -1.667364e-03 -1.959381e+00 -4.706195e-02 1.743358e-03 9.988904e-01 9.553841e+01
9.990144e-01 1.593258e-03 -4.435676e-02 -1.321215e+01 -1.525815e-03 9.999976e-01 1.554226e-03 -1.955033e+00 4.435904e-02 -1.485011e-03 9.990145e-01 9.590233e+01
9.989492e-01 -1.565480e-03 4.580282e-02 -1.350211e+01 1.641180e-03 9.999973e-01 -1.615135e-03 -1.959112e+00 -4.580026e-02 1.688611e-03 9.989491e-01 9.646039e+01
9.990205e-01 1.582737e-03 -4.421997e-02 -1.377258e+01 -1.515625e-03 9.999976e-01 1.551114e-03 -1.964115e+00 4.422222e-02 -1.482571e-03 9.990206e-01 9.702984e+01
9.989118e-01 -1.589221e-03 4.661185e-02 -1.405336e+01 1.667956e-03 9.999972e-01 -1.650278e-03 -1.968283e+00 -4.660919e-02 1.726231e-03 9.989116e-01 9.758560e+01
9.990644e-01 1.539278e-03 -4.321836e-02 -1.428442e+01 -1.474673e-03 9.999977e-01 1.526652e-03 -1.976246e+00 4.322051e-02 -1.461488e-03 9.990644e-01 9.822791e+01
9.992063e-01 -1.264899e-03 3.981386e-02 -1.463307e+01 1.323190e-03 9.999981e-01 -1.437723e-03 -1.965594e+00 -3.981206e-02 1.489266e-03 9.992060e-01 9.829204e+01
9.993058e-01 1.211150e-03 -3.723427e-02 -1.481127e+01 -1.163334e-03 9.999985e-01 1.305781e-03 -1.975359e+00 3.723570e-02 -1.261556e-03 9.993056e-01 9.892910e+01
9.990972e-01 -1.360037e-03 4.245958e-02 -1.492408e+01 1.425490e-03 9.999978e-01 -1.511245e-03 -1.991164e+00 -4.245753e-02 1.570409e-03 9.990970e-01 9.973213e+01
9.992681e-01 1.218681e-03 -3.823273e-02 -1.501324e+01 -1.168462e-03 9.999984e-01 1.335787e-03 -2.011996e+00 3.823421e-02 -1.290134e-03 9.992679e-01 1.007158e+02
9.986117e-01 -1.606716e-03 5.265068e-02 -1.514898e+01 1.707357e-03 9.999968e-01 -1.866513e-03 -2.026796e+00 -5.264761e-02 1.953818e-03 9.986112e-01 1.015285e+02
9.993110e-01 1.167305e-03 -3.709531e-02 -1.518014e+01 -1.119972e-03 9.999985e-01 1.296693e-03 -2.046091e+00 3.709667e-02 -1.254252e-03 9.993108e-01 1.023639e+02
9.986926e-01 -1.567412e-03 5.109403e-02 -1.520350e+01 1.661672e-03 9.999970e-01 -1.802371e-03 -2.065829e+00 -5.109114e-02 1.884919e-03 9.986922e-01 1.032036e+02
9.992743e-01 1.195062e-03 -3.806979e-02 -1.525034e+01 -1.145144e-03 9.999985e-01 1.332950e-03 -2.085209e+00 3.807123e-02 -1.288385e-03 9.992741e-01 1.040676e+02
9.989154e-01 -1.432267e-03 4.653953e-02 -1.537322e+01 1.510437e-03 9.999975e-01 -1.644492e-03 -2.099296e+00 -4.653716e-02 1.713006e-03 9.989150e-01 1.048234e+02
9.994226e-01 1.069927e-03 -3.396078e-02 -1.546666e+01 -1.030602e-03 9.999988e-01 1.175371e-03 -2.117370e+00 3.396191e-02 -1.139690e-03 9.994224e-01 1.057061e+02
9.991346e-01 -1.309450e-03 4.157297e-02 -1.555603e+01 1.372633e-03 9.999979e-01 -1.491265e-03 -2.139884e+00 -4.157102e-02 1.547041e-03 9.991343e-01 1.067684e+02
9.993856e-01 1.090661e-03 -3.503055e-02 -1.564747e+01 -1.048424e-03 9.999987e-01 1.224017e-03 -2.162839e+00 3.503174e-02 -1.186535e-03 9.993854e-01 1.078505e+02
9.990573e-01 -1.345319e-03 4.338949e-02 -1.575519e+01 1.413738e-03 9.999978e-01 -1.546157e-03 -2.182586e+00 -4.338741e-02 1.606043e-03 9.990570e-01 1.088266e+02
9.996831e-01 8.243474e-04 -2.515891e-02 -1.587396e+01 -8.034487e-04 9.999993e-01 8.407015e-04 -2.196832e+00 2.515950e-02 -8.202186e-04 9.996830e-01 1.095925e+02
9.988114e-01 -1.482481e-03 4.871868e-02 -1.597912e+01 1.568870e-03 9.999973e-01 -1.734996e-03 -2.210270e+00 -4.871606e-02 1.809370e-03 9.988110e-01 1.103103e+02
9.995421e-01 9.599621e-04 -3.024179e-02 -1.605617e+01 -9.290380e-04 9.999990e-01 1.036547e-03 -2.228266e+00 3.024267e-02 -1.007974e-03 9.995420e-01 1.111686e+02
9.988511e-01 -1.468955e-03 4.789788e-02 -1.614976e+01 1.551902e-03 9.999974e-01 -1.694572e-03 -2.248010e+00 -4.789535e-02 1.766960e-03 9.988507e-01 1.121290e+02
9.994917e-01 1.022641e-03 -3.186396e-02 -1.631167e+01 -9.884572e-04 9.999989e-01 1.088497e-03 -2.261568e+00 3.186495e-02 -1.056445e-03 9.994916e-01 1.129335e+02
9.986670e-01 -1.567906e-03 5.159109e-02 -1.640775e+01 1.664117e-03 9.999970e-01 -1.821928e-03 -2.277065e+00 -5.158817e-02 1.905356e-03 9.986666e-01 1.137208e+02
9.993700e-01 1.123183e-03 -3.547380e-02 -1.650445e+01 -1.080137e-03 9.999987e-01 1.232566e-03 -2.294332e+00 3.547505e-02 -1.193471e-03 9.993698e-01 1.145784e+02
9.987110e-01 -1.542744e-03 5.073404e-02 -1.660228e+01 1.635842e-03 9.999971e-01 -1.793518e-03 -2.313406e+00 -5.073121e-02 1.874201e-03 9.987105e-01 1.155137e+02
9.995156e-01 9.970956e-04 -3.110395e-02 -1.670502e+01 -9.645119e-04 9.999990e-01 1.062518e-03 -2.328131e+00 3.110490e-02 -1.032001e-03 9.995155e-01 1.162772e+02
9.987926e-01 -1.504106e-03 4.910274e-02 -1.677379e+01 1.591024e-03 9.999972e-01 -1.731054e-03 -2.346876e+00 -4.910009e-02 1.807090e-03 9.987922e-01 1.171540e+02
9.994209e-01 1.070406e-03 -3.401052e-02 -1.683910e+01 -1.031027e-03 9.999988e-01 1.175345e-03 -2.363870e+00 3.401165e-02 -1.139596e-03 9.994207e-01 1.179494e+02
9.988124e-01 -1.483177e-03 4.869876e-02 -1.695240e+01 1.569061e-03 9.999973e-01 -1.725371e-03 -2.379341e+00 -4.869615e-02 1.799735e-03 9.988119e-01 1.187578e+02
9.996141e-01 9.031388e-04 -2.776201e-02 -1.713387e+01 -8.777141e-04 9.999992e-01 9.279394e-04 -2.384493e+00 2.776274e-02 -9.032119e-04 9.996141e-01 1.192434e+02
9.989792e-01 -1.365805e-03 4.515041e-02 -1.740807e+01 1.439804e-03 9.999977e-01 -1.606433e-03 -2.385903e+00 -4.514819e-02 1.669804e-03 9.989788e-01 1.197122e+02
9.996357e-01 8.567326e-04 -2.697422e-02 -1.759855e+01 -8.325436e-04 9.999992e-01 9.079226e-04 -2.392931e+00 2.697490e-02 -8.851324e-04 9.996356e-01 1.202852e+02
9.989152e-01 -1.378209e-03 4.654555e-02 -1.775365e+01 1.456021e-03 9.999976e-01 -1.637860e-03 -2.391318e+00 -4.654326e-02 1.703857e-03 9.989147e-01 1.204540e+02
9.994724e-01 1.016046e-03 -3.246273e-02 -1.798972e+01 -9.809563e-04 9.999989e-01 1.096808e-03 -2.394094e+00 3.246373e-02 -1.064383e-03 9.994723e-01 1.209071e+02
9.986907e-01 -1.481542e-03 5.113348e-02 -1.829586e+01 1.575604e-03 9.999971e-01 -1.799247e-03 -2.387789e+00 -5.113075e-02 1.877460e-03 9.986901e-01 1.211070e+02
9.995805e-01 9.237706e-04 -2.894838e-02 -1.862201e+01 -8.965123e-04 9.999991e-01 9.545489e-04 -2.377540e+00 2.894917e-02 -9.281936e-04 9.995804e-01 1.211876e+02
9.987778e-01 -1.410965e-03 4.940472e-02 -1.883870e+01 1.496851e-03 9.999974e-01 -1.701432e-03 -2.364876e+00 -4.940226e-02 1.773306e-03 9.987773e-01 1.210056e+02
9.996898e-01 8.032851e-04 -2.489272e-02 -1.881408e+01 -7.831407e-04 9.999994e-01 8.189516e-04 -2.358161e+00 2.489329e-02 -7.992009e-04 9.996897e-01 1.207316e+02
9.988197e-01 -1.389093e-03 4.855129e-02 -1.899384e+01 1.473029e-03 9.999975e-01 -1.693060e-03 -2.347096e+00 -4.854888e-02 1.762581e-03 9.988192e-01 1.205610e+02
9.997237e-01 7.114885e-04 -2.349415e-02 -1.914594e+01 -6.942727e-04 9.999995e-01 7.408884e-04 -2.347953e+00 2.349460e-02 -7.243703e-04 9.997236e-01 1.208276e+02
9.986688e-01 -1.463677e-03 5.155967e-02 -1.926964e+01 1.557380e-03 9.999972e-01 -1.777213e-03 -2.344791e+00 -5.155699e-02 1.855147e-03 9.986682e-01 1.208993e+02
9.997811e-01 6.931080e-04 -2.090815e-02 -1.929642e+01 -6.796628e-04 9.999996e-01 6.501261e-04 -2.337180e+00 2.090853e-02 -6.357714e-04 9.997811e-01 1.206621e+02
9.986093e-01 -1.493683e-03 5.269966e-02 -1.923229e+01 1.590531e-03 9.999971e-01 -1.795837e-03 -2.330935e+00 -5.269689e-02 1.877161e-03 9.986087e-01 1.203642e+02
9.997464e-01 7.264209e-04 -2.250576e-02 -1.929927e+01 -7.111670e-04 9.999995e-01 6.857484e-04 -2.321492e+00 2.250619e-02 -6.695674e-04 9.997464e-01 1.201163e+02
9.983065e-01 -1.658405e-03 5.814874e-02 -1.936411e+01 1.777486e-03 9.999964e-01 -1.996199e-03 -2.316915e+00 -5.814527e-02 2.096179e-03 9.983058e-01 1.200585e+02
9.997228e-01 7.479103e-04 -2.353359e-02 -1.945568e+01 -7.311500e-04 9.999995e-01 7.207675e-04 -2.310781e+00 2.353406e-02 -7.033595e-04 9.997227e-01 1.199767e+02
9.983868e-01 -1.605536e-03 5.675515e-02 -1.944197e+01 1.717656e-03 9.999967e-01 -1.926773e-03 -2.307464e+00 -5.675192e-02 2.021152e-03 9.983862e-01 1.198523e+02
9.997852e-01 6.578110e-04 -2.071588e-02 -1.950918e+01 -6.454336e-04 9.999996e-01 6.041492e-04 -2.300353e+00 2.071623e-02 -5.906472e-04 9.997851e-01 1.196979e+02
9.988086e-01 -1.393365e-03 4.877849e-02 -1.946726e+01 1.473773e-03 9.999976e-01 -1.612490e-03 -2.296647e+00 -4.877617e-02 1.682459e-03 9.988082e-01 1.195187e+02
9.997497e-01 7.327518e-04 -2.235981e-02 -1.926884e+01 -7.177116e-04 9.999995e-01 6.806508e-04 -2.295462e+00 2.236025e-02 -6.644313e-04 9.997497e-01 1.192391e+02
9.986186e-01 -1.529272e-03 5.252241e-02 -1.911471e+01 1.624333e-03 9.999971e-01 -1.767263e-03 -2.297647e+00 -5.251959e-02 1.850137e-03 9.986181e-01 1.191418e+02
9.996965e-01 7.525937e-04 -2.462351e-02 -1.914433e+01 -7.346631e-04 9.999995e-01 7.372217e-04 -2.300852e+00 2.462401e-02 -7.189069e-04 9.996964e-01 1.193359e+02
9.986636e-01 -1.501089e-03 5.166017e-02 -1.898502e+01 1.591194e-03 9.999973e-01 -1.703115e-03 -2.309357e+00 -5.165750e-02 1.783041e-03 9.986632e-01 1.194637e+02
9.997528e-01 7.048985e-04 -2.222276e-02 -1.895946e+01 -6.911417e-04 9.999996e-01 6.267066e-04 -2.309423e+00 2.222316e-02 -6.111917e-04 9.997528e-01 1.194521e+02
9.988897e-01 -1.391937e-03 4.708870e-02 -1.892878e+01 1.465930e-03 9.999977e-01 -1.536849e-03 -2.312246e+00 -4.708648e-02 1.604172e-03 9.988894e-01 1.195333e+02
9.996497e-01 8.584782e-04 -2.645420e-02 -1.869570e+01 -8.369070e-04 9.999993e-01 8.264762e-04 -2.316791e+00 2.645486e-02 -8.040461e-04 9.996496e-01 1.194070e+02
9.988069e-01 -1.433637e-03 4.881407e-02 -1.845427e+01 1.513778e-03 9.999976e-01 -1.604829e-03 -2.321316e+00 -4.881168e-02 1.676809e-03 9.988065e-01 1.192730e+02
9.996148e-01 8.861080e-04 -2.773884e-02 -1.837012e+01 -8.625270e-04 9.999993e-01 8.620591e-04 -2.320190e+00 2.773956e-02 -8.378009e-04 9.996147e-01 1.191232e+02
9.988013e-01 -1.411992e-03 4.892818e-02 -1.812047e+01 1.491194e-03 9.999976e-01 -1.582258e-03 -2.323066e+00 -4.892585e-02 1.653324e-03 9.988009e-01 1.189160e+02
9.997483e-01 6.824200e-04 -2.242576e-02 -1.805402e+01 -6.689207e-04 9.999996e-01 6.094453e-04 -2.326430e+00 2.242615e-02 -5.942903e-04 9.997482e-01 1.189694e+02
9.986408e-01 -1.488385e-03 5.210021e-02 -1.813680e+01 1.580355e-03 9.999973e-01 -1.724100e-03 -2.329364e+00 -5.209751e-02 1.804093e-03 9.986403e-01 1.192148e+02
9.995170e-01 9.047444e-04 -3.106393e-02 -1.812515e+01 -8.759193e-04 9.999992e-01 9.415220e-04 -2.338037e+00 3.106474e-02 -9.138575e-04 9.995169e-01 1.195385e+02
9.990615e-01 -1.266214e-03 4.329476e-02 -1.805063e+01 1.327561e-03 9.999982e-01 -1.388232e-03 -2.349383e+00 -4.329293e-02 1.444406e-03 9.990613e-01 1.198700e+02
9.994643e-01 1.031920e-03 -3.271161e-02 -1.775862e+01 -9.975799e-04 9.999989e-01 1.066092e-03 -2.354417e+00 3.271267e-02 -1.032888e-03 9.994642e-01 1.196730e+02
9.990691e-01 -1.297640e-03 4.311926e-02 -1.751901e+01 1.359859e-03 9.999981e-01 -1.413656e-03 -2.366167e+00 -4.311735e-02 1.470976e-03 9.990688e-01 1.197876e+02
9.992229e-01 1.205248e-03 -3.939741e-02 -1.734822e+01 -1.155165e-03 9.999985e-01 1.293965e-03 -2.382915e+00 3.939890e-02 -1.247448e-03 9.992227e-01 1.201693e+02
9.986204e-01 -1.533251e-03 5.248773e-02 -1.728302e+01 1.627046e-03 9.999972e-01 -1.744302e-03 -2.390392e+00 -5.248491e-02 1.827295e-03 9.986199e-01 1.203592e+02
9.994627e-01 1.001424e-03 -3.276170e-02 -1.731348e+01 -9.685495e-04 9.999990e-01 1.019305e-03 -2.395912e+00 3.276268e-02 -9.870262e-04 9.994626e-01 1.206142e+02
9.991198e-01 -1.223321e-03 4.192940e-02 -1.709604e+01 1.280112e-03 9.999983e-01 -1.327612e-03 -2.406341e+00 -4.192771e-02 1.380118e-03 9.991196e-01 1.206916e+02
9.988707e-01 1.499405e-03 -4.748690e-02 -1.673697e+01 -1.422775e-03 9.999976e-01 1.647461e-03 -2.417060e+00 4.748925e-02 -1.578038e-03 9.988704e-01 1.205879e+02
9.990610e-01 -1.258867e-03 4.330637e-02 -1.625645e+01 1.318670e-03 9.999982e-01 -1.352384e-03 -2.431197e+00 -4.330460e-02 1.408221e-03 9.990608e-01 1.204435e+02
9.984763e-01 1.784165e-03 -5.515361e-02 -1.575537e+01 -1.678015e-03 9.999966e-01 1.970865e-03 -2.445797e+00 5.515694e-02 -1.875313e-03 9.984758e-01 1.202891e+02
9.995824e-01 -8.329988e-04 2.888356e-02 -1.541111e+01 8.570841e-04 9.999993e-01 -8.215052e-04 -2.459661e+00 -2.888287e-02 8.459180e-04 9.995823e-01 1.203068e+02
9.988033e-01 1.590917e-03 -4.888265e-02 -1.484795e+01 -1.507346e-03 9.999973e-01 1.746439e-03 -2.480252e+00 4.888529e-02 -1.670665e-03 9.988029e-01 1.202802e+02
9.996690e-01 -7.587658e-04 2.571437e-02 -1.438422e+01 7.774934e-04 9.999994e-01 -7.183021e-04 -2.498548e+00 -2.571383e-02 7.380575e-04 9.996690e-01 1.203017e+02
9.984956e-01 1.814551e-03 -5.480133e-02 -1.399778e+01 -1.708611e-03 9.999966e-01 1.979942e-03 -2.513747e+00 5.480472e-02 -1.883329e-03 9.984952e-01 1.203137e+02
9.995210e-01 -9.177139e-04 3.093488e-02 -1.357710e+01 9.465627e-04 9.999991e-01 -9.179314e-04 -2.529366e+00 -3.093403e-02 9.467741e-04 9.995209e-01 1.202984e+02
9.985072e-01 1.803954e-03 -5.458980e-02 -1.310894e+01 -1.697518e-03 9.999966e-01 1.996054e-03 -2.545714e+00 5.459320e-02 -1.900406e-03 9.985068e-01 1.202473e+02
9.995262e-01 -9.407177e-04 3.076609e-02 -1.276748e+01 9.706302e-04 9.999991e-01 -9.573293e-04 -2.562009e+00 -3.076518e-02 9.867390e-04 9.995261e-01 1.203570e+02
9.989906e-01 1.480642e-03 -4.489469e-02 -1.236257e+01 -1.410485e-03 9.999977e-01 1.594329e-03 -2.580536e+00 4.489692e-02 -1.529396e-03 9.989904e-01 1.204627e+02
9.991060e-01 -1.321514e-03 4.225448e-02 -1.181603e+01 1.381065e-03 9.999981e-01 -1.380165e-03 -2.605618e+00 -4.225260e-02 1.437289e-03 9.991058e-01 1.206132e+02
9.988929e-01 1.531023e-03 -4.701804e-02 -1.135072e+01 -1.454447e-03 9.999976e-01 1.662810e-03 -2.630268e+00 4.702045e-02 -1.592583e-03 9.988926e-01 1.208542e+02
9.995748e-01 -9.235781e-04 2.914291e-02 -1.112492e+01 9.507428e-04 9.999991e-01 -9.182692e-04 -2.647236e+00 -2.914206e-02 9.455871e-04 9.995747e-01 1.211427e+02
9.985906e-01 1.751217e-03 -5.304493e-02 -1.106179e+01 -1.654151e-03 9.999969e-01 1.873716e-03 -2.661517e+00 5.304801e-02 -1.783330e-03 9.985903e-01 1.215704e+02
9.992915e-01 -1.209315e-03 3.761708e-02 -1.094201e+01 1.257073e-03 9.999984e-01 -1.245942e-03 -2.678422e+00 -3.761554e-02 1.292348e-03 9.992914e-01 1.220184e+02
9.982630e-01 1.965619e-03 -5.888251e-02 -1.089673e+01 -1.844191e-03 9.999961e-01 2.116485e-03 -2.692158e+00 5.888640e-02 -2.004217e-03 9.982626e-01 1.224525e+02
9.995513e-01 -9.250820e-04 2.993869e-02 -1.073326e+01 9.530834e-04 9.999991e-01 -9.210266e-04 -2.704214e+00 -2.993785e-02 9.491486e-04 9.995512e-01 1.226642e+02
9.987525e-01 1.617583e-03 -4.990765e-02 -1.055344e+01 -1.533175e-03 9.999973e-01 1.729518e-03 -2.721689e+00 4.991027e-02 -1.650842e-03 9.987522e-01 1.230549e+02
