9.997342e-01 -8.219890e-04 2.304228e-02 1.516701e-02 8.440205e-04 9.999992e-01 -9.464260e-04 -1.276175e-03 -2.304148e-02 9.656229e-04 9.997339e-01 8.170057e-02
9.999824e-01 -3.061883e-04 5.925160e-03 2.911363e-02 3.073384e-04 9.999999e-01 -1.931984e-04 -1.817861e-03 -5.925096e-03 1.950163e-04 9.999823e-01 1.659595e-01
9.997584e-01 -7.993265e-04 2.196700e-02 4.521314e-02 8.190923e-04 9.999993e-01 -8.908126e-04 -2.708017e-03 -2.196627e-02 9.085905e-04 9.997582e-01 2.544079e-01
9.999930e-01 -8.948154e-05 3.733794e-03 5.709535e-02 9.023910e-05 1.000000e+00 -2.027225e-04 -3.563342e-03 -3.733766e-03 2.030581e-04 9.999929e-01 3.361074e-01
9.995041e-01 -1.294864e-03 3.146132e-02 6.771036e-02 1.332962e-03 9.999984e-01 -1.190002e-03 -3.182916e-03 -3.145971e-02 1.231349e-03 9.995042e-01 4.173682e-01
9.999933e-01 -1.500455e-04 3.663785e-03 8.199066e-02 1.507073e-04 1.000000e+00 -1.803374e-04 -3.081614e-03 -3.663741e-03 1.808881e-04 9.999932e-01 5.059424e-01
9.998010e-01 -7.431120e-04 1.993709e-02 1.008749e-01 7.579426e-04 9.999994e-01 -7.363195e-04 -4.571410e-03 -1.993652e-02 7.512838e-04 9.998009e-01 5.937909e-01
9.999820e-01 3.305035e-04 -5.991077e-03 1.189091e-01 -3.296258e-04 9.999999e-01 1.474789e-04 -7.042838e-03 5.991146e-03 -1.455019e-04 9.999819e-01 6.730365e-01
9.997310e-01 -9.158129e-04 2.317498e-02 1.416281e-01 9.351627e-04 9.999992e-01 -8.241196e-04 -9.190106e-03 -2.317418e-02 8.455698e-04 9.997310e-01 7.552815e-01
9.999645e-01 5.290619e-04 -8.413938e-03 1.642582e-01 -5.272550e-04 9.999998e-01 2.169594e-04 -1.159504e-02 8.414075e-03 -2.125160e-04 9.999645e-01 8.380233e-01
9.994699e-01 -1.385600e-03 3.252813e-02 1.802669e-01 1.425184e-03 9.999983e-01 -1.193784e-03 -1.266522e-02 -3.252639e-02 1.239509e-03 9.994700e-01 9.188070e-01
9.999587e-01 5.150194e-04 -9.072898e-03 1.975879e-01 -5.126881e-04 9.999998e-01 2.592575e-04 -1.423512e-02 9.073059e-03 -2.545960e-04 9.999587e-01 1.014059e+00
9.995075e-01 -1.203922e-03 3.135675e-02 2.118388e-01 1.242108e-03 9.999985e-01 -1.198324e-03 -1.578145e-02 -3.135523e-02 1.236682e-03 9.995074e-01 1.104728e+00
9.999857e-01 1.909446e-04 -5.337976e-03 2.300650e-01 -1.899279e-04 1.000000e+00 1.909303e-04 -1.695949e-02 5.338046e-03 -1.899147e-04 9.999856e-01 1.196412e+00
9.995829e-01 -1.085768e-03 2.885872e-02 2.504207e-01 1.117999e-03 9.999988e-01 -1.100741e-03 -1.840287e-02 -2.885746e-02 1.132545e-03 9.995828e-01 1.287140e+00
9.999498e-01 4.559835e-04 -1.001166e-02 2.683935e-01 -4.524675e-04 9.999998e-01 3.534245e-04 -2.047883e-02 1.001185e-02 -3.488780e-04 9.999497e-01 1.375536e+00
9.996524e-01 -9.098398e-04 2.634727e-02 2.866238e-01 9.370744e-04 9.999990e-01 -1.021340e-03 -2.287455e-02 -2.634628e-02 1.045673e-03 9.996522e-01 1.463855e+00
9.999949e-01 5.118830e-05 -3.183336e-03 3.042411e-01 -5.085518e-05 1.000000e+00 1.046273e-04 -2.418878e-02 3.183383e-03 -1.044662e-04 9.999948e-01 1.546173e+00
9.996838e-01 -8.734986e-04 2.513086e-02 3.239472e-01 8.973748e-04 9.999992e-01 -9.388007e-04 -2.579635e-02 -2.512997e-02 9.610542e-04 9.996836e-01 1.629443e+00
9.999814e-01 2.221213e-04 -6.089984e-03 3.433103e-01 -2.210713e-04 1.000000e+00 1.730267e-04 -2.760662e-02 6.090067e-03 -1.716787e-04 9.999813e-01 1.707419e+00
9.995268e-01 -1.123045e-03 3.073908e-02 3.584143e-01 1.159086e-03 9.999987e-01 -1.154660e-03 -2.863598e-02 -3.073770e-02 1.189741e-03 9.995267e-01 1.786519e+00
9.999191e-01 5.228356e-04 -1.271096e-02 3.747732e-01 -5.169046e-04 9.999998e-01 4.698407e-04 -3.076215e-02 1.271125e-02 -4.632340e-04 9.999190e-01 1.869163e+00
9.998584e-01 -4.955162e-04 1.682010e-02 3.664168e-01 5.074900e-04 9.999996e-01 -7.075866e-04 -3.436809e-02 -1.681970e-02 7.160207e-04 9.998582e-01 1.959555e+00
9.998180e-01 4.749365e-04 -1.907155e-02 3.468654e-01 -4.628475e-04 9.999997e-01 6.382557e-04 -3.826734e-02 1.907190e-02 -6.293140e-04 9.998178e-01 2.040585e+00
9.997966e-01 -4.438578e-04 2.016211e-02 3.261207e-01 4.608665e-04 9.999995e-01 -8.389355e-04 -4.165552e-02 -2.016168e-02 8.480552e-04 9.997963e-01 2.110286e+00
9.998927e-01 3.874352e-04 -1.464322e-02 3.173950e-01 -3.798977e-04 9.999998e-01 5.174891e-04 -4.472536e-02 1.464346e-02 -5.118724e-04 9.998926e-01 2.181098e+00
9.997576e-01 -4.387073e-04 2.201258e-02 3.106048e-01 4.593026e-04 9.999995e-01 -9.305457e-04 -4.744978e-02 -2.201211e-02 9.404287e-04 9.997572e-01 2.242763e+00
9.999786e-01 2.482347e-05 -6.535652e-03 3.200376e-01 -2.296298e-05 1.000000e+00 2.846560e-04 -4.953291e-02 6.535710e-03 -2.845017e-04 9.999785e-01 2.308180e+00
9.998835e-01 -1.670804e-04 1.525974e-02 3.265454e-01 1.768815e-04 9.999998e-01 -6.409079e-04 -5.259423e-02 -1.525957e-02 6.435305e-04 9.998833e-01 2.377298e+00
9.999171e-01 2.157522e-04 -1.286979e-02 3.132150e-01 -2.105284e-04 9.999999e-01 4.072008e-04 -5.580919e-02 1.286993e-02 -4.044595e-04 9.999170e-01 2.438723e+00
9.998977e-01 -1.706022e-04 1.430160e-02 2.966241e-01 1.790559e-04 9.999998e-01 -5.897838e-04 -5.945596e-02 -1.430145e-02 5.922823e-04 9.998975e-01 2.521264e+00
9.998603e-01 1.726067e-04 -1.671177e-02 2.749484e-01 -1.638945e-04 9.999998e-01 5.226513e-04 -6.338012e-02 1.671191e-02 -5.198413e-04 9.998601e-01 2.606301e+00
9.998747e-01 -1.781735e-04 1.582865e-02 2.559572e-01 1.881900e-04 9.999998e-01 -6.312895e-04 -6.710865e-02 -1.582848e-02 6.341872e-04 9.998744e-01 2.683867e+00
9.998421e-01 1.166659e-04 -1.777136e-02 2.344405e-01 -1.063368e-04 9.999998e-01 5.821304e-04 -7.100148e-02 1.777147e-02 -5.801507e-04 9.998418e-01 2.767413e+00
9.998153e-01 -1.338633e-04 1.921632e-02 2.135279e-01 1.490610e-04 9.999997e-01 -7.894177e-04 -7.447599e-02 -1.921616e-02 7.921343e-04 9.998149e-01 2.847776e+00
9.998224e-01 1.507668e-05 -1.884769e-02 1.813510e-01 -3.066500e-06 9.999998e-01 6.372183e-04 -7.780134e-02 1.884775e-02 -6.370494e-04 9.998221e-01 2.924208e+00
9.998147e-01 -1.197383e-04 1.925117e-02 1.501795e-01 1.349847e-04 9.999997e-01 -7.906442e-04 -8.117113e-02 -1.925102e-02 7.930942e-04 9.998143e-01 3.000444e+00
9.998255e-01 4.636969e-06 -1.867969e-02 1.193502e-01 7.258672e-06 9.999998e-01 6.367200e-04 -8.451016e-02 1.867974e-02 -6.367465e-04 9.998252e-01 3.079436e+00
9.998488e-01 3.239871e-05 1.738915e-02 1.032055e-01 -1.942177e-05 9.999997e-01 -7.464017e-04 -8.828570e-02 -1.738912e-02 7.459491e-04 9.998484e-01 3.142459e+00
9.998293e-01 -1.155607e-04 -1.847716e-02 9.899167e-02 1.264854e-04 9.999998e-01 5.900530e-04 -9.174572e-02 1.847714e-02 -5.922915e-04 9.998290e-01 3.181860e+00
9.998337e-01 -6.290149e-05 1.823559e-02 6.137555e-02 7.613491e-05 9.999997e-01 -7.249672e-04 -9.501244e-02 -1.823549e-02 7.262329e-04 9.998334e-01 3.262540e+00
9.998252e-01 -1.028403e-04 -1.869462e-02 2.793615e-02 1.143031e-04 9.999998e-01 6.120538e-04 -9.838384e-02 1.869460e-02 -6.140858e-04 9.998250e-01 3.340770e+00
9.998362e-01 1.952575e-04 1.809682e-02 1.264005e-01 -1.841491e-04 9.999998e-01 -6.154602e-04 -1.023854e-01 -1.809689e-02 6.120247e-04 9.998360e-01 3.368580e+00
9.998076e-01 -1.893383e-04 -1.961445e-02 3.848820e-01 1.981395e-04 9.999999e-01 4.467326e-04 -1.009200e-01 1.961442e-02 -4.505352e-04 9.998074e-01 3.055399e+00
9.998366e-01 1.983027e-04 1.807534e-02 6.409551e-01 -1.863882e-04 9.999998e-01 -6.608107e-04 -9.924039e-02 -1.807542e-02 6.573315e-04 9.998363e-01 2.730867e+00
9.998332e-01 -3.672985e-04 -1.825887e-02 6.137524e-01 3.774116e-04 9.999998e-01 5.503916e-04 -1.027637e-01 1.825871e-02 -5.571931e-04 9.998330e-01 2.829932e+00
9.998369e-01 2.060280e-04 1.806015e-02 5.872952e-01 -1.942140e-04 9.999998e-01 -6.558689e-04 -1.062997e-01 -1.806023e-02 6.522522e-04 9.998366e-01 2.932316e+00
9.998207e-01 -3.577288e-04 -1.893280e-02 5.559627e-01 3.685130e-04 9.999998e-01 5.660832e-04 -1.097896e-01 1.893264e-02 -5.729608e-04 9.998205e-01 3.022321e+00
9.998361e-01 1.781729e-04 1.810153e-02 5.202946e-01 -1.656480e-04 9.999997e-01 -6.933846e-04 -1.131118e-01 -1.810160e-02 6.902703e-04 9.998358e-01 3.088895e+00
9.997962e-01 -2.993556e-04 -2.018637e-02 4.904014e-01 3.109749e-04 9.999998e-01 5.724296e-04 -1.165820e-01 2.018624e-02 -5.785927e-04 9.997960e-01 3.143829e+00
9.998128e-01 1.286725e-04 1.934729e-02 4.593639e-01 -1.157023e-04 9.999998e-01 -6.714724e-04 -1.200504e-01 -1.934732e-02 6.691059e-04 9.998125e-01 3.226698e+00
9.998057e-01 -2.657327e-04 -1.971101e-02 4.317425e-01 2.766628e-04 9.999998e-01 5.517592e-04 -1.235571e-01 1.971091e-02 -5.571075e-04 9.998055e-01 3.304938e+00
9.998059e-01 1.509051e-04 1.970027e-02 4.039963e-01 -1.371963e-04 9.999997e-01 -6.971879e-04 -1.270155e-01 -1.970032e-02 6.943475e-04 9.998056e-01 3.381353e+00
9.998175e-01 -2.490872e-04 -1.910300e-02 4.025824e-01 2.598572e-04 9.999998e-01 5.612683e-04 -1.310157e-01 1.910291e-02 -5.661323e-04 9.998173e-01 3.488377e+00
9.998455e-01 3.411629e-04 1.757259e-02 6.391986e-01 -3.312025e-04 9.999998e-01 -5.696852e-04 -1.307764e-01 -1.757273e-02 5.637748e-04 9.998453e-01 3.249509e+00
9.997892e-01 -4.320525e-04 -2.052735e-02 1.028827e+00 4.394020e-04 9.999998e-01 3.534924e-04 -1.246699e-01 2.052725e-02 -3.624400e-04 9.997891e-01 2.650775e+00
9.998167e-01 3.993458e-04 1.914216e-02 1.214016e+00 -3.908476e-04 9.999998e-01 -4.476590e-04 -1.261266e-01 -1.914229e-02 4.400930e-04 9.998166e-01 2.503483e+00
9.998450e-01 -4.548122e-04 -1.759876e-02 1.216932e+00 4.598288e-04 9.999999e-01 2.809701e-04 -1.302406e-01 1.759868e-02 -2.890213e-04 9.998450e-01 2.636379e+00
9.998529e-01 3.269125e-04 1.715091e-02 1.188761e+00 -3.202329e-04 9.999999e-01 -3.921725e-04 -1.337628e-01 -1.715099e-02 3.866201e-04 9.998527e-01 2.726297e+00
9.998444e-01 -4.848093e-04 -1.763525e-02 1.159203e+00 4.898063e-04 9.999998e-01 2.789975e-04 -1.372381e-01 1.763517e-02 -2.875943e-04 9.998444e-01 2.809833e+00
9.998392e-01 3.735047e-04 1.792551e-02 1.147607e+00 -3.662424e-04 9.999998e-01 -4.083782e-04 -1.410475e-01 -1.792561e-02 4.017451e-04 9.998391e-01 2.911347e+00
9.998424e-01 -4.660730e-04 -1.774689e-02 1.133655e+00 4.710930e-04 9.999999e-01 2.786489e-04 -1.447846e-01 1.774680e-02 -2.869678e-04 9.998424e-01 3.008503e+00
9.998426e-01 3.318397e-04 1.773903e-02 1.114555e+00 -3.248945e-04 9.999999e-01 -3.943646e-04 -1.484950e-01 -1.773910e-02 3.885368e-04 9.998425e-01 3.115204e+00
9.998715e-01 -3.301648e-04 -1.602488e-02 1.116356e+00 3.335646e-04 9.999999e-01 2.094405e-04 -1.525381e-01 1.602486e-02 -2.147614e-04 9.998715e-01 3.231806e+00
9.998505e-01 3.675575e-04 1.728615e-02 1.173261e+00 -3.603234e-04 9.999998e-01 -4.215656e-04 -1.575573e-01 -1.728625e-02 4.152715e-04 9.998504e-01 3.361961e+00
9.998540e-01 -4.614030e-04 -1.708111e-02 1.206297e+00 4.668580e-04 9.999998e-01 3.153283e-04 -1.622827e-01 1.708101e-02 -3.232591e-04 9.998540e-01 3.493380e+00
9.998461e-01 3.976203e-04 1.754087e-02 1.248063e+00 -3.899114e-04 9.999998e-01 -4.428614e-04 -1.673547e-01 -1.754100e-02 4.359514e-04 9.998460e-01 3.646554e+00
9.998557e-01 -4.379887e-04 -1.698382e-02 1.281651e+00 4.430227e-04 9.999999e-01 2.925925e-04 -1.720961e-01 1.698374e-02 -3.000770e-04 9.998556e-01 3.779153e+00
9.998695e-01 2.846986e-04 1.615491e-02 1.265040e+00 -2.793641e-04 9.999999e-01 -3.324195e-04 -1.759812e-01 -1.615495e-02 3.278605e-04 9.998694e-01 3.897179e+00
9.998847e-01 -3.464887e-04 -1.517799e-02 1.295116e+00 3.490556e-04 9.999999e-01 1.664169e-04 -1.806510e-01 1.517798e-02 -1.716982e-04 9.998847e-01 4.040814e+00
9.998427e-01 2.782255e-04 1.773336e-02 1.351210e+00 -2.709509e-04 9.999999e-01 -4.125869e-04 -1.858330e-01 -1.773342e-02 4.077146e-04 9.998426e-01 4.213902e+00
9.998834e-01 -3.315175e-04 -1.526741e-02 1.387227e+00 3.342531e-04 9.999999e-01 1.765797e-04 -1.906326e-01 1.526740e-02 -1.816649e-04 9.998833e-01 4.384021e+00
9.998583e-01 2.839845e-04 1.683369e-02 1.396594e+00 -2.782633e-04 9.999999e-01 -3.421630e-04 -1.949136e-01 -1.683373e-02 3.374278e-04 9.998582e-01 4.527608e+00
9.998846e-01 -3.462454e-04 -1.518486e-02 1.401878e+00 3.488940e-04 9.999999e-01 1.717277e-04 -1.990892e-01 1.518485e-02 -1.770084e-04 9.998846e-01 4.665549e+00
9.998062e-01 3.715686e-04 1.968022e-02 1.415466e+00 -3.614250e-04 9.999998e-01 -5.189358e-04 -2.033101e-01 -1.968035e-02 5.117197e-04 9.998061e-01 4.807356e+00
9.997849e-01 -2.027355e-04 -2.074077e-02 1.584621e+00 2.141527e-04 9.999998e-01 5.482114e-04 -2.053231e-01 2.074070e-02 -5.525378e-04 9.997846e-01 4.700632e+00
9.998436e-01 4.499054e-04 1.767677e-02 1.795242e+00 -4.415436e-04 9.999998e-01 -4.769019e-04 -2.057103e-01 -1.767692e-02 4.690197e-04 9.998435e-01 4.495837e+00
9.998229e-01 -4.847435e-04 -1.881305e-02 1.802841e+00 4.937020e-04 9.999998e-01 4.715026e-04 -2.100848e-01 1.881287e-02 -4.807097e-04 9.998228e-01 4.615782e+00
9.998314e-01 3.718191e-04 1.835881e-02 1.788155e+00 -3.619348e-04 9.999998e-01 -5.416800e-04 -2.139793e-01 -1.835895e-02 5.349414e-04 9.998312e-01 4.734396e+00
9.998344e-01 -4.499182e-04 -1.819422e-02 1.784589e+00 4.579557e-04 9.999998e-01 4.375537e-04 -2.180288e-01 1.819407e-02 -4.458160e-04 9.998343e-01 4.857531e+00
9.998271e-01 4.265087e-04 1.859072e-02 1.782660e+00 -4.161485e-04 9.999998e-01 -5.611081e-04 -2.220628e-01 -1.859091e-02 5.532719e-04 9.998269e-01 4.969185e+00
9.998243e-01 -4.892839e-04 -1.873740e-02 1.768941e+00 4.979204e-04 9.999998e-01 4.562209e-04 -2.258810e-01 1.873723e-02 -4.654731e-04 9.998242e-01 5.066251e+00
9.998238e-01 4.118965e-04 1.876856e-02 1.761276e+00 -4.013930e-04 9.999998e-01 -5.633552e-04 -2.297840e-01 -1.876873e-02 5.557197e-04 9.998236e-01 5.173162e+00
9.998309e-01 -5.308578e-04 -1.838050e-02 1.762031e+00 5.392375e-04 9.999998e-01 4.509030e-04 -2.339043e-01 1.838031e-02 -4.607409e-04 9.998309e-01 5.302814e+00
9.998278e-01 4.511757e-04 1.854906e-02 1.753575e+00 -4.407326e-04 9.999997e-01 -5.670448e-04 -2.378483e-01 -1.854926e-02 5.587693e-04 9.998277e-01 5.423771e+00
9.998530e-01 -4.653193e-04 -1.713627e-02 1.745050e+00 4.720154e-04 9.999998e-01 3.866692e-04 -2.416841e-01 1.713614e-02 -3.947037e-04 9.998530e-01 5.531451e+00
9.998294e-01 4.596621e-04 1.846296e-02 1.733136e+00 -4.490081e-04 9.999997e-01 -5.811503e-04 -2.454073e-01 -1.846317e-02 5.727584e-04 9.998293e-01 5.630633e+00
9.998237e-01 -6.008399e-04 -1.876585e-02 1.707350e+00 6.100488e-04 9.999997e-01 4.849601e-04 -2.489726e-01 1.876560e-02 -4.963254e-04 9.998237e-01 5.730764e+00
9.998232e-01 5.444336e-04 1.879575e-02 1.694029e+00 -5.335899e-04 9.999997e-01 -5.818905e-04 -2.528551e-01 -1.879601e-02 5.717556e-04 9.998231e-01 5.833010e+00
9.999009e-01 -4.709863e-04 -1.407266e-02 1.688367e+00 4.743602e-04 9.999999e-01 2.363522e-04 -2.564698e-01 1.407260e-02 -2.430071e-04 9.999009e-01 5.932390e+00
9.998386e-01 5.222336e-04 1.795641e-02 1.682267e+00 -5.125541e-04 9.999997e-01 -5.436119e-04 -2.602087e-01 -1.795664e-02 5.343178e-04 9.998385e-01 6.033833e+00
9.997807e-01 -4.453262e-04 -2.093533e-02 1.675676e+00 4.560051e-04 9.999998e-01 5.052774e-04 -2.645400e-01 2.093515e-02 -5.147161e-04 9.997806e-01 6.123741e+00
9.998240e-01 4.274645e-04 1.875793e-02 1.660805e+00 -4.168780e-04 9.999998e-01 -5.682398e-04 -2.686042e-01 -1.875812e-02 5.603172e-04 9.998238e-01 6.205694e+00
9.997783e-01 -3.856910e-04 -2.105401e-02 1.663047e+00 3.945298e-04 9.999998e-01 4.156225e-04 -2.721879e-01 2.105390e-02 -4.238395e-04 9.997782e-01 6.240113e+00
9.998035e-01 3.022734e-04 1.982239e-02 1.658715e+00 -2.914201e-04 9.999998e-01 -5.503741e-04 -2.756468e-01 -1.982250e-02 5.444864e-04 9.998033e-01 6.275074e+00
9.997810e-01 -3.892971e-04 -2.092272e-02 1.634944e+00 3.988777e-04 9.999998e-01 4.536907e-04 -2.793558e-01 2.092259e-02 -4.619398e-04 9.997809e-01 6.354073e+00
9.997610e-01 3.950531e-04 2.185932e-02 1.625695e+00 -3.825115e-04 9.999998e-01 -5.778846e-04 -2.831952e-01 -2.185949e-02 5.693822e-04 9.997608e-01 6.434743e+00
9.998336e-01 -3.451768e-04 -1.823951e-02 1.617736e+00 3.503633e-04 9.999999e-01 2.811088e-04 -2.869104e-01 1.823946e-02 -2.874553e-04 9.998335e-01 6.537938e+00
9.997879e-01 3.810379e-04 2.059257e-02 1.605383e+00 -3.702970e-04 9.999998e-01 -5.253613e-04 -2.905831e-01 -2.059272e-02 5.176216e-04 9.997877e-01 6.632812e+00
9.998200e-01 -3.553034e-04 -1.897107e-02 1.601700e+00 3.616831e-04 9.999999e-01 3.328100e-04 -2.944849e-01 1.897100e-02 -3.396145e-04 9.998199e-01 6.735708e+00
9.997770e-01 4.097078e-04 2.111127e-02 1.606101e+00 -3.985277e-04 9.999998e-01 -5.337458e-04 -2.985032e-01 -2.111143e-02 5.252105e-04 9.997769e-01 6.845704e+00
9.997993e-01 -4.125041e-04 -2.002916e-02 1.602368e+00 4.199441e-04 9.999998e-01 3.672092e-04 -3.024196e-01 2.002906e-02 -3.755496e-04 9.997992e-01 6.948530e+00
9.997663e-01 4.343483e-04 2.161123e-02 1.588064e+00 -4.219678e-04 9.999997e-01 -5.773920e-04 -3.060762e-01 -2.161142e-02 5.681349e-04 9.997662e-01 7.039817e+00
9.997863e-01 -4.611118e-04 -2.066531e-02 1.575621e+00 4.697631e-04 9.999998e-01 4.137435e-04 -3.098550e-01 2.066517e-02 -4.233659e-04 9.997863e-01 7.135664e+00
9.997497e-01 5.183969e-04 2.236449e-02 1.577092e+00 -5.046418e-04 9.999997e-01 -6.206414e-04 -3.138348e-01 -2.236475e-02 6.091971e-04 9.997496e-01 7.240386e+00
9.997954e-01 -4.586618e-04 -2.022422e-02 1.575971e+00 4.668963e-04 9.999998e-01 4.023951e-04 -3.176996e-01 2.022409e-02 -4.117584e-04 9.997953e-01 7.339276e+00
9.997873e-01 4.384130e-04 2.061917e-02 1.571501e+00 -4.274748e-04 9.999998e-01 -5.348498e-04 -3.216368e-01 -2.061935e-02 5.259189e-04 9.997872e-01 7.429668e+00
9.997905e-01 -4.629620e-04 -2.046497e-02 1.576710e+00 4.711667e-04 9.999998e-01 3.960480e-04 -3.252209e-01 2.046483e-02 -4.056104e-04 9.997904e-01 7.473570e+00
9.997970e-01 4.787073e-04 2.014420e-02 1.628110e+00 -4.681622e-04 9.999998e-01 -5.281509e-04 -3.279403e-01 -2.014440e-02 5.186098e-04 9.997969e-01 7.440219e+00
9.997981e-01 -4.963187e-04 -2.008774e-02 1.653709e+00 5.046760e-04 9.999998e-01 4.109246e-04 -3.315624e-01 2.008758e-02 -4.209825e-04 9.997980e-01 7.472464e+00
9.998086e-01 5.484546e-04 1.955641e-02 1.714453e+00 -5.390337e-04 9.999997e-01 -4.869532e-04 -3.346866e-01 -1.955662e-02 4.763154e-04 9.998085e-01 7.460653e+00
9.997867e-01 -4.132732e-04 -2.064686e-02 1.863348e+00 4.203349e-04 9.999999e-01 3.376357e-04 -3.363407e-01 2.064677e-02 -3.462454e-04 9.997867e-01 7.336385e+00
9.998062e-01 5.199138e-04 1.967790e-02 1.995482e+00 -5.107147e-04 9.999998e-01 -4.724604e-04 -3.383518e-01 -1.967808e-02 4.623160e-04 9.998062e-01 7.232989e+00
9.998036e-01 -5.215938e-04 -1.981129e-02 2.035256e+00 5.289315e-04 9.999998e-01 3.650951e-04 -3.417276e-01 1.981115e-02 -3.755053e-04 9.998036e-01 7.242580e+00
9.997970e-01 4.938370e-04 2.014290e-02 2.047518e+00 -4.840933e-04 9.999998e-01 -4.885571e-04 -3.457398e-01 -2.014309e-02 4.787038e-04 9.997969e-01 7.317241e+00
9.998160e-01 -5.104130e-04 -1.917683e-02 2.037082e+00 5.169097e-04 9.999998e-01 3.337742e-04 -3.494971e-01 1.917671e-02 -3.436286e-04 9.998160e-01 7.399436e+00
9.997977e-01 5.199650e-04 2.010865e-02 2.040884e+00 -5.103160e-04 9.999998e-01 -4.849288e-04 -3.535321e-01 -2.010885e-02 4.745658e-04 9.997976e-01 7.491334e+00
9.997952e-01 -5.022554e-04 -2.022858e-02 2.065781e+00 5.104508e-04 9.999998e-01 3.999346e-04 -3.579104e-01 2.022842e-02 -4.101815e-04 9.997952e-01 7.580949e+00
9.998096e-01 5.889774e-04 1.950182e-02 2.130001e+00 -5.804205e-04 9.999997e-01 -4.443878e-04 -3.621458e-01 -1.950202e-02 4.329808e-04 9.998096e-01 7.632377e+00
9.997649e-01 -3.975390e-04 -2.167914e-02 2.206924e+00 4.084123e-04 9.999998e-01 4.970868e-04 -3.668366e-01 2.167899e-02 -5.058271e-04 9.997648e-01 7.696639e+00
9.997973e-01 5.138560e-04 2.012798e-02 2.273522e+00 -5.050583e-04 9.999998e-01 -4.421255e-04 -3.719494e-01 -2.012815e-02 4.318670e-04 9.997972e-01 7.801691e+00
9.997714e-01 -4.449024e-04 -2.137781e-02 2.301287e+00 4.543262e-04 9.999998e-01 4.359216e-04 -3.767223e-01 2.137767e-02 -4.455376e-04 9.997713e-01 7.915244e+00
9.998113e-01 5.014425e-04 1.941952e-02 2.320465e+00 -4.925283e-04 9.999998e-01 -4.637669e-04 -3.812129e-01 -1.941970e-02 4.541117e-04 9.998112e-01 8.003533e+00
9.997835e-01 -5.712456e-04 -2.080126e-02 2.311341e+00 5.811154e-04 9.999997e-01 4.683964e-04 -3.853257e-01 2.080104e-02 -4.803860e-04 9.997834e-01 8.115933e+00
9.998086e-01 5.395213e-04 1.955411e-02 2.305930e+00 -5.303671e-04 9.999997e-01 -4.732854e-04 -3.895151e-01 -1.955431e-02 4.628208e-04 9.998086e-01 8.229389e+00
9.997955e-01 -5.626513e-04 -2.021458e-02 2.312169e+00 5.716448e-04 9.999997e-01 4.390813e-04 -3.938856e-01 2.021438e-02 -4.505502e-04 9.997955e-01 8.352882e+00
9.998221e-01 5.009457e-04 1.885288e-02 2.302664e+00 -4.926368e-04 9.999998e-01 -4.453178e-04 -3.980372e-01 -1.885305e-02 4.359479e-04 9.998221e-01 8.469480e+00
9.997984e-01 -5.759906e-04 -2.007027e-02 2.290308e+00 5.845939e-04 9.999997e-01 4.227443e-04 -4.020747e-01 2.007008e-02 -4.343952e-04 9.997984e-01 8.579643e+00
9.998127e-01 4.724100e-04 1.934831e-02 2.275278e+00 -4.632821e-04 9.999998e-01 -4.762022e-04 -4.059878e-01 -1.934848e-02 4.671461e-04 9.998126e-01 8.691669e+00
9.997580e-01 -4.894362e-04 -2.199269e-02 2.263307e+00 5.008675e-04 9.999997e-01 5.142300e-04 -4.102849e-01 2.199249e-02 -5.251241e-04 9.997579e-01 8.811247e+00
9.998073e-01 4.722795e-04 1.962715e-02 2.249928e+00 -4.619965e-04 9.999998e-01 -5.284002e-04 -4.144799e-01 -1.962734e-02 5.192275e-04 9.998071e-01 8.908416e+00
9.997802e-01 -5.240898e-04 -2.095831e-02 2.238997e+00 5.342614e-04 9.999997e-01 4.796840e-04 -4.185220e-01 2.095810e-02 -4.907790e-04 9.997801e-01 9.003145e+00
9.998160e-01 5.082061e-04 1.917388e-02 2.222736e+00 -4.980943e-04 9.999997e-01 -5.321053e-04 -4.225681e-01 -1.917409e-02 5.224539e-04 9.998159e-01 9.096511e+00
9.997753e-01 -5.207294e-04 -2.118911e-02 2.208321e+00 5.306484e-04 9.999998e-01 4.624542e-04 -4.266156e-01 2.118891e-02 -4.735974e-04 9.997753e-01 9.177597e+00
9.998981e-01 6.333089e-04 1.426207e-02 2.204421e+00 -6.284217e-04 9.999997e-01 -3.470880e-04 -4.308247e-01 -1.426224e-02 3.380869e-04 9.998981e-01 9.273769e+00
9.998023e-01 -4.553551e-04 -1.987720e-02 2.239537e+00 4.687088e-04 9.999997e-01 6.671087e-04 -4.361987e-01 1.987694e-02 -6.762966e-04 9.998021e-01 9.408648e+00
9.998578e-01 6.410050e-04 1.685344e-02 2.288453e+00 -6.315312e-04 9.999996e-01 -5.673963e-04 -4.412416e-01 -1.685375e-02 5.566691e-04 9.998577e-01 9.511829e+00
9.998014e-01 -6.035695e-04 -1.991934e-02 2.288470e+00 6.133659e-04 9.999997e-01 4.856552e-04 -4.454467e-01 1.991909e-02 -4.977797e-04 9.998014e-01 9.587277e+00
9.998012e-01 5.747473e-04 1.993129e-02 2.278579e+00 -5.633451e-04 9.999997e-01 -5.776451e-04 -4.493971e-01 -1.993157e-02 5.662989e-04 9.998011e-01 9.687582e+00
9.998212e-01 -6.368642e-04 -1.889689e-02 2.278337e+00 6.446901e-04 9.999997e-01 4.079974e-04 -4.533836e-01 1.889667e-02 -4.201102e-04 9.998213e-01 9.802734e+00
9.998227e-01 5.593831e-04 1.881944e-02 2.271716e+00 -5.499121e-04 9.999997e-01 -5.083824e-04 -4.573654e-01 -1.881967e-02 4.979402e-04 9.998227e-01 9.918900e+00
9.998166e-01 -6.731862e-04 -1.914045e-02 2.254121e+00 6.813397e-04 9.999997e-01 4.194181e-04 -4.612054e-01 1.914021e-02 -4.323854e-04 9.998166e-01 1.003561e+01
9.998892e-01 7.231163e-04 1.486839e-02 2.244593e+00 -7.178308e-04 9.999997e-01 -3.607653e-04 -4.656589e-01 -1.486860e-02 3.500492e-04 9.998893e-01 1.015831e+01
9.997731e-01 -6.774739e-04 -2.129082e-02 2.238774e+00 6.882778e-04 9.999996e-01 5.000762e-04 -4.700258e-01 2.129052e-02 -5.146199e-04 9.997731e-01 1.026048e+01
9.998533e-01 7.164673e-04 1.711221e-02 2.231226e+00 -7.098138e-04 9.999997e-01 -3.948387e-04 -4.745327e-01 -1.711244e-02 3.826312e-04 9.998534e-01 1.037688e+01
9.998242e-01 -6.674567e-04 -1.874042e-02 2.222622e+00 6.745353e-04 9.999997e-01 3.713547e-04 -4.788124e-01 1.874022e-02 -3.839336e-04 9.998242e-01 1.048771e+01
9.998943e-01 6.631699e-04 1.452490e-02 2.210176e+00 -6.590001e-04 9.999997e-01 -2.918080e-04 -4.832710e-01 -1.452504e-02 2.822022e-04 9.998944e-01 1.060226e+01
9.998566e-01 -7.403617e-04 -1.691924e-02 2.194413e+00 7.454448e-04 9.999997e-01 2.940752e-04 -4.874032e-01 1.691906e-02 -3.066485e-04 9.998567e-01 1.071363e+01
9.999023e-01 6.920224e-04 1.396398e-02 2.179200e+00 -6.886631e-04 9.999997e-01 -2.453217e-04 -4.916971e-01 -1.396410e-02 2.356781e-04 9.999024e-01 1.083186e+01
9.999078e-01 -7.314608e-04 -1.355633e-02 2.161144e+00 7.327652e-04 9.999997e-01 9.119009e-05 -4.953890e-01 1.355631e-02 -1.011184e-04 9.999080e-01 1.092810e+01
9.998577e-01 7.347082e-04 1.685423e-02 2.150423e+00 -7.287249e-04 9.999997e-01 -3.610947e-04 -4.990057e-01 -1.685444e-02 3.487581e-04 9.998578e-01 1.102811e+01
9.998769e-01 -7.868993e-04 -1.567179e-02 2.131933e+00 7.898319e-04 9.999997e-01 1.808806e-04 -5.025879e-01 1.567169e-02 -1.932396e-04 9.998771e-01 1.112391e+01
9.998143e-01 8.471561e-04 1.925389e-02 2.118205e+00 -8.380170e-04 9.999995e-01 -4.826832e-04 -5.061222e-01 -1.925424e-02 4.664552e-04 9.998144e-01 1.121890e+01
9.999282e-01 -9.100801e-04 -1.194667e-02 2.115998e+00 9.107399e-04 9.999996e-01 4.970752e-05 -5.093829e-01 1.194667e-02 -6.058750e-05 9.999285e-01 1.131103e+01
9.999278e-01 9.231074e-04 1.198132e-02 2.097488e+00 -9.208878e-04 9.999996e-01 -1.907076e-04 -5.131177e-01 -1.198144e-02 1.796572e-04 9.999281e-01 1.139347e+01
9.999039e-01 -9.824504e-04 -1.382615e-02 2.077095e+00 9.843169e-04 9.999995e-01 1.281307e-04 -5.170482e-01 1.382606e-02 -1.417309e-04 9.999043e-01 1.147915e+01
9.999106e-01 9.981146e-04 1.333454e-02 2.060043e+00 -9.950209e-04 9.999995e-01 -2.385803e-04 -5.209227e-01 -1.333472e-02 2.252876e-04 9.999110e-01 1.157151e+01
9.999031e-01 -1.097386e-03 -1.387494e-02 2.034445e+00 1.099139e-03 9.999994e-01 1.186263e-04 -5.245105e-01 1.387485e-02 -1.338686e-04 9.999036e-01 1.165477e+01
9.999093e-01 9.181361e-04 1.343481e-02 2.001675e+00 -9.150255e-04 9.999996e-01 -2.376211e-04 -5.278927e-01 -1.343498e-02 2.253031e-04 9.999096e-01 1.173977e+01
9.999059e-01 -1.075063e-03 -1.367651e-02 1.968543e+00 1.076704e-03 9.999994e-01 1.125495e-04 -5.312982e-01 1.367643e-02 -1.272678e-04 9.999064e-01 1.182470e+01
9.999033e-01 9.065455e-04 1.387918e-02 1.938398e+00 -9.030348e-04 9.999996e-01 -2.591548e-04 -5.346952e-01 -1.387936e-02 2.465931e-04 9.999036e-01 1.191457e+01
9.998953e-01 -1.032279e-03 -1.443385e-02 1.909758e+00 1.034567e-03 9.999995e-01 1.510282e-04 -5.382471e-01 1.443373e-02 -1.659485e-04 9.998957e-01 1.200691e+01
9.999488e-01 1.043216e-03 1.006890e-02 1.890922e+00 -1.041348e-03 9.999994e-01 -1.906315e-04 -5.421781e-01 -1.006905e-02 1.801332e-04 9.999492e-01 1.209061e+01
9.998381e-01 -9.068596e-04 -1.797294e-02 1.886879e+00 9.121609e-04 9.999995e-01 2.867175e-04 -5.459225e-01 1.797272e-02 -3.030686e-04 9.998383e-01 1.214656e+01
9.998724e-01 8.721879e-04 1.595028e-02 1.874148e+00 -8.655494e-04 9.999995e-01 -4.230496e-04 -5.498377e-01 -1.595059e-02 4.091866e-04 9.998726e-01 1.222025e+01
9.997190e-01 -7.298313e-04 -2.369210e-02 1.862258e+00 7.424998e-04 9.999996e-01 5.258818e-04 -5.537425e-01 2.369175e-02 -5.433288e-04 9.997191e-01 1.232185e+01
9.999158e-01 9.294942e-04 1.294639e-02 1.859746e+00 -9.267373e-04 9.999995e-01 -2.188868e-04 -5.576433e-01 -1.294654e-02 2.068672e-04 9.999161e-01 1.241215e+01
9.997008e-01 -6.728896e-04 -2.445175e-02 1.853842e+00 6.847757e-04 9.999997e-01 4.776992e-04 -5.614352e-01 2.445146e-02 -4.943034e-04 9.997008e-01 1.251971e+01
9.998956e-01 8.264013e-04 1.442361e-02 1.852466e+00 -8.240328e-04 9.999996e-01 -1.700967e-04 -5.656037e-01 -1.442370e-02 1.581902e-04 9.998959e-01 1.262040e+01
9.998167e-01 -8.350254e-04 -1.912799e-02 1.837769e+00 8.396856e-04 9.999996e-01 2.355590e-04 -5.699550e-01 1.912783e-02 -2.515806e-04 9.998169e-01 1.273841e+01
9.998871e-01 8.188770e-04 1.500429e-02 1.823232e+00 -8.155527e-04 9.999996e-01 -2.276250e-04 -5.741319e-01 -1.500443e-02 2.153593e-04 9.998873e-01 1.283815e+01
9.998201e-01 -8.389772e-04 -1.894877e-02 1.806743e+00 8.426916e-04 9.999996e-01 1.879981e-04 -5.781657e-01 1.894864e-02 -2.039355e-04 9.998203e-01 1.292383e+01
9.998895e-01 8.366733e-04 1.484039e-02 1.789827e+00 -8.331299e-04 9.999996e-01 -2.449018e-04 -5.821356e-01 -1.484055e-02 2.325075e-04 9.998898e-01 1.300299e+01
9.998507e-01 -8.905727e-04 -1.725866e-02 1.767507e+00 8.932676e-04 9.999996e-01 1.483925e-04 -5.860153e-01 1.725857e-02 -1.637902e-04 9.998510e-01 1.307987e+01
9.998645e-01 8.240461e-04 1.643958e-02 1.749378e+00 -8.204760e-04 9.999996e-01 -2.238680e-04 -5.898795e-01 -1.643972e-02 2.103461e-04 9.998647e-01 1.316367e+01
9.998748e-01 -8.473482e-04 -1.580251e-02 1.731854e+00 8.485600e-04 9.999996e-01 6.993146e-05 -5.935270e-01 1.580248e-02 -8.333535e-05 9.998750e-01 1.324525e+01
9.998904e-01 6.690206e-04 1.478720e-02 1.696217e+00 -6.662050e-04 9.999998e-01 -1.952873e-04 -5.968991e-01 -1.478728e-02 1.854113e-04 9.998905e-01 1.331514e+01
9.998484e-01 -7.924245e-04 -1.739409e-02 1.667870e+00 7.948891e-04 9.999997e-01 1.347332e-04 -6.006480e-01 1.739402e-02 -1.485424e-04 9.998486e-01 1.339029e+01
9.998108e-01 7.638957e-04 1.943481e-02 1.645370e+00 -7.565053e-04 9.999996e-01 -3.875775e-04 -6.041504e-01 -1.943506e-02 3.727983e-04 9.998110e-01 1.348019e+01
9.998798e-01 -7.436440e-04 -1.548432e-02 1.635607e+00 7.448930e-04 9.999997e-01 7.484552e-05 -6.078289e-01 1.548430e-02 -8.637403e-05 9.998800e-01 1.358576e+01
9.999156e-01 6.167359e-04 1.297947e-02 1.609182e+00 -6.158652e-04 9.999998e-01 -7.102057e-05 -6.116741e-01 -1.297947e-02 6.301763e-05 9.999157e-01 1.368834e+01
9.998988e-01 -7.665065e-04 -1.420861e-02 1.586380e+00 7.671444e-04 9.999997e-01 3.938878e-05 -6.154903e-01 1.420862e-02 -5.028821e-05 9.998990e-01 1.379408e+01
9.999162e-01 5.993017e-04 1.292995e-02 1.561940e+00 -5.982937e-04 9.999998e-01 -8.177155e-05 -6.191855e-01 -1.292996e-02 7.402544e-05 9.999163e-01 1.389859e+01
9.999028e-01 -7.968258e-04 -1.391831e-02 1.530401e+00 7.971911e-04 9.999997e-01 2.064340e-05 -6.226693e-01 1.391833e-02 -3.174032e-05 9.999030e-01 1.399741e+01
9.999515e-01 7.246890e-04 9.818129e-03 1.510163e+00 -7.249752e-04 9.999997e-01 2.566787e-05 -6.268727e-01 -9.818067e-03 -3.278788e-05 9.999517e-01 1.412184e+01
9.998556e-01 -7.724240e-04 -1.697514e-02 1.494179e+00 7.753762e-04 9.999997e-01 1.672895e-04 -6.312129e-01 1.697505e-02 -1.804308e-04 9.998558e-01 1.424168e+01
9.998878e-01 6.955595e-04 1.496122e-02 1.475121e+00 -6.934048e-04 9.999997e-01 -1.491595e-04 -6.353055e-01 -1.496128e-02 1.387652e-04 9.998880e-01 1.435486e+01
9.998620e-01 -8.262021e-04 -1.659276e-02 1.452747e+00 8.281990e-04 9.999997e-01 1.134302e-04 -6.390982e-01 1.659270e-02 -1.271601e-04 9.998622e-01 1.445371e+01
9.998856e-01 6.557652e-04 1.510866e-02 1.423795e+00 -6.534189e-04 9.999998e-01 -1.601894e-04 -6.427190e-01 -1.510872e-02 1.502955e-04 9.998857e-01 1.454758e+01
9.998990e-01 -7.065694e-04 -1.419125e-02 1.429096e+00 7.074436e-04 9.999997e-01 5.652854e-05 -6.469985e-01 1.419125e-02 -6.656572e-05 9.998992e-01 1.467444e+01
9.998753e-01 7.242992e-04 1.577809e-02 1.443033e+00 -7.208995e-04 9.999997e-01 -2.211134e-04 -6.513983e-01 -1.577820e-02 2.097080e-04 9.998754e-01 1.481659e+01
9.997904e-01 -6.935885e-04 -2.046157e-02 1.432081e+00 6.973845e-04 9.999997e-01 1.783441e-04 -6.555641e-01 2.046148e-02 -1.925797e-04 9.997905e-01 1.490921e+01
9.999373e-01 9.334707e-04 1.116285e-02 1.446183e+00 -9.330407e-04 9.999996e-01 -4.367050e-05 -6.592650e-01 -1.116285e-02 3.324901e-05 9.999376e-01 1.495495e+01
9.997757e-01 -6.685720e-04 -2.116961e-02 1.468616e+00 6.752871e-04 9.999997e-01 3.100221e-04 -6.632401e-01 2.116944e-02 -3.242515e-04 9.997758e-01 1.501942e+01
9.998197e-01 7.151303e-04 1.897428e-02 1.483608e+00 -7.084165e-04 9.999997e-01 -3.605248e-04 -6.675614e-01 -1.897449e-02 3.470147e-04 9.998198e-01 1.509742e+01
9.997551e-01 -5.774141e-04 -2.212276e-02 1.531754e+00 5.830935e-04 9.999998e-01 2.502389e-04 -6.711284e-01 2.212265e-02 -2.630806e-04 9.997551e-01 1.511069e+01
9.998602e-01 7.730631e-04 1.670530e-02 1.613514e+00 -7.702969e-04 9.999997e-01 -1.719856e-04 -6.745690e-01 -1.670540e-02 1.590902e-04 9.998603e-01 1.510517e+01
9.997643e-01 -5.542937e-04 -2.170547e-02 1.710507e+00 5.580765e-04 9.999998e-01 1.681875e-04 -6.774109e-01 2.170541e-02 -1.802645e-04 9.997643e-01 1.505866e+01
9.998418e-01 6.365693e-04 1.777523e-02 1.884635e+00 -6.335449e-04 9.999998e-01 -1.757424e-04 -6.776539e-01 -1.777531e-02 1.644498e-04 9.998419e-01 1.486723e+01
9.998066e-01 -5.610445e-04 -1.965912e-02 2.143521e+00 5.603986e-04 9.999998e-01 -3.839617e-05 -6.751464e-01 1.965917e-02 2.736843e-05 9.998066e-01 1.449057e+01
9.998556e-01 6.375718e-04 1.697869e-02 2.456059e+00 -6.331892e-04 9.999998e-01 -2.634602e-04 -6.698075e-01 -1.697882e-02 2.526680e-04 9.998557e-01 1.394258e+01
9.998000e-01 -5.874114e-04 -1.999022e-02 2.759485e+00 5.869825e-04 9.999998e-01 -2.735654e-05 -6.646270e-01 1.999027e-02 1.561374e-05 9.998001e-01 1.340491e+01
9.998871e-01 7.824781e-04 1.500381e-02 3.034071e+00 -7.850861e-04 9.999997e-01 1.679699e-04 -6.620627e-01 -1.500364e-02 -1.797337e-04 9.998873e-01 1.302900e+01
9.998327e-01 -8.079463e-04 -1.827321e-02 3.363610e+00 8.024458e-04 9.999996e-01 -3.083818e-04 -6.574229e-01 1.827349e-02 2.936635e-04 9.998329e-01 1.251963e+01
9.998600e-01 7.944499e-04 1.671430e-02 3.603761e+00 -7.961726e-04 9.999997e-01 9.644890e-05 -6.560095e-01 -1.671418e-02 -1.097463e-04 9.998602e-01 1.220599e+01
9.998409e-01 -7.349715e-04 -1.782263e-02 3.805166e+00 7.305046e-04 9.999997e-01 -2.571810e-04 -6.559900e-01 1.782285e-02 2.441171e-04 9.998410e-01 1.198002e+01
9.998666e-01 7.637846e-04 1.631258e-02 4.046482e+00 -7.649075e-04 9.999997e-01 6.262996e-05 -6.545513e-01 -1.631249e-02 -7.510268e-05 9.998668e-01 1.166820e+01
9.998384e-01 -7.204010e-04 -1.796302e-02 4.349130e+00 7.145120e-04 9.999997e-01 -3.342925e-04 -6.504170e-01 1.796329e-02 3.214002e-04 9.998385e-01 1.119337e+01
9.999145e-01 8.957084e-04 1.304560e-02 4.700783e+00 -9.088375e-04 9.999991e-01 1.000555e-03 -6.506217e-01 -1.304465e-02 -1.012329e-03 9.999143e-01 1.094067e+01
9.998433e-01 -8.909107e-04 -1.767723e-02 4.925306e+00 8.859552e-04 9.999996e-01 -2.881964e-04 -6.550425e-01 1.767751e-02 2.724866e-04 9.998436e-01 1.097771e+01
9.999051e-01 9.637466e-04 1.374483e-02 5.283370e+00 -9.667774e-04 9.999995e-01 2.139027e-04 -6.484243e-01 -1.374458e-02 -2.271739e-04 9.999054e-01 1.036163e+01
9.998475e-01 -9.283975e-04 -1.743925e-02 5.681019e+00 9.154445e-04 9.999993e-01 -7.507525e-04 -6.389444e-01 1.743997e-02 7.346700e-04 9.998475e-01 9.568578e+00
9.998745e-01 9.895599e-04 1.581074e-02 5.939465e+00 -9.987876e-04 9.999993e-01 5.757834e-04 -6.368328e-01 -1.581013e-02 -5.915061e-04 9.998747e-01 9.217702e+00
9.998252e-01 -9.769479e-04 -1.867342e-02 6.276416e+00 9.612407e-04 9.999992e-01 -8.501428e-04 -6.312031e-01 1.867426e-02 8.320410e-04 9.998252e-01 8.649376e+00
9.998456e-01 8.654258e-04 1.755331e-02 6.433152e+00 -8.811880e-04 9.999992e-01 8.902769e-04 -6.345898e-01 -1.755249e-02 -9.056106e-04 9.998454e-01 8.621427e+00
9.998348e-01 -9.564307e-04 -1.815212e-02 6.455231e+00 9.414067e-04 9.999992e-01 -8.362347e-04 -6.398620e-01 1.815294e-02 8.190045e-04 9.998348e-01 8.796440e+00
9.998487e-01 6.006412e-04 1.738507e-02 6.474607e+00 -6.169958e-04 9.999994e-01 9.354098e-04 -6.454393e-01 -1.738447e-02 -9.459982e-04 9.998483e-01 9.020320e+00
9.998291e-01 -9.523363e-04 -1.846221e-02 6.492287e+00 9.382153e-04 9.999993e-01 -7.735357e-04 -6.511435e-01 1.846296e-02 7.560785e-04 9.998292e-01 9.257029e+00
9.999038e-01 4.636770e-04 1.386202e-02 6.476549e+00 -4.827506e-04 9.999989e-01 1.372689e-03 -6.570106e-01 -1.386134e-02 -1.379252e-03 9.999029e-01 9.578029e+00
9.997545e-01 -1.194889e-03 -2.212507e-02 6.441928e+00 1.188892e-03 9.999993e-01 -2.842019e-04 -6.634230e-01 2.212542e-02 2.578245e-04 9.997551e-01 1.000482e+01
9.997796e-01 9.100883e-04 2.097542e-02 6.528831e+00 -9.170582e-04 9.999995e-01 3.226954e-04 -6.692430e-01 -2.097509e-02 -3.418632e-04 9.997798e-01 1.017771e+01
9.996979e-01 -1.985180e-03 -2.450025e-02 6.537716e+00 1.993155e-03 9.999980e-01 3.010589e-04 -6.755166e-01 2.449963e-02 -3.498039e-04 9.996997e-01 1.054519e+01
9.998564e-01 1.070236e-03 1.691215e-02 6.491064e+00 -1.082794e-03 9.999991e-01 7.334031e-04 -6.816625e-01 -1.691132e-02 -7.516133e-04 9.998566e-01 1.098455e+01
9.998150e-01 -1.941677e-03 -1.913655e-02 6.498341e+00 1.935259e-03 9.999981e-01 -3.539459e-04 -6.875067e-01 1.913723e-02 3.168431e-04 9.998167e-01 1.130027e+01
9.999805e-01 -1.009313e-04 6.243167e-03 6.451264e+00 8.518335e-05 9.999968e-01 2.522720e-03 -6.943440e-01 -6.243374e-03 -2.522142e-03 9.999772e-01 1.194193e+01
9.998755e-01 -8.363568e-04 -1.575743e-02 6.404583e+00 8.183357e-04 9.999990e-01 -1.150093e-03 -7.006181e-01 1.575841e-02 1.137053e-03 9.998751e-01 1.240820e+01
9.999060e-01 4.560699e-04 1.370198e-02 6.391854e+00 -4.753617e-04 9.999989e-01 1.404761e-03 -7.053653e-01 -1.370130e-02 -1.411146e-03 9.999050e-01 1.263130e+01
9.998207e-01 -1.939965e-03 -1.883414e-02 6.391203e+00 1.933123e-03 9.999981e-01 -3.814900e-04 -7.115601e-01 1.883487e-02 3.450102e-04 9.998225e-01 1.307865e+01
9.998776e-01 1.324023e-03 1.559177e-02 6.375432e+00 -1.337381e-03 9.999987e-01 8.464040e-04 -7.169422e-01 -1.559061e-02 -8.671552e-04 9.998780e-01 1.337334e+01
9.998144e-01 -2.030024e-03 -1.915827e-02 6.364641e+00 2.023788e-03 9.999979e-01 -3.448895e-04 -7.225171e-01 1.915896e-02 3.060506e-04 9.998163e-01 1.368664e+01
9.998610e-01 1.237185e-03 1.662935e-02 6.366731e+00 -1.249162e-03 9.999990e-01 7.098760e-04 -7.284365e-01 -1.662843e-02 -7.305527e-04 9.998614e-01 1.401518e+01
9.998386e-01 -1.756027e-03 -1.788125e-02 6.396832e+00 1.746823e-03 9.999983e-01 -5.303033e-04 -7.343629e-01 1.788218e-02 4.989797e-04 9.998399e-01 1.427076e+01
9.999026e-01 1.000922e-03 1.392396e-02 6.388606e+00 -1.016132e-03 9.999989e-01 1.085307e-03 -7.402641e-01 -1.392283e-02 -1.099353e-03 9.999024e-01 1.461098e+01
9.998164e-01 -2.561790e-03 -1.898782e-02 6.375021e+00 2.559195e-03 9.999967e-01 -1.609850e-04 -7.466835e-01 1.898819e-02 1.123594e-04 9.998196e-01 1.508941e+01
9.999043e-01 1.751750e-03 1.372031e-02 6.352865e+00 -1.764020e-03 9.999981e-01 8.822776e-04 -7.529812e-01 -1.371872e-02 -9.063985e-04 9.999054e-01 1.548062e+01
9.998687e-01 -2.525772e-03 -1.600759e-02 6.355733e+00 2.517602e-03 9.999967e-01 -5.305404e-04 -7.589355e-01 1.600890e-02 4.901676e-04 9.998716e-01 1.580069e+01
9.998801e-01 2.027897e-03 1.535070e-02 6.387594e+00 -2.037615e-03 9.999977e-01 6.174773e-04 -7.647206e-01 -1.534939e-02 -6.486844e-04 9.998819e-01 1.604231e+01
9.998461e-01 -2.592332e-03 -1.735044e-02 6.395248e+00 2.586682e-03 9.999966e-01 -3.481114e-04 -7.706021e-01 1.735131e-02 3.031754e-04 9.998493e-01 1.632672e+01
9.998672e-01 2.175934e-03 1.615276e-02 6.564063e+00 -2.183042e-03 9.999975e-01 4.224612e-04 -7.760508e-01 -1.615178e-02 -4.576695e-04 9.998693e-01 1.644530e+01
9.998433e-01 -2.839220e-03 -1.747096e-02 6.806921e+00 2.838122e-03 9.999960e-01 -8.760980e-05 -7.813587e-01 1.747116e-02 3.800900e-05 9.998473e-01 1.652765e+01
9.998839e-01 2.410656e-03 1.504853e-02 6.892088e+00 -2.415777e-03 9.999970e-01 3.221301e-04 -7.876093e-01 -1.504768e-02 -3.584489e-04 9.998866e-01 1.673867e+01
9.998396e-01 -2.845066e-03 -1.768049e-02 6.949880e+00 2.844718e-03 9.999960e-01 -4.488169e-05 -7.937347e-01 1.768057e-02 -5.423802e-06 9.998436e-01 1.697310e+01
9.999325e-01 1.436042e-03 1.152788e-02 7.040016e+00 -1.449550e-03 9.999983e-01 1.163469e-03 -8.009777e-01 -1.152617e-02 -1.180102e-03 9.999328e-01 1.736864e+01
9.997115e-01 -3.323621e-03 -2.378904e-02 7.067063e+00 3.344859e-03 9.999940e-01 8.530509e-04 -8.091955e-01 2.378608e-02 -9.323778e-04 9.997165e-01 1.798443e+01
9.999710e-01 1.087691e-03 7.541069e-03 7.074044e+00 -1.102252e-03 9.999975e-01 1.927062e-03 -8.177173e-01 -7.538935e-03 -1.935320e-03 9.999696e-01 1.870720e+01
9.997017e-01 -3.551593e-03 -2.416326e-02 7.050608e+00 3.574402e-03 9.999932e-01 9.008346e-04 -8.260736e-01 2.415991e-02 -9.869366e-04 9.997075e-01 1.949555e+01
9.999662e-01 1.195108e-03 8.133471e-03 7.009298e+00 -1.209636e-03 9.999977e-01 1.781542e-03 -8.341125e-01 -8.131307e-03 -1.791321e-03 9.999652e-01 2.026101e+01
9.997028e-01 -3.510700e-03 -2.412424e-02 6.966918e+00 3.533799e-03 9.999933e-01 9.149055e-04 -8.419837e-01 2.412088e-02 -9.998848e-04 9.997084e-01 2.102117e+01
9.999300e-01 1.576900e-03 1.172678e-02 6.912251e+00 -1.589563e-03 9.999982e-01 1.070635e-03 -8.492733e-01 -1.172506e-02 -1.089201e-03 9.999306e-01 2.168416e+01
9.997047e-01 -3.464974e-03 -2.405366e-02 6.873449e+00 3.489062e-03 9.999935e-01 9.595369e-04 -8.565271e-01 2.405019e-02 -1.043179e-03 9.997101e-01 2.232728e+01
