9.996844e-01 -8.703467e-04 2.510844e-02 1.733072e-02 8.933031e-04 9.999992e-01 -9.030889e-04 -1.439983e-02 -2.510763e-02 9.252336e-04 9.996842e-01 5.633128e-01
9.999710e-01 -2.391969e-04 7.606946e-03 5.368516e-02 2.412228e-04 9.999999e-01 -2.653989e-04 -2.859104e-02 -7.606876e-03 2.672264e-04 9.999709e-01 1.100121e+00
9.995819e-01 -9.855434e-04 2.889722e-02 9.586826e-02 1.015450e-03 9.999990e-01 -1.020269e-03 -4.458088e-02 -2.889618e-02 1.049187e-03 9.995818e-01 1.711197e+00
9.999971e-01 7.601310e-05 -2.395600e-03 1.193173e-01 -7.580770e-05 1.000000e+00 8.582331e-05 -6.146897e-02 2.395619e-03 -8.564143e-05 9.999970e-01 2.368727e+00
9.991135e-01 -1.373478e-03 4.207417e-02 1.740872e-01 1.436168e-03 9.999979e-01 -1.459804e-03 -7.777681e-02 -4.207206e-02 1.518935e-03 9.991133e-01 2.972243e+00
9.999163e-01 -3.995587e-04 1.293285e-02 2.385976e-01 4.053244e-04 9.999998e-01 -4.431995e-04 -9.415983e-02 -1.293265e-02 4.484041e-04 9.999162e-01 3.597429e+00
9.992669e-01 -1.275024e-03 3.826348e-02 2.867908e-01 1.327034e-03 9.999982e-01 -1.333906e-03 -1.088487e-01 -3.826168e-02 1.383705e-03 9.992667e-01 4.172112e+00
9.999374e-01 -3.314904e-04 1.118022e-02 3.437606e-01 3.357996e-04 9.999999e-01 -3.835443e-04 -1.246921e-01 -1.118006e-02 3.872739e-04 9.999373e-01 4.772987e+00
9.993253e-01 -1.235232e-03 3.670721e-02 4.034868e-01 1.283005e-03 9.999984e-01 -1.277932e-03 -1.408855e-01 -3.670554e-02 1.324165e-03 9.993252e-01 5.381388e+00
9.999038e-01 -4.145632e-04 1.386455e-02 4.583134e-01 4.211934e-04 9.999998e-01 -4.752807e-04 -1.571683e-01 -1.386431e-02 4.810736e-04 9.999037e-01 6.009832e+00
9.993683e-01 -1.191614e-03 3.551964e-02 5.319395e-01 1.236028e-03 9.999985e-01 -1.228465e-03 -1.752704e-01 -3.551808e-02 1.271591e-03 9.993681e-01 6.679493e+00
9.999797e-01 -1.881304e-04 6.361340e-03 5.874091e-01 1.895082e-04 1.000000e+00 -2.159153e-04 -1.936384e-01 -6.361250e-03 2.171150e-04 9.999796e-01 7.373191e+00
9.994321e-01 -1.128125e-03 3.367698e-02 6.206502e-01 1.168526e-03 9.999986e-01 -1.179997e-03 -2.104448e-01 -3.367555e-02 1.218678e-03 9.994320e-01 8.034918e+00
9.998472e-01 -5.400616e-04 1.746918e-02 6.627034e-01 5.505659e-04 9.999997e-01 -5.964684e-04 -2.262628e-01 -1.746880e-02 6.059934e-04 9.998471e-01 8.664959e+00
9.996176e-01 -9.497286e-04 2.763394e-02 7.204500e-01 9.765212e-04 9.999991e-01 -9.560551e-04 -2.453040e-01 -2.763295e-02 9.826726e-04 9.996176e-01 9.395051e+00
9.999990e-01 -2.736334e-05 1.423510e-03 7.358572e-01 2.740832e-05 1.000000e+00 -3.105330e-05 -2.697852e-01 -1.423446e-03 3.109020e-05 9.999989e-01 1.037789e+01
9.995022e-01 -1.064641e-03 3.153056e-02 7.575859e-01 1.099597e-03 9.999988e-01 -1.091307e-03 -2.922730e-01 -3.152930e-02 1.125433e-03 9.995021e-01 1.127797e+01
9.999561e-01 -2.809024e-04 9.368267e-03 8.061332e-01 2.837176e-04 9.999999e-01 -2.990813e-04 -3.155300e-01 -9.368115e-03 3.017238e-04 9.999560e-01 1.218387e+01
9.998271e-01 -6.603119e-04 1.858266e-02 8.246220e-01 6.725794e-04 9.999996e-01 -6.538670e-04 -3.404702e-01 -1.858215e-02 6.662497e-04 9.998270e-01 1.317493e+01
9.999764e-01 -2.101142e-04 6.868121e-03 8.408312e-01 2.116385e-04 1.000000e+00 -2.210517e-04 -3.624653e-01 -6.868002e-03 2.224975e-04 9.999763e-01 1.404647e+01
9.992144e-01 -1.319337e-03 3.960768e-02 9.032173e-01 1.375158e-03 9.999981e-01 -1.382087e-03 -3.789186e-01 -3.960571e-02 1.435465e-03 9.992143e-01 1.466435e+01
9.998422e-01 5.578336e-04 -1.775222e-02 9.244448e-01 -5.463617e-04 9.999996e-01 6.509898e-04 -3.986071e-01 1.775265e-02 -6.411908e-04 9.998421e-01 1.543757e+01
9.995729e-01 -1.002821e-03 2.920539e-02 9.059410e-01 1.033280e-03 9.999989e-01 -1.027777e-03 -4.205703e-01 -2.920425e-02 1.057512e-03 9.995728e-01 1.635209e+01
9.998191e-01 6.005091e-04 -1.900915e-02 9.020384e-01 -5.872986e-04 9.999996e-01 7.004562e-04 -4.432784e-01 1.900964e-02 -6.891683e-04 9.998190e-01 1.727437e+01
9.995554e-01 -1.025497e-03 2.979640e-02 8.879068e-01 1.057399e-03 9.999989e-01 -1.054877e-03 -4.657220e-01 -2.979521e-02 1.085912e-03 9.995554e-01 1.820442e+01
9.996223e-01 8.478711e-04 -2.746749e-02 8.029485e-01 -8.202844e-04 9.999991e-01 1.015536e-03 -4.905676e-01 2.746840e-02 -9.926246e-04 9.996221e-01 1.934557e+01
9.994834e-01 -1.072405e-03 3.212192e-02 7.835926e-01 1.109278e-03 9.999987e-01 -1.130065e-03 -5.147785e-01 -3.212059e-02 1.165110e-03 9.994832e-01 2.034821e+01
9.999330e-01 3.479032e-04 -1.156725e-02 7.790742e-01 -3.427740e-04 9.999998e-01 4.452695e-04 -5.371918e-01 1.156748e-02 -4.412777e-04 9.999329e-01 2.127317e+01
9.997479e-01 -7.890007e-04 2.243667e-02 7.363656e-01 8.073626e-04 9.999993e-01 -8.092781e-04 -5.602465e-01 -2.243594e-02 8.271855e-04 9.997479e-01 2.227963e+01
9.998903e-01 4.524445e-04 -1.480107e-02 6.873772e-01 -4.439492e-04 9.999997e-01 5.771305e-04 -5.873508e-01 1.480141e-02 -5.704993e-04 9.998902e-01 2.345938e+01
9.998578e-01 -6.505020e-04 1.684844e-02 5.889637e-01 6.609912e-04 9.999996e-01 -6.169105e-04 -6.141140e-01 -1.684795e-02 6.279563e-04 9.998578e-01 2.470598e+01
9.999555e-01 3.089728e-04 -9.426264e-03 5.068704e-01 -3.053926e-04 9.999999e-01 3.810714e-04 -6.397428e-01 9.426462e-03 -3.781788e-04 9.999554e-01 2.588268e+01
9.998540e-01 -6.721824e-04 1.707573e-02 4.062355e-01 6.829763e-04 9.999996e-01 -6.262001e-04 -6.661819e-01 -1.707522e-02 6.377678e-04 9.998539e-01 2.712523e+01
9.999114e-01 4.189451e-04 -1.330054e-02 2.814575e-01 -4.119583e-04 9.999998e-01 5.279104e-04 -6.949930e-01 1.330085e-02 -5.223875e-04 9.999113e-01 2.850354e+01
9.998946e-01 -5.955809e-04 1.450557e-02 1.756223e-01 6.036735e-04 9.999997e-01 -5.534101e-04 -7.199590e-01 -1.450516e-02 5.621052e-04 9.998946e-01 2.968346e+01
9.999069e-01 4.372751e-04 -1.363298e-02 9.829705e-02 -4.299338e-04 9.999998e-01 5.412963e-04 -7.445731e-01 1.363330e-02 -5.353878e-04 9.999068e-01 3.079802e+01
9.998943e-01 -6.066460e-04 1.452733e-02 -7.662971e-03 6.148391e-04 9.999997e-01 -5.594087e-04 -7.696869e-01 -1.452690e-02 5.682783e-04 9.998942e-01 3.198275e+01
9.999060e-01 4.455599e-04 -1.369892e-02 -2.869237e-01 -4.389866e-04 9.999998e-01 4.827160e-04 -7.825661e-01 1.369922e-02 -4.766602e-04 9.999060e-01 3.290607e+01
9.998756e-01 -6.488524e-04 1.575561e-02 -4.612675e-01 6.579422e-04 9.999996e-01 -5.716416e-04 -8.010617e-01 -1.575516e-02 5.819336e-04 9.998756e-01 3.391836e+01
9.999311e-01 3.942890e-04 -1.173187e-02 -5.686400e-01 -3.893860e-04 9.999998e-01 4.200473e-04 -8.199070e-01 1.173211e-02 -4.154533e-04 9.999310e-01 3.484243e+01
9.999207e-01 -5.663934e-04 1.257720e-02 -8.184468e-01 5.725563e-04 9.999997e-01 -4.862739e-04 -8.365346e-01 -1.257684e-02 4.934332e-04 9.999207e-01 3.588752e+01
9.999335e-01 3.820555e-04 -1.152636e-02 -1.208030e+00 -3.775408e-04 9.999999e-01 3.937065e-04 -8.489178e-01 1.152659e-02 -3.893319e-04 9.999334e-01 3.696282e+01
9.999386e-01 -5.271880e-04 1.106403e-02 -1.431765e+00 5.319186e-04 9.999998e-01 -4.244737e-04 -8.678005e-01 -1.106372e-02 4.303295e-04 9.999386e-01 3.806280e+01
9.999292e-01 3.998959e-04 -1.188861e-02 -1.630584e+00 -3.951635e-04 9.999998e-01 4.002536e-04 -8.846195e-01 1.188885e-02 -3.955306e-04 9.999292e-01 3.903102e+01
9.999360e-01 -5.295264e-04 1.130099e-02 -1.896946e+00 5.346760e-04 9.999998e-01 -4.525070e-04 -8.975295e-01 -1.130066e-02 4.585171e-04 9.999360e-01 3.993109e+01
9.999796e-01 2.415776e-04 -6.378778e-03 -2.201979e+00 -2.401289e-04 9.999999e-01 2.275933e-04 -9.061172e-01 6.378916e-03 -2.260602e-04 9.999796e-01 4.071589e+01
9.999735e-01 -4.072578e-04 7.263920e-03 -2.322779e+00 4.092303e-04 9.999999e-01 -2.698146e-04 -9.257540e-01 -7.263726e-03 2.727767e-04 9.999735e-01 4.169165e+01
9.999805e-01 2.365626e-04 -6.235312e-03 -2.430697e+00 -2.351512e-04 9.999999e-01 2.267927e-04 -9.455424e-01 6.235449e-03 -2.253254e-04 9.999805e-01 4.265284e+01
9.998815e-01 -6.441463e-04 1.538252e-02 -2.477598e+00 6.524725e-04 9.999996e-01 -5.361462e-04 -9.666330e-01 -1.538208e-02 5.461159e-04 9.998815e-01 4.358179e+01
9.999984e-01 1.124943e-04 -1.771689e-03 -2.516198e+00 -1.124175e-04 1.000000e+00 4.234101e-05 -9.813646e-01 1.771778e-03 -4.214519e-05 9.999984e-01 4.422984e+01
9.998588e-01 -7.018517e-04 1.679102e-02 -2.591956e+00 7.116765e-04 9.999996e-01 -5.790381e-04 -9.980784e-01 -1.679053e-02 5.909026e-04 9.998588e-01 4.502405e+01
9.999865e-01 2.080087e-04 -5.189113e-03 -2.768615e+00 -2.072859e-04 1.000000e+00 1.394246e-04 -1.010358e+00 5.189228e-03 -1.383506e-04 9.999865e-01 4.578913e+01
9.999549e-01 -4.727727e-04 9.483130e-03 -2.869279e+00 4.754854e-04 9.999998e-01 -2.835877e-04 -1.034825e+00 -9.482908e-03 2.880805e-04 9.999549e-01 4.694067e+01
9.999844e-01 2.216252e-04 -5.567964e-03 -3.012548e+00 -2.209724e-04 1.000000e+00 1.174778e-04 -1.052805e+00 5.568076e-03 -1.162492e-04 9.999844e-01 4.787908e+01
9.996514e-01 -9.538354e-04 2.638517e-02 -2.985089e+00 9.762723e-04 9.999992e-01 -8.374146e-04 -1.070183e+00 -2.638427e-02 8.628781e-04 9.996514e-01 4.855624e+01
9.998771e-01 5.216303e-04 -1.567010e-02 -2.950682e+00 -5.139277e-04 9.999997e-01 4.954281e-04 -1.092423e+00 1.567044e-02 -4.873175e-04 9.998770e-01 4.939930e+01
9.998576e-01 -6.872238e-04 1.686237e-02 -3.023533e+00 6.961259e-04 9.999996e-01 -5.219318e-04 -1.115984e+00 -1.686192e-02 5.335921e-04 9.998576e-01 5.046408e+01
9.999218e-01 4.194037e-04 -1.249950e-02 -3.132626e+00 -4.145555e-04 9.999998e-01 3.902844e-04 -1.141779e+00 1.249975e-02 -3.850758e-04 9.999217e-01 5.168869e+01
9.998636e-01 -6.669177e-04 1.649953e-02 -3.217141e+00 6.752948e-04 9.999996e-01 -5.020142e-04 -1.169441e+00 -1.649910e-02 5.130841e-04 9.998637e-01 5.294764e+01
9.998901e-01 4.690140e-04 -1.481709e-02 -3.321620e+00 -4.618688e-04 9.999998e-01 4.854907e-04 -1.199895e+00 1.481740e-02 -4.785975e-04 9.998900e-01 5.435758e+01
9.998915e-01 -6.068647e-04 1.471671e-02 -3.419739e+00 6.136254e-04 9.999997e-01 -4.547241e-04 -1.230563e+00 -1.471635e-02 4.637015e-04 9.998915e-01 5.576042e+01
9.998809e-01 4.969301e-04 -1.542493e-02 -3.489992e+00 -4.895113e-04 9.999998e-01 4.845874e-04 -1.257289e+00 1.542526e-02 -4.769826e-04 9.998808e-01 5.694507e+01
9.998812e-01 -6.305796e-04 1.540037e-02 -3.557057e+00 6.375858e-04 9.999997e-01 -4.498870e-04 -1.289360e+00 -1.539999e-02 4.596488e-04 9.998812e-01 5.835175e+01
9.999365e-01 3.911006e-04 -1.125757e-02 -3.605923e+00 -3.870200e-04 9.999999e-01 3.644503e-04 -1.324345e+00 1.125779e-02 -3.600740e-04 9.999365e-01 5.985446e+01
9.992769e-01 -1.265621e-03 3.800012e-02 -3.620465e+00 1.312971e-03 9.999984e-01 -1.221046e-03 -1.361848e+00 -3.799842e-02 1.270053e-03 9.992769e-01 6.142794e+01
9.997569e-01 6.958901e-04 -2.203816e-02 -3.687327e+00 -6.792935e-04 9.999995e-01 7.604473e-04 -1.402176e+00 2.203876e-02 -7.452958e-04 9.997568e-01 6.319860e+01
9.997476e-01 -8.420465e-04 2.244878e-02 -3.771176e+00 8.578455e-04 9.999994e-01 -6.940525e-04 -1.442130e+00 -2.244809e-02 7.131310e-04 9.997477e-01 6.496742e+01
9.997551e-01 7.138487e-04 -2.211671e-02 -3.808059e+00 -6.973783e-04 9.999995e-01 7.522910e-04 -1.477891e+00 2.211733e-02 -7.366869e-04 9.997550e-01 6.647710e+01
9.997734e-01 -8.026667e-04 2.127203e-02 -3.853971e+00 8.177571e-04 9.999994e-01 -7.006014e-04 -1.506277e+00 -2.127137e-02 7.178341e-04 9.997734e-01 6.768733e+01
9.997522e-01 7.248375e-04 -2.224579e-02 -3.878244e+00 -7.078411e-04 9.999995e-01 7.717761e-04 -1.536733e+00 2.224643e-02 -7.558422e-04 9.997522e-01 6.894606e+01
9.997519e-01 -8.359792e-04 2.225642e-02 -3.898145e+00 8.517869e-04 9.999994e-01 -7.006743e-04 -1.573490e+00 -2.225573e-02 7.194543e-04 9.997520e-01 7.046771e+01
9.997770e-01 6.846885e-04 -2.110330e-02 -3.938984e+00 -6.694702e-04 9.999995e-01 7.280684e-04 -1.606115e+00 2.110388e-02 -7.137819e-04 9.997770e-01 7.185573e+01
9.997253e-01 -8.502650e-04 2.341901e-02 -3.958560e+00 8.683368e-04 9.999993e-01 -7.614126e-04 -1.633966e+00 -2.341826e-02 7.815351e-04 9.997254e-01 7.300615e+01
9.997910e-01 6.575601e-04 -2.043279e-02 -3.972558e+00 -6.433740e-04 9.999995e-01 7.007211e-04 -1.659808e+00 2.043334e-02 -6.874326e-04 9.997909e-01 7.406539e+01
9.997582e-01 -8.258075e-04 2.197463e-02 -4.032474e+00 8.416419e-04 9.999994e-01 -7.112245e-04 -1.688744e+00 -2.197394e-02 7.295433e-04 9.997582e-01 7.533072e+01
9.997680e-01 6.933682e-04 -2.152611e-02 -4.075911e+00 -6.774011e-04 9.999995e-01 7.489202e-04 -1.720103e+00 2.152671e-02 -7.341686e-04 9.997679e-01 7.666809e+01
9.997390e-01 -8.469584e-04 2.282852e-02 -4.120475e+00 8.642998e-04 9.999993e-01 -7.496705e-04 -1.747854e+00 -2.282778e-02 7.692016e-04 9.997390e-01 7.785751e+01
9.997985e-01 6.537027e-04 -2.006064e-02 -4.176127e+00 -6.398305e-04 9.999996e-01 6.977924e-04 -1.775768e+00 2.006118e-02 -6.848203e-04 9.997984e-01 7.907458e+01
9.997810e-01 -8.123098e-04 2.091057e-02 -4.258011e+00 8.269090e-04 9.999994e-01 -6.894144e-04 -1.805037e+00 -2.090991e-02 7.065506e-04 9.997810e-01 8.039138e+01
9.997913e-01 6.634764e-04 -2.041476e-02 -4.342162e+00 -6.489519e-04 9.999995e-01 7.179560e-04 -1.836191e+00 2.041532e-02 -7.045619e-04 9.997913e-01 8.179090e+01
9.997848e-01 -8.055705e-04 2.072789e-02 -4.430679e+00 8.198946e-04 9.999994e-01 -6.824496e-04 -1.867964e+00 -2.072723e-02 6.992934e-04 9.997849e-01 8.322459e+01
9.997910e-01 6.771332e-04 -2.042909e-02 -4.487482e+00 -6.630800e-04 9.999995e-01 6.945398e-04 -1.892270e+00 2.042964e-02 -6.808525e-04 9.997910e-01 8.428883e+01
9.997956e-01 -7.894461e-04 2.019896e-02 -4.539360e+00 8.030404e-04 9.999995e-01 -6.647980e-04 -1.918298e+00 -2.019834e-02 6.808787e-04 9.997957e-01 8.541553e+01
9.997952e-01 6.647436e-04 -2.022333e-02 -4.604951e+00 -6.508672e-04 9.999995e-01 6.925988e-04 -1.945254e+00 2.022387e-02 -6.792982e-04 9.997952e-01 8.660532e+01
9.997877e-01 -7.872986e-04 2.058680e-02 -4.633894e+00 8.013805e-04 9.999995e-01 -6.756626e-04 -1.970915e+00 -2.058617e-02 6.920130e-04 9.997878e-01 8.767814e+01
9.998107e-01 6.381794e-04 -1.944515e-02 -4.667062e+00 -6.250631e-04 9.999996e-01 6.804596e-04 -1.999532e+00 1.944567e-02 -6.681803e-04 9.998106e-01 8.888308e+01
9.997951e-01 -7.648026e-04 2.022817e-02 -4.669002e+00 7.782212e-04 9.999995e-01 -6.553721e-04 -2.028596e+00 -2.022757e-02 6.709758e-04 9.997951e-01 9.005386e+01
9.998218e-01 6.283719e-04 -1.886434e-02 -4.638903e+00 -6.160351e-04 9.999996e-01 6.596391e-04 -2.056037e+00 1.886484e-02 -6.479044e-04 9.998218e-01 9.110124e+01
9.998064e-01 -7.513646e-04 1.965943e-02 -4.626203e+00 7.641634e-04 9.999995e-01 -6.433976e-04 -2.081928e+00 -1.965884e-02 6.582920e-04 9.998065e-01 9.211339e+01
9.998728e-01 5.322693e-04 -1.594116e-02 -4.634353e+00 -5.235182e-04 9.999997e-01 5.529630e-04 -2.108872e+00 1.594154e-02 -5.445511e-04 9.998727e-01 9.320835e+01
9.998589e-01 -6.634178e-04 1.678182e-02 -4.628529e+00 6.726799e-04 9.999996e-01 -5.461173e-04 -2.135390e+00 -1.678136e-02 5.573251e-04 9.998590e-01 9.425841e+01
9.998656e-01 5.407584e-04 -1.638479e-02 -4.649440e+00 -5.314447e-04 9.999997e-01 5.726227e-04 -2.163219e+00 1.638518e-02 -5.638421e-04 9.998655e-01 9.540927e+01
9.998613e-01 -6.717928e-04 1.664056e-02 -4.702891e+00 6.812690e-04 9.999996e-01 -5.636506e-04 -2.188456e+00 -1.664008e-02 5.749051e-04 9.998613e-01 9.650682e+01
9.998631e-01 5.523158e-04 -1.653346e-02 -4.733440e+00 -5.430207e-04 9.999997e-01 5.665187e-04 -2.210423e+00 1.653386e-02 -5.574671e-04 9.998631e-01 9.742591e+01
9.998524e-01 -6.991924e-04 1.716205e-02 -4.793907e+00 7.089460e-04 9.999996e-01 -5.620960e-04 -2.237271e+00 -1.716156e-02 5.741759e-04 9.998525e-01 9.860439e+01
9.998687e-01 5.544840e-04 -1.619277e-02 -4.828946e+00 -5.454118e-04 9.999997e-01 5.645098e-04 -2.263217e+00 1.619317e-02 -5.556080e-04 9.998687e-01 9.970220e+01
9.998501e-01 -7.138845e-04 1.729748e-02 -4.901022e+00 7.242186e-04 9.999996e-01 -5.910234e-04 -2.286099e+00 -1.729696e-02 6.034579e-04 9.998501e-01 1.007358e+02
9.998829e-01 5.244922e-04 -1.529525e-02 -4.995832e+00 -5.166103e-04 9.999997e-01 5.190858e-04 -2.306368e+00 1.529561e-02 -5.111273e-04 9.998828e-01 1.016969e+02
9.998544e-01 -7.099259e-04 1.705027e-02 -5.090763e+00 7.200373e-04 9.999996e-01 -5.867523e-04 -2.325960e+00 -1.704975e-02 5.989395e-04 9.998544e-01 1.026286e+02
9.999114e-01 4.763472e-04 -1.330394e-02 -5.152617e+00 -4.701421e-04 9.999998e-01 4.693274e-04 -2.349119e+00 1.330425e-02 -4.630351e-04 9.999113e-01 1.036572e+02
9.998599e-01 -7.033425e-04 1.672379e-02 -5.216965e+00 7.129514e-04 9.999996e-01 -5.684517e-04 -2.374316e+00 -1.672329e-02 5.802912e-04 9.998599e-01 1.047749e+02
9.998822e-01 5.318666e-04 -1.533939e-02 -5.283888e+00 -5.235693e-04 9.999997e-01 5.447422e-04 -2.400129e+00 1.533977e-02 -5.366509e-04 9.998821e-01 1.059210e+02
9.998407e-01 -7.429626e-04 1.783022e-02 -5.372491e+00 7.541430e-04 9.999995e-01 -6.201791e-04 -2.423239e+00 -1.782966e-02 6.335227e-04 9.998408e-01 1.069937e+02
9.998768e-01 5.539891e-04 -1.568543e-02 -5.437860e+00 -5.450947e-04 9.999997e-01 5.711366e-04 -2.449600e+00 1.568583e-02 -5.625203e-04 9.998767e-01 1.081604e+02
9.998423e-01 -7.403724e-04 1.774224e-02 -5.492777e+00 7.511372e-04 9.999995e-01 -5.999214e-04 -2.478919e+00 -1.774169e-02 6.131495e-04 9.998423e-01 1.094347e+02
9.998572e-01 5.753559e-04 -1.688475e-02 -5.591522e+00 -5.651288e-04 9.999997e-01 6.102961e-04 -2.508931e+00 1.688518e-02 -6.006711e-04 9.998572e-01 1.108132e+02
9.998432e-01 -7.285696e-04 1.769056e-02 -5.662711e+00 7.395254e-04 9.999995e-01 -6.126152e-04 -2.534939e+00 -1.769002e-02 6.255976e-04 9.998433e-01 1.119755e+02
9.999569e-01 3.736751e-04 -9.273208e-03 -5.653311e+00 -3.706275e-04 9.999999e-01 3.300471e-04 -2.558462e+00 9.273423e-03 -3.266001e-04 9.999569e-01 1.129033e+02
9.997326e-01 -8.930226e-04 2.310504e-02 -5.662254e+00 9.114301e-04 9.999993e-01 -7.860468e-04 -2.584288e+00 -2.310423e-02 8.068910e-04 9.997327e-01 1.139682e+02
9.999896e-01 2.341042e-04 -4.541104e-03 -5.664463e+00 -2.333363e-04 1.000000e+00 1.689714e-04 -2.611289e+00 4.541237e-03 -1.679143e-04 9.999896e-01 1.150739e+02
9.999438e-01 -5.429113e-04 1.058334e-02 -5.736270e+00 5.466930e-04 9.999998e-01 -3.541526e-04 -2.639161e+00 -1.058305e-02 3.599143e-04 9.999439e-01 1.163238e+02
9.999553e-01 3.714148e-04 -9.445550e-03 -5.802410e+00 -3.681613e-04 9.999999e-01 3.458569e-04 -2.667402e+00 9.445771e-03 -3.423683e-04 9.999553e-01 1.175715e+02
9.998164e-01 -7.686224e-04 1.914361e-02 -5.814898e+00 7.813678e-04 9.999995e-01 -6.581487e-04 -2.693440e+00 -1.914300e-02 6.729817e-04 9.998165e-01 1.186457e+02
9.998879e-01 5.291456e-04 -1.496162e-02 -5.855931e+00 -5.210883e-04 9.999997e-01 5.422169e-04 -2.719078e+00 1.496200e-02 -5.343641e-04 9.998879e-01 1.197453e+02
9.998443e-01 -7.438701e-04 1.762661e-02 -5.942802e+00 7.544454e-04 9.999995e-01 -5.931461e-04 -2.749459e+00 -1.762606e-02 6.063477e-04 9.998444e-01 1.211195e+02
9.998899e-01 5.287125e-04 -1.483034e-02 -6.025866e+00 -5.208705e-04 9.999997e-01 5.324216e-04 -2.778312e+00 1.483072e-02 -5.246425e-04 9.998898e-01 1.224221e+02
9.998658e-01 -7.154429e-04 1.636762e-02 -6.112646e+00 7.244934e-04 9.999996e-01 -5.468389e-04 -2.807822e+00 -1.636713e-02 5.586193e-04 9.998658e-01 1.237590e+02
9.998807e-01 5.534202e-04 -1.543523e-02 -6.195627e+00 -5.450244e-04 9.999997e-01 5.479290e-04 -2.835550e+00 1.543562e-02 -5.394554e-04 9.998807e-01 1.250144e+02
9.998765e-01 -6.936841e-04 1.569610e-02 -6.282904e+00 7.023996e-04 9.999996e-01 -5.495615e-04 -2.859167e+00 -1.569562e-02 5.605142e-04 9.998766e-01 1.261027e+02
9.998628e-01 5.941712e-04 -1.655027e-02 -6.360546e+00 -5.846703e-04 9.999997e-01 5.787056e-04 -2.879511e+00 1.655070e-02 -5.689541e-04 9.998628e-01 1.270295e+02
9.998490e-01 -7.486478e-04 1.736071e-02 -6.437750e+00 7.594489e-04 9.999995e-01 -6.153932e-04 -2.899426e+00 -1.736015e-02 6.284804e-04 9.998490e-01 1.279438e+02
9.998581e-01 6.033805e-04 -1.683228e-02 -6.533991e+00 -5.933651e-04 9.999996e-01 5.998087e-04 -2.920602e+00 1.683273e-02 -5.897402e-04 9.998581e-01 1.289441e+02
9.998441e-01 -7.524486e-04 1.764179e-02 -6.597069e+00 7.637269e-04 9.999995e-01 -6.323899e-04 -2.940265e+00 -1.764121e-02 6.457604e-04 9.998441e-01 1.298237e+02
9.998519e-01 6.101608e-04 -1.719957e-02 -6.676181e+00 -5.994608e-04 9.999996e-01 6.270674e-04 -2.962936e+00 1.720004e-02 -6.166684e-04 9.998518e-01 1.308576e+02
9.998477e-01 -7.396973e-04 1.743402e-02 -6.729460e+00 7.507467e-04 9.999995e-01 -6.270684e-04 -2.985324e+00 -1.743345e-02 6.400569e-04 9.998478e-01 1.318347e+02
9.998520e-01 6.086065e-04 -1.719399e-02 -6.788676e+00 -5.976128e-04 9.999996e-01 6.443281e-04 -3.011846e+00 1.719447e-02 -6.339617e-04 9.998519e-01 1.329958e+02
9.998369e-01 -7.585546e-04 1.804287e-02 -6.851911e+00 7.703808e-04 9.999995e-01 -6.483372e-04 -3.037204e+00 -1.804228e-02 6.621269e-04 9.998369e-01 1.341168e+02
9.998778e-01 5.541785e-04 -1.561956e-02 -6.941073e+00 -5.454750e-04 9.999997e-01 5.612621e-04 -3.055767e+00 1.561996e-02 -5.526779e-04 9.998778e-01 1.349950e+02
9.998232e-01 -7.682554e-04 1.878757e-02 -7.008723e+00 7.809102e-04 9.999995e-01 -6.660797e-04 -3.077552e+00 -1.878696e-02 6.806288e-04 9.998232e-01 1.359764e+02
9.998688e-01 5.983840e-04 -1.618222e-02 -6.966664e+00 -5.888554e-04 9.999997e-01 5.933830e-04 -3.099785e+00 1.618267e-02 -5.837807e-04 9.998688e-01 1.367850e+02
9.997375e-01 -8.697790e-04 2.289423e-02 -6.794456e+00 8.891473e-04 9.999993e-01 -8.356868e-04 -3.121807e+00 -2.289339e-02 8.558192e-04 9.997375e-01 1.373920e+02
9.997746e-01 7.220823e-04 -2.121883e-02 -6.789272e+00 -7.053326e-04 9.999994e-01 7.966947e-04 -3.141770e+00 2.121949e-02 -7.815533e-04 9.997745e-01 1.381685e+02
9.997187e-01 -9.097639e-04 2.369768e-02 -6.843626e+00 9.306341e-04 9.999992e-01 -8.695328e-04 -3.162818e+00 -2.369678e-02 8.913375e-04 9.997187e-01 1.390946e+02
9.997769e-01 7.276834e-04 -2.110647e-02 -6.853584e+00 -7.111225e-04 9.999994e-01 7.919723e-04 -3.182762e+00 2.110713e-02 -7.767908e-04 9.997769e-01 1.398972e+02
9.996634e-01 -9.838889e-04 2.592223e-02 -6.877609e+00 1.008761e-03 9.999990e-01 -9.462925e-04 -3.201390e+00 -2.592117e-02 9.721188e-04 9.996635e-01 1.406749e+02
9.997214e-01 8.040240e-04 -2.358990e-02 -7.050864e+00 -7.842318e-04 9.999993e-01 8.480987e-04 -3.215733e+00 2.359067e-02 -8.293669e-04 9.997213e-01 1.414983e+02
9.996904e-01 -9.544616e-04 2.486273e-02 -7.133302e+00 9.769232e-04 9.999991e-01 -8.911604e-04 -3.233683e+00 -2.486177e-02 9.151688e-04 9.996904e-01 1.423360e+02
9.997193e-01 8.038329e-04 -2.367715e-02 -7.200367e+00 -7.833733e-04 9.999993e-01 8.732207e-04 -3.256563e+00 2.367793e-02 -8.544320e-04 9.997192e-01 1.433600e+02
9.996858e-01 -9.551447e-04 2.504736e-02 -7.256218e+00 9.778450e-04 9.999991e-01 -8.939314e-04 -3.280309e+00 -2.504638e-02 9.181383e-04 9.996858e-01 1.444003e+02
9.998370e-01 6.471129e-04 -1.804148e-02 -7.302893e+00 -6.348214e-04 9.999996e-01 6.868127e-04 -3.309020e+00 1.804201e-02 -6.752522e-04 9.998369e-01 1.456359e+02
9.998200e-01 -7.914136e-04 1.895667e-02 -7.353654e+00 8.039318e-04 9.999995e-01 -6.525687e-04 -3.341806e+00 -1.895605e-02 6.676865e-04 9.998200e-01 1.470496e+02
9.998250e-01 6.392902e-04 -1.869630e-02 -7.473810e+00 -6.271860e-04 9.999996e-01 6.530799e-04 -3.366397e+00 1.869680e-02 -6.412441e-04 9.998249e-01 1.482365e+02
9.996309e-01 -9.974801e-04 2.714860e-02 -7.532606e+00 1.023158e-03 9.999990e-01 -9.318218e-04 -3.389517e+00 -2.714754e-02 9.592504e-04 9.996309e-01 1.492648e+02
9.998975e-01 5.095987e-04 -1.430341e-02 -7.555415e+00 -5.023778e-04 9.999997e-01 5.081692e-04 -3.413051e+00 1.430376e-02 -5.009361e-04 9.998975e-01 1.502516e+02
9.997118e-01 -9.054872e-04 2.398640e-02 -7.571609e+00 9.257655e-04 9.999992e-01 -8.341653e-04 -3.436399e+00 -2.398553e-02 8.561259e-04 9.997119e-01 1.512176e+02
9.997148e-01 7.870484e-04 -2.386759e-02 -7.628650e+00 -7.670991e-04 9.999993e-01 8.448213e-04 -3.458243e+00 2.386834e-02 -8.262761e-04 9.997147e-01 1.521753e+02
9.993781e-01 -1.216338e-03 3.523875e-02 -7.645797e+00 1.259758e-03 9.999985e-01 -1.209861e-03 -3.480357e+00 -3.523713e-02 1.253496e-03 9.993781e-01 1.530900e+02
9.998060e-01 6.575077e-04 -1.968301e-02 -7.642881e+00 -6.436984e-04 9.999995e-01 7.077110e-04 -3.503229e+00 1.968357e-02 -6.949085e-04 9.998060e-01 1.540104e+02
9.997250e-01 -8.813857e-04 2.343254e-02 -7.700574e+00 9.006831e-04 9.999993e-01 -8.128304e-04 -3.529222e+00 -2.343171e-02 8.337073e-04 9.997250e-01 1.551482e+02
9.998805e-01 5.533347e-04 -1.544609e-02 -7.697594e+00 -5.447031e-04 9.999997e-01 5.627645e-04 -3.555248e+00 1.544650e-02 -5.542885e-04 9.998805e-01 1.561876e+02
9.996757e-01 -9.619179e-04 2.544417e-02 -7.724021e+00 9.847923e-04 9.999991e-01 -8.863397e-04 -3.580247e+00 -2.544320e-02 9.111047e-04 9.996758e-01 1.572448e+02
9.997152e-01 7.935022e-04 -2.384968e-02 -7.795972e+00 -7.729968e-04 9.999993e-01 8.688148e-04 -3.607043e+00 2.385045e-02 -8.501364e-04 9.997151e-01 1.584404e+02
9.996759e-01 -9.578246e-04 2.543999e-02 -7.850573e+00 9.803845e-04 9.999991e-01 -8.741825e-04 -3.636927e+00 -2.543903e-02 8.988352e-04 9.996759e-01 1.597348e+02
9.996928e-01 8.375734e-04 -2.477110e-02 -7.867271e+00 -8.153918e-04 9.999993e-01 9.053883e-04 -3.665149e+00 2.477194e-02 -8.849168e-04 9.996927e-01 1.608946e+02
9.998907e-01 -6.144775e-04 1.477146e-02 -7.832470e+00 6.222862e-04 9.999997e-01 -5.237802e-04 -3.685012e+00 -1.477104e-02 5.329101e-04 9.998907e-01 1.615790e+02
9.997807e-01 7.591464e-04 -2.092818e-02 -7.728203e+00 -7.443034e-04 9.999995e-01 7.168236e-04 -3.706877e+00 2.092881e-02 -7.010942e-04 9.997807e-01 1.622639e+02
9.997671e-01 -8.725991e-04 2.156196e-02 -7.719431e+00 8.881984e-04 9.999994e-01 -7.137227e-04 -3.730044e+00 -2.156123e-02 7.327029e-04 9.997672e-01 1.631666e+02
9.996935e-01 8.793379e-04 -2.473946e-02 -7.714014e+00 -8.590979e-04 9.999993e-01 8.285814e-04 -3.749705e+00 2.474027e-02 -8.070786e-04 9.996935e-01 1.639073e+02
9.998522e-01 -7.193319e-04 1.717308e-02 -7.716266e+00 7.294169e-04 9.999996e-01 -5.807788e-04 -3.766396e+00 -1.717256e-02 5.932144e-04 9.998523e-01 1.645473e+02
9.999105e-01 4.909024e-04 -1.336339e-02 -7.756195e+00 -4.850624e-04 9.999998e-01 4.399642e-04 -3.785652e+00 1.336370e-02 -4.334475e-04 9.999105e-01 1.653717e+02
9.999001e-01 -6.374937e-04 1.411921e-02 -7.805476e+00 6.440073e-04 9.999997e-01 -4.565188e-04 -3.808735e+00 -1.411882e-02 4.655612e-04 9.999002e-01 1.663713e+02
9.999250e-01 4.568191e-04 -1.223333e-02 -7.864840e+00 -4.520596e-04 9.999998e-01 3.914951e-04 -3.830710e+00 1.223360e-02 -3.859403e-04 9.999250e-01 1.673424e+02
9.999019e-01 -6.373080e-04 1.398855e-02 -7.905356e+00 6.438447e-04 9.999997e-01 -4.625128e-04 -3.848572e+00 -1.398815e-02 4.714690e-04 9.999020e-01 1.681096e+02
9.999373e-01 4.335890e-04 -1.118487e-02 -7.951610e+00 -4.297981e-04 9.999998e-01 3.409737e-04 -3.864388e+00 1.118511e-02 -3.361499e-04 9.999373e-01 1.687993e+02
9.999014e-01 -6.382065e-04 1.402551e-02 -7.988013e+00 6.443683e-04 9.999997e-01 -4.345388e-04 -3.886023e+00 -1.402513e-02 4.435286e-04 9.999015e-01 1.697188e+02
9.999178e-01 4.841743e-04 -1.280682e-02 -7.997977e+00 -4.792459e-04 9.999998e-01 3.875771e-04 -3.904963e+00 1.280710e-02 -3.814124e-04 9.999179e-01 1.704750e+02
9.999007e-01 -6.369541e-04 1.407477e-02 -8.013923e+00 6.430482e-04 9.999997e-01 -4.281803e-04 -3.925337e+00 -1.407440e-02 4.371836e-04 9.999008e-01 1.713043e+02
9.999101e-01 4.977254e-04 -1.339454e-02 -8.044802e+00 -4.923537e-04 9.999998e-01 4.040292e-04 -3.945881e+00 1.339483e-02 -3.974029e-04 9.999101e-01 1.721654e+02
9.999007e-01 -6.367707e-04 1.407420e-02 -8.078701e+00 6.427992e-04 9.999997e-01 -4.235324e-04 -3.967039e+00 -1.407383e-02 4.325322e-04 9.999008e-01 1.730583e+02
9.998954e-01 5.308142e-04 -1.445021e-02 -8.097025e+00 -5.244737e-04 9.999998e-01 4.422848e-04 -3.988903e+00 1.445054e-02 -4.346647e-04 9.998954e-01 1.739501e+02
9.998909e-01 -6.607466e-04 1.475223e-02 -8.142422e+00 6.674627e-04 9.999997e-01 -4.500742e-04 -4.010718e+00 -1.475183e-02 4.598668e-04 9.998910e-01 1.748889e+02
9.998790e-01 5.484349e-04 -1.554487e-02 -8.221130e+00 -5.409612e-04 9.999997e-01 4.847197e-04 -4.035740e+00 1.554523e-02 -4.762568e-04 9.998790e-01 1.760134e+02
9.998750e-01 -6.824554e-04 1.579355e-02 -8.263968e+00 6.899736e-04 9.999997e-01 -4.703304e-04 -4.062573e+00 -1.579313e-02 4.811638e-04 9.998751e-01 1.771573e+02
9.999200e-01 4.662301e-04 -1.263979e-02 -8.310958e+00 -4.614081e-04 9.999998e-01 3.840805e-04 -4.088262e+00 1.264007e-02 -3.782225e-04 9.999200e-01 1.782644e+02
9.999379e-01 -5.570985e-04 1.112663e-02 -8.411560e+00 5.611031e-04 9.999998e-01 -3.564301e-04 -4.110680e+00 -1.112633e-02 3.626461e-04 9.999380e-01 1.793111e+02
9.999274e-01 4.333231e-04 -1.203621e-02 -8.525988e+00 -4.288592e-04 9.999998e-01 3.731115e-04 -4.135307e+00 1.203646e-02 -3.679275e-04 9.999274e-01 1.804817e+02
9.999035e-01 -6.479843e-04 1.387430e-02 -8.663829e+00 6.539925e-04 9.999997e-01 -4.282281e-04 -4.161723e+00 -1.387392e-02 4.372554e-04 9.999036e-01 1.817778e+02
9.999183e-01 4.573509e-04 -1.277077e-02 -8.794680e+00 -4.519260e-04 9.999998e-01 4.273564e-04 -4.192874e+00 1.277106e-02 -4.215550e-04 9.999183e-01 1.832606e+02
9.998997e-01 -6.437297e-04 1.414904e-02 -8.907773e+00 6.501420e-04 9.999997e-01 -4.483141e-04 -4.220605e+00 -1.414865e-02 4.574629e-04 9.998997e-01 1.845690e+02
9.999255e-01 4.498232e-04 -1.219119e-02 -8.988010e+00 -4.450286e-04 9.999998e-01 3.956497e-04 -4.245388e+00 1.219147e-02 -3.901997e-04 9.999255e-01 1.856965e+02
9.999258e-01 -5.967369e-04 1.216273e-02 -9.110476e+00 6.016994e-04 9.999997e-01 -4.040134e-04 -4.268273e+00 -1.216238e-02 4.112967e-04 9.999259e-01 1.868139e+02
9.999289e-01 4.380433e-04 -1.191372e-02 -9.340514e+00 -4.337498e-04 9.999998e-01 3.626136e-04 -4.286139e+00 1.191398e-02 -3.574252e-04 9.999289e-01 1.878788e+02
9.999211e-01 -6.145625e-04 1.254302e-02 -9.466938e+00 6.191810e-04 9.999997e-01 -3.640074e-04 -4.315153e+00 -1.254270e-02 3.717400e-04 9.999212e-01 1.892624e+02
9.999207e-01 4.696675e-04 -1.258107e-02 -9.565007e+00 -4.649002e-04 9.999998e-01 3.815175e-04 -4.342457e+00 1.258134e-02 -3.756433e-04 9.999207e-01 1.905223e+02
9.999280e-01 -6.041301e-04 1.198075e-02 -9.692615e+00 6.086394e-04 9.999997e-01 -3.724011e-04 -4.366021e+00 -1.198043e-02 3.796612e-04 9.999281e-01 1.916735e+02
9.998844e-01 5.881307e-04 -1.519377e-02 -1.003568e+01 -5.819371e-04 9.999997e-01 4.117837e-04 -4.371371e+00 1.519411e-02 -4.028993e-04 9.998844e-01 1.923313e+02
9.999254e-01 -6.154133e-04 1.219948e-02 -1.028257e+01 6.198324e-04 9.999997e-01 -3.581270e-04 -4.382096e+00 -1.219916e-02 3.656568e-04 9.999255e-01 1.930884e+02
9.998630e-01 6.196599e-04 -1.653935e-02 -1.041428e+01 -6.114987e-04 9.999997e-01 4.982390e-04 -4.399870e+00 1.653975e-02 -4.880619e-04 9.998630e-01 1.939754e+02
9.998884e-01 -7.059016e-04 1.492322e-02 -1.056902e+01 7.130020e-04 9.999996e-01 -4.702091e-04 -4.417667e+00 -1.492278e-02 4.807918e-04 9.998885e-01 1.949073e+02
9.998863e-01 5.780262e-04 -1.506889e-02 -1.084151e+01 -5.718803e-04 9.999998e-01 4.118802e-04 -4.428622e+00 1.506922e-02 -4.032207e-04 9.998863e-01 1.957293e+02
9.999000e-01 -6.896144e-04 1.412401e-02 -1.098177e+01 6.953411e-04 9.999997e-01 -4.002695e-04 -4.448193e+00 -1.412364e-02 4.100454e-04 9.999001e-01 1.967233e+02
9.998165e-01 7.340220e-04 -1.914184e-02 -1.103476e+01 -7.229063e-04 9.999996e-01 5.873996e-04 -4.468986e+00 1.914236e-02 -5.734590e-04 9.998165e-01 1.976168e+02
9.999967e-01 -3.169738e-04 2.535322e-03 -1.106130e+01 3.169253e-04 9.999999e-01 2.112246e-05 -4.484199e+00 -2.535231e-03 -2.032394e-05 9.999967e-01 1.982216e+02
9.997387e-01 8.746759e-04 -2.283908e-02 -1.106984e+01 -8.587561e-04 9.999994e-01 7.066690e-04 -4.499707e+00 2.283978e-02 -6.868762e-04 9.997388e-01 1.988214e+02
9.998911e-01 -7.281626e-04 1.473490e-02 -1.111947e+01 7.342449e-04 9.999996e-01 -4.071137e-04 -4.518517e+00 -1.473451e-02 4.178834e-04 9.998913e-01 1.996230e+02
9.998541e-01 6.783967e-04 -1.706736e-02 -1.118729e+01 -6.704130e-04 9.999997e-01 4.732646e-04 -4.535381e+00 1.706778e-02 -4.617583e-04 9.998542e-01 2.003810e+02
9.998656e-01 -7.836632e-04 1.637297e-02 -1.125304e+01 7.913000e-04 9.999996e-01 -4.597231e-04 -4.554612e+00 -1.637250e-02 4.726122e-04 9.998658e-01 2.012442e+02
9.998493e-01 6.925246e-04 -1.734247e-02 -1.129815e+01 -6.840487e-04 9.999996e-01 4.944339e-04 -4.574997e+00 1.734290e-02 -4.825012e-04 9.998494e-01 2.021188e+02
9.999259e-01 -6.340467e-04 1.215440e-02 -1.131190e+01 6.379880e-04 9.999997e-01 -3.200859e-04 -4.594991e+00 -1.215410e-02 3.278115e-04 9.999260e-01 2.029127e+02
9.997251e-01 8.987524e-04 -2.342946e-02 -1.122535e+01 -8.815356e-04 9.999993e-01 7.449901e-04 -4.615490e+00 2.343021e-02 -7.241363e-04 9.997251e-01 2.035433e+02
9.999577e-01 -4.888644e-04 9.177703e-03 -1.089146e+01 4.913483e-04 9.999998e-01 -2.679985e-04 -4.637892e+00 -9.177475e-03 2.724916e-04 9.999578e-01 2.039004e+02
9.998916e-01 6.222829e-04 -1.470999e-02 -1.050426e+01 -6.161219e-04 9.999997e-01 4.231039e-04 -4.665027e+00 1.471034e-02 -4.139998e-04 9.998916e-01 2.043715e+02
9.999258e-01 -5.696345e-04 1.216918e-02 -1.007978e+01 5.742707e-04 9.999998e-01 -3.771914e-04 -4.693137e+00 -1.216886e-02 3.841468e-04 9.999258e-01 2.048294e+02
9.999236e-01 5.153653e-04 -1.234487e-02 -9.843479e+00 -5.107703e-04 9.999998e-01 3.750690e-04 -4.721320e+00 1.234515e-02 -3.687399e-04 9.999237e-01 2.055896e+02
9.999055e-01 -6.254478e-04 1.373118e-02 -9.656194e+00 6.309309e-04 9.999997e-01 -3.947277e-04 -4.751555e+00 -1.373083e-02 4.033488e-04 9.999056e-01 2.065104e+02
9.998963e-01 6.062106e-04 -1.438425e-02 -9.335751e+00 -6.002805e-04 9.999997e-01 4.163169e-04 -4.784608e+00 1.438460e-02 -4.076441e-04 9.998964e-01 2.073418e+02
9.999107e-01 -6.805350e-04 1.334718e-02 -9.336047e+00 6.856869e-04 9.999997e-01 -3.811482e-04 -4.806773e+00 -1.334682e-02 3.902611e-04 9.999108e-01 2.082139e+02
9.998318e-01 7.140675e-04 -1.832535e-02 -9.344128e+00 -7.042634e-04 9.999996e-01 5.412489e-04 -4.825980e+00 1.832583e-02 -5.282569e-04 9.998319e-01 2.089514e+02
9.998320e-01 -7.307440e-04 1.831057e-02 -8.908932e+00 7.412751e-04 9.999996e-01 -5.681582e-04 -4.858833e+00 -1.831005e-02 5.816309e-04 9.998321e-01 2.096071e+02
9.999608e-01 5.305255e-04 -8.837517e-03 -7.956755e+00 -5.285658e-04 9.999998e-01 2.236498e-04 -4.906101e+00 8.837730e-03 -2.189748e-04 9.999609e-01 2.101000e+02
9.999551e-01 -5.279811e-04 9.453703e-03 -7.309330e+00 5.304528e-04 9.999998e-01 -2.585607e-04 -4.941826e+00 -9.453470e-03 2.635589e-04 9.999552e-01 2.105574e+02
9.999584e-01 5.466603e-04 -9.103761e-03 -6.577818e+00 -5.447743e-04 9.999998e-01 2.092387e-04 -4.977136e+00 9.103970e-03 -2.042755e-04 9.999585e-01 2.108757e+02
9.999555e-01 -4.914027e-04 9.413589e-03 -5.680396e+00 4.937184e-04 9.999998e-01 -2.432803e-04 -5.022021e+00 -9.413372e-03 2.479122e-04 9.999556e-01 2.113451e+02
9.999451e-01 5.939023e-04 -1.045625e-02 -4.803249e+00 -5.914371e-04 9.999998e-01 2.384959e-04 -5.067053e+00 1.045649e-02 -2.323035e-04 9.999452e-01 2.118442e+02
9.999631e-01 -3.691490e-04 8.582906e-03 -3.443475e+00 3.711095e-04 9.999999e-01 -2.263971e-04 -5.127955e+00 -8.582727e-03 2.295689e-04 9.999631e-01 2.122853e+02
9.999557e-01 5.825535e-04 -9.388742e-03 -2.005950e+00 -5.804252e-04 9.999998e-01 2.290171e-04 -5.190742e+00 9.388969e-03 -2.235624e-04 9.999558e-01 2.127127e+02
9.999606e-01 -3.580229e-04 8.868167e-03 -4.559524e-01 3.600174e-04 9.999999e-01 -2.229031e-04 -5.257769e+00 -8.867992e-03 2.260821e-04 9.999606e-01 2.131487e+02
9.999517e-01 6.316743e-04 -9.806191e-03 1.275342e+00 -6.293765e-04 9.999998e-01 2.370354e-04 -5.331645e+00 9.806433e-03 -2.308571e-04 9.999518e-01 2.135921e+02
9.999571e-01 -3.792358e-04 9.248473e-03 2.965772e+00 3.812870e-04 9.999999e-01 -2.196278e-04 -5.406347e+00 -9.248293e-03 2.231397e-04 9.999571e-01 2.141257e+02
9.999499e-01 6.953146e-04 -9.977888e-03 4.952218e+00 -6.930032e-04 9.999997e-01 2.347394e-04 -5.490843e+00 9.978144e-03 -2.278178e-04 9.999501e-01 2.146344e+02
9.999663e-01 -4.801142e-04 8.193877e-03 6.113630e+00 4.812217e-04 9.999999e-01 -1.327499e-04 -5.559487e+00 -8.193717e-03 1.366836e-04 9.999664e-01 2.157114e+02
9.999522e-01 5.965211e-04 -9.751373e-03 6.888564e+00 -5.945082e-04 9.999998e-01 2.089436e-04 -5.615099e+00 9.751591e-03 -2.031412e-04 9.999524e-01 2.168225e+02
9.999506e-01 -4.825298e-04 9.924659e-03 8.006342e+00 4.842921e-04 9.999999e-01 -1.748057e-04 -5.679912e+00 -9.924478e-03 1.795985e-04 9.999507e-01 2.177951e+02
9.999390e-01 6.202806e-04 -1.102678e-02 8.967951e+00 -6.175844e-04 9.999998e-01 2.475888e-04 -5.740763e+00 1.102703e-02 -2.407686e-04 9.999391e-01 2.188402e+02
9.999637e-01 -4.248552e-04 8.501331e-03 1.001761e+01 4.263519e-04 9.999999e-01 -1.738212e-04 -5.799774e+00 -8.501162e-03 1.774345e-04 9.999638e-01 2.196581e+02
9.999617e-01 5.575765e-04 -8.729602e-03 1.117183e+01 -5.560260e-04 9.999998e-01 1.796248e-04 -5.859143e+00 8.729795e-03 -1.747688e-04 9.999618e-01 2.203435e+02
9.999780e-01 -3.908763e-04 6.623687e-03 1.212186e+01 3.917045e-04 9.999999e-01 -1.232113e-04 -5.913290e+00 -6.623543e-03 1.257982e-04 9.999780e-01 2.211149e+02
9.999353e-01 6.206760e-04 -1.135870e-02 1.301630e+01 -6.177764e-04 9.999998e-01 2.584694e-04 -5.969618e+00 1.135896e-02 -2.514403e-04 9.999354e-01 2.220274e+02
9.999759e-01 -3.581464e-04 6.928163e-03 1.409314e+01 3.591451e-04 9.999999e-01 -1.424085e-04 -6.028158e+00 -6.928017e-03 1.448884e-04 9.999759e-01 2.227672e+02
9.999623e-01 5.378044e-04 -8.665055e-03 1.519908e+01 -5.362452e-04 9.999998e-01 1.818486e-04 -6.086096e+00 8.665246e-03 -1.772000e-04 9.999624e-01 2.234502e+02
9.999817e-01 -3.356714e-04 6.028908e-03 1.620889e+01 3.363194e-04 9.999999e-01 -1.058945e-04 -6.143905e+00 -6.028777e-03 1.079154e-04 9.999818e-01 2.242785e+02
9.999702e-01 6.265406e-04 -7.691593e-03 1.779354e+01 -6.251169e-04 9.999998e-01 1.870441e-04 -6.219831e+00 7.691803e-03 -1.822351e-04 9.999703e-01 2.250196e+02
9.999674e-01 -3.825691e-04 8.065316e-03 1.962417e+01 3.840731e-04 9.999999e-01 -1.844989e-04 -6.299951e+00 -8.065150e-03 1.875858e-04 9.999674e-01 2.255756e+02
9.999668e-01 6.881168e-04 -8.109722e-03 2.167277e+01 -6.865216e-04 9.999997e-01 1.990531e-04 -6.386179e+00 8.109952e-03 -1.934837e-04 9.999670e-01 2.260657e+02
9.999730e-01 -3.690651e-04 7.334438e-03 2.363010e+01 3.703218e-04 9.999999e-01 -1.695235e-04 -6.469270e+00 -7.334280e-03 1.722302e-04 9.999730e-01 2.265628e+02
9.999690e-01 6.852139e-04 -7.843771e-03 2.562035e+01 -6.836337e-04 9.999997e-01 2.037025e-04 -6.556559e+00 7.844003e-03 -1.983386e-04 9.999691e-01 2.271851e+02
9.999741e-01 -3.528500e-04 7.185008e-03 2.767968e+01 3.540947e-04 9.999999e-01 -1.714943e-04 -6.645131e+00 -7.184853e-03 1.740293e-04 9.999741e-01 2.277640e+02
9.999624e-01 7.506352e-04 -8.638112e-03 2.991220e+01 -7.487611e-04 9.999997e-01 2.198004e-04 -6.739188e+00 8.638369e-03 -2.133289e-04 9.999626e-01 2.283089e+02
9.999775e-01 -4.467297e-04 6.686317e-03 3.148428e+01 4.475807e-04 9.999999e-01 -1.252793e-04 -6.816676e+00 -6.686166e-03 1.282645e-04 9.999776e-01 2.291460e+02
9.999666e-01 6.463148e-04 -8.143980e-03 3.266387e+01 -6.446607e-04 9.999998e-01 2.053204e-04 -6.883241e+00 8.144205e-03 -2.000681e-04 9.999667e-01 2.301076e+02
9.999808e-01 -3.237012e-04 6.186034e-03 3.441063e+01 3.246028e-04 9.999999e-01 -1.442186e-04 -6.961530e+00 -6.185893e-03 1.462191e-04 9.999808e-01 2.307145e+02
9.999635e-01 7.239818e-04 -8.510270e-03 3.654086e+01 -7.224946e-04 9.999997e-01 1.774376e-04 -7.046688e+00 8.510490e-03 -1.712871e-04 9.999637e-01 2.310392e+02
9.999850e-01 -3.347744e-04 5.464207e-03 3.848347e+01 3.355282e-04 9.999999e-01 -1.364282e-04 -7.123862e+00 -5.464067e-03 1.382549e-04 9.999850e-01 2.313124e+02
9.999736e-01 6.165719e-04 -7.235745e-03 4.010797e+01 -6.156000e-04 9.999998e-01 1.360815e-04 -7.188501e+00 7.235922e-03 -1.316282e-04 9.999737e-01 2.315486e+02
9.999777e-01 -4.239639e-04 6.662119e-03 4.152565e+01 4.250411e-04 9.999999e-01 -1.597868e-04 -7.247259e+00 -6.661957e-03 1.626103e-04 9.999777e-01 2.318458e+02
9.999727e-01 6.557910e-04 -7.355102e-03 4.313263e+01 -6.547780e-04 9.999998e-01 1.397002e-04 -7.312726e+00 7.355286e-03 -1.348850e-04 9.999729e-01 2.321391e+02
9.999743e-01 -4.342750e-04 7.152871e-03 4.477144e+01 4.354748e-04 9.999999e-01 -1.657396e-04 -7.379325e+00 -7.152704e-03 1.688455e-04 9.999743e-01 2.324330e+02
9.999641e-01 6.658874e-04 -8.448826e-03 4.619748e+01 -6.643863e-04 9.999998e-01 1.800777e-04 -7.440189e+00 8.449038e-03 -1.744625e-04 9.999642e-01 2.327999e+02
