9.999456e-01 1.319802e-04 -1.043296e-02 -3.640696e-03 -1.273951e-04 9.999999e-01 4.401441e-04 -4.507386e-03 1.043302e-02 -4.387905e-04 9.999454e-01 1.394339e-01
9.999765e-01 -1.771182e-04 6.850916e-03 -1.667701e-02 1.793289e-04 9.999999e-01 -3.220718e-04 -8.934610e-03 -6.850859e-03 3.232933e-04 9.999764e-01 2.705500e-01
9.999575e-01 1.180171e-04 -9.219105e-03 -3.075557e-02 -1.146272e-04 9.999999e-01 3.682286e-04 -1.316756e-02 9.219146e-03 -3.671557e-04 9.999573e-01 3.908853e-01
9.999996e-01 9.058242e-05 -9.308940e-04 -3.548322e-02 -9.063048e-05 1.000000e+00 -5.161698e-05 -1.724356e-02 9.308867e-04 5.170189e-05 9.999995e-01 5.148499e-01
9.998640e-01 3.862125e-04 -1.648490e-02 -3.482145e-02 -3.749080e-04 9.999997e-01 6.888347e-04 -2.066215e-02 1.648515e-02 -6.825601e-04 9.998638e-01 6.324401e-01
9.999887e-01 -1.465493e-04 4.758974e-03 -3.094893e-02 1.477438e-04 1.000000e+00 -2.506539e-04 -2.487519e-02 -4.758942e-03 2.513548e-04 9.999885e-01 7.435686e-01
9.999623e-01 1.232483e-04 -8.684036e-03 -4.003890e-02 -1.204285e-04 9.999999e-01 3.252341e-04 -2.932962e-02 8.684070e-03 -3.241753e-04 9.999621e-01 8.659892e-01
9.999860e-01 -1.569708e-04 5.294192e-03 -5.638973e-02 1.584053e-04 1.000000e+00 -2.705321e-04 -3.364530e-02 -5.294155e-03 2.713676e-04 9.999858e-01 9.774561e-01
9.999371e-01 1.666880e-04 -1.121615e-02 -7.216483e-02 -1.619253e-04 9.999999e-01 4.255273e-04 -3.797070e-02 1.121621e-02 -4.236836e-04 9.999369e-01 1.113085e+00
9.999997e-01 -1.422766e-05 7.509315e-04 -7.738440e-02 1.423211e-05 1.000000e+00 -5.866563e-06 -4.234774e-02 -7.509393e-04 5.877992e-06 9.999996e-01 1.242850e+00
9.999914e-01 -5.566095e-05 -4.158333e-03 -9.483348e-02 5.598370e-05 1.000000e+00 7.748703e-05 -4.660756e-02 4.158321e-03 -7.771840e-05 9.999913e-01 1.360073e+00
9.999962e-01 -9.604819e-05 2.747908e-03 -1.175595e-01 9.630980e-05 1.000000e+00 -9.505282e-05 -5.037944e-02 -2.747907e-03 9.531786e-05 9.999961e-01 1.465391e+00
9.999921e-01 -6.518478e-05 -3.969096e-03 -1.401211e-01 6.555299e-05 1.000000e+00 9.262746e-05 -5.412970e-02 3.969081e-03 -9.288616e-05 9.999920e-01 1.575474e+00
9.999896e-01 1.828226e-05 4.556158e-03 -1.548408e-01 -1.726883e-05 1.000000e+00 -2.224586e-04 -5.798273e-02 -4.556170e-03 2.223784e-04 9.999895e-01 1.684584e+00
9.999963e-01 -6.773816e-06 -2.704000e-03 -1.610310e-01 6.859855e-06 1.000000e+00 3.179272e-05 -6.183193e-02 2.703992e-03 -3.181044e-05 9.999962e-01 1.792986e+00
9.999964e-01 -1.245770e-04 2.669060e-03 -1.826610e-01 1.249585e-04 1.000000e+00 -1.427471e-04 -6.548105e-02 -2.669050e-03 1.430808e-04 9.999963e-01 1.894637e+00
9.999955e-01 -1.641801e-05 -2.990522e-03 -2.109507e-01 1.654555e-05 1.000000e+00 4.260862e-05 -6.899130e-02 2.990513e-03 -4.265721e-05 9.999954e-01 1.989793e+00
9.999966e-01 -1.321156e-04 2.606442e-03 -2.388110e-01 1.324808e-04 1.000000e+00 -1.399134e-04 -7.252057e-02 -2.606432e-03 1.402589e-04 9.999965e-01 2.084638e+00
9.999947e-01 2.029992e-05 -3.268459e-03 -2.571415e-01 -2.001497e-05 1.000000e+00 8.720085e-05 -7.633787e-02 3.268452e-03 -8.713428e-05 9.999946e-01 2.191568e+00
9.999957e-01 -1.230530e-04 2.929900e-03 -2.682991e-01 1.234747e-04 1.000000e+00 -1.437169e-04 -8.028832e-02 -2.929891e-03 1.440787e-04 9.999956e-01 2.308196e+00
9.999944e-01 2.077111e-05 -3.354198e-03 -2.892767e-01 -2.055336e-05 1.000000e+00 6.493860e-05 -8.402250e-02 3.354191e-03 -6.486862e-05 9.999943e-01 2.416336e+00
9.999928e-01 -1.259489e-04 3.787798e-03 -3.126003e-01 1.267187e-04 1.000000e+00 -2.029797e-04 -8.759946e-02 -3.787781e-03 2.034588e-04 9.999927e-01 2.511312e+00
9.999952e-01 9.380228e-05 -3.103002e-03 -3.253824e-01 -9.354935e-05 1.000000e+00 8.164187e-05 -9.142240e-02 3.103002e-03 -8.135054e-05 9.999951e-01 2.612915e+00
9.999978e-01 -1.046703e-04 2.091083e-03 -3.149444e-01 1.049268e-04 1.000000e+00 -1.224934e-04 -9.576226e-02 -2.091079e-03 1.227132e-04 9.999977e-01 2.706809e+00
9.999978e-01 3.141959e-05 -2.075654e-03 -3.108310e-01 -3.135951e-05 1.000000e+00 2.895636e-05 -9.980046e-02 2.075646e-03 -2.889057e-05 9.999977e-01 2.797414e+00
9.999968e-01 -1.647270e-05 2.512733e-03 -2.890436e-01 1.678447e-05 1.000000e+00 -1.240346e-04 -1.042834e-01 -2.512739e-03 1.240770e-04 9.999967e-01 2.901667e+00
9.999975e-01 5.991891e-05 -2.232206e-03 -2.074298e-01 -5.971044e-05 1.000000e+00 9.343833e-05 -1.076045e-01 2.232204e-03 -9.330420e-05 9.999974e-01 2.889527e+00
9.999982e-01 -1.042669e-04 1.882430e-03 -1.143484e-01 1.045179e-04 1.000000e+00 -1.332278e-04 -1.118111e-01 -1.882425e-03 1.334249e-04 9.999981e-01 2.930666e+00
9.999987e-01 4.782080e-05 -1.611168e-03 -5.732205e-02 -4.778038e-05 1.000000e+00 2.510208e-05 -1.167759e-01 1.611160e-03 -2.502446e-05 9.999986e-01 3.044680e+00
9.999982e-01 -1.253027e-04 1.866824e-03 -4.689405e-02 1.255684e-04 1.000000e+00 -1.421574e-04 -1.210411e-01 -1.866814e-03 1.423922e-04 9.999981e-01 3.159323e+00
9.999988e-01 2.455243e-05 -1.568597e-03 -4.384192e-02 -2.449695e-05 1.000000e+00 3.536116e-05 -1.252138e-01 1.568590e-03 -3.532211e-05 9.999987e-01 3.276121e+00
9.999983e-01 -6.714029e-05 1.833641e-03 -2.275370e-02 6.744309e-05 1.000000e+00 -1.650476e-04 -1.297413e-01 -1.833638e-03 1.651716e-04 9.999982e-01 3.395925e+00
9.999986e-01 1.343772e-05 -1.665303e-03 -8.489026e-03 -1.332088e-05 1.000000e+00 7.014642e-05 -1.340736e-01 1.665295e-03 -7.012358e-05 9.999985e-01 3.511129e+00
9.999987e-01 -1.080664e-04 1.634390e-03 -1.291250e-02 1.083211e-04 1.000000e+00 -1.557185e-04 -1.381022e-01 -1.634382e-03 1.558959e-04 9.999986e-01 3.626835e+00
9.999980e-01 2.993075e-05 -2.007995e-03 -2.855939e-02 -2.975675e-05 1.000000e+00 8.666324e-05 -1.419328e-01 2.007990e-03 -8.660277e-05 9.999979e-01 3.736238e+00
9.999986e-01 -1.634159e-04 1.692542e-03 -5.412482e-02 1.637070e-04 1.000000e+00 -1.718330e-04 -1.455248e-01 -1.692523e-03 1.721104e-04 9.999985e-01 3.839517e+00
9.999985e-01 4.169396e-05 -1.739961e-03 -7.138463e-02 -4.155839e-05 1.000000e+00 7.792988e-05 -1.492722e-01 1.739956e-03 -7.785692e-05 9.999984e-01 3.948910e+00
9.999985e-01 -9.005187e-05 1.754030e-03 -6.191249e-02 9.034745e-05 1.000000e+00 -1.684080e-04 -1.535649e-01 -1.754023e-03 1.685667e-04 9.999983e-01 4.066285e+00
9.999987e-01 4.867079e-05 -1.605034e-03 -5.070745e-02 -4.857547e-05 1.000000e+00 5.940140e-05 -1.578003e-01 1.605029e-03 -5.932285e-05 9.999986e-01 4.176128e+00
9.999979e-01 -9.968499e-05 2.059662e-03 -3.841276e-02 1.000442e-04 1.000000e+00 -1.743003e-04 -1.621046e-01 -2.059652e-03 1.745065e-04 9.999978e-01 4.289955e+00
9.999987e-01 6.227766e-05 -1.637051e-03 -1.112334e-02 -6.219384e-05 1.000000e+00 5.123362e-05 -1.666389e-01 1.637046e-03 -5.113125e-05 9.999986e-01 4.409939e+00
9.999992e-01 -6.659720e-05 1.283926e-03 -8.319577e-03 6.674397e-05 1.000000e+00 -1.142343e-04 -1.708496e-01 -1.283927e-03 1.143204e-04 9.999991e-01 4.518925e+00
9.999974e-01 1.377479e-05 -2.295714e-03 2.906231e-03 -1.355259e-05 1.000000e+00 9.678926e-05 -1.752628e-01 2.295706e-03 -9.675741e-05 9.999973e-01 4.636490e+00
1.000000e+00 9.803742e-05 2.583380e-04 3.713915e-02 -9.801656e-05 1.000000e+00 -8.061617e-05 -1.802280e-01 -2.583545e-04 8.059133e-05 9.999999e-01 4.749195e+00
9.999987e-01 -1.447229e-04 -1.635121e-03 4.713868e-02 1.448327e-04 1.000000e+00 6.697962e-05 -1.846112e-01 1.635102e-03 -6.721587e-05 9.999986e-01 4.851561e+00
9.999992e-01 1.491265e-04 1.255878e-03 9.397778e-02 -1.489848e-04 1.000000e+00 -1.128154e-04 -1.891853e-01 -1.255904e-03 1.126287e-04 9.999991e-01 4.941796e+00
9.999988e-01 -1.638964e-04 -1.509971e-03 1.209770e-01 1.639282e-04 1.000000e+00 2.090202e-05 -1.934339e-01 1.509959e-03 -2.114905e-05 9.999988e-01 5.023212e+00
9.999994e-01 1.024030e-04 1.125828e-03 1.344005e-01 -1.023150e-04 1.000000e+00 -7.823619e-05 -1.978006e-01 -1.125845e-03 7.812141e-05 9.999993e-01 5.141921e+00
9.999807e-01 -1.618283e-05 -6.209202e-03 1.386518e-01 1.730619e-05 1.000000e+00 1.808586e-04 -2.025224e-01 6.209190e-03 -1.809621e-04 9.999806e-01 5.263933e+00
9.998349e-01 7.755503e-04 -1.815443e-02 1.487836e-01 -7.648388e-04 9.999995e-01 5.969554e-04 -2.047051e-01 1.815487e-02 -5.829711e-04 9.998349e-01 5.342201e+00
9.999995e-01 -6.118840e-04 -7.379456e-04 1.589360e-01 6.123770e-04 9.999996e-01 6.679772e-04 -2.097070e-01 7.375230e-04 -6.684281e-04 9.999994e-01 5.532723e+00
9.998501e-01 7.116964e-04 -1.729843e-02 1.925992e-01 -6.926732e-04 9.999991e-01 1.105671e-03 -2.162757e-01 1.729919e-02 -1.093522e-03 9.998497e-01 5.824304e+00
9.999674e-01 -3.444201e-04 -8.068537e-03 2.335852e-01 3.552210e-04 9.999990e-01 1.337239e-03 -2.227927e-01 8.068051e-03 -1.340060e-03 9.999665e-01 6.148280e+00
9.999219e-01 5.925143e-04 -1.248291e-02 3.026297e-01 -5.790595e-04 9.999992e-01 1.081427e-03 -2.300384e-01 1.248352e-02 -1.074112e-03 9.999214e-01 6.477808e+00
9.994783e-01 6.814935e-04 -3.228918e-02 3.923832e-01 -5.866121e-04 9.999955e-01 2.947866e-03 -2.357699e-01 3.229102e-02 -2.927385e-03 9.994741e-01 6.854948e+00
9.993256e-01 1.362396e-03 -3.669450e-02 4.015521e-01 -1.330018e-03 9.999987e-01 9.067357e-04 -2.366515e-01 3.669566e-02 -8.573178e-04 9.993260e-01 7.162098e+00
9.986531e-01 1.041976e-03 -5.187443e-02 3.557557e-01 -8.861281e-04 9.999950e-01 3.027228e-03 -2.336821e-01 5.187728e-02 -2.977180e-03 9.986489e-01 7.383416e+00
9.988775e-01 1.813380e-03 -4.733337e-02 3.034207e-01 -1.755606e-03 9.999977e-01 1.262097e-03 -2.290614e-01 4.733550e-02 -1.177579e-03 9.988783e-01 7.572168e+00
9.991506e-01 6.965904e-04 -4.120088e-02 3.535514e-01 -5.337036e-04 9.999920e-01 3.964328e-03 -2.290903e-01 4.120326e-02 -3.938969e-03 9.991429e-01 7.856023e+00
9.993158e-01 1.810632e-03 -3.694016e-02 4.484510e-01 -1.759951e-03 9.999975e-01 1.404422e-03 -2.310130e-01 3.694255e-02 -1.338445e-03 9.993164e-01 8.191899e+00
9.993693e-01 5.226960e-04 -3.550621e-02 5.323395e-01 -4.044140e-04 9.999943e-01 3.338367e-03 -2.328931e-01 3.550769e-02 -3.321899e-03 9.993638e-01 8.506789e+00
9.989337e-01 1.987672e-03 -4.612437e-02 5.484810e-01 -1.945779e-03 9.999977e-01 9.530934e-04 -2.319139e-01 4.612608e-02 -8.623254e-04 9.989352e-01 8.761840e+00
9.992091e-01 4.294854e-04 -3.976185e-02 5.291214e-01 -3.096496e-04 9.999954e-01 3.019903e-03 -2.294625e-01 3.976289e-02 -3.005198e-03 9.992045e-01 8.965260e+00
9.992981e-01 1.952097e-03 -3.740910e-02 5.102874e-01 -1.951643e-03 9.999981e-01 4.860733e-05 -2.260144e-01 3.740904e-02 2.444007e-05 9.993000e-01 9.050384e+00
9.999914e-01 -1.025081e-03 -4.010133e-03 5.219016e-01 1.034261e-03 9.999968e-01 2.287155e-03 -2.287740e-01 4.007690e-03 -2.291278e-03 9.999893e-01 9.208955e+00
9.991075e-01 2.470182e-03 -4.216662e-02 5.260661e-01 -2.491435e-03 9.999968e-01 -4.515422e-04 -2.290413e-01 4.216528e-02 5.561987e-04 9.991104e-01 9.341911e+00
9.997920e-01 -6.040743e-04 -2.038572e-02 5.116496e-01 6.532889e-04 9.999969e-01 2.407470e-03 -2.258950e-01 2.038411e-02 -2.420283e-03 9.997892e-01 9.337902e+00
9.992227e-01 2.502471e-03 -3.934115e-02 5.034860e-01 -2.524808e-03 9.999967e-01 -5.181723e-04 -2.229206e-01 3.933963e-02 6.171025e-04 9.992256e-01 9.330713e+00
9.998882e-01 -9.082857e-04 -1.491981e-02 4.912980e-01 9.421118e-04 9.999970e-01 2.260133e-03 -2.210430e-01 1.491762e-02 -2.273933e-03 9.998861e-01 9.351030e+00
9.990294e-01 2.750724e-03 -4.396162e-02 4.736239e-01 -2.765650e-03 9.999961e-01 -2.787566e-04 -2.185889e-01 4.396058e-02 4.000725e-04 9.990331e-01 9.384411e+00
9.999988e-01 -1.458975e-03 -3.756056e-04 4.657775e-01 1.459637e-03 9.999974e-01 1.759344e-03 -2.181172e-01 3.729401e-04 -1.759886e-03 9.999983e-01 9.407105e+00
9.993724e-01 2.563009e-03 -3.532841e-02 4.644108e-01 -2.581658e-03 9.999966e-01 -4.823609e-04 -2.189453e-01 3.532695e-02 5.732680e-04 9.993756e-01 9.497702e+00
9.999858e-01 -1.403646e-03 -5.138138e-03 4.532782e-01 1.413430e-03 9.999972e-01 1.900438e-03 -2.193360e-01 5.135357e-03 -1.907669e-03 9.999849e-01 9.575821e+00
9.999303e-01 1.935927e-03 -1.164482e-02 4.569231e-01 -1.950784e-03 9.999973e-01 -1.264878e-03 -2.229712e-01 1.164224e-02 1.287510e-03 9.999313e-01 9.669960e+00
9.997651e-01 -2.187129e-03 2.156256e-02 4.706700e-01 2.169353e-03 9.999973e-01 8.479156e-04 -2.260838e-01 -2.156445e-02 -8.009357e-04 9.997671e-01 9.769182e+00
9.999369e-01 1.881527e-03 -1.106802e-02 4.800304e-01 -1.895996e-03 9.999974e-01 -1.297295e-03 -2.290677e-01 1.106545e-02 1.318202e-03 9.999378e-01 9.861343e+00
9.998518e-01 -1.919419e-03 1.710758e-02 4.804827e-01 1.903225e-03 9.999977e-01 9.630141e-04 -2.326927e-01 -1.710949e-02 -9.303078e-04 9.998531e-01 9.966164e+00
9.998949e-01 1.957861e-03 -1.436119e-02 4.790476e-01 -1.974950e-03 9.999974e-01 -1.176088e-03 -2.366008e-01 1.435875e-02 1.204331e-03 9.998961e-01 1.007442e+01
9.997089e-01 -2.079248e-03 2.403735e-02 4.872358e-01 2.062581e-03 9.999976e-01 7.183155e-04 -2.397466e-01 -2.403889e-02 -6.685235e-04 9.997107e-01 1.016977e+01
9.998757e-01 1.930744e-03 -1.564760e-02 4.954196e-01 -1.948408e-03 9.999975e-01 -1.113856e-03 -2.431146e-01 1.564532e-02 1.144210e-03 9.998769e-01 1.026627e+01
9.998300e-01 -1.893312e-03 1.833844e-02 4.935559e-01 1.876729e-03 9.999978e-01 9.215919e-04 -2.469074e-01 -1.834025e-02 -8.870151e-04 9.998314e-01 1.036044e+01
9.998843e-01 1.934767e-03 -1.508384e-02 4.906564e-01 -1.952330e-03 9.999974e-01 -1.149951e-03 -2.506704e-01 1.508148e-02 1.179270e-03 9.998855e-01 1.045699e+01
9.997756e-01 -1.934421e-03 2.109177e-02 4.962806e-01 1.917207e-03 9.999978e-01 8.365123e-04 -2.542436e-01 -2.109344e-02 -7.958834e-04 9.997771e-01 1.055728e+01
9.999361e-01 1.758205e-03 -1.116474e-02 5.018445e-01 -1.773048e-03 9.999976e-01 -1.319945e-03 -2.569989e-01 1.116230e-02 1.339660e-03 9.999367e-01 1.063511e+01
9.995880e-01 -2.295942e-03 2.860773e-02 5.199639e-01 2.278123e-03 9.999972e-01 6.555562e-04 -2.591577e-01 -2.860925e-02 -5.901103e-04 9.995904e-01 1.071554e+01
9.998751e-01 1.857549e-03 -1.569565e-02 5.364913e-01 -1.875757e-03 9.999976e-01 -1.145629e-03 -2.619436e-01 1.569338e-02 1.174931e-03 9.998761e-01 1.080135e+01
9.999337e-01 -1.801838e-03 1.136967e-02 5.307210e-01 1.787457e-03 9.999976e-01 1.275236e-03 -2.662658e-01 -1.137203e-02 -1.254825e-03 9.999345e-01 1.090771e+01
9.997381e-01 2.067329e-03 -2.279126e-02 5.343748e-01 -2.085715e-03 9.999975e-01 -7.831267e-04 -2.704437e-01 2.278949e-02 8.304615e-04 9.997399e-01 1.103399e+01
9.999513e-01 -1.826450e-03 9.698280e-03 5.357315e-01 1.813476e-03 9.999974e-01 1.346702e-03 -2.746804e-01 -9.700813e-03 -1.329045e-03 9.999520e-01 1.116323e+01
9.995833e-01 2.349632e-03 -2.876739e-02 5.368214e-01 -2.366501e-03 9.999970e-01 -5.524859e-04 -2.781095e-01 2.876591e-02 6.203376e-04 9.995859e-01 1.130035e+01
9.999492e-01 -1.847100e-03 9.902478e-03 5.419233e-01 1.834649e-03 9.999975e-01 1.266667e-03 -2.813988e-01 -9.904892e-03 -1.248431e-03 9.999501e-01 1.139297e+01
9.998653e-01 2.123812e-03 -1.627309e-02 6.188117e-01 -2.139038e-03 9.999973e-01 -9.184608e-04 -2.858100e-01 1.627100e-02 9.531496e-04 9.998671e-01 1.145294e+01
9.999119e-01 -1.922012e-03 1.312948e-02 7.076147e-01 1.907906e-03 9.999976e-01 1.087055e-03 -2.900370e-01 -1.313164e-02 -1.061906e-03 9.999132e-01 1.149573e+01
9.998526e-01 1.881904e-03 -1.706368e-02 6.932747e-01 -1.899694e-03 9.999977e-01 -1.026625e-03 -2.943529e-01 1.706161e-02 1.058893e-03 9.998538e-01 1.160011e+01
9.999549e-01 -1.884863e-03 9.303966e-03 6.801032e-01 1.873348e-03 9.999975e-01 1.246625e-03 -2.986993e-01 -9.306391e-03 -1.229136e-03 9.999559e-01 1.171922e+01
9.998565e-01 1.861272e-03 -1.683624e-02 6.668935e-01 -1.877873e-03 9.999978e-01 -9.705270e-04 -3.031884e-01 1.683429e-02 1.002008e-03 9.998577e-01 1.184764e+01
9.998977e-01 -2.031628e-03 1.415585e-02 6.438485e-01 2.016821e-03 9.999974e-01 1.060462e-03 -3.071577e-01 -1.415807e-02 -1.031800e-03 9.998992e-01 1.196598e+01
9.998606e-01 1.818259e-03 -1.659778e-02 6.181239e-01 -1.834488e-03 9.999979e-01 -9.627792e-04 -3.109877e-01 1.659589e-02 9.930972e-04 9.998617e-01 1.208479e+01
9.998805e-01 -2.047723e-03 1.532066e-02 5.841720e-01 2.032922e-03 9.999975e-01 9.818657e-04 -3.144755e-01 -1.532273e-02 -9.505988e-04 9.998821e-01 1.219361e+01
9.998684e-01 1.818704e-03 -1.612012e-02 5.521089e-01 -1.835068e-03 9.999978e-01 -1.000613e-03 -3.179484e-01 1.611816e-02 1.030066e-03 9.998695e-01 1.230229e+01
9.998741e-01 -2.038997e-03 1.573170e-02 5.162253e-01 2.024461e-03 9.999975e-01 9.400575e-04 -3.212636e-01 -1.573368e-02 -9.080871e-04 9.998758e-01 1.240211e+01
9.998637e-01 1.838560e-03 -1.640308e-02 4.847515e-01 -1.854763e-03 9.999978e-01 -9.728503e-04 -3.247226e-01 1.640116e-02 1.003145e-03 9.998649e-01 1.250384e+01
9.998743e-01 -2.054040e-03 1.571880e-02 4.507724e-01 2.039609e-03 9.999975e-01 9.342587e-04 -3.281293e-01 -1.572078e-02 -9.020772e-04 9.998760e-01 1.260540e+01
9.998627e-01 1.860373e-03 -1.646526e-02 4.198074e-01 -1.876746e-03 9.999978e-01 -9.792496e-04 -3.315997e-01 1.646330e-02 1.010020e-03 9.998639e-01 1.269930e+01
9.998842e-01 -2.044034e-03 1.507839e-02 3.910851e-01 2.029631e-03 9.999975e-01 9.706887e-04 -3.352201e-01 -1.508044e-02 -9.399689e-04 9.998858e-01 1.279726e+01
9.998782e-01 1.863979e-03 -1.549091e-02 3.601421e-01 -1.880200e-03 9.999977e-01 -1.032884e-03 -3.386886e-01 1.548885e-02 1.061888e-03 9.998794e-01 1.288887e+01
9.998749e-01 -2.035954e-03 1.568323e-02 3.296337e-01 2.021739e-03 9.999975e-01 9.224501e-04 -3.421029e-01 -1.568517e-02 -8.906234e-04 9.998765e-01 1.297959e+01
9.998887e-01 1.914722e-03 -1.479465e-02 3.022544e-01 -1.930664e-03 9.999976e-01 -1.063592e-03 -3.455142e-01 1.479248e-02 1.092041e-03 9.998899e-01 1.306748e+01
9.998265e-01 -1.879934e-03 1.853057e-02 2.867499e-01 1.865449e-03 9.999979e-01 7.991193e-04 -3.489292e-01 -1.853213e-02 -7.644089e-04 9.998279e-01 1.315568e+01
9.998918e-01 1.889304e-03 -1.458576e-02 2.746701e-01 -1.905359e-03 9.999976e-01 -1.087128e-03 -3.524686e-01 1.458357e-02 1.114806e-03 9.998930e-01 1.325070e+01
9.998289e-01 -1.906124e-03 1.839616e-02 2.599839e-01 1.891387e-03 9.999979e-01 8.186369e-04 -3.559920e-01 -1.839778e-02 -7.836988e-04 9.998304e-01 1.334834e+01
9.998676e-01 1.884897e-03 -1.616303e-02 2.421792e-01 -1.901826e-03 9.999977e-01 -1.032283e-03 -3.595390e-01 1.616095e-02 1.062890e-03 9.998688e-01 1.344153e+01
9.997228e-01 -1.894898e-03 2.346420e-02 2.389026e-01 1.880723e-03 9.999980e-01 6.262970e-04 -3.628394e-01 -2.346544e-02 -5.819899e-04 9.997244e-01 1.353977e+01
9.998230e-01 1.887982e-03 -1.871543e-02 2.269121e-01 -1.905979e-03 9.999977e-01 -9.440184e-04 -3.663093e-01 1.871351e-02 9.795263e-04 9.998243e-01 1.363771e+01
9.997080e-01 -1.872763e-03 2.409142e-02 2.174189e-01 1.858757e-03 9.999981e-01 6.038973e-04 -3.697857e-01 -2.409260e-02 -5.589371e-04 9.997095e-01 1.373589e+01
9.997558e-01 1.857256e-03 -2.201904e-02 2.014031e-01 -1.875267e-03 9.999979e-01 -7.974610e-04 -3.733955e-01 2.201741e-02 8.385616e-04 9.997572e-01 1.383214e+01
9.996245e-01 -1.849599e-03 2.733664e-02 1.919558e-01 1.837417e-03 9.999982e-01 4.708427e-04 -3.768302e-01 -2.733756e-02 -4.204333e-04 9.996261e-01 1.393086e+01
9.996853e-01 1.835346e-03 -2.501649e-02 1.763178e-01 -1.852635e-03 9.999981e-01 -6.680612e-04 -3.804121e-01 2.501512e-02 7.142011e-04 9.996868e-01 1.402617e+01
9.996121e-01 -1.842395e-03 2.778825e-02 1.626451e-01 1.830379e-03 9.999982e-01 4.579407e-04 -3.840093e-01 -2.778915e-02 -4.068963e-04 9.996137e-01 1.412451e+01
9.996715e-01 1.827228e-03 -2.556385e-02 1.496624e-01 -1.843918e-03 9.999981e-01 -6.294559e-04 -3.876918e-01 2.556255e-02 6.763905e-04 9.996729e-01 1.422684e+01
9.994951e-01 -1.818373e-03 3.171930e-02 1.453433e-01 1.810288e-03 9.999983e-01 2.837138e-04 -3.911040e-01 -3.171986e-02 -2.261458e-04 9.994967e-01 1.432663e+01
9.996670e-01 1.760704e-03 -2.574422e-02 1.340572e-01 -1.777370e-03 9.999982e-01 -6.246178e-04 -3.945469e-01 2.574297e-02 6.701704e-04 9.996683e-01 1.442714e+01
9.996650e-01 -1.952722e-03 2.580666e-02 1.047264e-01 1.939242e-03 9.999980e-01 5.474799e-04 -3.979884e-01 -2.580778e-02 -4.972474e-04 9.996667e-01 1.452593e+01
9.996444e-01 1.741360e-03 -2.660643e-02 7.995157e-02 -1.756325e-03 9.999983e-01 -5.392205e-04 -4.016484e-01 2.660535e-02 5.857620e-04 9.996458e-01 1.464167e+01
9.996565e-01 -1.896785e-03 2.613764e-02 5.720568e-02 1.884081e-03 9.999981e-01 5.107857e-04 -4.053667e-01 -2.613866e-02 -4.613611e-04 9.996582e-01 1.475187e+01
9.997720e-01 1.890832e-03 -2.126832e-02 4.933961e-02 -1.908934e-03 9.999978e-01 -8.309887e-04 -4.088974e-01 2.126660e-02 8.714027e-04 9.997734e-01 1.485465e+01
9.996661e-01 -1.860997e-03 2.577262e-02 4.662733e-02 1.847755e-03 9.999981e-01 5.377205e-04 -4.126650e-01 -2.577367e-02 -4.899158e-04 9.996676e-01 1.496788e+01
9.997780e-01 1.849735e-03 -2.098742e-02 4.254347e-02 -1.867729e-03 9.999979e-01 -8.379503e-04 -4.163321e-01 2.098573e-02 8.769667e-04 9.997793e-01 1.507849e+01
9.996803e-01 -1.855454e-03 2.521257e-02 3.616904e-02 1.841490e-03 9.999981e-01 5.771682e-04 -4.199853e-01 -2.521369e-02 -5.305513e-04 9.996819e-01 1.518497e+01
9.996545e-01 1.692622e-03 -2.622731e-02 1.653029e-02 -1.708214e-03 9.999984e-01 -5.721920e-04 -4.237893e-01 2.622620e-02 6.167998e-04 9.996558e-01 1.529218e+01
9.996325e-01 -1.717530e-03 2.705214e-02 3.092464e-03 1.704564e-03 9.999984e-01 5.024796e-04 -4.276201e-01 -2.705306e-02 -4.561792e-04 9.996338e-01 1.539419e+01
9.996725e-01 1.642273e-03 -2.553724e-02 -1.307157e-02 -1.659593e-03 9.999984e-01 -6.571675e-04 -4.312668e-01 2.553602e-02 6.993373e-04 9.996736e-01 1.549804e+01
9.995473e-01 -1.599573e-03 3.004110e-02 -6.170619e-03 1.589654e-03 9.999987e-01 3.541840e-04 -4.352986e-01 -3.004173e-02 -3.062650e-04 9.995485e-01 1.561978e+01
9.997133e-01 1.632103e-03 -2.388646e-02 4.163964e-03 -1.650447e-03 9.999984e-01 -7.483769e-04 -4.391307e-01 2.388510e-02 7.875892e-04 9.997143e-01 1.573750e+01
9.995993e-01 -1.613352e-03 2.825977e-02 -1.284843e-03 1.600868e-03 9.999986e-01 4.644780e-04 -4.428908e-01 -2.826058e-02 -4.190481e-04 9.996004e-01 1.584504e+01
9.996695e-01 1.606689e-03 -2.565668e-02 -1.059771e-02 -1.624384e-03 9.999985e-01 -6.689618e-04 -4.466613e-01 2.565547e-02 7.104206e-04 9.996705e-01 1.595071e+01
9.996314e-01 -1.673193e-03 2.709764e-02 -2.383883e-02 1.659593e-03 9.999985e-01 5.244903e-04 -4.503915e-01 -2.709858e-02 -4.793223e-04 9.996326e-01 1.605866e+01
9.996901e-01 1.679262e-03 -2.483419e-02 -3.144204e-02 -1.697344e-03 9.999983e-01 -7.071804e-04 -4.542015e-01 2.483287e-02 7.491170e-04 9.996913e-01 1.616669e+01
9.996689e-01 -1.790040e-03 2.566732e-02 -5.004211e-02 1.775353e-03 9.999982e-01 5.950647e-04 -4.578416e-01 -2.566844e-02 -5.492955e-04 9.996703e-01 1.626882e+01
9.996987e-01 1.716687e-03 -2.448640e-02 -6.344579e-02 -1.734864e-03 9.999982e-01 -7.211958e-04 -4.615958e-01 2.448502e-02 7.634626e-04 9.996998e-01 1.637694e+01
9.996248e-01 -1.718000e-03 2.733516e-02 -6.789649e-02 1.704637e-03 9.999984e-01 5.122408e-04 -4.654808e-01 -2.733610e-02 -4.654485e-04 9.996261e-01 1.649268e+01
9.997630e-01 1.732406e-03 -2.169805e-02 -6.642531e-02 -1.751698e-03 9.999981e-01 -8.702508e-04 -4.693644e-01 2.169640e-02 9.080565e-04 9.997641e-01 1.661634e+01
9.997284e-01 -1.785043e-03 2.323469e-02 -8.071470e-02 1.768933e-03 9.999982e-01 7.140125e-04 -4.730703e-01 -2.323602e-02 -6.727145e-04 9.997297e-01 1.671839e+01
9.997587e-01 1.749872e-03 -2.189747e-02 -9.369322e-02 -1.768820e-03 9.999981e-01 -8.460793e-04 -4.768563e-01 2.189585e-02 8.846113e-04 9.997598e-01 1.681462e+01
9.997290e-01 -1.776992e-03 2.320905e-02 -1.021477e-01 1.760907e-03 9.999982e-01 7.136018e-04 -4.806913e-01 -2.321037e-02 -6.725359e-04 9.997303e-01 1.691127e+01
9.998179e-01 1.809623e-03 -1.899519e-02 -1.073594e-01 -1.828884e-03 9.999978e-01 -9.968415e-04 -4.844111e-01 1.899325e-02 1.031403e-03 9.998190e-01 1.701068e+01
9.996760e-01 -1.770866e-03 2.538940e-02 -1.126970e-01 1.756169e-03 9.999983e-01 6.012407e-04 -4.879094e-01 -2.539052e-02 -5.564543e-04 9.996774e-01 1.711251e+01
9.997284e-01 1.739425e-03 -2.323891e-02 -1.247700e-01 -1.758050e-03 9.999981e-01 -7.811815e-04 -4.915794e-01 2.323741e-02 8.218279e-04 9.997296e-01 1.720702e+01
9.996380e-01 -1.697017e-03 2.685152e-02 -1.326921e-01 1.683359e-03 9.999984e-01 5.313525e-04 -4.953434e-01 -2.685248e-02 -4.859560e-04 9.996392e-01 1.730708e+01
9.998407e-01 1.674131e-03 -1.777020e-02 -1.323810e-01 -1.693535e-03 9.999980e-01 -1.077109e-03 -4.987707e-01 1.776826e-02 1.107035e-03 9.998415e-01 1.741665e+01
9.995478e-01 -1.777480e-03 3.001584e-02 -1.276936e-01 1.765438e-03 9.999984e-01 4.277799e-04 -5.018508e-01 -3.001665e-02 -3.745919e-04 9.995493e-01 1.752253e+01
9.997979e-01 1.769585e-03 -2.002442e-02 -1.226693e-01 -1.790610e-03 9.999979e-01 -1.032218e-03 -5.053788e-01 2.002246e-02 1.067868e-03 9.997989e-01 1.763925e+01
9.995768e-01 -1.712238e-03 2.903970e-02 -1.206132e-01 1.698801e-03 9.999984e-01 4.874413e-04 -5.088491e-01 -2.904058e-02 -4.378990e-04 9.995781e-01 1.774934e+01
9.998167e-01 1.676121e-03 -1.907109e-02 -1.169601e-01 -1.696810e-03 9.999980e-01 -1.068826e-03 -5.122314e-01 1.906917e-02 1.100994e-03 9.998175e-01 1.785886e+01
9.996286e-01 -1.686848e-03 2.719689e-02 -1.173562e-01 1.670678e-03 9.999984e-01 6.173424e-04 -5.157201e-01 -2.719798e-02 -5.716726e-04 9.996298e-01 1.796449e+01
9.997073e-01 1.702785e-03 -2.413353e-02 -1.288159e-01 -1.723681e-03 9.999982e-01 -8.451712e-04 -5.193867e-01 2.413195e-02 8.865255e-04 9.997083e-01 1.805850e+01
9.995059e-01 -1.651549e-03 3.138831e-02 -1.276275e-01 1.639426e-03 9.999986e-01 4.120419e-04 -5.229398e-01 -3.138904e-02 -3.603762e-04 9.995071e-01 1.816286e+01
9.997422e-01 1.629401e-03 -2.264595e-02 -1.285207e-01 -1.651007e-03 9.999982e-01 -9.354994e-04 -5.264984e-01 2.264429e-02 9.726501e-04 9.997430e-01 1.827680e+01
9.995796e-01 -1.583740e-03 2.895031e-02 -1.308379e-01 1.568977e-03 9.999986e-01 5.327223e-04 -5.302589e-01 -2.895121e-02 -4.870728e-04 9.995806e-01 1.839072e+01
9.996361e-01 1.548719e-03 -2.692776e-02 -1.415699e-01 -1.568310e-03 9.999985e-01 -7.065162e-04 -5.340204e-01 2.692653e-02 7.484934e-04 9.996371e-01 1.849128e+01
9.995471e-01 -1.515163e-03 3.005521e-02 -1.474323e-01 1.501419e-03 9.999988e-01 4.799124e-04 -5.378979e-01 -3.005599e-02 -4.345664e-04 9.995481e-01 1.859519e+01
9.996626e-01 1.544077e-03 -2.592761e-02 -1.494364e-01 -1.564429e-03 9.999985e-01 -7.647688e-04 -5.418385e-01 2.592629e-02 8.050758e-04 9.996635e-01 1.870855e+01
9.995783e-01 -1.511683e-03 2.899718e-02 -1.530551e-01 1.496434e-03 9.999987e-01 5.476502e-04 -5.457729e-01 -2.899806e-02 -5.040238e-04 9.995793e-01 1.881763e+01
9.996764e-01 1.543435e-03 -2.539165e-02 -1.569342e-01 -1.564356e-03 9.999985e-01 -8.041960e-04 -5.496728e-01 2.539028e-02 8.436604e-04 9.996772e-01 1.892614e+01
9.996062e-01 -1.540700e-03 2.801700e-02 -1.658767e-01 1.524063e-03 9.999986e-01 6.152261e-04 -5.534449e-01 -2.801800e-02 -5.722811e-04 9.996072e-01 1.902836e+01
9.996457e-01 1.473619e-03 -2.657560e-02 -1.796296e-01 -1.494201e-03 9.999986e-01 -7.546888e-04 -5.572260e-01 2.657435e-02 7.941337e-04 9.996465e-01 1.912935e+01
9.996056e-01 -1.546032e-03 2.804000e-02 -1.912755e-01 1.529289e-03 9.999986e-01 6.186272e-04 -5.610589e-01 -2.804101e-02 -5.754989e-04 9.996065e-01 1.923662e+01
9.996959e-01 1.567119e-03 -2.460920e-02 -1.963571e-01 -1.588939e-03 9.999984e-01 -8.671984e-04 -5.649359e-01 2.460771e-02 9.060402e-04 9.996967e-01 1.934416e+01
9.995598e-01 -1.508562e-03 2.962733e-02 -1.964098e-01 1.493342e-03 9.999987e-01 5.359210e-04 -5.689001e-01 -2.962819e-02 -4.914384e-04 9.995608e-01 1.945995e+01
9.997156e-01 1.550039e-03 -2.379521e-02 -1.974197e-01 -1.572311e-03 9.999983e-01 -9.173582e-04 -5.726275e-01 2.379366e-02 9.545137e-04 9.997164e-01 1.957031e+01
9.994516e-01 -1.534667e-03 3.307558e-02 -1.984689e-01 1.522656e-03 9.999988e-01 3.883800e-04 -5.759130e-01 -3.307623e-02 -3.378013e-04 9.994527e-01 1.967485e+01
9.999097e-01 1.045940e-03 -1.339760e-02 -1.876533e-01 -1.063851e-03 9.999985e-01 -1.329993e-03 -5.780431e-01 1.339610e-02 1.344129e-03 9.999093e-01 1.977773e+01
9.993603e-01 -1.708274e-03 3.572228e-02 -1.762035e-01 1.697423e-03 9.999985e-01 3.341612e-04 -5.799951e-01 -3.572289e-02 -2.733087e-04 9.993616e-01 1.988534e+01
9.997636e-01 1.471667e-03 -2.169196e-02 -1.663031e-01 -1.494946e-03 9.999983e-01 -1.057095e-03 -5.832078e-01 2.169028e-02 1.089276e-03 9.997641e-01 2.000488e+01
9.992723e-01 -1.714726e-03 3.810419e-02 -1.544164e-01 1.706918e-03 9.999985e-01 2.375015e-04 -5.859072e-01 -3.810463e-02 -1.722850e-04 9.992737e-01 2.011624e+01
9.999510e-01 7.002534e-04 -9.874026e-03 -1.434882e-01 -7.145492e-04 9.999987e-01 -1.444556e-03 -5.867635e-01 9.872913e-03 1.451544e-03 9.999501e-01 2.021172e+01
9.992775e-01 -1.669558e-03 3.796777e-02 -1.313369e-01 1.661126e-03 9.999986e-01 2.536875e-04 -5.877469e-01 -3.796823e-02 -1.904321e-04 9.992789e-01 2.031061e+01
9.999464e-01 6.329942e-04 -1.033327e-02 -1.182957e-01 -6.479093e-04 9.999988e-01 -1.440282e-03 -5.889743e-01 1.033226e-02 1.446902e-03 9.999455e-01 2.041894e+01
9.994194e-01 -1.414815e-03 3.404011e-02 -1.050214e-01 1.402234e-03 9.999989e-01 3.935112e-04 -5.908211e-01 -3.404072e-02 -3.455478e-04 9.994203e-01 2.053276e+01
9.999244e-01 7.532945e-04 -1.227404e-02 -9.377093e-02 -7.704922e-04 9.999987e-01 -1.396595e-03 -5.928324e-01 1.227289e-02 1.405949e-03 9.999236e-01 2.064192e+01
9.992983e-01 -1.555895e-03 3.742353e-02 -8.206016e-02 1.545404e-03 9.999988e-01 3.092884e-04 -5.942298e-01 -3.742405e-02 -2.512342e-04 9.992994e-01 2.074268e+01
9.999347e-01 6.517370e-04 -1.140418e-02 -6.956207e-02 -6.682192e-04 9.999987e-01 -1.441658e-03 -5.954464e-01 1.140314e-02 1.449187e-03 9.999339e-01 2.084195e+01
9.992868e-01 -1.549756e-03 3.772886e-02 -5.651992e-02 1.538716e-03 9.999988e-01 3.216778e-04 -5.967180e-01 -3.772939e-02 -2.633917e-04 9.992879e-01 2.094246e+01
9.999338e-01 6.034037e-04 -1.148745e-02 -4.207089e-02 -6.200963e-04 9.999988e-01 -1.449721e-03 -5.979952e-01 1.148648e-02 1.456751e-03 9.999329e-01 2.104431e+01
9.994505e-01 -1.249783e-03 3.312111e-02 -2.726506e-02 1.235261e-03 9.999991e-01 4.589551e-04 -6.001120e-01 -3.312174e-02 -4.177872e-04 9.994512e-01 2.115865e+01
9.999606e-01 4.363453e-04 -8.860981e-03 -1.395507e-02 -4.500894e-04 9.999987e-01 -1.549281e-03 -6.017339e-01 8.860218e-03 1.553210e-03 9.999595e-01 2.126654e+01
9.993749e-01 -1.311610e-03 3.532851e-02 -1.133231e-03 1.298988e-03 9.999991e-01 3.802630e-04 -6.030284e-01 -3.532905e-02 -3.341315e-04 9.993756e-01 2.137244e+01
9.998559e-01 8.654598e-04 -1.695085e-02 1.357202e-02 -8.878892e-04 9.999987e-01 -1.315781e-03 -6.056810e-01 1.694961e-02 1.330644e-03 9.998554e-01 2.149683e+01
9.996421e-01 -8.298373e-04 2.673925e-02 3.428114e-02 8.119225e-04 9.999994e-01 6.808683e-04 -6.096747e-01 -2.673987e-02 -6.589121e-04 9.996421e-01 2.163371e+01
9.999367e-01 6.236157e-04 -1.123074e-02 5.128250e-02 -6.411377e-04 9.999986e-01 -1.556734e-03 -6.126239e-01 1.122968e-02 1.563838e-03 9.999356e-01 2.175480e+01
9.996254e-01 -9.037913e-04 2.735429e-02 6.704989e-02 8.854577e-04 9.999994e-01 6.823662e-04 -6.157662e-01 -2.735496e-02 -6.578873e-04 9.996255e-01 2.188678e+01
9.999991e-01 5.890217e-05 -1.321863e-03 8.199442e-02 -6.139390e-05 9.999982e-01 -1.885730e-03 -6.170856e-01 1.321683e-03 1.885811e-03 9.999973e-01 2.199743e+01
9.993292e-01 -1.417796e-03 3.659490e-02 9.808285e-02 1.404100e-03 9.999989e-01 3.999948e-04 -6.171295e-01 -3.659549e-02 -3.483415e-04 9.993300e-01 2.210311e+01
9.999695e-01 2.306772e-04 -7.809442e-03 1.242346e-01 -2.435596e-04 9.999986e-01 -1.648781e-03 -6.185399e-01 7.808989e-03 1.650634e-03 9.999681e-01 2.222966e+01
9.993703e-01 -1.136626e-03 3.546310e-02 1.448996e-01 1.123534e-03 9.999993e-01 3.891111e-04 -6.196472e-01 -3.546358e-02 -3.490201e-04 9.993708e-01 2.234212e+01
9.999823e-01 4.658635e-05 -5.945577e-03 1.590819e-01 -5.658744e-05 9.999986e-01 -1.682055e-03 -6.205808e-01 5.945433e-03 1.682364e-03 9.999808e-01 2.244863e+01
9.994365e-01 -8.968856e-04 3.355416e-02 1.716428e-01 8.836865e-04 9.999995e-01 4.082121e-04 -6.216758e-01 -3.355456e-02 -3.783290e-04 9.994367e-01 2.255511e+01
9.999952e-01 -2.298339e-04 -3.089253e-03 1.880538e-01 2.243593e-04 9.999984e-01 -1.772528e-03 -6.225797e-01 3.089603e-03 1.771828e-03 9.999936e-01 2.267051e+01
9.992054e-01 -1.188857e-03 3.983837e-02 2.031778e-01 1.181549e-03 9.999993e-01 2.070104e-04 -6.224076e-01 -3.983864e-02 -1.597734e-04 9.992060e-01 2.277679e+01
9.999923e-01 -2.542116e-04 -3.902850e-03 2.203426e-01 2.474803e-04 9.999985e-01 -1.725219e-03 -6.224140e-01 3.903236e-03 1.724241e-03 9.999908e-01 2.288568e+01
9.992941e-01 -1.049983e-03 3.755231e-02 2.375809e-01 1.040573e-03 9.999994e-01 2.701283e-04 -6.229542e-01 -3.755261e-02 -2.308603e-04 9.992945e-01 2.300182e+01
9.999227e-01 1.789901e-04 -1.242864e-02 2.612319e-01 -1.967678e-04 9.999990e-01 -1.429194e-03 -6.246494e-01 1.242833e-02 1.431531e-03 9.999216e-01 2.311901e+01
9.991349e-01 -1.263938e-03 4.156671e-02 2.830442e-01 1.258354e-03 9.999992e-01 1.604994e-04 -6.257898e-01 -4.156692e-02 -1.080537e-04 9.991356e-01 2.323456e+01
9.999007e-01 2.753649e-04 -1.409188e-02 3.008216e-01 -2.944708e-04 9.999990e-01 -1.353771e-03 -6.269283e-01 1.409146e-02 1.357787e-03 9.998997e-01 2.333838e+01
9.992393e-01 -1.146282e-03 3.898203e-02 3.246490e-01 1.136914e-03 9.999993e-01 2.624786e-04 -6.285436e-01 -3.898234e-02 -2.179587e-04 9.992398e-01 2.344621e+01
9.999084e-01 2.523262e-04 -1.353088e-02 3.489764e-01 -2.711628e-04 9.999990e-01 -1.390311e-03 -6.299495e-01 1.353048e-02 1.393853e-03 9.999074e-01 2.355449e+01
9.990541e-01 -1.448665e-03 4.346121e-02 3.799262e-01 1.443950e-03 9.999989e-01 1.398870e-04 -6.308848e-01 -4.346139e-02 -7.699810e-05 9.990550e-01 2.366645e+01
9.998692e-01 2.621117e-04 -1.616844e-02 4.286223e-01 -2.832337e-04 9.999991e-01 -1.304108e-03 -6.323703e-01 1.616806e-02 1.308517e-03 9.998683e-01 2.378704e+01
9.992620e-01 -1.079793e-03 3.839578e-02 4.777698e-01 1.070715e-03 9.999994e-01 2.569969e-04 -6.346903e-01 -3.839605e-02 -2.156957e-04 9.992625e-01 2.391965e+01
9.998037e-01 5.633523e-04 -1.980458e-02 5.153400e-01 -5.871235e-04 9.999991e-01 -1.194499e-03 -6.372819e-01 1.980387e-02 1.205893e-03 9.998031e-01 2.404116e+01
9.994205e-01 -8.972347e-04 3.402602e-02 5.539551e-01 8.815767e-04 9.999995e-01 4.751797e-04 -6.404773e-01 -3.402645e-02 -4.449074e-04 9.994207e-01 2.415137e+01
9.996980e-01 7.644872e-04 -2.456190e-02 6.056240e-01 -7.904667e-04 9.999991e-01 -1.048026e-03 -6.444344e-01 2.456105e-02 1.067125e-03 9.996977e-01 2.426886e+01
9.994651e-01 -7.730572e-04 3.269302e-02 6.501514e-01 7.554176e-04 9.999996e-01 5.519026e-04 -6.483817e-01 -3.269345e-02 -5.269103e-04 9.994652e-01 2.437549e+01
9.998615e-01 2.647173e-04 -1.663919e-02 6.891958e-01 -2.866741e-04 9.999991e-01 -1.317212e-03 -6.513861e-01 1.663881e-02 1.321800e-03 9.998606e-01 2.449194e+01
9.995830e-01 -4.898417e-04 2.887358e-02 7.345655e-01 4.712417e-04 9.999997e-01 6.509885e-04 -6.548543e-01 -2.887390e-02 -6.371104e-04 9.995828e-01 2.460979e+01
9.999743e-01 -2.635268e-04 -7.170511e-03 7.701075e-01 2.518644e-04 9.999986e-01 -1.627300e-03 -6.567186e-01 7.170917e-03 1.625452e-03 9.999729e-01 2.471466e+01
9.997136e-01 -2.102905e-04 2.393077e-02 8.023072e-01 1.915867e-04 9.999997e-01 7.838679e-04 -6.596790e-01 -2.393094e-02 -7.790585e-04 9.997132e-01 2.483935e+01
9.999120e-01 1.088619e-04 -1.326376e-02 8.406216e-01 -1.277781e-04 9.999990e-01 -1.425320e-03 -6.634431e-01 1.326358e-02 1.426890e-03 9.999109e-01 2.496846e+01
9.995164e-01 -5.941298e-04 3.108984e-02 8.747612e-01 5.773454e-04 9.999997e-01 5.488431e-04 -6.660655e-01 -3.109016e-02 -5.306283e-04 9.995163e-01 2.508634e+01
9.999105e-01 4.008142e-05 -1.338046e-02 9.020642e-01 -5.858470e-05 9.999990e-01 -1.382470e-03 -6.688047e-01 1.338039e-02 1.383130e-03 9.999094e-01 2.520214e+01
9.998619e-01 6.407227e-05 1.662135e-02 9.492758e-01 -8.248919e-05 9.999994e-01 1.107345e-03 -6.735522e-01 -1.662127e-02 -1.108563e-03 9.998611e-01 2.531936e+01
9.998828e-01 -1.829708e-05 -1.531150e-02 1.003302e+00 -1.242733e-06 9.999992e-01 -1.276143e-03 -6.783992e-01 1.531150e-02 1.276012e-03 9.998819e-01 2.542997e+01
9.998266e-01 6.606794e-05 1.862420e-02 1.043650e+00 -8.427073e-05 9.999995e-01 9.765899e-04 -6.828687e-01 -1.862414e-02 -9.779903e-04 9.998260e-01 2.553588e+01
9.998805e-01 1.391964e-05 -1.546048e-02 1.127832e+00 -3.312962e-05 9.999992e-01 -1.242267e-03 -6.874937e-01 1.546045e-02 1.242631e-03 9.998796e-01 2.563119e+01
9.998553e-01 1.602698e-05 1.701116e-02 1.194010e+00 -3.409968e-05 9.999994e-01 1.062113e-03 -6.921880e-01 -1.701114e-02 -1.062540e-03 9.998546e-01 2.573135e+01
9.998898e-01 4.752966e-05 -1.484774e-02 1.225966e+00 -6.652487e-05 9.999992e-01 -1.278843e-03 -6.966956e-01 1.484766e-02 1.279689e-03 9.998888e-01 2.585151e+01
9.998599e-01 1.879390e-05 1.674037e-02 1.252383e+00 -3.690724e-05 9.999994e-01 1.081707e-03 -7.011260e-01 -1.674034e-02 -1.082174e-03 9.998592e-01 2.596632e+01
9.998813e-01 -1.685649e-06 -1.540538e-02 1.269902e+00 -1.732606e-05 9.999992e-01 -1.233962e-03 -7.053828e-01 1.540537e-02 1.234082e-03 9.998805e-01 2.607328e+01
9.998858e-01 3.099849e-05 1.511498e-02 1.327442e+00 -4.897994e-05 9.999993e-01 1.189276e-03 -7.098211e-01 -1.511494e-02 -1.189881e-03 9.998850e-01 2.614753e+01
9.998715e-01 3.562596e-05 -1.603365e-02 1.447210e+00 -5.534790e-05 9.999992e-01 -1.229593e-03 -7.132217e-01 1.603359e-02 1.230322e-03 9.998706e-01 2.612816e+01
9.998897e-01 4.295922e-05 1.485152e-02 1.570802e+00 -6.079972e-05 9.999993e-01 1.200807e-03 -7.164735e-01 -1.485147e-02 -1.201578e-03 9.998889e-01 2.609880e+01
9.998652e-01 9.342913e-05 -1.641990e-02 1.677735e+00 -1.135619e-04 9.999992e-01 -1.225191e-03 -7.199069e-01 1.641976e-02 1.226890e-03 9.998643e-01 2.607940e+01
9.998922e-01 2.117726e-05 1.468465e-02 1.799570e+00 -3.940401e-05 9.999992e-01 1.240923e-03 -7.232514e-01 -1.468462e-02 -1.241368e-03 9.998913e-01 2.605494e+01
9.998637e-01 7.257453e-05 -1.650879e-02 1.926097e+00 -9.187066e-05 9.999993e-01 -1.168085e-03 -7.269895e-01 1.650869e-02 1.169442e-03 9.998629e-01 2.605229e+01
9.999080e-01 2.505433e-05 1.356408e-02 2.088856e+00 -4.379268e-05 9.999990e-01 1.381173e-03 -7.299287e-01 -1.356404e-02 -1.381640e-03 9.999069e-01 2.600193e+01
9.998447e-01 1.780823e-04 -1.762192e-02 2.262607e+00 -1.966551e-04 9.999994e-01 -1.052234e-03 -7.326995e-01 1.762172e-02 1.055535e-03 9.998441e-01 2.594316e+01
9.999147e-01 1.361243e-04 1.306374e-02 2.395004e+00 -1.539175e-04 9.999991e-01 1.361037e-03 -7.364598e-01 -1.306355e-02 -1.362932e-03 9.999136e-01 2.594442e+01
9.998567e-01 5.732491e-05 -1.693078e-02 2.467619e+00 -7.828389e-05 9.999992e-01 -1.237262e-03 -7.408950e-01 1.693069e-02 1.238410e-03 9.998558e-01 2.600101e+01
9.998861e-01 3.675500e-06 1.509591e-02 2.514380e+00 -2.250586e-05 9.999992e-01 1.247212e-03 -7.455372e-01 -1.509590e-02 -1.247410e-03 9.998852e-01 2.608405e+01
9.998720e-01 3.568831e-05 -1.599650e-02 2.593328e+00 -5.537735e-05 9.999992e-01 -1.230394e-03 -7.506225e-01 1.599643e-02 1.231122e-03 9.998712e-01 2.618358e+01
9.999006e-01 -1.007401e-05 1.409697e-02 2.804450e+00 -9.099997e-06 9.999991e-01 1.360087e-03 -7.524114e-01 -1.409697e-02 -1.360080e-03 9.998996e-01 2.605871e+01
9.998235e-01 2.788949e-06 -1.878743e-02 3.143980e+00 -2.313700e-05 9.999994e-01 -1.082851e-03 -7.491944e-01 1.878741e-02 1.083094e-03 9.998228e-01 2.563976e+01
9.999104e-01 6.167339e-05 1.338380e-02 3.467929e+00 -8.111964e-05 9.999989e-01 1.452432e-03 -7.463833e-01 -1.338371e-02 -1.453387e-03 9.999093e-01 2.525679e+01
9.998305e-01 -2.736292e-05 -1.841238e-02 3.800043e+00 6.863242e-06 9.999994e-01 -1.113427e-03 -7.434047e-01 1.841239e-02 1.113112e-03 9.998298e-01 2.485694e+01
9.998939e-01 1.371862e-04 1.456514e-02 4.091008e+00 -1.573323e-04 9.999990e-01 1.382034e-03 -7.424851e-01 -1.456494e-02 -1.384179e-03 9.998929e-01 2.457309e+01
9.998380e-01 -2.135863e-04 -1.799593e-02 4.404978e+00 1.928824e-04 9.999993e-01 -1.152204e-03 -7.410476e-01 1.799615e-02 1.148546e-03 9.998373e-01 2.424953e+01
9.999046e-01 2.479673e-04 1.380744e-02 4.753302e+00 -2.667030e-04 9.999990e-01 1.355104e-03 -7.377669e-01 -1.380710e-02 -1.358657e-03 9.999037e-01 2.382368e+01
9.998539e-01 -1.036600e-04 -1.709226e-02 4.981720e+00 8.394012e-05 9.999993e-01 -1.154444e-03 -7.385097e-01 1.709235e-02 1.152840e-03 9.998532e-01 2.363981e+01
9.999159e-01 6.956285e-05 1.297160e-02 5.277132e+00 -8.830883e-05 9.999990e-01 1.444589e-03 -7.371391e-01 -1.297150e-02 -1.445613e-03 9.999147e-01 2.333120e+01
