9.999991e-01 -8.553513e-05 -1.375151e-03 -5.154759e-02 8.556665e-05 1.000000e+00 2.285223e-05 -2.021016e-02 1.375149e-03 -2.296940e-05 9.999990e-01 8.747891e-01
1.000000e+00 7.420766e-06 -6.269631e-05 -6.709768e-02 -7.417800e-06 1.000000e+00 4.701685e-05 -4.948786e-02 6.269642e-05 -4.701589e-05 9.999999e-01 2.068043e+00
9.997906e-01 5.647199e-04 -2.045333e-02 -1.129864e-01 -5.492897e-04 9.999996e-01 7.600184e-04 -7.222663e-02 2.045375e-02 -7.486239e-04 9.997904e-01 3.025677e+00
9.999536e-01 3.231596e-04 -9.627817e-03 -1.450751e-01 -3.196616e-04 9.999999e-01 3.648621e-04 -8.828571e-02 9.627928e-03 -3.617669e-04 9.999535e-01 3.699607e+00
9.995436e-01 8.735505e-04 -3.019676e-02 -2.040358e-01 -8.396018e-04 9.999990e-01 1.136911e-03 -1.035996e-01 3.019771e-02 -1.111038e-03 9.995432e-01 4.369271e+00
9.999535e-01 3.382707e-04 -9.639465e-03 -3.558895e-01 -3.352185e-04 9.999999e-01 3.182393e-04 -1.078335e-01 9.639558e-03 -3.149922e-04 9.999534e-01 4.759930e+00
9.997950e-01 5.578390e-04 -2.023947e-02 -5.303994e-01 -5.435535e-04 9.999996e-01 7.113089e-04 -1.051050e-01 2.023985e-02 -7.001608e-04 9.997948e-01 4.912338e+00
9.999984e-01 -6.037726e-05 1.772846e-03 -5.987638e-01 6.051701e-05 1.000000e+00 -7.870390e-05 -1.219238e-01 -1.772860e-03 7.881217e-05 9.999983e-01 5.679572e+00
9.996960e-01 6.882083e-04 -2.464638e-02 -6.716701e-01 -6.648201e-04 9.999993e-01 9.571279e-04 -1.397150e-01 2.464701e-02 -9.404503e-04 9.996957e-01 6.461986e+00
9.999157e-01 4.632139e-04 -1.297846e-02 -7.806255e-01 -4.582276e-04 9.999998e-01 3.871510e-04 -1.436812e-01 1.297861e-02 -3.811700e-04 9.999156e-01 6.762166e+00
9.999667e-01 -4.036620e-04 8.145278e-03 -9.115268e-01 4.060045e-04 9.999999e-01 -2.859049e-04 -1.530441e-01 -8.145186e-03 2.892037e-04 9.999667e-01 7.293427e+00
9.999650e-01 2.919511e-04 -8.357540e-03 -1.118400e+00 -2.902779e-04 9.999999e-01 2.014004e-04 -1.582126e-01 8.357574e-03 -1.989660e-04 9.999650e-01 7.768593e+00
9.999652e-01 1.247287e-04 -8.343508e-03 -1.260368e+00 -1.218174e-04 9.999999e-01 3.494116e-04 -1.653523e-01 8.343525e-03 -3.483817e-04 9.999650e-01 8.217812e+00
9.999597e-01 3.187724e-04 -8.967020e-03 -1.365812e+00 -3.163109e-04 9.999999e-01 2.758986e-04 -1.840505e-01 8.967079e-03 -2.730497e-04 9.999597e-01 9.104979e+00
9.996344e-01 7.174082e-04 -2.703004e-02 -1.479856e+00 -6.885754e-04 9.999992e-01 1.075980e-03 -1.954660e-01 2.703076e-02 -1.056973e-03 9.996339e-01 9.674464e+00
9.999984e-01 5.906335e-05 1.792142e-03 -1.518114e+00 -5.864757e-05 1.000000e+00 -2.318903e-04 -1.922448e-01 -1.792189e-03 2.317864e-04 9.999983e-01 9.617718e+00
9.995915e-01 7.350017e-04 -2.857069e-02 -1.587358e+00 -7.030465e-04 9.999991e-01 1.128479e-03 -1.858628e-01 2.857145e-02 -1.107930e-03 9.995910e-01 9.423952e+00
9.999800e-01 3.610174e-04 -6.318952e-03 -1.626618e+00 -3.605074e-04 9.999999e-01 8.178201e-05 -1.807498e-01 6.318942e-03 -7.950061e-05 9.999799e-01 9.257502e+00
9.996897e-01 5.769610e-04 -2.490461e-02 -1.660033e+00 -5.523783e-04 9.999994e-01 9.939300e-04 -1.778579e-01 2.490512e-02 -9.798629e-04 9.996892e-01 9.153469e+00
9.999710e-01 4.205755e-04 -7.607951e-03 -1.649330e+00 -4.195911e-04 9.999999e-01 1.309208e-04 -1.759030e-01 7.607960e-03 -1.277229e-04 9.999710e-01 9.055576e+00
9.997595e-01 4.727284e-04 -2.192471e-02 -1.655045e+00 -4.537599e-04 9.999995e-01 8.701094e-04 -1.734009e-01 2.192506e-02 -8.599497e-04 9.997592e-01 8.974132e+00
9.999532e-01 4.707599e-04 -9.661907e-03 -1.692101e+00 -4.683756e-04 9.999999e-01 2.489852e-04 -1.742012e-01 9.661972e-03 -2.444461e-04 9.999532e-01 9.025758e+00
9.996868e-01 5.842012e-04 -2.502064e-02 -1.738845e+00 -5.603973e-04 9.999994e-01 9.583502e-04 -1.751709e-01 2.502113e-02 -9.440264e-04 9.996864e-01 9.103712e+00
9.997439e-01 8.760379e-04 -2.261245e-02 -1.769625e+00 -8.588727e-04 9.999993e-01 7.687773e-04 -1.790547e-01 2.261305e-02 -7.491570e-04 9.997439e-01 9.245065e+00
9.995244e-01 8.133056e-04 -3.082556e-02 -1.823759e+00 -7.771960e-04 9.999990e-01 1.183359e-03 -1.807440e-01 3.082643e-02 -1.158837e-03 9.995240e-01 9.356802e+00
9.999861e-01 2.726851e-04 -5.259631e-03 -1.926917e+00 -2.722640e-04 1.000000e+00 8.060993e-05 -1.887610e-01 5.259588e-03 -7.917444e-05 9.999861e-01 9.781196e+00
9.996604e-01 6.256505e-04 -2.605131e-02 -2.022836e+00 -5.979413e-04 9.999992e-01 1.071382e-03 -2.002332e-01 2.605189e-02 -1.055438e-03 9.996599e-01 1.031639e+01
9.997747e-01 -4.953836e-04 2.122126e-02 -1.779435e+00 5.165493e-04 9.999994e-01 -9.918628e-04 -1.997954e-01 -2.122082e-02 1.002604e-03 9.997742e-01 9.960318e+00
9.997679e-01 4.492436e-04 -2.153695e-02 -2.035882e+00 -4.328157e-04 9.999996e-01 7.673920e-04 -1.621477e-01 2.153722e-02 -7.578900e-04 9.997677e-01 8.863773e+00
9.997503e-01 -4.847480e-04 2.233982e-02 -2.920881e+00 5.107772e-04 9.999992e-01 -1.159409e-03 -9.225696e-02 -2.233930e-02 1.170533e-03 9.997497e-01 7.333799e+00
9.997676e-01 4.468624e-04 -2.155311e-02 -3.869078e+00 -4.311068e-04 9.999996e-01 7.356137e-04 -1.213811e-02 2.155336e-02 -7.261487e-04 9.997673e-01 5.508195e+00
9.997667e-01 -4.318885e-04 2.159490e-02 -4.846338e+00 4.566985e-04 9.999992e-01 -1.143920e-03 7.499850e-02 -2.159445e-02 1.153518e-03 9.997661e-01 3.456678e+00
9.997439e-01 4.513157e-04 -2.262445e-02 -5.466681e+00 -4.311147e-04 9.999995e-01 8.977142e-04 1.279246e-01 2.262478e-02 -8.877283e-04 9.997435e-01 2.228876e+00
9.997613e-01 -4.105500e-04 2.184231e-02 -6.313781e+00 4.369049e-04 9.999992e-01 -1.201797e-03 1.941713e-01 -2.184186e-02 1.211055e-03 9.997606e-01 7.766477e-01
9.997458e-01 4.391858e-04 -2.254347e-02 -7.174471e+00 -4.190960e-04 9.999995e-01 8.958375e-04 2.599299e-01 2.254379e-02 -8.861596e-04 9.997454e-01 -6.405715e-01
9.997609e-01 -3.906437e-04 2.186081e-02 -8.089991e+00 4.181832e-04 9.999991e-01 -1.255166e-03 3.429512e-01 -2.186037e-02 1.264009e-03 9.997601e-01 -2.620088e+00
9.997467e-01 4.435587e-04 -2.250038e-02 -9.146808e+00 -4.245594e-04 9.999995e-01 8.491349e-04 4.392305e-01 2.250067e-02 -8.393649e-04 9.997464e-01 -4.916333e+00
9.997635e-01 -3.934461e-04 2.174424e-02 -1.007340e+01 4.192767e-04 9.999992e-01 -1.183344e-03 5.149876e-01 -2.174382e-02 1.192183e-03 9.997628e-01 -6.620301e+00
9.997356e-01 4.279954e-04 -2.298840e-02 -1.076299e+01 -4.063059e-04 9.999995e-01 9.481279e-04 5.656204e-01 2.298872e-02 -9.385348e-04 9.997352e-01 -7.687660e+00
9.997398e-01 -4.520664e-04 2.280432e-02 -1.152618e+01 4.801154e-04 9.999991e-01 -1.224487e-03 6.126629e-01 -2.280382e-02 1.235119e-03 9.997391e-01 -8.507187e+00
9.997433e-01 3.925440e-04 -2.265374e-02 -1.218551e+01 -3.710487e-04 9.999995e-01 9.530236e-04 6.548273e-01 2.265403e-02 -9.443713e-04 9.997428e-01 -9.262079e+00
9.997279e-01 -5.316322e-04 2.331935e-02 -1.268283e+01 5.595567e-04 9.999991e-01 -1.190936e-03 6.737738e-01 -2.331877e-02 1.203663e-03 9.997273e-01 -9.296753e+00
9.998465e-01 1.918707e-04 -1.751875e-02 -1.286571e+01 -1.759078e-04 9.999996e-01 9.126809e-04 6.692605e-01 1.751885e-02 -9.094571e-04 9.998460e-01 -8.815493e+00
9.997271e-01 -5.245578e-04 2.335480e-02 -1.291318e+01 5.509477e-04 9.999992e-01 -1.123500e-03 6.507252e-01 -2.335426e-02 1.136062e-03 9.997265e-01 -7.978282e+00
9.998377e-01 1.750121e-04 -1.801217e-02 -1.323257e+01 -1.607499e-04 9.999997e-01 7.932130e-04 6.630160e-01 1.801224e-02 -7.901869e-04 9.998374e-01 -7.958591e+00
9.998398e-01 -2.951538e-04 1.789417e-02 -1.336984e+01 3.107528e-04 9.999996e-01 -8.689179e-04 6.515329e-01 -1.789397e-02 8.743414e-04 9.998394e-01 -7.293053e+00
9.998066e-01 2.645777e-04 -1.966409e-02 -1.365984e+01 -2.491977e-04 9.999997e-01 7.845432e-04 6.632239e-01 1.966423e-02 -7.794892e-04 9.998062e-01 -7.349958e+00
9.998811e-01 -1.204696e-04 1.542001e-02 -1.428421e+01 1.344585e-04 9.999996e-01 -9.061009e-04 7.142028e-01 -1.541996e-02 9.080685e-04 9.998806e-01 -8.507988e+00
9.996698e-01 4.587464e-04 -2.569060e-02 -1.484531e+01 -4.318777e-04 9.999994e-01 1.051367e-03 7.586782e-01 2.569100e-02 -1.039923e-03 9.996693e-01 -9.499113e+00
9.999478e-01 3.950375e-05 1.021714e-02 -1.532595e+01 -3.271274e-05 9.999998e-01 -6.647523e-04 7.937265e-01 -1.021723e-02 6.643854e-04 9.999475e-01 -1.023903e+01
9.991648e-01 9.297413e-04 -4.085136e-02 -1.558992e+01 -8.620139e-04 9.999982e-01 1.675462e-03 8.111421e-01 4.085277e-02 -1.638846e-03 9.991637e-01 -1.057902e+01
9.999699e-01 1.052301e-04 7.752530e-03 -1.575685e+01 -1.013310e-04 9.999999e-01 -5.032146e-04 8.197945e-01 -7.752655e-03 5.024160e-04 9.999697e-01 -1.072426e+01
9.988905e-01 1.139059e-03 -4.708004e-02 -1.585277e+01 -1.050746e-03 9.999976e-01 1.900493e-03 8.220838e-01 4.708201e-02 -1.848913e-03 9.988892e-01 -1.070406e+01
9.999665e-01 6.096165e-04 -8.159150e-03 -1.594879e+01 -6.083855e-04 9.999998e-01 1.532317e-04 8.209839e-01 8.159163e-03 -1.482605e-04 9.999666e-01 -1.056252e+01
9.988510e-01 1.166888e-03 -4.790973e-02 -1.603160e+01 -1.076925e-03 9.999976e-01 1.903504e-03 8.197486e-01 4.791175e-02 -1.849719e-03 9.988498e-01 -1.042513e+01
9.999523e-01 6.649898e-04 -9.744545e-03 -1.609737e+01 -6.627319e-04 9.999998e-01 2.348017e-04 8.168647e-01 9.744613e-03 -2.283302e-04 9.999524e-01 -1.025223e+01
9.992172e-01 8.876737e-04 -3.954945e-02 -1.609451e+01 -8.278859e-04 9.999985e-01 1.528042e-03 8.133389e-01 3.955066e-02 -1.494101e-03 9.992164e-01 -1.014832e+01
9.998848e-01 8.300017e-04 -1.515534e-02 -1.615420e+01 -8.227171e-04 9.999995e-01 4.867962e-04 8.119254e-01 1.515565e-02 -4.742692e-04 9.998850e-01 -1.005122e+01
9.991286e-01 9.612478e-04 -4.172647e-02 -1.623721e+01 -8.952707e-04 9.999983e-01 1.599802e-03 8.092905e-01 4.172785e-02 -1.561049e-03 9.991277e-01 -9.863768e+00
9.998850e-01 8.314343e-04 -1.513948e-02 -1.630936e+01 -8.238455e-04 9.999995e-01 5.073763e-04 8.065746e-01 1.513980e-02 -4.948430e-04 9.998852e-01 -9.694277e+00
9.989063e-01 1.125933e-03 -4.674307e-02 -1.639217e+01 -1.043986e-03 9.999979e-01 1.777469e-03 8.043290e-01 4.674488e-02 -1.726724e-03 9.989053e-01 -9.526385e+00
9.998487e-01 9.107060e-04 -1.737070e-02 -1.646809e+01 -9.001562e-04 9.999994e-01 6.150307e-04 8.006774e-01 1.737115e-02 -5.992989e-04 9.998489e-01 -9.314836e+00
9.990118e-01 1.055416e-03 -4.443140e-02 -1.654176e+01 -9.825401e-04 9.999981e-01 1.661947e-03 7.984840e-01 4.443297e-02 -1.616647e-03 9.990110e-01 -9.154064e+00
9.998588e-01 8.746426e-04 -1.677658e-02 -1.661693e+01 -8.644580e-04 9.999994e-01 6.141857e-04 7.955455e-01 1.677701e-02 -5.995941e-04 9.998590e-01 -8.974468e+00
9.990766e-01 1.027582e-03 -4.295220e-02 -1.664691e+01 -9.610002e-04 9.999983e-01 1.570707e-03 7.918487e-01 4.295364e-02 -1.527977e-03 9.990758e-01 -8.807928e+00
9.999241e-01 7.154082e-04 -1.229473e-02 -1.667642e+01 -7.098026e-04 9.999996e-01 4.601057e-04 7.884949e-01 1.229495e-02 -4.513418e-04 9.999243e-01 -8.669335e+00
9.988453e-01 1.196526e-03 -4.802639e-02 -1.674701e+01 -1.113156e-03 9.999978e-01 1.762570e-03 7.855238e-01 4.802829e-02 -1.707072e-03 9.988445e-01 -8.490635e+00
9.999033e-01 7.738613e-04 -1.388123e-02 -1.681703e+01 -7.665340e-04 9.999996e-01 5.329969e-04 7.834212e-01 1.388153e-02 -5.223029e-04 9.999035e-01 -8.346033e+00
9.992075e-01 9.234657e-04 -3.979193e-02 -1.687458e+01 -8.680775e-04 9.999986e-01 1.409141e-03 7.815191e-01 3.979307e-02 -1.373480e-03 9.992070e-01 -8.224019e+00
9.999225e-01 7.114231e-04 -1.242755e-02 -1.693327e+01 -7.052346e-04 9.999996e-01 5.021375e-04 7.790547e-01 1.242781e-02 -4.933323e-04 9.999226e-01 -8.085031e+00
9.996559e-01 4.931981e-04 -2.622453e-02 -1.705765e+01 -4.715488e-04 9.999995e-01 8.316175e-04 7.826570e-01 2.622484e-02 -8.189633e-04 9.996557e-01 -8.074051e+00
9.999874e-01 1.166024e-04 4.999734e-03 -1.715373e+01 -1.161667e-04 1.000000e+00 -8.690961e-05 7.765071e-01 -4.999839e-03 8.632956e-05 9.999875e-01 -7.696231e+00
9.996492e-01 4.836595e-04 -2.647755e-02 -1.719387e+01 -4.607114e-04 9.999995e-01 8.726958e-04 7.645307e-01 2.647786e-02 -8.601894e-04 9.996490e-01 -7.194059e+00
9.999914e-01 1.533441e-04 4.120891e-03 -1.726596e+01 -1.529945e-04 1.000000e+00 -8.449975e-05 7.564408e-01 -4.120997e-03 8.387033e-05 9.999915e-01 -6.786392e+00
9.999994e-01 -3.787540e-04 9.865414e-04 -1.730841e+01 3.788852e-04 9.999999e-01 -1.300993e-04 7.431102e-01 -9.865854e-04 1.304748e-04 9.999995e-01 -6.202958e+00
9.997329e-01 -4.698036e-04 2.310143e-02 -1.734204e+01 4.864708e-04 9.999996e-01 -7.157491e-04 7.237871e-01 -2.310118e-02 7.267980e-04 9.997328e-01 -5.357076e+00
9.999960e-01 -4.313670e-04 2.761619e-03 -1.735043e+01 4.318521e-04 9.999999e-01 -1.741026e-04 7.034004e-01 -2.761639e-03 1.752964e-04 9.999961e-01 -4.501630e+00
9.995707e-01 -6.473062e-04 2.928909e-02 -1.731926e+01 6.751231e-04 9.999993e-01 -9.397666e-04 6.834761e-01 -2.928856e-02 9.591389e-04 9.995705e-01 -3.723676e+00
9.999958e-01 -2.636245e-04 -2.847604e-03 -1.732075e+01 2.637406e-04 1.000000e+00 3.946261e-05 6.615753e-01 2.847497e-03 -4.021147e-05 9.999959e-01 -2.822356e+00
9.997759e-01 -4.027451e-04 2.116138e-02 -1.735459e+01 4.171096e-04 9.999997e-01 -6.742719e-04 6.393737e-01 -2.116119e-02 6.829495e-04 9.997758e-01 -1.866182e+00
9.999992e-01 -3.194495e-04 -1.177917e-03 -1.738952e+01 3.194450e-04 9.999999e-01 -6.225975e-06 6.164469e-01 1.177821e-03 5.851770e-06 9.999993e-01 -8.763716e-01
9.999163e-01 -1.536861e-04 1.293454e-02 -1.744651e+01 1.589767e-04 9.999999e-01 -4.077980e-04 5.926679e-01 -1.293457e-02 4.098222e-04 9.999162e-01 1.816791e-01
9.999752e-01 -1.306071e-04 -7.031614e-03 -1.746835e+01 1.319705e-04 1.000000e+00 1.930689e-04 5.703962e-01 7.031490e-03 -1.939900e-04 9.999752e-01 1.100553e+00
9.999063e-01 -1.703708e-04 1.368134e-02 -1.745777e+01 1.762449e-04 9.999999e-01 -4.279487e-04 5.471083e-01 -1.368136e-02 4.303220e-04 9.999063e-01 2.008530e+00
9.999998e-01 -3.717328e-04 3.468613e-04 -1.746843e+01 3.717564e-04 9.999999e-01 -6.052192e-05 5.265276e-01 -3.469371e-04 6.065301e-05 9.999999e-01 2.853555e+00
9.999962e-01 1.605628e-04 2.723267e-03 -1.750237e+01 -1.603769e-04 1.000000e+00 -6.754257e-05 5.082508e-01 -2.723376e-03 6.710770e-05 9.999962e-01 3.626357e+00
9.999978e-01 -3.079821e-04 -2.060256e-03 -1.754378e+01 3.080638e-04 1.000000e+00 3.809602e-05 4.870590e-01 2.060146e-03 -3.872846e-05 9.999978e-01 4.532233e+00
9.999623e-01 5.401315e-04 -8.664102e-03 -1.762877e+01 -5.371005e-04 9.999998e-01 3.518624e-04 4.681746e-01 8.664192e-03 -3.471935e-04 9.999624e-01 5.390980e+00
9.998366e-01 2.229910e-04 -1.807446e-02 -1.772532e+01 -2.114979e-04 9.999998e-01 6.376433e-04 4.511966e-01 1.807450e-02 -6.337142e-04 9.998364e-01 6.200058e+00
9.998928e-01 7.397747e-04 -1.461585e-02 -1.781558e+01 -7.311353e-04 9.999996e-01 5.962484e-04 4.377593e-01 1.461619e-02 -5.854964e-04 9.998930e-01 6.847324e+00
9.997328e-01 3.932625e-04 -2.310947e-02 -1.788635e+01 -3.749587e-04 9.999996e-01 7.962586e-04 4.287546e-01 2.310968e-02 -7.873788e-04 9.997326e-01 7.265837e+00
9.999622e-01 5.606411e-04 -8.664126e-03 -1.795357e+01 -5.576274e-04 9.999998e-01 3.499265e-04 4.185067e-01 8.664226e-03 -3.450801e-04 9.999624e-01 7.746141e+00
9.997902e-01 2.929802e-04 -2.047713e-02 -1.803249e+01 -2.784798e-04 9.999997e-01 7.108423e-04 4.076223e-01 2.047724e-02 -7.049888e-04 9.997900e-01 8.249653e+00
9.999144e-01 7.095911e-04 -1.305830e-02 -1.812453e+01 -7.030054e-04 9.999996e-01 5.087063e-04 3.995379e-01 1.305856e-02 -4.994809e-04 9.999146e-01 8.672064e+00
9.998756e-01 1.275532e-04 -1.576996e-02 -1.818451e+01 -1.187781e-04 9.999998e-01 5.572046e-04 3.854900e-01 1.576994e-02 -5.552604e-04 9.998755e-01 9.297074e+00
9.999684e-01 1.950892e-05 7.935380e-03 -1.825748e+01 -1.723167e-05 1.000000e+00 -2.866847e-04 3.658848e-01 -7.935477e-03 2.865407e-04 9.999684e-01 1.017366e+01
9.999517e-01 -7.548434e-05 -9.817719e-03 -1.830679e+01 7.859143e-05 9.999999e-01 3.158080e-04 3.491687e-01 9.817603e-03 -3.165626e-04 9.999517e-01 1.089915e+01
9.999476e-01 -5.505424e-05 1.023487e-02 -1.834218e+01 5.858994e-05 9.999999e-01 -3.448777e-04 3.307566e-01 -1.023494e-02 3.454611e-04 9.999475e-01 1.167894e+01
9.999453e-01 -6.722427e-05 -1.044842e-02 -1.839883e+01 7.062400e-05 9.999999e-01 3.247452e-04 3.121534e-01 1.044831e-02 -3.254636e-04 9.999453e-01 1.250140e+01
9.999419e-01 -6.844968e-05 1.076901e-02 -1.844774e+01 7.213178e-05 9.999999e-01 -3.412615e-04 2.904139e-01 -1.076908e-02 3.420203e-04 9.999419e-01 1.344452e+01
9.999441e-01 -6.742233e-05 -1.056285e-02 -1.850510e+01 7.093841e-05 9.999999e-01 3.322301e-04 2.675670e-01 1.056274e-02 -3.329590e-04 9.999441e-01 1.444888e+01
9.999425e-01 -6.592998e-05 1.072025e-02 -1.856462e+01 6.959040e-05 9.999999e-01 -3.408068e-04 2.447414e-01 -1.072031e-02 3.415351e-04 9.999424e-01 1.545580e+01
9.999470e-01 -6.679435e-05 -1.028521e-02 -1.859423e+01 7.016238e-05 9.999999e-01 3.268255e-04 2.230227e-01 1.028510e-02 -3.275280e-04 9.999470e-01 1.636494e+01
9.999418e-01 -6.821686e-05 1.078253e-02 -1.862871e+01 7.190048e-05 9.999999e-01 -3.409716e-04 2.005747e-01 -1.078259e-02 3.417289e-04 9.999418e-01 1.731308e+01
9.999459e-01 -7.131418e-05 -1.039906e-02 -1.868093e+01 7.476073e-05 9.999999e-01 3.307655e-04 1.773357e-01 1.039894e-02 -3.315232e-04 9.999458e-01 1.832478e+01
9.999432e-01 -6.490267e-05 1.065099e-02 -1.873195e+01 6.852062e-05 9.999999e-01 -3.390431e-04 1.536935e-01 -1.065106e-02 3.397555e-04 9.999432e-01 1.935094e+01
9.999508e-01 -8.673256e-05 -9.912014e-03 -1.878367e+01 8.995390e-05 9.999999e-01 3.242571e-04 1.292195e-01 9.911894e-03 -3.251309e-04 9.999508e-01 2.041449e+01
9.999453e-01 -6.067187e-05 1.045173e-02 -1.883865e+01 6.416821e-05 9.999999e-01 -3.339053e-04 1.039845e-01 -1.045180e-02 3.345596e-04 9.999453e-01 2.151500e+01
9.999539e-01 -8.453514e-05 -9.598856e-03 -1.886949e+01 8.751012e-05 9.999999e-01 3.092088e-04 8.085826e-02 9.598737e-03 -3.100327e-04 9.999539e-01 2.248543e+01
9.999427e-01 -6.748941e-05 1.069755e-02 -1.890113e+01 7.111581e-05 9.999999e-01 -3.383368e-04 5.688355e-02 -1.069762e-02 3.390801e-04 9.999427e-01 2.349306e+01
9.999496e-01 -6.823330e-05 -1.003277e-02 -1.891739e+01 7.153841e-05 9.999999e-01 3.287819e-04 3.269325e-02 1.003266e-02 -3.294812e-04 9.999496e-01 2.448242e+01
9.999464e-01 -5.785120e-05 1.035057e-02 -1.893280e+01 6.127569e-05 9.999999e-01 -3.302456e-04 8.546219e-03 -1.035064e-02 3.308641e-04 9.999463e-01 2.546743e+01
9.999533e-01 -8.535551e-05 -9.661415e-03 -1.896610e+01 8.848800e-05 9.999999e-01 3.234958e-04 -1.679440e-02 9.661295e-03 -3.243337e-04 9.999532e-01 2.653484e+01
9.998831e-01 -1.937936e-04 1.528537e-02 -1.898696e+01 2.016414e-04 9.999998e-01 -5.116820e-04 -4.111060e-02 -1.528536e-02 5.147062e-04 9.998830e-01 2.754139e+01
9.999031e-01 2.896817e-05 -1.391315e-02 -1.904182e+01 -2.236366e-05 9.999999e-01 4.746394e-04 -6.443174e-02 1.391307e-02 -4.742803e-04 9.999031e-01 2.856348e+01
9.998887e-01 -1.874673e-04 1.491291e-02 -1.910127e+01 1.949103e-04 9.999999e-01 -4.974415e-04 -8.896559e-02 -1.491291e-02 5.002948e-04 9.998886e-01 2.964403e+01
9.999003e-01 3.697166e-05 -1.411813e-02 -1.915995e+01 -3.019387e-05 9.999999e-01 4.800803e-04 -1.128128e-01 1.411805e-02 -4.796042e-04 9.999002e-01 3.069376e+01
9.998849e-01 -1.968352e-04 1.516684e-02 -1.921599e+01 2.045218e-04 9.999999e-01 -5.050501e-04 -1.375644e-01 -1.516684e-02 5.080959e-04 9.998848e-01 3.177662e+01
9.999007e-01 3.111368e-05 -1.408430e-02 -1.929309e+01 -2.441887e-05 9.999999e-01 4.752986e-04 -1.612758e-01 1.408422e-02 -4.749055e-04 9.999007e-01 3.285277e+01
9.998891e-01 -1.858705e-04 1.488753e-02 -1.936022e+01 1.934115e-04 9.999999e-01 -5.048879e-04 -1.838553e-01 -1.488752e-02 5.077134e-04 9.998890e-01 3.386294e+01
9.999806e-01 -1.908642e-04 -6.218351e-03 -1.939504e+01 1.921462e-04 1.000000e+00 2.050692e-04 -2.067591e-01 6.218219e-03 -2.062580e-04 9.999806e-01 3.483819e+01
9.999408e-01 -6.800888e-05 1.087090e-02 -1.942189e+01 7.186418e-05 9.999999e-01 -3.539716e-04 -2.321408e-01 -1.087097e-02 3.547339e-04 9.999408e-01 3.589925e+01
9.999557e-01 -1.012346e-04 -9.406860e-03 -1.946736e+01 1.042380e-04 9.999999e-01 3.184672e-04 -2.561884e-01 9.406735e-03 -3.194316e-04 9.999557e-01 3.693590e+01
9.999532e-01 -4.238717e-05 9.664888e-03 -1.953976e+01 4.553579e-05 9.999999e-01 -3.252410e-04 -2.807238e-01 -9.664966e-03 3.256679e-04 9.999532e-01 3.803732e+01
9.999602e-01 -1.154291e-04 -8.913494e-03 -1.960562e+01 1.182891e-04 9.999999e-01 3.199879e-04 -3.076772e-01 8.913364e-03 -3.210275e-04 9.999602e-01 3.923007e+01
9.999490e-01 -4.788926e-05 1.009146e-02 -1.965071e+01 5.127974e-05 9.999999e-01 -3.354092e-04 -3.349726e-01 -1.009154e-02 3.359116e-04 9.999490e-01 4.040117e+01
9.999580e-01 -1.076767e-04 -9.156212e-03 -1.969921e+01 1.106770e-04 9.999999e-01 3.268304e-04 -3.615703e-01 9.156084e-03 -3.278280e-04 9.999580e-01 4.154921e+01
9.999496e-01 -5.133803e-05 1.003350e-02 -1.975996e+01 5.474434e-05 9.999999e-01 -3.389094e-04 -3.879226e-01 -1.003357e-02 3.394437e-04 9.999496e-01 4.270802e+01
9.999855e-01 -2.091694e-04 -5.371663e-03 -1.981284e+01 2.101293e-04 1.000000e+00 1.775487e-04 -4.109174e-01 5.371533e-03 -1.786727e-04 9.999855e-01 4.371416e+01
9.999720e-01 3.071673e-05 7.478453e-03 -1.983317e+01 -2.900458e-05 1.000000e+00 -2.286355e-04 -4.372157e-01 -7.478553e-03 2.284143e-04 9.999720e-01 4.480138e+01
9.999754e-01 -1.604257e-04 -6.998317e-03 -1.983696e+01 1.621289e-04 1.000000e+00 2.423687e-04 -4.647093e-01 6.998185e-03 -2.434952e-04 9.999755e-01 4.590813e+01
9.999289e-01 -8.086926e-05 1.192128e-02 -1.978126e+01 8.543263e-05 9.999999e-01 -3.820190e-04 -4.937143e-01 -1.192134e-02 3.830125e-04 9.999288e-01 4.697785e+01
9.999862e-01 -5.341849e-04 5.212875e-03 -1.973685e+01 5.351393e-04 9.999998e-01 -1.810900e-04 -5.213136e-01 -5.212872e-03 1.838793e-04 9.999864e-01 4.802511e+01
9.999176e-01 -1.112190e-04 1.283006e-02 -1.970105e+01 1.166284e-04 9.999999e-01 -4.206241e-04 -5.487931e-01 -1.283011e-02 4.220881e-04 9.999176e-01 4.908222e+01
9.999998e-01 -3.753068e-04 -2.066917e-04 -1.967675e+01 3.753108e-04 9.999999e-01 4.115949e-06 -5.755170e-01 2.065952e-04 -4.191282e-06 9.999999e-01 5.012284e+01
9.999252e-01 -9.845711e-05 1.222438e-02 -1.968315e+01 1.034518e-04 9.999999e-01 -4.076988e-04 -6.018906e-01 -1.222444e-02 4.089352e-04 9.999252e-01 5.120038e+01
9.999961e-01 -2.987798e-04 -2.751697e-03 -1.970163e+01 2.990514e-04 1.000000e+00 9.716331e-05 -6.299750e-01 2.751573e-03 -9.798354e-05 9.999962e-01 5.236876e+01
9.999511e-01 -2.174110e-05 9.884379e-03 -1.970915e+01 2.492224e-05 9.999999e-01 -3.213944e-04 -6.590604e-01 -9.884467e-03 3.216273e-04 9.999511e-01 5.355539e+01
9.999994e-01 -3.301664e-04 -9.744337e-04 -1.962092e+01 3.302071e-04 9.999999e-01 3.843338e-05 -6.870547e-01 9.743250e-04 -3.875280e-05 9.999995e-01 5.453473e+01
9.999898e-01 1.268756e-04 4.505268e-03 -1.956275e+01 -1.263197e-04 1.000000e+00 -1.229808e-04 -7.159086e-01 -4.505379e-03 1.224127e-04 9.999898e-01 5.559516e+01
9.999964e-01 -3.029256e-04 -2.658789e-03 -1.959300e+01 3.031753e-04 9.999999e-01 9.235059e-05 -7.436241e-01 2.658664e-03 -9.315399e-05 9.999964e-01 5.676041e+01
9.999820e-01 7.954842e-05 5.984795e-03 -1.961383e+01 -7.835758e-05 1.000000e+00 -1.986868e-04 -7.670581e-01 -5.984907e-03 1.982166e-04 9.999820e-01 5.772929e+01
9.999998e-01 -3.903625e-04 3.862298e-04 -1.962784e+01 3.903728e-04 9.999999e-01 -1.854878e-05 -7.898139e-01 -3.863189e-04 1.870194e-05 9.999999e-01 5.866431e+01
9.999321e-01 -8.720552e-05 1.164348e-02 -1.964280e+01 9.172962e-05 9.999999e-01 -3.877479e-04 -8.160375e-01 -1.164354e-02 3.887920e-04 9.999321e-01 5.975112e+01
9.999664e-01 -1.443584e-04 -8.189835e-03 -1.970880e+01 1.468482e-04 9.999999e-01 3.030283e-04 -8.458278e-01 8.189693e-03 -3.042184e-04 9.999664e-01 6.106562e+01
9.998955e-01 -1.635887e-04 1.444847e-02 -1.975397e+01 1.708682e-04 9.999999e-01 -5.023752e-04 -8.720067e-01 -1.444848e-02 5.047940e-04 9.998955e-01 6.219702e+01
9.999170e-01 -1.818004e-05 -1.287734e-02 -1.982719e+01 2.434046e-05 9.999999e-01 4.779947e-04 -8.997374e-01 1.287724e-02 -4.782661e-04 9.999169e-01 6.343733e+01
9.998995e-01 -1.551853e-04 1.417091e-02 -1.989627e+01 1.621567e-04 9.999999e-01 -4.905770e-04 -9.286569e-01 -1.417093e-02 4.928281e-04 9.998994e-01 6.471875e+01
9.999126e-01 6.571344e-07 -1.321695e-02 -1.994344e+01 5.800095e-06 9.999999e-01 4.882824e-04 -9.567915e-01 1.321685e-02 -4.883139e-04 9.999125e-01 6.592807e+01
9.998969e-01 -1.609698e-04 1.435725e-02 -2.000343e+01 1.681666e-04 9.999999e-01 -4.998373e-04 -9.838524e-01 -1.435727e-02 5.022026e-04 9.998968e-01 6.711661e+01
9.999139e-01 -1.734318e-05 -1.311453e-02 -2.010342e+01 2.354937e-05 9.999999e-01 4.728362e-04 -1.009586e+00 1.311442e-02 -4.731019e-04 9.999139e-01 6.831913e+01
9.999007e-01 -1.580057e-04 1.409039e-02 -2.020984e+01 1.649833e-04 9.999999e-01 -4.938166e-04 -1.036237e+00 -1.409041e-02 4.960947e-04 9.999006e-01 6.957003e+01
9.999136e-01 -1.165746e-05 -1.314183e-02 -2.031154e+01 1.763029e-05 9.999999e-01 4.541344e-04 -1.058144e+00 1.314173e-02 -4.543244e-04 9.999135e-01 7.061293e+01
9.998925e-01 -1.724863e-04 1.465911e-02 -2.040688e+01 1.799953e-04 9.999999e-01 -5.107052e-04 -1.080731e+00 -1.465911e-02 5.132914e-04 9.998924e-01 7.167424e+01
9.999083e-01 3.769489e-06 -1.353552e-02 -2.052800e+01 2.274919e-06 9.999999e-01 4.463096e-04 -1.098250e+00 1.353542e-02 -4.462970e-04 9.999083e-01 7.255505e+01
9.999004e-01 -1.360999e-04 1.410589e-02 -2.083390e+01 1.440912e-04 9.999998e-01 -5.652763e-04 -1.101953e+00 -1.410590e-02 5.672551e-04 9.999003e-01 7.310996e+01
9.999188e-01 -3.154358e-05 -1.273589e-02 -2.102610e+01 3.760977e-05 9.999999e-01 4.758185e-04 -1.115514e+00 1.273578e-02 -4.762563e-04 9.999187e-01 7.392612e+01
9.998846e-01 -1.641063e-04 1.518579e-02 -2.116074e+01 1.732025e-04 9.999998e-01 -5.974637e-04 -1.130288e+00 -1.518579e-02 6.000275e-04 9.998845e-01 7.470575e+01
9.999156e-01 -1.998119e-05 -1.298897e-02 -2.144178e+01 2.579387e-05 9.999999e-01 4.470966e-04 -1.134595e+00 1.298886e-02 -4.473914e-04 9.999155e-01 7.525280e+01
9.999104e-01 -9.724125e-05 1.338176e-02 -2.181391e+01 1.049423e-04 9.999998e-01 -5.745461e-04 -1.133995e+00 -1.338180e-02 5.759014e-04 9.999103e-01 7.572410e+01
9.999129e-01 -1.943775e-05 -1.319650e-02 -2.207458e+01 2.567652e-05 9.999999e-01 4.723493e-04 -1.137611e+00 1.319639e-02 -4.726444e-04 9.999128e-01 7.620641e+01
9.999048e-01 -1.157786e-04 1.379190e-02 -2.227627e+01 1.234984e-04 9.999998e-01 -5.586455e-04 -1.146108e+00 -1.379193e-02 5.602982e-04 9.999047e-01 7.681261e+01
9.999257e-01 -7.010222e-05 -1.218738e-02 -2.235598e+01 7.605458e-05 9.999999e-01 4.876793e-04 -1.165508e+00 1.218724e-02 -4.885674e-04 9.999256e-01 7.771116e+01
9.999374e-01 -9.610358e-07 1.118165e-02 -2.262207e+01 7.119932e-06 9.999998e-01 -5.504713e-04 -1.169798e+00 -1.118174e-02 5.505190e-04 9.999373e-01 7.822654e+01
9.998644e-01 1.132742e-04 -1.646337e-02 -2.292891e+01 -1.038203e-04 9.999998e-01 5.748974e-04 -1.154487e+00 1.646334e-02 -5.731077e-04 9.998643e-01 7.805758e+01
9.998433e-01 -2.672736e-04 1.769952e-02 -2.316201e+01 2.803390e-04 9.999997e-01 -7.355154e-04 -1.153436e+00 -1.769942e-02 7.403646e-04 9.998430e-01 7.834479e+01
9.998914e-01 5.570563e-05 -1.473156e-02 -2.324416e+01 -4.651753e-05 9.999998e-01 6.238274e-04 -1.174688e+00 1.473149e-02 -6.230718e-04 9.998913e-01 7.932519e+01
9.998415e-01 -2.777416e-04 1.779888e-02 -2.333482e+01 2.910625e-04 9.999997e-01 -7.456403e-04 -1.195703e+00 -1.779876e-02 7.507053e-04 9.998413e-01 8.031087e+01
9.999146e-01 1.099550e-06 -1.306650e-02 -2.345436e+01 6.264036e-06 9.999998e-01 5.632607e-04 -1.214190e+00 1.306640e-02 -5.632919e-04 9.999144e-01 8.123679e+01
9.996801e-01 -4.853170e-04 2.528678e-02 -2.350997e+01 5.106655e-04 9.999994e-01 -9.958610e-04 -1.233069e+00 -2.528638e-02 1.008458e-03 9.996797e-01 8.208645e+01
9.998923e-01 3.132957e-05 -1.467307e-02 -2.358377e+01 -2.234748e-05 9.999998e-01 6.120944e-04 -1.248388e+00 1.467299e-02 -6.116979e-04 9.998921e-01 8.282028e+01
9.996494e-01 -5.123712e-04 2.646937e-02 -2.376269e+01 5.409222e-04 9.999993e-01 -1.071370e-03 -1.257044e+00 -2.646890e-02 1.085314e-03 9.996490e-01 8.342806e+01
9.998211e-01 1.523185e-04 -1.891014e-02 -2.392006e+01 -1.375978e-04 9.999997e-01 7.795863e-04 -1.270017e+00 1.891015e-02 -7.768422e-04 9.998208e-01 8.418391e+01
9.996499e-01 -4.955534e-04 2.645115e-02 -2.404175e+01 5.237020e-04 9.999993e-01 -1.057133e-03 -1.287152e+00 -2.645070e-02 1.070618e-03 9.996495e-01 8.505940e+01
9.997595e-01 2.470474e-04 -2.192865e-02 -2.412917e+01 -2.272482e-04 9.999996e-01 9.052374e-04 -1.309748e+00 2.192877e-02 -9.000337e-04 9.997591e-01 8.610869e+01
9.996872e-01 -4.590102e-04 2.500192e-02 -2.421704e+01 4.844865e-04 9.999994e-01 -1.012796e-03 -1.331826e+00 -2.500154e-02 1.024595e-03 9.996868e-01 8.713526e+01
9.998041e-01 1.781868e-04 -1.979136e-02 -2.433163e+01 -1.618922e-04 9.999996e-01 8.247565e-04 -1.351126e+00 1.979141e-02 -8.213881e-04 9.998038e-01 8.809114e+01
9.993949e-01 -7.337508e-04 3.477247e-02 -2.442069e+01 7.810294e-04 9.999988e-01 -1.345996e-03 -1.370094e+00 -3.477154e-02 1.372343e-03 9.993943e-01 8.899933e+01
9.999776e-01 -2.309204e-04 -6.679286e-03 -2.446675e+01 2.334367e-04 9.999999e-01 3.754746e-04 -1.387867e+00 6.679099e-03 -3.770226e-04 9.999776e-01 8.981202e+01
9.997379e-01 -3.783449e-04 2.288992e-02 -2.453294e+01 4.000471e-04 9.999995e-01 -9.433981e-04 -1.408146e+00 -2.288965e-02 9.523107e-04 9.997375e-01 9.074340e+01
9.999585e-01 -1.635422e-04 -9.101826e-03 -2.461861e+01 1.678686e-04 9.999999e-01 4.742313e-04 -1.430229e+00 9.101647e-03 -4.757367e-04 9.999584e-01 9.178255e+01
9.995565e-01 -5.888160e-04 2.977116e-02 -2.472180e+01 6.251604e-04 9.999991e-01 -1.211390e-03 -1.446128e+00 -2.977052e-02 1.229467e-03 9.995560e-01 9.259498e+01
9.999476e-01 -1.254506e-04 -1.023604e-02 -2.484501e+01 1.306653e-04 9.999999e-01 5.084818e-04 -1.458730e+00 1.023588e-02 -5.097896e-04 9.999474e-01 9.329762e+01
9.997503e-01 -3.748329e-04 2.233862e-02 -2.500110e+01 3.962613e-04 9.999995e-01 -9.546936e-04 -1.473426e+00 -2.233835e-02 9.633102e-04 9.997500e-01 9.412826e+01
9.999809e-01 -2.449080e-04 -6.173278e-03 -2.511678e+01 2.471714e-04 9.999999e-01 3.653949e-04 -1.485463e+00 6.173088e-03 -3.669108e-04 9.999808e-01 9.478670e+01
9.996987e-01 -4.495108e-04 2.454058e-02 -2.534345e+01 4.759976e-04 9.999993e-01 -1.073348e-03 -1.489850e+00 -2.454018e-02 1.084709e-03 9.996982e-01 9.529182e+01
9.999825e-01 -2.412764e-04 -5.910365e-03 -2.546556e+01 2.436360e-04 9.999999e-01 3.980102e-04 -1.502326e+00 5.910168e-03 -3.994401e-04 9.999824e-01 9.598454e+01
9.998230e-01 -2.727292e-04 1.881084e-02 -2.550718e+01 2.887016e-04 9.999996e-01 -8.462327e-04 -1.523688e+00 -1.881070e-02 8.515168e-04 9.998226e-01 9.691564e+01
9.999880e-01 -2.926505e-04 -4.883111e-03 -2.570064e+01 2.941869e-04 9.999999e-01 3.133314e-04 -1.531655e+00 4.882919e-03 -3.147611e-04 9.999880e-01 9.752268e+01
9.998211e-01 -2.810110e-04 1.890982e-02 -2.594455e+01 2.976069e-04 9.999996e-01 -8.746682e-04 -1.535010e+00 -1.890967e-02 8.801426e-04 9.998208e-01 9.802141e+01
9.999962e-01 -3.554096e-04 -2.733548e-03 -2.623435e+01 3.560508e-04 9.999999e-01 2.329974e-04 -1.534201e+00 2.733365e-03 -2.339666e-04 9.999962e-01 9.841883e+01
9.997384e-01 -4.087057e-04 2.286809e-02 -2.651426e+01 4.324703e-04 9.999994e-01 -1.034139e-03 -1.528810e+00 -2.286775e-02 1.043761e-03 9.997379e-01 9.862068e+01
9.999776e-01 -2.298439e-04 -6.682589e-03 -2.679902e+01 2.324217e-04 9.999999e-01 3.845515e-04 -1.524361e+00 6.682401e-03 -3.860929e-04 9.999775e-01 9.885395e+01
9.997997e-01 -3.151372e-04 2.000769e-02 -2.708361e+01 3.342292e-04 9.999995e-01 -9.507519e-04 -1.518918e+00 -2.000748e-02 9.572518e-04 9.997993e-01 9.904560e+01
9.999639e-01 -1.850636e-04 -8.486346e-03 -2.741980e+01 1.889672e-04 9.999999e-01 4.588556e-04 -1.515490e+00 8.486161e-03 -4.604394e-04 9.999638e-01 9.938859e+01
9.996106e-01 -5.523416e-04 2.789885e-02 -2.780354e+01 5.880985e-04 9.999990e-01 -1.273373e-03 -1.499891e+00 -2.789822e-02 1.289288e-03 9.996099e-01 9.932873e+01
9.999792e-01 -2.335257e-04 -6.446612e-03 -2.800411e+01 2.362921e-04 9.999999e-01 4.279561e-04 -1.488940e+00 6.446413e-03 -4.294672e-04 9.999791e-01 9.919328e+01
9.995861e-01 -5.749913e-04 2.876263e-02 -2.812243e+01 6.127863e-04 9.999990e-01 -1.305136e-03 -1.476570e+00 -2.876195e-02 1.322224e-03 9.995854e-01 9.888733e+01
9.999682e-01 -1.954803e-04 -7.973246e-03 -2.835929e+01 1.993596e-04 9.999999e-01 4.854224e-04 -1.464721e+00 7.973052e-03 -4.869932e-04 9.999680e-01 9.876624e+01
9.995685e-01 -5.883519e-04 2.936745e-02 -2.860589e+01 6.275366e-04 9.999989e-01 -1.324998e-03 -1.459888e+00 -2.936674e-02 1.342859e-03 9.995677e-01 9.893582e+01
9.999977e-01 -3.831513e-04 -2.076857e-03 -2.877429e+01 3.837570e-04 9.999999e-01 2.900836e-04 -1.450664e+00 2.076650e-03 -2.908767e-04 9.999977e-01 9.883187e+01
9.994322e-01 -7.022017e-04 3.368453e-02 -2.883109e+01 7.523612e-04 9.999986e-01 -1.476367e-03 -1.441517e+00 -3.368354e-02 1.500875e-03 9.994314e-01 9.857899e+01
9.999849e-01 -2.872471e-04 -5.487667e-03 -2.877318e+01 2.896443e-04 9.999999e-01 4.356161e-04 -1.433657e+00 5.487447e-03 -4.371956e-04 9.999848e-01 9.822810e+01
9.994632e-01 -6.734181e-04 3.275443e-02 -2.882427e+01 7.220699e-04 9.999987e-01 -1.473468e-03 -1.425092e+00 -3.275348e-02 1.496331e-03 9.994623e-01 9.798957e+01
9.999996e-01 -4.735629e-04 6.797485e-04 -2.893326e+01 4.734039e-04 9.999999e-01 2.373713e-04 -1.417168e+00 -6.799532e-04 -2.370461e-04 9.999997e-01 9.785921e+01
9.993279e-01 -7.994867e-04 3.664767e-02 -2.904929e+01 8.595544e-04 9.999983e-01 -1.623269e-03 -1.408189e+00 -3.664640e-02 1.653682e-03 9.993269e-01 9.770490e+01
9.999955e-01 -3.465723e-04 -2.974992e-03 -2.914402e+01 3.477231e-04 9.999999e-01 3.856141e-04 -1.399027e+00 2.974768e-03 -3.866435e-04 9.999954e-01 9.750471e+01
9.993088e-01 -8.260258e-04 3.716442e-02 -2.918431e+01 8.878338e-04 9.999983e-01 -1.646564e-03 -1.391646e+00 -3.716308e-02 1.678425e-03 9.993077e-01 9.730358e+01
9.999482e-01 -1.081687e-04 -1.017852e-02 -2.914430e+01 1.148286e-04 9.999998e-01 6.535364e-04 -1.386661e+00 1.017836e-02 -6.546680e-04 9.999479e-01 9.707905e+01
9.993471e-01 -7.991313e-04 3.611975e-02 -2.893263e+01 8.584037e-04 9.999983e-01 -1.625463e-03 -1.385589e+00 -3.611848e-02 1.655411e-03 9.993461e-01 9.678993e+01
9.999785e-01 -2.261191e-04 -6.550660e-03 -2.891291e+01 2.296460e-04 9.999998e-01 5.373808e-04 -1.379848e+00 6.550454e-03 -5.388702e-04 9.999783e-01 9.657147e+01
9.994294e-01 -7.444814e-04 3.376849e-02 -2.902741e+01 7.974861e-04 9.999985e-01 -1.556153e-03 -1.377589e+00 -3.376736e-02 1.582199e-03 9.994284e-01 9.667087e+01
9.999847e-01 -2.432206e-04 -5.527423e-03 -2.905543e+01 2.461565e-04 9.999998e-01 5.301823e-04 -1.377542e+00 5.527213e-03 -5.315315e-04 9.999845e-01 9.673197e+01
9.994128e-01 -7.632312e-04 3.425575e-02 -2.908121e+01 8.185687e-04 9.999984e-01 -1.601378e-03 -1.374631e+00 -3.425455e-02 1.628481e-03 9.994117e-01 9.667959e+01
9.999743e-01 -1.757963e-04 -7.169739e-03 -2.902948e+01 1.802039e-04 9.999998e-01 6.138977e-04 -1.373629e+00 7.169553e-03 -6.151706e-04 9.999740e-01 9.658747e+01
9.996056e-01 -5.841955e-04 2.807443e-02 -2.894898e+01 6.239948e-04 9.999988e-01 -1.408838e-03 -1.372534e+00 -2.807365e-02 1.425804e-03 9.996048e-01 9.644506e+01
9.999895e-01 -2.454838e-04 -4.570137e-03 -2.882718e+01 2.479135e-04 9.999998e-01 5.307655e-04 -1.372333e+00 4.569932e-03 -5.318897e-04 9.999893e-01 9.628725e+01
9.995763e-01 -6.359133e-04 2.909997e-02 -2.885056e+01 6.787485e-04 9.999987e-01 -1.462095e-03 -1.367534e+00 -2.909908e-02 1.481231e-03 9.995754e-01 9.614664e+01
9.999834e-01 -1.894788e-04 -5.750237e-03 -2.878037e+01 1.928429e-04 9.999998e-01 5.842696e-04 -1.364723e+00 5.750055e-03 -5.853656e-04 9.999832e-01 9.595339e+01
9.995537e-01 -6.724651e-04 2.986497e-02 -2.880323e+01 7.172449e-04 9.999986e-01 -1.488677e-03 -1.364443e+00 -2.986399e-02 1.509436e-03 9.995527e-01 9.598743e+01
9.999974e-01 -2.892872e-04 -2.252400e-03 -2.894836e+01 2.903294e-04 9.999999e-01 4.618682e-04 -1.362565e+00 2.252200e-03 -4.625179e-04 9.999973e-01 9.613352e+01
9.996737e-01 -5.615413e-04 2.553677e-02 -2.906201e+01 5.962994e-04 9.999989e-01 -1.353458e-03 -1.360094e+00 -2.553604e-02 1.368247e-03 9.996729e-01 9.620814e+01
9.999883e-01 -1.919387e-04 -4.837063e-03 -2.905142e+01 1.947551e-04 9.999998e-01 5.815511e-04 -1.362132e+00 4.836887e-03 -5.824833e-04 9.999880e-01 9.627868e+01
9.997932e-01 -4.132775e-04 2.032939e-02 -2.902403e+01 4.380537e-04 9.999992e-01 -1.214244e-03 -1.356849e+00 -2.032893e-02 1.222902e-03 9.997925e-01 9.603702e+01
9.999871e-01 -1.567600e-04 -5.068332e-03 -2.890528e+01 1.598733e-04 9.999998e-01 6.136654e-04 -1.360085e+00 5.068174e-03 -6.144649e-04 9.999869e-01 9.599897e+01
9.996197e-01 -6.455304e-04 2.756831e-02 -2.886492e+01 6.853904e-04 9.999987e-01 -1.436397e-03 -1.367907e+00 -2.756741e-02 1.454749e-03 9.996188e-01 9.625389e+01
9.999434e-01 9.696828e-06 -1.063595e-02 -2.895758e+01 -1.322626e-06 9.999997e-01 7.872701e-04 -1.370011e+00 1.063590e-02 -7.872087e-04 9.999430e-01 9.646483e+01
9.992961e-01 -9.348020e-04 3.750128e-02 -2.898660e+01 1.002181e-03 9.999979e-01 -1.777932e-03 -1.368863e+00 -3.749960e-02 1.814267e-03 9.992949e-01 9.646574e+01
9.998308e-01 2.782306e-04 -1.839101e-02 -2.888147e+01 -2.586439e-04 9.999994e-01 1.067347e-03 -1.372572e+00 1.839124e-02 -1.062406e-03 9.998302e-01 9.646121e+01
9.996725e-01 -5.809410e-04 2.558405e-02 -2.862485e+01 6.173746e-04 9.999988e-01 -1.416162e-03 -1.376799e+00 -2.558325e-02 1.431496e-03 9.996716e-01 9.627273e+01
9.996384e-01 5.698682e-04 -2.688447e-02 -2.828606e+01 -5.328078e-04 9.999989e-01 1.385621e-03 -1.384309e+00 2.688518e-02 -1.370793e-03 9.996375e-01 9.609465e+01
9.998036e-01 -3.854908e-04 1.981488e-02 -2.783981e+01 4.096942e-04 9.999992e-01 -1.217384e-03 -1.397205e+00 -1.981444e-02 1.225266e-03 9.998028e-01 9.595427e+01
9.992853e-01 9.251809e-04 -3.778795e-02 -2.751505e+01 -8.574181e-04 9.999980e-01 1.809385e-03 -1.407457e+00 3.778950e-02 -1.775689e-03 9.992841e-01 9.587352e+01
9.997923e-01 -3.435950e-04 2.037626e-02 -2.704451e+01 3.693059e-04 9.999991e-01 -1.258009e-03 -1.422926e+00 -2.037587e-02 1.265276e-03 9.997915e-01 9.579179e+01
9.990756e-01 1.083650e-03 -4.297411e-02 -2.651568e+01 -9.975831e-04 9.999975e-01 2.024131e-03 -1.440643e+00 4.297614e-02 -1.979387e-03 9.990740e-01 9.570688e+01
9.999018e-01 -1.463782e-04 1.401579e-02 -2.613749e+01 1.606277e-04 9.999995e-01 -1.015476e-03 -1.453443e+00 -1.401570e-02 1.017631e-03 9.999012e-01 9.564995e+01
9.992326e-01 9.599484e-04 -3.915789e-02 -2.572355e+01 -8.879439e-04 9.999979e-01 1.856152e-03 -1.467559e+00 3.915953e-02 -1.819954e-03 9.992312e-01 9.559372e+01
9.998588e-01 -2.457325e-04 1.680222e-02 -2.537572e+01 2.640929e-04 9.999994e-01 -1.090460e-03 -1.480571e+00 -1.680201e-02 1.094746e-03 9.998581e-01 9.558508e+01
9.990826e-01 1.074990e-03 -4.281059e-02 -2.504555e+01 -9.904885e-04 9.999975e-01 1.994986e-03 -1.494976e+00 4.281256e-02 -1.950749e-03 9.990811e-01 9.564706e+01
9.995359e-01 -6.486152e-04 3.045426e-02 -2.477278e+01 6.973399e-04 9.999985e-01 -1.589291e-03 -1.511098e+00 -3.045325e-02 1.609794e-03 9.995348e-01 9.584763e+01
9.994399e-01 7.195567e-04 -3.345591e-02 -2.443587e+01 -6.646658e-04 9.999984e-01 1.651752e-03 -1.528583e+00 3.345698e-02 -1.628587e-03 9.994387e-01 9.600447e+01
9.997350e-01 -3.941885e-04 2.301468e-02 -2.407555e+01 4.245822e-04 9.999990e-01 -1.315695e-03 -1.547374e+00 -2.301421e-02 1.325121e-03 9.997342e-01 9.617138e+01
9.988641e-01 1.176393e-03 -4.763489e-02 -2.386053e+01 -1.073334e-03 9.999970e-01 2.188999e-03 -1.559303e+00 4.763726e-02 -2.135381e-03 9.988623e-01 9.629529e+01
9.998212e-01 -2.645008e-04 1.890833e-02 -2.385283e+01 2.861243e-04 9.999993e-01 -1.140825e-03 -1.570038e+00 -1.890809e-02 1.146034e-03 9.998205e-01 9.667737e+01
9.990189e-01 1.039548e-03 -4.427439e-02 -2.386261e+01 -9.485931e-04 9.999974e-01 2.075266e-03 -1.583311e+00 4.427636e-02 -2.031228e-03 9.990172e-01 9.718452e+01
9.998228e-01 -2.487023e-04 1.882017e-02 -2.385434e+01 2.701237e-04 9.999993e-01 -1.135598e-03 -1.596476e+00 -1.881995e-02 1.140484e-03 9.998222e-01 9.765830e+01
9.989076e-01 1.130174e-03 -4.671552e-02 -2.367285e+01 -1.031875e-03 9.999972e-01 2.128231e-03 -1.609220e+00 4.671771e-02 -2.077698e-03 9.989059e-01 9.786808e+01
9.998399e-01 -2.031316e-04 1.788856e-02 -2.354026e+01 2.226666e-04 9.999994e-01 -1.089959e-03 -1.619518e+00 -1.788841e-02 1.093771e-03 9.998393e-01 9.805321e+01
