1.000000e+00 5.755777e-05 -1.555282e-04 -3.409498e-02 -5.754833e-05 1.000000e+00 6.059385e-05 -2.121484e-02 1.555318e-04 -6.058441e-05 9.999999e-01 8.935002e-01
1.000000e+00 4.920981e-05 -1.862232e-04 -6.463433e-03 -4.919923e-05 1.000000e+00 5.670205e-05 -5.119858e-02 1.862260e-04 -5.669239e-05 9.999999e-01 2.049537e+00
9.999878e-01 2.039398e-04 -4.934633e-03 -1.925217e-02 -2.027984e-04 1.000000e+00 2.318031e-04 -7.590817e-02 4.934679e-03 -2.307990e-04 9.999877e-01 3.042784e+00
9.997062e-01 8.665887e-04 -2.422304e-02 -1.139255e-02 -8.439271e-04 9.999992e-01 9.457477e-04 -9.206641e-02 2.422384e-02 -9.250267e-04 9.997060e-01 3.655087e+00
9.999890e-01 1.991550e-04 -4.684901e-03 -4.191593e-02 -1.980790e-04 1.000000e+00 2.301393e-04 -1.101331e-01 4.684940e-03 -2.292081e-04 9.999889e-01 4.401449e+00
9.997461e-01 7.853665e-04 -2.251940e-02 -1.108747e-01 -7.660928e-04 9.999993e-01 8.644868e-04 -1.231309e-01 2.252005e-02 -8.470145e-04 9.997459e-01 5.012195e+00
9.998901e-01 -4.699811e-04 1.481666e-02 -2.397260e-01 4.779752e-04 9.999997e-01 -5.359959e-04 -1.290088e-01 -1.481642e-02 5.430199e-04 9.998900e-01 5.409852e+00
9.998518e-01 6.082088e-04 -1.720442e-02 -2.893412e-01 -5.970566e-04 9.999996e-01 6.533432e-04 -1.458160e-01 1.720480e-02 -6.429734e-04 9.998517e-01 6.144408e+00
9.999925e-01 -1.306082e-04 3.877837e-03 -3.468645e-01 1.309617e-04 1.000000e+00 -9.089497e-05 -1.611883e-01 -3.877836e-03 9.140309e-05 9.999924e-01 6.803963e+00
9.997958e-01 7.566164e-04 -2.019330e-02 -4.064530e-01 -7.411819e-04 9.999994e-01 7.718083e-04 -1.790462e-01 2.019386e-02 -7.566828e-04 9.997957e-01 7.587990e+00
9.997631e-01 -7.433870e-04 2.175230e-02 -5.306109e-01 7.608359e-04 9.999994e-01 -7.938939e-04 -1.915023e-01 -2.175171e-02 8.102567e-04 9.997630e-01 8.247971e+00
9.998023e-01 7.369906e-04 -1.987186e-02 -6.718946e-01 -7.221860e-04 9.999995e-01 7.521614e-04 -2.004068e-01 1.987239e-02 -7.376605e-04 9.998022e-01 8.786695e+00
9.998144e-01 -6.713693e-04 1.925652e-02 -7.292663e-01 6.848085e-04 9.999995e-01 -6.913126e-04 -2.168659e-01 -1.925606e-02 7.043723e-04 9.998142e-01 9.517461e+00
9.997579e-01 8.454799e-04 -2.198763e-02 -8.014233e-01 -8.269143e-04 9.999993e-01 8.534444e-04 -2.383452e-01 2.198832e-02 -8.350549e-04 9.997578e-01 1.047769e+01
1.000000e+00 -7.718662e-05 1.326885e-04 -8.532591e-01 7.718091e-05 1.000000e+00 4.385635e-05 -2.523027e-01 -1.327071e-04 -4.384500e-05 9.999999e-01 1.106823e+01
9.996041e-01 1.099133e-03 -2.811294e-02 -8.569617e-01 -1.069686e-03 9.999989e-01 1.062461e-03 -2.507323e-01 2.811405e-02 -1.031967e-03 9.996041e-01 1.100122e+01
9.998730e-01 -6.510996e-04 1.592528e-02 -8.671578e-01 6.601968e-04 9.999996e-01 -5.659821e-04 -2.480221e-01 -1.592493e-02 5.764253e-04 9.998729e-01 1.086749e+01
9.990266e-01 1.689282e-03 -4.407943e-02 -9.205118e-01 -1.616100e-03 9.999973e-01 1.695817e-03 -2.450341e-01 4.408216e-02 -1.622929e-03 9.990265e-01 1.077637e+01
9.999054e-01 -5.937642e-04 1.373887e-02 -9.317022e-01 6.004258e-04 9.999997e-01 -4.807375e-04 -2.446785e-01 -1.373860e-02 4.889427e-04 9.999054e-01 1.072926e+01
9.983669e-01 2.170682e-03 -5.708616e-02 -9.956453e-01 -2.046818e-03 9.999954e-01 2.228149e-03 -2.460981e-01 5.709071e-02 -2.107664e-03 9.983667e-01 1.084624e+01
9.988211e-01 -1.759016e-03 4.851014e-02 -1.066602e+00 1.847888e-03 9.999967e-01 -1.787237e-03 -2.488428e-01 -4.850687e-02 1.874773e-03 9.988210e-01 1.104818e+01
9.986660e-01 1.979255e-03 -5.159745e-02 -1.170931e+00 -1.878135e-03 9.999962e-01 2.008180e-03 -2.508249e-01 5.160120e-02 -1.908592e-03 9.986658e-01 1.125865e+01
9.990228e-01 -1.621968e-03 4.416831e-02 -1.256672e+00 1.695591e-03 9.999972e-01 -1.629467e-03 -2.484645e-01 -4.416557e-02 1.702768e-03 9.990227e-01 1.127017e+01
9.984194e-01 2.117546e-03 -5.616263e-02 -1.082212e+00 -1.997491e-03 9.999956e-01 2.193675e-03 -2.584559e-01 5.616699e-02 -2.078021e-03 9.984191e-01 1.136161e+01
9.997626e-01 -8.541867e-04 2.177203e-02 -1.042783e+00 8.717045e-04 9.999993e-01 -7.951028e-04 -2.616917e-01 -2.177138e-02 8.138946e-04 9.997625e-01 1.139362e+01
9.994056e-01 1.365753e-03 -3.444784e-02 -1.031046e+00 -1.321455e-03 9.999983e-01 1.308660e-03 -2.768825e-01 3.444953e-02 -1.262359e-03 9.994055e-01 1.195225e+01
9.994311e-01 -1.250681e-03 3.370220e-02 -1.001739e+00 1.291201e-03 9.999985e-01 -1.180537e-03 -2.970358e-01 -3.370071e-02 1.223384e-03 9.994311e-01 1.269151e+01
9.994103e-01 1.329793e-03 -3.431104e-02 -9.355154e-01 -1.286690e-03 9.999984e-01 1.278270e-03 -3.120574e-01 3.431264e-02 -1.233367e-03 9.994103e-01 1.315721e+01
9.994227e-01 -1.235124e-03 3.395175e-02 -9.479898e-01 1.274698e-03 9.999985e-01 -1.143962e-03 -2.934056e-01 -3.395032e-02 1.186582e-03 9.994227e-01 1.243979e+01
9.994489e-01 1.380569e-03 -3.316714e-02 -1.577145e+00 -1.341269e-03 9.999984e-01 1.207139e-03 -2.515498e-01 3.316872e-02 -1.161986e-03 9.994490e-01 1.162903e+01
9.994131e-01 -1.158265e-03 3.423563e-02 -2.477498e+00 1.196072e-03 9.999987e-01 -1.083825e-03 -1.837453e-01 -3.423437e-02 1.124139e-03 9.994131e-01 1.016176e+01
9.994351e-01 1.393463e-03 -3.357942e-02 -3.325604e+00 -1.353146e-03 9.999983e-01 1.223333e-03 -1.175654e-01 3.358103e-02 -1.177202e-03 9.994352e-01 8.690820e+00
9.994174e-01 -1.202839e-03 3.410885e-02 -4.015286e+00 1.241418e-03 9.999986e-01 -1.109901e-03 -6.612365e-02 -3.410751e-02 1.151599e-03 9.994174e-01 7.573602e+00
9.994125e-01 1.461344e-03 -3.424083e-02 -4.805705e+00 -1.417855e-03 9.999982e-01 1.294306e-03 -2.194097e-03 3.424262e-02 -1.244995e-03 9.994127e-01 6.106929e+00
9.994274e-01 -1.198681e-03 3.381398e-02 -5.569823e+00 1.236092e-03 9.999986e-01 -1.085473e-03 6.159189e-02 -3.381267e-02 1.126650e-03 9.994275e-01 4.614308e+00
9.994305e-01 1.472126e-03 -3.371164e-02 -6.422772e+00 -1.429749e-03 9.999982e-01 1.281118e-03 1.335886e-01 3.371343e-02 -1.232188e-03 9.994307e-01 2.926357e+00
9.994078e-01 -1.215550e-03 3.438698e-02 -7.341958e+00 1.254425e-03 9.999986e-01 -1.108942e-03 2.078394e-01 -3.438562e-02 1.151423e-03 9.994079e-01 1.240535e+00
9.994177e-01 1.470683e-03 -3.408887e-02 -8.223670e+00 -1.428592e-03 9.999982e-01 1.259062e-03 2.731672e-01 3.409062e-02 -1.209628e-03 9.994179e-01 -1.649874e-01
9.994311e-01 -1.268707e-03 3.370157e-02 -8.894800e+00 1.307779e-03 9.999985e-01 -1.137330e-03 3.155982e-01 -3.370011e-02 1.180759e-03 9.994312e-01 -9.598181e-01
9.994463e-01 1.468031e-03 -3.323973e-02 -9.732490e+00 -1.428723e-03 9.999983e-01 1.206258e-03 3.647691e-01 3.324141e-02 -1.158098e-03 9.994466e-01 -1.785861e+00
9.994235e-01 -1.269874e-03 3.392741e-02 -1.066188e+01 1.310262e-03 9.999985e-01 -1.168206e-03 4.126152e-01 -3.392591e-02 1.211988e-03 9.994235e-01 -2.439757e+00
9.994578e-01 1.422074e-03 -3.289469e-02 -1.148138e+01 -1.385389e-03 9.999984e-01 1.137958e-03 4.474878e-01 3.289621e-02 -1.091768e-03 9.994581e-01 -2.710543e+00
9.993734e-01 -1.342760e-03 3.536967e-02 -1.199944e+01 1.387364e-03 9.999983e-01 -1.236554e-03 4.538156e-01 -3.536799e-02 1.284852e-03 9.993734e-01 -2.242248e+00
9.995073e-01 1.374378e-03 -3.135676e-02 -1.262992e+01 -1.341333e-03 9.999985e-01 1.074835e-03 4.704282e-01 3.135816e-02 -1.032244e-03 9.995076e-01 -2.025180e+00
9.994485e-01 -1.246209e-03 3.318422e-02 -1.347908e+01 1.283663e-03 9.999986e-01 -1.107381e-03 5.120983e-01 -3.318283e-02 1.149369e-03 9.994485e-01 -2.519520e+00
9.994616e-01 1.373183e-03 -3.278011e-02 -1.402107e+01 -1.337983e-03 9.999985e-01 1.095735e-03 5.293748e-01 3.278153e-02 -1.051284e-03 9.994619e-01 -2.462964e+00
9.995063e-01 -1.207965e-03 3.139537e-02 -1.454887e+01 1.238884e-03 9.999988e-01 -9.653854e-04 5.539256e-01 -3.139420e-02 1.003806e-03 9.995065e-01 -2.736255e+00
9.994382e-01 1.479459e-03 -3.348201e-02 -1.518544e+01 -1.440494e-03 9.999983e-01 1.187834e-03 6.009256e-01 3.348367e-02 -1.138935e-03 9.994385e-01 -3.762114e+00
9.995425e-01 -1.166242e-03 3.022224e-02 -1.581723e+01 1.194368e-03 9.999989e-01 -9.126022e-04 6.499168e-01 -3.022118e-02 9.482830e-04 9.995427e-01 -4.864064e+00
9.991513e-01 1.697758e-03 -4.115673e-02 -1.625621e+01 -1.639107e-03 9.999976e-01 1.458751e-03 6.822325e-01 4.115907e-02 -1.390051e-03 9.991515e-01 -5.561765e+00
9.998054e-01 -8.592973e-04 1.970619e-02 -1.660504e+01 8.701097e-04 9.999995e-01 -5.400929e-04 7.046358e-01 -1.970575e-02 5.571364e-04 9.998056e-01 -5.995799e+00
9.986331e-01 2.074136e-03 -5.222596e-02 -1.680855e+01 -1.977227e-03 9.999962e-01 1.907163e-03 7.168253e-01 5.222968e-02 -1.801292e-03 9.986334e-01 -6.235487e+00
9.996109e-01 -1.133789e-03 2.787153e-02 -1.702358e+01 1.159940e-03 9.999989e-01 -9.221078e-04 7.212714e-01 -2.787050e-02 9.540804e-04 9.996110e-01 -6.157433e+00
9.981228e-01 2.381796e-03 -6.119794e-02 -1.721580e+01 -2.244476e-03 9.999948e-01 2.312513e-03 7.230925e-01 6.120308e-02 -2.170812e-03 9.981229e-01 -6.021962e+00
9.999099e-01 -6.304319e-04 1.340872e-02 -1.735641e+01 6.356726e-04 9.999997e-01 -3.865394e-04 7.227712e-01 -1.340852e-02 3.950305e-04 9.999099e-01 -5.840536e+00
9.979262e-01 2.484843e-03 -6.432017e-02 -1.747661e+01 -2.331621e-03 9.999943e-01 2.457123e-03 7.219822e-01 6.432585e-02 -2.302055e-03 9.979262e-01 -5.679585e+00
9.999720e-01 -4.293384e-04 7.474076e-03 -1.758539e+01 4.306214e-04 9.999999e-01 -1.699319e-04 7.220132e-01 -7.474063e-03 1.731482e-04 9.999720e-01 -5.560024e+00
9.980390e-01 2.416866e-03 -6.254885e-02 -1.771031e+01 -2.271620e-03 9.999946e-01 2.393105e-03 7.221049e-01 6.255423e-02 -2.246322e-03 9.980389e-01 -5.430416e+00
9.999905e-01 -3.174675e-04 4.340048e-03 -1.783967e+01 3.176897e-04 9.999999e-01 -5.025083e-05 7.216510e-01 -4.340100e-03 5.163193e-05 9.999905e-01 -5.260788e+00
9.979715e-01 2.460491e-03 -6.361463e-02 -1.796095e+01 -2.309456e-03 9.999943e-01 2.447624e-03 7.208693e-01 6.362022e-02 -2.295741e-03 9.979715e-01 -5.090996e+00
9.999918e-01 -3.177229e-04 4.032421e-03 -1.807413e+01 3.179256e-04 9.999999e-01 -4.927266e-05 7.198494e-01 -4.032482e-03 5.055723e-05 9.999918e-01 -4.922754e+00
9.978875e-01 2.504100e-03 -6.491683e-02 -1.816337e+01 -2.346429e-03 9.999941e-01 2.504915e-03 7.177823e-01 6.492264e-02 -2.347297e-03 9.978875e-01 -4.754850e+00
9.999638e-01 -4.607011e-04 8.489199e-03 -1.823248e+01 4.626942e-04 9.999999e-01 -2.326206e-04 7.158802e-01 -8.489175e-03 2.365432e-04 9.999639e-01 -4.614143e+00
9.977909e-01 2.542967e-03 -6.638365e-02 -1.828828e+01 -2.377468e-03 9.999939e-01 2.571926e-03 7.130804e-01 6.638970e-02 -2.408416e-03 9.977908e-01 -4.467607e+00
9.999872e-01 -3.362822e-04 5.035049e-03 -1.837229e+01 3.368048e-04 9.999999e-01 -1.025485e-04 7.109029e-01 -5.035104e-03 1.042461e-04 9.999872e-01 -4.296098e+00
9.980262e-01 2.420729e-03 -6.275233e-02 -1.843916e+01 -2.272651e-03 9.999945e-01 2.430949e-03 7.086062e-01 6.275778e-02 -2.283534e-03 9.980261e-01 -4.141633e+00
9.999644e-01 -4.674278e-04 8.416423e-03 -1.848654e+01 4.695256e-04 9.999999e-01 -2.470056e-04 7.054476e-01 -8.416401e-03 2.509517e-04 9.999645e-01 -3.989326e+00
9.979419e-01 2.476458e-03 -6.407594e-02 -1.851930e+01 -2.321421e-03 9.999942e-01 2.493888e-03 7.023547e-01 6.408165e-02 -2.340005e-03 9.979418e-01 -3.860205e+00
9.999074e-01 -6.428584e-04 1.358886e-02 -1.853555e+01 6.491257e-04 9.999997e-01 -4.566210e-04 6.995168e-01 -1.358866e-02 4.654027e-04 9.999075e-01 -3.758663e+00
9.981813e-01 2.324836e-03 -6.023763e-02 -1.852044e+01 -2.187974e-03 9.999949e-01 2.337840e-03 6.942609e-01 6.024266e-02 -2.201787e-03 9.981813e-01 -3.615114e+00
9.998076e-01 -8.216916e-04 1.959513e-02 -1.856620e+01 8.353048e-04 9.999994e-01 -6.864095e-04 6.940217e-01 -1.959466e-02 7.026484e-04 9.998077e-01 -3.571190e+00
9.984616e-01 2.164251e-03 -5.540472e-02 -1.862137e+01 -2.047771e-03 9.999956e-01 2.158996e-03 6.839164e-01 5.540905e-02 -2.042216e-03 9.984616e-01 -3.102566e+00
9.996311e-01 -1.105397e-03 2.713494e-02 -1.866271e+01 1.131944e-03 9.999989e-01 -9.628795e-04 6.713203e-01 -2.713395e-02 9.932426e-04 9.996313e-01 -2.580527e+00
9.980319e-01 2.453645e-03 -6.265950e-02 -1.873615e+01 -2.304114e-03 9.999943e-01 2.458510e-03 6.580350e-01 6.266507e-02 -2.309294e-03 9.980319e-01 -1.963557e+00
9.975156e-01 -2.437265e-03 7.040271e-02 -1.877191e+01 2.622705e-03 9.999933e-01 -2.541629e-03 6.423417e-01 -7.039614e-02 2.719963e-03 9.975154e-01 -1.293884e+00
9.987864e-01 2.030355e-03 -4.920929e-02 -1.881675e+01 -1.937739e-03 9.999963e-01 1.929666e-03 6.238000e-01 4.921292e-02 -1.831966e-03 9.987866e-01 -4.680405e-01
9.969238e-01 -2.645021e-03 7.833141e-02 -1.883473e+01 2.872798e-03 9.999920e-01 -2.795281e-03 6.059581e-01 -7.832349e-02 3.011716e-03 9.969234e-01 2.992533e-01
9.989822e-01 1.885638e-03 -4.506625e-02 -1.887390e+01 -1.809060e-03 9.999968e-01 1.739903e-03 5.932757e-01 4.506929e-02 -1.656602e-03 9.989824e-01 8.821891e-01
9.974783e-01 -2.443575e-03 7.092944e-02 -1.885438e+01 2.628102e-03 9.999934e-01 -2.508306e-03 5.744542e-01 -7.092294e-02 2.688394e-03 9.974781e-01 1.623068e+00
9.988695e-01 1.962653e-03 -4.749562e-02 -1.884855e+01 -1.878403e-03 9.999966e-01 1.818385e-03 5.554063e-01 4.749893e-02 -1.727110e-03 9.988697e-01 2.391802e+00
9.979406e-01 -2.263727e-03 6.410363e-02 -1.887717e+01 2.413458e-03 9.999945e-01 -2.258393e-03 5.350171e-01 -6.409826e-02 2.408457e-03 9.979406e-01 3.262436e+00
9.986477e-01 2.119974e-03 -5.194510e-02 -1.892279e+01 -2.020177e-03 9.999960e-01 1.973596e-03 5.137606e-01 5.194898e-02 -1.865986e-03 9.986479e-01 4.199917e+00
9.980940e-01 -2.215152e-03 6.167109e-02 -1.890379e+01 2.352632e-03 9.999949e-01 -2.156678e-03 4.940360e-01 -6.166610e-02 2.297660e-03 9.980941e-01 4.952277e+00
9.991732e-01 1.768099e-03 -4.061763e-02 -1.886491e+01 -1.707012e-03 9.999974e-01 1.538531e-03 4.743670e-01 4.062015e-02 -1.467921e-03 9.991735e-01 5.687912e+00
9.984532e-01 -2.065736e-03 5.555883e-02 -1.886950e+01 2.177224e-03 9.999957e-01 -1.946159e-03 4.560889e-01 -5.555467e-02 2.064116e-03 9.984535e-01 6.429759e+00
9.987444e-01 2.049881e-03 -5.005263e-02 -1.888893e+01 -1.958376e-03 9.999963e-01 1.877110e-03 4.400631e-01 5.005620e-02 -1.776729e-03 9.987448e-01 7.083928e+00
9.988348e-01 -1.856947e-03 4.822311e-02 -1.892248e+01 1.939714e-03 9.999967e-01 -1.669528e-03 4.214996e-01 -4.821994e-02 1.761125e-03 9.988351e-01 7.858511e+00
9.978663e-01 2.590501e-03 -6.523873e-02 -1.898651e+01 -2.433771e-03 9.999940e-01 2.481738e-03 4.066871e-01 6.524467e-02 -2.317664e-03 9.978665e-01 8.508506e+00
9.992696e-01 -1.525172e-03 3.818136e-02 -1.909054e+01 1.575604e-03 9.999979e-01 -1.290721e-03 3.909614e-01 -3.817941e-02 1.349940e-03 9.992699e-01 9.264688e+00
9.973730e-01 2.858906e-03 -7.237991e-02 -1.919292e+01 -2.664433e-03 9.999926e-01 2.783213e-03 3.791073e-01 7.238723e-02 -2.583047e-03 9.973732e-01 9.856012e+00
9.993553e-01 -1.438700e-03 3.587153e-02 -1.929955e+01 1.484360e-03 9.999981e-01 -1.246216e-03 3.724925e-01 -3.586977e-02 1.298662e-03 9.993556e-01 1.024202e+01
9.976069e-01 2.743356e-03 -6.908643e-02 -1.939310e+01 -2.567085e-03 9.999932e-01 2.640069e-03 3.662281e-01 6.909311e-02 -2.456397e-03 9.976071e-01 1.059707e+01
9.989464e-01 -1.791450e-03 4.585706e-02 -1.949039e+01 1.867305e-03 9.999970e-01 -1.611315e-03 3.572559e-01 -4.585413e-02 1.695249e-03 9.989467e-01 1.104291e+01
9.974407e-01 2.851784e-03 -7.144108e-02 -1.958464e+01 -2.664069e-03 9.999927e-01 2.722663e-03 3.472783e-01 7.144823e-02 -2.525368e-03 9.974411e-01 1.154646e+01
9.986267e-01 -2.000992e-03 5.235118e-02 -1.965707e+01 2.099517e-03 9.999961e-01 -1.827031e-03 3.319338e-01 -5.234742e-02 1.934437e-03 9.986270e-01 1.225085e+01
9.982295e-01 2.414645e-03 -5.943077e-02 -1.973486e+01 -2.284999e-03 9.999949e-01 2.249280e-03 3.133614e-01 5.943580e-02 -2.109496e-03 9.982298e-01 1.309078e+01
9.982659e-01 -2.231146e-03 5.882215e-02 -1.978139e+01 2.356061e-03 9.999951e-01 -2.054288e-03 2.956683e-01 -5.881737e-02 2.189318e-03 9.982663e-01 1.385695e+01
9.983292e-01 2.374861e-03 -5.773286e-02 -1.979520e+01 -2.251459e-03 9.999950e-01 2.202369e-03 2.767198e-01 5.773771e-02 -2.068703e-03 9.983296e-01 1.462403e+01
9.983330e-01 -2.187306e-03 5.767443e-02 -1.984585e+01 2.307275e-03 9.999953e-01 -2.013541e-03 2.548370e-01 -5.766986e-02 2.143258e-03 9.983334e-01 1.557612e+01
9.983550e-01 2.371464e-03 -5.728556e-02 -1.990506e+01 -2.250105e-03 9.999951e-01 2.182861e-03 2.327204e-01 5.729036e-02 -2.050369e-03 9.983554e-01 1.655511e+01
9.983413e-01 -2.183686e-03 5.753116e-02 -1.995431e+01 2.302382e-03 9.999954e-01 -1.996902e-03 2.090003e-01 -5.752663e-02 2.126052e-03 9.983417e-01 1.758359e+01
9.983514e-01 2.392043e-03 -5.734746e-02 -2.002247e+01 -2.270452e-03 9.999950e-01 2.185264e-03 1.834081e-01 5.735230e-02 -2.051454e-03 9.983518e-01 1.872392e+01
9.982813e-01 -2.232573e-03 5.856129e-02 -2.005396e+01 2.355411e-03 9.999952e-01 -2.028591e-03 1.607302e-01 -5.855657e-02 2.163043e-03 9.982817e-01 1.967939e+01
9.983635e-01 2.388186e-03 -5.713552e-02 -2.005769e+01 -2.266912e-03 9.999950e-01 2.187230e-03 1.373701e-01 5.714036e-02 -2.054126e-03 9.983640e-01 2.061674e+01
9.983210e-01 -2.218842e-03 5.787992e-02 -2.009237e+01 2.339231e-03 9.999952e-01 -2.012249e-03 1.145696e-01 -5.787528e-02 2.144268e-03 9.983215e-01 2.158236e+01
9.983545e-01 2.408915e-03 -5.729202e-02 -2.014833e+01 -2.287197e-03 9.999950e-01 2.189960e-03 8.963543e-02 5.729690e-02 -2.055316e-03 9.983550e-01 2.267406e+01
9.983010e-01 -2.222506e-03 5.822463e-02 -2.020943e+01 2.343703e-03 9.999952e-01 -2.013293e-03 6.351899e-02 -5.821998e-02 2.146336e-03 9.983014e-01 2.382583e+01
9.983677e-01 2.392258e-03 -5.706260e-02 -2.027430e+01 -2.272622e-03 9.999951e-01 2.161330e-03 4.029163e-02 5.706739e-02 -2.028117e-03 9.983682e-01 2.486238e+01
9.981922e-01 -2.271472e-03 6.005886e-02 -2.029974e+01 2.399820e-03 9.999950e-01 -2.064937e-03 1.693015e-02 -6.005397e-02 2.205337e-03 9.981926e-01 2.583821e+01
9.985322e-01 2.318877e-03 -5.411008e-02 -2.030714e+01 -2.211768e-03 9.999955e-01 2.039211e-03 -8.168833e-03 5.411446e-02 -1.916536e-03 9.985328e-01 2.685987e+01
9.984005e-01 -2.188835e-03 5.649358e-02 -2.031370e+01 2.300528e-03 9.999955e-01 -1.912090e-03 -3.432638e-02 -5.648924e-02 2.039000e-03 9.984011e-01 2.792020e+01
9.984187e-01 2.375797e-03 -5.616450e-02 -2.033455e+01 -2.261029e-03 9.999952e-01 2.106837e-03 -5.989281e-02 5.616913e-02 -1.976513e-03 9.984193e-01 2.897709e+01
9.981098e-01 -2.312727e-03 6.141167e-02 -2.035012e+01 2.445546e-03 9.999948e-01 -2.087646e-03 -8.439125e-02 -6.140663e-02 2.233888e-03 9.981103e-01 2.998552e+01
9.983184e-01 2.423977e-03 -5.791780e-02 -2.038830e+01 -2.302829e-03 9.999950e-01 2.158336e-03 -1.074009e-01 5.792264e-02 -2.021329e-03 9.983190e-01 3.096853e+01
9.978914e-01 -2.393284e-03 6.486088e-02 -2.040731e+01 2.540810e-03 9.999944e-01 -2.192052e-03 -1.328855e-01 -6.485537e-02 2.352232e-03 9.978919e-01 3.203011e+01
9.979579e-01 2.604407e-03 -6.382127e-02 -2.045362e+01 -2.456849e-03 9.999941e-01 2.390385e-03 -1.593051e-01 6.382702e-02 -2.228702e-03 9.979584e-01 3.316888e+01
9.978659e-01 -2.420497e-03 6.525057e-02 -2.049828e+01 2.570158e-03 9.999943e-01 -2.209754e-03 -1.827754e-01 -6.524494e-02 2.372745e-03 9.978664e-01 3.418112e+01
9.979717e-01 2.617369e-03 -6.360433e-02 -2.054796e+01 -2.470583e-03 9.999941e-01 2.386298e-03 -2.095042e-01 6.361010e-02 -2.224315e-03 9.979723e-01 3.533829e+01
9.977219e-01 -2.484476e-03 6.741458e-02 -2.059544e+01 2.644511e-03 9.999939e-01 -2.284712e-03 -2.343743e-01 -6.740859e-02 2.457789e-03 9.977224e-01 3.641742e+01
9.978834e-01 2.661857e-03 -6.497419e-02 -2.065221e+01 -2.509317e-03 9.999939e-01 2.429166e-03 -2.594496e-01 6.498016e-02 -2.260981e-03 9.978839e-01 3.751737e+01
9.975259e-01 -2.552042e-03 7.025272e-02 -2.068238e+01 2.725479e-03 9.999935e-01 -2.372968e-03 -2.850104e-01 -7.024631e-02 2.558572e-03 9.975263e-01 3.859370e+01
9.982824e-01 2.471428e-03 -5.853202e-02 -2.067659e+01 -2.349058e-03 9.999949e-01 2.159338e-03 -3.112029e-01 5.853696e-02 -2.018131e-03 9.982831e-01 3.964554e+01
9.981706e-01 -2.311378e-03 6.041496e-02 -2.072297e+01 2.436817e-03 9.999950e-01 -2.002653e-03 -3.372552e-01 -6.041013e-02 2.146212e-03 9.981713e-01 4.077077e+01
9.982073e-01 2.516686e-03 -5.979708e-02 -2.079233e+01 -2.389776e-03 9.999947e-01 2.193716e-03 -3.639937e-01 5.980218e-02 -2.046879e-03 9.982081e-01 4.196190e+01
9.981422e-01 -2.323114e-03 6.088185e-02 -2.084320e+01 2.449233e-03 9.999950e-01 -1.996940e-03 -3.920105e-01 -6.087700e-02 2.142347e-03 9.981429e-01 4.317608e+01
9.982211e-01 2.520737e-03 -5.956702e-02 -2.088978e+01 -2.394807e-03 9.999947e-01 2.185338e-03 -4.213348e-01 5.957212e-02 -2.038796e-03 9.982219e-01 4.443867e+01
9.981769e-01 -2.327444e-03 6.031119e-02 -2.093902e+01 2.451571e-03 9.999950e-01 -1.984149e-03 -4.478732e-01 -6.030637e-02 2.128392e-03 9.981776e-01 4.558671e+01
9.982606e-01 2.500553e-03 -5.890147e-02 -2.098622e+01 -2.377964e-03 9.999949e-01 2.151206e-03 -4.733577e-01 5.890645e-02 -2.007396e-03 9.982614e-01 4.668827e+01
9.979640e-01 -2.419558e-03 6.373289e-02 -2.100204e+01 2.558895e-03 9.999945e-01 -2.104676e-03 -4.977259e-01 -6.372755e-02 2.263480e-03 9.979647e-01 4.769126e+01
9.982253e-01 2.531905e-03 -5.949569e-02 -2.099362e+01 -2.406153e-03 9.999947e-01 2.185147e-03 -5.248079e-01 5.950081e-02 -2.038111e-03 9.982261e-01 4.876756e+01
9.981667e-01 -2.347968e-03 6.047884e-02 -2.098172e+01 2.471695e-03 9.999950e-01 -1.971023e-03 -5.524586e-01 -6.047401e-02 2.116898e-03 9.981675e-01 4.985718e+01
9.987286e-01 2.280275e-03 -5.035688e-02 -2.093393e+01 -2.192087e-03 9.999960e-01 1.806383e-03 -5.803139e-01 5.036069e-02 -1.693697e-03 9.987296e-01 5.090195e+01
9.976825e-01 -2.552428e-03 6.799309e-02 -2.088469e+01 2.709234e-03 9.999939e-01 -2.214057e-03 -6.080129e-01 -6.798713e-02 2.393138e-03 9.976833e-01 5.194754e+01
9.988484e-01 2.208968e-03 -4.792629e-02 -2.083172e+01 -2.130434e-03 9.999963e-01 1.689614e-03 -6.359131e-01 4.792974e-02 -1.585562e-03 9.988494e-01 5.299624e+01
9.980706e-01 -2.408254e-03 6.204168e-02 -2.080657e+01 2.536967e-03 9.999948e-01 -1.995895e-03 -6.623295e-01 -6.203665e-02 2.149445e-03 9.980715e-01 5.402688e+01
9.987673e-01 2.253419e-03 -4.958476e-02 -2.079727e+01 -2.170331e-03 9.999961e-01 1.729413e-03 -6.874823e-01 4.958837e-02 -1.619663e-03 9.987684e-01 5.502861e+01
9.981366e-01 -2.359885e-03 6.097221e-02 -2.079255e+01 2.482626e-03 9.999950e-01 -1.937358e-03 -7.157285e-01 -6.096743e-02 2.085122e-03 9.981375e-01 5.616783e+01
9.987131e-01 2.296089e-03 -5.066405e-02 -2.076355e+01 -2.209600e-03 9.999960e-01 1.763005e-03 -7.446562e-01 5.066780e-02 -1.648786e-03 9.987141e-01 5.729389e+01
9.981839e-01 -2.329827e-03 6.019532e-02 -2.066058e+01 2.447267e-03 9.999952e-01 -1.877282e-03 -7.752551e-01 -6.019076e-02 2.021190e-03 9.981848e-01 5.836157e+01
9.986005e-01 2.362902e-03 -5.283372e-02 -2.053479e+01 -2.269077e-03 9.999957e-01 1.835726e-03 -8.055962e-01 5.283773e-02 -1.713271e-03 9.986016e-01 5.938202e+01
9.981389e-01 -2.378080e-03 6.093468e-02 -2.049978e+01 2.499016e-03 9.999951e-01 -1.908500e-03 -8.326938e-01 -6.092993e-02 2.057228e-03 9.981399e-01 6.041783e+01
9.986724e-01 2.287790e-03 -5.145927e-02 -2.049445e+01 -2.200631e-03 9.999960e-01 1.750302e-03 -8.557740e-01 5.146297e-02 -1.634733e-03 9.986735e-01 6.133744e+01
9.981670e-01 -2.337587e-03 6.047451e-02 -2.048042e+01 2.455313e-03 9.999952e-01 -1.872412e-03 -8.823254e-01 -6.046994e-02 2.017466e-03 9.981679e-01 6.238970e+01
9.987235e-01 2.271054e-03 -5.045975e-02 -2.049247e+01 -2.188177e-03 9.999962e-01 1.697568e-03 -9.104756e-01 5.046331e-02 -1.584983e-03 9.987246e-01 6.355392e+01
9.983676e-01 -2.246882e-03 5.706950e-02 -2.054573e+01 2.349687e-03 9.999957e-01 -1.734319e-03 -9.395272e-01 -5.706546e-02 1.865586e-03 9.983686e-01 6.482199e+01
9.986183e-01 2.329045e-03 -5.249811e-02 -2.057872e+01 -2.239219e-03 9.999959e-01 1.769756e-03 -9.675355e-01 5.250192e-02 -1.649753e-03 9.986194e-01 6.600861e+01
9.984396e-01 -2.235229e-03 5.579720e-02 -2.060797e+01 2.332696e-03 9.999959e-01 -1.681699e-03 -9.937288e-01 -5.579331e-02 1.809236e-03 9.984406e-01 6.711271e+01
9.985130e-01 2.395838e-03 -5.446056e-02 -2.066644e+01 -2.298895e-03 9.999957e-01 1.842605e-03 -1.021692e+00 5.446465e-02 -1.714663e-03 9.985142e-01 6.833730e+01
9.984448e-01 -2.239158e-03 5.570439e-02 -2.070140e+01 2.335513e-03 9.999959e-01 -1.664684e-03 -1.049876e+00 -5.570053e-02 1.792196e-03 9.984459e-01 6.953120e+01
9.985285e-01 2.389693e-03 -5.417675e-02 -2.072210e+01 -2.294010e-03 9.999957e-01 1.828195e-03 -1.076908e+00 5.418079e-02 -1.701219e-03 9.985296e-01 7.065388e+01
9.984443e-01 -2.235796e-03 5.571231e-02 -2.078495e+01 2.332286e-03 9.999959e-01 -1.666942e-03 -1.105183e+00 -5.570845e-02 1.794289e-03 9.984454e-01 7.190093e+01
9.985280e-01 2.383224e-03 -5.418596e-02 -2.088415e+01 -2.289204e-03 9.999958e-01 1.797104e-03 -1.130815e+00 5.418992e-02 -1.670413e-03 9.985292e-01 7.309838e+01
9.984396e-01 -2.241686e-03 5.579653e-02 -2.099059e+01 2.338435e-03 9.999959e-01 -1.668697e-03 -1.155088e+00 -5.579266e-02 1.796573e-03 9.984407e-01 7.425186e+01
9.985682e-01 2.352152e-03 -5.344153e-02 -2.109158e+01 -2.261679e-03 9.999959e-01 1.753316e-03 -1.177972e+00 5.344534e-02 -1.629936e-03 9.985694e-01 7.533673e+01
9.984334e-01 -2.272401e-03 5.590693e-02 -2.116942e+01 2.369608e-03 9.999958e-01 -1.672446e-03 -1.197442e+00 -5.590299e-02 1.802307e-03 9.984345e-01 7.623765e+01
9.985402e-01 2.372943e-03 -5.396056e-02 -2.137847e+01 -2.282927e-03 9.999959e-01 1.729727e-03 -1.206342e+00 5.396435e-02 -1.604011e-03 9.985415e-01 7.687457e+01
9.983734e-01 -2.298133e-03 5.696730e-02 -2.164074e+01 2.398787e-03 9.999957e-01 -1.698502e-03 -1.213720e+00 -5.696325e-02 1.832395e-03 9.983745e-01 7.752866e+01
9.986842e-01 2.273909e-03 -5.123137e-02 -2.169413e+01 -2.192347e-03 9.999962e-01 1.648145e-03 -1.232057e+00 5.123483e-02 -1.533657e-03 9.986854e-01 7.834313e+01
9.986022e-01 -2.192159e-03 5.280930e-02 -2.180428e+01 2.277440e-03 9.999962e-01 -1.554729e-03 -1.246679e+00 -5.280578e-02 1.672829e-03 9.986033e-01 7.907736e+01
9.987111e-01 2.271444e-03 -5.070441e-02 -2.201446e+01 -2.192651e-03 9.999963e-01 1.609497e-03 -1.256043e+00 5.070778e-02 -1.496242e-03 9.987123e-01 7.973625e+01
9.986050e-01 -2.193482e-03 5.275604e-02 -2.208288e+01 2.277257e-03 9.999962e-01 -1.527872e-03 -1.275379e+00 -5.275258e-02 1.645883e-03 9.986062e-01 8.061456e+01
9.986755e-01 2.301953e-03 -5.139954e-02 -2.218378e+01 -2.220869e-03 9.999962e-01 1.634557e-03 -1.294347e+00 5.140302e-02 -1.518237e-03 9.986768e-01 8.152961e+01
9.985804e-01 -2.202869e-03 5.321961e-02 -2.237487e+01 2.289329e-03 9.999962e-01 -1.563632e-03 -1.307371e+00 -5.321606e-02 1.683253e-03 9.985815e-01 8.232139e+01
9.987323e-01 2.274880e-03 -5.028386e-02 -2.264537e+01 -2.198248e-03 9.999963e-01 1.579196e-03 -1.315144e+00 5.028718e-02 -1.466655e-03 9.987337e-01 8.300538e+01
9.986057e-01 -2.190342e-03 5.274283e-02 -2.286799e+01 2.275023e-03 9.999962e-01 -1.545508e-03 -1.319800e+00 -5.273934e-02 1.663348e-03 9.986069e-01 8.348857e+01
9.988407e-01 2.179853e-03 -4.808873e-02 -2.293376e+01 -2.109522e-03 9.999966e-01 1.513188e-03 -1.338000e+00 4.809177e-02 -1.409986e-03 9.988419e-01 8.431326e+01
9.985932e-01 -2.185915e-03 5.297911e-02 -2.301918e+01 2.271177e-03 9.999962e-01 -1.549150e-03 -1.356547e+00 -5.297562e-02 1.667299e-03 9.985944e-01 8.518780e+01
9.991374e-01 1.990919e-03 -4.147703e-02 -2.308661e+01 -1.940144e-03 9.999973e-01 1.264340e-03 -1.377661e+00 4.147934e-02 -1.182775e-03 9.991386e-01 8.615067e+01
9.986339e-01 -2.166421e-03 5.220779e-02 -2.316536e+01 2.248728e-03 9.999963e-01 -1.517796e-03 -1.397916e+00 -5.220441e-02 1.633127e-03 9.986350e-01 8.709675e+01
9.994387e-01 1.746926e-03 -3.345451e-02 -2.317470e+01 -1.715848e-03 9.999981e-01 9.575669e-04 -1.418845e+00 3.345603e-02 -8.996237e-04 9.994397e-01 8.795971e+01
9.990779e-01 -1.928942e-03 4.288953e-02 -2.326486e+01 1.981881e-03 9.999973e-01 -1.191784e-03 -1.435981e+00 -4.288721e-02 1.275690e-03 9.990790e-01 8.878948e+01
9.995970e-01 1.607023e-03 -2.834197e-02 -2.332457e+01 -1.586319e-03 9.999985e-01 7.529166e-04 -1.454783e+00 2.834305e-02 -7.076508e-04 9.995979e-01 8.964312e+01
9.993116e-01 -1.775567e-03 3.705657e-02 -2.343383e+01 1.813080e-03 9.999979e-01 -9.786814e-04 -1.471598e+00 -3.705485e-02 1.045197e-03 9.993126e-01 9.048862e+01
9.996207e-01 1.594014e-03 -2.749210e-02 -2.351404e+01 -1.575010e-03 9.999985e-01 7.128130e-04 -1.491523e+00 2.749310e-02 -6.692394e-04 9.996217e-01 9.142262e+01
9.994465e-01 -1.648461e-03 3.322619e-02 -2.359636e+01 1.676740e-03 9.999983e-01 -8.232118e-04 -1.514767e+00 -3.322487e-02 8.784709e-04 9.994474e-01 9.249407e+01
9.996493e-01 1.561822e-03 -2.643383e-02 -2.368442e+01 -1.544741e-03 9.999986e-01 6.665049e-04 -1.538103e+00 2.643474e-02 -6.254348e-04 9.996503e-01 9.358022e+01
9.995539e-01 -1.566503e-03 2.982479e-02 -2.378814e+01 1.588247e-03 9.999985e-01 -7.053048e-04 -1.559191e+00 -2.982374e-02 7.523623e-04 9.995548e-01 9.459504e+01
9.999784e-01 9.570794e-04 -6.494976e-03 -2.386271e+01 -9.577683e-04 9.999995e-01 -1.032437e-04 -1.575285e+00 6.494785e-03 1.094650e-04 9.999788e-01 9.537019e+01
9.995809e-01 -1.529393e-03 2.890882e-02 -2.394710e+01 1.548964e-03 9.999986e-01 -6.545475e-04 -1.592201e+00 -2.890787e-02 6.990549e-04 9.995818e-01 9.619581e+01
9.999673e-01 1.008743e-03 -8.020984e-03 -2.399712e+01 -1.009227e-03 9.999995e-01 -5.653013e-05 -1.613174e+00 8.020835e-03 6.462615e-05 9.999678e-01 9.713600e+01
9.997337e-01 -1.368384e-03 2.303492e-02 -2.411865e+01 1.378749e-03 9.999990e-01 -4.340500e-04 -1.632048e+00 -2.303439e-02 4.656968e-04 9.997345e-01 9.809348e+01
9.999514e-01 1.055025e-03 -9.803473e-03 -2.425886e+01 -1.055134e-03 9.999994e-01 -6.101440e-06 -1.649869e+00 9.803375e-03 1.644797e-05 9.999519e-01 9.903406e+01
9.996484e-01 -1.470922e-03 2.647529e-02 -2.436819e+01 1.485850e-03 9.999987e-01 -5.441434e-04 -1.666045e+00 -2.647454e-02 5.832933e-04 9.996492e-01 9.985972e+01
9.998847e-01 1.213135e-03 -1.513621e-02 -2.448860e+01 -1.210506e-03 9.999993e-01 1.827743e-04 -1.684267e+00 1.513634e-02 -1.644279e-04 9.998853e-01 1.007865e+02
9.996916e-01 -1.411027e-03 2.479344e-02 -2.459278e+01 1.423182e-03 9.999989e-01 -4.725672e-04 -1.704520e+00 -2.479283e-02 5.077100e-04 9.996924e-01 1.017750e+02
9.999664e-01 9.924813e-04 -8.136023e-03 -2.468145e+01 -9.932291e-04 9.999995e-01 -8.805146e-05 -1.722535e+00 8.135848e-03 9.613225e-05 9.999668e-01 1.026449e+02
9.996200e-01 -1.485595e-03 2.752433e-02 -2.475075e+01 1.501601e-03 9.999987e-01 -5.607890e-04 -1.738807e+00 -2.752355e-02 6.019093e-04 9.996209e-01 1.034137e+02
9.998524e-01 1.252083e-03 -1.713399e-02 -2.482439e+01 -1.248090e-03 9.999992e-01 2.436256e-04 -1.757747e+00 1.713420e-02 -2.222021e-04 9.998531e-01 1.042951e+02
9.996120e-01 -1.503128e-03 2.781315e-02 -2.496649e+01 1.519613e-03 9.999987e-01 -5.715162e-04 -1.770930e+00 -2.781234e-02 6.135625e-04 9.996129e-01 1.050368e+02
9.998737e-01 1.208673e-03 -1.584421e-02 -2.517586e+01 -1.206153e-03 9.999993e-01 1.685130e-04 -1.778475e+00 1.584432e-02 -1.493784e-04 9.998744e-01 1.056444e+02
9.995333e-01 -1.563582e-03 3.050652e-02 -2.539076e+01 1.584327e-03 9.999985e-01 -6.558200e-04 -1.787671e+00 -3.050552e-02 7.038491e-04 9.995343e-01 1.063369e+02
9.999220e-01 1.093894e-03 -1.243644e-02 -2.560005e+01 -1.093691e-03 9.999994e-01 2.307351e-05 -1.792197e+00 1.243638e-02 -9.467372e-06 9.999226e-01 1.068233e+02
9.996051e-01 -1.495210e-03 2.805890e-02 -2.579581e+01 1.511260e-03 9.999987e-01 -5.507649e-04 -1.796085e+00 -2.805812e-02 5.929545e-04 9.996060e-01 1.072553e+02
9.999212e-01 1.098974e-03 -1.250508e-02 -2.610310e+01 -1.099060e-03 9.999994e-01 -1.355428e-07 -1.794055e+00 1.250499e-02 1.388205e-05 9.999217e-01 1.076148e+02
9.996454e-01 -1.448884e-03 2.658978e-02 -2.642109e+01 1.462280e-03 9.999988e-01 -4.842902e-04 -1.792593e+00 -2.658913e-02 5.230029e-04 9.996462e-01 1.080125e+02
9.999775e-01 9.201374e-04 -6.646471e-03 -2.676172e+01 -9.216824e-04 9.999995e-01 -2.295646e-04 -1.782256e+00 6.646183e-03 2.356880e-04 9.999778e-01 1.080998e+02
9.995717e-01 -1.517442e-03 2.922448e-02 -2.696623e+01 1.534442e-03 9.999987e-01 -5.592276e-04 -1.781348e+00 -2.922367e-02 6.038340e-04 9.995726e-01 1.083631e+02
9.999753e-01 9.002601e-04 -6.970650e-03 -2.713186e+01 -9.018067e-04 9.999996e-01 -2.188985e-04 -1.775313e+00 6.970379e-03 2.251818e-04 9.999756e-01 1.083654e+02
9.995761e-01 -1.488059e-03 2.907377e-02 -2.737280e+01 1.504805e-03 9.999987e-01 -5.540746e-04 -1.768844e+00 -2.907297e-02 5.975927e-04 9.995770e-01 1.084587e+02
9.999801e-01 8.743923e-04 -6.245421e-03 -2.750573e+01 -8.760044e-04 9.999996e-01 -2.555589e-04 -1.777908e+00 6.245128e-03 2.610273e-04 9.999804e-01 1.090305e+02
9.995587e-01 -1.510065e-03 2.966580e-02 -2.754391e+01 1.526758e-03 9.999987e-01 -5.400367e-04 -1.788054e+00 -2.966501e-02 5.850934e-04 9.995596e-01 1.095096e+02
9.999866e-01 8.191186e-04 -5.103652e-03 -2.755684e+01 -8.205971e-04 9.999996e-01 -2.877685e-04 -1.780620e+00 5.103350e-03 2.919552e-04 9.999868e-01 1.092463e+02
9.994542e-01 -1.598529e-03 3.299684e-02 -2.753876e+01 1.620095e-03 9.999985e-01 -6.268278e-04 -1.773320e+00 -3.299585e-02 6.799461e-04 9.994552e-01 1.089539e+02
9.999934e-01 7.622765e-04 -3.545678e-03 -2.766044e+01 -7.636897e-04 9.999996e-01 -3.974513e-04 -1.765828e+00 3.545314e-03 4.001588e-04 9.999935e-01 1.088506e+02
9.993141e-01 -1.683970e-03 3.699326e-02 -2.778301e+01 1.713179e-03 9.999982e-01 -7.578515e-04 -1.761777e+00 -3.699198e-02 8.207100e-04 9.993151e-01 1.088904e+02
9.999995e-01 6.180124e-04 7.876207e-04 -2.789267e+01 -6.175549e-04 9.999996e-01 -5.800283e-04 -1.758563e+00 -7.880326e-04 5.795438e-04 9.999994e-01 1.089538e+02
9.994063e-01 -1.601577e-03 3.441688e-02 -2.799394e+01 1.624392e-03 9.999985e-01 -6.349402e-04 -1.753009e+00 -3.441587e-02 6.904719e-04 9.994073e-01 1.089017e+02
9.999993e-01 5.855522e-04 1.069828e-03 -2.800295e+01 -5.849052e-04 9.999996e-01 -6.045027e-04 -1.751320e+00 -1.070230e-03 6.038785e-04 9.999992e-01 1.088752e+02
9.996604e-01 -1.357394e-03 2.602278e-02 -2.809274e+01 1.365834e-03 9.999990e-01 -3.065392e-04 -1.742931e+00 -2.602239e-02 3.419799e-04 9.996612e-01 1.086878e+02
9.999952e-01 5.257307e-04 3.043293e-03 -2.804661e+01 -5.236237e-04 9.999996e-01 -6.929591e-04 -1.738424e+00 -3.043698e-03 6.913641e-04 9.999950e-01 1.084646e+02
9.996359e-01 -1.375482e-03 2.694766e-02 -2.791127e+01 1.384782e-03 9.999990e-01 -3.264470e-04 -1.741086e+00 -2.694722e-02 3.636466e-04 9.996367e-01 1.084043e+02
9.999997e-01 6.001703e-04 4.553628e-04 -2.790888e+01 -5.998786e-04 9.999996e-01 -6.396497e-04 -1.748254e+00 -4.557839e-04 6.393781e-04 9.999996e-01 1.087067e+02
9.996650e-01 -1.329230e-03 2.584772e-02 -2.778576e+01 1.336438e-03 9.999991e-01 -2.615602e-04 -1.757546e+00 -2.584739e-02 2.960181e-04 9.996658e-01 1.089108e+02
9.999980e-01 5.258485e-04 1.953579e-03 -2.768369e+01 -5.244867e-04 9.999996e-01 -6.974036e-04 -1.759243e+00 -1.953977e-03 6.963792e-04 9.999978e-01 1.088529e+02
9.996611e-01 -1.318282e-03 2.600019e-02 -2.767043e+01 1.325490e-03 9.999991e-01 -2.599895e-04 -1.761590e+00 -2.599985e-02 2.943659e-04 9.996618e-01 1.089455e+02
9.999963e-01 6.422803e-04 -2.653416e-03 -2.765730e+01 -6.437242e-04 9.999996e-01 -5.434381e-04 -1.762922e+00 2.653038e-03 5.451456e-04 9.999962e-01 1.089883e+02
9.996604e-01 -1.305840e-03 2.602472e-02 -2.753307e+01 1.312500e-03 9.999991e-01 -2.388119e-04 -1.766725e+00 -2.602441e-02 2.728896e-04 9.996612e-01 1.089772e+02
9.999957e-01 6.293496e-04 -2.873338e-03 -2.740449e+01 -6.309220e-04 9.999997e-01 -5.464199e-04 -1.769934e+00 2.872970e-03 5.482317e-04 9.999956e-01 1.089358e+02
9.997190e-01 -1.223647e-03 2.367357e-02 -2.729344e+01 1.227600e-03 9.999992e-01 -1.524461e-04 -1.771725e+00 -2.367339e-02 1.814663e-04 9.997196e-01 1.088555e+02
9.999994e-01 5.242667e-04 9.535697e-04 -2.738163e+01 -5.235832e-04 9.999996e-01 -7.167446e-04 -1.772290e+00 -9.539635e-04 7.162461e-04 9.999992e-01 1.090118e+02
9.996747e-01 -1.245533e-03 2.547454e-02 -2.750171e+01 1.251325e-03 9.999992e-01 -2.114122e-04 -1.773481e+00 -2.547427e-02 2.432215e-04 9.996753e-01 1.092355e+02
9.999835e-01 6.789734e-04 -5.704268e-03 -2.749192e+01 -6.816819e-04 9.999997e-01 -4.728942e-04 -1.783952e+00 5.703931e-03 4.767759e-04 9.999835e-01 1.096352e+02
9.997663e-01 -1.133356e-03 2.158886e-02 -2.741401e+01 1.134746e-03 9.999994e-01 -5.213468e-05 -1.791483e+00 -2.158880e-02 7.662136e-05 9.997668e-01 1.098177e+02
9.999903e-01 6.294297e-04 -4.362717e-03 -2.726790e+01 -6.317726e-04 9.999997e-01 -5.356998e-04 -1.793921e+00 4.362368e-03 5.384517e-04 9.999902e-01 1.097077e+02
9.998618e-01 -9.582488e-04 1.660003e-02 -2.714062e+01 9.563471e-04 9.999995e-01 1.225000e-04 -1.807832e+00 -1.660014e-02 -1.066068e-04 9.998621e-01 1.100635e+02
9.999996e-01 5.134927e-04 -6.917045e-04 -2.705314e+01 -5.139598e-04 9.999996e-01 -6.753446e-04 -1.821193e+00 6.913496e-04 6.757007e-04 9.999994e-01 1.104618e+02
9.998204e-01 -1.023107e-03 1.892168e-02 -2.706703e+01 1.022305e-03 9.999995e-01 5.207063e-05 -1.830122e+00 -1.892173e-02 -3.271677e-05 9.998209e-01 1.108317e+02
9.999983e-01 4.382668e-04 1.766553e-03 -2.710885e+01 -4.368853e-04 9.999996e-01 -7.822950e-04 -1.839325e+00 -1.766900e-03 7.815227e-04 9.999980e-01 1.112584e+02
9.999415e-01 -7.833667e-04 1.078989e-02 -2.705825e+01 7.797108e-04 9.999996e-01 3.430283e-04 -1.849369e+00 -1.079016e-02 -3.345946e-04 9.999416e-01 1.115646e+02
9.999763e-01 6.995273e-04 -6.841981e-03 -2.672199e+01 -7.028796e-04 9.999996e-01 -4.875658e-04 -1.862074e+00 6.841635e-03 4.923640e-04 9.999764e-01 1.115652e+02
9.999571e-01 -7.262589e-04 9.237431e-03 -2.630888e+01 7.226205e-04 9.999997e-01 3.972163e-04 -1.874522e+00 -9.237718e-03 -3.905235e-04 9.999572e-01 1.114580e+02
9.998167e-01 1.111536e-03 -1.911425e-02 -2.586097e+01 -1.112380e-03 9.999994e-01 -3.351774e-05 -1.889299e+00 1.911420e-02 5.477456e-05 9.998172e-01 1.113775e+02
9.999996e-01 -4.186125e-04 -7.969157e-04 -2.552136e+01 4.192405e-04 9.999996e-01 7.879394e-04 -1.904680e+00 7.965805e-04 -7.882725e-04 9.999993e-01 1.114543e+02
9.997216e-01 1.294468e-03 -2.356113e-02 -2.516433e+01 -1.291310e-03 9.999992e-01 1.492322e-04 -1.921807e+00 2.356130e-02 -1.187651e-04 9.997223e-01 1.115767e+02
9.999961e-01 -5.511454e-04 2.751207e-03 -2.466978e+01 5.494238e-04 9.999997e-01 6.264898e-04 -1.941190e+00 -2.751561e-03 -6.249748e-04 9.999959e-01 1.115962e+02
9.995213e-01 1.555641e-03 -3.090042e-02 -2.431667e+01 -1.541901e-03 9.999987e-01 4.684803e-04 -1.956390e+00 3.090110e-02 -4.206096e-04 9.995223e-01 1.116566e+02
9.999639e-01 -7.450027e-04 8.464527e-03 -2.392188e+01 7.418288e-04 9.999997e-01 3.781071e-04 -1.973002e+00 -8.464821e-03 -3.718131e-04 9.999640e-01 1.117135e+02
9.996750e-01 1.358278e-03 -2.545595e-02 -2.346986e+01 -1.351681e-03 9.999990e-01 2.763568e-04 -1.990624e+00 2.545629e-02 -2.418576e-04 9.996758e-01 1.117228e+02
9.999888e-01 -6.257758e-04 4.686094e-03 -2.312638e+01 6.233535e-04 9.999997e-01 5.183745e-04 -2.008612e+00 -4.686435e-03 -5.154464e-04 9.999888e-01 1.118907e+02
9.999299e-01 9.123814e-04 -1.180847e-02 -2.301012e+01 -9.151687e-04 9.999996e-01 -2.306589e-04 -2.026426e+00 1.180824e-02 2.414507e-04 9.999302e-01 1.123866e+02
9.999406e-01 -8.337611e-04 1.087181e-02 -2.296813e+01 8.302888e-04 9.999996e-01 3.239018e-04 -2.045664e+00 -1.087210e-02 -3.148545e-04 9.999407e-01 1.130629e+02
9.998065e-01 1.180598e-03 -1.963579e-02 -2.268932e+01 -1.180227e-03 9.999993e-01 3.045739e-05 -2.066872e+00 1.963579e-02 -7.275556e-06 9.998071e-01 1.134441e+02
9.999985e-01 -4.353116e-04 -1.703067e-03 -2.243865e+01 4.366682e-04 9.999996e-01 7.961880e-04 -2.082863e+00 1.702698e-03 -7.969291e-04 9.999981e-01 1.136657e+02
9.998404e-01 1.163437e-03 -1.782643e-02 -2.243506e+01 -1.163679e-03 9.999993e-01 -3.211672e-06 -2.098946e+00 1.782639e-02 2.395679e-05 9.998410e-01 1.142698e+02
9.999707e-01 -2.531839e-04 -7.644338e-03 -2.241781e+01 2.609574e-04 9.999994e-01 1.015880e-03 -2.113658e+00 7.644050e-03 -1.017843e-03 9.999702e-01 1.147911e+02
9.999454e-01 9.152884e-04 -1.041306e-02 -2.239079e+01 -9.182531e-04 9.999995e-01 -2.799557e-04 -2.129849e+00 1.041277e-02 2.895038e-04 9.999456e-01 1.153502e+02
9.998772e-01 1.419351e-05 -1.567120e-02 -2.224329e+01 6.098326e-06 9.999992e-01 1.294785e-03 -2.144768e+00 1.567117e-02 -1.294720e-03 9.998763e-01 1.156941e+02
9.999526e-01 9.081972e-04 -9.695812e-03 -2.202227e+01 -9.111788e-04 9.999995e-01 -3.031278e-04 -2.160407e+00 9.695499e-03 3.119498e-04 9.999529e-01 1.159608e+02
