9.996605e-01 -7.010467e-04 2.604647e-02 2.603716e-02 7.230993e-04 9.999994e-01 -8.372549e-04 -1.917252e-03 -2.604586e-02 8.558052e-04 9.996603e-01 8.726309e-02
9.999762e-01 -2.474880e-04 6.897704e-03 4.702081e-02 2.489980e-04 9.999999e-01 -2.180560e-04 -2.988630e-03 -6.897644e-03 2.197686e-04 9.999761e-01 1.725580e-01
9.997401e-01 -6.446701e-04 2.278967e-02 7.380141e-02 6.609774e-04 9.999995e-01 -7.080306e-04 -4.792231e-03 -2.278919e-02 7.229102e-04 9.997399e-01 2.676325e-01
9.999324e-01 -3.328417e-04 1.162157e-02 9.376068e-02 3.377723e-04 9.999999e-01 -4.223034e-04 -5.629705e-03 -1.162141e-02 4.262004e-04 9.999323e-01 3.530994e-01
9.995303e-01 -9.205234e-04 3.063072e-02 1.089707e-01 9.500263e-04 9.999991e-01 -9.486394e-04 -5.488525e-03 -3.062980e-02 9.772937e-04 9.995302e-01 4.342272e-01
9.999346e-01 -3.900393e-04 1.143346e-02 1.282746e-01 3.945905e-04 9.999998e-01 -3.958002e-04 -5.662708e-03 -1.143328e-02 4.002856e-04 9.999345e-01 5.221753e-01
9.998423e-01 -4.732928e-04 1.775210e-02 1.537082e-01 4.825808e-04 9.999997e-01 -5.189200e-04 -7.403413e-03 -1.775182e-02 5.274047e-04 9.998422e-01 6.123977e-01
9.999896e-01 -1.306542e-04 4.563854e-03 1.823942e-01 1.315067e-04 1.000000e+00 -1.864833e-04 -9.866233e-03 -4.563804e-03 1.870811e-04 9.999895e-01 7.019236e-01
9.998862e-01 -3.830650e-04 1.507843e-02 2.143546e-01 3.894714e-04 9.999998e-01 -4.219383e-04 -1.270425e-02 -1.507824e-02 4.277624e-04 9.998861e-01 7.924774e-01
9.999534e-01 -2.977693e-04 9.648698e-03 2.413117e-01 3.012186e-04 9.999999e-01 -3.560359e-04 -1.480270e-02 -9.648561e-03 3.589251e-04 9.999533e-01 8.782906e-01
9.997440e-01 -5.916356e-04 2.261619e-02 2.618496e-01 6.077011e-04 9.999996e-01 -7.034840e-04 -1.583031e-02 -2.261573e-02 7.170472e-04 9.997439e-01 9.603059e-01
9.999580e-01 -3.720090e-04 9.162429e-03 2.864137e-01 3.748238e-04 9.999999e-01 -3.054785e-04 -1.726240e-02 -9.162279e-03 3.088992e-04 9.999579e-01 1.051543e+00
9.997851e-01 -4.653627e-04 2.072452e-02 3.087221e-01 4.792982e-04 9.999997e-01 -6.674469e-04 -1.873654e-02 -2.072416e-02 6.772358e-04 9.997849e-01 1.139526e+00
9.998519e-01 -6.881087e-04 1.719699e-02 3.289434e-01 6.975874e-04 9.999996e-01 -5.451737e-04 -1.938312e-02 -1.719656e-02 5.570883e-04 9.998519e-01 1.228499e+00
9.998995e-01 -2.278893e-04 1.417215e-02 3.512912e-01 2.344226e-04 9.999999e-01 -4.593171e-04 -2.074671e-02 -1.417199e-02 4.625921e-04 9.998994e-01 1.315238e+00
9.999305e-01 -5.196862e-04 1.177967e-02 3.772933e-01 5.238938e-04 9.999998e-01 -3.540756e-04 -2.282730e-02 -1.177944e-02 3.602210e-04 9.999305e-01 1.405076e+00
9.999044e-01 -1.710207e-04 1.382682e-02 4.006078e-01 1.775946e-04 9.999999e-01 -4.741930e-04 -2.474886e-02 -1.382668e-02 4.766019e-04 9.999042e-01 1.487395e+00
9.998959e-01 -5.798218e-04 1.441318e-02 4.209386e-01 5.864604e-04 9.999997e-01 -4.563453e-04 -2.623398e-02 -1.441286e-02 4.647491e-04 9.998959e-01 1.565905e+00
9.998632e-01 -3.402454e-04 1.653588e-02 4.440314e-01 3.488818e-04 9.999998e-01 -5.193716e-04 -2.770411e-02 -1.653565e-02 5.250681e-04 9.998630e-01 1.652134e+00
9.999443e-01 -4.127096e-04 1.054857e-02 4.668606e-01 4.163506e-04 9.999999e-01 -3.429233e-04 -2.943774e-02 -1.054837e-02 3.472945e-04 9.999442e-01 1.733061e+00
9.998571e-01 -3.530593e-04 1.690339e-02 4.896889e-01 3.621312e-04 9.999998e-01 -5.335992e-04 -3.109983e-02 -1.690314e-02 5.396425e-04 9.998569e-01 1.812238e+00
9.999545e-01 -4.256596e-04 9.532951e-03 5.150092e-01 4.283373e-04 9.999999e-01 -2.787894e-04 -3.320405e-02 -9.532770e-03 2.828582e-04 9.999544e-01 1.899580e+00
9.999994e-01 3.833642e-04 -1.000805e-03 5.354084e-01 -3.832772e-04 9.999999e-01 8.650471e-05 -3.712975e-02 1.000900e-03 -8.612289e-05 9.999994e-01 1.985579e+00
9.999934e-01 -1.494380e-04 -3.613447e-03 5.396174e-01 1.496672e-04 1.000000e+00 6.299462e-05 -4.129164e-02 3.613499e-03 -6.353683e-05 9.999934e-01 2.041425e+00
9.999418e-01 1.862979e-04 1.078442e-02 5.462419e-01 -1.826993e-04 9.999999e-01 -3.346035e-04 -4.465365e-02 -1.078442e-02 3.326119e-04 9.999417e-01 2.091102e+00
9.999891e-01 -1.984418e-04 -4.659597e-03 5.536721e-01 1.990173e-04 1.000000e+00 1.229112e-04 -4.831948e-02 4.659635e-03 -1.238390e-04 9.999890e-01 2.149611e+00
9.998612e-01 5.595917e-05 1.666122e-02 5.716802e-01 -4.710219e-05 9.999999e-01 -5.319455e-04 -5.144717e-02 -1.666118e-02 5.310850e-04 9.998610e-01 2.210945e+00
9.999990e-01 -3.426063e-04 -1.383084e-03 5.909886e-01 3.426721e-04 9.999999e-01 4.680286e-05 -5.426822e-02 1.383132e-03 -4.727869e-05 9.999990e-01 2.270592e+00
9.999484e-01 3.248600e-04 1.014946e-02 6.121803e-01 -3.225748e-04 9.999999e-01 -2.267200e-04 -5.817141e-02 -1.014946e-02 2.234325e-04 9.999484e-01 2.346913e+00
9.999082e-01 -1.611478e-04 -1.354834e-02 6.154598e-01 1.650637e-04 9.999999e-01 2.878524e-04 -6.222506e-02 1.354836e-02 -2.900642e-04 9.999081e-01 2.390004e+00
9.999921e-01 5.388568e-04 3.944377e-03 6.201731e-01 -5.389128e-04 9.999999e-01 1.332953e-05 -6.638527e-02 -3.944305e-03 -1.545697e-05 9.999921e-01 2.456862e+00
9.998799e-01 -1.480010e-05 -1.549484e-02 6.336848e-01 2.113405e-05 9.999999e-01 4.085689e-04 -7.056419e-02 1.549490e-02 -4.088491e-04 9.998798e-01 2.521754e+00
9.999814e-01 4.287685e-04 6.085947e-03 6.442662e-01 -4.283587e-04 9.999999e-01 -6.853872e-05 -7.471949e-02 -6.085913e-03 6.592869e-05 9.999814e-01 2.583250e+00
9.999467e-01 -1.907326e-04 -1.032419e-02 6.421615e-01 1.925668e-04 1.000000e+00 1.766036e-04 -7.888481e-02 1.032421e-02 -1.785841e-04 9.999466e-01 2.634787e+00
9.998501e-01 1.919024e-04 1.731171e-02 6.455510e-01 -1.840648e-04 9.999999e-01 -4.542887e-04 -8.249783e-02 -1.731173e-02 4.510324e-04 9.998499e-01 2.701007e+00
9.998417e-01 -5.987506e-05 -1.779320e-02 6.365990e-01 6.617188e-05 9.999999e-01 3.532618e-04 -8.659055e-02 1.779324e-02 -3.543851e-04 9.998415e-01 2.761699e+00
9.998484e-01 1.465393e-04 1.741111e-02 6.211138e-01 -1.391422e-04 9.999999e-01 -4.260262e-04 -9.058435e-02 -1.741110e-02 4.235372e-04 9.998482e-01 2.819713e+00
9.998374e-01 -9.561227e-05 -1.803344e-02 6.065796e-01 1.018219e-04 9.999999e-01 3.433863e-04 -9.455553e-02 1.803347e-02 -3.451685e-04 9.998372e-01 2.874159e+00
9.998293e-01 2.748861e-04 1.847472e-02 6.041137e-01 -2.663467e-04 9.999999e-01 -4.646487e-04 -9.897614e-02 -1.847478e-02 4.596469e-04 9.998291e-01 2.952764e+00
9.998556e-01 -1.598674e-04 -1.699354e-02 6.086261e-01 1.653906e-04 9.999999e-01 3.235701e-04 -1.031172e-01 1.699355e-02 -3.263357e-04 9.998555e-01 3.024049e+00
9.998464e-01 2.616091e-04 1.752346e-02 5.911277e-01 -2.538656e-04 9.999999e-01 -4.440790e-04 -1.070756e-01 -1.752351e-02 4.395604e-04 9.998463e-01 3.088084e+00
9.998373e-01 -2.898806e-04 -1.803459e-02 5.591441e-01 2.960068e-04 9.999999e-01 3.369811e-04 -1.106576e-01 1.803456e-02 -3.422665e-04 9.998372e-01 3.133818e+00
9.998433e-01 4.041216e-04 1.769943e-02 6.257103e-01 -3.980884e-04 9.999999e-01 -3.443521e-04 -1.141758e-01 -1.769951e-02 3.372503e-04 9.998432e-01 3.112008e+00
9.998348e-01 -2.998555e-04 -1.817122e-02 7.522079e-01 3.071290e-04 9.999999e-01 3.974499e-04 -1.191521e-01 1.817116e-02 -4.029670e-04 9.998347e-01 3.156091e+00
9.998338e-01 4.160434e-04 1.822796e-02 8.759645e-01 -4.088840e-04 9.999998e-01 -3.964589e-04 -1.241886e-01 -1.822806e-02 3.889380e-04 9.998337e-01 3.214370e+00
9.998427e-01 -3.075416e-04 -1.773472e-02 9.469930e-01 3.135159e-04 9.999999e-01 3.340500e-04 -1.290855e-01 1.773468e-02 -3.395594e-04 9.998426e-01 3.277169e+00
9.999507e-01 6.273141e-04 9.911445e-03 9.558568e-01 -6.264383e-04 9.999998e-01 -9.140054e-05 -1.337736e-01 -9.911438e-03 8.518533e-05 9.999508e-01 3.367829e+00
9.997952e-01 -2.678950e-04 -2.023475e-02 9.624584e-01 2.752567e-04 9.999999e-01 3.609987e-04 -1.376721e-01 2.023471e-02 -3.664963e-04 9.997951e-01 3.406675e+00
9.998848e-01 3.864557e-04 1.517243e-02 9.472581e-01 -3.806234e-04 9.999999e-01 -3.872461e-04 -1.411489e-01 -1.517252e-02 3.814248e-04 9.998847e-01 3.419259e+00
9.998505e-01 -3.075914e-04 -1.728772e-02 9.309088e-01 3.119182e-04 9.999999e-01 2.475459e-04 -1.441634e-01 1.728770e-02 -2.529030e-04 9.998504e-01 3.398404e+00
9.998909e-01 3.836985e-04 1.476755e-02 9.270474e-01 -3.785789e-04 9.999999e-01 -3.494267e-04 -1.476040e-01 -1.476762e-02 3.437961e-04 9.998908e-01 3.398657e+00
9.998670e-01 -3.537987e-04 -1.630740e-02 9.215008e-01 3.580229e-04 9.999999e-01 2.560758e-04 -1.508406e-01 1.630737e-02 -2.618820e-04 9.998669e-01 3.392461e+00
9.998790e-01 3.958567e-04 1.555251e-02 9.263042e-01 -3.906616e-04 9.999999e-01 -3.370311e-04 -1.539952e-01 -1.555258e-02 3.309128e-04 9.998789e-01 3.377448e+00
9.998688e-01 -3.389768e-04 -1.619275e-02 9.431184e-01 3.436729e-04 9.999999e-01 2.871892e-04 -1.577233e-01 1.619271e-02 -2.927183e-04 9.998688e-01 3.389978e+00
9.998972e-01 5.009646e-04 1.432841e-02 1.111136e+00 -4.991876e-04 9.999999e-01 -1.275594e-04 -1.606963e-01 -1.432841e-02 1.203919e-04 9.998972e-01 3.302824e+00
9.998558e-01 -2.951180e-04 -1.698087e-02 1.342501e+00 3.022817e-04 9.999999e-01 4.192648e-04 -1.626492e-01 1.698080e-02 -4.243391e-04 9.998556e-01 3.149948e+00
9.998687e-01 4.125768e-04 1.619706e-02 1.458601e+00 -4.066844e-04 9.999998e-01 -3.670493e-04 -1.672026e-01 -1.619715e-02 3.604122e-04 9.998687e-01 3.167008e+00
9.998781e-01 -3.801318e-04 -1.561045e-02 1.455330e+00 3.843948e-04 9.999999e-01 2.700492e-04 -1.717372e-01 1.561040e-02 -2.760186e-04 9.998780e-01 3.282740e+00
9.998847e-01 4.589210e-04 1.517643e-02 1.453713e+00 -4.539441e-04 9.999998e-01 -3.313450e-04 -1.760558e-01 -1.517652e-02 3.244158e-04 9.998847e-01 3.348997e+00
9.998495e-01 -3.986187e-04 -1.734140e-02 1.448509e+00 4.026725e-04 9.999999e-01 2.302373e-04 -1.797320e-01 1.734137e-02 -2.371874e-04 9.998495e-01 3.367165e+00
9.998702e-01 4.205488e-04 1.610566e-02 1.440889e+00 -4.159872e-04 9.999999e-01 -2.865397e-04 -1.835698e-01 -1.610572e-02 2.798010e-04 9.998702e-01 3.402615e+00
9.998677e-01 -4.109953e-04 -1.626279e-02 1.434954e+00 4.144075e-04 9.999999e-01 2.064083e-04 -1.873051e-01 1.626276e-02 -2.131222e-04 9.998676e-01 3.432398e+00
9.998779e-01 4.171253e-04 1.562128e-02 1.423138e+00 -4.128764e-04 9.999999e-01 -2.751821e-04 -1.912811e-01 -1.562133e-02 2.686971e-04 9.998779e-01 3.483800e+00
9.998897e-01 -3.376974e-04 -1.484938e-02 1.438948e+00 3.408603e-04 9.999999e-01 2.104272e-04 -1.961295e-01 1.484936e-02 -2.154674e-04 9.998896e-01 3.577937e+00
9.998517e-01 4.641699e-04 1.721314e-02 1.477057e+00 -4.580895e-04 9.999998e-01 -3.571502e-04 -2.014176e-01 -1.721324e-02 3.492103e-04 9.998517e-01 3.710826e+00
9.998420e-01 -4.108778e-04 -1.777011e-02 1.506533e+00 4.173426e-04 9.999998e-01 3.600593e-04 -2.068566e-01 1.777002e-02 -3.674204e-04 9.998419e-01 3.854209e+00
9.998488e-01 4.710041e-04 1.737937e-02 1.534075e+00 -4.645921e-04 9.999998e-01 -3.729414e-04 -2.122080e-01 -1.737949e-02 3.648089e-04 9.998488e-01 3.992253e+00
9.998513e-01 -4.094742e-04 -1.723631e-02 1.545517e+00 4.147047e-04 9.999999e-01 2.998462e-04 -2.170261e-01 1.723625e-02 -3.069514e-04 9.998513e-01 4.106808e+00
9.998640e-01 4.177246e-04 1.648628e-02 1.537009e+00 -4.121673e-04 9.999999e-01 -3.404437e-04 -2.215925e-01 -1.648636e-02 3.336005e-04 9.998639e-01 4.217696e+00
9.998760e-01 -3.300433e-04 -1.574408e-02 1.562480e+00 3.348108e-04 9.999999e-01 3.001392e-04 -2.270017e-01 1.574404e-02 -3.053751e-04 9.998759e-01 4.360353e+00
9.998633e-01 3.788999e-04 1.652784e-02 1.603562e+00 -3.728116e-04 9.999999e-01 -3.714110e-04 -2.326248e-01 -1.652792e-02 3.651966e-04 9.998632e-01 4.519927e+00
9.998626e-01 -3.065020e-04 -1.657307e-02 1.636496e+00 3.121169e-04 9.999999e-01 3.361684e-04 -2.380581e-01 1.657303e-02 -3.412968e-04 9.998625e-01 4.666366e+00
9.998141e-01 4.064958e-04 1.927722e-02 1.647391e+00 -3.967968e-04 9.999998e-01 -5.069244e-04 -2.428456e-01 -1.927736e-02 4.991792e-04 9.998140e-01 4.796046e+00
9.998973e-01 -3.048841e-04 -1.432560e-02 1.665289e+00 3.082861e-04 9.999999e-01 2.352259e-04 -2.475609e-01 1.432559e-02 -2.396199e-04 9.998973e-01 4.924616e+00
9.996467e-01 2.176344e-04 2.657950e-02 1.698418e+00 -1.975724e-04 9.999997e-01 -7.573905e-04 -2.518576e-01 -2.657959e-02 7.518696e-04 9.996463e-01 5.057667e+00
9.997152e-01 -3.890867e-05 -2.386436e-02 1.823178e+00 5.696189e-05 9.999997e-01 7.557836e-04 -2.570873e-01 2.386439e-02 -7.569296e-04 9.997148e-01 5.130839e+00
9.997934e-01 3.806581e-04 2.032385e-02 1.971418e+00 -3.740974e-04 9.999999e-01 -3.265800e-04 -2.622763e-01 -2.032391e-02 3.189076e-04 9.997933e-01 5.177976e+00
9.997607e-01 -2.606656e-04 -2.187258e-02 2.005711e+00 2.694175e-04 9.999999e-01 3.971536e-04 -2.678537e-01 2.187254e-02 -4.029533e-04 9.997606e-01 5.310484e+00
9.997785e-01 3.340441e-04 2.104491e-02 2.022691e+00 -3.255449e-04 9.999999e-01 -4.072565e-04 -2.728644e-01 -2.104498e-02 4.003134e-04 9.997784e-01 5.423148e+00
9.997853e-01 -2.467520e-04 -2.072010e-02 2.038373e+00 2.539638e-04 9.999999e-01 3.453940e-04 -2.778527e-01 2.072007e-02 -3.505838e-04 9.997852e-01 5.549288e+00
9.997841e-01 3.702358e-04 2.077575e-02 2.067336e+00 -3.623983e-04 9.999999e-01 -3.809753e-04 -2.826814e-01 -2.077583e-02 3.733621e-04 9.997840e-01 5.629649e+00
9.997597e-01 -2.901828e-04 -2.191875e-02 2.096362e+00 2.977110e-04 9.999999e-01 3.401657e-04 -2.862374e-01 2.191871e-02 -3.466112e-04 9.997596e-01 5.624132e+00
9.997739e-01 3.535967e-04 2.125854e-02 2.116891e+00 -3.457087e-04 9.999999e-01 -3.746982e-04 -2.903202e-01 -2.125861e-02 3.672624e-04 9.997739e-01 5.658171e+00
9.997665e-01 -3.033761e-04 -2.160579e-02 2.133207e+00 3.106538e-04 9.999999e-01 3.334542e-04 -2.948766e-01 2.160575e-02 -3.400901e-04 9.997664e-01 5.727756e+00
9.997814e-01 4.438733e-04 2.090378e-02 2.187957e+00 -4.374382e-04 9.999999e-01 -3.123878e-04 -2.994841e-01 -2.090385e-02 3.031736e-04 9.997814e-01 5.775708e+00
9.998008e-01 -3.670028e-04 -1.995373e-02 2.206365e+00 3.717936e-04 9.999999e-01 2.363529e-04 -3.039748e-01 1.995370e-02 -2.437263e-04 9.998008e-01 5.837981e+00
9.997510e-01 5.235948e-04 2.230706e-02 2.205669e+00 -5.146025e-04 9.999998e-01 -4.088262e-04 -3.082561e-01 -2.230721e-02 3.972433e-04 9.997510e-01 5.922296e+00
9.997285e-01 -4.396727e-04 -2.329406e-02 2.224353e+00 4.484904e-04 9.999998e-01 3.732856e-04 -3.122780e-01 2.329395e-02 -3.836333e-04 9.997285e-01 5.949277e+00
9.997525e-01 5.554661e-04 2.223936e-02 2.245839e+00 -5.471269e-04 9.999998e-01 -3.810306e-04 -3.167493e-01 -2.223951e-02 3.687667e-04 9.997525e-01 5.996891e+00
9.998521e-01 -4.103027e-04 -1.719340e-02 2.253426e+00 4.125396e-04 9.999999e-01 1.265135e-04 -3.209383e-01 1.719341e-02 -1.335896e-04 9.998521e-01 6.085147e+00
9.997113e-01 4.633710e-04 2.402362e-02 2.268022e+00 -4.535230e-04 9.999998e-01 -4.153485e-04 -3.250843e-01 -2.402374e-02 4.043314e-04 9.997112e-01 6.175649e+00
9.995238e-01 -1.107523e-04 -3.085582e-02 2.307535e+00 1.296043e-04 9.999998e-01 6.089479e-04 -3.289110e-01 3.085580e-02 -6.126588e-04 9.995236e-01 6.186909e+00
9.998211e-01 5.934003e-04 1.890461e-02 2.341758e+00 -5.878624e-04 9.999998e-01 -2.984607e-04 -3.318190e-01 -1.890473e-02 2.872922e-04 9.998212e-01 6.165188e+00
9.996546e-01 -3.232950e-04 -2.627786e-02 2.429704e+00 3.353301e-04 9.999998e-01 4.535655e-04 -3.337846e-01 2.627776e-02 -4.622224e-04 9.996545e-01 6.057311e+00
9.997758e-01 5.601422e-04 2.116739e-02 2.506122e+00 -5.502334e-04 9.999997e-01 -4.739095e-04 -3.354296e-01 -2.116759e-02 4.621545e-04 9.997757e-01 5.920313e+00
9.997128e-01 -4.353216e-04 -2.395867e-02 2.523245e+00 4.448338e-04 9.999998e-01 3.916673e-04 -3.388227e-01 2.395856e-02 -4.022143e-04 9.997128e-01 5.909613e+00
9.997415e-01 6.317085e-04 2.272558e-02 2.568131e+00 -6.226333e-04 9.999997e-01 -4.063874e-04 -3.421301e-01 -2.272577e-02 3.921309e-04 9.997416e-01 5.865827e+00
9.998333e-01 -5.274816e-04 -1.825300e-02 2.567348e+00 5.303533e-04 9.999998e-01 1.524509e-04 -3.463100e-01 1.825298e-02 -1.621078e-04 9.998333e-01 5.963435e+00
9.997594e-01 6.546654e-04 2.192623e-02 2.565963e+00 -6.466092e-04 9.999997e-01 -3.744842e-04 -3.504956e-01 -2.192641e-02 3.602146e-04 9.997594e-01 6.053141e+00
9.998449e-01 -5.226707e-04 -1.760369e-02 2.577165e+00 5.250994e-04 9.999999e-01 1.333025e-04 -3.550507e-01 1.760368e-02 -1.425274e-04 9.998449e-01 6.160385e+00
9.998078e-01 6.794253e-04 1.959476e-02 2.604486e+00 -6.742314e-04 9.999997e-01 -2.716399e-04 -3.599922e-01 -1.959487e-02 2.583744e-04 9.998079e-01 6.273069e+00
9.998580e-01 -5.460884e-04 -1.684299e-02 2.609542e+00 5.476574e-04 9.999998e-01 8.850479e-05 -3.643991e-01 1.684300e-02 -9.771825e-05 9.998581e-01 6.369688e+00
9.998404e-01 6.218261e-04 1.785380e-02 2.595096e+00 -6.179483e-04 9.999998e-01 -2.226769e-04 -3.685509e-01 -1.785388e-02 2.116068e-04 9.998405e-01 6.456460e+00
9.998713e-01 -5.143325e-04 -1.603462e-02 2.588706e+00 5.153729e-04 9.999999e-01 6.071151e-05 -3.728325e-01 1.603464e-02 -6.896937e-05 9.998713e-01 6.542875e+00
9.997530e-01 6.319201e-04 2.221704e-02 2.609911e+00 -6.240340e-04 9.999997e-01 -3.618600e-04 -3.772685e-01 -2.221720e-02 3.479045e-04 9.997530e-01 6.648957e+00
9.998774e-01 -5.923524e-04 -1.564946e-02 2.628088e+00 5.940737e-04 9.999998e-01 1.052954e-04 -3.813260e-01 1.564945e-02 -1.145813e-04 9.998774e-01 6.730254e+00
9.998668e-01 6.768711e-04 1.630390e-02 2.647199e+00 -6.740602e-04 9.999998e-01 -1.778656e-04 -3.852246e-01 -1.630395e-02 1.668502e-04 9.998670e-01 6.753969e+00
9.998565e-01 -5.187033e-04 -1.693381e-02 2.731905e+00 5.213694e-04 9.999999e-01 1.529822e-04 -3.870751e-01 1.693379e-02 -1.617909e-04 9.998565e-01 6.623496e+00
9.998697e-01 6.887961e-04 1.612673e-02 2.836896e+00 -6.856309e-04 9.999997e-01 -2.017544e-04 -3.885762e-01 -1.612680e-02 1.906692e-04 9.998698e-01 6.465387e+00
9.998675e-01 -5.895474e-04 -1.626828e-02 2.889242e+00 5.922580e-04 9.999998e-01 1.617572e-04 -3.916076e-01 1.626824e-02 -1.713726e-04 9.998676e-01 6.419544e+00
9.998792e-01 7.719537e-04 1.552251e-02 3.001931e+00 -7.698385e-04 9.999997e-01 -1.421990e-04 -3.932231e-01 -1.552256e-02 1.302301e-04 9.998794e-01 6.261525e+00
9.998574e-01 -5.701815e-04 -1.687980e-02 3.202513e+00 5.723536e-04 9.999998e-01 1.238129e-04 -3.926961e-01 1.687979e-02 -1.334584e-04 9.998574e-01 5.962309e+00
9.998753e-01 7.781509e-04 1.577027e-02 3.371538e+00 -7.760302e-04 9.999997e-01 -1.405553e-04 -3.934287e-01 -1.577031e-02 1.282977e-04 9.998755e-01 5.742702e+00
9.998649e-01 -6.130292e-04 -1.642470e-02 3.480067e+00 6.143866e-04 9.999998e-01 7.755222e-05 -3.945389e-01 1.642471e-02 -8.763475e-05 9.998650e-01 5.561491e+00
9.998698e-01 7.363642e-04 1.611863e-02 3.547443e+00 -7.344376e-04 9.999997e-01 -1.254051e-04 -3.969640e-01 -1.611866e-02 1.135487e-04 9.998700e-01 5.472107e+00
9.998957e-01 -6.369559e-04 -1.442911e-02 3.557891e+00 6.371493e-04 9.999998e-01 8.761630e-06 -4.009400e-01 1.442917e-02 -1.795611e-05 9.998958e-01 5.506807e+00
9.999001e-01 8.095612e-04 1.410733e-02 3.630890e+00 -8.100084e-04 9.999997e-01 2.603099e-05 -4.051767e-01 -1.410724e-02 -3.745730e-05 9.999004e-01 5.513765e+00
9.998788e-01 -6.054299e-04 -1.555628e-02 3.739720e+00 6.056474e-04 9.999998e-01 9.229444e-06 -4.086322e-01 1.555633e-02 -1.865182e-05 9.998789e-01 5.467089e+00
9.999054e-01 8.053453e-04 1.373057e-02 3.857529e+00 -8.056742e-04 9.999997e-01 1.847029e-05 -4.113354e-01 -1.373049e-02 -2.953274e-05 9.999056e-01 5.373774e+00
9.997235e-01 -3.141219e-04 -2.351188e-02 4.003564e+00 3.261200e-04 9.999998e-01 5.064382e-04 -4.132201e-01 2.351178e-02 -5.139676e-04 9.997233e-01 5.255613e+00
9.998824e-01 7.418833e-04 1.531411e-02 4.165961e+00 -7.439480e-04 9.999997e-01 1.291651e-04 -4.157648e-01 -1.531395e-02 -1.405445e-04 9.998826e-01 5.166340e+00
9.998288e-01 -6.043746e-04 -1.849062e-02 4.324274e+00 6.046326e-04 9.999998e-01 8.332443e-06 -4.172894e-01 1.849067e-02 -1.951277e-05 9.998289e-01 5.006672e+00
9.998659e-01 7.996701e-04 1.635822e-02 4.410049e+00 -8.001150e-04 9.999997e-01 2.068932e-05 -4.209189e-01 -1.635814e-02 -3.377668e-05 9.998661e-01 4.973877e+00
9.998188e-01 -6.071988e-04 -1.902698e-02 4.497208e+00 6.082181e-04 9.999998e-01 4.775318e-05 -4.249045e-01 1.902701e-02 -5.931878e-05 9.998189e-01 4.962110e+00
9.998446e-01 7.450639e-04 1.761352e-02 4.544592e+00 -7.449083e-04 9.999997e-01 -1.536245e-05 -4.297838e-01 -1.761347e-02 2.237941e-06 9.998448e-01 5.024822e+00
9.998031e-01 -5.900777e-04 -1.983260e-02 4.564078e+00 5.911321e-04 9.999998e-01 4.727285e-05 -4.350436e-01 1.983263e-02 -5.898892e-05 9.998032e-01 5.128863e+00
9.998451e-01 7.863127e-04 1.758231e-02 4.600849e+00 -7.861021e-04 9.999997e-01 -1.885927e-05 -4.400022e-01 -1.758226e-02 5.033221e-06 9.998453e-01 5.196919e+00
9.997894e-01 -6.619501e-04 -2.051020e-02 4.604075e+00 6.624552e-04 9.999998e-01 1.780240e-05 -4.448158e-01 2.051024e-02 -3.138741e-05 9.997896e-01 5.281839e+00
9.998142e-01 7.256875e-04 1.926125e-02 4.600664e+00 -7.249044e-04 9.999997e-01 -4.761236e-05 -4.494574e-01 -1.926122e-02 3.363931e-05 9.998144e-01 5.374209e+00
9.996989e-01 -5.601635e-04 -2.453230e-02 4.596305e+00 5.638281e-04 9.999998e-01 1.424398e-04 -4.543945e-01 2.453228e-02 -1.562306e-04 9.996989e-01 5.483286e+00
9.998576e-01 8.599624e-04 1.685358e-02 4.631536e+00 -8.615794e-04 9.999996e-01 8.871430e-05 -4.582202e-01 -1.685344e-02 -1.032240e-04 9.998579e-01 5.497569e+00
9.997692e-01 -6.664290e-04 -2.147222e-02 4.696912e+00 6.656792e-04 9.999998e-01 -4.208811e-05 -4.613461e-01 2.147230e-02 2.778317e-05 9.997694e-01 5.449047e+00
9.998323e-01 8.240483e-04 1.829390e-02 4.779129e+00 -8.242698e-04 9.999997e-01 4.598731e-06 -4.638701e-01 -1.829383e-02 -1.967865e-05 9.998326e-01 5.363216e+00
9.997147e-01 -6.278869e-04 -2.387654e-02 4.829340e+00 6.288999e-04 9.999998e-01 3.489421e-05 -4.668458e-01 2.387657e-02 -4.990182e-05 9.997148e-01 5.313536e+00
9.998432e-01 8.797645e-04 1.768589e-02 4.858582e+00 -8.813718e-04 9.999996e-01 8.311239e-05 -4.708797e-01 -1.768576e-02 -9.868876e-05 9.998435e-01 5.332988e+00
9.994760e-01 -2.767108e-04 -3.236661e-02 4.881983e+00 2.921017e-04 9.999998e-01 4.707741e-04 -4.750496e-01 3.236653e-02 -4.799832e-04 9.994759e-01 5.414609e+00
9.997937e-01 8.044727e-04 2.029504e-02 4.932717e+00 -8.063611e-04 9.999997e-01 8.488604e-05 -4.792903e-01 -2.029491e-02 -1.012351e-04 9.997939e-01 5.475228e+00
9.996939e-01 -6.221405e-04 -2.473129e-02 4.958547e+00 6.198894e-04 9.999998e-01 -9.870941e-05 -4.831334e-01 2.473140e-02 8.334708e-05 9.996940e-01 5.481248e+00
9.997308e-01 7.524913e-04 2.318760e-02 4.971876e+00 -7.545494e-04 9.999997e-01 8.002726e-05 -4.876650e-01 -2.318748e-02 -9.750334e-05 9.997310e-01 5.535107e+00
9.997809e-01 -6.693796e-04 -2.092146e-02 4.992086e+00 6.647820e-04 9.999998e-01 -2.267304e-04 -4.925870e-01 2.092166e-02 2.127711e-04 9.997810e-01 5.660360e+00
9.997969e-01 7.036773e-04 2.014280e-02 4.994339e+00 -7.079418e-04 9.999997e-01 2.046033e-04 -4.974799e-01 -2.014259e-02 -2.188231e-04 9.997970e-01 5.789836e+00
9.997825e-01 -6.469923e-04 -2.084400e-02 4.990038e+00 6.418535e-04 9.999998e-01 -2.532461e-04 -5.021804e-01 2.084422e-02 2.398108e-04 9.997826e-01 5.897917e+00
9.999322e-01 9.636821e-04 1.160451e-02 4.997302e+00 -9.702980e-04 9.999994e-01 5.645346e-04 -5.069341e-01 -1.160391e-02 -5.757575e-04 9.999324e-01 6.005021e+00
9.996804e-01 -4.292575e-04 -2.527717e-02 5.011880e+00 4.280067e-04 9.999999e-01 -5.490877e-05 -5.111870e-01 2.527725e-02 4.407106e-05 9.996804e-01 6.089271e+00
9.998428e-01 7.190113e-04 1.771733e-02 5.017992e+00 -7.246140e-04 9.999997e-01 3.098306e-04 -5.157584e-01 -1.771706e-02 -3.226214e-04 9.998429e-01 6.175238e+00
9.994620e-01 -1.118972e-04 -3.279828e-02 5.032757e+00 1.204676e-04 1.000000e+00 2.593173e-04 -5.199367e-01 3.279830e-02 -2.631302e-04 9.994619e-01 6.277558e+00
9.997741e-01 5.612163e-04 2.124845e-02 5.045931e+00 -5.656908e-04 9.999998e-01 2.045891e-04 -5.244940e-01 -2.124828e-02 -2.165641e-04 9.997741e-01 6.370008e+00
9.996272e-01 -3.792865e-04 -2.730207e-02 5.046332e+00 3.792221e-04 9.999999e-01 -7.550572e-06 -5.293786e-01 2.730212e-02 -2.806978e-06 9.996271e-01 6.469161e+00
9.997004e-01 5.278338e-04 2.446958e-02 5.047348e+00 -5.294424e-04 9.999999e-01 5.927229e-05 -5.340919e-01 -2.446950e-02 -7.221094e-05 9.997005e-01 6.560406e+00
9.998847e-01 -5.668432e-04 -1.517099e-02 5.058086e+00 5.603254e-04 9.999997e-01 -4.338922e-04 -5.377286e-01 1.517128e-02 4.253402e-04 9.998847e-01 6.645352e+00
9.997110e-01 4.727613e-04 2.403599e-02 5.070596e+00 -4.751198e-04 9.999999e-01 9.242632e-05 -5.413936e-01 -2.403590e-02 -1.038208e-04 9.997110e-01 6.726178e+00
9.998728e-01 -5.517119e-04 -1.593681e-02 5.082015e+00 5.453431e-04 9.999998e-01 -4.039943e-04 -5.452549e-01 1.593708e-02 3.952506e-04 9.998728e-01 6.814569e+00
9.996268e-01 5.088657e-04 2.731433e-02 5.097247e+00 -5.076575e-04 9.999999e-01 -5.115265e-05 -5.488002e-01 -2.731430e-02 3.726593e-05 9.996268e-01 6.903789e+00
9.999300e-01 -8.383640e-04 -1.179840e-02 5.123147e+00 8.331907e-04 9.999996e-01 -4.434184e-04 -5.520155e-01 1.179882e-02 4.335557e-04 9.999302e-01 6.984464e+00
9.999313e-01 9.517498e-04 1.167944e-02 5.129433e+00 -9.566791e-04 9.999995e-01 4.165014e-04 -5.560071e-01 -1.167899e-02 -4.276476e-04 9.999316e-01 7.036525e+00
9.999358e-01 -7.011564e-04 -1.131209e-02 5.127775e+00 6.954919e-04 9.999996e-01 -5.047060e-04 -5.598889e-01 1.131249e-02 4.968047e-04 9.999358e-01 7.092979e+00
9.999214e-01 8.062076e-04 1.251491e-02 5.134790e+00 -8.116113e-04 9.999996e-01 4.267402e-04 -5.640006e-01 -1.251451e-02 -4.368652e-04 9.999215e-01 7.158002e+00
9.999237e-01 -6.499449e-04 -1.233312e-02 5.135816e+00 6.438001e-04 9.999997e-01 -5.022314e-04 -5.680394e-01 1.233350e-02 4.942516e-04 9.999237e-01 7.222805e+00
9.999006e-01 7.402381e-04 1.407969e-02 5.120152e+00 -7.451841e-04 9.999997e-01 3.460670e-04 -5.720795e-01 -1.407937e-02 -3.565259e-04 9.999007e-01 7.302039e+00
9.998878e-01 -6.482866e-04 -1.496819e-02 5.105914e+00 6.424639e-04 9.999997e-01 -3.938336e-04 -5.764329e-01 1.496849e-02 3.841715e-04 9.998878e-01 7.380482e+00
9.998366e-01 7.468044e-04 1.806151e-02 5.097078e+00 -7.502552e-04 9.999997e-01 1.843014e-04 -5.805160e-01 -1.806132e-02 -1.978234e-04 9.998368e-01 7.467630e+00
9.998107e-01 -6.217926e-04 -1.944589e-02 5.085023e+00 6.173263e-04 9.999998e-01 -2.356991e-04 -5.851372e-01 1.944609e-02 2.236486e-04 9.998108e-01 7.560099e+00
9.999864e-01 1.202669e-03 5.069229e-03 5.100974e+00 -1.206365e-03 9.999990e-01 7.261598e-04 -5.890268e-01 -5.068299e-03 -7.322666e-04 9.999868e-01 7.633929e+00
9.998502e-01 -6.656373e-04 -1.729740e-02 5.122375e+00 6.606941e-04 9.999997e-01 -2.915148e-04 -5.929116e-01 1.729764e-02 2.800416e-04 9.998503e-01 7.680235e+00
9.999588e-01 1.002857e-03 9.019688e-03 5.131349e+00 -1.007963e-03 9.999993e-01 5.616307e-04 -5.971393e-01 -9.019070e-03 -5.707004e-04 9.999591e-01 7.744130e+00
9.997383e-01 -4.472463e-04 -2.287230e-02 5.144893e+00 4.446770e-04 9.999999e-01 -1.174326e-04 -6.011981e-01 2.287240e-02 1.072299e-04 9.997383e-01 7.827655e+00
9.999933e-01 1.150420e-03 3.476225e-03 5.159647e+00 -1.153409e-03 9.999990e-01 8.580662e-04 -6.046931e-01 -3.475187e-03 -8.620711e-04 9.999935e-01 7.896395e+00
9.998838e-01 -6.890858e-04 -1.522537e-02 5.170147e+00 6.811603e-04 9.999996e-01 -5.257426e-04 -6.087122e-01 1.522577e-02 5.153096e-04 9.998839e-01 7.958650e+00
9.999978e-01 1.264506e-03 -1.676022e-03 5.182333e+00 -1.262535e-03 9.999985e-01 1.176044e-03 -6.125967e-01 1.677551e-03 -1.173926e-03 9.999978e-01 8.034883e+00
9.998892e-01 -6.421460e-04 -1.487475e-02 5.191769e+00 6.336793e-04 9.999996e-01 -5.739183e-04 -6.165705e-01 1.487516e-02 5.644279e-04 9.998891e-01 8.130153e+00
9.999901e-01 1.059862e-03 4.318884e-03 5.204126e+00 -1.064037e-03 9.999990e-01 9.645618e-04 -6.208328e-01 -4.317816e-03 -9.691486e-04 9.999901e-01 8.194831e+00
9.999223e-01 -7.859679e-04 -1.244365e-02 5.202154e+00 7.760144e-04 9.999994e-01 -8.047152e-04 -6.248891e-01 1.244432e-02 7.949953e-04 9.999222e-01 8.244675e+00
9.999941e-01 1.072418e-03 3.273183e-03 5.205092e+00 -1.075912e-03 9.999989e-01 1.066166e-03 -6.289084e-01 -3.271996e-03 -1.069683e-03 9.999940e-01 8.287540e+00
9.999440e-01 -8.497442e-04 -1.054922e-02 5.202475e+00 8.397451e-04 9.999992e-01 -9.522575e-04 -6.327700e-01 1.055006e-02 9.433447e-04 9.999438e-01 8.317619e+00
9.999591e-01 9.235241e-04 8.992143e-03 5.198139e+00 -9.316942e-04 9.999992e-01 9.044506e-04 -6.372186e-01 -8.991261e-03 -9.127924e-04 9.999591e-01 8.388098e+00
9.999636e-01 -8.688047e-04 -8.491515e-03 5.198993e+00 8.605675e-04 9.999992e-01 -9.736818e-04 -6.408372e-01 8.492393e-03 9.663380e-04 9.999634e-01 8.401345e+00
9.999843e-01 9.413792e-04 5.522139e-03 5.190864e+00 -9.460576e-04 9.999992e-01 8.446894e-04 -6.438319e-01 -5.521301e-03 -8.499012e-04 9.999843e-01 8.374533e+00
9.999694e-01 -9.129957e-04 -7.766969e-03 5.169019e+00 9.059458e-04 9.999992e-01 -9.111757e-04 -6.477568e-01 7.767833e-03 9.041105e-04 9.999693e-01 8.423270e+00
9.999325e-01 1.038832e-03 1.156946e-02 5.158911e+00 -1.047081e-03 9.999992e-01 7.069563e-04 -6.515760e-01 -1.156868e-02 -7.190236e-04 9.999327e-01 8.484974e+00
9.999851e-01 -1.004062e-03 -5.363695e-03 5.167384e+00 9.989935e-04 9.999991e-01 -9.475897e-04 -6.559879e-01 5.364681e-03 9.422164e-04 9.999851e-01 8.593847e+00
9.999993e-01 1.116504e-03 -2.469709e-04 5.156843e+00 -1.116240e-03 9.999988e-01 1.067782e-03 -6.607382e-01 2.482019e-04 -1.067507e-03 9.999993e-01 8.693771e+00
9.999926e-01 -1.020697e-03 -3.702114e-03 5.146603e+00 1.016865e-03 9.999989e-01 -1.036782e-03 -6.654507e-01 3.703207e-03 1.033009e-03 9.999925e-01 8.781161e+00
9.999979e-01 1.076931e-03 1.720582e-03 5.133596e+00 -1.078718e-03 9.999989e-01 1.038117e-03 -6.701372e-01 -1.719424e-03 -1.039972e-03 9.999979e-01 8.886872e+00
9.999885e-01 -1.042837e-03 -4.688493e-03 5.116027e+00 1.038098e-03 9.999989e-01 -1.013114e-03 -6.748322e-01 4.689583e-03 1.008234e-03 9.999884e-01 8.991843e+00
9.999842e-01 1.310228e-03 -5.469679e-03 5.111426e+00 -1.302934e-03 9.999983e-01 1.336800e-03 -6.796338e-01 5.471459e-03 -1.329653e-03 9.999841e-01 9.117125e+00
9.999189e-01 -6.765958e-04 -1.271522e-02 5.119595e+00 6.684874e-04 9.999996e-01 -6.419479e-04 -6.835412e-01 1.271569e-02 6.333952e-04 9.999189e-01 9.212297e+00
9.999941e-01 1.193351e-03 -3.211536e-03 5.123599e+00 -1.189308e-03 9.999985e-01 1.260586e-03 -6.878877e-01 3.213070e-03 -1.256759e-03 9.999940e-01 9.328804e+00
9.999979e-01 -1.094926e-03 -1.729139e-03 5.112282e+00 1.092993e-03 9.999988e-01 -1.118752e-03 -6.927582e-01 1.730396e-03 1.116859e-03 9.999978e-01 9.437094e+00
9.999961e-01 1.222143e-03 -2.519796e-03 5.101998e+00 -1.219311e-03 9.999986e-01 1.124911e-03 -6.971982e-01 2.521201e-03 -1.121835e-03 9.999961e-01 9.505550e+00
9.999991e-01 -1.113515e-03 6.902863e-04 5.107289e+00 1.114273e-03 9.999988e-01 -1.098661e-03 -7.023347e-01 -6.890289e-04 1.099429e-03 9.999991e-01 9.616124e+00
9.999975e-01 1.219790e-03 -1.858416e-03 5.117210e+00 -1.217714e-03 9.999986e-01 1.117858e-03 -7.075222e-01 1.859810e-03 -1.115593e-03 9.999976e-01 9.746022e+00
9.999412e-01 -7.461139e-04 -1.081608e-02 5.129363e+00 7.378814e-04 9.999994e-01 -7.651210e-04 -7.115526e-01 1.081668e-02 7.570945e-04 9.999411e-01 9.815046e+00
9.999518e-01 1.533079e-03 -9.702437e-03 5.179447e+00 -1.518325e-03 9.999977e-01 1.527842e-03 -7.134543e-01 9.704787e-03 -1.513037e-03 9.999517e-01 9.781263e+00
9.999835e-01 -8.369470e-04 -5.687481e-03 5.244350e+00 8.314721e-04 9.999992e-01 -9.649439e-04 -7.156973e-01 5.688312e-03 9.601985e-04 9.999833e-01 9.734962e+00
9.999981e-01 1.069719e-03 -1.598508e-03 5.341527e+00 -1.067782e-03 9.999987e-01 1.211712e-03 -7.180884e-01 1.599830e-03 -1.210004e-03 9.999979e-01 9.643538e+00
9.999895e-01 -8.573490e-04 -4.510834e-03 5.485448e+00 8.527321e-04 9.999991e-01 -1.025343e-03 -7.190383e-01 4.511736e-03 1.021485e-03 9.999892e-01 9.451941e+00
9.999956e-01 1.107320e-03 -2.764085e-03 5.675281e+00 -1.103668e-03 9.999985e-01 1.322667e-03 -7.183502e-01 2.765572e-03 -1.319611e-03 9.999952e-01 9.162611e+00
9.999916e-01 -9.233271e-04 -3.984601e-03 5.873002e+00 9.190865e-04 9.999990e-01 -1.065968e-03 -7.172472e-01 3.985607e-03 1.062297e-03 9.999914e-01 8.844893e+00
9.999991e-01 1.054653e-03 -7.660949e-04 6.131782e+00 -1.053681e-03 9.999986e-01 1.269052e-03 -7.138686e-01 7.674576e-04 -1.268244e-03 9.999988e-01 8.387210e+00
9.999981e-01 -8.536303e-04 -1.778416e-03 6.466970e+00 8.515173e-04 9.999989e-01 -1.188574e-03 -7.078322e-01 1.779454e-03 1.187057e-03 9.999976e-01 7.745244e+00
9.999988e-01 1.055851e-03 -1.130045e-03 6.856714e+00 -1.054433e-03 9.999987e-01 1.254419e-03 -6.993867e-01 1.131393e-03 -1.253226e-03 9.999985e-01 6.951115e+00
9.999976e-01 -8.647989e-04 -2.001723e-03 7.215450e+00 8.624078e-04 9.999989e-01 -1.195085e-03 -6.918358e-01 2.002779e-03 1.193355e-03 9.999972e-01 6.215821e+00
9.999967e-01 1.024450e-03 -2.368823e-03 7.594783e+00 -1.021111e-03 9.999985e-01 1.410396e-03 -6.835598e-01 2.370288e-03 -1.407973e-03 9.999961e-01 5.440178e+00
9.999958e-01 -9.196679e-04 -2.756260e-03 7.933420e+00 9.168006e-04 9.999990e-01 -1.041362e-03 -6.783715e-01 2.757239e-03 1.038830e-03 9.999956e-01 4.859639e+00
9.999988e-01 1.091088e-03 1.090262e-03 8.223130e+00 -1.092212e-03 9.999989e-01 1.030252e-03 -6.742373e-01 -1.089113e-03 -1.031441e-03 9.999988e-01 4.335118e+00
9.999961e-01 -8.824791e-04 -2.644426e-03 8.495109e+00 8.798286e-04 9.999991e-01 -1.003308e-03 -6.708412e-01 2.645332e-03 1.000977e-03 9.999959e-01 3.853961e+00
9.999991e-01 1.066359e-03 8.004207e-04 8.797081e+00 -1.067168e-03 9.999989e-01 1.010849e-03 -6.663225e-01 -7.993188e-04 -1.011703e-03 9.999991e-01 3.306158e+00
9.999961e-01 -9.174449e-04 -2.645600e-03 9.086953e+00 9.150081e-04 9.999992e-01 -9.221849e-04 -6.635802e-01 2.646467e-03 9.197603e-04 9.999960e-01 2.862908e+00
9.999975e-01 1.355543e-03 -1.799725e-03 9.324595e+00 -1.353016e-03 9.999981e-01 1.404817e-03 -6.647873e-01 1.801648e-03 -1.402379e-03 9.999973e-01 2.657663e+00
9.999971e-01 -1.162901e-03 -2.087661e-03 9.545032e+00 1.160723e-03 9.999988e-01 -1.044544e-03 -6.651684e-01 2.088895e-03 1.042117e-03 9.999972e-01 2.420939e+00
9.999970e-01 1.317810e-03 -2.054889e-03 9.813061e+00 -1.315153e-03 9.999983e-01 1.293985e-03 -6.618152e-01 2.056613e-03 -1.291279e-03 9.999970e-01 1.952513e+00
9.999964e-01 -1.096084e-03 -2.431839e-03 1.007472e+01 1.093646e-03 9.999989e-01 -1.003572e-03 -6.590928e-01 2.432957e-03 1.000909e-03 9.999964e-01 1.533275e+00
9.999980e-01 1.235894e-03 -1.558213e-03 1.034440e+01 -1.233831e-03 9.999984e-01 1.324399e-03 -6.565897e-01 1.559868e-03 -1.322474e-03 9.999978e-01 1.118877e+00
9.999974e-01 -1.069149e-03 -2.024727e-03 1.072309e+01 1.066793e-03 9.999988e-01 -1.164235e-03 -6.489113e-01 2.025990e-03 1.162072e-03 9.999972e-01 3.750044e-01
9.999992e-01 1.216810e-03 -2.935733e-04 1.098909e+01 -1.216423e-03 9.999984e-01 1.315500e-03 -6.476198e-01 2.951939e-04 -1.315142e-03 9.999990e-01 1.971859e-02
9.999990e-01 -1.044000e-03 -9.885890e-04 1.114582e+01 1.042731e-03 9.999986e-01 -1.283761e-03 -6.495025e-01 9.899481e-04 1.282729e-03 9.999986e-01 -1.309011e-01
9.999988e-01 1.149079e-03 -1.046068e-03 1.133545e+01 -1.147396e-03 9.999980e-01 1.607938e-03 -6.532969e-01 1.047934e-03 -1.606735e-03 9.999981e-01 -1.721078e-01
9.999891e-01 -1.071436e-03 -4.540244e-03 1.148399e+01 1.068056e-03 9.999992e-01 -7.466476e-04 -6.599462e-01 4.541060e-03 7.417903e-04 9.999893e-01 -3.573418e-03
9.999978e-01 5.441038e-04 -2.032480e-03 1.151472e+01 -5.408703e-04 9.999986e-01 1.591130e-03 -6.673664e-01 2.033362e-03 -1.590027e-03 9.999966e-01 3.357251e-01
9.999774e-01 -7.285197e-04 -6.679248e-03 1.153992e+01 7.243368e-04 9.999995e-01 -6.286389e-04 -6.752189e-01 6.679721e-03 6.237870e-04 9.999774e-01 6.768670e-01
9.999903e-01 5.882907e-04 4.365295e-03 1.176069e+01 -5.934414e-04 9.999991e-01 1.178702e-03 -6.817068e-01 -4.364580e-03 -1.181281e-03 9.999897e-01 8.169464e-01
9.998987e-01 -1.270683e-03 -1.417711e-02 1.184360e+01 1.275269e-03 9.999991e-01 3.143951e-04 -6.902790e-01 1.417671e-02 -3.324424e-04 9.998994e-01 1.221876e+00
9.999815e-01 9.086923e-04 6.014191e-03 1.182582e+01 -9.117754e-04 9.999995e-01 5.099070e-04 -6.978274e-01 -6.013708e-03 -5.153806e-04 9.999817e-01 1.602998e+00
9.999194e-01 -1.386103e-03 -1.262069e-02 1.185162e+01 1.389396e-03 9.999990e-01 2.520978e-04 -7.050670e-01 1.262034e-02 -2.696120e-04 9.999202e-01 1.932129e+00
9.999983e-01 5.757457e-04 1.727642e-03 1.185979e+01 -5.775706e-04 9.999993e-01 1.055918e-03 -7.132406e-01 -1.727019e-03 -1.056913e-03 9.999979e-01 2.389767e+00
9.999142e-01 -8.851015e-04 -1.307145e-02 1.185245e+01 8.868431e-04 9.999996e-01 1.274441e-04 -7.212099e-01 1.307135e-02 -1.390246e-04 9.999145e-01 2.792596e+00
9.999657e-01 9.788361e-04 8.225806e-03 1.188875e+01 -9.816879e-04 9.999995e-01 3.426529e-04 -7.278347e-01 -8.225454e-03 -3.507154e-04 9.999660e-01 2.993973e+00
9.999521e-01 -1.034630e-03 -9.727657e-03 1.194609e+01 1.032387e-03 9.999994e-01 -2.355437e-04 -7.342058e-01 9.727908e-03 2.254907e-04 9.999526e-01 3.170454e+00
9.999986e-01 5.918374e-04 -1.587753e-03 1.196823e+01 -5.893605e-04 9.999986e-01 1.560006e-03 -7.428395e-01 1.588686e-03 -1.559067e-03 9.999974e-01 3.596968e+00
9.999736e-01 -4.988831e-04 -7.246779e-03 1.199452e+01 4.940078e-04 9.999997e-01 -6.745242e-04 -7.503545e-01 7.247123e-03 6.709276e-04 9.999734e-01 3.883674e+00
9.999767e-01 2.500941e-04 6.827158e-03 1.211692e+01 -2.555528e-04 9.999996e-01 7.986907e-04 -7.570272e-01 -6.826945e-03 -8.004156e-04 9.999763e-01 4.068595e+00
9.999594e-01 -5.551862e-04 -8.995766e-03 1.225576e+01 5.520122e-04 9.999998e-01 -3.553070e-04 -7.643381e-01 8.995971e-03 3.503281e-04 9.999594e-01 4.293777e+00
9.999936e-01 3.034982e-04 3.578043e-03 1.232305e+01 -3.072132e-04 9.999994e-01 1.037756e-03 -7.717557e-01 -3.577717e-03 -1.038847e-03 9.999930e-01 4.567337e+00
9.999815e-01 -7.636392e-04 -6.036395e-03 1.237792e+01 7.592726e-04 9.999994e-01 -7.256266e-04 -7.789237e-01 6.036955e-03 7.210312e-04 9.999814e-01 4.841420e+00
9.999997e-01 4.030271e-04 5.989138e-04 1.238561e+01 -4.037823e-04 9.999991e-01 1.261191e-03 -7.863412e-01 -5.983961e-04 -1.261431e-03 9.999989e-01 5.172873e+00
9.999965e-01 -5.975675e-04 -2.569813e-03 1.244350e+01 5.947449e-04 9.999992e-01 -1.098979e-03 -7.930780e-01 2.570476e-03 1.097449e-03 9.999960e-01 5.388361e+00
9.999979e-01 2.941624e-04 2.017919e-03 1.253836e+01 -2.965534e-04 9.999993e-01 1.184638e-03 -7.998729e-01 -2.017561e-03 -1.185233e-03 9.999972e-01 5.592637e+00
9.999947e-01 -5.743173e-04 -3.211130e-03 1.259570e+01 5.709495e-04 9.999993e-01 -1.049579e-03 -8.067123e-01 3.211739e-03 1.047742e-03 9.999942e-01 5.823262e+00
9.999997e-01 1.885035e-04 7.363398e-04 1.276401e+01 -1.895469e-04 9.999990e-01 1.417074e-03 -8.136965e-01 -7.360637e-04 -1.417212e-03 9.999986e-01 6.010240e+00
9.999944e-01 -5.512555e-04 -3.304396e-03 1.299438e+01 5.486172e-04 9.999995e-01 -7.992669e-04 -8.209149e-01 3.304843e-03 7.974511e-04 9.999941e-01 6.202391e+00
9.999996e-01 3.744420e-04 -8.272617e-04 1.317337e+01 -3.731940e-04 9.999988e-01 1.508206e-03 -8.283302e-01 8.278330e-04 -1.507895e-03 9.999984e-01 6.409996e+00
9.999971e-01 -3.896383e-04 -2.382835e-03 1.339651e+01 3.873730e-04 9.999995e-01 -9.510192e-04 -8.346085e-01 2.383212e-03 9.500950e-04 9.999966e-01 6.521654e+00
9.999837e-01 -3.429355e-04 -5.707451e-03 1.359261e+01 3.563050e-04 9.999972e-01 2.341614e-03 -8.429786e-01 5.706639e-03 -2.343608e-03 9.999809e-01 6.844161e+00
9.999604e-01 -6.148951e-04 -8.874954e-03 1.367659e+01 6.120703e-04 9.999998e-01 -3.209951e-04 -8.531631e-01 8.875154e-03 3.155523e-04 9.999605e-01 7.371758e+00
9.999490e-01 -5.217628e-04 -1.008543e-02 1.373712e+01 5.514681e-04 9.999955e-01 2.942820e-03 -8.638310e-01 1.008385e-02 -2.948229e-03 9.999447e-01 8.008722e+00
9.999387e-01 -8.847398e-04 -1.103457e-02 1.378668e+01 8.842582e-04 9.999996e-01 -4.852170e-05 -8.749689e-01 1.103461e-02 3.876384e-05 9.999390e-01 8.725184e+00
9.999253e-01 -5.985288e-04 -1.220496e-02 1.381511e+01 6.367781e-04 9.999949e-01 3.130273e-03 -8.861724e-01 1.220302e-02 -3.137808e-03 9.999205e-01 9.481308e+00
9.999460e-01 -8.196663e-04 -1.036277e-02 1.383421e+01 8.176604e-04 9.999996e-01 -1.978106e-04 -8.970419e-01 1.036292e-02 1.893298e-04 9.999462e-01 1.022426e+01
9.999813e-01 -2.064973e-04 -6.119093e-03 1.381787e+01 2.197533e-04 9.999976e-01 2.165725e-03 -9.065815e-01 6.118626e-03 -2.167026e-03 9.999788e-01 1.083970e+01
