9.998440e-01 6.684066e-04 -1.764924e-02 1.638416e-02 -6.555070e-04 9.999995e-01 7.366603e-04 -4.085986e-03 1.764972e-02 -7.249756e-04 9.998439e-01 1.031748e-01
9.999739e-01 -2.849926e-04 7.218421e-03 2.667174e-02 2.869152e-04 9.999999e-01 -2.653044e-04 -8.978109e-03 -7.218347e-03 2.673692e-04 9.999738e-01 2.151564e-01
9.999622e-01 4.619266e-04 -8.678657e-03 3.178017e-02 -4.594880e-04 9.999999e-01 2.829720e-04 -1.382875e-02 8.678783e-03 -2.789730e-04 9.999622e-01 3.184629e-01
9.999855e-01 1.169572e-04 -5.386920e-03 4.772484e-02 -1.155151e-04 1.000000e+00 2.680107e-04 -1.818132e-02 5.386947e-03 -2.673839e-04 9.999854e-01 4.293566e-01
9.997925e-01 8.585908e-04 -2.035103e-02 6.367808e-02 -8.432699e-04 9.999994e-01 7.613977e-04 -2.123189e-02 2.035167e-02 -7.440775e-04 9.997925e-01 5.239140e-01
9.999926e-01 -2.434972e-04 3.844557e-03 7.983250e-02 2.438311e-04 1.000000e+00 -8.638320e-05 -2.522902e-02 -3.844544e-03 8.732079e-05 9.999925e-01 6.013848e-01
9.999689e-01 3.616060e-04 -7.880745e-03 8.387405e-02 -3.604055e-04 9.999999e-01 1.537439e-04 -3.013680e-02 7.880791e-03 -1.508981e-04 9.999688e-01 6.924295e-01
9.999922e-01 -2.349801e-04 3.954775e-03 8.531557e-02 2.350232e-04 1.000000e+00 -1.043464e-05 -3.530037e-02 -3.954782e-03 1.136486e-05 9.999921e-01 8.085967e-01
9.998495e-01 7.216086e-04 -1.733643e-02 9.457586e-02 -7.125860e-04 9.999996e-01 5.266066e-04 -3.987377e-02 1.733679e-02 -5.141727e-04 9.998495e-01 9.354125e-01
9.999740e-01 1.682196e-04 -7.207281e-03 1.029231e-01 -1.647070e-04 9.999999e-01 4.879534e-04 -4.330973e-02 7.207349e-03 -4.867526e-04 9.999738e-01 1.045058e+00
9.999965e-01 1.234268e-04 -2.643407e-03 1.078640e-01 -1.236143e-04 1.000000e+00 -7.082770e-05 -4.827395e-02 2.643384e-03 7.115523e-05 9.999964e-01 1.159094e+00
1.000000e+00 -4.556851e-05 1.777431e-04 1.004028e-01 4.555230e-05 1.000000e+00 9.169348e-05 -5.312738e-02 -1.777616e-04 -9.168436e-05 9.999999e-01 1.266459e+00
9.999988e-01 8.431061e-05 -1.527565e-03 8.944025e-02 -8.442720e-05 1.000000e+00 -7.631731e-05 -5.775946e-02 1.527545e-03 7.644721e-05 9.999987e-01 1.371653e+00
9.999837e-01 7.301978e-05 5.709577e-03 9.258172e-02 -7.214073e-05 1.000000e+00 -1.541512e-04 -6.218802e-02 -5.709602e-03 1.537378e-04 9.999836e-01 1.479984e+00
9.999918e-01 -1.660853e-04 4.056086e-03 1.160888e-01 1.669480e-04 1.000000e+00 -2.123289e-04 -6.629240e-02 -4.056063e-03 2.130053e-04 9.999917e-01 1.585764e+00
1.000000e+00 2.685535e-04 -8.800501e-05 1.263136e-01 -2.685538e-04 1.000000e+00 -3.325126e-06 -7.081335e-02 8.799144e-05 3.349695e-06 9.999999e-01 1.698311e+00
1.000000e+00 -1.554780e-04 5.867592e-05 1.228483e-01 1.554816e-04 1.000000e+00 -5.849911e-05 -7.543963e-02 -5.867950e-05 5.850916e-05 9.999999e-01 1.798508e+00
9.999998e-01 1.984704e-04 -6.569728e-04 1.092434e-01 -1.984679e-04 1.000000e+00 3.839918e-06 -7.984705e-02 6.569608e-04 -3.708607e-06 9.999997e-01 1.894545e+00
9.999987e-01 -1.332253e-04 -1.620343e-03 1.026506e-01 1.332699e-04 1.000000e+00 2.739461e-05 -8.474053e-02 1.620327e-03 -2.760959e-05 9.999986e-01 2.008509e+00
9.999994e-01 2.150753e-04 -1.106631e-03 1.032969e-01 -2.149942e-04 1.000000e+00 7.331950e-05 -8.990780e-02 1.106633e-03 -7.308060e-05 9.999993e-01 2.135890e+00
9.999999e-01 -2.002927e-04 -3.444369e-04 8.984903e-02 2.002692e-04 1.000000e+00 -6.855049e-05 -9.447208e-02 3.444373e-04 6.848245e-05 9.999998e-01 2.246953e+00
9.999968e-01 3.139275e-04 2.497172e-03 8.058275e-02 -3.137069e-04 9.999999e-01 -8.868850e-05 -9.871514e-02 -2.497213e-03 8.790576e-05 9.999968e-01 2.338929e+00
9.999996e-01 -1.964565e-04 8.594207e-04 8.245402e-02 1.965308e-04 1.000000e+00 -8.630713e-05 -1.032600e-01 -8.594165e-04 8.647690e-05 9.999995e-01 2.447875e+00
9.999999e-01 3.033593e-04 -3.448036e-04 9.911398e-02 -3.033534e-04 1.000000e+00 1.682155e-05 -1.081621e-01 3.447959e-04 -1.671606e-05 9.999998e-01 2.554458e+00
9.999994e-01 -2.485503e-04 1.080311e-03 1.125516e-01 2.486573e-04 1.000000e+00 -9.887441e-05 -1.129490e-01 -1.080299e-03 9.914387e-05 9.999993e-01 2.666657e+00
9.999999e-01 3.938495e-04 -1.808041e-04 1.390517e-01 -3.938448e-04 9.999999e-01 2.583629e-05 -1.180616e-01 1.808017e-04 -2.576420e-05 9.999999e-01 2.780787e+00
9.999981e-01 -2.772959e-04 1.942831e-03 2.045043e-01 2.775161e-04 1.000000e+00 -1.130300e-04 -1.229990e-01 -1.942812e-03 1.135698e-04 9.999980e-01 2.852936e+00
9.999983e-01 3.299546e-04 -1.829375e-03 2.688071e-01 -3.297983e-04 9.999999e-01 8.570424e-05 -1.282598e-01 1.829391e-03 -8.509991e-05 9.999982e-01 2.943495e+00
9.999975e-01 -2.605067e-04 2.202888e-03 3.304033e-01 2.608293e-04 1.000000e+00 -1.461286e-04 -1.339480e-01 -2.202862e-03 1.467037e-04 9.999975e-01 3.064080e+00
9.999982e-01 2.887004e-04 -1.849426e-03 3.485806e-01 -2.885566e-04 1.000000e+00 7.801839e-05 -1.389259e-01 1.849436e-03 -7.748374e-05 9.999982e-01 3.187491e+00
9.999961e-01 -2.499722e-04 2.771851e-03 3.616101e-01 2.504584e-04 1.000000e+00 -1.750152e-04 -1.437699e-01 -2.771819e-03 1.757096e-04 9.999960e-01 3.310798e+00
9.999973e-01 3.221866e-04 -2.294215e-03 3.787935e-01 -3.219702e-04 9.999999e-01 9.466916e-05 -1.487034e-01 2.294233e-03 -9.392941e-05 9.999973e-01 3.431318e+00
9.999974e-01 -2.771721e-04 2.270986e-03 3.889767e-01 2.775272e-04 9.999999e-01 -1.560392e-04 -1.534722e-01 -2.270955e-03 1.566699e-04 9.999973e-01 3.544492e+00
9.999971e-01 3.288437e-04 -2.397045e-03 3.985240e-01 -3.286011e-04 9.999999e-01 1.015758e-04 -1.582668e-01 2.397066e-03 -1.007870e-04 9.999970e-01 3.657183e+00
9.999989e-01 -2.818989e-04 1.457828e-03 4.004845e-01 2.820635e-04 1.000000e+00 -1.126714e-04 -1.630261e-01 -1.457808e-03 1.130833e-04 9.999988e-01 3.766768e+00
9.999972e-01 3.050520e-04 -2.330736e-03 3.946410e-01 -3.048653e-04 1.000000e+00 8.043231e-05 -1.675402e-01 2.330748e-03 -7.972072e-05 9.999972e-01 3.860602e+00
9.999977e-01 -2.730860e-04 2.122621e-03 3.972907e-01 2.733717e-04 1.000000e+00 -1.342744e-04 -1.722138e-01 -2.122596e-03 1.348551e-04 9.999976e-01 3.970242e+00
9.999959e-01 3.693199e-04 -2.844924e-03 4.246055e-01 -3.689816e-04 9.999999e-01 1.194354e-04 -1.772043e-01 2.844955e-03 -1.183844e-04 9.999958e-01 4.064597e+00
9.999979e-01 -2.630267e-04 2.041113e-03 4.389911e-01 2.633482e-04 1.000000e+00 -1.572205e-04 -1.818366e-01 -2.041085e-03 1.577585e-04 9.999978e-01 4.139165e+00
9.999994e-01 3.884129e-04 -1.018810e-03 4.585769e-01 -3.883410e-04 9.999999e-01 7.069670e-05 -1.867878e-01 1.018825e-03 -7.030022e-05 9.999994e-01 4.248552e+00
9.999950e-01 -2.606495e-04 3.151739e-03 4.788750e-01 2.612733e-04 9.999999e-01 -1.974741e-04 -1.916358e-01 -3.151700e-03 1.982974e-04 9.999949e-01 4.360745e+00
9.999914e-01 3.647526e-04 -4.122138e-03 4.805478e-01 -3.640731e-04 9.999999e-01 1.655789e-04 -1.963791e-01 4.122185e-03 -1.640760e-04 9.999914e-01 4.456560e+00
1.000000e+00 -2.361509e-04 -7.749290e-06 5.006144e-01 2.361513e-04 1.000000e+00 4.063473e-05 -2.021114e-01 7.726917e-06 -4.063576e-05 9.999999e-01 4.599236e+00
9.998864e-01 8.295256e-04 -1.505072e-02 5.356257e-01 -8.201922e-04 9.999995e-01 6.262845e-04 -2.066808e-01 1.505121e-02 -6.138680e-04 9.998864e-01 4.707965e+00
9.999999e-01 -2.661330e-04 -2.540739e-04 5.677695e-01 2.661379e-04 1.000000e+00 1.857733e-05 -2.103666e-01 2.540531e-04 -1.864403e-05 9.999999e-01 4.749082e+00
9.999907e-01 4.326511e-04 -4.293284e-03 5.946527e-01 -4.323965e-04 9.999999e-01 6.019473e-05 -2.147322e-01 4.293293e-03 -5.833685e-05 9.999907e-01 4.789512e+00
9.999966e-01 -7.928651e-05 -2.614577e-03 6.315370e-01 7.965028e-05 1.000000e+00 1.389900e-04 -2.191773e-01 2.614549e-03 -1.391968e-04 9.999965e-01 4.841438e+00
9.999201e-01 7.037774e-04 -1.261850e-02 6.730948e-01 -6.959201e-04 9.999996e-01 6.270520e-04 -2.235983e-01 1.261892e-02 -6.182195e-04 9.999201e-01 4.930240e+00
9.999830e-01 3.919337e-05 -5.822120e-03 7.047459e-01 -3.857939e-05 1.000000e+00 1.055475e-04 -2.274001e-01 5.822104e-03 -1.053200e-04 9.999829e-01 5.024076e+00
9.995501e-01 1.315673e-03 -2.996340e-02 7.244690e-01 -1.281177e-03 9.999985e-01 1.170455e-03 -2.286507e-01 2.996487e-02 -1.131538e-03 9.995502e-01 5.073873e+00
9.995827e-01 7.744524e-04 -2.887445e-02 7.307760e-01 -7.432029e-04 9.999991e-01 1.092964e-03 -2.279689e-01 2.887524e-02 -1.071047e-03 9.995824e-01 5.149758e+00
9.985382e-01 2.118313e-03 -5.400932e-02 7.327491e-01 -1.977452e-03 9.999945e-01 2.661386e-03 -2.263994e-01 5.401463e-02 -2.550693e-03 9.985368e-01 5.281426e+00
9.999403e-01 1.473909e-04 -1.092119e-02 7.519585e-01 -1.423366e-04 9.999999e-01 4.635401e-04 -2.270879e-01 1.092122e-02 -4.619561e-04 9.999402e-01 5.433872e+00
9.978688e-01 2.466609e-03 -6.520503e-02 7.791122e-01 -2.255710e-03 9.999920e-01 3.307801e-03 -2.275174e-01 6.521262e-02 -3.153666e-03 9.978663e-01 5.630823e+00
9.998106e-01 4.602068e-04 -1.945642e-02 8.072370e-01 -4.442118e-04 9.999996e-01 8.263695e-04 -2.271315e-01 1.945674e-02 -8.175677e-04 9.998103e-01 5.837103e+00
9.966387e-01 3.164123e-03 -8.186138e-02 8.011637e-01 -2.898732e-03 9.999902e-01 3.360579e-03 -2.223742e-01 8.187115e-02 -3.111986e-03 9.966380e-01 5.926822e+00
9.992144e-01 1.266644e-03 -3.961058e-02 7.670527e-01 -1.217613e-03 9.999985e-01 1.261874e-03 -2.138410e-01 3.961205e-02 -1.212649e-03 9.992143e-01 5.900470e+00
9.964151e-01 3.276940e-03 -8.453465e-02 7.395168e-01 -3.002716e-03 9.999898e-01 3.370855e-03 -2.043025e-01 8.454476e-02 -3.104934e-03 9.964148e-01 5.820350e+00
9.989867e-01 1.356901e-03 -4.498518e-02 7.313887e-01 -1.260771e-03 9.999969e-01 2.165191e-03 -1.968531e-01 4.498789e-02 -2.106278e-03 9.989852e-01 5.859481e+00
9.964579e-01 3.170699e-03 -8.403316e-02 7.346038e-01 -2.856117e-03 9.999885e-01 3.863481e-03 -1.915965e-01 8.404434e-02 -3.609785e-03 9.964554e-01 6.027706e+00
9.992725e-01 1.121731e-03 -3.811995e-02 7.359300e-01 -1.056014e-03 9.999979e-01 1.743991e-03 -1.866296e-01 3.812173e-02 -1.702464e-03 9.992716e-01 6.183578e+00
9.966367e-01 3.179344e-03 -8.188432e-02 7.223248e-01 -2.912412e-03 9.999900e-01 3.379080e-03 -1.802023e-01 8.189415e-02 -3.129231e-03 9.966361e-01 6.265339e+00
9.996651e-01 7.418906e-04 -2.586642e-02 6.963787e-01 -7.197400e-04 9.999994e-01 8.655327e-04 -1.739147e-01 2.586694e-02 -8.466228e-04 9.996650e-01 6.291042e+00
9.973098e-01 2.883094e-03 -7.324463e-02 6.713886e-01 -2.675895e-03 9.999921e-01 2.926786e-03 -1.680146e-01 7.325239e-02 -2.722914e-03 9.973097e-01 6.279127e+00
9.999875e-01 -3.498763e-04 4.984751e-03 6.675557e-01 3.503352e-04 9.999999e-01 -9.056128e-05 -1.663229e-01 -4.984818e-03 9.230918e-05 9.999875e-01 6.306786e+00
9.972208e-01 2.936823e-03 -7.444363e-02 6.629629e-01 -2.738219e-03 9.999924e-01 2.769722e-03 -1.639817e-01 7.445110e-02 -2.558179e-03 9.972213e-01 6.344981e+00
9.999750e-01 -3.597563e-04 7.059587e-03 6.632090e-01 3.618271e-04 9.999999e-01 -2.915856e-04 -1.610701e-01 -7.059577e-03 2.941351e-04 9.999750e-01 6.314865e+00
9.975084e-01 2.786582e-03 -7.049249e-02 6.685810e-01 -2.610725e-03 9.999932e-01 2.586656e-03 -1.585697e-01 7.049913e-02 -2.396172e-03 9.975089e-01 6.292415e+00
9.999793e-01 -3.509765e-04 6.412167e-03 6.671570e-01 3.524720e-04 9.999999e-01 -2.315871e-04 -1.562121e-01 -6.412176e-03 2.338446e-04 9.999794e-01 6.282387e+00
9.979371e-01 2.544588e-03 -6.414711e-02 6.677526e-01 -2.397799e-03 9.999943e-01 2.365139e-03 -1.548253e-01 6.415268e-02 -2.206447e-03 9.979376e-01 6.301799e+00
9.998589e-01 -7.000262e-04 1.678032e-02 6.744786e-01 7.096398e-04 9.999996e-01 -5.667611e-04 -1.545324e-01 -1.678000e-02 5.785910e-04 9.998590e-01 6.304727e+00
9.981430e-01 2.403671e-03 -6.086637e-02 6.801458e-01 -2.272704e-03 9.999950e-01 2.220793e-03 -1.549650e-01 6.087132e-02 -2.078336e-03 9.981434e-01 6.359013e+00
9.999057e-01 -6.258449e-04 1.371025e-02 6.761110e-01 6.312629e-04 9.999997e-01 -3.906202e-04 -1.553250e-01 -1.371008e-02 3.992399e-04 9.999059e-01 6.422472e+00
9.992360e-01 1.639797e-03 -3.904652e-02 6.838126e-01 -1.583397e-03 9.999977e-01 1.475244e-03 -1.586554e-01 3.904877e-02 -1.412290e-03 9.992363e-01 6.518679e+00
9.991173e-01 -1.338794e-03 4.198424e-02 6.998367e-01 1.398972e-03 9.999980e-01 -1.403913e-03 -1.628682e-01 -4.198236e-02 1.461411e-03 9.991173e-01 6.614158e+00
9.996959e-01 9.404541e-04 -2.463902e-02 7.312711e-01 -9.184243e-04 9.999992e-01 9.052725e-04 -1.659416e-01 2.463977e-02 -8.823665e-04 9.996960e-01 6.701601e+00
9.993121e-01 -1.153452e-03 3.706557e-02 7.599209e-01 1.201360e-03 9.999985e-01 -1.270179e-03 -1.697180e-01 -3.706413e-02 1.313836e-03 9.993120e-01 6.802607e+00
9.996396e-01 1.093728e-03 -2.681923e-02 7.855012e-01 -1.069354e-03 9.999990e-01 9.230141e-04 -1.739391e-01 2.682013e-02 -8.940006e-04 9.996399e-01 6.924145e+00
9.991106e-01 -1.347881e-03 4.214213e-02 8.149567e-01 1.408193e-03 9.999980e-01 -1.401414e-03 -1.773693e-01 -4.214024e-02 1.459514e-03 9.991106e-01 7.021962e+00
9.994153e-01 1.375827e-03 -3.416237e-02 8.435593e-01 -1.334916e-03 9.999984e-01 1.220249e-03 -1.817223e-01 3.416391e-02 -1.173930e-03 9.994155e-01 7.112248e+00
9.994740e-01 -1.198160e-03 3.240542e-02 8.613588e-01 1.236535e-03 9.999986e-01 -1.164105e-03 -1.866221e-01 -3.240406e-02 1.203565e-03 9.994741e-01 7.202498e+00
9.994843e-01 1.359158e-03 -3.208166e-02 8.638754e-01 -1.323625e-03 9.999985e-01 1.128705e-03 -1.913211e-01 3.208306e-02 -1.085657e-03 9.994846e-01 7.306823e+00
9.996045e-01 -1.136458e-03 2.809473e-02 8.714070e-01 1.163818e-03 9.999989e-01 -9.574218e-04 -1.964949e-01 -2.809369e-02 9.897421e-04 9.996048e-01 7.417078e+00
9.996409e-01 1.515844e-03 -2.675264e-02 8.814541e-01 -1.489228e-03 9.999984e-01 1.014662e-03 -2.005184e-01 2.675405e-02 -9.744549e-04 9.996415e-01 7.488085e+00
9.992457e-01 -1.695535e-03 3.879432e-02 9.046511e-01 1.749083e-03 9.999976e-01 -1.346319e-03 -2.041256e-01 -3.879203e-02 1.413160e-03 9.992463e-01 7.575741e+00
9.995558e-01 1.647364e-03 -2.975504e-02 9.247441e-01 -1.615337e-03 9.999981e-01 1.100241e-03 -2.079610e-01 2.975671e-02 -1.051686e-03 9.995566e-01 7.659831e+00
9.997170e-01 -1.356853e-03 2.374862e-02 9.376245e-01 1.376328e-03 9.999987e-01 -8.036141e-04 -2.124419e-01 -2.374759e-02 8.360743e-04 9.997176e-01 7.738460e+00
9.987036e-01 2.414291e-03 -5.084509e-02 9.533919e-01 -2.319675e-03 9.999955e-01 1.919752e-03 -2.153854e-01 5.084941e-02 -1.799318e-03 9.987047e-01 7.847262e+00
9.997509e-01 -1.321831e-03 2.227797e-02 9.633420e-01 1.337143e-03 9.999989e-01 -6.722860e-04 -2.182194e-01 -2.227713e-02 7.019090e-04 9.997516e-01 7.926215e+00
9.988987e-01 2.240372e-03 -4.686352e-02 9.711643e-01 -2.163249e-03 9.999962e-01 1.696284e-03 -2.216807e-01 4.686707e-02 -1.593037e-03 9.988998e-01 8.052509e+00
9.998092e-01 -1.176301e-03 1.949625e-02 9.824483e-01 1.186822e-03 9.999992e-01 -5.278982e-04 -2.245781e-01 -1.949569e-02 5.509376e-04 9.998098e-01 8.133969e+00
9.995100e-01 1.769916e-03 -3.124788e-02 1.054162e+00 -1.730736e-03 9.999977e-01 1.280757e-03 -2.294208e-01 3.125000e-02 -1.226047e-03 9.995108e-01 8.214576e+00
9.997691e-01 -1.298914e-03 2.144706e-02 1.117523e+00 1.313850e-03 9.999989e-01 -6.822081e-04 -2.343930e-01 -2.144622e-02 7.102303e-04 9.997697e-01 8.305060e+00
9.994970e-01 1.661142e-03 -3.166594e-02 1.122056e+00 -1.629556e-03 9.999981e-01 1.023172e-03 -2.388639e-01 3.166750e-02 -9.710542e-04 9.994980e-01 8.393547e+00
9.999003e-01 -1.030989e-03 1.407703e-02 1.135529e+00 1.036429e-03 9.999994e-01 -3.789326e-04 -2.424876e-01 -1.407671e-02 3.934860e-04 9.999008e-01 8.458500e+00
9.996678e-01 1.359747e-03 -2.573465e-02 1.137856e+00 -1.338883e-03 9.999988e-01 8.278352e-04 -2.470650e-01 2.573567e-02 -7.931032e-04 9.996685e-01 8.552008e+00
9.999125e-01 -1.009481e-03 1.318006e-02 1.141750e+00 1.013940e-03 9.999994e-01 -3.313799e-04 -2.517516e-01 -1.317979e-02 3.447160e-04 9.999131e-01 8.661762e+00
9.998051e-01 1.090419e-03 -1.970978e-02 1.133839e+00 -1.079460e-03 9.999993e-01 5.665394e-04 -2.569844e-01 1.971031e-02 -5.451518e-04 9.998056e-01 8.799022e+00
9.998791e-01 -1.048277e-03 1.550924e-02 1.122131e+00 1.054749e-03 9.999994e-01 -4.089388e-04 -2.621031e-01 -1.550887e-02 4.252490e-04 9.998796e-01 8.939031e+00
9.998256e-01 1.060189e-03 -1.864017e-02 1.109796e+00 -1.050276e-03 9.999993e-01 5.414429e-04 -2.670781e-01 1.864066e-02 -5.217699e-04 9.998261e-01 9.078773e+00
9.998796e-01 -1.058119e-03 1.547402e-02 1.092581e+00 1.064943e-03 9.999993e-01 -4.326002e-04 -2.718985e-01 -1.547362e-02 4.490284e-04 9.998802e-01 9.209577e+00
9.998193e-01 1.084555e-03 -1.897228e-02 1.080693e+00 -1.074142e-03 9.999993e-01 5.589098e-04 -2.768679e-01 1.897280e-02 -5.384287e-04 9.998198e-01 9.344861e+00
9.999059e-01 -1.017817e-03 1.367445e-02 1.075402e+00 1.022456e-03 9.999994e-01 -3.320713e-04 -2.822996e-01 -1.367418e-02 3.460229e-04 9.999064e-01 9.498859e+00
9.998599e-01 1.056949e-03 -1.670116e-02 1.057804e+00 -1.050209e-03 9.999994e-01 4.121769e-04 -2.870569e-01 1.670151e-02 -3.945782e-04 9.998604e-01 9.615828e+00
9.998867e-01 -9.956189e-04 1.501736e-02 1.040284e+00 1.002147e-03 9.999994e-01 -4.269840e-04 -2.915131e-01 -1.501700e-02 4.419865e-04 9.998871e-01 9.704920e+00
9.998608e-01 1.068266e-03 -1.664359e-02 1.025327e+00 -1.061005e-03 9.999993e-01 4.448596e-04 -2.961237e-01 1.664398e-02 -4.271375e-04 9.998614e-01 9.803312e+00
9.998469e-01 -9.626945e-04 1.746487e-02 1.015554e+00 9.721803e-04 9.999994e-01 -5.344767e-04 -3.005514e-01 -1.746442e-02 5.513752e-04 9.998473e-01 9.904037e+00
9.998856e-01 1.066821e-03 -1.507925e-02 1.007409e+00 -1.061086e-03 9.999994e-01 3.880856e-04 -3.047632e-01 1.507958e-02 -3.720397e-04 9.998862e-01 9.998782e+00
9.997389e-01 -1.017177e-03 2.282239e-02 1.012036e+00 1.033316e-03 9.999992e-01 -6.952527e-04 -3.085270e-01 -2.282173e-02 7.186552e-04 9.997393e-01 1.008631e+01
9.999179e-01 9.009362e-04 -1.277883e-02 1.024684e+00 -8.966451e-04 9.999995e-01 3.412903e-04 -3.123627e-01 1.277906e-02 -3.298030e-04 9.999183e-01 1.018199e+01
9.998325e-01 -8.008036e-04 1.828076e-02 1.025018e+00 8.121023e-04 9.999995e-01 -6.104870e-04 -3.165082e-01 -1.828034e-02 6.252319e-04 9.998327e-01 1.028337e+01
9.999121e-01 9.129733e-04 -1.322174e-02 1.022086e+00 -9.085253e-04 9.999995e-01 3.421942e-04 -3.206909e-01 1.322197e-02 -3.301506e-04 9.999125e-01 1.038499e+01
9.997063e-01 -9.419894e-04 2.421451e-02 1.033810e+00 9.606330e-04 9.999993e-01 -7.581925e-04 -3.243715e-01 -2.421385e-02 7.812324e-04 9.997065e-01 1.047879e+01
9.999330e-01 7.568095e-04 -1.154200e-02 1.051784e+00 -7.531783e-04 9.999997e-01 3.187015e-04 -3.280240e-01 1.154216e-02 -3.099858e-04 9.999333e-01 1.057700e+01
9.997852e-01 -7.603448e-04 2.070530e-02 1.060870e+00 7.745232e-04 9.999995e-01 -6.766193e-04 -3.318701e-01 -2.070485e-02 6.925121e-04 9.997854e-01 1.067274e+01
9.999174e-01 7.763333e-04 -1.282344e-02 1.068692e+00 -7.719169e-04 9.999996e-01 3.491269e-04 -3.358865e-01 1.282363e-02 -3.391982e-04 9.999177e-01 1.077373e+01
9.997740e-01 -7.682645e-04 2.124340e-02 1.077745e+00 7.829019e-04 9.999995e-01 -6.805896e-04 -3.397924e-01 -2.124294e-02 6.970686e-04 9.997741e-01 1.087078e+01
9.999629e-01 5.955661e-04 -8.580846e-03 1.095531e+00 -5.935779e-04 9.999998e-01 2.339267e-04 -3.434390e-01 8.580907e-03 -2.288234e-04 9.999631e-01 1.096817e+01
9.997669e-01 -8.129493e-04 2.156973e-02 1.117808e+00 8.275131e-04 9.999994e-01 -6.661459e-04 -3.470781e-01 -2.156926e-02 6.838412e-04 9.997671e-01 1.106735e+01
9.999178e-01 7.786541e-04 -1.279496e-02 1.132800e+00 -7.745126e-04 9.999996e-01 3.284184e-04 -3.511145e-01 1.279513e-02 -3.184802e-04 9.999181e-01 1.117567e+01
9.995911e-01 -1.024688e-03 2.857411e-02 1.156780e+00 1.050071e-03 9.999991e-01 -8.732319e-04 -3.545330e-01 -2.857327e-02 9.028811e-04 9.995913e-01 1.127717e+01
9.999044e-01 7.397223e-04 -1.380507e-02 1.177058e+00 -7.343377e-04 9.999997e-01 3.949085e-04 -3.581882e-01 1.380528e-02 -3.847318e-04 9.999046e-01 1.138171e+01
9.998889e-01 -6.946015e-04 1.488102e-02 1.165608e+00 7.022017e-04 9.999996e-01 -5.053235e-04 -3.624480e-01 -1.488074e-02 5.157183e-04 9.998891e-01 1.148407e+01
9.998793e-01 7.345549e-04 -1.551670e-02 1.154276e+00 -7.272595e-04 9.999996e-01 4.756203e-04 -3.670053e-01 1.551697e-02 -4.642769e-04 9.998795e-01 1.159563e+01
9.997807e-01 -5.667130e-04 2.093238e-02 1.157861e+00 5.820590e-04 9.999996e-01 -7.269046e-04 -3.712023e-01 -2.093204e-02 7.389304e-04 9.997806e-01 1.169904e+01
9.999455e-01 4.825210e-04 -1.042344e-02 1.175312e+00 -4.792555e-04 9.999998e-01 3.155098e-04 -3.752573e-01 1.042351e-02 -3.104958e-04 9.999456e-01 1.181241e+01
9.998618e-01 -4.353453e-04 1.661261e-02 1.191333e+00 4.447892e-04 9.999997e-01 -5.646220e-04 -3.797948e-01 -1.661244e-02 5.719345e-04 9.998618e-01 1.193180e+01
9.999899e-01 2.447117e-04 -4.473885e-03 1.218533e+00 -2.440751e-04 1.000000e+00 1.422370e-04 -3.835616e-01 4.473837e-03 -1.411422e-04 9.999900e-01 1.203603e+01
9.999663e-01 -1.552022e-04 8.197103e-03 1.222215e+00 1.578908e-04 9.999999e-01 -3.270083e-04 -3.879958e-01 -8.197135e-03 3.282930e-04 9.999663e-01 1.214097e+01
9.999604e-01 2.564771e-04 -8.881890e-03 1.217595e+00 -2.540848e-04 9.999999e-01 2.701715e-04 -3.926422e-01 8.881876e-03 -2.679027e-04 9.999605e-01 1.223990e+01
9.999413e-01 -1.435047e-04 1.083131e-02 1.215380e+00 1.478783e-04 9.999999e-01 -4.027435e-04 -3.970355e-01 -1.083133e-02 4.043230e-04 9.999412e-01 1.233705e+01
9.999773e-01 2.661615e-04 -6.719946e-03 1.217415e+00 -2.650409e-04 1.000000e+00 1.672476e-04 -4.014752e-01 6.719908e-03 -1.654614e-04 9.999774e-01 1.244602e+01
9.999139e-01 -1.533563e-04 1.311908e-02 1.240991e+00 1.598727e-04 9.999999e-01 -4.954617e-04 -4.061794e-01 -1.311908e-02 4.975178e-04 9.999138e-01 1.257403e+01
9.999952e-01 -1.364988e-04 3.084244e-03 1.273726e+00 1.368366e-04 1.000000e+00 -1.084587e-04 -4.098086e-01 -3.084313e-03 1.088816e-04 9.999952e-01 1.269050e+01
9.999589e-01 2.447013e-05 9.061974e-03 1.294178e+00 -2.109660e-05 9.999999e-01 -3.720807e-04 -4.137881e-01 -9.062068e-03 3.718756e-04 9.999588e-01 1.280138e+01
9.999998e-01 7.374676e-05 -4.125184e-04 1.308604e+00 -7.376491e-05 1.000000e+00 -5.018159e-05 -4.180603e-01 4.124295e-04 5.021342e-05 9.999999e-01 1.291459e+01
9.999614e-01 1.598109e-05 8.782500e-03 1.322939e+00 -1.282617e-05 9.999999e-01 -3.589937e-04 -4.224117e-01 -8.782591e-03 3.588686e-04 9.999613e-01 1.303145e+01
9.999859e-01 1.266635e-04 -5.290261e-03 1.326925e+00 -1.258863e-04 1.000000e+00 1.467599e-04 -4.268998e-01 5.290194e-03 -1.460905e-04 9.999860e-01 1.313966e+01
9.999489e-01 -1.254029e-05 1.009697e-02 1.337219e+00 1.659924e-05 9.999999e-01 -4.016652e-04 -4.313884e-01 -1.009705e-02 4.018137e-04 9.999489e-01 1.325274e+01
9.999739e-01 1.287527e-04 -7.219243e-03 1.340603e+00 -1.271457e-04 1.000000e+00 2.227140e-04 -4.359089e-01 7.219185e-03 -2.217889e-04 9.999739e-01 1.336411e+01
9.997477e-01 -3.356859e-04 2.245392e-02 1.369220e+00 3.538324e-04 9.999996e-01 -8.040870e-04 -4.396327e-01 -2.245373e-02 8.118305e-04 9.997475e-01 1.348088e+01
9.999634e-01 1.843029e-04 -8.541031e-03 1.395248e+00 -1.821641e-04 1.000000e+00 2.509120e-04 -4.436258e-01 8.540989e-03 -2.493456e-04 9.999635e-01 1.360494e+01
9.998708e-01 -9.196428e-05 1.607210e-02 1.404949e+00 1.015677e-04 9.999998e-01 -5.965523e-04 -4.478724e-01 -1.607213e-02 5.981090e-04 9.998706e-01 1.371131e+01
9.999045e-01 2.244063e-04 -1.381439e-02 1.406565e+00 -2.183030e-04 9.999999e-01 4.431501e-04 -4.523030e-01 1.381440e-02 -4.400906e-04 9.999045e-01 1.380276e+01
9.998365e-01 -5.046949e-05 1.807765e-02 1.420607e+00 6.250626e-05 9.999998e-01 -6.651406e-04 -4.566765e-01 -1.807770e-02 6.661633e-04 9.998363e-01 1.389276e+01
9.999349e-01 1.832119e-04 -1.140637e-02 1.430006e+00 -1.790580e-04 9.999999e-01 3.649885e-04 -4.606845e-01 1.140635e-02 -3.629210e-04 9.999349e-01 1.397913e+01
9.997160e-01 -2.272878e-04 2.382812e-02 1.446543e+00 2.476230e-04 9.999996e-01 -8.503665e-04 -4.642875e-01 -2.382801e-02 8.560268e-04 9.997157e-01 1.406931e+01
9.998711e-01 2.707045e-04 -1.604752e-02 1.454479e+00 -2.622191e-04 9.999998e-01 5.307294e-04 -4.684341e-01 1.604757e-02 -5.264517e-04 9.998711e-01 1.416851e+01
9.997889e-01 -1.166608e-04 2.054296e-02 1.455879e+00 1.324370e-04 9.999997e-01 -7.664899e-04 -4.727589e-01 -2.054295e-02 7.690501e-04 9.997886e-01 1.426758e+01
9.999809e-01 -4.995614e-06 -6.167842e-03 1.475690e+00 6.275076e-06 1.000000e+00 2.070627e-04 -4.764532e-01 6.167751e-03 -2.070961e-04 9.999809e-01 1.437130e+01
9.996781e-01 -3.391178e-04 2.536542e-02 1.496556e+00 3.621219e-04 9.999995e-01 -9.022306e-04 -4.794923e-01 -2.536519e-02 9.111270e-04 9.996778e-01 1.446970e+01
9.999384e-01 2.200579e-04 -1.108996e-02 1.517497e+00 -2.163455e-04 9.999999e-01 3.357563e-04 -4.833931e-01 1.108994e-02 -3.333350e-04 9.999384e-01 1.458108e+01
9.996574e-01 -3.302097e-04 2.616807e-02 1.538242e+00 3.546311e-04 9.999995e-01 -9.285311e-04 -4.869948e-01 -2.616784e-02 9.374945e-04 9.996571e-01 1.468359e+01
9.999825e-01 -5.375929e-05 -5.909843e-03 1.560692e+00 5.491185e-05 1.000000e+00 1.945038e-04 -4.899532e-01 5.909740e-03 -1.948235e-04 9.999825e-01 1.478537e+01
9.998470e-01 -2.585846e-05 1.748592e-02 1.575616e+00 3.686214e-05 9.999998e-01 -6.288433e-04 -4.938194e-01 -1.748600e-02 6.293931e-04 9.998469e-01 1.488252e+01
9.999623e-01 8.729159e-05 -8.672653e-03 1.583858e+00 -8.504973e-05 1.000000e+00 2.586285e-04 -4.976654e-01 8.672581e-03 -2.578798e-04 9.999623e-01 1.497058e+01
9.997218e-01 -2.131187e-04 2.358353e-02 1.603271e+00 2.324872e-04 9.999996e-01 -8.184472e-04 -5.010929e-01 -2.358344e-02 8.237038e-04 9.997215e-01 1.506073e+01
9.999878e-01 -1.386234e-04 -4.915111e-03 1.623601e+00 1.393782e-04 1.000000e+00 1.528192e-04 -5.043681e-01 4.914995e-03 -1.535010e-04 9.999879e-01 1.516382e+01
9.998061e-01 5.586121e-06 1.968858e-02 1.644241e+00 8.977895e-06 9.999997e-01 -7.395265e-04 -5.081572e-01 -1.968867e-02 7.395613e-04 9.998059e-01 1.527309e+01
9.999029e-01 1.248290e-04 -1.392855e-02 1.650910e+00 -1.184383e-04 9.999999e-01 4.595018e-04 -5.126322e-01 1.392851e-02 -4.578061e-04 9.999029e-01 1.538190e+01
9.998199e-01 3.958421e-05 1.897290e-02 1.656688e+00 -2.591280e-05 9.999997e-01 -7.207156e-04 -5.170623e-01 -1.897302e-02 7.200957e-04 9.998197e-01 1.548525e+01
9.999717e-01 -2.727628e-05 -7.521140e-03 1.675840e+00 2.888686e-05 1.000000e+00 2.137790e-04 -5.213762e-01 7.521038e-03 -2.139888e-04 9.999717e-01 1.560783e+01
9.998513e-01 1.207548e-04 1.723875e-02 1.692049e+00 -1.090521e-04 9.999998e-01 -6.796881e-04 -5.257557e-01 -1.723892e-02 6.777086e-04 9.998511e-01 1.572678e+01
9.999418e-01 2.854280e-05 -1.078221e-02 1.702505e+00 -2.493752e-05 9.999999e-01 3.343380e-04 -5.302799e-01 1.078212e-02 -3.340483e-04 9.999418e-01 1.584302e+01
9.998586e-01 1.075498e-04 1.681142e-02 1.710366e+00 -9.676410e-05 9.999998e-01 -6.422687e-04 -5.347533e-01 -1.681158e-02 6.405525e-04 9.998584e-01 1.595556e+01
9.999366e-01 3.720434e-05 -1.125495e-02 1.716720e+00 -3.328791e-05 9.999999e-01 3.480031e-04 -5.392185e-01 1.125487e-02 -3.476050e-04 9.999366e-01 1.606578e+01
9.998309e-01 1.051515e-04 1.838407e-02 1.725778e+00 -9.200603e-05 9.999997e-01 -7.157947e-04 -5.435966e-01 -1.838423e-02 7.139836e-04 9.998307e-01 1.617764e+01
9.999861e-01 -1.005036e-04 -5.260945e-03 1.746271e+00 1.011853e-04 1.000000e+00 1.289920e-04 -5.476071e-01 5.260835e-03 -1.295212e-04 9.999861e-01 1.629480e+01
9.997669e-01 -1.238871e-04 2.158665e-02 1.769742e+00 1.402633e-04 9.999997e-01 -7.570341e-04 -5.512702e-01 -2.158665e-02 7.598869e-04 9.997667e-01 1.640758e+01
9.999933e-01 -1.707389e-04 -3.649915e-03 1.793961e+00 1.710686e-04 1.000000e+00 8.954256e-05 -5.545696e-01 3.649802e-03 -9.016499e-05 9.999933e-01 1.651442e+01
9.997358e-01 -1.773359e-04 2.298338e-02 1.816147e+00 1.956181e-04 9.999997e-01 -7.931349e-04 -5.575091e-01 -2.298333e-02 7.974226e-04 9.997355e-01 1.661144e+01
9.999687e-01 -6.771943e-04 7.871218e-03 1.837646e+00 6.791285e-04 9.999997e-01 -2.428426e-04 -5.589523e-01 -7.871150e-03 2.481819e-04 9.999689e-01 1.670273e+01
9.997952e-01 -8.121631e-05 2.023697e-02 1.859734e+00 9.590313e-05 9.999997e-01 -7.246909e-04 -5.609891e-01 -2.023701e-02 7.264846e-04 9.997949e-01 1.680290e+01
9.999933e-01 -4.457481e-04 3.630062e-03 1.881810e+00 4.462331e-04 9.999999e-01 -1.323597e-04 -5.635571e-01 -3.630102e-03 1.339801e-04 9.999934e-01 1.690650e+01
9.997786e-01 -1.249356e-04 2.104025e-02 1.903960e+00 1.406308e-04 9.999997e-01 -7.444058e-04 -5.658753e-01 -2.104025e-02 7.472013e-04 9.997783e-01 1.700423e+01
9.999533e-01 -7.291982e-04 9.634348e-03 1.926953e+00 7.320514e-04 9.999997e-01 -2.924624e-04 -5.674818e-01 -9.634232e-03 2.995030e-04 9.999535e-01 1.710119e+01
9.997742e-01 -1.266406e-04 2.124782e-02 1.950364e+00 1.429876e-04 9.999997e-01 -7.677591e-04 -5.690809e-01 -2.124782e-02 7.706254e-04 9.997739e-01 1.719914e+01
9.999322e-01 -8.351007e-04 1.160683e-02 1.975117e+00 8.390479e-04 9.999996e-01 -3.350833e-04 -5.705200e-01 -1.160665e-02 3.448008e-04 9.999325e-01 1.730242e+01
9.997193e-01 -2.163723e-04 2.368809e-02 1.998514e+00 2.366405e-04 9.999996e-01 -8.527654e-04 -5.715780e-01 -2.368799e-02 8.581332e-04 9.997190e-01 1.740152e+01
9.999482e-01 -7.750637e-04 1.014764e-02 2.021215e+00 7.778775e-04 9.999997e-01 -2.732026e-04 -5.727817e-01 -1.014753e-02 2.810836e-04 9.999484e-01 1.749903e+01
9.996830e-01 -2.729446e-04 2.517580e-02 2.043213e+00 2.959402e-04 9.999995e-01 -9.096245e-04 -5.737678e-01 -2.517564e-02 9.167882e-04 9.996826e-01 1.759387e+01
9.999611e-01 -7.304770e-04 8.783389e-03 2.065989e+00 7.323635e-04 9.999997e-01 -2.114157e-04 -5.749125e-01 -8.783331e-03 2.178417e-04 9.999613e-01 1.768860e+01
9.996964e-01 -2.532940e-04 2.463513e-02 2.089773e+00 2.758781e-04 9.999995e-01 -9.132942e-04 -5.761846e-01 -2.463498e-02 9.198148e-04 9.996960e-01 1.778531e+01
9.999755e-01 -6.455041e-04 6.968276e-03 2.113933e+00 6.465330e-04 9.999998e-01 -1.452253e-04 -5.776708e-01 -6.968278e-03 1.497285e-04 9.999756e-01 1.788268e+01
9.997947e-01 -9.532344e-05 2.025776e-02 2.140194e+00 1.115637e-04 9.999997e-01 -8.004886e-04 -5.798593e-01 -2.025777e-02 8.025859e-04 9.997944e-01 1.798868e+01
9.999957e-01 -4.316163e-04 2.889608e-03 2.165429e+00 4.316898e-04 9.999999e-01 -2.441352e-05 -5.825386e-01 -2.889694e-03 2.566234e-05 9.999958e-01 1.809542e+01
9.996661e-01 -2.899536e-04 2.583495e-02 2.186687e+00 3.156078e-04 9.999995e-01 -9.888858e-04 -5.842773e-01 -2.583474e-02 9.967109e-04 9.996657e-01 1.819194e+01
9.999989e-01 -4.328177e-04 1.413790e-03 2.214046e+00 4.327745e-04 9.999999e-01 3.163980e-05 -5.865485e-01 -1.413898e-03 -3.102643e-05 9.999989e-01 1.830416e+01
9.998343e-01 1.941331e-05 1.819972e-02 2.248111e+00 -5.170936e-06 9.999997e-01 -7.825476e-04 -5.900746e-01 -1.819982e-02 7.823253e-04 9.998340e-01 1.843029e+01
9.999736e-01 -5.581394e-04 7.238645e-03 2.276474e+00 5.594232e-04 9.999998e-01 -1.751893e-04 -5.924509e-01 -7.238639e-03 1.792356e-04 9.999737e-01 1.854338e+01
9.998600e-01 -4.799706e-05 1.672946e-02 2.307954e+00 5.974175e-05 9.999998e-01 -7.014780e-04 -5.953833e-01 -1.672952e-02 7.023807e-04 9.998597e-01 1.866651e+01
9.999365e-01 -6.294540e-04 1.124464e-02 2.335346e+00 6.329982e-04 9.999998e-01 -3.115467e-04 -5.974484e-01 -1.124453e-02 3.186462e-04 9.999367e-01 1.877754e+01
9.995444e-01 -6.314865e-04 3.017390e-02 2.358224e+00 6.643294e-04 9.999992e-01 -1.078411e-03 -5.976913e-01 -3.017328e-02 1.097966e-03 9.995440e-01 1.887342e+01
9.999914e-01 -4.290873e-04 4.125893e-03 2.393325e+00 4.294203e-04 9.999999e-01 -7.964557e-05 -5.993408e-01 -4.125946e-03 8.141796e-05 9.999914e-01 1.899130e+01
9.996424e-01 -4.192726e-04 2.673611e-02 2.426697e+00 4.466811e-04 9.999994e-01 -1.019151e-03 -6.010572e-01 -2.673575e-02 1.030731e-03 9.996419e-01 1.910303e+01
9.999270e-01 -7.360426e-04 1.205486e-02 2.449804e+00 7.395165e-04 9.999997e-01 -2.836591e-04 -6.016954e-01 -1.205473e-02 2.925545e-04 9.999272e-01 1.920206e+01
9.996891e-01 -3.623406e-04 2.492885e-02 2.475578e+00 3.871251e-04 9.999994e-01 -9.893589e-04 -6.026382e-01 -2.492856e-02 9.987032e-04 9.996887e-01 1.930694e+01
9.998831e-01 -8.401549e-04 1.526427e-02 2.499569e+00 8.458646e-04 9.999996e-01 -3.675629e-04 -6.031565e-01 -1.526403e-02 3.804326e-04 9.998833e-01 1.940963e+01
9.996510e-01 -4.133382e-04 2.641488e-02 2.521727e+00 4.412148e-04 9.999994e-01 -1.049492e-03 -6.033581e-01 -2.641451e-02 1.060782e-03 9.996504e-01 1.950674e+01
9.998549e-01 -9.193191e-04 1.700806e-02 2.547108e+00 9.263179e-04 9.999995e-01 -4.035974e-04 -6.035074e-01 -1.700775e-02 4.192948e-04 9.998552e-01 1.960956e+01
9.996998e-01 -3.785376e-04 2.449799e-02 2.573466e+00 4.030507e-04 9.999994e-01 -9.956698e-04 -6.040103e-01 -2.449767e-02 1.005246e-03 9.996993e-01 1.971555e+01
9.999683e-01 -5.705527e-04 7.943685e-03 2.608717e+00 5.714781e-04 9.999998e-01 -1.141832e-04 -6.056779e-01 -7.943688e-03 1.187202e-04 9.999684e-01 1.982563e+01
9.997276e-01 -3.334824e-04 2.333672e-02 2.640418e+00 3.562366e-04 9.999995e-01 -9.708704e-04 -6.074653e-01 -2.333646e-02 9.789202e-04 9.997271e-01 1.993466e+01
9.999565e-01 -6.132404e-04 9.304447e-03 2.671119e+00 6.145311e-04 9.999998e-01 -1.358272e-04 -6.090151e-01 -9.304426e-03 1.415400e-04 9.999566e-01 2.004153e+01
9.997726e-01 -2.788186e-04 2.132180e-02 2.704471e+00 2.982679e-04 9.999995e-01 -9.089875e-04 -6.107362e-01 -2.132160e-02 9.151412e-04 9.997722e-01 2.014437e+01
9.999595e-01 -5.806676e-04 8.975063e-03 2.741269e+00 5.817578e-04 9.999998e-01 -1.188376e-04 -6.124277e-01 -8.975052e-03 1.240549e-04 9.999596e-01 2.024733e+01
9.997207e-01 -4.171819e-04 2.363091e-02 2.780212e+00 4.401876e-04 9.999994e-01 -9.683381e-04 -6.139399e-01 -2.363055e-02 9.784703e-04 9.997202e-01 2.034871e+01
9.999799e-01 -5.171531e-04 6.321780e-03 2.836411e+00 5.173812e-04 9.999999e-01 -3.442830e-05 -6.159528e-01 -6.321815e-03 3.769896e-05 9.999799e-01 2.045656e+01
9.998680e-01 -1.193891e-04 1.624502e-02 2.909762e+00 1.326347e-04 9.999997e-01 -8.142737e-04 -6.189788e-01 -1.624497e-02 8.163214e-04 9.998676e-01 2.057718e+01
9.999769e-01 -4.185350e-04 6.777068e-03 2.966548e+00 4.189669e-04 9.999999e-01 -6.229180e-05 -6.218347e-01 -6.777091e-03 6.513018e-05 9.999769e-01 2.069593e+01
9.999024e-01 -1.210755e-04 1.396849e-02 3.028067e+00 1.302537e-04 9.999998e-01 -6.561532e-04 -6.246051e-01 -1.396846e-02 6.579090e-04 9.999021e-01 2.077497e+01
9.999903e-01 5.891325e-05 -4.394705e-03 3.125365e+00 -5.776186e-05 1.000000e+00 2.620983e-04 -6.286527e-01 4.394673e-03 -2.618415e-04 9.999902e-01 2.084326e+01
9.998673e-01 -1.460053e-04 1.628812e-02 3.192063e+00 1.583918e-04 9.999997e-01 -7.591705e-04 -6.325560e-01 -1.628805e-02 7.616500e-04 9.998670e-01 2.093233e+01
9.999993e-01 -2.252229e-04 1.156582e-03 3.245829e+00 2.250726e-04 1.000000e+00 1.301357e-04 -6.359537e-01 -1.156656e-03 -1.298751e-04 9.999992e-01 2.103174e+01
9.998965e-01 -1.300112e-04 1.438368e-02 3.327310e+00 1.402948e-04 9.999997e-01 -7.139383e-04 -6.396060e-01 -1.438363e-02 7.158826e-04 9.998962e-01 2.112822e+01
9.999917e-01 -2.721640e-04 4.076298e-03 3.395985e+00 2.720817e-04 1.000000e+00 2.076632e-05 -6.425533e-01 -4.076345e-03 -1.965690e-05 9.999916e-01 2.121318e+01
9.997466e-01 -4.976649e-04 2.250625e-02 3.438935e+00 5.189975e-04 9.999994e-01 -9.420192e-04 -6.450484e-01 -2.250581e-02 9.534612e-04 9.997462e-01 2.132978e+01
9.999991e-01 -3.170649e-05 -1.329427e-03 3.489149e+00 3.194053e-05 1.000000e+00 1.760092e-04 -6.482162e-01 1.329384e-03 -1.760515e-04 9.999990e-01 2.145120e+01
9.997102e-01 -5.675685e-04 2.406611e-02 3.534710e+00 5.912002e-04 9.999994e-01 -9.748474e-04 -6.510327e-01 -2.406558e-02 9.887927e-04 9.997098e-01 2.156505e+01
9.999950e-01 4.500158e-05 -3.174810e-03 3.574521e+00 -4.422437e-05 1.000000e+00 2.448763e-04 -6.541870e-01 3.174788e-03 -2.447348e-04 9.999948e-01 2.167938e+01
9.999377e-01 1.663576e-05 1.116093e-02 3.616206e+00 -9.821925e-06 9.999998e-01 -6.105619e-04 -6.589687e-01 -1.116097e-02 6.104141e-04 9.999374e-01 2.180183e+01
9.999631e-01 1.672822e-04 -8.592747e-03 3.696328e+00 -1.633393e-04 9.999999e-01 4.595659e-04 -6.640236e-01 8.592790e-03 -4.581456e-04 9.999629e-01 2.188435e+01
9.998632e-01 -9.078310e-05 1.653735e-02 3.754072e+00 1.043521e-04 9.999997e-01 -8.196451e-04 -6.684290e-01 -1.653730e-02 8.212585e-04 9.998628e-01 2.197739e+01
9.999671e-01 5.568416e-05 -8.115909e-03 3.850381e+00 -5.126087e-05 9.999999e-01 5.452251e-04 -6.727341e-01 8.115907e-03 -5.447914e-04 9.999668e-01 2.204547e+01
9.999619e-01 9.302988e-05 8.724728e-03 3.953902e+00 -8.840978e-05 9.999999e-01 -5.299268e-04 -6.777120e-01 -8.724808e-03 5.291351e-04 9.999617e-01 2.210861e+01
9.999871e-01 4.397613e-05 -5.075571e-03 4.018373e+00 -4.227806e-05 9.999999e-01 3.346703e-04 -6.828963e-01 5.075554e-03 -3.344516e-04 9.999870e-01 2.221980e+01
9.999401e-01 5.212609e-05 1.094672e-02 4.071247e+00 -4.590431e-05 9.999998e-01 -5.686215e-04 -6.877697e-01 -1.094678e-02 5.680847e-04 9.999398e-01 2.232260e+01
9.999425e-01 9.718943e-05 -1.072325e-02 4.119510e+00 -9.136819e-05 9.999998e-01 5.433537e-04 -6.925982e-01 1.072327e-02 -5.423430e-04 9.999423e-01 2.239391e+01
9.999591e-01 7.175993e-05 9.041826e-03 4.260696e+00 -6.813390e-05 9.999999e-01 -4.013378e-04 -6.958267e-01 -9.041884e-03 4.007051e-04 9.999589e-01 2.232799e+01
9.999338e-01 7.531884e-05 -1.150688e-02 4.469388e+00 -6.840103e-05 9.999998e-01 6.015835e-04 -6.963540e-01 1.150689e-02 -6.007568e-04 9.999335e-01 2.209353e+01
9.999586e-01 9.058935e-05 9.103732e-03 4.680469e+00 -8.668149e-05 9.999999e-01 -4.296542e-04 -6.965179e-01 -9.103801e-03 4.288470e-04 9.999584e-01 2.183577e+01
9.999233e-01 1.478665e-04 -1.238436e-02 4.875722e+00 -1.391789e-04 9.999997e-01 7.023553e-04 -6.973139e-01 1.238443e-02 -7.005780e-04 9.999230e-01 2.162077e+01
9.999734e-01 1.001828e-04 7.297761e-03 5.070872e+00 -9.761411e-05 9.999999e-01 -3.523364e-04 -6.980937e-01 -7.297827e-03 3.516145e-04 9.999732e-01 2.141161e+01
9.999345e-01 1.889768e-04 -1.144149e-02 5.269410e+00 -1.804785e-04 9.999997e-01 7.437937e-04 -6.994705e-01 1.144160e-02 -7.416802e-04 9.999342e-01 2.123222e+01
9.999951e-01 2.687952e-04 3.125065e-03 5.456286e+00 -2.683936e-04 1.000000e+00 -1.289067e-04 -7.015686e-01 -3.125132e-03 1.280672e-04 9.999950e-01 2.111446e+01
9.998204e-01 5.153744e-04 -1.894265e-02 5.640398e+00 -4.935944e-04 9.999992e-01 1.154447e-03 -7.029210e-01 1.894320e-02 -1.144889e-03 9.998198e-01 2.099179e+01
9.999896e-01 2.401636e-04 4.545937e-03 5.788670e+00 -2.387121e-04 9.999999e-01 -3.198402e-04 -7.050871e-01 -4.546049e-03 3.187518e-04 9.999895e-01 2.091755e+01
9.998338e-01 4.210828e-04 -1.822876e-02 5.891959e+00 -4.030075e-04 9.999994e-01 9.952416e-04 -7.078046e-01 1.822913e-02 -9.877298e-04 9.998333e-01 2.087833e+01
9.999786e-01 1.016036e-04 6.547214e-03 5.986644e+00 -9.881460e-05 9.999999e-01 -4.262906e-04 -7.108445e-01 -6.547295e-03 4.256346e-04 9.999784e-01 2.084665e+01
9.999462e-01 1.308036e-04 -1.036699e-02 6.134746e+00 -1.231221e-04 9.999997e-01 7.415830e-04 -7.145045e-01 1.036705e-02 -7.402665e-04 9.999459e-01 2.080899e+01
9.999745e-01 -9.848939e-06 7.137912e-03 6.390023e+00 1.238713e-05 9.999999e-01 -3.555391e-04 -7.151652e-01 -7.137947e-03 3.556187e-04 9.999744e-01 2.057631e+01
9.999086e-01 2.673554e-04 -1.351806e-02 6.745095e+00 -2.531576e-04 9.999994e-01 1.051980e-03 -7.111846e-01 1.351829e-02 -1.048461e-03 9.999080e-01 2.007240e+01
9.999851e-01 2.680513e-05 5.462150e-03 7.102424e+00 -2.549515e-05 1.000000e+00 -2.398811e-04 -7.070719e-01 -5.462196e-03 2.397386e-04 9.999850e-01 1.956799e+01
9.999215e-01 2.114741e-04 -1.252828e-02 7.466054e+00 -1.984270e-04 9.999994e-01 1.042637e-03 -7.029868e-01 1.252845e-02 -1.040069e-03 9.999209e-01 1.906193e+01
9.999846e-01 1.593598e-04 5.550755e-03 7.807203e+00 -1.580692e-04 1.000000e+00 -2.329325e-04 -7.004297e-01 -5.550834e-03 2.320520e-04 9.999845e-01 1.864336e+01
9.999070e-01 2.786948e-05 -1.363767e-02 8.170196e+00 -1.236737e-05 9.999994e-01 1.136786e-03 -6.969568e-01 1.363765e-02 -1.136512e-03 9.999063e-01 1.817777e+01
9.999694e-01 2.180848e-04 7.823500e-03 8.550382e+00 -2.139578e-04 9.999998e-01 -5.283286e-04 -6.917147e-01 -7.823657e-03 5.266391e-04 9.999692e-01 1.759291e+01
9.998715e-01 1.889412e-04 -1.603184e-02 8.858826e+00 -1.677179e-04 9.999991e-01 1.325149e-03 -6.896914e-01 1.603203e-02 -1.322289e-03 9.998705e-01 1.721453e+01
9.999595e-01 3.761008e-05 8.995820e-03 9.191732e+00 -3.316873e-05 9.999999e-01 -4.938377e-04 -6.872973e-01 -8.995882e-03 4.935201e-04 9.999593e-01 1.681334e+01
9.997977e-01 6.394425e-04 -2.010193e-02 9.484918e+00 -6.099343e-04 9.999987e-01 1.474018e-03 -6.860934e-01 2.010281e-02 -1.461458e-03 9.997968e-01 1.649463e+01
