9.993646e-01 -9.604581e-04 3.563067e-02 3.232424e-02 1.006918e-03 9.999987e-01 -1.286019e-03 -1.492926e-02 -3.562939e-02 1.321079e-03 9.993641e-01 5.651575e-01
9.999920e-01 -1.122084e-04 3.987145e-03 7.266452e-02 1.128107e-04 1.000000e+00 -1.508550e-04 -2.892062e-02 -3.987121e-03 1.513038e-04 9.999919e-01 1.081688e+00
9.991542e-01 -1.098988e-03 4.110614e-02 1.132281e-01 1.160800e-03 9.999982e-01 -1.479884e-03 -4.187008e-02 -4.110443e-02 1.526348e-03 9.991536e-01 1.558239e+00
9.999922e-01 1.011001e-04 -3.956406e-03 1.661871e-01 -1.005232e-04 1.000000e+00 1.460169e-04 -5.768440e-02 3.956437e-03 -1.456181e-04 9.999921e-01 2.130378e+00
9.994911e-01 -8.503633e-04 3.188903e-02 1.890285e-01 8.871125e-04 9.999990e-01 -1.138276e-03 -7.582450e-02 -3.188801e-02 1.165986e-03 9.994907e-01 2.831878e+00
9.999008e-01 -3.786589e-04 1.407795e-02 2.387940e-01 3.857897e-04 9.999998e-01 -5.038006e-04 -9.160161e-02 -1.407773e-02 5.091814e-04 9.999007e-01 3.419545e+00
9.996831e-01 -6.910067e-04 2.516276e-02 2.627577e-01 7.142544e-04 9.999993e-01 -9.149142e-04 -1.059115e-01 -2.516209e-02 9.325964e-04 9.996829e-01 3.977575e+00
9.998334e-01 -4.803813e-04 1.824451e-02 2.908343e-01 4.925672e-04 9.999997e-01 -6.634292e-04 -1.186454e-01 -1.824416e-02 6.723047e-04 9.998332e-01 4.463134e+00
9.996034e-01 -7.792169e-04 2.815122e-02 3.325289e-01 8.081379e-04 9.999992e-01 -1.015977e-03 -1.318353e-01 -2.815037e-02 1.038323e-03 9.996031e-01 4.951459e+00
9.998442e-01 -4.551845e-04 1.764601e-02 3.899950e-01 4.661341e-04 9.999997e-01 -6.163899e-04 -1.487077e-01 -1.764569e-02 6.245181e-04 9.998440e-01 5.572441e+00
9.996145e-01 -7.708791e-04 2.775229e-02 4.625749e-01 7.991291e-04 9.999992e-01 -1.006849e-03 -1.657283e-01 -2.775145e-02 1.028638e-03 9.996142e-01 6.173680e+00
9.998498e-01 -4.500573e-04 1.732590e-02 5.258031e-01 4.604565e-04 9.999997e-01 -5.962057e-04 -1.830358e-01 -1.732558e-02 6.040925e-04 9.998496e-01 6.804359e+00
9.996951e-01 -6.748490e-04 2.468411e-02 5.527701e-01 6.975160e-04 9.999993e-01 -9.096669e-04 -1.981868e-01 -2.468343e-02 9.266054e-04 9.996948e-01 7.392624e+00
9.997099e-01 -6.369232e-04 2.407623e-02 6.040857e-01 6.569653e-04 9.999994e-01 -8.245222e-04 -2.144586e-01 -2.407563e-02 8.400985e-04 9.997097e-01 8.003735e+00
9.998193e-01 -5.198759e-04 1.900014e-02 6.468396e-01 5.332757e-04 9.999996e-01 -7.001550e-04 -2.318200e-01 -1.899971e-02 7.101589e-04 9.998191e-01 8.666123e+00
9.997931e-01 -5.436150e-04 2.033219e-02 7.104116e-01 5.578714e-04 9.999996e-01 -6.954721e-04 -2.503021e-01 -2.033174e-02 7.066688e-04 9.997929e-01 9.334604e+00
9.999660e-01 -2.024712e-04 8.247593e-03 7.227106e-01 2.047200e-04 9.999999e-01 -2.717299e-04 -2.744645e-01 -8.247473e-03 2.734069e-04 9.999659e-01 1.030217e+01
9.995169e-01 -8.550809e-04 3.106881e-02 7.714844e-01 8.902123e-04 9.999990e-01 -1.116919e-03 -2.929525e-01 -3.106775e-02 1.144035e-03 9.995165e-01 1.099417e+01
9.999523e-01 3.099260e-04 -9.756648e-03 7.713927e-01 -3.061131e-04 9.999999e-01 3.921828e-04 -3.159816e-01 9.756837e-03 -3.891799e-04 9.999522e-01 1.192193e+01
9.992102e-01 -1.093823e-03 3.972105e-02 8.029252e-01 1.151438e-03 9.999983e-01 -1.427640e-03 -3.359904e-01 -3.971935e-02 1.472246e-03 9.992097e-01 1.268676e+01
9.999915e-01 -7.268688e-05 4.123958e-03 8.846903e-01 7.319597e-05 1.000000e+00 -1.230104e-04 -3.536927e-01 -4.123875e-03 1.233086e-04 9.999914e-01 1.330284e+01
9.996883e-01 -7.117390e-04 2.495598e-02 9.486041e-01 7.344371e-04 9.999993e-01 -9.003252e-04 -3.735698e-01 -2.495525e-02 9.183703e-04 9.996881e-01 1.401870e+01
9.998676e-01 5.039177e-04 -1.626134e-02 9.440048e-01 -4.936461e-04 9.999997e-01 6.355812e-04 -3.963439e-01 1.626174e-02 -6.274725e-04 9.998675e-01 1.493976e+01
9.995682e-01 -8.292280e-04 2.937102e-02 9.721842e-01 8.607966e-04 9.999991e-01 -1.062152e-03 -4.180585e-01 -2.937003e-02 1.086973e-03 9.995679e-01 1.576418e+01
9.998272e-01 5.747607e-04 -1.858162e-02 1.028073e+00 -5.616241e-04 9.999996e-01 7.121027e-04 -4.411310e-01 1.858210e-02 -7.015466e-04 9.998270e-01 1.659721e+01
9.997590e-01 -6.437679e-04 2.194455e-02 9.958238e-01 6.606326e-04 9.999995e-01 -7.612098e-04 -4.648713e-01 -2.194397e-02 7.755208e-04 9.997588e-01 1.760466e+01
9.998574e-01 5.311431e-04 -1.687866e-02 9.334709e-01 -5.202023e-04 9.999997e-01 6.524992e-04 -4.876119e-01 1.687908e-02 -6.436286e-04 9.998573e-01 1.862284e+01
9.992987e-01 -1.046087e-03 3.743012e-02 9.398781e-01 1.096094e-03 9.999985e-01 -1.315463e-03 -5.105877e-01 -3.742861e-02 1.355565e-03 9.992983e-01 1.954370e+01
9.996436e-01 8.049545e-04 -2.668359e-02 9.122198e-01 -7.785144e-04 9.999992e-01 1.001187e-03 -5.320611e-01 2.668446e-02 -9.800597e-04 9.996433e-01 2.045458e+01
9.993327e-01 -1.011220e-03 3.651207e-02 9.312117e-01 1.058332e-03 9.999986e-01 -1.270980e-03 -5.575173e-01 -3.651065e-02 1.308770e-03 9.993323e-01 2.145259e+01
9.995246e-01 9.189198e-04 -3.081570e-02 9.041671e-01 -8.831142e-04 9.999989e-01 1.175465e-03 -5.835410e-01 3.081683e-02 -1.147696e-03 9.995243e-01 2.255159e+01
9.992138e-01 -1.092492e-03 3.963093e-02 8.442673e-01 1.148367e-03 9.999984e-01 -1.387106e-03 -6.077860e-01 -3.962927e-02 1.431523e-03 9.992133e-01 2.363252e+01
9.994928e-01 9.514755e-04 -3.183087e-02 7.438472e-01 -9.125295e-04 9.999988e-01 1.237980e-03 -6.339347e-01 3.183210e-02 -1.208309e-03 9.994924e-01 2.486389e+01
9.992482e-01 -1.073013e-03 3.875368e-02 6.507265e-01 1.126413e-03 9.999984e-01 -1.356099e-03 -6.606178e-01 -3.875208e-02 1.398729e-03 9.992478e-01 2.610391e+01
9.993018e-01 1.097632e-03 -3.734457e-02 5.710414e-01 -1.045093e-03 9.999984e-01 1.426331e-03 -6.857560e-01 3.734616e-02 -1.386310e-03 9.993014e-01 2.724680e+01
9.992622e-01 -1.071122e-03 3.839227e-02 4.961832e-01 1.123942e-03 9.999985e-01 -1.354198e-03 -7.098344e-01 -3.839068e-02 1.396346e-03 9.992618e-01 2.833625e+01
9.993091e-01 1.097183e-03 -3.714958e-02 4.057755e-01 -1.045308e-03 9.999985e-01 1.415727e-03 -7.329495e-01 3.715116e-02 -1.375919e-03 9.993086e-01 2.941183e+01
9.992310e-01 -1.067209e-03 3.919498e-02 1.760927e-01 1.124288e-03 9.999983e-01 -1.434226e-03 -7.457550e-01 -3.919331e-02 1.477186e-03 9.992305e-01 3.025428e+01
9.992974e-01 1.084654e-03 -3.746438e-02 3.587307e-02 -1.030216e-03 9.999984e-01 1.472294e-03 -7.660036e-01 3.746600e-02 -1.432666e-03 9.992968e-01 3.128871e+01
9.991793e-01 -1.108184e-03 4.048909e-02 -8.011706e-02 1.169885e-03 9.999982e-01 -1.500194e-03 -7.846309e-01 -4.048727e-02 1.546327e-03 9.991788e-01 3.221370e+01
9.992575e-01 1.131097e-03 -3.851028e-02 -2.397076e-01 -1.072353e-03 9.999982e-01 1.545999e-03 -8.056226e-01 3.851204e-02 -1.503558e-03 9.992569e-01 3.331280e+01
9.992237e-01 -1.062193e-03 3.938002e-02 -5.000839e-01 1.120303e-03 9.999983e-01 -1.453553e-03 -8.243619e-01 -3.937832e-02 1.496539e-03 9.992232e-01 3.446663e+01
9.992326e-01 1.133288e-03 -3.915164e-02 -6.931834e-01 -1.073263e-03 9.999982e-01 1.554077e-03 -8.444109e-01 3.915341e-02 -1.510867e-03 9.992320e-01 3.557295e+01
9.992307e-01 -1.073673e-03 3.920302e-02 -8.126179e-01 1.131772e-03 9.999983e-01 -1.459803e-03 -8.654778e-01 -3.920131e-02 1.503046e-03 9.992301e-01 3.660795e+01
9.992848e-01 1.112119e-03 -3.779647e-02 -9.984721e-01 -1.056109e-03 9.999983e-01 1.501754e-03 -8.828393e-01 3.779816e-02 -1.460766e-03 9.992843e-01 3.758470e+01
9.992133e-01 -1.100909e-03 3.964202e-02 -1.117773e+00 1.159848e-03 9.999983e-01 -1.463760e-03 -9.033708e-01 -3.964025e-02 1.508584e-03 9.992128e-01 3.859775e+01
9.993004e-01 1.100457e-03 -3.738190e-02 -1.258942e+00 -1.046290e-03 9.999984e-01 1.468502e-03 -9.210812e-01 3.738354e-02 -1.428365e-03 9.992999e-01 3.952394e+01
9.992735e-01 -1.061792e-03 3.809713e-02 -1.407930e+00 1.116408e-03 9.999984e-01 -1.412309e-03 -9.389307e-01 -3.809548e-02 1.453812e-03 9.992730e-01 4.046304e+01
9.995459e-01 9.011810e-04 -3.011846e-02 -1.430956e+00 -8.651040e-04 9.999989e-01 1.210789e-03 -9.623027e-01 3.011960e-02 -1.184187e-03 9.995455e-01 4.144191e+01
9.990152e-01 -1.229343e-03 4.435170e-02 -1.361783e+00 1.304948e-03 9.999977e-01 -1.675723e-03 -9.817046e-01 -4.434946e-02 1.731946e-03 9.990145e-01 4.210533e+01
9.995766e-01 8.717501e-04 -2.908372e-02 -1.369535e+00 -8.374720e-04 9.999989e-01 1.190696e-03 -1.000564e+00 2.908482e-02 -1.165838e-03 9.995762e-01 4.287848e+01
9.988925e-01 -1.298520e-03 4.703169e-02 -1.454314e+00 1.382736e-03 9.999975e-01 -1.758095e-03 -1.018190e+00 -4.702920e-02 1.821177e-03 9.988918e-01 4.372427e+01
9.993352e-01 1.081899e-03 -3.644072e-02 -1.575369e+00 -1.028562e-03 9.999984e-01 1.482326e-03 -1.037519e+00 3.644235e-02 -1.443862e-03 9.993346e-01 4.469491e+01
9.989903e-01 -1.236572e-03 4.490959e-02 -1.757565e+00 1.314935e-03 9.999977e-01 -1.715377e-03 -1.052080e+00 -4.490727e-02 1.772695e-03 9.989895e-01 4.554857e+01
9.997030e-01 7.283636e-04 -2.435995e-02 -1.722547e+00 -7.035944e-04 9.999992e-01 1.025270e-03 -1.070199e+00 2.436076e-02 -1.007829e-03 9.997027e-01 4.623084e+01
9.990099e-01 -1.218958e-03 4.447153e-02 -1.612312e+00 1.295947e-03 9.999977e-01 -1.702364e-03 -1.091109e+00 -4.446927e-02 1.758308e-03 9.990091e-01 4.690637e+01
9.993651e-01 1.062737e-03 -3.561075e-02 -1.658460e+00 -1.010167e-03 9.999984e-01 1.494128e-03 -1.115121e+00 3.561237e-02 -1.457210e-03 9.993645e-01 4.795613e+01
9.991902e-01 -1.118675e-03 4.021988e-02 -1.752691e+00 1.181401e-03 9.999981e-01 -1.535795e-03 -1.140062e+00 -4.021800e-02 1.582064e-03 9.991896e-01 4.912053e+01
9.993541e-01 1.081821e-03 -3.591939e-02 -1.839404e+00 -1.027931e-03 9.999983e-01 1.518690e-03 -1.167565e+00 3.592106e-02 -1.480790e-03 9.993535e-01 5.037767e+01
9.993015e-01 -1.052960e-03 3.735466e-02 -1.943545e+00 1.106461e-03 9.999984e-01 -1.411545e-03 -1.196933e+00 -3.735303e-02 1.451887e-03 9.993010e-01 5.174236e+01
9.993469e-01 1.101599e-03 -3.611690e-02 -2.086971e+00 -1.046185e-03 9.999982e-01 1.553097e-03 -1.228763e+00 3.611863e-02 -1.514301e-03 9.993463e-01 5.327819e+01
9.992654e-01 -1.089725e-03 3.830721e-02 -2.191072e+00 1.147229e-03 9.999982e-01 -1.479111e-03 -1.257396e+00 -3.830544e-02 1.521968e-03 9.992648e-01 5.461126e+01
9.993580e-01 1.098264e-03 -3.580894e-02 -2.294780e+00 -1.043654e-03 9.999983e-01 1.543615e-03 -1.286205e+00 3.581066e-02 -1.505256e-03 9.993574e-01 5.595169e+01
9.987265e-01 -1.380882e-03 5.043211e-02 -2.325728e+00 1.479898e-03 9.999971e-01 -1.926032e-03 -1.316040e+00 -5.042921e-02 1.998210e-03 9.987256e-01 5.722043e+01
9.995738e-01 9.187281e-04 -2.917852e-02 -2.335849e+00 -8.812699e-04 9.999988e-01 1.296512e-03 -1.346292e+00 2.917976e-02 -1.270249e-03 9.995733e-01 5.847105e+01
9.993520e-01 -1.028961e-03 3.597772e-02 -2.418825e+00 1.078849e-03 9.999985e-01 -1.367186e-03 -1.380493e+00 -3.597616e-02 1.405111e-03 9.993516e-01 6.000467e+01
9.993994e-01 1.063489e-03 -3.463699e-02 -2.491607e+00 -1.012243e-03 9.999984e-01 1.496948e-03 -1.414830e+00 3.463862e-02 -1.460991e-03 9.993988e-01 6.152341e+01
9.993457e-01 -1.044107e-03 3.615268e-02 -2.541706e+00 1.095281e-03 9.999984e-01 -1.395667e-03 -1.446929e+00 -3.615108e-02 1.434347e-03 9.993452e-01 6.290801e+01
9.993982e-01 1.055596e-03 -3.466995e-02 -2.553504e+00 -1.005965e-03 9.999984e-01 1.448852e-03 -1.474689e+00 3.467152e-02 -1.413107e-03 9.993977e-01 6.404313e+01
9.994004e-01 -9.926004e-04 3.460895e-02 -2.591824e+00 1.037747e-03 9.999986e-01 -1.286485e-03 -1.510756e+00 -3.460754e-02 1.321625e-03 9.994000e-01 6.557166e+01
9.994361e-01 1.024906e-03 -3.356070e-02 -2.628654e+00 -9.780929e-04 9.999985e-01 1.411191e-03 -1.545343e+00 3.356219e-02 -1.377573e-03 9.994356e-01 6.703800e+01
9.994008e-01 -1.001322e-03 3.459679e-02 -2.676125e+00 1.047612e-03 9.999986e-01 -1.319837e-03 -1.574585e+00 -3.459533e-02 1.355287e-03 9.994004e-01 6.829636e+01
9.996467e-01 8.426039e-04 -2.656598e-02 -2.631406e+00 -8.139504e-04 9.999991e-01 1.089284e-03 -1.600268e+00 2.656697e-02 -1.067279e-03 9.996464e-01 6.925268e+01
9.995241e-01 -9.192071e-04 3.083350e-02 -2.651640e+00 9.554095e-04 9.999989e-01 -1.159339e-03 -1.625827e+00 -3.083231e-02 1.188242e-03 9.995238e-01 7.031396e+01
9.995690e-01 9.224768e-04 -2.933957e-02 -2.711073e+00 -8.869010e-04 9.999989e-01 1.225460e-03 -1.654209e+00 2.934076e-02 -1.198914e-03 9.995687e-01 7.155775e+01
9.995225e-01 -9.296623e-04 3.088401e-02 -2.733690e+00 9.668012e-04 9.999988e-01 -1.187542e-03 -1.680540e+00 -3.088278e-02 1.216830e-03 9.995222e-01 7.265136e+01
9.996129e-01 8.880445e-04 -2.780783e-02 -2.767158e+00 -8.557154e-04 9.999989e-01 1.174377e-03 -1.706637e+00 2.780893e-02 -1.150130e-03 9.996125e-01 7.375479e+01
9.995348e-01 -9.216447e-04 3.048239e-02 -2.823052e+00 9.578876e-04 9.999989e-01 -1.174325e-03 -1.732322e+00 -3.048118e-02 1.202974e-03 9.995345e-01 7.487904e+01
9.995815e-01 9.268263e-04 -2.891343e-02 -2.915588e+00 -8.913144e-04 9.999988e-01 1.240990e-03 -1.759763e+00 2.891464e-02 -1.214703e-03 9.995811e-01 7.614131e+01
9.995663e-01 -8.952498e-04 2.943488e-02 -3.008079e+00 9.286932e-04 9.999989e-01 -1.122454e-03 -1.790270e+00 -2.943375e-02 1.149299e-03 9.995660e-01 7.753076e+01
9.995887e-01 9.213956e-04 -2.866085e-02 -3.090297e+00 -8.867209e-04 9.999989e-01 1.222426e-03 -1.819133e+00 2.866203e-02 -1.196513e-03 9.995884e-01 7.883351e+01
9.995787e-01 -8.914316e-04 2.901101e-02 -3.169274e+00 9.244987e-04 9.999989e-01 -1.126340e-03 -1.845990e+00 -2.900988e-02 1.152683e-03 9.995784e-01 8.004563e+01
9.995754e-01 9.318986e-04 -2.912047e-02 -3.223890e+00 -8.968589e-04 9.999989e-01 1.216219e-03 -1.871338e+00 2.912166e-02 -1.189589e-03 9.995751e-01 8.115031e+01
9.995700e-01 -9.022496e-04 2.930804e-02 -3.274572e+00 9.358591e-04 9.999989e-01 -1.132993e-03 -1.897076e+00 -2.930689e-02 1.159930e-03 9.995697e-01 8.226521e+01
9.995838e-01 9.241426e-04 -2.883387e-02 -3.314314e+00 -8.896828e-04 9.999989e-01 1.207835e-03 -1.923012e+00 2.883505e-02 -1.181683e-03 9.995834e-01 8.337033e+01
9.995396e-01 -9.317013e-04 3.032585e-02 -3.326524e+00 9.673640e-04 9.999989e-01 -1.161258e-03 -1.951167e+00 -3.032464e-02 1.190056e-03 9.995393e-01 8.452138e+01
9.995759e-01 9.380400e-04 -2.910307e-02 -3.326671e+00 -9.025499e-04 9.999988e-01 1.232489e-03 -1.981117e+00 2.910429e-02 -1.205703e-03 9.995756e-01 8.572917e+01
9.995548e-01 -9.259632e-04 2.982174e-02 -3.328816e+00 9.611419e-04 9.999989e-01 -1.165243e-03 -2.008033e+00 -2.982053e-02 1.193384e-03 9.995545e-01 8.681152e+01
9.995953e-01 9.215580e-04 -2.843156e-02 -3.319318e+00 -8.876199e-04 9.999989e-01 1.206187e-03 -2.034974e+00 2.843273e-02 -1.180466e-03 9.995949e-01 8.787559e+01
9.995747e-01 -9.085326e-04 2.914577e-02 -3.349245e+00 9.419119e-04 9.999989e-01 -1.131466e-03 -2.062353e+00 -2.914461e-02 1.158434e-03 9.995745e-01 8.902511e+01
9.995881e-01 9.278133e-04 -2.868244e-02 -3.345928e+00 -8.934817e-04 9.999989e-01 1.209661e-03 -2.090298e+00 2.868362e-02 -1.183539e-03 9.995878e-01 9.014097e+01
9.995668e-01 -9.122483e-04 2.941655e-02 -3.383176e+00 9.459308e-04 9.999989e-01 -1.131046e-03 -2.117675e+00 -2.941539e-02 1.158378e-03 9.995665e-01 9.130337e+01
9.995778e-01 9.404424e-04 -2.904034e-02 -3.439965e+00 -9.056286e-04 9.999989e-01 1.211852e-03 -2.143170e+00 2.904154e-02 -1.185044e-03 9.995774e-01 9.241933e+01
9.995573e-01 -9.264554e-04 2.973580e-02 -3.498899e+00 9.610498e-04 9.999989e-01 -1.149045e-03 -2.167645e+00 -2.973461e-02 1.177110e-03 9.995571e-01 9.349579e+01
9.995799e-01 9.464359e-04 -2.896778e-02 -3.565426e+00 -9.111611e-04 9.999988e-01 1.230815e-03 -2.194638e+00 2.896900e-02 -1.203907e-03 9.995795e-01 9.469237e+01
9.995543e-01 -9.293596e-04 2.983881e-02 -3.632813e+00 9.640499e-04 9.999989e-01 -1.148148e-03 -2.221426e+00 -2.983761e-02 1.176399e-03 9.995540e-01 9.588276e+01
9.996372e-01 8.872307e-04 -2.691863e-02 -3.712145e+00 -8.570519e-04 9.999990e-01 1.132535e-03 -2.244636e+00 2.691970e-02 -1.109057e-03 9.996369e-01 9.694412e+01
9.995886e-01 -8.993911e-04 2.866616e-02 -3.796058e+00 9.315900e-04 9.999990e-01 -1.109822e-03 -2.267465e+00 -2.866504e-02 1.136067e-03 9.995884e-01 9.799681e+01
9.996692e-01 8.484211e-04 -2.570283e-02 -3.878454e+00 -8.212362e-04 9.999991e-01 1.068101e-03 -2.287969e+00 2.570381e-02 -1.046643e-03 9.996690e-01 9.894862e+01
9.996137e-01 -8.735264e-04 2.777810e-02 -3.945706e+00 9.031690e-04 9.999990e-01 -1.054509e-03 -2.312554e+00 -2.777706e-02 1.079187e-03 9.996135e-01 1.000452e+02
9.996540e-01 8.679088e-04 -2.628866e-02 -4.008467e+00 -8.390555e-04 9.999990e-01 1.108474e-03 -2.339653e+00 2.628969e-02 -1.086036e-03 9.996537e-01 1.012403e+02
9.995628e-01 -9.150210e-04 2.955294e-02 -4.075856e+00 9.484542e-04 9.999989e-01 -1.117222e-03 -2.366548e+00 -2.955179e-02 1.144760e-03 9.995625e-01 1.024357e+02
9.996692e-01 8.494416e-04 -2.570513e-02 -4.150226e+00 -8.222195e-04 9.999991e-01 1.069468e-03 -2.390427e+00 2.570611e-02 -1.047983e-03 9.996689e-01 1.035166e+02
9.995362e-01 -9.349394e-04 3.043739e-02 -4.199098e+00 9.706186e-04 9.999989e-01 -1.157385e-03 -2.415100e+00 -3.043618e-02 1.186388e-03 9.995359e-01 1.045882e+02
9.996069e-01 9.107784e-04 -2.802066e-02 -4.235131e+00 -8.778707e-04 9.999989e-01 1.186595e-03 -2.443576e+00 2.802180e-02 -1.161534e-03 9.996066e-01 1.057972e+02
9.995701e-01 -8.996062e-04 2.930576e-02 -4.321089e+00 9.321240e-04 9.999990e-01 -1.095882e-03 -2.473020e+00 -2.930464e-02 1.122724e-03 9.995698e-01 1.071323e+02
9.996274e-01 8.840443e-04 -2.727844e-02 -4.392693e+00 -8.537458e-04 9.999990e-01 1.122244e-03 -2.497917e+00 2.727950e-02 -1.098541e-03 9.996272e-01 1.082519e+02
9.993606e-01 -1.060029e-03 3.573799e-02 -4.373439e+00 1.109394e-03 9.999985e-01 -1.361424e-03 -2.521924e+00 -3.573640e-02 1.400198e-03 9.993602e-01 1.091835e+02
9.998392e-01 6.317375e-04 -1.792164e-02 -4.340735e+00 -6.176123e-04 9.999995e-01 7.935428e-04 -2.547761e+00 1.792223e-02 -7.823499e-04 9.998390e-01 1.101762e+02
9.993745e-01 -1.054757e-03 3.534712e-02 -4.355865e+00 1.102507e-03 9.999985e-01 -1.331366e-03 -2.573303e+00 -3.534556e-02 1.369500e-03 9.993741e-01 1.112375e+02
9.996718e-01 8.543321e-04 -2.560434e-02 -4.402299e+00 -8.268528e-04 9.999991e-01 1.083685e-03 -2.599963e+00 2.560534e-02 -1.062162e-03 9.996715e-01 1.123982e+02
9.996266e-01 -8.705266e-04 2.730818e-02 -4.446592e+00 8.995794e-04 9.999990e-01 -1.051523e-03 -2.625745e+00 -2.730714e-02 1.075692e-03 9.996264e-01 1.135063e+02
9.998209e-01 6.789083e-04 -1.891172e-02 -4.438554e+00 -6.636841e-04 9.999995e-01 8.111322e-04 -2.650004e+00 1.891236e-02 -7.984390e-04 9.998208e-01 1.144685e+02
9.997160e-01 -7.808539e-04 2.381671e-02 -4.491854e+00 8.024648e-04 9.999993e-01 -8.977254e-04 -2.676277e+00 -2.381590e-02 9.165789e-04 9.997159e-01 1.156167e+02
9.997580e-01 7.645157e-04 -2.198498e-02 -4.569526e+00 -7.437480e-04 9.999993e-01 9.526654e-04 -2.705136e+00 2.198579e-02 -9.360870e-04 9.997578e-01 1.169124e+02
9.996155e-01 -8.796439e-04 2.771250e-02 -4.629856e+00 9.093979e-04 9.999990e-01 -1.060987e-03 -2.731962e+00 -2.771145e-02 1.085777e-03 9.996153e-01 1.180930e+02
9.997148e-01 8.161859e-04 -2.386446e-02 -4.698427e+00 -7.919541e-04 9.999992e-01 1.024704e-03 -2.758235e+00 2.386537e-02 -1.005516e-03 9.997146e-01 1.192660e+02
9.996809e-01 -8.303155e-04 2.524457e-02 -4.744153e+00 8.558047e-04 9.999991e-01 -9.987998e-04 -2.781481e+00 -2.524362e-02 1.020082e-03 9.996807e-01 1.202706e+02
9.996960e-01 8.413281e-04 -2.463937e-02 -4.817139e+00 -8.156208e-04 9.999991e-01 1.053257e-03 -2.804201e+00 2.464033e-02 -1.032844e-03 9.996958e-01 1.212979e+02
9.996700e-01 -8.514383e-04 2.567445e-02 -4.864530e+00 8.788746e-04 9.999991e-01 -1.057253e-03 -2.822758e+00 -2.567343e-02 1.079465e-03 9.996697e-01 1.221038e+02
9.996905e-01 8.477641e-04 -2.486093e-02 -4.907495e+00 -8.213223e-04 9.999991e-01 1.073663e-03 -2.842271e+00 2.486191e-02 -1.052915e-03 9.996903e-01 1.229450e+02
9.996230e-01 -8.954578e-04 2.743962e-02 -4.978667e+00 9.261416e-04 9.999990e-01 -1.105442e-03 -2.862123e+00 -2.743850e-02 1.130435e-03 9.996228e-01 1.238502e+02
9.996894e-01 8.503514e-04 -2.490507e-02 -5.038553e+00 -8.243106e-04 9.999991e-01 1.055734e-03 -2.881209e+00 2.490604e-02 -1.034880e-03 9.996892e-01 1.247022e+02
9.996668e-01 -8.503845e-04 2.579777e-02 -5.102002e+00 8.773183e-04 9.999991e-01 -1.032633e-03 -2.901926e+00 -2.579677e-02 1.054918e-03 9.996666e-01 1.256283e+02
9.996845e-01 8.526826e-04 -2.510362e-02 -5.150757e+00 -8.261175e-04 9.999991e-01 1.068454e-03 -2.923862e+00 2.510461e-02 -1.047382e-03 9.996842e-01 1.265804e+02
9.996805e-01 -8.318459e-04 2.526059e-02 -5.173799e+00 8.572170e-04 9.999991e-01 -9.934540e-04 -2.949786e+00 -2.525965e-02 1.014787e-03 9.996803e-01 1.276558e+02
9.997028e-01 8.328887e-04 -2.436291e-02 -5.214907e+00 -8.077633e-04 9.999991e-01 1.041001e-03 -2.974281e+00 2.436385e-02 -1.021016e-03 9.997026e-01 1.287038e+02
9.995785e-01 -9.386362e-04 2.901485e-02 -5.262639e+00 9.723967e-04 9.999989e-01 -1.149378e-03 -2.994228e+00 -2.901364e-02 1.177104e-03 9.995783e-01 1.295760e+02
9.998139e-01 6.991765e-04 -1.927725e-02 -5.269080e+00 -6.830902e-04 9.999994e-01 8.408894e-04 -3.014693e+00 1.927792e-02 -8.275683e-04 9.998138e-01 1.304025e+02
9.996659e-01 -8.323284e-04 2.583421e-02 -5.155300e+00 8.601191e-04 9.999991e-01 -1.064529e-03 -3.037831e+00 -2.583321e-02 1.086390e-03 9.996656e-01 1.311428e+02
9.998309e-01 6.924631e-04 -1.837228e-02 -4.975371e+00 -6.782439e-04 9.999995e-01 7.800041e-04 -3.061396e+00 1.837291e-02 -7.674149e-04 9.998309e-01 1.318039e+02
9.996753e-01 -8.627044e-04 2.546663e-02 -4.943288e+00 8.886842e-04 9.999991e-01 -1.008740e-03 -3.082236e+00 -2.546564e-02 1.031040e-03 9.996751e-01 1.325778e+02
9.997425e-01 8.086448e-04 -2.267731e-02 -4.999715e+00 -7.869146e-04 9.999992e-01 9.670058e-04 -3.103939e+00 2.267818e-02 -9.489152e-04 9.997423e-01 1.335338e+02
9.995256e-01 -9.987326e-04 3.078000e-02 -4.955231e+00 1.036834e-03 9.999987e-01 -1.221817e-03 -3.125086e+00 -3.077864e-02 1.253147e-03 9.995254e-01 1.343004e+02
9.996475e-01 9.154723e-04 -2.653156e-02 -4.967166e+00 -8.860380e-04 9.999990e-01 1.121025e-03 -3.145854e+00 2.653266e-02 -1.097125e-03 9.996473e-01 1.351455e+02
9.994230e-01 -1.084583e-03 3.394657e-02 -5.035270e+00 1.130057e-03 9.999985e-01 -1.320327e-03 -3.165717e+00 -3.394499e-02 1.357923e-03 9.994227e-01 1.360524e+02
9.995524e-01 1.009280e-03 -2.989761e-02 -5.087991e+00 -9.725467e-04 9.999988e-01 1.243057e-03 -3.185768e+00 2.989892e-02 -1.213427e-03 9.995521e-01 1.369374e+02
9.993793e-01 -1.106686e-03 3.520982e-02 -5.114904e+00 1.155439e-03 9.999984e-01 -1.364248e-03 -3.207975e+00 -3.520815e-02 1.404080e-03 9.993790e-01 1.378698e+02
9.994982e-01 1.062051e-03 -3.165514e-02 -5.171936e+00 -1.020275e-03 9.999986e-01 1.335735e-03 -3.232792e+00 3.165662e-02 -1.302771e-03 9.994979e-01 1.389591e+02
9.992284e-01 -1.194181e-03 3.925717e-02 -5.193057e+00 1.253879e-03 9.999981e-01 -1.496042e-03 -3.261498e+00 -3.925521e-02 1.544108e-03 9.992280e-01 1.401520e+02
9.995024e-01 1.061309e-03 -3.152463e-02 -5.162913e+00 -1.019868e-03 9.999986e-01 1.330487e-03 -3.290942e+00 3.152610e-02 -1.297677e-03 9.995020e-01 1.412983e+02
9.993913e-01 -1.105447e-03 3.486755e-02 -5.240868e+00 1.153900e-03 9.999984e-01 -1.369453e-03 -3.312222e+00 -3.486588e-02 1.408849e-03 9.993909e-01 1.422761e+02
9.997297e-01 8.322753e-04 -2.323338e-02 -5.267344e+00 -8.087260e-04 9.999991e-01 1.022832e-03 -3.335388e+00 2.323431e-02 -1.003770e-03 9.997295e-01 1.432506e+02
9.992773e-01 -1.180940e-03 3.799090e-02 -5.270591e+00 1.237629e-03 9.999982e-01 -1.468608e-03 -3.360589e+00 -3.798899e-02 1.514562e-03 9.992770e-01 1.442724e+02
9.996027e-01 9.666094e-04 -2.816760e-02 -5.298958e+00 -9.334698e-04 9.999989e-01 1.189516e-03 -3.383844e+00 2.816882e-02 -1.162753e-03 9.996024e-01 1.452541e+02
9.995248e-01 -1.008587e-03 3.080739e-02 -5.331202e+00 1.047141e-03 9.999987e-01 -1.235247e-03 -3.404372e+00 -3.080601e-02 1.266916e-03 9.995245e-01 1.461171e+02
9.998190e-01 7.132860e-04 -1.901140e-02 -5.312302e+00 -6.973388e-04 9.999994e-01 8.452571e-04 -3.424866e+00 1.901209e-02 -8.318504e-04 9.998189e-01 1.468989e+02
9.993001e-01 -1.175693e-03 3.738813e-02 -5.298893e+00 1.230267e-03 9.999982e-01 -1.436603e-03 -3.447168e+00 -3.738627e-02 1.481591e-03 9.992997e-01 1.477752e+02
9.996465e-01 9.390357e-04 -2.656969e-02 -5.321551e+00 -9.096106e-04 9.999990e-01 1.119395e-03 -3.471260e+00 2.657081e-02 -1.094835e-03 9.996463e-01 1.487802e+02
9.993259e-01 -1.153011e-03 3.669238e-02 -5.288537e+00 1.205337e-03 9.999983e-01 -1.403873e-03 -3.497397e+00 -3.669060e-02 1.447149e-03 9.993256e-01 1.497757e+02
9.997264e-01 8.408609e-04 -2.337207e-02 -5.266756e+00 -8.178255e-04 9.999992e-01 9.949761e-04 -3.521320e+00 2.337299e-02 -9.755934e-04 9.997263e-01 1.507057e+02
9.996440e-01 -8.997601e-04 2.666343e-02 -5.329449e+00 9.275311e-04 9.999990e-01 -1.029054e-03 -3.546238e+00 -2.666238e-02 1.053415e-03 9.996439e-01 1.518084e+02
9.996928e-01 8.815193e-04 -2.476925e-02 -5.383741e+00 -8.553403e-04 9.999991e-01 1.067337e-03 -3.574335e+00 2.477026e-02 -1.045826e-03 9.996926e-01 1.530294e+02
9.995410e-01 -9.839532e-04 3.027817e-02 -5.392336e+00 1.020162e-03 9.999988e-01 -1.180336e-03 -3.601127e+00 -3.027687e-02 1.210678e-03 9.995408e-01 1.541202e+02
9.994477e-01 1.157644e-03 -3.321061e-02 -5.108129e+00 -1.116677e-03 9.999986e-01 1.251971e-03 -3.625733e+00 3.321211e-02 -1.214197e-03 9.994475e-01 1.546392e+02
9.995178e-01 -9.978718e-04 3.103306e-02 -4.898719e+00 1.035592e-03 9.999987e-01 -1.199331e-03 -3.649072e+00 -3.103173e-02 1.230886e-03 9.995176e-01 1.552313e+02
9.996022e-01 9.596630e-04 -2.818692e-02 -4.868328e+00 -9.277008e-04 9.999989e-01 1.146854e-03 -3.672711e+00 2.818809e-02 -1.120253e-03 9.996020e-01 1.561198e+02
9.996011e-01 -9.347460e-04 2.822526e-02 -4.835944e+00 9.672313e-04 9.999989e-01 -1.137172e-03 -3.692524e+00 -2.822407e-02 1.164015e-03 9.996009e-01 1.568374e+02
9.995542e-01 1.016123e-03 -2.983804e-02 -4.825773e+00 -9.812856e-04 9.999988e-01 1.182036e-03 -3.708346e+00 2.983931e-02 -1.152233e-03 9.995540e-01 1.574261e+02
9.994120e-01 -1.107105e-03 3.426783e-02 -4.848962e+00 1.152540e-03 9.999985e-01 -1.306028e-03 -3.726608e+00 -3.426623e-02 1.344751e-03 9.994118e-01 1.581792e+02
9.996286e-01 9.556836e-04 -2.723411e-02 -4.874744e+00 -9.257571e-04 9.999990e-01 1.111306e-03 -3.748149e+00 2.723524e-02 -1.085685e-03 9.996284e-01 1.590823e+02
9.995312e-01 -1.017387e-03 3.059767e-02 -4.921642e+00 1.053743e-03 9.999988e-01 -1.171981e-03 -3.769398e+00 -3.059634e-02 1.203670e-03 9.995310e-01 1.600026e+02
9.996015e-01 9.558872e-04 -2.821181e-02 -4.924783e+00 -9.253080e-04 9.999990e-01 1.096811e-03 -3.784707e+00 2.821293e-02 -1.070273e-03 9.996013e-01 1.606012e+02
9.993747e-01 -1.122037e-03 3.534005e-02 -4.887350e+00 1.170259e-03 9.999984e-01 -1.343765e-03 -3.801745e+00 -3.533839e-02 1.384278e-03 9.993744e-01 1.612065e+02
9.995975e-01 9.686707e-04 -2.835235e-02 -4.909231e+00 -9.365401e-04 9.999989e-01 1.146375e-03 -3.822247e+00 2.835353e-02 -1.119364e-03 9.995973e-01 1.620586e+02
9.994621e-01 -1.053053e-03 3.277548e-02 -4.917912e+00 1.094771e-03 9.999986e-01 -1.254796e-03 -3.843366e+00 -3.277402e-02 1.289999e-03 9.994619e-01 1.629103e+02
9.995543e-01 1.004300e-03 -2.983488e-02 -4.936903e+00 -9.687694e-04 9.999988e-01 1.205196e-03 -3.863603e+00 2.983616e-02 -1.175759e-03 9.995541e-01 1.637421e+02
9.993976e-01 -1.095359e-03 3.468707e-02 -4.919778e+00 1.142457e-03 9.999985e-01 -1.337884e-03 -3.884300e+00 -3.468546e-02 1.376703e-03 9.993973e-01 1.645325e+02
9.994502e-01 1.091999e-03 -3.313558e-02 -4.941620e+00 -1.047970e-03 9.999985e-01 1.345962e-03 -3.905508e+00 3.313710e-02 -1.310501e-03 9.994499e-01 1.654079e+02
9.994087e-01 -1.085519e-03 3.436428e-02 -4.926909e+00 1.131563e-03 9.999985e-01 -1.320353e-03 -3.929453e+00 -3.436269e-02 1.358453e-03 9.994085e-01 1.663356e+02
9.994824e-01 1.056021e-03 -3.215122e-02 -4.929227e+00 -1.015440e-03 9.999987e-01 1.278370e-03 -3.947984e+00 3.215262e-02 -1.245065e-03 9.994821e-01 1.670660e+02
9.994795e-01 -1.028021e-03 3.224255e-02 -4.986099e+00 1.067870e-03 9.999987e-01 -1.218573e-03 -3.970134e+00 -3.224115e-02 1.252366e-03 9.994793e-01 1.680379e+02
9.994980e-01 1.048844e-03 -3.166168e-02 -5.017993e+00 -1.008567e-03 9.999987e-01 1.287900e-03 -3.996170e+00 3.166309e-02 -1.255324e-03 9.994978e-01 1.691311e+02
9.994363e-01 -1.060891e-03 3.355358e-02 -5.036985e+00 1.104015e-03 9.999986e-01 -1.266626e-03 -4.021718e+00 -3.355209e-02 1.302952e-03 9.994361e-01 1.701843e+02
9.993721e-01 1.169465e-03 -3.541202e-02 -5.108854e+00 -1.120701e-03 9.999984e-01 1.396750e-03 -4.044435e+00 3.541370e-02 -1.356190e-03 9.993718e-01 1.711960e+02
9.993952e-01 -1.108970e-03 3.475610e-02 -5.191973e+00 1.155226e-03 9.999985e-01 -1.310713e-03 -4.065068e+00 -3.475450e-02 1.350067e-03 9.993949e-01 1.721478e+02
9.994343e-01 1.132391e-03 -3.360984e-02 -5.310505e+00 -1.086166e-03 9.999984e-01 1.393441e-03 -4.090365e+00 3.361146e-02 -1.356151e-03 9.994340e-01 1.733633e+02
9.993985e-01 -1.099575e-03 3.466064e-02 -5.435312e+00 1.144184e-03 9.999985e-01 -1.267091e-03 -4.120665e+00 -3.465910e-02 1.305983e-03 9.993983e-01 1.748012e+02
9.994551e-01 1.113481e-03 -3.298783e-02 -5.531301e+00 -1.069827e-03 9.999985e-01 1.340839e-03 -4.147772e+00 3.298937e-02 -1.304821e-03 9.994548e-01 1.760550e+02
9.993751e-01 -1.128389e-03 3.532741e-02 -5.590679e+00 1.175650e-03 9.999984e-01 -1.316942e-03 -4.173114e+00 -3.532577e-02 1.357648e-03 9.993749e-01 1.771710e+02
9.993782e-01 1.179673e-03 -3.523786e-02 -5.686170e+00 -1.130710e-03 9.999984e-01 1.409273e-03 -4.195262e+00 3.523957e-02 -1.368556e-03 9.993779e-01 1.782128e+02
9.993692e-01 -1.115826e-03 3.549436e-02 -5.895667e+00 1.164270e-03 9.999984e-01 -1.344085e-03 -4.211751e+00 -3.549270e-02 1.384558e-03 9.993689e-01 1.791825e+02
9.993889e-01 1.168092e-03 -3.493442e-02 -6.021579e+00 -1.117426e-03 9.999983e-01 1.469678e-03 -4.239692e+00 3.493618e-02 -1.429747e-03 9.993885e-01 1.805218e+02
9.994053e-01 -1.095616e-03 3.446507e-02 -6.114202e+00 1.142666e-03 9.999984e-01 -1.345372e-03 -4.265317e+00 -3.446344e-02 1.383950e-03 9.994050e-01 1.816994e+02
9.993976e-01 1.158439e-03 -3.468456e-02 -6.229462e+00 -1.108979e-03 9.999983e-01 1.445082e-03 -4.287371e+00 3.468627e-02 -1.405751e-03 9.993972e-01 1.827681e+02
9.994068e-01 -1.045092e-03 3.442167e-02 -6.538417e+00 1.093701e-03 9.999984e-01 -1.393233e-03 -4.298318e+00 -3.442006e-02 1.430050e-03 9.994064e-01 1.836403e+02
9.992244e-01 1.297458e-03 -3.935392e-02 -6.750089e+00 -1.236141e-03 9.999980e-01 1.582283e-03 -4.309910e+00 3.935600e-02 -1.532413e-03 9.992240e-01 1.843797e+02
9.993245e-01 -1.150844e-03 3.673091e-02 -6.857788e+00 1.204057e-03 9.999983e-01 -1.426537e-03 -4.329074e+00 -3.672910e-02 1.469796e-03 9.993241e-01 1.852995e+02
9.992775e-01 1.253236e-03 -3.798435e-02 -6.981229e+00 -1.195535e-03 9.999981e-01 1.541626e-03 -4.348496e+00 3.798631e-02 -1.495104e-03 9.992771e-01 1.862577e+02
9.992841e-01 -1.101958e-03 3.781499e-02 -7.414222e+00 1.161816e-03 9.999981e-01 -1.560891e-03 -4.348013e+00 -3.781310e-02 1.603703e-03 9.992835e-01 1.868124e+02
9.992737e-01 1.187210e-03 -3.808521e-02 -7.577995e+00 -1.125141e-03 9.999980e-01 1.651011e-03 -4.366525e+00 3.808719e-02 -1.606965e-03 9.992731e-01 1.877997e+02
9.993137e-01 -1.101262e-03 3.702528e-02 -7.626453e+00 1.159348e-03 9.999981e-01 -1.547285e-03 -4.387673e+00 -3.702341e-02 1.589144e-03 9.993131e-01 1.887119e+02
9.989364e-01 1.464859e-03 -4.608594e-02 -7.638408e+00 -1.378670e-03 9.999972e-01 1.901826e-03 -4.405951e+00 4.608870e-02 -1.836270e-03 9.989356e-01 1.894235e+02
9.992622e-01 -1.124713e-03 3.838793e-02 -7.659134e+00 1.186915e-03 9.999980e-01 -1.597510e-03 -4.425946e+00 -3.838596e-02 1.641891e-03 9.992616e-01 1.902309e+02
9.992084e-01 1.227868e-03 -3.976206e-02 -7.699869e+00 -1.161163e-03 9.999979e-01 1.700555e-03 -4.445608e+00 3.976416e-02 -1.653043e-03 9.992077e-01 1.910700e+02
9.992024e-01 -1.172769e-03 3.991439e-02 -7.739630e+00 1.239346e-03 9.999979e-01 -1.643195e-03 -4.464606e+00 -3.991228e-02 1.691348e-03 9.992017e-01 1.918818e+02
9.992045e-01 1.234200e-03 -3.985873e-02 -7.792696e+00 -1.166639e-03 9.999978e-01 1.718121e-03 -4.485500e+00 3.986087e-02 -1.670257e-03 9.992038e-01 1.927958e+02
9.992469e-01 -1.143345e-03 3.878350e-02 -7.794706e+00 1.207748e-03 9.999979e-01 -1.637105e-03 -4.505427e+00 -3.878145e-02 1.682709e-03 9.992462e-01 1.935748e+02
9.991874e-01 1.255569e-03 -4.028432e-02 -7.770842e+00 -1.186973e-03 9.999978e-01 1.726567e-03 -4.526917e+00 4.028650e-02 -1.677352e-03 9.991867e-01 1.943755e+02
9.993647e-01 -9.742322e-04 3.562408e-02 -7.314716e+00 1.032002e-03 9.999982e-01 -1.603197e-03 -4.552909e+00 -3.562236e-02 1.638938e-03 9.993639e-01 1.946913e+02
9.990555e-01 1.383039e-03 -4.343018e-02 -6.788654e+00 -1.304460e-03 9.999975e-01 1.837519e-03 -4.580181e+00 4.343271e-02 -1.779134e-03 9.990547e-01 1.949590e+02
9.991790e-01 -1.092830e-03 4.049706e-02 -6.223269e+00 1.165054e-03 9.999978e-01 -1.759797e-03 -4.610381e+00 -4.049495e-02 1.805530e-03 9.991781e-01 1.952947e+02
9.991498e-01 1.304933e-03 -4.120567e-02 -5.707433e+00 -1.233276e-03 9.999977e-01 1.764283e-03 -4.641066e+00 4.120798e-02 -1.711969e-03 9.991491e-01 1.957339e+02
9.991109e-01 -1.224477e-03 4.214128e-02 -5.564937e+00 1.298169e-03 9.999977e-01 -1.721289e-03 -4.668831e+00 -4.213897e-02 1.774461e-03 9.991101e-01 1.966258e+02
9.991804e-01 1.351982e-03 -4.045576e-02 -5.171662e+00 -1.284195e-03 9.999977e-01 1.701427e-03 -4.703881e+00 4.045806e-02 -1.648083e-03 9.991798e-01 1.974476e+02
9.991219e-01 -1.218299e-03 4.187987e-02 -4.796622e+00 1.291322e-03 9.999977e-01 -1.716536e-03 -4.736649e+00 -4.187758e-02 1.769105e-03 9.991211e-01 1.982020e+02
9.991237e-01 1.302274e-03 -4.183388e-02 -4.749546e+00 -1.228132e-03 9.999976e-01 1.797864e-03 -4.762260e+00 4.183623e-02 -1.744914e-03 9.991229e-01 1.991465e+02
9.991647e-01 -1.176126e-03 4.084754e-02 -4.615283e+00 1.248199e-03 9.999977e-01 -1.738900e-03 -4.786544e+00 -4.084530e-02 1.788429e-03 9.991638e-01 1.999052e+02
9.992212e-01 1.358740e-03 -3.943402e-02 -3.929660e+00 -1.292879e-03 9.999977e-01 1.695517e-03 -4.823545e+00 3.943633e-02 -1.643216e-03 9.992207e-01 2.003699e+02
9.989703e-01 -1.209394e-03 4.535219e-02 -2.985382e+00 1.295814e-03 9.999974e-01 -1.876108e-03 -4.868008e+00 -4.534971e-02 1.932940e-03 9.989692e-01 2.007671e+02
9.991083e-01 1.365777e-03 -4.219765e-02 -2.275986e+00 -1.292047e-03 9.999976e-01 1.774398e-03 -4.903821e+00 4.220007e-02 -1.718298e-03 9.991077e-01 2.011490e+02
9.990448e-01 -1.148175e-03 4.368220e-02 -1.474400e+00 1.229122e-03 9.999976e-01 -1.826196e-03 -4.937823e+00 -4.367990e-02 1.878138e-03 9.990438e-01 2.013191e+02
9.990746e-01 1.449271e-03 -4.298498e-02 -4.850679e-01 -1.373106e-03 9.999974e-01 1.801264e-03 -4.980702e+00 4.298758e-02 -1.740577e-03 9.990740e-01 2.015889e+02
9.991479e-01 -9.947742e-04 4.126018e-02 7.800230e-01 1.067578e-03 9.999979e-01 -1.742432e-03 -5.032941e+00 -4.125826e-02 1.784992e-03 9.991469e-01 2.018330e+02
9.990524e-01 1.562217e-03 -4.349335e-02 2.394038e+00 -1.484384e-03 9.999972e-01 1.821683e-03 -5.097515e+00 4.349618e-02 -1.755400e-03 9.990520e-01 2.020785e+02
9.990796e-01 -9.759062e-04 4.288324e-02 4.266736e+00 1.051898e-03 9.999979e-01 -1.749460e-03 -5.169734e+00 -4.288134e-02 1.792955e-03 9.990785e-01 2.022875e+02
9.990470e-01 1.518908e-03 -4.361866e-02 5.988344e+00 -1.442010e-03 9.999974e-01 1.794290e-03 -5.236307e+00 4.362137e-02 -1.729685e-03 9.990466e-01 2.024866e+02
9.991572e-01 -8.754735e-04 4.103809e-02 7.861360e+00 9.448906e-04 9.999982e-01 -1.672079e-03 -5.309328e+00 -4.103645e-02 1.709443e-03 9.991561e-01 2.027156e+02
9.990575e-01 1.558026e-03 -4.337810e-02 9.895495e+00 -1.482341e-03 9.999973e-01 1.776802e-03 -5.389250e+00 4.338086e-02 -1.710830e-03 9.990571e-01 2.029874e+02
9.991053e-01 -8.452931e-04 4.228269e-02 1.216153e+01 9.169678e-04 9.999982e-01 -1.675686e-03 -5.476165e+00 -4.228110e-02 1.712955e-03 9.991042e-01 2.032260e+02
9.990498e-01 1.428886e-03 -4.355888e-02 1.395018e+01 -1.354318e-03 9.999976e-01 1.741271e-03 -5.550959e+00 4.356136e-02 -1.680627e-03 9.990493e-01 2.036633e+02
9.991066e-01 -8.995118e-04 4.225022e-02 1.554753e+01 9.706107e-04 9.999981e-01 -1.662243e-03 -5.619991e+00 -4.224854e-02 1.701763e-03 9.991056e-01 2.041336e+02
9.991355e-01 1.432982e-03 -4.154712e-02 1.737129e+01 -1.364457e-03 9.999977e-01 1.677561e-03 -5.695454e+00 4.154953e-02 -1.619425e-03 9.991351e-01 2.045374e+02
9.992132e-01 -8.697466e-04 3.964935e-02 1.903828e+01 9.333063e-04 9.999983e-01 -1.584482e-03 -5.766968e+00 -3.964781e-02 1.620236e-03 9.992123e-01 2.049915e+02
9.991272e-01 1.448306e-03 -4.174554e-02 2.073393e+01 -1.379895e-03 9.999977e-01 1.667442e-03 -5.838131e+00 4.174795e-02 -1.608386e-03 9.991268e-01 2.053798e+02
9.991713e-01 -8.941970e-04 4.069169e-02 2.244176e+01 9.601658e-04 9.999983e-01 -1.601592e-03 -5.906954e+00 -4.069009e-02 1.639332e-03 9.991704e-01 2.056654e+02
9.991028e-01 1.381024e-03 -4.232683e-02 2.386302e+01 -1.312391e-03 9.999978e-01 1.649154e-03 -5.966136e+00 4.232911e-02 -1.592128e-03 9.991024e-01 2.059688e+02
9.992219e-01 -7.675250e-04 3.943325e-02 2.560565e+01 8.284675e-04 9.999985e-01 -1.529062e-03 -6.036352e+00 -3.943192e-02 1.560538e-03 9.992210e-01 2.062416e+02
9.991081e-01 1.316311e-03 -4.220500e-02 2.713166e+01 -1.249306e-03 9.999979e-01 1.613852e-03 -6.100459e+00 4.220713e-02 -1.559689e-03 9.991076e-01 2.065808e+02
9.991440e-01 -7.975624e-04 4.135747e-02 2.874183e+01 8.629107e-04 9.999984e-01 -1.562183e-03 -6.166497e+00 -4.135606e-02 1.596530e-03 9.991431e-01 2.068862e+02
9.991194e-01 1.349794e-03 -4.193465e-02 3.053211e+01 -1.283674e-03 9.999979e-01 1.603552e-03 -6.238701e+00 4.193683e-02 -1.548312e-03 9.991190e-01 2.071935e+02
9.991621e-01 -6.902559e-04 4.092206e-02 3.267231e+01 7.528415e-04 9.999986e-01 -1.513923e-03 -6.321949e+00 -4.092085e-02 1.543459e-03 9.991611e-01 2.074577e+02
9.991922e-01 1.333154e-03 -4.016268e-02 3.495690e+01 -1.272567e-03 9.999980e-01 1.533976e-03 -6.409046e+00 4.016474e-02 -1.481631e-03 9.991919e-01 2.076789e+02
9.991716e-01 -6.652974e-04 4.068889e-02 3.731522e+01 7.261560e-04 9.999986e-01 -1.480870e-03 -6.497403e+00 -4.068775e-02 1.509186e-03 9.991707e-01 2.078499e+02
9.991295e-01 1.422046e-03 -4.169112e-02 3.981215e+01 -1.358095e-03 9.999979e-01 1.562128e-03 -6.591457e+00 4.169336e-02 -1.504150e-03 9.991293e-01 2.080463e+02
9.991569e-01 -6.875403e-04 4.104869e-02 4.227150e+01 7.482564e-04 9.999986e-01 -1.463706e-03 -6.684756e+00 -4.104753e-02 1.493184e-03 9.991560e-01 2.082697e+02
9.990997e-01 1.470506e-03 -4.239690e-02 4.481653e+01 -1.405832e-03 9.999978e-01 1.555162e-03 -6.780681e+00 4.239919e-02 -1.494162e-03 9.990996e-01 2.084784e+02
9.991721e-01 -6.519172e-04 4.067700e-02 4.745320e+01 7.101972e-04 9.999987e-01 -1.418247e-03 -6.880130e+00 -4.067592e-02 1.445958e-03 9.991713e-01 2.086932e+02
9.990995e-01 1.375180e-03 -4.240447e-02 4.975296e+01 -1.312342e-03 9.999980e-01 1.509590e-03 -6.969703e+00 4.240656e-02 -1.452584e-03 9.990993e-01 2.089963e+02
9.991631e-01 -7.482326e-04 4.089570e-02 5.173204e+01 8.065944e-04 9.999987e-01 -1.410540e-03 -7.050137e+00 -4.089450e-02 1.442343e-03 9.991624e-01 2.093926e+02
9.990931e-01 1.457895e-03 -4.255245e-02 5.399814e+01 -1.395380e-03 9.999979e-01 1.498723e-03 -7.137028e+00 4.255464e-02 -1.437990e-03 9.990931e-01 2.096324e+02
9.992098e-01 -6.516755e-04 3.973950e-02 5.648721e+01 7.057080e-04 9.999988e-01 -1.345589e-03 -7.230017e+00 -3.973848e-02 1.372568e-03 9.992091e-01 2.098013e+02
9.990751e-01 1.412287e-03 -4.297427e-02 5.877511e+01 -1.350439e-03 9.999980e-01 1.468119e-03 -7.314145e+00 4.297636e-02 -1.408730e-03 9.990750e-01 2.098935e+02
9.992078e-01 -7.415614e-04 3.978976e-02 6.074702e+01 7.953594e-04 9.999988e-01 -1.336178e-03 -7.386687e+00 -3.978862e-02 1.366763e-03 9.992071e-01 2.099648e+02
9.991434e-01 1.347675e-03 -4.135867e-02 6.267432e+01 -1.291111e-03 9.999982e-01 1.394258e-03 -7.457594e+00 4.136058e-02 -1.339668e-03 9.991433e-01 2.100414e+02
9.991987e-01 -6.833556e-04 4.001715e-02 6.482156e+01 7.364748e-04 9.999989e-01 -1.312621e-03 -7.535828e+00 -4.001611e-02 1.341038e-03 9.991981e-01 2.100965e+02
9.991762e-01 1.343705e-03 -4.055983e-02 6.706218e+01 -1.289862e-03 9.999983e-01 1.353582e-03 -7.616147e+00 4.056168e-02 -1.300153e-03 9.991761e-01 2.101146e+02
9.991904e-01 -6.917624e-04 4.022491e-02 6.930914e+01 7.442696e-04 9.999989e-01 -1.290320e-03 -7.696483e+00 -4.022388e-02 1.319211e-03 9.991898e-01 2.101217e+02
