9.993945e-01 -9.927217e-04 3.478025e-02 2.808789e-02 1.031237e-03 9.999989e-01 -1.089481e-03 -1.172855e-03 -3.477912e-02 1.124689e-03 9.993943e-01 9.066370e-02
9.999888e-01 -1.595129e-04 4.728079e-03 5.255231e-02 1.602640e-04 1.000000e+00 -1.584854e-04 -1.733354e-03 -4.728046e-03 1.592416e-04 9.999887e-01 1.778670e-01
9.994866e-01 -9.506915e-04 3.202622e-02 8.128922e-02 9.827122e-04 9.999990e-01 -9.841018e-04 -2.887989e-03 -3.202524e-02 1.015069e-03 9.994864e-01 2.726441e-01
9.999843e-01 -1.348667e-04 5.607933e-03 1.076183e-01 1.360456e-04 1.000000e+00 -2.098249e-04 -3.687704e-03 -5.607889e-03 2.105846e-04 9.999842e-01 3.621566e-01
9.991395e-01 -1.271498e-03 4.145750e-02 1.301285e-01 1.325520e-03 9.999983e-01 -1.275598e-03 -3.345383e-03 -4.145579e-02 1.329453e-03 9.991394e-01 4.481479e-01
9.999997e-01 -7.980818e-06 8.280666e-04 1.559582e-01 8.015507e-06 1.000000e+00 -4.182048e-05 -3.726206e-03 -8.280426e-04 4.182678e-05 9.999996e-01 5.373373e-01
9.995393e-01 -9.350475e-04 3.033771e-02 1.880327e-01 9.629571e-04 9.999991e-01 -9.053659e-04 -5.635723e-03 -3.033681e-02 9.341622e-04 9.995392e-01 6.338165e-01
9.999983e-01 1.189010e-04 -1.838042e-03 2.185821e-01 -1.188461e-04 1.000000e+00 2.992681e-05 -7.661273e-03 1.838075e-03 -2.970884e-05 9.999982e-01 7.262659e-01
9.995804e-01 -8.893392e-04 2.895364e-02 2.499616e-01 9.144664e-04 9.999992e-01 -8.546103e-04 -9.862504e-03 -2.895282e-02 8.807281e-04 9.995803e-01 8.184078e-01
9.999955e-01 1.668803e-04 -3.009473e-03 2.825220e-01 -1.666752e-04 1.000000e+00 6.837314e-05 -1.213795e-02 3.009519e-03 -6.787193e-05 9.999954e-01 9.077053e-01
9.992162e-01 -1.206687e-03 3.956753e-02 3.090015e-01 1.255319e-03 9.999985e-01 -1.204269e-03 -1.301955e-02 -3.956598e-02 1.252994e-03 9.992161e-01 9.939436e-01
9.999898e-01 1.513920e-04 -4.517646e-03 3.388514e-01 -1.508244e-04 1.000000e+00 1.259134e-04 -1.437339e-02 4.517706e-03 -1.252317e-04 9.999897e-01 1.087786e+00
9.991482e-01 -1.170531e-03 4.124913e-02 3.635565e-01 1.224921e-03 9.999984e-01 -1.293329e-03 -1.521466e-02 -4.124750e-02 1.342753e-03 9.991480e-01 1.174816e+00
9.999927e-01 -2.094263e-04 3.814441e-03 3.894178e-01 2.098767e-04 1.000000e+00 -1.175786e-04 -1.535429e-02 -3.814368e-03 1.183770e-04 9.999926e-01 1.267761e+00
9.994599e-01 -8.831077e-04 3.284863e-02 4.171073e-01 9.174093e-04 9.999990e-01 -1.029165e-03 -1.642344e-02 -3.284763e-02 1.058743e-03 9.994597e-01 1.358547e+00
9.999982e-01 -4.430162e-05 -1.903054e-03 4.476789e-01 4.446672e-05 1.000000e+00 8.647117e-05 -1.829100e-02 1.903104e-03 -8.655712e-05 9.999981e-01 1.451677e+00
9.993735e-01 -8.906717e-04 3.537950e-02 4.733247e-01 9.318773e-04 9.999989e-01 -1.148188e-03 -1.953959e-02 -3.537838e-02 1.180436e-03 9.993732e-01 1.537586e+00
9.999998e-01 -1.364638e-04 5.165294e-04 4.977766e-01 1.364494e-04 1.000000e+00 2.917460e-05 -2.046546e-02 -5.164735e-04 -2.910584e-05 9.999998e-01 1.619291e+00
9.993982e-01 -9.172074e-04 3.467566e-02 5.258373e-01 9.563212e-04 9.999989e-01 -1.111404e-03 -2.173217e-02 -3.467454e-02 1.143895e-03 9.993979e-01 1.709227e+00
9.999944e-01 1.763900e-05 -3.342934e-03 5.536758e-01 -1.714872e-05 1.000000e+00 1.464664e-04 -2.333538e-02 3.343002e-03 -1.464102e-04 9.999943e-01 1.796571e+00
9.993298e-01 -9.534884e-04 3.659315e-02 5.787218e-01 9.973126e-04 9.999988e-01 -1.179354e-03 -2.456364e-02 -3.659192e-02 1.215056e-03 9.993295e-01 1.878182e+00
9.999830e-01 3.990648e-05 -5.827493e-03 6.080364e-01 -3.843971e-05 1.000000e+00 2.516537e-04 -2.639627e-02 5.827573e-03 -2.514275e-04 9.999829e-01 1.969236e+00
9.997272e-01 -4.865491e-04 2.335265e-02 6.409775e-01 5.042312e-04 9.999996e-01 -7.512598e-04 -2.996579e-02 -2.335220e-02 7.628277e-04 9.997269e-01 2.065555e+00
9.999095e-01 3.598649e-04 -1.345073e-02 6.608252e-01 -3.536269e-04 9.999998e-01 4.660648e-04 -3.383030e-02 1.345097e-02 -4.612683e-04 9.999093e-01 2.144635e+00
9.998131e-01 -2.089089e-04 1.932992e-02 6.727416e-01 2.214472e-04 9.999998e-01 -6.464631e-04 -3.783093e-02 -1.932971e-02 6.506206e-04 9.998129e-01 2.212666e+00
9.999999e-01 -2.730026e-04 6.613997e-06 7.019702e-01 2.730033e-04 1.000000e+00 6.278066e-05 -4.094528e-02 -6.557701e-06 -6.278116e-05 9.999999e-01 2.299039e+00
9.997585e-01 -2.688149e-04 2.197323e-02 7.292480e-01 2.855315e-04 9.999997e-01 -7.575897e-04 -4.360404e-02 -2.197294e-02 7.636784e-04 9.997582e-01 2.382427e+00
9.999981e-01 -3.855347e-04 1.912861e-03 7.583775e-01 3.854830e-04 9.999999e-01 2.799870e-05 -4.616247e-02 -1.912795e-03 -2.726372e-05 9.999981e-01 2.469680e+00
9.998742e-01 -5.379223e-05 1.585864e-02 7.896970e-01 6.260460e-05 9.999998e-01 -5.551131e-04 -4.944409e-02 -1.585853e-02 5.560336e-04 9.998740e-01 2.552521e+00
9.999996e-01 -3.325355e-04 8.582161e-04 8.176046e-01 3.324828e-04 9.999999e-01 6.295607e-05 -5.268395e-02 -8.581584e-04 -6.267326e-05 9.999995e-01 2.629130e+00
9.999222e-01 7.178549e-05 1.247211e-02 8.413130e-01 -6.597232e-05 9.999999e-01 -4.664037e-04 -5.636334e-02 -1.247206e-02 4.655421e-04 9.999220e-01 2.712185e+00
9.999999e-01 -3.013211e-04 3.162229e-05 8.648101e-01 3.013194e-04 1.000000e+00 9.375748e-05 -6.002886e-02 -3.157034e-05 -9.375056e-05 9.999999e-01 2.791210e+00
9.999125e-01 1.684972e-05 1.322796e-02 8.903731e-01 -1.049669e-05 9.999999e-01 -4.802419e-04 -6.357711e-02 -1.322788e-02 4.800584e-04 9.999123e-01 2.867717e+00
9.999997e-01 -2.728759e-04 6.209153e-04 9.127917e-01 2.728452e-04 1.000000e+00 5.184167e-05 -6.709450e-02 -6.208476e-04 -5.167493e-05 9.999997e-01 2.946286e+00
9.999329e-01 1.003969e-04 1.158072e-02 9.305864e-01 -9.523202e-05 9.999999e-01 -4.464157e-04 -7.084204e-02 -1.158068e-02 4.452802e-04 9.999328e-01 3.030664e+00
9.999793e-01 -5.111179e-04 6.411300e-03 9.567323e-01 5.117571e-04 9.999999e-01 -9.782578e-05 -7.413435e-02 -6.411165e-03 1.011020e-04 9.999794e-01 3.114714e+00
9.999966e-01 4.616626e-04 2.563266e-03 9.655903e-01 -4.611287e-04 9.999999e-01 -2.082850e-04 -7.799588e-02 -2.563278e-03 2.070996e-04 9.999966e-01 3.194054e+00
9.999735e-01 -5.993068e-04 7.252234e-03 9.750394e-01 6.000512e-04 9.999998e-01 -1.002598e-04 -8.192492e-02 -7.252088e-03 1.046061e-04 9.999736e-01 3.280535e+00
9.999883e-01 4.266457e-04 4.820590e-03 1.011221e+00 -4.252179e-04 9.999999e-01 -2.968726e-04 -8.615158e-02 -4.820631e-03 2.948166e-04 9.999883e-01 3.382599e+00
9.999811e-01 -6.011941e-04 6.115433e-03 1.043512e+00 6.015220e-04 9.999998e-01 -5.151531e-05 -9.036710e-02 -6.115316e-03 5.519003e-05 9.999812e-01 3.487523e+00
9.999985e-01 6.227672e-04 1.587288e-03 1.049787e+00 -6.223819e-04 9.999998e-01 -2.421935e-04 -9.450852e-02 -1.587353e-03 2.412025e-04 9.999986e-01 3.579136e+00
9.999974e-01 -5.406736e-04 2.210693e-03 1.046690e+00 5.404824e-04 9.999999e-01 8.783684e-05 -9.891048e-02 -2.210654e-03 -8.664466e-05 9.999975e-01 3.671401e+00
9.999992e-01 5.878661e-04 -1.131110e-03 1.144869e+00 -5.879873e-04 9.999998e-01 -1.082442e-04 -1.044460e-01 1.131133e-03 1.089064e-04 9.999993e-01 3.752042e+00
9.999950e-01 -5.778854e-04 3.096768e-03 1.342941e+00 5.773054e-04 9.999998e-01 1.887248e-04 -1.087708e-01 -3.096790e-03 -1.869390e-04 9.999951e-01 3.747550e+00
9.999988e-01 5.524470e-04 -1.398548e-03 1.548494e+00 -5.526109e-04 9.999998e-01 -1.179923e-04 -1.133270e-01 1.398569e-03 1.187622e-04 9.999989e-01 3.761047e+00
9.999629e-01 -5.790992e-04 8.594832e-03 1.656176e+00 5.805664e-04 9.999998e-01 -1.680260e-04 -1.179130e-01 -8.594646e-03 1.730067e-04 9.999630e-01 3.829344e+00
9.999979e-01 5.792831e-04 -1.935064e-03 1.674004e+00 -5.794669e-04 9.999998e-01 -9.533570e-05 -1.230086e-01 1.935095e-03 9.645396e-05 9.999980e-01 3.973020e+00
9.999991e-01 -4.995079e-04 -1.191223e-03 1.666240e+00 4.997135e-04 9.999999e-01 1.709011e-04 -1.282480e-01 1.191225e-03 -1.714991e-04 9.999992e-01 4.083722e+00
9.999998e-01 5.741182e-04 3.251404e-04 1.651294e+00 -5.740684e-04 9.999998e-01 -1.479719e-04 -1.327467e-01 -3.251382e-04 1.477824e-04 9.999999e-01 4.155148e+00
9.999997e-01 -5.542171e-04 4.024321e-04 1.627115e+00 5.541812e-04 9.999998e-01 9.374634e-05 -1.367956e-01 -4.023970e-04 -9.352619e-05 9.999998e-01 4.222062e+00
9.999995e-01 5.816207e-04 -7.147708e-04 1.606473e+00 -5.817040e-04 9.999998e-01 -1.186783e-04 -1.410096e-01 7.147887e-04 1.190912e-04 9.999997e-01 4.293038e+00
9.999984e-01 -5.368556e-04 1.665710e-03 1.602817e+00 5.367271e-04 9.999999e-01 7.861460e-05 -1.453620e-01 -1.665665e-03 -7.772335e-05 9.999985e-01 4.356368e+00
9.999992e-01 6.177672e-04 1.112021e-03 1.621428e+00 -6.175615e-04 9.999998e-01 -1.837105e-04 -1.502994e-01 -1.112047e-03 1.830207e-04 9.999993e-01 4.455333e+00
9.999966e-01 -5.754633e-04 2.530427e-03 1.657199e+00 5.753698e-04 9.999998e-01 3.834773e-05 -1.557809e-01 -2.530361e-03 -3.689458e-05 9.999967e-01 4.580466e+00
9.999991e-01 6.233004e-04 -1.204651e-03 1.824678e+00 -6.232340e-04 9.999998e-01 5.413414e-05 -1.609009e-01 1.204772e-03 -5.338615e-05 9.999992e-01 4.618702e+00
9.999995e-01 -4.640738e-04 -8.041976e-04 2.106860e+00 4.643772e-04 9.999998e-01 3.750321e-04 -1.633630e-01 8.041108e-04 -3.754082e-04 9.999995e-01 4.480886e+00
9.999895e-01 4.345587e-04 4.558817e-03 2.243691e+00 -4.321532e-04 9.999998e-01 -5.282617e-04 -1.688651e-01 -4.558958e-03 5.262832e-04 9.999894e-01 4.579038e+00
9.999988e-01 -4.037805e-04 1.509918e-03 2.269334e+00 4.033687e-04 9.999999e-01 2.741215e-04 -1.742745e-01 -1.509940e-03 -2.735150e-04 9.999987e-01 4.733647e+00
9.999939e-01 4.618673e-04 3.444501e-03 2.287575e+00 -4.602135e-04 9.999998e-01 -4.804109e-04 -1.794485e-01 -3.444634e-03 4.788199e-04 9.999939e-01 4.869686e+00
9.999923e-01 -4.335701e-04 -3.889351e-03 2.291043e+00 4.354823e-04 9.999998e-01 4.903648e-04 -1.846298e-01 3.889225e-03 -4.920577e-04 9.999922e-01 4.990439e+00
9.999816e-01 5.024267e-04 6.047207e-03 2.310647e+00 -4.990026e-04 9.999997e-01 -5.674450e-04 -1.897595e-01 -6.047402e-03 5.644142e-04 9.999815e-01 5.105309e+00
9.999940e-01 -4.261598e-04 -3.425966e-03 2.320950e+00 4.277717e-04 9.999998e-01 4.692573e-04 -1.945413e-01 3.425854e-03 -4.707229e-04 9.999939e-01 5.203436e+00
9.999950e-01 4.139722e-04 3.131544e-03 2.304518e+00 -4.124751e-04 9.999998e-01 -4.781582e-04 -1.990976e-01 -3.131653e-03 4.768612e-04 9.999949e-01 5.307154e+00
9.999950e-01 -3.863392e-04 3.141268e-03 2.329431e+00 3.856547e-04 9.999999e-01 2.190856e-04 -2.043609e-01 -3.141264e-03 -2.178760e-04 9.999950e-01 5.451119e+00
9.999936e-01 2.951285e-04 3.560820e-03 2.406693e+00 -2.932387e-04 9.999998e-01 -5.307329e-04 -2.106653e-01 -3.560887e-03 5.296825e-04 9.999934e-01 5.650989e+00
9.999984e-01 -3.274084e-04 -1.729897e-03 2.480763e+00 3.281887e-04 9.999998e-01 4.497879e-04 -2.172923e-01 1.729838e-03 -4.503578e-04 9.999983e-01 5.832717e+00
9.999925e-01 3.401343e-04 3.844189e-03 2.551510e+00 -3.379986e-04 9.999998e-01 -5.557369e-04 -2.237504e-01 -3.844288e-03 5.544305e-04 9.999924e-01 6.005880e+00
9.999999e-01 -2.864618e-04 -2.005666e-04 2.637072e+00 2.865322e-04 9.999999e-01 3.419641e-04 -2.296699e-01 2.005579e-04 -3.420245e-04 9.999998e-01 6.139098e+00
9.999957e-01 2.726447e-04 2.901883e-03 2.645273e+00 -2.713446e-04 9.999999e-01 -4.477727e-04 -2.348920e-01 -2.901915e-03 4.469805e-04 9.999956e-01 6.286425e+00
9.999561e-01 -4.790931e-04 9.354876e-03 2.710823e+00 4.798714e-04 9.999999e-01 -8.075622e-05 -2.404491e-01 -9.354746e-03 8.523883e-05 9.999562e-01 6.483932e+00
9.999981e-01 1.924882e-04 1.924732e-03 2.784971e+00 -1.916502e-04 9.999999e-01 -4.345763e-04 -2.468761e-01 -1.924725e-03 4.342037e-04 9.999980e-01 6.747539e+00
9.999766e-01 -3.228935e-04 6.828398e-03 2.836768e+00 3.227225e-04 9.999999e-01 2.642665e-05 -2.532667e-01 -6.828315e-03 -2.422540e-05 9.999766e-01 6.999259e+00
9.999963e-01 2.559184e-04 2.713899e-03 2.874242e+00 -2.547691e-04 9.999999e-01 -4.230865e-04 -2.585724e-01 -2.713916e-03 4.223905e-04 9.999962e-01 7.166002e+00
9.999459e-01 -4.315460e-04 1.039395e-02 2.914748e+00 4.324884e-04 9.999999e-01 -8.823283e-05 -2.633437e-01 -1.039382e-02 9.272021e-05 9.999459e-01 7.321628e+00
9.999626e-01 1.019604e-05 8.646335e-03 2.958339e+00 -4.909202e-06 9.999998e-01 -6.112355e-04 -2.674421e-01 -8.646247e-03 6.111671e-04 9.999624e-01 7.473352e+00
9.999942e-01 1.802475e-05 -3.381871e-03 3.087356e+00 -1.608987e-05 9.999998e-01 5.715224e-04 -2.725820e-01 3.381973e-03 -5.714678e-04 9.999940e-01 7.537444e+00
9.999999e-01 2.755039e-04 -2.718561e-05 3.230954e+00 -2.755064e-04 9.999999e-01 -1.678181e-04 -2.782784e-01 2.723185e-05 1.678225e-04 9.999999e-01 7.602235e+00
9.999993e-01 -2.451477e-04 -1.101786e-03 3.242606e+00 2.454020e-04 9.999999e-01 2.287306e-04 -2.839040e-01 1.101822e-03 -2.290040e-04 9.999993e-01 7.750388e+00
9.999977e-01 2.663453e-04 2.096981e-03 3.251303e+00 -2.657820e-04 9.999999e-01 -2.678963e-04 -2.891148e-01 -2.096959e-03 2.673353e-04 9.999977e-01 7.886254e+00
9.999998e-01 -2.191460e-04 -4.391287e-04 3.263411e+00 2.192394e-04 1.000000e+00 2.079172e-04 -2.943387e-01 4.391757e-04 -2.080165e-04 9.999998e-01 8.021883e+00
9.999995e-01 2.477259e-04 8.907480e-04 3.253588e+00 -2.475083e-04 9.999999e-01 -2.421135e-04 -2.989536e-01 -8.907154e-04 2.418898e-04 9.999995e-01 8.128596e+00
9.999984e-01 -2.199308e-04 -1.766015e-03 3.236774e+00 2.203719e-04 9.999999e-01 2.483775e-04 -3.034259e-01 1.766053e-03 -2.487694e-04 9.999983e-01 8.210788e+00
9.999982e-01 2.321316e-04 1.878234e-03 3.224611e+00 -2.316135e-04 9.999999e-01 -2.749401e-04 -3.079164e-01 -1.878205e-03 2.745015e-04 9.999981e-01 8.304051e+00
9.999999e-01 -2.289526e-04 8.287814e-06 3.236773e+00 2.289529e-04 1.000000e+00 2.130132e-04 -3.131105e-01 -8.243987e-06 -2.130143e-04 9.999999e-01 8.437256e+00
9.999958e-01 2.831011e-04 2.874334e-03 3.254565e+00 -2.821542e-04 9.999999e-01 -3.290886e-04 -3.184365e-01 -2.874335e-03 3.282732e-04 9.999957e-01 8.580111e+00
9.999999e-01 -2.285199e-04 -3.920349e-04 3.260616e+00 2.286121e-04 9.999999e-01 2.297560e-04 -3.233211e-01 3.920752e-04 -2.298487e-04 9.999998e-01 8.694289e+00
9.999971e-01 2.992105e-04 2.358691e-03 3.261456e+00 -2.984577e-04 9.999999e-01 -3.186213e-04 -3.280605e-01 -2.358693e-03 3.179133e-04 9.999971e-01 8.803890e+00
9.999977e-01 -2.999124e-04 -2.125192e-03 3.252558e+00 3.005371e-04 9.999999e-01 2.926132e-04 -3.327848e-01 2.125197e-03 -2.932543e-04 9.999976e-01 8.914934e+00
9.999974e-01 3.428817e-04 2.223627e-03 3.255072e+00 -3.422285e-04 9.999999e-01 -2.932005e-04 -3.378675e-01 -2.223634e-03 2.924357e-04 9.999974e-01 9.033656e+00
9.999647e-01 -3.680771e-04 8.396088e-03 3.280178e+00 3.690522e-04 9.999999e-01 -1.143373e-04 -3.423763e-01 -8.395952e-03 1.174288e-04 9.999647e-01 9.153155e+00
9.999552e-01 -3.845269e-05 9.459248e-03 3.313231e+00 4.296753e-05 9.999999e-01 -4.768604e-04 -3.461435e-01 -9.459134e-03 4.772423e-04 9.999551e-01 9.267867e+00
9.999514e-01 2.774661e-04 -9.849479e-03 3.337219e+00 -2.723534e-04 9.999998e-01 5.201935e-04 -3.513545e-01 9.849715e-03 -5.174888e-04 9.999513e-01 9.345621e+00
9.999992e-01 1.329392e-04 -1.201284e-03 3.358713e+00 -1.330978e-04 1.000000e+00 -1.337320e-04 -3.557954e-01 1.201360e-03 1.338887e-04 9.999992e-01 9.393159e+00
9.999905e-01 9.611605e-05 -4.343194e-03 3.387623e+00 -9.509010e-05 1.000000e+00 2.359288e-04 -3.595738e-01 4.343310e-03 -2.355167e-04 9.999905e-01 9.387339e+00
9.999987e-01 4.022188e-05 1.576389e-03 3.400142e+00 -3.981921e-05 1.000000e+00 -2.541225e-04 -3.631879e-01 -1.576306e-03 2.540563e-04 9.999987e-01 9.375572e+00
9.999961e-01 4.316456e-05 -2.765102e-03 3.385112e+00 -4.248914e-05 1.000000e+00 2.435504e-04 -3.676944e-01 2.765206e-03 -2.434351e-04 9.999961e-01 9.447506e+00
9.999810e-01 7.926929e-05 6.151871e-03 3.387804e+00 -7.722205e-05 9.999999e-01 -3.326777e-04 -3.719094e-01 -6.151804e-03 3.321932e-04 9.999810e-01 9.503483e+00
9.999747e-01 -2.951363e-04 7.104840e-03 3.414407e+00 2.959065e-04 1.000000e+00 -1.070468e-04 -3.759933e-01 -7.104715e-03 1.091433e-04 9.999747e-01 9.611098e+00
9.999999e-01 3.346369e-04 -1.037734e-04 3.423595e+00 -3.346525e-04 9.999999e-01 -1.711552e-04 -3.804179e-01 1.038101e-04 1.711869e-04 9.999999e-01 9.715259e+00
9.999904e-01 -2.878486e-04 4.369617e-03 3.434778e+00 2.877939e-04 1.000000e+00 1.366846e-05 -3.854449e-01 -4.369527e-03 -1.241392e-05 9.999904e-01 9.841512e+00
9.999995e-01 3.368457e-04 8.905584e-04 3.453533e+00 -3.366424e-04 9.999999e-01 -2.259579e-04 -3.904908e-01 -8.905401e-04 2.256549e-04 9.999995e-01 9.972116e+00
9.999766e-01 -3.071055e-04 6.826671e-03 3.471865e+00 3.075945e-04 1.000000e+00 -7.023871e-05 -3.950966e-01 -6.826555e-03 7.233376e-05 9.999766e-01 1.008764e+01
9.999947e-01 2.040877e-04 3.226983e-03 3.486569e+00 -2.031927e-04 9.999999e-01 -2.769832e-04 -3.993339e-01 -3.226944e-03 2.763230e-04 9.999947e-01 1.019108e+01
9.999964e-01 -1.459613e-04 2.668183e-03 3.495845e+00 1.458562e-04 1.000000e+00 4.045385e-05 -4.039668e-01 -2.668094e-03 -4.006770e-05 9.999964e-01 1.029947e+01
9.999084e-01 -1.595022e-04 1.353301e-02 3.531763e+00 1.676236e-04 9.999998e-01 -5.988082e-04 -4.078699e-01 -1.353282e-02 6.010186e-04 9.999082e-01 1.041301e+01
9.999989e-01 -4.055624e-05 -1.483226e-03 3.559943e+00 4.087774e-05 1.000000e+00 2.150804e-04 -4.121235e-01 1.483313e-03 -2.151440e-04 9.999988e-01 1.052028e+01
9.999927e-01 1.399752e-04 3.804581e-03 3.561603e+00 -1.387611e-04 9.999999e-01 -3.187296e-04 -4.166052e-01 -3.804529e-03 3.181962e-04 9.999926e-01 1.060076e+01
9.999969e-01 -5.573738e-05 -2.480967e-03 3.559597e+00 5.637469e-05 1.000000e+00 2.558248e-04 -4.204479e-01 2.481049e-03 -2.559671e-04 9.999968e-01 1.062800e+01
9.999935e-01 1.334908e-04 3.598135e-03 3.565677e+00 -1.324429e-04 9.999999e-01 -2.908064e-04 -4.243624e-01 -3.598077e-03 2.903248e-04 9.999934e-01 1.064932e+01
9.999973e-01 -5.417506e-05 -2.312912e-03 3.576914e+00 5.476488e-05 1.000000e+00 2.538909e-04 -4.285180e-01 2.312994e-03 -2.540201e-04 9.999972e-01 1.068276e+01
9.999955e-01 1.929194e-04 2.979035e-03 3.642451e+00 -1.922484e-04 1.000000e+00 -2.247246e-04 -4.317291e-01 -2.978982e-03 2.241477e-04 9.999955e-01 1.062738e+01
9.999934e-01 7.304780e-06 -3.624044e-03 3.775485e+00 -6.375505e-06 1.000000e+00 2.557590e-04 -4.342339e-01 3.624142e-03 -2.557374e-04 9.999933e-01 1.050674e+01
9.999877e-01 1.086585e-04 4.956828e-03 3.854263e+00 -1.073395e-04 1.000000e+00 -2.658784e-04 -4.379908e-01 -4.956761e-03 2.653399e-04 9.999876e-01 1.048602e+01
9.999889e-01 1.387170e-05 -4.712062e-03 3.901154e+00 -1.265448e-05 1.000000e+00 2.578354e-04 -4.410109e-01 4.712161e-03 -2.577760e-04 9.999888e-01 1.043552e+01
9.999823e-01 6.527136e-05 5.941770e-03 3.921431e+00 -6.359482e-05 1.000000e+00 -2.819473e-04 -4.453237e-01 -5.941692e-03 2.815613e-04 9.999822e-01 1.047136e+01
9.999999e-01 1.864312e-05 -1.996788e-04 3.931510e+00 -1.862483e-05 1.000000e+00 7.942237e-05 -4.495229e-01 1.997765e-04 -7.942181e-05 9.999999e-01 1.054581e+01
9.999982e-01 1.063598e-04 1.886831e-03 3.956124e+00 -1.061030e-04 1.000000e+00 -1.349447e-04 -4.546237e-01 -1.886749e-03 1.347411e-04 9.999981e-01 1.063850e+01
9.999981e-01 -2.777888e-05 -1.926562e-03 3.972448e+00 2.803172e-05 1.000000e+00 1.299502e-04 -4.595007e-01 1.926655e-03 -1.300071e-04 9.999981e-01 1.071903e+01
9.999994e-01 1.525353e-04 1.075160e-03 4.002113e+00 -1.524147e-04 1.000000e+00 -1.100515e-04 -4.640251e-01 -1.075080e-03 1.098844e-04 9.999994e-01 1.075844e+01
9.999557e-01 1.786967e-04 -9.404688e-03 4.062289e+00 -1.738290e-04 9.999999e-01 5.181402e-04 -4.692728e-01 9.404875e-03 -5.164855e-04 9.999556e-01 1.083000e+01
9.999975e-01 9.008696e-05 2.226320e-03 4.126942e+00 -8.980078e-05 1.000000e+00 -1.276006e-04 -4.748202e-01 -2.226235e-03 1.273973e-04 9.999974e-01 1.091525e+01
9.999925e-01 3.987157e-05 -3.856126e-03 4.162896e+00 -3.912817e-05 1.000000e+00 1.922505e-04 -4.801718e-01 3.856229e-03 -1.921013e-04 9.999925e-01 1.100222e+01
9.999975e-01 5.698921e-05 2.237823e-03 4.170864e+00 -5.664950e-05 1.000000e+00 -1.508389e-04 -4.850918e-01 -2.237736e-03 1.507087e-04 9.999974e-01 1.107900e+01
9.999933e-01 -1.515764e-05 -3.641685e-03 4.164878e+00 1.585274e-05 1.000000e+00 1.902037e-04 -4.900267e-01 3.641778e-03 -1.902632e-04 9.999933e-01 1.118119e+01
9.999964e-01 3.730183e-05 2.670988e-03 4.161436e+00 -3.688867e-05 1.000000e+00 -1.538758e-04 -4.950768e-01 -2.670898e-03 1.537737e-04 9.999964e-01 1.129981e+01
9.999929e-01 -2.477525e-05 -3.760478e-03 4.155545e+00 2.550712e-05 1.000000e+00 1.939583e-04 -5.001656e-01 3.760569e-03 -1.940560e-04 9.999928e-01 1.142447e+01
9.999994e-01 9.995488e-05 1.070577e-03 4.153979e+00 -9.985635e-05 1.000000e+00 -8.995234e-05 -5.056599e-01 -1.070491e-03 8.984233e-05 9.999994e-01 1.155558e+01
9.999958e-01 -3.745377e-05 -2.871733e-03 4.148530e+00 3.784218e-05 1.000000e+00 1.343988e-04 -5.108550e-01 2.871823e-03 -1.345099e-04 9.999958e-01 1.167194e+01
9.999998e-01 1.098658e-04 4.861318e-04 4.144673e+00 -1.098400e-04 1.000000e+00 -4.830055e-05 -5.161706e-01 -4.860416e-04 4.824410e-05 9.999998e-01 1.178917e+01
9.999986e-01 -2.685477e-07 -1.648112e-03 4.141160e+00 4.067590e-07 1.000000e+00 8.248067e-05 -5.213864e-01 1.648207e-03 -8.248427e-05 9.999986e-01 1.190477e+01
9.999989e-01 9.616559e-05 -1.434180e-03 4.133407e+00 -9.618062e-05 1.000000e+00 -1.198175e-05 -5.265854e-01 1.434274e-03 1.211665e-05 9.999989e-01 1.200902e+01
9.999998e-01 -1.890881e-05 -5.525533e-04 4.125860e+00 1.892929e-05 1.000000e+00 3.299876e-05 -5.314630e-01 5.526480e-04 -3.301226e-05 9.999998e-01 1.209687e+01
9.999997e-01 9.168088e-05 -7.763481e-04 4.110036e+00 -9.170392e-05 1.000000e+00 -3.252991e-05 -5.358995e-01 7.764404e-04 3.259806e-05 9.999996e-01 1.216598e+01
9.999982e-01 2.078528e-05 -1.899712e-03 4.103206e+00 -2.069325e-05 1.000000e+00 4.728440e-05 -5.405401e-01 1.899808e-03 -4.724803e-05 9.999981e-01 1.223147e+01
9.999993e-01 7.521102e-05 -1.142490e-03 4.108576e+00 -7.517840e-05 1.000000e+00 2.664478e-05 -5.459015e-01 1.142587e-03 -2.656189e-05 9.999993e-01 1.233578e+01
9.999981e-01 3.007624e-05 -1.906983e-03 4.127205e+00 -2.978870e-05 1.000000e+00 1.496459e-04 -5.520539e-01 1.907082e-03 -1.495919e-04 9.999981e-01 1.248887e+01
9.999970e-01 1.042841e-04 -2.434454e-03 4.137693e+00 -1.041484e-04 1.000000e+00 5.495684e-05 -5.579799e-01 2.434554e-03 -5.470613e-05 9.999970e-01 1.262520e+01
9.999999e-01 -1.499627e-05 3.593020e-04 4.130518e+00 1.500359e-05 1.000000e+00 -1.432467e-05 -5.630174e-01 -3.592070e-04 1.432706e-05 9.999999e-01 1.271961e+01
9.999994e-01 8.264604e-05 1.096535e-03 4.130928e+00 -8.260555e-05 1.000000e+00 -3.498420e-05 -5.678366e-01 -1.096443e-03 3.489061e-05 9.999993e-01 1.282274e+01
9.999687e-01 -1.683872e-04 7.906989e-03 4.181984e+00 1.711315e-04 9.999999e-01 -3.461333e-04 -5.733407e-01 -7.906835e-03 3.474725e-04 9.999686e-01 1.299058e+01
9.999934e-01 1.923113e-04 -3.628044e-03 4.239314e+00 -1.917853e-04 1.000000e+00 1.447273e-04 -5.794835e-01 3.628167e-03 -1.440335e-04 9.999933e-01 1.316999e+01
9.999777e-01 -9.683820e-05 6.665064e-03 4.257468e+00 9.859709e-05 1.000000e+00 -2.632363e-04 -5.847032e-01 -6.664943e-03 2.638845e-04 9.999777e-01 1.330031e+01
9.999741e-01 2.675130e-04 -7.182670e-03 4.265497e+00 -2.654456e-04 9.999999e-01 2.884737e-04 -5.902621e-01 7.182842e-03 -2.865627e-04 9.999741e-01 1.342687e+01
9.999800e-01 -6.947138e-05 6.311548e-03 4.270894e+00 7.098919e-05 1.000000e+00 -2.399088e-04 -5.950159e-01 -6.311436e-03 2.403491e-04 9.999800e-01 1.351181e+01
9.999987e-01 -6.111490e-06 1.613090e-03 4.288552e+00 6.145066e-06 1.000000e+00 -1.941907e-05 -5.991615e-01 -1.612994e-03 1.942594e-05 9.999986e-01 1.359884e+01
9.999989e-01 7.459516e-05 -1.488612e-03 4.306957e+00 -7.439704e-05 1.000000e+00 1.316352e-04 -6.044440e-01 1.488717e-03 -1.315273e-04 9.999988e-01 1.372215e+01
9.999967e-01 9.027504e-05 2.545649e-03 4.313935e+00 -8.987550e-05 1.000000e+00 -1.561885e-04 -6.095547e-01 -2.545568e-03 1.559562e-04 9.999967e-01 1.383291e+01
9.999801e-01 -2.064661e-04 6.298528e-03 4.333302e+00 2.072678e-04 1.000000e+00 -1.262758e-04 -6.140257e-01 -6.298406e-03 1.275757e-04 9.999801e-01 1.394600e+01
9.999920e-01 3.039888e-04 -3.974381e-03 4.337872e+00 -3.038034e-04 1.000000e+00 4.669033e-05 -6.190300e-01 3.974490e-03 -4.548551e-05 9.999920e-01 1.406314e+01
9.997391e-01 -7.218306e-04 2.282747e-02 4.367380e+00 7.369334e-04 9.999995e-01 -6.531031e-04 -6.222123e-01 -2.282689e-02 6.697520e-04 9.997391e-01 1.415874e+01
9.999972e-01 1.992287e-04 -2.334514e-03 4.397853e+00 -1.991707e-04 1.000000e+00 2.403016e-05 -6.252047e-01 2.334615e-03 -2.356820e-05 9.999972e-01 1.424966e+01
9.998470e-01 -4.991537e-04 1.748497e-02 4.424718e+00 5.079536e-04 9.999997e-01 -4.987048e-04 -6.289268e-01 -1.748462e-02 5.075069e-04 9.998469e-01 1.434700e+01
9.999914e-01 -1.451525e-05 4.146523e-03 4.452751e+00 1.536771e-05 1.000000e+00 -2.049362e-04 -6.317384e-01 -4.146422e-03 2.049950e-04 9.999913e-01 1.443958e+01
9.997938e-01 -6.837227e-04 2.029252e-02 4.484313e+00 6.946061e-04 9.999996e-01 -5.291541e-04 -6.343165e-01 -2.029205e-02 5.431370e-04 9.997939e-01 1.452925e+01
9.999560e-01 5.194870e-04 -9.361796e-03 4.508781e+00 -5.174824e-04 9.999998e-01 2.162580e-04 -6.382851e-01 9.362005e-03 -2.114071e-04 9.999561e-01 1.461358e+01
9.997876e-01 -6.496822e-04 2.059956e-02 4.529102e+00 6.613942e-04 9.999996e-01 -5.616149e-04 -6.418619e-01 -2.059909e-02 5.751168e-04 9.997876e-01 1.468372e+01
9.999951e-01 2.440260e-04 -3.115785e-03 4.557243e+00 -2.439107e-04 1.000000e+00 3.647711e-05 -6.452406e-01 3.115893e-03 -3.572019e-05 9.999951e-01 1.477156e+01
9.999089e-01 -3.936852e-04 1.348657e-02 4.574317e+00 3.987138e-04 9.999999e-01 -3.699627e-04 -6.492353e-01 -1.348632e-02 3.753031e-04 9.999089e-01 1.486638e+01
9.999984e-01 1.922561e-04 -1.732840e-03 4.592958e+00 -1.922584e-04 1.000000e+00 -2.849769e-06 -6.532297e-01 1.732938e-03 3.179656e-06 9.999984e-01 1.496537e+01
9.999512e-01 -1.829245e-04 9.871363e-03 4.596902e+00 1.858765e-04 9.999999e-01 -2.978318e-04 -6.571583e-01 -9.871208e-03 2.996489e-04 9.999512e-01 1.505152e+01
9.999996e-01 4.803302e-05 7.886051e-04 4.611471e+00 -4.798382e-05 1.000000e+00 -5.863166e-05 -6.612601e-01 -7.885086e-04 5.859051e-05 9.999996e-01 1.515003e+01
9.999793e-01 -4.112493e-05 6.429383e-03 4.622441e+00 4.245487e-05 1.000000e+00 -2.062526e-04 -6.655210e-01 -6.429275e-03 2.065180e-04 9.999793e-01 1.524619e+01
9.999922e-01 9.937621e-05 -3.926068e-03 4.632808e+00 -9.875306e-05 1.000000e+00 1.581436e-04 -6.700279e-01 3.926183e-03 -1.577579e-04 9.999922e-01 1.532669e+01
9.999655e-01 5.544182e-05 8.298943e-03 4.646802e+00 -5.292170e-05 1.000000e+00 -3.035262e-04 -6.742871e-01 -8.298860e-03 3.030733e-04 9.999655e-01 1.540201e+01
9.999732e-01 1.846604e-05 -7.311335e-03 4.657668e+00 -1.651668e-05 1.000000e+00 2.662646e-04 -6.789748e-01 7.311439e-03 -2.661400e-04 9.999732e-01 1.548644e+01
9.999992e-01 2.718398e-04 1.224031e-03 4.668146e+00 -2.718167e-04 1.000000e+00 -1.659767e-05 -6.840637e-01 -1.223936e-03 1.626169e-05 9.999992e-01 1.558669e+01
9.999676e-01 -6.621676e-05 -8.042236e-03 4.673360e+00 6.848472e-05 1.000000e+00 2.813615e-04 -6.891741e-01 8.042316e-03 -2.819064e-04 9.999676e-01 1.567796e+01
9.999999e-01 3.145054e-04 -4.615496e-05 4.674323e+00 -3.145029e-04 1.000000e+00 -9.308442e-06 -6.942116e-01 4.625138e-05 9.319744e-06 9.999999e-01 1.577894e+01
9.999384e-01 4.267387e-05 -1.109733e-02 4.686519e+00 -3.768704e-05 9.999999e-01 4.493194e-04 -6.993671e-01 1.109745e-02 -4.488767e-04 9.999383e-01 1.588085e+01
9.999763e-01 8.520194e-05 6.876180e-03 4.684530e+00 -8.311987e-05 1.000000e+00 -3.026708e-04 -7.047833e-01 -6.876106e-03 3.020889e-04 9.999763e-01 1.599686e+01
9.999131e-01 1.148181e-04 -1.317895e-02 4.686277e+00 -1.079126e-04 9.999999e-01 5.244726e-04 -7.099166e-01 1.317911e-02 -5.230081e-04 9.999130e-01 1.608966e+01
9.999613e-01 5.142756e-05 8.787789e-03 4.683237e+00 -4.786189e-05 9.999999e-01 -4.056495e-04 -7.146002e-01 -8.787710e-03 4.052101e-04 9.999612e-01 1.615749e+01
9.998911e-01 2.042492e-04 -1.475126e-02 4.686962e+00 -1.951370e-04 9.999998e-01 6.189701e-04 -7.192765e-01 1.475148e-02 -6.160273e-04 9.998909e-01 1.621842e+01
9.998847e-01 -7.919759e-05 1.518382e-02 4.684408e+00 8.953379e-05 9.999998e-01 -6.798815e-04 -7.236041e-01 -1.518367e-02 6.811594e-04 9.998844e-01 1.628414e+01
9.999824e-01 7.243819e-06 -5.919162e-03 4.710151e+00 -5.193174e-06 9.999999e-01 3.459805e-04 -7.282799e-01 5.919263e-03 -3.459468e-04 9.999824e-01 1.640680e+01
9.999414e-01 1.009646e-04 1.082436e-02 4.715279e+00 -9.528978e-05 9.999999e-01 -5.245269e-04 -7.327465e-01 -1.082431e-02 5.234616e-04 9.999412e-01 1.649714e+01
9.999322e-01 -4.337532e-05 -1.164147e-02 4.685626e+00 4.921730e-05 9.999999e-01 5.012946e-04 -7.366090e-01 1.164154e-02 -5.018367e-04 9.999321e-01 1.654130e+01
9.999370e-01 2.075349e-05 1.122341e-02 4.653843e+00 -1.487962e-05 9.999999e-01 -5.231961e-04 -7.406400e-01 -1.122332e-02 5.229930e-04 9.999368e-01 1.661785e+01
9.999910e-01 5.307297e-05 -4.223706e-03 4.654701e+00 -5.200454e-05 1.000000e+00 2.523959e-04 -7.448850e-01 4.223819e-03 -2.521772e-04 9.999910e-01 1.671568e+01
9.998578e-01 -2.680709e-04 1.686169e-02 4.675722e+00 2.793754e-04 9.999997e-01 -6.679024e-04 -7.490652e-01 -1.686141e-02 6.725149e-04 9.998576e-01 1.682696e+01
9.998446e-01 3.090938e-04 -1.762390e-02 4.661836e+00 -2.970338e-04 9.999997e-01 6.867455e-04 -7.538674e-01 1.762421e-02 -6.814071e-04 9.998444e-01 1.693753e+01
9.998485e-01 -2.505788e-04 1.740267e-02 4.655834e+00 2.624424e-04 9.999997e-01 -6.792686e-04 -7.589096e-01 -1.740240e-02 6.837297e-04 9.998483e-01 1.705557e+01
9.998688e-01 3.241526e-04 -1.619352e-02 4.655374e+00 -3.141457e-04 9.999998e-01 6.203179e-04 -7.639040e-01 1.619382e-02 -6.151525e-04 9.998686e-01 1.717700e+01
9.999020e-01 -2.368829e-04 1.399242e-02 4.645843e+00 2.444460e-04 9.999998e-01 -5.386103e-04 -7.691175e-01 -1.399219e-02 5.419747e-04 9.999019e-01 1.729207e+01
9.997982e-01 4.193195e-04 -2.008299e-02 4.643157e+00 -4.042796e-04 9.999996e-01 7.528003e-04 -7.745984e-01 2.008340e-02 -7.445324e-04 9.997980e-01 1.742366e+01
9.999426e-01 -1.675266e-04 1.070574e-02 4.645505e+00 1.716981e-04 9.999999e-01 -3.884805e-04 -7.799695e-01 -1.070558e-02 3.902932e-04 9.999426e-01 1.753932e+01
9.998129e-01 3.970340e-04 -1.933465e-02 4.646159e+00 -3.831148e-04 9.999997e-01 7.234637e-04 -7.855822e-01 1.933503e-02 -7.159241e-04 9.998127e-01 1.767632e+01
9.998321e-01 -3.335783e-04 1.831731e-02 4.633862e+00 3.463880e-04 9.999997e-01 -6.960061e-04 -7.904193e-01 -1.831697e-02 7.022310e-04 9.998319e-01 1.778529e+01
9.997780e-01 4.083675e-04 -2.106270e-02 4.618609e+00 -3.926443e-04 9.999996e-01 7.504935e-04 -7.954115e-01 2.106310e-02 -7.420598e-04 9.997778e-01 1.788687e+01
9.996561e-01 -5.725785e-04 2.621508e-02 4.657294e+00 5.974403e-04 9.999994e-01 -9.404524e-04 -8.020390e-01 -2.621442e-02 9.557878e-04 9.996558e-01 1.812634e+01
9.998440e-01 5.120707e-04 -1.765530e-02 4.701549e+00 -5.014168e-04 9.999997e-01 6.076988e-04 -8.078330e-01 1.765570e-02 -5.987544e-04 9.998439e-01 1.831333e+01
9.999627e-01 -2.423905e-04 8.632689e-03 4.710922e+00 2.449664e-04 9.999999e-01 -2.970190e-04 -8.130559e-01 -8.632518e-03 2.991195e-04 9.999626e-01 1.842133e+01
9.996951e-01 8.488858e-04 -2.467628e-02 4.741365e+00 -8.276589e-04 9.999993e-01 8.703043e-04 -8.167645e-01 2.467710e-02 -8.496184e-04 9.996951e-01 1.845221e+01
9.998851e-01 -4.889318e-04 1.514822e-02 4.774894e+00 4.961493e-04 9.999998e-01 -4.725306e-04 -8.216786e-01 -1.514789e-02 4.799890e-04 9.998851e-01 1.851643e+01
9.998231e-01 6.460681e-04 -1.879757e-02 4.788090e+00 -6.358356e-04 9.999996e-01 5.501827e-04 -8.264810e-01 1.879802e-02 -5.381362e-04 9.998231e-01 1.857793e+01
9.998936e-01 -4.494315e-04 1.457633e-02 4.812664e+00 4.563485e-04 9.999998e-01 -4.710341e-04 -8.311473e-01 -1.457601e-02 4.776328e-04 9.998936e-01 1.862074e+01
9.997858e-01 6.930108e-04 -2.068407e-02 4.896452e+00 -6.784948e-04 9.999995e-01 7.086772e-04 -8.348102e-01 2.068465e-02 -6.944944e-04 9.997858e-01 1.858326e+01
9.998598e-01 -4.666056e-04 1.673566e-02 5.030175e+00 4.761951e-04 9.999997e-01 -5.688640e-04 -8.370239e-01 -1.673529e-02 5.767507e-04 9.998597e-01 1.844693e+01
9.998000e-01 6.909701e-04 -1.998285e-02 5.228318e+00 -6.767654e-04 9.999995e-01 7.174641e-04 -8.365276e-01 1.998344e-02 -7.037999e-04 9.998000e-01 1.815337e+01
9.998360e-01 -3.861969e-04 1.810113e-02 5.476828e+00 3.978474e-04 9.999997e-01 -6.399005e-04 -8.339990e-01 -1.810078e-02 6.469940e-04 9.998359e-01 1.772382e+01
9.997874e-01 7.411870e-04 -2.060292e-02 5.746305e+00 -7.269141e-04 9.999995e-01 7.001195e-04 -8.296342e-01 2.060353e-02 -6.849971e-04 9.997874e-01 1.718480e+01
9.998470e-01 -4.203511e-04 1.748278e-02 6.006100e+00 4.305867e-04 9.999997e-01 -5.815690e-04 -8.256832e-01 -1.748243e-02 5.890049e-04 9.998469e-01 1.667519e+01
9.997245e-01 8.388494e-04 -2.345311e-02 6.235933e+00 -8.156079e-04 9.999992e-01 1.000419e-03 -8.251747e-01 2.345403e-02 -9.810175e-04 9.997244e-01 1.636991e+01
9.998387e-01 -5.976781e-04 1.794816e-02 6.498829e+00 6.067600e-04 9.999997e-01 -5.004362e-04 -8.243942e-01 -1.794776e-02 5.112428e-04 9.998387e-01 1.606034e+01
9.998208e-01 8.196902e-04 -1.891288e-02 6.699167e+00 -8.097153e-04 9.999995e-01 5.349389e-04 -8.244660e-01 1.891341e-02 -5.195318e-04 9.998209e-01 1.578896e+01
9.998381e-01 -5.857534e-04 1.798125e-02 6.881875e+00 5.941632e-04 9.999997e-01 -4.622332e-04 -8.252657e-01 -1.798088e-02 4.728393e-04 9.998382e-01 1.556054e+01
9.998137e-01 8.173547e-04 -1.928171e-02 7.112328e+00 -8.071806e-04 9.999995e-01 5.353096e-04 -8.245107e-01 1.928224e-02 -5.196489e-04 9.998139e-01 1.523860e+01
9.998449e-01 -6.358501e-04 1.759768e-02 7.382471e+00 6.420209e-04 9.999997e-01 -3.448816e-04 -8.240113e-01 -1.759736e-02 3.561234e-04 9.998450e-01 1.492286e+01
9.997632e-01 9.235488e-04 -2.174143e-02 7.656903e+00 -9.020555e-04 9.999991e-01 9.982680e-04 -8.281218e-01 2.174243e-02 -9.784224e-04 9.997631e-01 1.485851e+01
9.998274e-01 -7.543904e-04 1.856109e-02 7.856177e+00 7.664778e-04 9.999995e-01 -6.440004e-04 -8.314559e-01 -1.856050e-02 6.581131e-04 9.998275e-01 1.477614e+01
9.997432e-01 1.025249e-03 -2.263688e-02 8.114655e+00 -1.005070e-03 9.999991e-01 9.027049e-04 -8.286540e-01 2.263788e-02 -8.797241e-04 9.997433e-01 1.433362e+01
9.998444e-01 -6.917253e-04 1.762257e-02 8.365402e+00 7.012397e-04 9.999996e-01 -5.336023e-04 -8.268641e-01 -1.762210e-02 5.458742e-04 9.998445e-01 1.396679e+01
9.998015e-01 9.145091e-04 -1.989898e-02 8.598664e+00 -8.999541e-04 9.999993e-01 7.402721e-04 -8.264729e-01 1.989974e-02 -7.222196e-04 9.998017e-01 1.366672e+01
9.998571e-01 -6.452160e-04 1.689216e-02 8.887839e+00 6.538820e-04 9.999997e-01 -5.073789e-04 -8.233390e-01 -1.689172e-02 5.183492e-04 9.998571e-01 1.319892e+01
9.998096e-01 9.402635e-04 -1.948849e-02 9.140172e+00 -9.241879e-04 9.999992e-01 8.337545e-04 -8.242944e-01 1.948935e-02 -8.155873e-04 9.998097e-01 1.297189e+01
9.998128e-01 -9.046301e-04 1.932288e-02 9.294270e+00 9.176530e-04 9.999994e-01 -6.649997e-04 -8.301247e-01 -1.932217e-02 6.826043e-04 9.998130e-01 1.305272e+01
9.998482e-01 8.699669e-04 -1.740109e-02 9.516565e+00 -8.550128e-04 9.999993e-01 8.666748e-04 -8.358199e-01 1.740192e-02 -8.516677e-04 9.998482e-01 1.313198e+01
9.999179e-01 -1.156149e-03 1.275519e-02 9.666953e+00 1.157365e-03 9.999993e-01 -8.778540e-05 -8.440251e-01 -1.275498e-02 1.025379e-04 9.999186e-01 1.340004e+01
9.998913e-01 8.239798e-04 -1.472099e-02 9.736690e+00 -8.175048e-04 9.999996e-01 4.457206e-04 -8.520713e-01 1.472145e-02 -4.336401e-04 9.998915e-01 1.368582e+01
9.998008e-01 -9.986546e-04 1.993077e-02 9.883799e+00 1.009473e-03 9.999993e-01 -5.326245e-04 -8.588157e-01 -1.993012e-02 5.526354e-04 9.998012e-01 1.388062e+01
9.998143e-01 9.365608e-04 -1.924572e-02 1.018563e+01 -9.156764e-04 9.999990e-01 1.093819e-03 -8.651236e-01 1.924683e-02 -1.075996e-03 9.998141e-01 1.399410e+01
9.998715e-01 -1.341350e-03 1.597294e-02 1.031798e+01 1.349616e-03 9.999990e-01 -5.065765e-04 -8.737014e-01 -1.597215e-02 5.280661e-04 9.998722e-01 1.428837e+01
9.997772e-01 1.171384e-03 -2.107411e-02 1.032342e+01 -1.151887e-03 9.999989e-01 9.372043e-04 -8.816069e-01 2.107528e-02 -9.127230e-04 9.997774e-01 1.460739e+01
9.997919e-01 -1.304608e-03 2.035468e-02 1.036264e+01 1.321652e-03 9.999988e-01 -8.238536e-04 -8.886453e-01 -2.035349e-02 8.505814e-04 9.997924e-01 1.482857e+01
9.995370e-01 7.072307e-04 -3.041562e-02 1.035956e+01 -6.549022e-04 9.999983e-01 1.730304e-03 -8.976206e-01 3.041689e-02 -1.709586e-03 9.995358e-01 1.528872e+01
9.998186e-01 -8.375283e-04 1.902500e-02 1.034685e+01 8.537446e-04 9.999993e-01 -8.441606e-04 -9.062889e-01 -1.902418e-02 8.602475e-04 9.998186e-01 1.567330e+01
9.997738e-01 9.056419e-04 -2.124858e-02 1.040791e+01 -8.814717e-04 9.999990e-01 1.146745e-03 -9.135281e-01 2.124969e-02 -1.127758e-03 9.997735e-01 1.588660e+01
9.998465e-01 -1.456852e-03 1.745833e-02 1.044925e+01 1.467025e-03 9.999988e-01 -5.697988e-04 -9.218541e-01 -1.745738e-02 5.953206e-04 9.998474e-01 1.624828e+01
9.997794e-01 1.416819e-03 -2.095455e-02 1.054454e+01 -1.394148e-03 9.999984e-01 1.096390e-03 -9.295047e-01 2.095617e-02 -1.066937e-03 9.997798e-01 1.647499e+01
9.998200e-01 -1.471170e-03 1.891606e-02 1.061253e+01 1.486623e-03 9.999986e-01 -8.027780e-04 -9.368107e-01 -1.891475e-02 8.307521e-04 9.998207e-01 1.668692e+01
9.999139e-01 1.057338e-03 -1.307311e-02 1.080324e+01 -1.047311e-03 9.999992e-01 7.736257e-04 -9.437970e-01 1.307401e-02 -7.598699e-04 9.999142e-01 1.690342e+01
9.998757e-01 -1.456203e-03 1.569537e-02 1.100105e+01 1.464267e-03 9.999988e-01 -5.021822e-04 -9.520939e-01 -1.569452e-02 5.250995e-04 9.998766e-01 1.719081e+01
9.999052e-01 7.102740e-04 -1.374943e-02 1.109203e+01 -7.003812e-04 9.999995e-01 7.241585e-04 -9.612731e-01 1.375003e-02 -7.144624e-04 9.999051e-01 1.761473e+01
9.999334e-01 -1.687656e-03 1.141396e-02 1.114844e+01 1.689391e-03 9.999986e-01 -1.422400e-04 -9.713365e-01 -1.141361e-02 1.615106e-04 9.999348e-01 1.814481e+01
9.998517e-01 1.397396e-03 -1.716099e-02 1.119581e+01 -1.385558e-03 9.999988e-01 7.015937e-04 -9.800361e-01 1.716205e-02 -6.777145e-04 9.998524e-01 1.849071e+01
9.998572e-01 -1.614892e-03 1.682257e-02 1.128764e+01 1.624820e-03 9.999985e-01 -5.764501e-04 -9.874915e-01 -1.682151e-02 6.036988e-04 9.998583e-01 1.871152e+01
9.998629e-01 1.325497e-03 -1.650146e-02 1.145706e+01 -1.311988e-03 9.999988e-01 8.293401e-04 -9.950132e-01 1.650263e-02 -8.075791e-04 9.998634e-01 1.893185e+01
9.998278e-01 -1.572014e-03 1.848799e-02 1.160670e+01 1.585576e-03 9.999985e-01 -7.188338e-04 -1.002458e+00 -1.848673e-02 7.480216e-04 9.998288e-01 1.915487e+01
9.997712e-01 1.512375e-03 -2.133394e-02 1.190619e+01 -1.482054e-03 9.999979e-01 1.436908e-03 -1.009264e+00 2.133617e-02 -1.404963e-03 9.997713e-01 1.927238e+01
9.998127e-01 -1.367810e-03 1.930437e-02 1.232996e+01 1.376065e-03 9.999990e-01 -4.142404e-04 -1.015246e+00 -1.930368e-02 4.407244e-04 9.998135e-01 1.933642e+01
9.997056e-01 1.567035e-03 -2.421101e-02 1.260508e+01 -1.533013e-03 9.999978e-01 1.423655e-03 -1.022547e+00 2.421329e-02 -1.386123e-03 9.997058e-01 1.949903e+01
9.997808e-01 -1.519890e-03 2.087953e-02 1.285008e+01 1.534492e-03 9.999986e-01 -6.832305e-04 -1.029608e+00 -2.087837e-02 7.151179e-04 9.997817e-01 1.965256e+01
9.996775e-01 1.000433e-03 -2.537172e-02 1.308026e+01 -9.618350e-04 9.999984e-01 1.533372e-03 -1.037864e+00 2.537331e-02 -1.508476e-03 9.996768e-01 1.990050e+01
9.998532e-01 -1.688531e-03 1.704665e-02 1.314690e+01 1.700889e-03 9.999983e-01 -7.103534e-04 -1.048118e+00 -1.704533e-02 7.392413e-04 9.998544e-01 2.035417e+01
9.995708e-01 9.119876e-04 -2.928087e-02 1.318129e+01 -8.539676e-04 9.999976e-01 1.993882e-03 -1.059096e+00 2.928272e-02 -1.968024e-03 9.995692e-01 2.091145e+01
9.998965e-01 -1.909313e-03 1.425783e-02 1.320386e+01 1.915779e-03 9.999981e-01 -4.397959e-04 -1.070839e+00 -1.425687e-02 4.670630e-04 9.998982e-01 2.156500e+01
9.995337e-01 9.752810e-04 -3.051957e-02 1.319408e+01 -9.130418e-04 9.999975e-01 2.053137e-03 -1.082500e+00 3.052159e-02 -2.024316e-03 9.995320e-01 2.224618e+01
9.999086e-01 -2.004738e-03 1.336589e-02 1.318929e+01 2.010048e-03 9.999979e-01 -3.837175e-04 -1.094412e+00 -1.336500e-02 4.105464e-04 9.999105e-01 2.295127e+01
9.996664e-01 1.328121e-03 -2.579366e-02 1.315905e+01 -1.290584e-03 9.999981e-01 1.471836e-03 -1.104869e+00 2.579566e-02 -1.438058e-03 9.996661e-01 2.352218e+01
9.998896e-01 -2.027256e-03 1.472121e-02 1.315690e+01 2.033774e-03 9.999978e-01 -4.276784e-04 -1.114762e+00 -1.472022e-02 4.575687e-04 9.998915e-01 2.404257e+01
