9.999999e-01 -7.692575e-06 -3.531378e-04 -4.295643e-02 7.693728e-06 1.000000e+00 3.213049e-06 -1.699184e-02 3.531378e-04 -3.215287e-06 9.999998e-01 7.299452e-01
9.999894e-01 1.891289e-04 -4.610822e-03 -5.770234e-02 -1.884402e-04 1.000000e+00 1.497979e-04 -3.786328e-02 4.610850e-03 -1.489270e-04 9.999893e-01 1.574201e+00
9.999887e-01 1.229484e-04 -4.754241e-03 -7.286351e-02 -1.220775e-04 1.000000e+00 1.834721e-04 -5.714725e-02 4.754262e-03 -1.828891e-04 9.999886e-01 2.327495e+00
9.998543e-01 6.452163e-04 -1.705940e-02 -9.172137e-02 -6.364708e-04 9.999997e-01 5.180762e-04 -6.811393e-02 1.705972e-02 -5.071423e-04 9.998542e-01 2.762323e+00
9.998726e-01 5.077847e-04 -1.595412e-02 -1.119932e-01 -4.981049e-04 9.999997e-01 6.106921e-04 -8.250606e-02 1.595442e-02 -6.026668e-04 9.998724e-01 3.341381e+00
9.999506e-01 4.140435e-04 -9.931694e-03 -2.012739e-01 -4.113764e-04 9.999999e-01 2.705787e-04 -9.096873e-02 9.931795e-03 -2.664789e-04 9.999505e-01 3.807760e+00
9.999538e-01 2.987277e-04 -9.611170e-03 -3.826490e-01 -2.955334e-04 9.999999e-01 3.337648e-04 -8.517425e-02 9.611257e-03 -3.309081e-04 9.999537e-01 3.825128e+00
9.999555e-01 -2.961399e-04 9.427483e-03 -4.865390e-01 2.997494e-04 9.999999e-01 -3.814547e-04 -9.439870e-02 -9.427381e-03 3.842645e-04 9.999554e-01 4.319541e+00
9.998051e-01 6.535487e-04 -1.973001e-02 -5.584470e-01 -6.390666e-04 9.999995e-01 7.403044e-04 -1.113388e-01 1.973047e-02 -7.275504e-04 9.998050e-01 5.081909e+00
9.999757e-01 3.090970e-04 -6.965154e-03 -6.863289e-01 -3.081078e-04 9.999999e-01 1.430870e-04 -1.188341e-01 6.965183e-03 -1.409366e-04 9.999756e-01 5.541495e+00
9.999759e-01 -3.068341e-04 6.940576e-03 -7.996702e-01 3.080815e-04 9.999999e-01 -1.786532e-04 -1.305802e-01 -6.940536e-03 1.807881e-04 9.999758e-01 6.149031e+00
9.999708e-01 3.727407e-04 -7.630189e-03 -1.098197e+00 -3.721399e-04 9.999999e-01 8.013789e-05 -1.234155e-01 7.630203e-03 -7.729513e-05 9.999708e-01 6.245930e+00
9.999802e-01 -3.109848e-04 6.282514e-03 -1.269786e+00 3.115408e-04 9.999999e-01 -8.750602e-05 -1.320103e-01 -6.282501e-03 8.946249e-05 9.999802e-01 6.798172e+00
9.998212e-01 7.533352e-04 -1.889480e-02 -1.345066e+00 -7.436168e-04 9.999996e-01 5.213581e-04 -1.486880e-01 1.889517e-02 -5.072135e-04 9.998212e-01 7.555861e+00
9.999355e-01 2.793172e-04 -1.135264e-02 -1.417440e+00 -2.735100e-04 9.999998e-01 5.130654e-04 -1.579267e-01 1.135276e-02 -5.099262e-04 9.999353e-01 7.983840e+00
9.999583e-01 4.770127e-04 -9.116354e-03 -1.441574e+00 -4.759271e-04 9.999999e-01 1.212383e-04 -1.515846e-01 9.116389e-03 -1.168934e-04 9.999583e-01 7.763287e+00
9.999998e-01 -1.734191e-04 6.031456e-04 -1.439548e+00 1.733778e-04 1.000000e+00 6.872822e-05 -1.450275e-01 -6.031799e-04 -6.862250e-05 9.999997e-01 7.464975e+00
9.995535e-01 1.236023e-03 -2.985294e-02 -1.407186e+00 -1.209475e-03 9.999989e-01 9.073192e-04 -1.414722e-01 2.985400e-02 -8.708065e-04 9.995538e-01 7.248271e+00
9.999934e-01 -5.226113e-05 -3.640952e-03 -1.352642e+00 5.300804e-05 1.000000e+00 2.049891e-04 -1.432993e-01 3.640912e-03 -2.051794e-04 9.999933e-01 7.203798e+00
9.997009e-01 1.044412e-03 -2.443278e-02 -1.384939e+00 -1.027274e-03 9.999992e-01 7.139520e-04 -1.500333e-01 2.443347e-02 -6.886380e-04 9.997011e-01 7.498699e+00
9.995579e-01 -1.209177e-03 2.970651e-02 -1.364783e+00 1.237002e-03 9.999988e-01 -9.183191e-04 -1.590888e-01 -2.970539e-02 9.546615e-04 9.995581e-01 7.829780e+00
9.995624e-01 1.201557e-03 -2.955539e-02 -1.376966e+00 -1.176073e-03 9.999989e-01 8.796154e-04 -1.636730e-01 2.955639e-02 -8.444699e-04 9.995627e-01 8.011117e+00
9.999886e-01 -3.258056e-04 4.758968e-03 -1.371098e+00 3.262054e-04 9.999999e-01 -8.317368e-05 -1.700640e-01 -4.758974e-03 8.472655e-05 9.999886e-01 8.221618e+00
9.993795e-01 1.400195e-03 -3.519486e-02 -1.215942e+00 -1.361932e-03 9.999985e-01 1.111143e-03 -1.756034e-01 3.519632e-02 -1.062519e-03 9.993798e-01 8.184446e+00
9.999995e-01 -1.198205e-04 -9.814001e-04 -1.108107e+00 1.199316e-04 1.000000e+00 1.128865e-04 -1.812964e-01 9.813474e-04 -1.130026e-04 9.999994e-01 8.222241e+00
9.997221e-01 9.848340e-04 -2.355481e-02 -1.103481e+00 -9.691618e-04 9.999993e-01 6.767448e-04 -1.953652e-01 2.355542e-02 -6.537267e-04 9.997222e-01 8.742923e+00
9.997778e-01 -9.063277e-04 2.106175e-02 -1.106658e+00 9.191258e-04 9.999994e-01 -5.979531e-04 -2.134534e-01 -2.106124e-02 6.171803e-04 9.997779e-01 9.441229e+00
9.997724e-01 9.701019e-04 -2.131188e-02 -6.695886e-01 -9.579920e-04 9.999994e-01 5.784126e-04 -2.282172e-01 2.131239e-02 -5.578627e-04 9.997726e-01 9.380224e+00
9.997687e-01 -9.678064e-04 2.148619e-02 -5.487718e-01 9.816105e-04 9.999993e-01 -6.319099e-04 -2.235910e-01 -2.148561e-02 6.528564e-04 9.997688e-01 9.021434e+00
9.997956e-01 9.907860e-04 -2.019472e-02 -8.727289e-01 -9.813979e-04 9.999994e-01 4.747642e-04 -2.036499e-01 2.019514e-02 -4.548465e-04 9.997959e-01 8.660159e+00
9.997748e-01 -8.955311e-04 2.120108e-02 -1.302424e+00 9.095078e-04 9.999994e-01 -6.495901e-04 -1.686404e-01 -2.120053e-02 6.687280e-04 9.997749e-01 7.843855e+00
9.997740e-01 1.019266e-03 -2.123551e-02 -1.667968e+00 -1.008334e-03 9.999994e-01 5.254554e-04 -1.375516e-01 2.123599e-02 -5.039226e-04 9.997743e-01 7.090284e+00
9.997915e-01 -8.648475e-04 2.040163e-02 -2.058416e+00 8.777463e-04 9.999994e-01 -6.232754e-04 -1.093357e-01 -2.040112e-02 6.410544e-04 9.997916e-01 6.464450e+00
9.997433e-01 1.098551e-03 -2.262969e-02 -2.446546e+00 -1.085315e-03 9.999992e-01 5.971297e-04 -7.469954e-02 2.263028e-02 -5.724146e-04 9.997436e-01 5.586708e+00
9.998557e-01 -7.729046e-04 1.696706e-02 -2.777270e+00 7.813828e-04 9.999996e-01 -4.930440e-04 -4.423086e-02 -1.696672e-02 5.062322e-04 9.998558e-01 4.803493e+00
9.998403e-01 9.376524e-04 -1.784795e-02 -3.134512e+00 -9.303894e-04 9.999995e-01 4.152190e-04 -1.080804e-02 1.784829e-02 -3.985456e-04 9.998405e-01 3.943611e+00
9.998410e-01 -7.695345e-04 1.781701e-02 -3.605752e+00 7.794443e-04 9.999995e-01 -5.492377e-04 2.983457e-02 -1.781663e-02 5.630393e-04 9.998410e-01 2.956621e+00
9.998338e-01 9.387049e-04 -1.820783e-02 -4.092290e+00 -9.312472e-04 9.999995e-01 4.180448e-04 6.602376e-02 1.820817e-02 -4.010178e-04 9.998340e-01 2.151277e+00
9.998541e-01 -8.179127e-04 1.705907e-02 -4.486340e+00 8.265758e-04 9.999995e-01 -5.007611e-04 8.130290e-02 -1.705870e-02 5.147901e-04 9.998543e-01 2.060422e+00
9.998468e-01 9.180025e-04 -1.748120e-02 -4.929139e+00 -9.111779e-04 9.999995e-01 3.983377e-04 9.534396e-02 1.748152e-02 -3.823467e-04 9.998470e-01 2.100432e+00
9.998315e-01 -9.282952e-04 1.833031e-02 -5.097772e+00 9.364377e-04 9.999995e-01 -4.356084e-04 8.438856e-02 -1.832993e-02 4.527017e-04 9.998318e-01 2.779749e+00
9.998457e-01 9.098752e-04 -1.754349e-02 -5.232044e+00 -9.025650e-04 9.999995e-01 4.245834e-04 6.910143e-02 1.754383e-02 -4.086823e-04 9.998459e-01 3.589454e+00
9.997106e-01 -1.083597e-03 2.403341e-02 -5.399634e+00 1.099061e-03 9.999992e-01 -6.302362e-04 5.635135e-02 -2.403275e-02 6.564694e-04 9.997109e-01 4.360976e+00
9.998663e-01 8.740339e-04 -1.632987e-02 -5.469780e+00 -8.675408e-04 9.999995e-01 4.046862e-04 3.886350e-02 1.633017e-02 -3.904639e-04 9.998665e-01 5.186468e+00
9.997999e-01 -9.583814e-04 1.997939e-02 -5.569699e+00 9.675947e-04 9.999994e-01 -4.514580e-04 1.657932e-02 -1.997899e-02 4.707011e-04 9.998002e-01 6.246075e+00
9.998120e-01 9.449704e-04 -1.936639e-02 -5.653798e+00 -9.356551e-04 9.999994e-01 4.900411e-04 -4.821293e-03 1.936680e-02 -4.718273e-04 9.998122e-01 7.236921e+00
9.998458e-01 -8.612451e-04 1.753979e-02 -5.830421e+00 8.698332e-04 9.999995e-01 -4.819915e-04 -9.494765e-03 -1.753940e-02 4.971753e-04 9.998460e-01 7.647694e+00
9.994441e-01 1.469552e-03 -3.330628e-02 -6.138789e+00 -1.438509e-03 9.999985e-01 9.559626e-04 1.314467e-03 3.330760e-02 -9.075184e-04 9.994446e-01 7.607063e+00
9.999956e-01 -3.403576e-04 2.935437e-03 -6.426981e+00 3.402866e-04 9.999999e-01 2.483388e-05 1.739827e-02 -2.935491e-03 -2.383337e-05 9.999956e-01 7.347662e+00
9.995465e-01 1.369205e-03 -3.008320e-02 -6.710460e+00 -1.343745e-03 9.999987e-01 8.665086e-04 3.777002e-02 3.008431e-02 -8.256900e-04 9.995469e-01 6.917669e+00
9.999875e-01 -8.875668e-05 -4.991983e-03 -6.923584e+00 9.019085e-05 1.000000e+00 2.869817e-04 4.911285e-02 4.991907e-03 -2.874267e-04 9.999874e-01 6.733004e+00
9.994432e-01 1.466530e-03 -3.333311e-02 -7.081571e+00 -1.433804e-03 9.999985e-01 1.005647e-03 5.597477e-02 3.333448e-02 -9.572928e-04 9.994437e-01 6.647013e+00
9.999787e-01 -4.888379e-04 6.499657e-03 -7.246225e+00 4.898213e-04 9.999999e-01 -1.496106e-04 5.525536e-02 -6.499639e-03 1.527929e-04 9.999788e-01 6.868790e+00
9.991542e-01 1.708472e-03 -4.108557e-02 -7.372619e+00 -1.654776e-03 9.999977e-01 1.340884e-03 5.130422e-02 4.108771e-02 -1.271760e-03 9.991546e-01 7.149493e+00
9.998904e-01 2.914031e-04 -1.479921e-02 -7.485310e+00 -2.826752e-04 9.999998e-01 5.917981e-04 5.042121e-02 1.479932e-02 -5.875480e-04 9.998902e-01 7.313835e+00
9.990994e-01 1.749936e-03 -4.239533e-02 -7.598385e+00 -1.692280e-03 9.999976e-01 1.395797e-03 4.975074e-02 4.239760e-02 -1.322793e-03 9.990999e-01 7.461524e+00
9.999140e-01 2.386100e-04 -1.311020e-02 -7.694652e+00 -2.318477e-04 9.999998e-01 5.172530e-04 4.858574e-02 1.311025e-02 -5.141670e-04 9.999138e-01 7.612096e+00
9.989798e-01 1.831366e-03 -4.512134e-02 -7.795096e+00 -1.765548e-03 9.999973e-01 1.498475e-03 4.742684e-02 4.512389e-02 -1.417281e-03 9.989803e-01 7.753939e+00
9.998447e-01 4.188144e-04 -1.761747e-02 -7.911678e+00 -4.068169e-04 9.999997e-01 6.845198e-04 4.645474e-02 1.761768e-02 -6.772443e-04 9.998445e-01 7.926741e+00
9.991076e-01 1.724945e-03 -4.220124e-02 -8.021042e+00 -1.667380e-03 9.999976e-01 1.399188e-03 4.510354e-02 4.220347e-02 -1.327572e-03 9.991081e-01 8.100161e+00
9.998188e-01 4.598481e-04 -1.902917e-02 -8.135555e+00 -4.462003e-04 9.999996e-01 7.213745e-04 4.415353e-02 1.902941e-02 -7.127507e-04 9.998186e-01 8.263398e+00
9.990831e-01 1.745555e-03 -4.277601e-02 -8.238911e+00 -1.685962e-03 9.999976e-01 1.429145e-03 4.277484e-02 4.277831e-02 -1.355714e-03 9.990836e-01 8.425712e+00
9.998274e-01 4.491995e-04 -1.857133e-02 -8.327722e+00 -4.363925e-04 9.999997e-01 6.935793e-04 4.089489e-02 1.857155e-02 -6.853530e-04 9.998272e-01 8.591782e+00
9.991134e-01 1.705208e-03 -4.206590e-02 -8.418779e+00 -1.647321e-03 9.999976e-01 1.410695e-03 3.909864e-02 4.206811e-02 -1.340146e-03 9.991138e-01 8.750220e+00
9.997707e-01 5.591491e-04 -2.140632e-02 -8.522514e+00 -5.424236e-04 9.999995e-01 7.870554e-04 3.791379e-02 2.140666e-02 -7.752614e-04 9.997705e-01 8.908580e+00
9.993175e-01 1.527021e-03 -3.690671e-02 -8.600521e+00 -1.482401e-03 9.999981e-01 1.236286e-03 3.526195e-02 3.690843e-02 -1.180730e-03 9.993179e-01 9.091591e+00
9.998165e-01 4.598601e-04 -1.914639e-02 -8.659141e+00 -4.468079e-04 9.999997e-01 6.858834e-04 3.327120e-02 1.914660e-02 -6.772007e-04 9.998164e-01 9.215030e+00
9.993098e-01 1.548581e-03 -3.711406e-02 -8.725101e+00 -1.502920e-03 9.999981e-01 1.258107e-03 3.136122e-02 3.711584e-02 -1.201457e-03 9.993102e-01 9.348682e+00
9.999575e-01 1.102968e-04 -9.209186e-03 -8.755525e+00 -1.073715e-04 9.999999e-01 3.179320e-04 2.923681e-02 9.209121e-03 -3.169276e-04 9.999575e-01 9.444833e+00
9.991428e-01 1.693774e-03 -4.136126e-02 -8.797403e+00 -1.636056e-03 9.999976e-01 1.429210e-03 2.682514e-02 4.136349e-02 -1.360313e-03 9.991432e-01 9.563783e+00
9.999703e-01 5.247329e-05 -7.696089e-03 -8.837711e+00 -5.053295e-05 1.000000e+00 2.520462e-04 2.484755e-02 7.696002e-03 -2.516478e-04 9.999703e-01 9.664582e+00
9.997880e-01 9.656857e-04 -2.056608e-02 -8.894404e+00 -9.511976e-04 9.999993e-01 7.141333e-04 1.528737e-02 2.056666e-02 -6.944176e-04 9.997882e-01 1.012115e+01
9.999892e-01 -8.594131e-05 -4.638651e-03 -8.950722e+00 8.679152e-05 1.000000e+00 1.826324e-04 1.404760e-03 4.638535e-03 -1.830311e-04 9.999892e-01 1.074217e+01
9.994676e-01 1.416612e-03 -3.259357e-02 -9.037751e+00 -1.381228e-03 9.999984e-01 1.108038e-03 -5.985076e-03 3.259499e-02 -1.062427e-03 9.994680e-01 1.113952e+01
9.993229e-01 -1.435136e-03 3.676394e-02 -9.076120e+00 1.481312e-03 9.999981e-01 -1.228745e-03 -2.108371e-02 -3.676221e-02 1.282374e-03 9.993232e-01 1.178112e+01
9.999619e-01 6.935921e-04 -8.692534e-03 -9.104993e+00 -6.913047e-04 9.999997e-01 2.659021e-04 -3.911947e-02 8.692616e-03 -2.598809e-04 9.999621e-01 1.256151e+01
9.993630e-01 -1.402365e-03 3.565752e-02 -9.134110e+00 1.445161e-03 9.999983e-01 -1.174388e-03 -5.744795e-02 -3.565591e-02 1.225173e-03 9.993633e-01 1.335439e+01
9.999870e-01 5.898964e-04 -5.049587e-03 -9.127677e+00 -5.893811e-04 9.999998e-01 1.031239e-04 -7.505109e-02 5.049547e-03 -1.001446e-04 9.999872e-01 1.406076e+01
9.993739e-01 -1.393804e-03 3.535228e-02 -9.133185e+00 1.435158e-03 9.999983e-01 -1.144348e-03 -9.266046e-02 -3.535073e-02 1.194369e-03 9.993742e-01 1.478621e+01
9.999117e-01 8.163189e-04 -1.326018e-02 -9.157716e+00 -8.109978e-04 9.999996e-01 4.065096e-04 -1.122814e-01 1.326041e-02 -3.957178e-04 9.999119e-01 1.561868e+01
9.996746e-01 -1.130704e-03 2.548286e-02 -9.223156e+00 1.150821e-03 9.999990e-01 -7.747142e-04 -1.339846e-01 -2.548205e-02 8.037903e-04 9.996749e-01 1.660011e+01
9.999431e-01 7.405442e-04 -1.063775e-02 -9.259867e+00 -7.374883e-04 9.999997e-01 2.910151e-04 -1.543281e-01 1.063786e-02 -2.831514e-04 9.999433e-01 1.747925e+01
9.998263e-01 -9.389581e-04 1.861248e-02 -9.242935e+00 9.498074e-04 9.999994e-01 -5.739662e-04 -1.743070e-01 -1.861203e-02 5.915469e-04 9.998266e-01 1.823778e+01
9.999865e-01 5.832809e-04 -5.148054e-03 -9.216428e+00 -5.827400e-04 9.999998e-01 1.061926e-04 -1.951423e-01 5.148015e-03 -1.031892e-04 9.999867e-01 1.902054e+01
9.998103e-01 -9.670200e-04 1.945236e-02 -9.223326e+00 9.786698e-04 9.999993e-01 -5.892779e-04 -2.141811e-01 -1.945187e-02 6.082056e-04 9.998106e-01 1.979055e+01
9.999620e-01 6.782525e-04 -8.686459e-03 -9.230603e+00 -6.764250e-04 9.999997e-01 2.131068e-04 -2.322939e-01 8.686501e-03 -2.072210e-04 9.999622e-01 2.052192e+01
9.999974e-01 -4.656295e-04 2.210392e-03 -9.275023e+00 4.656599e-04 9.999999e-01 -1.237127e-05 -2.480323e-01 -2.210486e-03 1.340255e-05 9.999975e-01 2.118268e+01
9.998263e-01 1.013216e-03 -1.860993e-02 -9.328708e+00 -1.002687e-03 9.999993e-01 5.749959e-04 -2.621496e-01 1.861040e-02 -5.562341e-04 9.998266e-01 2.178349e+01
9.998890e-01 1.427971e-04 -1.489419e-02 -9.431989e+00 -1.341365e-04 9.999998e-01 5.823449e-04 -2.737365e-01 1.489417e-02 -5.802804e-04 9.998889e-01 2.235805e+01
9.996416e-01 1.338698e-03 -2.673474e-02 -9.518337e+00 -1.316216e-03 9.999988e-01 8.584596e-04 -2.812609e-01 2.673576e-02 -8.229614e-04 9.996421e-01 2.275026e+01
9.998503e-01 2.390839e-04 -1.729696e-02 -9.612067e+00 -2.280531e-04 9.999998e-01 6.395860e-04 -2.850159e-01 1.729701e-02 -6.355438e-04 9.998501e-01 2.300476e+01
9.999621e-01 6.822445e-04 -8.670673e-03 -9.693823e+00 -6.803216e-04 9.999997e-01 2.244892e-04 -2.962019e-01 8.670724e-03 -2.185800e-04 9.999623e-01 2.354307e+01
9.996136e-01 6.068810e-04 -2.778931e-02 -9.784951e+00 -5.789104e-04 9.999993e-01 1.014485e-03 -3.033391e-01 2.778981e-02 -9.980039e-04 9.996132e-01 2.391822e+01
9.999951e-01 4.933460e-04 -3.066754e-03 -9.887742e+00 -4.932461e-04 9.999999e-01 3.267793e-05 -3.127257e-01 3.066670e-03 -3.116337e-05 9.999953e-01 2.441090e+01
9.997889e-01 3.366201e-04 -2.054036e-02 -9.980624e+00 -3.206753e-04 9.999996e-01 7.794573e-04 -3.260073e-01 2.054052e-02 -7.727043e-04 9.997887e-01 2.505585e+01
9.999888e-01 2.232161e-04 4.705607e-03 -1.006833e+01 -2.221391e-04 9.999999e-01 -2.289445e-04 -3.424094e-01 -4.705756e-03 2.278983e-04 9.999889e-01 2.582211e+01
9.999818e-01 -1.901402e-04 -6.027242e-03 -1.009940e+01 1.917002e-04 9.999999e-01 2.579168e-04 -3.594256e-01 6.027094e-03 -2.590659e-04 9.999818e-01 2.653064e+01
9.999655e-01 1.241091e-04 8.303905e-03 -1.007492e+01 -1.211298e-04 9.999999e-01 -3.590309e-04 -3.770968e-01 -8.304047e-03 3.580144e-04 9.999654e-01 2.717704e+01
9.999644e-01 -1.314055e-04 -8.428111e-03 -1.011831e+01 1.344686e-04 9.999999e-01 3.626304e-04 -3.948900e-01 8.427964e-03 -3.637491e-04 9.999644e-01 2.794251e+01
9.999602e-01 1.164306e-04 8.911032e-03 -1.017168e+01 -1.134052e-04 9.999999e-01 -3.397881e-04 -4.163492e-01 -8.911169e-03 3.387657e-04 9.999602e-01 2.888290e+01
9.999651e-01 -1.347307e-04 -8.343675e-03 -1.021301e+01 1.377249e-04 9.999999e-01 3.580371e-04 -4.382082e-01 8.343528e-03 -3.591721e-04 9.999651e-01 2.981901e+01
9.999636e-01 1.346663e-04 8.523181e-03 -1.027873e+01 -1.320705e-04 9.999999e-01 -3.048656e-04 -4.624993e-01 -8.523319e-03 3.037306e-04 9.999636e-01 3.089976e+01
9.999692e-01 -1.586416e-04 -7.835748e-03 -1.029574e+01 1.611412e-04 9.999999e-01 3.181054e-04 -4.853219e-01 7.835599e-03 -3.193565e-04 9.999692e-01 3.183416e+01
9.999448e-01 8.981952e-05 1.050360e-02 -1.028704e+01 -8.589882e-05 9.999999e-01 -3.735224e-04 -5.091729e-01 -1.050373e-02 3.726013e-04 9.999447e-01 3.277054e+01
9.999529e-01 -1.135120e-04 -9.695514e-03 -1.032898e+01 1.173105e-04 9.999999e-01 3.910001e-04 -5.322303e-01 9.695370e-03 -3.921173e-04 9.999529e-01 3.375852e+01
9.999400e-01 8.356065e-05 1.095206e-02 -1.039674e+01 -7.946435e-05 9.999999e-01 -3.742630e-04 -5.560098e-01 -1.095219e-02 3.733720e-04 9.999399e-01 3.482330e+01
9.999453e-01 -8.995647e-05 -1.044884e-02 -1.045785e+01 9.443161e-05 9.999999e-01 4.276010e-04 -5.819929e-01 1.044871e-02 -4.285626e-04 9.999453e-01 3.596751e+01
9.999384e-01 7.906131e-05 1.109572e-02 -1.053324e+01 -7.477015e-05 9.999999e-01 -3.869631e-04 -6.060275e-01 -1.109585e-02 3.861114e-04 9.999383e-01 3.705454e+01
9.999513e-01 -1.126893e-04 -9.864274e-03 -1.058787e+01 1.164742e-04 9.999999e-01 3.829127e-04 -6.275761e-01 9.864131e-03 -3.840413e-04 9.999512e-01 3.800124e+01
9.999183e-01 4.269859e-05 1.277603e-02 -1.059279e+01 -3.704358e-05 9.999999e-01 -4.426968e-04 -6.519650e-01 -1.277614e-02 4.421891e-04 9.999182e-01 3.898158e+01
9.999268e-01 -5.789458e-05 -1.209529e-02 -1.062049e+01 6.365753e-05 9.999999e-01 4.759075e-04 -6.772865e-01 1.209516e-02 -4.766409e-04 9.999267e-01 4.004010e+01
9.999229e-01 4.755193e-05 1.240937e-02 -1.064002e+01 -4.203971e-05 9.999999e-01 -4.442874e-04 -7.014982e-01 -1.240949e-02 4.437332e-04 9.999229e-01 4.103648e+01
9.999429e-01 -9.524624e-05 -1.068213e-02 -1.067741e+01 9.985394e-05 9.999999e-01 4.306203e-04 -7.241634e-01 1.068199e-02 -4.316607e-04 9.999428e-01 4.200105e+01
9.998735e-01 -3.086504e-05 1.590375e-02 -1.072739e+01 3.985822e-05 9.999998e-01 -5.650244e-04 -7.476224e-01 -1.590383e-02 5.655886e-04 9.998733e-01 4.302399e+01
9.999125e-01 -3.543066e-05 -1.322401e-02 -1.077199e+01 4.222325e-05 9.999999e-01 5.132213e-04 -7.702782e-01 1.322389e-02 -5.137331e-04 9.999124e-01 4.400028e+01
9.998993e-01 1.538686e-05 1.418920e-02 -1.081939e+01 -8.540326e-06 9.999999e-01 -4.824275e-04 -7.954121e-01 -1.418930e-02 4.822595e-04 9.998992e-01 4.508552e+01
9.999288e-01 -6.764871e-05 -1.193065e-02 -1.086299e+01 7.324860e-05 9.999999e-01 4.687607e-04 -8.210614e-01 1.193052e-02 -4.695995e-04 9.999287e-01 4.618644e+01
9.999083e-01 3.291043e-05 1.354042e-02 -1.092007e+01 -2.678699e-05 9.999999e-01 -4.522575e-04 -8.468378e-01 -1.354053e-02 4.518551e-04 9.999082e-01 4.731657e+01
9.999713e-01 -1.801547e-04 -7.565610e-03 -1.095928e+01 1.823933e-04 9.999999e-01 2.949215e-04 -8.715940e-01 7.565457e-03 -2.962912e-04 9.999713e-01 4.837519e+01
9.999403e-01 9.553564e-05 1.092032e-02 -1.101819e+01 -9.162093e-05 9.999999e-01 -3.587844e-04 -8.953651e-01 -1.092045e-02 3.577643e-04 9.999403e-01 4.942419e+01
9.999597e-01 -1.442600e-04 -8.969869e-03 -1.106269e+01 1.474225e-04 9.999999e-01 3.516799e-04 -9.206106e-01 8.969719e-03 -3.529863e-04 9.999597e-01 5.050879e+01
9.998697e-01 -2.720865e-05 1.613976e-02 -1.107472e+01 3.623351e-05 9.999998e-01 -5.587449e-04 -9.461042e-01 -1.613985e-02 5.592587e-04 9.998695e-01 5.155348e+01
9.998909e-01 -7.473031e-07 -1.476483e-02 -1.112324e+01 9.206341e-06 9.999998e-01 5.727115e-04 -9.703800e-01 1.476473e-02 -5.727832e-04 9.998908e-01 5.260610e+01
9.998772e-01 -1.770119e-05 1.566835e-02 -1.117715e+01 2.627922e-05 9.999998e-01 -5.471333e-04 -9.940343e-01 -1.566843e-02 5.474796e-04 9.998771e-01 5.364041e+01
9.998911e-01 5.645617e-06 -1.475268e-02 -1.122331e+01 3.236848e-06 9.999998e-01 6.019286e-04 -1.022406e+00 1.475258e-02 -6.019090e-04 9.998909e-01 5.486009e+01
9.998561e-01 -5.145948e-05 1.695862e-02 -1.125542e+01 6.160291e-05 9.999998e-01 -5.974806e-04 -1.050479e+00 -1.695868e-02 5.984412e-04 9.998560e-01 5.604472e+01
9.998675e-01 4.471423e-05 -1.627735e-02 -1.129451e+01 -3.423715e-05 9.999998e-01 6.438119e-04 -1.076697e+00 1.627728e-02 -6.431675e-04 9.998673e-01 5.716109e+01
9.998488e-01 -6.265987e-05 1.738608e-02 -1.134854e+01 7.327859e-05 9.999998e-01 -6.099998e-04 -1.102421e+00 -1.738613e-02 6.111834e-04 9.998486e-01 5.828340e+01
9.999418e-01 -1.053539e-04 -1.078498e-02 -1.136839e+01 1.097771e-04 9.999999e-01 4.093447e-04 -1.124831e+00 1.078484e-02 -4.105030e-04 9.999417e-01 5.921077e+01
9.998913e-01 1.026612e-05 1.473946e-02 -1.136241e+01 -2.845769e-06 9.999999e-01 -5.033109e-04 -1.150723e+00 -1.473956e-02 5.032161e-04 9.998912e-01 6.023793e+01
9.999122e-01 -4.256303e-05 -1.324740e-02 -1.136844e+01 4.946773e-05 9.999999e-01 5.207292e-04 -1.178520e+00 1.324727e-02 -5.213369e-04 9.999121e-01 6.136451e+01
9.998479e-01 -5.164971e-05 1.743682e-02 -1.135136e+01 6.232064e-05 9.999998e-01 -6.113118e-04 -1.206263e+00 -1.743689e-02 6.123073e-04 9.998477e-01 6.244934e+01
9.999917e-01 -2.841046e-04 -4.058708e-03 -1.130958e+01 2.848546e-04 9.999999e-01 1.837105e-04 -1.233622e+00 4.058556e-03 -1.848633e-04 9.999917e-01 6.348427e+01
9.997572e-01 -1.727614e-04 2.203239e-02 -1.125229e+01 1.900784e-04 9.999997e-01 -7.837910e-04 -1.260760e+00 -2.203235e-02 7.877904e-04 9.997569e-01 6.448599e+01
9.999780e-01 -2.168191e-04 -6.621687e-03 -1.120608e+01 2.187003e-04 9.999999e-01 2.830657e-04 -1.287255e+00 6.621525e-03 -2.845057e-04 9.999780e-01 6.547979e+01
9.998669e-01 -1.779113e-05 1.630914e-02 -1.121012e+01 2.717821e-05 9.999998e-01 -5.752230e-04 -1.314527e+00 -1.630923e-02 5.755916e-04 9.998668e-01 6.658527e+01
9.999904e-01 -2.781907e-04 -4.362099e-03 -1.121053e+01 2.791108e-04 9.999999e-01 2.098588e-04 -1.341729e+00 4.361940e-03 -2.110724e-04 9.999904e-01 6.768718e+01
9.998810e-01 9.730956e-06 1.542304e-02 -1.118098e+01 -1.193973e-06 9.999998e-01 -5.533983e-04 -1.369781e+00 -1.542314e-02 5.533160e-04 9.998809e-01 6.877204e+01
9.999815e-01 -2.156588e-04 -6.070227e-03 -1.106591e+01 2.172229e-04 9.999999e-01 2.566792e-04 -1.399885e+00 6.070071e-03 -2.579911e-04 9.999815e-01 6.979683e+01
9.999226e-01 7.683674e-05 1.243748e-02 -1.097442e+01 -7.128781e-05 9.999999e-01 -4.464269e-04 -1.429457e+00 -1.243762e-02 4.455076e-04 9.999225e-01 7.083622e+01
9.999782e-01 -2.151539e-04 -6.592824e-03 -1.097439e+01 2.170640e-04 9.999999e-01 2.887111e-04 -1.455885e+00 6.592661e-03 -2.901339e-04 9.999782e-01 7.189819e+01
9.999361e-01 1.009883e-04 1.129657e-02 -1.098909e+01 -9.647803e-05 9.999999e-01 -3.996227e-04 -1.481567e+00 -1.129671e-02 3.985093e-04 9.999361e-01 7.295363e+01
9.999875e-01 -2.548571e-04 -4.990402e-03 -1.101244e+01 2.560319e-04 9.999999e-01 2.343893e-04 -1.506909e+00 4.990242e-03 -2.356621e-04 9.999875e-01 7.401303e+01
9.998648e-01 -2.569853e-05 1.644006e-02 -1.103758e+01 3.518856e-05 9.999998e-01 -5.768399e-04 -1.534709e+00 -1.644014e-02 5.773424e-04 9.998646e-01 7.518124e+01
9.999579e-01 -1.429405e-04 -9.171103e-03 -1.110457e+01 1.466705e-04 9.999999e-01 4.058379e-04 -1.562654e+00 9.170944e-03 -4.071640e-04 9.999578e-01 7.642543e+01
9.999150e-01 5.647897e-05 1.303156e-02 -1.116323e+01 -5.051860e-05 9.999999e-01 -4.575570e-04 -1.589996e+00 -1.303168e-02 4.568617e-04 9.999149e-01 7.762681e+01
9.999507e-01 -1.245025e-04 -9.923171e-03 -1.122079e+01 1.287896e-04 9.999999e-01 4.312033e-04 -1.616838e+00 9.923016e-03 -4.324581e-04 9.999506e-01 7.880486e+01
9.999308e-01 8.783315e-05 1.175870e-02 -1.129631e+01 -8.309082e-05 9.999999e-01 -4.036236e-04 -1.644221e+00 -1.175883e-02 4.026206e-04 9.999307e-01 8.003541e+01
9.999463e-01 -1.144073e-04 -1.035805e-02 -1.135136e+01 1.190187e-04 9.999999e-01 4.443977e-04 -1.672276e+00 1.035790e-02 -4.456047e-04 9.999462e-01 8.125827e+01
9.999270e-01 8.150480e-05 1.208008e-02 -1.141116e+01 -7.643646e-05 9.999999e-01 -4.198599e-04 -1.698863e+00 -1.208021e-02 4.189079e-04 9.999269e-01 8.242959e+01
9.999431e-01 -1.037545e-04 -1.065925e-02 -1.150535e+01 1.087001e-04 9.999999e-01 4.632198e-04 -1.725463e+00 1.065910e-02 -4.643501e-04 9.999430e-01 8.365981e+01
9.999316e-01 9.457548e-05 1.169533e-02 -1.161223e+01 -8.993423e-05 9.999999e-01 -3.972026e-04 -1.753166e+00 -1.169546e-02 3.961255e-04 9.999315e-01 8.495724e+01
9.999508e-01 -1.283399e-04 -9.917923e-03 -1.172066e+01 1.323255e-04 9.999999e-01 4.010145e-04 -1.775923e+00 9.917770e-03 -4.023052e-04 9.999507e-01 8.604989e+01
9.999302e-01 9.139809e-05 1.180893e-02 -1.182402e+01 -8.673779e-05 9.999999e-01 -3.949867e-04 -1.799796e+00 -1.180906e-02 3.939369e-04 9.999301e-01 8.718104e+01
9.999500e-01 -1.381551e-04 -9.990918e-03 -1.193108e+01 1.417582e-04 9.999999e-01 3.597349e-04 -1.818218e+00 9.990767e-03 -3.611312e-04 9.999500e-01 8.808038e+01
9.999300e-01 1.140523e-04 1.182743e-02 -1.212082e+01 -1.089196e-04 9.999999e-01 -4.344413e-04 -1.830497e+00 -1.182757e-02 4.331247e-04 9.999299e-01 8.883311e+01
9.999605e-01 -1.732874e-04 -8.876862e-03 -1.229586e+01 1.763867e-04 9.999999e-01 3.481440e-04 -1.845930e+00 8.876701e-03 -3.496940e-04 9.999605e-01 8.970513e+01
9.999181e-01 7.728515e-05 1.279605e-02 -1.244440e+01 -7.103645e-05 9.999999e-01 -4.886301e-04 -1.859567e+00 -1.279619e-02 4.876831e-04 9.999180e-01 9.045738e+01
9.999374e-01 -6.797374e-05 -1.118793e-02 -1.273139e+01 7.243737e-05 9.999999e-01 3.983946e-04 -1.866275e+00 1.118780e-02 -3.991780e-04 9.999373e-01 9.111101e+01
9.999222e-01 1.098989e-04 1.246827e-02 -1.310115e+01 -1.036754e-04 9.999999e-01 -4.996377e-04 -1.867996e+00 -1.246842e-02 4.983082e-04 9.999221e-01 9.167082e+01
9.999467e-01 -1.156560e-04 -1.031829e-02 -1.343692e+01 1.195666e-04 9.999999e-01 3.781900e-04 -1.871020e+00 1.031815e-02 -3.794016e-04 9.999466e-01 9.223977e+01
9.999312e-01 1.079794e-04 1.172149e-02 -1.363820e+01 -1.028997e-04 9.999999e-01 -4.337983e-04 -1.882697e+00 -1.172164e-02 4.325643e-04 9.999312e-01 9.298407e+01
9.999528e-01 -1.549030e-04 -9.711052e-03 -1.375456e+01 1.588298e-04 9.999999e-01 4.034001e-04 -1.902246e+00 9.710889e-03 -4.049214e-04 9.999527e-01 9.394754e+01
9.999391e-01 1.744821e-04 1.102698e-02 -1.404896e+01 -1.690439e-04 9.999999e-01 -4.939289e-04 -1.907435e+00 -1.102717e-02 4.920368e-04 9.999390e-01 9.454548e+01
9.999644e-01 -2.048255e-04 -8.426303e-03 -1.435517e+01 2.074868e-04 9.999999e-01 3.147437e-04 -1.904109e+00 8.426138e-03 -3.164789e-04 9.999644e-01 9.482559e+01
9.999338e-01 1.338260e-04 1.150093e-02 -1.449618e+01 -1.288751e-04 9.999999e-01 -4.310474e-04 -1.918749e+00 -1.150109e-02 4.295386e-04 9.999337e-01 9.560876e+01
9.999708e-01 -2.312913e-04 -7.631645e-03 -1.457762e+01 2.338534e-04 9.999999e-01 3.345926e-04 -1.940443e+00 7.631467e-03 -3.363655e-04 9.999708e-01 9.660730e+01
9.999219e-01 1.075995e-04 1.249461e-02 -1.466366e+01 -1.018252e-04 9.999999e-01 -4.626198e-04 -1.962598e+00 -1.249476e-02 4.613134e-04 9.999218e-01 9.763441e+01
9.999965e-01 -3.787692e-04 -2.601077e-03 -1.476113e+01 3.791867e-04 9.999999e-01 1.592974e-04 -1.982543e+00 2.600917e-03 -1.602811e-04 9.999966e-01 9.859227e+01
9.998598e-01 -8.464265e-06 1.673959e-02 -1.481936e+01 1.918096e-05 9.999998e-01 -6.399271e-04 -2.001345e+00 -1.673968e-02 6.401605e-04 9.998596e-01 9.943811e+01
9.999938e-01 -3.536165e-04 -3.484562e-03 -1.488536e+01 3.542863e-04 9.999999e-01 1.910838e-04 -2.018920e+00 3.484394e-03 -1.923151e-04 9.999939e-01 1.002445e+02
9.998572e-01 -7.152536e-06 1.689755e-02 -1.502474e+01 1.858829e-05 9.999998e-01 -6.765031e-04 -2.031013e+00 -1.689764e-02 6.767226e-04 9.998569e-01 1.009286e+02
9.999874e-01 -3.045169e-04 -4.995571e-03 -1.520660e+01 3.057563e-04 9.999999e-01 2.469965e-04 -2.041119e+00 4.995397e-03 -2.485188e-04 9.999874e-01 1.015940e+02
9.998965e-01 5.052126e-05 1.438071e-02 -1.532479e+01 -4.241089e-05 9.999998e-01 -5.641534e-04 -2.057401e+00 -1.438083e-02 5.634872e-04 9.998964e-01 1.024223e+02
9.999825e-01 -2.663694e-04 -5.906842e-03 -1.540808e+01 2.682330e-04 9.999999e-01 3.144248e-04 -2.080065e+00 5.906659e-03 -3.160016e-04 9.999824e-01 1.034735e+02
9.999143e-01 7.688133e-05 1.308444e-02 -1.549356e+01 -7.009353e-05 9.999999e-01 -5.190901e-04 -2.102014e+00 -1.308457e-02 5.181305e-04 9.999142e-01 1.044952e+02
9.999831e-01 -2.729263e-04 -5.796290e-03 -1.562022e+01 2.746406e-04 9.999999e-01 2.946773e-04 -2.120076e+00 5.796111e-03 -2.962622e-04 9.999831e-01 1.054150e+02
9.997630e-01 -1.575080e-04 2.176718e-02 -1.573961e+01 1.759359e-04 9.999996e-01 -8.445950e-04 -2.136395e+00 -2.176713e-02 8.482265e-04 9.997627e-01 1.062559e+02
9.999958e-01 -3.507079e-04 -2.858268e-03 -1.587421e+01 3.512272e-04 9.999999e-01 1.806080e-04 -2.149767e+00 2.858107e-03 -1.816091e-04 9.999958e-01 1.069981e+02
9.998134e-01 -9.160442e-05 1.931554e-02 -1.596026e+01 1.059059e-04 9.999997e-01 -7.393036e-04 -2.168287e+00 -1.931556e-02 7.412133e-04 9.998131e-01 1.078796e+02
9.999994e-01 -4.494024e-04 9.632011e-04 -1.601135e+01 4.493381e-04 9.999999e-01 6.863084e-05 -2.189524e+00 -9.633290e-04 -6.819594e-05 9.999995e-01 1.088248e+02
9.998078e-01 -1.031058e-04 1.960445e-02 -1.618204e+01 1.189340e-04 9.999997e-01 -8.061303e-04 -2.200521e+00 -1.960446e-02 8.083090e-04 9.998074e-01 1.095240e+02
9.999975e-01 -4.880539e-04 2.167775e-03 -1.629498e+01 4.879736e-04 9.999999e-01 3.829207e-05 -2.213739e+00 -2.167889e-03 -3.723211e-05 9.999976e-01 1.102310e+02
9.999009e-01 4.813668e-05 1.407745e-02 -1.638363e+01 -3.985957e-05 9.999998e-01 -5.881378e-04 -2.231824e+00 -1.407757e-02 5.875204e-04 9.999007e-01 1.110981e+02
9.999959e-01 -4.997618e-04 2.798664e-03 -1.646926e+01 4.996927e-04 9.999999e-01 2.593160e-05 -2.250442e+00 -2.798772e-03 -2.453098e-05 9.999960e-01 1.119822e+02
9.999143e-01 6.917011e-05 1.308682e-02 -1.659017e+01 -6.173965e-05 9.999998e-01 -5.680694e-04 -2.266640e+00 -1.308696e-02 5.672147e-04 9.999141e-01 1.128186e+02
9.999861e-01 -5.659818e-04 5.231253e-03 -1.669467e+01 5.663033e-04 9.999998e-01 -5.969831e-05 -2.282702e+00 -5.231313e-03 6.266200e-05 9.999862e-01 1.136273e+02
9.999403e-01 1.111069e-04 1.092753e-02 -1.678617e+01 -1.055440e-04 9.999999e-01 -5.095238e-04 -2.297064e+00 -1.092768e-02 5.083420e-04 9.999401e-01 1.143426e+02
9.999796e-01 -5.898256e-04 6.359426e-03 -1.688850e+01 5.905408e-04 9.999998e-01 -1.103635e-04 -2.309417e+00 -6.359452e-03 1.141187e-04 9.999797e-01 1.149883e+02
9.999142e-01 6.906389e-05 1.309573e-02 -1.712773e+01 -6.088568e-05 9.999998e-01 -6.247861e-04 -2.312198e+00 -1.309586e-02 6.239372e-04 9.999140e-01 1.154452e+02
9.999812e-01 -5.838657e-04 6.093019e-03 -1.732983e+01 5.843658e-04 9.999998e-01 -8.009304e-05 -2.318863e+00 -6.093063e-03 8.365410e-05 9.999814e-01 1.160091e+02
9.999074e-01 6.360541e-05 1.360909e-02 -1.760830e+01 -5.429822e-05 9.999998e-01 -6.841669e-04 -2.316357e+00 -1.360922e-02 6.833666e-04 9.999071e-01 1.163122e+02
9.999987e-01 -4.563105e-04 1.530510e-03 -1.786698e+01 4.561549e-04 9.999999e-01 1.027950e-04 -2.318182e+00 -1.530647e-03 -1.020947e-04 9.999988e-01 1.167487e+02
9.999031e-01 6.094094e-05 1.391924e-02 -1.811211e+01 -5.102648e-05 9.999997e-01 -7.125492e-04 -2.320061e+00 -1.391937e-02 7.117718e-04 9.999028e-01 1.171626e+02
9.999934e-01 -5.051922e-04 3.582936e-03 -1.846130e+01 5.051234e-04 9.999999e-01 2.043248e-05 -2.313150e+00 -3.583035e-03 -1.862059e-05 9.999935e-01 1.173814e+02
9.998255e-01 -6.410740e-05 1.867880e-02 -1.881028e+01 8.119669e-05 9.999996e-01 -9.140823e-04 -2.300391e+00 -1.867882e-02 9.154414e-04 9.998250e-01 1.173758e+02
9.999941e-01 -5.048921e-04 3.379157e-03 -1.906389e+01 5.047676e-04 9.999999e-01 3.801720e-05 -2.289716e+00 -3.379262e-03 -3.630941e-05 9.999942e-01 1.173079e+02
9.997809e-01 -1.342746e-04 2.093147e-02 -1.923273e+01 1.553196e-04 9.999995e-01 -1.003745e-03 -2.281162e+00 -2.093141e-02 1.006778e-03 9.997803e-01 1.172033e+02
9.999952e-01 -4.777943e-04 3.066650e-03 -1.950195e+01 4.776381e-04 9.999999e-01 5.197572e-05 -2.270908e+00 -3.066758e-03 -5.050892e-05 9.999952e-01 1.171752e+02
9.997385e-01 -2.145534e-04 2.286736e-02 -1.964659e+01 2.381677e-04 9.999994e-01 -1.029902e-03 -2.275962e+00 -2.286721e-02 1.035081e-03 9.997379e-01 1.175924e+02
9.999960e-01 -4.668256e-04 2.766958e-03 -1.980702e+01 4.666647e-04 9.999999e-01 5.915087e-05 -2.276092e+00 -2.767066e-03 -5.785766e-05 9.999961e-01 1.178342e+02
9.996573e-01 -2.986857e-04 2.617406e-02 -1.984481e+01 3.298499e-04 9.999992e-01 -1.186308e-03 -2.269222e+00 -2.617376e-02 1.194537e-03 9.996566e-01 1.176157e+02
9.999943e-01 -4.746899e-04 3.347633e-03 -1.984136e+01 4.745130e-04 9.999999e-01 5.388970e-05 -2.262541e+00 -3.347736e-03 -5.229926e-05 9.999943e-01 1.173525e+02
9.995289e-01 -4.308619e-04 3.068693e-02 -1.993942e+01 4.729566e-04 9.999990e-01 -1.364476e-03 -2.255755e+00 -3.068639e-02 1.378349e-03 9.995280e-01 1.172347e+02
9.999820e-01 -5.464666e-04 5.970171e-03 -2.002394e+01 5.465562e-04 9.999999e-01 -1.326768e-05 -2.252099e+00 -5.970236e-03 1.653198e-05 9.999821e-01 1.172243e+02
9.994990e-01 -4.599231e-04 3.164685e-02 -2.010868e+01 5.050990e-04 9.999989e-01 -1.419500e-03 -2.247956e+00 -3.164624e-02 1.434775e-03 9.994980e-01 1.171955e+02
9.999718e-01 -5.831225e-04 7.483122e-03 -2.018604e+01 5.835275e-04 9.999998e-01 -5.186574e-05 -2.242913e+00 -7.483158e-03 5.623224e-05 9.999719e-01 1.171208e+02
9.997141e-01 -2.573400e-04 2.390985e-02 -2.036239e+01 2.850502e-04 9.999993e-01 -1.155521e-03 -2.231997e+00 -2.390960e-02 1.162007e-03 9.997134e-01 1.169510e+02
9.999893e-01 -5.047865e-04 4.588905e-03 -2.043788e+01 5.044812e-04 9.999999e-01 6.777745e-05 -2.224742e+00 -4.589001e-03 -6.546049e-05 9.999894e-01 1.167745e+02
9.996700e-01 -3.017905e-04 2.568463e-02 -2.037093e+01 3.335104e-04 9.999992e-01 -1.230682e-03 -2.221341e+00 -2.568429e-02 1.238843e-03 9.996692e-01 1.165566e+02
9.999822e-01 -5.610583e-04 5.933431e-03 -2.025816e+01 5.608082e-04 9.999998e-01 4.386283e-05 -2.223074e+00 -5.933512e-03 -4.053347e-05 9.999823e-01 1.164809e+02
9.996998e-01 -2.778618e-04 2.450003e-02 -2.025194e+01 3.070023e-04 9.999993e-01 -1.185637e-03 -2.229336e+00 -2.449973e-02 1.192803e-03 9.996990e-01 1.167347e+02
9.999926e-01 -4.936947e-04 3.812393e-03 -2.027617e+01 4.932191e-04 9.999999e-01 1.257653e-04 -2.233054e+00 -3.812507e-03 -1.238831e-04 9.999926e-01 1.169273e+02
9.996692e-01 -3.136033e-04 2.571775e-02 -2.024136e+01 3.460063e-04 9.999992e-01 -1.255496e-03 -2.232315e+00 -2.571738e-02 1.263980e-03 9.996684e-01 1.168556e+02
9.999999e-01 -3.827963e-04 -8.821429e-05 -2.027576e+01 3.828219e-04 9.999999e-01 2.877977e-04 -2.236059e+00 8.805636e-05 -2.878307e-04 9.999999e-01 1.170558e+02
9.996970e-01 -2.915844e-04 2.461430e-02 -2.027561e+01 3.218621e-04 9.999992e-01 -1.226127e-03 -2.238719e+00 -2.461397e-02 1.233678e-03 9.996962e-01 1.171597e+02
9.999988e-01 -4.103842e-04 1.475956e-03 -2.018919e+01 4.100450e-04 9.999999e-01 2.302391e-04 -2.239904e+00 -1.476093e-03 -2.296330e-04 9.999988e-01 1.170857e+02
9.997431e-01 -2.509361e-04 2.266605e-02 -2.014162e+01 2.773104e-04 9.999993e-01 -1.160459e-03 -2.238880e+00 -2.266579e-02 1.166447e-03 9.997423e-01 1.169753e+02
9.999991e-01 -3.905700e-04 1.311947e-03 -2.010223e+01 3.902611e-04 9.999999e-01 2.358037e-04 -2.237926e+00 -1.312077e-03 -2.352910e-04 9.999990e-01 1.168743e+02
9.996648e-01 -3.466402e-04 2.588886e-02 -2.016198e+01 3.799641e-04 9.999991e-01 -1.282277e-03 -2.237490e+00 -2.588843e-02 1.291684e-03 9.996639e-01 1.169400e+02
9.999926e-01 -4.425815e-04 3.824985e-03 -2.025860e+01 4.419883e-04 9.999999e-01 1.559629e-04 -2.238950e+00 -3.825087e-03 -1.542709e-04 9.999926e-01 1.171348e+02
9.998445e-01 -1.624404e-04 1.763491e-02 -2.024000e+01 1.799224e-04 9.999995e-01 -9.897467e-04 -2.245475e+00 -1.763477e-02 9.927659e-04 9.998439e-01 1.173568e+02
9.999968e-01 -3.934186e-04 2.489106e-03 -2.018189e+01 3.928863e-04 9.999999e-01 2.143503e-04 -2.247729e+00 -2.489220e-03 -2.133715e-04 9.999968e-01 1.173535e+02
9.998263e-01 -1.715824e-04 1.863459e-02 -2.006444e+01 1.910514e-04 9.999994e-01 -1.043003e-03 -2.247625e+00 -1.863443e-02 1.046382e-03 9.998257e-01 1.171780e+02
9.999950e-01 -2.493922e-04 -3.149822e-03 -1.997301e+01 2.507437e-04 9.999999e-01 4.286856e-04 -2.255424e+00 3.149689e-03 -4.294732e-04 9.999948e-01 1.173429e+02
9.997874e-01 -2.319703e-04 2.061704e-02 -1.992207e+01 2.551519e-04 9.999993e-01 -1.121766e-03 -2.263577e+00 -2.061679e-02 1.126788e-03 9.997867e-01 1.175774e+02
9.999929e-01 -2.328995e-04 -3.758658e-03 -1.989024e+01 2.346365e-04 9.999999e-01 4.617102e-04 -2.273802e+00 3.758527e-03 -4.625890e-04 9.999927e-01 1.179209e+02
9.996922e-01 -3.371328e-04 2.480697e-02 -1.996437e+01 3.690054e-04 9.999991e-01 -1.280256e-03 -2.279161e+00 -2.480654e-02 1.289016e-03 9.996913e-01 1.182238e+02
9.999805e-01 -1.689781e-04 -6.247285e-03 -1.993499e+01 1.724151e-04 9.999998e-01 5.496206e-04 -2.286430e+00 6.247172e-03 -5.506873e-04 9.999802e-01 1.184528e+02
9.998647e-01 -7.473520e-05 1.644946e-02 -1.962584e+01 9.096848e-05 9.999995e-01 -9.861123e-04 -2.298341e+00 -1.644939e-02 9.874750e-04 9.998641e-01 1.184715e+02
9.998724e-01 1.470070e-04 -1.597283e-02 -1.922319e+01 -1.326262e-04 9.999996e-01 9.013864e-04 -2.311063e+00 1.597294e-02 -8.991532e-04 9.998719e-01 1.183822e+02
9.999801e-01 2.615676e-04 6.306133e-03 -1.881402e+01 -2.575371e-04 9.999998e-01 -6.399448e-04 -2.326232e+00 -6.306318e-03 6.383077e-04 9.999798e-01 1.183623e+02
9.997405e-01 3.634106e-04 -2.277621e-02 -1.843362e+01 -3.374999e-04 9.999993e-01 1.141453e-03 -2.342672e+00 2.277659e-02 -1.133470e-03 9.997398e-01 1.184211e+02
9.999993e-01 4.751320e-04 1.125031e-03 -1.799259e+01 -4.746434e-04 9.999998e-01 -4.344821e-04 -2.359805e+00 -1.125260e-03 4.339476e-04 9.999992e-01 1.184354e+02
9.997753e-01 2.875919e-04 -2.119583e-02 -1.753676e+01 -2.648762e-04 9.999994e-01 1.074506e-03 -2.378091e+00 2.119610e-02 -1.068651e-03 9.997747e-01 1.184659e+02
9.999730e-01 7.566011e-04 -7.312192e-03 -1.718539e+01 -7.575183e-04 9.999997e-01 -1.226640e-04 -2.392466e+00 7.312070e-03 1.281998e-04 9.999732e-01 1.184983e+02
9.998779e-01 1.030799e-04 -1.562784e-02 -1.677334e+01 -8.970826e-05 9.999996e-01 8.563251e-04 -2.409390e+00 1.562789e-02 -8.548186e-04 9.998774e-01 1.185418e+02
9.999767e-01 7.149688e-04 -6.792240e-03 -1.644253e+01 -7.159016e-04 9.999997e-01 -1.349154e-04 -2.425773e+00 6.792110e-03 1.397749e-04 9.999768e-01 1.186712e+02
9.999234e-01 -2.553103e-05 -1.237288e-02 -1.613141e+01 3.449376e-05 9.999997e-01 7.241699e-04 -2.443801e+00 1.237283e-02 -7.245411e-04 9.999231e-01 1.188840e+02
9.999954e-01 3.580511e-04 3.006876e-03 -1.608758e+01 -3.566488e-04 9.999998e-01 -4.668551e-04 -2.460787e+00 -3.007077e-03 4.657807e-04 9.999953e-01 1.194568e+02
9.999829e-01 -2.188836e-04 -5.841467e-03 -1.577846e+01 2.217201e-04 9.999999e-01 4.849361e-04 -2.481711e+00 5.841326e-03 -4.862229e-04 9.999827e-01 1.197898e+02
9.999994e-01 4.267250e-04 9.916064e-04 -1.542744e+01 -4.263272e-04 9.999998e-01 -4.013614e-04 -2.504112e+00 -9.918125e-04 4.009385e-04 9.999993e-01 1.201140e+02
9.998615e-01 1.344839e-04 -1.664302e-02 -1.512150e+01 -1.200499e-04 9.999996e-01 8.682680e-04 -2.522630e+00 1.664309e-02 -8.661495e-04 9.998610e-01 1.203464e+02
9.999999e-01 4.464532e-04 1.900982e-04 -1.511482e+01 -4.463883e-04 9.999998e-01 -3.410098e-04 -2.538827e+00 -1.902883e-04 3.409251e-04 9.999998e-01 1.209467e+02
9.999081e-01 1.321863e-05 -1.355370e-02 -1.507191e+01 -3.163617e-06 9.999997e-01 7.418824e-04 -2.555638e+00 1.355367e-02 -7.417712e-04 9.999078e-01 1.215073e+02
9.999990e-01 4.965623e-04 -1.328633e-03 -1.504751e+01 -4.969186e-04 9.999998e-01 -2.678573e-04 -2.571752e+00 1.328460e-03 2.685175e-04 9.999990e-01 1.220667e+02
9.997736e-01 2.979058e-04 -2.127577e-02 -1.493019e+01 -2.767899e-04 9.999995e-01 9.954227e-04 -2.586242e+00 2.127601e-02 -9.893081e-04 9.997731e-01 1.224318e+02
9.999955e-01 5.630647e-04 -2.939386e-03 -1.480005e+01 -5.636485e-04 9.999998e-01 -1.978071e-04 -2.601644e+00 2.939229e-03 1.994634e-04 9.999956e-01 1.228136e+02
