9.999968e-01 1.320119e-04 -2.513217e-03 1.076898e-02 -1.317394e-04 1.000000e+00 1.085719e-04 -5.657601e-03 2.513231e-03 -1.082399e-04 9.999967e-01 1.231689e-01
9.999868e-01 -4.352060e-05 5.140239e-03 3.091829e-02 4.439497e-05 1.000000e+00 -1.699853e-04 -1.107401e-02 -5.140232e-03 1.702118e-04 9.999867e-01 2.621782e-01
9.999918e-01 -5.570390e-05 4.050836e-03 6.112691e-02 5.634072e-05 1.000000e+00 -1.570893e-04 -1.582751e-02 -4.050826e-03 1.573167e-04 9.999917e-01 3.974214e-01
9.999926e-01 1.533383e-04 -3.853376e-03 8.617316e-02 -1.522341e-04 9.999999e-01 2.868511e-04 -2.098561e-02 3.853421e-03 -2.862619e-04 9.999924e-01 5.260519e-01
9.998471e-01 6.079221e-04 -1.747425e-02 1.040261e-01 -5.982090e-04 9.999997e-01 5.610693e-04 -2.528285e-02 1.747458e-02 -5.505298e-04 9.998471e-01 6.420725e-01
9.999869e-01 -1.967164e-04 5.109947e-03 1.213898e-01 1.969278e-04 1.000000e+00 -4.086072e-05 -3.044027e-02 -5.109941e-03 4.186707e-05 9.999868e-01 7.445124e-01
9.999948e-01 2.916752e-04 -3.208599e-03 1.356438e-01 -2.917460e-04 1.000000e+00 -2.162022e-05 -3.566746e-02 3.208591e-03 2.255680e-05 9.999948e-01 8.664922e-01
9.999826e-01 -2.155905e-04 5.898449e-03 1.468961e-01 2.160714e-04 1.000000e+00 -8.089028e-05 -4.073398e-02 -5.898434e-03 8.216394e-05 9.999825e-01 9.910372e-01
9.999446e-01 4.212749e-04 -1.051649e-02 1.566778e-01 -4.181730e-04 9.999999e-01 2.971513e-04 -4.649292e-02 1.051662e-02 -2.927365e-04 9.999446e-01 1.133219e+00
9.999978e-01 4.787576e-05 -2.081553e-03 1.712841e-01 -4.734827e-05 1.000000e+00 2.534484e-04 -5.180895e-02 2.081561e-03 -2.533487e-04 9.999977e-01 1.259805e+00
1.000000e+00 5.886797e-05 4.842194e-05 1.718644e-01 -5.885932e-05 1.000000e+00 -1.778941e-04 -5.722347e-02 -4.843625e-05 1.778919e-04 9.999999e-01 1.382452e+00
9.999999e-01 5.514785e-05 5.130772e-04 1.744796e-01 -5.522517e-05 1.000000e+00 1.507360e-04 -6.257256e-02 -5.130727e-04 -1.507636e-04 9.999998e-01 1.508273e+00
9.999998e-01 -1.669267e-05 6.141539e-04 1.764914e-01 1.680771e-05 1.000000e+00 -1.872468e-04 -6.757705e-02 -6.141544e-04 1.872578e-04 9.999997e-01 1.629152e+00
9.999186e-01 -6.032198e-05 1.275788e-02 2.117032e-01 6.475267e-05 9.999999e-01 -3.468758e-04 -7.202644e-02 -1.275786e-02 3.476742e-04 9.999185e-01 1.761166e+00
9.999782e-01 -4.144387e-04 6.585169e-03 2.525135e-01 4.164516e-04 9.999999e-01 -3.042887e-04 -7.572616e-02 -6.585042e-03 3.070250e-04 9.999782e-01 1.884138e+00
9.999737e-01 1.901392e-04 7.250466e-03 2.890181e-01 -1.887455e-04 1.000000e+00 -1.929017e-04 -8.014615e-02 -7.250502e-03 1.915286e-04 9.999736e-01 2.013893e+00
9.999993e-01 -2.125030e-04 1.176051e-03 3.134810e-01 2.126565e-04 1.000000e+00 -1.303845e-04 -8.496563e-02 -1.176022e-03 1.306349e-04 9.999992e-01 2.142776e+00
9.999988e-01 2.735073e-04 1.512031e-03 3.140282e-01 -2.735321e-04 1.000000e+00 1.617383e-05 -8.967621e-02 -1.512024e-03 -1.658696e-05 9.999988e-01 2.251883e+00
9.999994e-01 -2.172878e-04 -1.053671e-03 3.203756e-01 2.172697e-04 1.000000e+00 -1.732022e-05 -9.507613e-02 1.053677e-03 1.709172e-05 9.999993e-01 2.388406e+00
9.999999e-01 2.403106e-04 2.569947e-04 3.317951e-01 -2.403278e-04 1.000000e+00 6.683277e-05 -1.006460e-01 -2.569766e-04 -6.689408e-05 9.999999e-01 2.531343e+00
9.999989e-01 -1.603531e-04 1.459527e-03 3.469858e-01 1.605355e-04 1.000000e+00 -1.248325e-04 -1.059185e-01 -1.459504e-03 1.250671e-04 9.999988e-01 2.664123e+00
9.999908e-01 2.265963e-04 4.278502e-03 3.616698e-01 -2.261210e-04 1.000000e+00 -1.115730e-04 -1.107104e-01 -4.278525e-03 1.106049e-04 9.999907e-01 2.782371e+00
9.999958e-01 -2.313441e-04 2.877631e-03 3.837803e-01 2.317715e-04 1.000000e+00 -1.482089e-04 -1.157013e-01 -2.877593e-03 1.488756e-04 9.999957e-01 2.909210e+00
9.999988e-01 3.362238e-04 1.484369e-03 4.346653e-01 -3.361265e-04 9.999999e-01 -6.578492e-05 -1.212216e-01 -1.484387e-03 6.528629e-05 9.999988e-01 3.031933e+00
9.999987e-01 -2.687407e-04 1.605442e-03 4.775181e-01 2.688121e-04 1.000000e+00 -4.425046e-05 -1.268249e-01 -1.605426e-03 4.468232e-05 9.999986e-01 3.164066e+00
9.999987e-01 3.810027e-04 1.560482e-03 5.334778e-01 -3.808131e-04 9.999999e-01 -1.218082e-04 -1.324637e-01 -1.560523e-03 1.212142e-04 9.999987e-01 3.281424e+00
9.999985e-01 -3.417220e-04 1.690732e-03 6.578738e-01 3.417126e-04 9.999999e-01 5.876518e-06 -1.369827e-01 -1.690729e-03 -5.298430e-06 9.999985e-01 3.306505e+00
9.999997e-01 2.939555e-04 -6.608779e-04 8.100688e-01 -2.939796e-04 1.000000e+00 -3.640814e-05 -1.421896e-01 6.608722e-04 3.660274e-05 9.999997e-01 3.356741e+00
9.999968e-01 -3.482902e-04 2.494586e-03 9.432040e-01 3.484075e-04 9.999999e-01 -4.657129e-05 -1.480098e-01 -2.494564e-03 4.744060e-05 9.999968e-01 3.452717e+00
9.999999e-01 3.761596e-04 -2.279677e-04 1.031984e+00 -3.761807e-04 9.999999e-01 -9.290119e-05 -1.542743e-01 2.279381e-04 9.298725e-05 9.999999e-01 3.590179e+00
9.999957e-01 -3.289111e-04 2.917222e-03 1.096463e+00 3.290744e-04 9.999999e-01 -5.548792e-05 -1.603934e-01 -2.917198e-03 5.644796e-05 9.999956e-01 3.739162e+00
9.999997e-01 4.061270e-04 -6.544365e-04 1.180194e+00 -4.061782e-04 9.999999e-01 -7.810401e-05 -1.664770e-01 6.544106e-04 7.837009e-05 9.999997e-01 3.868736e+00
9.999966e-01 -3.481726e-04 2.600766e-03 1.226552e+00 3.481941e-04 9.999999e-01 -7.811562e-06 -1.721799e-01 -2.600757e-03 8.717380e-06 9.999965e-01 4.004190e+00
9.999992e-01 4.062818e-04 -1.211515e-03 1.258660e+00 -4.063450e-04 9.999999e-01 -5.193982e-05 -1.776113e-01 1.211500e-03 5.243234e-05 9.999992e-01 4.129589e+00
9.999985e-01 -3.705759e-04 1.686958e-03 1.282427e+00 3.705267e-04 9.999999e-01 2.946281e-05 -1.829589e-01 -1.686963e-03 -2.883744e-05 9.999985e-01 4.257222e+00
9.999997e-01 4.058334e-04 -6.442857e-04 1.289338e+00 -4.058844e-04 9.999999e-01 -7.897736e-05 -1.879537e-01 6.442600e-04 7.923910e-05 9.999997e-01 4.378203e+00
9.999985e-01 -3.810636e-04 1.695709e-03 1.315369e+00 3.810098e-04 9.999999e-01 3.203390e-05 -1.933258e-01 -1.695715e-03 -3.138752e-05 9.999985e-01 4.508340e+00
9.999998e-01 4.764763e-04 3.563620e-04 1.370783e+00 -4.764288e-04 9.999999e-01 -1.334967e-04 -1.991297e-01 -3.564188e-04 1.333272e-04 9.999998e-01 4.639080e+00
9.999864e-01 -4.065161e-04 5.205478e-03 1.416992e+00 4.069868e-04 9.999999e-01 -8.934990e-05 -2.043368e-01 -5.205434e-03 9.146747e-05 9.999863e-01 4.754811e+00
9.999687e-01 2.099879e-04 7.910184e-03 1.478570e+00 -2.066886e-04 9.999999e-01 -4.179125e-04 -2.088869e-01 -7.910262e-03 4.162647e-04 9.999685e-01 4.878590e+00
9.999848e-01 -4.164942e-04 5.503431e-03 1.546160e+00 4.170408e-04 9.999999e-01 -9.817633e-05 -2.137039e-01 -5.503379e-03 1.004701e-04 9.999848e-01 5.022471e+00
9.999996e-01 4.676182e-04 -7.485074e-04 1.581486e+00 -4.677004e-04 9.999999e-01 -1.097144e-04 -2.191343e-01 7.484664e-04 1.100646e-04 9.999996e-01 5.166823e+00
9.999906e-01 -4.415690e-04 4.308654e-03 1.656214e+00 4.417379e-04 9.999999e-01 -3.823687e-05 -2.251142e-01 -4.308626e-03 4.013989e-05 9.999906e-01 5.313262e+00
9.999944e-01 6.236356e-04 -3.285413e-03 1.733788e+00 -6.235039e-04 9.999998e-01 4.110144e-05 -2.315621e-01 3.285449e-03 -3.905265e-05 9.999945e-01 5.451558e+00
9.999975e-01 -4.607151e-04 2.167538e-03 1.792910e+00 4.606172e-04 9.999999e-01 4.566913e-05 -2.371463e-01 -2.167548e-03 -4.467052e-05 9.999976e-01 5.540557e+00
9.999998e-01 5.479694e-04 -3.005351e-04 1.887610e+00 -5.480113e-04 9.999998e-01 -1.393407e-04 -2.424653e-01 3.004696e-04 1.395054e-04 9.999998e-01 5.620532e+00
9.999995e-01 -4.575189e-04 8.478792e-04 2.007984e+00 4.573623e-04 9.999999e-01 1.849037e-04 -2.475034e-01 -8.479527e-04 -1.845157e-04 9.999995e-01 5.657017e+00
9.999987e-01 5.948993e-04 -1.480497e-03 2.079777e+00 -5.950766e-04 9.999998e-01 -1.193280e-04 -2.529594e-01 1.480437e-03 1.202090e-04 9.999988e-01 5.734912e+00
9.999728e-01 -2.296677e-04 -7.370616e-03 2.122873e+00 2.333654e-04 9.999998e-01 5.008251e-04 -2.584055e-01 7.370510e-03 -5.025314e-04 9.999726e-01 5.839272e+00
9.999131e-01 9.645190e-04 -1.314672e-02 2.143169e+00 -9.619201e-04 9.999995e-01 2.040044e-04 -2.620963e-01 1.314692e-02 -1.913403e-04 9.999135e-01 5.916589e+00
9.990046e-01 9.707263e-04 -4.459672e-02 2.156771e+00 -8.804550e-04 9.999975e-01 2.043767e-03 -2.631223e-01 4.459860e-02 -2.002467e-03 9.990029e-01 6.029169e+00
9.994723e-01 1.584053e-03 -3.244246e-02 2.183517e+00 -1.538715e-03 9.999978e-01 1.422391e-03 -2.644119e-01 3.244464e-02 -1.371720e-03 9.994725e-01 6.208985e+00
9.991057e-01 8.620627e-04 -4.227366e-02 2.230747e+00 -7.769994e-04 9.999976e-01 2.028593e-03 -2.664064e-01 4.227530e-02 -1.993931e-03 9.991039e-01 6.414930e+00
9.987270e-01 2.179168e-03 -5.039536e-02 2.288610e+00 -2.065638e-03 9.999952e-01 2.304756e-03 -2.673795e-01 5.040012e-02 -2.197721e-03 9.987266e-01 6.639754e+00
9.985562e-01 1.278876e-03 -5.370193e-02 2.344293e+00 -1.148716e-03 9.999963e-01 2.454546e-03 -2.671010e-01 5.370484e-02 -2.389312e-03 9.985539e-01 6.853888e+00
9.982438e-01 2.560375e-03 -5.918432e-02 2.352152e+00 -2.430974e-03 9.999945e-01 2.258303e-03 -2.637608e-01 5.918974e-02 -2.110459e-03 9.982444e-01 6.976276e+00
9.982976e-01 1.452874e-03 -5.830768e-02 2.326258e+00 -1.322353e-03 9.999965e-01 2.277010e-03 -2.590188e-01 5.831073e-02 -2.196028e-03 9.982960e-01 7.058053e+00
9.979440e-01 2.788216e-03 -6.403061e-02 2.299493e+00 -2.641137e-03 9.999937e-01 2.381532e-03 -2.528766e-01 6.403678e-02 -2.207519e-03 9.979450e-01 7.087065e+00
9.978037e-01 1.658982e-03 -6.621978e-02 2.310893e+00 -1.458743e-03 9.999942e-01 3.072079e-03 -2.484930e-01 6.622442e-02 -2.968731e-03 9.978002e-01 7.204332e+00
9.973127e-01 3.067047e-03 -7.319826e-02 2.347338e+00 -2.835885e-03 9.999907e-01 3.261729e-03 -2.452251e-01 7.320750e-02 -3.045379e-03 9.973120e-01 7.404568e+00
9.986607e-01 1.163647e-03 -5.172524e-02 2.380950e+00 -1.049203e-03 9.999969e-01 2.239601e-03 -2.423277e-01 5.172760e-02 -2.182328e-03 9.986588e-01 7.568172e+00
9.981557e-01 2.668319e-03 -6.064691e-02 2.392098e+00 -2.518574e-03 9.999936e-01 2.545407e-03 -2.393156e-01 6.065322e-02 -2.387965e-03 9.981560e-01 7.688094e+00
9.991527e-01 8.443705e-04 -4.114676e-02 2.383168e+00 -7.867777e-04 9.999987e-01 1.415808e-03 -2.359414e-01 4.114780e-02 -1.382232e-03 9.991520e-01 7.761831e+00
9.989944e-01 2.170110e-03 -4.478164e-02 2.374560e+00 -2.090815e-03 9.999962e-01 1.817415e-03 -2.331675e-01 4.478531e-02 -1.721954e-03 9.989951e-01 7.786419e+00
9.999711e-01 -2.268303e-04 -7.596837e-03 2.411853e+00 2.294800e-04 9.999999e-01 3.475461e-04 -2.340692e-01 7.596658e-03 -3.492761e-04 9.999710e-01 7.802047e+00
9.991115e-01 1.978691e-03 -4.209848e-02 2.437525e+00 -1.916987e-03 9.999970e-01 1.505956e-03 -2.347523e-01 4.210123e-02 -1.423913e-03 9.991123e-01 7.861166e+00
9.997944e-01 2.718085e-04 -2.027530e-02 2.443481e+00 -2.574792e-04 9.999997e-01 7.091957e-04 -2.336465e-01 2.027539e-02 -7.038263e-04 9.997941e-01 7.863432e+00
9.991956e-01 1.910941e-03 -4.005496e-02 2.454519e+00 -1.854729e-03 9.999972e-01 1.440408e-03 -2.325491e-01 4.005751e-02 -1.364955e-03 9.991964e-01 7.854600e+00
9.998543e-01 1.529005e-04 -1.706544e-02 2.461170e+00 -1.427300e-04 9.999998e-01 5.969962e-04 -2.320674e-01 1.706543e-02 -5.944706e-04 9.998542e-01 7.865356e+00
9.994453e-01 1.660088e-03 -3.325911e-02 2.471548e+00 -1.620543e-03 9.999979e-01 1.215821e-03 -2.324107e-01 3.326096e-02 -1.161246e-03 9.994460e-01 7.895926e+00
9.999919e-01 -2.554595e-04 -3.994786e-03 2.486640e+00 2.561064e-04 1.000000e+00 1.606032e-04 -2.342445e-01 3.994646e-03 -1.616223e-04 9.999920e-01 7.925987e+00
9.997397e-01 1.242096e-03 -2.278086e-02 2.505215e+00 -1.223529e-03 9.999989e-01 8.288078e-04 -2.374650e-01 2.278176e-02 -8.007164e-04 9.997401e-01 8.018933e+00
9.998233e-01 2.251714e-04 -1.879421e-02 2.507714e+00 -2.119620e-04 9.999997e-01 7.046602e-04 -2.394319e-01 1.879426e-02 -7.005494e-04 9.998231e-01 8.105129e+00
9.999633e-01 3.752455e-04 8.547269e-03 2.513231e+00 -3.738685e-04 9.999999e-01 -1.623021e-04 -2.441080e-01 -8.547426e-03 1.591032e-04 9.999634e-01 8.197203e+00
9.998537e-01 -1.116430e-03 1.706702e-02 2.549266e+00 1.127251e-03 9.999992e-01 -6.242298e-04 -2.467165e-01 -1.706641e-02 6.433800e-04 9.998541e-01 8.301562e+00
9.999959e-01 5.728446e-04 2.794059e-03 2.583526e+00 -5.729189e-04 9.999998e-01 2.700442e-05 -2.498074e-01 -2.794141e-03 -2.860242e-05 9.999961e-01 8.392699e+00
9.999016e-01 -1.003807e-03 1.399118e-02 2.617017e+00 1.011590e-03 9.999993e-01 -5.489755e-04 -2.537091e-01 -1.399072e-02 5.630775e-04 9.999019e-01 8.510330e+00
9.999851e-01 5.283783e-04 5.420268e-03 2.652588e+00 -5.278376e-04 9.999999e-01 -1.005829e-04 -2.571855e-01 -5.420419e-03 9.772311e-05 9.999853e-01 8.624891e+00
9.998117e-01 -1.211805e-03 1.936694e-02 2.685764e+00 1.224973e-03 9.999990e-01 -6.678856e-04 -2.597436e-01 -1.936621e-02 6.914866e-04 9.998122e-01 8.722077e+00
9.999991e-01 6.377315e-04 1.123386e-03 2.719533e+00 -6.377853e-04 9.999998e-01 5.039043e-05 -2.630611e-01 -1.123453e-03 -5.110407e-05 9.999993e-01 8.824731e+00
9.999486e-01 -8.197231e-04 1.010343e-02 2.748252e+00 8.238580e-04 9.999996e-01 -4.047787e-04 -2.674049e-01 -1.010319e-02 4.130846e-04 9.999488e-01 8.936279e+00
9.999986e-01 6.332030e-04 1.529625e-03 2.776414e+00 -6.332354e-04 9.999998e-01 2.282327e-05 -2.717016e-01 -1.529710e-03 -2.378904e-05 9.999988e-01 9.047662e+00
9.999943e-01 -5.960963e-04 3.297088e-03 2.795736e+00 5.966757e-04 9.999998e-01 -1.737751e-04 -2.768779e-01 -3.297084e-03 1.757443e-04 9.999945e-01 9.176296e+00
9.999248e-01 3.048191e-04 1.225578e-02 2.826156e+00 -3.009716e-04 9.999999e-01 -3.155133e-04 -2.802762e-01 -1.225598e-02 3.118038e-04 9.999248e-01 9.262887e+00
9.999633e-01 -8.896901e-04 8.512573e-03 2.858501e+00 8.922892e-04 9.999996e-01 -3.011673e-04 -2.834078e-01 -8.512401e-03 3.087549e-04 9.999637e-01 9.358298e+00
9.999784e-01 5.434948e-04 6.545263e-03 2.889960e+00 -5.425006e-04 9.999998e-01 -1.531957e-04 -2.870918e-01 -6.545445e-03 1.496445e-04 9.999785e-01 9.448814e+00
9.999991e-01 -5.839964e-04 -1.201407e-03 2.904075e+00 5.840188e-04 9.999998e-01 1.579950e-05 -2.916655e-01 1.201297e-03 -1.649818e-05 9.999992e-01 9.546270e+00
9.998491e-01 1.214298e-03 -1.732907e-02 2.920305e+00 -1.201910e-03 9.999990e-01 7.250987e-04 -2.963380e-01 1.732983e-02 -7.041584e-04 9.998495e-01 9.677819e+00
9.999953e-01 -5.146393e-04 -2.995261e-03 2.935291e+00 5.150053e-04 9.999999e-01 1.203922e-04 -3.009208e-01 2.995099e-03 -1.219313e-04 9.999955e-01 9.789203e+00
9.999107e-01 1.022148e-03 -1.332265e-02 2.945088e+00 -1.015038e-03 9.999993e-01 5.401757e-04 -3.060877e-01 1.332309e-02 -5.266017e-04 9.999111e-01 9.936956e+00
9.999676e-01 -2.649511e-04 -8.039935e-03 2.958432e+00 2.674968e-04 9.999999e-01 3.151584e-04 -3.104209e-01 8.039752e-03 -3.172960e-04 9.999676e-01 1.004165e+01
9.999955e-01 6.096994e-04 2.920624e-03 3.029956e+00 -6.099035e-04 9.999998e-01 7.007668e-05 -3.162376e-01 -2.920680e-03 -7.185489e-05 9.999957e-01 1.014100e+01
9.999796e-01 -3.826474e-04 -6.368351e-03 3.097692e+00 3.838807e-04 9.999999e-01 1.919450e-04 -3.221963e-01 6.368178e-03 -1.943830e-04 9.999797e-01 1.025556e+01
9.999994e-01 5.449746e-04 -9.208862e-04 3.094532e+00 -5.449145e-04 9.999998e-01 6.198425e-05 -3.274973e-01 9.208208e-04 -6.147964e-05 9.999995e-01 1.036473e+01
9.998853e-01 -4.889845e-05 -1.514039e-02 3.100432e+00 5.724363e-05 9.999998e-01 5.505424e-04 -3.323624e-01 1.514026e-02 -5.513432e-04 9.998852e-01 1.048300e+01
9.999943e-01 3.394993e-04 3.340519e-03 3.099006e+00 -3.391649e-04 9.999999e-01 -9.966771e-05 -3.378398e-01 -3.340651e-03 9.853689e-05 9.999944e-01 1.062219e+01
9.999658e-01 -2.843429e-04 -8.262436e-03 3.086681e+00 2.864669e-04 9.999999e-01 2.554817e-04 -3.433435e-01 8.262264e-03 -2.578371e-04 9.999658e-01 1.075722e+01
9.999910e-01 3.058301e-04 4.212025e-03 3.072663e+00 -3.053840e-04 9.999999e-01 -1.057661e-04 -3.487417e-01 -4.212156e-03 1.044816e-04 9.999911e-01 1.089826e+01
9.999649e-01 -2.762469e-04 -8.365488e-03 3.058463e+00 2.785381e-04 9.999999e-01 2.723350e-04 -3.542127e-01 8.365314e-03 -2.746528e-04 9.999649e-01 1.104231e+01
9.999832e-01 2.531273e-04 5.783840e-03 3.044540e+00 -2.521717e-04 1.000000e+00 -1.653685e-04 -3.594445e-01 -5.783980e-03 1.639100e-04 9.999832e-01 1.118585e+01
9.999679e-01 -2.766595e-04 -8.004349e-03 3.026174e+00 2.786667e-04 9.999999e-01 2.492378e-04 -3.644113e-01 8.004181e-03 -2.514576e-04 9.999679e-01 1.131674e+01
9.999823e-01 2.563748e-04 5.930908e-03 3.012911e+00 -2.553964e-04 1.000000e+00 -1.651622e-04 -3.695204e-01 -5.931049e-03 1.636473e-04 9.999824e-01 1.145323e+01
9.999543e-01 -2.131520e-04 -9.547083e-03 3.005319e+00 2.162659e-04 9.999999e-01 3.247841e-04 -3.751227e-01 9.546915e-03 -3.268312e-04 9.999543e-01 1.160128e+01
9.999682e-01 2.260679e-04 7.962502e-03 2.987831e+00 -2.238416e-04 9.999999e-01 -2.800649e-04 -3.799708e-01 -7.962663e-03 2.782764e-04 9.999682e-01 1.171828e+01
9.999520e-01 -2.081080e-04 -9.791952e-03 2.967340e+00 2.112440e-04 9.999999e-01 3.188940e-04 -3.846991e-01 9.791787e-03 -3.209444e-04 9.999520e-01 1.182223e+01
9.999400e-01 2.842933e-04 1.094724e-02 2.961316e+00 -2.801793e-04 9.999999e-01 -3.770196e-04 -3.894346e-01 -1.094744e-02 3.739325e-04 9.999400e-01 1.192859e+01
9.999998e-01 -4.391594e-04 2.164451e-04 2.979086e+00 4.391609e-04 9.999999e-01 8.345584e-06 -3.934301e-01 -2.165472e-04 -8.247756e-06 9.999999e-01 1.202837e+01
9.999611e-01 3.860496e-04 8.802629e-03 2.990969e+00 -3.830678e-04 9.999999e-01 -3.400491e-04 -3.976688e-01 -8.802857e-03 3.366666e-04 9.999612e-01 1.213382e+01
9.999716e-01 -6.923178e-04 7.499503e-03 3.017571e+00 6.937495e-04 9.999997e-01 -1.878736e-04 -4.012049e-01 -7.499470e-03 1.930738e-04 9.999718e-01 1.222886e+01
9.999241e-01 2.022219e-04 1.231530e-02 3.047973e+00 -1.968016e-04 9.999999e-01 -4.410751e-04 -4.044198e-01 -1.231549e-02 4.386207e-04 9.999240e-01 1.232666e+01
9.999976e-01 -3.549337e-04 -2.140637e-03 3.062686e+00 3.551491e-04 9.999999e-01 9.874751e-05 -4.086737e-01 2.140503e-03 -9.950469e-05 9.999977e-01 1.243715e+01
9.999221e-01 2.973464e-04 1.247408e-02 3.076643e+00 -2.912855e-04 9.999998e-01 -4.874363e-04 -4.129316e-01 -1.247432e-02 4.837676e-04 9.999220e-01 1.254597e+01
9.999784e-01 -6.841252e-04 6.534013e-03 3.104458e+00 6.851731e-04 9.999998e-01 -1.576566e-04 -4.163239e-01 -6.534003e-03 1.621330e-04 9.999786e-01 1.265480e+01
9.998944e-01 1.464762e-04 1.452475e-02 3.133872e+00 -1.389397e-04 9.999999e-01 -5.196632e-04 -4.194629e-01 -1.452492e-02 5.175931e-04 9.998943e-01 1.275669e+01
9.999962e-01 -4.978356e-04 2.705230e-03 3.161431e+00 4.979616e-04 9.999999e-01 -4.476858e-05 -4.230525e-01 -2.705307e-03 4.611842e-05 9.999963e-01 1.286017e+01
9.999144e-01 1.877376e-04 1.307716e-02 3.188534e+00 -1.815742e-04 9.999999e-01 -4.722650e-04 -4.268818e-01 -1.307734e-02 4.698530e-04 9.999143e-01 1.296504e+01
9.999765e-01 -6.619177e-04 6.808996e-03 3.216995e+00 6.630430e-04 9.999998e-01 -1.625589e-04 -4.301429e-01 -6.808987e-03 1.670727e-04 9.999768e-01 1.306666e+01
9.999633e-01 3.659104e-04 8.551522e-03 3.245142e+00 -3.629445e-04 9.999999e-01 -3.480230e-04 -4.340771e-01 -8.551749e-03 3.449094e-04 9.999633e-01 1.317692e+01
9.999476e-01 -8.188953e-04 1.019777e-02 3.275839e+00 8.214650e-04 9.999996e-01 -2.475050e-04 -4.375321e-01 -1.019766e-02 2.558722e-04 9.999479e-01 1.328345e+01
9.999654e-01 3.838165e-04 8.308390e-03 3.306961e+00 -3.807134e-04 9.999999e-01 -3.747126e-04 -4.411449e-01 -8.308632e-03 3.715395e-04 9.999654e-01 1.340010e+01
9.998957e-01 -9.797980e-04 1.440473e-02 3.340256e+00 9.851402e-04 9.999994e-01 -3.635726e-04 -4.441864e-01 -1.440447e-02 3.777284e-04 9.998961e-01 1.351227e+01
9.999992e-01 6.250391e-04 1.038397e-03 3.370711e+00 -6.249013e-04 9.999998e-01 -1.303244e-04 -4.483385e-01 -1.038578e-03 1.296784e-04 9.999994e-01 1.363260e+01
9.999877e-01 -5.966138e-04 4.908157e-03 3.381576e+00 5.971639e-04 9.999998e-01 -1.100298e-04 -4.531285e-01 -4.908190e-03 1.129624e-04 9.999879e-01 1.375876e+01
9.999950e-01 5.931985e-04 3.086091e-03 3.403237e+00 -5.925130e-04 9.999998e-01 -2.221483e-04 -4.580938e-01 -3.086322e-03 2.203216e-04 9.999952e-01 1.390166e+01
9.999767e-01 -5.795793e-04 6.795225e-03 3.424372e+00 5.807113e-04 9.999998e-01 -1.642098e-04 -4.625911e-01 -6.795228e-03 1.681551e-04 9.999768e-01 1.402552e+01
9.999026e-01 8.965800e-05 1.395354e-02 3.459115e+00 -8.174638e-05 9.999998e-01 -5.673703e-04 -4.661627e-01 -1.395369e-02 5.661773e-04 9.999024e-01 1.415586e+01
9.999812e-01 -5.935956e-04 6.100180e-03 3.495541e+00 5.940831e-04 9.999998e-01 -7.765543e-05 -4.695565e-01 -6.100232e-03 8.128103e-05 9.999813e-01 1.426699e+01
9.999130e-01 8.726906e-05 1.318984e-02 3.530706e+00 -8.015062e-05 9.999999e-01 -5.400168e-04 -4.729252e-01 -1.318999e-02 5.389156e-04 9.999128e-01 1.437315e+01
9.999974e-01 -4.438458e-04 2.205348e-03 3.563278e+00 4.437242e-04 9.999999e-01 5.681130e-05 -4.768882e-01 -2.205471e-03 -5.582953e-05 9.999975e-01 1.448397e+01
9.999951e-01 4.350776e-04 3.098610e-03 3.577236e+00 -4.342909e-04 9.999999e-01 -2.537373e-04 -4.817758e-01 -3.098818e-03 2.523934e-04 9.999951e-01 1.461195e+01
9.999898e-01 -3.954896e-04 4.486572e-03 3.596411e+00 3.956703e-04 9.999999e-01 -3.882128e-05 -4.865253e-01 -4.486654e-03 4.059913e-05 9.999899e-01 1.473809e+01
9.999745e-01 3.162520e-04 7.130875e-03 3.623971e+00 -3.132879e-04 9.999999e-01 -4.164227e-04 -4.912417e-01 -7.131104e-03 4.141811e-04 9.999744e-01 1.487353e+01
9.999860e-01 -4.120770e-04 5.270989e-03 3.659622e+00 4.124935e-04 9.999999e-01 -7.745648e-05 -4.959814e-01 -5.271055e-03 7.963267e-05 9.999860e-01 1.501826e+01
9.998517e-01 -1.660671e-04 1.721766e-02 3.700611e+00 1.779189e-04 9.999997e-01 -6.866771e-04 -4.992414e-01 -1.721764e-02 6.896417e-04 9.998515e-01 1.514124e+01
9.999996e-01 -2.105242e-04 7.762446e-04 3.732592e+00 2.104713e-04 1.000000e+00 7.130814e-05 -5.030449e-01 -7.763565e-04 -7.114171e-05 9.999996e-01 1.526042e+01
9.999301e-01 1.100879e-04 1.181850e-02 3.761805e+00 -1.034844e-04 9.999998e-01 -5.591558e-04 -5.075835e-01 -1.181866e-02 5.578967e-04 9.999299e-01 1.539089e+01
9.999986e-01 -2.585124e-04 1.640817e-03 3.791797e+00 2.584328e-04 1.000000e+00 5.010841e-05 -5.120622e-01 -1.640926e-03 -4.968129e-05 9.999986e-01 1.552173e+01
9.999681e-01 2.388827e-04 7.978846e-03 3.818518e+00 -2.353717e-04 9.999999e-01 -4.406858e-04 -5.168648e-01 -7.979046e-03 4.387967e-04 9.999680e-01 1.565599e+01
9.999985e-01 -2.952362e-04 1.689505e-03 3.844394e+00 2.951338e-04 1.000000e+00 6.216677e-05 -5.216896e-01 -1.689619e-03 -6.166506e-05 9.999985e-01 1.579408e+01
9.999855e-01 3.130899e-04 5.370678e-03 3.864436e+00 -3.112026e-04 9.999999e-01 -3.518409e-04 -5.266955e-01 -5.370883e-03 3.501674e-04 9.999855e-01 1.593365e+01
9.999001e-01 -7.359099e-04 1.411631e-02 3.901178e+00 7.407937e-04 9.999997e-01 -3.405878e-04 -5.303777e-01 -1.411615e-02 3.510140e-04 9.999002e-01 1.606480e+01
9.999779e-01 2.433108e-04 6.641763e-03 3.938273e+00 -2.407927e-04 9.999999e-01 -3.796147e-04 -5.339404e-01 -6.641949e-03 3.780100e-04 9.999778e-01 1.619272e+01
9.999999e-01 -1.820549e-04 2.405189e-04 3.950419e+00 1.820327e-04 1.000000e+00 1.008093e-04 -5.386284e-01 -2.406312e-04 -1.007626e-04 9.999999e-01 1.630839e+01
9.999833e-01 2.656166e-04 5.763133e-03 3.960361e+00 -2.636578e-04 9.999999e-01 -3.402883e-04 -5.431942e-01 -5.763316e-03 3.387660e-04 9.999833e-01 1.640942e+01
9.999999e-01 -1.824658e-04 -5.076741e-05 3.973171e+00 1.824736e-04 1.000000e+00 1.132952e-04 -5.478905e-01 5.065320e-05 -1.133016e-04 9.999999e-01 1.651544e+01
9.999748e-01 2.513545e-04 7.094424e-03 3.984990e+00 -2.485916e-04 9.999999e-01 -3.900298e-04 -5.523830e-01 -7.094614e-03 3.882592e-04 9.999747e-01 1.661877e+01
9.999520e-01 -5.332038e-04 9.777312e-03 4.011299e+00 5.350558e-04 9.999998e-01 -1.866033e-04 -5.560889e-01 -9.777303e-03 1.918287e-04 9.999521e-01 1.672373e+01
9.999979e-01 3.976606e-04 1.980665e-03 4.029935e+00 -3.972206e-04 9.999999e-01 -2.215571e-04 -5.604567e-01 -1.980845e-03 2.207728e-04 9.999979e-01 1.683649e+01
9.999473e-01 -4.354029e-04 1.025009e-02 4.051570e+00 4.380547e-04 9.999999e-01 -2.562809e-04 -5.647885e-01 -1.025007e-02 2.607604e-04 9.999474e-01 1.695407e+01
9.999706e-01 8.365006e-05 7.664407e-03 4.078596e+00 -8.090443e-05 9.999999e-01 -3.582943e-04 -5.685268e-01 -7.664528e-03 3.576665e-04 9.999705e-01 1.706720e+01
9.999388e-01 -4.287279e-04 1.105618e-02 4.104355e+00 4.320567e-04 9.999999e-01 -2.985256e-04 -5.720504e-01 -1.105614e-02 3.032871e-04 9.999388e-01 1.717725e+01
9.999793e-01 1.090321e-04 6.428297e-03 4.131066e+00 -1.069544e-04 9.999999e-01 -3.232860e-04 -5.759964e-01 -6.428422e-03 3.225946e-04 9.999792e-01 1.729769e+01
9.999357e-01 -4.221339e-04 1.133192e-02 4.157646e+00 4.255480e-04 9.999999e-01 -2.987127e-04 -5.797533e-01 -1.133188e-02 3.035186e-04 9.999357e-01 1.741182e+01
9.999677e-01 3.789351e-05 8.035039e-03 4.185257e+00 -3.482566e-05 9.999999e-01 -3.817364e-04 -5.832607e-01 -8.035140e-03 3.814470e-04 9.999676e-01 1.752460e+01
9.999752e-01 -3.079147e-04 7.038425e-03 4.212707e+00 3.086981e-04 9.999999e-01 -1.099743e-04 -5.872961e-01 -7.038478e-03 1.121471e-04 9.999751e-01 1.763154e+01
9.999993e-01 3.345692e-04 1.102084e-03 4.222912e+00 -3.343469e-04 9.999999e-01 -2.003987e-04 -5.916306e-01 -1.102237e-03 2.000329e-04 9.999993e-01 1.773184e+01
9.998793e-01 -5.799386e-04 1.552596e-02 4.247407e+00 5.857642e-04 9.999998e-01 -3.705711e-04 -5.952292e-01 -1.552583e-02 3.796236e-04 9.998793e-01 1.782922e+01
9.999820e-01 8.740490e-05 5.993166e-03 4.273415e+00 -8.524851e-05 9.999999e-01 -3.598051e-04 -5.984976e-01 -5.993282e-03 3.592905e-04 9.999819e-01 1.793992e+01
9.999498e-01 -3.287525e-04 1.000909e-02 4.298113e+00 3.310003e-04 9.999999e-01 -2.227661e-04 -6.027444e-01 -1.000910e-02 2.260707e-04 9.999498e-01 1.806919e+01
9.999767e-01 3.648211e-04 -6.810352e-03 4.299933e+00 -3.641048e-04 9.999999e-01 1.062099e-04 -6.077001e-01 6.810307e-03 -1.037251e-04 9.999767e-01 1.819635e+01
9.998911e-01 -2.856607e-04 1.475066e-02 4.312086e+00 2.919576e-04 9.999999e-01 -4.246381e-04 -6.124561e-01 -1.475062e-02 4.289011e-04 9.998910e-01 1.832021e+01
9.999971e-01 1.885009e-04 -2.395920e-03 4.335695e+00 -1.886085e-04 1.000000e+00 -4.526425e-05 -6.171124e-01 2.395829e-03 4.571865e-05 9.999971e-01 1.845207e+01
9.999533e-01 -1.345682e-04 9.661724e-03 4.349735e+00 1.370280e-04 1.000000e+00 -2.537871e-04 -6.220427e-01 -9.661771e-03 2.551018e-04 9.999532e-01 1.858156e+01
9.999997e-01 1.556830e-04 -7.184653e-04 4.367224e+00 -1.557641e-04 1.000000e+00 -1.147865e-04 -6.268547e-01 7.183659e-04 1.149010e-04 9.999997e-01 1.871058e+01
9.999637e-01 -1.173622e-04 8.514368e-03 4.379827e+00 1.190803e-04 1.000000e+00 -2.011158e-04 -6.315931e-01 -8.514425e-03 2.021250e-04 9.999637e-01 1.883427e+01
9.999996e-01 1.671838e-04 -8.211147e-04 4.392337e+00 -1.672781e-04 1.000000e+00 -1.164331e-04 -6.363108e-01 8.210146e-04 1.165730e-04 9.999996e-01 1.895372e+01
9.999573e-01 -1.117999e-04 9.243125e-03 4.405280e+00 1.139418e-04 1.000000e+00 -2.310596e-04 -6.409652e-01 -9.243179e-03 2.321055e-04 9.999572e-01 1.907381e+01
9.999580e-01 -1.941791e-04 9.163450e-03 4.432586e+00 1.982686e-04 9.999999e-01 -4.452389e-04 -6.446777e-01 -9.163442e-03 4.470395e-04 9.999578e-01 1.919358e+01
9.999541e-01 -1.980094e-04 9.576904e-03 4.461838e+00 1.999710e-04 1.000000e+00 -2.037464e-04 -6.485106e-01 -9.576941e-03 2.056547e-04 9.999540e-01 1.931702e+01
9.999735e-01 -9.752862e-05 7.279775e-03 4.490140e+00 1.003392e-04 9.999999e-01 -3.855501e-04 -6.523064e-01 -7.279813e-03 3.862728e-04 9.999733e-01 1.942961e+01
9.998927e-01 -4.122741e-04 1.464258e-02 4.518597e+00 4.173489e-04 9.999999e-01 -3.434432e-04 -6.553111e-01 -1.464251e-02 3.495199e-04 9.998926e-01 1.953181e+01
9.998598e-01 -4.695107e-04 1.673820e-02 4.546511e+00 4.809301e-04 9.999997e-01 -6.781516e-04 -6.570221e-01 -1.673794e-02 6.861088e-04 9.998596e-01 1.962724e+01
9.998640e-01 -4.964890e-04 1.648493e-02 4.575342e+00 5.031710e-04 9.999998e-01 -4.011315e-04 -6.587192e-01 -1.648480e-02 4.093740e-04 9.998639e-01 1.972971e+01
9.999337e-01 -2.452435e-04 1.151248e-02 4.604887e+00 2.514349e-04 9.999998e-01 -5.362689e-04 -6.611509e-01 -1.151241e-02 5.391303e-04 9.999335e-01 1.983956e+01
9.998914e-01 -4.113262e-04 1.473253e-02 4.634714e+00 4.164994e-04 9.999999e-01 -3.480152e-04 -6.637388e-01 -1.473245e-02 3.541158e-04 9.998913e-01 1.994790e+01
9.998260e-01 -5.640171e-04 1.864274e-02 4.664078e+00 5.778170e-04 9.999996e-01 -7.348061e-04 -6.653719e-01 -1.864238e-02 7.454526e-04 9.998259e-01 2.005031e+01
9.998901e-01 -4.091991e-04 1.482149e-02 4.693762e+00 4.144594e-04 9.999999e-01 -3.517911e-04 -6.670027e-01 -1.482140e-02 3.578975e-04 9.998900e-01 2.015214e+01
9.998085e-01 -5.873542e-04 1.956042e-02 4.724268e+00 6.025052e-04 9.999995e-01 -7.686527e-04 -6.685180e-01 -1.956002e-02 7.802929e-04 9.998083e-01 2.025560e+01
9.998751e-01 -4.523794e-04 1.579815e-02 4.754825e+00 4.583687e-04 9.999998e-01 -3.754533e-04 -6.698844e-01 -1.579804e-02 3.826498e-04 9.998750e-01 2.035787e+01
9.998440e-01 -4.955397e-04 1.765365e-02 4.784454e+00 5.083468e-04 9.999996e-01 -7.209463e-04 -6.714275e-01 -1.765333e-02 7.298100e-04 9.998438e-01 2.045890e+01
9.998679e-01 -5.061737e-04 1.624660e-02 4.815358e+00 5.122266e-04 9.999998e-01 -3.683727e-04 -6.730416e-01 -1.624646e-02 3.766479e-04 9.998679e-01 2.056241e+01
9.998260e-01 -5.268044e-04 1.864776e-02 4.844858e+00 5.410047e-04 9.999996e-01 -7.564361e-04 -6.744058e-01 -1.864740e-02 7.663949e-04 9.998257e-01 2.066101e+01
9.998865e-01 -4.693557e-04 1.505515e-02 4.875096e+00 4.743110e-04 9.999998e-01 -3.255468e-04 -6.759727e-01 -1.505504e-02 3.326524e-04 9.998865e-01 2.076026e+01
9.998803e-01 -4.160044e-04 1.546496e-02 4.907101e+00 4.263821e-04 9.999997e-01 -6.677286e-04 -6.780373e-01 -1.546472e-02 6.742444e-04 9.998801e-01 2.086602e+01
9.999084e-01 -4.074433e-04 1.352637e-02 4.939499e+00 4.113312e-04 9.999999e-01 -2.846224e-04 -6.804450e-01 -1.352630e-02 2.901618e-04 9.999084e-01 2.097955e+01
9.999186e-01 -3.048499e-04 1.275643e-02 4.972138e+00 3.124421e-04 9.999998e-01 -5.931530e-04 -6.832073e-01 -1.275628e-02 5.970919e-04 9.999184e-01 2.109590e+01
9.999261e-01 -3.359418e-04 1.215140e-02 5.003855e+00 3.390604e-04 9.999999e-01 -2.545585e-04 -6.861737e-01 -1.215135e-02 2.586612e-04 9.999260e-01 2.121586e+01
9.997834e-01 -6.107932e-04 2.080278e-02 5.037060e+00 6.285671e-04 9.999994e-01 -8.478581e-04 -6.880901e-01 -2.080229e-02 8.607519e-04 9.997831e-01 2.133204e+01
9.999904e-01 -5.657779e-05 4.387763e-03 5.072501e+00 5.664333e-05 1.000000e+00 -1.476197e-05 -6.913294e-01 -4.387791e-03 1.501171e-05 9.999903e-01 2.146569e+01
9.998368e-01 -4.116943e-04 1.805923e-02 5.104349e+00 4.262092e-04 9.999996e-01 -7.998856e-04 -6.946032e-01 -1.805892e-02 8.074534e-04 9.998365e-01 2.159086e+01
9.999057e-01 -5.006668e-04 1.371999e-02 5.140069e+00 5.043878e-04 9.999998e-01 -2.677374e-04 -6.968692e-01 -1.371988e-02 2.746335e-04 9.999057e-01 2.171544e+01
9.997985e-01 -4.545597e-04 2.006740e-02 5.172609e+00 4.719312e-04 9.999995e-01 -8.609217e-04 -6.985556e-01 -2.006702e-02 8.702198e-04 9.997982e-01 2.182612e+01
9.998119e-01 -6.980518e-04 1.937984e-02 5.203424e+00 7.066371e-04 9.999997e-01 -4.361485e-04 -6.994355e-01 -1.937954e-02 4.497619e-04 9.998120e-01 2.193020e+01
9.998929e-01 -3.319755e-04 1.463056e-02 5.242529e+00 3.421777e-04 9.999997e-01 -6.948214e-04 -7.015067e-01 -1.463034e-02 6.997541e-04 9.998926e-01 2.205602e+01
9.997885e-01 -6.476460e-04 2.055806e-02 5.279509e+00 6.580548e-04 9.999997e-01 -4.995500e-04 -7.030459e-01 -2.055774e-02 5.129734e-04 9.997884e-01 2.217174e+01
9.998538e-01 -4.713435e-04 1.709099e-02 5.318327e+00 4.844027e-04 9.999996e-01 -7.599650e-04 -7.045001e-01 -1.709063e-02 7.681334e-04 9.998535e-01 2.229135e+01
9.998059e-01 -6.064112e-04 1.969177e-02 5.356243e+00 6.157024e-04 9.999997e-01 -4.657712e-04 -7.059691e-01 -1.969149e-02 4.778056e-04 9.998059e-01 2.240779e+01
9.998223e-01 -5.386310e-04 1.884131e-02 5.390601e+00 5.539719e-04 9.999995e-01 -8.090030e-04 -7.071662e-01 -1.884087e-02 8.192972e-04 9.998221e-01 2.252008e+01
9.997336e-01 -7.122841e-04 2.307012e-02 5.425910e+00 7.257829e-04 9.999996e-01 -5.767530e-04 -7.079213e-01 -2.306969e-02 5.933434e-04 9.997336e-01 2.263128e+01
9.996786e-01 -7.482160e-04 2.534210e-02 5.458695e+00 7.742535e-04 9.999992e-01 -1.017644e-03 -7.077856e-01 -2.534130e-02 1.036938e-03 9.996782e-01 2.273880e+01
9.998129e-01 -6.366196e-04 1.933125e-02 5.496348e+00 6.453873e-04 9.999997e-01 -4.473143e-04 -7.084161e-01 -1.933094e-02 4.597067e-04 9.998129e-01 2.285672e+01
9.998259e-01 -5.026907e-04 1.865363e-02 5.536253e+00 5.178864e-04 9.999995e-01 -8.098018e-04 -7.097916e-01 -1.865320e-02 8.193211e-04 9.998256e-01 2.297351e+01
9.998983e-01 -3.955475e-04 1.425532e-02 5.577619e+00 4.000567e-04 9.999999e-01 -3.134689e-04 -7.116775e-01 -1.425517e-02 3.191396e-04 9.998982e-01 2.309063e+01
9.997835e-01 -6.406984e-04 2.079964e-02 5.615680e+00 6.583698e-04 9.999994e-01 -8.427594e-04 -7.133717e-01 -2.079907e-02 8.562703e-04 9.997832e-01 2.320595e+01
9.999277e-01 -3.070732e-04 1.202051e-02 5.655266e+00 3.099937e-04 9.999999e-01 -2.410946e-04 -7.152381e-01 -1.202041e-02 2.448029e-04 9.999276e-01 2.331774e+01
9.997156e-01 -7.449607e-04 2.383675e-02 5.693970e+00 7.674126e-04 9.999993e-01 -9.327627e-04 -7.166490e-01 -2.383600e-02 9.507893e-04 9.997153e-01 2.342512e+01
9.998517e-01 -4.807528e-04 1.721363e-02 5.731273e+00 4.878261e-04 9.999998e-01 -4.067036e-04 -7.174172e-01 -1.721339e-02 4.150396e-04 9.998517e-01 2.353098e+01
9.998044e-01 -6.649220e-04 1.976608e-02 5.782526e+00 6.807859e-04 9.999995e-01 -7.958534e-04 -7.189792e-01 -1.976550e-02 8.091532e-04 9.998042e-01 2.364818e+01
9.999534e-01 -1.957790e-04 9.652311e-03 5.844941e+00 1.978792e-04 1.000000e+00 -2.166098e-04 -7.218016e-01 -9.652226e-03 2.185085e-04 9.999533e-01 2.378893e+01
9.997092e-01 -7.843571e-04 2.409964e-02 5.894304e+00 8.065915e-04 9.999993e-01 -9.128846e-04 -7.236830e-01 -2.409886e-02 9.320565e-04 9.997091e-01 2.390694e+01
9.999918e-01 -2.125091e-05 4.040565e-03 5.946780e+00 2.130941e-05 1.000000e+00 -1.434724e-05 -7.262719e-01 -4.040517e-03 1.443187e-05 9.999917e-01 2.401916e+01
9.998850e-01 -4.295870e-04 1.515952e-02 6.012742e+00 4.395554e-04 9.999997e-01 -6.542209e-04 -7.299982e-01 -1.515918e-02 6.608077e-04 9.998848e-01 2.413349e+01
9.999680e-01 -8.863041e-05 7.992905e-03 6.063436e+00 8.982286e-05 1.000000e+00 -1.487771e-04 -7.329230e-01 -7.992841e-03 1.494888e-04 9.999680e-01 2.423780e+01
9.997947e-01 -7.175360e-04 2.025162e-02 6.111390e+00 7.333144e-04 9.999994e-01 -7.716813e-04 -7.354320e-01 -2.025101e-02 7.863720e-04 9.997945e-01 2.435123e+01
9.999928e-01 4.329537e-05 3.784879e-03 6.169441e+00 -4.318910e-05 1.000000e+00 -2.801991e-05 -7.385573e-01 -3.784825e-03 2.785456e-05 9.999927e-01 2.447168e+01
9.996697e-01 -8.604489e-04 2.568470e-02 6.220694e+00 8.848299e-04 9.999992e-01 -9.378709e-04 -7.406659e-01 -2.568382e-02 9.602859e-04 9.996696e-01 2.457727e+01
9.999890e-01 -2.472422e-05 4.698570e-03 6.265348e+00 2.501835e-05 1.000000e+00 -6.240324e-05 -7.430081e-01 -4.698508e-03 6.251819e-05 9.999889e-01 2.469662e+01
9.997895e-01 -6.609032e-04 2.050828e-02 6.315113e+00 6.773973e-04 9.999995e-01 -7.972981e-04 -7.462073e-01 -2.050768e-02 8.110204e-04 9.997893e-01 2.483051e+01
9.999689e-01 -1.141002e-04 7.879830e-03 6.360756e+00 1.153714e-04 1.000000e+00 -1.607706e-04 -7.486968e-01 -7.879747e-03 1.616726e-04 9.999689e-01 2.495057e+01
9.998685e-01 -5.337585e-04 1.620901e-02 6.403215e+00 5.442260e-04 9.999996e-01 -6.413299e-04 -7.519213e-01 -1.620860e-02 6.500647e-04 9.998683e-01 2.507489e+01
9.999983e-01 3.057052e-04 -1.832439e-03 6.444875e+00 -3.054918e-04 9.999999e-01 1.162959e-04 -7.564023e-01 1.832542e-03 -1.157381e-04 9.999982e-01 2.520734e+01
9.999824e-01 -2.108313e-04 5.931267e-03 6.506088e+00 2.126231e-04 9.999999e-01 -3.013103e-04 -7.620293e-01 -5.931135e-03 3.025639e-04 9.999823e-01 2.532736e+01
9.999721e-01 7.064743e-05 7.464138e-03 6.556753e+00 -6.911414e-05 1.000000e+00 -2.055565e-04 -7.663619e-01 -7.464084e-03 2.050326e-04 9.999720e-01 2.544548e+01
9.999860e-01 -3.281947e-04 5.286194e-03 6.626434e+00 3.293371e-04 9.999999e-01 -2.150656e-04 -7.708998e-01 -5.286053e-03 2.168012e-04 9.999859e-01 2.555606e+01
9.999860e-01 1.853971e-04 5.289049e-03 6.686130e+00 -1.845113e-04 1.000000e+00 -1.677706e-04 -7.756840e-01 -5.289010e-03 1.667900e-04 9.999859e-01 2.567887e+01
9.999947e-01 -2.223702e-04 3.241087e-03 6.732513e+00 2.229084e-04 1.000000e+00 -1.653954e-04 -7.809105e-01 -3.240979e-03 1.661146e-04 9.999946e-01 2.582276e+01
9.999950e-01 2.474001e-04 3.145332e-03 6.769567e+00 -2.471645e-04 1.000000e+00 -7.496190e-05 -7.859826e-01 -3.145279e-03 7.418173e-05 9.999950e-01 2.594729e+01
9.999907e-01 -2.453282e-04 4.302673e-03 6.801254e+00 2.461845e-04 1.000000e+00 -1.982671e-04 -7.908081e-01 -4.302552e-03 1.993221e-04 9.999906e-01 2.606580e+01
9.999904e-01 3.867702e-04 -4.370748e-03 6.890281e+00 -3.856877e-04 9.999999e-01 2.482515e-04 -7.958075e-01 4.370916e-03 -2.465658e-04 9.999903e-01 2.610388e+01
9.999956e-01 -2.095103e-04 2.941064e-03 7.044922e+00 2.098826e-04 1.000000e+00 -1.259223e-04 -7.988797e-01 -2.940966e-03 1.265366e-04 9.999956e-01 2.601283e+01
9.999896e-01 4.094457e-04 -4.536124e-03 7.200990e+00 -4.083364e-04 9.999999e-01 2.452477e-04 -8.013774e-01 4.536296e-03 -2.433953e-04 9.999896e-01 2.588831e+01
9.999969e-01 -2.127592e-04 2.483043e-03 7.335811e+00 2.130125e-04 1.000000e+00 -1.013436e-04 -8.044895e-01 -2.482950e-03 1.018698e-04 9.999968e-01 2.580123e+01
9.999848e-01 3.753824e-04 -5.505592e-03 7.496906e+00 -3.737867e-04 9.999999e-01 2.906786e-04 -8.066313e-01 5.505772e-03 -2.886186e-04 9.999847e-01 2.566099e+01
9.999979e-01 -7.069133e-05 2.031036e-03 7.651300e+00 7.067500e-05 1.000000e+00 8.592681e-06 -8.097343e-01 -2.030966e-03 -8.451418e-06 9.999979e-01 2.557142e+01
9.999434e-01 5.269303e-04 -1.062934e-02 7.801269e+00 -5.209333e-04 9.999997e-01 5.668630e-04 -8.134737e-01 1.062970e-02 -5.612959e-04 9.999433e-01 2.554137e+01
9.999999e-01 -1.555459e-05 2.928578e-04 7.968549e+00 1.550897e-05 1.000000e+00 1.588580e-04 -8.166354e-01 -2.927904e-04 -1.588556e-04 9.999999e-01 2.548090e+01
9.999776e-01 3.553420e-04 -6.684876e-03 8.077714e+00 -3.536726e-04 9.999999e-01 2.507801e-04 -8.215783e-01 6.685034e-03 -2.484124e-04 9.999775e-01 2.551419e+01
9.999996e-01 -1.107933e-04 9.236742e-04 8.142767e+00 1.107566e-04 1.000000e+00 4.064958e-05 -8.270137e-01 -9.236096e-04 -4.054934e-05 9.999995e-01 2.558613e+01
9.999575e-01 4.242304e-04 -9.204726e-03 8.171409e+00 -4.217735e-04 9.999999e-01 2.687618e-04 -8.322770e-01 9.204907e-03 -2.648701e-04 9.999575e-01 2.566845e+01
9.999750e-01 -2.740600e-04 7.060790e-03 8.242976e+00 2.749675e-04 1.000000e+00 -1.274366e-04 -8.382406e-01 -7.060686e-03 1.293729e-04 9.999750e-01 2.576788e+01
9.999597e-01 4.253546e-04 -8.965996e-03 8.419820e+00 -4.222538e-04 9.999999e-01 3.476327e-04 -8.415656e-01 8.966211e-03 -3.438348e-04 9.999597e-01 2.568961e+01
9.999930e-01 -1.293114e-04 3.739583e-03 8.716344e+00 1.285292e-04 1.000000e+00 2.096230e-04 -8.399680e-01 -3.739542e-03 -2.091428e-04 9.999929e-01 2.532299e+01
9.999520e-01 4.447824e-04 -9.784566e-03 9.024042e+00 -4.407335e-04 9.999998e-01 4.158795e-04 -8.380039e-01 9.784817e-03 -4.115490e-04 9.999520e-01 2.493994e+01
9.999873e-01 -1.771409e-04 5.043399e-03 9.326826e+00 1.765235e-04 1.000000e+00 1.230031e-04 -8.365534e-01 -5.043354e-03 -1.221131e-04 9.999872e-01 2.458121e+01
9.999131e-01 7.270654e-04 -1.315922e-02 9.599909e+00 -7.185023e-04 9.999995e-01 6.553887e-04 -8.366204e-01 1.315975e-02 -6.458786e-04 9.999131e-01 2.431080e+01
9.999784e-01 -5.299344e-04 6.549760e-03 9.903847e+00 5.297590e-04 9.999999e-01 2.860390e-05 -8.352375e-01 -6.549709e-03 -2.513520e-05 9.999785e-01 2.396270e+01
9.999360e-01 8.546809e-04 -1.127879e-02 1.022174e+01 -8.493987e-04 9.999995e-01 4.730594e-04 -8.325958e-01 1.127926e-02 -4.634505e-04 9.999362e-01 2.353103e+01
9.999861e-01 -4.062346e-04 5.261027e-03 1.047280e+01 4.055566e-04 9.999999e-01 1.300632e-04 -8.329338e-01 -5.261015e-03 -1.279293e-04 9.999861e-01 2.327787e+01
9.999274e-01 6.891376e-04 -1.203307e-02 1.072544e+01 -6.824892e-04 9.999996e-01 5.565515e-04 -8.339304e-01 1.203352e-02 -5.483001e-04 9.999274e-01 2.307034e+01
9.999860e-01 -2.229585e-04 5.291815e-03 1.097968e+01 2.220491e-04 1.000000e+00 1.725548e-04 -8.353217e-01 -5.291789e-03 -1.713788e-04 9.999859e-01 2.287743e+01
