9.999995e-01 -9.478262e-04 2.862073e-04 -3.551809e-02 9.476662e-04 9.999994e-01 5.584586e-04 -2.300591e-02 -2.867363e-04 -5.581866e-04 9.999997e-01 9.083313e-01
9.999998e-01 4.414466e-05 6.918016e-04 -6.889052e-02 -4.411518e-05 1.000000e+00 -4.259840e-05 -4.636492e-02 -6.918033e-04 4.256846e-05 9.999997e-01 1.841362e+00
9.999995e-01 -9.261900e-04 3.784240e-04 -1.008998e-01 9.259876e-04 9.999994e-01 5.349039e-04 -6.962041e-02 -3.789189e-04 -5.345525e-04 9.999997e-01 2.763194e+00
9.999987e-01 7.505586e-05 1.632818e-03 -1.223869e-01 -7.479350e-05 1.000000e+00 -1.607281e-04 -9.226063e-02 -1.632830e-03 1.606065e-04 9.999986e-01 3.627440e+00
9.999973e-01 -1.023121e-03 2.106969e-03 -1.314532e-01 1.022228e-03 9.999994e-01 4.245124e-04 -1.145414e-01 -2.107401e-03 -4.223567e-04 9.999976e-01 4.465466e+00
1.000000e+00 1.486597e-04 1.599181e-04 -1.538826e-01 -1.486541e-04 1.000000e+00 -3.440991e-05 -1.377169e-01 -1.599222e-04 3.438687e-05 9.999999e-01 5.377336e+00
9.999987e-01 -1.017807e-03 1.232053e-03 -1.810815e-01 1.017237e-03 9.999994e-01 4.635871e-04 -1.606231e-01 -1.232523e-03 -4.623325e-04 9.999990e-01 6.265078e+00
9.999994e-01 1.437888e-04 1.044252e-03 -2.016715e-01 -1.436925e-04 1.000000e+00 -9.229237e-05 -1.834447e-01 -1.044264e-03 9.214309e-05 9.999994e-01 7.143810e+00
9.999971e-01 -1.005233e-03 2.185525e-03 -2.119164e-01 1.004455e-03 9.999994e-01 3.569760e-04 -2.055506e-01 -2.185881e-03 -3.547789e-04 9.999974e-01 7.964132e+00
9.999997e-01 1.530968e-04 7.667193e-04 -2.222523e-01 -1.530180e-04 1.000000e+00 -1.027629e-04 -2.272162e-01 -7.667329e-04 1.026464e-04 9.999996e-01 8.745014e+00
9.999920e-01 -1.171487e-03 3.833937e-03 -2.258214e-01 1.170248e-03 9.999993e-01 3.252540e-04 -2.489436e-01 -3.834312e-03 -3.207638e-04 9.999925e-01 9.541430e+00
9.999981e-01 2.614792e-04 -1.917268e-03 -2.560191e-01 -2.612151e-04 1.000000e+00 1.380041e-04 -2.728709e-01 1.917307e-03 -1.375021e-04 9.999981e-01 1.051710e+01
9.999905e-01 -1.095365e-03 4.211062e-03 -2.794610e-01 1.094233e-03 9.999994e-01 2.711346e-04 -2.961075e-01 -4.211353e-03 -2.665232e-04 9.999910e-01 1.142975e+01
9.999997e-01 1.464667e-04 8.178109e-04 -2.788736e-01 -1.463848e-04 1.000000e+00 -1.001061e-04 -3.177574e-01 -8.178221e-04 9.998733e-05 9.999996e-01 1.221172e+01
9.999875e-01 -1.186945e-03 4.850906e-03 -2.735449e-01 1.185836e-03 9.999993e-01 2.315715e-04 -3.392033e-01 -4.851173e-03 -2.258152e-04 9.999881e-01 1.297855e+01
9.999986e-01 2.462046e-04 -1.659887e-03 -2.835852e-01 -2.461568e-04 1.000000e+00 2.896008e-05 -3.609541e-01 1.659899e-03 -2.855042e-05 9.999985e-01 1.377124e+01
9.999899e-01 -1.077665e-03 4.364507e-03 -2.984701e-01 1.076456e-03 9.999994e-01 2.792839e-04 -3.830095e-01 -4.364800e-03 -2.745818e-04 9.999903e-01 1.458338e+01
1.000000e+00 1.374470e-04 1.735844e-04 -2.982240e-01 -1.374290e-04 1.000000e+00 -1.039159e-04 -4.041506e-01 -1.735936e-04 1.038931e-04 9.999999e-01 1.532080e+01
9.999974e-01 -1.003973e-03 2.063126e-03 -3.135303e-01 1.003155e-03 9.999994e-01 3.971862e-04 -4.261422e-01 -2.063518e-03 -3.951144e-04 9.999977e-01 1.612786e+01
9.999998e-01 2.043558e-04 6.504144e-04 -3.240151e-01 -2.042670e-04 1.000000e+00 -1.366225e-04 -4.473133e-01 -6.504368e-04 1.364908e-04 9.999997e-01 1.686463e+01
9.999928e-01 -1.194935e-03 3.611931e-03 -3.212129e-01 1.194029e-03 9.999993e-01 2.530346e-04 -4.679751e-01 -3.612225e-03 -2.487189e-04 9.999933e-01 1.755241e+01
9.999978e-01 3.977987e-04 -2.057338e-03 -3.446812e-01 -3.976579e-04 9.999999e-01 6.890056e-05 -4.902397e-01 2.057371e-03 -6.808114e-05 9.999978e-01 1.836629e+01
9.999964e-01 -1.143070e-03 2.434729e-03 -3.818756e-01 1.142164e-03 9.999993e-01 3.733201e-04 -5.130147e-01 -2.435148e-03 -3.705367e-04 9.999969e-01 1.922402e+01
9.999976e-01 4.049475e-04 -2.148490e-03 -4.159420e-01 -4.048752e-04 9.999999e-01 3.411574e-05 -5.352002e-01 2.148510e-03 -3.324455e-05 9.999976e-01 2.002966e+01
9.999954e-01 -1.171383e-03 2.810605e-03 -4.474215e-01 1.170396e-03 9.999993e-01 3.528279e-04 -5.573821e-01 -2.811010e-03 -3.495355e-04 9.999959e-01 2.083913e+01
9.999991e-01 4.452686e-04 -1.300413e-03 -4.653418e-01 -4.453750e-04 9.999999e-01 -8.150842e-05 -5.787554e-01 1.300383e-03 8.208881e-05 9.999991e-01 2.157527e+01
9.999950e-01 -1.205257e-03 2.938151e-03 -4.802213e-01 1.204368e-03 9.999992e-01 3.041517e-04 -5.996924e-01 -2.938509e-03 -3.006102e-04 9.999955e-01 2.227615e+01
9.999991e-01 4.994656e-04 -1.261220e-03 -4.950521e-01 -4.995332e-04 9.999999e-01 -5.330144e-05 -6.208408e-01 1.261200e-03 5.393275e-05 9.999991e-01 2.299484e+01
9.999950e-01 -1.249916e-03 2.907951e-03 -5.107011e-01 1.249128e-03 9.999992e-01 2.728463e-04 -6.418661e-01 -2.908282e-03 -2.692111e-04 9.999956e-01 2.370259e+01
9.999963e-01 5.133537e-04 -2.662175e-03 -5.386209e-01 -5.130482e-04 9.999999e-01 1.154532e-04 -6.633921e-01 2.662241e-03 -1.140856e-04 9.999963e-01 2.445509e+01
9.999934e-01 -1.222593e-03 3.427371e-03 -5.622309e-01 1.221912e-03 9.999992e-01 2.009619e-04 -6.846459e-01 -3.427607e-03 -1.967713e-04 9.999940e-01 2.518156e+01
9.999974e-01 4.785389e-04 -2.246385e-03 -5.812577e-01 -4.783561e-04 9.999999e-01 8.189806e-05 -7.057584e-01 2.246431e-03 -8.082183e-05 9.999974e-01 2.589782e+01
9.999947e-01 -1.232861e-03 3.000633e-03 -6.074805e-01 1.232047e-03 9.999992e-01 2.731709e-04 -7.274856e-01 -3.000960e-03 -2.694710e-04 9.999954e-01 2.666650e+01
9.999985e-01 5.346182e-04 -1.666875e-03 -6.273151e-01 -5.345601e-04 9.999999e-01 3.530000e-05 -7.490498e-01 1.666901e-03 -3.440739e-05 9.999985e-01 2.742228e+01
9.999953e-01 -1.359261e-03 2.754329e-03 -6.530868e-01 1.358373e-03 9.999990e-01 3.241192e-04 -7.711206e-01 -2.754760e-03 -3.203747e-04 9.999961e-01 2.822646e+01
9.999963e-01 4.996653e-04 -2.686369e-03 -7.007982e-01 -4.990878e-04 9.999999e-01 2.156648e-04 -7.948304e-01 2.686484e-03 -2.143216e-04 9.999963e-01 2.917080e+01
9.999950e-01 -1.361093e-03 2.871704e-03 -7.487553e-01 1.360115e-03 9.999990e-01 3.423330e-04 -8.188883e-01 -2.872160e-03 -3.384238e-04 9.999957e-01 3.014331e+01
9.999967e-01 5.971690e-04 -2.499247e-03 -7.896789e-01 -5.968206e-04 9.999998e-01 1.401746e-04 -8.421501e-01 2.499338e-03 -1.386809e-04 9.999968e-01 3.104281e+01
9.999892e-01 -1.371831e-03 4.450063e-03 -8.109928e-01 1.370971e-03 9.999990e-01 1.962498e-04 -8.648328e-01 -4.450320e-03 -1.901451e-04 9.999900e-01 3.189530e+01
9.999932e-01 5.018564e-04 -3.665348e-03 -8.539669e-01 -5.006404e-04 9.999998e-01 3.327024e-04 -8.889986e-01 3.665522e-03 -3.308633e-04 9.999931e-01 3.288243e+01
9.999919e-01 -1.348915e-03 3.786314e-03 -9.037956e-01 1.348162e-03 9.999991e-01 2.012928e-04 -9.130676e-01 -3.786574e-03 -1.961848e-04 9.999927e-01 3.384778e+01
9.999930e-01 5.346105e-04 -3.695778e-03 -9.548841e-01 -5.335584e-04 9.999998e-01 2.856578e-04 -9.369234e-01 3.695937e-03 -2.836820e-04 9.999930e-01 3.478810e+01
9.999924e-01 -1.453463e-03 3.612135e-03 -1.006651e+00 1.452368e-03 9.999989e-01 3.057809e-04 -9.613937e-01 -3.612568e-03 -3.005306e-04 9.999933e-01 3.579907e+01
9.998455e-01 3.763822e-04 -1.757451e-02 -1.019513e+00 -3.489964e-04 9.999987e-01 1.561311e-03 -9.865757e-01 1.757508e-02 -1.554934e-03 9.998442e-01 3.697701e+01
9.999794e-01 -1.823787e-03 6.155358e-03 -1.044281e+00 1.824356e-03 9.999983e-01 -8.686687e-05 -1.013854e+00 -6.155184e-03 9.809688e-05 9.999810e-01 3.821782e+01
9.999839e-01 1.066647e-03 -5.580550e-03 -1.085362e+00 -1.063364e-03 9.999993e-01 5.912929e-04 -1.037591e+00 5.581182e-03 -5.853470e-04 9.999842e-01 3.915811e+01
9.999807e-01 -1.833257e-03 5.931471e-03 -1.129697e+00 1.833920e-03 9.999983e-01 -1.062761e-04 -1.061175e+00 -5.931261e-03 1.171542e-04 9.999823e-01 4.008090e+01
9.999818e-01 1.117585e-03 -5.925991e-03 -1.169156e+00 -1.114252e-03 9.999992e-01 5.656416e-04 -1.083768e+00 5.926624e-03 -5.590258e-04 9.999822e-01 4.091926e+01
9.999807e-01 -1.806737e-03 5.949264e-03 -1.206751e+00 1.807556e-03 9.999984e-01 -1.323596e-04 -1.106081e+00 -5.949009e-03 1.431131e-04 9.999822e-01 4.173148e+01
9.999841e-01 1.089210e-03 -5.531189e-03 -1.239348e+00 -1.086213e-03 9.999993e-01 5.447753e-04 -1.128247e+00 5.531784e-03 -5.387562e-04 9.999845e-01 4.253761e+01
9.999768e-01 -1.862242e-03 6.555268e-03 -1.267940e+00 1.863266e-03 9.999983e-01 -1.500163e-04 -1.150696e+00 -6.554972e-03 1.622295e-04 9.999784e-01 4.337146e+01
9.999874e-01 1.145166e-03 -4.895954e-03 -1.287683e+00 -1.142869e-03 9.999992e-01 4.719512e-04 -1.172743e+00 4.896496e-03 -4.663473e-04 9.999878e-01 4.416668e+01
9.999784e-01 -1.900675e-03 6.290761e-03 -1.309155e+00 1.901721e-03 9.999982e-01 -1.602891e-04 -1.194606e+00 -6.290439e-03 1.722514e-04 9.999801e-01 4.494796e+01
9.999831e-01 1.122942e-03 -5.703449e-03 -1.343277e+00 -1.119570e-03 9.999992e-01 5.942950e-04 -1.217243e+00 5.704118e-03 -5.878969e-04 9.999835e-01 4.579707e+01
9.999939e-01 -2.205430e-03 2.708145e-03 -1.380278e+00 2.204491e-03 9.999975e-01 3.498058e-04 -1.242707e+00 -2.708905e-03 -3.438310e-04 9.999962e-01 4.691635e+01
9.996370e-01 1.589350e-03 -2.689642e-02 -1.358128e+00 -1.535342e-03 9.999968e-01 2.028555e-03 -1.268696e+00 2.689956e-02 -1.986521e-03 9.996361e-01 4.819686e+01
9.997899e-01 -2.752867e-03 2.031208e-02 -1.369446e+00 2.769888e-03 9.999958e-01 -8.098684e-04 -1.293918e+00 -2.030976e-02 8.659635e-04 9.997933e-01 4.925884e+01
9.998254e-01 1.929542e-03 -1.858546e-02 -1.398898e+00 -1.906088e-03 9.999974e-01 1.279562e-03 -1.317500e+00 1.858788e-02 -1.243910e-03 9.998264e-01 5.019375e+01
9.998090e-01 -2.774168e-03 1.934756e-02 -1.440924e+00 2.787990e-03 9.999959e-01 -6.874806e-04 -1.341776e+00 -1.934557e-02 7.412932e-04 9.998125e-01 5.119454e+01
9.998162e-01 1.824769e-03 -1.908609e-02 -1.496859e+00 -1.799145e-03 9.999975e-01 1.359631e-03 -1.366868e+00 1.908852e-02 -1.325040e-03 9.998168e-01 5.226050e+01
9.998128e-01 -2.825602e-03 1.913941e-02 -1.556477e+00 2.839177e-03 9.999957e-01 -6.821204e-04 -1.392251e+00 -1.913740e-02 7.363362e-04 9.998165e-01 5.335012e+01
9.998225e-01 2.069660e-03 -1.872922e-02 -1.599792e+00 -2.047000e-03 9.999971e-01 1.228983e-03 -1.415888e+00 1.873171e-02 -1.190423e-03 9.998237e-01 5.428153e+01
9.998098e-01 -2.894005e-03 1.928584e-02 -1.645817e+00 2.907125e-03 9.999956e-01 -6.523101e-04 -1.440155e+00 -1.928387e-02 7.082558e-04 9.998137e-01 5.527260e+01
9.998371e-01 2.078732e-03 -1.792975e-02 -1.683543e+00 -2.057133e-03 9.999971e-01 1.223051e-03 -1.464585e+00 1.793224e-02 -1.185964e-03 9.998384e-01 5.628117e+01
9.997809e-01 -2.921224e-03 2.072867e-02 -1.705073e+00 2.938736e-03 9.999954e-01 -8.144005e-04 -1.488518e+00 -2.072619e-02 8.751415e-04 9.997847e-01 5.724592e+01
9.998000e-01 2.079587e-03 -1.989091e-02 -1.757925e+00 -2.051696e-03 9.999969e-01 1.422487e-03 -1.513935e+00 1.989381e-02 -1.381388e-03 9.998010e-01 5.832510e+01
9.997797e-01 -2.981609e-03 2.077807e-02 -1.812614e+00 2.998518e-03 9.999952e-01 -7.826764e-04 -1.539846e+00 -2.077564e-02 8.448109e-04 9.997837e-01 5.945064e+01
9.997949e-01 2.078537e-03 -2.014739e-02 -1.867675e+00 -2.049743e-03 9.999968e-01 1.449692e-03 -1.565498e+00 2.015035e-02 -1.408094e-03 9.997959e-01 6.055638e+01
9.997798e-01 -2.970323e-03 2.077220e-02 -1.918127e+00 2.987755e-03 9.999952e-01 -8.082373e-04 -1.590588e+00 -2.076970e-02 8.701252e-04 9.997838e-01 6.162129e+01
9.998045e-01 2.097158e-03 -1.966146e-02 -1.960419e+00 -2.069142e-03 9.999968e-01 1.445205e-03 -1.615287e+00 1.966443e-02 -1.404236e-03 9.998056e-01 6.266268e+01
9.997751e-01 -2.999612e-03 2.099271e-02 -2.000799e+00 3.018178e-03 9.999951e-01 -8.528001e-04 -1.639865e+00 -2.099005e-02 9.159719e-04 9.997792e-01 6.369540e+01
9.997944e-01 2.177798e-03 -2.016193e-02 -2.044319e+00 -2.148654e-03 9.999966e-01 1.467039e-03 -1.664241e+00 2.016506e-02 -1.423413e-03 9.997956e-01 6.470348e+01
9.997843e-01 -3.088959e-03 2.053793e-02 -2.100780e+00 3.106933e-03 9.999948e-01 -8.432798e-04 -1.689387e+00 -2.053521e-02 9.069117e-04 9.997886e-01 6.576350e+01
9.997962e-01 2.096188e-03 -2.007994e-02 -2.165585e+00 -2.065615e-03 9.999967e-01 1.543185e-03 -1.715733e+00 2.008311e-02 -1.501389e-03 9.997971e-01 6.692583e+01
9.997834e-01 -3.249318e-03 2.055644e-02 -2.240101e+00 3.265559e-03 9.999944e-01 -7.565347e-04 -1.743428e+00 -2.055386e-02 8.235031e-04 9.997883e-01 6.821265e+01
9.997944e-01 2.077114e-03 -2.017014e-02 -2.318265e+00 -2.045548e-03 9.999967e-01 1.585492e-03 -1.771463e+00 2.017337e-02 -1.543903e-03 9.997952e-01 6.952535e+01
9.997852e-01 -3.136127e-03 2.048834e-02 -2.387422e+00 3.154452e-03 9.999947e-01 -8.621678e-04 -1.798281e+00 -2.048552e-02 9.266162e-04 9.997896e-01 7.072963e+01
9.997923e-01 2.168568e-03 -2.026285e-02 -2.451341e+00 -2.137536e-03 9.999965e-01 1.553047e-03 -1.824244e+00 2.026615e-02 -1.509408e-03 9.997934e-01 7.185590e+01
9.997797e-01 -3.124335e-03 2.075502e-02 -2.510217e+00 3.143417e-03 9.999947e-01 -8.868387e-04 -1.849999e+00 -2.075213e-02 9.518893e-04 9.997841e-01 7.297221e+01
9.997904e-01 2.132208e-03 -2.036298e-02 -2.573967e+00 -2.100187e-03 9.999965e-01 1.593742e-03 -1.876125e+00 2.036632e-02 -1.550638e-03 9.997913e-01 7.411991e+01
9.997858e-01 -3.013385e-03 2.047448e-02 -2.631472e+00 3.034106e-03 9.999949e-01 -9.810431e-04 -1.901210e+00 -2.047141e-02 1.042959e-03 9.997898e-01 7.516475e+01
9.997938e-01 2.216607e-03 -2.018386e-02 -2.679767e+00 -2.185895e-03 9.999964e-01 1.543545e-03 -1.925106e+00 2.018722e-02 -1.499102e-03 9.997950e-01 7.611745e+01
9.997865e-01 -3.107195e-03 2.042667e-02 -2.734972e+00 3.126661e-03 9.999947e-01 -9.211008e-04 -1.950128e+00 -2.042370e-02 9.847759e-04 9.997908e-01 7.716402e+01
9.997911e-01 2.223338e-03 -2.031906e-02 -2.793908e+00 -2.192471e-03 9.999964e-01 1.541268e-03 -1.975223e+00 2.032242e-02 -1.496393e-03 9.997923e-01 7.821039e+01
9.997904e-01 -3.140313e-03 2.023164e-02 -2.857081e+00 3.159962e-03 9.999946e-01 -9.393212e-04 -2.000456e+00 -2.022858e-02 1.003060e-03 9.997948e-01 7.926361e+01
9.997990e-01 2.209780e-03 -1.992773e-02 -2.918326e+00 -2.178774e-03 9.999964e-01 1.577499e-03 -2.026043e+00 1.993115e-02 -1.533759e-03 9.998001e-01 8.035378e+01
9.997925e-01 -3.172809e-03 2.012131e-02 -2.984066e+00 3.192275e-03 9.999945e-01 -9.354140e-04 -2.052039e+00 -2.011823e-02 9.994574e-04 9.997970e-01 8.147572e+01
9.997974e-01 2.310661e-03 -1.999748e-02 -3.042150e+00 -2.280358e-03 9.999962e-01 1.538028e-03 -2.077049e+00 2.000096e-02 -1.492110e-03 9.997987e-01 8.250824e+01
9.997904e-01 -3.226627e-03 2.021520e-02 -3.104200e+00 3.246269e-03 9.999943e-01 -9.388766e-04 -2.102523e+00 -2.021205e-02 1.004309e-03 9.997951e-01 8.358323e+01
9.997987e-01 2.331286e-03 -1.993000e-02 -3.165031e+00 -2.300467e-03 9.999961e-01 1.569171e-03 -2.128127e+00 1.993358e-02 -1.523002e-03 9.998000e-01 8.466875e+01
9.997840e-01 -3.192404e-03 2.053675e-02 -3.219836e+00 3.212938e-03 9.999944e-01 -9.669484e-04 -2.153511e+00 -2.053354e-02 1.032728e-03 9.997885e-01 8.574121e+01
9.997853e-01 2.274553e-03 -2.059718e-02 -3.283812e+00 -2.242031e-03 9.999962e-01 1.601916e-03 -2.178894e+00 2.060075e-02 -1.555387e-03 9.997865e-01 8.680679e+01
9.997855e-01 -3.225620e-03 2.045968e-02 -3.346470e+00 3.246544e-03 9.999942e-01 -9.895635e-04 -2.203902e+00 -2.045637e-02 1.055779e-03 9.997901e-01 8.785046e+01
9.997858e-01 2.334250e-03 -2.056288e-02 -3.402040e+00 -2.301066e-03 9.999960e-01 1.637324e-03 -2.228570e+00 2.056663e-02 -1.589652e-03 9.997871e-01 8.886657e+01
9.997838e-01 -3.175348e-03 2.054869e-02 -3.450282e+00 3.197589e-03 9.999943e-01 -1.049563e-03 -2.252355e+00 -2.054524e-02 1.115047e-03 9.997882e-01 8.981454e+01
9.997887e-01 2.330158e-03 -2.042225e-02 -3.499415e+00 -2.296417e-03 9.999960e-01 1.675477e-03 -2.276495e+00 2.042608e-02 -1.628220e-03 9.997899e-01 9.079484e+01
9.997739e-01 -3.158839e-03 2.102987e-02 -3.547138e+00 3.182010e-03 9.999944e-01 -1.068434e-03 -2.301256e+00 -2.102638e-02 1.135115e-03 9.997782e-01 9.182218e+01
9.997937e-01 2.430119e-03 -2.016563e-02 -3.587990e+00 -2.397532e-03 9.999958e-01 1.639995e-03 -2.325427e+00 2.016953e-02 -1.591304e-03 9.997952e-01 9.280117e+01
9.997776e-01 -3.246086e-03 2.083885e-02 -3.635511e+00 3.268448e-03 9.999941e-01 -1.039139e-03 -2.350146e+00 -2.083535e-02 1.107024e-03 9.997822e-01 9.382610e+01
9.997973e-01 2.471573e-03 -1.998203e-02 -3.679554e+00 -2.439124e-03 9.999957e-01 1.648094e-03 -2.374774e+00 1.998602e-02 -1.599016e-03 9.997989e-01 9.484597e+01
9.997796e-01 -3.285453e-03 2.073592e-02 -3.725523e+00 3.307813e-03 9.999940e-01 -1.044099e-03 -2.399409e+00 -2.073236e-02 1.112465e-03 9.997843e-01 9.586861e+01
9.998020e-01 2.490065e-03 -1.974393e-02 -3.768126e+00 -2.457787e-03 9.999956e-01 1.658934e-03 -2.424047e+00 1.974798e-02 -1.610073e-03 9.998036e-01 9.689375e+01
9.997821e-01 -3.377022e-03 2.060143e-02 -3.820446e+00 3.398557e-03 9.999937e-01 -1.010385e-03 -2.449596e+00 -2.059788e-02 1.080186e-03 9.997872e-01 9.799476e+01
9.998029e-01 2.425333e-03 -1.970274e-02 -3.880889e+00 -2.391804e-03 9.999957e-01 1.725155e-03 -2.476228e+00 1.970685e-02 -1.677684e-03 9.998043e-01 9.918478e+01
9.997811e-01 -3.375549e-03 2.064771e-02 -3.940603e+00 3.397596e-03 9.999937e-01 -1.032787e-03 -2.502911e+00 -2.064409e-02 1.102719e-03 9.997862e-01 1.003773e+02
9.997971e-01 2.498204e-03 -1.998782e-02 -3.996114e+00 -2.464599e-03 9.999955e-01 1.705777e-03 -2.528706e+00 1.999200e-02 -1.656164e-03 9.997987e-01 1.014906e+02
9.997855e-01 -3.376851e-03 2.043337e-02 -4.050368e+00 3.399704e-03 9.999936e-01 -1.083797e-03 -2.553785e+00 -2.042958e-02 1.153038e-03 9.997905e-01 1.025460e+02
9.997968e-01 2.596868e-03 -1.999044e-02 -4.097456e+00 -2.563861e-03 9.999953e-01 1.676574e-03 -2.578102e+00 1.999470e-02 -1.624975e-03 9.997987e-01 1.035312e+02
9.997810e-01 -3.371664e-03 2.065238e-02 -4.143092e+00 3.395373e-03 9.999936e-01 -1.113081e-03 -2.602436e+00 -2.064849e-02 1.182965e-03 9.997860e-01 1.045203e+02
9.997969e-01 2.557269e-03 -1.999177e-02 -4.193612e+00 -2.523034e-03 9.999953e-01 1.737485e-03 -2.627511e+00 1.999613e-02 -1.686687e-03 9.997985e-01 1.055711e+02
9.997835e-01 -3.347895e-03 2.053789e-02 -4.242056e+00 3.372465e-03 9.999936e-01 -1.161820e-03 -2.652040e+00 -2.053386e-02 1.230838e-03 9.997883e-01 1.065746e+02
9.997932e-01 2.563117e-03 -2.017529e-02 -4.291285e+00 -2.528434e-03 9.999953e-01 1.744418e-03 -2.676277e+00 2.017967e-02 -1.693039e-03 9.997948e-01 1.075535e+02
9.997838e-01 -3.309376e-03 2.052710e-02 -4.337106e+00 3.334809e-03 9.999937e-01 -1.204881e-03 -2.700182e+00 -2.052298e-02 1.273081e-03 9.997885e-01 1.084986e+02
9.997957e-01 2.493264e-03 -2.005734e-02 -4.388564e+00 -2.457723e-03 9.999954e-01 1.796476e-03 -2.724737e+00 2.006173e-02 -1.746808e-03 9.997971e-01 1.095065e+02
9.997863e-01 -3.383772e-03 2.039399e-02 -4.445037e+00 3.408214e-03 9.999935e-01 -1.163870e-03 -2.749989e+00 -2.038992e-02 1.233135e-03 9.997912e-01 1.105727e+02
9.997969e-01 2.576391e-03 -1.998573e-02 -4.494942e+00 -2.541520e-03 9.999952e-01 1.770011e-03 -2.774461e+00 1.999020e-02 -1.718851e-03 9.997986e-01 1.115747e+02
9.997879e-01 -3.422420e-03 2.031064e-02 -4.546295e+00 3.446970e-03 9.999934e-01 -1.173838e-03 -2.798941e+00 -2.030649e-02 1.243605e-03 9.997929e-01 1.125791e+02
9.997970e-01 2.501295e-03 -1.999021e-02 -4.605978e+00 -2.464973e-03 9.999953e-01 1.841437e-03 -2.824469e+00 1.999473e-02 -1.791781e-03 9.997984e-01 1.136721e+02
9.997910e-01 -3.432803e-03 2.015311e-02 -4.664197e+00 3.457555e-03 9.999933e-01 -1.193478e-03 -2.849627e+00 -2.014887e-02 1.262916e-03 9.997961e-01 1.147364e+02
9.997980e-01 2.391904e-03 -1.995765e-02 -4.732186e+00 -2.353872e-03 9.999954e-01 1.928928e-03 -2.876057e+00 1.996218e-02 -1.881554e-03 9.997989e-01 1.159103e+02
9.997903e-01 -3.407802e-03 2.019040e-02 -4.797888e+00 3.433245e-03 9.999934e-01 -1.225620e-03 -2.902340e+00 -2.018608e-02 1.294688e-03 9.997953e-01 1.170689e+02
9.997947e-01 2.412037e-03 -2.011895e-02 -4.864774e+00 -2.373641e-03 9.999953e-01 1.932123e-03 -2.928414e+00 2.012352e-02 -1.883964e-03 9.997956e-01 1.182065e+02
9.997933e-01 -3.408394e-03 2.004263e-02 -4.931428e+00 3.434581e-03 9.999933e-01 -1.272299e-03 -2.954164e+00 -2.003816e-02 1.340881e-03 9.997982e-01 1.193120e+02
9.997963e-01 2.392241e-03 -2.004207e-02 -5.002207e+00 -2.353293e-03 9.999953e-01 1.966681e-03 -2.980467e+00 2.004668e-02 -1.919109e-03 9.997971e-01 1.204635e+02
9.997946e-01 -3.421187e-03 1.997414e-02 -5.072122e+00 3.447543e-03 9.999932e-01 -1.285204e-03 -3.006692e+00 -1.996960e-02 1.353808e-03 9.997996e-01 1.216086e+02
9.998026e-01 2.384761e-03 -1.972592e-02 -5.144012e+00 -2.345565e-03 9.999952e-01 2.009938e-03 -3.033584e+00 1.973062e-02 -1.963266e-03 9.998033e-01 1.228121e+02
9.997956e-01 -3.480314e-03 1.991514e-02 -5.221959e+00 3.506687e-03 9.999930e-01 -1.289477e-03 -3.060996e+00 -1.991051e-02 1.359057e-03 9.998007e-01 1.240557e+02
9.997989e-01 2.410649e-03 -1.991071e-02 -5.299899e+00 -2.370896e-03 9.999951e-01 2.019969e-03 -3.088175e+00 1.991549e-02 -1.972350e-03 9.997996e-01 1.252762e+02
9.997922e-01 -3.535536e-03 2.007535e-02 -5.380129e+00 3.562138e-03 9.999928e-01 -1.289519e-03 -3.115805e+00 -2.007064e-02 1.360769e-03 9.997975e-01 1.265391e+02
9.997971e-01 2.478257e-03 -1.998991e-02 -5.454507e+00 -2.438044e-03 9.999950e-01 2.035800e-03 -3.142813e+00 1.999487e-02 -1.986643e-03 9.997980e-01 1.277520e+02
9.997953e-01 -3.424563e-03 1.994059e-02 -5.520621e+00 3.453248e-03 9.999931e-01 -1.404283e-03 -3.168537e+00 -1.993564e-02 1.472862e-03 9.998001e-01 1.288460e+02
9.997944e-01 2.582346e-03 -2.011036e-02 -5.580420e+00 -2.543075e-03 9.999948e-01 1.978126e-03 -3.193167e+00 2.011537e-02 -1.926570e-03 9.997957e-01 1.298408e+02
9.997945e-01 -3.425815e-03 1.998056e-02 -5.639380e+00 3.455097e-03 9.999930e-01 -1.431211e-03 -3.217747e+00 -1.997551e-02 1.499959e-03 9.997992e-01 1.308336e+02
9.997934e-01 2.584955e-03 -2.016230e-02 -5.698785e+00 -2.544957e-03 9.999947e-01 2.009193e-03 -3.242320e+00 2.016739e-02 -1.957459e-03 9.997946e-01 1.318258e+02
9.997954e-01 -3.454166e-03 1.993144e-02 -5.758619e+00 3.483737e-03 9.999929e-01 -1.449096e-03 -3.266777e+00 -1.992629e-02 1.518243e-03 9.998002e-01 1.328118e+02
9.997966e-01 2.602877e-03 -1.999924e-02 -5.816475e+00 -2.562578e-03 9.999946e-01 2.040374e-03 -3.291347e+00 2.000445e-02 -1.988702e-03 9.997978e-01 1.338110e+02
9.997970e-01 -3.504501e-03 1.984053e-02 -5.877563e+00 3.533890e-03 9.999927e-01 -1.446415e-03 -3.316130e+00 -1.983531e-02 1.516243e-03 9.998020e-01 1.348297e+02
9.997953e-01 2.567949e-03 -2.006990e-02 -5.942054e+00 -2.526702e-03 9.999946e-01 2.080234e-03 -3.341197e+00 2.007515e-02 -2.029090e-03 9.997963e-01 1.358736e+02
9.997888e-01 -3.634025e-03 2.022809e-02 -6.013772e+00 3.662662e-03 9.999923e-01 -1.378829e-03 -3.367775e+00 -2.022291e-02 1.452634e-03 9.997943e-01 1.370546e+02
9.998000e-01 2.412532e-03 -1.985275e-02 -6.099485e+00 -2.368822e-03 9.999947e-01 2.224947e-03 -3.396475e+00 1.985802e-02 -2.177467e-03 9.998003e-01 1.384218e+02
9.997940e-01 -3.753116e-03 1.994831e-02 -6.195441e+00 3.780617e-03 9.999920e-01 -1.341075e-03 -3.426157e+00 -1.994311e-02 1.416224e-03 9.998000e-01 1.398677e+02
9.998064e-01 2.478917e-03 -1.952039e-02 -6.285267e+00 -2.435688e-03 9.999945e-01 2.238030e-03 -3.455704e+00 1.952584e-02 -2.190044e-03 9.998069e-01 1.413034e+02
9.997967e-01 -3.691426e-03 1.982066e-02 -6.369102e+00 3.720033e-03 9.999921e-01 -1.406624e-03 -3.484336e+00 -1.981531e-02 1.480079e-03 9.998025e-01 1.426626e+02
9.998078e-01 2.558096e-03 -1.943801e-02 -6.447534e+00 -2.515512e-03 9.999944e-01 2.214889e-03 -3.512318e+00 1.944357e-02 -2.165559e-03 9.998085e-01 1.439635e+02
9.997994e-01 -3.671238e-03 1.969152e-02 -6.523224e+00 3.700591e-03 9.999921e-01 -1.454380e-03 -3.539759e+00 -1.968602e-02 1.526967e-03 9.998049e-01 1.452197e+02
9.998114e-01 2.516908e-03 -1.925799e-02 -6.598765e+00 -2.473453e-03 9.999943e-01 2.279951e-03 -3.567463e+00 1.926363e-02 -2.231879e-03 9.998118e-01 1.465113e+02
9.997992e-01 -3.691650e-03 1.969610e-02 -6.674469e+00 3.721090e-03 9.999920e-01 -1.458285e-03 -3.595363e+00 -1.969055e-02 1.531292e-03 9.998048e-01 1.478185e+02
9.998071e-01 2.612191e-03 -1.946460e-02 -6.743990e+00 -2.569002e-03 9.999942e-01 2.243560e-03 -3.622152e+00 1.947035e-02 -2.193115e-03 9.998079e-01 1.490287e+02
9.997960e-01 -3.713430e-03 1.985358e-02 -6.812242e+00 3.743338e-03 9.999919e-01 -1.469486e-03 -3.649036e+00 -1.984795e-02 1.543513e-03 9.998017e-01 1.502520e+02
9.998181e-01 2.729060e-03 -1.887458e-02 -6.869426e+00 -2.687376e-03 9.999939e-01 2.233512e-03 -3.675567e+00 1.888056e-02 -2.182374e-03 9.998193e-01 1.514488e+02
9.998052e-01 -3.765578e-03 1.937665e-02 -6.931209e+00 3.794998e-03 9.999917e-01 -1.481800e-03 -3.701895e+00 -1.937090e-02 1.555054e-03 9.998111e-01 1.526258e+02
9.998165e-01 2.714756e-03 -1.896419e-02 -6.993520e+00 -2.672365e-03 9.999939e-01 2.260344e-03 -3.728150e+00 1.897022e-02 -2.209242e-03 9.998175e-01 1.538003e+02
9.997988e-01 -3.865566e-03 1.968494e-02 -7.063989e+00 3.894721e-03 9.999914e-01 -1.442961e-03 -3.755840e+00 -1.967919e-02 1.519347e-03 9.998051e-01 1.550953e+02
9.998141e-01 2.767418e-03 -1.908051e-02 -7.133183e+00 -2.724591e-03 9.999937e-01 2.270143e-03 -3.783300e+00 1.908668e-02 -2.217725e-03 9.998153e-01 1.563687e+02
9.998055e-01 -3.883919e-03 1.933624e-02 -7.202604e+00 3.913281e-03 9.999912e-01 -1.480917e-03 -3.810233e+00 -1.933031e-02 1.556306e-03 9.998118e-01 1.575951e+02
9.998183e-01 2.941841e-03 -1.883403e-02 -7.258790e+00 -2.900958e-03 9.999934e-01 2.197645e-03 -3.835856e+00 1.884037e-02 -2.142600e-03 9.998201e-01 1.587065e+02
9.998057e-01 -3.899014e-03 1.932021e-02 -7.314147e+00 3.928817e-03 9.999911e-01 -1.504862e-03 -3.861217e+00 -1.931417e-02 1.580484e-03 9.998121e-01 1.598016e+02
9.998080e-01 2.842058e-03 -1.938955e-02 -7.380427e+00 -2.798459e-03 9.999935e-01 2.275317e-03 -3.887266e+00 1.939590e-02 -2.220611e-03 9.998093e-01 1.609478e+02
9.998045e-01 -3.895156e-03 1.938667e-02 -7.448167e+00 3.926028e-03 9.999911e-01 -1.554640e-03 -3.913370e+00 -1.938044e-02 1.630458e-03 9.998108e-01 1.620944e+02
9.998106e-01 2.815165e-03 -1.925562e-02 -7.517785e+00 -2.770652e-03 9.999934e-01 2.338010e-03 -3.940009e+00 1.926208e-02 -2.284208e-03 9.998118e-01 1.632915e+02
9.998024e-01 -3.977298e-03 1.947699e-02 -7.595038e+00 4.008230e-03 9.999908e-01 -1.549361e-03 -3.967550e+00 -1.947064e-02 1.627132e-03 9.998090e-01 1.645619e+02
9.998136e-01 2.895340e-03 -1.909123e-02 -7.667891e+00 -2.851181e-03 9.999932e-01 2.339875e-03 -3.994921e+00 1.909788e-02 -2.284997e-03 9.998149e-01 1.658151e+02
9.998044e-01 -3.938419e-03 1.938269e-02 -7.734239e+00 3.970330e-03 9.999908e-01 -1.608142e-03 -4.021306e+00 -1.937617e-02 1.684792e-03 9.998107e-01 1.669899e+02
9.998145e-01 2.919541e-03 -1.903964e-02 -7.798047e+00 -2.875031e-03 9.999931e-01 2.364738e-03 -4.047558e+00 1.904642e-02 -2.309551e-03 9.998158e-01 1.681547e+02
9.998051e-01 -4.043296e-03 1.932332e-02 -7.872782e+00 4.075069e-03 9.999904e-01 -1.605197e-03 -4.074760e+00 -1.931664e-02 1.683637e-03 9.998119e-01 1.693953e+02
9.998174e-01 2.977855e-03 -1.887720e-02 -7.943571e+00 -2.933180e-03 9.999928e-01 2.393859e-03 -4.102037e+00 1.888420e-02 -2.338043e-03 9.998188e-01 1.706414e+02
9.998058e-01 -4.028760e-03 1.929181e-02 -8.012549e+00 4.061657e-03 9.999904e-01 -1.666374e-03 -4.128745e+00 -1.928490e-02 1.744417e-03 9.998124e-01 1.718396e+02
9.998092e-01 3.059828e-03 -1.929352e-02 -8.075872e+00 -3.014282e-03 9.999926e-01 2.389347e-03 -4.154464e+00 1.930069e-02 -2.330726e-03 9.998109e-01 1.729498e+02
9.998038e-01 -4.111612e-03 1.937536e-02 -8.143828e+00 4.144788e-03 9.999900e-01 -1.672436e-03 -4.180562e+00 -1.936828e-02 1.752425e-03 9.998108e-01 1.740968e+02
9.998082e-01 3.003520e-03 -1.935469e-02 -8.218441e+00 -2.956199e-03 9.999926e-01 2.473106e-03 -4.207630e+00 1.936198e-02 -2.415405e-03 9.998095e-01 1.753263e+02
9.998026e-01 -4.062593e-03 1.945004e-02 -8.288150e+00 4.097067e-03 9.999901e-01 -1.732911e-03 -4.234148e+00 -1.944280e-02 1.812267e-03 9.998092e-01 1.765062e+02
9.998073e-01 3.080465e-03 -1.938869e-02 -8.353990e+00 -3.033480e-03 9.999924e-01 2.452307e-03 -4.260127e+00 1.939611e-02 -2.393009e-03 9.998089e-01 1.776365e+02
9.997984e-01 -3.928916e-03 1.969008e-02 -8.405016e+00 3.965495e-03 9.999905e-01 -1.819057e-03 -4.284737e+00 -1.968274e-02 1.896781e-03 9.998044e-01 1.786549e+02
9.998088e-01 3.108851e-03 -1.930711e-02 -8.454753e+00 -3.062351e-03 9.999923e-01 2.437552e-03 -4.308997e+00 1.931455e-02 -2.377951e-03 9.998105e-01 1.796451e+02
9.998049e-01 -4.144775e-03 1.931062e-02 -8.520558e+00 4.178799e-03 9.999898e-01 -1.721940e-03 -4.334851e+00 -1.930328e-02 1.802309e-03 9.998120e-01 1.807730e+02
9.998060e-01 3.200055e-03 -1.943466e-02 -8.582715e+00 -3.153495e-03 9.999921e-01 2.425899e-03 -4.360303e+00 1.944227e-02 -2.364131e-03 9.998081e-01 1.818550e+02
9.998053e-01 -3.979675e-03 1.932897e-02 -8.632003e+00 4.016701e-03 9.999902e-01 -1.877122e-03 -4.383848e+00 -1.932130e-02 1.954405e-03 9.998113e-01 1.827713e+02
9.998085e-01 3.124865e-03 -1.931821e-02 -8.689538e+00 -3.077494e-03 9.999922e-01 2.481387e-03 -4.408466e+00 1.932582e-02 -2.421450e-03 9.998102e-01 1.837758e+02
9.998044e-01 -4.099681e-03 1.934781e-02 -8.756253e+00 4.135683e-03 9.999898e-01 -1.821140e-03 -4.434271e+00 -1.934014e-02 1.900811e-03 9.998111e-01 1.848866e+02
9.998094e-01 3.072926e-03 -1.928200e-02 -8.825124e+00 -3.024121e-03 9.999922e-01 2.559767e-03 -4.460560e+00 1.928973e-02 -2.500958e-03 9.998107e-01 1.860452e+02
9.998071e-01 -4.108854e-03 1.920881e-02 -8.894539e+00 4.145086e-03 9.999897e-01 -1.846797e-03 -4.486716e+00 -1.920102e-02 1.926073e-03 9.998137e-01 1.871898e+02
9.998102e-01 3.044388e-03 -1.924082e-02 -8.965666e+00 -2.994740e-03 9.999921e-01 2.608676e-03 -4.513204e+00 1.924862e-02 -2.550549e-03 9.998114e-01 1.883663e+02
9.998009e-01 -4.132630e-03 1.952084e-02 -9.040594e+00 4.169588e-03 9.999896e-01 -1.852961e-03 -4.540539e+00 -1.951297e-02 1.933996e-03 9.998076e-01 1.896107e+02
9.998099e-01 3.046749e-03 -1.926051e-02 -9.115218e+00 -2.996411e-03 9.999920e-01 2.641910e-03 -4.567868e+00 1.926841e-02 -2.583684e-03 9.998109e-01 1.908590e+02
9.998021e-01 -4.133176e-03 1.946113e-02 -9.185689e+00 4.170319e-03 9.999896e-01 -1.868403e-03 -4.594766e+00 -1.945320e-02 1.949203e-03 9.998088e-01 1.920757e+02
9.998061e-01 2.997680e-03 -1.946230e-02 -9.257645e+00 -2.945458e-03 9.999920e-01 2.711381e-03 -4.621771e+00 1.947028e-02 -2.653519e-03 9.998068e-01 1.933104e+02
9.998009e-01 -4.114402e-03 1.952607e-02 -9.325806e+00 4.152272e-03 9.999896e-01 -1.899331e-03 -4.648500e+00 -1.951804e-02 1.980041e-03 9.998074e-01 1.945226e+02
9.998060e-01 3.047915e-03 -1.945996e-02 -9.392835e+00 -2.995861e-03 9.999919e-01 2.703562e-03 -4.674979e+00 1.946805e-02 -2.644727e-03 9.998069e-01 1.957077e+02
9.998016e-01 -4.028233e-03 1.950802e-02 -9.456037e+00 4.068101e-03 9.999897e-01 -2.004396e-03 -4.700708e+00 -1.949973e-02 2.083370e-03 9.998076e-01 1.968187e+02
9.998038e-01 3.142078e-03 -1.955860e-02 -9.513326e+00 -3.090679e-03 9.999917e-01 2.657649e-03 -4.725393e+00 1.956679e-02 -2.596668e-03 9.998051e-01 1.978396e+02
9.998023e-01 -4.113070e-03 1.945191e-02 -9.572276e+00 4.152044e-03 9.999895e-01 -1.963680e-03 -4.750428e+00 -1.944362e-02 2.044068e-03 9.998088e-01 1.989015e+02
9.998010e-01 3.111270e-03 -1.970392e-02 -9.629377e+00 -3.057793e-03 9.999916e-01 2.743597e-03 -4.775540e+00 1.971230e-02 -2.682789e-03 9.998020e-01 1.999789e+02
9.998000e-01 -4.085370e-03 1.957728e-02 -9.683549e+00 4.125496e-03 9.999895e-01 -2.009693e-03 -4.800386e+00 -1.956885e-02 2.090068e-03 9.998062e-01 2.010329e+02
9.998023e-01 3.130554e-03 -1.963768e-02 -9.737664e+00 -3.077024e-03 9.999915e-01 2.755544e-03 -4.825270e+00 1.964615e-02 -2.694562e-03 9.998033e-01 2.020876e+02
9.997946e-01 -4.106233e-03 1.984532e-02 -9.796092e+00 4.147563e-03 9.999893e-01 -2.041938e-03 -4.850716e+00 -1.983672e-02 2.123840e-03 9.998009e-01 2.031863e+02
9.998006e-01 3.172544e-03 -1.971764e-02 -9.851871e+00 -3.118504e-03 9.999913e-01 2.770851e-03 -4.875871e+00 1.972626e-02 -2.708798e-03 9.998016e-01 2.042599e+02
9.997916e-01 -4.175120e-03 1.998150e-02 -9.913698e+00 4.216995e-03 9.999890e-01 -2.054022e-03 -4.901682e+00 -1.997270e-02 2.137867e-03 9.997981e-01 2.053868e+02
9.998017e-01 3.139357e-03 -1.966430e-02 -9.979140e+00 -3.084204e-03 9.999912e-01 2.834433e-03 -4.928122e+00 1.967303e-02 -2.773211e-03 9.998025e-01 2.065710e+02
9.997954e-01 -4.219462e-03 1.978244e-02 -1.004532e+01 4.260844e-03 9.999888e-01 -2.050182e-03 -4.954562e+00 -1.977356e-02 2.134064e-03 9.998021e-01 2.077569e+02
9.997990e-01 3.201957e-03 -1.979201e-02 -1.010790e+01 -3.146452e-03 9.999910e-01 2.834947e-03 -4.980492e+00 1.980092e-02 -2.772091e-03 9.998000e-01 2.088984e+02
9.997959e-01 -4.180782e-03 1.976563e-02 -1.016543e+01 4.223538e-03 9.999888e-01 -2.121921e-03 -5.005567e+00 -1.975654e-02 2.204980e-03 9.998023e-01 2.099678e+02
9.998017e-01 3.139734e-03 -1.966722e-02 -1.022958e+01 -3.083155e-03 9.999910e-01 2.906500e-03 -5.031651e+00 1.967618e-02 -2.845274e-03 9.998023e-01 2.111234e+02
9.997938e-01 -4.138786e-03 1.987797e-02 -1.029064e+01 4.182662e-03 9.999889e-01 -2.166196e-03 -5.057609e+00 -1.986878e-02 2.248904e-03 9.998000e-01 2.122630e+02
9.998019e-01 3.200892e-03 -1.964590e-02 -1.035172e+01 -3.145005e-03 9.999909e-01 2.875013e-03 -5.083277e+00 1.965493e-02 -2.812645e-03 9.998028e-01 2.133711e+02
9.997895e-01 -4.203336e-03 2.008170e-02 -1.041700e+01 4.247469e-03 9.999887e-01 -2.155530e-03 -5.109679e+00 -2.007241e-02 2.240384e-03 9.997959e-01 2.145439e+02
9.998029e-01 3.178099e-03 -1.959983e-02 -1.048247e+01 -3.120868e-03 9.999908e-01 2.949932e-03 -5.136505e+00 1.960903e-02 -2.888170e-03 9.998035e-01 2.157592e+02
9.997884e-01 -4.110444e-03 2.015616e-02 -1.054028e+01 4.156143e-03 9.999889e-01 -2.225894e-03 -5.162597e+00 -2.014678e-02 2.309207e-03 9.997943e-01 2.169055e+02
9.997563e-01 3.139261e-03 -2.184984e-02 -1.058886e+01 -3.070637e-03 9.999902e-01 3.173586e-03 -5.187964e+00 2.185959e-02 -3.105708e-03 9.997561e-01 2.180146e+02
9.998337e-01 -4.123908e-03 1.776455e-02 -1.059649e+01 4.162476e-03 9.999891e-01 -2.134660e-03 -5.212404e+00 -1.775555e-02 2.208261e-03 9.998398e-01 2.190057e+02
9.998560e-01 3.278687e-03 -1.665317e-02 -1.063131e+01 -3.235034e-03 9.999913e-01 2.647603e-03 -5.236226e+00 1.666171e-02 -2.593336e-03 9.998577e-01 2.199517e+02
9.999505e-01 -4.370573e-03 8.938993e-03 -1.067100e+01 4.382202e-03 9.999896e-01 -1.281699e-03 -5.261671e+00 -8.933292e-03 1.320820e-03 9.999591e-01 2.211124e+02
9.998306e-01 2.794033e-03 -1.819036e-02 -1.070335e+01 -2.743046e-03 9.999922e-01 2.827324e-03 -5.289082e+00 1.819813e-02 -2.776936e-03 9.998304e-01 2.223692e+02
9.998189e-01 -3.659983e-03 1.867365e-02 -1.075303e+01 3.700970e-03 9.999908e-01 -2.160839e-03 -5.314173e+00 -1.866556e-02 2.229571e-03 9.998232e-01 2.234324e+02
9.998281e-01 2.825209e-03 -1.832538e-02 -1.079884e+01 -2.773547e-03 9.999921e-01 2.843988e-03 -5.338914e+00 1.833328e-02 -2.792660e-03 9.998279e-01 2.244701e+02
9.998185e-01 -3.851385e-03 1.865842e-02 -1.085353e+01 3.889803e-03 9.999904e-01 -2.023187e-03 -5.365377e+00 -1.865044e-02 2.095410e-03 9.998238e-01 2.256649e+02
9.998263e-01 2.705022e-03 -1.843874e-02 -1.091872e+01 -2.650614e-03 9.999921e-01 2.974539e-03 -5.393357e+00 1.844664e-02 -2.925136e-03 9.998255e-01 2.269893e+02
9.998192e-01 -3.693428e-03 1.865450e-02 -1.096856e+01 3.733647e-03 9.999908e-01 -2.121675e-03 -5.419792e+00 -1.864649e-02 2.190954e-03 9.998236e-01 2.281799e+02
9.998260e-01 2.879222e-03 -1.843095e-02 -1.100358e+01 -2.826563e-03 9.999919e-01 2.882542e-03 -5.444479e+00 1.843911e-02 -2.829932e-03 9.998259e-01 2.292172e+02
9.998194e-01 -3.890368e-03 1.860376e-02 -1.105529e+01 3.929076e-03 9.999902e-01 -2.044553e-03 -5.470742e+00 -1.859562e-02 2.117292e-03 9.998247e-01 2.303946e+02
9.998237e-01 2.883845e-03 -1.855309e-02 -1.110681e+01 -2.829531e-03 9.999916e-01 2.953105e-03 -5.497337e+00 1.856146e-02 -2.900075e-03 9.998234e-01 2.316008e+02
9.999405e-01 -4.002535e-03 -1.015110e-02 -1.111519e+01 4.001344e-03 9.999920e-01 -1.376419e-04 -5.523193e+00 1.015157e-02 9.702895e-05 9.999484e-01 2.329787e+02
9.996319e-01 3.285036e-03 -2.693251e-02 -1.111771e+01 -3.216662e-03 9.999915e-01 2.581661e-03 -5.552119e+00 2.694076e-02 -2.494064e-03 9.996338e-01 2.345566e+02
9.996316e-01 -4.557533e-03 2.675746e-02 -1.118681e+01 4.598386e-03 9.999884e-01 -1.465430e-03 -5.581179e+00 -2.675047e-02 1.587945e-03 9.996408e-01 2.359808e+02
9.996412e-01 3.290541e-03 -2.658398e-02 -1.126302e+01 -3.223606e-03 9.999915e-01 2.560330e-03 -5.610546e+00 2.659218e-02 -2.473701e-03 9.996432e-01 2.374251e+02
9.996322e-01 -4.626933e-03 2.672205e-02 -1.134369e+01 4.668552e-03 9.999880e-01 -1.495285e-03 -5.640204e+00 -2.671481e-02 1.619503e-03 9.996417e-01 2.388916e+02
9.996462e-01 3.393463e-03 -2.638221e-02 -1.141819e+01 -3.327616e-03 9.999912e-01 2.539372e-03 -5.669142e+00 2.639059e-02 -2.450670e-03 9.996486e-01 2.403004e+02
9.996316e-01 -4.611694e-03 2.674592e-02 -1.149142e+01 4.655330e-03 9.999879e-01 -1.569426e-03 -5.697638e+00 -2.673836e-02 1.693373e-03 9.996409e-01 2.416675e+02
9.996421e-01 3.443274e-03 -2.653108e-02 -1.156086e+01 -3.376382e-03 9.999910e-01 2.565681e-03 -5.725721e+00 2.653968e-02 -2.475169e-03 9.996446e-01 2.430000e+02
9.996276e-01 -4.519868e-03 2.690996e-02 -1.162205e+01 4.567070e-03 9.999881e-01 -1.692857e-03 -5.752700e+00 -2.690199e-02 1.815140e-03 9.996363e-01 2.442373e+02
9.996423e-01 3.368275e-03 -2.653283e-02 -1.168991e+01 -3.298009e-03 9.999909e-01 2.691585e-03 -5.780899e+00 2.654166e-02 -2.603102e-03 9.996442e-01 2.455815e+02
9.996300e-01 -4.605795e-03 2.680794e-02 -1.176076e+01 4.651797e-03 9.999878e-01 -1.653866e-03 -5.809833e+00 -2.679999e-02 1.777974e-03 9.996391e-01 2.469929e+02
9.996461e-01 3.371847e-03 -2.638756e-02 -1.183385e+01 -3.300169e-03 9.999907e-01 2.759423e-03 -5.839419e+00 2.639662e-02 -2.671348e-03 9.996479e-01 2.484559e+02
9.996332e-01 -4.586032e-03 2.669309e-02 -1.190911e+01 4.635329e-03 9.999877e-01 -1.785222e-03 -5.868309e+00 -2.668457e-02 1.908313e-03 9.996420e-01 2.498476e+02
9.996213e-01 3.324820e-03 -2.731592e-02 -1.198298e+01 -3.246612e-03 9.999905e-01 2.906938e-03 -5.896995e+00 2.732533e-02 -2.817138e-03 9.996225e-01 2.512326e+02
9.996180e-01 -4.378660e-03 2.728895e-02 -1.204114e+01 4.434884e-03 9.999882e-01 -2.000143e-03 -5.923773e+00 -2.727987e-02 2.120417e-03 9.996255e-01 2.524472e+02
9.996220e-01 3.221951e-03 -2.730337e-02 -1.210856e+01 -3.140954e-03 9.999905e-01 3.008937e-03 -5.951606e+00 2.731281e-02 -2.922027e-03 9.996226e-01 2.537626e+02
9.996241e-01 -4.420075e-03 2.705924e-02 -1.217471e+01 4.474278e-03 9.999881e-01 -1.942891e-03 -5.980049e+00 -2.705033e-02 2.063246e-03 9.996318e-01 2.551288e+02
9.996192e-01 3.266797e-03 -2.740030e-02 -1.223992e+01 -3.185321e-03 9.999904e-01 3.016675e-03 -6.008056e+00 2.740990e-02 -2.928233e-03 9.996199e-01 2.564565e+02
9.998604e-01 -4.708764e-03 1.603164e-02 -1.227820e+01 4.725718e-03 9.999883e-01 -1.019824e-03 -6.036876e+00 -1.602665e-02 1.095458e-03 9.998709e-01 2.579242e+02
9.994307e-01 2.900718e-03 -3.361389e-02 -1.228536e+01 -2.782429e-03 9.999898e-01 3.565308e-03 -6.069558e+00 3.362389e-02 -3.469734e-03 9.994284e-01 2.596794e+02
9.994589e-01 -4.169058e-03 3.262728e-02 -1.234545e+01 4.244221e-03 9.999885e-01 -2.234746e-03 -6.099591e+00 -3.261760e-02 2.372030e-03 9.994650e-01 2.611795e+02
9.994611e-01 3.140078e-03 -3.267397e-02 -1.240177e+01 -3.034046e-03 9.999900e-01 3.294245e-03 -6.127201e+00 3.268398e-02 -3.193320e-03 9.994605e-01 2.624726e+02
9.994962e-01 -4.012400e-03 3.148332e-02 -1.245144e+01 4.092008e-03 9.999886e-01 -2.464542e-03 -6.151780e+00 -3.147308e-02 2.592146e-03 9.995011e-01 2.634847e+02
9.994175e-01 3.122440e-03 -3.398311e-02 -1.249409e+01 -3.013620e-03 9.999902e-01 3.252938e-03 -6.174046e+00 3.399292e-02 -3.148615e-03 9.994170e-01 2.643094e+02
9.995052e-01 -4.096902e-03 3.118563e-02 -1.253734e+01 4.175144e-03 9.999883e-01 -2.444205e-03 -6.196673e+00 -3.117525e-02 2.573216e-03 9.995105e-01 2.651696e+02
9.993919e-01 3.071312e-03 -3.473251e-02 -1.258056e+01 -2.955741e-03 9.999899e-01 3.378315e-03 -6.219699e+00 3.474253e-02 -3.273584e-03 9.993908e-01 2.660618e+02
9.995064e-01 -4.259420e-03 3.112533e-02 -1.262889e+01 4.335246e-03 9.999878e-01 -2.369045e-03 -6.244472e+00 -3.111487e-02 2.502828e-03 9.995126e-01 2.671003e+02
9.994318e-01 3.077985e-03 -3.356514e-02 -1.268628e+01 -2.964148e-03 9.999897e-01 3.440752e-03 -6.270234e+00 3.357538e-02 -3.339289e-03 9.994305e-01 2.682243e+02
