9.999759e-01 4.221533e-04 -6.929215e-03 3.821579e-02 -4.180903e-04 9.999997e-01 5.877794e-04 -4.756953e-03 6.929461e-03 -5.848676e-04 9.999757e-01 2.666318e-01
9.999999e-01 1.002774e-04 5.189236e-04 8.183936e-02 -1.002684e-04 1.000000e+00 -1.738548e-05 -9.566775e-03 -5.189267e-04 1.733404e-05 9.999998e-01 5.246758e-01
9.999706e-01 5.152378e-04 -7.656104e-03 1.009016e-01 -5.122087e-04 9.999998e-01 3.975999e-04 -1.186490e-02 7.656305e-03 -3.936660e-04 9.999705e-01 6.149123e-01
1.000000e+00 -1.708798e-04 -1.150362e-05 1.316413e-01 1.708848e-04 9.999999e-01 4.354225e-04 -1.913334e-02 1.142645e-05 -4.354237e-04 9.999998e-01 1.016374e+00
9.999664e-01 4.423821e-04 -8.191002e-03 1.588145e-01 -4.382938e-04 9.999998e-01 5.009051e-04 -2.814133e-02 8.191218e-03 -4.972974e-04 9.999662e-01 1.500094e+00
9.999999e-01 -1.601223e-04 4.284241e-04 1.887965e-01 1.599803e-04 9.999999e-01 3.315666e-04 -3.588551e-02 -4.284815e-04 -3.314971e-04 9.999998e-01 1.923656e+00
9.999718e-01 5.163346e-04 -7.496419e-03 2.246471e-01 -5.137328e-04 9.999998e-01 3.489897e-04 -4.168612e-02 7.496592e-03 -3.451277e-04 9.999717e-01 2.249491e+00
9.999995e-01 1.342496e-04 1.024612e-03 2.509952e-01 -1.342528e-04 1.000000e+00 3.095609e-06 -4.303700e-02 -1.024617e-03 -3.232177e-06 9.999994e-01 2.310344e+00
9.999743e-01 6.720728e-04 -7.143687e-03 2.694318e-01 -6.698202e-04 9.999997e-01 3.177073e-04 -4.320540e-02 7.143892e-03 -3.129131e-04 9.999743e-01 2.302618e+00
9.999989e-01 1.428322e-04 1.498148e-03 3.182131e-01 -1.432210e-04 1.000000e+00 2.594593e-04 -4.613854e-02 -1.498117e-03 -2.596725e-04 9.999987e-01 2.456965e+00
9.999654e-01 4.032290e-04 -8.307347e-03 3.502650e-01 -4.020270e-04 9.999999e-01 1.463577e-04 -4.883685e-02 8.307398e-03 -1.430118e-04 9.999654e-01 2.589220e+00
9.999997e-01 -9.278530e-05 7.607696e-04 3.826157e-01 9.229547e-05 9.999998e-01 6.439504e-04 -5.584117e-02 -7.608376e-04 -6.438788e-04 9.999994e-01 2.977108e+00
9.999635e-01 3.937309e-04 -8.532881e-03 4.130641e-01 -3.920688e-04 9.999999e-01 1.964538e-04 -6.349550e-02 8.532948e-03 -1.930999e-04 9.999635e-01 3.396736e+00
9.999998e-01 -9.389638e-05 5.417753e-04 4.426716e-01 9.351699e-05 9.999998e-01 7.004036e-04 -7.183441e-02 -5.418508e-04 -7.003514e-04 9.999995e-01 3.848041e+00
9.999687e-01 4.737033e-04 -7.893488e-03 4.771263e-01 -4.732080e-04 9.999999e-01 6.460705e-05 -7.831647e-02 7.893507e-03 -6.086834e-05 9.999687e-01 4.209359e+00
9.999998e-01 -8.062033e-05 5.874923e-04 5.136495e-01 8.022203e-05 9.999998e-01 6.781269e-04 -8.447896e-02 -5.875582e-04 -6.780782e-04 9.999995e-01 4.551319e+00
9.999676e-01 4.042427e-04 -8.041970e-03 5.472022e-01 -4.035345e-04 9.999999e-01 8.967047e-05 -9.121850e-02 8.041993e-03 -8.642077e-05 9.999676e-01 4.925185e+00
9.999969e-01 4.478629e-04 2.434203e-03 5.909261e-01 -4.490321e-04 9.999998e-01 4.798292e-04 -9.330877e-02 -2.434000e-03 -4.809192e-04 9.999968e-01 5.040863e+00
9.999636e-01 2.173309e-04 -8.533740e-03 6.385580e-01 -2.164468e-04 1.000000e+00 1.045155e-04 -9.758430e-02 8.533749e-03 -1.026629e-04 9.999635e-01 5.264600e+00
9.999934e-01 1.101507e-03 3.472976e-03 6.709439e-01 -1.103909e-03 9.999992e-01 6.897180e-04 -9.817783e-02 -3.472227e-03 -6.935455e-04 9.999936e-01 5.295642e+00
9.999627e-01 3.737832e-04 -8.623176e-03 6.540582e-01 -3.734452e-04 9.999999e-01 4.078200e-05 -9.630371e-02 8.623176e-03 -3.755839e-05 9.999627e-01 5.172329e+00
9.999901e-01 1.516939e-03 4.183342e-03 6.439339e-01 -1.521468e-03 9.999983e-01 1.079520e-03 -9.490993e-02 -4.181712e-03 -1.085873e-03 9.999906e-01 5.074201e+00
9.999680e-01 1.800435e-03 -7.788683e-03 4.859074e-01 -1.796250e-03 9.999982e-01 5.443700e-04 -8.922183e-02 7.789634e-03 -5.303602e-04 9.999694e-01 4.632373e+00
9.999913e-01 1.351471e-03 3.942292e-03 3.141078e-01 -1.354789e-03 9.999987e-01 8.392715e-04 -8.311465e-02 -3.941168e-03 -8.446030e-04 9.999918e-01 4.160188e+00
9.999689e-01 2.006646e-03 -7.628886e-03 1.336981e-01 -2.001920e-03 9.999978e-01 6.270974e-04 -7.678791e-02 7.630112e-03 -6.118033e-04 9.999706e-01 3.664397e+00
9.999898e-01 1.642068e-03 4.196197e-03 -6.109471e-02 -1.646515e-03 9.999981e-01 1.056420e-03 -7.009696e-02 -4.194470e-03 -1.063316e-03 9.999905e-01 3.133331e+00
9.999671e-01 1.839139e-03 -7.905569e-03 -2.622128e-01 -1.836420e-03 9.999983e-01 3.511698e-04 -6.316320e-02 7.906184e-03 -3.366378e-04 9.999686e-01 2.588246e+00
9.999916e-01 1.182427e-03 3.923160e-03 -4.246519e-01 -1.186134e-03 9.999989e-01 9.427675e-04 -5.727271e-02 -3.922057e-03 -9.474103e-04 9.999918e-01 2.134628e+00
9.999680e-01 1.898537e-03 -7.766004e-03 -5.771543e-01 -1.894972e-03 9.999981e-01 4.663484e-04 -5.171490e-02 7.766857e-03 -4.516144e-04 9.999696e-01 1.703658e+00
9.999982e-01 -1.885043e-04 1.897891e-03 -6.371096e-01 1.881908e-04 1.000000e+00 1.655106e-04 -4.848762e-02 -1.897940e-03 -1.651503e-04 9.999981e-01 1.462579e+00
9.999744e-01 1.715786e-03 -6.945833e-03 -6.563804e-01 -1.711405e-03 9.999983e-01 6.365697e-04 -4.656530e-02 6.946896e-03 -6.246634e-04 9.999756e-01 1.338216e+00
9.999980e-01 -3.380938e-04 1.959087e-03 -6.384884e-01 3.378172e-04 9.999999e-01 1.416667e-04 -4.619550e-02 -1.959154e-03 -1.410017e-04 9.999980e-01 1.316535e+00
9.999671e-01 1.097157e-03 -8.041041e-03 -6.128807e-01 -1.095100e-03 9.999994e-01 2.602895e-04 -4.748296e-02 8.041302e-03 -2.514723e-04 9.999675e-01 1.373969e+00
9.999930e-01 1.073932e-03 3.586717e-03 -6.720070e-01 -1.077321e-03 9.999990e-01 9.430077e-04 -4.444653e-02 -3.585721e-03 -9.468621e-04 9.999930e-01 1.161597e+00
9.999576e-01 -1.728148e-04 -9.204253e-03 -6.435498e-01 1.689023e-04 9.999999e-01 -4.258835e-04 -4.538636e-02 9.204306e-03 4.243140e-04 9.999575e-01 1.217661e+00
9.999879e-01 1.869615e-03 4.541583e-03 -6.664820e-01 -1.876099e-03 9.999972e-01 1.423849e-03 -4.338067e-02 -4.538930e-03 -1.432349e-03 9.999886e-01 1.095562e+00
9.999545e-01 -1.749868e-04 -9.533721e-03 -7.295942e-01 1.695609e-04 9.999998e-01 -5.699644e-04 -3.992082e-02 9.533797e-03 5.683252e-04 9.999543e-01 8.806273e-01
9.999840e-01 2.427864e-03 5.110099e-03 -8.221664e-01 -2.436777e-03 9.999955e-01 1.738798e-03 -3.590787e-02 -5.105876e-03 -1.751219e-03 9.999853e-01 5.971166e-01
9.999727e-01 4.299126e-03 -6.002061e-03 -1.197713e+00 -4.289428e-03 9.999895e-01 1.627794e-03 -2.480086e-02 6.008974e-03 -1.602001e-03 9.999806e-01 -3.398415e-01
9.999999e-01 3.605255e-04 -2.816974e-04 -1.567339e+00 -3.607238e-04 9.999997e-01 -7.056788e-04 -1.282719e-02 2.814203e-04 7.057840e-04 9.999996e-01 -1.344360e+00
9.999898e-01 2.325936e-03 -3.866931e-03 -1.675272e+00 -2.317812e-03 9.999951e-01 2.103896e-03 -8.357523e-03 3.871783e-03 -2.094908e-03 9.999902e-01 -1.670922e+00
9.999978e-01 -4.799697e-04 -2.045650e-03 -1.758897e+00 4.769536e-04 9.999988e-01 -1.474835e-03 -4.322543e-03 2.046332e-03 1.473860e-03 9.999967e-01 -1.963804e+00
9.999920e-01 3.344787e-03 -2.179197e-03 -1.795182e+00 -3.338247e-03 9.999899e-01 2.997632e-03 -2.687362e-03 2.189177e-03 -2.990330e-03 9.999930e-01 -2.149533e+00
9.999636e-01 8.371916e-03 1.630842e-03 -2.281575e+00 -8.376272e-03 9.999613e-01 2.683454e-03 9.583040e-03 -1.608337e-03 -2.697013e-03 9.999950e-01 -3.576721e+00
9.999477e-01 8.255897e-04 -1.019553e-02 -2.787639e+00 -8.324484e-04 9.999994e-01 -6.685428e-04 2.320529e-02 1.019495e-02 6.769995e-04 9.999477e-01 -5.205764e+00
9.999887e-01 7.883575e-04 4.677875e-03 -2.848839e+00 -7.948591e-04 9.999987e-01 1.388300e-03 2.658253e-02 -4.676800e-03 -1.391998e-03 9.999880e-01 -5.432125e+00
9.999556e-01 1.579254e-03 -9.285569e-03 -2.950198e+00 -1.581343e-03 9.999987e-01 -2.177499e-04 3.100573e-02 9.285188e-03 2.324284e-04 9.999568e-01 -5.748717e+00
9.999838e-01 1.560875e-03 5.476682e-03 -3.088327e+00 -1.570609e-03 9.999972e-01 1.773675e-03 3.619371e-02 -5.473925e-03 -1.782244e-03 9.999833e-01 -6.151443e+00
9.999581e-01 2.218351e-03 -8.876644e-03 -3.297010e+00 -2.219328e-03 9.999975e-01 -1.002837e-04 4.330336e-02 8.876373e-03 1.199844e-04 9.999605e-01 -6.716407e+00
9.999845e-01 1.411635e-03 5.391525e-03 -3.500536e+00 -1.420969e-03 9.999975e-01 1.727986e-03 5.026384e-02 -5.389099e-03 -1.735615e-03 9.999839e-01 -7.265281e+00
9.999504e-01 1.296354e-03 -9.871570e-03 -3.639858e+00 -1.301869e-03 9.999990e-01 -5.523024e-04 5.574461e-02 9.870817e-03 5.651314e-04 9.999510e-01 -7.673197e+00
9.999959e-01 -3.520236e-04 2.842069e-03 -3.641425e+00 3.495337e-04 9.999996e-01 8.767935e-04 5.518882e-02 -2.842405e-03 -8.757915e-04 9.999955e-01 -7.718590e+00
9.999364e-01 6.612884e-04 -1.126251e-02 -3.615214e+00 -6.598716e-04 9.999998e-01 1.294512e-04 4.552985e-02 1.126257e-02 -1.220061e-04 9.999365e-01 -7.204136e+00
9.999957e-01 -3.996203e-04 2.891508e-03 -3.588826e+00 3.971662e-04 9.999996e-01 8.495033e-04 3.588356e-02 -2.891876e-03 -8.483461e-04 9.999954e-01 -6.692212e+00
9.999112e-01 1.314538e-02 -2.176198e-03 -3.965313e+00 -1.313222e-02 9.998961e-01 5.952590e-03 4.397090e-02 2.254192e-03 -5.923478e-03 9.999798e-01 -7.855831e+00
9.999915e-01 3.474162e-04 -4.116585e-03 -4.736132e+00 -3.565363e-04 9.999975e-01 -2.215164e-03 6.431012e-02 4.115774e-03 2.216618e-03 9.999890e-01 -1.019752e+01
9.999759e-01 4.042076e-03 -5.650210e-03 -4.920898e+00 -4.025970e-03 9.999878e-01 2.858734e-03 6.984866e-02 5.661665e-03 -2.835912e-03 9.999799e-01 -1.095619e+01
9.999910e-01 -3.716665e-03 -2.052770e-03 -4.889523e+00 3.712458e-03 9.999910e-01 -2.049823e-03 6.190731e-02 2.060338e-03 2.042189e-03 9.999957e-01 -1.053005e+01
9.999828e-01 5.403512e-03 -2.272535e-03 -4.862440e+00 -5.396302e-03 9.999804e-01 3.166434e-03 6.128855e-02 2.289568e-03 -3.154110e-03 9.999923e-01 -1.051336e+01
9.999907e-01 -3.427399e-03 -2.597916e-03 -4.958859e+00 3.421406e-03 9.999915e-01 -2.308416e-03 6.558151e-02 2.605773e-03 2.299512e-03 9.999939e-01 -1.080190e+01
9.999825e-01 3.864878e-03 -4.469143e-03 -4.921749e+00 -3.851948e-03 9.999884e-01 2.897809e-03 6.097036e-02 4.480257e-03 -2.880538e-03 9.999857e-01 -1.054730e+01
9.999888e-01 -3.505166e-03 -3.174760e-03 -4.890500e+00 3.498544e-03 9.999917e-01 -2.089453e-03 5.332588e-02 3.182023e-03 2.078329e-03 9.999927e-01 -1.013289e+01
9.999824e-01 3.882126e-03 -4.475918e-03 -4.858766e+00 -3.869071e-03 9.999882e-01 2.921347e-03 4.589520e-02 4.487171e-03 -2.903972e-03 9.999856e-01 -9.727235e+00
9.999981e-01 -1.885245e-03 4.352498e-04 -4.838616e+00 1.885946e-03 9.999969e-01 -1.612829e-03 4.537006e-02 -4.322432e-04 1.613653e-03 9.999985e-01 -9.728425e+00
9.999505e-01 7.332023e-03 -6.722551e-03 -5.157277e+00 -7.312392e-03 9.999689e-01 2.940029e-03 5.482575e-02 6.743863e-03 -2.890720e-03 9.999730e-01 -1.069173e+01
9.999842e-01 -5.382067e-03 1.627838e-03 -5.244064e+00 5.385451e-03 9.999833e-01 -2.081024e-03 5.901089e-02 -1.616647e-03 2.089765e-03 9.999964e-01 -1.097378e+01
9.999441e-01 5.928290e-03 -8.754226e-03 -5.213742e+00 -5.905520e-03 9.999791e-01 2.624452e-03 5.481474e-02 8.769565e-03 -2.572601e-03 9.999581e-01 -1.075699e+01
9.999850e-01 -5.471039e-03 2.392351e-04 -5.186039e+00 5.471421e-03 9.999837e-01 -1.618812e-03 4.412554e-02 -2.304124e-04 1.620103e-03 9.999986e-01 -1.020538e+01
9.999263e-01 5.944261e-03 -1.058246e-02 -5.163989e+00 -5.912731e-03 9.999780e-01 3.008145e-03 2.937891e-02 1.060007e-02 -2.945346e-03 9.999394e-01 -9.459716e+00
9.999847e-01 -5.523548e-03 4.089704e-04 -5.143308e+00 5.524209e-03 9.999834e-01 -1.628158e-03 1.274111e-02 -4.000102e-04 1.630399e-03 9.999985e-01 -8.639708e+00
9.999444e-01 5.914408e-03 -8.725553e-03 -5.115512e+00 -5.891511e-03 9.999791e-01 2.647386e-03 1.783747e-03 8.740988e-03 -2.595825e-03 9.999583e-01 -8.082002e+00
9.999829e-01 -4.496214e-03 3.727096e-03 -5.076008e+00 4.502654e-03 9.999884e-01 -1.720927e-03 -1.147944e-04 -3.719356e-03 1.737687e-03 9.999915e-01 -7.997659e+00
9.999394e-01 5.337429e-03 -9.624070e-03 -5.091003e+00 -5.317973e-03 9.999838e-01 2.045900e-03 1.442325e-03 9.634792e-03 -1.994589e-03 9.999515e-01 -8.090736e+00
9.999842e-01 -4.843438e-03 2.860689e-03 -5.053756e+00 4.847553e-03 9.999872e-01 -1.432809e-03 -3.496742e-03 -2.853755e-03 1.446661e-03 9.999948e-01 -7.807622e+00
9.999387e-01 5.321070e-03 -9.711878e-03 -5.019185e+00 -5.300630e-03 9.999837e-01 2.129112e-03 -8.986317e-03 9.723005e-03 -2.077495e-03 9.999505e-01 -7.493766e+00
9.999709e-01 7.694037e-04 7.594337e-03 -5.186055e+00 -7.783911e-04 9.999990e-01 1.180761e-03 -4.422881e-03 -7.593464e-03 -1.186631e-03 9.999704e-01 -8.014105e+00
9.998568e-01 3.163440e-03 -1.662190e-02 -5.377660e+00 -3.175558e-03 9.999947e-01 -7.028186e-04 1.816787e-03 1.661955e-02 7.555087e-04 9.998615e-01 -8.730522e+00
9.999312e-01 -1.803669e-03 1.159097e-02 -5.335056e+00 1.784640e-03 9.999970e-01 1.651985e-03 -2.731930e-04 -1.159396e-02 -1.631178e-03 9.999314e-01 -8.638315e+00
9.998512e-01 3.147112e-03 -1.695936e-02 -5.382873e+00 -3.164162e-03 9.999945e-01 -9.786810e-04 2.785342e-03 1.695614e-02 1.032205e-03 9.998556e-01 -8.812128e+00
9.999440e-01 -2.627267e-03 1.025248e-02 -5.353295e+00 2.612975e-03 9.999956e-01 1.407300e-03 -8.048999e-06 -1.025617e-02 -1.380425e-03 9.999464e-01 -8.668647e+00
9.998862e-01 5.008229e-03 -1.423167e-02 -5.365292e+00 -5.008439e-03 9.999875e-01 2.079178e-05 1.119135e-03 1.423155e-02 5.049609e-05 9.998986e-01 -8.774257e+00
9.999419e-01 -1.510966e-03 1.067110e-02 -5.559462e+00 1.494148e-03 9.999976e-01 1.583983e-03 7.766202e-03 -1.067352e-02 -1.567940e-03 9.999417e-01 -9.299437e+00
9.998861e-01 4.801699e-03 -1.430793e-02 -5.728081e+00 -4.802599e-03 9.999885e-01 -2.867198e-05 1.372439e-02 1.430759e-02 9.739115e-05 9.998975e-01 -9.765243e+00
9.999394e-01 -9.677408e-04 1.096287e-02 -5.935915e+00 9.475868e-04 9.999979e-01 1.843599e-03 2.074231e-02 -1.096468e-02 -1.833092e-03 9.999381e-01 -1.032995e+01
9.998865e-01 5.034566e-03 -1.420211e-02 -6.171323e+00 -5.035967e-03 9.999873e-01 -6.303680e-05 2.857250e-02 1.420156e-02 1.345583e-04 9.998990e-01 -1.095732e+01
9.999550e-01 -2.864378e-03 9.047863e-03 -6.285390e+00 2.855656e-03 9.999954e-01 9.768999e-04 3.338782e-02 -9.050667e-03 -9.510108e-04 9.999585e-01 -1.130053e+01
9.998968e-01 5.061771e-03 -1.344613e-02 -6.359994e+00 -5.058188e-03 9.999872e-01 3.003489e-04 3.690152e-02 1.344743e-02 -2.322974e-04 9.999095e-01 -1.153721e+01
9.999525e-01 -2.214501e-03 9.487348e-03 -6.514369e+00 2.203999e-03 9.999969e-01 1.117545e-03 4.248460e-02 -9.489842e-03 -1.096574e-03 9.999543e-01 -1.195172e+01
9.998922e-01 4.669620e-03 -1.391675e-02 -6.658289e+00 -4.671108e-03 9.999891e-01 -7.454993e-05 4.793064e-02 1.391621e-02 1.395560e-04 9.999031e-01 -1.234057e+01
9.999607e-01 -3.778754e-03 8.025130e-03 -6.671395e+00 3.775303e-03 9.999928e-01 4.453372e-04 4.970391e-02 -8.026804e-03 -4.150147e-04 9.999676e-01 -1.243796e+01
9.999054e-01 5.014264e-03 -1.281075e-02 -6.653364e+00 -5.009568e-03 9.999874e-01 3.984723e-04 5.039351e-02 1.281254e-02 -3.342508e-04 9.999178e-01 -1.245603e+01
9.999588e-01 -2.628574e-03 8.685549e-03 -6.754190e+00 2.621093e-03 9.999962e-01 8.728804e-04 5.443502e-02 -8.687861e-03 -8.500711e-04 9.999618e-01 -1.275089e+01
9.999028e-01 5.258822e-03 -1.291055e-02 -6.895212e+00 -5.256145e-03 9.999862e-01 2.411577e-04 5.972071e-02 1.291158e-02 -1.732670e-04 9.999165e-01 -1.314573e+01
9.999567e-01 -2.426762e-03 8.980231e-03 -7.023475e+00 2.416438e-03 9.999964e-01 1.160526e-03 6.455467e-02 -8.983065e-03 -1.138768e-03 9.999589e-01 -1.351844e+01
9.999040e-01 6.268509e-03 -1.235574e-02 -7.217574e+00 -6.260953e-03 9.999802e-01 6.499341e-04 7.111698e-02 1.235951e-02 -5.725054e-04 9.999234e-01 -1.405616e+01
9.999567e-01 -2.099917e-03 9.067087e-03 -7.451341e+00 2.088565e-03 9.999970e-01 1.261593e-03 7.883660e-02 -9.069761e-03 -1.242593e-03 9.999580e-01 -1.468994e+01
9.998679e-01 4.020163e-03 -1.574828e-02 -7.531384e+00 -4.033056e-03 9.999916e-01 -7.871305e-04 8.254951e-02 1.574493e-02 8.505480e-04 9.998756e-01 -1.500284e+01
9.999439e-01 -3.425797e-03 1.001981e-02 -7.488616e+00 3.413539e-03 9.999934e-01 1.240487e-03 8.047754e-02 -1.002404e-02 -1.206207e-03 9.999489e-01 -1.487267e+01
9.998695e-01 4.123279e-03 -1.562095e-02 -7.450642e+00 -4.135465e-03 9.999912e-01 -7.480506e-04 7.950552e-02 1.561768e-02 8.125607e-04 9.998776e-01 -1.479550e+01
9.999377e-01 -2.766715e-03 1.081208e-02 -7.453207e+00 2.749315e-03 9.999949e-01 1.624019e-03 8.090560e-02 -1.081657e-02 -1.594184e-03 9.999401e-01 -1.486617e+01
9.998584e-01 3.842583e-03 -1.638254e-02 -7.469048e+00 -3.860594e-03 9.999920e-01 -1.068072e-03 8.292315e-02 1.637825e-02 1.131175e-03 9.998651e-01 -1.497668e+01
9.999367e-01 -2.902607e-03 1.086692e-02 -7.468082e+00 2.885705e-03 9.999946e-01 1.570957e-03 8.432178e-02 -1.087147e-02 -1.539491e-03 9.999396e-01 -1.504395e+01
9.998646e-01 4.190566e-03 -1.590937e-02 -7.471378e+00 -4.203699e-03 9.999909e-01 -7.923108e-04 8.578381e-02 1.590585e-02 8.590896e-04 9.998730e-01 -1.512106e+01
9.999415e-01 -3.504215e-03 1.023176e-02 -7.432096e+00 3.491201e-03 9.999931e-01 1.289752e-03 8.397901e-02 -1.023627e-02 -1.253947e-03 9.999467e-01 -1.501167e+01
9.998479e-01 3.979630e-03 -1.698053e-02 -7.392230e+00 -3.991503e-03 9.999918e-01 -6.655558e-04 7.944671e-02 1.697768e-02 7.332403e-04 9.998555e-01 -1.475249e+01
9.999147e-01 -2.091174e-03 1.289523e-02 -7.380093e+00 2.066215e-03 9.999960e-01 1.948726e-03 7.976179e-02 -1.289931e-02 -1.921907e-03 9.999149e-01 -1.478650e+01
9.998475e-01 5.161177e-03 -1.668118e-02 -7.541438e+00 -5.170335e-03 9.999865e-01 -5.060479e-04 8.551014e-02 1.667829e-02 5.922261e-04 9.998606e-01 -1.522932e+01
9.999173e-01 -2.299634e-03 1.265316e-02 -7.697849e+00 2.277063e-03 9.999958e-01 1.798184e-03 9.118441e-02 -1.265730e-02 -1.769215e-03 9.999182e-01 -1.566178e+01
9.998465e-01 4.767821e-03 -1.686022e-02 -7.815516e+00 -4.779242e-03 9.999884e-01 -6.373291e-04 9.575153e-02 1.685693e-02 7.178184e-04 9.998576e-01 -1.600151e+01
9.999179e-01 -2.427468e-03 1.257994e-02 -7.928122e+00 2.405348e-03 9.999955e-01 1.773406e-03 1.001833e-01 -1.258424e-02 -1.742994e-03 9.999192e-01 -1.632582e+01
9.998463e-01 4.665641e-03 -1.689675e-02 -8.026807e+00 -4.677625e-03 9.999888e-01 -6.699342e-04 1.042195e-01 1.689338e-02 7.488760e-04 9.998569e-01 -1.661831e+01
9.999363e-01 -3.512049e-03 1.073031e-02 -8.038900e+00 3.500960e-03 9.999933e-01 1.052283e-03 1.058415e-01 -1.073399e-02 -1.014641e-03 9.999418e-01 -1.674396e+01
9.998711e-01 5.307700e-03 -1.515137e-02 -8.041684e+00 -5.307027e-03 9.999859e-01 8.445825e-05 1.070092e-01 1.515154e-02 -4.030557e-06 9.998851e-01 -1.681969e+01
9.999322e-01 -2.006427e-03 1.147010e-02 -8.221227e+00 1.989803e-03 9.999970e-01 1.460805e-03 1.132774e-01 -1.147306e-02 -1.437874e-03 9.999331e-01 -1.730944e+01
9.998686e-01 4.856444e-03 -1.546663e-02 -8.367626e+00 -4.859776e-03 9.999882e-01 -1.780152e-04 1.186397e-01 1.546552e-02 2.531643e-04 9.998803e-01 -1.771999e+01
9.999259e-01 -1.263469e-03 1.211032e-02 -8.563676e+00 1.239800e-03 9.999973e-01 1.961994e-03 1.252904e-01 -1.211283e-02 -1.946826e-03 9.999247e-01 -1.824319e+01
9.998679e-01 5.102706e-03 -1.543059e-02 -8.788767e+00 -5.107032e-03 9.999869e-01 -2.411813e-04 1.327969e-01 1.542910e-02 3.199622e-04 9.998808e-01 -1.883601e+01
9.999300e-01 -1.521359e-03 1.173423e-02 -9.019464e+00 1.501652e-03 9.999974e-01 1.688267e-03 1.405603e-01 -1.173683e-02 -1.670520e-03 9.999296e-01 -1.943840e+01
9.998672e-01 4.380493e-03 -1.569887e-02 -9.171650e+00 -4.387202e-03 9.999903e-01 -3.931451e-04 1.460816e-01 1.569693e-02 4.619752e-04 9.998766e-01 -1.985691e+01
9.999365e-01 -2.348874e-03 1.102373e-02 -9.269829e+00 2.334475e-03 9.999964e-01 1.319180e-03 1.502727e-01 -1.102685e-02 -1.293353e-03 9.999383e-01 -2.014886e+01
9.998767e-01 5.038403e-03 -1.487352e-02 -9.368723e+00 -5.036595e-03 9.999873e-01 1.587850e-04 1.542614e-01 1.487407e-02 -8.384523e-05 9.998893e-01 -2.044353e+01
9.999314e-01 -1.190750e-03 1.165168e-02 -9.585324e+00 1.170987e-03 9.999979e-01 1.703037e-03 1.614844e-01 -1.165374e-02 -1.689268e-03 9.999306e-01 -2.101680e+01
9.998718e-01 4.723786e-03 -1.529966e-02 -9.800006e+00 -4.727886e-03 9.999888e-01 -2.320209e-04 1.687779e-01 1.529833e-02 3.043346e-04 9.998828e-01 -2.158382e+01
9.999292e-01 -1.206939e-03 1.183416e-02 -9.995207e+00 1.184148e-03 9.999974e-01 1.932955e-03 1.754531e-01 -1.183652e-02 -1.918796e-03 9.999280e-01 -2.210633e+01
9.998620e-01 3.811040e-03 -1.616706e-02 -1.014632e+01 -3.825786e-03 9.999923e-01 -8.814466e-04 1.810644e-01 1.616351e-02 9.431852e-04 9.998688e-01 -2.252020e+01
9.999313e-01 -1.445204e-03 1.163299e-02 -1.028098e+01 1.422733e-03 9.999971e-01 1.939947e-03 1.862648e-01 -1.163582e-02 -1.923255e-03 9.999304e-01 -2.289304e+01
9.998491e-01 2.485784e-03 -1.718970e-02 -1.030756e+01 -2.510839e-03 9.999958e-01 -1.436283e-03 1.886874e-01 1.718600e-02 1.479236e-03 9.998511e-01 -2.301569e+01
9.999260e-01 -1.425475e-03 1.208082e-02 -1.030591e+01 1.399953e-03 9.999968e-01 2.121029e-03 1.900934e-01 -1.208386e-02 -2.103951e-03 9.999247e-01 -2.307145e+01
9.998431e-01 2.370901e-03 -1.755471e-02 -1.032144e+01 -2.399859e-03 9.999958e-01 -1.628876e-03 1.921275e-01 1.755071e-02 1.670758e-03 9.998445e-01 -2.316288e+01
9.999135e-01 -5.254276e-04 1.314435e-02 -1.034949e+01 4.882451e-04 9.999959e-01 2.832069e-03 1.942169e-01 -1.314585e-02 -2.825397e-03 9.999095e-01 -2.328975e+01
9.998540e-01 3.890557e-03 -1.664036e-02 -1.052968e+01 -3.910754e-03 9.999917e-01 -1.181553e-03 2.004473e-01 1.663556e-02 1.246465e-03 9.998608e-01 -2.377246e+01
9.999132e-01 -2.105349e-04 1.317128e-02 -1.074504e+01 1.730009e-04 9.999959e-01 2.851002e-03 2.077379e-01 -1.317189e-02 -2.848467e-03 9.999091e-01 -2.434777e+01
9.998571e-01 4.163395e-03 -1.638538e-02 -1.095882e+01 -4.180293e-03 9.999908e-01 -9.974016e-04 2.149202e-01 1.638101e-02 1.065763e-03 9.998652e-01 -2.492444e+01
9.999130e-01 2.623616e-05 1.319207e-02 -1.121036e+01 -6.382481e-05 9.999959e-01 2.849167e-03 2.232037e-01 -1.319201e-02 -2.849753e-03 9.999088e-01 -2.559132e+01
9.998598e-01 4.306526e-03 -1.617876e-02 -1.146232e+01 -4.321531e-03 9.999903e-01 -8.927890e-04 2.314413e-01 1.617469e-02 9.625895e-04 9.998686e-01 -2.625516e+01
9.999163e-01 -1.774844e-04 1.293413e-02 -1.171489e+01 1.427312e-04 9.999964e-01 2.688056e-03 2.397632e-01 -1.293463e-02 -2.685976e-03 9.999126e-01 -2.692191e+01
9.998611e-01 4.210163e-03 -1.612316e-02 -1.194541e+01 -4.224681e-03 9.999907e-01 -8.666986e-04 2.474272e-01 1.611929e-02 9.347021e-04 9.998696e-01 -2.753449e+01
9.999559e-01 -2.578110e-03 9.030335e-03 -1.198896e+01 2.567941e-03 9.999961e-01 1.137942e-03 2.496098e-01 -9.033300e-03 -1.114694e-03 9.999585e-01 -2.777494e+01
9.998613e-01 3.092917e-03 -1.636129e-02 -1.194561e+01 -3.100210e-03 9.999951e-01 -4.205724e-04 2.430923e-01 1.635984e-02 4.712462e-04 9.998660e-01 -2.742995e+01
9.999714e-01 -2.616604e-03 7.087613e-03 -1.191893e+01 2.605682e-03 9.999954e-01 1.550321e-03 2.313828e-01 -7.091705e-03 -1.531800e-03 9.999736e-01 -2.682541e+01
9.998294e-01 3.043791e-03 -1.821805e-02 -1.190329e+01 -3.043340e-03 9.999954e-01 5.228073e-05 2.131168e-01 1.821805e-02 3.180714e-06 9.998340e-01 -2.591945e+01
9.999522e-01 -2.729896e-03 9.381769e-03 -1.187717e+01 2.720440e-03 9.999958e-01 1.020952e-03 2.000259e-01 -9.384586e-03 -9.953719e-04 9.999554e-01 -2.527109e+01
9.998436e-01 3.203843e-03 -1.739114e-02 -1.184905e+01 -3.206036e-03 9.999949e-01 -9.840100e-05 1.912565e-01 1.739067e-02 1.541511e-04 9.998487e-01 -2.480205e+01
9.999397e-01 -2.669997e-03 1.065160e-02 -1.180879e+01 2.662300e-03 9.999962e-01 7.370628e-04 1.848248e-01 -1.065360e-02 -7.086515e-04 9.999429e-01 -2.447127e+01
9.998419e-01 3.171010e-03 -1.749776e-02 -1.177202e+01 -3.173123e-03 9.999950e-01 -9.320100e-05 1.795453e-01 1.749731e-02 1.487178e-04 9.998468e-01 -2.417740e+01
9.999434e-01 -2.725507e-03 1.028710e-02 -1.174010e+01 2.716979e-03 9.999960e-01 8.432861e-04 1.729152e-01 -1.028943e-02 -8.152794e-04 9.999466e-01 -2.380987e+01
9.998368e-01 3.192326e-03 -1.778309e-02 -1.170842e+01 -3.193289e-03 9.999949e-01 -2.594957e-05 1.656585e-01 1.778285e-02 8.274089e-05 9.998418e-01 -2.341349e+01
9.999479e-01 -2.709981e-03 9.839029e-03 -1.167694e+01 2.701158e-03 9.999959e-01 9.103118e-04 1.574606e-01 -9.841528e-03 -8.836784e-04 9.999511e-01 -2.297320e+01
9.998336e-01 3.129778e-03 -1.796849e-02 -1.164794e+01 -3.129147e-03 9.999951e-01 6.300564e-05 1.478459e-01 1.796852e-02 -6.760028e-06 9.998385e-01 -2.247081e+01
9.999353e-01 -2.669691e-03 1.105222e-02 -1.161018e+01 2.663048e-03 9.999963e-01 6.161376e-04 1.414588e-01 -1.105390e-02 -5.866559e-04 9.999386e-01 -2.213129e+01
9.998600e-01 3.744906e-03 -1.630966e-02 -1.159275e+01 -3.744904e-03 9.999930e-01 3.038340e-05 1.420100e-01 1.630959e-02 3.070807e-05 9.998669e-01 -2.213646e+01
9.999396e-01 -3.004890e-03 1.056897e-02 -1.157445e+01 3.001060e-03 9.999954e-01 3.785914e-04 1.418976e-01 -1.057013e-02 -3.468412e-04 9.999440e-01 -2.211424e+01
9.998457e-01 3.509723e-03 -1.721124e-02 -1.153684e+01 -3.507490e-03 9.999938e-01 1.596778e-04 1.378687e-01 1.721161e-02 -9.927581e-05 9.998518e-01 -2.189055e+01
9.999385e-01 -2.976241e-03 1.067876e-02 -1.149672e+01 2.971632e-03 9.999955e-01 4.478654e-04 1.325765e-01 -1.068012e-02 -4.160952e-04 9.999428e-01 -2.160412e+01
9.998632e-01 3.992938e-03 -1.605084e-02 -1.147677e+01 -3.990801e-03 9.999920e-01 1.648908e-04 1.327923e-01 1.605130e-02 -1.008035e-04 9.998711e-01 -2.159024e+01
9.999353e-01 -2.596075e-03 1.107497e-02 -1.148257e+01 2.588582e-03 9.999964e-01 6.912864e-04 1.342776e-01 -1.107680e-02 -6.625639e-04 9.999383e-01 -2.166790e+01
9.998566e-01 3.698803e-03 -1.652335e-02 -1.149068e+01 -3.701349e-03 9.999931e-01 -1.237092e-04 1.360497e-01 1.652270e-02 1.848593e-04 9.998634e-01 -2.175969e+01
9.999308e-01 -2.407437e-03 1.151552e-02 -1.148394e+01 2.396829e-03 9.999967e-01 9.352927e-04 1.371248e-01 -1.151781e-02 -9.076180e-04 9.999332e-01 -2.180696e+01
9.998438e-01 3.157954e-03 -1.738994e-02 -1.147254e+01 -3.168640e-03 9.999948e-01 -5.872125e-04 1.376046e-01 1.738792e-02 6.422324e-04 9.998485e-01 -2.182548e+01
9.999323e-01 -2.657324e-03 1.132976e-02 -1.143042e+01 2.645201e-03 9.999959e-01 1.085253e-03 1.340338e-01 -1.133268e-02 -1.055200e-03 9.999351e-01 -2.162005e+01
9.998324e-01 3.151556e-03 -1.803144e-02 -1.139303e+01 -3.160057e-03 9.999949e-01 -4.431926e-04 1.291310e-01 1.802988e-02 5.001079e-04 9.998372e-01 -2.134152e+01
9.999363e-01 -2.709957e-03 1.095317e-02 -1.135947e+01 2.697340e-03 9.999957e-01 1.166945e-03 1.229685e-01 -1.095636e-02 -1.137317e-03 9.999392e-01 -2.099716e+01
9.998275e-01 3.171537e-03 -1.829743e-02 -1.132705e+01 -3.178858e-03 9.999949e-01 -3.712546e-04 1.161049e-01 1.829608e-02 4.293646e-04 9.998324e-01 -2.061918e+01
9.999403e-01 -2.760687e-03 1.057023e-02 -1.129745e+01 2.747777e-03 9.999955e-01 1.236131e-03 1.081598e-01 -1.057368e-02 -1.207003e-03 9.999433e-01 -2.018815e+01
9.998187e-01 3.158179e-03 -1.877643e-02 -1.127050e+01 -3.163312e-03 9.999950e-01 -2.439557e-04 9.868674e-02 1.877549e-02 3.033165e-04 9.998236e-01 -1.968586e+01
9.999306e-01 -2.768791e-03 1.145065e-02 -1.123840e+01 2.757199e-03 9.999957e-01 1.028456e-03 9.169816e-02 -1.145353e-02 -9.968032e-04 9.999338e-01 -1.930400e+01
9.998080e-01 3.170825e-03 -1.933382e-02 -1.120863e+01 -3.173516e-03 9.999950e-01 -1.087554e-04 8.379380e-02 1.933330e-02 1.701000e-04 9.998130e-01 -1.887183e+01
9.999345e-01 -2.831219e-03 1.108338e-02 -1.118088e+01 2.819170e-03 9.999954e-01 1.103027e-03 7.435264e-02 -1.108654e-02 -1.071699e-03 9.999379e-01 -1.837127e+01
9.998151e-01 3.182563e-03 -1.896094e-02 -1.115140e+01 -3.186459e-03 9.999949e-01 -1.755172e-04 6.582326e-02 1.896020e-02 2.359124e-04 9.998201e-01 -1.791413e+01
9.999435e-01 -2.801720e-03 1.025382e-02 -1.112568e+01 2.789063e-03 9.999953e-01 1.248927e-03 5.562980e-02 -1.025735e-02 -1.220248e-03 9.999466e-01 -1.737349e+01
9.998131e-01 3.112558e-03 -1.907941e-02 -1.110241e+01 -3.115061e-03 9.999951e-01 -1.017349e-04 4.402832e-02 1.907892e-02 1.611588e-04 9.998179e-01 -1.677232e+01
9.999393e-01 -2.765558e-03 1.066439e-02 -1.107664e+01 2.753687e-03 9.999956e-01 1.128171e-03 3.414971e-02 -1.066755e-02 -1.098726e-03 9.999424e-01 -1.624786e+01
9.998153e-01 3.140511e-03 -1.895776e-02 -1.105055e+01 -3.143089e-03 9.999951e-01 -1.064722e-04 2.454407e-02 1.895725e-02 1.660480e-04 9.998202e-01 -1.573642e+01
9.999431e-01 -2.814405e-03 1.028975e-02 -1.102679e+01 2.802281e-03 9.999954e-01 1.193057e-03 1.370999e-02 -1.029314e-02 -1.164144e-03 9.999463e-01 -1.516761e+01
9.997828e-01 3.229506e-03 -2.058607e-02 -1.100826e+01 -3.225091e-03 9.999948e-01 2.474296e-04 -1.134510e-03 2.058668e-02 -1.809743e-04 9.997880e-01 -1.440969e+01
9.998709e-01 -7.586626e-04 1.605113e-02 -1.094457e+01 7.362618e-04 9.999987e-01 1.401787e-03 -6.634818e-03 -1.605225e-02 -1.389778e-03 9.998701e-01 -1.424958e+01
9.997836e-01 3.800033e-03 -2.044999e-02 -1.111268e+01 -3.804802e-03 9.999927e-01 -1.945521e-04 -4.863969e-04 2.044902e-02 2.723278e-04 9.997908e-01 -1.472851e+01
9.998534e-01 -2.060346e-04 1.711809e-02 -1.128389e+01 1.708307e-04 9.999979e-01 2.058284e-03 5.484023e-03 -1.711857e-02 -2.055049e-03 9.998513e-01 -1.520214e+01
9.997005e-01 1.450274e-03 -2.442695e-02 -1.131037e+01 -1.495517e-03 9.999972e-01 -1.834225e-03 5.734481e-03 2.442413e-02 1.870216e-03 9.996999e-01 -1.535688e+01
9.998808e-01 -1.197122e-03 1.538905e-02 -1.128725e+01 1.151286e-03 9.999949e-01 2.987382e-03 -6.427336e-03 -1.539263e-02 -2.969300e-03 9.998770e-01 -1.473206e+01
9.997244e-01 1.479360e-03 -2.343012e-02 -1.126019e+01 -1.528055e-03 9.999967e-01 -2.060789e-03 -1.555839e-02 2.342691e-02 2.096033e-03 9.997233e-01 -1.424711e+01
9.999023e-01 -1.148199e-03 1.393254e-02 -1.123857e+01 1.102580e-03 9.999940e-01 3.281870e-03 -2.801748e-02 -1.393631e-02 -3.266178e-03 9.998975e-01 -1.359957e+01
9.997384e-01 1.399490e-03 -2.282657e-02 -1.121571e+01 -1.449635e-03 9.999966e-01 -2.180618e-03 -4.059501e-02 2.282335e-02 2.213148e-03 9.997370e-01 -1.296214e+01
9.999146e-01 -1.035459e-03 1.302301e-02 -1.119516e+01 9.905199e-04 9.999935e-01 3.457185e-03 -5.381590e-02 -1.302659e-02 -3.443980e-03 9.999091e-01 -1.227973e+01
9.997667e-01 1.241389e-03 -2.156165e-02 -1.116771e+01 -1.295169e-03 9.999961e-01 -2.480710e-03 -6.550364e-02 2.155839e-02 2.508067e-03 9.997644e-01 -1.169390e+01
9.998720e-01 -4.843866e-04 1.598969e-02 -1.112256e+01 4.359930e-04 9.999953e-01 3.030261e-03 -6.785604e-02 -1.599118e-02 -3.022892e-03 9.998675e-01 -1.156249e+01
9.997419e-01 9.274771e-04 -2.269939e-02 -1.108724e+01 -9.847361e-04 9.999964e-01 -2.511703e-03 -7.158916e-02 2.269689e-02 2.533417e-03 9.997391e-01 -1.134764e+01
9.998287e-01 8.336204e-04 1.848953e-02 -1.106862e+01 -9.028728e-04 9.999926e-01 3.737784e-03 -7.181158e-02 -1.848637e-02 -3.753827e-03 9.998220e-01 -1.135375e+01
9.997448e-01 1.888675e-03 -2.251105e-02 -1.121885e+01 -1.945327e-03 9.999950e-01 -2.495254e-03 -6.634310e-02 2.250613e-02 2.538418e-03 9.997434e-01 -1.175989e+01
9.998637e-01 -1.127266e-03 1.646716e-02 -1.122937e+01 1.081395e-03 9.999955e-01 2.794601e-03 -6.493698e-02 -1.647033e-02 -2.776403e-03 9.998604e-01 -1.185208e+01
9.997144e-01 1.513178e-03 -2.384723e-02 -1.119639e+01 -1.562083e-03 9.999967e-01 -2.032512e-03 -7.106243e-02 2.384398e-02 2.069193e-03 9.997135e-01 -1.150490e+01
9.998439e-01 -9.962837e-04 1.764101e-02 -1.115026e+01 9.507328e-04 9.999962e-01 2.590651e-03 -7.545455e-02 -1.764361e-02 -2.573465e-03 9.998410e-01 -1.127304e+01
9.997018e-01 1.446733e-03 -2.437431e-02 -1.111213e+01 -1.496319e-03 9.999968e-01 -2.016496e-03 -7.972734e-02 2.437123e-02 2.052377e-03 9.997008e-01 -1.102651e+01
9.998607e-01 -1.067720e-03 1.665456e-02 -1.108001e+01 1.020234e-03 9.999954e-01 2.859834e-03 -8.771439e-02 -1.665763e-02 -2.842434e-03 9.998571e-01 -1.059898e+01
9.997531e-01 2.149970e-03 -2.211295e-02 -1.102726e+01 -2.197012e-03 9.999954e-01 -2.103594e-03 -9.045111e-02 2.210823e-02 2.151667e-03 9.997532e-01 -1.046562e+01
9.998811e-01 -1.449438e-03 1.534724e-02 -1.102064e+01 1.412724e-03 9.999961e-01 2.403232e-03 -9.083723e-02 -1.535076e-02 -2.381256e-03 9.998793e-01 -1.048083e+01
9.997254e-01 1.873648e-03 -2.335589e-02 -1.098774e+01 -1.909109e-03 9.999971e-01 -1.496380e-03 -9.924097e-02 2.335293e-02 1.540567e-03 9.997260e-01 -1.003405e+01
9.998678e-01 -1.483624e-03 1.619186e-02 -1.095203e+01 1.447742e-03 9.999965e-01 2.227940e-03 -1.056021e-01 -1.619520e-02 -2.204194e-03 9.998664e-01 -9.684452e+00
9.996991e-01 1.932211e-03 -2.445104e-02 -1.092001e+01 -1.963832e-03 9.999973e-01 -1.269531e-03 -1.145954e-01 2.444843e-02 1.317177e-03 9.997002e-01 -9.209646e+00
9.998598e-01 -1.608956e-03 1.666676e-02 -1.088642e+01 1.573374e-03 9.999965e-01 2.148225e-03 -1.231048e-01 -1.667025e-02 -2.121691e-03 9.998587e-01 -8.764884e+00
9.997204e-01 1.979821e-03 -2.356035e-02 -1.084835e+01 -2.014992e-03 9.999969e-01 -1.469435e-03 -1.284548e-01 2.355727e-02 1.516508e-03 9.997213e-01 -8.462782e+00
9.998115e-01 8.068009e-05 1.941141e-02 -1.086526e+01 -1.354152e-04 9.999960e-01 2.818781e-03 -1.269334e-01 -1.941120e-02 -2.820869e-03 9.998075e-01 -8.569846e+00
9.997222e-01 2.845430e-03 -2.339663e-02 -1.102779e+01 -2.882946e-03 9.999946e-01 -1.570220e-03 -1.210813e-01 2.339195e-02 1.637244e-03 9.997250e-01 -9.016558e+00
9.998551e-01 -1.950309e-03 1.691175e-02 -1.102676e+01 1.919409e-03 9.999965e-01 1.843602e-03 -1.206914e-01 -1.691538e-02 -1.810865e-03 9.998552e-01 -9.096137e+00
9.996863e-01 2.365746e-03 -2.493142e-02 -1.099456e+01 -2.389071e-03 9.999967e-01 -9.060982e-04 -1.298430e-01 2.492910e-02 9.653866e-04 9.996887e-01 -8.619278e+00
9.998547e-01 -1.955060e-03 1.693432e-02 -1.096242e+01 1.924487e-03 9.999965e-01 1.821909e-03 -1.385025e-01 -1.693792e-02 -1.789044e-03 9.998549e-01 -8.161773e+00
9.996675e-01 2.403190e-03 -2.567380e-02 -1.093249e+01 -2.423163e-03 9.999968e-01 -7.471267e-04 -1.490933e-01 2.567182e-02 8.090997e-04 9.996700e-01 -7.614369e+00
9.999111e-01 -1.903605e-03 1.319671e-02 -1.087527e+01 1.875746e-03 9.999960e-01 2.123668e-03 -1.687981e-01 -1.320080e-02 -2.098716e-03 9.999106e-01 -6.703380e+00
9.996540e-01 2.634425e-03 -2.616877e-02 -1.078195e+01 -2.657476e-03 9.999961e-01 -8.463765e-04 -1.924577e-01 2.616634e-02 9.156362e-04 9.996571e-01 -5.691760e+00
9.998463e-01 -2.063848e-03 1.740631e-02 -1.071658e+01 2.033873e-03 9.999964e-01 1.739979e-03 -2.047494e-01 -1.740994e-02 -1.704300e-03 9.998469e-01 -5.134397e+00
9.997858e-01 1.371728e-02 -1.549284e-02 -1.117359e+01 -1.365565e-02 9.998984e-01 4.075845e-03 -1.930909e-01 1.554708e-02 -3.863399e-03 9.998716e-01 -6.370524e+00
9.999761e-01 -6.284120e-03 2.860300e-03 -1.163702e+01 6.294485e-03 9.999736e-01 -3.626678e-03 -1.792936e-01 -2.837530e-03 3.644606e-03 9.999893e-01 -7.927095e+00
9.999230e-01 6.713811e-03 -1.043117e-02 -1.160010e+01 -6.667307e-03 9.999677e-01 4.485932e-03 -1.878449e-01 1.046086e-02 -4.416030e-03 9.999355e-01 -7.490322e+00
9.999724e-01 -6.163741e-03 4.127839e-03 -1.155611e+01 6.180074e-03 9.999731e-01 -3.954180e-03 -1.913453e-01 -4.103451e-03 3.979591e-03 9.999836e-01 -7.278517e+00
9.999098e-01 6.695764e-03 -1.164056e-02 -1.151679e+01 -6.640780e-03 9.999666e-01 4.755186e-03 -1.979271e-01 1.167191e-02 -4.677446e-03 9.999209e-01 -6.920515e+00
9.999754e-01 -6.176038e-03 3.309703e-03 -1.148247e+01 6.188626e-03 9.999736e-01 -3.804612e-03 -2.075215e-01 -3.286214e-03 3.825010e-03 9.999872e-01 -6.425669e+00
9.998879e-01 6.662872e-03 -1.340837e-02 -1.145666e+01 -6.594187e-03 9.999649e-01 5.159806e-03 -2.216815e-01 1.344218e-02 -5.070801e-03 9.998967e-01 -5.712549e+00
9.999738e-01 -6.201162e-03 3.722939e-03 -1.143017e+01 6.215556e-03 9.999732e-01 -3.865109e-03 -2.366240e-01 -3.698967e-03 3.888157e-03 9.999855e-01 -4.977053e+00
9.998928e-01 6.682723e-03 -1.302805e-02 -1.139897e+01 -6.617211e-03 9.999653e-01 5.064605e-03 -2.490889e-01 1.306135e-02 -4.977844e-03 9.999022e-01 -4.351371e+00
9.999738e-01 -6.183937e-03 3.760060e-03 -1.136878e+01 6.198606e-03 9.999732e-01 -3.900239e-03 -2.619707e-01 -3.735937e-03 3.923453e-03 9.999853e-01 -3.708296e+00
9.999062e-01 1.215149e-02 -6.313334e-03 -1.145681e+01 -1.210619e-02 9.999011e-01 7.164013e-03 -2.600812e-01 6.399666e-03 -7.086903e-03 9.999543e-01 -4.081542e+00
9.999609e-01 -8.173528e-03 -3.374375e-03 -1.160102e+01 8.150910e-03 9.999446e-01 -6.665355e-03 -2.555344e-01 3.428570e-03 6.637599e-03 9.999720e-01 -4.734611e+00
9.999531e-01 8.583692e-03 -4.470134e-03 -1.156770e+01 -8.549684e-03 9.999348e-01 7.570798e-03 -2.648225e-01 4.534730e-03 -7.532217e-03 9.999613e-01 -4.254603e+00
9.999619e-01 -8.024152e-03 -3.439158e-03 -1.153365e+01 8.000803e-03 9.999452e-01 -6.752206e-03 -2.734518e-01 3.493053e-03 6.724442e-03 9.999712e-01 -3.802617e+00
9.999543e-01 8.508096e-03 -4.340072e-03 -1.149902e+01 -8.474834e-03 9.999350e-01 7.624070e-03 -2.821014e-01 4.404558e-03 -7.586933e-03 9.999615e-01 -3.352324e+00
9.999627e-01 -7.960905e-03 -3.324604e-03 -1.146447e+01 7.938019e-03 9.999451e-01 -6.843588e-03 -2.902857e-01 3.378804e-03 6.816952e-03 9.999710e-01 -2.921941e+00
9.999525e-01 8.446777e-03 -4.862367e-03 -1.143117e+01 -8.408743e-03 9.999343e-01 7.788826e-03 -2.997131e-01 4.927740e-03 -7.747562e-03 9.999578e-01 -2.433541e+00
9.999562e-01 -7.928681e-03 -4.958615e-03 -1.140386e+01 7.895824e-03 9.999470e-01 -6.612588e-03 -3.132418e-01 5.010683e-03 6.573156e-03 9.999658e-01 -1.751837e+00
9.999535e-01 8.319748e-03 -4.872556e-03 -1.137803e+01 -8.280889e-03 9.999342e-01 7.940131e-03 -3.283474e-01 4.938196e-03 -7.899405e-03 9.999565e-01 -1.005431e+00
9.999599e-01 -7.833567e-03 -4.322932e-03 -1.134831e+01 7.803892e-03 9.999461e-01 -6.841149e-03 -3.411750e-01 4.376191e-03 6.807149e-03 9.999672e-01 -3.640076e-01
9.999504e-01 8.261430e-03 -5.548843e-03 -1.132144e+01 -8.216156e-03 9.999332e-01 8.131798e-03 -3.552396e-01 5.615554e-03 -8.085797e-03 9.999515e-01 3.404855e-01
9.999628e-01 -7.827957e-03 -3.616271e-03 -1.129392e+01 7.802576e-03 9.999452e-01 -6.982576e-03 -3.691708e-01 3.670633e-03 6.954109e-03 9.999690e-01 1.028007e+00
9.999562e-01 8.277029e-03 -4.356833e-03 -1.125940e+01 -8.242418e-03 9.999348e-01 7.901254e-03 -3.783966e-01 4.421849e-03 -7.864989e-03 9.999592e-01 1.504138e+00
9.999594e-01 -7.757367e-03 -4.583854e-03 -1.122936e+01 7.725704e-03 9.999464e-01 -6.887297e-03 -3.894559e-01 4.636937e-03 6.851613e-03 9.999657e-01 2.072732e+00
9.999574e-01 8.163462e-03 -4.295408e-03 -1.119939e+01 -8.128868e-03 9.999349e-01 8.008662e-03 -4.015801e-01 4.360408e-03 -7.973396e-03 9.999586e-01 2.682298e+00
9.999633e-01 -7.671751e-03 -3.805737e-03 -1.116569e+01 7.644507e-03 9.999454e-01 -7.124441e-03 -4.112054e-01 3.860087e-03 7.095096e-03 9.999673e-01 3.176915e+00
9.999577e-01 8.128512e-03 -4.297487e-03 -1.113130e+01 -8.093714e-03 9.999348e-01 8.051760e-03 -4.203697e-01 4.362556e-03 -8.016628e-03 9.999583e-01 3.652586e+00
9.999637e-01 -7.621653e-03 -3.787510e-03 -1.109696e+01 7.594318e-03 9.999454e-01 -7.182015e-03 -4.296982e-01 3.841943e-03 7.153001e-03 9.999670e-01 4.133964e+00
9.998501e-01 1.709844e-02 2.697600e-03 -1.133116e+01 -1.713044e-02 9.997773e-01 1.232807e-02 -4.247315e-01 -2.486308e-03 -1.237243e-02 9.999203e-01 3.347518e+00
9.999753e-01 -3.699784e-03 -5.963689e-03 -1.204667e+01 3.655542e-03 9.999658e-01 -7.413865e-03 -4.057352e-01 5.990816e-03 7.391890e-03 9.999547e-01 1.210624e+00
9.999467e-01 9.166504e-03 -4.739011e-03 -1.230346e+01 -9.127885e-03 9.999255e-01 8.106034e-03 -3.985363e-01 4.812862e-03 -8.062338e-03 9.999559e-01 2.209938e-01
9.999604e-01 -8.592243e-03 -2.286124e-03 -1.226137e+01 8.574941e-03 9.999353e-01 -7.477110e-03 -4.047449e-01 2.350122e-03 7.457219e-03 9.999694e-01 5.524054e-01
9.999412e-01 9.105757e-03 -5.875145e-03 -1.222393e+01 -9.056366e-03 9.999239e-01 8.378036e-03 -4.130956e-01 5.950887e-03 -8.324329e-03 9.999476e-01 9.904669e-01
9.999611e-01 -8.649807e-03 -1.690826e-03 -1.218790e+01 8.636754e-03 9.999339e-01 -7.585296e-03 -4.215800e-01 1.756226e-03 7.570407e-03 9.999698e-01 1.427629e+00
9.999424e-01 9.118893e-03 -5.648117e-03 -1.214910e+01 -9.071503e-03 9.999239e-01 8.358675e-03 -4.279254e-01 5.723809e-03 -8.306949e-03 9.999491e-01 1.774351e+00
9.999622e-01 -8.632387e-03 -1.015530e-03 -1.210723e+01 8.624254e-03 9.999327e-01 -7.765051e-03 -4.332093e-01 1.082393e-03 7.756008e-03 9.999693e-01 2.064221e+00
9.999473e-01 9.158219e-03 -4.633555e-03 -1.205776e+01 -9.120113e-03 9.999250e-01 8.177616e-03 -4.351407e-01 4.708000e-03 -8.134919e-03 9.999558e-01 2.195417e+00
9.999618e-01 -8.622936e-03 -1.395367e-03 -1.201201e+01 8.611839e-03 9.999327e-01 -7.778102e-03 -4.375941e-01 1.462244e-03 7.765797e-03 9.999687e-01 2.354107e+00
