9.999649e-01 -4.929598e-03 -6.770201e-03 6.649015e-02 4.880612e-03 9.999619e-01 -7.233197e-03 -2.503371e-02 6.805599e-03 7.199900e-03 9.999508e-01 1.400735e+00
9.999999e-01 4.252398e-04 -1.463615e-05 1.257299e-01 -4.252382e-04 9.999999e-01 1.128772e-04 -4.906961e-02 1.468283e-05 -1.128719e-04 9.999999e-01 2.699010e+00
9.999642e-01 -4.892166e-03 -6.898195e-03 1.852574e-01 4.841614e-03 9.999614e-01 -7.326131e-03 -7.344666e-02 6.933768e-03 7.292469e-03 9.999493e-01 4.054318e+00
1.000000e+00 2.600570e-04 -9.207423e-06 2.470391e-01 -2.600561e-04 1.000000e+00 9.994768e-05 -9.849299e-02 9.230709e-06 -9.994767e-05 9.999999e-01 5.487297e+00
9.999664e-01 -4.933405e-03 -6.549148e-03 3.067909e-01 4.890610e-03 9.999667e-01 -6.534471e-03 -1.233762e-01 6.581163e-03 6.502219e-03 9.999571e-01 6.861036e+00
9.999999e-01 4.011405e-04 1.685993e-04 3.622578e-01 -4.011689e-04 9.999999e-01 1.679534e-04 -1.479121e-01 -1.685359e-04 -1.680247e-04 9.999999e-01 8.189710e+00
9.999689e-01 -4.588301e-03 -6.420688e-03 4.256445e-01 4.546760e-03 9.999687e-01 -6.469599e-03 -1.720372e-01 6.450167e-03 6.440200e-03 9.999584e-01 9.469985e+00
1.000000e+00 2.538250e-04 -1.598298e-04 4.867739e-01 -2.538652e-04 9.999999e-01 -2.506127e-04 -1.965997e-01 1.597609e-04 2.506484e-04 9.999999e-01 1.082607e+01
9.999686e-01 -4.689490e-03 -6.388655e-03 5.490960e-01 4.648186e-03 9.999683e-01 -6.464698e-03 -2.212200e-01 6.418762e-03 6.434793e-03 9.999586e-01 1.218407e+01
1.000000e+00 1.667492e-04 -2.068140e-04 6.126937e-01 -1.668326e-04 9.999999e-01 -4.023861e-04 -2.460311e-01 2.067402e-04 4.024143e-04 9.999998e-01 1.356518e+01
9.999681e-01 -4.705054e-03 -6.458629e-03 6.758660e-01 4.662620e-03 9.999676e-01 -6.569476e-03 -2.708617e-01 6.489321e-03 6.539145e-03 9.999575e-01 1.495301e+01
1.000000e+00 3.161078e-05 -1.948813e-04 7.416966e-01 -3.170696e-05 9.999999e-01 -4.921252e-04 -2.957877e-01 1.948577e-04 4.921238e-04 9.999998e-01 1.634710e+01
9.999704e-01 -4.346512e-03 -6.346259e-03 8.034029e-01 4.307429e-03 9.999718e-01 -6.159139e-03 -3.201070e-01 6.372842e-03 6.131613e-03 9.999608e-01 1.767461e+01
1.000000e+00 1.085552e-04 3.899751e-05 8.658742e-01 -1.085493e-04 1.000000e+00 -1.602615e-04 -3.444954e-01 -3.902424e-05 1.602484e-04 9.999999e-01 1.899448e+01
9.999686e-01 -4.413658e-03 -6.584145e-03 9.269469e-01 4.370904e-03 9.999694e-01 -6.493695e-03 -3.692495e-01 6.612595e-03 6.464702e-03 9.999571e-01 2.037195e+01
1.000000e+00 1.543996e-05 1.092350e-05 9.890794e-01 -1.543752e-05 1.000000e+00 -2.712594e-04 -3.941627e-01 -1.093836e-05 2.712491e-04 9.999999e-01 2.176796e+01
9.999533e-01 -5.249052e-03 -8.116350e-03 1.030514e+00 5.184403e-03 9.999548e-01 -7.965851e-03 -4.212172e-01 8.157785e-03 7.923389e-03 9.999352e-01 2.352385e+01
9.999989e-01 -6.130682e-04 1.320707e-03 1.097049e+00 6.124261e-04 9.999997e-01 4.859849e-04 -4.493188e-01 -1.321017e-03 -4.851872e-04 9.999989e-01 2.528916e+01
9.999644e-01 -3.748141e-03 -7.558960e-03 1.159899e+00 3.697206e-03 9.999704e-01 -6.740939e-03 -4.742945e-01 7.583990e-03 6.712740e-03 9.999486e-01 2.666751e+01
9.999992e-01 -5.628985e-04 1.140048e-03 1.221813e+00 5.625949e-04 9.999998e-01 2.658910e-04 -4.990571e-01 -1.140211e-03 -2.652622e-04 9.999992e-01 2.803555e+01
9.999641e-01 -3.958515e-03 -7.488573e-03 1.287239e+00 3.907688e-03 9.999693e-01 -6.789655e-03 -5.243836e-01 7.515206e-03 6.760135e-03 9.999488e-01 2.945939e+01
9.999988e-01 -2.705485e-04 1.511533e-03 1.354382e+00 2.692008e-04 9.999996e-01 8.910397e-04 -5.490822e-01 -1.511789e-03 -8.906457e-04 9.999984e-01 3.078789e+01
9.999678e-01 -3.425201e-03 -7.261361e-03 1.414608e+00 3.380408e-03 9.999752e-01 -6.171853e-03 -5.725880e-01 7.282305e-03 6.147093e-03 9.999545e-01 3.197328e+01
9.999992e-01 -3.034884e-04 1.228444e-03 1.472024e+00 3.028130e-04 9.999998e-01 5.490116e-04 -5.962902e-01 -1.228626e-03 -5.486541e-04 9.999990e-01 3.320196e+01
9.999690e-01 -3.610896e-03 -6.994235e-03 1.536010e+00 3.569466e-03 9.999761e-01 -5.926733e-03 -6.203187e-01 7.015451e-03 5.901568e-03 9.999579e-01 3.444265e+01
9.999988e-01 -1.868070e-04 1.530299e-03 1.600830e+00 1.853797e-04 9.999995e-01 9.318565e-04 -6.440865e-01 -1.530489e-03 -9.315876e-04 9.999983e-01 3.563368e+01
9.999693e-01 -3.395212e-03 -7.066857e-03 1.663265e+00 3.353743e-03 9.999771e-01 -5.871522e-03 -6.674439e-01 7.086613e-03 5.847624e-03 9.999577e-01 3.678752e+01
9.999995e-01 -2.977365e-04 9.718469e-04 1.718861e+00 2.975424e-04 9.999999e-01 1.981842e-04 -6.912906e-01 -9.719242e-04 -1.979118e-04 9.999994e-01 3.803714e+01
9.999664e-01 -4.649337e-03 -6.746183e-03 1.799247e+00 4.607176e-03 9.999698e-01 -6.251515e-03 -7.178094e-01 6.775026e-03 6.220206e-03 9.999576e-01 3.954105e+01
9.999996e-01 7.853604e-04 3.716992e-04 1.855723e+00 -7.853221e-04 9.999997e-01 -1.080026e-04 -7.423780e-01 -3.718035e-04 1.076927e-04 9.999998e-01 4.088924e+01
9.999702e-01 -4.641633e-03 -6.172151e-03 1.919053e+00 4.608097e-03 9.999746e-01 -5.436311e-03 -7.664658e-01 6.197208e-03 5.407688e-03 9.999661e-01 4.213792e+01
9.999993e-01 1.049461e-03 4.545602e-04 1.979580e+00 -1.049554e-03 9.999994e-01 2.001209e-04 -7.899719e-01 -4.543706e-04 -2.006168e-04 9.999998e-01 4.332136e+01
9.999720e-01 -4.493294e-03 -5.980707e-03 2.038083e+00 4.464147e-03 9.999781e-01 -4.877670e-03 -8.130699e-01 6.002472e-03 4.850816e-03 9.999701e-01 4.444690e+01
9.999993e-01 1.013555e-03 5.658121e-04 2.097203e+00 -1.013682e-03 9.999995e-01 2.211933e-04 -8.361974e-01 -5.656095e-04 -2.217865e-04 9.999997e-01 4.557572e+01
9.999741e-01 -4.403150e-03 -5.693354e-03 2.161488e+00 4.377156e-03 9.999800e-01 -4.569722e-03 -8.584980e-01 5.713339e-03 4.544663e-03 9.999733e-01 4.658115e+01
9.999988e-01 1.487946e-03 4.005968e-04 2.215863e+00 -1.488134e-03 9.999988e-01 4.624484e-04 -8.793783e-01 -3.999312e-04 -4.630645e-04 9.999997e-01 4.745064e+01
9.999718e-01 -4.628726e-03 -5.919665e-03 2.270252e+00 4.599777e-03 9.999774e-01 -4.894200e-03 -9.009332e-01 5.942162e-03 4.866812e-03 9.999704e-01 4.841141e+01
9.999982e-01 1.781742e-03 6.937979e-04 2.323267e+00 -1.782308e-03 9.999981e-01 8.116275e-04 -9.220493e-01 -6.923745e-04 -8.128839e-04 9.999993e-01 4.930527e+01
9.999615e-01 -5.408360e-03 -6.914258e-03 2.370607e+00 5.366204e-03 9.999670e-01 -6.100701e-03 -9.447917e-01 6.947000e-03 6.063341e-03 9.999574e-01 5.045016e+01
9.999968e-01 1.743162e-03 1.845668e-03 2.435651e+00 -1.745862e-03 9.999974e-01 1.460666e-03 -9.678629e-01 -1.843142e-03 -1.463906e-03 9.999971e-01 5.152716e+01
9.999597e-01 -4.660349e-03 -7.668297e-03 2.484958e+00 4.610300e-03 9.999680e-01 -6.531113e-03 -9.897908e-01 7.698463e-03 6.495474e-03 9.999492e-01 5.255076e+01
9.999969e-01 1.284903e-03 2.137715e-03 2.544337e+00 -1.288079e-03 9.999981e-01 1.483213e-03 -1.012610e+00 -2.135831e-03 -1.485985e-03 9.999965e-01 5.364316e+01
9.999522e-01 -5.160477e-03 -8.303055e-03 2.594061e+00 5.101752e-03 9.999619e-01 -7.078043e-03 -1.035690e+00 8.339238e-03 7.035322e-03 9.999404e-01 5.480325e+01
9.999986e-01 2.334367e-04 1.658653e-03 2.634064e+00 -2.350595e-04 9.999995e-01 9.762357e-04 -1.059432e+00 -1.658452e-03 -9.766481e-04 9.999981e-01 5.602505e+01
9.999582e-01 -4.623833e-03 -7.886667e-03 2.670886e+00 4.570286e-03 9.999665e-01 -6.793691e-03 -1.082023e+00 7.917788e-03 6.757338e-03 9.999457e-01 5.712810e+01
9.999966e-01 1.352937e-03 2.227115e-03 2.720734e+00 -1.356493e-03 9.999978e-01 1.594254e-03 -1.103742e+00 -2.224982e-03 -1.597294e-03 9.999962e-01 5.809751e+01
9.999533e-01 -4.860265e-03 -8.353432e-03 2.776755e+00 4.797687e-03 9.999604e-01 -7.494639e-03 -1.126149e+00 8.389498e-03 7.454187e-03 9.999369e-01 5.917225e+01
9.999956e-01 1.363389e-03 2.650341e-03 2.836612e+00 -1.369658e-03 9.999963e-01 2.363505e-03 -1.148821e+00 -2.647139e-03 -2.367150e-03 9.999936e-01 6.025835e+01
9.999554e-01 -4.574921e-03 -8.259279e-03 2.890391e+00 4.515120e-03 9.999636e-01 -7.244146e-03 -1.171435e+00 8.292089e-03 7.206505e-03 9.999396e-01 6.133963e+01
9.999967e-01 8.858936e-04 2.421764e-03 2.948512e+00 -8.904343e-04 9.999978e-01 1.872706e-03 -1.195137e+00 -2.420131e-03 -1.874883e-03 9.999952e-01 6.255191e+01
9.999551e-01 -4.696170e-03 -8.228823e-03 3.009114e+00 4.636785e-03 9.999632e-01 -7.220454e-03 -1.219053e+00 8.262397e-03 7.181947e-03 9.999400e-01 6.378379e+01
9.999967e-01 8.111032e-04 2.448420e-03 3.070658e+00 -8.155640e-04 9.999980e-01 1.819558e-03 -1.243156e+00 -2.446971e-03 -1.821576e-03 9.999953e-01 6.503511e+01
9.999570e-01 -4.545508e-03 -8.087865e-03 3.130529e+00 4.490200e-03 9.999665e-01 -6.842953e-03 -1.266935e+00 8.118666e-03 6.806315e-03 9.999438e-01 6.624230e+01
9.999969e-01 7.101736e-04 2.377154e-03 3.188009e+00 -7.140701e-04 9.999984e-01 1.636583e-03 -1.290928e+00 -2.376022e-03 -1.638304e-03 9.999957e-01 6.748426e+01
9.999400e-01 -5.935241e-03 -9.208584e-03 3.234112e+00 5.861587e-03 9.999508e-01 -8.004324e-03 -1.315861e+00 9.255604e-03 7.949838e-03 9.999255e-01 6.886406e+01
9.999973e-01 2.753835e-04 2.293146e-03 3.272637e+00 -2.780638e-04 9.999993e-01 1.166223e-03 -1.340344e+00 -2.292858e-03 -1.166887e-03 9.999966e-01 7.021641e+01
9.999542e-01 -4.502199e-03 -8.447213e-03 3.321498e+00 4.441476e-03 9.999643e-01 -7.193022e-03 -1.363629e+00 8.479260e-03 7.155144e-03 9.999384e-01 7.140681e+01
9.999936e-01 1.302720e-03 3.322317e-03 3.384420e+00 -1.311897e-03 9.999953e-01 2.759722e-03 -1.385863e+00 -3.318742e-03 -2.764093e-03 9.999906e-01 7.240225e+01
9.999582e-01 -3.863800e-03 -8.282552e-03 3.438524e+00 3.809097e-03 9.999709e-01 -6.609571e-03 -1.406628e+00 8.307813e-03 6.577716e-03 9.999438e-01 7.322861e+01
9.999936e-01 1.382748e-03 3.292706e-03 3.488736e+00 -1.392425e-03 9.999947e-01 2.936474e-03 -1.427144e+00 -3.288665e-03 -2.941070e-03 9.999902e-01 7.403655e+01
9.999502e-01 -4.531751e-03 -8.892988e-03 3.539752e+00 4.464825e-03 9.999617e-01 -7.530514e-03 -1.449335e+00 8.926736e-03 7.490403e-03 9.999320e-01 7.507526e+01
9.999934e-01 1.056502e-03 3.478032e-03 3.598401e+00 -1.066156e-03 9.999956e-01 2.773147e-03 -1.472546e+00 -3.475125e-03 -2.776868e-03 9.999900e-01 7.620781e+01
9.999539e-01 -4.279538e-03 -8.597218e-03 3.659859e+00 4.216905e-03 9.999645e-01 -7.289550e-03 -1.495146e+00 8.628071e-03 7.252928e-03 9.999364e-01 7.724199e+01
9.999957e-01 9.987099e-04 2.739131e-03 3.704574e+00 -1.005388e-03 9.999965e-01 2.435118e-03 -1.517068e+00 -2.736728e-03 -2.437894e-03 9.999932e-01 7.825544e+01
9.999453e-01 -5.167996e-03 -9.088046e-03 3.745979e+00 5.097052e-03 9.999565e-01 -7.811494e-03 -1.541018e+00 9.127981e-03 7.764712e-03 9.999281e-01 7.952244e+01
9.999946e-01 4.475119e-04 3.243828e-03 3.803102e+00 -4.550730e-04 9.999972e-01 2.328327e-03 -1.565046e+00 -3.242817e-03 -2.329824e-03 9.999919e-01 8.078864e+01
9.999355e-01 -5.485932e-03 -9.947365e-03 3.860243e+00 5.401086e-03 9.999490e-01 -8.535692e-03 -1.588778e+00 9.993643e-03 8.481382e-03 9.999140e-01 8.206977e+01
9.999943e-01 1.290629e-04 3.380315e-03 3.921794e+00 -1.367553e-04 9.999974e-01 2.273257e-03 -1.612603e+00 -3.380055e-03 -2.273740e-03 9.999916e-01 8.334437e+01
9.999426e-01 -4.924159e-03 -9.517557e-03 3.983412e+00 4.848881e-03 9.999569e-01 -7.915517e-03 -1.635530e+00 9.556082e-03 7.868879e-03 9.999233e-01 8.449019e+01
9.999974e-01 -2.601175e-05 2.257848e-03 4.029286e+00 2.323863e-05 9.999992e-01 1.224660e-03 -1.658839e+00 -2.257921e-03 -1.224639e-03 9.999966e-01 8.576845e+01
9.999360e-01 -6.080671e-03 -9.536899e-03 4.096068e+00 5.996668e-03 9.999432e-01 -8.811355e-03 -1.684814e+00 9.589893e-03 8.753567e-03 9.999156e-01 8.732625e+01
9.999973e-01 2.155571e-04 2.330783e-03 4.161470e+00 -2.192396e-04 9.999987e-01 1.576114e-03 -1.710057e+00 -2.330484e-03 -1.576656e-03 9.999960e-01 8.880344e+01
9.999436e-01 -5.784519e-03 -8.904416e-03 4.230285e+00 5.713263e-03 9.999516e-01 -8.006148e-03 -1.734340e+00 8.950252e-03 7.954788e-03 9.999282e-01 9.012012e+01
9.999973e-01 9.293001e-04 2.134847e-03 4.281119e+00 -9.333988e-04 9.999977e-01 1.915439e-03 -1.756529e+00 -2.133108e-03 -1.917463e-03 9.999958e-01 9.123418e+01
9.999339e-01 -6.310754e-03 -9.606648e-03 4.330526e+00 6.218841e-03 9.999349e-01 -9.566719e-03 -1.780834e+00 9.666350e-03 9.506308e-03 9.999080e-01 9.262861e+01
9.999996e-01 5.866896e-05 8.670443e-04 4.372982e+00 -5.891815e-05 1.000000e+00 2.761511e-04 -1.807507e+00 -8.670751e-04 -2.762394e-04 9.999995e-01 9.436828e+01
9.999487e-01 -6.500103e-03 -7.762255e-03 4.449351e+00 6.439104e-03 9.999484e-01 -7.856423e-03 -1.834507e+00 7.812874e-03 7.806001e-03 9.999389e-01 9.599682e+01
9.999975e-01 1.751807e-03 1.399507e-03 4.511215e+00 -1.754579e-03 9.999965e-01 1.974579e-03 -1.857550e+00 -1.396092e-03 -1.977067e-03 9.999970e-01 9.717449e+01
9.999442e-01 -6.540979e-03 -8.291473e-03 4.569109e+00 6.468242e-03 9.999406e-01 -8.767958e-03 -1.881223e+00 8.348283e-03 8.713799e-03 9.999271e-01 9.846202e+01
9.999968e-01 1.642018e-03 1.918594e-03 4.637723e+00 -1.646525e-03 9.999959e-01 2.344382e-03 -1.905383e+00 -1.914786e-03 -2.347572e-03 9.999953e-01 9.973837e+01
9.999496e-01 -5.661219e-03 -8.296291e-03 4.680287e+00 5.598786e-03 9.999560e-01 -7.528093e-03 -1.928842e+00 8.338494e-03 7.481225e-03 9.999372e-01 1.009424e+02
9.999940e-01 1.606154e-03 3.052657e-03 4.734737e+00 -1.615162e-03 9.999943e-01 2.947165e-03 -1.952315e+00 -3.047957e-03 -2.952118e-03 9.999909e-01 1.021119e+02
9.999468e-01 -5.266201e-03 -8.866062e-03 4.778244e+00 5.199996e-03 9.999586e-01 -7.472612e-03 -1.975663e+00 8.904996e-03 7.426072e-03 9.999327e-01 1.032803e+02
9.999932e-01 1.277520e-03 3.458069e-03 4.829159e+00 -1.288169e-03 9.999944e-01 3.075442e-03 -1.999961e+00 -3.454172e-03 -3.079915e-03 9.999892e-01 1.045252e+02
9.999396e-01 -5.261367e-03 -9.645063e-03 4.850810e+00 5.178381e-03 9.999495e-01 -8.607710e-03 -2.024068e+00 9.689813e-03 8.557205e-03 9.999163e-01 1.058016e+02
9.999953e-01 5.412880e-04 3.022388e-03 4.904515e+00 -5.470028e-04 9.999981e-01 1.886236e-03 -2.048630e+00 -3.021414e-03 -1.887922e-03 9.999936e-01 1.071970e+02
9.999486e-01 -4.815265e-03 -8.926702e-03 4.970165e+00 4.750942e-03 9.999627e-01 -7.211592e-03 -2.071988e+00 8.961041e-03 7.168770e-03 9.999341e-01 1.083649e+02
9.999936e-01 1.081291e-03 3.408039e-03 5.026868e+00 -1.090709e-03 9.999956e-01 2.759255e-03 -2.093943e+00 -3.405094e-03 -2.762996e-03 9.999903e-01 1.093639e+02
9.999474e-01 -4.816369e-03 -9.051577e-03 5.081775e+00 4.748799e-03 9.999608e-01 -7.470329e-03 -2.115997e+00 9.087148e-03 7.426911e-03 9.999310e-01 1.103934e+02
9.999940e-01 1.122288e-03 3.274476e-03 5.135902e+00 -1.129962e-03 9.999966e-01 2.338606e-03 -2.138572e+00 -3.271895e-03 -2.342334e-03 9.999918e-01 1.114834e+02
9.999512e-01 -4.701280e-03 -8.693311e-03 5.196739e+00 4.640646e-03 9.999649e-01 -6.980360e-03 -2.161037e+00 8.725767e-03 6.939634e-03 9.999378e-01 1.125234e+02
9.999926e-01 1.684751e-03 3.459893e-03 5.248882e+00 -1.696483e-03 9.999928e-01 3.386823e-03 -2.182828e+00 -3.454218e-03 -3.392710e-03 9.999882e-01 1.134624e+02
9.999520e-01 -4.579551e-03 -8.661030e-03 5.296987e+00 4.513722e-03 9.999609e-01 -7.603423e-03 -2.203852e+00 8.695456e-03 7.563923e-03 9.999335e-01 1.143628e+02
9.999940e-01 1.456456e-03 3.151794e-03 5.347406e+00 -1.466925e-03 9.999934e-01 3.317418e-03 -2.226262e+00 -3.146998e-03 -3.322064e-03 9.999894e-01 1.154022e+02
9.999532e-01 -4.859527e-03 -8.361850e-03 5.395430e+00 4.798887e-03 9.999622e-01 -7.255192e-03 -2.249341e+00 8.396733e-03 7.214683e-03 9.999386e-01 1.165011e+02
9.999942e-01 1.279611e-03 3.144493e-03 5.444329e+00 -1.289206e-03 9.999945e-01 3.046539e-03 -2.272245e+00 -3.140635e-03 -3.050619e-03 9.999903e-01 1.176063e+02
9.999441e-01 -5.367095e-03 -9.112963e-03 5.501417e+00 5.287857e-03 9.999482e-01 -8.695479e-03 -2.295654e+00 9.159103e-03 8.646762e-03 9.999206e-01 1.188007e+02
9.999974e-01 4.354147e-04 2.233635e-03 5.565786e+00 -4.390342e-04 9.999986e-01 1.613415e-03 -2.320239e+00 -2.232988e-03 -1.614435e-03 9.999961e-01 1.201700e+02
9.999522e-01 -4.849382e-03 -8.485777e-03 5.631997e+00 4.781177e-03 9.999563e-01 -8.037690e-03 -2.344700e+00 8.524325e-03 7.996691e-03 9.999316e-01 1.214738e+02
9.999958e-01 1.263065e-03 2.601185e-03 5.692941e+00 -1.269125e-03 9.999965e-01 2.323263e-03 -2.367952e+00 -2.598301e-03 -2.326599e-03 9.999938e-01 1.226328e+02
9.999511e-01 -4.867310e-03 -8.610287e-03 5.752610e+00 4.797078e-03 9.999552e-01 -8.156950e-03 -2.391028e+00 8.649543e-03 8.115202e-03 9.999296e-01 1.237812e+02
9.999948e-01 1.400904e-03 2.894287e-03 5.814386e+00 -1.408625e-03 9.999955e-01 2.661897e-03 -2.413680e+00 -2.890605e-03 -2.666005e-03 9.999922e-01 1.248545e+02
9.999540e-01 -4.550654e-03 -8.440423e-03 5.871437e+00 4.485280e-03 9.999599e-01 -7.746260e-03 -2.435268e+00 8.475274e-03 7.708001e-03 9.999343e-01 1.258008e+02
9.999982e-01 3.391436e-04 1.882234e-03 5.919339e+00 -3.419478e-04 9.999988e-01 1.480729e-03 -2.457491e+00 -1.881791e-03 -1.481415e-03 9.999970e-01 1.268818e+02
9.999462e-01 -4.993552e-03 -9.094800e-03 5.957805e+00 4.915713e-03 9.999513e-01 -8.559110e-03 -2.479782e+00 9.137036e-03 8.513897e-03 9.999219e-01 1.280296e+02
9.999962e-01 7.583274e-04 2.657607e-03 6.009564e+00 -7.643786e-04 9.999971e-01 2.270043e-03 -2.502606e+00 -2.655940e-03 -2.272111e-03 9.999938e-01 1.291860e+02
9.999596e-01 -3.838660e-03 -8.121626e-03 6.064906e+00 3.781305e-03 9.999679e-01 -7.063498e-03 -2.524629e+00 8.148417e-03 7.032457e-03 9.999420e-01 1.301844e+02
9.999964e-01 8.706318e-04 2.546508e-03 6.116905e+00 -8.762903e-04 9.999972e-01 2.214672e-03 -2.546437e+00 -2.544636e-03 -2.216942e-03 9.999942e-01 1.311738e+02
9.999581e-01 -4.167391e-03 -8.144090e-03 6.173700e+00 4.107938e-03 9.999649e-01 -7.301098e-03 -2.568971e+00 8.174167e-03 7.267290e-03 9.999401e-01 1.322401e+02
9.999956e-01 1.041975e-03 2.757863e-03 6.230501e+00 -1.048618e-03 9.999966e-01 2.401516e-03 -2.590722e+00 -2.755415e-03 -2.404445e-03 9.999932e-01 1.331855e+02
9.999557e-01 -3.903417e-03 -8.564069e-03 6.279398e+00 3.839260e-03 9.999646e-01 -7.492986e-03 -2.612015e+00 8.592949e-03 7.459727e-03 9.999352e-01 1.341328e+02
9.999950e-01 6.790556e-04 3.097758e-03 6.337908e+00 -6.871286e-04 9.999964e-01 2.599532e-03 -2.634703e+00 -3.096046e-03 -2.601694e-03 9.999917e-01 1.352062e+02
9.999571e-01 -3.654903e-03 -8.513296e-03 6.393724e+00 3.592467e-03 9.999666e-01 -7.335499e-03 -2.656837e+00 8.539757e-03 7.304553e-03 9.999368e-01 1.362169e+02
9.999955e-01 4.757060e-04 2.966939e-03 6.449734e+00 -4.828954e-04 9.999970e-01 2.416262e-03 -2.678979e+00 -2.965846e-03 -2.417732e-03 9.999926e-01 1.372395e+02
9.999582e-01 -3.582699e-03 -8.413772e-03 6.504377e+00 3.522476e-03 9.999682e-01 -7.159262e-03 -2.700821e+00 8.439088e-03 7.129277e-03 9.999389e-01 1.382107e+02
9.999967e-01 4.553383e-04 2.518481e-03 6.554925e+00 -4.601698e-04 9.999981e-01 1.910085e-03 -2.722810e+00 -2.517673e-03 -1.911285e-03 9.999949e-01 1.392418e+02
9.999558e-01 -3.979216e-03 -8.513405e-03 6.609291e+00 3.915432e-03 9.999643e-01 -7.493488e-03 -2.745639e+00 8.542852e-03 7.459776e-03 9.999356e-01 1.403704e+02
9.999963e-01 3.786808e-04 2.685937e-03 6.666056e+00 -3.843796e-04 9.999977e-01 2.113730e-03 -2.768601e+00 -2.685197e-03 -2.114803e-03 9.999941e-01 1.415026e+02
9.999587e-01 -3.703362e-03 -8.291852e-03 6.722163e+00 3.643988e-03 9.999677e-01 -7.161743e-03 -2.791119e+00 8.318039e-03 7.131184e-03 9.999399e-01 1.425659e+02
9.999981e-01 3.065787e-05 1.962746e-03 6.774677e+00 -3.294822e-05 9.999993e-01 1.155933e-03 -2.814411e+00 -1.962778e-03 -1.156044e-03 9.999973e-01 1.437715e+02
9.999605e-01 -3.899468e-03 -7.984177e-03 6.833524e+00 3.844344e-03 9.999688e-01 -6.905349e-03 -2.838361e+00 8.010786e-03 6.874333e-03 9.999442e-01 1.450278e+02
9.999980e-01 8.845385e-05 1.983657e-03 6.893559e+00 -9.040451e-05 9.999995e-01 9.721367e-04 -2.862293e+00 -1.983639e-03 -9.723634e-04 9.999975e-01 1.462677e+02
9.999587e-01 -3.952240e-03 -8.179837e-03 6.953582e+00 3.894122e-03 9.999672e-01 -7.106141e-03 -2.886213e+00 8.207584e-03 7.073945e-03 9.999412e-01 1.475208e+02
9.999979e-01 1.005452e-04 2.055029e-03 7.013755e+00 -1.025302e-04 9.999995e-01 9.547274e-04 -2.910183e+00 -2.055002e-03 -9.549858e-04 9.999974e-01 1.487717e+02
9.999615e-01 -3.950507e-03 -7.835461e-03 7.079061e+00 3.898613e-03 9.999705e-01 -6.624294e-03 -2.933851e+00 7.861328e-03 6.593441e-03 9.999473e-01 1.499635e+02
9.999985e-01 2.103231e-04 1.680570e-03 7.135365e+00 -2.120535e-04 9.999995e-01 1.015553e-03 -2.956587e+00 -1.680426e-03 -1.015958e-03 9.999980e-01 1.510911e+02
9.999599e-01 -4.556966e-03 -7.704301e-03 7.199872e+00 4.507079e-03 9.999689e-01 -6.477223e-03 -2.979847e+00 7.733507e-03 6.442190e-03 9.999493e-01 1.522564e+02
9.999987e-01 3.002850e-04 1.604101e-03 7.257373e+00 -3.022127e-04 9.999992e-01 1.186627e-03 -3.002316e+00 -1.603815e-03 -1.187160e-03 9.999979e-01 1.533538e+02
9.999596e-01 -4.639944e-03 -7.692737e-03 7.315632e+00 4.589938e-03 9.999683e-01 -6.502270e-03 -3.024781e+00 7.722592e-03 6.466648e-03 9.999492e-01 1.544524e+02
9.999970e-01 9.176070e-04 2.270900e-03 7.374852e+00 -9.222430e-04 9.999975e-01 2.030403e-03 -3.046692e+00 -2.269103e-03 -2.032542e-03 9.999953e-01 1.554423e+02
9.999598e-01 -4.069945e-03 -7.991722e-03 7.416711e+00 4.022816e-03 9.999745e-01 -5.901390e-03 -3.069208e+00 8.015465e-03 5.868953e-03 9.999506e-01 1.564861e+02
9.999960e-01 5.082211e-04 2.792629e-03 7.468127e+00 -5.140695e-04 9.999977e-01 2.084892e-03 -3.092442e+00 -2.791635e-03 -2.086369e-03 9.999939e-01 1.576051e+02
9.999569e-01 -4.157475e-03 -8.303553e-03 7.514280e+00 4.105005e-03 9.999716e-01 -6.323079e-03 -3.115668e+00 8.329532e-03 6.288670e-03 9.999455e-01 1.587612e+02
9.999945e-01 5.688340e-04 3.253316e-03 7.568754e+00 -5.751617e-04 9.999980e-01 1.936488e-03 -3.138737e+00 -3.252281e-03 -1.938400e-03 9.999928e-01 1.598786e+02
9.999494e-01 -4.049043e-03 -9.205154e-03 7.615809e+00 3.989487e-03 9.999711e-01 -6.476307e-03 -3.162335e+00 9.231037e-03 6.439205e-03 9.999366e-01 1.610554e+02
9.999945e-01 -3.714929e-04 3.275881e-03 7.663871e+00 3.662837e-04 9.999987e-01 1.582605e-03 -3.187583e+00 -3.276538e-03 -1.581448e-03 9.999933e-01 1.624342e+02
9.999563e-01 -3.767753e-03 -8.555715e-03 7.722034e+00 3.712702e-03 9.999724e-01 -6.438162e-03 -3.211673e+00 8.579662e-03 6.406065e-03 9.999426e-01 1.636866e+02
9.999941e-01 5.471641e-04 3.380065e-03 7.775404e+00 -5.552781e-04 9.999970e-01 2.392154e-03 -3.234655e+00 -3.378820e-03 -2.394068e-03 9.999914e-01 1.647728e+02
9.999376e-01 -5.163009e-03 -9.902555e-03 7.831548e+00 5.077347e-03 9.999497e-01 -8.653522e-03 -3.258438e+00 9.946659e-03 8.602653e-03 9.999135e-01 1.660518e+02
9.999967e-01 -1.246961e-03 2.248514e-03 7.897948e+00 1.245564e-03 9.999990e-01 6.103712e-04 -3.283937e+00 -2.249349e-03 -6.076199e-04 9.999972e-01 1.675492e+02
9.999308e-01 -5.510273e-03 -1.039624e-02 7.951962e+00 5.413789e-03 9.999422e-01 -9.283554e-03 -3.309188e+00 1.044671e-02 9.226576e-03 9.999028e-01 1.690570e+02
9.999963e-01 -1.260254e-03 2.385354e-03 8.012922e+00 1.258892e-03 9.999990e-01 5.607899e-04 -3.335025e+00 -2.386135e-03 -5.578367e-04 9.999969e-01 1.706169e+02
9.999356e-01 -5.147219e-03 -1.011033e-02 8.069121e+00 5.059641e-03 9.999496e-01 -8.665974e-03 -3.359945e+00 1.015435e-02 8.614210e-03 9.999113e-01 1.720568e+02
9.999969e-01 -1.184619e-03 2.200892e-03 8.127214e+00 1.183981e-03 9.999993e-01 2.778652e-04 -3.385042e+00 -2.201297e-03 -2.753105e-04 9.999975e-01 1.735419e+02
9.999352e-01 -5.095080e-03 -1.018010e-02 8.187147e+00 5.005094e-03 9.999484e-01 -8.842501e-03 -3.410577e+00 1.022455e-02 8.790923e-03 9.999090e-01 1.750862e+02
9.999959e-01 -1.097970e-03 2.632253e-03 8.252854e+00 1.095960e-03 9.999991e-01 7.533834e-04 -3.436169e+00 -2.633156e-03 -7.505477e-04 9.999962e-01 1.765942e+02
9.999353e-01 -4.925716e-03 -1.024931e-02 8.316556e+00 4.837380e-03 9.999511e-01 -8.622832e-03 -3.461172e+00 1.029120e-02 8.572643e-03 9.999102e-01 1.780576e+02
9.999955e-01 -9.657043e-04 2.815369e-03 8.378611e+00 9.631340e-04 9.999991e-01 9.031081e-04 -3.485989e+00 -2.816317e-03 -9.004449e-04 9.999956e-01 1.794996e+02
9.999322e-01 -4.950706e-03 -1.053585e-02 8.439474e+00 4.855179e-03 9.999471e-01 -9.070288e-03 -3.511232e+00 1.058011e-02 9.018468e-03 9.999033e-01 1.810009e+02
9.999934e-01 -7.374608e-04 3.537406e-03 8.506657e+00 7.312978e-04 9.999982e-01 1.734168e-03 -3.536139e+00 -3.538758e-03 -1.731622e-03 9.999922e-01 1.823953e+02
9.999335e-01 -4.396378e-03 -1.066303e-02 8.563218e+00 4.304423e-03 9.999535e-01 -8.628388e-03 -3.559571e+00 1.070038e-02 8.581863e-03 9.999059e-01 1.836627e+02
9.999934e-01 -9.887165e-04 3.496986e-03 8.624834e+00 9.837510e-04 9.999985e-01 1.412009e-03 -3.583769e+00 -3.498457e-03 -1.408612e-03 9.999928e-01 1.850221e+02
9.999301e-01 -4.772164e-03 -1.081545e-02 8.689431e+00 4.675956e-03 9.999494e-01 -8.900302e-03 -3.608516e+00 1.085730e-02 8.849055e-03 9.999018e-01 1.864345e+02
9.999936e-01 -1.208125e-03 3.363261e-03 8.752910e+00 1.203726e-03 9.999984e-01 1.299682e-03 -3.633212e+00 -3.364907e-03 -1.295678e-03 9.999934e-01 1.878562e+02
9.999340e-01 -4.483435e-03 -1.057172e-02 8.813385e+00 4.393069e-03 9.999538e-01 -8.552549e-03 -3.657458e+00 1.060949e-02 8.505489e-03 9.999075e-01 1.892104e+02
9.999939e-01 -1.162243e-03 3.295418e-03 8.876546e+00 1.158426e-03 9.999987e-01 1.149542e-03 -3.681929e+00 -3.296831e-03 -1.145770e-03 9.999938e-01 1.905990e+02
9.999401e-01 -4.169422e-03 -1.011662e-02 8.941896e+00 4.090266e-03 9.999610e-01 -7.829078e-03 -3.705900e+00 1.014878e-02 7.787177e-03 9.999181e-01 1.919027e+02
9.999942e-01 -9.910331e-04 3.263613e-03 9.002381e+00 9.865943e-04 9.999986e-01 1.350630e-03 -3.729201e+00 -3.265029e-03 -1.347455e-03 9.999937e-01 1.931393e+02
9.999371e-01 -4.458495e-03 -1.029119e-02 9.063657e+00 4.375069e-03 9.999575e-01 -8.111503e-03 -3.752954e+00 1.032684e-02 8.065916e-03 9.999141e-01 1.944380e+02
9.999935e-01 -1.191017e-03 3.393394e-03 9.134730e+00 1.187557e-03 9.999988e-01 1.011086e-03 -3.777864e+00 -3.394676e-03 -1.007102e-03 9.999937e-01 1.958349e+02
9.999378e-01 -4.069870e-03 -1.038381e-02 9.191299e+00 3.990484e-03 9.999628e-01 -7.651084e-03 -3.801200e+00 1.041448e-02 7.609119e-03 9.999168e-01 1.970755e+02
9.999934e-01 -1.535339e-03 3.271220e-03 9.250976e+00 1.532611e-03 9.999985e-01 8.250574e-04 -3.824915e+00 -3.272565e-03 -8.200912e-04 9.999942e-01 1.983685e+02
9.999423e-01 -3.750762e-03 -1.006175e-02 9.306313e+00 3.679996e-03 9.999684e-01 -7.038971e-03 -3.847440e+00 1.008775e-02 7.001485e-03 9.999245e-01 1.995199e+02
9.999945e-01 -2.065384e-03 2.566719e-03 9.362023e+00 2.066363e-03 9.999978e-01 -3.932531e-04 -3.871368e+00 -2.565984e-03 3.985021e-04 9.999966e-01 2.008722e+02
9.999424e-01 -3.988364e-03 -9.960294e-03 9.423083e+00 3.916518e-03 9.999663e-01 -7.218652e-03 -3.896146e+00 9.988665e-03 7.179174e-03 9.999243e-01 2.022855e+02
9.999938e-01 -1.169090e-03 3.308307e-03 9.482762e+00 1.166560e-03 9.999990e-01 7.551991e-04 -3.919608e+00 -3.309271e-03 -7.513877e-04 9.999942e-01 2.035146e+02
9.999442e-01 -3.276431e-03 -1.004275e-02 9.536845e+00 3.204020e-03 9.999688e-01 -7.214121e-03 -3.942517e+00 1.006599e-02 7.181489e-03 9.999235e-01 2.046972e+02
9.999921e-01 -1.563007e-03 3.651388e-03 9.603419e+00 1.558579e-03 9.999980e-01 1.204740e-03 -3.965836e+00 -3.653348e-03 -1.199092e-03 9.999926e-01 2.058908e+02
9.999475e-01 -2.805021e-03 -9.848450e-03 9.658875e+00 2.740289e-03 9.999746e-01 -6.576258e-03 -3.987649e+00 9.866562e-03 6.548873e-03 9.999298e-01 2.069204e+02
9.999923e-01 -1.671293e-03 3.538105e-03 9.712854e+00 1.668065e-03 9.999982e-01 9.038759e-04 -4.009788e+00 -3.539694e-03 -8.980195e-04 9.999933e-01 2.079820e+02
9.999354e-01 -3.464874e-03 -1.082085e-02 9.765564e+00 3.379490e-03 9.999631e-01 -7.895460e-03 -4.033070e+00 1.084773e-02 7.858329e-03 9.999102e-01 2.092494e+02
9.999913e-01 -2.463033e-03 3.351823e-03 9.831864e+00 2.462173e-03 9.999969e-01 2.485072e-04 -4.057992e+00 -3.352509e-03 -2.403045e-04 9.999943e-01 2.107047e+02
9.999376e-01 -3.537729e-03 -1.058856e-02 9.897974e+00 3.457868e-03 9.999655e-01 -7.547216e-03 -4.082709e+00 1.061481e-02 7.510080e-03 9.999154e-01 2.121122e+02
9.999921e-01 -2.233886e-03 3.290775e-03 9.957435e+00 2.233091e-03 9.999975e-01 2.328760e-04 -4.106915e+00 -3.291371e-03 -2.255775e-04 9.999945e-01 2.134673e+02
9.999341e-01 -3.774764e-03 -1.083995e-02 1.001700e+01 3.687894e-03 9.999610e-01 -8.018935e-03 -4.131701e+00 1.086972e-02 7.978378e-03 9.999090e-01 2.148969e+02
9.999899e-01 -1.141822e-03 4.337494e-03 1.007462e+01 1.133717e-03 9.999976e-01 1.860893e-03 -4.155974e+00 -4.339694e-03 -1.856009e-03 9.999888e-01 2.162125e+02
9.999502e-01 -2.545469e-03 -9.641563e-03 1.013718e+01 2.484174e-03 9.999767e-01 -6.359726e-03 -4.178865e+00 9.657441e-03 6.335406e-03 9.999332e-01 2.173039e+02
9.999916e-01 -9.475246e-04 3.975917e-03 1.019201e+01 9.413563e-04 9.999984e-01 1.542336e-03 -4.201483e+00 -3.977457e-03 -1.538632e-03 9.999909e-01 2.183957e+02
9.999444e-01 -3.230921e-03 -1.003078e-02 1.025337e+01 3.156887e-03 9.999677e-01 -7.383606e-03 -4.225118e+00 1.005422e-02 7.351478e-03 9.999224e-01 2.196146e+02
9.999928e-01 -1.232829e-03 3.570585e-03 1.031552e+01 1.228669e-03 9.999986e-01 1.155097e-03 -4.248624e+00 -3.572089e-03 -1.150753e-03 9.999929e-01 2.208405e+02
9.999456e-01 -3.160935e-03 -9.937918e-03 1.037584e+01 3.085930e-03 9.999667e-01 -7.549435e-03 -4.272192e+00 9.961365e-03 7.518305e-03 9.999221e-01 2.220429e+02
9.999949e-01 -1.856377e-03 2.591667e-03 1.042987e+01 1.856223e-03 9.999983e-01 4.521988e-05 -4.295988e+00 -2.591833e-03 -4.046031e-05 9.999966e-01 2.233423e+02
9.999420e-01 -4.024868e-03 -9.983540e-03 1.049157e+01 3.949411e-03 9.999636e-01 -7.562031e-03 -4.320538e+00 1.001353e-02 7.522113e-03 9.999215e-01 2.247292e+02
9.999945e-01 -1.561453e-03 2.905757e-03 1.054925e+01 1.559754e-03 9.999986e-01 5.716126e-04 -4.344334e+00 -2.906732e-03 -5.671283e-04 9.999956e-01 2.260127e+02
9.999531e-01 -3.127292e-03 -9.166108e-03 1.060697e+01 3.069153e-03 9.999751e-01 -6.345193e-03 -4.366978e+00 9.185638e-03 6.316712e-03 9.999378e-01 2.271252e+02
9.999924e-01 -3.325070e-04 3.865333e-03 1.066471e+01 3.241324e-04 9.999976e-01 2.155369e-03 -4.387882e+00 -3.866127e-03 -2.154151e-03 9.999902e-01 2.279755e+02
9.999524e-01 -2.826653e-03 -9.329793e-03 1.071014e+01 2.767850e-03 9.999763e-01 -6.304813e-03 -4.407641e+00 9.347307e-03 6.278638e-03 9.999366e-01 2.287334e+02
9.999914e-01 -1.282403e-04 4.143863e-03 1.076023e+01 1.185230e-04 9.999973e-01 2.334153e-03 -4.427922e+00 -4.144237e-03 -2.333692e-03 9.999886e-01 2.295238e+02
9.999510e-01 -2.611584e-03 -9.549644e-03 1.080888e+01 2.549080e-03 9.999753e-01 -6.546775e-03 -4.448808e+00 9.566419e-03 6.522060e-03 9.999329e-01 2.304057e+02
9.999910e-01 -7.165901e-04 4.175301e-03 1.086905e+01 7.092605e-04 9.999982e-01 1.745676e-03 -4.471227e+00 -4.176631e-03 -1.742750e-03 9.999897e-01 2.314382e+02
9.999497e-01 -2.525797e-03 -9.700952e-03 1.092292e+01 2.462080e-03 9.999754e-01 -6.569787e-03 -4.492547e+00 9.717221e-03 6.545522e-03 9.999313e-01 2.323506e+02
9.999903e-01 -2.498737e-04 4.379899e-03 1.097644e+01 2.405782e-04 9.999977e-01 2.112087e-03 -4.513666e+00 -4.380503e-03 -2.111063e-03 9.999881e-01 2.332400e+02
9.999387e-01 -3.421779e-03 -1.052670e-02 1.102816e+01 3.342593e-03 9.999661e-01 -7.526509e-03 -4.535538e+00 1.055201e-02 7.490811e-03 9.999162e-01 2.342606e+02
9.999908e-01 -1.303856e-03 4.065208e-03 1.108407e+01 1.297993e-03 9.999981e-01 1.432917e-03 -4.558387e+00 -4.067155e-03 -1.427677e-03 9.999907e-01 2.353954e+02
9.999483e-01 -2.311163e-03 -9.896194e-03 1.113242e+01 2.246641e-03 9.999762e-01 -6.521296e-03 -4.580533e+00 9.910944e-03 6.498676e-03 9.999297e-01 2.364358e+02
9.999895e-01 -7.212609e-04 4.524393e-03 1.118837e+01 7.136321e-04 9.999983e-01 1.677010e-03 -4.602768e+00 -4.525681e-03 -1.673814e-03 9.999883e-01 2.374455e+02
9.999395e-01 -3.042128e-03 -1.056804e-02 1.124541e+01 2.965885e-03 9.999695e-01 -7.218235e-03 -4.625343e+00 1.058959e-02 7.186405e-03 9.999181e-01 2.385444e+02
9.999897e-01 -1.119967e-03 4.395787e-03 1.130320e+01 1.112683e-03 9.999980e-01 1.648075e-03 -4.648146e+00 -4.397710e-03 -1.643217e-03 9.999889e-01 2.396732e+02
9.999391e-01 -3.075417e-03 -1.059624e-02 1.135943e+01 2.998029e-03 9.999688e-01 -7.307040e-03 -4.670830e+00 1.061830e-02 7.274778e-03 9.999171e-01 2.407931e+02
9.999905e-01 -2.225682e-03 3.748332e-03 1.144601e+01 2.229073e-03 9.999971e-01 -9.137801e-04 -4.698224e+00 -3.746373e-03 9.220776e-04 9.999925e-01 2.424572e+02
9.999472e-01 -1.796124e-03 -1.011286e-02 1.151023e+01 1.738559e-03 9.999823e-01 -5.693439e-03 -4.723010e+00 1.012282e-02 5.675507e-03 9.999326e-01 2.438226e+02
9.999894e-01 -2.197375e-03 4.028588e-03 1.157381e+01 2.199308e-03 9.999974e-01 -4.876763e-04 -4.747705e+00 -4.027593e-03 4.964824e-04 9.999917e-01 2.451570e+02
9.999509e-01 -2.264077e-03 -9.639629e-03 1.165070e+01 2.215560e-03 9.999849e-01 -5.035700e-03 -4.773168e+00 9.650798e-03 5.014047e-03 9.999408e-01 2.465372e+02
9.999933e-01 -1.859634e-03 3.135919e-03 1.168935e+01 1.862420e-03 9.999978e-01 -9.016096e-04 -4.796897e+00 -3.134321e-03 9.073955e-04 9.999946e-01 2.477900e+02
9.999360e-01 -3.703640e-03 -1.068610e-02 1.173877e+01 3.628320e-03 9.999685e-01 -7.054577e-03 -4.822051e+00 1.071181e-02 7.015305e-03 9.999180e-01 2.492800e+02
9.999899e-01 -4.136994e-03 1.714084e-03 1.178398e+01 4.141443e-03 9.999880e-01 -2.630019e-03 -4.853283e+00 -1.703269e-03 2.637044e-03 9.999950e-01 2.514197e+02
9.999460e-01 -1.889836e-03 -1.021286e-02 1.177603e+01 1.836953e-03 9.999849e-01 -5.180131e-03 -4.880176e+00 1.022241e-02 5.161043e-03 9.999344e-01 2.530306e+02
9.999074e-01 -2.639292e-03 1.334846e-02 1.147902e+01 2.714956e-03 9.999803e-01 -5.657271e-03 -4.896509e+00 -1.333335e-02 5.692940e-03 9.998949e-01 2.553539e+02
9.999919e-01 -1.890025e-03 3.532527e-03 1.093672e+01 1.934886e-03 9.999168e-01 -1.275413e-02 -4.901836e+00 -3.508213e-03 1.276081e-02 9.999124e-01 2.585224e+02
9.999842e-01 -4.046634e-03 3.891225e-03 1.066255e+01 4.054877e-03 9.999895e-01 -2.126138e-03 -4.912415e+00 -3.882666e-03 2.141834e-03 9.999901e-01 2.610953e+02
9.999270e-01 -2.112582e-03 -1.189217e-02 1.068690e+01 2.048080e-03 9.999831e-01 -5.429204e-03 -4.940634e+00 1.190336e-02 5.404403e-03 9.999145e-01 2.628907e+02
9.999821e-01 -4.162234e-03 4.278781e-03 1.071151e+01 4.173488e-03 9.999878e-01 -2.636987e-03 -4.966126e+00 -4.267838e-03 2.654749e-03 9.999873e-01 2.644229e+02
9.999307e-01 -1.000446e-03 -1.172513e-02 1.074324e+01 9.485054e-04 9.999897e-01 -4.430126e-03 -4.991296e+00 1.172935e-02 4.418649e-03 9.999214e-01 2.658857e+02
9.999800e-01 -4.130314e-03 4.773768e-03 1.077536e+01 4.139318e-03 9.999896e-01 -1.888901e-03 -5.016913e+00 -4.766002e-03 1.908576e-03 9.999868e-01 2.673175e+02
9.999265e-01 -1.629692e-03 -1.200665e-02 1.078479e+01 1.567670e-03 9.999854e-01 -5.168844e-03 -5.040465e+00 1.201482e-02 5.149594e-03 9.999145e-01 2.686530e+02
9.999749e-01 -5.335453e-03 4.654310e-03 1.079681e+01 5.347347e-03 9.999824e-01 -2.558358e-03 -5.064089e+00 -4.640663e-03 2.583135e-03 9.999859e-01 2.700890e+02
9.999554e-01 2.471182e-04 -9.440198e-03 1.077197e+01 -3.032998e-04 9.999823e-01 -5.944688e-03 -5.082874e+00 9.438477e-03 5.947238e-03 9.999377e-01 2.714224e+02
9.999771e-01 -6.340342e-03 2.343547e-03 1.077065e+01 6.345360e-03 9.999775e-01 -2.162895e-03 -5.106105e+00 -2.329865e-03 2.177670e-03 9.999949e-01 2.728445e+02
9.999781e-01 8.033105e-04 -6.557300e-03 1.074828e+01 -8.442544e-04 9.999802e-01 -6.235406e-03 -5.122972e+00 6.552077e-03 6.240759e-03 9.999590e-01 2.740820e+02
9.999816e-01 -6.062440e-03 1.626127e-04 1.074100e+01 6.062827e-03 9.999775e-01 -2.871460e-03 -5.144947e+00 -1.452849e-04 2.872347e-03 9.999958e-01 2.755618e+02
9.999352e-01 -2.483454e-03 -1.110743e-02 1.075734e+01 2.381997e-03 9.999554e-01 -9.133152e-03 -5.174065e+00 1.112953e-02 9.106056e-03 9.998966e-01 2.777304e+02
9.999778e-01 -6.197926e-03 2.432324e-03 1.078765e+01 6.198463e-03 9.999807e-01 -2.363039e-04 -5.203705e+00 -2.430896e-03 2.513298e-04 9.999970e-01 2.796173e+02
9.999784e-01 1.240369e-03 -6.449902e-03 1.075397e+01 -1.297448e-03 9.999600e-01 -8.844277e-03 -5.221473e+00 6.438591e-03 8.852408e-03 9.999401e-01 2.809739e+02
9.999587e-01 -8.974091e-03 -1.431986e-03 1.077333e+01 8.975040e-03 9.999595e-01 6.974829e-04 -5.242832e+00 1.425586e-03 -7.103512e-04 9.999987e-01 2.822817e+02
9.999911e-01 3.993614e-03 -1.297471e-03 1.073539e+01 -4.005668e-03 9.999480e-01 -9.380939e-03 -5.253964e+00 1.259856e-03 9.386009e-03 9.999551e-01 2.833181e+02
9.999558e-01 -9.226711e-03 -1.790885e-03 1.068559e+01 9.228120e-03 9.999571e-01 8.119940e-04 -5.267957e+00 1.783234e-03 -8.285293e-04 9.999980e-01 2.845295e+02
9.999855e-01 3.141398e-03 -4.357048e-03 1.067273e+01 -3.182542e-03 9.999502e-01 -9.455539e-03 -5.287929e+00 4.327045e-03 9.469224e-03 9.999458e-01 2.858753e+02
9.999553e-01 -9.280110e-03 -1.776687e-03 1.066124e+01 9.281702e-03 9.999565e-01 9.219045e-04 -5.307916e+00 1.767972e-03 -9.383981e-04 9.999980e-01 2.871847e+02
9.999868e-01 4.245190e-03 -2.875276e-03 1.063283e+01 -4.270483e-03 9.999519e-01 -8.828350e-03 -5.323524e+00 2.837578e-03 8.840468e-03 9.999569e-01 2.882759e+02
9.999531e-01 -9.513610e-03 -1.797767e-03 1.060581e+01 9.514888e-03 9.999544e-01 7.361139e-04 -5.340358e+00 1.790601e-03 -7.532287e-04 9.999981e-01 2.894278e+02
9.999834e-01 3.941631e-03 -4.188632e-03 1.058155e+01 -3.984033e-03 9.999405e-01 -1.014979e-02 -5.360125e+00 4.148295e-03 1.016627e-02 9.999397e-01 2.908265e+02
9.999380e-01 -1.078707e-02 -2.744608e-03 1.055988e+01 1.078735e-02 9.999418e-01 1.057158e-04 -5.382282e+00 2.743227e-03 -1.353593e-04 9.999962e-01 2.924095e+02
9.999842e-01 3.574401e-03 -4.314804e-03 1.054576e+01 -3.614732e-03 9.999496e-01 -9.362202e-03 -5.403781e+00 4.281041e-03 9.377608e-03 9.999468e-01 2.938795e+02
9.999390e-01 -1.089867e-02 -1.761673e-03 1.051144e+01 1.089773e-02 9.999405e-01 -5.049686e-04 -5.422513e+00 1.766991e-03 4.856972e-04 9.999983e-01 2.953380e+02
9.999833e-01 5.099956e-03 -2.680579e-03 1.047103e+01 -5.123951e-03 9.999464e-01 -8.999981e-03 -5.438635e+00 2.634456e-03 9.013524e-03 9.999559e-01 2.966259e+02
9.999461e-01 -1.010742e-02 -2.344215e-03 1.045201e+01 1.010962e-02 9.999484e-01 9.530817e-04 -5.455771e+00 2.334381e-03 -9.767714e-04 9.999968e-01 2.977559e+02
9.999840e-01 4.525895e-03 -3.380295e-03 1.044259e+01 -4.553784e-03 9.999554e-01 -8.271219e-03 -5.473221e+00 3.342630e-03 8.286438e-03 9.999601e-01 2.988252e+02
9.999643e-01 -8.428347e-03 -4.767538e-04 1.041422e+01 8.428856e-03 9.999637e-01 1.203421e-03 -5.487346e+00 4.665141e-04 -1.207438e-03 9.999991e-01 2.997344e+02
9.999888e-01 4.568130e-03 -1.211505e-03 1.033028e+01 -4.579469e-03 9.999446e-01 -9.477311e-03 -5.497592e+00 1.168065e-03 9.482711e-03 9.999543e-01 3.007972e+02
9.999393e-01 -1.054869e-02 -3.177721e-03 1.027426e+01 1.054503e-02 9.999437e-01 -1.149985e-03 -5.514991e+00 3.189594e-03 1.116365e-03 9.999943e-01 3.023421e+02
9.999881e-01 4.031266e-03 -2.730087e-03 1.025622e+01 -4.052366e-03 9.999618e-01 -7.745556e-03 -5.534389e+00 2.698680e-03 7.756487e-03 9.999662e-01 3.036988e+02
9.999489e-01 -9.567264e-03 -3.250783e-03 1.024260e+01 9.563516e-03 9.999536e-01 -1.147794e-03 -5.554574e+00 3.261535e-03 1.116606e-03 9.999940e-01 3.050370e+02
9.999772e-01 4.300335e-03 -5.196953e-03 1.025865e+01 -4.337071e-03 9.999656e-01 -7.066754e-03 -5.576516e+00 5.166308e-03 7.089092e-03 9.999615e-01 3.061467e+02
9.999594e-01 -8.913812e-03 1.282145e-03 1.020692e+01 8.914683e-03 9.999600e-01 -7.233068e-04 -5.587563e+00 -1.275724e-03 7.346675e-04 9.999989e-01 3.068959e+02
9.999828e-01 4.767743e-03 -3.385529e-03 1.012717e+01 -4.789175e-03 9.999685e-01 -6.332650e-03 -5.597593e+00 3.355152e-03 6.348716e-03 9.999742e-01 3.076808e+02
9.999672e-01 -7.904609e-03 1.715239e-03 1.005781e+01 7.905354e-03 9.999686e-01 -4.633180e-04 -5.608798e+00 -1.711600e-03 4.768228e-04 9.999984e-01 3.084946e+02
9.999832e-01 4.798956e-03 -3.246115e-03 1.000212e+01 -4.816424e-03 9.999739e-01 -5.376009e-03 -5.621967e+00 3.220154e-03 5.391513e-03 9.999803e-01 3.094028e+02
9.999734e-01 -7.256910e-03 5.775432e-04 9.969122e+00 7.257385e-03 9.999732e-01 -9.320631e-04 -5.636591e+00 -5.708407e-04 9.361904e-04 9.999994e-01 3.102858e+02
9.999877e-01 3.877857e-03 -3.058285e-03 9.926936e+00 -3.896128e-03 9.999746e-01 -5.970681e-03 -5.649998e+00 3.034977e-03 5.982484e-03 9.999775e-01 3.112079e+02
9.999754e-01 -6.980936e-03 6.349462e-04 9.882381e+00 6.981043e-03 9.999756e-01 -2.650051e-04 -5.662906e+00 -6.331571e-04 2.693920e-04 9.999997e-01 3.120154e+02
