9.999993e-01 -1.160021e-03 -1.333244e-04 -6.736411e-02 1.160120e-03 9.999990e-01 7.458566e-04 -2.636476e-02 1.324591e-04 -7.460102e-04 9.999996e-01 1.181634e+00
1.000000e+00 -1.913115e-06 -8.444216e-05 -1.342077e-01 1.914778e-06 1.000000e+00 1.948487e-05 -5.279293e-02 8.444213e-05 -1.948440e-05 9.999999e-01 2.371387e+00
9.999993e-01 -1.144925e-03 -1.706142e-04 -1.974224e-01 1.145053e-03 9.999991e-01 7.541125e-04 -7.895000e-02 1.697506e-04 -7.543066e-04 9.999996e-01 3.538712e+00
1.000000e+00 2.480902e-05 -6.895662e-05 -2.611645e-01 -2.481029e-05 1.000000e+00 -1.865722e-05 -1.048724e-01 6.895612e-05 1.865971e-05 9.999999e-01 4.686549e+00
9.999980e-01 -1.124128e-03 -1.628584e-03 -3.161785e-01 1.125485e-03 9.999990e-01 8.323352e-04 -1.294172e-01 1.627647e-03 -8.341657e-04 9.999982e-01 5.734858e+00
9.999998e-01 -2.271916e-05 6.847765e-04 -3.750023e-01 2.274351e-05 1.000000e+00 -3.553528e-05 -1.546427e-01 -6.847760e-04 3.555178e-05 9.999997e-01 6.827461e+00
9.999989e-01 -1.053716e-03 -1.002986e-03 -4.336950e-01 1.054459e-03 9.999992e-01 7.409996e-04 -1.798824e-01 1.002204e-03 -7.420554e-04 9.999991e-01 7.913549e+00
9.999998e-01 -8.375117e-05 6.447804e-04 -4.963056e-01 8.374609e-05 1.000000e+00 7.937104e-06 -2.056793e-01 -6.447815e-04 -7.882016e-06 9.999997e-01 9.052440e+00
9.999990e-01 -1.070208e-03 -9.137696e-04 -5.594988e-01 1.070908e-03 9.999991e-01 7.657126e-04 -2.317595e-01 9.129490e-04 -7.666892e-04 9.999992e-01 1.021689e+01
9.999997e-01 -4.516723e-05 7.921731e-04 -6.239365e-01 4.519966e-05 1.000000e+00 -4.090331e-05 -2.577943e-01 -7.921717e-04 4.094034e-05 9.999996e-01 1.136755e+01
9.999993e-01 -1.003136e-03 -6.215279e-04 -6.850288e-01 1.003582e-03 9.999992e-01 7.166953e-04 -2.835895e-01 6.208081e-04 -7.173172e-04 9.999995e-01 1.249478e+01
9.999998e-01 -5.644934e-05 6.974394e-04 -7.489123e-01 5.648823e-05 1.000000e+00 -5.570970e-05 -3.093668e-01 -6.974367e-04 5.575046e-05 9.999997e-01 1.361915e+01
9.999991e-01 -1.090311e-03 -7.778343e-04 -8.191761e-01 1.090908e-03 9.999991e-01 7.676022e-04 -3.358022e-01 7.769963e-04 -7.684487e-04 9.999993e-01 1.480134e+01
9.999998e-01 -1.831758e-04 6.609395e-04 -8.946057e-01 1.831464e-04 1.000000e+00 4.455782e-05 -3.632371e-01 -6.609481e-04 -4.443524e-05 9.999997e-01 1.608172e+01
9.999992e-01 -1.089060e-03 -6.048355e-04 -9.703612e-01 1.089537e-03 9.999991e-01 7.892129e-04 -3.910636e-01 6.039750e-04 -7.898697e-04 9.999994e-01 1.739137e+01
9.999998e-01 5.101383e-06 6.262316e-04 -1.032961e+00 -5.054670e-06 1.000000e+00 -7.456067e-05 -4.170951e-01 -6.262324e-04 7.455918e-05 9.999997e-01 1.854407e+01
9.999992e-01 -1.033801e-03 -7.595046e-04 -1.088650e+00 1.034374e-03 9.999992e-01 7.539677e-04 -4.421111e-01 7.587242e-04 -7.547509e-04 9.999993e-01 1.961043e+01
9.999998e-01 -1.752278e-05 6.285598e-04 -1.147882e+00 1.757631e-05 1.000000e+00 -8.513124e-05 -4.673033e-01 -6.285587e-04 8.514409e-05 9.999997e-01 2.069179e+01
9.999990e-01 -1.093736e-03 -9.108536e-04 -1.210929e+00 1.094468e-03 9.999991e-01 8.036936e-04 -4.929872e-01 9.099733e-04 -8.046878e-04 9.999992e-01 2.181520e+01
9.999997e-01 -6.845078e-05 7.662242e-04 -1.283196e+00 6.851826e-05 1.000000e+00 -8.802014e-05 -5.195782e-01 -7.662186e-04 8.807457e-05 9.999996e-01 2.300791e+01
9.999992e-01 -1.004951e-03 -8.151423e-04 -1.346290e+00 1.005588e-03 9.999992e-01 7.808223e-04 -5.454318e-01 8.143565e-04 -7.816393e-04 9.999993e-01 2.413977e+01
9.999997e-01 -1.542845e-05 8.045636e-04 -1.404391e+00 1.553432e-05 1.000000e+00 -1.315467e-04 -5.705974e-01 -8.045621e-04 1.315612e-04 9.999996e-01 2.521496e+01
9.999993e-01 -9.740016e-04 -7.348823e-04 -1.461569e+00 9.745544e-04 9.999992e-01 7.522528e-04 -5.956076e-01 7.341486e-04 -7.529663e-04 9.999993e-01 2.627288e+01
9.999997e-01 -2.020725e-04 7.563433e-04 -1.529984e+00 2.020554e-04 1.000000e+00 2.268696e-05 -6.226167e-01 -7.563483e-04 -2.253190e-05 9.999996e-01 2.751264e+01
9.999992e-01 -1.029081e-03 -7.962179e-04 -1.602777e+00 1.029747e-03 9.999991e-01 8.354783e-04 -6.507167e-01 7.953570e-04 -8.362952e-04 9.999992e-01 2.883450e+01
9.999996e-01 -1.294226e-04 8.947215e-04 -1.675142e+00 1.295202e-04 1.000000e+00 -1.089474e-04 -6.777090e-01 -8.947078e-04 1.090656e-04 9.999995e-01 3.006209e+01
9.999991e-01 -1.116528e-03 -7.733303e-04 -1.753648e+00 1.117221e-03 9.999990e-01 8.958376e-04 -7.055430e-01 7.723289e-04 -8.966983e-04 9.999992e-01 3.136667e+01
1.000000e+00 7.621062e-05 2.187133e-04 -1.851293e+00 -7.611321e-05 9.999999e-01 -4.452100e-04 -7.314290e-01 -2.187477e-04 4.451958e-04 9.999998e-01 3.244796e+01
9.999996e-01 -8.906755e-04 8.859850e-05 -2.091406e+00 8.906414e-04 9.999995e-01 3.841319e-04 -7.406056e-01 -8.894103e-05 -3.840504e-04 9.999998e-01 3.236152e+01
1.000000e+00 -1.723429e-05 -1.565547e-04 -2.312362e+00 1.712073e-05 9.999997e-01 -7.254781e-04 -7.519822e-01 1.565667e-04 7.254779e-04 9.999996e-01 3.243434e+01
9.999996e-01 -6.493329e-04 -5.999771e-04 -2.442969e+00 6.495767e-04 9.999997e-01 4.062408e-04 -7.671418e-01 5.997126e-04 -4.066279e-04 9.999996e-01 3.270965e+01
9.999997e-01 -4.568624e-04 -6.048449e-04 -2.537323e+00 4.568330e-04 9.999999e-01 -4.886308e-05 -7.909661e-01 6.048665e-04 4.858924e-05 9.999997e-01 3.364295e+01
9.999997e-01 -6.657390e-04 2.456094e-04 -2.616860e+00 6.655741e-04 9.999996e-01 6.709639e-04 -8.175094e-01 -2.460567e-04 -6.707977e-04 9.999996e-01 3.480826e+01
9.999993e-01 -3.180407e-04 -1.113983e-03 -2.701750e+00 3.176197e-04 9.999999e-01 -3.781345e-04 -8.406345e-01 1.114103e-03 3.777830e-04 9.999992e-01 3.567505e+01
9.999997e-01 -7.770537e-04 2.121277e-04 -2.786646e+00 7.768734e-04 9.999993e-01 8.491126e-04 -8.656071e-01 -2.127882e-04 -8.489449e-04 9.999995e-01 3.669835e+01
9.999994e-01 -2.813494e-04 -1.103231e-03 -2.869971e+00 2.809711e-04 9.999999e-01 -3.430922e-04 -8.907768e-01 1.103327e-03 3.427847e-04 9.999992e-01 3.773276e+01
9.999997e-01 -7.737138e-04 6.189922e-05 -2.951126e+00 7.736657e-04 9.999994e-01 7.748852e-04 -9.147900e-01 -6.249976e-05 -7.748344e-04 9.999996e-01 3.867832e+01
9.999998e-01 -2.329054e-04 -5.176260e-04 -3.020832e+00 2.327792e-04 9.999999e-01 -2.438723e-04 -9.399237e-01 5.176817e-04 2.437546e-04 9.999997e-01 3.971745e+01
9.999996e-01 -7.846981e-04 4.299339e-04 -3.084906e+00 7.843277e-04 9.999993e-01 8.611695e-04 -9.654812e-01 -4.306104e-04 -8.608292e-04 9.999994e-01 4.081352e+01
9.999998e-01 -3.185521e-04 -5.256290e-04 -3.155740e+00 3.184517e-04 9.999999e-01 -1.910941e-04 -9.918101e-01 5.256888e-04 1.909296e-04 9.999997e-01 4.197442e+01
9.999996e-01 -8.072189e-04 3.607950e-04 -3.231694e+00 8.069074e-04 9.999993e-01 8.629180e-04 -1.018576e+00 -3.614924e-04 -8.626235e-04 9.999995e-01 4.316758e+01
9.999998e-01 -3.531355e-04 -5.556593e-04 -3.309129e+00 3.530501e-04 9.999999e-01 -1.539188e-04 -1.045681e+00 5.557125e-04 1.537256e-04 9.999997e-01 4.439023e+01
9.999996e-01 -7.297568e-04 5.511189e-04 -3.377879e+00 7.293093e-04 9.999994e-01 8.119267e-04 -1.071901e+00 -5.517122e-04 -8.115213e-04 9.999994e-01 4.554340e+01
9.999997e-01 -3.308003e-04 -7.096531e-04 -3.447376e+00 3.306805e-04 9.999999e-01 -1.689446e-04 -1.098013e+00 7.097078e-04 1.687130e-04 9.999996e-01 4.667948e+01
9.999997e-01 -6.819155e-04 4.807806e-04 -3.511906e+00 6.815410e-04 9.999995e-01 7.787847e-04 -1.123401e+00 -4.813126e-04 -7.784535e-04 9.999995e-01 4.775686e+01
9.999998e-01 -2.811684e-04 -5.222041e-04 -3.569023e+00 2.810714e-04 9.999999e-01 -1.858492e-04 -1.148234e+00 5.222551e-04 1.857057e-04 9.999997e-01 4.879304e+01
9.999997e-01 -6.489006e-04 4.316755e-04 -3.625159e+00 6.485775e-04 9.999995e-01 7.481866e-04 -1.172714e+00 -4.321620e-04 -7.479031e-04 9.999995e-01 4.979672e+01
9.999996e-01 -3.454775e-04 -7.736593e-04 -3.684783e+00 3.453663e-04 9.999999e-01 -1.439446e-04 -1.197399e+00 7.737077e-04 1.436807e-04 9.999996e-01 5.082148e+01
9.999998e-01 -5.421964e-04 -3.033923e-04 -3.736953e+00 5.424026e-04 9.999996e-01 6.797787e-04 -1.220289e+00 3.030223e-04 -6.799396e-04 9.999996e-01 5.168510e+01
9.999932e-01 -1.629548e-04 -3.672700e-03 -3.781100e+00 1.622734e-04 1.000000e+00 -1.858342e-04 -1.239900e+00 3.672728e-03 1.852404e-04 9.999931e-01 5.230263e+01
9.999364e-01 -5.629847e-05 -1.128057e-02 -3.826610e+00 6.546271e-05 9.999997e-01 8.120196e-04 -1.257798e+00 1.128052e-02 -8.127029e-04 9.999359e-01 5.286170e+01
9.999998e-01 -6.155544e-04 -2.438118e-04 -3.883135e+00 6.155072e-04 9.999998e-01 -1.941878e-04 -1.276895e+00 2.439269e-04 1.940413e-04 9.999999e-01 5.348636e+01
9.999611e-01 -1.335678e-04 -8.816923e-03 -3.950753e+00 1.403233e-04 9.999997e-01 7.655685e-04 -1.296107e+00 8.816813e-03 -7.667722e-04 9.999607e-01 5.409825e+01
9.999274e-01 3.503788e-04 -1.204521e-02 -4.002938e+00 -3.492528e-04 9.999999e-01 9.557566e-05 -1.312222e+00 1.204523e-02 -9.135812e-05 9.999273e-01 5.460134e+01
9.995221e-01 1.417000e-03 -3.087832e-02 -4.021819e+00 -1.383233e-03 9.999984e-01 1.114890e-03 -1.324518e+00 3.087983e-02 -1.071642e-03 9.995224e-01 5.501312e+01
9.998931e-01 7.660220e-04 -1.460383e-02 -4.031482e+00 -7.635576e-04 9.999997e-01 1.743037e-04 -1.335462e+00 1.460394e-02 -1.631303e-04 9.998932e-01 5.530539e+01
9.997426e-01 1.868789e-03 -2.261003e-02 -4.005578e+00 -1.839723e-03 9.999975e-01 1.306238e-03 -1.342462e+00 2.261240e-02 -1.264301e-03 9.997434e-01 5.517001e+01
9.999652e-01 4.053042e-04 -8.333536e-03 -3.937856e+00 -4.033740e-04 9.999999e-01 2.332471e-04 -1.349301e+00 8.333607e-03 -2.298732e-04 9.999651e-01 5.497086e+01
9.994730e-01 2.148807e-03 -3.238906e-02 -3.904410e+00 -2.118417e-03 9.999973e-01 9.725753e-04 -1.357634e+00 3.239103e-02 -9.034450e-04 9.994748e-01 5.498388e+01
9.999844e-01 4.239664e-04 -5.569087e-03 -3.848264e+00 -4.202916e-04 9.999997e-01 6.608887e-04 -1.364774e+00 5.569335e-03 -6.585334e-04 9.999842e-01 5.486662e+01
9.990777e-01 2.648464e-03 -4.285687e-02 -3.804957e+00 -2.613577e-03 9.999962e-01 8.700452e-04 -1.371465e+00 4.285898e-02 -7.572285e-04 9.990807e-01 5.483442e+01
9.999972e-01 -3.224252e-04 2.341874e-03 -3.766329e+00 3.214696e-04 9.999999e-01 4.088083e-04 -1.380292e+00 -2.342045e-03 -4.080498e-04 9.999971e-01 5.491330e+01
9.988155e-01 2.958188e-03 -4.856846e-02 -3.741734e+00 -2.919430e-03 9.999954e-01 8.689181e-04 -1.388996e+00 4.857077e-02 -7.260921e-04 9.988194e-01 5.503175e+01
9.999848e-01 -8.123485e-04 5.444112e-03 -3.722286e+00 8.091951e-04 9.999995e-01 5.816281e-04 -1.398914e+00 -5.444629e-03 -5.772093e-04 9.999849e-01 5.523637e+01
9.989510e-01 2.175404e-03 -4.574090e-02 -3.751051e+00 -2.150613e-03 9.999975e-01 5.911840e-04 -1.412402e+00 4.574202e-02 -4.921882e-04 9.989531e-01 5.572373e+01
9.998431e-01 -1.637649e-03 1.763720e-02 -3.768897e+00 1.626458e-03 9.999985e-01 6.489580e-04 -1.427787e+00 -1.763829e-02 -6.201652e-04 9.998441e-01 5.623518e+01
9.983079e-01 3.110630e-03 -5.806560e-02 -3.774244e+00 -3.070895e-03 9.999950e-01 7.735063e-04 -1.440490e+00 5.806765e-02 -5.938793e-04 9.983124e-01 5.665967e+01
9.998095e-01 -1.808208e-03 1.943246e-02 -3.778582e+00 1.797614e-03 9.999982e-01 5.626964e-04 -1.453437e+00 -1.943350e-02 -5.276523e-04 9.998109e-01 5.708546e+01
9.982617e-01 3.202014e-03 -5.885056e-02 -3.784695e+00 -3.158124e-03 9.999947e-01 8.387668e-04 -1.466440e+00 5.885287e-02 -6.514466e-04 9.982664e-01 5.752426e+01
9.997383e-01 -1.994247e-03 2.279055e-02 -3.786374e+00 1.984793e-03 9.999979e-01 4.375164e-04 -1.479686e+00 -2.279144e-02 -3.921624e-04 9.997401e-01 5.794534e+01
9.984588e-01 3.091050e-03 -5.541167e-02 -3.785200e+00 -3.058448e-03 9.999951e-01 6.731340e-04 -1.493364e+00 5.541341e-02 -5.026180e-04 9.984633e-01 5.836219e+01
9.993364e-01 -2.831500e-03 3.631362e-02 -3.772409e+00 2.825680e-03 9.999960e-01 2.116469e-04 -1.509466e+00 -3.631415e-02 -1.088907e-04 9.993403e-01 5.881967e+01
9.987775e-01 2.755229e-03 -4.935519e-02 -3.744790e+00 -2.729105e-03 9.999961e-01 5.966416e-04 -1.526562e+00 4.935657e-02 -4.612117e-04 9.987810e-01 5.928662e+01
9.988691e-01 -3.696376e-03 4.740058e-02 -3.749250e+00 3.703635e-03 9.999931e-01 -6.527510e-05 -1.546794e+00 -4.740009e-02 2.407609e-04 9.988759e-01 5.993376e+01
9.988961e-01 2.916702e-03 -4.688272e-02 -3.781880e+00 -2.889114e-03 9.999956e-01 6.561454e-04 -1.569150e+00 4.688436e-02 -5.199665e-04 9.989001e-01 6.076169e+01
9.988777e-01 -3.672185e-03 4.722170e-02 -3.826075e+00 3.678711e-03 9.999932e-01 -5.125488e-05 -1.592754e+00 -4.722126e-02 2.249177e-04 9.988843e-01 6.168317e+01
9.989069e-01 2.891123e-03 -4.665399e-02 -3.875744e+00 -2.860548e-03 9.999956e-01 7.220563e-04 -1.617331e+00 4.665580e-02 -5.878058e-04 9.989108e-01 6.268669e+01
9.988932e-01 -3.747276e-03 4.688598e-02 -3.932104e+00 3.754011e-03 9.999930e-01 -5.553186e-05 -1.642344e+00 -4.688551e-02 2.314863e-04 9.989002e-01 6.372178e+01
9.989073e-01 2.885305e-03 -4.664648e-02 -3.989994e+00 -2.852377e-03 9.999956e-01 7.724212e-04 -1.667450e+00 4.664844e-02 -6.385184e-04 9.989111e-01 6.476894e+01
9.988900e-01 -3.784480e-03 4.695180e-02 -4.047321e+00 3.791571e-03 9.999928e-01 -6.190785e-05 -1.692801e+00 -4.695130e-02 2.398658e-04 9.988971e-01 6.584076e+01
9.989060e-01 2.912252e-03 -4.667281e-02 -4.102670e+00 -2.877777e-03 9.999955e-01 8.057931e-04 -1.717695e+00 4.667488e-02 -6.705921e-04 9.989098e-01 6.688022e+01
9.988904e-01 -3.785542e-03 4.694176e-02 -4.159220e+00 3.795447e-03 9.999928e-01 -1.218361e-04 -1.742750e+00 -4.694103e-02 2.998717e-04 9.988975e-01 6.792424e+01
9.989031e-01 3.022955e-03 -4.672697e-02 -4.206410e+00 -2.988584e-03 9.999952e-01 8.053686e-04 -1.766625e+00 4.672911e-02 -6.648320e-04 9.989073e-01 6.887237e+01
9.988878e-01 -3.714676e-03 4.700351e-02 -4.244325e+00 3.728834e-03 9.999930e-01 -2.134946e-04 -1.789398e+00 -4.700246e-02 3.885314e-04 9.988946e-01 6.972936e+01
9.989339e-01 3.007415e-03 -4.606439e-02 -4.273653e+00 -2.974624e-03 9.999953e-01 7.803388e-04 -1.811940e+00 4.606645e-02 -6.424768e-04 9.989381e-01 7.056808e+01
9.989150e-01 -3.604755e-03 4.643162e-02 -4.301323e+00 3.620565e-03 9.999934e-01 -2.563487e-04 -1.833831e+00 -4.643046e-02 4.241853e-04 9.989214e-01 7.134412e+01
9.989429e-01 2.984874e-03 -4.587029e-02 -4.318368e+00 -2.954958e-03 9.999954e-01 7.199304e-04 -1.854633e+00 4.587216e-02 -5.836187e-04 9.989471e-01 7.202810e+01
9.989252e-01 -3.762825e-03 4.619758e-02 -4.347530e+00 3.774212e-03 9.999929e-01 -1.592080e-04 -1.876629e+00 -4.619673e-02 3.334025e-04 9.989322e-01 7.282861e+01
9.989164e-01 2.999874e-03 -4.644360e-02 -4.377505e+00 -2.963974e-03 9.999953e-01 8.417764e-04 -1.898593e+00 4.644583e-02 -7.032006e-04 9.989205e-01 7.363413e+01
9.989387e-01 -3.795715e-03 4.590292e-02 -4.403718e+00 3.809163e-03 9.999927e-01 -2.054337e-04 -1.920055e+00 -4.590188e-02 3.800736e-04 9.989458e-01 7.439994e+01
9.988796e-01 3.078668e-03 -4.722429e-02 -4.418709e+00 -3.039376e-03 9.999950e-01 9.037615e-04 -1.940643e+00 4.722677e-02 -7.592103e-04 9.988838e-01 7.508837e+01
9.989614e-01 -4.031871e-03 4.538501e-02 -4.443448e+00 4.049394e-03 9.999918e-01 -2.941147e-04 -1.962309e+00 -4.538352e-02 4.775974e-04 9.989694e-01 7.585800e+01
9.989528e-01 3.387822e-03 -4.562783e-02 -4.472722e+00 -3.348020e-03 9.999939e-01 9.486579e-04 -1.984012e+00 4.563069e-02 -7.948952e-04 9.989580e-01 7.663250e+01
9.989458e-01 -4.167394e-03 4.571461e-02 -4.489245e+00 4.190416e-03 9.999911e-01 -4.077236e-04 -2.004936e+00 -4.571257e-02 5.988635e-04 9.989544e-01 7.734238e+01
9.989347e-01 3.475665e-03 -4.601371e-02 -4.493346e+00 -3.432654e-03 9.999936e-01 1.013680e-03 -2.025895e+00 4.601687e-02 -8.546443e-04 9.989402e-01 7.804625e+01
9.989361e-01 -4.282801e-03 4.591701e-02 -4.502202e+00 4.305658e-03 9.999907e-01 -3.988359e-04 -2.047945e+00 -4.591494e-02 5.961212e-04 9.989451e-01 7.883826e+01
9.989359e-01 3.480831e-03 -4.598873e-02 -4.534826e+00 -3.432595e-03 9.999935e-01 1.127736e-03 -2.070802e+00 4.599229e-02 -9.686687e-04 9.989412e-01 7.970879e+01
9.989383e-01 -4.359703e-03 4.586210e-02 -4.584395e+00 4.382127e-03 9.999903e-01 -3.883451e-04 -2.094936e+00 -4.586003e-02 5.889132e-04 9.989476e-01 8.068826e+01
9.989454e-01 3.418440e-03 -4.578638e-02 -4.643836e+00 -3.365964e-03 9.999936e-01 1.223088e-03 -2.120372e+00 4.579020e-02 -1.067676e-03 9.989504e-01 8.177772e+01
9.989352e-01 -4.396984e-03 4.592578e-02 -4.704559e+00 4.421719e-03 9.999901e-01 -4.369479e-04 -2.145887e+00 -4.592348e-02 6.395606e-04 9.989447e-01 8.287644e+01
9.989454e-01 3.453633e-03 -4.578434e-02 -4.764218e+00 -3.398445e-03 9.999934e-01 1.283118e-03 -2.171484e+00 4.578840e-02 -1.126162e-03 9.989504e-01 8.398065e+01
9.989379e-01 -4.422807e-03 4.586263e-02 -4.822247e+00 4.449994e-03 9.999900e-01 -4.906280e-04 -2.196728e+00 -4.586007e-02 6.942026e-04 9.989475e-01 8.506025e+01
9.989471e-01 3.468906e-03 -4.574475e-02 -4.883285e+00 -3.410877e-03 9.999933e-01 1.346475e-03 -2.222464e+00 4.574905e-02 -1.189020e-03 9.989522e-01 8.617655e+01
9.989395e-01 -4.442340e-03 4.582621e-02 -4.945049e+00 4.472721e-03 9.999898e-01 -5.603723e-04 -2.248010e+00 -4.582333e-02 7.647533e-04 9.989492e-01 8.727534e+01
9.989505e-01 3.478004e-03 -4.567118e-02 -5.007021e+00 -3.416975e-03 9.999932e-01 1.414205e-03 -2.273753e+00 4.567572e-02 -1.256656e-03 9.989554e-01 8.839405e+01
9.989299e-01 -4.478624e-03 4.603146e-02 -5.067881e+00 4.510710e-03 9.999897e-01 -5.931181e-04 -2.299669e+00 -4.602840e-02 8.001256e-04 9.989397e-01 8.953125e+01
9.989504e-01 3.495076e-03 -4.567013e-02 -5.132131e+00 -3.431822e-03 9.999930e-01 1.463284e-03 -2.325905e+00 4.567485e-02 -1.305009e-03 9.989554e-01 9.069218e+01
9.989336e-01 -4.519725e-03 4.594682e-02 -5.197000e+00 4.553551e-03 9.999894e-01 -6.314760e-04 -2.352153e+00 -4.594355e-02 8.400316e-04 9.989436e-01 9.185397e+01
9.989585e-01 3.580110e-03 -4.548602e-02 -5.258396e+00 -3.516378e-03 9.999927e-01 1.481001e-03 -2.378209e+00 4.549092e-02 -1.319505e-03 9.989638e-01 9.299565e+01
9.989373e-01 -4.484061e-03 4.587031e-02 -5.315317e+00 4.521668e-03 9.999895e-01 -7.160397e-04 -2.403576e+00 -4.586668e-02 9.226970e-04 9.989471e-01 9.407825e+01
9.989636e-01 3.601134e-03 -4.537241e-02 -5.369706e+00 -3.535204e-03 9.999926e-01 1.533164e-03 -2.428826e+00 4.537752e-02 -1.371166e-03 9.989689e-01 9.515715e+01
9.989342e-01 -4.550584e-03 4.593181e-02 -5.428412e+00 4.588777e-03 9.999892e-01 -7.260359e-04 -2.454745e+00 -4.592808e-02 9.360411e-04 9.989442e-01 9.629134e+01
9.989533e-01 3.594371e-03 -4.559926e-02 -5.490039e+00 -3.525507e-03 9.999925e-01 1.590470e-03 -2.480690e+00 4.560457e-02 -1.428036e-03 9.989585e-01 9.742878e+01
9.989293e-01 -4.525174e-03 4.603963e-02 -5.545927e+00 4.566263e-03 9.999893e-01 -7.872684e-04 -2.506200e+00 -4.603565e-02 9.966628e-04 9.989392e-01 9.853087e+01
9.989486e-01 3.580719e-03 -4.570414e-02 -5.608245e+00 -3.509900e-03 9.999925e-01 1.629598e-03 -2.532083e+00 4.570957e-02 -1.467459e-03 9.989536e-01 9.965886e+01
9.989220e-01 -4.542880e-03 4.619696e-02 -5.668820e+00 4.585789e-03 9.999891e-01 -8.228075e-04 -2.558056e+00 -4.619279e-02 1.033779e-03 9.989319e-01 1.007971e+02
9.989537e-01 3.585475e-03 -4.559106e-02 -5.731257e+00 -3.512204e-03 9.999924e-01 1.687073e-03 -2.584351e+00 4.559670e-02 -1.525175e-03 9.989587e-01 1.019646e+02
9.989269e-01 -4.607468e-03 4.608467e-02 -5.798522e+00 4.651240e-03 9.999888e-01 -8.425376e-04 -2.611194e+00 -4.608035e-02 1.055993e-03 9.989371e-01 1.031725e+02
9.989583e-01 3.637328e-03 -4.548598e-02 -5.862396e+00 -3.562549e-03 9.999922e-01 1.724899e-03 -2.637739e+00 4.549183e-02 -1.561047e-03 9.989634e-01 1.043601e+02
9.989175e-01 -4.627711e-03 4.628604e-02 -5.924937e+00 4.673481e-03 9.999887e-01 -8.806007e-04 -2.664516e+00 -4.628151e-02 1.095973e-03 9.989278e-01 1.055679e+02
9.989588e-01 3.825043e-03 -4.546004e-02 -5.975065e+00 -3.752132e-03 9.999915e-01 1.689017e-03 -2.689917e+00 4.546604e-02 -1.516678e-03 9.989646e-01 1.066528e+02
9.989272e-01 -4.698800e-03 4.606782e-02 -6.029762e+00 4.746428e-03 9.999883e-01 -9.244533e-04 -2.715273e+00 -4.606301e-02 1.142128e-03 9.989378e-01 1.077354e+02
9.989447e-01 3.739560e-03 -4.577671e-02 -6.093248e+00 -3.661212e-03 9.999917e-01 1.795172e-03 -2.741286e+00 4.578297e-02 -1.625670e-03 9.989500e-01 1.088774e+02
9.989122e-01 -4.692323e-03 4.639328e-02 -6.151504e+00 4.742092e-03 9.999883e-01 -9.626725e-04 -2.767357e+00 -4.638829e-02 1.181636e-03 9.989227e-01 1.100268e+02
9.989509e-01 3.758442e-03 -4.563947e-02 -6.210923e+00 -3.678142e-03 9.999915e-01 1.843212e-03 -2.793718e+00 4.564594e-02 -1.673400e-03 9.989562e-01 1.111996e+02
9.989060e-01 -4.724811e-03 4.652357e-02 -6.272120e+00 4.776284e-03 9.999881e-01 -9.951875e-04 -2.820560e+00 -4.651838e-02 1.216318e-03 9.989166e-01 1.124098e+02
9.990319e-01 3.914992e-03 -4.381607e-02 -6.302225e+00 -3.843997e-03 9.999912e-01 1.704369e-03 -2.845932e+00 4.382229e-02 -1.534281e-03 9.990381e-01 1.135017e+02
9.988681e-01 -4.834427e-03 4.731950e-02 -6.324049e+00 4.894617e-03 9.999874e-01 -1.156107e-03 -2.870639e+00 -4.731338e-02 1.386418e-03 9.988790e-01 1.145390e+02
9.989281e-01 4.018820e-03 -4.611346e-02 -6.376673e+00 -3.930725e-03 9.999903e-01 2.000836e-03 -2.896955e+00 4.612098e-02 -1.817422e-03 9.989341e-01 1.157011e+02
9.988855e-01 -4.930512e-03 4.694088e-02 -6.435490e+00 4.991464e-03 9.999868e-01 -1.181273e-03 -2.923247e+00 -4.693451e-02 1.414270e-03 9.988969e-01 1.168633e+02
9.989328e-01 4.104485e-03 -4.600417e-02 -6.487763e+00 -4.015081e-03 9.999899e-01 2.035539e-03 -2.949167e+00 4.601199e-02 -1.848647e-03 9.989391e-01 1.179935e+02
9.988633e-01 -4.880292e-03 4.741645e-02 -6.531220e+00 4.945764e-03 9.999870e-01 -1.263474e-03 -2.974712e+00 -4.740973e-02 1.496558e-03 9.988743e-01 1.190922e+02
9.990307e-01 4.112339e-03 -4.382618e-02 -6.548990e+00 -4.035818e-03 9.999902e-01 1.834272e-03 -2.998847e+00 4.383323e-02 -1.655610e-03 9.990374e-01 1.200752e+02
9.988027e-01 -5.002888e-03 4.866229e-02 -6.554652e+00 5.076388e-03 9.999862e-01 -1.386847e-03 -3.022312e+00 -4.865475e-02 1.632225e-03 9.988142e-01 1.210082e+02
9.989563e-01 4.197903e-03 -4.548336e-02 -6.575593e+00 -4.110913e-03 9.999895e-01 2.005860e-03 -3.046817e+00 4.549124e-02 -1.816779e-03 9.989630e-01 1.220243e+02
9.988375e-01 -4.996141e-03 4.794434e-02 -6.604754e+00 5.066088e-03 9.999863e-01 -1.337421e-03 -3.071682e+00 -4.793706e-02 1.578766e-03 9.988490e-01 1.230699e+02
9.989515e-01 4.208446e-03 -4.558757e-02 -6.636417e+00 -4.119245e-03 9.999894e-01 2.050374e-03 -3.096745e+00 4.559565e-02 -1.860428e-03 9.989582e-01 1.241311e+02
9.988176e-01 -5.030757e-03 4.835456e-02 -6.664761e+00 5.103538e-03 9.999860e-01 -1.381712e-03 -3.121924e+00 -4.834700e-02 1.626868e-03 9.988292e-01 1.252035e+02
9.990055e-01 4.188314e-03 -4.439053e-02 -6.682184e+00 -4.104583e-03 9.999896e-01 1.977121e-03 -3.146704e+00 4.439828e-02 -1.792940e-03 9.990122e-01 1.262450e+02
9.988455e-01 -5.073684e-03 4.776928e-02 -6.707685e+00 5.142994e-03 9.999859e-01 -1.328053e-03 -3.172207e+00 -4.776194e-02 1.572208e-03 9.988574e-01 1.273506e+02
9.989722e-01 4.249619e-03 -4.512824e-02 -6.740104e+00 -4.160075e-03 9.999892e-01 2.077873e-03 -3.197823e+00 4.513652e-02 -1.887990e-03 9.989790e-01 1.284651e+02
9.988963e-01 -5.094264e-03 4.669266e-02 -6.788646e+00 5.157428e-03 9.999859e-01 -1.232307e-03 -3.224372e+00 -4.668579e-02 1.471772e-03 9.989085e-01 1.296542e+02
9.989611e-01 4.359103e-03 -4.536268e-02 -6.833709e+00 -4.270168e-03 9.999888e-01 2.057160e-03 -3.250113e+00 4.537107e-02 -1.861306e-03 9.989684e-01 1.307671e+02
9.988794e-01 -5.050393e-03 4.705797e-02 -6.864499e+00 5.122038e-03 9.999859e-01 -1.401931e-03 -3.274169e+00 -4.705029e-02 1.641403e-03 9.988911e-01 1.317351e+02
9.989491e-01 4.337364e-03 -4.562845e-02 -6.898485e+00 -4.246967e-03 9.999888e-01 2.077828e-03 -3.298222e+00 4.563688e-02 -1.881851e-03 9.989562e-01 1.326996e+02
9.988523e-01 -5.061459e-03 4.762800e-02 -6.927366e+00 5.135272e-03 9.999858e-01 -1.427447e-03 -3.322429e+00 -4.762016e-02 1.670402e-03 9.988640e-01 1.336829e+02
9.989408e-01 4.296972e-03 -4.581210e-02 -6.962250e+00 -4.202731e-03 9.999889e-01 2.153158e-03 -3.347121e+00 4.582078e-02 -1.958330e-03 9.989477e-01 1.347124e+02
9.988919e-01 -5.148767e-03 4.678006e-02 -7.014977e+00 5.217595e-03 9.999855e-01 -1.349228e-03 -3.372852e+00 -4.677250e-02 1.591824e-03 9.989042e-01 1.358292e+02
9.989371e-01 4.267689e-03 -4.589490e-02 -7.074686e+00 -4.169768e-03 9.999888e-01 2.229036e-03 -3.399364e+00 4.590383e-02 -2.035284e-03 9.989437e-01 1.370086e+02
9.988944e-01 -5.202048e-03 4.672234e-02 -7.136117e+00 5.271772e-03 9.999852e-01 -1.369093e-03 -3.426124e+00 -4.671459e-02 1.613900e-03 9.989069e-01 1.382087e+02
9.989494e-01 4.483083e-03 -4.560695e-02 -7.181791e+00 -4.388278e-03 9.999880e-01 2.178569e-03 -3.451529e+00 4.561611e-02 -1.976133e-03 9.989570e-01 1.392887e+02
9.989119e-01 -5.310391e-03 4.633265e-02 -7.236968e+00 5.380708e-03 9.999846e-01 -1.392967e-03 -3.477235e+00 -4.632461e-02 1.640765e-03 9.989250e-01 1.403926e+02
9.989363e-01 4.451265e-03 -4.589696e-02 -7.297946e+00 -4.352465e-03 9.999880e-01 2.252287e-03 -3.503260e+00 4.590637e-02 -2.050115e-03 9.989436e-01 1.415227e+02
9.989040e-01 -5.249479e-03 4.651132e-02 -7.350143e+00 5.324206e-03 9.999847e-01 -1.482786e-03 -3.528425e+00 -4.650289e-02 1.728808e-03 9.989166e-01 1.425815e+02
9.989186e-01 4.410578e-03 -4.628375e-02 -7.412178e+00 -4.308528e-03 9.999881e-01 2.304321e-03 -3.554072e+00 4.629330e-02 -2.102403e-03 9.989256e-01 1.436735e+02
9.989092e-01 -5.258932e-03 4.639678e-02 -7.472669e+00 5.336340e-03 9.999846e-01 -1.544590e-03 -3.579320e+00 -4.638800e-02 1.790506e-03 9.989218e-01 1.447315e+02
9.989308e-01 4.446317e-03 -4.601629e-02 -7.530134e+00 -4.342065e-03 9.999878e-01 2.365162e-03 -3.604727e+00 4.602618e-02 -2.162816e-03 9.989378e-01 1.458080e+02
9.989081e-01 -5.413449e-03 4.640253e-02 -7.598759e+00 5.490170e-03 9.999838e-01 -1.525977e-03 -3.631314e+00 -4.639358e-02 1.779080e-03 9.989216e-01 1.469879e+02
9.989377e-01 4.401174e-03 -4.587024e-02 -7.673051e+00 -4.291724e-03 9.999877e-01 2.484188e-03 -3.659019e+00 4.588055e-02 -2.284675e-03 9.989442e-01 1.482643e+02
9.989057e-01 -5.417744e-03 4.645350e-02 -7.745139e+00 5.497316e-03 9.999836e-01 -1.585250e-03 -3.686595e+00 -4.644422e-02 1.838897e-03 9.989191e-01 1.495295e+02
9.989315e-01 4.429911e-03 -4.600249e-02 -7.818122e+00 -4.318426e-03 9.999875e-01 2.522452e-03 -3.713963e+00 4.601302e-02 -2.321086e-03 9.989381e-01 1.507770e+02
9.989012e-01 -5.510545e-03 4.654075e-02 -7.894603e+00 5.590279e-03 9.999831e-01 -1.583115e-03 -3.742030e+00 -4.653130e-02 1.841564e-03 9.989150e-01 1.520879e+02
9.989440e-01 4.516481e-03 -4.572200e-02 -7.965620e+00 -4.403958e-03 9.999870e-01 2.561371e-03 -3.769960e+00 4.573292e-02 -2.357296e-03 9.989508e-01 1.533885e+02
9.989059e-01 -5.596664e-03 4.642904e-02 -8.041137e+00 5.677219e-03 9.999826e-01 -1.603238e-03 -3.798250e+00 -4.641932e-02 1.865084e-03 9.989202e-01 1.547208e+02
9.989381e-01 4.545482e-03 -4.584665e-02 -8.118197e+00 -4.430328e-03 9.999868e-01 2.612943e-03 -3.826540e+00 4.585786e-02 -2.407040e-03 9.989450e-01 1.560509e+02
9.989066e-01 -5.666031e-03 4.640460e-02 -8.198733e+00 5.748460e-03 9.999821e-01 -1.642954e-03 -3.855165e+00 -4.639452e-02 1.907925e-03 9.989213e-01 1.574081e+02
9.989452e-01 4.528315e-03 -4.569401e-02 -8.283505e+00 -4.408853e-03 9.999866e-01 2.714739e-03 -3.884650e+00 4.570563e-02 -2.510404e-03 9.989517e-01 1.588415e+02
9.989062e-01 -5.654235e-03 4.641509e-02 -8.364417e+00 5.740128e-03 9.999821e-01 -1.717362e-03 -3.913764e+00 -4.640462e-02 1.981925e-03 9.989207e-01 1.602407e+02
9.989454e-01 4.549188e-03 -4.568760e-02 -8.448212e+00 -4.427391e-03 9.999864e-01 2.766611e-03 -3.943144e+00 4.569950e-02 -2.561403e-03 9.989519e-01 1.616595e+02
9.989099e-01 -5.614167e-03 4.634013e-02 -8.524971e+00 5.703520e-03 9.999821e-01 -1.796088e-03 -3.971734e+00 -4.632928e-02 2.058445e-03 9.989240e-01 1.630118e+02
9.989531e-01 4.701806e-03 -4.550328e-02 -8.590068e+00 -4.581720e-03 9.999857e-01 2.742902e-03 -3.999057e+00 4.551546e-02 -2.531534e-03 9.989603e-01 1.642579e+02
9.989058e-01 -5.477065e-03 4.644593e-02 -8.641481e+00 5.572554e-03 9.999826e-01 -1.926567e-03 -4.024974e+00 -4.643463e-02 2.183295e-03 9.989189e-01 1.653800e+02
9.989557e-01 4.817271e-03 -4.543372e-02 -8.684813e+00 -4.699221e-03 9.999853e-01 2.704641e-03 -4.049748e+00 4.544602e-02 -2.488300e-03 9.989636e-01 1.664076e+02
9.989017e-01 -5.639392e-03 4.651513e-02 -8.739213e+00 5.733001e-03 9.999818e-01 -1.879166e-03 -4.075942e+00 -4.650375e-02 2.143787e-03 9.989157e-01 1.675584e+02
9.989581e-01 4.933699e-03 -4.536832e-02 -8.785367e+00 -4.815582e-03 9.999847e-01 2.712333e-03 -4.101399e+00 4.538094e-02 -2.491019e-03 9.989666e-01 1.686474e+02
9.988860e-01 -5.648865e-03 4.684864e-02 -8.823594e+00 5.747252e-03 9.999816e-01 -1.965555e-03 -4.126229e+00 -4.683674e-02 2.232630e-03 9.989000e-01 1.696844e+02
9.989812e-01 4.976590e-03 -4.485253e-02 -8.854292e+00 -4.860975e-03 9.999846e-01 2.686264e-03 -4.150717e+00 4.486514e-02 -2.465487e-03 9.989899e-01 1.706928e+02
9.988774e-01 -5.741637e-03 4.702125e-02 -8.887301e+00 5.841246e-03 9.999810e-01 -1.981133e-03 -4.175707e+00 -4.700905e-02 2.253585e-03 9.988918e-01 1.717445e+02
9.989571e-01 4.964693e-03 -4.538706e-02 -8.935680e+00 -4.839664e-03 9.999842e-01 2.864105e-03 -4.202148e+00 4.540050e-02 -2.641446e-03 9.989653e-01 1.729250e+02
9.988811e-01 -5.860204e-03 4.692733e-02 -8.993000e+00 5.957761e-03 9.999804e-01 -1.939179e-03 -4.229733e+00 -4.691511e-02 2.216605e-03 9.988963e-01 1.742002e+02
9.989889e-01 5.111586e-03 -4.466604e-02 -9.031812e+00 -4.992193e-03 9.999837e-01 2.784040e-03 -4.255849e+00 4.467948e-02 -2.558230e-03 9.989980e-01 1.753552e+02
9.988210e-01 -5.853783e-03 4.819138e-02 -9.048671e+00 5.965418e-03 9.999798e-01 -2.172868e-03 -4.280018e+00 -4.817775e-02 2.457802e-03 9.988357e-01 1.763440e+02
9.989894e-01 5.104983e-03 -4.465502e-02 -9.060656e+00 -4.987958e-03 9.999838e-01 2.731579e-03 -4.303442e+00 4.466818e-02 -2.506067e-03 9.989986e-01 1.772668e+02
9.988439e-01 -5.855917e-03 4.771248e-02 -9.078782e+00 5.964049e-03 9.999800e-01 -2.124163e-03 -4.327529e+00 -4.769914e-02 2.406281e-03 9.988588e-01 1.782433e+02
9.990214e-01 5.083904e-03 -4.393624e-02 -9.092037e+00 -4.969499e-03 9.999840e-01 2.712603e-03 -4.351568e+00 4.394926e-02 -2.491593e-03 9.990306e-01 1.792192e+02
9.988364e-01 -5.897809e-03 4.786425e-02 -9.108118e+00 6.005202e-03 9.999798e-01 -2.100081e-03 -4.376349e+00 -4.785096e-02 2.385086e-03 9.988516e-01 1.802603e+02
9.990417e-01 5.103107e-03 -4.346879e-02 -9.120784e+00 -4.990710e-03 9.999839e-01 2.693714e-03 -4.400907e+00 4.348178e-02 -2.474178e-03 9.990511e-01 1.812845e+02
9.987211e-01 -6.050862e-03 5.019519e-02 -9.120055e+00 6.170112e-03 9.999785e-01 -2.220991e-03 -4.425184e+00 -5.018073e-02 2.527875e-03 9.987369e-01 1.822925e+02
9.989983e-01 5.154205e-03 -4.444905e-02 -9.127825e+00 -5.035017e-03 9.999834e-01 2.792891e-03 -4.450128e+00 4.446265e-02 -2.566277e-03 9.990077e-01 1.833599e+02
9.987651e-01 -6.032660e-03 4.931353e-02 -9.142303e+00 6.147769e-03 9.999787e-01 -2.182770e-03 -4.475438e+00 -4.929938e-02 2.483257e-03 9.987809e-01 1.844534e+02
9.990385e-01 5.151513e-03 -4.353858e-02 -9.149486e+00 -5.036869e-03 9.999836e-01 2.742363e-03 -4.500298e+00 4.355193e-02 -2.520414e-03 9.990479e-01 1.855110e+02
9.986958e-01 -6.071640e-03 5.069383e-02 -9.144709e+00 6.197454e-03 9.999781e-01 -2.324928e-03 -4.524020e+00 -5.067866e-02 2.636083e-03 9.987114e-01 1.864708e+02
9.991119e-01 5.045582e-03 -4.183310e-02 -9.127088e+00 -4.939769e-03 9.999843e-01 2.632287e-03 -4.546940e+00 4.184567e-02 -2.423289e-03 9.991211e-01 1.873562e+02
9.988232e-01 -5.956493e-03 4.813166e-02 -9.124866e+00 6.069126e-03 9.999792e-01 -2.194179e-03 -4.570792e+00 -4.811764e-02 2.483729e-03 9.988385e-01 1.883264e+02
9.990586e-01 5.119591e-03 -4.307681e-02 -9.136598e+00 -5.005029e-03 9.999836e-01 2.766811e-03 -4.595790e+00 4.309021e-02 -2.548591e-03 9.990678e-01 1.893901e+02
9.987860e-01 -6.015859e-03 4.889111e-02 -9.143589e+00 6.132331e-03 9.999787e-01 -2.232525e-03 -4.620786e+00 -4.887670e-02 2.529646e-03 9.988015e-01 1.904576e+02
9.989791e-01 5.180701e-03 -4.487647e-02 -9.165838e+00 -5.054852e-03 9.999830e-01 2.917285e-03 -4.646589e+00 4.489076e-02 -2.687448e-03 9.989882e-01 1.915869e+02
9.986816e-01 -6.019857e-03 5.097845e-02 -9.173330e+00 6.149676e-03 9.999782e-01 -2.389973e-03 -4.671534e+00 -5.096301e-02 2.700338e-03 9.986968e-01 1.926464e+02
9.991873e-01 4.890751e-03 -4.000890e-02 -9.147080e+00 -4.790453e-03 9.999851e-01 2.602266e-03 -4.694621e+00 4.002098e-02 -2.408476e-03 9.991958e-01 1.935409e+02
9.986019e-01 -6.100173e-03 5.250779e-02 -9.115012e+00 6.237129e-03 9.999776e-01 -2.444745e-03 -4.717420e+00 -5.249175e-02 2.768840e-03 9.986174e-01 1.944075e+02
9.991011e-01 4.925270e-03 -4.210396e-02 -9.091409e+00 -4.815651e-03 9.999847e-01 2.704460e-03 -4.740963e+00 4.211659e-02 -2.499256e-03 9.991095e-01 1.953486e+02
9.987609e-01 -5.891888e-03 4.941604e-02 -9.085281e+00 6.013559e-03 9.999792e-01 -2.313753e-03 -4.764744e+00 -4.940144e-02 2.608067e-03 9.987755e-01 1.963171e+02
9.990927e-01 4.986680e-03 -4.229616e-02 -9.081138e+00 -4.875607e-03 9.999844e-01 2.728741e-03 -4.788746e+00 4.230906e-02 -2.520030e-03 9.991013e-01 1.973007e+02
9.987481e-01 -5.940707e-03 4.966832e-02 -9.073844e+00 6.065250e-03 9.999788e-01 -2.357044e-03 -4.812141e+00 -4.965331e-02 2.655359e-03 9.987629e-01 1.982355e+02
9.989955e-01 5.111977e-03 -4.451703e-02 -9.079227e+00 -4.989214e-03 9.999834e-01 2.868254e-03 -4.835917e+00 4.453090e-02 -2.643253e-03 9.990044e-01 1.991971e+02
9.987417e-01 -5.896348e-03 4.980263e-02 -9.082319e+00 6.024849e-03 9.999789e-01 -2.430386e-03 -4.859193e+00 -4.978730e-02 2.727397e-03 9.987560e-01 2.001113e+02
9.991270e-01 4.911248e-03 -4.148693e-02 -9.064267e+00 -4.804389e-03 9.999849e-01 2.674945e-03 -4.881163e+00 4.149939e-02 -2.473275e-03 9.991354e-01 2.009108e+02
9.989222e-01 -5.713585e-03 4.606285e-02 -9.069261e+00 5.822341e-03 9.999806e-01 -2.227117e-03 -4.904399e+00 -4.604928e-02 2.492926e-03 9.989360e-01 2.018207e+02
9.991396e-01 4.870950e-03 -4.118584e-02 -9.077123e+00 -4.762632e-03 9.999849e-01 2.727590e-03 -4.928493e+00 4.119845e-02 -2.529075e-03 9.991477e-01 2.028035e+02
9.988481e-01 -5.737926e-03 4.763975e-02 -9.072686e+00 5.856657e-03 9.999801e-01 -2.352969e-03 -4.951790e+00 -4.762535e-02 2.629284e-03 9.988617e-01 2.037231e+02
9.990920e-01 4.928882e-03 -4.231791e-02 -9.072498e+00 -4.816494e-03 9.999846e-01 2.757263e-03 -4.974610e+00 4.233080e-02 -2.550920e-03 9.991003e-01 2.045995e+02
9.989361e-01 -5.705639e-03 4.576211e-02 -9.089544e+00 5.814332e-03 9.999806e-01 -2.242329e-03 -4.998471e+00 -4.574848e-02 2.506035e-03 9.989498e-01 2.055573e+02
9.990817e-01 5.038215e-03 -4.254916e-02 -9.106226e+00 -4.923234e-03 9.999839e-01 2.806579e-03 -5.022197e+00 4.256257e-02 -2.594506e-03 9.990903e-01 2.065014e+02
9.989084e-01 -5.750187e-03 4.635690e-02 -9.114442e+00 5.865635e-03 9.999800e-01 -2.354673e-03 -5.045130e+00 -4.634248e-02 2.624031e-03 9.989221e-01 2.073799e+02
9.990543e-01 5.052352e-03 -4.318441e-02 -9.129527e+00 -4.931937e-03 9.999836e-01 2.894396e-03 -5.068437e+00 4.319828e-02 -2.678660e-03 9.990628e-01 2.082909e+02
9.988793e-01 -5.853819e-03 4.696635e-02 -9.142728e+00 5.971584e-03 9.999794e-01 -2.367419e-03 -5.092178e+00 -4.695157e-02 2.645246e-03 9.988936e-01 2.092432e+02
9.990424e-01 5.069375e-03 -4.345682e-02 -9.164870e+00 -4.942638e-03 9.999832e-01 3.023253e-03 -5.117161e+00 4.347137e-02 -2.805551e-03 9.990506e-01 2.103030e+02
9.988774e-01 -5.899190e-03 4.700227e-02 -9.188043e+00 6.018757e-03 9.999790e-01 -2.402647e-03 -5.142163e+00 -4.698715e-02 2.682862e-03 9.988918e-01 2.113655e+02
9.990135e-01 5.138350e-03 -4.410890e-02 -9.217389e+00 -5.005461e-03 9.999826e-01 3.122584e-03 -5.167421e+00 4.412413e-02 -2.898702e-03 9.990218e-01 2.124470e+02
9.988902e-01 -5.906600e-03 4.672774e-02 -9.248104e+00 6.026500e-03 9.999789e-01 -2.425379e-03 -5.192519e+00 -4.671247e-02 2.704309e-03 9.989046e-01 2.135128e+02
9.989525e-01 5.220572e-03 -4.545942e-02 -9.290618e+00 -5.079142e-03 9.999819e-01 3.226021e-03 -5.217432e+00 4.547539e-02 -2.991731e-03 9.989609e-01 2.145586e+02
9.989086e-01 -5.993844e-03 4.632034e-02 -9.340447e+00 6.112025e-03 9.999784e-01 -2.410067e-03 -5.242568e+00 -4.630494e-02 2.690564e-03 9.989236e-01 2.156283e+02
9.989562e-01 5.225126e-03 -4.537752e-02 -9.391402e+00 -5.081289e-03 9.999817e-01 3.284482e-03 -5.268036e+00 4.539381e-02 -3.050461e-03 9.989644e-01 2.167257e+02
9.989029e-01 -6.058140e-03 4.643574e-02 -9.444424e+00 6.176790e-03 9.999780e-01 -2.411977e-03 -5.294071e+00 -4.642015e-02 2.696172e-03 9.989183e-01 2.178747e+02
9.989561e-01 5.237345e-03 -4.537873e-02 -9.497504e+00 -5.091328e-03 9.999815e-01 3.332643e-03 -5.320018e+00 4.539530e-02 -3.098110e-03 9.989642e-01 2.190223e+02
9.989136e-01 -6.109665e-03 4.619781e-02 -9.554151e+00 6.229371e-03 9.999776e-01 -2.447537e-03 -5.346037e+00 -4.618186e-02 2.732678e-03 9.989292e-01 2.201712e+02
9.989451e-01 5.229894e-03 -4.562214e-02 -9.614838e+00 -5.080286e-03 9.999813e-01 3.394546e-03 -5.372241e+00 4.563900e-02 -3.159175e-03 9.989529e-01 2.213329e+02
9.989109e-01 -6.086443e-03 4.625903e-02 -9.671261e+00 6.209560e-03 9.999775e-01 -2.518120e-03 -5.398019e+00 -4.624270e-02 2.802643e-03 9.989262e-01 2.224575e+02
9.989488e-01 5.261640e-03 -4.553581e-02 -9.727700e+00 -5.110758e-03 9.999811e-01 3.429185e-03 -5.423785e+00 4.555294e-02 -3.192841e-03 9.989567e-01 2.235829e+02
9.989124e-01 -6.203209e-03 4.621143e-02 -9.790707e+00 6.325541e-03 9.999769e-01 -2.501352e-03 -5.450417e+00 -4.619488e-02 2.790961e-03 9.989285e-01 2.247832e+02
9.989422e-01 5.405256e-03 -4.566437e-02 -9.847238e+00 -5.254777e-03 9.999804e-01 3.414662e-03 -5.476192e+00 4.568189e-02 -3.171077e-03 9.989509e-01 2.259015e+02
9.989198e-01 -6.221852e-03 4.604795e-02 -9.901453e+00 6.346680e-03 9.999766e-01 -2.565038e-03 -5.501361e+00 -4.603095e-02 2.854536e-03 9.989358e-01 2.269720e+02
9.989386e-01 5.355028e-03 -4.574943e-02 -9.961147e+00 -5.200199e-03 9.999803e-01 3.502556e-03 -5.527042e+00 4.576724e-02 -3.260915e-03 9.989467e-01 2.280910e+02
9.989219e-01 -6.373573e-03 4.598279e-02 -1.003385e+01 6.497934e-03 9.999756e-01 -2.555441e-03 -5.554106e+00 -4.596543e-02 2.851497e-03 9.989389e-01 2.293203e+02
9.989371e-01 5.359812e-03 -4.578033e-02 -1.011227e+01 -5.201995e-03 9.999801e-01 3.565621e-03 -5.581777e+00 4.579849e-02 -3.323665e-03 9.989451e-01 2.305955e+02
9.989192e-01 -6.449359e-03 4.603023e-02 -1.019221e+01 6.574999e-03 9.999751e-01 -2.578509e-03 -5.609710e+00 -4.601249e-02 2.878389e-03 9.989366e-01 2.318996e+02
9.989368e-01 5.406408e-03 -4.578207e-02 -1.027141e+01 -5.245902e-03 9.999797e-01 3.625215e-03 -5.637674e+00 4.580069e-02 -3.381175e-03 9.989448e-01 2.332037e+02
9.989196e-01 -6.425269e-03 4.602548e-02 -1.034877e+01 6.555647e-03 9.999749e-01 -2.682268e-03 -5.665231e+00 -4.600713e-02 2.981114e-03 9.989366e-01 2.344662e+02
9.989367e-01 5.455718e-03 -4.577961e-02 -1.042264e+01 -5.292293e-03 9.999792e-01 3.690196e-03 -5.692589e+00 4.579874e-02 -3.443975e-03 9.989447e-01 2.357175e+02
9.989049e-01 -6.429759e-03 4.634340e-02 -1.049382e+01 6.564317e-03 9.999747e-01 -2.751801e-03 -5.719968e+00 -4.632458e-02 3.053018e-03 9.989217e-01 2.369692e+02
9.989351e-01 5.478260e-03 -4.581128e-02 -1.056861e+01 -5.311867e-03 9.999788e-01 3.753000e-03 -5.747877e+00 4.583083e-02 -3.505642e-03 9.989430e-01 2.382614e+02
9.989070e-01 -6.508259e-03 4.628720e-02 -1.064383e+01 6.643491e-03 9.999741e-01 -2.768251e-03 -5.775741e+00 -4.626803e-02 3.072752e-03 9.989242e-01 2.395595e+02
9.989270e-01 5.548042e-03 -4.597955e-02 -1.071704e+01 -5.379488e-03 9.999784e-01 3.788693e-03 -5.803179e+00 4.599953e-02 -3.537263e-03 9.989351e-01 2.408169e+02
9.989110e-01 -6.488873e-03 4.620384e-02 -1.078702e+01 6.628526e-03 9.999739e-01 -2.869851e-03 -5.829904e+00 -4.618406e-02 3.173008e-03 9.989278e-01 2.420108e+02
9.989248e-01 5.627857e-03 -4.601792e-02 -1.085428e+01 -5.458159e-03 9.999778e-01 3.812407e-03 -5.856296e+00 4.603832e-02 -3.557116e-03 9.989332e-01 2.431712e+02
9.989164e-01 -6.438265e-03 4.609347e-02 -1.091793e+01 6.582860e-03 9.999739e-01 -2.985775e-03 -5.881879e+00 -4.607308e-02 3.285985e-03 9.989326e-01 2.442561e+02
9.989277e-01 5.561398e-03 -4.596185e-02 -1.098798e+01 -5.387604e-03 9.999779e-01 3.904194e-03 -5.908228e+00 4.598250e-02 -3.652364e-03 9.989355e-01 2.454130e+02
9.989131e-01 -6.458879e-03 4.616162e-02 -1.105699e+01 6.604961e-03 9.999736e-01 -3.012630e-03 -5.934817e+00 -4.614098e-02 3.314270e-03 9.989293e-01 2.465873e+02
