9.999773e-01 4.983490e-04 -6.722877e-03 3.552475e-02 -4.946175e-04 9.999997e-01 5.566908e-04 -4.669407e-03 6.723151e-03 -5.533524e-04 9.999771e-01 2.614872e-01
9.999963e-01 -9.096912e-06 -2.729455e-03 5.914587e-02 1.070430e-05 9.999998e-01 5.888842e-04 -1.650154e-02 2.729448e-03 -5.889105e-04 9.999960e-01 8.763005e-01
9.999621e-01 3.957690e-04 -8.696312e-03 7.314628e-02 -3.866938e-04 9.999994e-01 1.045217e-03 -3.570165e-02 8.696718e-03 -1.041814e-03 9.999615e-01 1.826252e+00
9.999937e-01 -5.193010e-05 -3.550760e-03 8.237999e-02 5.470107e-05 9.999997e-01 7.802859e-04 -5.749308e-02 3.550715e-03 -7.804743e-04 9.999933e-01 2.898053e+00
9.999753e-01 3.274112e-04 -7.024914e-03 9.715743e-02 -3.224289e-04 9.999997e-01 7.103453e-04 -7.542471e-02 7.025140e-03 -7.080616e-04 9.999750e-01 3.785514e+00
9.999954e-01 3.948858e-05 -3.041928e-03 1.156640e-01 -3.756404e-05 9.999998e-01 6.327086e-04 -9.050285e-02 3.041947e-03 -6.325902e-04 9.999951e-01 4.547949e+00
9.999704e-01 3.098975e-04 -7.684165e-03 1.308799e-01 -3.033259e-04 9.999996e-01 8.563627e-04 -1.075598e-01 7.684420e-03 -8.540051e-04 9.999700e-01 5.402692e+00
9.999939e-01 1.506090e-05 -3.502106e-03 1.433143e-01 -1.247942e-05 9.999997e-01 7.371206e-04 -1.261535e-01 3.502108e-03 -7.370708e-04 9.999935e-01 6.328628e+00
9.999805e-01 2.502714e-04 -6.247087e-03 1.618192e-01 -2.468343e-04 9.999998e-01 5.509482e-04 -1.412186e-01 6.247214e-03 -5.493937e-04 9.999802e-01 7.084482e+00
9.999953e-01 1.030875e-04 -3.072087e-03 1.824976e-01 -1.011401e-04 9.999998e-01 6.339992e-04 -1.538236e-01 3.072142e-03 -6.336837e-04 9.999950e-01 7.736378e+00
9.999718e-01 2.495513e-04 -7.505009e-03 1.981831e-01 -2.434066e-04 9.999996e-01 8.196328e-04 -1.698355e-01 7.505199e-03 -8.177810e-04 9.999714e-01 8.548325e+00
9.999971e-01 -7.821129e-06 -2.400025e-03 2.155369e-01 9.031292e-06 9.999999e-01 5.041604e-04 -1.851261e-01 2.400009e-03 -5.041786e-04 9.999969e-01 9.318874e+00
9.999590e-01 3.936994e-04 -9.045557e-03 2.277046e-01 -3.835638e-04 9.999993e-01 1.122199e-03 -2.031446e-01 9.045979e-03 -1.118681e-03 9.999584e-01 1.022883e+01
9.999961e-01 -1.416605e-04 -2.772072e-03 2.358041e-01 1.434540e-04 9.999998e-01 6.467500e-04 -2.243714e-01 2.771966e-03 -6.471428e-04 9.999958e-01 1.127491e+01
9.999584e-01 4.833107e-04 -9.103043e-03 2.463941e-01 -4.733182e-04 9.999993e-01 1.099809e-03 -2.450568e-01 9.103552e-03 -1.095452e-03 9.999579e-01 1.229678e+01
9.999968e-01 -2.170993e-04 -2.524991e-03 2.559950e-01 2.186571e-04 9.999998e-01 6.165991e-04 -2.655134e-01 2.524840e-03 -6.171464e-04 9.999965e-01 1.330616e+01
9.999690e-01 4.568794e-04 -7.866391e-03 2.703711e-01 -4.502887e-04 9.999995e-01 8.395486e-04 -2.820398e-01 7.866754e-03 -8.359775e-04 9.999686e-01 1.413790e+01
9.999991e-01 -1.698740e-04 -1.297662e-03 2.923779e-01 1.702992e-04 9.999999e-01 3.272876e-04 -2.947070e-01 1.297587e-03 -3.275053e-04 9.999990e-01 1.478830e+01
9.999716e-01 5.205286e-04 -7.515677e-03 3.171505e-01 -5.148703e-04 9.999996e-01 7.547527e-04 -3.057983e-01 7.516047e-03 -7.508586e-04 9.999714e-01 1.536700e+01
9.999966e-01 -1.181688e-04 -2.610817e-03 3.371990e-01 1.196936e-04 9.999998e-01 5.837221e-04 -3.203012e-01 2.610727e-03 -5.840293e-04 9.999963e-01 1.610639e+01
9.999791e-01 4.155957e-04 -6.449686e-03 3.585225e-01 -4.120215e-04 9.999998e-01 5.554233e-04 -3.328639e-01 6.449894e-03 -5.527510e-04 9.999789e-01 1.675004e+01
9.999979e-01 -6.788137e-05 -2.029770e-03 3.827329e-01 6.880942e-05 9.999999e-01 4.569570e-04 -3.427510e-01 2.029717e-03 -4.570923e-04 9.999977e-01 1.727852e+01
9.999775e-01 3.691142e-04 -6.691263e-03 4.062926e-01 -3.650581e-04 9.999997e-01 6.073227e-04 -3.540510e-01 6.691462e-03 -6.048628e-04 9.999773e-01 1.786584e+01
9.999932e-01 8.378423e-05 -3.688869e-03 4.283618e-01 -8.109546e-05 9.999997e-01 7.289086e-04 -3.685224e-01 3.688905e-03 -7.286008e-04 9.999928e-01 1.860328e+01
9.999812e-01 2.182327e-04 -6.132243e-03 4.495236e-01 -2.146408e-04 9.999998e-01 5.863167e-04 -3.838049e-01 6.132344e-03 -5.849856e-04 9.999809e-01 1.936339e+01
9.999890e-01 1.833227e-04 -4.695258e-03 4.666770e-01 -1.791596e-04 9.999996e-01 8.869558e-04 -3.999404e-01 4.695393e-03 -8.861009e-04 9.999885e-01 2.018170e+01
9.999691e-01 1.655422e-04 -7.861139e-03 4.750217e-01 -1.577848e-04 9.999995e-01 9.873509e-04 -4.225307e-01 7.861271e-03 -9.860759e-04 9.999685e-01 2.128995e+01
9.999869e-01 1.657784e-04 -5.110622e-03 4.806866e-01 -1.606995e-04 9.999995e-01 9.940536e-04 -4.467208e-01 5.110755e-03 -9.932150e-04 9.999863e-01 2.247153e+01
9.999645e-01 1.572654e-04 -8.429238e-03 4.820652e-01 -1.478682e-04 9.999994e-01 1.115367e-03 -4.723706e-01 8.429378e-03 -1.114077e-03 9.999638e-01 2.372677e+01
9.999834e-01 1.478287e-04 -5.762294e-03 4.794827e-01 -1.413141e-04 9.999994e-01 1.130820e-03 -4.996634e-01 5.762426e-03 -1.129982e-03 9.999827e-01 2.506250e+01
9.999669e-01 6.243511e-05 -8.135327e-03 4.751211e-01 -5.342211e-05 9.999994e-01 1.107998e-03 -5.276975e-01 8.135359e-03 -1.107522e-03 9.999662e-01 2.642650e+01
9.999873e-01 2.257206e-04 -5.030660e-03 4.763658e-01 -2.210210e-04 9.999995e-01 9.345542e-04 -5.527505e-01 5.030835e-03 -9.334254e-04 9.999868e-01 2.765293e+01
9.999697e-01 5.677836e-05 -7.782299e-03 4.794105e-01 -4.872304e-05 9.999995e-01 1.035149e-03 -5.769708e-01 7.782319e-03 -1.034733e-03 9.999691e-01 2.883761e+01
9.999804e-01 2.386138e-04 -6.249520e-03 4.775099e-01 -2.311095e-04 9.999993e-01 1.201312e-03 -6.047129e-01 6.249766e-03 -1.199838e-03 9.999797e-01 3.018718e+01
9.999736e-01 4.253199e-05 -7.265215e-03 4.780027e-01 -3.576562e-05 9.999996e-01 9.313162e-04 -6.311902e-01 7.265214e-03 -9.310261e-04 9.999731e-01 3.147521e+01
9.999837e-01 2.241310e-04 -5.696641e-03 4.803014e-01 -2.179777e-04 9.999994e-01 1.080553e-03 -6.559577e-01 5.696841e-03 -1.079288e-03 9.999831e-01 3.268564e+01
9.999708e-01 9.497655e-05 -7.643302e-03 4.824683e-01 -8.741084e-05 9.999995e-01 9.900151e-04 -6.811418e-01 7.643352e-03 -9.893121e-04 9.999702e-01 3.391792e+01
9.999878e-01 1.391152e-04 -4.943877e-03 4.858060e-01 -1.343952e-04 9.999995e-01 9.547581e-04 -7.050461e-01 4.943967e-03 -9.540758e-04 9.999872e-01 3.508758e+01
9.999829e-01 1.200911e-04 -5.838632e-03 4.992990e-01 -1.166795e-04 9.999998e-01 5.844151e-04 -7.232710e-01 5.838660e-03 -5.837175e-04 9.999827e-01 3.599050e+01
9.999848e-01 2.633094e-04 -5.511563e-03 5.145668e-01 -2.577672e-04 9.999995e-01 1.005988e-03 -7.414843e-01 5.511782e-03 -1.004546e-03 9.999842e-01 3.689970e+01
9.999821e-01 -2.566939e-07 -5.988277e-03 5.246357e-01 4.372257e-06 9.999998e-01 6.870022e-04 -7.619202e-01 5.988231e-03 -6.870095e-04 9.999817e-01 3.790569e+01
9.999962e-01 2.569212e-04 -2.729703e-03 5.501829e-01 -2.559949e-04 9.999999e-01 3.390960e-04 -7.737963e-01 2.729745e-03 -3.383893e-04 9.999961e-01 3.850827e+01
9.999934e-01 2.922051e-04 -3.617845e-03 5.938993e-01 -2.915140e-04 9.999999e-01 1.911024e-04 -7.787833e-01 3.617855e-03 -1.900398e-04 9.999933e-01 3.877127e+01
9.999953e-01 1.747759e-04 -3.068966e-03 6.342699e-01 -1.737407e-04 9.999999e-01 3.370377e-04 -7.833434e-01 3.068978e-03 -3.364962e-04 9.999951e-01 3.902351e+01
9.999827e-01 2.493452e-04 -5.868242e-03 6.600123e-01 -2.449840e-04 9.999997e-01 7.436091e-04 -7.938044e-01 5.868379e-03 -7.421518e-04 9.999824e-01 3.957704e+01
9.999914e-01 2.362954e-05 -4.153955e-03 6.773885e-01 -2.106755e-05 9.999998e-01 6.163764e-04 -8.086397e-01 4.153921e-03 -6.162766e-04 9.999911e-01 4.033249e+01
9.999690e-01 3.199964e-04 -7.866099e-03 6.869462e-01 -3.110543e-04 9.999993e-01 1.137755e-03 -8.285538e-01 7.866409e-03 -1.135266e-03 9.999683e-01 4.132912e+01
9.999855e-01 -3.449658e-05 -5.379751e-03 6.893172e-01 3.949532e-05 9.999996e-01 9.287166e-04 -8.535214e-01 5.379666e-03 -9.289084e-04 9.999850e-01 4.255272e+01
9.999730e-01 2.917752e-04 -7.338991e-03 6.936696e-01 -2.841223e-04 9.999994e-01 1.043520e-03 -8.776569e-01 7.339240e-03 -1.041399e-03 9.999724e-01 4.373171e+01
9.999892e-01 -3.566902e-05 -4.641367e-03 7.017921e-01 3.922579e-05 9.999997e-01 7.657746e-04 -8.991863e-01 4.641286e-03 -7.659408e-04 9.999888e-01 4.479228e+01
9.999689e-01 3.656926e-04 -7.879649e-03 7.103144e-01 -3.568967e-04 9.999993e-01 1.117386e-03 -9.213344e-01 7.879999e-03 -1.114531e-03 9.999682e-01 4.588564e+01
9.999837e-01 -4.477072e-05 -5.704111e-03 7.149699e-01 5.038231e-05 9.999995e-01 9.832354e-04 -9.470129e-01 5.704010e-03 -9.834989e-04 9.999832e-01 4.713752e+01
9.999724e-01 3.559902e-04 -7.418420e-03 7.217929e-01 -3.482171e-04 9.999994e-01 1.048761e-03 -9.719858e-01 7.418734e-03 -1.046140e-03 9.999718e-01 4.835103e+01
9.999906e-01 -8.341461e-05 -4.338956e-03 7.330425e-01 8.651332e-05 9.999997e-01 7.133964e-04 -9.929568e-01 4.338840e-03 -7.137568e-04 9.999902e-01 4.938132e+01
9.999733e-01 4.147171e-04 -7.295184e-03 7.465355e-01 -4.074937e-04 9.999994e-01 9.912660e-04 -1.012803e+00 7.295533e-03 -9.882584e-04 9.999728e-01 5.036290e+01
9.999910e-01 -7.485494e-05 -4.235363e-03 7.621034e-01 7.773401e-05 9.999998e-01 6.789697e-04 -1.032482e+00 4.235253e-03 -6.792844e-04 9.999907e-01 5.133187e+01
9.999800e-01 4.227437e-04 -6.309734e-03 7.836350e-01 -4.177793e-04 9.999996e-01 7.876411e-04 -1.049442e+00 6.310005e-03 -7.849807e-04 9.999797e-01 5.216963e+01
9.999909e-01 -3.334650e-05 -4.259180e-03 8.092981e-01 3.599761e-05 9.999998e-01 6.216959e-04 -1.065709e+00 4.259098e-03 -6.218349e-04 9.999906e-01 5.297315e+01
9.999799e-01 4.285657e-04 -6.325025e-03 8.345463e-01 -4.235654e-04 9.999996e-01 7.914191e-04 -1.082093e+00 6.325301e-03 -7.887154e-04 9.999796e-01 5.378189e+01
9.999906e-01 -1.887479e-05 -4.324183e-03 8.620001e-01 2.152017e-05 9.999998e-01 6.110125e-04 -1.098465e+00 4.324109e-03 -6.110909e-04 9.999904e-01 5.458709e+01
9.999760e-01 4.440587e-04 -6.912313e-03 8.886526e-01 -4.379402e-04 9.999995e-01 8.861973e-04 -1.116264e+00 6.912641e-03 -8.831399e-04 9.999756e-01 5.545737e+01
9.999893e-01 -6.039570e-05 -4.617865e-03 9.104188e-01 6.372684e-05 9.999997e-01 7.205146e-04 -1.135478e+00 4.617757e-03 -7.207921e-04 9.999890e-01 5.639583e+01
9.999745e-01 4.332666e-04 -7.123777e-03 9.275702e-01 -4.265327e-04 9.999995e-01 9.463098e-04 -1.154934e+00 7.124119e-03 -9.432380e-04 9.999741e-01 5.735664e+01
9.999918e-01 -1.102599e-04 -4.051853e-03 9.450275e-01 1.129812e-04 9.999998e-01 6.705318e-04 -1.173957e+00 4.051713e-03 -6.709748e-04 9.999915e-01 5.829124e+01
9.999767e-01 4.620062e-04 -6.805924e-03 9.646049e-01 -4.562442e-04 9.999995e-01 8.476338e-04 -1.191098e+00 6.806246e-03 -8.444995e-04 9.999764e-01 5.914569e+01
9.999993e-01 -1.346581e-04 -1.151687e-03 9.964568e-01 1.347165e-04 1.000000e+00 4.741600e-05 -1.199600e+00 1.151615e-03 -4.756164e-05 9.999992e-01 5.959900e+01
9.999807e-01 4.694202e-04 -6.196143e-03 1.032009e+00 -4.652113e-04 9.999997e-01 6.801187e-04 -1.206687e+00 6.196393e-03 -6.772136e-04 9.999805e-01 5.997694e+01
1.000000e+00 2.105782e-06 -2.231940e-04 1.073176e+00 -2.127533e-06 1.000000e+00 -1.142088e-04 -1.211069e+00 2.231262e-04 1.142188e-04 9.999999e-01 6.022289e+01
9.999744e-01 3.788242e-04 -7.147688e-03 1.106605e+00 -3.726158e-04 9.999996e-01 8.693849e-04 -1.217284e+00 7.147946e-03 -8.666898e-04 9.999740e-01 6.057067e+01
1.000000e+00 8.380686e-05 2.325247e-04 1.146267e+00 -8.375584e-05 1.000000e+00 -2.028527e-04 -1.223564e+00 -2.326103e-04 2.028428e-04 9.999999e-01 6.090189e+01
9.999842e-01 1.198949e-03 -5.486760e-03 1.177890e+00 -1.193476e-03 9.999988e-01 9.999495e-04 -1.224574e+00 5.487883e-03 -9.933759e-04 9.999844e-01 6.095320e+01
9.999930e-01 2.925133e-03 2.332136e-03 1.017988e+00 -2.927599e-03 9.999952e-01 1.056354e-03 -1.219118e+00 -2.329104e-03 -1.063164e-03 9.999966e-01 6.048557e+01
9.999831e-01 2.191463e-03 -5.376361e-03 7.181125e-01 -2.185642e-03 9.999970e-01 1.087729e-03 -1.209653e+00 5.378659e-03 -1.075950e-03 9.999849e-01 5.967489e+01
9.999933e-01 3.209635e-03 1.770991e-03 4.276758e-01 -3.211539e-03 9.999943e-01 1.075275e-03 -1.200749e+00 -1.767600e-03 -1.080946e-03 9.999978e-01 5.883938e+01
9.999859e-01 2.512997e-03 -4.679833e-03 1.112818e-01 -2.506451e-03 9.999959e-01 1.403273e-03 -1.190993e+00 4.683270e-03 -1.391514e-03 9.999880e-01 5.796316e+01
9.999953e-01 2.647630e-03 1.550107e-03 -2.014359e-01 -2.648690e-03 9.999963e-01 6.841827e-04 -1.181141e+00 -1.548360e-03 -6.882757e-04 9.999985e-01 5.712060e+01
9.999874e-01 2.278585e-03 -4.479491e-03 -4.853365e-01 -2.271949e-03 9.999963e-01 1.485156e-03 -1.172085e+00 4.482788e-03 -1.474951e-03 9.999888e-01 5.635864e+01
9.999964e-01 2.378973e-03 1.245921e-03 -7.597725e-01 -2.379561e-03 9.999971e-01 4.734252e-04 -1.163244e+00 -1.244862e-03 -4.763787e-04 9.999990e-01 5.561767e+01
9.999879e-01 2.812891e-03 -4.021382e-03 -1.059438e+00 -2.805604e-03 9.999944e-01 1.815436e-03 -1.153802e+00 4.026395e-03 -1.804122e-03 9.999902e-01 5.481532e+01
9.999927e-01 3.274086e-03 1.940122e-03 -1.426356e+00 -3.275838e-03 9.999942e-01 9.029242e-04 -1.142502e+00 -1.937225e-03 -9.092636e-04 9.999976e-01 5.385754e+01
9.999856e-01 2.245186e-03 -4.870561e-03 -1.768320e+00 -2.238836e-03 9.999966e-01 1.308038e-03 -1.131807e+00 4.873411e-03 -1.297105e-03 9.999872e-01 5.294472e+01
9.999930e-01 3.067151e-03 2.139481e-03 -2.088811e+00 -3.069288e-03 9.999948e-01 9.980211e-04 -1.121708e+00 -2.136480e-03 -1.004571e-03 9.999971e-01 5.209489e+01
9.999835e-01 1.863210e-03 -5.430696e-03 -2.382602e+00 -1.857916e-03 9.999978e-01 9.790798e-04 -1.112356e+00 5.432436e-03 -9.689644e-04 9.999847e-01 5.129628e+01
9.999933e-01 2.848101e-03 2.274199e-03 -2.638824e+00 -2.850726e-03 9.999953e-01 1.153886e-03 -1.104124e+00 -2.270974e-03 -1.160352e-03 9.999967e-01 5.059064e+01
9.999839e-01 2.267807e-03 -5.201254e-03 -2.938819e+00 -2.262439e-03 9.999969e-01 1.036822e-03 -1.094639e+00 5.203517e-03 -1.025028e-03 9.999859e-01 4.978546e+01
9.999958e-01 2.360390e-03 1.667522e-03 -3.200154e+00 -2.361826e-03 9.999968e-01 8.625098e-04 -1.086255e+00 -1.665554e-03 -8.664351e-04 9.999982e-01 4.905818e+01
9.999867e-01 2.457359e-03 -4.522196e-03 -3.470313e+00 -2.451398e-03 9.999961e-01 1.322397e-03 -1.077607e+00 4.525355e-03 -1.311285e-03 9.999888e-01 4.833382e+01
9.999943e-01 2.709208e-03 1.992139e-03 -3.793311e+00 -2.710977e-03 9.999959e-01 8.882163e-04 -1.067408e+00 -1.989797e-03 -8.936025e-04 9.999975e-01 4.749985e+01
9.999803e-01 1.105783e-03 -6.172601e-03 -4.018162e+00 -1.102938e-03 9.999993e-01 4.635667e-04 -1.059879e+00 6.173036e-03 -4.567400e-04 9.999808e-01 4.687342e+01
9.999930e-01 2.565333e-03 2.708513e-03 -4.205139e+00 -2.568767e-03 9.999959e-01 1.266738e-03 -1.053436e+00 -2.705325e-03 -1.273677e-03 9.999954e-01 4.635412e+01
9.999809e-01 1.466945e-03 -6.002171e-03 -4.428119e+00 -1.463817e-03 9.999988e-01 5.246915e-04 -1.045992e+00 6.002859e-03 -5.158859e-04 9.999818e-01 4.575072e+01
9.999818e-01 4.812797e-03 3.634221e-03 -4.746979e+00 -4.821260e-03 9.999857e-01 2.324703e-03 -1.036502e+00 -3.623054e-03 -2.342173e-03 9.999906e-01 4.486612e+01
9.999647e-01 6.028796e-04 -8.382802e-03 -5.064826e+00 -6.085276e-04 9.999996e-01 -6.717396e-04 -1.026816e+00 8.382319e-03 6.768265e-04 9.999646e-01 4.394426e+01
9.999865e-01 2.704325e-03 4.442956e-03 -5.242931e+00 -2.713608e-03 9.999941e-01 2.085586e-03 -1.020542e+00 -4.437364e-03 -2.097605e-03 9.999879e-01 4.344260e+01
9.999667e-01 8.643038e-04 -8.118958e-03 -5.423370e+00 -8.681179e-04 9.999995e-01 -4.667851e-04 -1.014286e+00 8.118476e-03 4.738272e-04 9.999668e-01 4.293281e+01
9.999895e-01 2.389653e-03 3.912581e-03 -5.585363e+00 -2.396839e-03 9.999954e-01 1.834200e-03 -1.008547e+00 -3.908255e-03 -1.843549e-03 9.999906e-01 4.245372e+01
9.999665e-01 8.198524e-04 -8.146990e-03 -5.735025e+00 -8.236576e-04 9.999996e-01 -4.642579e-04 -1.003171e+00 8.146531e-03 4.709620e-04 9.999666e-01 4.200070e+01
9.999882e-01 2.489156e-03 4.163722e-03 -5.896584e+00 -2.497287e-03 9.999950e-01 1.949771e-03 -9.974458e-01 -4.158924e-03 -1.960137e-03 9.999893e-01 4.152870e+01
9.999625e-01 5.036498e-04 -8.638991e-03 -6.041032e+00 -5.100486e-04 9.999996e-01 -7.389961e-04 -9.920672e-01 8.638539e-03 7.433841e-04 9.999623e-01 4.109056e+01
9.999918e-01 1.697464e-03 3.676154e-03 -6.118209e+00 -1.703927e-03 9.999970e-01 1.757025e-03 -9.884515e-01 -3.673236e-03 -1.763266e-03 9.999916e-01 4.081314e+01
9.999681e-01 9.883836e-04 -7.917516e-03 -6.218304e+00 -9.917906e-04 9.999994e-01 -4.269488e-04 -9.842567e-01 7.917013e-03 4.347971e-04 9.999685e-01 4.049449e+01
9.999888e-01 2.218840e-03 4.187461e-03 -6.380127e+00 -2.226874e-03 9.999957e-01 1.916128e-03 -9.784529e-01 -4.183268e-03 -1.925423e-03 9.999893e-01 4.004090e+01
9.999617e-01 6.318986e-04 -8.724112e-03 -6.521935e+00 -6.383230e-04 9.999995e-01 -7.341459e-04 -9.729258e-01 8.723567e-03 7.396959e-04 9.999616e-01 3.961593e+01
9.999871e-01 2.188121e-03 4.583414e-03 -6.640350e+00 -2.197998e-03 9.999953e-01 2.151950e-03 -9.681531e-01 -4.578761e-03 -2.161987e-03 9.999871e-01 3.925641e+01
9.999583e-01 4.122786e-04 -9.117706e-03 -6.758139e+00 -4.206678e-04 9.999995e-01 -9.186937e-04 -9.632667e-01 9.117245e-03 9.225003e-04 9.999579e-01 3.889521e+01
9.999904e-01 1.514405e-03 4.105605e-03 -6.822330e+00 -1.522010e-03 9.999971e-01 1.850948e-03 -9.599242e-01 -4.102868e-03 -1.857170e-03 9.999898e-01 3.865785e+01
9.999555e-01 -2.359566e-04 -9.426611e-03 -6.821171e+00 2.241264e-04 9.999992e-01 -1.256490e-03 -9.587870e-01 9.426822e-03 1.254331e-03 9.999547e-01 3.858759e+01
9.999944e-01 1.019833e-03 3.176715e-03 -6.802661e+00 -1.024903e-03 9.999982e-01 1.596211e-03 -9.595668e-01 -3.175160e-03 -1.599449e-03 9.999936e-01 3.861005e+01
9.999507e-01 -5.825133e-04 -9.911270e-03 -6.764448e+00 5.728061e-04 9.999994e-01 -9.826817e-04 -9.648283e-01 9.911757e-03 9.769654e-04 9.999503e-01 3.890127e+01
9.999939e-01 1.022332e-03 3.342109e-03 -6.724203e+00 -1.027530e-03 9.999983e-01 1.555320e-03 -9.697847e-01 -3.340592e-03 -1.558735e-03 9.999931e-01 3.917386e+01
9.999505e-01 -5.802042e-04 -9.934765e-03 -6.685113e+00 5.704603e-04 9.999994e-01 -9.840635e-04 -9.745623e-01 9.935250e-03 9.783567e-04 9.999501e-01 3.943998e+01
9.999937e-01 1.032353e-03 3.384418e-03 -6.644510e+00 -1.037613e-03 9.999983e-01 1.554041e-03 -9.795970e-01 -3.382888e-03 -1.557534e-03 9.999930e-01 3.971442e+01
9.999676e-01 4.892049e-04 -8.032915e-03 -6.619618e+00 -4.945729e-04 9.999997e-01 -6.668763e-04 -9.797020e-01 8.032505e-03 6.708369e-04 9.999674e-01 3.971059e+01
9.999973e-01 9.816852e-04 2.072692e-03 -6.638968e+00 -9.842170e-04 9.999988e-01 1.223114e-03 -9.778483e-01 -2.071570e-03 -1.225141e-03 9.999970e-01 3.955769e+01
9.999752e-01 4.737189e-04 -7.022026e-03 -6.628895e+00 -4.767610e-04 9.999998e-01 -4.322420e-04 -9.769622e-01 7.021739e-03 4.355884e-04 9.999752e-01 3.949858e+01
9.999972e-01 1.166136e-03 2.061553e-03 -6.652590e+00 -1.168781e-03 9.999985e-01 1.284886e-03 -9.749482e-01 -2.060133e-03 -1.287283e-03 9.999970e-01 3.936069e+01
9.999759e-01 7.063512e-04 -6.904090e-03 -6.698512e+00 -7.086496e-04 9.999997e-01 -3.311517e-04 -9.722311e-01 6.903772e-03 3.360455e-04 9.999760e-01 3.917171e+01
9.999964e-01 1.412210e-03 2.250641e-03 -6.767460e+00 -1.415453e-03 9.999980e-01 1.441812e-03 -9.688141e-01 -2.248682e-03 -1.444983e-03 9.999963e-01 3.893258e+01
9.999739e-01 4.595855e-04 -7.207870e-03 -6.832610e+00 -4.634398e-04 9.999997e-01 -5.337543e-04 -9.653952e-01 7.207541e-03 5.370900e-04 9.999738e-01 3.869998e+01
9.999967e-01 1.246034e-03 2.244685e-03 -6.870400e+00 -1.249226e-03 9.999982e-01 1.423260e-03 -9.628785e-01 -2.242990e-03 -1.426050e-03 9.999964e-01 3.853228e+01
9.999737e-01 3.927294e-04 -7.232775e-03 -6.900990e+00 -3.969887e-04 9.999997e-01 -5.881504e-04 -9.605809e-01 7.232459e-03 5.910155e-04 9.999736e-01 3.838182e+01
9.999977e-01 8.966066e-04 1.947431e-03 -6.911046e+00 -8.989499e-04 9.999989e-01 1.205273e-03 -9.589001e-01 -1.946432e-03 -1.207012e-03 9.999973e-01 3.828248e+01
9.999572e-01 -4.699144e-04 -9.235927e-03 -6.877964e+00 4.643676e-04 9.999997e-01 -6.032413e-04 -9.640903e-01 9.236124e-03 5.989358e-04 9.999571e-01 3.856405e+01
9.999983e-01 8.227624e-04 1.607746e-03 -6.846090e+00 -8.250195e-04 9.999987e-01 1.406817e-03 -9.721794e-01 -1.606671e-03 -1.408132e-03 9.999976e-01 3.899317e+01
9.999655e-01 -3.681298e-04 -8.300406e-03 -6.808721e+00 3.614510e-04 9.999996e-01 -8.067370e-04 -9.775534e-01 8.300616e-03 8.037182e-04 9.999651e-01 3.929077e+01
9.999980e-01 8.567330e-04 1.807762e-03 -6.770433e+00 -8.592202e-04 9.999987e-01 1.378335e-03 -9.821789e-01 -1.806663e-03 -1.379876e-03 9.999973e-01 3.955472e+01
9.999699e-01 -3.294335e-04 -7.749641e-03 -6.726182e+00 3.220365e-04 9.999995e-01 -9.563957e-04 -9.854022e-01 7.749867e-03 9.538805e-04 9.999694e-01 3.974053e+01
9.999950e-01 1.583977e-03 2.730747e-03 -6.722451e+00 -1.588640e-03 9.999973e-01 1.708065e-03 -9.841966e-01 -2.728119e-03 -1.712385e-03 9.999947e-01 3.969156e+01
9.999686e-01 -3.620886e-04 -7.917299e-03 -6.738916e+00 3.536394e-04 9.999994e-01 -1.069219e-03 -9.822283e-01 7.917595e-03 1.066395e-03 9.999680e-01 3.959401e+01
9.999956e-01 1.476966e-03 2.572106e-03 -6.742264e+00 -1.481212e-03 9.999975e-01 1.651827e-03 -9.807780e-01 -2.569746e-03 -1.655621e-03 9.999953e-01 3.953102e+01
9.999685e-01 -3.383229e-04 -7.928209e-03 -6.741201e+00 3.297885e-04 9.999994e-01 -1.078413e-03 -9.795195e-01 7.928482e-03 1.075773e-03 9.999679e-01 3.947878e+01
9.999957e-01 1.418303e-03 2.556101e-03 -6.732521e+00 -1.422514e-03 9.999976e-01 1.648583e-03 -9.786793e-01 -2.553843e-03 -1.652203e-03 9.999953e-01 3.945289e+01
9.999617e-01 -8.332600e-04 -8.705667e-03 -6.705778e+00 8.217916e-04 9.999988e-01 -1.321454e-03 -9.803770e-01 8.706671e-03 1.314259e-03 9.999612e-01 3.954872e+01
9.999971e-01 1.297615e-03 2.032109e-03 -6.669492e+00 -1.301526e-03 9.999973e-01 1.927111e-03 -9.853608e-01 -2.029690e-03 -1.929741e-03 9.999960e-01 3.983508e+01
9.999636e-01 -7.760403e-04 -8.496260e-03 -6.630669e+00 7.643826e-04 9.999988e-01 -1.375892e-03 -9.900200e-01 8.497230e-03 1.369356e-03 9.999629e-01 4.009972e+01
9.999975e-01 1.218608e-03 1.884552e-03 -6.595574e+00 -1.222298e-03 9.999973e-01 1.960837e-03 -9.947966e-01 -1.882245e-03 -1.963126e-03 9.999962e-01 4.037706e+01
9.999627e-01 -7.353220e-04 -8.606175e-03 -6.559677e+00 7.237266e-04 9.999988e-01 -1.351012e-03 -1.000135e+00 8.607071e-03 1.344742e-03 9.999620e-01 4.067903e+01
9.999953e-01 1.379984e-03 2.714370e-03 -6.515184e+00 -1.384954e-03 9.999974e-01 1.832059e-03 -1.003756e+00 -2.711923e-03 -1.835801e-03 9.999946e-01 4.087373e+01
9.999575e-01 -8.827203e-04 -9.169307e-03 -6.477565e+00 8.705444e-04 9.999987e-01 -1.332420e-03 -1.007890e+00 9.170383e-03 1.324390e-03 9.999570e-01 4.110850e+01
9.999958e-01 1.390324e-03 2.522486e-03 -6.440989e+00 -1.395211e-03 9.999971e-01 1.938882e-03 -1.013202e+00 -2.519871e-03 -1.942385e-03 9.999949e-01 4.140527e+01
9.999527e-01 -9.419856e-04 -9.672769e-03 -6.409498e+00 9.298728e-04 9.999988e-01 -1.257260e-03 -1.019449e+00 9.673852e-03 1.248215e-03 9.999524e-01 4.175473e+01
9.999967e-01 1.361350e-03 2.150084e-03 -6.379387e+00 -1.365733e-03 9.999970e-01 2.041033e-03 -1.026969e+00 -2.147389e-03 -2.043954e-03 9.999955e-01 4.216493e+01
9.999828e-01 1.979597e-03 -5.513904e-03 -6.432319e+00 -1.980270e-03 9.999980e-01 -1.175874e-04 -1.024801e+00 5.513570e-03 1.285135e-04 9.999847e-01 4.195611e+01
9.999937e-01 2.562789e-03 2.441979e-03 -6.711713e+00 -2.567715e-03 9.999947e-01 2.018415e-03 -1.015753e+00 -2.436883e-03 -2.024663e-03 9.999949e-01 4.121997e+01
9.999834e-01 1.951553e-03 -5.419804e-03 -6.970008e+00 -1.951631e-03 9.999981e-01 -1.003159e-05 -1.007358e+00 5.419685e-03 2.061780e-05 9.999852e-01 4.053201e+01
9.999955e-01 2.099588e-03 2.127497e-03 -7.211725e+00 -2.103244e-03 9.999963e-01 1.720387e-03 -9.993564e-01 -2.123967e-03 -1.724845e-03 9.999962e-01 3.989142e+01
9.999829e-01 1.565867e-03 -5.625458e-03 -7.425688e+00 -1.566794e-03 9.999988e-01 -1.613866e-04 -9.921218e-01 5.625108e-03 1.702066e-04 9.999841e-01 3.932179e+01
9.999947e-01 2.285764e-03 2.286510e-03 -7.653027e+00 -2.289990e-03 9.999957e-01 1.849854e-03 -9.845411e-01 -2.282362e-03 -1.855072e-03 9.999956e-01 3.872187e+01
9.999840e-01 1.812705e-03 -5.345205e-03 -7.887420e+00 -1.812488e-03 9.999984e-01 4.431615e-05 -9.768317e-01 5.345186e-03 -3.461866e-05 9.999856e-01 3.810704e+01
9.999928e-01 2.810389e-03 2.527471e-03 -8.172379e+00 -2.815408e-03 9.999941e-01 1.986285e-03 -9.677014e-01 -2.521964e-03 -1.993378e-03 9.999948e-01 3.737069e+01
9.999842e-01 1.972155e-03 -5.257509e-03 -8.464698e+00 -1.971601e-03 9.999981e-01 1.096828e-04 -9.583283e-01 5.257624e-03 -9.930685e-05 9.999861e-01 3.661317e+01
9.999918e-01 3.029124e-03 2.690155e-03 -8.765273e+00 -3.034897e-03 9.999931e-01 2.146500e-03 -9.487338e-01 -2.683725e-03 -2.154638e-03 9.999940e-01 3.583118e+01
9.999842e-01 2.137168e-03 -5.198128e-03 -9.088143e+00 -2.136779e-03 9.999977e-01 7.933433e-05 -9.385404e-01 5.198195e-03 -6.821749e-05 9.999864e-01 3.500018e+01
9.999922e-01 2.951794e-03 2.631946e-03 -9.406004e+00 -2.957428e-03 9.999933e-01 2.141533e-03 -9.284508e-01 -2.625698e-03 -2.149292e-03 9.999942e-01 3.417984e+01
9.999842e-01 2.236391e-03 -5.143130e-03 -9.722301e+00 -2.235770e-03 9.999975e-01 1.254322e-04 -9.183997e-01 5.143306e-03 -1.139232e-04 9.999867e-01 3.335761e+01
9.999923e-01 2.964964e-03 2.573778e-03 -1.004196e+01 -2.970492e-03 9.999933e-01 2.148635e-03 -9.082476e-01 -2.567482e-03 -2.156256e-03 9.999943e-01 3.252452e+01
9.999845e-01 2.223999e-03 -5.093711e-03 -1.036015e+01 -2.223522e-03 9.999975e-01 9.813148e-05 -8.981435e-01 5.093825e-03 -8.679600e-05 9.999870e-01 3.169827e+01
9.999953e-01 2.270027e-03 2.068439e-03 -1.063769e+01 -2.273704e-03 9.999958e-01 1.779601e-03 -8.891647e-01 -2.064482e-03 -1.784288e-03 9.999962e-01 3.097239e+01
9.999862e-01 2.753953e-03 -4.456178e-03 -1.092971e+01 -2.751330e-03 9.999960e-01 5.934881e-04 -8.799209e-01 4.457703e-03 -5.812117e-04 9.999898e-01 3.021730e+01
9.999921e-01 3.116476e-03 2.453894e-03 -1.130277e+01 -3.121380e-03 9.999931e-01 1.999306e-03 -8.683864e-01 -2.447738e-03 -2.006942e-03 9.999949e-01 2.926749e+01
9.999819e-01 1.143502e-03 -5.896314e-03 -1.158827e+01 -1.146190e-03 9.999992e-01 -4.532570e-04 -8.591067e-01 5.895699e-03 4.600148e-04 9.999824e-01 2.852877e+01
9.999905e-01 3.141987e-03 3.015898e-03 -1.183247e+01 -3.149529e-03 9.999919e-01 2.500716e-03 -8.511634e-01 -3.008108e-03 -2.510183e-03 9.999923e-01 2.789077e+01
9.999825e-01 1.814437e-03 -5.630540e-03 -1.214366e+01 -1.816525e-03 9.999983e-01 -3.665979e-04 -8.413258e-01 5.629773e-03 3.768270e-04 9.999840e-01 2.709241e+01
9.999941e-01 2.448679e-03 2.402577e-03 -1.241725e+01 -2.453676e-03 9.999948e-01 2.081162e-03 -8.324224e-01 -2.397561e-03 -2.087038e-03 9.999949e-01 2.638226e+01
9.999846e-01 2.094549e-03 -5.130165e-03 -1.268093e+01 -2.094420e-03 9.999978e-01 2.952857e-05 -8.239710e-01 5.130123e-03 -1.877607e-05 9.999868e-01 2.569812e+01
9.999938e-01 2.629745e-03 2.328731e-03 -1.298554e+01 -2.634310e-03 9.999946e-01 1.961607e-03 -8.143165e-01 -2.323653e-03 -1.967722e-03 9.999953e-01 2.492032e+01
9.999840e-01 1.743900e-03 -5.368028e-03 -1.326210e+01 -1.744696e-03 9.999985e-01 -1.445077e-04 -8.054211e-01 5.367675e-03 1.538782e-04 9.999855e-01 2.420856e+01
9.999966e-01 1.883419e-03 1.785167e-03 -1.348592e+01 -1.886313e-03 9.999969e-01 1.623442e-03 -7.979034e-01 -1.782197e-03 -1.626797e-03 9.999970e-01 2.362095e+01
9.999835e-01 1.271899e-03 -5.601661e-03 -1.366184e+01 -1.273422e-03 9.999992e-01 -2.692923e-04 -7.917150e-01 5.601220e-03 2.764282e-04 9.999842e-01 2.314366e+01
9.999975e-01 1.595205e-03 1.569177e-03 -1.381196e+01 -1.597594e-03 9.999976e-01 1.525679e-03 -7.862009e-01 -1.566833e-03 -1.528175e-03 9.999975e-01 2.272280e+01
9.999841e-01 1.344134e-03 -5.478693e-03 -1.395720e+01 -1.345139e-03 9.999991e-01 -1.806191e-04 -7.808623e-01 5.478352e-03 1.879927e-04 9.999849e-01 2.231273e+01
9.999945e-01 2.532231e-03 2.148067e-03 -1.415254e+01 -2.536467e-03 9.999948e-01 1.973946e-03 -7.743061e-01 -2.143151e-03 -1.979377e-03 9.999957e-01 2.177142e+01
9.999836e-01 1.983817e-03 -5.372366e-03 -1.440601e+01 -1.983824e-03 9.999980e-01 3.097217e-06 -7.660893e-01 5.372268e-03 7.567410e-06 9.999855e-01 2.108087e+01
9.999988e-01 1.334012e-03 7.465444e-04 -1.459152e+01 -1.334904e-03 9.999984e-01 1.202666e-03 -7.595402e-01 -7.450325e-04 -1.203655e-03 9.999989e-01 2.054636e+01
9.999887e-01 2.351180e-03 -4.132559e-03 -1.475778e+01 -2.348829e-03 9.999971e-01 5.725682e-04 -7.536996e-01 4.133799e-03 -5.628485e-04 9.999912e-01 2.007600e+01
9.999966e-01 2.312292e-03 1.155989e-03 -1.502706e+01 -2.314013e-03 9.999962e-01 1.493687e-03 -7.450233e-01 -1.152625e-03 -1.496350e-03 9.999981e-01 1.935666e+01
9.999882e-01 2.336237e-03 -4.249036e-03 -1.529852e+01 -2.334106e-03 9.999971e-01 5.053676e-04 -7.362740e-01 4.250111e-03 -4.954376e-04 9.999908e-01 1.862880e+01
9.999980e-01 1.757528e-03 9.703309e-04 -1.554509e+01 -1.758680e-03 9.999977e-01 1.192535e-03 -7.281733e-01 -9.683270e-04 -1.194233e-03 9.999988e-01 1.797771e+01
9.999881e-01 1.760957e-03 -4.550671e-03 -1.575804e+01 -1.759539e-03 9.999984e-01 3.146226e-04 -7.209891e-01 4.551123e-03 -3.066056e-04 9.999895e-01 1.742246e+01
9.999964e-01 2.243674e-03 1.466705e-03 -1.599287e+01 -2.245967e-03 9.999963e-01 1.566753e-03 -7.133331e-01 -1.463279e-03 -1.570036e-03 9.999976e-01 1.681604e+01
9.999877e-01 2.069325e-03 -4.489321e-03 -1.626904e+01 -2.068145e-03 9.999978e-01 2.666649e-04 -7.044802e-01 4.489769e-03 -2.573710e-04 9.999898e-01 1.611449e+01
9.999943e-01 2.797848e-03 1.848404e-03 -1.656231e+01 -2.801410e-03 9.999942e-01 1.929262e-03 -6.951139e-01 -1.843090e-03 -1.934424e-03 9.999964e-01 1.535343e+01
9.999861e-01 2.370986e-03 -4.694513e-03 -1.686778e+01 -2.369585e-03 9.999971e-01 3.031900e-04 -6.854478e-01 4.695123e-03 -2.920559e-04 9.999889e-01 1.453761e+01
9.999927e-01 3.148577e-03 2.158069e-03 -1.719553e+01 -3.153206e-03 9.999927e-01 2.146977e-03 -6.751854e-01 -2.151388e-03 -2.153760e-03 9.999953e-01 1.367031e+01
9.999863e-01 2.356557e-03 -4.669078e-03 -1.754022e+01 -2.355715e-03 9.999972e-01 1.848707e-04 -6.643544e-01 4.669405e-03 -1.738635e-04 9.999890e-01 1.277224e+01
9.999923e-01 3.163801e-03 2.323246e-03 -1.787765e+01 -3.169036e-03 9.999924e-01 2.254992e-03 -6.537680e-01 -2.316189e-03 -2.262331e-03 9.999947e-01 1.189497e+01
9.999859e-01 2.402685e-03 -4.727079e-03 -1.822687e+01 -2.402155e-03 9.999971e-01 1.167548e-04 -6.428031e-01 4.727251e-03 -1.053925e-04 9.999888e-01 1.098905e+01
9.999925e-01 3.032633e-03 2.393053e-03 -1.856612e+01 -3.038040e-03 9.999928e-01 2.260965e-03 -6.321712e-01 -2.386274e-03 -2.268213e-03 9.999945e-01 1.011584e+01
9.999862e-01 2.556415e-03 -4.588192e-03 -1.892433e+01 -2.555731e-03 9.999967e-01 1.540952e-04 -6.210499e-01 4.588475e-03 -1.423617e-04 9.999894e-01 9.205578e+00
9.999941e-01 2.713365e-03 2.110087e-03 -1.926621e+01 -2.717739e-03 9.999942e-01 2.074801e-03 -6.103305e-01 -2.104541e-03 -2.080518e-03 9.999956e-01 8.333208e+00
9.999864e-01 2.416106e-03 -4.622931e-03 -1.959306e+01 -2.415545e-03 9.999971e-01 1.261588e-04 -6.000536e-01 4.623127e-03 -1.149852e-04 9.999892e-01 7.498709e+00
9.999936e-01 2.819597e-03 2.170084e-03 -1.992650e+01 -2.824250e-03 9.999937e-01 2.145971e-03 -5.895730e-01 -2.164115e-03 -2.152081e-03 9.999953e-01 6.645961e+00
9.999862e-01 2.322746e-03 -4.694429e-03 -2.025147e+01 -2.322490e-03 9.999973e-01 5.926053e-05 -5.793171e-01 4.694459e-03 -4.835217e-05 9.999889e-01 5.812350e+00
9.999933e-01 2.881203e-03 2.249768e-03 -2.057673e+01 -2.886250e-03 9.999933e-01 2.244794e-03 -5.690575e-01 -2.243381e-03 -2.251268e-03 9.999949e-01 4.977278e+00
9.999832e-01 1.302021e-03 -5.642660e-03 -2.085806e+01 -1.305759e-03 9.999989e-01 -6.594538e-04 -5.599115e-01 5.641699e-03 6.668153e-04 9.999838e-01 4.255252e+00
9.999943e-01 2.422843e-03 2.340117e-03 -2.107798e+01 -2.428393e-03 9.999942e-01 2.373337e-03 -5.526321e-01 -2.334449e-03 -2.379002e-03 9.999944e-01 3.684784e+00
9.999826e-01 1.334811e-03 -5.743965e-03 -2.131017e+01 -1.339372e-03 9.999988e-01 -7.907953e-04 -5.449467e-01 5.742807e-03 7.984793e-04 9.999831e-01 3.083855e+00
9.999935e-01 2.563331e-03 2.538328e-03 -2.154088e+01 -2.569813e-03 9.999934e-01 2.554787e-03 -5.373697e-01 -2.531859e-03 -2.561289e-03 9.999935e-01 2.483108e+00
9.999808e-01 9.888305e-04 -6.104217e-03 -2.175778e+01 -9.954417e-04 9.999989e-01 -1.080658e-03 -5.300859e-01 6.103046e-03 1.086718e-03 9.999807e-01 1.916873e+00
9.999919e-01 2.816928e-03 2.877494e-03 -2.197855e+01 -2.825132e-03 9.999919e-01 2.852219e-03 -5.227862e-01 -2.869532e-03 -2.860321e-03 9.999917e-01 1.340805e+00
9.999822e-01 1.637978e-03 -5.728975e-03 -2.224943e+01 -1.642988e-03 9.999983e-01 -8.704295e-04 -5.141020e-01 5.727443e-03 8.798308e-04 9.999831e-01 6.433215e-01
9.999922e-01 2.825642e-03 2.753171e-03 -2.253097e+01 -2.833228e-03 9.999922e-01 2.756352e-03 -5.050690e-01 -2.745457e-03 -2.764127e-03 9.999923e-01 -8.339738e-02
9.999806e-01 1.118058e-03 -6.114252e-03 -2.277372e+01 -1.125104e-03 9.999987e-01 -1.149540e-03 -4.970561e-01 6.112863e-03 1.156401e-03 9.999806e-01 -7.195326e-01
9.999847e-01 3.965519e-03 3.836666e-03 -2.306448e+01 -3.979286e-03 9.999856e-01 3.588159e-03 -4.879014e-01 -3.822479e-03 -3.603368e-03 9.999861e-01 -1.471779e+00
9.999799e-01 1.637977e-03 -6.115504e-03 -2.342336e+01 -1.645626e-03 9.999979e-01 -1.246506e-03 -4.767011e-01 6.113353e-03 1.256548e-03 9.999805e-01 -2.392047e+00
9.999855e-01 3.845355e-03 3.768949e-03 -2.377311e+01 -3.858878e-03 9.999861e-01 3.588078e-03 -4.657531e-01 -3.755196e-03 -3.602567e-03 9.999864e-01 -3.290550e+00
9.999800e-01 1.477172e-03 -6.137364e-03 -2.409874e+01 -1.484918e-03 9.999981e-01 -1.258182e-03 -4.554949e-01 6.135397e-03 1.267274e-03 9.999803e-01 -4.132644e+00
9.999841e-01 4.084988e-03 3.887530e-03 -2.444614e+01 -4.099343e-03 9.999848e-01 3.692482e-03 -4.446277e-01 -3.872484e-03 -3.708356e-03 9.999856e-01 -5.027924e+00
9.999726e-01 1.814202e-04 -7.391546e-03 -2.473065e+01 -1.973562e-04 9.999977e-01 -2.155664e-03 -4.353750e-01 7.391040e-03 2.157067e-03 9.999703e-01 -5.768200e+00
9.999808e-01 4.143030e-03 4.601512e-03 -2.496683e+01 -4.162646e-03 9.999823e-01 4.262217e-03 -4.276899e-01 -4.583869e-03 -4.281287e-03 9.999803e-01 -6.389477e+00
9.999740e-01 9.520041e-04 -7.136047e-03 -2.527817e+01 -9.667288e-04 9.999974e-01 -2.060627e-03 -4.178137e-01 7.133969e-03 2.067475e-03 9.999724e-01 -7.197565e+00
9.999807e-01 4.177708e-03 4.583078e-03 -2.560035e+01 -4.197281e-03 9.999821e-01 4.269814e-03 -4.076221e-01 -4.565255e-03 -4.288966e-03 9.999803e-01 -8.030205e+00
9.999730e-01 7.483342e-04 -7.302392e-03 -2.590879e+01 -7.645798e-04 9.999972e-01 -2.222480e-03 -3.977820e-01 7.300612e-03 2.228006e-03 9.999708e-01 -8.830542e+00
9.999846e-01 3.628641e-03 4.199564e-03 -2.617774e+01 -3.645698e-03 9.999851e-01 4.061607e-03 -3.890009e-01 -4.184860e-03 -4.076852e-03 9.999829e-01 -9.538154e+00
9.999751e-01 9.633499e-04 -6.980580e-03 -2.644084e+01 -9.771652e-04 9.999976e-01 -1.976274e-03 -3.804809e-01 6.978561e-03 1.983049e-03 9.999736e-01 -1.023138e+01
9.999943e-01 2.270707e-03 2.492890e-03 -2.664342e+01 -2.278381e-03 9.999927e-01 3.080534e-03 -3.735604e-01 -2.485974e-03 -3.086194e-03 9.999921e-01 -1.078318e+01
9.999794e-01 4.670476e-04 -6.401925e-03 -2.677846e+01 -4.783120e-04 9.999983e-01 -1.758445e-03 -3.685873e-01 6.400995e-03 1.761474e-03 9.999779e-01 -1.115645e+01
9.999936e-01 2.541919e-03 2.498805e-03 -2.695449e+01 -2.549517e-03 9.999921e-01 3.042959e-03 -3.624041e-01 -2.491148e-03 -3.049308e-03 9.999922e-01 -1.162497e+01
9.999804e-01 5.318988e-04 -6.236327e-03 -2.711861e+01 -5.420945e-04 9.999985e-01 -1.633643e-03 -3.566207e-01 6.235351e-03 1.636994e-03 9.999792e-01 -1.206918e+01
9.999923e-01 2.859500e-03 2.674779e-03 -2.730833e+01 -2.868000e-03 9.999908e-01 3.180122e-03 -3.501215e-01 -2.665759e-03 -3.187767e-03 9.999913e-01 -1.257658e+01
9.999827e-01 1.227004e-03 -5.754088e-03 -2.753934e+01 -1.234477e-03 9.999984e-01 -1.295654e-03 -3.424802e-01 5.752392e-03 1.302737e-03 9.999825e-01 -1.318704e+01
9.999923e-01 2.954578e-03 2.566582e-03 -2.778804e+01 -2.962524e-03 9.999908e-01 3.098374e-03 -3.342762e-01 -2.557502e-03 -3.105951e-03 9.999918e-01 -1.384573e+01
9.999811e-01 7.429526e-04 -6.093506e-03 -2.800506e+01 -7.525812e-04 9.999985e-01 -1.578283e-03 -3.269528e-01 6.092226e-03 1.582842e-03 9.999801e-01 -1.442657e+01
9.999925e-01 2.793416e-03 2.678563e-03 -2.819417e+01 -2.802161e-03 9.999907e-01 3.266890e-03 -3.204757e-01 -2.669511e-03 -3.274369e-03 9.999910e-01 -1.493659e+01
9.999816e-01 1.237410e-03 -5.926324e-03 -2.843487e+01 -1.246599e-03 9.999980e-01 -1.547331e-03 -3.125255e-01 5.924299e-03 1.554693e-03 9.999812e-01 -1.557038e+01
9.999933e-01 2.589942e-03 2.570104e-03 -2.865977e+01 -2.598236e-03 9.999914e-01 3.229646e-03 -3.050137e-01 -2.561816e-03 -3.236301e-03 9.999914e-01 -1.616580e+01
9.999817e-01 1.229897e-03 -5.910069e-03 -2.887831e+01 -1.239035e-03 9.999980e-01 -1.542871e-03 -2.976839e-01 5.908062e-03 1.550168e-03 9.999813e-01 -1.674743e+01
9.999942e-01 2.404999e-03 2.392494e-03 -2.908558e+01 -2.412460e-03 9.999922e-01 3.120920e-03 -2.906393e-01 -2.385068e-03 -3.126673e-03 9.999922e-01 -1.730570e+01
9.999815e-01 1.222037e-03 -5.945385e-03 -2.928124e+01 -1.231083e-03 9.999981e-01 -1.518332e-03 -2.839428e-01 5.943420e-03 1.525625e-03 9.999811e-01 -1.784246e+01
9.999936e-01 2.618266e-03 2.417180e-03 -2.948814e+01 -2.626102e-03 9.999913e-01 3.244798e-03 -2.769727e-01 -2.408762e-03 -3.251124e-03 9.999918e-01 -1.841449e+01
9.999808e-01 9.579134e-04 -6.119737e-03 -2.967785e+01 -9.681552e-04 9.999981e-01 -1.671023e-03 -2.704439e-01 6.118027e-03 1.676917e-03 9.999798e-01 -1.894390e+01
9.999938e-01 2.629437e-03 2.322324e-03 -2.986445e+01 -2.637032e-03 9.999912e-01 3.273774e-03 -2.640275e-01 -2.313794e-03 -3.279877e-03 9.999919e-01 -1.947284e+01
9.999815e-01 1.198778e-03 -5.959090e-03 -3.006527e+01 -1.208144e-03 9.999980e-01 -1.568646e-03 -2.572282e-01 5.957100e-03 1.575818e-03 9.999810e-01 -2.003666e+01
9.999994e-01 4.268937e-04 -9.501676e-04 -3.011049e+01 -4.250773e-04 9.999981e-01 1.910256e-03 -2.549492e-01 9.508825e-04 -1.909850e-03 9.999977e-01 -2.027546e+01
9.999884e-01 3.006221e-04 -4.801745e-03 -3.006129e+01 -3.074045e-04 9.999990e-01 -1.412015e-03 -2.584024e-01 4.801217e-03 1.413476e-03 9.999874e-01 -2.009212e+01
9.999994e-01 2.976542e-04 -1.005479e-03 -3.003168e+01 -2.959175e-04 9.999985e-01 1.726196e-03 -2.591121e-01 1.005892e-03 -1.725897e-03 9.999979e-01 -2.003392e+01
9.999879e-01 2.108767e-04 -4.902889e-03 -2.999070e+01 -2.173952e-04 9.999991e-01 -1.329238e-03 -2.614153e-01 4.902505e-03 1.330288e-03 9.999870e-01 -1.988556e+01
9.999996e-01 4.851217e-04 -7.412914e-04 -2.994480e+01 -4.837926e-04 9.999983e-01 1.790962e-03 -2.636240e-01 7.420598e-04 -1.790601e-03 9.999981e-01 -1.975344e+01
9.999919e-01 2.910622e-03 -2.770276e-03 -3.003720e+01 -2.910528e-03 9.999958e-01 3.759391e-05 -2.601680e-01 2.770274e-03 -2.952983e-05 9.999961e-01 -2.005321e+01
9.999916e-01 -7.142447e-04 -4.020883e-03 -3.013992e+01 7.159900e-04 9.999997e-01 4.324559e-04 -2.558276e-01 4.020473e-03 -4.353304e-04 9.999918e-01 -2.042704e+01
9.999978e-01 1.625061e-03 -1.256188e-03 -3.010999e+01 -1.624927e-03 9.999987e-01 1.067433e-04 -2.557279e-01 1.256260e-03 -1.047011e-04 9.999991e-01 -2.040084e+01
9.999925e-01 -3.880194e-04 -3.848648e-03 -3.012454e+01 3.902833e-04 9.999998e-01 5.873117e-04 -2.538072e-01 3.848319e-03 -5.888085e-04 9.999924e-01 -2.049724e+01
9.999976e-01 1.819166e-03 -1.208453e-03 -3.016050e+01 -1.818936e-03 9.999983e-01 1.911894e-04 -2.512123e-01 1.208699e-03 -1.889902e-04 9.999992e-01 -2.064650e+01
9.999914e-01 -6.952169e-04 -4.070779e-03 -3.017257e+01 6.968095e-04 9.999997e-01 3.896770e-04 -2.493099e-01 4.070408e-03 -3.925094e-04 9.999916e-01 -2.074455e+01
9.999976e-01 1.875120e-03 -1.111651e-03 -3.018452e+01 -1.874839e-03 9.999982e-01 2.527268e-04 -2.474562e-01 1.112023e-03 -2.506414e-04 9.999993e-01 -2.084034e+01
9.999908e-01 -8.541240e-04 -4.190132e-03 -3.018321e+01 8.553467e-04 9.999996e-01 2.898652e-04 -2.459989e-01 4.189784e-03 -2.934458e-04 9.999911e-01 -2.090649e+01
9.999956e-01 2.944825e-03 -1.583193e-04 -3.023570e+01 -2.944679e-03 9.999952e-01 9.124130e-04 -2.431752e-01 1.609058e-04 -9.119423e-04 9.999995e-01 -2.109479e+01
9.999916e-01 -4.566301e-04 -4.067722e-03 -3.036379e+01 4.573190e-04 9.999999e-01 1.683085e-04 -2.383142e-01 4.067545e-03 -1.701667e-04 9.999917e-01 -2.145257e+01
