9.999438e-01 -6.512381e-03 -8.368778e-03 5.936088e-02 6.435541e-03 9.999372e-01 -9.176152e-03 -2.609132e-02 8.428010e-03 9.121778e-03 9.999228e-01 1.610090e+00
9.999992e-01 -1.090799e-03 -6.070551e-04 1.197906e-01 1.090161e-03 9.999989e-01 -1.050337e-03 -5.341666e-02 6.081984e-04 1.049673e-03 9.999992e-01 3.405002e+00
9.999486e-01 -6.322706e-03 -7.919937e-03 1.855546e-01 6.254930e-03 9.999439e-01 -8.553399e-03 -8.057683e-02 7.973570e-03 8.503418e-03 9.999320e-01 5.144666e+00
9.999995e-01 -7.494330e-04 -6.467246e-04 2.435066e-01 7.487384e-04 9.999991e-01 -1.073555e-03 -1.072799e-01 6.475252e-04 1.073067e-03 9.999991e-01 6.836296e+00
9.999473e-01 -6.430202e-03 -7.997153e-03 3.000083e-01 6.361727e-03 9.999431e-01 -8.558643e-03 -1.337145e-01 8.051728e-03 8.507312e-03 9.999313e-01 8.506576e+00
9.999995e-01 -6.136859e-04 -7.689995e-04 3.538061e-01 6.127613e-04 9.999991e-01 -1.201832e-03 -1.602581e-01 7.697312e-04 1.201355e-03 9.999989e-01 1.021221e+01
9.999484e-01 -6.529081e-03 -7.788234e-03 4.173758e-01 6.462847e-03 9.999430e-01 -8.499453e-03 -1.873036e-01 7.843278e-03 8.448674e-03 9.999334e-01 1.194341e+01
1.000000e+00 -2.564643e-04 -5.710145e-06 4.808544e-01 2.564648e-04 1.000000e+00 1.431640e-04 -2.128387e-01 5.666548e-06 -1.431724e-04 9.999999e-01 1.345667e+01
9.999512e-01 -5.840265e-03 -7.963500e-03 5.315785e-01 5.772034e-03 9.999467e-01 -8.564129e-03 -2.374859e-01 8.013084e-03 8.517738e-03 9.999315e-01 1.488927e+01
9.999998e-01 -7.037048e-04 2.329102e-05 5.894590e-01 7.037040e-04 9.999998e-01 1.673221e-05 -2.627546e-01 -2.331131e-05 -1.672445e-05 9.999999e-01 1.638993e+01
9.999527e-01 -5.511753e-03 -8.016705e-03 6.420171e-01 5.442992e-03 9.999484e-01 -8.573835e-03 -2.876790e-01 8.063539e-03 8.529785e-03 9.999310e-01 1.785896e+01
9.999996e-01 -8.763485e-04 -4.798522e-05 7.049240e-01 8.763339e-04 9.999996e-01 -2.921541e-04 -3.135430e-01 4.823105e-05 2.921017e-04 9.999999e-01 1.943990e+01
9.999561e-01 -5.309160e-03 -7.715577e-03 7.705380e-01 5.245989e-03 9.999527e-01 -8.184689e-03 -3.392945e-01 7.758656e-03 8.143843e-03 9.999366e-01 2.098466e+01
9.999998e-01 -6.957114e-04 2.716628e-05 8.340614e-01 6.957168e-04 9.999997e-01 -2.268844e-04 -3.648499e-01 -2.702020e-05 2.268914e-04 9.999999e-01 2.249759e+01
9.999481e-01 -5.850872e-03 -8.338214e-03 8.931972e-01 5.776649e-03 9.999437e-01 -8.897936e-03 -3.908139e-01 8.389792e-03 8.849294e-03 9.999255e-01 2.408751e+01
9.999997e-01 -5.868791e-04 4.930078e-04 9.525271e-01 5.867408e-04 9.999998e-01 2.787605e-04 -4.164252e-01 -4.931848e-04 -2.784847e-04 9.999997e-01 2.562468e+01
9.999587e-01 -4.868203e-03 -7.680326e-03 1.014635e+00 4.809582e-03 9.999593e-01 -7.632673e-03 -4.407478e-01 7.717157e-03 7.595404e-03 9.999413e-01 2.697912e+01
9.999997e-01 -6.943395e-04 2.330830e-04 1.077762e+00 6.943883e-04 9.999997e-01 -2.140824e-04 -4.656991e-01 -2.329493e-04 2.142292e-04 9.999999e-01 2.843012e+01
9.999556e-01 -5.117306e-03 -7.917898e-03 1.144608e+00 5.053889e-03 9.999552e-01 -8.008558e-03 -4.914372e-01 7.958509e-03 7.968170e-03 9.999365e-01 2.998600e+01
9.999989e-01 -1.395931e-03 -4.010766e-04 1.209937e+00 1.395452e-03 9.999983e-01 -1.190580e-03 -5.180712e-01 4.027212e-04 1.190003e-03 9.999991e-01 3.167301e+01
9.999631e-01 -4.913146e-03 -7.052574e-03 1.279332e+00 4.863222e-03 9.999631e-01 -7.078404e-03 -5.442150e-01 7.087074e-03 7.043827e-03 9.999500e-01 3.322582e+01
9.999999e-01 -2.846767e-04 -3.085123e-04 1.336041e+00 2.845044e-04 9.999998e-01 -5.530075e-04 -5.684558e-01 3.086515e-04 5.529016e-04 9.999997e-01 3.458658e+01
9.999631e-01 -5.084470e-03 -6.926286e-03 1.398957e+00 5.035772e-03 9.999626e-01 -7.029955e-03 -5.931522e-01 6.961752e-03 6.994798e-03 9.999512e-01 3.598649e+01
9.999998e-01 -3.379834e-04 -5.931383e-04 1.460055e+00 3.374400e-04 9.999995e-01 -9.128076e-04 -6.181205e-01 5.934269e-04 9.125878e-04 9.999993e-01 3.744289e+01
9.999641e-01 -5.153089e-03 -6.732220e-03 1.526190e+00 5.106641e-03 9.999632e-01 -6.898229e-03 -6.435282e-01 6.767498e-03 6.863583e-03 9.999534e-01 3.893536e+01
9.999999e-01 -1.809573e-04 -4.037895e-04 1.594310e+00 1.807116e-04 9.999998e-01 -6.030065e-04 -6.686826e-01 4.038774e-04 6.029127e-04 9.999996e-01 4.038840e+01
9.999686e-01 -4.775662e-03 -6.316278e-03 1.660261e+00 4.736049e-03 9.999691e-01 -6.271385e-03 -6.929942e-01 6.346011e-03 6.241252e-03 9.999603e-01 4.171251e+01
9.999990e-01 -6.543014e-04 -1.275141e-03 1.718269e+00 6.524412e-04 9.999987e-01 -1.456736e-03 -7.173235e-01 1.276070e-03 1.455881e-03 9.999980e-01 4.309532e+01
9.999551e-01 -6.153201e-03 -7.204481e-03 1.768977e+00 6.097725e-03 9.999518e-01 -7.696676e-03 -7.434530e-01 7.251469e-03 7.652377e-03 9.999443e-01 4.467751e+01
9.999999e-01 3.335041e-04 -1.979027e-04 1.822920e+00 -3.334682e-04 9.999999e-01 1.959320e-04 -7.674448e-01 1.979437e-04 -1.958894e-04 9.999999e-01 4.599993e+01
9.999434e-01 -8.073664e-03 -6.926961e-03 1.842630e+00 8.001570e-03 9.999142e-01 -1.037272e-02 -7.933642e-01 7.010088e-03 1.031668e-02 9.999221e-01 4.779603e+01
9.999976e-01 2.006461e-03 -8.259132e-04 1.895888e+00 -2.004567e-03 9.999954e-01 2.292431e-03 -8.180694e-01 8.304832e-04 -2.290796e-03 9.999969e-01 4.921789e+01
9.999416e-01 -8.173758e-03 -7.069841e-03 1.952856e+00 8.097979e-03 9.999102e-01 -1.068117e-02 -8.430350e-01 7.156484e-03 1.062327e-02 9.999179e-01 5.069788e+01
9.999865e-01 -3.125666e-03 -4.148042e-03 1.952339e+00 3.114600e-03 9.999916e-01 -2.670644e-03 -8.795593e-01 4.156326e-03 2.657662e-03 9.999877e-01 5.357728e+01
9.999073e-01 -1.096978e-02 -8.070527e-03 1.902803e+00 1.080864e-02 9.997466e-01 -1.974606e-02 -9.202938e-01 8.285062e-03 1.965697e-02 9.997724e-01 5.782547e+01
9.999945e-01 -3.034973e-03 -1.325938e-03 2.026190e+00 3.041524e-03 9.999830e-01 4.970790e-03 -9.615575e-01 1.310799e-03 -4.974825e-03 9.999867e-01 6.121489e+01
9.999809e-01 -2.233814e-03 -5.761623e-03 2.036551e+00 2.161835e-03 9.999199e-01 -1.246814e-02 -9.846035e-01 5.788982e-03 1.245542e-02 9.999056e-01 6.257462e+01
9.999919e-01 -3.523455e-03 -1.949414e-03 2.068956e+00 3.532787e-03 9.999822e-01 4.806853e-03 -1.009549e+00 1.932410e-03 -4.813732e-03 9.999865e-01 6.404943e+01
9.999886e-01 -1.325135e-03 -4.583886e-03 2.117491e+00 1.274204e-03 9.999376e-01 -1.109497e-02 -1.033502e+00 4.598270e-03 1.108897e-02 9.999278e-01 6.533709e+01
9.999916e-01 -3.428275e-03 -2.225152e-03 2.173623e+00 3.438694e-03 9.999830e-01 4.697870e-03 -1.056753e+00 2.208976e-03 -4.705515e-03 9.999864e-01 6.656062e+01
9.999844e-01 -2.321672e-03 -5.075305e-03 2.234723e+00 2.260688e-03 9.999256e-01 -1.198772e-02 -1.081053e+00 5.102725e-03 1.197603e-02 9.999152e-01 6.792046e+01
9.999959e-01 -2.533236e-03 -1.325309e-03 2.292798e+00 2.540979e-03 9.999795e-01 5.878484e-03 -1.104067e+00 1.310355e-03 -5.881861e-03 9.999817e-01 6.908148e+01
9.999832e-01 -1.871503e-03 -5.490105e-03 2.342099e+00 1.803284e-03 9.999214e-01 -1.240346e-02 -1.126743e+00 5.512851e-03 1.239332e-02 9.999079e-01 7.022487e+01
9.999945e-01 -3.047077e-03 -1.299857e-03 2.394814e+00 3.054513e-03 9.999787e-01 5.762060e-03 -1.149602e+00 1.282237e-03 -5.766033e-03 9.999825e-01 7.139834e+01
9.999834e-01 -1.483619e-03 -5.574576e-03 2.449683e+00 1.413988e-03 9.999212e-01 -1.247305e-02 -1.172831e+00 5.592606e-03 1.246493e-02 9.999066e-01 7.261728e+01
9.999963e-01 -2.688559e-03 -4.278389e-04 2.511938e+00 2.691347e-03 9.999741e-01 6.672526e-03 -1.196011e+00 4.098513e-04 -6.673687e-03 9.999776e-01 7.377094e+01
9.999672e-01 -3.647328e-03 -7.233438e-03 2.510275e+00 3.524307e-03 9.998502e-01 -1.694680e-02 -1.221816e+00 7.294127e-03 1.692071e-02 9.998301e-01 7.565547e+01
9.999558e-01 -7.790341e-03 -5.272411e-03 2.541871e+00 7.793603e-03 9.999694e-01 5.998503e-04 -1.259877e+00 5.267538e-03 -6.409515e-04 9.999858e-01 7.881937e+01
9.999086e-01 -7.153209e-03 -1.147265e-02 2.593412e+00 6.872968e-03 9.996815e-01 -2.428239e-02 -1.307115e+00 1.164266e-02 2.420128e-02 9.996392e-01 8.323323e+01
9.997437e-01 -1.953614e-02 -1.144231e-02 2.770719e+00 1.937236e-02 9.997107e-01 -1.425310e-02 -1.381867e+00 1.171741e-02 1.402775e-02 9.998329e-01 9.097237e+01
9.999373e-01 1.100905e-02 2.031109e-03 2.705645e+00 -1.099052e-02 9.998997e-01 -8.927911e-03 -1.413176e+00 -2.129237e-03 8.904986e-03 9.999580e-01 9.455564e+01
9.992602e-01 -3.211115e-02 -2.116418e-02 2.831052e+00 3.162653e-02 9.992386e-01 -2.284779e-02 -1.473926e+00 2.188168e-02 2.216150e-02 9.995148e-01 1.005321e+02
9.999232e-01 1.206288e-02 2.844120e-03 2.953644e+00 -1.204351e-02 9.999048e-01 -6.737273e-03 -1.532209e+00 -2.925167e-03 6.702455e-03 9.999732e-01 1.061572e+02
9.994004e-01 -2.975690e-02 -1.769961e-02 3.089444e+00 2.942218e-02 9.993888e-01 -1.887970e-02 -1.584385e+00 1.825054e-02 1.834757e-02 9.996650e-01 1.109185e+02
9.999416e-01 1.078279e-02 6.951031e-04 3.220467e+00 -1.077625e-02 9.999029e-01 -8.830906e-03 -1.639367e+00 -7.903079e-04 8.822850e-03 9.999607e-01 1.160664e+02
9.994998e-01 -2.759013e-02 -1.545816e-02 3.324729e+00 2.735981e-02 9.995143e-01 -1.491716e-02 -1.689188e+00 1.586217e-02 1.448671e-02 9.997692e-01 1.205510e+02
9.999025e-01 1.380917e-02 2.064256e-03 3.399001e+00 -1.379829e-02 9.998913e-01 -5.202438e-03 -1.732844e+00 -2.135926e-03 5.173395e-03 9.999843e-01 1.242751e+02
9.995933e-01 -2.534299e-02 -1.307647e-02 3.468241e+00 2.519963e-02 9.996218e-01 -1.101275e-02 -1.771392e+00 1.335057e-02 1.067870e-02 9.998538e-01 1.272992e+02
9.999093e-01 1.342849e-02 -1.060947e-03 3.500360e+00 -1.343690e-02 9.998749e-01 -8.343290e-03 -1.811800e+00 9.487214e-04 8.356735e-03 9.999645e-01 1.306913e+02
9.994445e-01 -2.955180e-02 -1.540483e-02 3.563515e+00 2.928677e-02 9.994238e-01 -1.715400e-02 -1.861052e+00 1.590283e-02 1.669326e-02 9.997341e-01 1.352058e+02
9.999350e-01 1.085118e-02 -3.497102e-03 3.641827e+00 -1.089177e-02 9.998711e-01 -1.179835e-02 -1.916608e+00 3.368567e-03 1.183562e-02 9.999242e-01 1.404975e+02
9.994627e-01 -2.945024e-02 -1.438718e-02 3.726902e+00 2.920925e-02 9.994341e-01 -1.668153e-02 -1.971765e+00 1.487025e-02 1.625228e-02 9.997573e-01 1.457808e+02
9.999075e-01 1.231612e-02 -5.775233e-03 3.790273e+00 -1.238752e-02 9.998452e-01 -1.249076e-02 -2.024055e+00 5.620441e-03 1.256108e-02 9.999052e-01 1.508395e+02
9.993900e-01 -3.292160e-02 -1.164825e-02 3.959612e+00 3.269714e-02 9.992854e-01 -1.895983e-02 -2.084137e+00 1.226405e-02 1.856734e-02 9.997523e-01 1.565802e+02
9.998516e-01 1.607903e-02 -6.186540e-03 4.070875e+00 -1.613736e-02 9.998247e-01 -9.491744e-03 -2.134637e+00 6.032774e-03 9.590108e-03 9.999357e-01 1.612858e+02
9.995395e-01 -3.001096e-02 -4.488747e-03 4.206591e+00 2.997812e-02 9.995246e-01 -7.206079e-03 -2.171483e+00 4.702809e-03 7.068136e-03 9.999639e-01 1.643583e+02
9.996679e-01 2.568372e-02 -2.078073e-03 4.262514e+00 -2.568239e-02 9.996699e-01 6.811796e-04 -2.194346e+00 2.094818e-03 -6.276459e-04 9.999975e-01 1.655276e+02
9.995540e-01 -2.954819e-02 -4.320139e-03 4.314250e+00 2.951595e-02 9.995374e-01 -7.338055e-03 -2.216999e+00 4.534900e-03 7.207209e-03 9.999637e-01 1.666568e+02
9.996760e-01 2.536126e-02 -2.178006e-03 4.370658e+00 -2.535947e-02 9.996780e-01 8.613432e-04 -2.240085e+00 2.199084e-03 -8.058937e-04 9.999972e-01 1.678365e+02
9.995652e-01 -2.921526e-02 -3.976990e-03 4.425654e+00 2.918630e-02 9.995484e-01 -7.148637e-03 -2.263005e+00 4.183976e-03 7.029394e-03 9.999665e-01 1.689823e+02
9.996802e-01 2.514793e-02 -2.664084e-03 4.478822e+00 -2.514615e-02 9.996835e-01 7.076502e-04 -2.286849e+00 2.680971e-03 -6.404954e-04 9.999961e-01 1.702658e+02
9.995534e-01 -2.967146e-02 -3.539135e-03 4.540300e+00 2.964684e-02 9.995372e-01 -6.809964e-03 -2.311992e+00 3.739491e-03 6.701937e-03 9.999705e-01 1.716703e+02
9.996823e-01 2.509067e-02 -2.386222e-03 4.601268e+00 -2.508771e-02 9.996844e-01 1.277176e-03 -2.337265e+00 2.417447e-03 -1.216969e-03 9.999963e-01 1.730736e+02
9.994528e-01 -3.230084e-02 -7.124575e-03 4.650659e+00 3.221389e-02 9.994090e-01 -1.199429e-02 -2.367919e+00 7.507721e-03 1.175816e-02 9.999026e-01 1.753535e+02
9.997132e-01 2.393481e-02 7.760606e-04 4.760879e+00 -2.393768e-02 9.997059e-01 3.877512e-03 -2.401538e+00 -6.830927e-04 -3.895040e-03 9.999921e-01 1.776598e+02
9.995601e-01 -2.880615e-02 -7.054642e-03 4.812478e+00 2.873537e-02 9.995377e-01 -9.932685e-03 -2.427323e+00 7.337433e-03 9.725536e-03 9.999257e-01 1.791738e+02
9.996984e-01 2.451095e-02 1.532331e-03 4.861622e+00 -2.451859e-02 9.996860e-01 5.161805e-03 -2.451674e+00 -1.405397e-03 -5.197882e-03 9.999854e-01 1.804605e+02
9.995433e-01 -2.930797e-02 -7.361162e-03 4.914915e+00 2.922747e-02 9.995143e-01 -1.081087e-02 -2.477309e+00 7.674361e-03 1.059072e-02 9.999144e-01 1.819249e+02
9.997189e-01 2.367558e-02 1.266114e-03 4.981128e+00 -2.368115e-02 9.997092e-01 4.547596e-03 -2.504734e+00 -1.158149e-03 -4.576365e-03 9.999888e-01 1.835868e+02
9.995082e-01 -3.010279e-02 -8.781602e-03 5.041258e+00 2.998650e-02 9.994647e-01 -1.308307e-02 -2.533628e+00 9.170666e-03 1.281325e-02 9.998758e-01 1.855446e+02
9.997278e-01 2.329479e-02 1.309167e-03 5.114051e+00 -2.330059e-02 9.997180e-01 4.578196e-03 -2.563685e+00 -1.202219e-03 -4.607518e-03 9.999886e-01 1.875925e+02
9.994991e-01 -3.051452e-02 -8.393659e-03 5.197711e+00 3.040297e-02 9.994518e-01 -1.310755e-02 -2.594741e+00 8.788955e-03 1.284573e-02 9.998788e-01 1.897176e+02
9.996905e-01 2.474882e-02 2.506100e-03 5.268213e+00 -2.476566e-02 9.996694e-01 6.913994e-03 -2.622605e+00 -2.334229e-03 -6.973983e-03 9.999729e-01 1.913957e+02
9.995287e-01 -2.954821e-02 -8.325696e-03 5.320786e+00 2.944170e-02 9.994866e-01 -1.263430e-02 -2.648327e+00 8.694669e-03 1.238317e-02 9.998855e-01 1.928657e+02
9.996897e-01 2.476255e-02 2.709247e-03 5.376042e+00 -2.478201e-02 9.996656e-01 7.387461e-03 -2.673978e+00 -2.525480e-03 -7.452372e-03 9.999690e-01 1.942935e+02
9.995380e-01 -2.927942e-02 -8.152167e-03 5.427547e+00 2.917543e-02 9.994950e-01 -1.259108e-02 -2.699038e+00 8.516636e-03 1.234736e-02 9.998874e-01 1.956583e+02
9.996877e-01 2.485229e-02 2.621552e-03 5.479095e+00 -2.487138e-02 9.996625e-01 7.506979e-03 -2.723753e+00 -2.434173e-03 -7.569900e-03 9.999683e-01 1.969938e+02
9.993747e-01 -3.261207e-02 -1.366077e-02 5.527609e+00 3.230199e-02 9.992286e-01 -2.233264e-02 -2.756598e+00 1.437847e-02 2.187735e-02 9.996572e-01 1.996772e+02
9.997483e-01 2.175299e-02 5.483474e-03 5.691511e+00 -2.180212e-02 9.997213e-01 9.057134e-03 -2.796552e+00 -5.284999e-03 -9.174469e-03 9.999439e-01 2.027854e+02
9.994755e-01 -2.906762e-02 -1.427111e-02 5.773837e+00 2.876451e-02 9.993656e-01 -2.100151e-02 -2.828447e+00 1.487244e-02 2.057993e-02 9.996775e-01 2.051377e+02
9.997133e-01 2.245646e-02 8.301112e-03 5.879185e+00 -2.256324e-02 9.996609e-01 1.299684e-02 -2.858030e+00 -8.006508e-03 -1.318048e-02 9.998810e-01 2.069881e+02
9.995169e-01 -2.710833e-02 -1.520292e-02 5.925022e+00 2.679262e-02 9.994288e-01 -2.059670e-02 -2.883100e+00 1.575251e-02 2.017936e-02 9.996722e-01 2.084627e+02
9.997128e-01 2.191190e-02 9.703411e-03 6.001363e+00 -2.204597e-02 9.996599e-01 1.392775e-02 -2.909415e+00 -9.395002e-03 -1.413774e-02 9.998559e-01 2.099491e+02
9.995587e-01 -2.560680e-02 -1.505307e-02 6.060899e+00 2.531448e-02 9.994933e-01 -1.929642e-02 -2.932522e+00 1.553948e-02 1.890678e-02 9.997004e-01 2.110883e+02
9.997190e-01 2.164693e-02 9.663220e-03 6.121415e+00 -2.177788e-02 9.996696e-01 1.365378e-02 -2.956077e+00 -9.364539e-03 -1.386045e-02 9.998600e-01 2.122771e+02
9.995500e-01 -2.572617e-02 -1.542745e-02 6.182939e+00 2.541459e-02 9.994757e-01 -2.006098e-02 -2.979965e+00 1.593537e-02 1.965981e-02 9.996797e-01 2.135268e+02
9.997549e-01 2.057113e-02 8.180709e-03 6.240887e+00 -2.066812e-02 9.997150e-01 1.194854e-02 -3.005900e+00 -7.932658e-03 -1.211476e-02 9.998951e-01 2.151080e+02
9.995367e-01 -2.650387e-02 -1.496115e-02 6.315036e+00 2.619639e-02 9.994489e-01 -2.038425e-02 -3.033567e+00 1.549309e-02 1.998282e-02 9.996802e-01 2.168326e+02
9.997358e-01 2.122657e-02 8.811459e-03 6.389093e+00 -2.134105e-02 9.996864e-01 1.310301e-02 -3.059482e+00 -8.530639e-03 -1.328766e-02 9.998753e-01 2.183077e+02
9.995557e-01 -2.573371e-02 -1.503613e-02 6.448787e+00 2.542755e-02 9.994724e-01 -2.020704e-02 -3.083174e+00 1.554812e-02 1.981567e-02 9.996827e-01 2.195492e+02
9.997314e-01 2.125319e-02 9.240195e-03 6.514365e+00 -2.138225e-02 9.996720e-01 1.409488e-02 -3.106309e+00 -8.937679e-03 -1.428874e-02 9.998579e-01 2.207082e+02
9.995902e-01 -2.482249e-02 -1.425426e-02 6.575389e+00 2.455208e-02 9.995210e-01 -1.883894e-02 -3.127766e+00 1.471498e-02 1.848118e-02 9.997209e-01 2.216421e+02
9.997667e-01 1.997209e-02 8.222304e-03 6.642021e+00 -2.007466e-02 9.997193e-01 1.258223e-02 -3.151818e+00 -7.968779e-03 -1.274441e-02 9.998870e-01 2.229233e+02
9.996229e-01 -2.400754e-02 -1.332780e-02 6.707901e+00 2.377339e-02 9.995650e-01 -1.745420e-02 -3.173986e+00 1.374095e-02 1.713071e-02 9.997588e-01 2.239365e+02
9.997588e-01 2.050237e-02 7.868899e-03 6.760966e+00 -2.060011e-02 9.997091e-01 1.254194e-02 -3.195114e+00 -7.609547e-03 -1.270108e-02 9.998903e-01 2.248748e+02
9.996112e-01 -2.448380e-02 -1.333697e-02 6.820892e+00 2.424331e-02 9.995458e-01 -1.790114e-02 -3.217099e+00 1.376912e-02 1.757079e-02 9.997508e-01 2.258927e+02
9.997624e-01 2.044710e-02 7.555608e-03 6.875307e+00 -2.053908e-02 9.997134e-01 1.229714e-02 -3.238912e+00 -7.302079e-03 -1.244946e-02 9.998958e-01 2.269046e+02
9.995946e-01 -2.494917e-02 -1.371216e-02 6.932704e+00 2.468826e-02 9.995170e-01 -1.887565e-02 -3.261812e+00 1.417639e-02 1.852940e-02 9.997278e-01 2.280633e+02
9.997679e-01 2.021101e-02 7.454942e-03 6.995711e+00 -2.030283e-02 9.997164e-01 1.244713e-02 -3.284941e+00 -7.201336e-03 -1.259566e-02 9.998947e-01 2.292572e+02
9.995972e-01 -2.490573e-02 -1.360476e-02 7.054532e+00 2.464425e-02 9.995146e-01 -1.905744e-02 -3.308067e+00 1.407271e-02 1.871442e-02 9.997258e-01 2.304433e+02
9.997723e-01 2.011829e-02 7.109577e-03 7.113330e+00 -2.020376e-02 9.997220e-01 1.215392e-02 -3.331441e+00 -6.863162e-03 -1.229486e-02 9.999008e-01 2.316732e+02
9.995977e-01 -2.497624e-02 -1.344106e-02 7.176379e+00 2.471656e-02 9.995111e-01 -1.914810e-02 -3.355131e+00 1.391266e-02 1.880812e-02 9.997263e-01 2.329269e+02
9.997566e-01 2.072236e-02 7.563594e-03 7.236847e+00 -2.081932e-02 9.996991e-01 1.296741e-02 -3.378175e+00 -7.292681e-03 -1.312178e-02 9.998873e-01 2.340788e+02
9.996146e-01 -2.454212e-02 -1.296868e-02 7.300188e+00 2.429811e-02 9.995308e-01 -1.864612e-02 -3.400833e+00 1.342014e-02 1.832376e-02 9.997420e-01 2.351559e+02
9.997556e-01 2.079781e-02 7.493775e-03 7.361279e+00 -2.089593e-02 9.996938e-01 1.325517e-02 -3.422998e+00 -7.215879e-03 -1.340859e-02 9.998840e-01 2.361895e+02
9.996240e-01 -2.428496e-02 -1.273248e-02 7.420702e+00 2.404992e-02 9.995433e-01 -1.829604e-02 -3.444639e+00 1.317090e-02 1.798288e-02 9.997515e-01 2.371589e+02
9.997577e-01 2.069707e-02 7.486918e-03 7.481631e+00 -2.079581e-02 9.996946e-01 1.335241e-02 -3.466439e+00 -7.208354e-03 -1.350493e-02 9.998828e-01 2.381431e+02
9.996298e-01 -2.406807e-02 -1.268564e-02 7.539710e+00 2.383460e-02 9.995495e-01 -1.824180e-02 -3.487716e+00 1.311889e-02 1.793263e-02 9.997531e-01 2.390739e+02
9.997604e-01 2.057449e-02 7.466198e-03 7.598495e+00 -2.067422e-02 9.996947e-01 1.352846e-02 -3.508963e+00 -7.185656e-03 -1.367964e-02 9.998806e-01 2.400009e+02
9.996241e-01 -2.422480e-02 -1.283269e-02 7.657355e+00 2.398343e-02 9.995386e-01 -1.863642e-02 -3.530581e+00 1.327815e-02 1.832158e-02 9.997439e-01 2.409834e+02
9.997769e-01 2.000425e-02 6.769263e-03 7.712465e+00 -2.009067e-02 9.997144e-01 1.294184e-02 -3.553345e+00 -6.508516e-03 -1.307502e-02 9.998933e-01 2.421363e+02
9.996120e-01 -2.488640e-02 -1.250614e-02 7.780494e+00 2.464831e-02 9.995186e-01 -1.884029e-02 -3.577209e+00 1.296891e-02 1.852467e-02 9.997442e-01 2.433814e+02
9.997746e-01 2.016628e-02 6.637978e-03 7.842959e+00 -2.025246e-02 9.997081e-01 1.317402e-02 -3.599866e+00 -6.370448e-03 -1.330555e-02 9.998911e-01 2.445067e+02
9.996130e-01 -2.489639e-02 -1.241074e-02 7.905668e+00 2.465833e-02 9.995158e-01 -1.897555e-02 -3.622507e+00 1.287708e-02 1.866212e-02 9.997429e-01 2.456265e+02
9.997673e-01 2.050838e-02 6.678397e-03 7.965459e+00 -2.059734e-02 9.996963e-01 1.352797e-02 -3.644474e+00 -6.399011e-03 -1.366244e-02 9.998861e-01 2.466660e+02
9.996143e-01 -2.483076e-02 -1.243295e-02 8.023370e+00 2.458814e-02 9.995114e-01 -1.929738e-02 -3.666518e+00 1.290597e-02 1.898418e-02 9.997364e-01 2.477193e+02
9.997668e-01 2.055213e-02 6.619747e-03 8.081032e+00 -2.064073e-02 9.996945e-01 1.359830e-02 -3.688542e+00 -6.338330e-03 -1.373183e-02 9.998856e-01 2.487589e+02
9.995988e-01 -2.519777e-02 -1.293001e-02 8.138582e+00 2.493128e-02 9.994816e-01 -2.036919e-02 -3.711517e+00 1.343648e-02 2.003860e-02 9.997089e-01 2.499436e+02
9.997826e-01 1.983923e-02 6.409116e-03 8.205615e+00 -1.992524e-02 9.997084e-01 1.363743e-02 -3.735380e+00 -6.136770e-03 -1.376223e-02 9.998864e-01 2.512320e+02
9.995948e-01 -2.537408e-02 -1.289808e-02 8.268658e+00 2.510651e-02 9.994746e-01 -2.049675e-02 -3.759096e+00 1.341131e-02 2.016456e-02 9.997067e-01 2.525226e+02
9.997820e-01 1.989354e-02 6.329663e-03 8.329124e+00 -1.997909e-02 9.997059e-01 1.374317e-02 -3.782498e+00 -6.054481e-03 -1.386670e-02 9.998855e-01 2.537814e+02
9.995933e-01 -2.545172e-02 -1.285589e-02 8.393374e+00 2.518228e-02 9.994685e-01 -2.069931e-02 -3.806242e+00 1.337581e-02 2.036710e-02 9.997030e-01 2.550743e+02
9.997866e-01 1.972665e-02 6.120425e-03 8.458041e+00 -1.980834e-02 9.997116e-01 1.357713e-02 -3.830261e+00 -5.850908e-03 -1.369553e-02 9.998891e-01 2.564107e+02
9.995944e-01 -2.545353e-02 -1.277196e-02 8.524103e+00 2.518197e-02 9.994626e-01 -2.098662e-02 -3.854619e+00 1.329919e-02 2.065642e-02 9.996981e-01 2.577733e+02
9.997931e-01 1.948845e-02 5.823147e-03 8.591101e+00 -1.956561e-02 9.997175e-01 1.349161e-02 -3.879233e+00 -5.558650e-03 -1.360281e-02 9.998920e-01 2.591762e+02
9.995849e-01 -2.570526e-02 -1.300909e-02 8.655468e+00 2.542219e-02 9.994462e-01 -2.147242e-02 -3.904153e+00 1.355376e-02 2.113273e-02 9.996848e-01 2.606410e+02
9.997968e-01 1.928103e-02 5.874365e-03 8.723171e+00 -1.936032e-02 9.997181e-01 1.374329e-02 -3.929263e+00 -5.607803e-03 -1.385428e-02 9.998883e-01 2.621161e+02
9.995879e-01 -2.562999e-02 -1.292878e-02 8.789327e+00 2.534779e-02 9.994467e-01 -2.153428e-02 -3.954075e+00 1.347347e-02 2.119763e-02 9.996845e-01 2.635642e+02
9.997908e-01 1.948971e-02 6.197991e-03 8.855576e+00 -1.957707e-02 9.997053e-01 1.435054e-02 -3.978314e+00 -5.916556e-03 -1.446894e-02 9.998778e-01 2.649132e+02
9.996125e-01 -2.478138e-02 -1.267149e-02 8.909946e+00 2.451273e-02 9.994804e-01 -2.093049e-02 -4.000742e+00 1.318351e-02 2.061171e-02 9.997006e-01 2.660578e+02
9.998050e-01 1.895860e-02 5.520746e-03 8.963116e+00 -1.903119e-02 9.997291e-01 1.339578e-02 -4.024415e+00 -5.265364e-03 -1.349829e-02 9.998950e-01 2.673748e+02
9.996128e-01 -2.498017e-02 -1.225804e-02 9.028269e+00 2.472228e-02 9.994789e-01 -2.075314e-02 -4.048745e+00 1.276999e-02 2.044200e-02 9.997094e-01 2.687199e+02
9.997668e-01 2.058366e-02 6.529223e-03 9.075455e+00 -2.068302e-02 9.996655e-01 1.552524e-02 -4.071757e+00 -6.207552e-03 -1.565672e-02 9.998581e-01 2.698692e+02
9.996374e-01 -2.432858e-02 -1.153616e-02 9.123354e+00 2.409347e-02 9.995077e-01 -2.009421e-02 -4.095007e+00 1.201927e-02 1.980892e-02 9.997315e-01 2.710234e+02
9.997652e-01 2.057003e-02 6.811203e-03 9.175973e+00 -2.067650e-02 9.996591e-01 1.593925e-02 -4.118232e+00 -6.481090e-03 -1.607640e-02 9.998497e-01 2.721449e+02
9.996504e-01 -2.395012e-02 -1.119494e-02 9.233216e+00 2.372338e-02 9.995192e-01 -1.996097e-02 -4.140186e+00 1.166754e-02 1.968836e-02 9.997380e-01 2.731182e+02
9.997496e-01 2.130679e-02 6.825444e-03 9.286255e+00 -2.141640e-02 9.996361e-01 1.640007e-02 -4.160590e+00 -6.473606e-03 -1.654220e-02 9.998422e-01 2.739017e+02
9.996434e-01 -2.404358e-02 -1.161104e-02 9.337071e+00 2.380200e-02 9.995063e-01 -2.050935e-02 -4.181437e+00 1.209835e-02 2.022562e-02 9.997222e-01 2.747640e+02
9.997484e-01 2.128302e-02 7.077799e-03 9.390572e+00 -2.139919e-02 9.996306e-01 1.675491e-02 -4.202348e+00 -6.718668e-03 -1.690221e-02 9.998345e-01 2.756162e+02
9.996526e-01 -2.391238e-02 -1.107908e-02 9.449736e+00 2.368744e-02 9.995193e-01 -2.000271e-02 -4.223047e+00 1.155198e-02 1.973327e-02 9.997385e-01 2.763987e+02
9.997598e-01 2.108710e-02 5.969979e-03 9.488341e+00 -2.118213e-02 9.996424e-01 1.631722e-02 -4.244547e+00 -5.623840e-03 -1.643981e-02 9.998490e-01 2.773310e+02
9.996309e-01 -2.489643e-02 -1.087187e-02 9.536267e+00 2.466812e-02 9.994824e-01 -2.064654e-02 -4.267775e+00 1.138019e-02 2.037068e-02 9.997277e-01 2.784708e+02
9.997503e-01 2.141924e-02 6.356541e-03 9.590348e+00 -2.152019e-02 9.996363e-01 1.625178e-02 -4.290087e+00 -6.006206e-03 -1.638457e-02 9.998477e-01 2.794922e+02
9.996288e-01 -2.464394e-02 -1.160864e-02 9.636718e+00 2.440002e-02 9.994879e-01 -2.070058e-02 -4.312734e+00 1.211276e-02 2.040959e-02 9.997183e-01 2.805580e+02
9.997699e-01 2.044226e-02 6.501056e-03 9.687528e+00 -2.054332e-02 9.996630e-01 1.586904e-02 -4.336509e+00 -6.174544e-03 -1.599900e-02 9.998529e-01 2.817837e+02
9.996303e-01 -2.451705e-02 -1.175495e-02 9.736773e+00 2.427114e-02 9.994927e-01 -2.062016e-02 -4.360716e+00 1.225445e-02 2.032718e-02 9.997182e-01 2.830320e+02
9.997737e-01 2.021820e-02 6.613490e-03 9.784904e+00 -2.032107e-02 9.996676e-01 1.586630e-02 -4.384805e+00 -6.290581e-03 -1.599716e-02 9.998522e-01 2.842852e+02
9.996512e-01 -2.396918e-02 -1.108039e-02 9.844564e+00 2.374052e-02 9.995116e-01 -2.032109e-02 -4.407731e+00 1.156197e-02 2.005090e-02 9.997321e-01 2.853713e+02
9.997673e-01 2.068659e-02 6.105108e-03 9.899481e+00 -2.078206e-02 9.996560e-01 1.600092e-02 -4.429748e+00 -5.772080e-03 -1.612413e-02 9.998533e-01 2.863711e+02
9.996605e-01 -2.384600e-02 -1.049338e-02 9.958851e+00 2.363287e-02 9.995210e-01 -1.998121e-02 -4.451447e+00 1.096475e-02 1.972639e-02 9.997453e-01 2.872983e+02
9.997625e-01 2.094597e-02 6.015671e-03 1.001636e+01 -2.104023e-02 9.996498e-01 1.604864e-02 -4.472712e+00 -5.677487e-03 -1.617145e-02 9.998531e-01 2.881761e+02
9.996706e-01 -2.340497e-02 -1.052254e-02 1.006926e+01 2.319147e-02 9.995316e-01 -1.996800e-02 -4.493297e+00 1.098488e-02 1.971734e-02 9.997452e-01 2.889859e+02
9.997682e-01 2.072045e-02 5.834286e-03 1.012281e+01 -2.081079e-02 9.996575e-01 1.586372e-02 -4.514131e+00 -5.503661e-03 -1.598151e-02 9.998571e-01 2.898283e+02
9.996528e-01 -2.389308e-02 -1.110378e-02 1.016986e+01 2.366437e-02 9.995141e-01 -2.028624e-02 -4.536193e+00 1.158301e-02 2.001639e-02 9.997325e-01 2.908372e+02
9.997818e-01 1.995607e-02 6.164315e-03 1.022432e+01 -2.005120e-02 9.996746e-01 1.576447e-02 -4.558666e+00 -5.847789e-03 -1.588468e-02 9.998567e-01 2.919069e+02
9.996604e-01 -2.342327e-02 -1.141563e-02 1.027366e+01 2.318728e-02 9.995234e-01 -2.037882e-02 -4.580543e+00 1.188745e-02 2.010715e-02 9.997271e-01 2.929126e+02
9.997834e-01 1.979206e-02 6.427408e-03 1.032715e+01 -1.989300e-02 9.996736e-01 1.603021e-02 -4.602574e+00 -6.108116e-03 -1.615465e-02 9.998508e-01 2.939143e+02
9.996620e-01 -2.325850e-02 -1.161557e-02 1.037538e+01 2.301605e-02 9.995232e-01 -2.058274e-02 -4.624210e+00 1.208867e-02 2.030839e-02 9.997206e-01 2.948967e+02
9.997973e-01 1.916523e-02 6.157216e-03 1.042954e+01 -1.925910e-02 9.996935e-01 1.555606e-02 -4.647088e+00 -5.857270e-03 -1.567154e-02 9.998600e-01 2.960249e+02
9.996468e-01 -2.375756e-02 -1.190567e-02 1.048323e+01 2.350291e-02 9.995014e-01 -2.108557e-02 -4.671379e+00 1.240060e-02 2.079826e-02 9.997068e-01 2.973160e+02
9.998050e-01 1.881682e-02 5.988757e-03 1.053451e+01 -1.890717e-02 9.997027e-01 1.539470e-02 -4.696007e+00 -5.697373e-03 -1.550498e-02 9.998635e-01 2.986651e+02
9.996623e-01 -2.324694e-02 -1.160918e-02 1.058706e+01 2.300912e-02 9.995309e-01 -2.021066e-02 -4.720940e+00 1.207349e-02 1.993667e-02 9.997283e-01 2.999867e+02
9.997985e-01 1.901267e-02 6.433056e-03 1.063979e+01 -1.911146e-02 9.996948e-01 1.565006e-02 -4.744937e+00 -6.133619e-03 -1.576990e-02 9.998568e-01 3.012276e+02
9.996488e-01 -2.362767e-02 -1.199373e-02 1.069401e+01 2.337006e-02 9.995025e-01 -2.117748e-02 -4.768869e+00 1.248806e-02 2.088970e-02 9.997038e-01 3.024989e+02
9.998008e-01 1.897642e-02 6.179607e-03 1.074385e+01 -1.907212e-02 9.996932e-01 1.580347e-02 -4.793472e+00 -5.877893e-03 -1.591823e-02 9.998560e-01 3.038240e+02
9.996629e-01 -2.329886e-02 -1.144813e-02 1.079515e+01 2.306070e-02 9.995237e-01 -2.050786e-02 -4.818226e+00 1.192041e-02 2.023690e-02 9.997241e-01 3.051227e+02
9.998017e-01 1.896839e-02 6.051543e-03 1.084587e+01 -1.906221e-02 9.996929e-01 1.583111e-02 -4.842654e+00 -5.749469e-03 -1.594338e-02 9.998563e-01 3.064104e+02
9.996442e-01 -2.395886e-02 -1.171666e-02 1.090562e+01 2.370067e-02 9.994837e-01 -2.169453e-02 -4.867100e+00 1.223031e-02 2.140908e-02 9.996960e-01 3.077490e+02
9.998088e-01 1.873925e-02 5.579288e-03 1.096589e+01 -1.882401e-02 9.997021e-01 1.553679e-02 -4.891380e+00 -5.286552e-03 -1.563889e-02 9.998637e-01 3.090745e+02
9.996468e-01 -2.390270e-02 -1.161379e-02 1.102719e+01 2.364595e-02 9.994836e-01 -2.175804e-02 -4.915424e+00 1.212779e-02 2.147569e-02 9.996958e-01 3.103725e+02
9.998065e-01 1.884911e-02 5.616415e-03 1.108731e+01 -1.893606e-02 9.996952e-01 1.583917e-02 -4.939081e+00 -5.316223e-03 -1.594251e-02 9.998588e-01 3.116198e+02
9.996609e-01 -2.337653e-02 -1.146912e-02 1.113837e+01 2.313082e-02 9.995097e-01 -2.110209e-02 -4.963565e+00 1.195672e-02 2.082960e-02 9.997115e-01 3.129174e+02
9.997987e-01 1.909452e-02 6.146238e-03 1.118875e+01 -1.919372e-02 9.996797e-01 1.649596e-02 -4.987983e+00 -5.829360e-03 -1.661066e-02 9.998450e-01 3.141908e+02
9.996649e-01 -2.322311e-02 -1.142909e-02 1.124221e+01 2.297998e-02 9.995162e-01 -2.095761e-02 -5.012383e+00 1.191018e-02 2.068790e-02 9.997150e-01 3.154495e+02
9.998009e-01 1.897690e-02 6.151536e-03 1.129555e+01 -1.907590e-02 9.996828e-01 1.644404e-02 -5.036684e+00 -5.837600e-03 -1.655816e-02 9.998458e-01 3.167139e+02
9.996659e-01 -2.319689e-02 -1.139790e-02 1.134611e+01 2.295153e-02 9.995117e-01 -2.120043e-02 -5.060834e+00 1.188404e-02 2.093171e-02 9.997102e-01 3.179751e+02
9.998009e-01 1.900154e-02 6.078559e-03 1.139575e+01 -1.910111e-02 9.996772e-01 1.675188e-02 -5.085185e+00 -5.758358e-03 -1.686470e-02 9.998412e-01 3.192315e+02
9.996880e-01 -2.269832e-02 -1.042282e-02 1.145868e+01 2.247588e-02 9.995272e-01 -2.097856e-02 -5.107695e+00 1.089400e-02 2.073771e-02 9.997256e-01 3.202774e+02
9.997800e-01 2.008929e-02 6.016354e-03 1.151304e+01 -2.019051e-02 9.996473e-01 1.725276e-02 -5.128423e+00 -5.667708e-03 -1.737048e-02 9.998330e-01 3.210925e+02
9.996820e-01 -2.277855e-02 -1.081532e-02 1.156467e+01 2.254017e-02 9.995111e-01 -2.166777e-02 -5.149382e+00 1.130352e-02 2.141706e-02 9.997067e-01 3.219623e+02
9.997913e-01 1.962997e-02 5.646588e-03 1.161931e+01 -1.972183e-02 9.996662e-01 1.668728e-02 -5.171270e+00 -5.317204e-03 -1.679521e-02 9.998448e-01 3.229506e+02
9.996706e-01 -2.310963e-02 -1.116061e-02 1.167213e+01 2.286880e-02 9.995128e-01 -2.123939e-02 -5.194881e+00 1.164594e-02 2.097712e-02 9.997121e-01 3.241028e+02
9.997987e-01 1.911501e-02 6.083651e-03 1.172442e+01 -1.921660e-02 9.996692e-01 1.709061e-02 -5.218644e+00 -5.755022e-03 -1.720412e-02 9.998354e-01 3.252920e+02
9.996689e-01 -2.316961e-02 -1.118356e-02 1.177551e+01 2.292547e-02 9.995064e-01 -2.148042e-02 -5.242750e+00 1.167566e-02 2.121688e-02 9.997067e-01 3.265148e+02
9.998064e-01 1.875648e-02 5.933494e-03 1.183264e+01 -1.885212e-02 9.996864e-01 1.648360e-02 -5.265928e+00 -5.622530e-03 -1.659231e-02 9.998465e-01 3.276852e+02
9.996812e-01 -2.269566e-02 -1.105417e-02 1.189066e+01 2.245810e-02 9.995239e-01 -2.115486e-02 -5.288122e+00 1.152896e-02 2.089982e-02 9.997151e-01 3.287124e+02
9.998166e-01 1.843156e-02 5.196181e-03 1.194044e+01 -1.851186e-02 9.997031e-01 1.583937e-02 -5.310999e+00 -4.902763e-03 -1.593270e-02 9.998610e-01 3.298719e+02
9.996834e-01 -2.287242e-02 -1.047780e-02 1.200109e+01 2.264897e-02 9.995236e-01 -2.096382e-02 -5.334520e+00 1.095223e-02 2.071983e-02 9.997253e-01 3.310548e+02
9.998029e-01 1.907129e-02 5.506289e-03 1.205613e+01 -1.916054e-02 9.996782e-01 1.662452e-02 -5.356598e+00 -5.187534e-03 -1.672679e-02 9.998466e-01 3.320620e+02
9.996901e-01 -2.266441e-02 -1.028941e-02 1.211263e+01 2.244593e-02 9.995302e-01 -2.086847e-02 -5.378295e+00 1.075747e-02 2.063101e-02 9.997293e-01 3.330203e+02
9.998120e-01 1.871505e-02 5.050725e-03 1.216770e+01 -1.879467e-02 9.996922e-01 1.619047e-02 -5.400898e+00 -4.746234e-03 -1.628239e-02 9.998561e-01 3.341041e+02
9.997013e-01 -2.236240e-02 -9.857831e-03 1.222564e+01 2.215674e-02 9.995444e-01 -2.049343e-02 -5.422946e+00 1.031155e-02 2.026885e-02 9.997414e-01 3.351007e+02
9.998160e-01 1.860917e-02 4.651014e-03 1.228082e+01 -1.868100e-02 9.996991e-01 1.589331e-02 -5.445333e+00 -4.353921e-03 -1.597731e-02 9.998629e-01 3.361585e+02
9.997013e-01 -2.215205e-02 -1.031865e-02 1.232517e+01 2.193259e-02 9.995407e-01 -2.091011e-02 -5.467930e+00 1.077704e-02 2.067752e-02 9.997281e-01 3.372797e+02
9.998340e-01 1.757438e-02 4.798944e-03 1.238223e+01 -1.764724e-02 9.997230e-01 1.557221e-02 -5.492778e+00 -4.524010e-03 -1.565436e-02 9.998672e-01 3.386268e+02
9.997017e-01 -2.210812e-02 -1.037276e-02 1.243656e+01 2.188678e-02 9.995402e-01 -2.098201e-02 -5.517772e+00 1.083179e-02 2.074869e-02 9.997260e-01 3.399933e+02
9.998357e-01 1.748900e-02 4.748659e-03 1.248858e+01 -1.756149e-02 9.997231e-01 1.566269e-02 -5.542885e+00 -4.473486e-03 -1.574355e-02 9.998660e-01 3.413805e+02
9.997000e-01 -2.219035e-02 -1.036132e-02 1.254313e+01 2.196589e-02 9.995320e-01 -2.128962e-02 -5.568132e+00 1.082883e-02 2.105561e-02 9.997196e-01 3.427910e+02
9.998378e-01 1.735122e-02 4.821029e-03 1.260697e+01 -1.742509e-02 9.997247e-01 1.571117e-02 -5.592657e+00 -4.547159e-03 -1.579266e-02 9.998649e-01 3.441047e+02
9.997105e-01 -2.167616e-02 -1.043814e-02 1.266220e+01 2.145382e-02 9.995502e-01 -2.095541e-02 -5.616844e+00 1.088762e-02 2.072537e-02 9.997259e-01 3.453734e+02
9.998370e-01 1.734000e-02 5.013087e-03 1.271181e+01 -1.741824e-02 9.997203e-01 1.599380e-02 -5.641271e+00 -4.734418e-03 -1.607855e-02 9.998595e-01 3.466748e+02
9.997095e-01 -2.173561e-02 -1.040769e-02 1.276174e+01 2.151275e-02 9.995467e-01 -2.106001e-02 -5.665986e+00 1.086065e-02 2.082996e-02 9.997240e-01 3.480061e+02
9.998357e-01 1.741575e-02 5.011454e-03 1.281255e+01 -1.749575e-02 9.997128e-01 1.637490e-02 -5.690736e+00 -4.724898e-03 -1.645992e-02 9.998533e-01 3.493125e+02
9.997060e-01 -2.185053e-02 -1.050149e-02 1.286260e+01 2.161947e-02 9.995323e-01 -2.162810e-02 -5.715323e+00 1.096910e-02 2.139468e-02 9.997109e-01 3.506500e+02
9.998356e-01 1.740556e-02 5.070821e-03 1.291396e+01 -1.748810e-02 9.997076e-01 1.670116e-02 -5.740289e+00 -4.778708e-03 -1.678713e-02 9.998477e-01 3.519886e+02
9.997138e-01 -2.169717e-02 -1.007200e-02 1.297224e+01 2.147692e-02 9.995386e-01 -2.147747e-02 -5.764016e+00 1.053328e-02 2.125497e-02 9.997186e-01 3.531853e+02
9.998305e-01 1.774390e-02 4.902451e-03 1.302665e+01 -1.782444e-02 9.996985e-01 1.688838e-02 -5.786534e+00 -4.601370e-03 -1.697294e-02 9.998453e-01 3.542615e+02
9.997112e-01 -2.175554e-02 -1.019906e-02 1.307974e+01 2.152943e-02 9.995311e-01 -2.177257e-02 -5.809446e+00 1.066789e-02 2.154667e-02 9.997109e-01 3.553869e+02
9.998280e-01 1.781314e-02 5.155321e-03 1.313487e+01 -1.789988e-02 9.996903e-01 1.728519e-02 -5.832174e+00 -4.845883e-03 -1.737453e-02 9.998373e-01 3.564718e+02
9.997180e-01 -2.142610e-02 -1.022855e-02 1.318657e+01 2.119947e-02 9.995383e-01 -2.176623e-02 -5.854465e+00 1.069013e-02 2.154322e-02 9.997107e-01 3.575165e+02
9.998326e-01 1.762213e-02 4.914067e-03 1.323483e+01 -1.770438e-02 9.996951e-01 1.721386e-02 -5.877672e+00 -4.609285e-03 -1.729802e-02 9.998397e-01 3.586685e+02
9.997192e-01 -2.142940e-02 -1.010381e-02 1.328485e+01 2.120466e-02 9.995365e-01 -2.184271e-02 -5.901354e+00 1.056714e-02 2.162230e-02 9.997103e-01 3.598637e+02
9.998320e-01 1.754582e-02 5.286203e-03 1.334380e+01 -1.763409e-02 9.996978e-01 1.712878e-02 -5.924592e+00 -4.984128e-03 -1.721916e-02 9.998393e-01 3.610031e+02
9.997363e-01 -2.062146e-02 -1.009843e-02 1.340101e+01 2.039989e-02 9.995592e-01 -2.156671e-02 -5.946588e+00 1.053866e-02 2.135498e-02 9.997164e-01 3.619857e+02
9.998305e-01 1.767113e-02 5.145985e-03 1.345552e+01 -1.775668e-02 9.996966e-01 1.706689e-02 -5.968200e+00 -4.842892e-03 -1.715540e-02 9.998411e-01 3.629303e+02
9.997314e-01 -2.077572e-02 -1.026313e-02 1.351076e+01 2.054568e-02 9.995462e-01 -2.202681e-02 -5.990334e+00 1.071603e-02 2.181000e-02 9.997047e-01 3.639447e+02
9.998409e-01 1.718361e-02 4.771587e-03 1.356896e+01 -1.726035e-02 9.997145e-01 1.652107e-02 -6.013250e+00 -4.486392e-03 -1.660083e-02 9.998521e-01 3.650644e+02
9.997266e-01 -2.094726e-02 -1.038241e-02 1.362889e+01 2.071001e-02 9.995335e-01 -2.244826e-02 -6.036826e+00 1.084774e-02 2.222708e-02 9.996941e-01 3.662679e+02
9.998466e-01 1.691124e-02 4.544765e-03 1.368052e+01 -1.698696e-02 9.997085e-01 1.715525e-02 -6.061044e+00 -4.253381e-03 -1.722986e-02 9.998425e-01 3.675473e+02
9.997163e-01 -2.148397e-02 -1.027660e-02 1.373031e+01 2.124886e-02 9.995219e-01 -2.245821e-02 -6.086668e+00 1.075412e-02 2.223344e-02 9.996950e-01 3.689788e+02
9.998529e-01 1.651723e-02 4.605748e-03 1.378300e+01 -1.659327e-02 9.997182e-01 1.697541e-02 -6.112585e+00 -4.324120e-03 -1.704937e-02 9.998453e-01 3.704556e+02
9.997227e-01 -2.127768e-02 -1.007916e-02 1.383773e+01 2.104952e-02 9.995315e-01 -2.222050e-02 -6.138277e+00 1.054718e-02 2.200215e-02 9.997023e-01 3.718838e+02
9.998487e-01 1.676885e-02 4.607254e-03 1.389311e+01 -1.684728e-02 9.997043e-01 1.753158e-02 -6.163440e+00 -4.311963e-03 -1.760658e-02 9.998357e-01 3.732395e+02
9.996906e-01 -2.237833e-02 -1.085678e-02 1.395811e+01 2.210978e-02 9.994614e-01 -2.424891e-02 -6.188384e+00 1.139352e-02 2.400133e-02 9.996470e-01 3.746839e+02
9.998598e-01 1.622684e-02 4.125951e-03 1.402603e+01 -1.629541e-02 9.997202e-01 1.714742e-02 -6.213345e+00 -3.846602e-03 -1.721228e-02 9.998444e-01 3.761210e+02
9.996983e-01 -2.211905e-02 -1.067285e-02 1.409293e+01 2.185715e-02 9.994717e-01 -2.405489e-02 -6.238016e+00 1.119923e-02 2.381433e-02 9.996537e-01 3.775163e+02
9.998572e-01 1.639503e-02 4.074903e-03 1.415467e+01 -1.646339e-02 9.997142e-01 1.733231e-02 -6.262243e+00 -3.789628e-03 -1.739695e-02 9.998415e-01 3.788754e+02
9.996993e-01 -2.211880e-02 -1.057675e-02 1.421999e+01 2.185782e-02 9.994687e-01 -2.417808e-02 -6.286853e+00 1.110586e-02 2.393960e-02 9.996517e-01 3.802680e+02
9.998463e-01 1.697657e-02 4.364519e-03 1.427464e+01 -1.705438e-02 9.996845e-01 1.843873e-02 -6.312425e+00 -4.050168e-03 -1.851036e-02 9.998205e-01 3.817075e+02
9.996942e-01 -2.242199e-02 -1.042650e-02 1.433655e+01 2.215819e-02 9.994479e-01 -2.475647e-02 -6.337654e+00 1.097577e-02 2.451785e-02 9.996391e-01 3.831517e+02
9.998594e-01 1.633764e-02 3.769234e-03 1.440093e+01 -1.640204e-02 9.997084e-01 1.771925e-02 -6.362925e+00 -3.478696e-03 -1.777860e-02 9.998359e-01 3.846333e+02
9.997030e-01 -2.210199e-02 -1.025683e-02 1.446612e+01 2.184447e-02 9.994595e-01 -2.456728e-02 -6.387970e+00 1.079422e-02 2.433590e-02 9.996456e-01 3.860706e+02
9.998619e-01 1.619512e-02 3.721140e-03 1.453299e+01 -1.625868e-02 9.997108e-01 1.771706e-02 -6.413349e+00 -3.433184e-03 -1.777513e-02 9.998361e-01 3.875412e+02
9.997015e-01 -2.213619e-02 -1.032748e-02 1.459942e+01 2.187439e-02 9.994530e-01 -2.480299e-02 -6.439128e+00 1.087082e-02 2.456966e-02 9.996390e-01 3.890605e+02
9.998611e-01 1.621427e-02 3.844103e-03 1.466181e+01 -1.628121e-02 9.997044e-01 1.805409e-02 -6.464836e+00 -3.550281e-03 -1.811419e-02 9.998296e-01 3.905654e+02
9.997028e-01 -2.203194e-02 -1.042702e-02 1.472129e+01 2.176542e-02 9.994501e-01 -2.501272e-02 -6.490646e+00 1.097232e-02 2.477832e-02 9.996327e-01 3.920916e+02
9.998574e-01 1.632538e-02 4.301140e-03 1.478341e+01 -1.640315e-02 9.996906e-01 1.869634e-02 -6.515973e+00 -3.994632e-03 -1.876425e-02 9.998159e-01 3.935317e+02
9.997078e-01 -2.169168e-02 -1.066395e-02 1.483832e+01 2.141736e-02 9.994532e-01 -2.519199e-02 -6.540938e+00 1.120452e-02 2.495622e-02 9.996257e-01 3.949542e+02
9.998596e-01 1.614157e-02 4.471367e-03 1.489677e+01 -1.622339e-02 9.996898e-01 1.889436e-02 -6.566232e+00 -4.165042e-03 -1.896427e-02 9.998115e-01 3.963935e+02
9.997130e-01 -2.145123e-02 -1.065804e-02 1.495411e+01 2.117667e-02 9.994573e-01 -2.523210e-02 -6.591320e+00 1.119347e-02 2.499914e-02 9.996248e-01 3.978137e+02
