9.996707e-01 -6.221125e-04 2.565504e-02 3.561030e-02 6.454202e-04 9.999994e-01 -9.002317e-04 -2.418510e-03 -2.565446e-02 9.164939e-04 9.996703e-01 9.279671e-02
9.999517e-01 -3.435371e-04 9.824046e-03 6.824011e-02 3.466789e-04 9.999999e-01 -3.181048e-04 -3.684780e-03 -9.823929e-03 3.214955e-04 9.999516e-01 1.849892e-01
9.997452e-01 -5.670016e-04 2.256519e-02 1.030598e-01 5.848441e-04 9.999995e-01 -7.841185e-04 -5.503465e-03 -2.256472e-02 7.971159e-04 9.997450e-01 2.816888e-01
9.998890e-01 -4.382022e-04 1.489013e-02 1.340631e-01 4.458459e-04 9.999998e-01 -5.100186e-04 -6.454205e-03 -1.488989e-02 5.166007e-04 9.998889e-01 3.716503e-01
9.995705e-01 -7.676876e-04 2.929527e-02 1.624838e-01 7.974536e-04 9.999992e-01 -1.004400e-03 -6.484608e-03 -2.929445e-02 1.027330e-03 9.995702e-01 4.552890e-01
9.999188e-01 -4.188106e-04 1.273654e-02 1.938820e-01 4.242676e-04 9.999998e-01 -4.257511e-04 -6.971520e-03 -1.273634e-02 4.311199e-04 9.999187e-01 5.439636e-01
9.997767e-01 -5.479202e-04 2.112487e-02 2.287083e-01 5.631355e-04 9.999996e-01 -7.143100e-04 -8.603474e-03 -2.112444e-02 7.260462e-04 9.997765e-01 6.376285e-01
9.999804e-01 -2.072639e-04 6.259367e-03 2.646673e-01 2.085852e-04 1.000000e+00 -2.104310e-04 -1.098001e-02 -6.259296e-03 2.117320e-04 9.999803e-01 7.326397e-01
9.998158e-01 -4.714910e-04 1.918718e-02 3.009279e-01 4.840989e-04 9.999997e-01 -6.524556e-04 -1.351651e-02 -1.918684e-02 6.616233e-04 9.998156e-01 8.253193e-01
9.999774e-01 -1.889941e-04 6.727122e-03 3.357054e-01 1.905892e-04 1.000000e+00 -2.364576e-04 -1.584190e-02 -6.727044e-03 2.377337e-04 9.999772e-01 9.127366e-01
9.996208e-01 -7.265566e-04 2.752856e-02 3.675022e-01 7.524311e-04 9.999993e-01 -9.295625e-04 -1.712835e-02 -2.752783e-02 9.499225e-04 9.996205e-01 9.986723e-01
9.999769e-01 -2.405377e-04 6.791259e-03 4.012082e-01 2.421064e-04 9.999999e-01 -2.301419e-04 -1.861517e-02 -6.791165e-03 2.317799e-04 9.999768e-01 1.089923e+00
9.995753e-01 -7.103440e-04 2.913287e-02 4.320722e-01 7.401157e-04 9.999992e-01 -1.011152e-03 -1.973114e-02 -2.913208e-02 1.032283e-03 9.995749e-01 1.178953e+00
9.999469e-01 -3.856932e-04 1.030136e-02 4.633666e-01 3.891703e-04 9.999999e-01 -3.354989e-04 -2.052968e-02 -1.030118e-02 3.394888e-04 9.999468e-01 1.268533e+00
9.996618e-01 -6.192573e-04 2.599817e-02 4.952578e-01 6.430793e-04 9.999994e-01 -9.079314e-04 -2.173418e-02 -2.599754e-02 9.243418e-04 9.996615e-01 1.359084e+00
9.999979e-01 -1.560185e-04 2.053073e-03 5.299438e-01 1.560942e-04 1.000000e+00 -3.653720e-05 -2.401422e-02 -2.053016e-03 3.685610e-05 9.999978e-01 1.451465e+00
9.996657e-01 -5.603297e-04 2.584953e-02 5.617539e-01 5.843852e-04 9.999994e-01 -9.230351e-04 -2.610744e-02 -2.584894e-02 9.378310e-04 9.996653e-01 1.538280e+00
9.999550e-01 -4.023105e-04 9.477687e-03 5.925980e-01 4.049748e-04 9.999999e-01 -2.791435e-04 -2.730990e-02 -9.477517e-03 2.829674e-04 9.999550e-01 1.622617e+00
9.997210e-01 -5.267731e-04 2.361390e-02 6.253153e-01 5.466998e-04 9.999995e-01 -8.373824e-04 -2.890458e-02 -2.361338e-02 8.500566e-04 9.997207e-01 1.709761e+00
9.999882e-01 -2.357398e-04 4.848508e-03 6.577644e-01 2.363527e-04 1.000000e+00 -1.257113e-04 -3.098019e-02 -4.848416e-03 1.268538e-04 9.999881e-01 1.796289e+00
9.996072e-01 -6.310700e-04 2.801761e-02 6.877142e-01 6.593169e-04 9.999993e-01 -9.989323e-04 -3.239611e-02 -2.801689e-02 1.017010e-03 9.996068e-01 1.878631e+00
9.999963e-01 -5.970843e-05 -2.698777e-03 7.212318e-01 6.014892e-05 1.000000e+00 1.628296e-04 -3.514221e-02 2.698833e-03 -1.629935e-04 9.999963e-01 1.971799e+00
9.998163e-01 -2.915489e-04 1.916307e-02 7.518501e-01 3.054258e-04 9.999997e-01 -7.211861e-04 -3.871084e-02 -1.916278e-02 7.269043e-04 9.998160e-01 2.056148e+00
9.999793e-01 5.471523e-05 -6.433433e-03 7.742063e-01 -5.288169e-05 1.000000e+00 2.850288e-04 -4.235627e-02 6.433516e-03 -2.846849e-04 9.999792e-01 2.131302e+00
9.997582e-01 -3.436208e-04 2.198496e-02 8.004837e-01 3.617195e-04 9.999996e-01 -8.192198e-04 -4.567005e-02 -2.198460e-02 8.269718e-04 9.997579e-01 2.200668e+00
9.999918e-01 -4.391651e-05 -4.056982e-03 8.305833e-01 4.479852e-05 1.000000e+00 2.170660e-04 -4.889291e-02 4.057043e-03 -2.172484e-04 9.999917e-01 2.276119e+00
9.997609e-01 -3.137504e-04 2.186206e-02 8.587153e-01 3.318625e-04 9.999996e-01 -8.248011e-04 -5.198765e-02 -2.186172e-02 8.318567e-04 9.997606e-01 2.345099e+00
9.999938e-01 -3.346774e-04 3.494581e-03 8.893049e-01 3.347608e-04 9.999999e-01 -2.297370e-05 -5.426836e-02 -3.494500e-03 2.414090e-05 9.999938e-01 2.418707e+00
9.999152e-01 -2.556079e-05 1.302083e-02 9.193838e-01 3.224766e-05 9.999999e-01 -5.132555e-04 -5.759339e-02 -1.302074e-02 5.136293e-04 9.999150e-01 2.485070e+00
9.999909e-01 -3.440873e-04 4.249197e-03 9.482705e-01 3.443261e-04 9.999999e-01 -5.519942e-05 -6.078124e-02 -4.249102e-03 5.665943e-05 9.999909e-01 2.551419e+00
9.999923e-01 2.668432e-04 3.907969e-03 9.558134e-01 -2.658654e-04 9.999999e-01 -2.504181e-04 -6.463285e-02 -3.907959e-03 2.493746e-04 9.999923e-01 2.621531e+00
9.999839e-01 -3.867570e-04 5.660330e-03 9.709879e-01 3.872703e-04 9.999999e-01 -8.937079e-05 -6.837093e-02 -5.660218e-03 9.155877e-05 9.999839e-01 2.684910e+00
9.999810e-01 1.745576e-04 6.154477e-03 9.928688e-01 -1.725947e-04 9.999999e-01 -3.192493e-04 -7.194477e-02 -6.154454e-03 3.181784e-04 9.999809e-01 2.749941e+00
9.999757e-01 -3.918374e-04 6.959278e-03 1.014774e+00 3.928026e-04 9.999999e-01 -1.371322e-04 -7.559795e-02 -6.959146e-03 1.398597e-04 9.999757e-01 2.825018e+00
9.999954e-01 2.754386e-04 3.006759e-03 1.030084e+00 -2.747507e-04 9.999999e-01 -2.287549e-04 -7.954548e-02 -3.006743e-03 2.279251e-04 9.999954e-01 2.903916e+00
9.999831e-01 -3.788027e-04 5.799196e-03 1.040522e+00 3.793417e-04 9.999999e-01 -9.159993e-05 -8.354361e-02 -5.799081e-03 9.379548e-05 9.999831e-01 2.983128e+00
9.999974e-01 3.041789e-04 2.255091e-03 1.049234e+00 -3.037100e-04 9.999999e-01 -2.076348e-04 -8.748375e-02 -2.255074e-03 2.069466e-04 9.999974e-01 3.056571e+00
9.999576e-01 -4.780053e-04 9.191313e-03 1.065496e+00 4.798768e-04 9.999999e-01 -2.012573e-04 -9.137799e-02 -9.191135e-03 2.056567e-04 9.999577e-01 3.139120e+00
9.999997e-01 4.151888e-04 6.748821e-04 1.093331e+00 -4.150553e-04 9.999999e-01 -1.957773e-04 -9.577404e-02 -6.748819e-04 1.954943e-04 9.999997e-01 3.237413e+00
9.999297e-01 -6.434278e-04 1.183756e-02 1.125484e+00 6.463651e-04 9.999998e-01 -2.441813e-04 -9.988492e-02 -1.183732e-02 2.518126e-04 9.999298e-01 3.333395e+00
9.999712e-01 6.981700e-04 -7.560276e-03 1.116050e+00 -6.977976e-04 9.999998e-01 5.169211e-05 -1.037735e-01 7.560393e-03 -4.641793e-05 9.999713e-01 3.393640e+00
9.999480e-01 -6.645902e-04 1.017269e-02 1.101510e+00 6.664192e-04 9.999998e-01 -1.762558e-04 -1.077738e-01 -1.017249e-02 1.830230e-04 9.999482e-01 3.453365e+00
9.999678e-01 6.980854e-04 -7.991625e-03 1.131060e+00 -6.974038e-04 9.999998e-01 8.787271e-05 -1.124566e-01 7.991767e-03 -8.229935e-05 9.999680e-01 3.510853e+00
9.999250e-01 -7.325493e-04 1.222642e-02 1.244902e+00 7.360151e-04 9.999997e-01 -2.788494e-04 -1.184221e-01 -1.222613e-02 2.878243e-04 9.999251e-01 3.625595e+00
9.999725e-01 6.858518e-04 -7.376121e-03 1.380425e+00 -6.853874e-04 9.999998e-01 6.527804e-05 -1.240342e-01 7.376248e-03 -6.022364e-05 9.999727e-01 3.722464e+00
9.999559e-01 -6.886451e-04 9.362414e-03 1.374987e+00 6.902935e-04 9.999997e-01 -1.726672e-04 -1.288453e-01 -9.362210e-03 1.791195e-04 9.999561e-01 3.833756e+00
9.999584e-01 6.702765e-04 -9.091999e-03 1.362866e+00 -6.691369e-04 9.999998e-01 1.282019e-04 -1.336898e-01 9.092166e-03 -1.221156e-04 9.999586e-01 3.947849e+00
9.999788e-01 -6.161268e-04 6.471973e-03 1.343837e+00 6.169026e-04 9.999998e-01 -1.176251e-04 -1.383920e-01 -6.471816e-03 1.216122e-04 9.999790e-01 4.023932e+00
9.999199e-01 7.728962e-04 -1.262998e-02 1.328703e+00 -7.701901e-04 9.999997e-01 2.189899e-04 -1.422596e-01 1.263023e-02 -2.092477e-04 9.999201e-01 4.041622e+00
9.999231e-01 -7.772504e-04 1.237630e-02 1.295287e+00 7.803352e-04 9.999997e-01 -2.442978e-04 -1.456600e-01 -1.237602e-02 2.539337e-04 9.999233e-01 4.064031e+00
9.999152e-01 7.795747e-04 -1.299793e-02 1.267492e+00 -7.766970e-04 9.999997e-01 2.263213e-04 -1.488784e-01 1.299819e-02 -2.162095e-04 9.999154e-01 4.069532e+00
9.999151e-01 -7.878227e-04 1.300395e-02 1.240708e+00 7.911070e-04 9.999997e-01 -2.472943e-04 -1.523788e-01 -1.300366e-02 2.575578e-04 9.999153e-01 4.093301e+00
9.999271e-01 8.064901e-04 -1.204528e-02 1.225525e+00 -8.041862e-04 9.999997e-01 1.959768e-04 -1.562462e-01 1.204552e-02 -1.862787e-04 9.999274e-01 4.135328e+00
9.999125e-01 -8.145379e-04 1.320254e-02 1.224492e+00 8.179137e-04 9.999996e-01 -2.501765e-04 -1.606032e-01 -1.320225e-02 2.609502e-04 9.999127e-01 4.196835e+00
9.999198e-01 8.232086e-04 -1.263920e-02 1.337044e+00 -8.202927e-04 9.999996e-01 2.357643e-04 -1.665471e-01 1.263947e-02 -2.253805e-04 9.999200e-01 4.278336e+00
9.999164e-01 -8.302175e-04 1.289824e-02 1.540542e+00 8.314381e-04 9.999997e-01 -8.915346e-05 -1.714691e-01 -1.289808e-02 9.986713e-05 9.999167e-01 4.292170e+00
9.999368e-01 8.407042e-04 -1.120761e-02 1.631771e+00 -8.407787e-04 9.999996e-01 -2.083415e-06 -1.775602e-01 1.120769e-02 1.150351e-05 9.999371e-01 4.402982e+00
9.998684e-01 -8.602661e-04 1.619581e-02 1.653456e+00 8.639057e-04 9.999996e-01 -2.176313e-04 -1.831574e-01 -1.619554e-02 2.315913e-04 9.998687e-01 4.551260e+00
9.998737e-01 8.690887e-04 -1.586497e-02 1.647651e+00 -8.663281e-04 9.999996e-01 1.807717e-04 -1.881409e-01 1.586520e-02 -1.670075e-04 9.998740e-01 4.662861e+00
9.998812e-01 -8.857217e-04 1.538379e-02 1.631812e+00 8.887342e-04 9.999996e-01 -1.888861e-04 -1.926409e-01 -1.538353e-02 2.025328e-04 9.998816e-01 4.744160e+00
9.998936e-01 8.788526e-04 -1.455916e-02 1.616634e+00 -8.768636e-04 9.999996e-01 1.428833e-04 -1.967847e-01 1.455936e-02 -1.301047e-04 9.998939e-01 4.806756e+00
9.998841e-01 -8.769377e-04 1.519640e-02 1.597719e+00 8.798694e-04 9.999996e-01 -1.861310e-04 -2.007437e-01 -1.519614e-02 1.994773e-04 9.998844e-01 4.862704e+00
9.998908e-01 8.698006e-04 -1.474963e-02 1.571605e+00 -8.677625e-04 9.999996e-01 1.444667e-04 -2.046264e-01 1.474984e-02 -1.316547e-04 9.998911e-01 4.919415e+00
9.998132e-01 -8.764247e-04 1.930620e-02 1.630502e+00 8.836102e-04 9.999995e-01 -3.635797e-04 -2.106287e-01 -1.930579e-02 3.805679e-04 9.998135e-01 5.058017e+00
9.999040e-01 8.384741e-04 -1.382590e-02 1.682955e+00 -8.371786e-04 9.999996e-01 9.936867e-05 -2.168646e-01 1.382606e-02 -8.778735e-05 9.999043e-01 5.228755e+00
9.998821e-01 -8.971582e-04 1.532931e-02 1.713375e+00 9.000581e-04 9.999996e-01 -1.821652e-04 -2.231080e-01 -1.532905e-02 1.959379e-04 9.998824e-01 5.404500e+00
9.999389e-01 6.631127e-04 -1.103108e-02 1.762452e+00 -6.634553e-04 9.999998e-01 -2.755159e-05 -2.304170e-01 1.103115e-02 3.486554e-05 9.999391e-01 5.659691e+00
9.999043e-01 -6.970326e-04 1.381694e-02 1.816071e+00 6.990672e-04 9.999997e-01 -1.423029e-04 -2.373619e-01 -1.381676e-02 1.519451e-04 9.999045e-01 5.867655e+00
9.999687e-01 6.881011e-04 -7.876425e-03 1.859966e+00 -6.892523e-04 9.999998e-01 -1.436655e-04 -2.432054e-01 7.876409e-03 1.490868e-04 9.999689e-01 6.017882e+00
9.998826e-01 -7.920079e-04 1.529752e-02 1.923532e+00 7.955985e-04 9.999997e-01 -2.285209e-04 -2.494996e-01 -1.529725e-02 2.406616e-04 9.998829e-01 6.203466e+00
9.999733e-01 5.262095e-04 -7.290135e-03 1.986822e+00 -5.274055e-04 9.999998e-01 -1.623824e-04 -2.567202e-01 7.290134e-03 1.662198e-04 9.999733e-01 6.473784e+00
9.999417e-01 -5.691736e-04 1.078128e-02 2.025461e+00 5.694865e-04 9.999998e-01 -2.579339e-05 -2.631738e-01 -1.078117e-02 3.192850e-05 9.999418e-01 6.668614e+00
9.999688e-01 5.792268e-04 -7.873129e-03 2.036997e+00 -5.801718e-04 9.999998e-01 -1.179730e-04 -2.684548e-01 7.873145e-03 1.225339e-04 9.999689e-01 6.801340e+00
9.998973e-01 -6.028994e-04 1.431789e-02 2.064217e+00 6.054523e-04 9.999998e-01 -1.738424e-04 -2.738882e-01 -1.431770e-02 1.824902e-04 9.998974e-01 6.950168e+00
9.999980e-01 2.884347e-04 1.956936e-03 2.108894e+00 -2.874712e-04 9.999998e-01 -4.916274e-04 -2.784540e-01 -1.956991e-03 4.910607e-04 9.999979e-01 7.098687e+00
9.999690e-01 -4.995253e-04 7.858104e-03 2.232159e+00 4.984775e-04 9.999999e-01 1.355417e-04 -2.842627e-01 -7.858083e-03 -1.316237e-04 9.999690e-01 7.237865e+00
9.999809e-01 5.083936e-04 -6.158357e-03 2.342034e+00 -5.093943e-04 9.999999e-01 -1.612416e-04 -2.909151e-01 6.158362e-03 1.643723e-04 9.999809e-01 7.389791e+00
9.999856e-01 -5.249868e-04 5.338377e-03 2.349285e+00 5.241344e-04 9.999998e-01 1.614488e-04 -2.965181e-01 -5.338373e-03 -1.586517e-04 9.999857e-01 7.529726e+00
9.999866e-01 4.916976e-04 -5.155528e-03 2.347989e+00 -4.927464e-04 9.999999e-01 -2.025370e-04 -3.017235e-01 5.155515e-03 2.050714e-04 9.999866e-01 7.657538e+00
9.999773e-01 -4.787845e-04 6.715087e-03 2.364837e+00 4.780383e-04 9.999999e-01 1.130157e-04 -3.071361e-01 -6.715053e-03 -1.098063e-04 9.999774e-01 7.788879e+00
9.999820e-01 4.915093e-04 -5.977293e-03 2.364849e+00 -4.925836e-04 9.999999e-01 -1.785865e-04 -3.119269e-01 5.977292e-03 1.815244e-04 9.999820e-01 7.886603e+00
9.999881e-01 -4.781302e-04 4.858533e-03 2.344783e+00 4.772543e-04 9.999999e-01 1.818367e-04 -3.161686e-01 -4.858532e-03 -1.795191e-04 9.999881e-01 7.944720e+00
9.999893e-01 4.767061e-04 -4.593034e-03 2.330846e+00 -4.777492e-04 9.999999e-01 -2.264346e-04 -3.204954e-01 4.593013e-03 2.286233e-04 9.999894e-01 8.016339e+00
9.999877e-01 -5.170924e-04 4.918179e-03 2.327188e+00 5.161888e-04 9.999998e-01 1.853857e-04 -3.252984e-01 -4.918187e-03 -1.828480e-04 9.999878e-01 8.115099e+00
9.999892e-01 5.143901e-04 -4.605233e-03 2.320974e+00 -5.154742e-04 9.999998e-01 -2.346395e-04 -3.300385e-01 4.605199e-03 2.370076e-04 9.999893e-01 8.212902e+00
9.999768e-01 -4.925232e-04 6.791394e-03 2.327992e+00 4.916357e-04 9.999999e-01 1.326406e-04 -3.349813e-01 -6.791370e-03 -1.293020e-04 9.999769e-01 8.313446e+00
9.999846e-01 5.183310e-04 -5.515977e-03 2.322397e+00 -5.195483e-04 9.999998e-01 -2.196232e-04 -3.395639e-01 5.515950e-03 2.224824e-04 9.999847e-01 8.403668e+00
9.999842e-01 -5.003800e-04 5.589607e-03 2.314150e+00 4.993211e-04 9.999999e-01 1.911781e-04 -3.439053e-01 -5.589614e-03 -1.883874e-04 9.999843e-01 8.464302e+00
9.999852e-01 4.921239e-04 -5.418017e-03 2.305902e+00 -4.933722e-04 9.999999e-01 -2.294211e-04 -3.486941e-01 5.417991e-03 2.320876e-04 9.999852e-01 8.562115e+00
9.999269e-01 -4.485421e-04 1.208079e-02 2.321645e+00 4.492663e-04 9.999999e-01 -5.706604e-05 -3.534019e-01 -1.208068e-02 6.248603e-05 9.999269e-01 8.667223e+00
9.999987e-01 1.846173e-04 1.608937e-03 2.357525e+00 -1.838959e-04 9.999999e-01 -4.472763e-04 -3.579801e-01 -1.608930e-03 4.469765e-04 9.999985e-01 8.787643e+00
9.999989e-01 -1.287088e-05 -1.468955e-03 2.378966e+00 1.349103e-05 9.999999e-01 4.207544e-04 -3.634440e-01 1.469038e-03 -4.207771e-04 9.999988e-01 8.875052e+00
9.999822e-01 2.199814e-04 -5.959430e-03 2.395334e+00 -2.214431e-04 9.999999e-01 -2.449618e-04 -3.678443e-01 5.959465e-03 2.462738e-04 9.999821e-01 8.899616e+00
9.999968e-01 -1.127169e-04 2.524684e-03 2.422705e+00 1.121334e-04 1.000000e+00 2.320837e-04 -3.711216e-01 -2.524622e-03 -2.318032e-04 9.999967e-01 8.863708e+00
9.999822e-01 1.986173e-04 -5.958413e-03 2.427633e+00 -2.000870e-04 9.999999e-01 -2.464032e-04 -3.745120e-01 5.958452e-03 2.475877e-04 9.999821e-01 8.841039e+00
9.999888e-01 -1.638230e-04 4.719205e-03 2.405280e+00 1.627370e-04 1.000000e+00 2.309299e-04 -3.785021e-01 -4.719154e-03 -2.301627e-04 9.999888e-01 8.883255e+00
9.999988e-01 2.422025e-04 -1.536724e-03 2.407386e+00 -2.427156e-04 9.999999e-01 -3.350073e-04 -3.825508e-01 1.536731e-03 3.353765e-04 9.999987e-01 8.920932e+00
9.999494e-01 -3.009092e-04 1.004926e-02 2.425226e+00 3.010551e-04 1.000000e+00 -1.279889e-05 -3.870754e-01 -1.004917e-02 1.582027e-05 9.999494e-01 9.026253e+00
9.999947e-01 3.127080e-04 -3.244468e-03 2.434394e+00 -3.136432e-04 9.999999e-01 -2.883632e-04 -3.915580e-01 3.244466e-03 2.893760e-04 9.999946e-01 9.125423e+00
9.999646e-01 -3.057864e-04 8.403105e-03 2.452549e+00 3.053183e-04 1.000000e+00 5.722877e-05 -3.968369e-01 -8.403033e-03 -5.466451e-05 9.999646e-01 9.255157e+00
9.999957e-01 3.205263e-04 -2.913208e-03 2.471831e+00 -3.214304e-04 9.999999e-01 -3.106005e-04 -4.020211e-01 2.913198e-03 3.115322e-04 9.999956e-01 9.384945e+00
9.999517e-01 -2.990195e-04 9.817084e-03 2.493656e+00 2.989682e-04 1.000000e+00 6.901996e-06 -4.068871e-01 -9.816996e-03 -3.970079e-06 9.999517e-01 9.501138e+00
9.999734e-01 3.250644e-04 -7.289119e-03 2.485679e+00 -3.260617e-04 9.999999e-01 -1.359272e-04 -4.114258e-01 7.289165e-03 1.382969e-04 9.999734e-01 9.598559e+00
9.999450e-01 -2.895260e-04 1.048037e-02 2.485577e+00 2.896891e-04 1.000000e+00 -1.383696e-05 -4.161261e-01 -1.048028e-02 1.686882e-05 9.999450e-01 9.696036e+00
9.999993e-01 1.760949e-04 1.118322e-03 2.522209e+00 -1.755730e-04 9.999999e-01 -4.648310e-04 -4.208513e-01 -1.118314e-03 4.646309e-04 9.999992e-01 9.817839e+00
9.999452e-01 -3.490730e-04 1.046313e-02 2.555755e+00 3.489035e-04 9.999999e-01 1.823344e-05 -4.254441e-01 -1.046305e-02 -1.458530e-05 9.999452e-01 9.935269e+00
9.999851e-01 3.914002e-04 -5.439622e-03 2.562934e+00 -3.926838e-04 9.999999e-01 -2.353248e-04 -4.297631e-01 5.439620e-03 2.374539e-04 9.999851e-01 1.001336e+01
9.999602e-01 -3.329742e-04 8.911093e-03 2.564855e+00 3.321914e-04 9.999999e-01 8.957646e-05 -4.333021e-01 -8.911031e-03 -8.661620e-05 9.999602e-01 1.003037e+01
9.999752e-01 3.834390e-04 -7.034093e-03 2.565957e+00 -3.846178e-04 9.999999e-01 -1.665522e-04 -4.369444e-01 7.034120e-03 1.692501e-04 9.999752e-01 1.003987e+01
9.999516e-01 -3.265734e-04 9.835084e-03 2.574012e+00 3.261676e-04 9.999999e-01 4.310075e-05 -4.411534e-01 -9.835007e-03 -3.989427e-05 9.999516e-01 1.008890e+01
9.999755e-01 3.926667e-04 -6.980091e-03 2.625276e+00 -3.935573e-04 9.999999e-01 -1.265445e-04 -4.442958e-01 6.980132e-03 1.292850e-04 9.999756e-01 1.004465e+01
9.999817e-01 -2.472511e-04 6.031607e-03 2.773787e+00 2.465796e-04 1.000000e+00 1.124536e-04 -4.448714e-01 -6.031543e-03 -1.109678e-04 9.999817e-01 9.810040e+00
9.999803e-01 3.749371e-04 -6.260658e-03 2.878661e+00 -3.757696e-04 9.999999e-01 -1.321559e-04 -4.464429e-01 6.260700e-03 1.345025e-04 9.999803e-01 9.646933e+00
9.999712e-01 -3.188191e-04 7.580804e-03 2.904174e+00 3.182050e-04 9.999999e-01 8.250961e-05 -4.496389e-01 -7.580738e-03 -8.009846e-05 9.999712e-01 9.617127e+00
9.999828e-01 3.677859e-04 -5.855219e-03 2.909965e+00 -3.686555e-04 9.999999e-01 -1.478182e-04 -4.533722e-01 5.855256e-03 1.499708e-04 9.999828e-01 9.625862e+00
9.999580e-01 -3.003235e-04 9.158385e-03 2.912662e+00 3.004045e-04 1.000000e+00 -7.215234e-06 -4.573850e-01 -9.158290e-03 9.962663e-06 9.999580e-01 9.672779e+00
9.999843e-01 3.620090e-04 -5.589946e-03 2.927844e+00 -3.628563e-04 9.999999e-01 -1.509629e-04 -4.618504e-01 5.589983e-03 1.529854e-04 9.999843e-01 9.738024e+00
9.999860e-01 -3.327337e-04 5.281880e-03 2.932430e+00 3.320738e-04 9.999999e-01 1.262648e-04 -4.665586e-01 -5.281829e-03 -1.245126e-04 9.999860e-01 9.810935e+00
9.999814e-01 3.928987e-04 -6.087521e-03 2.963225e+00 -3.936742e-04 9.999999e-01 -1.265665e-04 -4.704084e-01 6.087562e-03 1.289572e-04 9.999814e-01 9.808746e+00
9.999898e-01 -3.178087e-04 4.502842e-03 2.999764e+00 3.170552e-04 9.999999e-01 1.685646e-04 -4.759155e-01 -4.502803e-03 -1.671387e-04 9.999898e-01 9.889660e+00
9.999801e-01 3.529424e-04 -6.301298e-03 3.025259e+00 -3.536413e-04 9.999999e-01 -1.101533e-04 -4.819351e-01 6.301350e-03 1.123761e-04 9.999801e-01 1.001909e+01
9.999844e-01 -3.103098e-04 5.568580e-03 3.046153e+00 3.097171e-04 9.999999e-01 1.077042e-04 -4.868451e-01 -5.568521e-03 -1.059813e-04 9.999844e-01 1.008767e+01
9.999769e-01 3.492456e-04 -6.790773e-03 3.054317e+00 -3.498722e-04 9.999999e-01 -9.142665e-05 -4.913683e-01 6.790833e-03 9.379700e-05 9.999769e-01 1.013520e+01
9.999854e-01 -3.456292e-04 5.378712e-03 3.051892e+00 3.450156e-04 9.999999e-01 1.154261e-04 -4.964743e-01 -5.378660e-03 -1.135722e-04 9.999855e-01 1.023676e+01
9.999774e-01 3.463021e-04 -6.703429e-03 3.046009e+00 -3.469442e-04 9.999999e-01 -9.496480e-05 -5.014848e-01 6.703487e-03 9.728494e-05 9.999775e-01 1.033700e+01
9.999812e-01 -3.642247e-04 6.109645e-03 3.047992e+00 3.636835e-04 9.999999e-01 9.005341e-05 -5.068059e-01 -6.109585e-03 -8.783322e-05 9.999813e-01 1.046031e+01
9.999723e-01 3.880407e-04 -7.433380e-03 3.046866e+00 -3.886287e-04 9.999999e-01 -7.796560e-05 -5.122164e-01 7.433441e-03 8.084884e-05 9.999723e-01 1.058114e+01
9.999805e-01 -3.705480e-04 6.226812e-03 3.038234e+00 3.700460e-04 9.999999e-01 8.214505e-05 -5.173625e-01 -6.226751e-03 -7.984273e-05 9.999805e-01 1.069129e+01
9.999826e-01 3.673739e-04 -5.877413e-03 3.036381e+00 -3.681544e-04 9.999999e-01 -1.320958e-04 -5.223903e-01 5.877455e-03 1.342538e-04 9.999826e-01 1.080443e+01
9.999916e-01 -3.133419e-04 4.083207e-03 3.032190e+00 3.127189e-04 9.999999e-01 1.537789e-04 -5.278683e-01 -4.083164e-03 -1.525042e-04 9.999916e-01 1.092293e+01
9.999667e-01 4.394441e-04 -8.151242e-03 3.030300e+00 -4.401166e-04 9.999999e-01 -8.098655e-05 -5.326019e-01 8.151297e-03 8.456793e-05 9.999667e-01 1.098273e+01
9.999795e-01 -3.822296e-04 6.388834e-03 3.020537e+00 3.818099e-04 9.999999e-01 6.725653e-05 -5.370431e-01 -6.388768e-03 -6.481931e-05 9.999795e-01 1.103738e+01
9.999648e-01 4.558660e-04 -8.379818e-03 3.008638e+00 -4.566010e-04 9.999999e-01 -8.607430e-05 -5.412596e-01 8.379869e-03 8.989408e-05 9.999648e-01 1.107971e+01
9.999812e-01 -3.821722e-04 6.121887e-03 3.000178e+00 3.817631e-04 9.999999e-01 6.837138e-05 -5.449867e-01 -6.121822e-03 -6.603646e-05 9.999812e-01 1.108813e+01
9.999682e-01 4.231329e-04 -7.955131e-03 2.988887e+00 -4.236905e-04 9.999999e-01 -6.869137e-05 -5.496507e-01 7.955192e-03 7.205627e-05 9.999683e-01 1.115806e+01
9.999936e-01 -3.466729e-04 3.546735e-03 3.001253e+00 3.459488e-04 9.999999e-01 2.054132e-04 -5.558009e-01 -3.546715e-03 -2.041884e-04 9.999936e-01 1.128716e+01
9.999782e-01 4.401379e-04 -6.590026e-03 3.020863e+00 -4.411147e-04 9.999999e-01 -1.471066e-04 -5.614027e-01 6.590051e-03 1.500069e-04 9.999782e-01 1.138345e+01
9.999907e-01 -3.755946e-04 4.298031e-03 3.009608e+00 3.749903e-04 9.999999e-01 1.419288e-04 -5.658394e-01 -4.297994e-03 -1.403192e-04 9.999907e-01 1.143539e+01
9.999942e-01 4.253090e-04 -3.368128e-03 3.010026e+00 -4.259736e-04 9.999999e-01 -1.972822e-04 -5.707583e-01 3.368134e-03 1.987124e-04 9.999942e-01 1.152941e+01
9.999606e-01 -4.786144e-04 8.862705e-03 3.061106e+00 4.792125e-04 9.999999e-01 -6.510725e-05 -5.768941e-01 -8.862582e-03 6.934831e-05 9.999607e-01 1.169522e+01
9.999729e-01 4.863387e-04 -7.338894e-03 3.102582e+00 -4.866759e-04 9.999999e-01 -4.446827e-05 -5.829838e-01 7.338962e-03 4.803529e-05 9.999730e-01 1.184894e+01
9.999569e-01 -4.416573e-04 9.273808e-03 3.109920e+00 4.422540e-04 9.999999e-01 -6.204568e-05 -5.880294e-01 -9.273689e-03 6.614089e-05 9.999569e-01 1.196012e+01
9.999450e-01 5.451861e-04 -1.047248e-02 3.119641e+00 -5.443772e-04 9.999998e-01 7.987133e-05 -5.937806e-01 1.047262e-02 -7.416938e-05 9.999451e-01 1.208234e+01
9.999889e-01 -3.953362e-04 4.679001e-03 3.126145e+00 3.948265e-04 9.999999e-01 1.103339e-04 -5.993835e-01 -4.678954e-03 -1.084887e-04 9.999890e-01 1.218432e+01
9.999979e-01 3.647464e-04 2.002146e-03 3.137401e+00 -3.639652e-04 9.999999e-01 -3.893805e-04 -6.036905e-01 -2.002197e-03 3.886476e-04 9.999978e-01 1.227203e+01
9.999814e-01 -2.544684e-04 -6.087104e-03 3.143876e+00 2.576394e-04 9.999998e-01 5.197780e-04 -6.094130e-01 6.087061e-03 -5.213400e-04 9.999813e-01 1.238972e+01
9.999896e-01 3.992331e-04 4.540681e-03 3.147739e+00 -3.970019e-04 9.999998e-01 -4.917713e-04 -6.147435e-01 -4.540786e-03 4.899601e-04 9.999895e-01 1.249084e+01
9.999935e-01 -4.844783e-04 3.551130e-03 3.162626e+00 4.838666e-04 9.999999e-01 1.737495e-04 -6.191313e-01 -3.551123e-03 -1.720336e-04 9.999936e-01 1.259053e+01
9.999694e-01 3.141917e-04 7.813196e-03 3.189071e+00 -3.094753e-04 9.999998e-01 -6.045571e-04 -6.234443e-01 -7.813292e-03 6.021171e-04 9.999692e-01 1.269673e+01
9.999426e-01 -7.016355e-04 1.068521e-02 3.224642e+00 7.023833e-04 9.999998e-01 -6.601816e-05 -6.269798e-01 -1.068507e-02 7.351591e-05 9.999428e-01 1.279996e+01
9.999371e-01 1.365520e-04 1.120785e-02 3.258859e+00 -1.288023e-04 9.999998e-01 -6.919534e-04 -6.300516e-01 -1.120785e-02 6.904627e-04 9.999369e-01 1.289591e+01
9.999994e-01 -3.405308e-04 9.668211e-04 3.283130e+00 3.402917e-04 9.999999e-01 2.501315e-04 -6.341759e-01 -9.668127e-04 -2.498059e-04 9.999994e-01 1.299498e+01
9.998537e-01 3.319124e-06 1.710436e-02 3.314481e+00 1.260005e-05 9.999996e-01 -9.304536e-04 -6.376558e-01 -1.710427e-02 9.305293e-04 9.998532e-01 1.309306e+01
9.999982e-01 -4.343712e-04 1.849716e-03 3.349047e+00 4.338683e-04 9.999999e-01 2.737245e-04 -6.411491e-01 -1.849740e-03 -2.729252e-04 9.999982e-01 1.318946e+01
9.999798e-01 3.384053e-04 6.339789e-03 3.370233e+00 -3.349287e-04 9.999998e-01 -5.490149e-04 -6.458430e-01 -6.339879e-03 5.468768e-04 9.999797e-01 1.329268e+01
9.999988e-01 -3.566333e-04 1.485787e-03 3.385462e+00 3.562738e-04 9.999999e-01 2.440248e-04 -6.498799e-01 -1.485779e-03 -2.434989e-04 9.999988e-01 1.336535e+01
9.999230e-01 5.319916e-05 1.240935e-02 3.416014e+00 -4.422348e-05 9.999997e-01 -7.233522e-04 -6.539285e-01 -1.240929e-02 7.227439e-04 9.999227e-01 1.346361e+01
9.999995e-01 -2.158707e-04 -8.957425e-04 3.436957e+00 2.161389e-04 9.999999e-01 2.961073e-04 -6.580228e-01 8.957745e-04 -2.963045e-04 9.999995e-01 1.356030e+01
9.999911e-01 2.312497e-04 4.201484e-03 3.429879e+00 -2.293351e-04 9.999999e-01 -4.554870e-04 -6.625632e-01 -4.201493e-03 4.545157e-04 9.999910e-01 1.365897e+01
9.999997e-01 -1.678959e-04 7.409266e-04 3.425297e+00 1.677246e-04 1.000000e+00 2.351136e-04 -6.667897e-01 -7.408699e-04 -2.349930e-04 9.999996e-01 1.374278e+01
9.999374e-01 -5.909496e-06 1.118303e-02 3.445416e+00 1.346272e-05 9.999998e-01 -6.750870e-04 -6.708568e-01 -1.118292e-02 6.751915e-04 9.999372e-01 1.383710e+01
9.999650e-01 7.496483e-05 -8.361539e-03 3.444008e+00 -7.062440e-05 9.999999e-01 5.190344e-04 -6.754768e-01 8.361673e-03 -5.184295e-04 9.999648e-01 1.393107e+01
9.999597e-01 8.913041e-07 8.968455e-03 3.459377e+00 3.752025e-06 9.999999e-01 -5.174014e-04 -6.803164e-01 -8.968357e-03 5.174105e-04 9.999596e-01 1.400968e+01
9.999813e-01 9.654175e-05 -6.115048e-03 3.468506e+00 -9.428232e-05 9.999999e-01 3.692893e-04 -6.846140e-01 6.115180e-03 -3.687096e-04 9.999812e-01 1.407190e+01
9.999517e-01 -9.782182e-05 9.824250e-03 3.474101e+00 1.029446e-04 9.999999e-01 -5.206386e-04 -6.889909e-01 -9.824101e-03 5.216210e-04 9.999515e-01 1.414278e+01
9.998795e-01 2.928004e-04 -1.551771e-02 3.477909e+00 -2.823171e-04 9.999997e-01 6.775648e-04 -6.941595e-01 1.551800e-02 -6.731060e-04 9.998793e-01 1.423380e+01
9.999698e-01 -6.730766e-05 7.762273e-03 3.484842e+00 7.050759e-05 9.999999e-01 -4.115996e-04 -6.994404e-01 -7.762149e-03 4.121307e-04 9.999697e-01 1.431912e+01
9.998439e-01 3.415979e-04 -1.766543e-02 3.485709e+00 -3.298277e-04 9.999997e-01 6.690283e-04 -7.045263e-01 1.766575e-02 -6.631011e-04 9.998437e-01 1.441721e+01
9.999745e-01 -4.205302e-05 7.138576e-03 3.495953e+00 4.429186e-05 9.999999e-01 -3.130782e-04 -7.098194e-01 -7.138467e-03 3.133827e-04 9.999744e-01 1.450787e+01
9.999308e-01 1.177575e-04 -1.175842e-02 3.486663e+00 -1.129783e-04 9.999999e-01 4.068768e-04 -7.152632e-01 1.175856e-02 -4.055239e-04 9.999307e-01 1.461957e+01
9.999800e-01 4.660611e-05 6.311507e-03 3.483742e+00 -4.495144e-05 1.000000e+00 -2.618750e-04 -7.203032e-01 -6.311424e-03 2.615824e-04 9.999800e-01 1.469338e+01
9.999541e-01 3.911147e-05 -9.573751e-03 3.474986e+00 -3.628156e-05 1.000000e+00 2.954733e-04 -7.248121e-01 9.573858e-03 -2.951161e-04 9.999541e-01 1.474905e+01
9.999583e-01 1.172561e-04 9.123815e-03 3.471056e+00 -1.142500e-04 9.999999e-01 -3.296979e-04 -7.290075e-01 -9.123757e-03 3.286381e-04 9.999583e-01 1.479373e+01
9.999632e-01 -4.631421e-05 -8.573168e-03 3.458691e+00 4.848794e-05 1.000000e+00 2.530180e-04 -7.332806e-01 8.573252e-03 -2.534281e-04 9.999632e-01 1.485592e+01
9.999361e-01 -2.498079e-04 1.129705e-02 3.490263e+00 2.540840e-04 9.999999e-01 -3.768437e-04 -7.406233e-01 -1.129686e-02 3.796863e-04 9.999361e-01 1.511887e+01
9.999651e-01 2.477096e-04 -8.350780e-03 3.514867e+00 -2.461544e-04 1.000000e+00 1.869164e-04 -7.467756e-01 8.350922e-03 -1.848580e-04 9.999650e-01 1.529695e+01
9.999795e-01 -1.756945e-04 6.397596e-03 3.487849e+00 1.769638e-04 1.000000e+00 -1.974095e-04 -7.504661e-01 -6.397465e-03 1.985339e-04 9.999795e-01 1.531662e+01
9.999768e-01 1.907194e-04 -6.799776e-03 3.469383e+00 -1.895306e-04 1.000000e+00 1.750531e-04 -7.545857e-01 6.799905e-03 -1.737640e-04 9.999768e-01 1.536860e+01
9.999064e-01 -1.455292e-04 1.367784e-02 3.468339e+00 1.519227e-04 9.999999e-01 -4.661902e-04 -7.587940e-01 -1.367767e-02 4.682208e-04 9.999063e-01 1.545723e+01
9.999962e-01 -9.097259e-06 -2.756914e-03 3.485199e+00 9.260870e-06 1.000000e+00 5.829454e-05 -7.631539e-01 2.757009e-03 -5.832361e-05 9.999961e-01 1.556476e+01
9.999930e-01 2.000369e-05 3.730839e-03 3.471885e+00 -1.953408e-05 1.000000e+00 -1.251462e-04 -7.678280e-01 -3.730746e-03 1.250687e-04 9.999930e-01 1.566558e+01
9.999970e-01 2.622238e-05 -2.430184e-03 3.477837e+00 -2.608387e-05 1.000000e+00 5.584644e-05 -7.732737e-01 2.430282e-03 -5.578664e-05 9.999970e-01 1.579232e+01
9.999906e-01 -1.881782e-05 4.323022e-03 3.476367e+00 1.954749e-05 1.000000e+00 -1.680840e-04 -7.783637e-01 -4.322923e-03 1.681631e-04 9.999906e-01 1.591691e+01
9.999902e-01 2.859762e-06 -4.415921e-03 3.461609e+00 -2.265131e-06 1.000000e+00 1.340070e-04 -7.831886e-01 4.416017e-03 -1.339994e-04 9.999902e-01 1.602690e+01
9.999993e-01 3.739581e-05 1.190625e-03 3.451976e+00 -3.730183e-05 1.000000e+00 -7.655649e-05 -7.887149e-01 -1.190532e-03 7.650825e-05 9.999992e-01 1.614981e+01
9.999591e-01 9.221214e-05 -9.041709e-03 3.447066e+00 -8.942567e-05 9.999999e-01 3.082656e-04 -7.943867e-01 9.041832e-03 -3.074482e-04 9.999590e-01 1.627063e+01
9.999954e-01 7.105321e-05 3.005777e-03 3.451558e+00 -7.075158e-05 1.000000e+00 -9.952572e-05 -8.006163e-01 -3.005689e-03 9.930885e-05 9.999954e-01 1.640868e+01
9.999883e-01 -5.406415e-05 -4.820407e-03 3.442002e+00 5.468636e-05 1.000000e+00 1.283624e-04 -8.059351e-01 4.820496e-03 -1.286283e-04 9.999883e-01 1.652877e+01
9.999934e-01 3.342590e-05 3.634105e-03 3.414137e+00 -3.292950e-05 1.000000e+00 -1.358875e-04 -8.103914e-01 -3.634014e-03 1.357631e-04 9.999933e-01 1.661769e+01
9.999998e-01 -1.574924e-04 5.773072e-04 3.437951e+00 1.575348e-04 1.000000e+00 -6.859013e-05 -8.166198e-01 -5.772007e-04 6.867729e-05 9.999998e-01 1.681239e+01
9.999985e-01 8.672050e-05 1.702537e-03 3.470679e+00 -8.659946e-05 1.000000e+00 -6.950535e-05 -8.235995e-01 -1.702447e-03 6.935404e-05 9.999985e-01 1.704094e+01
9.999532e-01 1.097733e-04 -9.670858e-03 3.478347e+00 -1.069755e-04 1.000000e+00 2.895234e-04 -8.291111e-01 9.670985e-03 -2.884791e-04 9.999531e-01 1.714903e+01
9.999918e-01 3.424014e-04 -4.020219e-03 3.515746e+00 -3.418530e-04 9.999999e-01 1.364027e-04 -8.327836e-01 4.020361e-03 -1.350309e-04 9.999918e-01 1.714739e+01
9.999796e-01 1.948204e-05 -6.387242e-03 3.564789e+00 -1.834016e-05 1.000000e+00 1.784081e-04 -8.365878e-01 6.387341e-03 -1.782910e-04 9.999795e-01 1.713623e+01
9.999973e-01 6.953304e-05 2.306129e-03 3.587688e+00 -6.922474e-05 1.000000e+00 -1.326085e-04 -8.411420e-01 -2.306044e-03 1.324448e-04 9.999973e-01 1.716996e+01
9.999633e-01 1.077975e-04 -8.560582e-03 3.632863e+00 -1.057811e-04 1.000000e+00 2.356851e-04 -8.448661e-01 8.560701e-03 -2.347746e-04 9.999633e-01 1.714248e+01
9.999940e-01 1.296394e-05 3.459492e-03 3.761399e+00 -1.255323e-05 1.000000e+00 -1.179801e-04 -8.465552e-01 -3.459400e-03 1.179322e-04 9.999939e-01 1.697847e+01
9.999766e-01 8.746816e-05 -6.831854e-03 3.911199e+00 -8.623491e-05 1.000000e+00 1.804217e-04 -8.476596e-01 6.831963e-03 -1.798320e-04 9.999766e-01 1.677737e+01
9.999913e-01 3.085443e-05 4.160273e-03 4.108662e+00 -3.028401e-05 1.000000e+00 -1.365494e-04 -8.464363e-01 -4.160183e-03 1.364185e-04 9.999913e-01 1.643958e+01
9.999818e-01 1.384997e-04 -6.029749e-03 4.390408e+00 -1.374264e-04 1.000000e+00 1.779879e-04 -8.416333e-01 6.029868e-03 -1.771597e-04 9.999817e-01 1.587741e+01
9.999937e-01 6.141877e-05 3.550292e-03 4.717895e+00 -6.097765e-05 1.000000e+00 -1.236309e-04 -8.340749e-01 -3.550206e-03 1.234100e-04 9.999936e-01 1.515180e+01
9.999821e-01 1.593744e-04 -5.978035e-03 5.014663e+00 -1.584830e-04 1.000000e+00 1.491574e-04 -8.273076e-01 5.978153e-03 -1.482110e-04 9.999821e-01 1.447569e+01
9.999990e-01 -3.081447e-05 1.362850e-03 5.320353e+00 3.082434e-05 1.000000e+00 -5.340765e-06 -8.206817e-01 -1.362756e-03 5.379119e-06 9.999990e-01 1.381463e+01
9.999750e-01 8.217892e-05 -7.068676e-03 5.576491e+00 -7.944240e-05 9.999999e-01 3.870506e-04 -8.192965e-01 7.068801e-03 -3.864830e-04 9.999749e-01 1.346814e+01
9.999814e-01 7.608399e-05 6.086400e-03 5.793669e+00 -7.363384e-05 9.999999e-01 -4.023750e-04 -8.173100e-01 -6.086336e-03 4.019157e-04 9.999813e-01 1.307494e+01
9.999752e-01 8.730148e-05 -7.031198e-03 5.975150e+00 -8.448094e-05 9.999999e-01 4.010806e-04 -8.167064e-01 7.031326e-03 -4.004803e-04 9.999751e-01 1.276375e+01
9.999829e-01 6.070960e-05 5.839573e-03 6.206337e+00 -5.841226e-05 9.999999e-01 -3.931532e-04 -8.146061e-01 -5.839503e-03 3.928018e-04 9.999828e-01 1.236355e+01
9.999743e-01 9.368479e-06 -7.162283e-03 6.448983e+00 -5.918607e-06 9.999999e-01 4.813388e-04 -8.140734e-01 7.162380e-03 -4.812877e-04 9.999742e-01 1.204865e+01
9.999821e-01 9.162908e-05 5.977403e-03 6.622319e+00 -8.908371e-05 9.999999e-01 -4.256851e-04 -8.157418e-01 -5.977348e-03 4.251414e-04 9.999820e-01 1.186676e+01
9.999737e-01 5.935489e-05 -7.253607e-03 6.781851e+00 -5.628345e-05 9.999999e-01 4.232928e-04 -8.165122e-01 7.253725e-03 -4.228770e-04 9.999735e-01 1.163848e+01
9.999890e-01 4.033176e-05 4.693680e-03 7.027082e+00 -3.936479e-05 1.000000e+00 -2.055849e-04 -8.158536e-01 -4.693595e-03 2.053943e-04 9.999889e-01 1.131727e+01
9.999696e-01 -1.492582e-05 -7.786955e-03 7.296322e+00 1.865360e-05 9.999999e-01 4.783289e-04 -8.149174e-01 7.787040e-03 -4.784632e-04 9.999695e-01 1.098088e+01
9.999858e-01 1.078275e-04 5.314665e-03 7.581947e+00 -1.061761e-04 9.999999e-01 -3.105496e-04 -8.116506e-01 -5.314606e-03 3.099774e-04 9.999858e-01 1.050709e+01
9.999667e-01 4.709606e-06 -8.156943e-03 7.884419e+00 -7.011242e-07 9.999999e-01 4.911214e-04 -8.072094e-01 8.157038e-03 -4.911029e-04 9.999665e-01 9.965440e+00
9.999906e-01 2.510911e-04 4.331206e-03 8.174708e+00 -2.507512e-04 1.000000e+00 -7.847175e-05 -8.065957e-01 -4.331133e-03 7.738147e-05 9.999905e-01 9.645909e+00
9.999866e-01 -1.708893e-04 -5.166334e-03 8.368638e+00 1.725599e-04 9.999999e-01 3.224608e-04 -8.112919e-01 5.166371e-03 -3.233514e-04 9.999865e-01 9.647455e+00
9.999809e-01 9.993496e-05 6.167604e-03 8.592083e+00 -9.916739e-05 1.000000e+00 -1.243762e-04 -8.170479e-01 -6.167524e-03 1.237587e-04 9.999809e-01 9.710190e+00
9.999124e-01 -1.379136e-04 -1.323315e-02 8.789495e+00 1.527528e-04 9.999994e-01 1.120181e-03 -8.260858e-01 1.323308e-02 -1.122108e-03 9.999117e-01 9.971237e+00
9.999674e-01 -4.413190e-05 8.070529e-03 8.922996e+00 4.720816e-05 9.999999e-01 -3.807041e-04 -8.351425e-01 -8.070420e-03 3.810693e-04 9.999673e-01 1.026198e+01
9.997997e-01 9.927049e-05 -2.001458e-02 8.982520e+00 -7.117358e-05 9.999990e-01 1.404414e-03 -8.453475e-01 2.001479e-02 -1.402712e-03 9.997986e-01 1.064134e+01
9.997997e-01 -3.060017e-04 2.000846e-02 9.293665e+00 3.224113e-04 9.999996e-01 -8.168060e-04 -8.528133e-01 -2.000811e-02 8.230901e-04 9.997994e-01 1.080500e+01
9.996649e-01 6.777074e-05 -2.588437e-02 9.460004e+00 -2.456183e-05 9.999986e-01 1.669532e-03 -8.624676e-01 2.588454e-02 -1.668340e-03 9.996635e-01 1.112302e+01
9.998436e-01 -3.529142e-05 1.768483e-02 9.497426e+00 5.355222e-05 9.999995e-01 -1.031981e-03 -8.715167e-01 -1.768470e-02 1.032764e-03 9.998430e-01 1.143995e+01
9.998220e-01 -2.146484e-04 -1.886386e-02 9.571837e+00 2.386730e-04 9.999992e-01 1.271222e-03 -8.799747e-01 1.886366e-02 -1.275501e-03 9.998212e-01 1.171420e+01
9.999943e-01 2.165428e-05 3.365000e-03 9.604321e+00 -2.126523e-05 1.000000e+00 -1.150532e-04 -8.903857e-01 -3.364912e-03 1.149778e-04 9.999943e-01 1.215649e+01
9.998761e-01 8.432581e-05 -1.574131e-02 9.635153e+00 -6.765327e-05 9.999994e-01 1.059559e-03 -9.000972e-01 1.574148e-02 -1.058366e-03 9.998755e-01 1.251621e+01
9.998816e-01 -3.490956e-05 1.538757e-02 9.749378e+00 4.869768e-05 9.999996e-01 -8.955596e-04 -9.072830e-01 -1.538744e-02 8.961998e-04 9.998811e-01 1.269137e+01
9.999166e-01 -1.016152e-04 -1.290953e-02 9.916201e+00 1.144774e-04 9.999995e-01 9.954495e-04 -9.143752e-01 1.290951e-02 -9.968474e-04 9.999161e-01 1.286601e+01
9.999299e-01 -2.088726e-05 1.183938e-02 1.008618e+01 2.905700e-05 9.999998e-01 -6.897162e-04 -9.219651e-01 -1.183927e-02 6.900088e-04 9.999296e-01 1.304331e+01
9.998627e-01 9.356015e-05 -1.657002e-02 1.019042e+01 -7.402309e-05 9.999993e-01 1.179550e-03 -9.302398e-01 1.657021e-02 -1.178165e-03 9.998619e-01 1.327107e+01
9.995709e-01 -6.309422e-04 2.928393e-02 1.042816e+01 6.764192e-04 9.999986e-01 -1.543025e-03 -9.367502e-01 -2.928283e-02 1.562168e-03 9.995699e-01 1.347505e+01
9.997911e-01 1.832806e-04 -2.043490e-02 1.068480e+01 -1.535620e-04 9.999989e-01 1.455763e-03 -9.447534e-01 2.043524e-02 -1.452324e-03 9.997901e-01 1.374300e+01
9.998388e-01 -4.756291e-04 1.794464e-02 1.086792e+01 4.901412e-04 9.999996e-01 -8.042159e-04 -9.542502e-01 -1.794416e-02 8.128786e-04 9.998386e-01 1.406942e+01
9.998763e-01 -1.270091e-04 -1.572511e-02 1.102944e+01 1.467229e-04 9.999992e-01 1.252377e-03 -9.647319e-01 1.572503e-02 -1.254533e-03 9.998755e-01 1.448321e+01
9.999615e-01 -2.820403e-05 8.776166e-03 1.115421e+01 3.229493e-05 9.999999e-01 -4.657809e-04 -9.744051e-01 -8.776062e-03 4.660433e-04 9.999613e-01 1.481874e+01
9.999603e-01 -2.596349e-04 -8.905689e-03 1.133294e+01 2.659720e-04 9.999997e-01 7.101777e-04 -9.824954e-01 8.905593e-03 -7.125212e-04 9.999600e-01 1.503891e+01
9.999427e-01 -1.172473e-04 1.069841e-02 1.155122e+01 1.223225e-04 9.999999e-01 -4.735598e-04 -9.908323e-01 -1.069826e-02 4.748384e-04 9.999426e-01 1.529061e+01
9.999476e-01 -1.874446e-04 -1.023717e-02 1.175278e+01 1.956393e-04 9.999997e-01 7.992948e-04 -9.995634e-01 1.023711e-02 -8.012587e-04 9.999472e-01 1.555693e+01
9.999852e-01 2.490030e-05 5.435472e-03 1.209558e+01 -2.572841e-05 1.000000e+00 1.526280e-04 -1.007868e+00 -5.435378e-03 -1.527686e-04 9.999851e-01 1.575601e+01
9.999737e-01 -1.407649e-04 -7.242872e-03 1.255653e+01 1.469290e-04 9.999996e-01 8.502620e-04 -1.015277e+00 7.242840e-03 -8.513068e-04 9.999733e-01 1.589017e+01
9.999932e-01 4.822180e-05 3.685713e-03 1.286647e+01 -4.803569e-05 1.000000e+00 -5.009975e-05 -1.023546e+00 -3.685625e-03 4.991954e-05 9.999931e-01 1.608538e+01
9.999638e-01 -2.173435e-05 -8.502209e-03 1.317478e+01 2.984153e-05 9.999995e-01 9.531998e-04 -1.031242e+00 8.502274e-03 -9.534218e-04 9.999633e-01 1.624392e+01
9.999944e-01 -3.582782e-04 3.312530e-03 1.344311e+01 3.584655e-04 9.999999e-01 -5.543745e-05 -1.040137e+00 -3.312421e-03 5.662183e-05 9.999944e-01 1.648493e+01
9.999181e-01 -2.564800e-04 -1.279291e-02 1.354733e+01 2.694968e-04 9.999994e-01 1.015652e-03 -1.051527e+00 1.279273e-02 -1.019019e-03 9.999176e-01 1.692164e+01
9.999999e-01 -4.594230e-04 -5.901579e-05 1.361926e+01 4.594389e-04 9.999999e-01 2.416802e-04 -1.063956e+00 5.899346e-05 -2.417100e-04 9.999999e-01 1.746722e+01
9.998784e-01 -4.192330e-04 -1.558754e-02 1.367547e+01 4.392060e-04 9.999991e-01 1.277840e-03 -1.077375e+00 1.558707e-02 -1.284534e-03 9.998776e-01 1.811496e+01
9.999995e-01 -4.270251e-04 -9.269125e-04 1.370913e+01 4.272472e-04 9.999999e-01 2.378870e-04 -1.090861e+00 9.268980e-04 -2.382855e-04 9.999995e-01 1.878524e+01
9.998697e-01 -4.607046e-04 -1.613377e-02 1.375023e+01 4.823616e-04 9.999990e-01 1.338380e-03 -1.104450e+00 1.613322e-02 -1.345990e-03 9.998689e-01 1.946387e+01
9.999928e-01 -3.379068e-05 3.785230e-03 1.374983e+01 3.530400e-05 9.999999e-01 -3.993721e-04 -1.116108e+00 -3.785131e-03 3.995005e-04 9.999927e-01 2.000078e+01
9.998890e-01 -4.954159e-04 -1.488800e-02 1.377091e+01 5.150886e-04 9.999990e-01 1.317481e-03 -1.126922e+00 1.488742e-02 -1.325006e-03 9.998882e-01 2.048756e+01
