9.994501e-01 -8.932325e-04 3.314753e-02 3.791150e-02 9.310383e-04 9.999989e-01 -1.125114e-03 -1.609192e-02 -3.314649e-02 1.155357e-03 9.994497e-01 6.068656e-01
9.999968e-01 5.979103e-05 -2.536097e-03 7.261538e-02 -5.957631e-05 1.000000e+00 8.473922e-05 -3.089628e-02 2.536108e-03 -8.458760e-05 9.999967e-01 1.158293e+00
9.991018e-01 -1.117059e-03 4.235867e-02 1.260345e-01 1.179115e-03 9.999983e-01 -1.440047e-03 -4.664497e-02 -4.235698e-02 1.488699e-03 9.991013e-01 1.731195e+00
9.999774e-01 1.680200e-04 -6.720855e-03 1.772179e-01 -1.664556e-04 1.000000e+00 2.333253e-04 -6.259260e-02 6.720908e-03 -2.322013e-04 9.999773e-01 2.312100e+00
9.985775e-01 -1.378111e-03 5.330125e-02 2.462089e-01 1.476537e-03 9.999973e-01 -1.807271e-03 -7.939889e-02 -5.329860e-02 1.883401e-03 9.985767e-01 2.914610e+00
9.999301e-01 3.058892e-04 -1.181974e-02 3.059977e-01 -3.009663e-04 9.999999e-01 4.182657e-04 -9.658000e-02 1.181989e-02 -4.146795e-04 9.999300e-01 3.541403e+00
9.984538e-01 -1.441580e-03 5.556873e-02 3.615019e-01 1.549141e-03 9.999970e-01 -1.892608e-03 -1.118075e-01 -5.556581e-02 1.975765e-03 9.984530e-01 4.098246e+00
9.999660e-01 2.138222e-04 -8.245884e-03 4.136275e-01 -2.114879e-04 9.999999e-01 2.839497e-04 -1.257755e-01 8.245975e-03 -2.821968e-04 9.999659e-01 4.606199e+00
9.986280e-01 -1.366006e-03 5.234644e-02 4.779463e-01 1.460930e-03 9.999974e-01 -1.775163e-03 -1.418338e-01 -5.234384e-02 1.849201e-03 9.986273e-01 5.182073e+00
9.999919e-01 1.092454e-04 -4.027836e-03 5.299795e-01 -1.087274e-04 1.000000e+00 1.287677e-04 -1.563079e-01 4.027890e-03 -1.283297e-04 9.999918e-01 5.714190e+00
9.986692e-01 -1.345591e-03 5.155654e-02 6.044595e-01 1.436893e-03 9.999975e-01 -1.733872e-03 -1.738303e-01 -5.155403e-02 1.805645e-03 9.986685e-01 6.341707e+00
9.998276e-01 4.885772e-04 -1.856143e-02 6.534641e-01 -4.765904e-04 9.999997e-01 6.501860e-04 -1.918210e-01 1.856179e-02 -6.412290e-04 9.998274e-01 7.008269e+00
9.982230e-01 -1.526217e-03 5.956986e-02 7.238516e-01 1.647964e-03 9.999967e-01 -1.994681e-03 -2.119950e-01 -5.956656e-02 2.089304e-03 9.982221e-01 7.739373e+00
9.999414e-01 2.733037e-04 -1.082216e-02 7.865851e-01 -2.694274e-04 9.999999e-01 3.595902e-04 -2.290203e-01 1.082232e-02 -3.566550e-04 9.999413e-01 8.367797e+00
9.985479e-01 -1.386292e-03 5.385226e-02 8.606937e-01 1.484780e-03 9.999973e-01 -1.788874e-03 -2.481620e-01 -5.384958e-02 1.866234e-03 9.985472e-01 9.057138e+00
9.998192e-01 5.009076e-04 -1.900731e-02 9.127343e-01 -4.882365e-04 9.999997e-01 6.712360e-04 -2.711421e-01 1.900770e-02 -6.618365e-04 9.998190e-01 9.919974e+00
9.986640e-01 -1.330447e-03 5.165654e-02 9.496132e-01 1.420561e-03 9.999975e-01 -1.707788e-03 -2.950094e-01 -5.165407e-02 1.778886e-03 9.986634e-01 1.084181e+01
9.999385e-01 2.837666e-04 -1.108122e-02 1.012161e+00 -2.796320e-04 9.999999e-01 3.745874e-04 -3.170270e-01 1.108139e-02 -3.714679e-04 9.999384e-01 1.165919e+01
9.988264e-01 -1.249872e-03 4.841665e-02 1.069497e+00 1.328452e-03 9.999979e-01 -1.590825e-03 -3.406442e-01 -4.841448e-02 1.653275e-03 9.988259e-01 1.254113e+01
9.999164e-01 3.285676e-04 -1.292795e-02 1.117129e+00 -3.230420e-04 9.999999e-01 4.294178e-04 -3.614534e-01 1.292816e-02 -4.252080e-04 9.999163e-01 1.332400e+01
9.983271e-01 -1.485151e-03 5.779929e-02 1.171416e+00 1.599738e-03 9.999968e-01 -1.936270e-03 -3.773166e-01 -5.779615e-02 2.025492e-03 9.983263e-01 1.390640e+01
9.996843e-01 6.530484e-04 -2.511604e-02 1.225889e+00 -6.308556e-04 9.999994e-01 8.914708e-04 -3.963455e-01 2.511668e-02 -8.753474e-04 9.996841e-01 1.460702e+01
9.992475e-01 -1.023421e-03 3.877273e-02 1.238357e+00 1.073742e-03 9.999986e-01 -1.277019e-03 -4.180228e-01 -3.877129e-02 1.317687e-03 9.992472e-01 1.545232e+01
9.997179e-01 6.125358e-04 -2.374087e-02 1.314475e+00 -5.931270e-04 9.999995e-01 8.245012e-04 -4.378561e-01 2.374144e-02 -8.101900e-04 9.997177e-01 1.612147e+01
9.993082e-01 -9.815768e-04 3.717732e-02 1.377320e+00 1.027651e-03 9.999987e-01 -1.220193e-03 -4.581873e-01 -3.717599e-02 1.257551e-03 9.993079e-01 1.682964e+01
9.995854e-01 7.521505e-04 -2.878368e-02 1.372953e+00 -7.229162e-04 9.999992e-01 1.025996e-03 -4.803939e-01 2.878451e-02 -1.004765e-03 9.995851e-01 1.772578e+01
9.992830e-01 -9.994875e-04 3.784698e-02 1.359060e+00 1.047241e-03 9.999987e-01 -1.241899e-03 -5.024245e-01 -3.784560e-02 1.280641e-03 9.992827e-01 1.863179e+01
9.998807e-01 3.960160e-04 -1.544098e-02 1.368757e+00 -3.876692e-04 9.999998e-01 5.434461e-04 -5.226148e-01 1.544128e-02 -5.373981e-04 9.998806e-01 1.944060e+01
9.995953e-01 -7.639351e-04 2.843669e-02 1.356958e+00 7.900910e-04 9.999993e-01 -9.085144e-04 -5.444176e-01 -2.843589e-02 9.306113e-04 9.995951e-01 2.033796e+01
9.998704e-01 4.250526e-04 -1.609294e-02 1.340430e+00 -4.157250e-04 9.999997e-01 5.828440e-04 -5.709515e-01 1.609327e-02 -5.760812e-04 9.998703e-01 2.144107e+01
9.997371e-01 -6.396796e-04 2.292102e-02 1.373385e+00 6.565621e-04 9.999995e-01 -7.289620e-04 -5.958980e-01 -2.292045e-02 7.438163e-04 9.997369e-01 2.238929e+01
9.998532e-01 4.559786e-04 -1.712384e-02 1.314019e+00 -4.452204e-04 9.999997e-01 6.319690e-04 -6.195632e-01 1.712421e-02 -6.242554e-04 9.998531e-01 2.343797e+01
9.995151e-01 -8.385107e-04 3.112679e-02 1.274622e+00 8.705907e-04 9.999991e-01 -1.017031e-03 -6.440365e-01 -3.112582e-02 1.043633e-03 9.995149e-01 2.449402e+01
9.996346e-01 7.204450e-04 -2.702160e-02 1.152286e+00 -6.931107e-04 9.999992e-01 1.020857e-03 -6.707393e-01 2.702240e-02 -1.001758e-03 9.996343e-01 2.577607e+01
9.994950e-01 -8.655436e-04 3.176286e-02 1.081274e+00 8.999344e-04 9.999990e-01 -1.068404e-03 -6.947958e-01 -3.176182e-02 1.096446e-03 9.994948e-01 2.685913e+01
9.995506e-01 7.960314e-04 -2.996354e-02 1.007518e+00 -7.623752e-04 9.999991e-01 1.134584e-03 -7.187318e-01 2.996450e-02 -1.111234e-03 9.995503e-01 2.793667e+01
9.994935e-01 -8.646770e-04 3.181024e-02 9.017412e-01 8.996156e-04 9.999990e-01 -1.083994e-03 -7.394998e-01 -3.180918e-02 1.112059e-03 9.994933e-01 2.893340e+01
9.995577e-01 7.961020e-04 -2.972628e-02 7.579816e-01 -7.629450e-04 9.999991e-01 1.126677e-03 -7.592047e-01 2.972724e-02 -1.103502e-03 9.995574e-01 2.994403e+01
9.994706e-01 -8.848438e-04 3.252273e-02 5.857697e-01 9.218485e-04 9.999989e-01 -1.122781e-03 -7.765262e-01 -3.252161e-02 1.152165e-03 9.994703e-01 3.089341e+01
9.995992e-01 7.536252e-04 -2.830048e-02 5.042482e-01 -7.233727e-04 9.999992e-01 1.079131e-03 -7.971784e-01 2.830136e-02 -1.058230e-03 9.995988e-01 3.184773e+01
9.994462e-01 -9.102561e-04 3.326425e-02 3.674865e-01 9.491853e-04 9.999989e-01 -1.154477e-03 -8.149967e-01 -3.326307e-02 1.185408e-03 9.994459e-01 3.276758e+01
9.994884e-01 8.756521e-04 -3.196989e-02 1.550249e-01 -8.361518e-04 9.999989e-01 1.248837e-03 -8.349896e-01 3.197103e-02 -1.221470e-03 9.994880e-01 3.389740e+01
9.994896e-01 -8.830801e-04 3.193307e-02 -4.240568e-02 9.201015e-04 9.999989e-01 -1.144614e-03 -8.523605e-01 -3.193194e-02 1.173408e-03 9.994893e-01 3.488495e+01
9.994781e-01 8.481971e-04 -3.229310e-02 -6.029326e-02 -8.094808e-04 9.999989e-01 1.211901e-03 -8.667033e-01 3.229418e-02 -1.185131e-03 9.994776e-01 3.545716e+01
9.994894e-01 -8.779520e-04 3.193928e-02 -9.794014e-02 9.149452e-04 9.999989e-01 -1.143586e-03 -8.812283e-01 -3.193815e-02 1.172222e-03 9.994891e-01 3.607102e+01
9.996989e-01 6.563379e-04 -2.452773e-02 -3.024688e-01 -6.326510e-04 9.999993e-01 9.733877e-04 -8.955661e-01 2.452844e-02 -9.575802e-04 9.996986e-01 3.694608e+01
9.995665e-01 -8.174436e-04 2.942847e-02 -3.626325e-01 8.484711e-04 9.999991e-01 -1.041808e-03 -9.159657e-01 -2.942751e-02 1.066322e-03 9.995663e-01 3.786161e+01
9.996756e-01 6.880427e-04 -2.545820e-02 -4.714945e-01 -6.624955e-04 9.999993e-01 1.011842e-03 -9.364367e-01 2.545896e-02 -9.946509e-04 9.996753e-01 3.885393e+01
9.993950e-01 -9.522131e-04 3.476556e-02 -5.094802e-01 9.956602e-04 9.999987e-01 -1.232375e-03 -9.584914e-01 -3.476425e-02 1.266241e-03 9.993947e-01 3.980196e+01
9.997534e-01 6.040106e-04 -2.219789e-02 -4.971152e-01 -5.846273e-04 9.999994e-01 8.795945e-04 -9.786162e-01 2.219850e-02 -8.664033e-04 9.997531e-01 4.058714e+01
9.992428e-01 -1.054951e-03 3.889384e-02 -4.973585e-01 1.109436e-03 9.999984e-01 -1.379274e-03 -9.983516e-01 -3.889224e-02 1.421377e-03 9.992423e-01 4.138730e+01
9.997551e-01 6.056941e-04 -2.211945e-02 -5.593370e-01 -5.860545e-04 9.999994e-01 8.942623e-04 -1.019275e+00 2.212007e-02 -8.810834e-04 9.997549e-01 4.233648e+01
9.995816e-01 -8.099561e-04 2.891218e-02 -8.347394e-01 8.417506e-04 9.999991e-01 -1.087470e-03 -1.028563e+00 -2.891118e-02 1.111349e-03 9.995813e-01 4.309868e+01
9.997031e-01 6.758967e-04 -2.435513e-02 -1.026590e+00 -6.516498e-04 9.999993e-01 1.003388e-03 -1.044169e+00 2.435588e-02 -9.872228e-04 9.997028e-01 4.400204e+01
9.991555e-01 -1.144198e-03 4.107279e-02 -9.421297e-01 1.208289e-03 9.999981e-01 -1.535591e-03 -1.057985e+00 -4.107087e-02 1.583919e-03 9.991549e-01 4.443240e+01
9.994297e-01 9.689286e-04 -3.375427e-02 -4.058226e-01 -9.253124e-04 9.999987e-01 1.307699e-03 -1.079733e+00 3.375558e-02 -1.275723e-03 9.994292e-01 4.451418e+01
9.993350e-01 -1.064192e-03 3.644563e-02 -3.483124e-01 1.111942e-03 9.999985e-01 -1.289877e-03 -1.102013e+00 -3.644411e-02 1.329541e-03 9.993347e-01 4.529931e+01
9.994511e-01 9.768461e-04 -3.311221e-02 -4.514767e-01 -9.332773e-04 9.999987e-01 1.331151e-03 -1.128942e+00 3.311355e-02 -1.299521e-03 9.994507e-01 4.655502e+01
9.993539e-01 -1.059873e-03 3.592537e-02 -5.399188e-01 1.106433e-03 9.999986e-01 -1.276117e-03 -1.155838e+00 -3.592388e-02 1.315038e-03 9.993536e-01 4.778308e+01
9.994617e-01 9.775858e-04 -3.279300e-02 -6.428189e-01 -9.341201e-04 9.999987e-01 1.340678e-03 -1.185463e+00 3.279436e-02 -1.309327e-03 9.994612e-01 4.915287e+01
9.994293e-01 -1.013299e-03 3.376395e-02 -7.658100e-01 1.054235e-03 9.999987e-01 -1.194587e-03 -1.217154e+00 -3.376261e-02 1.229497e-03 9.994291e-01 5.064018e+01
9.994281e-01 1.006406e-03 -3.379817e-02 -8.620445e-01 -9.608946e-04 9.999986e-01 1.362718e-03 -1.248759e+00 3.379958e-02 -1.329465e-03 9.994277e-01 5.207480e+01
9.994051e-01 -1.042120e-03 3.447278e-02 -9.420713e-01 1.084954e-03 9.999987e-01 -1.223816e-03 -1.279365e+00 -3.447136e-02 1.260486e-03 9.994048e-01 5.344087e+01
9.997073e-01 7.742330e-04 -2.417766e-02 -1.013431e+00 -7.498895e-04 9.999992e-01 1.015811e-03 -1.313336e+00 2.417852e-02 -9.973869e-04 9.997071e-01 5.493793e+01
9.991017e-01 -1.224939e-03 4.235916e-02 -1.014402e+00 1.290535e-03 9.999980e-01 -1.521206e-03 -1.345770e+00 -4.235711e-02 1.574502e-03 9.991012e-01 5.625826e+01
9.997080e-01 7.763037e-04 -2.415103e-02 -1.056583e+00 -7.510898e-04 9.999992e-01 1.052958e-03 -1.384039e+00 2.415192e-02 -1.034515e-03 9.997077e-01 5.789565e+01
9.996349e-01 -8.856695e-04 2.700258e-02 -1.122677e+00 9.119469e-04 9.999991e-01 -9.607565e-04 -1.421544e+00 -2.700161e-02 9.850272e-04 9.996348e-01 5.953120e+01
9.997275e-01 7.577223e-04 -2.332783e-02 -1.173642e+00 -7.351722e-04 9.999993e-01 9.751152e-04 -1.451182e+00 2.332865e-02 -9.577030e-04 9.997273e-01 6.080948e+01
9.997340e-01 -8.046688e-04 2.304859e-02 -1.183655e+00 8.244277e-04 9.999993e-01 -8.476776e-04 -1.480874e+00 -2.304780e-02 8.664505e-04 9.997339e-01 6.201422e+01
9.997231e-01 7.620180e-04 -2.351615e-02 -1.180210e+00 -7.390942e-04 9.999992e-01 9.833837e-04 -1.511813e+00 2.351698e-02 -9.657341e-04 9.997229e-01 6.324663e+01
9.997127e-01 -8.267605e-04 2.395188e-02 -1.199380e+00 8.472798e-04 9.999993e-01 -8.464570e-04 -1.546807e+00 -2.395107e-02 8.665043e-04 9.997127e-01 6.469244e+01
9.997479e-01 7.447707e-04 -2.243915e-02 -1.243029e+00 -7.239402e-04 9.999993e-01 9.363102e-04 -1.577155e+00 2.243993e-02 -9.198329e-04 9.997477e-01 6.598610e+01
9.995525e-01 -9.616634e-04 2.989544e-02 -1.194252e+00 9.952211e-04 9.999989e-01 -1.107567e-03 -1.603544e+00 -2.989424e-02 1.136820e-03 9.995524e-01 6.695954e+01
9.997389e-01 7.550183e-04 -2.283453e-02 -1.164382e+00 -7.333879e-04 9.999993e-01 9.555131e-04 -1.628908e+00 2.283533e-02 -9.385205e-04 9.997387e-01 6.792493e+01
9.996936e-01 -8.471274e-04 2.473584e-02 -1.215932e+00 8.696999e-04 9.999992e-01 -9.017010e-04 -1.654357e+00 -2.473496e-02 9.229340e-04 9.996936e-01 6.902672e+01
9.997534e-01 7.345066e-04 -2.219226e-02 -1.212881e+00 -7.141297e-04 9.999993e-01 9.259964e-04 -1.680555e+00 2.219302e-02 -9.099234e-04 9.997532e-01 7.006688e+01
9.996517e-01 -8.851427e-04 2.637583e-02 -1.217682e+00 9.107848e-04 9.999991e-01 -9.600964e-04 -1.706706e+00 -2.637486e-02 9.837811e-04 9.996516e-01 7.111973e+01
9.997455e-01 7.525761e-04 -2.254687e-02 -1.264110e+00 -7.311873e-04 9.999993e-01 9.567514e-04 -1.734306e+00 2.254767e-02 -9.400254e-04 9.997453e-01 7.230630e+01
9.997255e-01 -8.104450e-04 2.341402e-02 -1.356367e+00 8.304360e-04 9.999993e-01 -8.439888e-04 -1.763024e+00 -2.341322e-02 8.631974e-04 9.997254e-01 7.361437e+01
9.997478e-01 7.503607e-04 -2.244139e-02 -1.447329e+00 -7.289062e-04 9.999993e-01 9.640702e-04 -1.793745e+00 2.244220e-02 -9.474729e-04 9.997476e-01 7.500495e+01
9.997211e-01 -8.195071e-04 2.360213e-02 -1.523692e+00 8.399538e-04 9.999993e-01 -8.563057e-04 -1.823287e+00 -2.360131e-02 8.758880e-04 9.997210e-01 7.632152e+01
9.997446e-01 7.513263e-04 -2.258542e-02 -1.582817e+00 -7.301750e-04 9.999993e-01 9.446163e-04 -1.848829e+00 2.258621e-02 -9.278871e-04 9.997444e-01 7.743970e+01
9.997427e-01 -7.992482e-04 2.266672e-02 -1.631652e+00 8.184451e-04 9.999993e-01 -8.375500e-04 -1.874162e+00 -2.266594e-02 8.558825e-04 9.997427e-01 7.852926e+01
9.997528e-01 7.434820e-04 -2.221769e-02 -1.681586e+00 -7.227466e-04 9.999993e-01 9.411821e-04 -1.900323e+00 2.221847e-02 -9.248951e-04 9.997526e-01 7.965637e+01
9.997348e-01 -8.113412e-04 2.301268e-02 -1.730647e+00 8.312249e-04 9.999993e-01 -8.543750e-04 -1.925000e+00 -2.301188e-02 8.732736e-04 9.997347e-01 8.072029e+01
9.997771e-01 7.122899e-04 -2.109791e-02 -1.755055e+00 -6.932040e-04 9.999993e-01 9.118084e-04 -1.953038e+00 2.109864e-02 -8.969835e-04 9.997769e-01 8.188269e+01
9.997250e-01 -8.249012e-04 2.343325e-02 -1.750522e+00 8.455188e-04 9.999993e-01 -8.698434e-04 -1.981370e+00 -2.343242e-02 8.894140e-04 9.997250e-01 8.301039e+01
9.997446e-01 7.483317e-04 -2.258730e-02 -1.751745e+00 -7.269177e-04 9.999993e-01 9.561355e-04 -2.007619e+00 2.258810e-02 -9.394755e-04 9.997444e-01 8.405886e+01
9.997229e-01 -8.256993e-04 2.352512e-02 -1.771642e+00 8.463909e-04 9.999993e-01 -8.695053e-04 -2.034021e+00 -2.352429e-02 8.891722e-04 9.997228e-01 8.514574e+01
9.997597e-01 7.362847e-04 -2.190926e-02 -1.804468e+00 -7.157115e-04 9.999993e-01 9.467233e-04 -2.061987e+00 2.191003e-02 -9.308184e-04 9.997594e-01 8.632235e+01
9.997369e-01 -8.206859e-04 2.291944e-02 -1.802543e+00 8.407805e-04 9.999993e-01 -8.670212e-04 -2.088688e+00 -2.291861e-02 8.860599e-04 9.997369e-01 8.738418e+01
9.997496e-01 7.592778e-04 -2.236270e-02 -1.835312e+00 -7.378196e-04 9.999993e-01 9.676730e-04 -2.114844e+00 2.236351e-02 -9.509345e-04 9.997494e-01 8.848257e+01
9.997325e-01 -8.209719e-04 2.311119e-02 -1.899809e+00 8.414742e-04 9.999993e-01 -8.772952e-04 -2.139281e+00 -2.311035e-02 8.965045e-04 9.997325e-01 8.956330e+01
9.997497e-01 7.560655e-04 -2.236044e-02 -1.944962e+00 -7.348076e-04 9.999993e-01 9.587751e-04 -2.162713e+00 2.236125e-02 -9.421079e-04 9.997494e-01 9.056800e+01
9.997335e-01 -8.211608e-04 2.307113e-02 -1.997754e+00 8.412111e-04 9.999993e-01 -8.592661e-04 -2.189387e+00 -2.307031e-02 8.784413e-04 9.997334e-01 9.172255e+01
9.997610e-01 7.484889e-04 -2.184747e-02 -2.060780e+00 -7.281036e-04 9.999993e-01 9.408953e-04 -2.214544e+00 2.184826e-02 -9.247666e-04 9.997608e-01 9.283198e+01
9.997108e-01 -8.470548e-04 2.403107e-02 -2.123498e+00 8.688750e-04 9.999992e-01 -8.974713e-04 -2.239181e+00 -2.403019e-02 9.180883e-04 9.997107e-01 9.391986e+01
9.997707e-01 7.432990e-04 -2.140025e-02 -2.206960e+00 -7.239652e-04 9.999993e-01 9.110470e-04 -2.260769e+00 2.140101e-02 -8.953484e-04 9.997705e-01 9.491592e+01
9.997304e-01 -8.303682e-04 2.320270e-02 -2.290219e+00 8.508921e-04 9.999993e-01 -8.745843e-04 -2.281268e+00 -2.320187e-02 8.940880e-04 9.997303e-01 9.586371e+01
9.997741e-01 7.369647e-04 -2.123839e-02 -2.344879e+00 -7.176793e-04 9.999993e-01 9.155273e-04 -2.305163e+00 2.123914e-02 -9.000816e-04 9.997740e-01 9.690452e+01
9.997159e-01 -8.462906e-04 2.381943e-02 -2.401692e+00 8.677368e-04 9.999992e-01 -8.899404e-04 -2.330145e+00 -2.381856e-02 9.103530e-04 9.997158e-01 9.799563e+01
9.997451e-01 7.719758e-04 -2.256212e-02 -2.455051e+00 -7.501759e-04 9.999992e-01 9.745432e-04 -2.356743e+00 2.256295e-02 -9.573727e-04 9.997449e-01 9.914827e+01
9.996052e-01 -9.439086e-04 2.807841e-02 -2.524489e+00 9.737304e-04 9.999990e-01 -1.048347e-03 -2.381675e+00 -2.807729e-02 1.075270e-03 9.996051e-01 1.002629e+02
9.996945e-01 8.290644e-04 -2.470102e-02 -2.590487e+00 -8.031654e-04 9.999991e-01 1.058291e-03 -2.407484e+00 2.470198e-02 -1.038132e-03 9.996943e-01 1.014065e+02
9.996040e-01 -9.539467e-04 2.812200e-02 -2.625815e+00 9.837239e-04 9.999990e-01 -1.044952e-03 -2.435160e+00 -2.812088e-02 1.072199e-03 9.996039e-01 1.025757e+02
9.996477e-01 8.848113e-04 -2.652449e-02 -2.694854e+00 -8.550141e-04 9.999990e-01 1.134599e-03 -2.462742e+00 2.652556e-02 -1.111524e-03 9.996475e-01 1.037984e+02
9.996059e-01 -9.592013e-04 2.805482e-02 -2.749893e+00 9.894001e-04 9.999989e-01 -1.062472e-03 -2.487607e+00 -2.805368e-02 1.089807e-03 9.996058e-01 1.048821e+02
9.997877e-01 7.436612e-04 -2.058986e-02 -2.749486e+00 -7.252116e-04 9.999993e-01 9.033724e-04 -2.513481e+00 2.059061e-02 -8.882520e-04 9.997875e-01 1.059188e+02
9.993346e-01 -1.165570e-03 3.645310e-02 -2.735047e+00 1.215573e-03 9.999984e-01 -1.349486e-03 -2.538758e+00 -3.645137e-02 1.392896e-03 9.993344e-01 1.069170e+02
9.998525e-01 6.651103e-04 -1.716251e-02 -2.749952e+00 -6.516572e-04 9.999995e-01 7.892764e-04 -2.565447e+00 1.716313e-02 -7.779794e-04 9.998523e-01 1.080254e+02
9.996629e-01 -9.167473e-04 2.594546e-02 -2.790060e+00 9.426998e-04 9.999991e-01 -9.879496e-04 -2.591288e+00 -2.594443e-02 1.012072e-03 9.996628e-01 1.091342e+02
9.997100e-01 8.279705e-04 -2.406410e-02 -2.829060e+00 -8.025637e-04 9.999991e-01 1.065310e-03 -2.620237e+00 2.406506e-02 -1.045692e-03 9.997098e-01 1.103623e+02
9.995881e-01 -9.763015e-04 2.868177e-02 -2.848874e+00 1.008386e-03 9.999989e-01 -1.104098e-03 -2.646693e+00 -2.868057e-02 1.132562e-03 9.995879e-01 1.114570e+02
9.998009e-01 7.333211e-04 -1.993769e-02 -2.883881e+00 -7.153708e-04 9.999993e-01 9.072872e-04 -2.672619e+00 1.993844e-02 -8.928472e-04 9.998008e-01 1.125594e+02
9.997270e-01 -8.587332e-04 2.334719e-02 -2.958665e+00 8.797038e-04 9.999992e-01 -8.878313e-04 -2.701368e+00 -2.334631e-02 9.081240e-04 9.997270e-01 1.138407e+02
9.997864e-01 7.568101e-04 -2.065290e-02 -3.044364e+00 -7.374775e-04 9.999993e-01 9.435260e-04 -2.730696e+00 2.065369e-02 -9.280970e-04 9.997862e-01 1.151654e+02
9.996474e-01 -9.360078e-04 2.653557e-02 -3.112868e+00 9.635826e-04 9.999990e-01 -1.026289e-03 -2.756741e+00 -2.653449e-02 1.051493e-03 9.996473e-01 1.163272e+02
9.996845e-01 8.682942e-04 -2.510212e-02 -3.180651e+00 -8.406168e-04 9.999990e-01 1.113002e-03 -2.782486e+00 2.510316e-02 -1.091553e-03 9.996842e-01 1.174707e+02
9.996719e-01 -9.135418e-04 2.559814e-02 -3.254605e+00 9.398778e-04 9.999990e-01 -1.016700e-03 -2.805441e+00 -2.559708e-02 1.040422e-03 9.996717e-01 1.185043e+02
9.996909e-01 8.509705e-04 -2.484444e-02 -3.290340e+00 -8.249787e-04 9.999991e-01 1.056291e-03 -2.821601e+00 2.484541e-02 -1.035472e-03 9.996907e-01 1.191832e+02
9.996723e-01 -9.120111e-04 2.557922e-02 -3.329212e+00 9.378668e-04 9.999991e-01 -9.987179e-04 -2.840102e+00 -2.557819e-02 1.022377e-03 9.996722e-01 1.199697e+02
9.997020e-01 8.522991e-04 -2.439642e-02 -3.409919e+00 -8.264712e-04 9.999991e-01 1.068611e-03 -2.862027e+00 2.439741e-02 -1.048133e-03 9.997017e-01 1.209731e+02
9.997110e-01 -8.597395e-04 2.402129e-02 -3.449040e+00 8.835956e-04 9.999991e-01 -9.824082e-04 -2.880083e+00 -2.402032e-02 1.003346e-03 9.997109e-01 1.217319e+02
9.996947e-01 8.646979e-04 -2.469187e-02 -3.501528e+00 -8.380119e-04 9.999991e-01 1.090961e-03 -2.900025e+00 2.469289e-02 -1.069940e-03 9.996945e-01 1.226030e+02
9.996791e-01 -9.193050e-04 2.531461e-02 -3.553367e+00 9.452097e-04 9.999990e-01 -1.011250e-03 -2.921936e+00 -2.531355e-02 1.034850e-03 9.996790e-01 1.235546e+02
9.997016e-01 8.534535e-04 -2.440976e-02 -3.578239e+00 -8.271080e-04 9.999991e-01 1.089252e-03 -2.945681e+00 2.441076e-02 -1.068741e-03 9.997014e-01 1.245379e+02
9.996574e-01 -9.397837e-04 2.615597e-02 -3.613160e+00 9.672575e-04 9.999990e-01 -1.037642e-03 -2.969609e+00 -2.615487e-02 1.062583e-03 9.996573e-01 1.255478e+02
9.998568e-01 6.515949e-04 -1.690793e-02 -3.598924e+00 -6.384478e-04 9.999995e-01 7.827777e-04 -2.987960e+00 1.690853e-02 -7.718744e-04 9.998567e-01 1.262481e+02
9.997182e-01 -8.689331e-04 2.371973e-02 -3.603394e+00 8.916528e-04 9.999992e-01 -9.471545e-04 -3.008077e+00 -2.371879e-02 9.680338e-04 9.997181e-01 1.270518e+02
9.998755e-01 6.284892e-04 -1.576249e-02 -3.512002e+00 -6.170529e-04 9.999995e-01 7.301880e-04 -3.030188e+00 1.576304e-02 -7.203744e-04 9.998754e-01 1.277826e+02
9.996726e-01 -8.951205e-04 2.557061e-02 -3.264421e+00 9.219735e-04 9.999990e-01 -1.038261e-03 -3.052750e+00 -2.556956e-02 1.061493e-03 9.996724e-01 1.283031e+02
9.997718e-01 7.535659e-04 -2.134559e-02 -3.221098e+00 -7.330988e-04 9.999993e-01 9.665007e-04 -3.073644e+00 2.134640e-02 -9.506354e-04 9.997716e-01 1.290553e+02
9.995967e-01 -9.686458e-04 2.838081e-02 -3.230752e+00 1.001162e-03 9.999989e-01 -1.131430e-03 -3.094210e+00 -2.837958e-02 1.159384e-03 9.995965e-01 1.298845e+02
9.997181e-01 8.159369e-04 -2.372540e-02 -3.174903e+00 -7.913428e-04 9.999991e-01 1.045846e-03 -3.115125e+00 2.372633e-02 -1.026780e-03 9.997179e-01 1.306164e+02
9.995048e-01 -1.043718e-03 3.144950e-02 -3.116823e+00 1.083530e-03 9.999986e-01 -1.248780e-03 -3.134161e+00 -3.144805e-02 1.282234e-03 9.995045e-01 1.312704e+02
9.997523e-01 7.693058e-04 -2.224020e-02 -3.177939e+00 -7.471400e-04 9.999992e-01 1.004795e-03 -3.150573e+00 2.224105e-02 -9.879337e-04 9.997521e-01 1.320098e+02
9.995439e-01 -1.006419e-03 3.018181e-02 -3.203080e+00 1.042863e-03 9.999987e-01 -1.191665e-03 -3.171240e+00 -3.018047e-02 1.222593e-03 9.995437e-01 1.328738e+02
9.996056e-01 9.255741e-04 -2.806680e-02 -3.260696e+00 -8.913163e-04 9.999988e-01 1.232944e-03 -3.193390e+00 2.806801e-02 -1.207445e-03 9.996052e-01 1.338485e+02
9.995684e-01 -9.893578e-04 2.935907e-02 -3.320578e+00 1.023595e-03 9.999988e-01 -1.151037e-03 -3.217947e+00 -2.935779e-02 1.180588e-03 9.995682e-01 1.349270e+02
9.997582e-01 7.779304e-04 -2.197495e-02 -3.336637e+00 -7.557997e-04 9.999992e-01 1.015217e-03 -3.247940e+00 2.197582e-02 -9.983661e-04 9.997579e-01 1.361589e+02
9.997333e-01 -8.424253e-04 2.307612e-02 -3.413436e+00 8.636725e-04 9.999992e-01 -9.106526e-04 -3.276471e+00 -2.307524e-02 9.303362e-04 9.997332e-01 1.374352e+02
9.997711e-01 7.611149e-04 -2.138121e-02 -3.509169e+00 -7.408812e-04 9.999993e-01 9.540734e-04 -3.296803e+00 2.138202e-02 -9.380177e-04 9.997709e-01 1.383946e+02
9.996021e-01 -9.689318e-04 2.819032e-02 -3.571632e+00 1.000023e-03 9.999989e-01 -1.088697e-03 -3.320070e+00 -2.818914e-02 1.116451e-03 9.996019e-01 1.394281e+02
9.998696e-01 6.276707e-04 -1.613296e-02 -3.574751e+00 -6.154755e-04 9.999995e-01 7.606557e-04 -3.344421e+00 1.613352e-02 -7.506308e-04 9.998695e-01 1.404098e+02
9.997150e-01 -8.649713e-04 2.385348e-02 -3.603971e+00 8.877497e-04 9.999992e-01 -9.442154e-04 -3.367863e+00 -2.385254e-02 9.651185e-04 9.997150e-01 1.413953e+02
9.997434e-01 7.917618e-04 -2.263766e-02 -3.636197e+00 -7.695807e-04 9.999992e-01 9.883672e-04 -3.389036e+00 2.263852e-02 -9.706958e-04 9.997432e-01 1.422804e+02
9.994661e-01 -1.082641e-03 3.265400e-02 -3.637814e+00 1.124150e-03 9.999986e-01 -1.252727e-03 -3.409374e+00 -3.265250e-02 1.288762e-03 9.994659e-01 1.430874e+02
9.998289e-01 6.951360e-04 -1.848088e-02 -3.639131e+00 -6.794883e-04 9.999994e-01 8.527595e-04 -3.432597e+00 1.848156e-02 -8.400598e-04 9.998288e-01 1.440226e+02
9.996263e-01 -9.526767e-04 2.731876e-02 -3.663976e+00 9.822704e-04 9.999989e-01 -1.069745e-03 -3.456993e+00 -2.731761e-02 1.096176e-03 9.996261e-01 1.450398e+02
9.998363e-01 6.842120e-04 -1.807598e-02 -3.634369e+00 -6.691906e-04 9.999994e-01 8.368429e-04 -3.482726e+00 1.807664e-02 -8.246134e-04 9.998362e-01 1.460197e+02
9.995808e-01 -9.933204e-04 2.893452e-02 -3.609198e+00 1.026398e-03 9.999988e-01 -1.128236e-03 -3.506721e+00 -2.893326e-02 1.157458e-03 9.995806e-01 1.469417e+02
9.997003e-01 8.510951e-04 -2.446229e-02 -3.666981e+00 -8.247947e-04 9.999991e-01 1.085053e-03 -3.530839e+00 2.446329e-02 -1.064555e-03 9.997001e-01 1.479991e+02
9.996265e-01 -9.600374e-04 2.731063e-02 -3.716189e+00 9.891997e-04 9.999990e-01 -1.054177e-03 -3.558212e+00 -2.730948e-02 1.080795e-03 9.996264e-01 1.491768e+02
9.997601e-01 7.903082e-04 -2.188740e-02 -3.696560e+00 -7.694072e-04 9.999992e-01 9.631599e-04 -3.584027e+00 2.188824e-02 -9.460923e-04 9.997599e-01 1.501748e+02
9.997599e-01 -8.125764e-04 2.189533e-02 -3.496694e+00 8.329781e-04 9.999992e-01 -9.225105e-04 -3.607373e+00 -2.189446e-02 9.405235e-04 9.997598e-01 1.507734e+02
9.997449e-01 8.175495e-04 -2.257052e-02 -3.254696e+00 -7.955260e-04 9.999992e-01 9.845493e-04 -3.630186e+00 2.257141e-02 -9.663465e-04 9.997447e-01 1.512924e+02
9.997202e-01 -8.962507e-04 2.363470e-02 -3.249338e+00 9.183740e-04 9.999992e-01 -9.250545e-04 -3.653581e+00 -2.363376e-02 9.464973e-04 9.997202e-01 1.522092e+02
9.996368e-01 9.529418e-04 -2.693038e-02 -3.252616e+00 -9.230230e-04 9.999989e-01 1.123233e-03 -3.673290e+00 2.693152e-02 -1.097972e-03 9.996366e-01 1.529673e+02
9.997340e-01 -8.558645e-04 2.304446e-02 -3.264867e+00 8.774858e-04 9.999992e-01 -9.279863e-04 -3.690052e+00 -2.304354e-02 9.479568e-04 9.997340e-01 1.536310e+02
9.997848e-01 7.659915e-04 -2.072641e-02 -3.287695e+00 -7.473185e-04 9.999993e-01 9.084734e-04 -3.708368e+00 2.072719e-02 -8.927925e-04 9.997847e-01 1.543810e+02
9.996710e-01 -9.327471e-04 2.562954e-02 -3.290317e+00 9.584478e-04 9.999991e-01 -9.903690e-04 -3.731727e+00 -2.562849e-02 1.014604e-03 9.996710e-01 1.553120e+02
9.997735e-01 7.816995e-04 -2.126504e-02 -3.337512e+00 -7.621462e-04 9.999993e-01 9.274088e-04 -3.753025e+00 2.126584e-02 -9.109955e-04 9.997734e-01 1.562322e+02
9.996741e-01 -9.470488e-04 2.550834e-02 -3.357843e+00 9.729565e-04 9.999990e-01 -1.003119e-03 -3.770921e+00 -2.550726e-02 1.027607e-03 9.996741e-01 1.569648e+02
9.998293e-01 7.463993e-04 -1.845616e-02 -3.174935e+00 -7.318093e-04 9.999994e-01 7.970465e-04 -3.792318e+00 1.845684e-02 -7.834079e-04 9.998293e-01 1.575255e+02
9.997039e-01 -9.379154e-04 2.431521e-02 -3.173249e+00 9.606047e-04 9.999991e-01 -9.213122e-04 -3.814448e+00 -2.431423e-02 9.443927e-04 9.997039e-01 1.584003e+02
9.998399e-01 7.225097e-04 -1.787519e-02 -3.161637e+00 -7.090213e-04 9.999995e-01 7.606868e-04 -3.832948e+00 1.787583e-02 -7.478949e-04 9.998399e-01 1.591050e+02
9.997684e-01 -8.683956e-04 2.150173e-02 -3.168037e+00 8.860612e-04 9.999993e-01 -8.118921e-04 -3.852873e+00 -2.150091e-02 8.307520e-04 9.997684e-01 1.598994e+02
9.998960e-01 6.366455e-04 -1.440143e-02 -3.150905e+00 -6.277277e-04 9.999996e-01 6.234599e-04 -3.871976e+00 1.440192e-02 -6.143587e-04 9.998961e-01 1.606200e+02
9.997998e-01 -8.279056e-04 1.998876e-02 -3.146832e+00 8.429610e-04 9.999994e-01 -7.445793e-04 -3.893316e+00 -1.998804e-02 7.612760e-04 9.997999e-01 1.614587e+02
9.998198e-01 7.441442e-04 -1.896727e-02 -3.151608e+00 -7.293178e-04 9.999994e-01 7.883736e-04 -3.913788e+00 1.896794e-02 -7.744022e-04 9.998197e-01 1.622692e+02
9.997980e-01 -8.301753e-04 2.007892e-02 -3.167504e+00 8.454825e-04 9.999994e-01 -7.536814e-04 -3.932293e+00 -2.007818e-02 7.705016e-04 9.997981e-01 1.630184e+02
9.997823e-01 8.217331e-04 -2.084856e-02 -3.213205e+00 -8.039422e-04 9.999993e-01 8.615096e-04 -3.954045e+00 2.084936e-02 -8.445648e-04 9.997822e-01 1.639500e+02
9.997862e-01 -8.667962e-04 2.065782e-02 -3.228823e+00 8.825811e-04 9.999993e-01 -7.548147e-04 -3.979750e+00 -2.065705e-02 7.728816e-04 9.997863e-01 1.649960e+02
9.998309e-01 7.556905e-04 -1.837070e-02 -3.255506e+00 -7.415424e-04 9.999994e-01 7.767201e-04 -4.004013e+00 1.837137e-02 -7.629700e-04 9.998309e-01 1.660037e+02
9.998460e-01 -7.749122e-04 1.753184e-02 -3.330331e+00 7.865106e-04 9.999995e-01 -6.544531e-04 -4.027796e+00 -1.753122e-02 6.681373e-04 9.998460e-01 1.670683e+02
9.998348e-01 7.483351e-04 -1.815859e-02 -3.427130e+00 -7.349771e-04 9.999995e-01 7.420679e-04 -4.045752e+00 1.815923e-02 -7.286030e-04 9.998348e-01 1.679214e+02
9.997874e-01 -8.506517e-04 2.059986e-02 -3.526266e+00 8.656982e-04 9.999994e-01 -7.213194e-04 -4.067971e+00 -2.059913e-02 7.389953e-04 9.997875e-01 1.689695e+02
9.998143e-01 7.839603e-04 -1.925261e-02 -3.647953e+00 -7.680014e-04 9.999994e-01 8.360873e-04 -4.098285e+00 1.925335e-02 -8.211498e-04 9.998143e-01 1.703969e+02
9.997526e-01 -8.992243e-04 2.222175e-02 -3.743647e+00 9.175507e-04 9.999992e-01 -8.143423e-04 -4.123300e+00 -2.222090e-02 8.345265e-04 9.997527e-01 1.715582e+02
9.998156e-01 7.765965e-04 -1.918332e-02 -3.795085e+00 -7.611214e-04 9.999994e-01 8.137683e-04 -4.146713e+00 1.918404e-02 -7.990213e-04 9.998156e-01 1.725749e+02
9.998013e-01 -8.333400e-04 1.991142e-02 -3.894409e+00 8.478603e-04 9.999994e-01 -7.206166e-04 -4.170017e+00 -1.991070e-02 7.373516e-04 9.998014e-01 1.736688e+02
9.998149e-01 7.794910e-04 -1.921913e-02 -4.033441e+00 -7.640047e-04 9.999994e-01 8.128882e-04 -4.191664e+00 1.921985e-02 -7.980581e-04 9.998149e-01 1.747547e+02
9.997684e-01 -8.762428e-04 2.149924e-02 -4.129562e+00 8.927679e-04 9.999993e-01 -7.588635e-04 -4.218140e+00 -2.149846e-02 7.778777e-04 9.997685e-01 1.759767e+02
9.997725e-01 8.371427e-04 -2.130977e-02 -4.222101e+00 -8.184979e-04 9.999993e-01 8.834529e-04 -4.245592e+00 2.131060e-02 -8.658137e-04 9.997725e-01 1.772301e+02
9.997801e-01 -8.552135e-04 2.094965e-02 -4.348278e+00 8.714590e-04 9.999993e-01 -7.661470e-04 -4.266753e+00 -2.094888e-02 7.842314e-04 9.997802e-01 1.782700e+02
9.997804e-01 8.436676e-04 -2.093489e-02 -4.649372e+00 -8.264651e-04 9.999993e-01 8.301542e-04 -4.276785e+00 2.093567e-02 -8.126738e-04 9.997804e-01 1.790845e+02
9.999128e-01 -6.082289e-04 1.318896e-02 -4.986461e+00 6.154432e-04 9.999997e-01 -5.426365e-04 -4.278883e+00 -1.318852e-02 5.507023e-04 9.999128e-01 1.795905e+02
9.998562e-01 6.893279e-04 -1.694211e-02 -5.084700e+00 -6.766064e-04 9.999995e-01 7.563548e-04 -4.298957e+00 1.694272e-02 -7.447867e-04 9.998561e-01 1.805312e+02
9.998972e-01 -6.355602e-04 1.432035e-02 -5.260798e+00 6.443259e-04 9.999996e-01 -6.072355e-04 -4.313077e+00 -1.431986e-02 6.163962e-04 9.998972e-01 1.813260e+02
9.999001e-01 6.083438e-04 -1.411880e-02 -5.592666e+00 -5.995754e-04 9.999996e-01 6.249756e-04 -4.318576e+00 1.411928e-02 -6.164517e-04 9.999001e-01 1.819873e+02
9.999117e-01 -6.156518e-04 1.327272e-02 -5.800738e+00 6.228337e-04 9.999997e-01 -5.366792e-04 -4.331915e+00 -1.327228e-02 5.448946e-04 9.999117e-01 1.828019e+02
9.999008e-01 5.884269e-04 -1.406673e-02 -5.855011e+00 -5.793350e-04 9.999996e-01 6.501167e-04 -4.354605e+00 1.406721e-02 -6.419067e-04 9.999008e-01 1.837858e+02
9.999852e-01 -3.805744e-04 5.409509e-03 -5.835046e+00 3.820963e-04 9.999999e-01 -2.795712e-04 -4.373163e+00 -5.409302e-03 2.816301e-04 9.999853e-01 1.844580e+02
9.998985e-01 6.159279e-04 -1.422872e-02 -5.843354e+00 -6.067535e-04 9.999996e-01 6.488058e-04 -4.392827e+00 1.422921e-02 -6.401104e-04 9.998985e-01 1.852327e+02
9.999163e-01 -6.246679e-04 1.292103e-02 -5.880796e+00 6.316081e-04 9.999997e-01 -5.327506e-04 -4.414271e+00 -1.292059e-02 5.408632e-04 9.999163e-01 1.861384e+02
9.999180e-01 5.584454e-04 -1.279066e-02 -5.917190e+00 -5.510196e-04 9.999997e-01 5.837651e-04 -4.430638e+00 1.279108e-02 -5.766732e-04 9.999180e-01 1.868289e+02
9.999262e-01 -5.907704e-04 1.212923e-02 -5.965165e+00 5.968734e-04 9.999997e-01 -4.992389e-04 -4.449546e+00 -1.212883e-02 5.064378e-04 9.999263e-01 1.876467e+02
9.999225e-01 5.433398e-04 -1.243360e-02 -6.015365e+00 -5.360914e-04 9.999997e-01 5.859749e-04 -4.470045e+00 1.243402e-02 -5.792678e-04 9.999225e-01 1.885337e+02
9.999545e-01 -5.125667e-04 9.522810e-03 -5.988225e+00 5.167813e-04 9.999998e-01 -4.397154e-04 -4.490404e+00 -9.522483e-03 4.446128e-04 9.999545e-01 1.892757e+02
9.998924e-01 6.077237e-04 -1.465123e-02 -5.751881e+00 -5.982409e-04 9.999996e-01 6.513383e-04 -4.514849e+00 1.465172e-02 -6.425070e-04 9.998924e-01 1.898647e+02
9.999753e-01 -4.181297e-04 7.012366e-03 -5.175131e+00 4.206935e-04 9.999998e-01 -3.636058e-04 -4.543090e+00 -7.012113e-03 3.665431e-04 9.999753e-01 1.900931e+02
9.999494e-01 4.988451e-04 -1.003879e-02 -4.583720e+00 -4.940379e-04 9.999998e-01 4.809569e-04 -4.574133e+00 1.003913e-02 -4.759769e-04 9.999494e-01 1.904230e+02
9.999602e-01 -4.885835e-04 8.897689e-03 -4.128015e+00 4.923021e-04 9.999998e-01 -4.153261e-04 -4.604864e+00 -8.897385e-03 4.196861e-04 9.999603e-01 1.909539e+02
9.999702e-01 4.301832e-04 -7.698539e-03 -3.809607e+00 -4.269047e-04 9.999998e-01 4.269937e-04 -4.634690e+00 7.698821e-03 -4.236983e-04 9.999702e-01 1.916697e+02
9.999530e-01 -5.006080e-04 9.676193e-03 -3.410028e+00 5.049347e-04 9.999998e-01 -4.443217e-04 -4.668197e+00 -9.675869e-03 4.491829e-04 9.999530e-01 1.924169e+02
9.999550e-01 4.934013e-04 -9.466922e-03 -2.788416e+00 -4.889783e-04 9.999998e-01 4.691136e-04 -4.704492e+00 9.467251e-03 -4.644671e-04 9.999550e-01 1.929342e+02
9.999598e-01 -5.317314e-04 8.944272e-03 -2.934106e+00 5.357753e-04 9.999998e-01 -4.493080e-04 -4.712223e+00 -8.943931e-03 4.540782e-04 9.999598e-01 1.934053e+02
9.998227e-01 7.463854e-04 -1.881017e-02 -3.013473e+00 -7.308796e-04 9.999994e-01 8.309882e-04 -4.712786e+00 1.881088e-02 -8.170967e-04 9.998227e-01 1.934549e+02
9.998099e-01 -8.022558e-04 1.947730e-02 -2.648885e+00 8.189855e-04 9.999993e-01 -8.507824e-04 -4.726610e+00 -1.947650e-02 8.665685e-04 9.998099e-01 1.934641e+02
9.999713e-01 5.153864e-04 -7.546550e-03 -2.083756e+00 -5.119840e-04 9.999998e-01 4.522679e-04 -4.755836e+00 7.546881e-03 -4.483950e-04 9.999714e-01 1.938080e+02
9.999447e-01 -5.727633e-04 1.049951e-02 -1.375232e+00 5.784872e-04 9.999997e-01 -5.417701e-04 -4.786233e+00 -1.049910e-02 5.478101e-04 9.999447e-01 1.939599e+02
9.999513e-01 5.531092e-04 -9.852460e-03 -7.349261e-01 -5.479682e-04 9.999997e-01 5.240886e-04 -4.812192e+00 9.852847e-03 -5.186680e-04 9.999513e-01 1.940376e+02
9.999441e-01 -5.526188e-04 1.055139e-02 9.559461e-02 5.582237e-04 9.999997e-01 -5.278999e-04 -4.851488e+00 -1.055100e-02 5.337566e-04 9.999441e-01 1.943889e+02
9.999263e-01 6.521329e-04 -1.211906e-02 1.218550e+00 -6.447438e-04 9.999996e-01 6.132862e-04 -4.900714e+00 1.211955e-02 -6.054311e-04 9.999263e-01 1.947194e+02
9.999654e-01 -4.657578e-04 8.302384e-03 2.564560e+00 4.694560e-04 9.999998e-01 -4.430472e-04 -4.956074e+00 -8.302076e-03 4.469257e-04 9.999654e-01 1.949668e+02
9.999355e-01 6.428530e-04 -1.133454e-02 4.052721e+00 -6.363031e-04 9.999996e-01 5.811238e-04 -5.014005e+00 1.133501e-02 -5.738779e-04 9.999355e-01 1.951370e+02
9.999720e-01 -4.413687e-04 7.464941e-03 5.557363e+00 4.444718e-04 9.999998e-01 -4.135370e-04 -5.072375e+00 -7.464658e-03 4.168396e-04 9.999720e-01 1.952955e+02
9.999243e-01 7.011364e-04 -1.227702e-02 7.355031e+00 -6.933838e-04 9.999996e-01 6.354011e-04 -5.142866e+00 1.227756e-02 -6.268441e-04 9.999244e-01 1.955127e+02
9.999636e-01 -4.430111e-04 8.515159e-03 9.343241e+00 4.467507e-04 9.999998e-01 -4.368403e-04 -5.221163e+00 -8.514864e-03 4.406248e-04 9.999636e-01 1.957787e+02
9.999444e-01 6.718535e-04 -1.051522e-02 1.146047e+01 -6.658252e-04 9.999996e-01 5.764298e-04 -5.303796e+00 1.051571e-02 -5.694002e-04 9.999445e-01 1.960507e+02
9.999699e-01 -5.115020e-04 7.734253e-03 1.296234e+01 5.148367e-04 9.999998e-01 -4.287033e-04 -5.369348e+00 -7.733932e-03 4.326685e-04 9.999699e-01 1.965165e+02
9.999377e-01 6.514789e-04 -1.113808e-02 1.413467e+01 -6.450033e-04 9.999996e-01 5.846445e-04 -5.424731e+00 1.113856e-02 -5.774277e-04 9.999377e-01 1.970281e+02
9.999626e-01 -4.869608e-04 8.631231e-03 1.559628e+01 4.908542e-04 9.999998e-01 -4.485472e-04 -5.487117e+00 -8.630910e-03 4.527634e-04 9.999626e-01 1.974094e+02
9.999297e-01 6.511481e-04 -1.183199e-02 1.698693e+01 -6.440654e-04 9.999996e-01 6.020928e-04 -5.548308e+00 1.183248e-02 -5.944336e-04 9.999298e-01 1.978410e+02
9.999803e-01 -4.004953e-04 6.249929e-03 1.845826e+01 4.028104e-04 9.999999e-01 -3.685925e-04 -5.609482e+00 -6.249680e-03 3.710991e-04 9.999803e-01 1.981304e+02
9.999515e-01 5.921600e-04 -9.823742e-03 1.991106e+01 -5.869392e-04 9.999997e-01 5.339634e-04 -5.668580e+00 9.824155e-03 -5.281753e-04 9.999516e-01 1.983805e+02
9.999777e-01 -4.495349e-04 6.651455e-03 2.107842e+01 4.521939e-04 9.999998e-01 -3.977392e-04 -5.719009e+00 -6.651175e-03 4.007344e-04 9.999777e-01 1.986920e+02
9.999025e-01 7.176188e-04 -1.394300e-02 2.224754e+01 -7.081016e-04 9.999995e-01 6.872422e-04 -5.771244e+00 1.394358e-02 -6.773057e-04 9.999025e-01 1.990327e+02
9.999661e-01 -4.812219e-04 8.216168e-03 2.349398e+01 4.849830e-04 9.999998e-01 -4.553707e-04 -5.827140e+00 -8.215848e-03 4.593363e-04 9.999661e-01 1.994289e+02
9.999427e-01 6.167896e-04 -1.067933e-02 2.472592e+01 -6.106643e-04 9.999996e-01 5.764919e-04 -5.880157e+00 1.067978e-02 -5.699410e-04 9.999428e-01 1.997504e+02
9.999825e-01 -4.041926e-04 5.890712e-03 2.611185e+01 4.063983e-04 9.999998e-01 -3.726817e-04 -5.939200e+00 -5.890461e-03 3.750655e-04 9.999825e-01 2.000836e+02
9.999501e-01 6.114000e-04 -9.971312e-03 2.769416e+01 -6.058211e-04 9.999997e-01 5.621677e-04 -6.004707e+00 9.971752e-03 -5.561024e-04 9.999501e-01 2.004168e+02
9.999613e-01 -4.229904e-04 8.783707e-03 2.968902e+01 4.270914e-04 9.999998e-01 -4.646280e-04 -6.081359e+00 -8.783409e-03 4.683578e-04 9.999613e-01 2.006315e+02
9.999372e-01 6.400881e-04 -1.118087e-02 3.166810e+01 -6.334567e-04 9.999996e-01 5.963262e-04 -6.156124e+00 1.118134e-02 -5.892098e-04 9.999373e-01 2.007877e+02
9.999698e-01 -3.789659e-04 7.761310e-03 3.377345e+01 3.822313e-04 9.999998e-01 -4.188240e-04 -6.235956e+00 -7.761051e-03 4.217744e-04 9.999697e-01 2.009604e+02
9.999413e-01 6.404923e-04 -1.080920e-02 3.599996e+01 -6.341158e-04 9.999996e-01 5.930239e-04 -6.321370e+00 1.080967e-02 -5.861383e-04 9.999413e-01 2.011931e+02
9.999665e-01 -4.094643e-04 8.174789e-03 3.806631e+01 4.130645e-04 9.999998e-01 -4.383171e-04 -6.401574e+00 -8.174508e-03 4.416756e-04 9.999664e-01 2.014528e+02
9.999384e-01 6.801163e-04 -1.107090e-02 4.037320e+01 -6.734637e-04 9.999996e-01 6.043259e-04 -6.488771e+00 1.107140e-02 -5.968364e-04 9.999385e-01 2.016528e+02
9.999666e-01 -4.953148e-04 8.152130e-03 4.207288e+01 4.989941e-04 9.999998e-01 -4.489025e-04 -6.558295e+00 -8.151807e-03 4.529519e-04 9.999666e-01 2.020090e+02
9.999462e-01 6.336987e-04 -1.035046e-02 4.357503e+01 -6.278011e-04 9.999996e-01 5.727114e-04 -6.621875e+00 1.035092e-02 -5.661860e-04 9.999462e-01 2.024095e+02
9.999696e-01 -4.377290e-04 7.779063e-03 4.539360e+01 4.410906e-04 9.999998e-01 -4.300213e-04 -6.693912e+00 -7.778773e-03 4.334360e-04 9.999696e-01 2.026913e+02
9.999377e-01 6.851307e-04 -1.113921e-02 4.741900e+01 -6.784447e-04 9.999996e-01 6.037002e-04 -6.771613e+00 1.113971e-02 -5.961087e-04 9.999377e-01 2.029076e+02
9.999752e-01 -4.292488e-04 7.020056e-03 4.933563e+01 4.322273e-04 9.999998e-01 -4.223265e-04 -6.843032e+00 -7.019774e-03 4.253468e-04 9.999752e-01 2.030156e+02
9.999457e-01 6.321745e-04 -1.040028e-02 5.090521e+01 -6.264077e-04 9.999996e-01 5.574262e-04 -6.899920e+00 1.040073e-02 -5.508845e-04 9.999457e-01 2.030324e+02
9.999803e-01 -4.132868e-04 6.253289e-03 5.243690e+01 4.157726e-04 9.999998e-01 -3.957348e-04 -6.956099e+00 -6.253025e-03 3.983235e-04 9.999803e-01 2.030653e+02
9.999481e-01 6.528413e-04 -1.016009e-02 5.419284e+01 -6.472238e-04 9.999996e-01 5.558777e-04 -7.019816e+00 1.016055e-02 -5.492764e-04 9.999482e-01 2.030855e+02
9.999654e-01 -4.470668e-04 8.300451e-03 5.608983e+01 4.509122e-04 9.999998e-01 -4.610421e-04 -7.088027e+00 -8.300144e-03 4.647655e-04 9.999654e-01 2.030991e+02
9.999207e-01 7.028699e-04 -1.256935e-02 5.789500e+01 -6.949467e-04 9.999996e-01 6.344688e-04 -7.152623e+00 1.256989e-02 -6.256868e-04 9.999207e-01 2.030829e+02
