1.000000e+00 -6.121076e-05 -2.389629e-04 -4.697978e-02 6.122362e-05 1.000000e+00 5.374920e-05 -1.626880e-02 2.389596e-04 -5.376334e-05 9.999999e-01 7.024847e-01
9.999898e-01 1.613902e-04 -4.518564e-03 -8.366385e-02 -1.606986e-04 1.000000e+00 1.534158e-04 -3.534843e-02 4.518588e-03 -1.526876e-04 9.999897e-01 1.501618e+00
9.999519e-01 2.373127e-04 -9.806131e-03 -1.219764e-01 -2.327608e-04 9.999999e-01 4.653285e-04 -5.360950e-02 9.806238e-03 -4.630231e-04 9.999517e-01 2.246720e+00
9.998329e-01 6.483031e-04 -1.826654e-02 -1.386461e-01 -6.363355e-04 9.999996e-01 6.609723e-04 -6.543627e-02 1.826696e-02 -6.492376e-04 9.998328e-01 2.721586e+00
9.997928e-01 5.695145e-04 -2.034662e-02 -1.894995e-01 -5.511248e-04 9.999994e-01 9.094136e-04 -7.915313e-02 2.034712e-02 -8.980108e-04 9.997925e-01 3.314847e+00
9.999101e-01 5.095197e-04 -1.340212e-02 -3.370229e-01 -5.033838e-04 9.999998e-01 4.611941e-04 -8.131715e-02 1.340234e-02 -4.544053e-04 9.999100e-01 3.614156e+00
9.999945e-01 -1.386095e-05 -3.308786e-03 -4.810648e-01 1.450483e-05 1.000000e+00 1.945464e-04 -8.059067e-02 3.308770e-03 -1.945923e-04 9.999944e-01 3.790486e+00
9.999510e-01 3.957206e-04 -9.888096e-03 -5.600198e-01 -3.925243e-04 9.999999e-01 3.251791e-04 -9.150439e-02 9.888209e-03 -3.212808e-04 9.999510e-01 4.330636e+00
9.999683e-01 1.298520e-04 -7.962894e-03 -6.317399e-01 -1.262913e-04 9.999999e-01 4.476438e-04 -1.123186e-01 7.962935e-03 -4.466228e-04 9.999681e-01 5.241850e+00
9.998006e-01 7.494846e-04 -1.995679e-02 -6.851303e-01 -7.359813e-04 9.999995e-01 6.839532e-04 -1.250366e-01 1.995727e-02 -6.691277e-04 9.998005e-01 5.805737e+00
9.999073e-01 -5.805028e-04 1.360311e-02 -7.286571e-01 5.861951e-04 9.999997e-01 -4.144597e-04 -1.402643e-01 -1.360288e-02 4.223966e-04 9.999073e-01 6.459681e+00
9.999230e-01 4.837330e-04 -1.239623e-02 -8.644181e-01 -4.790298e-04 9.999998e-01 3.823606e-04 -1.483775e-01 1.239639e-02 -3.763918e-04 9.999230e-01 6.952856e+00
9.999856e-01 1.870442e-05 -5.369476e-03 -9.710464e-01 -1.698466e-05 9.999999e-01 3.203009e-04 -1.583726e-01 5.369460e-03 -3.202038e-04 9.999854e-01 7.455542e+00
9.998860e-01 6.191579e-04 -1.508485e-02 -1.058403e+00 -6.112864e-04 9.999997e-01 5.264120e-04 -1.773456e-01 1.508514e-02 -5.171295e-04 9.998860e-01 8.329577e+00
9.998680e-01 3.215085e-04 -1.624309e-02 -1.124345e+00 -3.095520e-04 9.999997e-01 7.385931e-04 -1.885448e-01 1.624330e-02 -7.334660e-04 9.998677e-01 8.819214e+00
9.999690e-01 4.369992e-04 -7.860418e-03 -1.114024e+00 -4.353139e-04 9.999999e-01 2.160882e-04 -1.927313e-01 7.860483e-03 -2.126582e-04 9.999690e-01 8.963978e+00
9.998781e-01 2.183041e-04 -1.561374e-02 -1.090230e+00 -2.074628e-04 9.999997e-01 6.959417e-04 -1.897452e-01 1.561386e-02 -6.926159e-04 9.998778e-01 8.765844e+00
9.998295e-01 8.357526e-04 -1.844593e-02 -1.058577e+00 -8.235121e-04 9.999994e-01 6.711553e-04 -1.886172e-01 1.844645e-02 -6.558487e-04 9.998295e-01 8.646135e+00
9.999180e-01 1.065970e-04 -1.280741e-02 -1.007362e+00 -9.936135e-05 9.999998e-01 5.655656e-04 -1.901491e-01 1.280743e-02 -5.642448e-04 9.999177e-01 8.595455e+00
9.997177e-01 1.032031e-03 -2.373520e-02 -1.042839e+00 -1.010832e-03 9.999991e-01 9.051226e-04 -1.894431e-01 2.373608e-02 -8.808729e-04 9.997178e-01 8.595142e+00
9.997898e-01 -1.014721e-03 2.047905e-02 -9.827991e-01 1.030587e-03 9.999992e-01 -7.641530e-04 -1.932800e-01 -2.047830e-02 7.850998e-04 9.997899e-01 8.656066e+00
9.991798e-01 1.610072e-03 -4.046158e-02 -1.024873e+00 -1.545998e-03 9.999975e-01 1.614817e-03 -1.991747e-01 4.046403e-02 -1.550937e-03 9.991797e-01 8.925043e+00
9.998203e-01 -9.293432e-04 1.893605e-02 -1.092769e+00 9.432286e-04 9.999993e-01 -7.243326e-04 -2.074205e-01 -1.893540e-02 7.420655e-04 9.998203e-01 9.320371e+00
9.986773e-01 1.941864e-03 -5.137901e-02 -9.641875e-01 -1.837251e-03 9.999961e-01 2.083254e-03 -2.157635e-01 5.138281e-02 -1.986100e-03 9.986770e-01 9.405093e+00
9.999930e-01 -3.866836e-04 3.729888e-03 -9.290528e-01 3.871658e-04 9.999999e-01 -1.283852e-04 -2.194885e-01 -3.729890e-03 1.298307e-04 9.999929e-01 9.476991e+00
9.991705e-01 1.581166e-03 -4.069139e-02 -9.841939e-01 -1.517008e-03 9.999976e-01 1.607501e-03 -2.273949e-01 4.069377e-02 -1.544436e-03 9.991704e-01 9.830606e+00
9.996582e-01 -1.151911e-03 2.611954e-02 -9.945902e-01 1.178993e-03 9.999988e-01 -1.021462e-03 -2.412259e-01 -2.611839e-02 1.051910e-03 9.996582e-01 1.032113e+01
9.996217e-01 1.130365e-03 -2.747976e-02 -6.597234e-01 -1.100678e-03 9.999988e-01 1.095375e-03 -2.495463e-01 2.748091e-02 -1.064712e-03 9.996217e-01 1.016205e+01
9.996387e-01 -1.222309e-03 2.685076e-02 -5.521670e-01 1.252551e-03 9.999986e-01 -1.109449e-03 -2.302550e-01 -2.684942e-02 1.142682e-03 9.996387e-01 9.249829e+00
9.996743e-01 1.067594e-03 -2.549831e-02 -1.549773e+00 -1.046528e-03 9.999991e-01 8.395032e-04 -1.563584e-01 2.549913e-02 -8.125427e-04 9.996744e-01 7.633603e+00
9.996402e-01 -1.225479e-03 2.679632e-02 -2.642919e+00 1.256158e-03 9.999986e-01 -1.128051e-03 -7.074746e-02 -2.679496e-02 1.161308e-03 9.996402e-01 5.691149e+00
9.996570e-01 1.061593e-03 -2.616746e-02 -3.609516e+00 -1.038493e-03 9.999991e-01 8.963268e-04 1.707938e-02 2.616833e-02 -8.688423e-04 9.996571e-01 3.511425e+00
9.996800e-01 -1.131782e-03 2.527212e-02 -4.242446e+00 1.157266e-03 9.999988e-01 -9.937325e-04 6.919374e-02 -2.527102e-02 1.022663e-03 9.996800e-01 2.277162e+00
9.996815e-01 1.012523e-03 -2.521639e-02 -5.080634e+00 -9.921177e-04 9.999992e-01 8.216707e-04 1.377655e-01 2.521714e-02 -7.963890e-04 9.996816e-01 6.578038e-01
9.996832e-01 -1.138200e-03 2.514472e-02 -5.949336e+00 1.163661e-03 9.999988e-01 -9.979197e-04 2.165051e-01 -2.514361e-02 1.026866e-03 9.996832e-01 -1.304508e+00
9.996857e-01 9.862299e-04 -2.504893e-02 -6.841630e+00 -9.663596e-04 9.999992e-01 8.053272e-04 3.006366e-01 2.504964e-02 -7.808656e-04 9.996858e-01 -3.438842e+00
9.996819e-01 -1.137095e-03 2.519690e-02 -7.859573e+00 1.163269e-03 9.999988e-01 -1.024090e-03 3.951691e-01 -2.519576e-02 1.053078e-03 9.996819e-01 -5.811716e+00
9.996751e-01 1.014779e-03 -2.546909e-02 -8.816460e+00 -9.935645e-04 9.999991e-01 8.455591e-04 4.774875e-01 2.546988e-02 -8.199769e-04 9.996752e-01 -7.804916e+00
9.997139e-01 -1.062204e-03 2.389636e-02 -9.507199e+00 1.084430e-03 9.999990e-01 -9.171320e-04 5.328652e-01 -2.389542e-02 9.427859e-04 9.997139e-01 -9.101084e+00
9.997225e-01 9.492960e-04 -2.353885e-02 -1.031465e+01 -9.320864e-04 9.999993e-01 7.420476e-04 5.907937e-01 2.353948e-02 -7.198992e-04 9.997226e-01 -1.034108e+01
9.997048e-01 -1.058145e-03 2.427447e-02 -1.099890e+01 1.080340e-03 9.999990e-01 -9.011845e-04 6.353431e-01 -2.427355e-02 9.271454e-04 9.997048e-01 -1.120054e+01
9.997371e-01 9.455791e-04 -2.290888e-02 -1.161519e+01 -9.285345e-04 9.999993e-01 7.546160e-04 6.662711e-01 2.290952e-02 -7.331437e-04 9.997372e-01 -1.158495e+01
9.995996e-01 -1.152771e-03 2.827132e-02 -1.189629e+01 1.179422e-03 9.999989e-01 -9.260045e-04 6.638963e-01 -2.827027e-02 9.589798e-04 9.995998e-01 -1.107516e+01
9.997532e-01 9.098689e-04 -2.219878e-02 -1.218410e+01 -8.937621e-04 9.999993e-01 7.354496e-04 6.627648e-01 2.219938e-02 -7.154255e-04 9.997532e-01 -1.060125e+01
9.996100e-01 -1.186459e-03 2.790181e-02 -1.276236e+01 1.215532e-03 9.999987e-01 -1.025016e-03 6.964911e-01 -2.790061e-02 1.058534e-03 9.996101e-01 -1.112861e+01
9.996615e-01 1.077591e-03 -2.599625e-02 -1.324335e+01 -1.054410e-03 9.999990e-01 9.053833e-04 7.150563e-01 2.599715e-02 -8.776639e-04 9.996615e-01 -1.118507e+01
9.997041e-01 -1.093683e-03 2.430066e-02 -1.372570e+01 1.115805e-03 9.999990e-01 -8.967651e-04 7.429646e-01 -2.429971e-02 9.236168e-04 9.997042e-01 -1.166196e+01
9.995039e-01 1.221501e-03 -3.147188e-02 -1.436468e+01 -1.188096e-03 9.999987e-01 1.080066e-03 7.972748e-01 3.147310e-02 -1.042136e-03 9.995040e-01 -1.297239e+01
9.996955e-01 -1.095848e-03 2.465207e-02 -1.505412e+01 1.118938e-03 9.999989e-01 -9.228300e-04 8.532948e-01 -2.465109e-02 9.501354e-04 9.996956e-01 -1.429792e+01
9.994289e-01 1.290844e-03 -3.376704e-02 -1.564752e+01 -1.251088e-03 9.999985e-01 1.198439e-03 8.993625e-01 3.376848e-02 -1.155507e-03 9.994289e-01 -1.535963e+01
9.997699e-01 -9.885280e-04 2.142636e-02 -1.606730e+01 1.005395e-03 9.999992e-01 -7.764283e-04 9.340338e-01 -2.142563e-02 7.977939e-04 9.997700e-01 -1.618761e+01
9.988078e-01 1.812711e-03 -4.878207e-02 -1.630813e+01 -1.722641e-03 9.999967e-01 1.888336e-03 9.517620e-01 4.878528e-02 -1.802048e-03 9.988076e-01 -1.660199e+01
9.997757e-01 -9.399928e-04 2.115959e-02 -1.648048e+01 9.569401e-04 9.999992e-01 -7.907715e-04 9.622202e-01 -2.115889e-02 8.108450e-04 9.997757e-01 -1.681110e+01
9.983773e-01 2.072017e-03 -5.690812e-02 -1.663212e+01 -1.945649e-03 9.999955e-01 2.275856e-03 9.709330e-01 5.691252e-02 -2.161437e-03 9.983767e-01 -1.698864e+01
9.999785e-01 -4.255452e-04 6.537110e-03 -1.670338e+01 4.269304e-04 9.999999e-01 -2.103497e-04 9.694261e-01 -6.537088e-03 2.131386e-04 9.999785e-01 -1.685937e+01
9.984861e-01 2.009782e-03 -5.496829e-02 -1.674534e+01 -1.891710e-03 9.999958e-01 2.199923e-03 9.664378e-01 5.497241e-02 -2.092606e-03 9.984856e-01 -1.672118e+01
9.999724e-01 -4.593713e-04 7.413824e-03 -1.672297e+01 4.613025e-04 9.999999e-01 -2.585971e-04 9.620543e-01 -7.413779e-03 2.620127e-04 9.999724e-01 -1.662298e+01
9.985462e-01 1.949120e-03 -5.386679e-02 -1.679594e+01 -1.835354e-03 9.999960e-01 2.161370e-03 9.633555e-01 5.387071e-02 -2.059360e-03 9.985457e-01 -1.661697e+01
9.999994e-01 -2.200982e-04 1.033399e-03 -1.685046e+01 2.201118e-04 1.000000e+00 -1.168728e-05 9.602541e-01 -1.033478e-03 1.191759e-05 9.999994e-01 -1.645435e+01
9.983346e-01 2.075969e-03 -5.765102e-02 -1.690044e+01 -1.944764e-03 9.999954e-01 2.331842e-03 9.572067e-01 5.765551e-02 -2.215838e-03 9.983340e-01 -1.630586e+01
9.999999e-01 -1.847838e-04 -1.615716e-04 -1.695168e+01 1.847891e-04 1.000000e+00 2.161257e-05 9.539084e-01 1.614802e-04 -2.163947e-05 9.999999e-01 -1.614477e+01
9.983572e-01 2.069899e-03 -5.725868e-02 -1.698563e+01 -1.939787e-03 9.999954e-01 2.327815e-03 9.494000e-01 5.726314e-02 -2.212918e-03 9.983566e-01 -1.596312e+01
9.999976e-01 -2.529337e-04 2.180132e-03 -1.702447e+01 2.531038e-04 1.000000e+00 -7.685313e-05 9.468587e-01 -2.180205e-03 7.740776e-05 9.999976e-01 -1.584234e+01
9.985505e-01 1.916368e-03 -5.378815e-02 -1.707722e+01 -1.801035e-03 9.999960e-01 2.192557e-03 9.457400e-01 5.379204e-02 -2.092502e-03 9.985499e-01 -1.576551e+01
9.999881e-01 9.288525e-06 -4.862108e-03 -1.712206e+01 -8.357546e-06 1.000000e+00 1.910300e-04 9.410967e-01 4.862014e-03 -1.909841e-04 9.999881e-01 -1.555179e+01
9.987612e-01 1.776718e-03 -4.972768e-02 -1.717056e+01 -1.677925e-03 9.999965e-01 2.028328e-03 9.375305e-01 4.973101e-02 -1.942373e-03 9.987607e-01 -1.537504e+01
9.999954e-01 -5.955872e-05 -3.028295e-03 -1.721249e+01 5.988669e-05 1.000000e+00 1.073814e-04 9.337494e-01 3.028190e-03 -1.075593e-04 9.999954e-01 -1.520587e+01
9.987499e-01 1.785397e-03 -4.995363e-02 -1.724928e+01 -1.685430e-03 9.999965e-01 2.043180e-03 9.299633e-01 4.995700e-02 -1.956430e-03 9.987494e-01 -1.504417e+01
9.999949e-01 -5.001530e-05 -3.174914e-03 -1.730585e+01 5.036122e-05 1.000000e+00 1.080154e-04 9.275935e-01 3.174809e-03 -1.081718e-04 9.999949e-01 -1.490634e+01
9.989846e-01 1.600015e-03 -4.502241e-02 -1.734125e+01 -1.518683e-03 9.999972e-01 1.840557e-03 9.233785e-01 4.502512e-02 -1.770311e-03 9.989842e-01 -1.473547e+01
9.999813e-01 5.927624e-05 -6.100696e-03 -1.740758e+01 -5.794275e-05 1.000000e+00 2.182802e-04 9.202514e-01 6.100609e-03 -2.179198e-04 9.999813e-01 -1.455555e+01
9.995008e-01 1.171769e-03 -3.157135e-02 -1.747322e+01 -1.130779e-03 9.999985e-01 1.316065e-03 9.110958e-01 3.157275e-02 -1.279705e-03 9.995006e-01 -1.410039e+01
9.999829e-01 -3.737123e-04 5.827783e-03 -1.751499e+01 3.750621e-04 9.999999e-01 -2.299990e-04 8.973852e-01 -5.827796e-03 2.321836e-04 9.999829e-01 -1.352022e+01
9.995662e-01 1.120888e-03 -2.942978e-02 -1.757317e+01 -1.085802e-03 9.999987e-01 1.208030e-03 8.855033e-01 2.943100e-02 -1.175548e-03 9.995661e-01 -1.298268e+01
9.989051e-01 -1.574995e-03 4.675414e-02 -1.759588e+01 1.656783e-03 9.999972e-01 -1.710548e-03 8.679180e-01 -4.675141e-02 1.786139e-03 9.989049e-01 -1.224848e+01
9.997943e-01 8.913385e-04 -2.025825e-02 -1.762252e+01 -8.736311e-04 9.999992e-01 8.827715e-04 8.486068e-01 2.025892e-02 -8.648890e-04 9.997943e-01 -1.142045e+01
9.986579e-01 -1.697655e-03 5.176345e-02 -1.760538e+01 1.797045e-03 9.999966e-01 -1.873521e-03 8.285954e-01 -5.176020e-02 1.964031e-03 9.986576e-01 -1.062313e+01
9.998143e-01 8.653673e-04 -1.924769e-02 -1.758970e+01 -8.497660e-04 9.999993e-01 8.185730e-04 8.112881e-01 1.924829e-02 -8.020622e-04 9.998144e-01 -9.940076e+00
9.990222e-01 -1.520298e-03 4.418313e-02 -1.758907e+01 1.592055e-03 9.999975e-01 -1.588886e-03 7.919458e-01 -4.418070e-02 1.657678e-03 9.990221e-01 -9.156995e+00
9.997432e-01 9.632697e-04 -2.263961e-02 -1.759633e+01 -9.422435e-04 9.999991e-01 9.392651e-04 7.713007e-01 2.264039e-02 -9.176890e-04 9.997432e-01 -8.312937e+00
9.990301e-01 -1.518710e-03 4.400411e-02 -1.759209e+01 1.589618e-03 9.999975e-01 -1.576383e-03 7.500962e-01 -4.400171e-02 1.644807e-03 9.990301e-01 -7.467684e+00
9.995466e-01 1.166270e-03 -3.008514e-02 -1.762498e+01 -1.130430e-03 9.999986e-01 1.208162e-03 7.281253e-01 3.008641e-02 -1.173602e-03 9.995466e-01 -6.530644e+00
9.991129e-01 -1.471921e-03 4.208600e-02 -1.758453e+01 1.538053e-03 9.999976e-01 -1.538945e-03 7.073880e-01 -4.208373e-02 1.602313e-03 9.991128e-01 -5.779170e+00
9.996619e-01 1.054702e-03 -2.597997e-02 -1.751484e+01 -1.027355e-03 9.999989e-01 1.065809e-03 6.860126e-01 2.598097e-02 -1.038755e-03 9.996618e-01 -5.045830e+00
9.989383e-01 -1.575923e-03 4.604124e-02 -1.748379e+01 1.654360e-03 9.999972e-01 -1.665498e-03 6.673004e-01 -4.603859e-02 1.739901e-03 9.989381e-01 -4.343769e+00
9.991447e-01 1.468386e-03 -4.132238e-02 -1.749121e+01 -1.403001e-03 9.999977e-01 1.611215e-03 6.503267e-01 4.132455e-02 -1.551859e-03 9.991445e-01 -3.673220e+00
9.993541e-01 -1.280013e-03 3.591071e-02 -1.752023e+01 1.328038e-03 9.999983e-01 -1.313467e-03 6.337502e-01 -3.590907e-02 1.360313e-03 9.993541e-01 -2.997751e+00
9.984123e-01 1.967191e-03 -5.629387e-02 -1.758109e+01 -1.845673e-03 9.999959e-01 2.210495e-03 6.199196e-01 5.629789e-02 -2.103082e-03 9.984117e-01 -2.392506e+00
9.996222e-01 -1.011358e-03 2.746703e-02 -1.767300e+01 1.038584e-03 9.999990e-01 -9.769038e-04 6.058476e-01 -2.746611e-02 1.005065e-03 9.996222e-01 -1.721285e+00
9.982318e-01 2.086777e-03 -5.940455e-02 -1.776400e+01 -1.949527e-03 9.999953e-01 2.368238e-03 5.908524e-01 5.940911e-02 -2.248237e-03 9.982311e-01 -1.011956e+00
9.997701e-01 -8.175291e-04 2.142348e-02 -1.783364e+01 8.344837e-04 9.999993e-01 -7.823344e-04 5.834747e-01 -2.142293e-02 8.000351e-04 9.997701e-01 -6.522128e-01
9.988170e-01 1.719547e-03 -4.859656e-02 -1.790081e+01 -1.628812e-03 9.999969e-01 1.906595e-03 5.727941e-01 4.859959e-02 -1.825182e-03 9.988166e-01 -1.633068e-01
9.994608e-01 -1.205744e-03 3.281163e-02 -1.797972e+01 1.245813e-03 9.999985e-01 -1.200654e-03 5.603553e-01 -3.281023e-02 1.240887e-03 9.994608e-01 4.024567e-01
9.982410e-01 2.108607e-03 -5.924882e-02 -1.807244e+01 -1.973587e-03 9.999953e-01 2.337245e-03 5.506251e-01 5.925337e-02 -2.216198e-03 9.982405e-01 8.858302e-01
9.994543e-01 -1.203572e-03 3.300819e-02 -1.813155e+01 1.243908e-03 9.999985e-01 -1.201366e-03 5.365351e-01 -3.300680e-02 1.241772e-03 9.994543e-01 1.517578e+00
9.990637e-01 1.555140e-03 -4.323448e-02 -1.820524e+01 -1.483256e-03 9.999975e-01 1.694614e-03 5.181112e-01 4.323691e-02 -1.628897e-03 9.990635e-01 2.343615e+00
9.992122e-01 -1.431838e-03 3.965803e-02 -1.823113e+01 1.491457e-03 9.999978e-01 -1.473699e-03 5.017910e-01 -3.965593e-02 1.531689e-03 9.992122e-01 3.003198e+00
9.993289e-01 1.344791e-03 -3.660346e-02 -1.821544e+01 -1.291993e-03 9.999981e-01 1.465964e-03 4.844546e-01 3.660526e-02 -1.417686e-03 9.993288e-01 3.650566e+00
9.992872e-01 -1.390466e-03 3.772239e-02 -1.824605e+01 1.443912e-03 9.999980e-01 -1.389525e-03 4.653209e-01 -3.772048e-02 1.443005e-03 9.992872e-01 4.450300e+00
9.993138e-01 1.361577e-03 -3.701365e-02 -1.830100e+01 -1.306598e-03 9.999980e-01 1.509429e-03 4.424286e-01 3.701553e-02 -1.460029e-03 9.993136e-01 5.449906e+00
9.992934e-01 -1.392619e-03 3.755791e-02 -1.834164e+01 1.445819e-03 9.999980e-01 -1.389271e-03 4.190794e-01 -3.755600e-02 1.442594e-03 9.992934e-01 6.443654e+00
9.993166e-01 1.368391e-03 -3.693646e-02 -1.839999e+01 -1.313227e-03 9.999980e-01 1.517643e-03 3.948836e-01 3.693836e-02 -1.468098e-03 9.993164e-01 7.503524e+00
9.992608e-01 -1.426007e-03 3.841440e-02 -1.840200e+01 1.482364e-03 9.999979e-01 -1.438552e-03 3.721159e-01 -3.841237e-02 1.494435e-03 9.992608e-01 8.406193e+00
9.993761e-01 1.337327e-03 -3.529120e-02 -1.840581e+01 -1.286410e-03 9.999981e-01 1.465345e-03 3.486767e-01 3.529299e-02 -1.419029e-03 9.993760e-01 9.344003e+00
9.993495e-01 -1.375011e-03 3.603691e-02 -1.845833e+01 1.424759e-03 9.999981e-01 -1.354720e-03 3.255847e-01 -3.603508e-02 1.405186e-03 9.993495e-01 1.034710e+01
9.993672e-01 1.347837e-03 -3.554136e-02 -1.851058e+01 -1.295883e-03 9.999981e-01 1.484697e-03 3.003164e-01 3.554320e-02 -1.437697e-03 9.993671e-01 1.144065e+01
9.993344e-01 -1.383989e-03 3.645291e-02 -1.858451e+01 1.434593e-03 9.999980e-01 -1.361998e-03 2.749448e-01 -3.645105e-02 1.413390e-03 9.993344e-01 1.257660e+01
9.993666e-01 1.349142e-03 -3.555865e-02 -1.864651e+01 -1.297296e-03 9.999981e-01 1.480979e-03 2.504533e-01 3.556048e-02 -1.433908e-03 9.993665e-01 1.365529e+01
9.992970e-01 -1.414116e-03 3.746158e-02 -1.869344e+01 1.467720e-03 9.999979e-01 -1.403380e-03 2.262614e-01 -3.745962e-02 1.457379e-03 9.992970e-01 1.469612e+01
9.993400e-01 1.368959e-03 -3.629895e-02 -1.872238e+01 -1.314838e-03 9.999980e-01 1.514720e-03 2.005135e-01 3.630085e-02 -1.465991e-03 9.993398e-01 1.577074e+01
9.993137e-01 -1.412628e-03 3.701340e-02 -1.872499e+01 1.465500e-03 9.999979e-01 -1.401272e-03 1.753409e-01 -3.701145e-02 1.454557e-03 9.993137e-01 1.677499e+01
9.993535e-01 1.363300e-03 -3.592610e-02 -1.872266e+01 -1.310074e-03 9.999980e-01 1.504961e-03 1.499954e-01 3.592798e-02 -1.456920e-03 9.993533e-01 1.777835e+01
9.992393e-01 -1.456666e-03 3.896850e-02 -1.872411e+01 1.515094e-03 9.999978e-01 -1.469804e-03 1.250694e-01 -3.896637e-02 1.527730e-03 9.992393e-01 1.877236e+01
9.994768e-01 1.287566e-03 -3.231739e-02 -1.874707e+01 -1.243914e-03 9.999983e-01 1.370678e-03 1.002634e-01 3.231900e-02 -1.329758e-03 9.994767e-01 1.980204e+01
9.991628e-01 -1.505490e-03 4.088153e-02 -1.875872e+01 1.569533e-03 9.999976e-01 -1.534428e-03 7.471340e-02 -4.087922e-02 1.597311e-03 9.991628e-01 2.084805e+01
9.992249e-01 1.463198e-03 -3.933593e-02 -1.879993e+01 -1.399629e-03 9.999977e-01 1.643464e-03 4.940242e-02 3.933814e-02 -1.587132e-03 9.992246e-01 2.192624e+01
9.991436e-01 -1.521013e-03 4.134663e-02 -1.884215e+01 1.586738e-03 9.999975e-01 -1.556750e-03 2.466741e-02 -4.134426e-02 1.621027e-03 9.991436e-01 2.298181e+01
9.992139e-01 1.474583e-03 -3.961503e-02 -1.888422e+01 -1.410305e-03 9.999976e-01 1.650395e-03 6.793961e-04 3.961727e-02 -1.593225e-03 9.992136e-01 2.400482e+01
9.991434e-01 -1.521700e-03 4.135221e-02 -1.893747e+01 1.586784e-03 9.999976e-01 -1.541024e-03 -2.580726e-02 -4.134987e-02 1.605324e-03 9.991434e-01 2.515361e+01
9.992219e-01 1.471826e-03 -3.941135e-02 -1.898861e+01 -1.408649e-03 9.999977e-01 1.630654e-03 -5.012018e-02 3.941356e-02 -1.573866e-03 9.992217e-01 2.620671e+01
9.990873e-01 -1.556755e-03 4.268572e-02 -1.903994e+01 1.626161e-03 9.999974e-01 -1.591226e-03 -7.422244e-02 -4.268324e-02 1.659191e-03 9.990872e-01 2.725153e+01
9.994793e-01 1.297337e-03 -3.223748e-02 -1.902465e+01 -1.254421e-03 9.999983e-01 1.351351e-03 -9.921907e-02 3.223908e-02 -1.310205e-03 9.994793e-01 2.822778e+01
9.994136e-01 -1.375992e-03 3.421316e-02 -1.905063e+01 1.420710e-03 9.999982e-01 -1.282690e-03 -1.235992e-01 -3.421143e-02 1.330548e-03 9.994137e-01 2.924146e+01
9.994386e-01 1.334193e-03 -3.347433e-02 -1.909060e+01 -1.287834e-03 9.999982e-01 1.406329e-03 -1.498916e-01 3.347605e-02 -1.362427e-03 9.994385e-01 3.035754e+01
9.993830e-01 -1.399683e-03 3.509344e-02 -1.913065e+01 1.446369e-03 9.999981e-01 -1.304871e-03 -1.770442e-01 -3.509164e-02 1.354827e-03 9.993831e-01 3.151142e+01
9.995242e-01 1.272540e-03 -3.081643e-02 -1.914761e+01 -1.233252e-03 9.999984e-01 1.293796e-03 -2.031369e-01 3.081792e-02 -1.255173e-03 9.995242e-01 3.258257e+01
9.995048e-01 -1.320226e-03 3.143778e-02 -1.918481e+01 1.357848e-03 9.999984e-01 -1.175290e-03 -2.292138e-01 -3.143628e-02 1.217399e-03 9.995050e-01 3.368453e+01
9.995564e-01 1.247654e-03 -2.975536e-02 -1.923326e+01 -1.211037e-03 9.999985e-01 1.248490e-03 -2.523380e-01 2.975677e-02 -1.211898e-03 9.995564e-01 3.468426e+01
9.993400e-01 -1.436186e-03 3.629605e-02 -1.924969e+01 1.486439e-03 9.999980e-01 -1.357510e-03 -2.755918e-01 -3.629412e-02 1.410569e-03 9.993401e-01 3.563683e+01
9.994533e-01 1.334140e-03 -3.303335e-02 -1.926570e+01 -1.289137e-03 9.999982e-01 1.383498e-03 -3.008841e-01 3.303504e-02 -1.340154e-03 9.994532e-01 3.667229e+01
9.994197e-01 -1.396670e-03 3.403364e-02 -1.925687e+01 1.440819e-03 9.999982e-01 -1.272624e-03 -3.287000e-01 -3.403190e-02 1.320925e-03 9.994198e-01 3.776866e+01
9.996788e-01 1.157833e-03 -2.531586e-02 -1.920847e+01 -1.130776e-03 9.999988e-01 1.082944e-03 -3.567291e-01 2.531698e-02 -1.053966e-03 9.996789e-01 3.881175e+01
9.991712e-01 -1.559307e-03 4.067295e-02 -1.914106e+01 1.621532e-03 9.999976e-01 -1.496858e-03 -3.840436e-01 -4.067062e-02 1.561573e-03 9.991713e-01 3.980006e+01
9.997536e-01 1.077040e-03 -2.217155e-02 -1.910066e+01 -1.055848e-03 9.999990e-01 9.673567e-04 -4.101376e-01 2.217247e-02 -9.437053e-04 9.997537e-01 4.078592e+01
9.992588e-01 -1.513044e-03 3.846493e-02 -1.906335e+01 1.568625e-03 9.999978e-01 -1.414767e-03 -4.356563e-01 -3.846280e-02 1.474059e-03 9.992589e-01 4.175266e+01
9.995398e-01 1.300321e-03 -3.030361e-02 -1.906633e+01 -1.262575e-03 9.999984e-01 1.264604e-03 -4.629535e-01 3.030510e-02 -1.225758e-03 9.995399e-01 4.285347e+01
9.991433e-01 -1.582316e-03 4.135380e-02 -1.905594e+01 1.646222e-03 9.999975e-01 -1.511278e-03 -4.906057e-01 -4.135140e-02 1.578064e-03 9.991434e-01 4.395121e+01
9.995155e-01 1.324932e-03 -3.109654e-02 -1.900525e+01 -1.285650e-03 9.999984e-01 1.283072e-03 -5.190270e-01 3.109809e-02 -1.242467e-03 9.995155e-01 4.501152e+01
9.992419e-01 -1.517463e-03 3.890129e-02 -1.889375e+01 1.574140e-03 9.999977e-01 -1.426268e-03 -5.489416e-01 -3.889913e-02 1.486426e-03 9.992420e-01 4.603015e+01
9.994473e-01 1.377627e-03 -3.321221e-02 -1.878884e+01 -1.333041e-03 9.999982e-01 1.364471e-03 -5.789592e-01 3.321393e-02 -1.319440e-03 9.994473e-01 4.706332e+01
9.992871e-01 -1.509003e-03 3.772100e-02 -1.878793e+01 1.562172e-03 9.999978e-01 -1.380023e-03 -6.055131e-01 -3.771893e-02 1.437969e-03 9.992873e-01 4.812424e+01
9.993955e-01 1.416690e-03 -3.473609e-02 -1.880222e+01 -1.368016e-03 9.999980e-01 1.424880e-03 -6.309726e-01 3.473795e-02 -1.376496e-03 9.993955e-01 4.916399e+01
9.990660e-01 -1.627384e-03 4.317860e-02 -1.879507e+01 1.697094e-03 9.999973e-01 -1.577774e-03 -6.567778e-01 -4.317602e-02 1.649582e-03 9.990661e-01 5.018828e+01
9.994893e-01 1.349919e-03 -3.192414e-02 -1.882231e+01 -1.308011e-03 9.999983e-01 1.333508e-03 -6.841234e-01 3.192578e-02 -1.291066e-03 9.994894e-01 5.133959e+01
9.992495e-01 -1.528552e-03 3.870327e-02 -1.887884e+01 1.584015e-03 9.999978e-01 -1.402344e-03 -7.136410e-01 -3.870114e-02 1.462602e-03 9.992497e-01 5.262601e+01
9.993705e-01 1.437722e-03 -3.544616e-02 -1.893231e+01 -1.386945e-03 9.999980e-01 1.456988e-03 -7.409300e-01 3.544809e-02 -1.406906e-03 9.993705e-01 5.381062e+01
9.992642e-01 -1.524702e-03 3.832207e-02 -1.897611e+01 1.578956e-03 9.999978e-01 -1.385443e-03 -7.684901e-01 -3.831997e-02 1.444936e-03 9.992644e-01 5.499120e+01
9.993216e-01 1.475961e-03 -3.679899e-02 -1.901936e+01 -1.421327e-03 9.999978e-01 1.510700e-03 -7.973308e-01 3.680104e-02 -1.457368e-03 9.993215e-01 5.622169e+01
9.992553e-01 -1.535077e-03 3.855343e-02 -1.906128e+01 1.590183e-03 9.999978e-01 -1.398644e-03 -8.254982e-01 -3.855130e-02 1.458913e-03 9.992555e-01 5.742202e+01
9.993219e-01 1.480719e-03 -3.678933e-02 -1.910199e+01 -1.426113e-03 9.999978e-01 1.510401e-03 -8.527799e-01 3.679139e-02 -1.456908e-03 9.993218e-01 5.858426e+01
9.992620e-01 -1.528094e-03 3.837910e-02 -1.917969e+01 1.582539e-03 9.999978e-01 -1.388186e-03 -8.797683e-01 -3.837699e-02 1.447902e-03 9.992622e-01 5.979757e+01
9.993234e-01 1.490225e-03 -3.674898e-02 -1.929033e+01 -1.435807e-03 9.999978e-01 1.507067e-03 -9.053194e-01 3.675104e-02 -1.453279e-03 9.993233e-01 6.100610e+01
9.992447e-01 -1.544493e-03 3.882839e-02 -1.938691e+01 1.600868e-03 9.999977e-01 -1.420779e-03 -9.289545e-01 -3.882621e-02 1.481868e-03 9.992448e-01 6.211007e+01
9.993490e-01 1.474989e-03 -3.604663e-02 -1.949950e+01 -1.423000e-03 9.999979e-01 1.467791e-03 -9.495105e-01 3.604862e-02 -1.415537e-03 9.993490e-01 6.310874e+01
9.992439e-01 -1.556649e-03 3.884719e-02 -1.958367e+01 1.613531e-03 9.999977e-01 -1.432864e-03 -9.691531e-01 -3.884496e-02 1.494466e-03 9.992441e-01 6.402217e+01
9.993301e-01 1.500637e-03 -3.656496e-02 -1.980594e+01 -1.448888e-03 9.999979e-01 1.441642e-03 -9.789753e-01 3.656695e-02 -1.387694e-03 9.993302e-01 6.471249e+01
9.992156e-01 -1.574374e-03 3.956749e-02 -2.002970e+01 1.632499e-03 9.999976e-01 -1.436649e-03 -9.914983e-01 -3.956524e-02 1.500119e-03 9.992158e-01 6.552694e+01
9.993519e-01 1.476269e-03 -3.596413e-02 -2.018153e+01 -1.426720e-03 9.999980e-01 1.403274e-03 -1.003755e+00 3.596603e-02 -1.351050e-03 9.993520e-01 6.621721e+01
9.993090e-01 -1.505640e-03 3.713807e-02 -2.039886e+01 1.557527e-03 9.999979e-01 -1.368174e-03 -1.011634e+00 -3.713603e-02 1.425075e-03 9.993091e-01 6.681151e+01
9.993723e-01 1.473913e-03 -3.539479e-02 -2.078909e+01 -1.427149e-03 9.999981e-01 1.346363e-03 -1.010172e+00 3.539661e-02 -1.295001e-03 9.993724e-01 6.725718e+01
9.993132e-01 -1.525496e-03 3.702211e-02 -2.109075e+01 1.576774e-03 9.999978e-01 -1.355818e-03 -1.011436e+00 -3.702006e-02 1.413266e-03 9.993135e-01 6.769767e+01
9.993878e-01 1.460009e-03 -3.495492e-02 -2.125625e+01 -1.412603e-03 9.999980e-01 1.380779e-03 -1.023308e+00 3.495677e-02 -1.330553e-03 9.993879e-01 6.839385e+01
9.992829e-01 -1.543640e-03 3.783131e-02 -2.133968e+01 1.595828e-03 9.999978e-01 -1.349253e-03 -1.043406e+00 -3.782924e-02 1.408661e-03 9.992832e-01 6.932507e+01
9.993300e-01 1.516975e-03 -3.656672e-02 -2.161276e+01 -1.467794e-03 9.999980e-01 1.371705e-03 -1.048049e+00 3.656863e-02 -1.317110e-03 9.993302e-01 6.986543e+01
9.993582e-01 -1.499209e-03 3.578929e-02 -2.190613e+01 1.546811e-03 9.999980e-01 -1.302336e-03 -1.041582e+00 -3.578736e-02 1.356863e-03 9.993585e-01 7.000411e+01
9.995059e-01 1.363926e-03 -3.139985e-02 -2.203642e+01 -1.326151e-03 9.999984e-01 1.223722e-03 -1.053400e+00 3.140137e-02 -1.181473e-03 9.995061e-01 7.064695e+01
9.993769e-01 -1.481179e-03 3.526233e-02 -2.210577e+01 1.526232e-03 9.999981e-01 -1.250693e-03 -1.072594e+00 -3.526051e-02 1.303736e-03 9.993772e-01 7.151434e+01
9.996279e-01 1.257391e-03 -2.724656e-02 -2.218660e+01 -1.228210e-03 9.999987e-01 1.087607e-03 -1.093865e+00 2.724779e-02 -1.053734e-03 9.996281e-01 7.249489e+01
9.994069e-01 -1.470192e-03 3.440379e-02 -2.227149e+01 1.513022e-03 9.999981e-01 -1.218828e-03 -1.113932e+00 -3.440203e-02 1.270163e-03 9.994072e-01 7.343294e+01
9.997149e-01 1.170068e-03 -2.384860e-02 -2.232243e+01 -1.147675e-03 9.999989e-01 9.525213e-04 -1.133623e+00 2.384959e-02 -9.248757e-04 9.997151e-01 7.429694e+01
9.994713e-01 -1.445325e-03 3.248092e-02 -2.241016e+01 1.484090e-03 9.999982e-01 -1.169296e-03 -1.147730e+00 -3.247928e-02 1.216886e-03 9.994716e-01 7.498911e+01
9.998077e-01 1.071443e-03 -1.957967e-02 -2.248544e+01 -1.055893e-03 9.999991e-01 8.043520e-04 -1.163863e+00 1.958042e-02 -7.835197e-04 9.998079e-01 7.574534e+01
9.994949e-01 -1.436352e-03 3.174512e-02 -2.256456e+01 1.473664e-03 9.999983e-01 -1.151925e-03 -1.177543e+00 -3.174351e-02 1.198128e-03 9.994953e-01 7.640892e+01
9.997371e-01 1.178216e-03 -2.289742e-02 -2.262424e+01 -1.156798e-03 9.999989e-01 9.484880e-04 -1.197248e+00 2.289841e-02 -9.217473e-04 9.997373e-01 7.729049e+01
9.995913e-01 -1.352526e-03 2.855358e-02 -2.270255e+01 1.382497e-03 9.999985e-01 -1.029812e-03 -1.219806e+00 -2.855225e-02 1.068871e-03 9.995917e-01 7.832033e+01
9.996863e-01 1.236458e-03 -2.501514e-02 -2.278758e+01 -1.210807e-03 9.999987e-01 1.040458e-03 -1.244424e+00 2.501630e-02 -1.009840e-03 9.996865e-01 7.944528e+01
9.993463e-01 -1.559593e-03 3.611779e-02 -2.287972e+01 1.608035e-03 9.999978e-01 -1.312130e-03 -1.262501e+00 -3.611577e-02 1.369355e-03 9.993466e-01 8.031293e+01
9.998983e-01 9.661329e-04 -1.422736e-02 -2.293869e+01 -9.572300e-04 9.999993e-01 6.323641e-04 -1.280877e+00 1.422787e-02 -6.186772e-04 9.998985e-01 8.115071e+01
9.993347e-01 -1.578004e-03 3.643628e-02 -2.299757e+01 1.627340e-03 9.999978e-01 -1.324339e-03 -1.296711e+00 -3.643420e-02 1.382756e-03 9.993350e-01 8.188165e+01
9.998248e-01 1.093322e-03 -1.868380e-02 -2.307483e+01 -1.078646e-03 9.999991e-01 7.954385e-04 -1.314187e+00 1.868455e-02 -7.751423e-04 9.998251e-01 8.270345e+01
9.992675e-01 -1.627280e-03 3.823393e-02 -2.317167e+01 1.681016e-03 9.999976e-01 -1.373280e-03 -1.331254e+00 -3.823170e-02 1.436550e-03 9.992678e-01 8.353991e+01
9.997133e-01 1.232408e-03 -2.391258e-02 -2.329716e+01 -1.209245e-03 9.999988e-01 9.829705e-04 -1.348279e+00 2.391367e-02 -9.537688e-04 9.997135e-01 8.441475e+01
9.990495e-01 -1.773588e-03 4.355430e-02 -2.349226e+01 1.845034e-03 9.999970e-01 -1.600177e-03 -1.354175e+00 -4.355142e-02 1.679019e-03 9.990497e-01 8.493171e+01
9.996011e-01 1.367576e-03 -2.820682e-02 -2.360306e+01 -1.334896e-03 9.999984e-01 1.177282e-03 -1.370185e+00 2.820829e-02 -1.139156e-03 9.996013e-01 8.574174e+01
9.989901e-01 -1.814839e-03 4.489434e-02 -2.370010e+01 1.890801e-03 9.999969e-01 -1.649546e-03 -1.384137e+00 -4.489129e-02 1.732770e-03 9.989903e-01 8.644257e+01
9.996305e-01 1.346801e-03 -2.714763e-02 -2.387377e+01 -1.317109e-03 9.999985e-01 1.111514e-03 -1.393708e+00 2.714899e-02 -1.075343e-03 9.996307e-01 8.707205e+01
9.989681e-01 -1.834956e-03 4.537959e-02 -2.401384e+01 1.911772e-03 9.999968e-01 -1.649353e-03 -1.405208e+00 -4.537651e-02 1.734410e-03 9.989684e-01 8.773720e+01
9.994135e-01 1.533535e-03 -3.420859e-02 -2.411255e+01 -1.487099e-03 9.999979e-01 1.382767e-03 -1.420777e+00 3.421055e-02 -1.331080e-03 9.994137e-01 8.850789e+01
9.988738e-01 -1.905658e-03 4.740731e-02 -2.436789e+01 1.991795e-03 9.999965e-01 -1.769734e-03 -1.422205e+00 -4.740386e-02 1.862171e-03 9.988740e-01 8.892845e+01
9.995916e-01 1.377536e-03 -2.854359e-02 -2.459879e+01 -1.344812e-03 9.999984e-01 1.165527e-03 -1.423312e+00 2.854506e-02 -1.126662e-03 9.995918e-01 8.931110e+01
9.988787e-01 -1.904610e-03 4.730432e-02 -2.495849e+01 1.991636e-03 9.999964e-01 -1.792581e-03 -1.413681e+00 -4.730082e-02 1.884788e-03 9.988788e-01 8.944030e+01
9.995974e-01 1.398088e-03 -2.833848e-02 -2.518661e+01 -1.365104e-03 9.999984e-01 1.183171e-03 -1.415584e+00 2.834000e-02 -1.144005e-03 9.995976e-01 8.983555e+01
9.990855e-01 -1.810256e-03 4.271705e-02 -2.541617e+01 1.882258e-03 9.999969e-01 -1.645339e-03 -1.413146e+00 -4.271403e-02 1.724243e-03 9.990858e-01 9.005113e+01
9.996005e-01 1.405043e-03 -2.822694e-02 -2.569076e+01 -1.372598e-03 9.999984e-01 1.168707e-03 -1.410420e+00 2.822845e-02 -1.129492e-03 9.996008e-01 9.032050e+01
9.988470e-01 -1.943815e-03 4.796635e-02 -2.597882e+01 2.033505e-03 9.999963e-01 -1.821084e-03 -1.405600e+00 -4.796272e-02 1.916528e-03 9.988472e-01 9.053280e+01
9.996471e-01 1.344025e-03 -2.652821e-02 -2.625565e+01 -1.316420e-03 9.999986e-01 1.057953e-03 -1.391634e+00 2.652951e-02 -1.022653e-03 9.996474e-01 9.035812e+01
9.988557e-01 -1.947999e-03 4.778611e-02 -2.641476e+01 2.036370e-03 9.999963e-01 -1.800647e-03 -1.379611e+00 -4.778251e-02 1.895901e-03 9.988559e-01 9.009349e+01
9.996998e-01 1.292991e-03 -2.446558e-02 -2.640694e+01 -1.269794e-03 9.999987e-01 9.635870e-04 -1.371300e+00 2.446672e-02 -9.322278e-04 9.997001e-01 8.975856e+01
9.988259e-01 -1.964222e-03 4.840399e-02 -2.655197e+01 2.054057e-03 9.999963e-01 -1.806225e-03 -1.359962e+00 -4.840034e-02 1.903532e-03 9.988261e-01 8.950793e+01
9.997489e-01 1.265431e-03 -2.237116e-02 -2.672499e+01 -1.245265e-03 9.999988e-01 9.152264e-04 -1.359328e+00 2.237221e-02 -8.871349e-04 9.997492e-01 8.972964e+01
9.986598e-01 -2.063070e-03 5.171368e-02 -2.687413e+01 2.165158e-03 9.999958e-01 -1.918125e-03 -1.353796e+00 -5.170958e-02 2.027526e-03 9.986600e-01 8.973089e+01
9.997562e-01 1.257260e-03 -2.204544e-02 -2.684297e+01 -1.238698e-03 9.999989e-01 8.555099e-04 -1.347517e+00 2.204642e-02 -8.279901e-04 9.997565e-01 8.944924e+01
9.985812e-01 -2.101816e-03 5.320872e-02 -2.675165e+01 2.208712e-03 9.999957e-01 -1.950238e-03 -1.341902e+00 -5.320446e-02 2.064998e-03 9.985814e-01 8.912114e+01
9.997248e-01 1.288278e-03 -2.342287e-02 -2.677536e+01 -1.267929e-03 9.999988e-01 8.835342e-04 -1.332746e+00 2.342391e-02 -8.535890e-04 9.997252e-01 8.880495e+01
9.985207e-01 -2.122341e-03 5.433079e-02 -2.679002e+01 2.231990e-03 9.999956e-01 -1.957550e-03 -1.326273e+00 -5.432646e-02 2.075924e-03 9.985210e-01 8.857441e+01
9.998342e-01 1.159668e-03 -1.817114e-02 -2.676433e+01 -1.147684e-03 9.999991e-01 6.698469e-04 -1.322244e+00 1.817184e-02 -6.488777e-04 9.998346e-01 8.839352e+01
9.985239e-01 -2.126814e-03 5.427189e-02 -2.673388e+01 2.234892e-03 9.999956e-01 -1.930773e-03 -1.317949e+00 -5.426761e-02 2.049219e-03 9.985242e-01 8.819611e+01
9.997985e-01 1.199079e-03 -2.003975e-02 -2.674732e+01 -1.185038e-03 9.999990e-01 7.124324e-04 -1.310996e+00 2.004052e-02 -6.885376e-04 9.997988e-01 8.795467e+01
9.987715e-01 -2.019413e-03 4.951075e-02 -2.675112e+01 2.107933e-03 9.999963e-01 -1.735717e-03 -1.305202e+00 -4.950712e-02 1.837953e-03 9.987720e-01 8.773749e+01
9.997429e-01 1.289962e-03 -2.263906e-02 -2.649073e+01 -1.272579e-03 9.999989e-01 7.822111e-04 -1.305976e+00 2.263999e-02 -7.531968e-04 9.997433e-01 8.744012e+01
9.987402e-01 -2.038841e-03 5.013827e-02 -2.624812e+01 2.128366e-03 9.999962e-01 -1.732212e-03 -1.307437e+00 -5.013460e-02 1.836746e-03 9.987407e-01 8.718994e+01
9.997551e-01 1.268715e-03 -2.209177e-02 -2.611381e+01 -1.252031e-03 9.999989e-01 7.690156e-04 -1.311333e+00 2.209267e-02 -7.411646e-04 9.997556e-01 8.716360e+01
9.989242e-01 -1.942717e-03 4.633287e-02 -2.588637e+01 2.018776e-03 9.999967e-01 -1.594820e-03 -1.315423e+00 -4.632966e-02 1.686643e-03 9.989247e-01 8.701834e+01
9.998182e-01 1.179962e-03 -1.902916e-02 -2.576009e+01 -1.168263e-03 9.999991e-01 6.258562e-04 -1.313900e+00 1.902984e-02 -6.035084e-04 9.998186e-01 8.679354e+01
9.989658e-01 -1.914588e-03 4.542795e-02 -2.553578e+01 1.985890e-03 9.999969e-01 -1.524461e-03 -1.319201e+00 -4.542493e-02 1.613102e-03 9.989664e-01 8.669581e+01
9.997189e-01 1.312729e-03 -2.367424e-02 -2.524132e+01 -1.294779e-03 9.999989e-01 7.734618e-04 -1.325226e+00 2.367518e-02 -7.425886e-04 9.997193e-01 8.653572e+01
9.988673e-01 -1.962657e-03 4.754112e-02 -2.494597e+01 2.040218e-03 9.999967e-01 -1.582962e-03 -1.331202e+00 -4.753789e-02 1.678166e-03 9.988679e-01 8.637337e+01
9.997139e-01 1.283656e-03 -2.388600e-02 -2.485300e+01 -1.265675e-03 9.999989e-01 7.678751e-04 -1.329709e+00 2.388693e-02 -7.374207e-04 9.997143e-01 8.618367e+01
9.989437e-01 -1.888636e-03 4.591255e-02 -2.454296e+01 1.960141e-03 9.999969e-01 -1.512428e-03 -1.334967e+00 -4.590959e-02 1.600829e-03 9.989442e-01 8.597336e+01
9.997813e-01 1.187457e-03 -2.088002e-02 -2.442106e+01 -1.174455e-03 9.999991e-01 6.348887e-04 -1.336144e+00 2.088073e-02 -6.102246e-04 9.997817e-01 8.585583e+01
9.988112e-01 -1.952454e-03 4.870751e-02 -2.448815e+01 2.031553e-03 9.999967e-01 -1.574500e-03 -1.335776e+00 -4.870430e-02 1.671583e-03 9.988117e-01 8.593032e+01
9.995531e-01 1.418511e-03 -2.986073e-02 -2.443051e+01 -1.390537e-03 9.999986e-01 9.575539e-04 -1.340290e+00 2.986202e-02 -9.156010e-04 9.995535e-01 8.601313e+01
9.991301e-01 -1.772268e-03 4.166525e-02 -2.429928e+01 1.828913e-03 9.999975e-01 -1.321431e-03 -1.347019e+00 -4.166283e-02 1.396486e-03 9.991307e-01 8.607598e+01
9.996964e-01 1.280200e-03 -2.460473e-02 -2.405119e+01 -1.262362e-03 9.999989e-01 7.404821e-04 -1.352474e+00 2.460563e-02 -7.091948e-04 9.996969e-01 8.594129e+01
9.992232e-01 -1.709335e-03 3.937160e-02 -2.387426e+01 1.758734e-03 9.999977e-01 -1.220076e-03 -1.360937e+00 -3.936945e-02 1.288374e-03 9.992238e-01 8.601410e+01
9.996630e-01 1.332244e-03 -2.592496e-02 -2.370540e+01 -1.311962e-03 9.999988e-01 7.993175e-04 -1.375577e+00 2.592597e-02 -7.650333e-04 9.996635e-01 8.633684e+01
9.991070e-01 -1.794621e-03 4.221366e-02 -2.358508e+01 1.852156e-03 9.999974e-01 -1.323878e-03 -1.383790e+00 -4.221119e-02 1.400884e-03 9.991076e-01 8.647695e+01
9.997390e-01 1.252674e-03 -2.280960e-02 -2.340749e+01 -1.237906e-03 9.999990e-01 6.615254e-04 -1.389700e+00 2.281039e-02 -6.331145e-04 9.997395e-01 8.645115e+01
9.992237e-01 -1.725339e-03 3.935640e-02 -2.314640e+01 1.774470e-03 9.999977e-01 -1.213453e-03 -1.398369e+00 -3.935424e-02 1.282350e-03 9.992244e-01 8.642309e+01
9.996403e-01 1.369385e-03 -2.678454e-02 -2.268649e+01 -1.348383e-03 9.999988e-01 8.021684e-04 -1.408179e+00 2.678559e-02 -7.657620e-04 9.996408e-01 8.618719e+01
9.995581e-01 -1.462366e-03 2.968817e-02 -2.214278e+01 1.489522e-03 9.999985e-01 -8.926108e-04 -1.420611e+00 -2.968684e-02 9.364397e-04 9.995587e-01 8.591557e+01
9.994272e-01 1.583188e-03 -3.380457e-02 -2.157285e+01 -1.547149e-03 9.999982e-01 1.092241e-03 -1.437600e+00 3.380622e-02 -1.039312e-03 9.994278e-01 8.575063e+01
9.997225e-01 -1.301799e-03 2.352114e-02 -2.103667e+01 1.317576e-03 9.999989e-01 -6.552532e-04 -1.455451e+00 -2.352028e-02 6.860644e-04 9.997230e-01 8.564758e+01
9.993061e-01 1.738498e-03 -3.720727e-02 -2.040815e+01 -1.693521e-03 9.999978e-01 1.240298e-03 -1.477496e+00 3.720933e-02 -1.176424e-03 9.993067e-01 8.558275e+01
9.997323e-01 -1.300717e-03 2.310106e-02 -1.972351e+01 1.315901e-03 9.999989e-01 -6.420601e-04 -1.501654e+00 -2.310022e-02 6.722892e-04 9.997328e-01 8.551510e+01
9.988632e-01 2.076262e-03 -4.762280e-02 -1.923969e+01 -1.998060e-03 9.999966e-01 1.689646e-03 -1.519153e+00 4.762612e-02 -1.592569e-03 9.988639e-01 8.547918e+01
9.996699e-01 -1.367209e-03 2.565618e-02 -1.876381e+01 1.387248e-03 9.999987e-01 -7.632608e-04 -1.537080e+00 -2.565513e-02 7.986027e-04 9.996704e-01 8.547081e+01
9.992726e-01 1.732612e-03 -3.809634e-02 -1.817614e+01 -1.684142e-03 9.999977e-01 1.304364e-03 -1.557533e+00 3.809849e-02 -1.239254e-03 9.992731e-01 8.539834e+01
9.997630e-01 -1.227590e-03 2.173664e-02 -1.766564e+01 1.241481e-03 9.999990e-01 -6.255395e-04 -1.578349e+00 -2.173588e-02 6.523793e-04 9.997634e-01 8.544543e+01
9.996593e-01 1.357997e-03 -2.606725e-02 -1.719609e+01 -1.337346e-03 9.999988e-01 8.096231e-04 -1.599442e+00 2.606829e-02 -7.744838e-04 9.996598e-01 8.555757e+01
9.996929e-01 -1.317703e-03 2.474508e-02 -1.669772e+01 1.336481e-03 9.999988e-01 -7.423048e-04 -1.622255e+00 -2.474410e-02 7.751507e-04 9.996934e-01 8.569558e+01
9.995467e-01 1.468876e-03 -3.007141e-02 -1.617691e+01 -1.440283e-03 9.999985e-01 9.724834e-04 -1.645308e+00 3.007276e-02 -9.287287e-04 9.995472e-01 8.580262e+01
9.997931e-01 -1.217086e-03 2.030309e-02 -1.577406e+01 1.228876e-03 9.999991e-01 -5.681809e-04 -1.663304e+00 -2.030241e-02 5.930159e-04 9.997936e-01 8.587922e+01
9.990204e-01 1.972015e-03 -4.420794e-02 -1.545019e+01 -1.904193e-03 9.999969e-01 1.576208e-03 -1.678407e+00 4.421088e-02 -1.490481e-03 9.990210e-01 8.597527e+01
9.995694e-01 -1.507850e-03 2.930567e-02 -1.532073e+01 1.535992e-03 9.999984e-01 -9.378000e-04 -1.695746e+00 -2.930424e-02 9.824121e-04 9.995700e-01 8.642993e+01
9.988430e-01 2.103411e-03 -4.804391e-02 -1.513256e+01 -2.021244e-03 9.999964e-01 1.758767e-03 -1.712139e+00 4.804740e-02 -1.659621e-03 9.988436e-01 8.675897e+01
9.996843e-01 -1.378369e-03 2.508611e-02 -1.488711e+01 1.398664e-03 9.999987e-01 -7.914647e-04 -1.727402e+00 -2.508502e-02 8.263047e-04 9.996849e-01 8.697110e+01
9.987366e-01 2.189921e-03 -5.020426e-02 -1.462476e+01 -2.098968e-03 9.999961e-01 1.864287e-03 -1.740864e+00 5.020810e-02 -1.756551e-03 9.987371e-01 8.709599e+01
