9.999715e-01 1.672515e-04 -7.549615e-03 1.341407e-02 -1.651831e-04 9.999999e-01 2.745855e-04 -6.148126e-03 7.549660e-03 -2.733301e-04 9.999714e-01 1.388945e-01
9.999732e-01 -8.004921e-05 7.317029e-03 2.866656e-02 8.207986e-05 1.000000e+00 -2.772219e-04 -1.207603e-02 -7.317008e-03 2.778156e-04 9.999731e-01 2.776419e-01
9.999982e-01 -2.656502e-05 1.911701e-03 5.961888e-02 2.676021e-05 1.000000e+00 -1.020679e-04 -1.691258e-02 -1.911698e-03 1.021193e-04 9.999981e-01 4.045431e-01
9.999620e-01 2.933934e-04 -8.717942e-03 8.611565e-02 -2.901022e-04 9.999999e-01 3.787812e-04 -2.264868e-02 8.718052e-03 -3.762372e-04 9.999618e-01 5.354626e-01
9.999651e-01 2.776359e-04 -8.353746e-03 1.050946e-01 -2.757456e-04 9.999999e-01 2.274322e-04 -2.761377e-02 8.353806e-03 -2.251202e-04 9.999650e-01 6.392540e-01
9.999997e-01 -8.397888e-05 8.277162e-04 1.165415e-01 8.394712e-05 1.000000e+00 3.843408e-05 -3.309623e-02 -8.277224e-04 -3.836400e-05 9.999996e-01 7.318488e-01
9.999998e-01 1.050221e-04 -5.705399e-04 1.176917e-01 -1.050729e-04 1.000000e+00 -8.908402e-05 -3.819494e-02 5.705276e-04 8.914453e-05 9.999997e-01 8.403785e-01
9.999982e-01 -6.547543e-05 1.891474e-03 1.263450e-01 6.548230e-05 1.000000e+00 -3.556411e-06 -4.362747e-02 -1.891477e-03 3.680829e-06 9.999981e-01 9.686624e-01
9.999749e-01 2.158292e-04 -7.079891e-03 1.362413e-01 -2.145512e-04 1.000000e+00 1.812624e-04 -4.963350e-02 7.079926e-03 -1.797383e-04 9.999748e-01 1.107022e+00
9.999957e-01 4.755282e-05 -2.931429e-03 1.472090e-01 -4.699933e-05 1.000000e+00 1.888708e-04 -5.560424e-02 2.931433e-03 -1.887316e-04 9.999956e-01 1.241632e+00
1.000000e+00 5.474719e-05 -4.720236e-05 1.432184e-01 -5.475248e-05 1.000000e+00 -1.127777e-04 -6.130150e-02 4.719158e-05 1.127809e-04 9.999999e-01 1.363043e+00
9.999973e-01 -2.254171e-05 -2.305299e-03 1.341973e-01 2.285534e-05 1.000000e+00 1.360068e-04 -6.671220e-02 2.305291e-03 -1.360585e-04 9.999972e-01 1.480369e+00
9.999994e-01 1.125979e-05 1.116328e-03 1.289109e-01 -1.113019e-05 1.000000e+00 -1.160679e-04 -7.202872e-02 -1.116334e-03 1.160561e-04 9.999993e-01 1.601557e+00
9.999778e-01 1.959427e-05 6.659405e-03 1.521964e-01 -1.799295e-05 1.000000e+00 -2.405145e-04 -7.705202e-02 -6.659414e-03 2.403899e-04 9.999777e-01 1.730589e+00
9.998765e-01 -5.674397e-04 1.570598e-02 1.973679e-01 5.768718e-04 9.999997e-01 -5.960125e-04 -8.058447e-02 -1.570564e-02 6.049997e-04 9.998764e-01 1.856757e+00
9.999997e-01 2.824150e-04 -6.935427e-04 2.375758e-01 -2.824056e-04 1.000000e+00 1.360971e-05 -8.507430e-02 6.935461e-04 -1.341339e-05 9.999997e-01 1.987643e+00
9.999917e-01 -2.631521e-04 4.065178e-03 2.499432e-01 2.638873e-04 9.999999e-01 -1.803139e-04 -9.031042e-02 -4.065131e-03 1.813856e-04 9.999916e-01 2.116857e+00
9.999982e-01 2.914251e-04 -1.892098e-03 2.496816e-01 -2.913122e-04 1.000000e+00 5.992650e-05 -9.522079e-02 1.892115e-03 -5.937477e-05 9.999981e-01 2.227327e+00
9.999969e-01 -2.746596e-04 2.465635e-03 2.552735e-01 2.749215e-04 1.000000e+00 -1.058447e-04 -1.008128e-01 -2.465606e-03 1.065226e-04 9.999969e-01 2.364920e+00
9.999936e-01 2.495037e-04 -3.556226e-03 2.626042e-01 -2.490621e-04 1.000000e+00 1.246198e-04 -1.066092e-01 3.556257e-03 -1.237329e-04 9.999936e-01 2.512127e+00
9.999883e-01 -2.233495e-04 4.825530e-03 2.725908e-01 2.243615e-04 1.000000e+00 -2.091857e-04 -1.119065e-01 -4.825483e-03 2.102663e-04 9.999882e-01 2.640870e+00
9.999993e-01 2.602801e-04 1.160647e-03 2.881190e-01 -2.602030e-04 1.000000e+00 -6.655520e-05 -1.167305e-01 -1.160663e-03 6.625354e-05 9.999992e-01 2.751428e+00
9.999914e-01 -2.539730e-04 4.144322e-03 3.026721e-01 2.546529e-04 1.000000e+00 -1.635234e-04 -1.217918e-01 -4.144279e-03 1.645777e-04 9.999913e-01 2.869728e+00
9.999991e-01 3.034438e-04 -1.335585e-03 3.367049e-01 -3.034247e-04 1.000000e+00 1.446400e-05 -1.273621e-01 1.335591e-03 -1.405839e-05 9.999990e-01 2.994420e+00
9.999915e-01 -2.872851e-04 4.122367e-03 3.700802e-01 2.878763e-04 9.999999e-01 -1.428233e-04 -1.329965e-01 -4.122324e-03 1.440092e-04 9.999914e-01 3.126954e+00
9.999980e-01 3.496976e-04 -1.952129e-03 4.171748e-01 -3.496591e-04 9.999999e-01 2.007622e-05 -1.386539e-01 1.952138e-03 -1.939328e-05 9.999980e-01 3.234962e+00
9.999652e-01 -3.415672e-04 8.339907e-03 5.010699e-01 3.440434e-04 9.999999e-01 -2.954680e-04 -1.438479e-01 -8.339802e-03 2.983273e-04 9.999651e-01 3.317312e+00
9.999786e-01 3.422330e-04 -6.533174e-03 5.824767e-01 -3.410830e-04 9.999999e-01 1.771422e-04 -1.500100e-01 6.533237e-03 -1.749098e-04 9.999785e-01 3.435914e+00
9.999633e-01 -3.443841e-04 8.562599e-03 6.661399e-01 3.471390e-04 9.999999e-01 -3.202494e-04 -1.564047e-01 -8.562484e-03 3.232104e-04 9.999632e-01 3.569241e+00
9.999798e-01 3.471186e-04 -6.343154e-03 7.087419e-01 -3.459816e-04 9.999999e-01 1.803435e-04 -1.622929e-01 6.343220e-03 -1.781450e-04 9.999798e-01 3.709566e+00
9.999571e-01 -3.618417e-04 9.250551e-03 7.537292e-01 3.649971e-04 9.999999e-01 -3.394184e-04 -1.683215e-01 -9.250423e-03 3.427806e-04 9.999571e-01 3.858896e+00
9.999758e-01 3.951581e-04 -6.946868e-03 8.203135e-01 -3.938876e-04 9.999999e-01 1.842513e-04 -1.745677e-01 6.946944e-03 -1.815103e-04 9.999758e-01 3.994783e+00
9.999599e-01 -3.700986e-04 8.947785e-03 8.586666e-01 3.727630e-04 9.999999e-01 -2.961075e-04 -1.801359e-01 -8.947671e-03 2.994313e-04 9.999598e-01 4.114749e+00
9.999700e-01 3.736619e-04 -7.742868e-03 8.854016e-01 -3.719853e-04 9.999999e-01 2.179645e-04 -1.855688e-01 7.742953e-03 -2.150775e-04 9.999699e-01 4.232884e+00
9.999641e-01 -3.635868e-04 8.462204e-03 9.021104e-01 3.659613e-04 9.999999e-01 -2.790549e-04 -1.907684e-01 -8.462097e-03 2.821419e-04 9.999641e-01 4.340602e+00
9.999730e-01 3.643088e-04 -7.345425e-03 9.125196e-01 -3.628190e-04 9.999999e-01 2.041447e-04 -1.959343e-01 7.345503e-03 -2.014739e-04 9.999729e-01 4.458558e+00
9.999642e-01 -3.710616e-04 8.455118e-03 9.228704e-01 3.734785e-04 9.999999e-01 -2.842716e-04 -2.010969e-01 -8.455007e-03 2.874194e-04 9.999641e-01 4.578412e+00
9.999765e-01 4.057297e-04 -6.841064e-03 9.485245e-01 -4.044455e-04 9.999999e-01 1.891023e-04 -2.064945e-01 6.841144e-03 -1.863308e-04 9.999765e-01 4.697507e+00
9.999584e-01 -3.643145e-04 9.119491e-03 9.619871e-01 3.670842e-04 9.999999e-01 -3.020288e-04 -2.113760e-01 -9.119375e-03 3.053640e-04 9.999583e-01 4.791395e+00
9.999924e-01 4.020514e-04 -3.880623e-03 9.917527e-01 -4.018690e-04 9.999999e-01 4.779720e-05 -2.166640e-01 3.880647e-03 -4.623720e-05 9.999924e-01 4.913898e+00
9.999191e-01 -4.634632e-04 1.271081e-02 1.040981e+00 4.688135e-04 9.999998e-01 -4.179499e-04 -2.221009e-01 -1.271061e-02 4.238752e-04 9.999190e-01 5.051953e+00
9.999398e-01 5.063050e-04 -1.095963e-02 1.061282e+00 -5.028060e-04 9.999998e-01 3.220229e-04 -2.274908e-01 1.095979e-02 -3.164929e-04 9.999398e-01 5.174076e+00
9.999327e-01 -5.705483e-04 1.159174e-02 1.084252e+00 5.747598e-04 9.999998e-01 -3.599929e-04 -2.335449e-01 -1.159153e-02 3.666312e-04 9.999326e-01 5.336486e+00
9.999095e-01 6.679583e-04 -1.343475e-02 1.128178e+00 -6.623350e-04 9.999997e-01 4.230067e-04 -2.401059e-01 1.343504e-02 -4.140701e-04 9.999096e-01 5.479193e+00
9.999422e-01 -5.762545e-04 1.073685e-02 1.161608e+00 5.804986e-04 9.999998e-01 -3.921695e-04 -2.451711e-01 -1.073662e-02 3.983796e-04 9.999422e-01 5.535489e+00
9.999549e-01 6.196765e-04 -9.472192e-03 1.194646e+00 -6.166635e-04 9.999998e-01 3.209963e-04 -2.504923e-01 9.472395e-03 -3.151406e-04 9.999550e-01 5.631265e+00
9.999680e-01 -5.092925e-04 7.980223e-03 1.240358e+00 5.115810e-04 9.999998e-01 -2.847316e-04 -2.556805e-01 -7.980070e-03 2.888051e-04 9.999680e-01 5.685262e+00
9.999462e-01 5.742772e-04 -1.035322e-02 1.271260e+00 -5.706739e-04 9.999998e-01 3.509875e-04 -2.615026e-01 1.035342e-02 -3.450602e-04 9.999462e-01 5.790307e+00
9.999826e-01 -4.801429e-04 5.882402e-03 1.285386e+00 4.814685e-04 9.999999e-01 -2.239305e-04 -2.674154e-01 -5.882288e-03 2.267589e-04 9.999826e-01 5.906469e+00
9.996936e-01 1.113628e-03 -2.472623e-02 1.312295e+00 -1.093551e-03 9.999991e-01 8.255004e-04 -2.715459e-01 2.472713e-02 -7.982080e-04 9.996938e-01 5.971661e+00
9.997061e-01 5.205157e-04 -2.423765e-02 1.337328e+00 -4.984575e-04 9.999995e-01 9.161102e-04 -2.735479e-01 2.423812e-02 -9.037592e-04 9.997057e-01 6.050675e+00
9.992576e-01 1.572896e-03 -3.849422e-02 1.355844e+00 -1.513766e-03 9.999976e-01 1.565170e-03 -2.757042e-01 3.849658e-02 -1.505736e-03 9.992575e-01 6.171586e+00
9.997406e-01 4.733384e-04 -2.276919e-02 1.381025e+00 -4.542253e-04 9.999995e-01 8.445894e-04 -2.778564e-01 2.276956e-02 -8.340272e-04 9.997403e-01 6.286815e+00
9.986325e-01 2.005870e-03 -5.224006e-02 1.432480e+00 -1.888818e-03 9.999956e-01 2.289931e-03 -2.798609e-01 5.224441e-02 -2.188127e-03 9.986318e-01 6.426172e+00
9.994050e-01 8.709042e-04 -3.447943e-02 1.486734e+00 -8.238755e-04 9.999987e-01 1.378143e-03 -2.814001e-01 3.448056e-02 -1.348915e-03 9.994044e-01 6.581857e+00
9.983202e-01 2.272645e-03 -5.789339e-02 1.513461e+00 -2.152459e-03 9.999954e-01 2.138255e-03 -2.800222e-01 5.789794e-02 -2.010048e-03 9.983204e-01 6.643091e+00
9.991685e-01 1.174194e-03 -4.075324e-02 1.520602e+00 -1.122093e-03 9.999985e-01 1.301287e-03 -2.760320e-01 4.075466e-02 -1.254475e-03 9.991683e-01 6.588959e+00
9.980282e-01 2.442169e-03 -6.271906e-02 1.531317e+00 -2.302039e-03 9.999947e-01 2.306405e-03 -2.711256e-01 6.272430e-02 -2.157474e-03 9.980285e-01 6.498807e+00
9.988239e-01 1.380701e-03 -4.846504e-02 1.567211e+00 -1.288777e-03 9.999973e-01 1.927878e-03 -2.676411e-01 4.846750e-02 -1.863147e-03 9.988229e-01 6.480128e+00
9.975900e-01 2.589751e-03 -6.933607e-02 1.610795e+00 -2.389855e-03 9.999927e-01 2.965784e-03 -2.665551e-01 6.934317e-02 -2.792931e-03 9.975889e-01 6.613877e+00
9.991176e-01 1.199251e-03 -4.198321e-02 1.648811e+00 -1.134809e-03 9.999981e-01 1.558716e-03 -2.652674e-01 4.198492e-02 -1.509695e-03 9.991170e-01 6.720355e+00
9.985148e-01 2.104184e-03 -5.444036e-02 1.665721e+00 -1.990911e-03 9.999957e-01 2.134800e-03 -2.636916e-01 5.444453e-02 -2.023241e-03 9.985147e-01 6.775468e+00
9.998790e-01 3.796031e-04 -1.554983e-02 1.685285e+00 -3.756650e-04 9.999999e-01 2.560729e-04 -2.622539e-01 1.554984e-02 -2.501976e-04 9.998790e-01 6.746411e+00
9.985083e-01 2.100710e-03 -5.455920e-02 1.707496e+00 -1.987097e-03 9.999957e-01 2.136522e-03 -2.601480e-01 5.456336e-02 -2.024918e-03 9.985082e-01 6.664634e+00
9.999999e-01 -1.317174e-04 1.889083e-04 1.730124e+00 1.317540e-04 1.000000e+00 -1.832194e-04 -2.604374e-01 -1.889783e-04 1.832470e-04 9.999999e-01 6.640971e+00
9.985366e-01 2.018299e-03 -5.404190e-02 1.752071e+00 -1.909842e-03 9.999961e-01 2.058437e-03 -2.611706e-01 5.404574e-02 -1.952211e-03 9.985365e-01 6.673755e+00
9.999986e-01 -1.546308e-05 -1.674961e-03 1.768450e+00 1.528488e-05 1.000000e+00 -1.076914e-04 -2.615986e-01 1.674865e-03 1.076683e-04 9.999985e-01 6.682997e+00
9.983676e-01 2.115177e-03 -5.707585e-02 1.787829e+00 -1.996068e-03 9.999957e-01 2.143759e-03 -2.614770e-01 5.708004e-02 -2.026330e-03 9.983675e-01 6.677751e+00
9.999926e-01 -1.965798e-04 3.823766e-03 1.801659e+00 1.975831e-04 9.999999e-01 -2.614126e-04 -2.622832e-01 -3.823813e-03 2.621688e-04 9.999926e-01 6.699356e+00
9.988247e-01 1.781662e-03 -4.843451e-02 1.816594e+00 -1.695029e-03 9.999969e-01 1.829616e-03 -2.641394e-01 4.843751e-02 -1.745365e-03 9.988246e-01 6.750951e+00
9.998647e-01 -5.560084e-04 1.643924e-02 1.835208e+00 5.667880e-04 9.999996e-01 -6.509233e-04 -2.672555e-01 -1.643897e-02 6.601554e-04 9.998646e-01 6.798826e+00
9.991185e-01 1.499881e-03 -4.195070e-02 1.859052e+00 -1.436128e-03 9.999978e-01 1.549758e-03 -2.711087e-01 4.195283e-02 -1.488143e-03 9.991184e-01 6.892405e+00
9.999483e-01 -3.316941e-04 1.015319e-02 1.873270e+00 3.357807e-04 9.999999e-01 -4.005517e-04 -2.745313e-01 -1.015316e-02 4.039427e-04 9.999483e-01 6.969302e+00
9.998762e-01 7.805461e-04 -1.571295e-02 1.879190e+00 -7.695785e-04 9.999995e-01 7.038771e-04 -2.792137e-01 1.571339e-02 -6.916953e-04 9.998762e-01 7.049450e+00
9.991204e-01 -1.446979e-03 4.190782e-02 1.914401e+00 1.513794e-03 9.999976e-01 -1.562582e-03 -2.816770e-01 -4.190556e-02 1.624650e-03 9.991202e-01 7.144370e+00
9.998739e-01 7.830484e-04 -1.585914e-02 1.949352e+00 -7.719024e-04 9.999995e-01 7.087739e-04 -2.840713e-01 1.585958e-02 -6.964404e-04 9.998739e-01 7.233960e+00
9.992941e-01 -1.317307e-03 3.754307e-02 1.984287e+00 1.371898e-03 9.999980e-01 -1.428310e-03 -2.872362e-01 -3.754121e-02 1.478810e-03 9.992939e-01 7.333893e+00
9.999068e-01 7.883710e-04 -1.362290e-02 2.017585e+00 -7.804761e-04 9.999995e-01 5.846715e-04 -2.899682e-01 1.362325e-02 -5.739823e-04 9.999070e-01 7.431172e+00
9.991101e-01 -1.543952e-03 4.214896e-02 2.052826e+00 1.609325e-03 9.999976e-01 -1.517058e-03 -2.921388e-01 -4.214661e-02 1.583542e-03 9.991101e-01 7.522103e+00
9.997277e-01 1.119937e-03 -2.330656e-02 2.087220e+00 -1.098926e-03 9.999990e-01 9.141789e-04 -2.955954e-01 2.330746e-02 -8.883153e-04 9.997279e-01 7.614809e+00
9.992067e-01 -1.442558e-03 3.979632e-02 2.121695e+00 1.501424e-03 9.999978e-01 -1.449275e-03 -2.993023e-01 -3.979424e-02 1.507879e-03 9.992067e-01 7.709001e+00
9.996588e-01 1.236235e-03 -2.608963e-02 2.153449e+00 -1.210817e-03 9.999988e-01 9.899511e-04 -3.034591e-01 2.609072e-02 -9.580211e-04 9.996591e-01 7.811298e+00
9.992064e-01 -1.461918e-03 3.980331e-02 2.186032e+00 1.519961e-03 9.999978e-01 -1.427982e-03 -3.075497e-01 -3.980124e-02 1.487351e-03 9.992065e-01 7.910367e+00
9.997379e-01 1.151207e-03 -2.286145e-02 2.218200e+00 -1.131902e-03 9.999990e-01 8.572739e-04 -3.110096e-01 2.286231e-02 -8.311698e-04 9.997382e-01 7.998617e+00
9.990254e-01 -1.673125e-03 4.410572e-02 2.253691e+00 1.741529e-03 9.999973e-01 -1.512484e-03 -3.139878e-01 -4.410317e-02 1.587824e-03 9.990257e-01 8.084112e+00
9.996411e-01 1.285814e-03 -2.675603e-02 2.289658e+00 -1.259870e-03 9.999987e-01 9.864154e-04 -3.174167e-01 2.675717e-02 -9.523498e-04 9.996414e-01 8.167501e+00
9.993988e-01 -1.389788e-03 3.464089e-02 2.316145e+00 1.430872e-03 9.999983e-01 -1.161176e-03 -3.222047e-01 -3.463931e-02 1.210047e-03 9.993991e-01 8.275347e+00
9.988378e-01 1.889251e-03 -4.815936e-02 2.336908e+00 -1.808168e-03 9.999969e-01 1.727108e-03 -3.277401e-01 4.816238e-02 -1.638018e-03 9.988381e-01 8.406018e+00
9.995270e-01 -1.285449e-03 3.072582e-02 2.352247e+00 1.317251e-03 9.999986e-01 -1.014718e-03 -3.331121e-01 -3.072457e-02 1.054714e-03 9.995273e-01 8.534740e+00
9.990527e-01 1.688493e-03 -4.348322e-02 2.361992e+00 -1.624412e-03 9.999975e-01 1.508932e-03 -3.389721e-01 4.348557e-02 -1.436866e-03 9.990530e-01 8.682842e+00
9.995399e-01 -1.162822e-03 3.030800e-02 2.381335e+00 1.192010e-03 9.999988e-01 -9.449238e-04 -3.443819e-01 -3.030697e-02 9.806190e-04 9.995401e-01 8.790780e+00
9.996967e-01 1.145936e-03 -2.459802e-02 2.435317e+00 -1.126651e-03 9.999990e-01 7.977680e-04 -3.496424e-01 2.459881e-02 -7.698102e-04 9.996970e-01 8.895091e+00
9.996367e-01 -1.133443e-03 2.692640e-02 2.477301e+00 1.155327e-03 9.999990e-01 -7.970987e-04 -3.553805e-01 -2.692557e-02 8.279205e-04 9.996370e-01 9.025072e+00
9.993328e-01 1.407035e-03 -3.649527e-02 2.480152e+00 -1.366931e-03 9.999984e-01 1.123771e-03 -3.606890e-01 3.649670e-02 -1.073133e-03 9.993331e-01 9.128447e+00
9.996637e-01 -1.125326e-03 2.590504e-02 2.481082e+00 1.145820e-03 9.999990e-01 -7.762034e-04 -3.658962e-01 -2.590424e-02 8.056274e-04 9.996640e-01 9.221906e+00
9.993777e-01 1.334956e-03 -3.524607e-02 2.479259e+00 -1.296566e-03 9.999985e-01 1.111981e-03 -3.716390e-01 3.524740e-02 -1.065588e-03 9.993780e-01 9.345043e+00
9.996545e-01 -1.156096e-03 2.625935e-02 2.473411e+00 1.177844e-03 9.999990e-01 -8.126652e-04 -3.774459e-01 -2.625849e-02 8.433163e-04 9.996548e-01 9.476029e+00
9.995392e-01 1.187167e-03 -3.032977e-02 2.458767e+00 -1.158825e-03 9.999989e-01 9.519418e-04 -3.830530e-01 3.033077e-02 -9.163538e-04 9.995394e-01 9.612599e+00
9.996449e-01 -1.161871e-03 2.661981e-02 2.445108e+00 1.183922e-03 9.999990e-01 -8.125390e-04 -3.887562e-01 -2.661894e-02 8.437688e-04 9.996452e-01 9.756868e+00
9.995783e-01 1.151130e-03 -2.901339e-02 2.427919e+00 -1.125436e-03 9.999990e-01 9.018433e-04 -3.940429e-01 2.901430e-02 -8.688079e-04 9.995786e-01 9.889996e+00
9.995929e-01 -1.173348e-03 2.850543e-02 2.407432e+00 1.199076e-03 9.999989e-01 -8.853954e-04 -3.988006e-01 -2.850446e-02 9.192177e-04 9.995932e-01 1.000455e+01
9.995475e-01 1.138787e-03 -3.005623e-02 2.387552e+00 -1.110856e-03 9.999989e-01 9.459102e-04 -4.037741e-01 3.005718e-02 -9.120916e-04 9.995477e-01 1.012861e+01
9.996359e-01 -1.113386e-03 2.695780e-02 2.377328e+00 1.136097e-03 9.999990e-01 -8.270965e-04 -4.094397e-01 -2.695695e-02 8.574246e-04 9.996362e-01 1.026998e+01
9.995885e-01 1.136281e-03 -2.866275e-02 2.357945e+00 -1.111439e-03 9.999990e-01 8.825365e-04 -4.144183e-01 2.866363e-02 -8.503140e-04 9.995887e-01 1.038010e+01
9.996442e-01 -1.114376e-03 2.664919e-02 2.335943e+00 1.137068e-03 9.999990e-01 -8.362851e-04 -4.192439e-01 -2.664833e-02 8.662921e-04 9.996444e-01 1.047769e+01
9.996102e-01 1.166555e-03 -2.789218e-02 2.322175e+00 -1.142541e-03 9.999990e-01 8.768296e-04 -4.243022e-01 2.789307e-02 -8.446174e-04 9.996105e-01 1.058356e+01
9.994757e-01 -1.120434e-03 3.235596e-02 2.322132e+00 1.155366e-03 9.999988e-01 -1.060860e-03 -4.289037e-01 -3.235484e-02 1.097689e-03 9.994758e-01 1.068883e+01
9.996909e-01 1.098116e-03 -2.483674e-02 2.333143e+00 -1.079289e-03 9.999991e-01 7.713374e-04 -4.333514e-01 2.483746e-02 -7.442905e-04 9.996912e-01 1.079260e+01
9.991222e-01 -1.389069e-03 4.186675e-02 2.363369e+00 1.446331e-03 9.999981e-01 -1.337416e-03 -4.369524e-01 -4.186491e-02 1.396798e-03 9.991222e-01 1.088638e+01
9.996606e-01 1.098404e-03 -2.602595e-02 2.395758e+00 -1.077659e-03 9.999991e-01 8.110203e-04 -4.408953e-01 2.602672e-02 -7.826955e-04 9.996609e-01 1.098972e+01
9.992802e-01 -1.234487e-03 3.791304e-02 2.418202e+00 1.281930e-03 9.999984e-01 -1.227017e-03 -4.451952e-01 -3.791157e-02 1.274738e-03 9.992802e-01 1.109836e+01
9.996993e-01 1.055404e-03 -2.449603e-02 2.442567e+00 -1.037287e-03 9.999992e-01 7.522088e-04 -4.493229e-01 2.449671e-02 -7.265708e-04 9.996996e-01 1.120382e+01
9.992185e-01 -1.277769e-03 3.950459e-02 2.472983e+00 1.329343e-03 9.999983e-01 -1.279234e-03 -4.534513e-01 -3.950299e-02 1.330752e-03 9.992185e-01 1.131627e+01
9.997760e-01 9.138793e-04 -2.114278e-02 2.505035e+00 -9.003726e-04 9.999994e-01 6.482540e-04 -4.570535e-01 2.114327e-02 -6.290700e-04 9.997762e-01 1.141736e+01
9.993082e-01 -1.204248e-03 3.717083e-02 2.536254e+00 1.249514e-03 9.999985e-01 -1.194517e-03 -4.610410e-01 -3.716943e-02 1.240138e-03 9.993081e-01 1.152516e+01
9.996698e-01 1.073160e-03 -2.567092e-02 2.559176e+00 -1.053441e-03 9.999991e-01 7.816045e-04 -4.653668e-01 2.567164e-02 -7.543012e-04 9.996701e-01 1.163485e+01
9.991507e-01 -1.318563e-03 4.118443e-02 2.589828e+00 1.373812e-03 9.999982e-01 -1.313170e-03 -4.693489e-01 -4.118272e-02 1.368637e-03 9.991506e-01 1.174142e+01
9.996538e-01 1.071812e-03 -2.628717e-02 2.621525e+00 -1.051249e-03 9.999991e-01 7.960105e-04 -4.735641e-01 2.628791e-02 -7.680982e-04 9.996541e-01 1.185624e+01
9.991586e-01 -1.293878e-03 4.099311e-02 2.653833e+00 1.348580e-03 9.999982e-01 -1.306754e-03 -4.778225e-01 -4.099144e-02 1.360939e-03 9.991585e-01 1.197228e+01
9.996748e-01 1.030388e-03 -2.547841e-02 2.687369e+00 -1.011538e-03 9.999992e-01 7.526880e-04 -4.820545e-01 2.547907e-02 -7.266685e-04 9.996750e-01 1.209367e+01
9.989752e-01 -1.417194e-03 4.523827e-02 2.722942e+00 1.483705e-03 9.999979e-01 -1.436640e-03 -4.855694e-01 -4.523623e-02 1.502291e-03 9.989751e-01 1.220201e+01
9.995398e-01 1.134018e-03 -3.031401e-02 2.756090e+00 -1.105853e-03 9.999989e-01 9.457942e-04 -4.900043e-01 3.031496e-02 -9.118337e-04 9.995399e-01 1.232604e+01
9.993681e-01 -1.100975e-03 3.552628e-02 2.767775e+00 1.142624e-03 9.999987e-01 -1.152028e-03 -4.950443e-01 -3.552506e-02 1.191896e-03 9.993680e-01 1.245314e+01
9.995048e-01 1.136417e-03 -3.144530e-02 2.778428e+00 -1.105878e-03 9.999989e-01 9.885199e-04 -5.002611e-01 3.144630e-02 -9.532534e-04 9.995049e-01 1.258662e+01
9.992953e-01 -1.058325e-03 3.751930e-02 2.791503e+00 1.105198e-03 9.999986e-01 -1.228544e-03 -5.051506e-01 -3.751804e-02 1.269147e-03 9.992951e-01 1.270870e+01
9.997772e-01 7.837510e-04 -2.109438e-02 2.826861e+00 -7.709422e-04 9.999995e-01 6.152670e-04 -5.093038e-01 2.109476e-02 -5.988650e-04 9.997772e-01 1.283229e+01
9.992751e-01 -1.139449e-03 3.805140e-02 2.868376e+00 1.186842e-03 9.999985e-01 -1.222892e-03 -5.135519e-01 -3.805004e-02 1.267169e-03 9.992750e-01 1.296289e+01
9.998139e-01 7.177367e-04 -1.927573e-02 2.906662e+00 -7.069413e-04 9.999996e-01 5.667865e-04 -5.171496e-01 1.927604e-02 -5.530519e-04 9.998140e-01 1.307202e+01
9.994833e-01 -9.719908e-04 3.212625e-02 2.938337e+00 1.004413e-03 9.999990e-01 -9.930373e-04 -5.216506e-01 -3.212534e-02 1.024795e-03 9.994833e-01 1.318835e+01
9.995877e-01 1.010606e-03 -2.869403e-02 2.951452e+00 -9.866855e-04 9.999992e-01 8.477466e-04 -5.268832e-01 2.869478e-02 -8.190828e-04 9.995878e-01 1.331565e+01
9.994291e-01 -9.429999e-04 3.377264e-02 2.964730e+00 9.790166e-04 9.999990e-01 -1.049880e-03 -5.317909e-01 -3.377171e-02 1.082347e-03 9.994289e-01 1.343155e+01
9.997120e-01 9.261355e-04 -2.398003e-02 2.991138e+00 -9.110435e-04 9.999994e-01 6.402128e-04 -5.367720e-01 2.398052e-02 -6.181793e-04 9.997122e-01 1.356390e+01
9.992088e-01 -1.135106e-03 3.975584e-02 3.033689e+00 1.186101e-03 9.999985e-01 -1.259110e-03 -5.412268e-01 -3.975444e-02 1.305270e-03 9.992086e-01 1.370017e+01
9.998201e-01 6.752386e-04 -1.895389e-02 3.078333e+00 -6.658817e-04 9.999997e-01 4.999034e-04 -5.448847e-01 1.895413e-02 -4.871903e-04 9.998202e-01 1.382395e+01
9.993614e-01 -9.551798e-04 3.571981e-02 3.113250e+00 9.957959e-04 9.999989e-01 -1.119262e-03 -5.490204e-01 -3.571879e-02 1.154119e-03 9.993611e-01 1.394342e+01
9.996642e-01 9.554557e-04 -2.589429e-02 3.139317e+00 -9.374732e-04 9.999993e-01 7.065417e-04 -5.539135e-01 2.589486e-02 -6.820271e-04 9.996644e-01 1.407109e+01
9.992904e-01 -9.972108e-04 3.765187e-02 3.171379e+00 1.042537e-03 9.999988e-01 -1.184171e-03 -5.587573e-01 -3.765073e-02 1.222586e-03 9.992901e-01 1.420248e+01
9.995604e-01 1.022556e-03 -2.962888e-02 3.193023e+00 -9.976799e-04 9.999991e-01 8.543286e-04 -5.636389e-01 2.962964e-02 -8.243909e-04 9.995605e-01 1.432504e+01
9.993805e-01 -9.821680e-04 3.518000e-02 3.208728e+00 1.020632e-03 9.999989e-01 -1.075377e-03 -5.686719e-01 -3.517899e-02 1.110619e-03 9.993803e-01 1.444758e+01
9.994937e-01 1.024456e-03 -3.179874e-02 3.223043e+00 -9.950707e-04 9.999991e-01 9.398827e-04 -5.740545e-01 3.179959e-02 -9.077629e-04 9.994938e-01 1.458593e+01
9.991279e-01 -1.013249e-03 4.174275e-02 3.254480e+00 1.070361e-03 9.999985e-01 -1.345833e-03 -5.790989e-01 -4.174141e-02 1.389341e-03 9.991274e-01 1.472596e+01
9.996058e-01 8.516421e-04 -2.806117e-02 3.289769e+00 -8.289434e-04 9.999993e-01 8.204862e-04 -5.837940e-01 2.806176e-02 -7.968996e-04 9.996058e-01 1.485960e+01
9.994496e-01 -7.747876e-04 3.316450e-02 3.299622e+00 8.095696e-04 9.999991e-01 -1.035320e-03 -5.886107e-01 -3.316375e-02 1.061601e-03 9.994493e-01 1.497030e+01
9.995908e-01 8.732000e-04 -2.858972e-02 3.305705e+00 -8.492644e-04 9.999993e-01 8.493048e-04 -5.931836e-01 2.859035e-02 -8.246751e-04 9.995908e-01 1.506052e+01
9.994330e-01 -7.732562e-04 3.365944e-02 3.316460e+00 8.090582e-04 9.999991e-01 -1.050012e-03 -5.977858e-01 -3.365869e-02 1.076652e-03 9.994327e-01 1.515078e+01
9.997088e-01 7.743500e-04 -2.411635e-02 3.336084e+00 -7.584903e-04 9.999995e-01 6.667294e-04 -6.022286e-01 2.411678e-02 -6.482414e-04 9.997089e-01 1.525289e+01
9.993974e-01 -8.128433e-04 3.470081e-02 3.356828e+00 8.506052e-04 9.999991e-01 -1.073434e-03 -6.066775e-01 -3.469999e-02 1.102306e-03 9.993971e-01 1.535899e+01
9.997509e-01 6.813694e-04 -2.230993e-02 3.380631e+00 -6.679215e-04 9.999996e-01 6.101790e-04 -6.110745e-01 2.231025e-02 -5.951238e-04 9.997508e-01 1.546936e+01
9.994053e-01 -7.316939e-04 3.447277e-02 3.403350e+00 7.698085e-04 9.999991e-01 -1.092355e-03 -6.153495e-01 -3.447202e-02 1.118245e-03 9.994050e-01 1.557575e+01
9.998732e-01 3.812271e-04 -1.591657e-02 3.434810e+00 -3.744910e-04 9.999998e-01 4.261330e-04 -6.190035e-01 1.591665e-02 -4.201166e-04 9.998732e-01 1.567945e+01
9.993711e-01 -7.396887e-04 3.545258e-02 3.465497e+00 7.806131e-04 9.999990e-01 -1.140485e-03 -6.224247e-01 -3.545179e-02 1.167444e-03 9.993706e-01 1.578060e+01
9.997843e-01 5.593711e-04 -2.076273e-02 3.493814e+00 -5.473507e-04 9.999997e-01 5.845793e-04 -6.267193e-01 2.076297e-02 -5.730870e-04 9.997842e-01 1.589354e+01
9.993670e-01 -7.402287e-04 3.556663e-02 3.523505e+00 7.813796e-04 9.999990e-01 -1.143097e-03 -6.309816e-01 -3.556582e-02 1.170166e-03 9.993666e-01 1.600767e+01
9.998686e-01 3.736817e-04 -1.620731e-02 3.553929e+00 -3.666756e-04 9.999998e-01 4.352063e-04 -6.345257e-01 1.620739e-02 -4.292046e-04 9.998685e-01 1.611294e+01
9.995307e-01 -5.809437e-04 3.062841e-02 3.580414e+00 6.104692e-04 9.999994e-01 -9.546221e-04 -6.386030e-01 -3.062791e-02 9.728735e-04 9.995303e-01 1.621221e+01
9.998063e-01 5.018986e-04 -1.967519e-02 3.597414e+00 -4.914004e-04 9.999997e-01 5.383698e-04 -6.427763e-01 1.967538e-02 -5.285954e-04 9.998062e-01 1.630673e+01
9.993129e-01 -7.346241e-04 3.705666e-02 3.624783e+00 7.790202e-04 9.999990e-01 -1.183613e-03 -6.462990e-01 -3.705583e-02 1.211670e-03 9.993124e-01 1.639985e+01
9.998299e-01 3.985780e-04 -1.843739e-02 3.653621e+00 -3.892705e-04 9.999998e-01 5.083676e-04 -6.500583e-01 1.843751e-02 -5.011024e-04 9.998298e-01 1.650743e+01
9.994727e-01 -5.237314e-04 3.246646e-02 3.679386e+00 5.586450e-04 9.999993e-01 -1.066290e-03 -6.544908e-01 -3.246594e-02 1.083866e-03 9.994722e-01 1.662675e+01
9.996366e-01 5.594357e-04 -2.694926e-02 3.686455e+00 -5.368842e-04 9.999995e-01 8.440227e-04 -6.595750e-01 2.694965e-02 -8.292459e-04 9.996364e-01 1.675357e+01
9.993979e-01 -4.868276e-04 3.469382e-02 3.700022e+00 5.279225e-04 9.999992e-01 -1.175331e-03 -6.644590e-01 -3.469329e-02 1.192940e-03 9.993972e-01 1.687497e+01
9.997382e-01 4.219053e-04 -2.287723e-02 3.724741e+00 -4.063068e-04 9.999997e-01 6.864532e-04 -6.692410e-01 2.287744e-02 -6.769769e-04 9.997380e-01 1.700298e+01
9.995793e-01 -3.740833e-04 2.899933e-02 3.737045e+00 4.017721e-04 9.999995e-01 -9.489664e-04 -6.742422e-01 -2.899903e-02 9.602198e-04 9.995789e-01 1.712502e+01
9.997582e-01 4.167480e-04 -2.198309e-02 3.752914e+00 -4.029190e-04 9.999997e-01 6.334747e-04 -6.792430e-01 2.198328e-02 -6.244627e-04 9.997581e-01 1.724860e+01
9.994468e-01 -4.873887e-04 3.325346e-02 3.775820e+00 5.238057e-04 9.999993e-01 -1.086413e-03 -6.838009e-01 -3.325297e-02 1.103232e-03 9.994463e-01 1.736505e+01
9.997422e-01 4.452142e-04 -2.270121e-02 3.798226e+00 -4.306349e-04 9.999997e-01 6.470922e-04 -6.885573e-01 2.270143e-02 -6.371481e-04 9.997420e-01 1.748817e+01
9.994627e-01 -4.354457e-04 3.277192e-02 3.819194e+00 4.713495e-04 9.999993e-01 -1.087832e-03 -6.933384e-01 -3.277149e-02 1.102696e-03 9.994622e-01 1.761368e+01
9.998815e-01 1.981545e-04 -1.539109e-02 3.849583e+00 -1.921906e-04 9.999999e-01 3.889405e-04 -6.973033e-01 1.539110e-02 -3.859351e-04 9.998814e-01 1.773299e+01
9.993383e-01 -6.251844e-04 3.636763e-02 3.883199e+00 6.678796e-04 9.999991e-01 -1.161841e-03 -7.008737e-01 -3.636693e-02 1.185363e-03 9.993377e-01 1.784795e+01
9.998465e-01 2.811044e-04 -1.751611e-02 3.915315e+00 -2.729563e-04 9.999999e-01 4.675454e-04 -7.044858e-01 1.751618e-02 -4.626914e-04 9.998464e-01 1.795481e+01
9.992433e-01 -7.231459e-04 3.888856e-02 3.947078e+00 7.718185e-04 9.999989e-01 -1.236583e-03 -7.077056e-01 -3.888768e-02 1.265664e-03 9.992427e-01 1.805738e+01
9.999459e-01 1.780538e-05 -1.039929e-02 3.979105e+00 -1.534819e-05 1.000000e+00 2.363329e-04 -7.098882e-01 1.039923e-02 -2.361595e-04 9.999458e-01 1.815283e+01
9.991565e-01 -8.027659e-04 4.105646e-02 4.011620e+00 8.573468e-04 9.999988e-01 -1.311813e-03 -7.119730e-01 -4.105541e-02 1.345907e-03 9.991559e-01 1.825290e+01
9.998943e-01 1.688025e-04 -1.453558e-02 4.045475e+00 -1.634942e-04 9.999999e-01 3.663607e-04 -7.148060e-01 1.453559e-02 -3.639446e-04 9.998942e-01 1.836480e+01
9.990373e-01 -8.832844e-04 4.385969e-02 4.079103e+00 9.458038e-04 9.999986e-01 -1.404703e-03 -7.170515e-01 -4.385843e-02 1.444834e-03 9.990366e-01 1.846788e+01
9.998941e-01 1.537895e-04 -1.454949e-02 4.112829e+00 -1.483055e-04 9.999999e-01 3.779879e-04 -7.192749e-01 1.454950e-02 -3.757893e-04 9.998940e-01 1.856915e+01
9.987839e-01 -1.081745e-03 4.929116e-02 4.147422e+00 1.160905e-03 9.999981e-01 -1.577367e-03 -7.208709e-01 -4.928940e-02 1.632671e-03 9.987831e-01 1.867028e+01
9.998890e-01 1.865934e-04 -1.489895e-02 4.182109e+00 -1.808150e-04 9.999999e-01 3.891785e-04 -7.224322e-01 1.489898e-02 -3.864408e-04 9.998888e-01 1.877104e+01
9.988787e-01 -1.038752e-03 4.733045e-02 4.217272e+00 1.111530e-03 9.999982e-01 -1.511344e-03 -7.243586e-01 -4.732884e-02 1.562259e-03 9.988780e-01 1.887414e+01
9.998949e-01 1.888889e-04 -1.449926e-02 4.251286e+00 -1.834751e-04 9.999999e-01 3.747045e-04 -7.260838e-01 1.449930e-02 -3.720045e-04 9.998947e-01 1.897351e+01
9.988427e-01 -1.067692e-03 4.808430e-02 4.285764e+00 1.142956e-03 9.999982e-01 -1.537792e-03 -7.277574e-01 -4.808260e-02 1.590970e-03 9.988420e-01 1.907427e+01
9.998641e-01 2.355834e-04 -1.648210e-02 4.321134e+00 -2.281786e-04 9.999999e-01 4.511404e-04 -7.297447e-01 1.648217e-02 -4.473181e-04 9.998640e-01 1.917610e+01
9.988139e-01 -1.083898e-03 4.867821e-02 4.355854e+00 1.161020e-03 9.999981e-01 -1.556082e-03 -7.316057e-01 -4.867646e-02 1.610753e-03 9.988132e-01 1.927520e+01
9.998280e-01 3.037448e-04 -1.854622e-02 4.391881e+00 -2.941709e-04 9.999998e-01 5.189431e-04 -7.338042e-01 1.854635e-02 -5.133981e-04 9.998278e-01 1.937899e+01
9.989660e-01 -9.728352e-04 4.545311e-02 4.428412e+00 1.040569e-03 9.999984e-01 -1.466552e-03 -7.366065e-01 -4.545163e-02 1.512333e-03 9.989653e-01 1.949246e+01
9.997952e-01 3.650255e-04 -2.023231e-02 4.465060e+00 -3.533995e-04 9.999998e-01 5.782023e-04 -7.396231e-01 2.023250e-02 -5.709340e-04 9.997950e-01 1.960710e+01
9.987865e-01 -1.067762e-03 4.923747e-02 4.500661e+00 1.148312e-03 9.999980e-01 -1.607697e-03 -7.419981e-01 -4.923567e-02 1.662286e-03 9.987857e-01 1.971543e+01
9.998322e-01 2.973429e-04 -1.831820e-02 4.537914e+00 -2.880992e-04 9.999998e-01 5.072566e-04 -7.442894e-01 1.831833e-02 -5.018944e-04 9.998320e-01 1.983094e+01
9.991113e-01 -8.286283e-04 4.214169e-02 4.579753e+00 8.886223e-04 9.999986e-01 -1.404914e-03 -7.479104e-01 -4.214047e-02 1.441113e-03 9.991106e-01 1.996810e+01
9.998007e-01 4.135669e-04 -1.995882e-02 4.619422e+00 -4.026854e-04 9.999998e-01 5.492153e-04 -7.514263e-01 1.995904e-02 -5.410694e-04 9.998006e-01 2.009403e+01
9.988711e-01 -1.079842e-03 4.749011e-02 4.660740e+00 1.154788e-03 9.999981e-01 -1.550731e-03 -7.544989e-01 -4.748835e-02 1.603821e-03 9.988704e-01 2.022539e+01
9.998418e-01 3.921620e-04 -1.778165e-02 4.699045e+00 -3.839370e-04 9.999998e-01 4.659654e-04 -7.569011e-01 1.778183e-02 -4.590654e-04 9.998417e-01 2.034278e+01
9.982977e-01 -1.461643e-03 5.830566e-02 4.734754e+00 1.572741e-03 9.999970e-01 -1.859589e-03 -7.577296e-01 -5.830277e-02 1.948122e-03 9.982969e-01 2.044385e+01
9.996655e-01 5.897801e-04 -2.585783e-02 4.784385e+00 -5.709857e-04 9.999996e-01 7.342125e-04 -7.602877e-01 2.585826e-02 -7.192035e-04 9.996653e-01 2.057601e+01
9.982244e-01 -1.419063e-03 5.954882e-02 4.828398e+00 1.536376e-03 9.999970e-01 -1.924297e-03 -7.622280e-01 -5.954590e-02 2.012369e-03 9.982234e-01 2.069361e+01
9.996926e-01 5.269570e-04 -2.478647e-02 4.871507e+00 -5.094779e-04 9.999996e-01 7.114905e-04 -7.641472e-01 2.478685e-02 -6.986449e-04 9.996924e-01 2.081200e+01
9.982779e-01 -1.378913e-03 5.864557e-02 4.916908e+00 1.493518e-03 9.999971e-01 -1.910406e-03 -7.662069e-01 -5.864275e-02 1.994703e-03 9.982769e-01 2.093353e+01
9.998039e-01 3.344129e-04 -1.979917e-02 4.958541e+00 -3.232713e-04 9.999998e-01 5.659191e-04 -7.676095e-01 1.979937e-02 -5.594092e-04 9.998037e-01 2.105013e+01
9.982431e-01 -1.369556e-03 5.923513e-02 5.002904e+00 1.488247e-03 9.999970e-01 -1.959653e-03 -7.689519e-01 -5.923224e-02 2.044365e-03 9.982420e-01 2.116987e+01
9.999233e-01 7.115279e-05 -1.238243e-02 5.047030e+00 -6.696447e-05 9.999999e-01 3.386365e-04 -7.693080e-01 1.238248e-02 -3.377832e-04 9.999232e-01 2.128329e+01
9.986140e-01 -1.189233e-03 5.261797e-02 5.094924e+00 1.283516e-03 9.999976e-01 -1.758088e-03 -7.707154e-01 -5.261572e-02 1.823185e-03 9.986131e-01 2.140660e+01
9.998238e-01 3.184296e-04 -1.876962e-02 5.145104e+00 -3.082018e-04 9.999998e-01 5.477770e-04 -7.728173e-01 1.876983e-02 -5.418978e-04 9.998236e-01 2.152970e+01
9.986071e-01 -1.198972e-03 5.274811e-02 5.189936e+00 1.293090e-03 9.999976e-01 -1.750183e-03 -7.747697e-01 -5.274585e-02 1.815951e-03 9.986062e-01 2.164536e+01
9.997544e-01 4.282202e-04 -2.215896e-02 5.236678e+00 -4.135039e-04 9.999997e-01 6.686731e-04 -7.772225e-01 2.215928e-02 -6.593484e-04 9.997541e-01 2.176519e+01
9.983254e-01 -1.400869e-03 5.783167e-02 5.282169e+00 1.512222e-03 9.999971e-01 -1.881738e-03 -7.789809e-01 -5.782882e-02 1.966039e-03 9.983245e-01 2.187464e+01
9.996299e-01 6.597212e-04 -2.719600e-02 5.329474e+00 -6.376802e-04 9.999995e-01 8.190883e-04 -7.811364e-01 2.719657e-02 -8.014455e-04 9.996297e-01 2.198217e+01
9.980124e-01 -1.602439e-03 6.299793e-02 5.378781e+00 1.734147e-03 9.999964e-01 -2.036046e-03 -7.828150e-01 -6.299439e-02 2.141244e-03 9.980115e-01 2.209271e+01
9.996204e-01 6.523305e-04 -2.754457e-02 5.433835e+00 -6.294057e-04 9.999994e-01 8.409087e-04 -7.845781e-01 2.754516e-02 -8.232557e-04 9.996201e-01 2.220418e+01
9.983349e-01 -1.437508e-03 5.766612e-02 5.499782e+00 1.549654e-03 9.999970e-01 -1.900063e-03 -7.873247e-01 -5.766316e-02 1.986259e-03 9.983340e-01 2.233295e+01
9.995747e-01 7.609393e-04 -2.915172e-02 5.557698e+00 -7.351806e-04 9.999993e-01 8.942788e-04 -7.899321e-01 2.915244e-02 -8.724698e-04 9.995745e-01 2.244715e+01
9.983010e-01 -1.500884e-03 5.824841e-02 5.613159e+00 1.612779e-03 9.999969e-01 -1.874010e-03 -7.924254e-01 -5.824536e-02 1.964764e-03 9.983003e-01 2.254950e+01
9.992734e-01 1.115897e-03 -3.809642e-02 5.673151e+00 -1.071192e-03 9.999987e-01 1.193824e-03 -7.959324e-01 3.809776e-02 -1.152151e-03 9.992733e-01 2.264561e+01
9.982080e-01 -1.516827e-03 5.982083e-02 5.726394e+00 1.635297e-03 9.999968e-01 -1.931478e-03 -7.991757e-01 -5.981764e-02 2.025838e-03 9.982072e-01 2.274392e+01
9.993114e-01 1.016765e-03 -3.708902e-02 5.780205e+00 -9.738913e-04 9.999988e-01 1.173967e-03 -8.025033e-01 3.709024e-02 -1.137041e-03 9.993112e-01 2.285073e+01
9.984560e-01 -1.394249e-03 5.553068e-02 5.852612e+00 1.497226e-03 9.999972e-01 -1.812825e-03 -8.065429e-01 -5.552793e-02 1.893165e-03 9.984553e-01 2.296453e+01
9.995825e-01 7.973796e-04 -2.888130e-02 5.906465e+00 -7.721482e-04 9.999993e-01 8.847144e-04 -8.090948e-01 2.888206e-02 -8.620480e-04 9.995824e-01 2.306633e+01
9.984456e-01 -1.449058e-03 5.571615e-02 5.956106e+00 1.552842e-03 9.999971e-01 -1.819453e-03 -8.120852e-01 -5.571328e-02 1.903140e-03 9.984449e-01 2.319036e+01
9.994676e-01 9.429319e-04 -3.261293e-02 6.013956e+00 -9.113599e-04 9.999991e-01 9.828780e-04 -8.158136e-01 3.261390e-02 -9.526363e-04 9.994675e-01 2.332933e+01
9.983325e-01 -1.490994e-03 5.770648e-02 6.068063e+00 1.601586e-03 9.999970e-01 -1.870215e-03 -8.189663e-01 -5.770344e-02 1.959514e-03 9.983318e-01 2.345375e+01
9.993364e-01 1.037221e-03 -3.640943e-02 6.112868e+00 -9.959272e-04 9.999988e-01 1.152225e-03 -8.226912e-01 3.641066e-02 -1.115203e-03 9.993362e-01 2.357608e+01
9.991009e-01 -9.525697e-04 4.238391e-02 6.150773e+00 1.012795e-03 9.999985e-01 -1.399450e-03 -8.280982e-01 -4.238243e-02 1.441114e-03 9.991003e-01 2.370084e+01
9.993294e-01 1.043935e-03 -3.660110e-02 6.193474e+00 -1.002252e-03 9.999988e-01 1.157116e-03 -8.335613e-01 3.660234e-02 -1.119661e-03 9.993292e-01 2.382221e+01
9.988287e-01 -1.058376e-03 4.837396e-02 6.240686e+00 1.138136e-03 9.999980e-01 -1.621275e-03 -8.383533e-01 -4.837207e-02 1.674428e-03 9.988279e-01 2.394531e+01
9.994677e-01 7.403173e-04 -3.261472e-02 6.307902e+00 -7.056868e-04 9.999992e-01 1.073239e-03 -8.427025e-01 3.261556e-02 -1.049656e-03 9.994673e-01 2.405491e+01
9.992574e-01 -7.152948e-04 3.852469e-02 6.366770e+00 7.663889e-04 9.999988e-01 -1.311467e-03 -8.484063e-01 -3.852362e-02 1.340014e-03 9.992567e-01 2.418747e+01
9.995649e-01 7.078650e-04 -2.948689e-02 6.411438e+00 -6.805937e-04 9.999993e-01 9.348167e-04 -8.536375e-01 2.948762e-02 -9.143455e-04 9.995646e-01 2.432249e+01
9.994139e-01 -6.254310e-04 3.422709e-02 6.448361e+00 6.646711e-04 9.999991e-01 -1.135038e-03 -8.589579e-01 -3.422627e-02 1.157119e-03 9.994134e-01 2.443763e+01
9.994982e-01 7.207926e-04 -3.166679e-02 6.476815e+00 -6.884706e-04 9.999992e-01 1.031513e-03 -8.640856e-01 3.166759e-02 -1.009198e-03 9.994979e-01 2.453362e+01
9.994936e-01 -6.105373e-04 3.181275e-02 6.572077e+00 6.429096e-04 9.999993e-01 -1.007310e-03 -8.687551e-01 -3.181204e-02 1.027249e-03 9.994933e-01 2.454203e+01
9.994580e-01 7.423383e-04 -3.290926e-02 6.710404e+00 -7.079875e-04 9.999992e-01 1.055379e-03 -8.716964e-01 3.291010e-02 -1.031512e-03 9.994577e-01 2.444186e+01
9.995063e-01 -5.873636e-04 3.141203e-02 6.846880e+00 6.188381e-04 9.999993e-01 -9.922141e-04 -8.741262e-01 -3.141135e-02 1.011159e-03 9.995059e-01 2.431384e+01
9.994443e-01 7.307789e-04 -3.332421e-02 6.960662e+00 -6.960491e-04 9.999992e-01 1.053703e-03 -8.773513e-01 3.332503e-02 -1.029926e-03 9.994440e-01 2.423302e+01
9.995308e-01 -6.092197e-04 3.062415e-02 7.094653e+00 6.390706e-04 9.999993e-01 -9.649089e-04 -8.798659e-01 -3.062347e-02 9.840230e-04 9.995304e-01 2.411288e+01
9.994388e-01 7.763548e-04 -3.348804e-02 7.240753e+00 -7.385288e-04 9.999991e-01 1.141828e-03 -8.826491e-01 3.348898e-02 -1.116460e-03 9.994384e-01 2.400182e+01
9.995741e-01 -6.089843e-04 2.917403e-02 7.384452e+00 6.351876e-04 9.999994e-01 -8.888474e-04 -8.863075e-01 -2.917339e-02 9.069957e-04 9.995739e-01 2.393895e+01
9.992914e-01 9.869747e-04 -3.762609e-02 7.528271e+00 -9.350484e-04 9.999986e-01 1.397578e-03 -8.898571e-01 3.762749e-02 -1.361409e-03 9.992908e-01 2.388027e+01
9.995974e-01 -5.837204e-04 2.836825e-02 7.643940e+00 6.101840e-04 9.999994e-01 -9.241467e-04 -8.938939e-01 -2.836762e-02 9.410805e-04 9.995970e-01 2.386070e+01
9.994263e-01 8.024877e-04 -3.385880e-02 7.703602e+00 -7.642725e-04 9.999991e-01 1.141532e-03 -8.991979e-01 3.385976e-02 -1.115004e-03 9.994259e-01 2.391462e+01
9.995030e-01 -6.779554e-04 3.151598e-02 7.723447e+00 7.128140e-04 9.999991e-01 -1.094783e-03 -9.046712e-01 -3.151513e-02 1.116700e-03 9.995026e-01 2.400289e+01
9.994627e-01 7.898187e-04 -3.276574e-02 7.802198e+00 -7.522563e-04 9.999990e-01 1.158643e-03 -9.105966e-01 3.276671e-02 -1.133376e-03 9.994623e-01 2.408829e+01
9.995076e-01 -7.042652e-04 3.136943e-02 7.984873e+00 7.367360e-04 9.999992e-01 -1.023504e-03 -9.134158e-01 -3.136861e-02 1.046107e-03 9.995073e-01 2.397531e+01
9.993621e-01 9.065158e-04 -3.570173e-02 8.268280e+00 -8.551493e-04 9.999986e-01 1.453956e-03 -9.116087e-01 3.570307e-02 -1.422502e-03 9.993613e-01 2.359316e+01
9.995520e-01 -7.607304e-04 2.991824e-02 8.554932e+00 7.899018e-04 9.999992e-01 -9.631743e-04 -9.095231e-01 -2.991741e-02 9.863714e-04 9.995518e-01 2.320253e+01
9.994216e-01 9.182415e-04 -3.399393e-02 8.851081e+00 -8.719550e-04 9.999987e-01 1.376355e-03 -9.072231e-01 3.399523e-02 -1.345922e-03 9.994210e-01 2.279103e+01
9.995639e-01 -6.817409e-04 2.952186e-02 9.109738e+00 7.083318e-04 9.999994e-01 -8.902148e-04 -9.075233e-01 -2.952116e-02 9.107341e-04 9.995637e-01 2.252989e+01
9.993897e-01 7.392955e-04 -3.492205e-02 9.402319e+00 -6.903495e-04 9.999988e-01 1.413564e-03 -9.061055e-01 3.492313e-02 -1.388597e-03 9.993890e-01 2.217128e+01
9.995310e-01 -5.391796e-04 3.061691e-02 9.698571e+00 5.697204e-04 9.999993e-01 -9.887464e-04 -9.036329e-01 -3.061628e-02 1.005722e-03 9.995306e-01 2.175111e+01
9.994061e-01 7.248723e-04 -3.445127e-02 9.963647e+00 -6.774071e-04 9.999988e-01 1.389347e-03 -9.029274e-01 3.445231e-02 -1.365188e-03 9.994053e-01 2.143648e+01
9.995779e-01 -5.733956e-04 2.904644e-02 1.024053e+01 5.971717e-04 9.999995e-01 -8.098338e-04 -9.028848e-01 -2.904589e-02 8.268340e-04 9.995777e-01 2.116206e+01
9.992877e-01 1.016137e-03 -3.772325e-02 1.048055e+01 -9.577703e-04 9.999983e-01 1.565232e-03 -9.044960e-01 3.772485e-02 -1.527990e-03 9.992869e-01 2.098197e+01
