9.999608e-01 1.732191e-04 -8.855836e-03 2.225568e-02 -1.698830e-04 9.999999e-01 3.774607e-04 -6.347924e-03 8.855899e-03 -3.759409e-04 9.999606e-01 1.362948e-01
9.999611e-01 -1.556731e-04 8.818999e-03 4.847469e-02 1.590181e-04 9.999999e-01 -3.785953e-04 -1.282546e-02 -8.818940e-03 3.799835e-04 9.999609e-01 2.925074e-01
9.999978e-01 -7.293112e-05 2.118897e-03 9.481651e-02 7.313676e-05 1.000000e+00 -9.696353e-05 -1.810277e-02 -2.118889e-03 9.711875e-05 9.999977e-01 4.363747e-01
9.999653e-01 2.372819e-04 -8.330372e-03 1.201452e-01 -2.345215e-04 9.999999e-01 3.323323e-04 -2.434607e-02 8.330450e-03 -3.303666e-04 9.999651e-01 5.811982e-01
9.999302e-01 3.105396e-04 -1.180729e-02 1.462208e-01 -3.049219e-04 9.999998e-01 4.775802e-04 -2.912446e-02 1.180743e-02 -4.739460e-04 9.999301e-01 6.855712e-01
9.999895e-01 -1.800557e-04 4.576904e-03 1.732030e-01 1.807889e-04 1.000000e+00 -1.597616e-04 -3.535387e-02 -4.576878e-03 1.605880e-04 9.999894e-01 8.071104e-01
9.999929e-01 1.626005e-04 -3.759812e-03 1.963560e-01 -1.622557e-04 1.000000e+00 9.198216e-05 -4.119257e-02 3.759824e-03 -9.137086e-05 9.999928e-01 9.406670e-01
9.999818e-01 -2.058804e-04 6.035038e-03 2.157060e-01 2.071958e-04 1.000000e+00 -2.173366e-04 -4.692474e-02 -6.034996e-03 2.185837e-04 9.999817e-01 1.083564e+00
9.999216e-01 3.244068e-04 -1.251518e-02 2.339849e-01 -3.187616e-04 9.999998e-01 4.530623e-04 -5.331904e-02 1.251533e-02 -4.490369e-04 9.999215e-01 1.233278e+00
9.999964e-01 -1.352311e-04 2.677902e-03 2.498227e-01 1.353318e-04 1.000000e+00 -3.738558e-05 -5.961895e-02 -2.677901e-03 3.774850e-05 9.999963e-01 1.377370e+00
9.999989e-01 1.559950e-04 -1.499280e-03 2.641574e-01 -1.560423e-04 1.000000e+00 -3.142340e-05 -6.540038e-02 1.499271e-03 3.165796e-05 9.999988e-01 1.509852e+00
9.999969e-01 -1.892529e-04 2.485266e-03 2.699548e-01 1.893554e-04 1.000000e+00 -4.101478e-05 -7.086917e-02 -2.485262e-03 4.148588e-05 9.999968e-01 1.636974e+00
9.999994e-01 1.530830e-04 -1.077487e-03 2.897868e-01 -1.531244e-04 1.000000e+00 -3.838607e-05 -7.670110e-02 1.077477e-03 3.855166e-05 9.999993e-01 1.777375e+00
9.998900e-01 -3.403642e-04 1.482891e-02 3.412789e-01 3.493623e-04 9.999998e-01 -6.042080e-04 -8.187520e-02 -1.482871e-02 6.093227e-04 9.998898e-01 1.929977e+00
9.999929e-01 -1.281001e-04 3.771968e-03 3.964540e-01 1.287171e-04 1.000000e+00 -1.633249e-04 -8.647213e-02 -3.771948e-03 1.638097e-04 9.999928e-01 2.077007e+00
9.999144e-01 -3.061717e-04 1.308122e-02 4.468900e-01 3.130014e-04 9.999998e-01 -5.200601e-04 -9.129057e-02 -1.308106e-02 5.241104e-04 9.999142e-01 2.224259e+00
9.999465e-01 2.872692e-04 -1.033804e-02 4.651537e-01 -2.834490e-04 9.999999e-01 3.709870e-04 -9.683986e-02 1.033815e-02 -3.680365e-04 9.999464e-01 2.358759e+00
9.999298e-01 -3.215354e-04 1.184526e-02 4.737527e-01 3.270094e-04 9.999998e-01 -4.601884e-04 -1.021722e-01 -1.184511e-02 4.640300e-04 9.999296e-01 2.481213e+00
9.999498e-01 2.938215e-04 -1.001357e-02 4.914870e-01 -2.902140e-04 9.999999e-01 3.617133e-04 -1.079467e-01 1.001367e-02 -3.587887e-04 9.999497e-01 2.621338e+00
9.999505e-01 -3.512168e-04 9.942032e-03 5.308339e-01 3.551331e-04 9.999999e-01 -3.921506e-04 -1.145233e-01 -9.941891e-03 3.956623e-04 9.999504e-01 2.782630e+00
9.999688e-01 3.534339e-04 -7.892771e-03 5.751988e-01 -3.514954e-04 9.999999e-01 2.469896e-04 -1.206468e-01 7.892859e-03 -2.442073e-04 9.999687e-01 2.927284e+00
9.998972e-01 -3.620489e-04 1.433448e-02 6.092931e-01 3.698307e-04 9.999998e-01 -5.402207e-04 -1.254358e-01 -1.433428e-02 5.454668e-04 9.998970e-01 3.013177e+00
9.999517e-01 3.025649e-04 -9.822060e-03 6.291954e-01 -2.993860e-04 9.999999e-01 3.251186e-04 -1.309330e-01 9.822160e-03 -3.221620e-04 9.999516e-01 3.151444e+00
9.998750e-01 -3.403079e-04 1.581034e-02 6.905195e-01 3.504149e-04 9.999997e-01 -6.365000e-04 -1.367442e-01 -1.581012e-02 6.419609e-04 9.998747e-01 3.278182e+00
9.999438e-01 2.875348e-04 -1.060233e-02 7.461169e-01 -2.836138e-04 9.999999e-01 3.713232e-04 -1.428945e-01 1.060244e-02 -3.682951e-04 9.999436e-01 3.426242e+00
9.998953e-01 -2.568737e-04 1.446903e-02 8.052408e-01 2.659607e-04 9.999998e-01 -6.261106e-04 -1.487287e-01 -1.446886e-02 6.298935e-04 9.998950e-01 3.539459e+00
9.999603e-01 1.924858e-04 -8.904102e-03 9.222285e-01 -1.894951e-04 9.999999e-01 3.367229e-04 -1.532723e-01 8.904171e-03 -3.350221e-04 9.999602e-01 3.564687e+00
9.999415e-01 -2.549640e-04 1.081312e-02 1.050370e+00 2.606230e-04 9.999998e-01 -5.219365e-04 -1.589591e-01 -1.081298e-02 5.247243e-04 9.999413e-01 3.632602e+00
9.999621e-01 1.791380e-04 -8.704589e-03 1.167776e+00 -1.763714e-04 9.999999e-01 3.185951e-04 -1.652623e-01 8.704650e-03 -3.170476e-04 9.999620e-01 3.740241e+00
9.999379e-01 -2.179949e-04 1.113853e-02 1.252766e+00 2.238535e-04 9.999998e-01 -5.247359e-04 -1.718312e-01 -1.113840e-02 5.271969e-04 9.999377e-01 3.875663e+00
9.999646e-01 1.752056e-04 -8.412024e-03 1.324497e+00 -1.725447e-04 9.999999e-01 3.170382e-04 -1.784142e-01 8.412085e-03 -3.155754e-04 9.999645e-01 4.025531e+00
9.999397e-01 -1.982934e-04 1.097871e-02 1.418127e+00 2.042013e-04 9.999998e-01 -5.370054e-04 -1.849381e-01 -1.097859e-02 5.392150e-04 9.999395e-01 4.155547e+00
9.999547e-01 1.807266e-04 -9.512996e-03 1.484035e+00 -1.769008e-04 9.999999e-01 4.030027e-04 -1.912437e-01 9.513074e-03 -4.013015e-04 9.999546e-01 4.283872e+00
9.999413e-01 -1.962030e-04 1.083587e-02 1.512603e+00 2.017201e-04 9.999999e-01 -5.080571e-04 -1.967837e-01 -1.083576e-02 5.102131e-04 9.999411e-01 4.402539e+00
9.999459e-01 1.714325e-04 -1.040226e-02 1.538347e+00 -1.668410e-04 9.999999e-01 4.422659e-04 -2.024239e-01 1.040234e-02 -4.405063e-04 9.999457e-01 4.525823e+00
9.999430e-01 -2.189269e-04 1.067436e-02 1.545011e+00 2.242093e-04 9.999999e-01 -4.936750e-04 -2.078004e-01 -1.067425e-02 4.960402e-04 9.999428e-01 4.651109e+00
9.999550e-01 1.754633e-04 -9.489426e-03 1.568344e+00 -1.717137e-04 9.999999e-01 3.959474e-04 -2.134141e-01 9.489501e-03 -3.943000e-04 9.999548e-01 4.781234e+00
9.999363e-01 -1.630803e-04 1.128796e-02 1.619651e+00 1.690808e-04 9.999998e-01 -5.306228e-04 -2.193349e-01 -1.128786e-02 5.324976e-04 9.999360e-01 4.899393e+00
9.999483e-01 1.771548e-04 -1.016592e-02 1.672954e+00 -1.726001e-04 9.999999e-01 4.489174e-04 -2.244835e-01 1.016601e-02 -4.471395e-04 9.999481e-01 4.960213e+00
9.998829e-01 -1.928972e-04 1.530101e-02 1.726725e+00 2.040843e-04 9.999997e-01 -7.295698e-04 -2.304856e-01 -1.530086e-02 7.326071e-04 9.998826e-01 5.098934e+00
9.999791e-01 6.060660e-05 -6.466531e-03 1.799930e+00 -5.870865e-05 1.000000e+00 2.936889e-04 -2.364580e-01 6.466557e-03 -2.933032e-04 9.999789e-01 5.251132e+00
9.999466e-01 -5.228681e-05 1.032998e-02 1.854543e+00 5.763036e-05 9.999999e-01 -5.169867e-04 -2.425291e-01 -1.032994e-02 5.175544e-04 9.999464e-01 5.383613e+00
9.999778e-01 -1.457232e-05 -6.660775e-03 1.916318e+00 1.667267e-05 1.000000e+00 3.152721e-04 -2.490424e-01 6.660779e-03 -3.153762e-04 9.999777e-01 5.537777e+00
9.999796e-01 6.252165e-05 6.388213e-03 2.003332e+00 -6.031706e-05 9.999999e-01 -3.452916e-04 -2.556862e-01 -6.388225e-03 3.448991e-04 9.999794e-01 5.659409e+00
9.999665e-01 3.093327e-05 -8.188543e-03 2.108345e+00 -2.751961e-05 9.999999e-01 4.169917e-04 -2.604195e-01 8.188563e-03 -4.167524e-04 9.999663e-01 5.660843e+00
9.999414e-01 -1.844865e-05 1.082666e-02 2.194469e+00 2.493947e-05 9.999998e-01 -5.993850e-04 -2.660336e-01 -1.082664e-02 5.996198e-04 9.999411e-01 5.741346e+00
9.999290e-01 1.011328e-04 -1.191919e-02 2.292772e+00 -9.360388e-05 9.999998e-01 6.322223e-04 -2.715325e-01 1.191926e-02 -6.310618e-04 9.999287e-01 5.782387e+00
9.999743e-01 2.874521e-05 7.164308e-03 2.363209e+00 -2.575176e-05 9.999999e-01 -4.179174e-04 -2.775273e-01 -7.164311e-03 4.177221e-04 9.999741e-01 5.867587e+00
9.999083e-01 9.203988e-05 -1.353831e-02 2.397695e+00 -8.309276e-05 9.999998e-01 6.614330e-04 -2.837664e-01 1.353837e-02 -6.602475e-04 9.999080e-01 5.990177e+00
9.999768e-01 4.144826e-04 -6.800492e-03 2.418760e+00 -4.138674e-04 9.999999e-01 9.187803e-05 -2.885828e-01 6.800535e-03 -8.906137e-05 9.999768e-01 6.104200e+00
9.987091e-01 1.123520e-03 -5.078346e-02 2.449969e+00 -1.009922e-03 9.999969e-01 2.262519e-03 -2.904721e-01 5.078584e-02 -2.208311e-03 9.987070e-01 6.211894e+00
9.998261e-01 7.009668e-04 -1.863429e-02 2.506761e+00 -6.838936e-04 9.999993e-01 9.225810e-04 -2.932159e-01 1.863492e-02 -9.096761e-04 9.998258e-01 6.364807e+00
9.986925e-01 1.117605e-03 -5.110849e-02 2.570069e+00 -1.003278e-03 9.999969e-01 2.262550e-03 -2.960561e-01 5.111085e-02 -2.208315e-03 9.986904e-01 6.529934e+00
9.995053e-01 9.961881e-04 -3.143358e-02 2.652627e+00 -9.476628e-04 9.999983e-01 1.558595e-03 -2.985397e-01 3.143506e-02 -1.528035e-03 9.995045e-01 6.713114e+00
9.976791e-01 1.642607e-03 -6.807065e-02 2.732627e+00 -1.439905e-03 9.999944e-01 3.026770e-03 -2.995834e-01 6.807521e-02 -2.921729e-03 9.976758e-01 6.888031e+00
9.995004e-01 1.078269e-03 -3.158761e-02 2.764065e+00 -1.041576e-03 9.999988e-01 1.178037e-03 -2.980918e-01 3.158880e-02 -1.144546e-03 9.995002e-01 6.992287e+00
9.973342e-01 1.865497e-03 -7.294540e-02 2.771140e+00 -1.649222e-03 9.999941e-01 3.025001e-03 -2.940555e-01 7.295056e-02 -2.896632e-03 9.973313e-01 6.986614e+00
9.994692e-01 1.147007e-03 -3.255593e-02 2.784195e+00 -1.109187e-03 9.999987e-01 1.179717e-03 -2.889006e-01 3.255718e-02 -1.142978e-03 9.994691e-01 6.923704e+00
9.960334e-01 2.226514e-03 -8.895240e-02 2.824588e+00 -1.874210e-03 9.999901e-01 4.043909e-03 -2.855636e-01 8.896046e-02 -3.861150e-03 9.960276e-01 6.979362e+00
9.994202e-01 1.104518e-03 -3.402889e-02 2.885774e+00 -1.052597e-03 9.999983e-01 1.543626e-03 -2.844997e-01 3.403046e-02 -1.506909e-03 9.994196e-01 7.141354e+00
9.964106e-01 2.131044e-03 -8.462498e-02 2.941158e+00 -1.817983e-03 9.999912e-01 3.776264e-03 -2.831841e-01 8.463220e-02 -3.608860e-03 9.964056e-01 7.282369e+00
9.999077e-01 6.187914e-04 -1.356897e-02 2.969645e+00 -6.127837e-04 9.999997e-01 4.467503e-04 -2.817572e-01 1.356916e-02 -4.383909e-04 9.999078e-01 7.368848e+00
9.970913e-01 1.964864e-03 -7.619119e-02 2.983897e+00 -1.732018e-03 9.999936e-01 3.122011e-03 -2.784422e-01 7.619674e-02 -2.980963e-03 9.970883e-01 7.338558e+00
9.999959e-01 3.711940e-04 -2.815820e-03 3.005500e+00 -3.711600e-04 9.999999e-01 1.171437e-05 -2.753559e-01 2.815729e-03 -1.066580e-05 9.999960e-01 7.267248e+00
9.988360e-01 1.124647e-03 -4.822225e-02 3.041874e+00 -1.023122e-03 9.999972e-01 2.129924e-03 -2.760885e-01 4.822442e-02 -2.078104e-03 9.988343e-01 7.255822e+00
9.999999e-01 2.405803e-04 3.187907e-04 3.071387e+00 -2.404810e-04 9.999999e-01 -3.024798e-04 -2.773122e-01 -3.189612e-04 3.024065e-04 9.999998e-01 7.305971e+00
9.980846e-01 1.561331e-03 -6.184286e-02 3.092533e+00 -1.395190e-03 9.999953e-01 2.729562e-03 -2.766858e-01 6.184673e-02 -2.638048e-03 9.980821e-01 7.295981e+00
9.999999e-01 2.616915e-04 2.753360e-04 3.117133e+00 -2.616032e-04 9.999999e-01 -3.094939e-04 -2.758129e-01 -2.755166e-04 3.094251e-04 9.999999e-01 7.275352e+00
9.984622e-01 1.349190e-03 -5.541906e-02 3.140075e+00 -1.213436e-03 9.999962e-01 2.483102e-03 -2.758219e-01 5.542210e-02 -2.412033e-03 9.984600e-01 7.270129e+00
9.999804e-01 9.885941e-05 6.255462e-03 3.163189e+00 -9.532890e-05 9.999998e-01 -5.641498e-04 -2.767041e-01 -6.255617e-03 5.635456e-04 9.999802e-01 7.297728e+00
9.992659e-01 8.887304e-04 -3.829865e-02 3.190610e+00 -8.172323e-04 9.999979e-01 1.882387e-03 -2.793405e-01 3.830014e-02 -1.849703e-03 9.992645e-01 7.318347e+00
9.999458e-01 -4.989541e-05 1.041057e-02 3.221079e+00 5.845717e-05 9.999997e-01 -8.217723e-04 -2.827271e-01 -1.041063e-02 8.223395e-04 9.999454e-01 7.393915e+00
9.990883e-01 9.934628e-04 -4.267796e-02 3.241295e+00 -9.049094e-04 9.999974e-01 2.094112e-03 -2.859229e-01 4.267983e-02 -2.053580e-03 9.990866e-01 7.470561e+00
9.994305e-01 -5.025585e-04 3.373792e-02 3.257372e+00 5.563454e-04 9.999986e-01 -1.584780e-03 -2.910227e-01 -3.373718e-02 1.602650e-03 9.994294e-01 7.564131e+00
9.999711e-01 -2.167765e-04 -7.593117e-03 3.301487e+00 2.214735e-04 9.999998e-01 6.173016e-04 -2.939567e-01 7.592882e-03 -6.189623e-04 9.999709e-01 7.670844e+00
9.993906e-01 -5.626320e-04 3.489945e-02 3.339343e+00 6.189629e-04 9.999985e-01 -1.603209e-03 -2.965173e-01 -3.489860e-02 1.623837e-03 9.993895e-01 7.762667e+00
9.999424e-01 -1.152488e-04 -1.072870e-02 3.381377e+00 1.229007e-04 9.999997e-01 7.122516e-04 -2.998510e-01 1.072852e-02 -7.135260e-04 9.999421e-01 7.874779e+00
9.993427e-01 -5.577420e-04 3.624647e-02 3.424011e+00 6.195392e-04 9.999984e-01 -1.693611e-03 -3.029276e-01 -3.624557e-02 1.714957e-03 9.993414e-01 7.986749e+00
9.999819e-01 -2.909788e-04 -6.001288e-03 3.463218e+00 2.945720e-04 9.999998e-01 5.973303e-04 -3.051729e-01 6.001013e-03 -5.990840e-04 9.999818e-01 8.080539e+00
9.996305e-01 -3.127108e-04 2.717814e-02 3.503504e+00 3.501117e-04 9.999990e-01 -1.371270e-03 -3.087655e-01 -2.717778e-02 1.380282e-03 9.996296e-01 8.182833e+00
9.998533e-01 1.554730e-04 -1.712675e-02 3.537663e+00 -1.391368e-04 9.999995e-01 9.548463e-04 -3.136741e-01 1.712679e-02 -9.523199e-04 9.998528e-01 8.301210e+00
9.995866e-01 -3.575331e-04 2.874740e-02 3.575100e+00 3.989683e-04 9.999989e-01 -1.435517e-03 -3.185369e-01 -2.874695e-02 1.446397e-03 9.995856e-01 8.422472e+00
9.998242e-01 1.864723e-04 -1.874693e-02 3.608509e+00 -1.670471e-04 9.999994e-01 1.037580e-03 -3.234004e-01 1.874702e-02 -1.034263e-03 9.998237e-01 8.538330e+00
9.993204e-01 -5.804797e-04 3.685435e-02 3.645400e+00 6.449175e-04 9.999983e-01 -1.736494e-03 -3.270047e-01 -3.685338e-02 1.759086e-03 9.993191e-01 8.633410e+00
9.998769e-01 2.039226e-05 -1.568654e-02 3.684745e+00 -5.047633e-06 9.999995e-01 9.780549e-04 -3.302676e-01 1.568645e-02 -9.778520e-04 9.998764e-01 8.724434e+00
9.994940e-01 -4.167022e-04 3.180457e-02 3.722786e+00 4.668455e-04 9.999987e-01 -1.569100e-03 -3.340729e-01 -3.180397e-02 1.583157e-03 9.994928e-01 8.810611e+00
9.997725e-01 2.056132e-04 -2.132446e-02 3.752850e+00 -1.802184e-04 9.999993e-01 1.192655e-03 -3.383960e-01 2.132459e-02 -1.188537e-03 9.997718e-01 8.897234e+00
9.999926e-01 2.540273e-04 3.830839e-03 3.777371e+00 -2.520247e-04 9.999998e-01 -5.224303e-04 -3.435959e-01 -3.831070e-03 5.214643e-04 9.999925e-01 9.021243e+00
9.998600e-01 2.992349e-05 -1.672931e-02 3.797053e+00 -1.195297e-05 9.999994e-01 1.074116e-03 -3.494215e-01 1.672923e-02 -1.073762e-03 9.998594e-01 9.142189e+00
9.999999e-01 3.828585e-04 -3.733161e-05 3.816176e+00 -3.828711e-04 9.999998e-01 -4.218075e-04 -3.549466e-01 3.707052e-05 4.218251e-04 9.999999e-01 9.278485e+00
9.999245e-01 -3.046756e-05 -1.228481e-02 3.840395e+00 4.221459e-05 9.999995e-01 9.557176e-04 -3.604285e-01 1.228468e-02 -9.561608e-04 9.999240e-01 9.379757e+00
9.999859e-01 3.050135e-04 5.283755e-03 3.935959e+00 -3.021963e-04 9.999998e-01 -5.333786e-04 -3.663704e-01 -5.284016e-03 5.317777e-04 9.999858e-01 9.466200e+00
9.999535e-01 -1.454382e-04 -9.635920e-03 4.017400e+00 1.527396e-04 9.999997e-01 7.566676e-04 -3.726384e-01 9.635707e-03 -7.581009e-04 9.999532e-01 9.567801e+00
9.999808e-01 1.837518e-04 6.189495e-03 4.008569e+00 -1.794998e-04 9.999997e-01 -6.870142e-04 -3.775458e-01 -6.189720e-03 6.858933e-04 9.999806e-01 9.645672e+00
9.998432e-01 6.372897e-05 -1.770342e-02 4.017224e+00 -4.441715e-05 9.999994e-01 1.091068e-03 -3.826437e-01 1.770338e-02 -1.090108e-03 9.998426e-01 9.731418e+00
9.999499e-01 2.715319e-05 1.000104e-02 4.016791e+00 -1.893027e-05 9.999997e-01 -8.219742e-04 -3.883485e-01 -1.000116e-02 8.217470e-04 9.999496e-01 9.842635e+00
9.999019e-01 -2.837520e-05 -1.400233e-02 4.006445e+00 4.140928e-05 9.999996e-01 9.303372e-04 -3.940260e-01 1.400220e-02 -9.308225e-04 9.999015e-01 9.969008e+00
9.999553e-01 1.792718e-05 9.452766e-03 3.997803e+00 -1.039265e-05 9.999997e-01 -7.967729e-04 -4.000180e-01 -9.452877e-03 7.966424e-04 9.999550e-01 1.011394e+01
9.999143e-01 -4.955850e-05 -1.308764e-02 3.988635e+00 6.165844e-05 9.999996e-01 9.238868e-04 -4.059670e-01 1.308749e-02 -9.246113e-04 9.999139e-01 1.026275e+01
9.999598e-01 3.093656e-05 8.963783e-03 3.983519e+00 -2.392013e-05 9.999997e-01 -7.824902e-04 -4.122107e-01 -8.963904e-03 7.822477e-04 9.999595e-01 1.042227e+01
9.999430e-01 -9.702806e-05 -1.067103e-02 3.972554e+00 1.058807e-04 9.999997e-01 8.287332e-04 -4.176592e-01 1.067085e-02 -8.298125e-04 9.999427e-01 1.055792e+01
9.999663e-01 3.656531e-05 8.198422e-03 3.958806e+00 -3.035563e-05 9.999997e-01 -7.571413e-04 -4.231155e-01 -8.198547e-03 7.568703e-04 9.999661e-01 1.069167e+01
9.999252e-01 -3.623990e-05 -1.222439e-02 3.954847e+00 4.709699e-05 9.999996e-01 8.875994e-04 -4.292722e-01 1.222425e-02 -8.881055e-04 9.999248e-01 1.084132e+01
9.999438e-01 -6.794048e-07 1.059882e-02 3.937537e+00 9.761319e-06 9.999996e-01 -8.565111e-04 -4.342581e-01 -1.059891e-02 8.565698e-04 9.999434e-01 1.095071e+01
9.999215e-01 -3.208841e-05 -1.252558e-02 3.915350e+00 4.333775e-05 9.999996e-01 8.975798e-04 -4.390063e-01 1.252545e-02 -8.980489e-04 9.999211e-01 1.104423e+01
9.999206e-01 2.715081e-05 1.259574e-02 3.907688e+00 -1.541403e-05 9.999996e-01 -9.316342e-04 -4.440349e-01 -1.259586e-02 9.313694e-04 9.999202e-01 1.114984e+01
9.999890e-01 -1.147967e-04 -4.688573e-03 3.922381e+00 1.175156e-04 9.999998e-01 5.789249e-04 -4.485605e-01 4.688406e-03 -5.794662e-04 9.999888e-01 1.125127e+01
9.999392e-01 4.402551e-05 1.101889e-02 3.935166e+00 -3.436597e-05 9.999996e-01 -8.765214e-04 -4.534027e-01 -1.101902e-02 8.760928e-04 9.999389e-01 1.136619e+01
9.999956e-01 -3.043428e-04 2.944630e-03 3.967857e+00 3.034447e-04 9.999999e-01 3.065228e-04 -4.576760e-01 -2.944823e-03 -3.056246e-04 9.999956e-01 1.147189e+01
9.998840e-01 -1.683003e-04 1.522811e-02 4.005552e+00 1.834370e-04 9.999995e-01 -9.923942e-04 -4.615997e-01 -1.522804e-02 9.950758e-04 9.998835e-01 1.157666e+01
9.999877e-01 -9.053673e-06 -4.960142e-03 4.030220e+00 1.183243e-05 9.999998e-01 5.595612e-04 -4.663001e-01 4.960037e-03 -5.596096e-04 9.999875e-01 1.169395e+01
9.997957e-01 -2.959195e-04 2.020757e-02 4.065597e+00 3.197952e-04 9.999993e-01 -1.178139e-03 -4.706812e-01 -2.020730e-02 1.184364e-03 9.997951e-01 1.181031e+01
9.999960e-01 -8.989631e-05 -2.811801e-03 4.104269e+00 9.126154e-05 9.999999e-01 4.843322e-04 -4.748028e-01 2.811658e-03 -4.845836e-04 9.999959e-01 1.192719e+01
9.997262e-01 -4.587703e-04 2.339171e-02 4.144307e+00 4.885757e-04 9.999991e-01 -1.268356e-03 -4.784629e-01 -2.339120e-02 1.279440e-03 9.997255e-01 1.203683e+01
9.999629e-01 1.553510e-04 -8.604946e-03 4.177795e+00 -1.494274e-04 9.999998e-01 6.886919e-04 -4.827725e-01 8.604952e-03 -6.873772e-04 9.999627e-01 1.214653e+01
9.997430e-01 -4.615675e-04 2.266526e-02 4.213386e+00 4.899482e-04 9.999991e-01 -1.246494e-03 -4.873121e-01 -2.266476e-02 1.257282e-03 9.997423e-01 1.226638e+01
9.999763e-01 1.201635e-04 -6.872744e-03 4.249945e+00 -1.159092e-04 9.999998e-01 6.189947e-04 -4.916285e-01 6.872719e-03 -6.181801e-04 9.999761e-01 1.238338e+01
9.997452e-01 -4.838211e-04 2.256390e-02 4.287737e+00 5.118345e-04 9.999991e-01 -1.235624e-03 -4.960783e-01 -2.256338e-02 1.246861e-03 9.997446e-01 1.250542e+01
9.999813e-01 1.127781e-04 -6.104284e-03 4.327656e+00 -1.092866e-04 9.999998e-01 5.718614e-04 -5.004454e-01 6.104249e-03 -5.711802e-04 9.999811e-01 1.263129e+01
9.996470e-01 -6.298522e-04 2.656062e-02 4.370749e+00 6.667156e-04 9.999988e-01 -1.378958e-03 -5.043969e-01 -2.655982e-02 1.396183e-03 9.996462e-01 1.275868e+01
9.999935e-01 3.434799e-05 -3.585366e-03 4.416157e+00 -3.260064e-05 9.999999e-01 4.866710e-04 -5.079518e-01 3.585285e-03 -4.865476e-04 9.999934e-01 1.287868e+01
9.997879e-01 -4.916471e-04 2.058672e-02 4.455534e+00 5.149289e-04 9.999992e-01 -1.125496e-03 -5.124262e-01 -2.058624e-02 1.135861e-03 9.997874e-01 1.300608e+01
9.999333e-01 3.805804e-04 -1.154149e-02 4.487301e+00 -3.724079e-04 9.999997e-01 7.100191e-04 -5.177348e-01 1.154166e-02 -7.056702e-04 9.999331e-01 1.314801e+01
9.997778e-01 -5.140812e-04 2.107311e-02 4.527084e+00 5.382404e-04 9.999992e-01 -1.140665e-03 -5.233872e-01 -2.107260e-02 1.151757e-03 9.997772e-01 1.330556e+01
9.999121e-01 4.634123e-04 -1.325024e-02 4.561005e+00 -4.530619e-04 9.999996e-01 7.839480e-04 -5.288850e-01 1.325050e-02 -7.778725e-04 9.999118e-01 1.345168e+01
9.993896e-01 -1.021832e-03 3.491993e-02 4.608797e+00 1.078789e-03 9.999981e-01 -1.612204e-03 -5.327281e-01 -3.491831e-02 1.648895e-03 9.993887e-01 1.357808e+01
9.999141e-01 4.491711e-04 -1.309986e-02 4.660537e+00 -4.390338e-04 9.999996e-01 7.765295e-04 -5.367236e-01 1.310011e-02 -7.707081e-04 9.999138e-01 1.371131e+01
9.995401e-01 -8.818129e-04 3.031037e-02 4.706175e+00 9.259115e-04 9.999985e-01 -1.440814e-03 -5.409946e-01 -3.030915e-02 1.468219e-03 9.995394e-01 1.383452e+01
9.998363e-01 6.315071e-04 -1.807961e-02 4.745701e+00 -6.143160e-04 9.999994e-01 9.562637e-04 -5.459236e-01 1.808011e-02 -9.449973e-04 9.998360e-01 1.396470e+01
9.997295e-01 -6.816852e-04 2.324687e-02 4.775068e+00 7.095228e-04 9.999990e-01 -1.189148e-03 -5.516178e-01 -2.324613e-02 1.205324e-03 9.997290e-01 1.411012e+01
9.998773e-01 6.330203e-04 -1.565270e-02 4.804437e+00 -6.199250e-04 9.999995e-01 8.413107e-04 -5.568314e-01 1.565313e-02 -8.315006e-04 9.998771e-01 1.424054e+01
9.994719e-01 -9.704971e-04 3.247847e-02 4.850390e+00 1.020661e-03 9.999983e-01 -1.527902e-03 -5.615128e-01 -3.247703e-02 1.560248e-03 9.994712e-01 1.438190e+01
9.998716e-01 6.657380e-04 -1.600696e-02 4.903931e+00 -6.526878e-04 9.999995e-01 8.203600e-04 -5.663826e-01 1.600740e-02 -8.098039e-04 9.998715e-01 1.453402e+01
9.992075e-01 -1.278062e-03 3.978196e-02 4.958804e+00 1.348035e-03 9.999976e-01 -1.732069e-03 -5.701233e-01 -3.977975e-02 1.784327e-03 9.992068e-01 1.466620e+01
9.997879e-01 8.449977e-04 -2.057865e-02 5.003245e+00 -8.247592e-04 9.999992e-01 9.918352e-04 -5.743469e-01 2.057938e-02 -9.746491e-04 9.997877e-01 1.479545e+01
9.992913e-01 -1.156785e-03 3.762205e-02 5.046381e+00 1.220600e-03 9.999979e-01 -1.673226e-03 -5.787612e-01 -3.762012e-02 1.717965e-03 9.992906e-01 1.492367e+01
9.997445e-01 9.056113e-04 -2.258579e-02 5.089440e+00 -8.818890e-04 9.999990e-01 1.060174e-03 -5.835936e-01 2.258664e-02 -1.039982e-03 9.997443e-01 1.506128e+01
9.994962e-01 -9.695685e-04 3.172397e-02 5.127372e+00 1.016286e-03 9.999984e-01 -1.456480e-03 -5.889949e-01 -3.172259e-02 1.487990e-03 9.994955e-01 1.519926e+01
9.997901e-01 8.075451e-04 -2.046876e-02 5.170182e+00 -7.876198e-04 9.999992e-01 9.814053e-04 -5.942168e-01 2.046945e-02 -9.650745e-04 9.997899e-01 1.533788e+01
9.996266e-01 -8.675599e-04 2.730957e-02 5.205775e+00 9.032815e-04 9.999988e-01 -1.295642e-03 -6.000147e-01 -2.730850e-02 1.319830e-03 9.996261e-01 1.549423e+01
9.999126e-01 6.158148e-04 -1.320645e-02 5.252051e+00 -6.070735e-04 9.999996e-01 6.657604e-04 -6.052498e-01 1.320677e-02 -6.576818e-04 9.999125e-01 1.565724e+01
9.996187e-01 -8.990950e-04 2.759866e-02 5.296706e+00 9.342457e-04 9.999988e-01 -1.260701e-03 -6.102769e-01 -2.759758e-02 1.286007e-03 9.996182e-01 1.580374e+01
9.998654e-01 7.813556e-04 -1.638929e-02 5.331740e+00 -7.686215e-04 9.999994e-01 7.831572e-04 -6.151451e-01 1.638981e-02 -7.704515e-04 9.998653e-01 1.591955e+01
9.997304e-01 -7.849042e-04 2.320422e-02 5.353931e+00 8.097631e-04 9.999991e-01 -1.061853e-03 -6.196296e-01 -2.320345e-02 1.080360e-03 9.997301e-01 1.599688e+01
9.998064e-01 8.155681e-04 -1.965894e-02 5.371135e+00 -7.982050e-04 9.999993e-01 8.909579e-04 -6.243495e-01 1.965957e-02 -8.750904e-04 9.998063e-01 1.607623e+01
9.996268e-01 -8.350481e-04 2.730233e-02 5.397703e+00 8.682156e-04 9.999989e-01 -1.202925e-03 -6.290289e-01 -2.730138e-02 1.226184e-03 9.996264e-01 1.616567e+01
9.999395e-01 5.249650e-04 -1.098627e-02 5.432064e+00 -5.187713e-04 9.999997e-01 5.664577e-04 -6.330177e-01 1.098648e-02 -5.607210e-04 9.999394e-01 1.626234e+01
9.997837e-01 -6.634136e-04 2.078416e-02 5.457683e+00 6.835103e-04 9.999993e-01 -9.597537e-04 -6.377275e-01 -2.078359e-02 9.737554e-04 9.997834e-01 1.636742e+01
9.999278e-01 6.235207e-04 -1.200144e-02 5.482276e+00 -6.167631e-04 9.999996e-01 5.666213e-04 -6.425749e-01 1.200171e-02 -5.591753e-04 9.999277e-01 1.647876e+01
9.995045e-01 -1.068609e-03 3.145753e-02 5.521010e+00 1.110294e-03 9.999985e-01 -1.307635e-03 -6.464796e-01 -3.145617e-02 1.341917e-03 9.995042e-01 1.659108e+01
9.998968e-01 7.366967e-04 -1.434595e-02 5.555840e+00 -7.277214e-04 9.999995e-01 6.307459e-04 -6.505404e-01 1.434633e-02 -6.202380e-04 9.998968e-01 1.669936e+01
9.995195e-01 -1.056046e-03 3.097724e-02 5.591912e+00 1.096232e-03 9.999986e-01 -1.280271e-03 -6.548309e-01 -3.097593e-02 1.313617e-03 9.995192e-01 1.681353e+01
9.999006e-01 7.395440e-04 -1.407910e-02 5.628156e+00 -7.310367e-04 9.999995e-01 6.092875e-04 -6.589684e-01 1.407947e-02 -5.989317e-04 9.999006e-01 1.692401e+01
9.995304e-01 -1.044871e-03 3.062326e-02 5.663193e+00 1.084200e-03 9.999986e-01 -1.267667e-03 -6.631971e-01 -3.062197e-02 1.300276e-03 9.995301e-01 1.703824e+01
9.998389e-01 8.400295e-04 -1.792846e-02 5.692007e+00 -8.261853e-04 9.999994e-01 7.795105e-04 -6.675919e-01 1.792902e-02 -7.645698e-04 9.998389e-01 1.713940e+01
9.996406e-01 -9.051588e-04 2.679365e-02 5.714021e+00 9.362034e-04 9.999989e-01 -1.146083e-03 -6.722041e-01 -2.679266e-02 1.170758e-03 9.996402e-01 1.723805e+01
9.998975e-01 7.638254e-04 -1.429704e-02 5.739744e+00 -7.548298e-04 9.999995e-01 6.344889e-04 -6.763469e-01 1.429744e-02 -6.236292e-04 9.998975e-01 1.732516e+01
9.994380e-01 -1.185223e-03 3.349888e-02 5.773961e+00 1.231492e-03 9.999983e-01 -1.360561e-03 -6.802579e-01 -3.349729e-02 1.401053e-03 9.994377e-01 1.743495e+01
9.997548e-01 1.085982e-03 -2.211547e-02 5.802679e+00 -1.066759e-03 9.999990e-01 8.809342e-04 -6.853027e-01 2.211633e-02 -8.571236e-04 9.997550e-01 1.756378e+01
9.996495e-01 -1.112300e-03 2.644857e-02 5.816217e+00 1.140503e-03 9.999988e-01 -1.051213e-03 -6.907513e-01 -2.644745e-02 1.081012e-03 9.996495e-01 1.769636e+01
9.998433e-01 1.076454e-03 -1.767092e-02 5.843352e+00 -1.065014e-03 9.999992e-01 6.567117e-04 -6.960460e-01 1.767154e-02 -6.377863e-04 9.998436e-01 1.783157e+01
9.995460e-01 -1.241015e-03 3.010407e-02 5.878000e+00 1.276874e-03 9.999985e-01 -1.171934e-03 -7.011942e-01 -3.010265e-02 1.209844e-03 9.995460e-01 1.797118e+01
9.997429e-01 1.201530e-03 -2.264243e-02 5.902516e+00 -1.182670e-03 9.999989e-01 8.462907e-04 -7.066573e-01 2.264335e-02 -8.192919e-04 9.997432e-01 1.811198e+01
9.995641e-01 -1.230909e-03 2.949757e-02 5.928293e+00 1.265101e-03 9.999985e-01 -1.140451e-03 -7.121333e-01 -2.949620e-02 1.177274e-03 9.995641e-01 1.824947e+01
9.997624e-01 1.197505e-03 -2.176494e-02 5.950012e+00 -1.180324e-03 9.999990e-01 8.021901e-04 -7.173300e-01 2.176581e-02 -7.763072e-04 9.997627e-01 1.837942e+01
9.995711e-01 -1.241387e-03 2.925758e-02 5.970979e+00 1.274564e-03 9.999986e-01 -1.115281e-03 -7.225806e-01 -2.925622e-02 1.152096e-03 9.995712e-01 1.851160e+01
9.997771e-01 1.192032e-03 -2.107641e-02 5.996225e+00 -1.176349e-03 9.999990e-01 7.564279e-04 -7.279326e-01 2.107723e-02 -7.314636e-04 9.997775e-01 1.865034e+01
9.991313e-01 -1.606449e-03 4.164220e-02 6.033886e+00 1.672421e-03 9.999974e-01 -1.549448e-03 -7.316987e-01 -4.163967e-02 1.617747e-03 9.991313e-01 1.876850e+01
9.997953e-01 1.105461e-03 -2.019942e-02 6.074478e+00 -1.090803e-03 9.999991e-01 7.366171e-04 -7.355894e-01 2.020015e-02 -7.144303e-04 9.997956e-01 1.889319e+01
9.992190e-01 -1.515647e-03 3.948448e-02 6.112578e+00 1.574731e-03 9.999977e-01 -1.465307e-03 -7.394791e-01 -3.948223e-02 1.526342e-03 9.992190e-01 1.900913e+01
9.998966e-01 8.685520e-04 -1.435477e-02 6.150155e+00 -8.610499e-04 9.999995e-01 5.287364e-04 -7.424952e-01 1.435516e-02 -5.163192e-04 9.998967e-01 1.911465e+01
9.989699e-01 -1.718688e-03 4.534591e-02 6.187428e+00 1.794783e-03 9.999970e-01 -1.637411e-03 -7.447190e-01 -4.534303e-02 1.717112e-03 9.989699e-01 1.921304e+01
9.998909e-01 8.678269e-04 -1.474297e-02 6.226408e+00 -8.601512e-04 9.999995e-01 5.269220e-04 -7.472581e-01 1.474337e-02 -5.141811e-04 9.998911e-01 1.932155e+01
9.991368e-01 -1.572511e-03 4.151206e-02 6.269552e+00 1.637027e-03 9.999975e-01 -1.520173e-03 -7.505774e-01 -4.150962e-02 1.586820e-03 9.991368e-01 1.944718e+01
9.999137e-01 8.233833e-04 -1.310886e-02 6.312624e+00 -8.175101e-04 9.999996e-01 4.533439e-04 -7.534320e-01 1.310917e-02 -4.425861e-04 9.999139e-01 1.956198e+01
9.989750e-01 -1.723137e-03 4.523221e-02 6.353187e+00 1.797998e-03 9.999971e-01 -1.614381e-03 -7.557710e-01 -4.522935e-02 1.694055e-03 9.989751e-01 1.967176e+01
9.999251e-01 7.855182e-04 -1.221657e-02 6.393320e+00 -7.805404e-04 9.999996e-01 4.121867e-04 -7.580003e-01 1.221684e-02 -4.026183e-04 9.999252e-01 1.978000e+01
9.990267e-01 -1.678721e-03 4.407636e-02 6.435725e+00 1.749745e-03 9.999972e-01 -1.572823e-03 -7.604667e-01 -4.407364e-02 1.648417e-03 9.990268e-01 1.989510e+01
9.998961e-01 8.613942e-04 -1.439003e-02 6.478928e+00 -8.547642e-04 9.999995e-01 4.668577e-04 -7.632810e-01 1.439038e-02 -4.545073e-04 9.998963e-01 2.001688e+01
9.989377e-01 -1.739169e-03 4.604732e-02 6.519621e+00 1.815222e-03 9.999971e-01 -1.609843e-03 -7.656286e-01 -4.604442e-02 1.691721e-03 9.989379e-01 2.012643e+01
9.998889e-01 8.698550e-04 -1.487747e-02 6.561039e+00 -8.628390e-04 9.999995e-01 4.779784e-04 -7.680235e-01 1.487784e-02 -4.650869e-04 9.998891e-01 2.023430e+01
9.989733e-01 -1.697994e-03 4.527067e-02 6.603502e+00 1.771751e-03 9.999972e-01 -1.589160e-03 -7.705714e-01 -4.526787e-02 1.667738e-03 9.989734e-01 2.034670e+01
9.998735e-01 8.977749e-04 -1.587834e-02 6.644708e+00 -8.898017e-04 9.999995e-01 5.091887e-04 -7.731853e-01 1.587875e-02 -4.949943e-04 9.998737e-01 2.045464e+01
9.989255e-01 -1.751062e-03 4.631242e-02 6.686676e+00 1.827100e-03 9.999971e-01 -1.599545e-03 -7.757182e-01 -4.630951e-02 1.682445e-03 9.989256e-01 2.056289e+01
9.998329e-01 9.873436e-04 -1.825426e-02 6.730581e+00 -9.771879e-04 9.999994e-01 5.652510e-04 -7.786949e-01 1.825479e-02 -5.473175e-04 9.998331e-01 2.068106e+01
9.991898e-01 -1.512953e-03 4.021816e-02 6.772673e+00 1.570413e-03 9.999978e-01 -1.397148e-03 -7.825670e-01 -4.021598e-02 1.459176e-03 9.991898e-01 2.080937e+01
9.998896e-01 8.584327e-04 -1.483166e-02 6.815300e+00 -8.522127e-04 9.999995e-01 4.256859e-04 -7.859267e-01 1.483200e-02 -4.129982e-04 9.998898e-01 2.093342e+01
9.991400e-01 -1.532802e-03 4.143603e-02 6.863878e+00 1.594424e-03 9.999977e-01 -1.454158e-03 -7.894532e-01 -4.143373e-02 1.518975e-03 9.991400e-01 2.107314e+01
9.998786e-01 8.575339e-04 -1.555645e-02 6.919015e+00 -8.506276e-04 9.999995e-01 4.505582e-04 -7.932189e-01 1.555681e-02 -4.372699e-04 9.998788e-01 2.121573e+01
9.993189e-01 -1.296030e-03 3.687895e-02 6.969823e+00 1.345640e-03 9.999982e-01 -1.320410e-03 -7.971863e-01 -3.687719e-02 1.369137e-03 9.993188e-01 2.134866e+01
9.999708e-01 4.899067e-04 -7.629802e-03 7.022177e+00 -4.884992e-04 9.999999e-01 1.863344e-04 -8.004263e-01 7.629882e-03 -1.826012e-04 9.999708e-01 2.148787e+01
9.992745e-01 -1.259269e-03 3.806333e-02 7.070569e+00 1.312486e-03 9.999982e-01 -1.373169e-03 -8.031577e-01 -3.806154e-02 1.422131e-03 9.992743e-01 2.161299e+01
9.999998e-01 1.855328e-04 -6.596129e-04 7.121063e+00 -1.855571e-04 1.000000e+00 -3.673970e-05 -8.050989e-01 6.596033e-04 3.686250e-05 9.999997e-01 2.173387e+01
9.994207e-01 -1.161464e-03 3.401351e-02 7.182719e+00 1.204165e-03 9.999985e-01 -1.234946e-03 -8.079517e-01 -3.401203e-02 1.275189e-03 9.994205e-01 2.187189e+01
1.000000e+00 2.017229e-04 1.717516e-04 7.240909e+00 -2.017075e-04 1.000000e+00 -8.913924e-05 -8.103860e-01 -1.717657e-04 8.910473e-05 9.999999e-01 2.200058e+01
9.993844e-01 -1.205419e-03 3.506267e-02 7.298693e+00 1.250315e-03 9.999984e-01 -1.258533e-03 -8.128173e-01 -3.506109e-02 1.301598e-03 9.993842e-01 2.213203e+01
9.999955e-01 1.141493e-04 3.010337e-03 7.354681e+00 -1.135705e-04 1.000000e+00 -1.924291e-04 -8.147292e-01 -3.010348e-03 1.920862e-04 9.999954e-01 2.225600e+01
9.993671e-01 -1.222054e-03 3.555185e-02 7.409183e+00 1.267937e-03 9.999984e-01 -1.268076e-03 -8.166752e-01 -3.555023e-02 1.312351e-03 9.993669e-01 2.238384e+01
9.999831e-01 1.849800e-05 5.814323e-03 7.463781e+00 -1.678357e-05 1.000000e+00 -2.949017e-04 -8.182189e-01 -5.814309e-03 2.947987e-04 9.999830e-01 2.250761e+01
9.991897e-01 -1.374536e-03 4.022579e-02 7.522270e+00 1.432861e-03 9.999980e-01 -1.421151e-03 -8.192926e-01 -4.022373e-02 1.477636e-03 9.991895e-01 2.263364e+01
9.999983e-01 1.296761e-04 1.860468e-03 7.587910e+00 -1.293533e-04 1.000000e+00 -1.735154e-04 -8.211245e-01 -1.860462e-03 1.732736e-04 9.999982e-01 2.277168e+01
9.994868e-01 -1.122981e-03 3.201301e-02 7.652308e+00 1.159205e-03 9.999987e-01 -1.113010e-03 -8.237903e-01 -3.201169e-02 1.149548e-03 9.994867e-01 2.290202e+01
9.999977e-01 2.719870e-04 -2.137318e-03 7.720420e+00 -2.721100e-04 1.000000e+00 -5.736076e-05 -8.270087e-01 2.137337e-03 5.794112e-05 9.999976e-01 2.303963e+01
9.993522e-01 -1.249070e-03 3.596630e-02 7.780447e+00 1.293608e-03 9.999984e-01 -1.215079e-03 -8.294938e-01 -3.596469e-02 1.260817e-03 9.993522e-01 2.316310e+01
9.999697e-01 4.433048e-04 -7.769673e-03 7.842518e+00 -4.422411e-04 9.999999e-01 1.385826e-04 -8.327002e-01 7.769773e-03 -1.351437e-04 9.999697e-01 2.328868e+01
9.992598e-01 -1.277125e-03 3.844822e-02 7.898849e+00 1.328157e-03 9.999983e-01 -1.301770e-03 -8.352888e-01 -3.844645e-02 1.351870e-03 9.992597e-01 2.340265e+01
9.999987e-01 1.637654e-04 -1.621581e-03 7.964697e+00 -1.638635e-04 1.000000e+00 -6.062167e-05 -8.373462e-01 1.621616e-03 6.088569e-05 9.999986e-01 2.351763e+01
9.994789e-01 -1.076111e-03 3.226064e-02 8.045973e+00 1.112490e-03 9.999988e-01 -1.109708e-03 -8.402840e-01 -3.225936e-02 1.145018e-03 9.994788e-01 2.364161e+01
9.999776e-01 3.422327e-04 -6.690793e-03 8.137495e+00 -3.416947e-04 9.999999e-01 8.146448e-05 -8.441538e-01 6.690871e-03 -7.917829e-05 9.999775e-01 2.378319e+01
9.993545e-01 -1.154013e-03 3.590650e-02 8.212115e+00 1.198254e-03 9.999985e-01 -1.210604e-03 -8.470657e-01 -3.590500e-02 1.252846e-03 9.993543e-01 2.389852e+01
9.999488e-01 4.224642e-04 -1.010797e-02 8.282743e+00 -4.200845e-04 9.999999e-01 2.374801e-04 -8.501994e-01 1.010812e-02 -2.332238e-04 9.999488e-01 2.399686e+01
9.996837e-01 -7.608141e-04 2.513761e-02 8.359798e+00 7.822069e-04 9.999993e-01 -8.411813e-04 -8.543079e-01 -2.513690e-02 8.605759e-04 9.996836e-01 2.407347e+01
9.999895e-01 2.499501e-04 -4.572702e-03 8.426488e+00 -2.498434e-04 1.000000e+00 2.375315e-05 -8.579350e-01 4.572766e-03 -2.261266e-05 9.999895e-01 2.416952e+01
9.995998e-01 -8.794803e-04 2.827365e-02 8.492213e+00 9.065960e-04 9.999991e-01 -9.462140e-04 -8.614064e-01 -2.827273e-02 9.714658e-04 9.995997e-01 2.427859e+01
9.999925e-01 1.644087e-04 -3.876466e-03 8.570092e+00 -1.643939e-04 1.000000e+00 3.931479e-06 -8.648889e-01 3.876528e-03 -3.296599e-06 9.999924e-01 2.438857e+01
9.995586e-01 -8.677390e-04 2.969615e-02 8.646016e+00 8.985223e-04 9.999991e-01 -1.023252e-03 -8.680539e-01 -2.969517e-02 1.049480e-03 9.995584e-01 2.449863e+01
9.999948e-01 1.112254e-04 -3.219586e-03 8.708039e+00 -1.112286e-04 1.000000e+00 -1.135709e-06 -8.716575e-01 3.219652e-03 1.491189e-06 9.999947e-01 2.463488e+01
9.996424e-01 -7.555194e-04 2.672964e-02 8.782480e+00 7.810213e-04 9.999992e-01 -9.436029e-04 -8.757221e-01 -2.672884e-02 9.641392e-04 9.996422e-01 2.477558e+01
9.999984e-01 7.395197e-05 -1.803039e-03 8.853530e+00 -7.405554e-05 1.000000e+00 -5.802072e-05 -8.794991e-01 1.803104e-03 5.815133e-05 9.999983e-01 2.491394e+01
9.998457e-01 -4.172765e-04 1.756059e-02 8.913665e+00 4.280460e-04 9.999997e-01 -6.094585e-04 -8.843071e-01 -1.756026e-02 6.168783e-04 9.998455e-01 2.505001e+01
9.999881e-01 1.849706e-04 -4.862480e-03 8.974755e+00 -1.847656e-04 1.000000e+00 4.234716e-05 -8.894988e-01 4.862559e-03 -4.145116e-05 9.999881e-01 2.518710e+01
9.999417e-01 -2.113967e-04 1.079410e-02 9.035770e+00 2.152816e-04 9.999999e-01 -3.586351e-04 -8.953747e-01 -1.079395e-02 3.609350e-04 9.999416e-01 2.531390e+01
9.999993e-01 4.606382e-05 1.138796e-03 9.101026e+00 -4.583334e-05 1.000000e+00 -2.012701e-04 -9.003926e-01 -1.138732e-03 2.012148e-04 9.999992e-01 2.543552e+01
9.998981e-01 -4.759650e-04 1.426911e-02 9.205092e+00 4.820332e-04 9.999998e-01 -4.217364e-04 -9.049101e-01 -1.426883e-02 4.285685e-04 9.998980e-01 2.552838e+01
9.999837e-01 3.289504e-04 -5.688934e-03 9.302879e+00 -3.288544e-04 9.999999e-01 1.755054e-05 -9.101151e-01 5.689014e-03 -1.568250e-05 9.999837e-01 2.562857e+01
9.998859e-01 -4.618145e-04 1.509697e-02 9.365986e+00 4.689336e-04 9.999998e-01 -4.679294e-04 -9.158053e-01 -1.509668e-02 4.749524e-04 9.998858e-01 2.577613e+01
9.999434e-01 4.652058e-04 -1.062518e-02 9.429327e+00 -4.627819e-04 9.999999e-01 2.304535e-04 -9.217617e-01 1.062537e-02 -2.255265e-04 9.999434e-01 2.589604e+01
9.999185e-01 -4.351089e-04 1.275961e-02 9.479792e+00 4.398159e-04 9.999998e-01 -3.659810e-04 -9.273786e-01 -1.275937e-02 3.715599e-04 9.999184e-01 2.599685e+01
9.999058e-01 4.916921e-04 -1.371469e-02 9.594781e+00 -4.865427e-04 9.999998e-01 3.786893e-04 -9.315279e-01 1.371495e-02 -3.719839e-04 9.999058e-01 2.596935e+01
9.999226e-01 -4.257508e-04 1.243177e-02 9.760070e+00 4.300037e-04 9.999998e-01 -3.393084e-04 -9.339493e-01 -1.243155e-02 3.446247e-04 9.999226e-01 2.583520e+01
9.999009e-01 5.150582e-04 -1.406634e-02 9.927978e+00 -5.095154e-04 9.999998e-01 3.975250e-04 -9.355598e-01 1.406661e-02 -3.903218e-04 9.999009e-01 2.565776e+01
9.999331e-01 -4.510026e-04 1.155519e-02 1.009169e+01 4.543804e-04 9.999999e-01 -2.895750e-04 -9.371596e-01 -1.155498e-02 2.948029e-04 9.999331e-01 2.548316e+01
9.998969e-01 5.051150e-04 -1.434773e-02 1.026957e+01 -4.990584e-04 9.999998e-01 4.256061e-04 -9.382652e-01 1.434801e-02 -4.184049e-04 9.998969e-01 2.528021e+01
9.999281e-01 -4.048683e-04 1.198611e-02 1.043727e+01 4.082153e-04 9.999999e-01 -2.766799e-04 -9.405779e-01 -1.198592e-02 2.815498e-04 9.999280e-01 2.514136e+01
9.998606e-01 5.181896e-04 -1.668640e-02 1.061156e+01 -5.085735e-04 9.999997e-01 5.804407e-04 -9.438356e-01 1.668677e-02 -5.718766e-04 9.998605e-01 2.505303e+01
9.999687e-01 -2.280383e-04 7.909125e-03 1.079943e+01 2.280596e-04 1.000000e+00 -1.616920e-06 -9.465270e-01 -7.909051e-03 3.417577e-06 9.999686e-01 2.494474e+01
9.998690e-01 4.828842e-04 -1.617503e-02 1.093787e+01 -4.753584e-04 9.999998e-01 4.690293e-04 -9.507062e-01 1.617533e-02 -4.612819e-04 9.998690e-01 2.492486e+01
9.999569e-01 -2.829559e-04 9.278438e-03 1.104860e+01 2.839064e-04 1.000000e+00 -1.009863e-04 -9.555272e-01 -9.278336e-03 1.036132e-04 9.999569e-01 2.493679e+01
9.999266e-01 3.599534e-04 -1.210846e-02 1.110747e+01 -3.578971e-04 9.999999e-01 1.718816e-04 -9.609501e-01 1.210859e-02 -1.675384e-04 9.999266e-01 2.499647e+01
9.999451e-01 -3.211059e-04 1.046736e-02 1.123443e+01 3.223284e-04 9.999999e-01 -1.149765e-04 -9.655124e-01 -1.046725e-02 1.183411e-04 9.999451e-01 2.498914e+01
9.999227e-01 3.273522e-04 -1.243033e-02 1.145681e+01 -3.245324e-04 9.999999e-01 2.287598e-04 -9.673688e-01 1.243047e-02 -2.247110e-04 9.999226e-01 2.481442e+01
9.999684e-01 -2.816774e-04 7.940800e-03 1.175718e+01 2.804833e-04 9.999999e-01 1.516472e-04 -9.652641e-01 -7.940771e-03 -1.494181e-04 9.999684e-01 2.441908e+01
9.999142e-01 3.141684e-04 -1.309568e-02 1.206885e+01 -3.106284e-04 9.999999e-01 2.722556e-04 -9.621800e-01 1.309583e-02 -2.681672e-04 9.999141e-01 2.397185e+01
9.999620e-01 -2.596812e-04 8.714329e-03 1.238504e+01 2.588520e-04 1.000000e+00 9.642488e-05 -9.594141e-01 -8.714283e-03 -9.416835e-05 9.999619e-01 2.353934e+01
9.998904e-01 4.327055e-04 -1.479710e-02 1.268524e+01 -4.260550e-04 9.999998e-01 4.525122e-04 -9.583372e-01 1.479737e-02 -4.461610e-04 9.998903e-01 2.320415e+01
9.999586e-01 -4.517665e-04 9.088407e-03 1.301143e+01 4.511915e-04 9.999999e-01 6.543730e-05 -9.560982e-01 -9.088365e-03 -6.133675e-05 9.999586e-01 2.280289e+01
9.999090e-01 5.073194e-04 -1.347658e-02 1.335238e+01 -5.035138e-04 9.999998e-01 2.856910e-04 -9.516935e-01 1.347680e-02 -2.788820e-04 9.999091e-01 2.227426e+01
9.999654e-01 -4.222443e-04 8.312151e-03 1.364065e+01 4.208375e-04 9.999999e-01 1.711307e-04 -9.502470e-01 -8.312152e-03 -1.676294e-04 9.999654e-01 2.192270e+01
9.998887e-01 5.455697e-04 -1.490779e-02 1.392506e+01 -5.396088e-04 9.999998e-01 4.037981e-04 -9.499991e-01 1.490808e-02 -3.957114e-04 9.998887e-01 2.164001e+01
9.999767e-01 -2.944601e-04 6.821274e-03 1.420112e+01 2.926193e-04 9.999999e-01 2.710220e-04 -9.503288e-01 -6.821284e-03 -2.690223e-04 9.999766e-01 2.138618e+01
