9.996960e-01 -6.122221e-04 2.464623e-02 3.899134e-02 6.350214e-04 9.999994e-01 -9.172433e-04 -2.746444e-03 -2.464565e-02 9.326158e-04 9.996957e-01 9.337793e-02
9.999419e-01 -4.163088e-04 1.077536e-02 7.663742e-02 4.203193e-04 9.999998e-01 -3.699276e-04 -4.364241e-03 -1.077519e-02 3.744354e-04 9.999418e-01 1.875705e-01
9.996934e-01 -6.398575e-04 2.475366e-02 1.153477e-01 6.626537e-04 9.999994e-01 -9.127304e-04 -6.111810e-03 -2.475305e-02 9.288537e-04 9.996931e-01 2.853240e-01
9.999136e-01 -4.376946e-04 1.313579e-02 1.518925e-01 4.439736e-04 9.999998e-01 -4.750897e-04 -7.351019e-03 -1.313557e-02 4.808806e-04 9.999135e-01 3.779606e-01
9.994629e-01 -8.906185e-04 3.275835e-02 1.859490e-01 9.299616e-04 9.999989e-01 -1.185790e-03 -7.569986e-03 -3.275724e-02 1.215617e-03 9.994625e-01 4.646040e-01
9.999355e-01 -4.306391e-04 1.134995e-02 2.222979e-01 4.351041e-04 9.999998e-01 -3.909285e-04 -8.188787e-03 -1.134976e-02 3.958413e-04 9.999354e-01 5.548477e-01
9.997466e-01 -5.892146e-04 2.250264e-02 2.619783e-01 6.078816e-04 9.999995e-01 -8.227125e-04 -1.013353e-02 -2.250212e-02 8.361824e-04 9.997463e-01 6.507883e-01
9.999444e-01 -3.791181e-04 1.053662e-02 2.998527e-01 3.830506e-04 9.999999e-01 -3.711959e-04 -1.208720e-02 -1.053645e-02 3.752107e-04 9.999443e-01 7.461501e-01
9.998804e-01 -3.609361e-04 1.545971e-02 3.396802e-01 3.699100e-04 9.999998e-01 -5.776025e-04 -1.483167e-02 -1.545946e-02 5.832514e-04 9.998802e-01 8.409799e-01
9.998761e-01 -5.322198e-04 1.573209e-02 3.776109e-01 5.410045e-04 9.999997e-01 -5.541347e-04 -1.688412e-02 -1.573176e-02 5.625764e-04 9.998760e-01 9.325107e-01
9.997776e-01 -5.181009e-04 2.108304e-02 4.127783e-01 5.347160e-04 9.999996e-01 -7.824389e-04 -1.815131e-02 -2.108259e-02 7.935373e-04 9.997773e-01 1.019130e+00
9.998903e-01 -5.556305e-04 1.480139e-02 4.506257e-01 5.632199e-04 9.999997e-01 -5.085689e-04 -1.977699e-02 -1.480106e-02 5.168484e-04 9.998902e-01 1.112801e+00
9.996202e-01 -6.353400e-04 2.755029e-02 4.833316e-01 6.644120e-04 9.999992e-01 -1.046081e-03 -2.031696e-02 -2.754956e-02 1.063987e-03 9.996198e-01 1.198366e+00
9.998520e-01 -7.026158e-04 1.718810e-02 5.195152e-01 7.123773e-04 9.999996e-01 -5.617863e-04 -2.088963e-02 -1.718765e-02 5.739461e-04 9.998520e-01 1.290558e+00
9.997543e-01 -4.626160e-04 2.216013e-02 5.559111e-01 4.818730e-04 9.999995e-01 -8.636412e-04 -2.205493e-02 -2.215966e-02 8.741058e-04 9.997540e-01 1.382080e+00
9.999458e-01 -5.199087e-04 1.039465e-02 5.943627e-01 5.230749e-04 9.999998e-01 -3.018287e-04 -2.412213e-02 -1.039444e-02 3.072477e-04 9.999458e-01 1.476556e+00
9.997391e-01 -4.067074e-04 2.283804e-02 6.283862e-01 4.280250e-04 9.999995e-01 -9.285227e-04 -2.578349e-02 -2.283759e-02 9.380538e-04 9.997387e-01 1.562775e+00
9.998841e-01 -6.908539e-04 1.520504e-02 6.619917e-01 6.976711e-04 9.999997e-01 -4.430066e-04 -2.686498e-02 -1.520467e-02 4.535613e-04 9.998842e-01 1.643807e+00
9.997915e-01 -3.879128e-04 2.041421e-02 6.988525e-01 4.050387e-04 9.999996e-01 -8.347525e-04 -2.851106e-02 -2.041381e-02 8.428448e-04 9.997912e-01 1.734065e+00
9.999441e-01 -5.248368e-04 1.056055e-02 7.352364e-01 5.278244e-04 9.999998e-01 -2.800345e-04 -3.062623e-02 -1.056033e-02 2.855907e-04 9.999441e-01 1.823148e+00
9.997217e-01 -4.593714e-04 2.358437e-02 7.698432e-01 4.821990e-04 9.999994e-01 -9.621952e-04 -3.222530e-02 -2.358384e-02 9.732973e-04 9.997213e-01 1.906841e+00
9.999963e-01 -3.209236e-04 2.684200e-03 8.068839e-01 3.208482e-04 9.999999e-01 2.889550e-05 -3.507615e-02 -2.684139e-03 -2.803671e-05 9.999963e-01 2.001087e+00
9.998721e-01 -1.802689e-04 1.598819e-02 8.413778e-01 1.916564e-04 9.999997e-01 -7.106491e-04 -3.860142e-02 -1.598799e-02 7.136199e-04 9.998718e-01 2.086118e+00
9.999886e-01 -6.009395e-05 -4.780721e-03 8.635049e-01 6.145347e-05 1.000000e+00 2.839865e-04 -4.240839e-02 4.780776e-03 -2.842797e-04 9.999884e-01 2.156018e+00
9.998311e-01 -1.940676e-04 1.837542e-02 8.899489e-01 2.089293e-04 9.999997e-01 -8.068015e-04 -4.596626e-02 -1.837519e-02 8.105018e-04 9.998307e-01 2.220621e+00
9.999909e-01 -4.333446e-04 4.241857e-03 9.245710e-01 4.333939e-04 9.999999e-01 -1.041524e-05 -4.896796e-02 -4.241778e-03 1.225077e-05 9.999909e-01 2.301977e+00
9.997609e-01 -2.939631e-04 2.186305e-02 9.596851e-01 3.149122e-04 9.999995e-01 -9.546985e-04 -5.154256e-02 -2.186268e-02 9.613523e-04 9.997604e-01 2.387231e+00
9.999908e-01 -4.447214e-04 4.262122e-03 9.944471e-01 4.447043e-04 9.999999e-01 5.308600e-06 -5.411795e-02 -4.262046e-03 -3.416117e-06 9.999908e-01 2.469707e+00
9.997898e-01 -2.511678e-04 2.049849e-02 1.028487e+00 2.697068e-04 9.999996e-01 -9.015770e-04 -5.671957e-02 -2.049817e-02 9.069131e-04 9.997894e-01 2.542368e+00
9.999959e-01 -1.926524e-04 -2.844733e-03 1.060099e+00 1.934354e-04 9.999999e-01 2.744188e-04 -6.007135e-02 2.844761e-03 -2.749710e-04 9.999958e-01 2.607855e+00
9.998763e-01 -7.918607e-05 1.572443e-02 1.084621e+00 9.112963e-05 9.999997e-01 -7.587398e-04 -6.379521e-02 -1.572428e-02 7.600758e-04 9.998760e-01 2.675032e+00
9.999977e-01 -2.153801e-04 -2.124035e-03 1.113912e+00 2.159115e-04 9.999999e-01 2.491370e-04 -6.761457e-02 2.124064e-03 -2.495982e-04 9.999976e-01 2.750989e+00
9.998226e-01 -2.028190e-04 1.883094e-02 1.147201e+00 2.190230e-04 9.999996e-01 -8.583498e-04 -7.113102e-02 -1.883067e-02 8.623188e-04 9.998222e-01 2.824057e+00
9.999893e-01 -1.178561e-04 -4.621590e-03 1.176244e+00 1.194022e-04 9.999999e-01 3.338794e-04 -7.496149e-02 4.621634e-03 -3.344309e-04 9.999892e-01 2.900744e+00
9.998326e-01 -1.664531e-04 1.829680e-02 1.203922e+00 1.820605e-04 9.999996e-01 -8.512518e-04 -7.874228e-02 -1.829657e-02 8.544371e-04 9.998322e-01 2.973983e+00
9.999903e-01 -1.372442e-04 -4.406330e-03 1.230577e+00 1.387494e-04 9.999999e-01 3.408564e-04 -8.247974e-02 4.406369e-03 -3.414678e-04 9.999902e-01 3.044628e+00
9.998981e-01 -2.341067e-05 1.427422e-02 1.246770e+00 3.375688e-05 9.999997e-01 -7.244468e-04 -8.625295e-02 -1.427411e-02 7.248514e-04 9.998978e-01 3.106513e+00
9.999511e-01 4.592137e-06 -9.882256e-03 1.241685e+00 6.494398e-07 9.999999e-01 5.301994e-04 -9.016851e-02 9.882343e-03 -5.301833e-04 9.999510e-01 3.165515e+00
9.997939e-01 -1.338365e-04 2.030182e-02 1.282745e+00 1.537954e-04 9.999995e-01 -9.814557e-04 -9.494385e-02 -2.030159e-02 9.843724e-04 9.997933e-01 3.271047e+00
9.999948e-01 -2.882943e-04 -3.191230e-03 1.330512e+00 2.893308e-04 9.999999e-01 3.236978e-04 -9.889681e-02 3.191224e-03 -3.246229e-04 9.999948e-01 3.369701e+00
9.999736e-01 2.768545e-04 7.260083e-03 1.325110e+00 -2.730741e-04 9.999998e-01 -5.214290e-04 -1.029815e-01 -7.260138e-03 5.194293e-04 9.999734e-01 3.438350e+00
9.999929e-01 -2.914747e-04 -3.746829e-03 1.319366e+00 2.928103e-04 9.999999e-01 3.553420e-04 -1.070356e-01 3.746813e-03 -3.564401e-04 9.999928e-01 3.499833e+00
9.999812e-01 2.754326e-04 6.120705e-03 1.392492e+00 -2.723351e-04 9.999998e-01 -5.065576e-04 -1.123836e-01 -6.120756e-03 5.048777e-04 9.999811e-01 3.566506e+00
9.999979e-01 -3.871352e-04 -1.992453e-03 1.588435e+00 3.879344e-04 9.999998e-01 3.997036e-04 -1.185023e-01 1.992386e-03 -4.004792e-04 9.999979e-01 3.666890e+00
9.999772e-01 3.254765e-04 6.736948e-03 1.701849e+00 -3.211891e-04 9.999997e-01 -6.371661e-04 -1.245285e-01 -6.737065e-03 6.349843e-04 9.999770e-01 3.786867e+00
9.999829e-01 -5.495592e-04 5.825973e-03 1.807796e+00 5.493080e-04 9.999998e-01 4.507582e-05 -1.294153e-01 -5.825908e-03 -4.187835e-05 9.999830e-01 3.896691e+00
9.999965e-01 5.124385e-04 -2.586866e-03 1.820901e+00 -5.129743e-04 9.999998e-01 -2.073199e-04 -1.349095e-01 2.586849e-03 2.086427e-04 9.999966e-01 4.030871e+00
9.999998e-01 -4.785926e-04 -1.926462e-04 1.807656e+00 4.786416e-04 9.999999e-01 2.433029e-04 -1.392982e-01 1.926186e-04 -2.433986e-04 9.999999e-01 4.083561e+00
9.999954e-01 5.382114e-04 -2.988701e-03 1.799840e+00 -5.387535e-04 9.999998e-01 -1.813119e-04 -1.427726e-01 2.988692e-03 1.829177e-04 9.999954e-01 4.080642e+00
9.999928e-01 -5.703470e-04 3.742571e-03 1.776745e+00 5.697866e-04 9.999998e-01 1.513787e-04 -1.460335e-01 -3.742567e-03 -1.492488e-04 9.999929e-01 4.092239e+00
9.999924e-01 5.316363e-04 -3.861537e-03 1.763690e+00 -5.322582e-04 9.999998e-01 -1.605691e-04 -1.498159e-01 3.861539e-03 1.626197e-04 9.999925e-01 4.125556e+00
9.999926e-01 -5.422067e-04 3.793542e-03 1.767369e+00 5.416441e-04 9.999998e-01 1.498987e-04 -1.532438e-01 -3.793534e-03 -1.478464e-04 9.999927e-01 4.126405e+00
9.999947e-01 5.385368e-04 -3.204785e-03 1.783110e+00 -5.391483e-04 9.999998e-01 -1.906179e-04 -1.568838e-01 3.204771e-03 1.923412e-04 9.999948e-01 4.131700e+00
9.999836e-01 -5.804658e-04 5.697974e-03 1.835612e+00 5.801539e-04 9.999998e-01 5.677074e-05 -1.620183e-01 -5.697917e-03 -5.346769e-05 9.999837e-01 4.193600e+00
9.999932e-01 4.643921e-04 -3.663433e-03 2.029581e+00 -4.645932e-04 9.999999e-01 -5.464829e-05 -1.682109e-01 3.663496e-03 5.634639e-05 9.999932e-01 4.273973e+00
9.999834e-01 -5.412462e-04 5.739163e-03 2.321785e+00 5.401537e-04 9.999998e-01 1.922829e-04 -1.737444e-01 -5.739177e-03 -1.891832e-04 9.999834e-01 4.324177e+00
9.999875e-01 1.836142e-04 4.988488e-03 2.469602e+00 -1.801215e-04 9.999997e-01 -7.001353e-04 -1.803929e-01 -4.988526e-03 6.992245e-04 9.999872e-01 4.523010e+00
9.999966e-01 -3.180312e-04 2.571969e-03 2.514543e+00 3.171734e-04 9.999999e-01 3.348417e-04 -1.867973e-01 -2.571985e-03 -3.340284e-04 9.999966e-01 4.706828e+00
9.999985e-01 3.120706e-04 1.680732e-03 2.556424e+00 -3.111326e-04 9.999998e-01 -5.570025e-04 -1.929443e-01 -1.680815e-03 5.564751e-04 9.999984e-01 4.850645e+00
9.999995e-01 -3.289694e-04 -9.451421e-04 2.578551e+00 3.294423e-04 9.999998e-01 4.977218e-04 -1.980515e-01 9.450684e-04 -4.980366e-04 9.999994e-01 4.929256e+00
9.999957e-01 3.161388e-04 2.918962e-03 2.617166e+00 -3.143226e-04 9.999998e-01 -6.218321e-04 -2.034114e-01 -2.919068e-03 6.209083e-04 9.999955e-01 5.020311e+00
9.999986e-01 -3.383190e-04 -1.647706e-03 2.631044e+00 3.392111e-04 9.999998e-01 5.397445e-04 -2.077308e-01 1.647614e-03 -5.403063e-04 9.999984e-01 5.069254e+00
9.999972e-01 2.939251e-04 2.317641e-03 2.627764e+00 -2.925428e-04 9.999998e-01 -5.957486e-04 -2.120633e-01 -2.317725e-03 5.950654e-04 9.999971e-01 5.134055e+00
9.999953e-01 -3.482391e-04 3.041965e-03 2.672355e+00 3.472296e-04 9.999999e-01 3.331730e-04 -2.179691e-01 -3.041990e-03 -3.321189e-04 9.999952e-01 5.263010e+00
9.999908e-01 9.306300e-05 4.278292e-03 2.823709e+00 -9.014947e-05 9.999998e-01 -6.806413e-04 -2.248086e-01 -4.278263e-03 6.802457e-04 9.999905e-01 5.442280e+00
9.999994e-01 -2.459523e-04 -1.060507e-03 2.904225e+00 2.464657e-04 9.999999e-01 4.817108e-04 -2.321427e-01 1.060479e-03 -4.819756e-04 9.999993e-01 5.639474e+00
9.999901e-01 9.774750e-05 4.446492e-03 3.005132e+00 -9.466207e-05 9.999998e-01 -6.935679e-04 -2.392828e-01 -4.446467e-03 6.931364e-04 9.999898e-01 5.820251e+00
9.999925e-01 -2.430139e-04 3.869100e-03 3.112169e+00 2.420863e-04 9.999999e-01 2.408398e-04 -2.457235e-01 -3.869066e-03 -2.399051e-04 9.999924e-01 5.982408e+00
9.999989e-01 1.516302e-04 1.435212e-03 3.152034e+00 -1.508849e-04 9.999999e-01 -5.176061e-04 -2.517536e-01 -1.435198e-03 5.173853e-04 9.999988e-01 6.138122e+00
9.999555e-01 -4.156802e-04 9.419447e-03 3.233079e+00 4.157911e-04 9.999999e-01 -9.547386e-06 -2.583105e-01 -9.419350e-03 1.345965e-05 9.999556e-01 6.342097e+00
9.999986e-01 -8.781963e-05 1.627680e-03 3.328089e+00 8.867713e-05 9.999999e-01 -5.251720e-04 -2.666758e-01 -1.627541e-03 5.253117e-04 9.999985e-01 6.673044e+00
9.999800e-01 -1.971860e-04 6.322134e-03 3.387546e+00 1.964686e-04 1.000000e+00 1.145244e-04 -2.747207e-01 -6.322063e-03 -1.132839e-04 9.999799e-01 6.976387e+00
9.999991e-01 9.514997e-05 1.306849e-03 3.433383e+00 -9.450639e-05 9.999999e-01 -4.904816e-04 -2.807905e-01 -1.306802e-03 4.903537e-04 9.999990e-01 7.142820e+00
9.999336e-01 -3.021462e-04 1.152052e-02 3.483114e+00 3.032040e-04 9.999999e-01 -8.983111e-05 -2.859118e-01 -1.152040e-02 9.331425e-05 9.999336e-01 7.284674e+00
9.999653e-01 -2.154669e-04 8.326553e-03 3.539371e+00 2.215717e-04 9.999997e-01 -7.319212e-04 -2.905339e-01 -8.326298e-03 7.337368e-04 9.999650e-01 7.442840e+00
9.999998e-01 -5.462580e-05 4.965897e-04 3.706928e+00 5.439783e-05 9.999999e-01 4.649125e-04 -2.969032e-01 -4.965205e-04 -4.648895e-04 9.999997e-01 7.579742e+00
9.999997e-01 6.296094e-05 -7.607922e-04 3.882311e+00 -6.319835e-05 9.999999e-01 -3.157882e-04 -3.037035e-01 7.608668e-04 3.158322e-04 9.999996e-01 7.708173e+00
9.999999e-01 -6.741181e-05 1.780102e-04 3.929785e+00 6.736129e-05 1.000000e+00 2.999771e-04 -3.104027e-01 -1.779359e-04 -2.999691e-04 9.999999e-01 7.864340e+00
9.999999e-01 4.240354e-05 3.016519e-04 3.965005e+00 -4.228934e-05 9.999999e-01 -3.690801e-04 -3.163363e-01 -3.015730e-04 3.690633e-04 9.999998e-01 7.995517e+00
9.999982e-01 -4.845037e-05 1.892353e-03 4.007430e+00 4.802650e-05 1.000000e+00 2.255720e-04 -3.223510e-01 -1.892269e-03 -2.254847e-04 9.999981e-01 8.129905e+00
9.999992e-01 5.712762e-05 -1.275972e-03 4.014038e+00 -5.749860e-05 1.000000e+00 -2.929719e-04 -3.271589e-01 1.276050e-03 2.930410e-04 9.999991e-01 8.215240e+00
9.999999e-01 -7.870230e-05 3.241533e-04 4.004426e+00 7.860281e-05 9.999999e-01 3.159112e-04 -3.311362e-01 -3.240836e-04 -3.158898e-04 9.999998e-01 8.252794e+00
9.999999e-01 6.348006e-05 -3.059001e-04 4.014246e+00 -6.358350e-05 9.999999e-01 -3.475616e-04 -3.355615e-01 3.059727e-04 3.475770e-04 9.999998e-01 8.307432e+00
9.999982e-01 -1.253413e-04 1.878631e-03 4.039823e+00 1.248839e-04 1.000000e+00 2.451077e-04 -3.411134e-01 -1.878567e-03 -2.448767e-04 9.999981e-01 8.426583e+00
1.000000e+00 1.104418e-04 3.040574e-05 4.070478e+00 -1.104275e-04 9.999999e-01 -3.763977e-04 -3.467727e-01 -3.035259e-05 3.763903e-04 9.999999e-01 8.551872e+00
9.999955e-01 -1.340818e-04 2.999207e-03 4.098200e+00 1.334035e-04 1.000000e+00 2.273154e-04 -3.522369e-01 -2.999143e-03 -2.269183e-04 9.999954e-01 8.662710e+00
9.999995e-01 1.500564e-04 9.516515e-04 4.123940e+00 -1.496494e-04 9.999999e-01 -4.247570e-04 -3.572762e-01 -9.516202e-04 4.246103e-04 9.999994e-01 8.756504e+00
9.999997e-01 -1.715025e-04 -7.040548e-04 4.127061e+00 1.717806e-04 9.999999e-01 3.907649e-04 -3.616361e-01 7.040826e-04 -3.908898e-04 9.999996e-01 8.811360e+00
9.999978e-01 1.423352e-04 2.085547e-03 4.140694e+00 -1.413159e-04 9.999999e-01 -4.874832e-04 -3.666608e-01 -2.085522e-03 4.871833e-04 9.999976e-01 8.908761e+00
9.999923e-01 -1.667981e-04 3.907863e-03 4.167595e+00 1.660253e-04 1.000000e+00 1.988592e-04 -3.718088e-01 -3.907801e-03 -1.982130e-04 9.999923e-01 9.020307e+00
9.999834e-01 3.121137e-05 5.748600e-03 4.203742e+00 -2.762441e-05 9.999998e-01 -6.235300e-04 -3.767727e-01 -5.748522e-03 6.233568e-04 9.999832e-01 9.133403e+00
9.999868e-01 5.555583e-05 -5.134612e-03 4.252437e+00 -5.257916e-05 9.999998e-01 5.792627e-04 -3.816764e-01 5.134739e-03 -5.789892e-04 9.999866e-01 9.170782e+00
9.999993e-01 2.554355e-05 1.180955e-03 4.267505e+00 -2.492918e-05 9.999999e-01 -5.177163e-04 -3.855894e-01 -1.180872e-03 5.176824e-04 9.999991e-01 9.171827e+00
9.999942e-01 2.740063e-05 -3.394663e-03 4.317527e+00 -2.560290e-05 9.999999e-01 5.287238e-04 -3.875270e-01 3.394772e-03 -5.286379e-04 9.999940e-01 9.067248e+00
9.999995e-01 4.762664e-05 1.009091e-03 4.346537e+00 -4.712607e-05 9.999999e-01 -4.931293e-04 -3.896991e-01 -1.009019e-03 4.930774e-04 9.999993e-01 8.975424e+00
9.999982e-01 -6.732626e-05 -1.857092e-03 4.327694e+00 6.827425e-05 9.999999e-01 5.087815e-04 -3.928394e-01 1.857153e-03 -5.089115e-04 9.999981e-01 8.975976e+00
9.999919e-01 8.808830e-05 4.017571e-03 4.332187e+00 -8.579857e-05 9.999998e-01 -5.693592e-04 -3.965940e-01 -4.017526e-03 5.690059e-04 9.999917e-01 8.985645e+00
9.998822e-01 -6.077206e-04 1.533329e-02 4.371225e+00 6.100912e-04 9.999998e-01 -1.497317e-04 -4.003444e-01 -1.533310e-02 1.590646e-04 9.998824e-01 9.088476e+00
9.999966e-01 3.716542e-04 -2.573529e-03 4.403101e+00 -3.726172e-04 9.999999e-01 -3.749418e-04 -4.047487e-01 2.573485e-03 3.758954e-04 9.999966e-01 9.191352e+00
9.999565e-01 -4.431176e-04 9.308464e-03 4.438351e+00 4.425387e-04 9.999999e-01 6.459043e-05 -4.103153e-01 -9.308396e-03 -6.047246e-05 9.999566e-01 9.323195e+00
9.999885e-01 4.042130e-04 -4.776638e-03 4.473053e+00 -4.056461e-04 9.999999e-01 -2.997302e-04 -4.161068e-01 4.776613e-03 3.016603e-04 9.999885e-01 9.464392e+00
9.998487e-01 -6.277130e-04 1.737909e-02 4.514814e+00 6.319782e-04 9.999998e-01 -2.397454e-04 -4.210448e-01 -1.737884e-02 2.506881e-04 9.998489e-01 9.596959e+00
9.999398e-01 5.655653e-04 -1.095513e-02 4.523885e+00 -5.660181e-04 9.999998e-01 -3.853027e-05 -4.255842e-01 1.095520e-02 4.472460e-05 9.999399e-01 9.693630e+00
9.998803e-01 -5.835994e-04 1.545692e-02 4.533448e+00 5.863420e-04 9.999998e-01 -1.726886e-04 -4.304283e-01 -1.545672e-02 1.817267e-04 9.998805e-01 9.795595e+00
9.999728e-01 5.063329e-04 -7.355483e-03 4.575505e+00 -5.078671e-04 9.999998e-01 -2.071739e-04 -4.359923e-01 7.355474e-03 2.108997e-04 9.999729e-01 9.935393e+00
9.998267e-01 -7.073420e-04 1.859966e-02 4.615116e+00 7.121201e-04 9.999997e-01 -2.500917e-04 -4.407063e-01 -1.859939e-02 2.632893e-04 9.998269e-01 1.004207e+01
9.998641e-01 7.219745e-04 -1.646937e-02 4.622232e+00 -7.196925e-04 9.999997e-01 1.442760e-04 -4.449856e-01 1.646957e-02 -1.324077e-04 9.998643e-01 1.009726e+01
9.998358e-01 -6.933935e-04 1.810536e-02 4.644943e+00 6.974147e-04 9.999997e-01 -2.155982e-04 -4.479517e-01 -1.810511e-02 2.281854e-04 9.998360e-01 1.006523e+01
9.998389e-01 7.116925e-04 -1.793428e-02 4.666418e+00 -7.079799e-04 9.999997e-01 2.131684e-04 -4.507543e-01 1.793453e-02 -2.004412e-04 9.998391e-01 1.001960e+01
9.996938e-01 -7.364899e-04 2.473208e-02 4.698497e+00 7.485455e-04 9.999996e-01 -4.780557e-04 -4.549600e-01 -2.473162e-02 4.964181e-04 9.996939e-01 1.007239e+01
9.997315e-01 7.779893e-04 -2.315664e-02 4.752138e+00 -7.682514e-04 9.999996e-01 4.292647e-04 -4.581283e-01 2.315706e-02 -4.113635e-04 9.997317e-01 1.002496e+01
9.997416e-01 -6.789149e-04 2.272180e-02 4.880916e+00 6.887393e-04 9.999997e-01 -4.244054e-04 -4.604785e-01 -2.272140e-02 4.399408e-04 9.997417e-01 9.896215e+00
9.997325e-01 7.868069e-04 -2.311273e-02 5.016209e+00 -7.771243e-04 9.999996e-01 4.277541e-04 -4.619453e-01 2.311316e-02 -4.096824e-04 9.997327e-01 9.717606e+00
9.997132e-01 -7.556317e-04 2.393326e-02 5.055074e+00 7.663643e-04 9.999996e-01 -4.391296e-04 -4.646161e-01 -2.393283e-02 4.573410e-04 9.997134e-01 9.654655e+00
9.997647e-01 7.762751e-04 -2.167596e-02 5.084796e+00 -7.688470e-04 9.999996e-01 3.508554e-04 -4.683750e-01 2.167633e-02 -3.341115e-04 9.997649e-01 9.656152e+00
9.997060e-01 -7.494570e-04 2.423194e-02 5.094049e+00 7.609118e-04 9.999996e-01 -4.633575e-04 -4.723370e-01 -2.423149e-02 4.816553e-04 9.997062e-01 9.689610e+00
9.997312e-01 7.860927e-04 -2.317062e-02 5.134905e+00 -7.766487e-04 9.999996e-01 4.164262e-04 -4.768902e-01 2.317104e-02 -3.983230e-04 9.997314e-01 9.724334e+00
9.997445e-01 -7.309865e-04 2.259062e-02 5.192592e+00 7.404682e-04 9.999996e-01 -4.112057e-04 -4.817669e-01 -2.259021e-02 4.278240e-04 9.997447e-01 9.766231e+00
9.997251e-01 8.013397e-04 -2.343109e-02 5.269367e+00 -7.915065e-04 9.999996e-01 4.287832e-04 -4.858948e-01 2.343152e-02 -4.101236e-04 9.997253e-01 9.755235e+00
9.997840e-01 -7.143283e-04 2.077051e-02 5.392425e+00 7.207210e-04 9.999997e-01 -3.001298e-04 -4.896962e-01 -2.077019e-02 3.150304e-04 9.997842e-01 9.700793e+00
9.997018e-01 8.368687e-04 -2.440445e-02 5.495019e+00 -8.239228e-04 9.999995e-01 5.403786e-04 -4.956251e-01 2.440499e-02 -5.201143e-04 9.997020e-01 9.769296e+00
9.997252e-01 -7.520960e-04 2.342630e-02 5.574458e+00 7.644559e-04 9.999996e-01 -5.185157e-04 -5.008289e-01 -2.342581e-02 5.362773e-04 9.997254e-01 9.812249e+00
9.997002e-01 8.173275e-04 -2.446785e-02 5.634022e+00 -8.040526e-04 9.999995e-01 5.522369e-04 -5.042503e-01 2.446838e-02 -5.324021e-04 9.997004e-01 9.774408e+00
9.997344e-01 -8.184316e-04 2.302994e-02 5.638673e+00 8.302773e-04 9.999995e-01 -5.046601e-04 -5.095143e-01 -2.302941e-02 5.236430e-04 9.997346e-01 9.875085e+00
9.997034e-01 8.368985e-04 -2.433765e-02 5.654276e+00 -8.239259e-04 9.999995e-01 5.429029e-04 -5.148728e-01 2.433819e-02 -5.226936e-04 9.997036e-01 9.972943e+00
9.997087e-01 -8.555220e-04 2.412029e-02 5.670295e+00 8.690927e-04 9.999995e-01 -5.520096e-04 -5.203551e-01 -2.411971e-02 5.728072e-04 9.997089e-01 1.008771e+01
9.996997e-01 8.464841e-04 -2.448912e-02 5.681302e+00 -8.333392e-04 9.999995e-01 5.468194e-04 -5.259507e-01 2.448967e-02 -5.262517e-04 9.996999e-01 1.021341e+01
9.996774e-01 -8.434163e-04 2.538176e-02 5.692004e+00 8.589051e-04 9.999995e-01 -5.992085e-04 -5.312965e-01 -2.538114e-02 6.208114e-04 9.996776e-01 1.032823e+01
9.997277e-01 8.206980e-04 -2.331886e-02 5.705489e+00 -8.091440e-04 9.999995e-01 5.047608e-04 -5.366849e-01 2.331936e-02 -4.857592e-04 9.997279e-01 1.045198e+01
9.997752e-01 -7.867543e-04 2.118583e-02 5.708987e+00 7.964264e-04 9.999996e-01 -4.479414e-04 -5.425205e-01 -2.118537e-02 4.647094e-04 9.997754e-01 1.057797e+01
9.997528e-01 8.460095e-04 -2.221614e-02 5.722242e+00 -8.361710e-04 9.999995e-01 4.519791e-04 -5.471597e-01 2.221661e-02 -4.332950e-04 9.997530e-01 1.062902e+01
9.997823e-01 -8.113255e-04 2.084641e-02 5.736824e+00 8.203357e-04 9.999996e-01 -4.235123e-04 -5.511553e-01 -2.084596e-02 4.405169e-04 9.997825e-01 1.064497e+01
9.997481e-01 8.497899e-04 -2.242456e-02 5.739980e+00 -8.398155e-04 9.999995e-01 4.540546e-04 -5.550072e-01 2.242503e-02 -4.351120e-04 9.997484e-01 1.066119e+01
9.997681e-01 -8.373255e-04 2.151866e-02 5.739415e+00 8.466572e-04 9.999996e-01 -4.243952e-04 -5.590447e-01 -2.151819e-02 4.425114e-04 9.997683e-01 1.069248e+01
9.997397e-01 8.784207e-04 -2.279697e-02 5.751263e+00 -8.686002e-04 9.999995e-01 4.405239e-04 -5.638636e-01 2.279744e-02 -4.206119e-04 9.997400e-01 1.075554e+01
9.997336e-01 -9.025957e-04 2.306219e-02 5.793520e+00 9.132826e-04 9.999995e-01 -4.527185e-04 -5.705957e-01 -2.306168e-02 4.736558e-04 9.997339e-01 1.091659e+01
9.997211e-01 9.528219e-04 -2.359463e-02 5.831027e+00 -9.422678e-04 9.999995e-01 4.582742e-04 -5.767150e-01 2.359515e-02 -4.359181e-04 9.997214e-01 1.104244e+01
9.997546e-01 -9.128656e-04 2.213346e-02 5.835306e+00 9.223653e-04 9.999995e-01 -4.188438e-04 -5.808297e-01 -2.213297e-02 4.391518e-04 9.997549e-01 1.107112e+01
9.997862e-01 9.099241e-04 -2.065449e-02 5.843859e+00 -9.026319e-04 9.999995e-01 3.622072e-04 -5.858032e-01 2.065491e-02 -3.434905e-04 9.997865e-01 1.116068e+01
9.995547e-01 -1.107710e-03 2.981695e-02 5.910431e+00 1.131464e-03 9.999991e-01 -7.796884e-04 -5.922117e-01 -2.981596e-02 8.130737e-04 9.995550e-01 1.135270e+01
9.997167e-01 9.996754e-04 -2.378025e-02 5.987008e+00 -9.891688e-04 9.999994e-01 4.534319e-04 -5.991052e-01 2.378079e-02 -4.297849e-04 9.997170e-01 1.155372e+01
9.995868e-01 -1.017342e-03 2.872561e-02 6.030163e+00 1.037772e-03 9.999992e-01 -6.961924e-04 -6.051193e-01 -2.872478e-02 7.257110e-04 9.995870e-01 1.170594e+01
9.995890e-01 1.060728e-03 -2.864801e-02 6.053946e+00 -1.041421e-03 9.999992e-01 6.887088e-04 -6.112710e-01 2.864882e-02 -6.585953e-04 9.995893e-01 1.184462e+01
9.995956e-01 -1.008690e-03 2.841843e-02 6.068238e+00 1.028825e-03 9.999992e-01 -6.937808e-04 -6.167481e-01 -2.841761e-02 7.227334e-04 9.995958e-01 1.195139e+01
9.997397e-01 9.642017e-04 -2.279136e-02 6.085945e+00 -9.540143e-04 9.999994e-01 4.576973e-04 -6.214962e-01 2.279188e-02 -4.358391e-04 9.997401e-01 1.205115e+01
9.996020e-01 -1.074497e-03 2.819042e-02 6.114011e+00 1.093014e-03 9.999992e-01 -6.413042e-04 -6.268763e-01 -2.818961e-02 6.718570e-04 9.996023e-01 1.217399e+01
9.997011e-01 1.069473e-03 -2.442122e-02 6.133969e+00 -1.058228e-03 9.999993e-01 4.731995e-04 -6.321845e-01 2.442180e-02 -4.472191e-04 9.997016e-01 1.229421e+01
9.996195e-01 -1.076605e-03 2.756011e-02 6.144765e+00 1.093986e-03 9.999992e-01 -6.154679e-04 -6.374051e-01 -2.755933e-02 6.453797e-04 9.996199e-01 1.241317e+01
9.997757e-01 1.020767e-03 -2.115160e-02 6.172968e+00 -1.013630e-03 9.999994e-01 3.479945e-04 -6.427793e-01 2.115204e-02 -3.264808e-04 9.997762e-01 1.254584e+01
9.991770e-01 -1.490393e-03 4.053539e-02 6.213850e+00 1.534500e-03 9.999983e-01 -1.056946e-03 -6.464922e-01 -4.053365e-02 1.118273e-03 9.991775e-01 1.265375e+01
9.997975e-01 9.424856e-04 -2.009843e-02 6.252390e+00 -9.360276e-04 9.999995e-01 3.305291e-04 -6.500516e-01 2.009883e-02 -3.116539e-04 9.997979e-01 1.275488e+01
9.993544e-01 -1.304193e-03 3.590370e-02 6.288703e+00 1.337398e-03 9.999987e-01 -9.007319e-04 -6.541783e-01 -3.590238e-02 9.481634e-04 9.993548e-01 1.285867e+01
9.998806e-01 7.904438e-04 -1.542854e-02 6.328246e+00 -7.885706e-04 9.999997e-01 1.272324e-04 -6.577054e-01 1.542874e-02 -1.150551e-04 9.998809e-01 1.296289e+01
9.993279e-01 -1.355228e-03 3.663150e-02 6.369944e+00 1.388670e-03 9.999986e-01 -8.873721e-04 -6.611726e-01 -3.663015e-02 9.376401e-04 9.993284e-01 1.306293e+01
9.996659e-01 1.136668e-03 -2.582039e-02 6.399699e+00 -1.123679e-03 9.999992e-01 5.174063e-04 -6.655971e-01 2.582106e-02 -4.882240e-04 9.996664e-01 1.315715e+01
9.993932e-01 -1.211991e-03 3.480922e-02 6.422546e+00 1.242320e-03 9.999989e-01 -8.495549e-04 -6.698348e-01 -3.480805e-02 8.922789e-04 9.993936e-01 1.323882e+01
9.998282e-01 7.992721e-04 -1.851697e-02 6.460631e+00 -7.944733e-04 9.999996e-01 2.662735e-04 -6.739532e-01 1.851727e-02 -2.515210e-04 9.998285e-01 1.334221e+01
9.995051e-01 -1.051340e-03 3.143776e-02 6.492718e+00 1.075862e-03 9.999991e-01 -7.629846e-04 -6.783086e-01 -3.143683e-02 7.964251e-04 9.995054e-01 1.344946e+01
9.996495e-01 1.017482e-03 -2.645448e-02 6.498126e+00 -1.003299e-03 9.999993e-01 5.492326e-04 -6.830358e-01 2.645513e-02 -5.225028e-04 9.996498e-01 1.355677e+01
9.994148e-01 -1.049126e-03 3.418756e-02 6.508292e+00 1.079197e-03 9.999990e-01 -8.610334e-04 -6.873184e-01 -3.418652e-02 8.974200e-04 9.994150e-01 1.364679e+01
9.996336e-01 9.611279e-04 -2.705042e-02 6.521189e+00 -9.457664e-04 9.999994e-01 5.805022e-04 -6.920860e-01 2.705107e-02 -5.547106e-04 9.996338e-01 1.375814e+01
9.994382e-01 -9.624935e-04 3.350144e-02 6.534615e+00 9.915811e-04 9.999991e-01 -8.515111e-04 -6.967129e-01 -3.350050e-02 8.842475e-04 9.994383e-01 1.385849e+01
9.996250e-01 9.047005e-04 -2.736609e-02 6.555034e+00 -8.876637e-04 9.999994e-01 6.345241e-04 -7.014062e-01 2.736675e-02 -6.099988e-04 9.996252e-01 1.394524e+01
9.995501e-01 -7.890772e-04 2.997996e-02 6.567576e+00 8.114474e-04 9.999994e-01 -7.338620e-04 -7.060251e-01 -2.997927e-02 7.578545e-04 9.995502e-01 1.401626e+01
9.998437e-01 4.994694e-04 -1.766943e-02 6.598394e+00 -4.943564e-04 9.999998e-01 2.934733e-04 -7.102543e-01 1.766967e-02 -2.846969e-04 9.998438e-01 1.410700e+01
9.998719e-01 -4.180480e-04 1.599444e-02 6.612195e+00 4.220354e-04 9.999999e-01 -2.456392e-04 -7.155916e-01 -1.599424e-02 2.523534e-04 9.998720e-01 1.420263e+01
9.996951e-01 6.294120e-04 -2.468367e-02 6.625724e+00 -6.144006e-04 9.999996e-01 6.155431e-04 -7.209143e-01 2.468415e-02 -6.001942e-04 9.996951e-01 1.428586e+01
9.998736e-01 -4.479146e-04 1.588772e-02 6.629225e+00 4.533677e-04 9.999998e-01 -3.393457e-04 -7.260126e-01 -1.588747e-02 3.465012e-04 9.998737e-01 1.437510e+01
9.996596e-01 6.514413e-04 -2.607989e-02 6.642831e+00 -6.319815e-04 9.999995e-01 7.542205e-04 -7.315596e-01 2.608046e-02 -7.374862e-04 9.996595e-01 1.447300e+01
9.998144e-01 -5.568972e-04 1.925438e-02 6.642002e+00 5.670083e-04 9.999997e-01 -5.194508e-04 -7.372319e-01 -1.925398e-02 5.302672e-04 9.998144e-01 1.458885e+01
9.996811e-01 6.736233e-04 -2.524083e-02 6.642855e+00 -6.549407e-04 9.999995e-01 7.482548e-04 -7.424873e-01 2.524143e-02 -7.314894e-04 9.996811e-01 1.467254e+01
9.997340e-01 -6.284159e-04 2.305294e-02 6.634535e+00 6.449578e-04 9.999995e-01 -7.099473e-04 -7.471119e-01 -2.305238e-02 7.246220e-04 9.997339e-01 1.473863e+01
9.997050e-01 7.032041e-04 -2.427476e-02 6.624949e+00 -6.855632e-04 9.999995e-01 7.348466e-04 -7.514696e-01 2.427537e-02 -7.179924e-04 9.997050e-01 1.479551e+01
9.996157e-01 -7.209731e-04 2.771019e-02 6.621416e+00 7.452699e-04 9.999993e-01 -8.663446e-04 -7.555860e-01 -2.770945e-02 8.866586e-04 9.996156e-01 1.485897e+01
9.997670e-01 4.384602e-04 -2.157885e-02 6.664702e+00 -4.256978e-04 9.999997e-01 5.958100e-04 -7.629170e-01 2.157920e-02 -5.864896e-04 9.997669e-01 1.510860e+01
9.996881e-01 -4.361422e-04 2.496844e-02 6.698399e+00 4.559470e-04 9.999996e-01 -7.873309e-04 -7.693061e-01 -2.496799e-02 7.984651e-04 9.996879e-01 1.527508e+01
9.996840e-01 4.294418e-04 -2.513082e-02 6.670529e+00 -4.091866e-04 9.999996e-01 8.109438e-04 -7.719987e-01 2.513125e-02 -8.004088e-04 9.996838e-01 1.525322e+01
9.996955e-01 -4.605388e-04 2.467014e-02 6.644727e+00 4.803142e-04 9.999996e-01 -7.954957e-04 -7.752862e-01 -2.466966e-02 8.070983e-04 9.996953e-01 1.526994e+01
9.998064e-01 4.540472e-04 -1.966767e-02 6.648337e+00 -4.427923e-04 9.999997e-01 5.763702e-04 -7.799262e-01 1.966803e-02 -5.675544e-04 9.998064e-01 1.536375e+01
9.995241e-01 -6.460042e-04 3.083891e-02 6.677079e+00 6.778400e-04 9.999992e-01 -1.021736e-03 -7.848479e-01 -3.083813e-02 1.042149e-03 9.995238e-01 1.549065e+01
9.995470e-01 6.208418e-04 -3.008794e-02 6.661623e+00 -5.915764e-04 9.999993e-01 9.813973e-04 -7.894587e-01 3.008863e-02 -9.631580e-04 9.995467e-01 1.559174e+01
9.995191e-01 -6.533639e-04 3.099950e-02 6.666950e+00 6.852343e-04 9.999992e-01 -1.017336e-03 -7.950915e-01 -3.099871e-02 1.038084e-03 9.995188e-01 1.572988e+01
9.997110e-01 5.773905e-04 -2.403204e-02 6.693174e+00 -5.606834e-04 9.999996e-01 7.017347e-04 -8.005441e-01 2.403254e-02 -6.880621e-04 9.997109e-01 1.587653e+01
9.996791e-01 -6.239130e-04 2.532161e-02 6.691906e+00 6.435715e-04 9.999995e-01 -7.680288e-04 -8.057767e-01 -2.532101e-02 7.840740e-04 9.996790e-01 1.600432e+01
9.995731e-01 6.522172e-04 -2.920930e-02 6.688636e+00 -6.264966e-04 9.999994e-01 8.895419e-04 -8.117074e-01 2.920996e-02 -8.708671e-04 9.995729e-01 1.614003e+01
9.997124e-01 -6.196221e-04 2.397363e-02 6.681639e+00 6.368986e-04 9.999995e-01 -7.128300e-04 -8.175838e-01 -2.397307e-02 7.278891e-04 9.997123e-01 1.627006e+01
9.995784e-01 6.693637e-04 -2.902606e-02 6.685518e+00 -6.433832e-04 9.999994e-01 9.042427e-04 -8.237999e-01 2.902674e-02 -8.851911e-04 9.995782e-01 1.641067e+01
9.996198e-01 -5.906386e-04 2.756596e-02 6.701308e+00 6.143875e-04 9.999994e-01 -8.529088e-04 -8.298438e-01 -2.756534e-02 8.695160e-04 9.996196e-01 1.653813e+01
9.995635e-01 5.799081e-04 -2.953485e-02 6.684726e+00 -5.530502e-04 9.999994e-01 9.173653e-04 -8.347519e-01 2.953546e-02 -9.006352e-04 9.995633e-01 1.663598e+01
9.993504e-01 -7.919004e-04 3.602958e-02 6.737264e+00 8.360426e-04 9.999989e-01 -1.209991e-03 -8.419447e-01 -3.602848e-02 1.239323e-03 9.993499e-01 1.687001e+01
9.995476e-01 6.335509e-04 -3.006765e-02 6.790884e+00 -6.061386e-04 9.999994e-01 9.206344e-04 -8.496014e-01 3.006832e-02 -9.019973e-04 9.995474e-01 1.713274e+01
9.996987e-01 -5.325067e-04 2.453762e-02 6.807243e+00 5.508973e-04 9.999996e-01 -7.425433e-04 -8.555572e-01 -2.453712e-02 7.558326e-04 9.996986e-01 1.724501e+01
9.993263e-01 8.811796e-04 -3.668860e-02 6.865211e+00 -8.355860e-04 9.999989e-01 1.257906e-03 -8.592271e-01 3.668976e-02 -1.226407e-03 9.993259e-01 1.723108e+01
9.995855e-01 -6.468213e-04 2.877978e-02 6.930035e+00 6.728722e-04 9.999994e-01 -8.953505e-04 -8.640359e-01 -2.877909e-02 9.143398e-04 9.995853e-01 1.725905e+01
9.995400e-01 7.089288e-04 -3.031879e-02 6.971895e+00 -6.812766e-04 9.999993e-01 9.222162e-04 -8.694981e-01 3.031952e-02 -9.011410e-04 9.995398e-01 1.733763e+01
9.996238e-01 -6.017592e-04 2.741743e-02 7.032078e+00 6.253430e-04 9.999994e-01 -8.514496e-04 -8.737383e-01 -2.741680e-02 8.682699e-04 9.996237e-01 1.733208e+01
9.995233e-01 6.928852e-04 -3.086301e-02 7.170483e+00 -6.630556e-04 9.999993e-01 9.765932e-04 -8.758571e-01 3.086377e-02 -9.556683e-04 9.995231e-01 1.719226e+01
9.996180e-01 -5.866885e-04 2.763157e-02 7.325905e+00 6.104502e-04 9.999995e-01 -8.513642e-04 -8.770711e-01 -2.763095e-02 8.679020e-04 9.996178e-01 1.699723e+01
9.995481e-01 7.032695e-04 -3.005003e-02 7.544691e+00 -6.746706e-04 9.999993e-01 9.616846e-04 -8.753508e-01 3.005079e-02 -9.409807e-04 9.995479e-01 1.663226e+01
9.996006e-01 -5.514072e-04 2.825359e-02 7.783428e+00 5.771388e-04 9.999994e-01 -9.024351e-04 -8.725839e-01 -2.825298e-02 9.183762e-04 9.996003e-01 1.620073e+01
9.995240e-01 7.460689e-04 -3.084107e-02 8.083001e+00 -7.154947e-04 9.999992e-01 1.002224e-03 -8.659200e-01 3.084189e-02 -9.796848e-04 9.995237e-01 1.554502e+01
9.995970e-01 -5.256049e-04 2.838185e-02 8.357846e+00 5.521522e-04 9.999994e-01 -9.273786e-04 -8.596033e-01 -2.838124e-02 9.426713e-04 9.995967e-01 1.491036e+01
9.994479e-01 6.954410e-04 -3.321521e-02 8.612450e+00 -6.540201e-04 9.999990e-01 1.257759e-03 -8.571982e-01 3.321615e-02 -1.235346e-03 9.994474e-01 1.450015e+01
9.996003e-01 -6.373760e-04 2.826374e-02 8.890609e+00 6.627634e-04 9.999994e-01 -8.887262e-04 -8.548761e-01 -2.826306e-02 9.070985e-04 9.996001e-01 1.410013e+01
9.995660e-01 7.627318e-04 -2.944542e-02 9.113164e+00 -7.364418e-04 9.999993e-01 9.035189e-04 -8.531960e-01 2.944619e-02 -8.814465e-04 9.995659e-01 1.373135e+01
9.996040e-01 -6.329392e-04 2.813070e-02 9.331222e+00 6.574678e-04 9.999994e-01 -8.625614e-04 -8.518914e-01 -2.813004e-02 8.807103e-04 9.996038e-01 1.338240e+01
9.995573e-01 7.538783e-04 -2.974136e-02 9.574035e+00 -7.270461e-04 9.999993e-01 9.128403e-04 -8.497503e-01 2.974212e-02 -8.908173e-04 9.995572e-01 1.298656e+01
9.996077e-01 -6.991096e-04 2.799932e-02 9.826109e+00 7.221562e-04 9.999994e-01 -8.128596e-04 -8.491395e-01 -2.799864e-02 8.327559e-04 9.996076e-01 1.266967e+01
9.995359e-01 8.234860e-04 -3.045155e-02 1.004034e+01 -7.920751e-04 9.999991e-01 1.043406e-03 -8.523495e-01 3.045249e-02 -1.018807e-03 9.995356e-01 1.256724e+01
9.995474e-01 -7.913142e-04 3.007036e-02 1.017426e+01 8.230551e-04 9.999991e-01 -1.043054e-03 -8.573082e-01 -3.006941e-02 1.067327e-03 9.995472e-01 1.258494e+01
9.994005e-01 9.157318e-04 -3.460901e-02 1.043381e+01 -8.652085e-04 9.999985e-01 1.474650e-03 -8.578690e-01 3.461041e-02 -1.443826e-03 9.993998e-01 1.233451e+01
9.995712e-01 -8.188693e-04 2.926706e-02 1.074007e+01 8.483784e-04 9.999991e-01 -9.957278e-04 -8.568902e-01 -2.926612e-02 1.020126e-03 9.995711e-01 1.200716e+01
9.994973e-01 8.950708e-04 -3.168892e-02 1.100542e+01 -8.586996e-04 9.999990e-01 1.161209e-03 -8.549689e-01 3.169003e-02 -1.133418e-03 9.994971e-01 1.161888e+01
9.995929e-01 -7.975899e-04 2.851776e-02 1.130753e+01 8.249192e-04 9.999992e-01 -9.464294e-04 -8.504682e-01 -2.851689e-02 9.695644e-04 9.995928e-01 1.108582e+01
9.994909e-01 9.928387e-04 -3.188822e-02 1.160769e+01 -9.522956e-04 9.999987e-01 1.286438e-03 -8.507793e-01 3.188955e-02 -1.255421e-03 9.994906e-01 1.081833e+01
9.994635e-01 -1.096002e-03 3.273134e-02 1.182902e+01 1.134343e-03 9.999987e-01 -1.152720e-03 -8.575799e-01 -3.272993e-02 1.189226e-03 9.994635e-01 1.094108e+01
9.995743e-01 8.446732e-04 -2.916047e-02 1.205950e+01 -8.106968e-04 9.999990e-01 1.176808e-03 -8.645977e-01 2.916153e-02 -1.152671e-03 9.995740e-01 1.108533e+01
9.996627e-01 -1.228743e-03 2.593825e-02 1.229089e+01 1.242876e-03 9.999991e-01 -5.286174e-04 -8.742016e-01 -2.593748e-02 5.606726e-04 9.996634e-01 1.136658e+01
9.996200e-01 7.859189e-04 -2.755429e-02 1.245082e+01 -7.596463e-04 9.999992e-01 9.637842e-04 -8.838880e-01 2.755513e-02 -9.424908e-04 9.996198e-01 1.167329e+01
9.996756e-01 -1.099957e-03 2.544370e-02 1.259180e+01 1.118256e-03 9.999991e-01 -7.048333e-04 -8.928296e-01 -2.544281e-02 7.330526e-04 9.996760e-01 1.191773e+01
9.997639e-01 7.747401e-04 -2.171093e-02 1.294700e+01 -7.541419e-04 9.999993e-01 9.567216e-04 -8.998019e-01 2.171175e-02 -9.401271e-04 9.997638e-01 1.204537e+01
9.997954e-01 -1.344829e-03 2.017853e-02 1.314059e+01 1.355498e-03 9.999989e-01 -5.148854e-04 -9.100184e-01 -2.017771e-02 5.421274e-04 9.997962e-01 1.236922e+01
9.997616e-01 1.001502e-03 -2.180790e-02 1.321099e+01 -9.871861e-04 9.999993e-01 6.669943e-04 -9.192708e-01 2.180865e-02 -6.453113e-04 9.997619e-01 1.267726e+01
9.997600e-01 -1.412216e-03 2.186086e-02 1.334166e+01 1.422651e-03 9.999989e-01 -4.615888e-04 -9.283808e-01 -2.186008e-02 4.925738e-04 9.997609e-01 1.294599e+01
9.996752e-01 1.113840e-03 -2.545717e-02 1.338259e+01 -1.095391e-03 9.999991e-01 7.384711e-04 -9.374370e-01 2.545807e-02 -7.103501e-04 9.996756e-01 1.323632e+01
9.998039e-01 -1.386903e-03 1.975039e-02 1.342949e+01 1.392175e-03 9.999990e-01 -2.529595e-04 -9.472609e-01 -1.974992e-02 2.804013e-04 9.998049e-01 1.357732e+01
9.998934e-01 1.209468e-03 -1.455002e-02 1.357989e+01 -1.208133e-03 9.999993e-01 1.002155e-04 -9.541979e-01 1.455023e-02 -8.263090e-05 9.998941e-01 1.375502e+01
9.998113e-01 -1.500960e-03 1.936730e-02 1.373029e+01 1.506464e-03 9.999988e-01 -2.694254e-04 -9.617130e-01 -1.936677e-02 2.985460e-04 9.998123e-01 1.395438e+01
9.998117e-01 1.342618e-03 -1.935741e-02 1.393308e+01 -1.333945e-03 9.999990e-01 4.607428e-04 -9.692655e-01 1.935811e-02 -4.348388e-04 9.998125e-01 1.411723e+01
9.996919e-01 -1.551005e-03 2.477272e-02 1.415452e+01 1.564575e-03 9.999986e-01 -5.282675e-04 -9.758427e-01 -2.477177e-02 5.668589e-04 9.996929e-01 1.425976e+01
9.999620e-01 8.187516e-04 -8.678645e-03 1.440541e+01 -8.197016e-04 9.999997e-01 -1.064055e-04 -9.832750e-01 8.678655e-03 1.135108e-04 9.999623e-01 1.451625e+01
9.995047e-01 -1.720371e-03 3.142108e-02 1.469892e+01 1.745118e-03 9.999982e-01 -7.600390e-04 -9.910954e-01 -3.141961e-02 8.144913e-04 9.995059e-01 1.482581e+01
9.997130e-01 9.786285e-04 -2.393439e-02 1.491357e+01 -9.629132e-04 9.999993e-01 6.679215e-04 -1.000874e+00 2.393513e-02 -6.446877e-04 9.997133e-01 1.518607e+01
9.995947e-01 -1.956756e-03 2.839927e-02 1.508013e+01 1.972271e-03 9.999979e-01 -5.181502e-04 -1.012647e+00 -2.839810e-02 5.739464e-04 9.995965e-01 1.564867e+01
9.995643e-01 1.508416e-03 -2.947581e-02 1.522105e+01 -1.486828e-03 9.999986e-01 7.541245e-04 -1.022386e+00 2.947701e-02 -7.099751e-04 9.995652e-01 1.594874e+01
9.993709e-01 -1.879991e-03 3.541329e-02 1.544789e+01 1.911773e-03 9.999978e-01 -8.634696e-04 -1.029878e+00 -3.541149e-02 9.306238e-04 9.993723e-01 1.613591e+01
9.995692e-01 1.345621e-03 -2.931568e-02 1.568428e+01 -1.323883e-03 9.999988e-01 7.607716e-04 -1.038337e+00 2.931677e-02 -7.216381e-04 9.995699e-01 1.638468e+01
9.991844e-01 -1.899305e-03 4.033377e-02 1.593536e+01 1.944018e-03 9.999975e-01 -1.069265e-03 -1.046270e+00 -4.033154e-02 1.146797e-03 9.991856e-01 1.663626e+01
9.993166e-01 1.536329e-03 -3.693093e-02 1.635693e+01 -1.480554e-03 9.999977e-01 1.537415e-03 -1.053531e+00 3.693330e-02 -1.481691e-03 9.993166e-01 1.676034e+01
9.992700e-01 -1.746768e-03 3.816211e-02 1.691817e+01 1.777749e-03 9.999981e-01 -7.777844e-04 -1.059837e+00 -3.816058e-02 8.450544e-04 9.992712e-01 1.680910e+01
9.992903e-01 1.599530e-03 -3.763164e-02 1.730844e+01 -1.551409e-03 9.999979e-01 1.307763e-03 -1.066913e+00 3.763375e-02 -1.248457e-03 9.992908e-01 1.692448e+01
9.991697e-01 -1.827512e-03 4.070040e-02 1.766541e+01 1.866878e-03 9.999978e-01 -9.291226e-04 -1.073920e+00 -4.069852e-02 1.004329e-03 9.991709e-01 1.705612e+01
9.990929e-01 1.272687e-03 -4.256427e-02 1.796439e+01 -1.210969e-03 9.999982e-01 1.475626e-03 -1.082986e+00 4.256617e-02 -1.422748e-03 9.990926e-01 1.727247e+01
9.993004e-01 -2.019969e-03 3.734230e-02 1.811403e+01 2.057172e-03 9.999974e-01 -9.577331e-04 -1.094243e+00 -3.734017e-02 1.033878e-03 9.993020e-01 1.763968e+01
9.990229e-01 1.179721e-03 -4.417814e-02 1.822724e+01 -1.106049e-03 9.999980e-01 1.691903e-03 -1.106606e+00 4.418014e-02 -1.641391e-03 9.990222e-01 1.810033e+01
9.993890e-01 -2.079107e-03 3.488995e-02 1.831106e+01 2.107866e-03 9.999975e-01 -7.873697e-04 -1.119821e+00 -3.488813e-02 8.604270e-04 9.993908e-01 1.863312e+01
9.989208e-01 1.197488e-03 -4.642881e-02 1.838108e+01 -1.109169e-03 9.999975e-01 1.927847e-03 -1.133744e+00 4.643110e-02 -1.874274e-03 9.989197e-01 1.921291e+01
9.993612e-01 -2.142401e-03 3.567139e-02 1.844546e+01 2.176566e-03 9.999972e-01 -9.188395e-04 -1.147490e+00 -3.566922e-02 9.958887e-04 9.993631e-01 1.979490e+01
9.990626e-01 1.580805e-03 -4.325886e-02 1.847319e+01 -1.514705e-03 9.999976e-01 1.560616e-03 -1.159166e+00 4.326132e-02 -1.493633e-03 9.990626e-01 2.025071e+01
9.993384e-01 -2.129467e-03 3.630612e-02 1.850447e+01 2.165628e-03 9.999972e-01 -9.565927e-04 -1.170173e+00 -3.630388e-02 1.034580e-03 9.993402e-01 2.067802e+01
