9.999998e-01 -4.899370e-05 -5.495589e-04 -3.802981e-02 4.901814e-05 1.000000e+00 4.441922e-05 -1.787080e-02 5.495567e-04 -4.444567e-05 9.999997e-01 7.527317e-01
9.999866e-01 1.613253e-04 -5.169735e-03 -4.622186e-02 -1.601187e-04 1.000000e+00 2.338153e-04 -4.580254e-02 5.169772e-03 -2.329839e-04 9.999865e-01 1.874342e+00
9.999765e-01 1.584123e-04 -6.861060e-03 -7.645965e-02 -1.565204e-04 9.999999e-01 2.762676e-04 -6.645347e-02 6.861102e-03 -2.751866e-04 9.999763e-01 2.717487e+00
9.996289e-01 8.604968e-04 -2.722563e-02 -8.818931e-02 -8.308909e-04 9.999991e-01 1.098723e-03 -8.134421e-02 2.722655e-02 -1.075693e-03 9.996286e-01 3.311449e+00
9.999850e-01 9.405830e-05 -5.473757e-03 -1.038180e-01 -9.288647e-05 1.000000e+00 2.143257e-04 -9.809465e-02 5.473769e-03 -2.138133e-04 9.999849e-01 3.964434e+00
9.992603e-01 1.275117e-03 -3.843467e-02 -1.836602e-01 -1.216354e-03 9.999981e-01 1.552237e-03 -1.045966e-01 3.843657e-02 -1.504338e-03 9.992598e-01 4.345908e+00
9.999701e-01 -3.249151e-04 7.724579e-03 -2.537768e-01 3.273340e-04 9.999999e-01 -3.118612e-04 -1.114245e-01 -7.724493e-03 3.143815e-04 9.999700e-01 4.719062e+00
9.997509e-01 7.308155e-04 -2.230538e-02 -3.117415e-01 -7.110564e-04 9.999993e-01 8.937612e-04 -1.281598e-01 2.230600e-02 -8.776770e-04 9.997507e-01 5.455752e+00
9.998928e-01 3.703019e-04 -1.463598e-02 -3.764908e-01 -3.619465e-04 9.999998e-01 5.735125e-04 -1.393844e-01 1.463617e-02 -5.681523e-04 9.998926e-01 5.975926e+00
9.997336e-01 7.883077e-04 -2.306793e-02 -4.645540e-01 -7.675121e-04 9.999993e-01 9.103296e-04 -1.455497e-01 2.306860e-02 -8.923807e-04 9.997334e-01 6.335157e+00
9.999179e-01 -4.935025e-04 1.280620e-02 -5.218654e-01 5.003453e-04 9.999997e-01 -5.311254e-04 -1.586011e-01 -1.280596e-02 5.374908e-04 9.999178e-01 6.917679e+00
9.999261e-01 4.354958e-04 -1.214941e-02 -6.844330e-01 -4.294409e-04 9.999998e-01 5.009572e-04 -1.641436e-01 1.214960e-02 -4.957013e-04 9.999260e-01 7.339749e+00
9.999571e-01 1.777610e-04 -9.255520e-03 -8.107940e-01 -1.747711e-04 9.999999e-01 3.238145e-04 -1.707770e-01 9.255549e-03 -3.221815e-04 9.999570e-01 7.755950e+00
9.999134e-01 4.665641e-04 -1.315227e-02 -8.920111e-01 -4.590926e-04 9.999997e-01 5.710745e-04 -1.886301e-01 1.315251e-02 -5.649854e-04 9.999132e-01 8.576971e+00
9.998924e-01 3.063681e-04 -1.466491e-02 -9.625076e-01 -2.984326e-04 9.999998e-01 5.432906e-04 -2.038189e-01 1.466504e-02 -5.388540e-04 9.998922e-01 9.238293e+00
9.999185e-01 5.594988e-04 -1.275468e-02 -1.005665e+00 -5.530664e-04 9.999997e-01 5.078075e-04 -2.022112e-01 1.275492e-02 -5.007102e-04 9.999184e-01 9.228047e+00
9.999976e-01 -2.790968e-04 2.169214e-03 -9.955799e-01 2.793961e-04 1.000000e+00 -1.374892e-04 -1.981608e-01 -2.169212e-03 1.380968e-04 9.999975e-01 9.012513e+00
9.994196e-01 1.265366e-03 -3.404104e-02 -1.031411e+00 -1.218970e-03 9.999983e-01 1.383675e-03 -1.948926e-01 3.404269e-02 -1.341375e-03 9.994194e-01 8.900298e+00
9.999957e-01 -3.270018e-04 2.926010e-03 -9.924600e-01 3.274914e-04 9.999999e-01 -1.666904e-04 -1.961916e-01 -2.925997e-03 1.676499e-04 9.999956e-01 8.856105e+00
9.989281e-01 1.678370e-03 -4.625849e-02 -1.028709e+00 -1.591784e-03 9.999969e-01 1.908542e-03 -1.969005e-01 4.626151e-02 -1.832860e-03 9.989276e-01 8.912685e+00
9.995379e-01 -1.152070e-03 3.037481e-02 -1.053452e+00 1.191390e-03 9.999985e-01 -1.276410e-03 -1.986767e-01 -3.037334e-02 1.312010e-03 9.995377e-01 9.010586e+00
9.988685e-01 1.702460e-03 -4.752677e-02 -1.184736e+00 -1.609940e-03 9.999967e-01 1.984897e-03 -1.921959e-01 4.752994e-02 -1.906134e-03 9.988679e-01 8.906789e+00
9.996605e-01 -1.019179e-03 2.603430e-02 -1.220802e+00 1.048257e-03 9.999988e-01 -1.103260e-03 -1.978495e-01 -2.603320e-02 1.130178e-03 9.996603e-01 9.153468e+00
9.984628e-01 1.934094e-03 -5.539126e-02 -1.198208e+00 -1.808852e-03 9.999957e-01 2.311078e-03 -2.047398e-01 5.539544e-02 -2.207329e-03 9.984620e-01 9.336964e+00
9.999695e-01 -4.336367e-04 7.795785e-03 -1.154393e+00 4.367459e-04 9.999998e-01 -3.970371e-04 -2.076532e-01 -7.795669e-03 4.004322e-04 9.999694e-01 9.364491e+00
9.991875e-01 1.437674e-03 -4.027842e-02 -1.223002e+00 -1.372119e-03 9.999977e-01 1.655119e-03 -2.156488e-01 4.028065e-02 -1.598505e-03 9.991870e-01 9.743639e+00
9.996579e-01 -1.026825e-03 2.613369e-02 -1.263152e+00 1.055823e-03 9.999988e-01 -1.095794e-03 -2.302911e-01 -2.613259e-02 1.123014e-03 9.996578e-01 1.032520e+01
9.995966e-01 1.107257e-03 -2.837893e-02 -9.412636e-01 -1.073867e-03 9.999987e-01 1.191758e-03 -2.471961e-01 2.838015e-02 -1.160799e-03 9.995964e-01 1.048715e+01
9.996081e-01 -1.102700e-03 2.797331e-02 -9.332544e-01 1.136357e-03 9.999986e-01 -1.187281e-03 -2.395977e-01 -2.797203e-02 1.218606e-03 9.996079e-01 1.014210e+01
9.996363e-01 1.135289e-03 -2.694297e-02 -1.709633e+00 -1.105502e-03 9.999988e-01 1.120408e-03 -1.935791e-01 2.694414e-02 -1.090213e-03 9.996363e-01 9.318605e+00
9.996161e-01 -1.121228e-03 2.768196e-02 -2.252756e+00 1.153742e-03 9.999987e-01 -1.158592e-03 -1.621513e-01 -2.768069e-02 1.190088e-03 9.996160e-01 8.780150e+00
9.996470e-01 1.141150e-03 -2.654274e-02 -2.998792e+00 -1.112875e-03 9.999988e-01 1.079962e-03 -1.030506e-01 2.654388e-02 -1.050039e-03 9.996470e-01 7.409063e+00
9.996303e-01 -1.101109e-03 2.716601e-02 -3.689713e+00 1.132335e-03 9.999987e-01 -1.134071e-03 -5.201648e-02 -2.716479e-02 1.164415e-03 9.996302e-01 6.272569e+00
9.996295e-01 1.157663e-03 -2.719543e-02 -4.277546e+00 -1.127673e-03 9.999987e-01 1.118036e-03 -9.610443e-03 2.719663e-02 -1.086952e-03 9.996294e-01 5.340735e+00
9.996340e-01 -1.078543e-03 2.703105e-02 -4.997646e+00 1.109478e-03 9.999987e-01 -1.129413e-03 5.079300e-02 -2.702986e-02 1.158992e-03 9.996339e-01 3.880264e+00
9.996273e-01 1.145833e-03 -2.727597e-02 -5.642272e+00 -1.115562e-03 9.999987e-01 1.124938e-03 1.123098e-01 2.727716e-02 -1.094088e-03 9.996272e-01 2.288263e+00
9.996200e-01 -1.084558e-03 2.754304e-02 -6.373409e+00 1.116663e-03 9.999987e-01 -1.150240e-03 1.774066e-01 -2.754182e-02 1.180562e-03 9.996199e-01 6.715056e-01
9.996208e-01 1.151168e-03 -2.751102e-02 -7.090014e+00 -1.120530e-03 9.999987e-01 1.129027e-03 2.356876e-01 2.751222e-02 -1.097769e-03 9.996208e-01 -7.079760e-01
9.996500e-01 -1.057381e-03 2.643427e-02 -7.666704e+00 1.087028e-03 9.999988e-01 -1.107156e-03 2.790012e-01 -2.643313e-02 1.135506e-03 9.996498e-01 -1.692278e+00
9.996559e-01 1.102481e-03 -2.620606e-02 -8.272034e+00 -1.074548e-03 9.999988e-01 1.079915e-03 3.225870e-01 2.620716e-02 -1.051381e-03 9.996559e-01 -2.637987e+00
9.996343e-01 -1.082912e-03 2.701922e-02 -8.916872e+00 1.113807e-03 9.999987e-01 -1.128418e-03 3.612590e-01 -2.701802e-02 1.158102e-03 9.996342e-01 -3.330182e+00
9.996572e-01 1.113886e-03 -2.615914e-02 -9.663591e+00 -1.085975e-03 9.999988e-01 1.081126e-03 3.967370e-01 2.616025e-02 -1.052345e-03 9.996571e-01 -3.752809e+00
9.995840e-01 -1.169267e-03 2.881597e-02 -1.038317e+01 1.204086e-03 9.999986e-01 -1.190951e-03 4.226081e-01 -2.881460e-02 1.225155e-03 9.995839e-01 -3.804478e+00
9.997360e-01 9.977568e-04 -2.295373e-02 -1.101671e+01 -9.755410e-04 9.999990e-01 9.789949e-04 4.433829e-01 2.295463e-02 -9.563418e-04 9.997360e-01 -3.752220e+00
9.996874e-01 -1.017632e-03 2.498170e-02 -1.181847e+01 1.044781e-03 9.999989e-01 -1.073723e-03 4.825337e-01 -2.498064e-02 1.099490e-03 9.996872e-01 -4.239300e+00
9.997134e-01 1.002010e-03 -2.391786e-02 -1.238172e+01 -9.779985e-04 9.999990e-01 1.015553e-03 5.024979e-01 2.391879e-02 -9.918678e-04 9.997133e-01 -4.267784e+00
9.998067e-01 -8.319366e-04 1.964147e-02 -1.282787e+01 8.491475e-04 9.999993e-01 -8.678810e-04 5.201295e-01 -1.964079e-02 8.843942e-04 9.998066e-01 -4.403263e+00
9.995362e-01 1.205289e-03 -3.042780e-02 -1.333758e+01 -1.167091e-03 9.999985e-01 1.273058e-03 5.613529e-01 3.042922e-02 -1.236953e-03 9.995361e-01 -5.376833e+00
9.998513e-01 -7.572406e-04 1.722599e-02 -1.385621e+01 7.708393e-04 9.999994e-01 -7.827534e-04 6.020242e-01 -1.722545e-02 7.959180e-04 9.998512e-01 -6.315725e+00
9.994724e-01 1.259294e-03 -3.245555e-02 -1.431868e+01 -1.215634e-03 9.999983e-01 1.364920e-03 6.366486e-01 3.245715e-02 -1.324743e-03 9.994722e-01 -7.095123e+00
9.999490e-01 -5.566427e-04 1.008246e-02 -1.468176e+01 5.618243e-04 9.999997e-01 -5.110049e-04 6.607062e-01 -1.008224e-02 5.166460e-04 9.999490e-01 -7.594090e+00
9.991116e-01 1.547116e-03 -4.211468e-02 -1.488331e+01 -1.472665e-03 9.999973e-01 1.798752e-03 6.750648e-01 4.211728e-02 -1.735130e-03 9.991111e-01 -7.927748e+00
9.999767e-01 -4.255596e-04 6.815645e-03 -1.503185e+01 4.283986e-04 9.999998e-01 -4.149250e-04 6.793463e-01 -6.815537e-03 4.178378e-04 9.999766e-01 -7.925470e+00
9.988006e-01 1.729914e-03 -4.893140e-02 -1.517661e+01 -1.628465e-03 9.999964e-01 2.113063e-03 6.819698e-01 4.893481e-02 -2.030843e-03 9.987998e-01 -7.873992e+00
9.999743e-01 2.800967e-05 -7.168165e-03 -1.529205e+01 -2.703963e-05 1.000000e+00 1.352404e-04 6.827975e-01 7.168092e-03 -1.350403e-04 9.999742e-01 -7.762516e+00
9.989786e-01 1.586316e-03 -4.515768e-02 -1.536831e+01 -1.499588e-03 9.999970e-01 1.954340e-03 6.824242e-01 4.516057e-02 -1.884623e-03 9.989779e-01 -7.672223e+00
9.999279e-01 1.817873e-04 -1.200264e-02 -1.543560e+01 -1.779702e-04 9.999999e-01 3.189535e-04 6.817940e-01 1.200262e-02 -3.167915e-04 9.999278e-01 -7.583568e+00
9.990636e-01 1.510437e-03 -4.323979e-02 -1.551745e+01 -1.430416e-03 9.999972e-01 1.881467e-03 6.810191e-01 4.324243e-02 -1.817851e-03 9.990629e-01 -7.476074e+00
9.999145e-01 2.416944e-04 -1.307526e-02 -1.560858e+01 -2.370089e-04 9.999999e-01 3.597630e-04 6.797896e-01 1.307526e-02 -3.566303e-04 9.999144e-01 -7.324830e+00
9.988765e-01 1.625472e-03 -4.736147e-02 -1.569545e+01 -1.529756e-03 9.999967e-01 2.057101e-03 6.780209e-01 4.736456e-02 -1.982335e-03 9.988756e-01 -7.164510e+00
9.999191e-01 2.427306e-04 -1.271461e-02 -1.577673e+01 -2.384619e-04 9.999999e-01 3.370822e-04 6.758223e-01 1.271460e-02 -3.340199e-04 9.999190e-01 -6.992625e+00
9.987678e-01 1.680348e-03 -4.959918e-02 -1.583892e+01 -1.575371e-03 9.999964e-01 2.155470e-03 6.735353e-01 4.960253e-02 -2.074673e-03 9.987668e-01 -6.848203e+00
9.999654e-01 1.300325e-04 -8.316566e-03 -1.587878e+01 -1.287345e-04 1.000000e+00 1.563102e-04 6.715562e-01 8.316489e-03 -1.552311e-04 9.999653e-01 -6.742095e+00
9.988288e-01 1.610589e-03 -4.835606e-02 -1.594437e+01 -1.510395e-03 9.999966e-01 2.108417e-03 6.702361e-01 4.835920e-02 -2.032908e-03 9.988279e-01 -6.635059e+00
9.999406e-01 2.415985e-04 -1.088886e-02 -1.601476e+01 -2.388576e-04 9.999999e-01 2.527715e-04 6.676589e-01 1.088882e-02 -2.501526e-04 9.999406e-01 -6.461521e+00
9.989964e-01 1.484392e-03 -4.476408e-02 -1.604699e+01 -1.397718e-03 9.999971e-01 1.967413e-03 6.632161e-01 4.476677e-02 -1.902869e-03 9.989956e-01 -6.266733e+00
9.999360e-01 2.501115e-04 -1.130877e-02 -1.608915e+01 -2.471576e-04 9.999999e-01 2.623465e-04 6.602337e-01 1.130873e-02 -2.595317e-04 9.999360e-01 -6.124090e+00
9.988793e-01 1.560130e-03 -4.730319e-02 -1.613447e+01 -1.463502e-03 9.999968e-01 2.077241e-03 6.580004e-01 4.730617e-02 -2.005682e-03 9.988784e-01 -6.004228e+00
9.999826e-01 1.085091e-04 -5.897081e-03 -1.617290e+01 -1.082450e-04 1.000000e+00 4.458801e-05 6.557227e-01 5.896987e-03 -4.394610e-05 9.999826e-01 -5.885379e+00
9.991569e-01 1.334596e-03 -4.103163e-02 -1.617315e+01 -1.260870e-03 9.999975e-01 1.822580e-03 6.530182e-01 4.103386e-02 -1.769305e-03 9.991561e-01 -5.809548e+00
9.999284e-01 3.074696e-04 -1.195810e-02 -1.623694e+01 -3.041319e-04 9.999999e-01 2.806570e-04 6.513120e-01 1.195809e-02 -2.769974e-04 9.999284e-01 -5.682162e+00
9.995872e-01 9.434142e-04 -2.871439e-02 -1.630284e+01 -9.053369e-04 9.999987e-01 1.338930e-03 6.438564e-01 2.871552e-02 -1.312378e-03 9.995867e-01 -5.294535e+00
9.999948e-01 2.820272e-06 -3.219113e-03 -1.635116e+01 -3.000489e-06 1.000000e+00 -5.702850e-05 6.318760e-01 3.219016e-03 5.704041e-05 9.999948e-01 -4.777444e+00
9.994181e-01 1.143554e-03 -3.408842e-02 -1.643104e+01 -1.091632e-03 9.999982e-01 1.541635e-03 6.257307e-01 3.409003e-02 -1.503523e-03 9.994176e-01 -4.434792e+00
9.985057e-01 -1.643377e-03 5.462261e-02 -1.642719e+01 1.762661e-03 9.999962e-01 -2.135624e-03 6.076383e-01 -5.461899e-02 2.228717e-03 9.985047e-01 -3.715464e+00
9.994086e-01 1.163302e-03 -3.436645e-02 -1.643530e+01 -1.110584e-03 9.999982e-01 1.552957e-03 5.890806e-01 3.436809e-02 -1.513869e-03 9.994081e-01 -2.956777e+00
9.981806e-01 -1.787790e-03 6.026805e-02 -1.644568e+01 1.930546e-03 9.999955e-01 -2.310488e-03 5.704937e-01 -6.026374e-02 2.422637e-03 9.981795e-01 -2.184487e+00
9.996753e-01 9.418390e-04 -2.546180e-02 -1.641479e+01 -9.106874e-04 9.999988e-01 1.234903e-03 5.532942e-01 2.546283e-02 -1.211312e-03 9.996750e-01 -1.524254e+00
9.986486e-01 -1.606985e-03 5.194458e-02 -1.639468e+01 1.714753e-03 9.999965e-01 -2.030117e-03 5.339156e-01 -5.194123e-02 2.116448e-03 9.986479e-01 -7.674045e-01
9.993435e-01 1.238638e-03 -3.620796e-02 -1.641642e+01 -1.181467e-03 9.999980e-01 1.600230e-03 5.137787e-01 3.620977e-02 -1.556398e-03 9.993430e-01 7.184733e-02
9.988143e-01 -1.547817e-03 4.865590e-02 -1.647635e+01 1.643198e-03 9.999968e-01 -1.920309e-03 4.923142e-01 -4.865287e-02 1.997986e-03 9.988137e-01 1.027307e+00
9.992519e-01 1.316277e-03 -3.864988e-02 -1.651944e+01 -1.252012e-03 9.999978e-01 1.686807e-03 4.711921e-01 3.865192e-02 -1.637152e-03 9.992513e-01 1.939876e+00
9.989118e-01 -1.488152e-03 4.661488e-02 -1.651055e+01 1.576663e-03 9.999970e-01 -1.861973e-03 4.512048e-01 -4.661207e-02 1.933445e-03 9.989112e-01 2.709882e+00
9.994179e-01 1.206570e-03 -3.409355e-02 -1.645621e+01 -1.155163e-03 9.999982e-01 1.527408e-03 4.308123e-01 3.409523e-02 -1.487133e-03 9.994174e-01 3.425630e+00
9.988771e-01 -1.523540e-03 4.735064e-02 -1.645183e+01 1.614544e-03 9.999969e-01 -1.883663e-03 4.120341e-01 -4.734773e-02 1.958001e-03 9.988765e-01 4.160521e+00
9.988979e-01 1.562972e-03 -4.690941e-02 -1.647779e+01 -1.472394e-03 9.999970e-01 1.965343e-03 3.951616e-01 4.691224e-02 -1.894105e-03 9.988972e-01 4.841995e+00
9.995056e-01 -1.072008e-03 3.142184e-02 -1.652095e+01 1.113970e-03 9.999985e-01 -1.317844e-03 3.787735e-01 -3.142048e-02 1.352198e-03 9.995053e-01 5.530660e+00
9.988637e-01 1.571732e-03 -4.763185e-02 -1.660085e+01 -1.478151e-03 9.999969e-01 1.999765e-03 3.623512e-01 4.763475e-02 -1.927082e-03 9.988629e-01 6.272960e+00
9.998359e-01 -6.756792e-04 1.809909e-02 -1.672487e+01 6.902072e-04 9.999994e-01 -7.962731e-04 3.491256e-01 -1.809864e-02 8.086373e-04 9.998358e-01 6.951853e+00
9.978532e-01 2.192062e-03 -6.545229e-02 -1.683207e+01 -2.017149e-03 9.999942e-01 2.738287e-03 3.424253e-01 6.545782e-02 -2.600379e-03 9.978519e-01 7.351488e+00
9.997172e-01 -8.320291e-04 2.376218e-02 -1.693153e+01 8.567381e-04 9.999991e-01 -1.029536e-03 3.369072e-01 -2.376140e-02 1.049605e-03 9.997171e-01 7.689373e+00
9.983787e-01 1.893407e-03 -5.688803e-02 -1.702391e+01 -1.761533e-03 9.999956e-01 2.368121e-03 3.294674e-01 5.689217e-02 -2.264069e-03 9.983777e-01 8.085096e+00
9.998688e-01 -6.017087e-04 1.618388e-02 -1.712879e+01 6.135361e-04 9.999995e-01 -7.256371e-04 3.249205e-01 -1.618353e-02 7.354738e-04 9.998687e-01 8.380335e+00
9.987284e-01 1.678212e-03 -5.038409e-02 -1.721351e+01 -1.574577e-03 9.999966e-01 2.096456e-03 3.179519e-01 5.038734e-02 -2.014454e-03 9.987277e-01 8.750927e+00
9.995173e-01 -1.056967e-03 3.104612e-02 -1.727775e+01 1.097319e-03 9.999986e-01 -1.282623e-03 3.024477e-01 -3.104481e-02 1.316074e-03 9.995171e-01 9.445909e+00
9.991754e-01 1.351827e-03 -4.057748e-02 -1.734988e+01 -1.283590e-03 9.999977e-01 1.707551e-03 2.836328e-01 4.057961e-02 -1.654056e-03 9.991749e-01 1.028184e+01
9.993703e-01 -1.179197e-03 3.546089e-02 -1.737425e+01 1.231915e-03 9.999982e-01 -1.464740e-03 2.668544e-01 -3.545919e-02 1.507505e-03 9.993700e-01 1.095508e+01
9.994993e-01 1.086656e-03 -3.161871e-02 -1.735858e+01 -1.042882e-03 9.999985e-01 1.400777e-03 2.496417e-01 3.162009e-02 -1.367099e-03 9.994990e-01 1.159538e+01
9.994936e-01 -1.112485e-03 3.179886e-02 -1.740104e+01 1.155679e-03 9.999984e-01 -1.339904e-03 2.319634e-01 -3.179742e-02 1.375977e-03 9.994934e-01 1.234989e+01
9.995110e-01 1.064410e-03 -3.124745e-02 -1.745965e+01 -1.020369e-03 9.999985e-01 1.425253e-03 2.085755e-01 3.124883e-02 -1.392670e-03 9.995106e-01 1.337279e+01
9.994937e-01 -1.117697e-03 3.179605e-02 -1.751743e+01 1.160745e-03 9.999984e-01 -1.335347e-03 1.841555e-01 -3.179460e-02 1.371581e-03 9.994935e-01 1.443827e+01
9.995002e-01 1.074727e-03 -3.159076e-02 -1.757028e+01 -1.029731e-03 9.999984e-01 1.440448e-03 1.588768e-01 3.159217e-02 -1.407195e-03 9.994998e-01 1.553060e+01
9.994410e-01 -1.152441e-03 3.341031e-02 -1.760141e+01 1.199820e-03 9.999983e-01 -1.397972e-03 1.356082e-01 -3.340873e-02 1.437280e-03 9.994407e-01 1.650249e+01
9.995092e-01 1.074622e-03 -3.130524e-02 -1.761848e+01 -1.030202e-03 9.999984e-01 1.434911e-03 1.118389e-01 3.130664e-02 -1.401953e-03 9.995088e-01 1.747255e+01
9.994889e-01 -1.126508e-03 3.194515e-02 -1.766304e+01 1.170399e-03 9.999984e-01 -1.355177e-03 8.837354e-02 -3.194367e-02 1.391875e-03 9.994887e-01 1.847480e+01
9.995074e-01 1.074099e-03 -3.136221e-02 -1.771952e+01 -1.029161e-03 9.999984e-01 1.448857e-03 6.312926e-02 3.136362e-02 -1.415865e-03 9.995070e-01 1.957187e+01
9.994582e-01 -1.149472e-03 3.289132e-02 -1.776475e+01 1.195893e-03 9.999983e-01 -1.391601e-03 3.867912e-02 -3.288976e-02 1.430184e-03 9.994579e-01 2.061777e+01
9.995548e-01 1.045316e-03 -2.981635e-02 -1.780034e+01 -1.004430e-03 9.999985e-01 1.386093e-03 1.553878e-02 2.981766e-02 -1.355525e-03 9.995544e-01 2.159244e+01
9.994735e-01 -1.146569e-03 3.242252e-02 -1.784759e+01 1.191814e-03 9.999983e-01 -1.376077e-03 -8.349604e-03 -3.242098e-02 1.413996e-03 9.994733e-01 2.261830e+01
9.995918e-01 1.020635e-03 -2.855092e-02 -1.786034e+01 -9.823683e-04 9.999986e-01 1.354180e-03 -3.417930e-02 2.855217e-02 -1.325577e-03 9.995914e-01 2.366655e+01
9.995723e-01 -1.083866e-03 2.922061e-02 -1.788063e+01 1.121407e-03 9.999986e-01 -1.268272e-03 -5.991976e-02 -2.921929e-02 1.300500e-03 9.995721e-01 2.472270e+01
9.995856e-01 1.029995e-03 -2.876399e-02 -1.788878e+01 -9.913195e-04 9.999986e-01 1.358671e-03 -8.507563e-02 2.876526e-02 -1.329591e-03 9.995853e-01 2.573338e+01
9.995113e-01 -1.125201e-03 3.123778e-02 -1.790495e+01 1.167654e-03 9.999984e-01 -1.340707e-03 -1.086778e-01 -3.123632e-02 1.376529e-03 9.995110e-01 2.669455e+01
9.998055e-01 8.095761e-04 -1.970074e-02 -1.790548e+01 -7.892026e-04 9.999991e-01 1.041721e-03 -1.342288e-01 1.970148e-02 -1.025968e-03 9.998053e-01 2.772065e+01
9.997216e-01 -9.560723e-04 2.357266e-02 -1.793440e+01 9.817560e-04 9.999989e-01 -1.077844e-03 -1.592988e-01 -2.357169e-02 1.100689e-03 9.997215e-01 2.876790e+01
9.997542e-01 8.633584e-04 -2.214919e-02 -1.797812e+01 -8.384769e-04 9.999990e-01 1.132457e-03 -1.847423e-01 2.215005e-02 -1.113605e-03 9.997540e-01 2.985252e+01
9.996309e-01 -1.032722e-03 2.714342e-02 -1.800184e+01 1.065900e-03 9.999987e-01 -1.207741e-03 -2.101245e-01 -2.714223e-02 1.236230e-03 9.996308e-01 3.090165e+01
9.996836e-01 9.319208e-04 -2.513455e-02 -1.804279e+01 -9.008731e-04 9.999988e-01 1.246408e-03 -2.358184e-01 2.513559e-02 -1.223368e-03 9.996833e-01 3.199188e+01
9.995766e-01 -1.079177e-03 2.907319e-02 -1.808406e+01 1.116783e-03 9.999986e-01 -1.277182e-03 -2.615795e-01 -2.907187e-02 1.309113e-03 9.995764e-01 3.308695e+01
9.996587e-01 9.609695e-04 -2.610372e-02 -1.814034e+01 -9.280733e-04 9.999988e-01 1.272158e-03 -2.857906e-01 2.610482e-02 -1.247495e-03 9.996584e-01 3.414172e+01
9.993522e-01 -1.237378e-03 3.596458e-02 -1.817228e+01 1.292530e-03 9.999980e-01 -1.510196e-03 -3.104498e-01 -3.596273e-02 1.555706e-03 9.993519e-01 3.518020e+01
9.997165e-01 9.216201e-04 -2.379086e-02 -1.814059e+01 -8.934276e-04 9.999989e-01 1.195466e-03 -3.365618e-01 2.379184e-02 -1.173869e-03 9.997162e-01 3.617424e+01
9.996430e-01 -1.045330e-03 2.669622e-02 -1.818735e+01 1.077700e-03 9.999987e-01 -1.198053e-03 -3.607097e-01 -2.669502e-02 1.226398e-03 9.996428e-01 3.721189e+01
9.996645e-01 9.755488e-04 -2.587934e-02 -1.823329e+01 -9.429293e-04 9.999987e-01 1.272481e-03 -3.851637e-01 2.588045e-02 -1.247649e-03 9.996642e-01 3.825897e+01
9.996199e-01 -1.069370e-03 2.754458e-02 -1.825808e+01 1.103231e-03 9.999987e-01 -1.214016e-03 -4.118531e-01 -2.754334e-02 1.243946e-03 9.996198e-01 3.936429e+01
9.996835e-01 9.603849e-04 -2.513791e-02 -1.827508e+01 -9.292475e-04 9.999988e-01 1.250169e-03 -4.395164e-01 2.513899e-02 -1.226411e-03 9.996832e-01 4.049767e+01
9.996248e-01 -1.071115e-03 2.736632e-02 -1.829499e+01 1.104520e-03 9.999987e-01 -1.205404e-03 -4.677405e-01 -2.736509e-02 1.235181e-03 9.996247e-01 4.165973e+01
9.996575e-01 9.918660e-04 -2.615066e-02 -1.833842e+01 -9.588984e-04 9.999987e-01 1.273050e-03 -4.929792e-01 2.615179e-02 -1.247535e-03 9.996572e-01 4.273606e+01
9.995804e-01 -1.110026e-03 2.894233e-02 -1.837245e+01 1.147040e-03 9.999985e-01 -1.262165e-03 -5.189308e-01 -2.894098e-02 1.294836e-03 9.995803e-01 4.382652e+01
9.996810e-01 9.764454e-04 -2.523566e-02 -1.837201e+01 -9.453100e-04 9.999988e-01 1.245540e-03 -5.460955e-01 2.523675e-02 -1.221285e-03 9.996807e-01 4.490975e+01
9.996698e-01 -1.044082e-03 2.567093e-02 -1.834999e+01 1.073923e-03 9.999988e-01 -1.148521e-03 -5.742400e-01 -2.566979e-02 1.175713e-03 9.996698e-01 4.599522e+01
9.998215e-01 8.433491e-04 -1.887146e-02 -1.827264e+01 -8.242332e-04 9.999991e-01 1.020515e-03 -6.041279e-01 1.887221e-02 -1.004775e-03 9.998214e-01 4.706376e+01
9.994265e-01 -1.244901e-03 3.383856e-02 -1.821059e+01 1.293557e-03 9.999982e-01 -1.415925e-03 -6.341039e-01 -3.383683e-02 1.458888e-03 9.994263e-01 4.816951e+01
9.998703e-01 7.816463e-04 -1.607953e-02 -1.814074e+01 -7.670887e-04 9.999993e-01 9.112733e-04 -6.617032e-01 1.608014e-02 -8.988179e-04 9.998703e-01 4.916585e+01
9.994813e-01 -1.221038e-03 3.217989e-02 -1.809679e+01 1.265271e-03 9.999983e-01 -1.354117e-03 -6.883818e-01 -3.217828e-02 1.394134e-03 9.994811e-01 5.016833e+01
9.997852e-01 9.045351e-04 -2.070508e-02 -1.807257e+01 -8.827891e-04 9.999990e-01 1.059215e-03 -7.137209e-01 2.070592e-02 -1.040706e-03 9.997850e-01 5.114223e+01
9.994516e-01 -1.251040e-03 3.308912e-02 -1.806264e+01 1.297057e-03 9.999982e-01 -1.369145e-03 -7.423289e-01 -3.308745e-02 1.411316e-03 9.994514e-01 5.227850e+01
9.996776e-01 1.037993e-03 -2.536833e-02 -1.802324e+01 -1.007302e-03 9.999987e-01 1.222426e-03 -7.714804e-01 2.536947e-02 -1.196475e-03 9.996774e-01 5.338097e+01
9.994155e-01 -1.258166e-03 3.416087e-02 -1.791391e+01 1.306755e-03 9.999982e-01 -1.399945e-03 -8.020625e-01 -3.415914e-02 1.443770e-03 9.994153e-01 5.443014e+01
9.996714e-01 1.052996e-03 -2.560947e-02 -1.778281e+01 -1.021949e-03 9.999987e-01 1.225238e-03 -8.330594e-01 2.561063e-02 -1.198661e-03 9.996712e-01 5.546278e+01
9.995053e-01 -1.230547e-03 3.142411e-02 -1.777689e+01 1.272576e-03 9.999983e-01 -1.317399e-03 -8.594102e-01 -3.142254e-02 1.356740e-03 9.995052e-01 5.650608e+01
9.996897e-01 1.028914e-03 -2.488787e-02 -1.779525e+01 -9.993908e-04 9.999988e-01 1.198535e-03 -8.853718e-01 2.488897e-02 -1.173288e-03 9.996895e-01 5.757469e+01
9.995004e-01 -1.230570e-03 3.158066e-02 -1.781815e+01 1.273373e-03 9.999983e-01 -1.335153e-03 -9.094241e-01 -3.157906e-02 1.374703e-03 9.995003e-01 5.857134e+01
9.997937e-01 9.113309e-04 -2.028858e-02 -1.783164e+01 -8.900459e-04 9.999990e-01 1.057943e-03 -9.382056e-01 2.028942e-02 -1.039664e-03 9.997936e-01 5.975448e+01
9.994942e-01 -1.245255e-03 3.177613e-02 -1.787149e+01 1.288607e-03 9.999983e-01 -1.343737e-03 -9.668020e-01 -3.177450e-02 1.384007e-03 9.994941e-01 6.097533e+01
9.997507e-01 9.758093e-04 -2.230314e-02 -1.788077e+01 -9.508689e-04 9.999989e-01 1.128665e-03 -9.936027e-01 2.230412e-02 -1.107174e-03 9.997506e-01 6.206834e+01
9.996917e-01 -1.098977e-03 2.480290e-02 -1.795111e+01 1.126536e-03 9.999988e-01 -1.097032e-03 -1.020484e+00 -2.480176e-02 1.124638e-03 9.996917e-01 6.326114e+01
9.997416e-01 9.874805e-04 -2.270925e-02 -1.800096e+01 -9.616771e-04 9.999989e-01 1.146987e-03 -1.048545e+00 2.271026e-02 -1.124848e-03 9.997414e-01 6.446695e+01
9.997005e-01 -1.091807e-03 2.444700e-02 -1.801806e+01 1.118769e-03 9.999988e-01 -1.089065e-03 -1.076305e+00 -2.444588e-02 1.116093e-03 9.997005e-01 6.560428e+01
9.997426e-01 9.901816e-04 -2.266491e-02 -1.805442e+01 -9.643641e-04 9.999989e-01 1.149838e-03 -1.103670e+00 2.266592e-02 -1.127682e-03 9.997424e-01 6.675981e+01
9.997020e-01 -1.093319e-03 2.438498e-02 -1.812948e+01 1.120315e-03 9.999988e-01 -1.093293e-03 -1.129917e+00 -2.438385e-02 1.120290e-03 9.997020e-01 6.793404e+01
9.997429e-01 9.962724e-04 -2.265079e-02 -1.822637e+01 -9.707781e-04 9.999989e-01 1.136349e-03 -1.154257e+00 2.265180e-02 -1.114065e-03 9.997428e-01 6.906455e+01
9.996916e-01 -1.102651e-03 2.480623e-02 -1.831569e+01 1.130877e-03 9.999987e-01 -1.123704e-03 -1.176848e+00 -2.480506e-02 1.151414e-03 9.996916e-01 7.010822e+01
9.997441e-01 1.000543e-03 -2.259790e-02 -1.839428e+01 -9.752237e-04 9.999989e-01 1.131260e-03 -1.198944e+00 2.259891e-02 -1.108930e-03 9.997440e-01 7.111329e+01
9.996862e-01 -1.110278e-03 2.502373e-02 -1.849178e+01 1.139123e-03 9.999987e-01 -1.138319e-03 -1.219344e+00 -2.502253e-02 1.166470e-03 9.996862e-01 7.207763e+01
9.997505e-01 1.022133e-03 -2.231269e-02 -1.877422e+01 -9.983146e-04 9.999989e-01 1.078442e-03 -1.226126e+00 2.231367e-02 -1.055895e-03 9.997504e-01 7.272439e+01
9.996922e-01 -1.129151e-03 2.477955e-02 -1.886666e+01 1.156423e-03 9.999987e-01 -1.086128e-03 -1.246983e+00 -2.477839e-02 1.114453e-03 9.996923e-01 7.370031e+01
9.997523e-01 1.031040e-03 -2.223063e-02 -1.893689e+01 -1.007937e-03 9.999989e-01 1.050258e-03 -1.263885e+00 2.223159e-02 -1.027587e-03 9.997523e-01 7.446450e+01
9.997075e-01 -1.107199e-03 2.415663e-02 -1.906541e+01 1.133430e-03 9.999988e-01 -1.072054e-03 -1.277289e+00 -2.415551e-02 1.099123e-03 9.997076e-01 7.516508e+01
9.997526e-01 1.038035e-03 -2.221528e-02 -1.927856e+01 -1.015167e-03 9.999989e-01 1.040476e-03 -1.286167e+00 2.221624e-02 -1.017663e-03 9.997526e-01 7.579489e+01
9.996876e-01 -1.128605e-03 2.496522e-02 -1.957571e+01 1.156800e-03 9.999987e-01 -1.114837e-03 -1.288349e+00 -2.496403e-02 1.143372e-03 9.996877e-01 7.627182e+01
9.997186e-01 1.081747e-03 -2.369312e-02 -1.982299e+01 -1.056169e-03 9.999988e-01 1.091878e-03 -1.291778e+00 2.369418e-02 -1.066543e-03 9.997186e-01 7.672495e+01
9.996495e-01 -1.196304e-03 2.644484e-02 -1.989420e+01 1.226076e-03 9.999986e-01 -1.109493e-03 -1.312642e+00 -2.644358e-02 1.141531e-03 9.996496e-01 7.766446e+01
9.996819e-01 1.160092e-03 -2.519068e-02 -2.016267e+01 -1.132945e-03 9.999988e-01 1.091781e-03 -1.316272e+00 2.519182e-02 -1.062891e-03 9.996820e-01 7.815796e+01
9.997337e-01 -1.077500e-03 2.304944e-02 -2.039824e+01 1.100723e-03 9.999989e-01 -9.947048e-04 -1.309643e+00 -2.304844e-02 1.019814e-03 9.997338e-01 7.822101e+01
9.998608e-01 8.622567e-04 -1.665727e-02 -2.055662e+01 -8.490912e-04 9.999993e-01 7.972186e-04 -1.316399e+00 1.665785e-02 -7.829609e-04 9.998609e-01 7.870732e+01
9.997412e-01 -1.067090e-03 2.272390e-02 -2.066271e+01 1.089250e-03 9.999989e-01 -9.626386e-04 -1.333008e+00 -2.272295e-02 9.871448e-04 9.997413e-01 7.952153e+01
9.998515e-01 8.762940e-04 -1.720485e-02 -2.075293e+01 -8.623147e-04 9.999993e-01 8.197137e-04 -1.351243e+00 1.720546e-02 -8.047527e-04 9.998516e-01 8.038293e+01
9.995651e-01 -1.242364e-03 2.946258e-02 -2.081725e+01 1.277362e-03 9.999985e-01 -1.168947e-03 -1.370978e+00 -2.946118e-02 1.206077e-03 9.995652e-01 8.127395e+01
9.997893e-01 9.725634e-04 -2.050322e-02 -2.086694e+01 -9.538124e-04 9.999991e-01 9.241239e-04 -1.390831e+00 2.050400e-02 -9.043696e-04 9.997893e-01 8.213972e+01
9.994608e-01 -1.339780e-03 3.280409e-02 -2.090957e+01 1.382414e-03 9.999982e-01 -1.276880e-03 -1.407469e+00 -3.280242e-02 1.321544e-03 9.994609e-01 8.287561e+01
9.997828e-01 9.899170e-04 -2.081288e-02 -2.101344e+01 -9.709391e-04 9.999991e-01 9.217532e-04 -1.420963e+00 2.081367e-02 -9.013417e-04 9.997829e-01 8.356571e+01
9.994773e-01 -1.325641e-03 3.229874e-02 -2.113240e+01 1.366940e-03 9.999983e-01 -1.256481e-03 -1.433453e+00 -3.229712e-02 1.299978e-03 9.994774e-01 8.423702e+01
9.997836e-01 9.925101e-04 -2.077525e-02 -2.119374e+01 -9.732657e-04 9.999991e-01 9.362349e-04 -1.453348e+00 2.077606e-02 -9.158091e-04 9.997837e-01 8.512880e+01
9.995525e-01 -1.266752e-03 2.988566e-02 -2.126447e+01 1.302272e-03 9.999985e-01 -1.168977e-03 -1.476834e+00 -2.988423e-02 1.207377e-03 9.995526e-01 8.618538e+01
9.996407e-01 1.145120e-03 -2.677618e-02 -2.134584e+01 -1.114443e-03 9.999987e-01 1.160465e-03 -1.500664e+00 2.677738e-02 -1.130204e-03 9.996407e-01 8.726688e+01
9.994736e-01 -1.328530e-03 3.241228e-02 -2.143974e+01 1.370425e-03 9.999983e-01 -1.270291e-03 -1.522064e+00 -3.241064e-02 1.314044e-03 9.994737e-01 8.827186e+01
9.998314e-01 9.218433e-04 -1.833498e-02 -2.151778e+01 -9.062424e-04 9.999992e-01 8.589848e-04 -1.541540e+00 1.833566e-02 -8.422206e-04 9.998315e-01 8.917711e+01
9.991759e-01 -1.524792e-03 4.056001e-02 -2.156652e+01 1.587994e-03 9.999976e-01 -1.525977e-03 -1.560868e+00 -4.055769e-02 1.589132e-03 9.991759e-01 9.003988e+01
9.996805e-01 1.117140e-03 -2.524969e-02 -2.161259e+01 -1.089867e-03 9.999988e-01 1.093736e-03 -1.582773e+00 2.525079e-02 -1.065865e-03 9.996805e-01 9.099412e+01
9.991421e-01 -1.556513e-03 4.138193e-02 -2.167407e+01 1.621822e-03 9.999975e-01 -1.544591e-03 -1.604019e+00 -4.137952e-02 1.610384e-03 9.991422e-01 9.194857e+01
9.996695e-01 1.131317e-03 -2.568047e-02 -2.177471e+01 -1.103560e-03 9.999988e-01 1.094866e-03 -1.622420e+00 2.568158e-02 -1.066160e-03 9.996696e-01 9.284400e+01
9.991745e-01 -1.541310e-03 4.059279e-02 -2.186375e+01 1.604089e-03 9.999976e-01 -1.513947e-03 -1.640576e+00 -4.059045e-02 1.577816e-03 9.991746e-01 9.371073e+01
9.996227e-01 1.185273e-03 -2.743914e-02 -2.193388e+01 -1.153973e-03 9.999987e-01 1.156417e-03 -1.660992e+00 2.744038e-02 -1.124313e-03 9.996228e-01 9.464357e+01
9.990492e-01 -1.617786e-03 4.356497e-02 -2.201432e+01 1.689155e-03 9.999973e-01 -1.601388e-03 -1.680871e+00 -4.356236e-02 1.673457e-03 9.990493e-01 9.556936e+01
9.996328e-01 1.182177e-03 -2.707157e-02 -2.208653e+01 -1.151807e-03 9.999987e-01 1.137302e-03 -1.700211e+00 2.707278e-02 -1.105699e-03 9.996328e-01 9.645835e+01
9.989381e-01 -1.683095e-03 4.604143e-02 -2.215234e+01 1.762571e-03 9.999970e-01 -1.685571e-03 -1.717476e+00 -4.603856e-02 1.764936e-03 9.989380e-01 9.725663e+01
9.995254e-01 1.288643e-03 -3.077632e-02 -2.216857e+01 -1.250062e-03 9.999984e-01 1.272697e-03 -1.738271e+00 3.077781e-02 -1.233617e-03 9.995254e-01 9.811592e+01
9.989483e-01 -1.698168e-03 4.581902e-02 -2.226334e+01 1.777616e-03 9.999970e-01 -1.693199e-03 -1.751607e+00 -4.581611e-02 1.772871e-03 9.989483e-01 9.879080e+01
9.996576e-01 1.167746e-03 -2.613917e-02 -2.248750e+01 -1.139883e-03 9.999988e-01 1.080718e-03 -1.753322e+00 2.614030e-02 -1.050549e-03 9.996577e-01 9.918741e+01
9.989003e-01 -1.723044e-03 4.685176e-02 -2.273096e+01 1.805662e-03 9.999969e-01 -1.721064e-03 -1.754903e+00 -4.684875e-02 1.803774e-03 9.989003e-01 9.960512e+01
9.996832e-01 1.148751e-03 -2.514356e-02 -2.298841e+01 -1.123076e-03 9.999988e-01 1.035111e-03 -1.751467e+00 2.514462e-02 -1.006541e-03 9.996833e-01 9.984223e+01
9.989468e-01 -1.691654e-03 4.585103e-02 -2.320669e+01 1.770378e-03 9.999970e-01 -1.676318e-03 -1.748452e+00 -4.584816e-02 1.755730e-03 9.989468e-01 1.000319e+02
9.995847e-01 1.251450e-03 -2.878755e-02 -2.338316e+01 -1.218399e-03 9.999986e-01 1.165538e-03 -1.756124e+00 2.878887e-02 -1.129976e-03 9.995848e-01 1.005885e+02
9.989824e-01 -1.680693e-03 4.506875e-02 -2.371343e+01 1.757457e-03 9.999971e-01 -1.663629e-03 -1.750659e+00 -4.506592e-02 1.741147e-03 9.989824e-01 1.008334e+02
9.997161e-01 1.127344e-03 -2.379972e-02 -2.400835e+01 -1.104321e-03 9.999989e-01 9.803589e-04 -1.744035e+00 2.380071e-02 -9.537943e-04 9.997162e-01 1.009892e+02
9.989721e-01 -1.681641e-03 4.529653e-02 -2.423087e+01 1.758593e-03 9.999971e-01 -1.658988e-03 -1.733887e+00 -4.529370e-02 1.736945e-03 9.989721e-01 1.008964e+02
9.997530e-01 1.102426e-03 -2.219790e-02 -2.430883e+01 -1.082366e-03 9.999990e-01 9.155569e-04 -1.725099e+00 2.219879e-02 -8.913007e-04 9.997531e-01 1.006544e+02
9.989149e-01 -1.727290e-03 4.653957e-02 -2.456703e+01 1.807637e-03 9.999969e-01 -1.684339e-03 -1.711521e+00 -4.653661e-02 1.766642e-03 9.989150e-01 1.004773e+02
9.998150e-01 1.019572e-03 -1.920370e-02 -2.479069e+01 -1.004426e-03 9.999992e-01 7.982376e-04 -1.707674e+00 1.920440e-02 -7.787974e-04 9.998152e-01 1.006483e+02
9.988651e-01 -1.752327e-03 4.759681e-02 -2.492850e+01 1.835281e-03 9.999969e-01 -1.699142e-03 -1.703146e+00 -4.759378e-02 1.784571e-03 9.988651e-01 1.006721e+02
9.998503e-01 9.922779e-04 -1.727405e-02 -2.495616e+01 -9.801351e-04 9.999993e-01 7.112677e-04 -1.696011e+00 1.727465e-02 -6.942264e-04 9.998505e-01 1.004345e+02
9.988200e-01 -1.785539e-03 4.853139e-02 -2.494453e+01 1.870639e-03 9.999968e-01 -1.708098e-03 -1.688436e+00 -4.852827e-02 1.796871e-03 9.988201e-01 1.001327e+02
9.998860e-01 9.403279e-04 -1.506756e-02 -2.500720e+01 -9.312313e-04 9.999994e-01 6.105834e-04 -1.681714e+00 1.506803e-02 -5.964786e-04 9.998862e-01 9.996761e+01
9.987969e-01 -1.810667e-03 4.900403e-02 -2.509359e+01 1.896274e-03 9.999968e-01 -1.700456e-03 -1.674541e+00 -4.900087e-02 1.791339e-03 9.987971e-01 9.981858e+01
9.999242e-01 8.786042e-04 -1.227538e-02 -2.516606e+01 -8.726439e-04 9.999995e-01 4.907342e-04 -1.668230e+00 1.227573e-02 -4.799812e-04 9.999245e-01 9.968711e+01
9.986909e-01 -1.869485e-03 5.111720e-02 -2.525589e+01 1.961047e-03 9.999966e-01 -1.741085e-03 -1.661595e+00 -5.111385e-02 1.839053e-03 9.986911e-01 9.956894e+01
9.998678e-01 9.752447e-04 -1.622915e-02 -2.535534e+01 -9.654902e-04 9.999993e-01 6.087646e-04 -1.650928e+00 1.622965e-02 -5.930112e-04 9.998680e-01 9.930392e+01
9.989465e-01 -1.740965e-03 4.585568e-02 -2.537124e+01 1.814003e-03 9.999972e-01 -1.551167e-03 -1.644565e+00 -4.585293e-02 1.632719e-03 9.989468e-01 9.908413e+01
9.998333e-01 1.047895e-03 -1.822812e-02 -2.519742e+01 -1.035947e-03 9.999992e-01 6.648356e-04 -1.644147e+00 1.822873e-02 -6.458376e-04 9.998335e-01 9.884844e+01
9.987831e-01 -1.841282e-03 4.928407e-02 -2.513200e+01 1.925196e-03 9.999968e-01 -1.655210e-03 -1.642960e+00 -4.928093e-02 1.748081e-03 9.987833e-01 9.872550e+01
9.997552e-01 1.138033e-03 -2.209679e-02 -2.511238e+01 -1.120685e-03 9.999991e-01 7.973768e-04 -1.647516e+00 2.209761e-02 -7.724144e-04 9.997554e-01 9.888877e+01
9.987266e-01 -1.866885e-03 5.041585e-02 -2.511844e+01 1.954319e-03 9.999967e-01 -1.684971e-03 -1.646036e+00 -5.041260e-02 1.781358e-03 9.987268e-01 9.884598e+01
9.997987e-01 1.084406e-03 -2.003505e-02 -2.510537e+01 -1.070393e-03 9.999992e-01 7.100527e-04 -1.645682e+00 2.003574e-02 -6.884608e-04 9.997989e-01 9.882398e+01
9.989473e-01 -1.759803e-03 4.583767e-02 -2.504198e+01 1.831154e-03 9.999972e-01 -1.514629e-03 -1.650070e+00 -4.583494e-02 1.596974e-03 9.989477e-01 9.891128e+01
9.997186e-01 1.192291e-03 -2.369127e-02 -2.491058e+01 -1.173232e-03 9.999990e-01 8.183132e-04 -1.653134e+00 2.369216e-02 -7.902840e-04 9.997189e-01 9.884780e+01
9.988616e-01 -1.799749e-03 4.766873e-02 -2.470726e+01 1.876318e-03 9.999970e-01 -1.561552e-03 -1.658800e+00 -4.766584e-02 1.649219e-03 9.988619e-01 9.879535e+01
9.997195e-01 1.176576e-03 -2.365236e-02 -2.459884e+01 -1.157889e-03 9.999990e-01 8.037048e-04 -1.659881e+00 2.365323e-02 -7.760891e-04 9.997198e-01 9.868712e+01
9.988953e-01 -1.765433e-03 4.695795e-02 -2.441196e+01 1.839055e-03 9.999971e-01 -1.524643e-03 -1.662166e+00 -4.695518e-02 1.609321e-03 9.988956e-01 9.852183e+01
9.997579e-01 1.128162e-03 -2.197306e-02 -2.433513e+01 -1.112482e-03 9.999991e-01 7.257857e-04 -1.663420e+00 2.197380e-02 -7.011621e-04 9.997582e-01 9.846565e+01
9.986498e-01 -1.890153e-03 5.191336e-02 -2.440873e+01 1.979090e-03 9.999967e-01 -1.661802e-03 -1.665831e+00 -5.191009e-02 1.762303e-03 9.986501e-01 9.866418e+01
9.995144e-01 1.367369e-03 -3.112986e-02 -2.436575e+01 -1.335769e-03 9.999986e-01 1.035869e-03 -1.676559e+00 3.113118e-02 -9.937800e-04 9.995147e-01 9.902274e+01
9.988654e-01 -1.775492e-03 4.758909e-02 -2.412377e+01 1.849999e-03 9.999971e-01 -1.521613e-03 -1.682436e+00 -4.758630e-02 1.607930e-03 9.988657e-01 9.891155e+01
9.993327e-01 1.517229e-03 -3.649563e-02 -2.388998e+01 -1.474064e-03 9.999982e-01 1.209606e-03 -1.686493e+00 3.649735e-02 -1.154998e-03 9.993330e-01 9.873865e+01
9.985745e-01 -1.920606e-03 5.334127e-02 -2.370990e+01 2.013537e-03 9.999965e-01 -1.688504e-03 -1.695321e+00 -5.333789e-02 1.793505e-03 9.985748e-01 9.882646e+01
9.992611e-01 1.557787e-03 -3.840352e-02 -2.364897e+01 -1.509903e-03 9.999980e-01 1.275833e-03 -1.707309e+00 3.840539e-02 -1.216902e-03 9.992614e-01 9.920230e+01
9.987344e-01 -1.836236e-03 5.026078e-02 -2.363353e+01 1.918963e-03 9.999969e-01 -1.597745e-03 -1.713143e+00 -5.025773e-02 1.692175e-03 9.987348e-01 9.938848e+01
9.996014e-01 1.276199e-03 -2.820359e-02 -2.370438e+01 -1.250797e-03 9.999988e-01 9.182633e-04 -1.715438e+00 2.820468e-02 -8.826172e-04 9.996017e-01 9.956961e+01
9.988183e-01 -1.787830e-03 4.856826e-02 -2.362289e+01 1.864486e-03 9.999971e-01 -1.533058e-03 -1.722901e+00 -4.856541e-02 1.621804e-03 9.988186e-01 9.973922e+01
9.991515e-01 1.651319e-03 -4.115191e-02 -2.329270e+01 -1.596122e-03 9.999978e-01 1.374111e-03 -1.734865e+00 4.115405e-02 -1.307259e-03 9.991519e-01 9.972560e+01
9.991398e-01 -1.606029e-03 4.143682e-02 -2.285138e+01 1.661606e-03 9.999978e-01 -1.306826e-03 -1.747032e+00 -4.143466e-02 1.374557e-03 9.991402e-01 9.956843e+01
9.985958e-01 2.008023e-03 -5.293731e-02 -2.244152e+01 -1.912695e-03 9.999965e-01 1.851369e-03 -1.759920e+00 5.294080e-02 -1.747513e-03 9.985960e-01 9.947048e+01
9.995327e-01 -1.305880e-03 3.053924e-02 -2.207406e+01 1.334233e-03 9.999987e-01 -9.080165e-04 -1.774735e+00 -3.053806e-02 9.483418e-04 9.995331e-01 9.949162e+01
9.986461e-01 2.005371e-03 -5.198048e-02 -2.161322e+01 -1.913080e-03 9.999965e-01 1.825171e-03 -1.792599e+00 5.198391e-02 -1.723254e-03 9.986463e-01 9.950650e+01
9.995508e-01 -1.300652e-03 2.994132e-02 -2.113467e+01 1.327877e-03 9.999987e-01 -8.893897e-04 -1.810015e+00 -2.994017e-02 9.287519e-04 9.995512e-01 9.947902e+01
9.984161e-01 2.142015e-03 -5.621953e-02 -2.075031e+01 -2.032534e-03 9.999959e-01 2.004480e-03 -1.825511e+00 5.622354e-02 -1.887034e-03 9.984163e-01 9.951034e+01
9.995308e-01 -1.305174e-03 3.060168e-02 -2.038462e+01 1.334283e-03 9.999987e-01 -9.307913e-04 -1.841464e+00 -3.060048e-02 9.711893e-04 9.995311e-01 9.958580e+01
9.985176e-01 2.070270e-03 -5.439104e-02 -2.002609e+01 -1.967519e-03 9.999962e-01 1.942567e-03 -1.857730e+00 5.439480e-02 -1.832669e-03 9.985177e-01 9.967799e+01
9.995793e-01 -1.259421e-03 2.897715e-02 -1.968440e+01 1.285450e-03 9.999988e-01 -8.795966e-04 -1.872970e+00 -2.897606e-02 9.164787e-04 9.995796e-01 9.975442e+01
9.991879e-01 1.614501e-03 -4.026187e-02 -1.948175e+01 -1.561634e-03 9.999979e-01 1.344477e-03 -1.891227e+00 4.026390e-02 -1.280507e-03 9.991882e-01 1.001398e+02
9.993055e-01 -1.532790e-03 3.722984e-02 -1.940066e+01 1.577029e-03 9.999981e-01 -1.158897e-03 -1.910831e+00 -3.722804e-02 1.216808e-03 9.993060e-01 1.007593e+02
9.990153e-01 1.770746e-03 -4.433045e-02 -1.904919e+01 -1.705819e-03 9.999974e-01 1.502378e-03 -1.933400e+00 4.433294e-02 -1.425275e-03 9.990157e-01 1.010883e+02
9.996289e-01 -1.263609e-03 2.721182e-02 -1.890435e+01 1.285527e-03 9.999989e-01 -7.879264e-04 -1.949933e+00 -2.721085e-02 8.226191e-04 9.996293e-01 1.014813e+02
9.986498e-01 2.034922e-03 -5.190721e-02 -1.889663e+01 -1.942545e-03 9.999964e-01 1.830027e-03 -1.964776e+00 5.191069e-02 -1.726720e-03 9.986501e-01 1.020285e+02
9.994313e-01 -1.467891e-03 3.368863e-02 -1.886373e+01 1.504122e-03 9.999983e-01 -1.050128e-03 -1.981364e+00 -3.368709e-02 1.100206e-03 9.994317e-01 1.026009e+02
9.985054e-01 2.126651e-03 -5.461131e-02 -1.883079e+01 -2.022883e-03 9.999960e-01 1.955304e-03 -1.996325e+00 5.461519e-02 -1.841905e-03 9.985057e-01 1.031035e+02
9.993359e-01 -1.543747e-03 3.640605e-02 -1.866115e+01 1.587271e-03 9.999981e-01 -1.166606e-03 -2.014212e+00 -3.640424e-02 1.223621e-03 9.993363e-01 1.035262e+02
9.981069e-01 2.361810e-03 -6.145688e-02 -1.846623e+01 -2.227473e-03 9.999950e-01 2.254282e-03 -2.029489e+00 6.146183e-02 -2.113118e-03 9.981071e-01 1.038104e+02
