9.997678e-01 -5.752649e-04 2.153908e-02 7.221580e-03 5.906214e-04 9.999996e-01 -7.066050e-04 -1.338906e-02 -2.153866e-02 7.191628e-04 9.997677e-01 5.208835e-01
9.999224e-01 -3.377816e-04 1.244919e-02 4.624424e-02 3.429874e-04 9.999999e-01 -4.160248e-04 -2.903302e-02 -1.244905e-02 4.202627e-04 9.999223e-01 1.109082e+00
9.998934e-01 -3.985302e-04 1.459517e-02 7.051150e-02 4.055386e-04 9.999998e-01 -4.772279e-04 -4.567577e-02 -1.459497e-02 4.830961e-04 9.998933e-01 1.749856e+00
9.999334e-01 3.471020e-04 -1.153503e-02 4.849723e-02 -3.419278e-04 9.999998e-01 4.505385e-04 -5.911939e-02 1.153519e-02 -4.465641e-04 9.999333e-01 2.312748e+00
9.988917e-01 -1.270462e-03 4.705100e-02 9.417271e-02 1.347085e-03 9.999978e-01 -1.596825e-03 -7.468119e-02 -4.704886e-02 1.658437e-03 9.988911e-01 2.885412e+00
9.999890e-01 -6.434392e-05 4.687256e-03 1.559640e-01 6.474806e-05 1.000000e+00 -8.606198e-05 -8.976073e-02 -4.687233e-03 8.636442e-05 9.999889e-01 3.440055e+00
9.992482e-01 -1.078444e-03 3.875402e-02 1.966209e-01 1.130908e-03 9.999985e-01 -1.331880e-03 -1.026397e-01 -3.875251e-02 1.374705e-03 9.992478e-01 3.927287e+00
9.999714e-01 -1.326970e-04 7.567060e-03 2.602213e-01 1.340407e-04 1.000000e+00 -1.770546e-04 -1.188315e-01 -7.567011e-03 1.780634e-04 9.999713e-01 4.516581e+00
9.994253e-01 -9.657510e-04 3.388422e-02 3.161441e-01 1.006300e-03 9.999988e-01 -1.179667e-03 -1.348285e-01 -3.388301e-02 1.213086e-03 9.994250e-01 5.103274e+00
9.999278e-01 -2.374795e-04 1.201022e-02 3.765640e-01 2.413496e-04 9.999999e-01 -3.207753e-04 -1.514789e-01 -1.201011e-02 3.236501e-04 9.999277e-01 5.714941e+00
9.993249e-01 -1.039858e-03 3.672407e-02 4.480780e-01 1.086682e-03 9.999986e-01 -1.255074e-03 -1.701760e-01 -3.672267e-02 1.294133e-03 9.993246e-01 6.404841e+00
9.999880e-01 -5.674086e-05 4.893217e-03 5.088778e-01 5.719253e-05 1.000000e+00 -9.211338e-05 -1.885916e-01 -4.893169e-03 9.239107e-05 9.999879e-01 7.084280e+00
9.994793e-01 -9.254086e-04 3.225211e-02 5.501215e-01 9.614860e-04 9.999989e-01 -1.103107e-03 -2.073858e-01 -3.225101e-02 1.133542e-03 9.994791e-01 7.805349e+00
9.998497e-01 -3.772990e-04 1.733540e-02 5.952040e-01 3.862020e-04 9.999998e-01 -5.102126e-04 -2.229951e-01 -1.733515e-02 5.168294e-04 9.998495e-01 8.406684e+00
9.995896e-01 -8.383682e-04 2.863558e-02 6.573530e-01 8.667376e-04 9.999991e-01 -9.782928e-04 -2.407848e-01 -2.863468e-02 1.002709e-03 9.995893e-01 9.067999e+00
9.999574e-01 -1.680825e-04 9.224382e-03 7.069781e-01 1.703149e-04 1.000000e+00 -2.411751e-04 -2.613466e-01 -9.224284e-03 2.427342e-04 9.999573e-01 9.848285e+00
9.998113e-01 -6.084644e-04 1.941532e-02 7.183037e-01 6.216257e-04 9.999996e-01 -6.718243e-04 -2.831137e-01 -1.941484e-02 6.837648e-04 9.998112e-01 1.071893e+01
9.997733e-01 -4.740405e-04 2.128594e-02 7.738562e-01 4.879626e-04 9.999997e-01 -6.488318e-04 -3.034347e-01 -2.128556e-02 6.590695e-04 9.997731e-01 1.148305e+01
9.999475e-01 -3.698024e-04 1.024178e-02 8.114414e-01 3.735665e-04 9.999999e-01 -3.655338e-04 -3.268538e-01 -1.024158e-02 3.693386e-04 9.999474e-01 1.237801e+01
9.996578e-01 -5.952736e-04 2.615038e-02 8.595609e-01 6.167262e-04 9.999995e-01 -8.122668e-04 -3.456077e-01 -2.614982e-02 8.281143e-04 9.996576e-01 1.308413e+01
9.998092e-01 -6.043055e-04 1.952452e-02 9.078994e-01 6.177082e-04 9.999996e-01 -6.803828e-04 -3.596354e-01 -1.952403e-02 6.923112e-04 9.998091e-01 1.360303e+01
9.999222e-01 -2.514527e-04 1.247371e-02 9.825144e-01 2.558206e-04 9.999999e-01 -3.484953e-04 -3.785272e-01 -1.247355e-02 3.516568e-04 9.999221e-01 1.426950e+01
9.999961e-01 -1.860766e-04 2.778308e-03 9.839553e-01 1.863826e-04 1.000000e+00 -1.094808e-04 -4.007362e-01 -2.778213e-03 1.099958e-04 9.999961e-01 1.515699e+01
9.999322e-01 -2.190515e-04 1.163737e-02 1.028595e+00 2.228270e-04 9.999999e-01 -3.230358e-04 -4.222491e-01 -1.163723e-02 3.256045e-04 9.999321e-01 1.594427e+01
9.999999e-01 -1.004739e-04 -4.629807e-04 1.070682e+00 1.004714e-04 1.000000e+00 -7.995822e-06 -4.428472e-01 4.630578e-04 7.946799e-06 9.999998e-01 1.669448e+01
9.999927e-01 -4.764295e-05 3.828106e-03 1.042424e+00 4.780600e-05 1.000000e+00 -4.219261e-05 -4.652642e-01 -3.828028e-03 4.237279e-05 9.999926e-01 1.763093e+01
9.999712e-01 -2.985420e-04 7.582613e-03 1.001164e+00 3.006744e-04 9.999999e-01 -2.799253e-04 -4.870595e-01 -7.582451e-03 2.821945e-04 9.999711e-01 1.857638e+01
9.999145e-01 -2.849416e-04 1.307411e-02 9.988778e-01 2.897250e-04 9.999999e-01 -3.638768e-04 -5.063855e-01 -1.307392e-02 3.676310e-04 9.999144e-01 1.936611e+01
9.999998e-01 -1.076949e-04 5.336625e-04 1.000662e+00 1.077154e-04 1.000000e+00 -3.593233e-05 -5.291008e-01 -5.335793e-04 3.598716e-05 9.999998e-01 2.027537e+01
9.999198e-01 -2.765367e-04 1.265858e-02 1.014457e+00 2.807986e-04 9.999999e-01 -3.348004e-04 -5.554445e-01 -1.265841e-02 3.383254e-04 9.999197e-01 2.131616e+01
9.999605e-01 1.190599e-04 -8.886046e-03 9.877605e-01 -1.164203e-04 9.999999e-01 2.974094e-04 -5.808212e-01 8.886161e-03 -2.963658e-04 9.999604e-01 2.237778e+01
9.998540e-01 -3.848999e-04 1.708037e-02 9.313353e-01 3.934888e-04 9.999998e-01 -4.994176e-04 -6.057353e-01 -1.708009e-02 5.060629e-04 9.998539e-01 2.347405e+01
9.999660e-01 9.669207e-05 -8.244859e-03 8.453756e-01 -9.441941e-05 1.000000e+00 2.758586e-04 -6.312691e-01 8.244967e-03 -2.750735e-04 9.999659e-01 2.464680e+01
9.999282e-01 -2.718582e-04 1.197704e-02 7.507007e-01 2.755429e-04 9.999999e-01 -3.058860e-04 -6.596650e-01 -1.197687e-02 3.091615e-04 9.999281e-01 2.594638e+01
9.999461e-01 1.530268e-04 -1.038176e-02 6.761947e-01 -1.494852e-04 9.999999e-01 3.417745e-04 -6.855351e-01 1.038190e-02 -3.402069e-04 9.999460e-01 2.710284e+01
9.999280e-01 -2.686147e-04 1.199289e-02 6.040982e-01 2.724448e-04 9.999999e-01 -3.176174e-04 -7.099495e-01 -1.199273e-02 3.208592e-04 9.999280e-01 2.819375e+01
9.999487e-01 1.518635e-04 -1.012578e-02 5.163985e-01 -1.486166e-04 9.999999e-01 3.212632e-04 -7.324323e-01 1.012591e-02 -3.197446e-04 9.999486e-01 2.923041e+01
9.999206e-01 -2.848489e-04 1.259528e-02 4.056506e-01 2.891823e-04 9.999999e-01 -3.421188e-04 -7.543909e-01 -1.259510e-02 3.457312e-04 9.999205e-01 3.028471e+01
9.999318e-01 1.899188e-04 -1.167245e-02 2.771429e-01 -1.855875e-04 9.999999e-01 3.720259e-04 -7.749079e-01 1.167260e-02 -3.698370e-04 9.999317e-01 3.130332e+01
9.999061e-01 -2.955484e-04 1.369555e-02 1.293468e-01 3.011492e-04 9.999999e-01 -4.067896e-04 -7.907133e-01 -1.369535e-02 4.108731e-04 9.999061e-01 3.214322e+01
9.999253e-01 1.912369e-04 -1.222116e-02 7.824656e-04 -1.860459e-04 9.999999e-01 4.257671e-04 -8.123275e-01 1.222133e-02 -4.234643e-04 9.999251e-01 3.321118e+01
9.999043e-01 -2.924947e-04 1.383169e-02 -2.828377e-01 2.983025e-04 9.999999e-01 -4.177242e-04 -8.283962e-01 -1.383149e-02 4.218074e-04 9.999042e-01 3.427000e+01
9.999082e-01 2.250390e-04 -1.354325e-02 -5.429949e-01 -2.188841e-04 9.999999e-01 4.558331e-04 -8.441558e-01 1.354343e-02 -4.528297e-04 9.999081e-01 3.527665e+01
9.999108e-01 -2.614115e-04 1.335373e-02 -7.988084e-01 2.673609e-04 9.999999e-01 -4.436380e-04 -8.531185e-01 -1.335353e-02 4.471659e-04 9.999107e-01 3.597340e+01
9.999201e-01 2.165948e-04 -1.263429e-02 -1.140319e+00 -2.112921e-04 9.999999e-01 4.209239e-04 -8.569381e-01 1.263446e-02 -4.182235e-04 9.999200e-01 3.657393e+01
9.998888e-01 -3.352886e-04 1.490816e-02 -1.326998e+00 3.419913e-04 9.999998e-01 -4.469517e-04 -8.739870e-01 -1.490793e-02 4.519976e-04 9.998887e-01 3.753087e+01
9.999320e-01 1.812454e-04 -1.165523e-02 -1.415206e+00 -1.765789e-04 9.999999e-01 4.012684e-04 -8.946862e-01 1.165538e-02 -3.991858e-04 9.999319e-01 3.849889e+01
9.999143e-01 -2.859582e-04 1.308647e-02 -1.498854e+00 2.910506e-04 9.999999e-01 -3.871187e-04 -9.154800e-01 -1.308628e-02 3.908916e-04 9.999142e-01 3.945843e+01
9.999871e-01 2.175940e-05 -5.081105e-03 -1.520393e+00 -2.087776e-05 1.000000e+00 1.732647e-04 -9.363157e-01 5.081192e-03 -1.731592e-04 9.999870e-01 4.032318e+01
9.998018e-01 -4.442628e-04 1.990345e-02 -1.541149e+00 4.570727e-04 9.999997e-01 -6.389828e-04 -9.512693e-01 -1.990308e-02 6.479506e-04 9.998016e-01 4.094605e+01
9.999650e-01 9.884147e-05 -8.366695e-03 -1.618726e+00 -9.634928e-05 1.000000e+00 2.980780e-04 -9.697484e-01 8.366808e-03 -2.972643e-04 9.999649e-01 4.180248e+01
9.995450e-01 -7.047181e-04 3.015393e-02 -1.715967e+00 7.352588e-04 9.999992e-01 -1.001696e-03 -9.813165e-01 -3.015312e-02 1.023408e-03 9.995447e-01 4.241373e+01
9.997323e-01 4.759238e-04 -2.313051e-02 -1.880103e+00 -4.574058e-04 9.999996e-01 8.057953e-04 -9.979616e-01 2.313097e-02 -7.950025e-04 9.997321e-01 4.332151e+01
9.996429e-01 -6.040198e-04 2.671348e-02 -2.062198e+00 6.280107e-04 9.999994e-01 -8.896372e-04 -1.013744e+00 -2.671284e-02 9.060929e-04 9.996427e-01 4.421363e+01
9.999497e-01 1.396812e-04 -1.002466e-02 -1.995674e+00 -1.360534e-04 9.999999e-01 3.623804e-04 -1.027913e+00 1.002480e-02 -3.610013e-04 9.999496e-01 4.468254e+01
9.997621e-01 -4.395255e-04 2.180634e-02 -1.580152e+00 4.555534e-04 9.999996e-01 -7.299677e-04 -1.045979e+00 -2.180593e-02 7.397249e-04 9.997619e-01 4.480281e+01
9.998625e-01 2.695748e-04 -1.658031e-02 -1.566249e+00 -2.592656e-04 9.999998e-01 6.238063e-04 -1.068145e+00 1.658056e-02 -6.194249e-04 9.998623e-01 4.566102e+01
9.996973e-01 -5.317094e-04 2.459564e-02 -1.638239e+00 5.520519e-04 9.999995e-01 -8.202226e-04 -1.092701e+00 -2.459511e-02 8.335493e-04 9.996971e-01 4.676720e+01
9.997471e-01 4.176767e-04 -2.248554e-02 -1.721995e+00 -3.987896e-04 9.999996e-01 8.443574e-04 -1.118291e+00 2.248597e-02 -8.351799e-04 9.997467e-01 4.792807e+01
9.996703e-01 -5.617170e-04 2.567044e-02 -1.813567e+00 5.837752e-04 9.999995e-01 -8.517281e-04 -1.145467e+00 -2.566986e-02 8.664299e-04 9.996700e-01 4.917066e+01
9.996875e-01 4.671473e-04 -2.499426e-02 -1.935925e+00 -4.432449e-04 9.999994e-01 9.617679e-04 -1.177474e+00 2.499478e-02 -9.503918e-04 9.996871e-01 5.066546e+01
9.996663e-01 -5.649454e-04 2.582324e-02 -2.037147e+00 5.875162e-04 9.999995e-01 -8.663981e-04 -1.208191e+00 -2.582265e-02 8.812775e-04 9.996661e-01 5.206987e+01
9.997030e-01 4.577448e-04 -2.436373e-02 -2.118465e+00 -4.350638e-04 9.999995e-01 9.361479e-04 -1.237396e+00 2.436423e-02 -9.252732e-04 9.997026e-01 5.337741e+01
9.995638e-01 -6.468301e-04 2.952544e-02 -2.190020e+00 6.766631e-04 9.999993e-01 -1.000374e-03 -1.266953e+00 -2.952468e-02 1.019914e-03 9.995635e-01 5.468608e+01
9.999864e-01 -1.476327e-05 -5.216194e-03 -2.200399e+00 1.617726e-05 1.000000e+00 2.706474e-04 -1.298809e+00 5.216280e-03 -2.707313e-04 9.999863e-01 5.600097e+01
9.998539e-01 -3.703701e-04 1.708522e-02 -2.269480e+00 3.801423e-04 9.999998e-01 -5.686044e-04 -1.333195e+00 -1.708491e-02 5.750130e-04 9.998538e-01 5.751391e+01
9.998749e-01 2.413705e-04 -1.581314e-02 -2.337006e+00 -2.309028e-04 9.999998e-01 6.636466e-04 -1.367438e+00 1.581338e-02 -6.599155e-04 9.998747e-01 5.900975e+01
9.998428e-01 -3.775300e-04 1.772588e-02 -2.394238e+00 3.883913e-04 9.999997e-01 -6.091867e-04 -1.398826e+00 -1.772556e-02 6.159723e-04 9.998426e-01 6.036753e+01
9.998508e-01 2.848575e-04 -1.726807e-02 -2.431470e+00 -2.729092e-04 9.999997e-01 6.941618e-04 -1.427947e+00 1.726835e-02 -6.893488e-04 9.998506e-01 6.159437e+01
9.998482e-01 -3.744992e-04 1.742042e-02 -2.464672e+00 3.849531e-04 9.999997e-01 -5.966277e-04 -1.458586e+00 -1.742010e-02 6.032400e-04 9.998480e-01 6.287653e+01
9.998774e-01 2.485414e-04 -1.565709e-02 -2.490620e+00 -2.384861e-04 9.999998e-01 6.439480e-04 -1.488739e+00 1.565734e-02 -6.401382e-04 9.998771e-01 6.412818e+01
9.998487e-01 -3.728818e-04 1.739095e-02 -2.533251e+00 3.833643e-04 9.999997e-01 -5.993121e-04 -1.517463e+00 -1.739063e-02 6.058853e-04 9.998485e-01 6.534962e+01
9.999206e-01 1.955816e-04 -1.259686e-02 -2.525944e+00 -1.891164e-04 9.999998e-01 5.142598e-04 -1.543556e+00 1.259705e-02 -5.118399e-04 9.999205e-01 6.637637e+01
9.997946e-01 -4.388727e-04 2.026107e-02 -2.521298e+00 4.532745e-04 9.999996e-01 -7.061237e-04 -1.569710e+00 -2.026067e-02 7.151593e-04 9.997944e-01 6.741516e+01
9.998809e-01 2.526132e-04 -1.543175e-02 -2.563951e+00 -2.430145e-04 9.999998e-01 6.237394e-04 -1.596497e+00 1.543200e-02 -6.199182e-04 9.998807e-01 6.855647e+01
9.998672e-01 -3.514152e-04 1.629214e-02 -2.589705e+00 3.606369e-04 9.999998e-01 -5.629617e-04 -1.623106e+00 -1.629185e-02 5.687593e-04 9.998670e-01 6.965919e+01
9.998779e-01 2.592575e-04 -1.562137e-02 -2.620580e+00 -2.493810e-04 9.999998e-01 6.340514e-04 -1.649906e+00 1.562162e-02 -6.300815e-04 9.998777e-01 7.077864e+01
9.998258e-01 -4.061633e-04 1.865936e-02 -2.673931e+00 4.183995e-04 9.999997e-01 -6.517581e-04 -1.676413e+00 -1.865900e-02 6.594484e-04 9.998256e-01 7.192575e+01
9.998597e-01 2.814377e-04 -1.674523e-02 -2.755364e+00 -2.698852e-04 9.999997e-01 6.920234e-04 -1.705063e+00 1.674551e-02 -6.874103e-04 9.998595e-01 7.321025e+01
9.998400e-01 -3.967449e-04 1.788302e-02 -2.836498e+00 4.078608e-04 9.999997e-01 -6.178286e-04 -1.735073e+00 -1.788268e-02 6.250203e-04 9.998398e-01 7.455060e+01
9.998535e-01 2.945026e-04 -1.711166e-02 -2.918107e+00 -2.824206e-04 9.999997e-01 7.083484e-04 -1.765441e+00 1.711195e-02 -7.034151e-04 9.998533e-01 7.590665e+01
9.998421e-01 -3.840083e-04 1.776499e-02 -2.979318e+00 3.954632e-04 9.999997e-01 -6.411760e-04 -1.791372e+00 -1.776465e-02 6.480969e-04 9.998419e-01 7.704150e+01
9.998427e-01 3.170042e-04 -1.773190e-02 -3.009940e+00 -3.043200e-04 9.999997e-01 7.179001e-04 -1.815958e+00 1.773221e-02 -7.123942e-04 9.998424e-01 7.806623e+01
9.998373e-01 -3.980187e-04 1.803406e-02 -3.066609e+00 4.096501e-04 9.999997e-01 -6.411670e-04 -1.842142e+00 -1.803370e-02 6.484471e-04 9.998371e-01 7.920314e+01
9.998447e-01 3.167671e-04 -1.761832e-02 -3.107235e+00 -3.042247e-04 9.999997e-01 7.144475e-04 -1.868016e+00 1.761863e-02 -7.089798e-04 9.998445e-01 8.029986e+01
9.998197e-01 -4.244600e-04 1.898326e-02 -3.108753e+00 4.372532e-04 9.999997e-01 -6.696630e-04 -1.895489e+00 -1.898288e-02 6.778395e-04 9.998195e-01 8.139631e+01
9.998432e-01 3.141052e-04 -1.770546e-02 -3.123082e+00 -3.010015e-04 9.999997e-01 7.426301e-04 -1.925645e+00 1.770578e-02 -7.371875e-04 9.998429e-01 8.263047e+01
9.998163e-01 -4.108470e-04 1.915825e-02 -3.091411e+00 4.243585e-04 9.999997e-01 -7.010904e-04 -1.952117e+00 -1.915787e-02 7.090883e-04 9.998161e-01 8.362980e+01
9.998847e-01 2.586431e-04 -1.518360e-02 -3.068549e+00 -2.488904e-04 9.999998e-01 6.440566e-04 -1.977087e+00 1.518385e-02 -6.402065e-04 9.998844e-01 8.458317e+01
9.998385e-01 -4.002821e-04 1.796603e-02 -3.087593e+00 4.119122e-04 9.999997e-01 -6.435207e-04 -2.004814e+00 -1.796568e-02 6.508139e-04 9.998383e-01 8.572276e+01
9.998984e-01 2.457790e-04 -1.424910e-02 -3.078649e+00 -2.371778e-04 9.999998e-01 6.051575e-04 -2.031431e+00 1.424934e-02 -6.017197e-04 9.998982e-01 8.676766e+01
9.998664e-01 -3.662430e-04 1.633853e-02 -3.088804e+00 3.758941e-04 9.999998e-01 -5.874974e-04 -2.057271e+00 -1.633822e-02 5.935572e-04 9.998663e-01 8.781444e+01
9.998767e-01 2.778570e-04 -1.569961e-02 -3.144536e+00 -2.676677e-04 9.999998e-01 6.509704e-04 -2.082626e+00 1.569988e-02 -6.466911e-04 9.998765e-01 8.891549e+01
9.998561e-01 -3.743742e-04 1.695918e-02 -3.183472e+00 3.851578e-04 9.999997e-01 -6.324662e-04 -2.104286e+00 -1.695884e-02 6.389039e-04 9.998559e-01 8.983287e+01
9.998745e-01 2.737747e-04 -1.584103e-02 -3.218266e+00 -2.629766e-04 9.999997e-01 6.835903e-04 -2.129866e+00 1.584130e-02 -6.793419e-04 9.998742e-01 9.090860e+01
9.998585e-01 -3.718157e-04 1.681424e-02 -3.261661e+00 3.824073e-04 9.999997e-01 -6.265769e-04 -2.155679e+00 -1.681391e-02 6.329149e-04 9.998584e-01 9.200867e+01
9.999134e-01 2.151329e-04 -1.315871e-02 -3.321665e+00 -2.077000e-04 9.999998e-01 5.660574e-04 -2.178495e+00 1.315892e-02 -5.632786e-04 9.999132e-01 9.301321e+01
9.998760e-01 -3.469162e-04 1.574013e-02 -3.393499e+00 3.563038e-04 9.999998e-01 -5.934705e-04 -2.200568e+00 -1.573982e-02 5.990019e-04 9.998759e-01 9.400656e+01
9.999172e-01 2.106772e-04 -1.286334e-02 -3.490116e+00 -2.036950e-04 9.999998e-01 5.439285e-04 -2.220331e+00 1.286354e-02 -5.412665e-04 9.999170e-01 9.494147e+01
9.998857e-01 -3.356215e-04 1.511480e-02 -3.542869e+00 3.440456e-04 9.999998e-01 -5.545997e-04 -2.243444e+00 -1.511452e-02 5.597332e-04 9.998855e-01 9.594385e+01
9.999116e-01 2.166358e-04 -1.329217e-02 -3.602739e+00 -2.089918e-04 9.999998e-01 5.762864e-04 -2.269011e+00 1.329239e-02 -5.734608e-04 9.999114e-01 9.706162e+01
9.998413e-01 -3.977327e-04 1.781052e-02 -3.658858e+00 4.095333e-04 9.999997e-01 -6.587921e-04 -2.294018e+00 -1.781016e-02 6.659782e-04 9.998411e-01 9.815092e+01
9.998707e-01 2.828933e-04 -1.607632e-02 -3.735031e+00 -2.718151e-04 9.999997e-01 6.911335e-04 -2.320027e+00 1.607660e-02 -6.866776e-04 9.998705e-01 9.931570e+01
9.998081e-01 -4.339378e-04 1.958221e-02 -3.800882e+00 4.486068e-04 9.999996e-01 -7.446003e-04 -2.343831e+00 -1.958179e-02 7.532388e-04 9.998079e-01 1.003708e+02
9.998323e-01 3.286395e-04 -1.830961e-02 -3.849105e+00 -3.139565e-04 9.999996e-01 8.046647e-04 -2.371592e+00 1.830996e-02 -7.987846e-04 9.998320e-01 1.015608e+02
9.998077e-01 -4.382255e-04 1.960228e-02 -3.937290e+00 4.528167e-04 9.999996e-01 -7.398144e-04 -2.400093e+00 -1.960185e-02 7.485451e-04 9.998075e-01 1.028506e+02
9.998287e-01 3.444712e-04 -1.850203e-02 -4.018198e+00 -3.298628e-04 9.999996e-01 7.924731e-04 -2.425102e+00 1.850239e-02 -7.862376e-04 9.998284e-01 1.039811e+02
9.996847e-01 -5.428965e-04 2.510270e-02 -3.990014e+00 5.669149e-04 9.999994e-01 -9.496100e-04 -2.447985e+00 -2.510207e-02 9.635384e-04 9.996844e-01 1.048423e+02
9.998838e-01 2.551902e-04 -1.524094e-02 -3.989599e+00 -2.446959e-04 9.999997e-01 6.902599e-04 -2.473306e+00 1.524120e-02 -6.864536e-04 9.998835e-01 1.058580e+02
9.995110e-01 -7.044695e-04 3.126039e-02 -4.022457e+00 7.407637e-04 9.999991e-01 -1.149388e-03 -2.500188e+00 -3.125946e-02 1.171979e-03 9.995105e-01 1.070003e+02
9.997399e-01 4.515846e-04 -2.280162e-02 -4.088630e+00 -4.299592e-04 9.999995e-01 9.531947e-04 -2.526816e+00 2.280214e-02 -9.431463e-04 9.997395e-01 1.081838e+02
9.997186e-01 -5.436901e-04 2.371592e-02 -4.111849e+00 5.648062e-04 9.999995e-01 -8.835859e-04 -2.554321e+00 -2.371533e-02 8.967287e-04 9.997183e-01 1.093200e+02
9.998859e-01 2.792885e-04 -1.510289e-02 -4.114929e+00 -2.690782e-04 9.999997e-01 6.779022e-04 -2.580743e+00 1.510317e-02 -6.737644e-04 9.998856e-01 1.103864e+02
9.997971e-01 -4.680948e-04 2.013494e-02 -4.177395e+00 4.837487e-04 9.999996e-01 -7.724627e-04 -2.606365e+00 -2.013447e-02 7.820428e-04 9.997969e-01 1.115143e+02
9.998559e-01 3.158234e-04 -1.696893e-02 -4.257604e+00 -3.028210e-04 9.999997e-01 7.686583e-04 -2.635304e+00 1.696927e-02 -7.634124e-04 9.998557e-01 1.128086e+02
9.997806e-01 -4.864989e-04 2.094042e-02 -4.341935e+00 5.034102e-04 9.999996e-01 -8.022050e-04 -2.664016e+00 -2.093993e-02 8.125672e-04 9.997803e-01 1.141006e+02
9.998535e-01 3.254728e-04 -1.710859e-02 -4.411656e+00 -3.123861e-04 9.999997e-01 7.674322e-04 -2.691252e+00 1.710893e-02 -7.619787e-04 9.998533e-01 1.153078e+02
9.998364e-01 -4.176380e-04 1.808384e-02 -4.483961e+00 4.306483e-04 9.999997e-01 -7.154163e-04 -2.716007e+00 -1.808344e-02 7.230835e-04 9.998362e-01 1.164126e+02
9.998341e-01 3.664698e-04 -1.820863e-02 -4.558020e+00 -3.521779e-04 9.999996e-01 7.879476e-04 -2.737908e+00 1.820901e-02 -7.814076e-04 9.998338e-01 1.173959e+02
9.998348e-01 -4.131773e-04 1.817192e-02 -4.617335e+00 4.267514e-04 9.999996e-01 -7.429735e-04 -2.756397e+00 -1.817151e-02 7.506022e-04 9.998345e-01 1.182099e+02
9.998429e-01 3.475198e-04 -1.771673e-02 -4.686882e+00 -3.338108e-04 9.999996e-01 7.765929e-04 -2.775175e+00 1.771709e-02 -7.705603e-04 9.998427e-01 1.190562e+02
9.998202e-01 -4.340943e-04 1.895776e-02 -4.772609e+00 4.487293e-04 9.999996e-01 -7.675982e-04 -2.794296e+00 -1.895733e-02 7.759636e-04 9.998199e-01 1.199435e+02
9.998578e-01 3.347011e-04 -1.685515e-02 -4.835647e+00 -3.224131e-04 9.999997e-01 7.315919e-04 -2.812169e+00 1.685549e-02 -7.260570e-04 9.998576e-01 1.207401e+02
9.998347e-01 -4.234417e-04 1.817524e-02 -4.904194e+00 4.365548e-04 9.999996e-01 -7.173779e-04 -2.832966e+00 -1.817484e-02 7.251904e-04 9.998345e-01 1.216724e+02
9.998531e-01 3.396755e-04 -1.713380e-02 -4.961153e+00 -3.270386e-04 9.999997e-01 7.401789e-04 -2.853550e+00 1.713414e-02 -7.344701e-04 9.998529e-01 1.225762e+02
9.998554e-01 -3.996236e-04 1.699627e-02 -4.975150e+00 4.109698e-04 9.999997e-01 -6.639293e-04 -2.877539e+00 -1.699590e-02 6.708148e-04 9.998553e-01 1.235459e+02
9.998809e-01 2.962035e-04 -1.542643e-02 -5.017580e+00 -2.856497e-04 9.999997e-01 6.861596e-04 -2.901335e+00 1.542673e-02 -6.816748e-04 9.998807e-01 1.245601e+02
9.997813e-01 -4.908165e-04 2.090590e-02 -5.057189e+00 5.080619e-04 9.999995e-01 -8.194806e-04 -2.921618e+00 -2.090539e-02 8.299194e-04 9.997810e-01 1.254267e+02
9.998630e-01 3.369799e-04 -1.654902e-02 -5.084908e+00 -3.251600e-04 9.999997e-01 7.167588e-04 -2.941445e+00 1.654935e-02 -7.112829e-04 9.998627e-01 1.262520e+02
9.996750e-01 -5.699599e-04 2.548380e-02 -4.937640e+00 5.946377e-04 9.999994e-01 -9.607022e-04 -2.964823e+00 -2.548314e-02 9.755401e-04 9.996747e-01 1.269521e+02
9.998625e-01 3.570239e-04 -1.657904e-02 -4.727502e+00 -3.454288e-04 9.999997e-01 7.020741e-04 -2.987280e+00 1.657938e-02 -6.962541e-04 9.998622e-01 1.275223e+02
9.997460e-01 -5.215888e-04 2.252817e-02 -4.628054e+00 5.409202e-04 9.999995e-01 -8.518947e-04 -3.009788e+00 -2.252762e-02 8.638607e-04 9.997458e-01 1.282526e+02
9.998867e-01 2.964869e-04 -1.504938e-02 -4.621661e+00 -2.867506e-04 9.999997e-01 6.489262e-04 -3.031187e+00 1.504967e-02 -6.445408e-04 9.998865e-01 1.290887e+02
9.998195e-01 -4.477327e-04 1.899292e-02 -4.609042e+00 4.615864e-04 9.999996e-01 -7.248921e-04 -3.052089e+00 -1.899249e-02 7.335246e-04 9.998193e-01 1.298895e+02
9.999273e-01 2.333448e-04 -1.205406e-02 -4.593317e+00 -2.269871e-04 9.999998e-01 5.285647e-04 -3.071186e+00 1.205427e-02 -5.257937e-04 9.999271e-01 1.306146e+02
9.998467e-01 -4.234469e-04 1.750434e-02 -4.736556e+00 4.355921e-04 9.999997e-01 -6.898680e-04 -3.083793e+00 -1.750394e-02 6.973834e-04 9.998465e-01 1.313089e+02
9.998940e-01 2.925213e-04 -1.455330e-02 -4.781408e+00 -2.832259e-04 9.999998e-01 6.405658e-04 -3.103475e+00 1.455358e-02 -6.363796e-04 9.998938e-01 1.321560e+02
9.998359e-01 -4.408591e-04 1.810942e-02 -4.841992e+00 4.538135e-04 9.999996e-01 -7.110817e-04 -3.124285e+00 -1.810900e-02 7.191797e-04 9.998357e-01 1.330780e+02
9.998712e-01 3.249522e-04 -1.604588e-02 -4.899019e+00 -3.134808e-04 9.999997e-01 7.172383e-04 -3.148264e+00 1.604621e-02 -7.121193e-04 9.998709e-01 1.341242e+02
9.996775e-01 -5.994281e-04 2.538477e-02 -4.857225e+00 6.236052e-04 9.999994e-01 -9.444092e-04 -3.178703e+00 -2.538409e-02 9.599312e-04 9.996772e-01 1.352740e+02
9.997779e-01 4.469136e-04 -2.106708e-02 -4.814355e+00 -4.278042e-04 9.999995e-01 9.114243e-04 -3.208254e+00 2.106757e-02 -9.022129e-04 9.997776e-01 1.363925e+02
9.997448e-01 -5.442257e-04 2.258361e-02 -4.890214e+00 5.643155e-04 9.999995e-01 -8.830828e-04 -3.231653e+00 -2.258302e-02 8.955980e-04 9.997445e-01 1.374470e+02
9.999439e-01 1.871090e-04 -1.058937e-02 -4.919460e+00 -1.814257e-04 9.999998e-01 5.373694e-04 -3.254469e+00 1.058956e-02 -5.354217e-04 9.999437e-01 1.384071e+02
9.996273e-01 -6.500766e-04 2.729086e-02 -4.895590e+00 6.787867e-04 9.999992e-01 -1.042643e-03 -3.276765e+00 -2.729006e-02 1.060775e-03 9.996269e-01 1.392578e+02
9.998299e-01 3.891898e-04 -1.843517e-02 -4.908756e+00 -3.743522e-04 9.999996e-01 8.081235e-04 -3.300962e+00 1.843558e-02 -8.010885e-04 9.998297e-01 1.402468e+02
9.998093e-01 -4.706598e-04 1.952265e-02 -4.958464e+00 4.860873e-04 9.999996e-01 -7.853449e-04 -3.322748e+00 -1.952217e-02 7.946811e-04 9.998090e-01 1.411848e+02
9.999514e-01 1.864128e-04 -9.857320e-03 -4.927164e+00 -1.815069e-04 9.999999e-01 4.982634e-04 -3.341517e+00 9.857511e-03 -4.964537e-04 9.999512e-01 1.418691e+02
9.996620e-01 -6.327686e-04 2.598883e-02 -4.894461e+00 6.585482e-04 9.999993e-01 -9.832824e-04 -3.363662e+00 -2.598809e-02 1.000061e-03 9.996617e-01 1.427034e+02
9.998510e-01 3.717840e-04 -1.725818e-02 -4.909894e+00 -3.588506e-04 9.999997e-01 7.523066e-04 -3.388250e+00 1.725855e-02 -7.460051e-04 9.998507e-01 1.437102e+02
9.996894e-01 -6.073309e-04 2.491406e-02 -4.886227e+00 6.309889e-04 9.999994e-01 -9.416055e-04 -3.412930e+00 -2.491337e-02 9.570297e-04 9.996891e-01 1.446516e+02
9.999160e-01 2.669277e-04 -1.295175e-02 -4.876676e+00 -2.591085e-04 9.999998e-01 6.051329e-04 -3.437895e+00 1.295200e-02 -6.017299e-04 9.999159e-01 1.456391e+02
9.998389e-01 -4.576332e-04 1.794275e-02 -4.931408e+00 4.704806e-04 9.999996e-01 -7.116195e-04 -3.462240e+00 -1.794232e-02 7.199428e-04 9.998387e-01 1.466981e+02
9.998902e-01 3.065131e-04 -1.480902e-02 -4.964341e+00 -2.961867e-04 9.999997e-01 6.992598e-04 -3.490177e+00 1.480933e-02 -6.948006e-04 9.998900e-01 1.478688e+02
9.998113e-01 -4.797190e-04 1.941632e-02 -4.965832e+00 4.948911e-04 9.999996e-01 -7.764383e-04 -3.516421e+00 -1.941584e-02 7.858970e-04 9.998111e-01 1.489169e+02
9.998400e-01 4.371445e-04 -1.787960e-02 -4.778604e+00 -4.235905e-04 9.999996e-01 7.616537e-04 -3.538094e+00 1.788003e-02 -7.539619e-04 9.998398e-01 1.494711e+02
9.998712e-01 -3.970272e-04 1.604061e-02 -4.639340e+00 4.076031e-04 9.999997e-01 -6.558483e-04 -3.561782e+00 -1.604024e-02 6.622982e-04 9.998711e-01 1.501810e+02
9.999036e-01 2.800202e-04 -1.387891e-02 -4.656079e+00 -2.708702e-04 9.999997e-01 6.608911e-04 -3.586110e+00 1.387919e-02 -6.570717e-04 9.999034e-01 1.511738e+02
9.999028e-01 -3.442865e-04 1.393686e-02 -4.663673e+00 3.527409e-04 9.999998e-01 -6.039269e-04 -3.608302e+00 -1.393655e-02 6.087805e-04 9.999026e-01 1.520580e+02
9.999241e-01 2.534105e-04 -1.231078e-02 -4.661976e+00 -2.462183e-04 9.999998e-01 5.854467e-04 -3.626779e+00 1.231103e-02 -5.823749e-04 9.999240e-01 1.527714e+02
9.999206e-01 -3.176902e-04 1.259766e-02 -4.704149e+00 3.246388e-04 9.999998e-01 -5.492693e-04 -3.647734e+00 -1.259738e-02 5.533116e-04 9.999204e-01 1.536621e+02
9.999496e-01 1.856374e-04 -1.003633e-02 -4.747728e+00 -1.803643e-04 9.999998e-01 5.259529e-04 -3.671101e+00 1.003652e-02 -5.241199e-04 9.999494e-01 1.546593e+02
9.999308e-01 -2.972965e-04 1.175366e-02 -4.800788e+00 3.035134e-04 9.999998e-01 -5.268537e-04 -3.693496e+00 -1.175340e-02 5.303808e-04 9.999307e-01 1.556308e+02
9.999356e-01 2.244662e-04 -1.134549e-02 -4.814450e+00 -2.182741e-04 9.999998e-01 5.466978e-04 -3.711966e+00 1.134571e-02 -5.441899e-04 9.999354e-01 1.563689e+02
9.998802e-01 -3.812514e-04 1.547292e-02 -4.838140e+00 3.915891e-04 9.999997e-01 -6.648639e-04 -3.727167e+00 -1.547256e-02 6.708395e-04 9.998800e-01 1.569934e+02
9.999054e-01 2.877491e-04 -1.374550e-02 -4.850278e+00 -2.788448e-04 9.999998e-01 6.494507e-04 -3.746964e+00 1.374578e-02 -6.455602e-04 9.999053e-01 1.577847e+02
9.998752e-01 -3.980024e-04 1.579305e-02 -4.875045e+00 4.086378e-04 9.999997e-01 -6.699856e-04 -3.767393e+00 -1.579268e-02 6.763517e-04 9.998750e-01 1.586251e+02
9.999354e-01 2.397970e-04 -1.135606e-02 -4.856719e+00 -2.334245e-04 9.999998e-01 5.621603e-04 -3.786789e+00 1.135629e-02 -5.594770e-04 9.999353e-01 1.593535e+02
9.998941e-01 -3.660799e-04 1.454745e-02 -4.835751e+00 3.752608e-04 9.999997e-01 -6.281303e-04 -3.807055e+00 -1.454712e-02 6.335190e-04 9.998939e-01 1.601118e+02
9.999120e-01 2.729441e-04 -1.326027e-02 -4.859902e+00 -2.644343e-04 9.999998e-01 6.432336e-04 -3.828550e+00 1.326054e-02 -6.396744e-04 9.999118e-01 1.609979e+02
9.999064e-01 -3.481216e-04 1.367362e-02 -4.868937e+00 3.563132e-04 9.999998e-01 -5.963902e-04 -3.851011e+00 -1.367330e-02 6.012027e-04 9.999063e-01 1.618965e+02
9.999091e-01 2.888847e-04 -1.347961e-02 -4.888362e+00 -2.803647e-04 9.999998e-01 6.336852e-04 -3.870427e+00 1.347989e-02 -6.298521e-04 9.999089e-01 1.626854e+02
9.998837e-01 -4.000830e-04 1.523951e-02 -4.939647e+00 4.097916e-04 9.999997e-01 -6.337168e-04 -3.893643e+00 -1.523915e-02 6.398844e-04 9.998836e-01 1.636867e+02
9.998725e-01 3.590701e-04 -1.595846e-02 -4.963565e+00 -3.473767e-04 9.999997e-01 7.352772e-04 -3.919388e+00 1.595882e-02 -7.296437e-04 9.998723e-01 1.647468e+02
9.998300e-01 -4.852156e-04 1.842835e-02 -4.998633e+00 4.990869e-04 9.999996e-01 -7.479355e-04 -3.943667e+00 -1.842788e-02 7.570019e-04 9.998299e-01 1.657667e+02
9.998171e-01 4.512014e-04 -1.911512e-02 -5.083261e+00 -4.354187e-04 9.999996e-01 8.296253e-04 -3.964892e+00 1.911558e-02 -8.211543e-04 9.998169e-01 1.667368e+02
9.998366e-01 -4.494621e-04 1.806969e-02 -5.297120e+00 4.635452e-04 9.999996e-01 -7.750002e-04 -3.977353e+00 -1.806923e-02 7.832459e-04 9.998364e-01 1.675186e+02
9.998730e-01 3.271266e-04 -1.593083e-02 -5.420349e+00 -3.146411e-04 9.999996e-01 7.859995e-04 -4.001924e+00 1.593118e-02 -7.808910e-04 9.998727e-01 1.687038e+02
9.998485e-01 -4.481546e-04 1.740025e-02 -5.531814e+00 4.607541e-04 9.999996e-01 -7.198949e-04 -4.031754e+00 -1.739982e-02 7.277992e-04 9.998483e-01 1.700891e+02
9.998769e-01 3.348776e-04 -1.568461e-02 -5.622930e+00 -3.230764e-04 9.999997e-01 7.547000e-04 -4.057901e+00 1.568495e-02 -7.495435e-04 9.998767e-01 1.712859e+02
9.998320e-01 -4.669654e-04 1.831854e-02 -5.686869e+00 4.810653e-04 9.999996e-01 -7.651092e-04 -4.082734e+00 -1.831808e-02 7.737893e-04 9.998319e-01 1.723809e+02
9.998386e-01 3.910010e-04 -1.795895e-02 -5.793449e+00 -3.758806e-04 9.999996e-01 8.451049e-04 -4.108279e+00 1.795938e-02 -8.382219e-04 9.998383e-01 1.735770e+02
9.998324e-01 -4.672796e-04 1.830087e-02 -5.936811e+00 4.817286e-04 9.999996e-01 -7.849310e-04 -4.130483e+00 -1.830039e-02 7.936116e-04 9.998322e-01 1.746900e+02
9.998562e-01 3.624968e-04 -1.695376e-02 -6.051635e+00 -3.483254e-04 9.999996e-01 8.386125e-04 -4.156967e+00 1.695415e-02 -8.325903e-04 9.998559e-01 1.759406e+02
9.998602e-01 -4.268743e-04 1.671211e-02 -6.151728e+00 4.393164e-04 9.999996e-01 -7.406211e-04 -4.183759e+00 -1.671169e-02 7.478556e-04 9.998600e-01 1.771743e+02
9.998487e-01 3.872728e-04 -1.738875e-02 -6.280469e+00 -3.728502e-04 9.999996e-01 8.324423e-04 -4.206407e+00 1.738916e-02 -8.258367e-04 9.998484e-01 1.782798e+02
9.998543e-01 -4.099670e-04 1.706427e-02 -6.568421e+00 4.233727e-04 9.999996e-01 -7.817899e-04 -4.219235e+00 -1.706384e-02 7.888966e-04 9.998540e-01 1.791921e+02
9.997851e-01 4.972081e-04 -2.072183e-02 -6.801510e+00 -4.779333e-04 9.999994e-01 9.349315e-04 -4.231032e+00 2.072238e-02 -9.248307e-04 9.997848e-01 1.799672e+02
9.999229e-01 -2.873919e-04 1.240663e-02 -6.932902e+00 2.949082e-04 9.999998e-01 -6.037131e-04 -4.247604e+00 -1.240636e-02 6.073215e-04 9.999228e-01 1.807945e+02
9.998747e-01 3.457039e-04 -1.582452e-02 -7.057063e+00 -3.337513e-04 9.999997e-01 7.577286e-04 -4.265143e+00 1.582488e-02 -7.523560e-04 9.998744e-01 1.816622e+02
9.998689e-01 -3.966752e-04 1.618509e-02 -7.317178e+00 4.085046e-04 9.999997e-01 -7.273654e-04 -4.278979e+00 -1.618470e-02 7.338779e-04 9.998687e-01 1.825811e+02
9.998637e-01 3.456942e-04 -1.650588e-02 -7.454137e+00 -3.325407e-04 9.999996e-01 7.994169e-04 -4.299704e+00 1.650625e-02 -7.938228e-04 9.998634e-01 1.836170e+02
9.999466e-01 -2.187432e-04 1.032380e-02 -7.499671e+00 2.242563e-04 9.999998e-01 -5.325308e-04 -4.319829e+00 -1.032358e-02 5.348137e-04 9.999465e-01 1.844614e+02
9.998249e-01 4.126923e-04 -1.870600e-02 -7.510569e+00 -3.962206e-04 9.999995e-01 8.840648e-04 -4.340136e+00 1.870645e-02 -8.765020e-04 9.998246e-01 1.852579e+02
9.999015e-01 -3.212701e-04 1.402965e-02 -7.551150e+00 3.306713e-04 9.999997e-01 -6.675347e-04 -4.362476e+00 -1.402933e-02 6.721043e-04 9.999013e-01 1.861995e+02
9.998441e-01 3.789904e-04 -1.764802e-02 -7.577919e+00 -3.642250e-04 9.999996e-01 8.396664e-04 -4.383029e+00 1.764843e-02 -8.331115e-04 9.998439e-01 1.870395e+02
9.998624e-01 -3.863001e-04 1.658087e-02 -7.676921e+00 3.994283e-04 9.999996e-01 -7.882621e-04 -4.395579e+00 -1.658046e-02 7.947728e-04 9.998622e-01 1.876522e+02
9.998527e-01 3.506362e-04 -1.715971e-02 -7.736606e+00 -3.358828e-04 9.999996e-01 8.624349e-04 -4.416418e+00 1.716010e-02 -8.565479e-04 9.998523e-01 1.885676e+02
9.998574e-01 -4.009204e-04 1.688159e-02 -7.783576e+00 4.143562e-04 9.999996e-01 -7.921949e-04 -4.438418e+00 -1.688117e-02 7.990731e-04 9.998571e-01 1.895098e+02
9.998382e-01 3.755989e-04 -1.797927e-02 -7.801686e+00 -3.597066e-04 9.999995e-01 8.869527e-04 -4.460837e+00 1.797970e-02 -8.803457e-04 9.998379e-01 1.904186e+02
9.998837e-01 -3.215665e-04 1.524626e-02 -7.598133e+00 3.330247e-04 9.999997e-01 -7.487924e-04 -4.485619e+00 -1.524592e-02 7.537789e-04 9.998834e-01 1.910760e+02
9.997843e-01 4.893772e-04 -2.076044e-02 -7.051022e+00 -4.688313e-04 9.999994e-01 9.943546e-04 -4.514185e+00 2.076101e-02 -9.844108e-04 9.997839e-01 1.913700e+02
9.998611e-01 -3.446353e-04 1.666179e-02 -6.483754e+00 3.580443e-04 9.999996e-01 -8.016018e-04 -4.544401e+00 -1.666141e-02 8.074523e-04 9.998608e-01 1.917047e+02
9.998493e-01 4.039192e-04 -1.735194e-02 -5.940043e+00 -3.887430e-04 9.999995e-01 8.777766e-04 -4.575289e+00 1.735239e-02 -8.709026e-04 9.998490e-01 1.921128e+02
9.998285e-01 -4.452110e-04 1.851144e-02 -5.710445e+00 4.607116e-04 9.999995e-01 -8.329171e-04 -4.604390e+00 -1.851097e-02 8.412989e-04 9.998282e-01 1.929284e+02
9.998600e-01 4.232106e-04 -1.672541e-02 -5.269631e+00 -4.087407e-04 9.999995e-01 8.683443e-04 -4.638942e+00 1.672587e-02 -8.613900e-04 9.998597e-01 1.936574e+02
9.998424e-01 -3.994420e-04 1.774620e-02 -4.661575e+00 4.140315e-04 9.999996e-01 -8.182701e-04 -4.675221e+00 -1.774576e-02 8.254849e-04 9.998421e-01 1.942012e+02
9.998300e-01 3.817195e-04 -1.843019e-02 -4.597008e+00 -3.655119e-04 9.999995e-01 8.825778e-04 -4.696944e+00 1.843061e-02 -8.756951e-04 9.998297e-01 1.949558e+02
9.998694e-01 -3.409136e-04 1.615553e-02 -4.489041e+00 3.540319e-04 9.999996e-01 -8.089406e-04 -4.712931e+00 -1.615515e-02 8.145508e-04 9.998691e-01 1.953869e+02
9.998865e-01 3.899748e-04 -1.505522e-02 -3.792515e+00 -3.777299e-04 9.999996e-01 8.159428e-04 -4.744608e+00 1.505563e-02 -8.101671e-04 9.998863e-01 1.956091e+02
9.996805e-01 -4.918739e-04 2.527025e-02 -2.821272e+00 5.182393e-04 9.999993e-01 -1.036668e-03 -4.789640e+00 -2.526962e-02 1.049429e-03 9.996801e-01 1.960020e+02
9.997411e-01 5.329038e-04 -2.274589e-02 -2.028841e+00 -5.101201e-04 9.999994e-01 1.007297e-03 -4.822225e+00 2.274651e-02 -9.954367e-04 9.997407e-01 1.961268e+02
9.997261e-01 -4.626198e-04 2.339804e-02 -1.289657e+00 4.859047e-04 9.999994e-01 -9.893471e-04 -4.852408e+00 -2.339747e-02 1.000442e-03 9.997257e-01 1.962333e+02
9.997382e-01 5.721386e-04 -2.287253e-02 -2.432404e-01 -5.477005e-04 9.999993e-01 1.074544e-03 -4.897822e+00 2.287323e-02 -1.061739e-03 9.997378e-01 1.965342e+02
9.997785e-01 -3.973572e-04 2.104179e-02 9.851191e-01 4.162241e-04 9.999995e-01 -8.921091e-04 -4.951109e+00 -2.104132e-02 9.006659e-04 9.997781e-01 1.968892e+02
9.996965e-01 6.666214e-04 -2.462532e-02 2.563646e+00 -6.383489e-04 9.999991e-01 1.155812e-03 -5.014574e+00 2.462617e-02 -1.139746e-03 9.996960e-01 1.971493e+02
9.997845e-01 -3.854540e-04 2.075389e-02 4.237706e+00 4.039850e-04 9.999995e-01 -8.885504e-04 -5.079636e+00 -2.075343e-02 8.967395e-04 9.997842e-01 1.973517e+02
9.996821e-01 6.947664e-04 -2.520168e-02 6.035815e+00 -6.655935e-04 9.999991e-01 1.165810e-03 -5.147424e+00 2.520256e-02 -1.148669e-03 9.996817e-01 1.974866e+02
9.997830e-01 -3.564884e-04 2.082836e-02 8.085812e+00 3.737187e-04 9.999996e-01 -8.232166e-04 -5.227755e+00 -2.082796e-02 8.308183e-04 9.997827e-01 1.977599e+02
9.996879e-01 7.010552e-04 -2.497060e-02 1.020081e+01 -6.721390e-04 9.999991e-01 1.166253e-03 -5.311021e+00 2.497150e-02 -1.149109e-03 9.996874e-01 1.980608e+02
9.997474e-01 -3.783781e-04 2.247092e-02 1.242769e+01 3.977449e-04 9.999996e-01 -8.572567e-04 -5.397836e+00 -2.247049e-02 8.659743e-04 9.997471e-01 1.983622e+02
9.996715e-01 6.183838e-04 -2.561968e-02 1.402772e+01 -5.897327e-04 9.999992e-01 1.125736e-03 -5.467514e+00 2.562045e-02 -1.110261e-03 9.996711e-01 1.988706e+02
9.997450e-01 -4.218555e-04 2.257717e-02 1.530272e+01 4.421028e-04 9.999995e-01 -8.916891e-04 -5.526052e+00 -2.257669e-02 9.014396e-04 9.997447e-01 1.993807e+02
9.997305e-01 6.281702e-04 -2.320328e-02 1.701828e+01 -6.026788e-04 9.999992e-01 1.105452e-03 -5.599599e+00 2.320406e-02 -1.091173e-03 9.997301e-01 1.998748e+02
9.998050e-01 -4.061081e-04 1.973985e-02 1.844329e+01 4.225768e-04 9.999996e-01 -8.299714e-04 -5.665891e+00 -1.973940e-02 8.381476e-04 9.998048e-01 2.004749e+02
9.996860e-01 7.343267e-04 -2.504382e-02 2.018339e+01 -7.050587e-04 9.999991e-01 1.177354e-03 -5.738000e+00 2.504476e-02 -1.159331e-03 9.996856e-01 2.008354e+02
9.997579e-01 -4.668747e-04 2.199614e-02 2.186315e+01 4.868904e-04 9.999995e-01 -9.044842e-04 -5.806831e+00 -2.199561e-02 9.149715e-04 9.997576e-01 2.011743e+02
9.996648e-01 7.268078e-04 -2.587755e-02 2.333875e+01 -6.966321e-04 9.999991e-01 1.174974e-03 -5.868632e+00 2.587848e-02 -1.156557e-03 9.996644e-01 2.015115e+02
9.998118e-01 -4.088256e-04 1.939429e-02 2.476860e+01 4.249121e-04 9.999996e-01 -8.251823e-04 -5.929823e+00 -1.939385e-02 8.332644e-04 9.998115e-01 2.018619e+02
9.996769e-01 7.348081e-04 -2.540643e-02 2.636076e+01 -7.051100e-04 9.999991e-01 1.177742e-03 -5.997660e+00 2.540737e-02 -1.159450e-03 9.996765e-01 2.022590e+02
9.997575e-01 -4.939486e-04 2.201508e-02 2.779864e+01 5.142673e-04 9.999994e-01 -9.171684e-04 -6.059256e+00 -2.201452e-02 9.282643e-04 9.997572e-01 2.026440e+02
9.996550e-01 7.867813e-04 -2.625351e-02 2.948056e+01 -7.549194e-04 9.999990e-01 1.223402e-03 -6.128777e+00 2.625455e-02 -1.203164e-03 9.996545e-01 2.030004e+02
9.997481e-01 -4.814458e-04 2.243535e-02 3.138731e+01 5.017952e-04 9.999995e-01 -9.012792e-04 -6.205602e+00 -2.243480e-02 9.123068e-04 9.997478e-01 2.033431e+02
9.997088e-01 7.680730e-04 -2.411888e-02 3.344853e+01 -7.403656e-04 9.999991e-01 1.157573e-03 -6.285784e+00 2.411985e-02 -1.139383e-03 9.997084e-01 2.036190e+02
9.997553e-01 -4.811004e-04 2.211251e-02 3.552581e+01 5.007529e-04 9.999995e-01 -8.831011e-04 -6.366871e+00 -2.211198e-02 8.939547e-04 9.997550e-01 2.038998e+02
9.996917e-01 8.425535e-04 -2.481307e-02 3.799279e+01 -8.129477e-04 9.999989e-01 1.203104e-03 -6.460260e+00 2.481415e-02 -1.182564e-03 9.996913e-01 2.041204e+02
9.997372e-01 -5.326490e-04 2.291811e-02 4.028159e+01 5.533376e-04 9.999994e-01 -8.962736e-04 -6.550515e+00 -2.291753e-02 9.087163e-04 9.997369e-01 2.044800e+02
9.996868e-01 8.648504e-04 -2.500823e-02 4.263061e+01 -8.350528e-04 9.999989e-01 1.201822e-03 -6.641347e+00 2.500934e-02 -1.180566e-03 9.996865e-01 2.047788e+02
9.997408e-01 -5.612191e-04 2.275757e-02 4.483640e+01 5.816052e-04 9.999994e-01 -8.890730e-04 -6.729386e+00 -2.275696e-02 9.020754e-04 9.997406e-01 2.051735e+02
9.996767e-01 8.708844e-04 -2.540851e-02 4.700100e+01 -8.406570e-04 9.999989e-01 1.200206e-03 -6.815506e+00 2.540962e-02 -1.178461e-03 9.996764e-01 2.055520e+02
9.997302e-01 -6.436701e-04 2.321607e-02 4.870812e+01 6.656988e-04 9.999993e-01 -9.410291e-04 -6.886972e+00 -2.321535e-02 9.562271e-04 9.997300e-01 2.059922e+02
9.996674e-01 9.307465e-04 -2.577076e-02 5.068614e+01 -8.994021e-04 9.999988e-01 1.227740e-03 -6.965703e+00 2.577197e-02 -1.204156e-03 9.996671e-01 2.063289e+02
9.997364e-01 -6.148850e-04 2.295143e-02 5.280081e+01 6.363512e-04 9.999994e-01 -9.278917e-04 -7.047235e+00 -2.295075e-02 9.422492e-04 9.997361e-01 2.065856e+02
9.996588e-01 9.193891e-04 -2.610251e-02 5.476095e+01 -8.882333e-04 9.999989e-01 1.205063e-03 -7.122033e+00 2.610369e-02 -1.181470e-03 9.996585e-01 2.067924e+02
9.997197e-01 -6.477135e-04 2.366332e-02 5.655979e+01 6.710822e-04 9.999993e-01 -9.795192e-04 -7.189098e+00 -2.366257e-02 9.951217e-04 9.997194e-01 2.069213e+02
9.996645e-01 8.858479e-04 -2.588339e-02 5.812379e+01 -8.558613e-04 9.999989e-01 1.169487e-03 -7.247973e+00 2.588449e-02 -1.146945e-03 9.996642e-01 2.070499e+02
9.997262e-01 -6.079074e-04 2.339160e-02 5.996431e+01 6.299438e-04 9.999994e-01 -9.346072e-04 -7.316934e+00 -2.339091e-02 9.490837e-04 9.997259e-01 2.071885e+02
9.996981e-01 8.816350e-04 -2.455257e-02 6.195785e+01 -8.540321e-04 9.999990e-01 1.134600e-03 -7.390565e+00 2.455364e-02 -1.113292e-03 9.996978e-01 2.073032e+02
9.997304e-01 -6.278216e-04 2.320794e-02 6.382047e+01 6.499009e-04 9.999993e-01 -9.437365e-04 -7.459005e+00 -2.320723e-02 9.585621e-04 9.997302e-01 2.073955e+02
