9.995710e-01 -7.731108e-04 2.927892e-02 4.218940e-02 8.034629e-04 9.999992e-01 -1.024904e-03 -2.770792e-03 -2.927810e-02 1.047989e-03 9.995707e-01 9.947816e-02
9.999891e-01 -1.493201e-04 4.664565e-03 8.310629e-02 1.500427e-04 1.000000e+00 -1.545560e-04 -5.045557e-03 -4.664535e-03 1.552545e-04 9.999890e-01 1.977484e-01
9.996893e-01 -6.773564e-04 2.491802e-02 1.278208e-01 6.992660e-04 9.999994e-01 -8.705643e-04 -8.028765e-03 -2.491741e-02 8.877183e-04 9.996890e-01 3.032715e-01
9.999738e-01 -1.702375e-04 7.230467e-03 1.682312e-01 1.721614e-04 9.999999e-01 -2.654658e-04 -1.040688e-02 -7.230409e-03 2.667037e-04 9.999737e-01 4.004635e-01
9.994440e-01 -9.362887e-04 3.332812e-02 2.072743e-01 9.747304e-04 9.999989e-01 -1.137200e-03 -1.183321e-02 -3.332700e-02 1.169054e-03 9.994437e-01 4.926990e-01
9.999779e-01 -1.893489e-04 6.639783e-03 2.493517e-01 1.909128e-04 1.000000e+00 -2.348894e-04 -1.353531e-02 -6.639718e-03 2.361515e-04 9.999778e-01 5.901862e-01
9.997705e-01 -5.833246e-04 2.141729e-02 2.917955e-01 5.992756e-04 9.999995e-01 -7.383583e-04 -1.651424e-02 -2.141683e-02 7.510233e-04 9.997703e-01 6.889709e-01
9.999849e-01 -1.483470e-04 5.498728e-03 3.331857e-01 1.494383e-04 1.000000e+00 -1.980245e-04 -1.958464e-02 -5.498673e-03 1.988427e-04 9.999848e-01 7.874043e-01
9.998028e-01 -5.308377e-04 1.985194e-02 3.747583e-01 5.445593e-04 9.999996e-01 -6.857913e-04 -2.276917e-02 -1.985154e-02 6.964661e-04 9.998026e-01 8.835675e-01
9.999751e-01 -1.916658e-04 7.051641e-03 4.158340e-01 1.934202e-04 1.000000e+00 -2.480946e-04 -2.573421e-02 -7.051562e-03 2.494517e-04 9.999750e-01 9.770708e-01
9.996887e-01 -6.700576e-04 2.494036e-02 4.559191e-01 6.917912e-04 9.999994e-01 -8.627992e-04 -2.811769e-02 -2.493973e-02 8.797833e-04 9.996885e-01 1.070719e+00
9.999726e-01 -2.417544e-04 7.397536e-03 4.975544e-01 2.436111e-04 9.999999e-01 -2.500637e-04 -3.064397e-02 -7.397438e-03 2.518580e-04 9.999725e-01 1.168306e+00
9.996406e-01 -6.679394e-04 2.680078e-02 5.358332e-01 6.937162e-04 9.999993e-01 -9.524994e-04 -3.273559e-02 -2.680009e-02 9.707481e-04 9.996402e-01 1.261522e+00
9.999033e-01 -4.604280e-04 1.389916e-02 5.747704e-01 4.667801e-04 9.999998e-01 -4.537495e-04 -3.420446e-02 -1.389891e-02 4.601923e-04 9.999032e-01 1.354202e+00
9.997426e-01 -5.674885e-04 2.267879e-02 6.158572e-01 5.860737e-04 9.999995e-01 -8.128447e-04 -3.624677e-02 -2.267827e-02 8.259256e-04 9.997424e-01 1.451057e+00
9.999949e-01 -1.479339e-04 3.179709e-03 6.566831e-01 1.481988e-04 1.000000e+00 -8.293162e-05 -3.956029e-02 -3.179647e-03 8.340100e-05 9.999948e-01 1.551522e+00
9.997363e-01 -5.413770e-04 2.295689e-02 6.958851e-01 5.608323e-04 9.999995e-01 -8.410210e-04 -4.258516e-02 -2.295637e-02 8.536726e-04 9.997360e-01 1.644738e+00
9.999607e-01 -3.159775e-04 8.864625e-03 7.337062e-01 3.183543e-04 9.999999e-01 -2.666522e-04 -4.489700e-02 -8.864486e-03 2.694622e-04 9.999606e-01 1.732743e+00
9.997342e-01 -5.844734e-04 2.304912e-02 7.736403e-01 6.037699e-04 9.999995e-01 -8.302162e-04 -4.738541e-02 -2.304857e-02 8.439101e-04 9.997339e-01 1.824992e+00
9.999915e-01 -1.609604e-04 4.109883e-03 8.129191e-01 1.614190e-04 1.000000e+00 -1.110888e-04 -5.032153e-02 -4.109806e-03 1.117494e-04 9.999915e-01 1.915851e+00
9.996378e-01 -6.854931e-04 2.690172e-02 8.520324e-01 7.118070e-04 9.999993e-01 -9.685637e-04 -5.281173e-02 -2.690097e-02 9.873597e-04 9.996375e-01 2.006013e+00
9.999983e-01 -1.118235e-04 1.813930e-03 8.921332e-01 1.118716e-04 1.000000e+00 -2.600002e-05 -5.571931e-02 -1.813863e-03 2.620081e-05 9.999983e-01 2.102253e+00
9.998606e-01 -3.476841e-04 1.669098e-02 9.293072e-01 3.582553e-04 9.999997e-01 -6.303113e-04 -5.971156e-02 -1.669069e-02 6.362009e-04 9.998604e-01 2.196953e+00
9.999768e-01 1.629625e-04 -6.805330e-03 9.496623e-01 -1.611946e-04 1.000000e+00 2.601990e-04 -6.401351e-02 6.805438e-03 -2.590982e-04 9.999767e-01 2.278696e+00
9.998079e-01 -3.942003e-04 1.959579e-02 9.754180e-01 4.087650e-04 9.999996e-01 -7.392116e-04 -6.806892e-02 -1.959542e-02 7.470774e-04 9.998076e-01 2.354855e+00
9.999997e-01 -7.466524e-05 -7.548544e-04 1.015103e+00 7.472191e-05 1.000000e+00 7.381721e-05 -7.210407e-02 7.549172e-04 -7.387590e-05 9.999996e-01 2.451335e+00
9.998535e-01 -2.894544e-04 1.711373e-02 1.051022e+00 3.009259e-04 9.999997e-01 -6.676829e-04 -7.609054e-02 -1.711346e-02 6.727327e-04 9.998532e-01 2.534766e+00
9.999998e-01 -1.339205e-04 6.188446e-04 1.089101e+00 1.339039e-04 1.000000e+00 2.848276e-05 -8.007563e-02 -6.187777e-04 -2.840231e-05 9.999997e-01 2.625147e+00
9.998938e-01 -1.928426e-04 1.457178e-02 1.124430e+00 2.013367e-04 9.999998e-01 -5.813818e-04 -8.408719e-02 -1.457160e-02 5.842514e-04 9.998936e-01 2.702677e+00
9.999926e-01 -2.593272e-04 3.840173e-03 1.160180e+00 2.595624e-04 1.000000e+00 -6.045242e-05 -8.773480e-02 -3.840084e-03 6.144620e-05 9.999925e-01 2.777776e+00
9.999697e-01 3.121812e-05 7.782951e-03 1.190195e+00 -2.832006e-05 9.999999e-01 -3.723247e-04 -9.209500e-02 -7.782889e-03 3.720904e-04 9.999696e-01 2.860597e+00
9.999971e-01 -2.013100e-04 2.408908e-03 1.214049e+00 2.013561e-04 1.000000e+00 -1.839743e-05 -9.633141e-02 -2.408830e-03 1.887982e-05 9.999970e-01 2.936682e+00
9.999873e-01 6.726400e-05 5.036772e-03 1.226675e+00 -6.593165e-05 1.000000e+00 -2.644540e-04 -1.005485e-01 -5.036715e-03 2.641159e-04 9.999872e-01 3.009759e+00
9.999788e-01 -2.827611e-04 6.498789e-03 1.254937e+00 2.838616e-04 9.999999e-01 -1.682172e-04 -1.048549e-01 -6.498665e-03 1.700558e-04 9.999788e-01 3.090678e+00
9.999945e-01 1.430175e-04 3.304514e-03 1.280110e+00 -1.422632e-04 1.000000e+00 -2.280939e-04 -1.093822e-01 -3.304470e-03 2.276199e-04 9.999944e-01 3.178635e+00
9.999795e-01 -3.147808e-04 6.398966e-03 1.301312e+00 3.156747e-04 9.999999e-01 -1.384784e-04 -1.137470e-01 -6.398845e-03 1.404928e-04 9.999794e-01 3.260567e+00
9.999998e-01 2.715518e-04 -5.801219e-04 1.310466e+00 -2.716106e-04 1.000000e+00 -1.036191e-04 -1.180071e-01 5.801711e-04 1.037740e-04 9.999997e-01 3.328795e+00
9.999761e-01 -3.475524e-04 6.905113e-03 1.315443e+00 3.485142e-04 9.999999e-01 -1.378995e-04 -1.221067e-01 -6.904987e-03 1.403000e-04 9.999761e-01 3.392736e+00
9.999892e-01 1.715887e-04 4.632678e-03 1.361213e+00 -1.701222e-04 9.999999e-01 -3.166482e-04 -1.268884e-01 -4.632654e-03 3.158539e-04 9.999891e-01 3.489511e+00
9.999847e-01 -3.475235e-04 5.516709e-03 1.405710e+00 3.478949e-04 9.999999e-01 -6.610687e-05 -1.316936e-01 -5.516606e-03 6.802225e-05 9.999847e-01 3.585738e+00
9.999950e-01 3.276911e-04 -3.149647e-03 1.392439e+00 -3.278308e-04 9.999999e-01 -4.429982e-05 -1.356557e-01 3.149711e-03 4.532933e-05 9.999950e-01 3.641441e+00
9.999721e-01 -4.112664e-04 7.461406e-03 1.414293e+00 4.123784e-04 9.999999e-01 -1.473039e-04 -1.415580e-01 -7.461266e-03 1.503738e-04 9.999721e-01 3.787914e+00
9.999821e-01 3.622511e-04 -5.974320e-03 1.556359e+00 -3.620656e-04 9.999999e-01 3.188812e-05 -1.459789e-01 5.974410e-03 -2.972729e-05 9.999821e-01 3.770253e+00
9.999716e-01 -4.987117e-04 7.523319e-03 1.845056e+00 4.990264e-04 9.999999e-01 -3.975590e-05 -1.485616e-01 -7.523219e-03 4.350621e-05 9.999716e-01 3.629707e+00
9.999880e-01 4.546748e-04 -4.865313e-03 2.008746e+00 -4.551074e-04 9.999999e-01 -8.810668e-05 -1.532585e-01 4.865352e-03 9.031701e-05 9.999881e-01 3.635303e+00
9.999060e-01 -5.816357e-04 1.370068e-02 2.046244e+00 5.855523e-04 9.999998e-01 -2.817565e-04 -1.590986e-01 -1.370043e-02 2.897496e-04 9.999060e-01 3.782810e+00
9.999766e-01 5.074932e-04 -6.821238e-03 2.077652e+00 -5.075471e-04 9.999999e-01 -6.391554e-06 -1.651124e-01 6.821314e-03 9.850605e-06 9.999767e-01 3.931635e+00
9.999980e-01 -4.094816e-04 1.958682e-03 2.078929e+00 4.092592e-04 9.999999e-01 1.146752e-04 -1.701505e-01 -1.958648e-03 -1.138762e-04 9.999980e-01 3.999295e+00
9.999992e-01 3.906595e-04 -1.163470e-03 2.054954e+00 -3.908303e-04 9.999999e-01 -1.479216e-04 -1.734979e-01 1.163492e-03 1.483734e-04 9.999992e-01 4.020117e+00
9.999973e-01 -4.075385e-04 2.288307e-03 2.035182e+00 4.073144e-04 9.999999e-01 9.902607e-05 -1.769640e-01 -2.288267e-03 -9.809668e-05 9.999973e-01 4.045667e+00
9.999971e-01 4.094218e-04 -2.382226e-03 2.028459e+00 -4.096854e-04 9.999999e-01 -1.107688e-04 -1.808992e-01 2.382261e-03 1.117415e-04 9.999971e-01 4.081214e+00
9.999957e-01 -3.875792e-04 2.903094e-03 2.075331e+00 3.874032e-04 9.999999e-01 6.170001e-05 -1.859992e-01 -2.903037e-03 -6.057803e-05 9.999957e-01 4.139915e+00
9.999987e-01 3.886757e-04 -1.549646e-03 2.139802e+00 -3.888911e-04 9.999999e-01 -1.396663e-04 -1.902450e-01 1.549672e-03 1.402659e-04 9.999987e-01 4.143597e+00
9.999864e-01 -6.179992e-04 5.173430e-03 2.227566e+00 6.183097e-04 9.999998e-01 -5.814068e-05 -1.977673e-01 -5.173312e-03 6.133569e-05 9.999865e-01 4.329936e+00
9.999964e-01 4.258315e-04 -2.639087e-03 2.477752e+00 -4.258835e-04 9.999999e-01 -1.972777e-05 -2.025788e-01 2.639160e-03 2.084870e-05 9.999964e-01 4.311144e+00
9.999890e-01 -6.205096e-04 4.644150e-03 2.835736e+00 6.196747e-04 9.999998e-01 1.815437e-04 -2.087110e-01 -4.644181e-03 -1.786668e-04 9.999891e-01 4.354819e+00
9.999990e-01 3.916143e-04 1.365083e-03 3.040643e+00 -3.910262e-04 9.999998e-01 -4.298877e-04 -2.156530e-01 -1.365170e-03 4.293505e-04 9.999989e-01 4.494698e+00
9.999924e-01 -4.857264e-04 3.852275e-03 3.089899e+00 4.850314e-04 9.999999e-01 1.817695e-04 -2.223176e-01 -3.852281e-03 -1.799027e-04 9.999925e-01 4.664015e+00
9.999999e-01 4.413502e-04 -1.481377e-05 3.141750e+00 -4.413541e-04 9.999998e-01 -3.731342e-04 -2.291635e-01 1.473119e-05 3.731377e-04 9.999999e-01 4.829779e+00
9.999984e-01 -6.299391e-04 1.634374e-03 3.201538e+00 6.294401e-04 9.999998e-01 3.067998e-04 -2.372350e-01 -1.634485e-03 -3.057737e-04 9.999985e-01 5.057516e+00
9.999997e-01 5.994054e-04 -4.302244e-04 3.278093e+00 -5.995856e-04 9.999997e-01 -4.224522e-04 -2.439997e-01 4.300533e-04 4.227070e-04 9.999997e-01 5.191045e+00
9.999996e-01 -5.845210e-04 6.181754e-04 3.296083e+00 5.842818e-04 9.999998e-01 3.896700e-04 -2.482254e-01 -6.183207e-04 -3.893117e-04 9.999997e-01 5.227356e+00
9.999998e-01 5.645708e-04 1.289971e-04 3.346750e+00 -5.645091e-04 9.999997e-01 -4.652926e-04 -2.535161e-01 -1.291774e-04 4.652167e-04 9.999998e-01 5.297620e+00
9.999947e-01 -6.882990e-04 3.161898e-03 3.427574e+00 6.873764e-04 9.999997e-01 2.933947e-04 -2.608147e-01 -3.162016e-03 -2.912229e-04 9.999949e-01 5.470864e+00
9.999980e-01 4.718584e-04 1.938568e-03 3.632440e+00 -4.708845e-04 9.999998e-01 -5.019582e-04 -2.675795e-01 -1.938722e-03 5.010413e-04 9.999979e-01 5.595951e+00
9.999992e-01 -7.084733e-04 1.053314e-03 3.758148e+00 7.080964e-04 9.999997e-01 3.597841e-04 -2.754328e-01 -1.053485e-03 -3.590411e-04 9.999993e-01 5.783403e+00
9.999952e-01 4.692590e-04 3.069411e-03 3.903898e+00 -4.675946e-04 9.999997e-01 -5.423951e-04 -2.831419e-01 -3.069582e-03 5.409541e-04 9.999951e-01 5.970771e+00
9.999998e-01 -6.097907e-04 1.328885e-04 4.074498e+00 6.097516e-04 9.999998e-01 3.072443e-04 -2.891398e-01 -1.329924e-04 -3.071664e-04 9.999999e-01 6.044335e+00
9.999859e-01 4.882426e-04 5.276355e-03 4.175473e+00 -4.849606e-04 9.999997e-01 -6.229540e-04 -2.957489e-01 -5.276574e-03 6.203832e-04 9.999858e-01 6.185690e+00
9.999944e-01 -7.507521e-04 3.240796e-03 4.300563e+00 7.500342e-04 9.999997e-01 2.232741e-04 -3.031158e-01 -3.240879e-03 -2.208454e-04 9.999946e-01 6.385599e+00
9.999729e-01 2.787821e-05 7.365175e-03 4.392707e+00 -2.349600e-05 9.999998e-01 -5.948350e-04 -3.135558e-01 -7.365105e-03 5.946425e-04 9.999726e-01 6.814346e+00
9.999997e-01 -4.473498e-04 -5.034818e-04 4.444372e+00 4.475207e-04 9.999998e-01 3.356144e-04 -3.234758e-01 5.034166e-04 -3.358429e-04 9.999997e-01 7.205236e+00
9.999833e-01 3.847935e-04 5.755814e-03 4.485180e+00 -3.813782e-04 9.999998e-01 -5.941206e-04 -3.296397e-01 -5.755956e-03 5.919123e-04 9.999832e-01 7.354156e+00
9.999998e-01 -4.711509e-04 2.234041e-04 4.525664e+00 4.710819e-04 9.999998e-01 3.171562e-04 -3.357701e-01 -2.234679e-04 -3.170543e-04 9.999998e-01 7.506436e+00
9.999359e-01 2.476932e-04 1.132087e-02 4.580171e+00 -2.384507e-04 9.999996e-01 -8.175896e-04 -3.418320e-01 -1.132099e-02 8.148344e-04 9.999355e-01 7.679547e+00
9.999421e-01 -2.858283e-04 -1.075654e-02 4.760637e+00 2.949386e-04 9.999996e-01 8.451938e-04 -3.460849e-01 1.075638e-02 -8.483207e-04 9.999417e-01 7.641337e+00
9.999725e-01 4.983803e-04 7.393318e-03 4.976384e+00 -4.942471e-04 9.999997e-01 -5.606181e-04 -3.498743e-01 -7.393509e-03 5.569453e-04 9.999724e-01 7.567075e+00
9.999744e-01 -5.027524e-04 -7.134350e-03 5.042101e+00 5.063423e-04 9.999997e-01 5.011156e-04 -3.569485e-01 7.134183e-03 -5.047185e-04 9.999743e-01 7.720147e+00
9.999727e-01 4.939983e-04 7.371850e-03 5.092006e+00 -4.898656e-04 9.999997e-01 -5.621499e-04 -3.634032e-01 -7.372039e-03 5.585200e-04 9.999726e-01 7.854751e+00
9.999772e-01 -5.115766e-04 -6.727142e-03 5.140981e+00 5.148422e-04 9.999998e-01 4.834157e-04 -3.698060e-01 6.726979e-03 -4.868714e-04 9.999772e-01 7.990172e+00
9.999786e-01 5.417522e-04 6.511593e-03 5.150236e+00 -5.384525e-04 9.999997e-01 -5.082065e-04 -3.738087e-01 -6.511780e-03 5.046861e-04 9.999786e-01 8.019530e+00
9.999712e-01 -5.092942e-04 -7.573889e-03 5.152381e+00 5.133249e-04 9.999997e-01 5.299969e-04 -3.778303e-01 7.573703e-03 -5.338728e-04 9.999711e-01 8.048447e+00
9.999679e-01 5.123462e-04 7.995687e-03 5.176789e+00 -5.076425e-04 9.999997e-01 -5.900617e-04 -3.827975e-01 -7.995901e-03 5.859805e-04 9.999678e-01 8.120406e+00
9.999771e-01 -5.660334e-04 -6.739706e-03 5.230298e+00 5.692845e-04 9.999997e-01 4.801852e-04 -3.890518e-01 6.739519e-03 -4.840144e-04 9.999771e-01 8.245977e+00
9.999653e-01 5.422071e-04 8.305983e-03 5.271686e+00 -5.372232e-04 9.999997e-01 -6.020174e-04 -3.951215e-01 -8.306221e-03 5.975310e-04 9.999652e-01 8.375270e+00
9.999608e-01 -5.408518e-04 -8.829320e-03 5.304964e+00 5.461056e-04 9.999997e-01 5.924123e-04 -4.008183e-01 8.829083e-03 -5.972142e-04 9.999608e-01 8.470200e+00
9.999585e-01 5.711040e-04 9.090634e-03 5.336062e+00 -5.652107e-04 9.999996e-01 -6.506180e-04 -4.060260e-01 -9.090916e-03 6.454495e-04 9.999584e-01 8.548882e+00
9.999510e-01 -5.133986e-04 -9.888263e-03 5.375966e+00 5.199115e-04 9.999996e-01 6.558949e-04 -4.101874e-01 9.888009e-03 -6.610071e-04 9.999508e-01 8.555705e+00
9.999599e-01 5.610162e-04 8.930725e-03 5.412136e+00 -5.551629e-04 9.999996e-01 -6.576623e-04 -4.147819e-01 -8.931004e-03 6.526746e-04 9.999598e-01 8.593680e+00
9.999714e-01 -5.698350e-04 -7.532000e-03 5.433446e+00 5.741024e-04 9.999997e-01 5.641589e-04 -4.198747e-01 7.531762e-03 -5.684704e-04 9.999714e-01 8.676650e+00
9.999191e-01 5.351081e-04 1.270934e-02 5.466841e+00 -5.247170e-04 9.999995e-01 -8.207656e-04 -4.254605e-01 -1.270969e-02 8.140270e-04 9.999188e-01 8.796587e+00
9.998794e-01 -4.083058e-04 -1.552164e-02 5.515882e+00 4.217422e-04 9.999995e-01 8.622623e-04 -4.300062e-01 1.552137e-02 -8.687079e-04 9.998791e-01 8.806690e+00
9.999532e-01 5.871140e-04 9.656862e-03 5.558537e+00 -5.803560e-04 9.999996e-01 -7.024039e-04 -4.336743e-01 -9.657185e-03 6.967633e-04 9.999530e-01 8.776347e+00
9.999057e-01 -4.517781e-04 -1.372383e-02 5.638098e+00 4.624221e-04 9.999996e-01 7.722729e-04 -4.358512e-01 1.372356e-02 -7.785497e-04 9.999054e-01 8.665170e+00
9.999366e-01 5.986365e-04 1.123922e-02 5.708027e+00 -5.905082e-04 9.999996e-01 -7.263479e-04 -4.369441e-01 -1.123956e-02 7.196617e-04 9.999365e-01 8.499076e+00
9.999260e-01 -5.497481e-04 -1.214931e-02 5.708147e+00 5.586446e-04 9.999996e-01 7.287218e-04 -4.399116e-01 1.214899e-02 -7.354585e-04 9.999259e-01 8.477897e+00
9.999142e-01 5.575417e-04 1.308451e-02 5.713477e+00 -5.475434e-04 9.999996e-01 -7.675590e-04 -4.440725e-01 -1.308485e-02 7.603255e-04 9.999140e-01 8.508253e+00
9.999762e-01 -6.203254e-04 -6.869126e-03 5.731708e+00 6.237116e-04 9.999997e-01 4.905535e-04 -4.492822e-01 6.868905e-03 -4.948296e-04 9.999762e-01 8.627162e+00
9.999114e-01 5.624313e-04 1.330069e-02 5.751313e+00 -5.520426e-04 9.999995e-01 -7.845770e-04 -4.544096e-01 -1.330104e-02 7.771615e-04 9.999112e-01 8.738663e+00
9.999441e-01 -6.028565e-04 -1.055592e-02 5.780986e+00 6.096158e-04 9.999996e-01 6.369355e-04 -4.605120e-01 1.055562e-02 -6.433383e-04 9.999440e-01 8.882188e+00
9.999106e-01 5.891447e-04 1.335986e-02 5.825139e+00 -5.784803e-04 9.999995e-01 -8.019462e-04 -4.669034e-01 -1.336024e-02 7.941427e-04 9.999104e-01 9.029908e+00
9.999816e-01 -6.540473e-04 -6.029255e-03 5.870118e+00 6.568874e-04 9.999997e-01 4.687420e-04 -4.726836e-01 6.029033e-03 -4.726974e-04 9.999816e-01 9.163840e+00
9.999336e-01 6.073840e-04 1.150807e-02 5.883880e+00 -5.991211e-04 9.999996e-01 -7.212729e-04 -4.777888e-01 -1.150842e-02 7.143269e-04 9.999334e-01 9.277001e+00
9.999515e-01 -6.374041e-04 -9.823119e-03 5.886399e+00 6.434966e-04 9.999996e-01 6.168596e-04 -4.826789e-01 9.822809e-03 -6.231544e-04 9.999515e-01 9.373377e+00
9.998959e-01 6.144484e-04 1.441379e-02 5.925031e+00 -6.021646e-04 9.999995e-01 -8.564094e-04 -4.884607e-01 -1.441422e-02 8.476373e-04 9.998957e-01 9.494267e+00
9.999370e-01 -6.039502e-04 -1.120656e-02 5.960736e+00 6.116678e-04 9.999996e-01 6.850658e-04 -4.941707e-01 1.120623e-02 -6.918808e-04 9.999369e-01 9.610826e+00
9.999221e-01 6.131131e-04 1.246493e-02 5.968864e+00 -6.035897e-04 9.999995e-01 -7.675995e-04 -4.987697e-01 -1.246531e-02 7.600126e-04 9.999219e-01 9.676997e+00
9.999259e-01 -5.654549e-04 -1.215433e-02 6.004382e+00 5.744040e-04 9.999996e-01 7.326306e-04 -5.017043e-01 1.215400e-02 -7.395613e-04 9.999258e-01 9.634173e+00
9.999247e-01 6.265369e-04 1.225431e-02 6.062882e+00 -6.172512e-04 9.999995e-01 -7.613534e-04 -5.043341e-01 -1.225470e-02 7.537286e-04 9.999245e-01 9.561312e+00
9.999422e-01 -6.023484e-04 -1.073147e-02 6.104070e+00 6.096403e-04 9.999996e-01 6.760282e-04 -5.087539e-01 1.073114e-02 -6.825350e-04 9.999421e-01 9.586762e+00
9.999416e-01 6.654716e-04 1.078102e-02 6.190375e+00 -6.579511e-04 9.999995e-01 -7.009138e-04 -5.117560e-01 -1.078139e-02 6.937761e-04 9.999416e-01 9.512222e+00
9.999297e-01 -5.282691e-04 -1.184583e-02 6.357180e+00 5.364255e-04 9.999996e-01 6.852022e-04 -5.123434e-01 1.184555e-02 -6.915119e-04 9.999295e-01 9.276574e+00
9.999339e-01 6.383756e-04 1.147625e-02 6.492046e+00 -6.302584e-04 9.999995e-01 -7.107316e-04 -5.136212e-01 -1.147661e-02 7.034481e-04 9.999338e-01 9.091135e+00
9.999364e-01 -5.621121e-04 -1.126466e-02 6.570830e+00 5.699193e-04 9.999996e-01 6.896809e-04 -5.150656e-01 1.126436e-02 -6.960605e-04 9.999362e-01 8.945202e+00
9.999310e-01 6.049337e-04 1.172916e-02 6.628976e+00 -5.963312e-04 9.999996e-01 -7.367388e-04 -5.185337e-01 -1.172951e-02 7.296900e-04 9.999309e-01 8.915662e+00
9.999463e-01 -5.871555e-04 -1.034764e-02 6.651026e+00 5.939919e-04 9.999996e-01 6.574040e-04 -5.226947e-01 1.034733e-02 -6.635186e-04 9.999462e-01 8.944131e+00
9.999424e-01 6.275520e-04 1.071415e-02 6.726520e+00 -6.199803e-04 9.999996e-01 -7.098180e-04 -5.275633e-01 -1.071451e-02 7.031311e-04 9.999423e-01 8.969133e+00
9.999336e-01 -5.255001e-04 -1.150943e-02 6.838238e+00 5.335257e-04 9.999996e-01 6.940625e-04 -5.316558e-01 1.150915e-02 -7.001605e-04 9.999334e-01 8.933390e+00
9.999422e-01 6.208203e-04 1.073399e-02 6.951348e+00 -6.132018e-04 9.999996e-01 -7.128384e-04 -5.355673e-01 -1.073434e-02 7.062116e-04 9.999421e-01 8.888973e+00
9.999099e-01 -5.076901e-04 -1.341520e-02 7.091837e+00 5.189716e-04 9.999995e-01 8.373222e-04 -5.392506e-01 1.341486e-02 -8.442123e-04 9.999096e-01 8.820672e+00
9.999499e-01 6.444413e-04 9.987238e-03 7.217029e+00 -6.381120e-04 9.999996e-01 -6.367081e-04 -5.445702e-01 -9.987557e-03 6.302998e-04 9.999498e-01 8.847484e+00
9.999401e-01 -5.609855e-04 -1.092415e-02 7.313784e+00 5.678148e-04 9.999996e-01 6.218728e-04 -5.497300e-01 1.092389e-02 -6.280419e-04 9.999401e-01 8.875105e+00
9.999487e-01 6.437136e-04 1.010987e-02 7.381639e+00 -6.374930e-04 9.999996e-01 -6.183186e-04 -5.536223e-01 -1.011018e-02 6.118385e-04 9.999486e-01 8.853818e+00
9.999411e-01 -6.042936e-04 -1.083077e-02 7.419091e+00 6.108733e-04 9.999996e-01 6.040107e-04 -5.594873e-01 1.083048e-02 -6.105949e-04 9.999411e-01 8.957744e+00
9.999441e-01 6.283324e-04 1.055064e-02 7.437996e+00 -6.216809e-04 9.999996e-01 -6.335159e-04 -5.646297e-01 -1.055094e-02 6.269180e-04 9.999441e-01 9.041040e+00
9.999424e-01 -6.380159e-04 -1.071114e-02 7.471096e+00 6.444101e-04 9.999996e-01 5.933286e-04 -5.706793e-01 1.071085e-02 -6.002003e-04 9.999424e-01 9.165494e+00
9.999484e-01 6.533493e-04 1.013823e-02 7.493870e+00 -6.471451e-04 9.999996e-01 -6.150357e-04 -5.765039e-01 -1.013854e-02 6.084396e-04 9.999483e-01 9.283509e+00
9.999433e-01 -6.402606e-04 -1.062324e-02 7.499979e+00 6.465968e-04 9.999996e-01 5.928239e-04 -5.817681e-01 1.062295e-02 -5.996627e-04 9.999433e-01 9.381170e+00
9.999400e-01 6.133078e-04 1.093716e-02 7.520373e+00 -6.062303e-04 9.999996e-01 -6.502253e-04 -5.875424e-01 -1.093746e-02 6.435524e-04 9.999399e-01 9.506128e+00
9.999307e-01 -5.910358e-04 -1.175855e-02 7.538631e+00 5.985333e-04 9.999996e-01 6.339359e-04 -5.935863e-01 1.175826e-02 -6.409333e-04 9.999306e-01 9.635946e+00
9.999496e-01 6.533611e-04 1.001535e-02 7.567026e+00 -6.471165e-04 9.999996e-01 -6.265324e-04 -5.977385e-01 -1.001567e-02 6.200163e-04 9.999496e-01 9.650714e+00
9.999408e-01 -5.951573e-04 -1.085878e-02 7.608199e+00 6.020328e-04 9.999996e-01 6.297248e-04 -6.013880e-01 1.085849e-02 -6.362283e-04 9.999408e-01 9.636753e+00
9.999490e-01 6.630034e-04 1.007737e-02 7.650012e+00 -6.566443e-04 9.999996e-01 -6.341266e-04 -6.044090e-01 -1.007770e-02 6.274736e-04 9.999489e-01 9.594256e+00
9.999436e-01 -6.118629e-04 -1.059970e-02 7.688287e+00 6.185462e-04 9.999996e-01 6.270577e-04 -6.083326e-01 1.059940e-02 -6.335822e-04 9.999436e-01 9.595399e+00
9.999391e-01 6.198536e-04 1.101698e-02 7.727503e+00 -6.122567e-04 9.999996e-01 -6.927422e-04 -6.142926e-01 -1.101732e-02 6.859514e-04 9.999390e-01 9.708757e+00
9.999362e-01 -6.519667e-04 -1.127423e-02 7.770707e+00 6.596355e-04 9.999996e-01 6.763150e-04 -6.212496e-01 1.127387e-02 -6.837122e-04 9.999361e-01 9.869841e+00
9.999484e-01 7.346392e-04 1.012694e-02 7.819603e+00 -7.278048e-04 9.999995e-01 -6.783478e-04 -6.278269e-01 -1.012735e-02 6.709390e-04 9.999484e-01 9.994713e+00
9.999386e-01 -6.875721e-04 -1.106086e-02 7.835761e+00 6.951963e-04 9.999995e-01 6.852808e-04 -6.323584e-01 1.106047e-02 -6.929316e-04 9.999385e-01 1.003922e+01
9.999382e-01 6.855538e-04 1.109163e-02 7.852266e+00 -6.776691e-04 9.999995e-01 -7.144328e-04 -6.376024e-01 -1.109202e-02 7.068688e-04 9.999382e-01 1.012469e+01
9.999719e-01 -8.246731e-04 -7.446690e-03 7.964761e+00 8.284607e-04 9.999995e-01 5.052748e-04 -6.447115e-01 7.446357e-03 -5.114334e-04 9.999721e-01 1.028361e+01
9.999520e-01 6.873260e-04 9.767691e-03 8.089248e+00 -6.808188e-04 9.999995e-01 -6.693017e-04 -6.520245e-01 -9.768059e-03 6.626162e-04 9.999520e-01 1.043403e+01
9.999626e-01 -7.106117e-04 -8.617793e-03 8.147783e+00 7.154407e-04 9.999996e-01 5.570379e-04 -6.589115e-01 8.617481e-03 -5.631862e-04 9.999626e-01 1.058836e+01
9.999754e-01 7.450298e-04 6.976715e-03 8.159580e+00 -7.412740e-04 9.999996e-01 -5.406038e-04 -6.650450e-01 -6.977028e-03 5.354154e-04 9.999754e-01 1.071881e+01
9.999647e-01 -7.166217e-04 -8.372157e-03 8.162216e+00 7.211556e-04 9.999996e-01 5.382971e-04 -6.703248e-01 8.371855e-03 -5.443193e-04 9.999647e-01 1.081193e+01
9.999431e-01 7.206708e-04 1.063997e-02 8.175120e+00 -7.137255e-04 9.999995e-01 -6.563455e-04 -6.759387e-01 -1.064035e-02 6.487107e-04 9.999431e-01 1.093383e+01
9.999343e-01 -6.910406e-04 -1.144335e-02 8.188673e+00 6.983682e-04 9.999996e-01 6.361666e-04 -6.818415e-01 1.144299e-02 -6.441200e-04 9.999342e-01 1.105314e+01
9.999347e-01 7.041416e-04 1.140091e-02 8.202708e+00 -6.966313e-04 9.999995e-01 -6.625259e-04 -6.878263e-01 -1.140128e-02 6.545370e-04 9.999347e-01 1.118184e+01
9.999422e-01 -7.164468e-04 -1.072891e-02 8.207251e+00 7.229151e-04 9.999996e-01 5.988255e-04 -6.933904e-01 1.072856e-02 -6.065505e-04 9.999422e-01 1.130636e+01
9.998927e-01 6.843790e-04 1.462880e-02 8.224769e+00 -6.730691e-04 9.999995e-01 -7.778947e-04 -6.990359e-01 -1.462924e-02 7.679616e-04 9.998926e-01 1.143741e+01
9.999979e-01 -9.130132e-04 -1.796100e-03 8.264094e+00 9.134992e-04 9.999995e-01 2.685428e-04 -7.039138e-01 1.795942e-03 -2.701866e-04 9.999983e-01 1.155532e+01
9.998020e-01 4.593954e-04 1.989084e-02 8.304522e+00 -4.409645e-04 9.999995e-01 -9.308685e-04 -7.080833e-01 -1.989117e-02 9.219095e-04 9.998017e-01 1.165946e+01
9.999715e-01 -7.068457e-04 -7.508986e-03 8.340010e+00 7.102766e-04 9.999996e-01 4.539485e-04 -7.129055e-01 7.508752e-03 -4.592727e-04 9.999716e-01 1.177311e+01
9.998006e-01 5.150323e-04 1.996099e-02 8.378130e+00 -4.956667e-04 9.999994e-01 -9.750000e-04 -7.178425e-01 -1.996139e-02 9.649080e-04 9.998002e-01 1.189181e+01
9.999729e-01 -7.502336e-04 -7.324926e-03 8.415132e+00 7.538303e-04 9.999996e-01 4.879443e-04 -7.226200e-01 7.324648e-03 -4.934565e-04 9.999730e-01 1.199993e+01
9.999206e-01 6.888828e-04 1.257778e-02 8.429213e+00 -6.800970e-04 9.999995e-01 -7.025999e-04 -7.277085e-01 -1.257816e-02 6.939864e-04 9.999206e-01 1.210368e+01
9.999740e-01 -6.980880e-04 -7.170078e-03 8.442473e+00 7.015169e-04 9.999996e-01 4.753780e-04 -7.323500e-01 7.169834e-03 -4.803993e-04 9.999741e-01 1.218607e+01
9.998493e-01 5.098938e-04 1.735022e-02 8.471585e+00 -4.947009e-04 9.999995e-01 -8.798059e-04 -7.371617e-01 -1.735057e-02 8.710864e-04 9.998490e-01 1.229228e+01
9.998916e-01 -5.252451e-04 -1.471242e-02 8.476864e+00 5.362459e-04 9.999996e-01 7.436131e-04 -7.423202e-01 1.471212e-02 -7.514258e-04 9.998914e-01 1.240271e+01
9.998647e-01 4.817902e-04 1.644353e-02 8.465344e+00 -4.680120e-04 9.999995e-01 -8.416017e-04 -7.470355e-01 -1.644384e-02 8.337883e-04 9.998644e-01 1.250488e+01
9.999394e-01 -5.097391e-04 -1.099584e-02 8.473912e+00 5.162817e-04 9.999997e-01 5.919528e-04 -7.518334e-01 1.099562e-02 -5.975976e-04 9.999393e-01 1.260626e+01
9.998452e-01 4.318096e-04 1.758904e-02 8.487336e+00 -4.164642e-04 9.999995e-01 -8.759559e-04 -7.568392e-01 -1.758931e-02 8.684914e-04 9.998448e-01 1.271786e+01
9.998689e-01 -4.231491e-04 -1.618507e-02 8.489411e+00 4.358996e-04 9.999996e-01 7.841183e-04 -7.620685e-01 1.618483e-02 -7.910744e-04 9.998686e-01 1.282645e+01
9.999026e-01 4.919623e-04 1.394475e-02 8.493267e+00 -4.815242e-04 9.999996e-01 -7.517035e-04 -7.673420e-01 -1.394502e-02 7.449118e-04 9.999024e-01 1.291184e+01
9.999224e-01 -4.121704e-04 -1.244696e-02 8.504262e+00 4.205183e-04 9.999997e-01 6.678610e-04 -7.723354e-01 1.244677e-02 -6.730472e-04 9.999222e-01 1.299085e+01
9.998771e-01 4.062847e-04 1.567232e-02 8.515535e+00 -3.935552e-04 9.999996e-01 -8.151405e-04 -7.775329e-01 -1.567255e-02 8.088686e-04 9.998768e-01 1.309111e+01
9.998157e-01 -3.141708e-04 -1.919253e-02 8.522791e+00 3.313905e-04 9.999995e-01 8.939000e-04 -7.828457e-01 1.919233e-02 -9.000993e-04 9.998153e-01 1.317182e+01
9.998944e-01 4.066293e-04 1.452576e-02 8.521540e+00 -3.955890e-04 9.999996e-01 -7.627493e-04 -7.878994e-01 -1.452597e-02 7.569188e-04 9.998941e-01 1.324389e+01
9.997382e-01 -1.886319e-04 -2.287801e-02 8.528973e+00 2.113616e-04 9.999995e-01 9.909895e-04 -7.927736e-01 2.287790e-02 -9.955694e-04 9.997377e-01 1.330943e+01
9.998402e-01 2.960779e-04 1.787017e-02 8.529939e+00 -2.809526e-04 9.999996e-01 -8.487695e-04 -7.976030e-01 -1.787032e-02 8.436095e-04 9.998399e-01 1.336577e+01
9.997576e-01 -2.288561e-04 -2.201358e-02 8.528930e+00 2.498116e-04 9.999995e-01 9.490770e-04 -8.034303e-01 2.201345e-02 -9.543499e-04 9.997571e-01 1.348020e+01
9.997861e-01 2.902228e-04 2.067662e-02 8.526721e+00 -2.705995e-04 9.999995e-01 -9.517371e-04 -8.082996e-01 -2.067679e-02 9.459348e-04 9.997857e-01 1.355439e+01
9.997661e-01 -2.404948e-04 -2.162407e-02 8.507581e+00 2.608336e-04 9.999995e-01 9.376317e-04 -8.120929e-01 2.162392e-02 -9.430565e-04 9.997657e-01 1.358605e+01
9.998111e-01 3.235362e-04 1.943427e-02 8.495570e+00 -3.060438e-04 9.999995e-01 -9.029295e-04 -8.161714e-01 -1.943446e-02 8.968074e-04 9.998107e-01 1.361985e+01
9.998117e-01 -3.200224e-04 -1.940243e-02 8.463109e+00 3.373174e-04 9.999995e-01 8.879880e-04 -8.194260e-01 1.940223e-02 -8.943693e-04 9.998113e-01 1.364153e+01
9.996973e-01 -6.071642e-05 2.460282e-02 8.512217e+00 8.761512e-05 9.999994e-01 -1.092145e-03 -8.282102e-01 -2.460265e-02 1.093966e-03 9.996966e-01 1.395234e+01
9.997646e-01 -2.994958e-05 -2.169319e-02 8.555658e+00 4.996392e-05 9.999996e-01 9.219498e-04 -8.361209e-01 2.169325e-02 -9.228205e-04 9.997642e-01 1.418846e+01
9.997742e-01 6.039831e-05 2.124664e-02 8.526006e+00 -4.139208e-05 9.999996e-01 -8.948778e-04 -8.385325e-01 -2.124660e-02 8.937926e-04 9.997738e-01 1.415746e+01
9.997727e-01 -8.521685e-05 -2.131781e-02 8.494104e+00 1.040798e-04 9.999996e-01 8.836149e-04 -8.423481e-01 2.131782e-02 -8.856366e-04 9.997723e-01 1.421728e+01
9.996883e-01 6.686875e-05 2.496373e-02 8.496937e+00 -4.064420e-05 9.999994e-01 -1.050916e-03 -8.475421e-01 -2.496369e-02 1.049570e-03 9.996877e-01 1.433166e+01
9.998344e-01 -1.456491e-04 -1.819438e-02 8.515817e+00 1.596334e-04 9.999997e-01 7.670124e-04 -8.530928e-01 1.819435e-02 -7.697937e-04 9.998341e-01 1.447060e+01
9.998254e-01 1.013935e-04 1.868472e-02 8.504531e+00 -8.611778e-05 9.999997e-01 -8.182250e-04 -8.580854e-01 -1.868470e-02 8.164693e-04 9.998250e-01 1.458564e+01
9.998394e-01 -1.530391e-04 -1.791812e-02 8.501674e+00 1.667181e-04 9.999997e-01 7.617791e-04 -8.635070e-01 1.791809e-02 -7.646479e-04 9.998391e-01 1.471481e+01
9.998061e-01 1.024861e-04 1.968967e-02 8.502726e+00 -8.551191e-05 9.999996e-01 -8.627990e-04 -8.689157e-01 -1.968966e-02 8.609442e-04 9.998057e-01 1.484789e+01
9.998043e-01 -1.495255e-04 -1.977979e-02 8.493029e+00 1.661431e-04 9.999996e-01 8.383577e-04 -8.741373e-01 1.977975e-02 -8.414838e-04 9.998039e-01 1.496944e+01
9.998618e-01 1.900559e-04 1.662230e-02 8.490781e+00 -1.772611e-04 9.999997e-01 -7.710569e-04 -8.801040e-01 -1.662235e-02 7.680000e-04 9.998615e-01 1.509735e+01
9.998026e-01 -1.691144e-04 -1.986662e-02 8.480554e+00 1.862058e-04 9.999996e-01 8.583310e-04 -8.858394e-01 1.986656e-02 -8.618646e-04 9.998022e-01 1.522383e+01
9.998273e-01 1.483868e-04 1.858118e-02 8.481474e+00 -1.327975e-04 9.999996e-01 -8.400834e-04 -8.919276e-01 -1.858121e-02 8.374670e-04 9.998269e-01 1.537244e+01
9.998221e-01 -1.795249e-04 -1.885711e-02 8.477451e+00 1.949860e-04 9.999996e-01 8.179336e-04 -8.972629e-01 1.885705e-02 -8.214688e-04 9.998218e-01 1.549683e+01
9.998397e-01 1.894875e-04 1.789972e-02 8.465284e+00 -1.750478e-04 9.999997e-01 -8.081272e-04 -9.017813e-01 -1.789978e-02 8.048606e-04 9.998394e-01 1.557144e+01
9.999398e-01 -7.184752e-04 -1.095028e-02 8.521375e+00 7.246373e-04 9.999996e-01 5.585422e-04 -9.112091e-01 1.094997e-02 -5.664474e-04 9.999398e-01 1.593285e+01
9.998602e-01 3.885547e-04 1.671218e-02 8.587257e+00 -3.754560e-04 9.999996e-01 -7.867643e-04 -9.205454e-01 -1.671239e-02 7.803758e-04 9.998600e-01 1.626871e+01
9.998407e-01 -3.583709e-04 -1.784148e-02 8.610256e+00 3.725212e-04 9.999996e-01 7.896425e-04 -9.261125e-01 1.784128e-02 -7.961670e-04 9.998404e-01 1.637061e+01
9.998730e-01 4.551099e-04 1.592800e-02 8.689727e+00 -4.427480e-04 9.999996e-01 -7.794658e-04 -9.294138e-01 -1.592825e-02 7.723108e-04 9.998728e-01 1.631452e+01
9.998354e-01 -3.276069e-04 -1.813635e-02 8.804447e+00 3.430424e-04 9.999996e-01 8.478308e-04 -9.334076e-01 1.813616e-02 -8.539167e-04 9.998351e-01 1.626956e+01
9.998509e-01 3.990426e-04 1.725869e-02 8.864763e+00 -3.843325e-04 9.999996e-01 -8.554900e-04 -9.374182e-01 -1.725893e-02 8.487256e-04 9.998506e-01 1.626390e+01
9.998251e-01 -2.998847e-04 -1.869575e-02 8.932719e+00 3.158469e-04 9.999996e-01 8.506990e-04 -9.411582e-01 1.869558e-02 -8.564591e-04 9.998248e-01 1.623621e+01
9.998626e-01 3.886252e-04 1.657169e-02 9.091338e+00 -3.755586e-04 9.999996e-01 -7.914432e-04 -9.432649e-01 -1.657190e-02 7.851070e-04 9.998623e-01 1.608631e+01
9.998266e-01 -2.630924e-04 -1.861685e-02 9.287388e+00 2.787242e-04 9.999996e-01 8.369234e-04 -9.431719e-01 1.861672e-02 -8.419711e-04 9.998263e-01 1.580917e+01
9.998687e-01 4.062650e-04 1.619895e-02 9.534407e+00 -3.935676e-04 9.999996e-01 -7.868713e-04 -9.399891e-01 -1.619917e-02 7.803887e-04 9.998684e-01 1.536080e+01
9.998301e-01 -2.169173e-04 -1.843259e-02 9.831910e+00 2.317905e-04 9.999996e-01 8.046278e-04 -9.339580e-01 1.843250e-02 -8.087674e-04 9.998297e-01 1.474607e+01
9.998796e-01 4.511917e-04 1.551001e-02 1.014776e+01 -4.395978e-04 9.999996e-01 -7.507534e-04 -9.261646e-01 -1.551025e-02 7.438410e-04 9.998794e-01 1.403203e+01
9.998359e-01 -2.258720e-04 -1.811350e-02 1.042522e+01 2.400892e-04 9.999997e-01 7.825845e-04 -9.199677e-01 1.811341e-02 -7.868088e-04 9.998356e-01 1.341128e+01
9.999091e-01 4.736406e-04 1.347266e-02 1.067031e+01 -4.669872e-04 9.999998e-01 -4.968007e-04 -9.193165e-01 -1.347280e-02 4.904602e-04 9.999090e-01 1.309529e+01
9.998697e-01 -4.944241e-04 -1.613187e-02 1.086172e+01 5.039861e-04 9.999997e-01 5.885218e-04 -9.242015e-01 1.613167e-02 -5.965792e-04 9.998696e-01 1.308422e+01
9.998871e-01 5.753144e-04 1.501560e-02 1.110810e+01 -5.661079e-04 9.999996e-01 -6.172163e-04 -9.226918e-01 -1.501586e-02 6.086423e-04 9.998870e-01 1.272229e+01
9.998669e-01 -4.539874e-04 -1.630870e-02 1.134522e+01 4.638485e-04 9.999997e-01 6.007217e-04 -9.206841e-01 1.630851e-02 -6.082103e-04 9.998668e-01 1.233452e+01
9.998858e-01 5.383429e-04 1.509992e-02 1.157945e+01 -5.290360e-04 9.999997e-01 -6.201838e-04 -9.197196e-01 -1.510015e-02 6.121208e-04 9.998857e-01 1.200661e+01
9.998813e-01 -6.417599e-04 -1.539399e-02 1.182051e+01 6.514769e-04 9.999996e-01 6.260505e-04 -9.236995e-01 1.539367e-02 -6.360088e-04 9.998812e-01 1.193507e+01
9.999039e-01 7.190487e-04 1.384262e-02 1.203096e+01 -7.119116e-04 9.999996e-01 -5.203339e-04 -9.271690e-01 -1.384290e-02 5.104254e-04 9.999040e-01 1.183876e+01
9.999007e-01 -6.938665e-04 -1.407530e-02 1.216781e+01 7.004245e-04 9.999996e-01 4.608203e-04 -9.316176e-01 1.407506e-02 -4.706370e-04 9.999008e-01 1.182319e+01
9.999441e-01 7.467125e-04 1.054745e-02 1.244683e+01 -7.439378e-04 9.999997e-01 -2.667609e-04 -9.295998e-01 -1.054755e-02 2.588956e-04 9.999443e-01 1.142552e+01
9.998872e-01 -6.418908e-04 -1.500522e-02 1.279344e+01 6.499883e-04 9.999996e-01 5.346088e-04 -9.252324e-01 1.500496e-02 -5.443055e-04 9.998872e-01 1.090064e+01
9.999229e-01 7.040381e-04 1.239382e-02 1.310757e+01 -6.987387e-04 9.999997e-01 -4.317184e-04 -9.219173e-01 -1.239403e-02 4.230214e-04 9.999230e-01 1.042907e+01
9.998775e-01 -6.171314e-04 -1.563772e-02 1.345775e+01 6.261260e-04 9.999996e-01 5.701372e-04 -9.164511e-01 1.563746e-02 -5.798623e-04 9.998775e-01 9.836442e+00
9.999278e-01 8.065487e-04 1.198852e-02 1.380423e+01 -8.030891e-04 9.999996e-01 -2.931930e-04 -9.151071e-01 -1.198866e-02 2.835403e-04 9.999280e-01 9.471890e+00
9.999218e-01 -8.415868e-04 -1.247216e-02 1.406240e+01 8.470457e-04 9.999995e-01 4.322216e-04 -9.205121e-01 1.247188e-02 -4.427560e-04 9.999221e-01 9.480509e+00
9.998978e-01 6.813454e-04 1.427848e-02 1.435989e+01 -6.761074e-04 9.999997e-01 -3.715114e-04 -9.260109e-01 -1.427864e-02 3.618160e-04 9.998979e-01 9.498358e+00
9.998348e-01 -7.968947e-04 -1.815594e-02 1.473984e+01 8.148256e-04 9.999992e-01 9.800981e-04 -9.338378e-01 1.815524e-02 -9.947339e-04 9.998346e-01 9.603302e+00
9.999318e-01 4.300562e-04 1.167175e-02 1.508657e+01 -4.296495e-04 9.999999e-01 -3.715903e-05 -9.447905e-01 -1.167167e-02 3.213811e-05 9.999318e-01 9.903588e+00
9.998985e-01 -6.598810e-04 -1.422700e-02 1.535905e+01 6.657798e-04 9.999997e-01 4.097309e-04 -9.539127e-01 1.422681e-02 -4.191650e-04 9.998986e-01 1.010820e+01
9.998861e-01 5.000012e-04 1.508065e-02 1.577322e+01 -4.986901e-04 9.999999e-01 -9.055563e-05 -9.600045e-01 -1.508061e-02 8.302115e-05 9.998862e-01 1.013631e+01
9.997616e-01 -6.843390e-04 -2.182460e-02 1.614859e+01 7.070304e-04 9.999992e-01 1.031914e-03 -9.702033e-01 2.182397e-02 -1.047103e-03 9.997612e-01 1.038334e+01
9.998909e-01 5.936804e-04 1.476077e-02 1.632995e+01 -5.881439e-04 9.999998e-01 -3.792747e-04 -9.805181e-01 -1.476090e-02 3.705484e-04 9.998909e-01 1.067008e+01
9.998174e-01 -8.259949e-04 -1.909095e-02 1.656200e+01 8.455362e-04 9.999991e-01 1.015427e-03 -9.905737e-01 1.909018e-02 -1.031387e-03 9.998172e-01 1.094603e+01
9.999644e-01 6.423494e-04 8.405895e-03 1.685407e+01 -6.435453e-04 9.999998e-01 1.398146e-04 -1.002157e+00 -8.405715e-03 -1.452226e-04 9.999646e-01 1.128313e+01
9.998188e-01 -5.171431e-04 -1.902690e-02 1.703079e+01 5.321877e-04 9.999995e-01 7.855361e-04 -1.012628e+00 1.902657e-02 -7.955230e-04 9.998186e-01 1.157419e+01
9.997897e-01 4.625427e-04 2.049970e-02 1.720535e+01 -4.463315e-04 9.999996e-01 -7.952767e-04 -1.019493e+00 -2.049997e-02 7.859565e-04 9.997895e-01 1.170028e+01
9.997733e-01 -8.022193e-04 -2.127538e-02 1.746739e+01 8.269301e-04 9.999990e-01 1.152602e-03 -1.028708e+00 2.127452e-02 -1.169937e-03 9.997729e-01 1.192081e+01
9.997521e-01 6.942927e-04 2.225489e-02 1.776208e+01 -6.725864e-04 9.999993e-01 -9.827336e-04 -1.034975e+00 -2.225546e-02 9.675183e-04 9.997518e-01 1.198136e+01
9.995749e-01 -6.013232e-04 -2.914772e-02 1.801410e+01 6.508808e-04 9.999984e-01 1.690694e-03 -1.044241e+00 2.914674e-02 -1.708951e-03 9.995736e-01 1.220457e+01
9.989299e-01 -2.927992e-04 4.624820e-02 1.834100e+01 3.957762e-04 9.999975e-01 -2.217435e-03 -1.053467e+00 -4.624734e-02 2.233363e-03 9.989274e-01 1.251958e+01
9.995759e-01 -5.163937e-04 -2.911626e-02 1.869989e+01 5.697071e-04 9.999982e-01 1.822712e-03 -1.063676e+00 2.911536e-02 -1.838530e-03 9.995743e-01 1.287881e+01
9.991891e-01 -4.298828e-04 4.025980e-02 1.896238e+01 5.118890e-04 9.999978e-01 -2.026591e-03 -1.075613e+00 -4.025875e-02 2.045552e-03 9.991871e-01 1.334189e+01
9.994218e-01 -4.452670e-04 -3.399802e-02 1.925523e+01 5.237875e-04 9.999972e-01 2.300618e-03 -1.089208e+00 3.399699e-02 -2.317099e-03 9.994192e-01 1.384853e+01
9.996440e-01 3.134368e-04 2.667694e-02 1.958436e+01 -2.748694e-04 9.999989e-01 -1.449300e-03 -1.100272e+00 -2.667727e-02 1.441448e-03 9.996430e-01 1.415113e+01
9.997616e-01 -6.102375e-04 -2.182618e-02 1.987875e+01 6.420340e-04 9.999987e-01 1.449723e-03 -1.107855e+00 2.182536e-02 -1.463394e-03 9.997607e-01 1.430940e+01
9.994265e-01 -1.759148e-04 3.385988e-02 2.019410e+01 2.346821e-04 9.999985e-01 -1.731574e-03 -1.117533e+00 -3.385943e-02 1.738524e-03 9.994250e-01 1.462870e+01
9.997142e-01 -4.059419e-04 -2.390115e-02 2.045871e+01 4.420677e-04 9.999988e-01 1.506104e-03 -1.127568e+00 2.390060e-02 -1.516243e-03 9.997131e-01 1.495991e+01
9.996186e-01 1.576693e-04 2.761445e-02 2.093678e+01 -1.241549e-04 9.999993e-01 -1.215289e-03 -1.133491e+00 -2.761453e-02 1.211393e-03 9.996178e-01 1.497594e+01
9.996377e-01 -1.874213e-04 -2.691466e-02 2.154374e+01 2.365873e-04 9.999983e-01 1.823474e-03 -1.137928e+00 2.691437e-02 -1.829185e-03 9.996360e-01 1.489178e+01
9.996115e-01 2.031727e-04 2.787180e-02 2.202014e+01 -1.653885e-04 9.999991e-01 -1.357867e-03 -1.143144e+00 -2.787196e-02 1.352726e-03 9.996105e-01 1.487630e+01
9.996586e-01 -2.298462e-04 -2.612738e-02 2.244894e+01 2.755711e-04 9.999984e-01 1.746400e-03 -1.148608e+00 2.612703e-02 -1.753007e-03 9.996570e-01 1.488563e+01
9.997371e-01 -3.735070e-05 2.292564e-02 2.286551e+01 6.485700e-05 9.999993e-01 -1.198972e-03 -1.156669e+00 -2.292548e-02 1.200140e-03 9.997364e-01 1.499127e+01
9.995888e-01 -5.779225e-04 -2.866930e-02 2.326929e+01 6.324698e-04 9.999980e-01 1.893529e-03 -1.167576e+00 2.866824e-02 -1.910886e-03 9.995871e-01 1.524071e+01
9.998415e-01 -3.610738e-05 1.780008e-02 2.364434e+01 4.829637e-05 9.999998e-01 -6.842279e-04 -1.181125e+00 -1.779996e-02 6.849758e-04 9.998413e-01 1.564990e+01
9.994756e-01 -6.444920e-04 -3.237416e-02 2.398931e+01 7.173670e-04 9.999972e-01 2.239393e-03 -1.196538e+00 3.237272e-02 -2.261446e-03 9.994732e-01 1.617314e+01
9.998948e-01 4.969181e-05 1.450362e-02 2.433237e+01 -4.324761e-05 9.999999e-01 -4.444990e-04 -1.212624e+00 -1.450355e-02 4.438219e-04 9.998946e-01 1.672494e+01
9.994797e-01 -7.553740e-04 -3.224424e-02 2.465451e+01 8.269998e-04 9.999972e-01 2.208009e-03 -1.229194e+00 3.224257e-02 -2.233529e-03 9.994775e-01 1.731284e+01
9.997770e-01 1.867824e-04 2.111430e-02 2.487500e+01 -1.613437e-04 9.999993e-01 -1.206426e-03 -1.243231e+00 -2.111442e-02 1.202747e-03 9.997763e-01 1.776709e+01
9.994920e-01 -5.903228e-04 -3.186478e-02 2.510241e+01 6.630776e-04 9.999972e-01 2.272659e-03 -1.255977e+00 3.186343e-02 -2.292636e-03 9.994895e-01 1.816742e+01
