9.999999e-01 -1.527484e-05 -5.426977e-04 -1.500004e-01 1.529828e-05 1.000000e+00 4.315135e-05 -1.057377e-02 5.426970e-04 -4.315916e-05 9.999998e-01 5.974247e-01
9.999883e-01 1.513472e-04 -4.832180e-03 -1.734048e-01 -1.502395e-04 1.000000e+00 2.295950e-04 -3.203118e-02 4.832214e-03 -2.288658e-04 9.999882e-01 1.476021e+00
9.999935e-01 -1.613637e-04 3.611839e-03 -1.975503e-01 1.617236e-04 1.000000e+00 -9.933299e-05 -5.384888e-02 -3.611823e-03 9.991699e-05 9.999934e-01 2.362659e+00
9.996465e-01 8.523705e-04 -2.657382e-02 -1.537527e-01 -8.246730e-04 9.999991e-01 1.053228e-03 -6.921634e-02 2.657469e-02 -1.030940e-03 9.996462e-01 2.880156e+00
9.999918e-01 6.692713e-05 -4.054979e-03 -1.748235e-01 -6.607025e-05 1.000000e+00 2.114408e-04 -8.385594e-02 4.054987e-03 -2.111705e-04 9.999917e-01 3.466817e+00
9.998412e-01 5.842557e-04 -1.781141e-02 -2.558885e-01 -5.720031e-04 9.999996e-01 6.929892e-04 -9.353160e-02 1.781180e-02 -6.826901e-04 9.998410e-01 3.965761e+00
9.999890e-01 -2.114437e-04 4.682936e-03 -3.644361e-01 2.122355e-04 1.000000e+00 -1.685625e-04 -9.621932e-02 -4.682909e-03 1.695554e-04 9.999889e-01 4.214691e+00
9.999669e-01 2.923952e-04 -8.133228e-03 -4.010951e-01 -2.897084e-04 9.999999e-01 3.315112e-04 -1.128845e-01 8.133314e-03 -3.291431e-04 9.999668e-01 4.915056e+00
9.999467e-01 2.241312e-04 -1.032405e-02 -4.477449e-01 -2.192580e-04 9.999999e-01 4.731558e-04 -1.310548e-01 1.032414e-02 -4.708660e-04 9.999465e-01 5.672255e+00
9.999357e-01 4.244162e-04 -1.132873e-02 -5.009566e-01 -4.199866e-04 9.999998e-01 3.933735e-04 -1.429011e-01 1.132888e-02 -3.885892e-04 9.999357e-01 6.201206e+00
9.999399e-01 -4.489172e-04 1.095498e-02 -5.895992e-01 4.527015e-04 9.999998e-01 -3.429592e-04 -1.573022e-01 -1.095484e-02 3.478990e-04 9.999398e-01 6.879545e+00
9.999391e-01 4.132728e-04 -1.102764e-02 -6.821342e-01 -4.093459e-04 9.999999e-01 3.583434e-04 -1.673085e-01 1.102777e-02 -3.538064e-04 9.999390e-01 7.380132e+00
9.999672e-01 -3.632322e-04 8.086831e-03 -7.241563e-01 3.649888e-04 9.999999e-01 -2.157297e-04 -1.833945e-01 -8.086766e-03 2.186753e-04 9.999672e-01 8.054224e+00
9.997786e-01 7.401726e-04 -2.102794e-02 -7.944781e-01 -7.237258e-04 9.999994e-01 7.897362e-04 -2.035080e-01 2.102850e-02 -7.743418e-04 9.997785e-01 8.942355e+00
9.999989e-01 -1.110680e-04 -1.509297e-03 -8.480844e-01 1.113342e-04 1.000000e+00 1.762662e-04 -2.201138e-01 1.509260e-03 -1.764328e-04 9.999987e-01 9.629608e+00
9.997911e-01 7.816663e-04 -2.042313e-02 -8.555769e-01 -7.685213e-04 9.999995e-01 6.514672e-04 -2.154131e-01 2.042361e-02 -6.356343e-04 9.997911e-01 9.453806e+00
9.999653e-01 6.012771e-05 -8.333336e-03 -8.045714e-01 -5.643094e-05 9.999999e-01 4.438265e-04 -2.132285e-01 8.333340e-03 -4.433395e-04 9.999651e-01 9.258213e+00
9.998230e-01 7.462169e-04 -1.879661e-02 -7.669113e-01 -7.352495e-04 9.999996e-01 5.903768e-04 -2.121402e-01 1.879701e-02 -5.764507e-04 9.998231e-01 9.125247e+00
9.998782e-01 2.711303e-04 -1.560759e-02 -7.417674e-01 -2.595068e-04 9.999997e-01 7.467414e-04 -2.148780e-01 1.560776e-02 -7.425985e-04 9.998778e-01 9.155803e+00
9.997889e-01 8.160025e-04 -2.053174e-02 -7.934811e-01 -8.021701e-04 9.999994e-01 6.819229e-04 -2.164328e-01 2.053226e-02 -6.653073e-04 9.997889e-01 9.270228e+00
9.999984e-01 -2.683351e-04 1.749778e-03 -8.155903e-01 2.682851e-04 1.000000e+00 2.904058e-05 -2.155455e-01 -1.749820e-03 -2.856933e-05 9.999984e-01 9.259773e+00
9.999443e-01 4.951535e-04 -1.054207e-02 -8.229711e-01 -4.921129e-04 9.999998e-01 2.909929e-04 -2.154880e-01 1.054217e-02 -2.857870e-04 9.999443e-01 9.252556e+00
9.999891e-01 -6.470816e-05 -4.674324e-03 -9.047342e-01 6.596765e-05 1.000000e+00 2.692201e-04 -2.098859e-01 4.674271e-03 -2.695236e-04 9.999889e-01 9.126640e+00
9.998949e-01 6.202284e-04 -1.448647e-02 -7.137394e-01 -6.134385e-04 9.999997e-01 4.731210e-04 -2.183539e-01 1.448672e-02 -4.641828e-04 9.998949e-01 9.135048e+00
9.996804e-01 5.892409e-04 -2.527267e-02 -6.029273e-01 -5.618463e-04 9.999992e-01 1.091035e-03 -2.222328e-01 2.527325e-02 -1.076485e-03 9.996799e-01 9.112274e+00
9.999979e-01 1.069986e-04 2.019966e-03 -5.850199e-01 -1.066221e-04 1.000000e+00 -1.862382e-04 -2.352842e-01 -2.020029e-03 1.860245e-04 9.999978e-01 9.563735e+00
9.999554e-01 6.828105e-05 -9.440229e-03 -5.547536e-01 -6.357804e-05 9.999999e-01 4.984362e-04 -2.545881e-01 9.440217e-03 -4.978117e-04 9.999552e-01 1.023025e+01
9.999635e-01 -1.091305e-05 8.546033e-03 -5.127339e-02 1.491547e-05 9.999999e-01 -4.682108e-04 -2.719802e-01 -8.546071e-03 4.683233e-04 9.999633e-01 1.017585e+01
9.999613e-01 1.067953e-05 -8.796216e-03 6.829691e-02 -6.624818e-06 9.999999e-01 4.609343e-04 -2.495630e-01 8.796176e-03 -4.608561e-04 9.999611e-01 9.134470e+00
9.999485e-01 -7.004952e-05 1.014872e-02 -7.234747e-01 7.552436e-05 9.999999e-01 -5.390274e-04 -1.864257e-01 -1.014873e-02 5.397682e-04 9.999483e-01 7.659109e+00
9.999636e-01 7.188120e-06 -8.535893e-03 -1.614733e+00 -3.240856e-06 9.999999e-01 4.623885e-04 -1.102501e-01 8.535852e-03 -4.623419e-04 9.999634e-01 5.813647e+00
9.999520e-01 -5.585711e-05 9.799748e-03 -2.408163e+00 6.097343e-05 9.999999e-01 -5.217360e-04 -3.544597e-02 -9.799761e-03 5.223106e-04 9.999518e-01 3.899957e+00
9.999530e-01 3.654089e-05 -9.697604e-03 -3.123375e+00 -3.165347e-05 9.999999e-01 5.040858e-04 2.846687e-02 9.697578e-03 -5.037531e-04 9.999528e-01 2.294836e+00
9.999555e-01 -5.226034e-05 9.431947e-03 -3.697543e+00 5.709918e-05 9.999999e-01 -5.127034e-04 7.858543e-02 -9.431963e-03 5.132212e-04 9.999553e-01 1.042763e+00
9.999571e-01 3.456978e-05 -9.258830e-03 -4.490439e+00 -2.996827e-05 9.999999e-01 4.970736e-04 1.501384e-01 9.258802e-03 -4.967728e-04 9.999569e-01 -7.613060e-01
9.999552e-01 -5.004487e-05 9.460936e-03 -5.279005e+00 5.484235e-05 9.999999e-01 -5.067699e-04 2.260231e-01 -9.460953e-03 5.072682e-04 9.999550e-01 -2.734037e+00
9.999608e-01 2.373612e-05 -8.848113e-03 -6.186073e+00 -1.944272e-05 9.999999e-01 4.852647e-04 3.122888e-01 8.848079e-03 -4.850716e-04 9.999606e-01 -4.952021e+00
9.999586e-01 -4.587813e-05 9.101049e-03 -7.008981e+00 5.047744e-05 9.999999e-01 -5.050745e-04 3.843208e-01 -9.101069e-03 5.055150e-04 9.999584e-01 -6.735541e+00
9.999531e-01 3.746574e-05 -9.688959e-03 -7.628371e+00 -3.260420e-05 9.999999e-01 5.018691e-04 4.322362e-01 9.688932e-03 -5.015276e-04 9.999528e-01 -7.853713e+00
9.999500e-01 -7.427223e-05 9.997594e-03 -8.267205e+00 7.967404e-05 9.999999e-01 -5.398617e-04 4.806222e-01 -9.997597e-03 5.406333e-04 9.999498e-01 -8.951126e+00
9.999578e-01 3.341466e-05 -9.188671e-03 -9.035843e+00 -2.905326e-05 9.999999e-01 4.747308e-04 5.293791e-01 9.188642e-03 -4.744417e-04 9.999576e-01 -9.893394e+00
9.999360e-01 -1.214364e-04 1.131008e-02 -9.724891e+00 1.280868e-04 9.999998e-01 -5.872426e-04 5.635310e-01 -1.131005e-02 5.886558e-04 9.999358e-01 -1.032960e+01
9.999623e-01 1.770011e-05 -8.686123e-03 -1.028115e+01 -1.377584e-05 9.999999e-01 4.517917e-04 5.827723e-01 8.686087e-03 -4.516530e-04 9.999621e-01 -1.032925e+01
9.999278e-01 -1.591532e-04 1.201491e-02 -1.087383e+01 1.664868e-04 9.999998e-01 -6.093303e-04 6.075015e-01 -1.201486e-02 6.112887e-04 9.999275e-01 -1.050571e+01
9.999456e-01 9.759082e-05 -1.043258e-02 -1.161941e+01 -9.230050e-05 9.999999e-01 5.075329e-04 6.414642e-01 1.043258e-02 -5.065403e-04 9.999454e-01 -1.086113e+01
9.999030e-01 -2.274234e-04 1.392574e-02 -1.209781e+01 2.368053e-04 9.999997e-01 -6.720259e-04 6.585473e-01 -1.392562e-02 6.752605e-04 9.999027e-01 -1.087502e+01
9.998941e-01 2.174254e-04 -1.455362e-02 -1.248956e+01 -2.077070e-04 9.999998e-01 6.692418e-04 6.753318e-01 1.455372e-02 -6.661460e-04 9.998938e-01 -1.102539e+01
9.999732e-01 -3.245663e-05 7.321503e-03 -1.295851e+01 3.550348e-05 9.999999e-01 -4.159535e-04 7.183233e-01 -7.321532e-03 4.162043e-04 9.999730e-01 -1.211558e+01
9.999411e-01 1.177384e-04 -1.085534e-02 -1.354883e+01 -1.120608e-04 9.999999e-01 5.235845e-04 7.666560e-01 1.085536e-02 -5.223351e-04 9.999408e-01 -1.327931e+01
9.999986e-01 2.073023e-04 -1.655484e-03 -1.404350e+01 -2.074181e-04 1.000000e+00 -7.010898e-05 8.041727e-01 1.655424e-03 7.045433e-05 9.999985e-01 -1.413981e+01
9.999656e-01 4.396134e-05 -8.288081e-03 -1.443966e+01 -4.058995e-05 9.999999e-01 4.068819e-04 8.357623e-01 8.288052e-03 -4.065294e-04 9.999655e-01 -1.489268e+01
9.998997e-01 5.793728e-04 -1.414908e-02 -1.463523e+01 -5.727872e-04 9.999997e-01 4.694517e-04 8.530433e-01 1.414930e-02 -4.612980e-04 9.998997e-01 -1.535153e+01
9.998825e-01 2.878806e-04 -1.532796e-02 -1.473638e+01 -2.778216e-04 9.999997e-01 6.583388e-04 8.607637e-01 1.532810e-02 -6.540007e-04 9.998822e-01 -1.554663e+01
9.999044e-01 5.408183e-04 -1.381764e-02 -1.488571e+01 -5.341729e-04 9.999997e-01 4.845770e-04 8.693368e-01 1.381784e-02 -4.771474e-04 9.999043e-01 -1.573288e+01
9.993087e-01 1.004902e-03 -3.716278e-02 -1.493203e+01 -9.480746e-04 9.999984e-01 1.546733e-03 8.696665e-01 3.716422e-02 -1.510429e-03 9.993079e-01 -1.570414e+01
9.999213e-01 5.126904e-04 -1.253107e-02 -1.492056e+01 -5.072287e-04 9.999998e-01 4.389650e-04 8.654890e-01 1.253123e-02 -4.325719e-04 9.999213e-01 -1.558878e+01
9.995508e-01 7.548840e-04 -2.996171e-02 -1.490998e+01 -7.186579e-04 9.999990e-01 1.219799e-03 8.650593e-01 2.996253e-02 -1.197717e-03 9.995502e-01 -1.562643e+01
9.998322e-01 6.838385e-04 -1.830739e-02 -1.493519e+01 -6.713982e-04 9.999995e-01 6.855999e-04 8.644457e-01 1.830778e-02 -6.731906e-04 9.998321e-01 -1.560915e+01
9.993832e-01 9.333510e-04 -3.510560e-02 -1.495458e+01 -8.831596e-04 9.999986e-01 1.445173e-03 8.610575e-01 3.510683e-02 -1.413275e-03 9.993825e-01 -1.548329e+01
9.997495e-01 8.187320e-04 -2.236622e-02 -1.495180e+01 -7.995295e-04 9.999993e-01 8.674181e-04 8.557607e-01 2.236684e-02 -8.493154e-04 9.997494e-01 -1.531653e+01
9.994714e-01 8.464197e-04 -3.249820e-02 -1.492655e+01 -8.037445e-04 9.999988e-01 1.326154e-03 8.498703e-01 3.249920e-02 -1.299330e-03 9.994708e-01 -1.515775e+01
9.996712e-01 9.284602e-04 -2.562436e-02 -1.490256e+01 -9.027754e-04 9.999991e-01 1.013848e-03 8.438641e-01 2.562520e-02 -9.903786e-04 9.996711e-01 -1.499056e+01
9.996072e-01 7.037728e-04 -2.801775e-02 -1.487234e+01 -6.726831e-04 9.999991e-01 1.118994e-03 8.405270e-01 2.801843e-02 -1.099704e-03 9.996067e-01 -1.493169e+01
9.996533e-01 9.374783e-04 -2.631131e-02 -1.488415e+01 -9.099719e-04 9.999990e-01 1.057305e-03 8.370865e-01 2.631218e-02 -1.032992e-03 9.996532e-01 -1.481603e+01
9.995730e-01 7.611782e-04 -2.920790e-02 -1.491871e+01 -7.273812e-04 9.999991e-01 1.167660e-03 8.340548e-01 2.920867e-02 -1.145913e-03 9.995726e-01 -1.467030e+01
9.997343e-01 8.409321e-04 -2.303212e-02 -1.492632e+01 -8.194529e-04 9.999992e-01 9.419056e-04 8.280575e-01 2.303280e-02 -9.227785e-04 9.997342e-01 -1.444559e+01
9.995876e-01 7.389689e-04 -2.870443e-02 -1.488977e+01 -7.069325e-04 9.999991e-01 1.126132e-03 8.214197e-01 2.870515e-02 -1.105372e-03 9.995872e-01 -1.426694e+01
9.997446e-01 8.280447e-04 -2.258134e-02 -1.485736e+01 -8.073627e-04 9.999992e-01 9.248874e-04 8.159275e-01 2.258199e-02 -9.064167e-04 9.997445e-01 -1.412370e+01
9.997802e-01 5.055409e-04 -2.095805e-02 -1.480374e+01 -4.888045e-04 9.999996e-01 8.035641e-04 8.087207e-01 2.095835e-02 -7.931399e-04 9.997800e-01 -1.394209e+01
9.997329e-01 8.247055e-04 -2.309321e-02 -1.477883e+01 -8.028589e-04 9.999992e-01 9.551648e-04 8.020136e-01 2.309388e-02 -9.363660e-04 9.997328e-01 -1.375220e+01
9.997366e-01 5.703625e-04 -2.293960e-02 -1.481627e+01 -5.506664e-04 9.999995e-01 8.648003e-04 8.011765e-01 2.293999e-02 -8.519373e-04 9.997364e-01 -1.368983e+01
9.999191e-01 5.189383e-04 -1.270833e-02 -1.488867e+01 -5.117855e-04 9.999997e-01 5.658733e-04 7.924512e-01 1.270852e-02 -5.593205e-04 9.999190e-01 -1.325111e+01
9.999762e-01 4.449330e-05 -6.895157e-03 -1.493204e+01 -4.274679e-05 1.000000e+00 2.530307e-04 7.779922e-01 6.895068e-03 -2.527268e-04 9.999761e-01 -1.264226e+01
9.998417e-01 6.909231e-04 -1.777863e-02 -1.499899e+01 -6.778173e-04 9.999995e-01 7.430229e-04 7.677377e-01 1.777903e-02 -7.308515e-04 9.998416e-01 -1.216867e+01
9.994005e-01 -1.129461e-03 3.460093e-02 -1.500608e+01 1.173599e-03 9.999985e-01 -1.255260e-03 7.505339e-01 -3.459956e-02 1.295118e-03 9.994004e-01 -1.147516e+01
9.999544e-01 4.898403e-04 -9.537510e-03 -1.501270e+01 -4.853608e-04 9.999998e-01 4.716895e-04 7.311526e-01 9.537639e-03 -4.670357e-04 9.999544e-01 -1.067233e+01
9.994720e-01 -1.086921e-03 3.247163e-02 -1.502584e+01 1.125783e-03 9.999987e-01 -1.178467e-03 7.116792e-01 -3.247040e-02 1.214404e-03 9.994719e-01 -9.859607e+00
9.999983e-01 3.046635e-04 -1.823039e-03 -1.498688e+01 -3.043186e-04 9.999999e-01 1.879979e-04 6.932080e-01 1.822997e-03 -1.874397e-04 9.999983e-01 -9.160513e+00
9.995451e-01 -1.040045e-03 3.013922e-02 -1.496363e+01 1.073318e-03 9.999988e-01 -1.087733e-03 6.743939e-01 -3.013816e-02 1.119591e-03 9.995451e-01 -8.426004e+00
9.999651e-01 4.732750e-04 -8.332663e-03 -1.497184e+01 -4.698093e-04 9.999998e-01 4.175609e-04 6.535204e-01 8.332761e-03 -4.136284e-04 9.999651e-01 -7.568590e+00
9.997406e-01 -8.672327e-04 2.275668e-02 -1.501538e+01 8.863892e-04 9.999993e-01 -8.316075e-04 6.324802e-01 -2.275604e-02 8.515663e-04 9.997406e-01 -6.655918e+00
9.999343e-01 5.595368e-04 -1.144215e-02 -1.504647e+01 -5.536233e-04 9.999997e-01 5.197592e-04 6.117612e-01 1.144234e-02 -5.133872e-04 9.999343e-01 -5.778256e+00
9.997680e-01 -8.268348e-04 2.152328e-02 -1.498771e+01 8.440082e-04 9.999993e-01 -7.887075e-04 5.891272e-01 -2.152271e-02 8.066937e-04 9.997680e-01 -4.979925e+00
9.998929e-01 6.443390e-04 -1.461629e-02 -1.493269e+01 -6.352907e-04 9.999996e-01 6.235189e-04 5.679541e-01 1.461659e-02 -6.141633e-04 9.998929e-01 -4.239557e+00
9.996828e-01 -9.294200e-04 2.516635e-02 -1.494050e+01 9.526623e-04 9.999991e-01 -9.114728e-04 5.480372e-01 -2.516558e-02 9.351621e-04 9.996828e-01 -3.441004e+00
9.997360e-01 8.588501e-04 -2.295725e-02 -1.496847e+01 -8.380545e-04 9.999992e-01 9.153430e-04 5.293963e-01 2.295792e-02 -8.958588e-04 9.997360e-01 -2.670638e+00
9.998919e-01 -6.212646e-04 1.468823e-02 -1.499666e+01 6.295686e-04 9.999996e-01 -5.605589e-04 5.131670e-01 -1.468797e-02 5.697489e-04 9.998919e-01 -2.019425e+00
9.996700e-01 9.293808e-04 -2.567203e-02 -1.505865e+01 -9.032436e-04 9.999991e-01 1.029599e-03 4.962956e-01 2.567287e-02 -1.006068e-03 9.996698e-01 -1.296050e+00
9.999785e-01 2.570787e-05 -6.553402e-03 -1.514733e+01 -2.385894e-05 1.000000e+00 2.818097e-04 4.836110e-01 6.553311e-03 -2.816441e-04 9.999784e-01 -6.929483e-01
9.991655e-01 1.435885e-03 -4.081893e-02 -1.525354e+01 -1.369716e-03 9.999977e-01 1.648900e-03 4.782306e-01 4.082111e-02 -1.591610e-03 9.991651e-01 -3.514434e-01
9.999880e-01 -2.389070e-05 -4.879964e-03 -1.534619e+01 2.486901e-05 1.000000e+00 1.998294e-04 4.748127e-01 4.879860e-03 -1.999451e-04 9.999880e-01 -1.052362e-01
9.996352e-01 9.913132e-04 -2.699060e-02 -1.543785e+01 -9.627529e-04 9.999990e-01 1.071028e-03 4.673071e-01 2.699154e-02 -1.044649e-03 9.996351e-01 2.916163e-01
9.999387e-01 1.690381e-04 -1.106399e-02 -1.555311e+01 -1.641379e-04 9.999999e-01 4.435357e-04 4.619036e-01 1.106397e-02 -4.416894e-04 9.999386e-01 6.375366e-01
9.998504e-01 6.971152e-04 -1.728164e-02 -1.563087e+01 -6.853443e-04 9.999995e-01 6.868608e-04 4.507724e-01 1.728201e-02 -6.749111e-04 9.998504e-01 1.172220e+00
9.999832e-01 -3.681155e-04 5.779770e-03 -1.568825e+01 3.692151e-04 9.999999e-01 -1.886486e-04 4.330177e-01 -5.779800e-03 1.907825e-04 9.999832e-01 1.937463e+00
9.999292e-01 5.418321e-04 -1.188030e-02 -1.576007e+01 -5.362747e-04 9.999997e-01 4.707072e-04 4.148278e-01 1.188046e-02 -4.642997e-04 9.999293e-01 2.751987e+00
9.999258e-01 -5.908678e-04 1.216165e-02 -1.579350e+01 5.961726e-04 9.999997e-01 -4.323054e-04 3.979878e-01 -1.216149e-02 4.395269e-04 9.999259e-01 3.451176e+00
9.999353e-01 5.376060e-04 -1.135715e-02 -1.581370e+01 -5.325489e-04 9.999998e-01 4.480283e-04 3.820560e-01 1.135729e-02 -4.419480e-04 9.999354e-01 4.092542e+00
9.999292e-01 -5.901213e-04 1.187831e-02 -1.587583e+01 5.948148e-04 9.999997e-01 -3.913372e-04 3.625621e-01 -1.187818e-02 3.983781e-04 9.999293e-01 4.955023e+00
9.999365e-01 5.309624e-04 -1.125152e-02 -1.592600e+01 -5.257623e-04 9.999998e-01 4.648472e-04 3.405607e-01 1.125167e-02 -4.588989e-04 9.999365e-01 5.903107e+00
9.999303e-01 -5.933348e-04 1.179016e-02 -1.596921e+01 5.977865e-04 9.999998e-01 -3.737805e-04 3.165968e-01 -1.179003e-02 3.808056e-04 9.999304e-01 6.921196e+00
9.999335e-01 5.433398e-04 -1.151518e-02 -1.605095e+01 -5.378430e-04 9.999997e-01 4.801728e-04 2.921434e-01 1.151533e-02 -4.739444e-04 9.999335e-01 8.025578e+00
9.999243e-01 -6.117307e-04 1.228644e-02 -1.610021e+01 6.166453e-04 9.999997e-01 -3.959548e-04 2.679833e-01 -1.228629e-02 4.035044e-04 9.999244e-01 9.063039e+00
9.999592e-01 4.918443e-04 -9.010272e-03 -1.611456e+01 -4.884640e-04 9.999998e-01 3.770183e-04 2.451911e-01 9.010355e-03 -3.725986e-04 9.999593e-01 9.986364e+00
9.999417e-01 -5.866590e-04 1.077981e-02 -1.617386e+01 5.902627e-04 9.999998e-01 -3.308235e-04 2.214019e-01 -1.077971e-02 3.371703e-04 9.999418e-01 1.102604e+01
9.999512e-01 5.160305e-04 -9.857515e-03 -1.622765e+01 -5.119866e-04 9.999998e-01 4.124317e-04 1.973169e-01 9.857626e-03 -4.073615e-04 9.999513e-01 1.206828e+01
9.999487e-01 -5.738654e-04 1.010723e-02 -1.628840e+01 5.768715e-04 9.999998e-01 -2.941870e-04 1.711040e-01 -1.010716e-02 3.000057e-04 9.999488e-01 1.321031e+01
9.999705e-01 4.589691e-04 -7.655819e-03 -1.633291e+01 -4.565788e-04 9.999998e-01 3.135539e-04 1.472062e-01 7.655862e-03 -3.100460e-04 9.999706e-01 1.422985e+01
9.999399e-01 -5.896750e-04 1.093907e-02 -1.635250e+01 5.930946e-04 9.999998e-01 -3.090673e-04 1.211630e-01 -1.093899e-02 3.155399e-04 9.999401e-01 1.529738e+01
9.999731e-01 4.521892e-04 -7.316187e-03 -1.635781e+01 -4.499264e-04 9.999999e-01 3.105006e-04 9.385906e-02 7.316226e-03 -3.071973e-04 9.999731e-01 1.639305e+01
9.999649e-01 -5.330271e-04 8.361298e-03 -1.633925e+01 5.349027e-04 9.999998e-01 -2.217068e-04 6.730931e-02 -8.361278e-03 2.261747e-04 9.999650e-01 1.741385e+01
9.999751e-01 4.483774e-04 -7.042801e-03 -1.632642e+01 -4.463366e-04 9.999999e-01 2.908931e-04 4.215664e-02 7.042830e-03 -2.877392e-04 9.999751e-01 1.838609e+01
9.999101e-01 -6.477465e-04 1.339200e-02 -1.632760e+01 6.531899e-04 9.999997e-01 -4.018531e-04 1.632798e-02 -1.339183e-02 4.105678e-04 9.999102e-01 1.941567e+01
9.999884e-01 3.942691e-04 -4.794584e-03 -1.634938e+01 -3.933208e-04 9.999999e-01 1.980682e-04 -8.253285e-03 4.794562e-03 -1.961769e-04 9.999884e-01 2.043462e+01
9.999487e-01 -5.686994e-04 1.010930e-02 -1.635754e+01 5.713177e-04 9.999998e-01 -2.557942e-04 -3.566403e-02 -1.010925e-02 2.615600e-04 9.999488e-01 2.154340e+01
9.999594e-01 4.853578e-04 -8.996101e-03 -1.640484e+01 -4.821786e-04 9.999998e-01 3.552073e-04 -6.300147e-02 8.996172e-03 -3.508519e-04 9.999594e-01 2.271119e+01
9.999059e-01 -6.486108e-04 1.369848e-02 -1.643931e+01 6.542922e-04 9.999997e-01 -4.100333e-04 -8.778763e-02 -1.369831e-02 4.189609e-04 9.999060e-01 2.375346e+01
9.999590e-01 4.858236e-04 -9.034754e-03 -1.647130e+01 -4.825944e-04 9.999998e-01 3.592572e-04 -1.132574e-01 9.034827e-03 -3.548790e-04 9.999591e-01 2.481787e+01
9.999402e-01 -5.891794e-04 1.091908e-02 -1.653150e+01 5.923390e-04 9.999998e-01 -2.858424e-04 -1.406811e-01 -1.091901e-02 2.922965e-04 9.999403e-01 2.601235e+01
9.999711e-01 4.554206e-04 -7.581692e-03 -1.659559e+01 -4.533823e-04 9.999999e-01 2.701513e-04 -1.644621e-01 7.581714e-03 -2.667027e-04 9.999712e-01 2.706070e+01
9.998777e-01 -6.985160e-04 1.562301e-02 -1.661705e+01 7.056253e-04 9.999997e-01 -4.493372e-04 -1.894856e-01 -1.562279e-02 4.603096e-04 9.998778e-01 2.809363e+01
9.999871e-01 4.026286e-04 -5.061816e-03 -1.660399e+01 -4.017069e-04 9.999999e-01 1.824790e-04 -2.152539e-01 5.061789e-03 -1.804399e-04 9.999871e-01 2.910363e+01
9.999791e-01 -4.953447e-04 6.440115e-03 -1.663239e+01 4.960218e-04 9.999999e-01 -1.030424e-04 -2.414870e-01 -6.440162e-03 1.062381e-04 9.999792e-01 3.019317e+01
9.999854e-01 4.115168e-04 -5.373559e-03 -1.666560e+01 -4.105204e-04 9.999999e-01 1.859570e-04 -2.668887e-01 5.373535e-03 -1.837449e-04 9.999855e-01 3.125532e+01
9.999733e-01 -5.157053e-04 7.286704e-03 -1.670959e+01 5.166819e-04 9.999999e-01 -1.317017e-04 -2.926335e-01 -7.286735e-03 1.354665e-04 9.999734e-01 3.235198e+01
9.999864e-01 4.088259e-04 -5.191446e-03 -1.670429e+01 -4.077987e-04 9.999999e-01 1.983185e-04 -3.208500e-01 5.191427e-03 -1.961953e-04 9.999865e-01 3.346756e+01
9.999816e-01 -4.899335e-04 6.038400e-03 -1.671819e+01 4.905078e-04 9.999999e-01 -9.310290e-05 -3.480210e-01 -6.038453e-03 9.606654e-05 9.999817e-01 3.457052e+01
9.999961e-01 3.540741e-04 -2.746842e-03 -1.674216e+01 -3.538564e-04 9.999999e-01 7.859745e-05 -3.719479e-01 2.746770e-03 -7.762171e-05 9.999962e-01 3.555729e+01
9.999431e-01 -5.931879e-04 1.064910e-02 -1.672525e+01 5.959913e-04 9.999998e-01 -2.597810e-04 -3.964910e-01 -1.064905e-02 2.661165e-04 9.999432e-01 3.650465e+01
9.999753e-01 4.553483e-04 -7.000561e-03 -1.670835e+01 -4.536117e-04 9.999999e-01 2.492006e-04 -4.226748e-01 7.000574e-03 -2.460154e-04 9.999754e-01 3.751623e+01
9.999691e-01 -5.324976e-04 7.833926e-03 -1.667097e+01 5.336675e-04 9.999998e-01 -1.468409e-04 -4.502802e-01 -7.833946e-03 1.510206e-04 9.999692e-01 3.855007e+01
9.999986e-01 2.655424e-04 1.652022e-03 -1.656551e+01 -2.654038e-04 1.000000e+00 -8.221309e-05 -4.780441e-01 -1.652143e-03 8.177802e-05 9.999986e-01 3.948172e+01
9.998985e-01 -6.915765e-04 1.422495e-02 -1.648337e+01 6.966168e-04 9.999997e-01 -3.491525e-04 -5.064014e-01 -1.422481e-02 3.590300e-04 9.998987e-01 4.048588e+01
9.999867e-01 1.757020e-04 5.152514e-03 -1.641215e+01 -1.745844e-04 1.000000e+00 -2.167573e-04 -5.329605e-01 -5.152651e-03 2.158584e-04 9.999866e-01 4.143846e+01
9.999727e-01 -5.267739e-04 7.365764e-03 -1.637360e+01 5.276108e-04 9.999999e-01 -1.112682e-04 -5.590371e-01 -7.365803e-03 1.151550e-04 9.999728e-01 4.242209e+01
9.999846e-01 1.591627e-04 5.545545e-03 -1.637604e+01 -1.577821e-04 1.000000e+00 -2.488306e-04 -5.828212e-01 -5.545683e-03 2.479553e-04 9.999845e-01 4.337810e+01
9.999846e-01 -4.766693e-04 5.518083e-03 -1.637635e+01 4.768084e-04 9.999999e-01 -2.335873e-05 -6.099539e-01 -5.518170e-03 2.599307e-05 9.999847e-01 4.446794e+01
9.999967e-01 2.346556e-04 2.524469e-03 -1.635579e+01 -2.342983e-04 1.000000e+00 -1.406376e-04 -6.381735e-01 -2.524600e-03 1.400493e-04 9.999967e-01 4.556520e+01
9.999777e-01 -4.909282e-04 6.650249e-03 -1.626710e+01 4.912657e-04 9.999999e-01 -4.867327e-05 -6.686796e-01 -6.650322e-03 5.194289e-05 9.999778e-01 4.664545e+01
9.999995e-01 3.148819e-04 -8.553238e-04 -1.617845e+01 -3.148978e-04 1.000000e+00 -2.202663e-05 -6.985386e-01 8.552191e-04 2.229960e-05 9.999996e-01 4.769455e+01
9.999834e-01 -4.848470e-04 5.741577e-03 -1.616104e+01 4.849716e-04 9.999999e-01 -1.978843e-05 -7.264591e-01 -5.741664e-03 2.257629e-05 9.999835e-01 4.877983e+01
9.999997e-01 2.761813e-04 6.747605e-04 -1.616522e+01 -2.761099e-04 1.000000e+00 -1.015499e-04 -7.520699e-01 -6.748860e-04 1.013672e-04 9.999997e-01 4.980817e+01
9.999828e-01 -4.855688e-04 5.839210e-03 -1.617265e+01 4.857130e-04 9.999999e-01 -2.277039e-05 -7.774631e-01 -5.839295e-03 2.560989e-05 9.999829e-01 5.083372e+01
9.999912e-01 1.888821e-04 4.177616e-03 -1.620609e+01 -1.880072e-04 1.000000e+00 -2.091029e-04 -8.055610e-01 -4.177753e-03 2.083193e-04 9.999912e-01 5.202095e+01
9.999981e-01 -3.913881e-04 1.914610e-03 -1.625351e+01 3.911252e-04 9.999999e-01 1.392018e-04 -8.351970e-01 -1.914762e-03 -1.384489e-04 9.999981e-01 5.329108e+01
9.999973e-01 2.286162e-04 2.301648e-03 -1.631470e+01 -2.282377e-04 1.000000e+00 -1.634368e-04 -8.624244e-01 -2.301782e-03 1.629147e-04 9.999973e-01 5.448148e+01
9.999994e-01 -3.626048e-04 9.544865e-04 -1.636839e+01 3.624277e-04 9.999999e-01 1.887546e-04 -8.904232e-01 -9.546517e-04 -1.884048e-04 9.999995e-01 5.569124e+01
9.999994e-01 2.562112e-04 1.058984e-03 -1.643565e+01 -2.560829e-04 1.000000e+00 -1.185425e-04 -9.183551e-01 -1.059111e-03 1.182750e-04 9.999994e-01 5.691958e+01
9.999992e-01 -3.677259e-04 1.146029e-03 -1.647434e+01 3.675207e-04 9.999999e-01 1.817956e-04 -9.464933e-01 -1.146193e-03 -1.813705e-04 9.999993e-01 5.810741e+01
9.999995e-01 2.637337e-04 9.068531e-04 -1.650965e+01 -2.636132e-04 1.000000e+00 -1.298049e-04 -9.725240e-01 -9.069839e-04 1.295696e-04 9.999995e-01 5.920378e+01
9.999993e-01 -3.614088e-04 1.051689e-03 -1.659135e+01 3.612256e-04 9.999999e-01 1.771295e-04 -9.972876e-01 -1.051850e-03 -1.767457e-04 9.999994e-01 6.032570e+01
9.999998e-01 2.690760e-04 5.901417e-04 -1.668487e+01 -2.690087e-04 1.000000e+00 -1.091846e-04 -1.023277e+00 -5.902676e-04 1.090296e-04 9.999998e-01 6.151772e+01
9.999986e-01 -3.741269e-04 1.586180e-03 -1.677861e+01 3.739182e-04 9.999999e-01 1.337637e-04 -1.046656e+00 -1.586326e-03 -1.331666e-04 9.999987e-01 6.260077e+01
9.999996e-01 2.673525e-04 8.043129e-04 -1.686792e+01 -2.672475e-04 1.000000e+00 -1.270696e-04 -1.069092e+00 -8.044432e-04 1.268584e-04 9.999996e-01 6.363625e+01
9.999980e-01 -3.801112e-04 1.951816e-03 -1.705984e+01 3.799782e-04 9.999999e-01 6.999747e-05 -1.081010e+00 -1.951939e-03 -6.925184e-05 9.999980e-01 6.436654e+01
9.999998e-01 3.089780e-04 -3.693508e-04 -1.745436e+01 -3.090225e-04 9.999999e-01 -1.283969e-04 -1.078121e+00 3.692149e-04 1.285149e-04 9.999999e-01 6.477031e+01
9.999886e-01 -4.657971e-04 4.749085e-03 -1.760721e+01 4.656305e-04 9.999999e-01 3.681521e-05 -1.094464e+00 -4.749198e-03 -3.459962e-05 9.999887e-01 6.564065e+01
9.999982e-01 3.478566e-04 -1.868086e-03 -1.781278e+01 -3.480453e-04 9.999999e-01 -1.022187e-04 -1.104372e+00 1.867954e-03 1.028725e-04 9.999982e-01 6.630270e+01
9.999931e-01 -4.295176e-04 3.673949e-03 -1.797838e+01 4.292471e-04 9.999999e-01 7.521729e-05 -1.115284e+00 -3.674077e-03 -7.363588e-05 9.999932e-01 6.694355e+01
9.999988e-01 3.480906e-04 -1.488389e-03 -1.845979e+01 -3.483278e-04 9.999999e-01 -1.610788e-04 -1.108122e+00 1.488236e-03 1.616009e-04 9.999988e-01 6.728701e+01
9.999960e-01 -4.165002e-04 2.802307e-03 -1.868019e+01 4.161470e-04 9.999999e-01 1.276571e-04 -1.115030e+00 -2.802456e-03 -1.264866e-04 9.999960e-01 6.783978e+01
9.999997e-01 3.236086e-04 -7.080610e-04 -1.881722e+01 -3.237245e-04 9.999999e-01 -1.676394e-04 -1.128050e+00 7.079109e-04 1.678724e-04 9.999997e-01 6.853575e+01
9.999930e-01 -4.396438e-04 3.704828e-03 -1.895304e+01 4.392331e-04 9.999999e-01 1.124616e-04 -1.143790e+00 -3.704973e-03 -1.108297e-04 9.999931e-01 6.934978e+01
9.999959e-01 3.864825e-04 -2.835666e-03 -1.916591e+01 -3.868156e-04 9.999999e-01 -1.179447e-04 -1.152581e+00 2.835524e-03 1.190450e-04 9.999959e-01 6.996922e+01
9.999929e-01 -4.529665e-04 3.723906e-03 -1.956700e+01 4.527292e-04 9.999999e-01 6.534977e-05 -1.137175e+00 -3.724031e-03 -6.365950e-05 9.999930e-01 6.989170e+01
9.999938e-01 2.111305e-04 3.497653e-03 -1.977995e+01 -2.100746e-04 9.999999e-01 -3.014197e-04 -1.142478e+00 -3.497812e-03 3.006870e-04 9.999938e-01 7.039153e+01
9.999844e-01 -4.915382e-04 5.557984e-03 -1.987982e+01 4.913321e-04 9.999999e-01 3.896368e-05 -1.159259e+00 -5.558098e-03 -3.622835e-05 9.999845e-01 7.120710e+01
9.999939e-01 2.163032e-04 3.470079e-03 -1.995254e+01 -2.153093e-04 9.999999e-01 -2.859528e-04 -1.179815e+00 -3.470236e-03 2.852078e-04 9.999939e-01 7.214020e+01
9.999624e-01 -5.798740e-04 8.648811e-03 -2.002687e+01 5.804131e-04 9.999998e-01 -5.948890e-05 -1.200019e+00 -8.648870e-03 6.451047e-05 9.999625e-01 7.307019e+01
9.999743e-01 1.316670e-04 7.164849e-03 -2.005756e+01 -1.286434e-04 9.999999e-01 -4.220660e-04 -1.220527e+00 -7.164998e-03 4.211374e-04 9.999742e-01 7.394381e+01
9.999836e-01 -5.150280e-04 5.697194e-03 -2.009039e+01 5.148218e-04 9.999999e-01 3.813865e-05 -1.238674e+00 -5.697307e-03 -3.520104e-05 9.999837e-01 7.472597e+01
9.999743e-01 1.254554e-04 7.159184e-03 -2.025671e+01 -1.221348e-04 9.999999e-01 -4.638738e-04 -1.245162e+00 -7.159335e-03 4.629915e-04 9.999742e-01 7.521987e+01
9.999873e-01 -4.863392e-04 5.000112e-03 -2.031763e+01 4.858671e-04 9.999999e-01 9.618617e-05 -1.261676e+00 -5.000251e-03 -9.375160e-05 9.999874e-01 7.597534e+01
9.999918e-01 2.039719e-04 4.047678e-03 -2.045677e+01 -2.024811e-04 9.999999e-01 -3.680702e-04 -1.276003e+00 -4.047845e-03 3.672515e-04 9.999917e-01 7.674760e+01
9.999955e-01 -4.213596e-04 2.945519e-03 -2.053603e+01 4.207431e-04 9.999999e-01 2.108097e-04 -1.299110e+00 -2.945700e-03 -2.095655e-04 9.999956e-01 7.780033e+01
9.999976e-01 2.436506e-04 2.159315e-03 -2.061393e+01 -2.429988e-04 9.999999e-01 -3.009054e-04 -1.322419e+00 -2.159480e-03 3.003839e-04 9.999976e-01 7.885505e+01
9.999706e-01 -5.469167e-04 7.642876e-03 -2.069112e+01 5.467142e-04 9.999999e-01 2.893195e-05 -1.342152e+00 -7.642982e-03 -2.474864e-05 9.999707e-01 7.976539e+01
9.999442e-01 3.330850e-05 1.055747e-02 -2.078162e+01 -2.690270e-05 9.999998e-01 -6.066482e-04 -1.358557e+00 -1.055757e-02 6.063343e-04 9.999440e-01 8.056460e+01
9.999195e-01 -6.669768e-04 1.266540e-02 -2.086467e+01 6.687739e-04 9.999998e-01 -1.374530e-04 -1.373812e+00 -1.266539e-02 1.459162e-04 9.999197e-01 8.131158e+01
9.999581e-01 6.731082e-05 9.147554e-03 -2.091789e+01 -6.221299e-05 9.999998e-01 -5.572993e-04 -1.391618e+00 -9.147679e-03 5.567109e-04 9.999579e-01 8.211688e+01
9.999625e-01 -5.582209e-04 8.642276e-03 -2.098236e+01 5.580740e-04 9.999998e-01 1.968618e-05 -1.412389e+00 -8.642374e-03 -1.485840e-05 9.999626e-01 8.305697e+01
9.999681e-01 8.150800e-05 7.977836e-03 -2.116994e+01 -7.712759e-05 9.999998e-01 -5.490782e-04 -1.424201e+00 -7.977967e-03 5.484494e-04 9.999680e-01 8.380500e+01
9.999257e-01 -6.424728e-04 1.217118e-02 -2.130653e+01 6.437868e-04 9.999998e-01 -1.038545e-04 -1.435222e+00 -1.217120e-02 1.116864e-04 9.999258e-01 8.444880e+01
9.999955e-01 2.062864e-04 2.989228e-03 -2.143241e+01 -2.051894e-04 9.999999e-01 -3.665304e-04 -1.450607e+00 -2.989388e-03 3.659194e-04 9.999954e-01 8.525319e+01
9.998759e-01 -7.208716e-04 1.573881e-02 -2.156758e+01 7.246051e-04 9.999997e-01 -2.313712e-04 -1.462724e+00 -1.573872e-02 2.427509e-04 9.998760e-01 8.593537e+01
9.999924e-01 1.719934e-04 3.894526e-03 -2.170986e+01 -1.704020e-04 9.999999e-01 -4.083966e-04 -1.472383e+00 -3.894679e-03 4.077338e-04 9.999923e-01 8.652561e+01
9.999363e-01 -6.073293e-04 1.127297e-02 -2.190132e+01 6.082575e-04 9.999998e-01 -7.871626e-05 -1.481776e+00 -1.127300e-02 8.557211e-05 9.999364e-01 8.717433e+01
9.999957e-01 1.866061e-04 2.931791e-03 -2.199738e+01 -1.855330e-04 9.999999e-01 -3.655513e-04 -1.495523e+00 -2.931941e-03 3.650098e-04 9.999956e-01 8.786628e+01
9.999068e-01 -6.682385e-04 1.363803e-02 -2.219030e+01 6.707482e-04 9.999998e-01 -1.793034e-04 -1.499563e+00 -1.363798e-02 1.884383e-04 9.999069e-01 8.830323e+01
9.999836e-01 1.000802e-04 5.715651e-03 -2.246706e+01 -9.735749e-05 9.999999e-01 -4.762833e-04 -1.495398e+00 -5.715777e-03 4.757230e-04 9.999835e-01 8.854065e+01
9.998920e-01 -6.779761e-04 1.467837e-02 -2.274882e+01 6.811706e-04 9.999997e-01 -2.124994e-04 -1.492005e+00 -1.467830e-02 2.224789e-04 9.998922e-01 8.880966e+01
9.999791e-01 8.163182e-05 6.455276e-03 -2.296365e+01 -7.842145e-05 9.999999e-01 -4.972819e-04 -1.494043e+00 -6.455393e-03 4.967692e-04 9.999790e-01 8.920416e+01
9.999599e-01 -5.297952e-04 8.940330e-03 -2.324444e+01 5.300356e-04 9.999999e-01 -2.432279e-05 -1.490039e+00 -8.940392e-03 2.906445e-05 9.999600e-01 8.943209e+01
9.999754e-01 7.481726e-05 7.015857e-03 -2.353141e+01 -7.113605e-05 9.999999e-01 -5.246871e-04 -1.487506e+00 -7.015970e-03 5.241790e-04 9.999752e-01 8.972365e+01
9.999519e-01 -5.678243e-04 9.794018e-03 -2.392961e+01 5.684701e-04 9.999998e-01 -6.297936e-05 -1.474165e+00 -9.794055e-03 6.854784e-05 9.999520e-01 8.974931e+01
9.999537e-01 1.749600e-05 9.618259e-03 -2.431124e+01 -1.152431e-05 9.999998e-01 -6.207458e-04 -1.458559e+00 -9.618340e-03 6.206101e-04 9.999535e-01 8.965740e+01
9.999177e-01 -6.270223e-04 1.281356e-02 -2.456125e+01 6.291379e-04 9.999998e-01 -1.609425e-04 -1.446320e+00 -1.281352e-02 1.689947e-04 9.999178e-01 8.951839e+01
9.999633e-01 5.716887e-05 8.568581e-03 -2.466733e+01 -5.214743e-05 9.999998e-01 -5.860649e-04 -1.435492e+00 -8.568682e-03 5.856004e-04 9.999630e-01 8.922796e+01
9.999128e-01 -6.459390e-04 1.318580e-02 -2.497245e+01 6.482494e-04 9.999998e-01 -1.708291e-04 -1.422691e+00 -1.318575e-02 1.793657e-04 9.999130e-01 8.914014e+01
9.999425e-01 -4.080741e-06 1.071924e-02 -2.524614e+01 1.117777e-05 9.999998e-01 -6.618851e-04 -1.416090e+00 -1.071930e-02 6.619706e-04 9.999422e-01 8.926384e+01
9.998165e-01 -7.862636e-04 1.914184e-02 -2.542378e+01 7.934009e-04 9.999996e-01 -3.651986e-04 -1.409318e+00 -1.914161e-02 3.803225e-04 9.998166e-01 8.925647e+01
9.999490e-01 3.083152e-05 1.009806e-02 -2.548130e+01 -2.427375e-05 9.999998e-01 -6.493998e-04 -1.400694e+00 -1.009814e-02 6.491252e-04 9.999487e-01 8.899823e+01
9.997460e-01 -8.500079e-04 2.252093e-02 -2.541876e+01 8.606736e-04 9.999995e-01 -4.638443e-04 -1.395762e+00 -2.252058e-02 4.831133e-04 9.997462e-01 8.873195e+01
9.999816e-01 1.088894e-04 6.055658e-03 -2.548791e+01 -1.057130e-04 9.999999e-01 -5.246619e-04 -1.386346e+00 -6.055771e-03 5.240157e-04 9.999814e-01 8.846119e+01
9.996099e-01 -9.772601e-04 2.791334e-02 -2.555842e+01 9.953686e-04 9.999993e-01 -6.348127e-04 -1.378764e+00 -2.791276e-02 6.623526e-04 9.996101e-01 8.827305e+01
9.999670e-01 5.142081e-05 8.120114e-03 -2.562309e+01 -4.648726e-05 9.999998e-01 -6.076384e-04 -1.373475e+00 -8.120195e-03 6.072443e-04 9.999668e-01 8.817271e+01
9.995763e-01 -9.965422e-04 2.909009e-02 -2.569289e+01 1.016155e-03 9.999993e-01 -6.593976e-04 -1.366038e+00 -2.908946e-02 6.886816e-04 9.995765e-01 8.799172e+01
9.999971e-01 1.758137e-04 2.414428e-03 -2.577373e+01 -1.748040e-04 9.999999e-01 -4.180884e-04 -1.356399e+00 -2.414546e-03 4.176684e-04 9.999969e-01 8.773482e+01
9.996814e-01 -8.929076e-04 2.522354e-02 -2.580848e+01 9.062626e-04 9.999995e-01 -5.180069e-04 -1.346081e+00 -2.522310e-02 5.407043e-04 9.996816e-01 8.738029e+01
9.999991e-01 2.289918e-04 1.323202e-03 -2.558392e+01 -2.284714e-04 9.999999e-01 -3.929151e-04 -1.346194e+00 -1.323332e-03 3.926155e-04 9.999990e-01 8.710184e+01
9.996168e-01 -9.711839e-04 2.766229e-02 -2.556891e+01 9.879808e-04 9.999993e-01 -5.935256e-04 -1.339796e+00 -2.766173e-02 6.206311e-04 9.996171e-01 8.683989e+01
9.999999e-01 2.438011e-04 -2.387239e-04 -2.560080e+01 -2.438833e-04 9.999999e-01 -3.467379e-04 -1.333493e+00 2.386048e-04 3.467991e-04 9.999998e-01 8.664143e+01
9.996479e-01 -9.173393e-04 2.651725e-02 -2.547227e+01 9.323056e-04 9.999994e-01 -5.520207e-04 -1.337209e+00 -2.651676e-02 5.765514e-04 9.996481e-01 8.661633e+01
9.999992e-01 2.057974e-04 1.206924e-03 -2.531591e+01 -2.053138e-04 9.999999e-01 -4.004595e-04 -1.337003e+00 -1.207036e-03 4.002143e-04 9.999991e-01 8.640574e+01
9.997036e-01 -8.739329e-04 2.433075e-02 -2.525746e+01 8.856746e-04 9.999995e-01 -4.717984e-04 -1.336485e+00 -2.433035e-02 4.932105e-04 9.997038e-01 8.630541e+01
9.999993e-01 2.713420e-04 -1.156547e-03 -2.508254e+01 -2.717176e-04 9.999999e-01 -3.249332e-04 -1.337572e+00 1.156434e-03 3.252500e-04 9.999992e-01 8.611255e+01
9.996466e-01 -9.117152e-04 2.656754e-02 -2.488275e+01 9.264310e-04 9.999994e-01 -5.415840e-04 -1.338963e+00 -2.656705e-02 5.660083e-04 9.996468e-01 8.590455e+01
9.999962e-01 2.779214e-04 -2.732394e-03 -2.479451e+01 -2.786673e-04 9.999999e-01 -2.726892e-04 -1.335919e+00 2.732298e-03 2.734522e-04 9.999961e-01 8.566251e+01
9.996358e-01 -8.968257e-04 2.697140e-02 -2.463980e+01 9.120382e-04 9.999994e-01 -5.517137e-04 -1.335225e+00 -2.697091e-02 5.761142e-04 9.996360e-01 8.542769e+01
9.999960e-01 2.677884e-04 -2.833025e-03 -2.457112e+01 -2.685812e-04 9.999999e-01 -2.795291e-04 -1.333345e+00 2.832935e-03 2.802913e-04 9.999958e-01 8.525916e+01
9.995072e-01 -1.019536e-03 3.137452e-02 -2.469705e+01 1.041719e-03 9.999992e-01 -6.906879e-04 -1.328404e+00 -3.137380e-02 7.230333e-04 9.995074e-01 8.524111e+01
9.999008e-01 5.628927e-04 -1.407630e-02 -2.458716e+01 -5.613499e-04 9.999998e-01 1.135450e-04 -1.336686e+00 1.407635e-02 -1.056298e-04 9.999008e-01 8.540258e+01
9.995001e-01 -1.015906e-03 3.159804e-02 -2.437427e+01 1.038479e-03 9.999992e-01 -6.979974e-04 -1.343742e+00 -3.159732e-02 7.304646e-04 9.995003e-01 8.537513e+01
9.998779e-01 6.100152e-04 -1.561243e-02 -2.414473e+01 -6.076570e-04 9.999998e-01 1.557875e-04 -1.344995e+00 1.561251e-02 -1.462793e-04 9.998780e-01 8.510746e+01
9.996432e-01 -8.908951e-04 2.669642e-02 -2.390132e+01 9.053264e-04 9.999995e-01 -5.284826e-04 -1.352764e+00 -2.669594e-02 5.524652e-04 9.996433e-01 8.506106e+01
9.999445e-01 4.679033e-04 -1.052655e-02 -2.368768e+01 -4.680670e-04 9.999999e-01 -1.309465e-05 -1.364216e+00 1.052654e-02 1.802313e-05 9.999445e-01 8.520371e+01
9.995573e-01 -9.693486e-04 2.973681e-02 -2.358641e+01 9.885089e-04 9.999993e-01 -6.296351e-04 -1.370423e+00 -2.973618e-02 6.587535e-04 9.995575e-01 8.529441e+01
9.999789e-01 3.698292e-04 -6.480258e-03 -2.345422e+01 -3.709118e-04 9.999999e-01 -1.658658e-04 -1.374661e+00 6.480196e-03 1.682679e-04 9.999789e-01 8.526866e+01
9.997266e-01 -7.963870e-04 2.336992e-02 -2.322330e+01 8.063527e-04 9.999996e-01 -4.170112e-04 -1.381675e+00 -2.336958e-02 4.357434e-04 9.997267e-01 8.521609e+01
9.997969e-01 7.407650e-04 -2.014026e-02 -2.283155e+01 -7.347473e-04 9.999997e-01 3.061907e-04 -1.394864e+00 2.014048e-02 -2.913287e-04 9.997970e-01 8.516305e+01
9.997235e-01 -7.993168e-04 2.350256e-02 -2.244988e+01 8.093487e-04 9.999996e-01 -4.173336e-04 -1.406190e+00 -2.350221e-02 4.362418e-04 9.997236e-01 8.505906e+01
9.993723e-01 1.199073e-03 -3.540518e-02 -2.203115e+01 -1.167853e-03 9.999989e-01 9.024446e-04 -1.420537e+00 3.540623e-02 -8.605282e-04 9.993725e-01 8.500274e+01
9.999089e-01 -5.230985e-04 1.348721e-02 -2.159214e+01 5.234516e-04 9.999999e-01 -2.264896e-05 -1.437197e+00 -1.348720e-02 2.970877e-05 9.999089e-01 8.500224e+01
9.995099e-01 1.095598e-03 -3.128473e-02 -2.106164e+01 -1.073006e-03 9.999992e-01 7.389383e-04 -1.457672e+00 3.128551e-02 -7.050054e-04 9.995101e-01 8.501887e+01
9.999270e-01 -4.970186e-04 1.207445e-02 -2.054398e+01 4.966516e-04 9.999999e-01 3.340136e-05 -1.476777e+00 -1.207447e-02 -2.740001e-05 9.999270e-01 8.500265e+01
9.992807e-01 1.304504e-03 -3.790076e-02 -2.013553e+01 -1.267058e-03 9.999987e-01 1.012003e-03 -1.493308e+00 3.790202e-02 -9.632508e-04 9.992809e-01 8.504289e+01
9.998776e-01 -6.043340e-04 1.563623e-02 -1.970618e+01 6.062239e-04 9.999998e-01 -1.161183e-04 -1.510878e+00 -1.563617e-02 1.255854e-04 9.998776e-01 8.509312e+01
9.995156e-01 1.089336e-03 -3.110326e-02 -1.921898e+01 -1.066844e-03 9.999992e-01 7.397105e-04 -1.529538e+00 3.110403e-02 -7.061675e-04 9.995158e-01 8.509842e+01
9.999634e-01 -3.899842e-04 8.546195e-03 -1.881690e+01 3.886116e-04 9.999999e-01 1.622839e-04 -1.546935e+00 -8.546272e-03 -1.589544e-04 9.999634e-01 8.518020e+01
9.999067e-01 5.623299e-04 -1.364780e-02 -1.841747e+01 -5.618819e-04 9.999998e-01 3.665112e-05 -1.568243e+00 1.364780e-02 -2.897681e-05 9.999068e-01 8.539931e+01
9.999348e-01 -4.973418e-04 1.140426e-02 -1.807911e+01 4.964913e-04 9.999999e-01 7.742976e-05 -1.590841e+00 -1.140431e-02 -7.176014e-05 9.999349e-01 8.576003e+01
9.998232e-01 7.069441e-04 -1.878986e-02 -1.771067e+01 -7.028637e-04 9.999997e-01 2.237552e-04 -1.612965e+00 1.879000e-02 -2.105064e-04 9.998233e-01 8.604486e+01
9.999985e-01 -2.291653e-04 1.722425e-03 -1.754559e+01 2.283715e-04 9.999999e-01 4.611516e-04 -1.630179e+00 -1.722548e-03 -4.607550e-04 9.999983e-01 8.644029e+01
9.996737e-01 9.479689e-04 -2.552754e-02 -1.741803e+01 -9.355553e-04 9.999994e-01 4.982151e-04 -1.644007e+00 2.552798e-02 -4.741675e-04 9.996739e-01 8.676749e+01
9.999607e-01 -4.645748e-04 8.852632e-03 -1.721509e+01 4.631133e-04 9.999999e-01 1.671784e-04 -1.661116e+00 -8.852729e-03 -1.630694e-04 9.999607e-01 8.710891e+01
9.995528e-01 1.086908e-03 -2.988174e-02 -1.717936e+01 -1.066384e-03 9.999992e-01 7.027551e-04 -1.674645e+00 2.988246e-02 -6.705727e-04 9.995531e-01 8.755296e+01
9.999472e-01 -5.154001e-04 1.026211e-02 -1.706001e+01 5.143791e-04 9.999999e-01 1.021709e-04 -1.691000e+00 -1.026219e-02 -9.688403e-05 9.999472e-01 8.798834e+01
9.993845e-01 1.274777e-03 -3.505605e-02 -1.682311e+01 -1.243364e-03 9.999988e-01 9.178691e-04 -1.706247e+00 3.505715e-02 -8.737138e-04 9.993848e-01 8.821813e+01
