9.994539e-01 -8.539404e-04 3.303365e-02 3.180707e-02 8.903499e-04 9.999990e-01 -1.087499e-03 -1.530607e-02 -3.303269e-02 1.116317e-03 9.994535e-01 5.834271e-01
9.999995e-01 2.695450e-05 -1.011748e-03 5.946736e-02 -2.692096e-05 1.000000e+00 3.316040e-05 -3.048893e-02 1.011756e-03 -3.313289e-05 9.999994e-01 1.169768e+00
9.993929e-01 -8.998635e-04 3.482737e-02 9.915381e-02 9.405551e-04 9.999989e-01 -1.152015e-03 -4.541567e-02 -3.482629e-02 1.184072e-03 9.993926e-01 1.727041e+00
9.999984e-01 -4.372480e-05 1.779702e-03 1.477452e-01 4.380948e-05 1.000000e+00 -4.753249e-05 -6.312134e-02 -1.779686e-03 4.761040e-05 9.999983e-01 2.391316e+00
9.993033e-01 -9.561928e-04 3.730886e-02 2.055699e-01 1.002899e-03 9.999987e-01 -1.233189e-03 -8.065636e-02 -3.730762e-02 1.269747e-03 9.993029e-01 3.038972e+00
9.999810e-01 -1.503416e-04 6.157114e-03 2.687688e-01 1.515532e-04 1.000000e+00 -1.963123e-04 -9.892342e-02 -6.157062e-03 1.972415e-04 9.999809e-01 3.718944e+00
9.991280e-01 -1.067244e-03 4.173816e-02 3.155664e-01 1.126108e-03 9.999984e-01 -1.386833e-03 -1.130331e-01 -4.173658e-02 1.432625e-03 9.991275e-01 4.256438e+00
9.999890e-01 -1.086100e-04 4.680913e-03 3.739805e-01 1.092702e-04 1.000000e+00 -1.407680e-04 -1.297984e-01 -4.680867e-03 1.412773e-04 9.999889e-01 4.884451e+00
9.991929e-01 -1.035112e-03 4.015614e-02 4.329734e-01 1.089633e-03 9.999985e-01 -1.335856e-03 -1.462900e-01 -4.015467e-02 1.378533e-03 9.991924e-01 5.496614e+00
9.999847e-01 -1.263732e-04 5.529875e-03 4.994399e-01 1.273096e-04 1.000000e+00 -1.689465e-04 -1.634484e-01 -5.529814e-03 1.696470e-04 9.999846e-01 6.124937e+00
9.990921e-01 -1.094429e-03 4.258727e-02 5.732869e-01 1.155676e-03 9.999983e-01 -1.413551e-03 -1.817803e-01 -4.258561e-02 1.461484e-03 9.990917e-01 6.799104e+00
9.999632e-01 2.350516e-04 -8.574757e-03 6.152029e-01 -2.323652e-04 9.999999e-01 3.142514e-04 -2.001411e-01 8.574877e-03 -3.122486e-04 9.999631e-01 7.496738e+00
9.988784e-01 -1.204317e-03 4.733440e-02 6.647452e-01 1.279889e-03 9.999980e-01 -1.566265e-03 -2.194375e-01 -4.733237e-02 1.625089e-03 9.988778e-01 8.230630e+00
9.999982e-01 -2.975420e-05 1.873653e-03 7.094197e-01 2.985727e-05 1.000000e+00 -5.472894e-05 -2.354270e-01 -1.873597e-03 5.478324e-05 9.999982e-01 8.853127e+00
9.992589e-01 -9.997966e-04 3.847826e-02 7.690540e-01 1.048730e-03 9.999987e-01 -1.251551e-03 -2.555669e-01 -3.847690e-02 1.290975e-03 9.992586e-01 9.611356e+00
9.999642e-01 2.419391e-04 -8.462542e-03 7.928609e-01 -2.393079e-04 9.999999e-01 3.118619e-04 -2.781052e-01 8.462677e-03 -3.098274e-04 9.999641e-01 1.050013e+01
9.992839e-01 -9.912349e-04 3.782536e-02 8.085578e-01 1.038258e-03 9.999987e-01 -1.223534e-03 -3.013148e-01 -3.782404e-02 1.261928e-03 9.992835e-01 1.142833e+01
1.000000e+00 3.251460e-05 -1.901704e-04 8.580767e-01 -3.250949e-05 1.000000e+00 2.284945e-05 -3.242143e-01 1.902363e-04 -2.284528e-05 9.999999e-01 1.230242e+01
9.996872e-01 -6.734603e-04 2.499931e-02 8.741481e-01 6.930936e-04 9.999995e-01 -7.766650e-04 -3.497116e-01 -2.499871e-02 7.937468e-04 9.996871e-01 1.331135e+01
9.999509e-01 -2.300975e-04 9.908566e-03 9.167248e-01 2.335479e-04 9.999999e-01 -3.469747e-04 -3.712248e-01 -9.908416e-03 3.492696e-04 9.999508e-01 1.413571e+01
9.992770e-01 -9.864908e-04 3.800717e-02 9.558978e-01 1.034685e-03 9.999987e-01 -1.248356e-03 -3.843138e-01 -3.800581e-02 1.286777e-03 9.992766e-01 1.463875e+01
9.999775e-01 1.895879e-04 -6.703375e-03 1.020561e+00 -1.879307e-04 1.000000e+00 2.476765e-04 -4.034413e-01 6.703496e-03 -2.464136e-04 9.999774e-01 1.533162e+01
9.996841e-01 -6.725069e-04 2.512563e-02 1.061837e+00 6.929268e-04 9.999994e-01 -8.039684e-04 -4.251266e-01 -2.512500e-02 8.211221e-04 9.996839e-01 1.613469e+01
9.999094e-01 3.661510e-04 -1.345088e-02 1.096239e+00 -3.597248e-04 9.999998e-01 4.800726e-04 -4.472496e-01 1.345113e-02 -4.751931e-04 9.999093e-01 1.696068e+01
9.996533e-01 -7.001785e-04 2.632133e-02 1.126710e+00 7.224866e-04 9.999994e-01 -8.379843e-04 -4.700067e-01 -2.632065e-02 8.567080e-04 9.996531e-01 1.782503e+01
9.998381e-01 4.792275e-04 -1.798719e-02 1.110246e+00 -4.676877e-04 9.999997e-01 6.456834e-04 -4.934802e-01 1.798758e-02 -6.371690e-04 9.998379e-01 1.879187e+01
9.995116e-01 -8.224414e-04 3.123739e-02 1.065176e+00 8.540886e-04 9.999991e-01 -9.997490e-04 -5.175474e-01 -3.123646e-02 1.025938e-03 9.995114e-01 1.983983e+01
9.998836e-01 4.095221e-04 -1.524737e-02 1.057467e+00 -4.012133e-04 9.999998e-01 5.478957e-04 -5.408953e-01 1.524767e-02 -5.417172e-04 9.998835e-01 2.079504e+01
9.995912e-01 -7.550346e-04 2.857851e-02 1.042058e+00 7.814989e-04 9.999993e-01 -9.148168e-04 -5.640538e-01 -2.857772e-02 9.367742e-04 9.995911e-01 2.175327e+01
9.998576e-01 4.530180e-04 -1.686858e-02 1.056260e+00 -4.424113e-04 9.999997e-01 6.324217e-04 -5.912377e-01 1.686894e-02 -6.248716e-04 9.998574e-01 2.282771e+01
9.998003e-01 -5.673205e-04 1.997737e-02 1.010431e+00 5.794191e-04 9.999997e-01 -5.997618e-04 -6.185804e-01 -1.997694e-02 6.112145e-04 9.998002e-01 2.400025e+01
9.999676e-01 2.483080e-04 -8.043434e-03 9.862156e-01 -2.460246e-04 9.999999e-01 2.846842e-04 -6.430717e-01 8.043586e-03 -2.826989e-04 9.999675e-01 2.502926e+01
9.998604e-01 -4.973141e-04 1.670125e-02 9.039242e-01 5.052767e-04 9.999998e-01 -4.724648e-04 -6.687212e-01 -1.670093e-02 4.808348e-04 9.998603e-01 2.620115e+01
9.999078e-01 3.800185e-04 -1.356870e-02 7.803436e-01 -3.731873e-04 9.999998e-01 5.058638e-04 -6.964345e-01 1.356897e-02 -5.007563e-04 9.999077e-01 2.751896e+01
9.998049e-01 -5.694188e-04 1.974220e-02 7.011100e-01 5.815900e-04 9.999996e-01 -6.106941e-04 -7.208646e-01 -1.974177e-02 6.220540e-04 9.998048e-01 2.863055e+01
9.998374e-01 4.963055e-04 -1.802388e-02 6.228722e-01 -4.844936e-04 9.999997e-01 6.596212e-04 -7.435736e-01 1.802428e-02 -6.507843e-04 9.998373e-01 2.965875e+01
9.998056e-01 -5.688571e-04 1.970970e-02 5.237768e-01 5.811044e-04 9.999996e-01 -6.155830e-04 -7.656675e-01 -1.970926e-02 6.269139e-04 9.998055e-01 3.069672e+01
9.998553e-01 4.745164e-04 -1.700344e-02 3.534499e-01 -4.644318e-04 9.999997e-01 5.969420e-04 -7.828391e-01 1.700380e-02 -5.889614e-04 9.998552e-01 3.162923e+01
9.998222e-01 -5.503736e-04 1.884743e-02 2.188298e-01 5.613260e-04 9.999997e-01 -5.757445e-04 -8.025685e-01 -1.884702e-02 5.862189e-04 9.998221e-01 3.262025e+01
9.998521e-01 4.737624e-04 -1.718945e-02 1.379713e-01 -4.629802e-04 9.999997e-01 6.311418e-04 -8.261239e-01 1.718982e-02 -6.230929e-04 9.998520e-01 3.368666e+01
9.998229e-01 -5.319191e-04 1.881070e-02 -1.222492e-01 5.435977e-04 9.999997e-01 -6.156641e-04 -8.396586e-01 -1.881028e-02 6.257777e-04 9.998228e-01 3.459353e+01
9.998501e-01 4.805554e-04 -1.730885e-02 -4.752156e-01 -4.693642e-04 9.999997e-01 6.505221e-04 -8.529901e-01 1.730925e-02 -6.423032e-04 9.998499e-01 3.563119e+01
9.998399e-01 -5.147559e-04 1.788329e-02 -8.058272e-01 5.254574e-04 9.999997e-01 -5.936326e-04 -8.667699e-01 -1.788289e-02 6.029316e-04 9.998398e-01 3.665272e+01
9.998351e-01 4.826370e-04 -1.814929e-02 -8.601897e-01 -4.703906e-04 9.999997e-01 6.789358e-04 -8.876059e-01 1.814970e-02 -6.702895e-04 9.998350e-01 3.755528e+01
9.998345e-01 -5.103407e-04 1.818294e-02 -1.016646e+00 5.220082e-04 9.999997e-01 -6.368481e-04 -9.018196e-01 -1.818253e-02 6.462316e-04 9.998344e-01 3.833228e+01
9.998547e-01 4.608856e-04 -1.703923e-02 -1.257078e+00 -4.498329e-04 9.999997e-01 6.523998e-04 -9.137320e-01 1.703961e-02 -6.446430e-04 9.998545e-01 3.913413e+01
9.998249e-01 -5.315910e-04 1.870503e-02 -1.377690e+00 5.430521e-04 9.999997e-01 -6.075751e-04 -9.359702e-01 -1.870462e-02 6.176237e-04 9.998248e-01 4.021461e+01
9.998514e-01 4.621879e-04 -1.722852e-02 -1.497258e+00 -4.509548e-04 9.999997e-01 6.557913e-04 -9.576147e-01 1.722890e-02 -6.479274e-04 9.998513e-01 4.126463e+01
9.996856e-01 -6.933534e-04 2.506193e-02 -1.535163e+00 7.147102e-04 9.999994e-01 -8.431537e-04 -9.780955e-01 -2.506125e-02 8.607978e-04 9.996855e-01 4.214248e+01
9.999241e-01 3.516210e-04 -1.231461e-02 -1.556009e+00 -3.458486e-04 9.999998e-01 4.707357e-04 -9.968583e-01 1.231486e-02 -4.664438e-04 9.999240e-01 4.292196e+01
9.996501e-01 -7.240881e-04 2.643889e-02 -1.551007e+00 7.478149e-04 9.999993e-01 -8.874836e-04 -1.016738e+00 -2.643815e-02 9.069415e-04 9.996500e-01 4.371221e+01
9.999093e-01 3.723624e-04 -1.346026e-02 -1.646784e+00 -3.653981e-04 9.999998e-01 5.197225e-04 -1.037966e+00 1.346054e-02 -5.147599e-04 9.999092e-01 4.471990e+01
9.997921e-01 -5.909236e-04 2.038144e-02 -1.758248e+00 6.047197e-04 9.999996e-01 -6.706540e-04 -1.061015e+00 -2.038095e-02 6.828366e-04 9.997920e-01 4.582559e+01
9.999212e-01 3.556913e-04 -1.254667e-02 -1.913902e+00 -3.499342e-04 9.999998e-01 4.608951e-04 -1.077864e+00 1.254692e-02 -4.564712e-04 9.999211e-01 4.672915e+01
9.996261e-01 -7.564191e-04 2.733236e-02 -1.854601e+00 7.819571e-04 9.999993e-01 -9.236101e-04 -1.094729e+00 -2.733156e-02 9.446345e-04 9.996259e-01 4.731360e+01
9.998895e-01 4.624336e-04 -1.485407e-02 -1.561972e+00 -4.542302e-04 9.999997e-01 5.555020e-04 -1.118550e+00 1.485442e-02 -5.486965e-04 9.998894e-01 4.782904e+01
9.998417e-01 -5.707254e-04 1.778439e-02 -1.540747e+00 5.805037e-04 9.999997e-01 -5.445624e-04 -1.143079e+00 -1.778398e-02 5.547970e-04 9.998416e-01 4.876790e+01
9.999416e-01 3.595953e-04 -1.080068e-02 -1.623812e+00 -3.552349e-04 9.999999e-01 4.054557e-04 -1.167187e+00 1.080092e-02 -4.015983e-04 9.999415e-01 4.987283e+01
9.998431e-01 -5.695986e-04 1.770311e-02 -1.678682e+00 5.788593e-04 9.999997e-01 -5.178897e-04 -1.194609e+00 -1.770272e-02 5.280530e-04 9.998431e-01 5.106618e+01
9.998757e-01 4.776772e-04 -1.575880e-02 -1.790175e+00 -4.679358e-04 9.999997e-01 6.217123e-04 -1.224615e+00 1.575919e-02 -6.142640e-04 9.998756e-01 5.245891e+01
9.998613e-01 -5.520120e-04 1.664530e-02 -1.893614e+00 5.600876e-04 9.999997e-01 -4.803852e-04 -1.255497e+00 -1.664494e-02 4.896383e-04 9.998613e-01 5.387206e+01
9.998676e-01 4.904424e-04 -1.626418e-02 -1.955211e+00 -4.801682e-04 9.999997e-01 6.354886e-04 -1.286219e+00 1.626458e-02 -6.275980e-04 9.998675e-01 5.520534e+01
9.998541e-01 -5.645472e-04 1.706940e-02 -2.028373e+00 5.730819e-04 9.999997e-01 -4.950032e-04 -1.316667e+00 -1.706903e-02 5.047101e-04 9.998541e-01 5.654718e+01
9.999003e-01 4.401195e-04 -1.410834e-02 -2.109304e+00 -4.321501e-04 9.999997e-01 5.677762e-04 -1.348536e+00 1.410868e-02 -5.616257e-04 9.999002e-01 5.796463e+01
9.995657e-01 -8.452391e-04 2.945606e-02 -2.144394e+00 8.738371e-04 9.999992e-01 -9.579466e-04 -1.379798e+00 -2.945514e-02 9.832672e-04 9.995655e-01 5.929028e+01
9.998319e-01 5.322015e-04 -1.832569e-02 -2.224326e+00 -5.180673e-04 9.999996e-01 7.759056e-04 -1.416900e+00 1.832619e-02 -7.662843e-04 9.998317e-01 6.093338e+01
9.998185e-01 -6.110134e-04 1.904216e-02 -2.309766e+00 6.219717e-04 9.999996e-01 -5.694585e-04 -1.454808e+00 -1.904172e-02 5.811957e-04 9.998184e-01 6.260983e+01
9.998462e-01 5.226553e-04 -1.752846e-02 -2.353810e+00 -5.106499e-04 9.999996e-01 6.892582e-04 -1.485595e+00 1.752891e-02 -6.802044e-04 9.998461e-01 6.391696e+01
9.998396e-01 -5.827606e-04 1.789776e-02 -2.378120e+00 5.929541e-04 9.999997e-01 -5.641278e-04 -1.512759e+00 -1.789733e-02 5.746468e-04 9.998396e-01 6.503647e+01
9.998354e-01 5.360564e-04 -1.813120e-02 -2.399270e+00 -5.225712e-04 9.999996e-01 7.483743e-04 -1.544579e+00 1.813168e-02 -7.387793e-04 9.998353e-01 6.634398e+01
9.998196e-01 -6.184900e-04 1.898063e-02 -2.416313e+00 6.297996e-04 9.999996e-01 -5.897768e-04 -1.577557e+00 -1.898017e-02 6.016213e-04 9.998196e-01 6.769605e+01
9.998494e-01 5.297392e-04 -1.734499e-02 -2.453719e+00 -5.178059e-04 9.999996e-01 6.923644e-04 -1.606732e+00 1.734544e-02 -6.832818e-04 9.998493e-01 6.892487e+01
9.996739e-01 -7.503158e-04 2.552553e-02 -2.406241e+00 7.727294e-04 9.999993e-01 -8.681560e-04 -1.632761e+00 -2.552477e-02 8.875941e-04 9.996737e-01 6.988478e+01
9.997788e-01 6.152451e-04 -2.101993e-02 -2.405421e+00 -5.976481e-04 9.999995e-01 8.433279e-04 -1.659028e+00 2.102052e-02 -8.305819e-04 9.997786e-01 7.092947e+01
9.997312e-01 -7.061719e-04 2.317443e-02 -2.455243e+00 7.241979e-04 9.999994e-01 -7.693700e-04 -1.686635e+00 -2.317378e-02 7.859429e-04 9.997311e-01 7.211337e+01
9.997570e-01 6.344704e-04 -2.203174e-02 -2.476643e+00 -6.149651e-04 9.999994e-01 8.919929e-04 -1.715477e+00 2.203238e-02 -8.782305e-04 9.997568e-01 7.330002e+01
9.997376e-01 -6.970300e-04 2.289693e-02 -2.504647e+00 7.149026e-04 9.999994e-01 -7.723018e-04 -1.742756e+00 -2.289629e-02 7.884650e-04 9.997375e-01 7.443192e+01
9.997742e-01 6.208685e-04 -2.123738e-02 -2.559906e+00 -6.026735e-04 9.999994e-01 8.630315e-04 -1.769879e+00 2.123800e-02 -8.500405e-04 9.997740e-01 7.560461e+01
9.997376e-01 -6.977282e-04 2.289613e-02 -2.639528e+00 7.155518e-04 9.999994e-01 -7.701844e-04 -1.797128e+00 -2.289549e-02 7.863626e-04 9.997375e-01 7.682449e+01
9.997517e-01 6.414579e-04 -2.227143e-02 -2.722433e+00 -6.208389e-04 9.999994e-01 9.326099e-04 -1.828556e+00 2.227211e-02 -9.185544e-04 9.997515e-01 7.822399e+01
9.997375e-01 -6.981900e-04 2.289828e-02 -2.808195e+00 7.160830e-04 9.999994e-01 -7.731359e-04 -1.859509e+00 -2.289764e-02 7.893269e-04 9.997374e-01 7.960867e+01
9.997524e-01 6.492056e-04 -2.224124e-02 -2.875931e+00 -6.295182e-04 9.999994e-01 8.920733e-04 -1.885546e+00 2.224190e-02 -8.778541e-04 9.997522e-01 8.075609e+01
9.997499e-01 -6.912904e-04 2.235020e-02 -2.923279e+00 7.083452e-04 9.999995e-01 -7.550754e-04 -1.912338e+00 -2.234957e-02 7.707152e-04 9.997498e-01 8.189966e+01
9.997532e-01 6.513333e-04 -2.220339e-02 -2.954199e+00 -6.318186e-04 9.999994e-01 8.858145e-04 -1.938322e+00 2.220405e-02 -8.715704e-04 9.997530e-01 8.298105e+01
9.997324e-01 -7.137270e-04 2.311933e-02 -2.974291e+00 7.320719e-04 9.999994e-01 -7.849483e-04 -1.963732e+00 -2.311867e-02 8.016602e-04 9.997323e-01 8.402098e+01
9.998110e-01 5.865632e-04 -1.943009e-02 -2.967925e+00 -5.712096e-04 9.999995e-01 7.956274e-04 -1.991477e+00 1.943064e-02 -7.843813e-04 9.998108e-01 8.511350e+01
9.997936e-01 -6.586803e-04 2.030673e-02 -2.950008e+00 6.723523e-04 9.999996e-01 -6.663581e-04 -2.020868e+00 -2.030619e-02 6.798707e-04 9.997935e-01 8.625561e+01
9.998268e-01 5.794411e-04 -1.860224e-02 -2.910966e+00 -5.656896e-04 9.999996e-01 7.443787e-04 -2.048142e+00 1.860275e-02 -7.337297e-04 9.998266e-01 8.727374e+01
9.997761e-01 -6.831575e-04 2.114682e-02 -2.904314e+00 6.980838e-04 9.999995e-01 -6.983760e-04 -2.074920e+00 -2.114624e-02 7.129788e-04 9.997761e-01 8.832658e+01
9.997968e-01 6.143393e-04 -2.014517e-02 -2.929723e+00 -5.981247e-04 9.999995e-01 8.107992e-04 -2.102229e+00 2.014575e-02 -7.985881e-04 9.997967e-01 8.945577e+01
9.997826e-01 -6.823976e-04 2.083951e-02 -2.931211e+00 6.968076e-04 9.999995e-01 -6.841245e-04 -2.130516e+00 -2.083894e-02 6.984938e-04 9.997825e-01 9.058454e+01
9.997888e-01 6.316689e-04 -2.053980e-02 -2.923211e+00 -6.149997e-04 9.999995e-01 8.177625e-04 -2.157733e+00 2.054040e-02 -8.049608e-04 9.997886e-01 9.165192e+01
9.997802e-01 -6.788875e-04 2.095185e-02 -2.975954e+00 6.938760e-04 9.999995e-01 -7.080181e-04 -2.182195e+00 -2.095126e-02 7.223975e-04 9.997802e-01 9.270705e+01
9.997904e-01 6.317132e-04 -2.046007e-02 -3.010048e+00 -6.155490e-04 9.999995e-01 7.962222e-04 -2.204482e+00 2.046066e-02 -7.834642e-04 9.997903e-01 9.363888e+01
9.997710e-01 -6.944354e-04 2.138895e-02 -3.064443e+00 7.094683e-04 9.999995e-01 -6.951638e-04 -2.229932e+00 -2.138836e-02 7.101763e-04 9.997709e-01 9.473961e+01
9.997985e-01 6.222158e-04 -2.006456e-02 -3.108364e+00 -6.064573e-04 9.999995e-01 7.913592e-04 -2.256310e+00 2.006514e-02 -7.790344e-04 9.997983e-01 9.586234e+01
9.997367e-01 -7.324096e-04 2.293306e-02 -3.160806e+00 7.505084e-04 9.999994e-01 -7.805196e-04 -2.279656e+00 -2.293238e-02 7.975225e-04 9.997366e-01 9.687402e+01
9.998202e-01 5.967802e-04 -1.895060e-02 -3.243476e+00 -5.830919e-04 9.999996e-01 7.277231e-04 -2.300078e+00 1.895112e-02 -7.165453e-04 9.998201e-01 9.781570e+01
9.997467e-01 -7.144543e-04 2.249339e-02 -3.343297e+00 7.319884e-04 9.999994e-01 -7.712086e-04 -2.320099e+00 -2.249273e-02 7.874751e-04 9.997466e-01 9.876560e+01
9.998189e-01 5.988324e-04 -1.902115e-02 -3.415361e+00 -5.848128e-04 9.999996e-01 7.424957e-04 -2.341806e+00 1.902168e-02 -7.312404e-04 9.998187e-01 9.974136e+01
9.997574e-01 -7.123373e-04 2.201215e-02 -3.475184e+00 7.282424e-04 9.999995e-01 -7.144608e-04 -2.367863e+00 -2.201154e-02 7.303146e-04 9.997574e-01 1.008779e+02
9.997912e-01 6.336810e-04 -2.042446e-02 -3.537281e+00 -6.172917e-04 9.999995e-01 8.086256e-04 -2.395190e+00 2.042505e-02 -7.958518e-04 9.997910e-01 1.020707e+02
9.997315e-01 -7.366235e-04 2.315857e-02 -3.608763e+00 7.547323e-04 9.999994e-01 -7.731302e-04 -2.420699e+00 -2.315789e-02 7.903981e-04 9.997314e-01 1.032047e+02
9.997959e-01 6.298855e-04 -2.019238e-02 -3.666669e+00 -6.137409e-04 9.999995e-01 8.056167e-04 -2.447033e+00 2.019297e-02 -7.930624e-04 9.997957e-01 1.043495e+02
9.997618e-01 -7.170314e-04 2.181321e-02 -3.706721e+00 7.323755e-04 9.999995e-01 -6.953560e-04 -2.476394e+00 -2.181261e-02 7.111627e-04 9.997618e-01 1.055900e+02
9.997912e-01 6.453475e-04 -2.042209e-02 -3.797186e+00 -6.288831e-04 9.999995e-01 8.125073e-04 -2.505055e+00 2.042270e-02 -7.994976e-04 9.997910e-01 1.068885e+02
9.997576e-01 -7.219730e-04 2.200507e-02 -3.881584e+00 7.382323e-04 9.999995e-01 -7.306780e-04 -2.530816e+00 -2.200443e-02 7.467427e-04 9.997575e-01 1.080544e+02
9.998641e-01 5.553394e-04 -1.647369e-02 -3.907657e+00 -5.446751e-04 9.999996e-01 6.517056e-04 -2.555688e+00 1.647414e-02 -6.426473e-04 9.998640e-01 1.090887e+02
9.995548e-01 -9.069562e-04 2.981998e-02 -3.910054e+00 9.369290e-04 9.999991e-01 -9.910958e-04 -2.581212e+00 -2.981896e-02 1.018591e-03 9.995547e-01 1.101215e+02
9.998576e-01 5.635110e-04 -1.686621e-02 -3.954167e+00 -5.524677e-04 9.999996e-01 6.592755e-04 -2.605533e+00 1.686667e-02 -6.498666e-04 9.998575e-01 1.111760e+02
9.996263e-01 -8.458709e-04 2.732298e-02 -4.007576e+00 8.707378e-04 9.999992e-01 -8.981460e-04 -2.630947e+00 -2.732210e-02 9.215984e-04 9.996262e-01 1.122910e+02
9.996612e-01 7.818762e-04 -2.601558e-02 -4.048936e+00 -7.557676e-04 9.999992e-01 1.013304e-03 -2.658469e+00 2.601645e-02 -9.933021e-04 9.996610e-01 1.134570e+02
9.992936e-01 -1.073873e-03 3.756524e-02 -4.047285e+00 1.122721e-03 9.999986e-01 -1.279211e-03 -2.684002e+00 -3.756372e-02 1.320479e-03 9.992933e-01 1.144828e+02
9.995350e-01 9.053787e-04 -3.047728e-02 -4.078727e+00 -8.698881e-04 9.999989e-01 1.177651e-03 -2.710025e+00 3.047841e-02 -1.150595e-03 9.995347e-01 1.155773e+02
9.994432e-01 -1.000078e-03 3.334993e-02 -4.149861e+00 1.037166e-03 9.999989e-01 -1.094739e-03 -2.739957e+00 -3.334870e-02 1.128716e-03 9.994431e-01 1.168958e+02
9.996115e-01 8.493011e-04 -2.785903e-02 -4.227811e+00 -8.203051e-04 9.999991e-01 1.052136e-03 -2.766887e+00 2.786000e-02 -1.028878e-03 9.996112e-01 1.181025e+02
9.994951e-01 -9.639406e-04 3.175617e-02 -4.296188e+00 9.975658e-04 9.999990e-01 -1.042957e-03 -2.792894e+00 -3.175504e-02 1.074106e-03 9.994950e-01 1.192564e+02
9.995579e-01 9.006138e-04 -2.971645e-02 -4.361576e+00 -8.681110e-04 9.999990e-01 1.106563e-03 -2.816609e+00 2.971752e-02 -1.080280e-03 9.995577e-01 1.203067e+02
9.995447e-01 -9.265458e-04 3.015824e-02 -4.451529e+00 9.568868e-04 9.999991e-01 -9.915670e-04 -2.839763e+00 -3.015720e-02 1.019970e-03 9.995446e-01 1.213709e+02
9.995572e-01 9.076433e-04 -2.974110e-02 -4.496020e+00 -8.769043e-04 9.999991e-01 1.046497e-03 -2.856115e+00 2.974211e-02 -1.019956e-03 9.995570e-01 1.220652e+02
9.995199e-01 -9.490546e-04 3.096802e-02 -4.546170e+00 9.804291e-04 9.999990e-01 -9.978854e-04 -2.874985e+00 -3.096694e-02 1.027765e-03 9.995198e-01 1.228828e+02
9.995746e-01 8.912767e-04 -2.914994e-02 -4.639269e+00 -8.615652e-04 9.999991e-01 1.031723e-03 -2.894502e+00 2.915093e-02 -1.006172e-03 9.995745e-01 1.237978e+02
9.994974e-01 -9.632933e-04 3.168448e-02 -4.694534e+00 9.964444e-04 9.999990e-01 -1.030442e-03 -2.913410e+00 -3.168336e-02 1.061493e-03 9.994973e-01 1.246278e+02
9.995091e-01 9.477775e-04 -3.131479e-02 -4.765567e+00 -9.124103e-04 9.999989e-01 1.143601e-03 -2.935373e+00 3.131594e-02 -1.114470e-03 9.995089e-01 1.256090e+02
9.994974e-01 -9.747677e-04 3.168363e-02 -4.783860e+00 1.008459e-03 9.999989e-01 -1.047331e-03 -2.956411e+00 -3.168248e-02 1.078753e-03 9.994973e-01 1.264609e+02
9.995187e-01 9.431563e-04 -3.100742e-02 -4.804466e+00 -9.079357e-04 9.999989e-01 1.149855e-03 -2.978974e+00 3.100857e-02 -1.121152e-03 9.995184e-01 1.273814e+02
9.994576e-01 -1.006643e-03 3.291522e-02 -4.831641e+00 1.042794e-03 9.999989e-01 -1.081062e-03 -3.002898e+00 -3.291400e-02 1.114796e-03 9.994575e-01 1.283730e+02
9.996513e-01 8.248894e-04 -2.639316e-02 -4.831154e+00 -8.005365e-04 9.999992e-01 9.331532e-04 -3.020975e+00 2.639401e-02 -9.117022e-04 9.996511e-01 1.290797e+02
9.993419e-01 -1.072145e-03 3.625614e-02 -4.805716e+00 1.116188e-03 9.999987e-01 -1.194484e-03 -3.039392e+00 -3.625472e-02 1.234164e-03 9.993418e-01 1.297633e+02
9.995768e-01 9.098245e-04 -2.907271e-02 -4.652779e+00 -8.798425e-04 9.999991e-01 1.043960e-03 -3.063222e+00 2.907373e-02 -1.017942e-03 9.995767e-01 1.304732e+02
9.993033e-01 -1.070528e-03 3.730612e-02 -4.389184e+00 1.117568e-03 9.999986e-01 -1.240024e-03 -3.087812e+00 -3.730464e-02 1.280849e-03 9.993031e-01 1.310541e+02
9.995017e-01 9.469821e-04 -3.155112e-02 -4.290069e+00 -9.118871e-04 9.999989e-01 1.126607e-03 -3.108326e+00 3.155225e-02 -1.097277e-03 9.995014e-01 1.317032e+02
9.993662e-01 -1.048394e-03 3.558114e-02 -4.293688e+00 1.090112e-03 9.999987e-01 -1.153022e-03 -3.130230e+00 -3.557979e-02 1.191076e-03 9.993661e-01 1.325718e+02
9.995450e-01 9.062239e-04 -3.014875e-02 -4.258151e+00 -8.745923e-04 9.999991e-01 1.062264e-03 -3.150928e+00 3.014979e-02 -1.035416e-03 9.995448e-01 1.333264e+02
9.994134e-01 -9.767090e-04 3.423095e-02 -4.063129e+00 1.016631e-03 9.999988e-01 -1.148796e-03 -3.169773e+00 -3.422969e-02 1.182920e-03 9.994132e-01 1.337704e+02
9.995774e-01 8.373907e-04 -2.905653e-02 -4.131994e+00 -8.070945e-04 9.999991e-01 1.054284e-03 -3.187526e+00 2.905748e-02 -1.030390e-03 9.995772e-01 1.345756e+02
9.994433e-01 -9.602332e-04 3.334850e-02 -4.201059e+00 9.978088e-04 9.999989e-01 -1.110054e-03 -3.206255e+00 -3.334730e-02 1.142708e-03 9.994431e-01 1.354213e+02
9.995390e-01 8.800490e-04 -3.034835e-02 -4.237640e+00 -8.464106e-04 9.999990e-01 1.121147e-03 -3.228360e+00 3.034940e-02 -1.094946e-03 9.995387e-01 1.363542e+02
9.994769e-01 -9.485655e-04 3.232700e-02 -4.288439e+00 9.828774e-04 9.999990e-01 -1.045449e-03 -3.253647e+00 -3.232588e-02 1.076672e-03 9.994767e-01 1.374428e+02
9.997928e-01 6.399746e-04 -2.034381e-02 -4.255584e+00 -6.246176e-04 9.999995e-01 7.610820e-04 -3.282561e+00 2.034438e-02 -7.482204e-04 9.997927e-01 1.385476e+02
9.997210e-01 -7.552338e-04 2.360600e-02 -4.244205e+00 7.724322e-04 9.999994e-01 -7.193387e-04 -3.311002e+00 -2.360535e-02 7.373688e-04 9.997210e-01 1.396680e+02
9.997507e-01 6.965775e-04 -2.231692e-02 -4.339746e+00 -6.794300e-04 9.999995e-01 7.758096e-04 -3.332035e+00 2.231755e-02 -7.604566e-04 9.997506e-01 1.406514e+02
9.993959e-01 -1.026417e-03 3.473815e-02 -4.372140e+00 1.065232e-03 9.999988e-01 -1.098788e-03 -3.353913e+00 -3.473688e-02 1.135125e-03 9.993958e-01 1.415798e+02
9.998526e-01 5.716422e-04 -1.715662e-02 -4.365355e+00 -5.613337e-04 9.999997e-01 6.054893e-04 -3.377784e+00 1.715705e-02 -5.957727e-04 9.998526e-01 1.425288e+02
9.995423e-01 -9.190151e-04 3.023810e-02 -4.378678e+00 9.482950e-04 9.999991e-01 -9.538938e-04 -3.400806e+00 -3.023709e-02 9.821284e-04 9.995422e-01 1.434723e+02
9.996485e-01 8.006146e-04 -2.649724e-02 -4.428165e+00 -7.767685e-04 9.999993e-01 9.101158e-04 -3.419923e+00 2.649805e-02 -8.892169e-04 9.996484e-01 1.443010e+02
9.993032e-01 -1.077240e-03 3.730690e-02 -4.402890e+00 1.122790e-03 9.999986e-01 -1.199930e-03 -3.438789e+00 -3.730545e-02 1.240979e-03 9.993031e-01 1.450017e+02
9.998543e-01 5.548604e-04 -1.705685e-02 -4.380986e+00 -5.448043e-04 9.999997e-01 5.940201e-04 -3.459128e+00 1.705727e-02 -5.846443e-04 9.998543e-01 1.457909e+02
9.995724e-01 -8.792841e-04 2.922764e-02 -4.394718e+00 9.061633e-04 9.999992e-01 -9.063125e-04 -3.483986e+00 -2.922671e-02 9.324065e-04 9.995723e-01 1.468089e+02
9.998979e-01 4.846690e-04 -1.428133e-02 -4.324043e+00 -4.775470e-04 9.999998e-01 5.018742e-04 -3.510106e+00 1.428167e-02 -4.950063e-04 9.998978e-01 1.477382e+02
9.997155e-01 -7.392297e-04 2.383946e-02 -4.297528e+00 7.569326e-04 9.999994e-01 -7.334445e-04 -3.534484e+00 -2.383881e-02 7.512772e-04 9.997155e-01 1.486695e+02
9.997877e-01 6.249262e-04 -2.059125e-02 -4.361548e+00 -6.095852e-04 9.999995e-01 7.511327e-04 -3.560292e+00 2.059181e-02 -7.384246e-04 9.997876e-01 1.498025e+02
9.996679e-01 -7.907486e-04 2.575574e-02 -4.394200e+00 8.113507e-04 9.999994e-01 -7.893422e-04 -3.588067e+00 -2.575500e-02 8.099735e-04 9.996679e-01 1.509646e+02
9.997750e-01 6.480269e-04 -2.119779e-02 -4.395087e+00 -6.319014e-04 9.999995e-01 7.672465e-04 -3.615076e+00 2.119837e-02 -7.536824e-04 9.997750e-01 1.520425e+02
9.997511e-01 -6.386277e-04 2.229717e-02 -3.980361e+00 6.552897e-04 9.999995e-01 -7.398301e-04 -3.641843e+00 -2.229658e-02 7.542537e-04 9.997511e-01 1.524668e+02
9.996238e-01 8.000414e-04 -2.741544e-02 -3.873910e+00 -7.731570e-04 9.999992e-01 9.910943e-04 -3.662908e+00 2.741631e-02 -9.695284e-04 9.996236e-01 1.531192e+02
9.995742e-01 -8.687934e-04 2.916600e-02 -3.876236e+00 8.962216e-04 9.999992e-01 -9.272480e-04 -3.686711e+00 -2.916507e-02 9.529889e-04 9.995741e-01 1.540617e+02
9.995734e-01 8.632783e-04 -2.919283e-02 -3.846890e+00 -8.338309e-04 9.999991e-01 1.020764e-03 -3.706981e+00 2.919379e-02 -9.959895e-04 9.995732e-01 1.547972e+02
9.996814e-01 -7.477286e-04 2.522794e-02 -3.843776e+00 7.686331e-04 9.999994e-01 -8.188148e-04 -3.724004e+00 -2.522722e-02 8.379415e-04 9.996813e-01 1.554424e+02
9.998452e-01 5.263432e-04 -1.758681e-02 -3.856022e+00 -5.151294e-04 9.999997e-01 6.419586e-04 -3.745465e+00 1.758724e-02 -6.328032e-04 9.998451e-01 1.563091e+02
9.997942e-01 -6.322064e-04 2.027621e-02 -3.865439e+00 6.448469e-04 9.999996e-01 -6.167263e-04 -3.770200e+00 -2.027571e-02 6.296710e-04 9.997942e-01 1.573029e+02
9.999241e-01 3.949358e-04 -1.230631e-02 -3.889953e+00 -3.897907e-04 9.999998e-01 4.202044e-04 -3.790958e+00 1.230657e-02 -4.153791e-04 9.999241e-01 1.581634e+02
9.999119e-01 -4.524102e-04 1.326154e-02 -3.804678e+00 4.581947e-04 9.999998e-01 -4.329048e-04 -3.806368e+00 -1.326125e-02 4.389396e-04 9.999119e-01 1.586170e+02
9.999837e-01 2.412894e-04 -5.695296e-03 -3.732996e+00 -2.399932e-04 9.999999e-01 2.276760e-04 -3.826715e+00 5.695450e-03 -2.263089e-04 9.999837e-01 1.592953e+02
9.999396e-01 -4.127833e-04 1.097555e-02 -3.738451e+00 4.164189e-04 9.999999e-01 -3.286641e-04 -3.848972e+00 -1.097531e-02 3.332112e-04 9.999397e-01 1.601834e+02
9.999863e-01 2.281750e-04 -5.212709e-03 -3.745055e+00 -2.270985e-04 1.000000e+00 2.064541e-04 -3.871137e+00 5.212855e-03 -2.052709e-04 9.999863e-01 1.610686e+02
9.999413e-01 -3.962797e-04 1.082306e-02 -3.696674e+00 3.999466e-04 9.999999e-01 -3.363309e-04 -3.892364e+00 -1.082283e-02 3.406363e-04 9.999413e-01 1.618230e+02
9.999982e-01 1.389595e-04 -1.851770e-03 -3.654100e+00 -1.388001e-04 1.000000e+00 8.433012e-05 -3.912146e+00 1.851882e-03 -8.407641e-05 9.999982e-01 1.625319e+02
9.999672e-01 -3.264179e-04 8.086054e-03 -3.617126e+00 3.284420e-04 9.999999e-01 -2.485692e-04 -3.931308e+00 -8.085873e-03 2.512133e-04 9.999672e-01 1.632197e+02
9.999806e-01 2.311498e-04 -6.210557e-03 -3.650811e+00 -2.294319e-04 9.999999e-01 2.767480e-04 -3.953686e+00 6.210721e-03 -2.753212e-04 9.999806e-01 1.641562e+02
9.999815e-01 -2.716077e-04 6.064145e-03 -3.691329e+00 2.727650e-04 9.999999e-01 -1.894446e-04 -3.974567e+00 -6.063993e-03 1.910917e-04 9.999815e-01 1.650383e+02
9.999823e-01 2.213293e-04 -5.941850e-03 -3.740664e+00 -2.197517e-04 9.999999e-01 2.655591e-04 -3.995563e+00 5.942008e-03 -2.642521e-04 9.999823e-01 1.659396e+02
9.999789e-01 -2.916433e-04 6.487750e-03 -3.750046e+00 2.926991e-04 9.999999e-01 -1.612474e-04 -4.021547e+00 -6.487603e-03 1.631395e-04 9.999789e-01 1.669827e+02
9.999867e-01 2.063796e-04 -5.148037e-03 -3.786080e+00 -2.051608e-04 1.000000e+00 2.366075e-04 -4.046989e+00 5.148186e-03 -2.355517e-04 9.999867e-01 1.680519e+02
9.999949e-01 -1.877876e-04 3.182021e-03 -3.873546e+00 1.880977e-04 1.000000e+00 -9.605400e-05 -4.066132e+00 -3.181903e-03 9.664856e-05 9.999949e-01 1.689266e+02
9.999941e-01 1.553392e-04 -3.429181e-03 -4.012583e+00 -1.547289e-04 1.000000e+00 1.772153e-04 -4.085191e+00 3.429308e-03 -1.766872e-04 9.999941e-01 1.698879e+02
9.999812e-01 -2.668655e-04 6.110721e-03 -4.114798e+00 2.678873e-04 1.000000e+00 -1.658344e-04 -4.109484e+00 -6.110576e-03 1.674648e-04 9.999813e-01 1.710228e+02
9.999899e-01 1.736981e-04 -4.489607e-03 -4.232730e+00 -1.724984e-04 9.999999e-01 2.668257e-04 -4.139012e+00 4.489753e-03 -2.660520e-04 9.999898e-01 1.724049e+02
9.999737e-01 -2.967830e-04 7.234089e-03 -4.320037e+00 2.985389e-04 9.999999e-01 -2.411621e-04 -4.165245e+00 -7.233917e-03 2.433120e-04 9.999738e-01 1.735967e+02
9.999882e-01 1.888821e-04 -4.842919e-03 -4.376694e+00 -1.875479e-04 9.999999e-01 2.752133e-04 -4.190674e+00 4.843071e-03 -2.743053e-04 9.999882e-01 1.747012e+02
9.999862e-01 -2.436490e-04 5.230283e-03 -4.459792e+00 2.445722e-04 1.000000e+00 -1.752132e-04 -4.214954e+00 -5.230140e-03 1.764865e-04 9.999863e-01 1.758013e+02
9.999884e-01 2.010525e-04 -4.796906e-03 -4.724586e+00 -1.999256e-04 1.000000e+00 2.346703e-04 -4.230347e+00 4.797053e-03 -2.337120e-04 9.999884e-01 1.767932e+02
9.999811e-01 -2.832774e-04 6.131271e-03 -4.836976e+00 2.841803e-04 9.999999e-01 -1.458318e-04 -4.257000e+00 -6.131130e-03 1.475679e-04 9.999811e-01 1.780442e+02
9.999723e-01 2.840878e-04 -7.426162e-03 -4.935224e+00 -2.817821e-04 9.999999e-01 3.110635e-04 -4.281439e+00 7.426350e-03 -3.089657e-04 9.999723e-01 1.791665e+02
9.999742e-01 -3.142351e-04 7.164870e-03 -5.064438e+00 3.156144e-04 9.999999e-01 -1.908954e-04 -4.305048e+00 -7.164709e-03 1.931483e-04 9.999743e-01 1.803132e+02
9.999679e-01 3.192174e-04 -8.002181e-03 -5.361193e+00 -3.169494e-04 9.999999e-01 2.842545e-04 -4.317409e+00 8.002371e-03 -2.817125e-04 9.999679e-01 1.812101e+02
9.999878e-01 -2.475668e-04 4.930330e-03 -5.614506e+00 2.482416e-04 1.000000e+00 -1.355493e-04 -4.326836e+00 -4.930196e-03 1.367681e-04 9.999878e-01 1.819060e+02
9.999678e-01 3.098654e-04 -8.013093e-03 -5.726025e+00 -3.072842e-04 9.999999e-01 3.229119e-04 -4.346474e+00 8.013292e-03 -3.204426e-04 9.999678e-01 1.828434e+02
9.999776e-01 -3.066433e-04 6.677665e-03 -5.822236e+00 3.079219e-04 9.999999e-01 -1.899222e-04 -4.367328e+00 -6.677506e-03 1.919707e-04 9.999776e-01 1.838121e+02
9.999789e-01 2.729184e-04 -6.484870e-03 -6.048738e+00 -2.713811e-04 9.999999e-01 2.373977e-04 -4.380015e+00 6.485035e-03 -2.356363e-04 9.999789e-01 1.846235e+02
9.999814e-01 -2.986188e-04 6.077910e-03 -6.184995e+00 2.994763e-04 9.999999e-01 -1.396098e-04 -4.400259e+00 -6.077768e-03 1.414239e-04 9.999815e-01 1.856325e+02
9.999765e-01 2.770826e-04 -6.840987e-03 -6.239724e+00 -2.752380e-04 9.999999e-01 2.700766e-04 -4.423640e+00 6.841161e-03 -2.681907e-04 9.999765e-01 1.866421e+02
9.999955e-01 -3.471700e-05 -2.979258e-03 -6.239252e+00 3.521469e-05 1.000000e+00 1.658606e-04 -4.442099e+00 2.979352e-03 -1.659682e-04 9.999955e-01 1.873362e+02
9.999753e-01 3.003741e-04 -7.021180e-03 -6.265593e+00 -2.985946e-04 9.999999e-01 2.540166e-04 -4.460225e+00 7.021356e-03 -2.519172e-04 9.999753e-01 1.880724e+02
9.999783e-01 -3.285530e-04 6.565563e-03 -6.294012e+00 3.296047e-04 9.999999e-01 -1.585903e-04 -4.480695e+00 -6.565410e-03 1.607475e-04 9.999784e-01 1.889156e+02
9.999706e-01 3.210873e-04 -7.656359e-03 -6.344427e+00 -3.194192e-04 9.999999e-01 2.186572e-04 -4.493319e+00 7.656529e-03 -2.162085e-04 9.999706e-01 1.894528e+02
9.999733e-01 -3.480397e-04 7.291975e-03 -6.413930e+00 3.490954e-04 9.999999e-01 -1.430511e-04 -4.511419e+00 -7.291825e-03 1.455895e-04 9.999734e-01 1.902639e+02
9.999718e-01 3.097668e-04 -7.497243e-03 -6.459659e+00 -3.079546e-04 9.999999e-01 2.424240e-04 -4.533285e+00 7.497417e-03 -2.401117e-04 9.999718e-01 1.911957e+02
9.999804e-01 -3.114502e-04 6.238559e-03 -6.419816e+00 3.122248e-04 9.999999e-01 -1.226686e-04 -4.555425e+00 -6.238421e-03 1.246107e-04 9.999805e-01 1.919905e+02
9.999553e-01 3.822736e-04 -9.437514e-03 -6.155558e+00 -3.794797e-04 9.999999e-01 2.974836e-04 -4.580293e+00 9.437726e-03 -2.938924e-04 9.999554e-01 1.925591e+02
9.999925e-01 -2.366427e-04 3.846294e-03 -5.681309e+00 2.367481e-04 1.000000e+00 -2.611371e-05 -4.609662e+00 -3.846188e-03 2.702075e-05 9.999926e-01 1.929968e+02
9.999774e-01 3.214959e-04 -6.712359e-03 -5.250457e+00 -3.201176e-04 9.999999e-01 2.059233e-04 -4.639917e+00 6.712525e-03 -2.037732e-04 9.999774e-01 1.935429e+02
9.999776e-01 -2.880955e-04 6.675165e-03 -4.699662e+00 2.889562e-04 1.000000e+00 -1.274966e-04 -4.672336e+00 -6.675028e-03 1.294192e-04 9.999777e-01 1.940095e+02
9.999859e-01 2.426298e-04 -5.294360e-03 -4.399595e+00 -2.416007e-04 1.000000e+00 1.943948e-04 -4.703884e+00 5.294507e-03 -1.931163e-04 9.999859e-01 1.948234e+02
9.999774e-01 -2.603640e-04 6.705063e-03 -3.859837e+00 2.611895e-04 1.000000e+00 -1.217577e-04 -4.741283e+00 -6.704931e-03 1.235029e-04 9.999775e-01 1.955233e+02
9.999832e-01 2.618318e-04 -5.777469e-03 -3.299383e+00 -2.606586e-04 9.999999e-01 2.032497e-04 -4.778256e+00 5.777622e-03 -2.017436e-04 9.999832e-01 1.961724e+02
9.999869e-01 -2.757428e-04 5.097850e-03 -3.250547e+00 2.764441e-04 1.000000e+00 -1.362408e-04 -4.797842e+00 -5.097712e-03 1.376450e-04 9.999869e-01 1.968582e+02
9.999759e-01 3.181239e-04 -6.933930e-03 -3.092048e+00 -3.166450e-04 9.999999e-01 2.139238e-04 -4.815765e+00 6.934098e-03 -2.117264e-04 9.999759e-01 1.973056e+02
9.999636e-01 -2.712929e-04 8.517190e-03 -2.244989e+00 2.729161e-04 9.999999e-01 -1.890450e-04 -4.854531e+00 -8.517038e-03 1.913593e-04 9.999637e-01 1.976132e+02
9.999958e-01 1.996813e-04 2.881842e-03 -9.339421e-01 -1.994379e-04 1.000000e+00 -8.361875e-05 -4.908526e+00 -2.881759e-03 8.304035e-05 9.999958e-01 1.978882e+02
9.999993e-01 -1.593328e-04 1.114508e-03 8.297037e-02 1.593085e-04 1.000000e+00 2.487588e-05 -4.950376e+00 -1.114412e-03 -2.470163e-05 9.999993e-01 1.980772e+02
9.999991e-01 2.003069e-04 1.273660e-03 9.119364e-01 -2.002204e-04 1.000000e+00 -6.548003e-05 -4.985028e+00 -1.273574e-03 6.522167e-05 9.999991e-01 1.982383e+02
9.999999e-01 -8.916179e-05 -8.688912e-05 2.153582e+00 8.917726e-05 1.000000e+00 1.403716e-04 -5.036813e+00 8.697654e-05 -1.403827e-04 9.999999e-01 1.985239e+02
9.999997e-01 2.802840e-04 -7.054596e-04 3.635760e+00 -2.802609e-04 1.000000e+00 2.819721e-05 -5.096833e+00 7.055674e-04 -2.800274e-05 9.999997e-01 1.988007e+02
9.999966e-01 2.357713e-05 -2.591358e-03 5.451076e+00 -2.290592e-05 1.000000e+00 2.578052e-04 -5.167637e+00 2.591464e-03 -2.577482e-04 9.999966e-01 1.990354e+02
9.999999e-01 2.688475e-04 -3.022426e-04 7.269583e+00 -2.688438e-04 1.000000e+00 1.943063e-06 -5.237326e+00 3.023430e-04 -1.865019e-06 9.999999e-01 1.992371e+02
9.999924e-01 9.704435e-05 -3.886023e-03 9.348628e+00 -9.582599e-05 9.999999e-01 3.128967e-04 -5.314479e+00 3.886153e-03 -3.125251e-04 9.999923e-01 1.993683e+02
9.999994e-01 3.161826e-04 -9.764309e-04 1.163858e+01 -3.161158e-04 9.999999e-01 6.539537e-05 -5.400329e+00 9.765514e-04 -6.508981e-05 9.999995e-01 1.995391e+02
9.999930e-01 9.572246e-05 -3.723263e-03 1.394438e+01 -9.454057e-05 9.999999e-01 3.167833e-04 -5.487373e+00 3.723393e-03 -3.164322e-04 9.999930e-01 1.997330e+02
9.999998e-01 2.836242e-04 4.802156e-04 1.629591e+01 -2.836375e-04 1.000000e+00 3.387252e-05 -5.576869e+00 -4.801061e-04 -3.401180e-05 9.999998e-01 1.999761e+02
9.999943e-01 -8.704316e-06 -3.358453e-03 1.816623e+01 9.630640e-06 1.000000e+00 2.749128e-04 -5.653603e+00 3.358550e-03 -2.749467e-04 9.999943e-01 2.003929e+02
9.999999e-01 2.722751e-04 -1.465976e-04 1.984572e+01 -2.722666e-04 1.000000e+00 3.789700e-05 -5.724213e+00 1.467078e-04 -3.786012e-05 9.999999e-01 2.008209e+02
9.999988e-01 -1.418307e-06 -1.548000e-03 2.174487e+01 1.765411e-06 1.000000e+00 2.223395e-04 -5.799703e+00 1.548100e-03 -2.223449e-04 9.999987e-01 2.011349e+02
9.999979e-01 2.824483e-04 -1.989642e-03 2.348972e+01 -2.822590e-04 1.000000e+00 9.397768e-05 -5.871791e+00 1.989769e-03 -9.341888e-05 9.999980e-01 2.015224e+02
9.999952e-01 8.337604e-05 -3.085305e-03 2.542748e+01 -8.250829e-05 1.000000e+00 2.804576e-04 -5.948088e+00 3.085428e-03 -2.802046e-04 9.999951e-01 2.017866e+02
9.999994e-01 2.623349e-04 -1.017936e-03 2.736667e+01 -2.622808e-04 1.000000e+00 5.061754e-05 -6.023323e+00 1.018049e-03 -5.035345e-05 9.999994e-01 2.020164e+02
9.999954e-01 1.470517e-05 -3.014842e-03 2.889918e+01 -1.400378e-05 1.000000e+00 2.317469e-04 -6.085285e+00 3.014945e-03 -2.317066e-04 9.999954e-01 2.022839e+02
9.999935e-01 3.461460e-04 -3.577012e-03 3.052007e+01 -3.455844e-04 9.999999e-01 1.568664e-04 -6.150277e+00 3.577166e-03 -1.556321e-04 9.999935e-01 2.025255e+02
9.999960e-01 1.899620e-05 -2.807076e-03 3.224487e+01 -1.828706e-05 1.000000e+00 2.516952e-04 -6.221071e+00 2.807180e-03 -2.516458e-04 9.999960e-01 2.028606e+02
9.999997e-01 2.434642e-04 -5.959289e-04 3.382144e+01 -2.434434e-04 1.000000e+00 3.058694e-05 -6.286028e+00 5.960360e-04 -3.044468e-05 9.999998e-01 2.031902e+02
9.999947e-01 6.220814e-05 -3.245126e-03 3.558616e+01 -6.129889e-05 1.000000e+00 2.794792e-04 -6.356244e+00 3.245243e-03 -2.792816e-04 9.999946e-01 2.034637e+02
9.999998e-01 2.796658e-04 -3.868445e-04 3.762487e+01 -2.796451e-04 1.000000e+00 4.699997e-05 -6.435014e+00 3.869572e-04 -4.689454e-05 9.999999e-01 2.037079e+02
9.999999e-01 2.966441e-05 -4.152847e-04 3.985852e+01 -2.958278e-05 1.000000e+00 1.904434e-04 -6.518856e+00 4.153899e-04 -1.904338e-04 9.999998e-01 2.038997e+02
9.999967e-01 3.458213e-04 -2.522271e-03 4.218866e+01 -3.455110e-04 9.999999e-01 1.224721e-04 -6.605392e+00 2.522412e-03 -1.216029e-04 9.999968e-01 2.040532e+02
9.999996e-01 4.373593e-05 -8.041576e-04 4.458827e+01 -4.354888e-05 1.000000e+00 2.295385e-04 -6.695779e+00 8.042671e-04 -2.295061e-04 9.999996e-01 2.042643e+02
9.999992e-01 2.949224e-04 -1.150923e-03 4.689547e+01 -2.948364e-04 1.000000e+00 7.274453e-05 -6.783931e+00 1.151044e-03 -7.240778e-05 9.999993e-01 2.045283e+02
9.999998e-01 3.250547e-05 -5.763418e-04 4.917203e+01 -3.238304e-05 1.000000e+00 2.082618e-04 -6.870272e+00 5.764481e-04 -2.082457e-04 9.999998e-01 2.047687e+02
9.999981e-01 3.447062e-04 -1.874010e-03 5.165189e+01 -3.444784e-04 9.999999e-01 1.205985e-04 -6.963516e+00 1.874151e-03 -1.199553e-04 9.999982e-01 2.049943e+02
9.999986e-01 -3.378163e-06 -1.634995e-03 5.380674e+01 3.747404e-06 1.000000e+00 2.244044e-04 -7.047880e+00 1.635094e-03 -2.244128e-04 9.999986e-01 2.053191e+02
9.999997e-01 2.546746e-04 -7.189034e-04 5.562563e+01 -2.546352e-04 1.000000e+00 5.174143e-05 -7.121802e+00 7.190159e-04 -5.156088e-05 9.999997e-01 2.057093e+02
9.999986e-01 4.875369e-05 -1.625132e-03 5.767444e+01 -4.836922e-05 1.000000e+00 2.352134e-04 -7.201434e+00 1.625242e-03 -2.351370e-04 9.999986e-01 2.059956e+02
9.999993e-01 2.874139e-04 -1.092786e-03 5.982793e+01 -2.873573e-04 1.000000e+00 4.990781e-05 -7.282088e+00 1.092900e-03 -4.959621e-05 9.999993e-01 2.061820e+02
9.999976e-01 4.133005e-05 -2.192749e-03 6.184738e+01 -4.083903e-05 1.000000e+00 2.229639e-04 -7.357201e+00 2.192857e-03 -2.228763e-04 9.999975e-01 2.063314e+02
9.999995e-01 2.717895e-04 -9.173284e-04 6.372090e+01 -2.717761e-04 1.000000e+00 1.234512e-05 -7.425662e+00 9.174310e-04 -1.209821e-05 9.999995e-01 2.064143e+02
9.999966e-01 1.394693e-05 -2.592483e-03 6.537603e+01 -1.336489e-05 1.000000e+00 2.236976e-04 -7.488014e+00 2.592585e-03 -2.236646e-04 9.999966e-01 2.065531e+02
9.999995e-01 3.119823e-04 -9.460142e-04 6.724560e+01 -3.119586e-04 1.000000e+00 2.302161e-05 -7.556016e+00 9.461205e-04 -2.272884e-05 9.999995e-01 2.066150e+02
9.999991e-01 7.774191e-06 -1.299752e-03 6.929092e+01 -7.502041e-06 1.000000e+00 2.077796e-04 -7.630532e+00 1.299853e-03 -2.077720e-04 9.999991e-01 2.067025e+02
9.999995e-01 2.882423e-04 -9.469306e-04 7.117160e+01 -2.882439e-04 1.000000e+00 -3.736840e-06 -7.698641e+00 9.470286e-04 4.007481e-06 9.999995e-01 2.067632e+02
