9.993523e-01 -9.226460e-04 3.597539e-02 4.949180e-02 9.680847e-04 9.999988e-01 -1.245651e-03 -1.698870e-02 -3.597419e-02 1.279672e-03 9.993518e-01 6.311266e-01
9.999948e-01 -7.713753e-05 3.220562e-03 9.464267e-02 7.751731e-05 1.000000e+00 -1.177943e-04 -3.107519e-02 -3.220546e-03 1.180436e-04 9.999947e-01 1.151608e+00
9.994146e-01 -8.756396e-04 3.420158e-02 1.505282e-01 9.167269e-04 9.999989e-01 -1.185665e-03 -4.631778e-02 -3.420049e-02 1.216325e-03 9.994142e-01 1.704435e+00
9.999954e-01 -7.688802e-05 3.015522e-03 2.127130e-01 7.721794e-05 1.000000e+00 -1.092815e-04 -6.216437e-02 -3.015499e-03 1.095138e-04 9.999953e-01 2.270643e+00
9.993266e-01 -9.397392e-04 3.668063e-02 2.811396e-01 9.867158e-04 9.999987e-01 -1.262610e-03 -8.039316e-02 -3.667937e-02 1.297953e-03 9.993261e-01 2.926202e+00
9.999302e-01 -2.865501e-04 1.181245e-02 3.389271e-01 2.916189e-04 9.999999e-01 -4.273818e-04 -9.503084e-02 -1.181230e-02 4.307963e-04 9.999300e-01 3.466365e+00
9.993022e-01 -9.556644e-04 3.733887e-02 3.977850e-01 1.003934e-03 9.999987e-01 -1.274012e-03 -1.090114e-01 -3.733757e-02 1.310608e-03 9.993018e-01 3.979418e+00
9.999815e-01 -1.468836e-04 6.074110e-03 4.539227e-01 1.482863e-04 1.000000e+00 -2.304513e-04 -1.241575e-01 -6.074044e-03 2.313470e-04 9.999814e-01 4.532569e+00
9.990485e-01 -1.101644e-03 4.359992e-02 5.171403e-01 1.167521e-03 9.999982e-01 -1.485509e-03 -1.382890e-01 -4.359817e-02 1.534999e-03 9.990479e-01 5.044740e+00
9.999888e-01 -1.155611e-04 4.734771e-03 5.911880e-01 1.164308e-04 1.000000e+00 -1.833428e-04 -1.555789e-01 -4.734708e-03 1.838909e-04 9.999887e-01 5.669517e+00
9.989123e-01 -1.169290e-03 4.661395e-02 6.719209e-01 1.244673e-03 9.999980e-01 -1.588170e-03 -1.730630e-01 -4.661196e-02 1.644461e-03 9.989116e-01 6.301637e+00
9.998608e-01 4.191769e-04 -1.667867e-02 7.104461e-01 -4.095314e-04 9.999997e-01 5.817015e-04 -1.928770e-01 1.667896e-02 -5.747915e-04 9.998606e-01 7.054565e+00
9.985849e-01 -1.323921e-03 5.316367e-02 7.621819e-01 1.422795e-03 9.999973e-01 -1.821998e-03 -2.110399e-01 -5.316106e-02 1.895059e-03 9.985841e-01 7.731335e+00
9.999958e-01 7.948824e-05 -2.910690e-03 8.256322e-01 -7.920551e-05 1.000000e+00 9.705885e-05 -2.275947e-01 2.910754e-03 -9.682962e-05 9.999957e-01 8.348768e+00
9.989872e-01 -1.139967e-03 4.498041e-02 8.952235e-01 1.210264e-03 9.999981e-01 -1.535616e-03 -2.467075e-01 -4.497851e-02 1.588497e-03 9.989866e-01 9.048480e+00
9.999652e-01 2.170039e-04 -8.336522e-03 9.622958e-01 -2.144877e-04 9.999999e-01 3.026359e-04 -2.684246e-01 8.336649e-03 -3.008393e-04 9.999651e-01 9.842284e+00
9.990246e-01 -1.131705e-03 4.414308e-02 1.010936e+00 1.199177e-03 9.999982e-01 -1.502008e-03 -2.924250e-01 -4.414124e-02 1.553476e-03 9.990240e-01 1.075716e+01
9.999983e-01 5.932490e-05 -1.828097e-03 1.081930e+00 -5.920948e-05 1.000000e+00 6.268473e-05 -3.141818e-01 1.828169e-03 -6.257866e-05 9.999982e-01 1.155775e+01
9.993430e-01 -9.541968e-04 3.623147e-02 1.129058e+00 9.988396e-04 9.999988e-01 -1.214049e-03 -3.392866e-01 -3.623020e-02 1.249438e-03 9.993426e-01 1.251157e+01
9.999985e-01 6.425622e-05 -1.721211e-03 1.181384e+00 -6.418578e-05 1.000000e+00 4.032824e-05 -3.609661e-01 1.721287e-03 -4.022022e-05 9.999984e-01 1.332585e+01
9.988798e-01 -1.205074e-03 4.730401e-02 1.245493e+00 1.282558e-03 9.999979e-01 -1.607664e-03 -3.769626e-01 -4.730190e-02 1.666530e-03 9.988792e-01 1.390519e+01
9.998811e-01 4.036161e-04 -1.541544e-02 1.297942e+00 -3.952892e-04 9.999998e-01 5.431190e-04 -3.969850e-01 1.541573e-02 -5.369636e-04 9.998809e-01 1.465149e+01
9.994091e-01 -9.040788e-04 3.436044e-02 1.327369e+00 9.446491e-04 9.999989e-01 -1.164472e-03 -4.179179e-01 -3.435927e-02 1.196239e-03 9.994087e-01 1.544347e+01
9.998801e-01 4.143853e-04 -1.548050e-02 1.371106e+00 -4.059978e-04 9.999998e-01 5.448489e-04 -4.387617e-01 1.548080e-02 -5.385014e-04 9.998799e-01 1.620864e+01
9.996015e-01 -7.552121e-04 2.821751e-02 1.412747e+00 7.824511e-04 9.999992e-01 -9.542438e-04 -4.600544e-01 -2.821669e-02 9.759394e-04 9.996013e-01 1.698720e+01
9.996882e-01 6.099317e-04 -2.496263e-02 1.337455e+00 -5.876015e-04 9.999994e-01 9.018024e-04 -4.827219e-01 2.496325e-02 -8.868560e-04 9.996879e-01 1.800879e+01
9.993325e-01 -9.360368e-04 3.651835e-02 1.294598e+00 9.824744e-04 9.999987e-01 -1.253658e-03 -5.058136e-01 -3.651705e-02 1.288696e-03 9.993321e-01 1.900574e+01
9.998780e-01 3.851634e-04 -1.561551e-02 1.303529e+00 -3.764353e-04 9.999998e-01 5.617616e-04 -5.259152e-01 1.561581e-02 -5.558178e-04 9.998778e-01 1.980518e+01
9.995976e-01 -7.460799e-04 2.835584e-02 1.286143e+00 7.736972e-04 9.999992e-01 -9.629388e-04 -5.486538e-01 -2.835502e-02 9.844870e-04 9.995974e-01 2.074461e+01
9.998933e-01 3.599118e-04 -1.460290e-02 1.298399e+00 -3.520699e-04 9.999998e-01 5.394549e-04 -5.738394e-01 1.460318e-02 -5.342592e-04 9.998931e-01 2.173578e+01
9.997687e-01 -5.943985e-04 2.149681e-02 1.286339e+00 6.098795e-04 9.999996e-01 -7.135256e-04 -6.004108e-01 -2.149629e-02 7.264679e-04 9.997686e-01 2.282043e+01
9.999492e-01 2.435772e-04 -1.007725e-02 1.231409e+00 -2.400040e-04 9.999999e-01 3.556071e-04 -6.238473e-01 1.007742e-02 -3.531736e-04 9.999491e-01 2.385342e+01
9.997253e-01 -6.448447e-04 2.342658e-02 1.177555e+00 6.631099e-04 9.999995e-01 -7.718401e-04 -6.494795e-01 -2.342599e-02 7.871593e-04 9.997252e-01 2.497445e+01
9.998055e-01 4.669745e-04 -1.971485e-02 1.057592e+00 -4.530990e-04 9.999996e-01 7.081713e-04 -6.752075e-01 1.971526e-02 -6.991039e-04 9.998053e-01 2.619971e+01
9.997661e-01 -6.049692e-04 2.161639e-02 9.700176e-01 6.202599e-04 9.999996e-01 -7.005875e-04 -7.010539e-01 -2.161587e-02 7.138282e-04 9.997660e-01 2.737092e+01
9.997996e-01 4.824025e-04 -2.001174e-02 9.041977e-01 -4.680287e-04 9.999996e-01 7.228484e-04 -7.261476e-01 2.001217e-02 -7.133407e-04 9.997994e-01 2.847278e+01
9.997610e-01 -6.065625e-04 2.185430e-02 7.850476e-01 6.228053e-04 9.999995e-01 -7.363503e-04 -7.483791e-01 -2.185375e-02 7.497820e-04 9.997608e-01 2.954400e+01
9.998235e-01 4.540906e-04 -1.878180e-02 6.398397e-01 -4.417508e-04 9.999997e-01 6.610438e-04 -7.663146e-01 1.878218e-02 -6.526334e-04 9.998233e-01 3.046789e+01
9.997295e-01 -6.462983e-04 2.324815e-02 4.129077e-01 6.649099e-04 9.999995e-01 -7.927611e-04 -7.800399e-01 -2.324754e-02 8.080013e-04 9.997293e-01 3.133251e+01
9.997931e-01 5.038528e-04 -2.033590e-02 3.068022e-01 -4.892989e-04 9.999996e-01 7.205452e-04 -7.988031e-01 2.033634e-02 -7.104490e-04 9.997929e-01 3.223194e+01
9.997645e-01 -6.092332e-04 2.169247e-02 9.805169e-02 6.251651e-04 9.999995e-01 -7.275835e-04 -8.153566e-01 -2.169193e-02 7.409702e-04 9.997644e-01 3.318990e+01
9.997959e-01 4.935726e-04 -2.019688e-02 -2.885890e-01 -4.790661e-04 9.999996e-01 7.229875e-04 -8.271962e-01 2.019731e-02 -7.131675e-04 9.997957e-01 3.420748e+01
9.997899e-01 -5.819231e-04 2.048871e-02 -6.167315e-01 5.962540e-04 9.999996e-01 -6.932607e-04 -8.414119e-01 -2.048821e-02 7.053282e-04 9.997898e-01 3.523895e+01
9.997862e-01 4.922882e-04 -2.066874e-02 -7.907722e-01 -4.767790e-04 9.999996e-01 7.551942e-04 -8.650631e-01 2.066919e-02 -7.451816e-04 9.997860e-01 3.645308e+01
9.997757e-01 -5.739507e-04 2.117041e-02 -1.168848e+00 5.899276e-04 9.999995e-01 -7.483565e-04 -8.726432e-01 -2.116988e-02 7.606744e-04 9.997755e-01 3.726409e+01
9.998683e-01 3.668281e-04 -1.622591e-02 -1.431169e+00 -3.571454e-04 9.999998e-01 5.995132e-04 -8.836713e-01 1.622621e-02 -5.936425e-04 9.998681e-01 3.806655e+01
9.997897e-01 -5.476483e-04 2.049709e-02 -1.583356e+00 5.625662e-04 9.999996e-01 -7.219567e-04 -8.982604e-01 -2.049660e-02 7.333325e-04 9.997896e-01 3.885900e+01
9.998101e-01 4.531701e-04 -1.948310e-02 -1.777396e+00 -4.392340e-04 9.999996e-01 7.194589e-04 -9.121638e-01 1.948351e-02 -7.107679e-04 9.998099e-01 3.967447e+01
9.996295e-01 -7.089018e-04 2.720833e-02 -1.818190e+00 7.350742e-04 9.999993e-01 -9.518643e-04 -9.326528e-01 -2.720754e-02 9.715085e-04 9.996293e-01 4.055160e+01
9.998889e-01 3.525082e-04 -1.490106e-02 -1.863611e+00 -3.444479e-04 9.999998e-01 5.433430e-04 -9.478487e-01 1.490133e-02 -5.381533e-04 9.998888e-01 4.121363e+01
9.996518e-01 -6.892587e-04 2.637522e-02 -1.932025e+00 7.137842e-04 9.999993e-01 -9.203895e-04 -9.648007e-01 -2.637448e-02 9.388919e-04 9.996516e-01 4.198466e+01
9.999468e-01 2.291502e-04 -1.030676e-02 -1.974313e+00 -2.251552e-04 9.999999e-01 3.885589e-04 -9.861116e-01 1.030694e-02 -3.862211e-04 9.999467e-01 4.290933e+01
9.997426e-01 -6.202168e-04 2.267858e-02 -2.164432e+00 6.387858e-04 9.999995e-01 -8.114603e-04 -9.979234e-01 -2.267798e-02 8.257347e-04 9.997424e-01 4.365222e+01
9.998558e-01 3.939212e-04 -1.697642e-02 -2.296189e+00 -3.831328e-04 9.999997e-01 6.386052e-04 -1.016500e+00 1.697676e-02 -6.320123e-04 9.998556e-01 4.458624e+01
9.993190e-01 -9.189416e-04 3.688651e-02 -2.252586e+00 9.675836e-04 9.999987e-01 -1.300805e-03 -1.036325e+00 -3.688518e-02 1.335606e-03 9.993185e-01 4.531693e+01
9.997908e-01 5.109701e-04 -2.044537e-02 -2.137573e+00 -4.952971e-04 9.999996e-01 7.715184e-04 -1.058264e+00 2.044584e-02 -7.612340e-04 9.997906e-01 4.601437e+01
9.996562e-01 -7.127080e-04 2.620748e-02 -2.160529e+00 7.367561e-04 9.999993e-01 -9.078729e-04 -1.083420e+00 -2.620672e-02 9.268657e-04 9.996560e-01 4.705724e+01
9.998396e-01 4.358412e-04 -1.790157e-02 -2.237771e+00 -4.238806e-04 9.999997e-01 6.717777e-04 -1.107632e+00 1.790195e-02 -6.640855e-04 9.998395e-01 4.815409e+01
9.997731e-01 -6.061607e-04 2.128958e-02 -2.318246e+00 6.218187e-04 9.999995e-01 -7.287515e-04 -1.132491e+00 -2.128903e-02 7.418207e-04 9.997730e-01 4.927279e+01
9.998240e-01 4.443112e-04 -1.875648e-02 -2.414718e+00 -4.305324e-04 9.999996e-01 7.385110e-04 -1.161651e+00 1.875689e-02 -7.303093e-04 9.998237e-01 5.059869e+01
9.998078e-01 -5.759159e-04 1.959738e-02 -2.491974e+00 5.889927e-04 9.999996e-01 -6.613833e-04 -1.191805e+00 -1.959690e-02 6.727952e-04 9.998077e-01 5.193063e+01
9.998176e-01 4.601415e-04 -1.909396e-02 -2.549012e+00 -4.460003e-04 9.999996e-01 7.447280e-04 -1.220739e+00 1.909439e-02 -7.360798e-04 9.998173e-01 5.317578e+01
9.997518e-01 -6.415578e-04 2.226687e-02 -2.609729e+00 6.585621e-04 9.999995e-01 -7.562272e-04 -1.250628e+00 -2.226628e-02 7.706999e-04 9.997517e-01 5.447032e+01
9.998199e-01 4.558826e-04 -1.897123e-02 -2.688568e+00 -4.418360e-04 9.999996e-01 7.444632e-04 -1.281288e+00 1.897165e-02 -7.359505e-04 9.998197e-01 5.582930e+01
9.988683e-01 -1.204644e-03 4.754638e-02 -2.668747e+00 1.284296e-03 9.999978e-01 -1.644667e-03 -1.314139e+00 -4.754420e-02 1.703866e-03 9.988676e-01 5.713873e+01
9.993044e-01 8.928074e-04 -3.728088e-02 -2.733848e+00 -8.399006e-04 9.999986e-01 1.434704e-03 -1.349398e+00 3.728221e-02 -1.402397e-03 9.993037e-01 5.867377e+01
9.992563e-01 -1.019637e-03 3.854425e-02 -2.800482e+00 1.070894e-03 9.999986e-01 -1.309150e-03 -1.385314e+00 -3.854276e-02 1.349449e-03 9.992560e-01 6.022875e+01
9.993747e-01 8.711822e-04 -3.534570e-02 -2.828173e+00 -8.247570e-04 9.999988e-01 1.327940e-03 -1.415863e+00 3.534691e-02 -1.297962e-03 9.993742e-01 6.149354e+01
9.993762e-01 -9.370534e-04 3.530213e-02 -2.832183e+00 9.804073e-04 9.999988e-01 -1.210717e-03 -1.443893e+00 -3.530086e-02 1.244569e-03 9.993759e-01 6.260923e+01
9.993694e-01 8.568199e-04 -3.549699e-02 -2.860866e+00 -8.086883e-04 9.999987e-01 1.370191e-03 -1.477640e+00 3.549821e-02 -1.340624e-03 9.993688e-01 6.400474e+01
9.993417e-01 -9.730437e-04 3.626455e-02 -2.898285e+00 1.018538e-03 9.999987e-01 -1.235985e-03 -1.512773e+00 -3.626321e-02 1.272105e-03 9.993414e-01 6.547613e+01
9.993980e-01 8.630946e-04 -3.468107e-02 -2.929797e+00 -8.182634e-04 9.999988e-01 1.306761e-03 -1.542180e+00 3.468225e-02 -1.277600e-03 9.993975e-01 6.669886e+01
9.991367e-01 -1.033699e-03 4.152930e-02 -2.804585e+00 1.095134e-03 9.999983e-01 -1.456539e-03 -1.569312e+00 -4.152763e-02 1.500758e-03 9.991362e-01 6.757785e+01
9.994729e-01 8.053902e-04 -3.245181e-02 -2.751283e+00 -7.660322e-04 9.999990e-01 1.225139e-03 -1.595545e+00 3.245286e-02 -1.199638e-03 9.994725e-01 6.853575e+01
9.993306e-01 -9.701665e-04 3.656945e-02 -2.797483e+00 1.017228e-03 9.999987e-01 -1.268262e-03 -1.623184e+00 -3.656807e-02 1.304608e-03 9.993302e-01 6.971034e+01
9.993985e-01 8.612288e-04 -3.466599e-02 -2.818851e+00 -8.157142e-04 9.999988e-01 1.326983e-03 -1.651746e+00 3.466718e-02 -1.297911e-03 9.993980e-01 7.088068e+01
9.992690e-01 -1.015419e-03 3.821565e-02 -2.843721e+00 1.067056e-03 9.999985e-01 -1.330764e-03 -1.681389e+00 -3.821415e-02 1.370565e-03 9.992686e-01 7.210288e+01
9.993703e-01 9.033547e-04 -3.547074e-02 -2.886914e+00 -8.567871e-04 9.999988e-01 1.327941e-03 -1.705732e+00 3.547199e-02 -1.296718e-03 9.993698e-01 7.313496e+01
9.993133e-01 -9.999427e-04 3.703782e-02 -2.968687e+00 1.048077e-03 9.999986e-01 -1.280129e-03 -1.731732e+00 -3.703639e-02 1.318065e-03 9.993130e-01 7.430140e+01
9.993381e-01 9.114766e-04 -3.636518e-02 -3.059121e+00 -8.615225e-04 9.999987e-01 1.389243e-03 -1.761689e+00 3.636650e-02 -1.356997e-03 9.993375e-01 7.564606e+01
9.993063e-01 -1.004357e-03 3.722587e-02 -3.138793e+00 1.053113e-03 9.999986e-01 -1.290085e-03 -1.791426e+00 -3.722443e-02 1.328390e-03 9.993060e-01 7.696389e+01
9.993282e-01 9.328123e-04 -3.663503e-02 -3.215877e+00 -8.827933e-04 9.999987e-01 1.381402e-03 -1.817864e+00 3.663637e-02 -1.348137e-03 9.993277e-01 7.813889e+01
9.993341e-01 -9.792078e-04 3.647475e-02 -3.272713e+00 1.026709e-03 9.999986e-01 -1.283524e-03 -1.842105e+00 -3.647334e-02 1.320115e-03 9.993337e-01 7.918537e+01
9.993333e-01 9.276138e-04 -3.649794e-02 -3.331478e+00 -8.775595e-04 9.999987e-01 1.387341e-03 -1.867461e+00 3.649928e-02 -1.354391e-03 9.993327e-01 8.028231e+01
9.992908e-01 -1.009231e-03 3.764033e-02 -3.374061e+00 1.059900e-03 9.999986e-01 -1.326132e-03 -1.892722e+00 -3.763884e-02 1.365082e-03 9.992904e-01 8.134971e+01
9.994312e-01 8.636110e-04 -3.371271e-02 -3.369751e+00 -8.203002e-04 9.999988e-01 1.298422e-03 -1.920278e+00 3.371389e-02 -1.270033e-03 9.994307e-01 8.243349e+01
9.993227e-01 -9.864952e-04 3.678432e-02 -3.323347e+00 1.034570e-03 9.999986e-01 -1.287840e-03 -1.948942e+00 -3.678290e-02 1.325019e-03 9.993223e-01 8.349496e+01
9.993629e-01 9.243861e-04 -3.567803e-02 -3.278359e+00 -8.765474e-04 9.999987e-01 1.356379e-03 -1.974488e+00 3.567934e-02 -1.324245e-03 9.993624e-01 8.442605e+01
9.992669e-01 -1.035751e-03 3.826845e-02 -3.276143e+00 1.087729e-03 9.999985e-01 -1.337383e-03 -2.001316e+00 -3.826692e-02 1.378025e-03 9.992665e-01 8.548424e+01
9.993096e-01 9.484818e-04 -3.714086e-02 -3.309651e+00 -8.960937e-04 9.999986e-01 1.427062e-03 -2.029614e+00 3.714225e-02 -1.392798e-03 9.993090e-01 8.666419e+01
9.992231e-01 -1.044118e-03 3.939584e-02 -3.305937e+00 1.100093e-03 9.999984e-01 -1.399105e-03 -2.055585e+00 -3.939422e-02 1.441353e-03 9.992226e-01 8.768396e+01
9.992668e-01 9.809875e-04 -3.827295e-02 -3.284110e+00 -9.250201e-04 9.999985e-01 1.479925e-03 -2.081903e+00 3.827444e-02 -1.443440e-03 9.992662e-01 8.868791e+01
9.992354e-01 -1.044155e-03 3.908322e-02 -3.335576e+00 1.100079e-03 9.999984e-01 -1.409352e-03 -2.106324e+00 -3.908159e-02 1.451265e-03 9.992349e-01 8.973580e+01
9.992587e-01 9.908966e-04 -3.848440e-02 -3.400874e+00 -9.344414e-04 9.999985e-01 1.484843e-03 -2.129611e+00 3.848591e-02 -1.447784e-03 9.992580e-01 9.075867e+01
9.992264e-01 -1.062794e-03 3.931216e-02 -3.465551e+00 1.118823e-03 9.999984e-01 -1.403206e-03 -2.155608e+00 -3.931051e-02 1.446100e-03 9.992259e-01 9.189424e+01
9.992780e-01 9.858027e-04 -3.798004e-02 -3.515824e+00 -9.308231e-04 9.999985e-01 1.465165e-03 -2.180831e+00 3.798152e-02 -1.428758e-03 9.992774e-01 9.297479e+01
9.991844e-01 -1.084807e-03 4.036548e-02 -3.570242e+00 1.144923e-03 9.999983e-01 -1.466135e-03 -2.203412e+00 -4.036373e-02 1.511150e-03 9.991838e-01 9.395214e+01
9.993422e-01 9.402098e-04 -3.625202e-02 -3.687680e+00 -8.906424e-04 9.999986e-01 1.383341e-03 -2.220770e+00 3.625337e-02 -1.350147e-03 9.993417e-01 9.480951e+01
9.992066e-01 -1.063881e-03 3.981168e-02 -3.792213e+00 1.122630e-03 9.999983e-01 -1.453267e-03 -2.238938e+00 -3.980997e-02 1.496804e-03 9.992061e-01 9.568102e+01
9.993495e-01 9.368562e-04 -3.604925e-02 -3.862488e+00 -8.873456e-04 9.999986e-01 1.389302e-03 -2.260316e+00 3.605060e-02 -1.356414e-03 9.993490e-01 9.663603e+01
9.992121e-01 -1.074854e-03 3.967402e-02 -3.924831e+00 1.132372e-03 9.999983e-01 -1.427262e-03 -2.285080e+00 -3.967232e-02 1.471060e-03 9.992116e-01 9.771926e+01
9.993157e-01 9.637922e-04 -3.697583e-02 -3.982030e+00 -9.112879e-04 9.999986e-01 1.436702e-03 -2.310535e+00 3.697726e-02 -1.402027e-03 9.993151e-01 9.882098e+01
9.991389e-01 -1.117349e-03 4.147340e-02 -4.056058e+00 1.181159e-03 9.999982e-01 -1.514040e-03 -2.334056e+00 -4.147153e-02 1.561719e-03 9.991384e-01 9.987367e+01
9.993163e-01 9.680977e-04 -3.695720e-02 -4.118525e+00 -9.149479e-04 9.999985e-01 1.454943e-03 -2.359692e+00 3.695866e-02 -1.420138e-03 9.993157e-01 1.009943e+02
9.991761e-01 -1.109709e-03 4.056756e-02 -4.175004e+00 1.170197e-03 9.999982e-01 -1.467245e-03 -2.387494e+00 -4.056576e-02 1.513504e-03 9.991757e-01 1.021939e+02
9.992763e-01 9.978201e-04 -3.802315e-02 -4.261688e+00 -9.415973e-04 9.999984e-01 1.496439e-03 -2.415019e+00 3.802468e-02 -1.459558e-03 9.992757e-01 1.034342e+02
9.991964e-01 -1.092778e-03 4.006546e-02 -4.341394e+00 1.152583e-03 9.999983e-01 -1.469527e-03 -2.439960e+00 -4.006369e-02 1.514521e-03 9.991959e-01 1.045542e+02
9.995368e-01 8.233817e-04 -3.042211e-02 -4.368536e+00 -7.869148e-04 9.999990e-01 1.210542e-03 -2.464181e+00 3.042317e-02 -1.186045e-03 9.995363e-01 1.055657e+02
9.989422e-01 -1.227205e-03 4.596700e-02 -4.374633e+00 1.305388e-03 9.999978e-01 -1.670804e-03 -2.488703e+00 -4.596474e-02 1.729037e-03 9.989415e-01 1.065623e+02
9.996578e-01 7.160617e-04 -2.614745e-02 -4.388820e+00 -6.886745e-04 9.999992e-01 1.056270e-03 -2.513750e+00 2.614828e-02 -1.037905e-03 9.996575e-01 1.075966e+02
9.993727e-01 -9.893247e-04 3.539946e-02 -4.434057e+00 1.036132e-03 9.999986e-01 -1.303846e-03 -2.539553e+00 -3.539802e-02 1.339702e-03 9.993723e-01 1.087060e+02
9.995399e-01 8.166938e-04 -3.031870e-02 -4.470022e+00 -7.800130e-04 9.999989e-01 1.221531e-03 -2.566202e+00 3.031977e-02 -1.197324e-03 9.995395e-01 1.098267e+02
9.990687e-01 -1.159503e-03 4.313108e-02 -4.477134e+00 1.229370e-03 9.999980e-01 -1.593316e-03 -2.589989e+00 -4.312904e-02 1.644852e-03 9.990681e-01 1.107898e+02
9.994279e-01 9.121371e-04 -3.380865e-02 -4.507076e+00 -8.668170e-04 9.999987e-01 1.355014e-03 -2.615497e+00 3.380994e-02 -1.324937e-03 9.994273e-01 1.118588e+02
9.993198e-01 -1.051014e-03 3.686114e-02 -4.601439e+00 1.101696e-03 9.999985e-01 -1.354562e-03 -2.643420e+00 -3.685956e-02 1.394246e-03 9.993194e-01 1.131285e+02
9.994479e-01 8.987427e-04 -3.321167e-02 -4.698463e+00 -8.549871e-04 9.999987e-01 1.331543e-03 -2.671113e+00 3.321293e-02 -1.302416e-03 9.994474e-01 1.143939e+02
9.992557e-01 -1.083104e-03 3.855997e-02 -4.780278e+00 1.139108e-03 9.999983e-01 -1.430374e-03 -2.697221e+00 -3.855826e-02 1.473229e-03 9.992552e-01 1.155703e+02
9.992864e-01 1.019852e-03 -3.775718e-02 -4.854520e+00 -9.634949e-04 9.999984e-01 1.510686e-03 -2.722298e+00 3.775875e-02 -1.473233e-03 9.992857e-01 1.166843e+02
9.992466e-01 -1.075500e-03 3.879304e-02 -4.936101e+00 1.133390e-03 9.999983e-01 -1.470223e-03 -2.743536e+00 -3.879129e-02 1.513079e-03 9.992461e-01 1.176508e+02
9.992726e-01 1.033666e-03 -3.811924e-02 -4.986841e+00 -9.763984e-04 9.999984e-01 1.520824e-03 -2.763831e+00 3.812084e-02 -1.482503e-03 9.992720e-01 1.185235e+02
9.992113e-01 -1.087348e-03 3.969326e-02 -5.039544e+00 1.148312e-03 9.999982e-01 -1.513025e-03 -2.782348e+00 -3.969145e-02 1.557408e-03 9.992107e-01 1.193265e+02
9.992522e-01 1.038449e-03 -3.865057e-02 -5.112242e+00 -9.792391e-04 9.999983e-01 1.550732e-03 -2.802751e+00 3.865222e-02 -1.511728e-03 9.992515e-01 1.202422e+02
9.992126e-01 -1.075469e-03 3.966049e-02 -5.205098e+00 1.136999e-03 9.999982e-01 -1.528805e-03 -2.819123e+00 -3.965867e-02 1.572691e-03 9.992120e-01 1.210101e+02
9.992485e-01 1.038300e-03 -3.874703e-02 -5.269768e+00 -9.783131e-04 9.999983e-01 1.567000e-03 -2.838532e+00 3.874869e-02 -1.527919e-03 9.992478e-01 1.218679e+02
9.992224e-01 -1.074552e-03 3.941379e-02 -5.304603e+00 1.135387e-03 9.999982e-01 -1.521067e-03 -2.857824e+00 -3.941198e-02 1.564630e-03 9.992218e-01 1.226723e+02
9.992403e-01 1.035311e-03 -3.895803e-02 -5.325013e+00 -9.734524e-04 9.999982e-01 1.606677e-03 -2.881152e+00 3.895973e-02 -1.567537e-03 9.992395e-01 1.236203e+02
9.991618e-01 -1.113565e-03 4.091821e-02 -5.365466e+00 1.179120e-03 9.999981e-01 -1.577900e-03 -2.905006e+00 -4.091628e-02 1.624821e-03 9.991612e-01 1.246271e+02
9.994839e-01 8.779229e-04 -3.210997e-02 -5.367205e+00 -8.357598e-04 9.999988e-01 1.326361e-03 -2.923783e+00 3.211119e-02 -1.298845e-03 9.994834e-01 1.253672e+02
9.988866e-01 -1.256086e-03 4.715884e-02 -5.430908e+00 1.342627e-03 9.999975e-01 -1.803391e-03 -2.936431e+00 -4.715636e-02 1.864695e-03 9.988857e-01 1.259512e+02
9.993274e-01 1.025969e-03 -3.665566e-02 -5.308509e+00 -9.710829e-04 9.999984e-01 1.515009e-03 -2.958401e+00 3.665726e-02 -1.478398e-03 9.993268e-01 1.266292e+02
9.990282e-01 -1.172121e-03 4.405944e-02 -5.150860e+00 1.248318e-03 9.999978e-01 -1.701864e-03 -2.980321e+00 -4.405725e-02 1.755206e-03 9.990274e-01 1.272533e+02
9.993332e-01 1.017693e-03 -3.649636e-02 -5.023509e+00 -9.634998e-04 9.999984e-01 1.502348e-03 -3.000706e+00 3.649793e-02 -1.466186e-03 9.993326e-01 1.278569e+02
9.989875e-01 -1.224172e-03 4.497159e-02 -5.018761e+00 1.303399e-03 9.999976e-01 -1.732347e-03 -3.020332e+00 -4.496926e-02 1.789205e-03 9.989867e-01 1.286177e+02
9.993413e-01 1.019944e-03 -3.627341e-02 -4.945477e+00 -9.663147e-04 9.999984e-01 1.495864e-03 -3.039835e+00 3.627498e-02 -1.459831e-03 9.993407e-01 1.292620e+02
9.990570e-01 -1.201777e-03 4.340068e-02 -5.007916e+00 1.276538e-03 9.999977e-01 -1.694819e-03 -3.053274e+00 -4.339845e-02 1.748619e-03 9.990563e-01 1.298677e+02
9.993741e-01 9.821143e-04 -3.536052e-02 -5.175417e+00 -9.306440e-04 9.999985e-01 1.471896e-03 -3.065279e+00 3.536201e-02 -1.438071e-03 9.993735e-01 1.305712e+02
9.991710e-01 -1.142600e-03 4.069395e-02 -5.258492e+00 1.208651e-03 9.999980e-01 -1.598441e-03 -3.082633e+00 -4.069194e-02 1.646297e-03 9.991703e-01 1.313758e+02
9.993642e-01 1.001315e-03 -3.563907e-02 -5.294844e+00 -9.486357e-04 9.999984e-01 1.494903e-03 -3.103769e+00 3.564061e-02 -1.460148e-03 9.993636e-01 1.322668e+02
9.992433e-01 -1.117338e-03 3.887900e-02 -5.348699e+00 1.177669e-03 9.999981e-01 -1.528802e-03 -3.126386e+00 -3.887712e-02 1.573428e-03 9.992427e-01 1.332454e+02
9.996207e-01 8.221772e-04 -2.752456e-02 -5.241624e+00 -7.886101e-04 9.999989e-01 1.230207e-03 -3.157345e+00 2.752564e-02 -1.208038e-03 9.996203e-01 1.343037e+02
9.995043e-01 -9.700544e-04 3.146715e-02 -5.203918e+00 1.009882e-03 9.999987e-01 -1.249692e-03 -3.186809e+00 -3.146580e-02 1.280847e-03 9.995040e-01 1.354205e+02
9.995757e-01 8.612186e-04 -2.911222e-02 -5.299380e+00 -8.258575e-04 9.999989e-01 1.226501e-03 -3.207735e+00 2.911335e-02 -1.201942e-03 9.995753e-01 1.363951e+02
9.991641e-01 -1.183463e-03 4.085958e-02 -5.338980e+00 1.248556e-03 9.999980e-01 -1.567494e-03 -3.230340e+00 -4.085755e-02 1.617195e-03 9.991636e-01 1.373627e+02
9.997827e-01 6.691261e-04 -2.083088e-02 -5.302486e+00 -6.498576e-04 9.999994e-01 9.315338e-04 -3.252858e+00 2.083159e-02 -9.177986e-04 9.997825e-01 1.382049e+02
9.995252e-01 -9.666892e-04 3.079374e-02 -5.321842e+00 1.004602e-03 9.999988e-01 -1.215612e-03 -3.277224e+00 -3.079243e-02 1.245966e-03 9.995250e-01 1.392076e+02
9.996254e-01 8.284218e-04 -2.735507e-02 -5.367647e+00 -7.972427e-04 9.999990e-01 1.150510e-03 -3.297294e+00 2.735609e-02 -1.128274e-03 9.996251e-01 1.400662e+02
9.991896e-01 -1.173627e-03 4.023254e-02 -5.368862e+00 1.236755e-03 9.999980e-01 -1.544118e-03 -3.316430e+00 -4.023055e-02 1.592620e-03 9.991891e-01 1.408241e+02
9.997943e-01 6.477303e-04 -2.027055e-02 -5.372497e+00 -6.295226e-04 9.999994e-01 9.043647e-04 -3.337648e+00 2.027123e-02 -8.914222e-04 9.997941e-01 1.416857e+02
9.994495e-01 -1.013559e-03 3.315982e-02 -5.385808e+00 1.056987e-03 9.999986e-01 -1.292014e-03 -3.362049e+00 -3.315836e-02 1.326348e-03 9.994492e-01 1.426804e+02
9.998158e-01 6.282077e-04 -1.917978e-02 -5.338616e+00 -6.116166e-04 9.999994e-01 8.706287e-04 -3.387287e+00 1.918042e-02 -8.587420e-04 9.998156e-01 1.436093e+02
9.993639e-01 -1.072300e-03 3.564333e-02 -5.320426e+00 1.122093e-03 9.999984e-01 -1.376874e-03 -3.412063e+00 -3.564170e-02 1.415989e-03 9.993636e-01 1.445751e+02
9.995096e-01 9.103467e-04 -3.129763e-02 -5.388654e+00 -8.696755e-04 9.999988e-01 1.312926e-03 -3.437446e+00 3.129889e-02 -1.285068e-03 9.995092e-01 1.456942e+02
9.993426e-01 -1.096091e-03 3.623640e-02 -5.442057e+00 1.147091e-03 9.999984e-01 -1.386536e-03 -3.464786e+00 -3.623472e-02 1.427187e-03 9.993422e-01 1.468689e+02
9.995937e-01 8.556908e-04 -2.848796e-02 -5.462993e+00 -8.217972e-04 9.999989e-01 1.201260e-03 -3.490494e+00 2.848906e-02 -1.177365e-03 9.995934e-01 1.479282e+02
9.996523e-01 -8.036091e-04 2.635346e-02 -5.198405e+00 8.319751e-04 9.999991e-01 -1.065236e-03 -3.512939e+00 -2.635248e-02 1.086787e-03 9.996521e-01 1.483857e+02
9.996858e-01 7.584570e-04 -2.505086e-02 -5.114072e+00 -7.322223e-04 9.999992e-01 1.056210e-03 -3.531410e+00 2.505173e-02 -1.037540e-03 9.996856e-01 1.489633e+02
9.996257e-01 -8.743662e-04 2.734359e-02 -5.122484e+00 9.036511e-04 9.999990e-01 -1.058478e-03 -3.555066e+00 -2.734254e-02 1.082787e-03 9.996255e-01 1.499064e+02
9.996148e-01 8.423634e-04 -2.773874e-02 -5.112827e+00 -8.110591e-04 9.999990e-01 1.139587e-03 -3.576100e+00 2.773977e-02 -1.116655e-03 9.996145e-01 1.507053e+02
9.997149e-01 -7.541803e-04 2.386224e-02 -5.145729e+00 7.776065e-04 9.999992e-01 -9.722558e-04 -3.591938e+00 -2.386139e-02 9.905297e-04 9.997147e-01 1.513598e+02
9.998361e-01 5.566152e-04 -1.809343e-02 -5.158819e+00 -5.421399e-04 9.999995e-01 8.046438e-04 -3.611008e+00 1.809396e-02 -7.947071e-04 9.998359e-01 1.521213e+02
9.996994e-01 -7.735398e-04 2.450366e-02 -5.183512e+00 7.977470e-04 9.999992e-01 -9.779388e-04 -3.633924e+00 -2.450279e-02 9.971881e-04 9.996992e-01 1.530669e+02
9.998112e-01 5.766713e-04 -1.941697e-02 -5.240325e+00 -5.602879e-04 9.999995e-01 8.489271e-04 -3.655992e+00 1.941755e-02 -8.378922e-04 9.998111e-01 1.540295e+02
9.997348e-01 -7.240926e-04 2.301520e-02 -5.244295e+00 7.461959e-04 9.999993e-01 -9.515872e-04 -3.672733e+00 -2.301439e-02 9.685042e-04 9.997346e-01 1.546810e+02
9.998559e-01 5.320150e-04 -1.696389e-02 -5.235004e+00 -5.191938e-04 9.999996e-01 7.598785e-04 -3.688930e+00 1.696439e-02 -7.509659e-04 9.998558e-01 1.552925e+02
9.997184e-01 -7.538302e-04 2.371648e-02 -5.251820e+00 7.768544e-04 9.999992e-01 -9.613991e-04 -3.708415e+00 -2.371564e-02 9.795482e-04 9.997182e-01 1.560838e+02
9.998354e-01 5.609438e-04 -1.812985e-02 -5.274403e+00 -5.465948e-04 9.999995e-01 7.961083e-04 -3.726359e+00 1.813039e-02 -7.860720e-04 9.998353e-01 1.568162e+02
9.996699e-01 -7.884365e-04 2.567623e-02 -5.262551e+00 8.151980e-04 9.999991e-01 -1.031613e-03 -3.744488e+00 -2.567530e-02 1.052199e-03 9.996697e-01 1.575060e+02
9.997827e-01 6.241923e-04 -2.083532e-02 -5.275439e+00 -6.055768e-04 9.999994e-01 8.994947e-04 -3.763445e+00 2.083597e-02 -8.866862e-04 9.997825e-01 1.582657e+02
9.996572e-01 -8.110645e-04 2.616660e-02 -5.301491e+00 8.386052e-04 9.999991e-01 -1.041356e-03 -3.783975e+00 -2.616564e-02 1.062938e-03 9.996570e-01 1.591135e+02
9.997202e-01 6.896390e-04 -2.364141e-02 -5.327569e+00 -6.658678e-04 9.999993e-01 1.013115e-03 -3.805747e+00 2.364219e-02 -9.970937e-04 9.997199e-01 1.600069e+02
9.997150e-01 -7.448839e-04 2.385837e-02 -5.367791e+00 7.685956e-04 9.999992e-01 -9.844752e-04 -3.823547e+00 -2.385752e-02 1.002528e-03 9.997148e-01 1.607573e+02
9.997419e-01 6.450532e-04 -2.270833e-02 -5.420725e+00 -6.221512e-04 9.999993e-01 1.015338e-03 -3.847024e+00 2.270907e-02 -1.000953e-03 9.997416e-01 1.617649e+02
9.996650e-01 -8.035032e-04 2.586560e-02 -5.450252e+00 8.307293e-04 9.999991e-01 -1.041667e-03 -3.873558e+00 -2.586464e-02 1.062801e-03 9.996648e-01 1.628630e+02
9.997747e-01 6.212680e-04 -2.121281e-02 -5.474441e+00 -6.012985e-04 9.999994e-01 9.474974e-04 -3.898029e+00 2.121348e-02 -9.345332e-04 9.997745e-01 1.638681e+02
9.997967e-01 -6.432854e-04 2.014919e-02 -5.597756e+00 6.611140e-04 9.999994e-01 -8.779186e-04 -3.914201e+00 -2.014852e-02 8.910566e-04 9.997966e-01 1.646673e+02
9.997886e-01 5.932469e-04 -2.055167e-02 -5.775077e+00 -5.744945e-04 9.999994e-01 9.180740e-04 -3.928292e+00 2.055230e-02 -9.060775e-04 9.997883e-01 1.654603e+02
9.997473e-01 -7.167718e-04 2.246498e-02 -5.889714e+00 7.378248e-04 9.999993e-01 -9.286354e-04 -3.951073e+00 -2.246420e-02 9.449715e-04 9.997472e-01 1.665481e+02
9.997811e-01 5.786379e-04 -2.090992e-02 -6.004175e+00 -5.582869e-04 9.999994e-01 9.788293e-04 -3.980678e+00 2.091057e-02 -9.669457e-04 9.997808e-01 1.679209e+02
9.996902e-01 -7.564859e-04 2.487697e-02 -6.108520e+00 7.833430e-04 9.999991e-01 -1.069654e-03 -4.002933e+00 -2.487604e-02 1.088805e-03 9.996899e-01 1.689718e+02
9.997332e-01 6.416949e-04 -2.308839e-02 -6.188863e+00 -6.168197e-04 9.999992e-01 1.084258e-03 -4.027274e+00 2.308916e-02 -1.069731e-03 9.997328e-01 1.700669e+02
9.997237e-01 -7.250436e-04 2.349065e-02 -6.291996e+00 7.493824e-04 9.999992e-01 -1.027089e-03 -4.051181e+00 -2.348979e-02 1.044404e-03 9.997235e-01 1.711800e+02
9.997461e-01 6.300689e-04 -2.252124e-02 -6.481718e+00 -6.066178e-04 9.999993e-01 1.047854e-03 -4.069487e+00 2.252199e-02 -1.033931e-03 9.997458e-01 1.721837e+02
9.997118e-01 -7.550427e-04 2.399391e-02 -6.592965e+00 7.793572e-04 9.999992e-01 -1.003804e-03 -4.097013e+00 -2.399304e-02 1.022210e-03 9.997116e-01 1.734638e+02
9.997123e-01 6.657019e-04 -2.397198e-02 -6.693495e+00 -6.393791e-04 9.999992e-01 1.105476e-03 -4.125518e+00 2.397280e-02 -1.089835e-03 9.997120e-01 1.747632e+02
9.997189e-01 -7.323010e-04 2.369668e-02 -6.814840e+00 7.567982e-04 9.999992e-01 -1.024603e-03 -4.149805e+00 -2.369581e-02 1.042244e-03 9.997186e-01 1.759196e+02
9.997087e-01 6.995796e-04 -2.412206e-02 -7.160444e+00 -6.738136e-04 9.999992e-01 1.076032e-03 -4.158060e+00 2.412290e-02 -1.059470e-03 9.997084e-01 1.767056e+02
9.998494e-01 -5.298041e-04 1.734250e-02 -7.481523e+00 5.440533e-04 9.999995e-01 -8.166164e-04 -4.163003e+00 -1.734196e-02 8.259241e-04 9.998492e-01 1.772974e+02
9.997400e-01 6.409400e-04 -2.279085e-02 -7.752958e+00 -6.175398e-04 9.999993e-01 1.033513e-03 -4.172123e+00 2.279160e-02 -1.019174e-03 9.997397e-01 1.779966e+02
9.997985e-01 -6.035309e-04 2.006031e-02 -7.972953e+00 6.220634e-04 9.999994e-01 -9.173469e-04 -4.181887e+00 -2.005965e-02 9.296364e-04 9.997983e-01 1.786518e+02
9.997925e-01 5.593959e-04 -2.035954e-02 -8.256150e+00 -5.400300e-04 9.999994e-01 9.564111e-04 -4.191709e+00 2.036016e-02 -9.452223e-04 9.997922e-01 1.794145e+02
9.997984e-01 -6.132169e-04 2.006690e-02 -8.456622e+00 6.316054e-04 9.999994e-01 -9.097682e-04 -4.207346e+00 -2.006623e-02 9.222546e-04 9.997982e-01 1.803124e+02
9.997348e-01 6.396640e-04 -2.301862e-02 -8.503022e+00 -6.152296e-04 9.999992e-01 1.068331e-03 -4.228881e+00 2.301938e-02 -1.053890e-03 9.997344e-01 1.812195e+02
9.998983e-01 -4.354581e-04 1.425166e-02 -8.516607e+00 4.453662e-04 9.999997e-01 -6.916844e-04 -4.247613e+00 -1.425126e-02 6.979567e-04 9.998982e-01 1.819531e+02
9.997654e-01 6.018986e-04 -2.164816e-02 -8.566973e+00 -5.805244e-04 9.999993e-01 9.933683e-04 -4.266529e+00 2.164884e-02 -9.805724e-04 9.997651e-01 1.827622e+02
9.998777e-01 -4.785849e-04 1.562679e-02 -8.616375e+00 4.901470e-04 9.999996e-01 -7.357312e-04 -4.283748e+00 -1.562633e-02 7.432962e-04 9.998776e-01 1.834914e+02
9.998932e-01 3.939124e-04 -1.460332e-02 -8.730713e+00 -3.834713e-04 9.999997e-01 7.174033e-04 -4.296674e+00 1.460369e-02 -7.117312e-04 9.998931e-01 1.841412e+02
9.999152e-01 -3.928416e-04 1.301104e-02 -8.893434e+00 4.014319e-04 9.999997e-01 -6.572234e-04 -4.306269e+00 -1.301068e-02 6.623862e-04 9.999151e-01 1.847134e+02
9.999157e-01 3.137510e-04 -1.297680e-02 -8.953749e+00 -3.046007e-04 9.999997e-01 7.066809e-04 -4.328066e+00 1.297711e-02 -7.026731e-04 9.999155e-01 1.856634e+02
9.999334e-01 -3.438909e-04 1.152669e-02 -8.987606e+00 3.510836e-04 9.999997e-01 -6.215321e-04 -4.348523e+00 -1.152638e-02 6.255331e-04 9.999333e-01 1.865103e+02
9.998690e-01 4.023739e-04 -1.617913e-02 -8.813746e+00 -3.889511e-04 9.999996e-01 8.324459e-04 -4.371133e+00 1.617956e-02 -8.260484e-04 9.998687e-01 1.871114e+02
9.999436e-01 -2.786734e-04 1.061563e-02 -8.360140e+00 2.848182e-04 9.999998e-01 -5.768521e-04 -4.397604e+00 -1.061537e-02 5.798386e-04 9.999434e-01 1.874564e+02
9.998604e-01 4.356842e-04 -1.670246e-02 -7.875533e+00 -4.215951e-04 9.999996e-01 8.467293e-04 -4.423748e+00 1.670292e-02 -8.395738e-04 9.998601e-01 1.877423e+02
9.998806e-01 -4.065544e-04 1.544323e-02 -7.394158e+00 4.177998e-04 9.999997e-01 -7.246237e-04 -4.454275e+00 -1.544283e-02 7.309849e-04 9.998804e-01 1.882254e+02
9.998940e-01 3.342568e-04 -1.455108e-02 -7.202000e+00 -3.230338e-04 9.999996e-01 7.732618e-04 -4.482037e+00 1.455144e-02 -7.684838e-04 9.998938e-01 1.890368e+02
9.998543e-01 -4.324264e-04 1.706150e-02 -6.936843e+00 4.457197e-04 9.999996e-01 -7.750438e-04 -4.512438e+00 -1.706106e-02 7.825310e-04 9.998541e-01 1.898510e+02
9.998694e-01 4.018339e-04 -1.615531e-02 -6.431743e+00 -3.881785e-04 9.999996e-01 8.480593e-04 -4.546954e+00 1.615574e-02 -8.416819e-04 9.998691e-01 1.904783e+02
9.998806e-01 -4.453295e-04 1.543965e-02 -6.410228e+00 4.574242e-04 9.999996e-01 -7.794921e-04 -4.567770e+00 -1.543919e-02 7.864570e-04 9.998805e-01 1.912490e+02
9.998609e-01 4.072032e-04 -1.667212e-02 -6.332131e+00 -3.924093e-04 9.999995e-01 8.902917e-04 -4.593221e+00 1.667258e-02 -8.836300e-04 9.998606e-01 1.921232e+02
9.998489e-01 -4.327615e-04 1.737589e-02 -5.696918e+00 4.467816e-04 9.999996e-01 -8.027053e-04 -4.631112e+00 -1.737544e-02 8.103427e-04 9.998487e-01 1.927065e+02
9.999190e-01 4.095906e-04 -1.271413e-02 -4.568710e+00 -3.994488e-04 9.999996e-01 7.997939e-04 -4.681202e+00 1.271455e-02 -7.946550e-04 9.999188e-01 1.930784e+02
9.998815e-01 -4.477791e-04 1.538527e-02 -3.841280e+00 4.598730e-04 9.999996e-01 -7.822056e-04 -4.719187e+00 -1.538482e-02 7.891836e-04 9.998813e-01 1.935280e+02
9.999116e-01 4.231950e-04 -1.328245e-02 -3.120914e+00 -4.125703e-04 9.999996e-01 8.022348e-04 -4.755096e+00 1.328288e-02 -7.966884e-04 9.999114e-01 1.938988e+02
9.998755e-01 -4.240011e-04 1.576677e-02 -2.132638e+00 4.360650e-04 9.999996e-01 -7.613898e-04 -4.799190e+00 -1.576634e-02 7.681660e-04 9.998754e-01 1.942258e+02
9.998925e-01 4.704019e-04 -1.465368e-02 -9.709253e-01 -4.577192e-04 9.999995e-01 8.684800e-04 -4.848101e+00 1.465418e-02 -8.616837e-04 9.998922e-01 1.944972e+02
9.998807e-01 -4.134670e-04 1.543838e-02 3.077899e-01 4.247984e-04 9.999996e-01 -7.303712e-04 -4.900953e+00 -1.543798e-02 7.368378e-04 9.998805e-01 1.947656e+02
9.998960e-01 4.637662e-04 -1.440789e-02 1.632653e+00 -4.512967e-04 9.999995e-01 8.683303e-04 -4.955734e+00 1.440839e-02 -8.617422e-04 9.998958e-01 1.950537e+02
9.998847e-01 -4.116447e-04 1.517604e-02 2.947388e+00 4.227663e-04 9.999996e-01 -7.293012e-04 -5.009188e+00 -1.517564e-02 7.356286e-04 9.998845e-01 1.953024e+02
9.998950e-01 4.788736e-04 -1.448165e-02 4.430170e+00 -4.657648e-04 9.999995e-01 9.081919e-04 -5.069735e+00 1.448217e-02 -9.013558e-04 9.998947e-01 1.956012e+02
9.998832e-01 -4.256707e-04 1.527510e-02 5.953118e+00 4.365902e-04 9.999997e-01 -7.111936e-04 -5.133560e+00 -1.527469e-02 7.177751e-04 9.998830e-01 1.959760e+02
9.999003e-01 5.054376e-04 -1.410399e-02 7.738283e+00 -4.924496e-04 9.999995e-01 9.239569e-04 -5.205271e+00 1.410455e-02 -9.169237e-04 9.999001e-01 1.963014e+02
9.998931e-01 -4.859305e-04 1.461163e-02 9.162072e+00 4.962010e-04 9.999996e-01 -6.989320e-04 -5.270855e+00 -1.461119e-02 7.061032e-04 9.998930e-01 1.968946e+02
9.999043e-01 4.486277e-04 -1.382095e-02 1.006326e+01 -4.368935e-04 9.999995e-01 8.516395e-04 -5.322326e+00 1.382142e-02 -8.455241e-04 9.999041e-01 1.976557e+02
9.998697e-01 -4.637966e-04 1.613452e-02 1.132712e+01 4.754171e-04 9.999996e-01 -7.160796e-04 -5.382345e+00 -1.613409e-02 7.236525e-04 9.998695e-01 1.982338e+02
9.998892e-01 4.411475e-04 -1.487279e-02 1.228963e+01 -4.284585e-04 9.999995e-01 8.559915e-04 -5.434458e+00 1.487326e-02 -8.495287e-04 9.998890e-01 1.989273e+02
9.998861e-01 -4.068277e-04 1.508503e-02 1.349530e+01 4.169517e-04 9.999997e-01 -6.676522e-04 -5.490307e+00 -1.508466e-02 6.738615e-04 9.998860e-01 1.994157e+02
9.999186e-01 4.201344e-04 -1.274483e-02 1.474518e+01 -4.104080e-04 9.999996e-01 7.653629e-04 -5.545094e+00 1.274525e-02 -7.600743e-04 9.999184e-01 1.998024e+02
9.999009e-01 -4.215492e-04 1.406910e-02 1.566762e+01 4.311358e-04 9.999997e-01 -6.780070e-04 -5.589358e+00 -1.406871e-02 6.840011e-04 9.999008e-01 2.002290e+02
9.998835e-01 4.515166e-04 -1.525243e-02 1.648491e+01 -4.384818e-04 9.999995e-01 8.575920e-04 -5.632658e+00 1.525291e-02 -8.508085e-04 9.998833e-01 2.007608e+02
9.998875e-01 -3.915587e-04 1.499187e-02 1.775997e+01 4.014431e-04 9.999997e-01 -6.559731e-04 -5.688762e+00 -1.499151e-02 6.619134e-04 9.998874e-01 2.011565e+02
9.999188e-01 3.900744e-04 -1.273099e-02 1.887654e+01 -3.806374e-04 9.999997e-01 7.432686e-04 -5.740166e+00 1.273137e-02 -7.383667e-04 9.999186e-01 2.015935e+02
9.999023e-01 -3.805840e-04 1.396995e-02 2.006323e+01 3.889993e-04 9.999997e-01 -5.993080e-04 -5.794992e+00 -1.396962e-02 6.046794e-04 9.999022e-01 2.020709e+02
9.999148e-01 4.323228e-04 -1.304313e-02 2.166981e+01 -4.218272e-04 9.999996e-01 8.070254e-04 -5.862493e+00 1.304357e-02 -8.014589e-04 9.999146e-01 2.024750e+02
9.998883e-01 -3.788235e-04 1.493957e-02 2.334095e+01 3.884360e-04 9.999997e-01 -6.401931e-04 -5.930295e+00 -1.493923e-02 6.459204e-04 9.998882e-01 2.027965e+02
9.999055e-01 4.507261e-04 -1.373853e-02 2.508101e+01 -4.391916e-04 9.999995e-01 8.422059e-04 -6.000290e+00 1.373900e-02 -8.360967e-04 9.999052e-01 2.031128e+02
9.998915e-01 -3.744832e-04 1.471985e-02 2.685420e+01 3.837503e-04 9.999997e-01 -6.264090e-04 -6.071155e+00 -1.471951e-02 6.319855e-04 9.998914e-01 2.034174e+02
9.999108e-01 4.318220e-04 -1.334484e-02 2.869997e+01 -4.203326e-04 9.999995e-01 8.633655e-04 -6.148009e+00 1.334531e-02 -8.576834e-04 9.999105e-01 2.038615e+02
9.998898e-01 -3.635698e-04 1.483651e-02 3.060086e+01 3.730551e-04 9.999997e-01 -6.362215e-04 -6.224899e+00 -1.483618e-02 6.416820e-04 9.998897e-01 2.042303e+02
9.999084e-01 4.150210e-04 -1.352173e-02 3.240336e+01 -4.033032e-04 9.999995e-01 8.689247e-04 -6.300596e+00 1.352218e-02 -8.633960e-04 9.999082e-01 2.046918e+02
9.998993e-01 -3.585687e-04 1.418392e-02 3.416123e+01 3.674411e-04 9.999997e-01 -6.225706e-04 -6.374217e+00 -1.418360e-02 6.277154e-04 9.998992e-01 2.051375e+02
9.999089e-01 3.819599e-04 -1.348692e-02 3.567052e+01 -3.706053e-04 9.999996e-01 8.440021e-04 -6.442008e+00 1.348733e-02 -8.389311e-04 9.999086e-01 2.056983e+02
9.999007e-01 -2.975011e-04 1.408417e-02 3.746082e+01 3.062345e-04 9.999998e-01 -6.175821e-04 -6.513175e+00 -1.408388e-02 6.218297e-04 9.999006e-01 2.059979e+02
9.999094e-01 4.086326e-04 -1.345269e-02 3.942083e+01 -3.970861e-04 9.999996e-01 8.605859e-04 -6.588890e+00 1.345313e-02 -8.551701e-04 9.999091e-01 2.062405e+02
9.999033e-01 -3.224550e-04 1.389811e-02 4.109474e+01 3.315963e-04 9.999997e-01 -6.550836e-04 -6.654885e+00 -1.389779e-02 6.596247e-04 9.999032e-01 2.064972e+02
9.998963e-01 4.079641e-04 -1.439440e-02 4.245244e+01 -3.960092e-04 9.999996e-01 8.330118e-04 -6.708677e+00 1.439483e-02 -8.272292e-04 9.998960e-01 2.067093e+02
9.998902e-01 -3.450653e-04 1.480949e-02 4.373024e+01 3.554855e-04 9.999997e-01 -7.006587e-04 -6.759722e+00 -1.480914e-02 7.058422e-04 9.998900e-01 2.069210e+02
9.999024e-01 4.149389e-04 -1.396129e-02 4.509923e+01 -4.034549e-04 9.999996e-01 8.250014e-04 -6.813266e+00 1.396172e-02 -8.192922e-04 9.999022e-01 2.071041e+02
9.998901e-01 -3.448131e-04 1.481718e-02 4.656041e+01 3.549245e-04 9.999997e-01 -6.794614e-04 -6.870698e+00 -1.481684e-02 6.846416e-04 9.998899e-01 2.073127e+02
9.999033e-01 4.086854e-04 -1.389606e-02 4.792866e+01 -3.974741e-04 9.999996e-01 8.091875e-04 -6.924923e+00 1.389648e-02 -8.035900e-04 9.999031e-01 2.075175e+02
