9.997129e-01 -4.313834e-04 2.395763e-02 4.246701e-02 4.525986e-04 9.999995e-01 -8.801144e-04 -3.234030e-03 -2.395724e-02 8.907053e-04 9.997125e-01 9.298994e-02
9.999470e-01 -3.440084e-04 1.028827e-02 8.592534e-02 3.474120e-04 9.999999e-01 -3.290369e-04 -5.614822e-03 -1.028815e-02 3.325940e-04 9.999469e-01 1.898504e-01
9.997582e-01 -4.073513e-04 2.198673e-02 1.303257e-01 4.252426e-04 9.999996e-01 -8.090615e-04 -8.382639e-03 -2.198639e-02 8.182157e-04 9.997578e-01 2.915850e-01
9.999289e-01 -3.257558e-04 1.192218e-02 1.710523e-01 3.306467e-04 9.999999e-01 -4.082645e-04 -1.060789e-02 -1.192203e-02 4.121775e-04 9.999287e-01 3.840306e-01
9.995362e-01 -6.347032e-04 3.044702e-02 2.109580e-01 6.676490e-04 9.999992e-01 -1.071917e-03 -1.191675e-02 -3.044630e-02 1.091748e-03 9.995357e-01 4.718161e-01
9.999359e-01 -3.382479e-04 1.131983e-02 2.531305e-01 3.425139e-04 9.999999e-01 -3.749253e-04 -1.348646e-02 -1.131968e-02 3.787781e-04 9.999358e-01 5.645504e-01
9.997186e-01 -4.934044e-04 2.371766e-02 2.969464e-01 5.135764e-04 9.999995e-01 -8.444196e-04 -1.590992e-02 -2.371721e-02 8.563624e-04 9.997182e-01 6.617650e-01
9.999919e-01 -1.421454e-04 4.014212e-03 3.413087e-01 1.426925e-04 1.000000e+00 -1.359915e-04 -1.906708e-02 -4.014166e-03 1.365627e-04 9.999918e-01 7.598988e-01
9.996230e-01 -5.646338e-04 2.745179e-02 3.835091e-01 5.917079e-04 9.999993e-01 -9.781232e-04 -2.169664e-02 -2.745118e-02 9.939972e-04 9.996226e-01 8.538197e-01
1.000000e+00 -2.591890e-05 -2.285193e-04 4.264424e-01 2.592084e-05 1.000000e+00 7.846604e-06 -2.468861e-02 2.285515e-04 -7.853267e-06 9.999999e-01 9.447418e-01
9.993639e-01 -7.605596e-04 3.565379e-02 4.679836e-01 8.055450e-04 9.999989e-01 -1.247376e-03 -2.679241e-02 -3.565277e-02 1.275303e-03 9.993633e-01 1.035071e+00
9.999969e-01 1.862950e-08 -2.481690e-03 5.112039e-01 2.059634e-07 1.000000e+00 9.040987e-05 -2.932138e-02 2.481728e-03 -9.041110e-05 9.999968e-01 1.130530e+00
9.991304e-01 -8.484036e-04 4.168486e-02 5.494924e-01 9.103886e-04 9.999985e-01 -1.468023e-03 -3.087252e-02 -4.168351e-02 1.504695e-03 9.991296e-01 1.216944e+00
9.999995e-01 -7.589498e-05 -9.729287e-04 5.908880e-01 7.594955e-05 1.000000e+00 5.570740e-05 -3.254994e-02 9.729705e-04 -5.578257e-05 9.999994e-01 1.311131e+00
9.991199e-01 -8.709328e-04 4.193696e-02 6.325299e-01 9.333812e-04 9.999985e-01 -1.469537e-03 -3.418884e-02 -4.193557e-02 1.507385e-03 9.991191e-01 1.402258e+00
9.999497e-01 1.405758e-04 -1.002656e-02 6.756110e-01 -1.369040e-04 9.999999e-01 3.668458e-04 -3.690092e-02 1.002667e-02 -3.654562e-04 9.999496e-01 1.498130e+00
9.991669e-01 -7.957297e-04 4.080329e-02 7.153321e-01 8.559133e-04 9.999986e-01 -1.457511e-03 -3.946391e-02 -4.080202e-02 1.491219e-03 9.991660e-01 1.587689e+00
9.999940e-01 -3.926437e-05 -3.451188e-03 7.549747e-01 3.981322e-05 1.000000e+00 1.587861e-04 -4.131638e-02 3.451240e-03 -1.589244e-04 9.999939e-01 1.673339e+00
9.994140e-01 -6.708979e-04 3.422309e-02 7.970730e-01 7.133822e-04 9.999990e-01 -1.229179e-03 -4.404729e-02 -3.422217e-02 1.252871e-03 9.994134e-01 1.764029e+00
9.999896e-01 1.194071e-05 -4.569032e-03 8.374762e-01 -1.110679e-05 1.000000e+00 1.823774e-04 -4.680588e-02 4.569097e-03 -1.823268e-04 9.999895e-01 1.853582e+00
9.993004e-01 -7.406808e-04 3.739168e-02 8.772967e-01 7.912222e-04 9.999988e-01 -1.336876e-03 -4.916685e-02 -3.739058e-02 1.365524e-03 9.992997e-01 1.940399e+00
9.999809e-01 1.499206e-05 -6.183176e-03 9.192091e-01 -1.341552e-05 1.000000e+00 2.548668e-04 -5.193959e-02 6.183247e-03 -2.547812e-04 9.999808e-01 2.034282e+00
9.997063e-01 -3.923319e-04 2.422959e-02 9.591641e-01 4.146514e-04 9.999995e-01 -9.161135e-04 -5.599507e-02 -2.422915e-02 9.258890e-04 9.997059e-01 2.124219e+00
9.998991e-01 2.405778e-04 -1.420263e-02 9.879494e-01 -2.330763e-04 9.999998e-01 5.297642e-04 -6.024175e-02 1.420283e-02 -5.264028e-04 9.998989e-01 2.189168e+00
9.994269e-01 -5.979894e-04 3.384502e-02 1.023111e+00 6.406959e-04 9.999990e-01 -1.250966e-03 -6.371747e-02 -3.384417e-02 1.271931e-03 9.994262e-01 2.261855e+00
9.999543e-01 6.138908e-05 -9.560679e-03 1.065445e+00 -5.762018e-05 9.999999e-01 3.943658e-04 -6.708554e-02 9.560775e-03 -3.937994e-04 9.999541e-01 2.349350e+00
9.995316e-01 -4.934304e-04 3.059857e-02 1.107208e+00 5.292973e-04 9.999992e-01 -1.164050e-03 -7.073552e-02 -3.059789e-02 1.179698e-03 9.995310e-01 2.437280e+00
9.999861e-01 -7.358508e-05 -5.274152e-03 1.148050e+00 7.502893e-05 1.000000e+00 2.733234e-04 -7.385324e-02 5.274207e-03 -2.737180e-04 9.999860e-01 2.517407e+00
9.996176e-01 -4.035477e-04 2.764952e-02 1.187615e+00 4.335463e-04 9.999993e-01 -1.078928e-03 -7.719330e-02 -2.764899e-02 1.090500e-03 9.996170e-01 2.594320e+00
9.999327e-01 1.016378e-04 -1.160088e-02 1.221876e+00 -9.588661e-05 9.999999e-01 4.961865e-04 -8.085193e-02 1.160101e-02 -4.950435e-04 9.999325e-01 2.652740e+00
9.996419e-01 -3.682898e-04 2.675816e-02 1.259851e+00 3.970446e-04 9.999993e-01 -1.069264e-03 -8.499959e-02 -2.675767e-02 1.079502e-03 9.996413e-01 2.730693e+00
9.999474e-01 5.929297e-05 -1.025685e-02 1.300314e+00 -5.462052e-05 9.999999e-01 4.556779e-04 -8.909657e-02 1.025695e-02 -4.550965e-04 9.999472e-01 2.814542e+00
9.996916e-01 -3.374450e-04 2.483004e-02 1.337606e+00 3.623263e-04 9.999994e-01 -9.975166e-04 -9.320706e-02 -2.482961e-02 1.006203e-03 9.996911e-01 2.891313e+00
9.999517e-01 7.660086e-05 -9.828282e-03 1.374137e+00 -7.238062e-05 9.999999e-01 4.295906e-04 -9.716535e-02 9.828396e-03 -4.288614e-04 9.999515e-01 2.960119e+00
9.996170e-01 -4.234926e-04 2.767107e-02 1.414036e+00 4.536550e-04 9.999993e-01 -1.083712e-03 -1.010970e-01 -2.767051e-02 1.095847e-03 9.996164e-01 3.039242e+00
9.999056e-01 1.864554e-04 -1.373845e-02 1.447093e+00 -1.787259e-04 9.999998e-01 5.637149e-04 -1.051044e-01 1.373864e-02 -5.612093e-04 9.999054e-01 3.106309e+00
9.997990e-01 -2.206378e-04 2.004875e-02 1.457707e+00 2.376279e-04 9.999996e-01 -8.449794e-04 -1.090759e-01 -2.004847e-02 8.495706e-04 9.997986e-01 3.156929e+00
9.999580e-01 6.738873e-05 -9.158539e-03 1.482070e+00 -6.367836e-05 9.999999e-01 4.052250e-04 -1.132529e-01 9.158650e-03 -4.046279e-04 9.999579e-01 3.228234e+00
9.997072e-01 -2.791108e-04 2.419299e-02 1.529271e+00 3.035545e-04 9.999994e-01 -1.006626e-03 -1.176959e-01 -2.419261e-02 1.013672e-03 9.997067e-01 3.319829e+00
9.999687e-01 -1.915997e-05 -7.910129e-03 1.578484e+00 2.225654e-05 9.999999e-01 3.911436e-04 -1.217493e-01 7.910207e-03 -3.913106e-04 9.999686e-01 3.392232e+00
9.999217e-01 3.063507e-05 1.251025e-02 1.582117e+00 -2.263567e-05 9.999998e-01 -6.394234e-04 -1.255363e-01 -1.251018e-02 6.390870e-04 9.999215e-01 3.431670e+00
9.999786e-01 -4.474933e-05 -6.540685e-03 1.593653e+00 4.702349e-05 9.999999e-01 3.472497e-04 -1.298856e-01 6.540756e-03 -3.475531e-04 9.999785e-01 3.497964e+00
9.999423e-01 3.777074e-05 1.073582e-02 1.676418e+00 -3.156696e-05 9.999998e-01 -5.778532e-04 -1.345036e-01 -1.073575e-02 5.774778e-04 9.999421e-01 3.517485e+00
9.999942e-01 -1.220010e-04 -3.383464e-03 1.879479e+00 1.230454e-04 9.999999e-01 3.079035e-04 -1.393676e-01 3.383513e-03 -3.083213e-04 9.999942e-01 3.536199e+00
9.999337e-01 6.831499e-06 1.151144e-02 2.105114e+00 4.465794e-07 9.999998e-01 -6.320783e-04 -1.440364e-01 -1.151135e-02 6.320383e-04 9.999335e-01 3.551537e+00
9.999972e-01 -2.193644e-04 2.365934e-03 2.149802e+00 2.192301e-04 1.000000e+00 5.787612e-05 -1.491647e-01 -2.365858e-03 -5.736058e-05 9.999971e-01 3.674134e+00
9.999707e-01 8.016439e-05 7.656211e-03 2.192176e+00 -7.657387e-05 9.999999e-01 -4.689964e-04 -1.548897e-01 -7.656159e-03 4.683930e-04 9.999705e-01 3.800371e+00
9.999572e-01 -9.279043e-06 -9.244702e-03 2.175672e+00 1.334193e-05 9.999999e-01 4.391955e-04 -1.584250e-01 9.244786e-03 -4.393034e-04 9.999571e-01 3.815861e+00
9.999635e-01 6.681448e-05 8.544488e-03 2.153567e+00 -6.275253e-05 9.999999e-01 -4.754202e-04 -1.606254e-01 -8.544430e-03 4.748633e-04 9.999633e-01 3.774741e+00
9.999669e-01 -2.346184e-05 -8.135263e-03 2.132493e+00 2.685660e-05 9.999999e-01 4.169249e-04 -1.627972e-01 8.135342e-03 -4.171329e-04 9.999667e-01 3.730715e+00
9.999746e-01 1.053711e-04 7.127760e-03 2.125619e+00 -1.022002e-04 9.999999e-01 -4.449498e-04 -1.645604e-01 -7.127718e-03 4.442067e-04 9.999744e-01 3.655892e+00
9.999717e-01 -4.177062e-05 -7.526031e-03 2.139938e+00 4.479902e-05 9.999999e-01 4.019456e-04 -1.678141e-01 7.526102e-03 -4.022747e-04 9.999715e-01 3.639672e+00
9.999605e-01 7.668898e-05 8.888146e-03 2.184901e+00 -7.213793e-05 9.999999e-01 -5.121282e-04 -1.713896e-01 -8.888095e-03 5.114634e-04 9.999603e-01 3.620700e+00
9.999768e-01 -6.530596e-05 -6.804944e-03 2.244415e+00 6.782299e-05 9.999999e-01 3.693442e-04 -1.757947e-01 6.805008e-03 -3.698005e-04 9.999767e-01 3.632910e+00
9.999753e-01 5.734800e-05 7.017856e-03 2.442417e+00 -5.483023e-05 9.999999e-01 -3.586678e-04 -1.806224e-01 -7.017788e-03 3.582708e-04 9.999752e-01 3.612831e+00
9.999635e-01 6.217046e-05 -8.536320e-03 2.734537e+00 -5.723620e-05 9.999998e-01 5.780293e-04 -1.838369e-01 8.536443e-03 -5.775229e-04 9.999633e-01 3.501561e+00
9.999463e-01 -4.801899e-05 1.035637e-02 2.880702e+00 5.522793e-05 9.999998e-01 -6.956086e-04 -1.896575e-01 -1.035625e-02 6.961399e-04 9.999461e-01 3.558160e+00
9.999994e-01 -6.348373e-05 -1.094256e-03 2.929802e+00 6.377037e-05 1.000000e+00 2.599916e-04 -1.961132e-01 1.094329e-03 -2.600646e-04 9.999993e-01 3.728716e+00
9.999790e-01 6.246451e-05 6.477881e-03 2.976653e+00 -5.891881e-05 9.999998e-01 -5.472238e-04 -2.022053e-01 -6.477824e-03 5.468273e-04 9.999788e-01 3.849145e+00
9.999666e-01 1.524433e-05 -8.173990e-03 3.018277e+00 -1.098746e-05 9.999999e-01 5.205636e-04 -2.068572e-01 8.174087e-03 -5.204598e-04 9.999664e-01 3.874210e+00
9.999705e-01 3.156852e-05 7.672132e-03 3.058170e+00 -2.714918e-05 9.999998e-01 -5.758577e-04 -2.108791e-01 -7.672059e-03 5.756291e-04 9.999703e-01 3.882240e+00
9.999724e-01 7.530832e-07 -7.420385e-03 3.068537e+00 3.021366e-06 9.999999e-01 5.083581e-04 -2.139013e-01 7.420474e-03 -5.083699e-04 9.999723e-01 3.862405e+00
9.999722e-01 3.534884e-05 7.456706e-03 3.086753e+00 -3.104568e-05 9.999998e-01 -5.769216e-04 -2.175433e-01 -7.456636e-03 5.766707e-04 9.999720e-01 3.866690e+00
9.999905e-01 -6.061820e-05 -4.361206e-03 3.202880e+00 6.236982e-05 9.999999e-01 4.010059e-04 -2.231914e-01 4.361271e-03 -4.012775e-04 9.999903e-01 3.919767e+00
9.999574e-01 -2.770582e-05 9.222487e-03 3.285668e+00 3.398942e-05 9.999998e-01 -6.809495e-04 -2.306313e-01 -9.222376e-03 6.812306e-04 9.999572e-01 4.108109e+00
9.999787e-01 -7.508312e-05 -6.529680e-03 3.376576e+00 7.846528e-05 9.999999e-01 5.173757e-04 -2.384386e-01 6.529730e-03 -5.178805e-04 9.999785e-01 4.293259e+00
9.999578e-01 3.368224e-06 9.178793e-03 3.463427e+00 3.073955e-06 9.999998e-01 -7.016074e-04 -2.459935e-01 -9.178703e-03 7.016026e-04 9.999576e-01 4.471160e+00
9.999902e-01 -4.841667e-05 -4.413184e-03 3.538742e+00 5.025182e-05 9.999999e-01 4.152179e-04 -2.527529e-01 4.413254e-03 -4.154391e-04 9.999901e-01 4.612339e+00
9.999705e-01 -1.761711e-05 7.678000e-03 3.566605e+00 2.234448e-05 9.999998e-01 -6.153332e-04 -2.588433e-01 -7.677898e-03 6.154831e-04 9.999703e-01 4.756542e+00
9.999966e-01 -1.768007e-04 2.576350e-03 3.652030e+00 1.764642e-04 1.000000e+00 1.317217e-04 -2.659255e-01 -2.576282e-03 -1.312702e-04 9.999966e-01 4.954317e+00
9.999716e-01 -6.411606e-05 7.529343e-03 3.739814e+00 6.864066e-05 9.999998e-01 -6.003696e-04 -2.739238e-01 -7.529212e-03 6.008658e-04 9.999714e-01 5.205695e+00
9.999995e-01 -8.220514e-05 9.703785e-04 3.801302e+00 8.203768e-05 1.000000e+00 1.750410e-04 -2.812520e-01 -9.703012e-04 -1.749649e-04 9.999994e-01 5.426453e+00
9.999839e-01 2.983246e-05 5.669429e-03 3.843248e+00 -2.692581e-05 9.999999e-01 -5.123490e-04 -2.871221e-01 -5.669352e-03 5.121845e-04 9.999837e-01 5.556189e+00
9.999999e-01 -6.001133e-05 -3.489986e-04 3.886204e+00 6.009514e-05 1.000000e+00 2.331964e-04 -2.927954e-01 3.490768e-04 -2.332210e-04 9.999998e-01 5.663676e+00
9.998356e-01 -2.833388e-04 1.812717e-02 3.943268e+00 3.006474e-04 9.999995e-01 -9.519914e-04 -2.978598e-01 -1.812680e-02 9.572812e-04 9.998352e-01 5.804986e+00
9.999717e-01 7.914650e-05 -7.515283e-03 4.114901e+00 -7.484088e-05 9.999998e-01 5.728526e-04 -3.040155e-01 7.515421e-03 -5.722776e-04 9.999715e-01 5.914155e+00
9.999773e-01 2.498937e-05 6.732460e-03 4.308945e+00 -2.202689e-05 9.999999e-01 -4.397337e-04 -3.106277e-01 -6.732377e-03 4.395718e-04 9.999772e-01 6.000818e+00
9.999785e-01 -2.745429e-05 -6.548435e-03 4.369480e+00 2.975691e-05 9.999999e-01 3.511423e-04 -3.176015e-01 6.548518e-03 -3.513333e-04 9.999784e-01 6.147152e+00
9.999748e-01 1.816531e-05 7.091926e-03 4.405303e+00 -1.492902e-05 9.999999e-01 -4.560355e-04 -3.234233e-01 -7.091840e-03 4.559145e-04 9.999747e-01 6.252539e+00
9.999904e-01 -2.531073e-05 -4.384158e-03 4.453288e+00 2.645990e-05 1.000000e+00 2.614761e-04 -3.297120e-01 4.384245e-03 -2.615933e-04 9.999903e-01 6.384754e+00
9.999893e-01 6.005645e-05 4.627981e-03 4.461805e+00 -5.846638e-05 9.999999e-01 -3.431672e-04 -3.335205e-01 -4.627908e-03 3.428892e-04 9.999892e-01 6.404860e+00
9.999831e-01 8.388584e-06 -5.799958e-03 4.460466e+00 -6.495345e-06 9.999999e-01 3.259987e-04 -3.367556e-01 5.800054e-03 -3.259592e-04 9.999831e-01 6.394081e+00
9.999815e-01 6.339325e-06 6.082944e-03 4.471140e+00 -3.841795e-06 9.999999e-01 -4.101770e-04 -3.410051e-01 -6.082853e-03 4.101424e-04 9.999813e-01 6.436340e+00
9.999865e-01 -1.823768e-05 -5.193510e-03 4.494087e+00 1.975758e-05 1.000000e+00 2.921055e-04 -3.460190e-01 5.193598e-03 -2.922079e-04 9.999864e-01 6.511383e+00
9.999797e-01 1.735556e-05 6.359205e-03 4.506588e+00 -1.463645e-05 9.999999e-01 -4.272352e-04 -3.509105e-01 -6.359118e-03 4.271298e-04 9.999796e-01 6.592959e+00
9.999881e-01 -2.821143e-05 -4.877452e-03 4.530066e+00 2.966143e-05 1.000000e+00 2.966834e-04 -3.560750e-01 4.877537e-03 -2.968282e-04 9.999880e-01 6.672751e+00
9.999847e-01 5.907415e-05 5.526391e-03 4.552873e+00 -5.686540e-05 9.999999e-01 -3.993693e-04 -3.603527e-01 -5.526321e-03 3.990453e-04 9.999846e-01 6.708194e+00
9.999787e-01 2.292670e-05 -6.515623e-03 4.588346e+00 -2.047874e-05 9.999999e-01 3.753719e-04 -3.631515e-01 6.515724e-03 -3.752342e-04 9.999786e-01 6.653514e+00
9.999852e-01 4.313382e-05 5.437217e-03 4.629137e+00 -4.096247e-05 9.999999e-01 -3.989922e-04 -3.666246e-01 -5.437140e-03 3.987599e-04 9.999851e-01 6.631748e+00
9.999981e-01 -1.892362e-05 -1.951813e-03 4.656411e+00 1.930749e-05 1.000000e+00 1.953204e-04 -3.712682e-01 1.951903e-03 -1.953615e-04 9.999980e-01 6.683460e+00
9.999133e-01 -1.474426e-04 1.316238e-02 4.702514e+00 1.560107e-04 9.999998e-01 -6.497301e-04 -3.760922e-01 -1.316219e-02 6.517235e-04 9.999131e-01 6.766954e+00
9.999640e-01 1.469043e-04 -8.481506e-03 4.746197e+00 -1.431239e-04 9.999999e-01 4.460095e-04 -3.803450e-01 8.481664e-03 -4.447833e-04 9.999639e-01 6.788374e+00
9.999977e-01 6.025643e-05 2.116457e-03 4.784462e+00 -5.964291e-05 1.000000e+00 -2.887114e-04 -3.833611e-01 -2.116381e-03 2.885808e-04 9.999977e-01 6.730601e+00
9.999868e-01 7.184719e-05 -5.126423e-03 4.849871e+00 -7.014835e-05 9.999999e-01 3.310531e-04 -3.852799e-01 5.126541e-03 -3.306928e-04 9.999867e-01 6.618962e+00
9.999954e-01 5.784212e-05 3.024184e-03 4.878628e+00 -5.685261e-05 9.999999e-01 -3.264292e-04 -3.864712e-01 -3.024109e-03 3.262521e-04 9.999953e-01 6.488384e+00
9.999857e-01 4.500311e-05 -5.345433e-03 4.880556e+00 -4.330002e-05 9.999999e-01 3.182321e-04 -3.889609e-01 5.345540e-03 -3.179998e-04 9.999856e-01 6.436101e+00
9.999602e-01 -2.549073e-07 8.913032e-03 4.898534e+00 4.479630e-06 9.999999e-01 -4.736850e-04 -3.926215e-01 -8.912938e-03 4.737024e-04 9.999601e-01 6.437466e+00
9.999583e-01 -3.766730e-04 9.125995e-03 4.941063e+00 3.784736e-04 9.999999e-01 -1.952818e-04 -3.969477e-01 -9.125826e-03 1.987238e-04 9.999583e-01 6.539609e+00
9.999998e-01 2.771696e-04 -5.597987e-04 4.967992e+00 -2.772795e-04 9.999999e-01 -2.010608e-04 -4.019319e-01 5.598375e-04 2.012122e-04 9.999998e-01 6.645381e+00
9.999499e-01 -4.094073e-04 9.996064e-03 5.010263e+00 4.115602e-04 9.999999e-01 -2.130442e-04 -4.077103e-01 -9.995881e-03 2.171436e-04 9.999500e-01 6.781017e+00
9.999913e-01 3.706707e-04 -4.146574e-03 5.058157e+00 -3.710758e-04 9.999999e-01 -9.759389e-05 -4.138981e-01 4.146633e-03 9.912794e-05 9.999913e-01 6.921993e+00
9.998780e-01 -5.524497e-04 1.561099e-02 5.108608e+00 5.585057e-04 9.999998e-01 -3.833907e-04 -4.194250e-01 -1.561068e-02 3.920589e-04 9.998780e-01 7.052085e+00
9.999527e-01 5.171882e-04 -9.706504e-03 5.122591e+00 -5.163459e-04 9.999999e-01 8.897520e-05 -4.242951e-01 9.706644e-03 -8.396290e-05 9.999528e-01 7.150118e+00
9.999245e-01 -5.257266e-04 1.227210e-02 5.126144e+00 5.289597e-04 9.999998e-01 -2.599756e-04 -4.291011e-01 -1.227186e-02 2.664435e-04 9.999246e-01 7.238208e+00
9.999972e-01 4.090916e-04 -2.313497e-03 5.173660e+00 -4.095164e-04 9.999999e-01 -1.844289e-04 -4.346321e-01 2.313517e-03 1.853720e-04 9.999972e-01 7.359999e+00
9.999252e-01 -5.490193e-04 1.221859e-02 5.213483e+00 5.519402e-04 9.999998e-01 -2.354377e-04 -4.397386e-01 -1.221836e-02 2.421601e-04 9.999253e-01 7.465524e+00
9.999567e-01 5.657922e-04 -9.280481e-03 5.224454e+00 -5.654137e-04 9.999998e-01 4.307778e-05 -4.442182e-01 9.280600e-03 -3.783248e-05 9.999569e-01 7.529220e+00
9.999142e-01 -5.430407e-04 1.308788e-02 5.247485e+00 5.461368e-04 9.999998e-01 -2.327611e-04 -4.472895e-01 -1.308766e-02 2.398849e-04 9.999143e-01 7.508843e+00
9.999419e-01 5.788405e-04 -1.075600e-02 5.264293e+00 -5.777509e-04 9.999998e-01 1.041285e-04 -4.501708e-01 1.075615e-02 -9.791202e-05 9.999421e-01 7.474382e+00
9.999363e-01 -5.196248e-04 1.127123e-02 5.282188e+00 5.214479e-04 9.999999e-01 -1.585422e-04 -4.530515e-01 -1.127105e-02 1.644055e-04 9.999364e-01 7.434451e+00
9.999617e-01 5.592799e-04 -8.734501e-03 5.340707e+00 -5.591556e-04 9.999998e-01 1.631336e-05 -4.558213e-01 8.734605e-03 -1.143268e-05 9.999618e-01 7.368667e+00
9.999644e-01 -4.416685e-04 8.417462e-03 5.451629e+00 4.421320e-04 9.999999e-01 -5.284316e-05 -4.573530e-01 -8.417341e-03 5.655895e-05 9.999645e-01 7.206533e+00
9.999858e-01 4.709705e-04 -5.304390e-03 5.529572e+00 -4.715686e-04 9.999999e-01 -1.120934e-04 -4.599979e-01 5.304433e-03 1.145893e-04 9.999859e-01 7.126989e+00
9.999809e-01 -4.050035e-04 6.164883e-03 5.581195e+00 4.047240e-04 9.999999e-01 4.707818e-05 -4.619229e-01 -6.164805e-03 -4.458617e-05 9.999809e-01 7.021703e+00
9.999979e-01 4.032901e-04 -1.966133e-03 5.613097e+00 -4.038038e-04 9.999999e-01 -2.623986e-04 -4.654307e-01 1.966124e-03 2.631881e-04 9.999980e-01 7.018183e+00
9.999825e-01 -3.895114e-04 5.893013e-03 5.632588e+00 3.892290e-04 9.999999e-01 4.958670e-05 -4.690472e-01 -5.892935e-03 -4.729607e-05 9.999826e-01 7.028980e+00
9.999867e-01 4.230355e-04 -5.134854e-03 5.663898e+00 -4.237718e-04 9.999999e-01 -1.428996e-04 -4.737582e-01 5.134890e-03 1.450698e-04 9.999867e-01 7.070794e+00
9.999898e-01 -3.494168e-04 4.483927e-03 5.744509e+00 3.489851e-04 9.999999e-01 9.774497e-05 -4.778019e-01 -4.483864e-03 -9.618313e-05 9.999899e-01 7.052375e+00
9.999860e-01 4.315442e-04 -5.264373e-03 5.822125e+00 -4.322706e-04 9.999999e-01 -1.374235e-04 -4.809459e-01 5.264410e-03 1.396933e-04 9.999861e-01 6.991541e+00
9.999982e-01 -2.912347e-04 1.881283e-03 5.934001e+00 2.907786e-04 9.999999e-01 2.443402e-04 -4.853980e-01 -1.881257e-03 -2.437967e-04 9.999981e-01 6.961279e+00
9.999924e-01 3.962058e-04 -3.878588e-03 6.041978e+00 -3.969345e-04 9.999999e-01 -1.878947e-04 -4.907980e-01 3.878609e-03 1.894289e-04 9.999924e-01 6.987668e+00
9.999951e-01 -3.323298e-04 3.101545e-03 6.115091e+00 3.319046e-04 9.999999e-01 1.385998e-04 -4.958203e-01 -3.101494e-03 -1.375736e-04 9.999951e-01 7.019958e+00
9.999912e-01 4.242240e-04 -4.168815e-03 6.179393e+00 -4.248771e-04 9.999999e-01 -1.565024e-04 -4.986614e-01 4.168845e-03 1.582683e-04 9.999912e-01 6.950948e+00
9.999946e-01 -3.767509e-04 3.265906e-03 6.212179e+00 3.763490e-04 9.999999e-01 1.245893e-04 -5.033758e-01 -3.265856e-03 -1.233635e-04 9.999946e-01 6.992930e+00
9.999939e-01 3.831013e-04 -3.457547e-03 6.225610e+00 -3.837964e-04 9.999999e-01 -2.012533e-04 -5.084689e-01 3.457566e-03 2.025751e-04 9.999939e-01 7.078480e+00
9.999948e-01 -3.831491e-04 3.204853e-03 6.248861e+00 3.827130e-04 9.999999e-01 1.376665e-04 -5.140259e-01 -3.204809e-03 -1.364432e-04 9.999948e-01 7.175118e+00
9.999932e-01 3.946428e-04 -3.664294e-03 6.265075e+00 -3.953823e-04 9.999999e-01 -2.019374e-04 -5.195362e-01 3.664311e-03 2.033809e-04 9.999932e-01 7.278140e+00
9.999937e-01 -3.692610e-04 3.506221e-03 6.274160e+00 3.688267e-04 9.999999e-01 1.253905e-04 -5.247471e-01 -3.506171e-03 -1.241005e-04 9.999938e-01 7.367322e+00
9.999938e-01 3.506750e-04 -3.480176e-03 6.292842e+00 -3.513847e-04 9.999999e-01 -2.041685e-04 -5.306184e-01 3.480201e-03 2.053862e-04 9.999939e-01 7.489472e+00
9.999992e-01 -3.066322e-04 1.172231e-03 6.309721e+00 3.063968e-04 9.999999e-01 2.035524e-04 -5.369027e-01 -1.172197e-03 -2.031971e-04 9.999992e-01 7.614295e+00
9.999886e-01 4.145856e-04 -4.752346e-03 6.322446e+00 -4.152338e-04 9.999999e-01 -1.360617e-04 -5.412583e-01 4.752386e-03 1.380296e-04 9.999886e-01 7.644968e+00
9.999929e-01 -3.524599e-04 3.739349e-03 6.331811e+00 3.520627e-04 9.999999e-01 1.076904e-04 -5.449552e-01 -3.739291e-03 -1.063771e-04 9.999929e-01 7.647941e+00
9.999894e-01 4.161699e-04 -4.585120e-03 6.350146e+00 -4.168310e-04 9.999999e-01 -1.438911e-04 -5.480588e-01 4.585156e-03 1.457969e-04 9.999894e-01 7.623087e+00
9.999936e-01 -3.373497e-04 3.559668e-03 6.370865e+00 3.369438e-04 9.999999e-01 1.154691e-04 -5.506881e-01 -3.559610e-03 -1.142729e-04 9.999936e-01 7.570152e+00
9.999892e-01 3.793420e-04 -4.630065e-03 6.387162e+00 -3.800686e-04 9.999999e-01 -1.566951e-04 -5.557006e-01 4.630102e-03 1.584492e-04 9.999892e-01 7.635221e+00
9.999997e-01 -3.168081e-04 6.394226e-04 6.414310e+00 3.166548e-04 9.999999e-01 2.445124e-04 -5.620617e-01 -6.394038e-04 -2.443138e-04 9.999997e-01 7.750612e+00
9.999952e-01 4.053524e-04 -3.058665e-03 6.465515e+00 -4.060460e-04 9.999999e-01 -2.271387e-04 -5.681195e-01 3.058669e-03 2.283757e-04 9.999952e-01 7.839257e+00
9.999982e-01 -3.264440e-04 1.862028e-03 6.477549e+00 3.260717e-04 9.999999e-01 2.018713e-04 -5.713085e-01 -1.861998e-03 -2.012677e-04 9.999982e-01 7.816766e+00
9.999992e-01 3.421790e-04 -1.179840e-03 6.494089e+00 -3.425155e-04 9.999999e-01 -2.875322e-04 -5.761532e-01 1.179838e-03 2.879322e-04 9.999992e-01 7.876244e+00
9.999825e-01 -4.413576e-04 5.901794e-03 6.562603e+00 4.412108e-04 9.999999e-01 2.669688e-05 -5.833804e-01 -5.901709e-03 -2.409648e-05 9.999825e-01 8.058970e+00
9.999969e-01 3.747014e-04 -2.446047e-03 6.639853e+00 -3.753179e-04 9.999999e-01 -2.528560e-04 -5.908106e-01 2.446048e-03 2.537693e-04 9.999969e-01 8.238398e+00
9.999865e-01 -3.850373e-04 5.182674e-03 6.692424e+00 3.847519e-04 9.999999e-01 5.666692e-05 -5.974112e-01 -5.182599e-03 -5.467613e-05 9.999865e-01 8.385852e+00
9.999886e-01 4.201136e-04 -4.742624e-03 6.719187e+00 -4.208342e-04 9.999999e-01 -1.516052e-04 -6.037247e-01 4.742656e-03 1.535954e-04 9.999887e-01 8.513834e+00
9.999819e-01 -3.856241e-04 5.993532e-03 6.745972e+00 3.854299e-04 9.999999e-01 3.407163e-05 -6.092335e-01 -5.993449e-03 -3.176495e-05 9.999820e-01 8.609291e+00
9.999973e-01 2.721464e-04 2.271283e-03 6.773076e+00 -2.712342e-04 9.999999e-01 -4.005671e-04 -6.139543e-01 -2.271295e-03 3.999460e-04 9.999973e-01 8.700578e+00
9.999840e-01 -4.060140e-04 5.641062e-03 6.810891e+00 4.056182e-04 9.999999e-01 7.186560e-05 -6.194975e-01 -5.640994e-03 -6.958039e-05 9.999840e-01 8.819649e+00
9.999916e-01 4.148153e-04 -4.067893e-03 6.833711e+00 -4.156524e-04 9.999999e-01 -2.057141e-04 -6.254506e-01 4.067904e-03 2.073992e-04 9.999916e-01 8.943737e+00
9.999424e-01 -4.976693e-04 1.071455e-02 6.855777e+00 4.988578e-04 9.999999e-01 -1.079540e-04 -6.305065e-01 -1.071439e-02 1.132888e-04 9.999425e-01 9.051142e+00
9.999976e-01 2.805549e-04 2.165696e-03 6.896415e+00 -2.796510e-04 9.999999e-01 -4.161346e-04 -6.352913e-01 -2.165715e-03 4.155239e-04 9.999975e-01 9.155975e+00
9.998311e-01 -6.991351e-04 1.836185e-02 6.942608e+00 7.057529e-04 9.999997e-01 -3.537493e-04 -6.392655e-01 -1.836150e-02 3.666443e-04 9.998313e-01 9.260865e+00
9.999962e-01 2.268491e-04 2.734551e-03 6.988524e+00 -2.257021e-04 9.999999e-01 -4.184753e-04 -6.431812e-01 -2.734547e-03 4.178524e-04 9.999961e-01 9.361849e+00
9.998650e-01 -6.347623e-04 1.641674e-02 7.033390e+00 6.396511e-04 9.999998e-01 -2.923303e-04 -6.473391e-01 -1.641645e-02 3.027876e-04 9.998651e-01 9.465008e+00
9.999960e-01 2.479193e-04 2.817278e-03 7.079131e+00 -2.466476e-04 9.999999e-01 -4.504418e-04 -6.515285e-01 -2.817290e-03 4.497410e-04 9.999959e-01 9.572909e+00
9.998699e-01 -6.411261e-04 1.611694e-02 7.125912e+00 6.453641e-04 9.999998e-01 -2.575197e-04 -6.557736e-01 -1.611667e-02 2.678832e-04 9.998700e-01 9.677481e+00
9.999843e-01 4.559503e-04 -5.574663e-03 7.158516e+00 -4.568388e-04 9.999999e-01 -1.587954e-04 -6.605282e-01 5.574689e-03 1.613354e-04 9.999844e-01 9.772273e+00
9.999206e-01 -4.840929e-04 1.258829e-02 7.179308e+00 4.861324e-04 9.999999e-01 -1.586589e-04 -6.650634e-01 -1.258811e-02 1.647616e-04 9.999207e-01 9.849222e+00
9.999931e-01 3.515701e-04 -3.696001e-03 7.207347e+00 -3.523913e-04 9.999999e-01 -2.225930e-04 -6.698249e-01 3.696022e-03 2.238897e-04 9.999931e-01 9.944816e+00
9.999045e-01 -5.028749e-04 1.380490e-02 7.238315e+00 5.057384e-04 9.999999e-01 -2.036533e-04 -6.746643e-01 -1.380470e-02 2.106112e-04 9.999046e-01 1.004979e+01
9.999392e-01 4.922565e-04 -1.101156e-02 7.243862e+00 -4.920249e-04 9.999999e-01 2.338812e-05 -6.799368e-01 1.101167e-02 -1.797296e-05 9.999393e-01 1.015996e+01
9.997969e-01 -5.662286e-04 2.014420e-02 7.265987e+00 5.750218e-04 9.999997e-01 -4.305303e-04 -6.845211e-01 -2.014385e-02 4.420219e-04 9.997969e-01 1.025352e+01
9.999758e-01 3.310586e-04 -6.941736e-03 7.300722e+00 -3.316303e-04 9.999999e-01 -8.178484e-05 -6.892049e-01 6.941809e-03 8.408069e-05 9.999758e-01 1.035456e+01
9.999460e-01 -3.317108e-04 1.038031e-02 7.309757e+00 3.331402e-04 9.999999e-01 -1.355907e-04 -6.943033e-01 -1.038017e-02 1.390372e-04 9.999461e-01 1.045898e+01
9.998584e-01 5.138436e-04 -1.682003e-02 7.324306e+00 -5.082040e-04 9.999998e-01 3.393200e-04 -6.996118e-01 1.682030e-02 -3.307282e-04 9.998584e-01 1.053655e+01
9.997713e-01 -4.500907e-04 2.138067e-02 7.354779e+00 4.615700e-04 9.999998e-01 -5.317847e-04 -7.042707e-01 -2.138032e-02 5.415274e-04 9.997712e-01 1.060385e+01
9.999466e-01 2.429673e-04 -1.032374e-02 7.396185e+00 -2.418148e-04 1.000000e+00 1.124830e-04 -7.091514e-01 1.032387e-02 -1.099849e-04 9.999466e-01 1.070000e+01
9.999789e-01 -1.135979e-04 6.494620e-03 7.419692e+00 1.136111e-04 1.000000e+00 -1.031448e-06 -7.144525e-01 -6.494520e-03 1.764977e-06 9.999789e-01 1.077912e+01
9.999544e-01 2.080328e-04 -9.538188e-03 7.431936e+00 -2.073004e-04 1.000000e+00 7.734570e-05 -7.193527e-01 9.538304e-03 -7.536917e-05 9.999545e-01 1.084024e+01
1.000000e+00 4.627572e-05 1.851426e-06 7.443394e+00 -4.627208e-05 1.000000e+00 2.056759e-04 -7.241501e-01 -1.742242e-06 -2.056803e-04 9.999999e-01 1.089857e+01
9.999489e-01 2.125266e-04 -1.009903e-02 7.463761e+00 -2.107530e-04 1.000000e+00 1.762923e-04 -7.296482e-01 1.009916e-02 -1.741591e-04 9.999489e-01 1.097733e+01
9.999610e-01 -1.769397e-04 8.824264e-03 7.465127e+00 1.788776e-04 1.000000e+00 -2.183748e-04 -7.353105e-01 -8.824125e-03 2.199404e-04 9.999610e-01 1.108646e+01
9.999459e-01 2.649869e-04 -1.039215e-02 7.465114e+00 -2.628786e-04 9.999999e-01 2.038535e-04 -7.397363e-01 1.039230e-02 -2.011149e-04 9.999459e-01 1.113418e+01
9.999566e-01 -1.969100e-04 9.306175e-03 7.459244e+00 1.992466e-04 9.999999e-01 -2.497408e-04 -7.437697e-01 -9.306026e-03 2.515799e-04 9.999566e-01 1.116660e+01
9.999427e-01 2.728184e-04 -1.069667e-02 7.452187e+00 -2.704142e-04 9.999999e-01 2.258314e-04 -7.479049e-01 1.069683e-02 -2.229302e-04 9.999427e-01 1.120816e+01
9.998540e-01 -3.398620e-04 1.708296e-02 7.458698e+00 3.483792e-04 9.999998e-01 -4.953718e-04 -7.516671e-01 -1.708269e-02 5.012465e-04 9.998539e-01 1.125260e+01
9.999366e-01 3.061770e-04 -1.125341e-02 7.478535e+00 -3.037470e-04 9.999999e-01 2.172810e-04 -7.567272e-01 1.125357e-02 -2.138533e-04 9.999366e-01 1.134670e+01
9.998334e-01 -3.257854e-04 1.824840e-02 7.501409e+00 3.354481e-04 9.999998e-01 -5.262350e-04 -7.608908e-01 -1.824813e-02 5.322644e-04 9.998333e-01 1.138966e+01
9.998387e-01 3.783580e-04 -1.795271e-02 7.478710e+00 -3.698264e-04 9.999998e-01 4.783126e-04 -7.635955e-01 1.795299e-02 -4.716003e-04 9.998387e-01 1.136976e+01
9.998098e-01 -3.773876e-04 1.949607e-02 7.458915e+00 3.890609e-04 9.999997e-01 -5.947604e-04 -7.673106e-01 -1.949574e-02 6.022281e-04 9.998097e-01 1.141530e+01
9.998767e-01 3.877816e-04 -1.569808e-02 7.460737e+00 -3.816263e-04 9.999998e-01 3.948321e-04 -7.717204e-01 1.569833e-02 -3.887969e-04 9.998766e-01 1.147762e+01
9.997334e-01 -4.644287e-04 2.308291e-02 7.482829e+00 4.813004e-04 9.999996e-01 -7.251937e-04 -7.771737e-01 -2.308247e-02 7.361058e-04 9.997332e-01 1.160559e+01
9.997716e-01 4.506033e-04 -2.136291e-02 7.480857e+00 -4.379288e-04 9.999997e-01 5.977724e-04 -7.822907e-01 2.136328e-02 -5.882847e-04 9.997716e-01 1.171534e+01
9.997130e-01 -4.850325e-04 2.395106e-02 7.493810e+00 5.031486e-04 9.999996e-01 -7.501930e-04 -7.881577e-01 -2.395059e-02 7.620242e-04 9.997128e-01 1.185435e+01
9.998036e-01 4.516184e-04 -1.981213e-02 7.512878e+00 -4.413400e-04 9.999998e-01 5.229526e-04 -7.938875e-01 1.981246e-02 -5.141102e-04 9.998035e-01 1.199131e+01
9.997756e-01 -4.725756e-04 2.117463e-02 7.511696e+00 4.862523e-04 9.999997e-01 -6.405638e-04 -7.990058e-01 -2.117422e-02 6.507119e-04 9.997755e-01 1.210170e+01
9.996938e-01 5.302480e-04 -2.473777e-02 7.510270e+00 -5.131516e-04 9.999996e-01 6.972777e-04 -8.048912e-01 2.473823e-02 -6.843742e-04 9.996937e-01 1.221810e+01
9.998505e-01 -3.979826e-04 1.728440e-02 7.514646e+00 4.055900e-04 9.999998e-01 -4.363943e-04 -8.109197e-01 -1.728413e-02 4.433351e-04 9.998505e-01 1.233505e+01
9.998160e-01 4.297922e-04 -1.917269e-02 7.525897e+00 -4.211227e-04 9.999998e-01 4.559938e-04 -8.175105e-01 1.917298e-02 -4.478401e-04 9.998160e-01 1.248200e+01
9.998490e-01 -3.879666e-04 1.736869e-02 7.513512e+00 3.962074e-04 9.999998e-01 -4.707939e-04 -8.221628e-01 -1.736841e-02 4.776001e-04 9.998490e-01 1.255459e+01
9.998335e-01 3.984932e-04 -1.823856e-02 7.492827e+00 -3.906760e-04 9.999998e-01 4.319419e-04 -8.265638e-01 1.823883e-02 -4.247489e-04 9.998335e-01 1.262894e+01
9.997414e-01 -5.665048e-04 2.273191e-02 7.547054e+00 5.812170e-04 9.999996e-01 -6.404250e-04 -8.342970e-01 -2.273144e-02 6.534672e-04 9.997413e-01 1.284763e+01
9.998521e-01 4.577071e-04 -1.718702e-02 7.613122e+00 -4.515899e-04 9.999998e-01 3.595505e-04 -8.422518e-01 1.718728e-02 -3.517402e-04 9.998522e-01 1.307707e+01
9.998912e-01 -3.797142e-04 1.474172e-02 7.626334e+00 3.850579e-04 9.999999e-01 -3.593704e-04 -8.470642e-01 -1.474148e-02 3.650033e-04 9.998912e-01 1.313114e+01
9.998031e-01 5.446775e-04 -1.983412e-02 7.676782e+00 -5.353910e-04 9.999997e-01 4.733047e-04 -8.509256e-01 1.983447e-02 -4.625968e-04 9.998031e-01 1.310728e+01
9.998921e-01 -3.426048e-04 1.468189e-02 7.761310e+00 3.471219e-04 9.999999e-01 -3.048370e-04 -8.551038e-01 -1.468168e-02 3.098962e-04 9.998921e-01 1.308133e+01
9.998742e-01 4.085419e-04 -1.585148e-02 7.808501e+00 -4.043356e-04 9.999999e-01 2.682964e-04 -8.588278e-01 1.585169e-02 -2.618576e-04 9.998743e-01 1.306764e+01
9.999377e-01 -2.661908e-04 1.115219e-02 7.845850e+00 2.681447e-04 9.999999e-01 -1.733458e-04 -8.637448e-01 -1.115204e-02 1.763210e-04 9.999377e-01 1.310148e+01
9.999137e-01 3.510480e-04 -1.312897e-02 7.966061e+00 -3.485036e-04 9.999999e-01 1.957695e-04 -8.674836e-01 1.312914e-02 -1.911814e-04 9.999137e-01 1.304298e+01
9.999462e-01 -1.771910e-04 1.036978e-02 8.137118e+00 1.786968e-04 1.000000e+00 -1.438895e-04 -8.669569e-01 -1.036966e-02 1.457305e-04 9.999462e-01 1.275035e+01
9.999198e-01 3.235666e-04 -1.265371e-02 8.330633e+00 -3.211812e-04 9.999999e-01 1.902193e-04 -8.663336e-01 1.265387e-02 -1.861442e-04 9.999199e-01 1.244628e+01
9.999431e-01 -9.952157e-05 1.066634e-02 8.585229e+00 1.011187e-04 1.000000e+00 -1.488230e-04 -8.621193e-01 -1.066622e-02 1.498887e-04 9.999430e-01 1.193468e+01
9.999074e-01 3.894653e-04 -1.360048e-02 8.854437e+00 -3.862867e-04 9.999999e-01 2.360392e-04 -8.555968e-01 1.360067e-02 -2.307679e-04 9.999074e-01 1.129948e+01
9.999520e-01 -9.644506e-05 9.794996e-03 9.104632e+00 9.761155e-05 1.000000e+00 -1.182087e-04 -8.490602e-01 -9.794884e-03 1.191548e-04 9.999520e-01 1.067466e+01
9.998464e-01 4.563294e-04 -1.751687e-02 9.353409e+00 -4.477413e-04 9.999998e-01 4.939691e-04 -8.454803e-01 1.751719e-02 -4.860545e-04 9.998464e-01 1.020342e+01
9.999127e-01 -2.139218e-04 1.320483e-02 9.645334e+00 2.175164e-04 9.999999e-01 -2.704979e-04 -8.396570e-01 -1.320467e-02 2.733423e-04 9.999127e-01 9.609501e+00
9.998948e-01 3.901560e-04 -1.449892e-02 9.859721e+00 -3.863487e-04 9.999999e-01 2.651163e-04 -8.378307e-01 1.449912e-02 -2.594910e-04 9.998948e-01 9.233698e+00
9.999132e-01 -2.129859e-04 1.317275e-02 1.006911e+01 2.164368e-04 9.999999e-01 -2.602609e-04 -8.363713e-01 -1.317259e-02 2.630851e-04 9.999131e-01 8.875852e+00
9.998927e-01 3.743003e-04 -1.464299e-02 1.029038e+01 -3.703786e-04 9.999999e-01 2.702653e-04 -8.348614e-01 1.464319e-02 -2.648171e-04 9.998927e-01 8.516270e+00
9.999051e-01 -3.070474e-04 1.377318e-02 1.047484e+01 3.109008e-04 9.999999e-01 -2.773578e-04 -8.372606e-01 -1.377299e-02 2.816093e-04 9.999051e-01 8.367683e+00
9.998898e-01 4.499401e-04 -1.483248e-02 1.063940e+01 -4.459583e-04 9.999999e-01 2.714975e-04 -8.383068e-01 1.483270e-02 -2.648571e-04 9.998899e-01 8.152244e+00
9.998997e-01 -3.143581e-04 1.415323e-02 1.076251e+01 3.185066e-04 9.999999e-01 -2.905927e-04 -8.386554e-01 -1.415303e-02 2.950672e-04 9.998997e-01 7.924472e+00
9.998450e-01 4.396195e-04 -1.759684e-02 1.097429e+01 -4.297184e-04 9.999997e-01 5.662209e-04 -8.419212e-01 1.759719e-02 -5.585756e-04 9.998449e-01 7.815512e+00
9.999179e-01 -2.608335e-04 1.280848e-02 1.123474e+01 2.637433e-04 9.999999e-01 -2.251990e-04 -8.428708e-01 -1.280833e-02 2.285544e-04 9.999179e-01 7.589624e+00
9.998791e-01 3.663084e-04 -1.554508e-02 1.151165e+01 -3.605067e-04 9.999999e-01 3.757695e-04 -8.412816e-01 1.554531e-02 -3.701242e-04 9.998790e-01 7.211585e+00
9.999320e-01 -1.719676e-04 1.165419e-02 1.181519e+01 1.734387e-04 1.000000e+00 -1.248944e-04 -8.373977e-01 -1.165407e-02 1.269030e-04 9.999320e-01 6.714711e+00
9.998802e-01 4.162249e-04 -1.546867e-02 1.209959e+01 -4.098486e-04 9.999998e-01 4.151315e-04 -8.371216e-01 1.546894e-02 -4.087461e-04 9.998802e-01 6.415037e+00
9.999044e-01 -3.046933e-04 1.381998e-02 1.231192e+01 3.083820e-04 9.999999e-01 -2.645137e-04 -8.412934e-01 -1.381980e-02 2.687460e-04 9.999044e-01 6.361795e+00
9.999092e-01 3.009321e-04 -1.346835e-02 1.253882e+01 -2.962275e-04 9.999999e-01 3.510283e-04 -8.473594e-01 1.346856e-02 -3.470109e-04 9.999092e-01 6.409391e+00
9.999608e-01 -2.658780e-04 8.841013e-03 1.282104e+01 2.641245e-04 9.999999e-01 1.999150e-04 -8.557229e-01 -8.840967e-03 -1.975762e-04 9.999608e-01 6.554226e+00
9.998906e-01 1.598149e-04 -1.478642e-02 1.304267e+01 -1.531200e-04 9.999999e-01 4.536598e-04 -8.663538e-01 1.478659e-02 -4.513502e-04 9.998905e-01 6.847192e+00
9.999023e-01 -3.525576e-04 1.397248e-02 1.322884e+01 3.568480e-04 9.999999e-01 -3.043137e-04 -8.754947e-01 -1.397227e-02 3.092659e-04 9.999023e-01 7.061458e+00
9.999208e-01 3.346401e-04 -1.257374e-02 1.359261e+01 -3.277420e-04 9.999998e-01 5.503768e-04 -8.819669e-01 1.257402e-02 -5.462163e-04 9.999207e-01 7.107417e+00
9.999618e-01 -3.697780e-04 8.729980e-03 1.386842e+01 3.699319e-04 9.999999e-01 -1.561391e-05 -8.914476e-01 -8.729875e-03 1.883871e-05 9.999618e-01 7.316165e+00
9.999364e-01 2.278377e-04 -1.127154e-02 1.400992e+01 -2.249370e-04 9.999999e-01 2.582932e-04 -9.008056e-01 1.127170e-02 -2.557454e-04 9.999364e-01 7.553266e+00
9.999607e-01 -2.910149e-04 8.855690e-03 1.418416e+01 2.907217e-04 1.000000e+00 3.479559e-05 -9.096965e-01 -8.855600e-03 -3.222376e-05 9.999607e-01 7.753791e+00
9.998100e-01 2.921682e-04 -1.948647e-02 1.433657e+01 -2.748904e-04 9.999996e-01 8.891447e-04 -9.211095e-01 1.948682e-02 -8.836232e-04 9.998097e-01 8.092039e+00
9.998976e-01 -3.440158e-04 1.430552e-02 1.443490e+01 3.508603e-04 9.999998e-01 -4.757091e-04 -9.310433e-01 -1.430526e-02 4.806756e-04 9.998975e-01 8.364000e+00
9.999395e-01 3.041892e-04 -1.099085e-02 1.459047e+01 -3.004012e-04 9.999999e-01 3.459856e-04 -9.379402e-01 1.099106e-02 -3.426670e-04 9.999395e-01 8.492497e+00
9.998788e-01 -4.098118e-04 1.556367e-02 1.480018e+01 4.170050e-04 9.999998e-01 -4.587153e-04 -9.447488e-01 -1.556338e-02 4.651457e-04 9.998787e-01 8.606684e+00
9.997861e-01 3.235199e-04 -2.067989e-02 1.500825e+01 -3.037232e-04 9.999995e-01 9.602571e-04 -9.546432e-01 2.068029e-02 -9.537747e-04 9.997856e-01 8.845616e+00
9.998386e-01 -1.974043e-04 1.796165e-02 1.522694e+01 2.085158e-04 9.999998e-01 -6.165665e-04 -9.622747e-01 -1.796142e-02 6.202083e-04 9.998384e-01 8.980871e+00
9.999998e-01 -3.415731e-04 5.371379e-04 1.551185e+01 3.416110e-04 9.999999e-01 -6.397254e-05 -9.695967e-01 -5.370170e-04 6.415198e-05 9.999998e-01 9.186398e+00
9.999101e-01 -2.008504e-04 1.340376e-02 1.581928e+01 2.046886e-04 9.999999e-01 -2.847175e-04 -9.792773e-01 -1.340361e-02 2.874315e-04 9.999101e-01 9.485221e+00
9.999999e-01 -3.186474e-04 1.313524e-04 1.606005e+01 3.186738e-04 9.999999e-01 -1.735713e-04 -9.884726e-01 -1.311978e-04 1.736091e-04 9.999999e-01 9.778276e+00
9.999999e-01 -4.348026e-05 -4.354368e-04 1.630166e+01 4.373365e-05 9.999998e-01 5.734597e-04 -9.999997e-01 4.355111e-04 -5.734827e-04 9.999997e-01 1.012797e+01
9.999911e-01 -4.845690e-05 -4.208194e-03 1.652189e+01 4.825893e-05 1.000000e+00 -4.800883e-05 -1.010377e+00 4.208296e-03 4.780129e-05 9.999911e-01 1.040339e+01
9.999450e-01 -2.089394e-04 1.048167e-02 1.678915e+01 2.095522e-04 1.000000e+00 -5.702323e-05 -1.018440e+00 -1.048155e-02 5.921247e-05 9.999450e-01 1.058249e+01
9.999976e-01 -1.738965e-04 -2.140724e-03 1.707189e+01 1.736727e-04 1.000000e+00 -1.064772e-04 -1.027216e+00 2.140842e-03 1.061011e-04 9.999976e-01 1.081163e+01
9.999396e-01 -1.748849e-04 1.098359e-02 1.735125e+01 1.757268e-04 1.000000e+00 -7.534484e-05 -1.036111e+00 -1.098347e-02 7.726630e-05 9.999396e-01 1.104657e+01
9.999617e-01 5.865583e-05 -8.751171e-03 1.777238e+01 -5.501512e-05 9.999999e-01 4.158356e-04 -1.043376e+00 8.751294e-03 -4.153423e-04 9.999616e-01 1.112661e+01
9.999628e-01 2.426886e-05 8.625028e-03 1.832650e+01 -2.579602e-05 1.000000e+00 1.773775e-04 -1.049136e+00 -8.624924e-03 -1.775974e-04 9.999627e-01 1.109991e+01
9.999722e-01 4.360238e-05 -7.450419e-03 1.874169e+01 -4.213709e-05 1.000000e+00 1.963318e-04 -1.055663e+00 7.450527e-03 -1.960164e-04 9.999722e-01 1.114664e+01
9.999808e-01 4.268939e-05 6.195154e-03 1.909017e+01 -4.418346e-05 1.000000e+00 2.416208e-04 -1.061926e+00 -6.195044e-03 -2.418939e-04 9.999807e-01 1.119239e+01
9.999603e-01 -1.805616e-04 -8.905181e-03 1.943252e+01 1.816911e-04 1.000000e+00 1.256202e-04 -1.069766e+00 8.905258e-03 -1.272372e-04 9.999603e-01 1.128292e+01
9.999886e-01 -2.796410e-04 4.767077e-03 1.968094e+01 2.784584e-04 9.999999e-01 2.495071e-04 -1.080234e+00 -4.767047e-03 -2.481808e-04 9.999886e-01 1.151786e+01
9.999225e-01 -2.348315e-04 -1.244226e-02 1.992071e+01 2.410717e-04 9.999998e-01 4.997431e-04 -1.093037e+00 1.244224e-02 -5.027079e-04 9.999224e-01 1.188511e+01
9.999971e-01 -3.809321e-04 2.346428e-03 2.014151e+01 3.798340e-04 9.999998e-01 4.699098e-04 -1.107508e+00 -2.346507e-03 -4.690212e-04 9.999971e-01 1.234502e+01
9.998741e-01 -1.656128e-04 -1.586372e-02 2.033091e+01 1.779934e-04 9.999997e-01 7.787989e-04 -1.123050e+00 1.586368e-02 -7.815284e-04 9.998738e-01 1.286996e+01
9.999954e-01 -5.645598e-04 2.971389e-03 2.052538e+01 5.633100e-04 9.999998e-01 4.225924e-04 -1.139103e+00 -2.971528e-03 -4.209206e-04 9.999954e-01 1.342657e+01
9.999238e-01 4.597874e-05 -1.234170e-02 2.063164e+01 -4.234857e-05 1.000000e+00 2.941206e-04 -1.152783e+00 1.234181e-02 -2.935795e-04 9.999237e-01 1.386231e+01
9.999901e-01 -5.144609e-04 4.407787e-03 2.071908e+01 5.129204e-04 9.999998e-01 3.513803e-04 -1.165254e+00 -4.407868e-03 -3.491200e-04 9.999902e-01 1.427152e+01
