1.000000e+00 -8.890811e-05 2.004190e-04 -3.781244e-02 8.890319e-05 1.000000e+00 2.467513e-05 -1.968176e-02 -2.004212e-04 -2.465683e-05 9.999999e-01 8.243840e-01
9.999993e-01 2.974488e-05 -1.184346e-03 -3.864327e-02 -2.967143e-05 1.000000e+00 6.202094e-05 -4.280129e-02 1.184348e-03 -6.198527e-05 9.999992e-01 1.726961e+00
9.999932e-01 3.716647e-05 -3.698192e-03 -4.066927e-02 -3.642387e-05 1.000000e+00 2.008637e-04 -6.651008e-02 3.698199e-03 -2.007272e-04 9.999930e-01 2.645895e+00
9.999869e-01 1.816487e-04 -5.120275e-03 -3.168698e-02 -1.808063e-04 1.000000e+00 1.649807e-04 -8.418154e-02 5.120303e-03 -1.640522e-04 9.999868e-01 3.311441e+00
9.996389e-01 7.431288e-04 -2.686089e-02 -7.185229e-02 -7.118434e-04 9.999991e-01 1.174261e-03 -1.001955e-01 2.686174e-02 -1.154715e-03 9.996384e-01 3.983943e+00
9.999923e-01 -3.784555e-05 3.931014e-03 -1.844786e-01 3.885675e-05 1.000000e+00 -2.571488e-04 -1.055356e-01 -3.931011e-03 2.573003e-04 9.999921e-01 4.364252e+00
9.998895e-01 3.554813e-04 -1.485879e-02 -3.677721e-01 -3.456974e-04 9.999997e-01 6.610180e-04 -1.011877e-01 1.485901e-02 -6.558075e-04 9.998893e-01 4.434414e+00
9.999970e-01 -3.359494e-05 2.460256e-03 -4.197223e-01 3.402160e-05 1.000000e+00 -1.733558e-04 -1.190201e-01 -2.460259e-03 1.734398e-04 9.999969e-01 5.207883e+00
9.997949e-01 4.955331e-04 -2.024424e-02 -4.729012e-01 -4.768497e-04 9.999995e-01 9.277129e-04 -1.362113e-01 2.024468e-02 -9.178682e-04 9.997945e-01 5.928303e+00
1.000000e+00 7.951976e-05 1.118385e-05 -5.571269e-01 -7.951839e-05 1.000000e+00 -1.154713e-04 -1.482590e-01 -1.120603e-05 1.154714e-04 9.999999e-01 6.504100e+00
9.999978e-01 -7.230285e-05 -2.108762e-03 -6.268019e-01 7.272466e-05 1.000000e+00 1.999128e-04 -1.652241e-01 2.108734e-03 -2.000647e-04 9.999977e-01 7.265468e+00
9.999963e-01 -8.534713e-06 2.720606e-03 -8.355684e-01 9.175109e-06 1.000000e+00 -2.353426e-04 -1.692978e-01 -2.720617e-03 2.353677e-04 9.999962e-01 7.683698e+00
9.999728e-01 7.096428e-05 -7.369312e-03 -8.971669e-01 -6.794429e-05 9.999999e-01 4.100451e-04 -1.858397e-01 7.369327e-03 -4.095322e-04 9.999727e-01 8.399698e+00
9.999977e-01 7.848264e-06 2.163457e-03 -9.698169e-01 -7.455782e-06 1.000000e+00 -1.813783e-04 -2.085183e-01 -2.163473e-03 1.813628e-04 9.999975e-01 9.393295e+00
9.997518e-01 5.158177e-04 -2.227195e-02 -1.033059e+00 -4.930826e-04 9.999994e-01 1.026268e-03 -2.239226e-01 2.227245e-02 -1.015030e-03 9.997513e-01 1.004797e+01
9.999948e-01 8.259301e-05 3.239004e-03 -1.031084e+00 -8.163129e-05 1.000000e+00 -2.970105e-04 -2.259137e-01 -3.239046e-03 2.967457e-04 9.999946e-01 1.011486e+01
9.998336e-01 3.472021e-04 -1.823996e-02 -1.009622e+00 -3.314186e-04 9.999996e-01 8.683372e-04 -2.245572e-01 1.824024e-02 -8.621463e-04 9.998332e-01 9.984400e+00
9.999025e-01 6.426122e-04 -1.395160e-02 -1.006956e+00 -6.369464e-04 9.999997e-01 4.105388e-04 -2.224156e-01 1.395184e-02 -4.016110e-04 9.999025e-01 9.861335e+00
9.998528e-01 2.856236e-04 -1.715278e-02 -9.971033e-01 -2.714904e-04 9.999996e-01 8.262739e-04 -2.232806e-01 1.715299e-02 -8.214940e-04 9.998524e-01 9.836286e+00
9.999450e-01 5.524865e-04 -1.047095e-02 -9.790942e-01 -5.497144e-04 9.999998e-01 2.675951e-04 -2.274236e-01 1.047107e-02 -2.618229e-04 9.999450e-01 9.951815e+00
9.999739e-01 -5.061827e-04 7.202479e-03 -9.445604e-01 5.072099e-04 9.999999e-01 -1.407636e-04 -2.422752e-01 -7.202435e-03 1.444147e-04 9.999740e-01 1.045412e+01
9.999598e-01 5.075997e-04 -8.955128e-03 -9.568040e-01 -5.059386e-04 9.999999e-01 1.877297e-04 -2.514409e-01 8.955193e-03 -1.831898e-04 9.999598e-01 1.080567e+01
9.999777e-01 -6.234573e-05 -6.673028e-03 -1.087827e+00 6.499556e-05 9.999999e-01 3.968418e-04 -2.515040e-01 6.672973e-03 -3.972651e-04 9.999776e-01 1.096216e+01
9.997734e-01 8.704009e-04 -2.127075e-02 -1.011231e+00 -8.550993e-04 9.999994e-01 7.284427e-04 -2.602632e-01 2.127134e-02 -7.100873e-04 9.997734e-01 1.114660e+01
9.998491e-01 2.942891e-04 -1.736952e-02 -1.002124e+00 -2.801433e-04 9.999996e-01 8.168153e-04 -2.661284e-01 1.736972e-02 -8.118242e-04 9.998487e-01 1.132722e+01
9.999816e-01 3.670020e-04 -6.051550e-03 -1.051252e+00 -3.664484e-04 9.999999e-01 9.252416e-05 -2.792296e-01 6.051544e-03 -9.030298e-05 9.999816e-01 1.188363e+01
9.999997e-01 -2.554891e-04 -6.726336e-04 -1.092687e+00 2.556083e-04 1.000000e+00 1.764679e-04 -2.999511e-01 6.725491e-04 -1.766378e-04 9.999997e-01 1.273143e+01
9.999997e-01 2.872009e-04 -7.766506e-04 -7.950288e-01 -2.872958e-04 1.000000e+00 -1.226834e-04 -3.078841e-01 7.765759e-04 1.229084e-04 9.999996e-01 1.259447e+01
1.000000e+00 -2.464461e-04 1.309267e-05 -3.467877e-01 2.464444e-04 1.000000e+00 1.627298e-04 -3.047807e-01 -1.317230e-05 -1.627246e-04 9.999999e-01 1.188038e+01
9.999999e-01 2.147494e-04 4.955708e-04 -6.138324e-01 -2.146608e-04 1.000000e+00 -1.779813e-04 -2.788983e-01 -4.956485e-04 1.778769e-04 9.999998e-01 1.118381e+01
9.999999e-01 -2.419185e-04 3.113629e-04 -1.087139e+00 2.418628e-04 1.000000e+00 1.804659e-04 -2.363175e-01 -3.114459e-04 -1.803886e-04 9.999998e-01 1.010697e+01
9.999999e-01 2.294602e-04 3.402619e-04 -1.467593e+00 -2.294037e-04 1.000000e+00 -1.648534e-04 -1.944981e-01 -3.403391e-04 1.647773e-04 9.999998e-01 8.943200e+00
9.999999e-01 -2.460303e-04 -2.300486e-04 -1.757466e+00 2.460670e-04 1.000000e+00 1.579756e-04 -1.701563e-01 2.299704e-04 -1.580303e-04 9.999999e-01 8.331355e+00
9.999990e-01 2.903828e-04 -1.364490e-03 -2.223383e+00 -2.905210e-04 1.000000e+00 -1.013851e-04 -1.402425e-01 1.364421e-03 1.017834e-04 9.999990e-01 7.715359e+00
9.999995e-01 -2.843017e-04 9.157806e-04 -2.634419e+00 2.841920e-04 1.000000e+00 1.203347e-04 -1.108334e-01 -9.158543e-04 -1.200725e-04 9.999995e-01 7.055304e+00
9.999994e-01 3.022220e-04 -1.003105e-03 -2.990357e+00 -3.023084e-04 1.000000e+00 -8.639375e-05 -7.337501e-02 1.003039e-03 8.669889e-05 9.999994e-01 6.023990e+00
9.999998e-01 -2.532306e-04 4.828772e-04 -3.348499e+00 2.531604e-04 1.000000e+00 1.463034e-04 -3.323744e-02 -4.829538e-04 -1.461791e-04 9.999998e-01 4.880795e+00
9.999992e-01 2.968237e-04 -1.211017e-03 -3.818915e+00 -2.969282e-04 1.000000e+00 -8.646105e-05 8.478579e-03 1.210952e-03 8.682251e-05 9.999992e-01 3.824120e+00
9.999998e-01 -2.921085e-04 4.848370e-04 -4.193892e+00 2.920671e-04 1.000000e+00 8.629019e-05 2.576009e-02 -4.849019e-04 -8.614661e-05 9.999998e-01 3.613154e+00
9.999998e-01 2.612022e-04 -4.866350e-04 -4.599033e+00 -2.612567e-04 1.000000e+00 -1.128706e-04 4.460158e-02 4.865658e-04 1.129997e-04 9.999998e-01 3.397782e+00
9.999998e-01 -3.146108e-04 5.901640e-04 -4.984470e+00 3.145640e-04 9.999999e-01 8.024844e-05 5.584422e-02 -5.902289e-04 -8.006082e-05 9.999997e-01 3.472863e+00
9.999999e-01 2.125169e-04 2.187347e-04 -5.226246e+00 -2.124898e-04 1.000000e+00 -1.218019e-04 5.488023e-02 -2.188002e-04 1.217574e-04 9.999999e-01 3.844387e+00
9.999867e-01 -4.653183e-04 5.140614e-03 -5.354579e+00 4.656439e-04 9.999999e-01 -6.205749e-05 3.963055e-02 -5.140623e-03 6.445231e-05 9.999867e-01 4.647535e+00
9.999996e-01 1.841877e-04 9.049047e-04 -5.522587e+00 -1.840509e-04 1.000000e+00 -1.508020e-04 2.805882e-02 -9.049710e-04 1.506373e-04 9.999995e-01 5.360298e+00
9.999991e-01 -3.317585e-04 1.318565e-03 -5.709528e+00 3.316792e-04 9.999999e-01 6.069322e-05 2.252030e-02 -1.318624e-03 -6.025390e-05 9.999990e-01 5.852127e+00
9.999999e-01 1.924306e-04 4.436658e-04 -5.792600e+00 -1.923875e-04 1.000000e+00 -9.616076e-05 1.908187e-03 -4.437225e-04 9.607731e-05 9.999998e-01 6.796308e+00
9.999956e-01 -1.628265e-04 -2.960446e-03 -5.908849e+00 1.633641e-04 1.000000e+00 1.812349e-04 -8.139603e-03 2.960378e-03 -1.817158e-04 9.999955e-01 7.330187e+00
9.998473e-01 7.764962e-04 -1.745704e-02 -6.151955e+00 -7.654603e-04 9.999995e-01 6.388231e-04 6.395509e-03 1.745749e-02 -6.253609e-04 9.998473e-01 7.062513e+00
9.999966e-01 -1.725517e-04 -2.609463e-03 -6.448668e+00 1.729589e-04 1.000000e+00 1.556405e-04 2.710564e-02 2.609394e-03 -1.560893e-04 9.999965e-01 6.617408e+00
9.996080e-01 1.101138e-03 -2.797609e-02 -6.664463e+00 -1.071254e-03 9.999988e-01 1.083117e-03 3.926216e-02 2.797721e-02 -1.052721e-03 9.996079e-01 6.392917e+00
9.999999e-01 -2.580069e-04 2.070879e-04 -6.821881e+00 2.580074e-04 1.000000e+00 7.505848e-07 4.365682e-02 -2.071355e-04 -6.949416e-07 9.999999e-01 6.391910e+00
9.996152e-01 1.060110e-03 -2.771878e-02 -6.882104e+00 -1.029928e-03 9.999989e-01 1.103097e-03 3.854291e-02 2.771987e-02 -1.074122e-03 9.996151e-01 6.631845e+00
9.999864e-01 -3.918281e-04 5.204410e-03 -6.926291e+00 3.930357e-04 9.999999e-01 -2.308765e-04 2.869632e-02 -5.204371e-03 2.329213e-04 9.999863e-01 7.049612e+00
9.992644e-01 1.353105e-03 -3.832627e-02 -7.000029e+00 -1.293131e-03 9.999979e-01 1.589551e-03 2.067260e-02 3.832828e-02 -1.538819e-03 9.992639e-01 7.409624e+00
9.998957e-01 2.614481e-04 -1.444038e-02 -7.077134e+00 -2.533120e-04 9.999998e-01 5.651960e-04 1.724303e-02 1.444046e-02 -5.614766e-04 9.998955e-01 7.633232e+00
9.993430e-01 1.281414e-03 -3.622070e-02 -7.143287e+00 -1.227744e-03 9.999981e-01 1.503932e-03 1.476722e-02 3.622250e-02 -1.458471e-03 9.993426e-01 7.792932e+00
9.998998e-01 2.653481e-04 -1.415549e-02 -7.200958e+00 -2.577201e-04 9.999998e-01 5.406178e-04 1.253105e-02 1.415556e-02 -5.369127e-04 9.998996e-01 7.933904e+00
9.991207e-01 1.442272e-03 -4.190245e-02 -7.286748e+00 -1.370184e-03 9.999975e-01 1.749019e-03 1.077248e-02 4.190480e-02 -1.690064e-03 9.991201e-01 8.085354e+00
9.998704e-01 3.475363e-04 -1.609713e-02 -7.390476e+00 -3.375934e-04 9.999998e-01 6.203175e-04 9.284414e-03 1.609727e-02 -6.147998e-04 9.998702e-01 8.266905e+00
9.992254e-01 1.348045e-03 -3.932815e-02 -7.460181e+00 -1.284104e-03 9.999978e-01 1.651028e-03 5.610933e-03 3.933021e-02 -1.599245e-03 9.992249e-01 8.480041e+00
9.998215e-01 4.355010e-04 -1.888649e-02 -7.549410e+00 -4.219073e-04 9.999996e-01 7.236553e-04 3.405839e-03 1.888671e-02 -7.155547e-04 9.998213e-01 8.663563e+00
9.991673e-01 1.386143e-03 -4.077728e-02 -7.619992e+00 -1.316983e-03 9.999976e-01 1.722821e-03 -2.908735e-04 4.077949e-02 -1.667680e-03 9.991667e-01 8.877299e+00
9.998760e-01 3.481054e-04 -1.574177e-02 -7.673728e+00 -3.388373e-04 9.999998e-01 5.913057e-04 -5.104362e-03 1.574188e-02 -5.858953e-04 9.998758e-01 9.119213e+00
9.991160e-01 1.422029e-03 -4.201417e-02 -7.752920e+00 -1.348615e-03 9.999975e-01 1.775598e-03 -7.260548e-03 4.201650e-02 -1.717364e-03 9.991154e-01 9.285559e+00
9.998597e-01 3.863505e-04 -1.674247e-02 -7.836993e+00 -3.758735e-04 9.999997e-01 6.287849e-04 -1.024993e-02 1.674262e-02 -6.224004e-04 9.998596e-01 9.500197e+00
9.991274e-01 1.414422e-03 -4.174099e-02 -7.918412e+00 -1.341824e-03 9.999975e-01 1.767152e-03 -1.297691e-02 4.174330e-02 -1.709597e-03 9.991268e-01 9.697682e+00
9.998863e-01 3.319758e-04 -1.507179e-02 -7.987485e+00 -3.237039e-04 9.999998e-01 5.510982e-04 -1.543195e-02 1.507187e-02 -5.461535e-04 9.998862e-01 9.861474e+00
9.991291e-01 1.416780e-03 -4.170166e-02 -8.055196e+00 -1.344213e-03 9.999975e-01 1.768064e-03 -1.715828e-02 4.170396e-02 -1.710465e-03 9.991285e-01 9.997074e+00
9.999888e-01 1.750917e-05 -4.731699e-03 -8.109312e+00 -1.698513e-05 1.000000e+00 1.102053e-04 -2.061596e-02 4.731602e-03 -1.101204e-04 9.999887e-01 1.018200e+01
9.990846e-01 1.447401e-03 -4.275289e-02 -8.156262e+00 -1.370553e-03 9.999974e-01 1.826702e-03 -2.192547e-02 4.275532e-02 -1.766431e-03 9.990840e-01 1.027117e+01
9.999556e-01 1.573064e-04 -9.419068e-03 -8.216381e+00 -1.544363e-04 9.999999e-01 3.051260e-04 -2.490199e-02 9.419016e-03 -3.036546e-04 9.999555e-01 1.044504e+01
9.997744e-01 7.638619e-04 -2.122658e-02 -8.275984e+00 -7.441573e-04 9.999993e-01 9.360373e-04 -3.369947e-02 2.122718e-02 -9.200271e-04 9.997742e-01 1.087055e+01
9.999421e-01 1.761304e-04 -1.075939e-02 -8.322512e+00 -1.719319e-04 9.999999e-01 3.908515e-04 -4.407961e-02 1.075935e-02 -3.889759e-04 9.999420e-01 1.132466e+01
9.998791e-01 5.886301e-04 -1.553553e-02 -8.369179e+00 -5.783116e-04 9.999996e-01 6.684693e-04 -5.545582e-02 1.553582e-02 -6.594010e-04 9.998790e-01 1.181853e+01
9.995967e-01 -9.411395e-04 2.838091e-02 -8.375039e+00 9.729407e-04 9.999989e-01 -1.106608e-03 -7.046483e-02 -2.837993e-02 1.133778e-03 9.995965e-01 1.240982e+01
9.999998e-01 2.074349e-04 -5.084995e-04 -8.380886e+00 -2.073533e-04 1.000000e+00 1.543941e-04 -8.807553e-02 5.084316e-04 -1.542855e-04 9.999998e-01 1.313469e+01
9.996014e-01 -9.446320e-04 2.821525e-02 -8.382895e+00 9.760277e-04 9.999989e-01 -1.098857e-03 -1.054109e-01 -2.821428e-02 1.125961e-03 9.996012e-01 1.384312e+01
9.999999e-01 2.105728e-04 -1.978845e-04 -8.355613e+00 -2.105417e-04 1.000000e+00 1.415898e-04 -1.251955e-01 1.978146e-04 -1.415449e-04 9.999999e-01 1.460978e+01
9.996285e-01 -9.223344e-04 2.723751e-02 -8.318645e+00 9.513159e-04 9.999990e-01 -1.050979e-03 -1.461001e-01 -2.723661e-02 1.076503e-03 9.996284e-01 1.540186e+01
9.999607e-01 4.144209e-04 -8.855102e-03 -8.340278e+00 -4.105020e-04 9.999998e-01 4.440455e-04 -1.679045e-01 8.855185e-03 -4.403898e-04 9.999606e-01 1.631098e+01
9.995052e-01 -1.020866e-03 3.143457e-02 -8.347743e+00 1.058915e-03 9.999987e-01 -1.193671e-03 -1.889964e-01 -3.143341e-02 1.226371e-03 9.995050e-01 1.717422e+01
9.998087e-01 6.869139e-04 -1.954750e-02 -8.372711e+00 -6.709057e-04 9.999994e-01 8.253461e-04 -2.107252e-01 1.954795e-02 -8.120704e-04 9.998085e-01 1.807933e+01
9.997008e-01 -8.529670e-04 2.444488e-02 -8.370745e+00 8.765136e-04 9.999992e-01 -9.524324e-04 -2.317821e-01 -2.444415e-02 9.735770e-04 9.997007e-01 1.889625e+01
9.998749e-01 6.103023e-04 -1.580562e-02 -8.323006e+00 -5.994409e-04 9.999996e-01 6.917401e-04 -2.535824e-01 1.580594e-02 -6.821758e-04 9.998748e-01 1.967307e+01
9.996939e-01 -8.750390e-04 2.472470e-02 -8.325887e+00 8.992474e-04 9.999991e-01 -9.679002e-04 -2.737844e-01 -2.472393e-02 9.898408e-04 9.996938e-01 2.046971e+01
9.997312e-01 7.861790e-04 -2.317035e-02 -8.357135e+00 -7.640567e-04 9.999992e-01 9.634892e-04 -2.933592e-01 2.317099e-02 -9.455235e-04 9.997310e-01 2.127767e+01
9.998558e-01 -6.541018e-04 1.696566e-02 -8.403073e+00 6.659812e-04 9.999995e-01 -6.943907e-04 -3.129521e-01 -1.696530e-02 7.055927e-04 9.998558e-01 2.209518e+01
9.995505e-01 9.966216e-04 -2.996276e-02 -8.470220e+00 -9.599115e-04 9.999988e-01 1.239459e-03 -3.310760e-01 2.996385e-02 -1.210137e-03 9.995502e-01 2.288143e+01
9.999585e-01 1.536628e-04 -9.106198e-03 -8.566615e+00 -1.504248e-04 9.999999e-01 3.559383e-04 -3.430004e-01 9.106153e-03 -3.545504e-04 9.999584e-01 2.347162e+01
9.992823e-01 1.269118e-03 -3.785614e-02 -8.671089e+00 -1.210274e-03 9.999980e-01 1.577198e-03 -3.501996e-01 3.785797e-02 -1.530247e-03 9.992819e-01 2.388184e+01
9.999720e-01 1.211521e-04 -7.480548e-03 -8.762413e+00 -1.190733e-04 1.000000e+00 2.779170e-04 -3.552104e-01 7.480482e-03 -2.770153e-04 9.999719e-01 2.418963e+01
9.995566e-01 1.005430e-03 -2.975579e-02 -8.838783e+00 -9.691301e-04 9.999988e-01 1.234203e-03 -3.623323e-01 2.975690e-02 -1.204815e-03 9.995564e-01 2.455921e+01
9.999630e-01 1.486089e-04 -8.589662e-03 -8.919250e+00 -1.458097e-04 9.999999e-01 3.261268e-04 -3.686431e-01 8.589610e-03 -3.248592e-04 9.999630e-01 2.489115e+01
9.995764e-01 9.849618e-04 -2.908541e-02 -8.991798e+00 -9.503353e-04 9.999988e-01 1.204198e-03 -3.763209e-01 2.908646e-02 -1.176044e-03 9.995762e-01 2.527789e+01
9.999955e-01 -2.344084e-04 2.967854e-03 -9.046121e+00 2.347862e-04 1.000000e+00 -1.257865e-04 -3.913558e-01 -2.967924e-03 1.264858e-04 9.999955e-01 2.593281e+01
9.998258e-01 6.578338e-04 -1.864977e-02 -9.112573e+00 -6.436936e-04 9.999995e-01 7.640029e-04 -4.087297e-01 1.865016e-02 -7.518621e-04 9.998257e-01 2.669858e+01
9.998925e-01 -5.763789e-04 1.465063e-02 -9.116284e+00 5.853400e-04 9.999996e-01 -6.071305e-04 -4.247911e-01 -1.465038e-02 6.156439e-04 9.998924e-01 2.730456e+01
9.998930e-01 5.292318e-04 -1.461392e-02 -9.100444e+00 -5.200158e-04 9.999997e-01 6.341881e-04 -4.425081e-01 1.461415e-02 -6.265178e-04 9.998930e-01 2.795170e+01
9.998883e-01 -5.986411e-04 1.493321e-02 -9.132242e+00 6.080557e-04 9.999996e-01 -6.256749e-04 -4.591406e-01 -1.493293e-02 6.346882e-04 9.998883e-01 2.863725e+01
9.999000e-01 5.075361e-04 -1.413000e-02 -9.171859e+00 -4.986051e-04 9.999997e-01 6.353320e-04 -4.785670e-01 1.413022e-02 -6.282201e-04 9.998999e-01 2.945449e+01
9.998912e-01 -6.063696e-04 1.473116e-02 -9.214525e+00 6.152475e-04 9.999996e-01 -5.978927e-04 -5.011492e-01 -1.473089e-02 6.068940e-04 9.998913e-01 3.040923e+01
9.998968e-01 5.109381e-04 -1.435098e-02 -9.284409e+00 -5.017098e-04 9.999997e-01 6.463949e-04 -5.244254e-01 1.435121e-02 -6.391252e-04 9.998968e-01 3.143928e+01
9.998680e-01 -6.420651e-04 1.623094e-02 -9.320065e+00 6.528460e-04 9.999996e-01 -6.587104e-04 -5.469539e-01 -1.623061e-02 6.692228e-04 9.998680e-01 3.238066e+01
9.999221e-01 4.851785e-04 -1.247049e-02 -9.328469e+00 -4.779823e-04 9.999997e-01 5.797520e-04 -5.693025e-01 1.247066e-02 -5.737431e-04 9.999220e-01 3.327080e+01
9.999059e-01 -6.038028e-04 1.370350e-02 -9.350889e+00 6.115626e-04 9.999997e-01 -5.618203e-04 -5.925964e-01 -1.370325e-02 5.701511e-04 9.999059e-01 3.422115e+01
9.999209e-01 4.943262e-04 -1.256652e-02 -9.361902e+00 -4.869420e-04 9.999997e-01 5.903903e-04 -6.164106e-01 1.256671e-02 -5.842214e-04 9.999208e-01 3.517480e+01
9.999101e-01 -6.088674e-04 1.338809e-02 -9.410756e+00 6.162518e-04 9.999997e-01 -5.471849e-04 -6.412076e-01 -1.338785e-02 5.553893e-04 9.999102e-01 3.623357e+01
9.999577e-01 4.216748e-04 -9.180310e-03 -9.451961e+00 -4.175933e-04 9.999998e-01 4.461228e-04 -6.639727e-01 9.180398e-03 -4.422672e-04 9.999577e-01 3.719847e+01
9.999269e-01 -5.797248e-04 1.206931e-02 -9.466580e+00 5.856204e-04 9.999997e-01 -4.846569e-04 -6.885913e-01 -1.206912e-02 4.916927e-04 9.999270e-01 3.819258e+01
9.999616e-01 4.061652e-04 -8.745689e-03 -9.481955e+00 -4.022960e-04 9.999998e-01 4.437674e-04 -7.152813e-01 8.745768e-03 -4.402289e-04 9.999616e-01 3.927444e+01
9.999482e-01 -5.268454e-04 1.015939e-02 -9.465248e+00 5.311222e-04 9.999998e-01 -4.179282e-04 -7.406614e-01 -1.015927e-02 4.233056e-04 9.999483e-01 4.024506e+01
9.999591e-01 4.168086e-04 -9.025880e-03 -9.450334e+00 -4.128527e-04 9.999998e-01 4.397554e-04 -7.639285e-01 9.025963e-03 -4.360080e-04 9.999591e-01 4.112969e+01
9.999462e-01 -5.415318e-04 1.035795e-02 -9.468219e+00 5.458987e-04 9.999998e-01 -4.184315e-04 -7.884299e-01 -1.035782e-02 4.240665e-04 9.999462e-01 4.212380e+01
9.999973e-01 2.686028e-04 -2.298655e-03 -9.463741e+00 -2.681709e-04 9.999999e-01 1.866551e-04 -8.141441e-01 2.298605e-03 -1.860350e-04 9.999973e-01 4.313866e+01
9.999691e-01 -4.923499e-04 7.838068e-03 -9.476343e+00 4.948514e-04 9.999998e-01 -3.167547e-04 -8.403602e-01 -7.838010e-03 3.206268e-04 9.999692e-01 4.419950e+01
9.999826e-01 3.427893e-04 -5.881439e-03 -9.505981e+00 -3.409082e-04 9.999999e-01 3.202223e-04 -8.659770e-01 5.881449e-03 -3.182085e-04 9.999826e-01 4.526017e+01
9.999162e-01 -5.960298e-04 1.292509e-02 -9.512341e+00 6.027605e-04 9.999997e-01 -5.165768e-04 -8.907732e-01 -1.292488e-02 5.243276e-04 9.999163e-01 4.625275e+01
9.999706e-01 3.820668e-04 -7.646292e-03 -9.527254e+00 -3.790499e-04 9.999998e-01 3.955487e-04 -9.167873e-01 7.646342e-03 -3.926356e-04 9.999706e-01 4.730684e+01
9.999003e-01 -6.253365e-04 1.410062e-02 -9.554297e+00 6.334894e-04 9.999996e-01 -5.734769e-04 -9.402765e-01 -1.410036e-02 5.823556e-04 9.999004e-01 4.828221e+01
9.999753e-01 3.715981e-04 -7.013675e-03 -9.594050e+00 -3.690623e-04 9.999999e-01 3.623384e-04 -9.625192e-01 7.013709e-03 -3.597377e-04 9.999753e-01 4.922756e+01
9.998769e-01 -6.654176e-04 1.567029e-02 -9.606279e+00 6.751945e-04 9.999996e-01 -6.184025e-04 -9.867376e-01 -1.566997e-02 6.289102e-04 9.998770e-01 5.020724e+01
9.999966e-01 2.772287e-04 -2.562874e-03 -9.592748e+00 -2.767031e-04 9.999999e-01 2.040958e-04 -1.011394e+00 2.562830e-03 -2.033826e-04 9.999966e-01 5.116820e+01
9.999905e-01 -4.143459e-04 4.326110e-03 -9.623802e+00 4.152635e-04 9.999999e-01 -2.103908e-04 -1.034482e+00 -4.326122e-03 2.121886e-04 9.999906e-01 5.212660e+01
9.999931e-01 3.059896e-04 -3.676676e-03 -9.672091e+00 -3.051464e-04 9.999999e-01 2.289489e-04 -1.055565e+00 3.676646e-03 -2.278221e-04 9.999932e-01 5.302840e+01
9.999586e-01 -5.268994e-04 9.077135e-03 -9.687441e+00 5.301827e-04 9.999998e-01 -3.589183e-04 -1.081365e+00 -9.077044e-03 3.637193e-04 9.999587e-01 5.407582e+01
9.999958e-01 2.964316e-04 -2.874858e-03 -9.675532e+00 -2.958221e-04 9.999999e-01 2.112255e-04 -1.108853e+00 2.874821e-03 -2.103708e-04 9.999958e-01 5.515013e+01
9.999596e-01 -5.251478e-04 8.963417e-03 -9.675980e+00 5.284889e-04 9.999998e-01 -3.699992e-04 -1.133748e+00 -8.963321e-03 3.747247e-04 9.999597e-01 5.613798e+01
9.999847e-01 3.456451e-04 -5.503212e-03 -9.718085e+00 -3.439917e-04 9.999999e-01 3.007439e-04 -1.157341e+00 5.503215e-03 -2.988429e-04 9.999848e-01 5.713887e+01
9.999446e-01 -5.568457e-04 1.050605e-02 -9.722265e+00 5.612286e-04 9.999998e-01 -4.139003e-04 -1.183368e+00 -1.050592e-02 4.197771e-04 9.999447e-01 5.817615e+01
9.999821e-01 3.704811e-04 -5.955701e-03 -9.709928e+00 -3.686055e-04 9.999999e-01 3.154324e-04 -1.208411e+00 5.955717e-03 -3.132281e-04 9.999822e-01 5.914564e+01
9.999730e-01 -5.046628e-04 7.329766e-03 -9.698579e+00 5.067231e-04 9.999998e-01 -2.787611e-04 -1.235738e+00 -7.329724e-03 2.824712e-04 9.999730e-01 6.020762e+01
9.999981e-01 2.041894e-04 1.929459e-03 -9.623009e+00 -2.042256e-04 1.000000e+00 2.036651e-05 -1.264284e+00 -1.929555e-03 -2.075710e-05 9.999981e-01 6.121917e+01
9.998844e-01 -6.899173e-04 1.518624e-02 -9.555643e+00 6.984026e-04 9.999996e-01 -5.532186e-04 -1.292067e+00 -1.518595e-02 5.637643e-04 9.998845e-01 6.222383e+01
9.999886e-01 1.366162e-04 4.761975e-03 -9.494239e+00 -1.361834e-04 1.000000e+00 -9.049461e-05 -1.318062e+00 -4.762087e-03 8.984855e-05 9.999886e-01 6.316785e+01
9.999333e-01 -6.053451e-04 1.153198e-02 -9.447226e+00 6.102940e-04 9.999997e-01 -4.253335e-04 -1.343104e+00 -1.153182e-02 4.323466e-04 9.999334e-01 6.409452e+01
9.999947e-01 1.639396e-04 3.239481e-03 -9.445976e+00 -1.637344e-04 1.000000e+00 -6.255564e-05 -1.364461e+00 -3.239591e-03 6.202842e-05 9.999947e-01 6.494615e+01
9.999588e-01 -5.441260e-04 9.056737e-03 -9.437055e+00 5.470228e-04 9.999998e-01 -3.170085e-04 -1.389325e+00 -9.056662e-03 3.219533e-04 9.999589e-01 6.592452e+01
9.999884e-01 1.370407e-04 4.801039e-03 -9.375934e+00 -1.364968e-04 1.000000e+00 -1.129331e-04 -1.416268e+00 -4.801153e-03 1.122801e-04 9.999884e-01 6.690199e+01
9.999887e-01 -4.185851e-04 4.716585e-03 -9.241975e+00 4.193720e-04 9.999999e-01 -1.651621e-04 -1.443587e+00 -4.716615e-03 1.671418e-04 9.999888e-01 6.777711e+01
9.999959e-01 2.020718e-04 2.835795e-03 -8.957741e+00 -2.020211e-04 1.000000e+00 -1.701394e-05 -1.476665e+00 -2.835898e-03 1.644457e-05 9.999959e-01 6.867302e+01
9.999981e-01 -4.091422e-04 1.886030e-03 -8.962545e+00 4.093121e-04 9.999999e-01 -8.801823e-05 -1.502536e+00 -1.886094e-03 8.879367e-05 9.999982e-01 6.970649e+01
9.999786e-01 1.201978e-04 6.538994e-03 -8.952449e+00 -1.191246e-04 1.000000e+00 -1.640186e-04 -1.526186e+00 -6.539113e-03 1.632397e-04 9.999786e-01 7.062756e+01
9.999882e-01 -4.741266e-04 4.829226e-03 -8.942206e+00 4.751118e-04 9.999999e-01 -2.021888e-04 -1.546910e+00 -4.829228e-03 2.044845e-04 9.999883e-01 7.143350e+01
9.999593e-01 4.956385e-05 9.020288e-03 -8.940050e+00 -4.747800e-05 1.000000e+00 -2.310977e-04 -1.573503e+00 -9.020398e-03 2.306636e-04 9.999592e-01 7.249593e+01
9.999970e-01 -3.171922e-04 -2.421794e-03 -8.998467e+00 3.173617e-04 9.999999e-01 6.830744e-05 -1.601853e+00 2.421673e-03 -6.907213e-05 9.999970e-01 7.372730e+01
9.998984e-01 -5.901191e-05 1.425141e-02 -9.009617e+00 6.523428e-05 9.999999e-01 -4.359250e-04 -1.627181e+00 -1.425149e-02 4.368141e-04 9.998983e-01 7.476125e+01
9.999737e-01 -1.942033e-04 -7.239037e-03 -9.054318e+00 1.959403e-04 1.000000e+00 2.388063e-04 -1.651975e+00 7.238892e-03 -2.402147e-04 9.999737e-01 7.582307e+01
9.999598e-01 4.159827e-05 8.959456e-03 -9.109406e+00 -3.966566e-05 1.000000e+00 -2.155290e-04 -1.680139e+00 -8.959563e-03 2.151687e-04 9.999598e-01 7.703528e+01
9.999837e-01 -2.176820e-04 -5.698302e-03 -9.137313e+00 2.186810e-04 1.000000e+00 1.741535e-04 -1.706817e+00 5.698165e-03 -1.753931e-04 9.999837e-01 7.813917e+01
9.999618e-01 5.507348e-05 8.732710e-03 -9.179036e+00 -5.313916e-05 1.000000e+00 -2.213717e-04 -1.732011e+00 -8.732820e-03 2.209029e-04 9.999618e-01 7.920863e+01
9.999743e-01 -1.926824e-04 -7.158440e-03 -9.275715e+00 1.943067e-04 1.000000e+00 2.257686e-04 -1.756352e+00 7.158298e-03 -2.271499e-04 9.999743e-01 8.033258e+01
9.999596e-01 4.763202e-05 8.988478e-03 -9.386558e+00 -4.549691e-05 1.000000e+00 -2.373888e-04 -1.780929e+00 -8.988588e-03 2.369740e-04 9.999595e-01 8.149064e+01
9.999796e-01 -2.069563e-04 -6.384945e-03 -9.498417e+00 2.080944e-04 1.000000e+00 1.770948e-04 -1.801526e+00 6.384810e-03 -1.784161e-04 9.999795e-01 8.247995e+01
9.999536e-01 3.740467e-05 9.627184e-03 -9.746495e+00 -3.474138e-05 1.000000e+00 -2.764799e-04 -1.813379e+00 -9.627292e-03 2.761364e-04 9.999536e-01 8.329116e+01
9.999675e-01 -1.519266e-04 -8.057897e-03 -9.925607e+00 1.537695e-04 1.000000e+00 2.276975e-04 -1.825392e+00 8.057764e-03 -2.289254e-04 9.999674e-01 8.399982e+01
9.999389e-01 7.215659e-06 1.105137e-02 -1.026625e+01 -3.384421e-06 9.999999e-01 -3.464065e-04 -1.823428e+00 -1.105147e-02 3.463517e-04 9.999388e-01 8.436404e+01
9.999797e-01 -2.102070e-04 -6.358844e-03 -1.054203e+01 2.113878e-04 1.000000e+00 1.845310e-04 -1.830023e+00 6.358706e-03 -1.858676e-04 9.999797e-01 8.499010e+01
9.999376e-01 6.871161e-06 1.116339e-02 -1.072165e+01 -3.044577e-06 9.999999e-01 -3.425133e-04 -1.842949e+00 -1.116349e-02 3.424617e-04 9.999376e-01 8.574602e+01
9.999801e-01 -2.031629e-04 -6.297445e-03 -1.102398e+01 2.042349e-04 1.000000e+00 1.690975e-04 -1.845802e+00 6.297313e-03 -1.703765e-04 9.999801e-01 8.624710e+01
9.999576e-01 6.614720e-05 9.204476e-03 -1.147732e+01 -6.346870e-05 1.000000e+00 -2.909503e-04 -1.836125e+00 -9.204593e-03 2.903576e-04 9.999575e-01 8.645333e+01
9.999827e-01 -2.276712e-04 -5.873943e-03 -1.181212e+01 2.286619e-04 1.000000e+00 1.674620e-04 -1.834422e+00 5.873807e-03 -1.687984e-04 9.999827e-01 8.682148e+01
9.999613e-01 7.478752e-05 8.788317e-03 -1.210646e+01 -7.237005e-05 1.000000e+00 -2.750397e-04 -1.835906e+00 -8.788435e-03 2.743968e-04 9.999613e-01 8.726397e+01
9.999852e-01 -2.392003e-04 -5.422463e-03 -1.229506e+01 2.400685e-04 1.000000e+00 1.589035e-04 -1.847105e+00 5.422327e-03 -1.601991e-04 9.999852e-01 8.795718e+01
9.999671e-01 1.037911e-04 8.104974e-03 -1.263937e+01 -1.016377e-04 1.000000e+00 -2.657210e-04 -1.845012e+00 -8.105099e-03 2.648924e-04 9.999671e-01 8.832518e+01
9.999649e-01 -1.156966e-04 -8.369849e-03 -1.291205e+01 1.181405e-04 1.000000e+00 2.911369e-04 -1.831115e+00 8.369717e-03 -2.921116e-04 9.999649e-01 8.813789e+01
9.998971e-01 -1.226670e-04 1.434239e-02 -1.309880e+01 1.298762e-04 9.999999e-01 -5.014988e-04 -1.839316e+00 -1.434243e-02 5.033138e-04 9.998970e-01 8.871291e+01
9.999883e-01 -2.067123e-04 -4.826299e-03 -1.322397e+01 2.075642e-04 1.000000e+00 1.753689e-04 -1.853612e+00 4.826165e-03 -1.763648e-04 9.999883e-01 8.945952e+01
9.998219e-01 -2.145350e-04 1.887116e-02 -1.328301e+01 2.270078e-04 9.999998e-01 -6.586437e-04 -1.871808e+00 -1.887111e-02 6.628141e-04 9.998216e-01 9.027165e+01
9.999962e-01 -2.878583e-04 -2.735508e-03 -1.347951e+01 2.881346e-04 1.000000e+00 9.951622e-05 -1.880491e+00 2.735383e-03 -1.003001e-04 9.999962e-01 9.089651e+01
9.997269e-01 -3.131717e-04 2.336638e-02 -1.359227e+01 3.324467e-04 9.999996e-01 -8.208950e-04 -1.888174e+00 -2.336621e-02 8.284427e-04 9.997266e-01 9.137560e+01
9.999546e-01 -1.083443e-04 -9.529071e-03 -1.361545e+01 1.117330e-04 9.999999e-01 3.547851e-04 -1.904607e+00 9.528936e-03 -3.558298e-04 9.999545e-01 9.207002e+01
9.997214e-01 -3.231779e-04 2.360133e-02 -1.368374e+01 3.432231e-04 9.999996e-01 -8.451547e-04 -1.917518e+00 -2.360114e-02 8.530236e-04 9.997210e-01 9.268422e+01
9.999483e-01 -9.396561e-05 -1.016305e-02 -1.375700e+01 9.789539e-05 9.999999e-01 3.859020e-04 -1.927662e+00 1.016292e-02 -3.868730e-04 9.999482e-01 9.320400e+01
9.997032e-01 -3.414522e-04 2.435910e-02 -1.395306e+01 3.632170e-04 9.999995e-01 -8.889582e-04 -1.931552e+00 -2.435888e-02 8.975459e-04 9.997028e-01 9.363368e+01
9.999472e-01 -7.123991e-05 -1.027310e-02 -1.399785e+01 7.562306e-05 9.999999e-01 4.260110e-04 -1.953061e+00 1.027297e-02 -4.267614e-04 9.999471e-01 9.456563e+01
9.998958e-01 -1.218307e-04 1.443026e-02 -1.408096e+01 1.296779e-04 9.999998e-01 -5.426725e-04 -1.975316e+00 -1.443028e-02 5.444912e-04 9.998957e-01 9.557863e+01
9.999800e-01 -4.867041e-04 6.298702e-03 -1.419627e+01 4.878125e-04 9.999999e-01 -1.740150e-04 -1.987104e+00 -6.298709e-03 1.770881e-04 9.999801e-01 9.622345e+01
9.998318e-01 -2.096893e-04 1.833629e-02 -1.429563e+01 2.223203e-04 9.999997e-01 -6.866664e-04 -1.998894e+00 -1.833624e-02 6.906315e-04 9.998316e-01 9.684791e+01
9.999903e-01 -4.435685e-04 4.366470e-03 -1.442377e+01 4.439983e-04 9.999999e-01 -9.685415e-05 -2.010450e+00 -4.366518e-03 9.879590e-05 9.999904e-01 9.750182e+01
9.998051e-01 -2.369485e-04 1.973812e-02 -1.450878e+01 2.517047e-04 9.999997e-01 -7.449884e-04 -2.022918e+00 -1.973803e-02 7.498154e-04 9.998048e-01 9.812991e+01
9.999970e-01 -3.965561e-04 2.392840e-03 -1.458882e+01 3.965793e-04 9.999999e-01 -8.212920e-06 -2.040172e+00 -2.392925e-03 9.165825e-06 9.999971e-01 9.894995e+01
9.998024e-01 -2.458509e-04 1.987495e-02 -1.476986e+01 2.612106e-04 9.999997e-01 -7.700994e-04 -2.048335e+00 -1.987485e-02 7.751427e-04 9.998021e-01 9.953808e+01
9.999981e-01 -3.814209e-04 1.908357e-03 -1.499908e+01 3.814042e-04 9.999999e-01 1.031967e-05 -2.050287e+00 -1.908448e-03 -9.587825e-06 9.999981e-01 9.994295e+01
9.998705e-01 -1.552368e-04 1.609064e-02 -1.516052e+01 1.655615e-04 9.999998e-01 -6.401829e-04 -2.059081e+00 -1.609062e-02 6.427679e-04 9.998703e-01 1.005221e+02
9.999999e-01 -3.384192e-04 3.150215e-04 -1.531555e+01 3.383968e-04 9.999999e-01 7.796338e-05 -2.071080e+00 -3.151328e-04 -7.785281e-05 9.999999e-01 1.012234e+02
9.998593e-01 -1.715003e-04 1.677091e-02 -1.544504e+01 1.827233e-04 9.999998e-01 -6.675329e-04 -2.083541e+00 -1.677087e-02 6.705074e-04 9.998591e-01 1.019071e+02
9.999972e-01 -3.838550e-04 2.324085e-03 -1.563421e+01 3.838518e-04 9.999999e-01 2.746062e-06 -2.089772e+00 -2.324169e-03 -1.849998e-06 9.999972e-01 1.024204e+02
9.998928e-01 -1.261170e-04 1.463887e-02 -1.576512e+01 1.348061e-04 9.999998e-01 -5.924305e-04 -2.099205e+00 -1.463887e-02 5.943443e-04 9.998926e-01 1.029823e+02
9.999837e-01 -4.708148e-04 5.687818e-03 -1.592381e+01 4.714586e-04 9.999999e-01 -1.114998e-04 -2.105120e+00 -5.687846e-03 1.141835e-04 9.999837e-01 1.034483e+02
9.998708e-01 -1.628465e-04 1.606949e-02 -1.625147e+01 1.733629e-04 9.999998e-01 -6.529138e-04 -2.089853e+00 -1.606946e-02 6.556192e-04 9.998706e-01 1.033171e+02
9.999971e-01 -3.962479e-04 2.352304e-03 -1.662047e+01 3.962312e-04 9.999999e-01 8.372966e-06 -2.079817e+00 -2.352385e-03 -7.436978e-06 9.999972e-01 1.034495e+02
9.998543e-01 -1.805504e-04 1.706874e-02 -1.691186e+01 1.923956e-04 9.999997e-01 -6.922197e-04 -2.075674e+00 -1.706869e-02 6.954067e-04 9.998540e-01 1.037024e+02
9.999999e-01 -3.353255e-04 2.931610e-04 -1.723312e+01 3.353029e-04 9.999999e-01 8.327413e-05 -2.069164e+00 -2.932650e-04 -8.317194e-05 9.999999e-01 1.038928e+02
9.998897e-01 -1.335819e-04 1.484997e-02 -1.760928e+01 1.428374e-04 9.999998e-01 -6.220910e-04 -2.060563e+00 -1.484996e-02 6.241474e-04 9.998895e-01 1.040740e+02
9.999932e-01 -4.222616e-04 3.645945e-03 -1.804079e+01 4.223779e-04 9.999999e-01 -3.068038e-05 -2.044323e+00 -3.646006e-03 3.222398e-05 9.999933e-01 1.040389e+02
9.998375e-01 -1.974937e-04 1.802249e-02 -1.841875e+01 2.107753e-04 9.999997e-01 -7.349549e-04 -2.027212e+00 -1.802242e-02 7.386380e-04 9.998372e-01 1.038963e+02
9.999773e-01 -4.837631e-04 6.716572e-03 -1.865878e+01 4.846935e-04 9.999999e-01 -1.366536e-04 -2.016546e+00 -6.716576e-03 1.399098e-04 9.999773e-01 1.038209e+02
9.998760e-01 -1.329404e-04 1.574697e-02 -1.894645e+01 1.431917e-04 9.999998e-01 -6.497717e-04 -2.000771e+00 -1.574695e-02 6.519497e-04 9.998757e-01 1.035893e+02
9.999734e-01 -4.954192e-04 7.271097e-03 -1.925710e+01 4.966437e-04 9.999999e-01 -1.663948e-04 -1.991110e+00 -7.271081e-03 1.700053e-04 9.999735e-01 1.036363e+02
9.998154e-01 -2.493308e-04 1.921239e-02 -1.951172e+01 2.641615e-04 9.999997e-01 -7.693273e-04 -1.988070e+00 -1.921226e-02 7.742641e-04 9.998150e-01 1.038914e+02
9.999660e-01 -5.062307e-04 8.232430e-03 -1.968720e+01 5.078530e-04 9.999999e-01 -1.948121e-04 -1.985947e+00 -8.232394e-03 1.989900e-04 9.999660e-01 1.040699e+02
9.997915e-01 -2.223824e-04 2.041953e-02 -1.981633e+01 2.389368e-04 9.999996e-01 -8.082125e-04 -1.973323e+00 -2.041940e-02 8.129266e-04 9.997911e-01 1.037472e+02
9.999483e-01 -5.484124e-04 1.015599e-02 -1.989280e+01 5.509820e-04 9.999998e-01 -2.500994e-04 -1.962268e+00 -1.015591e-02 2.556857e-04 9.999483e-01 1.034208e+02
9.997605e-01 -2.708353e-04 2.188229e-02 -2.003913e+01 2.900014e-04 9.999996e-01 -8.726544e-04 -1.949324e+00 -2.188210e-02 8.787948e-04 9.997601e-01 1.031233e+02
9.999108e-01 -6.353606e-04 1.334262e-02 -2.013909e+01 6.402399e-04 9.999997e-01 -3.613427e-04 -1.941652e+00 -1.334244e-02 3.698564e-04 9.999108e-01 1.029816e+02
9.996954e-01 -3.290009e-04 2.467888e-02 -2.022328e+01 3.532987e-04 9.999995e-01 -9.801630e-04 -1.933871e+00 -2.467859e-02 9.885867e-04 9.996949e-01 1.028146e+02
9.999019e-01 -6.546784e-04 1.399162e-02 -2.035476e+01 6.599223e-04 9.999997e-01 -3.701095e-04 -1.924298e+00 -1.399143e-02 3.793098e-04 9.999019e-01 1.026390e+02
9.998035e-01 -2.319203e-04 1.982105e-02 -2.055442e+01 2.479980e-04 9.999996e-01 -8.086528e-04 -1.910121e+00 -1.982090e-02 8.134127e-04 9.998031e-01 1.023741e+02
9.999606e-01 -5.241709e-04 8.856889e-03 -2.076090e+01 5.256602e-04 9.999998e-01 -1.657380e-04 -1.891141e+00 -8.856842e-03 1.703903e-04 9.999607e-01 1.019166e+02
9.997803e-01 -2.272431e-04 2.096132e-02 -2.076585e+01 2.456096e-04 9.999996e-01 -8.736098e-04 -1.882036e+00 -2.096115e-02 8.785692e-04 9.997798e-01 1.015701e+02
9.999459e-01 -5.550841e-04 1.039006e-02 -2.075824e+01 5.574026e-04 9.999998e-01 -2.201980e-04 -1.875772e+00 -1.038997e-02 2.259805e-04 9.999459e-01 1.013229e+02
9.998708e-01 -1.448919e-04 1.607316e-02 -2.079915e+01 1.563535e-04 9.999997e-01 -7.118004e-04 -1.872251e+00 -1.607308e-02 7.142244e-04 9.998705e-01 1.012473e+02
9.999293e-01 -5.889727e-04 1.187917e-02 -2.087050e+01 5.921820e-04 9.999998e-01 -2.666047e-04 -1.867475e+00 -1.187904e-02 2.736233e-04 9.999293e-01 1.011648e+02
9.998717e-01 -1.350800e-04 1.601670e-02 -2.090812e+01 1.465998e-04 9.999997e-01 -7.180396e-04 -1.863068e+00 -1.601663e-02 7.202983e-04 9.998714e-01 1.010445e+02
9.999196e-01 -6.051486e-04 1.266904e-02 -2.092982e+01 6.087463e-04 9.999998e-01 -2.800897e-04 -1.859090e+00 -1.266889e-02 2.877820e-04 9.999196e-01 1.009211e+02
9.999295e-01 -2.827575e-05 1.187344e-02 -2.082161e+01 3.525710e-05 9.999998e-01 -5.877441e-04 -1.860833e+00 -1.187345e-02 5.881238e-04 9.999292e-01 1.008380e+02
9.999177e-01 -6.031663e-04 1.281210e-02 -2.077407e+01 6.066495e-04 9.999998e-01 -2.679644e-04 -1.855929e+00 -1.281195e-02 2.757173e-04 9.999178e-01 1.005777e+02
9.999156e-01 -6.263895e-05 1.299181e-02 -2.072803e+01 7.084363e-05 9.999998e-01 -6.310489e-04 -1.851573e+00 -1.299179e-02 6.319185e-04 9.999153e-01 1.003392e+02
9.999296e-01 -5.709500e-04 1.185570e-02 -2.066178e+01 5.736976e-04 9.999998e-01 -2.283350e-04 -1.847173e+00 -1.185559e-02 2.351228e-04 9.999296e-01 1.000700e+02
9.998527e-01 -1.962739e-04 1.716038e-02 -2.077864e+01 2.099208e-04 9.999997e-01 -7.934469e-04 -1.841112e+00 -1.716023e-02 7.969346e-04 9.998523e-01 9.999682e+01
9.999214e-01 -5.753441e-04 1.252285e-02 -2.086829e+01 5.784004e-04 9.999998e-01 -2.404243e-04 -1.836371e+00 -1.252272e-02 2.476508e-04 9.999215e-01 9.993207e+01
9.999359e-01 -6.388942e-05 1.132316e-02 -2.091586e+01 7.063517e-05 9.999998e-01 -5.953399e-04 -1.835956e+00 -1.132312e-02 5.961036e-04 9.999356e-01 9.997346e+01
9.999612e-01 -4.639550e-04 8.795091e-03 -2.086416e+01 4.648995e-04 9.999999e-01 -1.053331e-04 -1.833881e+00 -8.795045e-03 1.094199e-04 9.999612e-01 9.980643e+01
9.999316e-01 -5.993878e-05 1.169374e-02 -2.072276e+01 6.701928e-05 9.999998e-01 -6.050990e-04 -1.832307e+00 -1.169371e-02 6.058433e-04 9.999313e-01 9.954442e+01
9.999262e-01 -5.502725e-04 1.213802e-02 -2.061967e+01 5.530341e-04 9.999998e-01 -2.241651e-04 -1.834409e+00 -1.213789e-02 2.308631e-04 9.999262e-01 9.947600e+01
9.999897e-01 9.709148e-05 4.547452e-03 -2.057843e+01 -9.545473e-05 9.999999e-01 -3.601412e-04 -1.840217e+00 -4.547486e-03 3.597052e-04 9.999895e-01 9.963002e+01
9.998514e-01 -6.819364e-04 1.722483e-02 -2.063184e+01 6.888615e-04 9.999997e-01 -3.961118e-04 -1.842016e+00 -1.722455e-02 4.079202e-04 9.998515e-01 9.976275e+01
9.999866e-01 7.146936e-05 5.185007e-03 -2.075600e+01 -6.943674e-05 9.999999e-01 -3.922033e-04 -1.840873e+00 -5.185029e-03 3.918396e-04 9.999864e-01 9.987852e+01
9.997708e-01 -7.615680e-04 2.139333e-02 -2.074635e+01 7.731949e-04 9.999996e-01 -5.352169e-04 -1.843633e+00 -2.139291e-02 5.516370e-04 9.997709e-01 9.996450e+01
9.999255e-01 5.371287e-04 -1.219495e-02 -2.046541e+01 -5.344857e-04 9.999998e-01 2.199930e-04 -1.851713e+00 1.219507e-02 -2.134571e-04 9.999255e-01 9.987528e+01
9.999004e-01 -5.682046e-04 1.409982e-02 -2.011202e+01 5.719009e-04 9.999998e-01 -2.581240e-04 -1.863753e+00 -1.409966e-02 2.661635e-04 9.999005e-01 9.982562e+01
9.996297e-01 9.720184e-04 -2.719393e-02 -1.979495e+01 -9.502419e-04 9.999992e-01 8.137007e-04 -1.877120e+00 2.719471e-02 -7.875570e-04 9.996297e-01 9.987032e+01
9.999337e-01 -5.156195e-04 1.150487e-02 -1.942966e+01 5.175737e-04 9.999999e-01 -1.668893e-04 -1.892497e+00 -1.150477e-02 1.728345e-04 9.999337e-01 9.991543e+01
9.994147e-01 1.208875e-03 -3.418741e-02 -1.902395e+01 -1.171423e-03 9.999987e-01 1.115501e-03 -1.908827e+00 3.418872e-02 -1.074799e-03 9.994147e-01 9.995333e+01
9.998882e-01 -6.368189e-04 1.493691e-02 -1.861385e+01 6.415080e-04 9.999997e-01 -3.091355e-04 -1.923712e+00 -1.493670e-02 3.186849e-04 9.998883e-01 9.992732e+01
9.991837e-01 1.403627e-03 -4.037294e-02 -1.824210e+01 -1.348886e-03 9.999981e-01 1.383100e-03 -1.939293e+00 4.037481e-02 -1.327510e-03 9.991836e-01 9.997972e+01
9.998051e-01 -7.604943e-04 1.972718e-02 -1.786665e+01 7.709927e-04 9.999996e-01 -5.245778e-04 -1.954815e+00 -1.972678e-02 5.396870e-04 9.998052e-01 1.000266e+02
9.990748e-01 1.465233e-03 -4.298201e-02 -1.755514e+01 -1.401772e-03 9.999979e-01 1.506560e-03 -1.969421e+00 4.298413e-02 -1.444913e-03 9.990746e-01 1.001204e+02
9.998041e-01 -7.660180e-04 1.977881e-02 -1.735175e+01 7.768200e-04 9.999996e-01 -5.384580e-04 -1.983866e+00 -1.977840e-02 5.537192e-04 9.998041e-01 1.003605e+02
9.995478e-01 1.050159e-03 -3.005201e-02 -1.719304e+01 -1.022074e-03 9.999990e-01 9.499100e-04 -2.001675e+00 3.005298e-02 -9.187629e-04 9.995478e-01 1.007942e+02
9.995928e-01 -1.031854e-03 2.851598e-02 -1.711019e+01 1.056510e-03 9.999991e-01 -8.495873e-04 -2.019861e+00 -2.851509e-02 8.793709e-04 9.995929e-01 1.013518e+02
9.993394e-01 1.238180e-03 -3.632160e-02 -1.692482e+01 -1.195299e-03 9.999986e-01 1.202284e-03 -2.039364e+00 3.632302e-02 -1.158072e-03 9.993393e-01 1.018015e+02
9.997229e-01 -8.674788e-04 2.352247e-02 -1.663051e+01 8.831165e-04 9.999994e-01 -6.544120e-04 -2.056988e+00 -2.352190e-02 6.750060e-04 9.997230e-01 1.020194e+02
9.991340e-01 1.397858e-03 -4.158474e-02 -1.661866e+01 -1.339837e-03 9.999981e-01 1.423083e-03 -2.072586e+00 4.158664e-02 -1.366132e-03 9.991339e-01 1.025851e+02
9.996517e-01 -9.648246e-04 2.637270e-02 -1.657516e+01 9.854895e-04 9.999992e-01 -7.705771e-04 -2.088687e+00 -2.637195e-02 7.963012e-04 9.996518e-01 1.031136e+02
9.991398e-01 1.409112e-03 -4.144551e-02 -1.651689e+01 -1.351412e-03 9.999981e-01 1.420181e-03 -2.102522e+00 4.144741e-02 -1.362947e-03 9.991397e-01 1.035335e+02
9.998298e-01 -7.236526e-04 1.843637e-02 -1.639023e+01 7.322092e-04 9.999996e-01 -4.573526e-04 -2.115998e+00 -1.843605e-02 4.707766e-04 9.998298e-01 1.038557e+02
9.988846e-01 1.612682e-03 -4.719127e-02 -1.627863e+01 -1.535747e-03 9.999974e-01 1.666505e-03 -2.126132e+00 4.719382e-02 -1.592170e-03 9.988844e-01 1.040689e+02
