9.999292e-01 3.593060e-04 -1.188975e-02 5.338642e-02 -3.537221e-04 9.999998e-01 4.717363e-04 -5.256674e-03 1.188992e-02 -4.674968e-04 9.999291e-01 6.522544e-02
9.999501e-01 -2.815672e-04 9.988971e-03 9.140813e-02 2.857505e-04 9.999999e-01 -4.173672e-04 -1.198828e-02 -9.988854e-03 4.202012e-04 9.999499e-01 2.003254e-01
9.999918e-01 2.344146e-04 -4.040137e-03 1.458559e-01 -2.338982e-04 1.000000e+00 1.282619e-04 -1.806907e-02 4.040166e-03 -1.273153e-04 9.999917e-01 3.290193e-01
9.999970e-01 -2.327857e-05 -2.439123e-03 1.895682e-01 2.352936e-05 1.000000e+00 1.027803e-04 -2.418142e-02 2.439119e-03 -1.028369e-04 9.999969e-01 4.394193e-01
9.998629e-01 6.023734e-04 -1.654621e-02 2.325210e-01 -5.914567e-04 9.999996e-01 6.646545e-04 -2.907098e-02 1.654660e-02 -6.547765e-04 9.998628e-01 5.180281e-01
9.999519e-01 -4.217074e-04 9.797899e-03 2.815068e-01 4.255809e-04 9.999998e-01 -3.932488e-04 -3.524917e-02 -9.797736e-03 3.974003e-04 9.999518e-01 6.128703e-01
9.999621e-01 4.248270e-04 -8.691939e-03 3.200548e-01 -4.224386e-04 9.999999e-01 2.766143e-04 -4.108002e-02 8.692052e-03 -2.729314e-04 9.999621e-01 7.160187e-01
9.999004e-01 -4.732165e-04 1.410614e-02 3.555180e-01 4.811836e-04 9.999997e-01 -5.614072e-04 -4.720618e-02 -1.410587e-02 5.681396e-04 9.999002e-01 8.651351e-01
9.998792e-01 5.464153e-04 -1.553154e-02 3.900761e-01 -5.377250e-04 9.999997e-01 5.636955e-04 -5.400352e-02 1.553184e-02 -5.552752e-04 9.998791e-01 1.011664e+00
9.999849e-01 -2.871039e-04 5.485302e-03 4.161306e-01 2.880735e-04 9.999999e-01 -1.759707e-04 -6.024469e-02 -5.485256e-03 1.775489e-04 9.999848e-01 1.133045e+00
9.999087e-01 4.724724e-04 -1.350549e-02 4.306571e-01 -4.659885e-04 9.999998e-01 4.832356e-04 -6.626000e-02 1.350571e-02 -4.768974e-04 9.999086e-01 1.239561e+00
9.999459e-01 -4.311612e-04 1.039068e-02 4.351940e-01 4.357639e-04 9.999998e-01 -4.406946e-04 -7.222730e-02 -1.039049e-02 4.451993e-04 9.999458e-01 1.357258e+00
9.999730e-01 4.156795e-04 -7.341865e-03 4.616075e-01 -4.136232e-04 9.999999e-01 2.815930e-04 -7.839496e-02 7.341976e-03 -2.785480e-04 9.999729e-01 1.496765e+00
9.998177e-01 -5.441469e-04 1.908701e-02 5.163424e-01 5.598122e-04 9.999995e-01 -8.153909e-04 -8.421098e-02 -1.908656e-02 8.259279e-04 9.998174e-01 1.647846e+00
9.999986e-01 1.255148e-04 1.659023e-03 5.813814e-01 -1.254950e-04 1.000000e+00 -1.204614e-05 -8.916061e-02 -1.659026e-03 1.183843e-05 9.999985e-01 1.798300e+00
9.999043e-01 -4.380513e-04 1.382759e-02 6.369830e-01 4.465571e-04 9.999997e-01 -6.120456e-04 -9.475325e-02 -1.382732e-02 6.181622e-04 9.999041e-01 1.954233e+00
9.999692e-01 3.975190e-04 -7.836852e-03 6.724717e-01 -3.951585e-04 9.999999e-01 3.027486e-04 -1.005911e-01 7.836971e-03 -2.996421e-04 9.999691e-01 2.088549e+00
9.999538e-01 -4.125191e-04 9.599433e-03 6.865875e-01 4.167690e-04 9.999998e-01 -4.407291e-04 -1.061097e-01 -9.599249e-03 4.447099e-04 9.999537e-01 2.204546e+00
9.999618e-01 4.235261e-04 -8.727744e-03 7.130344e-01 -4.206728e-04 9.999999e-01 3.287534e-04 -1.120249e-01 8.727883e-03 -3.250690e-04 9.999618e-01 2.322472e+00
9.999682e-01 -4.416721e-04 7.967097e-03 7.343464e-01 4.446035e-04 9.999998e-01 -3.661713e-04 -1.184423e-01 -7.966933e-03 3.697022e-04 9.999681e-01 2.467121e+00
9.999757e-01 4.307670e-04 -6.952332e-03 7.530002e-01 -4.291073e-04 9.999999e-01 2.402252e-04 -1.239565e-01 6.952435e-03 -2.372357e-04 9.999757e-01 2.581511e+00
9.999484e-01 -4.236866e-04 1.015077e-02 7.687303e-01 4.282695e-04 9.999998e-01 -4.493108e-04 -1.286559e-01 -1.015057e-02 4.536353e-04 9.999483e-01 2.654982e+00
9.999632e-01 4.078231e-04 -8.566599e-03 7.815151e-01 -4.051139e-04 9.999999e-01 3.179809e-04 -1.342824e-01 8.566728e-03 -3.144984e-04 9.999632e-01 2.775886e+00
9.999480e-01 -4.013666e-04 1.018622e-02 8.373602e-01 4.061776e-04 9.999998e-01 -4.702412e-04 -1.403607e-01 -1.018603e-02 4.743545e-04 9.999479e-01 2.882492e+00
9.999642e-01 3.940903e-04 -8.450523e-03 8.932264e-01 -3.913364e-04 9.999999e-01 3.275366e-04 -1.461668e-01 8.450652e-03 -3.242175e-04 9.999641e-01 2.973600e+00
9.999325e-01 -3.818700e-04 1.161505e-02 9.611746e-01 3.883483e-04 9.999998e-01 -5.554998e-04 -1.520296e-01 -1.161483e-02 5.599733e-04 9.999323e-01 3.066244e+00
9.999615e-01 3.758902e-04 -8.765328e-03 1.102425e+00 -3.725195e-04 9.999999e-01 3.861736e-04 -1.552837e-01 8.765474e-03 -3.828932e-04 9.999614e-01 2.986007e+00
9.999496e-01 -4.002159e-04 1.003182e-02 1.248583e+00 4.055864e-04 9.999998e-01 -5.333137e-04 -1.604557e-01 -1.003160e-02 5.373558e-04 9.999494e-01 2.999165e+00
9.999661e-01 3.324387e-04 -8.225947e-03 1.406212e+00 -3.296035e-04 9.999999e-01 3.460142e-04 -1.661443e-01 8.226063e-03 -3.432910e-04 9.999660e-01 3.043831e+00
9.999475e-01 -3.718449e-04 1.023752e-02 1.522194e+00 3.774845e-04 9.999998e-01 -5.489500e-04 -1.724870e-01 -1.023731e-02 5.527859e-04 9.999473e-01 3.133789e+00
9.999696e-01 3.455516e-04 -7.795097e-03 1.613981e+00 -3.428816e-04 9.999999e-01 3.438551e-04 -1.789661e-01 7.795218e-03 -3.411716e-04 9.999695e-01 3.243772e+00
9.999432e-01 -3.681843e-04 1.065598e-02 1.730988e+00 3.743676e-04 9.999998e-01 -5.782774e-04 -1.850110e-01 -1.065576e-02 5.822340e-04 9.999430e-01 3.322716e+00
9.999642e-01 3.756521e-04 -8.450174e-03 1.807456e+00 -3.723033e-04 9.999999e-01 3.978710e-04 -1.908953e-01 8.450326e-03 -3.947105e-04 9.999641e-01 3.407709e+00
9.999482e-01 -3.622702e-04 1.017644e-02 1.890955e+00 3.679872e-04 9.999998e-01 -5.599187e-04 -1.966533e-01 -1.017623e-02 5.636346e-04 9.999480e-01 3.478692e+00
9.999581e-01 3.802793e-04 -9.144695e-03 1.962401e+00 -3.763507e-04 9.999998e-01 4.313274e-04 -2.022531e-01 9.144860e-03 -4.278676e-04 9.999580e-01 3.546992e+00
9.999348e-01 -3.903011e-04 1.140988e-02 2.009682e+00 3.972433e-04 9.999997e-01 -6.061711e-04 -2.081600e-01 -1.140964e-02 6.106642e-04 9.999346e-01 3.656093e+00
9.999477e-01 3.855039e-04 -1.022245e-02 2.059906e+00 -3.807172e-04 9.999998e-01 4.701867e-04 -2.141264e-01 1.022263e-02 -4.662702e-04 9.999475e-01 3.759563e+00
9.999257e-01 -3.497297e-04 1.218680e-02 2.123465e+00 3.574758e-04 9.999997e-01 -6.334379e-04 -2.198428e-01 -1.218658e-02 6.377473e-04 9.999254e-01 3.840079e+00
9.999490e-01 3.775031e-04 -1.009505e-02 2.183243e+00 -3.726036e-04 9.999998e-01 4.872144e-04 -2.248578e-01 1.009524e-02 -4.834280e-04 9.999488e-01 3.884726e+00
9.998010e-01 -4.765179e-04 1.994531e-02 2.254009e+00 4.955317e-04 9.999994e-01 -9.483643e-04 -2.304825e-01 -1.994485e-02 9.580591e-04 9.998005e-01 4.002327e+00
9.999491e-01 3.108230e-04 -1.008582e-02 2.363467e+00 -3.054313e-04 9.999998e-01 5.361171e-04 -2.366504e-01 1.008599e-02 -5.330094e-04 9.999489e-01 4.130194e+00
9.999493e-01 -2.586853e-04 1.006689e-02 2.442663e+00 2.648879e-04 9.999998e-01 -6.148089e-04 -2.429636e-01 -1.006672e-02 6.174443e-04 9.999490e-01 4.222720e+00
9.999524e-01 2.843469e-04 -9.751211e-03 2.534081e+00 -2.791102e-04 9.999998e-01 5.383899e-04 -2.495153e-01 9.751369e-03 -5.356427e-04 9.999522e-01 4.316585e+00
9.999707e-01 -2.088421e-04 7.646231e-03 2.642410e+00 2.126444e-04 9.999999e-01 -4.964631e-04 -2.552153e-01 -7.646120e-03 4.980744e-04 9.999705e-01 4.360070e+00
9.999462e-01 3.535502e-04 -1.036446e-02 2.755323e+00 -3.475624e-04 9.999998e-01 5.795166e-04 -2.598178e-01 1.036467e-02 -5.758832e-04 9.999460e-01 4.343427e+00
9.999319e-01 -3.247048e-04 1.166831e-02 2.861521e+00 3.330420e-04 9.999997e-01 -7.125818e-04 -2.651681e-01 -1.166807e-02 7.164192e-04 9.999316e-01 4.384203e+00
9.999013e-01 4.811249e-04 -1.404083e-02 2.976578e+00 -4.701639e-04 9.999996e-01 7.839408e-04 -2.699808e-01 1.404121e-02 -7.772620e-04 9.999010e-01 4.371111e+00
9.999712e-01 -2.642721e-04 7.591210e-03 3.075350e+00 2.682211e-04 9.999998e-01 -5.191885e-04 -2.749234e-01 -7.591067e-03 5.212096e-04 9.999710e-01 4.381173e+00
9.999278e-01 3.914794e-04 -1.200657e-02 3.119825e+00 -3.838074e-04 9.999997e-01 6.412786e-04 -2.807628e-01 1.200682e-02 -6.366241e-04 9.999276e-01 4.462244e+00
9.999936e-01 9.289908e-05 -3.586093e-03 3.161575e+00 -9.328705e-05 1.000000e+00 -1.080256e-04 -2.850009e-01 3.586086e-03 1.083595e-04 9.999935e-01 4.501351e+00
9.994082e-01 1.056631e-03 -3.438170e-02 3.205325e+00 -1.004600e-03 9.999983e-01 1.530587e-03 -2.869289e-01 3.438325e-02 -1.495141e-03 9.994075e-01 4.512696e+00
9.998577e-01 5.165722e-04 -1.685889e-02 3.239283e+00 -5.077074e-04 9.999997e-01 5.301030e-04 -2.878273e-01 1.685915e-02 -5.214678e-04 9.998576e-01 4.508582e+00
9.992872e-01 1.131571e-03 -3.773368e-02 3.276100e+00 -1.071856e-03 9.999981e-01 1.602715e-03 -2.883239e-01 3.773541e-02 -1.561127e-03 9.992864e-01 4.506344e+00
9.995360e-01 7.699723e-04 -3.044967e-02 3.348047e+00 -7.291201e-04 9.999988e-01 1.352708e-03 -2.909480e-01 3.045066e-02 -1.329878e-03 9.995353e-01 4.616205e+00
9.983984e-01 1.658474e-03 -5.655069e-02 3.423573e+00 -1.518654e-03 9.999957e-01 2.515363e-03 -2.930221e-01 5.655459e-02 -2.425452e-03 9.983965e-01 4.758237e+00
9.996082e-01 8.645425e-04 -2.797552e-02 3.475312e+00 -8.383480e-04 9.999992e-01 9.480414e-04 -2.913439e-01 2.797628e-02 -9.242153e-04 9.996081e-01 4.744398e+00
9.980648e-01 1.934867e-03 -6.215153e-02 3.514271e+00 -1.774605e-03 9.999950e-01 2.633658e-03 -2.868664e-01 6.215627e-02 -2.518265e-03 9.980632e-01 4.616204e+00
9.995601e-01 9.385962e-04 -2.964310e-02 3.557702e+00 -9.094349e-04 9.999991e-01 9.971989e-04 -2.817363e-01 2.964395e-02 -9.697998e-04 9.995600e-01 4.461580e+00
9.974967e-01 2.049424e-03 -7.068274e-02 3.615458e+00 -1.827045e-03 9.999932e-01 3.210659e-03 -2.790609e-01 7.068877e-02 -3.073479e-03 9.974936e-01 4.425616e+00
9.992712e-01 1.047401e-03 -3.815586e-02 3.687458e+00 -9.867448e-04 9.999982e-01 1.608465e-03 -2.793105e-01 3.815740e-02 -1.569640e-03 9.992704e-01 4.546726e+00
9.981280e-01 1.823188e-03 -6.113260e-02 3.738859e+00 -1.661944e-03 9.999950e-01 2.688327e-03 -2.788191e-01 6.113712e-02 -2.581693e-03 9.981260e-01 4.618783e+00
9.998060e-01 6.469729e-04 -1.968728e-02 3.781256e+00 -6.345485e-04 9.999996e-01 6.372542e-04 -2.769791e-01 1.968760e-02 -6.246352e-04 9.998059e-01 4.579942e+00
9.985138e-01 1.684027e-03 -5.447240e-02 3.823594e+00 -1.562652e-03 9.999962e-01 2.270686e-03 -2.739797e-01 5.447593e-02 -2.182187e-03 9.985126e-01 4.470835e+00
9.998610e-01 5.652965e-04 -1.666416e-02 3.861569e+00 -5.560851e-04 9.999997e-01 5.572912e-04 -2.716479e-01 1.666439e-02 -5.479441e-04 9.998609e-01 4.380067e+00
9.996079e-01 8.546143e-04 -2.798561e-02 3.902238e+00 -8.181981e-04 9.999988e-01 1.312606e-03 -2.718676e-01 2.798661e-02 -1.289191e-03 9.996074e-01 4.302965e+00
9.999174e-01 3.981853e-04 -1.284482e-02 3.946547e+00 -3.960109e-04 9.999999e-01 1.716756e-04 -2.735703e-01 1.284480e-02 -1.665717e-04 9.999174e-01 4.326039e+00
9.989605e-01 1.411376e-03 -4.556215e-02 3.978015e+00 -1.314375e-03 9.999968e-01 2.158811e-03 -2.737182e-01 4.556496e-02 -2.096679e-03 9.989591e-01 4.318143e+00
9.999373e-01 3.726843e-04 -1.118961e-02 4.014103e+00 -3.718394e-04 9.999999e-01 7.738508e-05 -2.737320e-01 1.118954e-02 -7.321645e-05 9.999373e-01 4.299388e+00
9.991826e-01 1.232175e-03 -4.040371e-02 4.044665e+00 -1.152929e-03 9.999974e-01 1.984539e-03 -2.745738e-01 4.040595e-02 -1.936331e-03 9.991814e-01 4.299242e+00
9.999911e-01 1.644119e-04 -4.209909e-03 4.075553e+00 -1.653484e-04 1.000000e+00 -2.226888e-04 -2.764111e-01 4.209774e-03 2.233860e-04 9.999911e-01 4.329281e+00
9.996218e-01 8.705915e-04 -2.748400e-02 4.111540e+00 -8.295153e-04 9.999985e-01 1.505828e-03 -2.792962e-01 2.748517e-02 -1.482457e-03 9.996211e-01 4.350525e+00
9.999916e-01 -1.064035e-04 4.080222e-03 4.148854e+00 1.090102e-04 9.999998e-01 -6.380043e-04 -2.832728e-01 -4.080252e-03 6.384467e-04 9.999914e-01 4.416882e+00
9.988327e-01 1.465794e-03 -4.828117e-02 4.171093e+00 -1.351556e-03 9.999962e-01 2.398607e-03 -2.857071e-01 4.828441e-02 -2.330549e-03 9.988309e-01 4.479910e+00
9.993823e-01 -8.612859e-04 3.512968e-02 4.196806e+00 9.219109e-04 9.999981e-01 -1.709505e-03 -2.910056e-01 -3.512824e-02 1.740838e-03 9.993812e-01 4.562339e+00
9.999732e-01 2.748540e-04 -7.306565e-03 4.244132e+00 -2.696429e-04 9.999997e-01 7.138270e-04 -2.941976e-01 7.306660e-03 -7.118347e-04 9.999730e-01 4.665640e+00
9.994938e-01 -8.124851e-04 3.180334e-02 4.286354e+00 8.630302e-04 9.999984e-01 -1.575521e-03 -2.975519e-01 -3.180211e-02 1.602174e-03 9.994928e-01 4.757632e+00
9.999672e-01 3.069916e-04 -8.091386e-03 4.330714e+00 -3.011106e-04 9.999997e-01 7.277209e-04 -3.011562e-01 8.091508e-03 -7.252576e-04 9.999669e-01 4.857441e+00
9.994884e-01 -8.008998e-04 3.197264e-02 4.376130e+00 8.525814e-04 9.999984e-01 -1.602751e-03 -3.047789e-01 -3.197140e-02 1.629193e-03 9.994874e-01 4.962466e+00
9.999873e-01 2.116460e-04 -5.018965e-03 4.419164e+00 -2.083897e-04 9.999998e-01 6.488376e-04 -3.079040e-01 5.019004e-03 -6.477805e-04 9.999871e-01 5.055009e+00
9.997535e-01 -5.747186e-04 2.219215e-02 4.462732e+00 6.031481e-04 9.999990e-01 -1.274273e-03 -3.122255e-01 -2.219149e-02 1.287347e-03 9.997528e-01 5.150760e+00
9.999421e-01 3.982260e-04 -1.075240e-02 4.503062e+00 -3.894701e-04 9.999996e-01 8.161857e-04 -3.171588e-01 1.075262e-02 -8.119477e-04 9.999418e-01 5.254466e+00
9.997628e-01 -5.590493e-04 2.176834e-02 4.538287e+00 5.868425e-04 9.999990e-01 -1.270292e-03 -3.221162e-01 -2.176770e-02 1.282769e-03 9.997622e-01 5.363562e+00
9.999658e-01 3.150572e-04 -8.257426e-03 4.580383e+00 -3.088424e-04 9.999997e-01 7.536233e-04 -3.268506e-01 8.257564e-03 -7.510444e-04 9.999656e-01 5.464327e+00
9.998163e-01 -4.515569e-04 1.915719e-02 4.616182e+00 4.744532e-04 9.999992e-01 -1.190527e-03 -3.316068e-01 -1.915674e-02 1.199401e-03 9.998157e-01 5.560235e+00
9.999896e-01 1.623915e-04 -4.556237e-03 4.657339e+00 -1.594568e-04 9.999998e-01 6.439950e-04 -3.360368e-01 4.556245e-03 -6.432588e-04 9.999893e-01 5.653031e+00
9.998029e-01 -4.676758e-04 1.984670e-02 4.699276e+00 4.916916e-04 9.999992e-01 -1.205088e-03 -3.402920e-01 -1.984622e-02 1.214612e-03 9.998022e-01 5.739813e+00
9.998202e-01 4.773924e-04 -1.895677e-02 4.721530e+00 -4.552706e-04 9.999992e-01 1.171151e-03 -3.457845e-01 1.895722e-02 -1.162307e-03 9.998196e-01 5.841992e+00
9.999902e-01 -5.846061e-05 4.411686e-03 4.753904e+00 6.122558e-05 9.999998e-01 -6.260938e-04 -3.515446e-01 -4.411744e-03 6.263608e-04 9.999900e-01 5.958809e+00
9.997253e-01 6.082005e-04 -2.343027e-02 4.783001e+00 -5.751313e-04 9.999988e-01 1.418012e-03 -3.568369e-01 2.343101e-02 -1.404144e-03 9.997244e-01 6.057766e+00
9.999979e-01 1.667854e-05 2.021568e-03 4.811815e+00 -1.549002e-05 9.999998e-01 -5.867743e-04 -3.621184e-01 -2.021674e-03 5.867448e-04 9.999977e-01 6.176805e+00
9.998108e-01 5.050564e-04 -1.944322e-02 4.842690e+00 -4.803603e-04 9.999991e-01 1.274698e-03 -3.674228e-01 1.944375e-02 -1.265114e-03 9.998101e-01 6.277281e+00
9.999501e-01 -1.421489e-04 9.981461e-03 4.930032e+00 1.503349e-04 9.999997e-01 -8.191354e-04 -3.733011e-01 -9.981439e-03 8.205981e-04 9.999498e-01 6.346925e+00
9.996959e-01 6.370928e-04 -2.465085e-02 5.015915e+00 -6.013271e-04 9.999988e-01 1.458184e-03 -3.785298e-01 2.465165e-02 -1.442914e-03 9.996950e-01 6.411841e+00
9.999057e-01 -3.035468e-04 1.372853e-02 5.030540e+00 3.183525e-04 9.999994e-01 -1.076105e-03 -3.834687e-01 -1.372830e-02 1.080377e-03 9.999051e-01 6.476395e+00
9.995790e-01 7.692366e-04 -2.900418e-02 5.050879e+00 -7.220117e-04 9.999984e-01 1.638565e-03 -3.883431e-01 2.900529e-02 -1.616930e-03 9.995779e-01 6.549975e+00
9.999247e-01 -2.731654e-04 1.226847e-02 5.073401e+00 2.851980e-04 9.999995e-01 -9.788304e-04 -3.932191e-01 -1.226829e-02 9.822585e-04 9.999242e-01 6.624127e+00
9.998265e-01 3.640722e-04 -1.862226e-02 5.072910e+00 -3.425718e-04 9.999993e-01 1.157600e-03 -3.991674e-01 1.862257e-02 -1.151017e-03 9.998259e-01 6.738275e+00
9.999123e-01 -3.061398e-04 1.323955e-02 5.069557e+00 3.198426e-04 9.999994e-01 -1.032693e-03 -4.055056e-01 -1.323933e-02 1.036840e-03 9.999118e-01 6.880285e+00
9.998036e-01 3.865018e-04 -1.981435e-02 5.065602e+00 -3.622338e-04 9.999992e-01 1.228219e-03 -4.119501e-01 1.981471e-02 -1.220798e-03 9.998029e-01 7.020717e+00
9.999009e-01 -3.241878e-04 1.406971e-02 5.067520e+00 3.394309e-04 9.999994e-01 -1.080836e-03 -4.188281e-01 -1.406945e-02 1.085507e-03 9.999004e-01 7.186130e+00
9.998206e-01 3.790650e-04 -1.893728e-02 5.066672e+00 -3.562045e-04 9.999992e-01 1.210398e-03 -4.254292e-01 1.893763e-02 -1.203432e-03 9.998199e-01 7.336357e+00
9.998833e-01 -3.497253e-04 1.526843e-02 5.060012e+00 3.672776e-04 9.999993e-01 -1.146616e-03 -4.316172e-01 -1.526812e-02 1.152093e-03 9.998827e-01 7.478620e+00
9.997691e-01 4.323487e-04 -2.148421e-02 5.062809e+00 -4.038426e-04 9.999990e-01 1.331043e-03 -4.382728e-01 2.148466e-02 -1.322057e-03 9.997682e-01 7.626591e+00
9.998656e-01 -3.357092e-04 1.639110e-02 5.060888e+00 3.553946e-04 9.999992e-01 -1.197920e-03 -4.442588e-01 -1.639078e-02 1.203587e-03 9.998649e-01 7.745805e+00
9.998317e-01 3.723330e-04 -1.833889e-02 5.051947e+00 -3.507454e-04 9.999992e-01 1.180213e-03 -4.495283e-01 1.833922e-02 -1.173579e-03 9.998311e-01 7.843110e+00
9.998196e-01 -3.321913e-04 1.898730e-02 5.052150e+00 3.563349e-04 9.999991e-01 -1.268053e-03 -4.548383e-01 -1.898697e-02 1.274593e-03 9.998189e-01 7.947552e+00
9.999410e-01 2.137913e-04 -1.085836e-02 5.076458e+00 -2.039077e-04 9.999996e-01 9.110997e-04 -4.599302e-01 1.085845e-02 -9.088289e-04 9.999406e-01 8.061887e+00
9.998939e-01 -2.180900e-04 1.455885e-02 5.088017e+00 2.344973e-04 9.999993e-01 -1.125081e-03 -4.652969e-01 -1.455869e-02 1.128379e-03 9.998933e-01 8.178100e+00
9.999815e-01 1.279844e-04 -6.079943e-03 5.114991e+00 -1.234518e-04 9.999997e-01 7.454558e-04 -4.702882e-01 6.079937e-03 -7.446886e-04 9.999812e-01 8.286428e+00
9.998129e-01 -3.565424e-04 1.933863e-02 5.154761e+00 3.811956e-04 9.999991e-01 -1.271010e-03 -4.751129e-01 -1.933826e-02 1.278147e-03 9.998121e-01 8.394685e+00
9.999218e-01 2.963655e-04 -1.250102e-02 5.175697e+00 -2.846393e-04 9.999995e-01 9.395901e-04 -4.803177e-01 1.250119e-02 -9.359555e-04 9.999214e-01 8.513153e+00
9.997958e-01 -3.563472e-04 2.020046e-02 5.201118e+00 3.827611e-04 9.999991e-01 -1.303611e-03 -4.856047e-01 -2.020007e-02 1.311080e-03 9.997950e-01 8.634477e+00
9.999893e-01 8.874226e-05 -4.625152e-03 5.245545e+00 -8.559058e-05 9.999998e-01 6.811025e-04 -4.903783e-01 4.625113e-03 -6.806964e-04 9.999890e-01 8.753836e+00
9.997845e-01 -3.972807e-04 2.075260e-02 5.289372e+00 4.244480e-04 9.999991e-01 -1.304599e-03 -4.950581e-01 -2.075216e-02 1.313129e-03 9.997837e-01 8.868173e+00
9.999757e-01 1.751839e-04 -6.966349e-03 5.327897e+00 -1.699112e-04 9.999997e-01 7.571512e-04 -4.998139e-01 6.966382e-03 -7.559463e-04 9.999754e-01 8.975801e+00
9.998404e-01 -3.241748e-04 1.786189e-02 5.362044e+00 3.460763e-04 9.999992e-01 -1.222944e-03 -5.048193e-01 -1.786158e-02 1.228933e-03 9.998397e-01 9.091187e+00
9.999619e-01 1.904324e-04 -8.723721e-03 5.394769e+00 -1.832753e-04 9.999996e-01 8.209561e-04 -5.102153e-01 8.723777e-03 -8.193232e-04 9.999615e-01 9.220891e+00
9.997934e-01 -3.811877e-04 2.032004e-02 5.434330e+00 4.077563e-04 9.999991e-01 -1.303267e-03 -5.156220e-01 -2.031963e-02 1.311286e-03 9.997926e-01 9.355025e+00
9.999729e-01 1.684578e-04 -7.355681e-03 5.477514e+00 -1.628076e-04 9.999997e-01 7.684410e-04 -5.208937e-01 7.355712e-03 -7.672197e-04 9.999726e-01 9.487320e+00
9.997085e-01 -5.095173e-04 2.413581e-02 5.527208e+00 5.440578e-04 9.999988e-01 -1.424451e-03 -5.260048e-01 -2.413516e-02 1.437170e-03 9.997076e-01 9.628990e+00
9.999853e-01 1.665740e-04 -5.406443e-03 5.577295e+00 -1.628671e-04 9.999998e-01 6.856940e-04 -5.304893e-01 5.406461e-03 -6.848006e-04 9.999851e-01 9.750430e+00
9.997791e-01 -4.848872e-04 2.101291e-02 5.623538e+00 5.119336e-04 9.999990e-01 -1.281669e-03 -5.355938e-01 -2.101236e-02 1.292146e-03 9.997783e-01 9.881082e+00
9.999179e-01 4.102781e-04 -1.280407e-02 5.660730e+00 -3.989395e-04 9.999995e-01 8.879340e-04 -5.414975e-01 1.280434e-02 -8.827503e-04 9.999176e-01 1.002952e+01
9.997678e-01 -5.016680e-04 2.154342e-02 5.704079e+00 5.296798e-04 9.999990e-01 -1.294462e-03 -5.476261e-01 -2.154285e-02 1.305575e-03 9.997670e-01 1.018742e+01
9.999716e-01 2.882641e-04 -7.529401e-03 5.753322e+00 -2.829725e-04 9.999997e-01 7.035957e-04 -5.529254e-01 7.529508e-03 -7.014423e-04 9.999713e-01 1.032845e+01
9.996404e-01 -6.641667e-04 2.680624e-02 5.806141e+00 7.030980e-04 9.999987e-01 -1.442845e-03 -5.574617e-01 -2.680534e-02 1.461177e-03 9.996395e-01 1.045201e+01
9.999828e-01 2.230728e-04 -5.861020e-03 5.861730e+00 -2.191881e-04 9.999998e-01 6.631343e-04 -5.618085e-01 5.861074e-03 -6.618354e-04 9.999825e-01 1.057176e+01
9.997695e-01 -5.174353e-04 2.146135e-02 5.912766e+00 5.452434e-04 9.999990e-01 -1.289808e-03 -5.668357e-01 -2.146076e-02 1.301215e-03 9.997688e-01 1.070472e+01
9.999668e-01 2.554980e-04 -8.139029e-03 5.960356e+00 -2.492677e-04 9.999997e-01 7.662749e-04 -5.721393e-01 8.139130e-03 -7.642179e-04 9.999665e-01 1.083586e+01
9.999417e-01 -2.720169e-04 1.079518e-02 5.993280e+00 2.822078e-04 9.999995e-01 -9.423392e-04 -5.784755e-01 -1.079501e-02 9.453334e-04 9.999412e-01 1.097951e+01
9.999780e-01 2.649077e-04 -6.630782e-03 6.022615e+00 -2.601740e-04 9.999997e-01 7.144829e-04 -5.842522e-01 6.630878e-03 -7.127393e-04 9.999777e-01 1.110480e+01
9.998538e-01 -3.608788e-04 1.709291e-02 6.065500e+00 3.811801e-04 9.999992e-01 -1.184357e-03 -5.898438e-01 -1.709256e-02 1.190702e-03 9.998531e-01 1.123480e+01
1.000000e+00 6.800997e-05 -5.987049e-05 6.123982e+00 -6.797935e-05 9.999999e-01 4.833221e-04 -5.950069e-01 5.981333e-05 -4.833153e-04 9.999998e-01 1.137673e+01
9.997653e-01 -5.134570e-04 2.165486e-02 6.190397e+00 5.422828e-04 9.999990e-01 -1.325215e-03 -5.995548e-01 -2.165425e-02 1.336650e-03 9.997646e-01 1.151118e+01
9.999947e-01 1.692508e-04 -3.254682e-03 6.239314e+00 -1.672478e-04 9.999998e-01 6.151978e-04 -6.042442e-01 3.254698e-03 -6.146476e-04 9.999944e-01 1.163305e+01
9.998907e-01 -2.854979e-04 1.477887e-02 6.282298e+00 3.022361e-04 9.999993e-01 -1.130243e-03 -6.096819e-01 -1.477862e-02 1.134589e-03 9.998901e-01 1.176262e+01
9.999983e-01 1.115566e-04 -1.835900e-03 6.328130e+00 -1.104980e-04 9.999998e-01 5.759009e-04 -6.151458e-01 1.835877e-03 -5.756945e-04 9.999981e-01 1.189958e+01
9.999359e-01 -2.073006e-04 1.132018e-02 6.367734e+00 2.187902e-04 9.999995e-01 -1.013604e-03 -6.207864e-01 -1.132005e-02 1.016018e-03 9.999353e-01 1.203405e+01
9.999958e-01 1.188806e-04 -2.897960e-03 6.406601e+00 -1.170865e-04 9.999998e-01 6.187625e-04 -6.264700e-01 2.897947e-03 -6.184180e-04 9.999955e-01 1.216799e+01
9.999475e-01 -1.888057e-04 1.024436e-02 6.449431e+00 1.988741e-04 9.999995e-01 -9.816607e-04 -6.325670e-01 -1.024426e-02 9.836491e-04 9.999470e-01 1.231719e+01
9.999913e-01 -4.652576e-05 4.170745e-03 6.501258e+00 4.499390e-05 9.999999e-01 3.677172e-04 -6.379357e-01 -4.170846e-03 -3.675238e-04 9.999912e-01 1.246096e+01
9.999414e-01 -2.219152e-04 1.082091e-02 6.555646e+00 2.327146e-04 9.999995e-01 -9.966328e-04 -6.437120e-01 -1.082077e-02 9.990950e-04 9.999409e-01 1.262535e+01
9.999901e-01 2.186040e-04 -4.441656e-03 6.580500e+00 -2.156731e-04 9.999998e-01 6.600519e-04 -6.488040e-01 4.441716e-03 -6.590850e-04 9.999898e-01 1.272773e+01
9.999594e-01 -2.118164e-04 9.002506e-03 6.594772e+00 2.200712e-04 9.999996e-01 -9.158130e-04 -6.531049e-01 -9.002392e-03 9.177595e-04 9.999590e-01 1.278327e+01
9.999954e-01 1.999426e-04 -3.030431e-03 6.621824e+00 -1.980652e-04 9.999998e-01 6.193817e-04 -6.576427e-01 3.030471e-03 -6.187763e-04 9.999951e-01 1.284627e+01
9.999570e-01 -2.152616e-04 9.269413e-03 6.642496e+00 2.238921e-04 9.999995e-01 -9.299025e-04 -6.621802e-01 -9.269291e-03 9.319403e-04 9.999565e-01 1.291872e+01
9.999956e-01 7.386064e-05 2.962994e-03 6.676620e+00 -7.507412e-05 9.999999e-01 4.098593e-04 -6.667750e-01 -2.963046e-03 -4.100775e-04 9.999954e-01 1.301121e+01
9.999782e-01 -1.996894e-04 6.590339e-03 6.702502e+00 2.049517e-04 9.999997e-01 -7.976162e-04 -6.714458e-01 -6.590259e-03 7.989519e-04 9.999779e-01 1.309562e+01
9.999997e-01 1.689023e-04 7.569333e-04 6.729148e+00 -1.692332e-04 9.999999e-01 4.387051e-04 -6.764782e-01 -7.569404e-04 -4.388308e-04 9.999995e-01 1.319494e+01
9.999077e-01 -3.952442e-04 1.357887e-02 6.769374e+00 4.090602e-04 9.999994e-01 -1.014607e-03 -6.813607e-01 -1.357854e-02 1.020070e-03 9.999072e-01 1.330779e+01
9.999946e-01 3.076891e-04 -3.269441e-03 6.797545e+00 -3.058812e-04 9.999998e-01 5.530996e-04 -6.862050e-01 3.269530e-03 -5.520943e-04 9.999944e-01 1.340943e+01
9.999058e-01 -4.029568e-04 1.371877e-02 6.830605e+00 4.168681e-04 9.999994e-01 -1.011103e-03 -6.913039e-01 -1.371843e-02 1.016729e-03 9.999053e-01 1.351712e+01
9.999893e-01 3.510328e-04 -4.616302e-03 6.860057e+00 -3.483171e-04 9.999998e-01 5.888440e-04 -6.964924e-01 4.616429e-03 -5.872276e-04 9.999891e-01 1.362893e+01
9.998916e-01 -4.246151e-04 1.471332e-02 6.890275e+00 4.401675e-04 9.999993e-01 -1.053734e-03 -7.016927e-01 -1.471294e-02 1.060099e-03 9.998911e-01 1.374711e+01
9.999797e-01 3.453533e-04 -6.358250e-03 6.910111e+00 -3.410379e-04 9.999997e-01 6.796104e-04 -7.065565e-01 6.358405e-03 -6.774260e-04 9.999795e-01 1.385051e+01
9.999363e-01 -3.600223e-04 1.127688e-02 6.917455e+00 3.706681e-04 9.999995e-01 -9.418712e-04 -7.112821e-01 -1.127662e-02 9.459934e-04 9.999359e-01 1.394132e+01
9.999999e-01 2.657278e-04 -5.454513e-05 6.945015e+00 -2.657026e-04 9.999999e-01 4.428701e-04 -7.158559e-01 5.458636e-05 -4.428535e-04 9.999998e-01 1.403268e+01
9.998299e-01 -6.007826e-04 1.843107e-02 6.984188e+00 6.220283e-04 9.999991e-01 -1.146946e-03 -7.202936e-01 -1.843044e-02 1.158218e-03 9.998294e-01 1.414292e+01
9.999823e-01 4.771978e-04 -5.927360e-03 7.019278e+00 -4.735896e-04 9.999997e-01 6.099744e-04 -7.254610e-01 5.927575e-03 -6.071545e-04 9.999822e-01 1.426291e+01
9.999662e-01 -5.003837e-04 8.202135e-03 7.030752e+00 5.066822e-04 9.999996e-01 -7.657373e-04 -7.310705e-01 -8.201822e-03 7.698694e-04 9.999660e-01 1.438967e+01
9.999953e-01 4.935709e-04 -3.015540e-03 7.057083e+00 -4.920931e-04 9.999998e-01 4.904659e-04 -7.368088e-01 3.015707e-03 -4.889777e-04 9.999952e-01 1.451601e+01
9.999477e-01 -5.536983e-04 1.021260e-02 7.089674e+00 5.621923e-04 9.999995e-01 -8.287695e-04 -7.429410e-01 -1.021221e-02 8.344696e-04 9.999474e-01 1.466673e+01
9.999663e-01 5.210233e-04 -8.190651e-03 7.101625e+00 -5.154118e-04 9.999996e-01 6.871063e-04 -7.489057e-01 8.190933e-03 -6.828597e-04 9.999661e-01 1.481274e+01
9.999335e-01 -5.430286e-04 1.151971e-02 7.115457e+00 5.532118e-04 9.999995e-01 -8.807375e-04 -7.546005e-01 -1.151929e-02 8.870537e-04 9.999332e-01 1.494450e+01
9.999598e-01 5.236095e-04 -8.947821e-03 7.123876e+00 -5.172371e-04 9.999996e-01 7.143825e-04 -7.601385e-01 8.948119e-03 -7.097237e-04 9.999596e-01 1.507109e+01
9.999312e-01 -5.547592e-04 1.171675e-02 7.132843e+00 5.651435e-04 9.999995e-01 -8.829092e-04 -7.657933e-01 -1.171633e-02 8.894721e-04 9.999309e-01 1.520497e+01
9.999730e-01 5.271811e-04 -7.328760e-03 7.149970e+00 -5.224488e-04 9.999997e-01 6.474970e-04 -7.715420e-01 7.329027e-03 -6.436488e-04 9.999729e-01 1.533918e+01
9.998093e-01 -6.325616e-04 1.951687e-02 7.185338e+00 6.558331e-04 9.999991e-01 -1.185956e-03 -7.767995e-01 -1.951617e-02 1.198532e-03 9.998087e-01 1.546712e+01
9.999999e-01 2.567592e-04 -8.715356e-05 7.229920e+00 -2.567195e-04 9.999999e-01 4.464400e-04 -7.813222e-01 8.719798e-05 -4.464157e-04 9.999998e-01 1.558725e+01
9.999061e-01 -4.359912e-04 1.369357e-02 7.270728e+00 4.500562e-04 9.999994e-01 -1.024007e-03 -7.863693e-01 -1.369319e-02 1.030076e-03 9.999056e-01 1.570937e+01
9.999874e-01 8.914218e-05 5.019877e-03 7.310653e+00 -9.064748e-05 1.000000e+00 2.997821e-04 -7.906118e-01 -5.019918e-03 -3.002316e-04 9.999873e-01 1.581608e+01
9.997859e-01 -6.380475e-04 2.067995e-02 7.351895e+00 6.639386e-04 9.999990e-01 -1.245113e-03 -7.939266e-01 -2.067920e-02 1.258579e-03 9.997853e-01 1.591470e+01
9.999879e-01 8.331224e-05 4.922815e-03 7.395415e+00 -8.482425e-05 9.999999e-01 3.070577e-04 -7.977533e-01 -4.922853e-03 -3.074699e-04 9.999877e-01 1.603219e+01
9.998762e-01 -4.622803e-04 1.572723e-02 7.440155e+00 4.799576e-04 9.999993e-01 -1.120198e-03 -8.021798e-01 -1.572676e-02 1.127609e-03 9.998756e-01 1.615752e+01
9.999771e-01 1.784536e-05 6.767848e-03 7.488151e+00 -1.958571e-05 1.000000e+00 2.571637e-04 -8.063514e-01 -6.767904e-03 -2.572888e-04 9.999770e-01 1.627897e+01
9.998603e-01 -5.188776e-04 1.670862e-02 7.532448e+00 5.378935e-04 9.999992e-01 -1.133583e-03 -8.103546e-01 -1.670808e-02 1.142413e-03 9.998597e-01 1.639623e+01
9.998982e-01 -1.751936e-04 1.426402e-02 7.576837e+00 1.750058e-04 1.000000e+00 1.444557e-05 -8.132776e-01 -1.426408e-02 -1.194641e-05 9.998982e-01 1.650084e+01
9.999108e-01 -4.413320e-04 1.334816e-02 7.623540e+00 4.551116e-04 9.999994e-01 -1.029269e-03 -8.166864e-01 -1.334775e-02 1.035253e-03 9.999103e-01 1.661176e+01
9.999035e-01 -1.541427e-04 1.389110e-02 7.671969e+00 1.539030e-04 1.000000e+00 1.834909e-05 -8.202285e-01 -1.389115e-02 -1.620817e-05 9.999034e-01 1.672850e+01
9.999190e-01 -4.218879e-04 1.272180e-02 7.717761e+00 4.347445e-04 9.999994e-01 -1.007814e-03 -8.236549e-01 -1.272142e-02 1.013264e-03 9.999185e-01 1.683784e+01
9.998536e-01 -2.503395e-04 1.710872e-02 7.766143e+00 2.516381e-04 1.000000e+00 -7.373543e-05 -8.268159e-01 -1.710875e-02 7.803095e-05 9.998535e-01 1.694726e+01
9.999667e-01 -3.168104e-04 8.156256e-03 7.814325e+00 3.238709e-04 9.999996e-01 -8.643124e-04 -8.306615e-01 -8.156023e-03 8.669262e-04 9.999663e-01 1.706629e+01
9.998313e-01 -2.487133e-04 1.836732e-02 7.859434e+00 2.510069e-04 1.000000e+00 -1.225515e-04 -8.340792e-01 -1.836733e-02 1.271421e-04 9.998312e-01 1.717355e+01
9.999940e-01 -2.169301e-04 3.457519e-03 7.905885e+00 2.193586e-04 9.999997e-01 -7.019751e-04 -8.383591e-01 -3.457406e-03 7.027302e-04 9.999937e-01 1.729469e+01
9.997733e-01 -2.980551e-04 2.129027e-02 7.952751e+00 3.031838e-04 9.999999e-01 -2.376577e-04 -8.421355e-01 -2.129024e-02 2.440595e-04 9.997732e-01 1.741056e+01
9.999971e-01 -4.797426e-05 -2.386299e-03 8.000131e+00 4.672763e-05 9.999999e-01 -5.225343e-04 -8.467976e-01 2.386287e-03 5.224221e-04 9.999969e-01 1.754037e+01
9.997149e-01 -3.894022e-04 2.387324e-02 8.047882e+00 3.966983e-04 9.999999e-01 -3.008757e-04 -8.512330e-01 -2.387315e-02 3.102610e-04 9.997149e-01 1.766849e+01
9.999895e-01 -2.571691e-04 4.576380e-03 8.101207e+00 2.606427e-04 9.999997e-01 -7.584099e-04 -8.549505e-01 -4.576215e-03 7.595953e-04 9.999891e-01 1.779796e+01
9.998663e-01 -1.467111e-04 1.635285e-02 8.160929e+00 1.479811e-04 1.000000e+00 -7.644674e-05 -8.599182e-01 -1.635287e-02 7.885694e-05 9.998662e-01 1.794794e+01
9.999968e-01 -1.788649e-04 2.536586e-03 8.214818e+00 1.806723e-04 9.999997e-01 -7.122685e-04 -8.649247e-01 -2.536485e-03 7.127249e-04 9.999964e-01 1.809570e+01
9.997641e-01 -3.374746e-04 2.171619e-02 8.274658e+00 3.422899e-04 9.999999e-01 -2.180166e-04 -8.694155e-01 -2.171614e-02 2.253988e-04 9.997641e-01 1.823834e+01
9.999871e-01 -2.447797e-04 5.083002e-03 8.332548e+00 2.488555e-04 9.999996e-01 -8.012189e-04 -8.733852e-01 -5.082826e-03 8.024737e-04 9.999867e-01 1.837113e+01
9.997373e-01 -3.694289e-04 2.291809e-02 8.392633e+00 3.754362e-04 9.999999e-01 -2.578165e-04 -8.772403e-01 -2.291802e-02 2.663532e-04 9.997372e-01 1.850361e+01
9.999987e-01 -1.732886e-04 1.577470e-03 8.462815e+00 1.743707e-04 9.999997e-01 -6.858757e-04 -8.818681e-01 -1.577369e-03 6.861500e-04 9.999984e-01 1.865169e+01
9.996339e-01 -4.312848e-04 2.705404e-02 8.529291e+00 4.426576e-04 9.999998e-01 -4.143852e-04 -8.857000e-01 -2.705387e-02 4.262091e-04 9.996338e-01 1.878883e+01
9.999817e-01 -3.411816e-04 6.040853e-03 8.596234e+00 3.460358e-04 9.999996e-01 -8.025302e-04 -8.890124e-01 -6.040588e-03 8.046057e-04 9.999813e-01 1.891685e+01
9.997478e-01 -2.880280e-04 2.245337e-02 8.664367e+00 2.942619e-04 9.999999e-01 -2.743352e-04 -8.929980e-01 -2.245330e-02 2.808729e-04 9.997478e-01 1.905378e+01
9.999442e-01 -4.661807e-04 1.055771e-02 8.728178e+00 4.762100e-04 9.999994e-01 -9.474574e-04 -8.963575e-01 -1.055727e-02 9.524318e-04 9.999437e-01 1.918700e+01
9.996607e-01 -3.463194e-04 2.604627e-02 8.792599e+00 3.569570e-04 9.999999e-01 -4.037638e-04 -8.991766e-01 -2.604613e-02 4.129237e-04 9.996606e-01 1.931454e+01
9.998763e-01 -6.064459e-04 1.571484e-02 8.856913e+00 6.239190e-04 9.999992e-01 -1.107009e-03 -9.013377e-01 -1.571416e-02 1.116676e-03 9.998758e-01 1.943765e+01
9.997644e-01 -2.791839e-04 2.170339e-02 8.928886e+00 2.846408e-04 9.999999e-01 -2.483414e-04 -9.044883e-01 -2.170332e-02 2.544598e-04 9.997643e-01 1.957588e+01
9.999941e-01 -2.622694e-04 3.423537e-03 9.003537e+00 2.647642e-04 9.999997e-01 -7.282632e-04 -9.087811e-01 -3.423336e-03 7.291644e-04 9.999938e-01 1.971131e+01
9.997189e-01 -3.164968e-04 2.370873e-02 9.073323e+00 3.239942e-04 9.999999e-01 -3.123864e-04 -9.125862e-01 -2.370862e-02 3.199791e-04 9.997188e-01 1.983508e+01
9.999826e-01 -3.534803e-04 5.886419e-03 9.145089e+00 3.581948e-04 9.999996e-01 -7.998544e-04 -9.162276e-01 -5.886120e-03 8.019478e-04 9.999823e-01 1.996361e+01
9.997810e-01 -2.568605e-04 2.092697e-02 9.217247e+00 2.612988e-04 9.999999e-01 -2.093457e-04 -9.203176e-01 -2.092689e-02 2.147669e-04 9.997809e-01 2.009570e+01
9.999480e-01 -4.502222e-04 1.018486e-02 9.284362e+00 4.597997e-04 9.999995e-01 -9.380299e-04 -9.235531e-01 -1.018441e-02 9.426628e-04 9.999476e-01 2.021309e+01
9.996732e-01 -3.800225e-04 2.555934e-02 9.355153e+00 3.891701e-04 9.999999e-01 -3.529155e-04 -9.262636e-01 -2.555918e-02 3.627456e-04 9.996731e-01 2.032511e+01
9.999950e-01 -3.119165e-04 3.144753e-03 9.444254e+00 3.141513e-04 9.999997e-01 -7.101057e-04 -9.299245e-01 -3.144504e-03 7.110885e-04 9.999947e-01 2.044346e+01
9.996490e-01 -3.822566e-04 2.649087e-02 9.534395e+00 3.929306e-04 9.999998e-01 -3.977155e-04 -9.335106e-01 -2.649068e-02 4.079833e-04 9.996489e-01 2.056336e+01
9.999976e-01 -1.684276e-04 -2.174991e-03 9.619546e+00 1.672723e-04 9.999998e-01 -5.314630e-04 -9.374827e-01 2.175112e-03 5.310961e-04 9.999974e-01 2.067243e+01
9.996561e-01 -3.745596e-04 2.621911e-02 9.698001e+00 3.840978e-04 9.999999e-01 -3.587411e-04 -9.406582e-01 -2.621894e-02 3.686865e-04 9.996561e-01 2.073401e+01
9.999512e-01 4.060025e-05 -9.879753e-03 9.785106e+00 -4.344763e-05 1.000000e+00 -2.880281e-04 -9.448576e-01 9.879777e-03 2.884414e-04 9.999511e-01 2.080211e+01
9.996032e-01 -3.836879e-04 2.816374e-02 9.862795e+00 3.960155e-04 9.999998e-01 -4.321228e-04 -9.487388e-01 -2.816353e-02 4.431025e-04 9.996031e-01 2.087164e+01
9.999898e-01 -1.369989e-04 -4.521738e-03 9.930159e+00 1.349655e-04 9.999999e-01 -4.501023e-04 -9.524008e-01 4.521839e-03 4.494853e-04 9.999896e-01 2.096428e+01
9.996482e-01 -3.606553e-04 2.652177e-02 1.000793e+01 3.707820e-04 9.999999e-01 -3.768935e-04 -9.563640e-01 -2.652159e-02 3.865925e-04 9.996481e-01 2.105996e+01
9.999891e-01 -1.007091e-04 -4.657542e-03 1.008478e+01 9.849025e-05 9.999999e-01 -4.767476e-04 -9.604545e-01 4.657633e-03 4.762814e-04 9.999889e-01 2.116719e+01
9.994478e-01 -5.423144e-04 3.322255e-02 1.014760e+01 5.617980e-04 9.999997e-01 -5.771095e-04 -9.640755e-01 -3.322218e-02 5.954528e-04 9.994477e-01 2.128890e+01
9.999200e-01 1.126642e-04 -1.264734e-02 1.022453e+01 -1.155814e-04 1.000000e+00 -2.299806e-04 -9.688367e-01 1.264736e-02 2.314215e-04 9.999199e-01 2.142142e+01
9.994503e-01 -5.299166e-04 3.314744e-02 1.030039e+01 5.493701e-04 9.999997e-01 -5.777550e-04 -9.735476e-01 -3.314707e-02 5.956450e-04 9.994502e-01 2.155234e+01
9.998075e-01 3.076090e-04 -1.961721e-02 1.036071e+01 -3.072511e-04 1.000000e+00 2.122058e-05 -9.789271e-01 1.961727e-02 -1.519168e-05 9.998075e-01 2.168092e+01
9.996088e-01 -3.729336e-04 2.796566e-02 1.041561e+01 3.846083e-04 9.999998e-01 -4.120597e-04 -9.848729e-01 -2.796545e-02 4.226517e-04 9.996087e-01 2.181097e+01
9.996928e-01 3.810741e-04 -2.478206e-02 1.047420e+01 -3.762935e-04 9.999999e-01 1.975375e-04 -9.909300e-01 2.478219e-02 -1.881542e-04 9.996928e-01 2.192050e+01
9.993601e-01 -4.831362e-04 3.576591e-02 1.054340e+01 5.084251e-04 9.999996e-01 -6.979577e-04 -9.962590e-01 -3.576551e-02 7.156926e-04 9.993599e-01 2.203044e+01
9.998187e-01 1.331008e-04 -1.903845e-02 1.062549e+01 -1.321768e-04 1.000000e+00 4.974535e-05 -1.001023e+00 1.903851e-02 -4.722266e-05 9.998187e-01 2.213434e+01
9.996436e-01 -2.318004e-04 2.669319e-02 1.072415e+01 2.424485e-04 9.999999e-01 -3.956420e-04 -1.006945e+00 -2.669304e-02 4.019699e-04 9.996435e-01 2.224402e+01
9.997733e-01 1.924699e-04 -2.129127e-02 1.079271e+01 -1.901985e-04 1.000000e+00 1.086680e-04 -1.013345e+00 2.129135e-02 -1.045966e-04 9.997732e-01 2.238126e+01
9.997464e-01 -1.571988e-04 2.252028e-02 1.084862e+01 1.627895e-04 1.000000e+00 -2.463799e-04 -1.019431e+00 -2.252018e-02 2.499806e-04 9.997463e-01 2.248452e+01
9.998126e-01 1.805035e-04 -1.935587e-02 1.090127e+01 -1.795749e-04 1.000000e+00 4.966790e-05 -1.024929e+00 1.935593e-02 -4.618561e-05 9.998126e-01 2.256900e+01
9.998034e-01 -1.315804e-04 1.982727e-02 1.101503e+01 1.342321e-04 1.000000e+00 -1.323658e-04 -1.029276e+00 -1.982720e-02 1.349983e-04 9.998033e-01 2.254732e+01
9.997609e-01 2.332957e-04 -2.186429e-02 1.118883e+01 -2.292396e-04 1.000000e+00 1.879779e-04 -1.030911e+00 2.186439e-02 -1.829237e-04 9.997608e-01 2.236524e+01
9.998118e-01 -1.047478e-04 1.940003e-02 1.135844e+01 1.069810e-04 1.000000e+00 -1.140309e-04 -1.032056e+00 -1.939996e-02 1.160820e-04 9.998117e-01 2.215939e+01
9.997491e-01 2.230411e-04 -2.240000e-02 1.152919e+01 -2.184097e-04 1.000000e+00 2.091620e-04 -1.033157e+00 2.240010e-02 -2.042200e-04 9.997490e-01 2.195129e+01
9.998150e-01 -1.075143e-04 1.923382e-02 1.169985e+01 1.097086e-04 1.000000e+00 -1.129870e-04 -1.034075e+00 -1.923375e-02 1.150734e-04 9.998149e-01 2.173608e+01
9.997554e-01 2.472012e-04 -2.211605e-02 1.187984e+01 -2.420476e-04 9.999999e-01 2.356584e-04 -1.035350e+00 2.211616e-02 -2.302504e-04 9.997553e-01 2.153673e+01
9.998590e-01 -5.129871e-05 1.679400e-02 1.205247e+01 5.110563e-05 1.000000e+00 1.197475e-05 -1.038127e+00 -1.679394e-02 -1.111759e-05 9.998589e-01 2.141304e+01
9.996188e-01 4.551215e-04 -2.760566e-02 1.223892e+01 -4.399600e-04 9.999997e-01 5.552570e-04 -1.040173e+00 2.760596e-02 -5.429026e-04 9.996186e-01 2.126723e+01
9.998308e-01 -9.316171e-05 1.839242e-02 1.239516e+01 9.505597e-05 1.000000e+00 -1.020762e-04 -1.043161e+00 -1.839236e-02 1.038045e-04 9.998307e-01 2.117200e+01
9.996127e-01 4.300047e-04 -2.782431e-02 1.248216e+01 -4.167938e-04 9.999998e-01 4.805663e-04 -1.047316e+00 2.782456e-02 -4.687858e-04 9.996126e-01 2.115703e+01
9.997957e-01 -1.890825e-04 2.021185e-02 1.254939e+01 1.936540e-04 1.000000e+00 -2.241905e-04 -1.051551e+00 -2.021176e-02 2.280562e-04 9.997956e-01 2.114717e+01
9.997487e-01 2.615340e-04 -2.241699e-02 1.265980e+01 -2.555404e-04 9.999999e-01 2.701987e-04 -1.056724e+00 2.241711e-02 -2.644050e-04 9.997486e-01 2.116580e+01
9.998021e-01 -1.843356e-04 1.989265e-02 1.287042e+01 1.873239e-04 1.000000e+00 -1.483235e-04 -1.058057e+00 -1.989257e-02 1.520179e-04 9.998020e-01 2.095915e+01
9.997027e-01 3.601509e-04 -2.438048e-02 1.314375e+01 -3.495709e-04 9.999998e-01 4.381821e-04 -1.055873e+00 2.438068e-02 -4.295317e-04 9.997026e-01 2.056085e+01
9.998205e-01 -1.884433e-04 1.894423e-02 1.343548e+01 1.900940e-04 1.000000e+00 -8.530222e-05 -1.052972e+00 -1.894417e-02 8.888554e-05 9.998204e-01 2.012472e+01
9.997037e-01 3.815631e-04 -2.433746e-02 1.373779e+01 -3.707125e-04 9.999998e-01 4.503185e-04 -1.049703e+00 2.433767e-02 -4.411654e-04 9.997036e-01 1.966756e+01
9.998326e-01 -1.278703e-04 1.829514e-02 1.402637e+01 1.278765e-04 1.000000e+00 8.653854e-07 -1.048766e+00 -1.829509e-02 1.471808e-06 9.998325e-01 1.933500e+01
9.997092e-01 2.603672e-04 -2.411271e-02 1.432182e+01 -2.506100e-04 9.999999e-01 4.076412e-04 -1.047271e+00 2.411286e-02 -4.014821e-04 9.997091e-01 1.897247e+01
9.998078e-01 -7.258302e-05 1.960667e-02 1.464166e+01 7.436647e-05 1.000000e+00 -9.020183e-05 -1.043399e+00 -1.960662e-02 9.164018e-05 9.998077e-01 1.847575e+01
9.996793e-01 3.028394e-04 -2.532074e-02 1.492688e+01 -2.906667e-04 9.999998e-01 4.843920e-04 -1.041459e+00 2.532093e-02 -4.768791e-04 9.996792e-01 1.809365e+01
9.998599e-01 -4.723089e-05 1.673678e-02 1.521912e+01 4.542951e-05 1.000000e+00 1.080442e-04 -1.040974e+00 -1.673674e-02 -1.072710e-04 9.998598e-01 1.779361e+01
9.996844e-01 3.882944e-04 -2.511845e-02 1.550429e+01 -3.765482e-04 9.999998e-01 4.723376e-04 -1.040703e+00 2.511868e-02 -4.627324e-04 9.996843e-01 1.750013e+01
