9.999470e-01 -2.235156e-04 1.029166e-02 -6.702689e-03 2.273029e-04 9.999999e-01 -3.668271e-04 -1.374324e-02 -1.029158e-02 3.691475e-04 9.999469e-01 5.359214e-01
9.998795e-01 4.674437e-04 -1.551867e-02 -4.862029e-02 -4.578644e-04 9.999997e-01 6.208230e-04 -2.277878e-02 1.551895e-02 -6.136422e-04 9.998793e-01 9.386701e-01
9.987969e-01 -1.206076e-03 4.902429e-02 -1.474490e-02 1.294771e-03 9.999976e-01 -1.777485e-03 -3.620205e-02 -4.902203e-02 1.838822e-03 9.987959e-01 1.442404e+00
9.995502e-01 8.392191e-04 -2.997747e-02 -4.017377e-03 -8.052008e-04 9.999990e-01 1.146850e-03 -5.017869e-02 2.997841e-02 -1.122196e-03 9.995498e-01 1.982088e+00
9.978729e-01 -1.584317e-03 6.517082e-02 5.164143e-02 1.739489e-03 9.999958e-01 -2.324339e-03 -6.559427e-02 -6.516685e-02 2.432759e-03 9.978713e-01 2.535819e+00
9.997674e-01 6.321240e-04 -2.155814e-02 9.909186e-02 -6.141082e-04 9.999995e-01 8.422933e-04 -7.982119e-02 2.155867e-02 -8.288584e-04 9.997671e-01 3.064679e+00
9.981833e-01 -1.479294e-03 6.023163e-02 1.252095e-01 1.611945e-03 9.999964e-01 -2.153806e-03 -9.241378e-02 -6.022820e-02 2.246983e-03 9.981820e-01 3.554329e+00
9.997777e-01 6.131771e-04 -2.107469e-02 1.367498e-01 -5.960741e-04 9.999995e-01 8.178085e-04 -1.034006e-01 2.107520e-02 -8.050649e-04 9.997775e-01 3.990701e+00
9.979371e-01 -1.559497e-03 6.417983e-02 1.680821e-01 1.709128e-03 9.999959e-01 -2.276601e-03 -1.160552e-01 -6.417600e-02 2.381596e-03 9.979357e-01 4.476202e+00
9.997545e-01 6.403444e-04 -2.214796e-02 2.108327e-01 -6.216992e-04 9.999994e-01 8.487162e-04 -1.308577e-01 2.214852e-02 -8.347390e-04 9.997542e-01 5.031908e+00
9.974993e-01 -1.692585e-03 7.065642e-02 2.708359e-01 1.872955e-03 9.999952e-01 -2.486611e-03 -1.459104e-01 -7.065183e-02 2.612728e-03 9.974975e-01 5.585455e+00
9.989631e-01 1.226788e-03 -4.551055e-02 3.002834e-01 -1.151701e-03 9.999979e-01 1.676057e-03 -1.620896e-01 4.551255e-02 -1.621906e-03 9.989624e-01 6.196485e+00
9.969922e-01 -1.856558e-03 7.748005e-02 3.214388e-01 2.073594e-03 9.999941e-01 -2.720825e-03 -1.763173e-01 -7.747450e-02 2.873302e-03 9.969901e-01 6.744018e+00
9.996381e-01 7.821560e-04 -2.689099e-02 3.498683e-01 -7.550574e-04 9.999992e-01 1.017848e-03 -1.881710e-01 2.689181e-02 -9.971762e-04 9.996378e-01 7.218322e+00
9.974752e-01 -1.732197e-03 7.099378e-02 3.809802e-01 1.914392e-03 9.999950e-01 -2.498380e-03 -2.019553e-01 -7.098905e-02 2.627981e-03 9.974735e-01 7.755340e+00
9.989726e-01 1.249427e-03 -4.530084e-02 3.957404e-01 -1.174958e-03 9.999979e-01 1.670458e-03 -2.212035e-01 4.530289e-02 -1.615517e-03 9.989719e-01 8.519000e+00
9.974580e-01 -1.753731e-03 7.123480e-02 4.083325e-01 1.936496e-03 9.999950e-01 -2.496676e-03 -2.433677e-01 -7.123002e-02 2.628274e-03 9.974564e-01 9.398256e+00
9.992288e-01 1.114283e-03 -3.925073e-02 4.377324e-01 -1.058091e-03 9.999984e-01 1.452362e-03 -2.654991e-01 3.925234e-02 -1.409712e-03 9.992282e-01 1.026198e+01
9.974824e-01 -1.748419e-03 7.089330e-02 4.793755e-01 1.928729e-03 9.999951e-01 -2.475017e-03 -2.872621e-01 -7.088857e-02 2.605518e-03 9.974807e-01 1.108667e+01
9.992774e-01 1.077007e-03 -3.799393e-02 5.267246e-01 -1.025149e-03 9.999985e-01 1.384314e-03 -3.055712e-01 3.799542e-02 -1.344366e-03 9.992769e-01 1.177006e+01
9.966851e-01 -1.965117e-03 8.133210e-02 5.637159e-01 2.201056e-03 9.999936e-01 -2.811375e-03 -3.180859e-01 -8.132599e-02 2.981070e-03 9.966830e-01 1.224118e+01
9.980649e-01 1.706719e-03 -6.215722e-02 6.084496e-01 -1.569171e-03 9.999962e-01 2.261638e-03 -3.372820e-01 6.216091e-02 -2.159728e-03 9.980637e-01 1.294062e+01
9.974623e-01 -1.758066e-03 7.117420e-02 6.633351e-01 1.939199e-03 9.999951e-01 -2.475908e-03 -3.561637e-01 -7.116943e-02 2.607644e-03 9.974607e-01 1.358781e+01
9.981587e-01 1.681021e-03 -6.063226e-02 7.588551e-01 -1.550225e-03 9.999964e-01 2.204158e-03 -3.758138e-01 6.063581e-02 -2.106108e-03 9.981576e-01 1.421089e+01
9.972781e-01 -1.819317e-03 7.370908e-02 7.990051e-01 2.013759e-03 9.999947e-01 -2.563724e-03 -3.951436e-01 -7.370396e-02 2.705176e-03 9.972764e-01 1.491254e+01
9.974864e-01 1.912680e-03 -7.083212e-02 7.796907e-01 -1.734487e-03 9.999952e-01 2.577111e-03 -4.157579e-01 7.083677e-02 -2.447778e-03 9.974848e-01 1.575367e+01
9.966785e-01 -1.976451e-03 8.141323e-02 7.400697e-01 2.214744e-03 9.999935e-01 -2.836758e-03 -4.358682e-01 -8.140703e-02 3.007642e-03 9.966763e-01 1.661912e+01
9.978657e-01 1.765377e-03 -6.527484e-02 7.113740e-01 -1.613360e-03 9.999959e-01 2.381486e-03 -4.549905e-01 6.527885e-02 -2.271094e-03 9.978644e-01 1.742934e+01
9.965207e-01 -1.991513e-03 8.332217e-02 7.345838e-01 2.240450e-03 9.999933e-01 -2.894245e-03 -4.741385e-01 -8.331577e-02 3.070851e-03 9.965184e-01 1.816563e+01
9.973024e-01 1.969590e-03 -7.337626e-02 7.519370e-01 -1.776888e-03 9.999948e-01 2.691380e-03 -4.983185e-01 7.338125e-02 -2.553741e-03 9.973006e-01 1.910320e+01
9.967466e-01 -1.923393e-03 8.057594e-02 7.932204e-01 2.155802e-03 9.999938e-01 -2.797437e-03 -5.219784e-01 -8.056998e-02 2.962039e-03 9.967445e-01 1.997751e+01
9.972942e-01 1.955873e-03 -7.348783e-02 7.897968e-01 -1.764298e-03 9.999949e-01 2.671702e-03 -5.426065e-01 7.349275e-02 -2.534821e-03 9.972924e-01 2.080027e+01
9.966198e-01 -1.979039e-03 8.212814e-02 7.181148e-01 2.220809e-03 9.999935e-01 -2.852556e-03 -5.663954e-01 -8.212188e-02 3.025302e-03 9.966176e-01 2.187124e+01
9.969200e-01 2.061253e-03 -7.839819e-02 6.207644e-01 -1.842788e-03 9.999942e-01 2.858831e-03 -5.911950e-01 7.840370e-02 -2.705557e-03 9.969179e-01 2.301964e+01
9.967397e-01 -1.938818e-03 8.066137e-02 5.596019e-01 2.171652e-03 9.999937e-01 -2.798923e-03 -6.144576e-01 -8.065537e-02 2.964963e-03 9.967376e-01 2.403962e+01
9.969202e-01 2.062375e-03 -7.839516e-02 4.896565e-01 -1.844736e-03 9.999942e-01 2.848477e-03 -6.350020e-01 7.840066e-02 -2.695088e-03 9.969182e-01 2.496089e+01
9.967697e-01 -1.937858e-03 8.028914e-02 4.013199e-01 2.169180e-03 9.999937e-01 -2.793982e-03 -6.566486e-01 -8.028315e-02 2.959115e-03 9.967676e-01 2.595774e+01
9.972224e-01 1.942058e-03 -7.445635e-02 2.359340e-01 -1.746272e-03 9.999948e-01 2.694545e-03 -6.708120e-01 7.446127e-02 -2.557042e-03 9.972205e-01 2.675023e+01
9.971002e-01 -1.827266e-03 7.607803e-02 -1.910727e-02 2.036664e-03 9.999943e-01 -2.674900e-03 -6.790225e-01 -7.607264e-02 2.822086e-03 9.970982e-01 2.740568e+01
9.972354e-01 1.934015e-03 -7.428119e-02 -1.130367e-01 -1.737709e-03 9.999948e-01 2.707258e-03 -6.966619e-01 7.428611e-02 -2.570697e-03 9.972336e-01 2.823747e+01
9.971107e-01 -1.827032e-03 7.593949e-02 -2.481824e-01 2.035905e-03 9.999944e-01 -2.673182e-03 -7.152353e-01 -7.593410e-02 2.820061e-03 9.971088e-01 2.917339e+01
9.971958e-01 1.927732e-03 -7.481136e-02 -6.644704e-01 -1.730327e-03 9.999948e-01 2.703405e-03 -7.218329e-01 7.481626e-02 -2.566378e-03 9.971940e-01 2.999835e+01
9.971994e-01 -1.791933e-03 7.476645e-02 -1.029637e+00 1.995540e-03 9.999945e-01 -2.648619e-03 -7.292551e-01 -7.476122e-02 2.790399e-03 9.971975e-01 3.078093e+01
9.971673e-01 1.948808e-03 -7.519030e-02 -1.102102e+00 -1.747464e-03 9.999947e-01 2.743462e-03 -7.452304e-01 7.519533e-02 -2.604301e-03 9.971653e-01 3.150477e+01
9.971721e-01 -1.798465e-03 7.512982e-02 -1.391755e+00 2.005875e-03 9.999944e-01 -2.685314e-03 -7.498042e-01 -7.512450e-02 2.828418e-03 9.971701e-01 3.204810e+01
9.973835e-01 1.854172e-03 -7.226796e-02 -1.694716e+00 -1.666448e-03 9.999951e-01 2.657795e-03 -7.568162e-01 7.227260e-02 -2.530413e-03 9.973816e-01 3.272894e+01
9.972900e-01 -1.748886e-03 7.355037e-02 -1.939634e+00 1.947977e-03 9.999946e-01 -2.635211e-03 -7.652885e-01 -7.354529e-02 2.771342e-03 9.972879e-01 3.338129e+01
9.973449e-01 1.872161e-03 -7.279821e-02 -2.037170e+00 -1.679770e-03 9.999949e-01 2.703917e-03 -7.834760e-01 7.280298e-02 -2.574457e-03 9.973429e-01 3.423942e+01
9.969154e-01 -1.825853e-03 7.846227e-02 -2.038495e+00 2.050313e-03 9.999940e-01 -2.780264e-03 -8.048384e-01 -7.845665e-02 2.932557e-03 9.969131e-01 3.508438e+01
9.977425e-01 1.752790e-03 -6.713281e-02 -1.988579e+00 -1.589192e-03 9.999956e-01 2.490242e-03 -8.224849e-01 6.713695e-02 -2.377936e-03 9.977409e-01 3.570007e+01
9.968140e-01 -1.867803e-03 7.973920e-02 -1.990131e+00 2.100116e-03 9.999938e-01 -2.829629e-03 -8.380898e-01 -7.973334e-02 2.988072e-03 9.968117e-01 3.631514e+01
9.979707e-01 1.606956e-03 -6.365365e-02 -2.147891e+00 -1.460373e-03 9.999962e-01 2.349243e-03 -8.491133e-01 6.365726e-02 -2.251520e-03 9.979692e-01 3.697879e+01
9.975527e-01 -1.663602e-03 6.989893e-02 -2.259978e+00 1.843665e-03 9.999951e-01 -2.511593e-03 -8.698673e-01 -6.989433e-02 2.634314e-03 9.975508e-01 3.798133e+01
9.979500e-01 1.604146e-03 -6.397751e-02 -2.551264e+00 -1.456776e-03 9.999962e-01 2.350023e-03 -8.742907e-01 6.398111e-02 -2.252007e-03 9.979485e-01 3.854003e+01
9.972339e-01 -1.693191e-03 7.430736e-02 -2.499176e+00 1.893857e-03 9.999947e-01 -2.630101e-03 -8.889389e-01 -7.430243e-02 2.763550e-03 9.972318e-01 3.903618e+01
9.977383e-01 1.759515e-03 -6.719419e-02 -2.103284e+00 -1.593363e-03 9.999955e-01 2.526194e-03 -9.099175e-01 6.719842e-02 -2.413419e-03 9.977366e-01 3.928290e+01
9.976500e-01 -1.638263e-03 6.849707e-02 -2.062660e+00 1.810909e-03 9.999953e-01 -2.458453e-03 -9.299231e-01 -6.849264e-02 2.576715e-03 9.976482e-01 3.999104e+01
9.980736e-01 1.586374e-03 -6.202109e-02 -2.145007e+00 -1.445839e-03 9.999963e-01 2.310716e-03 -9.533935e-01 6.202460e-02 -2.216595e-03 9.980721e-01 4.106390e+01
9.979254e-01 -1.550037e-03 6.436123e-02 -2.206296e+00 1.702071e-03 9.999959e-01 -2.307404e-03 -9.777336e-01 -6.435731e-02 2.412161e-03 9.979239e-01 4.212840e+01
9.979961e-01 1.608340e-03 -6.325414e-02 -2.289754e+00 -1.461341e-03 9.999961e-01 2.370124e-03 -1.005094e+00 6.325779e-02 -2.272941e-03 9.979946e-01 4.335603e+01
9.979960e-01 -1.526015e-03 6.325817e-02 -2.353383e+00 1.673613e-03 9.999960e-01 -2.280322e-03 -1.030923e+00 -6.325435e-02 2.381619e-03 9.979945e-01 4.448236e+01
9.979843e-01 1.621914e-03 -6.343999e-02 -2.369097e+00 -1.473066e-03 9.999961e-01 2.392948e-03 -1.055733e+00 6.344370e-02 -2.294676e-03 9.979827e-01 4.548402e+01
9.979476e-01 -1.555147e-03 6.401696e-02 -2.434133e+00 1.706139e-03 9.999959e-01 -2.303999e-03 -1.084564e+00 -6.401303e-02 2.408489e-03 9.979461e-01 4.673962e+01
9.984236e-01 1.447734e-03 -5.610895e-02 -2.482293e+00 -1.331376e-03 9.999969e-01 2.111080e-03 -1.111798e+00 5.611191e-02 -2.033053e-03 9.984223e-01 4.790824e+01
9.976765e-01 -1.630646e-03 6.810946e-02 -2.524468e+00 1.801303e-03 9.999954e-01 -2.444266e-03 -1.142890e+00 -6.810507e-02 2.561269e-03 9.976748e-01 4.923079e+01
9.983578e-01 1.470632e-03 -5.726703e-02 -2.578080e+00 -1.347661e-03 9.999967e-01 2.185846e-03 -1.177820e+00 5.727014e-02 -2.105083e-03 9.983564e-01 5.073430e+01
9.983201e-01 -1.447400e-03 5.792112e-02 -2.632342e+00 1.570494e-03 9.999966e-01 -2.079725e-03 -1.214005e+00 -5.791783e-02 2.167193e-03 9.983189e-01 5.228056e+01
9.983551e-01 1.491903e-03 -5.731284e-02 -2.641726e+00 -1.368780e-03 9.999967e-01 2.187428e-03 -1.245480e+00 5.731600e-02 -2.105385e-03 9.983538e-01 5.355260e+01
9.983730e-01 -1.411451e-03 5.700289e-02 -2.646891e+00 1.533214e-03 9.999966e-01 -2.092371e-03 -1.269015e+00 -5.699966e-02 2.176361e-03 9.983717e-01 5.448250e+01
9.983338e-01 1.497655e-03 -5.768228e-02 -2.602436e+00 -1.370236e-03 9.999965e-01 2.248439e-03 -1.299983e+00 5.768553e-02 -2.165657e-03 9.983324e-01 5.563979e+01
9.983445e-01 -1.438155e-03 5.749978e-02 -2.605579e+00 1.562219e-03 9.999965e-01 -2.112715e-03 -1.332855e+00 -5.749646e-02 2.199042e-03 9.983432e-01 5.695810e+01
9.983907e-01 1.480457e-03 -5.669008e-02 -2.629998e+00 -1.358335e-03 9.999967e-01 2.192652e-03 -1.361556e+00 5.669322e-02 -2.112122e-03 9.983893e-01 5.813936e+01
9.981572e-01 -1.460706e-03 6.066310e-02 -2.585468e+00 1.599523e-03 9.999962e-01 -2.239809e-03 -1.386138e+00 -6.065952e-02 2.332710e-03 9.981557e-01 5.903613e+01
9.982392e-01 1.550341e-03 -5.929614e-02 -2.456021e+00 -1.415205e-03 9.999963e-01 2.320881e-03 -1.413118e+00 5.929960e-02 -2.232882e-03 9.982377e-01 5.990319e+01
9.981340e-01 -1.505298e-03 6.104228e-02 -2.501737e+00 1.647937e-03 9.999960e-01 -2.286417e-03 -1.438964e+00 -6.103851e-02 2.382741e-03 9.981325e-01 6.100205e+01
9.981689e-01 1.576509e-03 -6.046724e-02 -2.527888e+00 -1.435359e-03 9.999961e-01 2.377659e-03 -1.465842e+00 6.047084e-02 -2.286516e-03 9.981673e-01 6.210980e+01
9.981224e-01 -1.504623e-03 6.123263e-02 -2.562153e+00 1.649107e-03 9.999960e-01 -2.309099e-03 -1.490343e+00 -6.122882e-02 2.405739e-03 9.981208e-01 6.313204e+01
9.984109e-01 1.482559e-03 -5.633332e-02 -2.593746e+00 -1.359794e-03 9.999966e-01 2.217496e-03 -1.514545e+00 5.633650e-02 -2.137373e-03 9.984095e-01 6.414238e+01
9.983677e-01 -1.438085e-03 5.709523e-02 -2.677079e+00 1.564483e-03 9.999964e-01 -2.169151e-03 -1.540790e+00 -5.709183e-02 2.254932e-03 9.983663e-01 6.532119e+01
9.984015e-01 1.480848e-03 -5.649972e-02 -2.756450e+00 -1.356447e-03 9.999966e-01 2.240068e-03 -1.569744e+00 5.650293e-02 -2.159851e-03 9.984000e-01 6.660604e+01
9.983730e-01 -1.435943e-03 5.700179e-02 -2.832780e+00 1.562120e-03 9.999964e-01 -2.169028e-03 -1.598796e+00 -5.699838e-02 2.254539e-03 9.983716e-01 6.789031e+01
9.983863e-01 1.496741e-03 -5.676768e-02 -2.895122e+00 -1.371715e-03 9.999965e-01 2.241278e-03 -1.624179e+00 5.677092e-02 -2.159796e-03 9.983848e-01 6.899613e+01
9.983910e-01 -1.421909e-03 5.668728e-02 -2.936398e+00 1.547232e-03 9.999965e-01 -2.166929e-03 -1.647150e+00 -5.668391e-02 2.251147e-03 9.983896e-01 6.996421e+01
9.983891e-01 1.489513e-03 -5.671770e-02 -2.988579e+00 -1.364187e-03 9.999965e-01 2.248255e-03 -1.672222e+00 5.672094e-02 -2.167263e-03 9.983876e-01 7.103930e+01
9.983618e-01 -1.422720e-03 5.719775e-02 -3.015676e+00 1.550490e-03 9.999964e-01 -2.189481e-03 -1.694600e+00 -5.719435e-02 2.274575e-03 9.983604e-01 7.195946e+01
9.985511e-01 1.446712e-03 -5.379119e-02 -2.964410e+00 -1.332049e-03 9.999968e-01 2.167389e-03 -1.719588e+00 5.379423e-02 -2.092600e-03 9.985498e-01 7.285825e+01
9.984598e-01 -1.424489e-03 5.546120e-02 -2.983457e+00 1.544663e-03 9.999966e-01 -2.123976e-03 -1.747757e+00 -5.545790e-02 2.206371e-03 9.984585e-01 7.401082e+01
9.985089e-01 1.502207e-03 -5.456765e-02 -2.877192e+00 -1.384123e-03 9.999966e-01 2.201685e-03 -1.773754e+00 5.457086e-02 -2.122877e-03 9.985076e-01 7.486648e+01
9.983943e-01 -1.448412e-03 5.662697e-02 -2.815227e+00 1.573786e-03 9.999964e-01 -2.169468e-03 -1.798754e+00 -5.662354e-02 2.255100e-03 9.983930e-01 7.574971e+01
9.984400e-01 1.502159e-03 -5.581374e-02 -2.826585e+00 -1.379209e-03 9.999965e-01 2.241279e-03 -1.824436e+00 5.581699e-02 -2.160807e-03 9.984386e-01 7.678274e+01
9.983760e-01 -1.441282e-03 5.695006e-02 -2.790272e+00 1.567429e-03 9.999964e-01 -2.170403e-03 -1.850774e+00 -5.694665e-02 2.256140e-03 9.983746e-01 7.776305e+01
9.984048e-01 1.505399e-03 -5.644047e-02 -2.815735e+00 -1.381372e-03 9.999965e-01 2.236404e-03 -1.873763e+00 5.644372e-02 -2.154875e-03 9.984034e-01 7.870725e+01
9.983754e-01 -1.444793e-03 5.696064e-02 -2.871614e+00 1.571803e-03 9.999964e-01 -2.185020e-03 -1.896650e+00 -5.695719e-02 2.270997e-03 9.983740e-01 7.969852e+01
9.984051e-01 1.508420e-03 -5.643449e-02 -2.923321e+00 -1.384643e-03 9.999965e-01 2.232300e-03 -1.917794e+00 5.643775e-02 -2.150601e-03 9.984037e-01 8.060915e+01
9.983692e-01 -1.446727e-03 5.706772e-02 -2.958115e+00 1.573813e-03 9.999964e-01 -2.182028e-03 -1.939759e+00 -5.706427e-02 2.268281e-03 9.983679e-01 8.152613e+01
9.984318e-01 1.497500e-03 -5.596089e-02 -2.979447e+00 -1.375014e-03 9.999966e-01 2.227177e-03 -1.962960e+00 5.596411e-02 -2.146740e-03 9.984304e-01 8.247296e+01
9.983427e-01 -1.459390e-03 5.752924e-02 -3.015924e+00 1.589340e-03 9.999963e-01 -2.213130e-03 -1.984927e+00 -5.752571e-02 2.300892e-03 9.983413e-01 8.339464e+01
9.985691e-01 1.424544e-03 -5.345741e-02 -3.110790e+00 -1.313460e-03 9.999969e-01 2.113028e-03 -2.002091e+00 5.346034e-02 -2.039793e-03 9.985678e-01 8.420930e+01
9.983854e-01 -1.439598e-03 5.678432e-02 -3.174802e+00 1.566311e-03 9.999964e-01 -2.187021e-03 -2.021066e+00 -5.678088e-02 2.272428e-03 9.983840e-01 8.505425e+01
9.984512e-01 1.491108e-03 -5.561437e-02 -3.217253e+00 -1.370311e-03 9.999966e-01 2.210081e-03 -2.041281e+00 5.561756e-02 -2.130452e-03 9.984498e-01 8.591158e+01
9.982357e-01 -1.497220e-03 5.935735e-02 -3.264780e+00 1.634936e-03 9.999961e-01 -2.271587e-03 -2.064137e+00 -5.935363e-02 2.364622e-03 9.982341e-01 8.689120e+01
9.982928e-01 1.551519e-03 -5.838603e-02 -3.330022e+00 -1.418117e-03 9.999963e-01 2.326145e-03 -2.089517e+00 5.838951e-02 -2.239379e-03 9.982913e-01 8.800333e+01
9.981148e-01 -1.533502e-03 6.135482e-02 -3.385701e+00 1.681539e-03 9.999958e-01 -2.361212e-03 -2.111631e+00 -6.135086e-02 2.459927e-03 9.981132e-01 8.896457e+01
9.985079e-01 1.474052e-03 -5.458729e-02 -3.427777e+00 -1.356369e-03 9.999967e-01 2.192811e-03 -2.134544e+00 5.459042e-02 -2.115502e-03 9.985065e-01 8.994289e+01
9.983400e-01 -1.463302e-03 5.757599e-02 -3.447888e+00 1.592934e-03 9.999963e-01 -2.205637e-03 -2.160064e+00 -5.757246e-02 2.293687e-03 9.983386e-01 9.098678e+01
9.984399e-01 1.486910e-03 -5.581605e-02 -3.519481e+00 -1.364825e-03 9.999966e-01 2.225283e-03 -2.186331e+00 5.581925e-02 -2.145635e-03 9.984385e-01 9.214918e+01
9.983732e-01 -1.440423e-03 5.699930e-02 -3.571311e+00 1.568770e-03 9.999963e-01 -2.207003e-03 -2.207961e+00 -5.699583e-02 2.292828e-03 9.983717e-01 9.308237e+01
9.988576e-01 1.343410e-03 -4.776698e-02 -3.484400e+00 -1.251539e-03 9.999973e-01 1.953134e-03 -2.230301e+00 4.776956e-02 -1.891124e-03 9.988565e-01 9.382829e+01
9.981378e-01 -1.538924e-03 6.097892e-02 -3.446458e+00 1.684710e-03 9.999958e-01 -2.339385e-03 -2.252489e+00 -6.097498e-02 2.437757e-03 9.981362e-01 9.465106e+01
9.991158e-01 1.184122e-03 -4.202544e-02 -3.453209e+00 -1.112161e-03 9.999979e-01 1.735616e-03 -2.275816e+00 4.202750e-02 -1.687346e-03 9.991150e-01 9.560140e+01
9.987024e-01 -1.336629e-03 5.090827e-02 -3.496379e+00 1.440312e-03 9.999970e-01 -1.999994e-03 -2.300575e+00 -5.090535e-02 2.070719e-03 9.987013e-01 9.666544e+01
9.987653e-01 1.355720e-03 -4.965858e-02 -3.528479e+00 -1.256292e-03 9.999971e-01 2.033342e-03 -2.325933e+00 4.966128e-02 -1.968450e-03 9.987641e-01 9.772098e+01
9.985128e-01 -1.383514e-03 5.449994e-02 -3.513399e+00 1.501921e-03 9.999966e-01 -2.131672e-03 -2.350177e+00 -5.449672e-02 2.210352e-03 9.985114e-01 9.865576e+01
9.988289e-01 1.316390e-03 -4.836285e-02 -3.551813e+00 -1.221998e-03 9.999973e-01 1.981220e-03 -2.375384e+00 4.836541e-02 -1.919804e-03 9.988278e-01 9.972369e+01
9.987170e-01 -1.333504e-03 5.062110e-02 -3.637788e+00 1.436797e-03 9.999970e-01 -2.004125e-03 -2.402089e+00 -5.061818e-02 2.074282e-03 9.987158e-01 1.009284e+02
9.989189e-01 1.275464e-03 -4.646843e-02 -3.708839e+00 -1.188137e-03 9.999975e-01 1.906787e-03 -2.427358e+00 4.647083e-02 -1.849518e-03 9.989179e-01 1.020488e+02
9.987607e-01 -1.308817e-03 4.975241e-02 -3.764416e+00 1.408811e-03 9.999971e-01 -1.974780e-03 -2.451885e+00 -4.974959e-02 2.042420e-03 9.987596e-01 1.031139e+02
9.988006e-01 1.330902e-03 -4.894424e-02 -3.836550e+00 -1.234482e-03 9.999972e-01 2.000123e-03 -2.475863e+00 4.894686e-02 -1.937307e-03 9.987994e-01 1.041792e+02
9.988864e-01 -1.230517e-03 4.716340e-02 -3.901471e+00 1.321906e-03 9.999973e-01 -1.906528e-03 -2.495198e+00 -4.716084e-02 1.966747e-03 9.988853e-01 1.050252e+02
9.987840e-01 1.353335e-03 -4.928108e-02 -3.932734e+00 -1.256158e-03 9.999972e-01 2.002765e-03 -2.508208e+00 4.928374e-02 -1.938428e-03 9.987829e-01 1.055374e+02
9.987960e-01 -1.282385e-03 4.904027e-02 -3.952061e+00 1.380295e-03 9.999971e-01 -1.962670e-03 -2.524617e+00 -4.903752e-02 2.027994e-03 9.987948e-01 1.061932e+02
9.988222e-01 1.320977e-03 -4.850076e-02 -3.994969e+00 -1.226934e-03 9.999973e-01 1.968671e-03 -2.541598e+00 4.850332e-02 -1.906849e-03 9.988211e-01 1.069116e+02
9.987403e-01 -1.283731e-03 5.016053e-02 -4.035700e+00 1.385909e-03 9.999970e-01 -2.002255e-03 -2.556023e+00 -5.015772e-02 2.069247e-03 9.987391e-01 1.075148e+02
9.987725e-01 1.321067e-03 -4.951421e-02 -4.095755e+00 -1.222305e-03 9.999972e-01 2.024792e-03 -2.577394e+00 4.951683e-02 -1.961788e-03 9.987713e-01 1.084497e+02
9.987549e-01 -1.277606e-03 4.986993e-02 -4.149665e+00 1.378837e-03 9.999971e-01 -1.995497e-03 -2.598317e+00 -4.986714e-02 2.061771e-03 9.987537e-01 1.093542e+02
9.987766e-01 1.323087e-03 -4.943223e-02 -4.153357e+00 -1.223121e-03 9.999971e-01 2.052433e-03 -2.621687e+00 4.943490e-02 -1.989464e-03 9.987753e-01 1.102777e+02
9.987012e-01 -1.294495e-03 5.093340e-02 -4.165665e+00 1.400397e-03 9.999969e-01 -2.043552e-03 -2.644117e+00 -5.093051e-02 2.112221e-03 9.986999e-01 1.111770e+02
9.989650e-01 1.231476e-03 -4.546852e-02 -4.155092e+00 -1.146991e-03 9.999976e-01 1.884094e-03 -2.660679e+00 4.547082e-02 -1.829995e-03 9.989639e-01 1.118003e+02
9.985531e-01 -1.339114e-03 5.375825e-02 -4.134696e+00 1.455936e-03 9.999967e-01 -2.133944e-03 -2.677666e+00 -5.375513e-02 2.209121e-03 9.985516e-01 1.124295e+02
9.988362e-01 1.323630e-03 -4.821254e-02 -3.936121e+00 -1.228058e-03 9.999972e-01 2.011835e-03 -2.700767e+00 4.821516e-02 -1.950289e-03 9.988350e-01 1.130417e+02
9.985546e-01 -1.312398e-03 5.373009e-02 -3.541544e+00 1.427985e-03 9.999967e-01 -2.112891e-03 -2.724478e+00 -5.372706e-02 2.186559e-03 9.985532e-01 1.133906e+02
9.987111e-01 1.386103e-03 -5.073653e-02 -3.158586e+00 -1.281050e-03 9.999970e-01 2.102986e-03 -2.748767e+00 5.073938e-02 -2.035283e-03 9.987098e-01 1.137746e+02
9.984377e-01 -1.375994e-03 5.585923e-02 -3.030673e+00 1.502040e-03 9.999964e-01 -2.214534e-03 -2.769480e+00 -5.585589e-02 2.294974e-03 9.984361e-01 1.143901e+02
9.987378e-01 1.373215e-03 -5.020910e-02 -2.767486e+00 -1.269403e-03 9.999970e-01 2.099357e-03 -2.792139e+00 5.021192e-02 -2.032976e-03 9.987364e-01 1.148885e+02
9.985165e-01 -1.346076e-03 5.443341e-02 -2.612260e+00 1.467356e-03 9.999965e-01 -2.188093e-03 -2.811061e+00 -5.443019e-02 2.264717e-03 9.985149e-01 1.153941e+02
9.988273e-01 1.283443e-03 -4.839707e-02 -2.630233e+00 -1.187116e-03 9.999973e-01 2.018987e-03 -2.829910e+00 4.839962e-02 -1.959170e-03 9.988261e-01 1.161620e+02
9.986002e-01 -1.301938e-03 5.287709e-02 -2.618065e+00 1.416708e-03 9.999967e-01 -2.133044e-03 -2.848240e+00 -5.287405e-02 2.204966e-03 9.985987e-01 1.168547e+02
9.987241e-01 1.344910e-03 -5.048012e-02 -2.583410e+00 -1.240192e-03 9.999970e-01 2.105654e-03 -2.867875e+00 5.048290e-02 -2.040366e-03 9.987228e-01 1.175607e+02
9.986713e-01 -1.316257e-03 5.151591e-02 -2.640249e+00 1.425349e-03 9.999968e-01 -2.080895e-03 -2.892003e+00 -5.151291e-02 2.151555e-03 9.986699e-01 1.186066e+02
9.990251e-01 1.214034e-03 -4.412838e-02 -2.634207e+00 -1.132041e-03 9.999976e-01 1.882958e-03 -2.918180e+00 4.413065e-02 -1.831171e-03 9.990240e-01 1.196371e+02
9.988696e-01 -1.218350e-03 4.751787e-02 -2.580487e+00 1.311359e-03 9.999973e-01 -1.926168e-03 -2.943816e+00 -4.751530e-02 1.986300e-03 9.988685e-01 1.205689e+02
9.989001e-01 1.236824e-03 -4.687188e-02 -2.690748e+00 -1.147801e-03 9.999975e-01 1.926099e-03 -2.962697e+00 4.687423e-02 -1.870184e-03 9.988990e-01 1.214751e+02
9.984489e-01 -1.374927e-03 5.565750e-02 -2.728967e+00 1.499051e-03 9.999965e-01 -2.188405e-03 -2.984244e+00 -5.565421e-02 2.268440e-03 9.984475e-01 1.223926e+02
9.991876e-01 1.106432e-03 -4.028407e-02 -2.676904e+00 -1.038235e-03 9.999980e-01 1.713716e-03 -3.006941e+00 4.028598e-02 -1.670504e-03 9.991867e-01 1.232101e+02
9.987664e-01 -1.265423e-03 4.963981e-02 -2.682925e+00 1.366615e-03 9.999971e-01 -2.004591e-03 -3.026960e+00 -4.963703e-02 2.069953e-03 9.987651e-01 1.240080e+02
9.988703e-01 1.264059e-03 -4.750154e-02 -2.729046e+00 -1.171887e-03 9.999974e-01 1.968137e-03 -3.047878e+00 4.750399e-02 -1.910251e-03 9.988692e-01 1.249001e+02
9.982990e-01 -1.424095e-03 5.828375e-02 -2.702114e+00 1.560107e-03 9.999962e-01 -2.288139e-03 -3.066824e+00 -5.828018e-02 2.375172e-03 9.982974e-01 1.255988e+02
9.991749e-01 1.118518e-03 -4.059815e-02 -2.630350e+00 -1.048749e-03 9.999979e-01 1.739714e-03 -3.088755e+00 4.060010e-02 -1.695705e-03 9.991740e-01 1.263610e+02
9.987973e-01 -1.256146e-03 4.901260e-02 -2.649843e+00 1.355524e-03 9.999971e-01 -1.994361e-03 -3.111778e+00 -4.900986e-02 2.058397e-03 9.987961e-01 1.273066e+02
9.992257e-01 1.100230e-03 -3.932875e-02 -2.592086e+00 -1.033497e-03 9.999980e-01 1.717030e-03 -3.136976e+00 3.933066e-02 -1.675058e-03 9.992248e-01 1.282124e+02
9.988011e-01 -1.265230e-03 4.893574e-02 -2.590568e+00 1.365055e-03 9.999971e-01 -2.006494e-03 -3.160605e+00 -4.893296e-02 2.070884e-03 9.987999e-01 1.291525e+02
9.990459e-01 1.190708e-03 -4.365631e-02 -2.631012e+00 -1.110139e-03 9.999976e-01 1.869658e-03 -3.185213e+00 4.365853e-02 -1.819413e-03 9.990448e-01 1.301941e+02
9.988481e-01 -1.253400e-03 4.796744e-02 -2.661767e+00 1.348923e-03 9.999972e-01 -1.959032e-03 -3.211581e+00 -4.796475e-02 2.021475e-03 9.988469e-01 1.312914e+02
9.992318e-01 1.107087e-03 -3.917360e-02 -2.658962e+00 -1.041071e-03 9.999980e-01 1.705495e-03 -3.237193e+00 3.917551e-02 -1.663406e-03 9.992309e-01 1.323088e+02
9.993207e-01 -9.888859e-04 3.683964e-02 -2.439954e+00 1.047508e-03 9.999982e-01 -1.571939e-03 -3.260070e+00 -3.683792e-02 1.609457e-03 9.993199e-01 1.328592e+02
9.990025e-01 1.266448e-03 -4.463565e-02 -2.262700e+00 -1.182643e-03 9.999975e-01 1.903829e-03 -3.281533e+00 4.463804e-02 -1.849146e-03 9.990015e-01 1.334273e+02
9.989711e-01 -1.231196e-03 4.533490e-02 -2.249245e+00 1.317273e-03 9.999974e-01 -1.868814e-03 -3.303927e+00 -4.533238e-02 1.926605e-03 9.989700e-01 1.342805e+02
9.984219e-01 1.614948e-03 -5.613429e-02 -2.211993e+00 -1.485191e-03 9.999961e-01 2.353125e-03 -3.320931e+00 5.613796e-02 -2.266046e-03 9.984204e-01 1.348492e+02
9.991247e-01 -1.109005e-03 4.181650e-02 -2.222583e+00 1.183823e-03 9.999977e-01 -1.764408e-03 -3.334218e+00 -4.181435e-02 1.812363e-03 9.991237e-01 1.353583e+02
9.992220e-01 1.085054e-03 -3.942365e-02 -2.250949e+00 -1.018471e-03 9.999980e-01 1.708872e-03 -3.354484e+00 3.942552e-02 -1.667395e-03 9.992211e-01 1.361938e+02
9.990881e-01 -1.141481e-03 4.268072e-02 -2.301532e+00 1.219750e-03 9.999976e-01 -1.807770e-03 -3.374420e+00 -4.267846e-02 1.858177e-03 9.990871e-01 1.370551e+02
9.992127e-01 1.097977e-03 -3.965747e-02 -2.344181e+00 -1.030479e-03 9.999980e-01 1.722344e-03 -3.394657e+00 3.965938e-02 -1.680125e-03 9.992118e-01 1.379132e+02
9.991710e-01 -1.099142e-03 4.069423e-02 -2.420913e+00 1.171436e-03 9.999978e-01 -1.752628e-03 -3.399595e+00 -4.069212e-02 1.798842e-03 9.991700e-01 1.381853e+02
9.992534e-01 1.109122e-03 -3.861708e-02 -2.337484e+00 -1.044168e-03 9.999980e-01 1.702045e-03 -3.415855e+00 3.861898e-02 -1.660455e-03 9.992526e-01 1.386768e+02
9.992903e-01 -1.019369e-03 3.765431e-02 -2.279132e+00 1.082198e-03 9.999981e-01 -1.648135e-03 -3.434020e+00 -3.765246e-02 1.687711e-03 9.992894e-01 1.392757e+02
9.992490e-01 1.099221e-03 -3.873224e-02 -2.246283e+00 -1.034303e-03 9.999980e-01 1.695989e-03 -3.449864e+00 3.873412e-02 -1.654658e-03 9.992481e-01 1.398207e+02
9.991138e-01 -1.115540e-03 4.207435e-02 -2.140578e+00 1.191518e-03 9.999977e-01 -1.780713e-03 -3.467932e+00 -4.207217e-02 1.829264e-03 9.991128e-01 1.403556e+02
9.993088e-01 1.062137e-03 -3.715672e-02 -2.087034e+00 -1.002133e-03 9.999982e-01 1.633396e-03 -3.485595e+00 3.715849e-02 -1.595036e-03 9.993080e-01 1.409534e+02
9.991599e-01 -1.100216e-03 4.096592e-02 -2.055181e+00 1.172370e-03 9.999978e-01 -1.737266e-03 -3.505517e+00 -4.096382e-02 1.783830e-03 9.991590e-01 1.416760e+02
9.991458e-01 1.167490e-03 -4.130773e-02 -1.972895e+00 -1.094429e-03 9.999978e-01 1.791198e-03 -3.525827e+00 4.130983e-02 -1.744463e-03 9.991448e-01 1.423268e+02
9.993071e-01 -1.014789e-03 3.720549e-02 -1.945620e+00 1.075846e-03 9.999981e-01 -1.621019e-03 -3.544178e+00 -3.720368e-02 1.659919e-03 9.993063e-01 1.429765e+02
9.993083e-01 1.021891e-03 -3.717167e-02 -2.004604e+00 -9.614184e-04 9.999982e-01 1.644612e-03 -3.566930e+00 3.717338e-02 -1.607741e-03 9.993075e-01 1.439634e+02
9.993326e-01 -9.868805e-04 3.651333e-02 -2.024043e+00 1.045476e-03 9.999982e-01 -1.585640e-03 -3.590436e+00 -3.651160e-02 1.622751e-03 9.993318e-01 1.449152e+02
9.994061e-01 9.490178e-04 -3.444537e-02 -2.055973e+00 -8.963769e-04 9.999984e-01 1.543564e-03 -3.613794e+00 3.444688e-02 -1.511775e-03 9.994053e-01 1.458852e+02
9.995300e-01 -8.421222e-04 3.064396e-02 -2.143380e+00 8.862912e-04 9.999986e-01 -1.427715e-03 -3.632293e+00 -3.064262e-02 1.454200e-03 9.995293e-01 1.467268e+02
9.994781e-01 8.932653e-04 -3.229011e-02 -2.390332e+00 -8.470540e-04 9.999986e-01 1.444684e-03 -3.638293e+00 3.229145e-02 -1.416583e-03 9.994774e-01 1.472639e+02
9.994382e-01 -9.307005e-04 3.350187e-02 -2.487447e+00 9.812308e-04 9.999984e-01 -1.491788e-03 -3.660136e+00 -3.350033e-02 1.523819e-03 9.994375e-01 1.482815e+02
9.994892e-01 8.740866e-04 -3.194507e-02 -2.601878e+00 -8.281880e-04 9.999986e-01 1.449904e-03 -3.686838e+00 3.194639e-02 -1.422711e-03 9.994885e-01 1.495346e+02
9.993869e-01 -9.611210e-04 3.499850e-02 -2.696658e+00 1.016480e-03 9.999983e-01 -1.563919e-03 -3.709469e+00 -3.499684e-02 1.598531e-03 9.993861e-01 1.505853e+02
9.994646e-01 9.110797e-04 -3.270357e-02 -2.755774e+00 -8.625520e-04 9.999985e-01 1.497847e-03 -3.731997e+00 3.270498e-02 -1.468840e-03 9.994639e-01 1.515697e+02
9.994509e-01 -9.269694e-04 3.312189e-02 -2.915322e+00 9.781279e-04 9.999984e-01 -1.528295e-03 -3.748538e+00 -3.312032e-02 1.559849e-03 9.994501e-01 1.524467e+02
9.994708e-01 8.996033e-04 -3.251374e-02 -3.288223e+00 -8.522981e-04 9.999986e-01 1.468663e-03 -3.752470e+00 3.251511e-02 -1.440179e-03 9.994701e-01 1.530848e+02
9.994503e-01 -9.296846e-04 3.313836e-02 -3.394005e+00 9.792052e-04 9.999984e-01 -1.478073e-03 -3.778197e+00 -3.313683e-02 1.509706e-03 9.994496e-01 1.542796e+02
9.994056e-01 9.648757e-04 -3.445851e-02 -3.464586e+00 -9.120328e-04 9.999984e-01 1.549114e-03 -3.802646e+00 3.446005e-02 -1.516770e-03 9.994049e-01 1.553520e+02
9.994344e-01 -9.433616e-04 3.361523e-02 -3.571000e+00 9.952454e-04 9.999983e-01 -1.526674e-03 -3.824284e+00 -3.361364e-02 1.559262e-03 9.994336e-01 1.563692e+02
9.993866e-01 9.801646e-04 -3.500440e-02 -3.949491e+00 -9.268571e-04 9.999984e-01 1.538983e-03 -3.829092e+00 3.500595e-02 -1.505599e-03 9.993859e-01 1.570420e+02
9.997309e-01 -6.266413e-04 2.318981e-02 -4.281499e+00 6.531559e-04 9.999991e-01 -1.135692e-03 -3.829617e+00 -2.318899e-02 1.150529e-03 9.997304e-01 1.574617e+02
9.995872e-01 7.730970e-04 -2.871945e-02 -4.473558e+00 -7.360925e-04 9.999989e-01 1.298926e-03 -3.842088e+00 2.872051e-02 -1.277253e-03 9.995866e-01 1.581919e+02
9.997311e-01 -6.129548e-04 2.318094e-02 -4.658796e+00 6.394677e-04 9.999991e-01 -1.136222e-03 -3.851779e+00 -2.318012e-02 1.150736e-03 9.997306e-01 1.587936e+02
9.997172e-01 6.038884e-04 -2.377247e-02 -5.028269e+00 -5.779593e-04 9.999992e-01 1.097447e-03 -3.853305e+00 2.377321e-02 -1.083402e-03 9.997167e-01 1.593140e+02
9.997376e-01 -6.048630e-04 2.289868e-02 -5.238731e+00 6.304117e-04 9.999992e-01 -1.108402e-03 -3.864844e+00 -2.289790e-02 1.122543e-03 9.997371e-01 1.600395e+02
9.995994e-01 7.402856e-04 -2.829095e-02 -5.227816e+00 -7.036089e-04 9.999989e-01 1.306237e-03 -3.885113e+00 2.829198e-02 -1.285812e-03 9.995988e-01 1.607878e+02
9.999037e-01 -3.386082e-04 1.387397e-02 -5.223358e+00 3.490361e-04 9.999997e-01 -7.490023e-04 -3.900990e+00 -1.387362e-02 7.537687e-04 9.999034e-01 1.613687e+02
9.995807e-01 7.783354e-04 -2.894545e-02 -5.193276e+00 -7.409331e-04 9.999989e-01 1.302767e-03 -3.917321e+00 2.894653e-02 -1.280778e-03 9.995801e-01 1.619428e+02
9.996665e-01 -6.915293e-04 2.581217e-02 -5.218105e+00 7.226772e-04 9.999990e-01 -1.197303e-03 -3.936293e+00 -2.581123e-02 1.215554e-03 9.996660e-01 1.627067e+02
9.995872e-01 7.660014e-04 -2.871775e-02 -5.314563e+00 -7.295978e-04 9.999989e-01 1.277989e-03 -3.940642e+00 2.871880e-02 -1.256513e-03 9.995867e-01 1.629606e+02
9.996812e-01 -6.601736e-04 2.524001e-02 -5.485544e+00 6.903922e-04 9.999991e-01 -1.188448e-03 -3.947239e+00 -2.523911e-02 1.205490e-03 9.996806e-01 1.634146e+02
9.996601e-01 6.711147e-04 -2.605979e-02 -5.528515e+00 -6.399307e-04 9.999991e-01 1.204847e-03 -3.965681e+00 2.606067e-02 -1.187765e-03 9.996596e-01 1.641920e+02
9.998000e-01 -5.065733e-04 1.999120e-02 -5.441500e+00 5.264939e-04 9.999994e-01 -9.910880e-04 -3.984244e+00 -1.999060e-02 1.001411e-03 9.997996e-01 1.647634e+02
9.996849e-01 6.368636e-04 -2.509237e-02 -4.993725e+00 -6.061142e-04 9.999991e-01 1.232923e-03 -4.010454e+00 2.509323e-02 -1.217330e-03 9.996843e-01 1.651096e+02
9.998889e-01 -3.722271e-04 1.489642e-02 -4.360471e+00 3.841436e-04 9.999996e-01 -7.969258e-04 -4.036549e+00 -1.489602e-02 8.025557e-04 9.998887e-01 1.651903e+02
9.998183e-01 5.078035e-04 -1.905384e-02 -3.675712e+00 -4.884551e-04 9.999994e-01 1.019959e-03 -4.067473e+00 1.905444e-02 -1.010471e-03 9.998179e-01 1.653892e+02
9.998433e-01 -4.262272e-04 1.769584e-02 -3.018538e+00 4.420972e-04 9.999995e-01 -8.927755e-04 -4.099663e+00 -1.769536e-02 9.004549e-04 9.998429e-01 1.656861e+02
9.998626e-01 4.319707e-04 -1.656901e-02 -2.632167e+00 -4.168710e-04 9.999995e-01 9.146051e-04 -4.129884e+00 1.656949e-02 -9.075762e-04 9.998622e-01 1.663182e+02
9.998249e-01 -4.213768e-04 1.870874e-02 -2.005815e+00 4.380655e-04 9.999995e-01 -8.878010e-04 -4.166326e+00 -1.870826e-02 8.958372e-04 9.998245e-01 1.668531e+02
9.998166e-01 4.707663e-04 -1.914369e-02 -1.453295e+00 -4.522140e-04 9.999994e-01 9.732831e-04 -4.196727e+00 1.914423e-02 -9.644514e-04 9.998162e-01 1.672327e+02
9.998336e-01 -4.596537e-04 1.823282e-02 -1.348329e+00 4.768412e-04 9.999994e-01 -9.381933e-04 -4.217890e+00 -1.823228e-02 9.467275e-04 9.998333e-01 1.678967e+02
9.998124e-01 4.692726e-04 -1.936034e-02 -1.310961e+00 -4.508708e-04 9.999994e-01 9.547077e-04 -4.235014e+00 1.936087e-02 -9.458035e-04 9.998120e-01 1.684899e+02
9.997841e-01 -4.507232e-04 2.077000e-02 -7.170040e-01 4.700818e-04 9.999995e-01 -9.270496e-04 -4.266328e+00 -2.076948e-02 9.366091e-04 9.997838e-01 1.688587e+02
9.998623e-01 4.807720e-04 -1.658511e-02 3.526290e-01 -4.655133e-04 9.999995e-01 9.237092e-04 -4.311051e+00 1.658564e-02 -9.158653e-04 9.998620e-01 1.691004e+02
9.998266e-01 -4.465052e-04 1.861604e-02 1.153950e+00 4.634183e-04 9.999995e-01 -9.040851e-04 -4.346530e+00 -1.861553e-02 9.125514e-04 9.998262e-01 1.693453e+02
9.998509e-01 4.825757e-04 -1.725675e-02 1.880769e+00 -4.668605e-04 9.999995e-01 9.145259e-04 -4.377581e+00 1.725728e-02 -9.063370e-04 9.998506e-01 1.695130e+02
9.998315e-01 -4.230087e-04 1.835166e-02 3.022232e+00 4.381113e-04 9.999996e-01 -8.188074e-04 -4.422993e+00 -1.835122e-02 8.267056e-04 9.998312e-01 1.696898e+02
9.998310e-01 4.997612e-04 -1.837790e-02 4.278890e+00 -4.817983e-04 9.999994e-01 9.816893e-04 -4.473006e+00 1.837847e-02 -9.726728e-04 9.998306e-01 1.698894e+02
9.998456e-01 -4.144320e-04 1.756393e-02 5.748239e+00 4.277133e-04 9.999996e-01 -7.522742e-04 -4.529681e+00 -1.756352e-02 7.596666e-04 9.998454e-01 1.700654e+02
9.998246e-01 5.104883e-04 -1.871991e-02 7.481636e+00 -4.911813e-04 9.999993e-01 1.035805e-03 -4.593340e+00 1.872052e-02 -1.026433e-03 9.998242e-01 1.701704e+02
9.998512e-01 -4.192691e-04 1.724517e-02 9.203147e+00 4.319970e-04 9.999996e-01 -7.341959e-04 -4.657645e+00 -1.724477e-02 7.415326e-04 9.998510e-01 1.703160e+02
9.998125e-01 5.362765e-04 -1.935691e-02 1.107647e+01 -5.153568e-04 9.999993e-01 1.085573e-03 -4.726940e+00 1.935757e-02 -1.075397e-03 9.998120e-01 1.704388e+02
9.998334e-01 -4.245587e-04 1.824659e-02 1.308305e+01 4.381399e-04 9.999996e-01 -7.401897e-04 -4.802146e+00 -1.824618e-02 7.480572e-04 9.998332e-01 1.706152e+02
9.998218e-01 5.507806e-04 -1.886642e-02 1.529124e+01 -5.301263e-04 9.999993e-01 1.099609e-03 -4.884185e+00 1.886710e-02 -1.089415e-03 9.998213e-01 1.707882e+02
9.998295e-01 -4.669367e-04 1.845620e-02 1.698409e+01 4.822060e-04 9.999995e-01 -8.227567e-04 -4.951750e+00 -1.845571e-02 8.315124e-04 9.998293e-01 1.711074e+02
9.998250e-01 5.267182e-04 -1.869927e-02 1.829246e+01 -5.075267e-04 9.999993e-01 1.030921e-03 -5.007114e+00 1.869989e-02 -1.021254e-03 9.998246e-01 1.714650e+02
9.998204e-01 -4.454675e-04 1.894711e-02 1.990239e+01 4.603993e-04 9.999996e-01 -7.835946e-04 -5.072367e+00 -1.894666e-02 7.921734e-04 9.998201e-01 1.717854e+02
9.997823e-01 5.478030e-04 -2.085442e-02 2.136515e+01 -5.253415e-04 9.999993e-01 1.082402e-03 -5.132529e+00 2.085509e-02 -1.071214e-03 9.997819e-01 1.721000e+02
9.998495e-01 -4.197092e-04 1.733975e-02 2.297725e+01 4.319101e-04 9.999997e-01 -6.997587e-04 -5.197140e+00 -1.733936e-02 7.071390e-04 9.998493e-01 1.723716e+02
9.998332e-01 5.244346e-04 -1.825462e-02 2.461153e+01 -5.067120e-04 9.999994e-01 9.753307e-04 -5.260602e+00 1.825521e-02 -9.659217e-04 9.998328e-01 1.725786e+02
9.998593e-01 -4.288343e-04 1.676780e-02 2.609230e+01 4.408029e-04 9.999997e-01 -7.099587e-04 -5.318393e+00 -1.676740e-02 7.172465e-04 9.998591e-01 1.727708e+02
9.997824e-01 5.618940e-04 -2.084959e-02 2.760865e+01 -5.394192e-04 9.999993e-01 1.083442e-03 -5.378476e+00 2.085027e-02 -1.071963e-03 9.997820e-01 1.729911e+02
9.998518e-01 -4.318783e-04 1.720996e-02 2.917656e+01 4.442307e-04 9.999996e-01 -7.138016e-04 -5.440257e+00 -1.720956e-02 7.213374e-04 9.998516e-01 1.732068e+02
9.998414e-01 5.254790e-04 -1.779915e-02 3.069977e+01 -5.085193e-04 9.999994e-01 9.572201e-04 -5.500628e+00 1.779974e-02 -9.480206e-04 9.998411e-01 1.734481e+02
9.998638e-01 -4.411436e-04 1.649541e-02 3.223143e+01 4.523380e-04 9.999997e-01 -6.747797e-04 -5.562120e+00 -1.649502e-02 6.821458e-04 9.998636e-01 1.737256e+02
9.998449e-01 5.434015e-04 -1.759966e-02 3.409106e+01 -5.258455e-04 9.999994e-01 1.002000e-03 -5.633480e+00 1.760028e-02 -9.925937e-04 9.998445e-01 1.739523e+02
9.998293e-01 -4.490863e-04 1.847080e-02 3.604156e+01 4.629157e-04 9.999996e-01 -7.443325e-04 -5.706772e+00 -1.847036e-02 7.527523e-04 9.998291e-01 1.741283e+02
9.998340e-01 5.657570e-04 -1.820966e-02 3.823788e+01 -5.464291e-04 9.999993e-01 1.066238e-03 -5.787461e+00 1.821034e-02 -1.056114e-03 9.998336e-01 1.742630e+02
9.998398e-01 -4.499719e-04 1.789258e-02 4.051291e+01 4.625274e-04 9.999996e-01 -6.974658e-04 -5.871805e+00 -1.789217e-02 7.056264e-04 9.998396e-01 1.744368e+02
9.998267e-01 5.854147e-04 -1.860477e-02 4.292427e+01 -5.650520e-04 9.999992e-01 1.099601e-03 -5.960501e+00 1.860549e-02 -1.088902e-03 9.998262e-01 1.745942e+02
9.998421e-01 -4.634703e-04 1.776501e-02 4.521375e+01 4.762045e-04 9.999996e-01 -7.124684e-04 -6.045921e+00 -1.776458e-02 7.208124e-04 9.998419e-01 1.747935e+02
9.998332e-01 5.949983e-04 -1.825056e-02 4.763503e+01 -5.749343e-04 9.999992e-01 1.104469e-03 -6.135152e+00 1.825129e-02 -1.093796e-03 9.998328e-01 1.749674e+02
9.998516e-01 -4.891135e-04 1.721579e-02 4.965933e+01 5.020550e-04 9.999996e-01 -7.472895e-04 -6.212943e+00 -1.721533e-02 7.558186e-04 9.998514e-01 1.752365e+02
9.998370e-01 5.673757e-04 -1.804308e-02 5.128768e+01 -5.489388e-04 9.999993e-01 1.026641e-03 -6.278487e+00 1.804374e-02 -1.016573e-03 9.998366e-01 1.755654e+02
9.998452e-01 -4.726221e-04 1.758433e-02 5.320770e+01 4.854543e-04 9.999996e-01 -7.253759e-04 -6.351318e+00 -1.758389e-02 7.337968e-04 9.998451e-01 1.757789e+02
9.998266e-01 5.840325e-04 -1.861201e-02 5.523876e+01 -5.644763e-04 9.999993e-01 1.055850e-03 -6.425653e+00 1.861271e-02 -1.045164e-03 9.998262e-01 1.759028e+02
9.998528e-01 -4.769758e-04 1.714628e-02 5.717046e+01 4.895833e-04 9.999996e-01 -7.309846e-04 -6.495987e+00 -1.714583e-02 7.392684e-04 9.998527e-01 1.760018e+02
9.998237e-01 5.686355e-04 -1.876754e-02 5.876599e+01 -5.500446e-04 9.999994e-01 9.956177e-04 -6.553696e+00 1.876819e-02 -9.851223e-04 9.998233e-01 1.760636e+02
9.998545e-01 -4.786456e-04 1.704943e-02 6.033785e+01 4.911347e-04 9.999996e-01 -7.282262e-04 -6.611150e+00 -1.704899e-02 7.364906e-04 9.998543e-01 1.761418e+02
9.998392e-01 5.701543e-04 -1.792209e-02 6.199636e+01 -5.527662e-04 9.999994e-01 9.750297e-04 -6.671117e+00 1.792273e-02 -9.649693e-04 9.998388e-01 1.762036e+02
9.998593e-01 -4.708501e-04 1.676439e-02 6.382753e+01 4.823333e-04 9.999997e-01 -6.808213e-04 -6.737476e+00 -1.676397e-02 6.888085e-04 9.998592e-01 1.762781e+02
9.998399e-01 5.605025e-04 -1.788491e-02 6.545645e+01 -5.438877e-04 9.999994e-01 9.337208e-04 -6.796051e+00 1.788551e-02 -9.238469e-04 9.998395e-01 1.763236e+02
