9.999219e-01 3.640098e-04 -1.249453e-02 5.174315e-02 -3.580944e-04 9.999998e-01 4.756683e-04 -5.600716e-03 1.249470e-02 -4.711564e-04 9.999217e-01 8.111298e-02
9.999582e-01 -2.243274e-04 9.142450e-03 9.685459e-02 2.272256e-04 9.999999e-01 -3.159613e-04 -1.253287e-02 -9.142380e-03 3.180260e-04 9.999581e-01 2.230773e-01
9.999965e-01 -2.449980e-05 2.654702e-03 1.573441e-01 2.495753e-05 1.000000e+00 -1.723798e-04 -1.850898e-02 -2.654698e-03 1.724460e-04 9.999964e-01 3.741434e-01
9.999602e-01 2.148682e-04 -8.914925e-03 2.029027e-01 -2.113969e-04 9.999999e-01 3.903167e-04 -2.507582e-02 8.915007e-03 -3.884161e-04 9.999601e-01 5.076793e-01
9.999283e-01 4.164302e-04 -1.196498e-02 2.420442e-01 -4.114879e-04 9.999998e-01 4.155139e-04 -3.008212e-02 1.196515e-02 -4.105601e-04 9.999282e-01 5.962779e-01
9.999980e-01 -1.491802e-04 2.017464e-03 2.921250e-01 1.491942e-04 1.000000e+00 -6.775752e-06 -3.625068e-02 -2.017467e-03 7.077366e-06 9.999979e-01 6.913878e-01
9.999998e-01 1.245400e-04 -5.555911e-04 3.314748e-01 -1.246031e-04 1.000000e+00 -1.136510e-04 -4.274538e-02 5.555731e-04 1.137208e-04 9.999997e-01 8.247152e-01
9.999968e-01 -1.612147e-04 2.531348e-03 3.724793e-01 1.612873e-04 1.000000e+00 -2.847624e-05 -4.957743e-02 -2.531347e-03 2.888503e-05 9.999967e-01 9.786705e-01
9.999135e-01 4.165922e-04 -1.314420e-02 4.026943e-01 -4.114908e-04 9.999998e-01 3.908140e-04 -5.636484e-02 1.314436e-02 -3.853708e-04 9.999134e-01 1.130227e+00
9.999981e-01 -3.763083e-06 -1.970230e-03 4.322863e-01 4.150861e-06 1.000000e+00 1.967946e-04 -6.258976e-02 1.970223e-03 -1.968017e-04 9.999979e-01 1.260288e+00
9.999944e-01 1.319002e-04 -3.347013e-03 4.584162e-01 -1.319400e-04 1.000000e+00 -1.168883e-05 -6.919605e-02 3.347004e-03 1.213108e-05 9.999943e-01 1.386153e+00
9.999983e-01 -1.230710e-04 1.861019e-03 4.744996e-01 1.230768e-04 1.000000e+00 -2.995442e-06 -7.558762e-02 -1.861026e-03 3.225201e-06 9.999982e-01 1.518014e+00
1.000000e+00 8.528420e-05 2.274828e-04 5.072654e-01 -8.525662e-05 1.000000e+00 -1.210862e-04 -8.218693e-02 -2.274999e-04 1.210675e-04 9.999999e-01 1.664381e+00
9.998447e-01 -4.036969e-04 1.761932e-02 5.656118e-01 4.146371e-04 9.999997e-01 -6.172720e-04 -8.746223e-02 -1.761908e-02 6.244824e-04 9.998445e-01 1.811114e+00
9.999883e-01 -1.100733e-04 4.838655e-03 6.327056e-01 1.112030e-04 1.000000e+00 -2.331857e-04 -9.238924e-02 -4.838632e-03 2.337216e-04 9.999882e-01 1.955829e+00
9.999067e-01 -3.140035e-04 1.365457e-02 6.925899e-01 3.205195e-04 9.999998e-01 -4.750117e-04 -9.776697e-02 -1.365442e-02 4.793444e-04 9.999066e-01 2.105553e+00
9.999827e-01 1.954566e-04 -5.883243e-03 7.395966e-01 -1.948054e-04 1.000000e+00 1.112573e-04 -1.040514e-01 5.883264e-03 -1.101089e-04 9.999826e-01 2.255217e+00
9.999506e-01 -2.689109e-04 9.940989e-03 7.716945e-01 2.722280e-04 9.999999e-01 -3.323249e-04 -1.104400e-01 -9.940898e-03 3.350151e-04 9.999504e-01 2.408269e+00
9.999759e-01 2.250887e-04 -6.940665e-03 8.112273e-01 -2.240749e-04 1.000000e+00 1.468390e-04 -1.168522e-01 6.940698e-03 -1.452798e-04 9.999758e-01 2.549085e+00
9.999816e-01 -2.437472e-04 6.054423e-03 8.497723e-01 2.447685e-04 1.000000e+00 -1.679377e-04 -1.239417e-01 -6.054381e-03 1.694170e-04 9.999816e-01 2.705522e+00
9.999876e-01 2.109394e-04 -4.981812e-03 8.805517e-01 -2.106797e-04 1.000000e+00 5.265044e-05 -1.303073e-01 4.981823e-03 -5.159984e-05 9.999875e-01 2.846796e+00
9.999612e-01 -2.689383e-04 8.810314e-03 9.087187e-01 2.713885e-04 9.999999e-01 -2.769105e-04 -1.362363e-01 -8.810238e-03 2.792912e-04 9.999611e-01 2.976273e+00
9.999851e-01 1.987268e-04 -5.460142e-03 9.338706e-01 -1.982709e-04 1.000000e+00 8.403435e-05 -1.424381e-01 5.460160e-03 -8.295017e-05 9.999850e-01 3.124114e+00
9.999712e-01 -2.222262e-04 7.587746e-03 9.860644e-01 2.241200e-04 9.999999e-01 -2.487369e-04 -1.488613e-01 -7.587689e-03 2.504306e-04 9.999711e-01 3.249467e+00
9.999863e-01 1.703788e-04 -5.228102e-03 1.037109e+00 -1.699113e-04 1.000000e+00 8.985955e-05 -1.553530e-01 5.228119e-03 -8.896969e-05 9.999862e-01 3.380457e+00
9.999676e-01 -1.787891e-04 8.046836e-03 1.096574e+00 1.812102e-04 9.999999e-01 -3.001467e-04 -1.615906e-01 -8.046779e-03 3.015954e-04 9.999675e-01 3.491387e+00
9.999916e-01 1.388244e-04 -4.096305e-03 1.189905e+00 -1.385269e-04 1.000000e+00 7.290714e-05 -1.664282e-01 4.096317e-03 -7.233881e-05 9.999915e-01 3.511316e+00
9.999837e-01 -1.847479e-04 5.712330e-03 1.299446e+00 1.860749e-04 1.000000e+00 -2.317746e-04 -1.724513e-01 -5.712284e-03 2.328340e-04 9.999836e-01 3.574755e+00
9.999943e-01 1.215387e-04 -3.374419e-03 1.400384e+00 -1.214309e-04 1.000000e+00 3.215898e-05 -1.795457e-01 3.374426e-03 -3.174881e-05 9.999942e-01 3.704284e+00
9.999836e-01 -1.839280e-04 5.721399e-03 1.472042e+00 1.851850e-04 1.000000e+00 -2.191760e-04 -1.864651e-01 -5.721355e-03 2.202322e-04 9.999835e-01 3.843493e+00
9.999935e-01 1.150843e-04 -3.591532e-03 1.524841e+00 -1.149190e-04 1.000000e+00 4.621584e-05 -1.931249e-01 3.591541e-03 -4.580261e-05 9.999934e-01 3.989099e+00
9.999840e-01 -1.673750e-04 5.648671e-03 1.578407e+00 1.686021e-04 1.000000e+00 -2.167640e-04 -1.997194e-01 -5.648631e-03 2.177131e-04 9.999839e-01 4.128095e+00
9.999917e-01 1.363406e-04 -4.072360e-03 1.633819e+00 -1.360594e-04 1.000000e+00 6.932857e-05 -2.059688e-01 4.072373e-03 -6.877375e-05 9.999916e-01 4.239813e+00
9.999825e-01 -1.713318e-04 5.918696e-03 1.681764e+00 1.726528e-04 1.000000e+00 -2.226739e-04 -2.123384e-01 -5.918654e-03 2.236920e-04 9.999824e-01 4.367441e+00
9.999859e-01 1.368580e-04 -5.304089e-03 1.719510e+00 -1.362080e-04 1.000000e+00 1.229209e-04 -2.188287e-01 5.304109e-03 -1.221966e-04 9.999858e-01 4.505157e+00
9.999865e-01 -1.666754e-04 5.199732e-03 1.745840e+00 1.676857e-04 1.000000e+00 -1.938562e-04 -2.249917e-01 -5.199695e-03 1.947257e-04 9.999864e-01 4.631597e+00
9.999896e-01 1.282620e-04 -4.556692e-03 1.775003e+00 -1.278259e-04 1.000000e+00 9.599688e-05 -2.313051e-01 4.556708e-03 -9.541330e-05 9.999895e-01 4.767639e+00
9.999838e-01 -1.332470e-04 5.698106e-03 1.814669e+00 1.345106e-04 1.000000e+00 -2.213785e-04 -2.373847e-01 -5.698072e-03 2.221415e-04 9.999836e-01 4.879243e+00
9.999976e-01 9.081109e-05 -2.207237e-03 1.855444e+00 -9.078473e-05 1.000000e+00 1.203523e-05 -2.436480e-01 2.207242e-03 -1.183473e-05 9.999975e-01 5.010940e+00
9.999337e-01 -2.244858e-04 1.150873e-02 1.914131e+00 2.296401e-04 9.999999e-01 -4.465408e-04 -2.497269e-01 -1.150862e-02 4.491541e-04 9.999336e-01 5.151164e+00
9.999862e-01 1.062917e-04 -5.248971e-03 2.000012e+00 -1.055457e-04 1.000000e+00 1.423944e-04 -2.567468e-01 5.248992e-03 -1.418384e-04 9.999861e-01 5.306818e+00
9.999866e-01 -6.091797e-05 5.174142e-03 2.072907e+00 6.205768e-05 1.000000e+00 -2.201062e-04 -2.635535e-01 -5.174123e-03 2.204244e-04 9.999865e-01 5.417394e+00
9.999675e-01 1.243633e-04 -8.062331e-03 2.135371e+00 -1.220353e-04 1.000000e+00 2.892455e-04 -2.705088e-01 8.062373e-03 -2.882522e-04 9.999674e-01 5.536268e+00
9.999808e-01 -6.111594e-05 6.204435e-03 2.231021e+00 6.297904e-05 1.000000e+00 -3.000874e-04 -2.760295e-01 -6.204411e-03 3.004724e-04 9.999806e-01 5.567524e+00
9.999506e-01 2.050326e-04 -9.939075e-03 2.333332e+00 -2.011210e-04 9.999999e-01 3.945627e-04 -2.804903e-01 9.939161e-03 -3.925442e-04 9.999504e-01 5.544484e+00
9.999635e-01 -1.460571e-04 8.542776e-03 2.430792e+00 1.496799e-04 9.999999e-01 -4.234409e-04 -2.847648e-01 -8.542708e-03 4.247042e-04 9.999633e-01 5.518936e+00
9.998935e-01 3.561291e-04 -1.459118e-02 2.522893e+00 -3.469733e-04 9.999997e-01 6.300162e-04 -2.899795e-01 1.459141e-02 -6.248863e-04 9.998932e-01 5.538848e+00
9.999841e-01 -9.228862e-05 5.640079e-03 2.599501e+00 9.378342e-05 1.000000e+00 -2.647637e-04 -2.955402e-01 -5.640050e-03 2.652885e-04 9.999840e-01 5.590541e+00
9.998768e-01 3.877347e-04 -1.569182e-02 2.649758e+00 -3.779764e-04 9.999997e-01 6.248328e-04 -3.013232e-01 1.569207e-02 -6.188246e-04 9.998766e-01 5.674846e+00
9.999969e-01 1.845232e-04 -2.483860e-03 2.696411e+00 -1.844935e-04 1.000000e+00 1.218782e-05 -3.055338e-01 2.483863e-03 -1.172935e-05 9.999968e-01 5.716015e+00
9.992742e-01 1.100174e-03 -3.807781e-02 2.746028e+00 -1.045006e-03 9.999984e-01 1.468706e-03 -3.067597e-01 3.807936e-02 -1.427848e-03 9.992736e-01 5.692033e+00
9.999091e-01 4.950488e-04 -1.347648e-02 2.786779e+00 -4.878837e-04 9.999997e-01 5.349561e-04 -3.076442e-01 1.347674e-02 -5.283320e-04 9.999089e-01 5.675391e+00
9.991969e-01 1.145131e-03 -4.005196e-02 2.829442e+00 -1.084934e-03 9.999982e-01 1.524676e-03 -3.086092e-01 4.005362e-02 -1.479997e-03 9.991963e-01 5.676491e+00
9.995931e-01 8.543111e-04 -2.850972e-02 2.895571e+00 -8.178929e-04 9.999988e-01 1.289032e-03 -3.102667e-01 2.851077e-02 -1.265189e-03 9.995926e-01 5.732612e+00
9.987233e-01 1.464231e-03 -5.049365e-02 2.952494e+00 -1.366814e-03 9.999971e-01 1.963771e-03 -3.115117e-01 5.049636e-02 -1.892247e-03 9.987224e-01 5.811486e+00
9.994347e-01 1.107449e-03 -3.360190e-02 3.003109e+00 -1.063202e-03 9.999985e-01 1.334620e-03 -3.095419e-01 3.360329e-02 -1.298139e-03 9.994343e-01 5.770474e+00
9.986029e-01 1.618838e-03 -5.281709e-02 3.041660e+00 -1.516835e-03 9.999969e-01 1.971273e-03 -3.056442e-01 5.282007e-02 -1.888403e-03 9.986022e-01 5.647257e+00
9.993702e-01 1.170695e-03 -3.546527e-02 3.094173e+00 -1.122575e-03 9.999984e-01 1.376677e-03 -3.002616e-01 3.546678e-02 -1.335995e-03 9.993699e-01 5.456738e+00
9.979041e-01 1.899442e-03 -6.468224e-02 3.149926e+00 -1.733435e-03 9.999951e-01 2.622522e-03 -2.969385e-01 6.468684e-02 -2.504901e-03 9.979024e-01 5.381683e+00
9.993349e-01 1.088793e-03 -3.644820e-02 3.204089e+00 -1.031815e-03 9.999982e-01 1.581991e-03 -2.963953e-01 3.644979e-02 -1.543329e-03 9.993342e-01 5.437180e+00
9.983819e-01 1.707863e-03 -5.683954e-02 3.250462e+00 -1.584141e-03 9.999963e-01 2.221665e-03 -2.953895e-01 5.684304e-02 -2.128025e-03 9.983808e-01 5.457996e+00
9.997392e-01 7.561428e-04 -2.282287e-02 3.292042e+00 -7.356080e-04 9.999993e-01 9.080720e-04 -2.935031e-01 2.282346e-02 -8.910438e-04 9.997390e-01 5.403275e+00
9.987854e-01 1.536441e-03 -4.924761e-02 3.333482e+00 -1.447771e-03 9.999973e-01 1.836069e-03 -2.911297e-01 4.925021e-02 -1.762537e-03 9.987848e-01 5.305962e+00
9.997713e-01 7.082629e-04 -2.137498e-02 3.375566e+00 -6.900911e-04 9.999994e-01 8.574334e-04 -2.888437e-01 2.137549e-02 -8.424838e-04 9.997711e-01 5.206296e+00
9.996386e-01 8.238912e-04 -2.687019e-02 3.417490e+00 -7.965649e-04 9.999992e-01 1.027600e-03 -2.890924e-01 2.687092e-02 -1.005822e-03 9.996383e-01 5.145052e+00
9.997492e-01 7.103028e-04 -2.238070e-02 3.458134e+00 -6.930965e-04 9.999995e-01 7.764653e-04 -2.900918e-01 2.238115e-02 -7.607558e-04 9.997492e-01 5.149574e+00
9.994097e-01 1.054021e-03 -3.433867e-02 3.489777e+00 -1.006368e-03 9.999985e-01 1.404950e-03 -2.908205e-01 3.434000e-02 -1.369561e-03 9.994092e-01 5.155615e+00
9.998303e-01 6.041748e-04 -1.840857e-02 3.526368e+00 -5.930714e-04 9.999996e-01 6.085044e-04 -2.915882e-01 1.840884e-02 -5.974807e-04 9.998303e-01 5.149340e+00
9.994865e-01 9.804545e-04 -3.202804e-02 3.562297e+00 -9.387140e-04 9.999987e-01 1.318192e-03 -2.925643e-01 3.202919e-02 -1.287447e-03 9.994860e-01 5.143731e+00
9.999317e-01 3.753260e-04 -1.168134e-02 3.593543e+00 -3.715157e-04 9.999999e-01 3.281531e-04 -2.948412e-01 1.168137e-02 -3.237880e-04 9.999317e-01 5.188215e+00
9.997331e-01 7.307206e-04 -2.308987e-02 3.630369e+00 -7.077491e-04 9.999992e-01 1.002927e-03 -2.975437e-01 2.309049e-02 -9.863148e-04 9.997328e-01 5.210973e+00
9.999597e-01 2.712437e-04 -8.973832e-03 3.665484e+00 -2.697391e-04 9.999999e-01 1.685953e-04 -3.009140e-01 8.973778e-03 -1.661650e-04 9.999597e-01 5.272733e+00
9.995614e-01 9.107266e-04 -2.960046e-02 3.691770e+00 -8.730237e-04 9.999988e-01 1.286544e-03 -3.040235e-01 2.960150e-02 -1.260135e-03 9.995609e-01 5.341720e+00
9.998769e-01 -3.794298e-04 1.568107e-02 3.717377e+00 3.896944e-04 9.999997e-01 -6.513693e-04 -3.092109e-01 -1.568092e-02 6.574027e-04 9.998768e-01 5.414316e+00
9.999561e-01 -1.783900e-04 9.360003e-03 3.763507e+00 1.806834e-04 1.000000e+00 -2.439040e-04 -3.126839e-01 -9.360059e-03 2.455873e-04 9.999561e-01 5.508649e+00
9.998604e-01 -4.308506e-04 1.670316e-02 3.807281e+00 4.421391e-04 9.999997e-01 -6.719902e-04 -3.160662e-01 -1.670296e-02 6.792844e-04 9.998602e-01 5.601328e+00
9.999757e-01 -1.142282e-04 6.961788e-03 3.852804e+00 1.154701e-04 1.000000e+00 -1.776382e-04 -3.198386e-01 -6.961866e-03 1.784406e-04 9.999757e-01 5.701103e+00
9.997699e-01 -5.293262e-04 2.144383e-02 3.896622e+00 5.473410e-04 9.999995e-01 -8.341208e-04 -3.229592e-01 -2.144348e-02 8.456688e-04 9.997696e-01 5.795497e+00
9.999652e-01 -1.704447e-04 8.332350e-03 3.940715e+00 1.721645e-04 1.000000e+00 -2.053963e-04 -3.259611e-01 -8.332413e-03 2.068265e-04 9.999652e-01 5.886635e+00
9.998935e-01 -3.745998e-04 1.458655e-02 3.985929e+00 3.834558e-04 9.999997e-01 -6.041861e-04 -3.297424e-01 -1.458642e-02 6.097180e-04 9.998934e-01 5.975974e+00
9.999952e-01 -1.576493e-05 3.074659e-03 4.029940e+00 1.590437e-05 1.000000e+00 -4.461172e-05 -3.340136e-01 -3.074755e-03 4.466324e-05 9.999952e-01 6.066632e+00
9.999074e-01 -3.462711e-04 1.360380e-02 4.074058e+00 3.542218e-04 9.999998e-01 -5.818796e-04 -3.385319e-01 -1.360369e-02 5.866473e-04 9.999072e-01 6.166827e+00
9.999999e-01 5.491562e-05 1.877073e-04 4.115222e+00 -5.492444e-05 1.000000e+00 5.829873e-05 -3.432644e-01 -1.877999e-04 -5.830622e-05 9.999999e-01 6.264129e+00
9.998798e-01 -3.647640e-04 1.549844e-02 4.156507e+00 3.748137e-04 9.999997e-01 -6.453907e-04 -3.475745e-01 -1.549830e-02 6.511250e-04 9.998796e-01 6.350900e+00
9.999847e-01 -1.374668e-04 5.532204e-03 4.201971e+00 1.379964e-04 1.000000e+00 -9.498583e-05 -3.515854e-01 -5.532286e-03 9.575061e-05 9.999846e-01 6.444766e+00
9.999461e-01 -2.147921e-04 1.037660e-02 4.247036e+00 2.198172e-04 9.999999e-01 -4.829407e-04 -3.559991e-01 -1.037659e-02 4.851984e-04 9.999460e-01 6.533648e+00
9.999456e-01 2.325720e-04 -1.042518e-02 4.282682e+00 -2.273058e-04 9.999998e-01 5.061345e-04 -3.614996e-01 1.042520e-02 -5.037345e-04 9.999455e-01 6.634272e+00
9.999729e-01 2.919746e-04 -7.354169e-03 4.318656e+00 -2.908536e-04 9.999999e-01 1.532244e-04 -3.669946e-01 7.354119e-03 -1.510784e-04 9.999729e-01 6.742730e+00
9.999037e-01 3.409006e-04 -1.386906e-02 4.351804e+00 -3.316771e-04 9.999997e-01 6.671867e-04 -3.720160e-01 1.386919e-02 -6.625196e-04 9.999035e-01 6.833780e+00
9.999804e-01 2.488328e-04 -6.254223e-03 4.382211e+00 -2.483933e-04 1.000000e+00 7.070217e-05 -3.774005e-01 6.254145e-03 -6.914447e-05 9.999804e-01 6.948230e+00
9.998566e-01 4.465846e-04 -1.692512e-02 4.413985e+00 -4.329823e-04 9.999996e-01 8.072052e-04 -3.822764e-01 1.692538e-02 -7.997584e-04 9.998564e-01 7.044091e+00
9.999999e-01 1.064463e-04 -1.764966e-04 4.479602e+00 -1.064633e-04 1.000000e+00 -1.087304e-04 -3.874180e-01 1.763880e-04 1.087520e-04 9.999999e-01 7.107504e+00
9.999021e-01 3.408564e-04 -1.398462e-02 4.541514e+00 -3.316812e-04 9.999997e-01 6.582504e-04 -3.927014e-01 1.398474e-02 -6.535447e-04 9.999019e-01 7.175693e+00
9.999999e-01 9.591438e-05 -1.150757e-04 4.569644e+00 -9.592969e-05 1.000000e+00 -1.527979e-04 -3.972842e-01 1.149634e-04 1.528117e-04 9.999999e-01 7.221661e+00
9.998300e-01 4.447553e-04 -1.842841e-02 4.597840e+00 -4.293681e-04 9.999996e-01 8.387994e-04 -4.023987e-01 1.842868e-02 -8.307415e-04 9.998298e-01 7.311224e+00
9.999889e-01 -6.920474e-05 4.711140e-03 4.614874e+00 7.084085e-05 9.999999e-01 -3.466179e-04 -4.078797e-01 -4.711214e-03 3.469506e-04 9.999888e-01 7.404543e+00
9.998173e-01 4.579288e-04 -1.910949e-02 4.630090e+00 -4.417146e-04 9.999995e-01 8.525829e-04 -4.133588e-01 1.910978e-02 -8.439834e-04 9.998170e-01 7.501381e+00
9.999706e-01 -2.257277e-04 7.662896e-03 4.640032e+00 2.292360e-04 9.999999e-01 -4.566405e-04 -4.200389e-01 -7.662890e-03 4.583865e-04 9.999705e-01 7.650988e+00
9.998906e-01 3.169505e-04 -1.478330e-02 4.643633e+00 -3.069667e-04 9.999997e-01 6.774487e-04 -4.270082e-01 1.478341e-02 -6.728339e-04 9.998904e-01 7.804585e+00
9.999718e-01 -2.178568e-04 7.505775e-03 4.651224e+00 2.212442e-04 9.999999e-01 -4.501404e-04 -4.342436e-01 -7.505775e-03 4.517911e-04 9.999717e-01 7.974537e+00
9.999307e-01 2.556823e-04 -1.176633e-02 4.649937e+00 -2.491716e-04 9.999998e-01 5.545927e-04 -4.408784e-01 1.176637e-02 -5.516197e-04 9.999306e-01 8.123537e+00
9.999647e-01 -2.366210e-04 8.397508e-03 4.648905e+00 2.408355e-04 9.999998e-01 -5.005654e-04 -4.473785e-01 -8.397487e-03 5.025729e-04 9.999646e-01 8.271387e+00
9.998960e-01 3.047268e-04 -1.441745e-02 4.650476e+00 -2.949931e-04 9.999997e-01 6.770850e-04 -4.541594e-01 1.441756e-02 -6.727588e-04 9.998958e-01 8.421211e+00
9.999318e-01 -2.681956e-04 1.167607e-02 4.647671e+00 2.758655e-04 9.999997e-01 -6.550706e-04 -4.600966e-01 -1.167599e-02 6.582498e-04 9.999316e-01 8.541213e+00
9.998502e-01 3.814353e-04 -1.730109e-02 4.643278e+00 -3.678737e-04 9.999996e-01 7.868940e-04 -4.654190e-01 1.730129e-02 -7.804088e-04 9.998500e-01 8.627937e+00
9.998503e-01 -3.408812e-04 1.729823e-02 4.651662e+00 3.557910e-04 9.999996e-01 -8.587105e-04 -4.711803e-01 -1.729803e-02 8.647392e-04 9.998499e-01 8.737155e+00
9.999421e-01 2.282101e-04 -1.075095e-02 4.680030e+00 -2.221727e-04 9.999998e-01 5.625402e-04 -4.770840e-01 1.075098e-02 -5.601163e-04 9.999420e-01 8.875001e+00
9.998375e-01 -3.391101e-04 1.801921e-02 4.706257e+00 3.552542e-04 9.999995e-01 -8.926018e-04 -4.826109e-01 -1.801900e-02 8.988610e-04 9.998372e-01 9.002015e+00
9.999984e-01 2.145361e-05 -1.767473e-03 4.750386e+00 -2.099548e-05 1.000000e+00 2.578767e-04 -4.872821e-01 1.767379e-03 -2.578365e-04 9.999983e-01 9.112103e+00
9.997904e-01 -4.493883e-04 2.046456e-02 4.798118e+00 4.687206e-04 9.999994e-01 -9.397671e-04 -4.919384e-01 -2.046422e-02 9.491651e-04 9.997901e-01 9.227033e+00
9.999715e-01 2.000462e-04 -7.538450e-03 4.838737e+00 -1.968201e-04 9.999999e-01 4.283804e-04 -4.971427e-01 7.538436e-03 -4.268817e-04 9.999714e-01 9.347696e+00
9.998492e-01 -3.781117e-04 1.735747e-02 4.876144e+00 3.929689e-04 9.999996e-01 -8.524186e-04 -5.029652e-01 -1.735724e-02 8.591138e-04 9.998489e-01 9.492870e+00
1.000000e+00 3.170039e-05 -2.567412e-05 4.924793e+00 -3.169378e-05 1.000000e+00 1.703072e-04 -5.078527e-01 2.558175e-05 -1.703037e-04 9.999999e-01 9.619250e+00
9.998002e-01 -4.804226e-04 1.998214e-02 4.973955e+00 4.987018e-04 9.999995e-01 -9.096946e-04 -5.123816e-01 -1.998179e-02 9.194807e-04 9.997999e-01 9.736812e+00
9.999954e-01 1.335783e-04 -3.029634e-03 5.018969e+00 -1.327785e-04 1.000000e+00 2.634990e-04 -5.170763e-01 3.029573e-03 -2.630928e-04 9.999953e-01 9.848716e+00
9.998355e-01 -4.295268e-04 1.813121e-02 5.062875e+00 4.451267e-04 9.999995e-01 -8.562469e-04 -5.220329e-01 -1.813093e-02 8.641795e-04 9.998352e-01 9.966358e+00
9.999909e-01 1.542524e-04 -4.261012e-03 5.107541e+00 -1.529707e-04 9.999999e-01 3.006443e-04 -5.273449e-01 4.260962e-03 -2.999870e-04 9.999908e-01 1.009688e+01
9.997788e-01 -5.287570e-04 2.102148e-02 5.157408e+00 5.484925e-04 9.999994e-01 -9.329720e-04 -5.324677e-01 -2.102107e-02 9.442985e-04 9.997785e-01 1.022847e+01
9.999933e-01 1.414187e-04 -3.642019e-03 5.207488e+00 -1.404299e-04 1.000000e+00 2.711927e-04 -5.376695e-01 3.641962e-03 -2.706768e-04 9.999933e-01 1.036904e+01
9.996972e-01 -6.039098e-04 2.459816e-02 5.261954e+00 6.302976e-04 9.999992e-01 -1.064930e-03 -5.423724e-01 -2.459759e-02 1.080114e-03 9.996968e-01 1.050286e+01
9.999974e-01 -2.647393e-06 2.273195e-03 5.315729e+00 2.447414e-06 1.000000e+00 8.880632e-05 -5.460995e-01 -2.273289e-03 -8.879784e-05 9.999973e-01 1.061662e+01
9.998980e-01 -3.774945e-04 1.427376e-02 5.368158e+00 3.877780e-04 9.999997e-01 -7.175546e-04 -5.514459e-01 -1.427358e-02 7.230191e-04 9.998978e-01 1.075664e+01
9.999999e-01 1.020489e-04 -4.633018e-04 5.417402e+00 -1.019758e-04 1.000000e+00 1.540275e-04 -5.570001e-01 4.632250e-04 -1.539775e-04 9.999998e-01 1.089824e+01
9.999719e-01 -2.225114e-04 7.484702e-03 5.466024e+00 2.262173e-04 9.999999e-01 -4.940492e-04 -5.640373e-01 -7.484684e-03 4.957312e-04 9.999718e-01 1.108208e+01
9.999860e-01 -1.622975e-05 5.283843e-03 5.517822e+00 1.652329e-05 1.000000e+00 -5.517488e-05 -5.700026e-01 -5.283934e-03 5.526406e-05 9.999860e-01 1.124356e+01
9.998357e-01 -5.285074e-04 1.811875e-02 5.575526e+00 5.432390e-04 9.999995e-01 -8.080479e-04 -5.745276e-01 -1.811840e-02 8.177606e-04 9.998354e-01 1.137749e+01
9.999989e-01 9.884730e-05 1.460958e-03 5.633032e+00 -9.893707e-05 1.000000e+00 6.250257e-05 -5.793240e-01 -1.461042e-03 -6.264444e-05 9.999989e-01 1.150747e+01
9.998432e-01 -5.168454e-04 1.769833e-02 5.690069e+00 5.308962e-04 9.999995e-01 -7.891229e-04 -5.839509e-01 -1.769800e-02 7.983977e-04 9.998430e-01 1.162799e+01
1.000000e+00 1.073950e-04 3.828423e-05 5.745541e+00 -1.073982e-04 1.000000e+00 1.246102e-04 -5.890522e-01 -3.835914e-05 -1.246117e-04 9.999999e-01 1.176076e+01
9.999711e-01 -2.536355e-04 7.589439e-03 5.795720e+00 2.572534e-04 9.999999e-01 -4.755284e-04 -5.956605e-01 -7.589406e-03 4.774697e-04 9.999710e-01 1.192768e+01
9.999987e-01 1.165447e-04 1.572721e-03 5.841734e+00 -1.166185e-04 1.000000e+00 4.780141e-05 -6.016935e-01 -1.572803e-03 -4.798222e-05 9.999987e-01 1.207416e+01
9.999597e-01 -2.695442e-04 8.971953e-03 5.889324e+00 2.742247e-04 9.999998e-01 -5.202820e-04 -6.077703e-01 -8.971898e-03 5.227239e-04 9.999595e-01 1.222207e+01
9.999387e-01 -1.466107e-04 1.107184e-02 5.956485e+00 1.496965e-04 1.000000e+00 -2.777428e-04 -6.129954e-01 -1.107188e-02 2.793857e-04 9.999386e-01 1.237246e+01
9.999044e-01 -4.205252e-04 1.382113e-02 6.023259e+00 4.296352e-04 9.999997e-01 -6.560706e-04 -6.173827e-01 -1.382094e-02 6.619484e-04 9.999042e-01 1.250504e+01
9.999860e-01 1.115776e-05 5.281226e-03 6.078934e+00 -1.072115e-05 1.000000e+00 -8.244644e-05 -6.224319e-01 -5.281310e-03 8.239110e-05 9.999860e-01 1.264265e+01
9.999448e-01 -2.998759e-04 1.050265e-02 6.130507e+00 3.058240e-04 9.999998e-01 -5.646109e-04 -6.278036e-01 -1.050256e-02 5.677941e-04 9.999446e-01 1.278164e+01
9.999787e-01 -5.209131e-05 6.522214e-03 6.184270e+00 5.281436e-05 1.000000e+00 -1.104924e-04 -6.331842e-01 -6.522290e-03 1.108369e-04 9.999786e-01 1.292666e+01
9.999852e-01 -1.465428e-04 5.431243e-03 6.235440e+00 1.487696e-04 9.999999e-01 -4.093667e-04 -6.391266e-01 -5.431263e-03 4.101710e-04 9.999851e-01 1.307500e+01
9.999843e-01 -6.468922e-05 5.595165e-03 6.289526e+00 6.506228e-05 1.000000e+00 -6.627727e-05 -6.453386e-01 -5.595241e-03 6.664260e-05 9.999843e-01 1.323377e+01
9.999977e-01 -5.885295e-05 2.156784e-03 6.337709e+00 5.951402e-05 1.000000e+00 -3.058926e-04 -6.518591e-01 -2.156846e-03 3.060225e-04 9.999975e-01 1.339789e+01
9.999126e-01 -2.323097e-04 1.321619e-02 6.396629e+00 2.368554e-04 9.999999e-01 -3.422944e-04 -6.574468e-01 -1.321619e-02 3.453971e-04 9.999125e-01 1.355090e+01
9.999999e-01 -1.631968e-05 -4.842925e-04 6.447815e+00 1.622984e-05 1.000000e+00 -1.878083e-04 -6.634670e-01 4.842173e-04 1.878027e-04 9.999998e-01 1.370795e+01
9.999632e-01 -5.720542e-05 8.581529e-03 6.480896e+00 5.897302e-05 1.000000e+00 -2.055960e-04 -6.686892e-01 -8.581595e-03 2.060968e-04 9.999631e-01 1.381323e+01
9.999961e-01 1.420524e-05 -2.778995e-03 6.502586e+00 -1.446607e-05 1.000000e+00 -9.422165e-05 -6.732154e-01 2.778916e-03 9.426370e-05 9.999961e-01 1.387762e+01
9.999526e-01 -8.743189e-05 9.731364e-03 6.533858e+00 8.963697e-05 1.000000e+00 -2.260494e-04 -6.779642e-01 -9.731420e-03 2.269132e-04 9.999525e-01 1.394975e+01
9.999982e-01 2.153183e-06 -1.870909e-03 6.565477e+00 -2.409184e-06 1.000000e+00 -1.373829e-04 -6.829010e-01 1.870833e-03 1.373893e-04 9.999982e-01 1.403796e+01
9.999032e-01 -1.921563e-04 1.391454e-02 6.601126e+00 1.972638e-04 9.999999e-01 -3.656147e-04 -6.877430e-01 -1.391454e-02 3.683263e-04 9.999030e-01 1.413719e+01
9.999932e-01 2.256986e-05 -3.683671e-03 6.633493e+00 -2.278869e-05 1.000000e+00 -5.962837e-05 -6.927321e-01 3.683595e-03 5.971404e-05 9.999931e-01 1.423523e+01
9.998929e-01 -1.625730e-04 1.463466e-02 6.670231e+00 1.688454e-04 9.999999e-01 -4.272945e-04 -6.979935e-01 -1.463466e-02 4.297218e-04 9.998927e-01 1.435123e+01
9.999993e-01 -8.919823e-05 -1.158965e-03 6.712845e+00 8.906756e-05 1.000000e+00 -1.136016e-04 -7.033474e-01 1.158902e-03 1.135004e-04 9.999992e-01 1.447746e+01
9.998503e-01 -2.100429e-04 1.729751e-02 6.755098e+00 2.192389e-04 9.999998e-01 -5.296879e-04 -7.080657e-01 -1.729746e-02 5.334030e-04 9.998502e-01 1.458758e+01
9.999999e-01 -1.281443e-04 -3.534319e-04 6.797861e+00 1.281023e-04 1.000000e+00 -1.214184e-04 -7.129212e-01 3.533764e-04 1.213751e-04 9.999998e-01 1.470324e+01
9.999432e-01 -5.845907e-06 1.065338e-02 6.832313e+00 9.519146e-06 9.999999e-01 -3.446654e-04 -7.184278e-01 -1.065345e-02 3.447492e-04 9.999431e-01 1.483090e+01
9.999973e-01 -1.854797e-04 2.296729e-03 6.870611e+00 1.859632e-04 1.000000e+00 -2.099362e-04 -7.236002e-01 -2.296760e-03 2.103647e-04 9.999973e-01 1.494874e+01
9.999663e-01 3.282241e-05 8.213381e-03 6.896462e+00 -3.086895e-05 1.000000e+00 -2.378693e-04 -7.282937e-01 -8.213458e-03 2.376096e-04 9.999662e-01 1.504063e+01
9.999974e-01 -9.029624e-05 -2.282710e-03 6.905811e+00 9.014552e-05 1.000000e+00 -6.646139e-05 -7.330915e-01 2.282647e-03 6.625732e-05 9.999973e-01 1.513471e+01
9.998632e-01 -1.335862e-04 1.653783e-02 6.941938e+00 1.421504e-04 9.999999e-01 -5.166380e-04 -7.376625e-01 -1.653783e-02 5.189200e-04 9.998630e-01 1.522757e+01
9.999993e-01 -2.289589e-04 1.174702e-03 6.981420e+00 2.291390e-04 1.000000e+00 -1.525783e-04 -7.424083e-01 -1.174733e-03 1.528492e-04 9.999992e-01 1.534149e+01
9.999714e-01 1.280658e-04 7.561227e-03 7.009880e+00 -1.260937e-04 1.000000e+00 -2.612014e-04 -7.481702e-01 -7.561325e-03 2.602423e-04 9.999713e-01 1.547826e+01
9.999924e-01 -1.890197e-04 -3.890202e-03 7.028170e+00 1.892401e-04 1.000000e+00 5.610497e-05 -7.540975e-01 3.890127e-03 -5.683896e-05 9.999923e-01 1.561397e+01
9.999596e-01 1.279280e-04 8.981457e-03 7.056668e+00 -1.250567e-04 9.999999e-01 -3.201794e-04 -7.603303e-01 -8.981562e-03 3.190450e-04 9.999595e-01 1.575958e+01
9.999996e-01 -2.823042e-04 8.433532e-04 7.092110e+00 2.823997e-04 1.000000e+00 -1.122944e-04 -7.664933e-01 -8.433852e-04 1.125342e-04 9.999995e-01 1.591488e+01
9.999956e-01 2.048310e-04 2.954217e-03 7.113532e+00 -2.045574e-04 1.000000e+00 -9.271612e-05 -7.728862e-01 -2.954299e-03 9.211308e-05 9.999955e-01 1.607438e+01
9.999999e-01 -2.800294e-04 4.022332e-04 7.133017e+00 2.800675e-04 1.000000e+00 -9.301143e-05 -7.792164e-01 -4.022704e-04 9.312576e-05 9.999998e-01 1.623119e+01
9.999771e-01 1.937030e-04 6.767063e-03 7.159566e+00 -1.919249e-04 9.999999e-01 -2.633137e-04 -7.850648e-01 -6.767177e-03 2.620106e-04 9.999770e-01 1.637095e+01
9.999986e-01 -2.670250e-04 -1.666630e-03 7.181344e+00 2.670225e-04 1.000000e+00 -2.056711e-06 -7.909545e-01 1.666568e-03 1.613316e-06 9.999985e-01 1.650820e+01
9.999197e-01 1.114238e-04 1.267188e-02 7.218608e+00 -1.051494e-04 9.999999e-01 -4.957621e-04 -7.966550e-01 -1.267200e-02 4.943915e-04 9.999195e-01 1.664823e+01
9.999929e-01 -3.934321e-04 3.740637e-03 7.261966e+00 3.941255e-04 9.999999e-01 -1.844859e-04 -8.017254e-01 -3.740625e-03 1.859605e-04 9.999929e-01 1.677932e+01
9.998662e-01 -2.332044e-05 1.636034e-02 7.310865e+00 3.308602e-05 9.999998e-01 -5.966030e-04 -8.064770e-01 -1.636038e-02 5.970659e-04 9.998659e-01 1.690872e+01
9.999984e-01 -3.281475e-04 1.751051e-03 7.356537e+00 3.283535e-04 9.999999e-01 -1.170582e-04 -8.112195e-01 -1.751070e-03 1.176344e-04 9.999984e-01 1.703083e+01
9.998280e-01 -9.333098e-05 1.854711e-02 7.400039e+00 1.055806e-04 9.999998e-01 -6.594589e-04 -8.154886e-01 -1.854710e-02 6.613050e-04 9.998277e-01 1.714028e+01
9.999629e-01 -5.245670e-04 8.600186e-03 7.445334e+00 5.273781e-04 9.999998e-01 -3.245494e-04 -8.189966e-01 -8.600067e-03 3.290742e-04 9.999629e-01 1.724634e+01
9.998311e-01 -1.043794e-04 1.837615e-02 7.492592e+00 1.164172e-04 9.999998e-01 -6.539893e-04 -8.228603e-01 -1.837613e-02 6.560194e-04 9.998308e-01 1.736431e+01
9.999792e-01 -4.337080e-04 6.429449e-03 7.541886e+00 4.355148e-04 9.999999e-01 -2.795589e-04 -8.270470e-01 -6.429376e-03 2.823544e-04 9.999792e-01 1.749064e+01
9.998202e-01 -1.450094e-04 1.896157e-02 7.594138e+00 1.575463e-04 9.999998e-01 -6.596643e-04 -8.312035e-01 -1.896152e-02 6.625341e-04 9.998199e-01 1.761549e+01
9.999656e-01 -4.793372e-04 8.278147e-03 7.643568e+00 4.821195e-04 9.999998e-01 -3.340785e-04 -8.349736e-01 -8.278029e-03 3.380591e-04 9.999656e-01 1.773316e+01
9.997495e-01 -2.395226e-04 2.238101e-02 7.690059e+00 2.567026e-04 9.999997e-01 -7.647368e-04 -8.382157e-01 -2.238087e-02 7.702914e-04 9.997491e-01 1.784080e+01
9.999762e-01 -4.310912e-04 6.888428e-03 7.739208e+00 4.331249e-04 9.999999e-01 -2.937207e-04 -8.417179e-01 -6.888339e-03 2.966981e-04 9.999761e-01 1.795571e+01
9.997537e-01 -2.458931e-04 2.219207e-02 7.788921e+00 2.627626e-04 9.999997e-01 -7.572347e-04 -8.452245e-01 -2.219191e-02 7.628802e-04 9.997533e-01 1.806877e+01
9.999828e-01 -3.873620e-04 5.850958e-03 7.838765e+00 3.889349e-04 9.999999e-01 -2.676630e-04 -8.488270e-01 -5.850887e-03 2.699347e-04 9.999827e-01 1.818397e+01
9.997002e-01 -3.160724e-04 2.448138e-02 7.888234e+00 3.362133e-04 9.999996e-01 -8.185886e-04 -8.520955e-01 -2.448114e-02 8.265748e-04 9.996999e-01 1.829182e+01
9.999919e-01 -3.455055e-04 4.016975e-03 7.938770e+00 3.463468e-04 9.999999e-01 -2.087080e-04 -8.556877e-01 -4.016930e-03 2.100981e-04 9.999918e-01 1.840591e+01
9.998248e-01 -1.440292e-04 1.871494e-02 7.985648e+00 1.562682e-04 9.999998e-01 -6.525032e-04 -8.598622e-01 -1.871487e-02 6.553139e-04 9.998245e-01 1.852108e+01
9.999769e-01 -4.433176e-04 6.788026e-03 8.036794e+00 4.452396e-04 9.999999e-01 -2.816227e-04 -8.639167e-01 -6.787923e-03 2.846389e-04 9.999768e-01 1.864170e+01
9.998111e-01 -1.548838e-04 1.943793e-02 8.087709e+00 1.682936e-04 9.999997e-01 -6.882396e-04 -8.677896e-01 -1.943784e-02 6.913811e-04 9.998107e-01 1.875880e+01
9.999877e-01 -3.695231e-04 4.941335e-03 8.139660e+00 3.707080e-04 9.999999e-01 -2.388729e-04 -8.720480e-01 -4.941265e-03 2.407020e-04 9.999877e-01 1.888771e+01
9.998691e-01 -6.918404e-05 1.617945e-02 8.189487e+00 7.870769e-05 9.999998e-01 -5.879884e-04 -8.767396e-01 -1.617942e-02 5.891850e-04 9.998688e-01 1.902158e+01
9.999689e-01 -4.419063e-04 7.872631e-03 8.246425e+00 4.446240e-04 9.999998e-01 -3.434536e-04 -8.814397e-01 -7.872491e-03 3.469433e-04 9.999689e-01 1.916886e+01
9.999136e-01 -5.592739e-06 1.314293e-02 8.309256e+00 1.200551e-05 9.999999e-01 -4.878457e-04 -8.867383e-01 -1.314294e-02 4.879613e-04 9.999134e-01 1.932747e+01
9.999755e-01 -3.979654e-04 6.987960e-03 8.374619e+00 4.002417e-04 9.999999e-01 -3.243423e-04 -8.920638e-01 -6.987840e-03 3.271311e-04 9.999754e-01 1.948301e+01
9.998019e-01 -2.033068e-04 1.990136e-02 8.438796e+00 2.172610e-04 9.999997e-01 -6.990119e-04 -8.965472e-01 -1.990122e-02 7.031970e-04 9.998016e-01 1.963037e+01
9.999913e-01 -3.099135e-04 4.160211e-03 8.498221e+00 3.108758e-04 9.999999e-01 -2.306773e-04 -9.011562e-01 -4.160144e-03 2.319683e-04 9.999912e-01 1.977289e+01
9.995292e-01 -4.778382e-04 3.067819e-02 8.555024e+00 5.098300e-04 9.999993e-01 -1.035008e-03 -9.041397e-01 -3.067768e-02 1.050161e-03 9.995287e-01 1.989057e+01
9.999981e-01 -1.905924e-04 -1.946397e-03 8.627155e+00 1.905512e-04 1.000000e+00 -2.135927e-05 -9.085126e-01 1.946403e-03 2.098776e-05 9.999980e-01 2.003590e+01
9.995406e-01 -4.176144e-04 3.030396e-02 8.699796e+00 4.502292e-04 9.999993e-01 -1.069440e-03 -9.127273e-01 -3.030349e-02 1.082592e-03 9.995401e-01 2.018009e+01
9.999996e-01 -2.692446e-04 8.111719e-04 8.771297e+00 2.693245e-04 1.000000e+00 -9.832634e-05 -9.166419e-01 -8.111374e-04 9.854396e-05 9.999996e-01 2.032102e+01
9.994764e-01 -4.905403e-04 3.235323e-02 8.844980e+00 5.272013e-04 9.999992e-01 -1.124626e-03 -9.202951e-01 -3.235264e-02 1.141093e-03 9.994758e-01 2.045673e+01
9.999997e-01 -2.790452e-04 7.139625e-04 8.913570e+00 2.790987e-04 1.000000e+00 -7.470917e-05 -9.241288e-01 -7.139270e-04 7.490735e-05 9.999996e-01 2.059918e+01
9.994654e-01 -4.785907e-04 3.268948e-02 8.986777e+00 5.168128e-04 9.999992e-01 -1.160806e-03 -9.277952e-01 -3.268888e-02 1.177078e-03 9.994648e-01 2.073787e+01
9.999400e-01 -5.348589e-04 1.094151e-02 9.054934e+00 5.391282e-04 9.999998e-01 -3.872287e-04 -9.301487e-01 -1.094128e-02 3.931030e-04 9.999400e-01 2.086472e+01
9.995707e-01 -4.322597e-04 2.929693e-02 9.130171e+00 4.633097e-04 9.999993e-01 -1.053052e-03 -9.332066e-01 -2.929643e-02 1.066172e-03 9.995701e-01 2.100172e+01
9.999952e-01 -3.414404e-04 3.094053e-03 9.209276e+00 3.417993e-04 9.999999e-01 -1.154132e-04 -9.370082e-01 -3.093985e-03 1.164685e-04 9.999951e-01 2.113380e+01
9.996394e-01 -3.422003e-04 2.685215e-02 9.281153e+00 3.690876e-04 9.999994e-01 -9.963504e-04 -9.408825e-01 -2.685176e-02 1.005900e-03 9.996388e-01 2.126441e+01
9.999969e-01 -3.232718e-04 2.479570e-03 9.350125e+00 3.234961e-04 9.999999e-01 -8.993878e-05 -9.449028e-01 -2.479506e-03 9.073877e-05 9.999968e-01 2.140013e+01
9.995961e-01 -4.040130e-04 2.841772e-02 9.420717e+00 4.335394e-04 9.999994e-01 -1.032847e-03 -9.486030e-01 -2.841725e-02 1.044748e-03 9.995955e-01 2.152417e+01
9.999772e-01 -4.057838e-04 6.734071e-03 9.485210e+00 4.073038e-04 9.999999e-01 -2.242835e-04 -9.515734e-01 -6.733938e-03 2.270191e-04 9.999772e-01 2.163847e+01
9.995814e-01 -4.494276e-04 2.892824e-02 9.560916e+00 4.799680e-04 9.999993e-01 -1.048777e-03 -9.547629e-01 -2.892771e-02 1.062220e-03 9.995808e-01 2.175987e+01
9.999783e-01 -3.866214e-04 6.579697e-03 9.641290e+00 3.880635e-04 9.999999e-01 -2.178205e-04 -9.577960e-01 -6.579565e-03 2.203667e-04 9.999782e-01 2.187496e+01
9.998289e-01 -2.058753e-04 1.849434e-02 9.762786e+00 2.199674e-04 9.999997e-01 -7.599015e-04 -9.626842e-01 -1.849413e-02 7.638372e-04 9.998286e-01 2.201707e+01
9.999462e-01 -4.540749e-04 1.035811e-02 9.852610e+00 4.574427e-04 9.999998e-01 -3.227008e-04 -9.665645e-01 -1.035791e-02 3.274192e-04 9.999462e-01 2.213998e+01
9.998854e-01 -1.599426e-04 1.513982e-02 9.934695e+00 1.692787e-04 9.999998e-01 -6.153278e-04 -9.704623e-01 -1.513966e-02 6.178174e-04 9.998851e-01 2.224024e+01
9.999970e-01 -2.157287e-04 2.449555e-03 1.002326e+01 2.159353e-04 1.000000e+00 -8.375363e-05 -9.751087e-01 -2.449482e-03 8.427959e-05 9.999969e-01 2.233505e+01
9.998300e-01 -2.317133e-04 1.843765e-02 1.010531e+01 2.452192e-04 9.999997e-01 -7.302136e-04 -9.793770e-01 -1.843742e-02 7.346079e-04 9.998297e-01 2.243357e+01
9.999636e-01 -4.018394e-04 8.523555e-03 1.017996e+01 4.040312e-04 9.999999e-01 -2.553079e-04 -9.832451e-01 -8.523391e-03 2.587394e-04 9.999636e-01 2.254572e+01
9.998949e-01 -1.438826e-04 1.449387e-02 1.026697e+01 1.528378e-04 9.999998e-01 -6.166852e-04 -9.877673e-01 -1.449371e-02 6.188327e-04 9.998947e-01 2.266774e+01
9.999093e-01 -4.856340e-04 1.345816e-02 1.034202e+01 4.913113e-04 9.999998e-01 -4.184644e-04 -9.915093e-01 -1.345789e-02 4.250355e-04 9.999093e-01 2.278270e+01
9.998740e-01 -2.117531e-04 1.587413e-02 1.041263e+01 2.221513e-04 9.999998e-01 -6.532059e-04 -9.954501e-01 -1.587393e-02 6.566468e-04 9.998737e-01 2.291122e+01
9.999795e-01 -2.913093e-04 6.390907e-03 1.049792e+01 2.926199e-04 9.999999e-01 -2.039467e-04 -1.000627e+00 -6.390780e-03 2.058094e-04 9.999795e-01 2.306252e+01
9.998437e-01 -2.439871e-04 1.767676e-02 1.057534e+01 2.567834e-04 9.999997e-01 -7.215673e-04 -1.005278e+00 -1.767651e-02 7.259903e-04 9.998434e-01 2.320193e+01
9.999997e-01 -1.607880e-04 7.710055e-04 1.064546e+01 1.607825e-04 1.000000e+00 8.997643e-06 -1.010679e+00 -7.709365e-04 -8.877090e-06 9.999996e-01 2.334659e+01
9.999314e-01 -6.960325e-05 1.170928e-02 1.070735e+01 7.600168e-05 9.999998e-01 -5.458745e-04 -1.016631e+00 -1.170917e-02 5.467235e-04 9.999312e-01 2.349457e+01
9.999895e-01 -2.444155e-05 -4.576656e-03 1.077792e+01 2.532321e-05 1.000000e+00 1.922553e-04 -1.023114e+00 4.576723e-03 -1.923727e-04 9.999894e-01 2.363433e+01
9.998380e-01 -1.884217e-04 1.799614e-02 1.084310e+01 2.024848e-04 9.999997e-01 -7.795517e-04 -1.028637e+00 -1.799592e-02 7.830658e-04 9.998377e-01 2.376564e+01
9.999999e-01 -2.168924e-04 -1.594422e-04 1.093882e+01 2.169080e-04 1.000000e+00 8.776736e-05 -1.033984e+00 1.594972e-04 -8.780553e-05 9.999999e-01 2.389393e+01
9.999634e-01 5.348515e-05 8.554222e-03 1.104729e+01 -4.965237e-05 9.999999e-01 -4.480810e-04 -1.040399e+00 -8.554171e-03 4.476362e-04 9.999632e-01 2.402432e+01
9.999958e-01 -1.521429e-04 -2.886619e-03 1.112887e+01 1.526666e-04 1.000000e+00 1.806129e-04 -1.047340e+00 2.886667e-03 -1.810565e-04 9.999957e-01 2.417719e+01
9.999559e-01 4.060614e-05 9.385319e-03 1.119768e+01 -3.621281e-05 9.999999e-01 -4.681001e-04 -1.053856e+00 -9.385262e-03 4.677360e-04 9.999558e-01 2.431189e+01
9.999743e-01 -3.799696e-05 -7.166467e-03 1.126619e+01 4.027954e-05 9.999999e-01 3.181238e-04 -1.060267e+00 7.166530e-03 -3.184080e-04 9.999742e-01 2.442053e+01
9.999718e-01 4.794912e-05 7.510440e-03 1.138726e+01 -4.496585e-05 9.999999e-01 -3.971624e-04 -1.065208e+00 -7.510383e-03 3.968098e-04 9.999716e-01 2.442306e+01
9.999592e-01 2.641934e-06 -9.035622e-03 1.154075e+01 1.006139e-06 9.999999e-01 4.035478e-04 -1.068524e+00 9.035698e-03 -4.035441e-04 9.999590e-01 2.432612e+01
9.999745e-01 6.210651e-05 7.133250e-03 1.169334e+01 -5.938100e-05 9.999999e-01 -3.820637e-04 -1.071527e+00 -7.133198e-03 3.816267e-04 9.999744e-01 2.421429e+01
9.999464e-01 4.817042e-05 -1.034812e-02 1.185364e+01 -4.331677e-05 9.999999e-01 4.690947e-04 -1.074176e+00 1.034822e-02 -4.686250e-04 9.999463e-01 2.408363e+01
9.999736e-01 2.674652e-05 7.269424e-03 1.203305e+01 -2.385034e-05 9.999999e-01 -3.982660e-04 -1.075648e+00 -7.269359e-03 3.980785e-04 9.999734e-01 2.388913e+01
9.999437e-01 1.420828e-04 -1.061254e-02 1.221003e+01 -1.362690e-04 9.999998e-01 5.483908e-04 -1.078239e+00 1.061269e-02 -5.469174e-04 9.999435e-01 2.375063e+01
9.999810e-01 7.309328e-06 6.156799e-03 1.237948e+01 -5.150196e-06 9.999999e-01 -3.504447e-04 -1.082146e+00 -6.156727e-03 3.504027e-04 9.999809e-01 2.368024e+01
9.998640e-01 3.323635e-04 -1.648806e-02 1.255343e+01 -3.180760e-04 9.999996e-01 8.690513e-04 -1.086056e+00 1.648842e-02 -8.636922e-04 9.998636e-01 2.362674e+01
9.999690e-01 -4.724704e-05 7.867410e-03 1.269107e+01 5.101807e-05 9.999999e-01 -4.789286e-04 -1.090724e+00 -7.867313e-03 4.793116e-04 9.999689e-01 2.361500e+01
9.998659e-01 3.129841e-04 -1.637402e-02 1.278293e+01 -2.994845e-04 9.999996e-01 8.268048e-04 -1.095948e+00 1.637434e-02 -8.217937e-04 9.998655e-01 2.364350e+01
9.999628e-01 -7.591313e-05 8.627681e-03 1.284604e+01 8.083901e-05 9.999998e-01 -5.704218e-04 -1.101444e+00 -8.627564e-03 5.710945e-04 9.999625e-01 2.369591e+01
9.999088e-01 2.116684e-04 -1.350337e-02 1.294353e+01 -2.012604e-04 9.999997e-01 7.720096e-04 -1.107876e+00 1.350360e-02 -7.692250e-04 9.999084e-01 2.377753e+01
9.999304e-01 -1.762748e-04 1.179908e-02 1.313797e+01 1.850291e-04 9.999997e-01 -7.407368e-04 -1.110726e+00 -1.179887e-02 7.428649e-04 9.999300e-01 2.364525e+01
9.998697e-01 3.078906e-04 -1.613788e-02 1.341560e+01 -2.921099e-04 9.999995e-01 9.801150e-04 -1.109572e+00 1.613825e-02 -9.752767e-04 9.998692e-01 2.329501e+01
9.999608e-01 -1.217280e-04 8.855686e-03 1.370589e+01 1.268628e-04 9.999998e-01 -5.791211e-04 -1.107921e+00 -8.855544e-03 5.802184e-04 9.999605e-01 2.292399e+01
9.999005e-01 3.001214e-04 -1.409886e-02 1.400490e+01 -2.876037e-04 9.999996e-01 8.897730e-04 -1.105947e+00 1.409919e-02 -8.856330e-04 9.999001e-01 2.253201e+01
9.999635e-01 -1.092988e-04 8.543086e-03 1.431124e+01 1.137118e-04 9.999999e-01 -5.159169e-04 -1.105239e+00 -8.542959e-03 5.168662e-04 9.999633e-01 2.220068e+01
9.999000e-01 2.089598e-04 -1.413638e-02 1.462318e+01 -1.970210e-04 9.999996e-01 8.458286e-04 -1.103403e+00 1.413662e-02 -8.429622e-04 9.998996e-01 2.180816e+01
9.999528e-01 -5.562014e-05 9.717047e-03 1.495471e+01 6.161539e-05 9.999998e-01 -6.165496e-04 -1.099504e+00 -9.716942e-03 6.171159e-04 9.999525e-01 2.130087e+01
9.998641e-01 2.881608e-04 -1.648007e-02 1.525644e+01 -2.711352e-04 9.999994e-01 1.035246e-03 -1.098553e+00 1.648042e-02 -1.030640e-03 9.998636e-01 2.095958e+01
9.999471e-01 -1.176600e-04 1.027910e-02 1.554257e+01 1.242073e-04 9.999998e-01 -6.361949e-04 -1.098779e+00 -1.027896e-02 6.374347e-04 9.999469e-01 2.068545e+01
9.998254e-01 4.274485e-04 -1.867936e-02 1.582486e+01 -4.050592e-04 9.999992e-01 1.202308e-03 -1.100167e+00 1.867993e-02 -1.194535e-03 9.998247e-01 2.046921e+01
