9.995886e-01 -6.082674e-04 2.867636e-02 4.644075e-02 6.379454e-04 9.999993e-01 -1.025791e-03 -3.067659e-03 -2.867571e-02 1.043663e-03 9.995881e-01 9.726491e-02
9.999865e-01 -1.692137e-04 5.186534e-03 9.272501e-02 1.700505e-04 1.000000e+00 -1.608818e-04 -5.747585e-03 -5.186501e-03 1.617618e-04 9.999864e-01 1.964603e-01
9.995841e-01 -6.223660e-04 2.883058e-02 1.386931e-01 6.522822e-04 9.999993e-01 -1.028260e-03 -8.495869e-03 -2.882991e-02 1.046638e-03 9.995837e-01 2.979949e-01
9.999536e-01 -2.576213e-04 9.626638e-03 1.831138e-01 2.606776e-04 9.999999e-01 -3.162320e-04 -1.060079e-02 -9.626542e-03 3.187268e-04 9.999535e-01 3.937183e-01
9.994208e-01 -7.512215e-04 3.402072e-02 2.265187e-01 7.922509e-04 9.999990e-01 -1.192549e-03 -1.210713e-02 -3.401977e-02 1.218811e-03 9.994203e-01 4.853179e-01
9.999583e-01 -2.697771e-04 9.126545e-03 2.723679e-01 2.724065e-04 9.999999e-01 -2.868580e-04 -1.385007e-02 -9.126445e-03 2.893318e-04 9.999582e-01 5.812811e-01
9.996345e-01 -5.826324e-04 2.702917e-02 3.174262e-01 6.089229e-04 9.999993e-01 -9.644461e-04 -1.629905e-02 -2.702857e-02 9.805517e-04 9.996341e-01 6.774088e-01
9.999921e-01 -1.381868e-04 3.973314e-03 3.626633e-01 1.386611e-04 1.000000e+00 -1.190926e-04 -1.931162e-02 -3.973268e-03 1.196421e-04 9.999920e-01 7.766864e-01
9.997790e-01 -4.464310e-04 2.101852e-02 4.099880e-01 4.625764e-04 9.999996e-01 -7.632932e-04 -2.302275e-02 -2.101814e-02 7.728465e-04 9.997787e-01 8.775954e-01
9.999770e-01 -1.835151e-04 6.782509e-03 4.563621e-01 1.850047e-04 1.000000e+00 -2.189783e-04 -2.624516e-02 -6.782435e-03 2.202273e-04 9.999769e-01 9.723448e-01
9.995756e-01 -6.293912e-04 2.912549e-02 5.002992e-01 6.598898e-04 9.999992e-01 -1.037539e-03 -2.849962e-02 -2.912477e-02 1.056318e-03 9.995751e-01 1.063345e+00
9.999801e-01 -2.008814e-04 6.309613e-03 5.450400e-01 2.020751e-04 1.000000e+00 -1.885219e-04 -3.097278e-02 -6.309535e-03 1.897921e-04 9.999800e-01 1.157896e+00
9.994006e-01 -7.234864e-04 3.461052e-02 5.869516e-01 7.668894e-04 9.999989e-01 -1.240773e-03 -3.270571e-02 -3.460954e-02 1.266571e-03 9.994000e-01 1.249763e+00
9.999036e-01 -4.181364e-04 1.387861e-02 6.308814e-01 4.240079e-04 9.999998e-01 -4.201011e-04 -3.381639e-02 -1.387838e-02 4.259439e-04 9.999035e-01 1.343040e+00
9.996539e-01 -5.424287e-04 2.630062e-02 6.761185e-01 5.680602e-04 9.999994e-01 -9.670808e-04 -3.592720e-02 -2.630003e-02 9.816849e-04 9.996535e-01 1.441532e+00
9.999680e-01 -2.742754e-04 7.995340e-03 7.206675e-01 2.760277e-04 9.999999e-01 -2.179989e-04 -3.859313e-02 -7.995225e-03 2.201972e-04 9.999679e-01 1.537625e+00
9.996661e-01 -4.999133e-04 2.583522e-02 7.630813e-01 5.252507e-04 9.999994e-01 -9.739342e-04 -4.112973e-02 -2.583466e-02 9.871772e-04 9.996657e-01 1.630426e+00
9.999097e-01 -4.091147e-04 1.343087e-02 8.056466e-01 4.143723e-04 9.999998e-01 -3.886283e-04 -4.306225e-02 -1.343064e-02 3.941566e-04 9.999096e-01 1.719458e+00
9.997316e-01 -4.663027e-04 2.316394e-02 8.492900e-01 4.867311e-04 9.999995e-01 -8.762458e-04 -4.539848e-02 -2.316346e-02 8.872832e-04 9.997312e-01 1.811003e+00
9.999684e-01 -2.580818e-04 7.950238e-03 8.917851e-01 2.598107e-04 9.999999e-01 -2.163319e-04 -4.826590e-02 -7.950116e-03 2.183884e-04 9.999683e-01 1.903328e+00
9.995427e-01 -6.311698e-04 3.023204e-02 9.334468e-01 6.650439e-04 9.999992e-01 -1.110400e-03 -5.028247e-02 -3.023124e-02 1.129995e-03 9.995422e-01 1.989921e+00
9.999996e-01 -1.092408e-04 8.651838e-04 9.774965e-01 1.092134e-04 1.000000e+00 3.293587e-05 -5.328900e-02 -8.651166e-04 -3.284375e-05 9.999995e-01 2.085782e+00
9.998225e-01 -3.422412e-04 1.883807e-02 1.019829e+00 3.563551e-04 9.999997e-01 -7.458135e-04 -5.738243e-02 -1.883774e-02 7.523917e-04 9.998222e-01 2.178854e+00
9.999957e-01 1.119989e-05 -2.921457e-03 1.057922e+00 -1.075071e-05 1.000000e+00 1.533845e-04 -6.158075e-02 2.921532e-03 -1.533549e-04 9.999956e-01 2.259584e+00
9.997661e-01 -4.014794e-04 2.162390e-02 1.097204e+00 4.196759e-04 9.999996e-01 -8.369155e-04 -6.553671e-02 -2.162348e-02 8.457922e-04 9.997657e-01 2.342049e+00
9.999931e-01 -1.927194e-04 3.713801e-03 1.141228e+00 1.929340e-04 1.000000e+00 -5.709614e-05 -6.906699e-02 -3.713713e-03 5.780962e-05 9.999930e-01 2.435288e+00
9.997502e-01 -4.016205e-04 2.234772e-02 1.183672e+00 4.212634e-04 9.999995e-01 -8.742094e-04 -7.235369e-02 -2.234728e-02 8.834026e-04 9.997498e-01 2.523726e+00
9.999932e-01 -2.015744e-04 3.675887e-03 1.225582e+00 2.017366e-04 1.000000e+00 -4.336261e-05 -7.559901e-02 -3.675799e-03 4.410107e-05 9.999932e-01 2.607589e+00
9.997984e-01 -3.497549e-04 2.007618e-02 1.266097e+00 3.658265e-04 9.999996e-01 -7.967942e-04 -7.892597e-02 -2.007581e-02 8.039751e-04 9.997981e-01 2.680831e+00
1.000000e+00 -1.043765e-04 -1.356188e-04 1.306863e+00 1.043896e-04 1.000000e+00 8.546520e-05 -8.273792e-02 1.356919e-04 -8.548229e-05 9.999999e-01 2.758928e+00
9.998427e-01 -2.806766e-04 1.773131e-02 1.347874e+00 2.935974e-04 9.999997e-01 -7.260131e-04 -8.688458e-02 -1.773102e-02 7.311018e-04 9.998424e-01 2.839046e+00
9.999991e-01 -6.732342e-05 -1.292135e-03 1.389819e+00 6.747768e-05 1.000000e+00 1.180408e-04 -9.117487e-02 1.292211e-03 -1.181309e-04 9.999991e-01 2.923997e+00
9.998499e-01 -2.846872e-04 1.732360e-02 1.431890e+00 2.970169e-04 9.999997e-01 -7.090633e-04 -9.552576e-02 -1.732331e-02 7.140992e-04 9.998496e-01 3.010844e+00
9.999977e-01 -2.622593e-05 -2.155498e-03 1.473243e+00 2.650653e-05 1.000000e+00 1.293189e-04 -9.998929e-02 2.155580e-03 -1.293788e-04 9.999976e-01 3.100103e+00
9.998712e-01 -2.393935e-04 1.604518e-02 1.512336e+00 2.501623e-04 9.999997e-01 -6.690437e-04 -1.046605e-01 -1.604493e-02 6.729683e-04 9.998710e-01 3.192388e+00
9.999969e-01 -4.470676e-05 -2.496992e-03 1.552466e+00 4.511163e-05 1.000000e+00 1.613258e-04 -1.094978e-01 2.497071e-03 -1.614411e-04 9.999968e-01 3.290922e+00
9.998966e-01 -1.837159e-04 1.437782e-02 1.586430e+00 1.927448e-04 9.999998e-01 -6.264586e-04 -1.140477e-01 -1.437761e-02 6.291618e-04 9.998964e-01 3.375376e+00
9.999875e-01 1.027964e-05 -4.993343e-03 1.613180e+00 -9.097372e-06 1.000000e+00 2.363932e-04 -1.187710e-01 4.993434e-03 -2.363481e-04 9.999874e-01 3.466850e+00
9.997236e-01 -3.583638e-04 2.350465e-02 1.664608e+00 3.807956e-04 9.999995e-01 -9.498017e-04 -1.232350e-01 -2.350421e-02 9.584864e-04 9.997232e-01 3.571389e+00
9.999718e-01 3.304093e-05 -7.512238e-03 1.716260e+00 -3.043843e-05 9.999999e-01 3.462642e-04 -1.280723e-01 7.512339e-03 -3.460291e-04 9.999717e-01 3.676497e+00
9.998972e-01 -9.083260e-05 1.433384e-02 1.728594e+00 1.005826e-04 9.999998e-01 -6.793452e-04 -1.322217e-01 -1.433368e-02 6.807137e-04 9.998970e-01 3.737318e+00
9.999679e-01 3.039510e-05 -8.009972e-03 1.737626e+00 -2.735301e-05 9.999999e-01 3.796239e-04 -1.363045e-01 8.010073e-03 -3.793960e-04 9.999678e-01 3.791938e+00
9.999477e-01 -3.369477e-05 1.022325e-02 1.766262e+00 3.922910e-05 9.999999e-01 -5.409394e-04 -1.401493e-01 -1.022314e-02 5.413088e-04 9.999475e-01 3.798442e+00
9.999999e-01 -1.469030e-04 -2.474221e-04 1.902709e+00 1.469462e-04 1.000000e+00 1.652706e-04 -1.456588e-01 2.474885e-04 -1.653103e-04 9.999999e-01 3.877792e+00
9.999029e-01 -1.632268e-04 1.392986e-02 2.039592e+00 1.729069e-04 9.999997e-01 -6.935506e-04 -1.507006e-01 -1.392965e-02 6.958883e-04 9.999027e-01 3.953644e+00
9.999982e-01 -7.804494e-05 -1.872180e-03 2.124965e+00 7.842233e-05 1.000000e+00 2.002585e-04 -1.563092e-01 1.872256e-03 -2.004084e-04 9.999982e-01 4.064566e+00
9.999728e-01 1.916654e-06 7.373771e-03 2.156713e+00 1.621941e-06 9.999999e-01 -4.795703e-04 -1.626217e-01 -7.373679e-03 4.795657e-04 9.999726e-01 4.214007e+00
9.999212e-01 1.358999e-04 -1.254763e-02 2.158205e+00 -1.287265e-04 9.999998e-01 5.723154e-04 -1.667765e-01 1.254779e-02 -5.706586e-04 9.999210e-01 4.233972e+00
9.999426e-01 -5.355405e-05 1.071171e-02 2.148379e+00 6.009477e-05 9.999998e-01 -6.100804e-04 -1.692346e-01 -1.071159e-02 6.106856e-04 9.999424e-01 4.194196e+00
9.999323e-01 1.219361e-04 -1.162979e-02 2.126827e+00 -1.154656e-04 9.999998e-01 5.568412e-04 -1.707728e-01 1.162995e-02 -5.554642e-04 9.999321e-01 4.120019e+00
9.999502e-01 -3.620194e-05 9.981425e-03 2.112519e+00 4.224255e-05 9.999998e-01 -6.047469e-04 -1.727317e-01 -9.981309e-03 6.051349e-04 9.999499e-01 4.058517e+00
9.999432e-01 8.884250e-05 -1.065542e-02 2.117630e+00 -8.300813e-05 9.999998e-01 5.477691e-04 -1.752453e-01 1.065556e-02 -5.468570e-04 9.999430e-01 4.015927e+00
9.999269e-01 -8.103386e-05 1.209198e-02 2.142206e+00 8.921919e-05 9.999998e-01 -6.761958e-04 -1.787959e-01 -1.209183e-02 6.772216e-04 9.999266e-01 4.010507e+00
9.999347e-01 9.657399e-05 -1.142511e-02 2.169672e+00 -9.000132e-05 9.999998e-01 5.755876e-04 -1.817683e-01 1.142525e-02 -5.745253e-04 9.999345e-01 3.976723e+00
9.999449e-01 -4.550292e-05 1.049648e-02 2.291267e+00 5.182467e-05 9.999998e-01 -6.017852e-04 -1.870068e-01 -1.049636e-02 6.022924e-04 9.999447e-01 3.983189e+00
9.999144e-01 1.807270e-04 -1.308115e-02 2.490142e+00 -1.707789e-04 9.999997e-01 7.614210e-04 -1.906392e-01 1.308138e-02 -7.591253e-04 9.999141e-01 3.899254e+00
9.998937e-01 -1.848947e-04 1.457565e-02 2.590442e+00 1.977932e-04 9.999996e-01 -8.833457e-04 -1.965709e-01 -1.457539e-02 8.861313e-04 9.998933e-01 3.963998e+00
9.999630e-01 8.710029e-05 -8.601783e-03 2.627000e+00 -8.210941e-05 9.999998e-01 5.802870e-04 -2.030940e-01 8.601924e-03 -5.795628e-04 9.999628e-01 4.127562e+00
9.999300e-01 -6.790290e-05 1.183171e-02 2.660072e+00 7.717306e-05 9.999997e-01 -7.828511e-04 -2.089265e-01 -1.183156e-02 7.837059e-04 9.999296e-01 4.230454e+00
9.999109e-01 1.336995e-04 -1.334564e-02 2.678715e+00 -1.238761e-04 9.999997e-01 7.367117e-04 -2.128098e-01 1.334583e-02 -7.349964e-04 9.999106e-01 4.236050e+00
9.999113e-01 -1.153285e-04 1.331883e-02 2.687993e+00 1.262488e-04 9.999997e-01 -8.189000e-04 -2.163048e-01 -1.331864e-02 8.205052e-04 9.999109e-01 4.242185e+00
9.999181e-01 1.232714e-04 -1.279531e-02 2.676441e+00 -1.140277e-04 9.999997e-01 7.229712e-04 -2.193817e-01 1.279549e-02 -7.214566e-04 9.999178e-01 4.245578e+00
9.999171e-01 -1.076150e-04 1.287185e-02 2.667963e+00 1.179421e-04 9.999997e-01 -8.013687e-04 -2.225843e-01 -1.287167e-02 8.028169e-04 9.999168e-01 4.250728e+00
9.999605e-01 6.832565e-05 -8.883112e-03 2.707372e+00 -6.310157e-05 9.999998e-01 5.880951e-04 -2.284085e-01 8.883243e-03 -5.875150e-04 9.999603e-01 4.350790e+00
9.998258e-01 -2.486878e-04 1.865926e-02 2.800033e+00 2.673797e-04 9.999995e-01 -9.991339e-04 -2.348326e-01 -1.865891e-02 1.003945e-03 9.998253e-01 4.491782e+00
9.998428e-01 1.827489e-04 -1.772723e-02 2.841417e+00 -1.667338e-04 9.999996e-01 9.047546e-04 -2.417015e-01 1.772748e-02 -9.016603e-04 9.998424e-01 4.649456e+00
9.998128e-01 -2.499753e-04 1.934476e-02 2.896486e+00 2.699232e-04 9.999994e-01 -1.028454e-03 -2.492446e-01 -1.934440e-02 1.033479e-03 9.998123e-01 4.831766e+00
9.998981e-01 1.850377e-04 -1.427212e-02 2.960962e+00 -1.743007e-04 9.999997e-01 7.533710e-04 -2.561647e-01 1.427235e-02 -7.508103e-04 9.998978e-01 4.984933e+00
9.998646e-01 -2.227806e-04 1.645377e-02 2.987104e+00 2.377611e-04 9.999996e-01 -9.083651e-04 -2.619549e-01 -1.645347e-02 9.121505e-04 9.998641e-01 5.103917e+00
9.999368e-01 1.093068e-04 -1.123776e-02 3.051075e+00 -1.021665e-04 9.999998e-01 6.357232e-04 -2.693123e-01 1.123792e-02 -6.345386e-04 9.999366e-01 5.289344e+00
9.997853e-01 -3.172254e-04 2.071614e-02 3.122783e+00 3.394385e-04 9.999994e-01 -1.068631e-03 -2.769404e-01 -2.071570e-02 1.075430e-03 9.997848e-01 5.511944e+00
9.998741e-01 2.388201e-04 -1.586303e-02 3.173543e+00 -2.259996e-04 9.999996e-01 8.098178e-04 -2.842320e-01 1.586331e-02 -8.061345e-04 9.998738e-01 5.701244e+00
9.997227e-01 -3.361310e-04 2.354249e-02 3.221230e+00 3.638197e-04 9.999992e-01 -1.171737e-03 -2.904975e-01 -2.354199e-02 1.179974e-03 9.997221e-01 5.849081e+00
9.999152e-01 1.835595e-04 -1.301977e-02 3.278448e+00 -1.743766e-04 9.999997e-01 7.062239e-04 -2.964320e-01 1.301999e-02 -7.038974e-04 9.999149e-01 5.986604e+00
9.994849e-01 -5.757029e-04 3.208684e-02 3.341183e+00 6.226643e-04 9.999987e-01 -1.453515e-03 -3.017130e-01 -3.208587e-02 1.472742e-03 9.994840e-01 6.136683e+00
9.997334e-01 4.289326e-04 -2.308337e-02 3.481879e+00 -4.032373e-04 9.999993e-01 1.117670e-03 -3.085116e-01 2.308393e-02 -1.108067e-03 9.997329e-01 6.269280e+00
9.996965e-01 -4.086512e-04 2.463134e-02 3.643245e+00 4.361602e-04 9.999993e-01 -1.111357e-03 -3.157933e-01 -2.463078e-02 1.121759e-03 9.996959e-01 6.401059e+00
9.997261e-01 3.876866e-04 -2.339999e-02 3.716503e+00 -3.643832e-04 9.999994e-01 1.000004e-03 -3.233466e-01 2.340046e-02 -9.912075e-04 9.997256e-01 6.565447e+00
9.997133e-01 -3.919784e-04 2.394112e-02 3.768270e+00 4.182761e-04 9.999993e-01 -1.093322e-03 -3.301073e-01 -2.394058e-02 1.103019e-03 9.997127e-01 6.703881e+00
9.997355e-01 3.823301e-04 -2.299536e-02 3.823548e+00 -3.596100e-04 9.999994e-01 9.920326e-04 -3.369526e-01 2.299582e-02 -9.835046e-04 9.997350e-01 6.843455e+00
9.997159e-01 -3.507798e-04 2.383019e-02 3.848597e+00 3.772378e-04 9.999993e-01 -1.105670e-03 -3.417181e-01 -2.382969e-02 1.114342e-03 9.997153e-01 6.900940e+00
9.997086e-01 4.090793e-04 -2.413248e-02 3.878632e+00 -3.840085e-04 9.999994e-01 1.043383e-03 -3.448262e-01 2.413299e-02 -1.033815e-03 9.997082e-01 6.870345e+00
9.996952e-01 -3.952273e-04 2.468370e-02 3.895720e+00 4.234725e-04 9.999993e-01 -1.138959e-03 -3.496061e-01 -2.468314e-02 1.149061e-03 9.996946e-01 6.934900e+00
9.997162e-01 4.000074e-04 -2.381588e-02 3.912989e+00 -3.755522e-04 9.999994e-01 1.031183e-03 -3.542623e-01 2.381638e-02 -1.021951e-03 9.997158e-01 6.994296e+00
9.996949e-01 -3.837347e-04 2.469617e-02 3.922647e+00 4.121473e-04 9.999993e-01 -1.145296e-03 -3.586566e-01 -2.469562e-02 1.155121e-03 9.996943e-01 7.047801e+00
9.998188e-01 3.186153e-04 -1.903164e-02 3.959653e+00 -3.022502e-04 9.999996e-01 8.626013e-04 -3.646920e-01 1.903200e-02 -8.566966e-04 9.998184e-01 7.180714e+00
9.997311e-01 -3.055476e-04 2.318384e-02 3.996996e+00 3.312660e-04 9.999993e-01 -1.105370e-03 -3.697856e-01 -2.318339e-02 1.112749e-03 9.997305e-01 7.251318e+00
9.997216e-01 3.657023e-04 -2.359253e-02 4.029108e+00 -3.410995e-04 9.999994e-01 1.046711e-03 -3.738192e-01 2.359299e-02 -1.038377e-03 9.997210e-01 7.257274e+00
9.997149e-01 -3.370171e-04 2.387527e-02 4.062018e+00 3.640380e-04 9.999993e-01 -1.127299e-03 -3.781870e-01 -2.387477e-02 1.135666e-03 9.997142e-01 7.284686e+00
9.998445e-01 2.957763e-04 -1.762974e-02 4.101651e+00 -2.813775e-04 9.999996e-01 8.190376e-04 -3.837609e-01 1.763007e-02 -8.139535e-04 9.998442e-01 7.390852e+00
9.995138e-01 -5.421831e-04 3.117339e-02 4.152843e+00 5.848128e-04 9.999989e-01 -1.358309e-03 -3.893118e-01 -3.117253e-02 1.375875e-03 9.995130e-01 7.524237e+00
9.995328e-01 6.367106e-04 -3.055614e-02 4.202437e+00 -5.972981e-04 9.999990e-01 1.298847e-03 -3.947817e-01 3.055703e-02 -1.279993e-03 9.995321e-01 7.581197e+00
9.996944e-01 -4.243162e-04 2.471586e-02 4.244104e+00 4.525278e-04 9.999993e-01 -1.135741e-03 -3.990062e-01 -2.471527e-02 1.146574e-03 9.996938e-01 7.580441e+00
9.995502e-01 6.391912e-04 -2.998161e-02 4.316718e+00 -6.016842e-04 9.999990e-01 1.259901e-03 -4.007642e-01 2.998249e-02 -1.241298e-03 9.995496e-01 7.453581e+00
9.996024e-01 -5.032590e-04 2.818917e-02 4.340413e+00 5.396028e-04 9.999990e-01 -1.281588e-03 -4.022357e-01 -2.818840e-02 1.296285e-03 9.996017e-01 7.340121e+00
9.995697e-01 5.967978e-04 -2.932577e-02 4.335302e+00 -5.605563e-04 9.999991e-01 1.243927e-03 -4.051222e-01 2.932659e-02 -1.226957e-03 9.995691e-01 7.318886e+00
9.993876e-01 -5.620323e-04 3.498500e-02 4.361605e+00 6.134528e-04 9.999987e-01 -1.458991e-03 -4.087112e-01 -3.498404e-02 1.479555e-03 9.993867e-01 7.316335e+00
9.997544e-01 3.614877e-04 -2.215490e-02 4.402793e+00 -3.404902e-04 9.999995e-01 9.513822e-04 -4.138450e-01 2.215533e-02 -9.436090e-04 9.997540e-01 7.431536e+00
9.993531e-01 -5.891013e-04 3.595658e-02 4.445583e+00 6.432913e-04 9.999987e-01 -1.495464e-03 -4.189159e-01 -3.595556e-02 1.517623e-03 9.993522e-01 7.546211e+00
9.995951e-01 5.137341e-04 -2.844737e-02 4.485716e+00 -4.808054e-04 9.999992e-01 1.164247e-03 -4.251623e-01 2.844804e-02 -1.150102e-03 9.995945e-01 7.693757e+00
9.991618e-01 -6.951712e-04 4.092909e-02 4.545178e+00 7.648504e-04 9.999983e-01 -1.686730e-03 -4.310749e-01 -4.092775e-02 1.716617e-03 9.991606e-01 7.843822e+00
9.996175e-01 5.001839e-04 -2.765018e-02 4.594637e+00 -4.684964e-04 9.999992e-01 1.152359e-03 -4.366138e-01 2.765083e-02 -1.138968e-03 9.996169e-01 7.979889e+00
9.992870e-01 -6.376501e-04 3.774945e-02 4.623263e+00 6.970839e-04 9.999985e-01 -1.561204e-03 -4.417414e-01 -3.774830e-02 1.586401e-03 9.992860e-01 8.093420e+00
9.994386e-01 6.372589e-04 -3.349481e-02 4.634395e+00 -5.927728e-04 9.999989e-01 1.337960e-03 -4.469598e-01 3.349572e-02 -1.317359e-03 9.994379e-01 8.202082e+00
9.990436e-01 -7.398807e-04 4.371735e-02 4.687522e+00 8.181157e-04 9.999981e-01 -1.771628e-03 -4.530369e-01 -4.371585e-02 1.805695e-03 9.990423e-01 8.350197e+00
9.994733e-01 5.727450e-04 -3.244652e-02 4.736764e+00 -5.297889e-04 9.999990e-01 1.332376e-03 -4.588513e-01 3.244735e-02 -1.314489e-03 9.994725e-01 8.489439e+00
9.994076e-01 -5.177037e-04 3.441131e-02 4.746619e+00 5.687240e-04 9.999988e-01 -1.472792e-03 -4.633002e-01 -3.441041e-02 1.491486e-03 9.994066e-01 8.545077e+00
9.995496e-01 5.429807e-04 -3.000514e-02 4.772903e+00 -5.057144e-04 9.999991e-01 1.249453e-03 -4.667779e-01 3.000589e-02 -1.233720e-03 9.995489e-01 8.546695e+00
9.993764e-01 -5.631357e-04 3.530380e-02 4.795736e+00 6.155586e-04 9.999987e-01 -1.473963e-03 -4.703325e-01 -3.530282e-02 1.494771e-03 9.993755e-01 8.553460e+00
9.996079e-01 5.398686e-04 -2.799505e-02 4.835642e+00 -5.074030e-04 9.999992e-01 1.166651e-03 -4.747083e-01 2.799576e-02 -1.151993e-03 9.996073e-01 8.595878e+00
9.995567e-01 -4.771145e-04 2.976765e-02 4.904917e+00 5.158155e-04 9.999990e-01 -1.292324e-03 -4.775344e-01 -2.976691e-02 1.307101e-03 9.995560e-01 8.518976e+00
9.995471e-01 6.009316e-04 -3.008710e-02 5.021241e+00 -5.643317e-04 9.999991e-01 1.224819e-03 -4.788023e-01 3.008790e-02 -1.207289e-03 9.995465e-01 8.338470e+00
9.994987e-01 -5.398579e-04 3.165308e-02 5.109167e+00 5.824803e-04 9.999989e-01 -1.337234e-03 -4.811534e-01 -3.165223e-02 1.354997e-03 9.994980e-01 8.231821e+00
9.995216e-01 6.165156e-04 -3.092116e-02 5.165726e+00 -5.779480e-04 9.999990e-01 1.256093e-03 -4.833710e-01 3.092200e-02 -1.237625e-03 9.995210e-01 8.137332e+00
9.994367e-01 -5.700262e-04 3.355289e-02 5.197055e+00 6.179307e-04 9.999988e-01 -1.417276e-03 -4.869222e-01 -3.355195e-02 1.437207e-03 9.994359e-01 8.131513e+00
9.995855e-01 5.805491e-04 -2.878294e-02 5.223519e+00 -5.470785e-04 9.999992e-01 1.170594e-03 -4.911060e-01 2.878370e-02 -1.154366e-03 9.995849e-01 8.169285e+00
9.995225e-01 -5.357093e-04 3.089228e-02 5.280436e+00 5.766681e-04 9.999990e-01 -1.316851e-03 -4.960301e-01 -3.089145e-02 1.334032e-03 9.995218e-01 8.205190e+00
9.995463e-01 6.023394e-04 -3.011150e-02 5.364303e+00 -5.660068e-04 9.999991e-01 1.214986e-03 -5.008432e-01 3.011230e-02 -1.197395e-03 9.995457e-01 8.217556e+00
9.995698e-01 -4.997221e-04 2.932392e-02 5.467275e+00 5.369001e-04 9.999991e-01 -1.259857e-03 -5.042210e-01 -2.932316e-02 1.275055e-03 9.995691e-01 8.146688e+00
9.995421e-01 5.846043e-04 -3.025031e-02 5.569717e+00 -5.468659e-04 9.999991e-01 1.255672e-03 -5.098554e-01 3.025111e-02 -1.238558e-03 9.995415e-01 8.179634e+00
9.995719e-01 -5.354116e-04 2.925264e-02 5.624613e+00 5.727270e-04 9.999990e-01 -1.267144e-03 -5.168113e-01 -2.925184e-02 1.283351e-03 9.995712e-01 8.310268e+00
9.995575e-01 6.110635e-04 -2.973720e-02 5.691285e+00 -5.752576e-04 9.999991e-01 1.212495e-03 -5.216509e-01 2.973801e-02 -1.194856e-03 9.995570e-01 8.335837e+00
9.995986e-01 -4.969088e-04 2.832475e-02 5.746210e+00 5.318684e-04 9.999991e-01 -1.226601e-03 -5.251180e-01 -2.832401e-02 1.241169e-03 9.995980e-01 8.294579e+00
9.995852e-01 5.346333e-04 -2.879432e-02 5.765049e+00 -5.009674e-04 9.999992e-01 1.176257e-03 -5.304264e-01 2.879502e-02 -1.161349e-03 9.995846e-01 8.381772e+00
9.995985e-01 -4.775825e-04 2.832896e-02 5.808692e+00 5.125487e-04 9.999991e-01 -1.226921e-03 -5.359414e-01 -2.832825e-02 1.240944e-03 9.995978e-01 8.455982e+00
9.996027e-01 4.898301e-04 -2.818157e-02 5.853614e+00 -4.573486e-04 9.999992e-01 1.158882e-03 -5.421123e-01 2.818222e-02 -1.145537e-03 9.996021e-01 8.562703e+00
9.996081e-01 -4.636180e-04 2.798926e-02 5.881787e+00 4.979103e-04 9.999991e-01 -1.218113e-03 -5.485012e-01 -2.798857e-02 1.231567e-03 9.996074e-01 8.697951e+00
9.996039e-01 4.856712e-04 -2.813849e-02 5.898939e+00 -4.533439e-04 9.999992e-01 1.155100e-03 -5.543780e-01 2.813913e-02 -1.141890e-03 9.996033e-01 8.813849e+00
9.994911e-01 -5.079662e-04 3.189512e-02 5.932347e+00 5.512349e-04 9.999989e-01 -1.347704e-03 -5.605976e-01 -3.189430e-02 1.364596e-03 9.994903e-01 8.951772e+00
9.994185e-01 5.909209e-04 -3.409149e-02 5.955938e+00 -5.445157e-04 9.999989e-01 1.370354e-03 -5.672774e-01 3.409236e-02 -1.350998e-03 9.994177e-01 9.086200e+00
9.995529e-01 -4.355386e-04 2.989500e-02 5.967763e+00 4.734891e-04 9.999991e-01 -1.262278e-03 -5.720734e-01 -2.989432e-02 1.275864e-03 9.995522e-01 9.134426e+00
9.994824e-01 5.363746e-04 -3.216333e-02 5.999841e+00 -4.957919e-04 9.999991e-01 1.269616e-03 -5.763254e-01 3.216408e-02 -1.253017e-03 9.994818e-01 9.145989e+00
9.995183e-01 -4.359049e-04 3.103012e-02 6.015862e+00 4.767236e-04 9.999990e-01 -1.307957e-03 -5.792749e-01 -3.102942e-02 1.322116e-03 9.995175e-01 9.115598e+00
9.994893e-01 5.310591e-04 -3.194854e-02 6.033419e+00 -4.908428e-04 9.999991e-01 1.266497e-03 -5.825665e-01 3.194928e-02 -1.250173e-03 9.994887e-01 9.094471e+00
9.995276e-01 -4.634804e-04 3.072857e-02 6.044301e+00 5.038224e-04 9.999990e-01 -1.305006e-03 -5.878828e-01 -3.072783e-02 1.319867e-03 9.995269e-01 9.177613e+00
9.994951e-01 4.857228e-04 -3.176899e-02 6.080723e+00 -4.443286e-04 9.999990e-01 1.309904e-03 -5.950549e-01 3.176969e-02 -1.295131e-03 9.994943e-01 9.333051e+00
9.995219e-01 -4.049208e-04 3.091556e-02 6.126140e+00 4.460993e-04 9.999990e-01 -1.324971e-03 -6.021213e-01 -3.091489e-02 1.338125e-03 9.995211e-01 9.472351e+00
9.994692e-01 5.054944e-04 -3.257223e-02 6.146769e+00 -4.632507e-04 9.999990e-01 1.304344e-03 -6.064840e-01 3.257295e-02 -1.288567e-03 9.994685e-01 9.497603e+00
9.993687e-01 -5.025857e-04 3.552253e-02 6.172579e+00 5.546499e-04 9.999988e-01 -1.455729e-03 -6.123652e-01 -3.552166e-02 1.474509e-03 9.993678e-01 9.614502e+00
9.995892e-01 4.041330e-04 -2.865524e-02 6.236581e+00 -3.717564e-04 9.999993e-01 1.135052e-03 -6.195686e-01 2.865577e-02 -1.123938e-03 9.995887e-01 9.799152e+00
9.995104e-01 -4.428002e-04 3.128478e-02 6.300949e+00 4.835580e-04 9.999990e-01 -1.295134e-03 -6.271348e-01 -3.128408e-02 1.309624e-03 9.995096e-01 9.980199e+00
9.996451e-01 4.047210e-04 -2.663545e-02 6.351516e+00 -3.770351e-04 9.999994e-01 1.044306e-03 -6.339455e-01 2.663596e-02 -1.033897e-03 9.996446e-01 1.014330e+01
9.995684e-01 -3.937678e-04 2.937396e-02 6.389779e+00 4.297367e-04 9.999992e-01 -1.218092e-03 -6.404272e-01 -2.937336e-02 1.230185e-03 9.995677e-01 1.028195e+01
9.995186e-01 4.803000e-04 -3.101933e-02 6.419630e+00 -4.419016e-04 9.999991e-01 1.244606e-03 -6.465684e-01 3.102000e-02 -1.230304e-03 9.995180e-01 1.039198e+01
9.992263e-01 -5.495899e-04 3.932511e-02 6.457579e+00 6.129825e-04 9.999985e-01 -1.599884e-03 -6.519898e-01 -3.932407e-02 1.622747e-03 9.992251e-01 1.050677e+01
9.993613e-01 5.405601e-04 -3.572890e-02 6.492243e+00 -4.895589e-04 9.999988e-01 1.436075e-03 -6.582148e-01 3.572973e-02 -1.417670e-03 9.993604e-01 1.063861e+01
9.993166e-01 -4.854598e-04 3.695866e-02 6.523342e+00 5.419444e-04 9.999987e-01 -1.518217e-03 -6.645658e-01 -3.695778e-02 1.537205e-03 9.993156e-01 1.076907e+01
9.994136e-01 4.980126e-04 -3.423486e-02 6.543880e+00 -4.517957e-04 9.999990e-01 1.357604e-03 -6.705381e-01 3.423560e-02 -1.341345e-03 9.994128e-01 1.089508e+01
9.990418e-01 -5.939880e-04 4.376210e-02 6.586386e+00 6.712918e-04 9.999982e-01 -1.751697e-03 -6.762928e-01 -4.376088e-02 1.779392e-03 9.990404e-01 1.102953e+01
9.997145e-01 2.164216e-04 -2.389259e-02 6.635286e+00 -1.921198e-04 9.999995e-01 1.019248e-03 -6.805780e-01 2.389290e-02 -1.014371e-03 9.997140e-01 1.113790e+01
9.988481e-01 -7.370795e-04 4.797815e-02 6.684473e+00 8.277750e-04 9.999979e-01 -1.870430e-03 -6.845375e-01 -4.797657e-02 1.907986e-03 9.988466e-01 1.124608e+01
9.996181e-01 3.287153e-04 -2.763190e-02 6.734160e+00 -2.970942e-04 9.999993e-01 1.148313e-03 -6.888364e-01 2.763236e-02 -1.139669e-03 9.996175e-01 1.135355e+01
9.987263e-01 -7.732364e-04 5.044792e-02 6.784305e+00 8.741630e-04 9.999977e-01 -1.978496e-03 -6.928816e-01 -5.044618e-02 2.020071e-03 9.987247e-01 1.146392e+01
9.995521e-01 3.719800e-04 -2.992256e-02 6.835228e+00 -3.346095e-04 9.999992e-01 1.253751e-03 -6.972959e-01 2.992310e-02 -1.243182e-03 9.995514e-01 1.157525e+01
9.990657e-01 -5.927566e-04 4.321151e-02 6.877839e+00 6.687940e-04 9.999983e-01 -1.745122e-03 -7.020709e-01 -4.321030e-02 1.772386e-03 9.990644e-01 1.167214e+01
9.993449e-01 6.207820e-04 -3.618409e-02 6.905409e+00 -5.686459e-04 9.999988e-01 1.451003e-03 -7.071168e-01 3.618504e-02 -1.429481e-03 9.993440e-01 1.176512e+01
9.988170e-01 -8.256165e-04 4.861839e-02 6.950006e+00 9.188694e-04 9.999978e-01 -1.895651e-03 -7.124966e-01 -4.861662e-02 1.938078e-03 9.988156e-01 1.188624e+01
9.991491e-01 7.831488e-04 -4.123525e-02 6.981716e+00 -7.178869e-04 9.999985e-01 1.597342e-03 -7.181168e-01 4.123653e-02 -1.566385e-03 9.991481e-01 1.201340e+01
9.989690e-01 -7.695448e-04 4.539030e-02 6.999317e+00 8.519120e-04 9.999980e-01 -1.795230e-03 -7.239527e-01 -4.538873e-02 1.832044e-03 9.989677e-01 1.214647e+01
9.993583e-01 6.975950e-04 -3.581184e-02 7.027413e+00 -6.478591e-04 9.999988e-01 1.400262e-03 -7.289178e-01 3.581288e-02 -1.376166e-03 9.993575e-01 1.225294e+01
9.989825e-01 -7.960280e-04 4.509071e-02 7.056729e+00 8.767068e-04 9.999981e-01 -1.769408e-03 -7.342382e-01 -4.508911e-02 1.807135e-03 9.989813e-01 1.237284e+01
9.991410e-01 8.231605e-04 -4.142990e-02 7.073955e+00 -7.581518e-04 9.999985e-01 1.584694e-03 -7.399708e-01 4.143124e-02 -1.551927e-03 9.991401e-01 1.250020e+01
9.990695e-01 -7.469519e-04 4.312275e-02 7.103202e+00 8.189935e-04 9.999983e-01 -1.652870e-03 -7.456245e-01 -4.312134e-02 1.686645e-03 9.990684e-01 1.259774e+01
9.989316e-01 1.043559e-03 -4.620090e-02 7.136232e+00 -9.594688e-04 9.999978e-01 1.842137e-03 -7.508115e-01 4.620282e-02 -1.795844e-03 9.989304e-01 1.266777e+01
9.983580e-01 -1.162677e-03 5.726962e-02 7.176562e+00 1.292039e-03 9.999967e-01 -2.221767e-03 -7.556558e-01 -5.726675e-02 2.292109e-03 9.983562e-01 1.276019e+01
9.982101e-01 1.394939e-03 -5.978665e-02 7.204612e+00 -1.256499e-03 9.999964e-01 2.353018e-03 -7.612718e-01 5.978982e-02 -2.273689e-03 9.982084e-01 1.284968e+01
9.986665e-01 -1.048508e-03 5.161429e-02 7.225371e+00 1.153144e-03 9.999973e-01 -1.997445e-03 -7.666151e-01 -5.161196e-02 2.054296e-03 9.986651e-01 1.291829e+01
9.981682e-01 1.406239e-03 -6.048232e-02 7.240787e+00 -1.267837e-03 9.999965e-01 2.326536e-03 -7.718709e-01 6.048548e-02 -2.245597e-03 9.981665e-01 1.299295e+01
9.989202e-01 -8.988691e-04 4.644930e-02 7.271219e+00 9.805019e-04 9.999980e-01 -1.734609e-03 -7.771256e-01 -4.644755e-02 1.778275e-03 9.989191e-01 1.306629e+01
9.986238e-01 1.087182e-03 -5.243237e-02 7.282635e+00 -9.857515e-04 9.999976e-01 1.960230e-03 -7.834554e-01 5.243447e-02 -1.905852e-03 9.986225e-01 1.318672e+01
9.989223e-01 -8.491415e-04 4.640408e-02 7.293453e+00 9.300853e-04 9.999981e-01 -1.722667e-03 -7.887132e-01 -4.640243e-02 1.763966e-03 9.989212e-01 1.325710e+01
9.987944e-01 1.001785e-03 -4.907780e-02 7.296249e+00 -9.157468e-04 9.999980e-01 1.775456e-03 -7.933210e-01 4.907958e-02 -1.728377e-03 9.987933e-01 1.330639e+01
9.988598e-01 -8.187009e-04 4.773265e-02 7.302643e+00 9.028650e-04 9.999981e-01 -1.741615e-03 -7.977668e-01 -4.773104e-02 1.782721e-03 9.988586e-01 1.335076e+01
9.990448e-01 8.468269e-04 -4.368878e-02 7.309387e+00 -7.793191e-04 9.999985e-01 1.562099e-03 -8.019759e-01 4.369013e-02 -1.526564e-03 9.990439e-01 1.340564e+01
9.989262e-01 -8.165518e-04 4.632198e-02 7.320002e+00 8.957139e-04 9.999982e-01 -1.688128e-03 -8.073149e-01 -4.632042e-02 1.727802e-03 9.989251e-01 1.350910e+01
9.991339e-01 8.655970e-04 -4.160062e-02 7.336940e+00 -8.048728e-04 9.999986e-01 1.476308e-03 -8.111482e-01 4.160194e-02 -1.441551e-03 9.991332e-01 1.352925e+01
9.991439e-01 -7.552756e-04 4.136244e-02 7.318818e+00 8.179256e-04 9.999985e-01 -1.497651e-03 -8.133938e-01 -4.136114e-02 1.530195e-03 9.991430e-01 1.348189e+01
9.992238e-01 7.947290e-04 -3.938365e-02 7.300044e+00 -7.408439e-04 9.999988e-01 1.382664e-03 -8.168717e-01 3.938480e-02 -1.352418e-03 9.992232e-01 1.351422e+01
9.990920e-01 -7.795025e-04 4.259637e-02 7.297493e+00 8.459014e-04 9.999985e-01 -1.540688e-03 -8.219334e-01 -4.259500e-02 1.575317e-03 9.990911e-01 1.362052e+01
9.994466e-01 6.575816e-04 -3.325553e-02 7.328433e+00 -6.190874e-04 9.999991e-01 1.167668e-03 -8.276385e-01 3.325637e-02 -1.146438e-03 9.994461e-01 1.375860e+01
9.994544e-01 -6.525307e-04 3.302231e-02 7.320750e+00 6.931520e-04 9.999990e-01 -1.218547e-03 -8.330288e-01 -3.302139e-02 1.240767e-03 9.994538e-01 1.387662e+01
9.995121e-01 6.288146e-04 -3.122537e-02 7.335703e+00 -5.944745e-04 9.999992e-01 1.108867e-03 -8.392698e-01 3.122614e-02 -1.089768e-03 9.995117e-01 1.402412e+01
9.994278e-01 -6.406773e-04 3.381629e-02 7.358824e+00 6.834209e-04 9.999990e-01 -1.252315e-03 -8.458176e-01 -3.381536e-02 1.274705e-03 9.994272e-01 1.418106e+01
9.995143e-01 6.024678e-04 -3.115448e-02 7.368715e+00 -5.683679e-04 9.999992e-01 1.103231e-03 -8.516415e-01 3.115522e-02 -1.084993e-03 9.995139e-01 1.432044e+01
9.996919e-01 -4.605891e-04 2.481561e-02 7.380368e+00 4.838943e-04 9.999994e-01 -9.329540e-04 -8.583169e-01 -2.481507e-02 9.446702e-04 9.996916e-01 1.446523e+01
9.993340e-01 7.838201e-04 -3.648002e-02 7.398300e+00 -7.343921e-04 9.999988e-01 1.368182e-03 -8.645275e-01 3.648115e-02 -1.340485e-03 9.993334e-01 1.459041e+01
9.995232e-01 -6.599778e-04 3.086779e-02 7.413055e+00 6.965102e-04 9.999991e-01 -1.172630e-03 -8.715305e-01 -3.086689e-02 1.193566e-03 9.995227e-01 1.473992e+01
9.994114e-01 7.503299e-04 -3.429610e-02 7.414459e+00 -7.074752e-04 9.999990e-01 1.261531e-03 -8.773571e-01 3.429711e-02 -1.236529e-03 9.994109e-01 1.484986e+01
9.994814e-01 -6.699997e-04 3.219396e-02 7.396089e+00 7.110769e-04 9.999989e-01 -1.264361e-03 -8.820004e-01 -3.219298e-02 1.286593e-03 9.994808e-01 1.492245e+01
9.995110e-01 6.213302e-04 -3.126262e-02 7.427685e+00 -5.840459e-04 9.999991e-01 1.201583e-03 -8.889035e-01 3.126343e-02 -1.182741e-03 9.995104e-01 1.508584e+01
9.994370e-01 -6.593950e-04 3.354414e-02 7.481671e+00 7.042542e-04 9.999989e-01 -1.325389e-03 -8.968520e-01 -3.354313e-02 1.348262e-03 9.994363e-01 1.529100e+01
9.992888e-01 7.619987e-04 -3.769835e-02 7.510653e+00 -7.078720e-04 9.999987e-01 1.448986e-03 -9.036652e-01 3.769950e-02 -1.421274e-03 9.992881e-01 1.542272e+01
9.995551e-01 -4.927874e-04 2.981982e-02 7.580921e+00 5.276984e-04 9.999992e-01 -1.162723e-03 -9.082608e-01 -2.981912e-02 1.177937e-03 9.995546e-01 1.542540e+01
9.993786e-01 6.951050e-04 -3.523906e-02 7.664740e+00 -6.474137e-04 9.999989e-01 1.364627e-03 -9.137167e-01 3.524007e-02 -1.340969e-03 9.993779e-01 1.546049e+01
9.994476e-01 -5.982375e-04 3.322601e-02 7.718017e+00 6.438232e-04 9.999989e-01 -1.361177e-03 -9.187766e-01 -3.322506e-02 1.381812e-03 9.994469e-01 1.549943e+01
9.993513e-01 7.322972e-04 -3.600482e-02 7.788981e+00 -6.827557e-04 9.999988e-01 1.388114e-03 -9.230500e-01 3.600589e-02 -1.362636e-03 9.993506e-01 1.548293e+01
9.994945e-01 -5.612686e-04 3.178708e-02 7.917604e+00 6.016610e-04 9.999990e-01 -1.261028e-03 -9.262051e-01 -3.178624e-02 1.279511e-03 9.994938e-01 1.538574e+01
9.994231e-01 6.736464e-04 -3.395342e-02 8.081182e+00 -6.297209e-04 9.999990e-01 1.304238e-03 -9.281983e-01 3.395437e-02 -1.282109e-03 9.994225e-01 1.521748e+01
9.995145e-01 -5.467935e-04 3.115193e-02 8.288455e+00 5.857772e-04 9.999991e-01 -1.242155e-03 -9.277058e-01 -3.115112e-02 1.259795e-03 9.995138e-01 1.491273e+01
9.994501e-01 7.359752e-04 -3.314872e-02 8.556363e+00 -6.958631e-04 9.999990e-01 1.221447e-03 -9.230200e-01 3.314969e-02 -1.197713e-03 9.994496e-01 1.436934e+01
9.995329e-01 -5.025489e-04 3.055551e-02 8.837752e+00 5.401342e-04 9.999991e-01 -1.221683e-03 -9.164317e-01 -3.055477e-02 1.237612e-03 9.995323e-01 1.372456e+01
9.994520e-01 7.277417e-04 -3.309081e-02 9.105930e+00 -6.879676e-04 9.999990e-01 1.213201e-03 -9.103664e-01 3.309176e-02 -1.189775e-03 9.994516e-01 1.311204e+01
9.995939e-01 -5.026944e-04 2.848862e-02 9.401970e+00 5.348717e-04 9.999992e-01 -1.121720e-03 -9.029890e-01 -2.848793e-02 1.136498e-03 9.995934e-01 1.242742e+01
9.994982e-01 7.034692e-04 -3.166618e-02 9.692967e+00 -6.668052e-04 9.999991e-01 1.168231e-03 -8.967687e-01 3.166707e-02 -1.146534e-03 9.994978e-01 1.180387e+01
9.995276e-01 -5.624781e-04 3.072599e-02 9.905363e+00 6.005426e-04 9.999991e-01 -1.229486e-03 -8.955444e-01 -3.072517e-02 1.247353e-03 9.995270e-01 1.145500e+01
9.994907e-01 7.223177e-04 -3.190304e-02 1.011594e+01 -6.851379e-04 9.999991e-01 1.176175e-03 -8.939263e-01 3.190396e-02 -1.153722e-03 9.994902e-01 1.108409e+01
9.995208e-01 -5.915225e-04 3.094873e-02 1.031030e+01 6.298650e-04 9.999990e-01 -1.229033e-03 -8.937470e-01 -3.094788e-02 1.247933e-03 9.995202e-01 1.079564e+01
9.994853e-01 6.967916e-04 -3.206966e-02 1.048783e+01 -6.582623e-04 9.999990e-01 1.211827e-03 -8.955316e-01 3.207058e-02 -1.190098e-03 9.994848e-01 1.060979e+01
9.995176e-01 -5.537556e-04 3.105224e-02 1.061949e+01 5.927837e-04 9.999990e-01 -1.247524e-03 -8.970282e-01 -3.105142e-02 1.265325e-03 9.995169e-01 1.043152e+01
9.995109e-01 6.711482e-04 -3.126492e-02 1.073612e+01 -6.343630e-04 9.999991e-01 1.186324e-03 -8.973928e-01 3.126579e-02 -1.165915e-03 9.995104e-01 1.020592e+01
9.996349e-01 -4.412265e-04 2.701582e-02 1.093809e+01 4.680301e-04 9.999994e-01 -9.856722e-04 -8.986806e-01 -2.701527e-02 9.979519e-04 9.996345e-01 9.988429e+00
9.994077e-01 7.286754e-04 -3.440468e-02 1.114548e+01 -6.803939e-04 9.999988e-01 1.414900e-03 -9.013818e-01 3.440577e-02 -1.390657e-03 9.994069e-01 9.859028e+00
9.995119e-01 -6.342265e-04 3.123313e-02 1.139805e+01 6.744299e-04 9.999990e-01 -1.276552e-03 -9.004896e-01 -3.123219e-02 1.296989e-03 9.995113e-01 9.519267e+00
9.993623e-01 8.197770e-04 -3.569710e-02 1.170813e+01 -7.659835e-04 9.999986e-01 1.520469e-03 -8.967329e-01 3.569839e-02 -1.492160e-03 9.993614e-01 9.024346e+00
9.995179e-01 -5.674162e-04 3.104234e-02 1.199659e+01 6.037224e-04 9.999991e-01 -1.160078e-03 -8.980366e-01 -3.104155e-02 1.178255e-03 9.995173e-01 8.796817e+00
9.995212e-01 6.618724e-04 -3.093369e-02 1.221751e+01 -6.229442e-04 9.999990e-01 1.267920e-03 -9.039293e-01 3.093460e-02 -1.248047e-03 9.995206e-01 8.831718e+00
9.994819e-01 -7.191292e-04 3.217504e-02 1.244301e+01 7.574213e-04 9.999990e-01 -1.177817e-03 -9.114120e-01 -3.217406e-02 1.201573e-03 9.994815e-01 8.949843e+00
9.993356e-01 8.149653e-04 -3.643578e-02 1.272156e+01 -7.545063e-04 9.999983e-01 1.672932e-03 -9.195327e-01 3.643719e-02 -1.644333e-03 9.993345e-01 9.066519e+00
9.993440e-01 -8.480808e-04 3.620406e-02 1.293862e+01 9.020807e-04 9.999985e-01 -1.475123e-03 -9.281206e-01 -3.620266e-02 1.506810e-03 9.993433e-01 9.242585e+00
9.995091e-01 6.559341e-04 -3.132008e-02 1.317014e+01 -6.116066e-04 9.999988e-01 1.424725e-03 -9.366433e-01 3.132107e-02 -1.404875e-03 9.995083e-01 9.426100e+00
9.993981e-01 -7.682698e-04 3.468092e-02 1.351482e+01 8.128811e-04 9.999989e-01 -1.272136e-03 -9.444410e-01 -3.467980e-02 1.299557e-03 9.993976e-01 9.542659e+00
9.991872e-01 8.346074e-04 -4.029996e-02 1.377959e+01 -7.556273e-04 9.999978e-01 1.974891e-03 -9.549505e-01 4.030162e-02 -1.942839e-03 9.991856e-01 9.788230e+00
9.992307e-01 -9.510842e-04 3.920553e-02 1.393881e+01 1.021864e-03 9.999979e-01 -1.785252e-03 -9.645904e-01 -3.920365e-02 1.823936e-03 9.992295e-01 1.002623e+01
9.992490e-01 9.149819e-04 -3.873713e-02 1.410694e+01 -8.410717e-04 9.999978e-01 1.924138e-03 -9.736778e-01 3.873890e-02 -1.890116e-03 9.992475e-01 1.023897e+01
9.993972e-01 -8.902218e-04 3.470368e-02 1.423146e+01 9.439488e-04 9.999984e-01 -1.531696e-03 -9.832383e-01 -3.470216e-02 1.563527e-03 9.993964e-01 1.047693e+01
9.993917e-01 8.659246e-04 -3.486096e-02 1.436480e+01 -8.087246e-04 9.999983e-01 1.654748e-03 -9.919914e-01 3.486243e-02 -1.625553e-03 9.993907e-01 1.068367e+01
9.990726e-01 -9.515717e-04 4.304516e-02 1.455360e+01 1.034529e-03 9.999977e-01 -1.904880e-03 -9.988191e-01 -4.304315e-02 1.947641e-03 9.990713e-01 1.081885e+01
9.992621e-01 8.317753e-04 -3.839956e-02 1.470548e+01 -7.647279e-04 9.999982e-01 1.760586e-03 -1.007043e+00 3.840106e-02 -1.729926e-03 9.992609e-01 1.101111e+01
9.990766e-01 -8.699641e-04 4.295546e-02 1.498910e+01 9.453800e-04 9.999980e-01 -1.735302e-03 -1.013806e+00 -4.295377e-02 1.774304e-03 9.990754e-01 1.109472e+01
9.992751e-01 8.398199e-04 -3.805911e-02 1.526753e+01 -7.745783e-04 9.999982e-01 1.728816e-03 -1.020505e+00 3.806059e-02 -1.698088e-03 9.992739e-01 1.118335e+01
9.986264e-01 -1.188559e-03 5.238230e-02 1.555303e+01 1.301709e-03 9.999969e-01 -2.125940e-03 -1.028131e+00 -5.237951e-02 2.191202e-03 9.986248e-01 1.136420e+01
9.995298e-01 6.849802e-04 -3.065164e-02 1.582689e+01 -6.425707e-04 9.999988e-01 1.393279e-03 -1.036356e+00 3.065266e-02 -1.372933e-03 9.995291e-01 1.161592e+01
9.987041e-01 -1.194030e-03 5.087767e-02 1.607201e+01 1.303285e-03 9.999969e-01 -2.114199e-03 -1.044629e+00 -5.087489e-02 2.177763e-03 9.987026e-01 1.187141e+01
9.996126e-01 7.082660e-04 -2.781998e-02 1.629080e+01 -6.741618e-04 9.999990e-01 1.235078e-03 -1.051965e+00 2.782093e-02 -1.215848e-03 9.996121e-01 1.209462e+01
9.996499e-01 -7.582547e-04 2.644737e-02 1.652453e+01 7.834539e-04 9.999992e-01 -9.422849e-04 -1.061293e+00 -2.644654e-02 9.626707e-04 9.996497e-01 1.230510e+01
9.998174e-01 5.016787e-04 -1.910027e-02 1.679712e+01 -4.860136e-04 9.999995e-01 8.245331e-04 -1.069543e+00 1.910077e-02 -8.151040e-04 9.998172e-01 1.247947e+01
9.996641e-01 -8.367914e-04 2.590104e-02 1.711707e+01 8.594019e-04 9.999993e-01 -8.616564e-04 -1.078560e+00 -2.590020e-02 8.836218e-04 9.996641e-01 1.268170e+01
9.998246e-01 5.333812e-04 -1.871701e-02 1.740013e+01 -5.187890e-04 9.999996e-01 7.842111e-04 -1.087743e+00 1.871752e-02 -7.743678e-04 9.998245e-01 1.290363e+01
9.997449e-01 -7.035354e-04 2.257309e-02 1.781111e+01 7.158429e-04 9.999996e-01 -5.369449e-04 -1.095739e+00 -2.257261e-02 5.529622e-04 9.997450e-01 1.301396e+01
9.998072e-01 6.554234e-04 -1.962190e-02 1.830470e+01 -6.378569e-04 9.999994e-01 9.012475e-04 -1.102872e+00 1.962258e-02 -8.885622e-04 9.998070e-01 1.306093e+01
9.997514e-01 -7.001093e-04 2.228186e-02 1.869049e+01 7.141407e-04 9.999996e-01 -6.215621e-04 -1.110413e+00 -2.228131e-02 6.373154e-04 9.997515e-01 1.315379e+01
9.998080e-01 6.416845e-04 -1.958254e-02 1.906343e+01 -6.250097e-04 9.999994e-01 8.573737e-04 -1.117703e+00 1.958318e-02 -8.449742e-04 9.998078e-01 1.323691e+01
9.998185e-01 -7.682882e-04 1.903549e-02 1.936970e+01 7.809650e-04 9.999995e-01 -6.582826e-04 -1.125697e+00 -1.903487e-02 6.730247e-04 9.998185e-01 1.333980e+01
9.997666e-01 5.230100e-04 -2.159677e-02 1.957206e+01 -5.043049e-04 9.999995e-01 8.713200e-04 -1.134669e+00 2.159732e-02 -8.602297e-04 9.997663e-01 1.350287e+01
9.998404e-01 -9.133878e-04 1.783994e-02 1.973441e+01 9.227765e-04 9.999994e-01 -5.177907e-04 -1.146017e+00 -1.783936e-02 5.341658e-04 9.998407e-01 1.380457e+01
9.997241e-01 4.948508e-04 -2.347992e-02 1.988644e+01 -4.704028e-04 9.999993e-01 1.046535e-03 -1.158539e+00 2.348053e-02 -1.035205e-03 9.997237e-01 1.416513e+01
9.998600e-01 -9.097214e-04 1.670562e-02 2.001533e+01 9.174952e-04 9.999995e-01 -4.574059e-04 -1.171526e+00 -1.670510e-02 4.726646e-04 9.998603e-01 1.455364e+01
9.997036e-01 3.750238e-04 -2.434086e-02 2.017033e+01 -3.462683e-04 9.999992e-01 1.185376e-03 -1.185581e+00 2.434139e-02 -1.176601e-03 9.997030e-01 1.499536e+01
9.998181e-01 -7.759458e-04 1.905577e-02 2.027980e+01 7.911025e-04 9.999994e-01 -7.876169e-04 -1.198058e+00 -1.905505e-02 8.025442e-04 9.998181e-01 1.535623e+01
9.997365e-01 4.968326e-04 -2.294756e-02 2.037875e+01 -4.713556e-04 9.999993e-01 1.115414e-03 -1.208861e+00 2.294820e-02 -1.104308e-03 9.997360e-01 1.565339e+01
