1.000000e+00 -6.040871e-05 3.291834e-05 -4.466724e-02 6.040856e-05 1.000000e+00 4.873714e-06 -1.823368e-02 -3.291859e-05 -4.871247e-06 9.999999e-01 7.696733e-01
9.999998e-01 1.004094e-05 -6.754055e-04 -7.010555e-02 -1.000737e-05 1.000000e+00 4.967924e-05 -4.002877e-02 6.754060e-04 -4.967198e-05 9.999997e-01 1.653575e+00
9.999537e-01 2.254987e-04 -9.621258e-03 -9.221406e-02 -2.215691e-04 9.999999e-01 4.094930e-04 -6.371198e-02 9.621348e-03 -4.073417e-04 9.999535e-01 2.596048e+00
9.999474e-01 3.064970e-04 -1.024983e-02 -1.045910e-01 -3.026691e-04 9.999999e-01 3.750104e-04 -7.797937e-02 1.024994e-02 -3.718878e-04 9.999473e-01 3.148384e+00
9.997699e-01 5.686294e-04 -2.144393e-02 -1.375321e-01 -5.500060e-04 9.999995e-01 8.743558e-04 -9.182828e-02 2.144440e-02 -8.623596e-04 9.997696e-01 3.714856e+00
9.999999e-01 2.663648e-05 4.495159e-04 -2.345237e-01 -2.660106e-05 1.000000e+00 -7.868653e-05 -1.006967e-01 -4.495263e-04 7.867537e-05 9.999998e-01 4.191988e+00
9.999575e-01 1.986782e-04 -9.214620e-03 -4.563795e-01 -1.955185e-04 9.999999e-01 3.437964e-04 -9.014851e-02 9.214678e-03 -3.419793e-04 9.999574e-01 4.049206e+00
9.999702e-01 -1.963887e-04 7.716533e-03 -4.997545e-01 1.988017e-04 9.999999e-01 -3.119352e-04 -1.049623e-01 -7.716481e-03 3.134608e-04 9.999701e-01 4.667907e+00
9.998169e-01 4.641137e-04 -1.913176e-02 -5.486099e-01 -4.496265e-04 9.999996e-01 7.615243e-04 -1.219163e-01 1.913209e-02 -7.527818e-04 9.998166e-01 5.365179e+00
9.999834e-01 -1.109723e-04 5.764414e-03 -6.825019e-01 1.125975e-04 1.000000e+00 -2.816119e-04 -1.313389e-01 -5.764394e-03 2.822572e-04 9.999832e-01 5.883910e+00
9.999436e-01 2.099292e-04 -1.061931e-02 -8.959728e-01 -2.056004e-04 9.999999e-01 4.087155e-04 -1.328285e-01 1.061939e-02 -4.065082e-04 9.999434e-01 6.194239e+00
9.998991e-01 -3.632343e-04 1.419744e-02 -1.181354e+00 3.716009e-04 9.999998e-01 -5.866636e-04 -1.287021e-01 -1.419723e-02 5.918812e-04 9.998989e-01 6.392346e+00
9.998564e-01 4.001017e-04 -1.693985e-02 -1.393303e+00 -3.892581e-04 9.999997e-01 6.434115e-04 -1.338375e-01 1.694009e-02 -6.367243e-04 9.998562e-01 6.832931e+00
9.998938e-01 -3.901309e-04 1.456726e-02 -1.470227e+00 3.982145e-04 9.999998e-01 -5.520156e-04 -1.526640e-01 -1.456706e-02 5.577588e-04 9.998936e-01 7.670196e+00
9.995615e-01 7.728840e-04 -2.960031e-02 -1.529639e+00 -7.389848e-04 9.999991e-01 1.156153e-03 -1.683596e-01 2.960116e-02 -1.133771e-03 9.995610e-01 8.329607e+00
9.997190e-01 -5.988488e-04 2.369634e-02 -1.490174e+00 6.221411e-04 9.999993e-01 -9.755818e-04 -1.766359e-01 -2.369576e-02 9.900512e-04 9.997186e-01 8.575822e+00
9.996155e-01 6.989087e-04 -2.772017e-02 -1.524804e+00 -6.697677e-04 9.999992e-01 1.060527e-03 -1.774231e-01 2.772087e-02 -1.041552e-03 9.996151e-01 8.593720e+00
9.998233e-01 -4.626331e-04 1.879027e-02 -1.637382e+00 4.774429e-04 9.999996e-01 -7.836807e-04 -1.683718e-01 -1.878991e-02 7.925146e-04 9.998230e-01 8.327809e+00
9.991410e-01 1.106669e-03 -4.142444e-02 -1.641739e+00 -1.039943e-03 9.999981e-01 1.632295e-03 -1.678406e-01 4.142616e-02 -1.587813e-03 9.991402e-01 8.259786e+00
9.998811e-01 -3.458102e-04 1.541427e-02 -1.777727e+00 3.558326e-04 9.999997e-01 -6.474578e-04 -1.688908e-01 -1.541406e-02 6.528669e-04 9.998809e-01 8.453071e+00
9.997759e-01 4.981759e-04 -2.116239e-02 -1.797816e+00 -4.815123e-04 9.999996e-01 7.924942e-04 -1.692548e-01 2.116276e-02 -7.821255e-04 9.997756e-01 8.473560e+00
9.997928e-01 -4.906299e-04 2.034864e-02 -1.881851e+00 5.073298e-04 9.999995e-01 -8.155279e-04 -1.726865e-01 -2.034825e-02 8.256836e-04 9.997925e-01 8.691727e+00
9.994346e-01 8.678655e-04 -3.361235e-02 -2.023945e+00 -8.257503e-04 9.999989e-01 1.266826e-03 -1.692429e-01 3.361339e-02 -1.238353e-03 9.994340e-01 8.712013e+00
9.997620e-01 -5.625491e-04 2.180824e-02 -1.863565e+00 5.810409e-04 9.999995e-01 -8.415921e-04 -1.828830e-01 -2.180778e-02 8.540645e-04 9.997617e-01 8.951718e+00
9.986480e-01 1.440138e-03 -5.196214e-02 -1.703077e+00 -1.337978e-03 9.999971e-01 2.000772e-03 -1.898311e-01 5.196484e-02 -1.928542e-03 9.986470e-01 8.964025e+00
9.994514e-01 -8.733684e-04 3.310641e-02 -1.697022e+00 9.158845e-04 9.999988e-01 -1.269076e-03 -2.047235e-01 -3.310529e-02 1.298703e-03 9.994509e-01 9.504100e+00
9.994096e-01 8.931957e-04 -3.434662e-02 -1.712324e+00 -8.476748e-04 9.999987e-01 1.339869e-03 -2.221363e-01 3.434775e-02 -1.309962e-03 9.994090e-01 1.018464e+01
9.994075e-01 -8.723462e-04 3.440709e-02 -1.363373e+00 9.194665e-04 9.999987e-01 -1.353685e-03 -2.400513e-01 -3.440590e-02 1.384521e-03 9.994069e-01 1.035110e+01
9.994102e-01 8.764429e-04 -3.432877e-02 -1.259545e+00 -8.323595e-04 9.999988e-01 1.298418e-03 -2.369067e-01 3.432983e-02 -1.269077e-03 9.994097e-01 1.004774e+01
9.993743e-01 -9.283511e-04 3.535789e-02 -1.860266e+00 9.778215e-04 9.999986e-01 -1.381860e-03 -2.076777e-01 -3.535658e-02 1.415570e-03 9.993737e-01 9.642928e+00
9.994020e-01 8.871367e-04 -3.456521e-02 -2.391182e+00 -8.422344e-04 9.999988e-01 1.313593e-03 -1.747960e-01 3.456630e-02 -1.283694e-03 9.994015e-01 9.001835e+00
9.993794e-01 -9.214270e-04 3.521330e-02 -2.844654e+00 9.703534e-04 9.999986e-01 -1.372358e-03 -1.378210e-01 -3.521201e-02 1.405677e-03 9.993788e-01 8.096721e+00
9.993769e-01 9.250256e-04 -3.528335e-02 -3.077735e+00 -8.787395e-04 9.999987e-01 1.327318e-03 -1.250649e-01 3.528450e-02 -1.295484e-03 9.993764e-01 7.862592e+00
9.993993e-01 -9.010962e-04 3.464552e-02 -3.566701e+00 9.484625e-04 9.999986e-01 -1.350753e-03 -9.821265e-02 -3.464428e-02 1.382803e-03 9.993987e-01 7.388841e+00
9.993894e-01 9.097194e-04 -3.492840e-02 -4.038157e+00 -8.640150e-04 9.999988e-01 1.323585e-03 -6.311633e-02 3.492953e-02 -1.292597e-03 9.993888e-01 6.572667e+00
9.993894e-01 -9.099562e-04 3.492825e-02 -4.463981e+00 9.580577e-04 9.999986e-01 -1.360433e-03 -2.846320e-02 -3.492699e-02 1.393067e-03 9.993888e-01 5.715719e+00
9.993923e-01 9.005366e-04 -3.484674e-02 -4.948700e+00 -8.549459e-04 9.999988e-01 1.323192e-03 1.175548e-02 3.484786e-02 -1.292594e-03 9.993917e-01 4.721576e+00
9.994192e-01 -8.687745e-04 3.406671e-02 -5.374835e+00 9.149287e-04 9.999987e-01 -1.339245e-03 4.086376e-02 -3.406553e-02 1.369637e-03 9.994186e-01 4.079223e+00
9.992901e-01 9.870232e-04 -3.766036e-02 -5.831930e+00 -9.341871e-04 9.999986e-01 1.420530e-03 6.417498e-02 3.766168e-02 -1.384339e-03 9.992895e-01 3.706042e+00
9.992841e-01 -9.894066e-04 3.781904e-02 -6.395593e+00 1.045982e-03 9.999984e-01 -1.476188e-03 8.995949e-02 -3.781754e-02 1.514690e-03 9.992834e-01 3.398882e+00
9.992935e-01 9.787044e-04 -3.757101e-02 -6.950915e+00 -9.260195e-04 9.999986e-01 1.419647e-03 1.119257e-01 3.757232e-02 -1.383851e-03 9.992929e-01 3.245214e+00
9.992534e-01 -1.030477e-03 3.862192e-02 -7.497709e+00 1.088970e-03 9.999983e-01 -1.493490e-03 1.261004e-01 -3.862035e-02 1.534434e-03 9.992527e-01 3.402694e+00
9.993651e-01 9.107461e-04 -3.561776e-02 -8.098114e+00 -8.624891e-04 9.999987e-01 1.370194e-03 1.371438e-01 3.561893e-02 -1.338603e-03 9.993644e-01 3.757017e+00
9.991781e-01 -1.094691e-03 4.052170e-02 -8.437783e+00 1.157824e-03 9.999982e-01 -1.534558e-03 1.346904e-01 -4.051997e-02 1.580215e-03 9.991774e-01 4.313052e+00
9.992905e-01 9.892962e-04 -3.765036e-02 -9.009116e+00 -9.368975e-04 9.999986e-01 1.409333e-03 1.471132e-01 3.765168e-02 -1.373057e-03 9.992899e-01 4.583259e+00
9.992818e-01 -1.005819e-03 3.788072e-02 -9.376512e+00 1.060632e-03 9.999984e-01 -1.426919e-03 1.469472e-01 -3.787925e-02 1.466073e-03 9.992812e-01 5.065499e+00
9.992714e-01 1.009549e-03 -3.815195e-02 -9.674514e+00 -9.563392e-04 9.999985e-01 1.412915e-03 1.473027e-01 3.815330e-02 -1.375398e-03 9.992709e-01 5.425638e+00
9.996244e-01 -6.886994e-04 2.739667e-02 -9.987248e+00 7.172776e-04 9.999992e-01 -1.033304e-03 1.691321e-01 -2.739597e-02 1.052569e-03 9.996240e-01 4.940412e+00
9.989052e-01 1.264013e-03 -4.676390e-02 -1.032971e+01 -1.183247e-03 9.999978e-01 1.754733e-03 1.894386e-01 4.676598e-02 -1.697477e-03 9.989043e-01 4.554289e+00
9.997254e-01 -5.758645e-04 2.342535e-02 -1.065879e+01 5.959924e-04 9.999995e-01 -8.522522e-04 2.097604e-01 -2.342488e-02 8.659810e-04 9.997251e-01 4.144541e+00
9.990099e-01 1.195523e-03 -4.447175e-02 -1.096290e+01 -1.124316e-03 9.999980e-01 1.626147e-03 2.242179e-01 4.447357e-02 -1.574535e-03 9.990092e-01 3.930145e+00
9.998340e-01 -4.444345e-04 1.821567e-02 -1.113765e+01 4.557865e-04 9.999997e-01 -6.190341e-04 2.274001e-01 -1.821542e-02 6.272354e-04 9.998338e-01 3.980845e+00
9.992415e-01 1.046634e-03 -3.892593e-02 -1.130952e+01 -9.948898e-04 9.999986e-01 1.348643e-03 2.279117e-01 3.892725e-02 -1.308892e-03 9.992411e-01 4.142514e+00
9.999316e-01 -2.872307e-04 1.169455e-02 -1.149236e+01 2.908973e-04 9.999999e-01 -3.117920e-04 2.275103e-01 -1.169451e-02 3.151743e-04 9.999315e-01 4.340621e+00
9.986151e-01 1.495952e-03 -5.258944e-02 -1.162856e+01 -1.398053e-03 9.999972e-01 1.898314e-03 2.262200e-01 5.259208e-02 -1.822160e-03 9.986143e-01 4.540463e+00
9.999957e-01 -5.216948e-05 2.926214e-03 -1.172865e+01 5.199907e-05 1.000000e+00 5.849641e-05 2.243172e-01 -2.926267e-03 -5.834204e-05 9.999956e-01 4.720015e+00
9.982999e-01 1.686924e-03 -5.826142e-02 -1.183323e+01 -1.566148e-03 9.999965e-01 2.118596e-03 2.240707e-01 5.826474e-02 -2.023746e-03 9.982990e-01 4.849946e+00
9.999836e-01 -1.549997e-04 5.718597e-03 -1.192738e+01 1.552859e-04 1.000000e+00 -4.947825e-05 2.230288e-01 -5.718648e-03 5.036769e-05 9.999836e-01 4.983820e+00
9.979547e-01 1.886823e-03 -6.389717e-02 -1.204065e+01 -1.739280e-03 9.999957e-01 2.364611e-03 2.219172e-01 6.390129e-02 -2.248638e-03 9.979536e-01 5.160772e+00
9.999635e-01 -2.444676e-04 8.534668e-03 -1.215100e+01 2.458652e-04 1.000000e+00 -1.625976e-04 2.208438e-01 -8.534696e-03 1.646925e-04 9.999635e-01 5.329608e+00
9.975910e-01 2.058126e-03 -6.933889e-02 -1.226662e+01 -1.883165e-03 9.999949e-01 2.588538e-03 2.201457e-01 6.934379e-02 -2.451723e-03 9.975897e-01 5.489594e+00
9.999612e-01 -2.727683e-04 8.802978e-03 -1.235929e+01 2.742795e-04 9.999999e-01 -1.703161e-04 2.184044e-01 -8.803007e-03 1.727266e-04 9.999612e-01 5.655310e+00
9.977372e-01 2.010544e-03 -6.720450e-02 -1.243285e+01 -1.846974e-03 9.999952e-01 2.495936e-03 2.167640e-01 6.720911e-02 -2.366161e-03 9.977360e-01 5.797139e+00
9.999713e-01 -2.554459e-04 7.562597e-03 -1.251302e+01 2.563528e-04 1.000000e+00 -1.187558e-04 2.148952e-01 -7.562649e-03 1.206939e-04 9.999713e-01 5.951153e+00
9.975443e-01 2.116821e-03 -7.000638e-02 -1.260958e+01 -1.938483e-03 9.999947e-01 2.615282e-03 2.126708e-01 7.001146e-02 -2.473151e-03 9.975430e-01 6.145688e+00
9.999229e-01 -3.979354e-04 1.240893e-02 -1.268974e+01 4.017771e-04 9.999999e-01 -3.069498e-04 2.098866e-01 -1.240889e-02 3.119147e-04 9.999229e-01 6.343246e+00
9.975332e-01 2.118877e-03 -7.016437e-02 -1.275615e+01 -1.940254e-03 9.999947e-01 2.613802e-03 2.079609e-01 7.016945e-02 -2.471214e-03 9.975320e-01 6.481548e+00
9.999018e-01 -4.534996e-04 1.400589e-02 -1.279632e+01 4.587445e-04 9.999998e-01 -3.711147e-04 2.057109e-01 -1.400581e-02 3.775063e-04 9.999018e-01 6.597784e+00
9.979809e-01 1.926206e-03 -6.348560e-02 -1.281792e+01 -1.781297e-03 9.999957e-01 2.339051e-03 2.035270e-01 6.348974e-02 -2.221239e-03 9.979800e-01 6.687380e+00
9.998673e-01 -5.269087e-04 1.627943e-02 -1.281987e+01 5.345300e-04 9.999997e-01 -4.636660e-04 2.017066e-01 -1.627928e-02 4.723093e-04 9.998673e-01 6.733153e+00
9.979419e-01 1.957239e-03 -6.409355e-02 -1.286344e+01 -1.809122e-03 9.999956e-01 2.368863e-03 1.994643e-01 6.409781e-02 -2.248031e-03 9.979410e-01 6.851550e+00
9.996843e-01 -7.686166e-04 2.511053e-02 -1.292710e+01 7.885415e-04 9.999994e-01 -7.834929e-04 1.929065e-01 -2.511001e-02 8.030493e-04 9.996843e-01 7.184457e+00
9.982752e-01 1.771103e-03 -5.867979e-02 -1.297922e+01 -1.647058e-03 9.999963e-01 2.162197e-03 1.836241e-01 5.868330e-02 -2.061816e-03 9.982745e-01 7.588698e+00
9.995609e-01 -8.850838e-04 2.961734e-02 -1.303704e+01 9.144794e-04 9.999991e-01 -9.788914e-04 1.746657e-01 -2.961654e-02 1.005549e-03 9.995608e-01 7.995396e+00
9.996776e-01 8.053335e-04 -2.537635e-02 -1.308264e+01 -7.843339e-04 9.999993e-01 8.373664e-04 1.598580e-01 2.537691e-02 -8.171900e-04 9.996776e-01 8.630255e+00
9.986835e-01 -1.407215e-03 5.127485e-02 -1.313747e+01 1.495928e-03 9.999975e-01 -1.691755e-03 1.453100e-01 -5.127243e-02 1.766234e-03 9.986831e-01 9.292483e+00
9.997111e-01 7.704902e-04 -2.401971e-02 -1.317638e+01 -7.519174e-04 9.999994e-01 7.821519e-04 1.309561e-01 2.402020e-02 -7.638622e-04 9.997111e-01 9.924130e+00
9.986667e-01 -1.410056e-03 5.160128e-02 -1.320698e+01 1.499848e-03 9.999974e-01 -1.701373e-03 1.176516e-01 -5.159884e-02 1.776502e-03 9.986663e-01 1.049722e+01
9.997606e-01 7.262642e-04 -2.186695e-02 -1.320063e+01 -7.109025e-04 9.999995e-01 7.101658e-04 1.018065e-01 2.186736e-02 -6.944476e-04 9.997606e-01 1.112543e+01
9.994344e-01 -1.016686e-03 3.361336e-02 -1.324358e+01 1.053916e-03 9.999989e-01 -1.089824e-03 8.246543e-02 -3.361231e-02 1.124636e-03 9.994343e-01 1.195791e+01
9.998925e-01 5.471637e-04 -1.464990e-02 -1.328063e+01 -5.405218e-04 9.999997e-01 4.571766e-04 6.420673e-02 1.465005e-02 -4.492058e-04 9.998925e-01 1.273764e+01
9.996187e-01 -8.682868e-04 2.759885e-02 -1.330038e+01 8.930857e-04 9.999992e-01 -8.861477e-04 4.522373e-02 -2.759815e-02 9.104610e-04 9.996186e-01 1.351765e+01
9.997054e-01 7.842635e-04 -2.425562e-02 -1.327408e+01 -7.652407e-04 9.999994e-01 7.934446e-04 2.593596e-02 2.425613e-02 -7.746465e-04 9.997054e-01 1.421491e+01
9.991272e-01 -1.163885e-03 4.175495e-02 -1.320142e+01 1.221657e-03 9.999983e-01 -1.358069e-03 5.880266e-03 -4.175340e-02 1.407897e-03 9.991269e-01 1.489262e+01
9.996514e-01 8.281090e-04 -2.638719e-02 -1.317026e+01 -8.055743e-04 9.999993e-01 8.645391e-04 -1.371752e-02 2.638779e-02 -8.429779e-04 9.996514e-01 1.561588e+01
9.996674e-01 -8.346624e-04 2.577551e-02 -1.320228e+01 8.561363e-04 9.999993e-01 -8.220016e-04 -3.101967e-02 -2.577490e-02 8.437985e-04 9.996674e-01 1.632074e+01
9.995794e-01 8.924973e-04 -2.898674e-02 -1.324678e+01 -8.646323e-04 9.999992e-01 9.737469e-04 -5.110889e-02 2.898749e-02 -9.482715e-04 9.995793e-01 1.715958e+01
9.999054e-01 -5.002618e-04 1.374620e-02 -1.330649e+01 5.056517e-04 9.999998e-01 -3.884611e-04 -6.529574e-02 -1.374610e-02 3.953781e-04 9.999054e-01 1.775440e+01
9.990211e-01 1.362477e-03 -4.421431e-02 -1.341310e+01 -1.292438e-03 9.999979e-01 1.612568e-03 -7.798423e-02 4.421632e-02 -1.553842e-03 9.990207e-01 1.837544e+01
9.999784e-01 -2.797960e-04 6.565867e-03 -1.350239e+01 2.805933e-04 1.000000e+00 -1.201429e-04 -8.859894e-02 -6.565930e-03 1.219856e-04 9.999784e-01 1.889166e+01
9.988798e-01 1.469950e-03 -4.729643e-02 -1.359079e+01 -1.389350e-03 9.999975e-01 1.736927e-03 -9.399088e-02 4.729877e-02 -1.669267e-03 9.988793e-01 1.919708e+01
9.999269e-01 -4.411904e-04 1.208329e-02 -1.366099e+01 4.455005e-04 9.999998e-01 -3.537900e-04 -1.019906e-01 -1.208323e-02 3.591502e-04 9.999269e-01 1.958094e+01
9.990924e-01 1.315011e-03 -4.257461e-02 -1.373763e+01 -1.249536e-03 9.999980e-01 1.564404e-03 -1.108832e-01 4.257649e-02 -1.509782e-03 9.990920e-01 1.999341e+01
9.999857e-01 -2.350915e-04 5.328236e-03 -1.381226e+01 2.356553e-04 1.000000e+00 -1.046628e-04 -1.178436e-01 -5.328311e-03 1.059199e-04 9.999857e-01 2.034739e+01
9.991692e-01 1.252263e-03 -4.073325e-02 -1.388258e+01 -1.191596e-03 9.999981e-01 1.513571e-03 -1.285839e-01 4.073497e-02 -1.463773e-03 9.991689e-01 2.084422e+01
9.996487e-01 -8.451724e-04 2.648953e-02 -1.394515e+01 8.705637e-04 9.999992e-01 -9.469120e-04 -1.445961e-01 -2.648881e-02 9.696431e-04 9.996486e-01 2.154190e+01
9.996397e-01 8.284387e-04 -2.682616e-02 -1.394386e+01 -8.024527e-04 9.999992e-01 9.793292e-04 -1.619229e-01 2.682685e-02 -9.574468e-04 9.996396e-01 2.219425e+01
9.996191e-01 -8.508249e-04 2.758188e-02 -1.390074e+01 8.786607e-04 9.999991e-01 -9.969951e-04 -1.784765e-01 -2.758110e-02 1.020853e-03 9.996190e-01 2.274740e+01
9.996273e-01 8.163595e-04 -2.728444e-02 -1.393577e+01 -7.889757e-04 9.999992e-01 1.014289e-03 -1.962552e-01 2.728514e-02 -9.923815e-04 9.996271e-01 2.348254e+01
9.996128e-01 -8.640483e-04 2.780882e-02 -1.398205e+01 8.921911e-04 9.999991e-01 -9.995091e-04 -2.151067e-01 -2.780804e-02 1.023936e-03 9.996127e-01 2.428230e+01
9.996241e-01 8.170531e-04 -2.740220e-02 -1.401656e+01 -7.888546e-04 9.999991e-01 1.039751e-03 -2.361778e-01 2.740293e-02 -1.017741e-03 9.996239e-01 2.515531e+01
9.996220e-01 -8.628516e-04 2.747895e-02 -1.405308e+01 8.901479e-04 9.999991e-01 -9.810283e-04 -2.586009e-01 -2.747818e-02 1.005121e-03 9.996218e-01 2.608778e+01
9.996666e-01 7.950943e-04 -2.580691e-02 -1.404959e+01 -7.701241e-04 9.999992e-01 9.773911e-04 -2.805184e-01 2.580757e-02 -9.571879e-04 9.996664e-01 2.693190e+01
9.996178e-01 -8.562509e-04 2.762928e-02 -1.404445e+01 8.841346e-04 9.999991e-01 -9.969033e-04 -3.008618e-01 -2.762851e-02 1.020953e-03 9.996177e-01 2.770952e+01
9.996388e-01 8.017784e-04 -2.686136e-02 -1.406786e+01 -7.742950e-04 9.999992e-01 1.033440e-03 -3.229417e-01 2.686207e-02 -1.012265e-03 9.996386e-01 2.860594e+01
9.996189e-01 -8.611003e-04 2.759019e-02 -1.411425e+01 8.890202e-04 9.999991e-01 -9.995910e-04 -3.449541e-01 -2.758940e-02 1.023741e-03 9.996188e-01 2.953926e+01
9.996443e-01 7.929130e-04 -2.665431e-02 -1.417281e+01 -7.656975e-04 9.999992e-01 1.031143e-03 -3.677166e-01 2.665500e-02 -1.010365e-03 9.996441e-01 3.052473e+01
9.996228e-01 -8.538275e-04 2.745009e-02 -1.423453e+01 8.819068e-04 9.999991e-01 -1.010720e-03 -3.886804e-01 -2.744930e-02 1.034551e-03 9.996226e-01 3.144038e+01
9.996483e-01 7.909408e-04 -2.650580e-02 -1.428301e+01 -7.638958e-04 9.999992e-01 1.030345e-03 -4.098102e-01 2.650649e-02 -1.009732e-03 9.996481e-01 3.234022e+01
9.995743e-01 -8.822012e-04 2.916215e-02 -1.428487e+01 9.131328e-04 9.999990e-01 -1.047275e-03 -4.343310e-01 -2.916129e-02 1.073461e-03 9.995741e-01 3.330315e+01
9.995808e-01 8.403534e-04 -2.893917e-02 -1.427619e+01 -8.081052e-04 9.999990e-01 1.125925e-03 -4.588562e-01 2.893999e-02 -1.102064e-03 9.995805e-01 3.424713e+01
9.995614e-01 -8.793930e-04 2.960046e-02 -1.423954e+01 9.115711e-04 9.999990e-01 -1.073504e-03 -4.828225e-01 -2.959959e-02 1.100020e-03 9.995612e-01 3.512166e+01
9.996847e-01 7.536645e-04 -2.509685e-02 -1.423017e+01 -7.292995e-04 9.999993e-01 9.798633e-04 -5.066780e-01 2.509747e-02 -9.612483e-04 9.996845e-01 3.604113e+01
9.994220e-01 -9.672424e-04 3.398131e-02 -1.423042e+01 1.009798e-03 9.999987e-01 -1.235093e-03 -5.301717e-01 -3.398017e-02 1.268697e-03 9.994217e-01 3.696881e+01
9.995659e-01 8.427108e-04 -2.944764e-02 -1.424995e+01 -8.089806e-04 9.999990e-01 1.157228e-03 -5.551510e-01 2.944849e-02 -1.132901e-03 9.995656e-01 3.798557e+01
9.995299e-01 -9.128665e-04 3.064322e-02 -1.428749e+01 9.473170e-04 9.999989e-01 -1.109648e-03 -5.803113e-01 -3.064228e-02 1.138159e-03 9.995297e-01 3.903536e+01
9.996553e-01 7.831043e-04 -2.623902e-02 -1.430951e+01 -7.568282e-04 9.999992e-01 1.011221e-03 -6.029603e-01 2.623969e-02 -9.910106e-04 9.996551e-01 3.995756e+01
9.994154e-01 -9.753734e-04 3.417264e-02 -1.431091e+01 1.018148e-03 9.999987e-01 -1.234262e-03 -6.259838e-01 -3.417150e-02 1.268336e-03 9.994151e-01 4.086476e+01
9.995580e-01 8.427087e-04 -2.971518e-02 -1.435025e+01 -8.087123e-04 9.999990e-01 1.155979e-03 -6.505470e-01 2.971603e-02 -1.131434e-03 9.995577e-01 4.189609e+01
9.994845e-01 -9.400016e-04 3.209071e-02 -1.441055e+01 9.780844e-04 9.999988e-01 -1.170952e-03 -6.740667e-01 -3.208967e-02 1.201739e-03 9.994842e-01 4.291701e+01
9.995533e-01 8.491453e-04 -2.987161e-02 -1.445976e+01 -8.145267e-04 9.999990e-01 1.170971e-03 -6.981315e-01 2.987247e-02 -1.146113e-03 9.995530e-01 4.394180e+01
9.991271e-01 -1.111581e-03 4.175694e-02 -1.443815e+01 1.175778e-03 9.999982e-01 -1.512787e-03 -7.229578e-01 -4.175529e-02 1.560567e-03 9.991266e-01 4.489118e+01
9.991582e-01 1.087311e-03 -4.100802e-02 -1.447045e+01 -1.023219e-03 9.999982e-01 1.583799e-03 -7.463909e-01 4.100957e-02 -1.540503e-03 9.991575e-01 4.586032e+01
9.991391e-01 -1.109239e-03 4.147035e-02 -1.453059e+01 1.173267e-03 9.999982e-01 -1.519567e-03 -7.686883e-01 -4.146869e-02 1.566918e-03 9.991385e-01 4.682791e+01
9.991795e-01 1.076738e-03 -4.048496e-02 -1.457163e+01 -1.013259e-03 9.999982e-01 1.588403e-03 -7.929927e-01 4.048649e-02 -1.546075e-03 9.991788e-01 4.784861e+01
9.990894e-01 -1.123048e-03 4.264981e-02 -1.456555e+01 1.190449e-03 9.999981e-01 -1.554891e-03 -8.184950e-01 -4.264808e-02 1.604251e-03 9.990888e-01 4.883991e+01
9.992351e-01 1.046588e-03 -3.908949e-02 -1.456988e+01 -9.875564e-04 9.999983e-01 1.529381e-03 -8.433763e-01 3.909093e-02 -1.489605e-03 9.992345e-01 4.982529e+01
9.991883e-01 -1.089390e-03 4.026627e-02 -1.461940e+01 1.150241e-03 9.999982e-01 -1.487990e-03 -8.660640e-01 -4.026467e-02 1.533101e-03 9.991878e-01 5.079341e+01
9.993421e-01 9.998834e-04 -3.625266e-02 -1.461239e+01 -9.490519e-04 9.999985e-01 1.419249e-03 -8.886827e-01 3.625393e-02 -1.383907e-03 9.993416e-01 5.166438e+01
9.993036e-01 -1.038891e-03 3.729706e-02 -1.461755e+01 1.090629e-03 9.999985e-01 -1.366790e-03 -9.122847e-01 -3.729568e-02 1.406518e-03 9.993032e-01 5.259521e+01
9.993085e-01 1.015001e-03 -3.716697e-02 -1.459658e+01 -9.606567e-04 9.999984e-01 1.479932e-03 -9.390320e-01 3.716832e-02 -1.443200e-03 9.993079e-01 5.361253e+01
9.990480e-01 -1.133027e-03 4.360887e-02 -1.446796e+01 1.203859e-03 9.999980e-01 -1.597974e-03 -9.682748e-01 -4.360707e-02 1.648955e-03 9.990473e-01 5.456673e+01
9.995967e-01 8.073935e-04 -2.838398e-02 -1.437611e+01 -7.750368e-04 9.999990e-01 1.150848e-03 -9.941336e-01 2.838479e-02 -1.128382e-03 9.995964e-01 5.544478e+01
9.987533e-01 -1.273114e-03 4.990164e-02 -1.429394e+01 1.365752e-03 9.999974e-01 -1.822305e-03 -1.017437e+00 -4.989929e-02 1.888190e-03 9.987524e-01 5.624575e+01
9.994407e-01 9.205163e-04 -3.342563e-02 -1.424850e+01 -8.766412e-04 9.999987e-01 1.327169e-03 -1.040024e+00 3.342671e-02 -1.297121e-03 9.994403e-01 5.707136e+01
9.990534e-01 -1.127899e-03 4.348578e-02 -1.418634e+01 1.198204e-03 9.999980e-01 -1.590626e-03 -1.066214e+00 -4.348400e-02 1.641229e-03 9.990527e-01 5.800665e+01
9.995122e-01 8.716276e-04 -3.121828e-02 -1.412447e+01 -8.330404e-04 9.999989e-01 1.248949e-03 -1.092113e+00 3.121923e-02 -1.222331e-03 9.995118e-01 5.893394e+01
9.991838e-01 -1.069176e-03 4.038012e-02 -1.406916e+01 1.129878e-03 9.999983e-01 -1.480402e-03 -1.119260e+00 -4.037856e-02 1.524822e-03 9.991832e-01 5.991995e+01
9.994817e-01 9.314673e-04 -3.217682e-02 -1.374333e+01 -8.906959e-04 9.999988e-01 1.281335e-03 -1.152800e+00 3.217788e-02 -1.252008e-03 9.994813e-01 6.077296e+01
9.992342e-01 -1.055939e-03 3.911315e-02 -1.351639e+01 1.112208e-03 9.999984e-01 -1.416842e-03 -1.185521e+00 -3.911169e-02 1.459262e-03 9.992337e-01 6.173465e+01
9.993800e-01 9.734969e-04 -3.519236e-02 -1.346884e+01 -9.252532e-04 9.999986e-01 1.387046e-03 -1.212582e+00 3.519356e-02 -1.353621e-03 9.993795e-01 6.272573e+01
9.991571e-01 -1.087614e-03 4.103483e-02 -1.339474e+01 1.150640e-03 9.999982e-01 -1.512273e-03 -1.237151e+00 -4.103321e-02 1.558218e-03 9.991565e-01 6.356997e+01
9.994739e-01 9.023240e-04 -3.241956e-02 -1.337751e+01 -8.611119e-04 9.999988e-01 1.285075e-03 -1.261188e+00 3.242059e-02 -1.256479e-03 9.994735e-01 6.449270e+01
9.989485e-01 -1.197337e-03 4.583086e-02 -1.336009e+01 1.274616e-03 9.999978e-01 -1.656946e-03 -1.287973e+00 -4.582887e-02 1.713624e-03 9.989478e-01 6.553367e+01
9.991369e-01 1.091626e-03 -4.152408e-02 -1.341310e+01 -1.024613e-03 9.999981e-01 1.635026e-03 -1.316003e+00 4.152569e-02 -1.591066e-03 9.991361e-01 6.673430e+01
9.990080e-01 -1.173613e-03 4.451506e-02 -1.346362e+01 1.247488e-03 9.999979e-01 -1.631740e-03 -1.342026e+00 -4.451315e-02 1.685657e-03 9.990073e-01 6.784667e+01
9.992005e-01 1.095643e-03 -3.996254e-02 -1.343789e+01 -1.032865e-03 9.999982e-01 1.591460e-03 -1.369305e+00 3.996411e-02 -1.548909e-03 9.991999e-01 6.888437e+01
9.991518e-01 -1.141328e-03 4.116080e-02 -1.346647e+01 1.204366e-03 9.999981e-01 -1.506678e-03 -1.396474e+00 -4.115910e-02 1.554976e-03 9.991513e-01 7.000472e+01
9.992728e-01 1.074841e-03 -3.811313e-02 -1.346127e+01 -1.017849e-03 9.999983e-01 1.514647e-03 -1.422934e+00 3.811459e-02 -1.474749e-03 9.992722e-01 7.103983e+01
9.991517e-01 -1.126993e-03 4.116390e-02 -1.339840e+01 1.190335e-03 9.999981e-01 -1.514251e-03 -1.449548e+00 -4.116221e-02 1.561968e-03 9.991512e-01 7.198844e+01
9.993003e-01 1.025613e-03 -3.738824e-02 -1.346563e+01 -9.719544e-04 9.999985e-01 1.453251e-03 -1.471422e+00 3.738958e-02 -1.415891e-03 9.992997e-01 7.295881e+01
9.992314e-01 -1.098127e-03 3.918205e-02 -1.356035e+01 1.154721e-03 9.999983e-01 -1.421735e-03 -1.496628e+00 -3.918052e-02 1.465890e-03 9.992310e-01 7.410990e+01
9.993684e-01 9.839222e-04 -3.552030e-02 -1.365924e+01 -9.367273e-04 9.999987e-01 1.345223e-03 -1.515853e+00 3.552148e-02 -1.311098e-03 9.993680e-01 7.501521e+01
9.992492e-01 -1.088049e-03 3.872792e-02 -1.384484e+01 1.143860e-03 9.999983e-01 -1.418913e-03 -1.530550e+00 -3.872641e-02 1.462151e-03 9.992487e-01 7.584924e+01
9.993543e-01 9.997383e-04 -3.591515e-02 -1.397244e+01 -9.515745e-04 9.999986e-01 1.358045e-03 -1.546081e+00 3.591636e-02 -1.322988e-03 9.993539e-01 7.663169e+01
9.992046e-01 -1.123241e-03 3.986080e-02 -1.426440e+01 1.183267e-03 9.999982e-01 -1.482253e-03 -1.550652e+00 -3.985916e-02 1.528244e-03 9.992041e-01 7.718349e+01
9.993616e-01 1.004688e-03 -3.571211e-02 -1.445793e+01 -9.562590e-04 9.999986e-01 1.373069e-03 -1.562452e+00 3.571334e-02 -1.338040e-03 9.993611e-01 7.790215e+01
9.991708e-01 -1.112472e-03 4.069786e-02 -1.460051e+01 1.175803e-03 9.999981e-01 -1.532171e-03 -1.570927e+00 -4.069618e-02 1.578757e-03 9.991703e-01 7.839732e+01
9.992178e-01 1.103107e-03 -3.952882e-02 -1.481975e+01 -1.044879e-03 9.999983e-01 1.493624e-03 -1.573455e+00 3.953031e-02 -1.451150e-03 9.992173e-01 7.874283e+01
9.991345e-01 -1.157561e-03 4.157990e-02 -1.523132e+01 1.223910e-03 9.999980e-01 -1.570222e-03 -1.567832e+00 -4.157810e-02 1.619757e-03 9.991339e-01 7.903103e+01
9.992764e-01 1.052690e-03 -3.801961e-02 -1.559706e+01 -9.982064e-04 9.999984e-01 1.451935e-03 -1.564845e+00 3.802099e-02 -1.412929e-03 9.992759e-01 7.937477e+01
9.991757e-01 -1.123850e-03 4.057732e-02 -1.587907e+01 1.187321e-03 9.999981e-01 -1.540071e-03 -1.564645e+00 -4.057561e-02 1.586983e-03 9.991751e-01 7.971763e+01
9.993532e-01 9.821662e-04 -3.594777e-02 -1.616652e+01 -9.325440e-04 9.999986e-01 1.397073e-03 -1.568953e+00 3.594900e-02 -1.362643e-03 9.993526e-01 8.025624e+01
9.992866e-01 -1.039417e-03 3.774987e-02 -1.641324e+01 1.094909e-03 9.999984e-01 -1.449257e-03 -1.576222e+00 -3.774840e-02 1.489559e-03 9.992861e-01 8.085055e+01
9.993658e-01 9.742964e-04 -3.559353e-02 -1.678081e+01 -9.269678e-04 9.999987e-01 1.346109e-03 -1.562580e+00 3.559470e-02 -1.312258e-03 9.993654e-01 8.078500e+01
9.990388e-01 -1.192776e-03 4.381867e-02 -1.701246e+01 1.265139e-03 9.999979e-01 -1.623672e-03 -1.563375e+00 -4.381674e-02 1.677552e-03 9.990381e-01 8.112406e+01
9.992194e-01 1.093307e-03 -3.948729e-02 -1.708894e+01 -1.033993e-03 9.999983e-01 1.522437e-03 -1.582604e+00 3.948879e-02 -1.480416e-03 9.992188e-01 8.199460e+01
9.988241e-01 -1.314119e-03 4.846255e-02 -1.729962e+01 1.402712e-03 9.999974e-01 -1.794051e-03 -1.592321e+00 -4.846016e-02 1.859924e-03 9.988233e-01 8.265897e+01
9.994751e-01 9.203384e-04 -3.238183e-02 -1.742699e+01 -8.794024e-04 9.999988e-01 1.278313e-03 -1.605108e+00 3.238287e-02 -1.249163e-03 9.994747e-01 8.334238e+01
9.987571e-01 -1.319934e-03 4.982449e-02 -1.742547e+01 1.412618e-03 9.999973e-01 -1.824982e-03 -1.624260e+00 -4.982204e-02 1.893100e-03 9.987563e-01 8.410085e+01
9.992682e-01 1.036656e-03 -3.823499e-02 -1.754867e+01 -9.815104e-04 9.999985e-01 1.460967e-03 -1.634678e+00 3.823635e-02 -1.422367e-03 9.992676e-01 8.467670e+01
9.986355e-01 -1.375467e-03 5.220373e-02 -1.779301e+01 1.477557e-03 9.999971e-01 -1.917028e-03 -1.637727e+00 -5.220103e-02 1.991550e-03 9.986345e-01 8.511946e+01
9.991772e-01 1.099852e-03 -4.054213e-02 -1.799917e+01 -1.038084e-03 9.999983e-01 1.544503e-03 -1.642838e+00 4.054366e-02 -1.501143e-03 9.991766e-01 8.559472e+01
9.985378e-01 -1.398781e-03 5.403919e-02 -1.807071e+01 1.506635e-03 9.999970e-01 -1.955118e-03 -1.658430e+00 -5.403638e-02 2.033680e-03 9.985368e-01 8.631284e+01
9.990952e-01 1.167669e-03 -4.251393e-02 -1.811508e+01 -1.099454e-03 9.999981e-01 1.627819e-03 -1.678535e+00 4.251566e-02 -1.579600e-03 9.990945e-01 8.717957e+01
9.987490e-01 -1.334550e-03 4.998688e-02 -1.818240e+01 1.427173e-03 9.999973e-01 -1.817241e-03 -1.698960e+00 -4.998441e-02 1.886311e-03 9.987481e-01 8.809077e+01
9.991241e-01 1.127977e-03 -4.182983e-02 -1.836605e+01 -1.062599e-03 9.999982e-01 1.585100e-03 -1.711131e+00 4.183145e-02 -1.539260e-03 9.991234e-01 8.882542e+01
9.979650e-01 -1.619979e-03 6.374352e-02 -1.851314e+01 1.768979e-03 9.999958e-01 -2.281092e-03 -1.720843e+00 -6.373964e-02 2.389214e-03 9.979636e-01 8.941924e+01
9.990215e-01 1.192593e-03 -4.421015e-02 -1.862891e+01 -1.119358e-03 9.999980e-01 1.681180e-03 -1.734609e+00 4.421198e-02 -1.630045e-03 9.990208e-01 9.013374e+01
9.980283e-01 -1.587201e-03 6.274536e-02 -1.870456e+01 1.731334e-03 9.999960e-01 -2.242773e-03 -1.751647e+00 -6.274163e-02 2.346987e-03 9.980270e-01 9.092453e+01
9.992352e-01 1.051726e-03 -3.908762e-02 -1.882476e+01 -9.942403e-04 9.999984e-01 1.490049e-03 -1.764607e+00 3.908904e-02 -1.450044e-03 9.992346e-01 9.161711e+01
9.982603e-01 -1.524959e-03 5.893995e-02 -1.906750e+01 1.653442e-03 9.999964e-01 -2.131150e-03 -1.770185e+00 -5.893657e-02 2.224899e-03 9.982592e-01 9.217328e+01
9.991299e-01 1.129335e-03 -4.169068e-02 -1.924555e+01 -1.063941e-03 9.999982e-01 1.590669e-03 -1.779717e+00 4.169232e-02 -1.544925e-03 9.991292e-01 9.279805e+01
9.980809e-01 -1.584560e-03 6.190311e-02 -1.939133e+01 1.725922e-03 9.999960e-01 -2.230159e-03 -1.790466e+00 -6.189941e-02 2.332722e-03 9.980796e-01 9.343200e+01
9.990169e-01 1.198853e-03 -4.431459e-02 -1.958837e+01 -1.125545e-03 9.999980e-01 1.679136e-03 -1.797672e+00 4.431643e-02 -1.627604e-03 9.990161e-01 9.398307e+01
9.978202e-01 -1.662297e-03 6.597025e-02 -1.976924e+01 1.823254e-03 9.999955e-01 -2.379676e-03 -1.801156e+00 -6.596608e-02 2.494773e-03 9.978187e-01 9.436245e+01
9.989462e-01 1.223942e-03 -4.587983e-02 -1.996958e+01 -1.144953e-03 9.999978e-01 1.747863e-03 -1.807368e+00 4.588179e-02 -1.693487e-03 9.989454e-01 9.488287e+01
9.982215e-01 -1.511145e-03 5.959415e-02 -2.004768e+01 1.642138e-03 9.999963e-01 -2.149152e-03 -1.823111e+00 -5.959076e-02 2.243195e-03 9.982203e-01 9.561754e+01
9.991328e-01 1.110667e-03 -4.162104e-02 -2.016974e+01 -1.045772e-03 9.999982e-01 1.580889e-03 -1.830204e+00 4.162264e-02 -1.535989e-03 9.991321e-01 9.606483e+01
9.981320e-01 -1.573243e-03 6.107402e-02 -2.047222e+01 1.712222e-03 9.999961e-01 -2.223286e-03 -1.824328e+00 -6.107036e-02 2.323708e-03 9.981307e-01 9.625426e+01
9.989796e-01 1.193388e-03 -4.514772e-02 -2.086327e+01 -1.117674e-03 9.999979e-01 1.702218e-03 -1.814833e+00 4.514958e-02 -1.650017e-03 9.989788e-01 9.641378e+01
9.976778e-01 -1.691845e-03 6.808889e-02 -2.108608e+01 1.862689e-03 9.999953e-01 -2.445704e-03 -1.814288e+00 -6.808451e-02 2.566856e-03 9.976762e-01 9.669932e+01
9.987136e-01 1.335037e-03 -5.068777e-02 -2.135150e+01 -1.240470e-03 9.999974e-01 1.897068e-03 -1.810277e+00 5.069010e-02 -1.831748e-03 9.987127e-01 9.689334e+01
9.977220e-01 -1.669239e-03 6.743883e-02 -2.164704e+01 1.838128e-03 9.999953e-01 -2.442332e-03 -1.803521e+00 -6.743451e-02 2.560732e-03 9.977203e-01 9.701832e+01
9.986322e-01 1.329752e-03 -5.226864e-02 -2.210756e+01 -1.229314e-03 9.999973e-01 1.953656e-03 -1.783748e+00 5.227102e-02 -1.886726e-03 9.986311e-01 9.685179e+01
9.973837e-01 -1.748638e-03 7.226811e-02 -2.253620e+01 1.941926e-03 9.999947e-01 -2.604406e-03 -1.763596e+00 -7.226325e-02 2.737935e-03 9.973818e-01 9.662643e+01
9.986391e-01 1.338500e-03 -5.213570e-02 -2.284994e+01 -1.238348e-03 9.999973e-01 1.953231e-03 -1.746809e+00 5.213811e-02 -1.886007e-03 9.986380e-01 9.637504e+01
9.971102e-01 -1.789436e-03 7.594798e-02 -2.298721e+01 2.003278e-03 9.999942e-01 -2.739541e-03 -1.735521e+00 -7.594271e-02 2.883772e-03 9.971079e-01 9.610107e+01
9.984809e-01 1.396202e-03 -5.508034e-02 -2.329501e+01 -1.284387e-03 9.999970e-01 2.065353e-03 -1.721399e+00 5.508300e-02 -1.991468e-03 9.984797e-01 9.594700e+01
9.968994e-01 -1.850543e-03 7.866439e-02 -2.351181e+01 2.077972e-03 9.999939e-01 -2.809352e-03 -1.720788e+00 -7.865877e-02 2.964107e-03 9.968971e-01 9.621709e+01
9.986609e-01 1.313180e-03 -5.171770e-02 -2.372574e+01 -1.215441e-03 9.999974e-01 1.921246e-03 -1.712329e+00 5.172003e-02 -1.855810e-03 9.986598e-01 9.617449e+01
9.969065e-01 -1.814350e-03 7.857595e-02 -2.378237e+01 2.041991e-03 9.999939e-01 -2.816822e-03 -1.705006e+00 -7.857042e-02 2.968562e-03 9.969041e-01 9.595134e+01
9.988116e-01 1.233558e-03 -4.872271e-02 -2.377447e+01 -1.146330e-03 9.999977e-01 1.818161e-03 -1.696578e+00 4.872478e-02 -1.760145e-03 9.988106e-01 9.560884e+01
9.966575e-01 -1.883007e-03 8.167187e-02 -2.388809e+01 2.128604e-03 9.999935e-01 -2.920139e-03 -1.686144e+00 -8.166589e-02 3.084228e-03 9.966549e-01 9.535198e+01
9.988407e-01 1.222924e-03 -4.812234e-02 -2.394921e+01 -1.137594e-03 9.999977e-01 1.800535e-03 -1.678724e+00 4.812439e-02 -1.743702e-03 9.988397e-01 9.514279e+01
9.963940e-01 -1.947493e-03 8.482431e-02 -2.403461e+01 2.212146e-03 9.999930e-01 -3.026123e-03 -1.670559e+00 -8.481787e-02 3.202857e-03 9.963912e-01 9.494375e+01
9.987685e-01 1.247773e-03 -4.959774e-02 -2.416923e+01 -1.157066e-03 9.999976e-01 1.857509e-03 -1.660817e+00 4.959990e-02 -1.797832e-03 9.987675e-01 9.474920e+01
9.965943e-01 -1.900282e-03 8.243833e-02 -2.429063e+01 2.150317e-03 9.999934e-01 -2.944305e-03 -1.649991e+00 -8.243223e-02 3.111549e-03 9.965917e-01 9.448965e+01
9.986552e-01 1.314715e-03 -5.182668e-02 -2.432329e+01 -1.216054e-03 9.999974e-01 1.935151e-03 -1.641674e+00 5.182905e-02 -1.869523e-03 9.986541e-01 9.420589e+01
9.967401e-01 -1.845226e-03 8.065799e-02 -2.420870e+01 2.085864e-03 9.999936e-01 -2.899268e-03 -1.638089e+00 -8.065216e-02 3.058061e-03 9.967375e-01 9.391587e+01
9.986848e-01 1.297684e-03 -5.125461e-02 -2.409819e+01 -1.200926e-03 9.999974e-01 1.918540e-03 -1.634651e+00 5.125694e-02 -1.854462e-03 9.986837e-01 9.363691e+01
9.970187e-01 -1.787465e-03 7.713930e-02 -2.407379e+01 2.007492e-03 9.999941e-01 -2.774870e-03 -1.631643e+00 -7.713391e-02 2.921455e-03 9.970164e-01 9.347897e+01
9.987188e-01 1.284080e-03 -5.058755e-02 -2.392320e+01 -1.190020e-03 9.999975e-01 1.889417e-03 -1.630430e+00 5.058982e-02 -1.826794e-03 9.987177e-01 9.322659e+01
9.970679e-01 -1.763494e-03 7.650208e-02 -2.373784e+01 1.980398e-03 9.999942e-01 -2.759499e-03 -1.630714e+00 -7.649680e-02 2.902914e-03 9.970655e-01 9.299033e+01
9.986171e-01 1.326428e-03 -5.255663e-02 -2.359502e+01 -1.224468e-03 9.999973e-01 1.972156e-03 -1.631242e+00 5.255908e-02 -1.905073e-03 9.986159e-01 9.280946e+01
9.971986e-01 -1.713649e-03 7.477980e-02 -2.329653e+01 1.922553e-03 9.999944e-01 -2.721695e-03 -1.636753e+00 -7.477474e-02 2.857840e-03 9.971963e-01 9.262339e+01
9.986809e-01 1.282587e-03 -5.132987e-02 -2.315699e+01 -1.184348e-03 9.999974e-01 1.944254e-03 -1.636642e+00 5.133221e-02 -1.880895e-03 9.986798e-01 9.242131e+01
9.971930e-01 -1.716925e-03 7.485382e-02 -2.297293e+01 1.926219e-03 9.999944e-01 -2.723928e-03 -1.638272e+00 -7.484874e-02 2.860468e-03 9.971907e-01 9.222884e+01
9.984881e-01 1.366222e-03 -5.495043e-02 -2.276487e+01 -1.254509e-03 9.999971e-01 2.067417e-03 -1.637635e+00 5.495308e-02 -1.995354e-03 9.984868e-01 9.191811e+01
9.967677e-01 -1.817719e-03 8.031748e-02 -2.272534e+01 2.057216e-03 9.999937e-01 -2.899228e-03 -1.635072e+00 -8.031172e-02 3.055089e-03 9.967650e-01 9.175310e+01
9.987032e-01 1.256015e-03 -5.089452e-02 -2.273767e+01 -1.158917e-03 9.999975e-01 1.937299e-03 -1.632717e+00 5.089682e-02 -1.875803e-03 9.987021e-01 9.166573e+01
9.971350e-01 -1.700930e-03 7.562336e-02 -2.251707e+01 1.913426e-03 9.999944e-01 -2.737564e-03 -1.643123e+00 -7.561828e-02 2.874421e-03 9.971326e-01 9.176183e+01
9.983381e-01 1.409052e-03 -5.761190e-02 -2.227093e+01 -1.286984e-03 9.999968e-01 2.155854e-03 -1.648884e+00 5.761476e-02 -2.078124e-03 9.983366e-01 9.163871e+01
9.972712e-01 -1.653024e-03 7.380668e-02 -2.199232e+01 1.856552e-03 9.999947e-01 -2.689060e-03 -1.653619e+00 -7.380185e-02 2.818749e-03 9.972688e-01 9.143582e+01
9.983526e-01 1.409741e-03 -5.735911e-02 -2.175926e+01 -1.287124e-03 9.999968e-01 2.174603e-03 -1.664200e+00 5.736199e-02 -2.097192e-03 9.983511e-01 9.151409e+01
9.972242e-01 -1.667975e-03 7.443855e-02 -2.156547e+01 1.874506e-03 9.999946e-01 -2.704734e-03 -1.675660e+00 -7.443364e-02 2.836762e-03 9.972218e-01 9.168041e+01
9.986596e-01 1.249834e-03 -5.174325e-02 -2.153328e+01 -1.149415e-03 9.999974e-01 1.970445e-03 -1.678149e+00 5.174558e-02 -1.908329e-03 9.986584e-01 9.171396e+01
9.971515e-01 -1.682985e-03 7.540631e-02 -2.149910e+01 1.895199e-03 9.999944e-01 -2.742811e-03 -1.680359e+00 -7.540127e-02 2.877908e-03 9.971490e-01 9.173506e+01
9.986086e-01 1.282020e-03 -5.271908e-02 -2.139419e+01 -1.178008e-03 9.999973e-01 2.003963e-03 -1.685332e+00 5.272151e-02 -1.939070e-03 9.986073e-01 9.177073e+01
9.976689e-01 -1.520018e-03 6.822351e-02 -2.105138e+01 1.696717e-03 9.999954e-01 -2.532137e-03 -1.695462e+00 -6.821934e-02 2.641990e-03 9.976667e-01 9.169356e+01
9.981323e-01 1.497672e-03 -6.107111e-02 -2.061643e+01 -1.359859e-03 9.999964e-01 2.298094e-03 -1.708349e+00 6.107434e-02 -2.210753e-03 9.981307e-01 9.158508e+01
9.984524e-01 -1.245527e-03 5.559890e-02 -2.019793e+01 1.362746e-03 9.999969e-01 -2.070441e-03 -1.723894e+00 -5.559614e-02 2.143005e-03 9.984509e-01 9.156896e+01
9.975845e-01 1.716559e-03 -6.944194e-02 -1.975981e+01 -1.536731e-03 9.999953e-01 2.642957e-03 -1.740956e+00 6.944616e-02 -2.529858e-03 9.975824e-01 9.157739e+01
9.987236e-01 -1.110064e-03 5.049744e-02 -1.925806e+01 1.205929e-03 9.999975e-01 -1.867972e-03 -1.759969e+00 -5.049524e-02 1.926485e-03 9.987223e-01 9.158293e+01
9.977836e-01 1.618947e-03 -6.652304e-02 -1.870770e+01 -1.454178e-03 9.999958e-01 2.525211e-03 -1.780808e+00 6.652685e-02 -2.422877e-03 9.977816e-01 9.158497e+01
9.990367e-01 -9.386642e-04 4.387326e-02 -1.825414e+01 1.010300e-03 9.999982e-01 -1.610637e-03 -1.799050e+00 -4.387167e-02 1.653411e-03 9.990357e-01 9.162880e+01
9.979426e-01 1.560639e-03 -6.409440e-02 -1.781535e+01 -1.409421e-03 9.999961e-01 2.404446e-03 -1.815751e+00 6.409790e-02 -2.309163e-03 9.979408e-01 9.163598e+01
9.987138e-01 -1.125806e-03 5.068970e-02 -1.734671e+01 1.222028e-03 9.999975e-01 -1.867311e-03 -1.834051e+00 -5.068748e-02 1.926855e-03 9.987126e-01 9.165201e+01
9.974024e-01 1.807410e-03 -7.200892e-02 -1.698254e+01 -1.613872e-03 9.999949e-01 2.745782e-03 -1.851543e+00 7.201352e-02 -2.622435e-03 9.974001e-01 9.178410e+01
9.977995e-01 -1.508903e-03 6.628643e-02 -1.669676e+01 1.675420e-03 9.999956e-01 -2.456572e-03 -1.871820e+00 -6.628244e-02 2.562225e-03 9.977975e-01 9.212743e+01
9.977345e-01 1.671073e-03 -6.725339e-02 -1.642030e+01 -1.500686e-03 9.999955e-01 2.583935e-03 -1.893634e+00 6.725741e-02 -2.477154e-03 9.977325e-01 9.255307e+01
9.978531e-01 -1.472638e-03 6.547610e-02 -1.600034e+01 1.636723e-03 9.999957e-01 -2.452457e-03 -1.915207e+00 -6.547221e-02 2.554359e-03 9.978510e-01 9.275549e+01
9.977734e-01 1.651370e-03 -6.667397e-02 -1.553031e+01 -1.484131e-03 9.999956e-01 2.557764e-03 -1.937531e+00 6.667790e-02 -2.453115e-03 9.977714e-01 9.291649e+01
9.986511e-01 -1.150054e-03 5.190947e-02 -1.534453e+01 1.252520e-03 9.999973e-01 -1.941444e-03 -1.955189e+00 -5.190710e-02 2.003844e-03 9.986498e-01 9.330310e+01
9.982271e-01 1.425752e-03 -5.950278e-02 -1.517869e+01 -1.292597e-03 9.999966e-01 2.276227e-03 -1.974804e+00 5.950582e-02 -2.195278e-03 9.982254e-01 9.379413e+01
9.989283e-01 -9.964811e-04 4.627353e-02 -1.510948e+01 1.077198e-03 9.999979e-01 -1.719443e-03 -1.991247e+00 -4.627173e-02 1.767448e-03 9.989272e-01 9.429540e+01
9.981933e-01 1.442139e-03 -6.006709e-02 -1.485186e+01 -1.307238e-03 9.999965e-01 2.285068e-03 -2.008331e+00 6.007017e-02 -2.202417e-03 9.981916e-01 9.456325e+01
9.993583e-01 -7.193722e-04 3.581243e-02 -1.454728e+01 7.668849e-04 9.999988e-01 -1.312988e-03 -2.024375e+00 -3.581146e-02 1.339610e-03 9.993576e-01 9.473066e+01
