9.999248e-01 3.682439e-04 -1.226059e-02 5.769373e-02 -3.625401e-04 9.999998e-01 4.674344e-04 -5.144041e-03 1.226076e-02 -4.629538e-04 9.999246e-01 5.243292e-02
9.998147e-01 -4.901117e-04 1.924376e-02 1.189440e-01 5.049334e-04 9.999996e-01 -7.653563e-04 -1.174402e-02 -1.924337e-02 7.749318e-04 9.998144e-01 2.013489e-01
9.999446e-01 3.372125e-04 -1.052039e-02 1.794167e-01 -3.329814e-04 9.999999e-01 4.039281e-04 -1.788734e-02 1.052053e-02 -4.004021e-04 9.999445e-01 3.350626e-01
9.999620e-01 -2.897952e-04 8.711890e-03 2.245027e-01 2.925781e-04 9.999999e-01 -3.181698e-04 -2.438527e-02 -8.711796e-03 3.207071e-04 9.999619e-01 4.680155e-01
9.996595e-01 8.175411e-04 -2.607948e-02 2.687187e-01 -7.917583e-04 9.999992e-01 9.989324e-04 -2.968354e-02 2.608027e-02 -9.779431e-04 9.996593e-01 5.535825e-01
9.998396e-01 -5.854194e-04 1.789945e-02 3.148371e-01 5.972729e-04 9.999996e-01 -6.568882e-04 -3.470915e-02 -1.789906e-02 6.674742e-04 9.998395e-01 5.927991e-01
9.999132e-01 5.146005e-04 -1.316762e-02 3.611077e-01 -5.089196e-04 9.999998e-01 4.347781e-04 -4.073062e-02 1.316784e-02 -4.280385e-04 9.999131e-01 7.070468e-01
9.997172e-01 -7.235936e-04 2.377145e-02 4.163463e-01 7.444354e-04 9.999993e-01 -8.679182e-04 -4.698885e-02 -2.377081e-02 8.853695e-04 9.997169e-01 8.603971e-01
9.995478e-01 9.038392e-04 -3.005784e-02 4.529651e-01 -8.715672e-04 9.999990e-01 1.086747e-03 -5.407231e-02 3.005879e-02 -1.060057e-03 9.995475e-01 1.017573e+00
9.998913e-01 -4.659988e-04 1.473919e-02 4.834112e-01 4.729658e-04 9.999998e-01 -4.692049e-04 -6.003155e-02 -1.473898e-02 4.761256e-04 9.998912e-01 1.129264e+00
9.999045e-01 4.770750e-04 -1.381038e-02 5.106708e-01 -4.712999e-04 9.999998e-01 4.214245e-04 -6.652623e-02 1.381057e-02 -4.148748e-04 9.999044e-01 1.264317e+00
9.998883e-01 -4.949709e-04 1.493611e-02 5.352416e-01 5.028289e-04 9.999997e-01 -5.223491e-04 -7.290668e-02 -1.493585e-02 5.298016e-04 9.998882e-01 1.394859e+00
9.999400e-01 4.211805e-04 -1.094881e-02 5.776848e-01 -4.175329e-04 9.999999e-01 3.354338e-04 -7.956415e-02 1.094895e-02 -3.308416e-04 9.999399e-01 1.543266e+00
9.995405e-01 -8.199378e-04 3.030180e-02 6.423331e-01 8.525430e-04 9.999991e-01 -1.063109e-03 -8.471530e-02 -3.030090e-02 1.088455e-03 9.995401e-01 1.679560e+00
9.999985e-01 4.885454e-05 1.756368e-03 7.111189e-01 -4.874730e-05 1.000000e+00 -6.109439e-05 -8.845418e-02 -1.756368e-03 6.100903e-05 9.999984e-01 1.807446e+00
9.997497e-01 -6.367983e-04 2.236543e-02 7.761790e-01 6.547612e-04 9.999995e-01 -7.958397e-04 -9.320982e-02 -2.236490e-02 8.102848e-04 9.997494e-01 1.944432e+00
9.999791e-01 3.036053e-04 -6.456360e-03 8.288627e-01 -3.023844e-04 9.999999e-01 1.900816e-04 -9.848833e-02 6.456424e-03 -1.881251e-04 9.999790e-01 2.071773e+00
9.998499e-01 -5.125857e-04 1.731837e-02 8.694189e-01 5.232348e-04 9.999997e-01 -6.103784e-04 -1.035520e-01 -1.731805e-02 6.193485e-04 9.998497e-01 2.170166e+00
9.998708e-01 4.704924e-04 -1.606436e-02 8.988031e-01 -4.621167e-04 9.999998e-01 5.250925e-04 -1.105466e-01 1.606461e-02 -5.176010e-04 9.998707e-01 2.332408e+00
9.998684e-01 -4.864469e-04 1.621773e-02 9.386257e-01 4.957030e-04 9.999997e-01 -5.667229e-04 -1.175591e-01 -1.621744e-02 5.746877e-04 9.998682e-01 2.480624e+00
9.999309e-01 4.322610e-04 -1.174706e-02 9.877050e-01 -4.285208e-04 9.999999e-01 3.209092e-04 -1.235535e-01 1.174720e-02 -3.158530e-04 9.999308e-01 2.594510e+00
9.998092e-01 -5.459079e-04 1.952388e-02 1.035092e+00 5.587841e-04 9.999996e-01 -6.540627e-04 -1.292247e-01 -1.952350e-02 6.648477e-04 9.998091e-01 2.703259e+00
9.999507e-01 3.597120e-04 -9.921532e-03 1.080480e+00 -3.568758e-04 9.999999e-01 2.876366e-04 -1.344665e-01 9.921645e-03 -2.840816e-04 9.999506e-01 2.795037e+00
9.998352e-01 -4.687991e-04 1.814624e-02 1.161476e+00 4.809126e-04 9.999997e-01 -6.631882e-04 -1.398940e-01 -1.814591e-02 6.718057e-04 9.998350e-01 2.872129e+00
9.999438e-01 3.275153e-04 -1.059608e-02 1.245029e+00 -3.239296e-04 9.999999e-01 3.401107e-04 -1.460184e-01 1.059621e-02 -3.366592e-04 9.999437e-01 2.973702e+00
9.998887e-01 -3.615996e-04 1.491560e-02 1.331637e+00 3.704738e-04 9.999998e-01 -5.922013e-04 -1.511757e-01 -1.491537e-02 5.976612e-04 9.998885e-01 3.016210e+00
9.999614e-01 2.442185e-04 -8.777637e-03 1.483260e+00 -2.414338e-04 9.999999e-01 3.183018e-04 -1.537398e-01 8.777727e-03 -3.161704e-04 9.999613e-01 2.905346e+00
9.999346e-01 -3.574887e-04 1.143206e-02 1.680016e+00 3.629235e-04 9.999998e-01 -4.733225e-04 -1.569798e-01 -1.143187e-02 4.774404e-04 9.999344e-01 2.794957e+00
9.999653e-01 2.250537e-04 -8.327024e-03 1.892983e+00 -2.227227e-04 9.999999e-01 2.808478e-04 -1.612168e-01 8.327100e-03 -2.789835e-04 9.999652e-01 2.733365e+00
9.999310e-01 -3.281454e-04 1.173999e-02 2.036963e+00 3.341758e-04 9.999998e-01 -5.117024e-04 -1.670465e-01 -1.173980e-02 5.155902e-04 9.999309e-01 2.778600e+00
9.999727e-01 2.307260e-04 -7.384396e-03 2.154004e+00 -2.289348e-04 9.999999e-01 2.434070e-04 -1.732934e-01 7.384465e-03 -2.417099e-04 9.999726e-01 2.861198e+00
9.999427e-01 -3.093884e-04 1.070076e-02 2.298381e+00 3.143375e-04 9.999998e-01 -4.608190e-04 -1.788642e-01 -1.070060e-02 4.641560e-04 9.999425e-01 2.893375e+00
9.999657e-01 2.479928e-04 -8.272890e-03 2.432188e+00 -2.455598e-04 9.999999e-01 2.951033e-04 -1.839943e-01 8.272977e-03 -2.930619e-04 9.999656e-01 2.901167e+00
9.999238e-01 -3.007221e-04 1.234225e-02 2.505816e+00 3.072239e-04 9.999998e-01 -5.249000e-04 -1.899113e-01 -1.234208e-02 5.286516e-04 9.999236e-01 2.985785e+00
9.999405e-01 2.828563e-04 -1.090832e-02 2.585990e+00 -2.784577e-04 9.999999e-01 4.047483e-04 -1.957477e-01 1.090845e-02 -4.016869e-04 9.999403e-01 3.049748e+00
9.999240e-01 -3.188256e-04 1.232379e-02 2.626387e+00 3.252683e-04 9.999998e-01 -5.207879e-04 -2.015602e-01 -1.232361e-02 5.247566e-04 9.999238e-01 3.149400e+00
9.999474e-01 2.684188e-04 -1.024879e-02 2.678740e+00 -2.645864e-04 9.999999e-01 3.752794e-04 -2.073854e-01 1.024891e-02 -3.725482e-04 9.999473e-01 3.241821e+00
9.999220e-01 -2.888531e-04 1.248750e-02 2.773492e+00 2.955239e-04 9.999998e-01 -5.323544e-04 -2.124633e-01 -1.248733e-02 5.360029e-04 9.999218e-01 3.264626e+00
9.999927e-01 1.359296e-04 -3.805407e-03 2.837097e+00 -1.352561e-04 1.000000e+00 1.772395e-04 -2.179895e-01 3.805448e-03 -1.767239e-04 9.999926e-01 3.354875e+00
9.999324e-01 -2.616282e-04 1.162525e-02 2.928231e+00 2.677884e-04 9.999998e-01 -5.283386e-04 -2.233037e-01 -1.162510e-02 5.314157e-04 9.999322e-01 3.418350e+00
9.999976e-01 -5.595500e-05 2.196952e-03 3.027414e+00 5.598389e-05 1.000000e+00 -1.306314e-05 -2.291200e-01 -2.196932e-03 1.318569e-05 9.999975e-01 3.538737e+00
9.999826e-01 -7.604698e-05 5.896906e-03 3.107056e+00 7.815004e-05 9.999999e-01 -3.563981e-04 -2.356128e-01 -5.896859e-03 3.568523e-04 9.999825e-01 3.671614e+00
9.999788e-01 9.797258e-05 -6.509991e-03 3.193350e+00 -9.577173e-05 9.999999e-01 3.383730e-04 -2.423805e-01 6.510043e-03 -3.377428e-04 9.999787e-01 3.766859e+00
9.999865e-01 -7.688439e-05 5.199594e-03 3.326372e+00 7.861760e-05 9.999999e-01 -3.331215e-04 -2.471003e-01 -5.199549e-03 3.335253e-04 9.999863e-01 3.746332e+00
9.999733e-01 1.770383e-04 -7.304113e-03 3.445915e+00 -1.741595e-04 9.999999e-01 3.947702e-04 -2.519082e-01 7.304201e-03 -3.934881e-04 9.999731e-01 3.729611e+00
9.999306e-01 -2.450009e-04 1.178172e-02 3.569669e+00 2.522901e-04 9.999998e-01 -6.172034e-04 -2.564700e-01 -1.178154e-02 6.201325e-04 9.999303e-01 3.729693e+00
9.999057e-01 3.698270e-04 -1.372902e-02 3.710645e+00 -3.601389e-04 9.999997e-01 7.081254e-04 -2.606761e-01 1.372930e-02 -7.031147e-04 9.999054e-01 3.675231e+00
9.999673e-01 -1.850451e-04 8.081357e-03 3.807689e+00 1.889820e-04 9.999999e-01 -4.863937e-04 -2.655933e-01 -8.081247e-03 4.879046e-04 9.999671e-01 3.676572e+00
9.999111e-01 3.652808e-04 -1.332798e-02 3.889532e+00 -3.564725e-04 9.999997e-01 6.632463e-04 -2.704056e-01 1.332824e-02 -6.584367e-04 9.999109e-01 3.680900e+00
9.999912e-01 1.943423e-04 -4.192006e-03 3.944136e+00 -1.944833e-04 1.000000e+00 -3.322757e-05 -2.742014e-01 4.192016e-03 3.404221e-05 9.999911e-01 3.693244e+00
9.992630e-01 1.112899e-03 -3.836918e-02 3.991128e+00 -1.051069e-03 9.999981e-01 1.631600e-03 -2.758768e-01 3.837093e-02 -1.590069e-03 9.992622e-01 3.695659e+00
9.998872e-01 5.222826e-04 -1.500794e-02 4.033002e+00 -5.156017e-04 9.999998e-01 4.490204e-04 -2.762882e-01 1.500818e-02 -4.412317e-04 9.998872e-01 3.660391e+00
9.994385e-01 9.566374e-04 -3.349231e-02 4.079217e+00 -9.105931e-04 9.999986e-01 1.389997e-03 -2.770437e-01 3.349360e-02 -1.358718e-03 9.994379e-01 3.634088e+00
9.991927e-01 1.141852e-03 -4.015686e-02 4.152631e+00 -1.075907e-03 9.999980e-01 1.663770e-03 -2.789354e-01 4.015868e-02 -1.619222e-03 9.991919e-01 3.697288e+00
9.991224e-01 1.187477e-03 -4.186965e-02 4.218308e+00 -1.115310e-03 9.999979e-01 1.746926e-03 -2.809136e-01 4.187163e-02 -1.698695e-03 9.991215e-01 3.799689e+00
9.989975e-01 1.397952e-03 -4.474426e-02 4.267872e+00 -1.324150e-03 9.999977e-01 1.679021e-03 -2.793366e-01 4.474648e-02 -1.618089e-03 9.989970e-01 3.777358e+00
9.990599e-01 1.323180e-03 -4.333061e-02 4.313473e+00 -1.248122e-03 9.999977e-01 1.759217e-03 -2.750378e-01 4.333280e-02 -1.703480e-03 9.990591e-01 3.626287e+00
9.987918e-01 1.545088e-03 -4.911674e-02 4.362751e+00 -1.456559e-03 9.999972e-01 1.838162e-03 -2.699140e-01 4.911941e-02 -1.764398e-03 9.987913e-01 3.451369e+00
9.986656e-01 1.427793e-03 -5.162258e-02 4.422753e+00 -1.312682e-03 9.999966e-01 2.263677e-03 -2.679099e-01 5.162559e-02 -2.192890e-03 9.986640e-01 3.420219e+00
9.983856e-01 1.684608e-03 -5.677472e-02 4.489306e+00 -1.557598e-03 9.999962e-01 2.281249e-03 -2.681638e-01 5.677829e-02 -2.189132e-03 9.983843e-01 3.512017e+00
9.990450e-01 1.239520e-03 -4.367471e-02 4.536827e+00 -1.160128e-03 9.999976e-01 1.843073e-03 -2.674862e-01 4.367683e-02 -1.790642e-03 9.990440e-01 3.555841e+00
9.991558e-01 1.322083e-03 -4.106016e-02 4.571557e+00 -1.260559e-03 9.999980e-01 1.524211e-03 -2.655795e-01 4.106202e-02 -1.471163e-03 9.991554e-01 3.509180e+00
9.993797e-01 1.032527e-03 -3.520250e-02 4.613365e+00 -9.833183e-04 9.999985e-01 1.415131e-03 -2.630389e-01 3.520383e-02 -1.379635e-03 9.993791e-01 3.413565e+00
9.992297e-01 1.263447e-03 -3.922125e-02 4.652137e+00 -1.205947e-03 9.999982e-01 1.489619e-03 -2.610404e-01 3.922298e-02 -1.441170e-03 9.992294e-01 3.333393e+00
1.000000e+00 -4.239003e-05 6.681613e-05 4.699889e+00 4.238289e-05 1.000000e+00 1.307936e-04 -2.620779e-01 -6.690498e-05 -1.307879e-04 9.999999e-01 3.266904e+00
9.991194e-01 1.341077e-03 -4.193552e-02 4.747021e+00 -1.282911e-03 9.999982e-01 1.413882e-03 -2.638899e-01 4.193726e-02 -1.358835e-03 9.991192e-01 3.281769e+00
9.998359e-01 4.724582e-04 -1.810727e-02 4.779779e+00 -4.559735e-04 9.999995e-01 9.144146e-04 -2.645173e-01 1.810760e-02 -9.060051e-04 9.998356e-01 3.289763e+00
9.992268e-01 1.281263e-03 -3.929506e-02 4.816459e+00 -1.231184e-03 9.999984e-01 1.298577e-03 -2.651226e-01 3.929657e-02 -1.249190e-03 9.992267e-01 3.289040e+00
9.999309e-01 2.688982e-04 -1.174682e-02 4.850184e+00 -2.605904e-04 9.999997e-01 7.085891e-04 -2.664209e-01 1.174691e-02 -7.054761e-04 9.999307e-01 3.291756e+00
9.995711e-01 9.854025e-04 -2.926734e-02 4.887336e+00 -9.600611e-04 9.999992e-01 8.798242e-04 -2.687279e-01 2.926809e-02 -8.513453e-04 9.995712e-01 3.315516e+00
9.999961e-01 -1.422043e-04 2.775555e-03 4.927708e+00 1.417041e-04 1.000000e+00 1.812414e-04 -2.723949e-01 -2.775676e-03 -1.808443e-04 9.999961e-01 3.343873e+00
9.997072e-01 7.930451e-04 -2.418312e-02 4.967837e+00 -7.793539e-04 9.999995e-01 5.754724e-04 -2.770982e-01 2.418347e-02 -5.564536e-04 9.997073e-01 3.435304e+00
9.999185e-01 3.018387e-04 -1.276194e-02 4.997437e+00 -2.913629e-04 9.999996e-01 8.225319e-04 -2.804412e-01 1.276208e-02 -8.187435e-04 9.999182e-01 3.505730e+00
9.999760e-01 3.403613e-05 6.918497e-03 5.017742e+00 -3.055703e-05 9.999999e-01 -5.026219e-04 -2.857814e-01 -6.918611e-03 5.024015e-04 9.999759e-01 3.594741e+00
9.996407e-01 -8.450495e-04 2.678786e-02 5.068244e+00 8.622520e-04 9.999994e-01 -6.305384e-04 -2.887470e-01 -2.678741e-02 6.534129e-04 9.996409e-01 3.698812e+00
9.999993e-01 1.604297e-04 1.174666e-03 5.114045e+00 -1.600645e-04 9.999999e-01 -3.090591e-04 -2.920711e-01 -1.174811e-03 3.088739e-04 9.999992e-01 3.792618e+00
9.996838e-01 -7.955906e-04 2.513071e-02 5.161771e+00 8.105485e-04 9.999995e-01 -5.849313e-04 -2.957258e-01 -2.513033e-02 6.051191e-04 9.996839e-01 3.893978e+00
9.999668e-01 2.318204e-06 8.147329e-03 5.207782e+00 2.173216e-06 9.999998e-01 -5.510011e-04 -2.984551e-01 -8.147423e-03 5.510036e-04 9.999666e-01 3.988168e+00
9.996831e-01 -8.162734e-04 2.515830e-02 5.253955e+00 8.306209e-04 9.999995e-01 -5.597590e-04 -3.012666e-01 -2.515793e-02 5.804817e-04 9.996833e-01 4.081702e+00
9.999989e-01 1.641067e-04 1.431039e-03 5.299389e+00 -1.636170e-04 9.999999e-01 -3.408740e-04 -3.047322e-01 -1.431186e-03 3.406425e-04 9.999988e-01 4.174923e+00
9.998158e-01 -6.576933e-04 1.917837e-02 5.347316e+00 6.649802e-04 9.999997e-01 -3.734730e-04 -3.089530e-01 -1.917821e-02 3.861605e-04 9.998159e-01 4.274530e+00
9.999998e-01 1.775799e-04 5.947760e-04 5.394397e+00 -1.773911e-04 9.999999e-01 -3.142287e-04 -3.132117e-01 -5.949211e-04 3.141262e-04 9.999997e-01 4.372449e+00
9.998351e-01 -6.327600e-04 1.814985e-02 5.442621e+00 6.388309e-04 9.999997e-01 -3.285870e-04 -3.176042e-01 -1.814973e-02 3.401305e-04 9.998351e-01 4.470385e+00
9.999876e-01 1.236452e-04 4.980433e-03 5.484184e+00 -1.212187e-04 9.999999e-01 -4.871424e-04 -3.211033e-01 -4.980580e-03 4.865356e-04 9.999874e-01 4.554541e+00
9.997840e-01 -7.620745e-04 2.076763e-02 5.529804e+00 7.699308e-04 9.999996e-01 -3.702171e-04 -3.246822e-01 -2.076743e-02 3.861298e-04 9.997842e-01 4.647067e+00
9.999940e-01 3.501506e-04 -3.449512e-03 5.575780e+00 -3.509192e-04 9.999999e-01 -2.226978e-04 -3.289982e-01 3.449349e-03 2.239099e-04 9.999939e-01 4.735480e+00
9.999596e-01 -5.024093e-04 8.966678e-03 5.615589e+00 5.019365e-04 9.999999e-01 5.516240e-05 -3.344591e-01 -8.966790e-03 -5.065649e-05 9.999597e-01 4.839823e+00
9.997399e-01 8.970417e-04 -2.278959e-02 5.652799e+00 -8.864939e-04 9.999995e-01 4.728587e-04 -3.403992e-01 2.278991e-02 -4.525299e-04 9.997401e-01 4.958959e+00
9.999939e-01 -1.410105e-04 -3.485140e-03 5.688411e+00 1.429701e-04 9.999998e-01 5.615345e-04 -3.451300e-01 3.484973e-03 -5.620263e-04 9.999937e-01 5.047659e+00
9.998163e-01 7.829541e-04 -1.914762e-02 5.717803e+00 -7.779106e-04 9.999997e-01 2.707547e-04 -3.504793e-01 1.914773e-02 -2.558068e-04 9.998166e-01 5.168120e+00
9.999984e-01 -1.795249e-04 -1.757069e-03 5.750569e+00 1.804809e-04 9.999998e-01 5.428961e-04 -3.556622e-01 1.756882e-03 -5.432093e-04 9.999982e-01 5.264040e+00
9.998566e-01 7.596115e-04 -1.691800e-02 5.832805e+00 -7.556366e-04 9.999997e-01 2.412288e-04 -3.603596e-01 1.691808e-02 -2.284073e-04 9.998568e-01 5.302118e+00
9.999924e-01 -1.108811e-04 -3.877334e-03 5.902495e+00 1.132409e-04 9.999998e-01 6.079019e-04 -3.646752e-01 3.877175e-03 -6.083334e-04 9.999922e-01 5.337501e+00
9.999177e-01 6.147431e-04 -1.281145e-02 5.936984e+00 -6.146508e-04 9.999998e-01 1.098801e-05 -3.694626e-01 1.281136e-02 -3.109501e-06 9.999179e-01 5.402823e+00
9.999964e-01 -1.816379e-04 -2.656239e-03 5.961971e+00 1.830718e-04 9.999998e-01 5.388289e-04 -3.744871e-01 2.656049e-03 -5.393102e-04 9.999963e-01 5.475826e+00
9.998435e-01 7.459905e-04 -1.767614e-02 5.988229e+00 -7.417583e-04 9.999997e-01 2.458692e-04 -3.797731e-01 1.767622e-02 -2.327163e-04 9.998437e-01 5.576143e+00
9.999984e-01 -2.232333e-04 -1.763969e-03 6.012665e+00 2.240914e-04 9.999999e-01 4.850752e-04 -3.851544e-01 1.763767e-03 -4.854667e-04 9.999983e-01 5.678742e+00
9.997906e-01 8.039443e-04 -2.044840e-02 6.033464e+00 -7.961564e-04 9.999996e-01 3.888888e-04 -3.910011e-01 2.044861e-02 -3.725242e-04 9.997908e-01 5.811292e+00
9.999534e-01 -6.166324e-04 9.635442e-03 6.043459e+00 6.163870e-04 9.999998e-01 2.867287e-05 -3.980166e-01 -9.635552e-03 -2.272928e-05 9.999535e-01 5.965262e+00
9.997951e-01 8.126108e-04 -2.022640e-02 6.057197e+00 -8.056646e-04 9.999996e-01 3.514564e-04 -4.052350e-01 2.022658e-02 -3.350856e-04 9.997953e-01 6.136752e+00
9.999095e-01 -7.149700e-04 1.343332e-02 6.063512e+00 7.164949e-04 9.999997e-01 -1.085342e-04 -4.119243e-01 -1.343333e-02 1.181524e-04 9.999097e-01 6.277340e+00
9.998449e-01 7.303592e-04 -1.759276e-02 6.063701e+00 -7.266098e-04 9.999997e-01 2.193827e-04 -4.185810e-01 1.759282e-02 -2.065626e-04 9.998451e-01 6.427401e+00
9.999549e-01 -6.031174e-04 9.471585e-03 6.075440e+00 6.024058e-04 9.999998e-01 7.823096e-05 -4.255430e-01 -9.471726e-03 -7.251860e-05 9.999551e-01 6.575165e+00
9.998618e-01 7.308974e-04 -1.660863e-02 6.085081e+00 -7.279295e-04 9.999997e-01 1.846019e-04 -4.317140e-01 1.660866e-02 -1.724835e-04 9.998620e-01 6.689427e+00
9.999349e-01 -6.631535e-04 1.138727e-02 6.083053e+00 6.636040e-04 9.999998e-01 -3.557319e-05 -4.373296e-01 -1.138734e-02 4.313062e-05 9.999351e-01 6.787905e+00
9.999409e-01 6.921022e-04 -1.084695e-02 6.093929e+00 -6.924519e-04 9.999998e-01 -2.869415e-05 -4.429953e-01 1.084683e-02 3.620651e-05 9.999411e-01 6.890389e+00
9.997874e-01 -8.933864e-04 2.059731e-02 6.129949e+00 9.006271e-04 9.999995e-01 -3.421481e-04 -4.485053e-01 -2.059709e-02 3.606289e-04 9.997877e-01 7.013694e+00
9.999744e-01 5.949512e-04 -7.123585e-03 6.172701e+00 -5.961352e-04 9.999998e-01 -1.644168e-04 -4.537015e-01 7.123391e-03 1.686622e-04 9.999745e-01 7.133742e+00
9.996871e-01 -9.816553e-04 2.499487e-02 6.217444e+00 9.937542e-04 9.999994e-01 -4.715500e-04 -4.581408e-01 -2.499448e-02 4.962443e-04 9.996874e-01 7.234434e+00
9.999936e-01 4.372982e-04 -3.549357e-03 6.269368e+00 -4.382270e-04 9.999999e-01 -2.615048e-04 -4.626405e-01 3.549148e-03 2.630616e-04 9.999936e-01 7.348888e+00
9.997134e-01 -9.285482e-04 2.392040e-02 6.319838e+00 9.396206e-04 9.999995e-01 -4.515582e-04 -4.672900e-01 -2.392006e-02 4.739080e-04 9.997137e-01 7.470329e+00
9.999589e-01 6.099979e-04 -9.037245e-03 6.365283e+00 -6.109976e-04 9.999998e-01 -1.080915e-04 -4.724229e-01 9.037084e-03 1.136118e-04 9.999591e-01 7.591282e+00
9.995615e-01 -1.068483e-03 2.959020e-02 6.415091e+00 1.087125e-03 9.999992e-01 -6.138441e-04 -4.768905e-01 -2.958962e-02 6.457462e-04 9.995619e-01 7.707539e+00
9.999880e-01 4.514176e-04 -4.874721e-03 6.467452e+00 -4.525332e-04 9.999999e-01 -2.281730e-04 -4.809993e-01 4.874526e-03 2.303792e-04 9.999880e-01 7.820687e+00
9.997027e-01 -9.031997e-04 2.436567e-02 6.516816e+00 9.145523e-04 9.999995e-01 -4.547044e-04 -4.854866e-01 -2.436534e-02 4.768560e-04 9.997029e-01 7.930367e+00
9.999788e-01 4.768143e-04 -6.495308e-03 6.566835e+00 -4.780268e-04 9.999999e-01 -1.853998e-04 -4.902813e-01 6.495129e-03 1.885038e-04 9.999788e-01 8.047666e+00
9.996245e-01 -9.687803e-04 2.738195e-02 6.618141e+00 9.839853e-04 9.999994e-01 -5.417558e-04 -4.947377e-01 -2.738150e-02 5.684988e-04 9.996248e-01 8.162282e+00
9.999835e-01 4.430108e-04 -5.731457e-03 6.670241e+00 -4.442412e-04 9.999999e-01 -2.137229e-04 -4.991577e-01 5.731274e-03 2.162685e-04 9.999835e-01 8.277139e+00
9.996221e-01 -9.645933e-04 2.747183e-02 6.722552e+00 9.797138e-04 9.999994e-01 -5.368776e-04 -5.036015e-01 -2.747138e-02 5.635923e-04 9.996224e-01 8.393616e+00
9.999958e-01 3.665971e-04 -2.881848e-03 6.778442e+00 -3.675365e-04 9.999999e-01 -3.260245e-04 -5.079133e-01 2.881644e-03 3.270853e-04 9.999957e-01 8.517682e+00
9.995987e-01 -9.640682e-04 2.831020e-02 6.832888e+00 9.802658e-04 9.999994e-01 -5.582148e-04 -5.119781e-01 -2.830973e-02 5.857453e-04 9.995990e-01 8.634437e+00
9.999739e-01 4.389093e-04 -7.211203e-03 6.885422e+00 -4.401426e-04 9.999999e-01 -1.696542e-04 -5.167468e-01 7.211046e-03 1.728267e-04 9.999739e-01 8.759525e+00
9.997001e-01 -8.032299e-04 2.447490e-02 6.936931e+00 8.152619e-04 9.999996e-01 -4.815652e-04 -5.218529e-01 -2.447458e-02 5.013772e-04 9.997002e-01 8.889821e+00
9.999338e-01 5.131657e-04 -1.149181e-02 6.992817e+00 -5.136061e-04 9.999999e-01 -3.550000e-05 -5.284217e-01 1.149171e-02 4.140278e-05 9.999339e-01 9.071049e+00
9.995923e-01 -8.462927e-04 2.853888e-02 7.046329e+00 8.643868e-04 9.999994e-01 -6.216313e-04 -5.337939e-01 -2.853842e-02 6.460494e-04 9.995924e-01 9.216364e+00
9.999983e-01 2.022389e-04 -1.843207e-03 7.105388e+00 -2.028117e-04 9.999999e-01 -3.113300e-04 -5.378959e-01 1.843066e-03 3.117061e-04 9.999982e-01 9.339777e+00
9.997189e-01 -7.110035e-04 2.369760e-02 7.164762e+00 7.224265e-04 9.999996e-01 -4.734172e-04 -5.425860e-01 -2.369733e-02 4.904067e-04 9.997190e-01 9.469222e+00
9.999955e-01 6.599989e-05 2.997401e-03 7.219866e+00 -6.464780e-05 9.999999e-01 -4.507536e-04 -5.463454e-01 -2.997505e-03 4.505606e-04 9.999953e-01 9.577974e+00
9.998326e-01 -5.839771e-04 1.828737e-02 7.276525e+00 5.896197e-04 9.999998e-01 -3.030922e-04 -5.510783e-01 -1.828726e-02 3.138268e-04 9.998326e-01 9.704765e+00
9.999910e-01 2.470558e-04 -4.224277e-03 7.330017e+00 -2.480297e-04 9.999999e-01 -2.303097e-04 -5.568400e-01 4.224148e-03 2.313581e-04 9.999910e-01 9.849624e+00
9.998645e-01 -4.732390e-04 1.645625e-02 7.379688e+00 4.778918e-04 9.999998e-01 -2.787381e-04 -5.625590e-01 -1.645619e-02 2.865673e-04 9.998645e-01 9.988976e+00
9.999995e-01 8.573918e-05 1.021586e-03 7.434824e+00 -8.534548e-05 9.999999e-01 -3.843294e-04 -5.680542e-01 -1.021689e-03 3.842446e-04 9.999993e-01 1.013306e+01
9.997723e-01 -5.758537e-04 2.133203e-02 7.501199e+00 5.857443e-04 9.999997e-01 -4.573496e-04 -5.731487e-01 -2.133183e-02 4.697432e-04 9.997723e-01 1.028244e+01
9.999648e-01 -1.483750e-04 8.386004e-03 7.567746e+00 1.533301e-04 9.999998e-01 -5.901142e-04 -5.770174e-01 -8.385982e-03 5.913819e-04 9.999646e-01 1.040621e+01
9.998678e-01 -4.436030e-04 1.625008e-02 7.624628e+00 4.482527e-04 9.999999e-01 -2.824292e-04 -5.813260e-01 -1.625001e-02 2.896785e-04 9.998678e-01 1.052682e+01
9.999818e-01 -7.817376e-05 6.032019e-03 7.680343e+00 8.134563e-05 9.999999e-01 -5.254442e-04 -5.858646e-01 -6.032040e-03 5.259278e-04 9.999816e-01 1.064945e+01
9.998941e-01 -3.914604e-04 1.454986e-02 7.736900e+00 3.949309e-04 9.999999e-01 -2.355917e-04 -5.909123e-01 -1.454982e-02 2.413153e-04 9.998940e-01 1.078795e+01
9.999892e-01 -3.184492e-05 4.655867e-03 7.792715e+00 3.410294e-05 9.999999e-01 -4.847276e-04 -5.958654e-01 -4.655911e-03 4.848835e-04 9.999890e-01 1.091474e+01
9.999594e-01 -2.579625e-04 9.004345e-03 7.845855e+00 2.584793e-04 1.000000e+00 -5.614958e-05 -6.016689e-01 -9.004389e-03 5.847707e-05 9.999594e-01 1.105898e+01
9.999693e-01 -1.291513e-04 7.829016e-03 7.906999e+00 1.337880e-04 9.999998e-01 -5.916297e-04 -6.073659e-01 -7.828996e-03 5.926612e-04 9.999691e-01 1.121221e+01
9.999726e-01 -1.851903e-04 7.395588e-03 7.961376e+00 1.853261e-04 1.000000e+00 -1.757344e-05 -6.129378e-01 -7.395641e-03 1.894580e-05 9.999726e-01 1.135760e+01
9.999147e-01 -2.917367e-04 1.305831e-02 8.022588e+00 3.014431e-04 9.999997e-01 -7.412992e-04 -6.181775e-01 -1.305815e-02 7.451745e-04 9.999144e-01 1.150366e+01
9.999998e-01 8.322212e-05 -6.695471e-04 8.065277e+00 -8.306294e-05 1.000000e+00 2.368157e-04 -6.233019e-01 6.695133e-04 -2.367579e-04 9.999997e-01 1.161041e+01
9.999128e-01 -3.042248e-04 1.320225e-02 8.102844e+00 3.137217e-04 9.999997e-01 -7.172255e-04 -6.276953e-01 -1.320208e-02 7.213070e-04 9.999125e-01 1.167903e+01
9.999997e-01 2.713353e-05 8.261933e-04 8.147762e+00 -2.729731e-05 1.000000e+00 1.989327e-04 -6.321067e-01 -8.262390e-04 -1.989531e-04 9.999995e-01 1.174872e+01
9.999162e-01 -2.923554e-04 1.294217e-02 8.193038e+00 3.017480e-04 9.999997e-01 -7.237424e-04 -6.369527e-01 -1.294201e-02 7.275890e-04 9.999159e-01 1.184356e+01
9.999612e-01 -2.118303e-04 8.810620e-03 8.239546e+00 2.121899e-04 1.000000e+00 -3.981301e-05 -6.409626e-01 -8.810659e-03 4.168298e-05 9.999611e-01 1.193766e+01
9.999725e-01 -1.604691e-04 7.416359e-03 8.284024e+00 1.645513e-04 9.999998e-01 -5.497481e-04 -6.458816e-01 -7.416316e-03 5.509553e-04 9.999723e-01 1.204638e+01
9.999725e-01 -1.192717e-04 7.415605e-03 8.327918e+00 1.195064e-04 1.000000e+00 -3.115236e-05 -6.508589e-01 -7.415646e-03 3.203963e-05 9.999724e-01 1.215755e+01
9.999045e-01 -3.832943e-04 1.381293e-02 8.377798e+00 3.933603e-04 9.999997e-01 -7.259929e-04 -6.554112e-01 -1.381269e-02 7.313589e-04 9.999042e-01 1.227601e+01
9.999759e-01 -8.087351e-05 6.947691e-03 8.424710e+00 8.109044e-05 1.000000e+00 -3.088172e-05 -6.597768e-01 -6.947730e-03 3.144616e-05 9.999758e-01 1.238504e+01
9.999591e-01 -2.389819e-04 9.037385e-03 8.466888e+00 2.442011e-04 9.999998e-01 -5.763747e-04 -6.646745e-01 -9.037285e-03 5.785598e-04 9.999589e-01 1.249604e+01
9.999759e-01 -8.624236e-05 6.942532e-03 8.509471e+00 8.641656e-05 1.000000e+00 -2.473836e-05 -6.696278e-01 -6.942569e-03 2.533941e-05 9.999758e-01 1.260952e+01
9.999314e-01 -3.193403e-04 1.170953e-02 8.553935e+00 3.271739e-04 9.999997e-01 -6.670529e-04 -6.742808e-01 -1.170935e-02 6.708398e-04 9.999311e-01 1.272334e+01
9.999688e-01 -1.227824e-04 7.899041e-03 8.597055e+00 1.230205e-04 1.000000e+00 -2.961636e-05 -6.784466e-01 -7.899073e-03 3.058876e-05 9.999687e-01 1.281534e+01
9.999752e-01 -1.988961e-04 7.046422e-03 8.633800e+00 2.025294e-04 9.999998e-01 -5.148707e-04 -6.830870e-01 -7.046352e-03 5.162866e-04 9.999749e-01 1.290925e+01
9.999223e-01 -2.112898e-04 1.246338e-02 8.674424e+00 2.138235e-04 1.000000e+00 -2.019393e-04 -6.872306e-01 -1.246337e-02 2.045901e-04 9.999222e-01 1.300368e+01
9.999037e-01 -4.257743e-04 1.387049e-02 8.720582e+00 4.357113e-04 9.999997e-01 -7.133874e-04 -6.910088e-01 -1.387021e-02 7.193636e-04 9.999034e-01 1.311068e+01
9.999890e-01 2.601378e-05 4.694952e-03 8.765318e+00 -2.613895e-05 1.000000e+00 2.664397e-05 -6.960087e-01 -4.694979e-03 -2.676505e-05 9.999889e-01 1.323768e+01
9.999976e-01 -1.479031e-04 2.184529e-03 8.790559e+00 1.486230e-04 9.999999e-01 -3.293191e-04 -7.021808e-01 -2.184507e-03 3.296443e-04 9.999975e-01 1.338670e+01
9.999577e-01 -3.301797e-05 9.200124e-03 8.830025e+00 3.451330e-05 1.000000e+00 -1.623539e-04 -7.080398e-01 -9.200145e-03 1.626658e-04 9.999576e-01 1.353099e+01
9.999896e-01 -2.609026e-04 4.554069e-03 8.872416e+00 2.626045e-04 9.999999e-01 -3.730864e-04 -7.139394e-01 -4.553995e-03 3.742797e-04 9.999895e-01 1.368364e+01
9.999988e-01 1.536319e-04 1.513815e-03 8.901133e+00 -1.537753e-04 1.000000e+00 9.468270e-05 -7.204479e-01 -1.513824e-03 -9.491419e-05 9.999988e-01 1.384569e+01
9.999652e-01 -3.246708e-04 8.340275e-03 8.937281e+00 3.289867e-04 9.999998e-01 -5.160930e-04 -7.264128e-01 -8.340129e-03 5.188200e-04 9.999650e-01 1.398965e+01
9.999981e-01 1.578571e-04 1.924811e-03 8.972869e+00 -1.580047e-04 1.000000e+00 7.664184e-05 -7.320122e-01 -1.924821e-03 -7.694471e-05 9.999980e-01 1.411909e+01
9.999580e-01 -3.735524e-04 9.161581e-03 9.009618e+00 3.783877e-04 9.999998e-01 -5.260369e-04 -7.376992e-01 -9.161403e-03 5.294825e-04 9.999578e-01 1.425380e+01
9.999957e-01 1.700208e-04 2.927969e-03 9.049950e+00 -1.700758e-04 1.000000e+00 1.856573e-05 -7.433210e-01 -2.927986e-03 -1.906259e-05 9.999956e-01 1.438891e+01
9.997535e-01 -7.412135e-04 2.219171e-02 9.098494e+00 7.616496e-04 9.999993e-01 -9.124453e-04 -7.472857e-01 -2.219104e-02 9.291236e-04 9.997532e-01 1.450201e+01
9.999799e-01 5.196371e-05 6.345561e-03 9.149430e+00 -5.148878e-05 1.000000e+00 -7.499526e-05 -7.509538e-01 -6.345579e-03 7.466788e-05 9.999798e-01 1.461350e+01
9.998347e-01 -6.223512e-04 1.816914e-02 9.197522e+00 6.368045e-04 9.999995e-01 -7.897105e-04 -7.548961e-01 -1.816865e-02 8.011510e-04 9.998345e-01 1.472274e+01
9.999707e-01 6.623823e-06 7.657077e-03 9.244086e+00 -5.811364e-06 1.000000e+00 -1.061209e-04 -7.586015e-01 -7.657087e-03 1.060740e-04 9.999706e-01 1.482566e+01
9.997316e-01 -7.293686e-04 2.315720e-02 9.289509e+00 7.516730e-04 9.999993e-01 -9.544809e-04 -7.616504e-01 -2.315649e-02 9.716320e-04 9.997313e-01 1.492479e+01
9.999785e-01 -3.662690e-07 6.552377e-03 9.338159e+00 7.953197e-07 1.000000e+00 -6.547329e-05 -7.652766e-01 -6.552381e-03 6.547758e-05 9.999784e-01 1.503950e+01
9.997795e-01 -6.401441e-04 2.098872e-02 9.389586e+00 6.594759e-04 9.999994e-01 -9.141480e-04 -7.692186e-01 -2.098813e-02 9.277883e-04 9.997792e-01 1.516225e+01
9.999153e-01 -1.844558e-04 1.301333e-02 9.440840e+00 1.876750e-04 1.000000e+00 -2.461617e-04 -7.722550e-01 -1.301328e-02 2.485834e-04 9.999152e-01 1.527060e+01
9.997891e-01 -6.245624e-04 2.052490e-02 9.489714e+00 6.431440e-04 9.999994e-01 -8.987324e-04 -7.752167e-01 -2.052432e-02 9.117435e-04 9.997888e-01 1.537529e+01
9.999539e-01 -8.930799e-05 9.605724e-03 9.538380e+00 9.073433e-05 1.000000e+00 -1.480513e-04 -7.786069e-01 -9.605702e-03 1.489161e-04 9.999538e-01 1.548374e+01
9.997967e-01 -6.365072e-04 2.015540e-02 9.589782e+00 6.543448e-04 9.999994e-01 -8.784234e-04 -7.822226e-01 -2.015482e-02 8.914333e-04 9.997964e-01 1.559852e+01
9.998922e-01 -2.093960e-04 1.468165e-02 9.641220e+00 2.139669e-04 9.999999e-01 -3.097589e-04 -7.851300e-01 -1.468157e-02 3.128667e-04 9.998921e-01 1.570487e+01
9.998153e-01 -6.115186e-04 1.921156e-02 9.691010e+00 6.278688e-04 9.999994e-01 -8.450363e-04 -7.880439e-01 -1.921102e-02 8.569422e-04 9.998150e-01 1.580842e+01
9.998945e-01 -2.041387e-04 1.452603e-02 9.739707e+00 2.084854e-04 9.999999e-01 -2.977228e-04 -7.908912e-01 -1.452594e-02 3.007194e-04 9.998943e-01 1.590751e+01
9.998811e-01 -5.329804e-04 1.541396e-02 9.790570e+00 5.442979e-04 9.999996e-01 -7.300488e-04 -7.943788e-01 -1.541354e-02 7.383512e-04 9.998808e-01 1.601740e+01
9.999077e-01 -1.686008e-04 1.358661e-02 9.840119e+00 1.723284e-04 9.999999e-01 -2.731822e-04 -7.978870e-01 -1.358654e-02 2.754977e-04 9.999076e-01 1.612428e+01
9.998475e-01 -5.870273e-04 1.745226e-02 9.889163e+00 6.008616e-04 9.999995e-01 -7.874535e-04 -8.011204e-01 -1.745175e-02 7.978191e-04 9.998473e-01 1.622797e+01
9.999656e-01 -3.836699e-05 8.297604e-03 9.942342e+00 3.937421e-05 1.000000e+00 -1.212041e-04 -8.053777e-01 -8.297565e-03 1.215258e-04 9.999655e-01 1.635375e+01
9.998632e-01 -5.582492e-04 1.652839e-02 9.995419e+00 5.709298e-04 9.999995e-01 -7.624845e-04 -8.097279e-01 -1.652792e-02 7.718159e-04 9.998630e-01 1.648048e+01
9.999420e-01 -8.333365e-05 1.076906e-02 1.004959e+01 8.564485e-05 1.000000e+00 -2.141334e-04 -8.137867e-01 -1.076900e-02 2.150423e-04 9.999419e-01 1.660662e+01
9.998423e-01 -5.992353e-04 1.774979e-02 1.010827e+01 6.135742e-04 9.999995e-01 -8.023829e-04 -8.179528e-01 -1.774926e-02 8.131460e-04 9.998420e-01 1.674192e+01
9.999665e-01 -1.600582e-05 8.182081e-03 1.017734e+01 1.715165e-05 1.000000e+00 -1.399343e-04 -8.228184e-01 -8.182035e-03 1.400687e-04 9.999664e-01 1.689201e+01
9.998189e-01 -5.998029e-04 1.902189e-02 1.023834e+01 6.162153e-04 9.999994e-01 -8.569493e-04 -8.271230e-01 -1.902132e-02 8.685143e-04 9.998186e-01 1.703054e+01
9.999252e-01 -1.395072e-04 1.223345e-02 1.030099e+01 1.426787e-04 1.000000e+00 -2.583443e-04 -8.309995e-01 -1.223336e-02 2.600690e-04 9.999250e-01 1.716421e+01
9.998119e-01 -6.121399e-04 1.938239e-02 1.036376e+01 6.289733e-04 9.999994e-01 -8.623834e-04 -8.348085e-01 -1.938180e-02 8.744106e-04 9.998117e-01 1.729637e+01
9.998746e-01 -2.478309e-04 1.583578e-02 1.042711e+01 2.535441e-04 9.999999e-01 -3.587385e-04 -8.382081e-01 -1.583564e-02 3.627069e-04 9.998745e-01 1.742306e+01
9.998877e-01 -5.133341e-04 1.497620e-02 1.049902e+01 5.243398e-04 9.999996e-01 -7.309225e-04 -8.424194e-01 -1.497577e-02 7.386911e-04 9.998875e-01 1.756442e+01
9.997976e-01 -3.180580e-04 2.011443e-02 1.056850e+01 3.283549e-04 9.999998e-01 -5.085831e-04 -8.458175e-01 -2.011421e-02 5.150829e-04 9.997975e-01 1.769288e+01
9.998479e-01 -6.130098e-04 1.743187e-02 1.063932e+01 6.268394e-04 9.999995e-01 -7.878543e-04 -8.490634e-01 -1.743131e-02 7.986592e-04 9.998477e-01 1.781994e+01
9.998068e-01 -2.860517e-04 1.965094e-02 1.070776e+01 2.959859e-04 9.999998e-01 -5.025894e-04 -8.523104e-01 -1.965073e-02 5.083064e-04 9.998067e-01 1.794779e+01
9.998765e-01 -5.696217e-04 1.570387e-02 1.077624e+01 5.812570e-04 9.999996e-01 -7.363084e-04 -8.558643e-01 -1.570338e-02 7.453431e-04 9.998763e-01 1.808342e+01
9.996840e-01 -3.997788e-04 2.513564e-02 1.084436e+01 4.171707e-04 9.999997e-01 -6.866422e-04 -8.585666e-01 -2.513529e-02 6.969085e-04 9.996837e-01 1.820667e+01
9.997668e-01 -7.286811e-04 2.158414e-02 1.091555e+01 7.485047e-04 9.999993e-01 -9.103161e-04 -8.607376e-01 -2.158338e-02 9.262569e-04 9.997665e-01 1.833105e+01
9.997262e-01 -3.946609e-04 2.339346e-02 1.099312e+01 4.094076e-04 9.999997e-01 -6.255355e-04 -8.634741e-01 -2.339313e-02 6.349389e-04 9.997261e-01 1.846592e+01
9.999591e-01 -3.968031e-04 9.035709e-03 1.107036e+01 4.015463e-04 9.999998e-01 -5.229845e-04 -8.674201e-01 -9.035421e-03 5.265885e-04 9.999590e-01 1.860223e+01
9.996407e-01 -4.627750e-04 2.679884e-02 1.114003e+01 4.825079e-04 9.999996e-01 -7.298195e-04 -8.707051e-01 -2.679841e-02 7.424850e-04 9.996405e-01 1.872645e+01
9.999536e-01 -4.189951e-04 9.622322e-03 1.120945e+01 4.241551e-04 9.999998e-01 -5.340459e-04 -8.739061e-01 -9.622013e-03 5.380994e-04 9.999535e-01 1.884963e+01
9.996380e-01 -4.779614e-04 2.690079e-02 1.127756e+01 4.975030e-04 9.999996e-01 -7.196786e-04 -8.769905e-01 -2.690035e-02 7.327981e-04 9.996378e-01 1.896526e+01
9.999243e-01 -4.662588e-04 1.228946e-02 1.134277e+01 4.739884e-04 9.999997e-01 -6.259015e-04 -8.796591e-01 -1.228907e-02 6.316759e-04 9.999242e-01 1.907818e+01
9.996518e-01 -4.961413e-04 2.638272e-02 1.142175e+01 5.147570e-04 9.999996e-01 -6.987404e-04 -8.827101e-01 -2.638227e-02 7.120743e-04 9.996516e-01 1.919870e+01
9.999402e-01 -4.462935e-04 1.092227e-02 1.150750e+01 4.525992e-04 9.999997e-01 -5.746522e-04 -8.859226e-01 -1.092192e-02 5.795578e-04 9.999401e-01 1.931864e+01
9.996754e-01 -4.534698e-04 2.547155e-02 1.159818e+01 4.713545e-04 9.999996e-01 -6.960529e-04 -8.893892e-01 -2.547113e-02 7.078295e-04 9.996752e-01 1.944768e+01
9.999713e-01 -3.438333e-04 7.564625e-03 1.168681e+01 3.474422e-04 9.999998e-01 -4.754308e-04 -8.928650e-01 -7.564367e-03 4.780417e-04 9.999712e-01 1.956457e+01
9.997209e-01 -4.429585e-04 2.362027e-02 1.175903e+01 4.570977e-04 9.999997e-01 -5.930993e-04 -8.960745e-01 -2.361991e-02 6.037267e-04 9.997208e-01 1.965600e+01
9.999990e-01 -1.792961e-04 1.363997e-03 1.184688e+01 1.797142e-04 9.999999e-01 -3.043666e-04 -9.002167e-01 -1.363847e-03 3.046076e-04 9.999990e-01 1.976090e+01
9.997208e-01 -3.891004e-04 2.362412e-02 1.192833e+01 4.036863e-04 9.999997e-01 -6.125291e-04 -9.041806e-01 -2.362378e-02 6.218909e-04 9.997207e-01 1.986252e+01
9.999530e-01 -4.316853e-04 9.681635e-03 1.200070e+01 4.368947e-04 9.999998e-01 -5.356584e-04 -9.075328e-01 -9.681305e-03 5.398592e-04 9.999529e-01 1.997460e+01
9.998231e-01 -2.800025e-04 1.880316e-02 1.208444e+01 2.887669e-04 9.999999e-01 -4.632344e-04 -9.114298e-01 -1.880293e-02 4.685782e-04 9.998230e-01 2.008611e+01
9.999040e-01 -5.024736e-04 1.384067e-02 1.215385e+01 5.117995e-04 9.999996e-01 -6.700365e-04 -9.147117e-01 -1.384023e-02 6.770519e-04 9.999039e-01 2.019563e+01
9.997544e-01 -3.859803e-04 2.215826e-02 1.222320e+01 3.987448e-04 9.999998e-01 -5.714867e-04 -9.180121e-01 -2.215793e-02 5.801777e-04 9.997543e-01 2.031838e+01
9.999593e-01 -3.884259e-04 9.006768e-03 1.230531e+01 3.931731e-04 9.999998e-01 -5.249083e-04 -9.221729e-01 -9.006463e-03 5.284241e-04 9.999592e-01 2.045620e+01
9.997718e-01 -3.379239e-04 2.135525e-02 1.238307e+01 3.498568e-04 9.999998e-01 -5.548735e-04 -9.260931e-01 -2.135495e-02 5.622140e-04 9.997717e-01 2.058316e+01
9.999872e-01 -3.184078e-04 5.039060e-03 1.245156e+01 3.202694e-04 9.999999e-01 -3.678436e-04 -9.305335e-01 -5.038842e-03 3.694486e-04 9.999872e-01 2.071308e+01
9.999063e-01 -1.096550e-04 1.368306e-02 1.252652e+01 1.143730e-04 9.999999e-01 -3.437287e-04 -9.358107e-01 -1.368292e-02 3.452573e-04 9.999063e-01 2.084629e+01
9.999998e-01 -1.746146e-04 -6.008902e-04 1.259386e+01 1.745118e-04 1.000000e+00 -1.779548e-04 -9.417120e-01 6.010211e-04 1.778457e-04 9.999998e-01 2.098314e+01
9.998116e-01 -2.011134e-04 1.940459e-02 1.266126e+01 2.120108e-04 9.999998e-01 -5.593213e-04 -9.465298e-01 -1.940437e-02 5.633256e-04 9.998115e-01 2.110042e+01
9.999945e-01 -3.718079e-04 3.288434e-03 1.274344e+01 3.726109e-04 9.999999e-01 -2.422745e-04 -9.512222e-01 -3.288244e-03 2.434942e-04 9.999945e-01 2.121919e+01
9.999579e-01 8.958850e-05 9.172271e-03 1.284962e+01 -8.735245e-05 1.000000e+00 -2.437080e-04 -9.570122e-01 -9.172193e-03 2.428923e-04 9.999579e-01 2.133689e+01
9.999835e-01 -4.389849e-04 5.715480e-03 1.291757e+01 4.408805e-04 9.999998e-01 -3.296280e-04 -9.628819e-01 -5.715235e-03 3.321381e-04 9.999836e-01 2.148639e+01
9.999884e-01 1.965722e-04 4.803422e-03 1.298254e+01 -1.961391e-04 1.000000e+00 -8.969267e-05 -9.690292e-01 -4.803340e-03 8.874520e-05 9.999884e-01 2.162766e+01
9.999890e-01 -3.704680e-04 4.668918e-03 1.304916e+01 3.718295e-04 9.999999e-01 -2.897803e-04 -9.746431e-01 -4.668710e-03 2.915088e-04 9.999890e-01 2.173570e+01
9.999944e-01 3.520826e-04 -3.318696e-03 1.316527e+01 -3.514173e-04 9.999999e-01 1.996665e-04 -9.800639e-01 3.318866e-03 -1.985034e-04 9.999944e-01 2.176524e+01
9.999993e-01 -2.901456e-04 1.124034e-03 1.331663e+01 2.902999e-04 9.999999e-01 -1.330614e-04 -9.836978e-01 -1.123896e-03 1.333833e-04 9.999993e-01 2.168476e+01
9.999909e-01 4.066877e-04 -4.238429e-03 1.346840e+01 -4.056857e-04 9.999999e-01 2.361943e-04 -9.868021e-01 4.238624e-03 -2.344769e-04 9.999909e-01 2.157458e+01
9.999993e-01 -2.168574e-04 -1.113813e-03 1.362191e+01 2.168250e-04 1.000000e+00 -3.327016e-05 -9.893673e-01 1.113920e-03 3.302433e-05 9.999993e-01 2.143595e+01
9.999889e-01 3.914590e-04 -4.687923e-03 1.379650e+01 -3.902070e-04 9.999999e-01 2.670246e-04 -9.912752e-01 4.688127e-03 -2.651967e-04 9.999889e-01 2.126482e+01
9.999982e-01 -2.760120e-04 1.828112e-03 1.395141e+01 2.762990e-04 9.999999e-01 -1.542792e-04 -9.946797e-01 -1.827969e-03 1.547797e-04 9.999983e-01 2.116998e+01
9.999661e-01 4.723571e-04 -8.217186e-03 1.410051e+01 -4.687491e-04 9.999998e-01 4.404492e-04 -9.990499e-01 8.217492e-03 -4.365867e-04 9.999661e-01 2.112863e+01
9.999831e-01 -3.621815e-05 -5.798257e-03 1.427347e+01 3.777229e-05 1.000000e+00 2.671727e-04 -1.003178e+00 5.798347e-03 -2.673914e-04 9.999831e-01 2.109080e+01
9.999757e-01 4.394743e-04 -6.952452e-03 1.440509e+01 -4.373439e-04 9.999999e-01 3.073165e-04 -1.007670e+00 6.952686e-03 -3.042727e-04 9.999757e-01 2.108231e+01
9.999688e-01 2.123927e-05 -7.888777e-03 1.449230e+01 -1.874754e-05 9.999999e-01 3.153965e-04 -1.012362e+00 7.888884e-03 -3.152430e-04 9.999688e-01 2.110644e+01
9.999983e-01 2.414685e-04 -1.780139e-03 1.454929e+01 -2.413684e-04 1.000000e+00 5.413344e-05 -1.018259e+00 1.780252e-03 -5.370786e-05 9.999984e-01 2.118325e+01
9.999956e-01 -1.403471e-04 -2.952613e-03 1.464652e+01 1.408000e-04 1.000000e+00 1.517751e-04 -1.025148e+00 2.952691e-03 -1.521943e-04 9.999956e-01 2.128253e+01
9.999993e-01 1.593365e-04 1.168430e-03 1.482930e+01 -1.592191e-04 1.000000e+00 -9.709227e-05 -1.028978e+00 -1.168346e-03 9.690199e-05 9.999993e-01 2.119906e+01
9.999774e-01 5.985971e-05 -6.711434e-03 1.509186e+01 -5.719818e-05 9.999999e-01 3.961475e-04 -1.028067e+00 6.711557e-03 -3.957588e-04 9.999773e-01 2.086310e+01
9.999984e-01 1.744487e-04 -1.776119e-03 1.537761e+01 -1.743442e-04 1.000000e+00 5.670086e-05 -1.026228e+00 1.776228e-03 -5.639526e-05 9.999984e-01 2.048215e+01
9.999923e-01 2.575633e-05 -3.918632e-03 1.568402e+01 -2.460529e-05 1.000000e+00 2.927607e-04 -1.024054e+00 3.918739e-03 -2.926661e-04 9.999922e-01 2.007636e+01
9.999960e-01 2.297976e-04 -2.807400e-03 1.597237e+01 -2.293617e-04 1.000000e+00 1.542140e-04 -1.024575e+00 2.807535e-03 -1.535736e-04 9.999960e-01 1.980787e+01
9.999953e-01 -1.029722e-04 -3.057972e-03 1.630147e+01 1.036331e-04 1.000000e+00 2.146735e-04 -1.022597e+00 3.058049e-03 -2.149935e-04 9.999952e-01 1.940059e+01
9.999973e-01 3.195490e-04 -2.277542e-03 1.661214e+01 -3.192839e-04 9.999999e-01 1.150957e-04 -1.019923e+00 2.277678e-03 -1.143723e-04 9.999973e-01 1.896524e+01
9.999933e-01 -1.239648e-04 -3.646615e-03 1.691144e+01 1.249404e-04 1.000000e+00 2.662589e-04 -1.019077e+00 3.646681e-03 -2.667168e-04 9.999933e-01 1.862832e+01
9.999816e-01 4.374668e-04 -6.037032e-03 1.723754e+01 -4.354342e-04 9.999998e-01 3.373666e-04 -1.017871e+00 6.037278e-03 -3.347357e-04 9.999817e-01 1.827274e+01
9.999924e-01 -1.099880e-04 -3.891906e-03 1.750826e+01 1.110897e-04 1.000000e+00 2.819208e-04 -1.019701e+00 3.891974e-03 -2.823551e-04 9.999923e-01 1.808510e+01
