9.994302e-01 -7.854659e-04 3.374522e-02 4.920376e-02 8.245277e-04 9.999990e-01 -1.143649e-03 -2.846604e-03 -3.374429e-02 1.170821e-03 9.994297e-01 1.017050e-01
9.999845e-01 -1.486068e-04 5.569370e-03 9.676157e-02 1.495942e-04 1.000000e+00 -1.768769e-04 -5.084330e-03 -5.569336e-03 1.777075e-04 9.999844e-01 2.005791e-01
9.994668e-01 -7.774761e-04 3.264310e-02 1.462190e-01 8.138953e-04 9.999991e-01 -1.102406e-03 -7.617998e-03 -3.264220e-02 1.128386e-03 9.994664e-01 3.049557e-01
9.999709e-01 -1.681954e-04 7.629980e-03 1.925470e-01 1.701724e-04 1.000000e+00 -2.584506e-04 -9.685541e-03 -7.629921e-03 2.597414e-04 9.999708e-01 4.022567e-01
9.990086e-01 -1.070787e-03 4.450515e-02 2.378481e-01 1.137127e-03 9.999983e-01 -1.465319e-03 -1.046747e-02 -4.450349e-02 1.514474e-03 9.990080e-01 4.936002e-01
9.999949e-01 -8.431000e-05 3.203771e-03 2.846344e-01 8.463259e-05 1.000000e+00 -1.005340e-04 -1.183546e-02 -3.203737e-03 1.008043e-04 9.999948e-01 5.873293e-01
9.993654e-01 -8.522066e-04 3.560995e-02 3.312114e-01 8.950900e-04 9.999989e-01 -1.188326e-03 -1.410666e-02 -3.560886e-02 1.219445e-03 9.993650e-01 6.823436e-01
1.000000e+00 1.504670e-05 -5.671839e-05 3.766311e-01 -1.504682e-05 1.000000e+00 -4.327367e-06 -1.661614e-02 5.675038e-05 4.327550e-06 9.999999e-01 7.764476e-01
9.994731e-01 -7.887996e-04 3.244963e-02 4.242359e-01 8.243448e-04 9.999991e-01 -1.082028e-03 -1.961125e-02 -3.244871e-02 1.108207e-03 9.994727e-01 8.756015e-01
9.999951e-01 -4.754990e-05 3.127200e-03 4.694179e-01 4.790441e-05 1.000000e+00 -1.132230e-04 -2.205889e-02 -3.127156e-03 1.133713e-04 9.999950e-01 9.670821e-01
9.993653e-01 -8.685646e-04 3.561294e-02 5.149325e-01 9.112128e-04 9.999989e-01 -1.181328e-03 -2.421278e-02 -3.561183e-02 1.213029e-03 9.993649e-01 1.059530e+00
9.999982e-01 -4.136643e-05 1.910444e-03 5.614895e-01 4.149292e-05 1.000000e+00 -6.601435e-05 -2.662958e-02 -1.910396e-03 6.609230e-05 9.999981e-01 1.155257e+00
9.992118e-01 -9.393838e-04 3.968574e-02 6.061427e-01 9.926037e-04 9.999986e-01 -1.321341e-03 -2.850498e-02 -3.968440e-02 1.359690e-03 9.992112e-01 1.248352e+00
9.999414e-01 -2.924418e-04 1.082045e-02 6.526309e-01 2.961518e-04 9.999999e-01 -3.412324e-04 -2.962105e-02 -1.082030e-02 3.444153e-04 9.999413e-01 1.342989e+00
9.994802e-01 -7.577641e-04 3.223101e-02 6.991779e-01 7.933318e-04 9.999991e-01 -1.090737e-03 -3.152243e-02 -3.223010e-02 1.115738e-03 9.994798e-01 1.439894e+00
9.999906e-01 -1.419453e-04 4.333019e-03 7.455976e-01 1.424785e-04 1.000000e+00 -1.226074e-04 -3.408848e-02 -4.332941e-03 1.232218e-04 9.999905e-01 1.536313e+00
9.995198e-01 -6.794397e-04 3.097992e-02 7.887172e-01 7.131745e-04 9.999992e-01 -1.077867e-03 -3.652771e-02 -3.097910e-02 1.099442e-03 9.995193e-01 1.628138e+00
9.999544e-01 -2.887679e-04 9.544933e-03 8.326399e-01 2.914349e-04 9.999999e-01 -2.779485e-04 -3.842593e-02 -9.544786e-03 2.807155e-04 9.999543e-01 1.715789e+00
9.995540e-01 -6.791823e-04 2.985499e-02 8.775119e-01 7.103621e-04 9.999992e-01 -1.033751e-03 -4.058515e-02 -2.985419e-02 1.054496e-03 9.995536e-01 1.806965e+00
9.999874e-01 -1.552094e-04 5.012294e-03 9.206045e-01 1.559189e-04 1.000000e+00 -1.409715e-04 -4.311157e-02 -5.012201e-03 1.417490e-04 9.999873e-01 1.896880e+00
9.994234e-01 -7.809367e-04 3.394486e-02 9.636162e-01 8.208364e-04 9.999990e-01 -1.161478e-03 -4.515176e-02 -3.394384e-02 1.188669e-03 9.994229e-01 1.982364e+00
9.999983e-01 -1.137488e-04 1.841267e-03 1.009701e+00 1.137889e-04 1.000000e+00 -2.101536e-05 -4.782740e-02 -1.841188e-03 2.122229e-05 9.999982e-01 2.077953e+00
9.997831e-01 -4.476479e-04 2.082343e-02 1.053972e+00 4.634104e-04 9.999996e-01 -7.520837e-04 -5.178538e-02 -2.082301e-02 7.615677e-04 9.997828e-01 2.173676e+00
9.999955e-01 4.894980e-05 -2.987123e-03 1.094160e+00 -4.857289e-05 1.000000e+00 1.258048e-04 -5.589115e-02 2.987208e-03 -1.256618e-04 9.999954e-01 2.255380e+00
9.996412e-01 -6.173365e-04 2.677804e-02 1.137832e+00 6.426356e-04 9.999994e-01 -9.361257e-04 -5.960791e-02 -2.677736e-02 9.529955e-04 9.996409e-01 2.347386e+00
9.999956e-01 -1.018338e-04 2.945586e-03 1.182101e+00 1.020483e-04 1.000000e+00 -7.216622e-05 -6.269562e-02 -2.945497e-03 7.246366e-05 9.999956e-01 2.437355e+00
9.997060e-01 -5.552871e-04 2.423974e-02 1.226805e+00 5.761692e-04 9.999995e-01 -8.544434e-04 -6.605111e-02 -2.423916e-02 8.681554e-04 9.997057e-01 2.527752e+00
9.999905e-01 -1.547344e-04 4.356866e-03 1.270153e+00 1.552210e-04 1.000000e+00 -1.109756e-04 -6.921004e-02 -4.356764e-03 1.116478e-04 9.999904e-01 2.611775e+00
9.997661e-01 -4.811225e-04 2.162070e-02 1.312454e+00 4.978494e-04 9.999996e-01 -7.681963e-04 -7.244102e-02 -2.162024e-02 7.787774e-04 9.997659e-01 2.686830e+00
9.999918e-01 -1.466247e-04 4.040705e-03 1.355985e+00 1.470454e-04 1.000000e+00 -1.033353e-04 -7.584951e-02 -4.040602e-03 1.039255e-04 9.999918e-01 2.770684e+00
9.998499e-01 -3.644194e-04 1.732013e-02 1.399463e+00 3.755152e-04 9.999997e-01 -6.372737e-04 -7.976305e-02 -1.731980e-02 6.436788e-04 9.998497e-01 2.857105e+00
9.999928e-01 -1.414836e-04 3.794516e-03 1.445034e+00 1.418383e-04 1.000000e+00 -9.265532e-05 -8.381407e-02 -3.794413e-03 9.318960e-05 9.999927e-01 2.950521e+00
9.998521e-01 -3.644270e-04 1.719494e-02 1.489709e+00 3.753436e-04 9.999997e-01 -6.315308e-04 -8.778533e-02 -1.719461e-02 6.378881e-04 9.998519e-01 3.041095e+00
9.999966e-01 -1.006906e-04 2.602876e-03 1.535150e+00 1.008702e-04 1.000000e+00 -6.806364e-05 -9.190859e-02 -2.602777e-03 6.832260e-05 9.999965e-01 3.132879e+00
9.998722e-01 -3.323037e-04 1.598478e-02 1.580155e+00 3.417416e-04 9.999998e-01 -5.875687e-04 -9.622289e-02 -1.598449e-02 5.929528e-04 9.998720e-01 3.223966e+00
9.999972e-01 3.781011e-05 -2.334133e-03 1.617454e+00 -3.759316e-05 1.000000e+00 9.199003e-05 -1.007745e-01 2.334229e-03 -9.190546e-05 9.999972e-01 3.308516e+00
9.998285e-01 -4.057461e-04 1.851234e-02 1.661914e+00 4.182248e-04 9.999997e-01 -6.700860e-04 -1.052262e-01 -1.851197e-02 6.777099e-04 9.998283e-01 3.396756e+00
9.999868e-01 1.252465e-04 -5.133894e-03 1.696055e+00 -1.243139e-04 1.000000e+00 1.814881e-04 -1.095178e-01 5.134010e-03 -1.808510e-04 9.999867e-01 3.469815e+00
9.998013e-01 -4.219584e-04 1.992749e-02 1.745944e+00 4.364634e-04 9.999996e-01 -7.234189e-04 -1.141511e-01 -1.992708e-02 7.319693e-04 9.998011e-01 3.555963e+00
9.999976e-01 1.758460e-05 -2.181057e-03 1.800297e+00 -1.738840e-05 1.000000e+00 8.878483e-05 -1.184884e-01 2.181153e-03 -8.875026e-05 9.999976e-01 3.644634e+00
9.999189e-01 -2.080556e-04 1.272810e-02 1.825901e+00 2.144364e-04 9.999999e-01 -4.997500e-04 -1.225353e-01 -1.272790e-02 5.024353e-04 9.999188e-01 3.698563e+00
9.999940e-01 3.858888e-05 -3.467399e-03 1.845052e+00 -3.810288e-05 1.000000e+00 1.394535e-04 -1.266235e-01 3.467500e-03 -1.393242e-04 9.999939e-01 3.753526e+00
9.999689e-01 -9.371765e-05 7.883077e-03 1.941192e+00 9.658165e-05 9.999999e-01 -3.625933e-04 -1.302855e-01 -7.882947e-03 3.633398e-04 9.999688e-01 3.713844e+00
9.999906e-01 1.079348e-05 -4.325949e-03 2.143719e+00 -9.782607e-06 1.000000e+00 2.330663e-04 -1.332689e-01 4.326047e-03 -2.330254e-04 9.999906e-01 3.593241e+00
9.999854e-01 6.067577e-06 5.405983e-03 2.361857e+00 -4.602536e-06 1.000000e+00 -2.705186e-04 -1.361791e-01 -5.405889e-03 2.704861e-04 9.999853e-01 3.469607e+00
9.999140e-01 -4.444864e-04 1.310468e-02 2.488923e+00 4.500427e-04 9.999998e-01 -4.208340e-04 -1.408011e-01 -1.310440e-02 4.266918e-04 9.999140e-01 3.545346e+00
9.999939e-01 2.532054e-04 -3.485914e-03 2.523400e+00 -2.530934e-04 1.000000e+00 3.176181e-05 -1.463944e-01 3.486018e-03 -3.088303e-05 9.999939e-01 3.668761e+00
9.999988e-01 -2.077594e-04 1.537944e-03 2.525671e+00 2.078130e-04 1.000000e+00 -3.286246e-05 -1.506861e-01 -1.537841e-03 3.317832e-05 9.999988e-01 3.705358e+00
9.999995e-01 2.149143e-04 -9.363098e-04 2.508887e+00 -2.149458e-04 1.000000e+00 -3.651906e-05 -1.531232e-01 9.363983e-04 3.671661e-05 9.999995e-01 3.679513e+00
9.999995e-01 -1.908024e-04 9.780040e-04 2.489412e+00 1.908070e-04 1.000000e+00 -1.728917e-06 -1.547410e-01 -9.779073e-04 1.911819e-06 9.999995e-01 3.613612e+00
9.999964e-01 2.537644e-04 -2.649036e-03 2.472682e+00 -2.537905e-04 1.000000e+00 -1.061507e-05 -1.571998e-01 2.649129e-03 1.128365e-05 9.999964e-01 3.577243e+00
9.999888e-01 -2.452551e-04 4.726372e-03 2.483779e+00 2.457663e-04 1.000000e+00 -1.069772e-04 -1.601992e-01 -4.726249e-03 1.081339e-04 9.999888e-01 3.555275e+00
9.999999e-01 1.923668e-04 -3.178564e-04 2.532491e+00 -1.923984e-04 1.000000e+00 -1.084298e-04 -1.631518e-01 3.179320e-04 1.084872e-04 9.999999e-01 3.509077e+00
9.999973e-01 -2.153457e-04 2.310021e-03 2.562277e+00 2.153676e-04 1.000000e+00 -7.952798e-06 -1.657244e-01 -2.309923e-03 8.446550e-06 9.999973e-01 3.453026e+00
9.999880e-01 3.139743e-04 -4.877315e-03 2.705836e+00 -3.137376e-04 9.999999e-01 4.871393e-05 -1.679730e-01 4.877426e-03 -4.718684e-05 9.999880e-01 3.298706e+00
9.999999e-01 -1.085894e-04 1.959780e-04 2.952069e+00 1.085538e-04 1.000000e+00 1.964783e-04 -1.681316e-01 -1.959030e-04 -1.964608e-04 9.999999e-01 3.021958e+00
9.999991e-01 9.797605e-05 1.309472e-03 3.097633e+00 -9.761513e-05 1.000000e+00 -2.735242e-04 -1.720205e-01 -1.309402e-03 2.733925e-04 9.999990e-01 2.963342e+00
9.999402e-01 -3.221993e-04 1.092890e-02 3.147257e+00 3.247238e-04 9.999999e-01 -2.289564e-04 -1.778351e-01 -1.092873e-02 2.324878e-04 9.999402e-01 3.099894e+00
9.999928e-01 2.270424e-04 -3.780575e-03 3.196967e+00 -2.273675e-04 1.000000e+00 -8.632698e-05 -1.836539e-01 3.780652e-03 8.718222e-05 9.999928e-01 3.199048e+00
9.999971e-01 -1.921616e-04 2.368539e-03 3.216222e+00 1.920131e-04 1.000000e+00 6.414800e-05 -1.879295e-01 -2.368455e-03 -6.369678e-05 9.999971e-01 3.223312e+00
9.999961e-01 2.115336e-04 -2.759012e-03 3.228542e+00 -2.118170e-04 1.000000e+00 -1.034680e-04 -1.902300e-01 2.759086e-03 1.040483e-04 9.999961e-01 3.173494e+00
9.999953e-01 -2.084162e-04 3.038548e-03 3.207294e+00 2.082519e-04 1.000000e+00 5.536504e-05 -1.920950e-01 -3.038463e-03 -5.473576e-05 9.999953e-01 3.126778e+00
9.999974e-01 1.854846e-04 -2.234940e-03 3.194986e+00 -1.857905e-04 1.000000e+00 -1.379779e-04 -1.955819e-01 2.235011e-03 1.383890e-04 9.999974e-01 3.153624e+00
9.999565e-01 -3.194143e-04 9.320907e-03 3.301166e+00 3.209667e-04 9.999999e-01 -1.647313e-04 -2.017625e-01 -9.320756e-03 1.677121e-04 9.999565e-01 3.251362e+00
9.999974e-01 6.194278e-05 2.244126e-03 3.445419e+00 -6.132241e-05 1.000000e+00 -2.751724e-04 -2.081153e-01 -2.244046e-03 2.750303e-04 9.999974e-01 3.375235e+00
9.999999e-01 -1.498479e-04 -2.950072e-04 3.536460e+00 1.498948e-04 1.000000e+00 1.486465e-04 -2.157882e-01 2.950823e-04 -1.486945e-04 9.999999e-01 3.527884e+00
9.999972e-01 7.108588e-05 2.333093e-03 3.632142e+00 -7.037108e-05 1.000000e+00 -3.051569e-04 -2.232458e-01 -2.333017e-03 3.049881e-04 9.999972e-01 3.673554e+00
9.999951e-01 -1.669458e-04 3.115540e-03 3.749661e+00 1.669068e-04 1.000000e+00 1.379084e-05 -2.286368e-01 -3.115445e-03 -1.327460e-05 9.999951e-01 3.717563e+00
9.999980e-01 8.894315e-05 1.955771e-03 3.790849e+00 -8.838737e-05 1.000000e+00 -2.826808e-04 -2.345878e-01 -1.955698e-03 2.825036e-04 9.999980e-01 3.834018e+00
9.999681e-01 -2.978894e-04 7.975807e-03 3.866731e+00 2.991919e-04 9.999999e-01 -1.617219e-04 -2.415728e-01 -7.975661e-03 1.640992e-04 9.999681e-01 4.010048e+00
9.999998e-01 6.618023e-05 5.054685e-04 3.970415e+00 -6.607141e-05 1.000000e+00 -2.089926e-04 -2.496478e-01 -5.053843e-04 2.089553e-04 9.999998e-01 4.224377e+00
9.999790e-01 -2.088114e-04 6.466803e-03 4.022632e+00 2.096722e-04 1.000000e+00 -1.319386e-04 -2.570257e-01 -6.466677e-03 1.332878e-04 9.999790e-01 4.420801e+00
9.999783e-01 -5.869062e-05 6.574276e-03 4.075534e+00 6.122023e-05 9.999999e-01 -3.840779e-04 -2.624987e-01 -6.574154e-03 3.844681e-04 9.999783e-01 4.540170e+00
9.999708e-01 -2.496962e-04 7.631969e-03 4.132163e+00 2.510366e-04 1.000000e+00 -1.742370e-04 -2.681857e-01 -7.631826e-03 1.761439e-04 9.999708e-01 4.679788e+00
9.999328e-01 -2.040009e-04 1.158866e-02 4.197816e+00 2.104515e-04 9.999998e-01 -5.551182e-04 -2.737617e-01 -1.158845e-02 5.575158e-04 9.999326e-01 4.837642e+00
9.999459e-01 1.775872e-04 -1.039289e-02 4.353801e+00 -1.718103e-04 9.999998e-01 5.564097e-04 -2.781078e-01 1.039309e-02 -5.545980e-04 9.999458e-01 4.798963e+00
9.999969e-01 1.172042e-04 2.451784e-03 4.548061e+00 -1.169921e-04 1.000000e+00 -8.525057e-05 -2.822239e-01 -2.451695e-03 8.495954e-05 9.999969e-01 4.729376e+00
9.999999e-01 -1.858726e-04 -2.967200e-04 4.625131e+00 1.858570e-04 1.000000e+00 -6.422420e-05 -2.898993e-01 2.968307e-04 6.416509e-05 9.999999e-01 4.898912e+00
9.999990e-01 1.335585e-04 1.378050e-03 4.668943e+00 -1.335058e-04 1.000000e+00 -3.580880e-05 -2.965929e-01 -1.377956e-03 3.562084e-05 9.999990e-01 5.038501e+00
9.999985e-01 -1.978571e-04 1.724006e-03 4.726581e+00 1.981275e-04 1.000000e+00 -1.547214e-04 -3.034680e-01 -1.723876e-03 1.550588e-04 9.999984e-01 5.186589e+00
9.999999e-01 1.957066e-04 -2.553863e-04 4.741282e+00 -1.956932e-04 1.000000e+00 3.925880e-05 -3.078016e-01 2.554929e-04 -3.921278e-05 9.999999e-01 5.230225e+00
9.999992e-01 -1.383520e-04 -1.190843e-03 4.744978e+00 1.383066e-04 1.000000e+00 -4.110947e-05 -3.101941e-01 1.190948e-03 4.094077e-05 9.999992e-01 5.179217e+00
9.999982e-01 1.137129e-04 1.897061e-03 4.757439e+00 -1.136268e-04 1.000000e+00 -4.367423e-05 -3.148985e-01 -1.896967e-03 4.345463e-05 9.999981e-01 5.242726e+00
9.999998e-01 -1.689983e-04 -4.317942e-04 4.768925e+00 1.689690e-04 1.000000e+00 -7.600792e-05 -3.199149e-01 4.319060e-04 7.593097e-05 9.999998e-01 5.333646e+00
9.999988e-01 1.600785e-04 1.493512e-03 4.788945e+00 -1.600322e-04 1.000000e+00 -2.875855e-05 -3.243897e-01 -1.493418e-03 2.851553e-05 9.999988e-01 5.380286e+00
9.999950e-01 -2.489039e-04 3.129228e-03 4.829294e+00 2.495382e-04 9.999999e-01 -2.011984e-04 -3.304802e-01 -3.129079e-03 2.019743e-04 9.999950e-01 5.501395e+00
9.999999e-01 2.258499e-04 -2.504573e-04 4.858408e+00 -2.258407e-04 1.000000e+00 2.264443e-05 -3.354163e-01 2.505615e-04 -2.259185e-05 9.999999e-01 5.568431e+00
9.999999e-01 -1.963317e-04 3.893935e-04 4.902105e+00 1.963661e-04 1.000000e+00 -7.938117e-05 -3.386239e-01 -3.892789e-04 7.945362e-05 9.999999e-01 5.528078e+00
9.999994e-01 2.184135e-04 -1.064962e-03 4.938254e+00 -2.183531e-04 1.000000e+00 5.354961e-05 -3.424834e-01 1.065073e-03 -5.332103e-05 9.999994e-01 5.525510e+00
9.999630e-01 -3.176810e-04 8.592399e-03 4.981161e+00 3.209780e-04 9.999999e-01 -3.819223e-04 -3.478995e-01 -8.592177e-03 3.846621e-04 9.999630e-01 5.620985e+00
9.999832e-01 1.660173e-05 5.791078e-03 5.031255e+00 -1.561870e-05 1.000000e+00 -1.691704e-04 -3.528854e-01 -5.790981e-03 1.690731e-04 9.999832e-01 5.723728e+00
9.999958e-01 -3.939622e-05 -2.874981e-03 5.072878e+00 3.946643e-05 1.000000e+00 2.309625e-05 -3.576766e-01 2.875079e-03 -2.321365e-05 9.999958e-01 5.761881e+00
9.999989e-01 1.563996e-04 -1.464870e-03 5.100810e+00 -1.562981e-04 1.000000e+00 6.692846e-05 -3.610933e-01 1.464980e-03 -6.670345e-05 9.999989e-01 5.732376e+00
9.999971e-01 -3.510562e-05 -2.387657e-03 5.141131e+00 3.507662e-05 1.000000e+00 -1.369797e-05 -3.634047e-01 2.387757e-03 1.361015e-05 9.999971e-01 5.648902e+00
9.999998e-01 1.484669e-04 -5.139620e-04 5.180062e+00 -1.484394e-04 1.000000e+00 4.656191e-05 -3.648650e-01 5.140681e-04 -4.648963e-05 9.999998e-01 5.521345e+00
9.999999e-01 -1.157630e-04 -4.244532e-04 5.169906e+00 1.157320e-04 1.000000e+00 -8.129056e-05 -3.679852e-01 4.245618e-04 8.123740e-05 9.999999e-01 5.519128e+00
9.999677e-01 5.095652e-05 8.025953e-03 5.199039e+00 -4.926007e-05 1.000000e+00 -2.111187e-04 -3.718241e-01 -8.025865e-03 2.107124e-04 9.999677e-01 5.538081e+00
9.998871e-01 -6.209153e-04 1.501302e-02 5.247463e+00 6.296681e-04 9.999996e-01 -5.780480e-04 -3.758493e-01 -1.501256e-02 5.874318e-04 9.998871e-01 5.638927e+00
9.999983e-01 3.436922e-04 -1.766799e-03 5.287385e+00 -3.435560e-04 9.999999e-01 7.524003e-05 -3.807095e-01 1.766925e-03 -7.463697e-05 9.999984e-01 5.738079e+00
9.998659e-01 -6.871211e-04 1.635704e-02 5.340781e+00 6.973155e-04 9.999996e-01 -6.173145e-04 -3.865566e-01 -1.635651e-02 6.286336e-04 9.998660e-01 5.884862e+00
9.999999e-01 3.238980e-04 -1.173912e-04 5.399799e+00 -3.238960e-04 9.999999e-01 -1.619830e-05 -3.922253e-01 1.174858e-04 1.623222e-05 9.999999e-01 6.035517e+00
9.997681e-01 -8.186615e-04 2.151587e-02 5.456932e+00 8.351544e-04 9.999994e-01 -7.573840e-04 -3.969299e-01 -2.151513e-02 7.751733e-04 9.997682e-01 6.163371e+00
9.999740e-01 5.093174e-04 -7.180515e-03 5.498726e+00 -5.076756e-04 9.999998e-01 2.298840e-04 -4.020806e-01 7.180731e-03 -2.262368e-04 9.999741e-01 6.278174e+00
9.999346e-01 -5.647107e-04 1.142062e-02 5.507429e+00 5.698397e-04 9.999997e-01 -4.454899e-04 -4.068662e-01 -1.142027e-02 4.519645e-04 9.999346e-01 6.362353e+00
9.999961e-01 2.746322e-04 2.749374e-03 5.564654e+00 -2.743079e-04 1.000000e+00 -1.167961e-04 -4.125040e-01 -2.749306e-03 1.160373e-04 9.999962e-01 6.497819e+00
9.998817e-01 -6.960798e-04 1.536349e-02 5.620928e+00 7.045128e-04 9.999996e-01 -5.432197e-04 -4.175852e-01 -1.536300e-02 5.539750e-04 9.998818e-01 6.626128e+00
9.999920e-01 4.866448e-04 -3.968877e-03 5.654497e+00 -4.862288e-04 9.999999e-01 1.046687e-04 -4.218644e-01 3.969027e-03 -1.027423e-04 9.999921e-01 6.690554e+00
9.999243e-01 -6.279017e-04 1.228082e-02 5.682098e+00 6.331617e-04 9.999997e-01 -4.240713e-04 -4.253095e-01 -1.228045e-02 4.318107e-04 9.999245e-01 6.701343e+00
9.999854e-01 5.096638e-04 -5.365795e-03 5.714190e+00 -5.088153e-04 9.999999e-01 1.586680e-04 -4.288826e-01 5.365975e-03 -1.559397e-04 9.999855e-01 6.708646e+00
9.998918e-01 -6.533507e-04 1.469107e-02 5.751760e+00 6.610470e-04 9.999996e-01 -5.187265e-04 -4.333048e-01 -1.469062e-02 5.283777e-04 9.998919e-01 6.762670e+00
9.999817e-01 4.886175e-04 -6.013533e-03 5.818176e+00 -4.874127e-04 9.999999e-01 2.010527e-04 -4.369222e-01 6.013730e-03 -1.981221e-04 9.999819e-01 6.747816e+00
9.999782e-01 -4.453067e-04 6.585757e-03 5.908132e+00 4.470938e-04 9.999999e-01 -2.691993e-04 -4.390606e-01 -6.585536e-03 2.721337e-04 9.999782e-01 6.625553e+00
9.999900e-01 4.571589e-04 -4.429042e-03 6.027459e+00 -4.565086e-04 9.999999e-01 1.467903e-04 -4.403868e-01 4.429208e-03 -1.447711e-04 9.999901e-01 6.451638e+00
9.999365e-01 -5.613561e-04 1.124991e-02 6.069835e+00 5.661083e-04 9.999998e-01 -4.188426e-04 -4.438455e-01 -1.124957e-02 4.251805e-04 9.999366e-01 6.446978e+00
9.999916e-01 4.619321e-04 -4.064427e-03 6.109286e+00 -4.613765e-04 9.999999e-01 1.364972e-04 -4.472693e-01 4.064590e-03 -1.346250e-04 9.999917e-01 6.441268e+00
9.999279e-01 -5.755763e-04 1.198724e-02 6.140883e+00 5.811246e-04 9.999997e-01 -4.589810e-04 -4.516178e-01 -1.198687e-02 4.659098e-04 9.999280e-01 6.495564e+00
9.999997e-01 3.398984e-04 -5.351398e-04 6.189984e+00 -3.398735e-04 9.999999e-01 3.768843e-05 -4.562167e-01 5.352520e-04 -3.751075e-05 9.999998e-01 6.557455e+00
9.999995e-01 -3.224046e-04 8.988550e-04 6.253748e+00 3.225128e-04 9.999999e-01 -1.149899e-04 -4.609781e-01 -8.987185e-04 1.152755e-04 9.999995e-01 6.580793e+00
9.999999e-01 3.287868e-04 -1.059954e-04 6.336443e+00 -3.287793e-04 9.999999e-01 2.627919e-05 -4.659170e-01 1.061034e-04 -2.624855e-05 9.999999e-01 6.598305e+00
9.999968e-01 -2.381673e-04 -2.486562e-03 6.433387e+00 2.382825e-04 1.000000e+00 4.413576e-05 -4.713090e-01 2.486651e-03 -4.473236e-05 9.999969e-01 6.614853e+00
9.999996e-01 3.112265e-04 -8.033851e-04 6.505147e+00 -3.111689e-04 9.999999e-01 6.591338e-05 -4.780223e-01 8.035049e-04 -6.566758e-05 9.999996e-01 6.712843e+00
9.999998e-01 -2.868073e-04 3.519132e-04 6.563668e+00 2.868530e-04 1.000000e+00 -1.166066e-04 -4.831420e-01 -3.517804e-04 1.167033e-04 9.999999e-01 6.756643e+00
9.999994e-01 3.073226e-04 -9.521702e-04 6.612952e+00 -3.072361e-04 9.999999e-01 8.609702e-05 -4.879056e-01 9.522960e-04 -8.580865e-05 9.999995e-01 6.785019e+00
9.999998e-01 -3.028021e-04 3.235745e-04 6.642303e+00 3.028452e-04 9.999999e-01 -1.186618e-04 -4.932252e-01 -3.234391e-04 1.187555e-04 9.999999e-01 6.858426e+00
9.999999e-01 2.703991e-04 1.709936e-04 6.671497e+00 -2.704007e-04 1.000000e+00 3.722162e-05 -4.991244e-01 -1.708841e-04 -3.727208e-05 9.999999e-01 6.968369e+00
9.999998e-01 -3.190745e-04 3.179657e-04 6.697129e+00 3.191162e-04 9.999999e-01 -1.163337e-04 -5.051977e-01 -3.178292e-04 1.164309e-04 9.999999e-01 7.090757e+00
9.999998e-01 2.958688e-04 4.756139e-04 6.731707e+00 -2.958758e-04 1.000000e+00 2.457676e-05 -5.118043e-01 -4.755072e-04 -2.472171e-05 9.999998e-01 7.230723e+00
9.999709e-01 -4.472966e-04 7.612832e-03 6.768682e+00 4.501505e-04 9.999998e-01 -3.725449e-04 -5.173634e-01 -7.612565e-03 3.759567e-04 9.999709e-01 7.350707e+00
9.999939e-01 3.666933e-04 -3.446118e-03 6.802880e+00 -3.661361e-04 9.999999e-01 1.609392e-04 -5.237026e-01 3.446276e-03 -1.596807e-04 9.999940e-01 7.492942e+00
9.999929e-01 -3.611185e-04 3.728311e-03 6.839208e+00 3.619758e-04 9.999999e-01 -2.279713e-04 -5.306118e-01 -3.728129e-03 2.293150e-04 9.999930e-01 7.635242e+00
9.999884e-01 3.979068e-04 -4.789309e-03 6.854876e+00 -3.968790e-04 9.999999e-01 2.145440e-04 -5.354513e-01 4.789493e-03 -2.126449e-04 9.999885e-01 7.692749e+00
9.999922e-01 -3.732479e-04 3.907912e-03 6.864426e+00 3.742332e-04 9.999999e-01 -2.501911e-04 -5.400023e-01 -3.907719e-03 2.516473e-04 9.999923e-01 7.737736e+00
9.999885e-01 4.114705e-04 -4.771989e-03 6.869773e+00 -4.104414e-04 9.999999e-01 2.156235e-04 -5.433343e-01 4.772177e-03 -2.136666e-04 9.999885e-01 7.730930e+00
9.999932e-01 -3.640082e-04 3.641984e-03 6.880546e+00 3.648615e-04 9.999999e-01 -2.323275e-04 -5.466182e-01 -3.641800e-03 2.336505e-04 9.999933e-01 7.713175e+00
9.999994e-01 3.342403e-04 -1.026096e-03 6.893165e+00 -3.341680e-04 9.999999e-01 6.597114e-05 -5.517651e-01 1.026217e-03 -6.563246e-05 9.999994e-01 7.806022e+00
9.999775e-01 -4.491862e-04 6.678203e-03 6.941968e+00 4.513487e-04 9.999998e-01 -3.215886e-04 -5.586059e-01 -6.677959e-03 3.245913e-04 9.999776e-01 7.963568e+00
9.999754e-01 4.725579e-04 -6.992953e-03 6.989124e+00 -4.705737e-04 9.999998e-01 2.846998e-04 -5.655253e-01 6.993186e-03 -2.814064e-04 9.999755e-01 8.093054e+00
9.999781e-01 -4.328778e-04 6.588963e-03 7.002102e+00 4.350474e-04 9.999999e-01 -3.271132e-04 -5.702687e-01 -6.588722e-03 3.299683e-04 9.999782e-01 8.143781e+00
9.999997e-01 3.463174e-04 6.557810e-04 7.036304e+00 -3.463298e-04 9.999999e-01 2.616698e-05 -5.752108e-01 -6.556727e-04 -2.639834e-05 9.999997e-01 8.217568e+00
9.999536e-01 -5.615810e-04 9.608480e-03 7.120280e+00 5.662227e-04 9.999997e-01 -4.798612e-04 -5.822352e-01 -9.608109e-03 4.852752e-04 9.999537e-01 8.392023e+00
9.999934e-01 4.312979e-04 -3.593420e-03 7.221791e+00 -4.306961e-04 9.999999e-01 1.668708e-04 -5.897126e-01 3.593590e-03 -1.653263e-04 9.999935e-01 8.560240e+00
9.999492e-01 -5.353186e-04 1.006016e-02 7.289293e+00 5.402142e-04 9.999997e-01 -4.834335e-04 -5.964454e-01 -1.005980e-02 4.888392e-04 9.999492e-01 8.707717e+00
9.999991e-01 3.661649e-04 -1.230655e-03 7.336526e+00 -3.660247e-04 9.999999e-01 1.100725e-04 -6.024293e-01 1.230794e-03 -1.096263e-04 9.999992e-01 8.841664e+00
9.999564e-01 -4.925470e-04 9.320860e-03 7.379661e+00 4.967372e-04 9.999998e-01 -4.467073e-04 -6.078997e-01 -9.320539e-03 4.513135e-04 9.999564e-01 8.948372e+00
9.999940e-01 2.244360e-04 3.447568e-03 7.421598e+00 -2.242994e-04 1.000000e+00 -3.849117e-05 -6.127065e-01 -3.447478e-03 3.771337e-05 9.999940e-01 9.045122e+00
9.999458e-01 -5.652718e-04 1.039224e-02 7.472726e+00 5.701062e-04 9.999997e-01 -4.617426e-04 -6.180369e-01 -1.039188e-02 4.676379e-04 9.999459e-01 9.165274e+00
9.999748e-01 5.393900e-04 -7.071710e-03 7.505398e+00 -5.372481e-04 9.999998e-01 3.040305e-04 -6.239927e-01 7.071971e-03 -3.002278e-04 9.999749e-01 9.281324e+00
9.997896e-01 -8.250096e-04 2.049410e-02 7.548577e+00 8.414747e-04 9.999993e-01 -7.945395e-04 -6.290182e-01 -2.049334e-02 8.116132e-04 9.997896e-01 9.387990e+00
9.999921e-01 4.630228e-04 -3.928795e-03 7.596827e+00 -4.622781e-04 9.999999e-01 1.890688e-04 -6.337631e-01 3.928979e-03 -1.872554e-04 9.999922e-01 9.497325e+00
9.996059e-01 -1.022473e-03 2.805114e-02 7.647962e+00 1.051639e-03 9.999989e-01 -1.024802e-03 -6.377789e-01 -2.804996e-02 1.053894e-03 9.996059e-01 9.607355e+00
9.999983e-01 3.023298e-04 1.807365e-03 7.695463e+00 -3.023489e-04 1.000000e+00 1.343406e-05 -6.410568e-01 -1.807264e-03 -1.398475e-05 9.999983e-01 9.708139e+00
9.997297e-01 -9.165682e-04 2.323055e-02 7.745993e+00 9.369662e-04 9.999992e-01 -8.669509e-04 -6.450195e-01 -2.322964e-02 8.884785e-04 9.997297e-01 9.816580e+00
9.999990e-01 3.376224e-04 1.332827e-03 7.797136e+00 -3.376253e-04 9.999999e-01 6.469405e-06 -6.489722e-01 -1.332731e-03 -6.923626e-06 9.999991e-01 9.924595e+00
9.997399e-01 -9.310224e-04 2.278422e-02 7.848405e+00 9.501418e-04 9.999992e-01 -8.280785e-04 -6.530416e-01 -2.278334e-02 8.495071e-04 9.997400e-01 1.003226e+01
9.998961e-01 7.304987e-04 -1.438852e-02 7.886841e+00 -7.224381e-04 9.999996e-01 5.649720e-04 -6.587433e-01 1.438902e-02 -5.545227e-04 9.998963e-01 1.015694e+01
9.996397e-01 -9.521285e-04 2.682144e-02 7.927078e+00 9.797947e-04 9.999990e-01 -1.018145e-03 -6.634736e-01 -2.682035e-02 1.044053e-03 9.996397e-01 1.024829e+01
9.999851e-01 4.417321e-04 -5.427810e-03 7.975467e+00 -4.401825e-04 9.999999e-01 2.855057e-04 -6.676881e-01 5.428028e-03 -2.831164e-04 9.999852e-01 1.035175e+01
9.998113e-01 -7.523208e-04 1.940549e-02 8.018169e+00 7.678381e-04 9.999994e-01 -7.918688e-04 -6.726681e-01 -1.940479e-02 8.066155e-04 9.998114e-01 1.045995e+01
9.999763e-01 4.892279e-04 -6.862933e-03 8.056602e+00 -4.870435e-04 9.999998e-01 3.190058e-04 -6.777721e-01 6.863179e-03 -3.156598e-04 9.999764e-01 1.057237e+01
9.997844e-01 -7.481992e-04 2.074966e-02 8.094091e+00 7.658651e-04 9.999994e-01 -8.431397e-04 -6.825026e-01 -2.074893e-02 8.588452e-04 9.997843e-01 1.067277e+01
9.999833e-01 4.315736e-04 -5.755698e-03 8.136555e+00 -4.299010e-04 9.999999e-01 2.906762e-04 -6.875025e-01 5.755913e-03 -2.882011e-04 9.999834e-01 1.078453e+01
9.997974e-01 -7.384418e-04 2.010984e-02 8.180250e+00 7.549535e-04 9.999994e-01 -8.131669e-04 -6.925048e-01 -2.010914e-02 8.281800e-04 9.997974e-01 1.089245e+01
9.997105e-01 8.624110e-04 -2.404237e-02 8.205966e+00 -8.395888e-04 9.999992e-01 9.590456e-04 -6.982535e-01 2.404327e-02 -9.385863e-04 9.997105e-01 1.098838e+01
9.996887e-01 -7.635235e-04 2.493488e-02 8.235664e+00 7.883064e-04 9.999992e-01 -9.838300e-04 -7.030465e-01 -2.493402e-02 1.003176e-03 9.996886e-01 1.104181e+01
9.999473e-01 4.566950e-04 -1.025364e-02 8.283759e+00 -4.520415e-04 9.999998e-01 4.554909e-04 -7.076569e-01 1.025394e-02 -4.508359e-04 9.999473e-01 1.113329e+01
9.999166e-01 -4.988255e-04 1.289691e-02 8.320104e+00 5.059376e-04 9.999997e-01 -5.476762e-04 -7.130407e-01 -1.289654e-02 5.541515e-04 9.999167e-01 1.121555e+01
9.997969e-01 7.350303e-04 -2.013845e-02 8.348600e+00 -7.179039e-04 9.999994e-01 8.573140e-04 -7.183658e-01 2.013916e-02 -8.426865e-04 9.997968e-01 1.128591e+01
9.998908e-01 -5.918235e-04 1.475814e-02 8.361979e+00 6.021767e-04 9.999996e-01 -6.966454e-04 -7.237010e-01 -1.475763e-02 7.054522e-04 9.998908e-01 1.135874e+01
9.997569e-01 7.710275e-04 -2.203230e-02 8.381002e+00 -7.498199e-04 9.999992e-01 9.705097e-04 -7.290696e-01 2.203312e-02 -9.537576e-04 9.997568e-01 1.142457e+01
9.998649e-01 -6.454228e-04 1.642127e-02 8.399375e+00 6.583690e-04 9.999995e-01 -7.825858e-04 -7.354017e-01 -1.642067e-02 7.932872e-04 9.998648e-01 1.153924e+01
9.998371e-01 7.664284e-04 -1.802922e-02 8.418442e+00 -7.513739e-04 9.999994e-01 8.413971e-04 -7.403542e-01 1.802994e-02 -8.277174e-04 9.998371e-01 1.159828e+01
9.999169e-01 -6.321956e-04 1.287412e-02 8.424480e+00 6.410012e-04 9.999996e-01 -6.793548e-04 -7.446381e-01 -1.287359e-02 6.875465e-04 9.999169e-01 1.162710e+01
9.999577e-01 6.346482e-04 -9.162755e-03 8.431004e+00 -6.300505e-04 9.999997e-01 5.039410e-04 -7.485850e-01 9.163162e-03 -4.981508e-04 9.999579e-01 1.166299e+01
9.998223e-01 -8.211829e-04 1.883160e-02 8.452199e+00 8.375970e-04 9.999993e-01 -8.634081e-04 -7.525248e-01 -1.883078e-02 8.790238e-04 9.998223e-01 1.171726e+01
9.999509e-01 6.763216e-04 -9.881236e-03 8.482294e+00 -6.714342e-04 9.999997e-01 4.972393e-04 -7.576313e-01 9.881658e-03 -4.905844e-04 9.999510e-01 1.181749e+01
9.999008e-01 -6.948536e-04 1.406586e-02 8.491298e+00 7.048636e-04 9.999995e-01 -7.062326e-04 -7.614558e-01 -1.406527e-02 7.160729e-04 9.999008e-01 1.184534e+01
9.999183e-01 6.977595e-04 -1.275771e-02 8.477125e+00 -6.897307e-04 9.999996e-01 6.331901e-04 -7.644084e-01 1.275824e-02 -6.243430e-04 9.999184e-01 1.183576e+01
9.998619e-01 -7.360898e-04 1.660097e-02 8.471804e+00 7.497106e-04 9.999994e-01 -8.138748e-04 -7.684618e-01 -1.660027e-02 8.262041e-04 9.998618e-01 1.189305e+01
9.999792e-01 6.207229e-04 -6.409133e-03 8.490212e+00 -6.182169e-04 9.999997e-01 3.919164e-04 -7.730182e-01 6.409462e-03 -3.879500e-04 9.999794e-01 1.197861e+01
9.997147e-01 -1.026519e-03 2.385881e-02 8.536912e+00 1.050908e-03 9.999989e-01 -1.009453e-03 -7.781306e-01 -2.385766e-02 1.034235e-03 9.997148e-01 1.210580e+01
9.997800e-01 9.725417e-04 -2.094816e-02 8.551142e+00 -9.545174e-04 9.999992e-01 8.700721e-04 -7.842046e-01 2.094908e-02 -8.498893e-04 9.997802e-01 1.224688e+01
9.996917e-01 -1.043975e-03 2.480262e-02 8.568690e+00 1.070152e-03 9.999989e-01 -1.041860e-03 -7.902628e-01 -2.480142e-02 1.068078e-03 9.996918e-01 1.238996e+01
9.999250e-01 7.888180e-04 -1.221458e-02 8.614549e+00 -7.821473e-04 9.999995e-01 5.503166e-04 -7.961608e-01 1.221509e-02 -5.407257e-04 9.999252e-01 1.253937e+01
9.998025e-01 -9.234612e-04 1.984809e-02 8.643080e+00 9.410814e-04 9.999992e-01 -8.780842e-04 -8.019464e-01 -1.984718e-02 8.965854e-04 9.998026e-01 1.267782e+01
9.997862e-01 9.420498e-04 -2.065401e-02 8.652459e+00 -9.242845e-04 9.999992e-01 8.693255e-04 -8.083664e-01 2.065490e-02 -8.500534e-04 9.997863e-01 1.281229e+01
9.999744e-01 -6.048704e-04 7.124063e-03 8.674348e+00 6.074045e-04 9.999998e-01 -3.525830e-04 -8.145677e-01 -7.123761e-03 3.568971e-04 9.999745e-01 1.293602e+01
9.999544e-01 6.545655e-04 -9.515982e-03 8.700864e+00 -6.503583e-04 9.999997e-01 4.444652e-04 -8.217654e-01 9.516357e-03 -4.382601e-04 9.999546e-01 1.309452e+01
9.999317e-01 -6.745370e-04 1.166350e-02 8.710937e+00 6.811699e-04 9.999996e-01 -5.641303e-04 -8.270183e-01 -1.166302e-02 5.720325e-04 9.999318e-01 1.318961e+01
9.999223e-01 6.667261e-04 -1.244471e-02 8.697029e+00 -6.600866e-04 9.999996e-01 5.370548e-04 -8.317783e-01 1.244515e-02 -5.288025e-04 9.999224e-01 1.327409e+01
9.998725e-01 -7.914817e-04 1.594650e-02 8.732921e+00 8.028023e-04 9.999994e-01 -7.030856e-04 -8.388761e-01 -1.594584e-02 7.157937e-04 9.998726e-01 1.345228e+01
9.999670e-01 6.010950e-04 -8.096176e-03 8.794961e+00 -5.982671e-04 9.999998e-01 3.508237e-04 -8.468165e-01 8.096471e-03 -3.459724e-04 9.999671e-01 1.367402e+01
9.999942e-01 -5.371635e-04 3.355094e-03 8.823276e+00 5.378942e-04 9.999998e-01 -2.148099e-04 -8.536899e-01 -3.354892e-03 2.166093e-04 9.999943e-01 1.380390e+01
9.999159e-01 8.097660e-04 -1.293816e-02 8.860110e+00 -8.029525e-04 9.999995e-01 5.312640e-04 -8.579101e-01 1.293867e-02 -5.208346e-04 9.999161e-01 1.381223e+01
9.999647e-01 -6.485252e-04 8.371849e-03 8.953565e+00 6.516167e-04 9.999997e-01 -3.657267e-04 -8.624866e-01 -8.371523e-03 3.711649e-04 9.999649e-01 1.379715e+01
9.999571e-01 6.552783e-04 -9.229967e-03 8.996371e+00 -6.522120e-04 9.999997e-01 3.344644e-04 -8.685701e-01 9.230271e-03 -3.284342e-04 9.999573e-01 1.389282e+01
9.999836e-01 -5.858507e-04 5.678418e-03 9.049127e+00 5.873021e-04 9.999998e-01 -2.527318e-04 -8.745407e-01 -5.678181e-03 2.560586e-04 9.999838e-01 1.396280e+01
9.999720e-01 6.276829e-04 -7.442115e-03 9.171665e+00 -6.256428e-04 9.999998e-01 2.755349e-04 -8.788491e-01 7.442373e-03 -2.708751e-04 9.999722e-01 1.392502e+01
9.999854e-01 -5.528135e-04 5.361750e-03 9.306557e+00 5.541648e-04 9.999998e-01 -2.492615e-04 -8.818451e-01 -5.361524e-03 2.522251e-04 9.999856e-01 1.381514e+01
9.999744e-01 6.382549e-04 -7.114752e-03 9.483035e+00 -6.363967e-04 9.999998e-01 2.624635e-04 -8.828980e-01 7.115005e-03 -2.579330e-04 9.999746e-01 1.359295e+01
9.999846e-01 -4.963519e-04 5.516630e-03 9.711224e+00 4.978835e-04 9.999998e-01 -2.750172e-04 -8.807167e-01 -5.516405e-03 2.777555e-04 9.999847e-01 1.318870e+01
9.999684e-01 7.256903e-04 -7.906416e-03 9.958326e+00 -7.235207e-04 9.999997e-01 2.763908e-04 -8.751845e-01 7.906702e-03 -2.706657e-04 9.999687e-01 1.260961e+01
9.999891e-01 -4.760265e-04 4.621036e-03 1.018392e+01 4.771665e-04 9.999999e-01 -2.441303e-04 -8.693502e-01 -4.620831e-03 2.463286e-04 9.999893e-01 1.202658e+01
9.999549e-01 6.958014e-04 -9.469218e-03 1.041760e+01 -6.925431e-04 9.999997e-01 3.466478e-04 -8.642142e-01 9.469545e-03 -3.400783e-04 9.999551e-01 1.147785e+01
9.999787e-01 -5.072097e-04 6.495181e-03 1.069292e+01 5.090990e-04 9.999998e-01 -2.881812e-04 -8.586803e-01 -6.494946e-03 2.914776e-04 9.999788e-01 1.089470e+01
9.999719e-01 6.259658e-04 -7.459085e-03 1.088769e+01 -6.241390e-04 9.999998e-01 2.463197e-04 -8.573917e-01 7.459326e-03 -2.416613e-04 9.999721e-01 1.054859e+01
9.999798e-01 -5.013908e-04 6.323122e-03 1.108676e+01 5.031587e-04 9.999998e-01 -2.769394e-04 -8.563942e-01 -6.322894e-03 2.801113e-04 9.999799e-01 1.021234e+01
9.999710e-01 6.013150e-04 -7.579650e-03 1.129259e+01 -5.993782e-04 9.999998e-01 2.569080e-04 -8.560148e-01 7.579891e-03 -2.523615e-04 9.999712e-01 9.908662e+00
9.999795e-01 -5.004577e-04 6.371090e-03 1.147411e+01 5.022140e-04 9.999998e-01 -2.730079e-04 -8.568685e-01 -6.370864e-03 2.761979e-04 9.999796e-01 9.671408e+00
9.999704e-01 6.506179e-04 -7.658868e-03 1.159650e+01 -6.487130e-04 9.999998e-01 2.503276e-04 -8.554341e-01 7.659117e-03 -2.453558e-04 9.999706e-01 9.364556e+00
9.999698e-01 -5.799272e-04 7.734984e-03 1.169401e+01 5.822938e-04 9.999998e-01 -3.028499e-04 -8.554519e-01 -7.734718e-03 3.073407e-04 9.999700e-01 9.138067e+00
9.997578e-01 1.046430e-03 -2.197998e-02 1.187150e+01 -1.027874e-03 9.999991e-01 8.552066e-04 -8.542559e-01 2.198094e-02 -8.324108e-04 9.997580e-01 8.833613e+00
9.999792e-01 -5.240782e-04 6.417148e-03 1.214763e+01 5.242709e-04 9.999999e-01 -2.732500e-05 -8.511201e-01 -6.417043e-03 3.068463e-05 9.999794e-01 8.404718e+00
9.999524e-01 6.401732e-04 -9.725583e-03 1.244067e+01 -6.384237e-04 9.999998e-01 1.823096e-04 -8.488964e-01 9.725787e-03 -1.760959e-04 9.999527e-01 7.983627e+00
9.999819e-01 -4.993764e-04 5.979323e-03 1.272644e+01 4.993567e-04 9.999999e-01 5.877820e-06 -8.463091e-01 -5.979235e-03 -2.896021e-06 9.999821e-01 7.551246e+00
9.999477e-01 6.854779e-04 -1.019541e-02 1.301258e+01 -6.823596e-04 9.999997e-01 3.086910e-04 -8.478093e-01 1.019570e-02 -3.017220e-04 9.999479e-01 7.331788e+00
9.999390e-01 -6.800638e-04 1.102058e-02 1.327312e+01 6.827635e-04 9.999997e-01 -2.406346e-04 -8.536209e-01 -1.102032e-02 2.481403e-04 9.999392e-01 7.346143e+00
9.999733e-01 5.289775e-04 -7.277164e-03 1.356850e+01 -5.272361e-04 9.999998e-01 2.403208e-04 -8.607915e-01 7.277380e-03 -2.364816e-04 9.999735e-01 7.428819e+00
9.999589e-01 -5.948402e-04 9.044184e-03 1.391382e+01 5.958875e-04 9.999998e-01 -1.123925e-04 -8.675640e-01 -9.044025e-03 1.177731e-04 9.999591e-01 7.472577e+00
9.998503e-01 6.161406e-04 -1.728667e-02 1.418755e+01 -6.010285e-04 9.999994e-01 8.790133e-04 -8.791196e-01 1.728730e-02 -8.684960e-04 9.998502e-01 7.749774e+00
9.999364e-01 -6.089187e-04 1.125246e-02 1.444169e+01 6.128637e-04 9.999998e-01 -3.465839e-04 -8.894411e-01 -1.125215e-02 3.534539e-04 9.999366e-01 7.973516e+00
9.999674e-01 5.098593e-04 -8.051009e-03 1.482093e+01 -5.060736e-04 9.999998e-01 4.714394e-04 -8.967865e-01 8.051338e-03 -4.673537e-04 9.999674e-01 8.042344e+00
9.999763e-01 -5.267948e-04 6.851068e-03 1.513644e+01 5.275524e-04 9.999999e-01 -1.078417e-04 -9.058776e-01 -6.850920e-03 1.114493e-04 9.999765e-01 8.208121e+00
9.999777e-01 3.678960e-04 -6.654518e-03 1.532388e+01 -3.663013e-04 9.999999e-01 2.398960e-04 -9.157249e-01 6.654696e-03 -2.374571e-04 9.999778e-01 8.451373e+00
9.999646e-01 -5.075585e-04 8.389649e-03 1.554218e+01 5.092595e-04 9.999999e-01 -1.998500e-04 -9.245479e-01 -8.389456e-03 2.041113e-04 9.999648e-01 8.628379e+00
9.998634e-01 5.251588e-04 -1.651566e-02 1.572425e+01 -5.106365e-04 9.999995e-01 8.831249e-04 -9.360752e-01 1.651621e-02 -8.745748e-04 9.998632e-01 8.929659e+00
9.999441e-01 -4.788532e-04 1.055213e-02 1.590396e+01 4.829866e-04 9.999998e-01 -3.885747e-04 -9.466382e-01 -1.055185e-02 3.936455e-04 9.999442e-01 9.183473e+00
9.999961e-01 1.768105e-04 2.754412e-03 1.608211e+01 -1.764578e-04 1.000000e+00 -1.259587e-04 -9.534165e-01 -2.754344e-03 1.254681e-04 9.999962e-01 9.328080e+00
9.999915e-01 -3.491153e-04 4.083999e-03 1.631032e+01 3.493878e-04 9.999999e-01 -6.444030e-05 -9.602935e-01 -4.083885e-03 6.586258e-05 9.999916e-01 9.428598e+00
9.999893e-01 2.296347e-04 -4.599545e-03 1.657299e+01 -2.286700e-04 1.000000e+00 2.088535e-04 -9.690927e-01 4.599683e-03 -2.078035e-04 9.999894e-01 9.578321e+00
9.999352e-01 -3.657906e-04 1.137209e-02 1.683774e+01 3.699302e-04 9.999999e-01 -3.613443e-04 -9.758613e-01 -1.137186e-02 3.655237e-04 9.999352e-01 9.673694e+00
9.999702e-01 -1.831979e-04 7.704800e-03 1.715653e+01 1.854157e-04 9.999999e-01 -2.862884e-04 -9.834765e-01 -7.704658e-03 2.877044e-04 9.999702e-01 9.850921e+00
9.998503e-01 -4.593187e-04 1.729074e-02 1.746784e+01 4.694653e-04 9.999997e-01 -5.823882e-04 -9.915819e-01 -1.729038e-02 5.904144e-04 9.998503e-01 1.008443e+01
9.999586e-01 4.171180e-05 -9.089951e-03 1.774584e+01 -3.766770e-05 9.999999e-01 4.443235e-04 -1.002006e+00 9.090056e-03 -4.439667e-04 9.999586e-01 1.036319e+01
9.998503e-01 -4.221892e-04 1.729388e-02 1.799844e+01 4.316075e-04 9.999998e-01 -5.404881e-04 -1.012880e+00 -1.729356e-02 5.478673e-04 9.998503e-01 1.067175e+01
9.997435e-01 4.410580e-04 -2.264190e-02 1.827280e+01 -4.167443e-04 9.999993e-01 1.078243e-03 -1.023538e+00 2.264245e-02 -1.068535e-03 9.997430e-01 1.091661e+01
9.994004e-01 -8.023329e-04 3.461432e-02 1.856103e+01 8.525339e-04 9.999986e-01 -1.435369e-03 -1.032043e+00 -3.461303e-02 1.464014e-03 9.993997e-01 1.110702e+01
9.997140e-01 4.005330e-04 -2.391004e-02 1.890077e+01 -3.717691e-04 9.999992e-01 1.207144e-03 -1.041430e+00 2.391059e-02 -1.197914e-03 9.997134e-01 1.132267e+01
9.994004e-01 -7.317911e-04 3.461460e-02 1.921942e+01 7.828361e-04 9.999986e-01 -1.460942e-03 -1.050458e+00 -3.461339e-02 1.487160e-03 9.993996e-01 1.152704e+01
9.996043e-01 5.863375e-04 -2.811932e-02 1.962729e+01 -5.434025e-04 9.999987e-01 1.534252e-03 -1.057977e+00 2.812027e-02 -1.518369e-03 9.996034e-01 1.160577e+01
9.996916e-01 -4.423987e-04 2.482785e-02 2.013051e+01 4.651906e-04 9.999995e-01 -9.119505e-04 -1.062624e+00 -2.482735e-02 9.232150e-04 9.996913e-01 1.150355e+01
9.997544e-01 4.425165e-04 -2.215410e-02 2.054466e+01 -4.168768e-04 9.999992e-01 1.161626e-03 -1.069369e+00 2.215468e-02 -1.152109e-03 9.997539e-01 1.154127e+01
9.996478e-01 -4.871280e-04 2.653278e-02 2.093010e+01 5.145668e-04 9.999993e-01 -1.027070e-03 -1.076533e+00 -2.653217e-02 1.040357e-03 9.996474e-01 1.161072e+01
9.996136e-01 4.088571e-04 -2.779200e-02 2.128734e+01 -3.728928e-04 9.999991e-01 1.298967e-03 -1.084859e+00 2.779259e-02 -1.288105e-03 9.996129e-01 1.170286e+01
9.997304e-01 -6.453311e-04 2.320481e-02 2.163212e+01 6.653463e-04 9.999994e-01 -8.545428e-04 -1.095527e+00 -2.320416e-02 8.697478e-04 9.997303e-01 1.189399e+01
9.995312e-01 3.620276e-04 -3.061040e-02 2.194887e+01 -3.141239e-04 9.999987e-01 1.569516e-03 -1.108895e+00 3.061101e-02 -1.559169e-03 9.995301e-01 1.223175e+01
9.997781e-01 -7.421989e-04 2.104802e-02 2.226095e+01 7.566841e-04 9.999995e-01 -6.799192e-04 -1.124185e+00 -2.104742e-02 6.956911e-04 9.997782e-01 1.266162e+01
9.994541e-01 4.377734e-04 -3.303169e-02 2.256391e+01 -3.798443e-04 9.999984e-01 1.759788e-03 -1.140165e+00 3.303250e-02 -1.746285e-03 9.994527e-01 1.312184e+01
9.998028e-01 -8.058947e-04 1.983825e-02 2.286336e+01 8.177435e-04 9.999995e-01 -5.888227e-04 -1.157040e+00 -1.983768e-02 6.049251e-04 9.998030e-01 1.363131e+01
9.995957e-01 5.036276e-04 -2.842764e-02 2.307117e+01 -4.680760e-04 9.999991e-01 1.257000e-03 -1.171397e+00 2.842834e-02 -1.243189e-03 9.995950e-01 1.402637e+01
9.997494e-01 -6.661446e-04 2.237334e-02 2.322682e+01 6.835002e-04 9.999995e-01 -7.677889e-04 -1.182908e+00 -2.237273e-02 7.828845e-04 9.997494e-01 1.432449e+01
