9.997904e-01 -4.912375e-04 2.046794e-02 1.977232e-02 5.058663e-04 9.999996e-01 -7.095437e-04 -1.763068e-02 -2.046758e-02 7.197494e-04 9.997902e-01 6.720473e-01
9.999200e-01 -3.107462e-04 1.264518e-02 5.386222e-02 3.164611e-04 9.999998e-01 -4.499470e-04 -3.248877e-02 -1.264503e-02 4.539130e-04 9.999198e-01 1.230945e+00
9.999016e-01 -3.302970e-04 1.402415e-02 8.088640e-02 3.371313e-04 9.999998e-01 -4.849588e-04 -4.853974e-02 -1.402398e-02 4.896392e-04 9.999014e-01 1.838234e+00
9.998451e-01 -4.317311e-04 1.759722e-02 1.212046e-01 4.426439e-04 9.999997e-01 -6.162538e-04 -6.534786e-02 -1.759694e-02 6.239477e-04 9.998449e-01 2.465423e+00
9.999343e-01 -2.842759e-04 1.145511e-02 1.538567e-01 2.889983e-04 9.999999e-01 -4.106012e-04 -7.945065e-02 -1.145498e-02 4.138848e-04 9.999342e-01 2.980887e+00
9.993997e-01 -8.092853e-04 3.463456e-02 2.071565e-01 8.509630e-04 9.999989e-01 -1.188631e-03 -9.349412e-02 -3.463354e-02 1.217390e-03 9.993992e-01 3.492712e+00
9.998762e-01 -3.811646e-04 1.573247e-02 2.555717e-01 3.899586e-04 9.999998e-01 -5.559017e-04 -1.053854e-01 -1.573223e-02 5.619675e-04 9.998760e-01 3.931310e+00
9.995815e-01 -6.826390e-04 2.891852e-02 2.980390e-01 7.116854e-04 9.999993e-01 -9.941364e-04 -1.191971e-01 -2.891779e-02 1.014301e-03 9.995812e-01 4.447087e+00
9.998428e-01 -4.295908e-04 1.772789e-02 3.425549e-01 4.406964e-04 9.999997e-01 -6.225435e-04 -1.328238e-01 -1.772758e-02 6.302575e-04 9.998426e-01 4.955824e+00
9.995554e-01 -7.009100e-04 2.980866e-02 3.968827e-01 7.316291e-04 9.999992e-01 -1.019644e-03 -1.479926e-01 -2.980789e-02 1.040998e-03 9.995550e-01 5.517564e+00
9.998090e-01 -4.696273e-04 1.953900e-02 4.573254e-01 4.831839e-04 9.999996e-01 -6.890976e-04 -1.631225e-01 -1.953863e-02 6.984058e-04 9.998088e-01 6.071551e+00
9.999180e-01 -3.032624e-04 1.280093e-02 5.042043e-01 3.088127e-04 9.999999e-01 -4.315909e-04 -1.800788e-01 -1.280075e-02 4.355074e-04 9.999179e-01 6.697695e+00
9.997194e-01 -5.735581e-04 2.368023e-02 5.482107e-01 5.935121e-04 9.999995e-01 -8.356093e-04 -1.973499e-01 -2.367969e-02 8.494280e-04 9.997191e-01 7.344204e+00
9.996338e-01 -6.281547e-04 2.705130e-02 6.008208e-01 6.532897e-04 9.999994e-01 -9.203182e-04 -2.126039e-01 -2.705065e-02 9.376520e-04 9.996335e-01 7.920452e+00
9.998196e-01 -4.666993e-04 1.898576e-02 6.524002e-01 4.795718e-04 9.999997e-01 -6.734334e-04 -2.276392e-01 -1.898538e-02 6.824153e-04 9.998194e-01 8.477955e+00
9.998568e-01 -3.867372e-04 1.691597e-02 7.110858e-01 3.960810e-04 9.999998e-01 -5.489880e-04 -2.486351e-01 -1.691569e-02 5.556077e-04 9.998567e-01 9.252764e+00
9.998524e-01 -4.365122e-04 1.717343e-02 7.525504e-01 4.470352e-04 9.999997e-01 -6.088747e-04 -2.706263e-01 -1.717310e-02 6.164600e-04 9.998523e-01 1.009089e+01
9.998284e-01 -4.227830e-04 1.852110e-02 7.945383e-01 4.340364e-04 9.999997e-01 -6.035468e-04 -2.921621e-01 -1.852077e-02 6.114800e-04 9.998282e-01 1.091083e+01
9.998497e-01 -4.389304e-04 1.732808e-02 8.477489e-01 4.495666e-04 9.999997e-01 -6.098779e-04 -3.139756e-01 -1.732774e-02 6.175742e-04 9.998496e-01 1.172438e+01
9.997135e-01 -5.407067e-04 2.393064e-02 9.157291e-01 5.603225e-04 9.999995e-01 -8.129581e-04 -3.321735e-01 -2.393012e-02 8.261317e-04 9.997132e-01 1.237982e+01
9.997298e-01 -5.785874e-04 2.323774e-02 9.638397e-01 5.979454e-04 9.999995e-01 -8.260568e-04 -3.452661e-01 -2.323718e-02 8.397260e-04 9.997295e-01 1.286129e+01
9.999951e-01 -5.570466e-05 3.133683e-03 9.988735e-01 5.598530e-05 1.000000e+00 -8.909312e-05 -3.619485e-01 -3.133604e-03 8.926556e-05 9.999950e-01 1.348510e+01
9.999573e-01 -2.635736e-04 9.230987e-03 1.013681e+00 2.666130e-04 9.999999e-01 -3.279038e-04 -3.822857e-01 -9.230824e-03 3.303483e-04 9.999573e-01 1.426254e+01
9.999695e-01 -1.386283e-04 7.800352e-03 1.094230e+00 1.406856e-04 1.000000e+00 -2.630416e-04 -4.015323e-01 -7.800238e-03 2.641284e-04 9.999695e-01 1.489642e+01
9.999863e-01 -1.797272e-04 5.231692e-03 1.129096e+00 1.806470e-04 1.000000e+00 -1.750864e-04 -4.233966e-01 -5.231583e-03 1.760264e-04 9.999862e-01 1.570741e+01
9.999985e-01 -2.551575e-05 1.738128e-03 1.090298e+00 2.560087e-05 1.000000e+00 -4.819210e-05 -4.448871e-01 -1.738049e-03 4.823381e-05 9.999984e-01 1.662021e+01
9.999571e-01 -2.754645e-04 9.255500e-03 1.045029e+00 2.784925e-04 9.999999e-01 -3.257302e-04 -4.652687e-01 -9.255331e-03 3.282910e-04 9.999570e-01 1.750211e+01
9.999652e-01 -1.724812e-04 8.335381e-03 1.041327e+00 1.748097e-04 9.999999e-01 -2.784624e-04 -4.851837e-01 -8.335253e-03 2.799070e-04 9.999651e-01 1.830487e+01
9.999861e-01 -1.716752e-04 5.260474e-03 1.041442e+00 1.725508e-04 1.000000e+00 -1.657211e-04 -5.089693e-01 -5.260364e-03 1.666237e-04 9.999861e-01 1.925671e+01
9.999837e-01 -1.084623e-04 5.704698e-03 1.065942e+00 1.094779e-04 1.000000e+00 -1.774481e-04 -5.342913e-01 -5.704598e-03 1.780669e-04 9.999836e-01 2.022644e+01
9.999994e-01 -6.172093e-05 1.053234e-03 1.129363e+00 6.174884e-05 1.000000e+00 -2.502923e-05 -5.584766e-01 -1.053151e-03 2.509136e-05 9.999994e-01 2.108037e+01
9.999644e-01 -1.901324e-04 8.434905e-03 1.115126e+00 1.925997e-04 9.999999e-01 -2.915140e-04 -5.800941e-01 -8.434767e-03 2.931252e-04 9.999643e-01 2.196158e+01
9.999963e-01 -1.235594e-04 2.709909e-03 1.040421e+00 1.237607e-04 1.000000e+00 -7.351150e-05 -6.024212e-01 -2.709817e-03 7.384365e-05 9.999962e-01 2.297485e+01
9.999912e-01 -1.092785e-04 4.196664e-03 9.502742e-01 1.097975e-04 1.000000e+00 -1.230667e-04 -6.276403e-01 -4.196568e-03 1.235234e-04 9.999911e-01 2.412950e+01
9.999991e-01 -3.614025e-05 -1.308641e-03 8.555297e-01 3.621682e-05 1.000000e+00 5.724338e-05 -6.513109e-01 1.308723e-03 -5.729371e-05 9.999991e-01 2.521879e+01
9.999943e-01 -8.123756e-05 3.364101e-03 7.846608e-01 8.155415e-05 1.000000e+00 -9.348948e-05 -6.737590e-01 -3.364009e-03 9.376032e-05 9.999943e-01 2.621484e+01
9.999991e-01 -4.101972e-05 -1.333335e-03 6.896964e-01 4.108711e-05 1.000000e+00 4.928142e-05 -6.957510e-01 1.333416e-03 -4.933916e-05 9.999990e-01 2.723184e+01
9.999955e-01 -7.662075e-05 2.993903e-03 4.584237e-01 7.694458e-05 1.000000e+00 -1.075022e-04 -7.096054e-01 -2.993811e-03 1.077291e-04 9.999954e-01 2.809521e+01
9.999995e-01 -9.595800e-05 9.416025e-04 1.266015e-01 9.601320e-05 1.000000e+00 -5.680684e-05 -7.140240e-01 -9.415131e-04 5.689420e-05 9.999995e-01 2.869794e+01
9.999892e-01 -8.189449e-05 4.634810e-03 7.593397e-02 8.251441e-05 1.000000e+00 -1.332027e-04 -7.332748e-01 -4.634714e-03 1.335807e-04 9.999892e-01 2.953080e+01
9.999965e-01 -4.863139e-05 -2.650071e-03 -1.544379e-01 4.882257e-05 1.000000e+00 7.143634e-05 -7.486168e-01 2.650152e-03 -7.156852e-05 9.999964e-01 3.046156e+01
9.999929e-01 -7.743633e-05 3.765174e-03 -5.273481e-01 7.780296e-05 1.000000e+00 -9.677867e-05 -7.608639e-01 -3.765082e-03 9.706787e-05 9.999928e-01 3.146605e+01
9.999943e-01 -2.393260e-05 -3.357895e-03 -9.074133e-01 2.418510e-05 1.000000e+00 7.464549e-05 -7.692327e-01 3.357977e-03 -7.472933e-05 9.999943e-01 3.230648e+01
9.999939e-01 -6.646514e-05 3.498928e-03 -1.174583e+00 6.677302e-05 1.000000e+00 -8.739061e-05 -7.814429e-01 -3.498838e-03 8.762064e-05 9.999938e-01 3.314774e+01
9.999951e-01 -2.986901e-05 -3.133591e-03 -1.557276e+00 3.004413e-05 1.000000e+00 5.529039e-05 -7.874505e-01 3.133674e-03 -5.538734e-05 9.999950e-01 3.388673e+01
9.999913e-01 -6.871869e-05 4.173952e-03 -1.881182e+00 6.919414e-05 1.000000e+00 -1.133545e-04 -7.931473e-01 -4.173860e-03 1.136393e-04 9.999912e-01 3.452649e+01
9.999999e-01 -1.013643e-04 -2.427012e-04 -2.137683e+00 1.013563e-04 1.000000e+00 -3.981276e-05 -8.006506e-01 2.427900e-04 3.978506e-05 9.999999e-01 3.515501e+01
9.999959e-01 -3.500490e-05 2.861411e-03 -2.263160e+00 3.515661e-05 1.000000e+00 -5.236385e-05 -8.162466e-01 -2.861324e-03 5.246113e-05 9.999958e-01 3.593818e+01
9.999796e-01 -2.214113e-04 6.385757e-03 -2.283939e+00 2.231482e-04 9.999999e-01 -2.709979e-04 -8.344106e-01 -6.385611e-03 2.724142e-04 9.999795e-01 3.667978e+01
9.999740e-01 -1.140964e-04 7.207311e-03 -2.239271e+00 1.157257e-04 1.000000e+00 -2.253956e-04 -8.490718e-01 -7.207198e-03 2.262206e-04 9.999739e-01 3.717985e+01
9.999741e-01 -2.648687e-04 7.187079e-03 -2.311205e+00 2.669204e-04 9.999999e-01 -2.842618e-04 -8.630562e-01 -7.186916e-03 2.861696e-04 9.999741e-01 3.782736e+01
9.999306e-01 -2.569967e-04 1.177810e-02 -2.468389e+00 2.615647e-04 9.999999e-01 -3.861394e-04 -8.738102e-01 -1.177791e-02 3.891900e-04 9.999305e-01 3.847622e+01
9.999788e-01 -2.607755e-04 6.509678e-03 -2.696349e+00 2.625042e-04 9.999999e-01 -2.643889e-04 -8.806880e-01 -6.509520e-03 2.660888e-04 9.999787e-01 3.906326e+01
9.999905e-01 -8.492749e-05 4.341320e-03 -3.018959e+00 8.553267e-05 1.000000e+00 -1.387402e-04 -8.828496e-01 -4.341219e-03 1.391069e-04 9.999905e-01 3.957421e+01
9.999450e-01 -2.866809e-04 1.048409e-02 -2.972367e+00 2.906491e-04 9.999999e-01 -3.767740e-04 -9.012233e-01 -1.048389e-02 3.797970e-04 9.999449e-01 4.022832e+01
9.999975e-01 -4.823196e-07 2.233569e-03 -2.834955e+00 6.379725e-07 1.000000e+00 -6.871245e-05 -9.210564e-01 -2.233478e-03 6.871028e-05 9.999974e-01 4.080488e+01
9.999837e-01 -2.029037e-04 5.707574e-03 -2.799673e+00 2.040120e-04 1.000000e+00 -1.932139e-04 -9.432369e-01 -5.707444e-03 1.943717e-04 9.999836e-01 4.162271e+01
9.999982e-01 4.051994e-05 -1.881266e-03 -2.880282e+00 -4.033253e-05 1.000000e+00 9.846403e-05 -9.669206e-01 1.881361e-03 -9.839142e-05 9.999982e-01 4.268952e+01
9.999820e-01 -2.090011e-04 5.992828e-03 -2.947296e+00 2.101401e-04 1.000000e+00 -1.890560e-04 -9.922147e-01 -5.992698e-03 1.903085e-04 9.999820e-01 4.380081e+01
9.999898e-01 8.653202e-05 -4.506007e-03 -3.042815e+00 -8.558257e-05 1.000000e+00 2.103973e-04 -1.019158e+00 4.506116e-03 -2.100129e-04 9.999898e-01 4.502666e+01
9.999856e-01 -2.063299e-04 5.366269e-03 -3.157435e+00 2.071851e-04 1.000000e+00 -1.583831e-04 -1.047819e+00 -5.366145e-03 1.594892e-04 9.999855e-01 4.635437e+01
9.999905e-01 8.558470e-05 -4.343186e-03 -3.270019e+00 -8.470813e-05 1.000000e+00 2.014844e-04 -1.075937e+00 4.343295e-03 -2.011180e-04 9.999905e-01 4.765547e+01
9.999766e-01 -2.285743e-04 6.838430e-03 -3.353978e+00 2.301598e-04 9.999999e-01 -2.307334e-04 -1.101726e+00 -6.838286e-03 2.322984e-04 9.999765e-01 4.881316e+01
9.999997e-01 -1.600292e-05 7.468275e-04 -3.418474e+00 1.598448e-05 1.000000e+00 2.777567e-05 -1.128906e+00 -7.467365e-04 -2.776722e-05 9.999997e-01 5.000365e+01
9.996487e-01 -6.590950e-04 2.649486e-02 -3.421179e+00 6.830545e-04 9.999994e-01 -8.951798e-04 -1.159884e+00 -2.649416e-02 9.129591e-04 9.996485e-01 5.126685e+01
9.999223e-01 2.774574e-04 -1.246367e-02 -3.468301e+00 -2.710355e-04 9.999998e-01 5.167337e-04 -1.194191e+00 1.246390e-02 -5.133190e-04 9.999221e-01 5.273151e+01
9.999016e-01 -4.174980e-04 1.402060e-02 -3.552489e+00 4.237910e-04 9.999998e-01 -4.457002e-04 -1.227501e+00 -1.402032e-02 4.515946e-04 9.999015e-01 5.420259e+01
9.999210e-01 2.936091e-04 -1.256341e-02 -3.608994e+00 -2.873041e-04 9.999998e-01 5.034554e-04 -1.258073e+00 1.256365e-02 -4.998097e-04 9.999209e-01 5.551202e+01
9.999129e-01 -3.898955e-04 1.318787e-02 -3.643724e+00 3.956366e-04 9.999998e-01 -4.325380e-04 -1.286451e+00 -1.318761e-02 4.377143e-04 9.999129e-01 5.669156e+01
9.999138e-01 2.968632e-04 -1.312284e-02 -3.690095e+00 -2.898105e-04 9.999998e-01 5.391491e-04 -1.317319e+00 1.312309e-02 -5.353030e-04 9.999137e-01 5.799343e+01
9.999025e-01 -4.032958e-04 1.395719e-02 -3.724816e+00 4.097305e-04 9.999998e-01 -4.580043e-04 -1.347702e+00 -1.395691e-02 4.636747e-04 9.999024e-01 5.925709e+01
9.999144e-01 2.973753e-04 -1.307826e-02 -3.789209e+00 -2.905593e-04 9.999998e-01 5.228774e-04 -1.376630e+00 1.307850e-02 -5.190362e-04 9.999143e-01 6.051020e+01
9.998208e-01 -4.732600e-04 1.892514e-02 -3.784052e+00 4.860704e-04 9.999997e-01 -6.721716e-04 -1.402037e+00 -1.892472e-02 6.812464e-04 9.998206e-01 6.150293e+01
9.999475e-01 2.546320e-04 -1.024125e-02 -3.749100e+00 -2.503596e-04 9.999999e-01 4.181974e-04 -1.427253e+00 1.024145e-02 -4.156150e-04 9.999474e-01 6.244319e+01
9.999334e-01 -3.553442e-04 1.152937e-02 -3.790049e+00 3.599449e-04 9.999999e-01 -3.967556e-04 -1.452467e+00 -1.152913e-02 4.008755e-04 9.999334e-01 6.350124e+01
9.999712e-01 2.027646e-04 -7.580999e-03 -3.807169e+00 -2.003092e-04 9.999999e-01 3.243113e-04 -1.478574e+00 7.581159e-03 -3.227870e-04 9.999711e-01 6.455958e+01
9.999438e-01 -3.302089e-04 1.059469e-02 -3.828131e+00 3.342927e-04 9.999999e-01 -3.834526e-04 -1.502019e+00 -1.059446e-02 3.869691e-04 9.999437e-01 6.551191e+01
9.999723e-01 1.873483e-04 -7.437203e-03 -3.891893e+00 -1.849290e-04 9.999999e-01 3.256243e-04 -1.526687e+00 7.437357e-03 -3.242435e-04 9.999722e-01 6.658845e+01
9.999650e-01 -2.927142e-04 8.358983e-03 -3.972812e+00 2.951439e-04 9.999999e-01 -2.891277e-04 -1.552940e+00 -8.358803e-03 2.915811e-04 9.999650e-01 6.775802e+01
9.999722e-01 1.785386e-04 -7.444624e-03 -4.055818e+00 -1.759542e-04 9.999999e-01 3.474490e-04 -1.581838e+00 7.444779e-03 -3.461330e-04 9.999722e-01 6.904108e+01
9.999679e-01 -2.841475e-04 8.002757e-03 -4.132632e+00 2.863819e-04 9.999999e-01 -2.777379e-04 -1.610775e+00 -8.002583e-03 2.800172e-04 9.999679e-01 7.031537e+01
9.999715e-01 1.955128e-04 -7.538053e-03 -4.197752e+00 -1.931048e-04 9.999999e-01 3.198304e-04 -1.635498e+00 7.538210e-03 -3.183693e-04 9.999715e-01 7.139329e+01
9.999705e-01 -2.675220e-04 7.670619e-03 -4.241422e+00 2.696754e-04 9.999999e-01 -2.793601e-04 -1.658445e+00 -7.670450e-03 2.814168e-04 9.999705e-01 7.235936e+01
9.999727e-01 1.903495e-04 -7.377344e-03 -4.278500e+00 -1.879765e-04 9.999999e-01 3.219922e-04 -1.682081e+00 7.377499e-03 -3.206003e-04 9.999727e-01 7.334363e+01
9.999665e-01 -2.764279e-04 8.178196e-03 -4.306183e+00 2.788707e-04 9.999999e-01 -2.972532e-04 -1.705508e+00 -8.178019e-03 2.995203e-04 9.999664e-01 7.430459e+01
9.999921e-01 1.306218e-04 -3.963726e-03 -4.271561e+00 -1.297842e-04 1.000000e+00 2.109078e-04 -1.731532e+00 3.963847e-03 -2.103953e-04 9.999921e-01 7.526891e+01
9.999853e-01 -2.325663e-04 5.417464e-03 -4.235773e+00 2.334816e-04 1.000000e+00 -1.678443e-04 -1.760331e+00 -5.417330e-03 1.691031e-04 9.999852e-01 7.634897e+01
9.999921e-01 1.521483e-04 -3.955344e-03 -4.155023e+00 -1.514323e-04 1.000000e+00 1.806614e-04 -1.786534e+00 3.955466e-03 -1.800647e-04 9.999921e-01 7.724571e+01
9.999831e-01 -2.447312e-04 5.805356e-03 -4.095655e+00 2.457821e-04 1.000000e+00 -1.798612e-04 -1.812677e+00 -5.805217e-03 1.812813e-04 9.999831e-01 7.817544e+01
9.999890e-01 1.431403e-04 -4.684215e-03 -4.114779e+00 -1.421055e-04 1.000000e+00 2.206724e-04 -1.839338e+00 4.684341e-03 -2.200080e-04 9.999889e-01 7.925832e+01
9.999856e-01 -2.235245e-04 5.361954e-03 -4.088742e+00 2.244614e-04 1.000000e+00 -1.736420e-04 -1.865131e+00 -5.361821e-03 1.748394e-04 9.999855e-01 8.022788e+01
9.999886e-01 1.369723e-04 -4.765638e-03 -4.085668e+00 -1.358599e-04 1.000000e+00 2.331847e-04 -1.891733e+00 4.765765e-03 -2.325382e-04 9.999886e-01 8.127018e+01
9.999849e-01 -2.312957e-04 5.489348e-03 -4.159329e+00 2.324500e-04 1.000000e+00 -2.091732e-04 -1.915594e+00 -5.489205e-03 2.104424e-04 9.999848e-01 8.232745e+01
9.999898e-01 1.380293e-04 -4.513300e-03 -4.222318e+00 -1.370581e-04 1.000000e+00 2.148916e-04 -1.937910e+00 4.513424e-03 -2.142744e-04 9.999897e-01 8.330156e+01
9.999866e-01 -2.257042e-04 5.174732e-03 -4.264961e+00 2.266831e-04 1.000000e+00 -1.880803e-04 -1.961327e+00 -5.174595e-03 1.892471e-04 9.999865e-01 8.428731e+01
9.999940e-01 1.105032e-04 -3.445661e-03 -4.309908e+00 -1.098499e-04 1.000000e+00 1.889954e-04 -1.986425e+00 3.445777e-03 -1.886194e-04 9.999940e-01 8.534923e+01
9.999638e-01 -2.972776e-04 8.498405e-03 -4.360322e+00 3.002008e-04 9.999999e-01 -3.423804e-04 -2.007344e+00 -8.498207e-03 3.449156e-04 9.999638e-01 8.625121e+01
9.999954e-01 9.839879e-05 -3.025755e-03 -4.461484e+00 -9.790442e-05 1.000000e+00 1.626370e-04 -2.025657e+00 3.025866e-03 -1.623437e-04 9.999953e-01 8.712284e+01
9.999714e-01 -2.708503e-04 7.553297e-03 -4.590907e+00 2.733041e-04 9.999999e-01 -3.234733e-04 -2.039074e+00 -7.553113e-03 3.255247e-04 9.999714e-01 8.781739e+01
9.999820e-01 1.664487e-04 -5.995940e-03 -4.668110e+00 -1.646602e-04 9.999999e-01 2.983145e-04 -2.060589e+00 5.996085e-03 -2.973255e-04 9.999819e-01 8.878256e+01
9.999688e-01 -2.844155e-04 7.889518e-03 -4.726903e+00 2.869101e-04 9.999999e-01 -3.147244e-04 -2.084520e+00 -7.889332e-03 3.169745e-04 9.999688e-01 8.981793e+01
9.999858e-01 1.509110e-04 -5.318102e-03 -4.796202e+00 -1.494774e-04 1.000000e+00 2.694271e-04 -2.108251e+00 5.318238e-03 -2.686320e-04 9.999858e-01 9.086357e+01
9.999672e-01 -2.907906e-04 8.084301e-03 -4.883568e+00 2.935851e-04 9.999999e-01 -3.441477e-04 -2.129916e+00 -8.084104e-03 3.465061e-04 9.999672e-01 9.185408e+01
9.999977e-01 1.005763e-04 -2.104499e-03 -4.928518e+00 -1.002239e-04 1.000000e+00 1.662202e-04 -2.152438e+00 2.104611e-03 -1.660127e-04 9.999977e-01 9.281385e+01
9.999865e-01 -2.454813e-04 5.178712e-03 -4.971693e+00 2.465145e-04 9.999999e-01 -1.983348e-04 -2.179214e+00 -5.178567e-03 1.996050e-04 9.999865e-01 9.394322e+01
9.999977e-01 9.178444e-05 -2.104533e-03 -5.051319e+00 -9.145342e-05 1.000000e+00 1.560379e-04 -2.205874e+00 2.104644e-03 -1.558488e-04 9.999977e-01 9.513164e+01
9.999916e-01 -2.102857e-04 4.078595e-03 -5.120647e+00 2.110802e-04 1.000000e+00 -1.936777e-04 -2.228119e+00 -4.078458e-03 1.945332e-04 9.999916e-01 9.611687e+01
9.999700e-01 -9.259923e-05 7.741384e-03 -5.094252e+00 9.410069e-05 1.000000e+00 -1.932199e-04 -2.250209e+00 -7.741270e-03 1.939388e-04 9.999700e-01 9.694686e+01
9.999076e-01 -4.303428e-04 1.358766e-02 -5.054884e+00 4.375124e-04 9.999998e-01 -5.244759e-04 -2.271165e+00 -1.358733e-02 5.303684e-04 9.999075e-01 9.772514e+01
9.999870e-01 -4.946507e-05 5.083413e-03 -5.076622e+00 4.990025e-05 1.000000e+00 -8.488097e-05 -2.295591e+00 -5.083311e-03 8.512969e-05 9.999870e-01 9.874188e+01
9.999722e-01 -2.768541e-04 7.448076e-03 -5.093242e+00 2.791835e-04 9.999999e-01 -3.113001e-04 -2.320123e+00 -7.447891e-03 3.133669e-04 9.999722e-01 9.975136e+01
9.999960e-01 1.094072e-04 -2.811165e-03 -5.121962e+00 -1.088044e-04 1.000000e+00 2.134474e-04 -2.346458e+00 2.811286e-03 -2.131446e-04 9.999960e-01 1.008402e+02
9.999655e-01 -2.780468e-04 8.299856e-03 -5.105737e+00 2.810187e-04 9.999999e-01 -3.565332e-04 -2.371236e+00 -8.299658e-03 3.588495e-04 9.999654e-01 1.017911e+02
9.999998e-01 4.568366e-05 -5.832574e-04 -5.154236e+00 -4.559875e-05 1.000000e+00 1.401011e-04 -2.396976e+00 5.833617e-04 -1.400784e-04 9.999998e-01 1.028950e+02
9.999873e-01 -2.264514e-04 5.022676e-03 -5.229135e+00 2.276366e-04 9.999999e-01 -2.347572e-04 -2.423497e+00 -5.022525e-03 2.358937e-04 9.999873e-01 1.040691e+02
9.999992e-01 5.475297e-05 -1.201928e-03 -5.313084e+00 -5.455154e-05 1.000000e+00 1.649286e-04 -2.450548e+00 1.202035e-03 -1.648668e-04 9.999992e-01 1.052794e+02
9.999952e-01 -1.850143e-04 3.073044e-03 -5.397227e+00 1.855245e-04 1.000000e+00 -1.647146e-04 -2.476900e+00 -3.072915e-03 1.652800e-04 9.999952e-01 1.064604e+02
9.999996e-01 5.984304e-05 -8.881237e-04 -5.469817e+00 -5.972075e-05 1.000000e+00 1.340516e-04 -2.500616e+00 8.882299e-04 -1.340024e-04 9.999995e-01 1.075137e+02
9.999990e-01 -1.432696e-04 1.405862e-03 -5.546584e+00 1.434427e-04 1.000000e+00 -1.207559e-04 -2.522344e+00 -1.405746e-03 1.209535e-04 9.999989e-01 1.084858e+02
9.999998e-01 6.797645e-05 -5.497505e-04 -5.636688e+00 -6.793009e-05 1.000000e+00 7.840150e-05 -2.536580e+00 5.498540e-04 -7.836805e-05 9.999998e-01 1.091463e+02
9.999986e-01 -1.557717e-04 1.647407e-03 -5.700939e+00 1.559386e-04 1.000000e+00 -9.919119e-05 -2.556121e+00 -1.647294e-03 9.944402e-05 9.999986e-01 1.100064e+02
9.999999e-01 3.998708e-05 2.240697e-04 -5.783664e+00 -3.999261e-05 1.000000e+00 3.931320e-05 -2.575007e+00 -2.239699e-04 -3.932608e-05 9.999999e-01 1.108681e+02
9.999994e-01 -1.195365e-04 1.012933e-03 -5.845575e+00 1.196266e-04 1.000000e+00 -8.563059e-05 -2.591786e+00 -1.012824e-03 8.574778e-05 9.999994e-01 1.116018e+02
1.000000e+00 3.138407e-05 -1.217708e-04 -5.902607e+00 -3.137016e-05 1.000000e+00 8.717253e-05 -2.613494e+00 1.218718e-04 -8.717264e-05 9.999999e-01 1.125409e+02
9.999997e-01 -1.044295e-04 7.311903e-04 -5.914175e+00 1.044864e-04 1.000000e+00 -7.325717e-05 -2.634972e+00 -7.310844e-04 7.332961e-05 9.999997e-01 1.133913e+02
9.999999e-01 2.641011e-05 -3.456221e-04 -5.929237e+00 -2.636650e-05 1.000000e+00 1.165888e-04 -2.658958e+00 3.457235e-04 -1.165836e-04 9.999999e-01 1.143533e+02
9.999956e-01 -1.428670e-04 2.935139e-03 -5.944079e+00 1.433419e-04 1.000000e+00 -1.604838e-04 -2.682414e+00 -2.935017e-03 1.608999e-04 9.999956e-01 1.152968e+02
9.999999e-01 7.004052e-06 2.712966e-04 -6.011561e+00 -7.009072e-06 1.000000e+00 3.077919e-05 -2.695638e+00 -2.711980e-04 -3.078504e-05 9.999999e-01 1.158856e+02
9.999685e-01 -2.363564e-04 7.931183e-03 -6.050213e+00 2.389672e-04 9.999999e-01 -3.278170e-04 -2.709366e+00 -7.931006e-03 3.296980e-04 9.999684e-01 1.164621e+02
9.999931e-01 1.174409e-04 -3.700394e-03 -5.905092e+00 -1.167224e-04 1.000000e+00 1.934672e-04 -2.732625e+00 3.700515e-03 -1.930379e-04 9.999931e-01 1.171529e+02
9.999089e-01 -3.281661e-04 1.348914e-02 -5.494135e+00 3.355242e-04 9.999998e-01 -5.429692e-04 -2.758905e+00 -1.348886e-02 5.474417e-04 9.999088e-01 1.175857e+02
9.999817e-01 1.582782e-04 -6.036377e-03 -5.211899e+00 -1.566749e-04 1.000000e+00 2.655045e-04 -2.780865e+00 6.036517e-03 -2.645578e-04 9.999817e-01 1.180303e+02
9.998976e-01 -3.673790e-04 1.430136e-02 -5.167612e+00 3.752657e-04 9.999998e-01 -5.485427e-04 -2.800002e+00 -1.430106e-02 5.538493e-04 9.998975e-01 1.187013e+02
9.999818e-01 1.540740e-04 -6.019706e-03 -5.114457e+00 -1.523943e-04 9.999999e-01 2.789039e-04 -2.820730e+00 6.019848e-03 -2.779855e-04 9.999818e-01 1.194263e+02
9.998448e-01 -4.508249e-04 1.760726e-02 -5.080247e+00 4.629127e-04 9.999997e-01 -6.822512e-04 -2.838461e+00 -1.760684e-02 6.902919e-04 9.998447e-01 1.200659e+02
9.999763e-01 1.602240e-04 -6.883077e-03 -5.119709e+00 -1.580342e-04 9.999999e-01 3.181599e-04 -2.855455e+00 6.883227e-03 -3.170687e-04 9.999762e-01 1.207858e+02
9.998546e-01 -4.395627e-04 1.704542e-02 -5.142326e+00 4.509373e-04 9.999997e-01 -6.632594e-04 -2.873148e+00 -1.704502e-02 6.708452e-04 9.998544e-01 1.215066e+02
9.999331e-01 2.789808e-04 -1.155922e-02 -5.158659e+00 -2.733016e-04 9.999998e-01 4.925586e-04 -2.893159e+00 1.155945e-02 -4.893705e-04 9.999330e-01 1.223144e+02
9.998814e-01 -4.300175e-04 1.538914e-02 -5.219951e+00 4.391585e-04 9.999997e-01 -5.903727e-04 -2.915706e+00 -1.538878e-02 5.970569e-04 9.998814e-01 1.232993e+02
9.999889e-01 1.762305e-04 -4.707475e-03 -5.013076e+00 -1.749303e-04 9.999999e-01 2.757949e-04 -2.947406e+00 4.707623e-03 -2.749724e-04 9.999888e-01 1.242399e+02
9.999304e-01 -3.751662e-04 1.178924e-02 -4.986841e+00 3.808302e-04 9.999998e-01 -4.778711e-04 -2.972483e+00 -1.178896e-02 4.823234e-04 9.999303e-01 1.251940e+02
9.999575e-01 2.521103e-04 -9.205587e-03 -5.141137e+00 -2.485185e-04 9.999999e-01 3.908894e-04 -2.987952e+00 9.205784e-03 -3.885891e-04 9.999575e-01 1.260114e+02
9.998803e-01 -4.531082e-04 1.546340e-02 -5.188069e+00 4.620395e-04 9.999997e-01 -5.737665e-04 -3.010239e+00 -1.546304e-02 5.808383e-04 9.998802e-01 1.269650e+02
9.999997e-01 8.456848e-05 -6.745646e-04 -5.145356e+00 -8.450561e-05 1.000000e+00 8.733646e-05 -3.031965e+00 6.746718e-04 -8.728355e-05 9.999997e-01 1.277531e+02
9.998828e-01 -4.497569e-04 1.530256e-02 -5.121859e+00 4.584566e-04 9.999997e-01 -5.647513e-04 -3.054054e+00 -1.530221e-02 5.716965e-04 9.998827e-01 1.285899e+02
9.999192e-01 3.492332e-04 -1.270518e-02 -5.151244e+00 -3.431205e-04 9.999998e-01 4.829697e-04 -3.072349e+00 1.270545e-02 -4.785754e-04 9.999191e-01 1.293389e+02
9.996384e-01 -7.004395e-04 2.687851e-02 -5.133171e+00 7.262268e-04 9.999993e-01 -9.495029e-04 -3.092280e+00 -2.687773e-02 9.686752e-04 9.996382e-01 1.300936e+02
9.999830e-01 1.795549e-04 -5.816707e-03 -5.108191e+00 -1.781259e-04 1.000000e+00 2.454515e-04 -3.112656e+00 5.816851e-03 -2.444154e-04 9.999830e-01 1.308734e+02
9.998680e-01 -4.642048e-04 1.624075e-02 -5.121640e+00 4.734251e-04 9.999997e-01 -5.636253e-04 -3.136864e+00 -1.624039e-02 5.712354e-04 9.998679e-01 1.318523e+02
9.999813e-01 1.997658e-04 -6.111586e-03 -5.054019e+00 -1.982265e-04 9.999999e-01 2.517616e-04 -3.161331e+00 6.111735e-03 -2.505496e-04 9.999812e-01 1.327068e+02
9.997000e-01 -6.433414e-04 2.448226e-02 -5.009270e+00 6.644316e-04 9.999994e-01 -8.531472e-04 -3.183946e+00 -2.448160e-02 8.691538e-04 9.996999e-01 1.335376e+02
9.998085e-01 4.903474e-04 -1.956193e-02 -5.056446e+00 -4.763030e-04 9.999996e-01 7.223669e-04 -3.205917e+00 1.956237e-02 -7.129154e-04 9.998083e-01 1.344750e+02
9.996920e-01 -6.730762e-04 2.480453e-02 -5.112261e+00 6.938757e-04 9.999994e-01 -8.297604e-04 -3.232671e+00 -2.480385e-02 8.467119e-04 9.996919e-01 1.356249e+02
9.997589e-01 5.525801e-04 -2.195005e-02 -5.150933e+00 -5.348702e-04 9.999995e-01 8.124810e-04 -3.258788e+00 2.195059e-02 -8.005489e-04 9.997587e-01 1.367181e+02
9.997609e-01 -5.697524e-04 2.185760e-02 -5.080838e+00 5.872121e-04 9.999995e-01 -7.921823e-04 -3.278802e+00 -2.185704e-02 8.048237e-04 9.997607e-01 1.373689e+02
9.997822e-01 5.351563e-04 -2.086008e-02 -4.887786e+00 -5.187796e-04 9.999996e-01 7.902565e-04 -3.303617e+00 2.086059e-02 -7.792668e-04 9.997820e-01 1.380454e+02
9.996747e-01 -6.364125e-04 2.549469e-02 -4.726112e+00 6.600262e-04 9.999994e-01 -9.176430e-04 -3.328346e+00 -2.549399e-02 9.341674e-04 9.996745e-01 1.387701e+02
9.995714e-01 7.107948e-04 -2.926475e-02 -4.702980e+00 -6.796678e-04 9.999992e-01 1.073411e-03 -3.346715e+00 2.926559e-02 -1.053064e-03 9.995711e-01 1.394170e+02
9.996004e-01 -6.866958e-04 2.825688e-02 -4.710101e+00 7.160611e-04 9.999992e-01 -1.028965e-03 -3.363156e+00 -2.825605e-02 1.048783e-03 9.996001e-01 1.400481e+02
9.997341e-01 5.463086e-04 -2.305112e-02 -4.724681e+00 -5.263497e-04 9.999995e-01 8.717142e-04 -3.381793e+00 2.305169e-02 -8.593537e-04 9.997339e-01 1.407897e+02
9.996525e-01 -6.642621e-04 2.634995e-02 -4.770466e+00 6.893702e-04 9.999993e-01 -9.436295e-04 -3.403444e+00 -2.634920e-02 9.614622e-04 9.996523e-01 1.417099e+02
9.997041e-01 5.793204e-04 -2.431525e-02 -4.817835e+00 -5.576151e-04 9.999994e-01 8.992419e-04 -3.422771e+00 2.431586e-02 -8.854215e-04 9.997039e-01 1.425319e+02
9.996402e-01 -6.616561e-04 2.681361e-02 -4.778902e+00 6.883846e-04 9.999993e-01 -9.874415e-04 -3.438457e+00 -2.681284e-02 1.005540e-03 9.996399e-01 1.430640e+02
9.996815e-01 6.177439e-04 -2.522676e-02 -4.747890e+00 -5.945203e-04 9.999994e-01 9.278943e-04 -3.453950e+00 2.522742e-02 -9.126051e-04 9.996813e-01 1.435988e+02
9.995404e-01 -7.484334e-04 3.030314e-02 -4.740936e+00 7.808602e-04 9.999991e-01 -1.058114e-03 -3.475774e+00 -3.030223e-02 1.081286e-03 9.995401e-01 1.444402e+02
9.996714e-01 6.165200e-04 -2.562607e-02 -4.748920e+00 -5.931468e-04 9.999994e-01 9.194944e-04 -3.494626e+00 2.562672e-02 -9.039964e-04 9.996711e-01 1.451802e+02
9.994437e-01 -8.080831e-04 3.333826e-02 -4.747965e+00 8.482521e-04 9.999989e-01 -1.190627e-03 -3.506339e+00 -3.333716e-02 1.218240e-03 9.994434e-01 1.456172e+02
9.995608e-01 7.251438e-04 -2.962266e-02 -4.742413e+00 -6.932499e-04 9.999992e-01 1.086764e-03 -3.524210e+00 2.962353e-02 -1.065755e-03 9.995605e-01 1.462927e+02
9.994954e-01 -7.937613e-04 3.175339e-02 -4.757516e+00 8.294578e-04 9.999990e-01 -1.110876e-03 -3.545154e+00 -3.175238e-02 1.136649e-03 9.994951e-01 1.471295e+02
9.995823e-01 7.268677e-04 -2.888831e-02 -4.715664e+00 -6.965512e-04 9.999992e-01 1.059321e-03 -3.567041e+00 2.888915e-02 -1.038760e-03 9.995820e-01 1.479086e+02
9.995449e-01 -7.819476e-04 3.015373e-02 -4.748951e+00 8.146147e-04 9.999991e-01 -1.070929e-03 -3.585740e+00 -3.015277e-02 1.095001e-03 9.995447e-01 1.486821e+02
9.994879e-01 8.127987e-04 -3.198575e-02 -4.801728e+00 -7.753486e-04 9.999990e-01 1.183068e-03 -3.606545e+00 3.198678e-02 -1.157667e-03 9.994876e-01 1.495684e+02
9.994383e-01 -8.751586e-04 3.349975e-02 -4.820604e+00 9.144464e-04 9.999989e-01 -1.157338e-03 -3.630585e+00 -3.349860e-02 1.187317e-03 9.994380e-01 1.505379e+02
9.994824e-01 8.090644e-04 -3.215952e-02 -4.871361e+00 -7.709530e-04 9.999990e-01 1.197305e-03 -3.655182e+00 3.216056e-02 -1.171896e-03 9.994820e-01 1.515868e+02
9.995273e-01 -8.006825e-04 3.073244e-02 -4.984102e+00 8.356393e-04 9.999990e-01 -1.124477e-03 -3.672601e+00 -3.073141e-02 1.149622e-03 9.995270e-01 1.524195e+02
9.995244e-01 7.608277e-04 -3.082567e-02 -5.222666e+00 -7.257370e-04 9.999991e-01 1.149374e-03 -3.685032e+00 3.082661e-02 -1.126460e-03 9.995241e-01 1.532244e+02
9.994625e-01 -8.490628e-04 3.277043e-02 -5.345113e+00 8.876852e-04 9.999989e-01 -1.163902e-03 -3.707215e+00 -3.276931e-02 1.192362e-03 9.994622e-01 1.542927e+02
9.994998e-01 7.664489e-04 -3.161458e-02 -5.451191e+00 -7.281013e-04 9.999990e-01 1.224312e-03 -3.734800e+00 3.161558e-02 -1.200685e-03 9.994993e-01 1.555608e+02
9.994295e-01 -8.626309e-04 3.376246e-02 -5.592171e+00 9.057268e-04 9.999988e-01 -1.261031e-03 -3.754427e+00 -3.376123e-02 1.290887e-03 9.994290e-01 1.565450e+02
9.995041e-01 7.832132e-04 -3.147687e-02 -5.639434e+00 -7.440076e-04 9.999989e-01 1.257072e-03 -3.777946e+00 3.147792e-02 -1.233034e-03 9.995036e-01 1.575443e+02
9.994950e-01 -8.329339e-04 3.176368e-02 -5.772678e+00 8.721821e-04 9.999989e-01 -1.221650e-03 -3.798309e+00 -3.176253e-02 1.248732e-03 9.994946e-01 1.585455e+02
9.995292e-01 7.598759e-04 -3.067138e-02 -5.937297e+00 -7.222457e-04 9.999990e-01 1.237782e-03 -3.818683e+00 3.067239e-02 -1.215051e-03 9.995287e-01 1.595962e+02
9.994947e-01 -8.401501e-04 3.177181e-02 -6.057502e+00 8.784337e-04 9.999989e-01 -1.190867e-03 -3.844841e+00 -3.177068e-02 1.218170e-03 9.994944e-01 1.608287e+02
9.994819e-01 8.011440e-04 -3.217427e-02 -6.166704e+00 -7.599541e-04 9.999989e-01 1.292268e-03 -3.871096e+00 3.217537e-02 -1.267152e-03 9.994814e-01 1.620409e+02
9.994988e-01 -8.303643e-04 3.164538e-02 -6.290259e+00 8.693474e-04 9.999989e-01 -1.217987e-03 -3.893858e+00 -3.164424e-02 1.244883e-03 9.994984e-01 1.631287e+02
9.993217e-01 9.578676e-04 -3.681284e-02 -6.674178e+00 -9.066940e-04 9.999986e-01 1.406636e-03 -3.896711e+00 3.681424e-02 -1.372308e-03 9.993211e-01 1.637032e+02
9.994349e-01 -8.831730e-04 3.360026e-02 -7.015005e+00 9.269611e-04 9.999987e-01 -1.287514e-03 -3.901906e+00 -3.359898e-02 1.317928e-03 9.994345e-01 1.643273e+02
9.993792e-01 8.967769e-04 -3.521764e-02 -7.213451e+00 -8.486485e-04 9.999987e-01 1.381386e-03 -3.917905e+00 3.521894e-02 -1.350645e-03 9.993787e-01 1.652210e+02
9.994528e-01 -8.613379e-04 3.306543e-02 -7.438964e+00 9.044065e-04 9.999988e-01 -1.287453e-03 -3.929777e+00 -3.306418e-02 1.316649e-03 9.994523e-01 1.659688e+02
9.994606e-01 8.207870e-04 -3.282752e-02 -7.739107e+00 -7.784960e-04 9.999989e-01 1.300890e-03 -3.939432e+00 3.282865e-02 -1.274637e-03 9.994601e-01 1.667444e+02
9.994678e-01 -8.506104e-04 3.260806e-02 -7.973011e+00 8.923147e-04 9.999988e-01 -1.264283e-03 -3.953565e+00 -3.260685e-02 1.292702e-03 9.994674e-01 1.676182e+02
9.994060e-01 8.736870e-04 -3.444865e-02 -8.041272e+00 -8.263175e-04 9.999987e-01 1.389146e-03 -3.975972e+00 3.444992e-02 -1.359859e-03 9.994055e-01 1.685975e+02
9.996301e-01 -6.999212e-04 2.718674e-02 -8.032303e+00 7.296222e-04 9.999991e-01 -1.082409e-03 -3.996166e+00 -2.718586e-02 1.101840e-03 9.996297e-01 1.693444e+02
9.991656e-01 1.074062e-03 -4.082786e-02 -8.044840e+00 -1.008634e-03 9.999982e-01 1.622969e-03 -4.013233e+00 4.082963e-02 -1.580439e-03 9.991648e-01 1.700038e+02
9.992292e-01 -1.025164e-03 3.923988e-02 -8.075933e+00 1.085359e-03 9.999983e-01 -1.512656e-03 -4.032677e+00 -3.923816e-02 1.554075e-03 9.992286e-01 1.707976e+02
9.991473e-01 1.089151e-03 -4.127235e-02 -8.051743e+00 -1.023259e-03 9.999982e-01 1.617498e-03 -4.049422e+00 4.127413e-02 -1.573890e-03 9.991466e-01 1.713867e+02
9.991811e-01 -1.051060e-03 4.044676e-02 -8.216192e+00 1.115385e-03 9.999981e-01 -1.567701e-03 -4.059253e+00 -4.044493e-02 1.611527e-03 9.991804e-01 1.719647e+02
9.990842e-01 1.127917e-03 -4.277023e-02 -8.256304e+00 -1.056131e-03 9.999980e-01 1.700859e-03 -4.077579e+00 4.277216e-02 -1.654134e-03 9.990834e-01 1.727198e+02
9.992353e-01 -1.018339e-03 3.908461e-02 -8.181109e+00 1.078595e-03 9.999983e-01 -1.520507e-03 -4.098042e+00 -3.908289e-02 1.561497e-03 9.992347e-01 1.733822e+02
9.990210e-01 1.155028e-03 -4.422235e-02 -7.918610e+00 -1.078548e-03 9.999979e-01 1.753148e-03 -4.121825e+00 4.422438e-02 -1.703740e-03 9.990201e-01 1.739029e+02
9.992310e-01 -1.010230e-03 3.919550e-02 -7.351944e+00 1.071443e-03 9.999982e-01 -1.540657e-03 -4.150461e+00 -3.919377e-02 1.581463e-03 9.992303e-01 1.741784e+02
9.991074e-01 1.120782e-03 -4.222627e-02 -6.759286e+00 -1.050357e-03 9.999980e-01 1.689856e-03 -4.181093e+00 4.222818e-02 -1.644000e-03 9.991066e-01 1.745009e+02
9.991418e-01 -1.047626e-03 4.140647e-02 -6.122789e+00 1.115871e-03 9.999981e-01 -1.625003e-03 -4.212386e+00 -4.140459e-02 1.669808e-03 9.991410e-01 1.747948e+02
9.992098e-01 1.060454e-03 -3.973148e-02 -5.706439e+00 -9.961401e-04 9.999982e-01 1.638346e-03 -4.243321e+00 3.973324e-02 -1.597478e-03 9.992090e-01 1.754119e+02
9.991245e-01 -1.059016e-03 4.182200e-02 -5.264272e+00 1.128493e-03 9.999980e-01 -1.637578e-03 -4.275581e+00 -4.182008e-02 1.683336e-03 9.991237e-01 1.760472e+02
9.991241e-01 1.113538e-03 -4.182948e-02 -4.567091e+00 -1.043349e-03 9.999980e-01 1.699670e-03 -4.311204e+00 4.183139e-02 -1.654542e-03 9.991233e-01 1.764318e+02
9.991140e-01 -1.085977e-03 4.206974e-02 -4.301383e+00 1.156056e-03 9.999980e-01 -1.641388e-03 -4.337993e+00 -4.206778e-02 1.688564e-03 9.991133e-01 1.770935e+02
9.990896e-01 1.123904e-03 -4.264413e-02 -3.957864e+00 -1.051507e-03 9.999980e-01 1.719972e-03 -4.364987e+00 4.264608e-02 -1.673569e-03 9.990888e-01 1.776507e+02
9.990257e-01 -1.095772e-03 4.411689e-02 -3.174946e+00 1.172936e-03 9.999978e-01 -1.723152e-03 -4.401389e+00 -4.411480e-02 1.773215e-03 9.990248e-01 1.779602e+02
9.991824e-01 1.099735e-03 -4.041207e-02 -1.961494e+00 -1.034231e-03 9.999981e-01 1.641647e-03 -4.450227e+00 4.041390e-02 -1.598514e-03 9.991817e-01 1.781681e+02
9.990331e-01 -1.080368e-03 4.395041e-02 -1.023558e+00 1.157963e-03 9.999978e-01 -1.739985e-03 -4.488841e+00 -4.394833e-02 1.789191e-03 9.990322e-01 1.783489e+02
9.991413e-01 1.108709e-03 -4.141670e-02 -2.407259e-01 -1.041235e-03 9.999981e-01 1.650568e-03 -4.521184e+00 4.141855e-02 -1.606030e-03 9.991405e-01 1.784915e+02
9.990737e-01 -1.084600e-03 4.301712e-02 9.069487e-01 1.158109e-03 9.999979e-01 -1.683839e-03 -4.566594e+00 -4.301511e-02 1.732093e-03 9.990729e-01 1.786613e+02
9.990813e-01 1.121316e-03 -4.283900e-02 2.211648e+00 -1.048249e-03 9.999980e-01 1.727918e-03 -4.618161e+00 4.284095e-02 -1.681429e-03 9.990804e-01 1.788577e+02
9.990808e-01 -1.091361e-03 4.285235e-02 3.770006e+00 1.163804e-03 9.999979e-01 -1.665503e-03 -4.677882e+00 -4.285035e-02 1.713839e-03 9.990800e-01 1.790317e+02
9.990865e-01 1.111579e-03 -4.271743e-02 5.375256e+00 -1.039085e-03 9.999980e-01 1.719099e-03 -4.738058e+00 4.271936e-02 -1.673145e-03 9.990857e-01 1.791736e+02
9.991044e-01 -1.090784e-03 4.229667e-02 7.032272e+00 1.161656e-03 9.999980e-01 -1.650951e-03 -4.798994e+00 -4.229468e-02 1.698603e-03 9.991037e-01 1.792793e+02
9.990953e-01 1.108288e-03 -4.251215e-02 8.859911e+00 -1.035676e-03 9.999980e-01 1.729912e-03 -4.866372e+00 4.251408e-02 -1.684322e-03 9.990944e-01 1.794051e+02
9.991012e-01 -1.098236e-03 4.237387e-02 1.087250e+01 1.167978e-03 9.999980e-01 -1.621042e-03 -4.942144e+00 -4.237190e-02 1.669073e-03 9.991005e-01 1.796021e+02
9.991314e-01 1.099932e-03 -4.165591e-02 1.297783e+01 -1.030078e-03 9.999980e-01 1.698242e-03 -5.021080e+00 4.165779e-02 -1.653862e-03 9.991305e-01 1.798050e+02
9.991057e-01 -1.089045e-03 4.226797e-02 1.465736e+01 1.158979e-03 9.999980e-01 -1.629948e-03 -5.087408e+00 -4.226601e-02 1.677473e-03 9.991049e-01 1.800931e+02
9.991435e-01 1.098860e-03 -4.136353e-02 1.605072e+01 -1.030275e-03 9.999981e-01 1.679281e-03 -5.144709e+00 4.136539e-02 -1.635231e-03 9.991427e-01 1.804102e+02
9.990573e-01 -1.097277e-03 4.339556e-02 1.763870e+01 1.170543e-03 9.999979e-01 -1.662855e-03 -5.208292e+00 -4.339355e-02 1.712079e-03 9.990565e-01 1.806973e+02
9.990471e-01 1.123469e-03 -4.362903e-02 1.918620e+01 -1.046502e-03 9.999979e-01 1.786805e-03 -5.271931e+00 4.363104e-02 -1.739449e-03 9.990462e-01 1.810473e+02
9.991063e-01 -1.082211e-03 4.225223e-02 2.078578e+01 1.152532e-03 9.999980e-01 -1.639890e-03 -5.335152e+00 -4.225027e-02 1.687117e-03 9.991056e-01 1.812929e+02
9.991387e-01 1.096788e-03 -4.147950e-02 2.249602e+01 -1.027589e-03 9.999980e-01 1.689424e-03 -5.400576e+00 4.148137e-02 -1.645349e-03 9.991379e-01 1.814865e+02
9.991346e-01 -1.069680e-03 4.157986e-02 2.391934e+01 1.138637e-03 9.999980e-01 -1.634669e-03 -5.456148e+00 -4.157793e-02 1.680595e-03 9.991338e-01 1.816781e+02
9.991256e-01 1.099331e-03 -4.179466e-02 2.551489e+01 -1.028010e-03 9.999980e-01 1.727796e-03 -5.518458e+00 4.179658e-02 -1.683324e-03 9.991247e-01 1.818915e+02
9.991618e-01 -1.064633e-03 4.092135e-02 2.724315e+01 1.131405e-03 9.999981e-01 -1.608469e-03 -5.584771e+00 -4.091946e-02 1.653415e-03 9.991610e-01 1.820773e+02
9.992150e-01 1.075808e-03 -3.960056e-02 2.861730e+01 -1.012145e-03 9.999982e-01 1.627500e-03 -5.640258e+00 3.960234e-02 -1.586145e-03 9.992142e-01 1.823372e+02
9.991790e-01 -1.067342e-03 4.049811e-02 3.001786e+01 1.132771e-03 9.999981e-01 -1.592598e-03 -5.696601e+00 -4.049623e-02 1.637161e-03 9.991783e-01 1.825993e+02
9.992071e-01 1.067056e-03 -3.979897e-02 3.193920e+01 -1.001922e-03 9.999981e-01 1.656363e-03 -5.769272e+00 3.980077e-02 -1.615179e-03 9.992063e-01 1.828016e+02
9.991665e-01 -1.071374e-03 4.080609e-02 3.391051e+01 1.137857e-03 9.999981e-01 -1.605963e-03 -5.843520e+00 -4.080419e-02 1.651051e-03 9.991657e-01 1.829990e+02
9.992256e-01 1.060745e-03 -3.933146e-02 3.597169e+01 -9.969829e-04 9.999982e-01 1.640610e-03 -5.920143e+00 3.933323e-02 -1.600131e-03 9.992248e-01 1.831613e+02
9.991974e-01 -1.071801e-03 4.004051e-02 3.813266e+01 1.135479e-03 9.999981e-01 -1.567498e-03 -6.000333e+00 -4.003866e-02 1.611701e-03 9.991968e-01 1.833331e+02
9.992260e-01 1.063417e-03 -3.932174e-02 4.033114e+01 -9.992042e-04 9.999981e-01 1.652511e-03 -6.082744e+00 3.932352e-02 -1.611945e-03 9.992252e-01 1.835442e+02
9.991991e-01 -1.077600e-03 3.999968e-02 4.264611e+01 1.140821e-03 9.999981e-01 -1.557649e-03 -6.169270e+00 -3.999783e-02 1.602030e-03 9.991984e-01 1.837588e+02
9.992263e-01 1.064427e-03 -3.931457e-02 4.507347e+01 -1.000048e-03 9.999981e-01 1.657036e-03 -6.259368e+00 3.931636e-02 -1.616441e-03 9.992255e-01 1.839648e+02
9.992309e-01 -1.066347e-03 3.919674e-02 4.713224e+01 1.127542e-03 9.999982e-01 -1.539027e-03 -6.338286e+00 -3.919493e-02 1.582035e-03 9.992303e-01 1.842365e+02
9.992457e-01 1.065363e-03 -3.881655e-02 4.887971e+01 -1.002706e-03 9.999982e-01 1.633500e-03 -6.408287e+00 3.881832e-02 -1.593351e-03 9.992450e-01 1.845803e+02
9.992326e-01 -1.068492e-03 3.915321e-02 5.088140e+01 1.130551e-03 9.999981e-01 -1.562795e-03 -6.482983e+00 -3.915137e-02 1.605856e-03 9.992320e-01 1.847605e+02
9.992422e-01 1.063992e-03 -3.890612e-02 5.306921e+01 -1.000904e-03 9.999982e-01 1.640875e-03 -6.562867e+00 3.890789e-02 -1.600695e-03 9.992415e-01 1.848924e+02
9.992555e-01 -1.056744e-03 3.856417e-02 5.505428e+01 1.117799e-03 9.999982e-01 -1.561560e-03 -6.635218e+00 -3.856235e-02 1.603500e-03 9.992549e-01 1.850042e+02
9.992306e-01 1.073722e-03 -3.920410e-02 5.662340e+01 -1.010749e-03 9.999982e-01 1.625935e-03 -6.693169e+00 3.920587e-02 -1.585063e-03 9.992299e-01 1.851167e+02
9.992350e-01 -1.059838e-03 3.909130e-02 5.820274e+01 1.122553e-03 9.999981e-01 -1.582284e-03 -6.751692e+00 -3.908945e-02 1.624952e-03 9.992343e-01 1.852335e+02
9.992271e-01 1.072447e-03 -3.929180e-02 5.984994e+01 -1.009075e-03 9.999982e-01 1.632536e-03 -6.812169e+00 3.929358e-02 -1.591630e-03 9.992264e-01 1.853363e+02
9.992097e-01 -1.067310e-03 3.973251e-02 6.169164e+01 1.131835e-03 9.999981e-01 -1.601399e-03 -6.878876e+00 -3.973062e-02 1.645100e-03 9.992090e-01 1.854166e+02
9.992314e-01 1.071709e-03 -3.918308e-02 6.353942e+01 -1.008697e-03 9.999982e-01 1.627756e-03 -6.945393e+00 3.918485e-02 -1.586985e-03 9.992307e-01 1.854794e+02
