9.997450e-01 -4.769892e-04 2.257703e-02 5.053617e-02 4.950975e-04 9.999996e-01 -7.964815e-04 -4.103579e-03 -2.257664e-02 8.074566e-04 9.997447e-01 1.031503e-01
9.999711e-01 -2.090416e-04 7.597925e-03 1.012185e-01 2.108468e-04 9.999999e-01 -2.367896e-04 -7.600365e-03 -7.597870e-03 2.383851e-04 9.999710e-01 2.090782e-01
9.997639e-01 -4.708291e-04 2.172293e-02 1.543446e-01 4.876535e-04 9.999996e-01 -7.692091e-04 -1.134451e-02 -2.172255e-02 7.796209e-04 9.997636e-01 3.202137e-01
9.999607e-01 -1.931176e-04 8.867046e-03 2.050185e-01 1.957557e-04 9.999999e-01 -2.966444e-04 -1.466632e-02 -8.866977e-03 2.983686e-04 9.999605e-01 4.238605e-01
9.995562e-01 -6.713422e-04 2.978063e-02 2.532839e-01 7.016045e-04 9.999992e-01 -1.005734e-03 -1.705222e-02 -2.977992e-02 1.026182e-03 9.995559e-01 5.180709e-01
9.999729e-01 -1.805941e-04 7.354353e-03 3.034708e-01 1.823734e-04 1.000000e+00 -2.412546e-04 -1.973902e-02 -7.354291e-03 2.425891e-04 9.999728e-01 6.158430e-01
9.996995e-01 -5.520078e-04 2.450642e-02 3.535403e-01 5.727383e-04 9.999995e-01 -8.389087e-04 -2.300734e-02 -2.450592e-02 8.526921e-04 9.996992e-01 7.172140e-01
1.000000e+00 -9.944046e-06 1.533440e-04 4.020659e-01 9.946086e-06 1.000000e+00 -1.287307e-05 -2.702233e-02 -1.533195e-04 1.287421e-05 9.999999e-01 8.222857e-01
9.997372e-01 -5.058841e-04 2.291997e-02 4.504201e-01 5.241250e-04 9.999996e-01 -7.898497e-04 -3.113725e-02 -2.291953e-02 8.016546e-04 9.997369e-01 9.253627e-01
9.999983e-01 -3.255494e-05 1.819465e-03 4.972243e-01 3.268165e-05 1.000000e+00 -6.956066e-05 -3.488304e-02 -1.819433e-03 6.961944e-05 9.999982e-01 1.021355e+00
9.996468e-01 -5.835366e-04 2.656974e-02 5.430953e-01 6.078388e-04 9.999994e-01 -9.065866e-04 -3.817512e-02 -2.656916e-02 9.224158e-04 9.996465e-01 1.114221e+00
9.999880e-01 -1.326236e-04 4.897639e-03 5.899400e-01 1.334132e-04 1.000000e+00 -1.608685e-04 -4.133435e-02 -4.897583e-03 1.615192e-04 9.999879e-01 1.210976e+00
9.995721e-01 -6.123674e-04 2.924474e-02 6.345858e-01 6.419983e-04 9.999993e-01 -1.003820e-03 -4.406050e-02 -2.924407e-02 1.022165e-03 9.995717e-01 1.303927e+00
9.999445e-01 -2.775800e-04 1.053513e-02 6.815945e-01 2.811661e-04 9.999999e-01 -3.388841e-04 -4.636556e-02 -1.053499e-02 3.418264e-04 9.999444e-01 1.399595e+00
9.996831e-01 -5.408695e-04 2.516918e-02 7.303450e-01 5.629658e-04 9.999995e-01 -8.708217e-04 -4.919670e-02 -2.516865e-02 8.847139e-04 9.996827e-01 1.498429e+00
9.999963e-01 -1.061733e-04 2.704651e-03 7.778789e-01 1.063915e-04 1.000000e+00 -8.039335e-05 -5.286325e-02 -2.704595e-03 8.067952e-05 9.999962e-01 1.600224e+00
9.996875e-01 -4.999183e-04 2.499136e-02 8.233568e-01 5.220811e-04 9.999995e-01 -8.802887e-04 -5.634202e-02 -2.499086e-02 8.930597e-04 9.996872e-01 1.697380e+00
9.999802e-01 -2.013870e-04 6.284076e-03 8.695849e-01 2.025594e-04 1.000000e+00 -1.858720e-04 -5.942340e-02 -6.283986e-03 1.871397e-04 9.999801e-01 1.789716e+00
9.996730e-01 -5.365313e-04 2.556703e-02 9.167305e-01 5.594793e-04 9.999994e-01 -8.904000e-04 -6.257665e-02 -2.556648e-02 9.044114e-04 9.996726e-01 1.885098e+00
9.999966e-01 -1.021095e-04 2.601770e-03 9.622892e-01 1.022955e-04 1.000000e+00 -7.114554e-05 -6.599317e-02 -2.601705e-03 7.140973e-05 9.999965e-01 1.977847e+00
9.996707e-01 -5.350126e-04 2.565697e-02 1.007024e+00 5.581340e-04 9.999994e-01 -8.940007e-04 -6.933043e-02 -2.565642e-02 9.080245e-04 9.996703e-01 2.067773e+00
1.000000e+00 -6.527405e-05 -3.858121e-05 1.053618e+00 6.527548e-05 1.000000e+00 1.949900e-05 -7.329034e-02 3.864152e-05 -1.950342e-05 9.999999e-01 2.169238e+00
9.999251e-01 -1.839205e-04 1.223677e-02 1.087509e+00 1.898233e-04 9.999999e-01 -4.811696e-04 -7.818420e-02 -1.223661e-02 4.834544e-04 9.999249e-01 2.266436e+00
9.999967e-01 5.537188e-06 -2.578397e-03 1.109893e+00 -5.287849e-06 1.000000e+00 9.642650e-05 -8.272596e-02 2.578461e-03 -9.641452e-05 9.999966e-01 2.347818e+00
9.998874e-01 -2.356017e-04 1.500436e-02 1.136727e+00 2.440648e-04 9.999998e-01 -5.621713e-04 -8.671154e-02 -1.500417e-02 5.657680e-04 9.998872e-01 2.405173e+00
9.999946e-01 -1.633554e-04 3.278439e-03 1.180003e+00 1.636349e-04 1.000000e+00 -8.472572e-05 -9.096646e-02 -3.278360e-03 8.525964e-05 9.999945e-01 2.486085e+00
9.998610e-01 -2.704047e-04 1.667240e-02 1.223060e+00 2.808123e-04 9.999998e-01 -6.218584e-04 -9.500102e-02 -1.667216e-02 6.264516e-04 9.998607e-01 2.565552e+00
9.999952e-01 -1.624950e-04 3.104125e-03 1.263450e+00 1.627226e-04 1.000000e+00 -7.277725e-05 -9.875054e-02 -3.104045e-03 7.327978e-05 9.999951e-01 2.628059e+00
9.999145e-01 -1.791387e-04 1.307423e-02 1.299623e+00 1.856304e-04 9.999999e-01 -4.952444e-04 -1.025793e-01 -1.307407e-02 4.976267e-04 9.999143e-01 2.677530e+00
1.000000e+00 -9.123267e-05 -1.324025e-04 1.328043e+00 9.123719e-05 1.000000e+00 2.676881e-05 -1.065848e-01 1.324707e-04 -2.678321e-05 9.999999e-01 2.734662e+00
9.999534e-01 -8.452447e-05 9.648247e-03 1.348381e+00 8.833037e-05 9.999999e-01 -3.939386e-04 -1.105753e-01 -9.648141e-03 3.947701e-04 9.999533e-01 2.786463e+00
1.000000e+00 -9.162488e-05 2.141583e-04 1.372594e+00 9.162282e-05 1.000000e+00 1.444581e-05 -1.147107e-01 -2.140876e-04 -1.442858e-05 9.999999e-01 2.844363e+00
9.999557e-01 -9.621808e-05 9.408659e-03 1.398176e+00 9.993432e-05 9.999999e-01 -3.944018e-04 -1.190578e-01 -9.408548e-03 3.953221e-04 9.999556e-01 2.913924e+00
9.999964e-01 -4.326058e-06 -2.681920e-03 1.413609e+00 4.590695e-06 1.000000e+00 9.826191e-05 -1.235106e-01 2.681992e-03 -9.827631e-05 9.999963e-01 2.985615e+00
9.998898e-01 -2.212542e-04 1.484554e-02 1.450511e+00 2.297403e-04 9.999998e-01 -5.698518e-04 -1.284017e-01 -1.484534e-02 5.731971e-04 9.998896e-01 3.076381e+00
9.999853e-01 5.875230e-05 -5.412472e-03 1.476304e+00 -5.769878e-05 1.000000e+00 1.945883e-04 -1.329892e-01 5.412558e-03 -1.942757e-04 9.999853e-01 3.152909e+00
9.999082e-01 -1.918589e-04 1.354551e-02 1.498526e+00 1.988937e-04 9.999998e-01 -5.179157e-04 -1.373000e-01 -1.354533e-02 5.205597e-04 9.999080e-01 3.212799e+00
9.999430e-01 1.552574e-04 -1.067150e-02 1.491120e+00 -1.513411e-04 9.999999e-01 3.676812e-04 -1.409067e-01 1.067163e-02 -3.660478e-04 9.999429e-01 3.246884e+00
9.999151e-01 -1.428232e-04 1.302874e-02 1.513894e+00 1.494306e-04 9.999999e-01 -5.060738e-04 -1.458004e-01 -1.302859e-02 5.079751e-04 9.999149e-01 3.299715e+00
9.999646e-01 8.429804e-05 -8.408023e-03 1.559440e+00 -8.181997e-05 1.000000e+00 2.949236e-04 -1.512093e-01 8.408123e-03 -2.942278e-04 9.999645e-01 3.382813e+00
9.999255e-01 -1.530831e-04 1.220125e-02 1.562665e+00 1.590265e-04 9.999999e-01 -4.860524e-04 -1.559861e-01 -1.220110e-02 4.879539e-04 9.999254e-01 3.469958e+00
9.999555e-01 1.139753e-04 -9.435404e-03 1.548643e+00 -1.106615e-04 9.999999e-01 3.515987e-04 -1.588656e-01 9.435520e-03 -3.505415e-04 9.999553e-01 3.471112e+00
9.999300e-01 -1.826206e-04 1.183063e-02 1.616967e+00 1.885254e-04 9.999999e-01 -4.978964e-04 -1.636641e-01 -1.183046e-02 5.000893e-04 9.999298e-01 3.494940e+00
9.999537e-01 1.177294e-04 -9.622424e-03 1.789710e+00 -1.139016e-04 9.999999e-01 3.982201e-04 -1.672884e-01 9.622547e-03 -3.971083e-04 9.999535e-01 3.411455e+00
9.999547e-01 -1.029338e-04 9.515953e-03 1.891887e+00 1.069774e-04 9.999999e-01 -4.242921e-04 -1.717874e-01 -9.515832e-03 4.252883e-04 9.999546e-01 3.397559e+00
9.999899e-01 6.341862e-07 -4.482280e-03 1.915229e+00 1.668533e-07 1.000000e+00 1.784268e-04 -1.777188e-01 4.482357e-03 -1.784285e-04 9.999899e-01 3.527757e+00
9.999768e-01 -3.263760e-05 6.807833e-03 1.932189e+00 3.486176e-05 9.999999e-01 -3.264039e-04 -1.835947e-01 -6.807745e-03 3.266309e-04 9.999767e-01 3.647063e+00
9.999645e-01 6.361358e-05 -8.418210e-03 1.914400e+00 -6.087053e-05 9.999999e-01 3.259490e-04 -1.871542e-01 8.418307e-03 -3.254277e-04 9.999644e-01 3.671165e+00
9.999708e-01 -4.758125e-05 7.645417e-03 1.885446e+00 5.009902e-05 9.999999e-01 -3.289629e-04 -1.887307e-01 -7.645324e-03 3.293336e-04 9.999706e-01 3.618485e+00
9.999706e-01 5.091408e-05 -7.663054e-03 1.853810e+00 -4.847685e-05 9.999999e-01 3.180650e-04 -1.897733e-01 7.663147e-03 -3.176869e-04 9.999705e-01 3.543122e+00
9.999778e-01 -2.353023e-05 6.667951e-03 1.842041e+00 2.561489e-05 1.000000e+00 -3.123662e-04 -1.905890e-01 -6.667866e-03 3.125273e-04 9.999776e-01 3.441576e+00
9.999741e-01 3.990636e-05 -7.194766e-03 1.840958e+00 -3.766878e-05 1.000000e+00 3.109568e-04 -1.909360e-01 7.194855e-03 -3.106804e-04 9.999740e-01 3.314121e+00
9.999628e-01 -7.959882e-05 8.624233e-03 1.862494e+00 8.302653e-05 9.999999e-01 -3.969488e-04 -1.930716e-01 -8.624124e-03 3.976474e-04 9.999627e-01 3.250387e+00
9.999679e-01 6.084180e-05 -8.011798e-03 1.898458e+00 -5.813758e-05 9.999999e-01 3.375989e-04 -1.945985e-01 8.011895e-03 -3.371249e-04 9.999678e-01 3.150422e+00
9.999751e-01 -4.669044e-05 7.054838e-03 2.056738e+00 4.923403e-05 9.999999e-01 -3.601945e-04 -1.973756e-01 -7.054744e-03 3.605302e-04 9.999750e-01 3.015417e+00
9.999358e-01 1.845243e-04 -1.132507e-02 2.282529e+00 -1.778068e-04 9.999998e-01 5.940374e-04 -1.989980e-01 1.132526e-02 -5.919883e-04 9.999356e-01 2.815687e+00
9.999293e-01 -2.026848e-04 1.188741e-02 2.412376e+00 2.104491e-04 9.999998e-01 -6.518061e-04 -2.037098e-01 -1.188719e-02 6.542591e-04 9.999290e-01 2.795206e+00
9.999684e-01 1.045022e-04 -7.951645e-03 2.443749e+00 -1.009366e-04 9.999999e-01 4.486370e-04 -2.102645e-01 7.951768e-03 -4.478228e-04 9.999682e-01 2.947760e+00
9.999510e-01 -1.289058e-04 9.897570e-03 2.464827e+00 1.346395e-04 9.999998e-01 -5.785126e-04 -2.147529e-01 -9.897417e-03 5.798142e-04 9.999508e-01 2.993378e+00
9.999447e-01 1.396740e-04 -1.051350e-02 2.480818e+00 -1.337271e-04 9.999998e-01 5.662170e-04 -2.173935e-01 1.051366e-02 -5.647825e-04 9.999445e-01 2.953013e+00
9.999476e-01 -1.371271e-04 1.023642e-02 2.483132e+00 1.431770e-04 9.999998e-01 -5.901634e-04 -2.192612e-01 -1.023626e-02 5.915954e-04 9.999474e-01 2.894924e+00
9.999493e-01 1.324286e-04 -1.006837e-02 2.465717e+00 -1.267042e-04 9.999998e-01 5.690624e-04 -2.198874e-01 1.006852e-02 -5.677605e-04 9.999491e-01 2.795708e+00
9.999445e-01 -1.484633e-04 1.053179e-02 2.455153e+00 1.549652e-04 9.999998e-01 -6.164282e-04 -2.224276e-01 -1.053162e-02 6.180233e-04 9.999443e-01 2.777331e+00
9.999609e-01 8.072893e-05 -8.841155e-03 2.483246e+00 -7.629419e-05 9.999999e-01 5.017879e-04 -2.278525e-01 8.841272e-03 -5.010965e-04 9.999607e-01 2.862182e+00
9.998727e-01 -2.329920e-04 1.595098e-02 2.623479e+00 2.461569e-04 9.999996e-01 -8.232991e-04 -2.346301e-01 -1.595071e-02 8.271180e-04 9.998724e-01 2.975284e+00
9.998913e-01 1.410456e-04 -1.474348e-02 2.689523e+00 -1.304915e-04 9.999997e-01 7.167123e-04 -2.426341e-01 1.474366e-02 -7.147132e-04 9.998910e-01 3.156124e+00
9.998712e-01 -2.245067e-04 1.604980e-02 2.790029e+00 2.381954e-04 9.999996e-01 -8.509022e-04 -2.503092e-01 -1.604953e-02 8.546128e-04 9.998708e-01 3.300527e+00
9.998981e-01 1.618254e-04 -1.427342e-02 2.860697e+00 -1.517138e-04 9.999997e-01 7.094005e-04 -2.567540e-01 1.427361e-02 -7.071656e-04 9.998978e-01 3.403186e+00
9.998491e-01 -2.297741e-04 1.736692e-02 2.912847e+00 2.452556e-04 9.999996e-01 -8.892362e-04 -2.630875e-01 -1.736663e-02 8.933586e-04 9.998487e-01 3.518990e+00
9.999180e-01 1.151102e-04 -1.280384e-02 2.994870e+00 -1.068067e-04 9.999998e-01 6.490916e-04 -2.703793e-01 1.280399e-02 -6.476737e-04 9.999177e-01 3.664982e+00
9.997823e-01 -4.506257e-04 2.085927e-02 3.087681e+00 4.710365e-04 9.999994e-01 -9.735338e-04 -2.805230e-01 -2.085874e-02 9.831444e-04 9.997819e-01 3.983631e+00
9.998751e-01 3.163453e-04 -1.580120e-02 3.147139e+00 -3.049983e-04 9.999997e-01 7.204219e-04 -2.892261e-01 1.580150e-02 -7.155154e-04 9.998748e-01 4.228940e+00
9.998049e-01 -3.624320e-04 1.974983e-02 3.179763e+00 3.809128e-04 9.999995e-01 -9.319223e-04 -2.951384e-01 -1.974940e-02 9.392605e-04 9.998044e-01 4.346380e+00
9.998790e-01 2.907390e-04 -1.554958e-02 3.231847e+00 -2.797116e-04 9.999997e-01 7.112439e-04 -3.015734e-01 1.554987e-02 -7.068114e-04 9.998788e-01 4.469225e+00
9.996899e-01 -4.303291e-04 2.489649e-02 3.290704e+00 4.584573e-04 9.999993e-01 -1.124053e-03 -3.081879e-01 -2.489590e-02 1.135115e-03 9.996893e-01 4.623357e+00
9.996499e-01 4.579454e-04 -2.645553e-02 3.438763e+00 -4.260522e-04 9.999992e-01 1.211105e-03 -3.139238e-01 2.645614e-02 -1.199413e-03 9.996492e-01 4.643607e+00
9.998087e-01 -2.090483e-04 1.955836e-02 3.628875e+00 2.246937e-04 9.999997e-01 -7.976677e-04 -3.188624e-01 -1.955810e-02 8.019068e-04 9.998083e-01 4.612871e+00
9.998154e-01 1.827150e-04 -1.921260e-02 3.712586e+00 -1.688059e-04 9.999997e-01 7.254988e-04 -3.264606e-01 1.921281e-02 -7.221246e-04 9.998151e-01 4.755937e+00
9.998090e-01 -2.110055e-04 1.954155e-02 3.762938e+00 2.268093e-04 9.999996e-01 -8.064429e-04 -3.332961e-01 -1.954130e-02 8.107182e-04 9.998086e-01 4.890811e+00
9.998226e-01 1.888948e-04 -1.883530e-02 3.817273e+00 -1.755652e-04 9.999997e-01 7.092598e-04 -3.395505e-01 1.883551e-02 -7.058300e-04 9.998223e-01 4.994939e+00
9.998208e-01 -1.850055e-04 1.892908e-02 3.843835e+00 1.994124e-04 9.999997e-01 -7.591362e-04 -3.428345e-01 -1.892886e-02 7.627719e-04 9.998205e-01 4.983301e+00
9.998126e-01 2.009560e-04 -1.935448e-02 3.870158e+00 -1.867765e-04 9.999997e-01 7.343459e-04 -3.453542e-01 1.935470e-02 -7.305963e-04 9.998123e-01 4.933483e+00
9.998135e-01 -2.023735e-04 1.930955e-02 3.891776e+00 2.174908e-04 9.999997e-01 -7.807240e-04 -3.494461e-01 -1.930930e-02 7.847751e-04 9.998132e-01 4.959663e+00
9.998283e-01 1.767966e-04 -1.852881e-02 3.910910e+00 -1.640258e-04 9.999997e-01 6.906748e-04 -3.542712e-01 1.852900e-02 -6.875200e-04 9.998280e-01 5.028655e+00
9.998118e-01 -1.938997e-04 1.939949e-02 3.922763e+00 2.092326e-04 9.999997e-01 -7.882802e-04 -3.587567e-01 -1.939925e-02 7.921879e-04 9.998114e-01 5.089337e+00
9.998167e-01 1.585013e-04 -1.914412e-02 3.951788e+00 -1.446379e-04 9.999997e-01 7.254616e-04 -3.645031e-01 1.914431e-02 -7.225626e-04 9.998164e-01 5.188009e+00
9.998018e-01 -1.568827e-04 1.990798e-02 3.985368e+00 1.732132e-04 9.999996e-01 -8.185041e-04 -3.692911e-01 -1.990777e-02 8.217872e-04 9.998014e-01 5.238434e+00
9.997831e-01 1.970940e-04 -2.082581e-02 4.025105e+00 -1.801622e-04 9.999997e-01 8.148194e-04 -3.707702e-01 2.082605e-02 -8.108936e-04 9.997827e-01 5.127783e+00
9.997948e-01 -1.792374e-04 2.025522e-02 4.057806e+00 1.962590e-04 9.999996e-01 -8.382989e-04 -3.737810e-01 -2.025499e-02 8.420992e-04 9.997944e-01 5.095550e+00
9.998148e-01 1.574199e-04 -1.924300e-02 4.082084e+00 -1.429260e-04 9.999997e-01 7.544952e-04 -3.781748e-01 1.924319e-02 -7.516081e-04 9.998145e-01 5.130266e+00
9.997507e-01 -1.791675e-04 2.232786e-02 4.123727e+00 2.002418e-04 9.999995e-01 -9.415584e-04 -3.835587e-01 -2.232760e-02 9.457916e-04 9.997502e-01 5.206660e+00
9.997085e-01 2.400831e-04 -2.414224e-02 4.176278e+00 -2.172947e-04 9.999995e-01 9.464716e-04 -3.868355e-01 2.414254e-02 -9.409527e-04 9.997080e-01 5.159736e+00
9.997869e-01 -1.522455e-04 2.064328e-02 4.216992e+00 1.704678e-04 9.999996e-01 -8.808966e-04 -3.893639e-01 -2.064306e-02 8.842249e-04 9.997864e-01 5.081484e+00
9.996986e-01 2.561184e-04 -2.454914e-02 4.282247e+00 -2.324698e-04 9.999995e-01 9.661010e-04 -3.903953e-01 2.454946e-02 -9.601059e-04 9.996981e-01 4.928258e+00
9.997467e-01 -1.821909e-04 2.250409e-02 4.312324e+00 2.032989e-04 9.999995e-01 -9.356164e-04 -3.919983e-01 -2.250382e-02 9.399515e-04 9.997462e-01 4.823096e+00
9.997177e-01 2.362197e-04 -2.375620e-02 4.319304e+00 -2.139371e-04 9.999995e-01 9.404384e-04 -3.935323e-01 2.375649e-02 -9.350936e-04 9.997173e-01 4.740690e+00
9.996709e-01 -2.317871e-04 2.564965e-02 4.338711e+00 2.578287e-04 9.999995e-01 -1.011923e-03 -3.966963e-01 -2.564932e-02 1.018200e-03 9.996704e-01 4.709177e+00
9.998630e-01 9.090780e-05 -1.655363e-02 4.371858e+00 -8.051146e-05 9.999998e-01 6.286102e-04 -4.021830e-01 1.655376e-02 -6.271944e-04 9.998627e-01 4.828145e+00
9.998247e-01 -1.339761e-04 1.872035e-02 4.369514e+00 1.483063e-04 9.999997e-01 -7.640230e-04 -4.067893e-01 -1.872017e-02 7.666624e-04 9.998244e-01 4.912384e+00
9.998855e-01 6.956025e-05 -1.513104e-02 4.402912e+00 -6.086971e-05 9.999998e-01 5.747055e-04 -4.131390e-01 1.513116e-02 -5.737217e-04 9.998853e-01 5.047344e+00
9.998431e-01 -1.084193e-04 1.770946e-02 4.447635e+00 1.215440e-04 9.999997e-01 -7.399502e-04 -4.198021e-01 -1.770929e-02 7.419836e-04 9.998428e-01 5.186695e+00
9.999558e-01 -2.126217e-05 -9.402816e-03 4.498446e+00 2.474210e-05 9.999999e-01 3.698058e-04 -4.261263e-01 9.402888e-03 -3.700252e-04 9.999556e-01 5.325619e+00
9.999093e-01 -1.621577e-05 1.346887e-02 4.503879e+00 2.404828e-05 9.999998e-01 -5.812488e-04 -4.306757e-01 -1.346878e-02 5.815168e-04 9.999090e-01 5.401496e+00
9.999287e-01 -3.209739e-05 -1.193999e-02 4.495670e+00 3.776686e-05 9.999999e-01 4.744657e-04 -4.348993e-01 1.194006e-02 -4.748860e-04 9.999285e-01 5.468005e+00
9.998366e-01 -5.531853e-05 1.807786e-02 4.545618e+00 6.936163e-05 9.999997e-01 -7.760982e-04 -4.411095e-01 -1.807773e-02 7.772221e-04 9.998362e-01 5.591212e+00
9.999256e-01 -1.132739e-05 -1.219674e-02 4.594561e+00 1.725655e-05 9.999999e-01 4.858819e-04 -4.472004e-01 1.219682e-02 -4.860594e-04 9.999254e-01 5.710397e+00
9.998983e-01 -1.379673e-05 1.425875e-02 4.611975e+00 2.262433e-05 9.999998e-01 -6.188254e-04 -4.515435e-01 -1.425865e-02 6.190819e-04 9.998981e-01 5.755398e+00
9.999085e-01 8.537837e-06 -1.352931e-02 4.636345e+00 -1.097568e-06 9.999998e-01 5.498170e-04 -4.543245e-01 1.352939e-02 -5.497550e-04 9.999082e-01 5.718277e+00
9.999015e-01 -1.569962e-05 1.403699e-02 4.663644e+00 2.418550e-05 9.999998e-01 -6.042507e-04 -4.566638e-01 -1.403690e-02 6.045275e-04 9.999012e-01 5.657758e+00
9.999198e-01 -5.074982e-07 -1.266433e-02 4.696591e+00 7.015110e-06 9.999999e-01 5.136723e-04 -4.600424e-01 1.266441e-02 -5.137232e-04 9.999196e-01 5.635870e+00
9.999018e-01 -1.146150e-05 1.401160e-02 4.754697e+00 2.005230e-05 9.999998e-01 -6.128627e-04 -4.624155e-01 -1.401151e-02 6.130803e-04 9.999016e-01 5.553187e+00
9.998929e-01 4.966044e-05 -1.463278e-02 4.902977e+00 -4.123191e-05 9.999998e-01 5.761851e-04 -4.628475e-01 1.463289e-02 -5.755233e-04 9.998927e-01 5.316715e+00
9.998935e-01 -2.703406e-05 1.459070e-02 5.024119e+00 3.615947e-05 9.999998e-01 -6.250499e-04 -4.637916e-01 -1.459060e-02 6.255077e-04 9.998933e-01 5.122164e+00
9.999064e-01 1.596583e-05 -1.367724e-02 5.074871e+00 -8.353628e-06 9.999998e-01 5.564884e-04 -4.658029e-01 1.367733e-02 -5.563253e-04 9.999062e-01 5.028506e+00
9.998908e-01 -3.752736e-05 1.477335e-02 5.129135e+00 4.709988e-05 9.999998e-01 -6.474984e-04 -4.691515e-01 -1.477324e-02 6.481203e-04 9.998906e-01 4.994680e+00
9.999084e-01 1.683193e-05 -1.353306e-02 5.155072e+00 -9.328530e-06 9.999998e-01 5.543828e-04 -4.725774e-01 1.353314e-02 -5.542090e-04 9.999082e-01 4.987166e+00
9.998967e-01 -4.029590e-05 1.437403e-02 5.223060e+00 4.960087e-05 9.999998e-01 -6.468740e-04 -4.773375e-01 -1.437392e-02 6.475169e-04 9.998964e-01 5.006464e+00
9.998933e-01 4.541312e-05 -1.460388e-02 5.323350e+00 -3.677254e-05 9.999998e-01 5.918101e-04 -4.812427e-01 1.460399e-02 -5.912132e-04 9.998931e-01 4.963831e+00
9.999020e-01 -2.711199e-05 1.399912e-02 5.440943e+00 3.594587e-05 9.999998e-01 -6.306604e-04 -4.844680e-01 -1.399902e-02 6.310986e-04 9.999017e-01 4.875328e+00
9.998895e-01 4.551380e-05 -1.486435e-02 5.569609e+00 -3.645945e-05 9.999998e-01 6.092826e-04 -4.887731e-01 1.486446e-02 -6.086766e-04 9.998893e-01 4.829524e+00
9.999175e-01 2.544049e-05 1.284274e-02 5.681609e+00 -1.837265e-05 9.999998e-01 -5.503249e-04 -4.942854e-01 -1.284267e-02 5.500403e-04 9.999173e-01 4.847297e+00
9.999088e-01 -4.819179e-06 -1.350645e-02 5.790508e+00 1.160392e-05 9.999999e-01 5.021251e-04 -4.989986e-01 1.350652e-02 -5.022392e-04 9.999086e-01 4.834230e+00
9.999170e-01 2.493271e-05 1.288363e-02 5.863332e+00 -1.815577e-05 9.999999e-01 -5.259983e-04 -5.022069e-01 -1.288356e-02 5.257175e-04 9.999168e-01 4.777930e+00
9.999102e-01 -1.859630e-05 -1.340146e-02 5.903150e+00 2.523294e-05 9.999999e-01 4.949175e-04 -5.066148e-01 1.340153e-02 -4.952145e-04 9.999100e-01 4.801150e+00
9.999115e-01 1.831166e-05 1.330356e-02 5.945655e+00 -1.094866e-05 9.999998e-01 -5.534083e-04 -5.118159e-01 -1.330348e-02 5.532104e-04 9.999113e-01 4.861150e+00
9.999127e-01 -4.960581e-05 -1.320993e-02 5.999195e+00 5.599310e-05 9.999999e-01 4.830187e-04 -5.185283e-01 1.320998e-02 -4.837194e-04 9.999125e-01 4.982120e+00
9.999091e-01 3.693057e-05 1.348510e-02 6.046176e+00 -2.928292e-05 9.999998e-01 -5.671907e-04 -5.251143e-01 -1.348504e-02 5.667410e-04 9.999088e-01 5.106749e+00
9.999118e-01 -4.662121e-05 -1.327583e-02 6.089152e+00 5.321082e-05 9.999999e-01 4.958746e-04 -5.306843e-01 1.327589e-02 -4.965405e-04 9.999117e-01 5.182167e+00
9.998989e-01 4.143936e-06 1.421783e-02 6.126216e+00 4.349474e-06 9.999998e-01 -5.972277e-04 -5.371759e-01 -1.421774e-02 5.972258e-04 9.998987e-01 5.315095e+00
9.998878e-01 1.067559e-05 -1.497985e-02 6.153060e+00 -2.352879e-06 9.999998e-01 5.554919e-04 -5.433248e-01 1.497993e-02 -5.553976e-04 9.998876e-01 5.427215e+00
9.999241e-01 4.124397e-05 1.232170e-02 6.179025e+00 -3.490605e-05 9.999999e-01 -5.144477e-04 -5.474547e-01 -1.232164e-02 5.139753e-04 9.999239e-01 5.440421e+00
9.999105e-01 -1.369509e-05 -1.337355e-02 6.210267e+00 2.049594e-05 9.999999e-01 5.082601e-04 -5.508502e-01 1.337363e-02 -5.084920e-04 9.999104e-01 5.418744e+00
9.999181e-01 3.639378e-05 1.279570e-02 6.240207e+00 -2.963475e-05 9.999999e-01 -5.282841e-04 -5.531616e-01 -1.279564e-02 5.278583e-04 9.999179e-01 5.355636e+00
9.999126e-01 -2.699752e-05 -1.321549e-02 6.252830e+00 3.375021e-05 9.999999e-01 5.106112e-04 -5.562770e-01 1.321555e-02 -5.110159e-04 9.999125e-01 5.337789e+00
9.999168e-01 3.687886e-05 1.289828e-02 6.277578e+00 -2.977873e-05 9.999998e-01 -5.505323e-04 -5.604065e-01 -1.289822e-02 5.500991e-04 9.999166e-01 5.356030e+00
9.999080e-01 -6.953097e-05 -1.355950e-02 6.323383e+00 7.658101e-05 9.999999e-01 5.192842e-04 -5.675219e-01 1.355955e-02 -5.202781e-04 9.999079e-01 5.496998e+00
9.999152e-01 7.785045e-05 1.301787e-02 6.381177e+00 -7.041575e-05 9.999998e-01 -5.714430e-04 -5.742053e-01 -1.301783e-02 5.704746e-04 9.999150e-01 5.610787e+00
9.999014e-01 -5.090274e-05 -1.404430e-02 6.414292e+00 5.879523e-05 9.999998e-01 5.614321e-04 -5.774527e-01 1.404435e-02 -5.622058e-04 9.999011e-01 5.583962e+00
9.998928e-01 1.547504e-05 1.463921e-02 6.439238e+00 -6.247555e-06 9.999998e-01 -6.302572e-04 -5.825983e-01 -1.463914e-02 6.300949e-04 9.998926e-01 5.649856e+00
9.999276e-01 -1.176318e-04 -1.203332e-02 6.518868e+00 1.231621e-04 9.999999e-01 4.586978e-04 -5.906427e-01 1.203335e-02 -4.601499e-04 9.999274e-01 5.832124e+00
9.999037e-01 3.856828e-05 1.387627e-02 6.609686e+00 -3.006284e-05 9.999998e-01 -6.130336e-04 -5.985859e-01 -1.387621e-02 6.125541e-04 9.999035e-01 5.995020e+00
9.999284e-01 -8.982698e-05 -1.196681e-02 6.670290e+00 9.535622e-05 9.999999e-01 4.613271e-04 -6.058115e-01 1.196685e-02 -4.624385e-04 9.999282e-01 6.145567e+00
9.999061e-01 6.082791e-05 1.370543e-02 6.709322e+00 -5.269755e-05 9.999998e-01 -5.934555e-04 -6.127233e-01 -1.370538e-02 5.926741e-04 9.999058e-01 6.293945e+00
9.998837e-01 -4.908997e-05 -1.525022e-02 6.730273e+00 5.809169e-05 9.999998e-01 5.897061e-04 -6.189011e-01 1.525027e-02 -5.905268e-04 9.998835e-01 6.405095e+00
9.998386e-01 6.173597e-06 1.796366e-02 6.752428e+00 7.397413e-06 9.999997e-01 -7.553073e-04 -6.250774e-01 -1.796358e-02 7.553149e-04 9.998383e-01 6.539013e+00
9.998291e-01 -6.879209e-06 -1.848827e-02 6.769292e+00 2.005186e-05 9.999997e-01 7.122014e-04 -6.314028e-01 1.848835e-02 -7.124538e-04 9.998287e-01 6.664643e+00
9.998028e-01 -1.189361e-05 1.985649e-02 6.791671e+00 2.812966e-05 9.999997e-01 -8.173031e-04 -6.377389e-01 -1.985640e-02 8.176971e-04 9.998024e-01 6.797002e+00
9.998360e-01 -2.207388e-05 -1.810693e-02 6.796694e+00 3.465734e-05 9.999998e-01 6.945358e-04 -6.433730e-01 1.810699e-02 -6.950528e-04 9.998357e-01 6.919071e+00
9.997644e-01 -4.067765e-05 2.170558e-02 6.819640e+00 5.987433e-05 9.999996e-01 -8.836826e-04 -6.496487e-01 -2.170546e-02 8.847706e-04 9.997639e-01 7.061858e+00
9.999702e-01 -2.234296e-04 -7.718694e-03 6.868711e+00 2.259407e-04 9.999999e-01 3.242184e-04 -6.553092e-01 7.718704e-03 -3.259561e-04 9.999701e-01 7.200947e+00
9.996692e-01 -1.613864e-04 2.571922e-02 6.919478e+00 1.870170e-04 9.999995e-01 -9.940799e-04 -6.603837e-01 -2.571897e-02 9.985574e-04 9.996686e-01 7.325237e+00
9.999128e-01 -8.213870e-05 -1.320081e-02 6.961691e+00 8.887287e-05 9.999999e-01 5.093924e-04 -6.658319e-01 1.320085e-02 -5.105248e-04 9.999127e-01 7.447289e+00
9.996505e-01 -1.491190e-04 2.643650e-02 7.007772e+00 1.767710e-04 9.999994e-01 -1.043572e-03 -6.713702e-01 -2.643624e-02 1.047876e-03 9.996499e-01 7.575504e+00
9.999369e-01 -1.487748e-04 -1.123201e-02 7.055563e+00 1.540625e-04 9.999999e-01 4.697213e-04 -6.765496e-01 1.123203e-02 -4.714257e-04 9.999367e-01 7.690550e+00
9.998767e-01 7.779748e-05 1.570237e-02 7.076329e+00 -6.706680e-05 9.999998e-01 -6.837730e-04 -6.822740e-01 -1.570234e-02 6.826319e-04 9.998764e-01 7.805243e+00
9.999623e-01 -1.670887e-04 -8.682601e-03 7.100117e+00 1.703205e-04 9.999999e-01 3.712230e-04 -6.873611e-01 8.682625e-03 -3.726914e-04 9.999622e-01 7.903361e+00
9.998447e-01 -3.519411e-06 1.761973e-02 7.135197e+00 1.660905e-05 9.999997e-01 -7.426298e-04 -6.930971e-01 -1.761963e-02 7.428034e-04 9.998444e-01 8.031325e+00
9.999096e-01 -6.681119e-05 -1.344040e-02 7.151274e+00 7.385511e-05 9.999999e-01 5.234224e-04 -6.988368e-01 1.344045e-02 -5.243714e-04 9.999095e-01 8.160677e+00
9.998869e-01 1.065887e-05 1.503825e-02 7.145624e+00 -1.053174e-06 9.999998e-01 -6.386152e-04 -7.040786e-01 -1.503816e-02 6.385234e-04 9.998866e-01 8.278319e+00
9.999350e-01 -5.448893e-05 -1.140227e-02 7.148051e+00 5.959333e-05 9.999999e-01 4.471258e-04 -7.089398e-01 1.140234e-02 -4.477799e-04 9.999348e-01 8.371329e+00
9.998519e-01 -2.724716e-05 1.720602e-02 7.166597e+00 3.979013e-05 9.999997e-01 -7.285173e-04 -7.144953e-01 -1.720590e-02 7.290904e-04 9.998516e-01 8.493720e+00
9.998951e-01 -1.669816e-05 -1.448194e-02 7.173103e+00 2.491517e-05 9.999998e-01 5.670559e-04 -7.200142e-01 1.448202e-02 -5.673610e-04 9.998949e-01 8.613976e+00
9.999172e-01 3.231918e-05 1.286515e-02 7.173079e+00 -2.483106e-05 9.999998e-01 -5.820327e-04 -7.254952e-01 -1.286508e-02 5.816613e-04 9.999170e-01 8.710111e+00
9.998778e-01 4.103060e-05 -1.562803e-02 7.191404e+00 -3.083520e-05 9.999998e-01 6.524705e-04 -7.313273e-01 1.562814e-02 -6.519127e-04 9.998776e-01 8.801280e+00
9.997598e-01 -1.428674e-04 2.191720e-02 7.218095e+00 1.632712e-04 9.999996e-01 -9.290616e-04 -7.369612e-01 -2.191696e-02 9.324130e-04 9.997593e-01 8.918919e+00
9.996892e-01 2.123840e-04 -2.492891e-02 7.228762e+00 -1.879767e-04 9.999995e-01 9.813216e-04 -7.425762e-01 2.492920e-02 -9.763343e-04 9.996887e-01 9.005022e+00
9.997747e-01 -1.301601e-04 2.122240e-02 7.221091e+00 1.490291e-04 9.999996e-01 -8.874243e-04 -7.466887e-01 -2.122219e-02 8.903834e-04 9.997743e-01 9.038324e+00
9.996909e-01 2.258911e-04 -2.486013e-02 7.214230e+00 -2.021751e-04 9.999995e-01 9.563924e-04 -7.509339e-01 2.486042e-02 -9.510744e-04 9.996904e-01 9.073459e+00
9.998595e-01 -4.302382e-05 1.675986e-02 7.227667e+00 5.400457e-05 9.999998e-01 -6.546004e-04 -7.558770e-01 -1.675974e-02 6.554098e-04 9.998593e-01 9.121462e+00
9.998181e-01 8.398112e-05 -1.907305e-02 7.216607e+00 -7.115651e-05 9.999998e-01 6.729519e-04 -7.604058e-01 1.907319e-02 -6.714761e-04 9.998178e-01 9.179881e+00
9.998524e-01 -4.882226e-05 1.717663e-02 7.206038e+00 6.022875e-05 9.999998e-01 -6.634282e-04 -7.646034e-01 -1.717651e-02 6.643611e-04 9.998522e-01 9.226295e+00
9.997823e-01 1.324522e-04 -2.086273e-02 7.198368e+00 -1.169384e-04 9.999997e-01 7.447195e-04 -7.684916e-01 2.086291e-02 -7.421215e-04 9.997820e-01 9.248713e+00
9.997986e-01 -1.041615e-04 2.006724e-02 7.175473e+00 1.193112e-04 9.999997e-01 -7.536440e-04 -7.711942e-01 -2.006707e-02 7.558827e-04 9.997983e-01 9.238425e+00
9.998336e-01 8.950070e-05 -1.824057e-02 7.163720e+00 -7.779286e-05 9.999998e-01 6.424407e-04 -7.749284e-01 1.824071e-02 -6.409186e-04 9.998333e-01 9.278362e+00
9.997523e-01 -3.127832e-04 2.225264e-02 7.213576e+00 3.312116e-04 9.999996e-01 -8.243634e-04 -7.838808e-01 -2.225229e-02 8.315257e-04 9.997520e-01 9.540176e+00
9.997822e-01 2.889891e-04 -2.086688e-02 7.253890e+00 -2.745546e-04 9.999997e-01 6.944944e-04 -7.914116e-01 2.086716e-02 -6.886178e-04 9.997819e-01 9.715724e+00
9.998133e-01 -2.301240e-04 1.932248e-02 7.229479e+00 2.428712e-04 9.999998e-01 -6.572538e-04 -7.924996e-01 -1.932224e-02 6.618202e-04 9.998130e-01 9.626403e+00
9.998128e-01 2.102371e-04 -1.934463e-02 7.204848e+00 -1.982275e-04 9.999998e-01 6.226242e-04 -7.959755e-01 1.934484e-02 -6.186768e-04 9.998126e-01 9.667050e+00
9.997630e-01 -2.524345e-04 2.176916e-02 7.205165e+00 2.688694e-04 9.999997e-01 -7.519399e-04 -8.007011e-01 -2.176887e-02 7.576110e-04 9.997627e-01 9.745987e+00
9.998413e-01 1.807270e-04 -1.781383e-02 7.216768e+00 -1.708984e-04 9.999998e-01 5.531277e-04 -8.064459e-01 1.781401e-02 -5.499993e-04 9.998411e-01 9.879319e+00
9.998233e-01 -2.268705e-04 1.879666e-02 7.203573e+00 2.390410e-04 9.999998e-01 -6.451209e-04 -8.110985e-01 -1.879642e-02 6.494963e-04 9.998230e-01 9.975581e+00
9.998601e-01 1.568797e-04 -1.672594e-02 7.209265e+00 -1.482340e-04 9.999999e-01 5.180061e-04 -8.168655e-01 1.672611e-02 -5.154581e-04 9.998599e-01 1.010842e+01
9.998270e-01 -2.195864e-04 1.859511e-02 7.213851e+00 2.315914e-04 9.999998e-01 -6.433293e-04 -8.226770e-01 -1.859487e-02 6.475207e-04 9.998268e-01 1.024694e+01
9.998243e-01 1.715003e-04 -1.874423e-02 7.197729e+00 -1.602691e-04 9.999998e-01 6.005571e-04 -8.276810e-01 1.874442e-02 -5.974512e-04 9.998241e-01 1.035723e+01
9.998474e-01 -1.727064e-04 1.746892e-02 7.191479e+00 1.834171e-04 9.999998e-01 -6.114019e-04 -8.333027e-01 -1.746873e-02 6.145088e-04 9.998471e-01 1.047360e+01
9.997793e-01 2.051214e-04 -2.100479e-02 7.185298e+00 -1.906666e-04 9.999997e-01 6.900555e-04 -8.389079e-01 2.100502e-02 -6.859021e-04 9.997791e-01 1.057608e+01
9.998117e-01 -2.191922e-04 1.940082e-02 7.183764e+00 2.324847e-04 9.999997e-01 -6.827836e-04 -8.451811e-01 -1.940058e-02 6.871616e-04 9.998115e-01 1.071728e+01
9.997995e-01 2.183613e-04 -2.002329e-02 7.180350e+00 -2.053426e-04 9.999998e-01 6.521106e-04 -8.498305e-01 2.002352e-02 -6.478720e-04 9.997992e-01 1.079414e+01
9.998112e-01 -2.106835e-04 1.943042e-02 7.160714e+00 2.237326e-04 9.999998e-01 -6.692954e-04 -8.531774e-01 -1.943018e-02 6.735124e-04 9.998109e-01 1.082147e+01
9.998354e-01 1.168974e-04 -1.813858e-02 7.217640e+00 -1.066641e-04 9.999998e-01 5.650087e-04 -8.607365e-01 1.813873e-02 -5.629848e-04 9.998352e-01 1.098862e+01
9.997906e-01 -2.068473e-04 2.045911e-02 7.289160e+00 2.215529e-04 9.999997e-01 -7.164076e-04 -8.690532e-01 -2.045887e-02 7.207866e-04 9.997904e-01 1.118598e+01
9.997834e-01 2.022533e-04 -2.081048e-02 7.304283e+00 -1.883740e-04 9.999998e-01 6.687826e-04 -8.743669e-01 2.081070e-02 -6.647215e-04 9.997831e-01 1.127975e+01
9.998125e-01 -1.608792e-04 1.936153e-02 7.361318e+00 1.739303e-04 9.999998e-01 -6.722766e-04 -8.778910e-01 -1.936133e-02 6.755142e-04 9.998122e-01 1.124770e+01
9.997778e-01 2.311741e-04 -2.107811e-02 7.488385e+00 -2.161156e-04 9.999997e-01 7.165782e-04 -8.817739e-01 2.107836e-02 -7.118675e-04 9.997775e-01 1.118317e+01
9.997819e-01 -2.249959e-04 2.087987e-02 7.542288e+00 2.411086e-04 9.999997e-01 -7.690689e-04 -8.866406e-01 -2.087961e-02 7.739316e-04 9.997816e-01 1.121820e+01
9.997541e-01 2.776904e-04 -2.217222e-02 7.628137e+00 -2.609664e-04 9.999997e-01 7.570615e-04 -8.900941e-01 2.217251e-02 -7.510930e-04 9.997538e-01 1.116039e+01
9.998050e-01 -2.197773e-04 1.974472e-02 7.787535e+00 2.340695e-04 9.999997e-01 -7.214280e-04 -8.909468e-01 -1.974447e-02 7.259051e-04 9.998047e-01 1.093778e+01
9.997608e-01 2.948746e-04 -2.186620e-02 7.975033e+00 -2.785210e-04 9.999997e-01 7.508265e-04 -8.898004e-01 2.186651e-02 -7.445606e-04 9.997605e-01 1.060436e+01
9.998006e-01 -2.400437e-04 1.996859e-02 8.211563e+00 2.545404e-04 9.999997e-01 -7.233248e-04 -8.871116e-01 -1.996832e-02 7.282595e-04 9.998003e-01 1.017672e+01
9.997640e-01 3.107696e-04 -2.172111e-02 8.472653e+00 -2.949247e-04 9.999997e-01 7.325632e-04 -8.826569e-01 2.172142e-02 -7.259880e-04 9.997637e-01 9.651061e+00
9.998075e-01 -2.016725e-04 1.961991e-02 8.727168e+00 2.156277e-04 9.999997e-01 -7.090506e-04 -8.768894e-01 -1.961967e-02 7.131409e-04 9.998072e-01 9.063610e+00
9.997568e-01 3.304544e-04 -2.205139e-02 8.974812e+00 -3.141237e-04 9.999997e-01 7.439298e-04 -8.705363e-01 2.205171e-02 -7.368258e-04 9.997565e-01 8.451094e+00
9.998417e-01 -2.139898e-04 1.779083e-02 9.214398e+00 2.240135e-04 9.999998e-01 -5.613059e-04 -8.677735e-01 -1.779062e-02 5.651986e-04 9.998415e-01 8.020976e+00
9.997886e-01 2.759435e-04 -2.055922e-02 9.517255e+00 -2.628289e-04 9.999998e-01 6.404821e-04 -8.617778e-01 2.055948e-02 -6.349469e-04 9.997884e-01 7.407419e+00
9.998146e-01 -2.195861e-04 1.925082e-02 9.748419e+00 2.322418e-04 9.999998e-01 -6.550643e-04 -8.588913e-01 -1.925059e-02 6.594098e-04 9.998144e-01 6.971104e+00
9.997891e-01 2.770627e-04 -2.053425e-02 9.970917e+00 -2.639609e-04 9.999998e-01 6.406428e-04 -8.563124e-01 2.053451e-02 -6.350912e-04 9.997889e-01 6.551879e+00
9.998107e-01 -2.536646e-04 1.945311e-02 1.019803e+01 2.666767e-04 9.999997e-01 -6.661934e-04 -8.548596e-01 -1.945285e-02 6.712511e-04 9.998105e-01 6.189992e+00
9.997818e-01 2.982055e-04 -2.088532e-02 1.040618e+01 -2.842642e-04 9.999997e-01 6.703734e-04 -8.544771e-01 2.088560e-02 -6.642940e-04 9.997816e-01 5.884692e+00
9.998124e-01 -2.158941e-04 1.936826e-02 1.058143e+01 2.288155e-04 9.999998e-01 -6.648173e-04 -8.532489e-01 -1.936802e-02 6.691205e-04 9.998121e-01 5.552100e+00
9.997951e-01 2.603737e-04 -2.023839e-02 1.072704e+01 -2.474668e-04 9.999998e-01 6.401290e-04 -8.533508e-01 2.023864e-02 -6.349934e-04 9.997949e-01 5.300872e+00
9.999480e-01 1.765474e-05 1.019119e-02 1.093224e+01 -1.519620e-05 1.000000e+00 -2.411088e-04 -8.517532e-01 -1.019111e-02 2.409376e-04 9.999480e-01 4.946452e+00
9.997658e-01 2.689028e-04 -2.163959e-02 1.119854e+01 -2.509150e-04 9.999996e-01 8.338531e-04 -8.492757e-01 2.163990e-02 -8.282318e-04 9.997654e-01 4.550642e+00
9.998280e-01 -2.624348e-04 1.854106e-02 1.150129e+01 2.754060e-04 9.999997e-01 -6.969345e-04 -8.467672e-01 -1.854079e-02 7.019172e-04 9.998278e-01 4.111084e+00
9.997472e-01 3.354261e-04 -2.248169e-02 1.182809e+01 -3.151846e-04 9.999995e-01 9.037948e-04 -8.425581e-01 2.248207e-02 -8.964841e-04 9.997468e-01 3.586523e+00
9.998186e-01 -2.406707e-04 1.904266e-02 1.212603e+01 2.540985e-04 9.999997e-01 -7.026249e-04 -8.423481e-01 -1.904240e-02 7.073324e-04 9.998183e-01 3.272015e+00
9.997773e-01 3.080366e-04 -2.109847e-02 1.237325e+01 -2.904489e-04 9.999996e-01 8.365562e-04 -8.448728e-01 2.109881e-02 -8.302456e-04 9.997770e-01 3.108741e+00
9.997976e-01 -3.390241e-04 2.011256e-02 1.264479e+01 3.538287e-04 9.999997e-01 -7.324309e-04 -8.495862e-01 -2.011222e-02 7.393954e-04 9.997974e-01 3.042994e+00
9.997583e-01 3.512400e-04 -2.198292e-02 1.297316e+01 -3.306482e-04 9.999995e-01 9.402506e-04 -8.551514e-01 2.198332e-02 -9.327584e-04 9.997578e-01 2.992997e+00
9.998803e-01 -3.753410e-04 1.546539e-02 1.319007e+01 3.808889e-04 9.999999e-01 -3.556602e-04 -8.668271e-01 -1.546517e-02 3.615046e-04 9.998803e-01 3.281620e+00
9.999014e-01 2.014230e-04 -1.404127e-02 1.341413e+01 -1.966198e-04 9.999999e-01 3.433151e-04 -8.757516e-01 1.404143e-02 -3.405241e-04 9.999013e-01 3.445084e+00
9.999206e-01 -2.023227e-04 1.259720e-02 1.375659e+01 2.034473e-04 1.000000e+00 -8.783684e-05 -8.826922e-01 -1.259710e-02 9.038905e-05 9.999206e-01 3.469904e+00
9.998718e-01 2.440620e-04 -1.600819e-02 1.401905e+01 -2.373354e-04 9.999999e-01 4.219676e-04 -8.918344e-01 1.600837e-02 -4.181178e-04 9.998717e-01 3.628116e+00
9.998952e-01 -3.975063e-04 1.447345e-02 1.416204e+01 4.019326e-04 9.999999e-01 -3.027785e-04 -9.020146e-01 -1.447324e-02 3.085605e-04 9.998951e-01 3.870754e+00
9.998717e-01 3.003474e-04 -1.601225e-02 1.432295e+01 -2.930558e-04 9.999999e-01 4.575937e-04 -9.117797e-01 1.601247e-02 -4.528461e-04 9.998716e-01 4.086611e+00
9.999471e-01 -2.679285e-04 1.028394e-02 1.445958e+01 2.683570e-04 1.000000e+00 -4.009535e-05 -9.224037e-01 -1.028385e-02 4.284938e-05 9.999470e-01 4.348269e+00
9.998997e-01 3.038743e-04 -1.415566e-02 1.460577e+01 -2.995478e-04 9.999999e-01 3.076145e-04 -9.316978e-01 1.415584e-02 -3.033469e-04 9.998997e-01 4.546447e+00
9.998565e-01 -3.882294e-04 1.693539e-02 1.476426e+01 3.957376e-04 9.999998e-01 -4.398833e-04 -9.393338e-01 -1.693514e-02 4.465185e-04 9.998564e-01 4.682280e+00
9.998948e-01 2.906888e-04 -1.449988e-02 1.496151e+01 -2.853647e-04 9.999999e-01 3.691162e-04 -9.465807e-01 1.450007e-02 -3.649433e-04 9.998947e-01 4.779502e+00
9.999400e-01 -2.309608e-04 1.095121e-02 1.520191e+01 2.316914e-04 1.000000e+00 -6.527257e-05 -9.543288e-01 -1.095112e-02 6.780235e-05 9.999400e-01 4.865993e+00
9.999221e-01 2.312845e-04 -1.247724e-02 1.539698e+01 -2.286215e-04 1.000000e+00 2.146954e-04 -9.626704e-01 1.247737e-02 -2.118297e-04 9.999221e-01 5.010968e+00
9.997409e-01 -6.241492e-04 2.275177e-02 1.566073e+01 6.368308e-04 9.999996e-01 -5.500656e-04 -9.718081e-01 -2.275133e-02 5.644085e-04 9.997409e-01 5.223461e+00
9.999319e-01 2.359398e-04 -1.166444e-02 1.596755e+01 -2.330750e-04 9.999999e-01 2.467836e-04 -9.816467e-01 1.166458e-02 -2.440517e-04 9.999319e-01 5.457175e+00
9.997922e-01 -6.172388e-04 2.037706e-02 1.619823e+01 6.279605e-04 9.999997e-01 -5.196722e-04 -9.919603e-01 -2.037665e-02 5.323565e-04 9.997922e-01 5.737298e+00
9.999087e-01 2.430459e-04 -1.350837e-02 1.641133e+01 -2.386619e-04 9.999999e-01 3.259906e-04 -1.002712e+00 1.350853e-02 -3.227406e-04 9.999086e-01 6.032895e+00
9.999386e-01 -3.373947e-04 1.107379e-02 1.663779e+01 3.381960e-04 9.999999e-01 -7.030057e-05 -1.013199e+00 -1.107368e-02 7.403767e-05 9.999386e-01 6.272293e+00
9.999667e-01 1.213603e-04 -8.162609e-03 1.688213e+01 -1.209948e-04 1.000000e+00 4.500711e-05 -1.022609e+00 8.162699e-03 -4.402165e-05 9.999666e-01 6.468201e+00
9.999177e-01 -4.184725e-04 1.281771e-02 1.717274e+01 4.198263e-04 9.999999e-01 -1.027691e-04 -1.032405e+00 -1.281758e-02 1.081381e-04 9.999178e-01 6.678928e+00
9.999768e-01 1.726107e-04 -6.801308e-03 1.741000e+01 -1.730131e-04 1.000000e+00 -5.888678e-05 -1.041927e+00 6.801383e-03 6.005844e-05 9.999768e-01 6.900838e+00
9.999824e-01 -2.343540e-04 5.917944e-03 1.778723e+01 2.322655e-04 9.999999e-01 3.539511e-04 -1.049097e+00 -5.917941e-03 -3.525741e-04 9.999824e-01 6.930034e+00
9.999419e-01 3.791818e-04 -1.077137e-02 1.822605e+01 -3.769674e-04 9.999999e-01 2.074161e-04 -1.053581e+00 1.077154e-02 -2.033472e-04 9.999419e-01 6.817365e+00
9.999835e-01 -2.412948e-04 5.727404e-03 1.860550e+01 2.393521e-04 9.999999e-01 3.402324e-04 -1.059918e+00 -5.727400e-03 -3.388596e-04 9.999835e-01 6.810801e+00
9.999659e-01 2.882435e-04 -8.254239e-03 1.896232e+01 -2.878751e-04 1.000000e+00 4.556708e-05 -1.067206e+00 8.254336e-03 -4.319290e-05 9.999659e-01 6.860720e+00
9.999819e-01 -3.522116e-04 5.994259e-03 1.928397e+01 3.514339e-04 9.999999e-01 1.311222e-04 -1.074350e+00 -5.994220e-03 -1.290168e-04 9.999819e-01 6.887018e+00
9.999602e-01 9.813467e-05 -8.923580e-03 1.954576e+01 -9.767099e-05 1.000000e+00 5.217069e-05 -1.084134e+00 8.923669e-03 -5.130059e-05 9.999601e-01 7.046492e+00
9.999871e-01 -4.410433e-04 5.052368e-03 1.975992e+01 4.399072e-04 9.999999e-01 2.263732e-04 -1.096254e+00 -5.052383e-03 -2.241513e-04 9.999871e-01 7.337100e+00
9.999336e-01 9.237502e-05 -1.152201e-02 1.998584e+01 -8.907724e-05 1.000000e+00 2.865559e-04 -1.110222e+00 1.152212e-02 -2.855140e-04 9.999335e-01 7.706574e+00
9.999895e-01 -4.180036e-04 4.554160e-03 2.017763e+01 4.169419e-04 9.999999e-01 2.345054e-04 -1.124393e+00 -4.554174e-03 -2.326077e-04 9.999895e-01 8.092450e+00
9.999186e-01 -8.211950e-06 -1.275886e-02 2.040616e+01 1.381782e-05 9.999999e-01 4.391307e-04 -1.139948e+00 1.275894e-02 -4.392747e-04 9.999184e-01 8.538608e+00
9.999797e-01 -2.480795e-04 6.357388e-03 2.053351e+01 2.483755e-04 1.000000e+00 -4.548522e-05 -1.153118e+00 -6.357294e-03 4.705982e-05 9.999797e-01 8.893370e+00
9.999311e-01 8.728926e-05 -1.173638e-02 2.063571e+01 -8.264575e-05 9.999999e-01 3.959740e-04 -1.164544e+00 1.173649e-02 -3.949802e-04 9.999310e-01 9.191780e+00
