9.999895e-01 1.260461e-04 -4.587009e-03 7.655346e-02 -1.253209e-04 1.000000e+00 1.583802e-04 -5.431180e-03 4.587029e-03 -1.578031e-04 9.999894e-01 2.412963e-02
9.999992e-01 -8.372125e-05 1.274063e-03 1.314351e-01 8.378973e-05 1.000000e+00 -5.368330e-05 -1.303434e-02 -1.274059e-03 5.379052e-05 9.999991e-01 1.716151e-01
1.000000e+00 6.267324e-05 -2.682736e-04 1.790683e-01 -6.268836e-05 1.000000e+00 -5.639223e-05 -1.921179e-02 2.682694e-04 5.640954e-05 9.999999e-01 2.754551e-01
9.999907e-01 2.162617e-05 -4.306115e-03 2.202095e-01 -2.077422e-05 1.000000e+00 1.978856e-04 -2.580015e-02 4.306118e-03 -1.977938e-04 9.999906e-01 3.820047e-01
9.999849e-01 2.062801e-04 -5.491393e-03 2.565727e-01 -2.052756e-04 1.000000e+00 1.834771e-04 -3.208625e-02 5.491428e-03 -1.823465e-04 9.999848e-01 4.815902e-01
9.999984e-01 -1.483680e-04 1.787070e-03 3.158790e-01 1.485208e-04 1.000000e+00 -8.531185e-05 -3.727402e-02 -1.787060e-03 8.557768e-05 9.999983e-01 5.186171e-01
9.999987e-01 1.240351e-04 -1.605519e-03 3.497512e-01 -1.239979e-04 1.000000e+00 2.324530e-05 -4.238576e-02 1.605519e-03 -2.304564e-05 9.999986e-01 5.790978e-01
9.999988e-01 -1.633658e-04 1.567910e-03 3.689941e-01 1.634986e-04 1.000000e+00 -8.453179e-05 -4.856843e-02 -1.567898e-03 8.478858e-05 9.999987e-01 7.076877e-01
9.999814e-01 2.037978e-04 -6.088679e-03 3.914070e-01 -2.025446e-04 1.000000e+00 2.064330e-04 -5.561117e-02 6.088718e-03 -2.051954e-04 9.999813e-01 8.476839e-01
9.999960e-01 -2.354178e-05 -2.818152e-03 4.190293e-01 2.393760e-05 1.000000e+00 1.404111e-04 -6.248167e-02 2.818145e-03 -1.404774e-04 9.999959e-01 9.789032e-01
1.000000e+00 4.046217e-05 -1.268730e-04 4.274931e-01 -4.047239e-05 1.000000e+00 -8.081634e-05 -6.927732e-02 1.268657e-04 8.082207e-05 9.999999e-01 1.124988e+00
9.999991e-01 -5.329084e-05 -1.372503e-03 4.209377e-01 5.338946e-05 1.000000e+00 7.179279e-05 -7.485722e-02 1.372495e-03 -7.186541e-05 9.999990e-01 1.237762e+00
9.999970e-01 -5.649932e-06 2.435238e-03 4.364245e-01 6.074868e-06 1.000000e+00 -1.744745e-04 -8.071803e-02 -2.435241e-03 1.744894e-04 9.999969e-01 1.362859e+00
9.999747e-01 -1.305444e-04 7.113671e-03 4.918896e-01 1.323702e-04 1.000000e+00 -2.561974e-04 -8.705085e-02 -7.113641e-03 2.571331e-04 9.999746e-01 1.507691e+00
9.999630e-01 -1.949972e-04 8.594368e-03 5.604587e-01 1.981859e-04 9.999999e-01 -3.701715e-04 -9.300913e-02 -8.594297e-03 3.718616e-04 9.999629e-01 1.655408e+00
9.999984e-01 5.446944e-06 1.789110e-03 6.196779e-01 -5.312152e-06 1.000000e+00 -7.533389e-05 -9.929613e-02 -1.789111e-03 7.532470e-05 9.999983e-01 1.796082e+00
9.999981e-01 -6.399443e-05 1.941521e-03 6.454810e-01 6.425774e-05 1.000000e+00 -1.355493e-04 -1.051190e-01 -1.941513e-03 1.356742e-04 9.999980e-01 1.916984e+00
9.999994e-01 8.187322e-06 -1.108189e-03 6.549321e-01 -8.137298e-06 1.000000e+00 4.512876e-05 -1.106948e-01 1.108189e-03 -4.511931e-05 9.999993e-01 2.030372e+00
9.999987e-01 -4.807562e-05 1.595896e-03 6.796256e-01 4.827824e-05 1.000000e+00 -1.269124e-04 -1.170973e-01 -1.595889e-03 1.269896e-04 9.999986e-01 2.167950e+00
9.999980e-01 1.360719e-05 -1.976303e-03 7.103713e-01 -1.344990e-05 1.000000e+00 7.959188e-05 -1.237877e-01 1.976304e-03 -7.956476e-05 9.999979e-01 2.308544e+00
9.999954e-01 -5.350023e-05 3.032218e-03 7.442575e-01 5.408679e-05 1.000000e+00 -1.933546e-04 -1.297718e-01 -3.032207e-03 1.935181e-04 9.999953e-01 2.424502e+00
9.999997e-01 1.162764e-06 -7.409061e-04 7.749950e-01 -1.125321e-06 1.000000e+00 5.051321e-05 -1.343079e-01 7.409064e-04 -5.051200e-05 9.999996e-01 2.466019e+00
9.999956e-01 -5.995114e-05 2.966284e-03 7.937816e-01 6.052054e-05 1.000000e+00 -1.918623e-04 -1.398376e-01 -2.966272e-03 1.920414e-04 9.999955e-01 2.572552e+00
9.999991e-01 2.589249e-05 -1.355466e-03 8.572125e-01 -2.581878e-05 1.000000e+00 5.438781e-05 -1.460496e-01 1.355468e-03 -5.435243e-05 9.999990e-01 2.668545e+00
9.999956e-01 -8.335611e-05 2.977997e-03 9.214933e-01 8.389567e-05 1.000000e+00 -1.810510e-04 -1.521579e-01 -2.977981e-03 1.813004e-04 9.999954e-01 2.758122e+00
9.999995e-01 4.746665e-05 -1.005889e-03 1.001663e+00 -4.744163e-05 1.000000e+00 2.488259e-05 -1.575889e-01 1.005891e-03 -2.483455e-05 9.999994e-01 2.805428e+00
9.999967e-01 -1.133711e-04 2.561997e-03 1.149882e+00 1.136965e-04 1.000000e+00 -1.268301e-04 -1.598670e-01 -2.561982e-03 1.271213e-04 9.999966e-01 2.660328e+00
9.999987e-01 2.639518e-05 -1.631759e-03 1.301868e+00 -2.638269e-05 1.000000e+00 7.666179e-06 -1.644889e-01 1.631761e-03 -7.622831e-06 9.999986e-01 2.626400e+00
9.999950e-01 -1.337201e-04 3.160056e-03 1.458020e+00 1.342560e-04 1.000000e+00 -1.693604e-04 -1.698596e-01 -3.160032e-03 1.697841e-04 9.999949e-01 2.634101e+00
9.999994e-01 2.053714e-05 -1.076285e-03 1.588171e+00 -2.055862e-05 1.000000e+00 -1.995349e-05 -1.765915e-01 1.076286e-03 1.997586e-05 9.999993e-01 2.719442e+00
9.999958e-01 -1.019315e-04 2.884335e-03 1.699537e+00 1.023622e-04 1.000000e+00 -1.491883e-04 -1.829620e-01 -2.884318e-03 1.494832e-04 9.999957e-01 2.796265e+00
9.999986e-01 4.371323e-05 -1.673071e-03 1.822423e+00 -4.368193e-05 1.000000e+00 1.873740e-05 -1.882312e-01 1.673074e-03 -1.866407e-05 9.999985e-01 2.806642e+00
9.999977e-01 -8.763803e-05 2.125922e-03 1.956205e+00 8.788847e-05 1.000000e+00 -1.177016e-04 -1.926643e-01 -2.125910e-03 1.178883e-04 9.999976e-01 2.769172e+00
9.999995e-01 3.862778e-05 -9.915527e-04 2.044900e+00 -3.863728e-05 1.000000e+00 -9.573357e-06 -1.984603e-01 9.915543e-04 9.611863e-06 9.999994e-01 2.827238e+00
9.999988e-01 -6.829972e-05 1.563987e-03 2.107123e+00 6.843128e-05 1.000000e+00 -8.405680e-05 -2.038700e-01 -1.563979e-03 8.416391e-05 9.999987e-01 2.885420e+00
9.999998e-01 1.625144e-05 -6.572455e-04 2.134485e+00 -1.626494e-05 1.000000e+00 -2.056416e-05 -2.096152e-01 6.572473e-04 2.057503e-05 9.999997e-01 2.995232e+00
9.999985e-01 -6.397386e-05 1.733711e-03 2.179323e+00 6.413361e-05 1.000000e+00 -9.208224e-05 -2.149557e-01 -1.733703e-03 9.219345e-05 9.999984e-01 3.067049e+00
9.999993e-01 3.681415e-05 -1.148163e-03 2.253542e+00 -3.681643e-05 1.000000e+00 -1.981635e-06 -2.195178e-01 1.148165e-03 2.024064e-06 9.999992e-01 3.077137e+00
9.999982e-01 -7.106785e-05 1.884734e-03 2.315099e+00 7.122084e-05 1.000000e+00 -8.109704e-05 -2.234414e-01 -1.884726e-03 8.123127e-05 9.999981e-01 3.066198e+00
1.000000e+00 1.134371e-05 6.776996e-05 2.389436e+00 -1.133963e-05 1.000000e+00 -6.008532e-05 -2.290496e-01 -6.776799e-05 6.008469e-05 9.999999e-01 3.123791e+00
9.999890e-01 -1.088734e-04 4.679628e-03 2.485091e+00 1.098307e-04 1.000000e+00 -2.043122e-04 -2.356249e-01 -4.679603e-03 2.048241e-04 9.999889e-01 3.225985e+00
9.999945e-01 7.333300e-05 -3.302268e-03 2.582869e+00 -7.312680e-05 1.000000e+00 6.255702e-05 -2.416596e-01 3.302275e-03 -6.231510e-05 9.999944e-01 3.287005e+00
9.999966e-01 -7.796458e-05 2.609087e-03 2.713031e+00 7.823613e-05 1.000000e+00 -1.039700e-04 -2.458872e-01 -2.609075e-03 1.041739e-04 9.999965e-01 3.238138e+00
9.999920e-01 9.545012e-05 -3.994949e-03 2.865565e+00 -9.501830e-05 1.000000e+00 1.082770e-04 -2.488064e-01 3.994962e-03 -1.078965e-04 9.999919e-01 3.114803e+00
9.999973e-01 -5.269016e-05 2.312018e-03 3.020417e+00 5.292790e-05 1.000000e+00 -1.027623e-04 -2.501875e-01 -2.312010e-03 1.028845e-04 9.999972e-01 2.917075e+00
9.999964e-01 3.844587e-05 -2.682665e-03 3.164619e+00 -3.832148e-05 1.000000e+00 4.641421e-05 -2.534477e-01 2.682670e-03 -4.631115e-05 9.999963e-01 2.817956e+00
9.999986e-01 -7.582075e-06 1.650141e-03 3.303141e+00 7.653319e-06 1.000000e+00 -4.315779e-05 -2.575609e-01 -1.650138e-03 4.317044e-05 9.999985e-01 2.758702e+00
9.999910e-01 6.249404e-05 -4.236654e-03 3.425586e+00 -6.202779e-05 1.000000e+00 1.101793e-04 -2.619402e-01 4.236663e-03 -1.099155e-04 9.999909e-01 2.719517e+00
9.999944e-01 -5.854588e-05 3.355357e-03 3.489513e+00 5.899589e-05 1.000000e+00 -1.340135e-04 -2.687063e-01 -3.355346e-03 1.342108e-04 9.999943e-01 2.826541e+00
9.999043e-01 3.428907e-04 -1.383123e-02 3.550964e+00 -3.359996e-04 9.999998e-01 5.005449e-04 -2.722596e-01 1.383140e-02 -4.958496e-04 9.999041e-01 2.793566e+00
9.997923e-01 6.599968e-04 -2.037033e-02 3.599334e+00 -6.446388e-04 9.999995e-01 7.604968e-04 -2.740430e-01 2.037082e-02 -7.472071e-04 9.997921e-01 2.770640e+00
9.997444e-01 6.034796e-04 -2.260084e-02 3.647167e+00 -5.818693e-04 9.999994e-01 9.627383e-04 -2.751098e-01 2.260140e-02 -9.493411e-04 9.997440e-01 2.724063e+00
9.997941e-01 6.640223e-04 -2.028096e-02 3.701595e+00 -6.500074e-04 9.999995e-01 6.976226e-04 -2.755977e-01 2.028140e-02 -6.842956e-04 9.997940e-01 2.657171e+00
9.991230e-01 1.102654e-03 -4.185650e-02 3.784842e+00 -1.022242e-03 9.999976e-01 1.942482e-03 -2.782531e-01 4.185852e-02 -1.897990e-03 9.991216e-01 2.704866e+00
9.996589e-01 8.420097e-04 -2.610353e-02 3.863841e+00 -8.172713e-04 9.999992e-01 9.583548e-04 -2.810093e-01 2.610429e-02 -9.366931e-04 9.996587e-01 2.780874e+00
9.989042e-01 1.323753e-03 -4.678274e-02 3.925539e+00 -1.231959e-03 9.999973e-01 1.990912e-03 -2.801737e-01 4.678522e-02 -1.931094e-03 9.989030e-01 2.732718e+00
9.994751e-01 1.077679e-03 -3.237849e-02 3.980279e+00 -1.039667e-03 9.999988e-01 1.190809e-03 -2.762721e-01 3.237970e-02 -1.156520e-03 9.994749e-01 2.561582e+00
9.985300e-01 1.549159e-03 -5.417978e-02 4.040449e+00 -1.429380e-03 9.999964e-01 2.249457e-03 -2.711397e-01 5.418302e-02 -2.168705e-03 9.985286e-01 2.358942e+00
9.990962e-01 1.314752e-03 -4.248656e-02 4.112255e+00 -1.239132e-03 9.999976e-01 1.806125e-03 -2.689798e-01 4.248878e-02 -1.751844e-03 9.990953e-01 2.284611e+00
9.986197e-01 1.428558e-03 -5.250397e-02 4.192647e+00 -1.310118e-03 9.999965e-01 2.290175e-03 -2.698819e-01 5.250699e-02 -2.218225e-03 9.986180e-01 2.335581e+00
9.993776e-01 1.125748e-03 -3.525783e-02 4.261765e+00 -1.075582e-03 9.999984e-01 1.441721e-03 -2.704911e-01 3.525933e-02 -1.402898e-03 9.993771e-01 2.370622e+00
9.993218e-01 1.034438e-03 -3.680686e-02 4.314080e+00 -9.805760e-04 9.999984e-01 1.481368e-03 -2.691466e-01 3.680826e-02 -1.444269e-03 9.993212e-01 2.294729e+00
9.994874e-01 1.057531e-03 -3.199598e-02 4.363282e+00 -1.017865e-03 9.999987e-01 1.255921e-03 -2.670823e-01 3.199718e-02 -1.222707e-03 9.994871e-01 2.184145e+00
9.995463e-01 8.285266e-04 -3.010823e-02 4.410491e+00 -7.918683e-04 9.999989e-01 1.229407e-03 -2.660650e-01 3.010913e-02 -1.205004e-03 9.995458e-01 2.099302e+00
9.999792e-01 2.515748e-04 -6.435485e-03 4.457831e+00 -2.494623e-04 9.999999e-01 3.288087e-04 -2.667262e-01 6.435484e-03 -3.271935e-04 9.999792e-01 2.005834e+00
9.996548e-01 7.376815e-04 -2.626185e-02 4.505242e+00 -7.149809e-04 9.999994e-01 8.737125e-04 -2.690015e-01 2.626239e-02 -8.546313e-04 9.996546e-01 2.004622e+00
9.996920e-01 7.886115e-04 -2.480488e-02 4.545511e+00 -7.600113e-04 9.999990e-01 1.162340e-03 -2.703971e-01 2.480569e-02 -1.143127e-03 9.996916e-01 2.006931e+00
9.997452e-01 6.382613e-04 -2.256401e-02 4.587985e+00 -6.222661e-04 9.999996e-01 7.158105e-04 -2.718763e-01 2.256437e-02 -7.015843e-04 9.997451e-01 2.001752e+00
9.998380e-01 5.778849e-04 -1.798658e-02 4.629910e+00 -5.613210e-04 9.999994e-01 9.258309e-04 -2.739599e-01 1.798701e-02 -9.155817e-04 9.998377e-01 1.996885e+00
9.999321e-01 3.091979e-04 -1.164892e-02 4.674589e+00 -3.063922e-04 9.999999e-01 2.424597e-04 -2.772994e-01 1.164891e-02 -2.388711e-04 9.999321e-01 2.024194e+00
9.999490e-01 3.514194e-04 -1.009039e-02 4.719173e+00 -3.446627e-04 9.999997e-01 6.711423e-04 -2.810898e-01 1.009053e-02 -6.676273e-04 9.999488e-01 2.035239e+00
9.999597e-01 2.103815e-04 -8.970627e-03 4.758917e+00 -2.103166e-04 1.000000e+00 7.937878e-06 -2.861374e-01 8.970534e-03 -6.047831e-06 9.999597e-01 2.127844e+00
9.996310e-01 8.513697e-04 -2.714727e-02 4.789241e+00 -8.133856e-04 9.999987e-01 1.410121e-03 -2.897920e-01 2.714834e-02 -1.387516e-03 9.996304e-01 2.199611e+00
9.998350e-01 -4.781153e-04 1.815691e-02 4.818059e+00 4.956131e-04 9.999994e-01 -9.590769e-04 -2.953830e-01 -1.815654e-02 9.679206e-04 9.998346e-01 2.282809e+00
9.999672e-01 -1.089144e-04 8.095291e-03 4.868289e+00 1.085232e-04 1.000000e+00 4.904388e-05 -2.991960e-01 -8.095391e-03 -4.816069e-05 9.999672e-01 2.386687e+00
9.998792e-01 -4.310627e-04 1.553495e-02 4.913384e+00 4.444814e-04 9.999995e-01 -8.601848e-04 -3.030192e-01 -1.553467e-02 8.669890e-04 9.998789e-01 2.479296e+00
9.999973e-01 3.416804e-05 2.288695e-03 4.959447e+00 -3.465495e-05 1.000000e+00 2.136365e-04 -3.078400e-01 -2.288781e-03 -2.137122e-04 9.999973e-01 2.592487e+00
9.997350e-01 -5.976187e-04 2.301165e-02 5.009443e+00 6.230672e-04 9.999992e-01 -1.098650e-03 -3.117938e-01 -2.301106e-02 1.112699e-03 9.997345e-01 2.698628e+00
9.999999e-01 6.758388e-05 3.159419e-04 5.059329e+00 -6.767265e-05 1.000000e+00 2.873226e-04 -3.159629e-01 -3.160143e-04 -2.873409e-04 9.999998e-01 2.802831e+00
9.999069e-01 -3.815743e-04 1.363868e-02 5.105873e+00 3.925219e-04 9.999996e-01 -7.998719e-04 -3.212909e-01 -1.363846e-02 8.051539e-04 9.999066e-01 2.917667e+00
9.999940e-01 1.818052e-04 -3.452982e-03 5.151060e+00 -1.804807e-04 9.999999e-01 3.833408e-04 -3.272000e-01 3.452960e-03 -3.827122e-04 9.999939e-01 3.049267e+00
9.999216e-01 -3.575056e-04 1.251284e-02 5.187559e+00 3.670713e-04 9.999996e-01 -7.620286e-04 -3.329886e-01 -1.251266e-02 7.665650e-04 9.999213e-01 3.178943e+00
9.999796e-01 2.422131e-04 -6.375563e-03 5.219748e+00 -2.390813e-04 9.999999e-01 4.916835e-04 -3.390170e-01 6.375591e-03 -4.901462e-04 9.999795e-01 3.308367e+00
9.998511e-01 -4.738009e-04 1.725005e-02 5.257070e+00 4.895757e-04 9.999995e-01 -9.101529e-04 -3.443450e-01 -1.724970e-02 9.184656e-04 9.998507e-01 3.422809e+00
9.999983e-01 1.347653e-04 -1.814198e-03 5.300998e+00 -1.341162e-04 9.999999e-01 3.569368e-04 -3.491388e-01 1.814157e-03 -3.566899e-04 9.999982e-01 3.520806e+00
9.999532e-01 -2.925230e-04 9.665061e-03 5.325520e+00 2.991517e-04 9.999997e-01 -6.842124e-04 -3.542383e-01 -9.664947e-03 6.870747e-04 9.999530e-01 3.622566e+00
9.999554e-01 2.712881e-04 -9.436566e-03 5.341966e+00 -2.651079e-04 9.999997e-01 6.559778e-04 -3.599685e-01 9.436653e-03 -6.534439e-04 9.999552e-01 3.725803e+00
9.999922e-01 7.159193e-05 -3.937743e-03 5.372556e+00 -7.219562e-05 1.000000e+00 -1.536384e-04 -3.660240e-01 3.937642e-03 1.539245e-04 9.999922e-01 3.835706e+00
9.999753e-01 1.761832e-04 -7.015365e-03 5.396374e+00 -1.719285e-04 9.999998e-01 6.068147e-04 -3.721934e-01 7.015381e-03 -6.055907e-04 9.999751e-01 3.938559e+00
9.999857e-01 1.277272e-04 -5.349620e-03 5.418295e+00 -1.286798e-04 1.000000e+00 -1.780999e-04 -3.784156e-01 5.349507e-03 1.787887e-04 9.999856e-01 4.060496e+00
9.999370e-01 3.237727e-04 -1.121504e-02 5.450055e+00 -3.145227e-04 9.999996e-01 8.263719e-04 -3.842785e-01 1.121521e-02 -8.227895e-04 9.999367e-01 4.170386e+00
9.999872e-01 1.425550e-04 -5.044938e-03 5.539478e+00 -1.432411e-04 1.000000e+00 -1.360183e-04 -3.891438e-01 5.044827e-03 1.367422e-04 9.999872e-01 4.201941e+00
9.999461e-01 2.993095e-04 -1.037150e-02 5.624088e+00 -2.909772e-04 9.999996e-01 8.046923e-04 -3.938492e-01 1.037165e-02 -8.016281e-04 9.999458e-01 4.225412e+00
9.999999e-01 -2.861610e-05 -2.390652e-04 5.638158e+00 2.851837e-05 9.999999e-01 -4.175345e-04 -3.981792e-01 2.389844e-04 4.175307e-04 9.999998e-01 4.254054e+00
9.999827e-01 1.119576e-04 -5.881240e-03 5.635463e+00 -1.083974e-04 9.999998e-01 6.053112e-04 -4.032991e-01 5.881213e-03 -6.046602e-04 9.999825e-01 4.323682e+00
9.999939e-01 6.930076e-05 -3.496880e-03 5.642584e+00 -7.018327e-05 1.000000e+00 -2.528544e-04 -4.089481e-01 3.496769e-03 2.531013e-04 9.999938e-01 4.410357e+00
9.999998e-01 -5.115739e-05 -5.459903e-04 5.632721e+00 5.134551e-05 9.999999e-01 3.406870e-04 -4.146725e-01 5.458794e-04 -3.407120e-04 9.999997e-01 4.520785e+00
9.999923e-01 6.565301e-05 -3.927058e-03 5.625691e+00 -6.656877e-05 1.000000e+00 -2.336051e-04 -4.210335e-01 3.926949e-03 2.338678e-04 9.999922e-01 4.659407e+00
9.999988e-01 -4.000239e-05 -1.526646e-03 5.620386e+00 4.059425e-05 9.999999e-01 3.862694e-04 -4.277964e-01 1.526536e-03 -3.863279e-04 9.999987e-01 4.808550e+00
9.999968e-01 4.277475e-05 -2.525961e-03 5.617031e+00 -4.351663e-05 1.000000e+00 -2.945036e-04 -4.346351e-01 2.525854e-03 2.946157e-04 9.999967e-01 4.967528e+00
9.999998e-01 -4.744208e-05 -6.398358e-04 5.605944e+00 4.768108e-05 9.999999e-01 3.701802e-04 -4.408200e-01 6.397242e-04 -3.702076e-04 9.999997e-01 5.108997e+00
9.999948e-01 5.503420e-05 -3.217278e-03 5.600723e+00 -5.595374e-05 1.000000e+00 -2.864022e-04 -4.473661e-01 3.217168e-03 2.865838e-04 9.999947e-01 5.256361e+00
9.999997e-01 -4.046680e-05 -7.074608e-04 5.597883e+00 4.073607e-05 9.999999e-01 3.775463e-04 -4.539866e-01 7.073511e-04 -3.775719e-04 9.999996e-01 5.403181e+00
9.999989e-01 4.428433e-05 -1.474969e-03 5.584755e+00 -4.480523e-05 9.999999e-01 -3.546268e-04 -4.593249e-01 1.474859e-03 3.546955e-04 9.999988e-01 5.507553e+00
9.999988e-01 -1.508540e-05 -1.556896e-03 5.566869e+00 1.570874e-05 9.999999e-01 3.989665e-04 -4.639035e-01 1.556795e-03 -3.989874e-04 9.999986e-01 5.572993e+00
9.999999e-01 9.969786e-06 -3.160520e-04 5.556327e+00 -1.009114e-05 9.999999e-01 -3.909585e-04 -4.693334e-01 3.159536e-04 3.909647e-04 9.999998e-01 5.676410e+00
9.999965e-01 -6.975714e-05 2.644793e-03 5.556181e+00 6.910567e-05 1.000000e+00 2.472375e-04 -4.746391e-01 -2.644905e-03 -2.470508e-04 9.999964e-01 5.791451e+00
9.999998e-01 -1.390884e-06 6.501660e-04 5.558873e+00 1.671904e-06 9.999999e-01 -4.288483e-04 -4.799722e-01 -6.502597e-04 4.288523e-04 9.999996e-01 5.909329e+00
9.999849e-01 -9.074030e-05 5.482496e-03 5.578760e+00 8.997504e-05 1.000000e+00 1.402232e-04 -4.854778e-01 -5.482603e-03 -1.397248e-04 9.999849e-01 6.030109e+00
9.999997e-01 -1.065538e-05 7.404466e-04 5.601653e+00 1.097466e-05 9.999999e-01 -4.282787e-04 -4.910531e-01 -7.405359e-04 4.282898e-04 9.999996e-01 6.151476e+00
9.999777e-01 -1.016445e-04 6.671338e-03 5.628640e+00 1.010670e-04 1.000000e+00 8.721909e-05 -4.965961e-01 -6.671440e-03 -8.653989e-05 9.999777e-01 6.273396e+00
1.000000e+00 -1.109975e-06 -1.014642e-04 5.652667e+00 1.071710e-06 9.999999e-01 -3.979303e-04 -5.023244e-01 1.013712e-04 3.979332e-04 9.999998e-01 6.404097e+00
9.999551e-01 -1.528937e-04 9.466326e-03 5.688166e+00 1.530081e-04 1.000000e+00 -1.114056e-05 -5.082083e-01 -9.466417e-03 1.259147e-05 9.999551e-01 6.543801e+00
9.999949e-01 -1.088188e-04 3.177850e-03 5.731083e+00 1.103661e-04 9.999999e-01 -4.860793e-04 -5.137885e-01 -3.177890e-03 4.864305e-04 9.999948e-01 6.672739e+00
9.999864e-01 -3.275331e-05 5.216452e-03 5.758134e+00 3.211396e-05 1.000000e+00 1.230329e-04 -5.191768e-01 -5.216549e-03 -1.228608e-04 9.999863e-01 6.789329e+00
9.999888e-01 -1.480231e-04 4.722915e-03 5.791960e+00 1.505980e-04 9.999998e-01 -5.444124e-04 -5.246756e-01 -4.722926e-03 5.451206e-04 9.999886e-01 6.913411e+00
9.999962e-01 2.985779e-05 2.749618e-03 5.822036e+00 -3.040053e-05 1.000000e+00 1.980525e-04 -5.305974e-01 -2.749703e-03 -1.981323e-04 9.999961e-01 7.051659e+00
9.999748e-01 -2.188905e-04 7.095878e-03 5.859676e+00 2.232494e-04 9.999998e-01 -6.132236e-04 -5.366020e-01 -7.095834e-03 6.147953e-04 9.999746e-01 7.195533e+00
9.999973e-01 3.972783e-05 2.308356e-03 5.899262e+00 -4.020228e-05 1.000000e+00 2.063096e-04 -5.428813e-01 -2.308439e-03 -2.063989e-04 9.999972e-01 7.350283e+00
9.999641e-01 -2.295511e-04 8.472101e-03 5.944058e+00 2.352379e-04 9.999997e-01 -6.700208e-04 -5.490359e-01 -8.472036e-03 6.719926e-04 9.999638e-01 7.499804e+00
9.999917e-01 3.513516e-06 4.065994e-03 5.993107e+00 -4.118358e-06 1.000000e+00 1.491984e-04 -5.549916e-01 -4.066083e-03 -1.492110e-04 9.999917e-01 7.644059e+00
9.999887e-01 -1.804079e-04 4.738777e-03 6.030867e+00 1.828399e-04 9.999999e-01 -5.123835e-04 -5.610746e-01 -4.738773e-03 5.132471e-04 9.999886e-01 7.783470e+00
9.999994e-01 7.259254e-05 1.091398e-03 6.062629e+00 -7.284138e-05 1.000000e+00 2.295933e-04 -5.674556e-01 -1.091470e-03 -2.296698e-04 9.999993e-01 7.935513e+00
9.999938e-01 -1.752398e-04 3.510460e-03 6.091252e+00 1.768654e-04 9.999999e-01 -4.622492e-04 -5.738150e-01 -3.510467e-03 4.628701e-04 9.999937e-01 8.085795e+00
9.999934e-01 6.076343e-05 3.615120e-03 6.128420e+00 -6.124706e-05 1.000000e+00 1.341552e-04 -5.801663e-01 -3.615200e-03 -1.343729e-04 9.999934e-01 8.237593e+00
9.999432e-01 -3.417395e-04 1.064562e-02 6.184172e+00 3.494901e-04 9.999997e-01 -7.260331e-04 -5.866461e-01 -1.064546e-02 7.297153e-04 9.999430e-01 8.416963e+00
9.999891e-01 2.040609e-05 4.669037e-03 6.242447e+00 -2.098155e-05 1.000000e+00 1.235619e-04 -5.926172e-01 -4.669122e-03 -1.236557e-04 9.999890e-01 8.573359e+00
9.999398e-01 -3.560691e-04 1.096210e-02 6.299463e+00 3.641177e-04 9.999997e-01 -7.320830e-04 -5.982902e-01 -1.096192e-02 7.360333e-04 9.999396e-01 8.719425e+00
9.999988e-01 1.683024e-04 -1.540443e-03 6.343137e+00 -1.677792e-04 9.999999e-01 3.387255e-04 -6.044435e-01 1.540414e-03 -3.384638e-04 9.999987e-01 8.863967e+00
9.999840e-01 -2.501746e-04 5.650443e-03 6.376533e+00 2.533451e-04 9.999998e-01 -5.601061e-04 -6.107535e-01 -5.650388e-03 5.615314e-04 9.999838e-01 9.005627e+00
9.999999e-01 1.520530e-04 3.881931e-04 6.411425e+00 -1.521523e-04 1.000000e+00 2.597392e-04 -6.167967e-01 -3.882391e-04 -2.597955e-04 9.999998e-01 9.139151e+00
9.999725e-01 -2.812805e-04 7.404897e-03 6.454097e+00 2.858378e-04 9.999998e-01 -6.141750e-04 -6.232196e-01 -7.404807e-03 6.162775e-04 9.999723e-01 9.286338e+00
9.999954e-01 1.033555e-04 3.022616e-03 6.516870e+00 -1.037975e-04 1.000000e+00 1.465974e-04 -6.300262e-01 -3.022686e-03 -1.469078e-04 9.999953e-01 9.458450e+00
9.999037e-01 -4.535989e-04 1.386651e-02 6.584662e+00 4.648106e-04 9.999996e-01 -8.052250e-04 -6.358182e-01 -1.386622e-02 8.115955e-04 9.999035e-01 9.606414e+00
9.999997e-01 2.086229e-04 -7.107689e-04 6.634263e+00 -2.084243e-04 9.999999e-01 2.773777e-04 -6.417181e-01 7.107439e-04 -2.772268e-04 9.999996e-01 9.746800e+00
9.999673e-01 -3.222401e-04 8.081739e-03 6.671548e+00 3.272686e-04 9.999998e-01 -6.207110e-04 -6.479790e-01 -8.081620e-03 6.233383e-04 9.999671e-01 9.892437e+00
9.999996e-01 1.907461e-04 9.050680e-04 6.715382e+00 -1.909417e-04 1.000000e+00 2.175640e-04 -6.542606e-01 -9.051084e-04 -2.177341e-04 9.999995e-01 1.003825e+01
9.999840e-01 -2.856540e-04 5.640538e-03 6.756404e+00 2.886889e-04 9.999998e-01 -5.369982e-04 -6.605215e-01 -5.640465e-03 5.386206e-04 9.999839e-01 1.017697e+01
9.999964e-01 2.097451e-04 -2.671383e-03 6.787937e+00 -2.087608e-04 9.999999e-01 3.682217e-04 -6.668262e-01 2.671378e-03 -3.676601e-04 9.999963e-01 1.031484e+01
9.999907e-01 -2.711257e-04 4.310311e-03 6.822809e+00 2.732441e-04 9.999998e-01 -4.905775e-04 -6.735299e-01 -4.310259e-03 4.917533e-04 9.999905e-01 1.046447e+01
9.999841e-01 1.013691e-04 5.635383e-03 6.875616e+00 -1.016675e-04 1.000000e+00 5.291735e-05 -6.799564e-01 -5.635459e-03 -5.348686e-05 9.999840e-01 1.061726e+01
9.999979e-01 -2.271062e-04 2.004804e-03 6.922430e+00 2.279237e-04 9.999999e-01 -4.068879e-04 -6.866520e-01 -2.004792e-03 4.073466e-04 9.999978e-01 1.077691e+01
9.999904e-01 1.584369e-04 4.363163e-03 6.948872e+00 -1.588555e-04 1.000000e+00 9.588977e-05 -6.918557e-01 -4.363228e-03 -9.657942e-05 9.999904e-01 1.087606e+01
9.999981e-01 -2.080149e-04 -1.940371e-03 6.950716e+00 2.075611e-04 1.000000e+00 -2.347239e-04 -6.959778e-01 1.940340e-03 2.343232e-04 9.999980e-01 1.092894e+01
9.999914e-01 1.626364e-04 4.142168e-03 6.963468e+00 -1.630693e-04 1.000000e+00 1.044928e-04 -7.000664e-01 -4.142230e-03 -1.051649e-04 9.999913e-01 1.096560e+01
9.999980e-01 -2.103666e-04 -1.990630e-03 6.969529e+00 2.099029e-04 1.000000e+00 -2.337947e-04 -7.043753e-01 1.990600e-03 2.333789e-04 9.999979e-01 1.102158e+01
9.999820e-01 1.619404e-04 5.996539e-03 6.979683e+00 -1.620162e-04 1.000000e+00 1.235902e-05 -7.089968e-01 -5.996616e-03 -1.332782e-05 9.999819e-01 1.109805e+01
9.999951e-01 -2.200027e-04 -3.112348e-03 6.988730e+00 2.194606e-04 1.000000e+00 -1.749113e-04 -7.136026e-01 3.112307e-03 1.742300e-04 9.999951e-01 1.117023e+01
9.999770e-01 1.674203e-04 6.770272e-03 7.002042e+00 -1.672332e-04 1.000000e+00 -2.802483e-05 -7.185422e-01 -6.770356e-03 2.689447e-05 9.999770e-01 1.125680e+01
9.999998e-01 -2.440928e-04 -5.069002e-04 7.023627e+00 2.439558e-04 9.999999e-01 -2.725943e-04 -7.237071e-01 5.068882e-04 2.724731e-04 9.999998e-01 1.135602e+01
9.999839e-01 1.721895e-04 5.673423e-03 7.041246e+00 -1.722540e-04 1.000000e+00 1.109496e-05 -7.290589e-01 -5.673499e-03 -1.206959e-05 9.999838e-01 1.146540e+01
9.999999e-01 -2.478664e-04 1.492145e-04 7.066527e+00 2.479119e-04 9.999999e-01 -2.966162e-04 -7.346899e-01 -1.492187e-04 2.966557e-04 9.999999e-01 1.158253e+01
9.999971e-01 1.933248e-04 2.407119e-03 7.074552e+00 -1.936694e-04 1.000000e+00 1.434189e-04 -7.400504e-01 -2.407169e-03 -1.438822e-04 9.999970e-01 1.169585e+01
9.999976e-01 -2.633246e-04 2.147677e-03 7.095827e+00 2.641285e-04 9.999999e-01 -3.734729e-04 -7.460079e-01 -2.147655e-03 3.740417e-04 9.999975e-01 1.182776e+01
9.999966e-01 2.166946e-04 2.582708e-03 7.105232e+00 -2.170142e-04 1.000000e+00 1.239035e-04 -7.508382e-01 -2.582758e-03 -1.244611e-04 9.999966e-01 1.192116e+01
9.999998e-01 -2.736162e-04 -6.206634e-04 7.094947e+00 2.734641e-04 9.999999e-01 -2.470261e-04 -7.553846e-01 6.206540e-04 2.468587e-04 9.999997e-01 1.200910e+01
9.999798e-01 2.185280e-04 6.356960e-03 7.116080e+00 -2.182843e-04 1.000000e+00 -3.884025e-05 -7.604747e-01 -6.357045e-03 3.745422e-05 9.999797e-01 1.210250e+01
9.999923e-01 -3.785001e-04 3.906906e-03 7.153645e+00 3.800372e-04 9.999999e-01 -3.924153e-04 -7.661986e-01 -3.906833e-03 3.938994e-04 9.999922e-01 1.222623e+01
9.999986e-01 2.965581e-04 1.633084e-03 7.176391e+00 -2.967664e-04 9.999999e-01 1.279937e-04 -7.722024e-01 -1.633122e-03 -1.284758e-04 9.999986e-01 1.236191e+01
9.999990e-01 -3.480302e-04 -1.327231e-03 7.181097e+00 3.477738e-04 9.999999e-01 -1.942672e-04 -7.781624e-01 1.327223e-03 1.938078e-04 9.999990e-01 1.250007e+01
9.999946e-01 3.072480e-04 3.255381e-03 7.209581e+00 -3.074573e-04 1.000000e+00 6.412385e-05 -7.845797e-01 -3.255437e-03 -6.512207e-05 9.999946e-01 1.263905e+01
9.999999e-01 -3.925379e-04 2.001703e-04 7.235447e+00 3.925878e-04 9.999999e-01 -2.438510e-04 -7.911375e-01 -2.001497e-04 2.439319e-04 9.999999e-01 1.279628e+01
9.999999e-01 3.390022e-04 1.168846e-04 7.246410e+00 -3.390216e-04 9.999999e-01 1.749479e-04 -7.976599e-01 -1.169004e-04 -1.749852e-04 9.999999e-01 1.295441e+01
9.999999e-01 -3.859181e-04 -1.289691e-04 7.259270e+00 3.858893e-04 9.999999e-01 -2.311597e-04 -8.042311e-01 1.289832e-04 2.311123e-04 9.999999e-01 1.311040e+01
9.999998e-01 3.390525e-04 5.763131e-04 7.269088e+00 -3.391424e-04 9.999999e-01 1.577378e-04 -8.104414e-01 -5.763346e-04 -1.579310e-04 9.999997e-01 1.325526e+01
9.999999e-01 -3.902838e-04 6.909928e-05 7.268764e+00 3.903013e-04 9.999999e-01 -2.385321e-04 -8.161452e-01 -6.908122e-05 2.385614e-04 9.999999e-01 1.338784e+01
9.999991e-01 3.343434e-04 1.277356e-03 7.278045e+00 -3.345083e-04 9.999999e-01 1.297589e-04 -8.221858e-01 -1.277388e-03 -1.301838e-04 9.999991e-01 1.353003e+01
9.999902e-01 -4.205996e-04 4.400767e-03 7.303687e+00 4.223581e-04 9.999998e-01 -3.984103e-04 -8.284577e-01 -4.400673e-03 4.002674e-04 9.999902e-01 1.367809e+01
9.999839e-01 2.431604e-04 5.660947e-03 7.340184e+00 -2.430575e-04 1.000000e+00 -1.868490e-05 -8.345748e-01 -5.661026e-03 1.731092e-05 9.999839e-01 1.382239e+01
9.999999e-01 -3.203757e-04 -1.867335e-04 7.364956e+00 3.203301e-04 9.999999e-01 -2.498401e-04 -8.406374e-01 1.867400e-04 2.497825e-04 9.999999e-01 1.396181e+01
9.999464e-01 1.554422e-04 1.035312e-02 7.397575e+00 -1.535525e-04 1.000000e+00 -1.832211e-04 -8.461921e-01 -1.035322e-02 1.816237e-04 9.999463e-01 1.408689e+01
9.999972e-01 -3.463989e-04 2.350602e-03 7.436187e+00 3.472204e-04 9.999999e-01 -3.486683e-04 -8.516986e-01 -2.350553e-03 3.494857e-04 9.999971e-01 1.421440e+01
9.999537e-01 1.340908e-04 9.618857e-03 7.475144e+00 -1.327761e-04 1.000000e+00 -1.372199e-04 -8.578374e-01 -9.618946e-03 1.359386e-04 9.999536e-01 1.436476e+01
9.999991e-01 -2.553647e-04 -1.268432e-03 7.510741e+00 2.550538e-04 9.999999e-01 -2.459897e-04 -8.642908e-01 1.268424e-03 2.456681e-04 9.999991e-01 1.452272e+01
9.998767e-01 1.463396e-06 1.569999e-02 7.557514e+00 3.924387e-06 9.999999e-01 -3.430829e-04 -8.701218e-01 -1.570006e-02 3.431043e-04 9.998766e-01 1.466956e+01
9.999999e-01 -2.814035e-04 -3.741031e-04 7.602757e+00 2.813030e-04 9.999999e-01 -2.710711e-04 -8.757793e-01 3.741110e-04 2.709680e-04 9.999998e-01 1.481384e+01
9.999005e-01 4.563716e-05 1.410187e-02 7.646200e+00 -4.149289e-05 1.000000e+00 -2.941144e-04 -8.817424e-01 -1.410195e-02 2.935020e-04 9.999004e-01 1.496430e+01
9.999986e-01 -3.385761e-04 1.657331e-03 7.693940e+00 3.391333e-04 9.999999e-01 -3.354906e-04 -8.875363e-01 -1.657284e-03 3.360542e-04 9.999985e-01 1.511621e+01
9.998636e-01 -3.375888e-05 1.651689e-02 7.746579e+00 3.986867e-05 9.999999e-01 -3.695355e-04 -8.932073e-01 -1.651694e-02 3.701456e-04 9.998634e-01 1.527175e+01
9.999977e-01 -3.347409e-04 2.114891e-03 7.797088e+00 3.354734e-04 9.999999e-01 -3.456745e-04 -8.983551e-01 -2.114838e-03 3.463852e-04 9.999976e-01 1.540499e+01
9.999112e-01 3.397941e-05 1.332769e-02 7.846055e+00 -3.045209e-05 1.000000e+00 -2.648121e-04 -9.041913e-01 -1.332776e-02 2.643845e-04 9.999111e-01 1.555521e+01
9.999991e-01 -3.083855e-04 1.325361e-03 7.894553e+00 3.088189e-04 9.999999e-01 -3.263227e-04 -9.099881e-01 -1.325321e-03 3.267336e-04 9.999990e-01 1.570224e+01
9.999310e-01 9.451922e-05 1.174467e-02 7.938279e+00 -9.191523e-05 1.000000e+00 -2.222028e-04 -9.158336e-01 -1.174475e-02 2.211097e-04 9.999309e-01 1.584484e+01
9.999981e-01 -2.392889e-04 -1.904959e-03 7.981205e+00 2.388846e-04 9.999999e-01 -2.127639e-04 -9.221602e-01 1.904951e-03 2.123102e-04 9.999981e-01 1.599445e+01
9.999093e-01 3.272499e-05 1.346528e-02 8.028753e+00 -2.896634e-05 1.000000e+00 -2.792876e-04 -9.285863e-01 -1.346534e-02 2.788740e-04 9.999092e-01 1.615665e+01
9.999690e-01 -1.355122e-04 -7.877833e-03 8.065366e+00 1.356170e-04 1.000000e+00 1.270307e-05 -9.354941e-01 7.877774e-03 -1.376932e-05 9.999689e-01 1.632660e+01
9.997086e-01 -1.595460e-04 2.413979e-02 8.116438e+00 1.758225e-04 9.999998e-01 -6.721159e-04 -9.413449e-01 -2.413973e-02 6.761660e-04 9.997083e-01 1.648346e+01
9.999533e-01 -9.604714e-05 -9.661452e-03 8.170196e+00 9.672647e-05 1.000000e+00 6.979424e-05 -9.477375e-01 9.661390e-03 -7.072388e-05 9.999532e-01 1.665688e+01
9.998309e-01 -4.265028e-05 1.839018e-02 8.229043e+00 5.142010e-05 9.999999e-01 -4.763745e-04 -9.549116e-01 -1.839021e-02 4.772412e-04 9.998307e-01 1.683660e+01
9.999336e-01 -7.919487e-05 -1.152363e-02 8.289958e+00 8.074121e-05 1.000000e+00 1.336831e-04 -9.621561e-01 1.152357e-02 -1.346031e-04 9.999335e-01 1.701258e+01
9.997659e-01 -7.845094e-05 2.163451e-02 8.354068e+00 9.129336e-05 9.999998e-01 -5.925985e-04 -9.691863e-01 -2.163451e-02 5.944364e-04 9.997657e-01 1.719066e+01
9.999885e-01 -2.281395e-04 -4.790065e-03 8.419768e+00 2.276736e-04 1.000000e+00 -9.790505e-05 -9.753896e-01 4.790036e-03 9.681483e-05 9.999884e-01 1.736152e+01
9.997626e-01 -9.967976e-05 2.178705e-02 8.489654e+00 1.126512e-04 9.999998e-01 -5.941277e-04 -9.816105e-01 -2.178703e-02 5.964425e-04 9.997624e-01 1.753213e+01
9.999778e-01 -2.053272e-04 -6.659574e-03 8.563232e+00 2.051648e-04 1.000000e+00 -2.511743e-05 -9.882694e-01 6.659530e-03 2.375194e-05 9.999777e-01 1.771115e+01
9.998211e-01 7.276927e-06 1.891334e-02 8.637284e+00 2.639378e-06 9.999999e-01 -5.242570e-04 -9.949957e-01 -1.891339e-02 5.242145e-04 9.998209e-01 1.788270e+01
9.999897e-01 -2.483383e-04 -4.528862e-03 8.709073e+00 2.479631e-04 1.000000e+00 -8.347770e-05 -1.001020e+00 4.528836e-03 8.235513e-05 9.999896e-01 1.802508e+01
9.997070e-01 -1.526374e-04 2.420547e-02 8.784016e+00 1.691767e-04 9.999998e-01 -6.812248e-04 -1.006861e+00 -2.420541e-02 6.851214e-04 9.997067e-01 1.818272e+01
9.999782e-01 -1.939095e-04 -6.593652e-03 8.856150e+00 1.937430e-04 1.000000e+00 -2.592514e-05 -1.013172e+00 6.593614e-03 2.464827e-05 9.999782e-01 1.835911e+01
9.994843e-01 -3.282131e-04 3.210913e-02 8.935221e+00 3.587102e-04 9.999995e-01 -9.440318e-04 -1.018191e+00 -3.210885e-02 9.550639e-04 9.994838e-01 1.851016e+01
9.999995e-01 -4.039083e-04 8.595620e-04 9.018040e+00 4.041163e-04 9.999999e-01 -2.415134e-04 -1.022456e+00 -8.595023e-04 2.418616e-04 9.999995e-01 1.865713e+01
9.995782e-01 -2.763694e-04 2.903996e-02 9.102944e+00 3.009286e-04 9.999996e-01 -8.413293e-04 -1.027341e+00 -2.903975e-02 8.497143e-04 9.995778e-01 1.881260e+01
9.999115e-01 -2.145730e-05 -1.330031e-02 9.188992e+00 2.410764e-05 1.000000e+00 1.990970e-04 -1.033459e+00 1.330028e-02 -1.993992e-04 9.999114e-01 1.896067e+01
9.994437e-01 -4.018314e-04 3.334814e-02 9.277293e+00 4.342167e-04 9.999994e-01 -9.638865e-04 -1.039019e+00 -3.334777e-02 9.778315e-04 9.994432e-01 1.910106e+01
9.997942e-01 1.727016e-04 -2.028805e-02 9.365772e+00 -1.644331e-04 9.999999e-01 4.092135e-04 -1.045610e+00 2.028809e-02 -4.057925e-04 9.997940e-01 1.926080e+01
9.994000e-01 -4.413604e-04 3.463273e-02 9.447602e+00 4.759793e-04 9.999994e-01 -9.913578e-04 -1.051911e+00 -3.463230e-02 1.007248e-03 9.993995e-01 1.941338e+01
9.999125e-01 -9.683919e-06 -1.322673e-02 9.527250e+00 1.212771e-05 1.000000e+00 1.846745e-04 -1.057067e+00 1.322670e-02 -1.848181e-04 9.999124e-01 1.954875e+01
9.993165e-01 -5.193477e-04 3.696308e-02 9.622478e+00 5.591924e-04 9.999993e-01 -1.067628e-03 -1.062058e+00 -3.696253e-02 1.087569e-03 9.993160e-01 1.968110e+01
9.998362e-01 8.628206e-05 -1.809871e-02 9.738907e+00 -7.980997e-05 9.999999e-01 3.583178e-04 -1.067807e+00 1.809872e-02 -3.568142e-04 9.998360e-01 1.981469e+01
9.994819e-01 -3.562308e-04 3.218368e-02 9.871567e+00 3.873939e-04 9.999995e-01 -9.620567e-04 -1.074509e+00 -3.218334e-02 9.740264e-04 9.994814e-01 1.996698e+01
9.998720e-01 5.982123e-05 -1.599676e-02 9.971944e+00 -5.501011e-05 1.000000e+00 3.011928e-04 -1.079793e+00 1.599676e-02 -3.002739e-04 9.998719e-01 2.007434e+01
9.996399e-01 -2.449795e-04 2.683353e-02 1.005446e+01 2.653483e-04 9.999997e-01 -7.555189e-04 -1.085270e+00 -2.683336e-02 7.623674e-04 9.996395e-01 2.016185e+01
9.998177e-01 1.273257e-04 -1.909194e-02 1.015228e+01 -1.199205e-04 9.999999e-01 3.890130e-04 -1.090994e+00 1.909197e-02 -3.866523e-04 9.998176e-01 2.023890e+01
9.995973e-01 -2.585744e-04 2.837393e-02 1.024238e+01 2.818083e-04 9.999996e-01 -8.148481e-04 -1.096647e+00 -2.837373e-02 8.225162e-04 9.995969e-01 2.032850e+01
9.999509e-01 -1.248154e-04 -9.904894e-03 1.031962e+01 1.260139e-04 1.000000e+00 1.203726e-04 -1.101326e+00 9.904863e-03 -1.216147e-04 9.999508e-01 2.042247e+01
9.998085e-01 -7.188215e-05 1.957075e-02 1.042608e+01 8.233228e-05 9.999999e-01 -5.331598e-04 -1.107199e+00 -1.957073e-02 5.346691e-04 9.998082e-01 2.051253e+01
9.999941e-01 -2.410463e-04 -3.434251e-03 1.051986e+01 2.406350e-04 1.000000e+00 -1.201652e-04 -1.112319e+00 3.434267e-03 1.193381e-04 9.999940e-01 2.061437e+01
9.997434e-01 -1.797525e-04 2.264972e-02 1.059763e+01 1.938244e-04 9.999998e-01 -6.190866e-04 -1.118041e+00 -2.264961e-02 6.233179e-04 9.997432e-01 2.076541e+01
9.999516e-01 -5.848688e-05 -9.834281e-03 1.068134e+01 5.925484e-05 1.000000e+00 7.779764e-05 -1.124468e+00 9.834266e-03 -7.837668e-05 9.999515e-01 2.091678e+01
9.997427e-01 -1.809488e-04 2.268174e-02 1.076885e+01 1.952131e-04 9.999998e-01 -6.266754e-04 -1.130869e+00 -2.268163e-02 6.309419e-04 9.997424e-01 2.106623e+01
9.999225e-01 -9.084253e-06 -1.244970e-02 1.084018e+01 1.150512e-05 1.000000e+00 1.943792e-04 -1.137357e+00 1.244969e-02 -1.945076e-04 9.999224e-01 2.120952e+01
9.998713e-01 -6.627403e-05 1.603996e-02 1.090245e+01 7.277992e-05 9.999999e-01 -4.050213e-04 -1.144434e+00 -1.603994e-02 4.061364e-04 9.998712e-01 2.135794e+01
9.999145e-01 3.648619e-06 -1.307487e-02 1.098137e+01 -9.777074e-07 1.000000e+00 2.042837e-04 -1.151597e+00 1.307486e-02 -2.042537e-04 9.999144e-01 2.149500e+01
9.998246e-01 -9.685250e-05 1.872724e-02 1.106015e+01 1.064530e-04 9.999999e-01 -5.116510e-04 -1.158428e+00 -1.872720e-02 5.135546e-04 9.998244e-01 2.162903e+01
9.999560e-01 -8.383682e-05 -9.377754e-03 1.116251e+01 8.476756e-05 1.000000e+00 9.885056e-05 -1.164769e+00 9.377740e-03 -9.964143e-05 9.999559e-01 2.174183e+01
9.999379e-01 2.642774e-05 1.114860e-02 1.127531e+01 -2.382960e-05 1.000000e+00 -2.331778e-04 -1.171838e+00 -1.114862e-02 2.328973e-04 9.999377e-01 2.185359e+01
9.999822e-01 -1.369292e-04 -5.958061e-03 1.134855e+01 1.366604e-04 1.000000e+00 -4.553111e-05 -1.179298e+00 5.958063e-03 4.471575e-05 9.999821e-01 2.202495e+01
9.999680e-01 1.041773e-04 7.999534e-03 1.142542e+01 -1.032685e-04 1.000000e+00 -1.140170e-04 -1.186316e+00 -7.999550e-03 1.131869e-04 9.999679e-01 2.214834e+01
9.999660e-01 -1.093676e-04 -8.246895e-03 1.150511e+01 1.099025e-04 1.000000e+00 6.441486e-05 -1.192354e+00 8.246884e-03 -6.531937e-05 9.999659e-01 2.221487e+01
9.999624e-01 9.165450e-05 8.669157e-03 1.160358e+01 -9.029165e-05 1.000000e+00 -1.575965e-04 -1.198098e+00 -8.669176e-03 1.568075e-04 9.999623e-01 2.225804e+01
9.999477e-01 -8.688276e-05 -1.022590e-02 1.177878e+01 8.868450e-05 1.000000e+00 1.757394e-04 -1.200599e+00 1.022588e-02 -1.766374e-04 9.999476e-01 2.210910e+01
9.999635e-01 1.140911e-04 8.547325e-03 1.195865e+01 -1.127845e-04 1.000000e+00 -1.533407e-04 -1.201947e+00 -8.547347e-03 1.523707e-04 9.999634e-01 2.190197e+01
9.999362e-01 -5.914583e-05 -1.129304e-02 1.214005e+01 6.177831e-05 1.000000e+00 2.327572e-04 -1.202477e+00 1.129302e-02 -2.334403e-04 9.999361e-01 2.165713e+01
9.999632e-01 8.800062e-05 8.575358e-03 1.232472e+01 -8.658773e-05 1.000000e+00 -1.651321e-04 -1.203102e+00 -8.575377e-03 1.643831e-04 9.999631e-01 2.141449e+01
9.999382e-01 -2.871191e-05 -1.111571e-02 1.250755e+01 3.142248e-05 1.000000e+00 2.436749e-04 -1.203864e+00 1.111570e-02 -2.440094e-04 9.999381e-01 2.118109e+01
9.999750e-01 1.002179e-04 7.068712e-03 1.268486e+01 -9.963200e-05 1.000000e+00 -8.323570e-05 -1.206599e+00 -7.068726e-03 8.252904e-05 9.999749e-01 2.104549e+01
9.999167e-01 7.056410e-05 -1.290497e-02 1.289209e+01 -6.563416e-05 9.999999e-01 3.824414e-04 -1.208734e+00 1.290499e-02 -3.815628e-04 9.999166e-01 2.087534e+01
9.999744e-01 9.089624e-05 7.148903e-03 1.304174e+01 -8.994719e-05 1.000000e+00 -1.330753e-04 -1.212310e+00 -7.148922e-03 1.324286e-04 9.999743e-01 2.078965e+01
9.999298e-01 3.522604e-05 -1.184469e-02 1.314086e+01 -3.180668e-05 1.000000e+00 2.888703e-04 -1.216486e+00 1.184470e-02 -2.884735e-04 9.999297e-01 2.075140e+01
9.999637e-01 2.014656e-05 8.522983e-03 1.320068e+01 -1.820993e-05 1.000000e+00 -2.273009e-04 -1.220786e+00 -8.522996e-03 2.271372e-04 9.999636e-01 2.074390e+01
9.999532e-01 -6.827890e-06 -9.674674e-03 1.330315e+01 8.847532e-06 1.000000e+00 2.087118e-04 -1.226575e+00 9.674664e-03 -2.087879e-04 9.999531e-01 2.078326e+01
9.999684e-01 3.392969e-06 7.945847e-03 1.350259e+01 -1.906470e-06 1.000000e+00 -1.870853e-04 -1.228222e+00 -7.945855e-03 1.870640e-04 9.999683e-01 2.058486e+01
9.999333e-01 5.305934e-05 -1.154706e-02 1.378350e+01 -4.889696e-05 9.999999e-01 3.607524e-04 -1.225284e+00 1.154707e-02 -3.601639e-04 9.999332e-01 2.013645e+01
9.999805e-01 1.118112e-05 6.243107e-03 1.408435e+01 -1.066770e-05 1.000000e+00 -8.226966e-05 -1.222033e+00 -6.243117e-03 8.220126e-05 9.999804e-01 1.967190e+01
9.999447e-01 6.432525e-05 -1.051613e-02 1.438844e+01 -6.103284e-05 9.999999e-01 3.134017e-04 -1.218347e+00 1.051614e-02 -3.127427e-04 9.999446e-01 1.918304e+01
9.999867e-01 5.541510e-05 5.165682e-03 1.469489e+01 -5.554404e-05 1.000000e+00 2.482019e-05 -1.216514e+00 -5.165690e-03 -2.510692e-05 9.999866e-01 1.879071e+01
9.999328e-01 2.582943e-05 -1.159469e-02 1.500660e+01 -2.193325e-05 9.999999e-01 3.361572e-04 -1.213908e+00 1.159468e-02 -3.358804e-04 9.999326e-01 1.835946e+01
9.999712e-01 4.038992e-05 7.594075e-03 1.533779e+01 -3.934087e-05 1.000000e+00 -1.382883e-04 -1.208660e+00 -7.594092e-03 1.379855e-04 9.999711e-01 1.778063e+01
9.999152e-01 5.493297e-05 -1.302648e-02 1.564671e+01 -4.902981e-05 9.999999e-01 4.534840e-04 -1.205750e+00 1.302649e-02 -4.528068e-04 9.999149e-01 1.733432e+01
9.999792e-01 8.712028e-05 6.444218e-03 1.595657e+01 -8.684717e-05 1.000000e+00 -4.265684e-05 -1.204519e+00 -6.444233e-03 4.209629e-05 9.999791e-01 1.697606e+01
9.998933e-01 1.325031e-04 -1.460684e-02 1.628400e+01 -1.243103e-04 9.999998e-01 5.617992e-04 -1.203151e+00 1.460690e-02 -5.599235e-04 9.998931e-01 1.660661e+01
