9.994678e-01 -7.381246e-04 3.261366e-02 2.991834e-02 7.740147e-04 9.999991e-01 -1.087848e-03 -1.373232e-02 -3.261282e-02 1.112513e-03 9.994673e-01 5.160334e-01
1.000000e+00 9.812046e-06 -1.106970e-04 6.544962e-02 -9.811733e-06 1.000000e+00 2.742824e-06 -2.735137e-02 1.107036e-04 -2.741481e-06 9.999999e-01 1.019146e+00
9.995665e-01 -6.734023e-04 2.943432e-02 9.374699e-02 7.023772e-04 9.999993e-01 -9.740622e-04 -4.351586e-02 -2.943364e-02 9.943140e-04 9.995661e-01 1.637640e+00
9.999812e-01 1.517243e-04 -6.122194e-03 1.172081e-01 -1.503660e-04 1.000000e+00 2.223238e-04 -6.181736e-02 6.122240e-03 -2.213990e-04 9.999811e-01 2.332074e+00
9.991736e-01 -9.259778e-04 4.063681e-02 1.767477e-01 9.818990e-04 9.999986e-01 -1.356183e-03 -7.870410e-02 -4.063548e-02 1.394964e-03 9.991730e-01 2.932229e+00
9.999612e-01 -1.799797e-04 8.808261e-03 2.234714e-01 1.826271e-04 9.999999e-01 -2.997470e-04 -9.247432e-02 -8.808187e-03 3.013438e-04 9.999611e-01 3.451949e+00
9.992895e-01 -8.634700e-04 3.767910e-02 2.553619e-01 9.113141e-04 9.999988e-01 -1.252621e-03 -1.041194e-01 -3.767795e-02 1.286069e-03 9.992890e-01 3.901390e+00
9.999963e-01 -4.488802e-05 2.718809e-03 2.965356e-01 4.514992e-05 1.000000e+00 -9.623608e-05 -1.179084e-01 -2.718776e-03 9.635795e-05 9.999962e-01 4.411378e+00
9.990060e-01 -1.010710e-03 4.456491e-02 3.511660e-01 1.077630e-03 9.999983e-01 -1.477618e-03 -1.322162e-01 -4.456331e-02 1.524173e-03 9.990053e-01 4.934857e+00
9.999985e-01 -2.043789e-05 1.755811e-03 3.948203e-01 2.055910e-05 1.000000e+00 -6.890792e-05 -1.462957e-01 -1.755772e-03 6.894304e-05 9.999984e-01 5.463861e+00
9.990500e-01 -9.868614e-04 4.356823e-02 4.740578e-01 1.050246e-03 9.999984e-01 -1.431971e-03 -1.633423e-01 -4.356670e-02 1.476367e-03 9.990493e-01 6.064005e+00
9.999774e-01 1.657875e-04 -6.725976e-03 5.210076e-01 -1.642943e-04 1.000000e+00 2.225074e-04 -1.795525e-01 6.726058e-03 -2.213985e-04 9.999773e-01 6.665752e+00
9.991231e-01 -9.508416e-04 4.185742e-02 5.619829e-01 1.009619e-03 9.999985e-01 -1.383117e-03 -1.956784e-01 -4.185600e-02 1.424163e-03 9.991225e-01 7.265902e+00
9.999923e-01 -7.150542e-05 3.916800e-03 6.172678e-01 7.204123e-05 1.000000e+00 -1.365502e-04 -2.124157e-01 -3.916739e-03 1.368299e-04 9.999922e-01 7.890594e+00
9.990564e-01 -9.864579e-04 4.342122e-02 6.509189e-01 1.050273e-03 9.999984e-01 -1.446871e-03 -2.254771e-01 -4.341967e-02 1.491108e-03 9.990557e-01 8.395347e+00
9.999662e-01 2.167505e-04 -8.218597e-03 7.093209e-01 -2.140957e-04 9.999999e-01 3.238232e-04 -2.483567e-01 8.218726e-03 -3.220544e-04 9.999661e-01 9.245401e+00
9.995471e-01 -7.257935e-04 3.008434e-02 7.092230e-01 7.561872e-04 9.999992e-01 -9.988977e-04 -2.715323e-01 -3.008353e-02 1.021193e-03 9.995468e-01 1.017298e+01
9.999487e-01 -1.805157e-04 1.013098e-02 7.718183e-01 1.837352e-04 9.999999e-01 -3.167832e-04 -2.930979e-01 -1.013086e-02 3.186264e-04 9.999485e-01 1.097285e+01
9.999285e-01 -3.285187e-04 1.195348e-02 7.879493e-01 3.330615e-04 9.999999e-01 -3.779877e-04 -3.163071e-01 -1.195329e-02 3.819399e-04 9.999284e-01 1.187267e+01
9.997014e-01 -4.976975e-04 2.443078e-02 8.479174e-01 5.178958e-04 9.999995e-01 -8.204016e-04 -3.362427e-01 -2.443029e-02 8.328070e-04 9.997011e-01 1.260436e+01
9.997718e-01 -5.397006e-04 2.135472e-02 8.831721e-01 5.552412e-04 9.999996e-01 -7.217713e-04 -3.487318e-01 -2.135425e-02 7.334613e-04 9.997716e-01 1.307864e+01
9.999969e-01 -1.856854e-06 2.468993e-03 9.249006e-01 1.991765e-06 1.000000e+00 -5.422196e-05 -3.668490e-01 -2.468920e-03 5.422437e-05 9.999969e-01 1.374425e+01
9.998634e-01 -4.430162e-04 1.652330e-02 9.501477e-01 4.519175e-04 9.999998e-01 -5.349196e-04 -3.888427e-01 -1.652298e-02 5.423113e-04 9.998633e-01 1.457921e+01
9.999952e-01 4.835222e-06 3.083143e-03 1.052539e+00 -4.512500e-06 1.000000e+00 -1.043116e-04 -4.084590e-01 -3.083068e-03 1.042948e-04 9.999952e-01 1.519713e+01
9.999097e-01 -3.784630e-04 1.343153e-02 1.121845e+00 3.841684e-04 9.999998e-01 -4.221126e-04 -4.285852e-01 -1.343129e-02 4.272320e-04 9.999096e-01 1.588304e+01
9.999713e-01 2.228493e-04 -7.566296e-03 1.104300e+00 -2.207797e-04 9.999999e-01 2.742106e-04 -4.496724e-01 7.566434e-03 -2.725347e-04 9.999713e-01 1.674040e+01
9.998470e-01 -4.789295e-04 1.748238e-02 1.066573e+00 4.886390e-04 9.999997e-01 -5.510570e-04 -4.714223e-01 -1.748204e-02 5.595127e-04 9.998469e-01 1.766509e+01
9.999996e-01 8.516165e-05 -8.253414e-04 1.072320e+00 -8.513438e-05 1.000000e+00 3.150752e-05 -4.919360e-01 8.254228e-04 -3.143984e-05 9.999996e-01 1.847248e+01
9.998466e-01 -4.805812e-04 1.750552e-02 1.065097e+00 4.900480e-04 9.999997e-01 -5.364282e-04 -5.146481e-01 -1.750517e-02 5.449218e-04 9.998465e-01 1.939284e+01
9.999903e-01 1.753737e-04 -4.398082e-03 1.099890e+00 -1.746715e-04 1.000000e+00 1.597098e-04 -5.396545e-01 4.398190e-03 -1.589427e-04 9.999902e-01 2.033298e+01
9.999706e-01 -2.970786e-04 7.660765e-03 1.051965e+00 2.985050e-04 9.999999e-01 -1.848740e-04 -5.645279e-01 -7.660629e-03 1.871526e-04 9.999706e-01 2.139727e+01
9.999943e-01 1.396248e-05 3.378008e-03 1.006416e+00 -1.351041e-05 1.000000e+00 -1.334327e-04 -5.866814e-01 -3.377928e-03 1.333836e-04 9.999942e-01 2.235629e+01
9.999329e-01 -3.830171e-04 1.157217e-02 9.684829e-01 3.865302e-04 9.999999e-01 -3.012160e-04 -6.115401e-01 -1.157197e-02 3.056660e-04 9.999329e-01 2.341627e+01
9.999719e-01 2.274175e-04 -7.493514e-03 8.615586e-01 -2.255165e-04 9.999999e-01 2.543257e-04 -6.379963e-01 7.493654e-03 -2.526314e-04 9.999718e-01 2.464408e+01
9.999504e-01 -3.394242e-04 9.951396e-03 7.907546e-01 3.420713e-04 9.999999e-01 -2.641597e-04 -6.612897e-01 -9.951222e-03 2.675479e-04 9.999504e-01 2.567597e+01
9.999620e-01 2.574774e-04 -8.706244e-03 7.130656e-01 -2.549245e-04 9.999999e-01 2.941690e-04 -6.832545e-01 8.706401e-03 -2.919411e-04 9.999620e-01 2.666166e+01
9.999530e-01 -3.392501e-04 9.688255e-03 6.108633e-01 3.416971e-04 9.999999e-01 -2.507701e-04 -7.061445e-01 -9.688087e-03 2.540660e-04 9.999530e-01 2.772668e+01
9.999801e-01 1.927332e-04 -6.308382e-03 3.866437e-01 -1.916589e-04 1.000000e+00 1.706574e-04 -7.189888e-01 6.308498e-03 -1.694477e-04 9.999800e-01 2.853875e+01
9.999516e-01 -3.361473e-04 9.827791e-03 5.999128e-02 3.388858e-04 9.999999e-01 -2.768291e-04 -7.255157e-01 -9.827614e-03 2.801434e-04 9.999516e-01 2.922405e+01
9.999902e-01 1.633693e-04 -4.421185e-03 -1.882692e-02 -1.627548e-04 1.000000e+00 1.389877e-04 -7.445548e-01 4.421291e-03 -1.382695e-04 9.999901e-01 3.009334e+01
9.999819e-01 -2.577974e-04 6.013433e-03 -1.977934e-01 2.586949e-04 1.000000e+00 -1.482166e-04 -7.606891e-01 -6.013311e-03 1.497667e-04 9.999818e-01 3.097944e+01
9.999893e-01 1.551629e-04 -4.625303e-03 -6.852521e-01 -1.546199e-04 1.000000e+00 1.174338e-04 -7.641183e-01 4.625405e-03 -1.167202e-04 9.999892e-01 3.176320e+01
9.999869e-01 -2.396718e-04 5.106193e-03 -1.034935e+00 2.401325e-04 1.000000e+00 -8.931636e-05 -7.765706e-01 -5.106088e-03 9.053853e-05 9.999869e-01 3.273996e+01
9.999876e-01 1.630827e-04 -4.980961e-03 -1.165388e+00 -1.622245e-04 1.000000e+00 1.723830e-04 -8.017167e-01 4.981072e-03 -1.715756e-04 9.999875e-01 3.394520e+01
9.999842e-01 -2.489113e-04 5.612788e-03 -1.601704e+00 2.498828e-04 1.000000e+00 -1.721108e-04 -8.075690e-01 -5.612661e-03 1.735078e-04 9.999842e-01 3.475756e+01
9.999943e-01 1.334784e-04 -3.366652e-03 -1.929659e+00 -1.331169e-04 1.000000e+00 1.071505e-04 -8.127368e-01 3.366750e-03 -1.067046e-04 9.999942e-01 3.538199e+01
9.999783e-01 -2.764635e-04 6.581829e-03 -2.265508e+00 2.778923e-04 9.999999e-01 -2.159278e-04 -8.161003e-01 -6.581685e-03 2.177493e-04 9.999782e-01 3.594401e+01
9.999923e-01 1.537623e-04 -3.917474e-03 -2.522349e+00 -1.531493e-04 1.000000e+00 1.563614e-04 -8.275630e-01 3.917582e-03 -1.557631e-04 9.999922e-01 3.674250e+01
9.999115e-01 -4.058414e-04 1.329660e-02 -2.549265e+00 4.115521e-04 9.999998e-01 -4.266367e-04 -8.474534e-01 -1.329634e-02 4.320683e-04 9.999114e-01 3.756946e+01
9.999995e-01 4.389084e-05 9.474149e-04 -2.625802e+00 -4.385365e-05 1.000000e+00 -3.753033e-05 -8.596537e-01 -9.473312e-04 3.748586e-05 9.999995e-01 3.814895e+01
9.998999e-01 -4.231073e-04 1.414290e-02 -2.712030e+00 4.296107e-04 9.999998e-01 -4.566877e-04 -8.718899e-01 -1.414262e-02 4.627149e-04 9.998998e-01 3.874613e+01
9.999985e-01 2.482768e-06 1.735835e-03 -2.867084e+00 -2.383691e-06 1.000000e+00 -5.607083e-05 -8.840881e-01 -1.735748e-03 5.606362e-05 9.999984e-01 3.944864e+01
9.999016e-01 -4.328128e-04 1.402142e-02 -3.052327e+00 4.392525e-04 9.999998e-01 -4.560747e-04 -8.943152e-01 -1.402113e-02 4.621857e-04 9.999015e-01 4.011202e+01
9.999999e-01 5.425089e-05 -2.872563e-04 -3.198255e+00 -5.424154e-05 1.000000e+00 2.608064e-05 -9.083051e-01 2.873460e-04 -2.606812e-05 9.999999e-01 4.087321e+01
9.997444e-01 -5.792907e-04 2.260026e-02 -3.197200e+00 5.966351e-04 9.999995e-01 -7.606274e-04 -9.233810e-01 -2.259972e-02 7.739139e-04 9.997442e-01 4.147482e+01
9.999394e-01 3.210365e-04 -1.100030e-02 -3.147428e+00 -3.163275e-04 9.999999e-01 4.296258e-04 -9.467783e-01 1.100053e-02 -4.261232e-04 9.999393e-01 4.232506e+01
9.997622e-01 -5.939560e-04 2.179776e-02 -3.182586e+00 6.101192e-04 9.999995e-01 -7.347735e-04 -9.686529e-01 -2.179722e-02 7.478948e-04 9.997621e-01 4.325396e+01
9.998944e-01 3.876022e-04 -1.452684e-02 -3.260105e+00 -3.793911e-04 9.999998e-01 5.678425e-04 -9.921673e-01 1.452715e-02 -5.622743e-04 9.998942e-01 4.431524e+01
9.997702e-01 -5.753905e-04 2.142736e-02 -3.304696e+00 5.909486e-04 9.999996e-01 -7.196634e-04 -1.016678e+00 -2.142685e-02 7.321572e-04 9.997701e-01 4.536089e+01
9.998134e-01 4.783916e-04 -1.930833e-02 -3.402520e+00 -4.639295e-04 9.999996e-01 7.533696e-04 -1.042208e+00 1.930878e-02 -7.442745e-04 9.998132e-01 4.653251e+01
9.997955e-01 -5.588390e-04 2.021203e-02 -3.487151e+00 5.723270e-04 9.999996e-01 -6.614484e-04 -1.069943e+00 -2.021156e-02 6.728778e-04 9.997954e-01 4.777110e+01
9.998376e-01 4.537882e-04 -1.801329e-02 -3.561038e+00 -4.411058e-04 9.999997e-01 7.079036e-04 -1.098024e+00 1.801369e-02 -6.998461e-04 9.998374e-01 4.900767e+01
9.997630e-01 -5.873095e-04 2.176046e-02 -3.619568e+00 6.030717e-04 9.999996e-01 -7.177005e-04 -1.125752e+00 -2.175994e-02 7.306503e-04 9.997629e-01 5.020588e+01
9.998865e-01 3.902934e-04 -1.506192e-02 -3.685722e+00 -3.812154e-04 9.999997e-01 6.054323e-04 -1.154654e+00 1.506224e-02 -5.996249e-04 9.998863e-01 5.147099e+01
9.996125e-01 -7.075125e-04 2.782746e-02 -3.721954e+00 7.334272e-04 9.999993e-01 -9.209949e-04 -1.186326e+00 -2.782670e-02 9.410441e-04 9.996122e-01 5.280300e+01
9.998480e-01 4.385570e-04 -1.742474e-02 -3.772751e+00 -4.262153e-04 9.999997e-01 7.118660e-04 -1.219808e+00 1.742514e-02 -7.043344e-04 9.998479e-01 5.423563e+01
9.998327e-01 -5.283283e-04 1.828083e-02 -3.827111e+00 5.390554e-04 9.999997e-01 -5.817591e-04 -1.252703e+00 -1.828043e-02 5.915129e-04 9.998327e-01 5.563851e+01
9.998779e-01 4.106839e-04 -1.562046e-02 -3.858369e+00 -4.008516e-04 9.999997e-01 6.324252e-04 -1.283740e+00 1.562081e-02 -6.260898e-04 9.998777e-01 5.692621e+01
9.998304e-01 -5.181373e-04 1.840537e-02 -3.873413e+00 5.294226e-04 9.999997e-01 -6.081636e-04 -1.311652e+00 -1.840495e-02 6.178015e-04 9.998304e-01 5.805556e+01
9.998296e-01 4.556400e-04 -1.845309e-02 -3.880577e+00 -4.414346e-04 9.999996e-01 7.737522e-04 -1.345418e+00 1.845353e-02 -7.654777e-04 9.998294e-01 5.941301e+01
9.998290e-01 -5.213718e-04 1.848562e-02 -3.904831e+00 5.329938e-04 9.999997e-01 -6.236659e-04 -1.377615e+00 -1.848520e-02 6.334086e-04 9.998289e-01 6.073417e+01
9.998447e-01 4.506436e-04 -1.761691e-02 -3.917573e+00 -4.381499e-04 9.999996e-01 7.129135e-04 -1.404841e+00 1.761732e-02 -7.050872e-04 9.998445e-01 6.182832e+01
9.996276e-01 -6.588915e-04 2.727973e-02 -3.783841e+00 6.855466e-04 9.999993e-01 -9.676809e-04 -1.431537e+00 -2.727898e-02 9.860187e-04 9.996273e-01 6.267660e+01
9.997191e-01 5.881123e-04 -2.369152e-02 -3.579422e+00 -5.661847e-04 9.999994e-01 9.321448e-04 -1.460208e+00 2.369215e-02 -9.184724e-04 9.997188e-01 6.350532e+01
9.996433e-01 -6.863180e-04 2.669651e-02 -3.602593e+00 7.112287e-04 9.999993e-01 -9.235428e-04 -1.486114e+00 -2.669576e-02 9.421974e-04 9.996431e-01 6.456324e+01
9.996670e-01 6.302320e-04 -2.579418e-02 -3.628267e+00 -6.042407e-04 9.999993e-01 1.015332e-03 -1.512451e+00 2.579490e-02 -9.994115e-04 9.996667e-01 6.564285e+01
9.996296e-01 -7.011257e-04 2.720434e-02 -3.676807e+00 7.271007e-04 9.999993e-01 -9.448493e-04 -1.538659e+00 -2.720357e-02 9.642763e-04 9.996294e-01 6.675614e+01
9.997383e-01 5.715106e-04 -2.286959e-02 -3.740494e+00 -5.513472e-04 9.999995e-01 8.878578e-04 -1.562732e+00 2.287017e-02 -8.750196e-04 9.997380e-01 6.780892e+01
9.997129e-01 -6.429271e-04 2.395284e-02 -3.815729e+00 6.625020e-04 9.999995e-01 -8.092109e-04 -1.588973e+00 -2.395221e-02 8.248441e-04 9.997127e-01 6.896931e+01
9.997317e-01 5.722976e-04 -2.315344e-02 -3.886503e+00 -5.510508e-04 9.999994e-01 9.239175e-04 -1.618568e+00 2.315405e-02 -9.109142e-04 9.997314e-01 7.026122e+01
9.997191e-01 -6.402500e-04 2.369274e-02 -3.958392e+00 6.594470e-04 9.999995e-01 -8.023539e-04 -1.648302e+00 -2.369212e-02 8.177493e-04 9.997189e-01 7.156079e+01
9.997325e-01 5.854189e-04 -2.312022e-02 -4.009011e+00 -5.649982e-04 9.999994e-01 8.896620e-04 -1.673130e+00 2.312082e-02 -8.763644e-04 9.997322e-01 7.261880e+01
9.997364e-01 -6.164361e-04 2.295100e-02 -4.027947e+00 6.348854e-04 9.999995e-01 -7.964818e-04 -1.695773e+00 -2.295040e-02 8.108398e-04 9.997362e-01 7.352942e+01
9.997407e-01 5.705018e-04 -2.276351e-02 -4.074118e+00 -5.502273e-04 9.999994e-01 8.968104e-04 -1.720892e+00 2.276410e-02 -8.840559e-04 9.997404e-01 7.459114e+01
9.997254e-01 -6.277242e-04 2.342508e-02 -4.115854e+00 6.470708e-04 9.999995e-01 -8.182294e-04 -1.745256e+00 -2.342446e-02 8.331591e-04 9.997252e-01 7.561479e+01
9.997577e-01 5.650689e-04 -2.200195e-02 -4.092195e+00 -5.458850e-04 9.999995e-01 8.778075e-04 -1.771138e+00 2.200253e-02 -8.655875e-04 9.997575e-01 7.659097e+01
9.996193e-01 -6.908659e-04 2.758074e-02 -4.008712e+00 7.177489e-04 9.999993e-01 -9.647317e-04 -1.798912e+00 -2.757996e-02 9.841572e-04 9.996190e-01 7.755483e+01
9.996784e-01 6.345031e-04 -2.534875e-02 -3.932562e+00 -6.094910e-04 9.999993e-01 9.943387e-04 -1.825139e+00 2.534945e-02 -9.785723e-04 9.996781e-01 7.846144e+01
9.995960e-01 -7.213188e-04 2.841295e-02 -3.918887e+00 7.499347e-04 9.999992e-01 -9.964207e-04 -1.850388e+00 -2.841211e-02 1.017323e-03 9.995957e-01 7.943004e+01
9.996358e-01 6.626961e-04 -2.697538e-02 -3.933619e+00 -6.342344e-04 9.999992e-01 1.063551e-03 -1.875801e+00 2.697616e-02 -1.046059e-03 9.996355e-01 8.045333e+01
9.996088e-01 -7.107068e-04 2.796018e-02 -3.914622e+00 7.385489e-04 9.999992e-01 -9.853812e-04 -1.901321e+00 -2.795937e-02 1.005642e-03 9.996085e-01 8.142242e+01
9.996252e-01 6.721972e-04 -2.736776e-02 -3.907476e+00 -6.430331e-04 9.999992e-01 1.074336e-03 -1.925815e+00 2.736856e-02 -1.056338e-03 9.996248e-01 8.236958e+01
9.996053e-01 -7.169087e-04 2.808176e-02 -3.952182e+00 7.454069e-04 9.999992e-01 -1.004294e-03 -1.948574e+00 -2.808093e-02 1.024827e-03 9.996051e-01 8.333183e+01
9.996326e-01 6.748759e-04 -2.709448e-02 -3.970520e+00 -6.465570e-04 9.999992e-01 1.053848e-03 -1.969529e+00 2.709526e-02 -1.035946e-03 9.996323e-01 8.417266e+01
9.996080e-01 -7.287137e-04 2.798641e-02 -4.009997e+00 7.563206e-04 9.999992e-01 -9.757864e-04 -1.993946e+00 -2.798558e-02 9.965673e-04 9.996078e-01 8.519518e+01
9.996440e-01 6.697243e-04 -2.667008e-02 -4.045312e+00 -6.421512e-04 9.999993e-01 1.042321e-03 -2.018639e+00 2.667085e-02 -1.024827e-03 9.996437e-01 8.622378e+01
9.995269e-01 -7.918244e-04 3.074560e-02 -4.098283e+00 8.260657e-04 9.999991e-01 -1.100937e-03 -2.039886e+00 -3.074461e-02 1.125811e-03 9.995266e-01 8.714240e+01
9.996585e-01 6.538758e-04 -2.612370e-02 -4.271236e+00 -6.281654e-04 9.999993e-01 9.922780e-04 -2.051904e+00 2.612443e-02 -9.755324e-04 9.996582e-01 8.784217e+01
9.995528e-01 -7.755696e-04 2.989113e-02 -4.386595e+00 8.075863e-04 9.999991e-01 -1.058978e-03 -2.069182e+00 -2.989019e-02 1.082641e-03 9.995525e-01 8.868472e+01
9.996129e-01 7.070265e-04 -2.781050e-02 -4.448598e+00 -6.773414e-04 9.999992e-01 1.076720e-03 -2.091083e+00 2.781133e-02 -1.057469e-03 9.996126e-01 8.964072e+01
9.995672e-01 -7.759247e-04 2.940597e-02 -4.504398e+00 8.060991e-04 9.999992e-01 -1.014214e-03 -2.116560e+00 -2.940506e-02 1.037476e-03 9.995670e-01 9.073567e+01
9.996829e-01 6.559779e-04 -2.517179e-02 -4.553243e+00 -6.316428e-04 9.999993e-01 9.745993e-04 -2.141415e+00 2.517251e-02 -9.583939e-04 9.996826e-01 9.179571e+01
9.995351e-01 -8.105743e-04 3.047733e-02 -4.611932e+00 8.434748e-04 9.999991e-01 -1.066589e-03 -2.164261e+00 -3.047634e-02 1.091797e-03 9.995348e-01 9.279151e+01
9.996145e-01 7.275134e-04 -2.775368e-02 -4.655381e+00 -6.977505e-04 9.999992e-01 1.081973e-03 -2.188728e+00 2.775454e-02 -1.062194e-03 9.996141e-01 9.382421e+01
9.995457e-01 -8.133655e-04 3.012761e-02 -4.692361e+00 8.448087e-04 9.999991e-01 -1.030874e-03 -2.215990e+00 -3.012665e-02 1.055854e-03 9.995455e-01 9.496263e+01
9.995912e-01 7.425439e-04 -2.857885e-02 -4.769505e+00 -7.109894e-04 9.999991e-01 1.114175e-03 -2.243620e+00 2.857975e-02 -1.093403e-03 9.995909e-01 9.618577e+01
9.994678e-01 -8.630823e-04 3.260984e-02 -4.840635e+00 9.012334e-04 9.999989e-01 -1.155172e-03 -2.266390e+00 -3.260871e-02 1.183943e-03 9.994674e-01 9.719942e+01
9.996799e-01 7.068313e-04 -2.528944e-02 -4.827716e+00 -6.818695e-04 9.999993e-01 9.955528e-04 -2.290191e+00 2.529022e-02 -9.779933e-04 9.996796e-01 9.811729e+01
9.990839e-01 -1.080802e-03 4.278019e-02 -4.808729e+00 1.145521e-03 9.999982e-01 -1.488299e-03 -2.314332e+00 -4.277841e-02 1.535938e-03 9.990833e-01 9.905356e+01
9.997099e-01 6.761942e-04 -2.407417e-02 -4.810323e+00 -6.533879e-04 9.999993e-01 9.550760e-04 -2.338811e+00 2.407489e-02 -9.390725e-04 9.997097e-01 1.000390e+02
9.994913e-01 -8.598725e-04 3.188078e-02 -4.856071e+00 8.959186e-04 9.999990e-01 -1.116303e-03 -2.364407e+00 -3.187969e-02 1.144294e-03 9.994910e-01 1.011347e+02
9.995607e-01 7.933673e-04 -2.962651e-02 -4.886689e+00 -7.592976e-04 9.999990e-01 1.161112e-03 -2.389831e+00 2.962750e-02 -1.138110e-03 9.995603e-01 1.021867e+02
9.993729e-01 -9.270561e-04 3.539461e-02 -4.908076e+00 9.718823e-04 9.999987e-01 -1.249214e-03 -2.414631e+00 -3.539331e-02 1.282827e-03 9.993726e-01 1.032040e+02
9.995866e-01 7.817511e-04 -2.873939e-02 -4.941424e+00 -7.498639e-04 9.999991e-01 1.120193e-03 -2.438435e+00 2.874034e-02 -1.098183e-03 9.995862e-01 1.041994e+02
9.994897e-01 -8.828229e-04 3.192822e-02 -5.005961e+00 9.184760e-04 9.999990e-01 -1.101934e-03 -2.465381e+00 -3.192712e-02 1.130693e-03 9.994895e-01 1.053721e+02
9.995961e-01 7.756018e-04 -2.840669e-02 -5.084038e+00 -7.448628e-04 9.999991e-01 1.092573e-03 -2.490679e+00 2.840761e-02 -1.070976e-03 9.995958e-01 1.065005e+02
9.994627e-01 -8.955444e-04 3.276304e-02 -5.150039e+00 9.330338e-04 9.999989e-01 -1.128907e-03 -2.516008e+00 -3.276190e-02 1.158866e-03 9.994625e-01 1.076132e+02
9.995545e-01 8.169925e-04 -2.983354e-02 -5.200349e+00 -7.836717e-04 9.999991e-01 1.128469e-03 -2.538524e+00 2.983453e-02 -1.104590e-03 9.995542e-01 1.085795e+02
9.995281e-01 -8.561418e-04 3.070572e-02 -5.278123e+00 8.897305e-04 9.999990e-01 -1.080156e-03 -2.557962e+00 -3.070466e-02 1.106963e-03 9.995278e-01 1.094554e+02
9.995666e-01 8.110750e-04 -2.942488e-02 -5.354257e+00 -7.794937e-04 9.999991e-01 1.084640e-03 -2.572143e+00 2.942583e-02 -1.061237e-03 9.995663e-01 1.100951e+02
9.994952e-01 -8.556670e-04 3.175613e-02 -5.371102e+00 8.916405e-04 9.999990e-01 -1.118578e-03 -2.587468e+00 -3.175504e-02 1.146325e-03 9.994950e-01 1.106966e+02
9.995594e-01 7.868895e-04 -2.966949e-02 -5.457149e+00 -7.542691e-04 9.999991e-01 1.110536e-03 -2.603967e+00 2.967044e-02 -1.087672e-03 9.995591e-01 1.114584e+02
9.993858e-01 -9.033257e-04 3.503168e-02 -5.509271e+00 9.471612e-04 9.999988e-01 -1.234657e-03 -2.620096e+00 -3.503042e-02 1.267076e-03 9.993854e-01 1.121536e+02
9.994721e-01 8.428733e-04 -3.247601e-02 -5.556002e+00 -8.034942e-04 9.999989e-01 1.225500e-03 -2.639348e+00 3.247710e-02 -1.198762e-03 9.994717e-01 1.129747e+02
9.994688e-01 -8.595199e-04 3.257870e-02 -5.582988e+00 8.969147e-04 9.999990e-01 -1.133152e-03 -2.661094e+00 -3.257760e-02 1.161767e-03 9.994685e-01 1.138613e+02
9.994884e-01 8.324087e-04 -3.197144e-02 -5.589316e+00 -7.937406e-04 9.999989e-01 1.222037e-03 -2.684403e+00 3.197252e-02 -1.196038e-03 9.994880e-01 1.147812e+02
9.994409e-01 -8.786867e-04 3.342098e-02 -5.626330e+00 9.182283e-04 9.999989e-01 -1.167728e-03 -2.707393e+00 -3.341982e-02 1.197760e-03 9.994406e-01 1.157409e+02
9.997491e-01 6.203036e-04 -2.238922e-02 -5.606892e+00 -6.017179e-04 9.999995e-01 8.367173e-04 -2.723357e+00 2.238982e-02 -8.230388e-04 9.997489e-01 1.163291e+02
9.993840e-01 -8.909594e-04 3.508198e-02 -5.553749e+00 9.347326e-04 9.999988e-01 -1.231278e-03 -2.738984e+00 -3.508074e-02 1.263309e-03 9.993836e-01 1.168543e+02
9.996572e-01 7.190817e-04 -2.617210e-02 -5.360400e+00 -6.938026e-04 9.999993e-01 9.748298e-04 -2.760704e+00 2.617288e-02 -9.563408e-04 9.996569e-01 1.174156e+02
9.994180e-01 -8.428548e-04 3.410177e-02 -4.974723e+00 8.847058e-04 9.999989e-01 -1.212083e-03 -2.786042e+00 -3.410061e-02 1.241544e-03 9.994176e-01 1.178400e+02
9.996055e-01 7.288877e-04 -2.807699e-02 -4.899755e+00 -6.992859e-04 9.999992e-01 1.064001e-03 -2.805758e+00 2.807784e-02 -1.043950e-03 9.996051e-01 1.184855e+02
9.994172e-01 -8.588459e-04 3.412306e-02 -4.898337e+00 9.004807e-04 9.999989e-01 -1.204700e-03 -2.825119e+00 -3.412188e-02 1.234722e-03 9.994169e-01 1.192349e+02
9.995299e-01 7.910961e-04 -3.064588e-02 -4.813142e+00 -7.561746e-04 9.999991e-01 1.150985e-03 -2.845285e+00 3.064686e-02 -1.127274e-03 9.995296e-01 1.198839e+02
9.992762e-01 -9.484508e-04 3.802661e-02 -4.825072e+00 1.000033e-03 9.999986e-01 -1.337405e-03 -2.863599e+00 -3.802519e-02 1.374461e-03 9.992758e-01 1.206141e+02
9.995397e-01 7.685417e-04 -3.032537e-02 -4.885376e+00 -7.339950e-04 9.999991e-01 1.150207e-03 -2.881896e+00 3.032633e-02 -1.127423e-03 9.995394e-01 1.214214e+02
9.993593e-01 -8.786496e-04 3.577898e-02 -4.856840e+00 9.249250e-04 9.999988e-01 -1.276751e-03 -2.900171e+00 -3.577771e-02 1.309022e-03 9.993589e-01 1.220822e+02
9.994939e-01 8.040964e-04 -3.179889e-02 -4.849126e+00 -7.658463e-04 9.999990e-01 1.214934e-03 -2.920123e+00 3.179993e-02 -1.189970e-03 9.994935e-01 1.228427e+02
9.992777e-01 -9.358496e-04 3.798800e-02 -4.862265e+00 9.875433e-04 9.999986e-01 -1.341970e-03 -2.941684e+00 -3.798659e-02 1.378512e-03 9.992772e-01 1.237087e+02
9.995228e-01 8.035167e-04 -3.087659e-02 -4.745127e+00 -7.662721e-04 9.999990e-01 1.217944e-03 -2.971841e+00 3.087764e-02 -1.193707e-03 9.995224e-01 1.247128e+02
9.992840e-01 -9.284826e-04 3.782321e-02 -4.648549e+00 9.803914e-04 9.999986e-01 -1.353801e-03 -2.998488e+00 -3.782180e-02 1.389909e-03 9.992835e-01 1.256163e+02
9.994649e-01 8.024828e-04 -3.269858e-02 -4.745726e+00 -7.617495e-04 9.999989e-01 1.258052e-03 -3.016569e+00 3.269965e-02 -1.232475e-03 9.994644e-01 1.264691e+02
9.991505e-01 -9.866366e-04 4.119686e-02 -4.767502e+00 1.047446e-03 9.999984e-01 -1.454432e-03 -3.038665e+00 -4.119526e-02 1.496344e-03 9.991499e-01 1.273758e+02
9.997027e-01 6.307859e-04 -2.437330e-02 -4.724337e+00 -6.074091e-04 9.999993e-01 9.663620e-04 -3.060992e+00 2.437399e-02 -9.512737e-04 9.997024e-01 1.281890e+02
9.994325e-01 -8.307718e-04 3.367227e-02 -4.711560e+00 8.723683e-04 9.999989e-01 -1.220565e-03 -3.080667e+00 -3.367112e-02 1.249243e-03 9.994321e-01 1.289365e+02
9.995351e-01 7.458129e-04 -3.047777e-02 -4.774434e+00 -7.104996e-04 9.999991e-01 1.169356e-03 -3.096237e+00 3.047871e-02 -1.147161e-03 9.995347e-01 1.296196e+02
9.990896e-01 -1.002662e-03 4.264942e-02 -4.765237e+00 1.067617e-03 9.999983e-01 -1.500177e-03 -3.116759e+00 -4.264775e-02 1.544341e-03 9.990889e-01 1.304092e+02
9.997199e-01 5.944205e-04 -2.365687e-02 -4.726798e+00 -5.726717e-04 9.999994e-01 9.259539e-04 -3.136434e+00 2.365750e-02 -9.121506e-04 9.997197e-01 1.311367e+02
9.993429e-01 -8.684858e-04 3.623414e-02 -4.721114e+00 9.151311e-04 9.999988e-01 -1.270667e-03 -3.159231e+00 -3.623289e-02 1.302987e-03 9.993425e-01 1.320298e+02
9.996802e-01 6.309139e-04 -2.527926e-02 -4.677342e+00 -6.062070e-04 9.999993e-01 9.848604e-04 -3.183065e+00 2.527997e-02 -9.692246e-04 9.996799e-01 1.328989e+02
9.992407e-01 -9.141345e-04 3.894897e-02 -4.635175e+00 9.680235e-04 9.999986e-01 -1.364652e-03 -3.206575e+00 -3.894757e-02 1.401316e-03 9.992402e-01 1.337652e+02
9.994635e-01 7.729597e-04 -3.274067e-02 -4.692765e+00 -7.324735e-04 9.999990e-01 1.248426e-03 -3.229056e+00 3.274170e-02 -1.223778e-03 9.994630e-01 1.347452e+02
9.992374e-01 -9.116783e-04 3.903512e-02 -4.705452e+00 9.650040e-04 9.999986e-01 -1.347182e-03 -3.255154e+00 -3.903374e-02 1.383820e-03 9.992369e-01 1.357962e+02
9.994363e-01 8.037607e-04 -3.356214e-02 -4.686833e+00 -7.618060e-04 9.999989e-01 1.262708e-03 -3.279324e+00 3.356322e-02 -1.236432e-03 9.994358e-01 1.367163e+02
9.996851e-01 -5.890518e-04 2.508491e-02 -4.620883e+00 6.108954e-04 9.999994e-01 -8.629820e-04 -3.298419e+00 -2.508429e-02 8.780308e-04 9.996849e-01 1.373248e+02
9.995860e-01 6.769483e-04 -2.876229e-02 -4.440666e+00 -6.474419e-04 9.999993e-01 1.035039e-03 -3.320259e+00 2.876307e-02 -1.015992e-03 9.995857e-01 1.378954e+02
9.995381e-01 -7.245732e-04 3.038153e-02 -4.413763e+00 7.549824e-04 9.999992e-01 -9.893301e-04 -3.344401e+00 -3.038069e-02 1.011807e-03 9.995378e-01 1.387955e+02
9.992580e-01 9.399566e-04 -3.850383e-02 -4.341267e+00 -8.882132e-04 9.999987e-01 1.360834e-03 -3.361703e+00 3.850516e-02 -1.325629e-03 9.992575e-01 1.393231e+02
9.993678e-01 -8.420335e-04 3.554206e-02 -4.347678e+00 8.850608e-04 9.999989e-01 -1.194786e-03 -3.378381e+00 -3.554091e-02 1.225484e-03 9.993674e-01 1.399635e+02
9.995430e-01 7.301910e-04 -3.021850e-02 -4.311519e+00 -6.980784e-04 9.999992e-01 1.073089e-03 -3.396398e+00 3.021936e-02 -1.051508e-03 9.995427e-01 1.405940e+02
9.993672e-01 -8.425804e-04 3.555764e-02 -4.303767e+00 8.854606e-04 9.999989e-01 -1.190102e-03 -3.415532e+00 -3.555650e-02 1.220830e-03 9.993669e-01 1.413229e+02
9.995637e-01 6.965196e-04 -2.952500e-02 -4.335266e+00 -6.656010e-04 9.999992e-01 1.056885e-03 -3.434948e+00 2.952581e-02 -1.036775e-03 9.995634e-01 1.421275e+02
9.995104e-01 -7.639127e-04 3.127634e-02 -4.402596e+00 7.981336e-04 9.999991e-01 -1.081559e-03 -3.446896e+00 -3.127538e-02 1.105989e-03 9.995101e-01 1.426682e+02
9.996967e-01 6.138832e-04 -2.461771e-02 -4.268212e+00 -5.923728e-04 9.999994e-01 8.808998e-04 -3.461280e+00 2.461833e-02 -8.660534e-04 9.996965e-01 1.430208e+02
9.995670e-01 -7.340156e-04 2.941349e-02 -4.278970e+00 7.629047e-04 9.999992e-01 -9.708340e-04 -3.482609e+00 -2.941266e-02 9.928495e-04 9.995668e-01 1.438703e+02
9.996855e-01 6.260655e-04 -2.506852e-02 -4.278600e+00 -6.040306e-04 9.999994e-01 8.863900e-04 -3.502189e+00 2.506916e-02 -8.709728e-04 9.996853e-01 1.446267e+02
9.995534e-01 -7.218144e-04 2.987333e-02 -4.138401e+00 7.523129e-04 9.999992e-01 -1.009570e-03 -3.521776e+00 -2.987248e-02 1.031590e-03 9.995531e-01 1.451705e+02
9.996799e-01 6.113776e-04 -2.528884e-02 -4.132197e+00 -5.888998e-04 9.999994e-01 8.961200e-04 -3.537727e+00 2.528947e-02 -8.809443e-04 9.996797e-01 1.457706e+02
9.995478e-01 -7.200722e-04 3.005842e-02 -4.116426e+00 7.506428e-04 9.999992e-01 -1.005641e-03 -3.556245e+00 -3.005757e-02 1.027746e-03 9.995476e-01 1.464589e+02
9.995691e-01 6.872295e-04 -2.934256e-02 -4.147506e+00 -6.564598e-04 9.999992e-01 1.058122e-03 -3.576143e+00 2.934336e-02 -1.038407e-03 9.995688e-01 1.472763e+02
9.996069e-01 -6.660564e-04 2.802720e-02 -4.142002e+00 6.931294e-04 9.999993e-01 -9.561140e-04 -3.594510e+00 -2.802644e-02 9.751608e-04 9.996067e-01 1.479654e+02
9.995791e-01 6.789775e-04 -2.900245e-02 -4.200138e+00 -6.488017e-04 9.999992e-01 1.049717e-03 -3.612279e+00 2.900324e-02 -1.030462e-03 9.995787e-01 1.487340e+02
9.995064e-01 -7.579073e-04 3.140381e-02 -4.222482e+00 7.905437e-04 9.999992e-01 -1.026725e-03 -3.637065e+00 -3.140291e-02 1.051040e-03 9.995062e-01 1.497414e+02
9.996778e-01 6.057021e-04 -2.537542e-02 -4.233902e+00 -5.829762e-04 9.999994e-01 9.028124e-04 -3.659799e+00 2.537605e-02 -8.877319e-04 9.996775e-01 1.506515e+02
9.996769e-01 -6.394847e-04 2.541030e-02 -4.310807e+00 6.608730e-04 9.999994e-01 -8.331765e-04 -3.680094e+00 -2.540965e-02 8.496965e-04 9.996767e-01 1.515629e+02
9.996634e-01 6.264355e-04 -2.593456e-02 -4.523726e+00 -6.038820e-04 9.999994e-01 8.772949e-04 -3.689312e+00 2.593520e-02 -8.613419e-04 9.996632e-01 1.521861e+02
9.996432e-01 -6.809452e-04 2.669919e-02 -4.717520e+00 7.038502e-04 9.999994e-01 -8.483549e-04 -3.703612e+00 -2.669850e-02 8.668406e-04 9.996431e-01 1.530107e+02
9.996814e-01 6.025033e-04 -2.523225e-02 -4.826101e+00 -5.797200e-04 9.999994e-01 9.100851e-04 -3.729407e+00 2.523289e-02 -8.951712e-04 9.996812e-01 1.542098e+02
9.996159e-01 -7.005113e-04 2.770181e-02 -4.918730e+00 7.259897e-04 9.999993e-01 -9.095521e-04 -3.752316e+00 -2.770105e-02 9.293103e-04 9.996158e-01 1.552618e+02
9.996959e-01 6.045602e-04 -2.465167e-02 -4.975656e+00 -5.828462e-04 9.999994e-01 8.878402e-04 -3.774409e+00 2.465229e-02 -8.732058e-04 9.996957e-01 1.562189e+02
9.996930e-01 -6.472182e-04 2.476667e-02 -5.108503e+00 6.677697e-04 9.999994e-01 -8.213824e-04 -3.793722e+00 -2.476603e-02 8.376649e-04 9.996929e-01 1.571717e+02
9.997011e-01 5.989354e-04 -2.443931e-02 -5.346321e+00 -5.778495e-04 9.999995e-01 8.696716e-04 -3.807950e+00 2.443992e-02 -8.552931e-04 9.997009e-01 1.580575e+02
9.996766e-01 -6.676656e-04 2.542037e-02 -5.455110e+00 6.881434e-04 9.999994e-01 -7.966733e-04 -3.832914e+00 -2.541972e-02 8.139047e-04 9.996765e-01 1.592209e+02
9.996756e-01 6.299403e-04 -2.546002e-02 -5.549212e+00 -6.070553e-04 9.999994e-01 9.064188e-04 -3.857872e+00 2.546067e-02 -8.906729e-04 9.996754e-01 1.603545e+02
9.996886e-01 -6.589117e-04 2.494383e-02 -5.680896e+00 6.790483e-04 9.999995e-01 -7.986580e-04 -3.880954e+00 -2.494320e-02 8.153435e-04 9.996885e-01 1.614697e+02
9.996446e-01 6.761094e-04 -2.664904e-02 -6.073315e+00 -6.528141e-04 9.999994e-01 8.826874e-04 -3.884520e+00 2.664972e-02 -8.649805e-04 9.996444e-01 1.620975e+02
9.997304e-01 -6.118805e-04 2.320987e-02 -6.355016e+00 6.289866e-04 9.999995e-01 -7.295528e-04 -3.893025e+00 -2.320932e-02 7.439510e-04 9.997303e-01 1.627794e+02
9.996143e-01 7.109608e-04 -2.775901e-02 -6.502751e+00 -6.850280e-04 9.999993e-01 9.435628e-04 -3.909885e+00 2.775977e-02 -9.241869e-04 9.996142e-01 1.636344e+02
9.996999e-01 -6.414261e-04 2.448734e-02 -6.781627e+00 6.613765e-04 9.999995e-01 -8.064744e-04 -3.916517e+00 -2.448670e-02 8.224240e-04 9.996998e-01 1.642302e+02
9.996985e-01 6.101495e-04 -2.454490e-02 -7.209326e+00 -5.902679e-04 9.999995e-01 8.170787e-04 -3.916628e+00 2.454549e-02 -8.023480e-04 9.996983e-01 1.647696e+02
9.997172e-01 -6.230626e-04 2.377167e-02 -7.329889e+00 6.405683e-04 9.999995e-01 -7.286388e-04 -3.934742e+00 -2.377111e-02 7.436563e-04 9.997171e-01 1.656474e+02
9.995910e-01 7.265404e-04 -2.858584e-02 -7.375209e+00 -6.991897e-04 9.999993e-01 9.666321e-04 -3.954862e+00 2.858662e-02 -9.462536e-04 9.995908e-01 1.664828e+02
9.999039e-01 -3.510227e-04 1.385576e-02 -7.370286e+00 3.559774e-04 9.999999e-01 -3.548530e-04 -3.969001e+00 -1.385554e-02 3.597475e-04 9.999039e-01 1.669871e+02
9.996197e-01 7.143235e-04 -2.756354e-02 -7.393541e+00 -6.899154e-04 9.999994e-01 8.948818e-04 -3.983610e+00 2.756426e-02 -8.755287e-04 9.996196e-01 1.675680e+02
9.997318e-01 -6.218607e-04 2.314926e-02 -7.394122e+00 6.378253e-04 9.999996e-01 -6.821030e-04 -4.002499e+00 -2.314872e-02 6.966815e-04 9.997317e-01 1.682809e+02
9.996487e-01 6.799896e-04 -2.649210e-02 -7.530618e+00 -6.590793e-04 9.999995e-01 7.978807e-04 -4.004686e+00 2.649273e-02 -7.801437e-04 9.996487e-01 1.685078e+02
9.996893e-01 -6.551963e-04 2.491687e-02 -7.669252e+00 6.732054e-04 9.999995e-01 -7.142372e-04 -4.015756e+00 -2.491629e-02 7.307857e-04 9.996892e-01 1.691016e+02
9.996476e-01 6.708381e-04 -2.653692e-02 -7.715395e+00 -6.487831e-04 9.999994e-01 8.395613e-04 -4.035537e+00 2.653757e-02 -8.220523e-04 9.996474e-01 1.699323e+02
9.997353e-01 -6.144282e-04 2.299807e-02 -7.686628e+00 6.295079e-04 9.999996e-01 -6.483021e-04 -4.056894e+00 -2.299757e-02 6.626042e-04 9.997353e-01 1.707010e+02
9.995310e-01 7.687570e-04 -3.061252e-02 -7.307747e+00 -7.397080e-04 9.999993e-01 9.601158e-04 -4.082212e+00 3.061333e-02 -9.370247e-04 9.995308e-01 1.711105e+02
9.997704e-01 -5.809305e-04 2.141910e-02 -6.677099e+00 5.940381e-04 9.999996e-01 -6.054313e-04 -4.111834e+00 -2.141864e-02 6.180123e-04 9.997704e-01 1.713276e+02
9.996016e-01 7.308867e-04 -2.821258e-02 -6.046108e+00 -7.064253e-04 9.999994e-01 8.768648e-04 -4.142632e+00 2.821330e-02 -8.565890e-04 9.996015e-01 1.715981e+02
9.996381e-01 -6.844302e-04 2.688926e-02 -5.415131e+00 7.056112e-04 9.999994e-01 -7.780981e-04 -4.176640e+00 -2.688861e-02 7.967862e-04 9.996381e-01 1.720079e+02
9.996727e-01 6.590413e-04 -2.557286e-02 -5.099607e+00 -6.383930e-04 9.999995e-01 8.154412e-04 -4.207268e+00 2.557349e-02 -7.988524e-04 9.996726e-01 1.727597e+02
9.996508e-01 -6.658400e-04 2.641501e-02 -4.478094e+00 6.864213e-04 9.999995e-01 -7.699558e-04 -4.244406e+00 -2.641438e-02 7.878151e-04 9.996507e-01 1.733250e+02
9.996668e-01 6.726435e-04 -2.580302e-02 -3.861680e+00 -6.520281e-04 9.999995e-01 8.072148e-04 -4.278591e+00 2.580365e-02 -7.901251e-04 9.996667e-01 1.737700e+02
9.997117e-01 -6.611095e-04 2.400095e-02 -3.669961e+00 6.782048e-04 9.999995e-01 -7.039953e-04 -4.300641e+00 -2.400038e-02 7.200661e-04 9.997116e-01 1.743375e+02
9.996566e-01 6.828374e-04 -2.619324e-02 -3.652038e+00 -6.610189e-04 9.999994e-01 8.414890e-04 -4.321006e+00 2.619390e-02 -8.238894e-04 9.996565e-01 1.750871e+02
9.996301e-01 -6.967478e-04 2.718636e-02 -3.134837e+00 7.190515e-04 9.999994e-01 -8.105057e-04 -4.354216e+00 -2.718568e-02 8.297506e-04 9.996300e-01 1.756525e+02
9.997686e-01 6.562716e-04 -2.149859e-02 -2.054432e+00 -6.424722e-04 9.999996e-01 6.486004e-04 -4.399382e+00 2.149911e-02 -6.346416e-04 9.997686e-01 1.758984e+02
9.996763e-01 -6.803903e-04 2.543160e-02 -1.136324e+00 6.994375e-04 9.999995e-01 -7.399334e-04 -4.440929e+00 -2.543098e-02 7.574780e-04 9.996762e-01 1.762308e+02
9.997131e-01 6.725052e-04 -2.394037e-02 -2.968966e-01 -6.557067e-04 9.999995e-01 7.093662e-04 -4.478081e+00 2.394094e-02 -6.934684e-04 9.997131e-01 1.764912e+02
9.996804e-01 -6.719491e-04 2.526984e-02 8.669652e-01 6.905835e-04 9.999995e-01 -7.285553e-04 -4.525634e+00 -2.526924e-02 7.457697e-04 9.996804e-01 1.767193e+02
9.996818e-01 6.871718e-04 -2.521452e-02 2.224972e+00 -6.681856e-04 9.999995e-01 7.612528e-04 -4.579133e+00 2.521513e-02 -7.441662e-04 9.996817e-01 1.769172e+02
9.997273e-01 -6.540256e-04 2.334101e-02 3.822695e+00 6.690700e-04 9.999996e-01 -6.365889e-04 -4.641298e+00 -2.334048e-02 6.520283e-04 9.997273e-01 1.771244e+02
9.996851e-01 6.742830e-04 -2.508124e-02 5.679300e+00 -6.554805e-04 9.999995e-01 7.577272e-04 -4.710043e+00 2.508184e-02 -7.410520e-04 9.996851e-01 1.772617e+02
9.997477e-01 -6.488346e-04 2.244824e-02 7.648570e+00 6.624419e-04 9.999996e-01 -5.985782e-04 -4.782429e+00 -2.244774e-02 6.132942e-04 9.997478e-01 1.773851e+02
9.996757e-01 6.888080e-04 -2.545370e-02 9.726925e+00 -6.687515e-04 9.999995e-01 7.963203e-04 -4.860966e+00 2.545433e-02 -7.790435e-04 9.996756e-01 1.775908e+02
9.997365e-01 -6.521952e-04 2.294437e-02 1.186439e+01 6.664550e-04 9.999996e-01 -6.137018e-04 -4.941666e+00 -2.294386e-02 6.288278e-04 9.997365e-01 1.777953e+02
9.997226e-01 6.656950e-04 -2.354228e-02 1.400381e+01 -6.489959e-04 9.999995e-01 7.168006e-04 -5.022631e+00 2.354284e-02 -7.013265e-04 9.997225e-01 1.780234e+02
9.997378e-01 -6.627366e-04 2.288587e-02 1.587882e+01 6.765588e-04 9.999996e-01 -5.960713e-04 -5.097697e+00 -2.288537e-02 6.113949e-04 9.997379e-01 1.783899e+02
9.997152e-01 6.692423e-04 -2.385324e-02 1.750159e+01 -6.523871e-04 9.999995e-01 7.142423e-04 -5.163445e+00 2.385381e-02 -6.984810e-04 9.997152e-01 1.787259e+02
9.997152e-01 -6.634208e-04 2.385160e-02 1.916389e+01 6.787337e-04 9.999996e-01 -6.337719e-04 -5.230276e+00 -2.385107e-02 6.497766e-04 9.997153e-01 1.790392e+02
9.996732e-01 6.862675e-04 -2.555413e-02 2.082640e+01 -6.664953e-04 9.999995e-01 7.821011e-04 -5.297219e+00 2.555475e-02 -7.648174e-04 9.996731e-01 1.793574e+02
9.997525e-01 -6.410415e-04 2.223446e-02 2.258271e+01 6.539781e-04 9.999996e-01 -5.744052e-04 -5.366474e+00 -2.223398e-02 5.888002e-04 9.997526e-01 1.796219e+02
9.997218e-01 6.656667e-04 -2.357689e-02 2.430826e+01 -6.497176e-04 9.999996e-01 6.839748e-04 -5.432592e+00 2.357743e-02 -6.684698e-04 9.997217e-01 1.798163e+02
9.997438e-01 -6.486121e-04 2.262480e-02 2.574061e+01 6.624253e-04 9.999996e-01 -6.028902e-04 -5.489059e+00 -2.262430e-02 6.177193e-04 9.997438e-01 1.800295e+02
9.996768e-01 6.932772e-04 -2.540903e-02 2.723503e+01 -6.741074e-04 9.999995e-01 7.628629e-04 -5.547717e+00 2.540964e-02 -7.454915e-04 9.996768e-01 1.802309e+02
9.997370e-01 -6.544809e-04 2.292330e-02 2.881435e+01 6.683485e-04 9.999996e-01 -5.971482e-04 -5.610891e+00 -2.292280e-02 6.123083e-04 9.997370e-01 1.804941e+02
9.997084e-01 6.821920e-04 -2.413615e-02 3.040186e+01 -6.653860e-04 9.999995e-01 7.041743e-04 -5.673415e+00 2.413672e-02 -6.879127e-04 9.997084e-01 1.807240e+02
9.997462e-01 -6.614500e-04 2.251535e-02 3.198096e+01 6.745010e-04 9.999996e-01 -5.719081e-04 -5.736432e+00 -2.251486e-02 5.869459e-04 9.997463e-01 1.809931e+02
9.997225e-01 6.760664e-04 -2.354492e-02 3.408304e+01 -6.599401e-04 9.999995e-01 6.925246e-04 -5.815489e+00 2.354548e-02 -6.767977e-04 9.997225e-01 1.811931e+02
9.997017e-01 -6.786822e-04 2.441330e-02 3.617504e+01 6.950101e-04 9.999995e-01 -6.601941e-04 -5.893073e+00 -2.441275e-02 6.769610e-04 9.997017e-01 1.813539e+02
9.997004e-01 6.831602e-04 -2.446675e-02 3.832209e+01 -6.654264e-04 9.999995e-01 7.327992e-04 -5.971999e+00 2.446734e-02 -7.163023e-04 9.997003e-01 1.814957e+02
9.997147e-01 -6.738150e-04 2.387245e-02 4.070025e+01 6.889387e-04 9.999996e-01 -6.251610e-04 -6.059232e+00 -2.387192e-02 6.414257e-04 9.997148e-01 1.816498e+02
9.996976e-01 6.850972e-04 -2.457758e-02 4.305534e+01 -6.670171e-04 9.999995e-01 7.436815e-04 -6.146659e+00 2.457817e-02 -7.270665e-04 9.996976e-01 1.818439e+02
9.997094e-01 -6.774031e-04 2.409682e-02 4.532327e+01 6.933137e-04 9.999995e-01 -6.517890e-04 -6.230143e+00 -2.409627e-02 6.683026e-04 9.997094e-01 1.820085e+02
9.996873e-01 6.937184e-04 -2.499381e-02 4.776842e+01 -6.746918e-04 9.999995e-01 7.695364e-04 -6.319654e+00 2.499443e-02 -7.524362e-04 9.996873e-01 1.821666e+02
9.997182e-01 -6.797625e-04 2.372699e-02 4.994056e+01 6.949115e-04 9.999996e-01 -6.300870e-04 -6.402549e+00 -2.372645e-02 6.463939e-04 9.997182e-01 1.824364e+02
9.997165e-01 6.779331e-04 -2.379691e-02 5.190489e+01 -6.611396e-04 9.999995e-01 7.134151e-04 -6.478749e+00 2.379748e-02 -6.974833e-04 9.997165e-01 1.827279e+02
9.997558e-01 -6.610610e-04 2.208763e-02 5.401163e+01 6.739232e-04 9.999996e-01 -5.747353e-04 -6.557685e+00 -2.208714e-02 5.894767e-04 9.997558e-01 1.829272e+02
9.997194e-01 6.785774e-04 -2.367421e-02 5.620991e+01 -6.621092e-04 9.999995e-01 7.033034e-04 -6.638406e+00 2.367477e-02 -6.874347e-04 9.997194e-01 1.830753e+02
9.997670e-01 -6.559804e-04 2.157572e-02 5.812000e+01 6.688240e-04 9.999996e-01 -5.879150e-04 -6.707523e+00 -2.157522e-02 6.022048e-04 9.997670e-01 1.831598e+02
9.997209e-01 6.778561e-04 -2.361250e-02 5.978408e+01 -6.616849e-04 9.999995e-01 6.925160e-04 -6.768183e+00 2.361306e-02 -6.767022e-04 9.997209e-01 1.832397e+02
9.997696e-01 -6.557218e-04 2.145360e-02 6.135011e+01 6.684897e-04 9.999996e-01 -5.878187e-04 -6.825757e+00 -2.145310e-02 6.020212e-04 9.997696e-01 1.833293e+02
9.997186e-01 6.851547e-04 -2.370859e-02 6.312895e+01 -6.686773e-04 9.999995e-01 7.027675e-04 -6.889936e+00 2.370916e-02 -6.867199e-04 9.997186e-01 1.833872e+02
9.997408e-01 -6.723760e-04 2.275589e-02 6.501860e+01 6.869104e-04 9.999996e-01 -6.307546e-04 -6.958079e+00 -2.275536e-02 6.462188e-04 9.997408e-01 1.834594e+02
9.997244e-01 6.860556e-04 -2.346380e-02 6.683321e+01 -6.701174e-04 9.999995e-01 6.869741e-04 -7.023343e+00 2.346436e-02 -6.710648e-04 9.997244e-01 1.835159e+02
