9.999979e-01 -2.605525e-06 -2.032761e-03 -9.575468e-02 2.716858e-06 1.000000e+00 5.475734e-05 -7.195583e-03 2.032760e-03 -5.476227e-05 9.999978e-01 3.859201e-01
9.999992e-01 2.018522e-05 -1.228897e-03 -8.136600e-02 -2.002631e-05 1.000000e+00 1.293097e-04 -3.135793e-02 1.228900e-03 -1.292845e-04 9.999991e-01 1.309935e+00
9.999864e-01 9.811688e-05 -5.217142e-03 -8.700880e-02 -9.719997e-05 1.000000e+00 1.759988e-04 -5.303047e-02 5.217158e-03 -1.754888e-04 9.999863e-01 2.153239e+00
9.997715e-01 6.223142e-04 -2.136889e-02 -3.780866e-02 -6.032868e-04 9.999994e-01 8.968574e-04 -6.597571e-02 2.136943e-02 -8.837602e-04 9.997712e-01 2.576363e+00
9.999935e-01 -1.731445e-04 3.605786e-03 -1.301871e-02 1.737668e-04 1.000000e+00 -1.722639e-04 -8.482194e-02 -3.605761e-03 1.728901e-04 9.999934e-01 3.260257e+00
9.997344e-01 6.902103e-04 -2.303653e-02 -9.145578e-02 -6.689917e-04 9.999993e-01 9.287743e-04 -9.242783e-02 2.303715e-02 -9.131155e-04 9.997341e-01 3.673876e+00
9.999602e-01 -3.191686e-04 8.911493e-03 -2.486474e-01 3.228228e-04 9.999999e-01 -4.086053e-04 -8.780924e-02 -8.911370e-03 4.114667e-04 9.999601e-01 3.694158e+00
9.998855e-01 4.478206e-04 -1.512792e-02 -3.167902e-01 -4.383454e-04 9.999997e-01 6.296507e-04 -9.860063e-02 1.512819e-02 -6.229465e-04 9.998853e-01 4.201134e+00
9.999973e-01 -1.537339e-04 2.325446e-03 -3.617776e-01 1.539812e-04 1.000000e+00 -1.061444e-04 -1.153282e-01 -2.325441e-03 1.065031e-04 9.999972e-01 4.899666e+00
9.998010e-01 6.094473e-04 -1.993892e-02 -3.960191e-01 -5.938851e-04 9.999995e-01 7.864038e-04 -1.284330e-01 1.993938e-02 -7.744049e-04 9.998008e-01 5.446405e+00
9.998098e-01 -6.482355e-04 1.949387e-02 -4.969805e-01 6.635453e-04 9.999995e-01 -7.789017e-04 -1.345523e-01 -1.949337e-02 7.916895e-04 9.998096e-01 5.797910e+00
9.998571e-01 5.119136e-04 -1.689825e-02 -7.753654e-01 -5.008249e-04 9.999997e-01 6.604230e-04 -1.258969e-01 1.689857e-02 -6.518646e-04 9.998569e-01 5.807243e+00
9.999395e-01 -4.032795e-04 1.099393e-02 -9.542687e-01 4.084654e-04 9.999998e-01 -4.694592e-04 -1.315869e-01 -1.099375e-02 4.739224e-04 9.999394e-01 6.235760e+00
9.998994e-01 4.094725e-04 -1.417761e-02 -1.028134e+00 -4.007550e-04 9.999997e-01 6.177131e-04 -1.511883e-01 1.417785e-02 -6.119682e-04 9.998992e-01 7.102488e+00
9.999663e-01 1.440302e-04 -8.207914e-03 -1.072545e+00 -1.417502e-04 1.000000e+00 2.783481e-04 -1.647126e-01 8.207938e-03 -2.771742e-04 9.999662e-01 7.646891e+00
9.998760e-01 5.167094e-04 -1.574012e-02 -1.074795e+00 -5.073611e-04 9.999997e-01 5.978945e-04 -1.612915e-01 1.574041e-02 -5.898333e-04 9.998758e-01 7.505076e+00
9.999997e-01 -1.026267e-04 -7.728686e-04 -1.002968e+00 1.026337e-04 1.000000e+00 8.789246e-06 -1.564903e-01 7.728483e-04 -8.867362e-06 9.999996e-01 7.189093e+00
9.997312e-01 7.433913e-04 -2.317069e-02 -8.613498e-01 -7.233021e-04 9.999994e-01 8.753723e-04 -1.575017e-01 2.317131e-02 -8.583763e-04 9.997310e-01 7.008890e+00
9.999811e-01 4.017659e-05 -6.154186e-03 -8.665355e-01 -3.874655e-05 1.000000e+00 2.324584e-04 -1.547373e-01 6.154170e-03 -2.322142e-04 9.999809e-01 6.862364e+00
9.998003e-01 6.672457e-04 -1.997446e-02 -8.471128e-01 -6.522294e-04 9.999995e-01 7.582697e-04 -1.600753e-01 1.997493e-02 -7.450888e-04 9.998001e-01 7.019848e+00
9.998559e-01 -6.271005e-04 1.696311e-02 -7.884249e-01 6.382829e-04 9.999996e-01 -6.538024e-04 -1.691752e-01 -1.696272e-02 6.645369e-04 9.998558e-01 7.269503e+00
9.998645e-01 5.549256e-04 -1.645506e-02 -9.335041e-01 -5.451981e-04 9.999997e-01 5.956214e-04 -1.605778e-01 1.645536e-02 -5.865679e-04 9.998643e-01 7.099397e+00
9.999986e-01 -8.516626e-05 -1.663496e-03 -1.034346e+00 8.530037e-05 1.000000e+00 8.040006e-05 -1.630308e-01 1.663460e-03 -8.054032e-05 9.999985e-01 7.310862e+00
9.997709e-01 6.719085e-04 -2.139254e-02 -1.013326e+00 -6.549260e-04 9.999995e-01 8.008373e-04 -1.737014e-01 2.139304e-02 -7.866417e-04 9.997707e-01 7.650246e+00
9.999517e-01 1.698970e-04 -9.825662e-03 -1.030219e+00 -1.662273e-04 9.999999e-01 3.742671e-04 -1.791184e-01 9.825690e-03 -3.726141e-04 9.999516e-01 7.845161e+00
9.999864e-01 1.803306e-04 -5.220189e-03 -1.074999e+00 -1.793924e-04 1.000000e+00 1.801113e-04 -1.950126e-01 5.220185e-03 -1.791706e-04 9.999863e-01 8.512032e+00
9.999982e-01 -8.069403e-05 -1.873828e-03 -1.129408e+00 8.090114e-05 1.000000e+00 1.102654e-04 -2.164869e-01 1.873783e-03 -1.104151e-04 9.999981e-01 9.408603e+00
9.999998e-01 6.560579e-05 5.940023e-04 -8.487430e-01 -6.555684e-05 1.000000e+00 -8.182860e-05 -2.282010e-01 -5.940442e-04 8.179141e-05 9.999997e-01 9.423161e+00
9.999999e-01 -1.381891e-04 -4.916704e-04 -9.920605e-01 1.381990e-04 1.000000e+00 1.928404e-05 -1.991090e-01 4.916312e-04 -1.935022e-05 9.999998e-01 8.430562e+00
9.999992e-01 3.870647e-05 1.228614e-03 -1.467846e+00 -3.856417e-05 1.000000e+00 -1.155572e-04 -1.571068e-01 -1.228655e-03 1.155115e-04 9.999991e-01 7.356635e+00
9.999998e-01 -1.363880e-04 -5.925960e-04 -1.955939e+00 1.364019e-04 1.000000e+00 2.290994e-05 -1.124472e-01 5.925565e-04 -2.298902e-05 9.999997e-01 6.198779e+00
9.999998e-01 6.331742e-05 6.583472e-04 -2.282444e+00 -6.325877e-05 1.000000e+00 -8.857960e-05 -7.066042e-02 -6.583891e-04 8.853968e-05 9.999997e-01 4.941170e+00
9.999992e-01 -1.118559e-04 -1.266407e-03 -2.586718e+00 1.119139e-04 1.000000e+00 4.543092e-05 -3.834139e-02 1.266366e-03 -4.557087e-05 9.999991e-01 4.017025e+00
9.999999e-01 6.329664e-05 4.708351e-04 -3.062366e+00 -6.325516e-05 1.000000e+00 -8.735363e-05 -1.401259e-04 -4.708771e-04 8.732557e-05 9.999998e-01 3.080199e+00
9.999997e-01 -1.251049e-04 -7.927568e-04 -3.558495e+00 1.251265e-04 1.000000e+00 2.674071e-05 4.027063e-02 7.927170e-04 -2.683816e-05 9.999996e-01 2.084042e+00
9.999999e-01 8.962292e-05 -4.734904e-04 -3.892050e+00 -8.964260e-05 1.000000e+00 -4.227084e-05 8.285919e-02 4.734500e-04 4.231500e-05 9.999998e-01 7.979391e-01
1.000000e+00 -1.588374e-04 2.461730e-04 -4.419586e+00 1.588427e-04 1.000000e+00 -2.011727e-05 1.405213e-01 -2.462064e-04 2.015810e-05 9.999999e-01 -8.214905e-01
9.999998e-01 9.880636e-05 -6.227309e-04 -4.925299e+00 -9.882946e-05 1.000000e+00 -3.762075e-05 1.860177e-01 6.226905e-04 3.768401e-05 9.999997e-01 -1.996667e+00
9.999993e-01 -1.102896e-04 -1.174757e-03 -5.286021e+00 1.103292e-04 1.000000e+00 3.333735e-05 2.087380e-01 1.174716e-03 -3.346521e-05 9.999992e-01 -2.467247e+00
9.999992e-01 2.932504e-05 1.253844e-03 -5.722548e+00 -2.918852e-05 1.000000e+00 -1.086197e-04 2.305396e-01 -1.253884e-03 1.085848e-04 9.999991e-01 -2.777988e+00
9.999994e-01 -1.176498e-04 -1.041236e-03 -6.160928e+00 1.176857e-04 1.000000e+00 3.405314e-05 2.490872e-01 1.041195e-03 -3.417395e-05 9.999994e-01 -2.946187e+00
9.999964e-01 -2.656447e-05 2.696745e-03 -6.467093e+00 2.688538e-05 1.000000e+00 -1.188341e-04 2.532408e-01 -2.696778e-03 1.189078e-04 9.999963e-01 -2.696701e+00
9.999971e-01 -2.160165e-04 2.406632e-03 -6.934394e+00 2.162406e-04 1.000000e+00 -9.270541e-05 2.661813e-01 -2.406648e-03 9.322724e-05 9.999970e-01 -2.571275e+00
9.999987e-01 -7.024845e-06 1.608752e-03 -7.094607e+00 7.078978e-06 1.000000e+00 -3.343720e-05 2.583529e-01 -1.608788e-03 3.345022e-05 9.999986e-01 -2.030752e+00
9.999957e-01 -2.100225e-04 2.929192e-03 -7.270875e+00 2.103729e-04 1.000000e+00 -1.191779e-04 2.491984e-01 -2.929202e-03 1.197953e-04 9.999956e-01 -1.414172e+00
9.999975e-01 1.104784e-04 -2.236808e-03 -7.397805e+00 -1.102487e-04 1.000000e+00 1.026873e-04 2.367948e-01 2.236785e-03 -1.024388e-04 9.999974e-01 -7.479173e-01
9.999988e-01 -1.576050e-04 1.537168e-03 -7.603393e+00 1.577935e-04 1.000000e+00 -1.223071e-04 2.382785e-01 -1.537184e-03 1.225512e-04 9.999987e-01 -5.404713e-01
9.998322e-01 5.756707e-04 -1.830856e-02 -7.895262e+00 -5.624927e-04 9.999996e-01 7.248963e-04 2.635992e-01 1.830893e-02 -7.144745e-04 9.998320e-01 -1.172039e+00
9.999792e-01 -3.049005e-04 6.442645e-03 -8.301769e+00 3.070129e-04 9.999999e-01 -3.268370e-04 2.961872e-01 -6.442583e-03 3.288099e-04 9.999791e-01 -1.957559e+00
9.996604e-01 8.096755e-04 -2.604655e-02 -8.580810e+00 -7.824641e-04 9.999991e-01 1.054882e-03 3.153392e-01 2.604734e-02 -1.034142e-03 9.996601e-01 -2.382693e+00
9.999201e-01 -4.810776e-04 1.263222e-02 -8.837349e+00 4.885893e-04 9.999997e-01 -5.915338e-04 3.321771e-01 -1.263197e-02 5.976603e-04 9.999199e-01 -2.758401e+00
9.991369e-01 1.279903e-03 -4.151870e-02 -8.908898e+00 -1.209542e-03 9.999978e-01 1.719733e-03 3.354651e-01 4.152076e-02 -1.668028e-03 9.991362e-01 -2.837050e+00
9.999607e-01 -3.599221e-04 8.857444e-03 -8.954862e+00 3.641347e-04 9.999998e-01 -4.739355e-04 3.319990e-01 -8.857319e-03 4.771442e-04 9.999606e-01 -2.676036e+00
9.989041e-01 1.416813e-03 -4.678121e-02 -9.026736e+00 -1.326221e-03 9.999972e-01 1.967475e-03 3.305989e-01 4.678381e-02 -1.903275e-03 9.989031e-01 -2.571938e+00
9.999879e-01 5.058250e-05 -4.910945e-03 -9.087339e+00 -5.025903e-05 1.000000e+00 6.585262e-05 3.280693e-01 4.910894e-03 -6.560277e-05 9.999878e-01 -2.414507e+00
9.990197e-01 1.322821e-03 -4.424704e-02 -9.078294e+00 -1.241572e-03 9.999975e-01 1.863678e-03 3.221949e-01 4.424933e-02 -1.806913e-03 9.990188e-01 -2.231257e+00
1.000000e+00 -7.606238e-05 -1.317976e-04 -8.985330e+00 7.604444e-05 1.000000e+00 -1.428028e-04 3.150838e-01 1.317465e-04 1.427952e-04 9.999999e-01 -2.110916e+00
9.988699e-01 1.404629e-03 -4.750637e-02 -8.981139e+00 -1.310930e-03 9.999971e-01 2.003440e-03 3.109207e-01 4.750898e-02 -1.938896e-03 9.988688e-01 -1.993781e+00
9.999729e-01 1.559072e-04 -7.355730e-03 -9.042636e+00 -1.548052e-04 1.000000e+00 1.502292e-04 3.080696e-01 7.355684e-03 -1.490838e-04 9.999728e-01 -1.821351e+00
9.989417e-01 1.344884e-03 -4.597536e-02 -9.080292e+00 -1.256443e-03 9.999973e-01 1.952481e-03 3.029118e-01 4.597779e-02 -1.892646e-03 9.989406e-01 -1.599292e+00
9.999646e-01 1.916610e-04 -8.407558e-03 -9.129966e+00 -1.901340e-04 1.000000e+00 1.822640e-04 2.992817e-01 8.407516e-03 -1.806562e-04 9.999646e-01 -1.419051e+00
9.988863e-01 1.372358e-03 -4.716132e-02 -9.150061e+00 -1.278878e-03 9.999972e-01 2.012219e-03 2.929342e-01 4.716387e-02 -1.949661e-03 9.988852e-01 -1.171603e+00
9.999524e-01 2.448699e-04 -9.748546e-03 -9.180142e+00 -2.426707e-04 9.999999e-01 2.266038e-04 2.875108e-01 9.748517e-03 -2.242243e-04 9.999524e-01 -9.441620e-01
9.990219e-01 1.264434e-03 -4.419902e-02 -9.214875e+00 -1.181893e-03 9.999975e-01 1.893543e-03 2.824606e-01 4.420122e-02 -1.839449e-03 9.990209e-01 -7.329065e-01
9.999115e-01 3.703439e-04 -1.329646e-02 -9.271585e+00 -3.654993e-04 9.999999e-01 3.666465e-04 2.777162e-01 1.329650e-02 -3.617512e-04 9.999115e-01 -4.867672e-01
9.991448e-01 1.168185e-03 -4.133147e-02 -9.314966e+00 -1.095619e-03 9.999978e-01 1.778284e-03 2.721595e-01 4.133337e-02 -1.731476e-03 9.991438e-01 -2.325298e-01
9.999698e-01 2.149103e-04 -7.758944e-03 -9.359830e+00 -2.138542e-04 1.000000e+00 1.366661e-04 2.679246e-01 7.758879e-03 -1.349996e-04 9.999698e-01 -3.410589e-02
9.990451e-01 1.234987e-03 -4.367298e-02 -9.413551e+00 -1.154687e-03 9.999976e-01 1.863797e-03 2.657396e-01 4.367508e-02 -1.811586e-03 9.990441e-01 9.768889e-02
1.000000e+00 5.510615e-06 1.015607e-04 -9.458372e+00 -5.490053e-06 1.000000e+00 -1.787558e-04 2.615965e-01 -1.016580e-04 1.787584e-04 9.999999e-01 2.922652e-01
9.989886e-01 1.250857e-03 -4.494568e-02 -9.506246e+00 -1.165702e-03 9.999975e-01 1.920716e-03 2.589641e-01 4.494788e-02 -1.866377e-03 9.989875e-01 4.249882e-01
9.999995e-01 5.280632e-05 -9.724647e-04 -9.581061e+00 -5.294679e-05 1.000000e+00 -1.471187e-04 2.570094e-01 9.723585e-04 1.471732e-04 9.999995e-01 5.741210e-01
9.997908e-01 5.190253e-04 -2.044693e-02 -9.626547e+00 -4.995447e-04 9.999994e-01 9.577077e-04 2.472951e-01 2.044732e-02 -9.472901e-04 9.997904e-01 9.972833e-01
9.999985e-01 6.629304e-05 -1.706224e-03 -9.686624e+00 -6.641343e-05 1.000000e+00 -7.209513e-05 2.368726e-01 1.706120e-03 7.221142e-05 9.999985e-01 1.458287e+00
9.998977e-01 3.510058e-04 -1.429433e-02 -9.739883e+00 -3.410502e-04 9.999997e-01 6.987095e-04 2.244238e-01 1.429447e-02 -6.937599e-04 9.998975e-01 2.001424e+00
9.995911e-01 -7.186986e-04 2.858376e-02 -9.755443e+00 7.520335e-04 9.999990e-01 -1.155389e-03 2.077031e-01 -2.858300e-02 1.176415e-03 9.995907e-01 2.681669e+00
9.999885e-01 1.455841e-04 -4.793920e-03 -9.792492e+00 -1.437162e-04 9.999999e-01 3.894332e-04 1.891964e-01 4.793877e-03 -3.887367e-04 9.999884e-01 3.487270e+00
9.994348e-01 -8.259200e-04 3.360587e-02 -9.800735e+00 8.710729e-04 9.999987e-01 -1.328902e-03 1.711653e-01 -3.360482e-02 1.357428e-03 9.994342e-01 4.238849e+00
9.999885e-01 1.584109e-04 -4.789566e-03 -9.801487e+00 -1.565779e-04 9.999999e-01 3.825397e-04 1.547111e-01 4.789528e-03 -3.817822e-04 9.999884e-01 4.910073e+00
9.996414e-01 -6.888715e-04 2.676856e-02 -9.795186e+00 7.180884e-04 9.999992e-01 -1.081770e-03 1.338809e-01 -2.676789e-02 1.100607e-03 9.996410e-01 5.739443e+00
9.999545e-01 2.570790e-04 -9.532747e-03 -9.821132e+00 -2.518583e-04 9.999998e-01 5.486014e-04 1.128784e-01 9.532789e-03 -5.461724e-04 9.999543e-01 6.620793e+00
9.995585e-01 -7.529682e-04 2.970048e-02 -9.826681e+00 7.883875e-04 9.999990e-01 -1.180772e-03 9.205613e-02 -2.969966e-02 1.203669e-03 9.995581e-01 7.464289e+00
9.998465e-01 4.500318e-04 -1.751374e-02 -9.840652e+00 -4.355918e-04 9.999996e-01 8.281655e-04 6.994667e-02 1.751401e-02 -8.204064e-04 9.998462e-01 8.366602e+00
9.994169e-01 -8.311965e-04 3.413455e-02 -9.802262e+00 8.772844e-04 9.999987e-01 -1.335156e-03 4.707821e-02 -3.413349e-02 1.364326e-03 9.994163e-01 9.214369e+00
9.997485e-01 5.578140e-04 -2.241781e-02 -9.761758e+00 -5.356176e-04 9.999994e-01 9.960117e-04 2.571841e-02 2.241826e-02 -9.837507e-04 9.997481e-01 9.986768e+00
9.993668e-01 -8.708419e-04 3.557011e-02 -9.765789e+00 9.213273e-04 9.999986e-01 -1.402885e-03 8.530219e-03 -3.556893e-02 1.434772e-03 9.993661e-01 1.066646e+01
9.995053e-01 7.682936e-04 -3.143886e-02 -9.784923e+00 -7.269917e-04 9.999989e-01 1.325060e-03 -1.043040e-02 3.143975e-02 -1.301546e-03 9.995047e-01 1.143113e+01
9.996574e-01 -6.598320e-04 2.616301e-02 -9.833566e+00 6.887367e-04 9.999992e-01 -1.095706e-03 -2.845640e-02 -2.616236e-02 1.113354e-03 9.996570e-01 1.218778e+01
9.992594e-01 9.656749e-04 -3.846512e-02 -9.893067e+00 -9.043419e-04 9.999983e-01 1.611820e-03 -4.578819e-02 3.846651e-02 -1.575837e-03 9.992586e-01 1.291841e+01
9.999812e-01 -8.914185e-05 6.121489e-03 -1.000811e+01 9.112442e-05 9.999999e-01 -3.231929e-04 -5.724940e-02 -6.121556e-03 3.237479e-04 9.999811e-01 1.349806e+01
9.987992e-01 1.305137e-03 -4.897365e-02 -1.009481e+01 -1.206675e-03 9.999972e-01 2.039966e-03 -6.608115e-02 4.897608e-02 -1.978417e-03 9.987979e-01 1.394352e+01
9.999969e-01 3.489163e-05 2.485622e-03 -1.018566e+01 -3.436550e-05 1.000000e+00 -2.106428e-04 -6.841028e-02 -2.485728e-03 2.105599e-04 9.999968e-01 1.413846e+01
9.993647e-01 8.906820e-04 -3.562772e-02 -1.025495e+01 -8.379443e-04 9.999985e-01 1.495074e-03 -7.651666e-02 3.562890e-02 -1.464267e-03 9.993640e-01 1.453104e+01
9.999542e-01 -1.789062e-04 9.559291e-03 -1.031775e+01 1.833486e-04 9.999999e-01 -4.635516e-04 -8.690399e-02 -9.559306e-03 4.652863e-04 9.999541e-01 1.498339e+01
9.990736e-01 1.111714e-03 -4.301770e-02 -1.043820e+01 -1.036426e-03 9.999979e-01 1.772357e-03 -9.242465e-02 4.301948e-02 -1.726128e-03 9.990727e-01 1.533020e+01
9.998276e-01 -4.322094e-04 1.855802e-02 -1.049057e+01 4.467926e-04 9.999996e-01 -7.815152e-04 -1.072945e-01 -1.855778e-02 7.896753e-04 9.998274e-01 1.597458e+01
9.996499e-01 5.979950e-04 -2.645140e-02 -1.054841e+01 -5.690995e-04 9.999992e-01 1.099806e-03 -1.248964e-01 2.645194e-02 -1.084365e-03 9.996494e-01 1.672225e+01
9.997438e-01 -5.289676e-04 2.262563e-02 -1.057055e+01 5.505535e-04 9.999994e-01 -9.476955e-04 -1.399243e-01 -2.262521e-02 9.599125e-04 9.997435e-01 1.731014e+01
9.997912e-01 4.486157e-04 -2.042584e-02 -1.054652e+01 -4.303313e-04 9.999995e-01 8.994076e-04 -1.564951e-01 2.042614e-02 -8.904268e-04 9.997909e-01 1.789917e+01
9.998349e-01 -4.325726e-04 1.816296e-02 -1.057279e+01 4.472217e-04 9.999996e-01 -8.023163e-04 -1.720379e-01 -1.816270e-02 8.103099e-04 9.998347e-01 1.852132e+01
9.998536e-01 3.315533e-04 -1.710631e-02 -1.062230e+01 -3.174133e-04 9.999996e-01 8.291341e-04 -1.929568e-01 1.710648e-02 -8.235799e-04 9.998533e-01 1.941647e+01
9.997960e-01 -4.572961e-04 2.018943e-02 -1.064867e+01 4.752719e-04 9.999995e-01 -8.854168e-04 -2.126558e-01 -2.018912e-02 8.948349e-04 9.997957e-01 2.022569e+01
9.998036e-01 3.699601e-04 -1.981333e-02 -1.071478e+01 -3.513042e-04 9.999995e-01 9.449105e-04 -2.347413e-01 1.981357e-02 -9.377612e-04 9.998032e-01 2.119766e+01
9.997747e-01 -4.747484e-04 2.122054e-02 -1.074463e+01 4.944742e-04 9.999995e-01 -9.241806e-04 -2.567577e-01 -2.122019e-02 9.344685e-04 9.997743e-01 2.210573e+01
9.997932e-01 3.857768e-04 -2.032989e-02 -1.077473e+01 -3.661893e-04 9.999995e-01 9.670569e-04 -2.785777e-01 2.033015e-02 -9.594092e-04 9.997928e-01 2.300649e+01
9.997760e-01 -4.731910e-04 2.115822e-02 -1.080991e+01 4.930451e-04 9.999994e-01 -9.330109e-04 -2.992485e-01 -2.115786e-02 9.432371e-04 9.997756e-01 2.386681e+01
9.997907e-01 3.819398e-04 -2.045491e-02 -1.084381e+01 -3.615969e-04 9.999994e-01 9.980719e-04 -3.233132e-01 2.045518e-02 -9.904634e-04 9.997902e-01 2.486813e+01
9.997753e-01 -4.793098e-04 2.119032e-02 -1.089273e+01 4.992513e-04 9.999994e-01 -9.356397e-04 -3.474129e-01 -2.118996e-02 9.460120e-04 9.997750e-01 2.589620e+01
9.998769e-01 2.972350e-04 -1.568459e-02 -1.090114e+01 -2.845975e-04 9.999996e-01 8.077676e-04 -3.697498e-01 1.568472e-02 -8.032012e-04 9.998766e-01 2.678713e+01
9.997839e-01 -4.681192e-04 2.078229e-02 -1.090571e+01 4.872986e-04 9.999995e-01 -9.176692e-04 -3.929454e-01 -2.078195e-02 9.276013e-04 9.997835e-01 2.770670e+01
9.998897e-01 2.848325e-04 -1.484939e-02 -1.091360e+01 -2.731552e-04 9.999997e-01 7.882063e-04 -4.176740e-01 1.484951e-02 -7.840600e-04 9.998894e-01 2.869789e+01
9.998635e-01 -3.945397e-04 1.651171e-02 -1.092087e+01 4.072890e-04 9.999996e-01 -7.685957e-04 -4.412862e-01 -1.651150e-02 7.752192e-04 9.998633e-01 2.963464e+01
9.998758e-01 3.251080e-04 -1.575455e-02 -1.084702e+01 -3.123044e-04 9.999996e-01 8.149607e-04 -4.653718e-01 1.575471e-02 -8.099361e-04 9.998755e-01 3.045560e+01
9.997897e-01 -4.860963e-04 2.050135e-02 -1.082739e+01 5.050209e-04 9.999995e-01 -9.177722e-04 -4.880098e-01 -2.050099e-02 9.279360e-04 9.997893e-01 3.131015e+01
9.999427e-01 2.227612e-04 -1.070260e-02 -1.081799e+01 -2.160155e-04 9.999998e-01 6.311666e-04 -5.092163e-01 1.070264e-02 -6.288153e-04 9.999425e-01 3.213051e+01
9.999135e-01 -3.624931e-04 1.314507e-02 -1.084765e+01 3.708330e-04 9.999997e-01 -6.317863e-04 -5.337753e-01 -1.314494e-02 6.366095e-04 9.999133e-01 3.314688e+01
9.999575e-01 1.972730e-04 -9.210785e-03 -1.087268e+01 -1.920740e-04 9.999998e-01 5.650098e-04 -5.571763e-01 9.210795e-03 -5.632134e-04 9.999574e-01 3.410827e+01
9.999212e-01 -3.548310e-04 1.254460e-02 -1.089277e+01 3.624810e-04 9.999997e-01 -6.073177e-04 -5.810388e-01 -1.254448e-02 6.118204e-04 9.999211e-01 3.507977e+01
9.999898e-01 1.169500e-04 -4.504435e-03 -1.089365e+01 -1.151642e-04 9.999999e-01 3.960619e-04 -6.058940e-01 4.504382e-03 -3.955359e-04 9.999897e-01 3.606711e+01
9.999621e-01 -3.025766e-04 8.694796e-03 -1.094372e+01 3.066962e-04 9.999998e-01 -4.721205e-04 -6.289885e-01 -8.694751e-03 4.747727e-04 9.999620e-01 3.705963e+01
9.999912e-01 1.129558e-04 -4.187865e-03 -1.099866e+01 -1.113740e-04 9.999999e-01 3.772529e-04 -6.510821e-01 4.187809e-03 -3.767798e-04 9.999911e-01 3.801895e+01
9.999087e-01 -4.022202e-04 1.350055e-02 -1.103287e+01 4.109137e-04 9.999997e-01 -6.409489e-04 -6.730350e-01 -1.350039e-02 6.464414e-04 9.999086e-01 3.894220e+01
9.999975e-01 9.725618e-05 -2.212087e-03 -1.101985e+01 -9.653858e-05 9.999999e-01 3.231974e-04 -6.992485e-01 2.212020e-03 -3.229797e-04 9.999974e-01 3.996797e+01
9.999932e-01 -2.184725e-04 3.667963e-03 -1.103767e+01 2.195677e-04 9.999999e-01 -2.974061e-04 -7.228811e-01 -3.667997e-03 2.982128e-04 9.999932e-01 4.092509e+01
9.999942e-01 1.227358e-04 -3.405969e-03 -1.107129e+01 -1.215503e-04 9.999999e-01 3.473936e-04 -7.444091e-01 3.405913e-03 -3.469742e-04 9.999941e-01 4.181818e+01
9.999826e-01 -2.551087e-04 5.885355e-03 -1.107885e+01 2.573426e-04 9.999999e-01 -3.783123e-04 -7.660539e-01 -5.885356e-03 3.798237e-04 9.999826e-01 4.267505e+01
9.999999e-01 7.207933e-05 -2.166985e-04 -1.104933e+01 -7.202428e-05 1.000000e+00 2.406536e-04 -7.896455e-01 2.166172e-04 -2.406346e-04 9.999999e-01 4.355606e+01
9.999971e-01 -1.988963e-04 2.367867e-03 -1.104211e+01 1.994850e-04 9.999999e-01 -2.471715e-04 -8.128267e-01 -2.367916e-03 2.476466e-04 9.999971e-01 4.445167e+01
9.999999e-01 6.157591e-05 -4.151396e-04 -1.106894e+01 -6.147201e-05 1.000000e+00 2.433098e-04 -8.347838e-01 4.150560e-04 -2.432809e-04 9.999998e-01 4.535485e+01
9.999820e-01 -2.617956e-04 5.984141e-03 -1.107252e+01 2.640436e-04 9.999999e-01 -3.743827e-04 -8.581236e-01 -5.984141e-03 3.759595e-04 9.999820e-01 4.627975e+01
9.999973e-01 1.134517e-04 -2.313960e-03 -1.103594e+01 -1.126951e-04 9.999999e-01 3.258830e-04 -8.837412e-01 2.313899e-03 -3.256179e-04 9.999972e-01 4.723145e+01
9.999920e-01 -2.152253e-04 3.984061e-03 -1.092947e+01 2.164794e-04 9.999999e-01 -3.136143e-04 -9.093989e-01 -3.984091e-03 3.144777e-04 9.999920e-01 4.807037e+01
9.999964e-01 1.956765e-05 2.663983e-03 -1.082534e+01 -2.000064e-05 1.000000e+00 1.635933e-04 -9.377744e-01 -2.664078e-03 -1.636426e-04 9.999964e-01 4.902819e+01
9.998879e-01 -4.436998e-04 1.496291e-02 -1.072207e+01 4.541761e-04 9.999997e-01 -6.965660e-04 -9.646162e-01 -1.496269e-02 7.032872e-04 9.998877e-01 4.993726e+01
9.999869e-01 -3.188963e-05 5.107608e-03 -1.063359e+01 3.151167e-05 1.000000e+00 7.462881e-05 -9.905904e-01 -5.107708e-03 -7.446341e-05 9.999869e-01 5.083594e+01
9.999501e-01 -3.373906e-04 9.980100e-03 -1.053667e+01 3.426865e-04 9.999998e-01 -5.286529e-04 -1.016346e+00 -9.980017e-03 5.320501e-04 9.999500e-01 5.170791e+01
9.999924e-01 -3.313588e-05 3.876124e-03 -1.051403e+01 3.270842e-05 1.000000e+00 1.110508e-04 -1.039391e+00 -3.876225e-03 -1.109197e-04 9.999924e-01 5.258760e+01
9.999807e-01 -2.574534e-04 6.201312e-03 -1.049952e+01 2.598403e-04 9.999999e-01 -3.836605e-04 -1.065275e+00 -6.201309e-03 3.852679e-04 9.999806e-01 5.359681e+01
9.999967e-01 1.104449e-05 2.540028e-03 -1.044128e+01 -1.143386e-05 1.000000e+00 1.543397e-04 -1.092387e+00 -2.540122e-03 -1.543647e-04 9.999967e-01 5.458035e+01
9.999826e-01 -2.297944e-04 5.894618e-03 -1.030238e+01 2.320288e-04 9.999999e-01 -3.779264e-04 -1.120853e+00 -5.894627e-03 3.792911e-04 9.999825e-01 5.549774e+01
9.999993e-01 4.250344e-05 1.143474e-03 -1.016263e+01 -4.274802e-05 1.000000e+00 2.162018e-04 -1.150781e+00 -1.143560e-03 -2.162470e-04 9.999993e-01 5.647440e+01
9.999954e-01 -2.098392e-04 3.030525e-03 -1.015037e+01 2.106939e-04 9.999999e-01 -2.808311e-04 -1.176326e+00 -3.030562e-03 2.814719e-04 9.999953e-01 5.746483e+01
9.999956e-01 -5.714332e-06 2.965198e-03 -1.016243e+01 5.304775e-06 1.000000e+00 1.390249e-04 -1.199731e+00 -2.965295e-03 -1.390050e-04 9.999955e-01 5.840976e+01
9.999838e-01 -2.731917e-04 5.684079e-03 -1.018796e+01 2.754499e-04 9.999999e-01 -3.960335e-04 -1.218394e+00 -5.684066e-03 3.975964e-04 9.999837e-01 5.918870e+01
9.999771e-01 -7.599897e-05 6.761091e-03 -1.019356e+01 7.573795e-05 1.000000e+00 3.924968e-05 -1.243229e+00 -6.761189e-03 -3.873314e-05 9.999771e-01 6.019057e+01
9.999961e-01 -2.195180e-04 2.754327e-03 -1.022859e+01 2.203078e-04 9.999999e-01 -2.855154e-04 -1.269795e+00 -2.754359e-03 2.861247e-04 9.999961e-01 6.131171e+01
9.999919e-01 -1.449695e-05 4.018740e-03 -1.024844e+01 1.396901e-05 1.000000e+00 1.320392e-04 -1.295795e+00 -4.018836e-03 -1.319784e-04 9.999918e-01 6.238062e+01
9.999983e-01 -1.370676e-04 -1.844940e-03 -1.030374e+01 1.368615e-04 1.000000e+00 -1.132119e-04 -1.321331e+00 1.844861e-03 1.129628e-04 9.999982e-01 6.348357e+01
9.999936e-01 -9.362742e-06 3.569533e-03 -1.036453e+01 8.806845e-06 1.000000e+00 1.564741e-04 -1.348524e+00 -3.569629e-03 -1.564381e-04 9.999936e-01 6.466457e+01
9.999988e-01 -1.310471e-04 -1.553132e-03 -1.038823e+01 1.308503e-04 1.000000e+00 -1.284811e-04 -1.375045e+00 1.553055e-03 1.282813e-04 9.999987e-01 6.575406e+01
9.999871e-01 -2.405761e-05 5.079351e-03 -1.040284e+01 2.363201e-05 1.000000e+00 8.436032e-05 -1.399791e+00 -5.079447e-03 -8.423557e-05 9.999870e-01 6.675943e+01
9.999941e-01 -1.195539e-04 -3.426757e-03 -1.048009e+01 1.193925e-04 1.000000e+00 -4.807068e-05 -1.425258e+00 3.426668e-03 4.766492e-05 9.999941e-01 6.789651e+01
9.999872e-01 -2.183926e-05 5.061061e-03 -1.057763e+01 2.150386e-05 1.000000e+00 6.684015e-05 -1.448940e+00 -5.061157e-03 -6.672681e-05 9.999871e-01 6.899230e+01
9.999976e-01 -1.381971e-04 -2.173668e-03 -1.066771e+01 1.379558e-04 1.000000e+00 -1.123301e-04 -1.470292e+00 2.173590e-03 1.120336e-04 9.999976e-01 6.997768e+01
9.999844e-01 -4.244108e-05 5.572206e-03 -1.087589e+01 4.225885e-05 1.000000e+00 3.328577e-05 -1.484291e+00 -5.572301e-03 -3.304611e-05 9.999844e-01 7.081810e+01
9.999963e-01 -1.219724e-04 -2.694032e-03 -1.118577e+01 1.216083e-04 1.000000e+00 -1.362684e-04 -1.486836e+00 2.693955e-03 1.359440e-04 9.999963e-01 7.131655e+01
9.999829e-01 -4.773229e-05 5.840355e-03 -1.159599e+01 4.772846e-05 1.000000e+00 1.239052e-06 -1.480170e+00 -5.840449e-03 -9.566031e-07 9.999829e-01 7.158317e+01
9.999976e-01 -1.312760e-04 -2.156173e-03 -1.189717e+01 1.310156e-04 1.000000e+00 -1.220726e-04 -1.484756e+00 2.156096e-03 1.217936e-04 9.999976e-01 7.214746e+01
9.999946e-01 4.655656e-05 3.285538e-03 -1.210570e+01 -4.683613e-05 1.000000e+00 8.579736e-05 -1.490262e+00 -3.285628e-03 -8.594709e-05 9.999945e-01 7.260783e+01
9.999985e-01 -1.577147e-04 -1.730280e-03 -1.241538e+01 1.574587e-04 1.000000e+00 -1.495684e-04 -1.491338e+00 1.730210e-03 1.492994e-04 9.999984e-01 7.302568e+01
9.999938e-01 3.364891e-05 3.523291e-03 -1.292984e+01 -3.382230e-05 1.000000e+00 4.988153e-05 -1.482421e+00 -3.523383e-03 -4.999669e-05 9.999937e-01 7.332194e+01
9.999986e-01 -1.705929e-04 -1.643306e-03 -1.343353e+01 1.703335e-04 1.000000e+00 -1.595688e-04 -1.467799e+00 1.643240e-03 1.592923e-04 9.999986e-01 7.338455e+01
9.999928e-01 3.049040e-05 3.788226e-03 -1.354762e+01 -3.094488e-05 1.000000e+00 1.205879e-04 -1.484016e+00 -3.788316e-03 -1.207006e-04 9.999927e-01 7.417923e+01
9.999990e-01 -1.702187e-04 -1.346800e-03 -1.379565e+01 1.699553e-04 1.000000e+00 -1.975873e-04 -1.491848e+00 1.346740e-03 1.973620e-04 9.999990e-01 7.480542e+01
9.999926e-01 2.361056e-05 3.830695e-03 -1.408447e+01 -2.398219e-05 1.000000e+00 9.763340e-05 -1.492387e+00 -3.830786e-03 -9.772085e-05 9.999926e-01 7.519298e+01
9.999869e-01 -5.068343e-05 -5.105549e-03 -1.439453e+01 5.031192e-05 1.000000e+00 -7.339418e-05 -1.474448e+00 5.105460e-03 7.314007e-05 9.999869e-01 7.487673e+01
9.999407e-01 -1.860396e-04 1.088259e-02 -1.468793e+01 1.876516e-04 1.000000e+00 -1.468623e-04 -1.468685e+00 -1.088266e-02 1.488994e-04 9.999407e-01 7.503933e+01
9.999874e-01 -3.632362e-05 -5.023242e-03 -1.484726e+01 3.616318e-05 1.000000e+00 -3.253237e-05 -1.481883e+00 5.023150e-03 3.235403e-05 9.999873e-01 7.577365e+01
9.999540e-01 -1.579998e-04 9.586639e-03 -1.499355e+01 1.589256e-04 1.000000e+00 -9.553593e-05 -1.497617e+00 -9.586716e-03 9.705882e-05 9.999540e-01 7.659687e+01
9.999762e-01 -3.156724e-04 6.888216e-03 -1.517693e+01 3.187322e-04 9.999999e-01 -4.427430e-04 -1.507592e+00 -6.888167e-03 4.449317e-04 9.999761e-01 7.724966e+01
9.999288e-01 -2.040338e-04 1.192735e-02 -1.528343e+01 2.062009e-04 1.000000e+00 -1.802620e-04 -1.518068e+00 -1.192740e-02 1.827124e-04 9.999288e-01 7.782453e+01
9.999999e-01 -1.659615e-04 -2.954711e-04 -1.542353e+01 1.659025e-04 1.000000e+00 -2.076504e-04 -1.523642e+00 2.954150e-04 2.076051e-04 9.999999e-01 7.824404e+01
9.998359e-01 -3.225164e-04 1.810909e-02 -1.558970e+01 3.297338e-04 9.999999e-01 -3.954345e-04 -1.529188e+00 -1.810905e-02 4.013446e-04 9.998359e-01 7.869410e+01
9.999732e-01 -3.365999e-05 -7.323011e-03 -1.586989e+01 3.376620e-05 1.000000e+00 1.406425e-05 -1.522752e+00 7.322922e-03 -1.430739e-05 9.999731e-01 7.882514e+01
9.998598e-01 -2.774536e-04 1.673779e-02 -1.605813e+01 2.829486e-04 9.999999e-01 -3.257916e-04 -1.530064e+00 -1.673778e-02 3.304856e-04 9.998598e-01 7.936783e+01
9.999897e-01 -7.264703e-05 -4.526269e-03 -1.612711e+01 7.243595e-05 1.000000e+00 -4.730033e-05 -1.548993e+00 4.526184e-03 4.697574e-05 9.999897e-01 8.022555e+01
9.999179e-01 -2.072790e-04 1.280942e-02 -1.620235e+01 2.097244e-04 1.000000e+00 -1.893827e-04 -1.568998e+00 -1.280947e-02 1.920574e-04 9.999179e-01 8.113758e+01
9.999985e-01 -1.559491e-04 -1.722469e-03 -1.635528e+01 1.556957e-04 1.000000e+00 -1.484974e-04 -1.583771e+00 1.722405e-03 1.482328e-04 9.999984e-01 8.194640e+01
9.997274e-01 -4.092469e-04 2.334124e-02 -1.647977e+01 4.226656e-04 9.999997e-01 -5.698667e-04 -1.594641e+00 -2.334109e-02 5.795807e-04 9.997273e-01 8.255961e+01
9.999998e-01 -1.907058e-04 -5.356670e-04 -1.662242e+01 1.906085e-04 1.000000e+00 -1.856282e-04 -1.603818e+00 5.356172e-04 1.855298e-04 9.999998e-01 8.313032e+01
9.997679e-01 -3.632833e-04 2.153887e-02 -1.676575e+01 3.744313e-04 9.999998e-01 -5.134479e-04 -1.613680e+00 -2.153876e-02 5.213973e-04 9.997678e-01 8.372568e+01
9.999999e-01 -2.118035e-04 3.700501e-04 -1.683961e+01 2.118781e-04 1.000000e+00 -1.963675e-04 -1.629579e+00 -3.700913e-04 1.964496e-04 9.999998e-01 8.447805e+01
9.997769e-01 -3.617098e-04 2.111654e-02 -1.699493e+01 3.726301e-04 9.999998e-01 -5.131163e-04 -1.639648e+00 -2.111643e-02 5.208742e-04 9.997768e-01 8.510460e+01
9.999992e-01 -2.272482e-04 1.205559e-03 -1.715173e+01 2.275297e-04 9.999999e-01 -2.317656e-04 -1.647078e+00 -1.205587e-03 2.320435e-04 9.999992e-01 8.562474e+01
9.999125e-01 -1.931977e-04 1.322746e-02 -1.736323e+01 1.965012e-04 9.999999e-01 -2.483024e-04 -1.654479e+00 -1.322749e-02 2.508836e-04 9.999124e-01 8.620875e+01
9.999813e-01 -3.283763e-04 6.104841e-03 -1.749774e+01 3.307398e-04 9.999999e-01 -3.858435e-04 -1.665908e+00 -6.104792e-03 3.878591e-04 9.999812e-01 8.685480e+01
9.999348e-01 -1.666827e-04 1.141914e-02 -1.776136e+01 1.690590e-04 1.000000e+00 -2.069790e-04 -1.668818e+00 -1.141918e-02 2.088997e-04 9.999347e-01 8.732951e+01
9.999767e-01 -3.342104e-04 6.820190e-03 -1.790990e+01 3.369208e-04 9.999999e-01 -3.960156e-04 -1.678113e+00 -6.820133e-03 3.983079e-04 9.999766e-01 8.790479e+01
9.999624e-01 -9.151850e-05 8.669883e-03 -1.796229e+01 9.243020e-05 1.000000e+00 -1.045636e-04 -1.692904e+00 -8.669948e-03 1.053647e-04 9.999623e-01 8.857005e+01
9.999582e-01 -4.014112e-04 9.127855e-03 -1.810944e+01 4.058844e-04 9.999998e-01 -4.880372e-04 -1.698254e+00 -9.127731e-03 4.917253e-04 9.999581e-01 8.899013e+01
9.999801e-01 -6.502416e-05 6.308733e-03 -1.845187e+01 6.538558e-05 1.000000e+00 -5.683126e-05 -1.687821e+00 -6.308802e-03 5.724623e-05 9.999800e-01 8.905119e+01
9.999121e-01 -4.908581e-04 1.324862e-02 -1.877832e+01 4.990663e-04 9.999997e-01 -6.161337e-04 -1.681113e+00 -1.324838e-02 6.226951e-04 9.999120e-01 8.924726e+01
9.999869e-01 -2.574731e-05 5.107311e-03 -1.909541e+01 2.581600e-05 1.000000e+00 -1.309330e-05 -1.677212e+00 -5.107380e-03 1.322853e-05 9.999869e-01 8.953509e+01
9.999019e-01 -4.951771e-04 1.399852e-02 -1.938371e+01 5.043261e-04 9.999997e-01 -6.499472e-04 -1.670562e+00 -1.399827e-02 6.569468e-04 9.999017e-01 8.966557e+01
9.999853e-01 -1.811842e-05 5.421749e-03 -1.967594e+01 1.830652e-05 1.000000e+00 -3.438923e-05 -1.664243e+00 -5.421816e-03 3.449148e-05 9.999852e-01 8.981138e+01
9.999254e-01 -4.857722e-04 1.220104e-02 -2.004993e+01 4.929586e-04 9.999997e-01 -5.858882e-04 -1.653315e+00 -1.220082e-02 5.918626e-04 9.999253e-01 8.988846e+01
9.999595e-01 -8.143275e-05 8.996977e-03 -2.041502e+01 8.293309e-05 1.000000e+00 -1.662440e-04 -1.635878e+00 -8.997028e-03 1.669868e-04 9.999594e-01 8.969254e+01
9.999045e-01 -4.997450e-04 1.381185e-02 -2.069318e+01 5.086470e-04 9.999997e-01 -6.409243e-04 -1.621166e+00 -1.381159e-02 6.478918e-04 9.999043e-01 8.948136e+01
9.999503e-01 -6.621860e-05 9.969600e-03 -2.086499e+01 6.832766e-05 1.000000e+00 -2.110910e-04 -1.609150e+00 -9.969646e-03 2.117650e-04 9.999502e-01 8.922591e+01
9.999087e-01 -5.234489e-04 1.350351e-02 -2.114317e+01 5.318503e-04 9.999997e-01 -6.184968e-04 -1.595030e+00 -1.350324e-02 6.256254e-04 9.999085e-01 8.903873e+01
9.999256e-01 -1.278881e-04 1.219280e-02 -2.142350e+01 1.313312e-04 1.000000e+00 -2.815008e-04 -1.587180e+00 -1.219282e-02 2.830845e-04 9.999255e-01 8.912117e+01
9.999077e-01 -5.084609e-04 1.357967e-02 -2.166358e+01 5.170378e-04 9.999997e-01 -6.280212e-04 -1.575364e+00 -1.357940e-02 6.349876e-04 9.999075e-01 8.897669e+01
9.999312e-01 -8.517081e-05 1.172905e-02 -2.182196e+01 8.844161e-05 1.000000e+00 -2.782650e-04 -1.561911e+00 -1.172908e-02 2.792863e-04 9.999311e-01 8.864682e+01
9.998580e-01 -5.802320e-04 1.683912e-02 -2.193439e+01 5.925201e-04 9.999996e-01 -7.247037e-04 -1.548648e+00 -1.683874e-02 7.345814e-04 9.998579e-01 8.826956e+01
9.999027e-01 -1.229965e-04 1.394895e-02 -2.205754e+01 1.281195e-04 9.999999e-01 -3.663172e-04 -1.538028e+00 -1.394895e-02 3.680717e-04 9.999025e-01 8.801788e+01
9.998414e-01 -6.023381e-04 1.779884e-02 -2.213489e+01 6.157614e-04 9.999995e-01 -7.486539e-04 -1.528410e+00 -1.779842e-02 7.594979e-04 9.998412e-01 8.774262e+01
9.998535e-01 -1.860340e-04 1.711307e-02 -2.221923e+01 1.942708e-04 9.999999e-01 -4.796176e-04 -1.519357e+00 -1.711302e-02 4.828748e-04 9.998533e-01 8.750800e+01
9.998417e-01 -6.075489e-04 1.777926e-02 -2.232114e+01 6.207846e-04 9.999995e-01 -7.389017e-04 -1.510520e+00 -1.777884e-02 7.498246e-04 9.998416e-01 8.730497e+01
9.998858e-01 -1.510524e-04 1.511092e-02 -2.243637e+01 1.573240e-04 9.999999e-01 -4.138121e-04 -1.498250e+00 -1.511089e-02 4.161448e-04 9.998856e-01 8.698362e+01
9.998957e-01 -5.437346e-04 1.442907e-02 -2.254887e+01 5.527090e-04 9.999997e-01 -6.179529e-04 -1.485746e+00 -1.442876e-02 6.258662e-04 9.998956e-01 8.663951e+01
9.998979e-01 -9.408749e-05 1.428725e-02 -2.247479e+01 9.993625e-05 9.999999e-01 -4.086266e-04 -1.480740e+00 -1.428724e-02 4.100153e-04 9.998978e-01 8.634530e+01
9.999073e-01 -5.469008e-04 1.360522e-02 -2.244367e+01 5.547895e-04 9.999997e-01 -5.760350e-04 -1.471690e+00 -1.360493e-02 5.835321e-04 9.999072e-01 8.594938e+01
9.999188e-01 -9.225048e-05 1.274228e-02 -2.252475e+01 9.675096e-05 9.999999e-01 -3.525511e-04 -1.462425e+00 -1.274227e-02 3.537576e-04 9.999187e-01 8.569460e+01
9.999055e-01 -5.340054e-04 1.373938e-02 -2.253824e+01 5.420089e-04 9.999997e-01 -5.787839e-04 -1.455015e+00 -1.373908e-02 5.861783e-04 9.999053e-01 8.541423e+01
9.999121e-01 -8.217505e-05 1.325797e-02 -2.242532e+01 8.729963e-05 9.999999e-01 -3.859316e-04 -1.450842e+00 -1.325795e-02 3.870572e-04 9.999119e-01 8.509768e+01
9.999148e-01 -5.323196e-04 1.304076e-02 -2.234796e+01 5.393964e-04 9.999997e-01 -5.391337e-04 -1.446413e+00 -1.304049e-02 5.461240e-04 9.999147e-01 8.481269e+01
9.999472e-01 1.080545e-06 1.028055e-02 -2.213584e+01 2.029198e-06 1.000000e+00 -3.024606e-04 -1.447984e+00 -1.028056e-02 3.024675e-04 9.999470e-01 8.458453e+01
9.998909e-01 -5.779856e-04 1.475952e-02 -2.196623e+01 5.867443e-04 9.999997e-01 -5.890896e-04 -1.446068e+00 -1.475918e-02 5.976873e-04 9.998908e-01 8.427984e+01
9.999587e-01 8.461050e-06 9.088196e-03 -2.190398e+01 -6.122533e-06 1.000000e+00 -2.573288e-04 -1.440292e+00 -9.088207e-03 2.572644e-04 9.999586e-01 8.395807e+01
9.999064e-01 -5.323852e-04 1.366788e-02 -2.171033e+01 5.400954e-04 9.999997e-01 -5.604193e-04 -1.440161e+00 -1.366759e-02 5.677506e-04 9.999063e-01 8.368663e+01
9.999043e-01 -9.124758e-05 1.383450e-02 -2.164724e+01 9.709253e-05 9.999999e-01 -4.218147e-04 -1.437597e+00 -1.383446e-02 4.231192e-04 9.999041e-01 8.349520e+01
9.999179e-01 -5.448989e-04 1.280098e-02 -2.171140e+01 5.514531e-04 9.999997e-01 -5.084769e-04 -1.430739e+00 -1.280070e-02 5.154959e-04 9.999178e-01 8.329816e+01
9.999566e-01 1.839176e-05 9.319501e-03 -2.164947e+01 -1.586318e-05 1.000000e+00 -2.713926e-04 -1.430770e+00 -9.319505e-03 2.712345e-04 9.999564e-01 8.319811e+01
9.999690e-01 -4.360299e-04 7.867054e-03 -2.143436e+01 4.387458e-04 9.999998e-01 -3.435036e-04 -1.436066e+00 -7.866900e-03 3.469461e-04 9.999689e-01 8.309492e+01
9.999939e-01 1.418208e-04 3.481325e-03 -2.125799e+01 -1.415116e-04 1.000000e+00 -8.905756e-05 -1.433803e+00 -3.481335e-03 8.856578e-05 9.999938e-01 8.274794e+01
9.998910e-01 -5.719966e-04 1.475102e-02 -2.109177e+01 5.802510e-04 9.999997e-01 -5.553107e-04 -1.439443e+00 -1.475070e-02 5.638108e-04 9.998909e-01 8.272413e+01
9.999999e-01 2.199236e-04 2.321181e-04 -2.087544e+01 -2.199294e-04 1.000000e+00 2.468080e-05 -1.450417e+00 -2.321060e-04 -2.473056e-05 9.999999e-01 8.284092e+01
9.998252e-01 -6.761054e-04 1.868380e-02 -2.081252e+01 6.890306e-04 9.999995e-01 -6.853572e-04 -1.453077e+00 -1.868332e-02 6.981124e-04 9.998251e-01 8.283853e+01
9.999905e-01 1.309022e-04 4.354429e-03 -2.081515e+01 -1.303690e-04 1.000000e+00 -1.227253e-04 -1.453863e+00 -4.354434e-03 1.221575e-04 9.999904e-01 8.285447e+01
9.998755e-01 -5.893125e-04 1.576526e-02 -2.066238e+01 5.987611e-04 9.999996e-01 -5.946214e-04 -1.459021e+00 -1.576489e-02 6.039881e-04 9.998754e-01 8.283048e+01
9.999904e-01 3.347515e-04 -4.376376e-03 -2.028749e+01 -3.340821e-04 9.999999e-01 1.536972e-04 -1.468781e+00 4.376441e-03 -1.522326e-04 9.999903e-01 8.269432e+01
9.999523e-01 -4.565625e-04 9.756254e-03 -1.987388e+01 4.603577e-04 9.999998e-01 -3.867672e-04 -1.481127e+00 -9.756061e-03 3.912411e-04 9.999522e-01 8.258774e+01
9.999554e-01 4.558967e-04 -9.437649e-03 -1.940943e+01 -4.527772e-04 9.999998e-01 3.326739e-04 -1.497722e+00 9.437814e-03 -3.283849e-04 9.999553e-01 8.255786e+01
9.999969e-01 -1.833283e-04 -2.487741e-03 -1.900331e+01 1.835410e-04 1.000000e+00 8.527806e-05 -1.515467e+00 2.487739e-03 -8.573338e-05 9.999968e-01 8.263059e+01
9.998636e-01 6.669156e-04 -1.650183e-02 -1.856711e+01 -6.568695e-04 9.999996e-01 6.142018e-04 -1.533394e+00 1.650225e-02 -6.032774e-04 9.998635e-01 8.268525e+01
9.999996e-01 -2.377007e-04 -8.944193e-04 -1.800980e+01 2.377238e-04 1.000000e+00 2.582055e-05 -1.554821e+00 8.944229e-04 -2.603201e-05 9.999995e-01 8.270297e+01
9.997032e-01 8.879524e-04 -2.434557e-02 -1.763477e+01 -8.654049e-04 9.999992e-01 9.366645e-04 -1.570048e+00 2.434639e-02 -9.153165e-04 9.997031e-01 8.274141e+01
9.999911e-01 -3.700628e-04 4.203009e-03 -1.723292e+01 3.708869e-04 9.999999e-01 -1.952923e-04 -1.586599e+00 -4.202931e-03 1.968507e-04 9.999910e-01 8.279200e+01
9.997623e-01 8.105893e-04 -2.178923e-02 -1.679912e+01 -7.923955e-04 9.999993e-01 8.436120e-04 -1.605057e+00 2.178990e-02 -8.261443e-04 9.997621e-01 8.286566e+01
9.999993e-01 -2.121552e-04 -1.194900e-03 -1.647179e+01 2.121769e-04 1.000000e+00 1.800863e-05 -1.621651e+00 1.194897e-03 -1.826067e-05 9.999992e-01 8.301914e+01
9.999395e-01 5.029324e-04 -1.098508e-02 -1.617457e+01 -4.984763e-04 9.999998e-01 4.083885e-04 -1.640289e+00 1.098528e-02 -4.028864e-04 9.999395e-01 8.328506e+01
9.999735e-01 -4.407520e-04 7.265367e-03 -1.581106e+01 4.428844e-04 9.999999e-01 -2.918845e-04 -1.661837e+00 -7.265238e-03 2.950960e-04 9.999735e-01 8.356216e+01
9.998669e-01 6.487388e-04 -1.630281e-02 -1.542690e+01 -6.389122e-04 9.999996e-01 6.079529e-04 -1.682640e+00 1.630320e-02 -5.974543e-04 9.998668e-01 8.377758e+01
9.999922e-01 -1.426101e-04 -3.956029e-03 -1.515799e+01 1.432288e-04 1.000000e+00 1.561084e-04 -1.698624e+00 3.956004e-03 -1.566722e-04 9.999921e-01 8.397930e+01
9.998677e-01 6.605336e-04 -1.625309e-02 -1.512093e+01 -6.502948e-04 9.999996e-01 6.352366e-04 -1.713614e+00 1.625350e-02 -6.245815e-04 9.998676e-01 8.448196e+01
9.999654e-01 -1.442951e-05 -8.324172e-03 -1.509933e+01 1.718220e-05 9.999999e-01 3.306052e-04 -1.727783e+00 8.324159e-03 -3.307349e-04 9.999652e-01 8.497634e+01
9.998974e-01 5.941640e-04 -1.431227e-02 -1.509320e+01 -5.861302e-04 9.999997e-01 5.655053e-04 -1.741914e+00 1.431259e-02 -5.570565e-04 9.998973e-01 8.548840e+01
9.998946e-01 1.778824e-04 -1.452019e-02 -1.493164e+01 -1.700290e-04 9.999998e-01 5.420879e-04 -1.752667e+00 1.452027e-02 -5.395598e-04 9.998943e-01 8.565838e+01
9.999373e-01 4.944328e-04 -1.118912e-02 -1.475740e+01 -4.893807e-04 9.999998e-01 4.542415e-04 -1.766694e+00 1.118933e-02 -4.487352e-04 9.999372e-01 8.592884e+01
