9.997948e-01 -3.446787e-04 2.025534e-02 4.824968e-02 3.588666e-04 9.999997e-01 -6.968233e-04 -4.261055e-03 -2.025510e-02 7.039496e-04 9.997945e-01 1.042236e-01
9.999014e-01 -3.577773e-04 1.404078e-02 9.774859e-02 3.639426e-04 9.999998e-01 -4.365430e-04 -7.161971e-03 -1.404061e-02 4.416102e-04 9.999012e-01 2.040414e-01
9.997929e-01 -3.664476e-04 2.034681e-02 1.488631e-01 3.806237e-04 9.999997e-01 -6.928517e-04 -1.024081e-02 -2.034654e-02 7.004529e-04 9.997926e-01 3.088601e-01
9.998365e-01 -4.197968e-04 1.807662e-02 1.996303e-01 4.301819e-04 9.999997e-01 -5.706200e-04 -1.278125e-02 -1.807637e-02 5.783030e-04 9.998363e-01 4.104048e-01
9.996734e-01 -4.864739e-04 2.555253e-02 2.493743e-01 5.083160e-04 9.999995e-01 -8.483055e-04 -1.469519e-02 -2.555209e-02 8.610170e-04 9.996730e-01 5.056765e-01
9.998856e-01 -3.772807e-04 1.512297e-02 3.003014e-01 3.843956e-04 9.999998e-01 -4.675659e-04 -1.705718e-02 -1.512277e-02 4.733254e-04 9.998854e-01 6.048191e-01
9.998238e-01 -3.452543e-04 1.876972e-02 3.507613e-01 3.573291e-04 9.999997e-01 -6.399601e-04 -2.017944e-02 -1.876947e-02 6.465539e-04 9.998235e-01 7.082538e-01
9.999262e-01 -2.961634e-04 1.214623e-02 3.997175e-01 3.008408e-04 9.999999e-01 -3.832620e-04 -2.349008e-02 -1.214609e-02 3.868873e-04 9.999261e-01 8.103160e-01
9.998903e-01 -2.767668e-04 1.480721e-02 4.503609e-01 2.843322e-04 9.999998e-01 -5.088171e-04 -2.732292e-02 -1.480704e-02 5.129709e-04 9.998901e-01 9.148377e-01
9.998934e-01 -3.260002e-04 1.460010e-02 4.995246e-01 3.328250e-04 9.999998e-01 -4.650145e-04 -3.068150e-02 -1.459991e-02 4.698235e-04 9.998932e-01 1.012161e+00
9.998222e-01 -3.577701e-04 1.885038e-02 5.479772e-01 3.698527e-04 9.999997e-01 -6.374818e-04 -3.354176e-02 -1.885011e-02 6.443396e-04 9.998220e-01 1.106446e+00
9.998811e-01 -3.741193e-04 1.541532e-02 5.976027e-01 3.815580e-04 9.999998e-01 -4.795975e-04 -3.655783e-02 -1.541510e-02 4.854214e-04 9.998810e-01 1.206979e+00
9.997008e-01 -4.240695e-04 2.445516e-02 6.428258e-01 4.446459e-04 9.999996e-01 -8.359532e-04 -3.860975e-02 -2.445475e-02 8.465759e-04 9.997005e-01 1.296873e+00
9.997512e-01 -5.543183e-04 2.229986e-02 6.921475e-01 5.695280e-04 9.999996e-01 -6.756914e-04 -4.026574e-02 -2.229943e-02 6.882225e-04 9.997510e-01 1.393091e+00
9.998136e-01 -3.380904e-04 1.930451e-02 7.420387e-01 3.511108e-04 9.999997e-01 -6.710730e-04 -4.252287e-02 -1.930423e-02 6.777246e-04 9.998133e-01 1.490619e+00
9.999181e-01 -3.535933e-04 1.278999e-02 7.908155e-01 3.584364e-04 9.999999e-01 -3.763401e-04 -4.575799e-02 -1.278980e-02 3.808922e-04 9.999180e-01 1.590553e+00
9.998178e-01 -2.952810e-04 1.908366e-02 8.374450e-01 3.084220e-04 9.999997e-01 -6.856343e-04 -4.880001e-02 -1.908339e-02 6.913937e-04 9.998176e-01 1.686347e+00
9.998120e-01 -5.029149e-04 1.938058e-02 8.853810e-01 5.140834e-04 9.999997e-01 -5.712688e-04 -5.116841e-02 -1.938023e-02 5.811230e-04 9.998119e-01 1.778580e+00
9.998721e-01 -2.573390e-04 1.599344e-02 9.337427e-01 2.666314e-04 9.999998e-01 -5.788489e-04 -5.400988e-02 -1.599323e-02 5.830373e-04 9.998718e-01 1.874948e+00
9.998860e-01 -3.947202e-04 1.509149e-02 9.800020e-01 4.014877e-04 9.999998e-01 -4.453606e-04 -5.716768e-02 -1.509125e-02 4.513670e-04 9.998859e-01 1.969254e+00
9.998265e-01 -3.036312e-04 1.862291e-02 1.025617e+00 3.161029e-04 9.999997e-01 -6.667144e-04 -5.996118e-02 -1.862264e-02 6.724835e-04 9.998263e-01 2.060139e+00
9.999263e-01 -3.709439e-04 1.213339e-02 1.074195e+00 3.750353e-04 9.999999e-01 -3.348609e-04 -6.335621e-02 -1.213319e-02 3.393845e-04 9.999262e-01 2.159076e+00
9.999814e-01 -1.333195e-05 6.103298e-03 1.119652e+00 1.509048e-05 1.000000e+00 -2.879345e-04 -6.789703e-02 -6.103223e-03 2.880191e-04 9.999812e-01 2.254971e+00
9.999909e-01 -1.979817e-04 4.266293e-03 1.158153e+00 1.983041e-04 1.000000e+00 -7.491641e-05 -7.336266e-02 -4.266207e-03 7.575954e-05 9.999908e-01 2.364407e+00
9.998669e-01 -2.087237e-04 1.631306e-02 1.201622e+00 2.191058e-04 9.999998e-01 -6.345881e-04 -7.746696e-02 -1.631285e-02 6.380757e-04 9.998666e-01 2.455383e+00
9.999821e-01 -2.624319e-04 5.981171e-03 1.245707e+00 2.631162e-04 1.000000e+00 -1.134415e-04 -8.133892e-02 -5.981067e-03 1.150108e-04 9.999820e-01 2.537335e+00
9.998105e-01 -2.761258e-04 1.946297e-02 1.291357e+00 2.903926e-04 9.999997e-01 -7.301449e-04 -8.484966e-02 -1.946269e-02 7.356561e-04 9.998102e-01 2.619266e+00
9.999661e-01 -3.109514e-04 8.226044e-03 1.335661e+00 3.124656e-04 9.999999e-01 -1.826552e-04 -8.802370e-02 -8.225909e-03 1.852168e-04 9.999661e-01 2.695704e+00
9.999178e-01 -1.391835e-04 1.282235e-02 1.379073e+00 1.458108e-04 9.999999e-01 -5.158264e-04 -9.185028e-02 -1.282219e-02 5.176511e-04 9.999176e-01 2.768358e+00
9.999718e-01 -2.954395e-04 7.499665e-03 1.422731e+00 2.966540e-04 9.999999e-01 -1.606597e-04 -9.579716e-02 -7.499537e-03 1.628773e-04 9.999718e-01 2.844507e+00
9.999565e-01 -3.578466e-05 9.321645e-03 1.464132e+00 3.969619e-05 9.999999e-01 -4.192887e-04 -1.000129e-01 -9.321548e-03 4.196378e-04 9.999564e-01 2.917521e+00
9.999917e-01 -2.212232e-04 4.052543e-03 1.502480e+00 2.214143e-04 1.000000e+00 -4.635899e-05 -1.044344e-01 -4.052451e-03 4.725319e-05 9.999917e-01 2.989398e+00
9.999432e-01 -6.017701e-05 1.065176e-02 1.545183e+00 6.525008e-05 9.999999e-01 -4.757844e-04 -1.091284e-01 -1.065164e-02 4.764497e-04 9.999431e-01 3.080149e+00
9.999887e-01 -2.354814e-04 4.753232e-03 1.588763e+00 2.358294e-04 1.000000e+00 -7.235018e-05 -1.137458e-01 -4.753131e-03 7.346751e-05 9.999886e-01 3.167636e+00
9.998861e-01 -1.747287e-04 1.509136e-02 1.636789e+00 1.839425e-04 9.999998e-01 -6.090458e-04 -1.181221e-01 -1.509117e-02 6.117495e-04 9.998859e-01 3.259731e+00
9.999999e-01 -9.910542e-05 -2.733091e-04 1.680335e+00 9.912885e-05 1.000000e+00 7.969547e-05 -1.229155e-01 2.733865e-04 -7.972544e-05 9.999999e-01 3.351961e+00
9.999295e-01 -1.156920e-04 1.187033e-02 1.717281e+00 1.216876e-04 9.999999e-01 -5.042279e-04 -1.276737e-01 -1.187018e-02 5.056339e-04 9.999293e-01 3.438418e+00
9.999859e-01 1.168238e-05 -5.311297e-03 1.726656e+00 -1.030688e-05 1.000000e+00 2.586791e-04 -1.315062e-01 5.311386e-03 -2.586236e-04 9.999858e-01 3.481484e+00
9.999533e-01 -1.779083e-05 9.662181e-03 1.771311e+00 2.219071e-05 9.999999e-01 -4.550896e-04 -1.371063e-01 -9.662086e-03 4.552798e-04 9.999531e-01 3.557375e+00
9.999573e-01 2.691173e-05 -9.236168e-03 1.821878e+00 -2.316740e-05 9.999999e-01 4.053156e-04 -1.418022e-01 9.236264e-03 -4.050873e-04 9.999572e-01 3.585128e+00
9.998564e-01 -1.179985e-04 1.694197e-02 1.841644e+00 1.302679e-04 9.999997e-01 -7.230033e-04 -1.461697e-01 -1.694179e-02 7.251035e-04 9.998561e-01 3.650505e+00
9.999463e-01 3.181010e-05 -1.036454e-02 1.852691e+00 -2.690565e-05 9.999999e-01 4.731598e-04 -1.497476e-01 1.036464e-02 -4.728585e-04 9.999461e-01 3.674743e+00
9.998919e-01 -8.832215e-05 1.470393e-02 1.950135e+00 9.822280e-05 9.999998e-01 -6.724947e-04 -1.531810e-01 -1.470378e-02 6.738633e-04 9.998916e-01 3.621917e+00
9.999312e-01 1.174694e-05 -1.173010e-02 2.200926e+00 -5.077101e-06 9.999998e-01 5.684810e-04 -1.556869e-01 1.173020e-02 -5.683853e-04 9.999310e-01 3.456473e+00
9.998917e-01 -5.757264e-05 1.471747e-02 2.454624e+00 6.738963e-05 9.999998e-01 -6.664146e-04 -1.587011e-01 -1.471734e-02 6.673312e-04 9.998914e-01 3.330141e+00
9.999906e-01 -1.525086e-04 -4.320313e-03 2.581959e+00 1.536833e-04 1.000000e+00 2.711261e-04 -1.641718e-01 4.320359e-03 -2.717906e-04 9.999906e-01 3.389036e+00
9.999634e-01 8.881362e-05 8.551399e-03 2.610842e+00 -8.475396e-05 9.999999e-01 -4.748840e-04 -1.708088e-01 -8.551352e-03 4.741388e-04 9.999633e-01 3.544592e+00
9.999601e-01 -8.670420e-05 -8.924450e-03 2.599295e+00 9.068380e-05 9.999999e-01 4.453042e-04 -1.749748e-01 8.924499e-03 -4.460988e-04 9.999600e-01 3.597408e+00
9.999854e-01 1.673236e-04 5.399133e-03 2.597106e+00 -1.654492e-04 9.999999e-01 -3.472681e-04 -1.780241e-01 -5.399102e-03 3.463667e-04 9.999853e-01 3.581056e+00
9.999882e-01 -1.718368e-04 -4.857273e-03 2.574763e+00 1.733818e-04 9.999999e-01 3.172836e-04 -1.798662e-01 4.857306e-03 -3.181251e-04 9.999881e-01 3.536527e+00
9.999917e-01 1.895460e-04 4.071491e-03 2.556217e+00 -1.882227e-04 9.999999e-01 -3.249349e-04 -1.825085e-01 -4.071464e-03 3.241628e-04 9.999916e-01 3.521719e+00
9.999934e-01 -1.898170e-04 -3.622827e-03 2.556098e+00 1.908582e-04 9.999999e-01 2.865250e-04 -1.845712e-01 3.622861e-03 -2.872176e-04 9.999933e-01 3.473201e+00
9.999868e-01 1.732201e-04 5.132261e-03 2.580561e+00 -1.713850e-04 9.999999e-01 -3.576459e-04 -1.858043e-01 -5.132234e-03 3.567585e-04 9.999867e-01 3.367495e+00
9.999963e-01 -2.310702e-04 -2.712692e-03 2.625954e+00 2.317402e-04 9.999999e-01 2.459926e-04 -1.884242e-01 2.712724e-03 -2.466234e-04 9.999962e-01 3.305233e+00
9.999947e-01 1.864440e-04 3.227385e-03 2.835910e+00 -1.854992e-04 9.999999e-01 -2.924747e-04 -1.912360e-01 -3.227351e-03 2.918714e-04 9.999947e-01 3.155314e+00
9.999822e-01 -8.914489e-05 -5.963419e-03 3.158159e+00 9.230196e-05 9.999999e-01 5.288156e-04 -1.927272e-01 5.963459e-03 -5.293597e-04 9.999820e-01 2.924487e+00
9.999794e-01 9.396349e-05 6.411067e-03 3.333178e+00 -9.043273e-05 9.999998e-01 -5.507310e-04 -1.987099e-01 -6.411030e-03 5.501368e-04 9.999792e-01 2.946981e+00
9.999947e-01 -2.754763e-04 3.246666e-03 3.399500e+00 2.750273e-04 1.000000e+00 1.393106e-04 -2.065769e-01 -3.246615e-03 -1.384200e-04 9.999946e-01 3.158194e+00
9.999999e-01 2.456193e-04 -3.523655e-04 3.435376e+00 -2.457222e-04 9.999999e-01 -2.972628e-04 -2.126096e-01 3.523814e-04 2.973463e-04 9.999998e-01 3.266793e+00
9.999949e-01 -4.097869e-04 3.173317e-03 3.492439e+00 4.092207e-04 9.999999e-01 1.796539e-04 -2.217785e-01 -3.173301e-03 -1.783575e-04 9.999949e-01 3.516548e+00
9.999973e-01 3.837373e-04 -2.297579e-03 3.525399e+00 -3.843591e-04 9.999999e-01 -2.710704e-04 -2.272033e-01 2.297564e-03 2.719497e-04 9.999973e-01 3.598719e+00
9.999946e-01 -4.066157e-04 3.256404e-03 3.507250e+00 4.058869e-04 9.999999e-01 2.250423e-04 -2.288720e-01 -3.256406e-03 -2.237225e-04 9.999946e-01 3.550180e+00
9.999975e-01 3.684268e-04 -2.215649e-03 3.498812e+00 -3.690652e-04 9.999999e-01 -2.886415e-04 -2.320060e-01 2.215632e-03 2.894554e-04 9.999974e-01 3.560208e+00
9.999718e-01 -4.789758e-04 7.489701e-03 3.546706e+00 4.785977e-04 9.999999e-01 5.254073e-05 -2.389669e-01 -7.489636e-03 -4.895787e-05 9.999719e-01 3.711068e+00
9.999985e-01 2.942362e-04 1.717417e-03 3.718106e+00 -2.935433e-04 9.999999e-01 -4.025771e-04 -2.458457e-01 -1.717446e-03 4.020692e-04 9.999984e-01 3.825075e+00
9.999926e-01 -5.944033e-04 3.795152e-03 3.813130e+00 5.935831e-04 9.999998e-01 2.177925e-04 -2.564040e-01 -3.795191e-03 -2.155414e-04 9.999927e-01 4.137087e+00
9.999692e-01 -7.699437e-05 7.842839e-03 3.903830e+00 8.109133e-05 9.999999e-01 -5.218044e-04 -2.713396e-01 -7.842707e-03 5.224210e-04 9.999690e-01 4.716180e+00
9.999996e-01 -2.445711e-04 -7.893913e-04 3.984428e+00 2.448030e-04 9.999999e-01 2.909094e-04 -2.833045e-01 7.894109e-04 -2.911058e-04 9.999996e-01 5.112449e+00
9.999911e-01 1.652001e-04 4.201921e-03 4.037104e+00 -1.632167e-04 9.999999e-01 -4.718731e-04 -2.906254e-01 -4.201908e-03 4.711799e-04 9.999910e-01 5.277675e+00
9.999974e-01 -3.381730e-04 2.252504e-03 4.101773e+00 3.377372e-04 9.999999e-01 1.947988e-04 -2.995187e-01 -2.252479e-03 -1.940408e-04 9.999974e-01 5.531885e+00
9.999499e-01 -2.012812e-04 1.000391e-02 4.210123e+00 2.070496e-04 9.999998e-01 -5.753697e-04 -3.123642e-01 -1.000370e-02 5.774089e-04 9.999497e-01 5.993682e+00
9.999942e-01 -1.604742e-04 -3.401121e-03 4.262536e+00 1.618131e-04 9.999999e-01 3.927395e-04 -3.250367e-01 3.401150e-03 -3.932909e-04 9.999941e-01 6.446109e+00
9.999361e-01 4.857816e-05 1.129861e-02 4.322693e+00 -4.014086e-05 9.999997e-01 -7.467846e-04 -3.319951e-01 -1.129855e-02 7.462800e-04 9.999358e-01 6.604473e+00
9.999997e-01 -2.472998e-04 6.995298e-04 4.380452e+00 2.471112e-04 9.999999e-01 2.731401e-04 -3.380212e-01 -6.995046e-04 -2.729706e-04 9.999996e-01 6.740376e+00
9.998677e-01 -8.746341e-05 1.626468e-02 4.449244e+00 1.024097e-04 9.999996e-01 -9.179682e-04 -3.443939e-01 -1.626450e-02 9.195090e-04 9.998672e-01 6.915564e+00
9.998911e-01 2.473064e-05 -1.475869e-02 4.635758e+00 -1.140702e-05 9.999996e-01 9.026815e-04 -3.491680e-01 1.475880e-02 -9.024183e-04 9.998906e-01 6.878597e+00
9.999503e-01 1.899822e-04 9.961058e-03 4.856082e+00 -1.839861e-04 9.999998e-01 -6.026374e-04 -3.529283e-01 -9.961077e-03 6.007714e-04 9.999501e-01 6.775640e+00
9.999529e-01 -2.095045e-04 -9.702491e-03 4.927753e+00 2.147676e-04 9.999998e-01 5.411579e-04 -3.601739e-01 9.702469e-03 -5.432196e-04 9.999527e-01 6.907459e+00
9.999576e-01 1.978681e-04 9.204321e-03 4.976019e+00 -1.925457e-04 9.999998e-01 -5.788755e-04 -3.671246e-01 -9.204341e-03 5.770753e-04 9.999574e-01 7.039077e+00
9.999726e-01 -2.338285e-04 -7.395094e-03 5.028019e+00 2.372259e-04 9.999999e-01 4.582092e-04 -3.742442e-01 7.395079e-03 -4.599544e-04 9.999725e-01 7.190198e+00
9.999721e-01 2.371862e-04 7.455791e-03 5.036355e+00 -2.334471e-04 9.999998e-01 -5.020479e-04 -3.779071e-01 -7.455816e-03 5.002899e-04 9.999720e-01 7.208050e+00
9.999656e-01 -2.191574e-04 -8.291677e-03 5.035333e+00 2.233624e-04 9.999998e-01 5.059086e-04 -3.810091e-01 8.291658e-03 -5.077466e-04 9.999654e-01 7.201592e+00
9.999641e-01 2.059730e-04 8.470331e-03 5.049543e+00 -2.012308e-04 9.999998e-01 -5.604357e-04 -3.853881e-01 -8.470352e-03 5.587077e-04 9.999639e-01 7.247787e+00
9.999762e-01 -2.678104e-04 -6.890602e-03 5.069900e+00 2.709384e-04 9.999999e-01 4.526666e-04 -3.914615e-01 6.890573e-03 -4.545262e-04 9.999761e-01 7.380606e+00
9.999672e-01 2.547974e-04 8.096246e-03 5.105426e+00 -2.502734e-04 9.999998e-01 -5.594943e-04 -3.968343e-01 -8.096294e-03 5.574462e-04 9.999670e-01 7.457012e+00
9.999684e-01 -2.970025e-04 -7.939799e-03 5.134409e+00 3.010879e-04 9.999998e-01 5.130423e-04 -4.032525e-01 7.939739e-03 -5.154202e-04 9.999683e-01 7.580084e+00
9.999699e-01 3.054052e-04 7.754671e-03 5.161670e+00 -3.010093e-04 9.999998e-01 -5.677313e-04 -4.087403e-01 -7.754749e-03 5.653766e-04 9.999697e-01 7.666028e+00
9.999563e-01 -2.559092e-04 -9.338848e-03 5.195900e+00 2.613100e-04 9.999998e-01 5.768397e-04 -4.115403e-01 9.338792e-03 -5.792584e-04 9.999562e-01 7.611705e+00
9.999587e-01 2.620531e-04 9.078186e-03 5.240033e+00 -2.563724e-04 9.999998e-01 -6.266427e-04 -4.168128e-01 -9.078255e-03 6.242860e-04 9.999585e-01 7.671779e+00
9.999733e-01 -2.932664e-04 -7.290701e-03 5.265222e+00 2.970357e-04 9.999998e-01 5.155877e-04 -4.220162e-01 7.290642e-03 -5.177430e-04 9.999732e-01 7.745949e+00
9.998831e-01 1.899139e-04 1.528547e-02 5.315874e+00 -1.767853e-04 9.999996e-01 -8.600861e-04 -4.279220e-01 -1.528553e-02 8.572799e-04 9.998827e-01 7.860171e+00
9.998416e-01 -1.139559e-04 -1.779408e-02 5.365782e+00 1.297939e-04 9.999996e-01 8.887788e-04 -4.324925e-01 1.779406e-02 -8.909511e-04 9.998412e-01 7.867360e+00
9.999411e-01 2.811984e-04 1.084829e-02 5.401330e+00 -2.739542e-04 9.999997e-01 -6.690360e-04 -4.359934e-01 -1.084838e-02 6.660212e-04 9.999409e-01 7.836865e+00
9.998114e-01 -6.583888e-05 -1.941924e-02 5.473169e+00 8.426537e-05 9.999995e-01 9.479346e-04 -4.381479e-01 1.941927e-02 -9.493956e-04 9.998109e-01 7.728551e+00
9.998924e-01 1.793749e-04 1.466504e-02 5.502208e+00 -1.671680e-04 9.999996e-01 -8.334516e-04 -4.397145e-01 -1.466509e-02 8.309070e-04 9.998920e-01 7.617726e+00
9.998690e-01 -1.362505e-04 -1.618624e-02 5.489574e+00 1.498786e-04 9.999996e-01 8.405955e-04 -4.426274e-01 1.618622e-02 -8.429148e-04 9.998686e-01 7.610089e+00
9.997881e-01 1.280136e-04 2.058333e-02 5.510089e+00 -1.076745e-04 9.999995e-01 -9.891265e-04 -4.456766e-01 -2.058336e-02 9.866972e-04 9.997876e-01 7.582621e+00
9.999766e-01 -3.747520e-04 -6.831284e-03 5.556459e+00 3.781002e-04 9.999998e-01 4.884851e-04 -4.509665e-01 6.831193e-03 -4.910601e-04 9.999765e-01 7.696714e+00
9.997806e-01 1.181491e-04 2.094499e-02 5.600691e+00 -9.699071e-05 9.999995e-01 -1.011088e-03 -4.560623e-01 -2.094500e-02 1.008831e-03 9.997801e-01 7.802818e+00
9.999394e-01 -2.888399e-04 -1.099764e-02 5.652221e+00 2.957665e-04 9.999998e-01 6.279685e-04 -4.625664e-01 1.099755e-02 -6.311868e-04 9.999393e-01 7.951727e+00
9.998451e-01 2.094568e-04 1.759782e-02 5.704167e+00 -1.930683e-04 9.999995e-01 -9.328344e-04 -4.695412e-01 -1.759792e-02 9.292888e-04 9.998446e-01 8.114532e+00
9.999912e-01 -4.357874e-04 -4.173274e-03 5.760144e+00 4.375386e-04 9.999998e-01 4.180837e-04 -4.752151e-01 4.173186e-03 -4.199096e-04 9.999911e-01 8.242506e+00
9.998408e-01 1.938762e-04 1.784241e-02 5.800677e+00 -1.772717e-04 9.999995e-01 -9.320552e-04 -4.804686e-01 -1.784249e-02 9.287403e-04 9.998403e-01 8.356546e+00
9.999066e-01 -2.428106e-04 -1.366292e-02 5.815600e+00 2.527856e-04 9.999997e-01 7.281495e-04 -4.858385e-01 1.366283e-02 -7.315389e-04 9.999063e-01 8.464554e+00
9.996191e-01 2.674802e-05 2.759731e-02 5.873062e+00 8.429607e-06 9.999992e-01 -1.274463e-03 -4.916649e-01 -2.759722e-02 1.274207e-03 9.996182e-01 8.601895e+00
9.999198e-01 -3.022204e-04 -1.265619e-02 5.928510e+00 3.114444e-04 9.999997e-01 7.266218e-04 -4.975482e-01 1.265607e-02 -7.305089e-04 9.999196e-01 8.746320e+00
9.997752e-01 1.845938e-04 2.120065e-02 5.965668e+00 -1.617438e-04 9.999994e-01 -1.079380e-03 -5.024279e-01 -2.120074e-02 1.075705e-03 9.997746e-01 8.824711e+00
9.998864e-01 -2.376225e-04 -1.506519e-02 5.996780e+00 2.500747e-04 9.999996e-01 8.244808e-04 -5.061697e-01 1.506509e-02 -8.281583e-04 9.998861e-01 8.841787e+00
9.998191e-01 2.090018e-04 1.901772e-02 6.028989e+00 -1.899782e-04 9.999995e-01 -1.001959e-03 -5.094585e-01 -1.901783e-02 9.981606e-04 9.998186e-01 8.830310e+00
9.999275e-01 -2.720160e-04 -1.203160e-02 6.062525e+00 2.807419e-04 9.999997e-01 7.233139e-04 -5.136280e-01 1.203150e-02 -7.266430e-04 9.999273e-01 8.865725e+00
9.998632e-01 2.289487e-04 1.653744e-02 6.125374e+00 -2.136032e-04 9.999995e-01 -9.295149e-04 -5.173805e-01 -1.653755e-02 9.258516e-04 9.998628e-01 8.849364e+00
9.998925e-01 -2.330910e-04 -1.465505e-02 6.215631e+00 2.451555e-04 9.999996e-01 8.212306e-04 -5.201851e-01 1.465496e-02 -8.247389e-04 9.998922e-01 8.762713e+00
9.997931e-01 1.658779e-04 2.034035e-02 6.324307e+00 -1.440729e-04 9.999994e-01 -1.073325e-03 -5.233887e-01 -2.034042e-02 1.070169e-03 9.997925e-01 8.700808e+00
9.998473e-01 -1.755126e-04 -1.747077e-02 6.375773e+00 1.919378e-04 9.999995e-01 9.383051e-04 -5.258720e-01 1.747070e-02 -9.415189e-04 9.998469e-01 8.630641e+00
9.997949e-01 1.626747e-04 2.025013e-02 6.427939e+00 -1.408843e-04 9.999994e-01 -1.077340e-03 -5.295149e-01 -2.025020e-02 1.074262e-03 9.997943e-01 8.611374e+00
9.998762e-01 -1.896678e-04 -1.573214e-02 6.457669e+00 2.032250e-04 9.999996e-01 8.599594e-04 -5.340329e-01 1.573207e-02 -8.630539e-04 9.998758e-01 8.661025e+00
9.998476e-01 1.912821e-04 1.745452e-02 6.530461e+00 -1.741881e-04 9.999995e-01 -9.806857e-04 -5.388619e-01 -1.745461e-02 9.774921e-04 9.998471e-01 8.676568e+00
9.998561e-01 -1.707759e-04 -1.696130e-02 6.599286e+00 1.860984e-04 9.999996e-01 9.016225e-04 -5.437241e-01 1.696124e-02 -9.046530e-04 9.998557e-01 8.699734e+00
9.998713e-01 2.146179e-04 1.604082e-02 6.678999e+00 -1.998240e-04 9.999996e-01 -9.236736e-04 -5.467702e-01 -1.604091e-02 9.203456e-04 9.998709e-01 8.631055e+00
9.998265e-01 -1.291366e-04 -1.862343e-02 6.766776e+00 1.474034e-04 9.999995e-01 9.793143e-04 -5.519072e-01 1.862339e-02 -9.818933e-04 9.998260e-01 8.636451e+00
9.998683e-01 1.741142e-04 1.622692e-02 6.812365e+00 -1.591158e-04 9.999996e-01 -9.254007e-04 -5.592550e-01 -1.622698e-02 9.226931e-04 9.998678e-01 8.774349e+00
9.998591e-01 -1.387755e-04 -1.678096e-02 6.880254e+00 1.536629e-04 9.999996e-01 8.856920e-04 -5.639667e-01 1.678093e-02 -8.881497e-04 9.998587e-01 8.791010e+00
9.998729e-01 1.683253e-04 1.593731e-02 6.917809e+00 -1.540919e-04 9.999996e-01 -8.941295e-04 -5.682029e-01 -1.593736e-02 8.915563e-04 9.998725e-01 8.804050e+00
9.998595e-01 -1.523408e-04 -1.675680e-02 6.945480e+00 1.669782e-04 9.999996e-01 8.719409e-04 -5.740001e-01 1.675676e-02 -8.746202e-04 9.998592e-01 8.897526e+00
9.998662e-01 1.640916e-04 1.635518e-02 6.962091e+00 -1.492638e-04 9.999996e-01 -9.076534e-04 -5.789310e-01 -1.635522e-02 9.050869e-04 9.998658e-01 8.967142e+00
9.998651e-01 -1.744650e-04 -1.642027e-02 6.996217e+00 1.886685e-04 9.999996e-01 8.632626e-04 -5.849469e-01 1.642021e-02 -8.662480e-04 9.998647e-01 9.068140e+00
9.998629e-01 1.740477e-04 1.655529e-02 7.023242e+00 -1.587915e-04 9.999996e-01 -9.226635e-04 -5.912399e-01 -1.655535e-02 9.199044e-04 9.998625e-01 9.192496e+00
9.998846e-01 -1.796281e-04 -1.519047e-02 7.044502e+00 1.921135e-04 9.999996e-01 8.202633e-04 -5.970135e-01 1.519041e-02 -8.230908e-04 9.998842e-01 9.298210e+00
9.998086e-01 1.221694e-04 1.956453e-02 7.085270e+00 -1.021045e-04 9.999995e-01 -1.026419e-03 -6.038038e-01 -1.956455e-02 1.024221e-03 9.998080e-01 9.450820e+00
9.996963e-01 -2.264140e-05 -2.464021e-02 7.116151e+00 5.144042e-05 9.999993e-01 1.168021e-03 -6.111009e-01 2.464026e-02 -1.168937e-03 9.996956e-01 9.594933e+00
9.997902e-01 1.223702e-04 2.047991e-02 7.132652e+00 -1.009216e-04 9.999994e-01 -1.048188e-03 -6.157436e-01 -2.047993e-02 1.045897e-03 9.997897e-01 9.633330e+00
9.997671e-01 -7.931790e-05 -2.157936e-02 7.152481e+00 1.017611e-04 9.999995e-01 1.038792e-03 -6.192835e-01 2.157936e-02 -1.040750e-03 9.997665e-01 9.628009e+00
9.997825e-01 1.251300e-04 2.085301e-02 7.170958e+00 -1.032053e-04 9.999994e-01 -1.052325e-03 -6.216190e-01 -2.085304e-02 1.049940e-03 9.997819e-01 9.575461e+00
9.997691e-01 -8.351196e-05 -2.148610e-02 7.176889e+00 1.059110e-04 9.999995e-01 1.041208e-03 -6.241006e-01 2.148610e-02 -1.043247e-03 9.997685e-01 9.532625e+00
9.997819e-01 1.285822e-04 2.088207e-02 7.195097e+00 -1.064186e-04 9.999994e-01 -1.062339e-03 -6.273465e-01 -2.088210e-02 1.059881e-03 9.997813e-01 9.512278e+00
9.997343e-01 -9.793354e-05 -2.304670e-02 7.225023e+00 1.232171e-04 9.999994e-01 1.095505e-03 -6.338828e-01 2.304668e-02 -1.098057e-03 9.997337e-01 9.627596e+00
9.997849e-01 1.456198e-04 2.074012e-02 7.267742e+00 -1.236613e-04 9.999994e-01 -1.059883e-03 -6.407502e-01 -2.074016e-02 1.057087e-03 9.997843e-01 9.749371e+00
9.997527e-01 -9.022968e-05 -2.223489e-02 7.278567e+00 1.139193e-04 9.999994e-01 1.064023e-03 -6.445191e-01 2.223488e-02 -1.066296e-03 9.997521e-01 9.758038e+00
9.996338e-01 5.125465e-05 2.705992e-02 7.308831e+00 -1.653805e-05 9.999992e-01 -1.283068e-03 -6.503986e-01 -2.705987e-02 1.282146e-03 9.996329e-01 9.873049e+00
9.997875e-01 -1.839498e-04 -2.061055e-02 7.400384e+00 2.045266e-04 9.999995e-01 9.961066e-04 -6.588353e-01 2.061046e-02 -1.000114e-03 9.997870e-01 1.008697e+01
9.996894e-01 1.123710e-04 2.492122e-02 7.518907e+00 -8.132004e-05 9.999992e-01 -1.246857e-03 -6.667847e-01 -2.492124e-02 1.244439e-03 9.996886e-01 1.024798e+01
9.997836e-01 -1.388636e-04 -2.080246e-02 7.592866e+00 1.600491e-04 9.999995e-01 1.016600e-03 -6.737956e-01 2.080240e-02 -1.019713e-03 9.997830e-01 1.037793e+01
9.996738e-01 9.552770e-05 2.553806e-02 7.645515e+00 -6.402040e-05 9.999992e-01 -1.234436e-03 -6.809706e-01 -2.553806e-02 1.232395e-03 9.996730e-01 1.053557e+01
9.997965e-01 -1.393457e-04 -2.017003e-02 7.684641e+00 1.594318e-04 9.999995e-01 9.940743e-04 -6.870745e-01 2.016998e-02 -9.970916e-04 9.997960e-01 1.065979e+01
9.995508e-01 -3.269393e-07 2.996962e-02 7.725233e+00 4.167986e-05 9.999990e-01 -1.379101e-03 -6.926995e-01 -2.996950e-02 1.379727e-03 9.995498e-01 1.078055e+01
9.997742e-01 -1.538201e-04 -2.124654e-02 7.778018e+00 1.763480e-04 9.999994e-01 1.058281e-03 -6.990420e-01 2.124647e-02 -1.061793e-03 9.997736e-01 1.091728e+01
9.996674e-01 1.249891e-04 2.578584e-02 7.816727e+00 -9.231876e-05 9.999992e-01 -1.268052e-03 -7.055320e-01 -2.578588e-02 1.265245e-03 9.996666e-01 1.105394e+01
9.998116e-01 -2.038186e-04 -1.940470e-02 7.847652e+00 2.231810e-04 9.999995e-01 9.954841e-04 -7.115343e-01 1.940459e-02 -9.996313e-04 9.998112e-01 1.118567e+01
9.994852e-01 1.608950e-05 3.208283e-02 7.892937e+00 3.161561e-05 9.999989e-01 -1.486328e-03 -7.170490e-01 -3.208272e-02 1.486573e-03 9.994841e-01 1.130986e+01
9.999838e-01 -5.249401e-04 -5.654239e-03 7.946170e+00 5.282841e-04 9.999997e-01 5.893244e-04 -7.209289e-01 5.654027e-03 -5.923059e-04 9.999838e-01 1.141793e+01
9.995041e-01 -1.459903e-05 3.148682e-02 8.000132e+00 6.083815e-05 9.999989e-01 -1.467456e-03 -7.250204e-01 -3.148667e-02 1.468640e-03 9.995030e-01 1.152858e+01
9.999321e-01 -3.694771e-04 -1.164000e-02 8.052343e+00 3.786059e-04 9.999996e-01 7.817452e-04 -7.297178e-01 1.163981e-02 -7.861032e-04 9.999319e-01 1.164278e+01
9.993816e-01 -8.549237e-05 3.516173e-02 8.107440e+00 1.420957e-04 9.999987e-01 -1.607202e-03 -7.340953e-01 -3.516145e-02 1.611200e-03 9.993803e-01 1.175861e+01
9.999318e-01 -3.740062e-04 -1.166922e-02 8.163011e+00 3.834609e-04 9.999996e-01 8.076627e-04 -7.384923e-01 1.166901e-02 -8.120864e-04 9.999315e-01 1.187327e+01
9.998694e-01 2.926893e-04 1.615353e-02 8.192610e+00 -2.767972e-04 9.999995e-01 -9.858042e-04 -7.448105e-01 -1.615371e-02 9.812002e-04 9.998690e-01 1.200643e+01
9.999446e-01 -3.138394e-04 -1.052083e-02 8.220669e+00 3.216433e-04 9.999997e-01 7.396971e-04 -7.503564e-01 1.052070e-02 -7.430441e-04 9.999443e-01 1.210968e+01
9.996288e-01 -8.507485e-06 2.724293e-02 8.271555e+00 4.510680e-05 9.999991e-01 -1.342686e-03 -7.555836e-01 -2.724280e-02 1.343412e-03 9.996279e-01 1.223383e+01
9.998149e-01 -1.075632e-04 -1.923434e-02 8.307406e+00 1.272638e-04 9.999995e-01 1.022801e-03 -7.617819e-01 1.923432e-02 -1.025063e-03 9.998144e-01 1.237822e+01
9.997374e-01 6.482529e-05 2.291336e-02 8.326014e+00 -3.728291e-05 9.999993e-01 -1.202275e-03 -7.680788e-01 -2.291332e-02 1.201101e-03 9.997367e-01 1.252387e+01
9.998667e-01 -1.013665e-04 -1.632644e-02 8.350478e+00 1.164101e-04 9.999996e-01 9.202166e-04 -7.736515e-01 1.632644e-02 -9.219986e-04 9.998662e-01 1.263921e+01
9.995816e-01 -9.177979e-05 2.892111e-02 8.391607e+00 1.321908e-04 9.999990e-01 -1.395235e-03 -7.789751e-01 -2.892086e-02 1.398470e-03 9.995807e-01 1.275429e+01
9.997266e-01 5.217307e-05 -2.337802e-02 8.418036e+00 -2.534535e-05 9.999993e-01 1.147673e-03 -7.849051e-01 2.337816e-02 -1.146771e-03 9.997260e-01 1.288369e+01
9.997794e-01 1.212541e-05 2.100233e-02 8.431859e+00 1.113861e-05 9.999994e-01 -1.107376e-03 -7.908874e-01 -2.100223e-02 1.107361e-03 9.997788e-01 1.298501e+01
9.998253e-01 2.559830e-05 -1.868683e-02 8.457865e+00 -7.068829e-06 9.999995e-01 9.914155e-04 -7.965914e-01 1.868694e-02 -9.911144e-04 9.998248e-01 1.308244e+01
9.994681e-01 -2.856574e-04 3.260748e-02 8.507795e+00 3.341246e-04 9.999988e-01 -1.480817e-03 -8.018178e-01 -3.260692e-02 1.490921e-03 9.994671e-01 1.319017e+01
9.991454e-01 5.563976e-04 -4.132892e-02 8.535953e+00 -4.829311e-04 9.999983e-01 1.787460e-03 -8.075382e-01 4.132994e-02 -1.765977e-03 9.991439e-01 1.327370e+01
9.993806e-01 -3.651613e-04 3.518889e-02 8.559348e+00 4.197559e-04 9.999987e-01 -1.543985e-03 -8.134685e-01 -3.518818e-02 1.557795e-03 9.993794e-01 1.336509e+01
9.989433e-01 6.796921e-04 -4.595385e-02 8.579310e+00 -5.922338e-04 9.999980e-01 1.916671e-03 -8.190240e-01 4.595516e-02 -1.887434e-03 9.989417e-01 1.344942e+01
9.993242e-01 -4.176543e-04 3.675504e-02 8.603788e+00 4.748447e-04 9.999987e-01 -1.547164e-03 -8.247764e-01 -3.675424e-02 1.563567e-03 9.993231e-01 1.352690e+01
9.991618e-01 5.176068e-04 -4.093051e-02 8.616382e+00 -4.493292e-04 9.999985e-01 1.677213e-03 -8.311318e-01 4.093141e-02 -1.657420e-03 9.991605e-01 1.364188e+01
9.993111e-01 -3.885932e-04 3.711032e-02 8.628500e+00 4.463255e-04 9.999987e-01 -1.547316e-03 -8.365758e-01 -3.710957e-02 1.562810e-03 9.993099e-01 1.371859e+01
9.992477e-01 4.710163e-04 -3.877894e-02 8.631454e+00 -4.104451e-04 9.999987e-01 1.569798e-03 -8.418563e-01 3.877973e-02 -1.552705e-03 9.992465e-01 1.379933e+01
9.992953e-01 -3.813225e-04 3.753180e-02 8.632077e+00 4.400867e-04 9.999987e-01 -1.557363e-03 -8.464593e-01 -3.753106e-02 1.572779e-03 9.992942e-01 1.385396e+01
9.993516e-01 4.174457e-04 -3.600209e-02 8.626848e+00 -3.647485e-04 9.999989e-01 1.470167e-03 -8.507179e-01 3.600276e-02 -1.456086e-03 9.993506e-01 1.391197e+01
9.991130e-01 -6.702030e-04 4.210235e-02 8.680127e+00 7.409237e-04 9.999983e-01 -1.664057e-03 -8.612392e-01 -4.210107e-02 1.693772e-03 9.991119e-01 1.425811e+01
9.992138e-01 6.502396e-04 -3.963861e-02 8.728213e+00 -5.894000e-04 9.999986e-01 1.546416e-03 -8.699705e-01 3.963966e-02 -1.521841e-03 9.992128e-01 1.448429e+01
9.992709e-01 -5.493148e-04 3.817362e-02 8.701513e+00 6.066824e-04 9.999987e-01 -1.491135e-03 -8.716463e-01 -3.817265e-02 1.513203e-03 9.992700e-01 1.442561e+01
9.993350e-01 5.597440e-04 -3.645676e-02 8.690450e+00 -5.084896e-04 9.999989e-01 1.415036e-03 -8.760835e-01 3.645761e-02 -1.395561e-03 9.993342e-01 1.450520e+01
9.991249e-01 -5.555855e-04 4.182234e-02 8.699859e+00 6.240917e-04 9.999985e-01 -1.624895e-03 -8.813722e-01 -4.182127e-02 1.649569e-03 9.991237e-01 1.461352e+01
9.995077e-01 4.136316e-04 -3.136851e-02 8.735768e+00 -3.746798e-04 9.999992e-01 1.247478e-03 -8.875236e-01 3.136910e-02 -1.235115e-03 9.995071e-01 1.476280e+01
9.994399e-01 -4.369750e-04 3.346009e-02 8.744155e+00 4.823977e-04 9.999990e-01 -1.349335e-03 -8.936398e-01 -3.345937e-02 1.364716e-03 9.994391e-01 1.490957e+01
9.994984e-01 4.088528e-04 -3.166403e-02 8.760664e+00 -3.689192e-04 9.999991e-01 1.266862e-03 -9.001894e-01 3.166462e-02 -1.254549e-03 9.994977e-01 1.506395e+01
9.993987e-01 -4.275474e-04 3.466927e-02 8.782060e+00 4.764913e-04 9.999989e-01 -1.403370e-03 -9.067961e-01 -3.466854e-02 1.419041e-03 9.993978e-01 1.522012e+01
9.994859e-01 4.006065e-04 -3.205666e-02 8.793417e+00 -3.595371e-04 9.999991e-01 1.286771e-03 -9.129725e-01 3.205725e-02 -1.274588e-03 9.994852e-01 1.536680e+01
9.995938e-01 -3.313716e-04 2.849670e-02 8.805531e+00 3.655629e-04 9.999992e-01 -1.194489e-03 -9.199578e-01 -2.849618e-02 1.204417e-03 9.995931e-01 1.551312e+01
9.993267e-01 5.061606e-04 -3.668522e-02 8.817769e+00 -4.518707e-04 9.999988e-01 1.488042e-03 -9.266821e-01 3.668603e-02 -1.470467e-03 9.993257e-01 1.564808e+01
9.994595e-01 -4.342498e-04 3.287081e-02 8.833808e+00 4.792936e-04 9.999990e-01 -1.362337e-03 -9.342186e-01 -3.287009e-02 1.377351e-03 9.994586e-01 1.581288e+01
9.994657e-01 4.422455e-04 -3.268140e-02 8.844033e+00 -3.990345e-04 9.999990e-01 1.328568e-03 -9.405697e-01 3.268205e-02 -1.314821e-03 9.994649e-01 1.595627e+01
9.995012e-01 -4.115146e-04 3.157608e-02 8.828487e+00 4.533771e-04 9.999990e-01 -1.318492e-03 -9.454355e-01 -3.157541e-02 1.332146e-03 9.995004e-01 1.604539e+01
9.996835e-01 1.178300e-04 -2.515324e-02 8.892333e+00 -8.995296e-05 9.999994e-01 1.109243e-03 -9.562407e-01 2.515346e-02 -1.106634e-03 9.996829e-01 1.640200e+01
9.995237e-01 -3.021634e-04 3.085752e-02 8.961678e+00 3.430357e-04 9.999991e-01 -1.319129e-03 -9.665593e-01 -3.085699e-02 1.329081e-03 9.995229e-01 1.671614e+01
9.994920e-01 3.294298e-04 -3.186867e-02 8.986318e+00 -2.876882e-04 9.999991e-01 1.314240e-03 -9.730667e-01 3.186917e-02 -1.304408e-03 9.994911e-01 1.684583e+01
9.996274e-01 -1.938707e-04 2.729300e-02 9.048777e+00 2.261588e-04 9.999993e-01 -1.179784e-03 -9.776318e-01 -2.729265e-02 1.185513e-03 9.996267e-01 1.684468e+01
9.995327e-01 3.393632e-04 -3.056318e-02 9.166612e+00 -2.997656e-04 9.999991e-01 1.300029e-03 -9.817221e-01 3.056369e-02 -1.290264e-03 9.995319e-01 1.679016e+01
9.995604e-01 -3.017852e-04 2.964558e-02 9.224404e+00 3.407984e-04 9.999991e-01 -1.310806e-03 -9.884574e-01 -2.964506e-02 1.320328e-03 9.995596e-01 1.690038e+01
9.995191e-01 3.725853e-04 -3.100494e-02 9.286299e+00 -3.321531e-04 9.999991e-01 1.309057e-03 -9.936032e-01 3.100550e-02 -1.298133e-03 9.995183e-01 1.693160e+01
9.995863e-01 -2.748570e-04 2.875869e-02 9.417459e+00 3.116113e-04 9.999991e-01 -1.273408e-03 -9.955660e-01 -2.875822e-02 1.281839e-03 9.995855e-01 1.677489e+01
9.995297e-01 3.789044e-04 -3.066210e-02 9.576522e+00 -3.390701e-04 9.999991e-01 1.304184e-03 -9.962139e-01 3.066267e-02 -1.293178e-03 9.995289e-01 1.654116e+01
9.995834e-01 -2.725576e-04 2.885911e-02 9.771802e+00 3.096096e-04 9.999991e-01 -1.279290e-03 -9.949868e-01 -2.885864e-02 1.287688e-03 9.995826e-01 1.620247e+01
9.995311e-01 4.085041e-04 -3.061674e-02 1.000452e+01 -3.689855e-04 9.999991e-01 1.296247e-03 -9.909548e-01 3.061734e-02 -1.284346e-03 9.995303e-01 1.571172e+01
9.996017e-01 -2.345369e-04 2.821704e-02 1.025693e+01 2.697880e-04 9.999992e-01 -1.245341e-03 -9.843030e-01 -2.821663e-02 1.252453e-03 9.996010e-01 1.508670e+01
9.995078e-01 4.090125e-04 -3.136740e-02 1.047646e+01 -3.678996e-04 9.999991e-01 1.316310e-03 -9.785602e-01 3.136801e-02 -1.304127e-03 9.995070e-01 1.452227e+01
9.996986e-01 -1.449126e-04 2.454808e-02 1.066394e+01 1.684762e-04 9.999995e-01 -9.576679e-04 -9.822247e-01 -2.454783e-02 9.615108e-04 9.996981e-01 1.440602e+01
9.995788e-01 2.826080e-04 -2.901935e-02 1.094139e+01 -2.497138e-04 9.999993e-01 1.137000e-03 -9.770706e-01 2.901975e-02 -1.129279e-03 9.995782e-01 1.385504e+01
9.996139e-01 -1.758585e-04 2.778195e-02 1.116056e+01 2.078751e-04 9.999993e-01 -1.149399e-03 -9.742005e-01 -2.778163e-02 1.154726e-03 9.996133e-01 1.342692e+01
9.995790e-01 2.797998e-04 -2.901250e-02 1.137304e+01 -2.467768e-04 9.999993e-01 1.141665e-03 -9.720940e-01 2.901290e-02 -1.134029e-03 9.995783e-01 1.303576e+01
9.996128e-01 -1.904312e-04 2.782141e-02 1.158781e+01 2.224978e-04 9.999993e-01 -1.149352e-03 -9.707062e-01 -2.782107e-02 1.155093e-03 9.996122e-01 1.268089e+01
9.995613e-01 2.828640e-04 -2.961399e-02 1.181864e+01 -2.479054e-04 9.999993e-01 1.183997e-03 -9.695848e-01 2.961440e-02 -1.176141e-03 9.995607e-01 1.233046e+01
9.996211e-01 -1.198115e-04 2.752258e-02 1.199358e+01 1.496697e-04 9.999994e-01 -1.082662e-03 -9.722186e-01 -2.752233e-02 1.086367e-03 9.996205e-01 1.218448e+01
9.996142e-01 1.635200e-04 -2.777148e-02 1.212467e+01 -1.350561e-04 9.999995e-01 1.026656e-03 -9.761706e-01 2.777173e-02 -1.022513e-03 9.996137e-01 1.212221e+01
9.998009e-01 4.087241e-05 1.995357e-02 1.234879e+01 -2.699850e-05 9.999998e-01 -6.953813e-04 -9.762938e-01 -1.995349e-02 6.947000e-04 9.998006e-01 1.184356e+01
9.995202e-01 3.201275e-04 -3.097085e-02 1.264555e+01 -2.804551e-04 9.999991e-01 1.285164e-03 -9.743056e-01 3.097133e-02 -1.275866e-03 9.995194e-01 1.145587e+01
9.996210e-01 -2.317762e-04 2.752583e-02 1.292312e+01 2.623770e-04 9.999994e-01 -1.107967e-03 -9.727495e-01 -2.752546e-02 1.114765e-03 9.996204e-01 1.107475e+01
9.995015e-01 3.764625e-04 -3.156633e-02 1.323328e+01 -3.344792e-04 9.999991e-01 1.335145e-03 -9.701833e-01 3.156690e-02 -1.323925e-03 9.995007e-01 1.063978e+01
9.996091e-01 -2.260671e-04 2.795405e-02 1.354130e+01 2.552922e-04 9.999994e-01 -1.041768e-03 -9.726175e-01 -2.795370e-02 1.048493e-03 9.996086e-01 1.045192e+01
9.996405e-01 2.576911e-04 -2.680933e-02 1.382037e+01 -2.283542e-04 9.999994e-01 1.097187e-03 -9.796026e-01 2.680970e-02 -1.090674e-03 9.996399e-01 1.050438e+01
9.995086e-01 -4.005235e-04 3.134276e-02 1.411007e+01 4.360432e-04 9.999993e-01 -1.126319e-03 -9.887776e-01 -3.134219e-02 1.139428e-03 9.995080e-01 1.067097e+01
9.994295e-01 4.668762e-04 -3.376952e-02 1.451390e+01 -4.152365e-04 9.999987e-01 1.536060e-03 -9.976063e-01 3.377029e-02 -1.521165e-03 9.994284e-01 1.075377e+01
9.994779e-01 -4.308662e-04 3.230493e-02 1.480943e+01 4.727488e-04 9.999991e-01 -1.288734e-03 -1.006828e+00 -3.230425e-02 1.303329e-03 9.994772e-01 1.089581e+01
9.994368e-01 4.287318e-04 -3.355430e-02 1.509374e+01 -3.777362e-04 9.999988e-01 1.525999e-03 -1.016624e+00 3.355501e-02 -1.512469e-03 9.994357e-01 1.107119e+01
9.992864e-01 -4.749401e-04 3.776658e-02 1.550653e+01 5.302847e-04 9.999988e-01 -1.455338e-03 -1.024668e+00 -3.776575e-02 1.474322e-03 9.992855e-01 1.114244e+01
9.992779e-01 5.550937e-04 -3.799065e-02 1.585900e+01 -4.886202e-04 9.999983e-01 1.758890e-03 -1.034077e+00 3.799166e-02 -1.739061e-03 9.992765e-01 1.128895e+01
9.993575e-01 -4.977878e-04 3.583650e-02 1.607540e+01 5.520889e-04 9.999987e-01 -1.505261e-03 -1.043887e+00 -3.583560e-02 1.524075e-03 9.993565e-01 1.149069e+01
9.993049e-01 4.670070e-04 -3.727394e-02 1.628576e+01 -3.998081e-04 9.999983e-01 1.810167e-03 -1.055338e+00 3.727482e-02 -1.794010e-03 9.993034e-01 1.176841e+01
9.994314e-01 -3.605780e-04 3.371449e-02 1.645893e+01 4.117836e-04 9.999988e-01 -1.511761e-03 -1.065185e+00 -3.371381e-02 1.524781e-03 9.994303e-01 1.197181e+01
9.993112e-01 4.863695e-04 -3.710525e-02 1.660833e+01 -4.204151e-04 9.999983e-01 1.785171e-03 -1.074617e+00 3.710615e-02 -1.768346e-03 9.993097e-01 1.217124e+01
9.987557e-01 -6.330184e-04 4.986469e-02 1.681214e+01 7.450190e-04 9.999972e-01 -2.227465e-03 -1.081935e+00 -4.986304e-02 2.261839e-03 9.987534e-01 1.231914e+01
9.991973e-01 5.492591e-04 -4.005432e-02 1.704992e+01 -4.723647e-04 9.999980e-01 1.929092e-03 -1.088968e+00 4.005540e-02 -1.908627e-03 9.991956e-01 1.242428e+01
9.989766e-01 -5.501067e-04 4.522471e-02 1.733741e+01 6.403236e-04 9.999978e-01 -1.980314e-03 -1.096155e+00 -4.522342e-02 2.007242e-03 9.989748e-01 1.250373e+01
9.992157e-01 5.152201e-04 -3.959425e-02 1.761742e+01 -4.402368e-04 9.999981e-01 1.902385e-03 -1.104364e+00 3.959525e-02 -1.883466e-03 9.992140e-01 1.264030e+01
9.978364e-01 -1.078755e-03 6.573625e-02 1.795431e+01 1.265047e-03 9.999953e-01 -2.792306e-03 -1.113984e+00 -6.573283e-02 2.869420e-03 9.978331e-01 1.291734e+01
9.993680e-01 5.069639e-04 -3.554175e-02 1.828990e+01 -4.437715e-04 9.999983e-01 1.785721e-03 -1.124212e+00 3.554270e-02 -1.768825e-03 9.993665e-01 1.323898e+01
9.986543e-01 -9.659913e-04 5.185115e-02 1.857519e+01 1.084794e-03 9.999969e-01 -2.263056e-03 -1.135926e+00 -5.184870e-02 2.316254e-03 9.986522e-01 1.358906e+01
9.997551e-01 3.628529e-04 -2.212635e-02 1.886450e+01 -3.365740e-04 9.999992e-01 1.191181e-03 -1.145672e+00 2.212687e-02 -1.183447e-03 9.997544e-01 1.390374e+01
9.997666e-01 -4.410508e-04 2.159653e-02 1.915088e+01 4.616253e-04 9.999994e-01 -9.474988e-04 -1.157177e+00 -2.159600e-02 9.572431e-04 9.997663e-01 1.416755e+01
9.999204e-01 1.746479e-04 -1.261209e-02 1.946785e+01 -1.653495e-04 9.999997e-01 7.379410e-04 -1.166574e+00 1.261232e-02 -7.358010e-04 9.999201e-01 1.435394e+01
9.996117e-01 -7.173043e-04 2.785509e-02 1.981567e+01 7.495486e-04 9.999991e-01 -1.146991e-03 -1.178438e+00 -2.785414e-02 1.167421e-03 9.996113e-01 1.468135e+01
9.999115e-01 3.055786e-04 -1.329661e-02 2.013439e+01 -2.959215e-04 9.999997e-01 7.278928e-04 -1.189659e+00 1.329692e-02 -7.238977e-04 9.999113e-01 1.498262e+01
9.997436e-01 -4.927633e-04 2.263768e-02 2.061150e+01 5.106627e-04 9.999996e-01 -7.847156e-04 -1.197674e+00 -2.263719e-02 7.960704e-04 9.997434e-01 1.505096e+01
9.998138e-01 5.345874e-04 -1.928748e-02 2.116014e+01 -5.147981e-04 9.999993e-01 1.030724e-03 -1.204109e+00 1.928812e-02 -1.020607e-03 9.998134e-01 1.500990e+01
9.997005e-01 -5.407021e-04 2.446249e-02 2.163658e+01 5.626427e-04 9.999994e-01 -8.898496e-04 -1.211619e+00 -2.446190e-02 9.033426e-04 9.997003e-01 1.504651e+01
9.997978e-01 5.480546e-04 -2.009859e-02 2.206794e+01 -5.275568e-04 9.999993e-01 1.024915e-03 -1.219311e+00 2.009924e-02 -1.014108e-03 9.997974e-01 1.510412e+01
9.997919e-01 -5.574582e-04 2.038862e-02 2.244750e+01 5.754601e-04 9.999994e-01 -8.768577e-04 -1.226939e+00 -2.038802e-02 8.884040e-04 9.997917e-01 1.514178e+01
9.997093e-01 5.041686e-04 -2.410351e-02 2.279585e+01 -4.754504e-04 9.999992e-01 1.196971e-03 -1.236610e+00 2.410419e-02 -1.185167e-03 9.997087e-01 1.526021e+01
9.998228e-01 -6.208866e-04 1.880919e-02 2.311492e+01 6.341668e-04 9.999996e-01 -6.998466e-04 -1.248951e+00 -1.880865e-02 7.116467e-04 9.998228e-01 1.551988e+01
9.996575e-01 4.657098e-04 -2.616509e-02 2.341603e+01 -4.300358e-04 9.999990e-01 1.368851e-03 -1.263253e+00 2.616580e-02 -1.357134e-03 9.996567e-01 1.586816e+01
9.998433e-01 -6.032635e-04 1.769055e-02 2.368045e+01 6.147405e-04 9.999996e-01 -6.430815e-04 -1.277992e+00 -1.769005e-02 6.538517e-04 9.998433e-01 1.624547e+01
9.996189e-01 3.998238e-04 -2.759951e-02 2.399880e+01 -3.570821e-04 9.999987e-01 1.553385e-03 -1.294358e+00 2.760019e-02 -1.542942e-03 9.996178e-01 1.668542e+01
9.998155e-01 -4.331201e-04 1.919909e-02 2.421073e+01 4.507829e-04 9.999995e-01 -9.154336e-04 -1.307822e+00 -1.919858e-02 9.239153e-04 9.998152e-01 1.701707e+01
9.996640e-01 4.404245e-04 -2.591365e-02 2.439739e+01 -4.024507e-04 9.999988e-01 1.470421e-03 -1.319658e+00 2.591437e-02 -1.459502e-03 9.996631e-01 1.730044e+01
