9.992280e-01 -8.836176e-04 3.927612e-02 1.475703e-02 9.359141e-04 9.999987e-01 -1.313142e-03 -1.298326e-02 -3.927491e-02 1.348887e-03 9.992274e-01 5.210069e-01
9.999082e-01 3.030595e-04 -1.354433e-02 2.475255e-02 -2.968397e-04 9.999998e-01 4.612205e-04 -2.668538e-02 1.354448e-02 -4.571575e-04 9.999081e-01 1.058043e+00
9.987385e-01 -1.098458e-03 5.020071e-02 7.290243e-02 1.183607e-03 9.999979e-01 -1.666480e-03 -4.319988e-02 -5.019876e-02 1.723796e-03 9.987377e-01 1.677850e+00
9.998903e-01 3.231630e-04 -1.481110e-02 1.199316e-01 -3.156934e-04 9.999998e-01 5.066595e-04 -6.023554e-02 1.481128e-02 -5.019281e-04 9.998901e-01 2.316835e+00
9.985789e-01 -1.162876e-03 5.327994e-02 1.800319e-01 1.258500e-03 9.999977e-01 -1.761221e-03 -7.854058e-02 -5.327775e-02 1.825771e-03 9.985780e-01 2.991423e+00
9.999494e-01 2.186697e-04 -1.005295e-02 2.237618e-01 -2.153828e-04 9.999999e-01 3.280351e-04 -9.399064e-02 1.005305e-02 -3.258536e-04 9.999493e-01 3.582368e+00
9.984378e-01 -1.214100e-03 5.586166e-02 2.554647e-01 1.319211e-03 9.999974e-01 -1.844805e-03 -1.064055e-01 -5.585925e-02 1.915615e-03 9.984367e-01 4.068718e+00
9.999261e-01 2.632430e-04 -1.215035e-02 3.054847e-01 -2.583556e-04 9.999999e-01 4.038059e-04 -1.214591e-01 1.215048e-02 -4.006376e-04 9.999260e-01 4.630958e+00
9.986867e-01 -1.125222e-03 5.122073e-02 3.533528e-01 1.213454e-03 9.999978e-01 -1.691511e-03 -1.376794e-01 -5.121868e-02 1.751443e-03 9.986858e-01 5.239247e+00
9.999212e-01 2.730401e-04 -1.255119e-02 4.032252e-01 -2.678245e-04 9.999999e-01 4.172122e-04 -1.542909e-01 1.255134e-02 -4.138186e-04 9.999210e-01 5.858920e+00
9.981667e-01 -1.303761e-03 6.051052e-02 4.674659e-01 1.427352e-03 9.999970e-01 -1.999292e-03 -1.703811e-01 -6.050769e-02 2.081995e-03 9.981655e-01 6.454141e+00
9.998527e-01 3.724278e-04 -1.716090e-02 5.271520e-01 -3.624039e-04 9.999998e-01 5.871995e-04 -1.871641e-01 1.716116e-02 -5.808950e-04 9.998525e-01 7.077732e+00
9.989734e-01 -1.007630e-03 4.528855e-02 5.544981e-01 1.077009e-03 9.999983e-01 -1.507550e-03 -2.044238e-01 -4.528691e-02 1.554777e-03 9.989727e-01 7.741223e+00
9.999909e-01 -8.863139e-05 4.269688e-03 5.983603e-01 8.927095e-05 1.000000e+00 -1.494979e-04 -2.191444e-01 -4.269622e-03 1.498762e-04 9.999908e-01 8.314007e+00
9.991516e-01 -9.241681e-04 4.117314e-02 6.556264e-01 9.812836e-04 9.999986e-01 -1.367004e-03 -2.354817e-01 -4.117176e-02 1.406245e-03 9.991510e-01 8.926659e+00
9.999714e-01 1.722642e-04 -7.556643e-03 6.998185e-01 -1.701269e-04 9.999999e-01 2.833945e-04 -2.574776e-01 7.556751e-03 -2.821026e-04 9.999713e-01 9.767077e+00
9.994741e-01 -7.654592e-04 3.241798e-02 7.104186e-01 8.005166e-04 9.999991e-01 -1.068434e-03 -2.803533e-01 -3.241707e-02 1.093822e-03 9.994737e-01 1.067703e+01
9.999737e-01 -1.361336e-04 7.248685e-03 7.739519e-01 1.378651e-04 1.000000e+00 -2.382781e-04 -3.014535e-01 -7.248588e-03 2.392692e-04 9.999736e-01 1.146167e+01
9.996328e-01 -6.553169e-04 2.708893e-02 8.308224e-01 6.790358e-04 9.999994e-01 -8.663742e-04 -3.260180e-01 -2.708828e-02 8.844483e-04 9.996326e-01 1.238338e+01
9.999920e-01 -7.524066e-05 4.002882e-03 8.648636e-01 7.585485e-05 1.000000e+00 -1.530655e-04 -3.465196e-01 -4.002801e-03 1.533657e-04 9.999919e-01 1.317394e+01
9.990255e-01 -9.908930e-04 4.412469e-02 9.018628e-01 1.056416e-03 9.999984e-01 -1.461633e-03 -3.595707e-01 -4.412310e-02 1.506820e-03 9.990249e-01 1.368177e+01
9.998553e-01 3.878231e-04 -1.700691e-02 9.435221e-01 -3.777071e-04 9.999997e-01 5.979615e-04 -3.794888e-01 1.700721e-02 -5.914538e-04 9.998551e-01 1.443294e+01
9.992454e-01 -8.842038e-04 3.882971e-02 9.896414e-01 9.346524e-04 9.999987e-01 -1.281065e-03 -4.006074e-01 -3.882846e-02 1.316388e-03 9.992449e-01 1.520879e+01
9.998449e-01 4.022512e-04 -1.760781e-02 1.024559e+00 -3.916647e-04 9.999997e-01 6.046088e-04 -4.198304e-01 1.760813e-02 -5.976212e-04 9.998447e-01 1.592950e+01
9.993979e-01 -7.879362e-04 3.468633e-02 1.085232e+00 8.280424e-04 9.999990e-01 -1.141870e-03 -4.400215e-01 -3.468532e-02 1.169902e-03 9.993975e-01 1.663862e+01
9.997916e-01 4.454605e-04 -2.040718e-02 1.084192e+00 -4.308839e-04 9.999996e-01 7.186089e-04 -4.614217e-01 2.040758e-02 -7.096687e-04 9.997914e-01 1.749654e+01
9.993616e-01 -8.203477e-04 3.571620e-02 1.053883e+00 8.627870e-04 9.999989e-01 -1.172803e-03 -4.838116e-01 -3.571512e-02 1.202867e-03 9.993612e-01 1.844711e+01
9.998526e-01 3.716458e-04 -1.716108e-02 1.036259e+00 -3.615380e-04 9.999998e-01 5.920106e-04 -5.025420e-01 1.716137e-02 -5.857217e-04 9.998525e-01 1.922672e+01
9.995408e-01 -7.110626e-04 3.029295e-02 1.011306e+00 7.408021e-04 9.999993e-01 -9.704733e-04 -5.253564e-01 -3.029215e-02 9.924659e-04 9.995405e-01 2.018455e+01
9.998057e-01 4.369501e-04 -1.970675e-02 1.001950e+00 -4.234156e-04 9.999997e-01 6.908823e-04 -5.506653e-01 1.970712e-02 -6.824067e-04 9.998055e-01 2.121551e+01
9.996190e-01 -6.650615e-04 2.759442e-02 9.670146e-01 6.894765e-04 9.999994e-01 -8.752236e-04 -5.759784e-01 -2.759374e-02 8.939130e-04 9.996187e-01 2.228813e+01
9.998561e-01 3.691755e-04 -1.696088e-02 9.126666e-01 -3.592307e-04 9.999998e-01 5.892885e-04 -5.997901e-01 1.696118e-02 -5.831137e-04 9.998559e-01 2.333328e+01
9.995192e-01 -7.386850e-04 3.099563e-02 8.519559e-01 7.697983e-04 9.999992e-01 -9.918280e-04 -6.237364e-01 -3.099479e-02 1.015209e-03 9.995190e-01 2.439626e+01
9.996266e-01 5.751937e-04 -2.731762e-02 7.312499e-01 -5.487775e-04 9.999994e-01 9.744281e-04 -6.498355e-01 2.731825e-02 -9.590758e-04 9.996263e-01 2.563712e+01
9.994504e-01 -7.643157e-04 3.314072e-02 6.522846e-01 8.011164e-04 9.999991e-01 -1.097128e-03 -6.715071e-01 -3.313976e-02 1.123071e-03 9.994500e-01 2.662659e+01
9.995086e-01 6.649174e-04 -3.133915e-02 5.670796e-01 -6.298003e-04 9.999992e-01 1.130350e-03 -6.943199e-01 3.133996e-02 -1.110060e-03 9.995081e-01 2.766445e+01
9.994517e-01 -7.709241e-04 3.310212e-02 4.626235e-01 8.077487e-04 9.999991e-01 -1.099048e-03 -7.174436e-01 -3.310116e-02 1.125181e-03 9.994513e-01 2.874735e+01
9.995655e-01 6.212888e-04 -2.946960e-02 3.084207e-01 -5.908661e-04 9.999993e-01 1.040977e-03 -7.356812e-01 2.947031e-02 -1.023115e-03 9.995651e-01 2.969552e+01
9.994767e-01 -7.491978e-04 3.233733e-02 -5.621069e-02 7.857446e-04 9.999991e-01 -1.117432e-03 -7.391094e-01 -3.233638e-02 1.142254e-03 9.994763e-01 3.030158e+01
9.995984e-01 5.962675e-04 -2.833210e-02 -1.907127e-01 -5.670146e-04 9.999993e-01 1.040463e-03 -7.571986e-01 2.833278e-02 -1.023983e-03 9.995979e-01 3.121471e+01
9.995475e-01 -7.096622e-04 3.007213e-02 -4.145943e-01 7.411566e-04 9.999992e-01 -1.036109e-03 -7.733704e-01 -3.007128e-02 1.057926e-03 9.995471e-01 3.217415e+01
9.995934e-01 5.873821e-04 -2.850734e-02 -8.577929e-01 -5.580964e-04 9.999993e-01 1.035185e-03 -7.815291e-01 2.850801e-02 -1.018857e-03 9.995930e-01 3.310490e+01
9.995878e-01 -6.797370e-04 2.870111e-02 -1.282728e+00 7.088857e-04 9.999992e-01 -1.005376e-03 -7.898137e-01 -2.870032e-02 1.025304e-03 9.995875e-01 3.400975e+01
9.995786e-01 5.906861e-04 -2.902228e-02 -1.458499e+00 -5.588030e-04 9.999992e-01 1.106608e-03 -8.142142e-01 2.902299e-02 -1.089927e-03 9.995781e-01 3.525704e+01
9.995801e-01 -6.719122e-04 2.896708e-02 -1.828125e+00 7.032128e-04 9.999992e-01 -1.070330e-03 -8.237884e-01 -2.896626e-02 1.090247e-03 9.995797e-01 3.613512e+01
9.996159e-01 5.740978e-04 -2.770662e-02 -2.053661e+00 -5.445969e-04 9.999993e-01 1.072228e-03 -8.364241e-01 2.770730e-02 -1.056730e-03 9.996154e-01 3.693605e+01
9.994295e-01 -7.614292e-04 3.376323e-02 -2.200228e+00 8.035271e-04 9.999989e-01 -1.233257e-03 -8.489981e-01 -3.376216e-02 1.259680e-03 9.994290e-01 3.762728e+01
9.994987e-01 6.546164e-04 -3.165164e-02 -2.414129e+00 -6.163182e-04 9.999991e-01 1.219674e-03 -8.625206e-01 3.165250e-02 -1.199558e-03 9.994981e-01 3.845236e+01
9.990409e-01 -9.452322e-04 4.377518e-02 -2.455202e+00 1.014945e-03 9.999983e-01 -1.570294e-03 -8.801278e-01 -4.377353e-02 1.613215e-03 9.990401e-01 3.920685e+01
9.995427e-01 6.335913e-04 -3.022990e-02 -2.535483e+00 -5.990648e-04 9.999992e-01 1.151110e-03 -8.915117e-01 3.023070e-02 -1.132477e-03 9.995422e-01 3.975682e+01
9.989092e-01 -1.013227e-03 4.668262e-02 -2.659874e+00 1.092608e-03 9.999980e-01 -1.674903e-03 -9.005773e-01 -4.668074e-02 1.724078e-03 9.989083e-01 4.027976e+01
9.995300e-01 6.383038e-04 -3.064801e-02 -2.728313e+00 -6.016117e-04 9.999991e-01 1.206350e-03 -9.211564e-01 3.064884e-02 -1.187348e-03 9.995294e-01 4.121355e+01
9.989630e-01 -1.015157e-03 4.551815e-02 -2.817944e+00 1.090570e-03 9.999981e-01 -1.631923e-03 -9.417731e-01 -4.551631e-02 1.679868e-03 9.989621e-01 4.218291e+01
9.994183e-01 7.113151e-04 -3.409454e-02 -3.025980e+00 -6.671671e-04 9.999989e-01 1.306165e-03 -9.530629e-01 3.409553e-02 -1.282661e-03 9.994177e-01 4.292203e+01
9.987047e-01 -1.065143e-03 5.086959e-02 -2.984530e+00 1.159637e-03 9.999977e-01 -1.828057e-03 -9.697398e-01 -5.086744e-02 1.884676e-03 9.987036e-01 4.352708e+01
9.992605e-01 8.360228e-04 -3.844109e-02 -2.927119e+00 -7.792838e-04 9.999986e-01 1.490898e-03 -9.922887e-01 3.844237e-02 -1.459842e-03 9.992597e-01 4.433671e+01
9.990084e-01 -9.903996e-04 4.451121e-02 -2.971577e+00 1.062974e-03 9.999981e-01 -1.606798e-03 -1.014425e+00 -4.450944e-02 1.652516e-03 9.990075e-01 4.528817e+01
9.993003e-01 7.986252e-04 -3.739202e-02 -3.061227e+00 -7.442692e-04 9.999986e-01 1.467513e-03 -1.036763e+00 3.739323e-02 -1.438659e-03 9.992995e-01 4.632507e+01
9.990950e-01 -9.497944e-04 4.252322e-02 -3.130140e+00 1.016055e-03 9.999983e-01 -1.536593e-03 -1.060750e+00 -4.252160e-02 1.578405e-03 9.990942e-01 4.739084e+01
9.991876e-01 8.544587e-04 -4.029010e-02 -3.215436e+00 -7.902438e-04 9.999984e-01 1.609652e-03 -1.088755e+00 4.029151e-02 -1.576509e-03 9.991867e-01 4.864866e+01
9.991643e-01 -9.213470e-04 4.086243e-02 -3.262465e+00 9.831211e-04 9.999984e-01 -1.491637e-03 -1.116484e+00 -4.086090e-02 1.530560e-03 9.991636e-01 4.982707e+01
9.991629e-01 8.867967e-04 -4.089711e-02 -3.250841e+00 -8.211167e-04 9.999983e-01 1.622691e-03 -1.142786e+00 4.089857e-02 -1.587755e-03 9.991620e-01 5.084475e+01
9.991050e-01 -9.593980e-04 4.228653e-02 -3.284908e+00 1.025212e-03 9.999983e-01 -1.534678e-03 -1.169578e+00 -4.228489e-02 1.576654e-03 9.991043e-01 5.196263e+01
9.993142e-01 7.941001e-04 -3.701911e-02 -3.343905e+00 -7.387309e-04 9.999986e-01 1.509282e-03 -1.200690e+00 3.702035e-02 -1.480903e-03 9.993133e-01 5.330733e+01
9.983025e-01 -1.250709e-03 5.822843e-02 -3.349311e+00 1.374877e-03 9.999969e-01 -2.092381e-03 -1.231713e+00 -5.822553e-02 2.168882e-03 9.983010e-01 5.457717e+01
9.988843e-01 1.011800e-03 -4.721203e-02 -3.404743e+00 -9.221276e-04 9.999977e-01 1.921034e-03 -1.267578e+00 4.721396e-02 -1.875359e-03 9.988830e-01 5.612541e+01
9.988311e-01 -1.086367e-03 4.832431e-02 -3.443383e+00 1.172361e-03 9.999978e-01 -1.751155e-03 -1.302823e+00 -4.832221e-02 1.805758e-03 9.988301e-01 5.760673e+01
9.988556e-01 1.056556e-03 -4.781439e-02 -3.464193e+00 -9.670012e-04 9.999977e-01 1.896002e-03 -1.331219e+00 4.781638e-02 -1.847599e-03 9.988544e-01 5.876785e+01
9.988688e-01 -1.057071e-03 4.753782e-02 -3.426933e+00 1.141600e-03 9.999978e-01 -1.750978e-03 -1.357630e+00 -4.753577e-02 1.803263e-03 9.988678e-01 5.974726e+01
9.988464e-01 1.045865e-03 -4.800753e-02 -3.428111e+00 -9.537580e-04 9.999977e-01 1.941415e-03 -1.388868e+00 4.800954e-02 -1.893391e-03 9.988450e-01 6.099117e+01
9.988312e-01 -1.089130e-03 4.832263e-02 -3.451304e+00 1.175800e-03 9.999978e-01 -1.765119e-03 -1.421673e+00 -4.832050e-02 1.819870e-03 9.988302e-01 6.234159e+01
9.989375e-01 1.027665e-03 -4.607280e-02 -3.453845e+00 -9.437837e-04 9.999979e-01 1.842286e-03 -1.449487e+00 4.607469e-02 -1.796849e-03 9.989363e-01 6.344887e+01
9.981996e-01 -1.249543e-03 5.996657e-02 -3.264211e+00 1.384466e-03 9.999966e-01 -2.208437e-03 -1.477557e+00 -5.996351e-02 2.287479e-03 9.981979e-01 6.428209e+01
9.987248e-01 1.123511e-03 -5.047287e-02 -3.182178e+00 -1.023450e-03 9.999975e-01 2.008218e-03 -1.503234e+00 5.047510e-02 -1.954004e-03 9.987233e-01 6.516916e+01
9.986351e-01 -1.163863e-03 5.221582e-02 -3.227505e+00 1.265693e-03 9.999974e-01 -1.917099e-03 -1.529403e+00 -5.221335e-02 1.980568e-03 9.986339e-01 6.627944e+01
9.987263e-01 1.126911e-03 -5.044287e-02 -3.250636e+00 -1.026039e-03 9.999974e-01 2.025526e-03 -1.557411e+00 5.044512e-02 -1.971193e-03 9.987248e-01 6.743021e+01
9.986394e-01 -1.168346e-03 5.213326e-02 -3.294835e+00 1.270750e-03 9.999973e-01 -1.931137e-03 -1.583840e+00 -5.213077e-02 1.994754e-03 9.986382e-01 6.854980e+01
9.990124e-01 1.013604e-03 -4.441927e-02 -3.319956e+00 -9.350682e-04 9.999980e-01 1.788749e-03 -1.608049e+00 4.442109e-02 -1.745451e-03 9.990113e-01 6.955344e+01
9.989558e-01 -1.074822e-03 4.567421e-02 -3.400186e+00 1.152975e-03 9.999979e-01 -1.684750e-03 -1.635038e+00 -4.567221e-02 1.735649e-03 9.989549e-01 7.075726e+01
9.989868e-01 1.023392e-03 -4.499217e-02 -3.485481e+00 -9.422676e-04 9.999979e-01 1.824187e-03 -1.663816e+00 4.499403e-02 -1.779947e-03 9.989856e-01 7.204355e+01
9.989551e-01 -1.079820e-03 4.568879e-02 -3.567035e+00 1.158186e-03 9.999979e-01 -1.688721e-03 -1.692692e+00 -4.568678e-02 1.739869e-03 9.989542e-01 7.332843e+01
9.990014e-01 1.036517e-03 -4.466678e-02 -3.636336e+00 -9.578831e-04 9.999980e-01 1.781769e-03 -1.716764e+00 4.466863e-02 -1.737208e-03 9.990003e-01 7.439097e+01
9.990059e-01 -1.053642e-03 4.456406e-02 -3.683975e+00 1.128892e-03 9.999980e-01 -1.663384e-03 -1.740002e+00 -4.456212e-02 1.712035e-03 9.990051e-01 7.537837e+01
9.990186e-01 1.032214e-03 -4.427868e-02 -3.725185e+00 -9.547600e-04 9.999980e-01 1.770288e-03 -1.762634e+00 4.428051e-02 -1.726278e-03 9.990176e-01 7.633024e+01
9.989399e-01 -1.086164e-03 4.601980e-02 -3.774266e+00 1.166506e-03 9.999978e-01 -1.718928e-03 -1.785065e+00 -4.601774e-02 1.770785e-03 9.989390e-01 7.728978e+01
9.990981e-01 1.007020e-03 -4.244982e-02 -3.765315e+00 -9.347903e-04 9.999981e-01 1.721274e-03 -1.810325e+00 4.245157e-02 -1.680044e-03 9.990971e-01 7.826862e+01
9.990446e-01 -1.055333e-03 4.368917e-02 -3.737140e+00 1.127163e-03 9.999981e-01 -1.619458e-03 -1.837999e+00 -4.368728e-02 1.667152e-03 9.990438e-01 7.931867e+01
9.991191e-01 1.006210e-03 -4.195079e-02 -3.742586e+00 -9.367452e-04 9.999982e-01 1.675415e-03 -1.861221e+00 4.195249e-02 -1.634645e-03 9.991182e-01 8.023826e+01
9.989770e-01 -1.079429e-03 4.520761e-02 -3.724250e+00 1.156280e-03 9.999979e-01 -1.673789e-03 -1.885302e+00 -4.520562e-02 1.724346e-03 9.989761e-01 8.115416e+01
9.992701e-01 9.282828e-04 -3.818916e-02 -3.710097e+00 -8.700104e-04 9.999984e-01 1.542404e-03 -1.910241e+00 3.819063e-02 -1.508057e-03 9.992693e-01 8.212058e+01
9.992519e-01 -9.817394e-04 3.865914e-02 -3.719957e+00 1.037987e-03 9.999984e-01 -1.434860e-03 -1.935674e+00 -3.865758e-02 1.473911e-03 9.992514e-01 8.313863e+01
9.992805e-01 9.291145e-04 -3.791604e-02 -3.720946e+00 -8.713794e-04 9.999984e-01 1.539132e-03 -1.961300e+00 3.791750e-02 -1.504989e-03 9.992797e-01 8.415080e+01
9.992587e-01 -9.884878e-04 3.848376e-02 -3.782398e+00 1.044654e-03 9.999984e-01 -1.439326e-03 -1.986093e+00 -3.848218e-02 1.478458e-03 9.992581e-01 8.522947e+01
9.992919e-01 9.382669e-04 -3.761289e-02 -3.836002e+00 -8.823327e-04 9.999985e-01 1.503598e-03 -2.006743e+00 3.761434e-02 -1.469350e-03 9.992912e-01 8.612070e+01
9.992446e-01 -9.982656e-04 3.884783e-02 -3.866418e+00 1.055219e-03 9.999984e-01 -1.445517e-03 -2.028596e+00 -3.884623e-02 1.485414e-03 9.992440e-01 8.702463e+01
9.993299e-01 9.122723e-04 -3.659076e-02 -3.911901e+00 -8.587101e-04 9.999985e-01 1.479430e-03 -2.052132e+00 3.659216e-02 -1.447022e-03 9.993292e-01 8.802572e+01
9.990265e-01 -1.094926e-03 4.409991e-02 -3.935638e+00 1.168872e-03 9.999980e-01 -1.650969e-03 -2.072330e+00 -4.409791e-02 1.700905e-03 9.990257e-01 8.885645e+01
9.992476e-01 9.479497e-04 -3.877220e-02 -4.069747e+00 -8.887059e-04 9.999984e-01 1.545128e-03 -2.087395e+00 3.877370e-02 -1.509512e-03 9.992468e-01 8.963397e+01
9.991397e-01 -1.036935e-03 4.145687e-02 -4.200537e+00 1.102651e-03 9.999982e-01 -1.562265e-03 -2.104409e+00 -4.145508e-02 1.606630e-03 9.991390e-01 9.048802e+01
9.992724e-01 9.424656e-04 -3.812658e-02 -4.249959e+00 -8.844061e-04 9.999984e-01 1.539571e-03 -2.125190e+00 3.812807e-02 -1.504735e-03 9.992717e-01 9.138017e+01
9.991234e-01 -1.062938e-03 4.184689e-02 -4.312951e+00 1.128986e-03 9.999982e-01 -1.554657e-03 -2.149306e+00 -4.184507e-02 1.600535e-03 9.991228e-01 9.243602e+01
9.993291e-01 9.181478e-04 -3.661313e-02 -4.367381e+00 -8.645690e-04 9.999985e-01 1.479103e-03 -2.172061e+00 3.661454e-02 -1.446459e-03 9.993284e-01 9.342324e+01
9.989363e-01 -1.155192e-03 4.609673e-02 -4.414751e+00 1.235124e-03 9.999978e-01 -1.705518e-03 -2.193304e+00 -4.609456e-02 1.760636e-03 9.989355e-01 9.434305e+01
9.991079e-01 1.054838e-03 -4.221554e-02 -4.475529e+00 -9.838562e-04 9.999981e-01 1.702092e-03 -2.218069e+00 4.221735e-02 -1.659043e-03 9.991070e-01 9.542411e+01
9.989275e-01 -1.166868e-03 4.628621e-02 -4.515719e+00 1.246928e-03 9.999978e-01 -1.700786e-03 -2.244635e+00 -4.628403e-02 1.756674e-03 9.989267e-01 9.654514e+01
9.990522e-01 1.077874e-03 -4.351445e-02 -4.589724e+00 -1.002281e-03 9.999980e-01 1.758908e-03 -2.271983e+00 4.351635e-02 -1.713631e-03 9.990512e-01 9.775665e+01
9.989074e-01 -1.167314e-03 4.671780e-02 -4.656393e+00 1.250492e-03 9.999977e-01 -1.751184e-03 -2.294876e+00 -4.671555e-02 1.807687e-03 9.989065e-01 9.876935e+01
9.993361e-01 9.470711e-04 -3.641927e-02 -4.662701e+00 -8.930322e-04 9.999985e-01 1.499953e-03 -2.316963e+00 3.642073e-02 -1.466437e-03 9.993354e-01 9.965819e+01
9.985954e-01 -1.292263e-03 5.296710e-02 -4.646786e+00 1.397932e-03 9.999971e-01 -1.957932e-03 -2.339382e+00 -5.296432e-02 2.029222e-03 9.985943e-01 1.005311e+02
9.993919e-01 9.006409e-04 -3.485451e-02 -4.670684e+00 -8.508423e-04 9.999986e-01 1.443470e-03 -2.361031e+00 3.485586e-02 -1.412940e-03 9.993913e-01 1.014387e+02
9.989603e-01 -1.147619e-03 4.557231e-02 -4.715764e+00 1.226388e-03 9.999978e-01 -1.700457e-03 -2.384596e+00 -4.557016e-02 1.754575e-03 9.989595e-01 1.024592e+02
9.990409e-01 1.090018e-03 -4.377150e-02 -4.755789e+00 -1.012771e-03 9.999979e-01 1.786837e-03 -2.410749e+00 4.377346e-02 -1.740797e-03 9.990399e-01 1.035604e+02
9.984388e-01 -1.328226e-03 5.584005e-02 -4.752059e+00 1.446725e-03 9.999968e-01 -2.081698e-03 -2.433257e+00 -5.583700e-02 2.159229e-03 9.984375e-01 1.044517e+02
9.991345e-01 1.044925e-03 -4.158262e-02 -4.776833e+00 -9.743960e-04 9.999981e-01 1.716256e-03 -2.456420e+00 4.158443e-02 -1.674256e-03 9.991335e-01 1.054208e+02
9.988734e-01 -1.193031e-03 4.743813e-02 -4.853484e+00 1.279179e-03 9.999976e-01 -1.785625e-03 -2.482431e+00 -4.743579e-02 1.844291e-03 9.988725e-01 1.065836e+02
9.992008e-01 1.002938e-03 -3.995816e-02 -4.938928e+00 -9.373730e-04 9.999982e-01 1.659461e-03 -2.507709e+00 3.995985e-02 -1.620682e-03 9.991999e-01 1.077337e+02
9.988983e-01 -1.172420e-03 4.691134e-02 -5.005610e+00 1.257160e-03 9.999976e-01 -1.776853e-03 -2.532172e+00 -4.690904e-02 1.833866e-03 9.988974e-01 1.088195e+02
9.989714e-01 1.122536e-03 -4.532945e-02 -5.083683e+00 -1.039448e-03 9.999977e-01 1.856435e-03 -2.555816e+00 4.533153e-02 -1.807411e-03 9.989703e-01 1.098805e+02
9.989391e-01 -1.146955e-03 4.603506e-02 -5.161284e+00 1.229934e-03 9.999977e-01 -1.774170e-03 -2.576676e+00 -4.603282e-02 1.828904e-03 9.989382e-01 1.108212e+02
9.989968e-01 1.122218e-03 -4.476631e-02 -5.257447e+00 -1.042447e-03 9.999978e-01 1.805171e-03 -2.590816e+00 4.476833e-02 -1.756697e-03 9.989958e-01 1.114905e+02
9.987697e-01 -1.211992e-03 4.957367e-02 -5.330540e+00 1.307065e-03 9.999974e-01 -1.885392e-03 -2.606772e+00 -4.957115e-02 1.947864e-03 9.987686e-01 1.122130e+02
9.989079e-01 1.145016e-03 -4.670870e-02 -5.431574e+00 -1.058069e-03 9.999977e-01 1.886068e-03 -2.624535e+00 4.671085e-02 -1.834591e-03 9.989067e-01 1.130570e+02
9.987630e-01 -1.190188e-03 4.970941e-02 -5.592166e+00 1.287710e-03 9.999973e-01 -1.929805e-03 -2.633051e+00 -4.970688e-02 1.991426e-03 9.987618e-01 1.135810e+02
9.988749e-01 1.151546e-03 -4.740807e-02 -5.662432e+00 -1.059830e-03 9.999975e-01 1.959623e-03 -2.653300e+00 4.741031e-02 -1.907178e-03 9.988736e-01 1.144849e+02
9.988501e-01 -1.159803e-03 4.792678e-02 -5.725455e+00 1.251174e-03 9.999975e-01 -1.876429e-03 -2.672945e+00 -4.792438e-02 1.934233e-03 9.988490e-01 1.153480e+02
9.989059e-01 1.144113e-03 -4.675123e-02 -5.752289e+00 -1.053889e-03 9.999975e-01 1.954402e-03 -2.694452e+00 4.675345e-02 -1.902996e-03 9.989046e-01 1.162301e+02
9.988610e-01 -1.168353e-03 4.769881e-02 -5.795974e+00 1.258606e-03 9.999975e-01 -1.862083e-03 -2.717238e+00 -4.769641e-02 1.919992e-03 9.988600e-01 1.171951e+02
9.992869e-01 9.480404e-04 -3.774442e-02 -5.855347e+00 -8.888236e-04 9.999983e-01 1.585542e-03 -2.729607e+00 3.774596e-02 -1.550867e-03 9.992861e-01 1.177483e+02
9.986249e-01 -1.246521e-03 5.240915e-02 -5.846612e+00 1.354198e-03 9.999970e-01 -2.019024e-03 -2.744613e+00 -5.240638e-02 2.087216e-03 9.986236e-01 1.183187e+02
9.992316e-01 1.029609e-03 -3.917925e-02 -5.584008e+00 -9.665708e-04 9.999982e-01 1.627788e-03 -2.767257e+00 3.918096e-02 -1.588671e-03 9.992308e-01 1.188283e+02
9.988674e-01 -1.143831e-03 4.756573e-02 -5.286118e+00 1.234053e-03 9.999975e-01 -1.867407e-03 -2.789851e+00 -4.756338e-02 1.923987e-03 9.988663e-01 1.192757e+02
9.993518e-01 9.295610e-04 -3.598730e-02 -5.155907e+00 -8.752870e-04 9.999985e-01 1.523760e-03 -2.807769e+00 3.598876e-02 -1.491277e-03 9.993510e-01 1.197846e+02
9.991051e-01 -1.075815e-03 4.228071e-02 -5.173860e+00 1.147364e-03 9.999980e-01 -1.667915e-03 -2.826135e+00 -4.227873e-02 1.714930e-03 9.991043e-01 1.205283e+02
9.994636e-01 8.620714e-04 -3.273496e-02 -5.154983e+00 -8.163539e-04 9.999987e-01 1.409815e-03 -2.844303e+00 3.273623e-02 -1.382340e-03 9.994630e-01 1.212076e+02
9.991022e-01 -1.056720e-03 4.234969e-02 -5.085389e+00 1.129614e-03 9.999979e-01 -1.697266e-03 -2.860212e+00 -4.234771e-02 1.743577e-03 9.991014e-01 1.217201e+02
9.993951e-01 8.601755e-04 -3.476580e-02 -5.213407e+00 -8.079525e-04 9.999985e-01 1.516044e-03 -2.875569e+00 3.476716e-02 -1.487042e-03 9.993943e-01 1.225049e+02
9.991155e-01 -1.024735e-03 4.203546e-02 -5.209755e+00 1.096874e-03 9.999980e-01 -1.693013e-03 -2.894211e+00 -4.203354e-02 1.737619e-03 9.991146e-01 1.232264e+02
9.993439e-01 9.120021e-04 -3.620445e-02 -5.180709e+00 -8.559954e-04 9.999984e-01 1.562314e-03 -2.913324e+00 3.620591e-02 -1.530302e-03 9.993431e-01 1.239221e+02
9.989519e-01 -1.129437e-03 4.575790e-02 -5.204704e+00 1.212965e-03 9.999976e-01 -1.797626e-03 -2.934513e+00 -4.575567e-02 1.851241e-03 9.989509e-01 1.247982e+02
9.993397e-01 9.460462e-04 -3.632098e-02 -5.097180e+00 -8.884724e-04 9.999983e-01 1.601133e-03 -2.965774e+00 3.632253e-02 -1.567809e-03 9.993388e-01 1.258668e+02
9.992316e-01 -1.028293e-03 3.918098e-02 -5.004640e+00 1.089770e-03 9.999982e-01 -1.547642e-03 -2.996967e+00 -3.917922e-02 1.589147e-03 9.992309e-01 1.269666e+02
9.992942e-01 9.613320e-04 -3.755009e-02 -5.239112e+00 -9.035060e-04 9.999984e-01 1.556796e-03 -3.008801e+00 3.755163e-02 -1.521775e-03 9.992935e-01 1.277428e+02
9.987392e-01 -1.247925e-03 5.018268e-02 -5.293982e+00 1.344702e-03 9.999973e-01 -1.894689e-03 -3.027782e+00 -5.018008e-02 1.959777e-03 9.987382e-01 1.285757e+02
9.994993e-01 8.555969e-04 -3.162714e-02 -5.257590e+00 -8.130734e-04 9.999987e-01 1.357225e-03 -3.049801e+00 3.162836e-02 -1.330835e-03 9.994988e-01 1.293970e+02
9.990276e-01 -1.141889e-03 4.407368e-02 -5.273810e+00 1.218202e-03 9.999978e-01 -1.704584e-03 -3.068980e+00 -4.407153e-02 1.756613e-03 9.990268e-01 1.301837e+02
9.990952e-01 1.110418e-03 -4.251349e-02 -5.317098e+00 -1.037512e-03 9.999980e-01 1.736803e-03 -3.087706e+00 4.251543e-02 -1.691127e-03 9.990943e-01 1.309742e+02
9.983018e-01 -1.430929e-03 5.823508e-02 -5.334728e+00 1.560656e-03 9.999964e-01 -2.182161e-03 -3.103145e+00 -5.823165e-02 2.269336e-03 9.983005e-01 1.316067e+02
9.992721e-01 1.022431e-03 -3.813387e-02 -5.315427e+00 -9.618633e-04 9.999982e-01 1.606494e-03 -3.124256e+00 3.813555e-02 -1.568649e-03 9.992713e-01 1.324273e+02
9.986566e-01 -1.317816e-03 5.179848e-02 -5.338289e+00 1.421125e-03 9.999971e-01 -1.957578e-03 -3.147985e+00 -5.179565e-02 2.028556e-03 9.986556e-01 1.334127e+02
9.992578e-01 1.046328e-03 -3.850556e-02 -5.306782e+00 -9.848725e-04 9.999982e-01 1.614838e-03 -3.171479e+00 3.850728e-02 -1.575721e-03 9.992570e-01 1.342949e+02
9.988608e-01 -1.247412e-03 4.770166e-02 -5.335283e+00 1.335742e-03 9.999975e-01 -1.819793e-03 -3.195023e+00 -4.769917e-02 1.881433e-03 9.988599e-01 1.352800e+02
9.991988e-01 1.074659e-03 -4.000518e-02 -5.388277e+00 -1.008685e-03 9.999981e-01 1.669167e-03 -3.217770e+00 4.000700e-02 -1.627481e-03 9.991980e-01 1.362695e+02
9.990636e-01 -1.175003e-03 4.324787e-02 -5.431580e+00 1.247473e-03 9.999979e-01 -1.648640e-03 -3.243260e+00 -4.324574e-02 1.701043e-03 9.990630e-01 1.373478e+02
9.994456e-01 9.436953e-04 -3.327960e-02 -5.442722e+00 -8.967968e-04 9.999986e-01 1.423976e-03 -3.268896e+00 3.328100e-02 -1.393346e-03 9.994450e-01 1.383923e+02
9.994156e-01 -9.726732e-04 3.416800e-02 -5.380249e+00 1.021153e-03 9.999985e-01 -1.401318e-03 -3.287622e+00 -3.416648e-02 1.435386e-03 9.994151e-01 1.390088e+02
9.994587e-01 9.414129e-04 -3.288329e-02 -5.332406e+00 -8.954480e-04 9.999986e-01 1.412367e-03 -3.305991e+00 3.288467e-02 -1.382162e-03 9.994582e-01 1.396359e+02
9.993860e-01 -1.023176e-03 3.502042e-02 -5.361190e+00 1.072643e-03 9.999985e-01 -1.393650e-03 -3.327767e+00 -3.501884e-02 1.430354e-03 9.993856e-01 1.405338e+02
9.991624e-01 1.173555e-03 -4.090225e-02 -5.362346e+00 -1.105266e-03 9.999980e-01 1.692012e-03 -3.344916e+00 4.090425e-02 -1.645390e-03 9.991617e-01 1.411692e+02
9.993795e-01 -1.019855e-03 3.520710e-02 -5.378375e+00 1.071235e-03 9.999984e-01 -1.440398e-03 -3.359465e+00 -3.520548e-02 1.477215e-03 9.993790e-01 1.417363e+02
9.995109e-01 9.025137e-04 -3.125762e-02 -5.409974e+00 -8.601297e-04 9.999987e-01 1.369223e-03 -3.376838e+00 3.125891e-02 -1.341672e-03 9.995104e-01 1.424555e+02
9.991664e-01 -1.121055e-03 4.080620e-02 -5.414047e+00 1.187586e-03 9.999980e-01 -1.606082e-03 -3.399386e+00 -4.080422e-02 1.653200e-03 9.991657e-01 1.433543e+02
9.994078e-01 9.504417e-04 -3.439566e-02 -5.463192e+00 -9.002472e-04 9.999985e-01 1.474640e-03 -3.419680e+00 3.439711e-02 -1.442806e-03 9.994072e-01 1.442284e+02
9.992542e-01 -1.078437e-03 3.859802e-02 -5.569633e+00 1.140469e-03 9.999981e-01 -1.585020e-03 -3.425247e+00 -3.859613e-02 1.627854e-03 9.992535e-01 1.445733e+02
9.996282e-01 8.281320e-04 -2.725131e-02 -5.504005e+00 -7.947254e-04 9.999989e-01 1.236496e-03 -3.439033e+00 2.725241e-02 -1.214383e-03 9.996278e-01 1.450054e+02
9.995229e-01 -9.535574e-04 3.087144e-02 -5.538195e+00 9.939555e-04 9.999987e-01 -1.293119e-03 -3.458523e+00 -3.087006e-02 1.323182e-03 9.995225e-01 1.458181e+02
9.995818e-01 8.688752e-04 -2.890125e-02 -5.575194e+00 -8.322406e-04 9.999988e-01 1.279407e-03 -3.475121e+00 2.890243e-02 -1.254823e-03 9.995814e-01 1.465092e+02
9.994775e-01 -9.785397e-04 3.230629e-02 -5.616659e+00 1.022630e-03 9.999986e-01 -1.348106e-03 -3.490311e+00 -3.230482e-02 1.380435e-03 9.994771e-01 1.471513e+02
9.995811e-01 8.773922e-04 -2.892665e-02 -5.634133e+00 -8.403814e-04 9.999988e-01 1.291427e-03 -3.508068e+00 2.892785e-02 -1.266581e-03 9.995807e-01 1.478626e+02
9.994880e-01 -9.788585e-04 3.197851e-02 -5.660910e+00 1.022102e-03 9.999986e-01 -1.335785e-03 -3.526370e+00 -3.197706e-02 1.367782e-03 9.994876e-01 1.486118e+02
9.995459e-01 9.161337e-04 -3.011649e-02 -5.664159e+00 -8.764757e-04 9.999987e-01 1.329824e-03 -3.544121e+00 3.011777e-02 -1.302828e-03 9.995455e-01 1.492963e+02
9.995496e-01 -9.517754e-04 2.999326e-02 -5.707652e+00 9.903402e-04 9.999987e-01 -1.270792e-03 -3.561634e+00 -2.999191e-02 1.299919e-03 9.995493e-01 1.500357e+02
9.995583e-01 8.989158e-04 -2.970382e-02 -5.769728e+00 -8.596333e-04 9.999987e-01 1.335044e-03 -3.581650e+00 2.970508e-02 -1.308924e-03 9.995578e-01 1.509107e+02
9.995081e-01 -9.957553e-04 3.134514e-02 -5.809950e+00 1.036278e-03 9.999986e-01 -1.276407e-03 -3.607346e+00 -3.134372e-02 1.308258e-03 9.995078e-01 1.519909e+02
9.995928e-01 8.788292e-04 -2.851811e-02 -5.861305e+00 -8.428815e-04 9.999988e-01 1.272336e-03 -3.630066e+00 2.851929e-02 -1.247784e-03 9.995924e-01 1.529664e+02
9.996032e-01 -9.241971e-04 2.815171e-02 -5.955059e+00 9.582227e-04 9.999988e-01 -1.195011e-03 -3.649306e+00 -2.815047e-02 1.221508e-03 9.996029e-01 1.538582e+02
9.995994e-01 8.762821e-04 -2.828580e-02 -6.260422e+00 -8.420015e-04 9.999989e-01 1.223644e-03 -3.654924e+00 2.828694e-02 -1.199341e-03 9.995991e-01 1.544604e+02
9.995083e-01 -1.002814e-03 3.133602e-02 -6.381350e+00 1.042580e-03 9.999987e-01 -1.252539e-03 -3.675360e+00 -3.133463e-02 1.284589e-03 9.995081e-01 1.554530e+02
9.995503e-01 8.932195e-04 -2.996978e-02 -6.491276e+00 -8.532083e-04 9.999987e-01 1.347640e-03 -3.703871e+00 2.997104e-02 -1.321468e-03 9.995499e-01 1.567714e+02
9.994725e-01 -1.010768e-03 3.245904e-02 -6.599455e+00 1.055114e-03 9.999985e-01 -1.348954e-03 -3.725236e+00 -3.245753e-02 1.382487e-03 9.994721e-01 1.577843e+02
9.995671e-01 8.944269e-04 -2.940509e-02 -6.664726e+00 -8.553244e-04 9.999987e-01 1.342162e-03 -3.748214e+00 2.940635e-02 -1.316434e-03 9.995666e-01 1.587951e+02
9.995560e-01 -9.587460e-04 2.977994e-02 -6.811518e+00 9.975151e-04 9.999987e-01 -1.286855e-03 -3.765435e+00 -2.977857e-02 1.315985e-03 9.995556e-01 1.596788e+02
9.995722e-01 8.892084e-04 -2.923159e-02 -7.055933e+00 -8.508169e-04 9.999988e-01 1.325587e-03 -3.777670e+00 2.923283e-02 -1.300154e-03 9.995717e-01 1.604877e+02
9.995440e-01 -9.874277e-04 3.017847e-02 -7.175833e+00 1.025202e-03 9.999987e-01 -1.236078e-03 -3.803862e+00 -3.017711e-02 1.266449e-03 9.995437e-01 1.617248e+02
9.995294e-01 9.312000e-04 -3.066045e-02 -7.265686e+00 -8.894158e-04 9.999987e-01 1.376241e-03 -3.830439e+00 3.066178e-02 -1.348327e-03 9.995289e-01 1.629219e+02
9.995524e-01 -9.709152e-04 2.989772e-02 -7.462790e+00 1.009677e-03 9.999987e-01 -1.281243e-03 -3.847838e+00 -2.989634e-02 1.310853e-03 9.995521e-01 1.638837e+02
9.995333e-01 9.406035e-04 -3.053098e-02 -7.895289e+00 -9.003147e-04 9.999987e-01 1.333153e-03 -3.850296e+00 3.053229e-02 -1.305047e-03 9.995329e-01 1.645306e+02
9.995963e-01 -9.327776e-04 2.839456e-02 -8.210869e+00 9.680060e-04 9.999988e-01 -1.226779e-03 -3.857676e+00 -2.839328e-02 1.253766e-03 9.995960e-01 1.652163e+02
9.994117e-01 1.052134e-03 -3.427858e-02 -8.458254e+00 -1.002336e-03 9.999984e-01 1.469770e-03 -3.867353e+00 3.428017e-02 -1.434551e-03 9.994112e-01 1.658987e+02
9.994809e-01 -1.029825e-03 3.219995e-02 -8.827864e+00 1.074611e-03 9.999985e-01 -1.373435e-03 -3.870242e+00 -3.219839e-02 1.407320e-03 9.994805e-01 1.664631e+02
9.994612e-01 1.010513e-03 -3.280526e-02 -9.199936e+00 -9.644780e-04 9.999985e-01 1.418929e-03 -3.872632e+00 3.280674e-02 -1.386529e-03 9.994607e-01 1.670182e+02
9.994856e-01 -1.030954e-03 3.205364e-02 -9.421957e+00 1.074593e-03 9.999985e-01 -1.344104e-03 -3.884234e+00 -3.205211e-02 1.377853e-03 9.994852e-01 1.677602e+02
9.994007e-01 1.059936e-03 -3.459828e-02 -9.482960e+00 -1.008061e-03 9.999983e-01 1.516625e-03 -3.905048e+00 3.459993e-02 -1.480843e-03 9.994001e-01 1.686598e+02
9.998003e-01 -6.975833e-04 1.996962e-02 -9.441228e+00 7.159123e-04 9.999993e-01 -9.104630e-04 -3.921470e+00 -1.996887e-02 9.245735e-04 9.998001e-01 1.692071e+02
9.994716e-01 1.008870e-03 -3.248750e-02 -9.464807e+00 -9.636073e-04 9.999985e-01 1.408693e-03 -3.938782e+00 3.248897e-02 -1.376647e-03 9.994711e-01 1.699073e+02
9.995529e-01 -9.718441e-04 2.988186e-02 -9.515400e+00 1.009792e-03 9.999987e-01 -1.254696e-03 -3.957357e+00 -2.988051e-02 1.284306e-03 9.995526e-01 1.706971e+02
9.994730e-01 1.015486e-03 -3.244183e-02 -9.569525e+00 -9.717025e-04 9.999986e-01 1.365194e-03 -3.964633e+00 3.244327e-02 -1.332955e-03 9.994726e-01 1.710104e+02
9.995193e-01 -1.002551e-03 3.098483e-02 -9.675266e+00 1.042365e-03 9.999987e-01 -1.268680e-03 -3.978292e+00 -3.098342e-02 1.300363e-03 9.995190e-01 1.716692e+02
9.994945e-01 9.801845e-04 -3.177376e-02 -9.719177e+00 -9.366364e-04 9.999986e-01 1.385266e-03 -3.999850e+00 3.177517e-02 -1.354810e-03 9.994941e-01 1.725778e+02
9.996087e-01 -9.202376e-04 2.795589e-02 -9.703253e+00 9.540004e-04 9.999988e-01 -1.194230e-03 -4.019364e+00 -2.795466e-02 1.220428e-03 9.996084e-01 1.732927e+02
9.994713e-01 1.010279e-03 -3.249602e-02 -9.377213e+00 -9.655181e-04 9.999986e-01 1.392946e-03 -4.044170e+00 3.249748e-02 -1.360838e-03 9.994709e-01 1.737649e+02
9.997087e-01 -8.111793e-04 2.411967e-02 -8.842532e+00 8.376183e-04 9.999991e-01 -1.085880e-03 -4.071438e+00 -2.411866e-02 1.105763e-03 9.997084e-01 1.740301e+02
9.996037e-01 9.106006e-04 -2.813251e-02 -8.355402e+00 -8.757616e-04 9.999988e-01 1.250509e-03 -4.099570e+00 2.813371e-02 -1.225380e-03 9.996034e-01 1.744061e+02
9.996330e-01 -8.560644e-04 2.707298e-02 -7.839137e+00 8.883933e-04 9.999989e-01 -1.181960e-03 -4.129208e+00 -2.707184e-02 1.205574e-03 9.996327e-01 1.748079e+02
9.996580e-01 8.166186e-04 -2.613659e-02 -7.629805e+00 -7.846593e-04 9.999989e-01 1.232823e-03 -4.157211e+00 2.613767e-02 -1.211897e-03 9.996576e-01 1.756068e+02
9.996029e-01 -8.827450e-04 2.816290e-02 -7.452943e+00 9.170316e-04 9.999989e-01 -1.204381e-03 -4.186205e+00 -2.816171e-02 1.229724e-03 9.996026e-01 1.764937e+02
9.996183e-01 8.999502e-04 -2.761037e-02 -6.906938e+00 -8.660932e-04 9.999989e-01 1.237999e-03 -4.219345e+00 2.761155e-02 -1.213617e-03 9.996180e-01 1.770040e+02
9.996365e-01 -9.203423e-04 2.694389e-02 -6.764807e+00 9.514097e-04 9.999989e-01 -1.140071e-03 -4.244520e+00 -2.694271e-02 1.165287e-03 9.996363e-01 1.777801e+02
9.995651e-01 9.325652e-04 -2.947237e-02 -6.699904e+00 -8.943160e-04 9.999987e-01 1.310787e-03 -4.269161e+00 2.947365e-02 -1.283863e-03 9.995647e-01 1.786354e+02
9.995524e-01 -9.394011e-04 2.989958e-02 -6.165443e+00 9.773809e-04 9.999987e-01 -1.255499e-03 -4.305018e+00 -2.989827e-02 1.284156e-03 9.995521e-01 1.792956e+02
9.997493e-01 8.989013e-04 -2.236863e-02 -5.048624e+00 -8.761502e-04 9.999991e-01 1.026658e-03 -4.353387e+00 2.236963e-02 -1.006807e-03 9.997492e-01 1.796327e+02
9.996896e-01 -8.962309e-04 2.489743e-02 -4.148195e+00 9.236351e-04 9.999990e-01 -1.089011e-03 -4.393939e+00 -2.489633e-02 1.111665e-03 9.996894e-01 1.799551e+02
9.997476e-01 8.950449e-04 -2.244480e-02 -3.360545e+00 -8.725517e-04 9.999991e-01 1.011712e-03 -4.429565e+00 2.244578e-02 -9.918763e-04 9.997475e-01 1.802322e+02
9.997135e-01 -8.730483e-04 2.391770e-02 -2.287542e+00 8.987983e-04 9.999990e-01 -1.065680e-03 -4.473321e+00 -2.391665e-02 1.086868e-03 9.997133e-01 1.804426e+02
9.997310e-01 9.055629e-04 -2.317093e-02 -1.059681e+00 -8.814810e-04 9.999991e-01 1.049293e-03 -4.522952e+00 2.317196e-02 -1.028590e-03 9.997309e-01 1.806767e+02
9.997198e-01 -8.614915e-04 2.365391e-02 3.607127e-01 8.865570e-04 9.999991e-01 -1.049011e-03 -4.578951e+00 -2.365289e-02 1.069684e-03 9.997196e-01 1.808985e+02
9.997273e-01 9.043027e-04 -2.333194e-02 1.961111e+00 -8.799888e-04 9.999991e-01 1.052118e-03 -4.639900e+00 2.333297e-02 -1.031304e-03 9.997272e-01 1.810841e+02
9.997216e-01 -8.616463e-04 2.357688e-02 3.546177e+00 8.865357e-04 9.999991e-01 -1.045035e-03 -4.699930e+00 -2.357586e-02 1.065642e-03 9.997214e-01 1.812497e+02
9.997010e-01 9.298670e-04 -2.443232e-02 5.404474e+00 -9.028516e-04 9.999990e-01 1.116526e-03 -4.770356e+00 2.443344e-02 -1.094137e-03 9.997008e-01 1.814518e+02
9.997012e-01 -8.589476e-04 2.442566e-02 7.470012e+00 8.852448e-04 9.999990e-01 -1.065633e-03 -4.848450e+00 -2.442462e-02 1.086933e-03 9.997010e-01 1.816707e+02
9.997162e-01 9.139457e-04 -2.380200e-02 9.423172e+00 -8.884171e-04 9.999990e-01 1.082883e-03 -4.922889e+00 2.380306e-02 -1.061433e-03 9.997161e-01 1.819083e+02
9.997140e-01 -8.864673e-04 2.389735e-02 1.106717e+01 9.108329e-04 9.999991e-01 -1.008531e-03 -4.991681e+00 -2.389634e-02 1.030004e-03 9.997139e-01 1.823560e+02
9.997277e-01 9.047912e-04 -2.331359e-02 1.261494e+01 -8.801106e-04 9.999990e-01 1.068663e-03 -5.058120e+00 2.331464e-02 -1.047858e-03 9.997276e-01 1.828348e+02
9.996975e-01 -8.817408e-04 2.457801e-02 1.407874e+01 9.077422e-04 9.999990e-01 -1.046583e-03 -5.120654e+00 -2.457696e-02 1.068573e-03 9.996973e-01 1.832646e+02
9.996953e-01 9.072988e-04 -2.466694e-02 1.535417e+01 -8.795413e-04 9.999990e-01 1.135920e-03 -5.179841e+00 2.466804e-02 -1.113882e-03 9.996950e-01 1.838281e+02
9.997183e-01 -8.462977e-04 2.371579e-02 1.695760e+01 8.710482e-04 9.999991e-01 -1.033121e-03 -5.246157e+00 -2.371479e-02 1.053483e-03 9.997182e-01 1.842022e+02
9.997188e-01 8.915092e-04 -2.369414e-02 1.850644e+01 -8.660968e-04 9.999990e-01 1.082552e-03 -5.308868e+00 2.369518e-02 -1.061730e-03 9.997186e-01 1.845156e+02
9.997212e-01 -8.550132e-04 2.359610e-02 1.985003e+01 8.796246e-04 9.999991e-01 -1.032466e-03 -5.365361e+00 -2.359510e-02 1.052930e-03 9.997210e-01 1.848667e+02
9.996459e-01 9.359653e-04 -2.659104e-02 2.117331e+01 -9.044174e-04 9.999989e-01 1.198227e-03 -5.421689e+00 2.659223e-02 -1.173757e-03 9.996456e-01 1.852225e+02
9.996913e-01 -8.697922e-04 2.482778e-02 2.261459e+01 8.967170e-04 9.999990e-01 -1.073160e-03 -5.482092e+00 -2.482672e-02 1.095088e-03 9.996911e-01 1.855854e+02
9.997173e-01 9.148991e-04 -2.375810e-02 2.423585e+01 -8.897065e-04 9.999990e-01 1.070721e-03 -5.545843e+00 2.375915e-02 -1.049285e-03 9.997171e-01 1.858390e+02
9.997193e-01 -8.837439e-04 2.367401e-02 2.570439e+01 9.075844e-04 9.999991e-01 -9.961102e-04 -5.608276e+00 -2.367301e-02 1.017313e-03 9.997192e-01 1.862583e+02
9.997294e-01 9.154299e-04 -2.324105e-02 2.747134e+01 -8.911768e-04 9.999990e-01 1.053670e-03 -5.679738e+00 2.324209e-02 -1.032677e-03 9.997293e-01 1.866289e+02
9.996868e-01 -8.680167e-04 2.500716e-02 2.943136e+01 8.953726e-04 9.999990e-01 -1.082557e-03 -5.754130e+00 -2.500610e-02 1.104605e-03 9.996866e-01 1.868478e+02
9.997182e-01 9.254264e-04 -2.371892e-02 3.159077e+01 -9.000425e-04 9.999990e-01 1.080643e-03 -5.835120e+00 2.372000e-02 -1.058995e-03 9.997180e-01 1.870564e+02
9.996948e-01 -8.642301e-04 2.468529e-02 3.383337e+01 8.906767e-04 9.999990e-01 -1.060187e-03 -5.919322e+00 -2.468425e-02 1.081846e-03 9.996947e-01 1.872794e+02
9.997141e-01 9.318231e-04 -2.389093e-02 3.615985e+01 -9.061238e-04 9.999990e-01 1.086290e-03 -6.006202e+00 2.389202e-02 -1.064335e-03 9.997139e-01 1.874971e+02
9.997016e-01 -8.639967e-04 2.440981e-02 3.843965e+01 8.899841e-04 9.999990e-01 -1.053594e-03 -6.091306e+00 -2.440878e-02 1.074999e-03 9.997014e-01 1.877139e+02
9.997070e-01 9.360267e-04 -2.418462e-02 4.083483e+01 -9.095417e-04 9.999990e-01 1.105892e-03 -6.180962e+00 2.418573e-02 -1.083575e-03 9.997069e-01 1.879577e+02
9.997177e-01 -8.786018e-04 2.374028e-02 4.293127e+01 9.030394e-04 9.999991e-01 -1.018471e-03 -6.262458e+00 -2.373927e-02 1.039618e-03 9.997176e-01 1.882929e+02
9.997166e-01 9.103705e-04 -2.378395e-02 4.472950e+01 -8.845086e-04 9.999990e-01 1.097661e-03 -6.335857e+00 2.378503e-02 -1.076317e-03 9.997165e-01 1.887129e+02
9.997175e-01 -8.536036e-04 2.374916e-02 4.667987e+01 8.789776e-04 9.999991e-01 -1.057800e-03 -6.409501e+00 -2.374814e-02 1.078372e-03 9.997173e-01 1.889274e+02
9.997190e-01 9.211069e-04 -2.368347e-02 4.883044e+01 -8.955190e-04 9.999990e-01 1.090790e-03 -6.489088e+00 2.368455e-02 -1.069278e-03 9.997189e-01 1.891062e+02
9.997270e-01 -8.586484e-04 2.334791e-02 5.074295e+01 8.836154e-04 9.999990e-01 -1.058848e-03 -6.559677e+00 -2.334688e-02 1.079185e-03 9.997268e-01 1.892584e+02
9.997148e-01 9.101736e-04 -2.386187e-02 5.233288e+01 -8.846231e-04 9.999990e-01 1.081095e-03 -6.618807e+00 2.386293e-02 -1.059682e-03 9.997146e-01 1.893964e+02
9.997247e-01 -8.591413e-04 2.344388e-02 5.389935e+01 8.842357e-04 9.999990e-01 -1.059859e-03 -6.677429e+00 -2.344285e-02 1.080293e-03 9.997246e-01 1.895439e+02
9.997390e-01 9.113460e-04 -2.282342e-02 5.560222e+01 -8.879596e-04 9.999991e-01 1.034565e-03 -6.739937e+00 2.282444e-02 -1.014033e-03 9.997389e-01 1.896538e+02
9.997343e-01 -8.566716e-04 2.303114e-02 5.734586e+01 8.807211e-04 9.999991e-01 -1.033891e-03 -6.804408e+00 -2.303013e-02 1.053896e-03 9.997342e-01 1.897872e+02
9.997403e-01 8.993003e-04 -2.276763e-02 5.893070e+01 -8.759340e-04 9.999991e-01 1.036033e-03 -6.864359e+00 2.276864e-02 -1.015825e-03 9.997402e-01 1.899532e+02
