9.999962e-01 6.653779e-05 -2.763935e-03 8.473447e-02 -6.628604e-05 1.000000e+00 9.116923e-05 -6.979021e-03 2.763941e-03 -9.098519e-05 9.999961e-01 9.570953e-02
9.999933e-01 -8.692742e-05 3.668110e-03 1.554830e-01 8.745712e-05 1.000000e+00 -1.442410e-04 -1.470900e-02 -3.668098e-03 1.445613e-04 9.999932e-01 2.525530e-01
9.999945e-01 -5.207325e-06 3.317298e-03 2.211255e-01 5.722612e-06 1.000000e+00 -1.553185e-04 -2.128084e-02 -3.317297e-03 1.553370e-04 9.999944e-01 3.871097e-01
9.999684e-01 1.218439e-04 -7.947556e-03 2.712646e-01 -1.193076e-04 9.999999e-01 3.196025e-04 -2.823209e-02 7.947594e-03 -3.186437e-04 9.999683e-01 5.218167e-01
9.999791e-01 2.465215e-04 -6.463285e-03 3.132320e-01 -2.449470e-04 9.999999e-01 2.443932e-04 -3.389758e-02 6.463343e-03 -2.428044e-04 9.999790e-01 6.030229e-01
9.999998e-01 -1.262022e-04 5.649739e-04 3.585356e-01 1.262211e-04 1.000000e+00 -3.329183e-05 -3.919064e-02 -5.649716e-04 3.336368e-05 9.999997e-01 6.495359e-01
9.999999e-01 9.668228e-05 3.268402e-04 4.024759e-01 -9.666659e-05 1.000000e+00 -4.795996e-05 -4.521038e-02 -3.268467e-04 4.792890e-05 9.999998e-01 7.409597e-01
9.999970e-01 -1.359540e-04 2.463376e-03 4.462424e-01 1.362345e-04 1.000000e+00 -1.136847e-04 -5.165335e-02 -2.463362e-03 1.140205e-04 9.999969e-01 8.695615e-01
9.999411e-01 2.993347e-04 -1.085263e-02 4.815564e-01 -2.949807e-04 9.999999e-01 4.027838e-04 -5.911476e-02 1.085274e-02 -3.995582e-04 9.999409e-01 1.025778e+00
9.999852e-01 1.011303e-04 -5.439584e-03 5.139479e-01 -9.990458e-05 1.000000e+00 2.256059e-04 -6.567846e-02 5.439603e-03 -2.250585e-04 9.999851e-01 1.159058e+00
9.999963e-01 6.790817e-05 -2.712125e-03 5.428257e-01 -6.765121e-05 1.000000e+00 9.482315e-05 -7.263852e-02 2.712127e-03 -9.463868e-05 9.999962e-01 1.289447e+00
9.999956e-01 -8.648108e-05 2.963622e-03 5.603997e-01 8.694577e-05 1.000000e+00 -1.566570e-04 -7.904141e-02 -2.963613e-03 1.569147e-04 9.999955e-01 1.419944e+00
9.999976e-01 5.534620e-05 -2.209297e-03 5.986877e-01 -5.515047e-05 1.000000e+00 8.864272e-05 -8.568421e-02 2.209297e-03 -8.852003e-05 9.999975e-01 1.550089e+00
9.998910e-01 -2.069327e-04 1.476457e-02 6.573550e-01 2.159047e-04 9.999998e-01 -6.060718e-04 -9.159848e-02 -1.476444e-02 6.091941e-04 9.998907e-01 1.685639e+00
9.999635e-01 -2.755617e-04 8.542254e-03 7.285083e-01 2.774262e-04 9.999999e-01 -2.170834e-04 -9.647997e-02 -8.542195e-03 2.194458e-04 9.999634e-01 1.816027e+00
9.999763e-01 -4.017685e-05 6.887694e-03 7.903989e-01 4.259732e-05 9.999999e-01 -3.512698e-04 -1.024783e-01 -6.887679e-03 3.515553e-04 9.999761e-01 1.964397e+00
9.999947e-01 -1.218466e-04 3.253390e-03 8.333062e-01 1.220032e-04 1.000000e+00 -4.793961e-05 -1.081019e-01 -3.253382e-03 4.833668e-05 9.999946e-01 2.080169e+00
9.999999e-01 6.214935e-05 -5.294659e-04 8.540255e-01 -6.219754e-05 1.000000e+00 -9.103263e-05 -1.141623e-01 5.294619e-04 9.106594e-05 9.999998e-01 2.209071e+00
9.999999e-01 -8.721276e-05 3.062772e-04 8.752484e-01 8.719436e-05 1.000000e+00 6.014989e-05 -1.209965e-01 -3.062808e-04 -6.012280e-05 9.999999e-01 2.359545e+00
9.999995e-01 6.415737e-05 -1.003640e-03 9.267038e-01 -6.422009e-05 1.000000e+00 -6.246915e-05 -1.288068e-01 1.003637e-03 6.253395e-05 9.999994e-01 2.527224e+00
9.999964e-01 -9.079733e-05 2.674361e-03 9.772611e-01 9.095590e-05 1.000000e+00 -5.916574e-05 -1.351864e-01 -2.674354e-03 5.940915e-05 9.999963e-01 2.641830e+00
1.000000e+00 4.057512e-05 5.210575e-05 1.017640e+00 -4.057063e-05 1.000000e+00 -8.585577e-05 -1.403116e-01 -5.210722e-05 8.585401e-05 9.999999e-01 2.700890e+00
9.999899e-01 -1.126123e-04 4.495260e-03 1.045506e+00 1.132025e-04 1.000000e+00 -1.310212e-04 -1.465253e-01 -4.495243e-03 1.315291e-04 9.999898e-01 2.840833e+00
9.999979e-01 9.178487e-05 -2.040438e-03 1.129904e+00 -9.182605e-05 1.000000e+00 -2.009129e-05 -1.513609e-01 2.040439e-03 2.027894e-05 9.999978e-01 2.858025e+00
9.999920e-01 -1.329807e-04 4.005205e-03 1.217774e+00 1.334028e-04 1.000000e+00 -1.051228e-04 -1.573231e-01 -4.005189e-03 1.056566e-04 9.999919e-01 2.915555e+00
9.999998e-01 1.090927e-04 -5.406068e-04 1.301333e+00 -1.091493e-04 1.000000e+00 -1.047595e-04 -1.626729e-01 5.405986e-04 1.048188e-04 9.999997e-01 2.960075e+00
9.999913e-01 -1.787228e-04 4.172710e-03 1.452713e+00 1.789668e-04 1.000000e+00 -5.809700e-05 -1.641679e-01 -4.172696e-03 5.884354e-05 9.999912e-01 2.783614e+00
9.999948e-01 1.025600e-04 -3.234163e-03 1.646874e+00 -1.026662e-04 1.000000e+00 -3.268309e-05 -1.671389e-01 3.234163e-03 3.301522e-05 9.999947e-01 2.649314e+00
9.999831e-01 -2.339208e-04 5.805586e-03 1.852345e+00 2.348691e-04 1.000000e+00 -1.626680e-04 -1.725656e-01 -5.805544e-03 1.640291e-04 9.999830e-01 2.642157e+00
9.999929e-01 1.270372e-04 -3.755514e-03 2.035791e+00 -1.270850e-04 1.000000e+00 -1.249912e-05 -1.778719e-01 3.755516e-03 1.297653e-05 9.999928e-01 2.633372e+00
9.999795e-01 -2.121700e-04 6.403083e-03 2.172577e+00 2.133787e-04 1.000000e+00 -1.880808e-04 -1.841952e-01 -6.403038e-03 1.894434e-04 9.999794e-01 2.696447e+00
9.999915e-01 1.495907e-04 -4.118106e-03 2.281949e+00 -1.495373e-04 1.000000e+00 1.327120e-05 -1.911977e-01 4.118112e-03 -1.265509e-05 9.999914e-01 2.799686e+00
9.999808e-01 -1.910629e-04 6.188922e-03 2.393200e+00 1.921522e-04 1.000000e+00 -1.754206e-04 -1.973160e-01 -6.188883e-03 1.766067e-04 9.999807e-01 2.861687e+00
9.999911e-01 1.472226e-04 -4.206008e-03 2.484830e+00 -1.471208e-04 1.000000e+00 2.451283e-05 -2.039295e-01 4.206016e-03 -2.389367e-05 9.999911e-01 2.955371e+00
9.999883e-01 -1.610209e-04 4.831879e-03 2.592502e+00 1.616059e-04 1.000000e+00 -1.206672e-04 -2.095227e-01 -4.831854e-03 1.214467e-04 9.999882e-01 2.984751e+00
9.999920e-01 1.340912e-04 -3.989153e-03 2.644112e+00 -1.339756e-04 1.000000e+00 2.922039e-05 -2.153314e-01 3.989162e-03 -2.868557e-05 9.999919e-01 3.070490e+00
9.999855e-01 -1.808265e-04 5.384895e-03 2.707930e+00 1.816272e-04 1.000000e+00 -1.482071e-04 -2.217835e-01 -5.384863e-03 1.491831e-04 9.999854e-01 3.178529e+00
9.999924e-01 1.450466e-04 -3.898757e-03 2.798185e+00 -1.449764e-04 1.000000e+00 1.828706e-05 -2.278827e-01 3.898765e-03 -1.772159e-05 9.999923e-01 3.248080e+00
9.999721e-01 -1.910072e-04 7.473835e-03 2.858037e+00 1.926238e-04 1.000000e+00 -2.155740e-04 -2.338300e-01 -7.473787e-03 2.170077e-04 9.999719e-01 3.338272e+00
9.999980e-01 1.120327e-04 -2.013990e-03 2.941907e+00 -1.121508e-04 1.000000e+00 -5.856954e-05 -2.406036e-01 2.013990e-03 5.879535e-05 9.999979e-01 3.459681e+00
9.999750e-01 -1.985305e-04 7.064819e-03 3.040679e+00 1.999610e-04 1.000000e+00 -2.017656e-04 -2.475422e-01 -7.064771e-03 2.031732e-04 9.999749e-01 3.578835e+00
9.999851e-01 1.718214e-04 -5.452657e-03 3.124544e+00 -1.714642e-04 1.000000e+00 6.598595e-05 -2.540414e-01 5.452676e-03 -6.505001e-05 9.999850e-01 3.669818e+00
9.999821e-01 -1.973242e-04 5.976806e-03 3.242129e+00 1.982430e-04 1.000000e+00 -1.531242e-04 -2.596730e-01 -5.976768e-03 1.543063e-04 9.999820e-01 3.696763e+00
9.999764e-01 2.221363e-04 -6.865639e-03 3.384644e+00 -2.212073e-04 1.000000e+00 1.360638e-04 -2.633257e-01 6.865676e-03 -1.345418e-04 9.999763e-01 3.612294e+00
9.999810e-01 -1.964787e-04 6.163626e-03 3.475572e+00 1.974820e-04 1.000000e+00 -1.621650e-04 -2.673925e-01 -6.163587e-03 1.633791e-04 9.999809e-01 3.578027e+00
9.999891e-01 1.562038e-04 -4.670967e-03 3.599432e+00 -1.560222e-04 1.000000e+00 3.922058e-05 -2.721591e-01 4.670981e-03 -3.849138e-05 9.999890e-01 3.566802e+00
9.999917e-01 -1.269423e-04 4.081289e-03 3.757074e+00 1.270875e-04 1.000000e+00 -3.532514e-05 -2.761284e-01 -4.081277e-03 3.584352e-05 9.999916e-01 3.496011e+00
9.999823e-01 1.933155e-04 -5.945300e-03 3.875172e+00 -1.928366e-04 1.000000e+00 8.112034e-05 -2.811067e-01 5.945323e-03 -7.997243e-05 9.999822e-01 3.486429e+00
9.999793e-01 -2.055243e-04 6.429699e-03 3.940197e+00 2.064793e-04 1.000000e+00 -1.478702e-04 -2.876133e-01 -6.429662e-03 1.491947e-04 9.999792e-01 3.585424e+00
9.997148e-01 6.940184e-04 -2.387262e-02 3.996356e+00 -6.758071e-04 9.999995e-01 7.709119e-04 -2.921430e-01 2.387315e-02 -7.545587e-04 9.997146e-01 3.626784e+00
9.998804e-01 3.992086e-04 -1.546062e-02 4.051685e+00 -3.891851e-04 9.999997e-01 6.513280e-04 -2.939179e-01 1.546088e-02 -6.452329e-04 9.998802e-01 3.610381e+00
9.992819e-01 1.070940e-03 -3.787437e-02 4.093818e+00 -1.018920e-03 9.999985e-01 1.392752e-03 -2.946781e-01 3.787580e-02 -1.353161e-03 9.992814e-01 3.574251e+00
9.999430e-01 2.785657e-04 -1.067383e-02 4.144453e+00 -2.740811e-04 9.999999e-01 4.216064e-04 -2.952653e-01 1.067393e-02 -4.186563e-04 9.999428e-01 3.522961e+00
9.983557e-01 1.566886e-03 -5.730122e-02 4.220960e+00 -1.439436e-03 9.999964e-01 2.265421e-03 -2.968429e-01 5.730454e-02 -2.179213e-03 9.983543e-01 3.537971e+00
9.997961e-01 5.130604e-04 -2.018819e-02 4.295106e+00 -4.958565e-04 9.999995e-01 8.571641e-04 -2.992227e-01 2.018859e-02 -8.469777e-04 9.997957e-01 3.614163e+00
9.978609e-01 1.875483e-03 -6.534549e-02 4.350200e+00 -1.720918e-03 9.999956e-01 2.421558e-03 -2.973431e-01 6.534971e-02 -2.303923e-03 9.978597e-01 3.551626e+00
9.998073e-01 5.235828e-04 -1.962176e-02 4.398005e+00 -5.080937e-04 9.999996e-01 7.943493e-04 -2.937658e-01 1.962213e-02 -7.842250e-04 9.998071e-01 3.411883e+00
9.973758e-01 2.096960e-03 -7.236800e-02 4.457989e+00 -1.908961e-03 9.999946e-01 2.666874e-03 -2.883088e-01 7.237316e-02 -2.521726e-03 9.973743e-01 3.207084e+00
9.995979e-01 6.718983e-04 -2.834854e-02 4.521095e+00 -6.358127e-04 9.999990e-01 1.281900e-03 -2.861636e-01 2.834932e-02 -1.263358e-03 9.995972e-01 3.147804e+00
9.972319e-01 2.115411e-03 -7.432340e-02 4.589445e+00 -1.908655e-03 9.999941e-01 2.852746e-03 -2.867546e-01 7.432893e-02 -2.702989e-03 9.972300e-01 3.209922e+00
9.997627e-01 5.088701e-04 -2.177613e-02 4.645406e+00 -4.878721e-04 9.999994e-01 9.695219e-04 -2.865754e-01 2.177654e-02 -9.586653e-04 9.997623e-01 3.233398e+00
9.981790e-01 1.775180e-03 -6.029577e-02 4.687838e+00 -1.645137e-03 9.999962e-01 2.206299e-03 -2.851905e-01 6.029938e-02 -2.103083e-03 9.981780e-01 3.180670e+00
9.999274e-01 2.718773e-04 -1.204244e-02 4.732261e+00 -2.656744e-04 9.999998e-01 5.165591e-04 -2.835154e-01 1.204250e-02 -5.133195e-04 9.999273e-01 3.098900e+00
9.981947e-01 1.768819e-03 -6.003429e-02 4.775842e+00 -1.637478e-03 9.999962e-01 2.236864e-03 -2.820695e-01 6.003793e-02 -2.134518e-03 9.981937e-01 3.019947e+00
9.997641e-01 -6.779699e-04 2.170872e-02 4.832826e+00 6.915064e-04 9.999996e-01 -6.159706e-04 -2.825086e-01 -2.170838e-02 6.308399e-04 9.997641e-01 2.912221e+00
9.984268e-01 1.707009e-03 -5.604514e-02 4.887953e+00 -1.605565e-03 9.999970e-01 1.854999e-03 -2.850003e-01 5.604805e-02 -1.762094e-03 9.984264e-01 2.925383e+00
9.999987e-01 -9.891348e-05 -1.605807e-03 4.924551e+00 9.946605e-05 9.999999e-01 3.428314e-04 -2.861259e-01 1.605681e-03 -3.429878e-04 9.999986e-01 2.930669e+00
9.985247e-01 1.677733e-03 -5.427342e-02 4.964245e+00 -1.582396e-03 9.999971e-01 1.799489e-03 -2.869914e-01 5.427619e-02 -1.710949e-03 9.985244e-01 2.915867e+00
9.999802e-01 -3.361548e-04 6.271480e-03 5.000821e+00 3.358008e-04 9.999999e-01 5.784018e-05 -2.889662e-01 -6.271595e-03 -5.573010e-05 9.999803e-01 2.927351e+00
9.991024e-01 1.354348e-03 -4.233696e-02 5.045151e+00 -1.300115e-03 9.999983e-01 1.308455e-03 -2.918846e-01 4.233856e-02 -1.252235e-03 9.991025e-01 2.952721e+00
9.998108e-01 -6.840110e-04 1.943832e-02 5.094692e+00 6.911432e-04 9.999997e-01 -3.600776e-04 -2.960363e-01 -1.943816e-02 3.734472e-04 9.998109e-01 2.975970e+00
9.991282e-01 1.329858e-03 -4.172500e-02 5.139133e+00 -1.282776e-03 9.999985e-01 1.155096e-03 -3.010268e-01 4.172637e-02 -1.100562e-03 9.991284e-01 3.073268e+00
9.999997e-01 -1.757869e-04 -6.498424e-04 5.167509e+00 1.760768e-04 9.999999e-01 4.423796e-04 -3.042967e-01 6.496664e-04 -4.424909e-04 9.999996e-01 3.139865e+00
9.999688e-01 5.212040e-04 -7.879086e-03 5.191753e+00 -5.214172e-04 9.999999e-01 -2.531220e-05 -3.098474e-01 7.878973e-03 2.942263e-05 9.999689e-01 3.225731e+00
9.993604e-01 -1.092802e-03 3.574238e-02 5.245274e+00 1.124907e-03 9.999990e-01 -8.780485e-04 -3.136283e-01 -3.574148e-02 9.176968e-04 9.993606e-01 3.332358e+00
9.999260e-01 6.199221e-04 -1.214972e-02 5.291994e+00 -6.186857e-04 9.999998e-01 1.053311e-04 -3.174013e-01 1.214969e-02 -9.780346e-05 9.999261e-01 3.423206e+00
9.992891e-01 -1.128416e-03 3.768345e-02 5.338053e+00 1.164324e-03 9.999989e-01 -9.308745e-04 -3.210305e-01 -3.768245e-02 9.740914e-04 9.992892e-01 3.516202e+00
9.999376e-01 6.017855e-04 -1.114802e-02 5.384764e+00 -6.012186e-04 9.999998e-01 5.399827e-05 -3.245841e-01 1.114795e-02 -4.728957e-05 9.999378e-01 3.611178e+00
9.991998e-01 -1.195736e-03 3.997728e-02 5.432448e+00 1.235623e-03 9.999988e-01 -9.729727e-04 -3.279458e-01 -3.997616e-02 1.021594e-03 9.992000e-01 3.703633e+00
9.998141e-01 7.683544e-04 -1.926654e-02 5.481476e+00 -7.627294e-04 9.999997e-01 2.991970e-04 -3.322447e-01 1.926667e-02 -2.844433e-04 9.998143e-01 3.799433e+00
9.993817e-01 -1.072197e-03 3.514350e-02 5.528915e+00 1.102032e-03 9.999990e-01 -8.295492e-04 -3.371393e-01 -3.514267e-02 8.677685e-04 9.993819e-01 3.904103e+00
9.998027e-01 7.908791e-04 -1.984411e-02 5.574938e+00 -7.850461e-04 9.999996e-01 3.016308e-04 -3.420790e-01 1.984425e-02 -2.859899e-04 9.998030e-01 4.009686e+00
9.993327e-01 -1.129888e-03 3.650714e-02 5.622623e+00 1.161276e-03 9.999990e-01 -8.385494e-04 -3.469560e-01 -3.650625e-02 8.803877e-04 9.993330e-01 4.115371e+00
9.997915e-01 8.507166e-04 -2.040125e-02 5.665672e+00 -8.448147e-04 9.999996e-01 2.978112e-04 -3.515388e-01 2.040140e-02 -2.805109e-04 9.997918e-01 4.211737e+00
9.992683e-01 -1.217472e-03 3.822695e-02 5.712074e+00 1.251389e-03 9.999988e-01 -8.632936e-04 -3.561822e-01 -3.822594e-02 9.105017e-04 9.992686e-01 4.311201e+00
9.996281e-01 1.021402e-03 -2.725154e-02 5.750830e+00 -1.008061e-03 9.999994e-01 5.032289e-04 -3.612700e-01 2.725194e-02 -4.755677e-04 9.996284e-01 4.409540e+00
9.997574e-01 -8.850507e-04 2.200820e-02 5.781353e+00 8.913156e-04 9.999996e-01 -2.747654e-04 -3.672062e-01 -2.200804e-02 2.943180e-04 9.997577e-01 4.512982e+00
9.992860e-01 1.321932e-03 -3.775939e-02 5.816471e+00 -1.289673e-03 9.999988e-01 8.786272e-04 -3.731893e-01 3.776041e-02 -8.292997e-04 9.992864e-01 4.627528e+00
9.995820e-01 -1.118849e-03 2.888749e-02 5.837131e+00 1.133581e-03 9.999992e-01 -4.935454e-04 -3.792760e-01 -2.888700e-02 5.260884e-04 9.995825e-01 4.723666e+00
9.991703e-01 1.432677e-03 -4.070052e-02 5.863228e+00 -1.395894e-03 9.999986e-01 9.321168e-04 -3.857118e-01 4.070171e-02 -8.745269e-04 9.991709e-01 4.852111e+00
9.998261e-01 -8.325605e-04 1.862994e-02 5.897663e+00 8.338154e-04 9.999997e-01 -5.947912e-05 -3.909008e-01 -1.862998e-02 7.500567e-05 9.998264e-01 4.941031e+00
9.992691e-01 1.386761e-03 -3.819993e-02 6.000566e+00 -1.352479e-03 9.999987e-01 9.232174e-04 -3.957367e-01 3.820107e-02 -8.708752e-04 9.992696e-01 4.968318e+00
9.998367e-01 -7.996016e-04 1.805273e-02 6.103943e+00 8.008570e-04 9.999997e-01 -6.219044e-05 -3.998625e-01 -1.805277e-02 7.664091e-05 9.998370e-01 4.970433e+00
9.994284e-01 1.219636e-03 -3.378338e-02 6.132395e+00 -1.197273e-03 9.999991e-01 6.821111e-04 -4.045972e-01 3.378408e-02 -6.412704e-04 9.994289e-01 5.021403e+00
9.998265e-01 -8.375171e-04 1.860683e-02 6.155568e+00 8.396482e-04 9.999996e-01 -1.066008e-04 -4.098914e-01 -1.860683e-02 1.222085e-04 9.998268e-01 5.098969e+00
9.995635e-01 1.061971e-03 -2.952292e-02 6.167823e+00 -1.046721e-03 9.999993e-01 5.319104e-04 -4.158569e-01 2.952337e-02 -5.007731e-04 9.995639e-01 5.199036e+00
9.997983e-01 -8.932754e-04 2.006145e-02 6.173952e+00 8.970056e-04 9.999996e-01 -1.768228e-04 -4.218607e-01 -2.006138e-02 1.947854e-04 9.997987e-01 5.302718e+00
9.996416e-01 9.586979e-04 -2.675205e-02 6.173274e+00 -9.482547e-04 9.999995e-01 4.029682e-04 -4.287871e-01 2.675232e-02 -3.774531e-04 9.996420e-01 5.454020e+00
9.998066e-01 -8.874340e-04 1.964417e-02 6.175915e+00 8.905636e-04 9.999996e-01 -1.504501e-04 -4.359042e-01 -1.964413e-02 1.679184e-04 9.998070e-01 5.606338e+00
9.997084e-01 9.057524e-04 -2.412897e-02 6.177170e+00 -8.988868e-04 9.999996e-01 2.952879e-04 -4.430908e-01 2.412913e-02 -2.735097e-04 9.997087e-01 5.771717e+00
9.998128e-01 -8.575740e-04 1.932795e-02 6.176056e+00 8.602469e-04 9.999996e-01 -1.298529e-04 -4.498476e-01 -1.932793e-02 1.464584e-04 9.998131e-01 5.915366e+00
9.997307e-01 8.657508e-04 -2.318697e-02 6.170995e+00 -8.603129e-04 9.999996e-01 2.443973e-04 -4.565397e-01 2.318707e-02 -2.243805e-04 9.997311e-01 6.066352e+00
9.998874e-01 -7.601849e-04 1.498503e-02 6.175040e+00 7.596297e-04 9.999997e-01 4.290195e-05 -4.635198e-01 -1.498516e-02 -3.151104e-05 9.998877e-01 6.215244e+00
9.998338e-01 7.799862e-04 -1.821181e-02 6.166760e+00 -7.792696e-04 9.999997e-01 4.631638e-05 -4.692797e-01 1.821174e-02 -3.211381e-05 9.998341e-01 6.327039e+00
9.998886e-01 -7.591700e-04 1.490602e-02 6.157238e+00 7.587666e-04 9.999997e-01 3.288476e-05 -4.747655e-01 -1.490614e-02 -2.156791e-05 9.998888e-01 6.425882e+00
9.998421e-01 7.856787e-04 -1.775279e-02 6.165490e+00 -7.850230e-04 9.999997e-01 4.377116e-05 -4.814937e-01 1.775273e-02 -2.982494e-05 9.998423e-01 6.564602e+00
9.997396e-01 -8.537730e-04 2.280027e-02 6.192562e+00 8.597609e-04 9.999996e-01 -2.527140e-04 -4.879480e-01 -2.280014e-02 2.722539e-04 9.997399e-01 6.711763e+00
9.999493e-01 6.015538e-04 -1.005171e-02 6.234705e+00 -6.036944e-04 9.999998e-01 -2.101561e-04 -4.934241e-01 1.005148e-02 2.162165e-04 9.999494e-01 6.837658e+00
9.997654e-01 -7.943657e-04 2.164151e-02 6.277822e+00 7.993903e-04 9.999997e-01 -2.234149e-04 -4.991701e-01 -2.164142e-02 2.406655e-04 9.997657e-01 6.970378e+00
9.999887e-01 4.423196e-04 -4.721295e-03 6.328782e+00 -4.440385e-04 9.999998e-01 -3.635176e-04 -5.041417e-01 4.721037e-03 3.656129e-04 9.999887e-01 7.082583e+00
9.998404e-01 -6.999858e-04 1.784990e-02 6.375581e+00 7.021587e-04 9.999997e-01 -1.153334e-04 -5.099159e-01 -1.784991e-02 1.278514e-04 9.998406e-01 7.219576e+00
9.999821e-01 5.052334e-04 -5.951494e-03 6.419374e+00 -5.073071e-04 9.999998e-01 -3.472971e-04 -5.156582e-01 5.951222e-03 3.503131e-04 9.999822e-01 7.352954e+00
9.998439e-01 -6.820834e-04 1.765071e-02 6.462659e+00 6.840544e-04 9.999998e-01 -1.055073e-04 -5.215927e-01 -1.765073e-02 1.175678e-04 9.998441e-01 7.496503e+00
9.999998e-01 3.130776e-04 4.605926e-04 6.513440e+00 -3.128281e-04 9.999998e-01 -5.371343e-04 -5.265571e-01 -4.608553e-04 5.369931e-04 9.999997e-01 7.616020e+00
9.998619e-01 -6.527845e-04 1.660087e-02 6.561166e+00 6.537453e-04 9.999998e-01 -5.232171e-05 -5.314398e-01 -1.660092e-02 6.317018e-05 9.998621e-01 7.724103e+00
9.999960e-01 3.946126e-04 -2.773990e-03 6.607283e+00 -3.958732e-04 9.999998e-01 -4.546473e-04 -5.367188e-01 2.773716e-03 4.557466e-04 9.999960e-01 7.839920e+00
9.998589e-01 -6.593269e-04 1.678111e-02 6.654539e+00 6.604211e-04 9.999998e-01 -5.953908e-05 -5.422760e-01 -1.678116e-02 7.061621e-05 9.998591e-01 7.971443e+00
9.999967e-01 3.792298e-04 -2.519105e-03 6.704035e+00 -3.804158e-04 9.999998e-01 -4.711342e-04 -5.480878e-01 2.518833e-03 4.720938e-04 9.999966e-01 8.115813e+00
9.998328e-01 -6.894520e-04 1.826890e-02 6.754707e+00 6.912917e-04 9.999998e-01 -9.427775e-05 -5.536487e-01 -1.826892e-02 1.068940e-04 9.998330e-01 8.252625e+00
9.999997e-01 3.256470e-04 -6.180277e-04 6.809769e+00 -3.259854e-04 9.999998e-01 -5.506337e-04 -5.593138e-01 6.177570e-04 5.508379e-04 9.999996e-01 8.405763e+00
9.997452e-01 -7.615342e-04 2.255703e-02 6.869215e+00 7.666833e-04 9.999997e-01 -2.195404e-04 -5.641672e-01 -2.255694e-02 2.367814e-04 9.997455e-01 8.536069e+00
9.999869e-01 3.818358e-04 -5.108054e-03 6.922350e+00 -3.837985e-04 9.999999e-01 -3.836028e-04 -5.696694e-01 5.107817e-03 3.855610e-04 9.999868e-01 8.673394e+00
9.998885e-01 -5.148450e-04 1.491944e-02 6.969137e+00 5.152038e-04 9.999999e-01 -2.008501e-05 -5.758848e-01 -1.491952e-02 2.777218e-05 9.998886e-01 8.819510e+00
9.999825e-01 3.704200e-04 -5.891892e-03 7.016246e+00 -3.725282e-04 9.999999e-01 -3.570199e-04 -5.826645e-01 5.891670e-03 3.592113e-04 9.999825e-01 8.987538e+00
9.997974e-01 -6.003840e-04 2.011620e-02 7.068790e+00 6.044387e-04 9.999998e-01 -1.953999e-04 -5.887100e-01 -2.011616e-02 2.075222e-04 9.997976e-01 9.145658e+00
9.999938e-01 1.089389e-04 3.509088e-03 7.129596e+00 -1.067378e-04 9.999998e-01 -6.269670e-04 -5.933876e-01 -3.509243e-03 6.265913e-04 9.999936e-01 9.274479e+00
9.998152e-01 -5.798975e-04 1.921144e-02 7.193400e+00 5.830069e-04 9.999998e-01 -1.561678e-04 -5.981562e-01 -1.921143e-02 1.673421e-04 9.998154e-01 9.400812e+00
9.999994e-01 1.533713e-04 1.052326e-03 7.252718e+00 -1.527864e-04 9.999998e-01 -5.543361e-04 -6.030482e-01 -1.052496e-03 5.541777e-04 9.999992e-01 9.524380e+00
9.998637e-01 -5.237793e-04 1.649921e-02 7.310353e+00 5.249024e-04 9.999999e-01 -6.364826e-05 -6.084506e-01 -1.649925e-02 7.230280e-05 9.998638e-01 9.658695e+00
9.999571e-01 3.872645e-04 -9.255571e-03 7.360703e+00 -3.894231e-04 9.999999e-01 -2.315801e-04 -6.151921e-01 9.255397e-03 2.351772e-04 9.999571e-01 9.812968e+00
9.998061e-01 -5.316557e-04 1.968203e-02 7.408517e+00 5.357003e-04 9.999998e-01 -2.001515e-04 -6.214462e-01 -1.968200e-02 2.106590e-04 9.998062e-01 9.962616e+00
9.999816e-01 2.919015e-04 -6.058621e-03 7.463424e+00 -2.938771e-04 9.999999e-01 -3.254239e-04 -6.278575e-01 6.058444e-03 3.272011e-04 9.999815e-01 1.012647e+01
9.997097e-01 -6.069647e-04 2.408598e-02 7.534197e+00 6.157297e-04 9.999997e-01 -3.564311e-04 -6.337651e-01 -2.408584e-02 3.711607e-04 9.997097e-01 1.028439e+01
9.999953e-01 1.815850e-04 -3.053468e-03 7.602830e+00 -1.828128e-04 9.999999e-01 -4.022654e-04 -6.390291e-01 3.053315e-03 4.028243e-04 9.999952e-01 1.042655e+01
9.997175e-01 -5.901932e-04 2.376075e-02 7.662171e+00 5.982533e-04 9.999998e-01 -3.320565e-04 -6.441211e-01 -2.376063e-02 3.461803e-04 9.997175e-01 1.056106e+01
9.999706e-01 3.044452e-04 -7.659957e-03 7.717412e+00 -3.065401e-04 9.999999e-01 -2.724703e-04 -6.498400e-01 7.659796e-03 2.748130e-04 9.999705e-01 1.070638e+01
9.997476e-01 -5.625625e-04 2.245696e-02 7.769492e+00 5.689357e-04 9.999998e-01 -2.773537e-04 -6.557060e-01 -2.245688e-02 2.900628e-04 9.997477e-01 1.085066e+01
9.999328e-01 3.870889e-04 -1.158845e-02 7.818649e+00 -3.888311e-04 9.999999e-01 -1.481839e-04 -6.619068e-01 1.158832e-02 1.526824e-04 9.999328e-01 1.099440e+01
9.996642e-01 -6.636948e-04 2.590443e-02 7.873960e+00 6.734493e-04 9.999997e-01 -3.677887e-04 -6.678402e-01 -2.590426e-02 3.851131e-04 9.996643e-01 1.113840e+01
9.998582e-01 5.133483e-04 -1.682847e-02 7.929847e+00 -5.134205e-04 9.999999e-01 -3.846053e-08 -6.747811e-01 1.682839e-02 8.680993e-06 9.998583e-01 1.130943e+01
9.993753e-01 -8.509694e-04 3.533055e-02 7.992093e+00 8.752208e-04 9.999994e-01 -6.709228e-04 -6.803516e-01 -3.533003e-02 7.014282e-04 9.993754e-01 1.145841e+01
9.997832e-01 5.866808e-04 -2.081111e-02 8.046811e+00 -5.838509e-04 9.999998e-01 1.420057e-04 -6.863999e-01 2.081112e-02 -1.298220e-04 9.997833e-01 1.161054e+01
9.994788e-01 -7.389144e-04 3.227269e-02 8.086291e+00 7.579588e-04 9.999995e-01 -5.778450e-04 -6.914721e-01 -3.227232e-02 6.020076e-04 9.994788e-01 1.170966e+01
9.997326e-01 6.190263e-04 -2.311643e-02 8.111764e+00 -6.134825e-04 9.999998e-01 2.468720e-04 -6.955555e-01 2.311650e-02 -2.326221e-04 9.997327e-01 1.175988e+01
9.995562e-01 -6.863941e-04 2.978220e-02 8.140354e+00 7.016294e-04 9.999996e-01 -5.010747e-04 -7.001220e-01 -2.978191e-02 5.217507e-04 9.995562e-01 1.182189e+01
9.998203e-01 5.276056e-04 -1.894873e-02 8.174074e+00 -5.257397e-04 9.999999e-01 1.034038e-04 -7.046436e-01 1.894871e-02 -9.342078e-05 9.998204e-01 1.189510e+01
9.994688e-01 -7.492294e-04 3.258093e-02 8.213059e+00 7.685778e-04 9.999995e-01 -5.813070e-04 -7.093214e-01 -3.258055e-02 6.060415e-04 9.994688e-01 1.198186e+01
9.997781e-01 5.549799e-04 -2.105973e-02 8.250360e+00 -5.515145e-04 9.999998e-01 1.703164e-04 -7.143491e-01 2.105976e-02 -1.586616e-04 9.997781e-01 1.207660e+01
9.996436e-01 -6.091836e-04 2.669007e-02 8.266871e+00 6.204718e-04 9.999997e-01 -4.146217e-04 -7.196662e-01 -2.668988e-02 4.310366e-04 9.996436e-01 1.218645e+01
9.999483e-01 2.934808e-04 -1.016243e-02 8.314739e+00 -2.952079e-04 9.999999e-01 -1.685360e-04 -7.247801e-01 1.016231e-02 1.715295e-04 9.999483e-01 1.230270e+01
9.996523e-01 -5.818987e-04 2.636070e-02 8.358379e+00 5.929700e-04 9.999997e-01 -4.121431e-04 -7.297581e-01 -2.636052e-02 4.276331e-04 9.996523e-01 1.241424e+01
9.999246e-01 3.539632e-04 -1.227443e-02 8.402038e+00 -3.553607e-04 9.999999e-01 -1.117323e-04 -7.351083e-01 1.227433e-02 1.160879e-04 9.999246e-01 1.253139e+01
9.998007e-01 -4.315441e-04 1.995718e-02 8.432640e+00 4.359154e-04 9.999999e-01 -2.146432e-04 -7.408634e-01 -1.995715e-02 2.233022e-04 9.998007e-01 1.265578e+01
9.999751e-01 2.334312e-04 -7.055026e-03 8.472471e+00 -2.354539e-04 9.999999e-01 -2.859761e-04 -7.463325e-01 7.054897e-03 2.876322e-04 9.999750e-01 1.278047e+01
9.997904e-01 -4.614342e-04 2.046667e-02 8.505700e+00 4.655031e-04 9.999999e-01 -1.940034e-04 -7.509607e-01 -2.046664e-02 2.034921e-04 9.997904e-01 1.286856e+01
9.999311e-01 3.333435e-04 -1.172951e-02 8.526681e+00 -3.350733e-04 9.999999e-01 -1.455659e-04 -7.556423e-01 1.172940e-02 1.494881e-04 9.999311e-01 1.295442e+01
9.996757e-01 -5.332008e-04 2.545986e-02 8.565227e+00 5.427364e-04 9.999998e-01 -3.675997e-04 -7.605256e-01 -2.545972e-02 3.813005e-04 9.996757e-01 1.305334e+01
9.999699e-01 1.999190e-04 -7.755528e-03 8.610298e+00 -2.019626e-04 9.999999e-01 -2.628003e-04 -7.656369e-01 7.755417e-03 2.643607e-04 9.999698e-01 1.317550e+01
9.997378e-01 -4.504834e-04 2.289182e-02 8.655249e+00 4.576108e-04 9.999998e-01 -3.060851e-04 -7.714231e-01 -2.289174e-02 3.164823e-04 9.997378e-01 1.332077e+01
9.998302e-01 3.811865e-04 -1.842040e-02 8.678164e+00 -3.790354e-04 9.999999e-01 1.202412e-04 -7.779687e-01 1.842039e-02 -1.132369e-04 9.998302e-01 1.347620e+01
9.997134e-01 -4.376989e-04 2.393447e-02 8.708241e+00 4.463535e-04 9.999998e-01 -3.562306e-04 -7.843764e-01 -2.393437e-02 3.668137e-04 9.997134e-01 1.362187e+01
9.998618e-01 3.422181e-04 -1.662293e-02 8.744215e+00 -3.413188e-04 9.999999e-01 5.690360e-05 -7.910863e-01 1.662289e-02 -5.122017e-05 9.998617e-01 1.378350e+01
9.998154e-01 -3.980742e-04 1.921127e-02 8.762609e+00 4.015247e-04 9.999999e-01 -1.757167e-04 -7.977301e-01 -1.921125e-02 1.833999e-04 9.998153e-01 1.394506e+01
9.998883e-01 3.338708e-04 -1.494409e-02 8.788629e+00 -3.340499e-04 9.999999e-01 -9.523046e-06 -8.043991e-01 1.494403e-02 1.451588e-05 9.998882e-01 1.410334e+01
9.998001e-01 -3.945299e-04 1.998895e-02 8.814008e+00 3.988125e-04 9.999999e-01 -2.102315e-04 -8.107096e-01 -1.998892e-02 2.181632e-04 9.998001e-01 1.424934e+01
9.998995e-01 3.147560e-04 -1.417339e-02 8.836328e+00 -3.152704e-04 9.999999e-01 -3.409581e-05 -8.169579e-01 1.417333e-02 3.856262e-05 9.998995e-01 1.439802e+01
9.997491e-01 -4.001377e-04 2.239356e-02 8.865750e+00 4.072354e-04 9.999999e-01 -3.123676e-04 -8.230154e-01 -2.239348e-02 3.214105e-04 9.997491e-01 1.454034e+01
9.999951e-01 4.512649e-05 -3.122865e-03 8.913306e+00 -4.634882e-05 9.999999e-01 -3.915000e-04 -8.279051e-01 3.122796e-03 3.916445e-04 9.999950e-01 1.466465e+01
9.996634e-01 -5.072599e-04 2.593722e-02 8.966557e+00 5.177117e-04 9.999998e-01 -3.962344e-04 -8.325777e-01 -2.593707e-02 4.095307e-04 9.996634e-01 1.478936e+01
9.999769e-01 1.437773e-04 -6.801869e-03 9.015848e+00 -1.457488e-04 9.999999e-01 -2.894067e-04 -8.373960e-01 6.801779e-03 2.903930e-04 9.999767e-01 1.490822e+01
9.996327e-01 -5.433028e-04 2.709389e-02 9.062803e+00 5.547196e-04 9.999998e-01 -4.138494e-04 -8.419566e-01 -2.709371e-02 4.287285e-04 9.996327e-01 1.501926e+01
9.999942e-01 7.370076e-05 -3.413868e-03 9.109835e+00 -7.508267e-05 9.999999e-01 -4.047745e-04 -8.460701e-01 3.413795e-03 4.050299e-04 9.999940e-01 1.512679e+01
9.995649e-01 -6.184622e-04 2.948848e-02 9.162302e+00 6.327377e-04 9.999997e-01 -4.747640e-04 -8.505226e-01 -2.948822e-02 4.932174e-04 9.995649e-01 1.525457e+01
9.999769e-01 1.914019e-04 -6.796803e-03 9.214479e+00 -1.937106e-04 9.999999e-01 -3.390510e-04 -8.552889e-01 6.796699e-03 3.403611e-04 9.999767e-01 1.538752e+01
9.994557e-01 -7.296992e-04 3.298213e-02 9.269801e+00 7.481163e-04 9.999996e-01 -5.460503e-04 -8.595633e-01 -3.298175e-02 5.704288e-04 9.994557e-01 1.550924e+01
9.999830e-01 1.718442e-04 -5.834890e-03 9.321504e+00 -1.740390e-04 9.999999e-01 -3.756798e-04 -8.635176e-01 5.834790e-03 3.766900e-04 9.999828e-01 1.562370e+01
9.995126e-01 -6.794482e-04 3.121040e-02 9.373415e+00 6.951062e-04 9.999996e-01 -4.908384e-04 -8.677211e-01 -3.121008e-02 5.122948e-04 9.995126e-01 1.573971e+01
9.999854e-01 1.502834e-04 -5.407178e-03 9.427157e+00 -1.524078e-04 9.999999e-01 -3.924989e-04 -8.719649e-01 5.407089e-03 3.933183e-04 9.999852e-01 1.585994e+01
9.994950e-01 -6.848127e-04 3.176869e-02 9.483127e+00 7.012308e-04 9.999996e-01 -5.056587e-04 -8.762348e-01 -3.176836e-02 5.276815e-04 9.994950e-01 1.598331e+01
9.999817e-01 1.662644e-04 -6.044481e-03 9.537391e+00 -1.685791e-04 9.999999e-01 -3.824575e-04 -8.804479e-01 6.044393e-03 3.834703e-04 9.999816e-01 1.610397e+01
9.993436e-01 -7.998718e-04 3.621641e-02 9.592217e+00 8.224818e-04 9.999995e-01 -6.094059e-04 -8.841200e-01 -3.621593e-02 6.387940e-04 9.993437e-01 1.621489e+01
9.999590e-01 2.241178e-04 -9.052506e-03 9.646099e+00 -2.268434e-04 9.999999e-01 -3.000704e-04 -8.881390e-01 9.052419e-03 3.021123e-04 9.999589e-01 1.632963e+01
9.994097e-01 -7.348294e-04 3.434603e-02 9.699454e+00 7.544639e-04 9.999996e-01 -5.587099e-04 -8.923588e-01 -3.434562e-02 5.842936e-04 9.994097e-01 1.644585e+01
9.999392e-01 2.512553e-04 -1.102011e-02 9.752404e+00 -2.539066e-04 9.999999e-01 -2.391993e-04 -8.969186e-01 1.102004e-02 2.419834e-04 9.999391e-01 1.656795e+01
9.994950e-01 -6.601728e-04 3.177078e-02 9.805813e+00 6.759977e-04 9.999997e-01 -4.873563e-04 -9.020035e-01 -3.177046e-02 5.085876e-04 9.994950e-01 1.670317e+01
9.999353e-01 2.492254e-04 -1.137506e-02 9.861515e+00 -2.518714e-04 9.999999e-01 -2.311847e-04 -9.073485e-01 1.137499e-02 2.340352e-04 9.999352e-01 1.684745e+01
9.995625e-01 -5.850164e-04 2.957132e-02 9.913789e+00 5.980765e-04 9.999997e-01 -4.328027e-04 -9.129969e-01 -2.957106e-02 4.502996e-04 9.995625e-01 1.699946e+01
9.999953e-01 4.050827e-05 -3.060526e-03 9.976697e+00 -4.202766e-05 9.999999e-01 -4.963926e-04 -9.177624e-01 3.060500e-03 4.965191e-04 9.999951e-01 1.714432e+01
9.996859e-01 -4.790024e-04 2.505658e-02 1.004686e+01 4.865572e-04 9.999998e-01 -2.954138e-04 -9.234743e-01 -2.505644e-02 3.075127e-04 9.996859e-01 1.730787e+01
9.999966e-01 3.058864e-05 -2.602953e-03 1.011339e+01 -3.194034e-05 9.999999e-01 -5.192618e-04 -9.288689e-01 2.602936e-03 5.193432e-04 9.999964e-01 1.746307e+01
9.996640e-01 -4.956327e-04 2.591619e-02 1.018004e+01 5.039478e-04 9.999998e-01 -3.143148e-04 -9.342394e-01 -2.591603e-02 3.272696e-04 9.996640e-01 1.761941e+01
9.999996e-01 -6.188966e-05 8.932009e-04 1.024558e+01 6.244690e-05 9.999998e-01 -6.238300e-04 -9.389318e-01 -8.931580e-04 6.238855e-04 9.999993e-01 1.776077e+01
9.995055e-01 -5.898257e-04 3.143789e-02 1.031068e+01 6.052759e-04 9.999997e-01 -4.819366e-04 -9.427226e-01 -3.143759e-02 5.007267e-04 9.995055e-01 1.788713e+01
9.999854e-01 2.617310e-05 -5.412651e-03 1.038771e+01 -2.842858e-05 9.999999e-01 -4.166343e-04 -9.479226e-01 5.412649e-03 4.167818e-04 9.999852e-01 1.803967e+01
9.995359e-01 -4.834955e-04 3.045862e-02 1.046517e+01 4.990871e-04 9.999997e-01 -5.042922e-04 -9.529077e-01 -3.045836e-02 5.192593e-04 9.995358e-01 1.818739e+01
9.999993e-01 -1.958800e-04 1.197606e-03 1.054376e+01 1.965759e-04 9.999998e-01 -5.809220e-04 -9.572059e-01 -1.197476e-03 5.811565e-04 9.999990e-01 1.832540e+01
9.996436e-01 -3.755922e-04 2.669217e-02 1.062422e+01 3.865154e-04 9.999998e-01 -4.040677e-04 -9.622451e-01 -2.669200e-02 4.142401e-04 9.996435e-01 1.848113e+01
9.999972e-01 -2.202835e-04 2.340532e-03 1.069699e+01 2.217221e-04 9.999998e-01 -6.143703e-04 -9.669187e-01 -2.340375e-03 6.148868e-04 9.999970e-01 1.863029e+01
9.995070e-01 -4.513801e-04 3.139356e-02 1.077097e+01 4.689412e-04 9.999997e-01 -5.520224e-04 -9.707335e-01 -3.139328e-02 5.664711e-04 9.995069e-01 1.876267e+01
9.999367e-01 -4.583112e-04 1.123955e-02 1.084902e+01 4.680997e-04 9.999995e-01 -8.682702e-04 -9.737296e-01 -1.123912e-02 8.734755e-04 9.999364e-01 1.889313e+01
9.995915e-01 -4.018885e-04 2.857805e-02 1.093132e+01 4.153310e-04 9.999998e-01 -4.644362e-04 -9.772644e-01 -2.857783e-02 4.761147e-04 9.995914e-01 1.902956e+01
9.999986e-01 -2.433758e-04 1.632722e-03 1.101902e+01 2.443296e-04 9.999998e-01 -5.838295e-04 -9.817279e-01 -1.632544e-03 5.842264e-04 9.999984e-01 1.916761e+01
9.995720e-01 -4.034427e-04 2.925182e-02 1.109437e+01 4.174804e-04 9.999998e-01 -4.737763e-04 -9.858817e-01 -2.925159e-02 4.857842e-04 9.995719e-01 1.929654e+01
9.999977e-01 -2.549519e-04 2.132788e-03 1.116824e+01 2.562302e-04 9.999998e-01 -5.989375e-04 -9.898403e-01 -2.132594e-03 5.994812e-04 9.999975e-01 1.942188e+01
9.996516e-01 -3.563234e-04 2.639032e-02 1.124586e+01 3.664432e-04 9.999999e-01 -3.786147e-04 -9.942601e-01 -2.639014e-02 3.881518e-04 9.996515e-01 1.955097e+01
9.999813e-01 -3.256519e-04 6.101458e-03 1.131787e+01 3.300647e-04 9.999997e-01 -7.221787e-04 -9.979471e-01 -6.101174e-03 7.241774e-04 9.999810e-01 1.966947e+01
9.995646e-01 -4.372019e-04 2.950269e-02 1.139957e+01 4.513327e-04 9.999998e-01 -4.722937e-04 -1.001514e+00 -2.950242e-02 4.854018e-04 9.995645e-01 1.979024e+01
9.999952e-01 -2.703252e-04 3.097808e-03 1.149547e+01 2.722941e-04 9.999998e-01 -6.350217e-04 -1.005348e+00 -3.097583e-03 6.358602e-04 9.999949e-01 1.990814e+01
9.997048e-01 -3.146987e-04 2.429588e-02 1.160575e+01 3.231251e-04 9.999999e-01 -3.428729e-04 -1.010210e+00 -2.429571e-02 3.506203e-04 9.997047e-01 2.004502e+01
9.999993e-01 -2.030781e-04 1.154601e-03 1.169785e+01 2.037401e-04 9.999998e-01 -5.727244e-04 -1.014748e+00 -1.154427e-03 5.729572e-04 9.999991e-01 2.016683e+01
9.996817e-01 -3.666773e-04 2.522522e-02 1.178171e+01 3.752013e-04 9.999999e-01 -3.331567e-04 -1.018843e+00 -2.522504e-02 3.425130e-04 9.996816e-01 2.026795e+01
9.999914e-01 -8.772788e-05 -4.147190e-03 1.187261e+01 8.599261e-05 9.999999e-01 -4.187834e-04 -1.023537e+00 4.147287e-03 4.184210e-04 9.999912e-01 2.036884e+01
9.996545e-01 -3.539204e-04 2.628292e-02 1.195753e+01 3.638582e-04 9.999999e-01 -3.732990e-04 -1.028008e+00 -2.628272e-02 3.827310e-04 9.996544e-01 2.046856e+01
9.999996e-01 -2.476064e-04 8.672385e-04 1.203569e+01 2.480780e-04 9.999998e-01 -5.427432e-04 -1.031974e+00 -8.670395e-04 5.429557e-04 9.999994e-01 2.056927e+01
9.998210e-01 -1.808925e-04 1.891960e-02 1.213436e+01 1.840800e-04 1.000000e+00 -1.666871e-04 -1.037144e+00 -1.891950e-02 1.701375e-04 9.998209e-01 2.068491e+01
9.999589e-01 -3.879992e-04 9.052246e-03 1.222311e+01 3.953903e-04 9.999996e-01 -8.146161e-04 -1.041259e+00 -9.051858e-03 8.181592e-04 9.999586e-01 2.080011e+01
9.997582e-01 -2.597719e-04 2.198792e-02 1.229833e+01 2.653142e-04 9.999999e-01 -2.490944e-04 -1.045368e+00 -2.198779e-02 2.548652e-04 9.997581e-01 2.092926e+01
9.999971e-01 -2.538990e-04 2.372852e-03 1.238554e+01 2.553696e-04 9.999998e-01 -6.189788e-04 -1.050510e+00 -2.372622e-03 6.195802e-04 9.999969e-01 2.107307e+01
9.997377e-01 -2.564787e-04 2.290091e-02 1.246644e+01 2.628936e-04 9.999999e-01 -2.770512e-04 -1.055236e+00 -2.290076e-02 2.829962e-04 9.997376e-01 2.120529e+01
9.999911e-01 -1.263119e-04 -4.209266e-03 1.254134e+01 1.246111e-04 9.999999e-01 -4.046380e-04 -1.060962e+00 4.209392e-03 4.041070e-04 9.999910e-01 2.135291e+01
9.998404e-01 -1.213858e-04 1.786575e-02 1.260757e+01 1.236947e-04 1.000000e+00 -1.280611e-04 -1.067211e+00 -1.786566e-02 1.302477e-04 9.998403e-01 2.150515e+01
9.999148e-01 5.319002e-05 -1.305390e-02 1.268022e+01 -5.470254e-05 1.000000e+00 -1.156176e-04 -1.074190e+00 1.305397e-02 1.163189e-04 9.999147e-01 2.164066e+01
9.995624e-01 -3.255067e-04 2.957763e-02 1.275318e+01 3.411391e-04 9.999998e-01 -5.234309e-04 -1.079758e+00 -2.957737e-02 5.332889e-04 9.995623e-01 2.177284e+01
9.999197e-01 -4.373335e-05 -1.266886e-02 1.285576e+01 4.274722e-05 1.000000e+00 -7.822894e-05 -1.085620e+00 1.266894e-02 7.767806e-05 9.999197e-01 2.189917e+01
9.997184e-01 -1.640257e-04 2.373079e-02 1.295284e+01 1.725488e-04 9.999999e-01 -3.570496e-04 -1.092259e+00 -2.373065e-02 3.610407e-04 9.997182e-01 2.204459e+01
9.998364e-01 7.189204e-05 -1.808638e-02 1.302752e+01 -6.986229e-05 1.000000e+00 1.127691e-04 -1.099756e+00 1.808647e-02 -1.114902e-04 9.998363e-01 2.221241e+01
9.997895e-01 -9.519037e-05 2.051835e-02 1.310501e+01 1.002508e-04 1.000000e+00 -2.455288e-04 -1.107212e+00 -2.051825e-02 2.475309e-04 9.997894e-01 2.235283e+01
9.997915e-01 1.102254e-04 -2.042047e-02 1.316803e+01 -1.062847e-04 1.000000e+00 1.939859e-04 -1.113783e+00 2.042057e-02 -1.917782e-04 9.997914e-01 2.245498e+01
9.998317e-01 -8.323153e-05 1.834503e-02 1.329235e+01 8.600412e-05 1.000000e+00 -1.502633e-04 -1.119204e+00 -1.834494e-02 1.518127e-04 9.998316e-01 2.246738e+01
9.997836e-01 1.123090e-04 -2.079955e-02 1.344443e+01 -1.079068e-04 1.000000e+00 2.126923e-04 -1.122941e+00 2.079965e-02 -2.104049e-04 9.997836e-01 2.238865e+01
9.998360e-01 -2.711682e-05 1.811109e-02 1.360830e+01 2.919077e-05 1.000000e+00 -1.141650e-04 -1.125719e+00 -1.811100e-02 1.146718e-04 9.998359e-01 2.225781e+01
9.997506e-01 1.428574e-04 -2.233021e-02 1.377943e+01 -1.369216e-04 1.000000e+00 2.672790e-04 -1.127652e+00 2.233033e-02 -2.641580e-04 9.997505e-01 2.208404e+01
9.998768e-01 1.829870e-05 1.569586e-02 1.396734e+01 -1.848427e-05 1.000000e+00 1.177265e-05 -1.128960e+00 -1.569578e-02 -1.206441e-05 9.998767e-01 2.187994e+01
9.997827e-01 1.477140e-04 -2.084628e-02 1.415413e+01 -1.433771e-04 1.000000e+00 2.094654e-04 -1.130413e+00 2.084639e-02 -2.064341e-04 9.997826e-01 2.167763e+01
9.999113e-01 6.499113e-05 1.332000e-02 1.434400e+01 -6.686511e-05 1.000000e+00 1.403519e-04 -1.133222e+00 -1.331991e-02 -1.412331e-04 9.999112e-01 2.154637e+01
9.996929e-01 2.844571e-04 -2.477958e-02 1.452826e+01 -2.744191e-04 9.999999e-01 4.084325e-04 -1.136366e+00 2.477977e-02 -4.015100e-04 9.996928e-01 2.144136e+01
9.999344e-01 9.312382e-05 1.144922e-02 1.467151e+01 -9.519893e-05 1.000000e+00 1.808186e-04 -1.140400e+00 -1.144913e-02 -1.818996e-04 9.999344e-01 2.140106e+01
9.996506e-01 3.237031e-04 -2.643063e-02 1.476901e+01 -3.121115e-04 9.999999e-01 4.426374e-04 -1.144617e+00 2.643084e-02 -4.342363e-04 9.996505e-01 2.139240e+01
9.999000e-01 6.699488e-06 1.414366e-02 1.485360e+01 -7.341853e-06 1.000000e+00 4.545372e-05 -1.148909e+00 -1.414359e-02 -4.555584e-05 9.998999e-01 2.138718e+01
9.997766e-01 1.490422e-04 -2.113306e-02 1.496407e+01 -1.437265e-04 1.000000e+00 2.529914e-04 -1.154697e+00 2.113317e-02 -2.499003e-04 9.997766e-01 2.142190e+01
9.998259e-01 -1.313020e-04 1.865716e-02 1.515099e+01 1.344787e-04 1.000000e+00 -1.689508e-04 -1.157606e+00 -1.865706e-02 1.714276e-04 9.998258e-01 2.128948e+01
9.997050e-01 2.951111e-04 -2.428617e-02 1.541918e+01 -2.841401e-04 9.999999e-01 4.551338e-04 -1.155949e+00 2.428638e-02 -4.481016e-04 9.997049e-01 2.091362e+01
9.998766e-01 -9.168884e-05 1.570772e-02 1.571335e+01 9.185420e-05 1.000000e+00 -9.731125e-06 -1.153378e+00 -1.570765e-02 1.117001e-05 9.998765e-01 2.049341e+01
9.997722e-01 2.538150e-04 -2.134255e-02 1.602045e+01 -2.467789e-04 9.999999e-01 3.322540e-04 -1.150487e+00 2.134270e-02 -3.269141e-04 9.997721e-01 2.005066e+01
9.999031e-01 -4.922370e-06 1.391701e-02 1.630091e+01 3.573274e-06 1.000000e+00 9.704415e-05 -1.150373e+00 -1.391694e-02 -9.698768e-05 9.999031e-01 1.974711e+01
9.997928e-01 1.274244e-04 -2.035606e-02 1.660973e+01 -1.221296e-04 1.000000e+00 2.612951e-04 -1.148601e+00 2.035616e-02 -2.587575e-04 9.997927e-01 1.935691e+01
9.999110e-01 8.494818e-05 1.333739e-02 1.691496e+01 -8.659306e-05 1.000000e+00 1.228316e-04 -1.145679e+00 -1.333731e-02 -1.239782e-04 9.999110e-01 1.891212e+01
9.997724e-01 1.576143e-04 -2.133304e-02 1.720522e+01 -1.509341e-04 9.999999e-01 3.146966e-04 -1.144422e+00 2.133316e-02 -3.114076e-04 9.997723e-01 1.855360e+01
9.999366e-01 1.179759e-04 1.125665e-02 1.751738e+01 -1.209412e-04 1.000000e+00 2.628407e-04 -1.143708e+00 -1.125655e-02 -2.641879e-04 9.999365e-01 1.822357e+01
9.996032e-01 4.286068e-04 -2.816524e-02 1.779427e+01 -4.113136e-04 9.999997e-01 6.197467e-04 -1.144140e+00 2.816557e-02 -6.079184e-04 9.996030e-01 1.797611e+01
