9.996777e-01 -4.433637e-04 2.538218e-02 5.007926e-02 4.647481e-04 9.999995e-01 -8.366022e-04 -3.802904e-03 -2.538180e-02 8.481293e-04 9.996774e-01 1.049618e-01
9.999193e-01 -3.337541e-04 1.269767e-02 1.037522e-01 3.384105e-04 9.999999e-01 -3.645690e-04 -6.604272e-03 -1.269754e-02 3.688369e-04 9.999192e-01 2.111623e-01
9.996608e-01 -4.628365e-04 2.604146e-02 1.556754e-01 4.852406e-04 9.999995e-01 -8.540123e-04 -9.297577e-03 -2.604104e-02 8.663591e-04 9.996604e-01 3.150267e-01
9.998526e-01 -4.055128e-04 1.716150e-02 2.082437e-01 4.142797e-04 9.999998e-01 -5.072928e-04 -1.144986e-02 -1.716128e-02 5.143277e-04 9.998525e-01 4.162884e-01
9.995064e-01 -5.742121e-04 3.141074e-02 2.590578e-01 6.062790e-04 9.999993e-01 -1.011372e-03 -1.289566e-02 -3.141012e-02 1.029917e-03 9.995060e-01 5.100759e-01
9.998893e-01 -3.812931e-04 1.487407e-02 3.114145e-01 3.876442e-04 9.999998e-01 -4.241042e-04 -1.470469e-02 -1.487388e-02 4.298228e-04 9.998892e-01 6.060298e-01
9.996733e-01 -4.577394e-04 2.555418e-02 3.630517e-01 4.793416e-04 9.999995e-01 -8.392278e-04 -1.715216e-02 -2.555375e-02 8.512024e-04 9.996730e-01 7.049400e-01
9.999466e-01 -2.743552e-04 1.033079e-02 4.131702e-01 2.773955e-04 9.999999e-01 -2.928528e-04 -2.005078e-02 -1.033068e-02 2.957023e-04 9.999465e-01 8.067929e-01
9.997406e-01 -4.118794e-04 2.277283e-02 4.636812e-01 4.291212e-04 9.999996e-01 -7.522386e-04 -2.328295e-02 -2.277247e-02 7.618151e-04 9.997403e-01 9.095374e-01
9.999412e-01 -2.635395e-04 1.084368e-02 5.127096e-01 2.669662e-04 9.999999e-01 -3.145462e-04 -2.629780e-02 -1.084356e-02 3.174218e-04 9.999411e-01 1.007770e+00
9.996283e-01 -5.036563e-04 2.725755e-02 5.614173e-01 5.280230e-04 9.999995e-01 -8.867458e-04 -2.877585e-02 -2.725705e-02 9.008079e-04 9.996280e-01 1.102173e+00
9.999384e-01 -2.937171e-04 1.109854e-02 6.116958e-01 2.972131e-04 9.999999e-01 -3.133222e-04 -3.142035e-02 -1.109840e-02 3.166004e-04 9.999383e-01 1.201423e+00
9.995254e-01 -5.275256e-04 3.080017e-02 6.580717e-01 5.591287e-04 9.999993e-01 -1.017455e-03 -3.338510e-02 -3.079957e-02 1.034192e-03 9.995250e-01 1.293098e+00
9.998629e-01 -4.537820e-04 1.655315e-02 7.094870e-01 4.612777e-04 9.999998e-01 -4.489882e-04 -3.511883e-02 -1.655289e-02 4.565608e-04 9.998628e-01 1.390013e+00
9.996085e-01 -4.810959e-04 2.797588e-02 7.618517e-01 5.075567e-04 9.999994e-01 -9.387367e-04 -3.723557e-02 -2.797535e-02 9.525670e-04 9.996081e-01 1.490492e+00
9.999676e-01 -2.856429e-04 8.044644e-03 8.127233e-01 2.870999e-04 9.999999e-01 -1.798945e-04 -4.019614e-02 -8.044533e-03 1.821966e-04 9.999675e-01 1.590259e+00
9.996027e-01 -4.415077e-04 2.818245e-02 8.607880e-01 4.691708e-04 9.999994e-01 -9.749467e-04 -4.286521e-02 -2.818194e-02 9.877800e-04 9.996022e-01 1.684520e+00
9.999254e-01 -3.792779e-04 1.221073e-02 9.102708e-01 3.828739e-04 9.999999e-01 -2.921015e-04 -4.511902e-02 -1.221055e-02 2.967530e-04 9.999253e-01 1.776149e+00
9.996702e-01 -4.238705e-04 2.567672e-02 9.601672e-01 4.468944e-04 9.999995e-01 -8.909220e-04 -4.781255e-02 -2.567626e-02 9.021010e-04 9.996698e-01 1.872739e+00
9.999735e-01 -2.531003e-04 7.278095e-03 1.006829e+00 2.542095e-04 1.000000e+00 -1.513544e-04 -5.081571e-02 -7.277987e-03 1.531985e-04 9.999734e-01 1.964821e+00
9.996000e-01 -4.678111e-04 2.827674e-02 1.053142e+00 4.956268e-04 9.999994e-01 -9.766651e-04 -5.349117e-02 -2.827619e-02 9.902870e-04 9.995996e-01 2.055379e+00
9.999874e-01 -2.411068e-04 5.003458e-03 1.103746e+00 2.414387e-04 1.000000e+00 -6.552601e-05 -5.677254e-02 -5.003367e-03 6.673094e-05 9.999874e-01 2.157029e+00
9.998372e-01 -2.393434e-04 1.803845e-02 1.152141e+00 2.517853e-04 9.999997e-01 -6.874206e-04 -6.108031e-02 -1.803821e-02 6.918482e-04 9.998370e-01 2.262774e+00
9.999973e-01 -1.850815e-04 2.312371e-03 1.200035e+00 1.850261e-04 1.000000e+00 2.465995e-05 -6.561046e-02 -2.312298e-03 -2.423443e-05 9.999972e-01 2.365253e+00
9.997648e-01 -3.131372e-04 2.168526e-02 1.247806e+00 3.305669e-04 9.999996e-01 -8.001258e-04 -6.968756e-02 -2.168493e-02 8.071036e-04 9.997644e-01 2.464732e+00
9.999828e-01 -2.633090e-04 5.862433e-03 1.296525e+00 2.637729e-04 1.000000e+00 -7.812589e-05 -7.336885e-02 -5.862331e-03 7.966834e-05 9.999827e-01 2.560988e+00
9.997320e-01 -3.447303e-04 2.314474e-02 1.344408e+00 3.644432e-04 9.999996e-01 -8.474534e-04 -7.675288e-02 -2.314435e-02 8.556586e-04 9.997317e-01 2.650263e+00
9.999775e-01 -2.770450e-04 6.694689e-03 1.391211e+00 2.777150e-04 1.000000e+00 -9.891894e-05 -7.995767e-02 -6.694577e-03 1.007732e-04 9.999775e-01 2.735153e+00
9.997970e-01 -2.882322e-04 2.014411e-02 1.438862e+00 3.035252e-04 9.999997e-01 -7.560486e-04 -8.353851e-02 -2.014380e-02 7.620067e-04 9.997967e-01 2.822325e+00
9.999963e-01 -1.898137e-04 2.712977e-03 1.486239e+00 1.897622e-04 1.000000e+00 1.983105e-05 -8.755379e-02 -2.712894e-03 -1.931898e-05 9.999962e-01 2.911070e+00
9.998676e-01 -1.919493e-04 1.627046e-02 1.532091e+00 2.025731e-04 9.999998e-01 -6.512016e-04 -9.190909e-02 -1.627025e-02 6.544084e-04 9.998673e-01 2.997640e+00
9.999930e-01 -2.198471e-04 3.737729e-03 1.579252e+00 2.198484e-04 1.000000e+00 5.499800e-07 -9.618484e-02 -3.737641e-03 2.688253e-07 9.999929e-01 3.084967e+00
9.999022e-01 -1.430976e-04 1.397960e-02 1.625815e+00 1.513454e-04 9.999998e-01 -5.888009e-04 -1.007858e-01 -1.397942e-02 5.908562e-04 9.999020e-01 3.178105e+00
9.999870e-01 -2.457193e-04 5.091764e-03 1.673237e+00 2.459608e-04 1.000000e+00 -4.643762e-05 -1.053163e-01 -5.091662e-03 4.768637e-05 9.999870e-01 3.274633e+00
9.999307e-01 -7.227474e-05 1.177328e-02 1.719935e+00 7.856237e-05 9.999999e-01 -5.334324e-04 -1.101216e-01 -1.177315e-02 5.343173e-04 9.999305e-01 3.372143e+00
9.999949e-01 -2.133797e-04 3.184889e-03 1.766491e+00 2.133157e-04 1.000000e+00 2.106549e-05 -1.152806e-01 -3.184802e-03 -2.038909e-05 9.999949e-01 3.478256e+00
9.998496e-01 -2.074436e-04 1.734189e-02 1.817218e+00 2.196710e-04 9.999997e-01 -7.030577e-04 -1.198346e-01 -1.734165e-02 7.067583e-04 9.998493e-01 3.583463e+00
9.999633e-01 5.785232e-05 -8.563854e-03 1.838876e+00 -5.455323e-05 9.999999e-01 3.852132e-04 -1.244198e-01 8.563968e-03 -3.847350e-04 9.999632e-01 3.661164e+00
9.996814e-01 -3.444964e-04 2.523631e-02 1.895108e+00 3.691253e-04 9.999995e-01 -9.711945e-04 -1.296349e-01 -2.523587e-02 9.801972e-04 9.996810e-01 3.776300e+00
9.999952e-01 -9.938006e-05 -3.071530e-03 1.956557e+00 1.000970e-04 1.000000e+00 2.325070e-04 -1.343459e-01 3.071601e-03 -2.328166e-04 9.999952e-01 3.890287e+00
9.998535e-01 -1.301155e-04 1.711429e-02 1.996267e+00 1.428847e-04 9.999997e-01 -7.447600e-04 -1.391316e-01 -1.711409e-02 7.470930e-04 9.998532e-01 3.978200e+00
9.999185e-01 8.293495e-05 -1.276577e-02 1.994046e+00 -7.576733e-05 9.999998e-01 5.617655e-04 -1.428346e-01 1.276591e-02 -5.607558e-04 9.999183e-01 4.016336e+00
9.998317e-01 -1.538739e-04 1.834272e-02 2.052365e+00 1.685374e-04 9.999997e-01 -7.977518e-04 -1.482022e-01 -1.834250e-02 8.007057e-04 9.998314e-01 4.078003e+00
9.999928e-01 -1.263243e-04 -3.771723e-03 2.189887e+00 1.273887e-04 1.000000e+00 2.813165e-04 -1.545143e-01 3.771782e-03 -2.817983e-04 9.999928e-01 4.193002e+00
9.998252e-01 -1.837207e-04 1.869204e-02 2.339200e+00 1.989314e-04 9.999997e-01 -8.117651e-04 -1.615066e-01 -1.869179e-02 8.153383e-04 9.998249e-01 4.343986e+00
9.999815e-01 -1.895770e-05 -6.073218e-03 2.388377e+00 2.101907e-05 9.999999e-01 3.389306e-04 -1.677896e-01 6.073308e-03 -3.390553e-04 9.999814e-01 4.494888e+00
9.999007e-01 -9.617375e-05 1.408996e-02 2.416974e+00 1.054598e-04 9.999998e-01 -6.581313e-04 -1.735808e-01 -1.408980e-02 6.595485e-04 9.999005e-01 4.619635e+00
9.998983e-01 9.827419e-05 -1.425565e-02 2.410709e+00 -8.927300e-05 9.999998e-01 6.318614e-04 -1.777163e-01 1.425581e-02 -6.305279e-04 9.998981e-01 4.666715e+00
9.999284e-01 -4.679060e-05 1.195999e-02 2.400797e+00 5.358932e-05 9.999998e-01 -5.679227e-04 -1.808410e-01 -1.195987e-02 5.685196e-04 9.999283e-01 4.662071e+00
9.999331e-01 4.237979e-05 -1.156229e-02 2.367712e+00 -3.584059e-05 9.999998e-01 5.655416e-04 -1.821205e-01 1.156241e-02 -5.650928e-04 9.999329e-01 4.605996e+00
9.999313e-01 -4.616622e-05 1.171929e-02 2.340207e+00 5.284269e-05 9.999998e-01 -5.691738e-04 -1.840947e-01 -1.171916e-02 5.697506e-04 9.999311e-01 4.577162e+00
9.999393e-01 3.386769e-05 -1.101192e-02 2.321676e+00 -2.794194e-05 9.999999e-01 5.380351e-04 -1.864160e-01 1.101204e-02 -5.376982e-04 9.999392e-01 4.557529e+00
9.999153e-01 -5.707237e-05 1.301375e-02 2.328323e+00 6.519403e-05 9.999998e-01 -6.234637e-04 -1.888265e-01 -1.301362e-02 6.242559e-04 9.999151e-01 4.519873e+00
9.999395e-01 1.980957e-05 -1.099876e-02 2.345822e+00 -1.394982e-05 9.999999e-01 5.326000e-04 -1.914886e-01 1.099887e-02 -5.324177e-04 9.999393e-01 4.485923e+00
9.998991e-01 -9.805960e-05 1.420344e-02 2.470922e+00 1.077016e-04 9.999998e-01 -6.779060e-04 -1.985301e-01 -1.420327e-02 6.793639e-04 9.998988e-01 4.576314e+00
9.999323e-01 8.908347e-05 -1.162882e-02 2.680906e+00 -8.171153e-05 9.999998e-01 6.341797e-04 -2.055363e-01 1.162897e-02 -6.331900e-04 9.999321e-01 4.650550e+00
9.998829e-01 -1.713884e-04 1.529908e-02 2.789926e+00 1.838238e-04 9.999997e-01 -8.112501e-04 -2.131990e-01 -1.529884e-02 8.139640e-04 9.998826e-01 4.792645e+00
9.999598e-01 5.669259e-05 -8.960625e-03 2.834881e+00 -5.178897e-05 9.999998e-01 5.471679e-04 -2.207707e-01 8.960751e-03 -5.466853e-04 9.999596e-01 4.980484e+00
9.999111e-01 -1.048257e-04 1.333290e-02 2.869275e+00 1.148770e-04 9.999997e-01 -7.529044e-04 -2.270641e-01 -1.333272e-02 7.543656e-04 9.999108e-01 5.106475e+00
9.999171e-01 6.447908e-05 -1.287151e-02 2.884942e+00 -5.544257e-05 9.999998e-01 7.021967e-04 -2.327345e-01 1.287165e-02 -7.014283e-04 9.999168e-01 5.209402e+00
9.999049e-01 -9.038495e-05 1.378811e-02 2.875832e+00 1.009784e-04 9.999997e-01 -7.674183e-04 -2.365538e-01 -1.378794e-02 7.687342e-04 9.999046e-01 5.257571e+00
9.999151e-01 7.477275e-05 -1.302792e-02 2.847900e+00 -6.511225e-05 9.999997e-01 7.417329e-04 -2.383907e-01 1.302807e-02 -7.408251e-04 9.999148e-01 5.228734e+00
9.999040e-01 -9.923975e-05 1.385054e-02 2.825037e+00 1.101180e-04 9.999997e-01 -7.844514e-04 -2.413432e-01 -1.385036e-02 7.858978e-04 9.999037e-01 5.247824e+00
9.999580e-01 1.543013e-05 -9.159160e-03 2.854224e+00 -1.007931e-05 9.999998e-01 5.839457e-04 -2.477673e-01 9.159265e-03 -5.838324e-04 9.999578e-01 5.386557e+00
9.997486e-01 -2.627375e-04 2.241753e-02 2.954703e+00 2.871863e-04 9.999994e-01 -1.087276e-03 -2.552964e-01 -2.241713e-02 1.093437e-03 9.997480e-01 5.575478e+00
9.998332e-01 1.276361e-04 -1.826316e-02 3.015533e+00 -1.107599e-04 9.999996e-01 9.249078e-04 -2.643851e-01 1.826337e-02 -9.227342e-04 9.998327e-01 5.820109e+00
9.996742e-01 -4.206941e-04 2.551799e-02 3.085795e+00 4.505161e-04 9.999992e-01 -1.162823e-03 -2.752614e-01 -2.551738e-02 1.173937e-03 9.996736e-01 6.169946e+00
9.998636e-01 2.260539e-04 -1.651349e-02 3.162284e+00 -2.126116e-04 9.999996e-01 8.155909e-04 -2.851696e-01 1.651377e-02 -8.119722e-04 9.998632e-01 6.470204e+00
9.997176e-01 -3.323076e-04 2.376143e-02 3.227714e+00 3.590902e-04 9.999993e-01 -1.122770e-03 -2.925416e-01 -2.376095e-02 1.130982e-03 9.997170e-01 6.635965e+00
9.998943e-01 1.633176e-04 -1.453280e-02 3.313527e+00 -1.523748e-04 9.999997e-01 7.538698e-04 -3.007379e-01 1.453301e-02 -7.515793e-04 9.998940e-01 6.843254e+00
9.997141e-01 -4.781340e-04 2.390337e-02 3.397759e+00 5.036293e-04 9.999993e-01 -1.060469e-03 -3.117408e-01 -2.390275e-02 1.072200e-03 9.997137e-01 7.198656e+00
9.998810e-01 3.286537e-04 -1.542051e-02 3.462662e+00 -3.177312e-04 9.999997e-01 7.105532e-04 -3.205286e-01 1.542083e-02 -7.055726e-04 9.998808e-01 7.448424e+00
9.996514e-01 -4.908600e-04 2.639604e-02 3.518873e+00 5.209157e-04 9.999992e-01 -1.131664e-03 -3.270474e-01 -2.639536e-02 1.145016e-03 9.996509e-01 7.599908e+00
9.998800e-01 3.406739e-04 -1.548200e-02 3.577603e+00 -3.295971e-04 9.999997e-01 7.178044e-04 -3.331647e-01 1.548234e-02 -7.126191e-04 9.998798e-01 7.727276e+00
9.993603e-01 -7.249630e-04 3.575508e-02 3.646337e+00 7.759613e-04 9.999987e-01 -1.412380e-03 -3.392018e-01 -3.575391e-02 1.439217e-03 9.993595e-01 7.896429e+00
9.997447e-01 4.865925e-04 -2.258573e-02 3.800040e+00 -4.646023e-04 9.999994e-01 9.787173e-04 -3.467647e-01 2.258629e-02 -9.679778e-04 9.997444e-01 8.057485e+00
9.996199e-01 -5.487800e-04 2.756251e-02 3.947136e+00 5.800168e-04 9.999992e-01 -1.125206e-03 -3.551435e-01 -2.756178e-02 1.140762e-03 9.996194e-01 8.236138e+00
9.996455e-01 5.266572e-04 -2.661658e-02 4.002106e+00 -4.984664e-04 9.999993e-01 1.065638e-03 -3.629355e-01 2.661723e-02 -1.051997e-03 9.996451e-01 8.407260e+00
9.996248e-01 -5.290741e-04 2.738534e-02 4.062689e+00 5.602952e-04 9.999992e-01 -1.132288e-03 -3.703061e-01 -2.738462e-02 1.147203e-03 9.996243e-01 8.551455e+00
9.997094e-01 5.009572e-04 -2.410052e-02 4.124465e+00 -4.777404e-04 9.999994e-01 9.689390e-04 -3.775271e-01 2.410109e-02 -9.571473e-04 9.997090e-01 8.699025e+00
9.996734e-01 -5.041748e-04 2.554813e-02 4.141220e+00 5.312934e-04 9.999993e-01 -1.054567e-03 -3.822224e-01 -2.554748e-02 1.067793e-03 9.996730e-01 8.763645e+00
9.996621e-01 5.375409e-04 -2.598614e-02 4.143041e+00 -5.098194e-04 9.999993e-01 1.073259e-03 -3.853031e-01 2.598679e-02 -1.059652e-03 9.996617e-01 8.753533e+00
9.996193e-01 -5.434432e-04 2.758384e-02 4.159365e+00 5.756158e-04 9.999992e-01 -1.158314e-03 -3.900683e-01 -2.758309e-02 1.173747e-03 9.996188e-01 8.820904e+00
9.996664e-01 5.173212e-04 -2.582086e-02 4.172548e+00 -4.898777e-04 9.999993e-01 1.069022e-03 -3.956034e-01 2.582149e-02 -1.056020e-03 9.996660e-01 8.932941e+00
9.996098e-01 -5.339015e-04 2.792792e-02 4.190630e+00 5.670472e-04 9.999991e-01 -1.178807e-03 -4.008939e-01 -2.792716e-02 1.194179e-03 9.996092e-01 9.029153e+00
9.997021e-01 4.812287e-04 -2.440121e-02 4.227794e+00 -4.562069e-04 9.999994e-01 1.030844e-03 -4.073860e-01 2.440179e-02 -1.019408e-03 9.997017e-01 9.159459e+00
9.995552e-01 -4.990014e-04 2.981644e-02 4.276974e+00 5.372806e-04 9.999990e-01 -1.275720e-03 -4.136058e-01 -2.981567e-02 1.291168e-03 9.995545e-01 9.271161e+00
9.995559e-01 5.342652e-04 -2.979177e-02 4.310877e+00 -4.968133e-04 9.999991e-01 1.264391e-03 -4.170920e-01 2.979252e-02 -1.249032e-03 9.995553e-01 9.256974e+00
9.995271e-01 -5.257089e-04 3.074456e-02 4.361720e+00 5.667311e-04 9.999990e-01 -1.325483e-03 -4.213123e-01 -3.074373e-02 1.342276e-03 9.995263e-01 9.267760e+00
9.998041e-01 4.024868e-04 -1.978753e-02 4.419217e+00 -3.846121e-04 9.999995e-01 9.069485e-04 -4.273001e-01 1.978799e-02 -8.991640e-04 9.998037e-01 9.389151e+00
9.992579e-01 -7.414817e-04 3.851013e-02 4.479481e+00 8.011915e-04 9.999985e-01 -1.534996e-03 -4.323992e-01 -3.850884e-02 1.564707e-03 9.992570e-01 9.504002e+00
9.993762e-01 7.713664e-04 -3.530728e-02 4.508366e+00 -7.221968e-04 9.999988e-01 1.405246e-03 -4.372930e-01 3.530841e-02 -1.378874e-03 9.993755e-01 9.560694e+00
9.994888e-01 -6.673113e-04 3.196217e-02 4.533804e+00 7.091081e-04 9.999989e-01 -1.296269e-03 -4.403376e-01 -3.196117e-02 1.318267e-03 9.994882e-01 9.520364e+00
9.993734e-01 7.873770e-04 -3.538589e-02 4.580664e+00 -7.379798e-04 9.999987e-01 1.408893e-03 -4.426407e-01 3.538705e-02 -1.381899e-03 9.993727e-01 9.437587e+00
9.994253e-01 -7.002265e-04 3.388872e-02 4.596008e+00 7.460834e-04 9.999988e-01 -1.340435e-03 -4.441164e-01 -3.388764e-02 1.364945e-03 9.994247e-01 9.341714e+00
9.994155e-01 7.415420e-04 -3.417508e-02 4.579144e+00 -6.955391e-04 9.999988e-01 1.357855e-03 -4.470360e-01 3.417615e-02 -1.333295e-03 9.994149e-01 9.346410e+00
9.991198e-01 -7.433470e-04 4.194021e-02 4.603475e+00 8.109481e-04 9.999984e-01 -1.594773e-03 -4.506809e-01 -4.193885e-02 1.627377e-03 9.991188e-01 9.359222e+00
9.997901e-01 3.351403e-04 -2.048513e-02 4.653891e+00 -3.164913e-04 9.999995e-01 9.134213e-04 -4.551452e-01 2.048553e-02 -9.067499e-04 9.997897e-01 9.463791e+00
9.994139e-01 -5.438207e-04 3.422555e-02 4.698686e+00 5.921521e-04 9.999988e-01 -1.401918e-03 -4.604921e-01 -3.422464e-02 1.421359e-03 9.994131e-01 9.577706e+00
9.997452e-01 3.765293e-04 -2.256919e-02 4.750660e+00 -3.544825e-04 9.999995e-01 9.806729e-04 -4.669077e-01 2.256965e-02 -9.724264e-04 9.997448e-01 9.726110e+00
9.993779e-01 -5.514302e-04 3.526309e-02 4.805523e+00 6.032179e-04 9.999988e-01 -1.457882e-03 -4.732629e-01 -3.526214e-02 1.478242e-03 9.993770e-01 9.883290e+00
9.998316e-01 2.616776e-04 -1.834778e-02 4.865423e+00 -2.457384e-04 9.999996e-01 8.707578e-04 -4.789561e-01 1.834810e-02 -8.661063e-04 9.998312e-01 1.002295e+01
9.995180e-01 -4.600920e-04 3.103805e-02 4.901663e+00 5.011720e-04 9.999990e-01 -1.315646e-03 -4.841544e-01 -3.103731e-02 1.330563e-03 9.995173e-01 1.012958e+01
9.997090e-01 3.952035e-04 -2.411715e-02 4.929532e+00 -3.701982e-04 9.999994e-01 1.041110e-03 -4.901297e-01 2.411764e-02 -1.031883e-03 9.997085e-01 1.026121e+01
9.991613e-01 -6.672038e-04 4.094174e-02 4.991483e+00 7.343200e-04 9.999984e-01 -1.624195e-03 -4.959246e-01 -4.094049e-02 1.652893e-03 9.991602e-01 1.040286e+01
9.996211e-01 4.766542e-04 -2.751900e-02 5.051356e+00 -4.452705e-04 9.999992e-01 1.146398e-03 -5.020959e-01 2.751963e-02 -1.133714e-03 9.996206e-01 1.054985e+01
9.994426e-01 -5.151195e-04 3.337807e-02 5.073567e+00 5.611590e-04 9.999989e-01 -1.369858e-03 -5.064992e-01 -3.337723e-02 1.387821e-03 9.994418e-01 1.060548e+01
9.996545e-01 4.485086e-04 -2.627792e-02 5.103828e+00 -4.192197e-04 9.999993e-01 1.119917e-03 -5.099982e-01 2.627851e-02 -1.108518e-03 9.996540e-01 1.061368e+01
9.995559e-01 -4.545492e-04 2.979366e-02 5.123908e+00 4.922744e-04 9.999991e-01 -1.258754e-03 -5.134039e-01 -2.979296e-02 1.272858e-03 9.995552e-01 1.061171e+01
9.997643e-01 3.889215e-04 -2.170243e-02 5.160078e+00 -3.680627e-04 9.999995e-01 9.649089e-04 -5.176035e-01 2.170289e-02 -9.566975e-04 9.997640e-01 1.064785e+01
9.996870e-01 -3.934289e-04 2.501284e-02 5.212406e+00 4.215312e-04 9.999993e-01 -1.118085e-03 -5.210744e-01 -2.501229e-02 1.128275e-03 9.996865e-01 1.062255e+01
9.996809e-01 4.634145e-04 -2.525474e-02 5.326216e+00 -4.353408e-04 9.999993e-01 1.116934e-03 -5.215716e-01 2.525534e-02 -1.105588e-03 9.996804e-01 1.041415e+01
9.995360e-01 -4.922078e-04 3.045324e-02 5.396743e+00 5.327651e-04 9.999990e-01 -1.323549e-03 -5.250633e-01 -3.045246e-02 1.339155e-03 9.995353e-01 1.038395e+01
9.996778e-01 4.679092e-04 -2.537525e-02 5.444455e+00 -4.393598e-04 9.999993e-01 1.130477e-03 -5.280776e-01 2.537586e-02 -1.118968e-03 9.996773e-01 1.034928e+01
9.995662e-01 -4.805264e-04 2.944462e-02 5.488798e+00 5.190532e-04 9.999990e-01 -1.300678e-03 -5.319620e-01 -2.944387e-02 1.315393e-03 9.995655e-01 1.035285e+01
9.997386e-01 4.388888e-04 -2.285745e-02 5.523165e+00 -4.150467e-04 9.999994e-01 1.047614e-03 -5.364006e-01 2.285799e-02 -1.037857e-03 9.997381e-01 1.039881e+01
9.996365e-01 -4.534307e-04 2.695354e-02 5.555963e+00 4.867845e-04 9.999991e-01 -1.230749e-03 -5.413441e-01 -2.695286e-02 1.243418e-03 9.996359e-01 1.046196e+01
9.996896e-01 4.657389e-04 -2.490734e-02 5.606428e+00 -4.379620e-04 9.999993e-01 1.120471e-03 -5.457768e-01 2.490794e-02 -1.109219e-03 9.996891e-01 1.048144e+01
9.996940e-01 -4.264896e-04 2.473021e-02 5.693265e+00 4.549719e-04 9.999992e-01 -1.145929e-03 -5.496497e-01 -2.472961e-02 1.156826e-03 9.996935e-01 1.044390e+01
9.996834e-01 4.637376e-04 -2.515465e-02 5.779288e+00 -4.354630e-04 9.999993e-01 1.129318e-03 -5.551694e-01 2.515526e-02 -1.118010e-03 9.996829e-01 1.047644e+01
9.996940e-01 -4.621350e-04 2.472976e-02 5.818719e+00 4.904696e-04 9.999992e-01 -1.139538e-03 -5.621340e-01 -2.472912e-02 1.151315e-03 9.996935e-01 1.061363e+01
9.996892e-01 4.939952e-04 -2.492096e-02 5.868592e+00 -4.662714e-04 9.999993e-01 1.118086e-03 -5.663445e-01 2.492159e-02 -1.106123e-03 9.996888e-01 1.062249e+01
9.996974e-01 -4.620868e-04 2.459406e-02 5.913461e+00 4.897478e-04 9.999993e-01 -1.118515e-03 -5.699399e-01 -2.459343e-02 1.130217e-03 9.996969e-01 1.060500e+01
9.996712e-01 4.788811e-04 -2.563403e-02 5.938135e+00 -4.499336e-04 9.999993e-01 1.134841e-03 -5.759437e-01 2.563466e-02 -1.122938e-03 9.996707e-01 1.071082e+01
9.996644e-01 -4.817383e-04 2.589748e-02 5.949386e+00 5.121944e-04 9.999992e-01 -1.169238e-03 -5.814831e-01 -2.589680e-02 1.182106e-03 9.996639e-01 1.081803e+01
9.996779e-01 4.618332e-04 -2.537454e-02 5.969174e+00 -4.333910e-04 9.999993e-01 1.126206e-03 -5.875744e-01 2.537514e-02 -1.114850e-03 9.996773e-01 1.094193e+01
9.996194e-01 -4.666955e-04 2.758244e-02 6.002153e+00 5.010115e-04 9.999991e-01 -1.237070e-03 -5.940239e-01 -2.758174e-02 1.250414e-03 9.996187e-01 1.107487e+01
9.997708e-01 4.259279e-04 -2.140342e-02 6.031650e+00 -4.048989e-04 9.999994e-01 9.866163e-04 -5.995371e-01 2.140393e-02 -9.777279e-04 9.997704e-01 1.118099e+01
9.996422e-01 -4.878262e-04 2.674236e-02 6.074674e+00 5.202622e-04 9.999991e-01 -1.205798e-03 -6.064804e-01 -2.674165e-02 1.219276e-03 9.996416e-01 1.133898e+01
9.996925e-01 4.841837e-04 -2.479055e-02 6.106077e+00 -4.568047e-04 9.999993e-01 1.109880e-03 -6.133655e-01 2.479117e-02 -1.098218e-03 9.996920e-01 1.148520e+01
9.996748e-01 -4.628997e-04 2.549500e-02 6.121503e+00 4.927491e-04 9.999992e-01 -1.164353e-03 -6.188894e-01 -2.549434e-02 1.176533e-03 9.996742e-01 1.157563e+01
9.996977e-01 4.655896e-04 -2.457872e-02 6.126248e+00 -4.384011e-04 9.999993e-01 1.111370e-03 -6.240950e-01 2.457932e-02 -1.100263e-03 9.996972e-01 1.166646e+01
9.996988e-01 -4.391758e-04 2.453607e-02 6.128453e+00 4.668507e-04 9.999993e-01 -1.122032e-03 -6.277082e-01 -2.453546e-02 1.133145e-03 9.996983e-01 1.168450e+01
9.996922e-01 4.667354e-04 -2.480260e-02 6.129627e+00 -4.389267e-04 9.999993e-01 1.126447e-03 -6.310020e-01 2.480321e-02 -1.115218e-03 9.996917e-01 1.168400e+01
9.996861e-01 -4.574657e-04 2.504842e-02 6.127335e+00 4.865160e-04 9.999992e-01 -1.153508e-03 -6.355439e-01 -2.504777e-02 1.165329e-03 9.996855e-01 1.174911e+01
9.996768e-01 4.515095e-04 -2.541637e-02 6.151199e+00 -4.224409e-04 9.999993e-01 1.148870e-03 -6.423478e-01 2.541697e-02 -1.137766e-03 9.996762e-01 1.188790e+01
9.996799e-01 -4.416427e-04 2.529263e-02 6.186609e+00 4.711821e-04 9.999992e-01 -1.161782e-03 -6.495948e-01 -2.529199e-02 1.173324e-03 9.996794e-01 1.203939e+01
9.996754e-01 4.543583e-04 -2.546920e-02 6.194309e+00 -4.252752e-04 9.999993e-01 1.147116e-03 -6.547064e-01 2.546980e-02 -1.135916e-03 9.996749e-01 1.212074e+01
9.995207e-01 -5.012324e-04 3.095222e-02 6.225893e+00 5.438913e-04 9.999989e-01 -1.369668e-03 -6.609104e-01 -3.095140e-02 1.385843e-03 9.995199e-01 1.225114e+01
9.997502e-01 3.532126e-04 -2.234595e-02 6.298368e+00 -3.302114e-04 9.999994e-01 1.032794e-03 -6.691689e-01 2.234640e-02 -1.025161e-03 9.997497e-01 1.247059e+01
9.996674e-01 -4.189982e-04 2.578277e-02 6.367424e+00 4.498511e-04 9.999992e-01 -1.190684e-03 -6.776723e-01 -2.578215e-02 1.201882e-03 9.996668e-01 1.267439e+01
9.997565e-01 3.749304e-04 -2.205988e-02 6.420343e+00 -3.525140e-04 9.999994e-01 1.019824e-03 -6.850967e-01 2.206035e-02 -1.011803e-03 9.997561e-01 1.284232e+01
9.996006e-01 -4.399705e-04 2.825353e-02 6.470725e+00 4.761268e-04 9.999991e-01 -1.272832e-03 -6.921516e-01 -2.825284e-02 1.285772e-03 9.995999e-01 1.300312e+01
9.998028e-01 3.145453e-04 -1.985125e-02 6.516972e+00 -2.955827e-04 9.999995e-01 9.579192e-04 -6.987316e-01 1.985164e-02 -9.518666e-04 9.998024e-01 1.315545e+01
9.995364e-01 -4.725133e-04 3.044020e-02 6.561999e+00 5.136153e-04 9.999990e-01 -1.342297e-03 -7.046159e-01 -3.043943e-02 1.357305e-03 9.995356e-01 1.328552e+01
9.997497e-01 3.456131e-04 -2.236716e-02 6.605056e+00 -3.221876e-04 9.999994e-01 1.050691e-03 -7.111208e-01 2.236761e-02 -1.043225e-03 9.997492e-01 1.343310e+01
9.995474e-01 -4.447963e-04 3.007701e-02 6.645442e+00 4.854902e-04 9.999990e-01 -1.345542e-03 -7.174420e-01 -3.007628e-02 1.359531e-03 9.995466e-01 1.357547e+01
9.997393e-01 3.612555e-04 -2.282726e-02 6.671485e+00 -3.369918e-04 9.999994e-01 1.066547e-03 -7.231632e-01 2.282773e-02 -1.058581e-03 9.997388e-01 1.370117e+01
9.992284e-01 -6.303799e-04 3.926961e-02 6.721719e+00 6.949136e-04 9.999984e-01 -1.629600e-03 -7.283751e-01 -3.926842e-02 1.655627e-03 9.992273e-01 1.382140e+01
9.998592e-01 2.288630e-04 -1.677321e-02 6.776546e+00 -2.140623e-04 9.999996e-01 8.838834e-04 -7.329753e-01 1.677350e-02 -8.801725e-04 9.998589e-01 1.394114e+01
9.990658e-01 -7.444770e-04 4.320698e-02 6.828920e+00 8.197020e-04 9.999982e-01 -1.723230e-03 -7.369744e-01 -4.320553e-02 1.757033e-03 9.990646e-01 1.404853e+01
9.997890e-01 3.251752e-04 -2.053597e-02 6.882801e+00 -3.048257e-04 9.999995e-01 9.937804e-04 -7.415461e-01 2.053638e-02 -9.873147e-04 9.997886e-01 1.416521e+01
9.990932e-01 -7.231609e-04 4.257003e-02 6.938273e+00 7.972077e-04 9.999982e-01 -1.722337e-03 -7.463166e-01 -4.256862e-02 1.754708e-03 9.990920e-01 1.428889e+01
9.998659e-01 2.116769e-04 -1.637276e-02 6.994133e+00 -1.970865e-04 9.999996e-01 8.924075e-04 -7.505351e-01 1.637303e-02 -8.890648e-04 9.998655e-01 1.440253e+01
9.994571e-01 -5.315073e-04 3.293984e-02 7.043301e+00 5.789954e-04 9.999988e-01 -1.431974e-03 -7.558155e-01 -3.293895e-02 1.450265e-03 9.994563e-01 1.452165e+01
9.998622e-01 2.601950e-04 -1.659263e-02 7.088165e+00 -2.455684e-04 9.999996e-01 8.831937e-04 -7.604201e-01 1.659295e-02 -8.790013e-04 9.998619e-01 1.461280e+01
9.994619e-01 -5.510965e-04 3.279307e-02 7.138549e+00 5.985230e-04 9.999988e-01 -1.436264e-03 -7.657864e-01 -3.279215e-02 1.455115e-03 9.994611e-01 1.473842e+01
9.997530e-01 4.024536e-04 -2.221977e-02 7.181358e+00 -3.793580e-04 9.999994e-01 1.043355e-03 -7.720238e-01 2.222027e-02 -1.034672e-03 9.997525e-01 1.488677e+01
9.995388e-01 -4.980862e-04 3.035989e-02 7.210082e+00 5.395047e-04 9.999989e-01 -1.355884e-03 -7.779083e-01 -3.035909e-02 1.371634e-03 9.995381e-01 1.502122e+01
9.997704e-01 4.205607e-04 -2.141958e-02 7.235951e+00 -3.990074e-04 9.999994e-01 1.010223e-03 -7.832506e-01 2.142008e-02 -1.001449e-03 9.997700e-01 1.513617e+01
9.992884e-01 -6.915730e-04 3.771095e-02 7.283072e+00 7.508360e-04 9.999985e-01 -1.557210e-03 -7.884016e-01 -3.770973e-02 1.584413e-03 9.992874e-01 1.525027e+01
9.996290e-01 5.609933e-04 -2.723021e-02 7.322523e+00 -5.288755e-04 9.999992e-01 1.186453e-03 -7.941276e-01 2.723094e-02 -1.171615e-03 9.996285e-01 1.537437e+01
9.997024e-01 -4.878392e-04 2.438590e-02 7.346200e+00 5.146523e-04 9.999993e-01 -1.093023e-03 -8.008183e-01 -2.438526e-02 1.105244e-03 9.997020e-01 1.549994e+01
9.999100e-01 3.402051e-04 -1.340956e-02 7.389863e+00 -3.308381e-04 9.999997e-01 7.002907e-04 -8.061638e-01 1.340988e-02 -6.957950e-04 9.999098e-01 1.560624e+01
9.996109e-01 -6.333964e-04 2.788419e-02 7.439646e+00 6.663674e-04 9.999991e-01 -1.172931e-03 -8.117985e-01 -2.788333e-02 1.191052e-03 9.996104e-01 1.573235e+01
9.997600e-01 5.464355e-04 -2.189667e-02 7.479543e+00 -5.249108e-04 9.999994e-01 9.884616e-04 -8.174840e-01 2.189729e-02 -9.767344e-04 9.997597e-01 1.582963e+01
9.998150e-01 -5.025538e-04 1.922677e-02 7.496232e+00 5.198263e-04 9.999995e-01 -8.930518e-04 -8.237043e-01 -1.922622e-02 9.028774e-04 9.998147e-01 1.594023e+01
9.997826e-01 5.477769e-04 -2.084227e-02 7.502084e+00 -5.286894e-04 9.999994e-01 9.210047e-04 -8.293038e-01 2.084285e-02 -9.097891e-04 9.997823e-01 1.602715e+01
9.998645e-01 -4.943532e-04 1.644911e-02 7.510812e+00 5.071206e-04 9.999996e-01 -7.716422e-04 -8.351293e-01 -1.644863e-02 7.798756e-04 9.998644e-01 1.612043e+01
9.998077e-01 5.159002e-04 -1.960177e-02 7.523009e+00 -4.989559e-04 9.999995e-01 8.689868e-04 -8.419326e-01 1.960229e-02 -8.590430e-04 9.998075e-01 1.625684e+01
9.998605e-01 -4.724543e-04 1.669004e-02 7.531860e+00 4.854791e-04 9.999996e-01 -7.759821e-04 -8.478277e-01 -1.668958e-02 7.839727e-04 9.998604e-01 1.635647e+01
9.998924e-01 4.540699e-04 -1.465675e-02 7.533576e+00 -4.442423e-04 9.999997e-01 6.733411e-04 -8.527224e-01 1.465714e-02 -6.667613e-04 9.998923e-01 1.643778e+01
9.998119e-01 -4.760991e-04 1.938394e-02 7.542548e+00 4.927668e-04 9.999995e-01 -8.547889e-04 -8.572043e-01 -1.938344e-02 8.641761e-04 9.998117e-01 1.650169e+01
9.999355e-01 3.452643e-04 -1.134190e-02 7.560220e+00 -3.389267e-04 9.999998e-01 5.601438e-04 -8.616841e-01 1.134218e-02 -5.562674e-04 9.999355e-01 1.657796e+01
9.998414e-01 -5.343260e-04 1.779870e-02 7.607741e+00 5.486142e-04 9.999995e-01 -7.975434e-04 -8.705375e-01 -1.779818e-02 8.071777e-04 9.998412e-01 1.683169e+01
9.998983e-01 4.629658e-04 -1.424897e-02 7.648582e+00 -4.540895e-04 9.999997e-01 6.257282e-04 -8.786802e-01 1.424935e-02 -6.191980e-04 9.998983e-01 1.703734e+01
9.999039e-01 -4.453969e-04 1.384835e-02 7.629662e+00 4.539173e-04 9.999997e-01 -6.116754e-04 -8.815372e-01 -1.384799e-02 6.178988e-04 9.999039e-01 1.703188e+01
9.999307e-01 3.978118e-04 -1.175875e-02 7.615773e+00 -3.917090e-04 9.999998e-01 5.207639e-04 -8.855888e-01 1.175904e-02 -5.161255e-04 9.999307e-01 1.709554e+01
9.998322e-01 -4.594263e-04 1.830667e-02 7.626772e+00 4.737578e-04 9.999996e-01 -7.781871e-04 -8.906388e-01 -1.830621e-02 7.867257e-04 9.998321e-01 1.719609e+01
9.999934e-01 1.813442e-04 -3.610120e-03 7.672292e+00 -1.803858e-04 9.999999e-01 2.640192e-04 -8.967146e-01 3.610255e-03 -2.633700e-04 9.999934e-01 1.734666e+01
9.999742e-01 -2.568980e-04 7.174132e-03 7.685742e+00 2.599113e-04 9.999999e-01 -4.182008e-04 -9.029752e-01 -7.173937e-03 4.200509e-04 9.999742e-01 1.749488e+01
9.999954e-01 1.691218e-04 -3.002753e-03 7.712896e+00 -1.683895e-04 1.000000e+00 2.419805e-04 -9.099240e-01 3.002881e-03 -2.414775e-04 9.999954e-01 1.766359e+01
9.999240e-01 -3.192562e-04 1.231649e-02 7.756427e+00 3.268523e-04 9.999998e-01 -6.142110e-04 -9.166403e-01 -1.231620e-02 6.181863e-04 9.999239e-01 1.782926e+01
9.999516e-01 2.439964e-04 -9.823824e-03 7.762047e+00 -2.390585e-04 9.999998e-01 5.031516e-04 -9.227347e-01 9.824032e-03 -5.007825e-04 9.999516e-01 1.797667e+01
9.999653e-01 -2.622264e-04 8.319301e-03 7.770885e+00 2.662034e-04 9.999999e-01 -4.761692e-04 -9.297364e-01 -8.319089e-03 4.783636e-04 9.999653e-01 1.813150e+01
9.998863e-01 3.523064e-04 -1.506784e-02 7.783571e+00 -3.412709e-04 9.999997e-01 7.345176e-04 -9.367225e-01 1.506818e-02 -7.292956e-04 9.998862e-01 1.827069e+01
9.998983e-01 -3.824469e-04 1.425254e-02 7.798683e+00 3.926713e-04 9.999997e-01 -7.141322e-04 -9.440763e-01 -1.425218e-02 7.196524e-04 9.998981e-01 1.844085e+01
9.999391e-01 3.245859e-04 -1.102274e-02 7.817643e+00 -3.182229e-04 9.999998e-01 5.784192e-04 -9.504054e-01 1.102301e-02 -5.748800e-04 9.999391e-01 1.858382e+01
9.999448e-01 -3.423673e-04 1.049253e-02 7.801451e+00 3.484863e-04 9.999998e-01 -5.807436e-04 -9.550104e-01 -1.049224e-02 5.843644e-04 9.999448e-01 1.866377e+01
9.999837e-01 1.914201e-04 -5.690736e-03 7.855968e+00 -1.892187e-04 9.999999e-01 3.862346e-04 -9.637269e-01 5.690896e-03 -3.851552e-04 9.999837e-01 1.890097e+01
9.999432e-01 -3.127846e-04 1.064811e-02 7.918834e+00 3.190861e-04 9.999998e-01 -5.894903e-04 -9.725838e-01 -1.064783e-02 5.928507e-04 9.999431e-01 1.913328e+01
9.999349e-01 2.812995e-04 -1.140414e-02 7.942342e+00 -2.745391e-04 9.999998e-01 5.937889e-04 -9.797005e-01 1.140439e-02 -5.906231e-04 9.999348e-01 1.929057e+01
9.999712e-01 -2.068899e-04 7.578154e-03 7.987622e+00 2.105358e-04 9.999999e-01 -4.794598e-04 -9.850477e-01 -7.577968e-03 4.810378e-04 9.999711e-01 1.933521e+01
9.999327e-01 2.709622e-04 -1.158986e-02 8.048756e+00 -2.638057e-04 9.999998e-01 6.184403e-04 -9.915022e-01 1.159011e-02 -6.153449e-04 9.999326e-01 1.941799e+01
9.999242e-01 -3.282747e-04 1.230572e-02 8.095914e+00 3.365743e-04 9.999997e-01 -6.718551e-04 -9.991596e-01 -1.230541e-02 6.759422e-04 9.999240e-01 1.958559e+01
9.998941e-01 3.653862e-04 -1.454049e-02 8.161824e+00 -3.549157e-04 9.999997e-01 7.222168e-04 -1.005553e+00 1.454084e-02 -7.169834e-04 9.998940e-01 1.966093e+01
9.999260e-01 -3.117747e-04 1.215457e-02 8.277723e+00 3.198852e-04 9.999997e-01 -6.648064e-04 -1.009441e+00 -1.215427e-02 6.686415e-04 9.999259e-01 1.959814e+01
9.999012e-01 3.823982e-04 -1.404501e-02 8.423317e+00 -3.725565e-04 9.999997e-01 7.028712e-04 -1.010792e+00 1.404536e-02 -6.975730e-04 9.999011e-01 1.940288e+01
9.999306e-01 -3.027709e-04 1.177031e-02 8.617421e+00 3.103487e-04 9.999997e-01 -6.414387e-04 -1.009583e+00 -1.177003e-02 6.450434e-04 9.999305e-01 1.906696e+01
9.999071e-01 4.126522e-04 -1.361556e-02 8.861857e+00 -4.032685e-04 9.999997e-01 6.914474e-04 -1.005397e+00 1.361593e-02 -6.858962e-04 9.999070e-01 1.856415e+01
9.999371e-01 -2.571556e-04 1.120815e-02 9.103827e+00 2.640381e-04 9.999998e-01 -6.120153e-04 -9.990735e-01 -1.120790e-02 6.149324e-04 9.999370e-01 1.796264e+01
9.999045e-01 4.060268e-04 -1.380847e-02 9.340135e+00 -3.963927e-04 9.999997e-01 6.999546e-04 -9.930191e-01 1.380883e-02 -6.944180e-04 9.999044e-01 1.737727e+01
9.999586e-01 -2.702581e-04 9.082482e-03 9.577970e+00 2.749420e-04 9.999998e-01 -5.137641e-04 -9.880702e-01 -9.082255e-03 5.162362e-04 9.999586e-01 1.684533e+01
9.999138e-01 3.791285e-04 -1.311490e-02 9.840500e+00 -3.700132e-04 9.999997e-01 6.969566e-04 -9.838906e-01 1.311525e-02 -6.920476e-04 9.999137e-01 1.634623e+01
9.999244e-01 -3.083917e-04 1.228872e-02 1.003792e+01 3.170216e-04 9.999997e-01 -6.998017e-04 -9.823389e-01 -1.228841e-02 7.036408e-04 9.999242e-01 1.599083e+01
9.999134e-01 3.790105e-04 -1.315229e-02 1.022258e+01 -3.698015e-04 9.999997e-01 7.021198e-04 -9.815753e-01 1.315264e-02 -6.971990e-04 9.999132e-01 1.567623e+01
9.999264e-01 -2.998777e-04 1.212266e-02 1.040790e+01 3.083874e-04 9.999997e-01 -6.995826e-04 -9.807854e-01 -1.212236e-02 7.032658e-04 9.999262e-01 1.536274e+01
9.999136e-01 3.447794e-04 -1.313814e-02 1.058315e+01 -3.353847e-04 9.999997e-01 7.167790e-04 -9.832180e-01 1.313847e-02 -7.123144e-04 9.999134e-01 1.520487e+01
9.999142e-01 -3.210614e-04 1.308912e-02 1.069466e+01 3.309329e-04 9.999997e-01 -7.515363e-04 -9.859625e-01 -1.308879e-02 7.557997e-04 9.999140e-01 1.510086e+01
9.999147e-01 3.572759e-04 -1.304810e-02 1.078748e+01 -3.476578e-04 9.999997e-01 7.388984e-04 -9.863499e-01 1.304845e-02 -7.343029e-04 9.999146e-01 1.490122e+01
9.999516e-01 -2.254056e-04 9.829968e-03 1.097867e+01 2.306743e-04 9.999998e-01 -5.342162e-04 -9.906786e-01 -9.829758e-03 5.364541e-04 9.999515e-01 1.482461e+01
9.998886e-01 3.743367e-04 -1.491514e-02 1.119993e+01 -3.617246e-04 9.999996e-01 8.478525e-04 -9.947538e-01 1.491554e-02 -8.423667e-04 9.998884e-01 1.474479e+01
9.999253e-01 -3.404514e-04 1.221043e-02 1.145122e+01 3.491157e-04 9.999997e-01 -7.069475e-04 -9.949876e-01 -1.221010e-02 7.111538e-04 9.999252e-01 1.445368e+01
9.998654e-01 4.792323e-04 -1.639577e-02 1.173631e+01 -4.633514e-04 9.999994e-01 9.719974e-04 -9.929527e-01 1.639632e-02 -9.642734e-04 9.998651e-01 1.405277e+01
9.999233e-01 -3.041120e-04 1.237700e-02 1.202881e+01 3.124099e-04 9.999997e-01 -6.680014e-04 -9.948380e-01 -1.237670e-02 6.718130e-04 9.999232e-01 1.383852e+01
9.999050e-01 4.026882e-04 -1.377571e-02 1.224665e+01 -3.914339e-04 9.999996e-01 8.192018e-04 -1.000646e+00 1.377613e-02 -8.137354e-04 9.999047e-01 1.383765e+01
9.999056e-01 -4.084212e-04 1.372578e-02 1.250202e+01 4.180700e-04 9.999997e-01 -6.996612e-04 -1.007461e+00 -1.372540e-02 7.053297e-04 9.999055e-01 1.387226e+01
9.999043e-01 3.995209e-04 -1.382399e-02 1.277621e+01 -3.876165e-04 9.999996e-01 8.633611e-04 -1.016426e+00 1.382442e-02 -8.579238e-04 9.999040e-01 1.400718e+01
9.999145e-01 -4.391877e-04 1.306105e-02 1.299448e+01 4.481248e-04 9.999997e-01 -6.808684e-04 -1.026395e+00 -1.306066e-02 6.866594e-04 9.999144e-01 1.420738e+01
9.998377e-01 4.986127e-04 -1.800228e-02 1.324445e+01 -4.785892e-04 9.999993e-01 1.116218e-03 -1.036897e+00 1.800291e-02 -1.107425e-03 9.998373e-01 1.441281e+01
9.997827e-01 -5.668497e-04 2.083352e-02 1.359868e+01 5.873358e-04 9.999994e-01 -9.769267e-04 -1.046102e+00 -2.083286e-02 9.889470e-04 9.997825e-01 1.454417e+01
9.996077e-01 6.967967e-04 -2.799695e-02 1.389417e+01 -6.497950e-04 9.999984e-01 1.687655e-03 -1.058414e+00 2.799817e-02 -1.668804e-03 9.996066e-01 1.480994e+01
9.997101e-01 -6.377311e-04 2.406542e-02 1.408974e+01 6.698186e-04 9.999989e-01 -1.325062e-03 -1.068908e+00 -2.406446e-02 1.340794e-03 9.997095e-01 1.503578e+01
9.997597e-01 5.167467e-04 -2.191093e-02 1.428524e+01 -4.865546e-04 9.999989e-01 1.382972e-03 -1.079568e+00 2.191171e-02 -1.371982e-03 9.997589e-01 1.528446e+01
9.999107e-01 -4.155099e-04 1.335395e-02 1.447946e+01 4.249150e-04 9.999997e-01 -7.010090e-04 -1.091866e+00 -1.335356e-02 7.066169e-04 9.999106e-01 1.557607e+01
9.998927e-01 3.863199e-04 -1.464182e-02 1.462921e+01 -3.735171e-04 9.999995e-01 8.767075e-04 -1.102098e+00 1.464224e-02 -8.711482e-04 9.998924e-01 1.580732e+01
9.996873e-01 -5.590053e-04 2.499870e-02 1.479077e+01 5.902669e-04 9.999991e-01 -1.242925e-03 -1.109969e+00 -2.499790e-02 1.257289e-03 9.996867e-01 1.597578e+01
9.997658e-01 4.443544e-04 -2.163324e-02 1.501754e+01 -4.164362e-04 9.999991e-01 1.294725e-03 -1.120065e+00 2.163389e-02 -1.285417e-03 9.997651e-01 1.619421e+01
9.996854e-01 -4.857031e-04 2.507571e-02 1.528319e+01 5.178590e-04 9.999991e-01 -1.275637e-03 -1.128371e+00 -2.507498e-02 1.288218e-03 9.996847e-01 1.631411e+01
9.997900e-01 4.258051e-04 -2.048318e-02 1.554698e+01 -4.004952e-04 9.999992e-01 1.239425e-03 -1.136566e+00 2.048378e-02 -1.230965e-03 9.997894e-01 1.643858e+01
9.991910e-01 -9.147958e-04 4.020488e-02 1.582967e+01 9.902278e-04 9.999978e-01 -1.856164e-03 -1.146818e+00 -4.020301e-02 1.894470e-03 9.991897e-01 1.672067e+01
9.997258e-01 4.553054e-04 -2.340901e-02 1.614173e+01 -4.214973e-04 9.999989e-01 1.448875e-03 -1.159154e+00 2.340973e-02 -1.438615e-03 9.997249e-01 1.706993e+01
9.989910e-01 -9.248402e-04 4.489907e-02 1.639521e+01 1.022531e-03 9.999972e-01 -2.152718e-03 -1.169621e+00 -4.489687e-02 2.196453e-03 9.989892e-01 1.738166e+01
9.993338e-01 6.842113e-04 -3.648747e-02 1.666287e+01 -6.084285e-04 9.999976e-01 2.087836e-03 -1.181785e+00 3.648890e-02 -2.064249e-03 9.993319e-01 1.770297e+01
9.993932e-01 -6.833814e-04 3.482264e-02 1.693065e+01 7.455400e-04 9.999982e-01 -1.771870e-03 -1.193248e+00 -3.482128e-02 1.796753e-03 9.993919e-01 1.795524e+01
9.995563e-01 5.473653e-04 -2.977688e-02 1.721089e+01 -4.950959e-04 9.999983e-01 1.762490e-03 -1.203329e+00 2.977788e-02 -1.746970e-03 9.995550e-01 1.815970e+01
9.992622e-01 -8.040072e-04 3.839638e-02 1.751934e+01 8.768559e-04 9.999978e-01 -1.880312e-03 -1.214281e+00 -3.839470e-02 1.912589e-03 9.992608e-01 1.841165e+01
9.995613e-01 5.894052e-04 -2.960929e-02 1.779807e+01 -5.383016e-04 9.999984e-01 1.733645e-03 -1.225112e+00 2.961035e-02 -1.716950e-03 9.995600e-01 1.867015e+01
9.994624e-01 -6.813532e-04 3.277646e-02 1.817882e+01 7.317181e-04 9.999986e-01 -1.524453e-03 -1.235492e+00 -3.277529e-02 1.547613e-03 9.994615e-01 1.884880e+01
9.996300e-01 6.430013e-04 -2.718859e-02 1.864181e+01 -5.974806e-04 9.999984e-01 1.682100e-03 -1.245084e+00 2.718972e-02 -1.665237e-03 9.996289e-01 1.897823e+01
9.995020e-01 -6.892309e-04 3.154554e-02 1.901681e+01 7.381116e-04 9.999985e-01 -1.537705e-03 -1.254806e+00 -3.154435e-02 1.560219e-03 9.995011e-01 1.913700e+01
9.995534e-01 7.073785e-04 -2.987284e-02 1.936596e+01 -6.549948e-04 9.999982e-01 1.763079e-03 -1.264093e+00 2.987412e-02 -1.742729e-03 9.995521e-01 1.927501e+01
9.995772e-01 -7.013032e-04 2.906516e-02 1.972861e+01 7.481280e-04 9.999984e-01 -1.599962e-03 -1.271968e+00 -2.906391e-02 1.621027e-03 9.995762e-01 1.930491e+01
9.994341e-01 7.185823e-04 -3.362611e-02 2.007816e+01 -6.520209e-04 9.999978e-01 1.990179e-03 -1.281714e+00 3.362755e-02 -1.967131e-03 9.994325e-01 1.940872e+01
9.996815e-01 -7.264070e-04 2.522376e-02 2.040263e+01 7.581135e-04 9.999989e-01 -1.247215e-03 -1.295296e+00 -2.522275e-02 1.265936e-03 9.996810e-01 1.970518e+01
9.993652e-01 6.972990e-04 -3.561709e-02 2.072530e+01 -6.199855e-04 9.999974e-01 2.181496e-03 -1.310757e+00 3.561860e-02 -2.158032e-03 9.993631e-01 2.008441e+01
9.996962e-01 -7.731367e-04 2.463320e-02 2.102894e+01 8.034131e-04 9.999989e-01 -1.218958e-03 -1.327108e+00 -2.463215e-02 1.238375e-03 9.996958e-01 2.050595e+01
9.993621e-01 6.268384e-04 -3.570578e-02 2.137907e+01 -5.473975e-04 9.999974e-01 2.234426e-03 -1.344293e+00 3.570717e-02 -2.213460e-03 9.993598e-01 2.094828e+01
9.995973e-01 -7.111246e-04 2.836638e-02 2.161446e+01 7.592376e-04 9.999983e-01 -1.685173e-03 -1.358115e+00 -2.836504e-02 1.706027e-03 9.995961e-01 2.126499e+01
9.993966e-01 7.060217e-04 -3.472515e-02 2.179620e+01 -6.300141e-04 9.999974e-01 2.199540e-03 -1.370031e+00 3.472670e-02 -2.176339e-03 9.993945e-01 2.153930e+01
