9.999985e-01 7.456822e-06 -1.754640e-03 -8.760642e-02 -7.394884e-06 1.000000e+00 3.529572e-05 7.741526e-05 1.754641e-03 -3.528221e-05 9.999984e-01 7.277311e-02
9.999997e-01 -3.361374e-05 7.958773e-04 -3.093135e-02 3.356136e-05 1.000000e+00 6.584625e-05 -2.442825e-02 -7.958797e-04 -6.581903e-05 9.999996e-01 9.369427e-01
9.999924e-01 8.068890e-05 -3.888661e-03 -2.557187e-02 -8.030612e-05 1.000000e+00 9.858712e-05 -4.407991e-02 3.888668e-03 -9.827358e-05 9.999923e-01 1.668724e+00
9.998877e-01 4.215464e-04 -1.498100e-02 -1.122433e-02 -4.116529e-04 9.999997e-01 6.634824e-04 -5.861758e-02 1.498127e-02 -6.572403e-04 9.998875e-01 2.188845e+00
9.999985e-01 1.154418e-05 -1.713287e-03 -2.333669e-02 -1.151319e-05 1.000000e+00 1.807560e-05 -7.562121e-02 1.713283e-03 -1.805520e-05 9.999984e-01 2.839971e+00
9.997818e-01 6.150171e-04 -2.087856e-02 -1.188497e-01 -5.968814e-04 9.999994e-01 8.748449e-04 -8.323401e-02 2.087908e-02 -8.621913e-04 9.997815e-01 3.274350e+00
9.999428e-01 -3.416735e-04 1.068794e-02 -3.089384e-01 3.470938e-04 9.999998e-01 -5.052868e-04 -7.896774e-02 -1.068778e-02 5.089684e-04 9.999427e-01 3.346676e+00
9.998776e-01 4.627889e-04 -1.563877e-02 -4.398738e-01 -4.524083e-04 9.999997e-01 6.673067e-04 -8.640344e-02 1.563906e-02 -6.601492e-04 9.998774e-01 3.787488e+00
9.999885e-01 8.753307e-05 -4.797775e-03 -5.077812e-01 -8.681345e-05 1.000000e+00 1.501863e-04 -1.002820e-01 4.797778e-03 -1.497672e-04 9.999884e-01 4.400664e+00
9.997470e-01 6.663407e-04 -2.248158e-02 -5.618625e-01 -6.456511e-04 9.999994e-01 9.275369e-04 -1.115483e-01 2.248217e-02 -9.127861e-04 9.997467e-01 4.893190e+00
9.998262e-01 -5.765507e-04 1.863266e-02 -7.060326e-01 5.916871e-04 9.999995e-01 -8.068494e-04 -1.166465e-01 -1.863220e-02 8.177349e-04 9.998260e-01 5.251045e+00
9.998273e-01 5.413049e-04 -1.857734e-02 -9.146413e-01 -5.272432e-04 9.999996e-01 7.618148e-04 -1.106926e-01 1.857773e-02 -7.518875e-04 9.998270e-01 5.257714e+00
9.999627e-01 -2.833102e-04 8.630673e-03 -1.107180e+00 2.869336e-04 9.999999e-01 -4.185827e-04 -1.132492e-01 -8.630567e-03 4.210445e-04 9.999626e-01 5.579561e+00
9.999091e-01 3.860681e-04 -1.347691e-02 -1.181658e+00 -3.776170e-04 9.999997e-01 6.296076e-04 -1.341164e-01 1.347713e-02 -6.244603e-04 9.999089e-01 6.495854e+00
9.999623e-01 1.944929e-04 -8.683327e-03 -1.234556e+00 -1.921136e-04 9.999999e-01 2.748317e-04 -1.498913e-01 8.683363e-03 -2.731520e-04 9.999622e-01 7.149278e+00
9.998797e-01 4.707928e-04 -1.550430e-02 -1.199805e+00 -4.609809e-04 9.999997e-01 6.364071e-04 -1.510311e-01 1.550458e-02 -6.291822e-04 9.998795e-01 7.126199e+00
9.999931e-01 1.204016e-05 -3.726602e-03 -1.162117e+00 -1.167259e-05 1.000000e+00 9.861538e-05 -1.474280e-01 3.726582e-03 -9.856994e-05 9.999930e-01 6.884920e+00
9.997476e-01 6.804052e-04 -2.245399e-02 -1.055322e+00 -6.602803e-04 9.999994e-01 9.036669e-04 -1.466004e-01 2.245457e-02 -8.886116e-04 9.997474e-01 6.669654e+00
9.999985e-01 -4.981124e-05 -1.730545e-03 -9.694659e-01 4.987344e-05 1.000000e+00 3.578257e-05 -1.473837e-01 1.730518e-03 -3.586739e-05 9.999984e-01 6.539398e+00
9.992806e-01 1.159731e-03 -3.790673e-02 -1.020299e+00 -1.102902e-03 9.999982e-01 1.520048e-03 -1.462836e-01 3.790839e-02 -1.477145e-03 9.992800e-01 6.534771e+00
9.995220e-01 -9.590751e-04 3.089993e-02 -1.069172e+00 9.985081e-04 9.999987e-01 -1.260734e-03 -1.429375e-01 -3.089871e-02 1.290987e-03 9.995216e-01 6.448008e+00
9.992717e-01 1.168133e-03 -3.814142e-02 -1.184654e+00 -1.110023e-03 9.999982e-01 1.544674e-03 -1.397081e-01 3.814313e-02 -1.501209e-03 9.992711e-01 6.447095e+00
9.997352e-01 -7.342164e-04 2.300088e-02 -1.304435e+00 7.568257e-04 9.999992e-01 -9.742704e-04 -1.431744e-01 -2.300018e-02 9.914217e-04 9.997349e-01 6.717311e+00
9.989071e-01 1.403737e-03 -4.671784e-02 -1.286491e+00 -1.315741e-03 9.999973e-01 1.914259e-03 -1.500080e-01 4.672036e-02 -1.850697e-03 9.989062e-01 6.902772e+00
9.999191e-01 -4.411997e-04 1.271497e-02 -1.243936e+00 4.486734e-04 9.999997e-01 -5.849123e-04 -1.560511e-01 -1.271474e-02 5.905716e-04 9.999189e-01 7.032508e+00
9.994071e-01 1.045650e-03 -3.441513e-02 -1.258327e+00 -9.974472e-04 9.999985e-01 1.417757e-03 -1.701488e-01 3.441652e-02 -1.382588e-03 9.994065e-01 7.579061e+00
9.995712e-01 -9.144970e-04 2.926870e-02 -1.279181e+00 9.492610e-04 9.999989e-01 -1.173866e-03 -1.905817e-01 -2.926763e-02 1.201148e-03 9.995708e-01 8.382587e+00
9.995318e-01 9.390423e-04 -3.058381e-02 -7.952704e-01 -9.007758e-04 9.999988e-01 1.264943e-03 -2.064452e-01 3.058492e-02 -1.236800e-03 9.995313e-01 8.290129e+00
9.995449e-01 -9.333812e-04 3.015039e-02 -2.692713e-01 9.705710e-04 9.999988e-01 -1.218849e-03 -2.167245e-01 -3.014925e-02 1.247559e-03 9.995445e-01 7.955564e+00
9.995689e-01 8.668183e-04 -2.934718e-02 -7.931816e-01 -8.338571e-04 9.999990e-01 1.135353e-03 -1.796509e-01 2.934810e-02 -1.110390e-03 9.995685e-01 7.123274e+00
9.995424e-01 -9.445786e-04 3.023461e-02 -1.361148e+00 9.819643e-04 9.999988e-01 -1.221679e-03 -1.346587e-01 -3.023346e-02 1.250811e-03 9.995420e-01 6.041578e+00
9.995532e-01 8.830961e-04 -2.987501e-02 -1.875841e+00 -8.486968e-04 9.999990e-01 1.164089e-03 -9.176536e-02 2.987596e-02 -1.138212e-03 9.995529e-01 4.969448e+00
9.995748e-01 -8.970744e-04 2.914405e-02 -2.303602e+00 9.319975e-04 9.999989e-01 -1.184715e-03 -5.971230e-02 -2.914299e-02 1.211375e-03 9.995744e-01 4.204550e+00
9.995704e-01 8.683649e-04 -2.929452e-02 -2.745028e+00 -8.354097e-04 9.999990e-01 1.137172e-03 -3.146245e-02 2.929544e-02 -1.112209e-03 9.995701e-01 3.611728e+00
9.995689e-01 -9.108402e-04 2.934473e-02 -3.276994e+00 9.463518e-04 9.999988e-01 -1.196272e-03 7.554859e-03 -2.934364e-02 1.223528e-03 9.995685e-01 2.707578e+00
9.995647e-01 8.603311e-04 -2.949110e-02 -3.811140e+00 -8.266024e-04 9.999990e-01 1.155850e-03 5.343080e-02 2.949202e-02 -1.130968e-03 9.995643e-01 1.540931e+00
9.995662e-01 -9.174946e-04 2.943851e-02 -4.421436e+00 9.533811e-04 9.999988e-01 -1.205003e-03 1.067147e-01 -2.943741e-02 1.232548e-03 9.995658e-01 1.817152e-01
9.995594e-01 8.754581e-04 -2.966905e-02 -4.996281e+00 -8.414020e-04 9.999990e-01 1.160316e-03 1.517943e-01 2.967000e-02 -1.134840e-03 9.995590e-01 -9.052691e-01
9.995805e-01 -8.836535e-04 2.894718e-02 -5.495291e+00 9.186143e-04 9.999989e-01 -1.194451e-03 1.828986e-01 -2.894613e-02 1.220543e-03 9.995801e-01 -1.539345e+00
9.995873e-01 8.524627e-04 -2.871471e-02 -6.130106e+00 -8.209826e-04 9.999990e-01 1.108062e-03 2.147059e-01 2.871558e-02 -1.084029e-03 9.995869e-01 -2.006197e+00
9.995698e-01 -8.821775e-04 2.931768e-02 -6.819363e+00 9.180473e-04 9.999988e-01 -1.210033e-03 2.423099e-01 -2.931662e-02 1.236430e-03 9.995693e-01 -2.211921e+00
9.995957e-01 8.400082e-04 -2.842132e-02 -7.219772e+00 -8.076529e-04 9.999990e-01 1.149865e-03 2.522282e-01 2.842222e-02 -1.126443e-03 9.995953e-01 -2.070548e+00
9.994605e-01 -9.577983e-04 3.283057e-02 -7.662631e+00 1.001499e-03 9.999986e-01 -1.314677e-03 2.575170e-01 -3.282931e-02 1.346849e-03 9.994600e-01 -1.686467e+00
9.997042e-01 7.095979e-04 -2.431218e-02 -8.020733e+00 -6.851384e-04 9.999993e-01 1.014360e-03 2.640268e-01 2.431284e-02 -9.974009e-04 9.997038e-01 -1.442799e+00
9.992841e-01 -1.038883e-03 3.781806e-02 -8.302985e+00 1.094631e-03 9.999983e-01 -1.453418e-03 2.622985e-01 -3.781652e-02 1.493776e-03 9.992835e-01 -9.694953e-01
9.993896e-01 9.831352e-04 -3.492011e-02 -8.504386e+00 -9.352457e-04 9.999986e-01 1.387701e-03 2.529752e-01 3.492139e-02 -1.354193e-03 9.993890e-01 -3.197717e-01
9.994414e-01 -9.267970e-04 3.340704e-02 -8.831729e+00 9.731050e-04 9.999986e-01 -1.369930e-03 2.623079e-01 -3.340576e-02 1.401675e-03 9.994408e-01 -2.825523e-01
9.991141e-01 1.162838e-03 -4.206838e-02 -9.218344e+00 -1.093566e-03 9.999980e-01 1.669600e-03 2.889492e-01 4.207020e-02 -1.622114e-03 9.991132e-01 -8.739756e-01
9.995797e-01 -8.087244e-04 2.897994e-02 -9.641407e+00 8.437047e-04 9.999989e-01 -1.194830e-03 3.195585e-01 -2.897898e-02 1.218780e-03 9.995792e-01 -1.564356e+00
9.989040e-01 1.298022e-03 -4.678841e-02 -9.987619e+00 -1.210544e-03 9.999975e-01 1.897923e-03 3.453665e-01 4.679071e-02 -1.839202e-03 9.989029e-01 -2.164576e+00
9.995397e-01 -8.320604e-04 3.032618e-02 -1.023175e+01 8.709517e-04 9.999988e-01 -1.269227e-03 3.622677e-01 -3.032513e-02 1.295058e-03 9.995392e-01 -2.554813e+00
9.982978e-01 1.649783e-03 -5.829937e-02 -1.035709e+01 -1.512224e-03 9.999960e-01 2.403554e-03 3.687954e-01 5.830305e-02 -2.311299e-03 9.982962e-01 -2.696267e+00
9.994325e-01 -8.940159e-04 3.367166e-02 -1.041480e+01 9.429765e-04 9.999985e-01 -1.438191e-03 3.631154e-01 -3.367037e-02 1.469128e-03 9.994318e-01 -2.439430e+00
9.981114e-01 1.721168e-03 -6.140550e-02 -1.050085e+01 -1.566362e-03 9.999955e-01 2.569083e-03 3.626283e-01 6.140959e-02 -2.468046e-03 9.981095e-01 -2.362967e+00
9.999734e-01 -1.421169e-04 7.297383e-03 -1.058013e+01 1.451184e-04 9.999999e-01 -4.106830e-04 3.613916e-01 -7.297378e-03 4.117333e-04 9.999732e-01 -2.227503e+00
9.982529e-01 1.622641e-03 -5.906384e-02 -1.062715e+01 -1.479081e-03 9.999958e-01 2.474209e-03 3.585348e-01 5.906755e-02 -2.382524e-03 9.982511e-01 -2.088293e+00
9.999588e-01 -1.824157e-04 9.070898e-03 -1.061142e+01 1.868507e-04 9.999999e-01 -4.879794e-04 3.544376e-01 -9.070871e-03 4.896567e-04 9.999587e-01 -1.981437e+00
9.980813e-01 1.691482e-03 -6.189321e-02 -1.065978e+01 -1.534194e-03 9.999955e-01 2.588699e-03 3.524439e-01 6.189724e-02 -2.488774e-03 9.980793e-01 -1.877519e+00
9.999893e-01 -3.644444e-05 4.620937e-03 -1.073238e+01 3.787386e-05 1.000000e+00 -3.089970e-04 3.501693e-01 -4.620997e-03 3.091714e-04 9.999892e-01 -1.718230e+00
9.982024e-01 1.628721e-03 -5.991097e-02 -1.078785e+01 -1.480954e-03 9.999958e-01 2.510739e-03 3.463266e-01 5.991473e-02 -2.417498e-03 9.982005e-01 -1.523535e+00
9.999899e-01 -3.023632e-05 4.481680e-03 -1.085288e+01 3.158925e-05 1.000000e+00 -3.014902e-04 3.430140e-01 -4.481749e-03 3.016316e-04 9.999898e-01 -1.336428e+00
9.978559e-01 1.786132e-03 -6.542514e-02 -1.090933e+01 -1.611067e-03 9.999950e-01 2.728443e-03 3.394691e-01 6.542960e-02 -2.617185e-03 9.978537e-01 -1.153105e+00
9.999598e-01 -1.369627e-04 8.961475e-03 -1.094819e+01 1.411880e-04 9.999999e-01 -4.706692e-04 3.359552e-01 -8.961495e-03 4.719186e-04 9.999597e-01 -9.896480e-01
9.978182e-01 1.786630e-03 -6.599725e-02 -1.099170e+01 -1.608609e-03 9.999949e-01 2.750417e-03 3.323573e-01 6.600174e-02 -2.638250e-03 9.978159e-01 -8.239583e-01
9.999863e-01 -1.394037e-05 5.226390e-03 -1.107514e+01 1.564642e-05 9.999999e-01 -3.260039e-04 3.301656e-01 -5.226476e-03 3.260843e-04 9.999862e-01 -6.474788e-01
9.982001e-01 1.598901e-03 -5.994944e-02 -1.113534e+01 -1.451681e-03 9.999958e-01 2.499189e-03 3.264720e-01 5.995310e-02 -2.407660e-03 9.981982e-01 -4.430647e-01
9.999944e-01 3.165960e-05 3.350878e-03 -1.119651e+01 -3.082251e-05 1.000000e+00 -2.491800e-04 3.241184e-01 -3.350981e-03 2.490785e-04 9.999943e-01 -2.969579e-01
9.983932e-01 1.493826e-03 -5.664555e-02 -1.124279e+01 -1.362804e-03 9.999963e-01 2.351546e-03 3.229449e-01 5.664875e-02 -2.270567e-03 9.983915e-01 -2.143068e-01
9.999769e-01 -6.064290e-05 6.790890e-03 -1.129980e+01 6.324751e-05 9.999999e-01 -3.829546e-04 3.230192e-01 -6.790964e-03 3.833784e-04 9.999768e-01 -1.672692e-01
9.985429e-01 1.405546e-03 -5.394396e-02 -1.135258e+01 -1.286559e-03 9.999967e-01 2.240372e-03 3.227701e-01 5.394683e-02 -2.167703e-03 9.985414e-01 -1.152689e-01
9.999960e-01 6.207818e-05 2.797262e-03 -1.141560e+01 -6.146290e-05 1.000000e+00 -2.190557e-04 3.217049e-01 -2.797374e-03 2.188859e-04 9.999960e-01 -1.560131e-02
9.989734e-01 1.164614e-03 -4.528436e-02 -1.150145e+01 -1.079657e-03 9.999976e-01 1.900433e-03 3.181894e-01 4.528637e-02 -1.849588e-03 9.989723e-01 2.294803e-01
9.998152e-01 -4.068162e-04 1.921715e-02 -1.158923e+01 4.231420e-04 9.999996e-01 -8.453313e-04 3.088603e-01 -1.921689e-02 8.533097e-04 9.998149e-01 6.821876e-01
9.985637e-01 1.420573e-03 -5.355806e-02 -1.165646e+01 -1.303349e-03 9.999967e-01 2.223531e-03 2.999669e-01 5.356094e-02 -2.150529e-03 9.985622e-01 1.104768e+00
9.985119e-01 -1.309766e-03 5.451817e-02 -1.170455e+01 1.428904e-03 9.999967e-01 -2.146297e-03 2.838844e-01 -5.451527e-02 2.221007e-03 9.985104e-01 1.789952e+00
9.995201e-01 8.814327e-04 -3.096167e-02 -1.176245e+01 -8.377751e-04 9.999986e-01 1.422907e-03 2.697308e-01 3.096278e-02 -1.396282e-03 9.995195e-01 2.436308e+00
9.982439e-01 -1.406773e-03 5.922026e-02 -1.178459e+01 1.545102e-03 9.999962e-01 -2.290059e-03 2.539223e-01 -5.921691e-02 2.377542e-03 9.982423e-01 3.105943e+00
9.995695e-01 8.570604e-04 -2.932592e-02 -1.179337e+01 -8.179005e-04 9.999988e-01 1.347211e-03 2.416747e-01 2.932694e-02 -1.322642e-03 9.995689e-01 3.603885e+00
9.981771e-01 -1.426797e-03 6.033478e-02 -1.174668e+01 1.568770e-03 9.999961e-01 -2.305740e-03 2.256408e-01 -6.033136e-02 2.396192e-03 9.981755e-01 4.182516e+00
9.989711e-01 1.218216e-03 -4.533500e-02 -1.173631e+01 -1.133274e-03 9.999976e-01 1.899240e-03 2.077091e-01 4.533711e-02 -1.845906e-03 9.989700e-01 4.872419e+00
9.981702e-01 -1.442202e-03 6.044920e-02 -1.171855e+01 1.584131e-03 9.999961e-01 -2.300011e-03 1.891454e-01 -6.044575e-02 2.391565e-03 9.981686e-01 5.573271e+00
9.988701e-01 1.275786e-03 -4.750520e-02 -1.172796e+01 -1.183295e-03 9.999973e-01 1.974988e-03 1.699663e-01 4.750750e-02 -1.916541e-03 9.988690e-01 6.342724e+00
9.988073e-01 -1.220127e-03 4.880890e-02 -1.166671e+01 1.315596e-03 9.999973e-01 -1.923833e-03 1.499799e-01 -4.880652e-02 1.985755e-03 9.988062e-01 6.999648e+00
9.992293e-01 1.107713e-03 -3.923617e-02 -1.156520e+01 -1.042304e-03 9.999980e-01 1.687434e-03 1.280567e-01 3.923786e-02 -1.645234e-03 9.992285e-01 7.691614e+00
9.983963e-01 -1.375704e-03 5.659405e-02 -1.150724e+01 1.500668e-03 9.999965e-01 -2.165590e-03 1.071427e-01 -5.659098e-02 2.247049e-03 9.983949e-01 8.429008e+00
9.978181e-01 1.752525e-03 -6.599921e-02 -1.152382e+01 -1.581534e-03 9.999953e-01 2.642913e-03 9.152464e-02 6.600343e-02 -2.532763e-03 9.978161e-01 9.025978e+00
9.982948e-01 -1.426113e-03 5.835593e-02 -1.154165e+01 1.560861e-03 9.999962e-01 -2.263499e-03 7.596526e-02 -5.835258e-02 2.350728e-03 9.982932e-01 9.618818e+00
9.966868e-01 2.233399e-03 -8.130389e-02 -1.160879e+01 -1.972888e-03 9.999927e-01 3.284332e-03 6.204659e-02 8.131053e-02 -3.113044e-03 9.966839e-01 1.022898e+01
9.991817e-01 -9.459867e-04 4.043475e-02 -1.169737e+01 1.010684e-03 9.999982e-01 -1.579556e-03 5.396835e-02 -4.043328e-02 1.619134e-03 9.991809e-01 1.063804e+01
9.963985e-01 2.351414e-03 -8.476041e-02 -1.179256e+01 -2.067992e-03 9.999920e-01 3.431420e-03 4.682681e-02 8.476770e-02 -3.243775e-03 9.963954e-01 1.102658e+01
9.990076e-01 -1.052102e-03 4.452696e-02 -1.187485e+01 1.131039e-03 9.999978e-01 -1.747548e-03 4.211487e-02 -4.452513e-02 1.796178e-03 9.990066e-01 1.129781e+01
9.965942e-01 2.273980e-03 -8.243074e-02 -1.195116e+01 -2.006797e-03 9.999925e-01 3.323975e-03 3.689559e-02 8.243757e-02 -3.147229e-03 9.965912e-01 1.157957e+01
9.989744e-01 -1.079439e-03 4.526490e-02 -1.203568e+01 1.160447e-03 9.999978e-01 -1.763350e-03 3.221450e-02 -4.526299e-02 1.814072e-03 9.989734e-01 1.184293e+01
9.966623e-01 2.248462e-03 -8.160308e-02 -1.212565e+01 -1.988156e-03 9.999927e-01 3.270982e-03 2.881425e-02 8.160973e-02 -3.097822e-03 9.966595e-01 1.206552e+01
9.984869e-01 -1.331546e-03 5.497239e-02 -1.215563e+01 1.449185e-03 9.999967e-01 -2.100096e-03 1.607738e-02 -5.496951e-02 2.176587e-03 9.984856e-01 1.258359e+01
9.979254e-01 1.699677e-03 -6.435818e-02 -1.220694e+01 -1.539689e-03 9.999956e-01 2.535370e-03 4.646464e-04 6.436210e-02 -2.431016e-03 9.979236e-01 1.323927e+01
9.981004e-01 -1.505259e-03 6.158972e-02 -1.219856e+01 1.652309e-03 9.999959e-01 -2.336662e-03 -1.383810e-02 -6.158605e-02 2.433991e-03 9.980988e-01 1.374350e+01
9.981060e-01 1.624397e-03 -6.149517e-02 -1.215265e+01 -1.477001e-03 9.999959e-01 2.442205e-03 -2.967056e-02 6.149879e-02 -2.346748e-03 9.981044e-01 1.426271e+01
9.981608e-01 -1.494482e-03 6.060172e-02 -1.215527e+01 1.637061e-03 9.999960e-01 -2.303073e-03 -4.557701e-02 -6.059813e-02 2.398049e-03 9.981593e-01 1.486295e+01
9.981997e-01 1.585249e-03 -5.995697e-02 -1.216781e+01 -1.443341e-03 9.999961e-01 2.410018e-03 -6.392760e-02 5.996045e-02 -2.319138e-03 9.981980e-01 1.558350e+01
9.981870e-01 -1.491815e-03 6.016988e-02 -1.219905e+01 1.632498e-03 9.999960e-01 -2.288949e-03 -8.229878e-02 -6.016633e-02 2.383029e-03 9.981855e-01 1.633714e+01
9.981829e-01 1.590074e-03 -6.023528e-02 -1.221559e+01 -1.445864e-03 9.999960e-01 2.437573e-03 -1.032328e-01 6.023882e-02 -2.346049e-03 9.981812e-01 1.717299e+01
9.981487e-01 -1.490817e-03 6.080115e-02 -1.215468e+01 1.635540e-03 9.999959e-01 -2.330513e-03 -1.224206e-01 -6.079753e-02 2.425644e-03 9.981471e-01 1.780815e+01
9.981928e-01 1.584640e-03 -6.007140e-02 -1.212664e+01 -1.439913e-03 9.999960e-01 2.452406e-03 -1.434539e-01 6.007494e-02 -2.361474e-03 9.981910e-01 1.857530e+01
9.981906e-01 -1.489944e-03 6.011007e-02 -1.212220e+01 1.632068e-03 9.999960e-01 -2.315308e-03 -1.633280e-01 -6.010648e-02 2.409226e-03 9.981890e-01 1.933081e+01
9.982204e-01 1.580828e-03 -5.961074e-02 -1.211466e+01 -1.437571e-03 9.999960e-01 2.445962e-03 -1.843268e-01 5.961427e-02 -2.355912e-03 9.982187e-01 2.012967e+01
9.982170e-01 -1.490387e-03 5.966983e-02 -1.213694e+01 1.630324e-03 9.999960e-01 -2.296514e-03 -2.065296e-01 -5.966627e-02 2.389703e-03 9.982155e-01 2.102965e+01
9.982302e-01 1.583364e-03 -5.944686e-02 -1.215630e+01 -1.441565e-03 9.999960e-01 2.428068e-03 -2.261581e-01 5.945037e-02 -2.338071e-03 9.982285e-01 2.181568e+01
9.981207e-01 -1.513947e-03 6.125928e-02 -1.215233e+01 1.660913e-03 9.999959e-01 -2.348175e-03 -2.466172e-01 -6.125557e-02 2.445511e-03 9.981191e-01 2.259893e+01
9.982833e-01 1.576906e-03 -5.854787e-02 -1.212501e+01 -1.438756e-03 9.999961e-01 2.401642e-03 -2.681775e-01 5.855132e-02 -2.313281e-03 9.982817e-01 2.339056e+01
9.982824e-01 -1.487877e-03 5.856468e-02 -1.206650e+01 1.622469e-03 9.999962e-01 -2.250640e-03 -2.912817e-01 -5.856120e-02 2.341797e-03 9.982810e-01 2.419336e+01
9.983071e-01 1.574783e-03 -5.814020e-02 -1.199798e+01 -1.438048e-03 9.999961e-01 2.393523e-03 -3.150495e-01 5.814364e-02 -2.305860e-03 9.983055e-01 2.500755e+01
9.981624e-01 -1.519155e-03 6.057563e-02 -1.196213e+01 1.663539e-03 9.999959e-01 -2.333125e-03 -3.364159e-01 -6.057193e-02 2.429611e-03 9.981608e-01 2.577623e+01
9.984515e-01 1.524080e-03 -5.560695e-02 -1.197007e+01 -1.398333e-03 9.999964e-01 2.300130e-03 -3.573315e-01 5.561015e-02 -2.218808e-03 9.984500e-01 2.660420e+01
9.982067e-01 -1.507771e-03 5.984221e-02 -1.195104e+01 1.647699e-03 9.999960e-01 -2.288942e-03 -3.812382e-01 -5.983862e-02 2.383443e-03 9.982052e-01 2.751033e+01
9.983264e-01 1.565353e-03 -5.780793e-02 -1.194216e+01 -1.430057e-03 9.999961e-01 2.381691e-03 -4.048256e-01 5.781133e-02 -2.295033e-03 9.983248e-01 2.841643e+01
9.980634e-01 -1.544768e-03 6.218404e-02 -1.192435e+01 1.696212e-03 9.999957e-01 -2.382655e-03 -4.270105e-01 -6.218019e-02 2.483521e-03 9.980618e-01 2.925190e+01
9.983424e-01 1.564897e-03 -5.753210e-02 -1.191242e+01 -1.430681e-03 9.999962e-01 2.373958e-03 -4.492751e-01 5.753549e-02 -2.287710e-03 9.983408e-01 3.010097e+01
9.981747e-01 -1.533661e-03 6.037189e-02 -1.194362e+01 1.676535e-03 9.999959e-01 -2.315914e-03 -4.717745e-01 -6.036820e-02 2.412905e-03 9.981732e-01 3.103150e+01
9.982688e-01 1.600132e-03 -5.879405e-02 -1.199095e+01 -1.462099e-03 9.999961e-01 2.390631e-03 -4.896946e-01 5.879754e-02 -2.300526e-03 9.982672e-01 3.179469e+01
9.979525e-01 -1.599412e-03 6.393853e-02 -1.199616e+01 1.757075e-03 9.999956e-01 -2.409641e-03 -5.126493e-01 -6.393449e-02 2.517055e-03 9.979509e-01 3.270162e+01
9.983968e-01 1.577520e-03 -5.658020e-02 -1.194820e+01 -1.448957e-03 9.999963e-01 2.313137e-03 -5.366195e-01 5.658354e-02 -2.227444e-03 9.983953e-01 3.356603e+01
9.983503e-01 -1.511455e-03 5.739573e-02 -1.194356e+01 1.640490e-03 9.999962e-01 -2.201060e-03 -5.574270e-01 -5.739228e-02 2.291590e-03 9.983490e-01 3.436223e+01
9.983613e-01 1.584674e-03 -5.720162e-02 -1.204191e+01 -1.457025e-03 9.999964e-01 2.273155e-03 -5.634386e-01 5.720491e-02 -2.186083e-03 9.983600e-01 3.470945e+01
9.983170e-01 -1.520399e-03 5.797259e-02 -1.204285e+01 1.647695e-03 9.999963e-01 -2.148000e-03 -5.854234e-01 -5.796921e-02 2.239909e-03 9.983158e-01 3.556448e+01
9.984313e-01 1.572063e-03 -5.596717e-02 -1.198656e+01 -1.448581e-03 9.999964e-01 2.246787e-03 -6.106096e-01 5.597040e-02 -2.162187e-03 9.984300e-01 3.646103e+01
9.984095e-01 -1.511920e-03 5.635742e-02 -1.198565e+01 1.632646e-03 9.999965e-01 -2.096108e-03 -6.348735e-01 -5.635415e-02 2.184789e-03 9.984084e-01 3.740890e+01
9.984822e-01 1.563979e-03 -5.505158e-02 -1.197593e+01 -1.444728e-03 9.999965e-01 2.205852e-03 -6.574405e-01 5.505474e-02 -2.122967e-03 9.984810e-01 3.827085e+01
9.983000e-01 -1.540095e-03 5.826361e-02 -1.193709e+01 1.669184e-03 9.999963e-01 -2.166944e-03 -6.803824e-01 -5.826015e-02 2.260516e-03 9.982988e-01 3.910187e+01
9.983784e-01 1.608585e-03 -5.690166e-02 -1.184803e+01 -1.481305e-03 9.999963e-01 2.278901e-03 -7.046286e-01 5.690501e-02 -2.190914e-03 9.983771e-01 3.990806e+01
9.983564e-01 -1.533730e-03 5.728944e-02 -1.164066e+01 1.657957e-03 9.999964e-01 -2.120883e-03 -7.337893e-01 -5.728608e-02 2.212384e-03 9.983553e-01 4.075004e+01
9.987225e-01 1.509581e-03 -5.050694e-02 -1.127881e+01 -1.408786e-03 9.999969e-01 2.031134e-03 -7.637462e-01 5.050975e-02 -1.957383e-03 9.987216e-01 4.139406e+01
9.977523e-01 -1.727870e-03 6.698758e-02 -1.112861e+01 1.894634e-03 9.999953e-01 -2.425988e-03 -7.896320e-01 -6.698317e-02 2.547455e-03 9.977508e-01 4.218823e+01
9.988348e-01 1.464093e-03 -4.823671e-02 -1.100185e+01 -1.372131e-03 9.999972e-01 1.939461e-03 -8.136404e-01 4.823931e-02 -1.871011e-03 9.988340e-01 4.294356e+01
9.979945e-01 -1.672835e-03 6.327817e-02 -1.085602e+01 1.822516e-03 9.999957e-01 -2.307752e-03 -8.364773e-01 -6.327414e-02 2.418452e-03 9.979932e-01 4.362309e+01
9.987127e-01 1.524069e-03 -5.070108e-02 -1.075368e+01 -1.423207e-03 9.999969e-01 2.025339e-03 -8.598090e-01 5.070392e-02 -1.950571e-03 9.987118e-01 4.437858e+01
9.980832e-01 -1.664008e-03 6.186354e-02 -1.071984e+01 1.806525e-03 9.999958e-01 -2.247820e-03 -8.836752e-01 -6.185964e-02 2.355272e-03 9.980820e-01 4.526868e+01
9.985891e-01 1.600589e-03 -5.307658e-02 -1.062666e+01 -1.490509e-03 9.999967e-01 2.113447e-03 -9.104534e-01 5.307969e-02 -2.031351e-03 9.985882e-01 4.617963e+01
9.979453e-01 -1.680312e-03 6.404883e-02 -1.029622e+01 1.832832e-03 9.999956e-01 -2.322581e-03 -9.419718e-01 -6.404474e-02 2.435203e-03 9.979440e-01 4.694663e+01
9.983751e-01 1.686513e-03 -5.695786e-02 -1.002618e+01 -1.560759e-03 9.999962e-01 2.252203e-03 -9.728468e-01 5.696134e-02 -2.159643e-03 9.983740e-01 4.777456e+01
9.979552e-01 -1.704941e-03 6.389312e-02 -9.942713e+00 1.857362e-03 9.999956e-01 -2.326194e-03 -9.973122e-01 -6.388897e-02 2.440114e-03 9.979540e-01 4.860215e+01
9.982020e-01 1.740458e-03 -5.991403e-02 -9.874569e+00 -1.602506e-03 9.999960e-01 2.350418e-03 -1.019323e+00 5.991777e-02 -2.250176e-03 9.982007e-01 4.934928e+01
9.977379e-01 -1.758376e-03 6.720066e-02 -9.834694e+00 1.926633e-03 9.999952e-01 -2.439036e-03 -1.040680e+00 -6.719614e-02 2.562993e-03 9.977364e-01 5.012028e+01
9.984795e-01 1.626001e-03 -5.509951e-02 -9.818837e+00 -1.506718e-03 9.999964e-01 2.206278e-03 -1.066072e+00 5.510280e-02 -2.119901e-03 9.984784e-01 5.110673e+01
9.981742e-01 -1.656459e-03 6.037676e-02 -9.884145e+00 1.793419e-03 9.999959e-01 -2.214240e-03 -1.091048e+00 -6.037295e-02 2.318481e-03 9.981731e-01 5.220349e+01
9.985185e-01 1.628353e-03 -5.438860e-02 -9.861173e+00 -1.512484e-03 9.999965e-01 2.171436e-03 -1.115199e+00 5.439184e-02 -2.085954e-03 9.985174e-01 5.311772e+01
9.981296e-01 -1.663317e-03 6.110967e-02 -9.852301e+00 1.802801e-03 9.999959e-01 -2.227413e-03 -1.140939e+00 -6.110581e-02 2.333419e-03 9.981285e-01 5.412478e+01
9.982399e-01 1.716877e-03 -5.927970e-02 -9.880508e+00 -1.579057e-03 9.999959e-01 2.371631e-03 -1.168361e+00 5.928343e-02 -2.273848e-03 9.982385e-01 5.525764e+01
9.980659e-01 -1.672193e-03 6.214148e-02 -9.826679e+00 1.816829e-03 9.999958e-01 -2.271031e-03 -1.195934e+00 -6.213752e-02 2.379542e-03 9.980647e-01 5.626026e+01
9.982842e-01 1.718632e-03 -5.852806e-02 -9.756597e+00 -1.584644e-03 9.999960e-01 2.335585e-03 -1.222833e+00 5.853174e-02 -2.238828e-03 9.982830e-01 5.721147e+01
9.980764e-01 -1.689845e-03 6.197256e-02 -9.811393e+00 1.835609e-03 9.999957e-01 -2.295162e-03 -1.243824e+00 -6.196851e-02 2.404508e-03 9.980752e-01 5.812445e+01
9.981708e-01 1.764269e-03 -6.043141e-02 -9.926658e+00 -1.621846e-03 9.999958e-01 2.405704e-03 -1.264937e+00 6.043530e-02 -2.303289e-03 9.981694e-01 5.913549e+01
9.979835e-01 -1.731729e-03 6.344957e-02 -1.008238e+01 1.885832e-03 9.999954e-01 -2.368877e-03 -1.280012e+00 -6.344528e-02 2.483758e-03 9.979822e-01 5.994093e+01
9.982533e-01 1.729028e-03 -5.905384e-02 -1.026219e+01 -1.593197e-03 9.999960e-01 2.347083e-03 -1.291306e+00 5.905756e-02 -2.248896e-03 9.982520e-01 6.062036e+01
9.980906e-01 -1.699310e-03 6.174262e-02 -1.055179e+01 1.848435e-03 9.999955e-01 -2.358183e-03 -1.292633e+00 -6.173844e-02 2.467811e-03 9.980893e-01 6.104416e+01
9.982475e-01 1.718250e-03 -5.915185e-02 -1.099391e+01 -1.584055e-03 9.999961e-01 2.315438e-03 -1.278396e+00 5.915550e-02 -2.217677e-03 9.982463e-01 6.104849e+01
9.980510e-01 -1.696154e-03 6.237995e-02 -1.152802e+01 1.848635e-03 9.999954e-01 -2.386712e-03 -1.264400e+00 -6.237572e-02 2.497381e-03 9.980496e-01 6.117797e+01
9.982600e-01 1.724230e-03 -5.894062e-02 -1.180239e+01 -1.587979e-03 9.999960e-01 2.358374e-03 -1.267273e+00 5.894435e-02 -2.260671e-03 9.982587e-01 6.162661e+01
9.979984e-01 -1.701610e-03 6.321571e-02 -1.201800e+01 1.857656e-03 9.999954e-01 -2.409718e-03 -1.272309e+00 -6.321142e-02 2.522332e-03 9.979969e-01 6.208112e+01
9.980835e-01 1.767791e-03 -6.185530e-02 -1.261450e+01 -1.623168e-03 9.999958e-01 2.388206e-03 -1.250090e+00 6.185917e-02 -2.283224e-03 9.980822e-01 6.195564e+01
9.980172e-01 -1.688321e-03 6.291862e-02 -1.299426e+01 1.841273e-03 9.999955e-01 -2.372989e-03 -1.239265e+00 -6.291443e-02 2.484138e-03 9.980158e-01 6.199778e+01
9.981971e-01 1.704119e-03 -5.999610e-02 -1.334807e+01 -1.566744e-03 9.999960e-01 2.336656e-03 -1.231412e+00 5.999974e-02 -2.238442e-03 9.981958e-01 6.213668e+01
9.979854e-01 -1.682762e-03 6.342101e-02 -1.354413e+01 1.835437e-03 9.999956e-01 -2.349100e-03 -1.238708e+00 -6.341687e-02 2.460777e-03 9.979840e-01 6.266545e+01
9.980692e-01 1.747603e-03 -6.208606e-02 -1.394914e+01 -1.604599e-03 9.999959e-01 2.353050e-03 -1.226239e+00 6.208982e-02 -2.248880e-03 9.980680e-01 6.268770e+01
9.980502e-01 -1.667319e-03 6.239287e-02 -1.423252e+01 1.813200e-03 9.999958e-01 -2.281498e-03 -1.208976e+00 -6.238890e-02 2.390184e-03 9.980490e-01 6.235489e+01
9.982755e-01 1.649201e-03 -5.867891e-02 -1.453001e+01 -1.521523e-03 9.999964e-01 2.220455e-03 -1.199248e+00 5.868226e-02 -2.127341e-03 9.982744e-01 6.235566e+01
9.979196e-01 -1.693959e-03 6.444823e-02 -1.482621e+01 1.848356e-03 9.999956e-01 -2.336076e-03 -1.200433e+00 -6.444409e-02 2.450343e-03 9.979183e-01 6.278929e+01
9.982333e-01 1.681233e-03 -5.939114e-02 -1.505266e+01 -1.548886e-03 9.999962e-01 2.274322e-03 -1.209699e+00 5.939464e-02 -2.178311e-03 9.982321e-01 6.344723e+01
9.977035e-01 -1.770905e-03 6.770836e-02 -1.531784e+01 1.941456e-03 9.999951e-01 -2.453131e-03 -1.213650e+00 -6.770378e-02 2.578954e-03 9.977021e-01 6.395215e+01
9.984858e-01 1.597690e-03 -5.498658e-02 -1.535893e+01 -1.481303e-03 9.999966e-01 2.157289e-03 -1.229442e+00 5.498974e-02 -2.072567e-03 9.984847e-01 6.463521e+01
9.976204e-01 -1.819088e-03 6.892069e-02 -1.556736e+01 1.998479e-03 9.999948e-01 -2.533960e-03 -1.228057e+00 -6.891582e-02 2.665670e-03 9.976189e-01 6.486437e+01
9.984433e-01 1.608076e-03 -5.575293e-02 -1.587607e+01 -1.489423e-03 9.999965e-01 2.169644e-03 -1.219030e+00 5.575613e-02 -2.083224e-03 9.984422e-01 6.492010e+01
9.978254e-01 -1.757736e-03 6.588789e-02 -1.614432e+01 1.922594e-03 9.999952e-01 -2.438734e-03 -1.211447e+00 -6.588339e-02 2.560110e-03 9.978240e-01 6.497599e+01
9.985577e-01 1.569931e-03 -5.366606e-02 -1.637768e+01 -1.458377e-03 9.999967e-01 2.117721e-03 -1.211716e+00 5.366911e-02 -2.036398e-03 9.985566e-01 6.529940e+01
9.979844e-01 -1.675446e-03 6.343668e-02 -1.644440e+01 1.825852e-03 9.999957e-01 -2.313019e-03 -1.230279e+00 -6.343263e-02 2.424186e-03 9.979831e-01 6.613218e+01
9.983217e-01 1.648486e-03 -5.788759e-02 -1.654641e+01 -1.520223e-03 9.999963e-01 2.259636e-03 -1.247112e+00 5.789100e-02 -2.167838e-03 9.983205e-01 6.693949e+01
9.975223e-01 -1.819534e-03 7.032716e-02 -1.673692e+01 2.004164e-03 9.999947e-01 -2.554789e-03 -1.255722e+00 -7.032223e-02 2.689410e-03 9.975206e-01 6.753807e+01
9.987000e-01 1.512375e-03 -5.095045e-02 -1.682077e+01 -1.410695e-03 9.999969e-01 2.031508e-03 -1.270224e+00 5.095327e-02 -1.956988e-03 9.986991e-01 6.823706e+01
9.975374e-01 -1.833052e-03 7.011213e-02 -1.700545e+01 2.018302e-03 9.999947e-01 -2.571411e-03 -1.274324e+00 -7.010714e-02 2.706590e-03 9.975357e-01 6.865408e+01
9.986696e-01 1.539807e-03 -5.154160e-02 -1.714251e+01 -1.435436e-03 9.999968e-01 2.061886e-03 -1.284375e+00 5.154452e-02 -1.985155e-03 9.986687e-01 6.924010e+01
9.975411e-01 -1.840038e-03 7.005953e-02 -1.727419e+01 2.024008e-03 9.999947e-01 -2.554987e-03 -1.296653e+00 -7.005455e-02 2.690509e-03 9.975395e-01 6.991312e+01
9.986170e-01 1.553572e-03 -5.255148e-02 -1.753485e+01 -1.447104e-03 9.999968e-01 2.063910e-03 -1.299183e+00 5.255442e-02 -1.985005e-03 9.986160e-01 7.036760e+01
9.974147e-01 -1.888844e-03 7.183554e-02 -1.781060e+01 2.082696e-03 9.999944e-01 -2.623715e-03 -1.293190e+00 -7.183028e-02 2.766547e-03 9.974130e-01 7.051065e+01
9.983649e-01 1.673102e-03 -5.713688e-02 -1.810379e+01 -1.548255e-03 9.999963e-01 2.229223e-03 -1.293100e+00 5.714031e-02 -2.137112e-03 9.983638e-01 7.090080e+01
9.973630e-01 -1.888715e-03 7.254982e-02 -1.826212e+01 2.085104e-03 9.999944e-01 -2.631285e-03 -1.299568e+00 -7.254453e-02 2.775623e-03 9.973612e-01 7.136184e+01
9.985887e-01 1.586690e-03 -5.308486e-02 -1.841844e+01 -1.479020e-03 9.999968e-01 2.067454e-03 -1.298151e+00 5.308788e-02 -1.986020e-03 9.985878e-01 7.150980e+01
9.974471e-01 -1.881287e-03 7.138378e-02 -1.859994e+01 2.069764e-03 9.999946e-01 -2.566427e-03 -1.304951e+00 -7.137866e-02 2.707627e-03 9.974455e-01 7.202727e+01
9.982653e-01 1.710019e-03 -5.885012e-02 -1.879042e+01 -1.580058e-03 9.999962e-01 2.254782e-03 -1.305804e+00 5.885366e-02 -2.157881e-03 9.982642e-01 7.231781e+01
9.973209e-01 -1.909697e-03 7.312569e-02 -1.896093e+01 2.106266e-03 9.999944e-01 -2.611038e-03 -1.309546e+00 -7.312038e-02 2.758068e-03 9.973192e-01 7.269382e+01
9.982884e-01 1.664296e-03 -5.845953e-02 -1.932998e+01 -1.538164e-03 9.999964e-01 2.202497e-03 -1.297001e+00 5.846290e-02 -2.108803e-03 9.982873e-01 7.270031e+01
9.972844e-01 -1.915517e-03 7.362157e-02 -1.971363e+01 2.114675e-03 9.999943e-01 -2.627265e-03 -1.284808e+00 -7.361621e-02 2.775820e-03 9.972827e-01 7.274212e+01
9.985090e-01 1.612117e-03 -5.456334e-02 -1.997534e+01 -1.500737e-03 9.999967e-01 2.082168e-03 -1.282119e+00 5.456643e-02 -1.997175e-03 9.985081e-01 7.298949e+01
9.974413e-01 -1.871799e-03 7.146518e-02 -2.020572e+01 2.060079e-03 9.999946e-01 -2.560924e-03 -1.277591e+00 -7.146008e-02 2.701599e-03 9.974397e-01 7.311135e+01
9.983951e-01 1.640514e-03 -5.660853e-02 -2.057142e+01 -1.522652e-03 9.999966e-01 2.125083e-03 -1.262790e+00 5.661173e-02 -2.035474e-03 9.983941e-01 7.300543e+01
9.973018e-01 -1.915744e-03 7.338582e-02 -2.097952e+01 2.113864e-03 9.999943e-01 -2.622102e-03 -1.247195e+00 -7.338046e-02 2.770158e-03 9.973001e-01 7.293392e+01
9.985097e-01 1.590716e-03 -5.455013e-02 -2.142428e+01 -1.481010e-03 9.999968e-01 2.051427e-03 -1.224372e+00 5.455314e-02 -1.967577e-03 9.985089e-01 7.261085e+01
9.971907e-01 -1.913375e-03 7.487980e-02 -2.163380e+01 2.118206e-03 9.999942e-01 -2.656113e-03 -1.210318e+00 -7.487437e-02 2.807265e-03 9.971889e-01 7.231274e+01
9.985251e-01 1.615635e-03 -5.426732e-02 -2.164526e+01 -1.507362e-03 9.999968e-01 2.036018e-03 -1.202573e+00 5.427036e-02 -1.951212e-03 9.985243e-01 7.200277e+01
9.970958e-01 -1.955286e-03 7.613233e-02 -2.187130e+01 2.166646e-03 9.999940e-01 -2.693703e-03 -1.188379e+00 -7.612669e-02 2.850835e-03 9.970940e-01 7.172631e+01
9.985210e-01 1.608536e-03 -5.434397e-02 -2.217343e+01 -1.500267e-03 9.999968e-01 2.033007e-03 -1.176138e+00 5.434699e-02 -1.948467e-03 9.985201e-01 7.164301e+01
9.968089e-01 -2.019884e-03 7.979898e-02 -2.243926e+01 2.250893e-03 9.999935e-01 -2.805011e-03 -1.163882e+00 -7.979287e-02 2.975683e-03 9.968069e-01 7.151018e+01
9.985594e-01 1.627849e-03 -5.363219e-02 -2.241048e+01 -1.522382e-03 9.999968e-01 2.007262e-03 -1.156117e+00 5.363522e-02 -1.922718e-03 9.985587e-01 7.115574e+01
9.965054e-01 -2.087868e-03 8.350237e-02 -2.238982e+01 2.338712e-03 9.999930e-01 -2.906321e-03 -1.146951e+00 -8.349579e-02 3.091455e-03 9.965033e-01 7.076406e+01
9.985976e-01 1.606096e-03 -5.291750e-02 -2.244667e+01 -1.504174e-03 9.999969e-01 1.965797e-03 -1.136397e+00 5.292042e-02 -1.883440e-03 9.985969e-01 7.041932e+01
9.964309e-01 -2.111880e-03 8.438626e-02 -2.251130e+01 2.366410e-03 9.999929e-01 -2.916322e-03 -1.126152e+00 -8.437957e-02 3.105609e-03 9.964288e-01 7.009535e+01
9.986575e-01 1.594729e-03 -5.177563e-02 -2.251859e+01 -1.497751e-03 9.999971e-01 1.911764e-03 -1.119102e+00 5.177846e-02 -1.831647e-03 9.986568e-01 6.982406e+01
9.965031e-01 -2.109254e-03 8.352852e-02 -2.259130e+01 2.357538e-03 9.999931e-01 -2.873900e-03 -1.109220e+00 -8.352194e-02 3.060775e-03 9.965012e-01 6.952653e+01
9.985253e-01 1.641732e-03 -5.426283e-02 -2.268646e+01 -1.536200e-03 9.999968e-01 1.986471e-03 -1.097100e+00 5.426586e-02 -1.900180e-03 9.985246e-01 6.916879e+01
9.967663e-01 -2.049777e-03 8.032852e-02 -2.266979e+01 2.278520e-03 9.999936e-01 -2.756015e-03 -1.087843e+00 -8.032242e-02 2.930136e-03 9.967645e-01 6.877032e+01
9.985487e-01 1.665517e-03 -5.383111e-02 -2.245908e+01 -1.562451e-03 9.999969e-01 1.956627e-03 -1.086019e+00 5.383414e-02 -1.869676e-03 9.985480e-01 6.842175e+01
9.967973e-01 -2.055114e-03 7.994331e-02 -2.226370e+01 2.280421e-03 9.999937e-01 -2.727134e-03 -1.083836e+00 -7.993726e-02 2.900707e-03 9.967956e-01 6.807728e+01
9.984442e-01 1.667361e-03 -5.573422e-02 -2.226802e+01 -1.557368e-03 9.999968e-01 2.016890e-03 -1.074620e+00 5.573734e-02 -1.926951e-03 9.984435e-01 6.770451e+01
9.968532e-01 -2.010328e-03 7.924427e-02 -2.204087e+01 2.231197e-03 9.999939e-01 -2.698745e-03 -1.074173e+00 -7.923841e-02 2.867065e-03 9.968515e-01 6.737835e+01
9.984834e-01 1.665087e-03 -5.502761e-02 -2.169374e+01 -1.558216e-03 9.999968e-01 1.984972e-03 -1.078124e+00 5.503069e-02 -1.896215e-03 9.984828e-01 6.707265e+01
9.968898e-01 -2.012160e-03 7.878260e-02 -2.138187e+01 2.228883e-03 9.999940e-01 -2.663059e-03 -1.083571e+00 -7.877682e-02 2.830376e-03 9.968882e-01 6.686187e+01
9.983153e-01 1.732815e-03 -5.799669e-02 -2.106436e+01 -1.615278e-03 9.999965e-01 2.073420e-03 -1.088697e+00 5.800004e-02 -1.976243e-03 9.983145e-01 6.662738e+01
9.968034e-01 -2.029074e-03 7.986828e-02 -2.069689e+01 2.251032e-03 9.999939e-01 -2.689104e-03 -1.093961e+00 -7.986237e-02 2.860296e-03 9.968017e-01 6.634065e+01
9.983443e-01 1.683988e-03 -5.749585e-02 -2.056956e+01 -1.568846e-03 9.999967e-01 2.047686e-03 -1.089306e+00 5.749907e-02 -1.954091e-03 9.983436e-01 6.597294e+01
9.972523e-01 -1.912903e-03 7.405553e-02 -2.033249e+01 2.103545e-03 9.999947e-01 -2.496380e-03 -1.088446e+00 -7.405040e-02 2.645302e-03 9.972509e-01 6.560769e+01
9.987350e-01 1.530775e-03 -5.026068e-02 -2.019218e+01 -1.443267e-03 9.999974e-01 1.777312e-03 -1.086488e+00 5.026323e-02 -1.702521e-03 9.987345e-01 6.533174e+01
9.972170e-01 -1.927735e-03 7.452935e-02 -2.009404e+01 2.119212e-03 9.999947e-01 -2.490142e-03 -1.087428e+00 -7.452418e-02 2.641158e-03 9.972156e-01 6.521536e+01
9.984475e-01 1.662899e-03 -5.567632e-02 -1.985273e+01 -1.555956e-03 9.999969e-01 1.964091e-03 -1.093445e+00 5.567938e-02 -1.874410e-03 9.984468e-01 6.510437e+01
9.975766e-01 -1.857407e-03 6.955196e-02 -1.962918e+01 2.024379e-03 9.999952e-01 -2.330268e-03 -1.094729e+00 -6.954733e-02 2.465422e-03 9.975755e-01 6.483201e+01
9.982551e-01 1.744108e-03 -5.902379e-02 -1.936011e+01 -1.624337e-03 9.999965e-01 2.077122e-03 -1.096099e+00 5.902718e-02 -1.977621e-03 9.982543e-01 6.450227e+01
9.975942e-01 -1.846251e-03 6.929874e-02 -1.915346e+01 2.011129e-03 9.999953e-01 -2.309531e-03 -1.103114e+00 -6.929419e-02 2.443346e-03 9.975932e-01 6.446588e+01
9.982284e-01 1.761006e-03 -5.947315e-02 -1.891646e+01 -1.639458e-03 9.999965e-01 2.092478e-03 -1.113440e+00 5.947659e-02 -1.991266e-03 9.982276e-01 6.451430e+01
9.976897e-01 -1.829401e-03 6.791080e-02 -1.870487e+01 1.988352e-03 9.999954e-01 -2.273059e-03 -1.118397e+00 -6.790636e-02 2.402840e-03 9.976887e-01 6.438810e+01
9.988258e-01 1.514594e-03 -4.842261e-02 -1.862242e+01 -1.434331e-03 9.999975e-01 1.692241e-03 -1.118772e+00 4.842503e-02 -1.620798e-03 9.988254e-01 6.426228e+01
9.981477e-01 -1.672189e-03 6.081388e-02 -1.835448e+01 1.799346e-03 9.999963e-01 -2.036214e-03 -1.128338e+00 -6.081027e-02 2.141870e-03 9.981469e-01 6.424702e+01
9.985083e-01 1.666477e-03 -5.457534e-02 -1.786153e+01 -1.564768e-03 9.999970e-01 1.906303e-03 -1.142539e+00 5.457833e-02 -1.818059e-03 9.985077e-01 6.410844e+01
9.985306e-01 -1.550521e-03 5.416834e-02 -1.736972e+01 1.651075e-03 9.999970e-01 -1.811604e-03 -1.157319e+00 -5.416539e-02 1.898380e-03 9.985301e-01 6.397349e+01
9.983418e-01 1.731593e-03 -5.753868e-02 -1.686965e+01 -1.617461e-03 9.999966e-01 2.030070e-03 -1.174610e+00 5.754197e-02 -1.933635e-03 9.983411e-01 6.391175e+01
9.991643e-01 -1.253918e-03 4.085398e-02 -1.638714e+01 1.308447e-03 9.999983e-01 -1.308019e-03 -1.193559e+00 -4.085229e-02 1.360383e-03 9.991642e-01 6.392965e+01
9.985407e-01 1.641431e-03 -5.398002e-02 -1.578243e+01 -1.541730e-03 9.999970e-01 1.888596e-03 -1.216075e+00 5.398293e-02 -1.802615e-03 9.985401e-01 6.392182e+01
9.992132e-01 -1.231152e-03 3.964059e-02 -1.509261e+01 1.281741e-03 9.999984e-01 -1.250788e-03 -1.239837e+00 -3.963902e-02 1.300615e-03 9.992131e-01 6.384636e+01
9.979010e-01 1.964348e-03 -6.472813e-02 -1.465963e+01 -1.817498e-03 9.999956e-01 2.327523e-03 -1.256366e+00 6.473238e-02 -2.204992e-03 9.979001e-01 6.385510e+01
9.989868e-01 -1.373321e-03 4.498315e-02 -1.413113e+01 1.440938e-03 9.999979e-01 -1.470759e-03 -1.275098e+00 -4.498107e-02 1.534089e-03 9.989866e-01 6.381720e+01
9.979120e-01 1.956093e-03 -6.455804e-02 -1.362672e+01 -1.808696e-03 9.999956e-01 2.341525e-03 -1.292385e+00 6.456230e-02 -2.219868e-03 9.979111e-01 6.375470e+01
9.989877e-01 -1.368596e-03 4.496349e-02 -1.314246e+01 1.436877e-03 9.999979e-01 -1.486309e-03 -1.312056e+00 -4.496140e-02 1.549414e-03 9.989874e-01 6.380781e+01
9.987296e-01 1.565348e-03 -5.036572e-02 -1.273777e+01 -1.479359e-03 9.999974e-01 1.744530e-03 -1.331270e+00 5.036828e-02 -1.667803e-03 9.987292e-01 6.394139e+01
9.987631e-01 -1.454299e-03 4.970082e-02 -1.221341e+01 1.537572e-03 9.999975e-01 -1.637287e-03 -1.353952e+00 -4.969835e-02 1.711683e-03 9.987627e-01 6.404590e+01
9.985832e-01 1.621841e-03 -5.318725e-02 -1.167160e+01 -1.525421e-03 9.999971e-01 1.853378e-03 -1.378626e+00 5.319006e-02 -1.769617e-03 9.985827e-01 6.419412e+01
9.990894e-01 -1.298926e-03 4.264635e-02 -1.126898e+01 1.359000e-03 9.999981e-01 -1.379673e-03 -1.398220e+00 -4.264452e-02 1.436375e-03 9.990892e-01 6.433853e+01
9.981271e-01 1.862472e-03 -6.114639e-02 -1.087032e+01 -1.732132e-03 9.999961e-01 2.184536e-03 -1.416864e+00 6.115018e-02 -2.074529e-03 9.981263e-01 6.446789e+01
9.991467e-01 -1.264825e-03 4.128261e-02 -1.064822e+01 1.320816e-03 9.999982e-01 -1.329017e-03 -1.434443e+00 -4.128090e-02 1.382412e-03 9.991465e-01 6.480512e+01
9.983526e-01 1.752758e-03 -5.735054e-02 -1.050133e+01 -1.638572e-03 9.999966e-01 2.037982e-03 -1.451084e+00 5.735387e-02 -1.940649e-03 9.983519e-01 6.520674e+01
9.993373e-01 -1.144017e-03 3.638169e-02 -1.024948e+01 1.186413e-03 9.999986e-01 -1.143729e-03 -1.468131e+00 -3.638038e-02 1.186138e-03 9.993372e-01 6.548292e+01
9.981684e-01 1.855358e-03 -6.046823e-02 -9.958194e+00 -1.727595e-03 9.999962e-01 2.165095e-03 -1.481044e+00 6.047197e-02 -2.056662e-03 9.981677e-01 6.554946e+01
