9.999046e-01 -2.681883e-04 1.381021e-02 -6.708011e-03 2.739472e-04 9.999999e-01 -4.151115e-04 -1.386776e-02 -1.381010e-02 4.188556e-04 9.999044e-01 5.440623e-01
9.998532e-01 -3.826797e-04 1.713116e-02 1.380657e-02 3.931954e-04 9.999997e-01 -6.104714e-04 -2.636846e-02 -1.713092e-02 6.171180e-04 9.998530e-01 1.015744e+00
9.997116e-01 -4.698381e-04 2.400827e-02 5.100788e-02 4.879502e-04 9.999996e-01 -7.485607e-04 -3.997944e-02 -2.400790e-02 7.600599e-04 9.997114e-01 1.527169e+00
9.999155e-01 -3.069215e-04 1.299406e-02 1.044265e-01 3.130104e-04 9.999998e-01 -4.665593e-04 -5.602005e-02 -1.299390e-02 4.705872e-04 9.999154e-01 2.109268e+00
9.997773e-01 -4.067144e-04 2.110012e-02 1.580772e-01 4.206142e-04 9.999997e-01 -6.543227e-04 -7.177431e-02 -2.109984e-02 6.630519e-04 9.997771e-01 2.674534e+00
9.996099e-01 -6.024165e-04 2.792237e-02 2.094174e-01 6.297366e-04 9.999993e-01 -9.696443e-04 -8.480315e-02 -2.792175e-02 9.868496e-04 9.996095e-01 3.152834e+00
9.997849e-01 -4.001340e-04 2.073400e-02 2.277283e-01 4.136332e-04 9.999997e-01 -6.467798e-04 -9.425145e-02 -2.073371e-02 6.552165e-04 9.997847e-01 3.529473e+00
9.996122e-01 -6.020979e-04 2.784155e-02 2.571931e-01 6.292200e-04 9.999993e-01 -9.654048e-04 -1.051431e-01 -2.784092e-02 9.825483e-04 9.996118e-01 3.946775e+00
9.998238e-01 -3.638489e-04 1.876595e-02 3.064345e-01 3.747492e-04 9.999998e-01 -5.773313e-04 -1.183425e-01 -1.876570e-02 5.842614e-04 9.998236e-01 4.429309e+00
9.996381e-01 -5.809670e-04 2.689574e-02 3.652536e-01 6.059481e-04 9.999994e-01 -9.206676e-04 -1.343069e-01 -2.689515e-02 9.366309e-04 9.996377e-01 5.013927e+00
9.997469e-01 -4.338228e-04 2.249163e-02 4.256353e-01 4.499640e-04 9.999996e-01 -7.125886e-04 -1.484152e-01 -2.249127e-02 7.225276e-04 9.997467e-01 5.527245e+00
9.999397e-01 -2.609950e-04 1.097791e-02 4.739671e-01 2.651722e-04 9.999999e-01 -3.790237e-04 -1.649506e-01 -1.097777e-02 3.819107e-04 9.999396e-01 6.136324e+00
9.997620e-01 -4.274071e-04 2.181211e-02 4.930392e-01 4.429388e-04 9.999997e-01 -7.072234e-04 -1.799435e-01 -2.181175e-02 7.167152e-04 9.997617e-01 6.718346e+00
9.996254e-01 -5.781901e-04 2.736083e-02 5.377642e-01 6.036491e-04 9.999994e-01 -9.222261e-04 -1.931383e-01 -2.736022e-02 9.383956e-04 9.996251e-01 7.216011e+00
9.998657e-01 -3.218228e-04 1.638545e-02 6.023835e-01 3.302060e-04 9.999998e-01 -5.088947e-04 -2.109063e-01 -1.638522e-02 5.142353e-04 9.998655e-01 7.867351e+00
9.999643e-01 -1.873209e-04 8.444431e-03 6.358615e-01 1.895989e-04 9.999999e-01 -2.688951e-04 -2.334937e-01 -8.444322e-03 2.704849e-04 9.999642e-01 8.727134e+00
9.996474e-01 -5.397665e-04 2.654884e-02 6.788187e-01 5.626611e-04 9.999995e-01 -8.548730e-04 -2.548851e-01 -2.654831e-02 8.695078e-04 9.996471e-01 9.545066e+00
9.999132e-01 -2.805417e-04 1.316943e-02 7.509084e-01 2.862931e-04 9.999999e-01 -4.347887e-04 -2.741138e-01 -1.316924e-02 4.385193e-04 9.999131e-01 1.023376e+01
9.998190e-01 -3.851777e-04 1.902290e-02 8.129122e-01 3.967732e-04 9.999997e-01 -6.057463e-04 -2.940686e-01 -1.902259e-02 6.131824e-04 9.998188e-01 1.094949e+01
9.999331e-01 -2.615569e-04 1.156673e-02 8.532975e-01 2.660899e-04 9.999999e-01 -3.902876e-04 -3.123883e-01 -1.156656e-02 3.933371e-04 9.999329e-01 1.163515e+01
9.993651e-01 -7.100283e-04 3.562092e-02 8.739669e-01 7.525634e-04 9.999990e-01 -1.180685e-03 -3.230982e-01 -3.561998e-02 1.206740e-03 9.993646e-01 1.206114e+01
9.999396e-01 2.229956e-04 -1.098892e-02 9.600097e-01 -2.187785e-04 9.999999e-01 3.848656e-04 -3.395243e-01 1.098908e-02 -3.824405e-04 9.999395e-01 1.259117e+01
9.996850e-01 -5.055789e-04 2.509207e-02 1.038798e+00 5.263438e-04 9.999995e-01 -8.209089e-04 -3.589828e-01 -2.509156e-02 8.338550e-04 9.996847e-01 1.323130e+01
9.999460e-01 2.097224e-04 -1.038489e-02 1.109671e+00 -2.059493e-04 9.999999e-01 3.642741e-04 -3.787321e-01 1.038504e-02 -3.621181e-04 9.999459e-01 1.389655e+01
9.997030e-01 -4.819728e-04 2.436297e-02 1.193151e+00 5.015292e-04 9.999996e-01 -7.965575e-04 -3.994851e-01 -2.436250e-02 8.085372e-04 9.997028e-01 1.458081e+01
9.998015e-01 3.880494e-04 -1.991795e-02 1.182053e+00 -3.740932e-04 9.999997e-01 7.043443e-04 -4.205974e-01 1.991829e-02 -6.967558e-04 9.998013e-01 1.542684e+01
9.995761e-01 -5.798369e-04 2.910849e-02 1.147402e+00 6.079732e-04 9.999994e-01 -9.577213e-04 -4.408510e-01 -2.910784e-02 9.750100e-04 9.995757e-01 1.628385e+01
9.999557e-01 1.677961e-04 -9.405348e-03 1.157381e+00 -1.645865e-04 9.999999e-01 3.418848e-04 -4.603166e-01 9.405483e-03 -3.403242e-04 9.999556e-01 1.705124e+01
9.997392e-01 -4.420930e-04 2.283149e-02 1.170374e+00 4.591710e-04 9.999996e-01 -7.427085e-04 -4.821264e-01 -2.283107e-02 7.529958e-04 9.997390e-01 1.789753e+01
9.999352e-01 2.104955e-04 -1.137944e-02 1.197151e+00 -2.057205e-04 9.999999e-01 4.206619e-04 -5.061373e-01 1.137961e-02 -4.182962e-04 9.999351e-01 1.881031e+01
9.998319e-01 -3.526481e-04 1.832901e-02 1.231472e+00 3.637181e-04 9.999998e-01 -6.005580e-04 -5.288415e-01 -1.832872e-02 6.071210e-04 9.998318e-01 1.965296e+01
9.999812e-01 1.036473e-04 -6.134905e-03 1.238190e+00 -1.021960e-04 1.000000e+00 2.366431e-04 -5.509363e-01 6.135012e-03 -2.360143e-04 9.999811e-01 2.052210e+01
9.998392e-01 -3.668585e-04 1.792774e-02 1.150194e+00 3.773703e-04 9.999998e-01 -5.828868e-04 -5.709718e-01 -1.792744e-02 5.895557e-04 9.998390e-01 2.145464e+01
9.998943e-01 2.651014e-04 -1.453626e-02 1.054212e+00 -2.571068e-04 9.999998e-01 5.517424e-04 -5.959546e-01 1.453648e-02 -5.479494e-04 9.998941e-01 2.260360e+01
9.998317e-01 -3.716745e-04 1.833972e-02 1.005359e+00 3.830593e-04 9.999997e-01 -6.171866e-04 -6.180209e-01 -1.833940e-02 6.241052e-04 9.998315e-01 2.355146e+01
9.998685e-01 2.990278e-04 -1.621399e-02 9.455086e-01 -2.891696e-04 9.999998e-01 6.102512e-04 -6.396606e-01 1.621425e-02 -6.054850e-04 9.998683e-01 2.449515e+01
9.998337e-01 -3.698941e-04 1.823274e-02 8.581404e-01 3.812288e-04 9.999997e-01 -6.181183e-04 -6.610789e-01 -1.823242e-02 6.249636e-04 9.998335e-01 2.547526e+01
9.998889e-01 2.692889e-04 -1.490427e-02 5.586185e-01 -2.616496e-04 9.999998e-01 5.144039e-04 -6.695568e-01 1.490449e-02 -5.104497e-04 9.998887e-01 2.620555e+01
9.998228e-01 -3.805653e-04 1.882177e-02 3.098729e-01 3.926569e-04 9.999997e-01 -6.386580e-04 -6.786639e-01 -1.882144e-02 6.459325e-04 9.998226e-01 2.688811e+01
9.999106e-01 2.445904e-04 -1.336862e-02 2.566684e-01 -2.379273e-04 9.999998e-01 4.998848e-04 -6.978482e-01 1.336882e-02 -4.966620e-04 9.999104e-01 2.772217e+01
9.998878e-01 -3.030093e-04 1.497771e-02 2.658601e-02 3.109715e-04 9.999998e-01 -5.291797e-04 -7.116406e-01 -1.497746e-02 5.337752e-04 9.998876e-01 2.858062e+01
9.999104e-01 2.464991e-04 -1.337941e-02 -3.592395e-01 -2.399409e-04 9.999999e-01 4.916593e-04 -7.214696e-01 1.337961e-02 -4.884078e-04 9.999103e-01 2.949613e+01
9.999057e-01 -2.771185e-04 1.372896e-02 -7.295664e-01 2.840425e-04 9.999998e-01 -5.022773e-04 -7.296143e-01 -1.372874e-02 5.061268e-04 9.999056e-01 3.031038e+01
9.999066e-01 2.471435e-04 -1.366389e-02 -1.005913e+00 -2.399190e-04 9.999998e-01 5.302521e-04 -7.456046e-01 1.366410e-02 -5.269271e-04 9.999064e-01 3.133273e+01
9.998902e-01 -2.913406e-04 1.481168e-02 -1.479118e+00 3.000143e-04 9.999998e-01 -5.832784e-04 -7.487294e-01 -1.481142e-02 5.876554e-04 9.998901e-01 3.207715e+01
9.999066e-01 2.404301e-04 -1.365980e-02 -1.708944e+00 -2.327247e-04 9.999998e-01 5.655672e-04 -7.616136e-01 1.366002e-02 -5.623382e-04 9.999065e-01 3.289247e+01
9.998827e-01 -3.038724e-04 1.530992e-02 -1.866889e+00 3.130628e-04 9.999998e-01 -5.977995e-04 -7.756997e-01 -1.530965e-02 6.025195e-04 9.998825e-01 3.365711e+01
9.998930e-01 2.633010e-04 -1.462466e-02 -2.077517e+00 -2.545450e-04 9.999998e-01 6.004664e-04 -7.889638e-01 1.462490e-02 -5.966823e-04 9.998928e-01 3.445894e+01
9.996620e-01 -5.015555e-04 2.599223e-02 -2.069762e+00 5.260756e-04 9.999994e-01 -9.364750e-04 -8.089141e-01 -2.599166e-02 9.498295e-04 9.996616e-01 3.523250e+01
9.999413e-01 1.885510e-04 -1.082966e-02 -2.021262e+00 -1.836601e-04 9.999999e-01 4.524619e-04 -8.254214e-01 1.082983e-02 -4.504493e-04 9.999412e-01 3.580563e+01
9.995977e-01 -5.567872e-04 2.835471e-02 -2.020393e+00 5.861804e-04 9.999993e-01 -1.028268e-03 -8.390917e-01 -2.835403e-02 1.044473e-03 9.995973e-01 3.633724e+01
9.999309e-01 1.770568e-04 -1.175392e-02 -2.197675e+00 -1.713009e-04 9.999999e-01 4.905527e-04 -8.499120e-01 1.175410e-02 -4.885083e-04 9.999307e-01 3.701761e+01
9.997349e-01 -4.628297e-04 2.301946e-02 -2.571189e+00 4.836947e-04 9.999995e-01 -9.007708e-04 -8.461012e-01 -2.301895e-02 9.116634e-04 9.997345e-01 3.736377e+01
9.999137e-01 2.072861e-04 -1.313595e-02 -2.834811e+00 -1.997504e-04 9.999998e-01 5.748374e-04 -8.524596e-01 1.313615e-02 -5.721669e-04 9.999135e-01 3.796658e+01
9.996058e-01 -5.217204e-04 2.806824e-02 -2.807141e+00 5.510778e-04 9.999993e-01 -1.038142e-03 -8.709125e-01 -2.806759e-02 1.053198e-03 9.996054e-01 3.865533e+01
9.998410e-01 3.391089e-04 -1.782956e-02 -2.729016e+00 -3.257474e-04 9.999997e-01 7.521841e-04 -8.942428e-01 1.782990e-02 -7.462595e-04 9.998407e-01 3.945310e+01
9.996443e-01 -5.334125e-04 2.666408e-02 -2.810347e+00 5.604998e-04 9.999993e-01 -1.008340e-03 -9.119665e-01 -2.666343e-02 1.022924e-03 9.996439e-01 4.027116e+01
9.997563e-01 4.221127e-04 -2.207197e-02 -2.895965e+00 -4.015405e-04 9.999995e-01 9.363853e-04 -9.360013e-01 2.207245e-02 -9.272974e-04 9.997559e-01 4.136421e+01
9.996275e-01 -5.424718e-04 2.728642e-02 -2.948403e+00 5.709287e-04 9.999993e-01 -1.035045e-03 -9.592953e-01 -2.728575e-02 1.050235e-03 9.996271e-01 4.237046e+01
9.997070e-01 4.610050e-04 -2.419944e-02 -3.016788e+00 -4.360725e-04 9.999994e-01 1.035470e-03 -9.855716e-01 2.420000e-02 -1.024617e-03 9.997065e-01 4.352622e+01
9.996955e-01 -4.988961e-04 2.467174e-02 -3.143627e+00 5.222570e-04 9.999994e-01 -9.403552e-04 -1.013927e+00 -2.467117e-02 9.529507e-04 9.996951e-01 4.486332e+01
9.997095e-01 4.577070e-04 -2.409577e-02 -3.231736e+00 -4.327526e-04 9.999994e-01 1.040749e-03 -1.043020e+00 2.409632e-02 -1.030022e-03 9.997090e-01 4.616573e+01
9.996799e-01 -5.120097e-04 2.529376e-02 -3.323745e+00 5.365594e-04 9.999994e-01 -9.637291e-04 -1.071236e+00 -2.529316e-02 9.769892e-04 9.996795e-01 4.743893e+01
9.998458e-01 3.313687e-04 -1.755615e-02 -3.393035e+00 -3.171813e-04 9.999996e-01 8.107773e-04 -1.100003e+00 1.755650e-02 -8.050869e-04 9.998455e-01 4.870671e+01
9.991248e-01 -8.186082e-04 4.182032e-02 -3.399227e+00 8.827840e-04 9.999985e-01 -1.516069e-03 -1.130654e+00 -4.181892e-02 1.551658e-03 9.991239e-01 4.996316e+01
9.998226e-01 3.591832e-04 -1.883211e-02 -3.398854e+00 -3.427441e-04 9.999996e-01 8.760302e-04 -1.163426e+00 1.883251e-02 -8.694234e-04 9.998222e-01 5.129726e+01
9.998028e-01 -4.322142e-04 1.985203e-02 -3.462898e+00 4.472990e-04 9.999996e-01 -7.553263e-04 -1.198026e+00 -1.985160e-02 7.640540e-04 9.998026e-01 5.279180e+01
9.998451e-01 3.462379e-04 -1.759658e-02 -3.505215e+00 -3.321081e-04 9.999996e-01 8.057782e-04 -1.228388e+00 1.759694e-02 -7.998125e-04 9.998448e-01 5.407214e+01
9.998397e-01 -3.990847e-04 1.789851e-02 -3.505598e+00 4.118047e-04 9.999997e-01 -7.068738e-04 -1.256574e+00 -1.789813e-02 7.141280e-04 9.998395e-01 5.518717e+01
9.998326e-01 3.616918e-04 -1.829156e-02 -3.526419e+00 -3.464084e-04 9.999996e-01 8.385799e-04 -1.287248e+00 1.829195e-02 -8.321064e-04 9.998323e-01 5.643873e+01
9.997787e-01 -4.581010e-04 2.103139e-02 -3.555359e+00 4.752239e-04 9.999996e-01 -8.090683e-04 -1.317305e+00 -2.103092e-02 8.188806e-04 9.997784e-01 5.768218e+01
9.998352e-01 3.646401e-04 -1.814603e-02 -3.586633e+00 -3.499597e-04 9.999996e-01 8.120616e-04 -1.343755e+00 1.814641e-02 -8.055806e-04 9.998349e-01 5.877945e+01
9.997580e-01 -4.504198e-04 2.199102e-02 -3.518071e+00 4.695762e-04 9.999995e-01 -8.658475e-04 -1.369060e+00 -2.199053e-02 8.759613e-04 9.997577e-01 5.966330e+01
9.998240e-01 3.900798e-04 -1.875360e-02 -3.289189e+00 -3.745096e-04 9.999996e-01 8.336353e-04 -1.397829e+00 1.875401e-02 -8.264684e-04 9.998237e-01 6.046473e+01
9.997997e-01 -4.487751e-04 2.000544e-02 -3.323485e+00 4.645999e-04 9.999996e-01 -7.862748e-04 -1.422320e+00 -2.000499e-02 7.954087e-04 9.997995e-01 6.148303e+01
9.998128e-01 3.984526e-04 -1.934106e-02 -3.347332e+00 -3.817642e-04 9.999996e-01 8.664105e-04 -1.448727e+00 1.934149e-02 -8.588678e-04 9.998125e-01 6.256353e+01
9.997710e-01 -4.714195e-04 2.139424e-02 -3.358392e+00 4.896776e-04 9.999995e-01 -8.480812e-04 -1.473328e+00 -2.139374e-02 8.583601e-04 9.997707e-01 6.354780e+01
9.998468e-01 3.699547e-04 -1.749781e-02 -3.387773e+00 -3.560513e-04 9.999996e-01 7.975570e-04 -1.497554e+00 1.749819e-02 -7.912079e-04 9.998465e-01 6.455054e+01
9.998249e-01 -4.272391e-04 1.870828e-02 -3.457866e+00 4.413347e-04 9.999996e-01 -7.492079e-04 -1.522285e+00 -1.870785e-02 7.573301e-04 9.998246e-01 6.563945e+01
9.998333e-01 3.792947e-04 -1.825362e-02 -3.529935e+00 -3.639140e-04 9.999996e-01 8.457986e-04 -1.550815e+00 1.825403e-02 -8.390180e-04 9.998330e-01 6.689054e+01
9.998169e-01 -4.341449e-04 1.913116e-02 -3.591299e+00 4.490013e-04 9.999996e-01 -7.721531e-04 -1.577703e+00 -1.913073e-02 7.805984e-04 9.998166e-01 6.805580e+01
9.998293e-01 3.890033e-04 -1.847073e-02 -3.628548e+00 -3.737770e-04 9.999996e-01 8.276652e-04 -1.600610e+00 1.847113e-02 -8.206231e-04 9.998290e-01 6.901130e+01
9.998381e-01 -4.128588e-04 1.798754e-02 -3.634773e+00 4.261823e-04 9.999996e-01 -7.367596e-04 -1.624124e+00 -1.798713e-02 7.443031e-04 9.998379e-01 6.993811e+01
9.998421e-01 3.732710e-04 -1.776209e-02 -3.661511e+00 -3.589280e-04 9.999996e-01 8.105546e-04 -1.647979e+00 1.776248e-02 -8.040545e-04 9.998418e-01 7.091553e+01
9.998353e-01 -4.178741e-04 1.814225e-02 -3.676435e+00 4.314283e-04 9.999996e-01 -7.430820e-04 -1.671499e+00 -1.814184e-02 7.507835e-04 9.998351e-01 7.185840e+01
9.998744e-01 3.361671e-04 -1.584432e-02 -3.682342e+00 -3.241746e-04 9.999997e-01 7.593143e-04 -1.697376e+00 1.584466e-02 -7.540857e-04 9.998741e-01 7.288576e+01
9.998437e-01 -4.129924e-04 1.767340e-02 -3.663751e+00 4.255873e-04 9.999997e-01 -7.087726e-04 -1.725777e+00 -1.767301e-02 7.161802e-04 9.998435e-01 7.398041e+01
9.998673e-01 3.716524e-04 -1.628510e-02 -3.517289e+00 -3.597001e-04 9.999997e-01 7.367268e-04 -1.751619e+00 1.628546e-02 -7.307744e-04 9.998670e-01 7.477133e+01
9.998359e-01 -4.308283e-04 1.811093e-02 -3.464920e+00 4.439932e-04 9.999996e-01 -7.227697e-04 -1.775464e+00 -1.811052e-02 7.306890e-04 9.998357e-01 7.561799e+01
9.998627e-01 3.632844e-04 -1.656719e-02 -3.483349e+00 -3.505762e-04 9.999996e-01 7.698274e-04 -1.801307e+00 1.656756e-02 -7.639168e-04 9.998624e-01 7.666736e+01
9.998440e-01 -4.174756e-04 1.765615e-02 -3.430449e+00 4.301246e-04 9.999997e-01 -7.124908e-04 -1.827527e+00 -1.765575e-02 7.199708e-04 9.998438e-01 7.761225e+01
9.998492e-01 3.751447e-04 -1.736183e-02 -3.427055e+00 -3.616311e-04 9.999996e-01 7.813502e-04 -1.850866e+00 1.736221e-02 -7.749569e-04 9.998489e-01 7.851770e+01
9.998465e-01 -4.090943e-04 1.751617e-02 -3.464579e+00 4.218233e-04 9.999996e-01 -7.228850e-04 -1.872307e+00 -1.751577e-02 7.301596e-04 9.998463e-01 7.941103e+01
9.998623e-01 3.614841e-04 -1.658633e-02 -3.521465e+00 -3.490038e-04 9.999997e-01 7.551939e-04 -1.893251e+00 1.658669e-02 -7.493044e-04 9.998621e-01 8.031749e+01
9.998472e-01 -4.156354e-04 1.747152e-02 -3.521372e+00 4.279602e-04 9.999997e-01 -7.015649e-04 -1.917358e+00 -1.747113e-02 7.089316e-04 9.998470e-01 8.126060e+01
9.998768e-01 3.515138e-04 -1.569251e-02 -3.531835e+00 -3.401727e-04 9.999997e-01 7.252187e-04 -1.941432e+00 1.569286e-02 -7.197943e-04 9.998765e-01 8.222270e+01
9.998026e-01 -4.687707e-04 1.986132e-02 -3.565595e+00 4.849110e-04 9.999996e-01 -8.077298e-04 -1.962187e+00 -1.986084e-02 8.171981e-04 9.998024e-01 8.308851e+01
9.998883e-01 3.353112e-04 -1.493773e-02 -3.636783e+00 -3.250431e-04 9.999997e-01 6.896586e-04 -1.980445e+00 1.493805e-02 -6.847294e-04 9.998881e-01 8.391004e+01
9.998219e-01 -4.517511e-04 1.886545e-02 -3.734896e+00 4.668103e-04 9.999996e-01 -7.937288e-04 -1.994607e+00 -1.886499e-02 8.023908e-04 9.998217e-01 8.458988e+01
9.998820e-01 3.548220e-04 -1.535488e-02 -3.783060e+00 -3.436709e-04 9.999997e-01 7.287045e-04 -2.014306e+00 1.535523e-02 -7.233447e-04 9.998818e-01 8.543397e+01
9.998540e-01 -4.251587e-04 1.707941e-02 -3.838205e+00 4.372120e-04 9.999997e-01 -7.018599e-04 -2.038497e+00 -1.707901e-02 7.092215e-04 9.998538e-01 8.647487e+01
9.998774e-01 3.614025e-04 -1.565515e-02 -3.892246e+00 -3.498528e-04 9.999997e-01 7.403386e-04 -2.062910e+00 1.565551e-02 -7.347740e-04 9.998771e-01 8.752396e+01
9.997871e-01 -4.984897e-04 2.062769e-02 -3.953787e+00 5.159075e-04 9.999995e-01 -8.389682e-04 -2.085284e+00 -2.062716e-02 8.494283e-04 9.997868e-01 8.850531e+01
9.998496e-01 4.093496e-04 -1.733332e-02 -4.021041e+00 -3.956131e-04 9.999996e-01 7.957712e-04 -2.107400e+00 1.733373e-02 -7.887975e-04 9.998494e-01 8.948205e+01
9.998066e-01 -4.877043e-04 1.966096e-02 -4.042127e+00 5.031304e-04 9.999996e-01 -7.795492e-04 -2.132455e+00 -1.966048e-02 7.892872e-04 9.998063e-01 9.050385e+01
9.998415e-01 4.180598e-04 -1.779724e-02 -4.113301e+00 -4.036562e-04 9.999996e-01 8.127678e-04 -2.157886e+00 1.779767e-02 -8.054582e-04 9.998412e-01 9.162630e+01
9.998213e-01 -4.734534e-04 1.889491e-02 -4.153690e+00 4.881683e-04 9.999996e-01 -7.740471e-04 -2.180630e+00 -1.889444e-02 7.831295e-04 9.998211e-01 9.258136e+01
9.999036e-01 3.734258e-04 -1.387915e-02 -4.081001e+00 -3.641949e-04 9.999997e-01 6.674353e-04 -2.204111e+00 1.387949e-02 -6.623194e-04 9.999034e-01 9.338778e+01
9.996223e-01 -6.574043e-04 2.747393e-02 -4.072188e+00 6.867093e-04 9.999992e-01 -1.057141e-03 -2.226574e+00 -2.747312e-02 1.075605e-03 9.996219e-01 9.426831e+01
9.999213e-01 3.423660e-04 -1.253672e-02 -4.116111e+00 -3.345009e-04 9.999997e-01 6.292555e-04 -2.249817e+00 1.253703e-02 -6.250157e-04 9.999212e-01 9.527149e+01
9.997337e-01 -5.599098e-04 2.306664e-02 -4.141319e+00 5.808822e-04 9.999994e-01 -9.024133e-04 -2.274887e+00 -2.306602e-02 9.155687e-04 9.997335e-01 9.631656e+01
9.997646e-01 5.018247e-04 -2.168740e-02 -4.170562e+00 -4.809527e-04 9.999994e-01 9.674889e-04 -2.301445e+00 2.168797e-02 -9.568339e-04 9.997643e-01 9.741389e+01
9.995412e-01 -6.725633e-04 3.028014e-02 -4.135173e+00 7.084750e-04 9.999991e-01 -1.175186e-03 -2.326300e+00 -3.027922e-02 1.196097e-03 9.995407e-01 9.834241e+01
9.997401e-01 5.317305e-04 -2.278936e-02 -4.158215e+00 -5.090460e-04 9.999994e-01 1.001067e-03 -2.349900e+00 2.278997e-02 -9.892097e-04 9.997397e-01 9.931585e+01
9.996535e-01 -6.284058e-04 2.631528e-02 -4.229379e+00 6.551482e-04 9.999993e-01 -1.007525e-03 -2.377496e+00 -2.631453e-02 1.024413e-03 9.996531e-01 1.005301e+02
9.997278e-01 5.466001e-04 -2.332426e-02 -4.315167e+00 -5.231465e-04 9.999994e-01 1.011519e-03 -2.403920e+00 2.332490e-02 -9.990452e-04 9.997274e-01 1.017187e+02
9.996592e-01 -6.229076e-04 2.609512e-02 -4.397936e+00 6.495415e-04 9.999993e-01 -1.012088e-03 -2.428718e+00 -2.609437e-02 1.028690e-03 9.996589e-01 1.028346e+02
9.996866e-01 5.819531e-04 -2.502606e-02 -4.458661e+00 -5.553015e-04 9.999993e-01 1.071781e-03 -2.452912e+00 2.502677e-02 -1.057552e-03 9.996862e-01 1.038856e+02
9.996758e-01 -6.012428e-04 2.545141e-02 -4.525419e+00 6.274164e-04 9.999993e-01 -1.020301e-03 -2.473350e+00 -2.545068e-02 1.035935e-03 9.996755e-01 1.047860e+02
9.996313e-01 6.461554e-04 -2.714350e-02 -4.632842e+00 -6.166171e-04 9.999992e-01 1.096481e-03 -2.484960e+00 2.714428e-02 -1.079342e-03 9.996309e-01 1.053465e+02
9.996226e-01 -6.603292e-04 2.746340e-02 -4.653284e+00 6.898310e-04 9.999992e-01 -1.064668e-03 -2.501428e+00 -2.746258e-02 1.083208e-03 9.996222e-01 1.060016e+02
9.996772e-01 6.060417e-04 -2.539845e-02 -4.739490e+00 -5.798842e-04 9.999993e-01 1.037130e-03 -2.517304e+00 2.539916e-02 -1.022070e-03 9.996768e-01 1.067350e+02
9.995969e-01 -6.599707e-04 2.838260e-02 -4.756102e+00 6.915546e-04 9.999992e-01 -1.102898e-03 -2.533112e+00 -2.838175e-02 1.122079e-03 9.995965e-01 1.073576e+02
9.995947e-01 6.673196e-04 -2.845819e-02 -4.814665e+00 -6.344768e-04 9.999991e-01 1.162990e-03 -2.551907e+00 2.845904e-02 -1.144466e-03 9.995942e-01 1.081751e+02
9.995848e-01 -6.845269e-04 2.880462e-02 -4.847851e+00 7.164719e-04 9.999991e-01 -1.098627e-03 -2.573007e+00 -2.880375e-02 1.118805e-03 9.995844e-01 1.090463e+02
9.995743e-01 6.816281e-04 -2.916620e-02 -4.826359e+00 -6.470343e-04 9.999991e-01 1.195420e-03 -2.595789e+00 2.916708e-02 -1.176043e-03 9.995738e-01 1.098972e+02
9.995176e-01 -7.115894e-04 3.104955e-02 -4.782130e+00 7.486424e-04 9.999990e-01 -1.181657e-03 -2.618086e+00 -3.104859e-02 1.204329e-03 9.995171e-01 1.106934e+02
9.996871e-01 5.919467e-04 -2.500400e-02 -4.741799e+00 -5.665616e-04 9.999993e-01 1.022204e-03 -2.636014e+00 2.500468e-02 -1.007721e-03 9.996868e-01 1.113193e+02
9.993729e-01 -7.867812e-04 3.540067e-02 -4.649857e+00 8.346887e-04 9.999988e-01 -1.338461e-03 -2.651437e+00 -3.539947e-02 1.367167e-03 9.993722e-01 1.117757e+02
9.995781e-01 6.958839e-04 -2.903373e-02 -4.443956e+00 -6.617998e-04 9.999991e-01 1.183442e-03 -2.675429e+00 2.903463e-02 -1.163732e-03 9.995777e-01 1.124137e+02
9.993417e-01 -7.713858e-04 3.627103e-02 -3.881332e+00 8.222492e-04 9.999987e-01 -1.387346e-03 -2.701576e+00 -3.626981e-02 1.416253e-03 9.993410e-01 1.126193e+02
9.995608e-01 6.950777e-04 -2.962533e-02 -3.491687e+00 -6.595280e-04 9.999991e-01 1.209634e-03 -2.726406e+00 2.962624e-02 -1.189567e-03 9.995603e-01 1.130165e+02
9.993670e-01 -7.853552e-04 3.556581e-02 -3.421275e+00 8.340871e-04 9.999987e-01 -1.355299e-03 -2.746329e+00 -3.556460e-02 1.384102e-03 9.993664e-01 1.136778e+02
9.996363e-01 6.300164e-04 -2.695908e-02 -3.349192e+00 -5.998928e-04 9.999992e-01 1.125346e-03 -2.765972e+00 2.695987e-02 -1.108767e-03 9.996358e-01 1.143273e+02
9.994286e-01 -7.591698e-04 3.379030e-02 -3.317897e+00 8.039017e-04 9.999988e-01 -1.310160e-03 -2.783714e+00 -3.378916e-02 1.336572e-03 9.994280e-01 1.149646e+02
9.995900e-01 6.566401e-04 -2.862443e-02 -3.354627e+00 -6.228112e-04 9.999991e-01 1.190611e-03 -2.800928e+00 2.862529e-02 -1.172298e-03 9.995895e-01 1.156846e+02
9.994370e-01 -7.428258e-04 3.354309e-02 -3.294217e+00 7.868099e-04 9.999988e-01 -1.298008e-03 -2.820748e+00 -3.354199e-02 1.323665e-03 9.994364e-01 1.163566e+02
9.995556e-01 6.799021e-04 -2.979936e-02 -3.320824e+00 -6.438301e-04 9.999990e-01 1.219973e-03 -2.837208e+00 2.980026e-02 -1.200249e-03 9.995551e-01 1.170228e+02
9.994693e-01 -7.371535e-04 3.256418e-02 -3.340579e+00 7.779025e-04 9.999989e-01 -1.238606e-03 -2.858280e+00 -3.256313e-02 1.263277e-03 9.994688e-01 1.178740e+02
9.998059e-01 4.927379e-04 -1.969441e-02 -3.263431e+00 -4.752974e-04 9.999995e-01 8.900684e-04 -2.885150e+00 1.969494e-02 -8.805383e-04 9.998056e-01 1.188148e+02
9.997420e-01 -5.714171e-04 2.270597e-02 -3.228101e+00 5.920576e-04 9.999994e-01 -9.021894e-04 -2.910767e+00 -2.270534e-02 9.153964e-04 9.997417e-01 1.197717e+02
9.997973e-01 4.971703e-04 -2.012474e-02 -3.293084e+00 -4.796538e-04 9.999995e-01 8.750547e-04 -2.931231e+00 2.012527e-02 -8.652278e-04 9.997970e-01 1.206737e+02
9.996467e-01 -6.370011e-04 2.657130e-02 -3.308711e+00 6.648122e-04 9.999992e-01 -1.037725e-03 -2.950725e+00 -2.657052e-02 1.055020e-03 9.996463e-01 1.214588e+02
9.999610e-01 2.735872e-04 -8.827817e-03 -3.247709e+00 -2.691819e-04 9.999998e-01 4.998513e-04 -2.972425e+00 8.828052e-03 -4.974590e-04 9.999609e-01 1.222214e+02
9.998384e-01 -4.636415e-04 1.796819e-02 -3.184488e+00 4.773838e-04 9.999996e-01 -7.603563e-04 -2.993630e+00 -1.796773e-02 7.688076e-04 9.998382e-01 1.229496e+02
9.998830e-01 3.802833e-04 -1.528797e-02 -3.212922e+00 -3.694995e-04 9.999997e-01 7.079834e-04 -3.011236e+00 1.528834e-02 -7.022551e-04 9.998828e-01 1.236678e+02
9.996680e-01 -6.080916e-04 2.575882e-02 -3.187870e+00 6.344228e-04 9.999993e-01 -1.013937e-03 -3.029557e+00 -2.575809e-02 1.029939e-03 9.996676e-01 1.243417e+02
9.999131e-01 3.642199e-04 -1.317622e-02 -3.087930e+00 -3.558121e-04 9.999997e-01 6.401921e-04 -3.050814e+00 1.317655e-02 -6.354517e-04 9.999129e-01 1.250239e+02
9.997472e-01 -5.644977e-04 2.247613e-02 -3.101262e+00 5.847762e-04 9.999994e-01 -8.955188e-04 -3.072076e+00 -2.247551e-02 9.084324e-04 9.997469e-01 1.258817e+02
9.999570e-01 2.845052e-04 -9.261627e-03 -3.055220e+00 -2.797662e-04 9.999998e-01 5.126037e-04 -3.095365e+00 9.261871e-03 -5.099941e-04 9.999569e-01 1.267279e+02
9.997734e-01 -5.450952e-04 2.127665e-02 -3.011310e+00 5.639530e-04 9.999995e-01 -8.801676e-04 -3.113974e+00 -2.127606e-02 8.919637e-04 9.997732e-01 1.273905e+02
9.998681e-01 4.177855e-04 -1.623297e-02 -3.071773e+00 -4.051090e-04 9.999996e-01 7.839767e-04 -3.137208e+00 1.623339e-02 -7.773008e-04 9.998679e-01 1.284050e+02
9.996722e-01 -6.229508e-04 2.559460e-02 -3.070031e+00 6.491807e-04 9.999993e-01 -1.016390e-03 -3.162622e+00 -2.559385e-02 1.032669e-03 9.996718e-01 1.294087e+02
9.997971e-01 5.059344e-04 -2.013293e-02 -3.057680e+00 -4.876499e-04 9.999995e-01 9.129085e-04 -3.187202e+00 2.013348e-02 -9.029091e-04 9.997968e-01 1.303569e+02
9.997911e-01 -4.911233e-04 2.043029e-02 -2.681352e+00 5.095082e-04 9.999995e-01 -8.945195e-04 -3.210439e+00 -2.042974e-02 9.047385e-04 9.997908e-01 1.306906e+02
9.998083e-01 4.790846e-04 -1.957200e-02 -2.538152e+00 -4.614003e-04 9.999995e-01 9.078728e-04 -3.232010e+00 1.957253e-02 -8.986718e-04 9.998080e-01 1.313058e+02
9.997037e-01 -5.628777e-04 2.433449e-02 -2.431360e+00 5.878899e-04 9.999993e-01 -1.020566e-03 -3.253652e+00 -2.433379e-02 1.034566e-03 9.997033e-01 1.319840e+02
9.995953e-01 6.689952e-04 -2.843881e-02 -2.295319e+00 -6.348283e-04 9.999991e-01 1.210300e-03 -3.273700e+00 2.843969e-02 -1.191760e-03 9.995948e-01 1.325328e+02
9.999396e-01 -1.941942e-04 1.098792e-02 -2.260597e+00 2.000295e-04 9.999998e-01 -5.296566e-04 -3.284463e+00 -1.098772e-02 5.318190e-04 9.999394e-01 1.328799e+02
9.999723e-01 8.443069e-05 -7.432872e-03 -2.299397e+00 -8.131779e-05 9.999999e-01 4.186347e-04 -3.296567e+00 7.433007e-03 -4.180222e-04 9.999722e-01 1.333816e+02
9.999035e-01 -2.334489e-04 1.388518e-02 -2.289361e+00 2.417767e-04 9.999998e-01 -5.978413e-04 -3.316255e+00 -1.388494e-02 6.011372e-04 9.999034e-01 1.341294e+02
9.999407e-01 1.310371e-04 -1.088597e-02 -2.327078e+00 -1.250752e-04 9.999998e-01 5.480234e-04 -3.336562e+00 1.088614e-02 -5.466328e-04 9.999405e-01 1.349791e+02
9.998987e-01 -2.509582e-04 1.423036e-02 -2.382841e+00 2.604366e-04 9.999997e-01 -6.639786e-04 -3.341641e+00 -1.423009e-02 6.676138e-04 9.998985e-01 1.352200e+02
9.999268e-01 1.919543e-04 -1.209151e-02 -2.175544e+00 -1.846956e-04 9.999998e-01 6.011314e-04 -3.355655e+00 1.209172e-02 -5.988577e-04 9.999267e-01 1.354505e+02
9.998634e-01 -3.024381e-04 1.652550e-02 -2.164923e+00 3.140711e-04 9.999997e-01 -7.011367e-04 -3.376483e+00 -1.652519e-02 7.062275e-04 9.998631e-01 1.362445e+02
9.999015e-01 2.256520e-04 -1.403135e-02 -2.174148e+00 -2.165490e-04 9.999998e-01 6.500268e-04 -3.394300e+00 1.403159e-02 -6.469279e-04 9.999013e-01 1.369376e+02
9.998000e-01 -3.507613e-04 1.999522e-02 -2.068358e+00 3.672075e-04 9.999996e-01 -8.186634e-04 -3.413834e+00 -1.999482e-02 8.258385e-04 9.997997e-01 1.375307e+02
9.998462e-01 2.953143e-04 -1.753023e-02 -2.014539e+00 -2.820432e-04 9.999997e-01 7.592970e-04 -3.430183e+00 1.753055e-02 -7.542395e-04 9.998460e-01 1.380658e+02
9.997980e-01 -3.625405e-04 2.009440e-02 -2.025962e+00 3.788755e-04 9.999996e-01 -8.089358e-04 -3.448048e+00 -2.009400e-02 8.163821e-04 9.997977e-01 1.387677e+02
9.998204e-01 3.205469e-04 -1.894566e-02 -2.019954e+00 -3.050268e-04 9.999996e-01 8.218825e-04 -3.467975e+00 1.894602e-02 -8.159596e-04 9.998201e-01 1.395237e+02
9.998217e-01 -3.384596e-04 1.887724e-02 -2.006084e+00 3.533105e-04 9.999996e-01 -7.831895e-04 -3.485728e+00 -1.887686e-02 7.897158e-04 9.998215e-01 1.401764e+02
9.997804e-01 3.841099e-04 -2.094842e-02 -2.044296e+00 -3.651174e-04 9.999995e-01 9.102708e-04 -3.506481e+00 2.094886e-02 -9.024258e-04 9.997801e-01 1.410426e+02
9.997749e-01 -4.152396e-04 2.121244e-02 -2.012328e+00 4.332027e-04 9.999996e-01 -8.420666e-04 -3.530326e+00 -2.121198e-02 8.510627e-04 9.997746e-01 1.419189e+02
9.998448e-01 3.190834e-04 -1.760964e-02 -2.035661e+00 -3.055614e-04 9.999997e-01 7.703491e-04 -3.550289e+00 1.760998e-02 -7.648524e-04 9.998446e-01 1.427294e+02
9.998542e-01 -3.204537e-04 1.707175e-02 -2.246494e+00 3.333956e-04 9.999997e-01 -7.550418e-04 -3.558303e+00 -1.707140e-02 7.606198e-04 9.998539e-01 1.432938e+02
9.998459e-01 3.179859e-04 -1.754668e-02 -2.522920e+00 -3.046232e-04 9.999997e-01 7.640102e-04 -3.565411e+00 1.754702e-02 -7.585509e-04 9.998457e-01 1.439143e+02
9.997563e-01 -4.394256e-04 2.206792e-02 -2.693611e+00 4.589410e-04 9.999995e-01 -8.791152e-04 -3.581967e+00 -2.206742e-02 8.890253e-04 9.997560e-01 1.448084e+02
9.997893e-01 3.815729e-04 -2.052195e-02 -2.798000e+00 -3.626999e-04 9.999995e-01 9.231805e-04 -3.607812e+00 2.052239e-02 -9.155462e-04 9.997889e-01 1.460034e+02
9.997078e-01 -4.844250e-04 2.416642e-02 -2.877648e+00 5.082028e-04 9.999994e-01 -9.776384e-04 -3.630146e+00 -2.416583e-02 9.896305e-04 9.997074e-01 1.470114e+02
9.997357e-01 4.400410e-04 -2.298191e-02 -2.926385e+00 -4.167417e-04 9.999994e-01 1.018426e-03 -3.652775e+00 2.298244e-02 -1.008583e-03 9.997353e-01 1.479764e+02
9.997358e-01 -4.517047e-04 2.298021e-02 -3.112731e+00 4.745789e-04 9.999994e-01 -9.897866e-04 -3.666950e+00 -2.297965e-02 1.000427e-03 9.997354e-01 1.487791e+02
9.997419e-01 4.390201e-04 -2.271084e-02 -3.423850e+00 -4.163263e-04 9.999994e-01 1.003801e-03 -3.677948e+00 2.271137e-02 -9.940908e-04 9.997415e-01 1.496299e+02
9.997257e-01 -4.753540e-04 2.341449e-02 -3.526364e+00 4.974926e-04 9.999994e-01 -9.395383e-04 -3.702479e+00 -2.341393e-02 9.509255e-04 9.997254e-01 1.507646e+02
9.997131e-01 4.721402e-04 -2.394416e-02 -3.617307e+00 -4.472898e-04 9.999994e-01 1.043035e-03 -3.726962e+00 2.394473e-02 -1.032030e-03 9.997127e-01 1.518716e+02
9.997394e-01 -4.495327e-04 2.282265e-02 -3.825381e+00 4.717360e-04 9.999994e-01 -9.673319e-04 -3.743184e+00 -2.282210e-02 9.778425e-04 9.997390e-01 1.527921e+02
9.996834e-01 5.167665e-04 -2.515465e-02 -4.241571e+00 -4.910222e-04 9.999993e-01 1.029459e-03 -3.744250e+00 2.515527e-02 -1.016785e-03 9.996830e-01 1.533389e+02
9.997220e-01 -4.680723e-04 2.357251e-02 -4.699353e+00 4.918934e-04 9.999994e-01 -1.004608e-03 -3.742114e+00 -2.357192e-02 1.015920e-03 9.997216e-01 1.538097e+02
9.996190e-01 5.780586e-04 -2.759517e-02 -4.958474e+00 -5.466158e-04 9.999992e-01 1.146829e-03 -3.750049e+00 2.759592e-02 -1.131312e-03 9.996185e-01 1.544338e+02
9.998108e-01 -3.554083e-04 1.944484e-02 -5.233625e+00 3.722408e-04 9.999996e-01 -8.618605e-04 -3.752959e+00 -1.944442e-02 8.689321e-04 9.998105e-01 1.548623e+02
9.997899e-01 3.758908e-04 -2.049165e-02 -5.540385e+00 -3.578755e-04 9.999995e-01 8.826342e-04 -3.757595e+00 2.049207e-02 -8.751189e-04 9.997896e-01 1.554183e+02
9.998052e-01 -3.702197e-04 1.972963e-02 -5.712743e+00 3.865472e-04 9.999996e-01 -8.235804e-04 -3.773269e+00 -1.972922e-02 8.310428e-04 9.998050e-01 1.562631e+02
9.997123e-01 4.572610e-04 -2.398067e-02 -5.735190e+00 -4.328415e-04 9.999994e-01 1.023329e-03 -3.793919e+00 2.398122e-02 -1.012658e-03 9.997118e-01 1.570826e+02
9.999390e-01 -1.365551e-04 1.104174e-02 -5.681757e+00 1.420959e-04 9.999999e-01 -5.007091e-04 -3.809645e+00 -1.104157e-02 5.022439e-04 9.999389e-01 1.575834e+02
9.996728e-01 5.159361e-04 -2.557396e-02 -5.675860e+00 -4.890981e-04 9.999993e-01 1.055534e-03 -3.824883e+00 2.557458e-02 -1.042684e-03 9.996723e-01 1.581423e+02
9.997328e-01 -4.667962e-04 2.310863e-02 -5.673944e+00 4.882194e-04 9.999995e-01 -9.212865e-04 -3.844256e+00 -2.310809e-02 9.323189e-04 9.997325e-01 1.588751e+02
9.997178e-01 4.707652e-04 -2.374666e-02 -5.782380e+00 -4.483065e-04 9.999994e-01 9.509328e-04 -3.854486e+00 2.374720e-02 -9.400222e-04 9.997175e-01 1.593814e+02
9.997222e-01 -4.730745e-04 2.356357e-02 -5.934818e+00 4.952484e-04 9.999994e-01 -9.350573e-04 -3.864295e+00 -2.356302e-02 9.464638e-04 9.997219e-01 1.599410e+02
9.996705e-01 5.249230e-04 -2.566130e-02 -6.015592e+00 -4.984219e-04 9.999993e-01 1.038976e-03 -3.879554e+00 2.566192e-02 -1.025847e-03 9.996701e-01 1.606276e+02
9.997437e-01 -4.703152e-04 2.263159e-02 -6.014017e+00 4.905059e-04 9.999995e-01 -8.864597e-04 -3.899303e+00 -2.263106e-02 8.973299e-04 9.997434e-01 1.613737e+02
9.996160e-01 5.662094e-04 -2.770169e-02 -5.674050e+00 -5.355393e-04 9.999992e-01 1.114438e-03 -3.925145e+00 2.770240e-02 -1.099179e-03 9.996156e-01 1.618680e+02
9.997687e-01 -4.252698e-04 2.150103e-02 -5.087343e+00 4.438290e-04 9.999995e-01 -8.582595e-04 -3.953177e+00 -2.150055e-02 8.676002e-04 9.997684e-01 1.620886e+02
9.996844e-01 5.256035e-04 -2.511385e-02 -4.381873e+00 -4.998159e-04 9.999993e-01 1.032957e-03 -3.985577e+00 2.511447e-02 -1.020082e-03 9.996840e-01 1.623208e+02
9.997398e-01 -4.492037e-04 2.280497e-02 -3.680533e+00 4.700221e-04 9.999995e-01 -9.073968e-04 -4.017470e+00 -2.280445e-02 9.178760e-04 9.997395e-01 1.625426e+02
9.997679e-01 4.418204e-04 -2.153596e-02 -3.344700e+00 -4.219705e-04 9.999995e-01 9.260877e-04 -4.045554e+00 2.153646e-02 -9.167888e-04 9.997676e-01 1.631583e+02
9.997250e-01 -4.540997e-04 2.344595e-02 -2.774097e+00 4.754761e-04 9.999995e-01 -9.060273e-04 -4.081538e+00 -2.344543e-02 9.169226e-04 9.997246e-01 1.637603e+02
9.997288e-01 4.768422e-04 -2.328276e-02 -2.133073e+00 -4.545570e-04 9.999994e-01 9.622883e-04 -4.114793e+00 2.328330e-02 -9.514475e-04 9.997284e-01 1.641340e+02
9.997546e-01 -4.702422e-04 2.214468e-02 -2.018924e+00 4.899678e-04 9.999995e-01 -8.851991e-04 -4.135500e+00 -2.214415e-02 8.958286e-04 9.997543e-01 1.647639e+02
9.996975e-01 5.072121e-04 -2.458738e-02 -1.894855e+00 -4.823722e-04 9.999994e-01 1.016054e-03 -4.157934e+00 2.458798e-02 -1.003890e-03 9.996971e-01 1.654465e+02
9.997093e-01 -4.945062e-04 2.410522e-02 -1.254878e+00 5.167328e-04 9.999994e-01 -9.157116e-04 -4.195104e+00 -2.410466e-02 9.278979e-04 9.997090e-01 1.659990e+02
9.997859e-01 5.007860e-04 -2.068259e-02 -2.016658e-01 -4.827715e-04 9.999995e-01 8.758192e-04 -4.239734e+00 2.068312e-02 -8.656502e-04 9.997857e-01 1.662688e+02
9.997202e-01 -5.023118e-04 2.364603e-02 6.045292e-01 5.239289e-04 9.999995e-01 -9.078749e-04 -4.277020e+00 -2.364546e-02 9.200063e-04 9.997199e-01 1.665862e+02
9.997864e-01 5.023908e-04 -2.066141e-02 1.347370e+00 -4.849498e-04 9.999995e-01 8.489735e-04 -4.310353e+00 2.066193e-02 -8.387759e-04 9.997861e-01 1.668302e+02
9.997373e-01 -4.862240e-04 2.291452e-02 2.333824e+00 5.063171e-04 9.999995e-01 -8.709391e-04 -4.351364e+00 -2.291398e-02 8.823088e-04 9.997370e-01 1.670491e+02
9.997628e-01 5.034692e-04 -2.177047e-02 3.313225e+00 -4.841577e-04 9.999995e-01 8.921529e-04 -4.392692e+00 2.177101e-02 -8.814044e-04 9.997625e-01 1.672929e+02
9.997563e-01 -4.734765e-04 2.206649e-02 4.479270e+00 4.917897e-04 9.999995e-01 -8.243439e-04 -4.439608e+00 -2.206599e-02 8.349916e-04 9.997561e-01 1.674968e+02
9.997708e-01 4.953363e-04 -2.140065e-02 5.710653e+00 -4.766121e-04 9.999995e-01 8.798710e-04 -4.487850e+00 2.140117e-02 -8.694729e-04 9.997705e-01 1.676717e+02
9.997686e-01 -4.718306e-04 2.150638e-02 7.041717e+00 4.890160e-04 9.999996e-01 -7.936836e-04 -4.538924e+00 -2.150589e-02 8.040134e-04 9.997683e-01 1.678272e+02
9.997691e-01 4.998788e-04 -2.148235e-02 8.494274e+00 -4.803970e-04 9.999995e-01 9.118672e-04 -4.596283e+00 2.148290e-02 -9.013400e-04 9.997688e-01 1.680614e+02
9.997617e-01 -4.760848e-04 2.182262e-02 1.014008e+01 4.931213e-04 9.999996e-01 -7.751555e-04 -4.661397e+00 -2.182215e-02 7.857285e-04 9.997615e-01 1.683370e+02
9.997888e-01 4.955375e-04 -2.054236e-02 1.183442e+01 -4.775846e-04 9.999995e-01 8.786775e-04 -4.728911e+00 2.054288e-02 -8.686846e-04 9.997885e-01 1.686453e+02
9.997695e-01 -4.929152e-04 2.146374e-02 1.320273e+01 5.095412e-04 9.999996e-01 -7.689977e-04 -4.788411e+00 -2.146325e-02 7.797536e-04 9.997693e-01 1.690891e+02
9.997845e-01 4.875250e-04 -2.074901e-02 1.432642e+01 -4.694528e-04 9.999995e-01 8.756892e-04 -4.841550e+00 2.074953e-02 -8.657632e-04 9.997843e-01 1.696147e+02
9.997264e-01 -4.905355e-04 2.338437e-02 1.555367e+01 5.106107e-04 9.999995e-01 -8.523884e-04 -4.895191e+00 -2.338384e-02 8.640920e-04 9.997261e-01 1.700044e+02
9.997505e-01 4.925400e-04 -2.233034e-02 1.656192e+01 -4.717665e-04 9.999995e-01 9.353907e-04 -4.945049e+00 2.233088e-02 -9.246260e-04 9.997502e-01 1.705581e+02
9.997585e-01 -4.673111e-04 2.196890e-02 1.777074e+01 4.850164e-04 9.999996e-01 -8.004599e-04 -4.998251e+00 -2.196842e-02 8.109184e-04 9.997583e-01 1.709533e+02
9.997857e-01 4.792717e-04 -2.069307e-02 1.899190e+01 -4.616448e-04 9.999995e-01 8.564345e-04 -5.049220e+00 2.069357e-02 -8.467015e-04 9.997855e-01 1.712484e+02
9.997579e-01 -4.683069e-04 2.199636e-02 1.998934e+01 4.867122e-04 9.999995e-01 -8.312510e-04 -5.091668e+00 -2.199586e-02 8.417522e-04 9.997577e-01 1.715075e+02
9.997524e-01 4.931814e-04 -2.224609e-02 2.098136e+01 -4.727140e-04 9.999995e-01 9.251411e-04 -5.135295e+00 2.224663e-02 -9.143993e-04 9.997520e-01 1.718176e+02
9.997574e-01 -4.665652e-04 2.202009e-02 2.206959e+01 4.846272e-04 9.999996e-01 -8.147751e-04 -5.183468e+00 -2.201960e-02 8.252455e-04 9.997571e-01 1.721730e+02
9.998226e-01 4.732113e-04 -1.882694e-02 2.327861e+01 -4.581803e-04 9.999996e-01 8.025069e-04 -5.234450e+00 1.882741e-02 -7.937418e-04 9.998224e-01 1.724789e+02
9.997889e-01 -4.755491e-04 2.053845e-02 2.443259e+01 4.911491e-04 9.999996e-01 -7.543570e-04 -5.285256e+00 -2.053799e-02 7.642818e-04 9.997887e-01 1.728552e+02
9.998133e-01 4.786182e-04 -1.931675e-02 2.580584e+01 -4.625332e-04 9.999995e-01 8.369848e-04 -5.342649e+00 1.931725e-02 -8.278972e-04 9.998130e-01 1.731988e+02
9.997746e-01 -4.617431e-04 2.122260e-02 2.744727e+01 4.784556e-04 9.999996e-01 -7.822665e-04 -5.406280e+00 -2.122213e-02 7.922409e-04 9.997744e-01 1.734198e+02
9.998179e-01 4.763978e-04 -1.907366e-02 2.915177e+01 -4.605002e-04 9.999995e-01 8.376923e-04 -5.472564e+00 1.907415e-02 -8.287597e-04 9.998177e-01 1.736568e+02
9.997908e-01 -4.583567e-04 2.044719e-02 3.090876e+01 4.737427e-04 9.999996e-01 -7.474826e-04 -5.540057e+00 -2.044674e-02 7.570095e-04 9.997906e-01 1.738746e+02
9.998192e-01 4.820515e-04 -1.900775e-02 3.274574e+01 -4.661041e-04 9.999995e-01 8.432386e-04 -5.610573e+00 1.900825e-02 -8.342298e-04 9.998189e-01 1.741050e+02
9.998031e-01 -4.578010e-04 1.983335e-02 3.468227e+01 4.719488e-04 9.999996e-01 -7.084947e-04 -5.684799e+00 -1.983292e-02 7.177122e-04 9.998030e-01 1.743501e+02
9.998202e-01 4.861827e-04 -1.895203e-02 3.670156e+01 -4.701323e-04 9.999995e-01 8.511670e-04 -5.762255e+00 1.895253e-02 -8.421073e-04 9.998200e-01 1.746113e+02
9.998120e-01 -4.726359e-04 1.938398e-02 3.836829e+01 4.865657e-04 9.999996e-01 -7.137501e-04 -5.829324e+00 -1.938354e-02 7.230441e-04 9.998118e-01 1.749512e+02
9.998254e-01 4.794680e-04 -1.867926e-02 3.992935e+01 -4.638905e-04 9.999995e-01 8.380896e-04 -5.893809e+00 1.867976e-02 -8.292814e-04 9.998251e-01 1.753296e+02
9.998150e-01 -4.582320e-04 1.922606e-02 4.156044e+01 4.723681e-04 9.999996e-01 -7.305535e-04 -5.956924e+00 -1.922561e-02 7.394968e-04 9.998148e-01 1.755533e+02
9.998253e-01 4.954447e-04 -1.868356e-02 4.339766e+01 -4.797721e-04 9.999995e-01 8.431393e-04 -6.024744e+00 1.868407e-02 -8.340314e-04 9.998250e-01 1.756833e+02
9.998190e-01 -4.674083e-04 1.901832e-02 4.504746e+01 4.814501e-04 9.999996e-01 -7.335886e-04 -6.087590e+00 -1.901787e-02 7.426088e-04 9.998188e-01 1.758778e+02
9.998162e-01 4.944269e-04 -1.916291e-02 4.632271e+01 -4.788965e-04 9.999996e-01 8.148494e-04 -6.136355e+00 1.916341e-02 -8.055258e-04 9.998160e-01 1.760260e+02
9.998082e-01 -4.728926e-04 1.957844e-02 4.751235e+01 4.879634e-04 9.999996e-01 -7.648332e-04 -6.182365e+00 -1.957797e-02 7.742367e-04 9.998080e-01 1.761776e+02
9.998141e-01 5.001647e-04 -1.926987e-02 4.882007e+01 -4.843008e-04 9.999995e-01 8.277384e-04 -6.231969e+00 1.927037e-02 -8.182555e-04 9.998139e-01 1.763130e+02
9.997961e-01 -4.746002e-04 2.018436e-02 5.023446e+01 4.903811e-04 9.999996e-01 -7.767355e-04 -6.285241e+00 -2.018388e-02 7.864718e-04 9.997959e-01 1.764430e+02
9.998124e-01 4.974459e-04 -1.936230e-02 5.158214e+01 -4.814762e-04 9.999995e-01 8.292660e-04 -6.336531e+00 1.936280e-02 -8.197912e-04 9.998121e-01 1.765822e+02
