9.999389e-01 2.330330e-04 -1.105042e-02 4.261405e-02 -2.279678e-04 9.999999e-01 4.596259e-04 -6.729124e-03 1.105053e-02 -4.570782e-04 9.999387e-01 1.120374e-01
9.999112e-01 -2.831793e-04 1.332523e-02 8.887476e-02 2.906124e-04 9.999998e-01 -5.558886e-04 -1.446714e-02 -1.332507e-02 5.597122e-04 9.999110e-01 2.869538e-01
9.999992e-01 6.138011e-05 -1.264028e-03 1.469279e-01 -6.124722e-05 1.000000e+00 1.051543e-04 -2.080506e-02 1.264034e-03 -1.050763e-04 9.999991e-01 4.381541e-01
9.999996e-01 -6.972283e-05 8.737437e-04 1.980623e-01 6.978604e-05 1.000000e+00 -7.229470e-05 -2.815821e-02 -8.737383e-04 7.235612e-05 9.999995e-01 5.918504e-01
9.998312e-01 5.229913e-04 -1.836758e-02 2.423310e-01 -5.088413e-04 9.999996e-01 7.750386e-04 -3.401318e-02 1.836797e-02 -7.655610e-04 9.998309e-01 6.890127e-01
9.999256e-01 -4.079444e-04 1.218932e-02 2.801538e-01 4.143303e-04 9.999998e-01 -5.213732e-04 -3.989301e-02 -1.218911e-02 5.263854e-04 9.999255e-01 7.626524e-01
9.999367e-01 3.706227e-04 -1.124915e-02 3.131785e-01 -3.654933e-04 9.999998e-01 4.580359e-04 -4.635060e-02 1.124932e-02 -4.538948e-04 9.999365e-01 8.839852e-01
9.999053e-01 -4.252307e-04 1.375654e-02 3.540702e-01 4.331790e-04 9.999997e-01 -5.748061e-04 -5.363238e-02 -1.375630e-02 5.807113e-04 9.999051e-01 1.047221e+00
9.998196e-01 5.197279e-04 -1.898796e-02 3.889337e-01 -5.053029e-04 9.999996e-01 7.644782e-04 -6.141877e-02 1.898834e-02 -7.547451e-04 9.998193e-01 1.220125e+00
9.999363e-01 -3.771131e-04 1.128465e-02 4.249690e-01 3.821787e-04 9.999998e-01 -4.467400e-04 -6.950171e-02 -1.128448e-02 4.510249e-04 9.999361e-01 1.402489e+00
9.999459e-01 3.430381e-04 -1.039969e-02 4.519552e-01 -3.388298e-04 9.999999e-01 4.064093e-04 -7.672786e-02 1.039982e-02 -4.028630e-04 9.999457e-01 1.563799e+00
9.999270e-01 -3.876373e-04 1.208011e-02 4.672163e-01 3.935907e-04 9.999998e-01 -4.904530e-04 -8.323066e-02 -1.207992e-02 4.951723e-04 9.999268e-01 1.707166e+00
9.999592e-01 3.193746e-04 -9.024208e-03 4.967918e-01 -3.161441e-04 9.999999e-01 3.594011e-04 -9.008332e-02 9.024319e-03 -3.565329e-04 9.999591e-01 1.862516e+00
9.997271e-01 -5.175426e-04 2.335637e-02 5.578363e-01 5.389578e-04 9.999994e-01 -9.106014e-04 -9.640546e-02 -2.335589e-02 9.229415e-04 9.997267e-01 2.023122e+00
9.999985e-01 8.952752e-06 1.757003e-03 6.278449e-01 -9.072570e-06 1.000000e+00 6.819496e-05 -1.013486e-01 -1.757001e-03 -6.821037e-05 9.999984e-01 2.160857e+00
9.997661e-01 -4.868257e-04 2.162042e-02 6.924914e-01 5.053968e-04 9.999995e-01 -8.535026e-04 -1.064943e-01 -2.161999e-02 8.642302e-04 9.997658e-01 2.302609e+00
9.999498e-01 2.882129e-04 -1.001513e-02 7.420531e-01 -2.839234e-04 9.999999e-01 4.297221e-04 -1.128111e-01 1.001526e-02 -4.268567e-04 9.999497e-01 2.449281e+00
9.998302e-01 -4.064473e-04 1.842497e-02 7.827394e-01 4.206278e-04 9.999996e-01 -7.657669e-04 -1.193140e-01 -1.842465e-02 7.733872e-04 9.998299e-01 2.603285e+00
9.998939e-01 3.538306e-04 -1.456367e-02 8.232143e-01 -3.452800e-04 9.999998e-01 5.896292e-04 -1.261190e-01 1.456388e-02 -5.845379e-04 9.998937e-01 2.751830e+00
9.998969e-01 -3.915229e-04 1.435311e-02 8.593352e-01 4.001431e-04 9.999997e-01 -5.977135e-04 -1.336935e-01 -1.435286e-02 6.033955e-04 9.998967e-01 2.922498e+00
9.999185e-01 3.538511e-04 -1.276217e-02 8.941051e-01 -3.474782e-04 9.999998e-01 5.015714e-04 -1.404322e-01 1.276235e-02 -4.970957e-04 9.999183e-01 3.068197e+00
9.998664e-01 -3.960181e-04 1.634200e-02 9.197882e-01 4.070795e-04 9.999997e-01 -6.735517e-04 -1.456877e-01 -1.634172e-02 6.801144e-04 9.998661e-01 3.153644e+00
9.999472e-01 3.121347e-04 -1.027089e-02 9.521023e-01 -3.078134e-04 9.999999e-01 4.223115e-04 -1.521084e-01 1.027103e-02 -4.191275e-04 9.999471e-01 3.298920e+00
9.998802e-01 -3.890555e-04 1.547661e-02 1.006217e+00 3.993435e-04 9.999997e-01 -6.616584e-04 -1.592010e-01 -1.547634e-02 6.677598e-04 9.998799e-01 3.454116e+00
9.999392e-01 3.244246e-04 -1.102330e-02 1.064052e+00 -3.193961e-04 9.999998e-01 4.579271e-04 -1.662563e-01 1.102346e-02 -4.543783e-04 9.999390e-01 3.599680e+00
9.998716e-01 -3.581254e-04 1.602080e-02 1.120578e+00 3.695075e-04 9.999997e-01 -7.075003e-04 -1.725727e-01 -1.602053e-02 7.133294e-04 9.998713e-01 3.710905e+00
9.999820e-01 1.795032e-04 -5.995204e-03 1.218481e+00 -1.774661e-04 9.999999e-01 3.403190e-04 -1.775987e-01 5.995275e-03 -3.392488e-04 9.999819e-01 3.753638e+00
9.999572e-01 -2.515259e-04 9.250776e-03 1.336049e+00 2.564181e-04 9.999998e-01 -5.276644e-04 -1.838971e-01 -9.250632e-03 5.300140e-04 9.999570e-01 3.818904e+00
9.999820e-01 1.682048e-04 -5.999493e-03 1.444726e+00 -1.662333e-04 9.999999e-01 3.291068e-04 -1.915940e-01 5.999558e-03 -3.281035e-04 9.999818e-01 3.958429e+00
9.999603e-01 -2.415450e-04 8.906636e-03 1.536384e+00 2.460704e-04 9.999998e-01 -5.070017e-04 -1.991163e-01 -8.906501e-03 5.091733e-04 9.999601e-01 4.093510e+00
9.999897e-01 1.615727e-04 -4.542468e-03 1.614679e+00 -1.602557e-04 9.999999e-01 2.902957e-04 -2.066554e-01 4.542526e-03 -2.895647e-04 9.999895e-01 4.245186e+00
9.999681e-01 -2.301838e-04 7.987024e-03 1.704533e+00 2.340405e-04 9.999999e-01 -4.819408e-04 -2.141729e-01 -7.986900e-03 4.837946e-04 9.999679e-01 4.382704e+00
9.999841e-01 1.862951e-04 -5.629717e-03 1.772867e+00 -1.844009e-04 9.999999e-01 3.369800e-04 -2.206664e-01 5.629791e-03 -3.359366e-04 9.999840e-01 4.486846e+00
9.999684e-01 -2.359214e-04 7.945715e-03 1.827204e+00 2.396715e-04 9.999999e-01 -4.710195e-04 -2.273721e-01 -7.945591e-03 4.729089e-04 9.999682e-01 4.612069e+00
9.999767e-01 1.963198e-04 -6.818629e-03 1.879341e+00 -1.937147e-04 9.999999e-01 3.827061e-04 -2.343795e-01 6.818715e-03 -3.813764e-04 9.999766e-01 4.749493e+00
9.999691e-01 -2.394147e-04 7.862272e-03 1.906504e+00 2.430589e-04 9.999999e-01 -4.625486e-04 -2.402562e-01 -7.862148e-03 4.644452e-04 9.999689e-01 4.858284e+00
9.999815e-01 1.802240e-04 -6.082531e-03 1.934851e+00 -1.780438e-04 9.999999e-01 3.589704e-04 -2.466721e-01 6.082608e-03 -3.578809e-04 9.999813e-01 4.996913e+00
9.999740e-01 -2.012304e-04 7.209629e-03 1.977969e+00 2.044818e-04 9.999999e-01 -4.502450e-04 -2.525400e-01 -7.209525e-03 4.517075e-04 9.999738e-01 5.087703e+00
9.999999e-01 1.041189e-04 -3.432610e-04 2.024478e+00 -1.040631e-04 1.000000e+00 1.625391e-04 -2.588697e-01 3.432910e-04 -1.625035e-04 9.999998e-01 5.218505e+00
9.999670e-01 -2.075058e-04 8.118784e-03 2.079867e+00 2.115102e-04 9.999999e-01 -4.923662e-04 -2.654395e-01 -8.118667e-03 4.940670e-04 9.999668e-01 5.357239e+00
9.999994e-01 9.405599e-05 -1.058063e-03 2.161771e+00 -9.385164e-05 1.000000e+00 1.931471e-04 -2.726199e-01 1.058096e-03 -1.930478e-04 9.999993e-01 5.501924e+00
9.999981e-01 -1.041036e-04 1.942604e-03 2.232061e+00 1.046607e-04 1.000000e+00 -2.866434e-04 -2.790360e-01 -1.942559e-03 2.868459e-04 9.999980e-01 5.591417e+00
9.999954e-01 1.121321e-04 -3.016060e-03 2.294043e+00 -1.112969e-04 1.000000e+00 2.770688e-04 -2.852624e-01 3.016105e-03 -2.767320e-04 9.999953e-01 5.668397e+00
9.999990e-01 -7.457778e-05 1.437935e-03 2.398641e+00 7.495998e-05 1.000000e+00 -2.657241e-04 -2.897086e-01 -1.437901e-03 2.658315e-04 9.999988e-01 5.639142e+00
9.999959e-01 1.186062e-04 -2.857725e-03 2.487571e+00 -1.177983e-04 1.000000e+00 2.828562e-04 -2.939941e-01 2.857773e-03 -2.825186e-04 9.999958e-01 5.610562e+00
9.999870e-01 -1.510466e-04 5.091305e-03 2.572311e+00 1.531839e-04 9.999999e-01 -4.193958e-04 -2.997080e-01 -5.091226e-03 4.201701e-04 9.999869e-01 5.660119e+00
9.999620e-01 2.448465e-04 -8.719275e-03 2.669448e+00 -2.401438e-04 9.999998e-01 5.403834e-04 -3.051036e-01 8.719420e-03 -5.382691e-04 9.999617e-01 5.669806e+00
9.999823e-01 -1.708097e-04 5.944024e-03 2.748784e+00 1.734606e-04 9.999999e-01 -4.454518e-04 -3.107241e-01 -5.943933e-03 4.464748e-04 9.999821e-01 5.706730e+00
9.999833e-01 1.491560e-04 -5.775925e-03 2.791853e+00 -1.467770e-04 9.999999e-01 4.122895e-04 -3.178407e-01 5.776000e-03 -4.114350e-04 9.999831e-01 5.842189e+00
9.999075e-01 3.679226e-04 -1.359276e-02 2.836912e+00 -3.639251e-04 9.999999e-01 2.965580e-04 -3.225406e-01 1.359288e-02 -2.915839e-04 9.999075e-01 5.900730e+00
9.996514e-01 7.154310e-04 -2.639113e-02 2.886843e+00 -6.841415e-04 9.999991e-01 1.194617e-03 -3.248915e-01 2.639197e-02 -1.176145e-03 9.996509e-01 5.912899e+00
9.997438e-01 6.103931e-04 -2.262681e-02 2.929954e+00 -5.939431e-04 9.999996e-01 7.337237e-04 -3.264784e-01 2.262725e-02 -7.200964e-04 9.997436e-01 5.902088e+00
9.997501e-01 6.145524e-04 -2.234637e-02 2.982815e+00 -5.924500e-04 9.999993e-01 9.956884e-04 -3.273360e-01 2.234697e-02 -9.822000e-04 9.997497e-01 5.850636e+00
9.992916e-01 9.798539e-04 -3.761969e-02 3.053579e+00 -9.276009e-04 9.999986e-01 1.406409e-03 -3.290487e-01 3.762100e-02 -1.370516e-03 9.992910e-01 5.851081e+00
9.995245e-01 8.201414e-04 -3.082407e-02 3.120818e+00 -7.781340e-04 9.999988e-01 1.374780e-03 -3.314866e-01 3.082514e-02 -1.350141e-03 9.995238e-01 5.909058e+00
9.990185e-01 1.235252e-03 -4.427678e-02 3.174155e+00 -1.167465e-03 9.999981e-01 1.556799e-03 -3.307150e-01 4.427860e-02 -1.503578e-03 9.990180e-01 5.866954e+00
9.992707e-01 1.045556e-03 -3.817063e-02 3.224734e+00 -9.831595e-04 9.999981e-01 1.653397e-03 -3.271384e-01 3.817226e-02 -1.614661e-03 9.992698e-01 5.716493e+00
9.989060e-01 1.325297e-03 -4.674514e-02 3.280344e+00 -1.250540e-03 9.999979e-01 1.628439e-03 -3.229048e-01 4.674716e-02 -1.568199e-03 9.989054e-01 5.545711e+00
9.989936e-01 1.156908e-03 -4.483809e-02 3.333080e+00 -1.068166e-03 9.999974e-01 2.003065e-03 -3.207217e-01 4.484024e-02 -1.953153e-03 9.989922e-01 5.468841e+00
9.989005e-01 1.301918e-03 -4.686242e-02 3.382667e+00 -1.223522e-03 9.999978e-01 1.701524e-03 -3.207797e-01 4.686448e-02 -1.642314e-03 9.988998e-01 5.489079e+00
9.992398e-01 1.011511e-03 -3.897049e-02 3.428929e+00 -9.451868e-04 9.999981e-01 1.720274e-03 -3.199376e-01 3.897209e-02 -1.682130e-03 9.992388e-01 5.464093e+00
9.994166e-01 1.000668e-03 -3.413823e-02 3.468470e+00 -9.622101e-04 9.999989e-01 1.142917e-03 -3.189822e-01 3.413927e-02 -1.109400e-03 9.994164e-01 5.409941e+00
9.993481e-01 9.353503e-04 -3.608865e-02 3.512044e+00 -8.792762e-04 9.999984e-01 1.569597e-03 -3.177797e-01 3.608999e-02 -1.536839e-03 9.993473e-01 5.341377e+00
9.995559e-01 8.841094e-04 -2.978554e-02 3.552199e+00 -8.546471e-04 9.999991e-01 1.001821e-03 -3.173947e-01 2.978633e-02 -9.759168e-04 9.995557e-01 5.294347e+00
9.998450e-01 4.060796e-04 -1.759814e-02 3.595949e+00 -3.901579e-04 9.999995e-01 9.080841e-04 -3.183514e-01 1.759842e-02 -9.010744e-04 9.998446e-01 5.244601e+00
9.996660e-01 7.868726e-04 -2.583237e-02 3.638382e+00 -7.687722e-04 9.999995e-01 7.105532e-04 -3.207269e-01 2.583283e-02 -6.904537e-04 9.996660e-01 5.274349e+00
9.995861e-01 6.901912e-04 -2.875790e-02 3.673826e+00 -6.497744e-04 9.999988e-01 1.414684e-03 -3.223296e-01 2.875875e-02 -1.395409e-03 9.995853e-01 5.289592e+00
9.997684e-01 6.919577e-04 -2.150912e-02 3.714308e+00 -6.806220e-04 9.999996e-01 5.342567e-04 -3.239239e-01 2.150940e-02 -5.194903e-04 9.997684e-01 5.292127e+00
9.996564e-01 5.975070e-04 -2.620380e-02 3.750718e+00 -5.628915e-04 9.999990e-01 1.328299e-03 -3.260652e-01 2.620448e-02 -1.313089e-03 9.996557e-01 5.310348e+00
9.998948e-01 5.136685e-04 -1.449492e-02 3.787819e+00 -5.101402e-04 9.999998e-01 2.469750e-04 -3.290420e-01 1.449495e-02 -2.395515e-04 9.998948e-01 5.351227e+00
9.998150e-01 3.993016e-04 -1.922723e-02 3.823615e+00 -3.785641e-04 9.999993e-01 1.082068e-03 -3.326456e-01 1.922756e-02 -1.074586e-03 9.998145e-01 5.395264e+00
9.999888e-01 2.650229e-04 -4.727002e-03 3.861102e+00 -2.659225e-04 9.999999e-01 -1.901491e-04 -3.374558e-01 4.726858e-03 1.914071e-04 9.999887e-01 5.480211e+00
9.995658e-01 6.502989e-04 -2.945875e-02 3.891246e+00 -6.066565e-04 9.999987e-01 1.490314e-03 -3.417082e-01 2.945959e-02 -1.471792e-03 9.995648e-01 5.568668e+00
9.998239e-01 -2.735610e-04 1.876448e-02 3.915866e+00 2.915673e-04 9.999995e-01 -9.567389e-04 -3.471770e-01 -1.876430e-02 9.620446e-04 9.998234e-01 5.643888e+00
9.999463e-01 -3.066459e-04 1.035191e-02 3.964104e+00 3.063868e-04 1.000000e+00 2.683095e-05 -3.506618e-01 -1.035201e-02 -2.365466e-05 9.999463e-01 5.743768e+00
9.998391e-01 -2.823803e-04 1.793554e-02 4.011713e+00 2.990031e-04 9.999995e-01 -9.240082e-04 -3.541606e-01 -1.793536e-02 9.292255e-04 9.998386e-01 5.838813e+00
9.998870e-01 -3.838329e-04 1.502449e-02 4.059025e+00 3.856673e-04 9.999999e-01 -1.190574e-04 -3.571382e-01 -1.502454e-02 1.248415e-04 9.998870e-01 5.932313e+00
9.998360e-01 -2.955140e-04 1.810785e-02 4.106411e+00 3.124332e-04 9.999995e-01 -9.314249e-04 -3.600235e-01 -1.810765e-02 9.369327e-04 9.998355e-01 6.022348e+00
9.998836e-01 -3.980282e-04 1.524837e-02 4.155647e+00 3.998000e-04 9.999999e-01 -1.130215e-04 -3.630447e-01 -1.524841e-02 1.191078e-04 9.998837e-01 6.115594e+00
9.999073e-01 -2.103605e-04 1.361365e-02 4.205165e+00 2.213457e-04 9.999997e-01 -8.052851e-04 -3.664936e-01 -1.361356e-02 8.082269e-04 9.999069e-01 6.208478e+00
9.999632e-01 -2.412757e-04 8.576106e-03 4.254169e+00 2.405377e-04 1.000000e+00 8.729954e-05 -3.705936e-01 -8.576213e-03 -8.523035e-05 9.999631e-01 6.301296e+00
9.999063e-01 -2.241524e-04 1.368187e-02 4.302780e+00 2.352287e-04 9.999996e-01 -8.078254e-04 -3.747322e-01 -1.368177e-02 8.109712e-04 9.999060e-01 6.396624e+00
9.999892e-01 -1.521104e-04 4.637298e-03 4.350604e+00 1.511295e-04 1.000000e+00 2.122403e-04 -3.792475e-01 -4.637415e-03 -2.115341e-04 9.999891e-01 6.489668e+00
9.997524e-01 -3.959648e-04 2.224724e-02 4.397026e+00 4.198634e-04 9.999993e-01 -1.069488e-03 -3.827702e-01 -2.224688e-02 1.078568e-03 9.997518e-01 6.580360e+00
9.999993e-01 -3.987248e-05 -1.171069e-03 4.444580e+00 4.034277e-05 9.999999e-01 4.002299e-04 -3.869586e-01 1.170971e-03 -4.002738e-04 9.999992e-01 6.671386e+00
9.998141e-01 -3.270005e-04 1.927868e-02 4.491402e+00 3.460564e-04 9.999995e-01 -9.850349e-04 -3.913129e-01 -1.927843e-02 9.915263e-04 9.998136e-01 6.758629e+00
9.998482e-01 2.941694e-04 -1.741913e-02 4.527858e+00 -2.772664e-04 9.999995e-01 9.726939e-04 -3.969189e-01 1.741932e-02 -9.677135e-04 9.998477e-01 6.855253e+00
9.999841e-01 -1.196041e-05 5.630879e-03 4.557197e+00 1.485048e-05 9.999999e-01 -5.129268e-04 -4.035158e-01 -5.630953e-03 5.130054e-04 9.999839e-01 6.981289e+00
9.998417e-01 2.877210e-04 -1.778765e-02 4.583095e+00 -2.700443e-04 9.999995e-01 9.960714e-04 -4.101323e-01 1.778785e-02 -9.911072e-04 9.998412e-01 7.106307e+00
9.999807e-01 -1.166691e-05 6.212249e-03 4.605926e+00 1.532631e-05 9.999998e-01 -5.887467e-04 -4.164680e-01 -6.212324e-03 5.888336e-04 9.999805e-01 7.226578e+00
9.996417e-01 5.544448e-04 -2.675877e-02 4.638679e+00 -5.174463e-04 9.999989e-01 1.389516e-03 -4.221103e-01 2.675943e-02 -1.375169e-03 9.996409e-01 7.332203e+00
9.998974e-01 -1.888743e-04 1.432402e-02 4.705269e+00 2.013857e-04 9.999996e-01 -8.718911e-04 -4.279661e-01 -1.432394e-02 8.746894e-04 9.998969e-01 7.405724e+00
9.996577e-01 5.243280e-04 -2.615742e-02 4.772556e+00 -4.892863e-04 9.999990e-01 1.345968e-03 -4.342781e-01 2.615801e-02 -1.332705e-03 9.996569e-01 7.506316e+00
9.999290e-01 -1.331103e-04 1.191728e-02 4.800909e+00 1.427550e-04 9.999997e-01 -8.083010e-04 -4.395977e-01 -1.191725e-02 8.099480e-04 9.999286e-01 7.583094e+00
9.996180e-01 5.281179e-04 -2.763365e-02 4.823534e+00 -4.893327e-04 9.999989e-01 1.410229e-03 -4.453663e-01 2.763428e-02 -1.396165e-03 9.996170e-01 7.682391e+00
9.998963e-01 -2.175488e-04 1.439832e-02 4.840185e+00 2.304109e-04 9.999996e-01 -8.915210e-04 -4.515348e-01 -1.439820e-02 8.947493e-04 9.998959e-01 7.794695e+00
9.998058e-01 2.622161e-04 -1.970388e-02 4.831866e+00 -2.411766e-04 9.999994e-01 1.070061e-03 -4.576334e-01 1.970406e-02 -1.065098e-03 9.998052e-01 7.914114e+00
9.999927e-01 7.828202e-05 3.818264e-03 4.846316e+00 -7.647416e-05 9.999999e-01 -4.731125e-04 -4.644445e-01 -3.818388e-03 4.728202e-04 9.999925e-01 8.064958e+00
9.999333e-01 6.287585e-06 -1.154801e-02 4.851876e+00 2.492714e-06 9.999997e-01 7.601518e-04 -4.716722e-01 1.154792e-02 -7.601267e-04 9.999330e-01 8.216588e+00
9.999856e-01 4.086708e-05 5.352054e-03 4.855201e+00 -3.791288e-05 9.999998e-01 -5.517021e-04 -4.790943e-01 -5.352165e-03 5.514945e-04 9.999855e-01 8.383426e+00
9.999805e-01 -7.873043e-05 -6.247057e-03 4.853869e+00 8.224554e-05 9.999998e-01 5.621195e-04 -4.855190e-01 6.246923e-03 -5.626191e-04 9.999803e-01 8.530628e+00
9.999952e-01 7.080302e-05 3.086250e-03 4.845263e+00 -6.932738e-05 9.999999e-01 -4.775899e-04 -4.917860e-01 -3.086372e-03 4.773769e-04 9.999951e-01 8.665316e+00
9.999599e-01 -2.969300e-05 -8.952808e-03 4.845427e+00 3.578571e-05 9.999998e-01 6.801601e-04 -4.986641e-01 8.952696e-03 -6.804500e-04 9.999596e-01 8.809200e+00
9.999893e-01 6.277594e-05 4.614823e-03 4.839471e+00 -6.031265e-05 9.999999e-01 -5.334761e-04 -5.045473e-01 -4.614945e-03 5.331952e-04 9.999891e-01 8.919600e+00
9.999844e-01 -7.497039e-05 -5.583925e-03 4.832619e+00 7.792257e-05 9.999999e-01 5.281230e-04 -5.099439e-01 5.583795e-03 -5.285467e-04 9.999842e-01 9.017823e+00
9.999726e-01 4.261044e-05 7.396204e-03 4.845375e+00 -3.799911e-05 9.999998e-01 -6.233372e-04 -5.161085e-01 -7.396319e-03 6.230423e-04 9.999724e-01 9.147033e+00
9.999982e-01 -2.125623e-04 1.897010e-03 4.878486e+00 2.120350e-04 9.999999e-01 2.792266e-04 -5.219845e-01 -1.897158e-03 -2.788207e-04 9.999981e-01 9.282259e+00
9.999677e-01 3.283725e-05 8.033561e-03 4.913783e+00 -2.759156e-05 9.999998e-01 -6.528346e-04 -5.278532e-01 -8.033669e-03 6.525951e-04 9.999674e-01 9.418318e+00
9.999535e-01 -3.610681e-04 9.629713e-03 4.961443e+00 3.606735e-04 9.999999e-01 4.291962e-05 -5.327346e-01 -9.629816e-03 -3.944126e-05 9.999536e-01 9.530297e+00
9.999439e-01 -6.037883e-05 1.058926e-02 5.014311e+00 6.793988e-05 9.999997e-01 -7.134927e-04 -5.375179e-01 -1.058930e-02 7.141753e-04 9.999436e-01 9.644973e+00
9.999920e-01 -2.081877e-04 3.999336e-03 5.062497e+00 2.074178e-04 1.000000e+00 1.933755e-04 -5.431208e-01 -3.999462e-03 -1.925413e-04 9.999919e-01 9.775798e+00
9.999568e-01 -2.972418e-05 9.291983e-03 5.109844e+00 3.606112e-05 9.999998e-01 -6.816175e-04 -5.490544e-01 -9.292046e-03 6.819263e-04 9.999565e-01 9.917233e+00
9.999459e-01 -3.433098e-04 1.039260e-02 5.162322e+00 3.432400e-04 9.999999e-01 8.669886e-06 -5.539669e-01 -1.039269e-02 -5.099145e-06 9.999459e-01 1.003888e+01
9.999402e-01 -9.937355e-05 1.093563e-02 5.217840e+00 1.072542e-04 9.999997e-01 -7.199010e-04 -5.588142e-01 -1.093564e-02 7.210340e-04 9.999399e-01 1.016136e+01
9.999634e-01 -2.903141e-04 8.548872e-03 5.267899e+00 2.897558e-04 1.000000e+00 6.674150e-05 -5.635378e-01 -8.548973e-03 -6.425890e-05 9.999634e-01 1.027097e+01
9.999691e-01 -3.010424e-05 7.857182e-03 5.316481e+00 3.510559e-05 9.999998e-01 -6.361896e-04 -5.686830e-01 -7.857242e-03 6.364489e-04 9.999688e-01 1.038739e+01
9.999474e-01 -3.173255e-04 1.024497e-02 5.367310e+00 3.172306e-04 9.999999e-01 1.104088e-05 -5.739049e-01 -1.024505e-02 -7.787249e-06 9.999474e-01 1.051506e+01
9.999671e-01 -5.656600e-05 8.108802e-03 5.420647e+00 6.176204e-05 9.999998e-01 -6.403530e-04 -5.792924e-01 -8.108843e-03 6.408358e-04 9.999668e-01 1.065066e+01
9.999599e-01 -2.739782e-04 8.948573e-03 5.473720e+00 2.736030e-04 1.000000e+00 4.331981e-05 -5.849888e-01 -8.948662e-03 -4.086673e-05 9.999599e-01 1.079586e+01
9.999400e-01 -1.319790e-04 1.094990e-02 5.530917e+00 1.399520e-04 9.999997e-01 -7.272371e-04 -5.903440e-01 -1.094988e-02 7.287289e-04 9.999397e-01 1.093775e+01
9.998688e-01 -4.100423e-04 1.619495e-02 5.590479e+00 4.128384e-04 9.999999e-01 -1.692244e-04 -5.945858e-01 -1.619495e-02 1.758910e-04 9.998688e-01 1.105870e+01
9.999980e-01 2.595026e-05 2.014306e-03 5.643822e+00 -2.506301e-05 9.999999e-01 -4.398497e-04 -5.999549e-01 -2.014391e-03 4.398013e-04 9.999978e-01 1.118995e+01
9.999333e-01 -2.617465e-04 1.154654e-02 5.694247e+00 2.625471e-04 1.000000e+00 -6.770233e-05 -6.059911e-01 -1.154659e-02 7.073220e-05 9.999332e-01 1.133719e+01
9.999982e-01 2.389490e-05 1.877455e-03 5.747585e+00 -2.308431e-05 9.999999e-01 -4.311102e-04 -6.123750e-01 -1.877536e-03 4.310690e-04 9.999981e-01 1.149715e+01
9.998357e-01 -4.105242e-04 1.812308e-02 5.809308e+00 4.154304e-04 9.999999e-01 -2.668870e-04 -6.179654e-01 -1.812303e-02 2.743748e-04 9.998356e-01 1.165081e+01
9.999710e-01 -1.175034e-04 7.614772e-03 5.871848e+00 1.219676e-04 9.999998e-01 -5.856380e-04 -6.225613e-01 -7.614770e-03 5.865526e-04 9.999707e-01 1.178042e+01
9.998609e-01 -3.923763e-04 1.667159e-02 5.937701e+00 3.959318e-04 9.999999e-01 -2.099031e-04 -6.274200e-01 -1.667157e-02 2.164775e-04 9.998609e-01 1.191188e+01
9.999748e-01 -1.031401e-04 7.091549e-03 5.999370e+00 1.072303e-04 9.999998e-01 -5.762544e-04 -6.321066e-01 -7.091553e-03 5.770030e-04 9.999746e-01 1.203668e+01
9.999345e-01 -2.731006e-04 1.144316e-02 6.057834e+00 2.737835e-04 1.000000e+00 -5.803194e-05 -6.376665e-01 -1.144321e-02 6.116375e-05 9.999344e-01 1.217963e+01
9.999995e-01 2.037869e-05 1.006260e-03 6.113018e+00 -1.998068e-05 9.999999e-01 -3.945938e-04 -6.440385e-01 -1.006330e-03 3.945761e-04 9.999993e-01 1.233473e+01
9.999126e-01 -2.530227e-04 1.321481e-02 6.165854e+00 2.549392e-04 1.000000e+00 -1.432720e-04 -6.499936e-01 -1.321484e-02 1.466310e-04 9.999126e-01 1.247903e+01
9.999952e-01 -4.056522e-05 3.083357e-03 6.223495e+00 4.194411e-05 9.999999e-01 -4.468534e-04 -6.560530e-01 -3.083399e-03 4.469831e-04 9.999951e-01 1.263187e+01
9.998144e-01 -3.772305e-04 1.926142e-02 6.296374e+00 3.837862e-04 9.999999e-01 -3.366147e-04 -6.615939e-01 -1.926135e-02 3.439470e-04 9.998143e-01 1.278536e+01
9.999614e-01 -1.963734e-04 8.784510e-03 6.369765e+00 2.016174e-04 9.999998e-01 -5.959891e-04 -6.661229e-01 -8.784447e-03 5.977397e-04 9.999611e-01 1.291878e+01
9.999040e-01 -2.542079e-04 1.385003e-02 6.429855e+00 2.565595e-04 1.000000e+00 -1.679632e-04 -6.710326e-01 -1.385004e-02 1.715029e-04 9.999040e-01 1.304708e+01
9.999702e-01 -1.702413e-04 7.715435e-03 6.488575e+00 1.746166e-04 9.999998e-01 -5.663155e-04 -6.760517e-01 -7.715389e-03 5.676482e-04 9.999700e-01 1.317629e+01
9.999391e-01 -1.769214e-04 1.103858e-02 6.545373e+00 1.779640e-04 1.000000e+00 -9.340998e-05 -6.815839e-01 -1.103861e-02 9.537107e-05 9.999390e-01 1.331749e+01
9.999955e-01 -5.677881e-05 3.008238e-03 6.598516e+00 5.807679e-05 9.999999e-01 -4.311785e-04 -6.876596e-01 -3.008263e-03 4.313535e-04 9.999953e-01 1.346373e+01
9.999618e-01 -1.493796e-04 8.739149e-03 6.654439e+00 1.494970e-04 1.000000e+00 -1.271541e-05 -6.943281e-01 -8.739195e-03 1.402364e-05 9.999617e-01 1.362699e+01
9.999965e-01 -4.041073e-05 2.659670e-03 6.708432e+00 4.155145e-05 9.999999e-01 -4.286181e-04 -7.009205e-01 -2.659700e-03 4.287293e-04 9.999963e-01 1.378605e+01
9.998993e-01 -2.527709e-04 1.418681e-02 6.767207e+00 2.554956e-04 9.999999e-01 -1.902042e-04 -7.068622e-01 -1.418681e-02 1.938118e-04 9.998992e-01 1.394125e+01
9.999916e-01 -1.072188e-04 4.103067e-03 6.829296e+00 1.090814e-04 9.999999e-01 -4.536042e-04 -7.129866e-01 -4.103062e-03 4.540501e-04 9.999914e-01 1.410733e+01
9.999799e-01 -8.963956e-06 6.337097e-03 6.868721e+00 8.790704e-06 1.000000e+00 2.744552e-05 -7.184068e-01 -6.337140e-03 -2.738718e-05 9.999798e-01 1.421676e+01
9.999918e-01 -1.416271e-04 4.045960e-03 6.900309e+00 1.432755e-04 9.999999e-01 -4.070064e-04 -7.226933e-01 -4.045944e-03 4.075848e-04 9.999916e-01 1.427279e+01
9.999778e-01 -3.381862e-05 6.660150e-03 6.940847e+00 3.362692e-05 1.000000e+00 2.896356e-05 -7.273431e-01 -6.660192e-03 -2.873694e-05 9.999777e-01 1.433836e+01
9.999715e-01 -2.042405e-04 7.545859e-03 6.986921e+00 2.082670e-04 9.999998e-01 -5.327619e-04 -7.321540e-01 -7.545789e-03 5.343202e-04 9.999713e-01 1.442527e+01
9.999601e-01 -9.484350e-05 8.934006e-03 7.033611e+00 9.518092e-05 1.000000e+00 -3.729573e-05 -7.369789e-01 -8.934041e-03 3.814652e-05 9.999600e-01 1.452351e+01
9.999950e-01 -1.152641e-04 3.148571e-03 7.069226e+00 1.164980e-04 9.999999e-01 -3.915796e-04 -7.418552e-01 -3.148563e-03 3.919464e-04 9.999949e-01 1.461141e+01
9.999780e-01 4.952096e-06 6.635091e-03 7.101778e+00 -4.920525e-06 1.000000e+00 -4.717899e-06 -7.473552e-01 -6.635127e-03 4.687006e-06 9.999779e-01 1.472802e+01
9.999807e-01 -2.110888e-04 6.214589e-03 7.144030e+00 2.140168e-04 9.999999e-01 -4.704361e-04 -7.527540e-01 -6.214524e-03 4.717589e-04 9.999805e-01 1.484325e+01
9.999442e-01 -7.600471e-05 1.056373e-02 7.189437e+00 7.737701e-05 1.000000e+00 -1.294663e-04 -7.577008e-01 -1.056375e-02 1.302782e-04 9.999441e-01 1.495356e+01
9.999798e-01 -2.254022e-04 6.357185e-03 7.235347e+00 2.283705e-04 9.999999e-01 -4.661395e-04 -7.628967e-01 -6.357111e-03 4.675836e-04 9.999796e-01 1.507344e+01
9.999730e-01 -4.232923e-06 7.341796e-03 7.278767e+00 4.430931e-06 1.000000e+00 -2.691421e-05 -7.685043e-01 -7.341827e-03 2.694769e-05 9.999730e-01 1.519946e+01
9.999269e-01 -3.645245e-04 1.208386e-02 7.325856e+00 3.722837e-04 9.999997e-01 -6.398460e-04 -7.732776e-01 -1.208365e-02 6.442995e-04 9.999267e-01 1.531317e+01
9.999996e-01 1.585189e-04 8.546020e-04 7.358560e+00 -1.586680e-04 1.000000e+00 1.746447e-04 -7.779532e-01 -8.546020e-04 -1.747787e-04 9.999995e-01 1.540181e+01
9.999709e-01 -2.722828e-04 7.625156e-03 7.375688e+00 2.761281e-04 9.999998e-01 -5.032103e-04 -7.825879e-01 -7.625045e-03 5.053027e-04 9.999707e-01 1.548634e+01
9.999917e-01 1.134623e-04 4.075266e-03 7.406641e+00 -1.137296e-04 1.000000e+00 6.540722e-05 -7.871694e-01 -4.075284e-03 -6.586865e-05 9.999916e-01 1.556560e+01
9.999321e-01 -3.867820e-04 1.165003e-02 7.449256e+00 3.939704e-04 9.999997e-01 -6.147213e-04 -7.922861e-01 -1.164981e-02 6.192708e-04 9.999318e-01 1.567427e+01
9.999974e-01 2.704283e-04 -2.284242e-03 7.480277e+00 -2.698764e-04 9.999999e-01 2.418431e-04 -7.985055e-01 2.284284e-03 -2.412246e-04 9.999973e-01 1.582062e+01
9.999709e-01 -3.384213e-04 7.618254e-03 7.502778e+00 3.420123e-04 9.999998e-01 -4.700519e-04 -8.045848e-01 -7.618116e-03 4.726452e-04 9.999708e-01 1.595431e+01
9.999989e-01 2.722758e-04 -1.476039e-03 7.530255e+00 -2.719732e-04 9.999999e-01 2.051300e-04 -8.107443e-01 1.476072e-03 -2.047269e-04 9.999988e-01 1.608989e+01
9.998731e-01 -5.214258e-04 1.592370e-02 7.575248e+00 5.330002e-04 9.999996e-01 -7.226197e-04 -8.166920e-01 -1.592334e-02 7.310167e-04 9.998728e-01 1.623493e+01
9.999517e-01 4.432763e-04 -9.817120e-03 7.603656e+00 -4.386018e-04 9.999998e-01 4.782939e-04 -8.234432e-01 9.817310e-03 -4.739637e-04 9.999516e-01 1.639822e+01
9.998733e-01 -5.177545e-04 1.591144e-02 7.631945e+00 5.293969e-04 9.999996e-01 -7.274865e-04 -8.299269e-01 -1.591108e-02 7.358191e-04 9.998730e-01 1.654982e+01
9.999702e-01 4.186354e-04 -7.707171e-03 7.662505e+00 -4.156065e-04 9.999998e-01 3.945726e-04 -8.359789e-01 7.707316e-03 -3.913564e-04 9.999701e-01 1.668811e+01
9.997983e-01 -6.217876e-04 2.007591e-02 7.704439e+00 6.387914e-04 9.999994e-01 -8.405629e-04 -8.419214e-01 -2.007539e-02 8.532189e-04 9.997980e-01 1.682579e+01
9.999629e-01 4.692390e-04 -8.601087e-03 7.744152e+00 -4.658365e-04 9.999998e-01 3.975716e-04 -8.478357e-01 8.601256e-03 -3.935490e-04 9.999628e-01 1.696272e+01
9.995318e-01 -8.681092e-04 3.058398e-02 7.795023e+00 9.032809e-04 9.999989e-01 -1.136203e-03 -8.524814e-01 -3.058297e-02 1.163298e-03 9.995315e-01 1.708208e+01
9.999556e-01 4.595532e-04 -9.411423e-03 7.846159e+00 -4.554616e-04 9.999998e-01 4.368795e-04 -8.574545e-01 9.411610e-03 -4.325726e-04 9.999555e-01 1.720943e+01
9.994840e-01 -8.877850e-04 3.210764e-02 7.897540e+00 9.262231e-04 9.999989e-01 -1.182307e-03 -8.618938e-01 -3.210657e-02 1.211437e-03 9.994836e-01 1.732213e+01
9.999591e-01 4.368389e-04 -9.037186e-03 7.946958e+00 -4.329411e-04 9.999998e-01 4.332601e-04 -8.662392e-01 9.037366e-03 -4.293289e-04 9.999590e-01 1.743186e+01
9.993675e-01 -9.385651e-04 3.554820e-02 7.995551e+00 9.850525e-04 9.999987e-01 -1.290234e-03 -8.700881e-01 -3.554694e-02 1.324436e-03 9.993670e-01 1.753715e+01
9.999538e-01 4.267810e-04 -9.600373e-03 8.046733e+00 -4.224521e-04 9.999998e-01 4.529373e-04 -8.745404e-01 9.600562e-03 -4.488600e-04 9.999537e-01 1.766153e+01
9.994224e-01 -8.739940e-04 3.397293e-02 8.100189e+00 9.175378e-04 9.999988e-01 -1.266151e-03 -8.791531e-01 -3.397178e-02 1.296591e-03 9.994219e-01 1.778962e+01
9.999897e-01 2.867803e-04 -4.528130e-03 8.156783e+00 -2.853377e-04 9.999999e-01 3.192265e-04 -8.830963e-01 4.528224e-03 -3.179306e-04 9.999896e-01 1.790712e+01
9.994639e-01 -8.430167e-04 3.273057e-02 8.210979e+00 8.837614e-04 9.999989e-01 -1.230403e-03 -8.870542e-01 -3.272949e-02 1.258670e-03 9.994634e-01 1.802176e+01
9.999845e-01 3.025284e-04 -5.550979e-03 8.263924e+00 -3.006027e-04 9.999999e-01 3.477304e-04 -8.912549e-01 5.551093e-03 -3.460561e-04 9.999844e-01 1.814113e+01
9.994000e-01 -8.614587e-04 3.462530e-02 8.317700e+00 9.066777e-04 9.999988e-01 -1.290272e-03 -8.951290e-01 -3.462413e-02 1.320892e-03 9.993994e-01 1.825702e+01
9.999950e-01 2.320395e-04 -3.161516e-03 8.372615e+00 -2.311394e-04 9.999999e-01 2.850624e-04 -8.987094e-01 3.161597e-03 -2.843301e-04 9.999949e-01 1.836795e+01
9.994410e-01 -8.322447e-04 3.342116e-02 8.426014e+00 8.746769e-04 9.999988e-01 -1.255022e-03 -9.023422e-01 -3.342006e-02 1.283554e-03 9.994405e-01 1.847771e+01
9.999990e-01 1.932127e-04 -1.371445e-03 8.478726e+00 -1.928891e-04 1.000000e+00 2.360876e-04 -9.056606e-01 1.371511e-03 -2.358229e-04 9.999989e-01 1.858078e+01
9.994252e-01 -8.400455e-04 3.389130e-02 8.532208e+00 8.835852e-04 9.999988e-01 -1.269730e-03 -9.089261e-01 -3.389017e-02 1.298945e-03 9.994246e-01 1.868426e+01
9.999751e-01 3.131931e-04 -7.043579e-03 8.586331e+00 -3.104048e-04 9.999999e-01 3.969454e-04 -9.130593e-01 7.043729e-03 -3.947494e-04 9.999750e-01 1.879974e+01
9.994477e-01 -8.401756e-04 3.321995e-02 8.639584e+00 8.817201e-04 9.999988e-01 -1.235959e-03 -9.172457e-01 -3.321884e-02 1.264567e-03 9.994472e-01 1.891381e+01
9.999406e-01 4.088382e-04 -1.088828e-02 8.693573e+00 -4.034670e-04 9.999998e-01 4.954826e-04 -9.221952e-01 1.088851e-02 -4.910606e-04 9.999405e-01 1.904645e+01
9.994403e-01 -8.238684e-04 3.344200e-02 8.748860e+00 8.662632e-04 9.999988e-01 -1.253239e-03 -9.270475e-01 -3.344090e-02 1.281507e-03 9.994398e-01 1.917673e+01
9.999705e-01 3.204999e-04 -7.676118e-03 8.804911e+00 -3.173864e-04 9.999999e-01 4.068019e-04 -9.315580e-01 7.676283e-03 -4.043542e-04 9.999704e-01 1.930450e+01
9.993151e-01 -8.808721e-04 3.699293e-02 8.869133e+00 9.324113e-04 9.999986e-01 -1.375987e-03 -9.360432e-01 -3.699163e-02 1.409536e-03 9.993145e-01 1.944555e+01
9.998908e-01 4.617860e-04 -1.476800e-02 8.938915e+00 -4.524898e-04 9.999997e-01 6.328025e-04 -9.419340e-01 1.476833e-02 -6.260518e-04 9.998907e-01 1.961167e+01
9.992838e-01 -8.516102e-04 3.782964e-02 9.007352e+00 9.063155e-04 9.999986e-01 -1.428965e-03 -9.470722e-01 -3.782833e-02 1.462227e-03 9.992831e-01 1.975416e+01
9.999669e-01 2.697328e-04 -8.136814e-03 9.077726e+00 -2.660420e-04 9.999999e-01 4.546405e-04 -9.517710e-01 8.136981e-03 -4.524617e-04 9.999667e-01 1.990176e+01
9.992261e-01 -8.684219e-04 3.932456e-02 9.143397e+00 9.271018e-04 9.999985e-01 -1.473977e-03 -9.559205e-01 -3.932317e-02 1.509293e-03 9.992253e-01 2.003548e+01
9.999885e-01 1.956561e-04 -4.789153e-03 9.209350e+00 -1.939447e-04 9.999999e-01 3.577425e-04 -9.595665e-01 4.789274e-03 -3.568107e-04 9.999884e-01 2.016010e+01
9.994492e-01 -7.708312e-04 3.317544e-02 9.288387e+00 8.141148e-04 9.999988e-01 -1.291189e-03 -9.645393e-01 -3.317435e-02 1.317485e-03 9.994486e-01 2.030980e+01
9.999957e-01 1.991910e-04 -2.936960e-03 9.364596e+00 -1.983828e-04 9.999999e-01 2.752977e-04 -9.690241e-01 2.937071e-03 -2.747152e-04 9.999956e-01 2.045251e+01
9.993624e-01 -8.617164e-04 3.569448e-02 9.441823e+00 9.102026e-04 9.999987e-01 -1.342127e-03 -9.732444e-01 -3.569322e-02 1.373759e-03 9.993618e-01 2.058839e+01
9.999961e-01 2.067513e-04 -2.766689e-03 9.520969e+00 -2.060148e-04 9.999999e-01 2.662676e-04 -9.774257e-01 2.766805e-03 -2.656983e-04 9.999960e-01 2.072387e+01
9.994347e-01 -8.092128e-04 3.361014e-02 9.595580e+00 8.530063e-04 9.999988e-01 -1.288650e-03 -9.819443e-01 -3.360899e-02 1.316589e-03 9.994341e-01 2.086947e+01
9.999973e-01 1.067271e-04 2.331107e-03 9.672008e+00 -1.069856e-04 1.000000e+00 1.110940e-04 -9.857426e-01 -2.331029e-03 -1.113449e-04 9.999972e-01 2.100494e+01
9.991546e-01 -9.764844e-04 4.109825e-02 9.748763e+00 1.038588e-03 9.999984e-01 -1.489761e-03 -9.885959e-01 -4.109665e-02 1.531184e-03 9.991539e-01 2.112975e+01
9.999946e-01 5.590971e-05 3.285187e-03 9.828631e+00 -5.619894e-05 1.000000e+00 8.823336e-05 -9.916833e-01 -3.285110e-03 -8.841963e-05 9.999945e-01 2.126307e+01
9.995640e-01 -7.286428e-04 2.951628e-02 9.913516e+00 7.632969e-04 9.999990e-01 -1.162784e-03 -9.959239e-01 -2.951533e-02 1.184805e-03 9.995635e-01 2.139813e+01
9.999954e-01 6.696835e-05 3.016466e-03 9.992108e+00 -6.727292e-05 1.000000e+00 1.012384e-04 -1.000087e+00 -3.016383e-03 -1.014432e-04 9.999954e-01 2.152984e+01
9.993960e-01 -8.230630e-04 3.474121e-02 1.006397e+01 8.691827e-04 9.999988e-01 -1.312405e-03 -1.003365e+00 -3.474001e-02 1.341806e-03 9.993954e-01 2.164979e+01
9.999996e-01 9.220624e-05 8.826942e-04 1.013910e+01 -9.235907e-05 1.000000e+00 1.746081e-04 -1.006974e+00 -8.825966e-04 -1.746921e-04 9.999995e-01 2.177072e+01
9.992936e-01 -8.747017e-04 3.757108e-02 1.021498e+01 9.277855e-04 9.999986e-01 -1.395442e-03 -1.010168e+00 -3.756972e-02 1.429311e-03 9.992929e-01 2.188742e+01
9.999987e-01 6.497672e-05 1.599520e-03 1.029528e+01 -6.522881e-05 1.000000e+00 1.585334e-04 -1.013371e+00 -1.599424e-03 -1.586402e-04 9.999986e-01 2.200386e+01
9.993536e-01 -8.492182e-04 3.593996e-02 1.038557e+01 8.982624e-04 9.999987e-01 -1.348444e-03 -1.016855e+00 -3.593868e-02 1.379853e-03 9.993530e-01 2.212383e+01
9.999998e-01 1.269482e-04 -6.140299e-04 1.048827e+01 -1.268225e-04 1.000000e+00 2.018833e-04 -1.020851e+00 6.141448e-04 -2.018083e-04 9.999997e-01 2.225494e+01
9.994789e-01 -7.488549e-04 3.227038e-02 1.058062e+01 7.895621e-04 9.999989e-01 -1.248662e-03 -1.024822e+00 -3.226932e-02 1.273488e-03 9.994783e-01 2.237475e+01
9.999967e-01 1.217477e-04 -2.535223e-03 1.066462e+01 -1.210028e-04 9.999999e-01 2.931636e-04 -1.028494e+00 2.535351e-03 -2.928589e-04 9.999967e-01 2.246584e+01
9.997130e-01 -5.710819e-04 2.394828e-02 1.075414e+01 5.953833e-04 9.999993e-01 -1.007545e-03 -1.033038e+00 -2.394760e-02 1.021511e-03 9.997126e-01 2.255436e+01
9.999999e-01 1.008419e-04 1.919137e-04 1.083647e+01 -1.008773e-04 1.000000e+00 1.961798e-04 -1.037237e+00 -1.918003e-04 -1.962023e-04 9.999999e-01 2.264765e+01
9.995593e-01 -7.226047e-04 2.967361e-02 1.091335e+01 7.572788e-04 9.999990e-01 -1.157220e-03 -1.041157e+00 -2.967265e-02 1.179178e-03 9.995589e-01 2.275646e+01
9.999922e-01 1.777281e-04 -3.943493e-03 1.100285e+01 -1.764696e-04 9.999999e-01 3.188692e-04 -1.045970e+00 3.943645e-03 -3.181740e-04 9.999921e-01 2.288127e+01
9.994600e-01 -7.397743e-04 3.284962e-02 1.109623e+01 7.822751e-04 9.999989e-01 -1.280893e-03 -1.050375e+00 -3.284854e-02 1.305895e-03 9.994594e-01 2.300768e+01
9.999997e-01 9.211937e-05 -7.055345e-04 1.116921e+01 -9.194394e-05 1.000000e+00 2.448804e-04 -1.054248e+00 7.056540e-04 -2.448189e-04 9.999997e-01 2.312738e+01
9.994967e-01 -7.273606e-04 3.171441e-02 1.125005e+01 7.674717e-04 9.999989e-01 -1.252520e-03 -1.058636e+00 -3.171337e-02 1.276226e-03 9.994961e-01 2.326266e+01
9.999928e-01 1.725573e-04 -3.783368e-03 1.133854e+01 -1.713347e-04 9.999999e-01 3.226829e-04 -1.063475e+00 3.783521e-03 -3.220358e-04 9.999927e-01 2.340355e+01
9.997063e-01 -5.769162e-04 2.422697e-02 1.140716e+01 6.015623e-04 9.999993e-01 -1.009905e-03 -1.068965e+00 -2.422628e-02 1.024179e-03 9.997059e-01 2.354228e+01
9.999738e-01 2.609451e-04 -7.230346e-03 1.147696e+01 -2.579505e-04 9.999999e-01 4.146660e-04 -1.074908e+00 7.230552e-03 -4.127936e-04 9.999737e-01 2.368726e+01
9.998053e-01 -4.733886e-04 1.972366e-02 1.155072e+01 4.908408e-04 9.999995e-01 -8.798481e-04 -1.081447e+00 -1.972314e-02 8.893544e-04 9.998050e-01 2.383669e+01
9.999992e-01 1.023128e-04 1.220430e-03 1.162180e+01 -1.024843e-04 1.000000e+00 1.431650e-04 -1.086515e+00 -1.220316e-03 -1.432935e-04 9.999992e-01 2.396362e+01
9.997719e-01 -5.851808e-04 2.134672e-02 1.170771e+01 6.042400e-04 9.999994e-01 -8.862470e-04 -1.091775e+00 -2.134609e-02 8.989397e-04 9.997717e-01 2.409426e+01
9.999766e-01 2.988210e-04 -6.826305e-03 1.179446e+01 -2.963040e-04 9.999999e-01 3.692350e-04 -1.098389e+00 6.826514e-03 -3.672073e-04 9.999766e-01 2.425375e+01
9.997952e-01 -5.512784e-04 2.022800e-02 1.186955e+01 5.686758e-04 9.999995e-01 -8.541571e-04 -1.105110e+00 -2.022742e-02 8.654816e-04 9.997950e-01 2.441982e+01
9.999280e-01 4.198839e-04 -1.199111e-02 1.194732e+01 -4.134441e-04 9.999998e-01 5.392261e-04 -1.112126e+00 1.199143e-02 -5.342333e-04 9.999279e-01 2.456761e+01
9.998412e-01 -4.745509e-04 1.781173e-02 1.200929e+01 4.886086e-04 9.999996e-01 -7.847005e-04 -1.118503e+00 -1.781125e-02 7.932752e-04 9.998410e-01 2.468363e+01
9.998608e-01 4.745819e-04 -1.667373e-02 1.210458e+01 -4.630117e-04 9.999996e-01 6.975604e-04 -1.124963e+00 1.667415e-02 -6.897468e-04 9.998607e-01 2.476143e+01
9.998782e-01 -4.453905e-04 1.559819e-02 1.225303e+01 4.560699e-04 9.999997e-01 -6.808803e-04 -1.128976e+00 -1.559779e-02 6.879075e-04 9.998781e-01 2.469116e+01
9.998574e-01 4.925601e-04 -1.687586e-02 1.239010e+01 -4.805966e-04 9.999996e-01 7.127473e-04 -1.132754e+00 1.687630e-02 -7.045389e-04 9.998573e-01 2.461408e+01
9.999096e-01 -3.851966e-04 1.343443e-02 1.254509e+01 3.929129e-04 9.999998e-01 -5.714813e-04 -1.135610e+00 -1.343411e-02 5.767046e-04 9.999095e-01 2.448708e+01
9.998438e-01 4.973431e-04 -1.766709e-02 1.272277e+01 -4.840796e-04 9.999996e-01 7.548145e-04 -1.137487e+00 1.766755e-02 -7.461479e-04 9.998436e-01 2.430829e+01
9.998871e-01 -4.066868e-04 1.502081e-02 1.288309e+01 4.162253e-04 9.999997e-01 -6.316767e-04 -1.140978e+00 -1.502045e-02 6.378537e-04 9.998869e-01 2.421252e+01
9.998280e-01 5.083223e-04 -1.853538e-02 1.303814e+01 -4.936144e-04 9.999996e-01 7.978800e-04 -1.145547e+00 1.853588e-02 -7.885971e-04 9.998278e-01 2.416782e+01
9.999439e-01 -2.609681e-04 1.058602e-02 1.322385e+01 2.650456e-04 9.999999e-01 -3.834636e-04 -1.148889e+00 -1.058582e-02 3.862442e-04 9.999438e-01 2.406068e+01
9.997486e-01 6.031747e-04 -2.241151e-02 1.336506e+01 -5.824401e-04 9.999994e-01 9.315399e-04 -1.153259e+00 2.241216e-02 -9.182559e-04 9.997483e-01 2.402912e+01
9.998796e-01 -4.331820e-04 1.550677e-02 1.344554e+01 4.431015e-04 9.999997e-01 -6.360500e-04 -1.158843e+00 -1.550639e-02 6.428409e-04 9.998795e-01 2.406447e+01
9.997075e-01 6.458622e-04 -2.417448e-02 1.350338e+01 -6.222583e-04 9.999993e-01 9.837676e-04 -1.164892e+00 2.417520e-02 -9.684406e-04 9.997072e-01 2.413617e+01
9.997658e-01 -5.796438e-04 2.163263e-02 1.360133e+01 5.990123e-04 9.999994e-01 -8.887181e-04 -1.171271e+00 -2.163200e-02 9.014646e-04 9.997655e-01 2.419943e+01
9.997376e-01 6.099062e-04 -2.289766e-02 1.378267e+01 -5.887970e-04 9.999994e-01 9.284792e-04 -1.174683e+00 2.289831e-02 -9.147570e-04 9.997373e-01 2.408796e+01
9.998464e-01 -4.237709e-04 1.751910e-02 1.402879e+01 4.349241e-04 9.999997e-01 -6.326449e-04 -1.173747e+00 -1.751873e-02 6.401637e-04 9.998463e-01 2.375235e+01
9.997233e-01 5.594538e-04 -2.351476e-02 1.429694e+01 -5.368862e-04 9.999994e-01 9.658818e-04 -1.172221e+00 2.351539e-02 -9.529932e-04 9.997230e-01 2.338420e+01
9.998206e-01 -3.982890e-04 1.893527e-02 1.457867e+01 4.111440e-04 9.999997e-01 -6.748400e-04 -1.170212e+00 -1.893490e-02 6.825005e-04 9.998204e-01 2.298885e+01
9.997120e-01 5.725203e-04 -2.398938e-02 1.487722e+01 -5.478247e-04 9.999993e-01 1.035861e-03 -1.169558e+00 2.399005e-02 -1.022424e-03 9.997116e-01 2.265315e+01
9.998148e-01 -4.749731e-04 1.923452e-02 1.516735e+01 4.892057e-04 9.999996e-01 -7.350914e-04 -1.168429e+00 -1.923406e-02 7.443614e-04 9.998147e-01 2.229199e+01
9.997182e-01 6.450984e-04 -2.372729e-02 1.548054e+01 -6.207460e-04 9.999993e-01 1.033564e-03 -1.165029e+00 2.372803e-02 -1.018548e-03 9.997179e-01 2.181526e+01
9.998343e-01 -4.629304e-04 1.819400e-02 1.575437e+01 4.755765e-04 9.999996e-01 -6.905843e-04 -1.164049e+00 -1.819357e-02 6.991191e-04 9.998342e-01 2.147165e+01
9.996803e-01 6.788670e-04 -2.527459e-02 1.605465e+01 -6.499839e-04 9.999991e-01 1.150847e-03 -1.163462e+00 2.527545e-02 -1.134055e-03 9.996798e-01 2.114111e+01
9.999202e-01 -2.682455e-04 1.262317e-02 1.630651e+01 2.737646e-04 9.999999e-01 -4.352658e-04 -1.165561e+00 -1.262295e-02 4.386835e-04 9.999202e-01 2.096638e+01
