9.996569e-01 -4.390782e-04 2.619113e-02 5.655345e-02 4.611610e-04 9.999995e-01 -8.371047e-04 -4.168162e-03 -2.619075e-02 8.488962e-04 9.996565e-01 1.131545e-01
9.999772e-01 -1.249246e-04 6.745369e-03 1.114454e-01 1.262668e-04 1.000000e+00 -1.985637e-04 -7.610923e-03 -6.745338e-03 1.994112e-04 9.999771e-01 2.233770e-01
9.997410e-01 -3.936198e-04 2.275476e-02 1.681329e-01 4.103159e-04 9.999997e-01 -7.290742e-04 -1.158905e-02 -2.275446e-02 7.382222e-04 9.997407e-01 3.396215e-01
9.998824e-01 -2.448082e-04 1.533480e-02 2.263731e-01 2.520998e-04 9.999999e-01 -4.735620e-04 -1.453833e-02 -1.533466e-02 4.773723e-04 9.998822e-01 4.510674e-01
9.996342e-01 -4.850959e-04 2.704288e-02 2.818138e-01 5.078716e-04 9.999995e-01 -8.353460e-04 -1.692575e-02 -2.704244e-02 8.487746e-04 9.996338e-01 5.543477e-01
9.999133e-01 -2.261595e-04 1.316870e-02 3.391859e-01 2.314493e-04 9.999999e-01 -4.001707e-04 -1.972592e-02 -1.316858e-02 4.031837e-04 9.999131e-01 6.631891e-01
9.997409e-01 -4.101792e-04 2.275679e-02 3.953739e-01 4.264421e-04 9.999997e-01 -7.097888e-04 -2.289266e-02 -2.275646e-02 7.193091e-04 9.997407e-01 7.703239e-01
9.999681e-01 -1.291005e-04 7.983075e-03 4.492756e-01 1.311238e-04 1.000000e+00 -2.529091e-04 -2.662059e-02 -7.983015e-03 2.539474e-04 9.999680e-01 8.823181e-01
9.998104e-01 -3.557160e-04 1.947085e-02 5.024821e-01 3.677107e-04 9.999997e-01 -6.124533e-04 -3.068572e-02 -1.947060e-02 6.194963e-04 9.998101e-01 9.947855e-01
9.999739e-01 -1.009852e-04 7.230378e-03 5.540031e-01 1.026830e-04 1.000000e+00 -2.344320e-04 -3.460652e-02 -7.230321e-03 2.351677e-04 9.999737e-01 1.099725e+00
9.996096e-01 -4.970475e-04 2.793429e-02 6.045914e-01 5.213695e-04 9.999995e-01 -8.634058e-04 -3.759491e-02 -2.793381e-02 8.776321e-04 9.996093e-01 1.201314e+00
9.999612e-01 -1.559287e-04 8.805041e-03 6.572780e-01 1.582825e-04 1.000000e+00 -2.666057e-04 -4.065812e-02 -8.804960e-03 2.679882e-04 9.999611e-01 1.308425e+00
9.995772e-01 -4.838593e-04 2.907128e-02 7.090535e-01 5.108114e-04 9.999994e-01 -9.196800e-04 -4.344711e-02 -2.907078e-02 9.341402e-04 9.995768e-01 1.413212e+00
9.998347e-01 -3.418661e-04 1.817966e-02 7.637197e-01 3.514648e-04 9.999998e-01 -5.247858e-04 -4.539881e-02 -1.817943e-02 5.310874e-04 9.998345e-01 1.516516e+00
9.997738e-01 -3.650058e-04 2.126504e-02 8.201964e-01 3.797359e-04 9.999997e-01 -6.886384e-04 -4.831769e-02 -2.126474e-02 6.965565e-04 9.997735e-01 1.626539e+00
9.999119e-01 -2.592436e-04 1.326931e-02 8.737769e-01 2.642770e-04 9.999999e-01 -3.775505e-04 -5.164910e-02 -1.326916e-02 3.810227e-04 9.999118e-01 1.734555e+00
9.997962e-01 -3.069928e-04 2.018641e-02 9.268402e-01 3.209675e-04 9.999997e-01 -6.890224e-04 -5.491107e-02 -2.018614e-02 6.953597e-04 9.997959e-01 1.839961e+00
9.998086e-01 -3.859418e-04 1.955761e-02 9.816031e-01 3.966363e-04 9.999998e-01 -5.429202e-04 -5.753934e-02 -1.955733e-02 5.505719e-04 9.998085e-01 1.940494e+00
9.998114e-01 -3.192452e-04 1.941641e-02 1.036453e+00 3.320090e-04 9.999997e-01 -6.541237e-04 -6.041973e-02 -1.941614e-02 6.604451e-04 9.998112e-01 2.046165e+00
9.999319e-01 -2.287088e-04 1.166385e-02 1.087004e+00 2.324651e-04 9.999999e-01 -3.206353e-04 -6.390243e-02 -1.166371e-02 3.233232e-04 9.999318e-01 2.148468e+00
9.997834e-01 -3.393786e-04 2.080741e-02 1.139127e+00 3.540599e-04 9.999997e-01 -7.018643e-04 -6.726226e-02 -2.080710e-02 7.090775e-04 9.997832e-01 2.251186e+00
9.999539e-01 -2.242139e-04 9.603009e-03 1.193775e+00 2.265435e-04 9.999999e-01 -2.414124e-04 -7.125893e-02 -9.602885e-03 2.435748e-04 9.999538e-01 2.368046e+00
9.999441e-01 -1.332913e-04 1.057491e-02 1.244204e+00 1.377446e-04 9.999999e-01 -4.203140e-04 -7.621349e-02 -1.057478e-02 4.217450e-04 9.999439e-01 2.487334e+00
9.999854e-01 -1.347121e-04 5.391479e-03 1.291066e+00 1.353755e-04 1.000000e+00 -1.225133e-04 -8.152984e-02 -5.391390e-03 1.232393e-04 9.999854e-01 2.607077e+00
9.998585e-01 -2.460752e-04 1.682166e-02 1.340595e+00 2.563207e-04 9.999998e-01 -6.068593e-04 -8.593176e-02 -1.682143e-02 6.110830e-04 9.998582e-01 2.711928e+00
9.999662e-01 -1.968517e-04 8.222464e-03 1.393674e+00 1.984887e-04 1.000000e+00 -1.981497e-04 -9.024947e-02 -8.222350e-03 1.997728e-04 9.999661e-01 2.822767e+00
9.998712e-01 -2.312444e-04 1.604941e-02 1.446244e+00 2.407315e-04 9.999998e-01 -5.891244e-04 -9.455683e-02 -1.604919e-02 5.929098e-04 9.998709e-01 2.929671e+00
9.999608e-01 -2.150537e-04 8.848562e-03 1.496362e+00 2.169233e-04 1.000000e+00 -2.101988e-04 -9.858422e-02 -8.848438e-03 2.121077e-04 9.999607e-01 3.024006e+00
9.999341e-01 -1.458128e-04 1.147764e-02 1.543747e+00 1.508881e-04 9.999999e-01 -4.412225e-04 -1.027482e-01 -1.147750e-02 4.429229e-04 9.999340e-01 3.098934e+00
9.999798e-01 -1.575074e-04 6.355897e-03 1.590148e+00 1.584467e-04 1.000000e+00 -1.470878e-04 -1.072691e-01 -6.355793e-03 1.480894e-04 9.999797e-01 3.184647e+00
9.999787e-01 -3.895746e-05 6.530928e-03 1.631968e+00 4.098494e-05 1.000000e+00 -3.101118e-04 -1.124731e-01 -6.530834e-03 3.103704e-04 9.999785e-01 3.285056e+00
9.999552e-01 -2.211140e-04 9.460343e-03 1.681002e+00 2.233665e-04 9.999999e-01 -2.369087e-04 -1.177338e-01 -9.460207e-03 2.390086e-04 9.999551e-01 3.400396e+00
9.999890e-01 -8.612859e-06 4.692214e-03 1.727652e+00 9.808342e-06 1.000000e+00 -2.544633e-04 -1.230947e-01 -4.692129e-03 2.545040e-04 9.999889e-01 3.512757e+00
9.999597e-01 -2.021645e-04 8.976362e-03 1.773574e+00 2.042387e-04 1.000000e+00 -2.299996e-04 -1.285718e-01 -8.976231e-03 2.318210e-04 9.999596e-01 3.627646e+00
9.999887e-01 -8.011115e-06 4.749627e-03 1.819757e+00 9.208698e-06 1.000000e+00 -2.518123e-04 -1.339766e-01 -4.749541e-03 2.518506e-04 9.999886e-01 3.735246e+00
9.999573e-01 -2.056429e-04 9.235235e-03 1.866135e+00 2.077980e-04 1.000000e+00 -2.322437e-04 -1.393501e-01 -9.235101e-03 2.341502e-04 9.999573e-01 3.842962e+00
9.999882e-01 -7.280204e-06 4.860107e-03 1.913377e+00 8.590815e-06 1.000000e+00 -2.693268e-04 -1.448309e-01 -4.860019e-03 2.693626e-04 9.999881e-01 3.959863e+00
9.999412e-01 -2.477238e-04 1.084139e-02 1.961765e+00 2.506537e-04 9.999999e-01 -2.687441e-04 -1.501475e-01 -1.084124e-02 2.714430e-04 9.999411e-01 4.073203e+00
9.999893e-01 3.282811e-05 4.611911e-03 2.022803e+00 -3.152493e-05 1.000000e+00 -2.822822e-04 -1.555683e-01 -4.611832e-03 2.821310e-04 9.999893e-01 4.188183e+00
9.999459e-01 -2.871163e-04 1.039204e-02 2.088756e+00 2.895901e-04 9.999999e-01 -2.363822e-04 -1.614587e-01 -1.039188e-02 2.393760e-04 9.999459e-01 4.320057e+00
9.999997e-01 1.772483e-04 -6.518517e-04 2.123918e+00 -1.773451e-04 1.000000e+00 -1.511107e-04 -1.668450e-01 6.519136e-04 1.512234e-04 9.999997e-01 4.423448e+00
9.999460e-01 -2.918384e-04 1.038773e-02 2.164436e+00 2.942757e-04 9.999999e-01 -2.329276e-04 -1.724781e-01 -1.038758e-02 2.359690e-04 9.999459e-01 4.529845e+00
9.999787e-01 1.793442e-04 -6.526393e-03 2.331087e+00 -1.791082e-04 1.000000e+00 3.647259e-05 -1.770970e-01 6.526489e-03 -3.530576e-05 9.999786e-01 4.492237e+00
9.999115e-01 -3.019322e-04 1.329875e-02 2.667155e+00 3.048689e-04 9.999999e-01 -2.186657e-04 -1.813440e-01 -1.329860e-02 2.226978e-04 9.999115e-01 4.387671e+00
9.999810e-01 1.645368e-04 -6.165621e-03 3.016116e+00 -1.645607e-04 1.000000e+00 -3.677547e-06 -1.857499e-01 6.165711e-03 4.689184e-06 9.999809e-01 4.293783e+00
9.999030e-01 -3.112116e-04 1.392346e-02 3.215773e+00 3.155473e-04 9.999999e-01 -3.090698e-04 -1.918640e-01 -1.392327e-02 3.134304e-04 9.999029e-01 4.325623e+00
9.999327e-01 2.630246e-04 -1.159795e-02 3.250243e+00 -2.607213e-04 9.999999e-01 1.999382e-04 -1.992723e-01 1.159809e-02 -1.969039e-04 9.999326e-01 4.497022e+00
9.999470e-01 -2.772784e-04 1.028922e-02 3.244232e+00 2.791503e-04 9.999999e-01 -1.803048e-04 -2.042672e-01 -1.028908e-02 1.831645e-04 9.999470e-01 4.580236e+00
9.999538e-01 2.553111e-04 -9.608510e-03 3.228087e+00 -2.539104e-04 1.000000e+00 1.467910e-04 -2.068232e-01 9.608637e-03 -1.443474e-04 9.999538e-01 4.570543e+00
9.999510e-01 -2.699586e-04 9.895532e-03 3.206269e+00 2.714082e-04 1.000000e+00 -1.449510e-04 -2.081564e-01 -9.895402e-03 1.476266e-04 9.999510e-01 4.508823e+00
9.999461e-01 2.681252e-04 -1.038075e-02 3.197695e+00 -2.665841e-04 1.000000e+00 1.496607e-04 -2.106470e-01 1.038088e-02 -1.468882e-04 9.999460e-01 4.485383e+00
9.999315e-01 -2.872966e-04 1.169568e-02 3.239260e+00 2.899224e-04 9.999999e-01 -2.226626e-04 -2.142626e-01 -1.169552e-02 2.260353e-04 9.999315e-01 4.473776e+00
9.999543e-01 2.421336e-04 -9.558941e-03 3.320564e+00 -2.409852e-04 1.000000e+00 1.210900e-04 -2.174490e-01 9.559061e-03 -1.187838e-04 9.999542e-01 4.410970e+00
9.999248e-01 -3.175173e-04 1.225607e-02 3.406294e+00 3.207427e-04 9.999999e-01 -2.610467e-04 -2.222925e-01 -1.225590e-02 2.649551e-04 9.999248e-01 4.417097e+00
9.999823e-01 1.466446e-04 -5.951382e-03 3.675762e+00 -1.460292e-04 1.000000e+00 1.034987e-04 -2.306515e-01 5.951488e-03 -1.026308e-04 9.999822e-01 4.528229e+00
9.999410e-01 -2.433538e-04 1.085653e-02 4.063418e+00 2.451933e-04 1.000000e+00 -1.679303e-04 -2.380747e-01 -1.085640e-02 1.705793e-04 9.999410e-01 4.554318e+00
9.999823e-01 1.520043e-04 -5.950099e-03 4.303010e+00 -1.519896e-04 1.000000e+00 2.576983e-06 -2.447794e-01 5.950191e-03 -1.675583e-06 9.999822e-01 4.598411e+00
9.998857e-01 -2.770180e-04 1.511257e-02 4.366882e+00 2.826073e-04 9.999999e-01 -3.675775e-04 -2.527220e-01 -1.511237e-02 3.718034e-04 9.998857e-01 4.801037e+00
9.999378e-01 2.246087e-04 -1.114603e-02 4.429843e+00 -2.226289e-04 1.000000e+00 1.786828e-04 -2.603541e-01 1.114616e-02 -1.761933e-04 9.999378e-01 4.957591e+00
9.998727e-01 -4.658918e-04 1.594550e-02 4.496933e+00 4.708562e-04 9.999998e-01 -3.074540e-04 -2.709852e-01 -1.594527e-02 3.149198e-04 9.998727e-01 5.271443e+00
9.999057e-01 3.767202e-04 -1.372494e-02 4.549231e+00 -3.739953e-04 9.999999e-01 2.009501e-04 -2.801988e-01 1.372511e-02 -1.958011e-04 9.999057e-01 5.508653e+00
9.998979e-01 -3.966393e-04 1.428448e-02 4.525248e+00 3.995651e-04 9.999999e-01 -2.018246e-04 -2.811090e-01 -1.428431e-02 2.075084e-04 9.998979e-01 5.435725e+00
9.999109e-01 3.674972e-04 -1.334119e-02 4.532961e+00 -3.654816e-04 9.999999e-01 1.533630e-04 -2.838962e-01 1.334134e-02 -1.484764e-04 9.999109e-01 5.419393e+00
9.998484e-01 -4.770540e-04 1.740372e-02 4.594695e+00 4.828887e-04 9.999998e-01 -3.309344e-04 -2.915474e-01 -1.740347e-02 3.392852e-04 9.998484e-01 5.581305e+00
9.999819e-01 2.726453e-04 -6.012629e-03 4.730413e+00 -2.733383e-04 1.000000e+00 -1.147848e-04 -3.003223e-01 6.012690e-03 1.164231e-04 9.999818e-01 5.796674e+00
9.999089e-01 -5.527026e-04 1.348542e-02 4.848402e+00 5.544439e-04 9.999998e-01 -1.252307e-04 -3.113355e-01 -1.348525e-02 1.326930e-04 9.999090e-01 6.108244e+00
9.999996e-01 4.497893e-05 -8.730782e-04 4.989920e+00 -4.514632e-05 1.000000e+00 -1.942430e-04 -3.257642e-01 8.731630e-04 1.942792e-04 9.999995e-01 6.602714e+00
9.999364e-01 -2.951130e-04 1.126893e-02 5.161059e+00 2.974816e-04 9.999999e-01 -2.083204e-04 -3.363435e-01 -1.126877e-02 2.116563e-04 9.999364e-01 6.878830e+00
9.999695e-01 1.915811e-04 -7.807700e-03 5.262687e+00 -1.913800e-04 1.000000e+00 2.621264e-05 -3.438819e-01 7.807799e-03 -2.472080e-05 9.999695e-01 7.002067e+00
9.998608e-01 -3.827095e-04 1.667763e-02 5.450668e+00 3.886930e-04 9.999999e-01 -3.553998e-04 -3.520567e-01 -1.667739e-02 3.618295e-04 9.998608e-01 7.146882e+00
9.999939e-01 -1.319205e-04 -3.478425e-03 5.591319e+00 1.319638e-04 1.000000e+00 1.152131e-05 -3.661627e-01 3.478518e-03 -1.198354e-05 9.999939e-01 7.625210e+00
9.999344e-01 -1.984015e-04 1.145333e-02 5.655599e+00 2.007147e-04 1.000000e+00 -2.006077e-04 -3.795791e-01 -1.145319e-02 2.028901e-04 9.999343e-01 8.090049e+00
9.999915e-01 1.004316e-04 -4.120901e-03 5.720593e+00 -1.008677e-04 1.000000e+00 -1.062027e-04 -3.872914e-01 4.120985e-03 1.066142e-04 9.999914e-01 8.271862e+00
9.999085e-01 -2.315381e-04 1.352078e-02 5.788306e+00 2.351374e-04 9.999999e-01 -2.644377e-04 -3.943963e-01 -1.352063e-02 2.675894e-04 9.999085e-01 8.434852e+00
9.999948e-01 -4.997480e-05 3.228352e-03 5.865319e+00 5.106029e-05 9.999999e-01 -3.353745e-04 -4.014549e-01 -3.228239e-03 3.355343e-04 9.999947e-01 8.629535e+00
9.999920e-01 -1.056135e-04 3.995470e-03 6.097398e+00 1.051721e-04 1.000000e+00 1.113330e-04 -4.075066e-01 -3.995386e-03 -1.109152e-04 9.999919e-01 8.649183e+00
9.999901e-01 1.953842e-04 -4.442611e-03 6.385138e+00 -1.952741e-04 1.000000e+00 2.464825e-05 -4.132488e-01 4.442712e-03 -2.378382e-05 9.999901e-01 8.614805e+00
9.999857e-01 -2.496707e-04 5.337730e-03 6.481341e+00 2.501113e-04 1.000000e+00 -8.139563e-05 -4.218839e-01 -5.337613e-03 8.272612e-05 9.999857e-01 8.789266e+00
9.999890e-01 2.076258e-04 -4.678890e-03 6.553753e+00 -2.075698e-04 1.000000e+00 1.190568e-05 -4.296862e-01 4.678988e-03 -1.093770e-05 9.999890e-01 8.939510e+00
9.999810e-01 -2.516619e-04 6.157051e-03 6.618150e+00 2.523949e-04 1.000000e+00 -1.178533e-04 -4.374083e-01 -6.156925e-03 1.194016e-04 9.999810e-01 9.097765e+00
9.999882e-01 2.161951e-04 -4.850480e-03 6.645634e+00 -2.161005e-04 1.000000e+00 1.948893e-05 -4.428398e-01 4.850580e-03 -1.844387e-05 9.999882e-01 9.187250e+00
9.999875e-01 -2.352691e-04 4.977754e-03 6.667506e+00 2.355620e-04 1.000000e+00 -5.774083e-05 -4.471694e-01 -4.977644e-03 5.890929e-05 9.999875e-01 9.222972e+00
9.999909e-01 2.020154e-04 -4.255795e-03 6.713674e+00 -2.020930e-04 1.000000e+00 -1.841433e-05 -4.531533e-01 4.255887e-03 1.927086e-05 9.999909e-01 9.315610e+00
9.999849e-01 -2.709389e-04 5.483147e-03 6.766077e+00 2.713574e-04 1.000000e+00 -7.510799e-05 -4.606385e-01 -5.483030e-03 7.659134e-05 9.999849e-01 9.473003e+00
9.999931e-01 2.220982e-04 -3.685310e-03 6.821925e+00 -2.222949e-04 1.000000e+00 -5.369372e-05 -4.674628e-01 3.685395e-03 5.450919e-05 9.999931e-01 9.598128e+00
9.999849e-01 -3.049663e-04 5.486566e-03 6.879265e+00 3.052547e-04 1.000000e+00 -5.124181e-05 -4.749588e-01 -5.486454e-03 5.291240e-05 9.999849e-01 9.748987e+00
9.999994e-01 2.557454e-04 -9.958448e-04 6.934677e+00 -2.559076e-04 1.000000e+00 -1.654133e-04 -4.817612e-01 9.958989e-04 1.656646e-04 9.999994e-01 9.878415e+00
9.999992e-01 -2.807950e-04 1.184522e-03 6.987699e+00 2.806518e-04 1.000000e+00 1.233529e-04 -4.864887e-01 -1.184461e-03 -1.230239e-04 9.999992e-01 9.902178e+00
9.999999e-01 2.259465e-04 3.031788e-04 7.032841e+00 -2.258737e-04 9.999999e-01 -2.313844e-04 -4.928855e-01 -3.031345e-04 2.313125e-04 9.999999e-01 1.001563e+01
9.999751e-01 -2.964939e-04 7.045717e-03 7.088480e+00 2.969982e-04 1.000000e+00 -7.015800e-05 -4.986844e-01 -7.045600e-03 7.224535e-05 9.999751e-01 1.010714e+01
9.999857e-01 1.125119e-04 5.334639e-03 7.152622e+00 -1.104144e-04 9.999999e-01 -3.929797e-04 -5.047903e-01 -5.334585e-03 3.923816e-04 9.999856e-01 1.023359e+01
9.999954e-01 -1.214594e-04 -3.027188e-03 7.209006e+00 1.222591e-04 1.000000e+00 2.630811e-04 -5.095105e-01 3.027253e-03 -2.634534e-04 9.999953e-01 1.025517e+01
9.999999e-01 1.733601e-04 -1.671538e-04 7.267285e+00 -1.733863e-04 1.000000e+00 -1.731370e-04 -5.119193e-01 1.672208e-04 1.731625e-04 9.999999e-01 1.016159e+01
9.999978e-01 -1.292553e-04 -2.065438e-03 7.334855e+00 1.297386e-04 1.000000e+00 2.325325e-04 -5.129876e-01 2.065505e-03 -2.328034e-04 9.999978e-01 1.001478e+01
9.999997e-01 1.590404e-04 7.328418e-04 7.364183e+00 -1.589012e-04 1.000000e+00 -1.863047e-04 -5.136996e-01 -7.327745e-04 1.861848e-04 9.999997e-01 9.881311e+00
9.999990e-01 -1.523638e-04 -1.408679e-03 7.360024e+00 1.526588e-04 1.000000e+00 2.073721e-04 -5.152508e-01 1.408744e-03 -2.075905e-04 9.999989e-01 9.815324e+00
9.999774e-01 1.217498e-04 6.712478e-03 7.399388e+00 -1.191574e-04 9.999999e-01 -3.861921e-04 -5.184996e-01 -6.712428e-03 3.853801e-04 9.999773e-01 9.784457e+00
9.999244e-01 -4.483696e-04 1.228252e-02 7.454770e+00 4.513695e-04 9.999999e-01 -2.412487e-04 -5.237063e-01 -1.228231e-02 2.467709e-04 9.999245e-01 9.909369e+00
9.999999e-01 2.623189e-04 2.365769e-04 7.500694e+00 -2.622650e-04 9.999999e-01 -2.155860e-04 -5.295431e-01 -2.365357e-04 2.155204e-04 9.999999e-01 1.003898e+01
9.999549e-01 -4.167498e-04 9.488133e-03 7.572202e+00 4.181465e-04 9.999999e-01 -1.449119e-04 -5.370390e-01 -9.487974e-03 1.488692e-04 9.999549e-01 1.021641e+01
9.999923e-01 3.249292e-04 -3.894039e-03 7.643544e+00 -3.253240e-04 9.999999e-01 -1.014953e-04 -5.450499e-01 3.894104e-03 1.027578e-04 9.999924e-01 1.040687e+01
9.998806e-01 -4.911870e-04 1.544312e-02 7.704166e+00 4.963313e-04 9.999998e-01 -3.290942e-04 -5.518599e-01 -1.544286e-02 3.367162e-04 9.998806e-01 1.057202e+01
9.999937e-01 3.228490e-04 -3.525040e-03 7.746713e+00 -3.232286e-04 9.999999e-01 -1.079810e-04 -5.575467e-01 3.525104e-03 1.091162e-04 9.999937e-01 1.069371e+01
9.999739e-01 -3.916343e-04 7.214778e-03 7.769118e+00 3.920509e-04 9.999999e-01 -5.591021e-05 -5.635170e-01 -7.214657e-03 5.873370e-05 9.999739e-01 1.081702e+01
9.999843e-01 2.093544e-04 5.589905e-03 7.837826e+00 -2.069244e-04 9.999999e-01 -4.347385e-04 -5.703981e-01 -5.589897e-03 4.335715e-04 9.999842e-01 1.098903e+01
9.999853e-01 -3.775938e-04 5.394238e-03 7.903422e+00 3.774227e-04 9.999999e-01 3.331747e-05 -5.773611e-01 -5.394151e-03 -3.128472e-05 9.999854e-01 1.115285e+01
9.999997e-01 3.176059e-04 5.916672e-04 7.943003e+00 -3.174273e-04 9.999999e-01 -2.964807e-04 -5.829557e-01 -5.916623e-04 2.962892e-04 9.999997e-01 1.124967e+01
9.999970e-01 -3.426714e-04 2.422254e-03 7.976051e+00 3.422995e-04 9.999999e-01 1.552743e-04 -5.865921e-01 -2.422208e-03 -1.544484e-04 9.999970e-01 1.124883e+01
9.999993e-01 3.243161e-04 -1.099163e-03 8.024088e+00 -3.245574e-04 9.999999e-01 -2.222542e-04 -5.892719e-01 1.099190e-03 2.226072e-04 9.999993e-01 1.118837e+01
9.999671e-01 -3.899532e-04 8.092584e-03 8.069398e+00 3.903547e-04 9.999999e-01 -4.764242e-05 -5.938896e-01 -8.092466e-03 5.079616e-05 9.999672e-01 1.123271e+01
9.999969e-01 3.109770e-04 -2.432156e-03 8.149235e+00 -3.113940e-04 9.999999e-01 -1.724203e-04 -5.976279e-01 2.432202e-03 1.731735e-04 9.999970e-01 1.120539e+01
9.999968e-01 -2.932986e-04 2.475556e-03 8.270773e+00 2.929412e-04 9.999999e-01 1.460806e-04 -5.995335e-01 -2.475500e-03 -1.453586e-04 9.999969e-01 1.105366e+01
9.999995e-01 2.474632e-04 9.718818e-04 8.392281e+00 -2.471625e-04 9.999999e-01 -3.061416e-04 -6.028041e-01 -9.718583e-04 3.058975e-04 9.999994e-01 1.097197e+01
9.999930e-01 -2.993851e-04 3.716608e-03 8.468877e+00 2.990180e-04 1.000000e+00 1.001911e-04 -6.069492e-01 -3.716538e-03 -9.908274e-05 9.999930e-01 1.096209e+01
9.999989e-01 2.628777e-04 -1.438719e-03 8.538678e+00 -2.631993e-04 9.999999e-01 -2.256020e-04 -6.113096e-01 1.438759e-03 2.259767e-04 9.999989e-01 1.096239e+01
9.999769e-01 -3.126045e-04 6.779719e-03 8.584886e+00 3.126813e-04 1.000000e+00 -9.788610e-06 -6.164962e-01 -6.779616e-03 1.190458e-05 9.999770e-01 1.102895e+01
9.999872e-01 2.914716e-04 -5.048159e-03 8.674719e+00 -2.920366e-04 1.000000e+00 -1.118342e-04 -6.224547e-01 5.048226e-03 1.133033e-04 9.999872e-01 1.108304e+01
9.999887e-01 -2.835506e-04 4.727486e-03 8.785600e+00 2.831957e-04 1.000000e+00 7.644580e-05 -6.279650e-01 -4.727408e-03 -7.510983e-05 9.999888e-01 1.110057e+01
9.999857e-01 3.036660e-04 -5.331003e-03 8.909442e+00 -3.041532e-04 9.999999e-01 -9.120010e-05 -6.321284e-01 5.331074e-03 9.281659e-05 9.999857e-01 1.104497e+01
9.999937e-01 -2.501079e-04 3.542099e-03 9.055713e+00 2.495368e-04 1.000000e+00 1.626331e-04 -6.372709e-01 -3.542040e-03 -1.617519e-04 9.999937e-01 1.102393e+01
9.999770e-01 3.237869e-04 -6.766962e-03 9.187422e+00 -3.237648e-04 9.999999e-01 3.859851e-06 -6.444620e-01 6.767062e-03 -1.672495e-06 9.999770e-01 1.110549e+01
9.999792e-01 -3.157651e-04 6.433746e-03 9.278500e+00 3.160810e-04 9.999999e-01 -4.757528e-05 -6.506942e-01 -6.433632e-03 4.960419e-05 9.999792e-01 1.116765e+01
9.999773e-01 3.126246e-04 -6.730973e-03 9.336229e+00 -3.124746e-04 1.000000e+00 2.283810e-05 -6.557830e-01 6.731079e-03 -2.073796e-05 9.999773e-01 1.120327e+01
9.999800e-01 -3.208748e-04 6.309821e-03 9.394598e+00 3.212134e-04 9.999999e-01 -5.212559e-05 -6.623815e-01 -6.309704e-03 5.414765e-05 9.999800e-01 1.130524e+01
9.999837e-01 2.839930e-04 -5.701107e-03 9.430165e+00 -2.840873e-04 1.000000e+00 -1.631803e-05 -6.685931e-01 5.701201e-03 1.793372e-05 9.999837e-01 1.141884e+01
9.999773e-01 -3.378967e-04 6.725677e-03 9.499283e+00 3.384108e-04 9.999999e-01 -7.481164e-05 -6.763687e-01 -6.725552e-03 7.708228e-05 9.999773e-01 1.156851e+01
9.999789e-01 3.111143e-04 -6.476612e-03 9.549872e+00 -3.109724e-04 1.000000e+00 2.240787e-05 -6.837666e-01 6.476718e-03 -2.039701e-05 9.999790e-01 1.171723e+01
9.999755e-01 -3.454194e-04 6.985490e-03 9.582413e+00 3.459784e-04 9.999999e-01 -7.834531e-05 -6.904187e-01 -6.985364e-03 8.075651e-05 9.999755e-01 1.184756e+01
9.999852e-01 2.832649e-04 -5.429604e-03 9.639790e+00 -2.832895e-04 1.000000e+00 -4.373133e-06 -6.984783e-01 5.429702e-03 5.907546e-06 9.999852e-01 1.202849e+01
9.999860e-01 -2.949981e-04 5.284188e-03 9.690658e+00 2.951743e-04 1.000000e+00 -3.194064e-05 -7.061160e-01 -5.284079e-03 3.349623e-05 9.999860e-01 1.218152e+01
9.999800e-01 2.954306e-04 -6.310144e-03 9.716113e+00 -2.952689e-04 1.000000e+00 2.602778e-05 -7.108248e-01 6.310250e-03 -2.416775e-05 9.999800e-01 1.222194e+01
9.999838e-01 -2.995941e-04 5.676858e-03 9.743331e+00 2.997903e-04 1.000000e+00 -3.313771e-05 -7.154546e-01 -5.676749e-03 3.483531e-05 9.999838e-01 1.226122e+01
9.999823e-01 2.980774e-04 -5.931234e-03 9.774779e+00 -2.979473e-04 1.000000e+00 2.224559e-05 -7.190485e-01 5.931340e-03 -2.048168e-05 9.999824e-01 1.225518e+01
9.999804e-01 -3.150464e-04 6.240276e-03 9.813441e+00 3.154423e-04 9.999999e-01 -6.193096e-05 -7.234434e-01 -6.240157e-03 6.389447e-05 9.999805e-01 1.227715e+01
9.999899e-01 2.835443e-04 -4.485298e-03 9.849245e+00 -2.837411e-04 1.000000e+00 -4.397378e-05 -7.291853e-01 4.485385e-03 4.524231e-05 9.999899e-01 1.236856e+01
9.999741e-01 -3.630091e-04 7.188003e-03 9.920772e+00 3.635342e-04 9.999999e-01 -7.128720e-05 -7.375473e-01 -7.187878e-03 7.389469e-05 9.999741e-01 1.255461e+01
9.999762e-01 3.324375e-04 -6.890770e-03 9.992042e+00 -3.322521e-04 9.999999e-01 2.755134e-05 -7.458031e-01 6.890878e-03 -2.526491e-05 9.999762e-01 1.272202e+01
9.999784e-01 -3.449713e-04 6.553307e-03 1.002222e+01 3.453208e-04 9.999999e-01 -5.168632e-05 -7.510468e-01 -6.553189e-03 5.394444e-05 9.999785e-01 1.278781e+01
9.999907e-01 2.714286e-04 -4.295744e-03 1.006485e+01 -2.717029e-04 1.000000e+00 -6.405614e-05 -7.581189e-01 4.295826e-03 6.521900e-05 9.999907e-01 1.293656e+01
9.999353e-01 -4.618391e-04 1.135980e-02 1.020186e+01 4.641475e-04 9.999999e-01 -2.002720e-04 -7.675337e-01 -1.135961e-02 2.055279e-04 9.999354e-01 1.316715e+01
9.999877e-01 2.954078e-04 -4.934237e-03 1.038477e+01 -2.957743e-04 1.000000e+00 -7.426588e-05 -7.764263e-01 4.934315e-03 7.572067e-05 9.999878e-01 1.333816e+01
9.999522e-01 -3.756981e-04 9.764998e-03 1.047763e+01 3.773762e-04 9.999999e-01 -1.696507e-04 -7.845965e-01 -9.764833e-03 1.733239e-04 9.999523e-01 1.351475e+01
9.999965e-01 2.664967e-04 -2.633361e-03 1.054839e+01 -2.667774e-04 1.000000e+00 -1.075783e-04 -7.924191e-01 2.633432e-03 1.082766e-04 9.999965e-01 1.369935e+01
9.999754e-01 -3.333865e-04 6.996746e-03 1.060591e+01 3.339088e-04 9.999999e-01 -7.297676e-05 -8.000073e-01 -6.996622e-03 7.530744e-05 9.999755e-01 1.386887e+01
9.999980e-01 2.052610e-04 1.969567e-03 1.065742e+01 -2.047214e-04 9.999999e-01 -2.723231e-04 -8.066901e-01 -1.969523e-03 2.719155e-04 9.999980e-01 1.402332e+01
9.999777e-01 -3.577925e-04 6.659864e-03 1.071315e+01 3.580383e-04 9.999999e-01 -3.517442e-05 -8.136955e-01 -6.659751e-03 3.755430e-05 9.999778e-01 1.418421e+01
9.999989e-01 2.784175e-04 -1.440433e-03 1.076418e+01 -2.786780e-04 9.999999e-01 -1.831665e-04 -8.213260e-01 1.440482e-03 1.835639e-04 9.999989e-01 1.436537e+01
9.999528e-01 -3.861510e-04 9.698355e-03 1.080848e+01 3.875533e-04 9.999999e-01 -1.423311e-04 -8.279115e-01 -9.698199e-03 1.460792e-04 9.999529e-01 1.451674e+01
9.999913e-01 1.691113e-04 4.158734e-03 1.086039e+01 -1.676021e-04 9.999999e-01 -3.623486e-04 -8.341483e-01 -4.158696e-03 3.616446e-04 9.999912e-01 1.467270e+01
9.997598e-01 -6.059495e-04 2.190692e-02 1.092260e+01 6.168083e-04 9.999997e-01 -4.887512e-04 -8.387588e-01 -2.190652e-02 5.021423e-04 9.997598e-01 1.480292e+01
9.999925e-01 1.508680e-04 3.854704e-03 1.097958e+01 -1.495689e-04 9.999999e-01 -3.362990e-04 -8.430851e-01 -3.854655e-03 3.357161e-04 9.999925e-01 1.491881e+01
9.998922e-01 -4.680641e-04 1.467444e-02 1.103588e+01 4.723198e-04 9.999998e-01 -2.862696e-04 -8.486806e-01 -1.467420e-02 2.931658e-04 9.998922e-01 1.506164e+01
9.999823e-01 1.122930e-04 5.944432e-03 1.109427e+01 -1.098640e-04 9.999999e-01 -4.082486e-04 -8.539444e-01 -5.944378e-03 4.075844e-04 9.999822e-01 1.519843e+01
9.998465e-01 -5.233367e-04 1.751132e-02 1.115761e+01 5.296428e-04 9.999998e-01 -3.552368e-04 -8.590272e-01 -1.751103e-02 3.644531e-04 9.998466e-01 1.533524e+01
9.999300e-01 4.341795e-04 -1.182071e-02 1.119971e+01 -4.325059e-04 9.999999e-01 1.437774e-04 -8.662652e-01 1.182087e-02 -1.386586e-04 9.999301e-01 1.550145e+01
9.997792e-01 -5.596736e-04 2.100304e-02 1.124266e+01 5.698180e-04 9.999997e-01 -4.768154e-04 -8.725237e-01 -2.100267e-02 4.886741e-04 9.997793e-01 1.564196e+01
9.999690e-01 3.345449e-04 -7.855940e-03 1.129477e+01 -3.343279e-04 9.999999e-01 2.836911e-05 -8.788188e-01 7.856048e-03 -2.574562e-05 9.999691e-01 1.579256e+01
9.997901e-01 -5.225117e-04 2.047968e-02 1.134443e+01 5.325414e-04 9.999997e-01 -4.840721e-04 -8.851130e-01 -2.047932e-02 4.948728e-04 9.997901e-01 1.594561e+01
9.998897e-01 4.492781e-04 -1.484402e-02 1.137126e+01 -4.454461e-04 9.999999e-01 2.611539e-04 -8.917526e-01 1.484424e-02 -2.545167e-04 9.998897e-01 1.610524e+01
9.997821e-01 -5.121574e-04 2.086586e-02 1.139639e+01 5.227735e-04 9.999997e-01 -5.031146e-04 -8.977897e-01 -2.086550e-02 5.139092e-04 9.997821e-01 1.624081e+01
9.999569e-01 3.520745e-04 -9.273140e-03 1.144269e+01 -3.513578e-04 9.999999e-01 7.842318e-05 -9.039210e-01 9.273266e-03 -7.516546e-05 9.999570e-01 1.638080e+01
9.998695e-01 -4.315261e-04 1.614470e-02 1.147949e+01 4.372802e-04 9.999998e-01 -3.526021e-04 -9.104235e-01 -1.614444e-02 3.596120e-04 9.998696e-01 1.652851e+01
9.999073e-01 3.891993e-04 -1.360770e-02 1.151240e+01 -3.856570e-04 9.999999e-01 2.626006e-04 -9.171355e-01 1.360790e-02 -2.573322e-04 9.999073e-01 1.666248e+01
9.998928e-01 -3.766491e-04 1.463333e-02 1.154906e+01 3.810696e-04 9.999999e-01 -2.989835e-04 -9.237809e-01 -1.463312e-02 3.045239e-04 9.998928e-01 1.678651e+01
9.999983e-01 1.487613e-04 -1.795887e-03 1.160105e+01 -1.490186e-04 1.000000e+00 -1.457100e-04 -9.300077e-01 1.795964e-03 1.459735e-04 9.999983e-01 1.693276e+01
9.999831e-01 -2.021931e-04 5.800881e-03 1.163546e+01 2.023546e-04 1.000000e+00 -2.644776e-05 -9.364875e-01 -5.800777e-03 2.761724e-05 9.999831e-01 1.706028e+01
9.999609e-01 2.015861e-04 -8.833771e-03 1.164318e+01 -2.006019e-04 1.000000e+00 1.117618e-04 -9.427039e-01 8.833892e-03 -1.099892e-04 9.999609e-01 1.717424e+01
9.999936e-01 -1.337186e-04 3.545594e-03 1.165828e+01 1.335370e-04 1.000000e+00 5.276322e-05 -9.492010e-01 -3.545502e-03 -5.229333e-05 9.999937e-01 1.729015e+01
9.999357e-01 2.544613e-04 -1.133398e-02 1.168193e+01 -2.515354e-04 9.999999e-01 2.591624e-04 -9.555555e-01 1.133414e-02 -2.562987e-04 9.999357e-01 1.738976e+01
9.999520e-01 -2.725287e-04 9.788952e-03 1.168894e+01 2.748977e-04 9.999999e-01 -2.401956e-04 -9.617823e-01 -9.788787e-03 2.428711e-04 9.999520e-01 1.751243e+01
9.999426e-01 2.551600e-04 -1.070333e-02 1.169760e+01 -2.526245e-04 9.999999e-01 2.378120e-04 -9.675904e-01 1.070349e-02 -2.350983e-04 9.999426e-01 1.761691e+01
9.999290e-01 -2.869814e-04 1.190794e-02 1.169887e+01 2.906857e-04 9.999999e-01 -3.089615e-04 -9.727751e-01 -1.190776e-02 3.123972e-04 9.999290e-01 1.771249e+01
9.999372e-01 2.627528e-04 -1.120233e-02 1.170117e+01 -2.598823e-04 9.999999e-01 2.572845e-04 -9.781451e-01 1.120249e-02 -2.543609e-04 9.999372e-01 1.781006e+01
9.998346e-01 -3.506609e-04 1.817957e-02 1.172286e+01 3.603945e-04 9.999998e-01 -5.318862e-04 -9.833397e-01 -1.817928e-02 5.383462e-04 9.998346e-01 1.791249e+01
9.999479e-01 8.607000e-05 -1.020033e-02 1.178621e+01 -8.303177e-05 1.000000e+00 2.978152e-04 -9.941575e-01 1.020046e-02 -2.969566e-04 9.999479e-01 1.825961e+01
9.999120e-01 -1.638488e-04 1.326076e-02 1.183657e+01 1.697864e-04 9.999999e-01 -4.462847e-04 -1.003161e+00 -1.326059e-02 4.484930e-04 9.999119e-01 1.849139e+01
9.999150e-01 1.484889e-04 -1.303639e-02 1.180692e+01 -1.426287e-04 9.999999e-01 4.500908e-04 -1.004743e+00 1.303655e-02 -4.481971e-04 9.999149e-01 1.844919e+01
9.999051e-01 -2.053733e-04 1.376982e-02 1.179220e+01 2.122425e-04 9.999999e-01 -4.970607e-04 -1.009405e+00 -1.376962e-02 4.999321e-04 9.999050e-01 1.854168e+01
9.999660e-01 1.373278e-04 -8.235233e-03 1.181355e+01 -1.350578e-04 1.000000e+00 2.756167e-04 -1.015841e+00 8.235369e-03 -2.744990e-04 9.999660e-01 1.869183e+01
9.998649e-01 -2.449570e-04 1.643201e-02 1.185775e+01 2.547454e-04 9.999998e-01 -5.933167e-04 -1.023413e+00 -1.643176e-02 5.974186e-04 9.998648e-01 1.888552e+01
9.998978e-01 1.761641e-04 -1.429015e-02 1.187214e+01 -1.690949e-04 9.999999e-01 4.955581e-04 -1.030138e+00 1.429033e-02 -4.930950e-04 9.998977e-01 1.905253e+01
9.998277e-01 -2.588996e-04 1.855858e-02 1.190723e+01 2.713267e-04 9.999997e-01 -6.668443e-04 -1.037677e+00 -1.855830e-02 6.717609e-04 9.998275e-01 1.924167e+01
9.999399e-01 1.580427e-04 -1.096025e-02 1.195182e+01 -1.540867e-04 9.999999e-01 3.613392e-04 -1.045228e+00 1.096040e-02 -3.596325e-04 9.999398e-01 1.943565e+01
9.998960e-01 -2.417367e-04 1.441652e-02 1.197228e+01 2.490384e-04 9.999998e-01 -5.043579e-04 -1.051990e+00 -1.441629e-02 5.078918e-04 9.998959e-01 1.960234e+01
9.998910e-01 2.023619e-04 -1.475660e-02 1.198287e+01 -1.950494e-04 9.999999e-01 4.966397e-04 -1.058974e+00 1.475680e-02 -4.937112e-04 9.998910e-01 1.976573e+01
9.999001e-01 -2.467659e-04 1.412668e-02 1.199155e+01 2.536927e-04 9.999998e-01 -4.882026e-04 -1.065731e+00 -1.412646e-02 4.917337e-04 9.999001e-01 1.991874e+01
9.999259e-01 1.787277e-04 -1.216404e-02 1.202587e+01 -1.737511e-04 9.999999e-01 4.097702e-04 -1.073639e+00 1.216421e-02 -4.076302e-04 9.999259e-01 2.011200e+01
9.998779e-01 -2.387378e-04 1.561821e-02 1.205578e+01 2.475015e-04 9.999998e-01 -5.588789e-04 -1.080435e+00 -1.561798e-02 5.626723e-04 9.998778e-01 2.027022e+01
9.998760e-01 2.172914e-04 -1.574099e-02 1.205653e+01 -2.089008e-04 9.999998e-01 5.343649e-04 -1.084887e+00 1.574120e-02 -5.310143e-04 9.998759e-01 2.033398e+01
9.997001e-01 -5.806004e-04 2.448169e-02 1.213415e+01 5.992607e-04 9.999995e-01 -7.546843e-04 -1.097144e+00 -2.448114e-02 7.691248e-04 9.997000e-01 2.074738e+01
9.998503e-01 3.066970e-04 -1.729709e-02 1.220999e+01 -2.966564e-04 9.999998e-01 5.827498e-04 -1.109603e+00 1.729736e-02 -5.775352e-04 9.998502e-01 2.115354e+01
9.998551e-01 -3.329879e-04 1.701553e-02 1.226499e+01 3.434579e-04 9.999998e-01 -6.121094e-04 -1.117334e+00 -1.701522e-02 6.178609e-04 9.998550e-01 2.131073e+01
9.998367e-01 3.610431e-04 -1.806414e-02 1.233196e+01 -3.499711e-04 9.999997e-01 6.158070e-04 -1.122132e+00 1.806446e-02 -6.093885e-04 9.998366e-01 2.132461e+01
9.998434e-01 -3.402045e-04 1.768831e-02 1.244939e+01 3.511043e-04 9.999998e-01 -6.128348e-04 -1.128741e+00 -1.768800e-02 6.189453e-04 9.998433e-01 2.138789e+01
9.998710e-01 2.945319e-04 -1.605732e-02 1.251857e+01 -2.864542e-04 9.999998e-01 5.050364e-04 -1.136381e+00 1.605756e-02 -5.003755e-04 9.998709e-01 2.153468e+01
9.998797e-01 -2.727387e-04 1.550241e-02 1.261405e+01 2.809904e-04 9.999998e-01 -5.297878e-04 -1.141754e+00 -1.550216e-02 5.340761e-04 9.998797e-01 2.155273e+01
9.998588e-01 2.941979e-04 -1.680038e-02 1.276140e+01 -2.846736e-04 9.999998e-01 5.689987e-04 -1.145657e+00 1.680065e-02 -5.641396e-04 9.998587e-01 2.147533e+01
9.998838e-01 -2.296403e-04 1.524175e-02 1.296836e+01 2.373125e-04 9.999998e-01 -5.012341e-04 -1.145242e+00 -1.524154e-02 5.047889e-04 9.998837e-01 2.116421e+01
9.998612e-01 2.968854e-04 -1.665566e-02 1.320074e+01 -2.876769e-04 9.999998e-01 5.549624e-04 -1.143404e+00 1.665592e-02 -5.500978e-04 9.998611e-01 2.077559e+01
9.998918e-01 -2.064386e-04 1.470420e-02 1.352176e+01 2.131956e-04 9.999999e-01 -4.576266e-04 -1.137175e+00 -1.470401e-02 4.607080e-04 9.998917e-01 2.014060e+01
9.998582e-01 3.445663e-04 -1.683315e-02 1.379722e+01 -3.351262e-04 9.999998e-01 5.633222e-04 -1.130172e+00 1.683344e-02 -5.576050e-04 9.998581e-01 1.948784e+01
9.998960e-01 -1.931301e-04 1.441672e-02 1.407640e+01 1.994830e-04 9.999999e-01 -4.388829e-04 -1.122172e+00 -1.441654e-02 4.417092e-04 9.998959e-01 1.878776e+01
9.998284e-01 3.880751e-04 -1.851693e-02 1.431660e+01 -3.754511e-04 9.999997e-01 6.849599e-04 -1.124185e+00 1.851729e-02 -6.778941e-04 9.998283e-01 1.857632e+01
9.998634e-01 -3.793009e-04 1.651798e-02 1.454289e+01 3.894745e-04 9.999997e-01 -6.124009e-04 -1.128073e+00 -1.651765e-02 6.187466e-04 9.998633e-01 1.846244e+01
9.998483e-01 4.412880e-04 -1.741034e-02 1.478618e+01 -4.302805e-04 9.999997e-01 6.356911e-04 -1.125363e+00 1.741071e-02 -6.281072e-04 9.998482e-01 1.802740e+01
9.998567e-01 -4.716115e-04 1.691615e-02 1.504034e+01 4.825222e-04 9.999997e-01 -6.406241e-04 -1.127452e+00 -1.691574e-02 6.486908e-04 9.998567e-01 1.781907e+01
9.998416e-01 5.065209e-04 -1.778951e-02 1.527092e+01 -4.948730e-04 9.999997e-01 6.588789e-04 -1.126811e+00 1.778993e-02 -6.499749e-04 9.998415e-01 1.749056e+01
9.998600e-01 -5.279026e-04 1.671832e-02 1.555463e+01 5.380946e-04 9.999997e-01 -6.048484e-04 -1.127331e+00 -1.671790e-02 6.137558e-04 9.998600e-01 1.719374e+01
9.998380e-01 6.153652e-04 -1.798292e-02 1.580306e+01 -6.028601e-04 9.999996e-01 7.005258e-04 -1.127703e+00 1.798344e-02 -6.895751e-04 9.998380e-01 1.690970e+01
9.998465e-01 -5.848397e-04 1.750836e-02 1.598074e+01 5.973264e-04 9.999996e-01 -7.076913e-04 -1.129224e+00 -1.750784e-02 7.180370e-04 9.998464e-01 1.670473e+01
9.997719e-01 6.932536e-04 -2.134191e-02 1.630209e+01 -6.720800e-04 9.999993e-01 9.990393e-04 -1.128006e+00 2.134269e-02 -9.844719e-04 9.997717e-01 1.631979e+01
9.998613e-01 -5.677998e-04 1.664145e-02 1.668964e+01 5.787311e-04 9.999996e-01 -6.517767e-04 -1.125505e+00 -1.664097e-02 6.613133e-04 9.998613e-01 1.585280e+01
9.997973e-01 7.040452e-04 -2.011845e-02 1.703635e+01 -6.859958e-04 9.999994e-01 9.038035e-04 -1.122902e+00 2.011917e-02 -8.898230e-04 9.997972e-01 1.539199e+01
9.998749e-01 -5.680300e-04 1.580303e-02 1.739031e+01 5.775949e-04 9.999997e-01 -6.004047e-04 -1.119534e+00 -1.580258e-02 6.094534e-04 9.998749e-01 1.489377e+01
9.998132e-01 7.336504e-04 -1.930925e-02 1.775982e+01 -7.163347e-04 9.999993e-01 9.034090e-04 -1.120368e+00 1.931000e-02 -8.894122e-04 9.998131e-01 1.459364e+01
9.997893e-01 -7.090914e-04 2.051354e-02 1.806409e+01 7.266310e-04 9.999994e-01 -8.473558e-04 -1.126027e+00 -2.051282e-02 8.620791e-04 9.997892e-01 1.455510e+01
9.998356e-01 6.794692e-04 -1.811338e-02 1.842990e+01 -6.627326e-04 9.999993e-01 9.297111e-04 -1.133504e+00 1.811410e-02 -9.175579e-04 9.998355e-01 1.458007e+01
9.997982e-01 -7.162671e-04 2.007372e-02 1.883223e+01 7.319529e-04 9.999994e-01 -7.738400e-04 -1.143119e+00 -2.007306e-02 7.883730e-04 9.997982e-01 1.469370e+01
9.998362e-01 6.789819e-04 -1.808407e-02 1.913077e+01 -6.637004e-04 9.999994e-01 8.507443e-04 -1.152996e+00 1.808474e-02 -8.386064e-04 9.998361e-01 1.486139e+01
9.999047e-01 -6.625146e-04 1.378393e-02 1.941771e+01 6.687037e-04 9.999997e-01 -4.440590e-04 -1.164331e+00 -1.378353e-02 4.532302e-04 9.999049e-01 1.507980e+01
9.999638e-01 5.645050e-04 -8.483245e-03 1.990178e+01 -5.598941e-04 9.999997e-01 5.453362e-04 -1.174180e+00 8.483648e-03 -5.405706e-04 9.999638e-01 1.519062e+01
9.999642e-01 -5.182602e-04 8.436262e-03 2.029875e+01 5.203188e-04 9.999998e-01 -2.412623e-04 -1.184857e+00 -8.436038e-03 2.456394e-04 9.999643e-01 1.535517e+01
9.999705e-01 4.261710e-04 -7.662171e-03 2.052458e+01 -4.235880e-04 9.999999e-01 3.381130e-04 -1.195515e+00 7.662412e-03 -3.348612e-04 9.999705e-01 1.557980e+01
9.999475e-01 -5.377015e-04 1.022671e-02 2.076355e+01 5.409354e-04 9.999998e-01 -3.130005e-04 -1.206147e+00 -1.022644e-02 3.185121e-04 9.999476e-01 1.580142e+01
9.998878e-01 5.998027e-04 -1.496650e-02 2.092136e+01 -5.896649e-04 9.999996e-01 6.814491e-04 -1.216924e+00 1.496700e-02 -6.725512e-04 9.998877e-01 1.603156e+01
9.998858e-01 -5.964098e-04 1.509464e-02 2.110899e+01 6.046910e-04 9.999997e-01 -5.437525e-04 -1.226419e+00 -1.509422e-02 5.528142e-04 9.998859e-01 1.622487e+01
9.999873e-01 4.499082e-04 -4.999541e-03 2.132979e+01 -4.487267e-04 9.999999e-01 2.364912e-04 -1.234736e+00 4.999745e-03 -2.342485e-04 9.999874e-01 1.638696e+01
9.999702e-01 -4.934490e-04 7.694172e-03 2.155853e+01 4.947662e-04 9.999999e-01 -1.686834e-04 -1.244171e+00 -7.693990e-03 1.724813e-04 9.999703e-01 1.656729e+01
9.999910e-01 4.613677e-04 -4.211208e-03 2.186656e+01 -4.606395e-04 9.999999e-01 1.727413e-04 -1.251993e+00 4.211384e-03 -1.708037e-04 9.999911e-01 1.664009e+01
9.999497e-01 -5.617680e-04 1.000679e-02 2.216376e+01 5.642945e-04 9.999998e-01 -2.491914e-04 -1.261133e+00 -1.000656e-02 2.548218e-04 9.999499e-01 1.679384e+01
9.998850e-01 -1.963344e-04 1.516324e-02 2.251042e+01 2.033813e-04 9.999999e-01 -4.628759e-04 -1.276116e+00 -1.516305e-02 4.659028e-04 9.998849e-01 1.728881e+01
9.999082e-01 -5.052232e-04 1.353878e-02 2.285335e+01 5.105173e-04 9.999998e-01 -3.872101e-04 -1.291919e+00 -1.353849e-02 3.940825e-04 9.999082e-01 1.782468e+01
9.999097e-01 -1.870287e-04 1.342905e-02 2.313231e+01 1.928090e-04 9.999999e-01 -4.287577e-04 -1.306963e+00 -1.342887e-02 4.313044e-04 9.999097e-01 1.835678e+01
9.999999e-01 -3.209184e-04 -1.513612e-04 2.339085e+01 3.209560e-04 9.999999e-01 2.132197e-04 -1.323150e+00 1.513878e-04 -2.132721e-04 9.999999e-01 1.886569e+01
9.999799e-01 8.497865e-05 6.330262e-03 2.366446e+01 -8.321310e-05 1.000000e+00 -2.783389e-04 -1.335221e+00 -6.330190e-03 2.778028e-04 9.999799e-01 1.916241e+01
9.999954e-01 -3.426485e-04 3.005825e-03 2.401015e+01 3.423280e-04 9.999999e-01 1.088831e-04 -1.346235e+00 -3.005768e-03 -1.078574e-04 9.999954e-01 1.939016e+01
9.999517e-01 -5.202469e-05 9.816627e-03 2.440340e+01 5.542570e-05 9.999999e-01 -3.456375e-04 -1.358806e+00 -9.816514e-03 3.461612e-04 9.999517e-01 1.969079e+01
9.999970e-01 -2.398820e-04 2.397203e-03 2.475113e+01 2.397156e-04 1.000000e+00 7.194237e-05 -1.370436e+00 -2.397126e-03 -7.137129e-05 9.999971e-01 1.996054e+01
9.999777e-01 6.755326e-05 6.673223e-03 2.530337e+01 -6.728412e-05 1.000000e+00 -3.973860e-05 -1.380569e+00 -6.673133e-03 3.928496e-05 9.999777e-01 2.007428e+01
9.999995e-01 -8.148280e-05 8.764498e-04 2.601225e+01 8.128075e-05 1.000000e+00 2.368120e-04 -1.389563e+00 -8.763760e-04 -2.367444e-04 9.999996e-01 2.008019e+01
9.999914e-01 9.699029e-05 4.132924e-03 2.657676e+01 -9.688038e-05 1.000000e+00 -2.547494e-05 -1.398776e+00 -4.132833e-03 2.507062e-05 9.999914e-01 2.013747e+01
9.999998e-01 -1.445123e-04 4.888170e-04 2.704358e+01 1.444374e-04 1.000000e+00 1.644617e-04 -1.408343e+00 -4.887480e-04 -1.643947e-04 9.999998e-01 2.024447e+01
9.999999e-01 1.661683e-04 1.957060e-04 2.745331e+01 -1.661591e-04 1.000000e+00 -1.951166e-05 -1.415993e+00 -1.956166e-04 1.947547e-05 9.999999e-01 2.025711e+01
9.999971e-01 -2.274066e-04 -2.365611e-03 2.776839e+01 2.279553e-04 9.999999e-01 2.293632e-04 -1.425727e+00 2.365652e-03 -2.299054e-04 9.999971e-01 2.038012e+01
9.999995e-01 9.683299e-05 -9.257488e-04 2.804429e+01 -9.673040e-05 1.000000e+00 1.049722e-04 -1.438051e+00 9.258518e-04 -1.048862e-04 9.999995e-01 2.063469e+01
9.999946e-01 -3.064341e-04 -3.252215e-03 2.828754e+01 3.074364e-04 9.999999e-01 3.060287e-04 -1.452136e+00 3.252214e-03 -3.070306e-04 9.999946e-01 2.097618e+01
9.999965e-01 1.578853e-04 -2.613706e-03 2.854024e+01 -1.572908e-04 1.000000e+00 2.256056e-04 -1.466415e+00 2.613835e-03 -2.251974e-04 9.999965e-01 2.131901e+01
9.999834e-01 -3.424981e-04 -5.736477e-03 2.883777e+01 3.455868e-04 9.999998e-01 5.365009e-04 -1.482638e+00 5.736385e-03 -5.384782e-04 9.999834e-01 2.173433e+01
9.999993e-01 2.272785e-04 -1.076548e-03 2.907960e+01 -2.272683e-04 1.000000e+00 4.707907e-06 -1.497069e+00 1.076643e-03 -4.466934e-06 9.999994e-01 2.207420e+01
9.999909e-01 -2.858466e-04 -4.244373e-03 2.930227e+01 2.878917e-04 9.999998e-01 4.799805e-04 -1.509735e+00 4.244329e-03 -4.812018e-04 9.999908e-01 2.236856e+01
