9.999999e-01 6.723285e-06 -4.291095e-04 9.394085e-02 -6.728249e-06 1.000000e+00 -1.160921e-05 -7.173332e-03 4.291094e-04 1.161257e-05 9.999998e-01 9.551498e-02
9.999998e-01 -4.183989e-05 6.683465e-04 1.723664e-01 4.183522e-05 1.000000e+00 7.023336e-06 -1.577653e-02 -6.683467e-04 -6.994898e-06 9.999997e-01 2.798147e-01
9.999717e-01 -6.838943e-05 7.522465e-03 2.469265e-01 7.093946e-05 9.999999e-01 -3.387195e-04 -2.319990e-02 -7.522441e-03 3.392440e-04 9.999715e-01 4.496494e-01
9.999960e-01 -2.071651e-05 -2.832424e-03 3.096336e-01 2.122802e-05 1.000000e+00 1.805555e-04 -3.103712e-02 2.832421e-03 -1.806145e-04 9.999959e-01 6.222682e-01
9.999893e-01 1.434581e-04 -4.623341e-03 3.611360e-01 -1.428023e-04 1.000000e+00 1.421669e-04 -3.894782e-02 4.623361e-03 -1.415047e-04 9.999892e-01 7.749685e-01
9.999992e-01 -1.076597e-04 1.267442e-03 4.184665e-01 1.076954e-04 1.000000e+00 -2.810562e-05 -4.568902e-02 -1.267439e-03 2.824256e-05 9.999991e-01 8.761727e-01
9.999999e-01 6.320918e-05 3.828306e-04 4.892062e-01 -6.318039e-05 1.000000e+00 -7.516088e-05 -5.309879e-02 -3.828349e-04 7.513715e-05 9.999998e-01 1.008098e+00
9.999874e-01 -1.463952e-04 5.025460e-03 5.546370e-01 1.472060e-04 1.000000e+00 -1.609645e-04 -6.093963e-02 -5.025435e-03 1.617027e-04 9.999873e-01 1.190341e+00
9.999591e-01 1.714293e-04 -9.043042e-03 6.029732e-01 -1.685488e-04 9.999999e-01 3.192907e-04 -6.940045e-02 9.043097e-03 -3.177530e-04 9.999590e-01 1.368892e+00
9.999877e-01 -1.489934e-04 4.961144e-03 6.468074e-01 1.496739e-04 1.000000e+00 -1.367880e-04 -7.814064e-02 -4.961124e-03 1.375293e-04 9.999876e-01 1.565104e+00
9.999961e-01 8.756679e-05 -2.777077e-03 6.879612e-01 -8.745676e-05 1.000000e+00 3.973735e-05 -8.610760e-02 2.777081e-03 -3.949387e-05 9.999960e-01 1.755279e+00
9.999813e-01 -1.579512e-04 6.113211e-03 7.198363e-01 1.590612e-04 1.000000e+00 -1.810897e-04 -9.327387e-02 -6.113182e-03 1.820591e-04 9.999812e-01 1.925385e+00
9.999992e-01 6.780616e-05 -1.259728e-03 7.749851e-01 -6.784333e-05 1.000000e+00 -2.947848e-05 -1.008692e-01 1.259727e-03 2.956435e-05 9.999991e-01 2.100295e+00
9.998976e-01 -2.174862e-04 1.430620e-02 8.488871e-01 2.244037e-04 9.999999e-01 -4.819284e-04 -1.078362e-01 -1.430609e-02 4.850898e-04 9.998974e-01 2.274378e+00
9.998859e-01 -3.037848e-04 1.510036e-02 9.376567e-01 3.110396e-04 9.999998e-01 -4.780954e-04 -1.128273e-01 -1.510021e-02 4.827379e-04 9.998858e-01 2.421849e+00
9.999720e-01 -8.616611e-05 7.484336e-03 1.022593e+00 8.834037e-05 1.000000e+00 -2.901771e-04 -1.186979e-01 -7.484303e-03 2.908303e-04 9.999719e-01 2.581690e+00
9.999855e-01 -1.181600e-04 5.376187e-03 1.082135e+00 1.190751e-04 1.000000e+00 -1.698779e-04 -1.253715e-01 -5.376158e-03 1.705157e-04 9.999854e-01 2.742756e+00
9.999997e-01 2.704954e-05 7.089192e-04 1.131017e+00 -2.699104e-05 1.000000e+00 -8.251733e-05 -1.328754e-01 -7.089118e-04 8.249830e-05 9.999996e-01 2.923574e+00
9.999994e-01 -8.395760e-05 1.136101e-03 1.171391e+00 8.396623e-05 1.000000e+00 -7.543140e-06 -1.404857e-01 -1.136091e-03 7.638646e-06 9.999993e-01 3.099825e+00
9.999998e-01 2.666462e-05 6.424042e-04 1.263166e+00 -2.659168e-05 1.000000e+00 -1.135271e-04 -1.482092e-01 -6.423973e-04 1.135101e-04 9.999997e-01 3.237261e+00
9.999947e-01 -8.702500e-05 3.247422e-03 1.364193e+00 8.739610e-05 1.000000e+00 -1.141284e-04 -1.551985e-01 -3.247402e-03 1.144117e-04 9.999946e-01 3.347983e+00
9.999974e-01 2.864080e-06 2.265601e-03 1.449759e+00 -2.552203e-06 1.000000e+00 -1.376544e-04 -1.619118e-01 -2.265591e-03 1.376483e-04 9.999973e-01 3.451921e+00
9.999998e-01 -5.771977e-05 5.877390e-04 1.524306e+00 5.772643e-05 1.000000e+00 -1.128297e-05 -1.674229e-01 -5.877272e-04 1.131694e-05 9.999997e-01 3.495269e+00
9.999944e-01 -2.108800e-05 3.337052e-03 1.657599e+00 2.181298e-05 1.000000e+00 -2.172102e-04 -1.734976e-01 -3.337036e-03 2.172818e-04 9.999943e-01 3.548045e+00
1.000000e+00 -4.519954e-05 -1.223772e-04 1.790717e+00 4.520395e-05 1.000000e+00 3.584252e-05 -1.801739e-01 1.223874e-04 -3.584805e-05 9.999999e-01 3.618136e+00
9.999954e-01 -1.472700e-05 3.028842e-03 1.934744e+00 1.542239e-05 1.000000e+00 -2.295593e-04 -1.850609e-01 -3.028826e-03 2.296050e-04 9.999953e-01 3.605644e+00
9.999995e-01 -7.654810e-05 -9.780705e-04 2.196464e+00 7.669092e-05 1.000000e+00 1.459638e-04 -1.851715e-01 9.780717e-04 -1.460387e-04 9.999994e-01 3.302986e+00
9.999975e-01 -3.821189e-05 2.229665e-03 2.502205e+00 3.866494e-05 1.000000e+00 -2.031404e-04 -1.856519e-01 -2.229644e-03 2.032261e-04 9.999974e-01 3.001018e+00
1.000000e+00 -1.008068e-04 -1.151078e-04 2.785506e+00 1.008161e-04 1.000000e+00 8.107348e-05 -1.884296e-01 1.151123e-04 -8.108513e-05 9.999999e-01 2.818544e+00
9.999980e-01 -1.690189e-05 1.996959e-03 3.026252e+00 1.733343e-05 1.000000e+00 -2.160728e-04 -1.925940e-01 -1.996943e-03 2.161069e-04 9.999979e-01 2.718248e+00
9.999985e-01 -1.084578e-04 1.743385e-03 3.234043e+00 1.084816e-04 1.000000e+00 -1.355558e-05 -1.983530e-01 -1.743370e-03 1.374460e-05 9.999984e-01 2.720061e+00
1.000000e+00 4.258519e-05 3.064124e-04 3.406760e+00 -4.254343e-05 1.000000e+00 -1.362293e-04 -2.029201e-01 -3.064048e-04 1.362161e-04 9.999998e-01 2.667650e+00
9.999998e-01 -8.288134e-05 6.250600e-04 3.566820e+00 8.285333e-05 1.000000e+00 4.487630e-05 -2.070038e-01 -6.250502e-04 -4.482461e-05 9.999997e-01 2.594917e+00
9.999998e-01 4.156579e-05 5.663304e-04 3.711706e+00 -4.148050e-05 1.000000e+00 -1.505675e-04 -2.116895e-01 -5.663230e-04 1.505439e-04 9.999997e-01 2.558979e+00
9.999998e-01 -7.864049e-05 6.009533e-04 3.834030e+00 7.861451e-05 1.000000e+00 4.330217e-05 -2.170905e-01 -6.009429e-04 -4.325505e-05 9.999997e-01 2.567146e+00
9.999992e-01 2.870167e-05 1.241868e-03 3.905500e+00 -2.848783e-05 1.000000e+00 -1.721884e-04 -2.233851e-01 -1.241859e-03 1.721527e-04 9.999991e-01 2.656035e+00
1.000000e+00 -7.515725e-05 2.862732e-04 4.014208e+00 7.514297e-05 1.000000e+00 4.998540e-05 -2.293267e-01 -2.862628e-04 -4.996404e-05 9.999999e-01 2.701387e+00
9.999998e-01 3.669425e-05 5.803294e-04 4.149889e+00 -3.661361e-05 1.000000e+00 -1.389129e-04 -2.338616e-01 -5.803204e-04 1.388915e-04 9.999997e-01 2.662132e+00
9.999991e-01 -7.551282e-05 1.328728e-03 4.258921e+00 7.546622e-05 1.000000e+00 3.514841e-05 -2.376483e-01 -1.328717e-03 -3.504828e-05 9.999990e-01 2.603680e+00
9.999974e-01 -1.094256e-06 2.299980e-03 4.386978e+00 1.625777e-06 1.000000e+00 -2.310829e-04 -2.431031e-01 -2.299965e-03 2.310858e-04 9.999972e-01 2.624118e+00
9.999807e-01 -1.394925e-04 6.209265e-03 4.538402e+00 1.403023e-04 1.000000e+00 -1.299786e-04 -2.505018e-01 -6.209231e-03 1.308471e-04 9.999806e-01 2.746967e+00
9.999970e-01 7.712340e-05 -2.447588e-03 4.647617e+00 -7.733878e-05 1.000000e+00 -8.791762e-05 -2.577960e-01 2.447597e-03 8.810639e-05 9.999969e-01 2.866303e+00
9.999824e-01 -1.585529e-04 5.938018e-03 4.768386e+00 1.591589e-04 1.000000e+00 -1.015632e-04 -2.652031e-01 -5.937985e-03 1.025062e-04 9.999823e-01 2.982719e+00
9.999809e-01 1.436715e-04 -6.186448e-03 4.921641e+00 -1.432153e-04 1.000000e+00 7.417081e-05 -2.708063e-01 6.186475e-03 -7.328367e-05 9.999808e-01 2.985138e+00
9.999860e-01 -1.124517e-04 5.296856e-03 5.086593e+00 1.127717e-04 1.000000e+00 -6.010348e-05 -2.741452e-01 -5.296833e-03 6.069969e-05 9.999859e-01 2.874349e+00
9.999958e-01 3.293296e-05 -2.902370e-03 5.269546e+00 -3.317373e-05 1.000000e+00 -8.292137e-05 -2.785773e-01 2.902384e-03 8.301701e-05 9.999957e-01 2.817849e+00
9.999957e-01 -2.983859e-05 2.926430e-03 5.450341e+00 2.962944e-05 1.000000e+00 7.152824e-05 -2.825915e-01 -2.926416e-03 -7.144152e-05 9.999956e-01 2.734034e+00
9.999936e-01 4.644290e-05 -3.565909e-03 5.584935e+00 -4.668558e-05 1.000000e+00 -6.798446e-05 -2.884345e-01 3.565922e-03 6.815022e-05 9.999935e-01 2.755662e+00
9.999967e-01 1.286679e-05 2.565240e-03 5.715554e+00 -1.309835e-05 1.000000e+00 9.026555e-05 -2.924377e-01 -2.565223e-03 -9.029914e-05 9.999966e-01 2.687147e+00
9.999250e-01 2.212061e-04 -1.224659e-02 5.773895e+00 -2.179550e-04 9.999999e-01 2.667984e-04 -2.979108e-01 1.224666e-02 -2.641094e-04 9.999249e-01 2.737735e+00
9.998279e-01 5.795662e-04 -1.854326e-02 5.826670e+00 -5.627878e-04 9.999994e-01 9.100300e-04 -2.992833e-01 1.854379e-02 -8.994376e-04 9.998275e-01 2.678131e+00
9.998454e-01 3.495843e-04 -1.758232e-02 5.872385e+00 -3.403924e-04 9.999998e-01 5.257840e-04 -2.991898e-01 1.758251e-02 -5.197178e-04 9.998452e-01 2.560026e+00
9.997892e-01 6.294957e-04 -2.052165e-02 5.928680e+00 -6.091962e-04 9.999993e-01 9.954126e-04 -2.991676e-01 2.052227e-02 -9.827009e-04 9.997888e-01 2.444851e+00
9.993389e-01 8.352026e-04 -3.634643e-02 6.014148e+00 -7.866768e-04 9.999988e-01 1.349373e-03 -3.012417e-01 3.634751e-02 -1.319888e-03 9.993382e-01 2.435146e+00
9.995011e-01 9.173934e-04 -3.157031e-02 6.090424e+00 -8.711721e-04 9.999985e-01 1.477796e-03 -3.038016e-01 3.157161e-02 -1.449555e-03 9.995003e-01 2.484738e+00
9.991968e-01 1.023402e-03 -4.005917e-02 6.158143e+00 -9.696936e-04 9.999986e-01 1.360146e-03 -3.021870e-01 4.006050e-02 -1.320207e-03 9.991963e-01 2.385119e+00
9.993276e-01 1.047818e-03 -3.664941e-02 6.216183e+00 -9.861403e-04 9.999981e-01 1.700932e-03 -2.981900e-01 3.665110e-02 -1.663645e-03 9.993266e-01 2.193113e+00
9.989960e-01 1.182737e-03 -4.478292e-02 6.282777e+00 -1.116803e-03 9.999983e-01 1.497283e-03 -2.926793e-01 4.478458e-02 -1.445764e-03 9.989955e-01 1.953427e+00
9.987701e-01 1.338942e-03 -4.956231e-02 6.355977e+00 -1.223495e-03 9.999965e-01 2.359579e-03 -2.894937e-01 4.956526e-02 -2.296036e-03 9.987682e-01 1.813807e+00
9.990411e-01 1.131459e-03 -4.376849e-02 6.436720e+00 -1.064491e-03 9.999982e-01 1.553314e-03 -2.895639e-01 4.377012e-02 -1.505231e-03 9.990404e-01 1.803312e+00
9.991713e-01 1.093858e-03 -4.068789e-02 6.507127e+00 -1.016041e-03 9.999976e-01 1.933164e-03 -2.892838e-01 4.068985e-02 -1.890219e-03 9.991699e-01 1.772354e+00
9.994396e-01 9.246082e-04 -3.345913e-02 6.563533e+00 -8.904219e-04 9.999991e-01 1.036595e-03 -2.868696e-01 3.346000e-02 -1.006219e-03 9.994395e-01 1.641684e+00
9.993501e-01 9.605514e-04 -3.603499e-02 6.617864e+00 -8.999891e-04 9.999982e-01 1.696809e-03 -2.843318e-01 3.603649e-02 -1.663272e-03 9.993490e-01 1.501733e+00
9.995375e-01 8.586848e-04 -3.039744e-02 6.668165e+00 -8.308199e-04 9.999992e-01 9.292674e-04 -2.825969e-01 3.039815e-02 -9.035801e-04 9.995374e-01 1.388142e+00
9.999991e-01 -4.353637e-05 -1.365126e-03 6.725563e+00 4.418112e-05 9.999999e-01 4.713583e-04 -2.836926e-01 1.365033e-03 -4.714153e-04 9.999989e-01 1.292708e+00
9.996023e-01 8.801251e-04 -2.818406e-02 6.783330e+00 -8.628707e-04 9.999994e-01 6.243160e-04 -2.862973e-01 2.818452e-02 -5.997457e-04 9.996025e-01 1.286996e+00
9.998326e-01 3.462649e-04 -1.829055e-02 6.824502e+00 -3.240762e-04 9.999992e-01 1.215994e-03 -2.885689e-01 1.829088e-02 -1.209860e-03 9.998319e-01 1.304011e+00
9.996140e-01 9.021186e-04 -2.776842e-02 6.871161e+00 -8.858555e-04 9.999994e-01 5.979129e-04 -2.903732e-01 2.776886e-02 -5.730802e-04 9.996141e-01 1.299795e+00
9.999084e-01 1.794006e-04 -1.353376e-02 6.909624e+00 -1.649656e-04 9.999994e-01 1.067587e-03 -2.931169e-01 1.353386e-02 -1.065254e-03 9.999078e-01 1.318744e+00
9.998717e-01 6.109592e-04 -1.600261e-02 6.955141e+00 -6.093760e-04 9.999998e-01 1.037018e-04 -2.968317e-01 1.600259e-02 -9.393379e-05 9.998719e-01 1.354377e+00
9.999980e-01 -2.475003e-04 1.981537e-03 7.017743e+00 2.464719e-04 9.999998e-01 5.201074e-04 -3.017596e-01 -1.981751e-03 -5.196148e-04 9.999978e-01 1.379788e+00
9.999604e-01 4.309008e-04 -8.882123e-03 7.072671e+00 -4.328970e-04 9.999999e-01 -2.230275e-04 -3.078173e-01 8.881940e-03 2.268669e-04 9.999605e-01 1.491395e+00
9.996100e-01 5.346359e-04 -2.792097e-02 7.102276e+00 -4.881490e-04 9.999985e-01 1.671672e-03 -3.117149e-01 2.792174e-02 -1.657388e-03 9.996087e-01 1.562665e+00
9.996642e-01 -2.967404e-04 2.590855e-02 7.129876e+00 3.349975e-04 9.999989e-01 -1.472214e-03 -3.177061e-01 -2.590817e-02 1.480402e-03 9.996632e-01 1.674348e+00
9.999744e-01 -2.715278e-04 7.140317e-03 7.190940e+00 2.683542e-04 9.999999e-01 4.456751e-04 -3.214048e-01 -7.140523e-03 -4.437444e-04 9.999743e-01 1.791561e+00
9.997958e-01 -2.212598e-04 2.020664e-02 7.239130e+00 2.475602e-04 9.999991e-01 -1.298986e-03 -3.251145e-01 -2.020642e-02 1.303726e-03 9.997949e-01 1.888853e+00
9.999909e-01 -2.078861e-04 4.260271e-03 7.292734e+00 2.056524e-04 9.999998e-01 5.251255e-04 -3.296397e-01 -4.260463e-03 -5.242414e-04 9.999907e-01 2.007041e+00
9.997930e-01 -2.060850e-04 2.034555e-02 7.349981e+00 2.333677e-04 9.999991e-01 -1.338515e-03 -3.342109e-01 -2.034534e-02 1.342989e-03 9.997920e-01 2.130588e+00
9.999841e-01 -2.493808e-04 5.635250e-03 7.407182e+00 2.464752e-04 9.999998e-01 5.165670e-04 -3.385572e-01 -5.635458e-03 -5.151667e-04 9.999839e-01 2.245838e+00
9.999493e-01 -4.224984e-05 1.006397e-02 7.459379e+00 5.268197e-05 9.999995e-01 -1.036161e-03 -3.443449e-01 -1.006400e-02 1.036642e-03 9.999487e-01 2.382794e+00
9.999985e-01 -8.093399e-05 -1.733710e-03 7.506961e+00 8.217958e-05 9.999997e-01 7.175374e-04 -3.513676e-01 1.733572e-03 -7.176758e-04 9.999982e-01 2.549970e+00
9.999341e-01 -6.764847e-05 1.147994e-02 7.551558e+00 8.009198e-05 9.999994e-01 -1.083344e-03 -3.580021e-01 -1.147994e-02 1.084195e-03 9.999334e-01 2.708066e+00
9.999434e-01 5.284683e-05 -1.064144e-02 7.586363e+00 -4.167110e-05 9.999994e-01 1.050294e-03 -3.657244e-01 1.064141e-02 -1.049788e-03 9.999427e-01 2.879123e+00
9.998126e-01 -1.328749e-04 1.935550e-02 7.624651e+00 1.593717e-04 9.999991e-01 -1.367343e-03 -3.716380e-01 -1.935537e-02 1.370174e-03 9.998116e-01 3.004137e+00
9.999764e-01 -7.478033e-05 -6.873000e-03 7.668996e+00 8.127040e-05 9.999996e-01 9.438084e-04 -3.774086e-01 6.872849e-03 -9.443417e-04 9.999759e-01 3.132942e+00
9.998689e-01 -8.319572e-05 1.618784e-02 7.705291e+00 1.037756e-04 9.999992e-01 -1.270387e-03 -3.832272e-01 -1.618779e-02 1.271904e-03 9.998681e-01 3.257138e+00
9.999358e-01 7.051014e-06 -1.132904e-02 7.731460e+00 5.379675e-06 9.999994e-01 1.097092e-03 -3.890412e-01 1.132897e-02 -1.097079e-03 9.999351e-01 3.369855e+00
9.999943e-01 3.442268e-04 -3.354309e-03 7.769596e+00 -3.460325e-04 9.999998e-01 -5.382018e-04 -3.956489e-01 3.354046e-03 5.393624e-04 9.999941e-01 3.502330e+00
9.999089e-01 2.122514e-05 -1.349850e-02 7.803332e+00 -4.233609e-06 9.999992e-01 1.258694e-03 -4.021053e-01 1.349844e-02 -1.258519e-03 9.999080e-01 3.616522e+00
9.999996e-01 2.531021e-04 8.370305e-04 7.832223e+00 -2.524509e-04 9.999997e-01 -7.760845e-04 -4.091550e-01 -8.373057e-04 7.758760e-04 9.999993e-01 3.760413e+00
9.998828e-01 8.491897e-05 -1.530565e-02 7.863694e+00 -6.425760e-05 9.999991e-01 1.350308e-03 -4.158040e-01 1.530568e-02 -1.349163e-03 9.998819e-01 3.889477e+00
9.999961e-01 2.371588e-04 2.766138e-03 7.993683e+00 -2.350908e-04 9.999997e-01 -7.473252e-04 -4.217098e-01 -2.766395e-03 7.466751e-04 9.999958e-01 3.930028e+00
9.999178e-01 3.575020e-05 -1.282229e-02 8.117923e+00 -2.028220e-05 9.999993e-01 1.206344e-03 -4.272788e-01 1.282224e-02 -1.205982e-03 9.999170e-01 3.953277e+00
9.999912e-01 1.310213e-04 4.198597e-03 8.127639e+00 -1.273245e-04 9.999996e-01 -8.803423e-04 -4.324223e-01 -4.198792e-03 8.798031e-04 9.999907e-01 4.016992e+00
9.998461e-01 1.624691e-04 -1.754117e-02 8.142256e+00 -1.382950e-04 9.999990e-01 1.379249e-03 -4.376602e-01 1.754129e-02 -1.376608e-03 9.998451e-01 4.087928e+00
9.999748e-01 2.986830e-05 7.089500e-03 8.154073e+00 -2.302926e-05 9.999995e-01 -9.645033e-04 -4.440992e-01 -7.089608e-03 9.643190e-04 9.999743e-01 4.204548e+00
9.999313e-01 -1.811863e-05 -1.171936e-02 8.150294e+00 3.116092e-05 9.999994e-01 1.112561e-03 -4.505597e-01 1.171925e-02 -1.112846e-03 9.999306e-01 4.335146e+00
9.999889e-01 6.652769e-05 4.704991e-03 8.152796e+00 -6.242045e-05 9.999996e-01 -8.727160e-04 -4.577362e-01 -4.705131e-03 8.724158e-04 9.999885e-01 4.488127e+00
9.999546e-01 -6.663106e-05 -9.528331e-03 8.148562e+00 7.656339e-05 9.999995e-01 1.041861e-03 -4.649442e-01 9.528172e-03 -1.042540e-03 9.999540e-01 4.650457e+00
9.999826e-01 5.265438e-05 5.899564e-03 8.154938e+00 -4.723714e-05 9.999996e-01 -9.180730e-04 -4.726193e-01 -5.899694e-03 9.177815e-04 9.999821e-01 4.830975e+00
9.999694e-01 -9.290347e-05 -7.813945e-03 8.154495e+00 1.005273e-04 9.999995e-01 9.750586e-04 -4.794298e-01 7.813767e-03 -9.758112e-04 9.999689e-01 4.992427e+00
9.999890e-01 6.453845e-05 4.686466e-03 8.156483e+00 -6.046729e-05 9.999996e-01 -8.684529e-04 -4.867726e-01 -4.686605e-03 8.681631e-04 9.999886e-01 5.166924e+00
9.999576e-01 -6.753047e-05 -9.201875e-03 8.165172e+00 7.693358e-05 9.999995e-01 1.021330e-03 -4.945184e-01 9.201717e-03 -1.021991e-03 9.999571e-01 5.342644e+00
9.999833e-01 7.697529e-05 5.773257e-03 8.159551e+00 -7.168763e-05 9.999996e-01 -9.157675e-04 -5.006755e-01 -5.773410e-03 9.153416e-04 9.999828e-01 5.466944e+00
9.999716e-01 -8.968141e-05 -7.536289e-03 8.142939e+00 9.681070e-05 9.999995e-01 9.454018e-04 -5.057642e-01 7.536116e-03 -9.461013e-04 9.999711e-01 5.560157e+00
9.999625e-01 4.612588e-05 8.658278e-03 8.156492e+00 -3.739325e-05 9.999995e-01 -1.008531e-03 -5.125200e-01 -8.658405e-03 1.008173e-03 9.999619e-01 5.713780e+00
9.999980e-01 -1.282489e-04 -1.976203e-03 8.185349e+00 1.297157e-04 9.999997e-01 7.412627e-04 -5.188749e-01 1.976023e-03 -7.415144e-04 9.999977e-01 5.863400e+00
9.999057e-01 -4.377369e-05 1.373091e-02 8.229449e+00 5.986533e-05 9.999993e-01 -1.171387e-03 -5.248726e-01 -1.373093e-02 1.172102e-03 9.999050e-01 6.002010e+00
9.999975e-01 -1.050974e-04 -2.230617e-03 8.272515e+00 1.067618e-04 9.999997e-01 7.452728e-04 -5.307033e-01 2.230455e-03 -7.455059e-04 9.999972e-01 6.132931e+00
9.998574e-01 -1.399908e-04 1.688809e-02 8.323587e+00 1.610208e-04 9.999992e-01 -1.243801e-03 -5.364536e-01 -1.688799e-02 1.246346e-03 9.998565e-01 6.265020e+00
9.999953e-01 -6.345497e-05 -3.066153e-03 8.372483e+00 6.576161e-05 9.999997e-01 7.516715e-04 -5.423521e-01 3.066023e-03 -7.518664e-04 9.999949e-01 6.404393e+00
9.999547e-01 -1.620718e-05 9.518296e-03 8.404629e+00 2.590461e-05 9.999995e-01 -1.018520e-03 -5.489223e-01 -9.518356e-03 1.018723e-03 9.999541e-01 6.560437e+00
9.999790e-01 -2.196715e-04 6.467354e-03 8.456641e+00 2.167268e-04 9.999999e-01 4.562484e-04 -5.545158e-01 -6.467534e-03 -4.548341e-04 9.999789e-01 6.695350e+00
9.999026e-01 -1.348677e-04 1.395660e-02 8.512228e+00 1.507358e-04 9.999993e-01 -1.135794e-03 -5.596408e-01 -1.395652e-02 1.137790e-03 9.999019e-01 6.824396e+00
9.999924e-01 -1.546690e-04 3.888900e-03 8.563882e+00 1.525723e-04 9.999998e-01 5.398128e-04 -5.648318e-01 -3.889061e-03 -5.392124e-04 9.999922e-01 6.945296e+00
9.999519e-01 -6.148900e-05 9.805160e-03 8.612291e+00 7.153022e-05 9.999995e-01 -1.023574e-03 -5.707308e-01 -9.805169e-03 1.024229e-03 9.999513e-01 7.082454e+00
9.999903e-01 -1.581990e-04 4.400457e-03 8.662415e+00 1.559137e-04 9.999999e-01 5.199909e-04 -5.768050e-01 -4.400615e-03 -5.192968e-04 9.999901e-01 7.230675e+00
9.999173e-01 -1.371912e-04 1.285512e-02 8.717928e+00 1.514781e-04 9.999994e-01 -1.110303e-03 -5.827636e-01 -1.285504e-02 1.112161e-03 9.999167e-01 7.384665e+00
9.999985e-01 -9.866476e-05 1.693740e-03 8.771316e+00 9.764697e-05 9.999998e-01 6.017655e-04 -5.891703e-01 -1.693873e-03 -6.015963e-04 9.999983e-01 7.549103e+00
9.998981e-01 -1.627519e-04 1.427218e-02 8.828613e+00 1.794493e-04 9.999993e-01 -1.168558e-03 -5.955554e-01 -1.427205e-02 1.171003e-03 9.998974e-01 7.720494e+00
9.999747e-01 -1.794836e-04 7.107154e-03 8.890549e+00 1.763496e-04 9.999999e-01 4.417646e-04 -6.008361e-01 -7.107304e-03 -4.404972e-04 9.999746e-01 7.860637e+00
9.999669e-01 -9.465144e-05 8.131146e-03 8.943868e+00 1.023725e-04 9.999995e-01 -9.489993e-04 -6.069637e-01 -8.131123e-03 9.498032e-04 9.999664e-01 8.009374e+00
9.999960e-01 -4.569176e-05 2.832041e-03 9.000565e+00 4.422998e-05 9.999999e-01 5.166301e-04 -6.140523e-01 -2.832134e-03 -5.164999e-04 9.999958e-01 8.188053e+00
9.999760e-01 -7.651710e-05 6.925858e-03 9.053461e+00 8.275087e-05 9.999996e-01 -8.996172e-04 -6.210919e-01 -6.925855e-03 9.001716e-04 9.999755e-01 8.355883e+00
9.999307e-01 -2.093849e-04 1.176704e-02 9.120196e+00 2.065669e-04 9.999999e-01 2.407905e-04 -6.275296e-01 -1.176715e-02 -2.383403e-04 9.999306e-01 8.535819e+00
9.999286e-01 -1.894657e-04 1.194618e-02 9.189431e+00 2.020140e-04 9.999994e-01 -1.049111e-03 -6.331747e-01 -1.194604e-02 1.051453e-03 9.999280e-01 8.701550e+00
9.999360e-01 -2.043334e-04 1.130842e-02 9.261778e+00 2.011906e-04 9.999999e-01 2.791463e-04 -6.387612e-01 -1.130854e-02 -2.768506e-04 9.999359e-01 8.856899e+00
9.999599e-01 -1.546203e-04 8.950660e-03 9.326946e+00 1.632060e-04 9.999995e-01 -9.583876e-04 -6.442828e-01 -8.950571e-03 9.598127e-04 9.999594e-01 9.000817e+00
9.999331e-01 -2.037626e-04 1.156412e-02 9.390906e+00 2.005400e-04 9.999999e-01 2.799118e-04 -6.496967e-01 -1.156423e-02 -2.775714e-04 9.999330e-01 9.140028e+00
9.999979e-01 5.333252e-05 -2.026695e-03 9.452571e+00 -5.464835e-05 9.999998e-01 -6.496518e-04 -6.569899e-01 2.026600e-03 6.497638e-04 9.999976e-01 9.320070e+00
9.999441e-01 -1.683390e-04 1.056666e-02 9.509259e+00 1.651762e-04 9.999999e-01 3.002773e-04 -6.643070e-01 -1.056677e-02 -2.985126e-04 9.999440e-01 9.500419e+00
9.999974e-01 -1.173130e-05 2.278942e-03 9.571352e+00 1.351782e-05 9.999997e-01 -7.835326e-04 -6.712946e-01 -2.278991e-03 7.835639e-04 9.999970e-01 9.676619e+00
9.998542e-01 -2.913241e-04 1.707385e-02 9.655397e+00 2.896371e-04 1.000000e+00 1.013255e-04 -6.776234e-01 -1.707393e-02 -9.636304e-05 9.998541e-01 9.843076e+00
9.999878e-01 -8.408980e-05 4.943240e-03 9.737387e+00 8.831726e-05 9.999996e-01 -8.548307e-04 -6.834077e-01 -4.943222e-03 8.552593e-04 9.999873e-01 9.999191e+00
9.998931e-01 -2.369207e-04 1.462041e-02 9.799574e+00 2.342152e-04 1.000000e+00 1.868120e-04 -6.891096e-01 -1.462051e-02 -1.833653e-04 9.998930e-01 1.014745e+01
9.999999e-01 3.270108e-05 -4.779968e-04 9.857199e+00 -3.303851e-05 9.999997e-01 -7.074213e-04 -6.955336e-01 4.779212e-04 7.074393e-04 9.999995e-01 1.030666e+01
9.998788e-01 -2.506420e-04 1.556637e-02 9.918143e+00 2.482131e-04 1.000000e+00 1.580085e-04 -7.020872e-01 -1.556646e-02 -1.541232e-04 9.998787e-01 1.047574e+01
9.999852e-01 1.155901e-04 -5.443474e-03 9.977674e+00 -1.185951e-04 9.999998e-01 -5.518307e-04 -7.090729e-01 5.443360e-03 5.524704e-04 9.999849e-01 1.064093e+01
9.998925e-01 -2.466595e-04 1.466289e-02 1.004134e+01 2.438070e-04 1.000000e+00 1.963675e-04 -7.164916e-01 -1.466299e-02 -1.927692e-04 9.998924e-01 1.082098e+01
9.999949e-01 7.646200e-05 -3.175472e-03 1.010866e+01 -7.848951e-05 9.999998e-01 -6.385645e-04 -7.237776e-01 3.175375e-03 6.388127e-04 9.999947e-01 1.100799e+01
9.998803e-01 -2.444560e-04 1.546903e-02 1.017986e+01 2.420169e-04 1.000000e+00 1.595799e-04 -7.311008e-01 -1.546912e-02 -1.558149e-04 9.998802e-01 1.119986e+01
9.999964e-01 -5.491240e-05 2.666362e-03 1.025150e+01 5.702259e-05 9.999997e-01 -7.911319e-04 -7.376282e-01 -2.666363e-03 7.912833e-04 9.999960e-01 1.137558e+01
9.999583e-01 -8.523298e-05 9.129009e-03 1.030096e+01 8.213223e-05 9.999999e-01 3.400901e-04 -7.431627e-01 -9.129082e-03 -3.393240e-04 9.999582e-01 1.148408e+01
9.999948e-01 2.242202e-05 -3.211822e-03 1.032451e+01 -2.431091e-05 9.999998e-01 -5.882265e-04 -7.475354e-01 3.211765e-03 5.883036e-04 9.999946e-01 1.153608e+01
9.999583e-01 -8.316521e-05 9.132086e-03 1.036322e+01 8.006091e-05 9.999999e-01 3.403527e-04 -7.522428e-01 -9.132157e-03 -3.396054e-04 9.999581e-01 1.158896e+01
9.999976e-01 8.818415e-06 -2.166248e-03 1.039759e+01 -1.017264e-05 9.999998e-01 -6.253652e-04 -7.573405e-01 2.166199e-03 6.253879e-04 9.999974e-01 1.167201e+01
9.999337e-01 -1.121151e-04 1.151535e-02 1.043549e+01 1.090912e-04 1.000000e+00 2.632601e-04 -7.625449e-01 -1.151542e-02 -2.619844e-04 9.999336e-01 1.176449e+01
9.999923e-01 1.562024e-05 -3.915387e-03 1.047158e+01 -1.782254e-05 9.999998e-01 -5.625556e-04 -7.685326e-01 3.915336e-03 5.626230e-04 9.999921e-01 1.188764e+01
9.999255e-01 -9.491648e-05 1.220610e-02 1.051066e+01 9.217810e-05 1.000000e+00 2.249438e-04 -7.743917e-01 -1.220616e-02 -2.238000e-04 9.999254e-01 1.200722e+01
9.999997e-01 -9.637470e-05 7.941571e-04 1.056045e+01 9.692551e-05 9.999998e-01 -6.930276e-04 -7.802252e-01 -7.941296e-04 6.931063e-04 9.999993e-01 1.213465e+01
9.999287e-01 -6.976829e-05 1.194128e-02 1.060214e+01 6.708565e-05 1.000000e+00 2.250865e-04 -7.856682e-01 -1.194133e-02 -2.242675e-04 9.999286e-01 1.224810e+01
1.000000e+00 -8.941651e-05 1.579933e-04 1.065020e+01 8.952358e-05 9.999998e-01 -6.753951e-04 -7.916364e-01 -1.579700e-04 6.754111e-04 9.999997e-01 1.237789e+01
9.999815e-01 2.016764e-05 6.087825e-03 1.068282e+01 -2.267490e-05 9.999999e-01 4.118387e-04 -7.980034e-01 -6.087853e-03 -4.119673e-04 9.999813e-01 1.251829e+01
9.999882e-01 -1.396289e-04 4.865039e-03 1.072514e+01 1.437366e-04 9.999996e-01 -8.439337e-04 -8.040767e-01 -4.864955e-03 8.446247e-04 9.999877e-01 1.265603e+01
9.999954e-01 7.255869e-05 3.033282e-03 1.074621e+01 -7.415335e-05 9.999999e-01 5.257207e-04 -8.089938e-01 -3.033278e-03 -5.259415e-04 9.999952e-01 1.274782e+01
9.999984e-01 -1.315934e-04 1.806564e-03 1.075936e+01 1.329223e-04 9.999997e-01 -7.353019e-04 -8.142205e-01 -1.806501e-03 7.355426e-04 9.999980e-01 1.284902e+01
9.999774e-01 6.224004e-05 6.721589e-03 1.079075e+01 -6.481301e-05 9.999999e-01 3.826202e-04 -8.197597e-01 -6.721599e-03 -3.830455e-04 9.999772e-01 1.296172e+01
9.999555e-01 -3.030708e-04 9.430757e-03 1.084065e+01 3.120272e-04 9.999995e-01 -9.482082e-04 -8.255135e-01 -9.430497e-03 9.511103e-04 9.999550e-01 1.309874e+01
9.999942e-01 1.404700e-04 3.403802e-03 1.088591e+01 -1.421009e-04 9.999999e-01 4.790038e-04 -8.320209e-01 -3.403765e-03 -4.794831e-04 9.999940e-01 1.325901e+01
1.000000e+00 -2.107061e-04 -1.843512e-04 1.091372e+01 2.105935e-04 9.999998e-01 -6.122792e-04 -8.391512e-01 1.844497e-04 6.122420e-04 9.999997e-01 1.343005e+01
9.999913e-01 1.583945e-04 4.179363e-03 1.095534e+01 -1.601996e-04 9.999999e-01 4.316435e-04 -8.465086e-01 -4.179324e-03 -4.323077e-04 9.999911e-01 1.359813e+01
9.999975e-01 -2.520604e-04 2.241026e-03 1.100031e+01 2.535726e-04 9.999997e-01 -6.744215e-04 -8.542503e-01 -2.240885e-03 6.749896e-04 9.999972e-01 1.379057e+01
9.999984e-01 1.935134e-04 -1.796197e-03 1.102434e+01 -1.923648e-04 9.999998e-01 6.394631e-04 -8.619327e-01 1.796291e-03 -6.391150e-04 9.999981e-01 1.397818e+01
9.999979e-01 -2.389735e-04 2.056667e-03 1.105575e+01 2.403642e-04 9.999997e-01 -6.758629e-04 -8.694886e-01 -2.056535e-03 6.763574e-04 9.999976e-01 1.415158e+01
9.999993e-01 1.877804e-04 -1.194643e-03 1.107372e+01 -1.870385e-04 9.999998e-01 6.209641e-04 -8.764344e-01 1.194730e-03 -6.207387e-04 9.999990e-01 1.431585e+01
9.999912e-01 -2.498841e-04 4.184119e-03 1.109659e+01 2.530149e-04 9.999997e-01 -7.476816e-04 -8.832728e-01 -4.183960e-03 7.487352e-04 9.999909e-01 1.447911e+01
9.999997e-01 1.877952e-04 7.198756e-04 1.113053e+01 -1.881866e-04 9.999998e-01 5.439949e-04 -8.904333e-01 -7.198019e-04 -5.441287e-04 9.999995e-01 1.465060e+01
9.998921e-01 -3.887720e-04 1.468252e-02 1.117930e+01 4.051136e-04 9.999993e-01 -1.110023e-03 -8.962857e-01 -1.468211e-02 1.115853e-03 9.998915e-01 1.479645e+01
9.999974e-01 2.177535e-04 -2.268001e-03 1.122430e+01 -2.162394e-04 9.999998e-01 6.677190e-04 -9.029410e-01 2.268120e-03 -6.672254e-04 9.999971e-01 1.496347e+01
9.999088e-01 -3.327177e-04 1.349919e-02 1.126756e+01 3.476929e-04 9.999993e-01 -1.106995e-03 -9.090764e-01 -1.349884e-02 1.111589e-03 9.999082e-01 1.510651e+01
9.999879e-01 3.924542e-05 4.921524e-03 1.131715e+01 -4.163328e-05 9.999999e-01 4.851208e-04 -9.143441e-01 -4.921528e-03 -4.853185e-04 9.999877e-01 1.523513e+01
9.998369e-01 -3.919584e-04 1.805781e-02 1.136790e+01 4.148926e-04 9.999991e-01 -1.266306e-03 -9.189213e-01 -1.805732e-02 1.273593e-03 9.998360e-01 1.535603e+01
9.999954e-01 4.712702e-05 3.029420e-03 1.141906e+01 -4.886787e-05 9.999998e-01 5.746199e-04 -9.243244e-01 -3.029411e-03 -5.747641e-04 9.999951e-01 1.550020e+01
9.998914e-01 -2.816458e-04 1.473537e-02 1.147104e+01 2.996959e-04 9.999992e-01 -1.222742e-03 -9.301750e-01 -1.473503e-02 1.227026e-03 9.998906e-01 1.565550e+01
9.999739e-01 -7.147749e-05 7.221897e-03 1.153180e+01 6.799097e-05 9.999999e-01 4.830286e-04 -9.357934e-01 -7.221946e-03 -4.825239e-04 9.999737e-01 1.581230e+01
9.999037e-01 -2.681127e-04 1.387506e-02 1.158708e+01 2.848737e-04 9.999992e-01 -1.206020e-03 -9.411775e-01 -1.387474e-02 1.209857e-03 9.999029e-01 1.595869e+01
9.999795e-01 -2.855530e-05 6.403125e-03 1.163997e+01 2.533615e-05 9.999999e-01 5.028367e-04 -9.465514e-01 -6.403149e-03 -5.026632e-04 9.999793e-01 1.610087e+01
9.998012e-01 -4.244240e-04 1.993571e-02 1.169954e+01 4.516948e-04 9.999990e-01 -1.363448e-03 -9.512522e-01 -1.993512e-02 1.372183e-03 9.998002e-01 1.623602e+01
9.999895e-01 2.682781e-05 4.576565e-03 1.176120e+01 -2.933214e-05 9.999998e-01 5.471483e-04 -9.562391e-01 -4.576556e-03 -5.472760e-04 9.999893e-01 1.637701e+01
9.997939e-01 -4.338581e-04 2.029654e-02 1.181931e+01 4.618327e-04 9.999989e-01 -1.373627e-03 -9.608326e-01 -2.029592e-02 1.382718e-03 9.997930e-01 1.650474e+01
9.999921e-01 2.646857e-05 3.974059e-03 1.187960e+01 -2.878927e-05 9.999998e-01 5.839107e-04 -9.658598e-01 -3.974044e-03 -5.840199e-04 9.999918e-01 1.664421e+01
9.998615e-01 -3.449335e-04 1.664061e-02 1.193798e+01 3.666444e-04 9.999991e-01 -1.301661e-03 -9.712431e-01 -1.664014e-02 1.307583e-03 9.998606e-01 1.678870e+01
9.999999e-01 1.136487e-04 4.616763e-04 1.199077e+01 -1.139661e-04 9.999998e-01 6.875661e-04 -9.771149e-01 -4.615950e-04 -6.876182e-04 9.999996e-01 1.694022e+01
9.999037e-01 -3.261601e-04 1.387288e-02 1.204191e+01 3.428088e-04 9.999992e-01 -1.197725e-03 -9.833657e-01 -1.387247e-02 1.202366e-03 9.999029e-01 1.709465e+01
9.999993e-01 9.533559e-05 1.170805e-03 1.209375e+01 -9.612416e-05 9.999998e-01 6.735020e-04 -9.897940e-01 -1.170734e-03 -6.736137e-04 9.999990e-01 1.726075e+01
9.999538e-01 -2.296323e-04 9.607428e-03 1.214479e+01 2.401671e-04 9.999994e-01 -1.095387e-03 -9.969299e-01 -9.607163e-03 1.097644e-03 9.999531e-01 1.744237e+01
9.999706e-01 -2.789886e-05 7.673449e-03 1.220099e+01 2.422027e-05 9.999999e-01 4.794858e-04 -1.003127e+00 -7.673453e-03 -4.792856e-04 9.999703e-01 1.760807e+01
9.999260e-01 -2.770811e-04 1.215889e-02 1.226589e+01 2.914853e-04 9.999993e-01 -1.182910e-03 -1.009555e+00 -1.215854e-02 1.186367e-03 9.999253e-01 1.779286e+01
9.999686e-01 -4.785112e-05 7.921070e-03 1.234522e+01 4.392178e-05 9.999999e-01 4.962368e-04 -1.015988e+00 -7.921080e-03 -4.958732e-04 9.999684e-01 1.796691e+01
9.999565e-01 -1.854596e-04 9.329494e-03 1.242310e+01 1.961120e-04 9.999993e-01 -1.140897e-03 -1.022286e+00 -9.329262e-03 1.142677e-03 9.999557e-01 1.812801e+01
9.999760e-01 -4.982610e-05 6.930433e-03 1.250259e+01 4.604681e-05 9.999999e-01 5.454794e-04 -1.029264e+00 -6.930444e-03 -5.451472e-04 9.999757e-01 1.831398e+01
9.998949e-01 -2.663553e-04 1.449845e-02 1.257433e+01 2.853617e-04 9.999991e-01 -1.308871e-03 -1.035015e+00 -1.449807e-02 1.312871e-03 9.998939e-01 1.847338e+01
9.999207e-01 -1.411394e-04 1.258865e-02 1.264906e+01 1.363774e-04 9.999999e-01 3.791429e-04 -1.040029e+00 -1.258868e-02 -3.773962e-04 9.999206e-01 1.862496e+01
9.998854e-01 -3.640065e-04 1.513670e-02 1.273544e+01 3.833362e-04 9.999991e-01 -1.274122e-03 -1.045519e+00 -1.513620e-02 1.279778e-03 9.998845e-01 1.878548e+01
9.999664e-01 2.496749e-05 8.194437e-03 1.282180e+01 -2.862122e-05 9.999999e-01 4.457698e-04 -1.051343e+00 -8.194399e-03 -4.459897e-04 9.999662e-01 1.895075e+01
9.997935e-01 -5.066847e-04 2.031683e-02 1.290965e+01 5.351631e-04 9.999989e-01 -1.396297e-03 -1.056581e+00 -2.031607e-02 1.406881e-03 9.997925e-01 1.910747e+01
9.999837e-01 9.492604e-05 5.704386e-03 1.299817e+01 -9.784821e-05 9.999999e-01 5.120095e-04 -1.062247e+00 -5.704306e-03 -5.125599e-04 9.999835e-01 1.927262e+01
9.998022e-01 -5.214235e-04 1.988120e-02 1.308358e+01 5.488338e-04 9.999989e-01 -1.373267e-03 -1.068280e+00 -1.988042e-02 1.383907e-03 9.998013e-01 1.945384e+01
9.999291e-01 7.219070e-06 1.190966e-02 1.317043e+01 -1.100736e-05 9.999999e-01 3.180333e-04 -1.072898e+00 -1.190962e-02 -3.181426e-04 9.999289e-01 1.960083e+01
9.994594e-01 -7.783727e-04 3.286858e-02 1.325743e+01 8.355206e-04 9.999982e-01 -1.724973e-03 -1.075971e+00 -3.286714e-02 1.751502e-03 9.994581e-01 1.973438e+01
9.999991e-01 1.904688e-04 1.352383e-03 1.335694e+01 -1.913366e-04 9.999998e-01 6.417888e-04 -1.080920e+00 -1.352217e-03 -6.420479e-04 9.999988e-01 1.989353e+01
9.997384e-01 -5.918041e-04 2.286205e-02 1.345754e+01 6.254576e-04 9.999987e-01 -1.464892e-03 -1.086722e+00 -2.286111e-02 1.478807e-03 9.997375e-01 2.005233e+01
9.999954e-01 2.893379e-04 -3.006743e-03 1.356301e+01 -2.870501e-04 9.999997e-01 7.611954e-04 -1.093115e+00 3.007010e-03 -7.603300e-04 9.999951e-01 2.021549e+01
9.997378e-01 -6.053238e-04 2.289122e-02 1.365726e+01 6.387954e-04 9.999987e-01 -1.454904e-03 -1.099624e+00 -2.289027e-02 1.469144e-03 9.997368e-01 2.039006e+01
9.999962e-01 1.768319e-04 2.735639e-03 1.374657e+01 -1.784781e-04 9.999998e-01 6.016487e-04 -1.104911e+00 -2.735481e-03 -6.021360e-04 9.999960e-01 2.053625e+01
9.997661e-01 -5.685967e-04 2.161835e-02 1.385020e+01 5.999254e-04 9.999988e-01 -1.442696e-03 -1.110429e+00 -2.161745e-02 1.455327e-03 9.997652e-01 2.068597e+01
9.999838e-01 9.457435e-05 5.688340e-03 1.396221e+01 -9.764130e-05 9.999998e-01 5.389755e-04 -1.115479e+00 -5.688232e-03 -5.395237e-04 9.999836e-01 2.081962e+01
9.998996e-01 -4.625512e-04 1.416270e-02 1.411444e+01 4.797269e-04 9.999992e-01 -1.209337e-03 -1.121879e+00 -1.416207e-02 1.216008e-03 9.998989e-01 2.095867e+01
9.999968e-01 1.861072e-04 2.518081e-03 1.426477e+01 -1.876663e-04 9.999998e-01 6.191642e-04 -1.128894e+00 -2.517906e-03 -6.196364e-04 9.999965e-01 2.111171e+01
9.998498e-01 -4.853973e-04 1.732354e-02 1.438019e+01 5.086547e-04 9.999990e-01 -1.338119e-03 -1.134825e+00 -1.732282e-02 1.346728e-03 9.998490e-01 2.125209e+01
9.999988e-01 2.571115e-04 -1.535134e-03 1.448216e+01 -2.559411e-04 9.999997e-01 7.621273e-04 -1.140258e+00 1.535391e-03 -7.617352e-04 9.999984e-01 2.135044e+01
9.999590e-01 -3.612954e-04 9.050737e-03 1.460599e+01 3.712282e-04 9.999993e-01 -1.095733e-03 -1.146819e+00 -9.050273e-03 1.099046e-03 9.999584e-01 2.144478e+01
9.999947e-01 2.234471e-04 3.247411e-03 1.471126e+01 -2.253916e-04 9.999998e-01 5.986639e-04 -1.152568e+00 -3.247213e-03 -5.993944e-04 9.999945e-01 2.154135e+01
9.998370e-01 -5.923559e-04 1.804609e-02 1.480932e+01 6.162810e-04 9.999989e-01 -1.320211e-03 -1.157429e+00 -1.804522e-02 1.331115e-03 9.998362e-01 2.164240e+01
9.999996e-01 2.970176e-04 -8.010047e-04 1.494427e+01 -2.964361e-04 9.999997e-01 7.250503e-04 -1.163614e+00 8.012860e-04 -7.248145e-04 9.999993e-01 2.176425e+01
9.998291e-01 -5.519837e-04 1.847795e-02 1.504942e+01 5.773613e-04 9.999989e-01 -1.368050e-03 -1.169095e+00 -1.847711e-02 1.378482e-03 9.998282e-01 2.187771e+01
9.999553e-01 6.968695e-05 9.457039e-03 1.513984e+01 -7.396647e-05 9.999999e-01 4.522648e-04 -1.174022e+00 -9.456937e-03 -4.529461e-04 9.999551e-01 2.201691e+01
9.998635e-01 -5.360843e-04 1.651111e-02 1.524515e+01 5.577777e-04 9.999990e-01 -1.309238e-03 -1.179658e+00 -1.651032e-02 1.318267e-03 9.998627e-01 2.217233e+01
9.999791e-01 1.608081e-04 6.457333e-03 1.534448e+01 -1.641615e-04 9.999999e-01 5.189407e-04 -1.185370e+00 -6.457176e-03 -5.199922e-04 9.999789e-01 2.232363e+01
9.999505e-01 -4.382328e-04 9.940713e-03 1.542989e+01 4.491046e-04 9.999993e-01 -1.091353e-03 -1.191726e+00 -9.940154e-03 1.095761e-03 9.999499e-01 2.247527e+01
9.999999e-01 3.064511e-04 3.658659e-04 1.551635e+01 -3.066999e-04 9.999997e-01 6.829964e-04 -1.199203e+00 -3.655817e-04 -6.831109e-04 9.999996e-01 2.264935e+01
9.999897e-01 -3.814799e-04 4.508420e-03 1.561368e+01 3.856434e-04 9.999995e-01 -9.224308e-04 -1.206986e+00 -4.507991e-03 9.241576e-04 9.999893e-01 2.280440e+01
9.999730e-01 2.420492e-04 7.345872e-03 1.570657e+01 -2.452820e-04 9.999999e-01 4.393292e-04 -1.213636e+00 -7.345689e-03 -4.411215e-04 9.999728e-01 2.294837e+01
9.999798e-01 -4.892133e-04 6.341289e-03 1.583737e+01 4.950368e-04 9.999995e-01 -9.166415e-04 -1.220265e+00 -6.340761e-03 9.197597e-04 9.999794e-01 2.307111e+01
9.999982e-01 3.569738e-04 1.879819e-03 1.596304e+01 -3.580992e-04 9.999998e-01 5.989898e-04 -1.227925e+00 -1.879528e-03 -5.996643e-04 9.999980e-01 2.322582e+01
9.999848e-01 -4.701966e-04 5.495162e-03 1.605759e+01 4.751637e-04 9.999995e-01 -9.024279e-04 -1.235899e+00 -5.494658e-03 9.050228e-04 9.999844e-01 2.340789e+01
9.999952e-01 4.454535e-04 -3.062792e-03 1.615819e+01 -4.431266e-04 9.999996e-01 7.599825e-04 -1.243115e+00 3.063207e-03 -7.586241e-04 9.999949e-01 2.352025e+01
9.999931e-01 -4.550607e-04 3.675015e-03 1.624080e+01 4.581073e-04 9.999996e-01 -8.278981e-04 -1.250502e+00 -3.674559e-03 8.295735e-04 9.999928e-01 2.364305e+01
9.999930e-01 4.418984e-04 -3.701023e-03 1.637680e+01 -4.389827e-04 9.999996e-01 7.882275e-04 -1.255998e+00 3.701447e-03 -7.865999e-04 9.999928e-01 2.365048e+01
9.999987e-01 -4.073074e-04 1.568856e-03 1.657114e+01 4.083878e-04 9.999997e-01 -6.876869e-04 -1.258685e+00 -1.568497e-03 6.883242e-04 9.999985e-01 2.349898e+01
9.999914e-01 4.923564e-04 -4.111555e-03 1.677691e+01 -4.889558e-04 9.999995e-01 8.277335e-04 -1.259684e+00 4.112038e-03 -8.257185e-04 9.999911e-01 2.326531e+01
9.999993e-01 -4.096810e-04 1.086445e-03 1.698402e+01 4.104058e-04 9.999997e-01 -6.659112e-04 -1.260788e+00 -1.086095e-03 6.663542e-04 9.999991e-01 2.303684e+01
9.999860e-01 4.862283e-04 -5.256396e-03 1.719403e+01 -4.816618e-04 9.999995e-01 8.697661e-04 -1.261130e+00 5.256893e-03 -8.672246e-04 9.999857e-01 2.277168e+01
9.999962e-01 -3.870503e-04 2.726398e-03 1.738942e+01 3.890448e-04 9.999997e-01 -7.306490e-04 -1.262443e+00 -2.726037e-03 7.317045e-04 9.999959e-01 2.255709e+01
9.999721e-01 5.214821e-04 -7.454400e-03 1.758489e+01 -5.141630e-04 9.999994e-01 9.835774e-04 -1.265824e+00 7.454985e-03 -9.797195e-04 9.999716e-01 2.243842e+01
9.999993e-01 -2.682689e-04 -1.173633e-03 1.779183e+01 2.676708e-04 9.999998e-01 -5.106954e-04 -1.269499e+00 1.173846e-03 5.103785e-04 9.999991e-01 2.233939e+01
9.999889e-01 4.318439e-04 -4.683456e-03 1.794743e+01 -4.281079e-04 9.999996e-01 7.984205e-04 -1.273763e+00 4.683875e-03 -7.964089e-04 9.999886e-01 2.227894e+01
9.999998e-01 -3.047398e-04 4.299279e-04 1.806245e+01 3.050061e-04 9.999998e-01 -6.170056e-04 -1.278314e+00 -4.296643e-04 6.171344e-04 9.999996e-01 2.224620e+01
9.999903e-01 3.578568e-04 -4.386714e-03 1.812269e+01 -3.546059e-04 9.999997e-01 7.415791e-04 -1.284326e+00 4.387053e-03 -7.400187e-04 9.999900e-01 2.230873e+01
9.999940e-01 -3.479956e-04 3.428362e-03 1.823227e+01 3.505582e-04 9.999997e-01 -7.465886e-04 -1.290379e+00 -3.428026e-03 7.477837e-04 9.999938e-01 2.235034e+01
9.999901e-01 3.472642e-04 -4.424746e-03 1.843826e+01 -3.439006e-04 9.999997e-01 7.606667e-04 -1.293064e+00 4.425084e-03 -7.591399e-04 9.999898e-01 2.219049e+01
9.999996e-01 -2.405775e-04 8.237719e-04 1.872867e+01 2.410156e-04 9.999998e-01 -5.305560e-04 -1.290249e+00 -8.235692e-04 5.307520e-04 9.999994e-01 2.174069e+01
9.999853e-01 3.455973e-04 -5.404061e-03 1.903163e+01 -3.412130e-04 9.999996e-01 8.119997e-04 -1.286648e+00 5.404414e-03 -8.101461e-04 9.999850e-01 2.125062e+01
9.999995e-01 -2.132229e-04 9.763288e-04 1.936031e+01 2.137253e-04 9.999998e-01 -5.134710e-04 -1.282187e+00 -9.761449e-04 5.136771e-04 9.999993e-01 2.071126e+01
9.999733e-01 4.367060e-04 -7.290945e-03 1.969342e+01 -4.297300e-04 9.999994e-01 9.582006e-04 -1.280213e+00 7.291433e-03 -9.550441e-04 9.999729e-01 2.029483e+01
9.999999e-01 -2.680299e-04 -4.222519e-04 2.004051e+01 2.678327e-04 9.999999e-01 -4.692096e-04 -1.276915e+00 4.224509e-04 4.690943e-04 9.999997e-01 1.981375e+01
9.999914e-01 4.143855e-04 -4.118243e-03 2.038855e+01 -4.111770e-04 9.999996e-01 7.796715e-04 -1.271605e+00 4.118638e-03 -7.779736e-04 9.999911e-01 1.922489e+01
9.999985e-01 -2.560013e-04 -1.675886e-03 2.073153e+01 2.553707e-04 9.999999e-01 -3.770417e-04 -1.268360e+00 1.676055e-03 3.766111e-04 9.999984e-01 1.874435e+01
9.999684e-01 5.383255e-04 -7.932981e-03 2.109403e+01 -5.303254e-04 9.999993e-01 1.010408e-03 -1.266190e+00 7.933592e-03 -1.006171e-03 9.999679e-01 1.831883e+01
9.999973e-01 -2.217261e-04 -2.316482e-03 2.143040e+01 2.208736e-04 9.999999e-01 -3.686509e-04 -1.265064e+00 2.316635e-03 3.681362e-04 9.999972e-01 1.795125e+01
