9.999999e-01 -8.506261e-05 3.327521e-04 -2.852730e-03 8.505197e-05 1.000000e+00 3.202832e-05 -2.047783e-02 -3.327548e-04 -3.199953e-05 9.999998e-01 7.921227e-01
9.999996e-01 -8.714199e-06 -8.983030e-04 5.004114e-02 8.782763e-06 1.000000e+00 7.630224e-05 -4.967725e-02 8.983023e-04 -7.630961e-05 9.999995e-01 1.859681e+00
9.999762e-01 1.461551e-04 -6.893215e-03 9.686128e-02 -1.440359e-04 9.999999e-01 3.079270e-04 -7.715293e-02 6.893258e-03 -3.069263e-04 9.999761e-01 2.854804e+00
1.000000e+00 -1.756021e-05 -1.803054e-04 1.661815e-01 1.756319e-05 1.000000e+00 1.642310e-05 -1.012923e-01 1.803036e-04 -1.642570e-05 9.999999e-01 3.688571e+00
9.997463e-01 5.959359e-04 -2.251407e-02 1.887748e-01 -5.747843e-04 9.999994e-01 9.459411e-04 -1.240222e-01 2.251461e-02 -9.327597e-04 9.997460e-01 4.540285e+00
9.999349e-01 -3.375492e-04 1.140582e-02 1.477921e-01 3.426906e-04 9.999998e-01 -4.488099e-04 -1.464197e-01 -1.140567e-02 4.526900e-04 9.999348e-01 5.484626e+00
9.995852e-01 8.063125e-04 -2.879010e-02 1.019797e-01 -7.735018e-04 9.999990e-01 1.150769e-03 -1.544997e-01 2.879099e-02 -1.128022e-03 9.995847e-01 5.849790e+00
9.998998e-01 -4.292883e-04 1.414612e-02 3.190411e-02 4.377318e-04 9.999997e-01 -5.937882e-04 -1.639058e-01 -1.414587e-02 5.999218e-04 9.998997e-01 6.293900e+00
9.994383e-01 9.216225e-04 -3.349991e-02 -1.392695e-02 -8.753088e-04 9.999986e-01 1.397142e-03 -1.807890e-01 3.350114e-02 -1.367033e-03 9.994376e-01 6.986407e+00
9.998283e-01 -5.151860e-04 1.852350e-02 -1.095165e-01 5.302487e-04 9.999995e-01 -8.082644e-04 -1.899294e-01 -1.852308e-02 8.179486e-04 9.998280e-01 7.447953e+00
9.998472e-01 4.396371e-04 -1.747282e-02 -1.665484e-01 -4.257294e-04 9.999996e-01 7.996696e-04 -2.038324e-01 1.747315e-02 -7.921078e-04 9.998469e-01 8.050539e+00
9.997271e-01 -5.996689e-04 2.335442e-02 -2.513182e-01 6.228120e-04 9.999993e-01 -9.836849e-04 -2.132253e-01 -2.335382e-02 9.979628e-04 9.997267e-01 8.512258e+00
9.995665e-01 7.335671e-04 -2.943384e-02 -4.071070e-01 -6.983753e-04 9.999990e-01 1.205884e-03 -2.199344e-01 2.943469e-02 -1.184804e-03 9.995659e-01 8.934656e+00
9.997714e-01 -5.537547e-04 2.137319e-02 -5.135343e-01 5.729824e-04 9.999994e-01 -8.935005e-04 -2.332928e-01 -2.137270e-02 9.055437e-04 9.997711e-01 9.572916e+00
9.990100e-01 1.169592e-03 -4.447148e-02 -5.435584e-01 -1.088849e-03 9.999977e-01 1.839798e-03 -2.464825e-01 4.447352e-02 -1.789553e-03 9.990089e-01 1.007746e+01
9.995294e-01 -7.484713e-04 3.066527e-02 -3.858629e-01 7.885265e-04 9.999989e-01 -1.294130e-03 -2.494106e-01 -3.066429e-02 1.317703e-03 9.995288e-01 9.949566e+00
9.992690e-01 9.707345e-04 -3.821768e-02 -2.387188e-01 -9.108886e-04 9.999983e-01 1.583302e-03 -2.520469e-01 3.821914e-02 -1.547331e-03 9.992681e-01 9.807751e+00
9.999098e-01 -2.759228e-04 1.343158e-02 -1.446676e-01 2.843175e-04 9.999998e-01 -6.230804e-04 -2.529474e-01 -1.343143e-02 6.268443e-04 9.999095e-01 9.675925e+00
9.993033e-01 9.364411e-04 -3.730922e-02 -1.032288e-01 -8.786684e-04 9.999984e-01 1.564848e-03 -2.524204e-01 3.731060e-02 -1.530974e-03 9.993024e-01 9.552887e+00
9.999959e-01 3.178084e-05 2.861428e-03 -1.009148e-01 -3.117608e-05 1.000000e+00 -2.113248e-04 -2.547724e-01 -2.861460e-03 2.112361e-04 9.999958e-01 9.609223e+00
9.999224e-01 1.924842e-04 -1.245403e-02 -1.200992e-01 -1.856261e-04 9.999998e-01 5.518133e-04 -2.620370e-01 1.245410e-02 -5.494572e-04 9.999222e-01 9.901239e+00
9.999898e-01 -2.333369e-05 4.508306e-03 -1.857376e-01 2.454498e-05 1.000000e+00 -2.685750e-04 -2.699849e-01 -4.508326e-03 2.686845e-04 9.999897e-01 1.026681e+01
9.998893e-01 2.761771e-04 -1.487831e-02 -3.126072e-01 -2.667387e-04 9.999998e-01 6.363400e-04 -2.670433e-01 1.487846e-02 -6.322994e-04 9.998890e-01 1.027805e+01
9.999886e-01 2.240540e-04 -4.766849e-03 -3.437964e-01 -2.235857e-04 1.000000e+00 9.873403e-05 -2.685723e-01 4.766842e-03 -9.766553e-05 9.999885e-01 1.031527e+01
9.996268e-01 6.520683e-04 -2.730879e-02 -3.745920e-01 -6.216615e-04 9.999992e-01 1.121912e-03 -2.724805e-01 2.730946e-02 -1.104515e-03 9.996263e-01 1.046732e+01
9.999609e-01 -1.930782e-04 8.843901e-03 -4.029756e-01 1.969929e-04 9.999999e-01 -4.417347e-04 -2.847930e-01 -8.843849e-03 4.434613e-04 9.999607e-01 1.093349e+01
9.998132e-01 3.933614e-04 -1.932528e-02 -4.473275e-01 -3.774515e-04 9.999996e-01 8.268944e-04 -2.999944e-01 1.932556e-02 -8.194438e-04 9.998128e-01 1.152859e+01
9.998582e-01 -3.300265e-04 1.683666e-02 1.953212e-02 3.426959e-04 9.999997e-01 -7.495893e-04 -3.070509e-01 -1.683644e-02 7.552546e-04 9.998579e-01 1.113153e+01
9.998537e-01 3.008448e-04 -1.710347e-02 -6.997332e-02 -2.875741e-04 9.999997e-01 7.783435e-04 -2.727936e-01 1.710366e-02 -7.733093e-04 9.998533e-01 9.858317e+00
9.998406e-01 -3.530964e-04 1.785238e-02 -7.177317e-01 3.676908e-04 9.999996e-01 -8.142082e-04 -2.168593e-01 -1.785212e-02 8.206443e-04 9.998402e-01 8.444268e+00
9.998527e-01 2.979204e-04 -1.716265e-02 -1.436706e+00 -2.843688e-04 9.999996e-01 7.920147e-04 -1.515774e-01 1.716284e-02 -7.870157e-04 9.998523e-01 6.761136e+00
9.998468e-01 -3.429596e-04 1.750020e-02 -2.019600e+00 3.569116e-04 9.999996e-01 -7.941132e-04 -9.172463e-02 -1.749996e-02 8.002393e-04 9.998464e-01 5.114217e+00
9.998477e-01 3.098842e-04 -1.744890e-02 -2.505262e+00 -2.961767e-04 9.999996e-01 7.881420e-04 -4.490237e-02 1.744910e-02 -7.828522e-04 9.998473e-01 3.852384e+00
9.998493e-01 -3.295675e-04 1.735790e-02 -3.144115e+00 3.437526e-04 9.999996e-01 -8.142161e-04 1.768360e-03 -1.735766e-02 8.200620e-04 9.998489e-01 2.778813e+00
9.998529e-01 2.985507e-04 -1.715053e-02 -3.794556e+00 -2.851798e-04 9.999997e-01 7.820438e-04 5.112696e-02 1.715072e-02 -7.770360e-04 9.998525e-01 1.619572e+00
9.998535e-01 -3.318766e-04 1.711238e-02 -4.473578e+00 3.452539e-04 9.999996e-01 -7.787627e-04 1.143467e-01 -1.711215e-02 7.845585e-04 9.998532e-01 -4.004876e-02
9.998532e-01 2.969598e-04 -1.713394e-02 -5.257365e+00 -2.834898e-04 9.999996e-01 7.885638e-04 1.873491e-01 1.713413e-02 -7.835890e-04 9.998528e-01 -1.948506e+00
9.998506e-01 -3.297379e-04 1.728251e-02 -5.959889e+00 3.437238e-04 9.999996e-01 -8.062658e-04 2.455352e-01 -1.728227e-02 8.120875e-04 9.998502e-01 -3.381269e+00
9.998501e-01 3.054137e-04 -1.731226e-02 -6.529190e+00 -2.919888e-04 9.999997e-01 7.779604e-04 2.870523e-01 1.731246e-02 -7.727870e-04 9.998497e-01 -4.333579e+00
9.998408e-01 -3.508437e-04 1.784167e-02 -7.117116e+00 3.657461e-04 9.999996e-01 -8.319771e-04 3.235010e-01 -1.784140e-02 8.383719e-04 9.998404e-01 -5.048859e+00
9.998496e-01 3.064691e-04 -1.733927e-02 -7.691379e+00 -2.930033e-04 9.999997e-01 7.791297e-04 3.548610e-01 1.733947e-02 -7.739303e-04 9.998493e-01 -5.572485e+00
9.998275e-01 -3.895095e-04 1.857153e-02 -8.148448e+00 4.051766e-04 9.999996e-01 -8.398296e-04 3.737440e-01 -1.857123e-02 8.472112e-04 9.998271e-01 -5.722521e+00
9.999177e-01 1.815970e-04 -1.282819e-02 -8.382564e+00 -1.732183e-04 9.999998e-01 6.542345e-04 3.803707e-01 1.282827e-02 -6.519568e-04 9.999174e-01 -5.666208e+00
9.998373e-01 -3.802108e-04 1.803197e-02 -8.623546e+00 3.952108e-04 9.999996e-01 -8.282752e-04 3.877907e-01 -1.803168e-02 8.352686e-04 9.998370e-01 -5.636004e+00
9.998999e-01 2.199294e-04 -1.414590e-02 -8.927362e+00 -2.101151e-04 9.999997e-01 6.952552e-04 3.967018e-01 1.414601e-02 -6.922117e-04 9.998996e-01 -5.573716e+00
9.998856e-01 -2.942208e-04 1.512451e-02 -9.200910e+00 3.055237e-04 9.999997e-01 -7.449905e-04 4.044689e-01 -1.512432e-02 7.495278e-04 9.998852e-01 -5.515642e+00
9.998434e-01 3.358795e-04 -1.769141e-02 -9.532466e+00 -3.216225e-04 9.999996e-01 8.086976e-04 4.221240e-01 1.769164e-02 -8.028793e-04 9.998431e-01 -5.817281e+00
9.999832e-01 -5.210988e-05 5.794050e-03 -1.000408e+01 5.421656e-05 9.999999e-01 -3.633787e-04 4.616506e-01 -5.794065e-03 3.636884e-04 9.999831e-01 -6.792736e+00
9.999007e-01 2.338883e-04 -1.409231e-02 -1.055943e+01 -2.247100e-04 9.999998e-01 6.528613e-04 5.039041e-01 1.409243e-02 -6.496280e-04 9.999004e-01 -7.788540e+00
9.999658e-01 3.491058e-04 -8.258991e-03 -1.092952e+01 -3.474121e-04 9.999999e-01 2.064663e-04 5.270838e-01 8.259024e-03 -2.035881e-04 9.999658e-01 -8.275637e+00
9.998170e-01 3.817182e-04 -1.912683e-02 -1.114264e+01 -3.660045e-04 9.999996e-01 8.250242e-04 5.386781e-01 1.912710e-02 -8.178708e-04 9.998166e-01 -8.500350e+00
9.999466e-01 4.054763e-04 -1.032476e-02 -1.125770e+01 -4.022211e-04 9.999999e-01 3.173145e-04 5.435139e-01 1.032485e-02 -3.131427e-04 9.999466e-01 -8.595242e+00
9.997201e-01 5.133281e-04 -2.365444e-02 -1.128862e+01 -4.900452e-04 9.999994e-01 9.900605e-04 5.368520e-01 2.365489e-02 -9.781895e-04 9.997196e-01 -8.339031e+00
9.998770e-01 5.588105e-04 -1.567444e-02 -1.136270e+01 -5.502165e-04 9.999997e-01 5.525533e-04 5.348939e-01 1.567469e-02 -5.438588e-04 9.998769e-01 -8.210391e+00
9.992984e-01 9.299323e-04 -3.744225e-02 -1.140373e+01 -8.723474e-04 9.999984e-01 1.554257e-03 5.316126e-01 3.744358e-02 -1.520502e-03 9.992975e-01 -8.050064e+00
9.999679e-01 3.303080e-04 -8.010322e-03 -1.131542e+01 -3.282706e-04 9.999999e-01 2.555580e-04 5.207397e-01 8.010348e-03 -2.529178e-04 9.999678e-01 -7.779711e+00
9.992762e-01 9.469646e-04 -3.802864e-02 -1.120802e+01 -8.886122e-04 9.999984e-01 1.551284e-03 5.123238e-01 3.802999e-02 -1.516366e-03 9.992754e-01 -7.632207e+00
9.999099e-01 4.807039e-04 -1.341309e-02 -1.122648e+01 -4.742048e-04 9.999998e-01 4.876379e-04 5.085009e-01 1.341326e-02 -4.812308e-04 9.999098e-01 -7.497303e+00
9.991669e-01 1.036895e-03 -4.079827e-02 -1.126730e+01 -9.696737e-04 9.999981e-01 1.667375e-03 5.040028e-01 4.079986e-02 -1.626422e-03 9.991659e-01 -7.294136e+00
9.999440e-01 3.958361e-04 -1.057697e-02 -1.122325e+01 -3.917795e-04 9.999998e-01 3.854912e-04 4.950391e-01 1.057705e-02 -3.813229e-04 9.999439e-01 -7.040791e+00
9.990589e-01 1.109416e-03 -4.336055e-02 -1.123575e+01 -1.034133e-03 9.999979e-01 1.758565e-03 4.893395e-01 4.336234e-02 -1.712066e-03 9.990579e-01 -6.837324e+00
9.998512e-01 5.793871e-04 -1.724200e-02 -1.124961e+01 -5.681160e-04 9.999996e-01 6.585012e-04 4.828291e-01 1.724229e-02 -6.486047e-04 9.998510e-01 -6.603076e+00
9.994006e-01 8.638539e-04 -3.460732e-02 -1.119167e+01 -8.156299e-04 9.999987e-01 1.407509e-03 4.716632e-01 3.460841e-02 -1.378436e-03 9.993999e-01 -6.275805e+00
9.997760e-01 6.812642e-04 -2.115493e-02 -1.119208e+01 -6.641174e-04 9.999994e-01 8.174643e-04 4.634745e-01 2.115539e-02 -8.032287e-04 9.997758e-01 -5.993053e+00
9.992982e-01 9.621942e-04 -3.744542e-02 -1.122484e+01 -9.063779e-04 9.999985e-01 1.507502e-03 4.583711e-01 3.744672e-02 -1.472501e-03 9.992975e-01 -5.771669e+00
9.999143e-01 4.442102e-04 -1.307863e-02 -1.122288e+01 -4.376129e-04 9.999998e-01 5.071385e-04 4.498563e-01 1.307876e-02 -5.013685e-04 9.999143e-01 -5.471856e+00
9.991895e-01 1.042199e-03 -4.023825e-02 -1.122856e+01 -9.782542e-04 9.999982e-01 1.608754e-03 4.429584e-01 4.023976e-02 -1.568084e-03 9.991888e-01 -5.226935e+00
9.998538e-01 5.607150e-04 -1.708817e-02 -1.128140e+01 -5.495044e-04 9.999996e-01 6.605980e-04 4.401337e-01 1.708844e-02 -6.511082e-04 9.998537e-01 -5.074535e+00
9.994311e-01 8.532546e-04 -3.371378e-02 -1.131242e+01 -8.088854e-04 9.999988e-01 1.329601e-03 4.359370e-01 3.371478e-02 -1.301571e-03 9.994306e-01 -4.901353e+00
9.999023e-01 4.588728e-04 -1.396715e-02 -1.135113e+01 -4.513710e-04 9.999998e-01 5.400708e-04 4.330596e-01 1.396729e-02 -5.337104e-04 9.999022e-01 -4.777852e+00
9.994633e-01 8.318453e-04 -3.274642e-02 -1.144209e+01 -7.908483e-04 9.999989e-01 1.264805e-03 4.343336e-01 3.274734e-02 -1.238226e-03 9.994628e-01 -4.737280e+00
9.999940e-01 -1.254357e-05 3.460265e-03 -1.156214e+01 1.294699e-05 1.000000e+00 -1.157447e-04 4.314320e-01 -3.460362e-03 1.157920e-04 9.999939e-01 -4.473838e+00
9.994762e-01 8.032225e-04 -3.235104e-02 -1.162640e+01 -7.620097e-04 9.999989e-01 1.286148e-03 4.221464e-01 3.235193e-02 -1.260820e-03 9.994757e-01 -4.051326e+00
9.999720e-01 3.003448e-04 -7.468033e-03 -1.172885e+01 -2.980411e-04 9.999999e-01 3.091953e-04 4.153633e-01 7.468025e-03 -3.069577e-04 9.999720e-01 -3.672864e+00
9.999503e-01 -3.678816e-04 9.962979e-03 -1.177323e+01 3.714979e-04 9.999999e-01 -3.608240e-04 3.995744e-01 -9.962944e-03 3.645105e-04 9.999502e-01 -3.004619e+00
9.998517e-01 -2.414028e-04 1.721440e-02 -1.179553e+01 2.501572e-04 9.999998e-01 -5.062264e-04 3.828911e-01 -1.721438e-02 5.104609e-04 9.998516e-01 -2.298145e+00
9.999481e-01 -3.730036e-04 1.017711e-02 -1.184417e+01 3.768297e-04 9.999999e-01 -3.737553e-04 3.689372e-01 -1.017707e-02 3.775742e-04 9.999481e-01 -1.671010e+00
9.997536e-01 -3.247894e-04 2.219332e-02 -1.179425e+01 3.399366e-04 9.999997e-01 -6.786108e-04 3.517907e-01 -2.219319e-02 6.859911e-04 9.997534e-01 -1.050441e+00
9.999765e-01 -3.129234e-04 6.844721e-03 -1.174616e+01 3.146002e-04 9.999999e-01 -2.435002e-04 3.316278e-01 -6.844742e-03 2.456511e-04 9.999765e-01 -3.072223e-01
9.999879e-01 3.319200e-06 4.918464e-03 -1.177353e+01 -2.825434e-06 1.000000e+00 -9.984491e-05 3.109511e-01 -4.918562e-03 9.983307e-05 9.999878e-01 5.515224e-01
9.999130e-01 -4.145698e-04 1.318452e-02 -1.173057e+01 4.207107e-04 9.999998e-01 -4.627888e-04 2.898853e-01 -1.318442e-02 4.682987e-04 9.999129e-01 1.314867e+00
9.999759e-01 2.265901e-04 -6.938962e-03 -1.175407e+01 -2.244832e-04 9.999999e-01 3.040316e-04 2.694987e-01 6.938933e-03 -3.024633e-04 9.999758e-01 2.148406e+00
9.999505e-01 -3.395781e-04 9.944810e-03 -1.171899e+01 3.432137e-04 9.999999e-01 -3.636001e-04 2.479611e-01 -9.944783e-03 3.669986e-04 9.999504e-01 2.922695e+00
9.999973e-01 1.532548e-04 -2.290019e-03 -1.163260e+01 -1.529484e-04 1.000000e+00 1.328221e-04 2.266461e-01 2.289942e-03 -1.324682e-04 9.999973e-01 3.612672e+00
9.998907e-01 -4.522129e-04 1.477711e-02 -1.162436e+01 4.598950e-04 9.999998e-01 -5.162890e-04 2.084874e-01 -1.477697e-02 5.230318e-04 9.998906e-01 4.305999e+00
9.999619e-01 2.850939e-04 -8.719400e-03 -1.162858e+01 -2.820321e-04 9.999999e-01 3.520872e-04 1.891657e-01 8.719403e-03 -3.496113e-04 9.999619e-01 5.060632e+00
9.999733e-01 -3.262754e-04 7.295185e-03 -1.166690e+01 3.281138e-04 9.999999e-01 -2.504489e-04 1.684438e-01 -7.295200e-03 2.528392e-04 9.999733e-01 5.916359e+00
9.997388e-01 6.980502e-04 -2.284264e-02 -1.173392e+01 -6.782012e-04 9.999994e-01 8.765663e-04 1.527782e-01 2.284314e-02 -8.608421e-04 9.997386e-01 6.592319e+00
9.999419e-01 2.028876e-04 -1.077280e-02 -1.184320e+01 -1.977652e-04 9.999999e-01 4.763115e-04 1.412004e-01 1.077280e-02 -4.741501e-04 9.999418e-01 7.172924e+00
9.993892e-01 1.079128e-03 -3.492900e-02 -1.193688e+01 -1.032064e-03 9.999985e-01 1.365362e-03 1.341054e-01 3.493033e-02 -1.328476e-03 9.993888e-01 7.558926e+00
9.999698e-01 1.242275e-04 -7.765297e-03 -1.201106e+01 -1.216673e-04 9.999999e-01 3.297908e-04 1.293190e-01 7.765239e-03 -3.288328e-04 9.999697e-01 7.824799e+00
9.997015e-01 7.608312e-04 -2.441608e-02 -1.207189e+01 -7.382743e-04 9.999993e-01 9.327381e-04 1.214404e-01 2.441667e-02 -9.144307e-04 9.997014e-01 8.185985e+00
9.998844e-01 3.365951e-04 -1.519663e-02 -1.214808e+01 -3.269473e-04 9.999997e-01 6.371484e-04 1.164287e-01 1.519674e-02 -6.321030e-04 9.998843e-01 8.454809e+00
9.997984e-01 6.326192e-04 -2.006880e-02 -1.222351e+01 -6.175368e-04 9.999995e-01 7.575704e-04 1.078262e-01 2.006917e-02 -7.450213e-04 9.997983e-01 8.873444e+00
9.999581e-01 1.512407e-04 -9.149848e-03 -1.226348e+01 -1.474162e-04 9.999999e-01 4.183057e-04 9.403757e-02 9.149810e-03 -4.169362e-04 9.999580e-01 9.451805e+00
9.999185e-01 4.109543e-04 -1.276006e-02 -1.231301e+01 -4.051965e-04 9.999998e-01 4.535605e-04 7.945697e-02 1.276015e-02 -4.483501e-04 9.999184e-01 1.006840e+01
9.999429e-01 -4.085614e-04 1.067598e-02 -1.232834e+01 4.124741e-04 9.999998e-01 -3.639837e-04 6.351609e-02 -1.067593e-02 3.683696e-04 9.999429e-01 1.068450e+01
9.999439e-01 3.655629e-04 -1.058400e-02 -1.231080e+01 -3.616870e-04 9.999999e-01 3.678031e-04 4.861957e-02 1.058403e-02 -3.639512e-04 9.999439e-01 1.120791e+01
9.999449e-01 -4.286354e-04 1.048781e-02 -1.234643e+01 4.321686e-04 9.999999e-01 -3.343047e-04 3.197415e-02 -1.048776e-02 3.388219e-04 9.999449e-01 1.189301e+01
9.999485e-01 3.393536e-04 -1.013408e-02 -1.238390e+01 -3.355293e-04 9.999999e-01 3.787375e-04 1.186439e-02 1.013411e-02 -3.753146e-04 9.999485e-01 1.272877e+01
9.999434e-01 -4.367064e-04 1.062557e-02 -1.242058e+01 4.402526e-04 9.999998e-01 -3.310845e-04 -9.446178e-03 -1.062552e-02 3.357468e-04 9.999434e-01 1.361435e+01
9.999459e-01 3.408061e-04 -1.038834e-02 -1.247854e+01 -3.367411e-04 9.999999e-01 3.927339e-04 -3.116882e-02 1.038837e-02 -3.892113e-04 9.999459e-01 1.455289e+01
9.999258e-01 -4.435663e-04 1.217039e-02 -1.247717e+01 4.485261e-04 9.999998e-01 -4.045275e-04 -5.168644e-02 -1.217031e-02 4.099594e-04 9.999258e-01 1.534166e+01
9.999367e-01 3.767113e-04 -1.124362e-02 -1.243410e+01 -3.721899e-04 9.999998e-01 4.039286e-04 -7.068443e-02 1.124367e-02 -3.997151e-04 9.999367e-01 1.599716e+01
9.999326e-01 -4.556835e-04 1.159268e-02 -1.245605e+01 4.600329e-04 9.999998e-01 -3.722291e-04 -8.929292e-02 -1.159260e-02 3.775403e-04 9.999327e-01 1.674342e+01
9.999452e-01 3.597164e-04 -1.045918e-02 -1.249519e+01 -3.557261e-04 9.999999e-01 3.830527e-04 -1.079429e-01 1.045922e-02 -3.793080e-04 9.999452e-01 1.752412e+01
9.999330e-01 -4.729160e-04 1.155980e-02 -1.253069e+01 4.769395e-04 9.999998e-01 -3.450118e-04 -1.305199e-01 -1.155973e-02 3.505052e-04 9.999331e-01 1.846247e+01
9.999612e-01 3.369354e-04 -8.791972e-03 -1.256363e+01 -3.341817e-04 9.999999e-01 3.142887e-04 -1.517743e-01 8.791977e-03 -3.113352e-04 9.999613e-01 1.934210e+01
9.998366e-01 -5.784979e-04 1.806594e-02 -1.254469e+01 5.890355e-04 9.999997e-01 -5.777789e-04 -1.728614e-01 -1.806570e-02 5.883292e-04 9.998366e-01 2.013670e+01
9.998760e-01 4.641076e-04 -1.573818e-02 -1.252762e+01 -4.550252e-04 9.999997e-01 5.804609e-04 -1.979147e-01 1.573835e-02 -5.732244e-04 9.998759e-01 2.109109e+01
9.998476e-01 -5.617932e-04 1.744702e-02 -1.249261e+01 5.717928e-04 9.999997e-01 -5.679619e-04 -2.219273e-01 -1.744679e-02 5.778547e-04 9.998476e-01 2.197053e+01
9.998619e-01 4.823321e-04 -1.660984e-02 -1.243475e+01 -4.723356e-04 9.999997e-01 6.055647e-04 -2.459290e-01 1.661003e-02 -5.976325e-04 9.998618e-01 2.281138e+01
9.997593e-01 -6.367436e-04 2.192709e-02 -1.240212e+01 6.530500e-04 9.999995e-01 -7.363529e-04 -2.670111e-01 -2.192671e-02 7.504984e-04 9.997593e-01 2.357633e+01
9.998742e-01 4.586611e-04 -1.585091e-02 -1.240875e+01 -4.492072e-04 9.999997e-01 5.997704e-04 -2.899151e-01 1.585108e-02 -5.925714e-04 9.998741e-01 2.448653e+01
9.997392e-01 -6.610171e-04 2.282342e-02 -1.239538e+01 6.784117e-04 9.999995e-01 -7.542536e-04 -3.156236e-01 -2.282301e-02 7.695439e-04 9.997392e-01 2.548184e+01
9.997711e-01 5.506081e-04 -2.138436e-02 -1.243599e+01 -5.336926e-04 9.999995e-01 7.965704e-04 -3.389276e-01 2.138469e-02 -7.849722e-04 9.997710e-01 2.645925e+01
9.996370e-01 -7.184688e-04 2.692916e-02 -1.243157e+01 7.432355e-04 9.999993e-01 -9.095729e-04 -3.624784e-01 -2.692858e-02 9.292608e-04 9.996369e-01 2.737634e+01
9.997583e-01 5.590173e-04 -2.197462e-02 -1.243168e+01 -5.410088e-04 9.999995e-01 8.253032e-04 -3.871012e-01 2.197498e-02 -8.132120e-04 9.997581e-01 2.834288e+01
9.994956e-01 -8.082234e-04 3.174552e-02 -1.243912e+01 8.427660e-04 9.999991e-01 -1.074634e-03 -4.101717e-01 -3.174473e-02 1.100850e-03 9.994954e-01 2.926759e+01
9.995814e-01 6.835290e-04 -2.892176e-02 -1.249351e+01 -6.525326e-04 9.999992e-01 1.081047e-03 -4.337183e-01 2.892238e-02 -1.061719e-03 9.995810e-01 3.027992e+01
9.993232e-01 -8.885700e-04 3.677335e-02 -1.250775e+01 9.356127e-04 9.999988e-01 -1.261981e-03 -4.566727e-01 -3.677228e-02 1.295536e-03 9.993228e-01 3.120495e+01
9.996360e-01 6.708915e-04 -2.696892e-02 -1.247219e+01 -6.440043e-04 9.999993e-01 1.005524e-03 -4.803764e-01 2.696947e-02 -9.877870e-04 9.996357e-01 3.208112e+01
9.995780e-01 -7.694223e-04 2.903675e-02 -1.247915e+01 7.987204e-04 9.999992e-01 -9.972985e-04 -5.024153e-01 -2.903606e-02 1.020073e-03 9.995778e-01 3.294961e+01
9.995877e-01 7.028142e-04 -2.870156e-02 -1.250736e+01 -6.724567e-04 9.999992e-01 1.067221e-03 -5.237850e-01 2.870218e-02 -1.047477e-03 9.995874e-01 3.382298e+01
9.994910e-01 -8.195448e-04 3.188861e-02 -1.249700e+01 8.545000e-04 9.999990e-01 -1.082445e-03 -5.487597e-01 -3.188780e-02 1.109146e-03 9.994908e-01 3.478549e+01
9.995634e-01 7.180372e-04 -2.953534e-02 -1.251298e+01 -6.857383e-04 9.999992e-01 1.103574e-03 -5.730299e-01 2.953601e-02 -1.082836e-03 9.995631e-01 3.576418e+01
9.995134e-01 -8.218649e-04 3.117877e-02 -1.252641e+01 8.548414e-04 9.999991e-01 -1.044235e-03 -5.993725e-01 -3.117798e-02 1.070383e-03 9.995132e-01 3.682516e+01
9.995898e-01 7.142075e-04 -2.862901e-02 -1.254717e+01 -6.845384e-04 9.999992e-01 1.046005e-03 -6.218240e-01 2.862964e-02 -1.025975e-03 9.995895e-01 3.773613e+01
9.993602e-01 -8.917819e-04 3.575282e-02 -1.251492e+01 9.355865e-04 9.999988e-01 -1.208401e-03 -6.455731e-01 -3.575180e-02 1.241082e-03 9.993599e-01 3.861587e+01
9.995217e-01 7.779824e-04 -3.091329e-02 -1.243694e+01 -7.434936e-04 9.999991e-01 1.127040e-03 -6.708610e-01 3.091404e-02 -1.103514e-03 9.995214e-01 3.948384e+01
9.994544e-01 -8.403786e-04 3.301709e-02 -1.226710e+01 8.778793e-04 9.999990e-01 -1.121215e-03 -6.988006e-01 -3.301622e-02 1.149591e-03 9.994541e-01 4.032702e+01
9.996827e-01 6.777493e-04 -2.517873e-02 -1.202726e+01 -6.546128e-04 9.999994e-01 9.269936e-04 -7.311690e-01 2.517924e-02 -9.102137e-04 9.996825e-01 4.125582e+01
9.992303e-01 -9.775655e-04 3.921312e-02 -1.191947e+01 1.029805e-03 9.999986e-01 -1.311943e-03 -7.591443e-01 -3.921188e-02 1.351318e-03 9.992300e-01 4.219689e+01
9.998065e-01 5.766424e-04 -1.966210e-02 -1.179733e+01 -5.625522e-04 9.999996e-01 7.219840e-04 -7.842456e-01 1.966241e-02 -7.107798e-04 9.998064e-01 4.300210e+01
9.993991e-01 -9.046802e-04 3.464770e-02 -1.170421e+01 9.452908e-04 9.999989e-01 -1.155642e-03 -8.092457e-01 -3.464672e-02 1.187704e-03 9.993989e-01 4.384545e+01
9.997434e-01 6.325986e-04 -2.264222e-02 -1.165089e+01 -6.143308e-04 9.999995e-01 8.136142e-04 -8.314001e-01 2.264263e-02 -7.994921e-04 9.997432e-01 4.462965e+01
9.994595e-01 -8.791698e-04 3.286204e-02 -1.161764e+01 9.151551e-04 9.999990e-01 -1.079918e-03 -8.558441e-01 -3.286115e-02 1.109411e-03 9.994593e-01 4.554274e+01
9.997350e-01 6.474935e-04 -2.300912e-02 -1.154802e+01 -6.284975e-04 9.999995e-01 8.326754e-04 -8.833879e-01 2.300955e-02 -8.179900e-04 9.997349e-01 4.652453e+01
9.994731e-01 -7.982212e-04 3.244626e-02 -1.115681e+01 8.346004e-04 9.999990e-01 -1.107589e-03 -9.171356e-01 -3.244544e-02 1.134088e-03 9.994728e-01 4.729811e+01
9.996906e-01 6.539543e-04 -2.486161e-02 -1.091436e+01 -6.313103e-04 9.999994e-01 9.185223e-04 -9.491600e-01 2.486209e-02 -9.025392e-04 9.996904e-01 4.821567e+01
9.995820e-01 -7.920892e-04 2.889933e-02 -1.089506e+01 8.201981e-04 9.999992e-01 -9.606980e-04 -9.753149e-01 -2.889865e-02 9.840032e-04 9.995818e-01 4.921565e+01
9.997157e-01 6.389732e-04 -2.383285e-02 -1.086393e+01 -6.183636e-04 9.999994e-01 8.719889e-04 -1.000628e+00 2.383330e-02 -8.570000e-04 9.997155e-01 5.016102e+01
9.995492e-01 -8.117988e-04 3.001177e-02 -1.085472e+01 8.423174e-04 9.999991e-01 -1.004154e-03 -1.024064e+00 -3.001103e-02 1.028985e-03 9.995490e-01 5.106799e+01
9.998449e-01 5.163278e-04 -1.760350e-02 -1.082441e+01 -5.046193e-04 9.999996e-01 6.693879e-04 -1.049817e+00 1.760374e-02 -6.603974e-04 9.998448e-01 5.204492e+01
9.996938e-01 -7.403678e-04 2.473344e-02 -1.086197e+01 7.607479e-04 9.999994e-01 -8.144686e-04 -1.075575e+00 -2.473292e-02 8.330388e-04 9.996937e-01 5.312898e+01
9.997804e-01 5.905305e-04 -2.094582e-02 -1.087862e+01 -5.741174e-04 9.999995e-01 7.894623e-04 -1.101875e+00 2.094618e-02 -7.772600e-04 9.997802e-01 5.419647e+01
9.997249e-01 -7.245796e-04 2.344201e-02 -1.089928e+01 7.426623e-04 9.999994e-01 -7.625539e-04 -1.128591e+00 -2.344154e-02 7.797573e-04 9.997248e-01 5.528665e+01
9.997646e-01 6.051609e-04 -2.168714e-02 -1.094339e+01 -5.877606e-04 9.999995e-01 8.085614e-04 -1.153580e+00 2.168752e-02 -7.956206e-04 9.997644e-01 5.634240e+01
9.996898e-01 -7.351423e-04 2.489331e-02 -1.093437e+01 7.558239e-04 9.999994e-01 -8.212878e-04 -1.179376e+00 -2.489279e-02 8.398517e-04 9.996897e-01 5.734372e+01
9.997511e-01 6.221699e-04 -2.229937e-02 -1.093181e+01 -6.039145e-04 9.999995e-01 8.252448e-04 -1.204276e+00 2.229977e-02 -8.115688e-04 9.997509e-01 5.832102e+01
9.997091e-01 -7.429030e-04 2.410526e-02 -1.099859e+01 7.621213e-04 9.999994e-01 -7.879636e-04 -1.227636e+00 -2.410476e-02 8.061092e-04 9.997091e-01 5.934839e+01
9.997389e-01 6.233225e-04 -2.283998e-02 -1.109648e+01 -6.038580e-04 9.999994e-01 8.589678e-04 -1.252552e+00 2.284040e-02 -8.449478e-04 9.997387e-01 6.049141e+01
9.996808e-01 -7.516960e-04 2.525092e-02 -1.119381e+01 7.735721e-04 9.999993e-01 -8.564699e-04 -1.273578e+00 -2.525036e-02 8.757337e-04 9.996807e-01 6.146880e+01
9.997435e-01 6.272896e-04 -2.263616e-02 -1.132951e+01 -6.082365e-04 9.999995e-01 8.484564e-04 -1.292431e+00 2.263659e-02 -8.344670e-04 9.997433e-01 6.240901e+01
9.996872e-01 -7.428333e-04 2.499726e-02 -1.145004e+01 7.647581e-04 9.999993e-01 -8.674163e-04 -1.308816e+00 -2.499670e-02 8.862656e-04 9.996871e-01 6.321473e+01
9.997761e-01 6.056796e-04 -2.115144e-02 -1.171333e+01 -5.894812e-04 9.999995e-01 7.719163e-04 -1.313598e+00 2.115180e-02 -7.592714e-04 9.997759e-01 6.373132e+01
9.996814e-01 -7.449491e-04 2.522860e-02 -1.198429e+01 7.669934e-04 9.999993e-01 -8.639919e-04 -1.320788e+00 -2.522803e-02 8.830706e-04 9.996813e-01 6.435879e+01
9.998009e-01 6.015974e-04 -1.994171e-02 -1.220556e+01 -5.877717e-04 9.999996e-01 6.990153e-04 -1.323459e+00 1.994203e-02 -6.871512e-04 9.998008e-01 6.472411e+01
9.997706e-01 -6.609410e-04 2.140672e-02 -1.260842e+01 6.770403e-04 9.999995e-01 -7.446870e-04 -1.318393e+00 -2.140631e-02 7.590131e-04 9.997705e-01 6.501171e+01
9.998416e-01 5.346367e-04 -1.778762e-02 -1.304153e+01 -5.233936e-04 9.999997e-01 6.365609e-04 -1.313763e+00 1.778786e-02 -6.271464e-04 9.998415e-01 6.536992e+01
9.997813e-01 -6.560770e-04 2.089985e-02 -1.330426e+01 6.710409e-04 9.999995e-01 -7.088294e-04 -1.319410e+00 -2.089947e-02 7.227028e-04 9.997813e-01 6.591724e+01
9.998242e-01 5.553281e-04 -1.874052e-02 -1.353594e+01 -5.429201e-04 9.999996e-01 6.670198e-04 -1.325841e+00 1.874079e-02 -6.567242e-04 9.998241e-01 6.645369e+01
9.997382e-01 -7.086430e-04 2.286793e-02 -1.372382e+01 7.261390e-04 9.999995e-01 -7.566648e-04 -1.337691e+00 -2.286747e-02 7.730758e-04 9.997381e-01 6.716359e+01
9.997812e-01 6.102320e-04 -2.090868e-02 -1.398214e+01 -5.950844e-04 9.999996e-01 7.305416e-04 -1.345933e+00 2.090902e-02 -7.179356e-04 9.997811e-01 6.781489e+01
9.997803e-01 -6.269910e-04 2.094899e-02 -1.428822e+01 6.419864e-04 9.999995e-01 -7.089393e-04 -1.334299e+00 -2.094863e-02 7.222364e-04 9.997802e-01 6.774313e+01
9.998467e-01 4.978374e-04 -1.750116e-02 -1.446790e+01 -4.871913e-04 9.999997e-01 6.124020e-04 -1.339753e+00 1.750136e-02 -6.037779e-04 9.998466e-01 6.818095e+01
9.996290e-01 -7.742276e-04 2.722593e-02 -1.453338e+01 7.981850e-04 9.999993e-01 -8.689807e-04 -1.359426e+00 -2.722533e-02 8.903934e-04 9.996289e-01 6.905830e+01
9.998783e-01 4.655286e-04 -1.559468e-02 -1.465780e+01 -4.571726e-04 9.999998e-01 5.392025e-04 -1.374921e+00 1.559483e-02 -5.320036e-04 9.998782e-01 6.984116e+01
9.995255e-01 -8.469492e-04 3.079084e-02 -1.469651e+01 8.773226e-04 9.999991e-01 -9.728505e-04 -1.395610e+00 -3.079009e-02 9.994062e-04 9.995253e-01 7.072385e+01
9.998952e-01 4.530026e-04 -1.446792e-02 -1.470135e+01 -4.459295e-04 9.999998e-01 4.919123e-04 -1.416282e+00 1.446804e-02 -4.854052e-04 9.998951e-01 7.155009e+01
9.996560e-01 -7.745789e-04 2.621573e-02 -1.484193e+01 7.972778e-04 9.999993e-01 -8.552991e-04 -1.421676e+00 -2.621514e-02 8.759100e-04 9.996559e-01 7.195411e+01
9.999094e-01 4.386139e-04 -1.344801e-02 -1.500991e+01 -4.324517e-04 9.999998e-01 4.609209e-04 -1.429351e+00 1.344812e-02 -4.550597e-04 9.999094e-01 7.247693e+01
9.996359e-01 -7.818804e-04 2.696940e-02 -1.511863e+01 8.057866e-04 9.999993e-01 -8.754558e-04 -1.440151e+00 -2.696879e-02 8.968726e-04 9.996358e-01 7.304819e+01
9.998752e-01 4.819275e-04 -1.578688e-02 -1.528214e+01 -4.734913e-04 9.999997e-01 5.379464e-04 -1.448638e+00 1.578704e-02 -5.304005e-04 9.998752e-01 7.359672e+01
9.996591e-01 -7.611087e-04 2.609842e-02 -1.534456e+01 7.825389e-04 9.999994e-01 -8.108205e-04 -1.469442e+00 -2.609788e-02 8.309710e-04 9.996590e-01 7.452120e+01
9.998059e-01 5.447444e-04 -1.969122e-02 -1.542000e+01 -5.316196e-04 9.999996e-01 6.716276e-04 -1.490208e+00 1.969149e-02 -6.610251e-04 9.998058e-01 7.545825e+01
9.995281e-01 -8.474823e-04 3.070582e-02 -1.555161e+01 8.780772e-04 9.999991e-01 -9.828262e-04 -1.503335e+00 -3.070506e-02 1.009328e-03 9.995279e-01 7.615598e+01
9.999397e-01 3.706312e-04 -1.097512e-02 -1.568231e+01 -3.665853e-04 9.999999e-01 3.704238e-04 -1.514949e+00 1.097516e-02 -3.663742e-04 9.999396e-01 7.679941e+01
9.993988e-01 -9.219292e-04 3.465624e-02 -1.572846e+01 9.605793e-04 9.999989e-01 -1.098533e-03 -1.531667e+00 -3.465528e-02 1.131167e-03 9.993986e-01 7.753953e+01
9.999465e-01 3.667136e-04 -1.033678e-02 -1.577890e+01 -3.632283e-04 9.999999e-01 3.388227e-04 -1.546785e+00 1.033681e-02 -3.350461e-04 9.999464e-01 7.821872e+01
9.995192e-01 -8.659150e-04 3.099275e-02 -1.582975e+01 8.961458e-04 9.999991e-01 -9.614571e-04 -1.565162e+00 -3.099198e-02 9.887728e-04 9.995191e-01 7.903113e+01
9.999502e-01 3.621832e-04 -9.968346e-03 -1.595635e+01 -3.590898e-04 9.999999e-01 3.118797e-04 -1.577716e+00 9.968370e-03 -3.082808e-04 9.999502e-01 7.971006e+01
9.995086e-01 -8.639441e-04 3.133146e-02 -1.608634e+01 8.951715e-04 9.999991e-01 -9.825872e-04 -1.587454e+00 -3.133067e-02 1.010155e-03 9.995085e-01 8.027472e+01
9.999229e-01 4.091662e-04 -1.240890e-02 -1.629902e+01 -4.044132e-04 9.999998e-01 3.853609e-04 -1.592615e+00 1.240897e-02 -3.803090e-04 9.999229e-01 8.076349e+01
9.995680e-01 -8.208726e-04 2.937711e-02 -1.637107e+01 8.474343e-04 9.999992e-01 -8.916442e-04 -1.609454e+00 -2.937644e-02 9.161582e-04 9.995679e-01 8.153411e+01
9.999117e-01 4.270962e-04 -1.328070e-02 -1.649038e+01 -4.217390e-04 9.999998e-01 4.060238e-04 -1.622505e+00 1.328079e-02 -4.003831e-04 9.999116e-01 8.221279e+01
9.995316e-01 -8.459231e-04 3.059259e-02 -1.662061e+01 8.749423e-04 9.999992e-01 -9.351255e-04 -1.634065e+00 -3.059186e-02 9.614582e-04 9.995314e-01 8.284775e+01
9.998877e-01 4.710709e-04 -1.497827e-02 -1.666131e+01 -4.641373e-04 9.999998e-01 4.662502e-04 -1.650091e+00 1.497841e-02 -4.592420e-04 9.998876e-01 8.353800e+01
9.995847e-01 -8.288219e-04 2.880569e-02 -1.688232e+01 8.549335e-04 9.999992e-01 -8.940956e-04 -1.653134e+00 -2.880501e-02 9.183551e-04 9.995845e-01 8.394984e+01
9.998961e-01 4.511106e-04 -1.440977e-02 -1.720475e+01 -4.448748e-04 9.999998e-01 4.358178e-04 -1.647868e+00 1.440988e-02 -4.293581e-04 9.998960e-01 8.417513e+01
9.994309e-01 -9.339415e-04 3.371933e-02 -1.758330e+01 9.700288e-04 9.999990e-01 -1.053824e-03 -1.636498e+00 -3.371839e-02 1.085937e-03 9.994307e-01 8.424782e+01
9.998632e-01 5.089376e-04 -1.653131e-02 -1.792356e+01 -5.006458e-04 9.999997e-01 5.056007e-04 -1.629583e+00 1.653149e-02 -4.972513e-04 9.998631e-01 8.443643e+01
9.994772e-01 -8.735597e-04 3.231902e-02 -1.821305e+01 9.070988e-04 9.999991e-01 -1.023042e-03 -1.620597e+00 -3.231818e-02 1.051828e-03 9.994770e-01 8.445441e+01
9.998799e-01 4.701176e-04 -1.549267e-02 -1.850802e+01 -4.626494e-04 9.999998e-01 4.855138e-04 -1.618616e+00 1.549281e-02 -4.782840e-04 9.998798e-01 8.476441e+01
9.995063e-01 -8.511668e-04 3.140790e-02 -1.886022e+01 8.830989e-04 9.999991e-01 -1.002775e-03 -1.611009e+00 -3.140709e-02 1.030020e-03 9.995061e-01 8.492508e+01
9.999405e-01 3.766430e-04 -1.090164e-02 -1.920641e+01 -3.731217e-04 9.999999e-01 3.248857e-04 -1.599028e+00 1.090168e-02 -3.207950e-04 9.999404e-01 8.491568e+01
9.994815e-01 -8.663783e-04 3.218607e-02 -1.953556e+01 8.998940e-04 9.999991e-01 -1.026786e-03 -1.587100e+00 -3.218523e-02 1.055222e-03 9.994813e-01 8.488702e+01
9.999481e-01 4.067669e-04 -1.017613e-02 -1.976048e+01 -4.039157e-04 9.999999e-01 2.820904e-04 -1.573478e+00 1.017617e-02 -2.779618e-04 9.999481e-01 8.462727e+01
9.994911e-01 -8.721481e-04 3.188683e-02 -2.002596e+01 9.047634e-04 9.999991e-01 -1.008382e-03 -1.562611e+00 -3.188599e-02 1.036722e-03 9.994909e-01 8.454058e+01
9.999752e-01 3.305244e-04 -7.027037e-03 -2.020448e+01 -3.292034e-04 9.999999e-01 1.889337e-04 -1.563448e+00 7.027031e-03 -1.866121e-04 9.999752e-01 8.480879e+01
9.994784e-01 -8.798830e-04 3.228113e-02 -2.032138e+01 9.132138e-04 9.999991e-01 -1.017742e-03 -1.566350e+00 -3.228027e-02 1.046694e-03 9.994782e-01 8.508196e+01
9.999831e-01 3.465301e-04 -5.805014e-03 -2.042468e+01 -3.458599e-04 9.999999e-01 1.162363e-04 -1.555431e+00 5.804990e-03 -1.142230e-04 9.999831e-01 8.477130e+01
9.993915e-01 -9.194524e-04 3.486819e-02 -2.042633e+01 9.581705e-04 9.999989e-01 -1.093682e-03 -1.546447e+00 -3.486721e-02 1.126429e-03 9.993912e-01 8.441010e+01
9.999869e-01 3.189625e-04 -5.108995e-03 -2.052768e+01 -3.185242e-04 9.999999e-01 8.637456e-05 -1.534976e+00 5.108964e-03 -8.474262e-05 9.999869e-01 8.408557e+01
9.992335e-01 -1.005353e-03 3.913360e-02 -2.061693e+01 1.053882e-03 9.999987e-01 -1.219459e-03 -1.525826e+00 -3.913237e-02 1.259770e-03 9.992332e-01 8.384157e+01
9.999912e-01 3.032297e-04 -4.172363e-03 -2.069266e+01 -3.030446e-04 1.000000e+00 4.476292e-05 -1.517070e+00 4.172323e-03 -4.349479e-05 9.999912e-01 8.359705e+01
9.992136e-01 -1.008473e-03 3.963656e-02 -2.076288e+01 1.057975e-03 9.999987e-01 -1.227919e-03 -1.509540e+00 -3.963532e-02 1.268891e-03 9.992133e-01 8.339277e+01
9.999634e-01 3.782438e-04 -8.543605e-03 -2.088625e+01 -3.766463e-04 9.999999e-01 1.884977e-04 -1.498635e+00 8.543628e-03 -1.852697e-04 9.999634e-01 8.312152e+01
9.993264e-01 -9.476620e-04 3.668566e-02 -2.097065e+01 9.896516e-04 9.999989e-01 -1.126413e-03 -1.488343e+00 -3.668460e-02 1.161963e-03 9.993261e-01 8.281629e+01
9.999581e-01 4.088873e-04 -9.139373e-03 -2.093617e+01 -4.071420e-04 9.999999e-01 1.927513e-04 -1.481369e+00 9.139408e-03 -1.890191e-04 9.999581e-01 8.248425e+01
9.993263e-01 -9.463814e-04 3.668948e-02 -2.085051e+01 9.881283e-04 9.999989e-01 -1.119710e-03 -1.476873e+00 -3.668842e-02 1.155213e-03 9.993260e-01 8.218637e+01
9.999501e-01 3.873648e-04 -9.982915e-03 -2.091505e+01 -3.850851e-04 9.999999e-01 2.302276e-04 -1.468381e+00 9.982965e-03 -2.263689e-04 9.999500e-01 8.192409e+01
9.994014e-01 -8.830783e-04 3.458262e-02 -2.082287e+01 9.201716e-04 9.999990e-01 -1.056682e-03 -1.465653e+00 -3.458169e-02 1.087874e-03 9.994012e-01 8.167823e+01
9.999690e-01 3.557582e-04 -7.865368e-03 -2.067293e+01 -3.546069e-04 9.999999e-01 1.477187e-04 -1.465488e+00 7.865387e-03 -1.449223e-04 9.999690e-01 8.145875e+01
9.994616e-01 -8.436363e-04 3.279853e-02 -2.048776e+01 8.765491e-04 9.999991e-01 -9.891005e-04 -1.467860e+00 -3.279770e-02 1.017320e-03 9.994614e-01 8.128884e+01
9.999659e-01 3.610543e-04 -8.247554e-03 -2.028262e+01 -3.598163e-04 9.999999e-01 1.515405e-04 -1.470813e+00 8.247580e-03 -1.485651e-04 9.999659e-01 8.111542e+01
9.994830e-01 -8.191446e-04 3.214190e-02 -2.001607e+01 8.506823e-04 9.999992e-01 -9.675266e-04 -1.474595e+00 -3.214110e-02 9.943715e-04 9.994827e-01 8.089770e+01
9.999396e-01 4.008504e-04 -1.098572e-02 -1.977939e+01 -3.981555e-04 9.999999e-01 2.474597e-04 -1.477285e+00 1.098580e-02 -2.430682e-04 9.999395e-01 8.066934e+01
9.994455e-01 -8.321925e-04 3.328710e-02 -1.956243e+01 8.661146e-04 9.999991e-01 -1.004660e-03 -1.479026e+00 -3.328626e-02 1.032936e-03 9.994452e-01 8.043178e+01
9.999750e-01 3.209262e-04 -7.067561e-03 -1.940991e+01 -3.201913e-04 9.999999e-01 1.050841e-04 -1.480658e+00 7.067576e-03 -1.028162e-04 9.999749e-01 8.027846e+01
9.995190e-01 -8.210553e-04 3.100010e-02 -1.943504e+01 8.494207e-04 9.999992e-01 -9.018419e-04 -1.479595e+00 -3.099935e-02 9.277425e-04 9.995189e-01 8.024907e+01
9.999229e-01 4.584065e-04 -1.241099e-02 -1.916884e+01 -4.550234e-04 9.999999e-01 2.753951e-04 -1.491625e+00 1.241110e-02 -2.697243e-04 9.999228e-01 8.033731e+01
9.996278e-01 -7.604615e-04 2.727071e-02 -1.892104e+01 7.820018e-04 9.999994e-01 -7.792056e-04 -1.501740e+00 -2.727011e-02 8.002435e-04 9.996277e-01 8.036995e+01
9.999558e-01 4.089786e-04 -9.396420e-03 -1.866113e+01 -4.074560e-04 9.999999e-01 1.639386e-04 -1.506742e+00 9.396475e-03 -1.601006e-04 9.999557e-01 8.019612e+01
9.996575e-01 -7.362409e-04 2.615889e-02 -1.839106e+01 7.556990e-04 9.999994e-01 -7.339619e-04 -1.516857e+00 -2.615835e-02 7.534809e-04 9.996574e-01 8.020230e+01
9.999685e-01 3.669927e-04 -7.926009e-03 -1.818859e+01 -3.660589e-04 9.999999e-01 1.192566e-04 -1.528558e+00 7.926044e-03 -1.163495e-04 9.999685e-01 8.036429e+01
9.997339e-01 -6.979774e-04 2.305586e-02 -1.818291e+01 7.125864e-04 9.999996e-01 -6.254218e-04 -1.532081e+00 -2.305542e-02 6.416866e-04 9.997339e-01 8.046561e+01
9.999985e-01 1.705741e-04 1.705394e-03 -1.822173e+01 -1.702281e-04 1.000000e+00 -2.030156e-04 -1.535015e+00 -1.705433e-03 2.027268e-04 9.999984e-01 8.061119e+01
9.997870e-01 -6.128268e-04 2.063109e-02 -1.806062e+01 6.245742e-04 9.999996e-01 -5.629638e-04 -1.541670e+00 -2.063074e-02 5.757313e-04 9.997869e-01 8.063098e+01
9.999572e-01 4.045386e-04 -9.237750e-03 -1.770771e+01 -4.030987e-04 9.999999e-01 1.577351e-04 -1.555042e+00 9.237812e-03 -1.540029e-04 9.999572e-01 8.064531e+01
9.998968e-01 -4.828098e-04 1.435481e-02 -1.733568e+01 4.878273e-04 9.999998e-01 -3.460356e-04 -1.567098e+00 -1.435464e-02 3.530043e-04 9.998968e-01 8.057770e+01
9.998016e-01 6.529173e-04 -1.990745e-02 -1.690095e+01 -6.424361e-04 9.999997e-01 5.328883e-04 -1.584551e+00 1.990779e-02 -5.199916e-04 9.998016e-01 8.060472e+01
9.999864e-01 -2.722310e-04 5.216441e-03 -1.651208e+01 2.721884e-04 1.000000e+00 8.892762e-06 -1.600897e+00 -5.216446e-03 -7.470980e-06 9.999863e-01 8.065077e+01
9.997331e-01 7.525454e-04 -2.309145e-02 -1.603654e+01 -7.374273e-04 9.999995e-01 6.632144e-04 -1.621000e+00 2.309193e-02 -6.460072e-04 9.997330e-01 8.072808e+01
9.999853e-01 -2.806846e-04 5.422267e-03 -1.554235e+01 2.806588e-04 1.000000e+00 5.541116e-06 -1.641662e+00 -5.422274e-03 -4.017292e-06 9.999852e-01 8.079866e+01
9.995562e-01 9.400867e-04 -2.977484e-02 -1.516289e+01 -9.124456e-04 9.999991e-01 9.419091e-04 -1.658230e+00 2.977570e-02 -9.143211e-04 9.995561e-01 8.087905e+01
9.999724e-01 -3.305755e-04 7.424410e-03 -1.480136e+01 3.312649e-04 9.999999e-01 -9.160815e-05 -1.674587e+00 -7.424390e-03 9.406717e-05 9.999723e-01 8.097593e+01
9.996136e-01 8.783218e-04 -2.778250e-02 -1.441718e+01 -8.544335e-04 9.999993e-01 8.716874e-04 -1.692541e+00 2.778323e-02 -8.476101e-04 9.996135e-01 8.109700e+01
9.999688e-01 -3.490511e-04 7.888004e-03 -1.403860e+01 3.500109e-04 9.999999e-01 -1.202811e-04 -1.710844e+00 -7.887976e-03 1.230405e-04 9.999688e-01 8.123748e+01
9.998812e-01 5.393380e-04 -1.540656e-02 -1.369899e+01 -5.337655e-04 9.999998e-01 3.657937e-04 -1.730474e+00 1.540674e-02 -3.575245e-04 9.998811e-01 8.147468e+01
9.999016e-01 -4.963341e-04 1.401680e-02 -1.335620e+01 5.009528e-04 9.999998e-01 -3.259842e-04 -1.752712e+00 -1.401665e-02 3.329762e-04 9.999016e-01 8.181874e+01
9.998109e-01 6.296125e-04 -1.943544e-02 -1.295653e+01 -6.199362e-04 9.999997e-01 5.038819e-04 -1.775706e+00 1.943573e-02 -4.917356e-04 9.998109e-01 8.209882e+01
9.999934e-01 -2.419535e-04 3.638528e-03 -1.275717e+01 2.415939e-04 1.000000e+00 9.932970e-05 -1.792855e+00 -3.638570e-03 -9.844765e-05 9.999933e-01 8.243872e+01
9.997970e-01 6.648816e-04 -2.013682e-02 -1.254323e+01 -6.544069e-04 9.999996e-01 5.267479e-04 -1.810250e+00 2.013715e-02 -5.134609e-04 9.997970e-01 8.277153e+01
9.999731e-01 -3.777907e-04 7.325183e-03 -1.251163e+01 3.779446e-04 9.999999e-01 -1.959162e-05 -1.827503e+00 -7.325196e-03 2.236204e-05 9.999731e-01 8.335701e+01
9.995618e-01 9.665779e-04 -2.958666e-02 -1.241020e+01 -9.402817e-04 9.999992e-01 9.026766e-04 -1.841812e+00 2.958748e-02 -8.744587e-04 9.995617e-01 8.373741e+01
9.999759e-01 -3.740818e-04 6.936660e-03 -1.225944e+01 3.742070e-04 9.999999e-01 -1.671025e-05 -1.856674e+00 -6.936678e-03 1.930819e-05 9.999758e-01 8.406957e+01
9.995628e-01 9.729235e-04 -2.955086e-02 -1.204517e+01 -9.465988e-04 9.999991e-01 9.047922e-04 -1.872839e+00 2.955169e-02 -8.764211e-04 9.995628e-01 8.435939e+01
