9.994551e-01 -7.062973e-04 3.299980e-02 4.455408e-02 7.415639e-04 9.999992e-01 -1.056463e-03 -1.798351e-02 -3.299902e-02 1.080359e-03 9.994547e-01 6.703475e-01
9.999997e-01 1.582779e-05 -7.750146e-04 8.091044e-02 -1.581652e-05 1.000000e+00 1.453684e-05 -3.401922e-02 7.750214e-04 -1.452431e-05 9.999996e-01 1.272862e+00
9.993211e-01 -7.776479e-04 3.683342e-02 1.271853e-01 8.217508e-04 9.999990e-01 -1.182236e-03 -4.993795e-02 -3.683245e-02 1.211701e-03 9.993206e-01 1.861706e+00
9.999747e-01 1.456264e-04 -7.115219e-03 1.685394e-01 -1.440252e-04 1.000000e+00 2.255505e-04 -6.608619e-02 7.115264e-03 -2.245200e-04 9.999746e-01 2.454438e+00
9.990392e-01 -9.138262e-04 4.381555e-02 2.319658e-01 9.764982e-04 9.999985e-01 -1.408978e-03 -8.243029e-02 -4.381419e-02 1.450410e-03 9.990385e-01 3.028969e+00
9.999975e-01 4.731103e-05 -2.244810e-03 2.947774e-01 -4.717077e-05 1.000000e+00 6.251922e-05 -9.911367e-02 2.244834e-03 -6.241340e-05 9.999974e-01 3.631036e+00
9.987654e-01 -1.011492e-03 4.966560e-02 3.333891e-01 1.092356e-03 9.999981e-01 -1.601054e-03 -1.112153e-01 -4.966386e-02 1.653329e-03 9.987645e-01 4.088805e+00
9.999955e-01 5.921090e-05 -3.011127e-03 3.801242e-01 -5.894684e-05 1.000000e+00 8.774878e-05 -1.247197e-01 3.011162e-03 -8.757144e-05 9.999954e-01 4.587249e+00
9.986953e-01 -1.043227e-03 5.105558e-02 4.515183e-01 1.128425e-03 9.999980e-01 -1.639946e-03 -1.405531e-01 -5.105374e-02 1.695418e-03 9.986944e-01 5.151874e+00
9.999612e-01 1.761684e-04 -8.803273e-03 5.255343e-01 -1.736316e-04 9.999999e-01 2.889029e-04 -1.587177e-01 8.803362e-03 -2.873640e-04 9.999611e-01 5.798270e+00
9.985812e-01 -1.081291e-03 5.323839e-02 6.126054e-01 1.174153e-03 9.999978e-01 -1.713017e-03 -1.778090e-01 -5.323638e-02 1.773095e-03 9.985803e-01 6.468302e+00
9.997580e-01 4.508111e-04 -2.199530e-02 6.634048e-01 -4.345328e-04 9.999996e-01 7.448416e-04 -1.978293e-01 2.199567e-02 -7.351048e-04 9.997577e-01 7.207927e+00
9.986384e-01 -1.068974e-03 5.215482e-02 7.033095e-01 1.158697e-03 9.999979e-01 -1.690106e-03 -2.163930e-01 -5.215286e-02 1.748235e-03 9.986375e-01 7.901816e+00
9.999939e-01 8.431551e-05 -3.486778e-03 7.701253e-01 -8.391716e-05 1.000000e+00 1.142718e-04 -2.322159e-01 3.486840e-03 -1.139799e-04 9.999938e-01 8.476514e+00
9.990474e-01 -9.198295e-04 4.362874e-02 8.451835e-01 9.816797e-04 9.999985e-01 -1.396233e-03 -2.520783e-01 -4.362733e-02 1.437731e-03 9.990467e-01 9.190868e+00
9.999340e-01 2.464614e-04 -1.148632e-02 9.026849e-01 -2.418453e-04 9.999999e-01 4.032194e-04 -2.762165e-01 1.148647e-02 -4.004165e-04 9.999339e-01 1.008582e+01
9.990765e-01 -9.182475e-04 4.295701e-02 9.498430e-01 9.781341e-04 9.999986e-01 -1.373097e-03 -3.006972e-01 -4.295562e-02 1.413845e-03 9.990759e-01 1.101043e+01
9.999872e-01 1.192855e-04 -5.058274e-03 1.013124e+00 -1.183938e-04 1.000000e+00 1.764373e-04 -3.230291e-01 5.058359e-03 -1.758380e-04 9.999871e-01 1.183386e+01
9.992339e-01 -8.477172e-04 3.912606e-02 1.081088e+00 8.967857e-04 9.999988e-01 -1.236562e-03 -3.479964e-01 -3.912490e-02 1.270700e-03 9.992334e-01 1.274599e+01
9.999960e-01 8.273029e-05 -2.819531e-03 1.149747e+00 -8.250874e-05 1.000000e+00 7.839076e-05 -3.688831e-01 2.819606e-03 -7.815988e-05 9.999959e-01 1.350131e+01
9.988175e-01 -1.014820e-03 4.860585e-02 1.186568e+00 1.092494e-03 9.999982e-01 -1.571475e-03 -3.815433e-01 -4.860409e-02 1.622716e-03 9.988167e-01 1.397702e+01
9.998232e-01 4.106457e-04 -1.879744e-02 1.255781e+00 -3.986057e-04 9.999997e-01 6.441979e-04 -4.015562e-01 1.879778e-02 -6.365935e-04 9.998230e-01 1.468384e+01
9.994181e-01 -7.625766e-04 3.410042e-02 1.257837e+00 8.001596e-04 9.999991e-01 -1.088464e-03 -4.227750e-01 -3.409948e-02 1.115114e-03 9.994177e-01 1.552220e+01
9.998335e-01 4.334810e-04 -1.824296e-02 1.314041e+00 -4.225796e-04 9.999997e-01 6.013531e-04 -4.427721e-01 1.824330e-02 -5.935462e-04 9.998333e-01 1.622413e+01
9.994778e-01 -7.353976e-04 3.230505e-02 1.360280e+00 7.690460e-04 9.999992e-01 -1.029136e-03 -4.626580e-01 -3.230419e-02 1.053440e-03 9.994774e-01 1.693533e+01
9.997106e-01 5.439286e-04 -2.404946e-02 1.375446e+00 -5.246077e-04 9.999995e-01 8.096292e-04 -4.840237e-01 2.404997e-02 -7.967808e-04 9.997104e-01 1.775124e+01
9.992647e-01 -8.689757e-04 3.833026e-02 1.354255e+00 9.158605e-04 9.999989e-01 -1.205608e-03 -5.062168e-01 -3.832909e-02 1.239824e-03 9.992643e-01 1.867222e+01
9.998409e-01 4.201641e-04 -1.782976e-02 1.335064e+00 -4.099259e-04 9.999997e-01 5.777923e-04 -5.237638e-01 1.783008e-02 -5.703941e-04 9.998408e-01 1.939789e+01
9.994389e-01 -7.715792e-04 3.348569e-02 1.363938e+00 8.063411e-04 9.999992e-01 -1.024585e-03 -5.483862e-01 -3.348479e-02 1.051008e-03 9.994386e-01 2.033783e+01
9.998114e-01 4.393823e-04 -1.941383e-02 1.352433e+00 -4.270241e-04 9.999997e-01 6.406333e-04 -5.731044e-01 1.941419e-02 -6.322250e-04 9.998112e-01 2.134620e+01
9.996434e-01 -6.374716e-04 2.669621e-02 1.336663e+00 6.592194e-04 9.999995e-01 -8.057986e-04 -5.972829e-01 -2.669560e-02 8.231072e-04 9.996432e-01 2.233289e+01
9.998416e-01 3.937572e-04 -1.778984e-02 1.291700e+00 -3.833154e-04 9.999998e-01 5.902749e-04 -6.206673e-01 1.779015e-02 -5.833649e-04 9.998415e-01 2.333699e+01
9.995715e-01 -6.952182e-04 2.926083e-02 1.227777e+00 7.215170e-04 9.999993e-01 -8.881757e-04 -6.435805e-01 -2.926011e-02 9.089046e-04 9.995713e-01 2.435645e+01
9.996643e-01 5.427572e-04 -2.590266e-02 1.112492e+00 -5.201044e-04 9.999995e-01 8.812032e-04 -6.671773e-01 2.590321e-02 -8.674379e-04 9.996640e-01 2.547688e+01
9.995699e-01 -6.841895e-04 2.931789e-02 1.045716e+00 7.109837e-04 9.999993e-01 -9.034563e-04 -6.906558e-01 -2.931717e-02 9.239095e-04 9.995697e-01 2.651176e+01
9.996096e-01 5.890242e-04 -2.793331e-02 9.804515e-01 -5.627109e-04 9.999994e-01 9.497986e-04 -7.127081e-01 2.793394e-02 -9.337121e-04 9.996093e-01 2.747970e+01
9.995601e-01 -7.056410e-04 2.964759e-02 8.671430e-01 7.327775e-04 9.999993e-01 -9.043995e-04 -7.358657e-01 -2.964685e-02 9.257240e-04 9.995599e-01 2.857498e+01
9.996189e-01 6.097212e-04 -2.759715e-02 6.292858e-01 -5.852014e-04 9.999994e-01 8.965033e-04 -7.478424e-01 2.759776e-02 -8.800145e-04 9.996186e-01 2.936350e+01
9.994968e-01 -7.482414e-04 3.171162e-02 3.471651e-01 7.797435e-04 9.999992e-01 -9.809912e-04 -7.564670e-01 -3.171078e-02 1.005222e-03 9.994965e-01 3.007279e+01
9.996432e-01 5.941082e-04 -2.670398e-02 3.016311e-01 -5.704422e-04 9.999994e-01 8.937832e-04 -7.781654e-01 2.670458e-02 -8.782339e-04 9.996429e-01 3.099752e+01
9.995994e-01 -6.846097e-04 2.829510e-02 3.537249e-02 7.099584e-04 9.999994e-01 -8.857775e-04 -7.895884e-01 -2.829439e-02 9.055081e-04 9.995991e-01 3.180211e+01
9.996235e-01 5.894392e-04 -2.743225e-02 -3.296156e-01 -5.636335e-04 9.999994e-01 9.483725e-04 -8.022734e-01 2.743287e-02 -9.325564e-04 9.996231e-01 3.280967e+01
9.996312e-01 -6.319403e-04 2.714845e-02 -7.395562e-01 6.568047e-04 9.999994e-01 -9.069042e-04 -8.060376e-01 -2.714777e-02 9.243981e-04 9.996309e-01 3.348530e+01
9.996137e-01 6.243720e-04 -2.778442e-02 -1.079385e+00 -5.988170e-04 9.999994e-01 9.280134e-04 -8.066381e-01 2.778506e-02 -9.110199e-04 9.996134e-01 3.391716e+01
9.996262e-01 -6.581860e-04 2.733197e-02 -1.442976e+00 6.826418e-04 9.999994e-01 -8.853932e-04 -8.111174e-01 -2.733128e-02 9.037173e-04 9.996259e-01 3.455482e+01
9.997093e-01 5.330087e-04 -2.410304e-02 -1.713617e+00 -5.132130e-04 9.999995e-01 8.274040e-04 -8.194578e-01 2.410356e-02 -8.147962e-04 9.997091e-01 3.523376e+01
9.996130e-01 -6.554526e-04 2.781060e-02 -1.908016e+00 6.810279e-04 9.999994e-01 -9.101077e-04 -8.295228e-01 -2.780990e-02 9.286924e-04 9.996127e-01 3.587716e+01
9.996866e-01 5.463999e-04 -2.502695e-02 -2.209990e+00 -5.249930e-04 9.999995e-01 8.618474e-04 -8.358718e-01 2.502749e-02 -8.484411e-04 9.996863e-01 3.651220e+01
9.993214e-01 -8.202911e-04 3.682382e-02 -2.256242e+00 8.651513e-04 9.999989e-01 -1.202280e-03 -8.519092e-01 -3.682270e-02 1.233320e-03 9.993210e-01 3.720283e+01
9.997092e-01 5.435341e-04 -2.410603e-02 -2.324340e+00 -5.240528e-04 9.999995e-01 8.143911e-04 -8.640253e-01 2.410655e-02 -8.015243e-04 9.997090e-01 3.775874e+01
9.993312e-01 -8.117657e-04 3.655765e-02 -2.333865e+00 8.557893e-04 9.999989e-01 -1.188547e-03 -8.803706e-01 -3.655656e-02 1.219034e-03 9.993308e-01 3.840562e+01
9.998295e-01 3.998377e-04 -1.845834e-02 -2.398355e+00 -3.881637e-04 9.999997e-01 6.359296e-04 -8.954248e-01 1.845868e-02 -6.286592e-04 9.998294e-01 3.909318e+01
9.996345e-01 -6.286657e-04 2.702814e-02 -2.454175e+00 6.524173e-04 9.999994e-01 -8.699012e-04 -9.135731e-01 -2.702749e-02 8.872138e-04 9.996342e-01 3.988758e+01
9.999040e-01 2.921381e-04 -1.384799e-02 -2.606002e+00 -2.856220e-04 9.999998e-01 4.723830e-04 -9.251933e-01 1.384822e-02 -4.683854e-04 9.999039e-01 4.054863e+01
9.996952e-01 -5.495819e-04 2.467935e-02 -2.583912e+00 5.693781e-04 9.999995e-01 -7.950451e-04 -9.438730e-01 -2.467881e-02 8.088516e-04 9.996950e-01 4.124601e+01
9.997084e-01 5.119740e-04 -2.414200e-02 -2.522521e+00 -4.929354e-04 9.999996e-01 7.944715e-04 -9.609728e-01 2.414249e-02 -7.823424e-04 9.997082e-01 4.179441e+01
9.996837e-01 -5.817501e-04 2.514284e-02 -2.637651e+00 6.019423e-04 9.999995e-01 -7.954630e-04 -9.728297e-01 -2.514228e-02 8.103428e-04 9.996835e-01 4.239253e+01
9.998548e-01 3.421948e-04 -1.703282e-02 -2.697946e+00 -3.317861e-04 9.999998e-01 6.137997e-04 -9.966804e-01 1.703312e-02 -6.080624e-04 9.998547e-01 4.344100e+01
9.997163e-01 -5.498630e-04 2.381042e-02 -2.743971e+00 5.681505e-04 9.999995e-01 -7.612107e-04 -1.019782e+00 -2.380991e-02 7.745195e-04 9.997161e-01 4.443106e+01
9.997681e-01 3.997488e-04 -2.153160e-02 -2.818907e+00 -3.823194e-04 9.999996e-01 8.134979e-04 -1.047733e+00 2.153201e-02 -8.050803e-04 9.997678e-01 4.566511e+01
9.997691e-01 -4.919397e-04 2.148347e-02 -2.833239e+00 5.076472e-04 9.999996e-01 -7.256100e-04 -1.073036e+00 -2.148302e-02 7.363454e-04 9.997689e-01 4.667920e+01
9.997590e-01 4.827334e-04 -2.194588e-02 -2.460213e+00 -4.660560e-04 9.999996e-01 7.649489e-04 -1.100835e+00 2.194633e-02 -7.545395e-04 9.997588e-01 4.722769e+01
9.997491e-01 -5.483859e-04 2.239161e-02 -2.318888e+00 5.645414e-04 9.999996e-01 -7.150960e-04 -1.127823e+00 -2.239112e-02 7.275545e-04 9.997489e-01 4.807353e+01
9.998439e-01 3.800078e-04 -1.766437e-02 -2.328682e+00 -3.687683e-04 9.999997e-01 6.394210e-04 -1.153166e+00 1.766470e-02 -6.328102e-04 9.998437e-01 4.909063e+01
9.996394e-01 -6.446616e-04 2.684512e-02 -2.367832e+00 6.679832e-04 9.999994e-01 -8.597184e-04 -1.179050e+00 -2.684446e-02 8.773373e-04 9.996392e-01 5.018401e+01
9.998335e-01 3.928166e-04 -1.824415e-02 -2.400498e+00 -3.805351e-04 9.999997e-01 6.765283e-04 -1.206822e+00 1.824450e-02 -6.694762e-04 9.998333e-01 5.134709e+01
9.998326e-01 -5.099778e-04 1.828551e-02 -2.427364e+00 5.203068e-04 9.999997e-01 -5.600122e-04 -1.236668e+00 -1.828512e-02 5.694294e-04 9.998326e-01 5.257487e+01
9.998404e-01 4.183249e-04 -1.785636e-02 -2.382141e+00 -4.071521e-04 9.999997e-01 6.292203e-04 -1.262773e+00 1.785671e-02 -6.218528e-04 9.998403e-01 5.352670e+01
9.998500e-01 -4.736153e-04 1.731060e-02 -2.353991e+00 4.835086e-04 9.999997e-01 -5.672203e-04 -1.283260e+00 -1.731023e-02 5.755020e-04 9.998499e-01 5.426792e+01
9.998257e-01 4.294972e-04 -1.866239e-02 -2.282687e+00 -4.169061e-04 9.999997e-01 6.784529e-04 -1.308263e+00 1.866277e-02 -6.705573e-04 9.998255e-01 5.512776e+01
9.998235e-01 -5.455173e-04 1.877605e-02 -2.304150e+00 5.562327e-04 9.999997e-01 -5.653739e-04 -1.337858e+00 -1.877564e-02 5.757148e-04 9.998235e-01 5.633522e+01
9.999499e-01 2.893870e-04 -1.000154e-02 -2.290521e+00 -2.858668e-04 9.999999e-01 3.531891e-04 -1.365363e+00 1.000173e-02 -3.503154e-04 9.999499e-01 5.740668e+01
9.997930e-01 -5.042501e-04 2.033848e-02 -2.044619e+00 5.179985e-04 9.999996e-01 -6.706162e-04 -1.394645e+00 -2.033804e-02 6.810095e-04 9.997929e-01 5.820602e+01
9.998987e-01 3.308289e-04 -1.422390e-02 -1.991476e+00 -3.233623e-04 9.999998e-01 5.270774e-04 -1.419669e+00 1.422416e-02 -5.224277e-04 9.998986e-01 5.910560e+01
9.998537e-01 -4.810182e-04 1.709469e-02 -2.028643e+00 4.902020e-04 9.999997e-01 -5.329222e-04 -1.444782e+00 -1.709434e-02 5.412209e-04 9.998537e-01 6.015451e+01
9.998753e-01 3.551910e-04 -1.578859e-02 -2.043747e+00 -3.458263e-04 9.999998e-01 5.957218e-04 -1.471871e+00 1.578889e-02 -5.901906e-04 9.998751e-01 6.124950e+01
9.998585e-01 -4.701459e-04 1.681523e-02 -2.083831e+00 4.793040e-04 9.999997e-01 -5.404846e-04 -1.496279e+00 -1.681488e-02 5.484645e-04 9.998584e-01 6.227269e+01
9.999360e-01 2.825517e-04 -1.130780e-02 -2.111666e+00 -2.777630e-04 9.999999e-01 4.248644e-04 -1.519384e+00 1.130801e-02 -4.216995e-04 9.999359e-01 6.322521e+01
9.999051e-01 -4.447517e-04 1.376780e-02 -2.191861e+00 4.502481e-04 9.999998e-01 -3.959749e-04 -1.546289e+00 -1.376753e-02 4.021331e-04 9.999051e-01 6.442264e+01
9.999127e-01 3.081455e-04 -1.320627e-02 -2.277459e+00 -3.015129e-04 9.999998e-01 5.040535e-04 -1.575396e+00 1.320652e-02 -5.000308e-04 9.999126e-01 6.571907e+01
9.999048e-01 -4.455056e-04 1.378646e-02 -2.354212e+00 4.510361e-04 9.999998e-01 -3.978929e-04 -1.604830e+00 -1.378619e-02 4.040700e-04 9.999048e-01 6.701482e+01
9.999084e-01 3.393689e-04 -1.352837e-02 -2.399852e+00 -3.328833e-04 9.999998e-01 4.814909e-04 -1.629917e+00 1.352863e-02 -4.769465e-04 9.999083e-01 6.807418e+01
9.999141e-01 -4.211647e-04 1.310012e-02 -2.443251e+00 4.263702e-04 9.999998e-01 -3.944077e-04 -1.652926e+00 -1.309986e-02 3.999562e-04 9.999140e-01 6.904017e+01
9.999161e-01 3.231374e-04 -1.294777e-02 -2.473006e+00 -3.170426e-04 9.999998e-01 4.725975e-04 -1.677319e+00 1.294801e-02 -4.684560e-04 9.999160e-01 7.004313e+01
9.999057e-01 -4.279746e-04 1.372476e-02 -2.499764e+00 4.338060e-04 9.999998e-01 -4.217584e-04 -1.700428e+00 -1.372448e-02 4.276693e-04 9.999057e-01 7.098832e+01
9.999165e-01 3.214528e-04 -1.291824e-02 -2.479911e+00 -3.152697e-04 9.999998e-01 4.804999e-04 -1.726127e+00 1.291848e-02 -4.763902e-04 9.999164e-01 7.196450e+01
9.998753e-01 -4.511700e-04 1.578289e-02 -2.388929e+00 4.589324e-04 9.999998e-01 -4.880692e-04 -1.755235e+00 -1.578257e-02 4.952484e-04 9.998753e-01 7.297035e+01
9.998946e-01 3.537941e-04 -1.451454e-02 -2.331993e+00 -3.462358e-04 9.999998e-01 5.230965e-04 -1.780978e+00 1.451481e-02 -5.180191e-04 9.998945e-01 7.388788e+01
9.998389e-01 -4.766989e-04 1.794353e-02 -2.257664e+00 4.871204e-04 9.999997e-01 -5.763088e-04 -1.806109e+00 -1.794316e-02 5.849534e-04 9.998388e-01 7.475297e+01
9.998656e-01 3.569785e-04 -1.638924e-02 -2.254429e+00 -3.467990e-04 9.999997e-01 6.238118e-04 -1.832918e+00 1.638955e-02 -6.180473e-04 9.998654e-01 7.580464e+01
9.998334e-01 -4.700596e-04 1.824278e-02 -2.195436e+00 4.810034e-04 9.999997e-01 -5.953984e-04 -1.860768e+00 -1.824240e-02 6.040709e-04 9.998333e-01 7.680737e+01
9.998437e-01 3.620976e-04 -1.767188e-02 -2.210240e+00 -3.501955e-04 9.999997e-01 6.764665e-04 -1.887315e+00 1.767221e-02 -6.701754e-04 9.998435e-01 7.787743e+01
9.998267e-01 -4.675432e-04 1.861049e-02 -2.261280e+00 4.792829e-04 9.999997e-01 -6.262379e-04 -1.910345e+00 -1.861009e-02 6.350458e-04 9.998265e-01 7.886151e+01
9.998381e-01 3.741708e-04 -1.798761e-02 -2.303786e+00 -3.619873e-04 9.999997e-01 6.804538e-04 -1.932210e+00 1.798795e-02 -6.738356e-04 9.998379e-01 7.978048e+01
9.998082e-01 -4.917305e-04 1.957897e-02 -2.352078e+00 5.045534e-04 9.999997e-01 -6.498866e-04 -1.955223e+00 -1.957855e-02 6.596374e-04 9.998080e-01 8.075997e+01
9.998365e-01 3.829977e-04 -1.807468e-02 -2.376660e+00 -3.706821e-04 9.999997e-01 6.845963e-04 -1.978889e+00 1.807503e-02 -6.777876e-04 9.998363e-01 8.172681e+01
9.997293e-01 -5.481156e-04 2.325738e-02 -2.391255e+00 5.668144e-04 9.999995e-01 -7.973198e-04 -1.999980e+00 -2.325684e-02 8.102833e-04 9.997291e-01 8.257442e+01
9.998192e-01 3.883011e-04 -1.900936e-02 -2.453548e+00 -3.745723e-04 9.999997e-01 7.256465e-04 -2.020277e+00 1.900972e-02 -7.183982e-04 9.998190e-01 8.346853e+01
9.997285e-01 -5.504346e-04 2.329088e-02 -2.535666e+00 5.695109e-04 9.999995e-01 -8.123264e-04 -2.037699e+00 -2.329033e-02 8.253670e-04 9.997283e-01 8.426658e+01
9.997830e-01 4.276314e-04 -2.082472e-02 -2.596792e+00 -4.109657e-04 9.999996e-01 8.044441e-04 -2.059007e+00 2.082514e-02 -7.957145e-04 9.997828e-01 8.519575e+01
9.997369e-01 -5.543992e-04 2.292789e-02 -2.659133e+00 5.725661e-04 9.999995e-01 -7.856962e-04 -2.082460e+00 -2.292735e-02 7.986139e-04 9.997367e-01 8.621710e+01
9.997892e-01 4.209430e-04 -2.052404e-02 -2.718556e+00 -4.045691e-04 9.999996e-01 8.018213e-04 -2.106690e+00 2.052447e-02 -7.933521e-04 9.997890e-01 8.726600e+01
9.997184e-01 -5.700105e-04 2.372304e-02 -2.786108e+00 5.897889e-04 9.999995e-01 -8.266388e-04 -2.129493e+00 -2.372246e-02 8.403943e-04 9.997182e-01 8.827047e+01
9.998497e-01 3.831974e-04 -1.733236e-02 -2.817477e+00 -3.714912e-04 9.999997e-01 6.784734e-04 -2.150660e+00 1.733271e-02 -6.719359e-04 9.998495e-01 8.915153e+01
9.998233e-01 -5.160272e-04 1.879029e-02 -2.870803e+00 5.277084e-04 9.999997e-01 -6.165883e-04 -2.177253e+00 -1.878988e-02 6.263919e-04 9.998232e-01 9.028969e+01
9.998736e-01 3.579833e-04 -1.589070e-02 -2.947200e+00 -3.480816e-04 9.999997e-01 6.257233e-04 -2.202901e+00 1.589101e-02 -6.201162e-04 9.998735e-01 9.143056e+01
9.998440e-01 -4.803984e-04 1.765162e-02 -3.018298e+00 4.912233e-04 9.999997e-01 -6.087956e-04 -2.224912e+00 -1.765122e-02 6.173682e-04 9.998439e-01 9.240762e+01
9.999708e-01 2.502519e-04 -7.639581e-03 -2.943483e+00 -2.478862e-04 9.999999e-01 3.102926e-04 -2.246541e+00 7.639753e-03 -3.083930e-04 9.999707e-01 9.313991e+01
9.997015e-01 -6.350667e-04 2.442195e-02 -2.910536e+00 6.551367e-04 9.999995e-01 -8.137119e-04 -2.268381e+00 -2.442132e-02 8.294654e-04 9.997013e-01 9.395564e+01
9.999946e-01 1.558072e-04 -3.278647e-03 -2.898853e+00 -1.552530e-04 1.000000e+00 1.685231e-04 -2.290137e+00 3.278769e-03 -1.680165e-04 9.999945e-01 9.481114e+01
9.999282e-01 -4.073040e-04 1.197613e-02 -2.938599e+00 4.118565e-04 9.999998e-01 -3.774518e-04 -2.314997e+00 -1.197588e-02 3.823537e-04 9.999281e-01 9.586711e+01
9.999545e-01 2.596383e-04 -9.532728e-03 -2.986427e+00 -2.559070e-04 9.999999e-01 3.923703e-04 -2.340458e+00 9.532925e-03 -3.899163e-04 9.999544e-01 9.694993e+01
9.998152e-01 -5.224947e-04 1.921558e-02 -2.998226e+00 5.350609e-04 9.999996e-01 -6.486931e-04 -2.362984e+00 -1.921513e-02 6.588513e-04 9.998151e-01 9.786233e+01
9.999543e-01 2.604972e-04 -9.547557e-03 -3.022262e+00 -2.566663e-04 9.999999e-01 4.021887e-04 -2.387699e+00 9.547757e-03 -3.997232e-04 9.999543e-01 9.888527e+01
9.999091e-01 -4.500434e-04 1.347219e-02 -3.108982e+00 4.558493e-04 9.999998e-01 -4.276923e-04 -2.414460e+00 -1.347189e-02 4.337912e-04 9.999091e-01 1.000887e+02
9.999433e-01 2.807408e-04 -1.063753e-02 -3.204045e+00 -2.760433e-04 9.999999e-01 4.428090e-04 -2.440901e+00 1.063775e-02 -4.398509e-04 9.999433e-01 1.012909e+02
9.998948e-01 -4.621850e-04 1.449426e-02 -3.297110e+00 4.691119e-04 9.999998e-01 -4.743232e-04 -2.466196e+00 -1.449394e-02 4.810692e-04 9.998948e-01 1.024464e+02
9.999147e-01 3.350947e-04 -1.305523e-02 -3.363254e+00 -3.283222e-04 9.999998e-01 5.206891e-04 -2.490366e+00 1.305550e-02 -5.163617e-04 9.999146e-01 1.035045e+02
9.999060e-01 -4.350305e-04 1.370476e-02 -3.444496e+00 4.415259e-04 9.999998e-01 -4.707402e-04 -2.511357e+00 -1.370445e-02 4.767435e-04 9.999059e-01 1.044519e+02
9.999044e-01 3.849036e-04 -1.381598e-02 -3.545703e+00 -3.780598e-04 9.999998e-01 4.977628e-04 -2.524785e+00 1.381627e-02 -4.924954e-04 9.999044e-01 1.050884e+02
9.998874e-01 -4.627044e-04 1.499391e-02 -3.567772e+00 4.703145e-04 9.999998e-01 -5.038457e-04 -2.541572e+00 -1.499358e-02 5.108373e-04 9.998874e-01 1.057606e+02
9.999222e-01 3.321789e-04 -1.246501e-02 -3.673703e+00 -3.263742e-04 9.999998e-01 4.674912e-04 -2.558080e+00 1.246526e-02 -4.633900e-04 9.999221e-01 1.065512e+02
9.998630e-01 -4.681748e-04 1.654518e-02 -3.779251e+00 4.776930e-04 9.999997e-01 -5.711744e-04 -2.571605e+00 -1.654481e-02 5.789962e-04 9.998629e-01 1.072087e+02
9.998802e-01 3.760506e-04 -1.547425e-02 -3.822448e+00 -3.668685e-04 9.999998e-01 5.960328e-04 -2.591610e+00 1.547457e-02 -5.902878e-04 9.998800e-01 1.080516e+02
9.998726e-01 -4.615322e-04 1.595150e-02 -3.861991e+00 4.703598e-04 9.999997e-01 -5.494809e-04 -2.612123e+00 -1.595115e-02 5.569104e-04 9.998726e-01 1.089080e+02
9.998746e-01 3.736026e-04 -1.582890e-02 -3.875985e+00 -3.637618e-04 9.999997e-01 6.243940e-04 -2.635981e+00 1.582923e-02 -6.185612e-04 9.998745e-01 1.098617e+02
9.998601e-01 -4.792447e-04 1.671736e-02 -3.909599e+00 4.888584e-04 9.999997e-01 -5.708299e-04 -2.659555e+00 -1.671698e-02 5.789190e-04 9.998600e-01 1.108388e+02
9.999235e-01 3.303714e-04 -1.236524e-02 -3.930176e+00 -3.247083e-04 9.999998e-01 4.597606e-04 -2.676633e+00 1.236549e-02 -4.557138e-04 9.999234e-01 1.115240e+02
9.997731e-01 -5.629750e-04 2.129409e-02 -3.958723e+00 5.783742e-04 9.999996e-01 -7.168874e-04 -2.693849e+00 -2.129358e-02 7.290372e-04 9.997729e-01 1.122326e+02
9.999273e-01 3.868754e-04 -1.204716e-02 -3.673402e+00 -3.818914e-04 9.999998e-01 4.157657e-04 -2.718628e+00 1.204742e-02 -4.111382e-04 9.999273e-01 1.127900e+02
9.998004e-01 -5.189834e-04 1.996949e-02 -3.348764e+00 5.327793e-04 9.999996e-01 -6.853951e-04 -2.742007e+00 -1.996903e-02 6.958941e-04 9.998003e-01 1.132307e+02
9.999096e-01 4.032886e-04 -1.343985e-02 -3.069969e+00 -3.971136e-04 9.999998e-01 4.618986e-04 -2.763292e+00 1.344013e-02 -4.565232e-04 9.999095e-01 1.136542e+02
9.997429e-01 -6.187365e-04 2.266291e-02 -3.011634e+00 6.356057e-04 9.999995e-01 -7.370310e-04 -2.782931e+00 -2.266235e-02 7.512426e-04 9.997428e-01 1.143226e+02
9.999109e-01 4.045828e-04 -1.334302e-02 -2.897779e+00 -3.986952e-04 9.999998e-01 4.436784e-04 -2.800939e+00 1.334330e-02 -4.383226e-04 9.999108e-01 1.148502e+02
9.997923e-01 -5.609671e-04 2.037281e-02 -2.782767e+00 5.747694e-04 9.999996e-01 -6.714930e-04 -2.819076e+00 -2.037232e-02 6.830595e-04 9.997922e-01 1.153807e+02
9.999702e-01 2.383891e-04 -7.708230e-03 -2.838282e+00 -2.361191e-04 9.999999e-01 2.949957e-04 -2.835456e+00 7.708399e-03 -2.931704e-04 9.999702e-01 1.160981e+02
9.998632e-01 -4.824431e-04 1.653140e-02 -2.919197e+00 4.915509e-04 9.999997e-01 -5.466983e-04 -2.850836e+00 -1.653103e-02 5.547459e-04 9.998631e-01 1.168040e+02
9.999322e-01 3.341530e-04 -1.163205e-02 -2.910888e+00 -3.292035e-04 9.999999e-01 4.271456e-04 -2.871104e+00 1.163229e-02 -4.232909e-04 9.999322e-01 1.175775e+02
9.998226e-01 -5.547282e-04 1.882709e-02 -2.934937e+00 5.662545e-04 9.999997e-01 -6.067304e-04 -2.892841e+00 -1.882665e-02 6.172800e-04 9.998225e-01 1.184703e+02
9.999409e-01 3.124219e-04 -1.086136e-02 -2.909066e+00 -3.077234e-04 9.999999e-01 4.339573e-04 -2.923114e+00 1.086159e-02 -4.305930e-04 9.999409e-01 1.196321e+02
9.999223e-01 -4.072462e-04 1.245426e-02 -2.714584e+00 4.124662e-04 9.999998e-01 -4.163172e-04 -2.954377e+00 -1.245399e-02 4.214182e-04 9.999223e-01 1.205877e+02
9.999326e-01 3.135767e-04 -1.160285e-02 -2.919166e+00 -3.085100e-04 9.999999e-01 4.381849e-04 -2.967599e+00 1.160309e-02 -4.345794e-04 9.999325e-01 1.213725e+02
9.997280e-01 -6.173158e-04 2.331085e-02 -2.932238e+00 6.352780e-04 9.999995e-01 -7.630184e-04 -2.989574e+00 -2.331027e-02 7.776160e-04 9.997279e-01 1.222617e+02
9.999841e-01 2.139392e-04 -5.619806e-03 -2.879702e+00 -2.126658e-04 1.000000e+00 2.265867e-04 -3.012730e+00 5.619954e-03 -2.253916e-04 9.999841e-01 1.230960e+02
9.998648e-01 -4.921195e-04 1.643346e-02 -2.866835e+00 5.008955e-04 9.999997e-01 -5.297209e-04 -3.035483e+00 -1.643309e-02 5.378770e-04 9.998648e-01 1.239741e+02
9.998845e-01 3.949277e-04 -1.518958e-02 -2.908651e+00 -3.867555e-04 9.999998e-01 5.407185e-04 -3.054892e+00 1.518989e-02 -5.347851e-04 9.998844e-01 1.247884e+02
9.997018e-01 -6.312939e-04 2.440917e-02 -2.897524e+00 6.510428e-04 9.999995e-01 -8.010040e-04 -3.074579e+00 -2.440855e-02 8.166528e-04 9.997017e-01 1.255353e+02
9.999842e-01 1.970051e-04 -5.606845e-03 -2.870176e+00 -1.957702e-04 1.000000e+00 2.201688e-04 -3.094102e+00 5.606988e-03 -2.190713e-04 9.999842e-01 1.262729e+02
9.999102e-01 -4.332663e-04 1.339223e-02 -2.878228e+00 4.387528e-04 9.999998e-01 -4.064814e-04 -3.119750e+00 -1.339195e-02 4.123170e-04 9.999102e-01 1.273015e+02
9.999931e-01 1.750780e-04 -3.696521e-03 -2.827990e+00 -1.745726e-04 1.000000e+00 1.360626e-04 -3.144384e+00 3.696645e-03 -1.354201e-04 9.999931e-01 1.281919e+02
9.998314e-01 -5.126366e-04 1.835266e-02 -2.776083e+00 5.233787e-04 9.999997e-01 -5.803214e-04 -3.166370e+00 -1.835226e-02 5.898252e-04 9.998314e-01 1.289788e+02
9.999325e-01 3.005702e-04 -1.161212e-02 -2.812804e+00 -2.956243e-04 9.999999e-01 4.273123e-04 -3.189770e+00 1.161235e-02 -4.238544e-04 9.999324e-01 1.299605e+02
9.998478e-01 -5.148589e-04 1.743384e-02 -2.846824e+00 5.241392e-04 9.999997e-01 -5.275418e-04 -3.216503e+00 -1.743346e-02 5.365955e-04 9.998478e-01 1.310741e+02
9.999665e-01 2.576011e-04 -8.171453e-03 -2.830424e+00 -2.551927e-04 9.999999e-01 2.953098e-04 -3.243191e+00 8.171629e-03 -2.932183e-04 9.999665e-01 1.321092e+02
9.999601e-01 -3.030604e-04 8.918979e-03 -2.694693e+00 3.058165e-04 9.999999e-01 -3.072322e-04 -3.263804e+00 -8.918785e-03 3.099438e-04 9.999601e-01 1.326963e+02
9.999749e-01 2.206098e-04 -7.068771e-03 -2.566741e+00 -2.185855e-04 9.999999e-01 2.866097e-04 -3.288143e+00 7.068933e-03 -2.850611e-04 9.999749e-01 1.334528e+02
9.999656e-01 -3.256503e-04 8.286959e-03 -2.543082e+00 3.277829e-04 9.999999e-01 -2.555430e-04 -3.312672e+00 -8.286775e-03 2.582468e-04 9.999656e-01 1.343738e+02
9.999653e-01 2.687903e-04 -8.325440e-03 -2.520779e+00 -2.663558e-04 9.999999e-01 2.930654e-04 -3.332171e+00 8.325619e-03 -2.908414e-04 9.999652e-01 1.350816e+02
9.999849e-01 -2.353648e-04 5.482894e-03 -2.490867e+00 2.363671e-04 1.000000e+00 -1.814747e-04 -3.348270e+00 -5.482751e-03 1.827641e-04 9.999849e-01 1.356375e+02
9.999946e-01 -8.538132e-06 3.275111e-03 -2.488671e+00 8.778320e-06 1.000000e+00 -7.215909e-05 -3.367449e+00 -3.275010e-03 7.218367e-05 9.999946e-01 1.363776e+02
9.999982e-01 -1.625962e-04 1.871243e-03 -2.495808e+00 1.626936e-04 1.000000e+00 -4.983502e-05 -3.389161e+00 -1.871135e-03 5.013558e-05 9.999982e-01 1.372382e+02
9.999975e-01 -1.350896e-05 2.230290e-03 -2.525932e+00 1.355646e-05 1.000000e+00 -1.955211e-05 -3.412591e+00 -2.230189e-03 1.957850e-05 9.999975e-01 1.382068e+02
9.999917e-01 -1.719011e-04 4.045848e-03 -2.482170e+00 1.725751e-04 1.000000e+00 -1.652802e-04 -3.431820e+00 -4.045719e-03 1.659733e-04 9.999918e-01 1.388774e+02
9.999852e-01 -7.881071e-05 5.424638e-03 -2.455641e+00 7.944399e-05 1.000000e+00 -1.158036e-04 -3.451683e+00 -5.424529e-03 1.162290e-04 9.999852e-01 1.396065e+02
9.999992e-01 -1.181162e-04 1.190626e-03 -2.456891e+00 1.182007e-04 1.000000e+00 -6.756438e-05 -3.471106e+00 -1.190518e-03 6.770125e-05 9.999992e-01 1.403639e+02
9.999848e-01 -8.890648e-05 5.505304e-03 -2.453884e+00 8.956499e-05 1.000000e+00 -1.186417e-04 -3.491000e+00 -5.505194e-03 1.191292e-04 9.999848e-01 1.411315e+02
9.999968e-01 -2.553003e-05 -2.500294e-03 -2.445676e+00 2.563382e-05 1.000000e+00 3.986708e-05 -3.508568e+00 2.500393e-03 -3.993486e-05 9.999968e-01 1.417877e+02
9.999827e-01 -7.693679e-05 5.865856e-03 -2.383355e+00 7.781495e-05 1.000000e+00 -1.487944e-04 -3.524337e+00 -5.865745e-03 1.492445e-04 9.999827e-01 1.422885e+02
9.999997e-01 -1.100135e-04 6.938661e-04 -2.367449e+00 1.100381e-04 1.000000e+00 -2.954296e-05 -3.545622e+00 -6.937631e-04 2.961547e-05 9.999997e-01 1.430939e+02
9.999990e-01 1.207840e-05 1.398151e-03 -2.358807e+00 -1.206096e-05 1.000000e+00 -9.561310e-06 -3.564583e+00 -1.398051e-03 9.540612e-06 9.999990e-01 1.438061e+02
9.999963e-01 -4.658196e-05 -2.707518e-03 -2.389287e+00 4.681395e-05 1.000000e+00 8.411016e-05 -3.582205e+00 2.707614e-03 -8.424042e-05 9.999963e-01 1.445213e+02
9.999925e-01 -8.264566e-05 3.865365e-03 -2.462216e+00 8.280281e-05 1.000000e+00 -3.944067e-05 -3.606223e+00 -3.865261e-03 3.975660e-05 9.999925e-01 1.455805e+02
9.999970e-01 -4.628795e-05 -2.436860e-03 -2.492932e+00 4.646650e-05 1.000000e+00 7.153304e-05 -3.630888e+00 2.436956e-03 -7.164989e-05 9.999970e-01 1.465966e+02
9.999889e-01 -1.022493e-04 4.700277e-03 -2.539119e+00 1.025835e-04 1.000000e+00 -7.000865e-05 -3.654985e+00 -4.700171e-03 7.048620e-05 9.999889e-01 1.476165e+02
9.999857e-01 2.457761e-05 -5.335192e-03 -2.628279e+00 -2.374088e-05 1.000000e+00 1.561231e-04 -3.676166e+00 5.335295e-03 -1.559980e-04 9.999857e-01 1.485791e+02
9.999870e-01 -1.042156e-04 5.095611e-03 -2.852085e+00 1.047563e-04 1.000000e+00 -1.050407e-04 -3.689788e+00 -5.095500e-03 1.055692e-04 9.999870e-01 1.494108e+02
9.999943e-01 -3.649778e-05 -3.355281e-03 -2.988108e+00 3.693408e-05 1.000000e+00 1.287428e-04 -3.711302e+00 3.355376e-03 -1.288698e-04 9.999943e-01 1.504687e+02
9.999878e-01 -1.268851e-04 4.927527e-03 -3.113173e+00 1.271978e-04 1.000000e+00 -6.230986e-05 -3.739148e+00 -4.927419e-03 6.293202e-05 9.999878e-01 1.517806e+02
9.999967e-01 -3.830820e-05 -2.531832e-03 -3.206688e+00 3.851391e-05 1.000000e+00 7.956231e-05 -3.764750e+00 2.531929e-03 -7.966341e-05 9.999967e-01 1.529462e+02
9.999745e-01 -1.421297e-04 7.132625e-03 -3.267868e+00 1.433539e-04 1.000000e+00 -1.705376e-04 -3.785821e+00 -7.132501e-03 1.715519e-04 9.999745e-01 1.538721e+02
9.999785e-01 3.263813e-05 -6.547753e-03 -3.391048e+00 -3.118047e-05 1.000000e+00 2.220816e-04 -3.806594e+00 6.547860e-03 -2.218765e-04 9.999785e-01 1.548739e+02
9.999739e-01 -1.456213e-04 7.222280e-03 -3.583465e+00 1.468654e-04 1.000000e+00 -1.711496e-04 -3.825135e+00 -7.222155e-03 1.722020e-04 9.999739e-01 1.558812e+02
9.999823e-01 -1.824630e-06 -5.932391e-03 -3.690981e+00 3.265798e-06 1.000000e+00 2.422147e-04 -3.851940e+00 5.932490e-03 -2.422337e-04 9.999823e-01 1.571190e+02
9.999844e-01 -1.033445e-04 5.583833e-03 -3.780472e+00 1.040856e-04 1.000000e+00 -1.316957e-04 -3.878048e+00 -5.583720e-03 1.322710e-04 9.999844e-01 1.582919e+02
9.999817e-01 1.338258e-05 -6.044541e-03 -3.902731e+00 -1.199597e-05 1.000000e+00 2.287408e-04 -3.900669e+00 6.044644e-03 -2.286680e-04 9.999817e-01 1.593704e+02
9.999815e-01 -9.313763e-05 6.080671e-03 -4.233290e+00 9.423514e-05 1.000000e+00 -1.795213e-04 -3.910709e+00 -6.080555e-03 1.800871e-04 9.999815e-01 1.602037e+02
9.999631e-01 8.864019e-05 -8.580513e-03 -4.519011e+00 -8.608193e-05 1.000000e+00 2.980280e-04 -3.920202e+00 8.580638e-03 -2.972822e-04 9.999631e-01 1.609336e+02
9.999819e-01 -1.000697e-04 6.005735e-03 -4.680652e+00 1.010547e-04 1.000000e+00 -1.630260e-04 -3.936635e+00 -6.005619e-03 1.636261e-04 9.999819e-01 1.617887e+02
9.999229e-01 2.134806e-04 -1.240739e-02 -4.903954e+00 -2.083941e-04 9.999999e-01 4.109092e-04 -3.946588e+00 1.240757e-02 -4.082957e-04 9.999229e-01 1.624452e+02
9.999252e-01 -2.903407e-04 1.222680e-02 -5.110404e+00 2.946262e-04 9.999999e-01 -3.483723e-04 -3.961909e+00 -1.222660e-02 3.519447e-04 9.999251e-01 1.633263e+02
9.999137e-01 2.409635e-04 -1.313444e-02 -5.352712e+00 -2.353932e-04 9.999999e-01 4.253270e-04 -3.974235e+00 1.313464e-02 -4.222024e-04 9.999136e-01 1.641240e+02
9.999352e-01 -2.788020e-04 1.137933e-02 -5.385205e+00 2.823624e-04 9.999999e-01 -3.109263e-04 -3.995497e+00 -1.137915e-02 3.141153e-04 9.999352e-01 1.649930e+02
9.997638e-01 4.826681e-04 -2.172460e-02 -5.347612e+00 -4.665960e-04 9.999996e-01 7.446860e-04 -4.015767e+00 2.172505e-02 -7.343774e-04 9.997637e-01 1.656953e+02
9.999170e-01 -3.123780e-04 1.287899e-02 -5.376941e+00 3.172853e-04 9.999999e-01 -3.786827e-04 -4.036025e+00 -1.287877e-02 3.827337e-04 9.999169e-01 1.665138e+02
9.998874e-01 2.962215e-04 -1.499797e-02 -5.425744e+00 -2.886628e-04 9.999998e-01 5.058753e-04 -4.056308e+00 1.499822e-02 -5.014928e-04 9.998873e-01 1.673705e+02
9.999134e-01 -3.038062e-04 1.314979e-02 -5.471002e+00 3.095076e-04 9.999999e-01 -4.312382e-04 -4.069204e+00 -1.314956e-02 4.352670e-04 9.999134e-01 1.678952e+02
9.999143e-01 2.408399e-04 -1.308168e-02 -5.514656e+00 -2.347700e-04 9.999999e-01 4.652249e-04 -4.086206e+00 1.308189e-02 -4.621177e-04 9.999143e-01 1.686081e+02
9.999134e-01 -3.196688e-04 1.315059e-02 -5.545912e+00 3.250527e-04 9.999999e-01 -4.069680e-04 -4.107267e+00 -1.315036e-02 4.112036e-04 9.999134e-01 1.694724e+02
9.999092e-01 2.436971e-04 -1.346828e-02 -5.563311e+00 -2.372299e-04 9.999999e-01 4.814736e-04 -4.129461e+00 1.346849e-02 -4.782387e-04 9.999091e-01 1.703608e+02
9.999469e-01 -2.170028e-04 1.029472e-02 -5.339134e+00 2.206563e-04 9.999999e-01 -3.533755e-04 -4.154010e+00 -1.029454e-02 3.556245e-04 9.999469e-01 1.709752e+02
9.998521e-01 3.794438e-04 -1.718886e-02 -4.811055e+00 -3.695338e-04 9.999998e-01 5.794723e-04 -4.181156e+00 1.718917e-02 -5.730386e-04 9.998520e-01 1.712427e+02
9.999012e-01 -2.608077e-04 1.404734e-02 -4.122709e+00 2.676435e-04 9.999998e-01 -4.844767e-04 -4.213630e+00 -1.404712e-02 4.881847e-04 9.999012e-01 1.715060e+02
9.998931e-01 3.206391e-04 -1.461651e-02 -3.499552e+00 -3.134231e-04 9.999998e-01 4.957035e-04 -4.246059e+00 1.461677e-02 -4.910732e-04 9.998930e-01 1.718697e+02
9.998693e-01 -3.886875e-04 1.616107e-02 -3.267197e+00 3.966980e-04 9.999998e-01 -4.922227e-04 -4.275726e+00 -1.616078e-02 4.985656e-04 9.998692e-01 1.727060e+02
9.999042e-01 3.414001e-04 -1.383051e-02 -2.865669e+00 -3.352583e-04 9.999998e-01 4.461056e-04 -4.308572e+00 1.383076e-02 -4.414299e-04 9.999042e-01 1.734311e+02
9.998924e-01 -3.526265e-04 1.466399e-02 -2.365171e+00 3.592726e-04 9.999998e-01 -4.503330e-04 -4.342882e+00 -1.466373e-02 4.555490e-04 9.998923e-01 1.740665e+02
9.998938e-01 3.036799e-04 -1.456378e-02 -2.174813e+00 -2.965448e-04 9.999998e-01 4.918032e-04 -4.369744e+00 1.456402e-02 -4.874360e-04 9.998938e-01 1.748453e+02
9.999261e-01 -3.230793e-04 1.214676e-02 -2.085795e+00 3.275519e-04 9.999999e-01 -3.659033e-04 -4.393669e+00 -1.214654e-02 3.698511e-04 9.999261e-01 1.756353e+02
9.999188e-01 3.502781e-04 -1.273178e-02 -1.374026e+00 -3.453571e-04 9.999999e-01 3.883946e-04 -4.431388e+00 1.273202e-02 -3.839699e-04 9.999188e-01 1.761103e+02
9.998630e-01 -2.701397e-04 1.654535e-02 -2.283813e-03 2.791081e-04 9.999998e-01 -5.395088e-04 -4.486622e+00 -1.654510e-02 5.440490e-04 9.998629e-01 1.763682e+02
9.999078e-01 3.424254e-04 -1.356977e-02 1.059820e+00 -3.370291e-04 9.999999e-01 3.996666e-04 -4.529229e+00 1.357001e-02 -3.950602e-04 9.999078e-01 1.765402e+02
9.998727e-01 -2.856696e-04 1.595148e-02 1.929615e+00 2.940957e-04 9.999998e-01 -5.256389e-04 -4.565113e+00 -1.595123e-02 5.302594e-04 9.998726e-01 1.767083e+02
9.999074e-01 3.571585e-04 -1.359634e-02 3.058953e+00 -3.516097e-04 9.999999e-01 4.102011e-04 -4.611605e+00 1.359658e-02 -4.053863e-04 9.999074e-01 1.769540e+02
9.998892e-01 -2.876241e-04 1.487869e-02 4.230290e+00 2.946979e-04 9.999998e-01 -4.729798e-04 -4.661223e+00 -1.487845e-02 4.773083e-04 9.998891e-01 1.772694e+02
9.999083e-01 3.877114e-04 -1.353316e-02 5.686372e+00 -3.823312e-04 9.999998e-01 3.998476e-04 -4.718957e+00 1.353341e-02 -3.946405e-04 9.999083e-01 1.775159e+02
9.998909e-01 -2.812949e-04 1.476476e-02 7.235081e+00 2.882769e-04 9.999998e-01 -4.704944e-04 -4.778722e+00 -1.476453e-02 4.746956e-04 9.998908e-01 1.777230e+02
9.999052e-01 3.941187e-04 -1.376108e-02 8.877216e+00 -3.885208e-04 9.999998e-01 4.091752e-04 -4.841151e+00 1.376134e-02 -4.037938e-04 9.999052e-01 1.779078e+02
9.998958e-01 -2.788361e-04 1.443088e-02 1.049442e+01 2.854147e-04 9.999999e-01 -4.535369e-04 -4.902692e+00 -1.443065e-02 4.576046e-04 9.998957e-01 1.780908e+02
9.999070e-01 4.108937e-04 -1.362934e-02 1.239289e+01 -4.052461e-04 9.999998e-01 4.168402e-04 -4.975459e+00 1.362961e-02 -4.112819e-04 9.999070e-01 1.783349e+02
9.998836e-01 -2.788297e-04 1.525465e-02 1.441789e+01 2.861763e-04 9.999998e-01 -4.791597e-04 -5.053743e+00 -1.525441e-02 4.834656e-04 9.998835e-01 1.786266e+02
9.998878e-01 3.454362e-04 -1.497399e-02 1.589229e+01 -3.380738e-04 9.999998e-01 4.939420e-04 -5.119006e+00 1.497426e-02 -4.888280e-04 9.998877e-01 1.791709e+02
9.998834e-01 -3.113712e-04 1.526549e-02 1.708166e+01 3.186982e-04 9.999998e-01 -4.772834e-04 -5.175736e+00 -1.526524e-02 4.820890e-04 9.998833e-01 1.797610e+02
9.999119e-01 3.613675e-04 -1.326126e-02 1.856340e+01 -3.556332e-04 9.999998e-01 4.344575e-04 -5.242593e+00 1.326151e-02 -4.297069e-04 9.999119e-01 1.803415e+02
9.999001e-01 -3.355181e-04 1.412445e-02 1.979104e+01 3.415508e-04 9.999999e-01 -4.244210e-04 -5.303222e+00 -1.412421e-02 4.291990e-04 9.999001e-01 1.810321e+02
9.999049e-01 4.003040e-04 -1.378261e-02 2.119940e+01 -3.942265e-04 9.999998e-01 4.433762e-04 -5.367223e+00 1.378289e-02 -4.379043e-04 9.999049e-01 1.815973e+02
9.998804e-01 -3.006315e-04 1.546143e-02 2.288809e+01 3.084308e-04 9.999998e-01 -5.017963e-04 -5.435083e+00 -1.546118e-02 5.065013e-04 9.998803e-01 1.819274e+02
9.998733e-01 3.504795e-04 -1.591365e-02 2.384873e+01 -3.422340e-04 9.999998e-01 5.206037e-04 -5.480542e+00 1.591393e-02 -5.150952e-04 9.998732e-01 1.823754e+02
9.999105e-01 -2.869432e-04 1.337490e-02 2.479473e+01 2.924829e-04 9.999999e-01 -4.119339e-04 -5.526643e+00 -1.337469e-02 4.158052e-04 9.999104e-01 1.828613e+02
9.999004e-01 3.671570e-04 -1.410813e-02 2.613283e+01 -3.607484e-04 9.999998e-01 4.565118e-04 -5.585464e+00 1.410839e-02 -4.513806e-04 9.999003e-01 1.833146e+02
9.998683e-01 -2.915147e-04 1.622610e-02 2.756887e+01 3.001896e-04 9.999998e-01 -5.319488e-04 -5.645543e+00 -1.622584e-02 5.367458e-04 9.998682e-01 1.836810e+02
9.998766e-01 3.617890e-04 -1.570170e-02 2.900784e+01 -3.535025e-04 9.999998e-01 5.302604e-04 -5.707609e+00 1.570199e-02 -5.246481e-04 9.998765e-01 1.841296e+02
9.998670e-01 -2.636911e-04 1.630455e-02 3.073556e+01 2.725305e-04 9.999998e-01 -5.396841e-04 -5.777324e+00 -1.630430e-02 5.440521e-04 9.998669e-01 1.844872e+02
9.999048e-01 3.937878e-04 -1.379047e-02 3.271296e+01 -3.879211e-04 9.999998e-01 4.277952e-04 -5.852601e+00 1.379073e-02 -4.224086e-04 9.999048e-01 1.847181e+02
9.998728e-01 -2.546226e-04 1.594185e-02 3.478997e+01 2.629224e-04 9.999998e-01 -5.182951e-04 -5.931115e+00 -1.594162e-02 5.224169e-04 9.998727e-01 1.849415e+02
9.998900e-01 3.923692e-04 -1.482379e-02 3.684163e+01 -3.853778e-04 9.999998e-01 4.742119e-04 -6.009408e+00 1.482407e-02 -4.684507e-04 9.998900e-01 1.851947e+02
9.998670e-01 -2.661079e-04 1.630240e-02 3.897803e+01 2.744285e-04 9.999998e-01 -5.079182e-04 -6.093904e+00 -1.630216e-02 5.123208e-04 9.998669e-01 1.855813e+02
9.998923e-01 4.118875e-04 -1.466725e-02 4.126989e+01 -4.051980e-04 9.999998e-01 4.587776e-04 -6.182403e+00 1.466754e-02 -4.527888e-04 9.998923e-01 1.859128e+02
9.998730e-01 -2.650642e-04 1.593305e-02 4.354314e+01 2.729449e-04 9.999998e-01 -4.921983e-04 -6.270122e+00 -1.593282e-02 4.964809e-04 9.998729e-01 1.862428e+02
9.998848e-01 3.811804e-04 -1.516903e-02 4.553157e+01 -3.738781e-04 9.999998e-01 4.839627e-04 -6.350000e+00 1.516931e-02 -4.782393e-04 9.998848e-01 1.866575e+02
9.998653e-01 -2.911151e-04 1.640537e-02 4.736375e+01 2.994524e-04 9.999998e-01 -5.055108e-04 -6.426171e+00 -1.640512e-02 5.103516e-04 9.998652e-01 1.871375e+02
9.998808e-01 4.138009e-04 -1.543239e-02 4.932933e+01 -4.065046e-04 9.999998e-01 4.756699e-04 -6.503477e+00 1.543269e-02 -4.693435e-04 9.998808e-01 1.874754e+02
9.998673e-01 -2.645584e-04 1.628808e-02 5.146520e+01 2.728573e-04 9.999998e-01 -5.070512e-04 -6.584465e+00 -1.628784e-02 5.114245e-04 9.998672e-01 1.877256e+02
9.998737e-01 4.104062e-04 -1.588362e-02 5.342184e+01 -4.028361e-04 9.999998e-01 4.795482e-04 -6.658072e+00 1.588391e-02 -4.730928e-04 9.998737e-01 1.879344e+02
9.998736e-01 -2.946783e-04 1.589063e-02 5.492624e+01 3.027964e-04 9.999998e-01 -5.082247e-04 -6.714986e+00 -1.589038e-02 5.129684e-04 9.998736e-01 1.881015e+02
9.998801e-01 4.022385e-04 -1.547372e-02 5.636338e+01 -3.951552e-04 9.999998e-01 4.605609e-04 -6.769891e+00 1.547400e-02 -4.543948e-04 9.998801e-01 1.882762e+02
9.998705e-01 -2.889068e-04 1.608497e-02 5.785222e+01 2.972694e-04 9.999998e-01 -5.172735e-04 -6.825962e+00 -1.608472e-02 5.219844e-04 9.998704e-01 1.884265e+02
9.998889e-01 4.074787e-04 -1.489382e-02 5.947803e+01 -4.009798e-04 9.999998e-01 4.390644e-04 -6.887054e+00 1.489410e-02 -4.330471e-04 9.998889e-01 1.885861e+02
9.998894e-01 -3.029947e-04 1.486753e-02 6.090377e+01 3.099273e-04 9.999998e-01 -4.637301e-04 -6.941538e+00 -1.486728e-02 4.682830e-04 9.998893e-01 1.887576e+02
