9.998628e-01 1.431681e-03 -1.650488e-02 1.469256e-02 -1.401128e-03 9.999973e-01 1.862526e-03 -1.893842e-02 1.650750e-02 -1.839145e-03 9.998620e-01 7.364298e-01
9.999676e-01 -2.576141e-04 8.044995e-03 1.749197e-02 2.621495e-04 9.999998e-01 -5.626948e-04 -3.866231e-02 -8.044851e-03 5.647864e-04 9.999674e-01 1.547135e+00
9.998950e-01 1.348204e-03 -1.442821e-02 2.873310e-02 -1.324873e-03 9.999978e-01 1.626509e-03 -5.824615e-02 1.443037e-02 -1.607221e-03 9.998945e-01 2.327494e+00
9.999433e-01 -2.984432e-04 1.064902e-02 4.422478e-02 3.078862e-04 9.999996e-01 -8.851146e-04 -7.775766e-02 -1.064876e-02 8.883440e-04 9.999428e-01 3.092192e+00
9.999344e-01 1.436912e-03 -1.136492e-02 4.481865e-02 -1.423245e-03 9.999983e-01 1.210591e-03 -9.784690e-02 1.136663e-02 -1.194335e-03 9.999346e-01 3.920431e+00
9.999337e-01 -2.659675e-04 1.150976e-02 4.621426e-02 2.778632e-04 9.999994e-01 -1.031942e-03 -1.182395e-01 -1.150948e-02 1.035073e-03 9.999331e-01 4.761183e+00
9.999298e-01 1.225909e-03 -1.178529e-02 5.865197e-02 -1.210619e-03 9.999984e-01 1.304479e-03 -1.371081e-01 1.178686e-02 -1.290119e-03 9.999296e-01 5.464906e+00
9.999723e-01 -2.516944e-04 7.441231e-03 7.692360e-02 2.555747e-04 9.999998e-01 -5.204991e-04 -1.560837e-01 -7.441103e-03 5.223875e-04 9.999721e-01 6.173054e+00
9.997817e-01 1.379941e-03 -2.084717e-02 9.575565e-02 -1.336117e-03 9.999969e-01 2.115921e-03 -1.737479e-01 2.085002e-02 -2.087603e-03 9.997803e-01 6.789944e+00
9.999439e-01 -2.372007e-04 1.058802e-02 1.214161e-01 2.471319e-04 9.999995e-01 -9.366595e-04 -1.918850e-01 -1.058780e-02 9.392249e-04 9.999434e-01 7.431244e+00
9.997720e-01 1.358059e-03 -2.130812e-02 1.430909e-01 -1.310598e-03 9.999966e-01 2.241164e-03 -2.100103e-01 2.131109e-02 -2.212726e-03 9.997703e-01 8.067882e+00
9.999466e-01 -2.049258e-04 1.033236e-02 1.996571e-01 2.141060e-04 9.999996e-01 -8.873867e-04 -2.289153e-01 -1.033218e-02 8.895531e-04 9.999461e-01 8.734531e+00
9.999446e-01 9.631508e-04 -1.048388e-02 2.463484e-01 -9.511241e-04 9.999989e-01 1.152076e-03 -2.476914e-01 1.048497e-02 -1.142039e-03 9.999443e-01 9.400764e+00
9.999191e-01 -3.461454e-04 1.271191e-02 2.913492e-01 3.599536e-04 9.999993e-01 -1.083962e-03 -2.660792e-01 -1.271153e-02 1.088452e-03 9.999185e-01 1.001252e+01
9.999613e-01 8.838398e-04 -8.753344e-03 3.479841e-01 -8.740145e-04 9.999990e-01 1.126216e-03 -2.839636e-01 8.754322e-03 -1.118521e-03 9.999610e-01 1.056617e+01
9.999683e-01 -4.873415e-05 7.963215e-03 3.918344e-01 5.557384e-05 9.999996e-01 -8.586796e-04 -3.029127e-01 -7.963178e-03 8.590966e-04 9.999678e-01 1.122985e+01
9.999374e-01 8.789076e-04 -1.115701e-02 4.206746e-01 -8.616433e-04 9.999984e-01 1.552107e-03 -3.215380e-01 1.115835e-02 -1.542395e-03 9.999365e-01 1.189462e+01
9.999585e-01 -1.374273e-04 9.105589e-03 4.534326e-01 1.467401e-04 9.999995e-01 -1.022081e-03 -3.394817e-01 -9.105452e-03 1.023377e-03 9.999579e-01 1.248590e+01
9.998604e-01 1.067257e-03 -1.667216e-02 4.788355e-01 -1.032833e-03 9.999973e-01 2.073200e-03 -3.570712e-01 1.667431e-02 -2.055689e-03 9.998588e-01 1.306130e+01
9.999396e-01 -2.126698e-04 1.099021e-02 5.170620e-01 2.265920e-04 9.999992e-01 -1.265535e-03 -3.741833e-01 -1.098994e-02 1.267951e-03 9.999387e-01 1.357819e+01
9.998791e-01 1.022424e-03 -1.551292e-02 5.461482e-01 -9.924339e-04 9.999976e-01 1.940815e-03 -3.914624e-01 1.551486e-02 -1.925183e-03 9.998777e-01 1.412461e+01
9.999321e-01 9.862096e-05 1.165124e-02 5.568567e-01 -8.351724e-05 9.999992e-01 -1.296784e-03 -4.102925e-01 -1.165137e-02 1.295725e-03 9.999312e-01 1.482595e+01
9.999067e-01 1.115744e-03 -1.361482e-02 5.572222e-01 -1.092617e-03 9.999979e-01 1.706042e-03 -4.304472e-01 1.361669e-02 -1.691005e-03 9.999058e-01 1.566032e+01
9.999403e-01 1.765522e-04 1.092757e-02 5.443547e-01 -1.644458e-04 9.999994e-01 -1.108746e-03 -4.509333e-01 -1.092777e-02 1.106885e-03 9.999396e-01 1.654646e+01
9.998712e-01 1.213049e-03 -1.600225e-02 5.295826e-01 -1.180424e-03 9.999972e-01 2.048036e-03 -4.719717e-01 1.600467e-02 -2.028881e-03 9.998698e-01 1.748346e+01
9.999588e-01 1.368290e-04 9.073683e-03 5.156203e-01 -1.291894e-04 9.999996e-01 -8.425101e-04 -4.926773e-01 -9.073808e-03 8.413055e-04 9.999584e-01 1.839069e+01
9.999248e-01 1.213497e-03 -1.220211e-02 5.016134e-01 -1.195969e-03 9.999982e-01 1.443656e-03 -5.132812e-01 1.220383e-02 -1.428952e-03 9.999244e-01 1.929439e+01
9.999410e-01 6.958733e-05 1.085845e-02 4.847833e-01 -5.831692e-05 9.999995e-01 -1.038234e-03 -5.338495e-01 -1.085853e-02 1.037542e-03 9.999404e-01 2.018986e+01
9.999260e-01 1.223694e-03 -1.210726e-02 4.676565e-01 -1.206572e-03 9.999983e-01 1.421378e-03 -5.545487e-01 1.210896e-02 -1.406662e-03 9.999256e-01 2.109453e+01
9.999374e-01 8.641096e-05 1.119081e-02 4.511558e-01 -7.415696e-05 9.999994e-01 -1.095397e-03 -5.754472e-01 -1.119091e-02 1.094501e-03 9.999367e-01 2.200960e+01
9.999207e-01 1.266618e-03 -1.252960e-02 4.314477e-01 -1.247966e-03 9.999981e-01 1.496324e-03 -5.967535e-01 1.253146e-02 -1.480566e-03 9.999203e-01 2.297205e+01
9.999542e-01 1.349801e-04 9.574776e-03 4.150516e-01 -1.266437e-04 9.999996e-01 -8.712360e-04 -6.179989e-01 -9.574904e-03 8.699860e-04 9.999537e-01 2.393261e+01
9.999405e-01 1.344276e-03 -1.082804e-02 3.903010e-01 -1.330693e-03 9.999983e-01 1.261519e-03 -6.401941e-01 1.082970e-02 -1.247033e-03 9.999405e-01 2.496590e+01
9.999434e-01 -1.815946e-05 1.064392e-02 3.717766e-01 2.988213e-05 9.999994e-01 -1.101171e-03 -6.612148e-01 -1.064390e-02 1.101430e-03 9.999426e-01 2.587474e+01
9.999278e-01 1.447510e-03 -1.192999e-02 3.510970e-01 -1.429619e-03 9.999978e-01 1.508086e-03 -6.831829e-01 1.193213e-02 -1.490920e-03 9.999276e-01 2.689261e+01
9.999663e-01 5.209419e-05 8.209165e-03 3.320508e-01 -4.556033e-05 9.999997e-01 -7.960797e-04 -7.050235e-01 -8.209218e-03 7.956815e-04 9.999659e-01 2.790979e+01
9.999427e-01 1.575939e-03 -1.059118e-02 3.044543e-01 -1.561273e-03 9.999978e-01 1.392908e-03 -7.284260e-01 1.059334e-02 -1.376290e-03 9.999428e-01 2.907080e+01
9.999732e-01 3.033129e-06 7.327856e-03 2.832396e-01 1.950364e-06 9.999998e-01 -6.800350e-04 -7.512974e-01 -7.327871e-03 6.800338e-04 9.999728e-01 3.018351e+01
9.999556e-01 1.415910e-03 -9.314068e-03 2.693888e-01 -1.404821e-03 9.999983e-01 1.197061e-03 -7.732340e-01 9.315732e-03 -1.183920e-03 9.999558e-01 3.120468e+01
9.999764e-01 -1.068144e-04 6.866783e-03 2.656066e-01 1.113737e-04 9.999998e-01 -6.635421e-04 -7.946941e-01 -6.866725e-03 6.642941e-04 9.999761e-01 3.216997e+01
9.999533e-01 1.747074e-03 -9.506027e-03 2.395393e-01 -1.735218e-03 9.999977e-01 1.255239e-03 -8.183005e-01 9.508183e-03 -1.238682e-03 9.999539e-01 3.334245e+01
9.999677e-01 -1.484020e-04 8.030042e-03 2.061023e-01 1.548646e-04 9.999997e-01 -8.041498e-04 -8.413830e-01 -8.029935e-03 8.053704e-04 9.999673e-01 3.446435e+01
9.999493e-01 2.019759e-03 -9.861612e-03 1.715905e-01 -2.006858e-03 9.999971e-01 1.317933e-03 -8.667087e-01 9.864230e-03 -1.298072e-03 9.999504e-01 3.578397e+01
9.999676e-01 2.197093e-04 8.043307e-03 1.270774e-01 -2.129680e-04 9.999996e-01 -8.389329e-04 -8.951190e-01 -8.043504e-03 8.371958e-04 9.999672e-01 3.735694e+01
9.999620e-01 1.483088e-03 -8.588829e-03 9.498989e-02 -1.474162e-03 9.999984e-01 1.045429e-03 -9.194404e-01 8.590350e-03 -1.032725e-03 9.999625e-01 3.856026e+01
9.999811e-01 8.991868e-05 6.147704e-03 8.947820e-02 -8.752399e-05 9.999999e-01 -3.897478e-04 -9.436968e-01 -6.147754e-03 3.892055e-04 9.999809e-01 3.976537e+01
9.999662e-01 1.454420e-03 -8.086353e-03 7.405142e-02 -1.447207e-03 9.999985e-01 8.977888e-04 -9.671471e-01 8.087631e-03 -8.860527e-04 9.999668e-01 4.091543e+01
9.999865e-01 4.176499e-05 5.199738e-03 5.041523e-02 -4.043008e-05 1.000000e+00 -2.567746e-04 -9.897579e-01 -5.199765e-03 2.565641e-04 9.999863e-01 4.200495e+01
9.999709e-01 1.434304e-03 -7.494544e-03 3.082103e-02 -1.428412e-03 9.999987e-01 7.913892e-04 -1.011977e+00 7.495652e-03 -7.806576e-04 9.999715e-01 4.305667e+01
9.999713e-01 -2.888652e-04 7.571543e-03 2.577619e-02 2.941414e-04 9.999997e-01 -6.956999e-04 -1.032121e+00 -7.571357e-03 6.979103e-04 9.999710e-01 4.387918e+01
9.999714e-01 1.413228e-03 -7.423572e-03 2.650064e-02 -1.407628e-03 9.999987e-01 7.594702e-04 -1.052255e+00 7.424619e-03 -7.489957e-04 9.999721e-01 4.468556e+01
9.999716e-01 -3.194614e-04 7.530568e-03 1.880074e-02 3.245435e-04 9.999997e-01 -6.736098e-04 -1.071798e+00 -7.530367e-03 6.760379e-04 9.999713e-01 4.545321e+01
9.999722e-01 1.294206e-03 -7.348531e-03 2.105259e-02 -1.288815e-03 9.999989e-01 7.383104e-04 -1.090686e+00 7.349462e-03 -7.288157e-04 9.999726e-01 4.615450e+01
9.999723e-01 -2.590461e-04 7.438311e-03 2.922770e-02 2.639780e-04 9.999997e-01 -6.620216e-04 -1.110568e+00 -7.438155e-03 6.639700e-04 9.999720e-01 4.693098e+01
9.999699e-01 2.261460e-03 -7.426567e-03 -1.262409e-02 -2.256562e-03 9.999972e-01 6.678368e-04 -1.136454e+00 7.428040e-03 -6.510550e-04 9.999721e-01 4.822449e+01
9.999760e-01 -1.427744e-04 6.930242e-03 -6.942190e-02 1.460843e-04 9.999999e-01 -4.770564e-04 -1.162959e+00 -6.930190e-03 4.780605e-04 9.999758e-01 4.961373e+01
9.999708e-01 2.131328e-03 -7.340272e-03 -1.165231e-01 -2.126918e-03 9.999976e-01 6.085707e-04 -1.189088e+00 7.341534e-03 -5.929376e-04 9.999728e-01 5.095820e+01
9.999746e-01 -4.205818e-04 7.118507e-03 -1.437890e-01 4.238474e-04 9.999998e-01 -4.572082e-04 -1.213305e+00 -7.118330e-03 4.602169e-04 9.999745e-01 5.213775e+01
9.999711e-01 1.769417e-03 -7.392153e-03 -1.600445e-01 -1.764942e-03 9.999983e-01 6.117682e-04 -1.234862e+00 7.393206e-03 -5.987006e-04 9.999724e-01 5.309307e+01
9.999754e-01 -3.797508e-04 7.009694e-03 -1.856699e-01 3.827336e-04 9.999998e-01 -4.241332e-04 -1.256296e+00 -7.009549e-03 4.268088e-04 9.999752e-01 5.404557e+01
9.999735e-01 1.844331e-03 -7.041318e-03 -2.166566e-01 -1.840777e-03 9.999982e-01 5.111580e-04 -1.278086e+00 7.042230e-03 -4.981797e-04 9.999750e-01 5.501536e+01
9.999750e-01 -4.201008e-04 7.055774e-03 -2.438254e-01 4.230749e-04 9.999998e-01 -4.199835e-04 -1.299653e+00 -7.055613e-03 4.229613e-04 9.999749e-01 5.596369e+01
9.999741e-01 1.790012e-03 -6.973390e-03 -2.627338e-01 -1.786656e-03 9.999983e-01 4.875017e-04 -1.321092e+00 6.974234e-03 -4.750268e-04 9.999755e-01 5.689499e+01
9.999746e-01 -2.457534e-04 7.128081e-03 -2.634916e-01 2.488716e-04 9.999999e-01 -4.365326e-04 -1.344734e+00 -7.127990e-03 4.382987e-04 9.999744e-01 5.797960e+01
9.999745e-01 1.723627e-03 -6.923466e-03 -2.738392e-01 -1.720405e-03 9.999984e-01 4.713055e-04 -1.367340e+00 6.924251e-03 -4.593792e-04 9.999758e-01 5.899114e+01
9.999766e-01 8.727561e-05 6.834831e-03 -3.141220e-01 -8.459593e-05 9.999999e-01 -3.923065e-04 -1.391835e+00 -6.834882e-03 3.917223e-04 9.999765e-01 6.018369e+01
9.999735e-01 1.722330e-03 -7.072453e-03 -3.558226e-01 -1.718658e-03 9.999984e-01 5.252384e-04 -1.416125e+00 7.073329e-03 -5.130663e-04 9.999748e-01 6.137581e+01
9.999762e-01 -1.020704e-04 6.892840e-03 -3.911504e-01 1.048838e-04 9.999999e-01 -4.077586e-04 -1.439340e+00 -6.892815e-03 4.084750e-04 9.999761e-01 6.247130e+01
9.999716e-01 1.668845e-03 -7.348476e-03 -4.247358e-01 -1.664470e-03 9.999984e-01 6.014330e-04 -1.462006e+00 7.349451e-03 -5.891814e-04 9.999727e-01 6.353448e+01
9.999781e-01 -6.213710e-05 6.615866e-03 -4.539789e-01 6.431151e-05 9.999999e-01 -3.284069e-04 -1.485215e+00 -6.615863e-03 3.288284e-04 9.999780e-01 6.464551e+01
9.999745e-01 1.795264e-03 -6.918717e-03 -4.907026e-01 -1.792081e-03 9.999983e-01 4.662516e-04 -1.509208e+00 6.919525e-03 -4.538376e-04 9.999759e-01 6.581048e+01
9.999797e-01 -1.222849e-04 6.362748e-03 -5.336221e-01 1.238682e-04 1.000000e+00 -2.483983e-04 -1.532647e+00 -6.362735e-03 2.491846e-04 9.999796e-01 6.694582e+01
9.999723e-01 1.765865e-03 -7.229140e-03 -5.732627e-01 -1.762078e-03 9.999983e-01 5.300850e-04 -1.555904e+00 7.230047e-03 -5.173289e-04 9.999736e-01 6.807084e+01
9.999769e-01 4.105956e-05 6.803198e-03 -6.164922e-01 -3.866089e-05 9.999999e-01 -3.526653e-04 -1.580355e+00 -6.803229e-03 3.523973e-04 9.999767e-01 6.928200e+01
9.999708e-01 1.793393e-03 -7.423572e-03 -6.595845e-01 -1.789182e-03 9.999982e-01 5.738577e-04 -1.605064e+00 7.424571e-03 -5.605556e-04 9.999722e-01 7.052101e+01
9.999754e-01 9.953310e-05 7.015415e-03 -7.084598e-01 -9.678482e-05 9.999999e-01 -3.920426e-04 -1.629969e+00 -7.015471e-03 3.913572e-04 9.999752e-01 7.177353e+01
9.999715e-01 1.699107e-03 -7.361362e-03 -7.562782e-01 -1.695101e-03 9.999984e-01 5.502953e-04 -1.654104e+00 7.362267e-03 -5.377982e-04 9.999727e-01 7.295952e+01
9.999748e-01 -4.943239e-05 7.104812e-03 -7.932203e-01 5.224226e-05 9.999999e-01 -3.952584e-04 -1.677417e+00 -7.104809e-03 3.956228e-04 9.999746e-01 7.406949e+01
9.999734e-01 1.632855e-03 -7.109871e-03 -8.198475e-01 -1.629458e-03 9.999986e-01 4.834961e-04 -1.700316e+00 7.110633e-03 -4.718949e-04 9.999745e-01 7.513036e+01
9.999741e-01 -6.469044e-05 7.193283e-03 -8.452566e-01 6.764853e-05 9.999999e-01 -4.109440e-04 -1.723041e+00 -7.193273e-03 4.114232e-04 9.999739e-01 7.617171e+01
9.999732e-01 1.444739e-03 -7.174774e-03 -8.625648e-01 -1.441109e-03 9.999988e-01 5.110046e-04 -1.744655e+00 7.175486e-03 -5.006481e-04 9.999740e-01 7.712279e+01
9.999733e-01 -3.063163e-04 7.305198e-03 -8.557161e-01 3.095315e-04 9.999999e-01 -4.389543e-04 -1.765286e+00 -7.305080e-03 4.412069e-04 9.999731e-01 7.795834e+01
9.999727e-01 1.568058e-03 -7.219516e-03 -8.630066e-01 -1.564392e-03 9.999986e-01 5.134287e-04 -1.786353e+00 7.220294e-03 -5.021174e-04 9.999737e-01 7.884660e+01
9.999732e-01 -3.325445e-04 7.311505e-03 -8.642212e-01 3.357076e-04 9.999999e-01 -4.313519e-04 -1.807489e+00 -7.311378e-03 4.337981e-04 9.999731e-01 7.973411e+01
9.999711e-01 1.626247e-03 -7.428189e-03 -8.952832e-01 -1.622254e-03 9.999985e-01 5.435955e-04 -1.827854e+00 7.429045e-03 -5.315262e-04 9.999722e-01 8.059318e+01
9.999723e-01 -1.414688e-04 7.440792e-03 -9.165027e-01 1.450140e-04 9.999999e-01 -4.758773e-04 -1.850322e+00 -7.440741e-03 4.769463e-04 9.999721e-01 8.160475e+01
9.999692e-01 1.764253e-03 -7.645629e-03 -9.425171e-01 -1.759718e-03 9.999983e-01 5.998769e-04 -1.873839e+00 7.646656e-03 -5.864011e-04 9.999705e-01 8.272492e+01
9.999713e-01 -3.724631e-04 7.564999e-03 -9.696562e-01 3.761314e-04 9.999998e-01 -4.834341e-04 -1.895174e+00 -7.564835e-03 4.862688e-04 9.999712e-01 8.366045e+01
9.999697e-01 1.774846e-03 -7.585436e-03 -9.913117e-01 -1.770569e-03 9.999983e-01 5.704057e-04 -1.916822e+00 7.586417e-03 -5.569548e-04 9.999710e-01 8.461539e+01
9.999710e-01 -3.582981e-04 7.603966e-03 -1.009631e+00 3.619113e-04 9.999998e-01 -4.737527e-04 -1.938640e+00 -7.603813e-03 4.764941e-04 9.999709e-01 8.558288e+01
9.999697e-01 1.774821e-03 -7.581460e-03 -1.029955e+00 -1.770676e-03 9.999983e-01 5.533302e-04 -1.960401e+00 7.582412e-03 -5.398860e-04 9.999710e-01 8.654562e+01
9.999725e-01 -3.893850e-04 7.402401e-03 -1.054075e+00 3.924764e-04 9.999998e-01 -4.161375e-04 -1.981974e+00 -7.402256e-03 4.190345e-04 9.999724e-01 8.750557e+01
9.999701e-01 1.704518e-03 -7.541412e-03 -1.072950e+00 -1.700560e-03 9.999984e-01 5.311712e-04 -2.003195e+00 7.542287e-03 -5.183276e-04 9.999713e-01 8.843129e+01
9.999711e-01 -4.980207e-04 7.588304e-03 -1.074717e+00 5.012668e-04 9.999998e-01 -4.258371e-04 -2.024033e+00 -7.588108e-03 4.296317e-04 9.999710e-01 8.930507e+01
9.999704e-01 1.677653e-03 -7.508354e-03 -1.074141e+00 -1.673898e-03 9.999985e-01 5.063112e-04 -2.044787e+00 7.509174e-03 -4.937249e-04 9.999716e-01 9.016264e+01
9.999712e-01 -3.149616e-04 7.576972e-03 -1.088771e+00 3.181902e-04 9.999999e-01 -4.248684e-04 -2.066349e+00 -7.576854e-03 4.272702e-04 9.999711e-01 9.110134e+01
9.999701e-01 1.835321e-03 -7.514027e-03 -1.110031e+00 -1.831672e-03 9.999982e-01 4.924511e-04 -2.088973e+00 7.514900e-03 -4.786700e-04 9.999715e-01 9.213300e+01
9.999711e-01 -3.057815e-04 7.592350e-03 -1.135294e+00 3.089363e-04 9.999999e-01 -4.143065e-04 -2.111437e+00 -7.592240e-03 4.166432e-04 9.999710e-01 9.315266e+01
9.999702e-01 1.704953e-03 -7.527200e-03 -1.152211e+00 -1.701287e-03 9.999984e-01 4.933867e-04 -2.133172e+00 7.528012e-03 -4.805629e-04 9.999714e-01 9.411068e+01
9.999707e-01 -3.997188e-04 7.639772e-03 -1.159483e+00 4.029262e-04 9.999998e-01 -4.182439e-04 -2.154558e+00 -7.639621e-03 4.213131e-04 9.999706e-01 9.502507e+01
9.999705e-01 1.644772e-03 -7.506040e-03 -1.161989e+00 -1.641155e-03 9.999985e-01 4.879997e-04 -2.175576e+00 7.506814e-03 -4.756636e-04 9.999716e-01 9.590829e+01
9.999701e-01 -3.559380e-04 7.720310e-03 -1.165940e+00 3.592962e-04 9.999998e-01 -4.335527e-04 -2.196835e+00 -7.720172e-03 4.363167e-04 9.999700e-01 9.680688e+01
9.999696e-01 1.830717e-03 -7.582420e-03 -1.185366e+00 -1.827012e-03 9.999982e-01 4.954192e-04 -2.218988e+00 7.583296e-03 -4.815479e-04 9.999710e-01 9.779835e+01
9.999698e-01 -2.453411e-04 7.762155e-03 -1.210415e+00 2.487573e-04 9.999999e-01 -4.391066e-04 -2.241804e+00 -7.762064e-03 4.410273e-04 9.999697e-01 9.884241e+01
9.999677e-01 1.980458e-03 -7.789470e-03 -1.244234e+00 -1.976434e-03 9.999979e-01 5.242840e-04 -2.265731e+00 7.790474e-03 -5.088686e-04 9.999694e-01 9.999017e+01
9.999698e-01 -3.996796e-04 7.765801e-03 -1.272976e+00 4.028759e-04 9.999998e-01 -4.099921e-04 -2.288524e+00 -7.765653e-03 4.131115e-04 9.999697e-01 1.010449e+02
9.999696e-01 1.788798e-03 -7.591056e-03 -1.280702e+00 -1.785325e-03 9.999983e-01 4.641735e-04 -2.310519e+00 7.591856e-03 -4.506038e-04 9.999710e-01 1.020124e+02
9.999692e-01 -5.287906e-04 7.833838e-03 -1.274176e+00 5.319513e-04 9.999998e-01 -4.013598e-04 -2.331962e+00 -7.833642e-03 4.055177e-04 9.999691e-01 1.029178e+02
9.999702e-01 1.802730e-03 -7.508172e-03 -1.266731e+00 -1.799600e-03 9.999983e-01 4.235412e-04 -2.353518e+00 7.508905e-03 -4.100138e-04 9.999716e-01 1.038231e+02
9.999696e-01 -4.593786e-04 7.781950e-03 -1.274246e+00 4.623045e-04 9.999998e-01 -3.741514e-04 -2.374993e+00 -7.781794e-03 3.777407e-04 9.999696e-01 1.047455e+02
9.999707e-01 1.758120e-03 -7.446498e-03 -1.278694e+00 -1.755217e-03 9.999984e-01 3.962513e-04 -2.396216e+00 7.447165e-03 -3.831664e-04 9.999721e-01 1.056397e+02
9.999698e-01 -4.960918e-04 7.756792e-03 -1.276138e+00 4.988703e-04 9.999998e-01 -3.562312e-04 -2.417448e+00 -7.756631e-03 3.600931e-04 9.999698e-01 1.065275e+02
9.999701e-01 1.729307e-03 -7.533773e-03 -1.275057e+00 -1.726305e-03 9.999984e-01 4.049345e-04 -2.438470e+00 7.534444e-03 -3.919138e-04 9.999714e-01 1.073996e+02
9.999697e-01 -3.854357e-04 7.781211e-03 -1.276695e+00 3.882780e-04 9.999999e-01 -3.637350e-04 -2.460307e+00 -7.781087e-03 3.667482e-04 9.999696e-01 1.083386e+02
9.999696e-01 1.709387e-03 -7.609780e-03 -1.275897e+00 -1.706208e-03 9.999985e-01 4.242116e-04 -2.482134e+00 7.610476e-03 -4.112118e-04 9.999709e-01 1.092840e+02
9.999691e-01 -5.136414e-04 7.841010e-03 -1.266473e+00 5.164485e-04 9.999998e-01 -3.559392e-04 -2.503207e+00 -7.840843e-03 3.599807e-04 9.999691e-01 1.101595e+02
9.999698e-01 1.643537e-03 -7.595459e-03 -1.246217e+00 -1.640462e-03 9.999986e-01 4.110870e-04 -2.524237e+00 7.596107e-03 -3.986116e-04 9.999710e-01 1.110184e+02
9.999695e-01 -4.170691e-04 7.797408e-03 -1.234602e+00 4.197701e-04 9.999999e-01 -3.447243e-04 -2.545730e+00 -7.797281e-03 3.479899e-04 9.999694e-01 1.119230e+02
9.999692e-01 1.525202e-03 -7.694975e-03 -1.198323e+00 -1.521839e-03 9.999987e-01 4.428394e-04 -2.567145e+00 7.695623e-03 -4.311123e-04 9.999702e-01 1.127938e+02
9.999691e-01 -4.378272e-04 7.844954e-03 -1.121280e+00 4.403434e-04 9.999999e-01 -3.189844e-04 -2.589718e+00 -7.844831e-03 3.224320e-04 9.999691e-01 1.136994e+02
9.999693e-01 1.619172e-03 -7.669933e-03 -1.065752e+00 -1.616073e-03 9.999986e-01 4.102063e-04 -2.612399e+00 7.670569e-03 -3.977955e-04 9.999704e-01 1.146405e+02
9.999699e-01 -2.758084e-04 7.751716e-03 -1.064847e+00 2.783296e-04 9.999999e-01 -3.241244e-04 -2.634525e+00 -7.751643e-03 3.262751e-04 9.999698e-01 1.156080e+02
9.999692e-01 1.590823e-03 -7.686658e-03 -1.073976e+00 -1.587805e-03 9.999987e-01 3.986022e-04 -2.655998e+00 7.687265e-03 -3.863821e-04 9.999703e-01 1.165329e+02
9.999701e-01 -2.790824e-04 7.732485e-03 -1.065893e+00 2.815287e-04 9.999999e-01 -3.152415e-04 -2.678338e+00 -7.732413e-03 3.174120e-04 9.999700e-01 1.175069e+02
9.999701e-01 1.470199e-03 -7.587687e-03 -1.023388e+00 -1.467182e-03 9.999988e-01 4.030291e-04 -2.700633e+00 7.588254e-03 -3.918816e-04 9.999710e-01 1.184334e+02
9.999705e-01 -9.572418e-05 7.676860e-03 -1.014811e+00 9.826880e-05 9.999999e-01 -3.310517e-04 -2.723437e+00 -7.676845e-03 3.317993e-04 9.999704e-01 1.194434e+02
9.999679e-01 1.711479e-03 -7.822146e-03 -1.048824e+00 -1.708115e-03 9.999984e-01 4.367485e-04 -2.746488e+00 7.822864e-03 -4.233704e-04 9.999692e-01 1.205235e+02
9.999708e-01 -1.411469e-04 7.638108e-03 -1.086456e+00 1.434815e-04 9.999999e-01 -3.050603e-04 -2.769020e+00 -7.638082e-03 3.061503e-04 9.999707e-01 1.215649e+02
9.999677e-01 1.781253e-03 -7.840997e-03 -1.126809e+00 -1.778090e-03 9.999983e-01 4.102805e-04 -2.792141e+00 7.841697e-03 -3.963223e-04 9.999691e-01 1.226535e+02
9.999723e-01 -1.959375e-04 7.440335e-03 -1.162031e+00 1.976084e-04 1.000000e+00 -2.238008e-04 -2.815164e+00 -7.440308e-03 2.252678e-04 9.999722e-01 1.237472e+02
9.999704e-01 1.588241e-03 -7.527879e-03 -1.191352e+00 -1.585806e-03 9.999987e-01 3.293997e-04 -2.836466e+00 7.528375e-03 -3.174492e-04 9.999715e-01 1.246810e+02
9.999711e-01 -3.751641e-04 7.588604e-03 -1.209314e+00 3.770261e-04 9.999999e-01 -2.438989e-04 -2.856678e+00 -7.588529e-03 2.467560e-04 9.999711e-01 1.255109e+02
9.999715e-01 1.409228e-03 -7.418633e-03 -1.196960e+00 -1.406960e-03 9.999990e-01 3.109322e-04 -2.876622e+00 7.419046e-03 -3.004827e-04 9.999723e-01 1.262855e+02
9.999713e-01 -2.338734e-04 7.572139e-03 -1.206063e+00 2.357579e-04 9.999999e-01 -2.479496e-04 -2.896776e+00 -7.572098e-03 2.497306e-04 9.999712e-01 1.270950e+02
9.999705e-01 1.461655e-03 -7.534779e-03 -1.228052e+00 -1.459243e-03 9.999989e-01 3.255971e-04 -2.916934e+00 7.535229e-03 -3.145895e-04 9.999715e-01 1.279228e+02
9.999706e-01 -2.703877e-04 7.663460e-03 -1.242247e+00 2.723503e-04 9.999999e-01 -2.550154e-04 -2.937043e+00 -7.663408e-03 2.570980e-04 9.999705e-01 1.287370e+02
9.999707e-01 1.310647e-03 -7.545071e-03 -1.232920e+00 -1.308204e-03 9.999991e-01 3.286391e-04 -2.956987e+00 7.545478e-03 -3.187560e-04 9.999714e-01 1.295139e+02
9.999718e-01 9.454610e-05 7.507522e-03 -1.258844e+00 -9.272704e-05 1.000000e+00 -2.426088e-04 -2.978648e+00 -7.507562e-03 2.419087e-04 9.999717e-01 1.304695e+02
9.999713e-01 1.409481e-03 -7.441969e-03 -1.285922e+00 -1.407318e-03 9.999990e-01 2.958942e-04 -3.000863e+00 7.442361e-03 -2.854095e-04 9.999722e-01 1.314679e+02
9.999722e-01 4.682499e-04 7.443987e-03 -1.321217e+00 -4.666555e-04 9.999999e-01 -2.158799e-04 -3.025963e+00 -7.444104e-03 2.124030e-04 9.999722e-01 1.327114e+02
9.999702e-01 1.481332e-03 -7.574148e-03 -1.358536e+00 -1.478893e-03 9.999989e-01 3.275781e-04 -3.051574e+00 7.574607e-03 -3.163641e-04 9.999712e-01 1.340075e+02
9.999721e-01 4.589949e-04 7.452846e-03 -1.396092e+00 -4.574408e-04 9.999999e-01 -2.101899e-04 -3.077186e+00 -7.452959e-03 2.067777e-04 9.999721e-01 1.353008e+02
9.999683e-01 1.378001e-03 -7.846115e-03 -1.431548e+00 -1.375021e-03 9.999990e-01 3.852104e-04 -3.102127e+00 7.846620e-03 -3.744067e-04 9.999690e-01 1.365486e+02
9.999729e-01 3.917657e-04 7.351898e-03 -1.466989e+00 -3.905247e-04 9.999999e-01 -1.701962e-04 -3.126442e+00 -7.351981e-03 1.673234e-04 9.999729e-01 1.377461e+02
9.999699e-01 1.394356e-03 -7.636622e-03 -1.503094e+00 -1.391985e-03 9.999990e-01 3.158269e-04 -3.150840e+00 7.637037e-03 -3.051844e-04 9.999707e-01 1.389441e+02
9.999734e-01 3.908343e-04 7.277606e-03 -1.540074e+00 -3.898214e-04 9.999999e-01 -1.405607e-04 -3.175272e+00 -7.277678e-03 1.377229e-04 9.999734e-01 1.401480e+02
9.999704e-01 1.339514e-03 -7.582285e-03 -1.571199e+00 -1.337232e-03 9.999991e-01 3.059525e-04 -3.199363e+00 7.582670e-03 -2.958013e-04 9.999711e-01 1.413212e+02
9.999726e-01 3.232966e-04 7.389536e-03 -1.599364e+00 -3.221427e-04 9.999999e-01 -1.573170e-04 -3.222986e+00 -7.389603e-03 1.549351e-04 9.999726e-01 1.424497e+02
9.999637e-01 1.372594e-03 -8.412790e-03 -1.627593e+00 -1.368495e-03 9.999989e-01 4.929707e-04 -3.247088e+00 8.413440e-03 -4.814370e-04 9.999644e-01 1.436399e+02
9.999730e-01 4.357969e-04 7.342107e-03 -1.660637e+00 -4.348698e-04 9.999999e-01 -1.278169e-04 -3.271758e+00 -7.342180e-03 1.246236e-04 9.999729e-01 1.448832e+02
9.999694e-01 1.218401e-03 -7.725280e-03 -1.691431e+00 -1.215985e-03 9.999992e-01 3.174242e-04 -3.295242e+00 7.725643e-03 -3.080177e-04 9.999700e-01 1.460086e+02
9.999749e-01 3.746300e-04 7.076613e-03 -1.717502e+00 -3.742458e-04 9.999999e-01 -5.556819e-05 -3.318416e+00 -7.076651e-03 5.292137e-05 9.999749e-01 1.471121e+02
9.999690e-01 1.377380e-03 -7.754553e-03 -1.746011e+00 -1.375013e-03 9.999990e-01 3.105776e-04 -3.342828e+00 7.754955e-03 -2.999024e-04 9.999698e-01 1.483185e+02
9.999763e-01 3.799598e-04 6.872432e-03 -1.778542e+00 -3.800272e-04 9.999999e-01 8.546448e-06 -3.367252e+00 -6.872446e-03 -1.115496e-05 9.999763e-01 1.495365e+02
9.999604e-01 1.313307e-03 -8.799230e-03 -1.809260e+00 -1.308536e-03 9.999990e-01 5.479245e-04 -3.391340e+00 8.799923e-03 -5.363857e-04 9.999610e-01 1.507529e+02
9.999689e-01 1.867589e-04 7.887880e-03 -1.828313e+00 -1.851395e-04 1.000000e+00 -2.059854e-04 -3.413935e+00 -7.887937e-03 2.045217e-04 9.999688e-01 1.518141e+02
9.999589e-01 1.258389e-03 -8.978684e-03 -1.843657e+00 -1.253271e-03 9.999990e-01 5.756639e-04 -3.436270e+00 8.979382e-03 -5.643844e-04 9.999594e-01 1.528563e+02
9.999713e-01 2.977204e-04 7.573148e-03 -1.865857e+00 -2.967061e-04 9.999999e-01 -1.350200e-04 -3.459198e+00 -7.573206e-03 1.327723e-04 9.999712e-01 1.539601e+02
9.999639e-01 1.273883e-03 -8.405244e-03 -1.892384e+00 -1.270377e-03 9.999991e-01 4.224705e-04 -3.482275e+00 8.405756e-03 -4.117743e-04 9.999645e-01 1.550621e+02
9.999742e-01 3.795152e-04 7.173458e-03 -1.923440e+00 -3.793575e-04 9.999999e-01 -2.329830e-05 -3.505980e+00 -7.173485e-03 2.057954e-05 9.999742e-01 1.562299e+02
9.999644e-01 1.292827e-03 -8.340516e-03 -1.952842e+00 -1.289608e-03 9.999991e-01 3.912520e-04 -3.529735e+00 8.340995e-03 -3.804789e-04 9.999650e-01 1.573969e+02
9.999682e-01 4.508421e-04 7.961450e-03 -1.990249e+00 -4.491599e-04 9.999999e-01 -2.130482e-04 -3.553818e+00 -7.961564e-03 2.094686e-04 9.999682e-01 1.585740e+02
9.999646e-01 1.214142e-03 -8.322433e-03 -2.028543e+00 -1.211125e-03 9.999992e-01 3.675496e-04 -3.577226e+00 8.322854e-03 -3.574539e-04 9.999652e-01 1.596942e+02
9.999725e-01 5.229858e-04 7.391525e-03 -2.068948e+00 -5.225316e-04 9.999999e-01 -6.334025e-05 -3.601348e+00 -7.391576e-03 5.947938e-05 9.999726e-01 1.608886e+02
9.999693e-01 1.242811e-03 -7.737107e-03 -2.103681e+00 -1.241116e-03 9.999992e-01 2.238042e-04 -3.625642e+00 7.737360e-03 -2.141915e-04 9.999699e-01 1.620788e+02
9.999712e-01 3.614514e-04 7.580367e-03 -2.131351e+00 -3.608419e-04 9.999999e-01 -8.172604e-05 -3.648850e+00 -7.580415e-03 7.899155e-05 9.999712e-01 1.631734e+02
9.999670e-01 1.265129e-03 -8.029045e-03 -2.161256e+00 -1.263010e-03 9.999992e-01 2.689308e-04 -3.672204e+00 8.029359e-03 -2.587780e-04 9.999676e-01 1.642850e+02
9.999759e-01 2.094065e-04 6.942385e-03 -2.189726e+00 -2.101446e-04 1.000000e+00 1.056341e-04 -3.694519e+00 -6.942382e-03 -1.070873e-04 9.999758e-01 1.653367e+02
9.999667e-01 1.289374e-03 -8.060495e-03 -2.219464e+00 -1.287383e-03 9.999991e-01 2.521954e-04 -3.716824e+00 8.060794e-03 -2.418069e-04 9.999674e-01 1.663813e+02
9.999779e-01 1.734779e-04 6.641765e-03 -2.250896e+00 -1.747884e-04 1.000000e+00 1.967762e-04 -3.738946e+00 -6.641750e-03 -1.979296e-04 9.999778e-01 1.674264e+02
9.999662e-01 1.283285e-03 -8.122703e-03 -2.279200e+00 -1.281265e-03 9.999991e-01 2.537764e-04 -3.760998e+00 8.123002e-03 -2.433572e-04 9.999669e-01 1.684621e+02
9.999735e-01 2.362426e-04 7.279339e-03 -2.308059e+00 -2.366176e-04 1.000000e+00 5.070496e-05 -3.783538e+00 -7.279346e-03 -5.242274e-05 9.999734e-01 1.695199e+02
9.999675e-01 1.254828e-03 -7.963085e-03 -2.335940e+00 -1.253257e-03 9.999992e-01 2.022145e-04 -3.805824e+00 7.963313e-03 -1.922249e-04 9.999682e-01 1.705532e+02
9.999709e-01 2.445134e-04 7.628256e-03 -2.364224e+00 -2.443597e-04 1.000000e+00 -2.102700e-05 -3.828017e+00 -7.628281e-03 1.916565e-05 9.999708e-01 1.715692e+02
9.999688e-01 1.310287e-03 -7.787916e-03 -2.398371e+00 -1.309300e-03 9.999991e-01 1.317754e-04 -3.850587e+00 7.788062e-03 -1.215713e-04 9.999696e-01 1.726116e+02
9.999707e-01 1.759378e-04 7.655364e-03 -2.424477e+00 -1.759071e-04 1.000000e+00 -4.631583e-06 -3.872894e+00 -7.655384e-03 3.288109e-06 9.999706e-01 1.736311e+02
9.999702e-01 1.054674e-03 -7.650426e-03 -2.432360e+00 -1.053983e-03 9.999994e-01 9.437503e-05 -3.893800e+00 7.650501e-03 -8.630551e-05 9.999706e-01 1.745136e+02
9.999695e-01 1.463179e-04 7.811132e-03 -2.412791e+00 -1.461041e-04 1.000000e+00 -2.789255e-05 -3.915525e+00 -7.811156e-03 2.675375e-05 9.999694e-01 1.754271e+02
9.999682e-01 1.356178e-03 -7.858496e-03 -2.435540e+00 -1.355316e-03 9.999991e-01 1.150402e-04 -3.938111e+00 7.858625e-03 -1.043825e-04 9.999690e-01 1.764620e+02
9.999750e-01 3.243879e-04 7.068827e-03 -2.467762e+00 -3.255876e-04 9.999999e-01 1.686199e-04 -3.961936e+00 -7.068792e-03 -1.709139e-04 9.999749e-01 1.776264e+02
9.999711e-01 1.273655e-03 -7.493004e-03 -2.498999e+00 -1.273578e-03 9.999992e-01 1.497829e-05 -3.984994e+00 7.492997e-03 -5.431650e-06 9.999718e-01 1.787170e+02
9.999743e-01 3.129768e-04 7.156237e-03 -2.530756e+00 -3.140567e-04 9.999999e-01 1.498266e-04 -4.007992e+00 -7.156209e-03 -1.520669e-04 9.999743e-01 1.797986e+02
9.999714e-01 1.341417e-03 -7.443067e-03 -2.559837e+00 -1.341472e-03 9.999991e-01 -2.501631e-06 -4.031500e+00 7.443037e-03 1.248951e-05 9.999722e-01 1.809202e+02
9.999780e-01 3.197434e-04 6.630455e-03 -2.589557e+00 -3.216969e-04 9.999999e-01 2.936108e-04 -4.055309e+00 -6.630381e-03 -2.957340e-04 9.999779e-01 1.820829e+02
9.999717e-01 1.308866e-03 -7.411895e-03 -2.618202e+00 -1.309016e-03 9.999991e-01 -1.543657e-05 -4.078801e+00 7.411848e-03 2.514172e-05 9.999724e-01 1.832198e+02
9.999768e-01 2.926236e-04 6.808945e-03 -2.650224e+00 -2.943128e-04 9.999999e-01 2.471288e-04 -4.101891e+00 -6.808892e-03 -2.491237e-04 9.999767e-01 1.843168e+02
9.999730e-01 1.274667e-03 -7.238029e-03 -2.678121e+00 -1.275139e-03 9.999992e-01 -6.057206e-05 -4.124912e+00 7.237925e-03 6.980323e-05 9.999737e-01 1.854022e+02
9.999753e-01 2.712949e-04 7.017254e-03 -2.702944e+00 -2.727536e-04 9.999999e-01 2.069763e-04 -4.147718e+00 -7.017217e-03 -2.088818e-04 9.999753e-01 1.864628e+02
9.999747e-01 1.148521e-03 -7.017272e-03 -2.726765e+00 -1.149403e-03 9.999993e-01 -1.215942e-04 -4.169422e+00 7.017108e-03 1.296601e-04 9.999753e-01 1.874245e+02
9.999753e-01 2.954690e-04 7.015862e-03 -2.750417e+00 -2.969260e-04 9.999999e-01 2.066760e-04 -4.191431e+00 -7.015821e-03 -2.087508e-04 9.999753e-01 1.884088e+02
9.999711e-01 1.165716e-03 -7.507117e-03 -2.775278e+00 -1.165825e-03 9.999993e-01 -1.024168e-05 -4.213665e+00 7.507079e-03 1.899668e-05 9.999717e-01 1.894294e+02
9.999813e-01 3.262562e-04 6.105108e-03 -2.799324e+00 -3.289937e-04 9.999998e-01 4.474576e-04 -4.236306e+00 -6.104982e-03 -4.494544e-04 9.999812e-01 1.905108e+02
9.999718e-01 1.147078e-03 -7.421513e-03 -2.822604e+00 -1.147408e-03 9.999993e-01 -4.016708e-05 -4.258814e+00 7.421442e-03 4.868480e-05 9.999724e-01 1.915791e+02
9.999794e-01 5.141505e-04 6.394764e-03 -2.857491e+00 -5.165012e-04 9.999998e-01 3.660059e-04 -4.282418e+00 -6.394595e-03 -3.692979e-04 9.999794e-01 1.927315e+02
9.999757e-01 1.176383e-03 -6.877561e-03 -2.897866e+00 -1.177595e-03 9.999993e-01 -1.722935e-04 -4.306038e+00 6.877333e-03 1.803917e-04 9.999762e-01 1.938755e+02
9.999791e-01 2.745008e-04 6.465064e-03 -2.930679e+00 -2.768614e-04 9.999999e-01 3.642913e-04 -4.327885e+00 -6.464985e-03 -3.660702e-04 9.999789e-01 1.948697e+02
9.999760e-01 1.281003e-03 -6.802207e-03 -2.967249e+00 -1.282546e-03 9.999992e-01 -2.225641e-04 -4.350494e+00 6.801895e-03 2.312863e-04 9.999767e-01 1.959202e+02
9.999820e-01 3.627051e-04 5.980948e-03 -3.007781e+00 -3.657125e-04 9.999998e-01 5.018124e-04 -4.373870e+00 -5.980786e-03 -5.039873e-04 9.999819e-01 1.970547e+02
9.999749e-01 1.231740e-03 -6.976474e-03 -3.039224e+00 -1.233070e-03 9.999992e-01 -1.863748e-04 -4.397143e+00 6.976217e-03 1.949760e-04 9.999755e-01 1.981791e+02
9.999778e-01 2.399978e-04 6.659985e-03 -3.061747e+00 -2.424006e-04 9.999999e-01 3.600290e-04 -4.419472e+00 -6.659919e-03 -3.616319e-04 9.999777e-01 1.992044e+02
9.999779e-01 1.099594e-03 -6.560620e-03 -3.080671e+00 -1.101541e-03 9.999994e-01 -2.931933e-04 -4.440667e+00 6.560272e-03 3.004170e-04 9.999783e-01 2.001171e+02
9.999782e-01 3.044556e-04 6.589546e-03 -3.108256e+00 -3.069230e-04 9.999999e-01 3.734902e-04 -4.462069e+00 -6.589453e-03 -3.755012e-04 9.999781e-01 2.010524e+02
9.999776e-01 1.096972e-03 -6.605607e-03 -3.134374e+00 -1.098820e-03 9.999994e-01 -2.762235e-04 -4.483530e+00 6.605278e-03 2.834791e-04 9.999780e-01 2.019963e+02
9.999774e-01 2.812390e-04 6.721395e-03 -3.158766e+00 -2.835443e-04 9.999999e-01 3.420876e-04 -4.504794e+00 -6.721319e-03 -3.439823e-04 9.999773e-01 2.029155e+02
9.999770e-01 1.212311e-03 -6.676241e-03 -3.185539e+00 -1.214109e-03 9.999992e-01 -2.653269e-04 -4.526988e+00 6.675893e-03 2.734299e-04 9.999776e-01 2.039168e+02
9.999769e-01 3.764771e-04 6.780824e-03 -3.204659e+00 -3.786990e-04 9.999999e-01 3.264422e-04 -4.550324e+00 -6.780721e-03 -3.289992e-04 9.999769e-01 2.050026e+02
9.999764e-01 1.194675e-03 -6.766088e-03 -3.225322e+00 -1.196390e-03 9.999993e-01 -2.495068e-04 -4.573495e+00 6.765763e-03 2.575991e-04 9.999770e-01 2.060820e+02
9.999940e-01 1.576877e-04 3.457487e-03 -3.215142e+00 -1.609429e-04 9.999995e-01 9.413469e-04 -4.595756e+00 -3.457359e-03 -9.418943e-04 9.999935e-01 2.071112e+02
9.999496e-01 1.189861e-03 -9.971225e-03 -3.150353e+00 -1.188371e-03 9.999993e-01 1.552810e-04 -4.619123e+00 9.971380e-03 -1.434201e-04 9.999502e-01 2.081925e+02
9.999501e-01 1.607952e-04 9.985936e-03 -3.125840e+00 -1.605927e-04 1.000000e+00 -2.103803e-05 -4.642066e+00 -9.985961e-03 1.943680e-05 9.999500e-01 2.092201e+02
9.999509e-01 1.215470e-03 -9.838513e-03 -3.113328e+00 -1.214677e-03 9.999993e-01 8.653465e-05 -4.664789e+00 9.838589e-03 -7.457632e-05 9.999515e-01 2.102329e+02
9.999627e-01 1.054422e-04 8.631197e-03 -3.057197e+00 -1.083104e-04 9.999999e-01 3.318904e-04 -4.689050e+00 -8.631183e-03 -3.328094e-04 9.999626e-01 2.113493e+02
9.998831e-01 1.399399e-03 -1.522519e-02 -2.968632e+00 -1.385679e-03 9.999986e-01 9.116304e-04 -4.714295e+00 1.522642e-02 -8.904230e-04 9.998836e-01 2.125283e+02
9.997703e-01 9.209613e-04 -2.141144e-02 -2.715647e+00 -8.535336e-04 9.999946e-01 3.158045e-03 -4.739083e+00 2.141420e-02 -3.139041e-03 9.997657e-01 2.135128e+02
9.994968e-01 2.016751e-03 -3.165529e-02 -2.526504e+00 -1.958100e-03 9.999963e-01 1.883649e-03 -4.762098e+00 3.165894e-02 -1.820713e-03 9.994970e-01 2.145352e+02
9.983758e-01 1.004819e-03 -5.696324e-02 -2.512862e+00 -6.794959e-04 9.999834e-01 5.730175e-03 -4.777943e+00 5.696801e-02 -5.682157e-03 9.983597e-01 2.154741e+02
9.988600e-01 2.241021e-03 -4.768215e-02 -2.509224e+00 -2.098583e-03 9.999932e-01 3.037066e-03 -4.792820e+00 4.768858e-02 -2.933533e-03 9.988579e-01 2.164018e+02
9.995864e-01 9.284037e-04 -2.874441e-02 -2.321649e+00 -8.187931e-04 9.999924e-01 3.824758e-03 -4.815204e+00 2.874768e-02 -3.799634e-03 9.995794e-01 2.174816e+02
9.985910e-01 2.310921e-03 -5.301604e-02 -2.233987e+00 -2.133378e-03 9.999919e-01 3.405162e-03 -4.834446e+00 5.302342e-02 -3.287255e-03 9.985878e-01 2.185449e+02
9.997400e-01 5.307409e-04 -2.279563e-02 -2.175356e+00 -4.586347e-04 9.999949e-01 3.168159e-03 -4.853480e+00 2.279713e-02 -3.156874e-03 9.997350e-01 2.195425e+02
9.995051e-01 2.803174e-03 -3.133245e-02 -1.976700e+00 -2.735470e-03 9.999938e-01 2.203399e-03 -4.878777e+00 3.133836e-02 -2.116593e-03 9.995065e-01 2.207496e+02
9.988461e-01 1.220120e-04 -4.802542e-02 -1.929631e+00 1.173637e-04 9.999876e-01 4.981436e-03 -4.897822e+00 4.802535e-02 -4.981317e-03 9.988336e-01 2.218258e+02
9.995028e-01 2.938349e-03 -3.139355e-02 -1.905546e+00 -2.874632e-03 9.999937e-01 2.074441e-03 -4.916028e+00 3.139937e-02 -1.983157e-03 9.995049e-01 2.228520e+02
9.989315e-01 1.237964e-04 -4.621392e-02 -1.942619e+00 1.102436e-04 9.999872e-01 5.061597e-03 -4.935384e+00 4.621387e-02 -5.061276e-03 9.989187e-01 2.240327e+02
9.980189e-01 3.196331e-03 -6.283389e-02 -2.042658e+00 -2.953571e-03 9.999878e-01 3.955945e-03 -4.947510e+00 6.284568e-02 -3.762515e-03 9.980161e-01 2.249459e+02
9.993024e-01 -4.543747e-05 -3.734619e-02 -2.090511e+00 2.067013e-04 9.999907e-01 4.314074e-03 -4.962315e+00 3.734555e-02 -4.318775e-03 9.992930e-01 2.259121e+02
9.984468e-01 3.253328e-03 -5.561833e-02 -2.136606e+00 -3.062621e-03 9.999891e-01 3.513618e-03 -4.977085e+00 5.562905e-02 -3.337815e-03 9.984459e-01 2.268478e+02
9.992386e-01 -3.684245e-04 -3.901279e-02 -2.198542e+00 5.306790e-04 9.999913e-01 4.148551e-03 -4.990423e+00 3.901082e-02 -4.166087e-03 9.992300e-01 2.276955e+02
9.980391e-01 3.487284e-03 -6.249630e-02 -2.249969e+00 -3.228981e-03 9.999858e-01 4.233486e-03 -5.002773e+00 6.251008e-02 -4.023376e-03 9.980362e-01 2.285205e+02
9.998144e-01 -6.709213e-04 -1.925331e-02 -2.244370e+00 7.207516e-04 9.999964e-01 2.580872e-03 -5.018536e+00 1.925141e-02 -2.594261e-03 9.998113e-01 2.293917e+02
9.973522e-01 3.907839e-03 -7.261683e-02 -2.262830e+00 -3.536716e-03 9.999800e-01 5.238455e-03 -5.033543e+00 7.263575e-02 -4.967751e-03 9.973461e-01 2.303084e+02
9.999213e-01 -8.289421e-04 -1.251646e-02 -2.199613e+00 8.559700e-04 9.999973e-01 2.153407e-03 -5.051730e+00 1.251454e-02 -2.163943e-03 9.999193e-01 2.313292e+02
9.976301e-01 3.949855e-03 -6.869125e-02 -2.177414e+00 -3.619133e-03 9.999813e-01 4.938255e-03 -5.068877e+00 6.870937e-02 -4.677942e-03 9.976257e-01 2.322992e+02
9.996223e-01 -6.584264e-04 -2.747044e-02 -2.224015e+00 7.488032e-04 9.999943e-01 3.279419e-03 -5.084149e+00 2.746803e-02 -3.298744e-03 9.996172e-01 2.333095e+02
9.966288e-01 3.940846e-03 -8.194756e-02 -2.330339e+00 -3.481987e-03 9.999775e-01 5.741447e-03 -5.095488e+00 8.196825e-02 -5.436744e-03 9.966201e-01 2.341660e+02
9.999815e-01 -1.052628e-03 -5.982435e-03 -2.327861e+00 1.062663e-03 9.999980e-01 1.672596e-03 -5.111673e+00 5.980581e-03 -1.678916e-03 9.999807e-01 2.350948e+02
9.972374e-01 3.904857e-03 -7.417600e-02 -2.310819e+00 -3.531879e-03 9.999805e-01 5.158643e-03 -5.127382e+00 7.419462e-02 -4.882406e-03 9.972318e-01 2.359449e+02
9.998298e-01 -9.159531e-04 -1.842151e-02 -2.346824e+00 9.615013e-04 9.999965e-01 2.463181e-03 -5.141006e+00 1.841912e-02 -2.480469e-03 9.998273e-01 2.367949e+02
9.997827e-01 3.525399e-03 -2.053948e-02 -2.285624e+00 -3.486940e-03 9.999921e-01 1.907349e-03 -5.165671e+00 2.054598e-02 -1.835310e-03 9.997872e-01 2.380706e+02
9.999790e-01 -1.595836e-03 6.272521e-03 -2.223423e+00 1.593330e-03 9.999986e-01 4.063490e-04 -5.193008e+00 -6.273228e-03 -3.963415e-04 9.999802e-01 2.395293e+02
9.991092e-01 4.124995e-03 -4.199464e-02 -2.107019e+00 -3.965520e-03 9.999846e-01 3.879805e-03 -5.217724e+00 4.200994e-02 -3.709814e-03 9.991103e-01 2.407217e+02
9.999915e-01 -1.441883e-03 -3.829437e-03 -1.993423e+00 1.444702e-03 9.999987e-01 7.301732e-04 -5.240879e+00 3.828319e-03 -7.356952e-04 9.999924e-01 2.418048e+02
9.970790e-01 4.177913e-03 -7.626126e-02 -1.959586e+00 -3.716133e-03 9.999739e-01 6.195976e-03 -5.255293e+00 7.628510e-02 -5.894478e-03 9.970686e-01 2.425472e+02
9.993489e-01 -1.601496e-03 -3.604091e-02 -2.044292e+00 1.693633e-03 9.999954e-01 2.525719e-03 -5.261733e+00 3.603666e-02 -2.585111e-03 9.993471e-01 2.430194e+02
9.964362e-01 4.196896e-03 -8.424395e-02 -2.107249e+00 -3.608311e-03 9.999680e-01 7.137572e-03 -5.267271e+00 8.427118e-02 -6.808155e-03 9.964196e-01 2.434490e+02
9.992759e-01 -1.614195e-03 -3.801199e-02 -2.165725e+00 1.705893e-03 9.999957e-01 2.379708e-03 -5.272057e+00 3.800796e-02 -2.442828e-03 9.992744e-01 2.438445e+02
9.971213e-01 3.892738e-03 -7.572157e-02 -2.170027e+00 -3.386717e-03 9.999711e-01 6.809745e-03 -5.278728e+00 7.574588e-02 -6.533694e-03 9.971057e-01 2.442344e+02
9.998849e-01 -1.779191e-03 -1.506294e-02 -2.144081e+00 1.788341e-03 9.999982e-01 5.931764e-04 -5.286108e+00 1.506186e-02 -6.200457e-04 9.998864e-01 2.445646e+02
