9.999998e-01 -1.000028e-04 5.681848e-04 -6.009722e-02 9.988726e-05 1.000000e+00 2.033528e-04 -2.115541e-02 -5.682050e-04 -2.032955e-04 9.999997e-01 8.749235e-01
9.999999e-01 -1.894126e-04 3.998612e-04 -1.029790e-01 1.893058e-04 9.999999e-01 2.673453e-04 -4.326435e-02 -3.999116e-04 -2.672690e-04 9.999998e-01 1.808913e+00
9.999993e-01 -4.256421e-04 1.117845e-03 -1.243507e-01 4.251219e-04 9.999998e-01 4.655761e-04 -6.777876e-02 -1.118043e-03 -4.650999e-04 9.999992e-01 2.957488e+00
9.999998e-01 -1.678592e-04 5.847970e-04 -1.315413e-01 1.675534e-04 9.999998e-01 5.230920e-04 -9.301040e-02 -5.848842e-04 -5.229932e-04 9.999996e-01 4.191281e+00
9.999995e-01 -3.703137e-04 9.809907e-04 -1.333813e-01 3.697680e-04 9.999998e-01 5.563739e-04 -1.176595e-01 -9.811959e-04 -5.560100e-04 9.999993e-01 5.403124e+00
9.999998e-01 -1.120018e-04 6.038887e-04 -1.357036e-01 1.116507e-04 9.999998e-01 5.813287e-04 -1.422001e-01 -6.039529e-04 -5.812602e-04 9.999995e-01 6.601636e+00
9.999994e-01 -3.968185e-04 1.040690e-03 -1.267623e-01 3.962645e-04 9.999998e-01 5.324442e-04 -1.670812e-01 -1.040900e-03 -5.320304e-04 9.999992e-01 7.856545e+00
9.999998e-01 -4.805800e-05 5.564744e-04 -1.147778e-01 4.776258e-05 9.999999e-01 5.309008e-04 -1.913846e-01 -5.564986e-04 -5.308729e-04 9.999996e-01 9.062364e+00
9.999993e-01 -4.370473e-04 1.114374e-03 -1.039524e-01 4.365324e-04 9.999998e-01 4.622809e-04 -2.161242e-01 -1.114574e-03 -4.617929e-04 9.999992e-01 1.030084e+01
9.999999e-01 -5.030872e-05 5.118832e-04 -9.535359e-02 5.003929e-05 9.999999e-01 5.263635e-04 -2.406833e-01 -5.119081e-04 -5.263365e-04 9.999996e-01 1.151802e+01
9.999993e-01 -5.440726e-04 1.007860e-03 -1.054593e-01 5.438488e-04 9.999998e-01 2.223426e-04 -2.649846e-01 -1.007979e-03 -2.217929e-04 9.999994e-01 1.265600e+01
1.000000e+00 1.649591e-04 -1.738582e-04 -1.511762e-01 -1.649557e-04 1.000000e+00 1.952244e-05 -2.877150e-01 1.738631e-04 -1.949231e-05 9.999999e-01 1.366933e+01
9.999988e-01 -6.212630e-04 1.415335e-03 -2.052814e-01 6.207847e-04 9.999998e-01 3.382988e-04 -3.119457e-01 -1.415543e-03 -3.374183e-04 9.999988e-01 1.478809e+01
9.999999e-01 -1.367976e-04 3.846696e-04 -2.260847e-01 1.366202e-04 9.999999e-01 4.612000e-04 -3.380500e-01 -3.847306e-04 -4.611458e-04 9.999997e-01 1.606081e+01
9.999989e-01 -4.444104e-04 1.426058e-03 -2.258128e-01 4.436596e-04 9.999998e-01 5.267654e-04 -3.637309e-01 -1.426289e-03 -5.261305e-04 9.999987e-01 1.735756e+01
1.000000e+00 -1.636965e-05 2.298561e-04 -2.144518e-01 1.623950e-05 9.999998e-01 5.662024e-04 -3.884742e-01 -2.298630e-04 -5.661969e-04 9.999997e-01 1.860841e+01
9.999985e-01 -7.333937e-04 1.540234e-03 -2.303900e-01 7.328113e-04 9.999997e-01 3.786800e-04 -4.147469e-01 -1.540509e-03 -3.775489e-04 9.999986e-01 1.992096e+01
9.999999e-01 -1.648993e-04 3.552725e-04 -2.764702e-01 1.648370e-04 1.000000e+00 1.753954e-04 -4.428493e-01 -3.552987e-04 -1.753349e-04 9.999998e-01 2.130782e+01
9.999983e-01 -8.020840e-04 1.652515e-03 -3.065239e-01 8.011250e-04 9.999995e-01 5.808831e-04 -4.708480e-01 -1.652977e-03 -5.795563e-04 9.999984e-01 2.272225e+01
9.999999e-01 -8.785605e-05 3.389623e-04 -3.221110e-01 8.775379e-05 1.000000e+00 3.016483e-04 -4.984797e-01 -3.389857e-04 -3.016164e-04 9.999998e-01 2.413575e+01
9.999980e-01 -8.652359e-04 1.813410e-03 -3.426511e-01 8.641447e-04 9.999994e-01 6.024262e-04 -5.272001e-01 -1.813926e-03 -6.008558e-04 9.999981e-01 2.562949e+01
1.000000e+00 3.603438e-05 1.417873e-04 -3.471947e-01 -3.606417e-05 1.000000e+00 2.099163e-04 -5.543882e-01 -1.417761e-04 -2.099192e-04 9.999999e-01 2.702361e+01
9.999992e-01 -7.516987e-04 1.053251e-03 -3.645455e-01 7.514513e-04 9.999997e-01 2.352439e-04 -5.785110e-01 -1.053424e-03 -2.344499e-04 9.999993e-01 2.811965e+01
9.999997e-01 1.802173e-04 6.897938e-04 -3.569629e-01 -1.807262e-04 9.999997e-01 7.377171e-04 -6.039002e-01 -6.896568e-04 -7.378392e-04 9.999994e-01 2.940606e+01
9.999991e-01 -8.355467e-04 1.043270e-03 -3.568398e-01 8.353941e-04 9.999996e-01 1.466218e-04 -6.294353e-01 -1.043388e-03 -1.457476e-04 9.999993e-01 3.067794e+01
9.999999e-01 3.429616e-04 -4.510100e-05 -3.989411e-01 -3.429519e-04 9.999999e-01 2.160285e-04 -6.525162e-01 4.517922e-05 -2.160105e-04 9.999999e-01 3.162072e+01
9.999988e-01 -9.096246e-04 1.285431e-03 -4.403761e-01 9.095382e-04 9.999996e-01 6.780280e-05 -6.765474e-01 -1.285488e-03 -6.663103e-05 9.999991e-01 3.263069e+01
1.000000e+00 5.190084e-05 2.963649e-04 -4.617131e-01 -5.207983e-05 9.999998e-01 6.038369e-04 -7.025366e-01 -2.963291e-04 -6.038497e-04 9.999997e-01 3.389272e+01
9.999991e-01 -7.625392e-04 1.092705e-03 -4.784416e-01 7.624420e-04 9.999997e-01 8.934933e-05 -7.271688e-01 -1.092768e-03 -8.851345e-05 9.999993e-01 3.500517e+01
9.999999e-01 -1.735042e-05 4.275692e-04 -5.018668e-01 1.710884e-05 9.999998e-01 5.648877e-04 -7.527063e-01 -4.275742e-04 -5.648776e-04 9.999996e-01 3.618603e+01
9.999991e-01 -7.465022e-04 1.081899e-03 -5.195908e-01 7.464040e-04 9.999997e-01 9.108443e-05 -7.778070e-01 -1.081961e-03 -9.027402e-05 9.999993e-01 3.734281e+01
1.000000e+00 4.722760e-05 1.220659e-04 -5.479982e-01 -4.727665e-05 9.999999e-01 4.014247e-04 -8.020221e-01 -1.220420e-04 -4.014276e-04 9.999998e-01 3.838578e+01
9.999995e-01 -5.702604e-04 7.607451e-04 -5.976953e-01 5.704000e-04 9.999998e-01 -1.833271e-04 -8.247612e-01 -7.606353e-04 1.837638e-04 9.999996e-01 3.928351e+01
9.999999e-01 -1.973404e-04 4.841048e-04 -6.390162e-01 1.969765e-04 9.999997e-01 7.514334e-04 -8.494384e-01 -4.842478e-04 -7.513350e-04 9.999995e-01 4.036700e+01
9.999993e-01 -4.931580e-04 1.083995e-03 -6.579983e-01 4.929717e-04 9.999999e-01 1.720242e-04 -8.747217e-01 -1.084074e-03 -1.714867e-04 9.999993e-01 4.156651e+01
9.999999e-01 2.331875e-05 3.778496e-04 -6.554630e-01 -2.361777e-05 9.999997e-01 7.912173e-04 -8.985795e-01 -3.778255e-04 -7.912230e-04 9.999995e-01 4.269232e+01
9.999993e-01 -5.113275e-04 1.100650e-03 -6.549378e-01 5.110712e-04 9.999998e-01 2.330428e-04 -9.226213e-01 -1.100763e-03 -2.324769e-04 9.999993e-01 4.383170e+01
9.999999e-01 8.333041e-05 3.725310e-04 -6.477765e-01 -8.363808e-05 9.999997e-01 8.257579e-04 -9.464162e-01 -3.724563e-04 -8.257857e-04 9.999995e-01 4.497433e+01
9.999992e-01 -5.480584e-04 1.141362e-03 -6.430158e-01 5.478015e-04 9.999998e-01 2.253453e-04 -9.705083e-01 -1.141479e-03 -2.247165e-04 9.999992e-01 4.613135e+01
1.000000e+00 5.700957e-05 2.016833e-04 -6.393470e-01 -5.713480e-05 9.999998e-01 6.205653e-04 -9.936727e-01 -2.016418e-04 -6.205733e-04 9.999997e-01 4.718935e+01
9.999991e-01 -6.982014e-04 1.162013e-03 -6.531675e-01 6.981151e-04 9.999998e-01 7.456431e-05 -1.017897e+00 -1.162059e-03 -7.374946e-05 9.999992e-01 4.827756e+01
9.999998e-01 -1.613908e-04 6.305810e-04 -6.683298e-01 1.610508e-04 9.999998e-01 5.390621e-04 -1.044279e+00 -6.306615e-04 -5.389568e-04 9.999996e-01 4.956240e+01
9.999999e-01 -4.593555e-04 -8.767998e-05 -7.435413e-01 4.593157e-04 9.999998e-01 -4.524625e-04 -1.069370e+00 8.789426e-05 4.524259e-04 9.999998e-01 5.068324e+01
1.000000e+00 -3.264222e-05 -2.235942e-04 -9.411712e-01 3.269411e-05 1.000000e+00 2.324789e-04 -1.095016e+00 2.235930e-04 -2.324826e-04 9.999998e-01 5.173217e+01
9.999985e-01 -2.255883e-04 1.697412e-03 -1.027366e+00 2.254240e-04 1.000000e+00 9.690472e-05 -1.119986e+00 -1.697427e-03 -9.651830e-05 9.999985e-01 5.277852e+01
1.000000e+00 -2.138719e-04 -2.134254e-04 -1.067232e+00 2.140114e-04 9.999998e-01 6.540238e-04 -1.144724e+00 2.132922e-04 -6.540657e-04 9.999997e-01 5.386083e+01
9.999980e-01 -3.325602e-04 1.968581e-03 -1.056726e+00 3.320245e-04 9.999999e-01 2.723809e-04 -1.170057e+00 -1.968664e-03 -2.717230e-04 9.999979e-01 5.514260e+01
9.999999e-01 -2.230234e-04 -3.992229e-04 -1.051542e+00 2.232664e-04 9.999998e-01 6.092036e-04 -1.194406e+00 3.990940e-04 -6.092888e-04 9.999996e-01 5.631253e+01
9.999978e-01 -3.915588e-04 2.042334e-03 -1.051173e+00 3.909100e-04 9.999999e-01 3.179912e-04 -1.219393e+00 -2.042451e-03 -3.171881e-04 9.999978e-01 5.753389e+01
9.999998e-01 -4.294892e-04 -3.526756e-04 -1.068157e+00 4.296944e-04 9.999997e-01 5.821769e-04 -1.245546e+00 3.524329e-04 -5.823243e-04 9.999997e-01 5.881608e+01
9.999974e-01 -4.455477e-04 2.240199e-03 -1.090552e+00 4.445436e-04 9.999998e-01 4.486263e-04 -1.273090e+00 -2.240391e-03 -4.476251e-04 9.999973e-01 6.021991e+01
9.999999e-01 -2.055874e-04 -4.285143e-04 -1.088210e+00 2.058389e-04 9.999998e-01 5.872997e-04 -1.299198e+00 4.284013e-04 -5.873836e-04 9.999996e-01 6.155798e+01
9.999975e-01 -7.309237e-04 2.128120e-03 -1.111238e+00 7.300803e-04 9.999997e-01 3.970241e-04 -1.326237e+00 -2.128401e-03 -3.954651e-04 9.999976e-01 6.293420e+01
9.999997e-01 -1.068042e-04 -7.308016e-04 -1.142677e+00 1.070301e-04 9.999999e-01 3.092117e-04 -1.351774e+00 7.307767e-04 -3.092854e-04 9.999996e-01 6.413504e+01
9.999990e-01 -3.951698e-04 1.328362e-03 -1.262482e+00 3.955369e-04 9.999999e-01 -2.762871e-04 -1.377903e+00 -1.328245e-03 2.768167e-04 9.999990e-01 6.530304e+01
9.999994e-01 2.638073e-06 -1.122393e-03 -1.507143e+00 -2.573121e-06 1.000000e+00 5.801672e-05 -1.407090e+00 1.122401e-03 -5.800939e-05 9.999993e-01 6.655177e+01
9.999941e-01 -6.239499e-04 3.389381e-03 -1.634530e+00 6.240775e-04 9.999998e-01 -3.665473e-05 -1.438935e+00 -3.389349e-03 3.877415e-05 9.999942e-01 6.807808e+01
9.999991e-01 -3.491961e-04 -1.257402e-03 -1.662279e+00 3.501546e-04 9.999996e-01 7.622752e-04 -1.467716e+00 1.257144e-03 -7.627103e-04 9.999988e-01 6.954759e+01
9.999966e-01 -1.801202e-04 2.608744e-03 -1.662846e+00 1.799105e-04 1.000000e+00 8.054521e-05 -1.491041e+00 -2.608750e-03 -8.007104e-05 9.999965e-01 7.061142e+01
9.999992e-01 -3.708601e-04 -1.246610e-03 -1.667968e+00 3.717392e-04 9.999997e-01 7.051475e-04 -1.514388e+00 1.246357e-03 -7.056057e-04 9.999989e-01 7.165843e+01
9.999960e-01 -2.876057e-04 2.826290e-03 -1.672941e+00 2.869864e-04 9.999999e-01 2.194499e-04 -1.539243e+00 -2.826344e-03 -2.186332e-04 9.999959e-01 7.285948e+01
9.999993e-01 -3.121149e-04 -1.098500e-03 -1.665923e+00 3.130536e-04 9.999996e-01 8.546442e-04 -1.564748e+00 1.098242e-03 -8.549827e-04 9.999989e-01 7.416424e+01
9.999963e-01 -2.293550e-04 2.709588e-03 -1.656723e+00 2.289869e-04 1.000000e+00 1.360621e-04 -1.589450e+00 -2.709610e-03 -1.354362e-04 9.999962e-01 7.539528e+01
9.999991e-01 -3.390529e-04 -1.322419e-03 -1.657682e+00 3.399975e-04 9.999997e-01 7.143110e-04 -1.613172e+00 1.322185e-03 -7.147550e-04 9.999988e-01 7.649757e+01
9.999977e-01 -6.421299e-06 2.126239e-03 -1.719006e+00 7.505471e-06 9.999999e-01 -5.099970e-04 -1.636172e+00 -2.126226e-03 5.100168e-04 9.999975e-01 7.745045e+01
9.999996e-01 -6.001005e-04 -6.580975e-04 -1.743359e+00 6.009205e-04 9.999990e-01 1.246893e-03 -1.660733e+00 6.573584e-04 -1.247283e-03 9.999989e-01 7.855884e+01
9.999973e-01 -9.323778e-05 2.303173e-03 -1.772110e+00 9.383331e-05 1.000000e+00 -2.585669e-04 -1.687115e+00 -2.303139e-03 2.587876e-04 9.999972e-01 7.984645e+01
9.999997e-01 -6.554454e-04 -5.039434e-04 -1.803803e+00 6.560752e-04 9.999990e-01 1.251024e-03 -1.714329e+00 5.031330e-04 -1.251349e-03 9.999990e-01 8.118798e+01
9.999979e-01 2.840711e-05 2.027852e-03 -1.836007e+00 -2.748334e-05 9.999999e-01 -4.556896e-04 -1.739525e+00 -2.027855e-03 4.556383e-04 9.999977e-01 8.234497e+01
9.999995e-01 -6.306326e-04 -7.459451e-04 -1.881300e+00 6.315996e-04 9.999990e-01 1.297072e-03 -1.764814e+00 7.451368e-04 -1.297537e-03 9.999988e-01 8.352285e+01
9.999966e-01 -1.471776e-04 2.609930e-03 -1.929950e+00 1.480829e-04 9.999999e-01 -3.467876e-04 -1.792709e+00 -2.609868e-03 3.471784e-04 9.999964e-01 8.490626e+01
9.999994e-01 -7.370488e-04 -7.812225e-04 -1.979643e+00 7.380912e-04 9.999988e-01 1.335229e-03 -1.821225e+00 7.802482e-04 -1.335799e-03 9.999987e-01 8.635973e+01
9.999966e-01 -4.404516e-06 2.620560e-03 -2.013076e+00 5.157636e-06 1.000000e+00 -2.874927e-04 -1.848789e+00 -2.620547e-03 2.875109e-04 9.999964e-01 8.773593e+01
9.999996e-01 -6.486198e-04 -6.897284e-04 -2.034339e+00 6.496986e-04 9.999986e-01 1.565530e-03 -1.876423e+00 6.887231e-04 -1.565972e-03 9.999984e-01 8.914955e+01
9.999962e-01 -9.982554e-05 2.741789e-03 -2.055838e+00 1.009716e-04 9.999999e-01 -4.179628e-04 -1.904918e+00 -2.741736e-03 4.182440e-04 9.999961e-01 9.064199e+01
9.999993e-01 -5.672420e-04 -1.066849e-03 -2.081152e+00 5.687525e-04 9.999988e-01 1.416384e-03 -1.931193e+00 1.066056e-03 -1.416984e-03 9.999983e-01 9.192223e+01
9.999963e-01 -4.349641e-05 2.734284e-03 -2.106150e+00 4.449515e-05 9.999999e-01 -3.653281e-04 -1.957138e+00 -2.734257e-03 3.654545e-04 9.999961e-01 9.316376e+01
9.999994e-01 -5.024680e-04 -1.011899e-03 -2.117309e+00 5.040072e-04 9.999987e-01 1.521746e-03 -1.983157e+00 1.011145e-03 -1.522249e-03 9.999982e-01 9.445619e+01
9.999960e-01 -7.202731e-05 2.838636e-03 -2.125557e+00 7.297139e-05 9.999999e-01 -3.326058e-04 -2.009726e+00 -2.838599e-03 3.328180e-04 9.999958e-01 9.581115e+01
9.999993e-01 -4.715133e-04 -1.108558e-03 -2.131415e+00 4.731569e-04 9.999988e-01 1.483200e-03 -2.035677e+00 1.107870e-03 -1.483717e-03 9.999982e-01 9.711535e+01
9.999964e-01 -3.689143e-05 2.675211e-03 -2.129343e+00 3.801266e-05 9.999999e-01 -4.192103e-04 -2.060228e+00 -2.675183e-03 4.193171e-04 9.999962e-01 9.830606e+01
9.999993e-01 -4.456249e-04 -1.136922e-03 -2.118845e+00 4.472295e-04 9.999989e-01 1.411829e-03 -2.084446e+00 1.136304e-03 -1.412329e-03 9.999983e-01 9.949215e+01
9.999965e-01 3.515227e-05 2.648213e-03 -2.105728e+00 -3.426703e-05 9.999999e-01 -3.344765e-04 -2.108192e+00 -2.648212e-03 3.343913e-04 9.999963e-01 1.006498e+02
9.999994e-01 -4.603746e-04 -9.684777e-04 -2.089117e+00 4.618014e-04 9.999988e-01 1.473982e-03 -2.132842e+00 9.678108e-04 -1.474421e-03 9.999983e-01 1.019085e+02
9.999966e-01 -2.749130e-04 2.576294e-03 -2.092707e+00 2.762641e-04 9.999998e-01 -5.242829e-04 -2.158291e+00 -2.576136e-03 5.249998e-04 9.999964e-01 1.031681e+02
9.999996e-01 -4.479144e-04 -8.107784e-04 -2.106647e+00 4.490559e-04 9.999989e-01 1.408738e-03 -2.184544e+00 8.101597e-04 -1.409094e-03 9.999986e-01 1.044691e+02
9.999971e-01 -9.632730e-05 2.400038e-03 -2.109298e+00 9.736122e-05 9.999999e-01 -4.308691e-04 -2.209368e+00 -2.399983e-03 4.311087e-04 9.999969e-01 1.056680e+02
9.999994e-01 -3.367551e-04 -1.049015e-03 -2.108310e+00 3.382155e-04 9.999990e-01 1.392681e-03 -2.232702e+00 1.048558e-03 -1.393028e-03 9.999984e-01 1.067480e+02
9.999968e-01 -1.191830e-04 2.538025e-03 -2.107305e+00 1.200117e-04 9.999999e-01 -3.265160e-04 -2.256722e+00 -2.537972e-03 3.268269e-04 9.999966e-01 1.078888e+02
9.999995e-01 -3.501665e-04 -9.253039e-04 -2.101471e+00 3.514744e-04 9.999989e-01 1.414195e-03 -2.281328e+00 9.248215e-04 -1.414512e-03 9.999985e-01 1.091011e+02
9.999970e-01 -1.265843e-04 2.438403e-03 -2.094625e+00 1.277074e-04 9.999999e-01 -4.606474e-04 -2.305402e+00 -2.438330e-03 4.609649e-04 9.999968e-01 1.102594e+02
9.999994e-01 -2.197591e-04 -1.071804e-03 -2.081267e+00 2.213277e-04 9.999989e-01 1.464134e-03 -2.328319e+00 1.071495e-03 -1.464363e-03 9.999983e-01 1.113348e+02
9.999970e-01 -9.142898e-05 2.441278e-03 -2.064462e+00 9.239193e-05 9.999999e-01 -3.945521e-04 -2.351194e+00 -2.441228e-03 3.947842e-04 9.999968e-01 1.124220e+02
9.999994e-01 -2.490502e-04 -1.060834e-03 -2.046877e+00 2.505835e-04 9.999989e-01 1.445983e-03 -2.374073e+00 1.060487e-03 -1.446240e-03 9.999983e-01 1.135100e+02
9.999966e-01 -1.190402e-04 2.603813e-03 -2.027671e+00 1.201243e-04 9.999999e-01 -4.164227e-04 -2.397785e+00 -2.603749e-03 4.167420e-04 9.999964e-01 1.146820e+02
9.999994e-01 -2.645809e-04 -1.084314e-03 -2.008346e+00 2.661288e-04 9.999989e-01 1.428132e-03 -2.421464e+00 1.083949e-03 -1.428411e-03 9.999983e-01 1.158497e+02
9.999967e-01 -8.683699e-05 2.560497e-03 -1.995182e+00 8.771779e-05 9.999999e-01 -3.441120e-04 -2.445196e+00 -2.560452e-03 3.443436e-04 9.999966e-01 1.170055e+02
9.999994e-01 -2.671667e-04 -1.084978e-03 -1.993140e+00 2.689144e-04 9.999987e-01 1.611470e-03 -2.469361e+00 1.084561e-03 -1.611753e-03 9.999980e-01 1.181747e+02
9.999964e-01 -2.429993e-04 2.670215e-03 -1.991893e+00 2.442997e-04 9.999999e-01 -4.869108e-04 -2.494124e+00 -2.670082e-03 4.875697e-04 9.999962e-01 1.193824e+02
9.999992e-01 -4.205904e-04 -1.163065e-03 -2.005846e+00 4.218734e-04 9.999993e-01 1.103592e-03 -2.518834e+00 1.162616e-03 -1.104073e-03 9.999986e-01 1.205533e+02
9.999958e-01 -1.865250e-04 2.907633e-03 -2.015700e+00 1.873921e-04 9.999999e-01 -2.981693e-04 -2.543933e+00 -2.907562e-03 2.987214e-04 9.999956e-01 1.217526e+02
9.999992e-01 -3.451618e-04 -1.180468e-03 -2.005886e+00 3.466841e-04 9.999991e-01 1.290162e-03 -2.569116e+00 1.180037e-03 -1.290562e-03 9.999984e-01 1.230245e+02
9.999964e-01 -2.830924e-04 2.670230e-03 -2.020169e+00 2.848783e-04 9.999997e-01 -6.687160e-04 -2.593667e+00 -2.670025e-03 6.694829e-04 9.999961e-01 1.241943e+02
9.999987e-01 -8.052361e-06 -1.594300e-03 -2.044492e+00 9.928006e-06 9.999993e-01 1.176888e-03 -2.616050e+00 1.594305e-03 -1.176894e-03 9.999979e-01 1.251869e+02
9.999965e-01 -2.072671e-04 2.625165e-03 -2.084243e+00 2.084880e-04 9.999999e-01 -4.650480e-04 -2.637716e+00 -2.625052e-03 4.656024e-04 9.999963e-01 1.260616e+02
9.999988e-01 -9.069498e-05 -1.572224e-03 -2.082963e+00 9.293973e-05 9.999990e-01 1.428178e-03 -2.659106e+00 1.572109e-03 -1.428313e-03 9.999976e-01 1.269629e+02
9.999963e-01 -1.640250e-04 2.732431e-03 -2.067322e+00 1.649570e-04 9.999999e-01 -3.411425e-04 -2.680687e+00 -2.732359e-03 3.416010e-04 9.999961e-01 1.279355e+02
9.999987e-01 -1.496038e-04 -1.597014e-03 -2.053775e+00 1.517720e-04 9.999991e-01 1.358078e-03 -2.702392e+00 1.596826e-03 -1.358310e-03 9.999977e-01 1.289059e+02
9.999964e-01 -1.489400e-04 2.677373e-03 -2.043912e+00 1.500783e-04 9.999999e-01 -4.252550e-04 -2.723770e+00 -2.677293e-03 4.256644e-04 9.999962e-01 1.298409e+02
9.999981e-01 -2.673471e-04 -1.935157e-03 -2.049629e+00 2.695530e-04 9.999993e-01 1.140143e-03 -2.743662e+00 1.934867e-03 -1.140653e-03 9.999974e-01 1.305808e+02
9.999963e-01 -4.058120e-05 2.729115e-03 -2.039818e+00 4.098292e-05 1.000000e+00 -1.474179e-04 -2.763557e+00 -2.729092e-03 1.475385e-04 9.999962e-01 1.312988e+02
9.999984e-01 -2.595332e-04 -1.755270e-03 -2.025950e+00 2.615580e-04 9.999993e-01 1.153849e-03 -2.784678e+00 1.754986e-03 -1.154297e-03 9.999977e-01 1.321907e+02
9.999957e-01 -5.217505e-05 2.946839e-03 -2.012794e+00 5.282502e-05 1.000000e+00 -2.207516e-04 -2.806329e+00 -2.946810e-03 2.209158e-04 9.999955e-01 1.331358e+02
9.999986e-01 -2.778021e-04 -1.644368e-03 -1.996699e+00 2.799964e-04 9.999991e-01 1.334826e-03 -2.828938e+00 1.644013e-03 -1.335274e-03 9.999977e-01 1.341876e+02
9.999957e-01 -1.375060e-04 2.941672e-03 -1.995319e+00 1.392570e-04 9.999998e-01 -5.953183e-04 -2.851820e+00 -2.941573e-03 5.957350e-04 9.999954e-01 1.352271e+02
9.999988e-01 -3.265520e-04 -1.534336e-03 -1.993976e+00 3.291184e-04 9.999985e-01 1.673240e-03 -2.875154e+00 1.533805e-03 -1.673733e-03 9.999973e-01 1.362905e+02
9.999957e-01 -1.428336e-04 2.936273e-03 -1.993777e+00 1.452250e-04 9.999997e-01 -8.145127e-04 -2.898666e+00 -2.936139e-03 8.149455e-04 9.999953e-01 1.373938e+02
9.999977e-01 -1.657710e-04 -2.116065e-03 -2.022671e+00 1.685065e-04 9.999991e-01 1.293023e-03 -2.920325e+00 2.115866e-03 -1.293367e-03 9.999968e-01 1.383529e+02
9.999947e-01 -2.796348e-04 3.229449e-03 -2.043957e+00 2.813752e-04 9.999998e-01 -5.387311e-04 -2.943186e+00 -3.229280e-03 5.396470e-04 9.999945e-01 1.394249e+02
9.999982e-01 -3.583884e-04 -1.863403e-03 -2.065186e+00 3.608813e-04 9.999990e-01 1.338154e-03 -2.966928e+00 1.862939e-03 -1.338814e-03 9.999973e-01 1.405049e+02
9.999947e-01 -2.131829e-04 3.254840e-03 -2.070601e+00 2.151422e-04 9.999998e-01 -6.019110e-04 -2.990393e+00 -3.254693e-03 6.026182e-04 9.999944e-01 1.415824e+02
9.999982e-01 -2.451012e-04 -1.896317e-03 -2.064788e+00 2.478430e-04 9.999989e-01 1.446265e-03 -3.013307e+00 1.895978e-03 -1.446722e-03 9.999971e-01 1.426337e+02
9.999948e-01 -1.499564e-04 3.226677e-03 -2.050689e+00 1.515756e-04 9.999999e-01 -5.018359e-04 -3.036014e+00 -3.226583e-03 5.023327e-04 9.999946e-01 1.436942e+02
9.999981e-01 -2.913968e-04 -1.917620e-03 -2.039088e+00 2.941692e-04 9.999989e-01 1.446093e-03 -3.058816e+00 1.917215e-03 -1.446644e-03 9.999970e-01 1.447578e+02
9.999953e-01 -3.694841e-05 3.076816e-03 -2.024305e+00 3.840201e-05 9.999999e-01 -4.726837e-04 -3.080425e+00 -3.076780e-03 4.728101e-04 9.999951e-01 1.457233e+02
9.999984e-01 -3.151746e-04 -1.788065e-03 -2.012943e+00 3.177363e-04 9.999989e-01 1.433089e-03 -3.103002e+00 1.787630e-03 -1.433644e-03 9.999973e-01 1.467648e+02
9.999958e-01 2.646836e-05 2.912856e-03 -2.005562e+00 -2.516726e-05 9.999999e-01 -4.470432e-04 -3.124883e+00 -2.912849e-03 4.469787e-04 9.999956e-01 1.477295e+02
9.999986e-01 -3.697309e-04 -1.620619e-03 -2.003425e+00 3.724079e-04 9.999986e-01 1.652418e-03 -3.147921e+00 1.620024e-03 -1.653008e-03 9.999972e-01 1.487910e+02
9.999957e-01 2.120538e-05 2.923533e-03 -1.998224e+00 -1.949356e-05 9.999998e-01 -5.859013e-04 -3.171087e+00 -2.923526e-03 5.858527e-04 9.999955e-01 1.498728e+02
9.999984e-01 -2.900220e-04 -1.773386e-03 -1.987036e+00 2.927827e-04 9.999987e-01 1.557240e-03 -3.192918e+00 1.772951e-03 -1.557746e-03 9.999971e-01 1.508358e+02
9.999955e-01 -3.303472e-05 3.004647e-03 -1.974811e+00 3.443292e-05 9.999999e-01 -4.656395e-04 -3.215150e+00 -3.004612e-03 4.657519e-04 9.999953e-01 1.518505e+02
9.999983e-01 -3.384057e-04 -1.813057e-03 -1.963674e+00 3.412035e-04 9.999988e-01 1.543681e-03 -3.237367e+00 1.812551e-03 -1.544286e-03 9.999971e-01 1.528614e+02
9.999947e-01 -1.117886e-05 3.266911e-03 -1.945352e+00 1.242322e-05 9.999999e-01 -3.812023e-04 -3.260729e+00 -3.266888e-03 3.812521e-04 9.999945e-01 1.540015e+02
9.999979e-01 -2.607151e-04 -2.053688e-03 -1.922632e+00 2.633592e-04 9.999991e-01 1.287839e-03 -3.282584e+00 2.053370e-03 -1.288366e-03 9.999970e-01 1.550054e+02
9.999948e-01 8.738284e-06 3.232973e-03 -1.907805e+00 -8.293237e-06 1.000000e+00 -1.380115e-04 -3.304394e+00 -3.232955e-03 1.379955e-04 9.999947e-01 1.559929e+02
9.999981e-01 -5.186853e-04 -1.866111e-03 -1.903427e+00 5.210567e-04 9.999991e-01 1.271082e-03 -3.328133e+00 1.865469e-03 -1.272040e-03 9.999974e-01 1.571347e+02
9.999951e-01 9.802497e-05 3.128992e-03 -1.893011e+00 -9.742733e-05 1.000000e+00 -1.915138e-04 -3.350805e+00 -3.128991e-03 1.912197e-04 9.999950e-01 1.581815e+02
9.999978e-01 -2.880191e-04 -2.061828e-03 -1.864877e+00 2.904617e-04 9.999993e-01 1.185040e-03 -3.371554e+00 2.061505e-03 -1.185624e-03 9.999971e-01 1.590793e+02
9.999938e-01 -1.523016e-04 3.516859e-03 -1.857317e+00 1.525476e-04 1.000000e+00 -7.000744e-05 -3.395443e+00 -3.516829e-03 7.055538e-05 9.999937e-01 1.602115e+02
9.999983e-01 -4.727812e-04 -1.775907e-03 -1.872663e+00 4.749852e-04 9.999991e-01 1.241509e-03 -3.422023e+00 1.775339e-03 -1.242338e-03 9.999976e-01 1.615385e+02
9.999919e-01 -2.389678e-04 4.015020e-03 -1.905337e+00 2.379870e-04 9.999999e-01 2.444471e-04 -3.451887e+00 -4.015058e-03 -2.434775e-04 9.999918e-01 1.631265e+02
9.999982e-01 -5.301087e-04 -1.808865e-03 -1.931414e+00 5.321158e-04 9.999992e-01 1.110025e-03 -3.481802e+00 1.808295e-03 -1.110973e-03 9.999976e-01 1.647403e+02
9.999928e-01 -1.876961e-04 3.794087e-03 -1.959390e+00 1.872794e-04 1.000000e+00 1.098506e-04 -3.510088e+00 -3.794087e-03 -1.091269e-04 9.999927e-01 1.661910e+02
9.999981e-01 -4.140422e-04 -1.890688e-03 -1.981433e+00 4.161621e-04 9.999993e-01 1.121670e-03 -3.537568e+00 1.890243e-03 -1.122442e-03 9.999975e-01 1.675853e+02
9.999929e-01 -1.964732e-04 3.759136e-03 -1.998471e+00 1.961906e-04 1.000000e+00 7.518727e-05 -3.564884e+00 -3.759130e-03 -7.443664e-05 9.999928e-01 1.689789e+02
9.999979e-01 -4.268260e-04 -1.998743e-03 -2.019752e+00 4.289849e-04 9.999993e-01 1.080519e-03 -3.591605e+00 1.998302e-03 -1.081362e-03 9.999973e-01 1.703040e+02
9.999929e-01 -2.152800e-04 3.755806e-03 -2.047662e+00 2.150635e-04 1.000000e+00 5.767423e-05 -3.618528e+00 -3.755796e-03 -5.685329e-05 9.999928e-01 1.716358e+02
9.999979e-01 -4.772006e-04 -1.979629e-03 -2.075314e+00 4.792953e-04 9.999993e-01 1.058528e-03 -3.645604e+00 1.979144e-03 -1.059461e-03 9.999974e-01 1.729829e+02
9.999926e-01 -2.675906e-04 3.836059e-03 -2.113726e+00 2.678468e-04 1.000000e+00 -6.664048e-05 -3.673257e+00 -3.836019e-03 6.768045e-05 9.999925e-01 1.743536e+02
9.999976e-01 -3.251015e-04 -2.184950e-03 -2.134934e+00 3.275144e-04 9.999993e-01 1.104704e-03 -3.699238e+00 2.184611e-03 -1.105403e-03 9.999969e-01 1.756109e+02
9.999928e-01 -1.923795e-04 3.796618e-03 -2.148262e+00 1.923036e-04 1.000000e+00 1.997087e-05 -3.724538e+00 -3.796600e-03 -1.922744e-05 9.999927e-01 1.768276e+02
9.999971e-01 -3.530038e-04 -2.398249e-03 -2.169668e+00 3.552325e-04 9.999995e-01 9.295644e-04 -3.749146e+00 2.397942e-03 -9.304003e-04 9.999966e-01 1.779633e+02
9.999913e-01 -2.800079e-04 4.150648e-03 -2.198133e+00 2.795228e-04 1.000000e+00 1.171016e-04 -3.775660e+00 -4.150658e-03 -1.159271e-04 9.999913e-01 1.792441e+02
9.999973e-01 -4.286103e-04 -2.275851e-03 -2.223796e+00 4.308876e-04 9.999994e-01 1.000936e-03 -3.803165e+00 2.275444e-03 -1.001900e-03 9.999968e-01 1.806314e+02
9.999911e-01 -2.687824e-04 4.202750e-03 -2.249152e+00 2.685181e-04 1.000000e+00 6.308237e-05 -3.830724e+00 -4.202744e-03 -6.193974e-05 9.999911e-01 1.820204e+02
9.999975e-01 -4.821588e-04 -2.167067e-03 -2.273018e+00 4.842686e-04 9.999994e-01 9.738488e-04 -3.858795e+00 2.166619e-03 -9.748822e-04 9.999971e-01 1.834591e+02
9.999913e-01 -2.288084e-04 4.173998e-03 -2.290797e+00 2.280217e-04 1.000000e+00 1.885639e-04 -3.886709e+00 -4.174018e-03 -1.875967e-04 9.999912e-01 1.849064e+02
9.999973e-01 -5.042426e-04 -2.254688e-03 -2.314219e+00 5.061903e-04 9.999995e-01 8.641076e-04 -3.914323e+00 2.254275e-03 -8.652328e-04 9.999970e-01 1.863123e+02
9.999907e-01 -2.032920e-04 4.302139e-03 -2.331549e+00 2.019177e-04 9.999999e-01 3.194995e-04 -3.942550e+00 -4.302180e-03 -3.186139e-04 9.999906e-01 1.877935e+02
9.999970e-01 -4.290107e-04 -2.391117e-03 -2.344342e+00 4.311215e-04 9.999995e-01 8.830080e-04 -3.969845e+00 2.390761e-03 -8.840222e-04 9.999967e-01 1.891988e+02
9.999907e-01 -1.569022e-04 4.309961e-03 -2.358409e+00 1.553817e-04 9.999999e-01 3.527259e-04 -3.997158e+00 -4.309992e-03 -3.520388e-04 9.999906e-01 1.906050e+02
9.999970e-01 -4.096354e-04 -2.428289e-03 -2.371284e+00 4.120089e-04 9.999994e-01 9.777226e-04 -4.024390e+00 2.427911e-03 -9.787058e-04 9.999965e-01 1.920109e+02
9.999905e-01 -2.081320e-04 4.347286e-03 -2.384478e+00 2.069236e-04 9.999999e-01 2.780152e-04 -4.051791e+00 -4.347319e-03 -2.770986e-04 9.999904e-01 1.934249e+02
9.999977e-01 -5.750081e-04 -2.076244e-03 -2.407585e+00 5.772160e-04 9.999993e-01 1.063840e-03 -4.081517e+00 2.075655e-03 -1.065022e-03 9.999972e-01 1.950257e+02
9.999905e-01 -2.772229e-04 4.347932e-03 -2.432798e+00 2.771477e-04 1.000000e+00 1.747504e-05 -4.111333e+00 -4.347911e-03 -1.625524e-05 9.999904e-01 1.966226e+02
9.999970e-01 -4.183247e-04 -2.399875e-03 -2.457066e+00 4.208407e-04 9.999994e-01 1.048729e-03 -4.138796e+00 2.399460e-03 -1.049721e-03 9.999965e-01 1.980062e+02
9.999909e-01 -2.824644e-04 4.253961e-03 -2.473806e+00 2.823919e-04 1.000000e+00 1.720986e-05 -4.165718e+00 -4.253941e-03 -1.599362e-05 9.999909e-01 1.993622e+02
9.999974e-01 -4.364771e-04 -2.258918e-03 -2.490530e+00 4.385079e-04 9.999995e-01 8.994317e-04 -4.193259e+00 2.258550e-03 -9.004050e-04 9.999969e-01 2.007648e+02
9.999920e-01 -9.721404e-05 3.986588e-03 -2.495347e+00 9.626688e-05 1.000000e+00 2.372990e-04 -4.219138e+00 -3.986585e-03 -2.368984e-04 9.999919e-01 2.020590e+02
9.999975e-01 -5.073205e-04 -2.192304e-03 -2.506688e+00 5.092218e-04 9.999995e-01 8.676787e-04 -4.245560e+00 2.191889e-03 -8.687778e-04 9.999971e-01 2.033825e+02
9.999916e-01 -1.376795e-04 4.099455e-03 -2.522357e+00 1.366999e-04 1.000000e+00 2.387604e-04 -4.272816e+00 -4.099462e-03 -2.381828e-04 9.999915e-01 2.047666e+02
9.999977e-01 -5.684486e-04 -2.061643e-03 -2.545718e+00 5.704235e-04 9.999994e-01 9.584602e-04 -4.301511e+00 2.061123e-03 -9.596188e-04 9.999973e-01 2.062623e+02
9.999917e-01 -1.928329e-04 4.076044e-03 -2.571278e+00 1.920865e-04 1.000000e+00 1.830187e-04 -4.329812e+00 -4.076053e-03 -1.822189e-04 9.999916e-01 2.077177e+02
9.999976e-01 -4.639617e-04 -2.141902e-03 -2.591865e+00 4.661562e-04 9.999994e-01 1.025173e-03 -4.357433e+00 2.141451e-03 -1.026153e-03 9.999971e-01 2.091306e+02
9.999915e-01 -2.779000e-04 4.117392e-03 -2.619169e+00 2.772877e-04 9.999999e-01 1.487532e-04 -4.385573e+00 -4.117407e-03 -1.475946e-04 9.999914e-01 2.105742e+02
9.999976e-01 -4.705833e-04 -2.158786e-03 -2.635919e+00 4.725853e-04 9.999995e-01 9.279712e-04 -4.413056e+00 2.158376e-03 -9.289735e-04 9.999971e-01 2.119761e+02
9.999925e-01 -5.718230e-05 3.859474e-03 -2.624654e+00 5.697836e-05 1.000000e+00 5.239422e-05 -4.438190e+00 -3.859450e-03 -5.215816e-05 9.999925e-01 2.132460e+02
9.999977e-01 -4.910843e-04 -2.067353e-03 -2.615137e+00 4.931753e-04 9.999994e-01 1.012141e-03 -4.463693e+00 2.066882e-03 -1.013143e-03 9.999973e-01 2.145474e+02
9.999928e-01 -1.967828e-04 3.791742e-03 -2.616974e+00 1.972428e-04 1.000000e+00 -1.215020e-04 -4.489504e+00 -3.791691e-03 1.222649e-04 9.999927e-01 2.158402e+02
9.999975e-01 -3.690904e-04 -2.220970e-03 -2.627517e+00 3.715302e-04 9.999993e-01 1.099220e-03 -4.514394e+00 2.220590e-03 -1.100027e-03 9.999968e-01 2.170203e+02
9.999922e-01 -2.007159e-04 3.942530e-03 -2.628678e+00 2.011563e-04 1.000000e+00 -1.118756e-04 -4.539848e+00 -3.942480e-03 1.126839e-04 9.999921e-01 2.182781e+02
9.999975e-01 -4.200496e-04 -2.175971e-03 -2.638122e+00 4.225390e-04 9.999993e-01 1.144768e-03 -4.566013e+00 2.175517e-03 -1.145668e-03 9.999969e-01 2.195804e+02
9.999916e-01 -2.116003e-04 4.098187e-03 -2.656817e+00 2.113939e-04 1.000000e+00 5.023355e-05 -4.593442e+00 -4.098170e-03 -4.935049e-05 9.999915e-01 2.209796e+02
9.999974e-01 -4.134067e-04 -2.236207e-03 -2.677110e+00 4.159773e-04 9.999993e-01 1.150229e-03 -4.620771e+00 2.235758e-03 -1.151140e-03 9.999967e-01 2.223680e+02
9.999926e-01 -1.965230e-04 3.843646e-03 -2.698453e+00 1.969693e-04 1.000000e+00 -1.163431e-04 -4.646360e+00 -3.843594e-03 1.171159e-04 9.999925e-01 2.235886e+02
9.999974e-01 -3.468620e-04 -2.274501e-03 -2.707333e+00 3.491160e-04 9.999994e-01 9.917625e-04 -4.671033e+00 2.274184e-03 -9.925373e-04 9.999968e-01 2.247523e+02
9.999934e-01 -1.193185e-04 3.642449e-03 -2.715994e+00 1.193166e-04 1.000000e+00 7.983207e-08 -4.694785e+00 -3.642421e-03 3.714321e-07 9.999933e-01 2.258395e+02
9.999975e-01 -3.768357e-04 -2.188161e-03 -2.722839e+00 3.790019e-04 9.999994e-01 9.907501e-04 -4.718846e+00 2.187815e-03 -9.915602e-04 9.999970e-01 2.269521e+02
9.999934e-01 -5.782307e-05 3.629947e-03 -2.713306e+00 5.808124e-05 1.000000e+00 -7.169645e-05 -4.742203e+00 -3.629914e-03 7.192364e-05 9.999933e-01 2.280512e+02
9.999974e-01 -3.554448e-04 -2.266600e-03 -2.704839e+00 3.576449e-04 9.999995e-01 9.714522e-04 -4.765118e+00 2.266283e-03 -9.722434e-04 9.999969e-01 2.291112e+02
9.999936e-01 -1.676419e-04 3.574543e-03 -2.707424e+00 1.680361e-04 1.000000e+00 -1.106757e-04 -4.788179e+00 -3.574495e-03 1.112926e-04 9.999935e-01 2.301395e+02
9.999973e-01 -3.444820e-04 -2.300334e-03 -2.709278e+00 3.464557e-04 9.999996e-01 8.587824e-04 -4.810928e+00 2.300066e-03 -8.595600e-04 9.999969e-01 2.311351e+02
9.999939e-01 -8.909730e-05 3.484966e-03 -2.710116e+00 8.909836e-05 1.000000e+00 -8.817273e-07 -4.833438e+00 -3.484936e-03 1.209343e-06 9.999938e-01 2.321155e+02
9.999972e-01 -3.367125e-04 -2.356804e-03 -2.722684e+00 3.389604e-04 9.999995e-01 9.545994e-04 -4.856083e+00 2.356511e-03 -9.553783e-04 9.999967e-01 2.330868e+02
9.999938e-01 -5.288421e-05 3.530914e-03 -2.729479e+00 5.282081e-05 1.000000e+00 1.731128e-05 -4.878309e+00 -3.530885e-03 -1.710738e-05 9.999937e-01 2.340317e+02
9.999972e-01 -3.134419e-04 -2.351882e-03 -2.720597e+00 3.156306e-04 9.999995e-01 9.314161e-04 -4.900187e+00 2.351619e-03 -9.321384e-04 9.999967e-01 2.350016e+02
9.999928e-01 -2.940911e-04 3.770641e-03 -2.729998e+00 2.944008e-04 1.000000e+00 -8.229312e-05 -4.924268e+00 -3.770587e-03 8.342005e-05 9.999928e-01 2.361031e+02
9.999972e-01 -2.461940e-04 -2.352710e-03 -2.738990e+00 2.485942e-04 9.999994e-01 1.021078e-03 -4.948383e+00 2.352488e-03 -1.021643e-03 9.999966e-01 2.372188e+02
9.999930e-01 -3.121794e-04 3.732460e-03 -2.750834e+00 3.124868e-04 9.999999e-01 -8.250942e-05 -4.972388e+00 -3.732404e-03 8.369278e-05 9.999929e-01 2.383221e+02
9.999971e-01 -1.990123e-04 -2.391242e-03 -2.756310e+00 2.014529e-04 9.999995e-01 1.021594e-03 -4.995675e+00 2.391068e-03 -1.022055e-03 9.999965e-01 2.393657e+02
9.999938e-01 -2.756885e-04 3.501524e-03 -2.749780e+00 2.767284e-04 9.999999e-01 -2.972989e-04 -5.017423e+00 -3.501411e-03 2.982837e-04 9.999937e-01 2.402992e+02
9.999974e-01 -2.604742e-04 -2.258447e-03 -2.749187e+00 2.627702e-04 9.999994e-01 1.017614e-03 -5.040083e+00 2.258211e-03 -1.018187e-03 9.999968e-01 2.413003e+02
9.999933e-01 -4.149454e-04 3.629898e-03 -2.762169e+00 4.161652e-04 9.999999e-01 -3.360807e-04 -5.063900e+00 -3.629727e-03 3.376069e-04 9.999933e-01 2.423788e+02
9.999977e-01 -1.383852e-04 -2.160115e-03 -2.767925e+00 1.411759e-04 9.999992e-01 1.293135e-03 -5.088167e+00 2.159965e-03 -1.293419e-03 9.999967e-01 2.435150e+02
9.999931e-01 -4.855441e-04 3.669902e-03 -2.792687e+00 4.864535e-04 9.999999e-01 -2.476877e-04 -5.113684e+00 -3.669751e-03 2.494893e-04 9.999931e-01 2.447366e+02
9.999977e-01 -7.507570e-05 -2.121889e-03 -2.814865e+00 7.772590e-05 9.999992e-01 1.250298e-03 -5.139070e+00 2.121825e-03 -1.250442e-03 9.999969e-01 2.459336e+02
9.999947e-01 -2.587928e-04 3.237925e-03 -2.848371e+00 2.600694e-04 9.999999e-01 -3.947375e-04 -5.163254e+00 -3.237792e-03 3.955956e-04 9.999946e-01 2.470650e+02
9.999970e-01 2.410387e-05 -2.465149e-03 -2.921066e+00 -2.166117e-05 9.999995e-01 9.921145e-04 -5.188731e+00 2.465203e-03 -9.920398e-04 9.999964e-01 2.483261e+02
9.999969e-01 -2.983205e-04 2.479097e-03 -2.984034e+00 2.984103e-04 1.000000e+00 -3.700891e-05 -5.210314e+00 -2.479054e-03 3.776691e-05 9.999968e-01 2.491793e+02
9.999920e-01 3.697527e-04 -3.976806e-03 -3.087574e+00 -3.705219e-04 9.999999e-01 -1.919261e-04 -5.231506e+00 3.976766e-03 1.934164e-04 9.999920e-01 2.499707e+02
9.999927e-01 -9.986036e-04 3.688144e-03 -3.201158e+00 9.974240e-04 9.999995e-01 3.208726e-04 -5.258081e+00 -3.688431e-03 -3.171734e-04 9.999931e-01 2.510200e+02
9.999980e-01 -2.613717e-04 -1.995908e-03 -3.230178e+00 2.613961e-04 1.000000e+00 1.347340e-05 -5.282950e+00 1.995936e-03 -1.397679e-05 9.999979e-01 2.519633e+02
9.999934e-01 -5.659227e-04 3.584290e-03 -3.222989e+00 5.636991e-04 9.999996e-01 6.205557e-04 -5.305169e+00 -3.584608e-03 -6.185128e-04 9.999933e-01 2.526651e+02
9.999975e-01 -1.349405e-04 -2.221532e-03 -3.225670e+00 1.343563e-04 1.000000e+00 -2.617893e-04 -5.327107e+00 2.221599e-03 2.615085e-04 9.999974e-01 2.533102e+02
9.999927e-01 -1.117019e-03 3.643582e-03 -3.238277e+00 1.114753e-03 9.999992e-01 6.229651e-04 -5.350322e+00 -3.644243e-03 -6.188805e-04 9.999931e-01 2.540783e+02
9.999975e-01 4.158567e-04 -2.205352e-03 -3.293934e+00 -4.165909e-04 9.999999e-01 -3.310798e-04 -5.377722e+00 2.205246e-03 3.320161e-04 9.999974e-01 2.552090e+02
9.999894e-01 -2.040614e-03 4.129039e-03 -3.320983e+00 2.037546e-03 9.999976e-01 7.463790e-04 -5.404326e+00 -4.130520e-03 -7.379396e-04 9.999911e-01 2.561853e+02
9.999950e-01 1.431046e-03 -2.829561e-03 -3.374507e+00 -1.432926e-03 9.999988e-01 -6.612513e-04 -5.431579e+00 2.828643e-03 6.653210e-04 9.999957e-01 2.572818e+02
9.999888e-01 -2.235845e-03 4.164788e-03 -3.456099e+00 2.233240e-03 9.999973e-01 6.292618e-04 -5.458188e+00 -4.166151e-03 -6.199355e-04 9.999910e-01 2.584653e+02
9.999941e-01 1.578532e-03 -3.059931e-03 -3.549865e+00 -1.579325e-03 9.999987e-01 -2.556650e-04 -5.484573e+00 3.059556e-03 2.605145e-04 9.999952e-01 2.596496e+02
9.999917e-01 -2.121767e-03 3.477413e-03 -3.698624e+00 2.119922e-03 9.999976e-01 5.332737e-04 -5.513222e+00 -3.478504e-03 -5.258791e-04 9.999937e-01 2.610167e+02
9.999968e-01 1.287988e-03 -2.176798e-03 -3.801920e+00 -1.289006e-03 9.999991e-01 -4.650830e-04 -5.539844e+00 2.176230e-03 4.679058e-04 9.999974e-01 2.621419e+02
9.999916e-01 -2.143294e-03 3.491085e-03 -3.826154e+00 2.139999e-03 9.999973e-01 9.463056e-04 -5.563933e+00 -3.493071e-03 -9.388083e-04 9.999934e-01 2.630251e+02
9.999976e-01 1.218269e-03 -1.800483e-03 -3.855678e+00 -1.218843e-03 9.999992e-01 -3.159798e-04 -5.588551e+00 1.800130e-03 3.181920e-04 9.999982e-01 2.638880e+02
9.999907e-01 -2.495278e-03 3.519202e-03 -3.855036e+00 2.492536e-03 9.999966e-01 7.824241e-04 -5.612445e+00 -3.521109e-03 -7.736266e-04 9.999934e-01 2.646526e+02
9.999978e-01 1.221355e-03 -1.727926e-03 -3.838846e+00 -1.222035e-03 9.999992e-01 -3.905198e-04 -5.636026e+00 1.727481e-03 3.926491e-04 9.999983e-01 2.654024e+02
9.999919e-01 -2.235114e-03 3.342878e-03 -3.851515e+00 2.232300e-03 9.999972e-01 8.446125e-04 -5.660360e+00 -3.344723e-03 -8.371249e-04 9.999940e-01 2.662355e+02
9.999985e-01 8.358491e-04 -1.535335e-03 -3.833761e+00 -8.363888e-04 9.999996e-01 -3.487870e-04 -5.684206e+00 1.535076e-03 3.500892e-04 9.999987e-01 2.669906e+02
9.999921e-01 -2.170997e-03 3.320957e-03 -3.775114e+00 2.168989e-03 9.999975e-01 6.072728e-04 -5.706687e+00 -3.322233e-03 -6.000463e-04 9.999942e-01 2.676395e+02
9.999986e-01 7.658539e-04 -1.514533e-03 -3.722557e+00 -7.663178e-04 9.999997e-01 -3.035992e-04 -5.729298e+00 1.514334e-03 3.047780e-04 9.999987e-01 2.682886e+02
9.999956e-01 -1.227597e-03 2.713218e-03 -3.767048e+00 1.226903e-03 9.999992e-01 2.559314e-04 -5.755730e+00 -2.713496e-03 -2.525829e-04 9.999962e-01 2.692637e+02
9.999976e-01 6.558467e-04 -2.108187e-03 -3.894562e+00 -6.574680e-04 9.999995e-01 -7.669008e-04 -5.783739e+00 2.107717e-03 7.683035e-04 9.999974e-01 2.705778e+02
9.999937e-01 -1.413955e-03 3.239797e-03 -3.992784e+00 1.411263e-03 9.999987e-01 8.321148e-04 -5.810845e+00 -3.240935e-03 -8.275190e-04 9.999943e-01 2.717244e+02
9.999983e-01 5.256483e-04 -1.761483e-03 -4.053335e+00 -5.266311e-04 9.999997e-01 -5.556389e-04 -5.836634e+00 1.761225e-03 5.565841e-04 9.999982e-01 2.727477e+02
9.999922e-01 -1.847082e-03 3.503560e-03 -4.062806e+00 1.842953e-03 9.999976e-01 1.180303e-03 -5.860330e+00 -3.505697e-03 -1.173819e-03 9.999931e-01 2.735298e+02
9.999998e-01 1.562477e-04 -6.402238e-04 -3.939451e+00 -1.567562e-04 9.999997e-01 -7.889075e-04 -5.880468e+00 6.401353e-04 7.890263e-04 9.999994e-01 2.739699e+02
9.999887e-01 -1.989640e-03 4.319788e-03 -3.742028e+00 1.985349e-03 9.999975e-01 9.966624e-04 -5.898612e+00 -4.321725e-03 -9.880564e-04 9.999901e-01 2.742972e+02
9.999998e-01 1.648452e-04 -6.308921e-04 -3.533990e+00 -1.653849e-04 9.999996e-01 -8.500165e-04 -5.916305e+00 6.307875e-04 8.501392e-04 9.999993e-01 2.746161e+02
9.999966e-01 -8.946150e-04 2.438093e-03 -3.547423e+00 8.912849e-04 9.999987e-01 1.365190e-03 -5.940601e+00 -2.439275e-03 -1.362994e-03 9.999960e-01 2.754028e+02
9.999989e-01 3.337547e-04 -1.448017e-03 -3.686192e+00 -3.356699e-04 9.999991e-01 -1.320204e-03 -5.968279e+00 1.447611e-03 1.320707e-03 9.999980e-01 2.765649e+02
9.999936e-01 -1.678455e-03 3.168562e-03 -3.720246e+00 1.672418e-03 9.999968e-01 1.906074e-03 -5.992847e+00 -3.171715e-03 -1.900744e-03 9.999931e-01 2.774012e+02
9.999991e-01 4.281270e-04 -1.291808e-03 -3.671795e+00 -4.300276e-04 9.999988e-01 -1.468595e-03 -6.014517e+00 1.291214e-03 1.469168e-03 9.999980e-01 2.780373e+02
9.999946e-01 -1.260532e-03 3.029223e-03 -3.651845e+00 1.254803e-03 9.999974e-01 1.891062e-03 -6.037427e+00 -3.031563e-03 -1.887232e-03 9.999935e-01 2.787042e+02
9.999989e-01 4.463901e-04 -1.385078e-03 -3.654474e+00 -4.483984e-04 9.999989e-01 -1.447410e-03 -6.060349e+00 1.384467e-03 1.448048e-03 9.999979e-01 2.793782e+02
9.999946e-01 -1.594466e-03 2.857437e-03 -3.636326e+00 1.589255e-03 9.999971e-01 1.823636e-03 -6.081851e+00 -2.860300e-03 -1.819067e-03 9.999942e-01 2.799750e+02
9.999992e-01 3.387637e-04 -1.233048e-03 -3.555729e+00 -3.407264e-04 9.999987e-01 -1.588967e-03 -6.102075e+00 1.232545e-03 1.589405e-03 9.999979e-01 2.804410e+02
9.999965e-01 -1.073737e-03 2.416379e-03 -3.547067e+00 1.069668e-03 9.999980e-01 1.683108e-03 -6.124222e+00 -2.418144e-03 -1.680499e-03 9.999956e-01 2.811128e+02
9.999991e-01 2.227672e-04 -1.354241e-03 -3.584206e+00 -2.246012e-04 9.999991e-01 -1.351525e-03 -6.148352e+00 1.353976e-03 1.351847e-03 9.999981e-01 2.819721e+02
