9.999896e-01 -6.530579e-05 -4.565593e-03 4.970177e-02 6.599898e-05 1.000000e+00 1.516742e-04 -5.646700e-03 4.565583e-03 -1.519735e-04 9.999895e-01 2.701655e-01
9.999998e-01 -1.435307e-05 7.053110e-04 1.014948e-01 1.439526e-05 1.000000e+00 -5.979331e-05 -1.076405e-02 -7.053109e-04 5.980395e-05 9.999996e-01 5.167793e-01
9.999860e-01 -3.516720e-05 -5.284619e-03 1.505818e-01 3.631121e-05 1.000000e+00 2.163799e-04 -1.640629e-02 5.284610e-03 -2.165683e-04 9.999859e-01 7.862277e-01
9.999995e-01 -4.331512e-05 1.012739e-03 2.028768e-01 4.340246e-05 1.000000e+00 -8.619713e-05 -2.202489e-02 -1.012737e-03 8.624158e-05 9.999994e-01 1.054787e+00
9.999854e-01 -1.681056e-05 -5.408460e-03 2.531800e-01 1.802165e-05 1.000000e+00 2.238721e-04 -2.753343e-02 5.408454e-03 -2.239658e-04 9.999852e-01 1.317202e+00
9.999968e-01 -4.598978e-05 2.541443e-03 3.060543e-01 4.653376e-05 1.000000e+00 -2.139727e-04 -3.169527e-02 -2.541435e-03 2.140909e-04 9.999966e-01 1.518230e+00
9.999874e-01 -1.200310e-05 -5.010113e-03 3.595781e-01 1.297228e-05 1.000000e+00 1.934070e-04 -3.546926e-02 5.010107e-03 -1.934691e-04 9.999873e-01 1.701853e+00
9.999955e-01 1.048710e-04 3.011853e-03 4.005159e-01 -1.039310e-04 9.999999e-01 -3.122376e-04 -3.728789e-02 -3.011888e-03 3.119237e-04 9.999953e-01 1.806941e+00
9.999849e-01 -1.059031e-04 -5.487831e-03 4.509361e-01 1.074749e-04 1.000000e+00 2.861170e-04 -4.065068e-02 5.487797e-03 -2.867019e-04 9.999848e-01 1.976307e+00
9.999964e-01 6.621479e-05 2.698835e-03 5.039465e-01 -6.547605e-05 1.000000e+00 -2.738006e-04 -4.465497e-02 -2.698857e-03 2.736235e-04 9.999962e-01 2.171039e+00
9.999850e-01 3.214327e-04 -5.474635e-03 5.170922e-01 -3.211069e-04 9.999999e-01 6.037395e-05 -4.463640e-02 5.474650e-03 -5.861459e-05 9.999849e-01 2.144403e+00
9.999953e-01 -2.371027e-04 3.061059e-03 5.479309e-01 2.374227e-04 1.000000e+00 -1.041692e-04 -4.600211e-02 -3.061038e-03 1.048960e-04 9.999952e-01 2.215527e+00
9.999776e-01 1.701007e-04 -6.687403e-03 6.007468e-01 -1.688818e-04 1.000000e+00 1.828273e-04 -5.093703e-02 6.687430e-03 -1.816934e-04 9.999775e-01 2.452343e+00
9.999977e-01 -2.260888e-04 2.126565e-03 6.523078e-01 2.261402e-04 1.000000e+00 -2.393301e-05 -5.670654e-02 -2.126565e-03 2.441438e-05 9.999976e-01 2.727426e+00
9.999818e-01 1.596741e-04 -6.027406e-03 7.059191e-01 -1.588950e-04 1.000000e+00 1.297319e-04 -6.197070e-02 6.027421e-03 -1.287713e-04 9.999817e-01 2.978919e+00
9.999969e-01 -2.139382e-04 2.492904e-03 7.585409e-01 2.140848e-04 1.000000e+00 -5.855790e-05 -6.676192e-02 -2.492897e-03 5.909195e-05 9.999968e-01 3.208081e+00
9.999793e-01 1.649440e-04 -6.437564e-03 8.106474e-01 -1.638339e-04 1.000000e+00 1.729584e-04 -7.201122e-02 6.437587e-03 -1.718996e-04 9.999792e-01 3.459808e+00
9.999993e-01 -2.107146e-04 1.192145e-03 8.612412e-01 2.106445e-04 1.000000e+00 5.903862e-05 -7.852872e-02 -1.192164e-03 -5.878687e-05 9.999992e-01 3.771008e+00
9.999923e-01 3.190696e-04 -3.909666e-03 9.114164e-01 -3.192687e-04 9.999999e-01 -5.031381e-05 -8.213178e-02 3.909643e-03 5.156223e-05 9.999923e-01 3.948603e+00
9.999997e-01 -4.749302e-05 8.296115e-04 9.020072e-01 4.761912e-05 1.000000e+00 -1.519302e-04 -8.087302e-02 -8.296112e-04 1.519703e-04 9.999995e-01 3.857406e+00
9.999875e-01 2.886555e-04 -4.988750e-03 8.436897e-01 -2.885395e-04 1.000000e+00 2.395087e-05 -7.703591e-02 4.988750e-03 -2.251058e-05 9.999875e-01 3.651734e+00
9.999972e-01 -1.380002e-04 2.372559e-03 8.391119e-01 1.384977e-04 1.000000e+00 -2.095497e-04 -7.575732e-02 -2.372538e-03 2.098782e-04 9.999971e-01 3.583373e+00
9.999894e-01 3.072856e-04 -4.604117e-03 8.761970e-01 -3.068199e-04 9.999999e-01 1.018410e-04 -7.746931e-02 4.604141e-03 -1.004267e-04 9.999893e-01 3.683749e+00
9.999968e-01 -1.248032e-04 2.518392e-03 9.076783e-01 1.254599e-04 1.000000e+00 -2.605831e-04 -7.843077e-02 -2.518368e-03 2.608987e-04 9.999967e-01 3.754351e+00
9.999884e-01 3.734033e-04 -4.808206e-03 9.243839e-01 -3.732052e-04 9.999999e-01 4.208331e-05 -7.832863e-02 4.808214e-03 -4.028790e-05 9.999883e-01 3.747768e+00
9.999987e-01 -1.470893e-04 1.604095e-03 9.048534e-01 1.474598e-04 1.000000e+00 -2.308379e-04 -7.631797e-02 -1.604069e-03 2.310746e-04 9.999986e-01 3.637825e+00
9.999867e-01 3.716486e-04 -5.141456e-03 8.635860e-01 -3.716251e-04 9.999999e-01 5.526515e-06 -7.335607e-02 5.141449e-03 -3.615317e-06 9.999867e-01 3.471423e+00
9.999999e-01 -8.817286e-05 5.204837e-04 7.737117e-01 8.828525e-05 1.000000e+00 -2.158418e-04 -6.867556e-02 -5.204740e-04 2.158881e-04 9.999997e-01 3.218691e+00
9.999866e-01 3.516052e-04 -5.166627e-03 6.820271e-01 -3.510757e-04 9.999999e-01 1.033742e-04 -6.399671e-02 5.166653e-03 -1.015586e-04 9.999865e-01 2.973449e+00
9.999995e-01 -1.846466e-04 1.015611e-03 6.124723e-01 1.847563e-04 1.000000e+00 -1.079636e-04 -6.010698e-02 -1.015602e-03 1.081516e-04 9.999994e-01 2.772888e+00
9.999921e-01 4.052921e-04 -3.947141e-03 5.961363e-01 -4.058449e-04 9.999999e-01 -1.392684e-04 -5.818944e-02 3.947074e-03 1.408696e-04 9.999921e-01 2.656132e+00
9.999995e-01 -2.001481e-04 9.776623e-04 5.781711e-01 2.002504e-04 1.000000e+00 -1.044547e-04 -5.620505e-02 -9.776522e-04 1.046507e-04 9.999994e-01 2.539572e+00
9.999847e-01 4.805310e-04 -5.502070e-03 4.936770e-01 -4.811300e-04 9.999999e-01 -1.075543e-04 -5.168703e-02 5.502006e-03 1.102002e-04 9.999848e-01 2.289508e+00
9.999991e-01 -2.784324e-04 1.314663e-03 4.241030e-01 2.783979e-04 1.000000e+00 2.640892e-05 -4.774668e-02 -1.314682e-03 -2.604258e-05 9.999990e-01 2.077840e+00
9.999913e-01 3.996783e-04 -4.145482e-03 4.075571e-01 -4.005321e-04 9.999999e-01 -2.051375e-04 -4.583906e-02 4.145387e-03 2.067964e-04 9.999913e-01 1.975991e+00
9.999987e-01 -1.204658e-04 1.621462e-03 4.129338e-01 1.205584e-04 1.000000e+00 -5.699836e-05 -4.508526e-02 -1.621468e-03 5.719403e-05 9.999986e-01 1.921077e+00
9.999824e-01 3.881803e-04 -5.924546e-03 3.417058e-01 -3.889813e-04 9.999999e-01 -1.340490e-04 -4.087780e-02 5.924480e-03 1.363514e-04 9.999823e-01 1.685118e+00
9.999984e-01 -1.721394e-04 1.779784e-03 2.757826e-01 1.721252e-04 1.000000e+00 8.165104e-06 -3.692238e-02 -1.779799e-03 -7.858515e-06 9.999983e-01 1.468501e+00
9.999241e-01 9.141204e-04 -1.228483e-02 -1.608551e-02 -9.193003e-04 9.999995e-01 -4.160090e-04 -2.467168e-02 1.228443e-02 4.272710e-04 9.999244e-01 7.401954e-01
9.999979e-01 -4.961620e-04 1.969632e-03 -2.864514e-01 4.940246e-04 9.999993e-01 1.085555e-03 -1.300050e-02 -1.970185e-03 -1.084579e-03 9.999974e-01 1.688211e-01
9.999876e-01 9.119920e-04 -4.900171e-03 -2.802599e-01 -9.184449e-04 9.999987e-01 -1.314793e-03 -1.244644e-02 4.898950e-03 1.319277e-03 9.999870e-01 1.094088e-01
9.999996e-01 -6.798584e-04 5.371211e-04 -3.525864e-01 6.792121e-04 9.999990e-01 1.202560e-03 -8.265165e-03 -5.379540e-04 -1.202195e-03 9.999990e-01 -1.243986e-01
9.999122e-01 7.572442e-04 -1.323217e-02 -3.239945e-01 -7.610114e-04 9.999997e-01 -2.796697e-04 -2.132533e-02 1.323193e-02 2.897153e-04 9.999123e-01 4.893765e-01
9.996869e-01 -7.677996e-04 -2.501195e-02 -3.213697e-01 8.517864e-04 9.999940e-01 3.347382e-03 -6.022669e-02 2.500921e-02 -3.367638e-03 9.996814e-01 2.299051e+00
9.999828e-01 2.482733e-04 5.857870e-03 -2.607487e-01 -2.362712e-04 9.999979e-01 -2.049462e-03 -8.369990e-02 -5.858389e-03 2.048043e-03 9.999806e-01 3.413974e+00
9.999552e-01 -1.050757e-04 -9.460194e-03 -3.049169e-01 1.242374e-04 9.999979e-01 2.024930e-03 -8.067134e-02 9.459939e-03 -2.026014e-03 9.999531e-01 3.257673e+00
9.999702e-01 1.288461e-04 7.724138e-03 -2.549193e-01 -1.125005e-04 9.999978e-01 -2.116558e-03 -8.326715e-02 -7.724417e-03 2.115627e-03 9.999678e-01 3.392068e+00
9.999438e-01 1.474206e-04 -1.060485e-02 -2.636851e-01 -1.277233e-04 9.999983e-01 1.858029e-03 -8.173460e-02 1.060509e-02 -1.856570e-03 9.999419e-01 3.290508e+00
9.999746e-01 7.548949e-05 7.127790e-03 -3.063147e-01 -6.062968e-05 9.999978e-01 -2.084946e-03 -7.874361e-02 -7.127956e-03 2.084462e-03 9.999723e-01 3.124669e+00
9.999473e-01 7.958514e-05 -1.026526e-02 -3.397998e-01 -6.057655e-05 9.999983e-01 1.852031e-03 -7.614473e-02 1.026536e-02 -1.851311e-03 9.999455e-01 2.985566e+00
9.999706e-01 -3.270505e-05 7.669866e-03 -2.959972e-01 4.661377e-05 9.999984e-01 -1.813237e-03 -7.900433e-02 -7.669818e-03 1.813541e-03 9.999688e-01 3.127858e+00
9.998706e-01 -1.107317e-05 -1.608443e-02 -2.513382e-01 4.819502e-05 9.999973e-01 2.307547e-03 -8.848558e-02 1.608433e-02 -2.308023e-03 9.998679e-01 3.576306e+00
9.999842e-01 -3.337134e-05 5.623182e-03 -2.095496e-01 4.257795e-05 9.999987e-01 -1.637122e-03 -1.000367e-01 -5.623146e-03 1.637336e-03 9.999828e-01 4.121876e+00
9.998996e-01 -1.194608e-05 -1.417156e-02 -1.652513e-01 4.231865e-05 9.999977e-01 2.142901e-03 -1.096180e-01 1.417148e-02 -2.143285e-03 9.998972e-01 4.574730e+00
9.998347e-01 1.598421e-04 -1.818254e-02 -1.668997e-01 -1.516324e-04 9.999999e-01 4.528864e-04 -1.416853e-01 1.818258e-02 -4.500534e-04 9.998345e-01 6.064281e+00
9.995525e-01 -3.252608e-04 -2.991124e-02 -1.656087e-01 4.291771e-04 9.999939e-01 3.467796e-03 -1.915803e-01 2.990989e-02 -3.479080e-03 9.995464e-01 8.390595e+00
9.999947e-01 -1.804864e-07 3.242057e-03 -1.237375e-01 4.895403e-06 9.999989e-01 -1.454177e-03 -2.211883e-01 -3.242091e-03 1.454187e-03 9.999936e-01 9.783002e+00
9.999529e-01 -1.135500e-04 -9.702662e-03 -7.200657e-02 1.307544e-04 9.999984e-01 1.772511e-03 -2.292151e-01 9.702407e-03 -1.773694e-03 9.999513e-01 1.016720e+01
9.999710e-01 2.196991e-04 7.612202e-03 -2.552437e-02 -2.056649e-04 9.999983e-01 -1.844321e-03 -2.317283e-01 -7.612632e-03 1.842704e-03 9.999692e-01 1.030171e+01
9.999442e-01 9.210308e-05 -1.055944e-02 -3.203557e-02 -7.507038e-05 9.999987e-01 1.613387e-03 -2.303669e-01 1.055953e-02 -1.612503e-03 9.999429e-01 1.020245e+01
9.999904e-01 -7.074145e-05 4.381010e-03 9.539537e-03 7.625318e-05 9.999992e-01 -1.257856e-03 -2.372585e-01 -4.380956e-03 1.258179e-03 9.999895e-01 1.053189e+01
9.998648e-01 -4.452474e-05 -1.644451e-02 5.304931e-02 7.843751e-05 9.999979e-01 2.061596e-03 -2.507500e-01 1.644434e-02 -2.062605e-03 9.998626e-01 1.116974e+01
9.999882e-01 3.985818e-06 4.852499e-03 9.293834e-02 2.271533e-06 9.999992e-01 -1.289414e-03 -2.634018e-01 -4.852541e-03 1.289412e-03 9.999873e-01 1.176650e+01
9.997121e-01 -1.878532e-05 -2.399439e-02 1.218936e-01 8.404288e-05 9.999963e-01 2.718680e-03 -2.834194e-01 2.399420e-02 -2.719912e-03 9.997083e-01 1.270292e+01
9.999914e-01 3.679282e-05 4.134122e-03 1.500607e-01 -3.173581e-05 9.999993e-01 -1.223165e-03 -3.041208e-01 -4.134208e-03 1.223025e-03 9.999906e-01 1.366931e+01
9.998260e-01 -2.364387e-04 -1.864967e-02 2.010994e-01 2.780016e-04 9.999975e-01 2.226026e-03 -3.207722e-01 1.864906e-02 -2.230821e-03 9.998235e-01 1.445390e+01
9.999926e-01 2.786888e-04 3.837929e-03 2.287876e-01 -2.742283e-04 9.999993e-01 -1.162527e-03 -3.360891e-01 -3.838298e-03 1.161468e-03 9.999919e-01 1.517327e+01
9.998300e-01 -4.726530e-04 -1.843183e-02 2.726835e-01 5.126671e-04 9.999975e-01 2.166229e-03 -3.524803e-01 1.843072e-02 -2.175308e-03 9.998277e-01 1.595112e+01
9.999831e-01 3.242347e-04 -5.806989e-03 2.970321e-01 -3.260081e-04 9.999999e-01 -3.045776e-04 -3.781276e-01 5.806839e-03 3.064681e-04 9.999830e-01 1.716125e+01
9.998935e-01 -4.736444e-04 -1.458410e-02 3.267396e-01 5.003296e-04 9.999982e-01 1.826103e-03 -3.999101e-01 1.458316e-02 -1.833203e-03 9.998919e-01 1.818941e+01
9.999945e-01 3.670928e-04 -3.287232e-03 3.584624e-01 -3.687802e-04 9.999998e-01 -5.129746e-04 -4.190410e-01 3.286989e-03 5.141868e-04 9.999944e-01 1.909284e+01
9.999556e-01 -5.193067e-04 -9.408792e-03 4.016613e-01 5.321653e-04 9.999989e-01 1.364123e-03 -4.332583e-01 9.408018e-03 -1.369067e-03 9.999547e-01 1.976776e+01
9.999999e-01 4.601286e-04 1.150756e-04 4.450623e-01 -4.600361e-04 9.999996e-01 -7.943069e-04 -4.436391e-01 -1.154967e-04 7.942568e-04 9.999996e-01 2.026007e+01
9.999445e-01 -5.400976e-04 -1.051956e-02 4.881821e-01 5.554310e-04 9.999988e-01 1.454651e-03 -4.552093e-01 1.051870e-02 -1.460410e-03 9.999435e-01 2.080895e+01
9.999998e-01 4.677859e-04 -3.578608e-04 5.307424e-01 -4.680512e-04 9.999996e-01 -7.443676e-04 -4.673017e-01 3.574551e-04 7.445380e-04 9.999996e-01 2.138204e+01
9.999699e-01 -5.476738e-04 -7.732479e-03 5.775671e-01 5.571692e-04 9.999991e-01 1.225770e-03 -4.769483e-01 7.731743e-03 -1.230038e-03 9.999693e-01 2.184589e+01
9.999999e-01 4.847225e-04 8.435827e-05 6.242962e-01 -4.846554e-04 9.999996e-01 -7.805483e-04 -4.859372e-01 -8.479529e-05 7.805104e-04 9.999996e-01 2.227479e+01
9.999669e-01 -5.626217e-04 -8.109928e-03 6.713994e-01 5.726486e-04 9.999991e-01 1.233976e-03 -4.951670e-01 8.109167e-03 -1.238577e-03 9.999663e-01 2.271363e+01
9.999999e-01 5.020490e-04 3.741763e-05 7.173727e-01 -5.020190e-04 9.999996e-01 -7.691696e-04 -5.043963e-01 -3.786377e-05 7.691539e-04 9.999996e-01 2.315180e+01
9.999784e-01 -5.835592e-04 -6.545918e-03 7.673674e-01 5.907154e-04 9.999992e-01 1.091186e-03 -5.121864e-01 6.545216e-03 -1.095026e-03 9.999779e-01 2.352285e+01
9.999932e-01 1.020458e-03 3.553443e-03 7.880991e-01 -1.015979e-03 9.999987e-01 -1.261515e-03 -5.126679e-01 -3.554787e-03 1.257899e-03 9.999928e-01 2.352966e+01
9.999598e-01 -7.540311e-04 -8.934903e-03 6.774839e-01 7.656130e-04 9.999989e-01 1.292788e-03 -5.070465e-01 8.933857e-03 -1.299574e-03 9.999592e-01 2.322998e+01
9.999912e-01 1.044932e-03 4.071818e-03 5.839321e-01 -1.039364e-03 9.999985e-01 -1.369175e-03 -5.021272e-01 -4.073304e-03 1.364934e-03 9.999907e-01 2.295700e+01
9.999511e-01 -7.221529e-04 -9.866204e-03 4.564887e-01 7.361321e-04 9.999987e-01 1.413214e-03 -4.959794e-01 9.865109e-03 -1.420404e-03 9.999502e-01 2.262621e+01
9.999749e-01 8.057900e-04 7.034991e-03 4.526221e-01 -7.955808e-04 9.999986e-01 -1.453712e-03 -4.948295e-01 -7.036215e-03 1.448082e-03 9.999741e-01 2.256828e+01
9.999106e-01 -8.396539e-04 -1.334544e-02 5.018051e-01 8.632193e-04 9.999981e-01 1.760055e-03 -5.023195e-01 1.334387e-02 -1.771415e-03 9.999093e-01 2.292238e+01
9.999446e-01 1.027254e-03 1.047743e-02 5.536234e-01 -1.009161e-03 9.999980e-01 -1.731829e-03 -5.061358e-01 -1.047926e-02 1.721163e-03 9.999435e-01 2.310865e+01
9.999076e-01 -7.864807e-04 -1.356704e-02 5.505302e-01 8.083950e-04 9.999984e-01 1.609775e-03 -5.051902e-01 1.356569e-02 -1.620591e-03 9.999066e-01 2.305874e+01
9.999467e-01 1.088941e-03 1.026568e-02 5.682343e-01 -1.071829e-03 9.999980e-01 -1.672137e-03 -5.060846e-01 -1.026754e-02 1.661048e-03 9.999458e-01 2.310886e+01
9.999043e-01 -9.467962e-04 -1.380295e-02 6.090463e-01 9.707408e-04 9.999980e-01 1.728066e-03 -5.095411e-01 1.380123e-02 -1.741297e-03 9.999032e-01 2.329157e+01
9.999458e-01 1.194385e-03 1.034037e-02 6.473822e-01 -1.176735e-03 9.999978e-01 -1.712673e-03 -5.124917e-01 -1.034246e-02 1.700416e-03 9.999450e-01 2.344533e+01
9.999029e-01 -9.264447e-04 -1.390285e-02 6.760076e-01 9.502032e-04 9.999981e-01 1.702306e-03 -5.145564e-01 1.390118e-02 -1.715348e-03 9.999018e-01 2.355240e+01
9.999546e-01 9.161595e-04 9.483917e-03 7.263571e-01 -9.019884e-04 9.999985e-01 -1.498265e-03 -5.200248e-01 -9.485340e-03 1.489646e-03 9.999538e-01 2.381566e+01
9.998940e-01 -9.181495e-04 -1.453317e-02 7.863922e-01 9.432585e-04 9.999981e-01 1.720866e-03 -5.268266e-01 1.453149e-02 -1.734389e-03 9.998928e-01 2.412885e+01
9.999431e-01 1.117973e-03 1.060946e-02 8.373713e-01 -1.100869e-03 9.999981e-01 -1.617719e-03 -5.312616e-01 -1.061131e-02 1.605950e-03 9.999423e-01 2.433349e+01
9.998920e-01 -7.130994e-04 -1.468082e-02 8.173341e-01 7.356590e-04 9.999986e-01 1.531251e-03 -5.296794e-01 1.467964e-02 -1.541882e-03 9.998910e-01 2.420770e+01
9.999369e-01 7.942076e-04 1.120692e-02 8.544824e-01 -7.786001e-04 9.999987e-01 -1.396840e-03 -5.328842e-01 -1.120808e-02 1.388029e-03 9.999361e-01 2.436345e+01
9.998296e-01 -8.532084e-04 -1.843924e-02 9.029670e-01 8.859686e-04 9.999980e-01 1.768500e-03 -5.413180e-01 1.843762e-02 -1.784532e-03 9.998283e-01 2.476449e+01
9.998727e-01 1.174213e-03 1.590849e-02 9.456340e-01 -1.144757e-03 9.999976e-01 -1.860475e-03 -5.432746e-01 -1.591070e-02 1.842030e-03 9.998716e-01 2.486765e+01
9.998072e-01 -9.463002e-04 -1.961383e-02 8.944940e-01 9.801225e-04 9.999980e-01 1.714810e-03 -5.399624e-01 1.961210e-02 -1.733700e-03 9.998061e-01 2.467775e+01
9.998578e-01 1.123669e-03 1.682717e-02 8.872040e-01 -1.092768e-03 9.999977e-01 -1.845396e-03 -5.386369e-01 -1.682927e-02 1.826748e-03 9.998566e-01 2.460551e+01
9.998077e-01 -8.769323e-04 -1.958795e-02 9.065081e-01 9.108825e-04 9.999981e-01 1.724302e-03 -5.389559e-01 1.958634e-02 -1.741810e-03 9.998066e-01 2.462170e+01
9.998464e-01 1.027991e-03 1.749673e-02 9.472153e-01 -9.957742e-04 9.999978e-01 -1.849841e-03 -5.407613e-01 -1.749866e-02 1.832137e-03 9.998451e-01 2.472367e+01
9.997768e-01 -1.028371e-03 -2.110360e-02 9.968428e-01 1.069215e-03 9.999976e-01 1.924133e-03 -5.453753e-01 2.110151e-02 -1.946264e-03 9.997754e-01 2.494628e+01
9.999034e-01 9.976859e-04 1.386246e-02 1.043783e+00 -9.762840e-04 9.999983e-01 -1.550456e-03 -5.537011e-01 -1.386406e-02 1.536775e-03 9.999026e-01 2.534135e+01
9.998526e-01 -5.031212e-04 -1.715922e-02 1.073613e+00 5.276454e-04 9.999988e-01 1.424650e-03 -5.548165e-01 1.715841e-02 -1.433491e-03 9.998517e-01 2.539195e+01
9.999380e-01 8.427304e-04 1.110437e-02 9.383839e-01 -8.277213e-04 9.999987e-01 -1.356050e-03 -5.483893e-01 -1.110557e-02 1.346778e-03 9.999373e-01 2.503975e+01
9.998676e-01 -5.931903e-04 -1.625884e-02 8.387101e-01 6.161511e-04 9.999988e-01 1.407157e-03 -5.432970e-01 1.625792e-02 -1.416985e-03 9.998667e-01 2.475080e+01
9.999387e-01 8.941797e-04 1.103728e-02 7.337756e-01 -8.783571e-04 9.999986e-01 -1.438202e-03 -5.380099e-01 -1.103862e-02 1.428422e-03 9.999380e-01 2.444952e+01
9.998951e-01 -7.942570e-04 -1.446027e-02 6.950749e-01 8.147675e-04 9.999987e-01 1.412488e-03 -5.352223e-01 1.445906e-02 -1.424118e-03 9.998944e-01 2.429764e+01
9.999537e-01 1.104354e-03 9.557589e-03 6.005794e-01 -1.089893e-03 9.999983e-01 -1.517979e-03 -5.302514e-01 -9.559319e-03 1.507495e-03 9.999531e-01 2.401540e+01
9.998772e-01 -7.971531e-04 -1.564957e-02 4.560924e-01 8.214165e-04 9.999985e-01 1.543978e-03 -5.236636e-01 1.564825e-02 -1.556641e-03 9.998763e-01 2.365726e+01
9.999540e-01 1.129893e-03 9.525799e-03 3.130927e-01 -1.115340e-03 9.999982e-01 -1.532800e-03 -5.171205e-01 -9.527585e-03 1.522108e-03 9.999534e-01 2.329299e+01
9.998892e-01 -8.615188e-04 -1.486045e-02 2.079030e-01 8.854070e-04 9.999983e-01 1.600918e-03 -5.118267e-01 1.485897e-02 -1.613896e-03 9.998882e-01 2.299454e+01
9.999555e-01 1.207283e-03 9.358558e-03 9.769536e-02 -1.191964e-03 9.999979e-01 -1.642147e-03 -5.062124e-01 -9.360593e-03 1.630922e-03 9.999548e-01 2.267408e+01
9.998787e-01 -8.542161e-04 -1.555155e-02 -3.905564e-02 8.805291e-04 9.999982e-01 1.685142e-03 -4.996186e-01 1.555001e-02 -1.698629e-03 9.998776e-01 2.231393e+01
9.999447e-01 1.136495e-03 1.045626e-02 -1.328342e-01 -1.119554e-03 9.999981e-01 -1.625723e-03 -4.945834e-01 -1.045816e-02 1.613929e-03 9.999439e-01 2.203468e+01
9.998927e-01 -9.143410e-04 -1.461875e-02 -1.955020e-01 9.364401e-04 9.999984e-01 1.504836e-03 -4.906897e-01 1.461728e-02 -1.518361e-03 9.998919e-01 2.181448e+01
9.999416e-01 1.102036e-03 1.075162e-02 -2.485887e-01 -1.084923e-03 9.999981e-01 -1.597188e-03 -4.872055e-01 -1.075343e-02 1.585433e-03 9.999408e-01 2.161926e+01
9.999047e-01 -9.404154e-04 -1.377300e-02 -2.202547e-01 9.619034e-04 9.999983e-01 1.553524e-03 -4.885915e-01 1.377145e-02 -1.566621e-03 9.999039e-01 2.167923e+01
9.999461e-01 1.254575e-03 1.030341e-02 -2.330735e-01 -1.237382e-03 9.999978e-01 -1.674674e-03 -4.871656e-01 -1.030556e-02 1.661837e-03 9.999454e-01 2.156839e+01
9.998824e-01 -9.846405e-04 -1.530094e-02 -3.255903e-01 1.009360e-03 9.999982e-01 1.607865e-03 -4.822258e-01 1.529925e-02 -1.623117e-03 9.998816e-01 2.128381e+01
9.999478e-01 1.279539e-03 1.013867e-02 -4.288875e-01 -1.263078e-03 9.999979e-01 -1.629630e-03 -4.769346e-01 -1.014081e-02 1.616742e-03 9.999472e-01 2.099515e+01
9.998751e-01 -9.670316e-04 -1.577338e-02 -5.545477e-01 9.914448e-04 9.999983e-01 1.539927e-03 -4.708875e-01 1.577179e-02 -1.555370e-03 9.998743e-01 2.066593e+01
9.999531e-01 1.314628e-03 9.596990e-03 -6.994832e-01 -1.300479e-03 9.999981e-01 -1.480186e-03 -4.641692e-01 -9.598992e-03 1.467638e-03 9.999528e-01 2.030973e+01
9.999024e-01 -1.098125e-03 -1.392473e-02 -7.685350e-01 1.118139e-03 9.999984e-01 1.429474e-03 -4.601237e-01 1.392306e-02 -1.444902e-03 9.999019e-01 2.008490e+01
9.999433e-01 1.310189e-03 1.056391e-02 -8.046443e-01 -1.293309e-03 9.999979e-01 -1.604386e-03 -4.572451e-01 -1.056607e-02 1.590635e-03 9.999428e-01 1.993146e+01
9.999101e-01 -1.177847e-03 -1.335819e-02 -8.221977e-01 1.196861e-03 9.999983e-01 1.415340e-03 -4.552412e-01 1.335642e-02 -1.431198e-03 9.999097e-01 1.983048e+01
9.999354e-01 1.274638e-03 1.129488e-02 -7.843032e-01 -1.257765e-03 9.999981e-01 -1.500656e-03 -4.567386e-01 -1.129685e-02 1.486355e-03 9.999350e-01 1.991590e+01
9.998914e-01 -8.893711e-04 -1.470604e-02 -8.048553e-01 9.080748e-04 9.999988e-01 1.265122e-03 -4.547434e-01 1.470482e-02 -1.278336e-03 9.998910e-01 1.977335e+01
9.999682e-01 1.272017e-03 7.875488e-03 -9.857804e-01 -1.261064e-03 9.999982e-01 -1.395309e-03 -4.467735e-01 -7.877326e-03 1.385336e-03 9.999679e-01 1.935666e+01
9.998774e-01 -8.829855e-04 -1.563480e-02 -1.204202e+00 9.054017e-04 9.999986e-01 1.426644e-03 -4.374255e-01 1.563344e-02 -1.440622e-03 9.998767e-01 1.888977e+01
9.999675e-01 1.309891e-03 7.951501e-03 -1.406585e+00 -1.299101e-03 9.999982e-01 -1.361772e-03 -4.285860e-01 -7.953348e-03 1.351401e-03 9.999674e-01 1.841822e+01
9.998758e-01 -8.934874e-04 -1.573624e-02 -1.607988e+00 9.168953e-04 9.999985e-01 1.480285e-03 -4.196116e-01 1.573481e-02 -1.494526e-03 9.998750e-01 1.794415e+01
9.999794e-01 1.446654e-03 6.250866e-03 -1.874844e+00 -1.437331e-03 9.999978e-01 -1.495486e-03 -4.083215e-01 -6.253095e-03 1.486473e-03 9.999793e-01 1.732923e+01
9.998647e-01 -9.691156e-04 -1.642198e-02 -2.168413e+00 9.988886e-04 9.999979e-01 1.804817e-03 -3.959669e-01 1.642012e-02 -1.820974e-03 9.998634e-01 1.671293e+01
9.999563e-01 1.391545e-03 9.243552e-03 -2.343935e+00 -1.376270e-03 9.999977e-01 -1.658491e-03 -3.880006e-01 -9.245918e-03 1.645699e-03 9.999558e-01 1.628479e+01
9.998953e-01 -1.129952e-03 -1.442543e-02 -2.437553e+00 1.154646e-03 9.999979e-01 1.703512e-03 -3.829374e-01 1.442340e-02 -1.719987e-03 9.998944e-01 1.600140e+01
9.999617e-01 1.130761e-03 8.677347e-03 -2.390887e+00 -1.118987e-03 9.999984e-01 -1.361456e-03 -3.896804e-01 -8.678953e-03 1.351696e-03 9.999613e-01 1.632345e+01
9.996839e-01 -1.136572e-03 -2.511640e-02 -2.362914e+00 1.200601e-03 9.999961e-01 2.534305e-03 -4.068688e-01 2.511334e-02 -2.563655e-03 9.996812e-01 1.713326e+01
9.999879e-01 1.125236e-03 -4.776206e-03 -2.356173e+00 -1.125990e-03 9.999994e-01 -1.554658e-04 -4.373768e-01 4.775945e-03 1.608448e-04 9.999885e-01 1.856510e+01
9.998157e-01 -1.426477e-03 -1.914264e-02 -2.319598e+00 1.463946e-03 9.999970e-01 1.943370e-03 -4.636923e-01 1.913973e-02 -1.971033e-03 9.998148e-01 1.980921e+01
9.999791e-01 1.356242e-03 6.320233e-03 -2.281022e+00 -1.349453e-03 9.999985e-01 -1.078060e-03 -4.776652e-01 -6.321771e-03 1.069511e-03 9.999794e-01 2.047131e+01
9.998393e-01 -1.447191e-03 -1.786642e-02 -2.238835e+00 1.479872e-03 9.999973e-01 1.816038e-03 -4.904851e-01 1.786366e-02 -1.842183e-03 9.998387e-01 2.107976e+01
9.999717e-01 1.386407e-03 7.387459e-03 -2.196559e+00 -1.377909e-03 9.999984e-01 -1.155068e-03 -5.021060e-01 -7.389134e-03 1.144860e-03 9.999720e-01 2.163100e+01
9.998391e-01 -1.452514e-03 -1.787852e-02 -2.154906e+00 1.484946e-03 9.999973e-01 1.800761e-03 -5.136767e-01 1.787576e-02 -1.827017e-03 9.998385e-01 2.217981e+01
9.999701e-01 1.378967e-03 7.602715e-03 -2.111380e+00 -1.370169e-03 9.999984e-01 -1.161984e-03 -5.251540e-01 -7.604392e-03 1.151536e-03 9.999703e-01 2.272460e+01
9.998364e-01 -1.439425e-03 -1.803150e-02 -2.069706e+00 1.472207e-03 9.999973e-01 1.804816e-03 -5.366717e-01 1.802877e-02 -1.831063e-03 9.998357e-01 2.327059e+01
9.999703e-01 1.365241e-03 7.579389e-03 -2.026684e+00 -1.356554e-03 9.999984e-01 -1.150890e-03 -5.483130e-01 -7.581036e-03 1.140577e-03 9.999705e-01 2.382277e+01
9.998553e-01 -1.440638e-03 -1.694918e-02 -1.981793e+00 1.469641e-03 9.999975e-01 1.698745e-03 -5.588643e-01 1.694660e-02 -1.723405e-03 9.998548e-01 2.432366e+01
9.999659e-01 1.380622e-03 8.141906e-03 -1.936037e+00 -1.371011e-03 9.999984e-01 -1.185626e-03 -5.688534e-01 -8.143619e-03 1.174426e-03 9.999661e-01 2.479791e+01
9.998429e-01 -1.432576e-03 -1.766729e-02 -1.892681e+00 1.463762e-03 9.999974e-01 1.752256e-03 -5.794756e-01 1.766464e-02 -1.777838e-03 9.998423e-01 2.530137e+01
9.999734e-01 1.373850e-03 7.161478e-03 -1.850325e+00 -1.366095e-03 9.999985e-01 -1.087286e-03 -5.911336e-01 -7.163051e-03 1.077477e-03 9.999737e-01 2.585381e+01
9.998373e-01 -1.449845e-03 -1.797662e-02 -1.808099e+00 1.481771e-03 9.999973e-01 1.762644e-03 -6.031349e-01 1.797392e-02 -1.788991e-03 9.998368e-01 2.642296e+01
9.999655e-01 1.383445e-03 8.187053e-03 -1.763895e+00 -1.373953e-03 9.999984e-01 -1.164678e-03 -6.141210e-01 -8.188742e-03 1.153392e-03 9.999657e-01 2.694432e+01
9.998386e-01 -1.441612e-03 -1.790743e-02 -1.721048e+00 1.473123e-03 9.999974e-01 1.746460e-03 -6.249390e-01 1.790478e-02 -1.772554e-03 9.998381e-01 2.745750e+01
9.999606e-01 1.370166e-03 8.766568e-03 -1.675462e+00 -1.359623e-03 9.999983e-01 -1.208161e-03 -6.352982e-01 -8.768301e-03 1.196197e-03 9.999608e-01 2.794938e+01
9.998588e-01 -1.432853e-03 -1.674253e-02 -1.628587e+00 1.460454e-03 9.999976e-01 1.636316e-03 -6.444345e-01 1.674005e-02 -1.660533e-03 9.998584e-01 2.838337e+01
9.999660e-01 1.386961e-03 8.129715e-03 -1.584111e+00 -1.377748e-03 9.999984e-01 -1.138461e-03 -6.541313e-01 -8.131373e-03 1.127225e-03 9.999662e-01 2.884299e+01
9.998422e-01 -1.454111e-03 -1.770464e-02 -1.540755e+00 1.484521e-03 9.999974e-01 1.704436e-03 -6.648171e-01 1.770203e-02 -1.730446e-03 9.998417e-01 2.935018e+01
9.999668e-01 1.390935e-03 8.022272e-03 -1.497367e+00 -1.382015e-03 9.999984e-01 -1.117022e-03 -6.756179e-01 -8.023906e-03 1.105902e-03 9.999671e-01 2.986254e+01
9.998311e-01 -1.457076e-03 -1.831880e-02 -1.455459e+00 1.489273e-03 9.999974e-01 1.743973e-03 -6.869910e-01 1.831612e-02 -1.770957e-03 9.998306e-01 3.040172e+01
9.999671e-01 1.382276e-03 7.991618e-03 -1.412645e+00 -1.373504e-03 9.999984e-01 -1.102650e-03 -6.984830e-01 -7.993223e-03 1.091641e-03 9.999674e-01 3.094696e+01
9.998299e-01 -1.447003e-03 -1.838547e-02 -1.371287e+00 1.479222e-03 9.999974e-01 1.738751e-03 -7.099371e-01 1.838281e-02 -1.765648e-03 9.998294e-01 3.148994e+01
9.999748e-01 1.380255e-03 6.961754e-03 -1.331205e+00 -1.373332e-03 9.999986e-01 -9.986483e-04 -7.224459e-01 -6.963217e-03 9.890663e-04 9.999752e-01 3.208232e+01
9.998499e-01 -1.475490e-03 -1.725831e-02 -1.287546e+00 1.503721e-03 9.999976e-01 1.622761e-03 -7.339731e-01 1.725578e-02 -1.648465e-03 9.998497e-01 3.262946e+01
9.999726e-01 1.411195e-03 7.265543e-03 -1.244958e+00 -1.403910e-03 9.999985e-01 -1.007239e-03 -7.450680e-01 -7.267049e-03 9.970156e-04 9.999730e-01 3.315513e+01
9.998516e-01 -1.492229e-03 -1.716023e-02 -1.201617e+00 1.519880e-03 9.999976e-01 1.598256e-03 -7.561196e-01 1.715771e-02 -1.624096e-03 9.998514e-01 3.367901e+01
9.999699e-01 1.425510e-03 7.616635e-03 -1.158300e+00 -1.417749e-03 9.999985e-01 -1.023918e-03 -7.667677e-01 -7.618178e-03 1.013093e-03 9.999704e-01 3.418419e+01
9.998388e-01 -1.489608e-03 -1.788825e-02 -1.116914e+00 1.519363e-03 9.999975e-01 1.649715e-03 -7.780938e-01 1.788565e-02 -1.676623e-03 9.998386e-01 3.472062e+01
9.999749e-01 1.416945e-03 6.939414e-03 -1.075851e+00 -1.410364e-03 9.999986e-01 -9.527379e-04 -7.901408e-01 -6.940851e-03 9.429310e-04 9.999754e-01 3.529170e+01
9.998348e-01 -1.495677e-03 -1.811093e-02 -1.035135e+00 1.525890e-03 9.999975e-01 1.654352e-03 -8.024291e-01 1.810831e-02 -1.681710e-03 9.998346e-01 3.587416e+01
9.999777e-01 1.424761e-03 6.520929e-03 -9.952393e-01 -1.418919e-03 9.999986e-01 -8.998141e-04 -8.151233e-01 -6.522299e-03 8.905455e-04 9.999783e-01 3.647504e+01
9.998299e-01 -1.502859e-03 -1.837787e-02 -9.558583e-01 1.533641e-03 9.999974e-01 1.660794e-03 -8.280753e-01 1.837523e-02 -1.688693e-03 9.998297e-01 3.708820e+01
9.999882e-01 1.439553e-03 4.633729e-03 -9.206651e-01 -1.436255e-03 9.999987e-01 -7.141683e-04 -8.428033e-01 -4.634848e-03 7.075088e-04 9.999889e-01 3.778400e+01
9.999279e-01 -1.600000e-03 -1.190063e-02 -8.683264e-01 1.613008e-03 9.999981e-01 1.083234e-03 -8.519289e-01 1.189878e-02 -1.102348e-03 9.999285e-01 3.822325e+01
9.999588e-01 1.579558e-03 8.929731e-03 -8.169392e-01 -1.570238e-03 9.999982e-01 -1.050202e-03 -8.559605e-01 -8.931471e-03 1.036141e-03 9.999595e-01 3.841863e+01
9.999339e-01 -1.277557e-03 -1.142716e-02 -7.777914e-01 1.288278e-03 9.999987e-01 9.306036e-04 -8.576011e-01 1.142586e-02 -9.452591e-04 9.999342e-01 3.850365e+01
9.999623e-01 1.285085e-03 8.588068e-03 -7.303959e-01 -1.277607e-03 9.999988e-01 -8.757683e-04 -8.610798e-01 -8.589281e-03 8.647673e-04 9.999627e-01 3.867542e+01
9.998788e-01 -1.340185e-03 -1.550801e-02 -6.828885e-01 1.359190e-03 9.999983e-01 1.214838e-03 -8.690931e-01 1.550626e-02 -1.235764e-03 9.998789e-01 3.905567e+01
9.999505e-01 1.270143e-03 9.865396e-03 -6.321724e-01 -1.260567e-03 9.999987e-01 -9.764749e-04 -8.760961e-01 -9.866722e-03 9.639948e-04 9.999508e-01 3.939072e+01
9.998464e-01 -1.288270e-03 -1.747905e-02 -5.895502e-01 1.312672e-03 9.999982e-01 1.384475e-03 -8.846216e-01 1.747714e-02 -1.407202e-03 9.998462e-01 3.979529e+01
9.999763e-01 1.201501e-03 6.770464e-03 -5.467275e-01 -1.196731e-03 9.999990e-01 -7.079758e-04 -8.965221e-01 -6.771406e-03 6.998609e-04 9.999768e-01 4.035965e+01
9.998444e-01 -1.258518e-03 -1.759081e-02 -5.064538e-01 1.283146e-03 9.999982e-01 1.388633e-03 -9.083611e-01 1.758893e-02 -1.410984e-03 9.998442e-01 4.091994e+01
9.999541e-01 1.150383e-03 9.503150e-03 -4.570712e-01 -1.141462e-03 9.999989e-01 -9.437081e-04 -9.179246e-01 -9.504324e-03 9.328216e-04 9.999543e-01 4.137721e+01
9.999245e-01 -1.062839e-03 -1.223957e-02 -4.075200e-01 1.074474e-03 9.999990e-01 9.437800e-04 -9.215628e-01 1.223845e-02 -9.568555e-04 9.999246e-01 4.155947e+01
9.999589e-01 1.026741e-03 9.000935e-03 -3.554596e-01 -1.018954e-03 9.999991e-01 -8.692291e-04 -9.258760e-01 -9.001918e-03 8.600261e-04 9.999591e-01 4.177041e+01
9.999309e-01 -7.885848e-04 -1.172376e-02 -3.076967e-01 7.987091e-04 9.999993e-01 8.585996e-04 -9.289287e-01 1.172297e-02 -8.678998e-04 9.999308e-01 4.192188e+01
9.999644e-01 9.880365e-04 8.378295e-03 -3.329158e-01 -9.801186e-04 9.999991e-01 -9.486435e-04 -9.267434e-01 -8.379323e-03 9.404023e-04 9.999644e-01 4.180865e+01
9.999290e-01 -7.225206e-04 -1.189117e-02 -3.676091e-01 7.319851e-04 9.999994e-01 7.912835e-04 -9.241094e-01 1.189049e-02 -7.999272e-04 9.999289e-01 4.165124e+01
9.999590e-01 8.460946e-04 9.010687e-03 -3.748937e-01 -8.382286e-04 9.999993e-01 -8.762852e-04 -9.227718e-01 -9.011521e-03 8.687005e-04 9.999590e-01 4.159160e+01
9.999321e-01 -5.737555e-04 -1.163775e-02 -3.497115e-01 5.824436e-04 9.999996e-01 7.428568e-04 -9.234271e-01 1.163722e-02 -7.495804e-04 9.999319e-01 4.162731e+01
9.999819e-01 5.541547e-04 5.977067e-03 -3.024880e-01 -5.514415e-04 9.999997e-01 -4.549338e-04 -9.300489e-01 -5.977417e-03 4.516338e-04 9.999820e-01 4.194300e+01
9.998733e-01 -6.316133e-04 -1.590594e-02 -2.586012e-01 6.486033e-04 9.999992e-01 1.062781e-03 -9.411008e-01 1.590515e-02 -1.072959e-03 9.998729e-01 4.246574e+01
9.999352e-01 5.610382e-04 1.136908e-02 -2.008350e-01 -5.508505e-04 9.999994e-01 -8.988585e-04 -9.474850e-01 -1.136968e-02 8.925418e-04 9.999349e-01 4.276804e+01
9.998974e-01 -4.624633e-04 -1.431126e-02 -1.613687e-01 4.751182e-04 9.999995e-01 8.806136e-04 -9.499433e-01 1.431074e-02 -8.873185e-04 9.998971e-01 4.289231e+01
9.999600e-01 4.285126e-04 8.926014e-03 -1.086220e-01 -4.228120e-04 9.999997e-01 -6.400938e-04 -9.566218e-01 -8.926385e-03 6.362984e-04 9.999599e-01 4.321106e+01
9.999240e-01 -1.942825e-04 -1.232446e-02 -6.781529e-02 2.025707e-04 9.999998e-01 6.709495e-04 -9.597755e-01 1.232423e-02 -6.733908e-04 9.999238e-01 4.337555e+01
9.999718e-01 1.496569e-04 7.506554e-03 -1.564402e-02 -1.464043e-04 9.999999e-01 -4.333383e-04 -9.657982e-01 -7.506717e-03 4.322313e-04 9.999717e-01 4.366357e+01
9.999343e-01 -9.998116e-05 -1.146101e-02 4.723381e-02 1.065118e-04 9.999998e-01 5.688720e-04 -9.713611e-01 1.146086e-02 -5.700511e-04 9.999341e-01 4.391471e+01
9.999831e-01 8.834276e-05 5.809210e-03 1.013650e-01 -8.668218e-05 1.000000e+00 -2.854246e-04 -9.781771e-01 -5.809334e-03 2.849205e-04 9.999830e-01 4.423311e+01
9.999054e-01 -1.741501e-04 -1.374811e-02 1.562262e-01 1.841960e-04 9.999997e-01 7.291679e-04 -9.875601e-01 1.374788e-02 -7.316270e-04 9.999052e-01 4.467181e+01
9.999976e-01 2.175025e-04 -2.177470e-03 1.901682e-01 -2.165335e-04 9.999999e-01 4.433989e-04 -1.004046e+00 2.177467e-03 -4.429220e-04 9.999975e-01 4.544126e+01
9.998879e-01 -4.158697e-04 -1.496113e-02 2.325238e-01 4.277730e-04 9.999996e-01 7.921502e-04 -1.022933e+00 1.496069e-02 -7.984570e-04 9.998877e-01 4.633662e+01
9.999968e-01 3.431109e-04 2.505541e-03 2.709879e-01 -3.432231e-04 9.999999e-01 4.606984e-05 -1.036391e+00 -2.505625e-03 -4.692530e-05 9.999968e-01 4.697126e+01
9.998720e-01 -4.502531e-04 -1.599048e-02 3.103925e-01 4.642552e-04 9.999995e-01 8.716863e-04 -1.051086e+00 1.598998e-02 -8.789940e-04 9.998717e-01 4.766512e+01
9.999853e-01 3.804248e-04 5.399951e-03 3.522902e-01 -3.793573e-04 9.999999e-01 -1.978924e-04 -1.062711e+00 -5.400126e-03 1.958454e-04 9.999853e-01 4.821394e+01
9.997437e-01 -4.071938e-04 -2.263271e-02 3.801663e-01 4.401145e-04 9.999989e-01 1.449406e-03 -1.080648e+00 2.263200e-02 -1.458991e-03 9.997427e-01 4.905675e+01
9.997782e-01 5.454918e-04 -2.105202e-02 3.577738e-01 -5.001824e-04 9.999975e-01 2.157248e-03 -1.124184e+00 2.105304e-02 -2.146235e-03 9.997760e-01 5.107697e+01
9.998901e-01 -1.261001e-03 -1.476552e-02 3.955173e-01 1.268324e-03 9.999991e-01 4.862402e-04 -1.163233e+00 1.476479e-02 -5.049096e-04 9.998908e-01 5.292552e+01
9.999356e-01 1.268973e-03 -1.127639e-02 4.131412e-01 -1.251428e-03 9.999980e-01 1.562403e-03 -1.189742e+00 1.127825e-02 -1.548187e-03 9.999352e-01 5.415893e+01
9.999450e-01 -1.562906e-03 -1.036199e-02 4.556318e-01 1.563194e-03 9.999988e-01 1.913366e-05 -1.213564e+00 1.036185e-02 -3.532567e-05 9.999463e-01 5.528452e+01
9.999926e-01 1.440278e-03 3.539169e-03 5.085841e-01 -1.441395e-03 9.999989e-01 3.144047e-04 -1.221785e+00 -3.538811e-03 -3.194992e-04 9.999936e-01 5.567547e+01
9.999688e-01 -1.495903e-03 -7.746533e-03 5.634028e-01 1.494345e-03 9.999989e-01 -2.076603e-04 -1.227074e+00 7.746736e-03 1.960826e-04 9.999699e-01 5.592504e+01
9.999974e-01 1.453535e-03 1.704112e-03 6.144690e-01 -1.454365e-03 9.999988e-01 4.888724e-04 -1.234116e+00 -1.703498e-03 -4.913451e-04 9.999984e-01 5.625655e+01
9.999199e-01 -1.492387e-03 -1.256574e-02 6.550517e-01 1.495008e-03 9.999989e-01 1.987785e-04 -1.245822e+00 1.256533e-02 -2.175437e-04 9.999210e-01 5.680693e+01
9.999888e-01 1.415299e-03 -4.506896e-03 6.860745e-01 -1.410583e-03 9.999985e-01 1.048225e-03 -1.263722e+00 4.508275e-03 -1.041851e-03 9.999893e-01 5.764836e+01
9.999395e-01 -1.580393e-03 -1.087973e-02 7.265980e-01 1.580615e-03 9.999988e-01 1.120877e-05 -1.280538e+00 1.087960e-02 -2.839998e-05 9.999408e-01 5.844327e+01
9.999988e-01 1.480802e-03 1.197024e-05 7.708908e-01 -1.480805e-03 9.999987e-01 6.825536e-04 -1.292513e+00 -1.105734e-05 -6.825660e-04 9.999997e-01 5.900840e+01
9.999502e-01 -1.574258e-03 -9.844051e-03 8.170816e-01 1.573420e-03 9.999988e-01 -9.347859e-05 -1.303465e+00 9.844088e-03 7.798988e-05 9.999515e-01 5.952567e+01
9.997953e-01 1.692562e-03 -2.015910e-02 8.176622e-01 -1.642159e-03 9.999955e-01 2.516223e-03 -1.333107e+00 2.016317e-02 -2.482599e-03 9.997936e-01 6.090528e+01
9.999871e-01 -2.430975e-03 -4.455673e-03 8.677851e-01 2.426772e-03 9.999966e-01 -9.498342e-04 -1.360791e+00 4.457870e-03 9.390139e-04 9.999896e-01 6.220863e+01
9.999922e-01 2.388746e-03 -3.137476e-03 9.146866e-01 -2.384427e-03 9.999962e-01 1.377616e-03 -1.369273e+00 3.140659e-03 -1.370120e-03 9.999941e-01 6.260797e+01
9.999636e-01 -2.453312e-03 -8.161248e-03 9.562973e-01 2.448009e-03 9.999968e-01 -6.605384e-04 -1.381529e+00 8.162747e-03 6.405404e-04 9.999664e-01 6.318505e+01
9.999852e-01 2.350372e-03 -4.902409e-03 9.971046e-01 -2.342747e-03 9.999960e-01 1.559335e-03 -1.395656e+00 4.905959e-03 -1.547822e-03 9.999867e-01 6.385037e+01
9.999729e-01 -2.454151e-03 -6.932994e-03 1.040228e+00 2.448685e-03 9.999967e-01 -7.977036e-04 -1.408627e+00 6.934834e-03 7.807101e-04 9.999756e-01 6.446371e+01
9.999883e-01 2.370744e-03 -4.206207e-03 1.082134e+00 -2.364317e-03 9.999960e-01 1.530677e-03 -1.420739e+00 4.209725e-03 -1.520710e-03 9.999899e-01 6.503512e+01
9.999342e-01 -2.419409e-03 -1.120398e-02 1.115788e+00 2.414414e-03 9.999970e-01 -4.599749e-04 -1.436953e+00 1.120497e-02 4.328984e-04 9.999371e-01 6.579640e+01
9.999529e-01 2.326648e-03 -9.413826e-03 1.141745e+00 -2.307629e-03 9.999953e-01 2.030068e-03 -1.458445e+00 9.418411e-03 -2.008244e-03 9.999536e-01 6.680572e+01
9.998523e-01 -2.399465e-03 -1.701438e-02 1.158658e+00 2.399531e-03 9.999971e-01 -1.692748e-05 -1.485756e+00 1.701428e-02 -2.389677e-05 9.998552e-01 6.808700e+01
9.997335e-01 2.331779e-03 -2.296314e-02 1.157761e+00 -2.256686e-03 9.999920e-01 3.295252e-03 -1.526272e+00 2.297055e-02 -3.242549e-03 9.997309e-01 6.997848e+01
9.999460e-01 -2.646108e-03 -1.004626e-02 1.189097e+00 2.638720e-03 9.999962e-01 -7.492978e-04 -1.561782e+00 1.004811e-02 7.227528e-04 9.999492e-01 7.164663e+01
9.999556e-01 2.503275e-03 -9.073374e-03 1.223676e+00 -2.483621e-03 9.999945e-01 2.175986e-03 -1.582181e+00 9.078683e-03 -2.153351e-03 9.999564e-01 7.260317e+01
9.999675e-01 -2.614063e-03 -7.617098e-03 1.262516e+00 2.606523e-03 9.999961e-01 -1.000531e-03 -1.600141e+00 7.619596e-03 9.806486e-04 9.999705e-01 7.344596e+01
9.999811e-01 2.469502e-03 -5.625321e-03 1.305179e+00 -2.458784e-03 9.999952e-01 1.910076e-03 -1.614633e+00 5.629924e-03 -1.896204e-03 9.999823e-01 7.413073e+01
9.999547e-01 -2.648704e-03 -9.139603e-03 1.346832e+00 2.640465e-03 9.999961e-01 -9.142673e-04 -1.630879e+00 9.141902e-03 8.900977e-04 9.999578e-01 7.490217e+01
9.999946e-01 2.566015e-03 -2.021855e-03 1.387299e+00 -2.562689e-03 9.999954e-01 1.642404e-03 -1.642983e+00 2.025974e-03 -1.637210e-03 9.999966e-01 7.547307e+01
9.999597e-01 -2.677976e-03 -8.556918e-03 1.432200e+00 2.669524e-03 9.999959e-01 -9.998891e-04 -1.654752e+00 8.559475e-03 9.770105e-04 9.999629e-01 7.603032e+01
9.997658e-01 2.772509e-03 -2.145973e-02 1.433349e+00 -2.699442e-03 9.999905e-01 3.432706e-03 -1.684454e+00 2.146896e-02 -3.373969e-03 9.997638e-01 7.741191e+01
9.999051e-01 -3.054156e-03 -1.342636e-02 1.456401e+00 3.044629e-03 9.999951e-01 -7.305701e-04 -1.721682e+00 1.342844e-02 6.896270e-04 9.999096e-01 7.916034e+01
9.999899e-01 2.826720e-03 -3.467916e-03 1.499556e+00 -2.819984e-03 9.999941e-01 1.943198e-03 -1.740456e+00 3.473307e-03 -1.933395e-03 9.999921e-01 8.004488e+01
9.999957e-01 -2.802438e-03 -7.172007e-04 1.555224e+00 2.801177e-03 9.999945e-01 -1.764154e-03 -1.746587e+00 7.220600e-04 1.762142e-03 9.999982e-01 8.033995e+01
9.999759e-01 2.795757e-03 -6.342295e-03 1.598022e+00 -2.780852e-03 9.999934e-01 2.356504e-03 -1.754397e+00 6.348761e-03 -2.338806e-03 9.999771e-01 8.071297e+01
9.999686e-01 -2.922354e-03 -7.357272e-03 1.643154e+00 2.911835e-03 9.999947e-01 -1.441162e-03 -1.769483e+00 7.361365e-03 1.419698e-03 9.999719e-01 8.142393e+01
9.999873e-01 2.844430e-03 -4.151482e-03 1.689020e+00 -2.835249e-03 9.999935e-01 2.213593e-03 -1.782083e+00 4.157672e-03 -2.201791e-03 9.999889e-01 8.201516e+01
9.999657e-01 -2.923143e-03 -7.738603e-03 1.735884e+00 2.912031e-03 9.999947e-01 -1.447991e-03 -1.795166e+00 7.742716e-03 1.425410e-03 9.999690e-01 8.262963e+01
9.999723e-01 2.869784e-03 -6.850667e-03 1.773469e+00 -2.852733e-03 9.999928e-01 2.496325e-03 -1.810616e+00 6.857705e-03 -2.476709e-03 9.999734e-01 8.335177e+01
9.999664e-01 -3.019125e-03 -7.608024e-03 1.817418e+00 3.007625e-03 9.999943e-01 -1.523674e-03 -1.826513e+00 7.612505e-03 1.500745e-03 9.999699e-01 8.410163e+01
9.999901e-01 2.912543e-03 -3.344542e-03 1.862437e+00 -2.905072e-03 9.999933e-01 2.233895e-03 -1.838577e+00 3.350950e-03 -2.224153e-03 9.999919e-01 8.466860e+01
