9.999982e-01 -7.118043e-04 1.784354e-03 -3.163554e-02 7.097040e-04 9.999991e-01 1.177413e-03 -2.734903e-02 -1.785191e-03 -1.176144e-03 9.999976e-01 1.363485e+00
1.000000e+00 -1.361290e-04 2.811576e-04 -7.833517e-02 1.361157e-04 1.000000e+00 4.736829e-05 -5.683976e-02 -2.811636e-04 -4.732930e-05 9.999999e-01 2.880903e+00
9.999983e-01 -7.461171e-04 1.665590e-03 -1.345864e-01 7.445653e-04 9.999993e-01 9.321585e-04 -8.617866e-02 -1.666284e-03 -9.309160e-04 9.999981e-01 4.375164e+00
1.000000e+00 1.868765e-05 2.915081e-05 -2.108878e-01 -1.867665e-05 9.999999e-01 -3.767636e-04 -1.145986e-01 -2.915705e-05 3.767639e-04 9.999998e-01 5.769993e+00
9.999973e-01 -9.274482e-04 2.112486e-03 -2.671829e-01 9.246961e-04 9.999987e-01 1.303383e-03 -1.445310e-01 -2.113691e-03 -1.301425e-03 9.999968e-01 7.291923e+00
1.000000e+00 1.158878e-04 4.546395e-05 -3.099734e-01 -1.158821e-04 1.000000e+00 -1.254213e-04 -1.740709e-01 -4.547726e-05 1.254171e-04 9.999999e-01 8.822291e+00
9.999975e-01 -8.686703e-04 2.052862e-03 -3.459137e-01 8.657948e-04 9.999986e-01 1.401178e-03 -2.032876e-01 -2.054075e-03 -1.399396e-03 9.999968e-01 1.034685e+01
1.000000e+00 1.851554e-04 -6.200779e-05 -3.723582e-01 -1.851664e-04 1.000000e+00 -1.780728e-04 -2.315166e-01 6.197645e-05 1.780857e-04 9.999999e-01 1.180125e+01
9.999980e-01 -7.842359e-04 1.843834e-03 -3.980542e-01 7.816458e-04 9.999987e-01 1.405042e-03 -2.585307e-01 -1.844931e-03 -1.403597e-03 9.999972e-01 1.315086e+01
1.000000e+00 1.794579e-04 -1.347741e-04 -4.282377e-01 -1.794862e-04 1.000000e+00 -2.101222e-04 -2.851753e-01 1.347383e-04 2.101480e-04 9.999999e-01 1.444948e+01
9.999978e-01 -8.184217e-04 1.938807e-03 -4.568347e-01 8.157403e-04 9.999987e-01 1.383416e-03 -3.122275e-01 -1.939935e-03 -1.381829e-03 9.999971e-01 1.578840e+01
1.000000e+00 5.991568e-05 1.509593e-04 -4.824770e-01 -5.987304e-05 1.000000e+00 -2.824367e-04 -3.408297e-01 -1.509738e-04 2.824295e-04 9.999998e-01 1.727628e+01
9.999985e-01 -7.582121e-04 1.532423e-03 -5.165287e-01 7.564720e-04 9.999991e-01 1.135745e-03 -3.675248e-01 -1.533280e-03 -1.134582e-03 9.999981e-01 1.858012e+01
1.000000e+00 8.718567e-05 2.643405e-04 -5.555183e-01 -8.713645e-05 1.000000e+00 -1.862690e-04 -3.942965e-01 -2.643540e-04 1.862480e-04 9.999998e-01 1.985848e+01
9.999984e-01 -7.854927e-04 1.580452e-03 -5.856047e-01 7.835440e-04 9.999989e-01 1.233284e-03 -4.215813e-01 -1.581416e-03 -1.232042e-03 9.999979e-01 2.120718e+01
1.000000e+00 1.885545e-04 2.367266e-04 -6.109616e-01 -1.885467e-04 1.000000e+00 -3.306637e-05 -4.485308e-01 -2.367297e-04 3.302394e-05 9.999999e-01 2.254610e+01
9.999987e-01 -7.063332e-04 1.439543e-03 -6.281704e-01 7.045923e-04 9.999990e-01 1.209507e-03 -4.744375e-01 -1.440393e-03 -1.208489e-03 9.999981e-01 2.381760e+01
9.999999e-01 1.689935e-04 2.772558e-04 -6.404751e-01 -1.689841e-04 1.000000e+00 -3.421069e-05 -5.004338e-01 -2.772581e-04 3.416626e-05 9.999999e-01 2.510782e+01
9.999986e-01 -6.698462e-04 1.563641e-03 -6.493810e-01 6.678198e-04 9.999989e-01 1.296089e-03 -5.269673e-01 -1.564504e-03 -1.295040e-03 9.999978e-01 2.646171e+01
9.999999e-01 3.858523e-05 3.348497e-04 -6.642288e-01 -3.857251e-05 1.000000e+00 -3.808138e-05 -5.543865e-01 -3.348474e-04 3.807114e-05 9.999998e-01 2.787939e+01
9.999986e-01 -6.761691e-04 1.517097e-03 -6.876156e-01 6.743609e-04 9.999991e-01 1.192064e-03 -5.815503e-01 -1.517898e-03 -1.191036e-03 9.999980e-01 2.924651e+01
1.000000e+00 7.257705e-05 1.919767e-04 -7.060879e-01 -7.255132e-05 1.000000e+00 -1.342776e-04 -6.076691e-01 -1.919822e-04 1.342666e-04 9.999999e-01 3.053048e+01
9.999988e-01 -5.505702e-04 1.457247e-03 -7.118038e-01 5.486477e-04 9.999990e-01 1.319269e-03 -6.330586e-01 -1.457968e-03 -1.318465e-03 9.999980e-01 3.178347e+01
1.000000e+00 -1.068229e-04 2.393312e-04 -7.360803e-01 1.069096e-04 9.999999e-01 -3.624755e-04 -6.593756e-01 -2.392879e-04 3.625042e-04 9.999998e-01 3.308076e+01
9.999985e-01 -5.233818e-04 1.671583e-03 -7.550630e-01 5.208645e-04 9.999987e-01 1.505988e-03 -6.864543e-01 -1.672365e-03 -1.505112e-03 9.999974e-01 3.444210e+01
1.000000e+00 -5.030117e-05 -1.405238e-06 -7.689841e-01 5.030056e-05 9.999999e-01 -3.908148e-04 -7.124827e-01 1.429759e-06 3.908181e-04 9.999998e-01 3.574594e+01
9.999984e-01 -6.693973e-04 1.661331e-03 -8.023914e-01 6.672707e-04 9.999990e-01 1.280254e-03 -7.390928e-01 -1.662181e-03 -1.279140e-03 9.999977e-01 3.705786e+01
1.000000e+00 -7.445022e-05 2.591937e-04 -8.348431e-01 7.450989e-05 1.000000e+00 -2.304932e-04 -7.669342e-01 -2.591713e-04 2.305160e-04 9.999998e-01 3.845539e+01
9.999985e-01 -6.487615e-04 1.590206e-03 -8.678962e-01 6.466929e-04 9.999989e-01 1.300963e-03 -7.944887e-01 -1.591043e-03 -1.299929e-03 9.999978e-01 3.982614e+01
9.999999e-01 -1.408427e-04 2.946229e-04 -9.039027e-01 1.409552e-04 9.999999e-01 -3.823220e-04 -8.222048e-01 -2.945635e-04 3.823673e-04 9.999998e-01 4.120086e+01
9.999987e-01 -5.906259e-04 1.486756e-03 -9.386485e-01 5.886961e-04 9.999990e-01 1.298043e-03 -8.493088e-01 -1.487515e-03 -1.297163e-03 9.999980e-01 4.253099e+01
9.999999e-01 -1.359001e-04 4.599305e-04 -9.705970e-01 1.360004e-04 1.000000e+00 -2.182463e-04 -8.773291e-01 -4.598949e-04 2.183127e-04 9.999998e-01 4.395008e+01
9.999988e-01 -5.542691e-04 1.428917e-03 -1.001489e+00 5.523642e-04 9.999990e-01 1.333077e-03 -9.050933e-01 -1.429648e-03 -1.332282e-03 9.999980e-01 4.535483e+01
9.999999e-01 -8.625947e-05 3.266981e-04 -1.030971e+00 8.634368e-05 1.000000e+00 -2.581092e-04 -9.319356e-01 -3.266695e-04 2.581415e-04 9.999998e-01 4.667624e+01
9.999986e-01 -6.378580e-04 1.529359e-03 -1.064483e+00 6.358919e-04 9.999990e-01 1.285633e-03 -9.594483e-01 -1.530171e-03 -1.284655e-03 9.999979e-01 4.804517e+01
1.000000e+00 -7.353743e-05 2.862262e-04 -1.095661e+00 7.363360e-05 9.999999e-01 -3.364385e-04 -9.865238e-01 -2.861947e-04 3.364639e-04 9.999998e-01 4.937719e+01
9.999987e-01 -6.314282e-04 1.511411e-03 -1.126195e+00 6.294552e-04 9.999989e-01 1.305431e-03 -1.013490e+00 -1.512227e-03 -1.304473e-03 9.999979e-01 5.070183e+01
9.999999e-01 -8.145276e-05 3.528726e-04 -1.155720e+00 8.156430e-05 9.999999e-01 -3.164950e-04 -1.040766e+00 -3.528397e-04 3.165283e-04 9.999998e-01 5.206099e+01
9.999985e-01 -7.055082e-04 1.579384e-03 -1.182046e+00 7.036094e-04 9.999990e-01 1.202379e-03 -1.068182e+00 -1.580223e-03 -1.201261e-03 9.999979e-01 5.343168e+01
1.000000e+00 -2.181918e-05 2.681313e-04 -1.204342e+00 2.190861e-05 9.999999e-01 -3.340933e-04 -1.095043e+00 -2.681165e-04 3.341038e-04 9.999998e-01 5.476185e+01
9.999986e-01 -6.436147e-04 1.541776e-03 -1.236189e+00 6.414858e-04 9.999988e-01 1.380831e-03 -1.122272e+00 -1.542655e-03 -1.379835e-03 9.999978e-01 5.611582e+01
1.000000e+00 -2.425136e-05 -1.501195e-04 -1.277998e+00 2.414393e-05 9.999997e-01 -7.144463e-04 -1.148023e+00 1.501446e-04 7.144475e-04 9.999996e-01 5.734607e+01
9.999911e-01 -1.253300e-03 4.026833e-03 -1.424081e+00 1.246477e-03 9.999978e-01 1.696224e-03 -1.194648e+00 -4.028942e-03 -1.691185e-03 9.999904e-01 5.997069e+01
9.999971e-01 -7.589889e-04 -2.269577e-03 -1.549638e+00 7.531881e-04 9.999965e-01 -2.555548e-03 -1.234191e+00 2.271517e-03 2.553836e-03 9.999941e-01 6.210923e+01
9.999946e-01 4.700074e-04 3.254595e-03 -1.606147e+00 -4.792371e-04 9.999959e-01 2.835666e-03 -1.259117e+00 -3.253240e-03 -2.837205e-03 9.999906e-01 6.318213e+01
9.999984e-01 -1.351248e-03 -1.132811e-03 -1.633522e+00 1.348830e-03 9.999968e-01 -2.131998e-03 -1.287440e+00 1.135697e-03 2.130472e-03 9.999970e-01 6.460984e+01
9.999993e-01 7.545926e-04 9.628216e-04 -1.680469e+00 -7.566881e-04 9.999973e-01 2.177752e-03 -1.310402e+00 -9.611671e-04 -2.178474e-03 9.999971e-01 6.553223e+01
9.999984e-01 -9.477124e-04 -1.520087e-03 -1.782003e+00 9.441356e-04 9.999968e-01 -2.351911e-03 -1.333440e+00 1.522319e-03 2.350477e-03 9.999960e-01 6.635968e+01
9.999981e-01 6.233749e-04 -1.870513e-03 -1.881917e+00 -6.191728e-04 9.999973e-01 2.246336e-03 -1.350372e+00 1.871916e-03 -2.245168e-03 9.999956e-01 6.679040e+01
9.999798e-01 -1.359829e-03 -6.214422e-03 -2.091201e+00 1.343372e-03 9.999956e-01 -2.651648e-03 -1.359140e+00 6.218008e-03 2.643251e-03 9.999771e-01 6.690829e+01
9.999978e-01 1.388054e-03 -1.573244e-03 -2.339119e+00 -1.386130e-03 9.999983e-01 1.223746e-03 -1.374627e+00 1.574947e-03 -1.221558e-03 9.999979e-01 6.737859e+01
9.999923e-01 -1.646045e-03 -3.554456e-03 -2.535453e+00 1.639824e-03 9.999971e-01 -1.752454e-03 -1.393162e+00 3.557336e-03 1.746617e-03 9.999920e-01 6.789223e+01
9.999892e-01 1.464936e-03 -4.401612e-03 -2.797507e+00 -1.463321e-03 9.999989e-01 3.700663e-04 -1.409464e+00 4.402155e-03 -3.636168e-04 9.999901e-01 6.832482e+01
9.999986e-01 -1.480587e-03 -8.312457e-04 -3.000617e+00 1.479446e-03 9.999980e-01 -1.372501e-03 -1.429345e+00 8.332810e-04 1.371274e-03 9.999986e-01 6.900991e+01
9.999975e-01 8.715566e-04 -2.060742e-03 -3.148865e+00 -8.694327e-04 9.999991e-01 1.031399e-03 -1.451386e+00 2.061644e-03 -1.029600e-03 9.999972e-01 6.982531e+01
9.999988e-01 -1.436354e-03 -5.087445e-04 -3.295509e+00 1.435558e-03 9.999978e-01 -1.561614e-03 -1.474204e+00 5.109907e-04 1.560887e-03 9.999986e-01 7.075128e+01
9.999985e-01 7.698672e-04 -1.540386e-03 -3.404828e+00 -7.681505e-04 9.999991e-01 1.114766e-03 -1.497363e+00 1.541247e-03 -1.113577e-03 9.999981e-01 7.168228e+01
9.999987e-01 -1.509941e-03 -4.907174e-04 -3.515727e+00 1.509137e-03 9.999975e-01 -1.633098e-03 -1.521205e+00 4.931860e-04 1.632360e-03 9.999984e-01 7.270507e+01
9.999989e-01 7.994213e-04 -1.285906e-03 -3.619030e+00 -7.977460e-04 9.999988e-01 1.302869e-03 -1.544666e+00 1.286949e-03 -1.301838e-03 9.999982e-01 7.364706e+01
9.999966e-01 -1.611414e-03 -2.043492e-03 -3.748365e+00 1.607882e-03 9.999972e-01 -1.728923e-03 -1.567635e+00 2.046276e-03 1.725636e-03 9.999963e-01 7.447659e+01
9.999938e-01 8.427646e-04 -3.430460e-03 -3.917308e+00 -8.388287e-04 9.999990e-01 1.148629e-03 -1.589384e+00 3.431427e-03 -1.145740e-03 9.999934e-01 7.515777e+01
9.999872e-01 -1.486112e-03 -4.841191e-03 -4.163032e+00 1.475090e-03 9.999963e-01 -2.279524e-03 -1.605568e+00 4.844562e-03 2.272357e-03 9.999856e-01 7.552985e+01
9.999854e-01 -2.517781e-05 -5.412612e-03 -4.443456e+00 3.415749e-05 9.999986e-01 1.658944e-03 -1.614756e+00 5.412564e-03 -1.659101e-03 9.999839e-01 7.561345e+01
9.999849e-01 1.707536e-04 -5.498927e-03 -4.752092e+00 -1.900035e-04 9.999939e-01 -3.500333e-03 -1.629229e+00 5.498296e-03 3.501329e-03 9.999787e-01 7.593431e+01
9.999964e-01 -8.503113e-04 2.546213e-03 -4.948735e+00 8.435761e-04 9.999961e-01 2.645114e-03 -1.654806e+00 -2.548452e-03 -2.642953e-03 9.999932e-01 7.711255e+01
9.999972e-01 2.977365e-04 -2.348078e-03 -5.041627e+00 -3.052116e-04 9.999949e-01 -3.183793e-03 -1.681005e+00 2.347118e-03 3.184505e-03 9.999921e-01 7.834234e+01
9.999972e-01 -2.446952e-04 2.359074e-03 -5.112846e+00 2.373616e-04 9.999951e-01 3.108459e-03 -1.701041e+00 -2.359824e-03 -3.107887e-03 9.999923e-01 7.911898e+01
9.999995e-01 -2.896591e-04 -1.003103e-03 -5.117596e+00 2.872154e-04 9.999970e-01 -2.435429e-03 -1.723985e+00 1.003805e-03 2.435143e-03 9.999964e-01 8.012142e+01
9.999975e-01 -1.832872e-04 2.249372e-03 -5.112537e+00 1.761546e-04 9.999950e-01 3.170705e-03 -1.746279e+00 -2.249942e-03 -3.170297e-03 9.999923e-01 8.109773e+01
9.999995e-01 -2.161990e-04 -9.585942e-04 -5.104527e+00 2.138937e-04 9.999971e-01 -2.404297e-03 -1.768496e+00 9.591112e-04 2.404095e-03 9.999966e-01 8.208242e+01
9.999973e-01 -1.506154e-04 2.314955e-03 -5.090123e+00 1.429745e-04 9.999945e-01 3.300525e-03 -1.791078e+00 -2.315439e-03 -3.300181e-03 9.999918e-01 8.312527e+01
9.999996e-01 -4.706731e-04 -7.317628e-04 -5.094222e+00 4.689383e-04 9.999971e-01 -2.369103e-03 -1.815899e+00 7.328761e-04 2.368763e-03 9.999968e-01 8.433286e+01
9.999974e-01 -1.271090e-04 2.274704e-03 -5.093196e+00 1.190799e-04 9.999938e-01 3.529528e-03 -1.840688e+00 -2.275138e-03 -3.529244e-03 9.999911e-01 8.556950e+01
9.999996e-01 -8.008820e-04 4.522146e-04 -5.136490e+00 8.015262e-04 9.999987e-01 -1.426119e-03 -1.874599e+00 -4.510711e-04 1.426485e-03 9.999988e-01 8.756102e+01
9.999978e-01 -2.279581e-04 2.101611e-03 -5.159193e+00 2.215237e-04 9.999953e-01 3.061402e-03 -1.907443e+00 -2.102298e-03 -3.060925e-03 9.999930e-01 8.949241e+01
9.999998e-01 -5.381461e-04 -3.054557e-04 -5.167978e+00 5.375882e-04 9.999982e-01 -1.823287e-03 -1.934242e+00 3.064375e-04 1.823127e-03 9.999982e-01 9.088721e+01
9.999980e-01 -2.334184e-04 1.992867e-03 -5.176471e+00 2.273487e-04 9.999953e-01 3.045376e-03 -1.960568e+00 -1.993568e-03 -3.044912e-03 9.999933e-01 9.224674e+01
9.999997e-01 -7.282545e-04 -2.752394e-04 -5.205154e+00 7.277705e-04 9.999982e-01 -1.754664e-03 -1.988239e+00 2.765183e-04 1.754468e-03 9.999983e-01 9.369760e+01
9.999978e-01 -3.134226e-04 2.082389e-03 -5.237444e+00 3.072021e-04 9.999955e-01 2.986836e-03 -2.016636e+00 -2.083314e-03 -2.986185e-03 9.999933e-01 9.519999e+01
9.999997e-01 -7.273546e-04 -1.354608e-04 -5.267945e+00 7.271254e-04 9.999983e-01 -1.683581e-03 -2.045613e+00 1.366871e-04 1.683488e-03 9.999985e-01 9.675785e+01
9.999977e-01 -3.685589e-04 2.108992e-03 -5.304920e+00 3.623192e-04 9.999956e-01 2.958213e-03 -2.075070e+00 -2.110070e-03 -2.957437e-03 9.999933e-01 9.834897e+01
9.999998e-01 -6.795762e-04 -1.916698e-04 -5.339415e+00 6.792577e-04 9.999984e-01 -1.656622e-03 -2.104062e+00 1.927976e-04 1.656496e-03 9.999985e-01 9.990339e+01
9.999978e-01 -2.161330e-04 2.064544e-03 -5.359270e+00 2.102351e-04 9.999959e-01 2.856501e-03 -2.131889e+00 -2.065151e-03 -2.856055e-03 9.999937e-01 1.013710e+02
9.999998e-01 -6.087098e-04 -2.343136e-04 -5.368320e+00 6.083257e-04 9.999985e-01 -1.635527e-03 -2.159049e+00 2.353115e-04 1.635390e-03 9.999985e-01 1.028021e+02
9.999978e-01 -1.749352e-04 2.086817e-03 -5.378462e+00 1.688788e-04 9.999958e-01 2.901990e-03 -2.186209e+00 -2.087313e-03 -2.901625e-03 9.999935e-01 1.042235e+02
9.999999e-01 -4.194923e-04 -2.944256e-04 -5.369925e+00 4.189798e-04 9.999984e-01 -1.738572e-03 -2.212044e+00 2.951575e-04 1.738454e-03 9.999983e-01 1.055691e+02
9.999977e-01 -1.803468e-04 2.157099e-03 -5.360759e+00 1.741208e-04 9.999958e-01 2.886128e-03 -2.238260e+00 -2.157607e-03 -2.885740e-03 9.999934e-01 1.069525e+02
9.999993e-01 -7.372705e-04 -8.752201e-04 -5.384610e+00 7.355786e-04 9.999979e-01 -1.931820e-03 -2.264002e+00 8.766459e-04 1.931181e-03 9.999977e-01 1.082098e+02
9.999974e-01 4.147848e-05 2.264257e-03 -5.424521e+00 -4.774012e-05 9.999962e-01 2.765411e-03 -2.288862e+00 -2.264130e-03 -2.765506e-03 9.999935e-01 1.093382e+02
9.999989e-01 -8.177730e-04 -1.223202e-03 -5.454482e+00 8.154071e-04 9.999978e-01 -1.933387e-03 -2.313725e+00 1.224784e-03 1.932394e-03 9.999973e-01 1.104867e+02
9.999964e-01 1.388733e-04 2.687993e-03 -5.499164e+00 -1.455760e-04 9.999969e-01 2.493489e-03 -2.338754e+00 -2.687634e-03 -2.493865e-03 9.999932e-01 1.116022e+02
9.999989e-01 -5.903047e-04 -1.380938e-03 -5.492882e+00 5.880990e-04 9.999986e-01 -1.597040e-03 -2.361594e+00 1.381883e-03 1.596233e-03 9.999977e-01 1.126403e+02
9.999963e-01 1.612853e-04 2.724452e-03 -5.485479e+00 -1.680649e-04 9.999969e-01 2.488351e-03 -2.384488e+00 -2.724038e-03 -2.488793e-03 9.999931e-01 1.136887e+02
9.999990e-01 -5.968843e-04 -1.264742e-03 -5.476550e+00 5.950069e-04 9.999987e-01 -1.484187e-03 -2.408077e+00 1.265631e-03 1.483439e-03 9.999980e-01 1.148121e+02
9.999969e-01 2.894507e-04 2.459848e-03 -5.460856e+00 -2.953743e-04 9.999971e-01 2.408070e-03 -2.429924e+00 -2.459139e-03 -2.408783e-03 9.999940e-01 1.157992e+02
9.999988e-01 -4.720920e-04 -1.483400e-03 -5.445149e+00 4.700412e-04 9.999989e-01 -1.382485e-03 -2.450371e+00 1.484056e-03 1.381793e-03 9.999978e-01 1.166642e+02
9.999959e-01 9.230626e-05 2.869361e-03 -5.440096e+00 -9.961760e-05 9.999967e-01 2.547990e-03 -2.473685e+00 -2.869112e-03 -2.548259e-03 9.999925e-01 1.177659e+02
9.999988e-01 -5.747510e-04 -1.422151e-03 -5.439682e+00 5.726416e-04 9.999987e-01 -1.483122e-03 -2.497718e+00 1.423007e-03 1.482313e-03 9.999978e-01 1.189159e+02
9.999968e-01 2.883138e-04 2.501418e-03 -5.430850e+00 -2.944368e-04 9.999970e-01 2.447748e-03 -2.519220e+00 -2.500700e-03 -2.448469e-03 9.999938e-01 1.198501e+02
9.999987e-01 -4.677842e-04 -1.547988e-03 -5.421841e+00 4.656967e-04 9.999990e-01 -1.348515e-03 -2.539920e+00 1.548623e-03 1.347800e-03 9.999978e-01 1.207165e+02
9.999964e-01 2.168256e-04 2.656161e-03 -5.416053e+00 -2.234183e-04 9.999969e-01 2.481940e-03 -2.561620e+00 -2.655609e-03 -2.482518e-03 9.999933e-01 1.216657e+02
9.999989e-01 -5.206634e-04 -1.411352e-03 -5.410299e+00 5.188059e-04 9.999990e-01 -1.315995e-03 -2.584211e+00 1.412040e-03 1.315268e-03 9.999980e-01 1.227013e+02
9.999960e-01 1.310104e-04 2.808646e-03 -5.411107e+00 -1.380119e-04 9.999969e-01 2.492718e-03 -2.608021e+00 -2.808305e-03 -2.493088e-03 9.999928e-01 1.238284e+02
9.999987e-01 -4.485376e-04 -1.569723e-03 -5.408428e+00 4.464684e-04 9.999990e-01 -1.318177e-03 -2.630735e+00 1.570319e-03 1.317482e-03 9.999978e-01 1.248646e+02
9.999961e-01 1.195721e-04 2.798609e-03 -5.407282e+00 -1.264811e-04 9.999969e-01 2.468602e-03 -2.653351e+00 -2.798300e-03 -2.468938e-03 9.999929e-01 1.258848e+02
9.999987e-01 -4.287617e-04 -1.542623e-03 -5.405721e+00 4.267450e-04 9.999991e-01 -1.307259e-03 -2.676257e+00 1.543188e-03 1.306607e-03 9.999979e-01 1.269347e+02
9.999957e-01 9.993464e-05 2.940462e-03 -5.407425e+00 -1.075966e-04 9.999966e-01 2.605599e-03 -2.700142e+00 -2.940186e-03 -2.605896e-03 9.999922e-01 1.280741e+02
9.999986e-01 -4.094246e-04 -1.632344e-03 -5.408804e+00 4.071944e-04 9.999990e-01 -1.366183e-03 -2.723464e+00 1.632907e-03 1.365524e-03 9.999976e-01 1.291594e+02
9.999951e-01 1.592002e-05 3.132187e-03 -5.412346e+00 -2.421470e-05 9.999965e-01 2.648121e-03 -2.747930e+00 -3.132127e-03 -2.648176e-03 9.999915e-01 1.303418e+02
9.999985e-01 -3.561961e-04 -1.712408e-03 -5.414303e+00 3.538393e-04 9.999990e-01 -1.376289e-03 -2.772000e+00 1.712903e-03 1.375689e-03 9.999975e-01 1.314959e+02
9.999954e-01 1.491640e-04 3.022963e-03 -5.414407e+00 -1.571443e-04 9.999965e-01 2.639757e-03 -2.795025e+00 -3.022552e-03 -2.640211e-03 9.999918e-01 1.325525e+02
9.999985e-01 -3.466077e-04 -1.711924e-03 -5.414941e+00 3.442726e-04 9.999990e-01 -1.363922e-03 -2.818039e+00 1.712401e-03 1.363339e-03 9.999975e-01 1.336066e+02
9.999957e-01 1.154612e-04 2.935723e-03 -5.410040e+00 -1.230123e-04 9.999967e-01 2.571988e-03 -2.840439e+00 -2.935410e-03 -2.572329e-03 9.999923e-01 1.346190e+02
9.999984e-01 -3.964021e-04 -1.721810e-03 -5.400905e+00 3.939227e-04 9.999989e-01 -1.439930e-03 -2.862658e+00 1.722385e-03 1.439258e-03 9.999974e-01 1.356294e+02
9.999957e-01 1.373075e-04 2.937407e-03 -5.389467e+00 -1.448077e-04 9.999967e-01 2.553210e-03 -2.884796e+00 -2.937040e-03 -2.553615e-03 9.999923e-01 1.366370e+02
9.999984e-01 -3.932826e-04 -1.744536e-03 -5.377833e+00 3.907949e-04 9.999989e-01 -1.425938e-03 -2.906885e+00 1.745102e-03 1.425263e-03 9.999974e-01 1.376423e+02
9.999955e-01 1.017793e-04 2.986767e-03 -5.371064e+00 -1.095501e-04 9.999966e-01 2.601613e-03 -2.929433e+00 -2.986485e-03 -2.601919e-03 9.999921e-01 1.386754e+02
9.999985e-01 -4.266512e-04 -1.700206e-03 -5.365682e+00 4.241720e-04 9.999988e-01 -1.458118e-03 -2.952257e+00 1.700834e-03 1.457404e-03 9.999974e-01 1.397249e+02
9.999948e-01 1.659109e-05 3.221305e-03 -5.360631e+00 -2.503437e-05 9.999966e-01 2.620959e-03 -2.976426e+00 -3.221243e-03 -2.621016e-03 9.999913e-01 1.408973e+02
9.999988e-01 -5.204629e-04 -1.469271e-03 -5.358246e+00 5.183373e-04 9.999988e-01 -1.446413e-03 -3.002068e+00 1.470030e-03 1.445659e-03 9.999978e-01 1.421966e+02
9.999949e-01 2.681952e-05 3.186824e-03 -5.355007e+00 -3.522582e-05 9.999965e-01 2.637699e-03 -3.027544e+00 -3.186734e-03 -2.637788e-03 9.999913e-01 1.434855e+02
9.999985e-01 -3.989869e-04 -1.703121e-03 -5.349984e+00 3.965794e-04 9.999989e-01 -1.413454e-03 -3.051723e+00 1.703691e-03 1.412786e-03 9.999975e-01 1.446654e+02
9.999951e-01 5.187605e-05 3.114219e-03 -5.350876e+00 -6.024318e-05 9.999964e-01 2.686603e-03 -3.075753e+00 -3.114060e-03 -2.686768e-03 9.999914e-01 1.458157e+02
9.999981e-01 -2.966634e-04 -1.937819e-03 -5.357871e+00 2.936091e-04 9.999987e-01 -1.576072e-03 -3.098259e+00 1.938293e-03 1.575510e-03 9.999968e-01 1.467975e+02
9.999957e-01 8.103503e-05 2.947838e-03 -5.363969e+00 -8.877138e-05 9.999966e-01 2.624253e-03 -3.119737e+00 -2.947607e-03 -2.624493e-03 9.999921e-01 1.476837e+02
9.999982e-01 -2.652571e-04 -1.864795e-03 -5.368005e+00 2.624517e-04 9.999988e-01 -1.504268e-03 -3.141491e+00 1.865201e-03 1.503786e-03 9.999970e-01 1.485993e+02
9.999952e-01 5.750167e-05 3.109380e-03 -5.369144e+00 -6.594403e-05 9.999963e-01 2.714965e-03 -3.164173e+00 -3.109204e-03 -2.715147e-03 9.999914e-01 1.496132e+02
9.999984e-01 -3.021234e-04 -1.766182e-03 -5.367685e+00 2.995546e-04 9.999989e-01 -1.454302e-03 -3.187496e+00 1.766628e-03 1.453781e-03 9.999973e-01 1.506980e+02
9.999952e-01 3.340634e-06 3.113596e-03 -5.371413e+00 -1.174014e-05 9.999964e-01 2.697539e-03 -3.211087e+00 -3.113567e-03 -2.697552e-03 9.999914e-01 1.517948e+02
9.999986e-01 -4.339235e-04 -1.607070e-03 -5.383632e+00 4.316335e-04 9.999989e-01 -1.424709e-03 -3.235983e+00 1.607696e-03 1.424024e-03 9.999976e-01 1.529908e+02
9.999945e-01 -9.464394e-05 3.308247e-03 -5.398304e+00 8.582313e-05 9.999964e-01 2.666215e-03 -3.262139e+00 -3.308479e-03 -2.665905e-03 9.999909e-01 1.542955e+02
9.999986e-01 -4.670637e-04 -1.576194e-03 -5.416119e+00 4.648108e-04 9.999989e-01 -1.429107e-03 -3.288589e+00 1.576869e-03 1.428383e-03 9.999976e-01 1.556180e+02
9.999941e-01 -1.453039e-04 3.429954e-03 -5.436579e+00 1.360952e-04 9.999964e-01 2.684744e-03 -3.315822e+00 -3.430322e-03 -2.684250e-03 9.999904e-01 1.570028e+02
9.999986e-01 -3.927365e-04 -1.597719e-03 -5.448619e+00 3.905396e-04 9.999990e-01 -1.374802e-03 -3.342698e+00 1.598267e-03 1.374187e-03 9.999977e-01 1.583791e+02
9.999941e-01 -1.626658e-04 3.440571e-03 -5.461020e+00 1.532020e-04 9.999962e-01 2.750578e-03 -3.369749e+00 -3.440996e-03 -2.750023e-03 9.999902e-01 1.597744e+02
9.999989e-01 -5.646351e-04 -1.401851e-03 -5.490229e+00 5.627630e-04 9.999990e-01 -1.335095e-03 -3.398655e+00 1.402614e-03 1.334316e-03 9.999980e-01 1.613030e+02
9.999939e-01 -1.515261e-04 3.483932e-03 -5.516268e+00 1.421750e-04 9.999964e-01 2.684007e-03 -3.427689e+00 -3.484316e-03 -2.683484e-03 9.999902e-01 1.628474e+02
9.999987e-01 -5.406995e-04 -1.513944e-03 -5.544538e+00 5.387148e-04 9.999990e-01 -1.310658e-03 -3.456240e+00 1.514662e-03 1.309852e-03 9.999979e-01 1.643453e+02
9.999949e-01 7.740351e-06 3.178377e-03 -5.560503e+00 -1.571923e-05 9.999968e-01 2.510164e-03 -3.482363e+00 -3.178337e-03 -2.510189e-03 9.999917e-01 1.656402e+02
9.999983e-01 -4.510155e-04 -1.762533e-03 -5.581153e+00 4.486887e-04 9.999990e-01 -1.319943e-03 -3.507093e+00 1.763137e-03 1.319162e-03 9.999975e-01 1.667911e+02
9.999944e-01 -8.573388e-05 3.338578e-03 -5.607207e+00 7.715256e-05 9.999967e-01 2.570212e-03 -3.532942e+00 -3.338777e-03 -2.569928e-03 9.999910e-01 1.680320e+02
9.999986e-01 -5.167267e-04 -1.609424e-03 -5.631304e+00 5.145419e-04 9.999989e-01 -1.357219e-03 -3.559695e+00 1.610134e-03 1.356401e-03 9.999977e-01 1.693592e+02
9.999943e-01 -8.459752e-05 3.361456e-03 -5.646094e+00 7.558943e-05 9.999964e-01 2.679664e-03 -3.586025e+00 -3.361659e-03 -2.679382e-03 9.999907e-01 1.706861e+02
9.999985e-01 -8.052782e-04 -1.549389e-03 -5.671179e+00 8.032445e-04 9.999988e-01 -1.312268e-03 -3.613828e+00 1.550455e-03 1.311033e-03 9.999978e-01 1.721579e+02
9.999941e-01 -2.993450e-05 3.429557e-03 -5.684222e+00 2.087459e-05 9.999965e-01 2.641523e-03 -3.641457e+00 -3.429612e-03 -2.641423e-03 9.999905e-01 1.736329e+02
9.999980e-01 -5.602943e-04 -1.935543e-03 -5.683421e+00 5.573690e-04 9.999987e-01 -1.511193e-03 -3.666127e+00 1.936399e-03 1.510124e-03 9.999969e-01 1.748543e+02
9.999948e-01 2.005945e-04 3.212749e-03 -5.673988e+00 -2.088249e-04 9.999967e-01 2.561449e-03 -3.688627e+00 -3.212212e-03 -2.562093e-03 9.999915e-01 1.758872e+02
9.999978e-01 -5.267659e-04 -2.016620e-03 -5.659005e+00 5.234234e-04 9.999985e-01 -1.657232e-03 -3.710453e+00 2.017502e-03 1.656185e-03 9.999965e-01 1.768672e+02
9.999953e-01 2.785083e-04 3.042763e-03 -5.643110e+00 -2.864429e-04 9.999966e-01 2.607358e-03 -3.731241e+00 -3.042014e-03 -2.608204e-03 9.999919e-01 1.777594e+02
9.999978e-01 -4.951499e-04 -2.059997e-03 -5.625880e+00 4.917384e-04 9.999985e-01 -1.655833e-03 -3.751727e+00 2.060826e-03 1.654830e-03 9.999964e-01 1.786293e+02
9.999942e-01 7.095997e-05 3.397583e-03 -5.620656e+00 -8.069054e-05 9.999959e-01 2.863693e-03 -3.774873e+00 -3.397353e-03 -2.863938e-03 9.999900e-01 1.797329e+02
9.999983e-01 -8.392709e-04 -1.612473e-03 -5.631833e+00 8.367921e-04 9.999985e-01 -1.536819e-03 -3.801720e+00 1.613773e-03 1.535480e-03 9.999974e-01 1.811425e+02
9.999946e-01 2.465090e-04 3.282617e-03 -5.624125e+00 -2.552196e-04 9.999964e-01 2.653168e-03 -3.826988e+00 -3.281939e-03 -2.653978e-03 9.999910e-01 1.824254e+02
9.999984e-01 -8.255969e-04 -1.617103e-03 -5.619609e+00 8.233495e-04 9.999987e-01 -1.389411e-03 -3.852361e+00 1.618261e-03 1.388090e-03 9.999976e-01 1.837271e+02
9.999943e-01 5.010974e-05 3.376116e-03 -5.631854e+00 -5.916896e-05 9.999964e-01 2.683033e-03 -3.879181e+00 -3.375956e-03 -2.683204e-03 9.999906e-01 1.851317e+02
9.999985e-01 -8.179530e-04 -1.552122e-03 -5.639840e+00 8.158409e-04 9.999987e-01 -1.360284e-03 -3.906158e+00 1.553246e-03 1.359029e-03 9.999978e-01 1.865510e+02
9.999942e-01 3.466839e-05 3.401966e-03 -5.646127e+00 -4.368091e-05 9.999965e-01 2.648913e-03 -3.933214e+00 -3.401848e-03 -2.649032e-03 9.999906e-01 1.879830e+02
9.999980e-01 -5.160971e-04 -1.930436e-03 -5.634287e+00 5.130589e-04 9.999986e-01 -1.573508e-03 -3.957189e+00 1.931259e-03 1.572529e-03 9.999968e-01 1.891653e+02
9.999943e-01 1.871963e-04 3.368170e-03 -5.619033e+00 -1.964363e-04 9.999962e-01 2.742941e-03 -3.980492e+00 -3.367631e-03 -2.743573e-03 9.999905e-01 1.902929e+02
9.999982e-01 -5.721326e-04 -1.813883e-03 -5.601690e+00 5.691314e-04 9.999985e-01 -1.654118e-03 -4.004512e+00 1.814840e-03 1.653097e-03 9.999969e-01 1.914893e+02
9.999949e-01 2.351070e-04 3.188585e-03 -5.584031e+00 -2.436889e-04 9.999963e-01 2.691021e-03 -4.027417e+00 -3.187927e-03 -2.691770e-03 9.999912e-01 1.925797e+02
9.999980e-01 -5.141730e-04 -1.914538e-03 -5.565579e+00 5.109872e-04 9.999985e-01 -1.663567e-03 -4.049657e+00 1.915404e-03 1.662600e-03 9.999967e-01 1.936122e+02
9.999950e-01 3.015874e-04 3.146040e-03 -5.545866e+00 -3.101999e-04 9.999962e-01 2.737134e-03 -4.071601e+00 -3.145188e-03 -2.738081e-03 9.999912e-01 1.946193e+02
9.999983e-01 -5.957492e-04 -1.771661e-03 -5.528257e+00 5.930426e-04 9.999987e-01 -1.527204e-03 -4.094526e+00 1.772583e-03 1.526166e-03 9.999972e-01 1.957139e+02
9.999952e-01 2.995839e-04 3.074497e-03 -5.511415e+00 -3.074893e-04 9.999966e-01 2.570791e-03 -4.116978e+00 -3.073702e-03 -2.571709e-03 9.999919e-01 1.967643e+02
9.999983e-01 -6.218243e-04 -1.720052e-03 -5.496720e+00 6.192434e-04 9.999987e-01 -1.499957e-03 -4.139801e+00 1.720997e-03 1.498904e-03 9.999973e-01 1.978410e+02
9.999951e-01 2.642577e-04 3.117216e-03 -5.482470e+00 -2.722545e-04 9.999967e-01 2.564882e-03 -4.162968e+00 -3.116513e-03 -2.565704e-03 9.999918e-01 1.989455e+02
9.999983e-01 -6.061742e-04 -1.729610e-03 -5.467074e+00 6.035475e-04 9.999987e-01 -1.518103e-03 -4.186005e+00 1.730543e-03 1.517072e-03 9.999973e-01 2.000396e+02
9.999948e-01 2.204207e-04 3.228848e-03 -5.454783e+00 -2.288626e-04 9.999966e-01 2.614054e-03 -4.209788e+00 -3.228246e-03 -2.614764e-03 9.999913e-01 2.011992e+02
9.999981e-01 -5.510818e-04 -1.863349e-03 -5.443205e+00 5.482753e-04 9.999987e-01 -1.505693e-03 -4.232798e+00 1.864192e-03 1.504684e-03 9.999970e-01 2.022884e+02
9.999941e-01 1.182672e-04 3.430984e-03 -5.438437e+00 -1.276781e-04 9.999962e-01 2.742508e-03 -4.257340e+00 -3.430631e-03 -2.742915e-03 9.999903e-01 2.035057e+02
9.999982e-01 -8.540559e-04 -1.673378e-03 -5.447975e+00 8.516421e-04 9.999986e-01 -1.441938e-03 -4.283985e+00 1.674622e-03 1.440526e-03 9.999975e-01 2.048971e+02
9.999941e-01 9.738375e-05 3.443863e-03 -5.458451e+00 -1.067088e-04 9.999963e-01 2.707315e-03 -4.310626e+00 -3.443571e-03 -2.707651e-03 9.999903e-01 2.062795e+02
9.999982e-01 -6.726003e-04 -1.774991e-03 -5.458402e+00 6.700356e-04 9.999987e-01 -1.444385e-03 -4.336288e+00 1.775976e-03 1.443209e-03 9.999973e-01 2.075934e+02
9.999938e-01 6.044780e-05 3.507747e-03 -5.463594e+00 -7.006064e-05 9.999962e-01 2.740054e-03 -4.362316e+00 -3.507552e-03 -2.740267e-03 9.999900e-01 2.089281e+02
9.999982e-01 -8.823903e-04 -1.673753e-03 -5.482677e+00 8.800286e-04 9.999986e-01 -1.410465e-03 -4.389812e+00 1.675011e-03 1.409006e-03 9.999975e-01 2.103807e+02
9.999939e-01 5.685888e-05 3.502814e-03 -5.495684e+00 -6.647246e-05 9.999962e-01 2.744112e-03 -4.417143e+00 -3.502629e-03 -2.744312e-03 9.999900e-01 2.118332e+02
9.999983e-01 -8.117377e-04 -1.644071e-03 -5.512457e+00 8.094812e-04 9.999987e-01 -1.371828e-03 -4.444777e+00 1.645199e-03 1.370511e-03 9.999976e-01 2.132956e+02
9.999941e-01 2.306711e-04 3.425985e-03 -5.521525e+00 -2.398864e-04 9.999964e-01 2.689264e-03 -4.471429e+00 -3.425335e-03 -2.690054e-03 9.999904e-01 2.146741e+02
9.999981e-01 -6.796894e-04 -1.810238e-03 -5.522353e+00 6.771734e-04 9.999988e-01 -1.389359e-03 -4.496632e+00 1.811197e-03 1.388147e-03 9.999973e-01 2.159361e+02
9.999940e-01 2.196869e-04 3.443468e-03 -5.523544e+00 -2.289224e-04 9.999964e-01 2.681465e-03 -4.521962e+00 -3.442850e-03 -2.682221e-03 9.999904e-01 2.172076e+02
9.999981e-01 -7.012391e-04 -1.831994e-03 -5.519613e+00 6.986210e-04 9.999987e-01 -1.428573e-03 -4.546782e+00 1.833010e-03 1.427307e-03 9.999972e-01 2.184506e+02
9.999940e-01 4.251585e-05 3.460367e-03 -5.523340e+00 -5.157584e-05 9.999966e-01 2.617761e-03 -4.572299e+00 -3.460227e-03 -2.617907e-03 9.999905e-01 2.197421e+02
9.999981e-01 -5.115516e-04 -1.897528e-03 -5.511777e+00 5.087761e-04 9.999988e-01 -1.462085e-03 -4.596602e+00 1.898291e-03 1.461133e-03 9.999970e-01 2.209627e+02
9.999937e-01 -5.684526e-05 3.559322e-03 -5.507034e+00 4.726684e-05 9.999964e-01 2.690695e-03 -4.621813e+00 -3.559444e-03 -2.690493e-03 9.999899e-01 2.222536e+02
9.999982e-01 -4.669945e-04 -1.829153e-03 -5.495600e+00 4.642438e-04 9.999988e-01 -1.503049e-03 -4.647102e+00 1.829871e-03 1.502214e-03 9.999971e-01 2.235649e+02
9.999936e-01 -9.073119e-05 3.580441e-03 -5.486467e+00 8.096125e-05 9.999963e-01 2.728324e-03 -4.672707e+00 -3.580657e-03 -2.727999e-03 9.999898e-01 2.249055e+02
9.999974e-01 -2.954312e-04 -2.245280e-03 -5.471221e+00 2.917058e-04 9.999986e-01 -1.658626e-03 -4.695752e+00 2.245785e-03 1.657985e-03 9.999960e-01 2.260156e+02
9.999948e-01 1.260655e-04 3.225985e-03 -5.454705e+00 -1.349374e-04 9.999962e-01 2.749588e-03 -4.716317e+00 -3.225608e-03 -2.749991e-03 9.999909e-01 2.269012e+02
9.999977e-01 -3.202963e-04 -2.139458e-03 -5.439361e+00 3.169086e-04 9.999987e-01 -1.582797e-03 -4.737556e+00 2.139981e-03 1.582132e-03 9.999964e-01 2.278504e+02
9.999948e-01 1.044236e-04 3.236670e-03 -5.424050e+00 -1.131875e-04 9.999963e-01 2.707118e-03 -4.758883e+00 -3.236356e-03 -2.707453e-03 9.999910e-01 2.288051e+02
9.999981e-01 -4.294481e-04 -1.888496e-03 -5.412399e+00 4.267208e-04 9.999989e-01 -1.443413e-03 -4.781806e+00 1.889132e-03 1.442622e-03 9.999971e-01 2.299035e+02
9.999939e-01 -2.144508e-04 3.498839e-03 -5.416041e+00 2.048400e-04 9.999962e-01 2.746532e-03 -4.807316e+00 -3.499396e-03 -2.745780e-03 9.999900e-01 2.312153e+02
9.999982e-01 -3.130715e-04 -1.848513e-03 -5.410127e+00 3.104181e-04 9.999989e-01 -1.434562e-03 -4.832450e+00 1.848979e-03 1.434003e-03 9.999972e-01 2.325038e+02
9.999938e-01 -1.326119e-04 3.516222e-03 -5.398798e+00 1.232015e-04 9.999964e-01 2.675875e-03 -4.857603e+00 -3.516545e-03 -2.675407e-03 9.999901e-01 2.337987e+02
9.999985e-01 -3.400334e-04 -1.722173e-03 -5.392625e+00 3.377431e-04 9.999991e-01 -1.328955e-03 -4.883569e+00 1.722643e-03 1.328389e-03 9.999975e-01 2.351537e+02
9.999938e-01 -1.343898e-04 3.511996e-03 -5.384672e+00 1.251310e-04 9.999965e-01 2.635938e-03 -4.909405e+00 -3.512318e-03 -2.635464e-03 9.999903e-01 2.364996e+02
9.999984e-01 -3.655936e-04 -1.728624e-03 -5.378424e+00 3.632221e-04 9.999990e-01 -1.370960e-03 -4.935342e+00 1.729143e-03 1.370349e-03 9.999975e-01 2.378484e+02
9.999939e-01 -1.007978e-04 3.482118e-03 -5.369495e+00 9.142963e-05 9.999964e-01 2.689909e-03 -4.961020e+00 -3.482357e-03 -2.689556e-03 9.999902e-01 2.391824e+02
9.999983e-01 -3.719606e-04 -1.784023e-03 -5.359229e+00 3.693013e-04 9.999988e-01 -1.489619e-03 -4.986365e+00 1.784595e-03 1.488976e-03 9.999972e-01 2.404844e+02
9.999940e-01 -4.509826e-05 3.456607e-03 -5.347539e+00 3.563506e-05 9.999963e-01 2.737187e-03 -5.011375e+00 -3.456697e-03 -2.737029e-03 9.999902e-01 2.417615e+02
9.999986e-01 -4.013394e-04 -1.640988e-03 -5.335807e+00 3.989660e-04 9.999989e-01 -1.445202e-03 -5.037177e+00 1.641586e-03 1.444565e-03 9.999975e-01 2.431138e+02
9.999935e-01 -1.035433e-04 3.598575e-03 -5.325332e+00 9.359739e-05 9.999962e-01 2.763380e-03 -5.063930e+00 -3.598827e-03 -2.763006e-03 9.999896e-01 2.445512e+02
9.999985e-01 -4.019498e-04 -1.664128e-03 -5.312177e+00 3.995176e-04 9.999989e-01 -1.460399e-03 -5.090447e+00 1.664734e-03 1.459751e-03 9.999975e-01 2.459748e+02
9.999937e-01 -1.004475e-04 3.557256e-03 -5.297014e+00 9.078855e-05 9.999963e-01 2.714776e-03 -5.116675e+00 -3.557495e-03 -2.714416e-03 9.999899e-01 2.473775e+02
9.999985e-01 -4.309261e-04 -1.647516e-03 -5.284071e+00 4.285609e-04 9.999989e-01 -1.434407e-03 -5.143144e+00 1.648153e-03 1.433718e-03 9.999975e-01 2.487983e+02
9.999938e-01 -9.436225e-05 3.526132e-03 -5.270671e+00 8.469956e-05 9.999962e-01 2.739778e-03 -5.169391e+00 -3.526356e-03 -2.739442e-03 9.999899e-01 2.501962e+02
9.999987e-01 -4.366025e-04 -1.579479e-03 -5.255559e+00 4.342518e-04 9.999988e-01 -1.486942e-03 -5.195908e+00 1.580148e-03 1.486274e-03 9.999975e-01 2.516229e+02
9.999939e-01 -9.255605e-05 3.489797e-03 -5.243444e+00 8.303984e-05 9.999963e-01 2.726306e-03 -5.222476e+00 -3.490015e-03 -2.725980e-03 9.999901e-01 2.530437e+02
9.999987e-01 -4.342436e-04 -1.560248e-03 -5.232028e+00 4.319214e-04 9.999988e-01 -1.486976e-03 -5.248950e+00 1.560914e-03 1.486320e-03 9.999976e-01 2.544511e+02
9.999938e-01 -1.010808e-04 3.511435e-03 -5.216924e+00 9.163993e-05 9.999964e-01 2.688055e-03 -5.275469e+00 -3.511672e-03 -2.687697e-03 9.999901e-01 2.558767e+02
9.999986e-01 -3.852669e-04 -1.612135e-03 -5.199396e+00 3.828917e-04 9.999988e-01 -1.471969e-03 -5.301580e+00 1.612723e-03 1.471370e-03 9.999975e-01 2.572704e+02
9.999939e-01 -1.084209e-04 3.503800e-03 -5.182135e+00 9.907387e-05 9.999964e-01 2.667120e-03 -5.327628e+00 -3.504054e-03 -2.666736e-03 9.999902e-01 2.586581e+02
9.999984e-01 -3.392092e-04 -1.749685e-03 -5.165597e+00 3.365800e-04 9.999988e-01 -1.501397e-03 -5.352840e+00 1.750215e-03 1.500826e-03 9.999972e-01 2.599703e+02
9.999938e-01 -1.397728e-04 3.531752e-03 -5.150595e+00 1.302369e-04 9.999963e-01 2.699497e-03 -5.378307e+00 -3.532094e-03 -2.699000e-03 9.999900e-01 2.613017e+02
9.999983e-01 -3.276635e-04 -1.826297e-03 -5.136677e+00 3.248712e-04 9.999988e-01 -1.527660e-03 -5.403541e+00 1.826818e-03 1.527084e-03 9.999971e-01 2.626066e+02
9.999941e-01 -1.165483e-04 3.436682e-03 -5.126611e+00 1.072073e-04 9.999963e-01 2.717402e-03 -5.428277e+00 -3.436963e-03 -2.716997e-03 9.999903e-01 2.638505e+02
9.999980e-01 -2.848998e-04 -1.989375e-03 -5.113184e+00 2.815905e-04 9.999986e-01 -1.662294e-03 -5.451910e+00 1.989869e-03 1.661751e-03 9.999965e-01 2.649929e+02
9.999940e-01 -7.326429e-05 3.463752e-03 -5.098560e+00 6.361930e-05 9.999961e-01 2.783881e-03 -5.475501e+00 -3.463919e-03 -2.783623e-03 9.999900e-01 2.661424e+02
9.999982e-01 -2.880881e-04 -1.900463e-03 -5.084327e+00 2.850852e-04 9.999987e-01 -1.578843e-03 -5.499661e+00 1.900939e-03 1.578319e-03 9.999969e-01 2.673515e+02
9.999938e-01 -1.190799e-04 3.515207e-03 -5.069247e+00 1.092894e-04 9.999961e-01 2.784542e-03 -5.524088e+00 -3.515501e-03 -2.784119e-03 9.999898e-01 2.685884e+02
9.999981e-01 -2.745238e-04 -1.922277e-03 -5.054293e+00 2.714862e-04 9.999987e-01 -1.578981e-03 -5.548312e+00 1.922732e-03 1.578477e-03 9.999968e-01 2.698132e+02
9.999935e-01 -1.740902e-04 3.591749e-03 -5.040989e+00 1.642259e-04 9.999962e-01 2.745780e-03 -5.573217e+00 -3.592189e-03 -2.745151e-03 9.999897e-01 2.710842e+02
9.999978e-01 -2.263999e-04 -2.068104e-03 -5.023387e+00 2.227933e-04 9.999985e-01 -1.742673e-03 -5.597100e+00 2.068520e-03 1.742230e-03 9.999962e-01 2.722603e+02
9.999944e-01 -6.003534e-05 3.341006e-03 -5.004387e+00 5.072428e-05 9.999961e-01 2.786144e-03 -5.619394e+00 -3.341136e-03 -2.785937e-03 9.999904e-01 2.732963e+02
9.999979e-01 -2.032044e-04 -2.052488e-03 -4.986104e+00 1.996942e-04 9.999985e-01 -1.708959e-03 -5.641635e+00 2.052856e-03 1.708567e-03 9.999963e-01 2.743332e+02
9.999934e-01 -1.411466e-04 3.640790e-03 -4.969326e+00 1.305433e-04 9.999958e-01 2.911709e-03 -5.665744e+00 -3.641160e-03 -2.911193e-03 9.999890e-01 2.755417e+02
9.999983e-01 -2.859283e-04 -1.838742e-03 -4.951533e+00 2.828114e-04 9.999985e-01 -1.693657e-03 -5.691233e+00 1.839248e-03 1.693156e-03 9.999968e-01 2.768792e+02
9.999934e-01 -1.305611e-04 3.625728e-03 -4.932598e+00 1.199816e-04 9.999957e-01 2.917202e-03 -5.716569e+00 -3.626069e-03 -2.916726e-03 9.999891e-01 2.782032e+02
9.999980e-01 -2.518148e-04 -1.962206e-03 -4.911762e+00 2.483496e-04 9.999984e-01 -1.764547e-03 -5.741092e+00 1.962672e-03 1.764078e-03 9.999964e-01 2.794574e+02
9.999936e-01 -1.245778e-04 3.565402e-03 -4.889260e+00 1.144038e-04 9.999959e-01 2.852798e-03 -5.765213e+00 -3.565718e-03 -2.852350e-03 9.999895e-01 2.806731e+02
9.999982e-01 -2.958590e-04 -1.898753e-03 -4.871293e+00 2.927567e-04 9.999986e-01 -1.632400e-03 -5.789907e+00 1.899259e-03 1.631863e-03 9.999968e-01 2.819370e+02
9.999933e-01 -2.595755e-04 3.639632e-03 -4.859821e+00 2.493788e-04 9.999960e-01 2.800974e-03 -5.815404e+00 -3.640319e-03 -2.800025e-03 9.999894e-01 2.832580e+02
9.999983e-01 -3.203682e-04 -1.793903e-03 -4.856993e+00 3.176433e-04 9.999988e-01 -1.517422e-03 -5.842000e+00 1.794413e-03 1.516872e-03 9.999971e-01 2.846488e+02
9.999932e-01 -2.546482e-04 3.669951e-03 -4.863969e+00 2.444124e-04 9.999961e-01 2.788458e-03 -5.869024e+00 -3.670620e-03 -2.787520e-03 9.999893e-01 2.860493e+02
9.999982e-01 -3.065759e-04 -1.868340e-03 -4.870619e+00 3.037124e-04 9.999988e-01 -1.531115e-03 -5.895520e+00 1.868833e-03 1.530567e-03 9.999970e-01 2.874011e+02
9.999926e-01 -3.257410e-04 3.821641e-03 -4.881410e+00 3.148559e-04 9.999959e-01 2.847766e-03 -5.923001e+00 -3.822527e-03 -2.846519e-03 9.999885e-01 2.888361e+02
9.999982e-01 -2.997870e-04 -1.861344e-03 -4.891049e+00 2.969606e-04 9.999988e-01 -1.516864e-03 -5.950608e+00 1.861823e-03 1.516332e-03 9.999970e-01 2.902904e+02
9.999932e-01 -2.624591e-04 3.682580e-03 -4.889471e+00 2.522768e-04 9.999961e-01 2.764350e-03 -5.976810e+00 -3.683265e-03 -2.763379e-03 9.999893e-01 2.916492e+02
9.999979e-01 -2.892343e-04 -2.037057e-03 -4.886312e+00 2.860828e-04 9.999988e-01 -1.545606e-03 -6.002274e+00 2.037528e-03 1.545043e-03 9.999966e-01 2.929411e+02
9.999924e-01 -3.188185e-04 3.882239e-03 -4.897916e+00 3.078515e-04 9.999960e-01 2.824383e-03 -6.029263e+00 -3.883097e-03 -2.823144e-03 9.999884e-01 2.943338e+02
9.999977e-01 -1.937280e-04 -2.143488e-03 -4.897511e+00 1.902649e-04 9.999987e-01 -1.614182e-03 -6.055218e+00 2.143825e-03 1.613794e-03 9.999963e-01 2.956577e+02
9.999926e-01 -2.650155e-04 3.838359e-03 -4.897967e+00 2.536976e-04 9.999956e-01 2.947967e-03 -6.080958e+00 -3.839096e-03 -2.946948e-03 9.999882e-01 2.969656e+02
9.999978e-01 -2.027978e-04 -2.073600e-03 -4.894688e+00 1.994632e-04 9.999987e-01 -1.606585e-03 -6.106989e+00 2.073950e-03 1.606191e-03 9.999965e-01 2.983099e+02
9.999926e-01 -3.302018e-04 3.834083e-03 -4.900463e+00 3.189226e-04 9.999956e-01 2.941213e-03 -6.133408e+00 -3.835010e-03 -2.939945e-03 9.999882e-01 2.996715e+02
9.999978e-01 -2.022702e-04 -2.085302e-03 -4.905460e+00 1.990165e-04 9.999988e-01 -1.558735e-03 -6.159792e+00 2.085642e-03 1.558340e-03 9.999965e-01 3.010367e+02
9.999929e-01 -3.182806e-04 3.749398e-03 -4.907162e+00 3.075069e-04 9.999958e-01 2.872780e-03 -6.185592e+00 -3.750268e-03 -2.871583e-03 9.999887e-01 3.023569e+02
9.999975e-01 -9.650070e-05 -2.230536e-03 -4.903991e+00 9.291932e-05 9.999987e-01 -1.604073e-03 -6.210146e+00 2.230716e-03 1.603886e-03 9.999961e-01 3.035682e+02
