9.999976e-01 1.612646e-03 -1.449137e-03 -2.589176e-02 -1.612013e-03 9.999986e-01 4.376550e-04 -2.355670e-02 1.449840e-03 -4.353174e-04 9.999988e-01 1.155161e+00
1.000000e+00 1.222174e-04 1.399473e-05 -5.225365e-02 -1.222175e-04 1.000000e+00 1.012959e-05 -4.804752e-02 -1.399374e-05 -1.013074e-05 9.999999e-01 2.389301e+00
9.999983e-01 1.520353e-03 -1.049849e-03 -7.415658e-02 -1.519989e-03 9.999988e-01 3.475463e-04 -7.187161e-02 1.050375e-03 -3.459493e-04 9.999993e-01 3.556133e+00
9.999991e-01 9.610675e-05 -1.355843e-03 -9.591923e-02 -9.578082e-05 1.000000e+00 2.404430e-04 -9.526872e-02 1.355866e-03 -2.403123e-04 9.999990e-01 4.709225e+00
9.999986e-01 1.473499e-03 -8.226319e-04 -1.154063e-01 -1.473207e-03 9.999989e-01 3.548878e-04 -1.183177e-01 8.231530e-04 -3.536747e-04 9.999995e-01 5.831904e+00
9.999995e-01 9.916213e-05 -9.656889e-04 -1.384067e-01 -9.906439e-05 1.000000e+00 1.012347e-04 -1.411933e-01 9.656979e-04 -1.011382e-04 9.999994e-01 6.933377e+00
9.999991e-01 1.376130e-03 7.788070e-05 -1.577376e-01 -1.376147e-03 9.999990e-01 2.281359e-04 -1.636054e-01 -7.756775e-05 -2.282421e-04 9.999999e-01 7.981709e+00
9.999994e-01 1.192363e-04 -1.107886e-03 -1.758696e-01 -1.190960e-04 1.000000e+00 1.266841e-04 -1.863336e-01 1.107900e-03 -1.265512e-04 9.999993e-01 9.055427e+00
9.999983e-01 1.452400e-03 -1.179187e-03 -1.964002e-01 -1.451901e-03 9.999989e-01 4.242454e-04 -2.093391e-01 1.179800e-03 -4.225317e-04 9.999991e-01 1.017363e+01
1.000000e+00 1.393833e-04 5.172596e-05 -2.199056e-01 -1.393812e-04 1.000000e+00 -4.094074e-05 -2.325647e-01 -5.173319e-05 4.093445e-05 9.999999e-01 1.129500e+01
9.999990e-01 1.411372e-03 -2.341658e-04 -2.409012e-01 -1.411325e-03 9.999990e-01 1.989984e-04 -2.554121e-01 2.344449e-04 -1.986668e-04 9.999999e-01 1.235745e+01
1.000000e+00 1.218670e-04 1.202820e-04 -2.603977e-01 -1.218587e-04 1.000000e+00 -6.859030e-05 -2.781076e-01 -1.202920e-04 6.857659e-05 9.999999e-01 1.339888e+01
9.999988e-01 1.473954e-03 -5.105515e-04 -2.852294e-01 -1.473820e-03 9.999989e-01 2.629889e-04 -3.013474e-01 5.109370e-04 -2.622351e-04 9.999997e-01 1.450074e+01
1.000000e+00 6.531506e-05 2.336585e-04 -3.042729e-01 -6.529374e-05 1.000000e+00 -9.111289e-05 -3.241703e-01 -2.336661e-04 9.109862e-05 9.999999e-01 1.556059e+01
9.999988e-01 1.521943e-03 6.162784e-05 -3.193186e-01 -1.521951e-03 9.999988e-01 1.314006e-04 -3.473459e-01 -6.142938e-05 -1.314933e-04 9.999999e-01 1.663149e+01
9.999998e-01 -9.251619e-05 -6.564478e-04 -3.337741e-01 9.259848e-05 1.000000e+00 1.252844e-04 -3.695487e-01 6.564345e-04 -1.253442e-04 9.999997e-01 1.765022e+01
9.999988e-01 1.565589e-03 6.516628e-05 -3.546986e-01 -1.565597e-03 9.999988e-01 1.283199e-04 -3.917661e-01 -6.496702e-05 -1.284208e-04 9.999999e-01 1.867538e+01
9.999996e-01 -1.928717e-04 -9.146508e-04 -3.747362e-01 1.930344e-04 1.000000e+00 1.777848e-04 -4.134398e-01 9.146147e-04 -1.779602e-04 9.999995e-01 1.966105e+01
9.999977e-01 1.661931e-03 -1.353894e-03 -3.929192e-01 -1.661455e-03 9.999986e-01 3.525687e-04 -4.356762e-01 1.354476e-03 -3.503174e-04 9.999989e-01 2.071331e+01
1.000000e+00 -3.545656e-05 -1.270017e-04 -4.150597e-01 3.546575e-05 1.000000e+00 7.212278e-05 -4.592252e-01 1.269970e-04 -7.212613e-05 9.999999e-01 2.186558e+01
9.999986e-01 1.573282e-03 -5.810840e-04 -4.336994e-01 -1.573159e-03 9.999987e-01 2.125075e-04 -4.821521e-01 5.814153e-04 -2.115919e-04 9.999997e-01 2.295267e+01
1.000000e+00 -2.718505e-04 1.260475e-05 -4.440120e-01 2.718500e-04 1.000000e+00 3.920771e-05 -5.032946e-01 -1.261771e-05 -3.920307e-05 9.999999e-01 2.388253e+01
9.999986e-01 1.602224e-03 -4.716333e-04 -4.513429e-01 -1.602140e-03 9.999987e-01 1.787128e-04 -5.248480e-01 4.719167e-04 -1.779557e-04 9.999998e-01 2.483491e+01
9.999999e-01 -1.281328e-04 -4.474179e-04 -4.687113e-01 1.281944e-04 1.000000e+00 1.374463e-04 -5.473344e-01 4.473978e-04 -1.375023e-04 9.999998e-01 2.588598e+01
9.999985e-01 1.584021e-03 -6.607277e-04 -4.825748e-01 -1.583858e-03 9.999987e-01 2.476424e-04 -5.698426e-01 6.611165e-04 -2.465942e-04 9.999997e-01 2.694492e+01
9.999999e-01 -3.088523e-04 2.417725e-04 -4.889399e-01 3.088399e-04 1.000000e+00 5.143588e-05 -5.911321e-01 -2.417910e-04 -5.135988e-05 9.999999e-01 2.788988e+01
9.999976e-01 1.644685e-03 -1.447480e-03 -4.878313e-01 -1.644215e-03 9.999986e-01 3.256328e-04 -6.129579e-01 1.448011e-03 -3.232507e-04 9.999988e-01 2.887506e+01
9.999723e-01 -1.759950e-03 -7.233056e-03 -6.381849e-01 1.757805e-03 9.999984e-01 -3.028523e-04 -6.113456e-01 7.233574e-03 2.901310e-04 9.999737e-01 2.850967e+01
9.993855e-01 -6.269137e-04 -3.504734e-02 -1.048897e+00 5.373733e-04 9.999966e-01 -2.564204e-03 -5.302100e-01 3.504882e-02 2.543796e-03 9.993823e-01 2.435560e+01
9.999863e-01 -8.662534e-04 -5.166877e-03 -1.423537e+00 8.403166e-04 9.999870e-01 -5.019890e-03 -4.229656e-01 5.171147e-03 5.015480e-03 9.999740e-01 1.896743e+01
9.996566e-01 -2.013914e-04 -2.620279e-02 -1.739012e+00 1.692556e-04 9.999992e-01 -1.228638e-03 -3.401768e-01 2.620301e-02 1.223781e-03 9.996558e-01 1.475912e+01
9.999954e-01 -4.492251e-04 2.987143e-03 -1.964717e+00 4.601591e-04 9.999932e-01 -3.660677e-03 -2.791062e-01 -2.985496e-03 3.662034e-03 9.999887e-01 1.152796e+01
9.996883e-01 3.937697e-04 -2.496291e-02 -2.035171e+00 -3.004772e-04 9.999930e-01 3.740887e-03 -2.735794e-01 2.496419e-02 -3.732221e-03 9.996813e-01 1.091175e+01
9.999901e-01 -3.350413e-04 4.432136e-03 -2.102679e+00 3.475552e-04 9.999960e-01 -2.822973e-03 -2.770543e-01 -4.431194e-03 2.824485e-03 9.999861e-01 1.073543e+01
9.997505e-01 5.593455e-04 -2.232945e-02 -2.157019e+00 -4.730431e-04 9.999924e-01 3.870055e-03 -2.832808e-01 2.233142e-02 -3.858527e-03 9.997431e-01 1.070769e+01
9.999933e-01 -7.522628e-04 3.570356e-03 -2.226037e+00 7.633123e-04 9.999949e-01 -3.094457e-03 -2.860530e-01 -3.568035e-03 3.097161e-03 9.999887e-01 1.048980e+01
9.999249e-01 8.858182e-04 -1.222446e-02 -2.311787e+00 -8.540629e-04 9.999962e-01 2.602675e-03 -2.858919e-01 1.222669e-02 -2.592040e-03 9.999218e-01 1.017404e+01
9.999241e-01 -2.625371e-04 1.231527e-02 -2.308104e+00 2.936818e-04 9.999968e-01 -2.527218e-03 -3.014539e-01 -1.231459e-02 2.530642e-03 9.999209e-01 1.061404e+01
9.998895e-01 1.020985e-03 -1.482782e-02 -2.226748e+00 -9.752889e-04 9.999948e-01 3.088672e-03 -3.204855e-01 1.483087e-02 -3.073870e-03 9.998852e-01 1.122067e+01
9.998907e-01 -2.502857e-05 1.478777e-02 -2.226366e+00 6.853605e-05 9.999957e-01 -2.941626e-03 -3.390700e-01 -1.478766e-02 2.942318e-03 9.998862e-01 1.191865e+01
9.998691e-01 1.385343e-03 -1.612003e-02 -2.221005e+00 -1.333786e-03 9.999940e-01 3.208677e-03 -3.612974e-01 1.612435e-02 -3.186757e-03 9.998648e-01 1.290405e+01
9.999828e-01 7.407599e-04 5.820329e-03 -2.250132e+00 -7.325843e-04 9.999987e-01 -1.406686e-03 -3.873224e-01 -5.821391e-03 1.402398e-03 9.999820e-01 1.431044e+01
9.999408e-01 1.124294e-03 -1.082301e-02 -2.268870e+00 -1.098434e-03 9.999965e-01 2.395038e-03 -4.124140e-01 1.082564e-02 -2.383008e-03 9.999385e-01 1.563053e+01
9.999834e-01 7.852709e-04 5.715873e-03 -2.278840e+00 -7.785219e-04 9.999990e-01 -1.182871e-03 -4.387554e-01 -5.716824e-03 1.178402e-03 9.999829e-01 1.704442e+01
9.999118e-01 9.386491e-04 -1.324677e-02 -2.237770e+00 -9.042183e-04 9.999962e-01 2.604936e-03 -4.643644e-01 1.324914e-02 -2.592729e-03 9.999088e-01 1.831995e+01
9.999997e-01 -4.764919e-04 5.866312e-04 -2.223920e+00 4.772786e-04 9.999990e-01 -1.341530e-03 -4.789029e-01 -5.860215e-04 1.341809e-03 9.999988e-01 1.867978e+01
9.999990e-01 9.141950e-04 -1.032006e-03 -2.155921e+00 -9.126612e-04 9.999985e-01 1.485782e-03 -4.952117e-01 1.033332e-03 -1.484839e-03 9.999983e-01 1.909498e+01
9.999984e-01 -1.926247e-04 1.793447e-03 -2.117430e+00 1.952001e-04 9.999989e-01 -1.435939e-03 -5.135695e-01 -1.793199e-03 1.436286e-03 9.999973e-01 1.971444e+01
9.999871e-01 4.577043e-04 -5.060001e-03 -2.119252e+00 -4.483779e-04 9.999982e-01 1.844142e-03 -5.261930e-01 5.060806e-03 -1.841850e-03 9.999854e-01 1.992548e+01
9.996345e-01 5.102018e-04 -2.703148e-02 -2.036667e+00 -4.924531e-04 9.999997e-01 6.632437e-04 -5.364240e-01 2.703177e-02 -6.496892e-04 9.996343e-01 2.000412e+01
9.984655e-01 1.209937e-03 -5.536315e-02 -2.067696e+00 -9.060789e-04 9.999844e-01 5.513217e-03 -5.425682e-01 5.536891e-02 -5.454593e-03 9.984510e-01 2.021310e+01
9.996042e-01 9.471396e-04 -2.811769e-02 -2.137598e+00 -9.228356e-04 9.999992e-01 8.773190e-04 -5.506551e-01 2.811845e-02 -8.510224e-04 9.996041e-01 2.059925e+01
9.987156e-01 1.148235e-03 -5.065422e-02 -2.190807e+00 -8.818001e-04 9.999857e-01 5.281903e-03 -5.610088e-01 5.065950e-02 -5.230450e-03 9.987022e-01 2.109903e+01
9.994949e-01 1.155597e-03 -3.175869e-02 -2.203389e+00 -1.116809e-03 9.999986e-01 1.239012e-03 -5.721002e-01 3.176002e-02 -1.202915e-03 9.994947e-01 2.161921e+01
9.993345e-01 1.266703e-03 -3.645413e-02 -2.154065e+00 -1.103539e-03 9.999893e-01 4.495636e-03 -5.887650e-01 3.645936e-02 -4.452413e-03 9.993251e-01 2.237681e+01
9.997035e-01 1.046816e-03 -2.432542e-02 -2.152863e+00 -1.032504e-03 9.999993e-01 6.008719e-04 -6.047042e-01 2.432596e-02 -5.755746e-04 9.997038e-01 2.311523e+01
9.992722e-01 8.880432e-04 -3.813387e-02 -2.166048e+00 -7.176995e-04 9.999897e-01 4.480415e-03 -6.177169e-01 3.813738e-02 -4.449782e-03 9.992625e-01 2.368665e+01
9.995025e-01 1.291564e-03 -3.151140e-02 -2.187539e+00 -1.254823e-03 9.999985e-01 1.185663e-03 -6.302252e-01 3.151280e-02 -1.145529e-03 9.995026e-01 2.427804e+01
9.992159e-01 9.779299e-04 -3.957939e-02 -2.196793e+00 -7.947911e-04 9.999889e-01 4.642545e-03 -6.441935e-01 3.958341e-02 -4.607444e-03 9.992056e-01 2.494854e+01
9.995510e-01 1.375438e-03 -2.993087e-02 -2.155100e+00 -1.344126e-03 9.999985e-01 1.066163e-03 -6.588856e-01 2.993221e-02 -1.025449e-03 9.995513e-01 2.558775e+01
9.988253e-01 8.824615e-04 -4.844721e-02 -2.133098e+00 -6.281993e-04 9.999860e-01 5.263154e-03 -6.719935e-01 4.845108e-02 -5.226532e-03 9.988118e-01 2.619927e+01
9.992816e-01 1.432170e-03 -3.787007e-02 -2.163139e+00 -1.370742e-03 9.999977e-01 1.647909e-03 -6.822161e-01 3.787225e-02 -1.594810e-03 9.992812e-01 2.672463e+01
9.988503e-01 7.333089e-04 -4.793114e-02 -2.199758e+00 -4.871041e-04 9.999866e-01 5.148041e-03 -6.924416e-01 4.793418e-02 -5.118771e-03 9.988373e-01 2.724917e+01
9.985535e-01 1.520220e-03 -5.374457e-02 -2.252696e+00 -1.378803e-03 9.999955e-01 2.668177e-03 -6.981492e-01 5.374829e-02 -2.590209e-03 9.985511e-01 2.757214e+01
9.989184e-01 2.395840e-04 -4.649574e-02 -2.292898e+00 -2.871272e-05 9.999897e-01 4.535796e-03 -7.016719e-01 4.649625e-02 -4.529550e-03 9.989081e-01 2.763996e+01
9.997462e-01 1.259088e-03 -2.249291e-02 -2.237901e+00 -1.245165e-03 9.999990e-01 6.327456e-04 -7.091438e-01 2.249358e-02 -6.045724e-04 9.997468e-01 2.774133e+01
9.993922e-01 1.471492e-04 -3.485818e-02 -2.226317e+00 -1.649741e-05 9.999930e-01 3.748200e-03 -7.194947e-01 3.485839e-02 -3.745342e-03 9.993852e-01 2.806067e+01
9.998347e-01 1.251888e-03 -1.813366e-02 -2.213345e+00 -1.247172e-03 9.999992e-01 2.710538e-04 -7.295481e-01 1.813389e-02 -2.483881e-04 9.998355e-01 2.832953e+01
9.994916e-01 1.105603e-04 -3.188248e-02 -2.212881e+00 2.027834e-06 9.999938e-01 3.531109e-03 -7.402584e-01 3.188257e-02 -3.529373e-03 9.994853e-01 2.865517e+01
9.998644e-01 1.247589e-03 -1.641458e-02 -2.207604e+00 -1.244998e-03 9.999992e-01 1.676449e-04 -7.509049e-01 1.641468e-02 -1.471811e-04 9.998652e-01 2.896084e+01
9.996795e-01 -1.574764e-04 -2.531186e-02 -2.146970e+00 2.318594e-04 9.999957e-01 2.935501e-03 -7.621573e-01 2.531120e-02 -2.940424e-03 9.996753e-01 2.917681e+01
9.998584e-01 1.363934e-03 -1.677102e-02 -2.071712e+00 -1.359802e-03 9.999990e-01 2.573589e-04 -7.733588e-01 1.677126e-02 -2.345123e-04 9.998593e-01 2.938372e+01
9.996944e-01 -2.298025e-04 -2.471850e-02 -2.014645e+00 3.016329e-04 9.999957e-01 2.901976e-03 -7.848555e-01 2.471763e-02 -2.908540e-03 9.996902e-01 2.963679e+01
9.999176e-01 1.369640e-03 1.275547e-02 -1.994422e+00 -1.348789e-03 9.999977e-01 -1.642611e-03 -8.029505e-01 -1.275779e-02 1.625276e-03 9.999173e-01 3.031371e+01
9.999060e-01 -5.020925e-04 -1.369772e-02 -1.988205e+00 5.291988e-04 9.999979e-01 1.974844e-03 -8.213567e-01 1.369661e-02 -1.981903e-03 9.999042e-01 3.100808e+01
9.999058e-01 1.237539e-03 1.366331e-02 -1.943709e+00 -1.211751e-03 9.999975e-01 -1.894974e-03 -8.394462e-01 -1.366571e-02 1.878243e-03 9.999048e-01 3.159710e+01
9.999104e-01 -3.845491e-04 -1.337363e-02 -1.921646e+00 4.103489e-04 9.999981e-01 1.925970e-03 -8.579525e-01 1.337277e-02 -1.931281e-03 9.999087e-01 3.224508e+01
9.999051e-01 1.370741e-03 1.370174e-02 -1.902579e+00 -1.344927e-03 9.999973e-01 -1.892520e-03 -8.774347e-01 -1.370439e-02 1.873917e-03 9.999043e-01 3.297495e+01
9.999097e-01 -3.927388e-04 -1.342435e-02 -1.874685e+00 4.186912e-04 9.999980e-01 1.929989e-03 -8.971304e-01 1.342347e-02 -1.935431e-03 9.999080e-01 3.371060e+01
9.999053e-01 1.323384e-03 1.369170e-02 -1.836740e+00 -1.298044e-03 9.999974e-01 -1.858984e-03 -9.167792e-01 -1.369422e-02 1.841040e-03 9.999045e-01 3.443495e+01
9.999104e-01 -4.035258e-04 -1.337629e-02 -1.788287e+00 4.291340e-04 9.999981e-01 1.911155e-03 -9.366373e-01 1.337540e-02 -1.916719e-03 9.999087e-01 3.516145e+01
9.999060e-01 1.343899e-03 1.364337e-02 -1.734922e+00 -1.318992e-03 9.999974e-01 -1.833941e-03 -9.568563e-01 -1.364590e-02 1.815777e-03 9.999052e-01 3.590896e+01
9.999093e-01 -4.707599e-04 -1.345727e-02 -1.682339e+00 4.966640e-04 9.999980e-01 1.921172e-03 -9.764717e-01 1.345625e-02 -1.927677e-03 9.999076e-01 3.661288e+01
9.999057e-01 1.237316e-03 1.367288e-02 -1.606234e+00 -1.212686e-03 9.999976e-01 -1.809093e-03 -9.958476e-01 -1.367518e-02 1.792346e-03 9.999049e-01 3.725789e+01
9.999090e-01 -5.129292e-04 -1.347201e-02 -1.533941e+00 5.386284e-04 9.999980e-01 1.903579e-03 -1.014841e+00 1.347092e-02 -1.910658e-03 9.999074e-01 3.787484e+01
9.999075e-01 1.255152e-03 1.353797e-02 -1.483502e+00 -1.231121e-03 9.999977e-01 -1.782725e-03 -1.033385e+00 -1.354027e-02 1.765897e-03 9.999067e-01 3.849303e+01
9.998916e-01 -5.783146e-04 -1.471044e-02 -1.424366e+00 6.091121e-04 9.999976e-01 2.088774e-03 -1.051325e+00 1.470911e-02 -2.097503e-03 9.998896e-01 3.905365e+01
9.999723e-01 1.502338e-03 7.284736e-03 -1.366255e+00 -1.495460e-03 9.999984e-01 -9.487466e-04 -1.070150e+00 -7.286243e-03 9.378305e-04 9.999730e-01 3.970160e+01
9.996100e-01 -1.944063e-04 -2.792350e-02 -1.310767e+00 2.848317e-04 9.999947e-01 3.234164e-03 -1.088365e+00 2.792264e-02 -3.240852e-03 9.996048e-01 4.036133e+01
9.999969e-01 1.476632e-03 1.946567e-03 -1.252326e+00 -1.475460e-03 9.999987e-01 -6.003015e-04 -1.105435e+00 -1.947542e-03 5.974317e-04 9.999979e-01 4.094787e+01
9.992578e-01 -8.934179e-05 -3.851904e-02 -1.195962e+00 2.278496e-04 9.999935e-01 3.591288e-03 -1.119857e+00 3.851838e-02 -3.597396e-03 9.992514e-01 4.139452e+01
9.999938e-01 1.436035e-03 3.203186e-03 -1.151281e+00 -1.434057e-03 9.999988e-01 -6.174539e-04 -1.134017e+00 -3.204157e-03 6.128604e-04 9.999947e-01 4.183201e+01
9.992451e-01 -1.505190e-04 -3.884631e-02 -1.098469e+00 2.879553e-04 9.999937e-01 3.532210e-03 -1.148058e+00 3.884545e-02 -3.540726e-03 9.992389e-01 4.224761e+01
9.999774e-01 1.448736e-03 6.554247e-03 -1.038497e+00 -1.443888e-03 9.999987e-01 -7.434108e-04 -1.163006e+00 -6.555400e-03 7.339342e-04 9.999782e-01 4.270260e+01
9.994532e-01 -2.307880e-04 -3.306227e-02 -9.454764e-01 3.355899e-04 9.999949e-01 3.164115e-03 -1.179283e+00 3.306129e-02 -3.173477e-03 9.994483e-01 4.318467e+01
9.998259e-01 1.306125e-03 1.861034e-02 -8.403894e-01 -1.280090e-03 9.999982e-01 -1.410428e-03 -1.197504e+00 -1.861223e-02 1.386363e-03 9.998258e-01 4.375460e+01
9.996145e-01 -3.368261e-04 -2.775994e-02 -7.523094e-01 4.153924e-04 9.999959e-01 2.824240e-03 -1.217288e+00 2.775879e-02 -2.834679e-03 9.996106e-01 4.445810e+01
9.997271e-01 1.417239e-03 2.331404e-02 -7.013979e-01 -1.370632e-03 9.999970e-01 -2.014667e-03 -1.237993e+00 -2.331691e-02 1.982166e-03 9.997261e-01 4.529103e+01
9.996299e-01 -2.006015e-04 -2.719960e-02 -6.837400e-01 2.750910e-04 9.999962e-01 2.734663e-03 -1.258855e+00 2.719887e-02 -2.741130e-03 9.996263e-01 4.619007e+01
9.997538e-01 1.455217e-03 2.213659e-02 -6.725351e-01 -1.414735e-03 9.999973e-01 -1.843951e-03 -1.279614e+00 -2.213929e-02 1.812184e-03 9.997532e-01 4.708006e+01
9.997008e-01 -2.239592e-04 -2.445597e-02 -6.522243e-01 2.813602e-04 9.999972e-01 2.343428e-03 -1.300916e+00 2.445530e-02 -2.349605e-03 9.996981e-01 4.800447e+01
9.997393e-01 1.315927e-03 2.279275e-02 -6.262333e-01 -1.273146e-03 9.999974e-01 -1.891064e-03 -1.321622e+00 -2.279526e-02 1.861556e-03 9.997384e-01 4.886518e+01
9.996886e-01 -8.900725e-05 -2.495049e-02 -6.006898e-01 1.478527e-04 9.999972e-01 2.356396e-03 -1.343255e+00 2.495013e-02 -2.359348e-03 9.996859e-01 4.980881e+01
9.997269e-01 1.319133e-03 2.333060e-02 -5.980651e-01 -1.273424e-03 9.999972e-01 -1.973644e-03 -1.364112e+00 -2.333322e-02 1.943398e-03 9.997258e-01 5.071334e+01
9.996846e-01 -5.653545e-05 -2.510924e-02 -5.973045e-01 1.156086e-04 9.999972e-01 2.350949e-03 -1.385069e+00 2.510896e-02 -2.353107e-03 9.996819e-01 5.162894e+01
9.997099e-01 1.375171e-03 2.404285e-02 -6.026714e-01 -1.327541e-03 9.999971e-01 -1.996599e-03 -1.406547e+00 -2.404561e-02 1.964105e-03 9.997089e-01 5.259131e+01
9.996850e-01 3.072459e-05 -2.509657e-02 -6.113809e-01 2.728332e-05 9.999973e-01 2.310797e-03 -1.428357e+00 2.509650e-02 -2.310751e-03 9.996823e-01 5.358220e+01
9.996922e-01 1.427252e-03 2.476652e-02 -6.276737e-01 -1.374773e-03 9.999968e-01 -2.135589e-03 -1.450257e+00 -2.476957e-02 2.100886e-03 9.996910e-01 5.456615e+01
9.996845e-01 -4.395239e-05 -2.511306e-02 -6.402083e-01 1.013337e-04 9.999974e-01 2.283413e-03 -1.471710e+00 2.511281e-02 -2.285234e-03 9.996820e-01 5.551358e+01
9.996873e-01 1.364353e-03 2.496367e-02 -6.437970e-01 -1.311243e-03 9.999968e-01 -2.143497e-03 -1.492983e+00 -2.496660e-02 2.110096e-03 9.996860e-01 5.643383e+01
9.996867e-01 -1.320483e-04 -2.502593e-02 -6.236896e-01 1.880287e-04 9.999975e-01 2.234325e-03 -1.514521e+00 2.502549e-02 -2.238328e-03 9.996843e-01 5.734601e+01
9.997080e-01 1.392124e-03 2.412129e-02 -6.106561e-01 -1.346529e-03 9.999973e-01 -1.906114e-03 -1.536115e+00 -2.412396e-02 1.873080e-03 9.997072e-01 5.829614e+01
9.996913e-01 -1.263959e-04 -2.484343e-02 -6.069581e-01 1.802252e-04 9.999976e-01 2.164289e-03 -1.557254e+00 2.484302e-02 -2.168096e-03 9.996890e-01 5.921602e+01
9.997015e-01 1.379682e-03 2.438772e-02 -6.050271e-01 -1.332807e-03 9.999972e-01 -1.937990e-03 -1.578106e+00 -2.439041e-02 1.904910e-03 9.997007e-01 6.010642e+01
9.997038e-01 -1.898173e-04 -2.433554e-02 -6.035492e-01 2.386434e-04 9.999980e-01 2.003259e-03 -1.598395e+00 2.433503e-02 -2.008471e-03 9.997018e-01 6.093426e+01
9.997081e-01 1.465794e-03 2.411375e-02 -6.044476e-01 -1.421563e-03 9.999973e-01 -1.851081e-03 -1.619465e+00 -2.411648e-02 1.816264e-03 9.997075e-01 6.183503e+01
9.997075e-01 -1.336182e-04 -2.418081e-02 -6.046517e-01 1.801918e-04 9.999981e-01 1.923673e-03 -1.641074e+00 2.418043e-02 -1.927465e-03 9.997057e-01 6.277231e+01
9.997139e-01 1.448759e-03 2.386990e-02 -6.089975e-01 -1.407277e-03 9.999975e-01 -1.754312e-03 -1.662436e+00 -2.387246e-02 1.720221e-03 9.997135e-01 6.370308e+01
9.997064e-01 -1.576167e-04 -2.422620e-02 -6.070666e-01 2.039676e-04 9.999982e-01 1.910585e-03 -1.683820e+00 2.422577e-02 -1.914963e-03 9.997047e-01 6.463228e+01
9.997095e-01 1.432557e-03 2.405573e-02 -6.041574e-01 -1.390364e-03 9.999975e-01 -1.770422e-03 -1.705093e+00 -2.405828e-02 1.736464e-03 9.997090e-01 6.554559e+01
9.997055e-01 -1.949522e-04 -2.426434e-02 -5.970084e-01 2.411484e-04 9.999982e-01 1.900756e-03 -1.726109e+00 2.426384e-02 -1.906045e-03 9.997038e-01 6.643733e+01
9.997020e-01 1.580927e-03 2.435506e-02 -6.062578e-01 -1.536483e-03 9.999971e-01 -1.843207e-03 -1.747752e+00 -2.435798e-02 1.805239e-03 9.997017e-01 6.737677e+01
9.997004e-01 -4.681026e-05 -2.447339e-02 -6.295582e-01 9.354763e-05 9.999982e-01 1.908389e-03 -1.770222e+00 2.447318e-02 -1.910105e-03 9.996986e-01 6.840602e+01
9.997267e-01 1.554646e-03 2.332215e-02 -6.573124e-01 -1.518803e-03 9.999976e-01 -1.554281e-03 -1.792586e+00 -2.332459e-02 1.518436e-03 9.997268e-01 6.946258e+01
9.997082e-01 1.218008e-04 -2.415273e-02 -6.883485e-01 -7.846991e-05 9.999984e-01 1.794793e-03 -1.816006e+00 2.415283e-02 -1.792372e-03 9.997067e-01 7.059522e+01
9.997200e-01 1.622777e-03 2.360441e-02 -7.200242e-01 -1.585886e-03 9.999975e-01 -1.581308e-03 -1.840006e+00 -2.360700e-02 1.543433e-03 9.997201e-01 7.176761e+01
9.997064e-01 -3.069151e-05 -2.422808e-02 -7.420710e-01 7.409121e-05 9.999984e-01 1.790228e-03 -1.863036e+00 2.422791e-02 -1.791495e-03 9.997048e-01 7.285950e+01
9.997112e-01 1.673050e-03 2.397068e-02 -7.641191e-01 -1.634118e-03 9.999973e-01 -1.643465e-03 -1.886401e+00 -2.397345e-02 1.603821e-03 9.997113e-01 7.396523e+01
9.997120e-01 -3.650561e-05 -2.399414e-02 -7.886507e-01 7.717041e-05 9.999986e-01 1.693691e-03 -1.909553e+00 2.399396e-02 -1.695053e-03 9.997106e-01 7.504853e+01
9.997112e-01 1.709371e-03 2.396669e-02 -8.146065e-01 -1.671219e-03 9.999973e-01 -1.611635e-03 -1.932994e+00 -2.396946e-02 1.571118e-03 9.997114e-01 7.615479e+01
9.997089e-01 -1.424308e-05 -2.412326e-02 -8.395105e-01 5.500607e-05 9.999986e-01 1.688962e-03 -1.956673e+00 2.412312e-02 -1.689796e-03 9.997075e-01 7.728586e+01
9.997088e-01 1.792715e-03 2.406059e-02 -8.668047e-01 -1.754849e-03 9.999972e-01 -1.594632e-03 -1.980932e+00 -2.406346e-02 1.551947e-03 9.997092e-01 7.846201e+01
9.997103e-01 -4.903874e-05 -2.406539e-02 -8.913800e-01 8.863856e-05 9.999986e-01 1.644302e-03 -2.004938e+00 2.406520e-02 -1.645957e-03 9.997090e-01 7.961591e+01
9.997040e-01 1.677738e-03 2.426823e-02 -9.067814e-01 -1.639499e-03 9.999974e-01 -1.595368e-03 -2.028212e+00 -2.427092e-02 1.555109e-03 9.997042e-01 8.069724e+01
9.997099e-01 1.500283e-05 -2.408079e-02 -9.236318e-01 2.362102e-05 9.999987e-01 1.603510e-03 -2.052008e+00 2.408070e-02 -1.603612e-03 9.997087e-01 8.182137e+01
9.997058e-01 1.711000e-03 2.418986e-02 -9.430201e-01 -1.674338e-03 9.999974e-01 -1.535638e-03 -2.076003e+00 -2.419250e-02 1.494685e-03 9.997062e-01 8.296748e+01
9.997112e-01 5.633138e-05 -2.402743e-02 -9.620278e-01 -1.926233e-05 9.999988e-01 1.542887e-03 -2.100318e+00 2.402741e-02 -1.541977e-03 9.997101e-01 8.413582e+01
9.997075e-01 1.809289e-03 2.411403e-02 -9.876305e-01 -1.774230e-03 9.999973e-01 -1.475042e-03 -2.125256e+00 -2.411671e-02 1.431828e-03 9.997081e-01 8.536163e+01
9.997128e-01 7.502139e-05 -2.396086e-02 -1.012953e+00 -3.952719e-05 9.999989e-01 1.481701e-03 -2.150317e+00 2.396086e-02 -1.480327e-03 9.997118e-01 8.659338e+01
9.997113e-01 1.891656e-03 2.394781e-02 -1.043765e+00 -1.858738e-03 9.999973e-01 -1.396635e-03 -2.176054e+00 -2.395047e-02 1.351720e-03 9.997122e-01 8.789020e+01
9.997103e-01 1.043499e-04 -2.406483e-02 -1.074733e+00 -6.923930e-05 9.999989e-01 1.459733e-03 -2.202120e+00 2.406487e-02 -1.457643e-03 9.997093e-01 8.921973e+01
9.997094e-01 1.952733e-03 2.402266e-02 -1.107479e+00 -1.920243e-03 9.999972e-01 -1.375400e-03 -2.228575e+00 -2.402535e-02 1.328872e-03 9.997104e-01 9.057673e+01
9.997112e-01 -1.272194e-04 -2.402796e-02 -1.134921e+00 1.614661e-04 9.999990e-01 1.423267e-03 -2.253141e+00 2.402767e-02 -1.426735e-03 9.997103e-01 9.177676e+01
9.997055e-01 1.657424e-03 2.420709e-02 -1.154545e+00 -1.624628e-03 9.999977e-01 -1.374323e-03 -2.275451e+00 -2.420939e-02 1.334591e-03 9.997060e-01 9.277879e+01
9.997131e-01 -1.198914e-04 -2.394779e-02 -1.172271e+00 1.525182e-04 9.999991e-01 1.360516e-03 -2.297822e+00 2.394753e-02 -1.363777e-03 9.997123e-01 9.377976e+01
9.997065e-01 1.708425e-03 2.416466e-02 -1.193245e+00 -1.676836e-03 9.999977e-01 -1.327368e-03 -2.320549e+00 -2.416695e-02 1.286459e-03 9.997071e-01 9.481370e+01
9.997081e-01 4.496783e-05 -2.415610e-02 -1.221855e+00 -1.204395e-05 9.999991e-01 1.363043e-03 -2.344491e+00 2.415606e-02 -1.362353e-03 9.997073e-01 9.595992e+01
9.997062e-01 1.726160e-03 2.417179e-02 -1.253314e+00 -1.695299e-03 9.999977e-01 -1.297141e-03 -2.368479e+00 -2.417405e-02 1.255782e-03 9.997070e-01 9.710853e+01
9.997051e-01 1.553809e-04 -2.427882e-02 -1.291439e+00 -1.227233e-04 9.999991e-01 1.346538e-03 -2.393265e+00 2.427892e-02 -1.343161e-03 9.997043e-01 9.833023e+01
9.997046e-01 1.648844e-03 2.424407e-02 -1.321111e+00 -1.618964e-03 9.999979e-01 -1.251988e-03 -2.417702e+00 -2.424616e-02 1.212369e-03 9.997053e-01 9.952030e+01
9.997086e-01 8.366326e-05 -2.413561e-02 -1.346244e+00 -5.298464e-05 9.999992e-01 1.271688e-03 -2.441561e+00 2.413561e-02 -1.270039e-03 9.997079e-01 1.006533e+02
9.997022e-01 1.530613e-03 2.435144e-02 -1.367441e+00 -1.500795e-03 9.999981e-01 -1.242697e-03 -2.464546e+00 -2.435338e-02 1.205781e-03 9.997027e-01 1.017052e+02
9.997072e-01 -2.540048e-05 -2.419488e-02 -1.377967e+00 5.574230e-05 9.999992e-01 1.253354e-03 -2.487183e+00 2.419475e-02 -1.254335e-03 9.997065e-01 1.027230e+02
9.997010e-01 1.515684e-03 2.440060e-02 -1.389033e+00 -1.486644e-03 9.999982e-01 -1.208182e-03 -2.509586e+00 -2.440247e-02 1.171546e-03 9.997015e-01 1.037252e+02
9.997076e-01 -2.940800e-05 -2.417595e-02 -1.404681e+00 5.860824e-05 9.999993e-01 1.207092e-03 -2.531696e+00 2.417581e-02 -1.208155e-03 9.997070e-01 1.047064e+02
9.997026e-01 1.550163e-03 2.433383e-02 -1.422130e+00 -1.522328e-03 9.999982e-01 -1.162345e-03 -2.554119e+00 -2.433567e-02 1.124956e-03 9.997032e-01 1.057154e+02
9.997092e-01 -1.449715e-04 -2.410984e-02 -1.431114e+00 1.732636e-04 9.999993e-01 1.171367e-03 -2.575884e+00 2.410958e-02 -1.175203e-03 9.997086e-01 1.066646e+02
9.997029e-01 1.651759e-03 2.431634e-02 -1.440404e+00 -1.624379e-03 9.999980e-01 -1.145658e-03 -2.598560e+00 -2.431826e-02 1.105819e-03 9.997036e-01 1.076824e+02
9.997067e-01 1.628505e-04 -2.421458e-02 -1.468142e+00 -1.350597e-04 9.999993e-01 1.149315e-03 -2.623037e+00 2.421468e-02 -1.145708e-03 9.997061e-01 1.088655e+02
9.997039e-01 1.633253e-03 2.427467e-02 -1.492532e+00 -1.607347e-03 9.999981e-01 -1.086655e-03 -2.647629e+00 -2.427648e-02 1.047316e-03 9.997047e-01 1.100589e+02
9.997066e-01 1.430640e-04 -2.421745e-02 -1.515215e+00 -1.163851e-04 9.999994e-01 1.103053e-03 -2.672097e+00 2.421752e-02 -1.099911e-03 9.997061e-01 1.112413e+02
9.997058e-01 1.646067e-03 2.419528e-02 -1.541979e+00 -1.621709e-03 9.999982e-01 -1.026323e-03 -2.696656e+00 -2.419701e-02 9.867831e-04 9.997067e-01 1.124363e+02
9.997089e-01 1.761789e-04 -2.412356e-02 -1.566310e+00 -1.509723e-04 9.999994e-01 1.046733e-03 -2.721469e+00 2.412365e-02 -1.042787e-03 9.997084e-01 1.136480e+02
9.997080e-01 1.541890e-03 2.411180e-02 -1.587462e+00 -1.519247e-03 9.999984e-01 -9.573867e-04 -2.745696e+00 -2.411332e-02 9.204751e-04 9.997088e-01 1.148157e+02
9.997111e-01 6.865084e-05 -2.403212e-02 -1.604663e+00 -4.491516e-05 9.999995e-01 9.882336e-04 -2.769034e+00 2.403210e-02 -9.868692e-04 9.997107e-01 1.159059e+02
9.997061e-01 1.658992e-03 2.418133e-02 -1.626026e+00 -1.636527e-03 9.999982e-01 -9.488314e-04 -2.793121e+00 -2.418295e-02 9.089787e-04 9.997071e-01 1.170531e+02
9.997079e-01 1.631569e-04 -2.416473e-02 -1.653931e+00 -1.395105e-04 9.999995e-01 9.802751e-04 -2.817822e+00 2.416480e-02 -9.766181e-04 9.997075e-01 1.182594e+02
9.997049e-01 1.598905e-03 2.423466e-02 -1.677973e+00 -1.577192e-03 9.999983e-01 -9.150560e-04 -2.842112e+00 -2.423616e-02 8.765628e-04 9.997059e-01 1.194286e+02
9.997078e-01 8.413934e-05 -2.416776e-02 -1.700518e+00 -6.138219e-05 9.999996e-01 9.424253e-04 -2.865845e+00 2.416775e-02 -9.406672e-04 9.997075e-01 1.205523e+02
9.997064e-01 1.498468e-03 2.418013e-02 -1.721455e+00 -1.478270e-03 9.999985e-01 -8.532299e-04 -2.888858e+00 -2.418146e-02 8.172340e-04 9.997072e-01 1.216208e+02
9.997103e-01 3.562569e-05 -2.406482e-02 -1.739813e+00 -1.440888e-05 9.999996e-01 8.818876e-04 -2.911473e+00 2.406477e-02 -8.812863e-04 9.997100e-01 1.226506e+02
9.997035e-01 1.388431e-03 2.430810e-02 -1.749077e+00 -1.368852e-03 9.999987e-01 -8.221540e-04 -2.933380e+00 -2.430929e-02 7.886352e-04 9.997042e-01 1.236170e+02
9.997144e-01 -1.486920e-04 -2.389441e-02 -1.745931e+00 1.679174e-04 9.999997e-01 8.026665e-04 -2.954169e+00 2.389420e-02 -8.064505e-04 9.997141e-01 1.244693e+02
9.997059e-01 1.557289e-03 2.419779e-02 -1.753313e+00 -1.538736e-03 9.999985e-01 -7.854055e-04 -2.976025e+00 -2.419906e-02 7.479396e-04 9.997069e-01 1.254189e+02
9.997098e-01 -8.289304e-05 -2.408569e-02 -1.768652e+00 1.027328e-04 9.999997e-01 8.225600e-04 -2.998215e+00 2.408554e-02 -8.247968e-04 9.997095e-01 1.264152e+02
9.997008e-01 1.468055e-03 2.441294e-02 -1.771909e+00 -1.449041e-03 9.999986e-01 -7.965995e-04 -3.020014e+00 -2.441416e-02 7.609848e-04 9.997016e-01 1.273602e+02
9.997092e-01 -7.840977e-05 -2.411120e-02 -1.781800e+00 9.765012e-05 9.999997e-01 7.968966e-04 -3.041567e+00 2.411105e-02 -7.990205e-04 9.997089e-01 1.282929e+02
9.997007e-01 1.555062e-03 2.441079e-02 -1.795037e+00 -1.536506e-03 9.999985e-01 -7.789838e-04 -3.063754e+00 -2.441205e-02 7.412422e-04 9.997017e-01 1.292760e+02
9.997043e-01 1.173721e-04 -2.431347e-02 -1.817672e+00 -9.782477e-05 9.999997e-01 8.052583e-04 -3.087361e+00 2.431347e-02 -8.026430e-04 9.997040e-01 1.303896e+02
9.997005e-01 1.463156e-03 2.442543e-02 -1.835979e+00 -1.445945e-03 9.999987e-01 -7.223553e-04 -3.110347e+00 -2.442654e-02 6.868199e-04 9.997014e-01 1.314541e+02
9.997044e-01 1.971779e-04 -2.430902e-02 -1.859212e+00 -1.790691e-04 9.999997e-01 7.472217e-04 -3.133791e+00 2.430908e-02 -7.426492e-04 9.997042e-01 1.325542e+02
9.996988e-01 1.292813e-03 2.450593e-02 -1.873673e+00 -1.276717e-03 9.999990e-01 -6.725484e-04 -3.156078e+00 -2.450686e-02 6.410573e-04 9.996994e-01 1.335558e+02
9.997067e-01 6.729924e-05 -2.421289e-02 -1.883336e+00 -5.092401e-05 9.999998e-01 6.770357e-04 -3.177426e+00 2.421285e-02 -6.756056e-04 9.997066e-01 1.344712e+02
9.996907e-01 1.167855e-03 2.483879e-02 -1.877798e+00 -1.151017e-03 9.999991e-01 -6.922815e-04 -3.198160e+00 -2.483965e-02 6.634761e-04 9.996912e-01 1.353116e+02
9.997056e-01 1.999733e-04 -2.426008e-02 -1.877833e+00 -1.845036e-04 9.999998e-01 6.400233e-04 -3.219738e+00 2.426012e-02 -6.353605e-04 9.997055e-01 1.362232e+02
9.996901e-01 1.220102e-03 2.485990e-02 -1.877669e+00 -1.204169e-03 9.999991e-01 -6.559954e-04 -3.241778e+00 -2.486076e-02 6.258550e-04 9.996907e-01 1.371757e+02
9.997072e-01 2.228098e-04 -2.419143e-02 -1.871986e+00 -2.085643e-04 9.999998e-01 5.915223e-04 -3.264194e+00 2.419148e-02 -5.863055e-04 9.997072e-01 1.381500e+02
9.996924e-01 1.361985e-03 2.476176e-02 -1.871587e+00 -1.347148e-03 9.999989e-01 -6.159860e-04 -3.287675e+00 -2.476266e-02 5.824370e-04 9.996932e-01 1.392172e+02
9.997042e-01 3.049508e-04 -2.431556e-02 -1.871906e+00 -2.909716e-04 9.999998e-01 5.785884e-04 -3.311928e+00 2.431565e-02 -5.713441e-04 9.997041e-01 1.403535e+02
9.996970e-01 1.385967e-03 2.457123e-02 -1.872464e+00 -1.373277e-03 9.999989e-01 -5.335071e-04 -3.336554e+00 -2.457202e-02 4.996005e-04 9.996979e-01 1.415284e+02
9.997072e-01 2.049014e-04 -2.419124e-02 -1.874076e+00 -1.924095e-04 9.999998e-01 5.188640e-04 -3.360160e+00 2.419126e-02 -5.140595e-04 9.997072e-01 1.426184e+02
9.996901e-01 1.183240e-03 2.486355e-02 -1.867104e+00 -1.170679e-03 9.999992e-01 -5.199111e-04 -3.382276e+00 -2.486422e-02 4.906408e-04 9.996907e-01 1.435759e+02
9.997281e-01 -4.953762e-05 -2.331547e-02 -1.848042e+00 5.936087e-05 9.999999e-01 4.207983e-04 -3.403372e+00 2.331536e-02 -4.220700e-04 9.997280e-01 1.444147e+02
9.997023e-01 1.299527e-03 2.436170e-02 -1.834735e+00 -1.288310e-03 9.999991e-01 -4.763060e-04 -3.424872e+00 -2.436237e-02 4.447767e-04 9.997031e-01 1.452980e+02
9.997187e-01 7.843526e-05 -2.371562e-02 -1.833864e+00 -6.867266e-05 9.999999e-01 4.126436e-04 -3.446589e+00 2.371557e-02 -4.109011e-04 9.997186e-01 1.462221e+02
9.996876e-01 1.336175e-03 2.495660e-02 -1.831698e+00 -1.325183e-03 9.999990e-01 -4.571264e-04 -3.468905e+00 -2.495726e-02 4.239093e-04 9.996884e-01 1.471919e+02
9.997043e-01 9.621344e-05 -2.431475e-02 -1.834413e+00 -8.649580e-05 9.999999e-01 4.008933e-04 -3.490891e+00 2.431470e-02 -3.986739e-04 9.997043e-01 1.481444e+02
9.996815e-01 1.273586e-03 2.520011e-02 -1.831998e+00 -1.262822e-03 9.999991e-01 -4.432117e-04 -3.512662e+00 -2.520073e-02 4.112450e-04 9.996823e-01 1.490691e+02
9.997280e-01 -1.003744e-04 -2.331740e-02 -1.817139e+00 1.085903e-04 9.999999e-01 3.512822e-04 -3.533971e+00 2.331728e-02 -3.537211e-04 9.997280e-01 1.499376e+02
9.996383e-01 1.096709e-03 2.686904e-02 -1.781662e+00 -1.085334e-03 9.999993e-01 -4.381072e-04 -3.555303e+00 -2.686958e-02 4.087845e-04 9.996388e-01 1.507784e+02
9.997151e-01 -7.240943e-05 -2.386467e-02 -1.742685e+00 7.970806e-05 1.000000e+00 3.050826e-04 -3.577348e+00 2.386456e-02 -3.069005e-04 9.997151e-01 1.516578e+02
9.996853e-01 1.450471e-03 2.503996e-02 -1.735913e+00 -1.441728e-03 9.999989e-01 -3.673888e-04 -3.599686e+00 -2.504055e-02 3.311699e-04 9.996864e-01 1.526161e+02
9.997143e-01 -1.068338e-04 -2.389773e-02 -1.734752e+00 1.138767e-04 1.000000e+00 2.935551e-04 -3.621306e+00 2.389761e-02 -2.961953e-04 9.997143e-01 1.535307e+02
9.996303e-01 1.056987e-03 2.716522e-02 -1.708456e+00 -1.047227e-03 9.999994e-01 -3.736757e-04 -3.641858e+00 -2.716568e-02 3.450868e-04 9.996309e-01 1.543170e+02
9.997566e-01 -3.169312e-04 -2.205694e-02 -1.656425e+00 3.213020e-04 9.999999e-01 1.948467e-04 -3.662371e+00 2.205679e-02 -2.018890e-04 9.997567e-01 1.550618e+02
9.996421e-01 1.120870e-03 2.672490e-02 -1.615203e+00 -1.112956e-03 9.999993e-01 -3.111712e-04 -3.682575e+00 -2.672531e-02 2.813135e-04 9.996428e-01 1.558029e+02
9.997679e-01 -4.138752e-04 -2.153717e-02 -1.561972e+00 4.167332e-04 9.999999e-01 1.284583e-04 -3.702879e+00 2.153703e-02 -1.374065e-04 9.997680e-01 1.565274e+02
9.997086e-01 1.326182e-03 2.410014e-02 -1.529989e+00 -1.321037e-03 9.999991e-01 -2.296532e-04 -3.723461e+00 -2.410051e-02 1.977463e-04 9.997095e-01 1.573011e+02
9.997541e-01 -2.138356e-04 -2.217209e-02 -1.504657e+00 2.163772e-04 1.000000e+00 1.124754e-04 -3.745054e+00 2.217198e-02 -1.172483e-04 9.997541e-01 1.581659e+02
9.997144e-01 1.344570e-03 2.385523e-02 -1.495820e+00 -1.341170e-03 9.999991e-01 -1.587401e-04 -3.765685e+00 -2.385550e-02 1.266979e-04 9.997154e-01 1.589888e+02
9.997575e-01 -3.681371e-04 -2.201453e-02 -1.473569e+00 3.691009e-04 9.999999e-01 3.996817e-05 -3.786082e+00 2.201443e-02 -4.808709e-05 9.997576e-01 1.597549e+02
9.997433e-01 1.626267e-03 2.259671e-02 -1.479443e+00 -1.625259e-03 9.999987e-01 -6.322514e-05 -3.806593e+00 -2.259686e-02 2.648037e-05 9.997446e-01 1.605887e+02
9.997569e-01 -3.232362e-04 -2.204155e-02 -1.488335e+00 3.234743e-04 9.999999e-01 7.500045e-06 -3.827365e+00 2.204147e-02 -1.463124e-05 9.997570e-01 1.614441e+02
9.997460e-01 1.573468e-03 2.247976e-02 -1.497213e+00 -1.573682e-03 9.999988e-01 -8.449804e-06 -3.847811e+00 -2.247983e-02 -2.693148e-05 9.997473e-01 1.622780e+02
9.997568e-01 -3.110490e-04 -2.204878e-02 -1.504785e+00 3.105659e-04 1.000000e+00 -2.506647e-05 -3.868446e+00 2.204871e-02 1.820953e-05 9.997569e-01 1.631239e+02
9.997465e-01 1.713956e-03 2.244454e-02 -1.514259e+00 -1.714831e-03 9.999985e-01 1.948040e-05 -3.890212e+00 -2.244456e-02 -5.796733e-05 9.997481e-01 1.640630e+02
9.997513e-01 -9.186018e-05 -2.229591e-02 -1.540450e+00 9.174960e-05 1.000000e+00 -5.706682e-06 -3.913286e+00 2.229582e-02 3.656236e-06 9.997514e-01 1.651310e+02
9.997463e-01 1.667955e-03 2.245750e-02 -1.564365e+00 -1.669606e-03 9.999986e-01 5.447426e-05 -3.936084e+00 -2.245746e-02 -9.195900e-05 9.997478e-01 1.661746e+02
9.997502e-01 -1.577243e-04 -2.234421e-02 -1.584365e+00 1.572239e-04 1.000000e+00 -2.386701e-05 -3.958547e+00 2.234413e-02 2.034450e-05 9.997503e-01 1.671933e+02
9.997449e-01 1.699239e-03 2.251904e-02 -1.608051e+00 -1.701130e-03 9.999986e-01 6.453756e-05 -3.981077e+00 -2.251898e-02 -1.028324e-04 9.997464e-01 1.682139e+02
9.997474e-01 -2.128109e-04 -2.246970e-02 -1.634062e+00 2.123094e-04 1.000000e+00 -2.440976e-05 -4.003156e+00 2.246962e-02 1.962943e-05 9.997475e-01 1.692046e+02
9.997442e-01 1.655914e-03 2.255266e-02 -1.654194e+00 -1.658275e-03 9.999986e-01 8.569414e-05 -4.025162e+00 -2.255257e-02 -1.230744e-04 9.997456e-01 1.701851e+02
9.997464e-01 -1.311700e-04 -2.251558e-02 -1.677714e+00 1.301643e-04 1.000000e+00 -4.582912e-05 -4.047671e+00 2.251550e-02 4.288301e-05 9.997465e-01 1.712113e+02
9.997459e-01 1.541948e-03 2.248668e-02 -1.697812e+00 -1.545478e-03 9.999988e-01 1.393104e-04 -4.069540e+00 -2.248652e-02 -1.740314e-04 9.997471e-01 1.721869e+02
9.997428e-01 -2.002555e-04 -2.267556e-02 -1.708308e+00 1.995208e-04 1.000000e+00 -3.435561e-05 -4.091200e+00 2.267548e-02 2.981866e-05 9.997429e-01 1.731441e+02
9.997420e-01 1.589634e-03 2.265701e-02 -1.724850e+00 -1.592899e-03 9.999987e-01 1.257424e-04 -4.113048e+00 -2.265686e-02 -1.618042e-04 9.997433e-01 1.741173e+02
9.997396e-01 -2.898262e-04 -2.281455e-02 -1.735426e+00 2.893160e-04 1.000000e+00 -2.534609e-05 -4.134392e+00 2.281447e-02 1.873490e-05 9.997397e-01 1.750506e+02
9.997372e-01 1.546433e-03 2.287060e-02 -1.738639e+00 -1.549269e-03 9.999988e-01 1.059458e-04 -4.155584e+00 -2.287049e-02 -1.413546e-04 9.997384e-01 1.759570e+02
9.997413e-01 -2.318534e-04 -2.274205e-02 -1.745116e+00 2.301564e-04 1.000000e+00 -7.691419e-05 -4.177058e+00 2.274199e-02 7.165598e-05 9.997413e-01 1.768823e+02
9.997378e-01 1.526710e-03 2.284266e-02 -1.742459e+00 -1.530525e-03 9.999988e-01 1.491981e-04 -4.198845e+00 -2.284248e-02 -1.841243e-04 9.997390e-01 1.778279e+02
9.997405e-01 -3.305533e-04 -2.277387e-02 -1.724395e+00 3.285157e-04 9.999999e-01 -9.287557e-05 -4.220519e+00 2.277382e-02 8.536571e-05 9.997406e-01 1.787509e+02
9.997377e-01 1.320140e-03 2.286158e-02 -1.661708e+00 -1.325153e-03 9.999991e-01 2.037618e-04 -4.241918e+00 -2.286137e-02 -2.340076e-04 9.997386e-01 1.795856e+02
9.997266e-01 -3.410645e-04 -2.337623e-02 -1.606302e+00 3.415645e-04 9.999999e-01 1.772914e-05 -4.263060e+00 2.337614e-02 -2.571305e-05 9.997267e-01 1.804276e+02
9.997276e-01 1.633938e-03 2.327963e-02 -1.590501e+00 -1.636269e-03 9.999987e-01 8.072268e-05 -4.285663e+00 -2.327955e-02 -1.187966e-04 9.997290e-01 1.814267e+02
9.997229e-01 3.421199e-05 -2.353593e-02 -1.616839e+00 -3.385029e-05 1.000000e+00 1.610518e-05 -4.309657e+00 2.353584e-02 -1.530842e-05 9.997230e-01 1.825898e+02
9.997265e-01 1.584091e-03 2.332808e-02 -1.640829e+00 -1.586992e-03 9.999987e-01 1.054855e-04 -4.333286e+00 -2.332797e-02 -1.424825e-04 9.997278e-01 1.837200e+02
9.997234e-01 -1.043108e-05 -2.351552e-02 -1.664693e+00 9.968167e-06 1.000000e+00 -1.945374e-05 -4.356499e+00 2.351544e-02 1.920943e-05 9.997235e-01 1.848150e+02
9.997246e-01 1.623519e-03 2.340832e-02 -1.694314e+00 -1.626740e-03 9.999987e-01 1.182090e-04 -4.379698e+00 -2.340818e-02 -1.562601e-04 9.997260e-01 1.859053e+02
9.997218e-01 -1.612066e-04 -2.358133e-02 -1.719125e+00 1.604116e-04 1.000000e+00 -3.524755e-05 -4.401912e+00 2.358126e-02 3.145039e-05 9.997219e-01 1.869156e+02
9.997197e-01 1.610910e-03 2.361636e-02 -1.724437e+00 -1.613481e-03 9.999987e-01 8.944108e-05 -4.424731e+00 -2.361627e-02 -1.275251e-04 9.997211e-01 1.879387e+02
9.997210e-01 -2.291291e-05 -2.361830e-02 -1.747001e+00 2.160057e-05 1.000000e+00 -5.545295e-05 -4.447868e+00 2.361822e-02 5.492254e-05 9.997210e-01 1.890127e+02
9.997190e-01 1.510049e-03 2.365443e-02 -1.754607e+00 -1.513416e-03 9.999988e-01 1.240651e-04 -4.470828e+00 -2.365430e-02 -1.598339e-04 9.997202e-01 1.900562e+02
9.997222e-01 -5.342930e-05 -2.356489e-02 -1.766981e+00 5.115207e-05 1.000000e+00 -9.686282e-05 -4.493216e+00 2.356481e-02 9.562563e-05 9.997223e-01 1.910603e+02
9.997188e-01 1.455294e-03 2.366416e-02 -1.776869e+00 -1.459360e-03 9.999989e-01 1.541706e-04 -4.515314e+00 -2.366399e-02 -1.886666e-04 9.997199e-01 1.920334e+02
9.997217e-01 -5.651951e-05 -2.358953e-02 -1.789608e+00 5.357017e-05 1.000000e+00 -1.252742e-04 -4.537319e+00 2.358945e-02 1.239707e-04 9.997217e-01 1.930027e+02
9.997191e-01 1.363258e-03 2.365692e-02 -1.797658e+00 -1.368034e-03 9.999990e-01 1.853245e-04 -4.558778e+00 -2.365673e-02 -2.176408e-04 9.997201e-01 1.939199e+02
9.997200e-01 7.484732e-05 -2.365790e-02 -1.811861e+00 -7.851535e-05 1.000000e+00 -1.537232e-04 -4.581139e+00 2.365780e-02 1.555326e-04 9.997201e-01 1.949138e+02
9.997214e-01 1.477124e-03 2.355554e-02 -1.842103e+00 -1.483113e-03 9.999989e-01 2.363589e-04 -4.603899e+00 -2.355525e-02 -2.712336e-04 9.997225e-01 1.959610e+02
