9.999569e-01 -3.896940e-05 -9.282355e-03 4.083156e-02 4.429561e-05 9.999998e-01 5.735934e-04 -1.020878e-02 9.282330e-03 -5.739793e-04 9.999567e-01 4.839245e-01
9.999881e-01 -4.210478e-05 -4.887234e-03 7.555625e-02 4.415743e-05 9.999999e-01 4.198886e-04 -2.538492e-02 4.887214e-03 -4.200988e-04 9.999879e-01 1.202047e+00
9.999580e-01 -7.365197e-05 -9.168995e-03 1.141650e-01 7.878555e-05 9.999998e-01 5.595219e-04 -4.073491e-02 9.168949e-03 -5.602200e-04 9.999577e-01 1.929552e+00
9.999930e-01 -1.524142e-05 -3.739983e-03 1.531883e-01 1.645936e-05 9.999999e-01 3.256124e-04 -5.482550e-02 3.739973e-03 -3.256709e-04 9.999929e-01 2.595820e+00
9.999548e-01 -8.138838e-05 -9.512460e-03 1.901523e-01 8.695467e-05 9.999998e-01 5.847416e-04 -6.918698e-02 9.512404e-03 -5.855414e-04 9.999545e-01 3.276158e+00
9.999815e-01 -1.916599e-06 -6.075828e-03 2.217312e-01 5.156273e-06 9.999999e-01 5.331826e-04 -8.575696e-02 6.075818e-03 -5.332030e-04 9.999813e-01 4.059721e+00
9.999263e-01 -1.334243e-04 -1.214139e-02 2.525475e-01 1.432191e-04 9.999997e-01 8.058556e-04 -1.052542e-01 1.214127e-02 -8.075339e-04 9.999259e-01 4.982218e+00
9.999816e-01 3.356867e-05 -6.058756e-03 2.807374e-01 -3.030381e-05 9.999999e-01 5.389445e-04 -1.245161e-01 6.058761e-03 -5.387497e-04 9.999814e-01 5.892660e+00
9.999607e-01 -1.918689e-04 -8.861543e-03 3.195933e-01 1.963670e-04 9.999999e-01 5.067176e-04 -1.409121e-01 8.861432e-03 -5.084364e-04 9.999605e-01 6.670163e+00
9.999964e-01 1.015027e-04 -2.674804e-03 3.595585e-01 -1.008223e-04 1.000000e+00 2.544544e-04 -1.535572e-01 2.674816e-03 -2.541824e-04 9.999963e-01 7.269635e+00
9.999544e-01 -1.846161e-04 -9.551398e-03 3.975459e-01 1.900483e-04 9.999998e-01 5.678125e-04 -1.668455e-01 9.551276e-03 -5.696003e-04 9.999541e-01 7.899146e+00
9.999956e-01 7.691262e-05 -2.958458e-03 4.366314e-01 -7.609356e-05 1.000000e+00 2.769155e-04 -1.805430e-01 2.958463e-03 -2.766875e-04 9.999955e-01 8.548995e+00
9.999252e-01 -1.445810e-04 -1.223389e-02 4.682688e-01 1.544756e-04 9.999997e-01 8.078314e-04 -1.966583e-01 1.223375e-02 -8.096591e-04 9.999247e-01 9.310679e+00
9.999868e-01 3.047399e-05 -5.141225e-03 4.998454e-01 -2.809785e-05 9.999999e-01 4.622084e-04 -2.152194e-01 5.141219e-03 -4.620560e-04 9.999866e-01 1.018759e+01
9.999113e-01 -1.380580e-04 -1.331984e-02 5.286967e-01 1.500675e-04 9.999996e-01 9.006163e-04 -2.348011e-01 1.331969e-02 -9.025332e-04 9.999108e-01 1.111235e+01
9.999969e-01 -1.131326e-05 -2.488742e-03 5.650469e-01 1.187222e-05 1.000000e+00 2.244753e-04 -2.520066e-01 2.488716e-03 -2.245020e-04 9.999968e-01 1.192736e+01
9.999550e-01 -9.801544e-05 -9.482018e-03 6.053313e-01 1.034373e-04 9.999998e-01 5.712908e-04 -2.651924e-01 9.481936e-03 -5.722438e-04 9.999548e-01 1.255253e+01
9.999985e-01 8.462839e-06 -1.706092e-03 6.456734e-01 -8.189777e-06 1.000000e+00 1.598782e-04 -2.774863e-01 1.706067e-03 -1.598618e-04 9.999984e-01 1.313550e+01
9.999579e-01 -1.068943e-04 -9.180167e-03 6.872725e-01 1.118853e-04 9.999998e-01 5.431233e-04 -2.895546e-01 9.180081e-03 -5.441252e-04 9.999576e-01 1.370833e+01
9.999905e-01 5.057964e-05 -4.365974e-03 7.209447e-01 -4.882485e-05 9.999999e-01 4.019483e-04 -3.039917e-01 4.365967e-03 -4.017289e-04 9.999903e-01 1.439072e+01
9.999454e-01 -1.724251e-04 -1.044614e-02 7.565075e-01 1.791298e-04 9.999998e-01 6.408631e-04 -3.200427e-01 1.044600e-02 -6.426968e-04 9.999451e-01 1.515120e+01
9.999883e-01 8.522975e-05 -4.837473e-03 7.888860e-01 -8.304786e-05 9.999999e-01 4.511525e-04 -3.363573e-01 4.837480e-03 -4.507429e-04 9.999881e-01 1.592242e+01
9.999811e-01 -1.669130e-04 -6.151624e-03 8.288230e-01 1.685361e-04 1.000000e+00 2.632449e-04 -3.483994e-01 6.151548e-03 -2.642739e-04 9.999809e-01 1.649333e+01
9.999700e-01 1.244643e-04 -7.748196e-03 8.609458e-01 -1.189123e-04 9.999997e-01 7.169392e-04 -3.631130e-01 7.748250e-03 -7.159936e-04 9.999696e-01 1.718853e+01
9.999884e-01 -2.863516e-04 -4.807668e-03 9.047901e-01 2.869531e-04 1.000000e+00 1.243220e-04 -3.772622e-01 4.807598e-03 -1.256972e-04 9.999883e-01 1.786044e+01
9.999644e-01 2.591467e-04 -8.434702e-03 9.370260e-01 -2.524030e-04 9.999996e-01 8.005047e-04 -3.912486e-01 8.434871e-03 -7.983443e-04 9.999640e-01 1.852072e+01
9.999586e-01 -3.804707e-04 -9.096120e-03 9.687085e-01 3.848827e-04 9.999998e-01 4.832343e-04 -4.100756e-01 9.095898e-03 -4.867121e-04 9.999584e-01 1.941123e+01
9.999538e-01 2.887864e-04 -9.602458e-03 9.962723e-01 -2.800381e-04 9.999995e-01 9.123221e-04 -4.298295e-01 9.602678e-03 -9.095878e-04 9.999534e-01 2.034396e+01
9.999303e-01 -3.990791e-04 -1.179569e-02 1.020071e+00 4.074429e-04 9.999997e-01 7.066065e-04 -4.523613e-01 1.179536e-02 -7.113600e-04 9.999301e-01 2.140720e+01
9.999499e-01 2.705257e-04 -1.000391e-02 1.043836e+00 -2.610186e-04 9.999995e-01 9.515592e-04 -4.753415e-01 1.000412e-02 -9.488969e-04 9.999494e-01 2.249225e+01
9.999223e-01 -3.853859e-04 -1.245766e-02 1.065697e+00 3.948738e-04 9.999996e-01 7.590914e-04 -4.989109e-01 1.245732e-02 -7.639480e-04 9.999220e-01 2.360483e+01
9.999478e-01 2.420324e-04 -1.021614e-02 1.088955e+00 -2.321019e-04 9.999995e-01 9.731217e-04 -5.228275e-01 1.021632e-02 -9.706958e-04 9.999472e-01 2.473447e+01
9.999298e-01 -3.662934e-04 -1.184357e-02 1.112074e+00 3.746227e-04 9.999997e-01 7.009747e-04 -5.460511e-01 1.184327e-02 -7.053583e-04 9.999295e-01 2.583058e+01
9.999443e-01 2.384358e-04 -1.055073e-02 1.134289e+00 -2.278051e-04 9.999995e-01 1.008665e-03 -5.695530e-01 1.055092e-02 -1.006201e-03 9.999437e-01 2.694035e+01
9.999293e-01 -3.756281e-04 -1.188620e-02 1.157552e+00 3.839119e-04 9.999997e-01 6.945535e-04 -5.931722e-01 1.188589e-02 -6.990634e-04 9.999290e-01 2.805613e+01
9.999483e-01 2.440305e-04 -1.016199e-02 1.180893e+00 -2.340471e-04 9.999995e-01 9.834788e-04 -6.163820e-01 1.016217e-02 -9.810452e-04 9.999478e-01 2.915259e+01
9.999426e-01 -3.784220e-04 -1.070550e-02 1.207080e+00 3.847133e-04 9.999998e-01 5.854828e-04 -6.385012e-01 1.070522e-02 -5.895632e-04 9.999424e-01 3.019773e+01
9.999657e-01 2.423550e-04 -8.279033e-03 1.236485e+00 -2.355354e-04 9.999996e-01 8.245067e-04 -6.587444e-01 8.279172e-03 -8.225237e-04 9.999653e-01 3.115462e+01
9.998862e-01 -2.933764e-04 -1.508406e-02 1.253180e+00 3.080458e-04 9.999995e-01 9.700888e-04 -6.828882e-01 1.508371e-02 -9.746201e-04 9.998857e-01 3.228820e+01
9.999757e-01 1.382261e-04 -6.970802e-03 1.277599e+00 -1.333533e-04 9.999997e-01 6.992505e-04 -7.061446e-01 6.970836e-03 -6.982990e-04 9.999754e-01 3.338897e+01
9.999215e-01 -2.827068e-04 -1.252553e-02 1.307051e+00 2.920924e-04 9.999997e-01 7.473515e-04 -7.269566e-01 1.252526e-02 -7.509464e-04 9.999212e-01 3.437279e+01
9.999956e-01 1.407589e-04 -2.963262e-03 1.343505e+00 -1.397144e-04 9.999999e-01 3.520727e-04 -7.438015e-01 2.963247e-03 -3.516520e-04 9.999955e-01 3.516988e+01
9.999176e-01 -2.154010e-04 -1.283193e-02 1.375422e+00 2.254421e-04 9.999997e-01 7.809186e-04 -7.605536e-01 1.283169e-02 -7.837418e-04 9.999173e-01 3.595980e+01
9.999968e-01 8.662800e-05 -2.514395e-03 1.412057e+00 -8.585400e-05 9.999999e-01 3.071269e-04 -7.772197e-01 2.514355e-03 -3.069047e-04 9.999967e-01 3.674693e+01
9.999214e-01 -1.756666e-04 -1.253293e-02 1.446036e+00 1.852086e-04 9.999997e-01 7.600331e-04 -7.933354e-01 1.253273e-02 -7.622892e-04 9.999211e-01 3.750752e+01
9.999921e-01 6.306285e-05 -3.969534e-03 1.478957e+00 -6.134846e-05 9.999999e-01 4.314579e-04 -8.110004e-01 3.969492e-03 -4.312055e-04 9.999919e-01 3.834137e+01
9.998892e-01 -1.469835e-04 -1.488261e-02 1.505898e+00 1.614227e-04 9.999995e-01 9.688582e-04 -8.308436e-01 1.488239e-02 -9.711476e-04 9.998887e-01 3.927638e+01
9.999844e-01 2.109249e-05 -5.583041e-03 1.532082e+00 -1.792548e-05 9.999998e-01 5.668768e-04 -8.524515e-01 5.582981e-03 -5.667622e-04 9.999842e-01 4.029634e+01
9.998894e-01 -1.519579e-04 -1.486768e-02 1.559110e+00 1.663227e-04 9.999995e-01 9.647752e-04 -8.740946e-01 1.486745e-02 -9.671356e-04 9.998889e-01 4.131820e+01
9.998932e-01 1.516833e-04 -1.460993e-02 1.563849e+00 -1.315752e-04 9.999990e-01 1.377104e-03 -9.040837e-01 1.461005e-02 -1.375028e-03 9.998922e-01 4.271972e+01
9.996660e-01 -2.834191e-04 -2.584164e-02 1.561480e+00 3.323614e-04 9.999982e-01 1.889550e-03 -9.456121e-01 2.584098e-02 -1.897502e-03 9.996642e-01 4.466927e+01
9.998394e-01 1.275822e-04 -1.792165e-02 1.555786e+00 -9.761818e-05 9.999986e-01 1.672633e-03 -9.904958e-01 1.792176e-02 -1.670609e-03 9.998379e-01 4.677641e+01
9.996843e-01 -3.228791e-04 -2.512146e-02 1.555126e+00 3.684455e-04 9.999983e-01 1.809104e-03 -1.034951e+00 2.512075e-02 -1.817782e-03 9.996827e-01 4.886462e+01
9.998980e-01 1.248123e-04 -1.428037e-02 1.561064e+00 -1.053316e-04 9.999991e-01 1.364640e-03 -1.075781e+00 1.428044e-02 -1.362990e-03 9.998970e-01 5.078179e+01
9.997301e-01 -2.810096e-04 -2.322941e-02 1.568417e+00 3.192503e-04 9.999986e-01 1.642357e-03 -1.114568e+00 2.322883e-02 -1.649322e-03 9.997287e-01 5.260090e+01
9.998871e-01 1.254910e-04 -1.502094e-02 1.574182e+00 -1.038998e-04 9.999990e-01 1.437896e-03 -1.154047e+00 1.502102e-02 -1.436166e-03 9.998861e-01 5.445173e+01
9.997617e-01 -3.085284e-04 -2.182491e-02 1.585243e+00 3.415207e-04 9.999988e-01 1.507763e-03 -1.192341e+00 2.182433e-02 -1.514850e-03 9.997606e-01 5.624883e+01
9.999163e-01 1.444686e-04 -1.293658e-02 1.597748e+00 -1.280707e-04 9.999992e-01 1.268009e-03 -1.228430e+00 1.293667e-02 -1.266239e-03 9.999154e-01 5.794122e+01
9.997710e-01 -2.904159e-04 -2.139692e-02 1.610580e+00 3.218547e-04 9.999989e-01 1.465653e-03 -1.264051e+00 2.139637e-02 -1.472197e-03 9.997699e-01 5.961122e+01
9.999160e-01 1.420825e-04 -1.295528e-02 1.624181e+00 -1.255284e-04 9.999992e-01 1.278189e-03 -1.299696e+00 1.295536e-02 -1.276448e-03 9.999152e-01 6.128198e+01
9.997386e-01 -2.670451e-04 -2.286221e-02 1.634499e+00 3.034483e-04 9.999987e-01 1.588595e-03 -1.336723e+00 2.286166e-02 -1.595109e-03 9.997373e-01 6.301644e+01
9.998798e-01 1.199345e-04 -1.550448e-02 1.640013e+00 -9.661444e-05 9.999989e-01 1.504449e-03 -1.376296e+00 1.550455e-02 -1.502763e-03 9.998786e-01 6.487107e+01
9.996918e-01 -2.710660e-04 -2.482090e-02 1.642207e+00 3.145662e-04 9.999984e-01 1.748426e-03 -1.417845e+00 2.482029e-02 -1.755688e-03 9.996903e-01 6.681966e+01
9.999234e-01 5.286664e-05 -1.237620e-02 1.652373e+00 -3.764540e-05 9.999992e-01 1.229585e-03 -1.456579e+00 1.237616e-02 -1.229017e-03 9.999226e-01 6.864019e+01
9.998248e-01 1.182401e-04 -1.871726e-02 1.644458e+00 -9.438065e-05 9.999992e-01 1.275250e-03 -1.487218e+00 1.871730e-02 -1.273252e-03 9.998239e-01 7.006420e+01
9.999619e-01 -8.451923e-04 -8.681658e-03 1.684093e+00 8.504315e-04 9.999995e-01 5.990025e-04 -1.517371e+00 8.681048e-03 -6.063548e-04 9.999621e-01 7.149705e+01
9.999997e-01 7.657360e-04 -1.536602e-04 1.728103e+00 -7.657403e-04 9.999997e-01 -7.445100e-05 -1.527279e+00 1.535042e-04 7.457664e-05 9.999999e-01 7.196623e+01
9.999732e-01 -8.534732e-04 -7.267094e-03 1.775469e+00 8.569007e-04 9.999995e-01 4.675688e-04 -1.535850e+00 7.266593e-03 -4.737754e-04 9.999734e-01 7.237303e+01
9.999995e-01 7.849787e-04 -4.681634e-04 1.820639e+00 -7.849890e-04 9.999997e-01 -3.737323e-05 -1.544624e+00 4.680348e-04 3.774871e-05 9.999998e-01 7.278877e+01
9.999321e-01 -8.335243e-04 -1.161658e-02 1.856459e+00 8.433912e-04 9.999993e-01 8.438837e-04 -1.557567e+00 1.161577e-02 -8.536156e-04 9.999321e-01 7.339973e+01
9.999702e-01 7.665011e-04 -7.671259e-03 1.880527e+00 -7.618496e-04 9.999995e-01 6.082847e-04 -1.577738e+00 7.671622e-03 -6.024143e-04 9.999703e-01 7.435111e+01
9.999967e-01 -8.862997e-04 2.391930e-03 1.941829e+00 8.871096e-04 9.999996e-01 -3.343940e-04 -1.586034e+00 -2.391732e-03 3.365229e-04 9.999970e-01 7.474244e+01
9.999633e-01 1.231444e-03 -8.471516e-03 1.791349e+00 -1.229625e-03 9.999992e-01 2.190191e-04 -1.579198e+00 8.471680e-03 -2.085864e-04 9.999640e-01 7.438741e+01
9.999959e-01 -1.213789e-03 2.565596e-03 1.832564e+00 1.213421e-03 9.999993e-01 1.477619e-04 -1.585756e+00 -2.565873e-03 -1.446401e-04 9.999966e-01 7.470134e+01
9.999768e-01 1.576435e-03 -6.620770e-03 1.883334e+00 -1.576621e-03 9.999988e-01 -2.392655e-05 -1.590171e+00 6.620625e-03 3.437235e-05 9.999780e-01 7.491356e+01
9.999978e-01 -1.144132e-03 -1.726487e-03 1.640536e+00 1.144218e-03 9.999993e-01 4.446650e-05 -1.579982e+00 1.726335e-03 -4.643390e-05 9.999985e-01 7.441115e+01
9.999723e-01 1.630763e-03 -7.256518e-03 1.374586e+00 -1.631551e-03 9.999987e-01 -1.036619e-04 -1.568959e+00 7.256240e-03 1.155062e-04 9.999736e-01 7.384596e+01
9.999972e-01 -1.148810e-03 -2.062423e-03 1.095194e+00 1.149160e-03 9.999993e-01 1.649518e-04 -1.557378e+00 2.062132e-03 -1.673135e-04 9.999978e-01 7.326986e+01
9.999772e-01 1.588439e-03 -6.560772e-03 8.430664e-01 -1.589105e-03 9.999987e-01 -9.746619e-05 -1.546800e+00 6.560509e-03 1.078974e-04 9.999784e-01 7.274443e+01
9.999978e-01 -1.160761e-03 -1.718820e-03 6.050434e-01 1.161018e-03 9.999993e-01 1.443195e-04 -1.536754e+00 1.718552e-03 -1.463070e-04 9.999985e-01 7.224392e+01
9.999862e-01 1.506243e-03 -5.027279e-03 4.282021e-01 -1.506828e-03 9.999989e-01 -1.141306e-04 -1.528985e+00 5.027002e-03 1.217119e-04 9.999873e-01 7.185883e+01
9.999985e-01 -1.154609e-03 -1.264107e-03 2.665349e-01 1.154601e-03 9.999993e-01 -1.292182e-05 -1.521809e+00 1.264022e-03 1.146993e-05 9.999992e-01 7.149002e+01
9.999848e-01 1.512487e-03 -5.289474e-03 9.437744e-02 -1.512610e-03 9.999989e-01 -2.057750e-05 -1.514270e+00 5.289337e-03 2.858561e-05 9.999860e-01 7.111237e+01
9.999986e-01 -1.165833e-03 -1.124463e-03 -6.835429e-02 1.165901e-03 9.999993e-01 5.312124e-05 -1.507028e+00 1.124300e-03 -5.442460e-05 9.999993e-01 7.075596e+01
9.999855e-01 1.526960e-03 -5.152919e-03 -2.293264e-01 -1.528145e-03 9.999988e-01 -2.273799e-04 -1.499885e+00 5.152466e-03 2.352585e-04 9.999866e-01 7.038282e+01
9.999963e-01 -1.123249e-03 -2.439330e-03 -4.423401e-01 1.123649e-03 9.999994e-01 1.593506e-04 -1.490824e+00 2.439050e-03 -1.620835e-04 9.999970e-01 6.992207e+01
9.999811e-01 1.567456e-03 -5.935692e-03 -6.848966e-01 -1.568337e-03 9.999988e-01 -1.450667e-04 -1.480632e+00 5.935358e-03 1.543804e-04 9.999823e-01 6.941161e+01
9.999981e-01 -1.162972e-03 -1.558781e-03 -8.941197e-01 1.163203e-03 9.999993e-01 1.422283e-04 -1.471695e+00 1.558515e-03 -1.440338e-04 9.999987e-01 6.897445e+01
9.999893e-01 1.520107e-03 -4.363216e-03 -1.039191e+00 -1.520898e-03 9.999988e-01 -1.798291e-04 -1.465106e+00 4.362838e-03 1.864704e-04 9.999904e-01 6.864744e+01
9.999989e-01 -1.178985e-03 -8.872158e-04 -1.155253e+00 1.179044e-03 9.999993e-01 5.655195e-05 -1.459549e+00 8.870490e-04 -5.759066e-05 9.999996e-01 6.836084e+01
9.999884e-01 1.527846e-03 -4.555653e-03 -1.276528e+00 -1.528586e-03 9.999988e-01 -1.606641e-04 -1.453758e+00 4.555302e-03 1.676331e-04 9.999896e-01 6.805885e+01
9.999631e-01 -6.715101e-04 -8.553541e-03 -1.679871e+00 6.696130e-04 9.999998e-01 -2.255443e-04 -1.437666e+00 8.553591e-03 2.198156e-04 9.999633e-01 6.714774e+01
9.999919e-01 1.119065e-03 -3.855884e-03 -2.057341e+00 -1.116473e-03 9.999992e-01 6.721990e-04 -1.422101e+00 3.856534e-03 -6.678816e-04 9.999923e-01 6.642214e+01
9.999992e-01 -8.496124e-04 -8.621996e-04 -2.147150e+00 8.489634e-04 9.999993e-01 -7.617947e-04 -1.417384e+00 8.627470e-04 7.610692e-04 9.999993e-01 6.616839e+01
9.999896e-01 1.165352e-03 -4.389872e-03 -2.260498e+00 -1.162351e-03 9.999991e-01 6.844199e-04 -1.411845e+00 4.390566e-03 -6.793034e-04 9.999901e-01 6.588050e+01
9.999994e-01 -8.919933e-04 -5.091209e-04 -2.360637e+00 8.916238e-04 9.999993e-01 -7.406780e-04 -1.406834e+00 5.096820e-04 7.402306e-04 9.999996e-01 6.562390e+01
9.999946e-01 1.083470e-03 -3.077266e-03 -2.410361e+00 -1.081889e-03 9.999993e-01 5.129336e-04 -1.403610e+00 3.077720e-03 -5.095948e-04 9.999951e-01 6.544938e+01
9.999995e-01 -9.289737e-04 3.468754e-04 -2.424349e+00 9.292428e-04 9.999993e-01 -7.542876e-04 -1.401756e+00 -3.462735e-04 7.546165e-04 9.999996e-01 6.535240e+01
9.999963e-01 1.093872e-03 -2.471582e-03 -2.412499e+00 -1.092655e-03 9.999993e-01 4.906045e-04 -1.401009e+00 2.472017e-03 -4.878953e-04 9.999968e-01 6.531414e+01
9.999989e-01 -9.459784e-04 1.075312e-03 -2.381154e+00 9.467582e-04 9.999993e-01 -7.177230e-04 -1.401101e+00 -1.074731e-03 7.187472e-04 9.999991e-01 6.534165e+01
9.999949e-01 1.169484e-03 -2.950192e-03 -2.360472e+00 -1.168142e-03 9.999992e-01 4.541949e-04 -1.400777e+00 2.950622e-03 -4.507396e-04 9.999955e-01 6.533773e+01
9.999994e-01 -9.791166e-04 1.991394e-04 -2.368399e+00 9.792659e-04 9.999993e-01 -7.120929e-04 -1.399189e+00 -1.985410e-04 7.122944e-04 9.999997e-01 6.525215e+01
9.999979e-01 1.122173e-03 -1.660267e-03 -2.338586e+00 -1.121332e-03 9.999992e-01 5.026759e-04 -1.399300e+00 1.660731e-03 -5.008065e-04 9.999985e-01 6.527901e+01
9.999995e-01 -9.139145e-04 -4.280919e-05 -2.311394e+00 9.138901e-04 9.999993e-01 -7.439385e-04 -1.399309e+00 4.339005e-05 7.439058e-04 9.999997e-01 6.530265e+01
9.999978e-01 1.086700e-03 -1.753321e-03 -2.289522e+00 -1.085777e-03 9.999993e-01 5.233892e-04 -1.399013e+00 1.753789e-03 -5.214777e-04 9.999983e-01 6.530524e+01
9.999993e-01 -1.088069e-03 2.968461e-04 -2.240842e+00 1.088263e-03 9.999992e-01 -6.293511e-04 -1.401389e+00 -2.962600e-04 6.296804e-04 9.999997e-01 6.543146e+01
9.999814e-01 1.039116e-03 -6.004743e-03 -2.195768e+00 -1.033771e-03 9.999991e-01 8.918440e-04 -1.408047e+00 6.005565e-03 -8.856133e-04 9.999815e-01 6.575060e+01
9.999963e-01 -1.114631e-03 -2.440514e-03 -2.151718e+00 1.113657e-03 9.999993e-01 -4.034422e-04 -1.417535e+00 2.440863e-03 4.007295e-04 9.999969e-01 6.620176e+01
9.999802e-01 1.027595e-03 -6.197625e-03 -2.107472e+00 -1.021924e-03 9.999991e-01 9.167801e-04 -1.427254e+00 6.198463e-03 -9.104219e-04 9.999803e-01 6.666386e+01
9.999967e-01 -1.109133e-03 -2.295454e-03 -2.063155e+00 1.108167e-03 9.999993e-01 -4.252224e-04 -1.436820e+00 2.295826e-03 4.226840e-04 9.999972e-01 6.711906e+01
9.999798e-01 1.026439e-03 -6.268087e-03 -2.019251e+00 -1.020604e-03 9.999990e-01 9.328395e-04 -1.446432e+00 6.268940e-03 -9.264169e-04 9.999799e-01 6.757633e+01
9.999962e-01 -1.105281e-03 -2.521221e-03 -1.975478e+00 1.104245e-03 9.999993e-01 -4.153840e-04 -1.456275e+00 2.521580e-03 4.126050e-04 9.999967e-01 6.804418e+01
9.999981e-01 9.845643e-04 -1.617908e-03 -1.923127e+00 -9.836871e-04 9.999994e-01 5.380235e-04 -1.462058e+00 1.618339e-03 -5.364244e-04 9.999985e-01 6.832625e+01
9.999994e-01 -9.142764e-04 5.131745e-04 -1.881533e+00 9.146537e-04 9.999993e-01 -7.199642e-04 -1.463049e+00 -5.126141e-04 7.204398e-04 9.999996e-01 6.839421e+01
9.999955e-01 8.503955e-04 -2.857463e-03 -1.829916e+00 -8.484296e-04 9.999994e-01 6.863787e-04 -1.466625e+00 2.857947e-03 -6.839448e-04 9.999956e-01 6.857004e+01
9.999992e-01 -9.120893e-04 7.684034e-04 -1.778224e+00 9.126687e-04 9.999993e-01 -7.435974e-04 -1.469958e+00 -7.678227e-04 7.443047e-04 9.999994e-01 6.873480e+01
9.999956e-01 8.532820e-04 -2.824829e-03 -1.726882e+00 -8.513397e-04 9.999994e-01 6.858977e-04 -1.473221e+00 2.825314e-03 -6.834833e-04 9.999957e-01 6.889610e+01
9.999992e-01 -9.158896e-04 7.433828e-04 -1.675520e+00 9.164492e-04 9.999993e-01 -7.420539e-04 -1.476587e+00 -7.428007e-04 7.427413e-04 9.999994e-01 6.906295e+01
9.999933e-01 8.559580e-04 -3.531368e-03 -1.625011e+00 -8.533164e-04 9.999994e-01 7.472223e-04 -1.480536e+00 3.531908e-03 -7.441974e-04 9.999934e-01 6.925617e+01
9.999995e-01 -9.179310e-04 -2.654219e-04 -1.575027e+00 9.177638e-04 9.999994e-01 -6.596937e-04 -1.485479e+00 2.659294e-04 6.594564e-04 9.999997e-01 6.949514e+01
9.999973e-01 8.477210e-04 -2.118938e-03 -1.523712e+00 -8.463786e-04 9.999994e-01 6.306196e-04 -1.489166e+00 2.119374e-03 -6.288180e-04 9.999975e-01 6.967738e+01
9.999951e-01 -8.869460e-04 -2.987130e-03 -1.478265e+00 8.856768e-04 9.999995e-01 -4.288612e-04 -1.495162e+00 2.987411e-03 4.262200e-04 9.999954e-01 6.996524e+01
9.999807e-01 8.107717e-04 -6.154482e-03 -1.435583e+00 -8.047064e-04 9.999992e-01 9.866182e-04 -1.505312e+00 6.155179e-03 -9.816402e-04 9.999805e-01 7.044712e+01
9.999950e-01 -9.021218e-04 -3.009718e-03 -1.391385e+00 9.008137e-04 9.999995e-01 -4.386745e-04 -1.515593e+00 3.010015e-03 4.359677e-04 9.999953e-01 7.093663e+01
9.999846e-01 8.158439e-04 -5.481843e-03 -1.346082e+00 -8.107102e-04 9.999992e-01 9.371557e-04 -1.525190e+00 5.482506e-03 -9.326907e-04 9.999845e-01 7.139333e+01
9.999960e-01 -8.926448e-04 -2.654791e-03 -1.300148e+00 8.913926e-04 9.999995e-01 -4.759529e-04 -1.534434e+00 2.655117e-03 4.735911e-04 9.999963e-01 7.183285e+01
9.999883e-01 8.122496e-04 -4.766101e-03 -1.253008e+00 -8.080553e-04 9.999993e-01 8.801602e-04 -1.542960e+00 4.766716e-03 -8.762922e-04 9.999882e-01 7.223868e+01
9.999970e-01 -8.841447e-04 -2.266223e-03 -1.205025e+00 8.829888e-04 9.999995e-01 -5.146887e-04 -1.551113e+00 2.266581e-03 5.126927e-04 9.999973e-01 7.262693e+01
9.999892e-01 8.105252e-04 -4.566413e-03 -1.156606e+00 -8.065499e-04 9.999993e-01 8.704966e-04 -1.559094e+00 4.567019e-03 -8.667978e-04 9.999892e-01 7.300721e+01
9.999954e-01 -8.680718e-04 -2.869331e-03 -1.110151e+00 8.667508e-04 9.999995e-01 -4.645446e-04 -1.567623e+00 2.869637e-03 4.620620e-04 9.999957e-01 7.341255e+01
9.999864e-01 7.954514e-04 -5.138339e-03 -1.063885e+00 -7.906918e-04 9.999993e-01 9.266088e-04 -1.576789e+00 5.138976e-03 -9.225271e-04 9.999863e-01 7.384845e+01
9.999958e-01 -8.648929e-04 -2.736976e-03 -1.016980e+00 8.635862e-04 9.999995e-01 -4.817163e-04 -1.585878e+00 2.737296e-03 4.793571e-04 9.999961e-01 7.428086e+01
9.999856e-01 7.947953e-04 -5.289264e-03 -9.707550e-01 -7.897857e-04 9.999992e-01 9.475342e-04 -1.595073e+00 5.289918e-03 -9.433368e-04 9.999855e-01 7.471774e+01
9.999942e-01 -8.647323e-04 -3.279078e-03 -9.253543e-01 8.632883e-04 9.999995e-01 -4.444003e-04 -1.604777e+00 3.279365e-03 4.415734e-04 9.999945e-01 7.517885e+01
9.999831e-01 7.834200e-04 -5.741861e-03 -8.805439e-01 -7.777163e-04 9.999992e-01 9.940107e-04 -1.614954e+00 5.742540e-03 -9.895221e-04 9.999830e-01 7.566248e+01
9.999946e-01 -8.585259e-04 -3.147635e-03 -8.356684e-01 8.570794e-04 9.999995e-01 -4.636655e-04 -1.624989e+00 3.147937e-03 4.609716e-04 9.999949e-01 7.613947e+01
9.999845e-01 7.821246e-04 -5.499097e-03 -7.904192e-01 -7.767322e-04 9.999992e-01 9.810821e-04 -1.634776e+00 5.499766e-03 -9.767893e-04 9.999844e-01 7.660454e+01
9.999963e-01 -8.564396e-04 -2.569345e-03 -7.434834e-01 8.551160e-04 9.999995e-01 -5.196599e-04 -1.644075e+00 2.569695e-03 5.174672e-04 9.999965e-01 7.704733e+01
9.999836e-01 7.897315e-04 -5.655235e-03 -6.980979e-01 -7.840634e-04 9.999992e-01 1.002853e-03 -1.653437e+00 5.655928e-03 -9.983968e-04 9.999835e-01 7.749213e+01
9.999941e-01 -8.593192e-04 -3.302809e-03 -6.535799e-01 8.577970e-04 9.999995e-01 -4.649912e-04 -1.663522e+00 3.303113e-03 4.621617e-04 9.999944e-01 7.797165e+01
9.999796e-01 7.770235e-04 -6.328983e-03 -6.102856e-01 -7.702690e-04 9.999991e-01 1.068174e-03 -1.674277e+00 6.329714e-03 -1.063271e-03 9.999794e-01 7.848294e+01
9.999951e-01 -8.560108e-04 -2.994724e-03 -5.663695e-01 8.545219e-04 9.999995e-01 -5.014760e-04 -1.684731e+00 2.995059e-03 4.989208e-04 9.999954e-01 7.898015e+01
9.999986e-01 1.484906e-03 -6.974067e-04 -5.500015e-01 -1.484658e-03 9.999988e-01 3.429461e-04 -1.685157e+00 6.978222e-04 -3.419041e-04 9.999997e-01 7.898852e+01
9.999660e-01 -1.030692e-03 -8.177146e-03 -8.085823e-01 1.028415e-03 9.999994e-01 -2.836795e-04 -1.674304e+00 8.177342e-03 2.752665e-04 9.999665e-01 7.843945e+01
9.999984e-01 1.486909e-03 -9.128601e-04 -1.074932e+00 -1.486539e-03 9.999988e-01 3.959841e-04 -1.663148e+00 9.133556e-04 -3.946205e-04 9.999995e-01 7.788003e+01
9.999704e-01 -1.055631e-03 -7.614015e-03 -1.320352e+00 1.053130e-03 9.999994e-01 -3.336936e-04 -1.652771e+00 7.614271e-03 3.256713e-04 9.999709e-01 7.735687e+01
9.999985e-01 1.418157e-03 9.630907e-04 -1.479376e+00 -1.418684e-03 9.999988e-01 5.563296e-04 -1.645421e+00 -9.623922e-04 -5.576892e-04 9.999994e-01 7.698537e+01
9.999862e-01 -1.175647e-03 -5.102630e-03 -1.540774e+00 1.172175e-03 9.999991e-01 -6.851899e-04 -1.641541e+00 5.103340e-03 6.792053e-04 9.999867e-01 7.676988e+01
9.999983e-01 1.542613e-03 -9.177410e-04 -1.677269e+00 -1.542105e-03 9.999987e-01 5.436560e-04 -1.634921e+00 9.184872e-04 -5.422341e-04 9.999994e-01 7.640311e+01
9.999661e-01 -1.100464e-03 -8.151794e-03 -1.943453e+00 1.096908e-03 9.999993e-01 -4.418034e-04 -1.623743e+00 8.152184e-03 4.328525e-04 9.999666e-01 7.584548e+01
9.999986e-01 1.533343e-03 -5.007821e-04 -2.194831e+00 -1.533094e-03 9.999987e-01 4.808432e-04 -1.613160e+00 5.014283e-04 -4.800691e-04 9.999997e-01 7.530886e+01
9.999579e-01 -1.037900e-03 -9.106319e-03 -2.481612e+00 1.034064e-03 9.999994e-01 -4.268626e-04 -1.601259e+00 9.106666e-03 4.174339e-04 9.999584e-01 7.470541e+01
9.999974e-01 1.586212e-03 -1.582035e-03 -2.811116e+00 -1.585400e-03 9.999986e-01 5.085800e-04 -1.587763e+00 1.582750e-03 -5.060650e-04 9.999986e-01 7.402411e+01
9.999543e-01 -1.026203e-03 -9.502690e-03 -3.156169e+00 1.022889e-03 9.999994e-01 -3.546305e-04 -1.573655e+00 9.502960e-03 3.448998e-04 9.999548e-01 7.332612e+01
9.999979e-01 1.582972e-03 -1.219737e-03 -3.485699e+00 -1.582401e-03 9.999986e-01 4.609750e-04 -1.560165e+00 1.220376e-03 -4.590385e-04 9.999991e-01 7.264566e+01
9.999513e-01 -1.026512e-03 -9.807038e-03 -3.826213e+00 1.023733e-03 9.999994e-01 -2.893416e-04 -1.546233e+00 9.807242e-03 2.792933e-04 9.999518e-01 7.195430e+01
9.999988e-01 1.514719e-03 1.298150e-04 -4.115569e+00 -1.514760e-03 9.999988e-01 3.884058e-04 -1.534232e+00 -1.293141e-04 -3.885968e-04 9.999999e-01 7.134918e+01
9.999547e-01 -1.046320e-03 -9.457013e-03 -4.393219e+00 1.043582e-03 9.999994e-01 -2.953854e-04 -1.522657e+00 9.457229e-03 2.855082e-04 9.999552e-01 7.077121e+01
9.999985e-01 1.564376e-03 -5.646458e-04 -4.695204e+00 -1.564177e-03 9.999987e-01 3.357440e-04 -1.510186e+00 5.650835e-04 -3.348552e-04 9.999998e-01 7.013280e+01
9.999501e-01 -1.026987e-03 -9.931133e-03 -5.016657e+00 1.025027e-03 9.999995e-01 -2.033810e-04 -1.496962e+00 9.931250e-03 1.931964e-04 9.999506e-01 6.947365e+01
9.999987e-01 1.451531e-03 6.354815e-04 -5.292061e+00 -1.451733e-03 9.999989e-01 3.317889e-04 -1.485424e+00 -6.350849e-04 -3.327060e-04 9.999997e-01 6.890897e+01
9.999543e-01 -1.001831e-03 -9.500147e-03 -5.554635e+00 9.984005e-04 9.999994e-01 -3.667536e-04 -1.474438e+00 9.500423e-03 3.572571e-04 9.999548e-01 6.835158e+01
9.999987e-01 1.495760e-03 -5.278003e-04 -5.864122e+00 -1.495503e-03 9.999988e-01 4.699749e-04 -1.461666e+00 5.284178e-04 -4.691801e-04 9.999997e-01 6.772521e+01
9.999612e-01 -1.051284e-03 -8.735254e-03 -6.143479e+00 1.047882e-03 9.999994e-01 -3.950352e-04 -1.450010e+00 8.735579e-03 3.858714e-04 9.999617e-01 6.715385e+01
9.999984e-01 1.532263e-03 -7.858867e-04 -6.431653e+00 -1.531916e-03 9.999987e-01 4.303973e-04 -1.438051e+00 7.864614e-04 -4.291879e-04 9.999996e-01 6.655465e+01
9.999552e-01 -1.020261e-03 -9.397495e-03 -6.744093e+00 1.017260e-03 9.999994e-01 -3.250829e-04 -1.425164e+00 9.397738e-03 3.155136e-04 9.999558e-01 6.591719e+01
9.999988e-01 1.478019e-03 6.614938e-05 -7.022260e+00 -1.478039e-03 9.999988e-01 4.265842e-04 -1.413548e+00 -6.560151e-05 -4.266768e-04 9.999999e-01 6.533885e+01
9.999649e-01 -1.080790e-03 -8.296266e-03 -7.254675e+00 1.078125e-03 9.999994e-01 -3.267606e-04 -1.403599e+00 8.296532e-03 3.178095e-04 9.999655e-01 6.484570e+01
9.999988e-01 1.484162e-03 1.241954e-04 -7.488832e+00 -1.484197e-03 9.999988e-01 3.556712e-04 -1.393631e+00 -1.237492e-04 -3.558506e-04 9.999999e-01 6.434451e+01
9.999588e-01 -1.032075e-03 -9.005089e-03 -7.750958e+00 1.029072e-03 9.999994e-01 -3.391435e-04 -1.382655e+00 9.005352e-03 3.298673e-04 9.999594e-01 6.379335e+01
9.999985e-01 1.447157e-03 8.078026e-04 -7.986421e+00 -1.447439e-03 9.999989e-01 3.591150e-04 -1.372682e+00 -8.073628e-04 -3.602793e-04 9.999996e-01 6.329372e+01
9.999501e-01 -9.736246e-04 -9.931571e-03 -8.258794e+00 9.696432e-04 9.999994e-01 -4.065838e-04 -1.361373e+00 9.931881e-03 3.969381e-04 9.999506e-01 6.271872e+01
9.999987e-01 1.442164e-03 5.540427e-04 -8.540805e+00 -1.442430e-03 9.999988e-01 4.959547e-04 -1.349653e+00 -5.534065e-04 -4.967489e-04 9.999997e-01 6.214173e+01
9.999603e-01 -1.005943e-03 -8.840865e-03 -8.775428e+00 1.002387e-03 9.999994e-01 -4.076722e-04 -1.339664e+00 8.841191e-03 3.987985e-04 9.999608e-01 6.164492e+01
9.999981e-01 1.422780e-03 1.230905e-03 -8.981029e+00 -1.423184e-03 9.999989e-01 3.346190e-04 -1.330641e+00 -1.230506e-03 -3.363660e-04 9.999992e-01 6.117473e+01
9.999409e-01 -9.241427e-04 -1.082273e-02 -9.269513e+00 9.207772e-04 9.999995e-01 -3.167586e-04 -1.318700e+00 1.082294e-02 3.067790e-04 9.999414e-01 6.057157e+01
9.999986e-01 1.446238e-03 6.914220e-04 -9.579728e+00 -1.446495e-03 9.999989e-01 3.851600e-04 -1.305943e+00 -6.909417e-04 -3.861555e-04 9.999997e-01 5.993341e+01
9.999436e-01 -9.339011e-04 -1.056950e-02 -9.879869e+00 9.307615e-04 9.999995e-01 -3.027844e-04 -1.293539e+00 1.056970e-02 2.929338e-04 9.999441e-01 5.931768e+01
9.999985e-01 1.409945e-03 9.003442e-04 -1.017172e+01 -1.410296e-03 9.999989e-01 3.993774e-04 -1.281436e+00 -8.998564e-04 -4.006426e-04 9.999995e-01 5.872153e+01
9.999550e-01 -9.483902e-04 -9.426245e-03 -1.041354e+01 9.451831e-04 9.999995e-01 -3.456072e-04 -1.271176e+00 9.426492e-03 3.366863e-04 9.999555e-01 5.820088e+01
9.999981e-01 1.402471e-03 1.306259e-03 -1.063536e+01 -1.402972e-03 9.999989e-01 3.891905e-04 -1.261539e+00 -1.305787e-03 -3.910185e-04 9.999991e-01 5.770647e+01
9.999428e-01 -9.189966e-04 -1.064371e-02 -1.091185e+01 9.150640e-04 9.999995e-01 -3.751564e-04 -1.249992e+00 1.064398e-02 3.653992e-04 9.999433e-01 5.712049e+01
9.999988e-01 1.456666e-03 2.292414e-04 -1.123217e+01 -1.456759e-03 9.999988e-01 4.441995e-04 -1.236853e+00 -2.286680e-04 -4.445292e-04 9.999999e-01 5.646008e+01
9.999385e-01 -8.930860e-04 -1.105082e-02 -1.156873e+01 8.892291e-04 9.999995e-01 -3.547103e-04 -1.223102e+00 1.105106e-02 3.448656e-04 9.999389e-01 5.577418e+01
9.999989e-01 1.451872e-03 1.077180e-04 -1.190900e+01 -1.451918e-03 9.999988e-01 5.081972e-04 -1.209185e+00 -1.070525e-04 -5.083494e-04 9.999998e-01 5.508326e+01
9.999410e-01 -9.018216e-04 -1.081300e-02 -1.223877e+01 8.977423e-04 9.999995e-01 -3.829030e-04 -1.195661e+00 1.081327e-02 3.731769e-04 9.999414e-01 5.440724e+01
9.999988e-01 1.426348e-03 3.182048e-04 -1.255887e+01 -1.426515e-03 9.999988e-01 5.526625e-04 -1.182480e+00 -3.174871e-04 -5.531124e-04 9.999998e-01 5.375051e+01
9.999469e-01 -9.210038e-04 -1.025274e-02 -1.285807e+01 9.163823e-04 9.999995e-01 -4.562739e-04 -1.170084e+00 1.025309e-02 4.468578e-04 9.999473e-01 5.312563e+01
9.999989e-01 1.421412e-03 1.618716e-04 -1.316457e+01 -1.421498e-03 9.999988e-01 5.875227e-04 -1.157401e+00 -1.611059e-04 -5.877488e-04 9.999998e-01 5.249194e+01
9.999481e-01 -9.171814e-04 -1.013362e-02 -1.346782e+01 9.120840e-04 9.999995e-01 -5.084696e-04 -1.144859e+00 1.013402e-02 4.992041e-04 9.999485e-01 5.186406e+01
9.999988e-01 1.387121e-03 5.509976e-04 -1.375890e+01 -1.387447e-03 9.999989e-01 6.072635e-04 -1.132775e+00 -5.502227e-04 -6.080240e-04 9.999997e-01 5.126900e+01
9.999527e-01 -9.235689e-04 -9.673909e-03 -1.403111e+01 9.179897e-04 9.999994e-01 -5.820298e-04 -1.121419e+00 9.674373e-03 5.731251e-04 9.999530e-01 5.069922e+01
9.999989e-01 1.394742e-03 1.457869e-04 -1.431810e+01 -1.394834e-03 9.999988e-01 6.922319e-04 -1.109492e+00 -1.448880e-04 -6.924314e-04 9.999997e-01 5.010806e+01
9.999550e-01 -9.162093e-04 -9.431581e-03 -1.459425e+01 9.101893e-04 9.999994e-01 -6.434506e-04 -1.097994e+00 9.432099e-03 6.348404e-04 9.999553e-01 4.952791e+01
9.999989e-01 1.355332e-03 3.720040e-04 -1.485998e+01 -1.355610e-03 9.999988e-01 7.705814e-04 -1.086821e+00 -3.710245e-04 -7.710818e-04 9.999996e-01 4.897638e+01
9.999594e-01 -9.182661e-04 -8.953405e-03 -1.510887e+01 9.117181e-04 9.999993e-01 -7.363438e-04 -1.076312e+00 8.954010e-03 7.281541e-04 9.999596e-01 4.844771e+01
9.999989e-01 1.379625e-03 -2.205897e-04 -1.538175e+01 -1.379443e-03 9.999987e-01 7.845192e-04 -1.064923e+00 2.216077e-04 -7.842112e-04 9.999997e-01 4.787619e+01
9.999675e-01 -9.855123e-04 -7.989267e-03 -1.561776e+01 9.796379e-04 9.999992e-01 -7.402110e-04 -1.054884e+00 7.989927e-03 7.323635e-04 9.999678e-01 4.738167e+01
9.999989e-01 1.390752e-03 -3.177863e-04 -1.585908e+01 -1.390495e-03 9.999987e-01 7.794489e-04 -1.044672e+00 3.188072e-04 -7.790033e-04 9.999996e-01 4.687342e+01
9.999627e-01 -9.378052e-04 -8.570487e-03 -1.611973e+01 9.314968e-04 9.999993e-01 -7.409972e-04 -1.033738e+00 8.571114e-03 7.329892e-04 9.999630e-01 4.632139e+01
9.999987e-01 1.399904e-03 -7.277255e-04 -1.639424e+01 -1.399276e-03 9.999987e-01 8.503902e-04 -1.022261e+00 7.288536e-04 -8.493681e-04 9.999994e-01 4.574446e+01
9.999659e-01 -9.693992e-04 -8.190525e-03 -1.665457e+01 9.632441e-04 9.999992e-01 -7.564070e-04 -1.011298e+00 8.191191e-03 7.484947e-04 9.999662e-01 4.519988e+01
9.999990e-01 1.372000e-03 -1.136195e-04 -1.689258e+01 -1.371897e-03 9.999987e-01 8.287493e-04 -1.001187e+00 1.146964e-04 -8.285899e-04 9.999996e-01 4.469378e+01
9.999642e-01 -9.328351e-04 -8.403988e-03 -1.713714e+01 9.260980e-04 9.999992e-01 -8.064888e-04 -9.908615e-01 8.404675e-03 7.986798e-04 9.999644e-01 4.416683e+01
9.999986e-01 1.396364e-03 -8.264887e-04 -1.740645e+01 -1.395587e-03 9.999986e-01 9.296977e-04 -9.795825e-01 8.277272e-04 -9.285405e-04 9.999992e-01 4.359612e+01
9.999719e-01 -9.799304e-04 -7.425033e-03 -1.763886e+01 9.736120e-04 9.999992e-01 -8.556287e-04 -9.696926e-01 7.425807e-03 8.483782e-04 9.999721e-01 4.309358e+01
9.999979e-01 1.430099e-03 -1.388429e-03 -1.789168e+01 -1.428834e-03 9.999986e-01 9.057727e-04 -9.590452e-01 1.389665e-03 -9.037846e-04 9.999986e-01 4.254390e+01
9.999659e-01 -9.370008e-04 -8.199061e-03 -1.817542e+01 9.303479e-04 9.999992e-01 -8.161903e-04 -9.472370e-01 8.199763e-03 8.085371e-04 9.999660e-01 4.194368e+01
9.999987e-01 1.371278e-03 -6.928175e-04 -1.843087e+01 -1.370603e-03 9.999986e-01 9.619413e-04 -9.364364e-01 6.940800e-04 -9.609882e-04 9.999993e-01 4.140415e+01
9.999709e-01 -9.387428e-04 -7.554619e-03 -1.866203e+01 9.315912e-04 9.999991e-01 -9.511758e-04 -9.265347e-01 7.555451e-03 9.441129e-04 9.999710e-01 4.089465e+01
9.999981e-01 1.380026e-03 -1.327112e-03 -1.891981e+01 -1.378618e-03 9.999985e-01 1.054900e-03 -9.157035e-01 1.328512e-03 -1.053067e-03 9.999986e-01 4.034844e+01
9.999714e-01 -9.262947e-04 -7.492634e-03 -1.917501e+01 9.188195e-04 9.999991e-01 -1.002122e-03 -9.049843e-01 7.493502e-03 9.952115e-04 9.999714e-01 3.980225e+01
9.999975e-01 1.380414e-03 -1.687132e-03 -1.944412e+01 -1.378524e-03 9.999984e-01 1.116290e-03 -8.937238e-01 1.688618e-03 -1.113959e-03 9.999979e-01 3.923416e+01
9.999564e-01 -7.686966e-04 -9.298419e-03 -1.977778e+01 7.581560e-04 9.999991e-01 -1.137922e-03 -8.801268e-01 9.299233e-03 1.130825e-03 9.999561e-01 3.851899e+01
9.999974e-01 1.251965e-03 -1.853840e-03 -2.012034e+01 -1.249415e-03 9.999983e-01 1.372293e-03 -8.660614e-01 1.855504e-03 -1.369971e-03 9.999973e-01 3.783720e+01
9.999813e-01 -8.569665e-04 -6.034501e-03 -2.033383e+01 8.496873e-04 9.999989e-01 -1.210034e-03 -8.567792e-01 6.035481e-03 1.204886e-03 9.999811e-01 3.737263e+01
9.999989e-01 1.220027e-03 -7.262889e-04 -2.050359e+01 -1.219169e-03 9.999986e-01 1.169866e-03 -8.490655e-01 7.276656e-04 -1.168978e-03 9.999990e-01 3.696447e+01
9.999740e-01 -8.350669e-04 -7.148073e-03 -2.072265e+01 8.272539e-04 9.999991e-01 -1.097001e-03 -8.396343e-01 7.148933e-03 1.091061e-03 9.999738e-01 3.648790e+01
9.999988e-01 1.217391e-03 -8.210429e-04 -2.094757e+01 -1.216428e-03 9.999986e-01 1.162880e-03 -8.300247e-01 8.224092e-04 -1.161878e-03 9.999990e-01 3.600404e+01
9.999724e-01 -8.133861e-04 -7.366380e-03 -2.118094e+01 8.052988e-04 9.999991e-01 -1.101829e-03 -8.201004e-01 7.367222e-03 1.095869e-03 9.999723e-01 3.550486e+01
9.999973e-01 1.275151e-03 -1.903545e-03 -2.145437e+01 -1.272903e-03 9.999985e-01 1.177779e-03 -8.086866e-01 1.904998e-03 -1.175351e-03 9.999975e-01 3.492542e+01
9.999738e-01 -8.325244e-04 -7.178114e-03 -2.172078e+01 8.249427e-04 9.999991e-01 -1.060193e-03 -7.975064e-01 7.178944e-03 1.054246e-03 9.999737e-01 3.436780e+01
9.999986e-01 1.218877e-03 -1.027629e-03 -2.195263e+01 -1.217674e-03 9.999986e-01 1.163182e-03 -7.876046e-01 1.029000e-03 -1.161927e-03 9.999988e-01 3.387119e+01
9.999809e-01 -8.685845e-04 -6.099748e-03 -2.214529e+01 8.615643e-04 9.999990e-01 -1.154677e-03 -7.791823e-01 6.100700e-03 1.149402e-03 9.999807e-01 3.344318e+01
9.999976e-01 1.254303e-03 -1.768721e-03 -2.236637e+01 -1.252248e-03 9.999985e-01 1.158372e-03 -7.697288e-01 1.770128e-03 -1.156153e-03 9.999978e-01 3.295853e+01
9.999765e-01 -8.312097e-04 -6.795932e-03 -2.261597e+01 8.237123e-04 9.999990e-01 -1.107051e-03 -7.591952e-01 6.796803e-03 1.101429e-03 9.999763e-01 3.243039e+01
9.999974e-01 1.251088e-03 -1.847996e-03 -2.286803e+01 -1.248884e-03 9.999985e-01 1.189593e-03 -7.485756e-01 1.849439e-03 -1.187281e-03 9.999976e-01 3.189914e+01
9.999798e-01 -8.498871e-04 -6.282178e-03 -2.310054e+01 8.428173e-04 9.999990e-01 -1.129128e-03 -7.386851e-01 6.283090e-03 1.123812e-03 9.999796e-01 3.140447e+01
9.999978e-01 1.245467e-03 -1.626497e-03 -2.332223e+01 -1.243580e-03 9.999986e-01 1.156021e-03 -7.292367e-01 1.627894e-03 -1.153994e-03 9.999980e-01 3.092033e+01
9.999792e-01 -8.351172e-04 -6.384960e-03 -2.354434e+01 8.280938e-04 9.999990e-01 -1.103725e-03 -7.197887e-01 6.385836e-03 1.098417e-03 9.999790e-01 3.042924e+01
9.999983e-01 1.209724e-03 -1.306093e-03 -2.375544e+01 -1.208163e-03 9.999986e-01 1.189593e-03 -7.107480e-01 1.307491e-03 -1.188012e-03 9.999984e-01 2.996548e+01
9.999791e-01 -8.174947e-04 -6.393365e-03 -2.396828e+01 8.100024e-04 9.999990e-01 -1.175548e-03 -7.016496e-01 6.394281e-03 1.170346e-03 9.999789e-01 2.949578e+01
9.999983e-01 1.201939e-03 -1.334721e-03 -2.418348e+01 -1.200330e-03 9.999986e-01 1.199620e-03 -6.924529e-01 1.336123e-03 -1.198015e-03 9.999984e-01 2.902536e+01
9.999984e-01 -1.124118e-03 -1.341612e-03 -2.415904e+01 1.122532e-03 9.999987e-01 -1.188017e-03 -6.935270e-01 1.342908e-03 1.186511e-03 9.999984e-01 2.906403e+01
9.999810e-01 1.043798e-03 -6.062314e-03 -2.411143e+01 -1.034137e-03 9.999982e-01 1.595323e-03 -7.020862e-01 6.063931e-03 -1.589022e-03 9.999803e-01 2.947131e+01
9.999992e-01 -1.106213e-03 -4.424563e-04 -2.406228e+01 1.105656e-03 9.999986e-01 -1.271676e-03 -7.097785e-01 4.438261e-04 1.271187e-03 9.999991e-01 2.983730e+01
9.999822e-01 1.040307e-03 -5.852199e-03 -2.401320e+01 -1.031036e-03 9.999982e-01 1.585652e-03 -7.172413e-01 5.853802e-03 -1.579589e-03 9.999816e-01 3.019248e+01
9.999993e-01 -1.100948e-03 1.963213e-04 -2.396303e+01 1.101216e-03 9.999985e-01 -1.331206e-03 -7.241420e-01 -1.948906e-04 1.331423e-03 9.999991e-01 3.052258e+01
9.999903e-01 1.592962e-03 -4.081505e-03 -2.398690e+01 -1.588334e-03 9.999981e-01 1.135038e-03 -7.221827e-01 4.083271e-03 -1.128543e-03 9.999910e-01 3.036291e+01
9.999982e-01 -1.503751e-03 1.097906e-03 -2.398239e+01 1.504952e-03 9.999983e-01 -1.087555e-03 -7.217500e-01 -1.096303e-03 1.089206e-03 9.999988e-01 3.034011e+01
9.999664e-01 1.431215e-03 -8.056401e-03 -2.393372e+01 -1.419465e-03 9.999979e-01 1.463000e-03 -7.298875e-01 8.058444e-03 -1.451514e-03 9.999665e-01 3.072709e+01
9.999976e-01 -1.492634e-03 1.562665e-03 -2.388430e+01 1.494419e-03 9.999982e-01 -1.137186e-03 -7.375585e-01 -1.560998e-03 1.139520e-03 9.999981e-01 3.109200e+01
9.999714e-01 1.428899e-03 -7.410065e-03 -2.383413e+01 -1.418427e-03 9.999980e-01 1.417317e-03 -7.445962e-01 7.412043e-03 -1.406765e-03 9.999715e-01 3.142706e+01
9.999957e-01 -1.481823e-03 2.479201e-03 -2.378265e+01 1.484864e-03 9.999982e-01 -1.222336e-03 -7.507443e-01 -2.477417e-03 1.226013e-03 9.999962e-01 3.172097e+01
9.999758e-01 1.422177e-03 -6.798141e-03 -2.373077e+01 -1.412866e-03 9.999981e-01 1.373141e-03 -7.563295e-01 6.800049e-03 -1.363502e-03 9.999759e-01 3.198974e+01
9.999958e-01 -1.472688e-03 2.437483e-03 -2.367895e+01 1.475686e-03 9.999982e-01 -1.225246e-03 -7.618964e-01 -2.435705e-03 1.228840e-03 9.999963e-01 3.225722e+01
9.999855e-01 1.839692e-03 -5.043123e-03 -2.364663e+01 -1.834153e-03 9.999977e-01 1.101198e-03 -7.628948e-01 5.045107e-03 -1.091931e-03 9.999867e-01 3.231017e+01
9.999973e-01 -1.646160e-03 1.581535e-03 -2.368480e+01 1.648117e-03 9.999979e-01 -1.231911e-03 -7.600091e-01 -1.579534e-03 1.234515e-03 9.999980e-01 3.215636e+01
