9.997202e-01 -4.877749e-04 2.365091e-02 2.571077e-02 5.060848e-04 9.999996e-01 -7.681924e-04 -1.472856e-02 -2.365052e-02 7.799472e-04 9.997199e-01 5.464600e-01
9.999599e-01 -1.761990e-04 8.958488e-03 3.219499e-02 1.789196e-04 9.999999e-01 -3.028886e-04 -2.589595e-02 -8.958429e-03 3.044796e-04 9.999597e-01 9.799597e-01
9.998680e-01 -3.165005e-04 1.624332e-02 5.533776e-02 3.246761e-04 9.999998e-01 -5.006895e-04 -3.880190e-02 -1.624315e-02 5.058974e-04 9.998678e-01 1.455623e+00
9.999713e-01 -1.712478e-04 7.567960e-03 8.794668e-02 1.732701e-04 9.999999e-01 -2.665546e-04 -5.411724e-02 -7.567903e-03 2.678584e-04 9.999712e-01 2.013946e+00
9.995412e-01 -5.990066e-04 3.028121e-02 1.375403e-01 6.283931e-04 9.999993e-01 -9.609470e-04 -6.975877e-02 -3.028060e-02 9.795347e-04 9.995409e-01 2.583572e+00
9.998908e-01 -3.045621e-04 1.477454e-02 1.856770e-01 3.120866e-04 9.999998e-01 -5.069871e-04 -8.468635e-02 -1.477436e-02 5.115425e-04 9.998906e-01 3.138766e+00
9.996967e-01 -4.856098e-04 2.462265e-02 2.182738e-01 5.049164e-04 9.999996e-01 -7.778885e-04 -9.727995e-02 -2.462223e-02 7.900847e-04 9.996964e-01 3.610623e+00
9.997354e-01 -4.596053e-04 2.299809e-02 2.426900e-01 4.776823e-04 9.999996e-01 -7.805337e-04 -1.077454e-01 -2.299769e-02 7.913125e-04 9.997351e-01 4.014212e+00
9.997447e-01 -4.550008e-04 2.259193e-02 2.765418e-01 4.710729e-04 9.999996e-01 -7.060878e-04 -1.204158e-01 -2.259157e-02 7.165493e-04 9.997444e-01 4.494481e+00
9.998050e-01 -4.015566e-04 1.974420e-02 3.319227e-01 4.147343e-04 9.999997e-01 -6.633260e-04 -1.368895e-01 -1.974389e-02 6.713845e-04 9.998047e-01 5.098474e+00
9.996450e-01 -5.262309e-04 2.663906e-02 3.956523e-01 5.489798e-04 9.999995e-01 -8.466525e-04 -1.523588e-01 -2.663856e-02 8.609753e-04 9.996447e-01 5.655975e+00
9.999923e-01 -9.441073e-05 3.916706e-03 4.396428e-01 9.495060e-05 1.000000e+00 -1.375884e-04 -1.693181e-01 -3.916651e-03 1.379582e-04 9.999922e-01 6.281716e+00
9.994617e-01 -6.448557e-04 3.280047e-02 4.600790e-01 6.800572e-04 9.999992e-01 -1.062048e-03 -1.837306e-01 -3.279972e-02 1.083782e-03 9.994613e-01 6.840899e+00
9.999504e-01 -2.083477e-04 9.958011e-03 5.020081e-01 2.116203e-04 9.999999e-01 -3.275534e-04 -1.987181e-01 -9.957893e-03 3.296432e-04 9.999503e-01 7.403637e+00
9.995555e-01 -5.858047e-04 2.980568e-02 5.776617e-01 6.146568e-04 9.999994e-01 -9.588392e-04 -2.166696e-01 -2.980505e-02 9.767319e-04 9.995552e-01 8.036142e+00
9.999946e-01 5.692533e-05 -3.285441e-03 6.200337e-01 -5.651255e-05 1.000000e+00 1.255846e-04 -2.384781e-01 3.285503e-03 -1.253997e-04 9.999945e-01 8.852073e+00
9.993714e-01 -7.056940e-04 3.544437e-02 6.652333e-01 7.466966e-04 9.999991e-01 -1.143578e-03 -2.596742e-01 -3.544347e-02 1.169324e-03 9.993709e-01 9.648213e+00
9.999963e-01 -5.961950e-05 2.726499e-03 7.260630e-01 5.982489e-05 1.000000e+00 -7.502544e-05 -2.800489e-01 -2.726433e-03 7.518653e-05 9.999962e-01 1.039907e+01
9.995668e-01 -5.911139e-04 2.942583e-02 7.788748e-01 6.192533e-04 9.999994e-01 -9.471561e-04 -3.015313e-01 -2.942519e-02 9.649659e-04 9.995664e-01 1.119121e+01
9.999616e-01 -1.738339e-04 8.757031e-03 8.450483e-01 1.763792e-04 9.999999e-01 -2.897995e-04 -3.196905e-01 -8.756913e-03 2.913310e-04 9.999615e-01 1.184339e+01
9.994036e-01 -6.875885e-04 3.452598e-02 8.854708e-01 7.269095e-04 9.999991e-01 -1.126319e-03 -3.328025e-01 -3.452510e-02 1.150743e-03 9.994031e-01 1.232858e+01
9.999724e-01 1.449148e-04 -7.426777e-03 9.127572e-01 -1.429936e-04 1.000000e+00 2.590932e-04 -3.492102e-01 7.426886e-03 -2.580262e-04 9.999723e-01 1.294894e+01
9.997078e-01 -4.899470e-04 2.416799e-02 9.589697e-01 5.091161e-04 9.999996e-01 -7.869744e-04 -3.701864e-01 -2.416752e-02 7.990465e-04 9.997075e-01 1.370279e+01
9.999651e-01 1.729537e-04 -8.345062e-03 1.027819e+00 -1.707269e-04 9.999999e-01 2.674239e-04 -3.891796e-01 8.345182e-03 -2.659921e-04 9.999651e-01 1.434142e+01
9.998171e-01 -3.921648e-04 1.911833e-02 1.113753e+00 4.042283e-04 9.999997e-01 -6.270812e-04 -4.082106e-01 -1.911801e-02 6.346924e-04 9.998169e-01 1.495169e+01
9.999708e-01 1.477096e-04 -7.633361e-03 1.129558e+00 -1.456484e-04 1.000000e+00 2.704291e-04 -4.287392e-01 7.633476e-03 -2.693118e-04 9.999707e-01 1.573477e+01
9.997230e-01 -4.783262e-04 2.353112e-02 1.145760e+00 4.965038e-04 9.999996e-01 -7.666106e-04 -4.492402e-01 -2.353067e-02 7.780791e-04 9.997227e-01 1.652239e+01
9.999789e-01 1.174504e-04 -6.494801e-03 1.150074e+00 -1.159262e-04 1.000000e+00 2.348755e-04 -4.692165e-01 6.494906e-03 -2.341200e-04 9.999788e-01 1.730943e+01
9.998321e-01 -3.790107e-04 1.831854e-02 1.111544e+00 3.900315e-04 9.999997e-01 -5.979886e-04 -4.877365e-01 -1.831823e-02 6.050305e-04 9.998319e-01 1.809283e+01
9.999823e-01 1.204953e-04 -5.943214e-03 1.136771e+00 -1.191405e-04 1.000000e+00 2.280878e-04 -5.121907e-01 5.943320e-03 -2.273782e-04 9.999822e-01 1.902624e+01
9.999423e-01 -2.573113e-04 1.073717e-02 1.100133e+00 2.608507e-04 9.999999e-01 -3.281236e-04 -5.372353e-01 -1.073701e-02 3.309029e-04 9.999422e-01 2.007823e+01
1.000000e+00 1.538434e-05 1.863151e-04 1.106484e+00 -1.538113e-05 1.000000e+00 -1.030470e-05 -5.581505e-01 -1.862354e-04 1.029929e-05 9.999999e-01 2.089461e+01
9.999340e-01 -2.855353e-04 1.148487e-02 1.056845e+00 2.893140e-04 9.999999e-01 -3.272401e-04 -5.808260e-01 -1.148470e-02 3.305387e-04 9.999339e-01 2.187750e+01
9.999614e-01 1.728749e-04 -8.777430e-03 9.478072e-01 -1.701997e-04 9.999999e-01 3.053723e-04 -6.049251e-01 8.777563e-03 -3.038692e-04 9.999614e-01 2.300605e+01
9.999256e-01 -2.932673e-04 1.219403e-02 8.804231e-01 2.976804e-04 9.999999e-01 -3.599898e-04 -6.286767e-01 -1.219384e-02 3.635904e-04 9.999255e-01 2.405124e+01
9.999573e-01 2.005651e-04 -9.233151e-03 8.675387e-01 -1.978933e-04 9.999999e-01 2.901341e-04 -6.492025e-01 9.233289e-03 -2.882971e-04 9.999573e-01 2.486789e+01
9.999426e-01 -2.854994e-04 1.070680e-02 7.847224e-01 2.886257e-04 9.999999e-01 -2.903252e-04 -6.706490e-01 -1.070663e-02 2.933962e-04 9.999426e-01 2.583696e+01
9.999643e-01 1.982053e-04 -8.440612e-03 5.096316e-01 -1.962611e-04 1.000000e+00 2.310056e-04 -6.790837e-01 8.440739e-03 -2.293434e-04 9.999643e-01 2.652076e+01
9.999488e-01 -2.656264e-04 1.011719e-02 1.992076e-01 2.684155e-04 9.999999e-01 -2.741890e-04 -6.854180e-01 -1.011703e-02 2.768879e-04 9.999487e-01 2.716206e+01
9.999655e-01 1.820850e-04 -8.297191e-03 6.782607e-02 -1.801060e-04 1.000000e+00 2.390955e-04 -7.011340e-01 8.297316e-03 -2.375955e-04 9.999655e-01 2.795354e+01
9.999512e-01 -2.557775e-04 9.871533e-03 -2.195607e-01 2.583269e-04 9.999999e-01 -2.568454e-04 -7.129543e-01 -9.871385e-03 2.593803e-04 9.999512e-01 2.880575e+01
9.999636e-01 1.915027e-04 -8.527276e-03 -6.556049e-01 -1.893790e-04 1.000000e+00 2.496844e-04 -7.200860e-01 8.527405e-03 -2.480631e-04 9.999635e-01 2.967010e+01
9.999588e-01 -2.455463e-04 9.069591e-03 -1.025533e+00 2.476454e-04 9.999999e-01 -2.301725e-04 -7.302561e-01 -9.069452e-03 2.324064e-04 9.999588e-01 3.056801e+01
9.999627e-01 1.882528e-04 -8.636288e-03 -1.308809e+00 -1.860593e-04 1.000000e+00 2.546352e-04 -7.438140e-01 8.636417e-03 -2.530215e-04 9.999626e-01 3.148798e+01
9.999531e-01 -2.477022e-04 9.682049e-03 -1.692015e+00 2.502593e-04 9.999999e-01 -2.627536e-04 -7.514408e-01 -9.681902e-03 2.651617e-04 9.999530e-01 3.229287e+01
9.999667e-01 1.693657e-04 -8.150764e-03 -1.895677e+00 -1.673773e-04 1.000000e+00 2.444678e-04 -7.658243e-01 8.150887e-03 -2.430981e-04 9.999667e-01 3.313189e+01
9.999310e-01 -2.747717e-04 1.173986e-02 -2.150866e+00 2.790156e-04 9.999999e-01 -3.597441e-04 -7.721251e-01 -1.173967e-02 3.629922e-04 9.999309e-01 3.369688e+01
9.999581e-01 1.855638e-04 -9.152934e-03 -2.455829e+00 -1.830313e-04 9.999999e-01 2.773706e-04 -7.758010e-01 9.153067e-03 -2.756863e-04 9.999580e-01 3.421524e+01
9.998658e-01 -3.649541e-04 1.637796e-02 -2.491605e+00 3.731569e-04 9.999998e-01 -4.977051e-04 -7.930750e-01 -1.637769e-02 5.037471e-04 9.998657e-01 3.493491e+01
9.999974e-01 6.077890e-05 -2.266509e-03 -2.510323e+00 -6.071459e-05 1.000000e+00 2.779203e-05 -8.059359e-01 2.266594e-03 -2.765705e-05 9.999974e-01 3.545112e+01
9.998963e-01 -3.303998e-04 1.439487e-02 -2.542710e+00 3.365002e-04 9.999999e-01 -4.212655e-04 -8.210753e-01 -1.439465e-02 4.260629e-04 9.998962e-01 3.608073e+01
9.999852e-01 -1.010212e-04 5.442515e-03 -2.687018e+00 1.022908e-04 1.000000e+00 -2.327042e-04 -8.291245e-01 -5.442407e-03 2.332546e-04 9.999851e-01 3.659061e+01
9.999405e-01 -2.811034e-04 1.089973e-02 -2.931192e+00 2.843966e-04 9.999999e-01 -3.004368e-04 -8.344772e-01 -1.089956e-02 3.035159e-04 9.999405e-01 3.713042e+01
9.999931e-01 -6.384528e-05 3.697571e-03 -3.148208e+00 6.450512e-05 1.000000e+00 -1.778819e-04 -8.395520e-01 -3.697473e-03 1.781163e-04 9.999931e-01 3.761040e+01
9.999101e-01 -3.025509e-04 1.340321e-02 -3.115639e+00 3.075931e-04 9.999999e-01 -3.740007e-04 -8.578473e-01 -1.340301e-02 3.780869e-04 9.999100e-01 3.828690e+01
9.999973e-01 7.452510e-05 -2.291929e-03 -3.053074e+00 -7.447230e-05 1.000000e+00 2.234202e-05 -8.798781e-01 2.292019e-03 -2.217422e-05 9.999973e-01 3.905779e+01
9.999543e-01 -2.581736e-04 9.559105e-03 -3.079924e+00 2.603479e-04 9.999999e-01 -2.260214e-04 -9.020490e-01 -9.558958e-03 2.284967e-04 9.999542e-01 3.997746e+01
9.999959e-01 7.219762e-05 -2.861291e-03 -3.148769e+00 -7.203388e-05 1.000000e+00 5.668642e-05 -9.244836e-01 2.861384e-03 -5.648305e-05 9.999958e-01 4.097548e+01
9.999699e-01 -2.276460e-04 7.753361e-03 -3.219729e+00 2.289330e-04 1.000000e+00 -1.648637e-04 -9.471103e-01 -7.753234e-03 1.666307e-04 9.999699e-01 4.198157e+01
9.999811e-01 1.296256e-04 -6.144219e-03 -3.302195e+00 -1.284588e-04 1.000000e+00 1.899949e-04 -9.728897e-01 6.144333e-03 -1.892050e-04 9.999810e-01 4.313444e+01
9.999715e-01 -2.317108e-04 7.537357e-03 -3.414884e+00 2.327675e-04 1.000000e+00 -1.390657e-04 -1.001343e+00 -7.537235e-03 1.408132e-04 9.999715e-01 4.444947e+01
9.999758e-01 1.456518e-04 -6.957178e-03 -3.495056e+00 -1.441845e-04 1.000000e+00 2.111376e-04 -1.030291e+00 6.957298e-03 -2.101323e-04 9.999757e-01 4.572849e+01
9.999624e-01 -2.471962e-04 8.660735e-03 -3.577886e+00 2.488352e-04 1.000000e+00 -1.879558e-04 -1.056463e+00 -8.660599e-03 1.901008e-04 9.999624e-01 4.689808e+01
9.999987e-01 -4.243788e-06 1.605314e-03 -3.618661e+00 4.383015e-06 1.000000e+00 -8.554937e-05 -1.083039e+00 -1.605224e-03 8.555328e-05 9.999986e-01 4.802845e+01
9.998266e-01 -4.252563e-04 1.861628e-02 -3.596645e+00 4.350658e-04 9.999998e-01 -5.227796e-04 -1.111080e+00 -1.861597e-02 5.307851e-04 9.998265e-01 4.912152e+01
9.999930e-01 9.722816e-05 -3.730861e-03 -3.603970e+00 -9.686015e-05 1.000000e+00 9.827596e-05 -1.138975e+00 3.730962e-03 -9.791698e-05 9.999930e-01 5.025334e+01
9.999895e-01 -1.868263e-04 4.576828e-03 -3.636077e+00 1.870344e-04 1.000000e+00 -4.458887e-05 -1.167230e+00 -4.576729e-03 4.544132e-05 9.999895e-01 5.142287e+01
9.999989e-01 6.703219e-05 -1.430480e-03 -3.640341e+00 -6.703830e-05 1.000000e+00 -5.643606e-06 -1.192960e+00 1.430571e-03 5.736409e-06 9.999989e-01 5.244191e+01
9.999968e-01 -1.526303e-04 2.506971e-03 -3.680631e+00 1.525559e-04 1.000000e+00 3.068687e-05 -1.217312e+00 -2.506885e-03 -3.030742e-05 9.999968e-01 5.346219e+01
9.999972e-01 8.335176e-05 -2.351981e-03 -3.690658e+00 -8.329712e-05 1.000000e+00 2.246617e-05 -1.242805e+00 2.352074e-03 -2.227328e-05 9.999972e-01 5.447570e+01
9.999950e-01 -1.719245e-04 3.148811e-03 -3.713843e+00 1.718289e-04 1.000000e+00 3.126180e-05 -1.271088e+00 -3.148725e-03 -3.072370e-05 9.999950e-01 5.563098e+01
9.999998e-01 6.147657e-05 -6.052978e-04 -3.727344e+00 -6.150920e-05 1.000000e+00 -5.724936e-05 -1.296388e+00 6.053858e-04 5.728349e-05 9.999997e-01 5.664642e+01
9.999727e-01 -2.037741e-04 7.377049e-03 -3.568559e+00 2.048738e-04 1.000000e+00 -1.480489e-04 -1.323431e+00 -7.376927e-03 1.495531e-04 9.999727e-01 5.747592e+01
9.999975e-01 -1.441618e-05 2.241504e-03 -3.529788e+00 1.473833e-05 1.000000e+00 -1.427705e-04 -1.347434e+00 -2.241410e-03 1.428001e-04 9.999974e-01 5.836045e+01
9.999999e-01 -9.714282e-05 2.630877e-04 -3.567044e+00 9.711248e-05 1.000000e+00 1.233483e-04 -1.372636e+00 -2.630074e-04 -1.233259e-04 9.999999e-01 5.941099e+01
9.999994e-01 6.717946e-06 1.034857e-03 -3.583484e+00 -6.611272e-06 1.000000e+00 -1.010482e-04 -1.398320e+00 -1.034766e-03 1.010382e-04 9.999994e-01 6.044719e+01
9.999999e-01 -9.930470e-05 3.546390e-04 -3.627206e+00 9.926474e-05 1.000000e+00 1.186934e-04 -1.423259e+00 -3.545585e-04 -1.186614e-04 9.999999e-01 6.149793e+01
9.999986e-01 -3.684655e-06 1.657798e-03 -3.679440e+00 3.887322e-06 1.000000e+00 -1.209716e-04 -1.448161e+00 -1.657705e-03 1.209747e-04 9.999985e-01 6.256139e+01
9.999995e-01 -7.807435e-05 -9.815936e-04 -3.759627e+00 7.824727e-05 1.000000e+00 1.739524e-04 -1.474282e+00 9.816724e-04 -1.740323e-04 9.999994e-01 6.372113e+01
9.999984e-01 -1.116895e-05 1.785060e-03 -3.840827e+00 1.137421e-05 1.000000e+00 -1.137874e-04 -1.502145e+00 -1.784966e-03 1.138044e-04 9.999983e-01 6.495613e+01
9.999997e-01 -8.312735e-05 -7.225518e-04 -3.910181e+00 8.324975e-05 1.000000e+00 1.664178e-04 -1.530484e+00 7.226305e-04 -1.664811e-04 9.999997e-01 6.619247e+01
9.999993e-01 8.956587e-06 1.168422e-03 -3.975871e+00 -8.813871e-06 1.000000e+00 -1.203330e-04 -1.554687e+00 -1.168331e-03 1.203195e-04 9.999992e-01 6.724707e+01
9.999993e-01 -7.355573e-05 -1.162696e-03 -4.002003e+00 7.375881e-05 1.000000e+00 1.727821e-04 -1.578948e+00 1.162776e-03 -1.728709e-04 9.999992e-01 6.823639e+01
9.999992e-01 6.950457e-06 1.238191e-03 -4.040940e+00 -6.800774e-06 1.000000e+00 -1.191791e-04 -1.603465e+00 -1.238099e-03 1.191674e-04 9.999992e-01 6.925828e+01
1.000000e+00 -9.153226e-05 1.120364e-05 -4.057402e+00 9.153307e-05 1.000000e+00 1.178631e-04 -1.625794e+00 -1.112185e-05 -1.178652e-04 9.999999e-01 7.015171e+01
9.999918e-01 -1.947158e-05 4.048590e-03 -3.925577e+00 2.036942e-05 1.000000e+00 -2.211985e-04 -1.652748e+00 -4.048492e-03 2.212760e-04 9.999917e-01 7.100621e+01
9.999973e-01 -6.067830e-05 -2.325141e-03 -3.820824e+00 6.118362e-05 1.000000e+00 2.163259e-04 -1.681283e+00 2.325220e-03 -2.164708e-04 9.999972e-01 7.196622e+01
9.999906e-01 -2.389681e-05 4.325325e-03 -3.772317e+00 2.494799e-05 1.000000e+00 -2.424789e-04 -1.706076e+00 -4.325227e-03 2.425814e-04 9.999905e-01 7.285708e+01
9.999998e-01 -8.214639e-05 -5.661616e-04 -3.669118e+00 8.223276e-05 1.000000e+00 1.486830e-04 -1.731982e+00 5.662424e-04 -1.487327e-04 9.999998e-01 7.370960e+01
9.999986e-01 1.457107e-06 1.626849e-03 -3.663967e+00 -1.245358e-06 1.000000e+00 -1.288262e-04 -1.757203e+00 -1.626756e-03 1.288208e-04 9.999986e-01 7.468913e+01
9.999998e-01 -7.788347e-05 -6.431034e-04 -3.647432e+00 7.797962e-05 1.000000e+00 1.460712e-04 -1.781887e+00 6.431851e-04 -1.461245e-04 9.999997e-01 7.562716e+01
9.999993e-01 2.597906e-06 1.149331e-03 -3.643082e+00 -2.474293e-06 1.000000e+00 -1.056607e-04 -1.807331e+00 -1.149238e-03 1.056546e-04 9.999993e-01 7.661748e+01
9.999998e-01 -7.398929e-05 -6.345546e-04 -3.695320e+00 7.407799e-05 1.000000e+00 1.363059e-04 -1.829592e+00 6.346376e-04 -1.363560e-04 9.999997e-01 7.756849e+01
9.999973e-01 -1.461772e-05 2.301112e-03 -3.728136e+00 1.500064e-05 1.000000e+00 -1.654409e-04 -1.848832e+00 -2.301016e-03 1.654718e-04 9.999973e-01 7.835934e+01
9.999994e-01 -6.639811e-05 -1.060601e-03 -3.751771e+00 6.658222e-05 1.000000e+00 1.714771e-04 -1.871586e+00 1.060683e-03 -1.715508e-04 9.999994e-01 7.928447e+01
9.999970e-01 -2.036585e-05 2.420251e-03 -3.790604e+00 2.076337e-05 1.000000e+00 -1.633158e-04 -1.894611e+00 -2.420155e-03 1.633624e-04 9.999970e-01 8.024731e+01
9.999976e-01 -1.305152e-04 2.159031e-03 -3.825675e+00 1.304383e-04 1.000000e+00 3.679435e-05 -1.913271e+00 -2.158942e-03 -3.651584e-05 9.999976e-01 8.102489e+01
9.999989e-01 -4.312223e-07 1.481007e-03 -4.003601e+00 6.262306e-07 1.000000e+00 -1.301710e-04 -1.927015e+00 -1.480913e-03 1.301686e-04 9.999988e-01 8.180032e+01
9.999986e-01 -1.216818e-04 1.672840e-03 -4.096259e+00 1.215938e-04 1.000000e+00 5.406811e-05 -1.944031e+00 -1.672753e-03 -5.386783e-05 9.999985e-01 8.259161e+01
9.999990e-01 5.033674e-06 1.410662e-03 -4.143667e+00 -4.862167e-06 1.000000e+00 -1.199884e-04 -1.964546e+00 -1.410569e-03 1.199782e-04 9.999989e-01 8.346431e+01
9.999999e-01 -1.015804e-04 3.752714e-04 -4.207189e+00 1.015385e-04 1.000000e+00 1.176724e-04 -1.987772e+00 -3.751895e-04 -1.176375e-04 9.999999e-01 8.447591e+01
9.999937e-01 -3.445333e-05 3.539537e-03 -4.262213e+00 3.515728e-05 1.000000e+00 -1.981817e-04 -2.010498e+00 -3.539436e-03 1.983016e-04 9.999936e-01 8.545522e+01
9.999977e-01 -1.430667e-04 2.111214e-03 -4.327851e+00 1.429473e-04 1.000000e+00 5.781409e-05 -2.032215e+00 -2.111128e-03 -5.751540e-05 9.999977e-01 8.641300e+01
9.999999e-01 3.319752e-05 3.032609e-04 -4.391443e+00 -3.317137e-05 1.000000e+00 -7.865497e-05 -2.055976e+00 -3.031693e-04 7.864168e-05 9.999999e-01 8.744763e+01
9.999989e-01 -1.339181e-04 1.439216e-03 -4.431314e+00 1.337905e-04 1.000000e+00 9.033601e-05 -2.081515e+00 -1.439134e-03 -9.014660e-05 9.999989e-01 8.851772e+01
1.000000e+00 3.430228e-05 7.494572e-05 -4.517241e+00 -3.429544e-05 1.000000e+00 -6.043003e-05 -2.107946e+00 -7.485344e-05 6.042423e-05 9.999999e-01 8.970303e+01
9.999984e-01 -1.277906e-04 1.769157e-03 -4.561190e+00 1.277124e-04 1.000000e+00 4.565951e-05 -2.130305e+00 -1.769068e-03 -4.543674e-05 9.999984e-01 9.064652e+01
9.999806e-01 -5.994352e-05 6.230544e-03 -4.546049e+00 6.165077e-05 1.000000e+00 -2.734482e-04 -2.153849e+00 -6.230433e-03 2.738237e-04 9.999805e-01 9.155171e+01
9.999613e-01 -2.697649e-04 8.785051e-03 -4.521448e+00 2.714851e-04 9.999999e-01 -1.943490e-04 -2.175033e+00 -8.784903e-03 1.967232e-04 9.999613e-01 9.235006e+01
9.999884e-01 -4.580625e-05 4.818554e-03 -4.560434e+00 4.677460e-05 1.000000e+00 -2.003436e-04 -2.198635e+00 -4.818449e-03 2.005634e-04 9.999883e-01 9.335624e+01
9.999789e-01 -2.120690e-04 6.490281e-03 -4.590793e+00 2.128738e-04 1.000000e+00 -1.229331e-04 -2.221975e+00 -6.490159e-03 1.243088e-04 9.999789e-01 9.433486e+01
9.999879e-01 1.155180e-04 -4.918867e-03 -4.641155e+00 -1.148077e-04 1.000000e+00 1.441714e-04 -2.247786e+00 4.918980e-03 -1.436083e-04 9.999878e-01 9.543411e+01
9.999509e-01 -2.670454e-04 9.903888e-03 -4.695154e+00 2.695764e-04 9.999999e-01 -2.539669e-04 -2.270705e+00 -9.903724e-03 2.566209e-04 9.999509e-01 9.642509e+01
9.999942e-01 9.603285e-05 -3.392447e-03 -4.744856e+00 -9.571419e-05 1.000000e+00 9.333648e-05 -2.294764e+00 3.392552e-03 -9.301457e-05 9.999942e-01 9.745837e+01
9.999750e-01 -2.327745e-04 7.060288e-03 -4.830396e+00 2.337636e-04 1.000000e+00 -1.388984e-04 -2.321197e+00 -7.060159e-03 1.405420e-04 9.999750e-01 9.864486e+01
9.999996e-01 5.098640e-05 -8.224918e-04 -4.902270e+00 -5.098818e-05 1.000000e+00 -5.290197e-06 -2.345757e+00 8.225881e-04 5.328778e-06 9.999996e-01 9.973358e+01
9.999694e-01 -2.420630e-04 7.813854e-03 -4.974070e+00 2.433687e-04 1.000000e+00 -1.658231e-04 -2.369586e+00 -7.813717e-03 1.677163e-04 9.999694e-01 1.007953e+02
9.999773e-01 1.578717e-04 -6.730427e-03 -5.043249e+00 -1.565698e-04 1.000000e+00 1.935670e-04 -2.393413e+00 6.730554e-03 -1.925122e-04 9.999773e-01 1.018419e+02
9.999655e-01 -2.388319e-04 8.292823e-03 -5.142162e+00 2.405744e-04 9.999999e-01 -2.088098e-04 -2.412115e+00 -8.292676e-03 2.107942e-04 9.999655e-01 1.027154e+02
9.999618e-01 2.170356e-04 -8.727985e-03 -5.291678e+00 -2.151205e-04 1.000000e+00 2.200546e-04 -2.421989e+00 8.728129e-03 -2.181720e-04 9.999618e-01 1.032612e+02
9.999481e-01 -2.841714e-04 1.017580e-02 -5.401426e+00 2.867535e-04 9.999999e-01 -2.520269e-04 -2.435725e+00 -1.017564e-02 2.549284e-04 9.999481e-01 1.039302e+02
9.999674e-01 2.022672e-04 -8.063212e-03 -5.674098e+00 -2.007583e-04 1.000000e+00 1.876211e-04 -2.442085e+00 8.063347e-03 -1.859996e-04 9.999674e-01 1.045163e+02
9.999537e-01 -2.776799e-04 9.617440e-03 -5.813979e+00 2.797407e-04 9.999999e-01 -2.126588e-04 -2.457039e+00 -9.617284e-03 2.153360e-04 9.999537e-01 1.052829e+02
9.999652e-01 2.011930e-04 -8.329830e-03 -5.869504e+00 -1.994873e-04 1.000000e+00 2.052806e-04 -2.476630e+00 8.329967e-03 -2.036151e-04 9.999652e-01 1.061284e+02
9.999631e-01 -2.615755e-04 8.577495e-03 -5.906474e+00 2.630780e-04 1.000000e+00 -1.737317e-04 -2.497494e+00 -8.577352e-03 1.759784e-04 9.999631e-01 1.069927e+02
9.999636e-01 2.055696e-04 -8.525224e-03 -5.865798e+00 -2.037498e-04 1.000000e+00 2.140146e-04 -2.521086e+00 8.525365e-03 -2.122732e-04 9.999636e-01 1.078457e+02
9.999464e-01 -2.905231e-04 1.035026e-02 -5.871391e+00 2.929141e-04 9.999999e-01 -2.292311e-04 -2.544012e+00 -1.035009e-02 2.322471e-04 9.999463e-01 1.087484e+02
9.999857e-01 1.426105e-04 -5.334186e-03 -5.883774e+00 -1.422358e-04 1.000000e+00 7.011569e-05 -2.559946e+00 5.334293e-03 -6.935937e-05 9.999857e-01 1.093720e+02
9.998019e-01 -4.659111e-04 1.989397e-02 -5.891484e+00 4.768309e-04 9.999997e-01 -5.440254e-04 -2.574043e+00 -1.989361e-02 5.534003e-04 9.998019e-01 1.099247e+02
9.999391e-01 2.883505e-04 -1.102830e-02 -5.675565e+00 -2.855660e-04 9.999999e-01 2.538038e-04 -2.596722e+00 1.102847e-02 -2.506425e-04 9.999391e-01 1.104951e+02
9.997986e-01 -4.461574e-04 2.006179e-02 -5.304659e+00 4.576746e-04 9.999997e-01 -5.693623e-04 -2.618404e+00 -2.006143e-02 5.784259e-04 9.997985e-01 1.108045e+02
9.999140e-01 3.380453e-04 -1.310818e-02 -4.863416e+00 -3.338671e-04 9.999999e-01 3.207151e-04 -2.641823e+00 1.310839e-02 -3.163146e-04 9.999140e-01 1.110774e+02
9.997812e-01 -5.074265e-04 2.090770e-02 -4.759395e+00 5.194760e-04 9.999997e-01 -5.707549e-04 -2.661452e+00 -2.090731e-02 5.814875e-04 9.997812e-01 1.116807e+02
9.999011e-01 3.390218e-04 -1.405563e-02 -4.737080e+00 -3.339737e-04 9.999999e-01 3.612878e-04 -2.679269e+00 1.405584e-02 -3.565614e-04 9.999011e-01 1.123312e+02
9.997690e-01 -5.166914e-04 2.148462e-02 -4.736232e+00 5.296637e-04 9.999997e-01 -5.979740e-04 -2.695070e+00 -2.148420e-02 6.092119e-04 9.997689e-01 1.129334e+02
9.998837e-01 3.584938e-04 -1.524257e-02 -4.747820e+00 -3.521014e-04 9.999998e-01 4.218562e-04 -2.713416e+00 1.524281e-02 -4.164437e-04 9.998837e-01 1.136617e+02
9.997815e-01 -5.029611e-04 2.089555e-02 -4.741927e+00 5.152332e-04 9.999997e-01 -5.817849e-04 -2.732503e+00 -2.089516e-02 5.924203e-04 9.997814e-01 1.143905e+02
9.998473e-01 4.090140e-04 -1.746939e-02 -4.723124e+00 -4.003832e-04 9.999998e-01 4.973673e-04 -2.753055e+00 1.746969e-02 -4.903004e-04 9.998472e-01 1.151557e+02
9.997393e-01 -5.501088e-04 2.282560e-02 -4.744636e+00 5.647060e-04 9.999996e-01 -6.329388e-04 -2.774697e+00 -2.282514e-02 6.456600e-04 9.997392e-01 1.160362e+02
9.998977e-01 3.801849e-04 -1.429239e-02 -4.552293e+00 -3.746783e-04 9.999999e-01 3.877444e-04 -2.805875e+00 1.429263e-02 -3.823532e-04 9.998977e-01 1.169791e+02
9.998204e-01 -4.708497e-04 1.894135e-02 -4.363334e+00 4.808104e-04 9.999997e-01 -5.211639e-04 -2.832111e+00 -1.894100e-02 5.301739e-04 9.998204e-01 1.177347e+02
9.998665e-01 3.759757e-04 -1.633511e-02 -4.533367e+00 -3.684268e-04 9.999998e-01 4.649377e-04 -2.845392e+00 1.633538e-02 -4.588609e-04 9.998664e-01 1.184746e+02
9.996549e-01 -6.119071e-04 2.625903e-02 -4.567059e+00 6.317913e-04 9.999995e-01 -7.488238e-04 -2.864946e+00 -2.625846e-02 7.651520e-04 9.996548e-01 1.192926e+02
9.999717e-01 2.342274e-04 -7.518446e-03 -4.426481e+00 -2.331165e-04 1.000000e+00 1.482026e-04 -2.886992e+00 7.518579e-03 -1.464493e-04 9.999717e-01 1.199560e+02
9.998736e-01 -4.326879e-04 1.589189e-02 -4.423207e+00 4.389259e-04 9.999998e-01 -3.888358e-04 -2.909001e+00 -1.589162e-02 3.957584e-04 9.998736e-01 1.208151e+02
9.998933e-01 3.588881e-04 -1.460289e-02 -4.460228e+00 -3.534441e-04 9.999999e-01 3.751568e-04 -2.927333e+00 1.460312e-02 -3.699590e-04 9.998932e-01 1.215748e+02
9.997068e-01 -5.900642e-04 2.420679e-02 -4.493326e+00 6.062610e-04 9.999996e-01 -6.616319e-04 -2.944075e+00 -2.420629e-02 6.761099e-04 9.997067e-01 1.222688e+02
9.999812e-01 2.033973e-04 -6.115721e-03 -4.440362e+00 -2.028702e-04 1.000000e+00 8.624318e-05 -2.963165e+00 6.115838e-03 -8.500449e-05 9.999812e-01 1.229462e+02
9.998714e-01 -4.265514e-04 1.603001e-02 -4.434591e+00 4.326545e-04 9.999998e-01 -3.770522e-04 -2.985990e+00 -1.602975e-02 3.839355e-04 9.998714e-01 1.238352e+02
9.999426e-01 2.882784e-04 -1.070761e-02 -4.387964e+00 -2.856577e-04 9.999999e-01 2.459543e-04 -3.011827e+00 1.070778e-02 -2.428851e-04 9.999426e-01 1.247768e+02
9.997600e-01 -5.193657e-04 2.189717e-02 -4.325925e+00 5.325644e-04 9.999997e-01 -5.967755e-04 -3.033404e+00 -2.189676e-02 6.082903e-04 9.997600e-01 1.255250e+02
9.998220e-01 4.164878e-04 -1.885827e-02 -4.365079e+00 -4.062243e-04 9.999998e-01 5.478822e-04 -3.055533e+00 1.885860e-02 -5.401277e-04 9.998220e-01 1.264501e+02
9.997174e-01 -5.563497e-04 2.376213e-02 -4.391614e+00 5.717920e-04 9.999996e-01 -6.429344e-04 -3.080828e+00 -2.376166e-02 6.563360e-04 9.997174e-01 1.274893e+02
9.997890e-01 4.683553e-04 -2.053222e-02 -4.330117e+00 -4.564196e-04 9.999997e-01 5.858230e-04 -3.106311e+00 2.053259e-02 -5.763318e-04 9.997890e-01 1.283895e+02
9.997326e-01 -4.775581e-04 2.311925e-02 -3.823287e+00 4.935422e-04 9.999996e-01 -6.855246e-04 -3.130924e+00 -2.311882e-02 6.967478e-04 9.997324e-01 1.286055e+02
9.997843e-01 4.523619e-04 -2.075957e-02 -3.485690e+00 -4.399328e-04 9.999997e-01 6.031043e-04 -3.154686e+00 2.075993e-02 -5.938450e-04 9.997843e-01 1.290279e+02
9.997229e-01 -5.391692e-04 2.353305e-02 -3.485587e+00 5.545302e-04 9.999996e-01 -6.460708e-04 -3.177151e+00 -2.353259e-02 6.589378e-04 9.997228e-01 1.299027e+02
9.996457e-01 5.871615e-04 -2.660995e-02 -3.458628e+00 -5.668379e-04 9.999995e-01 7.711577e-04 -3.194081e+00 2.661049e-02 -7.558046e-04 9.996455e-01 1.304825e+02
9.996060e-01 -6.447908e-04 2.805836e-02 -3.538225e+00 6.678745e-04 9.999994e-01 -8.132163e-04 -3.203717e+00 -2.805772e-02 8.316317e-04 9.996059e-01 1.309388e+02
9.997920e-01 4.583827e-04 -2.038630e-02 -3.540169e+00 -4.464556e-04 9.999997e-01 5.894214e-04 -3.220978e+00 2.038666e-02 -5.802009e-04 9.997920e-01 1.316072e+02
9.996519e-01 -5.960728e-04 2.637436e-02 -3.527516e+00 6.160007e-04 9.999995e-01 -7.473242e-04 -3.243398e+00 -2.637381e-02 7.633069e-04 9.996518e-01 1.324626e+02
9.997439e-01 4.766676e-04 -2.262215e-02 -3.578622e+00 -4.616555e-04 9.999997e-01 6.686551e-04 -3.262837e+00 2.262256e-02 -6.580439e-04 9.997438e-01 1.332969e+02
9.997325e-01 -5.283116e-04 2.311836e-02 -3.611409e+00 5.442686e-04 9.999996e-01 -6.837873e-04 -3.275567e+00 -2.311789e-02 6.961833e-04 9.997325e-01 1.338103e+02
9.998115e-01 4.445013e-04 -1.940595e-02 -3.409609e+00 -4.338731e-04 9.999998e-01 5.516937e-04 -3.291235e+00 1.940629e-02 -5.431737e-04 9.998115e-01 1.341108e+02
9.996723e-01 -5.852680e-04 2.559179e-02 -3.376292e+00 6.045298e-04 9.999995e-01 -7.447824e-04 -3.308397e+00 -2.559124e-02 7.600056e-04 9.996722e-01 1.347169e+02
9.997648e-01 4.699398e-04 -2.168117e-02 -3.405624e+00 -4.559234e-04 9.999997e-01 6.512401e-04 -3.327173e+00 2.168157e-02 -6.412057e-04 9.997647e-01 1.354874e+02
9.996492e-01 -5.800027e-04 2.647834e-02 -3.356690e+00 6.013102e-04 9.999995e-01 -7.966203e-04 -3.345622e+00 -2.647776e-02 8.122588e-04 9.996490e-01 1.361194e+02
9.996952e-01 5.334343e-04 -2.468055e-02 -3.261453e+00 -5.152322e-04 9.999996e-01 7.437035e-04 -3.362534e+00 2.468104e-02 -7.307643e-04 9.996951e-01 1.366136e+02
9.995909e-01 -6.263050e-04 2.859321e-02 -3.246833e+00 6.507021e-04 9.999994e-01 -8.438211e-04 -3.382004e+00 -2.859257e-02 8.620777e-04 9.995907e-01 1.373393e+02
9.996233e-01 5.854572e-04 -2.743801e-02 -3.214591e+00 -5.629689e-04 9.999995e-01 8.271778e-04 -3.400211e+00 2.743858e-02 -8.114232e-04 9.996231e-01 1.379769e+02
9.996258e-01 -6.110699e-04 2.734476e-02 -3.231492e+00 6.331630e-04 9.999995e-01 -7.991604e-04 -3.417277e+00 -2.734416e-02 8.161712e-04 9.996257e-01 1.386474e+02
9.996431e-01 5.636717e-04 -2.670846e-02 -3.273693e+00 -5.417530e-04 9.999995e-01 8.277480e-04 -3.437464e+00 2.670901e-02 -8.129868e-04 9.996429e-01 1.394914e+02
9.996116e-01 -6.266315e-04 2.785874e-02 -3.286985e+00 6.489116e-04 9.999995e-01 -7.905873e-04 -3.462612e+00 -2.785813e-02 8.083543e-04 9.996115e-01 1.404981e+02
9.997327e-01 5.062469e-04 -2.311200e-02 -3.288904e+00 -4.907520e-04 9.999997e-01 6.759227e-04 -3.484280e+00 2.311244e-02 -6.644035e-04 9.997326e-01 1.413432e+02
9.997465e-01 -5.287071e-04 2.250471e-02 -3.396999e+00 5.427011e-04 9.999997e-01 -6.155514e-04 -3.502037e+00 -2.250427e-02 6.276049e-04 9.997465e-01 1.421809e+02
9.997469e-01 4.994150e-04 -2.249001e-02 -3.608196e+00 -4.851756e-04 9.999997e-01 6.384234e-04 -3.512798e+00 2.249042e-02 -6.273539e-04 9.997468e-01 1.428640e+02
9.996930e-01 -5.919619e-04 2.476733e-02 -3.716334e+00 6.080658e-04 9.999996e-01 -6.425274e-04 -3.535633e+00 -2.476684e-02 6.573865e-04 9.996930e-01 1.439343e+02
9.997369e-01 5.019771e-04 -2.292943e-02 -3.814092e+00 -4.865895e-04 9.999997e-01 6.764907e-04 -3.562244e+00 2.292986e-02 -6.651593e-04 9.997368e-01 1.451468e+02
9.996645e-01 -6.130326e-04 2.589300e-02 -3.902634e+00 6.315291e-04 9.999996e-01 -7.060268e-04 -3.585055e+00 -2.589246e-02 7.221383e-04 9.996644e-01 1.461859e+02
9.997501e-01 5.131695e-04 -2.234631e-02 -3.944134e+00 -4.989318e-04 9.999997e-01 6.425328e-04 -3.606538e+00 2.234674e-02 -6.312267e-04 9.997500e-01 1.470916e+02
9.997427e-01 -5.560279e-04 2.267475e-02 -4.126911e+00 5.700848e-04 9.999996e-01 -6.133076e-04 -3.621549e+00 -2.267431e-02 6.260725e-04 9.997427e-01 1.479216e+02
9.997526e-01 5.172935e-04 -2.223424e-02 -4.394869e+00 -5.033300e-04 9.999997e-01 6.334307e-04 -3.631953e+00 2.223466e-02 -6.220865e-04 9.997525e-01 1.486762e+02
9.997319e-01 -5.910523e-04 2.314464e-02 -4.503091e+00 6.045104e-04 9.999997e-01 -5.743197e-04 -3.657391e+00 -2.314420e-02 5.881531e-04 9.997319e-01 1.498549e+02
9.997195e-01 5.575523e-04 -2.367416e-02 -4.593304e+00 -5.416860e-04 9.999996e-01 6.764328e-04 -3.682421e+00 2.367462e-02 -6.634228e-04 9.997194e-01 1.509798e+02
9.997321e-01 -5.786871e-04 2.313676e-02 -4.777048e+00 5.929051e-04 9.999996e-01 -6.074985e-04 -3.699243e+00 -2.313630e-02 6.210498e-04 9.997321e-01 1.518886e+02
9.997097e-01 5.921372e-04 -2.408334e-02 -5.194961e+00 -5.762677e-04 9.999996e-01 6.657106e-04 -3.702113e+00 2.408382e-02 -6.516426e-04 9.997097e-01 1.525208e+02
9.998013e-01 -4.974776e-04 1.992538e-02 -5.546952e+00 5.078054e-04 9.999997e-01 -5.130765e-04 -3.704907e+00 -1.992502e-02 5.230890e-04 9.998013e-01 1.530480e+02
9.997188e-01 5.675521e-04 -2.370583e-02 -5.757865e+00 -5.516625e-04 9.999996e-01 6.766475e-04 -3.717760e+00 2.370630e-02 -6.633833e-04 9.997187e-01 1.538116e+02
9.997637e-01 -5.439339e-04 2.173126e-02 -5.928723e+00 5.567506e-04 9.999997e-01 -5.835618e-04 -3.730485e+00 -2.173084e-02 5.955189e-04 9.997636e-01 1.545131e+02
9.997630e-01 5.279859e-04 -2.176283e-02 -6.298397e+00 -5.151241e-04 9.999997e-01 5.964208e-04 -3.733494e+00 2.176324e-02 -5.850726e-04 9.997629e-01 1.550874e+02
9.997736e-01 -5.416333e-04 2.126829e-02 -6.563920e+00 5.536637e-04 9.999997e-01 -5.595903e-04 -3.741973e+00 -2.126788e-02 5.712353e-04 9.997736e-01 1.557498e+02
9.997048e-01 5.794302e-04 -2.428623e-02 -6.595377e+00 -5.623785e-04 9.999996e-01 7.087789e-04 -3.763187e+00 2.428673e-02 -6.949153e-04 9.997047e-01 1.566102e+02
9.998973e-01 -3.588783e-04 1.432622e-02 -6.598979e+00 3.633399e-04 9.999999e-01 -3.085657e-04 -3.780187e+00 -1.432601e-02 3.137355e-04 9.998973e-01 1.572461e+02
9.996907e-01 6.029566e-04 -2.486007e-02 -6.631212e+00 -5.856249e-04 9.999996e-01 7.042903e-04 -3.797311e+00 2.486058e-02 -6.895175e-04 9.996906e-01 1.579383e+02
9.997468e-01 -5.773445e-04 2.249372e-02 -6.654256e+00 5.909654e-04 9.999996e-01 -5.987410e-04 -3.814747e+00 -2.249327e-02 6.118786e-04 9.997468e-01 1.586297e+02
9.997169e-01 5.808413e-04 -2.378580e-02 -6.811388e+00 -5.658605e-04 9.999996e-01 6.363858e-04 -3.821074e+00 2.378626e-02 -6.227498e-04 9.997168e-01 1.590419e+02
9.997333e-01 -5.796323e-04 2.308290e-02 -7.072277e+00 5.939708e-04 9.999996e-01 -6.141644e-04 -3.825035e+00 -2.308243e-02 6.277074e-04 9.997333e-01 1.595032e+02
9.997152e-01 5.616828e-04 -2.385767e-02 -7.121186e+00 -5.453196e-04 9.999996e-01 6.922098e-04 -3.845989e+00 2.385814e-02 -6.790062e-04 9.997151e-01 1.603896e+02
9.997357e-01 -5.767057e-04 2.298006e-02 -7.097801e+00 5.914113e-04 9.999996e-01 -6.329778e-04 -3.865586e+00 -2.297959e-02 6.463974e-04 9.997357e-01 1.610968e+02
9.996162e-01 6.621141e-04 -2.769486e-02 -6.783076e+00 -6.398025e-04 9.999995e-01 8.143370e-04 -3.890252e+00 2.769549e-02 -7.963088e-04 9.996160e-01 1.615774e+02
9.997848e-01 -4.963456e-04 2.073651e-02 -6.121757e+00 5.081112e-04 9.999997e-01 -5.619455e-04 -3.921174e+00 -2.073613e-02 5.723573e-04 9.997848e-01 1.618086e+02
9.997292e-01 5.736353e-04 -2.326194e-02 -5.521228e+00 -5.585097e-04 9.999996e-01 6.565602e-04 -3.952290e+00 2.326241e-02 -6.433941e-04 9.997291e-01 1.621434e+02
9.997444e-01 -5.269274e-04 2.259908e-02 -4.970408e+00 5.412952e-04 9.999997e-01 -6.294954e-04 -3.982070e+00 -2.259864e-02 6.415635e-04 9.997444e-01 1.625028e+02
9.997682e-01 5.356593e-04 -2.152343e-02 -4.467000e+00 -5.228435e-04 9.999997e-01 6.008860e-04 -4.011602e+00 2.152385e-02 -5.894970e-04 9.997681e-01 1.629307e+02
9.997223e-01 -5.468251e-04 2.355623e-02 -3.994749e+00 5.623506e-04 9.999996e-01 -6.523115e-04 -4.042531e+00 -2.355577e-02 6.653735e-04 9.997223e-01 1.634695e+02
9.997506e-01 5.737964e-04 -2.232079e-02 -3.343092e+00 -5.604274e-04 9.999997e-01 6.050319e-04 -4.072790e+00 2.232123e-02 -5.923755e-04 9.997506e-01 1.637097e+02
9.997610e-01 -5.887518e-04 2.185274e-02 -3.311786e+00 6.018175e-04 9.999996e-01 -5.911623e-04 -4.085606e+00 -2.185228e-02 6.041686e-04 9.997610e-01 1.641204e+02
9.997433e-01 5.693375e-04 -2.264739e-02 -3.186102e+00 -5.549010e-04 9.999996e-01 6.435625e-04 -4.107611e+00 2.264785e-02 -6.308339e-04 9.997433e-01 1.647924e+02
9.997197e-01 -5.484675e-04 2.366779e-02 -2.404536e+00 5.643883e-04 9.999996e-01 -6.658509e-04 -4.145381e+00 -2.366732e-02 6.790183e-04 9.997196e-01 1.651687e+02
9.997741e-01 6.138009e-04 -2.124092e-02 -1.197704e+00 -6.014411e-04 9.999996e-01 5.880949e-04 -4.193020e+00 2.124137e-02 -5.751906e-04 9.997742e-01 1.653474e+02
9.997267e-01 -5.706037e-04 2.336805e-02 -2.788178e-01 5.862770e-04 9.999996e-01 -6.637140e-04 -4.231648e+00 -2.336757e-02 6.772290e-04 9.997267e-01 1.655617e+02
9.997714e-01 6.096163e-04 -2.136906e-02 5.679597e-01 -5.974830e-04 9.999997e-01 5.739993e-04 -4.266211e+00 2.136950e-02 -5.611041e-04 9.997714e-01 1.657110e+02
9.997355e-01 -5.431808e-04 2.298872e-02 1.733769e+00 5.578670e-04 9.999996e-01 -6.322747e-04 -4.311512e+00 -2.298827e-02 6.449284e-04 9.997355e-01 1.658595e+02
9.997452e-01 6.283075e-04 -2.256016e-02 3.022070e+00 -6.142359e-04 9.999996e-01 6.304978e-04 -4.360963e+00 2.256065e-02 -6.164836e-04 9.997452e-01 1.660080e+02
9.997430e-01 -5.322444e-04 2.266306e-02 4.484608e+00 5.461217e-04 9.999997e-01 -6.059881e-04 -4.416247e+00 -2.266263e-02 6.182054e-04 9.997429e-01 1.661562e+02
9.997333e-01 6.381633e-04 -2.308390e-02 6.040075e+00 -6.233045e-04 9.999996e-01 6.507140e-04 -4.472250e+00 2.308441e-02 -6.361558e-04 9.997333e-01 1.662135e+02
9.997556e-01 -5.331614e-04 2.209887e-02 7.572680e+00 5.462108e-04 9.999997e-01 -5.843049e-04 -4.526435e+00 -2.209845e-02 5.962289e-04 9.997556e-01 1.662315e+02
9.997563e-01 6.442068e-04 -2.206358e-02 9.301931e+00 -6.305237e-04 9.999996e-01 6.269502e-04 -4.590209e+00 2.206408e-02 -6.128894e-04 9.997563e-01 1.663585e+02
9.997598e-01 -5.179551e-04 2.191042e-02 1.124047e+01 5.302607e-04 9.999997e-01 -5.556630e-04 -4.662655e+00 -2.191003e-02 5.671440e-04 9.997597e-01 1.665388e+02
9.997732e-01 6.411528e-04 -2.128241e-02 1.318704e+01 -6.288214e-04 9.999996e-01 5.859298e-04 -4.734648e+00 2.128287e-02 -5.724178e-04 9.997733e-01 1.666984e+02
9.997606e-01 -5.290460e-04 2.187290e-02 1.502937e+01 5.412510e-04 9.999997e-01 -5.519152e-04 -4.804361e+00 -2.187250e-02 5.636181e-04 9.997606e-01 1.669102e+02
9.997770e-01 6.035248e-04 -2.110467e-02 1.644870e+01 -5.919606e-04 9.999997e-01 5.540128e-04 -4.860708e+00 2.110509e-02 -5.413998e-04 9.997771e-01 1.671641e+02
9.997466e-01 -5.265575e-04 2.250033e-02 1.793546e+01 5.394691e-04 9.999997e-01 -5.676181e-04 -4.920026e+00 -2.249992e-02 5.796088e-04 9.997466e-01 1.674354e+02
9.997428e-01 6.092829e-04 -2.266690e-02 1.935825e+01 -5.954302e-04 9.999996e-01 6.177223e-04 -4.977820e+00 2.266737e-02 -6.040705e-04 9.997428e-01 1.677338e+02
9.997761e-01 -4.953073e-04 2.115233e-02 2.093273e+01 5.061850e-04 9.999997e-01 -5.087368e-04 -5.039505e+00 -2.115197e-02 5.193262e-04 9.997761e-01 1.679672e+02
9.997795e-01 5.940141e-04 -2.098746e-02 2.245487e+01 -5.829327e-04 9.999997e-01 5.339393e-04 -5.097396e+00 2.098787e-02 -5.215909e-04 9.997795e-01 1.681314e+02
9.997769e-01 -5.039379e-04 2.111581e-02 2.388103e+01 5.148607e-04 9.999997e-01 -5.116799e-04 -5.151968e+00 -2.111544e-02 5.224337e-04 9.997769e-01 1.682945e+02
9.997615e-01 6.273601e-04 -2.182926e-02 2.559833e+01 -6.147240e-04 9.999996e-01 5.853962e-04 -5.216346e+00 2.182972e-02 -5.718412e-04 9.997615e-01 1.684410e+02
9.997794e-01 -5.060893e-04 2.099360e-02 2.727621e+01 5.167504e-04 9.999997e-01 -5.022372e-04 -5.281020e+00 -2.099324e-02 5.129712e-04 9.997794e-01 1.686492e+02
9.998073e-01 5.825174e-04 -1.962036e-02 2.867918e+01 -5.733412e-04 9.999997e-01 4.731231e-04 -5.335880e+00 1.962073e-02 -4.617863e-04 9.998073e-01 1.688566e+02
9.997883e-01 -5.071364e-04 2.056736e-02 3.006862e+01 5.172284e-04 9.999997e-01 -4.851921e-04 -5.389824e+00 -2.056701e-02 4.957238e-04 9.997883e-01 1.690461e+02
9.998110e-01 6.195197e-04 -1.943109e-02 3.197168e+01 -6.100763e-04 9.999997e-01 4.917350e-04 -5.460688e+00 1.943149e-02 -4.797912e-04 9.998110e-01 1.692140e+02
9.997869e-01 -5.107184e-04 2.063636e-02 3.381451e+01 5.210321e-04 9.999997e-01 -4.942355e-04 -5.528592e+00 -2.063601e-02 5.048787e-04 9.997869e-01 1.693486e+02
9.997978e-01 6.389910e-04 -2.009755e-02 3.582706e+01 -6.285477e-04 9.999997e-01 5.257615e-04 -5.601035e+00 2.009798e-02 -5.130265e-04 9.997978e-01 1.694341e+02
9.997967e-01 -5.105560e-04 2.015471e-02 3.786997e+01 5.200590e-04 9.999998e-01 -4.660910e-04 -5.675069e+00 -2.015437e-02 4.764742e-04 9.997967e-01 1.695443e+02
9.997980e-01 6.500137e-04 -2.008333e-02 4.005839e+01 -6.393705e-04 9.999997e-01 5.361883e-04 -5.755168e+00 2.008378e-02 -5.232429e-04 9.997981e-01 1.696982e+02
9.997886e-01 -5.101093e-04 2.055134e-02 4.227016e+01 5.201284e-04 9.999997e-01 -4.820071e-04 -5.835574e+00 -2.055099e-02 4.925909e-04 9.997886e-01 1.698322e+02
9.998011e-01 6.568482e-04 -1.992814e-02 4.457837e+01 -6.463723e-04 9.999996e-01 5.319402e-04 -5.919313e+00 1.992858e-02 -5.189570e-04 9.998012e-01 1.699676e+02
9.998022e-01 -5.306332e-04 1.988147e-02 4.662797e+01 5.398614e-04 9.999997e-01 -4.586211e-04 -5.995898e+00 -1.988112e-02 4.692600e-04 9.998022e-01 1.701757e+02
9.998031e-01 6.489423e-04 -1.983206e-02 4.855494e+01 -6.388604e-04 9.999997e-01 5.145140e-04 -6.067823e+00 1.983248e-02 -5.017463e-04 9.998031e-01 1.703652e+02
9.997938e-01 -5.306276e-04 2.029786e-02 5.047194e+01 5.405133e-04 9.999997e-01 -4.813738e-04 -6.137907e+00 -2.029750e-02 4.922422e-04 9.997938e-01 1.704915e+02
9.998010e-01 6.681636e-04 -1.993492e-02 5.258792e+01 -6.577955e-04 9.999996e-01 5.264711e-04 -6.214065e+00 1.993537e-02 -5.132568e-04 9.998011e-01 1.705887e+02
9.998122e-01 -5.498716e-04 1.937010e-02 5.435027e+01 5.590138e-04 9.999997e-01 -4.663839e-04 -6.276835e+00 -1.936974e-02 4.771209e-04 9.998122e-01 1.706424e+02
9.997964e-01 6.510045e-04 -2.016545e-02 5.585413e+01 -6.407237e-04 9.999997e-01 5.161002e-04 -6.329868e+00 2.016588e-02 -5.030781e-04 9.997965e-01 1.706593e+02
9.998084e-01 -5.587851e-04 1.956443e-02 5.727038e+01 5.682126e-04 9.999997e-01 -4.761379e-04 -6.380663e+00 -1.956406e-02 4.871599e-04 9.998084e-01 1.707049e+02
9.998001e-01 6.554865e-04 -1.998057e-02 5.875070e+01 -6.454043e-04 9.999997e-01 5.108656e-04 -6.433736e+00 1.998099e-02 -4.978714e-04 9.998002e-01 1.707532e+02
9.997989e-01 -5.431194e-04 2.004464e-02 6.046443e+01 5.529122e-04 9.999997e-01 -4.828386e-04 -6.494332e+00 -2.004428e-02 4.938209e-04 9.997989e-01 1.707811e+02
9.998012e-01 6.384770e-04 -1.992524e-02 6.196242e+01 -6.287493e-04 9.999997e-01 4.942899e-04 -6.547786e+00 1.992565e-02 -4.816671e-04 9.998013e-01 1.708158e+02
