9.999926e-01 5.087503e-05 -3.837774e-03 5.886546e-02 -5.036416e-05 1.000000e+00 1.332094e-04 -7.884665e-03 3.837780e-03 -1.330147e-04 9.999925e-01 1.434769e-01
9.999888e-01 -1.022750e-04 4.726524e-03 1.264078e-01 1.031940e-04 1.000000e+00 -1.941895e-04 -1.659184e-02 -4.726504e-03 1.946756e-04 9.999887e-01 3.386385e-01
9.999956e-01 5.730213e-05 -2.956464e-03 1.840963e-01 -5.704496e-05 1.000000e+00 8.706628e-05 -2.469272e-02 2.956468e-03 -8.689677e-05 9.999955e-01 5.177192e-01
9.999994e-01 -4.681029e-05 1.095716e-03 2.435696e-01 4.684754e-05 1.000000e+00 -3.395042e-05 -3.303175e-02 -1.095715e-03 3.400222e-05 9.999993e-01 6.882974e-01
9.999731e-01 1.425608e-04 -7.327667e-03 2.935734e-01 -1.405108e-04 1.000000e+00 2.802725e-04 -4.101787e-02 7.327706e-03 -2.792348e-04 9.999730e-01 8.416839e-01
9.999950e-01 -8.788068e-05 3.159412e-03 3.442410e-01 8.834547e-05 1.000000e+00 -1.469662e-04 -4.755276e-02 -3.159400e-03 1.472451e-04 9.999949e-01 9.344124e-01
9.999951e-01 5.368186e-05 -3.116700e-03 3.929230e-01 -5.335075e-05 1.000000e+00 1.063159e-04 -5.517402e-02 3.116704e-03 -1.061486e-04 9.999950e-01 1.091143e+00
9.999852e-01 -1.070142e-04 5.437146e-03 4.430004e-01 1.082913e-04 1.000000e+00 -2.345873e-04 -6.295005e-02 -5.437122e-03 2.351731e-04 9.999851e-01 1.265133e+00
9.999683e-01 1.107091e-04 -7.964296e-03 4.888038e-01 -1.082579e-04 9.999999e-01 3.082035e-04 -7.139785e-02 7.964328e-03 -3.073310e-04 9.999681e-01 1.445562e+00
9.999986e-01 -2.863643e-05 1.651111e-03 5.308407e-01 2.871504e-05 1.000000e+00 -4.757693e-05 -8.011066e-02 -1.651112e-03 4.762481e-05 9.999985e-01 1.635098e+00
9.999999e-01 -2.157116e-05 -4.324053e-04 5.733767e-01 2.155924e-05 1.000000e+00 -2.762801e-05 -8.826443e-02 4.324041e-04 2.761921e-05 9.999998e-01 1.825630e+00
9.999956e-01 -3.822037e-05 2.975658e-03 6.089691e-01 3.853252e-05 1.000000e+00 -1.048368e-04 -9.558504e-02 -2.975656e-03 1.049515e-04 9.999955e-01 1.993024e+00
9.999996e-01 -2.319728e-05 -8.996685e-04 6.516562e-01 2.318391e-05 1.000000e+00 -1.489223e-05 -1.030704e-01 8.996675e-04 1.487187e-05 9.999995e-01 2.162184e+00
9.999274e-01 -1.146212e-04 1.204837e-02 7.183371e-01 1.200754e-04 9.999999e-01 -4.519742e-04 -1.101819e-01 -1.204832e-02 4.533886e-04 9.999272e-01 2.335487e+00
9.999909e-01 -1.565101e-04 4.256485e-03 7.898295e-01 1.571791e-04 1.000000e+00 -1.568309e-04 -1.165449e-01 -4.256458e-03 1.574989e-04 9.999908e-01 2.494160e+00
9.999433e-01 -9.900789e-05 1.065198e-02 8.559272e-01 1.032590e-04 9.999999e-01 -3.985358e-04 -1.231789e-01 -1.065194e-02 3.996135e-04 9.999431e-01 2.660446e+00
9.999826e-01 3.486701e-05 -5.902642e-03 8.944775e-01 -3.386957e-05 1.000000e+00 1.690812e-04 -1.300077e-01 5.902651e-03 -1.688780e-04 9.999825e-01 2.813737e+00
9.999608e-01 -9.965223e-05 8.858412e-03 9.281380e-01 1.024763e-04 9.999999e-01 -3.183512e-04 -1.369597e-01 -8.858376e-03 3.192468e-04 9.999606e-01 2.971161e+00
9.999764e-01 4.110210e-05 -6.864067e-03 9.698383e-01 -3.970924e-05 1.000000e+00 2.030549e-04 -1.446872e-01 6.864079e-03 -2.027772e-04 9.999763e-01 3.152050e+00
9.999780e-01 -7.562082e-05 6.632518e-03 1.019011e+00 7.718298e-05 1.000000e+00 -2.352733e-04 -1.526972e-01 -6.632496e-03 2.357804e-04 9.999779e-01 3.324861e+00
9.999861e-01 3.150610e-05 -5.265708e-03 1.060745e+00 -3.081420e-05 1.000000e+00 1.314765e-04 -1.598004e-01 5.265716e-03 -1.313121e-04 9.999860e-01 3.476432e+00
9.999626e-01 -8.709487e-05 8.645719e-03 1.095929e+00 8.981061e-05 9.999999e-01 -3.137247e-04 -1.661558e-01 -8.645687e-03 3.144897e-04 9.999625e-01 3.604752e+00
9.999786e-01 3.010391e-05 -6.536259e-03 1.133423e+00 -2.889114e-05 1.000000e+00 1.856380e-04 -1.729047e-01 6.536269e-03 -1.854450e-04 9.999785e-01 3.745458e+00
9.999658e-01 -5.862504e-05 8.268648e-03 1.213814e+00 6.131965e-05 9.999999e-01 -3.256281e-04 -1.795710e-01 -8.268624e-03 3.261243e-04 9.999657e-01 3.840559e+00
9.999777e-01 2.310927e-05 -6.682717e-03 1.278105e+00 -2.168909e-05 1.000000e+00 2.125851e-04 -1.856365e-01 6.682727e-03 -2.124352e-04 9.999775e-01 3.918445e+00
9.999463e-01 -4.991571e-05 1.036666e-02 1.333703e+00 5.435912e-05 9.999999e-01 -4.283424e-04 -1.916399e-01 -1.036663e-02 4.288831e-04 9.999461e-01 4.010939e+00
9.999765e-01 1.053972e-06 -6.856622e-03 1.427030e+00 7.174929e-07 1.000000e+00 2.583538e-04 -1.954180e-01 6.856628e-03 -2.583525e-04 9.999764e-01 3.972989e+00
9.999701e-01 -3.509032e-05 7.734089e-03 1.535817e+00 3.772747e-05 9.999999e-01 -3.408300e-04 -1.996633e-01 -7.734071e-03 3.411118e-04 9.999699e-01 3.936925e+00
9.999855e-01 -2.714592e-05 -5.391405e-03 1.646367e+00 2.801200e-05 1.000000e+00 1.605633e-04 -2.067877e-01 5.391406e-03 -1.607119e-04 9.999854e-01 4.038576e+00
9.999739e-01 -3.674460e-05 7.222775e-03 1.729769e+00 3.897390e-05 1.000000e+00 -3.085074e-04 -2.142969e-01 -7.222758e-03 3.087810e-04 9.999738e-01 4.171053e+00
9.999876e-01 -2.473276e-05 -4.988524e-03 1.798981e+00 2.548637e-05 1.000000e+00 1.510029e-04 -2.216123e-01 4.988527e-03 -1.511280e-04 9.999874e-01 4.311977e+00
9.999803e-01 -2.352443e-05 6.283749e-03 1.851259e+00 2.518355e-05 1.000000e+00 -2.639531e-04 -2.287408e-01 -6.283737e-03 2.641062e-04 9.999801e-01 4.455624e+00
9.999851e-01 -9.485988e-06 -5.462604e-03 1.890906e+00 1.044709e-05 1.000000e+00 1.759101e-04 -2.352441e-01 5.462608e-03 -1.759644e-04 9.999850e-01 4.579343e+00
9.999831e-01 -2.686702e-05 5.809525e-03 1.920459e+00 2.826303e-05 1.000000e+00 -2.402112e-04 -2.417282e-01 -5.809512e-03 2.403715e-04 9.999830e-01 4.709634e+00
9.999816e-01 -6.328650e-06 -6.064473e-03 1.942221e+00 7.570621e-06 1.000000e+00 2.047690e-04 -2.482324e-01 6.064478e-03 -2.048111e-04 9.999815e-01 4.845467e+00
9.999862e-01 -1.976844e-05 5.245346e-03 1.958265e+00 2.091354e-05 1.000000e+00 -2.182503e-04 -2.546146e-01 -5.245336e-03 2.183571e-04 9.999861e-01 4.976942e+00
9.999885e-01 -2.911219e-05 -4.794968e-03 1.979369e+00 2.984371e-05 1.000000e+00 1.524866e-04 -2.610856e-01 4.794970e-03 -1.526278e-04 9.999884e-01 5.117440e+00
9.999859e-01 -6.387522e-06 5.309031e-03 2.015920e+00 7.602328e-06 1.000000e+00 -2.287956e-04 -2.676976e-01 -5.309023e-03 2.288328e-04 9.999858e-01 5.249421e+00
9.999885e-01 -2.368049e-05 -4.804135e-03 2.035189e+00 2.445196e-05 1.000000e+00 1.605236e-04 -2.730249e-01 4.804138e-03 -1.606391e-04 9.999883e-01 5.338835e+00
9.999815e-01 -2.239975e-05 6.084676e-03 2.080265e+00 2.401487e-05 1.000000e+00 -2.653651e-04 -2.800130e-01 -6.084663e-03 2.655064e-04 9.999814e-01 5.478913e+00
9.999952e-01 -3.115136e-05 -3.083082e-03 2.164288e+00 3.140433e-05 1.000000e+00 8.199546e-05 -2.878108e-01 3.083086e-03 -8.209185e-05 9.999951e-01 5.628187e+00
9.999935e-01 -8.523975e-07 3.613845e-03 2.228855e+00 1.462053e-06 1.000000e+00 -1.686927e-04 -2.953717e-01 -3.613838e-03 1.686969e-04 9.999934e-01 5.771118e+00
9.999924e-01 -1.918834e-05 -3.902137e-03 2.299190e+00 1.965724e-05 1.000000e+00 1.201226e-04 -3.027707e-01 3.902142e-03 -1.201983e-04 9.999923e-01 5.898912e+00
9.999925e-01 1.818075e-05 3.875426e-03 2.384762e+00 -1.746901e-05 1.000000e+00 -1.836844e-04 -3.086315e-01 -3.875422e-03 1.836154e-04 9.999924e-01 5.948891e+00
9.999921e-01 -1.997220e-05 -3.964737e-03 2.476176e+00 2.049913e-05 1.000000e+00 1.328593e-04 -3.137404e-01 3.964742e-03 -1.329395e-04 9.999920e-01 5.959912e+00
9.999872e-01 -4.977613e-06 5.053135e-03 2.571329e+00 6.191729e-06 1.000000e+00 -2.402509e-04 -3.193678e-01 -5.053127e-03 2.402792e-04 9.999871e-01 5.995042e+00
9.999758e-01 5.646716e-05 -6.958670e-03 2.664727e+00 -5.453046e-05 1.000000e+00 2.785011e-04 -3.261562e-01 6.958693e-03 -2.781148e-04 9.999756e-01 6.067723e+00
9.999989e-01 4.149548e-05 1.515845e-03 2.742612e+00 -4.137854e-05 1.000000e+00 -7.716257e-05 -3.327226e-01 -1.515842e-03 7.709978e-05 9.999987e-01 6.143088e+00
9.999842e-01 2.651659e-05 -5.630054e-03 2.804401e+00 -2.534171e-05 1.000000e+00 2.087479e-04 -3.396578e-01 5.630066e-03 -2.086019e-04 9.999840e-01 6.243720e+00
9.999455e-01 3.612676e-04 -1.043095e-02 2.843325e+00 -3.574142e-04 9.999999e-01 3.712812e-04 -3.447733e-01 1.043109e-02 -3.675327e-04 9.999454e-01 6.308454e+00
9.996619e-01 6.147489e-04 -2.599249e-02 2.893056e+00 -5.896862e-04 9.999994e-01 9.718796e-04 -3.459131e-01 2.599307e-02 -9.562234e-04 9.996616e-01 6.251696e+00
9.996196e-01 7.963360e-04 -2.756911e-02 2.958057e+00 -7.641928e-04 9.999990e-01 1.176429e-03 -3.478516e-01 2.757002e-02 -1.154913e-03 9.996191e-01 6.241628e+00
9.997047e-01 5.701500e-04 -2.429232e-02 3.030872e+00 -5.488158e-04 9.999995e-01 8.848850e-04 -3.502957e-01 2.429280e-02 -8.712910e-04 9.997044e-01 6.253272e+00
9.991390e-01 1.140593e-03 -4.147329e-02 3.136375e+00 -1.066116e-03 9.999978e-01 1.817843e-03 -3.532651e-01 4.147526e-02 -1.772061e-03 9.991379e-01 6.287511e+00
9.993468e-01 8.917949e-04 -3.612586e-02 3.239241e+00 -8.423482e-04 9.999987e-01 1.383928e-03 -3.563495e-01 3.612702e-02 -1.352593e-03 9.993462e-01 6.355444e+00
9.989926e-01 1.304908e-03 -4.485675e-02 3.307188e+00 -1.225390e-03 9.999976e-01 1.800149e-03 -3.555138e-01 4.485896e-02 -1.743367e-03 9.989917e-01 6.309131e+00
9.992142e-01 1.025865e-03 -3.962156e-02 3.363520e+00 -9.689017e-04 9.999985e-01 1.456863e-03 -3.521095e-01 3.962295e-02 -1.417327e-03 9.992136e-01 6.170437e+00
9.990104e-01 1.291635e-03 -4.445873e-02 3.426173e+00 -1.213045e-03 9.999977e-01 1.794641e-03 -3.474410e-01 4.446090e-02 -1.738933e-03 9.990095e-01 5.974697e+00
9.986562e-01 1.312708e-03 -5.180773e-02 3.507433e+00 -1.207662e-03 9.999972e-01 2.058850e-03 -3.456066e-01 5.181023e-02 -1.993515e-03 9.986549e-01 5.892558e+00
9.988848e-01 1.292425e-03 -4.719558e-02 3.602325e+00 -1.198202e-03 9.999972e-01 2.024642e-03 -3.473151e-01 4.719801e-02 -1.965832e-03 9.988835e-01 5.950412e+00
9.989742e-01 1.174461e-03 -4.526757e-02 3.682571e+00 -1.097432e-03 9.999979e-01 1.726415e-03 -3.481734e-01 4.526943e-02 -1.674963e-03 9.989733e-01 5.977839e+00
9.995123e-01 9.091358e-04 -3.121473e-02 3.750713e+00 -8.688903e-04 9.999988e-01 1.302814e-03 -3.463857e-01 3.121580e-02 -1.275053e-03 9.995118e-01 5.873187e+00
9.992540e-01 1.023437e-03 -3.860484e-02 3.811636e+00 -9.706305e-04 9.999986e-01 1.386565e-03 -3.429003e-01 3.860612e-02 -1.348057e-03 9.992535e-01 5.694459e+00
9.997057e-01 7.036855e-04 -2.425017e-02 3.862988e+00 -6.780491e-04 9.999992e-01 1.065309e-03 -3.416128e-01 2.425081e-02 -1.048550e-03 9.997053e-01 5.587409e+00
9.998115e-01 4.822740e-04 -1.940754e-02 3.911424e+00 -4.692499e-04 9.999997e-01 6.755476e-04 -3.421272e-01 1.940777e-02 -6.663103e-04 9.998114e-01 5.509967e+00
9.999149e-01 4.181007e-04 -1.303488e-02 3.972499e+00 -4.114779e-04 9.999998e-01 5.106199e-04 -3.458061e-01 1.303500e-02 -5.052099e-04 9.999148e-01 5.558336e+00
9.992757e-01 9.771621e-04 -3.803947e-02 4.012294e+00 -9.223289e-04 9.999985e-01 1.458956e-03 -3.477307e-01 3.804075e-02 -1.422811e-03 9.992751e-01 5.573545e+00
9.999752e-01 2.594768e-04 -7.038268e-03 4.053843e+00 -2.575891e-04 9.999999e-01 2.688137e-04 -3.501081e-01 7.038246e-03 -2.669910e-04 9.999751e-01 5.595092e+00
9.992890e-01 9.634524e-04 -3.768892e-02 4.092689e+00 -9.090603e-04 9.999985e-01 1.460241e-03 -3.525615e-01 3.769017e-02 -1.424938e-03 9.992884e-01 5.616607e+00
9.999994e-01 9.978462e-05 -1.052201e-03 4.133147e+00 -9.975425e-05 1.000000e+00 2.678349e-05 -3.556351e-01 1.052109e-03 -2.667542e-05 9.999994e-01 5.652549e+00
9.994979e-01 8.004206e-04 -3.167497e-02 4.173630e+00 -7.612176e-04 9.999989e-01 1.249636e-03 -3.590713e-01 3.167584e-02 -1.224894e-03 9.994974e-01 5.683180e+00
9.999602e-01 -1.573350e-04 8.920786e-03 4.214886e+00 1.609975e-04 9.999999e-01 -4.095735e-04 -3.637859e-01 -8.920817e-03 4.109965e-04 9.999601e-01 5.757151e+00
9.990299e-01 1.130789e-03 -4.402227e-02 4.249243e+00 -1.054033e-03 9.999979e-01 1.766681e-03 -3.676157e-01 4.402408e-02 -1.718563e-03 9.990289e-01 5.818337e+00
9.990844e-01 -9.088705e-04 4.277171e-02 4.276315e+00 9.788680e-04 9.999982e-01 -1.615562e-03 -3.729819e-01 -4.277026e-02 1.655954e-03 9.990835e-01 5.901115e+00
9.998780e-01 4.394279e-04 -1.560857e-02 4.330011e+00 -4.276896e-04 9.999996e-01 7.552208e-04 -3.770322e-01 1.560880e-02 -7.484500e-04 9.998778e-01 6.008049e+00
9.991900e-01 -8.696794e-04 4.023160e-02 4.378764e+00 9.320992e-04 9.999984e-01 -1.532718e-03 -3.810454e-01 -4.023030e-02 1.568979e-03 9.991891e-01 6.104572e+00
9.998361e-01 4.959793e-04 -1.809755e-02 4.428885e+00 -4.814093e-04 9.999996e-01 8.093093e-04 -3.857077e-01 1.809785e-02 -8.004613e-04 9.998358e-01 6.217762e+00
9.989822e-01 -9.352550e-04 4.509564e-02 4.481292e+00 1.012147e-03 9.999981e-01 -1.682221e-03 -3.896443e-01 -4.509408e-02 1.726155e-03 9.989812e-01 6.322276e+00
9.998228e-01 4.841839e-04 -1.881685e-02 4.535401e+00 -4.683034e-04 9.999995e-01 8.482403e-04 -3.937234e-01 1.881716e-02 -8.392750e-04 9.998225e-01 6.425288e+00
9.991992e-01 -8.433573e-04 4.000284e-02 4.589321e+00 9.055589e-04 9.999984e-01 -1.536781e-03 -3.983936e-01 -4.000158e-02 1.571778e-03 9.991983e-01 6.533428e+00
9.996643e-01 6.418937e-04 -2.589823e-02 4.638360e+00 -6.148143e-04 9.999993e-01 1.053479e-03 -4.040453e-01 2.589879e-02 -1.037200e-03 9.996640e-01 6.657598e+00
9.992593e-01 -8.197369e-04 3.847335e-02 4.685460e+00 8.776604e-04 9.999985e-01 -1.488627e-03 -4.099111e-01 -3.847216e-02 1.521294e-03 9.992584e-01 6.786108e+00
9.995653e-01 7.288582e-04 -2.947380e-02 4.724167e+00 -6.950319e-04 9.999991e-01 1.157841e-03 -4.158496e-01 2.947452e-02 -1.136849e-03 9.995648e-01 6.913620e+00
9.989308e-01 -9.725694e-04 4.621942e-02 4.771929e+00 1.052062e-03 9.999980e-01 -1.695553e-03 -4.205851e-01 -4.621777e-02 1.742369e-03 9.989298e-01 7.008590e+00
9.994977e-01 7.563921e-04 -3.168161e-02 4.818204e+00 -7.177289e-04 9.999990e-01 1.231663e-03 -4.259375e-01 3.168242e-02 -1.208302e-03 9.994972e-01 7.120686e+00
9.991035e-01 -8.855282e-04 4.232474e-02 4.854758e+00 9.536739e-04 9.999983e-01 -1.589857e-03 -4.310406e-01 -4.232335e-02 1.628799e-03 9.991026e-01 7.218454e+00
9.993302e-01 8.353723e-04 -3.658390e-02 4.876355e+00 -7.844915e-04 9.999987e-01 1.405082e-03 -4.364143e-01 3.658494e-02 -1.375438e-03 9.993295e-01 7.317894e+00
9.996316e-01 -5.988355e-04 2.713405e-02 4.908765e+00 6.271901e-04 9.999993e-01 -1.036410e-03 -4.431601e-01 -2.713350e-02 1.053050e-03 9.996312e-01 7.437873e+00
9.993812e-01 7.801894e-04 -3.516353e-02 4.932888e+00 -7.322436e-04 9.999988e-01 1.376314e-03 -4.496655e-01 3.516447e-02 -1.349711e-03 9.993806e-01 7.544982e+00
9.996164e-01 -6.123315e-04 2.768878e-02 4.956103e+00 6.431545e-04 9.999992e-01 -1.104230e-03 -4.568498e-01 -2.768817e-02 1.121618e-03 9.996159e-01 7.688967e+00
9.992193e-01 9.186980e-04 -3.949645e-02 4.984055e+00 -8.575204e-04 9.999984e-01 1.565804e-03 -4.637161e-01 3.949774e-02 -1.530710e-03 9.992184e-01 7.822529e+00
9.997594e-01 -4.223794e-04 2.193164e-02 5.086984e+00 4.404307e-04 9.999996e-01 -8.181496e-04 -4.688506e-01 -2.193138e-02 8.276152e-04 9.997591e-01 7.856350e+00
9.993099e-01 8.436406e-04 -3.713399e-02 5.180822e+00 -7.885342e-04 9.999986e-01 1.498557e-03 -4.732517e-01 3.713511e-02 -1.468239e-03 9.993091e-01 7.850801e+00
9.995720e-01 -6.596943e-04 2.924646e-02 5.189737e+00 6.944831e-04 9.999991e-01 -1.179288e-03 -4.783720e-01 -2.924575e-02 1.199098e-03 9.995715e-01 7.911321e+00
9.991589e-01 9.497067e-04 -4.099458e-02 5.206379e+00 -8.827592e-04 9.999982e-01 1.651104e-03 -4.840522e-01 4.099599e-02 -1.613524e-03 9.991579e-01 7.992688e+00
9.994266e-01 -8.065625e-04 3.384881e-02 5.207520e+00 8.531679e-04 9.999987e-01 -1.362382e-03 -4.895231e-01 -3.384776e-02 1.390482e-03 9.994260e-01 8.071974e+00
9.993278e-01 8.437636e-04 -3.664822e-02 5.190787e+00 -7.908262e-04 9.999986e-01 1.458892e-03 -4.950851e-01 3.664931e-02 -1.428926e-03 9.993271e-01 8.184403e+00
9.994309e-01 -8.164106e-04 3.372132e-02 5.177146e+00 8.624172e-04 9.999987e-01 -1.349727e-03 -5.012030e-01 -3.372026e-02 1.378044e-03 9.994303e-01 8.322302e+00
9.993122e-01 8.518731e-04 -3.707130e-02 5.165822e+00 -7.974355e-04 9.999986e-01 1.483164e-03 -5.075612e-01 3.707242e-02 -1.452579e-03 9.993115e-01 8.464347e+00
9.993897e-01 -8.348917e-04 3.492040e-02 5.159525e+00 8.845200e-04 9.999986e-01 -1.405692e-03 -5.141332e-01 -3.491927e-02 1.435725e-03 9.993890e-01 8.618065e+00
9.992702e-01 8.799168e-04 -3.818619e-02 5.156233e+00 -8.217463e-04 9.999985e-01 1.538954e-03 -5.210346e-01 3.818739e-02 -1.506448e-03 9.992694e-01 8.773556e+00
9.993436e-01 -8.615936e-04 3.621432e-02 5.145214e+00 9.152576e-04 9.999985e-01 -1.465230e-03 -5.272021e-01 -3.621309e-02 1.497417e-03 9.993429e-01 8.916749e+00
9.992714e-01 8.811281e-04 -3.815656e-02 5.133179e+00 -8.229007e-04 9.999985e-01 1.541636e-03 -5.332221e-01 3.815777e-02 -1.509110e-03 9.992705e-01 9.054667e+00
9.993275e-01 -8.489767e-04 3.665847e-02 5.118193e+00 9.041940e-04 9.999985e-01 -1.489647e-03 -5.386511e-01 -3.665725e-02 1.521794e-03 9.993267e-01 9.168138e+00
9.992839e-01 8.812600e-04 -3.782674e-02 5.107558e+00 -8.243394e-04 9.999985e-01 1.520286e-03 -5.439084e-01 3.782793e-02 -1.488012e-03 9.992831e-01 9.268246e+00
9.992673e-01 -8.585391e-04 3.826396e-02 5.110279e+00 9.182068e-04 9.999984e-01 -1.541763e-03 -5.498535e-01 -3.826267e-02 1.575771e-03 9.992664e-01 9.391963e+00
9.993842e-01 8.471014e-04 -3.507667e-02 5.115305e+00 -7.979952e-04 9.999987e-01 1.413884e-03 -5.554944e-01 3.507773e-02 -1.385019e-03 9.993836e-01 9.517910e+00
9.992489e-01 -8.568213e-04 3.873937e-02 5.124732e+00 9.179883e-04 9.999984e-01 -1.561117e-03 -5.612266e-01 -3.873806e-02 1.595510e-03 9.992481e-01 9.645968e+00
9.996179e-01 7.445246e-04 -2.762894e-02 5.166598e+00 -7.130512e-04 9.999991e-01 1.148907e-03 -5.670165e-01 2.762967e-02 -1.128764e-03 9.996175e-01 9.773572e+00
9.991956e-01 -9.042047e-04 4.009002e-02 5.214097e+00 9.682725e-04 9.999983e-01 -1.578653e-03 -5.729275e-01 -4.008862e-02 1.616204e-03 9.991948e-01 9.904694e+00
9.994692e-01 8.558255e-04 -3.256637e-02 5.245839e+00 -8.143538e-04 9.999988e-01 1.286634e-03 -5.790309e-01 3.256734e-02 -1.259427e-03 9.994687e-01 1.004335e+01
9.992526e-01 -8.849637e-04 3.864373e-02 5.269879e+00 9.445714e-04 9.999984e-01 -1.524207e-03 -5.850518e-01 -3.864241e-02 1.559573e-03 9.992518e-01 1.017855e+01
9.995740e-01 8.066383e-04 -2.917271e-02 5.307647e+00 -7.730485e-04 9.999990e-01 1.162607e-03 -5.912291e-01 2.917353e-02 -1.139557e-03 9.995736e-01 1.032242e+01
9.989516e-01 -1.036012e-03 4.576560e-02 5.359838e+00 1.115800e-03 9.999979e-01 -1.717830e-03 -5.967259e-01 -4.576382e-02 1.767097e-03 9.989507e-01 1.045194e+01
9.993095e-01 9.831000e-04 -3.714087e-02 5.393128e+00 -9.313898e-04 9.999986e-01 1.409500e-03 -6.026812e-01 3.714211e-02 -1.373931e-03 9.993090e-01 1.058327e+01
9.988710e-01 -1.079311e-03 4.749104e-02 5.432710e+00 1.164557e-03 9.999978e-01 -1.767304e-03 -6.086247e-01 -4.748912e-02 1.820618e-03 9.988700e-01 1.071749e+01
9.993106e-01 9.912820e-04 -3.711085e-02 5.476474e+00 -9.401376e-04 9.999986e-01 1.395527e-03 -6.148319e-01 3.711209e-02 -1.359673e-03 9.993101e-01 1.086011e+01
9.987832e-01 -1.113899e-03 4.930416e-02 5.526934e+00 1.204760e-03 9.999976e-01 -1.813149e-03 -6.213341e-01 -4.930211e-02 1.870346e-03 9.987821e-01 1.101561e+01
9.992182e-01 1.039981e-03 -3.951912e-02 5.572942e+00 -9.829725e-04 9.999984e-01 1.461904e-03 -6.280591e-01 3.952049e-02 -1.421912e-03 9.992177e-01 1.117717e+01
9.985983e-01 -1.179702e-03 5.291576e-02 5.627563e+00 1.282894e-03 9.999973e-01 -1.916143e-03 -6.346020e-01 -5.291345e-02 1.981346e-03 9.985971e-01 1.133889e+01
9.994124e-01 9.420759e-04 -3.426341e-02 5.687616e+00 -8.985473e-04 9.999988e-01 1.285737e-03 -6.401549e-01 3.426449e-02 -1.254191e-03 9.994119e-01 1.147703e+01
9.989716e-01 -1.077571e-03 4.532615e-02 5.736906e+00 1.153553e-03 9.999980e-01 -1.650186e-03 -6.468140e-01 -4.532436e-02 1.700778e-03 9.989708e-01 1.163246e+01
9.992263e-01 1.053508e-03 -3.931365e-02 5.775971e+00 -9.985735e-04 9.999985e-01 1.416902e-03 -6.537052e-01 3.931500e-02 -1.376545e-03 9.992258e-01 1.179369e+01
9.988982e-01 -1.094896e-03 4.691697e-02 5.827909e+00 1.175820e-03 9.999979e-01 -1.697240e-03 -6.610256e-01 -4.691509e-02 1.750539e-03 9.988973e-01 1.196664e+01
9.992629e-01 1.039889e-03 -3.837354e-02 5.883032e+00 -9.879379e-04 9.999986e-01 1.372724e-03 -6.685739e-01 3.837482e-02 -1.333798e-03 9.992624e-01 1.215524e+01
9.983461e-01 -1.292733e-03 5.747537e-02 5.949092e+00 1.409623e-03 9.999970e-01 -1.993210e-03 -6.746099e-01 -5.747270e-02 2.070935e-03 9.983449e-01 1.231509e+01
9.992591e-01 1.034886e-03 -3.847361e-02 6.017878e+00 -9.827206e-04 9.999986e-01 1.374730e-03 -6.805410e-01 3.847489e-02 -1.335900e-03 9.992586e-01 1.246745e+01
9.985458e-01 -1.234059e-03 5.389472e-02 6.079936e+00 1.337150e-03 9.999973e-01 -1.876776e-03 -6.868380e-01 -5.389234e-02 1.946115e-03 9.985448e-01 1.262344e+01
9.991585e-01 1.095667e-03 -4.099989e-02 6.141064e+00 -1.037530e-03 9.999984e-01 1.439205e-03 -6.934899e-01 4.100132e-02 -1.395453e-03 9.991580e-01 1.278572e+01
9.988599e-01 -1.124414e-03 4.772403e-02 6.195788e+00 1.206309e-03 9.999978e-01 -1.687217e-03 -7.007477e-01 -4.772211e-02 1.742866e-03 9.988591e-01 1.295364e+01
9.992066e-01 1.086338e-03 -3.981072e-02 6.248374e+00 -1.032087e-03 9.999985e-01 1.383213e-03 -7.078303e-01 3.981209e-02 -1.341025e-03 9.992062e-01 1.311822e+01
9.987657e-01 -1.151340e-03 4.965499e-02 6.310087e+00 1.239302e-03 9.999977e-01 -1.740670e-03 -7.152981e-01 -4.965296e-02 1.800062e-03 9.987648e-01 1.330123e+01
9.994879e-01 9.211887e-04 -3.198423e-02 6.391695e+00 -8.860272e-04 9.999990e-01 1.113454e-03 -7.222243e-01 3.198514e-02 -1.084542e-03 9.994877e-01 1.348855e+01
9.986067e-01 -1.220316e-03 5.275452e-02 6.473635e+00 1.317441e-03 9.999975e-01 -1.806314e-03 -7.282621e-01 -5.275226e-02 1.873301e-03 9.986058e-01 1.364818e+01
9.993107e-01 1.032534e-03 -3.710961e-02 6.534016e+00 -9.857759e-04 9.999987e-01 1.278231e-03 -7.344292e-01 3.711080e-02 -1.240765e-03 9.993103e-01 1.379743e+01
9.987218e-01 -1.144103e-03 5.053051e-02 6.595678e+00 1.234712e-03 9.999977e-01 -1.761954e-03 -7.411556e-01 -5.052845e-02 1.822095e-03 9.987209e-01 1.396475e+01
9.992329e-01 1.060014e-03 -3.914720e-02 6.659976e+00 -1.008343e-03 9.999986e-01 1.339608e-03 -7.484376e-01 3.914848e-02 -1.299104e-03 9.992325e-01 1.414621e+01
9.988422e-01 -1.103004e-03 4.809435e-02 6.724492e+00 1.184796e-03 9.999979e-01 -1.672154e-03 -7.557052e-01 -4.809248e-02 1.727203e-03 9.988413e-01 1.431348e+01
9.991183e-01 1.083050e-03 -4.197040e-02 6.776229e+00 -1.023692e-03 9.999984e-01 1.435714e-03 -7.628634e-01 4.197182e-02 -1.391481e-03 9.991177e-01 1.447519e+01
9.987568e-01 -1.127627e-03 4.983551e-02 6.848556e+00 1.215305e-03 9.999978e-01 -1.729055e-03 -7.706889e-01 -4.983352e-02 1.787473e-03 9.987559e-01 1.466271e+01
9.992538e-01 1.037985e-03 -3.860999e-02 6.915706e+00 -9.883946e-04 9.999987e-01 1.303429e-03 -7.781180e-01 3.861121e-02 -1.264292e-03 9.992534e-01 1.485325e+01
9.988155e-01 -1.107970e-03 4.864424e-02 6.979834e+00 1.190690e-03 9.999979e-01 -1.671544e-03 -7.856021e-01 -4.864236e-02 1.727487e-03 9.988147e-01 1.503720e+01
9.990054e-01 1.131353e-03 -4.457358e-02 7.010465e+00 -1.065062e-03 9.999983e-01 1.510927e-03 -7.915108e-01 4.457514e-02 -1.461948e-03 9.990049e-01 1.515591e+01
9.988435e-01 -1.103281e-03 4.806602e-02 7.033517e+00 1.183350e-03 9.999980e-01 -1.637371e-03 -7.957821e-01 -4.806419e-02 1.692359e-03 9.988427e-01 1.519725e+01
9.989699e-01 1.132255e-03 -4.536294e-02 7.054251e+00 -1.063546e-03 9.999983e-01 1.538737e-03 -8.007495e-01 4.536453e-02 -1.488904e-03 9.989693e-01 1.527384e+01
9.988065e-01 -1.103552e-03 4.883011e-02 7.077935e+00 1.186437e-03 9.999979e-01 -1.668434e-03 -8.056497e-01 -4.882824e-02 1.724379e-03 9.988056e-01 1.534459e+01
9.990031e-01 1.128911e-03 -4.462592e-02 7.092406e+00 -1.062802e-03 9.999983e-01 1.505081e-03 -8.103414e-01 4.462747e-02 -1.456150e-03 9.990026e-01 1.541957e+01
9.989079e-01 -1.110717e-03 4.671010e-02 7.096097e+00 1.185531e-03 9.999981e-01 -1.573963e-03 -8.147700e-01 -4.670833e-02 1.627622e-03 9.989072e-01 1.548887e+01
9.990799e-01 1.123403e-03 -4.287227e-02 7.120493e+00 -1.063226e-03 9.999984e-01 1.426395e-03 -8.204543e-01 4.287374e-02 -1.379497e-03 9.990795e-01 1.559769e+01
9.988430e-01 -1.107944e-03 4.807807e-02 7.150476e+00 1.187423e-03 9.999980e-01 -1.624576e-03 -8.263070e-01 -4.807624e-02 1.679788e-03 9.988422e-01 1.571358e+01
9.990352e-01 1.121228e-03 -4.390086e-02 7.171804e+00 -1.057717e-03 9.999984e-01 1.469877e-03 -8.320744e-01 4.390237e-02 -1.422022e-03 9.990347e-01 1.583109e+01
9.988201e-01 -1.104644e-03 4.855078e-02 7.198252e+00 1.185448e-03 9.999980e-01 -1.635530e-03 -8.380691e-01 -4.854894e-02 1.691157e-03 9.988193e-01 1.595525e+01
9.989915e-01 1.119053e-03 -4.488552e-02 7.220287e+00 -1.052365e-03 9.999983e-01 1.509318e-03 -8.441602e-01 4.488706e-02 -1.460558e-03 9.989909e-01 1.608471e+01
9.986488e-01 -1.113350e-03 5.195434e-02 7.253699e+00 1.206758e-03 9.999977e-01 -1.766533e-03 -8.504905e-01 -5.195232e-02 1.826845e-03 9.986478e-01 1.622537e+01
9.989235e-01 1.150945e-03 -4.637235e-02 7.271969e+00 -1.079992e-03 9.999982e-01 1.555081e-03 -8.554961e-01 4.637399e-02 -1.503323e-03 9.989229e-01 1.631634e+01
9.987227e-01 -1.126003e-03 5.051378e-02 7.285645e+00 1.213233e-03 9.999978e-01 -1.696204e-03 -8.606821e-01 -5.051183e-02 1.755325e-03 9.987218e-01 1.641359e+01
9.989366e-01 1.160106e-03 -4.608960e-02 7.304076e+00 -1.090796e-03 9.999982e-01 1.528915e-03 -8.660809e-01 4.609122e-02 -1.477013e-03 9.989361e-01 1.651704e+01
9.984352e-01 -1.182339e-03 5.590747e-02 7.345784e+00 1.288848e-03 9.999974e-01 -1.869053e-03 -8.722917e-01 -5.590518e-02 1.938187e-03 9.984341e-01 1.665142e+01
9.986902e-01 1.204971e-03 -5.115002e-02 7.373500e+00 -1.118534e-03 9.999979e-01 1.718449e-03 -8.790507e-01 5.115191e-02 -1.658983e-03 9.986894e-01 1.680916e+01
9.986254e-01 -1.160935e-03 5.240138e-02 7.384134e+00 1.254272e-03 9.999977e-01 -1.748331e-03 -8.852540e-01 -5.239929e-02 1.811655e-03 9.986245e-01 1.695090e+01
9.987828e-01 1.189205e-03 -4.931039e-02 7.414189e+00 -1.109189e-03 9.999980e-01 1.650005e-03 -8.922631e-01 4.931218e-02 -1.593300e-03 9.987821e-01 1.711233e+01
9.986149e-01 -1.166698e-03 5.260192e-02 7.445024e+00 1.260673e-03 9.999977e-01 -1.753386e-03 -8.992106e-01 -5.259982e-02 1.817273e-03 9.986139e-01 1.727342e+01
9.987074e-01 1.196005e-03 -5.081504e-02 7.468904e+00 -1.110605e-03 9.999979e-01 1.708785e-03 -9.064890e-01 5.081691e-02 -1.650138e-03 9.987065e-01 1.745079e+01
9.986616e-01 -1.149555e-03 5.170791e-02 7.491571e+00 1.240765e-03 9.999977e-01 -1.731876e-03 -9.132732e-01 -5.170587e-02 1.793718e-03 9.986607e-01 1.760418e+01
9.987390e-01 1.190949e-03 -5.019029e-02 7.509279e+00 -1.107608e-03 9.999980e-01 1.688250e-03 -9.197007e-01 5.019214e-02 -1.630527e-03 9.987382e-01 1.774890e+01
9.985990e-01 -1.153097e-03 5.290295e-02 7.531489e+00 1.248636e-03 9.999976e-01 -1.772881e-03 -9.261090e-01 -5.290085e-02 1.836456e-03 9.985980e-01 1.789137e+01
9.987369e-01 1.181666e-03 -5.023165e-02 7.554732e+00 -1.097990e-03 9.999980e-01 1.693363e-03 -9.327848e-01 5.023348e-02 -1.636068e-03 9.987361e-01 1.804577e+01
9.982153e-01 -1.177898e-03 5.970575e-02 7.595445e+00 1.301410e-03 9.999971e-01 -2.029812e-03 -9.393289e-01 -5.970325e-02 2.103894e-03 9.982139e-01 1.819810e+01
9.988507e-01 1.110021e-03 -4.791612e-02 7.643137e+00 -1.033101e-03 9.999981e-01 1.630041e-03 -9.459121e-01 4.791778e-02 -1.578663e-03 9.988499e-01 1.835541e+01
9.983179e-01 -1.126506e-03 5.796668e-02 7.686933e+00 1.243910e-03 9.999972e-01 -1.989312e-03 -9.524014e-01 -5.796434e-02 2.058073e-03 9.983164e-01 1.850625e+01
9.989613e-01 1.043164e-03 -4.555427e-02 7.732445e+00 -9.728489e-04 9.999983e-01 1.565670e-03 -9.584685e-01 4.555577e-02 -1.519724e-03 9.989606e-01 1.864437e+01
9.981071e-01 -1.167094e-03 6.148765e-02 7.777807e+00 1.298894e-03 9.999969e-01 -2.103586e-03 -9.639059e-01 -6.148507e-02 2.179472e-03 9.981055e-01 1.877124e+01
9.988974e-01 1.044695e-03 -4.693533e-02 7.823259e+00 -9.693353e-04 9.999982e-01 1.628328e-03 -9.700246e-01 4.693688e-02 -1.581034e-03 9.988965e-01 1.891902e+01
9.983413e-01 -1.063210e-03 5.756300e-02 7.869454e+00 1.181293e-03 9.999973e-01 -2.017365e-03 -9.768415e-01 -5.756075e-02 2.082019e-03 9.983397e-01 1.908418e+01
9.990967e-01 9.356716e-04 -4.248476e-02 7.922417e+00 -8.731906e-04 9.999985e-01 1.489189e-03 -9.831240e-01 4.248604e-02 -1.450745e-03 9.990959e-01 1.924168e+01
9.983296e-01 -1.067882e-03 5.776524e-02 7.971486e+00 1.186316e-03 9.999973e-01 -2.015988e-03 -9.892064e-01 -5.776299e-02 2.081151e-03 9.983281e-01 1.939278e+01
9.991248e-01 9.171404e-04 -4.181775e-02 8.021003e+00 -8.565860e-04 9.999986e-01 1.465939e-03 -9.952325e-01 4.181898e-02 -1.428834e-03 9.991241e-01 1.954362e+01
9.980767e-01 -1.147765e-03 6.198103e-02 8.077898e+00 1.282562e-03 9.999969e-01 -2.135052e-03 -1.000891e+00 -6.197844e-02 2.210442e-03 9.980750e-01 1.969392e+01
9.990978e-01 9.269586e-04 -4.245795e-02 8.137437e+00 -8.649812e-04 9.999985e-01 1.478074e-03 -1.006777e+00 4.245920e-02 -1.440014e-03 9.990971e-01 1.985129e+01
9.980322e-01 -1.149314e-03 6.269217e-02 8.196178e+00 1.286918e-03 9.999969e-01 -2.154561e-03 -1.012288e+00 -6.268954e-02 2.231003e-03 9.980305e-01 1.999565e+01
9.991213e-01 8.901108e-04 -4.190330e-02 8.255678e+00 -8.289166e-04 9.999986e-01 1.477711e-03 -1.017661e+00 4.190451e-02 -1.441677e-03 9.991205e-01 2.013383e+01
9.980310e-01 -1.134658e-03 6.271257e-02 8.313815e+00 1.272981e-03 9.999968e-01 -2.165751e-03 -1.022917e+00 -6.270996e-02 2.241320e-03 9.980292e-01 2.026979e+01
9.987971e-01 1.046921e-03 -4.902261e-02 8.364922e+00 -9.648087e-04 9.999981e-01 1.698619e-03 -1.029190e+00 4.902425e-02 -1.649276e-03 9.987961e-01 2.042036e+01
9.979656e-01 -1.157708e-03 6.374400e-02 8.416697e+00 1.299916e-03 9.999968e-01 -2.189492e-03 -1.035378e+00 -6.374131e-02 2.267902e-03 9.979638e-01 2.057165e+01
9.986420e-01 1.111343e-03 -5.208474e-02 8.467689e+00 -1.019667e-03 9.999979e-01 1.786655e-03 -1.042190e+00 5.208657e-02 -1.731119e-03 9.986410e-01 2.073840e+01
9.981079e-01 -1.108024e-03 6.147611e-02 8.515982e+00 1.241023e-03 9.999970e-01 -2.125271e-03 -1.049440e+00 -6.147361e-02 2.197545e-03 9.981062e-01 2.091755e+01
9.989466e-01 9.767498e-04 -4.587744e-02 8.572265e+00 -9.051419e-04 9.999983e-01 1.581594e-03 -1.055782e+00 4.587887e-02 -1.538401e-03 9.989457e-01 2.108012e+01
9.980786e-01 -1.103331e-03 6.195041e-02 8.634384e+00 1.238913e-03 9.999969e-01 -2.150171e-03 -1.062555e+00 -6.194789e-02 2.222792e-03 9.980768e-01 2.126228e+01
9.987274e-01 1.055577e-03 -5.042210e-02 8.711495e+00 -9.696283e-04 9.999980e-01 1.729011e-03 -1.070279e+00 5.042378e-02 -1.677918e-03 9.987264e-01 2.145657e+01
9.979061e-01 -1.133174e-03 6.466982e-02 8.787253e+00 1.280483e-03 9.999967e-01 -2.236466e-03 -1.077113e+00 -6.466711e-02 2.314593e-03 9.979041e-01 2.162560e+01
9.985015e-01 1.124507e-03 -5.471273e-02 8.859531e+00 -1.023428e-03 9.999977e-01 1.875427e-03 -1.084823e+00 5.471468e-02 -1.816621e-03 9.985003e-01 2.181551e+01
9.973140e-01 -1.266125e-03 7.323415e-02 8.934084e+00 1.452510e-03 9.999958e-01 -2.491854e-03 -1.091233e+00 -7.323073e-02 2.591536e-03 9.973116e-01 2.198536e+01
9.987920e-01 9.811678e-04 -4.912851e-02 9.011727e+00 -8.984332e-04 9.999981e-01 1.706095e-03 -1.096987e+00 4.913006e-02 -1.659894e-03 9.987909e-01 2.214840e+01
9.978272e-01 -1.150972e-03 6.587454e-02 9.100080e+00 1.303331e-03 9.999966e-01 -2.269940e-03 -1.104150e+00 -6.587173e-02 2.350865e-03 9.978252e-01 2.233430e+01
9.987911e-01 1.017897e-03 -4.914571e-02 9.182921e+00 -9.367029e-04 9.999982e-01 1.675101e-03 -1.111071e+00 4.914730e-02 -1.627040e-03 9.987901e-01 2.251650e+01
9.973430e-01 -1.289250e-03 7.283710e-02 9.272185e+00 1.471724e-03 9.999959e-01 -2.451616e-03 -1.116961e+00 -7.283367e-02 2.552300e-03 9.973407e-01 2.267625e+01
9.987680e-01 1.023610e-03 -4.961347e-02 9.362140e+00 -9.410580e-04 9.999981e-01 1.687235e-03 -1.122925e+00 4.961508e-02 -1.638466e-03 9.987670e-01 2.283781e+01
9.975514e-01 -1.239702e-03 6.992551e-02 9.450331e+00 1.408409e-03 9.999962e-01 -2.363418e-03 -1.129717e+00 -6.992234e-02 2.456116e-03 9.975493e-01 2.302472e+01
9.991507e-01 8.444427e-04 -4.119680e-02 9.542997e+00 -7.866864e-04 9.999987e-01 1.418150e-03 -1.135001e+00 4.119792e-02 -1.384536e-03 9.991499e-01 2.318196e+01
9.973088e-01 -1.293047e-03 7.330349e-02 9.643660e+00 1.477784e-03 9.999959e-01 -2.465987e-03 -1.140094e+00 -7.330002e-02 2.567678e-03 9.973065e-01 2.334270e+01
9.990475e-01 8.739988e-04 -4.362666e-02 9.745364e+00 -8.087285e-04 9.999985e-01 1.513737e-03 -1.145701e+00 4.362791e-02 -1.477012e-03 9.990467e-01 2.351006e+01
9.979962e-01 -1.108946e-03 6.326459e-02 9.846742e+00 1.249270e-03 9.999968e-01 -2.178531e-03 -1.152024e+00 -6.326199e-02 2.253201e-03 9.979943e-01 2.366437e+01
9.989846e-01 9.160348e-04 -4.504467e-02 9.946124e+00 -8.474329e-04 9.999985e-01 1.542047e-03 -1.158388e+00 4.504600e-02 -1.502309e-03 9.989837e-01 2.381672e+01
9.981813e-01 -1.035503e-03 6.027456e-02 1.003833e+01 1.164098e-03 9.999971e-01 -2.098407e-03 -1.165577e+00 -6.027222e-02 2.164756e-03 9.981795e-01 2.399835e+01
9.991486e-01 7.924407e-04 -4.124800e-02 1.013404e+01 -7.332284e-04 9.999987e-01 1.450627e-03 -1.171969e+00 4.124909e-02 -1.419148e-03 9.991478e-01 2.415701e+01
9.976877e-01 -1.169777e-03 6.795570e-02 1.022469e+01 1.330407e-03 9.999964e-01 -2.318525e-03 -1.177096e+00 -6.795275e-02 2.403573e-03 9.976855e-01 2.429777e+01
9.992192e-01 7.449612e-04 -3.950121e-02 1.032775e+01 -6.901735e-04 9.999988e-01 1.400606e-03 -1.182113e+00 3.950220e-02 -1.372250e-03 9.992184e-01 2.443593e+01
9.980740e-01 -1.074204e-03 6.202480e-02 1.046493e+01 1.209872e-03 9.999970e-01 -2.149806e-03 -1.188114e+00 -6.202230e-02 2.220708e-03 9.980722e-01 2.457462e+01
9.990152e-01 8.550275e-04 -4.436002e-02 1.061552e+01 -7.876796e-04 9.999985e-01 1.535668e-03 -1.195230e+00 4.436127e-02 -1.499215e-03 9.990143e-01 2.473524e+01
9.983805e-01 -9.230473e-04 5.688186e-02 1.073248e+01 1.039585e-03 9.999974e-01 -2.019213e-03 -1.201599e+00 -5.687984e-02 2.075076e-03 9.983788e-01 2.485302e+01
9.990854e-01 7.634231e-04 -4.275147e-02 1.083932e+01 -6.983835e-04 9.999986e-01 1.536255e-03 -1.207100e+00 4.275259e-02 -1.504993e-03 9.990845e-01 2.493455e+01
9.986421e-01 -8.089818e-04 5.208935e-02 1.093777e+01 9.086810e-04 9.999978e-01 -1.890349e-03 -1.212782e+00 -5.208770e-02 1.935115e-03 9.986405e-01 2.500551e+01
9.992427e-01 6.935563e-04 -3.890351e-02 1.103844e+01 -6.398023e-04 9.999988e-01 1.394157e-03 -1.218742e+00 3.890444e-02 -1.368211e-03 9.992419e-01 2.511310e+01
9.981843e-01 -9.857386e-04 6.022592e-02 1.113168e+01 1.114679e-03 9.999972e-01 -2.107391e-03 -1.223819e+00 -6.022366e-02 2.170697e-03 9.981824e-01 2.522422e+01
9.990606e-01 7.679609e-04 -4.332730e-02 1.124081e+01 -7.016293e-04 9.999986e-01 1.546125e-03 -1.229389e+00 4.332844e-02 -1.514274e-03 9.990596e-01 2.532604e+01
9.980540e-01 -9.740664e-04 6.234798e-02 1.135741e+01 1.114297e-03 9.999969e-01 -2.214421e-03 -1.234965e+00 -6.234561e-02 2.279586e-03 9.980519e-01 2.544211e+01
9.993686e-01 5.787991e-04 -3.552481e-02 1.144552e+01 -5.317982e-04 9.999990e-01 1.332476e-03 -1.240067e+00 3.552556e-02 -1.312743e-03 9.993678e-01 2.558359e+01
9.986676e-01 -7.713028e-04 5.159866e-02 1.154031e+01 8.712267e-04 9.999978e-01 -1.914095e-03 -1.246963e+00 -5.159705e-02 1.956498e-03 9.986660e-01 2.575306e+01
9.993629e-01 5.865688e-04 -3.568557e-02 1.164977e+01 -5.395756e-04 9.999990e-01 1.326481e-03 -1.253950e+00 3.568633e-02 -1.306382e-03 9.993621e-01 2.592020e+01
9.988424e-01 -7.222175e-04 4.809710e-02 1.173485e+01 8.087599e-04 9.999981e-01 -1.779889e-03 -1.260961e+00 -4.809570e-02 1.816727e-03 9.988410e-01 2.607974e+01
9.990677e-01 7.186492e-04 -4.316524e-02 1.181604e+01 -6.518647e-04 9.999986e-01 1.561234e-03 -1.268722e+00 4.316632e-02 -1.531642e-03 9.990666e-01 2.623983e+01
9.988582e-01 -7.103506e-04 4.776847e-02 1.190454e+01 7.961372e-04 9.999981e-01 -1.776880e-03 -1.276414e+00 -4.776710e-02 1.812880e-03 9.988568e-01 2.639132e+01
9.991894e-01 6.757334e-04 -4.025000e-02 1.199251e+01 -6.174172e-04 9.999987e-01 1.461259e-03 -1.283629e+00 4.025096e-02 -1.435225e-03 9.991885e-01 2.653796e+01
9.987414e-01 -7.730296e-04 5.015008e-02 1.211873e+01 8.648617e-04 9.999980e-01 -1.809468e-03 -1.290657e+00 -5.014856e-02 1.850563e-03 9.987400e-01 2.665993e+01
9.990371e-01 7.316975e-04 -4.386722e-02 1.223638e+01 -6.637687e-04 9.999986e-01 1.563051e-03 -1.298501e+00 4.386833e-02 -1.532429e-03 9.990360e-01 2.681500e+01
9.988286e-01 -7.438611e-04 4.838237e-02 1.232378e+01 8.297432e-04 9.999981e-01 -1.755007e-03 -1.306909e+00 -4.838095e-02 1.793095e-03 9.988272e-01 2.700505e+01
9.989721e-01 7.831524e-04 -4.532293e-02 1.242689e+01 -7.109746e-04 9.999985e-01 1.608617e-03 -1.314087e+00 4.532414e-02 -1.574741e-03 9.989710e-01 2.711540e+01
9.989648e-01 -6.880794e-04 4.548416e-02 1.252891e+01 7.630124e-04 9.999984e-01 -1.630108e-03 -1.320983e+00 -4.548294e-02 1.663124e-03 9.989636e-01 2.720173e+01
9.990019e-01 7.425836e-04 -4.466239e-02 1.264754e+01 -6.731451e-04 9.999985e-01 1.569756e-03 -1.326675e+00 4.466351e-02 -1.538126e-03 9.990008e-01 2.722710e+01
9.990716e-01 -6.532337e-04 4.307518e-02 1.282415e+01 7.182780e-04 9.999986e-01 -1.494556e-03 -1.329591e+00 -4.307412e-02 1.524107e-03 9.990706e-01 2.709158e+01
9.989938e-01 7.563914e-04 -4.484301e-02 1.300147e+01 -6.860955e-04 9.999985e-01 1.582965e-03 -1.331585e+00 4.484417e-02 -1.550606e-03 9.989927e-01 2.691212e+01
9.990951e-01 -6.200557e-04 4.252811e-02 1.318185e+01 6.826255e-04 9.999987e-01 -1.456748e-03 -1.333258e+00 -4.252713e-02 1.484460e-03 9.990941e-01 2.671991e+01
9.989842e-01 7.347022e-04 -4.505685e-02 1.336878e+01 -6.641096e-04 9.999985e-01 1.581690e-03 -1.334492e+00 4.505797e-02 -1.550161e-03 9.989831e-01 2.650295e+01
9.990803e-01 -5.786582e-04 4.287502e-02 1.356138e+01 6.414367e-04 9.999987e-01 -1.450476e-03 -1.336110e+00 -4.287410e-02 1.476642e-03 9.990793e-01 2.630366e+01
9.989681e-01 7.024619e-04 -4.541182e-02 1.374498e+01 -6.306307e-04 9.999985e-01 1.596075e-03 -1.339873e+00 4.541290e-02 -1.565791e-03 9.989670e-01 2.620901e+01
9.992445e-01 -4.443002e-04 3.886192e-02 1.395658e+01 4.920724e-04 9.999991e-01 -1.219722e-03 -1.343050e+00 -3.886133e-02 1.237922e-03 9.992437e-01 2.608080e+01
9.990626e-01 6.129709e-04 -4.328552e-02 1.410919e+01 -5.516242e-04 9.999988e-01 1.429182e-03 -1.347370e+00 4.328637e-02 -1.403966e-03 9.990616e-01 2.602342e+01
9.992089e-01 -4.513771e-04 3.976627e-02 1.422334e+01 5.022423e-04 9.999991e-01 -1.269119e-03 -1.352655e+00 -3.976563e-02 1.288087e-03 9.992081e-01 2.602516e+01
9.990657e-01 5.621182e-04 -4.321262e-02 1.429183e+01 -5.026839e-04 9.999989e-01 1.386242e-03 -1.358577e+00 4.321338e-02 -1.363226e-03 9.990648e-01 2.607938e+01
9.991177e-01 -4.852186e-04 4.199562e-02 1.441238e+01 5.426886e-04 9.999989e-01 -1.357085e-03 -1.363992e+00 -4.199490e-02 1.378677e-03 9.991168e-01 2.608447e+01
9.990582e-01 5.535063e-04 -4.338616e-02 1.461421e+01 -4.928536e-04 9.999989e-01 1.408654e-03 -1.366406e+00 4.338692e-02 -1.385945e-03 9.990573e-01 2.591338e+01
9.992019e-01 -4.113224e-04 3.994134e-02 1.488836e+01 4.592580e-04 9.999992e-01 -1.190980e-03 -1.364276e+00 -3.994079e-02 1.208372e-03 9.992012e-01 2.550483e+01
9.990217e-01 5.498216e-04 -4.421896e-02 1.519004e+01 -4.860743e-04 9.999988e-01 1.452363e-03 -1.361032e+00 4.421973e-02 -1.429449e-03 9.990207e-01 2.503276e+01
9.992016e-01 -3.761430e-04 3.995017e-02 1.550849e+01 4.230930e-04 9.999992e-01 -1.166763e-03 -1.357418e+00 -3.994968e-02 1.182734e-03 9.992009e-01 2.454041e+01
9.990356e-01 5.536518e-04 -4.390414e-02 1.580018e+01 -4.913941e-04 9.999989e-01 1.428815e-03 -1.356451e+00 4.390490e-02 -1.405863e-03 9.990346e-01 2.418549e+01
9.992258e-01 -4.228936e-04 3.934097e-02 1.612035e+01 4.675157e-04 9.999993e-01 -1.125045e-03 -1.354182e+00 -3.934045e-02 1.142566e-03 9.992251e-01 2.375475e+01
9.990739e-01 5.834069e-04 -4.302397e-02 1.644416e+01 -5.253128e-04 9.999989e-01 1.361563e-03 -1.349316e+00 4.302474e-02 -1.337702e-03 9.990730e-01 2.319656e+01
9.992556e-01 -3.987189e-04 3.857449e-02 1.676023e+01 4.398805e-04 9.999993e-01 -1.058584e-03 -1.346901e+00 -3.857403e-02 1.074764e-03 9.992551e-01 2.276550e+01
9.990173e-01 6.227457e-04 -4.431761e-02 1.710017e+01 -5.587369e-04 9.999988e-01 1.456690e-03 -1.345053e+00 4.431848e-02 -1.430497e-03 9.990163e-01 2.235915e+01
9.992695e-01 -3.801439e-04 3.821489e-02 1.741930e+01 4.200825e-04 9.999994e-01 -1.037081e-03 -1.344284e+00 -3.821446e-02 1.052376e-03 9.992689e-01 2.201126e+01
