9.999999e-01 -5.938556e-05 4.084942e-04 -4.977061e-02 5.938827e-05 1.000000e+00 -6.595787e-06 -1.504392e-02 -4.084938e-04 6.620524e-06 9.999998e-01 6.364771e-01
9.999989e-01 2.957471e-05 -1.505916e-03 -2.072261e-02 -2.945151e-05 1.000000e+00 8.182008e-05 -3.886795e-02 1.505919e-03 -8.177515e-05 9.999988e-01 1.515438e+00
9.999997e-01 -6.132541e-05 7.095942e-04 -4.507549e-03 6.135941e-05 1.000000e+00 -4.786481e-05 -5.652609e-02 -7.095914e-04 4.790883e-05 9.999996e-01 2.152270e+00
9.999462e-01 2.912442e-04 -1.037195e-02 6.458590e-02 -2.869682e-04 9.999999e-01 4.137472e-04 -7.071763e-02 1.037207e-02 -4.107480e-04 9.999460e-01 2.583814e+00
9.998874e-01 3.755283e-04 -1.500481e-02 1.160046e-01 -3.668683e-04 9.999998e-01 5.798946e-04 -8.217736e-02 1.500502e-02 -5.743239e-04 9.998872e-01 2.924741e+00
9.999998e-01 2.928785e-05 -6.507549e-04 6.648187e-02 -2.926771e-05 1.000000e+00 3.090907e-05 -9.000976e-02 6.507507e-04 -3.088934e-05 9.999997e-01 3.299780e+00
1.000000e+00 -6.461715e-05 -6.002158e-05 -6.722260e-03 6.461542e-05 1.000000e+00 -2.946968e-05 -9.377937e-02 6.001824e-05 2.946649e-05 9.999999e-01 3.515841e+00
1.000000e+00 1.957656e-05 -2.656043e-04 -3.088622e-02 -1.956248e-05 1.000000e+00 5.287048e-05 -1.113080e-01 2.656001e-04 -5.286460e-05 9.999999e-01 4.217216e+00
9.999513e-01 2.013614e-04 -9.864192e-03 -7.008507e-02 -1.978340e-04 9.999999e-01 3.585753e-04 -1.288560e-01 9.864257e-03 -3.566056e-04 9.999512e-01 4.920331e+00
9.999919e-01 1.442470e-04 -4.029882e-03 -1.675902e-01 -1.435785e-04 1.000000e+00 1.661756e-04 -1.381133e-01 4.029898e-03 -1.655948e-04 9.999918e-01 5.378501e+00
9.999974e-01 -1.380420e-04 2.269944e-03 -2.826340e-01 1.383499e-04 1.000000e+00 -1.354499e-04 -1.402392e-01 -2.269933e-03 1.357643e-04 9.999973e-01 5.581372e+00
9.999988e-01 7.801459e-05 -1.574412e-03 -3.672040e-01 -7.788563e-05 1.000000e+00 8.194354e-05 -1.415399e-01 1.574410e-03 -8.182004e-05 9.999987e-01 5.705646e+00
9.999997e-01 -1.084538e-04 7.278391e-04 -3.976632e-01 1.084868e-04 1.000000e+00 -4.518419e-05 -1.586876e-01 -7.278421e-04 4.526392e-05 9.999996e-01 6.401185e+00
9.999992e-01 6.243703e-05 -1.229323e-03 -4.548275e-01 -6.232672e-05 1.000000e+00 8.973343e-05 -1.782903e-01 1.229321e-03 -8.965596e-05 9.999991e-01 7.243451e+00
9.999644e-01 1.454588e-04 -8.430763e-03 -4.811748e-01 -1.429098e-04 9.999999e-01 3.029339e-04 -1.938414e-01 8.430798e-03 -3.017175e-04 9.999643e-01 7.841474e+00
9.999982e-01 1.071144e-04 -1.916164e-03 -3.314619e-01 -1.070104e-04 1.000000e+00 5.430517e-05 -1.971939e-01 1.916159e-03 -5.409916e-05 9.999981e-01 7.737040e+00
9.999989e-01 -6.584112e-05 -1.460323e-03 -3.010261e-01 6.589601e-05 1.000000e+00 3.749868e-05 -1.871840e-01 1.460310e-03 -3.759401e-05 9.999988e-01 7.263116e+00
9.998732e-01 4.846568e-04 -1.591987e-02 -1.726161e-01 -4.748838e-04 9.999997e-01 6.176562e-04 -1.839983e-01 1.592015e-02 -6.100169e-04 9.998730e-01 6.924749e+00
9.999671e-01 1.270044e-04 -8.115689e-03 -4.483424e-02 -1.245685e-04 9.999999e-01 3.006440e-04 -1.858099e-01 8.115713e-03 -2.996221e-04 9.999669e-01 6.779658e+00
9.998249e-01 5.828861e-04 -1.870259e-02 1.298350e-02 -5.693415e-04 9.999996e-01 7.295214e-04 -1.884753e-01 1.870299e-02 -7.187444e-04 9.998247e-01 6.769027e+00
9.999429e-01 -3.995102e-04 1.067675e-02 -8.281196e-02 4.044633e-04 9.999998e-01 -4.617384e-04 -1.811410e-01 -1.067658e-02 4.660315e-04 9.999428e-01 6.577510e+00
9.999269e-01 3.976397e-04 -1.208838e-02 -2.326267e-01 -3.919554e-04 9.999998e-01 4.725826e-04 -1.723538e-01 1.208855e-02 -4.678088e-04 9.999267e-01 6.384045e+00
9.999874e-01 -2.440276e-04 5.005965e-03 -3.932796e-01 2.452156e-04 9.999999e-01 -2.366796e-04 -1.654600e-01 -5.005926e-03 2.379053e-04 9.999873e-01 6.282140e+00
9.999103e-01 4.224242e-04 -1.338539e-02 -2.194715e-01 -4.154927e-04 9.999998e-01 5.206085e-04 -1.793596e-01 1.338559e-02 -5.149991e-04 9.999102e-01 6.521935e+00
9.999908e-01 -2.304624e-04 4.294014e-03 -1.163442e-03 2.313929e-04 9.999999e-01 -2.161657e-04 -1.875576e-01 -4.293984e-03 2.171585e-04 9.999907e-01 6.493498e+00
9.999487e-01 3.342977e-04 -1.012645e-02 3.844786e-02 -3.300931e-04 9.999999e-01 4.168626e-04 -2.043455e-01 1.012657e-02 -4.134973e-04 9.999485e-01 7.053786e+00
9.999537e-01 -3.777642e-04 9.618945e-03 4.670494e-02 3.813767e-04 9.999999e-01 -3.737099e-04 -2.250045e-01 -9.618824e-03 3.773622e-04 9.999536e-01 7.832623e+00
9.999482e-01 3.757478e-04 -1.017229e-02 4.339434e-01 -3.719420e-04 9.999999e-01 3.760035e-04 -2.447699e-01 1.017241e-02 -3.721993e-04 9.999481e-01 8.014910e+00
9.999478e-01 -4.262501e-04 1.021270e-02 3.706817e-01 4.304828e-04 9.999998e-01 -4.122512e-04 -2.296265e-01 -1.021254e-02 4.166272e-04 9.999477e-01 7.445911e+00
9.999568e-01 3.696367e-04 -9.283259e-03 -2.497628e-01 -3.665998e-04 9.999999e-01 3.288190e-04 -1.877296e-01 9.283359e-03 -3.254004e-04 9.999568e-01 6.542398e+00
9.999470e-01 -4.305004e-04 1.028645e-02 -9.410924e-01 4.347474e-04 9.999998e-01 -4.106314e-04 -1.366968e-01 -1.028629e-02 4.150828e-04 9.999469e-01 5.369377e+00
9.999522e-01 3.796972e-04 -9.770299e-03 -1.567774e+00 -3.762854e-04 9.999999e-01 3.510157e-04 -8.811171e-02 9.770410e-03 -3.473213e-04 9.999521e-01 4.207218e+00
9.999489e-01 -4.310268e-04 1.010364e-02 -1.907398e+00 4.351324e-04 9.999998e-01 -4.041354e-04 -5.873287e-02 -1.010349e-02 4.085124e-04 9.999488e-01 3.436652e+00
9.999448e-01 4.022434e-04 -1.050004e-02 -2.479092e+00 -3.982748e-04 9.999998e-01 3.800375e-04 -1.361735e-02 1.050017e-02 -3.758334e-04 9.999447e-01 2.333976e+00
9.999516e-01 -4.240780e-04 9.826571e-03 -3.065299e+00 4.279594e-04 9.999998e-01 -3.928823e-04 3.310436e-02 -9.826423e-03 3.970698e-04 9.999515e-01 1.185066e+00
9.999512e-01 3.779695e-04 -9.874302e-03 -3.584230e+00 -3.743764e-04 9.999999e-01 3.657209e-04 8.093832e-02 9.874418e-03 -3.620051e-04 9.999511e-01 -8.240223e-02
9.999495e-01 -4.255596e-04 1.004279e-02 -4.213823e+00 4.296256e-04 9.999998e-01 -4.027046e-04 1.354841e-01 -1.004264e-02 4.070001e-04 9.999494e-01 -1.474724e+00
9.999487e-01 3.896399e-04 -1.012369e-02 -4.823717e+00 -3.859637e-04 9.999999e-01 3.650663e-04 1.825057e-01 1.012381e-02 -3.611390e-04 9.999486e-01 -2.599905e+00
9.999522e-01 -4.133506e-04 9.771156e-03 -5.400832e+00 4.172908e-04 9.999998e-01 -4.011964e-04 2.197912e-01 -9.771009e-03 4.052559e-04 9.999521e-01 -3.386493e+00
9.999530e-01 3.849771e-04 -9.689589e-03 -6.089099e+00 -3.816462e-04 9.999999e-01 3.455972e-04 2.560819e-01 9.689700e-03 -3.418818e-04 9.999529e-01 -3.976070e+00
9.999476e-01 -4.161445e-04 1.022993e-02 -6.837307e+00 4.204604e-04 9.999998e-01 -4.197273e-04 2.895154e-01 -1.022977e-02 4.240078e-04 9.999475e-01 -4.364415e+00
9.999546e-01 3.715895e-04 -9.516756e-03 -7.529811e+00 -3.683412e-04 9.999999e-01 3.430594e-04 3.200174e-01 9.516862e-03 -3.395373e-04 9.999546e-01 -4.696838e+00
9.999307e-01 -4.503116e-04 1.176212e-02 -8.204628e+00 4.556828e-04 9.999998e-01 -4.539641e-04 3.422662e-01 -1.176193e-02 4.592936e-04 9.999306e-01 -4.704664e+00
9.999720e-01 2.993407e-04 -7.471876e-03 -8.803741e+00 -2.972588e-04 9.999999e-01 2.797177e-04 3.602366e-01 7.471939e-03 -2.774877e-04 9.999719e-01 -4.630695e+00
9.999580e-01 -3.723161e-04 9.156932e-03 -9.484135e+00 3.758332e-04 9.999999e-01 -3.823596e-04 3.900347e-01 -9.156808e-03 3.857861e-04 9.999579e-01 -4.940520e+00
9.999644e-01 3.260100e-04 -8.433826e-03 -1.000692e+01 -3.232525e-04 9.999999e-01 3.283019e-04 4.005327e-01 8.433913e-03 -3.255628e-04 9.999643e-01 -4.686986e+00
9.999645e-01 -3.624473e-04 8.415111e-03 -1.046321e+01 3.656408e-04 9.999999e-01 -3.779367e-04 4.203836e-01 -8.414993e-03 3.810013e-04 9.999644e-01 -4.902765e+00
9.998714e-01 5.277283e-04 -1.602927e-02 -1.089025e+01 -5.177258e-04 9.999997e-01 6.281517e-04 4.502931e-01 1.602957e-02 -6.197710e-04 9.998712e-01 -5.581590e+00
9.999400e-01 -4.335652e-04 1.094835e-02 -1.130694e+01 4.387088e-04 9.999998e-01 -4.673984e-04 4.847592e-01 -1.094817e-02 4.721747e-04 9.999399e-01 -6.451056e+00
9.997082e-01 7.616428e-04 -2.414518e-02 -1.167213e+01 -7.385723e-04 9.999993e-01 9.643892e-04 5.144110e-01 2.414587e-02 -9.462736e-04 9.997079e-01 -7.182073e+00
9.999865e-01 -2.701976e-04 5.179419e-03 -1.193671e+01 2.714958e-04 9.999999e-01 -2.499101e-04 5.340912e-01 -5.179376e-03 2.513141e-04 9.999865e-01 -7.649085e+00
9.995568e-01 9.198627e-04 -2.975567e-02 -1.209211e+01 -8.839459e-04 9.999989e-01 1.220186e-03 5.454327e-01 2.975673e-02 -1.193342e-03 9.995564e-01 -7.938199e+00
9.999281e-01 -4.459596e-04 1.198417e-02 -1.227311e+01 4.529344e-04 9.999997e-01 -5.792728e-04 5.540278e-01 -1.198394e-02 5.846606e-04 9.999279e-01 -8.081750e+00
9.993339e-01 1.092739e-03 -3.647812e-02 -1.246995e+01 -1.037545e-03 9.999983e-01 1.531951e-03 5.582945e-01 3.647970e-02 -1.493081e-03 9.993332e-01 -8.060171e+00
9.999174e-01 2.775379e-04 -1.285145e-02 -1.255862e+01 -2.722908e-04 9.999999e-01 4.100206e-04 5.576157e-01 1.285153e-02 -4.064858e-04 9.999172e-01 -7.940265e+00
9.992423e-01 1.146050e-03 -3.890399e-02 -1.262129e+01 -1.083191e-03 9.999981e-01 1.636770e-03 5.565675e-01 3.890575e-02 -1.593387e-03 9.992415e-01 -7.846776e+00
9.998796e-01 3.534305e-04 -1.551289e-02 -1.268137e+01 -3.456402e-04 9.999998e-01 5.048271e-04 5.555704e-01 1.551302e-02 -4.994025e-04 9.998794e-01 -7.758338e+00
9.993536e-01 1.046784e-03 -3.593503e-02 -1.277796e+01 -9.926348e-04 9.999983e-01 1.524648e-03 5.559844e-01 3.593652e-02 -1.487990e-03 9.993529e-01 -7.684587e+00
9.998086e-01 4.923185e-04 -1.955695e-02 -1.287846e+01 -4.794261e-04 9.999997e-01 6.638743e-04 5.553857e-01 1.955722e-02 -6.543689e-04 9.998084e-01 -7.551158e+00
9.994603e-01 9.480794e-04 -3.283444e-02 -1.296174e+01 -9.023701e-04 9.999986e-01 1.406882e-03 5.540183e-01 3.283567e-02 -1.376491e-03 9.994597e-01 -7.417797e+00
9.998127e-01 4.934792e-04 -1.934505e-02 -1.304159e+01 -4.809576e-04 9.999997e-01 6.518772e-04 5.524857e-01 1.934530e-02 -6.424485e-04 9.998126e-01 -7.280177e+00
9.992750e-01 1.084829e-03 -3.805645e-02 -1.308492e+01 -1.023745e-03 9.999982e-01 1.624522e-03 5.493668e-01 3.805807e-02 -1.584381e-03 9.992742e-01 -7.134191e+00
9.998806e-01 3.963546e-04 -1.544824e-02 -1.310640e+01 -3.889219e-04 9.999998e-01 4.840625e-04 5.469955e-01 1.544835e-02 -4.779938e-04 9.998805e-01 -7.042019e+00
9.992738e-01 1.075489e-03 -3.808687e-02 -1.314287e+01 -1.013895e-03 9.999981e-01 1.636451e-03 5.452538e-01 3.808849e-02 -1.596644e-03 9.992730e-01 -6.955233e+00
9.998054e-01 5.305765e-04 -1.971863e-02 -1.321036e+01 -5.177962e-04 9.999997e-01 6.531640e-04 5.428021e-01 1.971889e-02 -6.428238e-04 9.998053e-01 -6.796896e+00
9.993845e-01 9.883034e-04 -3.506576e-02 -1.327083e+01 -9.357300e-04 9.999984e-01 1.515618e-03 5.398833e-01 3.506712e-02 -1.481870e-03 9.993838e-01 -6.626152e+00
9.998366e-01 4.869583e-04 -1.806833e-02 -1.331806e+01 -4.764463e-04 9.999997e-01 5.860013e-04 5.375230e-01 1.806853e-02 -5.772940e-04 9.998365e-01 -6.497318e+00
9.994632e-01 9.062940e-04 -3.274775e-02 -1.333210e+01 -8.604980e-04 9.999986e-01 1.412464e-03 5.367279e-01 3.274890e-02 -1.383523e-03 9.994626e-01 -6.473181e+00
9.999426e-01 2.894165e-04 -1.070582e-02 -1.335214e+01 -2.863875e-04 9.999999e-01 2.842836e-04 5.373596e-01 1.070581e-02 -2.811982e-04 9.999426e-01 -6.497185e+00
9.996359e-01 7.173881e-04 -2.697181e-02 -1.331923e+01 -6.852826e-04 9.999990e-01 1.199489e-03 5.381581e-01 2.697256e-02 -1.180566e-03 9.996354e-01 -6.608942e+00
9.998802e-01 4.489876e-04 -1.546974e-02 -1.333366e+01 -4.419101e-04 9.999998e-01 4.607874e-04 5.374956e-01 1.546985e-02 -4.538929e-04 9.998802e-01 -6.592568e+00
9.998187e-01 4.964717e-04 -1.903182e-02 -1.338222e+01 -4.795838e-04 9.999995e-01 8.917908e-04 5.309473e-01 1.903216e-02 -8.824986e-04 9.998184e-01 -6.286369e+00
9.999555e-01 2.642650e-04 -9.421823e-03 -1.344460e+01 -2.621110e-04 9.999999e-01 2.296193e-04 5.240559e-01 9.421788e-03 -2.271364e-04 9.999555e-01 -5.968323e+00
9.998102e-01 5.153983e-04 -1.947201e-02 -1.350248e+01 -4.981545e-04 9.999995e-01 8.902904e-04 5.156173e-01 1.947236e-02 -8.804183e-04 9.998099e-01 -5.590023e+00
9.992801e-01 -8.923001e-04 3.792518e-02 -1.349024e+01 9.485847e-04 9.999985e-01 -1.466062e-03 5.002990e-01 -3.792391e-02 1.500985e-03 9.992794e-01 -5.010761e+00
9.999144e-01 3.975478e-04 -1.307804e-02 -1.351867e+01 -3.886185e-04 9.999997e-01 6.851338e-04 4.840850e-01 1.307822e-02 -6.799897e-04 9.999142e-01 -4.322063e+00
9.992096e-01 -9.295640e-04 3.973952e-02 -1.354066e+01 9.915227e-04 9.999983e-01 -1.539381e-03 4.714545e-01 -3.973812e-02 1.577571e-03 9.992088e-01 -3.794082e+00
9.999070e-01 4.221108e-04 -1.362733e-02 -1.350757e+01 -4.125526e-04 9.999997e-01 7.040552e-04 4.555517e-01 1.362753e-02 -6.983646e-04 9.999068e-01 -3.211989e+00
9.992493e-01 -9.229255e-04 3.872827e-02 -1.351264e+01 9.816867e-04 9.999984e-01 -1.498222e-03 4.404211e-01 -3.872692e-02 1.535119e-03 9.992486e-01 -2.606048e+00
9.998561e-01 4.905540e-04 -1.695658e-02 -1.352436e+01 -4.766978e-04 9.999995e-01 8.210727e-04 4.237805e-01 1.695688e-02 -8.128683e-04 9.998558e-01 -1.930203e+00
9.994809e-01 -8.089375e-04 3.220624e-02 -1.352564e+01 8.505627e-04 9.999988e-01 -1.278713e-03 4.042260e-01 -3.220526e-02 1.305446e-03 9.994804e-01 -1.160472e+00
9.998361e-01 5.226258e-04 -1.809696e-02 -1.353717e+01 -5.072044e-04 9.999995e-01 8.566291e-04 3.851666e-01 1.809731e-02 -8.473067e-04 9.998358e-01 -3.918619e-01
9.997108e-01 -6.426768e-04 2.403663e-02 -1.349117e+01 6.677811e-04 9.999992e-01 -1.036320e-03 3.650918e-01 -2.403603e-02 1.052074e-03 9.997105e-01 3.065264e-01
9.998595e-01 4.987028e-04 -1.675500e-02 -1.342591e+01 -4.852099e-04 9.999996e-01 8.092501e-04 3.455750e-01 1.675530e-02 -8.010036e-04 9.998592e-01 9.547166e-01
9.997540e-01 -6.204269e-04 2.216784e-02 -1.342447e+01 6.420783e-04 9.999993e-01 -9.695111e-04 3.281288e-01 -2.216731e-02 9.835093e-04 9.997537e-01 1.618002e+00
9.997431e-01 6.274065e-04 -2.265561e-02 -1.340382e+01 -6.046654e-04 9.999993e-01 1.010528e-03 3.107542e-01 2.265614e-02 -9.965658e-04 9.997427e-01 2.229373e+00
9.999515e-01 -3.099706e-04 9.840786e-03 -1.341425e+01 3.151106e-04 9.999998e-01 -5.205717e-04 2.962257e-01 -9.840712e-03 5.236506e-04 9.999514e-01 2.767281e+00
9.995331e-01 8.492062e-04 -3.054343e-02 -1.347042e+01 -8.086644e-04 9.999988e-01 1.339616e-03 2.820954e-01 3.054444e-02 -1.314288e-03 9.995325e-01 3.357105e+00
9.999874e-01 1.221032e-04 -5.020326e-03 -1.357561e+01 -1.217769e-04 1.000000e+00 6.489293e-05 2.744274e-01 5.020243e-03 -6.427758e-05 9.999873e-01 3.757855e+00
9.991762e-01 1.155351e-03 -4.056468e-02 -1.366734e+01 -1.085738e-03 9.999979e-01 1.738034e-03 2.705916e-01 4.056651e-02 -1.692556e-03 9.991753e-01 4.007906e+00
9.999989e-01 2.486832e-05 -1.457502e-03 -1.373733e+01 -2.498127e-05 1.000000e+00 -7.906089e-05 2.675234e-01 1.457406e-03 7.910041e-05 9.999989e-01 4.195019e+00
9.994108e-01 9.684476e-04 -3.430907e-02 -1.381394e+01 -9.182594e-04 9.999985e-01 1.478488e-03 2.618465e-01 3.431035e-02 -1.446109e-03 9.994101e-01 4.493194e+00
9.999557e-01 -2.809668e-04 9.405005e-03 -1.392501e+01 2.858399e-04 9.999998e-01 -5.165256e-04 2.564388e-01 -9.404954e-03 5.191943e-04 9.999556e-01 4.803442e+00
9.993697e-01 9.995053e-04 -3.548505e-02 -1.402587e+01 -9.453963e-04 9.999984e-01 1.541518e-03 2.469125e-01 3.548644e-02 -1.506996e-03 9.993690e-01 5.279540e+00
9.999503e-01 -2.895759e-04 9.957062e-03 -1.408393e+01 2.949293e-04 9.999998e-01 -5.359225e-04 2.358217e-01 -9.957002e-03 5.388357e-04 9.999502e-01 5.766304e+00
9.996833e-01 6.836315e-04 -2.515274e-02 -1.415462e+01 -6.557402e-04 9.999992e-01 1.117010e-03 2.203780e-01 2.515339e-02 -1.100159e-03 9.996829e-01 6.448556e+00
9.997704e-01 -6.047716e-04 2.141641e-02 -1.414278e+01 6.259237e-04 9.999993e-01 -9.808445e-04 2.053884e-01 -2.141590e-02 9.940276e-04 9.997701e-01 6.971321e+00
9.997725e-01 5.928295e-04 -2.132112e-02 -1.403898e+01 -5.722336e-04 9.999994e-01 9.719550e-04 1.895491e-01 2.132158e-02 -9.595300e-04 9.997721e-01 7.403067e+00
9.997605e-01 -6.263157e-04 2.187525e-02 -1.404952e+01 6.478297e-04 9.999993e-01 -9.762908e-04 1.737832e-01 -2.187472e-02 9.902316e-04 9.997602e-01 8.009610e+00
9.997614e-01 5.937353e-04 -2.183457e-02 -1.409427e+01 -5.719752e-04 9.999993e-01 1.002703e-03 1.565060e-01 2.183505e-02 -9.899722e-04 9.997610e-01 8.735869e+00
9.997579e-01 -6.349500e-04 2.199207e-02 -1.411818e+01 6.562560e-04 9.999993e-01 -9.614748e-04 1.353973e-01 -2.199154e-02 9.756777e-04 9.997576e-01 9.589545e+00
9.997613e-01 5.943327e-04 -2.183669e-02 -1.416131e+01 -5.724748e-04 9.999993e-01 1.007094e-03 1.142655e-01 2.183717e-02 -9.943493e-04 9.997610e-01 1.047627e+01
9.997092e-01 -6.564273e-04 2.410287e-02 -1.413185e+01 6.820281e-04 9.999992e-01 -1.053827e-03 9.416693e-02 -2.410226e-02 1.069963e-03 9.997089e-01 1.119960e+01
9.997286e-01 6.182814e-04 -2.328567e-02 -1.412288e+01 -5.938253e-04 9.999993e-01 1.057053e-03 7.510561e-02 2.328621e-02 -1.042935e-03 9.997282e-01 1.191246e+01
9.996969e-01 -6.715355e-04 2.460902e-02 -1.413669e+01 6.981987e-04 9.999992e-01 -1.074786e-03 5.745504e-02 -2.460838e-02 1.091646e-03 9.996965e-01 1.260424e+01
9.996977e-01 6.407110e-04 -2.457486e-02 -1.415525e+01 -6.134368e-04 9.999992e-01 1.117261e-03 3.741230e-02 2.457546e-02 -1.101845e-03 9.996973e-01 1.340355e+01
9.996843e-01 -6.893306e-04 2.511485e-02 -1.419374e+01 7.163554e-04 9.999992e-01 -1.066957e-03 1.392093e-02 -2.511419e-02 1.084615e-03 9.996839e-01 1.438260e+01
9.998125e-01 5.520938e-04 -1.935342e-02 -1.418959e+01 -5.344861e-04 9.999994e-01 9.148237e-04 -7.363953e-03 1.935382e-02 -9.043049e-04 9.998122e-01 1.520408e+01
9.997305e-01 -6.484140e-04 2.320335e-02 -1.418647e+01 6.720917e-04 9.999993e-01 -1.012542e-03 -2.724337e-02 -2.320278e-02 1.027867e-03 9.997302e-01 1.596606e+01
9.997740e-01 5.855832e-04 -2.124983e-02 -1.417530e+01 -5.643757e-04 9.999993e-01 1.003870e-03 -5.094714e-02 2.125031e-02 -9.916475e-04 9.997736e-01 1.687234e+01
9.997617e-01 -6.300809e-04 2.181882e-02 -1.413259e+01 6.514457e-04 9.999993e-01 -9.719713e-04 -7.486714e-02 -2.181829e-02 9.859568e-04 9.997614e-01 1.773423e+01
9.997723e-01 5.850342e-04 -2.132973e-02 -1.411092e+01 -5.636130e-04 9.999993e-01 1.010165e-03 -9.840642e-02 2.133021e-02 -9.979103e-04 9.997719e-01 1.861435e+01
9.997474e-01 -6.361766e-04 2.246467e-02 -1.408585e+01 6.594203e-04 9.999993e-01 -1.027164e-03 -1.170945e-01 -2.246410e-02 1.041721e-03 9.997470e-01 1.928470e+01
9.998782e-01 4.852695e-04 -1.559997e-02 -1.405852e+01 -4.724376e-04 9.999995e-01 8.260720e-04 -1.381176e-01 1.560026e-02 -8.185981e-04 9.998779e-01 2.005853e+01
9.998149e-01 -5.878459e-04 1.922841e-02 -1.405666e+01 6.053337e-04 9.999994e-01 -9.035268e-04 -1.603097e-01 -1.922797e-02 9.150024e-04 9.998146e-01 2.091921e+01
9.998512e-01 5.077400e-04 -1.724325e-02 -1.406591e+01 -4.923325e-04 9.999995e-01 8.976231e-04 -1.844608e-01 1.724360e-02 -8.889968e-04 9.998509e-01 2.187788e+01
9.998268e-01 -5.732359e-04 1.859848e-02 -1.406831e+01 5.900161e-04 9.999994e-01 -8.966191e-04 -2.063773e-01 -1.859805e-02 9.074405e-04 9.998266e-01 2.273076e+01
9.998686e-01 4.821365e-04 -1.620230e-02 -1.408298e+01 -4.679522e-04 9.999995e-01 8.790747e-04 -2.308524e-01 1.620262e-02 -8.713740e-04 9.998683e-01 2.371274e+01
9.998447e-01 -5.598704e-04 1.761438e-02 -1.412103e+01 5.755162e-04 9.999994e-01 -8.830338e-04 -2.512361e-01 -1.761397e-02 8.930373e-04 9.998444e-01 2.456203e+01
9.998706e-01 4.822330e-04 -1.607439e-02 -1.417150e+01 -4.682691e-04 9.999995e-01 8.722973e-04 -2.708278e-01 1.607471e-02 -8.646541e-04 9.998704e-01 2.539825e+01
9.997601e-01 -6.308535e-04 2.189441e-02 -1.417372e+01 6.535640e-04 9.999993e-01 -1.030013e-03 -2.914173e-01 -2.189384e-02 1.044079e-03 9.997597e-01 2.619937e+01
9.998923e-01 4.758024e-04 -1.466616e-02 -1.413858e+01 -4.637342e-04 9.999996e-01 8.260777e-04 -3.149694e-01 1.466645e-02 -8.191843e-04 9.998920e-01 2.706649e+01
9.998783e-01 -5.426997e-04 1.558698e-02 -1.415968e+01 5.556536e-04 9.999995e-01 -8.265889e-04 -3.340971e-01 -1.558662e-02 8.351526e-04 9.998781e-01 2.783357e+01
9.998805e-01 4.976045e-04 -1.544910e-02 -1.420219e+01 -4.845700e-04 9.999995e-01 8.472755e-04 -3.517107e-01 1.544942e-02 -8.396848e-04 9.998802e-01 2.857119e+01
9.998707e-01 -5.593443e-04 1.606743e-02 -1.422793e+01 5.725060e-04 9.999995e-01 -8.144006e-04 -3.742376e-01 -1.606706e-02 8.234974e-04 9.998705e-01 2.948877e+01
9.998900e-01 4.936789e-04 -1.482318e-02 -1.421344e+01 -4.814431e-04 9.999995e-01 8.288364e-04 -3.985322e-01 1.482349e-02 -8.216055e-04 9.998897e-01 3.041402e+01
9.998815e-01 -5.524217e-04 1.537990e-02 -1.422431e+01 5.647835e-04 9.999995e-01 -7.992603e-04 -4.206092e-01 -1.537955e-02 8.078553e-04 9.998813e-01 3.128741e+01
9.999121e-01 4.517912e-04 -1.324543e-02 -1.426405e+01 -4.418093e-04 9.999996e-01 7.563421e-04 -4.389116e-01 1.324567e-02 -7.504204e-04 9.999119e-01 3.205414e+01
9.998502e-01 -5.761800e-04 1.729936e-02 -1.424747e+01 5.914945e-04 9.999994e-01 -8.800069e-04 -4.556883e-01 -1.729894e-02 8.901109e-04 9.998499e-01 3.266971e+01
9.999224e-01 4.649127e-04 -1.244366e-02 -1.415622e+01 -4.557051e-04 9.999996e-01 7.425723e-04 -4.790537e-01 1.244390e-02 -7.368408e-04 9.999222e-01 3.343694e+01
9.999101e-01 -5.265201e-04 1.339915e-02 -1.405713e+01 5.362633e-04 9.999996e-01 -7.233754e-04 -5.058405e-01 -1.339886e-02 7.304992e-04 9.999099e-01 3.433157e+01
9.999719e-01 4.005485e-04 -7.481268e-03 -1.382415e+01 -3.964249e-04 9.999998e-01 5.523297e-04 -5.348253e-01 7.481391e-03 -5.493451e-04 9.999718e-01 3.512573e+01
9.997457e-01 -7.184502e-04 2.253667e-02 -1.373403e+01 7.414866e-04 9.999992e-01 -1.013722e-03 -5.590918e-01 -2.253602e-02 1.030178e-03 9.997454e-01 3.594051e+01
9.999732e-01 4.006167e-04 -7.301741e-03 -1.366020e+01 -3.966285e-04 9.999998e-01 5.472956e-04 -5.836376e-01 7.301864e-03 -5.443815e-04 9.999731e-01 3.679284e+01
9.997833e-01 -6.876629e-04 2.080276e-02 -1.356872e+01 7.079598e-04 9.999993e-01 -9.682108e-04 -6.061176e-01 -2.080218e-02 9.827319e-04 9.997831e-01 3.753310e+01
9.999688e-01 4.031228e-04 -7.883223e-03 -1.353772e+01 -3.986037e-04 9.999998e-01 5.745098e-04 -6.279559e-01 7.883358e-03 -5.713462e-04 9.999687e-01 3.834394e+01
9.997471e-01 -7.374390e-04 2.247313e-02 -1.353183e+01 7.607240e-04 9.999992e-01 -1.027486e-03 -6.457060e-01 -2.247244e-02 1.044325e-03 9.997469e-01 3.903764e+01
9.999517e-01 4.759736e-04 -9.809198e-03 -1.346538e+01 -4.696388e-04 9.999997e-01 6.478587e-04 -6.709115e-01 9.809409e-03 -6.432174e-04 9.999516e-01 3.992950e+01
9.998501e-01 -6.130359e-04 1.729905e-02 -1.323307e+01 6.280515e-04 9.999994e-01 -8.624399e-04 -7.018427e-01 -1.729860e-02 8.731787e-04 9.998499e-01 4.081412e+01
9.999604e-01 4.609007e-04 -8.884025e-03 -1.301024e+01 -4.555693e-04 9.999997e-01 6.018696e-04 -7.302147e-01 8.884207e-03 -5.977951e-04 9.999603e-01 4.160850e+01
9.998881e-01 -6.148202e-04 1.494619e-02 -1.298993e+01 6.262624e-04 9.999995e-01 -7.607378e-04 -7.545044e-01 -1.494581e-02 7.700163e-04 9.998879e-01 4.253136e+01
9.999572e-01 4.661941e-04 -9.240329e-03 -1.295649e+01 -4.606478e-04 9.999997e-01 6.021059e-04 -7.766002e-01 9.240514e-03 -5.978202e-04 9.999571e-01 4.333851e+01
9.998550e-01 -6.657765e-04 1.701661e-02 -1.292803e+01 6.802430e-04 9.999994e-01 -8.442239e-04 -7.940340e-01 -1.701613e-02 8.556803e-04 9.998548e-01 4.397498e+01
9.999838e-01 4.005509e-04 -5.681372e-03 -1.293347e+01 -3.976085e-04 9.999998e-01 5.186304e-04 -8.178817e-01 5.681487e-03 -5.163597e-04 9.999837e-01 4.492820e+01
9.999265e-01 -5.792391e-04 1.210368e-02 -1.297108e+01 5.873782e-04 9.999996e-01 -6.687136e-04 -8.436002e-01 -1.210338e-02 6.757773e-04 9.999265e-01 4.600774e+01
9.999807e-01 4.218125e-04 -6.199187e-03 -1.297158e+01 -4.185922e-04 9.999998e-01 5.204165e-04 -8.677888e-01 6.199313e-03 -5.178081e-04 9.999806e-01 4.696103e+01
9.999413e-01 -5.509532e-04 1.081667e-02 -1.297494e+01 5.578243e-04 9.999996e-01 -6.320178e-04 -8.907514e-01 -1.081641e-02 6.380180e-04 9.999412e-01 4.786689e+01
9.999592e-01 4.605026e-04 -9.020507e-03 -1.298261e+01 -4.546574e-04 9.999997e-01 6.497894e-04 -9.179535e-01 9.020712e-03 -6.456582e-04 9.999590e-01 4.895236e+01
9.999221e-01 -5.620946e-04 1.246847e-02 -1.295241e+01 5.710373e-04 9.999996e-01 -7.134928e-04 -9.427077e-01 -1.246816e-02 7.205606e-04 9.999219e-01 4.987396e+01
9.999489e-01 4.722153e-04 -1.009754e-02 -1.293566e+01 -4.651275e-04 9.999996e-01 7.040590e-04 -9.696562e-01 1.009778e-02 -6.993230e-04 9.999487e-01 5.091114e+01
9.999114e-01 -5.894798e-04 1.329530e-02 -1.301598e+01 5.995977e-04 9.999995e-01 -7.568673e-04 -9.907185e-01 -1.329494e-02 7.647755e-04 9.999113e-01 5.186498e+01
9.999343e-01 5.019496e-04 -1.145128e-02 -1.315597e+01 -4.932998e-04 9.999996e-01 7.579802e-04 -1.011884e+00 1.145157e-02 -7.522781e-04 9.999341e-01 5.291156e+01
9.998891e-01 -6.261805e-04 1.487609e-02 -1.336051e+01 6.387217e-04 9.999994e-01 -8.381565e-04 -1.023812e+00 -1.487565e-02 8.475687e-04 9.998889e-01 5.364850e+01
9.999347e-01 5.126745e-04 -1.141670e-02 -1.360002e+01 -5.041389e-04 9.999996e-01 7.503188e-04 -1.033436e+00 1.141699e-02 -7.445108e-04 9.999345e-01 5.433719e+01
9.998853e-01 -6.422713e-04 1.513315e-02 -1.388732e+01 6.555011e-04 9.999994e-01 -8.691289e-04 -1.035696e+00 -1.513267e-02 8.789524e-04 9.998850e-01 5.479037e+01
9.999283e-01 5.378806e-04 -1.196189e-02 -1.435234e+01 -5.289336e-04 9.999996e-01 7.509319e-04 -1.026310e+00 1.196220e-02 -7.445476e-04 9.999281e-01 5.501196e+01
9.998918e-01 -6.198929e-04 1.469550e-02 -1.480429e+01 6.323023e-04 9.999994e-01 -8.396527e-04 -1.021820e+00 -1.469507e-02 8.488573e-04 9.998916e-01 5.540269e+01
9.999315e-01 5.308618e-04 -1.169358e-02 -1.512846e+01 -5.223408e-04 9.999996e-01 7.315570e-04 -1.020049e+00 1.169388e-02 -7.253954e-04 9.999313e-01 5.572814e+01
9.998991e-01 -6.134769e-04 1.419329e-02 -1.564801e+01 6.255409e-04 9.999994e-01 -8.454004e-04 -1.003388e+00 -1.419285e-02 8.541970e-04 9.998988e-01 5.571947e+01
9.999144e-01 5.684166e-04 -1.307244e-02 -1.627614e+01 -5.583427e-04 9.999995e-01 7.740943e-04 -9.806876e-01 1.307279e-02 -7.667258e-04 9.999142e-01 5.561013e+01
9.998906e-01 -6.442837e-04 1.477632e-02 -1.676654e+01 6.569683e-04 9.999994e-01 -8.534533e-04 -9.611163e-01 -1.477585e-02 8.630710e-04 9.998904e-01 5.545374e+01
9.999391e-01 5.153537e-04 -1.102224e-02 -1.713176e+01 -5.074975e-04 9.999996e-01 7.153541e-04 -9.531770e-01 1.102252e-02 -7.097134e-04 9.999389e-01 5.560490e+01
9.998791e-01 -6.532229e-04 1.553363e-02 -1.745534e+01 6.666566e-04 9.999994e-01 -8.595149e-04 -9.536382e-01 -1.553315e-02 8.697700e-04 9.998789e-01 5.603327e+01
9.999057e-01 5.856639e-04 -1.371551e-02 -1.793562e+01 -5.750669e-04 9.999995e-01 7.764153e-04 -9.425904e-01 1.371587e-02 -7.684514e-04 9.999056e-01 5.620499e+01
9.998832e-01 -6.705612e-04 1.526517e-02 -1.827170e+01 6.834268e-04 9.999994e-01 -8.374637e-04 -9.235797e-01 -1.526469e-02 8.478020e-04 9.998831e-01 5.586936e+01
9.999610e-01 4.678144e-04 -8.816818e-03 -1.862032e+01 -4.624172e-04 9.999997e-01 6.139423e-04 -9.129951e-01 8.817014e-03 -6.098379e-04 9.999609e-01 5.590701e+01
9.998868e-01 -6.497645e-04 1.503321e-02 -1.893754e+01 6.621410e-04 9.999994e-01 -8.181686e-04 -9.128597e-01 -1.503276e-02 8.280335e-04 9.998866e-01 5.631217e+01
9.999893e-01 3.870506e-04 -4.606659e-03 -1.906225e+01 -3.846928e-04 9.999998e-01 5.122542e-04 -9.291681e-01 4.606769e-03 -5.104731e-04 9.999892e-01 5.712896e+01
9.997980e-01 -7.653172e-04 2.008526e-02 -1.927545e+01 7.856081e-04 9.999992e-01 -1.002262e-03 -9.350285e-01 -2.008456e-02 1.017842e-03 9.997977e-01 5.764570e+01
9.999580e-01 4.869804e-04 -9.153849e-03 -1.941503e+01 -4.809614e-04 9.999997e-01 6.595157e-04 -9.446087e-01 9.154080e-03 -6.550819e-04 9.999578e-01 5.821014e+01
9.998186e-01 -7.700334e-04 1.902970e-02 -1.967465e+01 7.890751e-04 9.999992e-01 -9.930295e-04 -9.307789e-01 -1.902901e-02 1.007869e-03 9.998183e-01 5.800039e+01
9.999689e-01 4.707611e-04 -7.871884e-03 -2.003340e+01 -4.659131e-04 9.999997e-01 6.174421e-04 -9.171099e-01 7.872086e-03 -6.137519e-04 9.999688e-01 5.793521e+01
9.998359e-01 -7.416536e-04 1.809714e-02 -2.034841e+01 7.590754e-04 9.999993e-01 -9.557188e-04 -9.119942e-01 -1.809650e-02 9.693026e-04 9.998357e-01 5.815155e+01
9.999729e-01 4.613544e-04 -7.338106e-03 -2.065498e+01 -4.569384e-04 9.999997e-01 6.031996e-04 -9.081300e-01 7.338297e-03 -5.998269e-04 9.999728e-01 5.840504e+01
9.998968e-01 -6.501301e-04 1.434975e-02 -2.076499e+01 6.616478e-04 9.999995e-01 -7.977693e-04 -9.249130e-01 -1.434931e-02 8.071849e-04 9.998966e-01 5.922060e+01
9.999642e-01 4.682750e-04 -8.443757e-03 -2.084895e+01 -4.629027e-04 9.999997e-01 6.379704e-04 -9.423379e-01 8.443969e-03 -6.340355e-04 9.999641e-01 6.002548e+01
9.998357e-01 -7.261341e-04 1.811058e-02 -2.102421e+01 7.430160e-04 9.999993e-01 -9.253372e-04 -9.535565e-01 -1.810998e-02 9.386450e-04 9.998355e-01 6.070417e+01
9.999929e-01 3.826833e-04 -3.752520e-03 -2.119657e+01 -3.808881e-04 9.999998e-01 4.786350e-04 -9.643233e-01 3.752619e-03 -4.771989e-04 9.999928e-01 6.136472e+01
9.997182e-01 -8.417431e-04 2.372308e-02 -2.139511e+01 8.684131e-04 9.999990e-01 -1.113864e-03 -9.701338e-01 -2.372220e-02 1.134155e-03 9.997179e-01 6.186730e+01
9.999855e-01 4.365424e-04 -5.354390e-03 -2.144294e+01 -4.336413e-04 9.999998e-01 5.426567e-04 -9.870762e-01 5.354545e-03 -5.403237e-04 9.999854e-01 6.261015e+01
9.997383e-01 -8.395965e-04 2.286178e-02 -2.158946e+01 8.645251e-04 9.999990e-01 -1.080469e-03 -9.997009e-01 -2.286093e-02 1.099954e-03 9.997380e-01 6.331524e+01
9.999805e-01 4.541836e-04 -6.227419e-03 -2.187516e+01 -4.507734e-04 9.999997e-01 5.487429e-04 -1.002375e+00 6.227589e-03 -5.459217e-04 9.999804e-01 6.380745e+01
9.996875e-01 -8.837194e-04 2.498282e-02 -2.210593e+01 9.127370e-04 9.999989e-01 -1.150054e-03 -1.003947e+00 -2.498185e-02 1.172501e-03 9.996871e-01 6.418141e+01
9.999341e-01 5.683685e-04 -1.146039e-02 -2.231491e+01 -5.600259e-04 9.999996e-01 7.310137e-04 -1.011660e+00 1.146072e-02 -7.245442e-04 9.999340e-01 6.476504e+01
9.997127e-01 -8.637279e-04 2.395217e-02 -2.249881e+01 8.905664e-04 9.999990e-01 -1.109796e-03 -1.021238e+00 -2.395127e-02 1.130811e-03 9.997124e-01 6.538707e+01
9.999736e-01 4.836481e-04 -7.242876e-03 -2.282516e+01 -4.796088e-04 9.999997e-01 5.592264e-04 -1.016293e+00 7.243070e-03 -5.557347e-04 9.999735e-01 6.562251e+01
9.997674e-01 -8.202346e-04 2.155021e-02 -2.308862e+01 8.422440e-04 9.999991e-01 -1.012184e-03 -1.019591e+00 -2.154944e-02 1.030103e-03 9.997672e-01 6.610101e+01
9.999773e-01 4.686826e-04 -6.713403e-03 -2.323587e+01 -4.651034e-04 9.999997e-01 5.344950e-04 -1.025062e+00 6.713579e-03 -5.313572e-04 9.999772e-01 6.651246e+01
9.997589e-01 -8.383081e-04 2.194150e-02 -2.349516e+01 8.609563e-04 9.999991e-01 -1.022718e-03 -1.023911e+00 -2.194069e-02 1.041365e-03 9.997586e-01 6.681534e+01
9.999900e-01 4.131637e-04 -4.454328e-03 -2.379139e+01 -4.111489e-04 9.999998e-01 4.529357e-04 -1.019025e+00 4.454444e-03 -4.510966e-04 9.999899e-01 6.702979e+01
9.998241e-01 -7.878815e-04 1.873785e-02 -2.424617e+01 8.053498e-04 9.999992e-01 -9.246490e-04 -1.001272e+00 -1.873718e-02 9.395801e-04 9.998239e-01 6.694391e+01
9.999989e-01 3.843414e-04 -1.430876e-03 -2.462425e+01 -3.838527e-04 9.999999e-01 3.409931e-04 -9.879044e-01 1.430939e-03 -3.404403e-04 9.999988e-01 6.691737e+01
9.998920e-01 -7.049293e-04 1.467728e-02 -2.491529e+01 7.166381e-04 9.999994e-01 -7.924131e-04 -9.770013e-01 -1.467678e-02 8.028489e-04 9.998919e-01 6.685649e+01
9.999989e-01 3.834146e-04 -1.423807e-03 -2.526391e+01 -3.829421e-04 9.999999e-01 3.313025e-04 -9.637811e-01 1.423867e-03 -3.307538e-04 9.999988e-01 6.678711e+01
9.998901e-01 -7.216394e-04 1.480744e-02 -2.572405e+01 7.333680e-04 9.999994e-01 -7.865766e-04 -9.461013e-01 -1.480693e-02 7.973525e-04 9.998900e-01 6.669530e+01
9.999986e-01 3.397680e-04 1.635077e-03 -2.617281e+01 -3.401312e-04 9.999999e-01 2.225718e-04 -9.242852e-01 -1.635065e-03 -2.231246e-04 9.999985e-01 6.641129e+01
9.997732e-01 -8.189434e-04 2.127967e-02 -2.632597e+01 8.404103e-04 9.999991e-01 -9.998210e-04 -9.131983e-01 -2.127889e-02 1.017481e-03 9.997730e-01 6.615577e+01
9.999989e-01 4.230780e-04 -1.414136e-03 -2.636542e+01 -4.226437e-04 9.999999e-01 3.066384e-04 -9.035395e-01 1.414205e-03 -3.060375e-04 9.999989e-01 6.580349e+01
9.998089e-01 -8.115721e-04 1.953231e-02 -2.668087e+01 8.298549e-04 9.999992e-01 -9.278889e-04 -8.868428e-01 -1.953160e-02 9.439235e-04 9.998087e-01 6.554088e+01
9.999975e-01 3.430432e-04 2.183692e-03 -2.700533e+01 -3.434632e-04 9.999999e-01 1.923937e-04 -8.769646e-01 -2.183683e-03 -1.931404e-04 9.999975e-01 6.558102e+01
9.998065e-01 -8.111909e-04 1.965281e-02 -2.724606e+01 8.296812e-04 9.999992e-01 -9.326672e-04 -8.668249e-01 -1.965209e-02 9.487952e-04 9.998063e-01 6.549210e+01
9.999682e-01 2.749002e-04 7.973408e-03 -2.725804e+01 -2.747444e-04 1.000000e+00 -2.052895e-05 -8.586954e-01 -7.973466e-03 1.834042e-05 9.999681e-01 6.517302e+01
9.997955e-01 -8.315655e-04 2.020705e-02 -2.725364e+01 8.506595e-04 9.999992e-01 -9.363014e-04 -8.488436e-01 -2.020630e-02 9.533019e-04 9.997953e-01 6.476970e+01
9.999594e-01 2.510786e-04 9.006715e-03 -2.734187e+01 -2.505190e-04 1.000000e+00 -6.317885e-05 -8.362621e-01 -9.006779e-03 6.092258e-05 9.999593e-01 6.438235e+01
9.997537e-01 -8.749810e-04 2.217479e-02 -2.739344e+01 8.970272e-04 9.999991e-01 -9.842454e-04 -8.266030e-01 -2.217396e-02 1.003897e-03 9.997535e-01 6.406012e+01
9.999538e-01 2.449562e-04 9.606623e-03 -2.747977e+01 -2.440080e-04 1.000000e+00 -9.981689e-05 -8.152088e-01 -9.606689e-03 9.747068e-05 9.999538e-01 6.371928e+01
9.997672e-01 -8.741591e-04 2.155832e-02 -2.757955e+01 8.947951e-04 9.999992e-01 -9.475619e-04 -8.033802e-01 -2.155751e-02 9.666340e-04 9.997670e-01 6.337754e+01
9.999758e-01 2.920061e-04 6.954809e-03 -2.771176e+01 -2.918759e-04 1.000000e+00 -1.967348e-05 -7.889210e-01 -6.954851e-03 1.764540e-05 9.999757e-01 6.297349e+01
9.998335e-01 -8.116602e-04 1.822971e-02 -2.771914e+01 8.269122e-04 9.999993e-01 -8.291057e-04 -7.779164e-01 -1.822906e-02 8.440443e-04 9.998334e-01 6.253498e+01
9.999730e-01 3.203542e-04 7.337914e-03 -2.758213e+01 -3.199608e-04 9.999999e-01 -5.472623e-05 -7.729814e-01 -7.337963e-03 5.237911e-05 9.999730e-01 6.215319e+01
9.998755e-01 -8.058665e-04 1.576139e-02 -2.755152e+01 8.174940e-04 9.999994e-01 -7.312688e-04 -7.621261e-01 -1.576082e-02 7.440647e-04 9.998754e-01 6.167449e+01
9.999525e-01 2.690719e-04 9.741498e-03 -2.757031e+01 -2.677200e-04 1.000000e+00 -1.400417e-04 -7.532803e-01 -9.741563e-03 1.374291e-04 9.999524e-01 6.133453e+01
9.998936e-01 -7.799470e-04 1.456301e-02 -2.749849e+01 7.899259e-04 9.999995e-01 -6.794584e-04 -7.468859e-01 -1.456249e-02 6.908918e-04 9.998936e-01 6.097045e+01
9.999468e-01 2.641196e-04 1.030971e-02 -2.742511e+01 -2.623520e-04 1.000000e+00 -1.727829e-04 -7.402015e-01 -1.030978e-02 1.700709e-04 9.999467e-01 6.059455e+01
9.999126e-01 -7.615173e-04 1.319853e-02 -2.735945e+01 7.697774e-04 9.999995e-01 -6.207475e-04 -7.347684e-01 -1.319807e-02 6.308550e-04 9.999126e-01 6.027219e+01
9.999604e-01 3.160459e-04 8.896841e-03 -2.712680e+01 -3.147703e-04 9.999999e-01 -1.447595e-04 -7.366856e-01 -8.896905e-03 1.419551e-04 9.999603e-01 6.002079e+01
9.998945e-01 -8.032180e-04 1.450589e-02 -2.698790e+01 8.127418e-04 9.999995e-01 -6.506573e-04 -7.340295e-01 -1.450538e-02 6.623799e-04 9.998945e-01 5.971508e+01
9.999814e-01 3.551128e-04 6.082190e-03 -2.691835e+01 -3.547818e-04 9.999999e-01 -5.546755e-05 -7.273510e-01 -6.082224e-03 5.331031e-05 9.999814e-01 5.933632e+01
9.998971e-01 -7.741387e-04 1.432114e-02 -2.670205e+01 7.833990e-04 9.999995e-01 -6.410156e-04 -7.276699e-01 -1.432065e-02 6.521704e-04 9.998971e-01 5.904325e+01
9.999508e-01 2.868810e-04 9.918288e-03 -2.656738e+01 -2.848996e-04 9.999999e-01 -2.011752e-04 -7.261923e-01 -9.918354e-03 1.983411e-04 9.999507e-01 5.879210e+01
9.998681e-01 -8.336845e-04 1.622197e-02 -2.653683e+01 8.447472e-04 9.999994e-01 -6.751158e-04 -7.235265e-01 -1.622141e-02 6.887316e-04 9.998681e-01 5.862373e+01
9.999999e-01 4.938753e-04 -1.750200e-04 -2.636561e+01 -4.938538e-04 9.999999e-01 1.225124e-04 -7.289632e-01 1.750751e-04 -1.224246e-04 9.999999e-01 5.857686e+01
9.998963e-01 -8.109971e-04 1.437915e-02 -2.617138e+01 8.198626e-04 9.999995e-01 -6.106647e-04 -7.306647e-01 -1.437865e-02 6.223916e-04 9.998963e-01 5.835400e+01
9.999969e-01 5.328747e-04 -2.437135e-03 -2.603739e+01 -5.324042e-04 9.999998e-01 1.936928e-04 -7.269222e-01 2.437235e-03 -1.923934e-04 9.999969e-01 5.799664e+01
9.998979e-01 -7.914031e-04 1.426905e-02 -2.579109e+01 8.001331e-04 9.999995e-01 -6.061171e-04 -7.304848e-01 -1.426856e-02 6.174736e-04 9.998979e-01 5.777849e+01
9.999912e-01 5.700573e-04 -4.144660e-03 -2.554214e+01 -5.690209e-04 9.999998e-01 2.512403e-04 -7.412183e-01 4.144802e-03 -2.488785e-04 9.999913e-01 5.782779e+01
9.998373e-01 -8.699340e-04 1.801582e-02 -2.540890e+01 8.831227e-04 9.999993e-01 -7.241178e-04 -7.454027e-01 -1.801518e-02 7.399113e-04 9.998373e-01 5.777797e+01
9.999998e-01 4.948531e-04 3.460675e-04 -2.524405e+01 -4.948843e-04 9.999999e-01 8.997111e-05 -7.477869e-01 -3.460202e-04 -9.014127e-05 9.999998e-01 5.762317e+01
9.999004e-01 -7.753362e-04 1.409357e-02 -2.490828e+01 7.838126e-04 9.999995e-01 -5.959230e-04 -7.589614e-01 -1.409310e-02 6.069114e-04 9.999004e-01 5.758546e+01
9.999923e-01 5.863009e-04 -3.882551e-03 -2.447063e+01 -5.854388e-04 9.999998e-01 2.231716e-04 -7.722750e-01 3.882687e-03 -2.208959e-04 9.999923e-01 5.748945e+01
9.999523e-01 -6.854666e-04 9.743964e-03 -2.399216e+01 6.899063e-04 9.999997e-01 -4.522757e-04 -7.847603e-01 -9.743645e-03 4.589776e-04 9.999523e-01 5.730754e+01
9.999006e-01 8.090351e-04 -1.407744e-02 -2.352756e+01 -8.007299e-04 9.999995e-01 5.955902e-04 -8.023983e-01 1.407792e-02 -5.842578e-04 9.999006e-01 5.730748e+01
9.999759e-01 -6.376648e-04 6.909966e-03 -2.292561e+01 6.400710e-04 9.999997e-01 -3.460225e-04 -8.233594e-01 -6.909739e-03 3.504380e-04 9.999760e-01 5.723983e+01
9.998024e-01 9.690756e-04 -1.985476e-02 -2.234968e+01 -9.527697e-04 9.999992e-01 8.307047e-04 -8.452790e-01 1.985555e-02 -8.116225e-04 9.998024e-01 5.724671e+01
9.999739e-01 -6.483479e-04 7.200390e-03 -2.170848e+01 6.509162e-04 9.999997e-01 -3.543564e-04 -8.685337e-01 -7.200156e-03 3.590351e-04 9.999739e-01 5.721288e+01
9.995887e-01 1.201197e-03 -2.865461e-02 -2.117421e+01 -1.167181e-03 9.999986e-01 1.203822e-03 -8.884104e-01 2.865602e-02 -1.169881e-03 9.995885e-01 5.720814e+01
9.998734e-01 -8.655181e-04 1.589065e-02 -2.064395e+01 8.772484e-04 9.999993e-01 -7.312340e-04 -9.078318e-01 -1.589000e-02 7.450826e-04 9.998734e-01 5.718504e+01
9.993751e-01 1.383966e-03 -3.531882e-02 -2.016766e+01 -1.331641e-03 9.999980e-01 1.504975e-03 -9.261198e-01 3.532083e-02 -1.457001e-03 9.993749e-01 5.719626e+01
9.998179e-01 -9.417560e-04 1.906123e-02 -1.965309e+01 9.585383e-04 9.999992e-01 -8.713212e-04 -9.477047e-01 -1.906040e-02 8.894348e-04 9.998178e-01 5.727531e+01
9.997486e-01 1.047365e-03 -2.239670e-02 -1.915733e+01 -1.025624e-03 9.999990e-01 9.821785e-04 -9.700489e-01 2.239770e-02 -9.589597e-04 9.997486e-01 5.740127e+01
9.997923e-01 -9.987738e-04 2.035371e-02 -1.887922e+01 1.017427e-03 9.999991e-01 -9.061071e-04 -9.907282e-01 -2.035279e-02 9.266287e-04 9.997923e-01 5.777403e+01
9.996878e-01 1.126706e-03 -2.496122e-02 -1.841297e+01 -1.100297e-03 9.999988e-01 1.071691e-03 -1.014341e+00 2.496239e-02 -1.043891e-03 9.996877e-01 5.798348e+01
9.998690e-01 -9.027069e-04 1.616237e-02 -1.792814e+01 9.148967e-04 9.999993e-01 -7.468274e-04 -1.036802e+00 -1.616170e-02 7.615178e-04 9.998690e-01 5.811838e+01
9.994649e-01 1.333519e-03 -3.268102e-02 -1.774149e+01 -1.288499e-03 9.999982e-01 1.398587e-03 -1.053451e+00 3.268282e-02 -1.355728e-03 9.994648e-01 5.846189e+01
9.998928e-01 -8.529925e-04 1.461972e-02 -1.771681e+01 8.630676e-04 9.999994e-01 -6.828435e-04 -1.069454e+00 -1.461914e-02 6.953896e-04 9.998928e-01 5.901743e+01
9.993980e-01 1.388256e-03 -3.466700e-02 -1.750221e+01 -1.337611e-03 9.999980e-01 1.484034e-03 -1.083336e+00 3.466898e-02 -1.436768e-03 9.993977e-01 5.922096e+01
9.999121e-01 -8.130993e-04 1.322992e-02 -1.729292e+01 8.216538e-04 9.999995e-01 -6.411664e-04 -1.096784e+00 -1.322941e-02 6.519822e-04 9.999122e-01 5.942156e+01
9.992301e-01 1.522968e-03 -3.920404e-02 -1.711403e+01 -1.458303e-03 9.999975e-01 1.677991e-03 -1.109525e+00 3.920648e-02 -1.619526e-03 9.992297e-01 5.963762e+01
