9.996648e-01 -4.592516e-04 2.588485e-02 5.747223e-02 4.815528e-04 9.999995e-01 -8.553238e-04 -4.317684e-03 -2.588445e-02 8.675024e-04 9.996645e-01 1.141730e-01
9.999856e-01 -1.049292e-04 5.359125e-03 1.126708e-01 1.057817e-04 1.000000e+00 -1.587892e-04 -7.989360e-03 -5.359102e-03 1.593541e-04 9.999855e-01 2.231755e-01
9.996899e-01 -4.561239e-04 2.489817e-02 1.701701e-01 4.766816e-04 9.999996e-01 -8.197434e-04 -1.196828e-02 -2.489778e-02 8.313579e-04 9.996896e-01 3.381036e-01
9.999779e-01 -9.600890e-05 6.648561e-03 2.271478e-01 9.746789e-05 1.000000e+00 -2.191194e-04 -1.561889e-02 -6.648528e-03 2.197626e-04 9.999778e-01 4.485593e-01
9.993389e-01 -6.628121e-04 3.635077e-02 2.821643e-01 7.051437e-04 9.999991e-01 -1.151725e-03 -1.786731e-02 -3.634996e-02 1.176596e-03 9.993383e-01 5.463782e-01
9.999940e-01 -6.340459e-05 3.454664e-03 3.392882e-01 6.378331e-05 1.000000e+00 -1.095022e-04 -2.068291e-02 -3.454637e-03 1.097217e-04 9.999939e-01 6.509551e-01
9.996015e-01 -5.235404e-04 2.822492e-02 3.965739e-01 5.493587e-04 9.999994e-01 -9.069894e-04 -2.439776e-02 -2.822440e-02 9.221332e-04 9.996011e-01 7.603418e-01
9.999949e-01 -5.205051e-05 3.197036e-03 4.503370e-01 5.238578e-05 1.000000e+00 -1.047634e-04 -2.804759e-02 -3.197004e-03 1.049300e-04 9.999948e-01 8.681303e-01
9.997346e-01 -4.300861e-04 2.303155e-02 5.033341e-01 4.474346e-04 9.999996e-01 -7.480967e-04 -3.223831e-02 -2.303119e-02 7.582028e-04 9.997344e-01 9.778218e-01
9.999818e-01 -9.070764e-05 6.034135e-03 5.537153e-01 9.189012e-05 1.000000e+00 -1.956693e-04 -3.591885e-02 -6.034086e-03 1.962197e-04 9.999817e-01 1.079767e+00
9.996778e-01 -4.757625e-04 2.537893e-02 6.047236e-01 4.966618e-04 9.999995e-01 -8.171850e-04 -3.936243e-02 -2.537850e-02 8.295258e-04 9.996775e-01 1.181121e+00
9.999886e-01 -8.584862e-05 4.770537e-03 6.559940e-01 8.656951e-05 1.000000e+00 -1.508724e-04 -4.304447e-02 -4.770487e-03 1.512828e-04 9.999885e-01 1.284905e+00
9.995118e-01 -5.478184e-04 3.123708e-02 7.054210e-01 5.797137e-04 9.999993e-01 -1.012017e-03 -4.591198e-02 -3.123647e-02 1.029631e-03 9.995114e-01 1.382644e+00
9.999380e-01 -2.218272e-04 1.112946e-02 7.594217e-01 2.255615e-04 9.999999e-01 -3.342576e-04 -4.839681e-02 -1.112934e-02 3.367462e-04 9.999379e-01 1.485782e+00
9.996064e-01 -4.982041e-04 2.804944e-02 8.144172e-01 5.240777e-04 9.999994e-01 -9.150766e-04 -5.124064e-02 -2.804892e-02 9.294153e-04 9.996060e-01 1.589973e+00
9.999980e-01 -6.819537e-05 1.975407e-03 8.687012e-01 6.829213e-05 1.000000e+00 -4.873037e-05 -5.513972e-02 -1.975353e-03 4.886388e-05 9.999980e-01 1.699928e+00
9.996572e-01 -4.345577e-04 2.617770e-02 9.202229e-01 4.576406e-04 9.999995e-01 -8.757781e-04 -5.898202e-02 -2.617725e-02 8.874565e-04 9.996568e-01 1.804256e+00
9.999734e-01 -1.723436e-04 7.284864e-03 9.727398e-01 1.738362e-04 1.000000e+00 -2.042026e-04 -6.225656e-02 -7.284773e-03 2.054620e-04 9.999734e-01 1.904825e+00
9.996850e-01 -4.331655e-04 2.509540e-02 1.024940e+00 4.542407e-04 9.999995e-01 -8.340893e-04 -6.565903e-02 -2.509497e-02 8.452243e-04 9.996846e-01 2.004086e+00
9.999973e-01 -7.542649e-05 2.330593e-03 1.075574e+00 7.555548e-05 1.000000e+00 -5.500641e-05 -6.954111e-02 -2.330529e-03 5.518065e-05 9.999972e-01 2.104556e+00
9.996787e-01 -4.229529e-04 2.534450e-02 1.125891e+00 4.447416e-04 9.999995e-01 -8.540478e-04 -7.333530e-02 -2.534406e-02 8.650433e-04 9.996783e-01 2.204143e+00
9.999938e-01 -1.300350e-04 3.516993e-03 1.180038e+00 1.303003e-04 1.000000e+00 -7.499917e-05 -7.742404e-02 -3.516918e-03 7.545509e-05 9.999937e-01 2.315855e+00
9.998920e-01 -1.878826e-04 1.469174e-02 1.228196e+00 1.960757e-04 9.999998e-01 -5.561800e-04 -8.239657e-02 -1.469157e-02 5.589987e-04 9.998918e-01 2.425217e+00
9.999857e-01 4.485738e-05 -5.344704e-03 1.258959e+00 -4.381334e-05 1.000000e+00 1.953093e-04 -8.788529e-02 5.344780e-03 -1.950743e-04 9.999856e-01 2.539128e+00
9.997982e-01 -2.788866e-04 2.008711e-02 1.303988e+00 2.935928e-04 9.999997e-01 -7.291395e-04 -9.307356e-02 -2.008683e-02 7.348878e-04 9.997979e-01 2.646126e+00
9.999999e-01 -8.738454e-05 3.542827e-04 1.351200e+00 8.737021e-05 1.000000e+00 4.290493e-05 -9.736353e-02 -3.542168e-04 -4.287606e-05 9.999999e-01 2.732204e+00
9.997291e-01 -3.412769e-04 2.327189e-02 1.400490e+00 3.605909e-04 9.999996e-01 -8.256964e-04 -1.013950e-01 -2.327153e-02 8.338621e-04 9.997287e-01 2.821467e+00
9.999997e-01 -6.857460e-05 -7.601836e-04 1.446455e+00 6.863759e-05 1.000000e+00 8.153581e-05 -1.052810e-01 7.602508e-04 -8.159019e-05 9.999996e-01 2.898073e+00
9.996997e-01 -3.762319e-04 2.450171e-02 1.495472e+00 3.973216e-04 9.999996e-01 -8.558442e-04 -1.092802e-01 -2.450130e-02 8.653200e-04 9.996993e-01 2.984751e+00
9.999746e-01 7.293900e-05 -7.126165e-03 1.541765e+00 -7.101052e-05 1.000000e+00 2.707158e-04 -1.138286e-01 7.126260e-03 -2.702053e-04 9.999745e-01 3.067784e+00
9.997250e-01 -3.413219e-04 2.344775e-02 1.588081e+00 3.611048e-04 9.999996e-01 -8.394261e-04 -1.185965e-01 -2.344737e-02 8.476600e-04 9.997246e-01 3.157693e+00
9.999459e-01 1.420319e-04 -1.039708e-02 1.630247e+00 -1.381883e-04 9.999999e-01 3.702885e-04 -1.237325e-01 1.039720e-02 -3.688341e-04 9.999458e-01 3.255618e+00
9.997596e-01 -3.180304e-04 2.192170e-02 1.669533e+00 3.354790e-04 9.999996e-01 -7.922270e-04 -1.289956e-01 -2.192136e-02 7.993884e-04 9.997593e-01 3.357699e+00
9.999494e-01 1.431617e-04 -1.005191e-02 1.708670e+00 -1.396594e-04 9.999999e-01 3.489903e-04 -1.341779e-01 1.005204e-02 -3.475714e-04 9.999493e-01 3.455283e+00
9.997458e-01 -3.144264e-04 2.254125e-02 1.752514e+00 3.329764e-04 9.999996e-01 -8.191337e-04 -1.396269e-01 -2.254091e-02 8.264287e-04 9.997455e-01 3.563321e+00
9.999480e-01 1.288353e-04 -1.019189e-02 1.794479e+00 -1.250814e-04 9.999999e-01 3.688234e-04 -1.449774e-01 1.019202e-02 -3.675319e-04 9.999479e-01 3.667683e+00
9.999033e-01 -1.760079e-04 1.390311e-02 1.799880e+00 1.836578e-04 9.999998e-01 -5.488651e-04 -1.498030e-01 -1.390293e-02 5.513628e-04 9.999031e-01 3.755501e+00
9.999639e-01 1.176621e-04 -8.493701e-03 1.811838e+00 -1.150342e-04 9.999999e-01 3.097160e-04 -1.545875e-01 8.493818e-03 -3.087304e-04 9.999638e-01 3.840899e+00
9.999654e-01 -8.591526e-05 8.310121e-03 1.843422e+00 8.878877e-05 9.999999e-01 -3.452559e-04 -1.603119e-01 -8.310010e-03 3.459793e-04 9.999653e-01 3.911571e+00
9.999822e-01 6.151461e-05 -5.955833e-03 1.895455e+00 -6.018108e-05 1.000000e+00 2.238499e-04 -1.659048e-01 5.955928e-03 -2.234901e-04 9.999822e-01 3.982072e+00
9.999349e-01 -1.139413e-04 1.140684e-02 1.908175e+00 1.192444e-04 9.999999e-01 -4.641086e-04 -1.700652e-01 -1.140671e-02 4.654359e-04 9.999348e-01 4.032768e+00
9.999837e-01 3.051057e-05 -5.708630e-03 1.931297e+00 -2.927443e-05 1.000000e+00 2.163734e-04 -1.759733e-01 5.708719e-03 -2.162054e-04 9.999836e-01 4.154191e+00
9.999677e-01 -6.615200e-05 8.039139e-03 1.977716e+00 6.887999e-05 9.999999e-01 -3.388907e-04 -1.793237e-01 -8.039035e-03 3.394308e-04 9.999675e-01 4.129792e+00
9.999692e-01 9.161845e-05 -7.839459e-03 2.149203e+00 -8.884737e-05 9.999999e-01 3.536435e-04 -1.823468e-01 7.839573e-03 -3.529388e-04 9.999691e-01 4.004797e+00
9.999535e-01 -9.278247e-05 9.643268e-03 2.272510e+00 9.706306e-05 9.999999e-01 -4.432839e-04 -1.876230e-01 -9.643143e-03 4.441966e-04 9.999533e-01 4.015773e+00
9.999879e-01 -1.956146e-07 -4.913967e-03 2.307104e+00 1.325469e-06 1.000000e+00 2.296298e-04 -1.948456e-01 4.914049e-03 -2.296362e-04 9.999878e-01 4.189525e+00
9.999855e-01 -3.638062e-05 5.384300e-03 2.316393e+00 3.797447e-05 1.000000e+00 -2.956538e-04 -2.009757e-01 -5.384207e-03 2.958513e-04 9.999854e-01 4.321158e+00
9.999781e-01 4.988905e-05 -6.607773e-03 2.298619e+00 -4.784179e-05 1.000000e+00 3.097642e-04 -2.042622e-01 6.607870e-03 -3.094440e-04 9.999780e-01 4.339609e+00
9.999742e-01 -7.254789e-05 7.175879e-03 2.272558e+00 7.504044e-05 9.999999e-01 -3.468858e-04 -2.067102e-01 -7.175771e-03 3.474126e-04 9.999741e-01 4.338824e+00
9.999741e-01 7.085309e-05 -7.190244e-03 2.241908e+00 -6.827558e-05 9.999999e-01 3.585143e-04 -2.074600e-01 7.190351e-03 -3.580168e-04 9.999740e-01 4.262326e+00
9.999755e-01 -7.160236e-05 6.992336e-03 2.212303e+00 7.400615e-05 9.999999e-01 -3.433141e-04 -2.084468e-01 -6.992228e-03 3.438204e-04 9.999754e-01 4.196213e+00
9.999748e-01 6.936580e-05 -7.097440e-03 2.191804e+00 -6.686966e-05 9.999999e-01 3.517278e-04 -2.092721e-01 7.097547e-03 -3.512471e-04 9.999747e-01 4.118824e+00
9.999665e-01 -8.894209e-05 8.182030e-03 2.184228e+00 9.214171e-05 9.999999e-01 -3.905064e-04 -2.100311e-01 -8.181912e-03 3.912445e-04 9.999664e-01 4.029405e+00
9.999722e-01 7.182721e-05 -7.459772e-03 2.184081e+00 -6.911327e-05 9.999999e-01 3.638705e-04 -2.107284e-01 7.459880e-03 -3.633475e-04 9.999720e-01 3.929045e+00
9.999833e-01 -2.667501e-05 5.781893e-03 2.318929e+00 2.855928e-05 9.999999e-01 -3.255647e-04 -2.143830e-01 -5.781802e-03 3.257217e-04 9.999832e-01 3.837732e+00
9.999308e-01 2.402719e-04 -1.175621e-02 2.552949e+00 -2.326156e-04 9.999998e-01 6.524946e-04 -2.161712e-01 1.175644e-02 -6.497174e-04 9.999306e-01 3.635014e+00
9.999311e-01 -2.239674e-04 1.173723e-02 2.658025e+00 2.320491e-04 9.999997e-01 -6.870825e-04 -2.218805e-01 -1.173699e-02 6.897561e-04 9.999308e-01 3.664119e+00
9.999543e-01 1.530561e-04 -9.560841e-03 2.683448e+00 -1.476899e-04 9.999998e-01 5.618260e-04 -2.290021e-01 9.561007e-03 -5.603909e-04 9.999541e-01 3.838046e+00
9.999388e-01 -1.750578e-04 1.106402e-02 2.704509e+00 1.825057e-04 9.999998e-01 -6.720316e-04 -2.343978e-01 -1.106382e-02 6.740070e-04 9.999385e-01 3.928623e+00
9.999408e-01 1.389052e-04 -1.088096e-02 2.706665e+00 -1.320686e-04 9.999998e-01 6.288938e-04 -2.391104e-01 1.088112e-02 -6.274222e-04 9.999405e-01 4.002111e+00
9.999347e-01 -1.702836e-04 1.142200e-02 2.692215e+00 1.781141e-04 9.999997e-01 -6.844260e-04 -2.428213e-01 -1.142180e-02 6.864130e-04 9.999345e-01 4.054291e+00
9.999407e-01 1.505315e-04 -1.088534e-02 2.648313e+00 -1.432210e-04 9.999998e-01 6.722284e-04 -2.439462e-01 1.088552e-02 -6.706323e-04 9.999404e-01 4.014478e+00
9.999356e-01 -1.743640e-04 1.134145e-02 2.610426e+00 1.822316e-04 9.999997e-01 -6.925556e-04 -2.458021e-01 -1.134124e-02 6.945751e-04 9.999354e-01 4.001770e+00
9.999616e-01 9.054123e-05 -8.763063e-03 2.627520e+00 -8.563701e-05 9.999998e-01 5.598506e-04 -2.522587e-01 8.763195e-03 -5.590813e-04 9.999614e-01 4.152240e+00
9.999238e-01 -1.561174e-04 1.234461e-02 2.692256e+00 1.654230e-04 9.999997e-01 -7.526922e-04 -2.604726e-01 -1.234440e-02 7.546742e-04 9.999234e-01 4.338058e+00
9.999539e-01 4.007030e-05 -9.600329e-03 2.770231e+00 -3.429927e-05 9.999998e-01 6.011352e-04 -2.694695e-01 9.600434e-03 -6.007809e-04 9.999537e-01 4.547402e+00
9.998574e-01 -3.770299e-04 1.688337e-02 2.847228e+00 3.913192e-04 9.999996e-01 -8.429777e-04 -2.819881e-01 -1.688297e-02 8.494614e-04 9.998570e-01 4.955219e+00
9.999343e-01 2.025950e-04 -1.145472e-02 2.920728e+00 -1.954774e-04 9.999998e-01 6.223511e-04 -2.928494e-01 1.145493e-02 -6.200739e-04 9.999341e-01 5.269179e+00
9.999138e-01 -2.544377e-04 1.312459e-02 2.956978e+00 2.641629e-04 9.999997e-01 -7.391488e-04 -2.997566e-01 -1.312431e-02 7.425493e-04 9.999135e-01 5.419114e+00
9.999724e-01 1.445800e-04 -7.430558e-03 3.046074e+00 -1.410488e-04 9.999999e-01 4.755377e-04 -3.078027e-01 7.430709e-03 -4.744793e-04 9.999722e-01 5.590836e+00
9.998671e-01 -4.265932e-04 1.629488e-02 3.142834e+00 4.395165e-04 9.999996e-01 -7.894235e-04 -3.192318e-01 -1.629445e-02 7.964776e-04 9.998668e-01 5.939805e+00
9.999446e-01 2.452729e-04 -1.052326e-02 3.210787e+00 -2.393073e-04 9.999998e-01 5.679941e-04 -3.300585e-01 1.052348e-02 -5.654472e-04 9.999444e-01 6.260534e+00
9.998637e-01 -3.274070e-04 1.650581e-02 3.276105e+00 3.413872e-04 9.999996e-01 -8.440808e-04 -3.378568e-01 -1.650544e-02 8.495977e-04 9.998633e-01 6.438542e+00
9.999711e-01 2.051990e-04 -7.596034e-03 3.351042e+00 -2.016615e-04 9.999999e-01 4.662459e-04 -3.453592e-01 7.596214e-03 -4.647035e-04 9.999710e-01 6.613513e+00
9.997499e-01 -4.399834e-04 2.235703e-02 3.431381e+00 4.632385e-04 9.999994e-01 -1.034926e-03 -3.528756e-01 -2.235648e-02 1.045021e-03 9.997494e-01 6.815863e+00
9.996843e-01 5.085625e-04 -2.511777e-02 3.593322e+00 -4.789676e-04 9.999992e-01 1.184174e-03 -3.587515e-01 2.511844e-02 -1.171773e-03 9.996837e-01 6.828372e+00
9.998354e-01 -2.647743e-04 1.813757e-02 3.792419e+00 2.792105e-04 9.999996e-01 -7.933118e-04 -3.639403e-01 -1.813727e-02 7.982425e-04 9.998351e-01 6.792884e+00
9.998731e-01 2.077217e-04 -1.592939e-02 3.883738e+00 -1.972270e-04 9.999998e-01 6.602823e-04 -3.726287e-01 1.592961e-02 -6.570597e-04 9.998728e-01 6.975858e+00
9.998520e-01 -2.510664e-04 1.720319e-02 3.952714e+00 2.642588e-04 9.999997e-01 -7.644942e-04 -3.808936e-01 -1.720290e-02 7.689242e-04 9.998516e-01 7.149667e+00
9.998764e-01 2.154601e-04 -1.571868e-02 4.021391e+00 -2.053650e-04 9.999998e-01 6.437319e-04 -3.887771e-01 1.571890e-02 -6.404272e-04 9.998762e-01 7.307573e+00
9.998644e-01 -2.236968e-04 1.646495e-02 4.057160e+00 2.356897e-04 9.999997e-01 -7.263525e-04 -3.939895e-01 -1.646470e-02 7.301317e-04 9.998641e-01 7.376808e+00
9.998689e-01 2.193036e-04 -1.619012e-02 4.072807e+00 -2.081534e-04 9.999997e-01 6.902768e-04 -3.969477e-01 1.619035e-02 -6.868192e-04 9.998686e-01 7.361640e+00
9.998579e-01 -2.395412e-04 1.685191e-02 4.114974e+00 2.525194e-04 9.999997e-01 -7.679104e-04 -4.029564e-01 -1.685163e-02 7.720538e-04 9.998576e-01 7.457631e+00
9.998800e-01 1.968250e-04 -1.548892e-02 4.135260e+00 -1.865349e-04 9.999998e-01 6.656795e-04 -4.088973e-01 1.548913e-02 -6.627133e-04 9.998797e-01 7.582144e+00
9.998581e-01 -2.236742e-04 1.684560e-02 4.169294e+00 2.367454e-04 9.999997e-01 -7.738484e-04 -4.143092e-01 -1.684533e-02 7.777237e-04 9.998577e-01 7.664043e+00
9.999065e-01 1.484244e-04 -1.367385e-02 4.223625e+00 -1.401866e-04 9.999998e-01 6.032737e-04 -4.215054e-01 1.367403e-02 -6.013034e-04 9.999063e-01 7.807119e+00
9.998557e-01 -1.814921e-04 1.698561e-02 4.278042e+00 1.949235e-04 9.999997e-01 -7.890024e-04 -4.279657e-01 -1.698537e-02 7.921964e-04 9.998553e-01 7.919610e+00
9.998617e-01 1.742968e-04 -1.662550e-02 4.331011e+00 -1.622081e-04 9.999997e-01 7.283573e-04 -4.325598e-01 1.662571e-02 -7.255628e-04 9.998614e-01 7.943273e+00
9.998505e-01 -1.914945e-04 1.728944e-02 4.383998e+00 2.055342e-04 9.999997e-01 -8.101692e-04 -4.381505e-01 -1.728920e-02 8.135986e-04 9.998501e-01 8.013348e+00
9.998984e-01 1.436123e-04 -1.424976e-02 4.427754e+00 -1.344652e-04 9.999998e-01 6.427439e-04 -4.443231e-01 1.424994e-02 -6.407656e-04 9.998982e-01 8.120311e+00
9.997011e-01 -2.714289e-04 2.444528e-02 4.493819e+00 2.973566e-04 9.999994e-01 -1.056939e-03 -4.508546e-01 -2.444489e-02 1.063889e-03 9.997005e-01 8.253268e+00
9.997125e-01 3.029229e-04 -2.397454e-02 4.550723e+00 -2.789970e-04 9.999995e-01 1.001231e-03 -4.548736e-01 2.397491e-02 -9.942576e-04 9.997120e-01 8.241539e+00
9.997711e-01 -2.353072e-04 2.139134e-02 4.628686e+00 2.553664e-04 9.999995e-01 -9.349142e-04 -4.571278e-01 -2.139102e-02 9.401597e-04 9.997707e-01 8.132892e+00
9.997411e-01 2.925664e-04 -2.275262e-02 4.677943e+00 -2.706920e-04 9.999995e-01 9.643942e-04 -4.580147e-01 2.275298e-02 -9.579886e-04 9.997406e-01 7.996145e+00
9.997674e-01 -2.378610e-04 2.156450e-02 4.715649e+00 2.575765e-04 9.999996e-01 -9.114058e-04 -4.579599e-01 -2.156419e-02 9.167453e-04 9.997670e-01 7.826957e+00
9.997575e-01 2.566503e-04 -2.202092e-02 4.697058e+00 -2.363661e-04 9.999995e-01 9.236492e-04 -4.600746e-01 2.202123e-02 -9.182233e-04 9.997570e-01 7.802229e+00
9.996292e-01 -2.685903e-04 2.722611e-02 4.725693e+00 2.993113e-04 9.999993e-01 -1.124233e-03 -4.643703e-01 -2.722571e-02 1.131962e-03 9.996286e-01 7.832423e+00
9.999256e-01 2.560547e-05 -1.219280e-02 4.777789e+00 -1.833971e-05 9.999998e-01 5.958597e-04 -4.700564e-01 1.219291e-02 -5.955949e-04 9.999254e-01 7.959605e+00
9.998134e-01 -1.022161e-04 1.931623e-02 4.805478e+00 1.196777e-04 9.999996e-01 -9.027395e-04 -4.756266e-01 -1.931604e-02 9.048796e-04 9.998129e-01 8.073688e+00
9.998994e-01 3.483514e-05 -1.418136e-02 4.859896e+00 -2.547860e-05 9.999998e-01 6.598180e-04 -4.830538e-01 1.418147e-02 -6.593935e-04 9.998991e-01 8.237631e+00
9.998233e-01 -8.619095e-05 1.879894e-02 4.918900e+00 1.030482e-04 9.999996e-01 -8.956473e-04 -4.904850e-01 -1.879877e-02 8.974230e-04 9.998228e-01 8.397691e+00
9.999351e-01 2.492925e-06 -1.138913e-02 4.977643e+00 3.995116e-06 9.999998e-01 5.694697e-04 -4.976112e-01 1.138922e-02 -5.694814e-04 9.999349e-01 8.554785e+00
9.998652e-01 -5.493725e-05 1.641882e-02 4.999818e+00 6.819792e-05 9.999997e-01 -8.069744e-04 -5.033999e-01 -1.641868e-02 8.079822e-04 9.998648e-01 8.677125e+00
9.999121e-01 1.711214e-06 -1.325977e-02 5.019842e+00 6.856218e-06 9.999998e-01 6.459216e-04 -5.093184e-01 1.325986e-02 -6.459589e-04 9.999118e-01 8.799390e+00
9.997911e-01 -9.538375e-05 2.043860e-02 5.088618e+00 1.152217e-04 9.999995e-01 -9.693401e-04 -5.169915e-01 -2.043841e-02 9.714894e-04 9.997906e-01 8.977017e+00
9.999233e-01 -1.082293e-06 -1.238655e-02 5.151039e+00 8.878193e-06 9.999998e-01 6.291584e-04 -5.242371e-01 1.238664e-02 -6.292233e-04 9.999230e-01 9.140330e+00
9.999009e-01 -1.614370e-05 1.407716e-02 5.185334e+00 2.661478e-05 9.999997e-01 -7.435041e-04 -5.292307e-01 -1.407705e-02 7.438018e-04 9.999006e-01 9.199898e+00
9.999172e-01 1.063851e-05 -1.286471e-02 5.225399e+00 -2.075787e-06 9.999998e-01 6.654456e-04 -5.324094e-01 1.286480e-02 -6.653671e-04 9.999170e-01 9.172843e+00
9.999039e-01 -1.980469e-05 1.386181e-02 5.278145e+00 3.003368e-05 9.999997e-01 -7.375717e-04 -5.356887e-01 -1.386170e-02 7.379139e-04 9.999036e-01 9.138034e+00
9.999412e-01 -4.131732e-06 -1.084564e-02 5.337287e+00 1.042609e-05 9.999998e-01 5.801038e-04 -5.403391e-01 1.084573e-02 -5.801860e-04 9.999409e-01 9.157119e+00
9.999108e-01 -1.538368e-05 1.335177e-02 5.435839e+00 2.503675e-05 9.999997e-01 -7.226592e-04 -5.435998e-01 -1.335166e-02 7.229258e-04 9.999105e-01 9.085013e+00
9.999001e-01 6.928170e-05 -1.412963e-02 5.615158e+00 -5.907223e-05 9.999997e-01 7.228202e-04 -5.436830e-01 1.412977e-02 -7.219166e-04 9.998998e-01 8.813953e+00
9.998615e-01 -1.025033e-04 1.664342e-02 5.742562e+00 1.168051e-04 9.999996e-01 -8.582160e-04 -5.469962e-01 -1.664323e-02 8.600378e-04 9.998610e-01 8.728323e+00
9.998729e-01 1.023961e-04 -1.594117e-02 5.836479e+00 -8.973764e-05 9.999997e-01 7.946512e-04 -5.500388e-01 1.594133e-02 -7.931230e-04 9.998725e-01 8.649262e+00
9.998349e-01 -1.257264e-04 1.816858e-02 5.905817e+00 1.425946e-04 9.999996e-01 -9.270203e-04 -5.545013e-01 -1.816836e-02 9.294547e-04 9.998344e-01 8.654450e+00
9.998738e-01 1.010385e-04 -1.588575e-02 5.945173e+00 -8.843404e-05 9.999997e-01 7.940076e-04 -5.594369e-01 1.588592e-02 -7.925059e-04 9.998734e-01 8.707926e+00
9.998393e-01 -1.236247e-04 1.792759e-02 6.032264e+00 1.404008e-04 9.999996e-01 -9.344012e-04 -5.652890e-01 -1.792738e-02 9.367647e-04 9.998388e-01 8.761024e+00
9.998559e-01 1.187542e-04 -1.697444e-02 6.142668e+00 -1.046452e-04 9.999996e-01 8.319421e-04 -5.709657e-01 1.697462e-02 -8.300492e-04 9.998555e-01 8.788415e+00
9.998638e-01 -8.499559e-05 1.650285e-02 6.270267e+00 9.918398e-05 9.999996e-01 -8.588103e-04 -5.748050e-01 -1.650268e-02 8.603268e-04 9.998634e-01 8.716665e+00
9.998542e-01 1.031139e-04 -1.707551e-02 6.386248e+00 -8.883247e-05 9.999996e-01 8.369923e-04 -5.806806e-01 1.707568e-02 -8.353567e-04 9.998538e-01 8.741776e+00
9.998545e-01 -1.188970e-04 1.705679e-02 6.456301e+00 1.342004e-04 9.999996e-01 -8.959390e-04 -5.887289e-01 -1.705658e-02 8.980943e-04 9.998541e-01 8.893969e+00
9.998538e-01 1.324087e-04 -1.709748e-02 6.527022e+00 -1.181223e-04 9.999996e-01 8.364580e-04 -5.946273e-01 1.709767e-02 -8.343195e-04 9.998534e-01 8.959651e+00
9.998599e-01 -1.117969e-04 1.673482e-02 6.588923e+00 1.262224e-04 9.999996e-01 -8.608274e-04 -5.992592e-01 -1.673462e-02 8.628157e-04 9.998595e-01 8.973790e+00
9.998596e-01 1.041302e-04 -1.675370e-02 6.630070e+00 -9.059054e-05 9.999997e-01 8.087808e-04 -6.057014e-01 1.675387e-02 -8.071529e-04 9.998592e-01 9.088656e+00
9.998499e-01 -1.283511e-04 1.732208e-02 6.672135e+00 1.437212e-04 9.999996e-01 -8.859471e-04 -6.126896e-01 -1.732186e-02 8.883004e-04 9.998495e-01 9.230052e+00
9.998630e-01 9.635406e-05 -1.655300e-02 6.725549e+00 -8.315998e-05 9.999997e-01 7.976316e-04 -6.200316e-01 1.655316e-02 -7.961491e-04 9.998626e-01 9.375505e+00
9.998417e-01 -1.165951e-04 1.779162e-02 6.779924e+00 1.327160e-04 9.999996e-01 -9.047989e-04 -6.274930e-01 -1.779142e-02 9.070135e-04 9.998412e-01 9.528357e+00
9.998714e-01 9.311923e-05 -1.603484e-02 6.826430e+00 -8.052435e-05 9.999997e-01 7.859725e-04 -6.345783e-01 1.603500e-02 -7.845837e-04 9.998711e-01 9.672050e+00
9.997899e-01 -1.599874e-04 2.049352e-02 6.892251e+00 1.805078e-04 9.999995e-01 -9.993625e-04 -6.424938e-01 -2.049326e-02 1.002848e-03 9.997894e-01 9.848845e+00
9.998090e-01 1.430169e-04 -1.954148e-02 6.938038e+00 -1.252459e-04 9.999996e-01 9.105008e-04 -6.499439e-01 1.954169e-02 -9.078828e-04 9.998086e-01 1.000879e+01
9.998059e-01 -1.432638e-04 1.970070e-02 6.956851e+00 1.621949e-04 9.999995e-01 -9.592304e-04 -6.555949e-01 -1.970046e-02 9.622362e-04 9.998054e-01 1.010574e+01
9.997995e-01 1.514055e-04 -2.002325e-02 6.980658e+00 -1.327446e-04 9.999996e-01 9.331713e-04 -6.607514e-01 2.002347e-02 -9.303296e-04 9.997990e-01 1.017469e+01
9.997971e-01 -1.390729e-04 2.014149e-02 7.000961e+00 1.585167e-04 9.999995e-01 -9.636587e-04 -6.641407e-01 -2.014126e-02 9.666525e-04 9.997966e-01 1.017211e+01
9.998034e-01 1.425048e-04 -1.982848e-02 7.007784e+00 -1.241720e-04 9.999996e-01 9.256822e-04 -6.680308e-01 1.982869e-02 -9.230415e-04 9.998029e-01 1.020089e+01
9.997927e-01 -1.420714e-04 2.036116e-02 7.018239e+00 1.621817e-04 9.999995e-01 -9.859295e-04 -6.725299e-01 -2.036092e-02 9.890238e-04 9.997921e-01 1.025789e+01
9.997761e-01 1.407702e-04 -2.116018e-02 7.069054e+00 -1.202176e-04 9.999995e-01 9.724458e-04 -6.795155e-01 2.116040e-02 -9.696876e-04 9.997756e-01 1.037709e+01
9.997858e-01 -1.193752e-04 2.069500e-02 7.141557e+00 1.403811e-04 9.999995e-01 -1.013471e-03 -6.864641e-01 -2.069477e-02 1.016156e-03 9.997853e-01 1.048206e+01
9.997805e-01 1.231893e-04 -2.095101e-02 7.158696e+00 -1.025660e-04 9.999995e-01 9.853179e-04 -6.916561e-01 2.095121e-02 -9.829562e-04 9.997799e-01 1.055975e+01
9.997382e-01 -1.560578e-04 2.288018e-02 7.198239e+00 1.813850e-04 9.999994e-01 -1.104787e-03 -6.982812e-01 -2.287990e-02 1.108644e-03 9.997375e-01 1.068505e+01
9.998377e-01 5.418158e-05 -1.801313e-02 7.275050e+00 -3.827411e-05 9.999996e-01 8.833175e-04 -7.072534e-01 1.801326e-02 -8.824882e-04 9.998373e-01 1.090930e+01
9.997917e-01 -1.065953e-04 2.040966e-02 7.349155e+00 1.276705e-04 9.999995e-01 -1.031202e-03 -7.159449e-01 -2.040945e-02 1.033589e-03 9.997911e-01 1.110366e+01
9.998629e-01 5.156788e-05 -1.655617e-02 7.411266e+00 -3.781950e-05 9.999997e-01 8.305764e-04 -7.237635e-01 1.655630e-02 -8.298399e-04 9.998625e-01 1.127708e+01
9.997740e-01 -1.092898e-04 2.125728e-02 7.479138e+00 1.318143e-04 9.999994e-01 -1.058111e-03 -7.318543e-01 -2.125706e-02 1.060670e-03 9.997734e-01 1.146197e+01
9.998353e-01 7.507389e-05 -1.814674e-02 7.528722e+00 -5.888670e-05 9.999996e-01 8.924159e-04 -7.390677e-01 1.814689e-02 -8.912038e-04 9.998349e-01 1.161605e+01
9.996209e-01 -1.897564e-04 2.753018e-02 7.583501e+00 2.249167e-04 9.999992e-01 -1.273982e-03 -7.457958e-01 -2.752982e-02 1.279688e-03 9.996201e-01 1.176847e+01
9.997528e-01 1.427109e-04 -2.223317e-02 7.642573e+00 -1.196744e-04 9.999995e-01 1.037348e-03 -7.533903e-01 2.223340e-02 -1.034434e-03 9.997522e-01 1.193804e+01
9.996589e-01 -1.800103e-04 2.611338e-02 7.690965e+00 2.120874e-04 9.999992e-01 -1.225526e-03 -7.609116e-01 -2.611304e-02 1.230642e-03 9.996582e-01 1.210901e+01
9.997855e-01 1.319560e-04 -2.071156e-02 7.734040e+00 -1.117078e-04 9.999995e-01 9.786626e-04 -7.680190e-01 2.071177e-02 -9.761426e-04 9.997849e-01 1.227237e+01
9.995218e-01 -2.580942e-04 3.092110e-02 7.785326e+00 3.011157e-04 9.999990e-01 -1.386609e-03 -7.748128e-01 -3.092062e-02 1.395253e-03 9.995208e-01 1.243507e+01
9.999498e-01 -7.721004e-05 -1.002006e-02 7.849686e+00 8.372806e-05 9.999998e-01 6.498175e-04 -7.802486e-01 1.002010e-02 -6.506274e-04 9.999495e-01 1.257727e+01
9.995792e-01 -2.458817e-04 2.900602e-02 7.906822e+00 2.841418e-04 9.999991e-01 -1.314838e-03 -7.857559e-01 -2.900558e-02 1.322523e-03 9.995783e-01 1.271460e+01
9.999476e-01 -7.160447e-05 -1.023177e-02 7.964124e+00 7.839809e-05 9.999998e-01 6.633017e-04 -7.913753e-01 1.023181e-02 -6.640728e-04 9.999474e-01 1.285521e+01
9.995759e-01 -2.314658e-04 2.911781e-02 8.022134e+00 2.705931e-04 9.999991e-01 -1.339734e-03 -7.969103e-01 -2.911738e-02 1.347041e-03 9.995750e-01 1.299407e+01
9.999309e-01 -5.547203e-05 -1.175575e-02 8.082705e+00 6.404061e-05 9.999997e-01 7.282591e-04 -8.028593e-01 1.175580e-02 -7.289654e-04 9.999306e-01 1.314161e+01
9.997802e-01 -9.034674e-05 2.096284e-02 8.130003e+00 1.130014e-04 9.999994e-01 -1.079389e-03 -8.097366e-01 -2.096264e-02 1.081516e-03 9.997796e-01 1.330335e+01
9.999303e-01 -1.482305e-05 -1.180664e-02 8.171870e+00 2.321311e-05 9.999997e-01 7.102300e-04 -8.159516e-01 1.180672e-02 -7.104584e-04 9.999300e-01 1.344202e+01
9.996872e-01 -2.157929e-04 2.500903e-02 8.224183e+00 2.452776e-04 9.999993e-01 -1.175780e-03 -8.223176e-01 -2.500866e-02 1.181543e-03 9.996865e-01 1.359303e+01
9.998586e-01 1.283318e-04 -1.681224e-02 8.267647e+00 -1.143834e-04 9.999996e-01 8.304323e-04 -8.289994e-01 1.681243e-02 -8.283957e-04 9.998583e-01 1.374807e+01
9.997588e-01 -1.863518e-04 2.196197e-02 8.293184e+00 2.097283e-04 9.999994e-01 -1.061975e-03 -8.355559e-01 -2.196166e-02 1.066321e-03 9.997582e-01 1.390249e+01
9.999048e-01 1.076040e-04 -1.379139e-02 8.328363e+00 -9.776912e-05 9.999997e-01 7.135560e-04 -8.418203e-01 1.379156e-02 -7.121436e-04 9.999046e-01 1.404661e+01
9.997566e-01 -1.997913e-04 2.205956e-02 8.362208e+00 2.230282e-04 9.999994e-01 -1.050774e-03 -8.478954e-01 -2.205924e-02 1.055434e-03 9.997560e-01 1.418039e+01
9.998217e-01 1.652603e-04 -1.888035e-02 8.380233e+00 -1.484019e-04 9.999996e-01 8.941354e-04 -8.542936e-01 1.888058e-02 -8.911780e-04 9.998213e-01 1.432610e+01
9.996644e-01 -2.627504e-04 2.590370e-02 8.419232e+00 2.930674e-04 9.999993e-01 -1.166462e-03 -8.607706e-01 -2.590327e-02 1.173658e-03 9.996637e-01 1.446590e+01
9.997977e-01 2.164733e-04 -2.010950e-02 8.462186e+00 -1.981115e-04 9.999996e-01 9.149118e-04 -8.676142e-01 2.010979e-02 -9.107467e-04 9.997973e-01 1.461368e+01
9.995625e-01 -3.574209e-04 2.957386e-02 8.509335e+00 3.951509e-04 9.999991e-01 -1.269849e-03 -8.740309e-01 -2.957328e-02 1.280975e-03 9.995617e-01 1.475677e+01
9.996258e-01 3.557790e-04 -2.735149e-02 8.537752e+00 -3.244707e-04 9.999993e-01 1.148973e-03 -8.808929e-01 2.735197e-02 -1.139672e-03 9.996252e-01 1.490034e+01
9.996748e-01 -3.398344e-04 2.549621e-02 8.542750e+00 3.683186e-04 9.999993e-01 -1.112381e-03 -8.873128e-01 -2.549572e-02 1.121406e-03 9.996742e-01 1.503084e+01
9.996076e-01 3.941161e-04 -2.800586e-02 8.542045e+00 -3.615254e-04 9.999993e-01 1.168645e-03 -8.926272e-01 2.800640e-02 -1.158065e-03 9.996070e-01 1.511313e+01
9.996693e-01 -3.685663e-04 2.571136e-02 8.542482e+00 3.974768e-04 9.999993e-01 -1.119199e-03 -8.983783e-01 -2.571083e-02 1.129045e-03 9.996687e-01 1.521775e+01
9.996417e-01 3.679275e-04 -2.676155e-02 8.549615e+00 -3.379241e-04 9.999993e-01 1.125525e-03 -9.050522e-01 2.676204e-02 -1.116082e-03 9.996412e-01 1.536547e+01
9.996536e-01 -3.630881e-04 2.631379e-02 8.557140e+00 3.932607e-04 9.999993e-01 -1.141359e-03 -9.113035e-01 -2.631326e-02 1.151308e-03 9.996530e-01 1.549550e+01
9.996729e-01 3.552164e-04 -2.556935e-02 8.550864e+00 -3.275948e-04 9.999994e-01 1.084314e-03 -9.164322e-01 2.556982e-02 -1.075587e-03 9.996724e-01 1.559636e+01
9.996423e-01 -3.525770e-04 2.674143e-02 8.548985e+00 3.835074e-04 9.999993e-01 -1.151407e-03 -9.212918e-01 -2.674091e-02 1.161247e-03 9.996417e-01 1.567679e+01
9.996647e-01 3.449435e-04 -2.589059e-02 8.540820e+00 -3.167371e-04 9.999994e-01 1.093410e-03 -9.261308e-01 2.589105e-02 -1.084847e-03 9.996641e-01 1.576642e+01
9.995358e-01 -3.939989e-04 3.046335e-02 8.570129e+00 4.335949e-04 9.999991e-01 -1.293092e-03 -9.329858e-01 -3.046271e-02 1.305696e-03 9.995350e-01 1.592638e+01
9.996051e-01 4.007964e-04 -2.809735e-02 8.577905e+00 -3.679192e-04 9.999992e-01 1.175154e-03 -9.370591e-01 2.809789e-02 -1.164356e-03 9.996044e-01 1.596858e+01
9.995952e-01 -3.853967e-04 2.844559e-02 8.544550e+00 4.189587e-04 9.999992e-01 -1.173803e-03 -9.386246e-01 -2.844502e-02 1.185241e-03 9.995946e-01 1.593273e+01
9.996168e-01 3.650835e-04 -2.767585e-02 8.522806e+00 -3.340100e-04 9.999993e-01 1.127255e-03 -9.426754e-01 2.767634e-02 -1.117583e-03 9.996163e-01 1.600643e+01
9.994958e-01 -3.981334e-04 3.174676e-02 8.534351e+00 4.398630e-04 9.999990e-01 -1.307380e-03 -9.485832e-01 -3.174611e-02 1.320681e-03 9.994950e-01 1.613717e+01
9.996173e-01 3.501966e-04 -2.765814e-02 8.557982e+00 -3.189360e-04 9.999993e-01 1.134525e-03 -9.555538e-01 2.765862e-02 -1.125274e-03 9.996167e-01 1.630932e+01
9.996042e-01 -3.792183e-04 2.812875e-02 8.552399e+00 4.126525e-04 9.999992e-01 -1.182703e-03 -9.614738e-01 -2.812818e-02 1.193838e-03 9.996036e-01 1.645220e+01
9.996586e-01 3.307020e-04 -2.612289e-02 8.564802e+00 -3.024436e-04 9.999994e-01 1.085560e-03 -9.681392e-01 2.612333e-02 -1.077293e-03 9.996581e-01 1.661411e+01
9.995533e-01 -3.831205e-04 2.988370e-02 8.596924e+00 4.207840e-04 9.999991e-01 -1.253949e-03 -9.756440e-01 -2.988309e-02 1.265959e-03 9.995525e-01 1.680350e+01
9.996415e-01 3.293542e-04 -2.677035e-02 8.621047e+00 -2.996481e-04 9.999993e-01 1.113536e-03 -9.828869e-01 2.677080e-02 -1.105119e-03 9.996409e-01 1.698725e+01
9.996621e-01 -3.317239e-04 2.599016e-02 8.631914e+00 3.608413e-04 9.999993e-01 -1.115516e-03 -9.899392e-01 -2.598967e-02 1.124513e-03 9.996615e-01 1.714927e+01
9.995947e-01 3.460020e-04 -2.846469e-02 8.630883e+00 -3.125047e-04 9.999993e-01 1.181121e-03 -9.965261e-01 2.846517e-02 -1.171751e-03 9.995940e-01 1.729418e+01
9.996290e-01 -3.491567e-04 2.723379e-02 8.648928e+00 3.807277e-04 9.999993e-01 -1.153959e-03 -1.004125e+00 -2.723326e-02 1.163895e-03 9.996284e-01 1.747017e+01
9.996157e-01 3.446003e-04 -2.771690e-02 8.652618e+00 -3.130616e-04 9.999993e-01 1.142089e-03 -1.010041e+00 2.771737e-02 -1.132977e-03 9.996151e-01 1.759625e+01
9.996258e-01 -3.338508e-04 2.735195e-02 8.644891e+00 3.654786e-04 9.999993e-01 -1.151212e-03 -1.014337e+00 -2.735144e-02 1.160774e-03 9.996251e-01 1.765919e+01
9.996861e-01 2.418919e-04 -2.505162e-02 8.705998e+00 -2.159052e-04 9.999994e-01 1.039883e-03 -1.023386e+00 2.505195e-02 -1.034152e-03 9.996856e-01 1.788156e+01
9.995863e-01 -3.479919e-04 2.875671e-02 8.774281e+00 3.825328e-04 9.999992e-01 -1.195536e-03 -1.033261e+00 -2.875617e-02 1.206038e-03 9.995857e-01 1.814489e+01
9.995168e-01 3.882384e-04 -3.108012e-02 8.813957e+00 -3.493838e-04 9.999992e-01 1.255451e-03 -1.040757e+00 3.108068e-02 -1.243989e-03 9.995160e-01 1.829080e+01
9.995880e-01 -3.254095e-04 2.869905e-02 8.876602e+00 3.600304e-04 9.999992e-01 -1.201067e-03 -1.047238e+00 -2.869854e-02 1.210900e-03 9.995873e-01 1.837393e+01
9.995280e-01 4.164926e-04 -3.071795e-02 8.980907e+00 -3.776108e-04 9.999991e-01 1.271443e-03 -1.053708e+00 3.071855e-02 -1.259247e-03 9.995272e-01 1.843039e+01
9.995055e-01 -4.045766e-04 3.144105e-02 9.050454e+00 4.474618e-04 9.999990e-01 -1.356858e-03 -1.060878e+00 -3.144037e-02 1.370252e-03 9.995046e-01 1.855261e+01
9.994920e-01 4.532054e-04 -3.186640e-02 9.134833e+00 -4.111612e-04 9.999990e-01 1.325817e-03 -1.067143e+00 3.186707e-02 -1.312046e-03 9.994912e-01 1.861689e+01
9.995366e-01 -3.876875e-04 3.043474e-02 9.274936e+00 4.270557e-04 9.999991e-01 -1.286931e-03 -1.070956e+00 -3.043412e-02 1.299328e-03 9.995359e-01 1.853721e+01
9.994775e-01 4.812843e-04 -3.231805e-02 9.449264e+00 -4.375443e-04 9.999990e-01 1.360369e-03 -1.071792e+00 3.231877e-02 -1.345522e-03 9.994766e-01 1.830277e+01
9.995245e-01 -4.011030e-04 3.083079e-02 9.648097e+00 4.414881e-04 9.999991e-01 -1.302990e-03 -1.072162e+00 -3.083014e-02 1.315978e-03 9.995237e-01 1.803555e+01
9.994796e-01 5.019230e-04 -3.225315e-02 9.893921e+00 -4.584586e-04 9.999990e-01 1.354875e-03 -1.069325e+00 3.225390e-02 -1.339388e-03 9.994788e-01 1.759636e+01
9.995432e-01 -3.523430e-04 3.021961e-02 1.016651e+01 3.906026e-04 9.999991e-01 -1.260050e-03 -1.062838e+00 -3.021904e-02 1.271275e-03 9.995424e-01 1.697536e+01
9.994655e-01 5.096153e-04 -3.268696e-02 1.043905e+01 -4.647173e-04 9.999989e-01 1.381048e-03 -1.055737e+00 3.268773e-02 -1.365123e-03 9.994646e-01 1.632778e+01
9.995673e-01 -3.575712e-04 2.941141e-02 1.072765e+01 3.933454e-04 9.999992e-01 -1.210452e-03 -1.048339e+00 -2.941086e-02 1.221493e-03 9.995666e-01 1.565784e+01
9.994873e-01 4.928318e-04 -3.201120e-02 1.103580e+01 -4.498493e-04 9.999990e-01 1.349810e-03 -1.042600e+00 3.201194e-02 -1.334722e-03 9.994865e-01 1.505925e+01
9.995096e-01 -4.226335e-04 3.130905e-02 1.124894e+01 4.649929e-04 9.999990e-01 -1.345572e-03 -1.041980e+00 -3.130835e-02 1.359467e-03 9.995088e-01 1.473958e+01
9.994851e-01 4.992424e-04 -3.208089e-02 1.145719e+01 -4.559960e-04 9.999990e-01 1.355233e-03 -1.041350e+00 3.208163e-02 -1.339911e-03 9.994843e-01 1.442079e+01
9.995179e-01 -4.318403e-04 3.104210e-02 1.167390e+01 4.733515e-04 9.999990e-01 -1.329814e-03 -1.041577e+00 -3.104139e-02 1.343863e-03 9.995171e-01 1.414121e+01
9.994821e-01 5.211987e-04 -3.217551e-02 1.184663e+01 -4.775907e-04 9.999990e-01 1.362879e-03 -1.043090e+00 3.217629e-02 -1.346810e-03 9.994812e-01 1.393731e+01
9.995284e-01 -4.021166e-04 3.070404e-02 1.202256e+01 4.419789e-04 9.999991e-01 -1.291397e-03 -1.046380e+00 -3.070339e-02 1.304355e-03 9.995276e-01 1.382006e+01
9.995107e-01 4.365755e-04 -3.127436e-02 1.219450e+01 -3.966713e-04 9.999991e-01 1.282020e-03 -1.050467e+00 3.127499e-02 -1.268991e-03 9.995100e-01 1.374186e+01
9.998412e-01 -3.495177e-05 1.781792e-02 1.238632e+01 4.754426e-05 9.999997e-01 -7.061298e-04 -1.049504e+00 -1.781779e-02 7.068609e-04 9.998409e-01 1.344287e+01
9.994993e-01 4.504239e-04 -3.163721e-02 1.264594e+01 -4.042036e-04 9.999988e-01 1.467222e-03 -1.050086e+00 3.163793e-02 -1.453703e-03 9.994983e-01 1.318130e+01
9.995778e-01 -3.955615e-04 2.905041e-02 1.290895e+01 4.344748e-04 9.999990e-01 -1.333106e-03 -1.051488e+00 -2.904975e-02 1.345161e-03 9.995770e-01 1.293958e+01
9.994664e-01 5.046616e-04 -3.265702e-02 1.323726e+01 -4.535870e-04 9.999987e-01 1.571258e-03 -1.050792e+00 3.265787e-02 -1.555611e-03 9.994653e-01 1.257828e+01
9.995488e-01 -3.641041e-04 3.003386e-02 1.359273e+01 4.040746e-04 9.999990e-01 -1.324690e-03 -1.054654e+00 -3.003325e-02 1.336224e-03 9.995479e-01 1.242166e+01
9.996212e-01 3.620011e-04 -2.751833e-02 1.388333e+01 -3.261050e-04 9.999991e-01 1.308800e-03 -1.063665e+00 2.751887e-02 -1.299334e-03 9.996204e-01 1.255057e+01
9.995565e-01 -3.838640e-04 2.977600e-02 1.419786e+01 4.222021e-04 9.999991e-01 -1.281171e-03 -1.072655e+00 -2.977539e-02 1.293171e-03 9.995557e-01 1.266265e+01
9.995516e-01 4.036296e-04 -2.994003e-02 1.455532e+01 -3.604296e-04 9.999989e-01 1.448159e-03 -1.082764e+00 2.994068e-02 -1.436722e-03 9.995506e-01 1.280100e+01
9.995758e-01 -3.897734e-04 2.912108e-02 1.485233e+01 4.265999e-04 9.999991e-01 -1.258292e-03 -1.093497e+00 -2.912046e-02 1.270177e-03 9.995750e-01 1.299180e+01
9.995069e-01 3.619241e-04 -3.139759e-02 1.514424e+01 -3.148795e-04 9.999988e-01 1.503180e-03 -1.105638e+00 3.139819e-02 -1.492556e-03 9.995058e-01 1.323902e+01
9.993412e-01 -3.926337e-04 3.628832e-02 1.555651e+01 4.471543e-04 9.999988e-01 -1.494242e-03 -1.115493e+00 -3.628760e-02 1.509480e-03 9.993402e-01 1.336987e+01
9.994231e-01 3.795709e-04 -3.395916e-02 1.589427e+01 -3.250726e-04 9.999987e-01 1.610228e-03 -1.126866e+00 3.395983e-02 -1.598264e-03 9.994219e-01 1.359163e+01
9.992807e-01 -4.947242e-04 3.791841e-02 1.612748e+01 5.595730e-04 9.999984e-01 -1.699548e-03 -1.137970e+00 -3.791741e-02 1.719539e-03 9.992793e-01 1.383949e+01
9.994243e-01 3.701723e-04 -3.392374e-02 1.637978e+01 -3.140787e-04 9.999986e-01 1.658739e-03 -1.150109e+00 3.392440e-02 -1.647133e-03 9.994230e-01 1.412338e+01
9.994097e-01 -4.011728e-04 3.435270e-02 1.657905e+01 4.565480e-04 9.999986e-01 -1.604045e-03 -1.160925e+00 -3.435191e-02 1.618778e-03 9.994084e-01 1.435490e+01
9.995601e-01 3.125920e-04 -2.965436e-02 1.678009e+01 -2.694126e-04 9.999989e-01 1.459961e-03 -1.170857e+00 2.965488e-02 -1.451333e-03 9.995591e-01 1.456777e+01
9.992197e-01 -4.251422e-04 3.949433e-02 1.701114e+01 4.958282e-04 9.999983e-01 -1.779919e-03 -1.179753e+00 -3.949341e-02 1.798109e-03 9.992182e-01 1.474447e+01
9.996048e-01 2.623986e-04 -2.810955e-02 1.729482e+01 -2.219562e-04 9.999989e-01 1.441732e-03 -1.189222e+00 2.811000e-02 -1.434927e-03 9.996037e-01 1.493185e+01
9.995626e-01 -3.434768e-04 2.956931e-02 1.755511e+01 3.857183e-04 9.999989e-01 -1.422759e-03 -1.200227e+00 -2.956869e-02 1.433538e-03 9.995617e-01 1.514467e+01
9.997471e-01 2.537414e-04 -2.248659e-02 1.788345e+01 -2.253404e-04 9.999992e-01 1.265392e-03 -1.209282e+00 2.248699e-02 -1.260008e-03 9.997463e-01 1.528056e+01
9.991596e-01 -6.437575e-04 4.098294e-02 1.820930e+01 7.205632e-04 9.999980e-01 -1.859265e-03 -1.220510e+00 -4.098156e-02 1.887229e-03 9.991581e-01 1.556400e+01
9.998297e-01 2.207804e-04 -1.845226e-02 1.853326e+01 -1.998673e-04 9.999993e-01 1.135002e-03 -1.232721e+00 1.845260e-02 -1.131125e-03 9.998290e-01 1.590792e+01
9.991599e-01 -6.663514e-04 4.097613e-02 1.883082e+01 7.452239e-04 9.999979e-01 -1.909510e-03 -1.244296e+00 -4.097468e-02 1.938438e-03 9.991582e-01 1.623555e+01
9.996362e-01 3.480515e-04 -2.696946e-02 1.915272e+01 -3.062813e-04 9.999987e-01 1.552771e-03 -1.257241e+00 2.697006e-02 -1.543949e-03 9.996350e-01 1.657385e+01
9.991029e-01 -6.408755e-04 4.234233e-02 1.947916e+01 7.268852e-04 9.999977e-01 -2.015845e-03 -1.268318e+00 -4.234084e-02 2.044810e-03 9.991011e-01 1.683216e+01
9.994605e-01 4.481085e-04 -3.283930e-02 1.983791e+01 -3.890849e-04 9.999983e-01 1.803595e-03 -1.279632e+00 3.284016e-02 -1.789848e-03 9.994590e-01 1.706040e+01
9.990867e-01 -6.819902e-04 4.272180e-02 2.021158e+01 7.690623e-04 9.999977e-01 -2.021632e-03 -1.291659e+00 -4.272022e-02 2.052638e-03 9.990849e-01 1.731946e+01
9.995187e-01 4.518831e-04 -3.101583e-02 2.057435e+01 -3.983046e-04 9.999984e-01 1.733482e-03 -1.303403e+00 3.101666e-02 -1.720298e-03 9.995173e-01 1.757791e+01
9.992963e-01 -5.248081e-04 3.750459e-02 2.102189e+01 5.897035e-04 9.999983e-01 -1.719192e-03 -1.314053e+00 -3.750352e-02 1.740094e-03 9.992949e-01 1.773610e+01
9.994217e-01 6.603240e-04 -3.399482e-02 2.155093e+01 -5.946235e-04 9.999979e-01 1.942618e-03 -1.322877e+00 3.399613e-02 -1.921284e-03 9.994201e-01 1.778096e+01
9.992270e-01 -6.151585e-04 3.930472e-02 2.201668e+01 6.879459e-04 9.999981e-01 -1.838281e-03 -1.332369e+00 -3.930341e-02 1.863895e-03 9.992255e-01 1.788515e+01
9.994379e-01 6.215965e-04 -3.351814e-02 2.244794e+01 -5.590473e-04 9.999981e-01 1.875347e-03 -1.342381e+00 3.351935e-02 -1.855558e-03 9.994363e-01 1.802520e+01
9.993880e-01 -6.156687e-04 3.497292e-02 2.283662e+01 6.796670e-04 9.999981e-01 -1.817969e-03 -1.351457e+00 -3.497164e-02 1.840623e-03 9.993866e-01 1.810341e+01
9.993196e-01 5.393767e-04 -3.687649e-02 2.316163e+01 -4.667032e-04 9.999979e-01 1.979194e-03 -1.362296e+00 3.687759e-02 -1.960641e-03 9.993178e-01 1.825717e+01
9.994184e-01 -6.969811e-04 3.409179e-02 2.345291e+01 7.563845e-04 9.999982e-01 -1.729478e-03 -1.375863e+00 -3.409043e-02 1.754254e-03 9.994172e-01 1.854522e+01
9.993108e-01 4.719724e-04 -3.711494e-02 2.371798e+01 -3.976877e-04 9.999979e-01 2.008726e-03 -1.390830e+00 3.711591e-02 -1.992585e-03 9.993089e-01 1.890096e+01
9.994391e-01 -6.958201e-04 3.347890e-02 2.397581e+01 7.532307e-04 9.999983e-01 -1.702133e-03 -1.406146e+00 -3.347756e-02 1.726392e-03 9.994379e-01 1.927191e+01
9.992414e-01 4.376352e-04 -3.893937e-02 2.429046e+01 -3.521301e-04 9.999975e-01 2.202578e-03 -1.423417e+00 3.894034e-02 -2.187199e-03 9.992391e-01 1.971099e+01
9.994100e-01 -6.005409e-04 3.434092e-02 2.452588e+01 6.652610e-04 9.999980e-01 -1.873130e-03 -1.438560e+00 -3.433963e-02 1.894867e-03 9.994084e-01 2.007454e+01
9.992828e-01 5.172604e-04 -3.786103e-02 2.476084e+01 -4.350018e-04 9.999975e-01 2.180745e-03 -1.451864e+00 3.786216e-02 -2.162716e-03 9.992806e-01 2.037744e+01
