9.992451e-01 -7.564085e-04 3.884048e-02 2.403644e-02 8.057250e-04 9.999989e-01 -1.254079e-03 -1.252614e-02 -3.883949e-02 1.284428e-03 9.992445e-01 4.764050e-01
9.999941e-01 5.937952e-05 -3.448232e-03 4.137931e-02 -5.898440e-05 1.000000e+00 1.146842e-04 -2.518848e-02 3.448246e-03 -1.144799e-04 9.999939e-01 9.634577e-01
9.990517e-01 -8.326954e-04 4.353081e-02 7.700026e-02 8.946176e-04 9.999986e-01 -1.403030e-03 -3.817171e-02 -4.352957e-02 1.440643e-03 9.990510e-01 1.446449e+00
9.998731e-01 2.897970e-04 -1.592826e-02 1.135499e-01 -2.813440e-04 9.999998e-01 5.329295e-04 -5.370841e-02 1.592843e-02 -5.283806e-04 9.998729e-01 2.014805e+00
9.983996e-01 -1.055029e-03 5.654254e-02 1.656047e-01 1.160082e-03 9.999977e-01 -1.825149e-03 -6.781047e-02 -5.654047e-02 1.887822e-03 9.983984e-01 2.517953e+00
9.997847e-01 3.806135e-04 -2.074753e-02 2.023178e-01 -3.661883e-04 9.999997e-01 6.990665e-04 -8.266570e-02 2.074781e-02 -6.913187e-04 9.997844e-01 3.068626e+00
9.983031e-01 -1.070069e-03 5.822131e-02 2.109639e-01 1.181922e-03 9.999975e-01 -1.886759e-03 -9.379000e-02 -5.821912e-02 1.952370e-03 9.983018e-01 3.511548e+00
9.998568e-01 3.066980e-04 -1.692253e-02 2.134479e-01 -2.972462e-04 9.999998e-01 5.610420e-04 -1.037466e-01 1.692273e-02 -5.559320e-04 9.998565e-01 3.913978e+00
9.981067e-01 -1.131736e-03 6.149514e-02 2.472099e-01 1.256145e-03 9.999972e-01 -1.984458e-03 -1.152803e-01 -6.149269e-02 2.057947e-03 9.981053e-01 4.342774e+00
9.998278e-01 3.360559e-04 -1.855186e-02 2.827427e-01 -3.244384e-04 9.999997e-01 6.292145e-04 -1.295815e-01 1.855211e-02 -6.230880e-04 9.998276e-01 4.884718e+00
9.978478e-01 -1.201064e-03 6.556197e-02 3.460414e-01 1.342790e-03 9.999969e-01 -2.117680e-03 -1.447946e-01 -6.555918e-02 2.201157e-03 9.978462e-01 5.432264e+00
9.994809e-01 6.125918e-04 -3.221176e-02 4.058038e-01 -5.776319e-04 9.999992e-01 1.094598e-03 -1.610661e-01 3.221245e-02 -1.075424e-03 9.994804e-01 6.008872e+00
9.978864e-01 -1.194320e-03 6.497144e-02 4.534498e-01 1.334384e-03 9.999969e-01 -2.112427e-03 -1.769887e-01 -6.496867e-02 2.194658e-03 9.978848e-01 6.582628e+00
9.998429e-01 3.344939e-04 -1.771919e-02 4.907824e-01 -3.237517e-04 9.999998e-01 6.090866e-04 -1.904699e-01 1.771944e-02 -6.032557e-04 9.998427e-01 7.098371e+00
9.981243e-01 -1.136187e-03 6.120968e-02 5.350448e-01 1.260446e-03 9.999972e-01 -1.991481e-03 -2.045713e-01 -6.120719e-02 2.064896e-03 9.981229e-01 7.620827e+00
9.996389e-01 5.142120e-04 -2.686562e-02 6.017499e-01 -4.890017e-04 9.999994e-01 9.449258e-04 -2.249112e-01 2.686615e-02 -9.314488e-04 9.996385e-01 8.352247e+00
9.985880e-01 -1.011675e-03 5.311258e-02 6.359190e-01 1.105080e-03 9.999979e-01 -1.729276e-03 -2.465728e-01 -5.311066e-02 1.785526e-03 9.985869e-01 9.170536e+00
9.997908e-01 3.937011e-04 -2.044977e-02 6.863017e-01 -3.786477e-04 9.999997e-01 7.399505e-04 -2.695486e-01 2.045011e-02 -7.320543e-04 9.997905e-01 1.002942e+01
9.985877e-01 -1.013017e-03 5.311897e-02 7.458778e-01 1.106581e-03 9.999979e-01 -1.731998e-03 -2.920725e-01 -5.311704e-02 1.788331e-03 9.985866e-01 1.085463e+01
9.997787e-01 4.125128e-04 -2.103182e-02 8.096249e-01 -3.970612e-04 9.999996e-01 7.388067e-04 -3.121328e-01 2.103219e-02 -7.302943e-04 9.997784e-01 1.157505e+01
9.979548e-01 -1.182516e-03 6.391271e-02 8.826400e-01 1.320504e-03 9.999969e-01 -2.116799e-03 -3.231795e-01 -6.390994e-02 2.196865e-03 9.979532e-01 1.192723e+01
9.992697e-01 7.555413e-04 -3.820394e-02 9.486005e-01 -7.055075e-04 9.999989e-01 1.323085e-03 -3.369504e-01 3.820497e-02 -1.295168e-03 9.992690e-01 1.238153e+01
9.986090e-01 -9.850439e-04 5.271748e-02 1.076552e+00 1.078407e-03 9.999979e-01 -1.742583e-03 -3.587119e-01 -5.271558e-02 1.797007e-03 9.986079e-01 1.303954e+01
9.992618e-01 7.632427e-04 -3.840802e-02 1.207845e+00 -7.132261e-04 9.999989e-01 1.315899e-03 -3.790327e-01 3.840906e-02 -1.287536e-03 9.992612e-01 1.363985e+01
9.985870e-01 -9.618604e-04 5.313226e-02 1.526548e+00 1.057541e-03 9.999979e-01 -1.772702e-03 -4.023822e-01 -5.313037e-02 1.826385e-03 9.985858e-01 1.409814e+01
9.990200e-01 8.372881e-04 -4.425366e-02 1.557390e+00 -7.687190e-04 9.999985e-01 1.566425e-03 -4.249960e-01 4.425498e-02 -1.530873e-03 9.990190e-01 1.493873e+01
9.984177e-01 -1.022086e-03 5.622297e-02 1.587794e+00 1.129442e-03 9.999976e-01 -1.877715e-03 -4.462580e-01 -5.622084e-02 1.938242e-03 9.984164e-01 1.572869e+01
9.994405e-01 6.203591e-04 -3.343990e-02 1.644024e+00 -5.814676e-04 9.999991e-01 1.172702e-03 -4.626843e-01 3.344068e-02 -1.152604e-03 9.994400e-01 1.630036e+01
9.987650e-01 -9.100683e-04 4.967444e-02 1.686033e+00 9.927116e-04 9.999982e-01 -1.639029e-03 -4.837967e-01 -4.967278e-02 1.686315e-03 9.987640e-01 1.707389e+01
9.993749e-01 6.733012e-04 -3.534699e-02 1.749833e+00 -6.296426e-04 9.999990e-01 1.246221e-03 -5.082283e-01 3.534788e-02 -1.223189e-03 9.993742e-01 1.794248e+01
9.990598e-01 -8.108025e-04 4.334511e-02 1.795663e+00 8.736574e-04 9.999986e-01 -1.431153e-03 -5.326327e-01 -4.334381e-02 1.467673e-03 9.990591e-01 1.883523e+01
9.994517e-01 6.192629e-04 -3.310352e-02 1.788337e+00 -5.806718e-04 9.999991e-01 1.175327e-03 -5.549430e-01 3.310430e-02 -1.155462e-03 9.994512e-01 1.973116e+01
9.988914e-01 -8.941985e-04 4.706492e-02 1.753608e+00 9.672863e-04 9.999984e-01 -1.530135e-03 -5.788667e-01 -4.706339e-02 1.573961e-03 9.988906e-01 2.074408e+01
9.990846e-01 8.055582e-04 -4.277102e-02 1.682550e+00 -7.411007e-04 9.999986e-01 1.522834e-03 -6.040657e-01 4.277227e-02 -1.489745e-03 9.990837e-01 2.185779e+01
9.989661e-01 -8.598876e-04 4.545168e-02 1.649462e+00 9.295145e-04 9.999984e-01 -1.510748e-03 -6.265716e-01 -4.545023e-02 1.551431e-03 9.989653e-01 2.279027e+01
9.990952e-01 8.055838e-04 -4.252124e-02 1.615790e+00 -7.421130e-04 9.999986e-01 1.508413e-03 -6.476975e-01 4.252248e-02 -1.475495e-03 9.990943e-01 2.366632e+01
9.990158e-01 -8.571791e-04 4.434742e-02 1.530352e+00 9.227634e-04 9.999985e-01 -1.458396e-03 -6.696795e-01 -4.434603e-02 1.497880e-03 9.990150e-01 2.466250e+01
9.991886e-01 7.635816e-04 -4.026796e-02 1.344744e+00 -7.080087e-04 9.999988e-01 1.394282e-03 -6.818231e-01 4.026906e-02 -1.364643e-03 9.991879e-01 2.537993e+01
9.990644e-01 -8.188573e-04 4.324005e-02 1.062273e+00 8.821353e-04 9.999986e-01 -1.444321e-03 -6.880017e-01 -4.323872e-02 1.481110e-03 9.990636e-01 2.597718e+01
9.993673e-01 6.613690e-04 -3.555937e-02 1.026624e+00 -6.168542e-04 9.999990e-01 1.262754e-03 -7.066353e-01 3.556026e-02 -1.240023e-03 9.993667e-01 2.675642e+01
9.992867e-01 -7.218568e-04 3.775534e-02 8.425032e-01 7.702589e-04 9.999989e-01 -1.267426e-03 -7.203827e-01 -3.775430e-02 1.295600e-03 9.992861e-01 2.754080e+01
9.993461e-01 6.708382e-04 -3.614965e-02 5.372790e-01 -6.238735e-04 9.999989e-01 1.310395e-03 -7.342944e-01 3.615058e-02 -1.286988e-03 9.993454e-01 2.851112e+01
9.993250e-01 -6.895619e-04 3.672967e-02 8.591154e-02 7.365596e-04 9.999989e-01 -1.266002e-03 -7.395149e-01 -3.672867e-02 1.292198e-03 9.993244e-01 2.930909e+01
9.993392e-01 6.638020e-04 -3.634088e-02 -1.939431e-01 -6.159150e-04 9.999989e-01 1.328853e-03 -7.519311e-01 3.634180e-02 -1.305595e-03 9.993385e-01 3.017113e+01
9.993000e-01 -7.017281e-04 3.740189e-02 -4.770609e-01 7.504957e-04 9.999989e-01 -1.289820e-03 -7.639016e-01 -3.740086e-02 1.316984e-03 9.992994e-01 3.101945e+01
9.994549e-01 5.960785e-04 -3.300883e-02 -7.186820e-01 -5.565425e-04 9.999991e-01 1.206866e-03 -7.744099e-01 3.300960e-02 -1.187840e-03 9.994543e-01 3.175016e+01
9.992985e-01 -6.921491e-04 3.744409e-02 -9.406776e-01 7.421350e-04 9.999989e-01 -1.321029e-03 -7.817554e-01 -3.744304e-02 1.347888e-03 9.992978e-01 3.231302e+01
9.994197e-01 6.172983e-04 -3.405532e-02 -1.039313e+00 -5.744118e-04 9.999990e-01 1.269040e-03 -7.974237e-01 3.405615e-02 -1.248744e-03 9.994191e-01 3.305384e+01
9.990799e-01 -7.849096e-04 4.288069e-02 -1.033901e+00 8.508680e-04 9.999985e-01 -1.519922e-03 -8.139388e-01 -4.287935e-02 1.555007e-03 9.990790e-01 3.368116e+01
9.995729e-01 5.299279e-04 -2.921648e-02 -1.020397e+00 -4.979087e-04 9.999993e-01 1.103136e-03 -8.289931e-01 2.921713e-02 -1.088120e-03 9.995724e-01 3.423989e+01
9.989939e-01 -8.235467e-04 4.483845e-02 -1.035611e+00 8.959924e-04 9.999983e-01 -1.595598e-03 -8.417539e-01 -4.483698e-02 1.634164e-03 9.989929e-01 3.475258e+01
9.997260e-01 3.966459e-04 -2.340322e-02 -1.219571e+00 -3.752477e-04 9.999995e-01 9.186335e-04 -8.476151e-01 2.340366e-02 -9.096027e-04 9.997256e-01 3.523944e+01
9.992679e-01 -7.248290e-04 3.825086e-02 -1.550030e+00 7.787037e-04 9.999987e-01 -1.393535e-03 -8.462610e-01 -3.824971e-02 1.422298e-03 9.992671e-01 3.562786e+01
9.996249e-01 4.851838e-04 -2.738346e-02 -1.770661e+00 -4.556343e-04 9.999993e-01 1.085261e-03 -8.553696e-01 2.738406e-02 -1.072380e-03 9.996243e-01 3.628135e+01
9.991021e-01 -7.674654e-04 4.236012e-02 -1.712112e+00 8.340185e-04 9.999984e-01 -1.553435e-03 -8.718010e-01 -4.235877e-02 1.587366e-03 9.991011e-01 3.683596e+01
9.994837e-01 6.279331e-04 -3.212330e-02 -1.474131e+00 -5.887309e-04 9.999991e-01 1.229746e-03 -8.928856e-01 3.212414e-02 -1.210202e-03 9.994831e-01 3.731736e+01
9.989828e-01 -8.622446e-04 4.508309e-02 -1.439047e+00 9.346193e-04 9.999983e-01 -1.584267e-03 -9.161103e-01 -4.508156e-02 1.624788e-03 9.989819e-01 3.818368e+01
9.993624e-01 6.795564e-04 -3.569646e-02 -1.464300e+00 -6.306415e-04 9.999988e-01 1.381483e-03 -9.403609e-01 3.569745e-02 -1.358093e-03 9.993617e-01 3.918869e+01
9.992987e-01 -7.534631e-04 3.743698e-02 -1.527888e+00 8.032420e-04 9.999988e-01 -1.314597e-03 -9.660695e-01 -3.743585e-02 1.343743e-03 9.992981e-01 4.030524e+01
9.993836e-01 6.724074e-04 -3.509835e-02 -1.591977e+00 -6.248427e-04 9.999989e-01 1.366072e-03 -9.917276e-01 3.509932e-02 -1.343302e-03 9.993829e-01 4.142326e+01
9.993231e-01 -7.537261e-04 3.678015e-02 -1.700112e+00 8.014237e-04 9.999989e-01 -1.282051e-03 -1.018052e+00 -3.677905e-02 1.310657e-03 9.993225e-01 4.264067e+01
9.993563e-01 6.886444e-04 -3.586797e-02 -1.804088e+00 -6.387273e-04 9.999988e-01 1.403071e-03 -1.045817e+00 3.586899e-02 -1.379261e-03 9.993555e-01 4.390949e+01
9.992832e-01 -7.747179e-04 3.784774e-02 -1.904291e+00 8.254789e-04 9.999988e-01 -1.325529e-03 -1.072962e+00 -3.784658e-02 1.355818e-03 9.992826e-01 4.514803e+01
9.996850e-01 4.979845e-04 -2.508968e-02 -1.938962e+00 -4.724751e-04 9.999994e-01 1.022563e-03 -1.100361e+00 2.509026e-02 -1.010390e-03 9.996846e-01 4.630390e+01
9.985602e-01 -1.045119e-03 5.363206e-02 -1.918432e+00 1.145416e-03 9.999977e-01 -1.839358e-03 -1.129853e+00 -5.362992e-02 1.898137e-03 9.985590e-01 4.746951e+01
9.994484e-01 6.529165e-04 -3.320296e-02 -1.933166e+00 -6.090951e-04 9.999989e-01 1.329832e-03 -1.162252e+00 3.320389e-02 -1.308878e-03 9.994477e-01 4.880887e+01
9.993683e-01 -7.606819e-04 3.553074e-02 -1.996521e+00 8.052387e-04 9.999989e-01 -1.239682e-03 -1.194351e+00 -3.552966e-02 1.267507e-03 9.993677e-01 5.019414e+01
9.995424e-01 6.200685e-04 -3.024043e-02 -2.028700e+00 -5.843302e-04 9.999991e-01 1.190548e-03 -1.222715e+00 3.024123e-02 -1.172336e-03 9.995419e-01 5.137312e+01
9.994538e-01 -7.133372e-04 3.303722e-02 -2.074121e+00 7.529187e-04 9.999990e-01 -1.185595e-03 -1.245965e+00 -3.303625e-02 1.209818e-03 9.994534e-01 5.235674e+01
9.994708e-01 6.493019e-04 -3.252253e-02 -2.109891e+00 -6.070236e-04 9.999990e-01 1.309752e-03 -1.275288e+00 3.252344e-02 -1.289320e-03 9.994701e-01 5.357542e+01
9.993663e-01 -7.555197e-04 3.558705e-02 -2.142044e+00 8.014671e-04 9.999989e-01 -1.276818e-03 -1.304361e+00 -3.558595e-02 1.304528e-03 9.993657e-01 5.478010e+01
9.996157e-01 5.779874e-04 -2.771411e-02 -2.149683e+00 -5.469674e-04 9.999992e-01 1.126766e-03 -1.332179e+00 2.771483e-02 -1.111177e-03 9.996152e-01 5.589947e+01
9.994270e-01 -7.043949e-04 3.384083e-02 -2.077440e+00 7.473998e-04 9.999989e-01 -1.258101e-03 -1.357976e+00 -3.383981e-02 1.282669e-03 9.994264e-01 5.679888e+01
9.996573e-01 5.614785e-04 -2.617049e-02 -1.965485e+00 -5.336970e-04 9.999993e-01 1.068439e-03 -1.384297e+00 2.617116e-02 -1.054108e-03 9.996569e-01 5.766435e+01
9.995778e-01 -6.671657e-04 2.904556e-02 -1.985724e+00 6.982434e-04 9.999992e-01 -1.059757e-03 -1.410024e+00 -2.904474e-02 1.079587e-03 9.995775e-01 5.870816e+01
9.996068e-01 6.011411e-04 -2.803107e-02 -1.956977e+00 -5.695753e-04 9.999992e-01 1.133983e-03 -1.437142e+00 2.803182e-02 -1.117575e-03 9.996063e-01 5.972893e+01
9.995537e-01 -6.831091e-04 2.986317e-02 -1.955880e+00 7.160260e-04 9.999991e-01 -1.091502e-03 -1.463053e+00 -2.986230e-02 1.112395e-03 9.995533e-01 6.074537e+01
9.996957e-01 5.399100e-04 -2.466013e-02 -1.990589e+00 -5.148899e-04 9.999993e-01 1.020835e-03 -1.488425e+00 2.466077e-02 -1.007830e-03 9.996953e-01 6.180380e+01
9.996505e-01 -6.398732e-04 2.642871e-02 -2.059888e+00 6.654008e-04 9.999993e-01 -9.570330e-04 -1.514874e+00 -2.642799e-02 9.742809e-04 9.996502e-01 6.296089e+01
9.996708e-01 5.542233e-04 -2.565036e-02 -2.114842e+00 -5.268489e-04 9.999993e-01 1.073864e-03 -1.544452e+00 2.565103e-02 -1.059999e-03 9.996703e-01 6.422343e+01
9.996516e-01 -6.392413e-04 2.638459e-02 -2.166388e+00 6.649301e-04 9.999993e-01 -9.647807e-04 -1.573364e+00 -2.638386e-02 9.819852e-04 9.996513e-01 6.545294e+01
9.996594e-01 5.756314e-04 -2.608958e-02 -2.202635e+00 -5.481809e-04 9.999993e-01 1.059208e-03 -1.598453e+00 2.609027e-02 -1.044548e-03 9.996590e-01 6.649454e+01
9.996655e-01 -6.188301e-04 2.585265e-02 -2.199357e+00 6.442392e-04 9.999993e-01 -9.744364e-04 -1.621353e+00 -2.585193e-02 9.907626e-04 9.996652e-01 6.737750e+01
9.996713e-01 5.589878e-04 -2.563056e-02 -2.227666e+00 -5.318007e-04 9.999993e-01 1.067437e-03 -1.646261e+00 2.563123e-02 -1.053459e-03 9.996708e-01 6.839765e+01
9.996371e-01 -6.320234e-04 2.692898e-02 -2.238239e+00 6.599694e-04 9.999993e-01 -1.028804e-03 -1.669240e+00 -2.692821e-02 1.046200e-03 9.996368e-01 6.930853e+01
9.997135e-01 5.374937e-04 -2.392658e-02 -2.190455e+00 -5.133615e-04 9.999994e-01 1.014623e-03 -1.695347e+00 2.392721e-02 -1.002052e-03 9.997131e-01 7.025424e+01
9.996451e-01 -6.349431e-04 2.663010e-02 -2.134667e+00 6.617533e-04 9.999993e-01 -9.978727e-04 -1.724427e+00 -2.662936e-02 1.015138e-03 9.996448e-01 7.131491e+01
9.996960e-01 5.640974e-04 -2.464692e-02 -2.057984e+00 -5.391965e-04 9.999993e-01 1.016835e-03 -1.751122e+00 2.464758e-02 -1.003240e-03 9.996956e-01 7.223962e+01
9.996498e-01 -6.363937e-04 2.645361e-02 -1.987067e+00 6.630248e-04 9.999993e-01 -9.978639e-04 -1.777029e+00 -2.645286e-02 1.015051e-03 9.996495e-01 7.314066e+01
9.997255e-01 5.385521e-04 -2.342272e-02 -1.948236e+00 -5.154882e-04 9.999994e-01 9.905992e-04 -1.803789e+00 2.342334e-02 -9.782564e-04 9.997251e-01 7.413028e+01
9.996935e-01 -6.052807e-04 2.474630e-02 -1.879971e+00 6.291375e-04 9.999993e-01 -9.561849e-04 -1.829467e+00 -2.474561e-02 9.714574e-04 9.996932e-01 7.502502e+01
9.997165e-01 5.334649e-04 -2.380128e-02 -1.893244e+00 -5.094277e-04 9.999994e-01 1.015856e-03 -1.853356e+00 2.380190e-02 -1.003446e-03 9.997161e-01 7.597992e+01
9.997043e-01 -6.017754e-04 2.430637e-02 -1.944143e+00 6.248858e-04 9.999994e-01 -9.431143e-04 -1.876345e+00 -2.430569e-02 9.580209e-04 9.997040e-01 7.695862e+01
9.997337e-01 5.253604e-04 -2.306962e-02 -1.978772e+00 -5.028803e-04 9.999994e-01 9.801254e-04 -1.897777e+00 2.307022e-02 -9.682664e-04 9.997333e-01 7.784473e+01
9.997052e-01 -5.976988e-04 2.426923e-02 -1.983119e+00 6.207237e-04 9.999994e-01 -9.411075e-04 -1.920852e+00 -2.426855e-02 9.558913e-04 9.997050e-01 7.874922e+01
9.997412e-01 5.198977e-04 -2.274115e-02 -1.988504e+00 -4.977783e-04 9.999994e-01 9.781961e-04 -1.944832e+00 2.274174e-02 -9.666262e-04 9.997408e-01 7.969550e+01
9.995689e-01 -6.926092e-04 2.934999e-02 -2.016857e+00 7.260150e-04 9.999991e-01 -1.127465e-03 -1.965506e+00 -2.934908e-02 1.148284e-03 9.995685e-01 8.054862e+01
9.996928e-01 5.601823e-04 -2.477898e-02 -2.138859e+00 -5.347536e-04 9.999993e-01 1.032729e-03 -1.979949e+00 2.477964e-02 -1.019164e-03 9.996924e-01 8.127277e+01
9.995867e-01 -6.890366e-04 2.873989e-02 -2.213513e+00 7.208226e-04 9.999991e-01 -1.095558e-03 -1.998836e+00 -2.873902e-02 1.115819e-03 9.995863e-01 8.211990e+01
9.996450e-01 6.045324e-04 -2.663463e-02 -2.256979e+00 -5.752783e-04 9.999992e-01 1.105898e-03 -2.020069e+00 2.663538e-02 -1.090186e-03 9.996446e-01 8.301366e+01
9.994556e-01 -7.628191e-04 3.298162e-02 -2.283827e+00 8.036650e-04 9.999989e-01 -1.225130e-03 -2.043677e+00 -3.298055e-02 1.250966e-03 9.994551e-01 8.398638e+01
9.995332e-01 6.759203e-04 -3.054406e-02 -2.318661e+00 -6.377531e-04 9.999990e-01 1.259217e-03 -2.068956e+00 3.054498e-02 -1.239153e-03 9.995326e-01 8.503624e+01
9.993046e-01 -8.416229e-04 3.727734e-02 -2.364667e+00 8.940702e-04 9.999986e-01 -1.390235e-03 -2.090825e+00 -3.727602e-02 1.422593e-03 9.993039e-01 8.597005e+01
9.995231e-01 7.017308e-04 -3.087071e-02 -2.393072e+00 -6.626116e-04 9.999990e-01 1.277320e-03 -2.114721e+00 3.087167e-02 -1.256259e-03 9.995225e-01 8.695729e+01
9.992896e-01 -8.447216e-04 3.767685e-02 -2.379332e+00 8.979992e-04 9.999986e-01 -1.397099e-03 -2.141396e+00 -3.767552e-02 1.429937e-03 9.992889e-01 8.799072e+01
9.993868e-01 7.579006e-04 -3.500620e-02 -2.435107e+00 -7.077334e-04 9.999987e-01 1.445384e-03 -2.168163e+00 3.500735e-02 -1.419726e-03 9.993860e-01 8.913984e+01
9.993042e-01 -8.229153e-04 3.728759e-02 -2.459749e+00 8.765267e-04 9.999986e-01 -1.421390e-03 -2.191601e+00 -3.728627e-02 1.453081e-03 9.993035e-01 9.009621e+01
9.996149e-01 6.370127e-04 -2.774046e-02 -2.441817e+00 -6.044219e-04 9.999991e-01 1.183115e-03 -2.214407e+00 2.774128e-02 -1.165896e-03 9.996144e-01 9.096672e+01
9.989762e-01 -9.727972e-04 4.522758e-02 -2.415495e+00 1.049532e-03 9.999980e-01 -1.672854e-03 -2.236749e+00 -4.522576e-02 1.718606e-03 9.989753e-01 9.181336e+01
9.996585e-01 6.075811e-04 -2.612246e-02 -2.411802e+00 -5.779759e-04 9.999992e-01 1.140747e-03 -2.260110e+00 2.612323e-02 -1.125263e-03 9.996580e-01 9.274233e+01
9.992307e-01 -8.656889e-04 3.920791e-02 -2.415935e+00 9.242282e-04 9.999985e-01 -1.474877e-03 -2.284258e+00 -3.920647e-02 1.509976e-03 9.992299e-01 9.371355e+01
9.992922e-01 8.122010e-04 -3.760865e-02 -2.426160e+00 -7.540971e-04 9.999985e-01 1.559039e-03 -2.311789e+00 3.760996e-02 -1.529578e-03 9.992913e-01 9.481660e+01
9.991416e-01 -8.897930e-04 4.141530e-02 -2.412646e+00 9.556295e-04 9.999983e-01 -1.569827e-03 -2.338559e+00 -4.141373e-02 1.608054e-03 9.991407e-01 9.585323e+01
9.995109e-01 6.926688e-04 -3.126244e-02 -2.428841e+00 -6.511995e-04 9.999989e-01 1.336553e-03 -2.362849e+00 3.126343e-02 -1.315544e-03 9.995103e-01 9.684209e+01
9.993257e-01 -8.340370e-04 3.670554e-02 -2.490284e+00 8.854808e-04 9.999986e-01 -1.385215e-03 -2.390204e+00 -3.670424e-02 1.416779e-03 9.993251e-01 9.802869e+01
9.994746e-01 7.173450e-04 -3.240221e-02 -2.565113e+00 -6.734538e-04 9.999988e-01 1.365371e-03 -2.415571e+00 3.240325e-02 -1.342836e-03 9.994739e-01 9.915317e+01
9.992774e-01 -8.468588e-04 3.799758e-02 -2.610174e+00 9.021035e-04 9.999986e-01 -1.436701e-03 -2.440700e+00 -3.799621e-02 1.469937e-03 9.992767e-01 1.002213e+02
9.994324e-01 7.535828e-04 -3.367898e-02 -2.633744e+00 -7.072883e-04 9.999988e-01 1.386379e-03 -2.462808e+00 3.368008e-02 -1.361775e-03 9.994317e-01 1.011255e+02
9.993810e-01 -8.026894e-04 3.516959e-02 -2.704537e+00 8.512264e-04 9.999987e-01 -1.365048e-03 -2.480952e+00 -3.516835e-02 1.394136e-03 9.993804e-01 1.019308e+02
9.994714e-01 7.426785e-04 -3.249922e-02 -2.701496e+00 -6.999522e-04 9.999989e-01 1.325948e-03 -2.498271e+00 3.250027e-02 -1.302502e-03 9.994708e-01 1.025847e+02
9.994014e-01 -7.871159e-04 3.458531e-02 -2.666357e+00 8.340123e-04 9.999988e-01 -1.341474e-03 -2.517720e+00 -3.458411e-02 1.369512e-03 9.994008e-01 1.032755e+02
9.994448e-01 7.503806e-04 -3.330974e-02 -2.764335e+00 -7.055800e-04 9.999988e-01 1.356608e-03 -2.532446e+00 3.331082e-02 -1.332355e-03 9.994441e-01 1.039659e+02
9.993357e-01 -8.144153e-04 3.643274e-02 -2.773426e+00 8.661446e-04 9.999986e-01 -1.404014e-03 -2.550344e+00 -3.643145e-02 1.434634e-03 9.993351e-01 1.046636e+02
9.993890e-01 7.717673e-04 -3.494053e-02 -2.815452e+00 -7.222828e-04 9.999987e-01 1.428758e-03 -2.569307e+00 3.494169e-02 -1.402652e-03 9.993883e-01 1.054588e+02
9.993723e-01 -8.072491e-04 3.541622e-02 -2.851655e+00 8.558695e-04 9.999987e-01 -1.357607e-03 -2.590284e+00 -3.541498e-02 1.387063e-03 9.993717e-01 1.063269e+02
9.993877e-01 7.736259e-04 -3.497845e-02 -2.827475e+00 -7.235449e-04 9.999987e-01 1.444310e-03 -2.614871e+00 3.497962e-02 -1.418121e-03 9.993870e-01 1.072483e+02
9.992493e-01 -8.474822e-04 3.872984e-02 -2.811806e+00 9.056818e-04 9.999985e-01 -1.485109e-03 -2.637799e+00 -3.872842e-02 1.519067e-03 9.992486e-01 1.081178e+02
9.994467e-01 7.454324e-04 -3.325268e-02 -2.765108e+00 -7.011028e-04 9.999989e-01 1.344657e-03 -2.655389e+00 3.325374e-02 -1.320603e-03 9.994460e-01 1.087187e+02
9.989547e-01 -9.513127e-04 4.570009e-02 -2.625940e+00 1.030920e-03 9.999980e-01 -1.718345e-03 -2.673913e+00 -4.569826e-02 1.763659e-03 9.989537e-01 1.092339e+02
9.992620e-01 8.654027e-04 -3.840051e-02 -2.414936e+00 -8.070972e-04 9.999985e-01 1.533742e-03 -2.698426e+00 3.840188e-02 -1.501621e-03 9.992612e-01 1.098874e+02
9.988902e-01 -9.357658e-04 4.708993e-02 -1.951407e+00 1.021464e-03 9.999979e-01 -1.795789e-03 -2.724550e+00 -4.708805e-02 1.841893e-03 9.988890e-01 1.102397e+02
9.992019e-01 8.895209e-04 -3.993368e-02 -1.548655e+00 -8.269150e-04 9.999984e-01 1.584150e-03 -2.748959e+00 3.993513e-02 -1.549867e-03 9.992010e-01 1.106074e+02
9.988772e-01 -1.008627e-03 4.736233e-02 -1.515926e+00 1.093338e-03 9.999978e-01 -1.762636e-03 -2.768251e+00 -4.736035e-02 1.812436e-03 9.988762e-01 1.113000e+02
9.991218e-01 9.157940e-04 -4.188876e-02 -1.524733e+00 -8.465585e-04 9.999982e-01 1.670468e-03 -2.787989e+00 4.189031e-02 -1.633543e-03 9.991208e-01 1.120793e+02
9.985930e-01 -1.094932e-03 5.301592e-02 -1.502218e+00 1.201871e-03 9.999973e-01 -1.985209e-03 -2.802555e+00 -5.301351e-02 2.046130e-03 9.985916e-01 1.126016e+02
9.990040e-01 9.627942e-04 -4.460921e-02 -1.525322e+00 -8.830603e-04 9.999980e-01 1.806977e-03 -2.821756e+00 4.461096e-02 -1.765789e-03 9.990028e-01 1.133854e+02
9.985919e-01 -1.088472e-03 5.303627e-02 -1.507727e+00 1.196055e-03 9.999973e-01 -1.996726e-03 -2.841969e+00 -5.303385e-02 2.057345e-03 9.985905e-01 1.141455e+02
9.988880e-01 1.019052e-03 -4.713347e-02 -1.532317e+00 -9.313381e-04 9.999978e-01 1.882821e-03 -2.858516e+00 4.713539e-02 -1.836833e-03 9.988868e-01 1.148122e+02
9.986599e-01 -1.058125e-03 5.174105e-02 -1.469457e+00 1.160492e-03 9.999974e-01 -1.948367e-03 -2.881045e+00 -5.173875e-02 2.005797e-03 9.986586e-01 1.155882e+02
9.991437e-01 9.011977e-04 -4.136407e-02 -1.399239e+00 -8.310931e-04 9.999982e-01 1.711896e-03 -2.907809e+00 4.136563e-02 -1.676056e-03 9.991426e-01 1.165327e+02
9.989566e-01 -9.508774e-04 4.565819e-02 -1.300699e+00 1.032515e-03 9.999979e-01 -1.764385e-03 -2.933439e+00 -4.565632e-02 1.809683e-03 9.989555e-01 1.173893e+02
9.990095e-01 9.359749e-04 -4.448729e-02 -1.414096e+00 -8.551276e-04 9.999979e-01 1.836223e-03 -2.952988e+00 4.448902e-02 -1.796366e-03 9.990082e-01 1.183186e+02
9.986024e-01 -1.070772e-03 5.284021e-02 -1.435125e+00 1.178296e-03 9.999973e-01 -2.003720e-03 -2.974934e+00 -5.283782e-02 2.063177e-03 9.986009e-01 1.192139e+02
9.992941e-01 8.225952e-04 -3.755691e-02 -1.357321e+00 -7.636901e-04 9.999985e-01 1.582638e-03 -2.997521e+00 3.755825e-02 -1.552843e-03 9.992932e-01 1.199780e+02
9.987038e-01 -1.042939e-03 5.088733e-02 -1.308775e+00 1.142877e-03 9.999975e-01 -1.934766e-03 -3.020124e+00 -5.088509e-02 1.990412e-03 9.987025e-01 1.207922e+02
9.988583e-01 1.014580e-03 -4.775932e-02 -1.322110e+00 -9.233626e-04 9.999977e-01 1.931887e-03 -3.040825e+00 4.776127e-02 -1.885586e-03 9.988570e-01 1.216140e+02
9.984085e-01 -1.125268e-03 5.638351e-02 -1.269466e+00 1.247881e-03 9.999969e-01 -2.139389e-03 -3.059231e+00 -5.638083e-02 2.206341e-03 9.984068e-01 1.222415e+02
9.993051e-01 8.097087e-04 -3.726328e-02 -1.203457e+00 -7.504593e-04 9.999984e-01 1.603870e-03 -3.082057e+00 3.726462e-02 -1.574795e-03 9.993041e-01 1.230462e+02
9.989214e-01 -9.663652e-04 4.642129e-02 -1.190684e+00 1.051632e-03 9.999978e-01 -1.812342e-03 -3.105500e+00 -4.641933e-02 1.859202e-03 9.989203e-01 1.239472e+02
9.992709e-01 8.367404e-04 -3.816945e-02 -1.113149e+00 -7.753176e-04 9.999984e-01 1.623880e-03 -3.130239e+00 3.817084e-02 -1.593107e-03 9.992699e-01 1.247947e+02
9.987449e-01 -1.030261e-03 5.007482e-02 -1.062475e+00 1.128426e-03 9.999975e-01 -1.932068e-03 -3.153130e+00 -5.007260e-02 1.986145e-03 9.987436e-01 1.256169e+02
9.989382e-01 9.788495e-04 -4.605914e-02 -1.088676e+00 -8.913989e-04 9.999978e-01 1.919069e-03 -3.176499e+00 4.606102e-02 -1.875978e-03 9.989368e-01 1.265744e+02
9.987017e-01 -1.053462e-03 5.092764e-02 -1.096073e+00 1.154005e-03 9.999974e-01 -1.944781e-03 -3.202933e+00 -5.092536e-02 2.001023e-03 9.987004e-01 1.276282e+02
9.989381e-01 1.005085e-03 -4.605941e-02 -1.032227e+00 -9.184226e-04 9.999978e-01 1.902568e-03 -3.230064e+00 4.606132e-02 -1.858249e-03 9.989368e-01 1.285961e+02
9.988338e-01 -9.677567e-04 4.827102e-02 -7.170559e-01 1.061756e-03 9.999976e-01 -1.921641e-03 -3.255650e+00 -4.826894e-02 1.970648e-03 9.988324e-01 1.291289e+02
9.988357e-01 1.035736e-03 -4.822935e-02 -4.572315e-01 -9.412240e-04 9.999976e-01 1.982207e-03 -3.280140e+00 4.823139e-02 -1.934508e-03 9.988343e-01 1.296928e+02
9.987320e-01 -1.031250e-03 5.033169e-02 -3.923606e-01 1.130745e-03 9.999975e-01 -1.948293e-03 -3.304125e+00 -5.032945e-02 2.002731e-03 9.987306e-01 1.305235e+02
9.986734e-01 1.121343e-03 -5.147857e-02 -2.407870e-01 -1.016737e-03 9.999974e-01 2.058095e-03 -3.325680e+00 5.148084e-02 -2.003028e-03 9.986719e-01 1.311183e+02
9.988826e-01 -9.659446e-04 4.724940e-02 -2.032268e-01 1.054482e-03 9.999977e-01 -1.848863e-03 -3.342260e+00 -4.724740e-02 1.896617e-03 9.988814e-01 1.316804e+02
9.992292e-01 8.523681e-04 -3.924533e-02 -8.004631e-02 -7.887208e-04 9.999983e-01 1.637126e-03 -3.361466e+00 3.924676e-02 -1.604914e-03 9.992282e-01 1.322364e+02
9.987864e-01 -1.013809e-03 4.923918e-02 -4.041660e-02 1.108477e-03 9.999976e-01 -1.895261e-03 -3.381546e+00 -4.923704e-02 1.947537e-03 9.987852e-01 1.329554e+02
9.991869e-01 8.589428e-04 -4.030672e-02 -4.322480e-02 -7.917147e-04 9.999983e-01 1.683736e-03 -3.400534e+00 4.030819e-02 -1.650459e-03 9.991859e-01 1.336969e+02
9.991102e-01 -8.890206e-04 4.216508e-02 -1.045606e-01 9.629693e-04 9.999980e-01 -1.733414e-03 -3.402454e+00 -4.216335e-02 1.772472e-03 9.991091e-01 1.338148e+02
9.992686e-01 8.688988e-04 -3.822904e-02 2.246229e-01 -8.075628e-04 9.999984e-01 1.619732e-03 -3.419887e+00 3.823049e-02 -1.587679e-03 9.992676e-01 1.340056e+02
9.990669e-01 -9.327750e-04 4.317849e-02 3.166172e-01 1.008313e-03 9.999980e-01 -1.727601e-03 -3.440927e+00 -4.317670e-02 1.769522e-03 9.990658e-01 1.346786e+02
9.991927e-01 8.833834e-04 -4.016170e-02 2.617835e-01 -8.168446e-04 9.999983e-01 1.673042e-03 -3.452873e+00 4.016321e-02 -1.638889e-03 9.991917e-01 1.351926e+02
9.989295e-01 -9.567804e-04 4.624747e-02 4.062215e-01 1.042620e-03 9.999978e-01 -1.831915e-03 -3.471495e+00 -4.624552e-02 1.878169e-03 9.989283e-01 1.356916e+02
9.992259e-01 8.574178e-04 -3.932918e-02 4.622882e-01 -7.928747e-04 9.999983e-01 1.656553e-03 -3.489282e+00 3.933063e-02 -1.624091e-03 9.992249e-01 1.362869e+02
9.989270e-01 -9.718867e-04 4.630045e-02 4.760396e-01 1.057132e-03 9.999978e-01 -1.816587e-03 -3.508406e+00 -4.629849e-02 1.863580e-03 9.989259e-01 1.370052e+02
9.989623e-01 9.798310e-04 -4.553188e-02 5.004452e-01 -8.946249e-04 9.999978e-01 1.891589e-03 -3.530722e+00 4.553374e-02 -1.848896e-03 9.989611e-01 1.378294e+02
9.989473e-01 -9.608161e-04 4.586029e-02 5.176820e-01 1.045892e-03 9.999978e-01 -1.831059e-03 -3.549438e+00 -4.585833e-02 1.877092e-03 9.989461e-01 1.385151e+02
9.989817e-01 9.599971e-04 -4.510536e-02 4.935525e-01 -8.748526e-04 9.999978e-01 1.907282e-03 -3.570631e+00 4.510719e-02 -1.865883e-03 9.989804e-01 1.393704e+02
9.988483e-01 -9.969456e-04 4.796763e-02 5.010075e-01 1.088548e-03 9.999976e-01 -1.883490e-03 -3.595707e+00 -4.796554e-02 1.933533e-03 9.988471e-01 1.403404e+02
9.991979e-01 8.719845e-04 -4.003249e-02 5.313548e-01 -8.044985e-04 9.999982e-01 1.701745e-03 -3.616944e+00 4.003400e-02 -1.668178e-03 9.991969e-01 1.411177e+02
9.991959e-01 -8.754834e-04 4.008358e-02 4.318403e-01 9.414286e-04 9.999982e-01 -1.626238e-03 -3.634080e+00 -4.008199e-02 1.662662e-03 9.991950e-01 1.419192e+02
9.991893e-01 9.060365e-04 -4.024556e-02 -8.591619e-03 -8.414032e-04 9.999983e-01 1.622769e-03 -3.624344e+00 4.024707e-02 -1.587594e-03 9.991885e-01 1.420825e+02
9.991028e-01 -9.539386e-04 4.233884e-02 -1.383425e-01 1.022373e-03 9.999982e-01 -1.594618e-03 -3.642727e+00 -4.233714e-02 1.636469e-03 9.991020e-01 1.429873e+02
9.991628e-01 9.040825e-04 -4.089962e-02 -2.394303e-01 -8.352733e-04 9.999982e-01 1.699336e-03 -3.668997e+00 4.090118e-02 -1.663755e-03 9.991618e-01 1.441899e+02
9.990751e-01 -9.603972e-04 4.298707e-02 -3.053975e-01 1.032070e-03 9.999981e-01 -1.645040e-03 -3.692999e+00 -4.298531e-02 1.687880e-03 9.990742e-01 1.452388e+02
9.992363e-01 8.903634e-04 -3.906212e-02 -3.269110e-01 -8.276285e-04 9.999983e-01 1.622050e-03 -3.716062e+00 3.906360e-02 -1.588486e-03 9.992354e-01 1.461773e+02
9.992265e-01 -9.141145e-04 3.931181e-02 -3.996668e-01 9.748830e-04 9.999984e-01 -1.526555e-03 -3.737798e+00 -3.931025e-02 1.563695e-03 9.992258e-01 1.471384e+02
9.992408e-01 9.164648e-04 -3.894811e-02 -7.421724e-01 -8.555740e-04 9.999984e-01 1.579901e-03 -3.744622e+00 3.894960e-02 -1.545382e-03 9.992399e-01 1.478436e+02
9.991914e-01 -9.722283e-04 4.019230e-02 -8.352774e-01 1.032447e-03 9.999984e-01 -1.477436e-03 -3.770251e+00 -4.019070e-02 1.517734e-03 9.991908e-01 1.490051e+02
9.991921e-01 9.466719e-04 -4.017734e-02 -9.120431e-01 -8.822486e-04 9.999983e-01 1.621057e-03 -3.796603e+00 4.017890e-02 -1.584305e-03 9.991912e-01 1.501659e+02
9.991981e-01 -9.617930e-04 4.002633e-02 -1.043765e+00 1.022652e-03 9.999984e-01 -1.499913e-03 -3.818133e+00 -4.002473e-02 1.539640e-03 9.991975e-01 1.512082e+02
9.991601e-01 9.987397e-04 -4.096297e-02 -1.370913e+00 -9.334756e-04 9.999983e-01 1.612229e-03 -3.827084e+00 4.096461e-02 -1.572640e-03 9.991593e-01 1.519763e+02
9.993073e-01 -8.800447e-04 3.720389e-02 -1.765190e+00 9.343797e-04 9.999985e-01 -1.442985e-03 -3.829051e+00 -3.720246e-02 1.476745e-03 9.993066e-01 1.525245e+02
9.992224e-01 9.284223e-04 -3.941652e-02 -1.913981e+00 -8.660341e-04 9.999983e-01 1.599722e-03 -3.845749e+00 3.941804e-02 -1.564346e-03 9.992215e-01 1.533695e+02
9.993569e-01 -8.125056e-04 3.584635e-02 -2.213557e+00 8.652377e-04 9.999986e-01 -1.455450e-03 -3.848310e+00 -3.584502e-02 1.485526e-03 9.993562e-01 1.538119e+02
9.993657e-01 8.113312e-04 -3.560178e-02 -2.541918e+00 -7.584255e-04 9.999986e-01 1.499394e-03 -3.854793e+00 3.560305e-02 -1.471445e-03 9.993649e-01 1.544800e+02
9.993781e-01 -8.184344e-04 3.525209e-02 -2.712074e+00 8.686655e-04 9.999986e-01 -1.409495e-03 -3.870739e+00 -3.525079e-02 1.439237e-03 9.993774e-01 1.553317e+02
9.992168e-01 9.159339e-04 -3.955891e-02 -2.728482e+00 -8.520109e-04 9.999983e-01 1.632607e-03 -3.890778e+00 3.956043e-02 -1.597628e-03 9.992159e-01 1.561133e+02
9.995384e-01 -6.857759e-04 3.037207e-02 -2.530552e+00 7.240959e-04 9.999990e-01 -1.250563e-03 -3.910551e+00 -3.037108e-02 1.271974e-03 9.995378e-01 1.565672e+02
9.992314e-01 9.038498e-04 -3.918865e-02 -2.514776e+00 -8.411799e-04 9.999983e-01 1.615529e-03 -3.928956e+00 3.919014e-02 -1.581326e-03 9.992305e-01 1.572357e+02
9.993911e-01 -8.026776e-04 3.487986e-02 -2.499412e+00 8.523854e-04 9.999986e-01 -1.410146e-03 -3.947413e+00 -3.487858e-02 1.439015e-03 9.993905e-01 1.579054e+02
9.993405e-01 8.379522e-04 -3.629953e-02 -2.509280e+00 -7.846467e-04 9.999986e-01 1.482588e-03 -3.959415e+00 3.630082e-02 -1.453132e-03 9.993398e-01 1.583426e+02
9.993728e-01 -8.219077e-04 3.540203e-02 -2.606174e+00 8.718320e-04 9.999986e-01 -1.394679e-03 -3.974699e+00 -3.540074e-02 1.424665e-03 9.993721e-01 1.590559e+02
9.993041e-01 8.624856e-04 -3.728783e-02 -2.632414e+00 -8.062116e-04 9.999985e-01 1.524070e-03 -3.992808e+00 3.728919e-02 -1.492951e-03 9.993034e-01 1.597780e+02
9.993469e-01 -8.521069e-04 3.612441e-02 -2.605778e+00 9.034638e-04 9.999986e-01 -1.405252e-03 -4.015073e+00 -3.612306e-02 1.436968e-03 9.993463e-01 1.605907e+02
9.991827e-01 9.541678e-04 -4.040831e-02 -2.330769e+00 -8.900857e-04 9.999983e-01 1.603714e-03 -4.040003e+00 4.040987e-02 -1.566440e-03 9.991819e-01 1.611445e+02
9.993388e-01 -8.127737e-04 3.634758e-02 -1.756753e+00 8.654661e-04 9.999986e-01 -1.433858e-03 -4.069542e+00 -3.634627e-02 1.464363e-03 9.993381e-01 1.614496e+02
9.991988e-01 9.548173e-04 -4.000943e-02 -1.130556e+00 -8.917743e-04 9.999983e-01 1.593411e-03 -4.101115e+00 4.001099e-02 -1.556458e-03 9.991980e-01 1.617654e+02
9.992423e-01 -8.452077e-04 3.891022e-02 -5.251528e-01 9.054214e-04 9.999984e-01 -1.529801e-03 -4.130836e+00 -3.890877e-02 1.563868e-03 9.992415e-01 1.620418e+02
9.992938e-01 8.534405e-04 -3.756326e-02 -2.451646e-01 -7.955291e-04 9.999985e-01 1.556504e-03 -4.159481e+00 3.756463e-02 -1.525526e-03 9.992930e-01 1.627658e+02
9.992061e-01 -8.448271e-04 3.982815e-02 1.509846e-01 9.079405e-04 9.999984e-01 -1.566476e-03 -4.190971e+00 -3.982666e-02 1.601390e-03 9.992053e-01 1.634415e+02
9.992468e-01 9.049251e-04 -3.879413e-02 7.674675e-01 -8.442148e-04 9.999984e-01 1.581174e-03 -4.225091e+00 3.879560e-02 -1.547236e-03 9.992459e-01 1.638936e+02
9.992797e-01 -8.684509e-04 3.793742e-02 1.064866e+00 9.258068e-04 9.999985e-01 -1.494205e-03 -4.251507e+00 -3.793596e-02 1.528247e-03 9.992790e-01 1.644954e+02
9.992442e-01 8.880383e-04 -3.886093e-02 1.202569e+00 -8.269412e-04 9.999984e-01 1.588129e-03 -4.274113e+00 3.886237e-02 -1.554796e-03 9.992433e-01 1.651724e+02
9.992262e-01 -8.351630e-04 3.932258e-02 1.777347e+00 8.975918e-04 9.999984e-01 -1.569875e-03 -4.304479e+00 -3.932111e-02 1.603952e-03 9.992253e-01 1.655366e+02
9.993157e-01 9.325031e-04 -3.697482e-02 2.850486e+00 -8.770361e-04 9.999985e-01 1.516201e-03 -4.346949e+00 3.697628e-02 -1.482739e-03 9.993150e-01 1.656873e+02
9.992756e-01 -8.378594e-04 3.804563e-02 3.838501e+00 8.964662e-04 9.999984e-01 -1.523292e-03 -4.386832e+00 -3.804420e-02 1.556292e-03 9.992748e-01 1.658525e+02
9.993733e-01 9.127351e-04 -3.538572e-02 4.669891e+00 -8.624789e-04 9.999986e-01 1.435354e-03 -4.420989e+00 3.538708e-02 -1.403939e-03 9.993727e-01 1.660059e+02
9.992904e-01 -8.112369e-04 3.765495e-02 5.848411e+00 8.677746e-04 9.999985e-01 -1.485038e-03 -4.467487e+00 -3.765359e-02 1.516657e-03 9.992897e-01 1.661856e+02
9.993140e-01 9.400622e-04 -3.702186e-02 7.225872e+00 -8.847472e-04 9.999985e-01 1.510354e-03 -4.520804e+00 3.702333e-02 -1.476566e-03 9.993133e-01 1.663667e+02
9.993253e-01 -7.898520e-04 3.671721e-02 8.811371e+00 8.429821e-04 9.999986e-01 -1.431436e-03 -4.580836e+00 -3.671593e-02 1.461419e-03 9.993246e-01 1.665279e+02
9.993206e-01 9.385160e-04 -3.684306e-02 1.049297e+01 -8.838413e-04 9.999985e-01 1.500131e-03 -4.641832e+00 3.684451e-02 -1.466552e-03 9.993199e-01 1.666124e+02
9.993538e-01 -7.827264e-04 3.593320e-02 1.219142e+01 8.335558e-04 9.999987e-01 -1.399478e-03 -4.701927e+00 -3.593196e-02 1.428522e-03 9.993532e-01 1.666424e+02
9.992964e-01 9.717652e-04 -3.749090e-02 1.421772e+01 -9.140930e-04 9.999984e-01 1.555290e-03 -4.775587e+00 3.749245e-02 -1.519929e-03 9.992957e-01 1.667556e+02
9.993413e-01 -7.817607e-04 3.627923e-02 1.633333e+01 8.330165e-04 9.999987e-01 -1.397608e-03 -4.853929e+00 -3.627799e-02 1.426905e-03 9.993407e-01 1.669260e+02
9.993404e-01 9.691436e-04 -3.630125e-02 1.853780e+01 -9.151053e-04 9.999984e-01 1.505072e-03 -4.934832e+00 3.630275e-02 -1.470863e-03 9.993397e-01 1.670905e+02
9.993147e-01 -8.241821e-04 3.700342e-02 2.034018e+01 8.780788e-04 9.999986e-01 -1.440195e-03 -5.003891e+00 -3.700208e-02 1.471696e-03 9.993141e-01 1.673349e+02
9.993265e-01 9.464489e-04 -3.668169e-02 2.182489e+01 -8.921813e-04 9.999985e-01 1.495644e-03 -5.061853e+00 3.668314e-02 -1.461913e-03 9.993258e-01 1.675674e+02
9.992929e-01 -8.120538e-04 3.758827e-02 2.351846e+01 8.669989e-04 9.999986e-01 -1.445377e-03 -5.127296e+00 -3.758694e-02 1.476941e-03 9.992922e-01 1.678046e+02
9.992579e-01 9.445003e-04 -3.850467e-02 2.495510e+01 -8.851700e-04 9.999984e-01 1.557766e-03 -5.185082e+00 3.850617e-02 -1.522530e-03 9.992572e-01 1.680855e+02
9.993535e-01 -7.727219e-04 3.594205e-02 2.659623e+01 8.226989e-04 9.999987e-01 -1.375608e-03 -5.248728e+00 -3.594084e-02 1.404284e-03 9.993529e-01 1.683001e+02
9.993569e-01 9.181634e-04 -3.584440e-02 2.825941e+01 -8.670098e-04 9.999986e-01 1.442498e-03 -5.311751e+00 3.584578e-02 -1.410497e-03 9.993563e-01 1.684760e+02
9.993584e-01 -7.848372e-04 3.580504e-02 2.973896e+01 8.349299e-04 9.999987e-01 -1.383998e-03 -5.367520e+00 -3.580380e-02 1.413002e-03 9.993578e-01 1.686135e+02
9.993110e-01 9.319429e-04 -3.710157e-02 3.121017e+01 -8.770482e-04 9.999985e-01 1.495711e-03 -5.424058e+00 3.710301e-02 -1.462144e-03 9.993103e-01 1.687823e+02
9.993592e-01 -7.834215e-04 3.578305e-02 3.273553e+01 8.330607e-04 9.999987e-01 -1.372225e-03 -5.483663e+00 -3.578182e-02 1.401151e-03 9.993586e-01 1.690003e+02
9.994088e-01 9.019530e-04 -3.436648e-02 3.421035e+01 -8.552353e-04 9.999987e-01 1.373950e-03 -5.540570e+00 3.436777e-02 -1.343750e-03 9.994083e-01 1.691910e+02
9.993947e-01 -7.786575e-04 3.477752e-02 3.573691e+01 8.253067e-04 9.999988e-01 -1.326910e-03 -5.598642e+00 -3.477635e-02 1.354805e-03 9.993942e-01 1.693614e+02
9.993743e-01 9.053913e-04 -3.535580e-02 3.724326e+01 -8.558599e-04 9.999986e-01 1.415930e-03 -5.656474e+00 3.535713e-02 -1.384788e-03 9.993737e-01 1.695582e+02
9.993164e-01 -7.563110e-04 3.695998e-02 3.914774e+01 8.087701e-04 9.999987e-01 -1.404309e-03 -5.725380e+00 -3.695877e-02 1.433237e-03 9.993157e-01 1.696480e+02
9.993432e-01 9.130864e-04 -3.622464e-02 4.107689e+01 -8.609659e-04 9.999986e-01 1.454267e-03 -5.795480e+00 3.622602e-02 -1.422127e-03 9.993426e-01 1.697543e+02
9.993414e-01 -7.443558e-04 3.627924e-02 4.312287e+01 7.944367e-04 9.999988e-01 -1.365921e-03 -5.868682e+00 -3.627808e-02 1.393839e-03 9.993407e-01 1.698265e+02
9.993591e-01 9.120621e-04 -3.578228e-02 4.518630e+01 -8.611205e-04 9.999986e-01 1.438921e-03 -5.944191e+00 3.578364e-02 -1.407189e-03 9.993585e-01 1.699690e+02
9.993505e-01 -7.408346e-04 3.602595e-02 4.733158e+01 7.897850e-04 9.999988e-01 -1.344433e-03 -6.022752e+00 -3.602481e-02 1.372009e-03 9.993499e-01 1.701259e+02
9.993738e-01 9.297212e-04 -3.536898e-02 4.969942e+01 -8.797415e-04 9.999986e-01 1.428511e-03 -6.108385e+00 3.537036e-02 -1.396504e-03 9.993733e-01 1.702597e+02
9.993729e-01 -7.664885e-04 3.539833e-02 5.171498e+01 8.141424e-04 9.999988e-01 -1.331711e-03 -6.182951e+00 -3.539717e-02 1.359692e-03 9.993724e-01 1.704397e+02
9.993803e-01 9.078282e-04 -3.518672e-02 5.351682e+01 -8.587260e-04 9.999986e-01 1.410443e-03 -6.252000e+00 3.518805e-02 -1.379357e-03 9.993797e-01 1.706883e+02
9.993686e-01 -7.535957e-04 3.552118e-02 5.545494e+01 8.014824e-04 9.999988e-01 -1.333786e-03 -6.323676e+00 -3.552003e-02 1.361410e-03 9.993680e-01 1.708529e+02
9.993555e-01 9.238978e-04 -3.588229e-02 5.746720e+01 -8.730069e-04 9.999986e-01 1.433798e-03 -6.396370e+00 3.588367e-02 -1.401552e-03 9.993549e-01 1.709628e+02
9.993942e-01 -7.673497e-04 3.479330e-02 5.919555e+01 8.140088e-04 9.999988e-01 -1.326779e-03 -6.457527e+00 -3.479214e-02 1.354294e-03 9.993936e-01 1.710015e+02
9.993197e-01 9.192564e-04 -3.686666e-02 6.070610e+01 -8.660391e-04 9.999986e-01 1.459338e-03 -6.511917e+00 3.686805e-02 -1.426421e-03 9.993191e-01 1.710572e+02
9.993609e-01 -7.796971e-04 3.573591e-02 6.216620e+01 8.289738e-04 9.999987e-01 -1.364010e-03 -6.564990e+00 -3.573471e-02 1.392759e-03 9.993603e-01 1.711311e+02
9.992997e-01 9.376493e-04 -3.740590e-02 6.374141e+01 -8.828319e-04 9.999985e-01 1.481855e-03 -6.620888e+00 3.740733e-02 -1.447798e-03 9.992990e-01 1.711592e+02
9.993304e-01 -7.835812e-04 3.657901e-02 6.538484e+01 8.350284e-04 9.999987e-01 -1.391107e-03 -6.678771e+00 -3.657777e-02 1.420716e-03 9.993298e-01 1.711780e+02
9.993011e-01 9.309965e-04 -3.736711e-02 6.692548e+01 -8.767319e-04 9.999985e-01 1.468453e-03 -6.732689e+00 3.736852e-02 -1.434669e-03 9.993005e-01 1.711754e+02
9.993184e-01 -8.029374e-04 3.690477e-02 6.824964e+01 8.558571e-04 9.999986e-01 -1.418074e-03 -6.779123e+00 -3.690348e-02 1.448690e-03 9.993177e-01 1.711662e+02
