9.996272e-01 -4.835874e-04 2.729923e-02 5.590912e-02 5.078568e-04 9.999995e-01 -8.820852e-04 -4.169869e-03 -2.729879e-02 8.956208e-04 9.996268e-01 1.120564e-01
9.999702e-01 -1.552133e-04 7.719816e-03 1.124363e-01 1.569657e-04 1.000000e+00 -2.264028e-04 -7.636078e-03 -7.719774e-03 2.276081e-04 9.999701e-01 2.238580e-01
9.996600e-01 -4.743984e-04 2.606902e-02 1.690771e-01 4.964139e-04 9.999995e-01 -8.380451e-04 -1.128902e-02 -2.606860e-02 8.507013e-04 9.996597e-01 3.363670e-01
9.999601e-01 -1.510342e-04 8.937075e-03 2.247345e-01 1.535407e-04 9.999999e-01 -2.797721e-04 -1.460989e-02 -8.937019e-03 2.811331e-04 9.999599e-01 4.435336e-01
9.993654e-01 -6.478477e-04 3.561320e-02 2.795575e-01 6.879235e-04 9.999991e-01 -1.113067e-03 -1.684443e-02 -3.561243e-02 1.136859e-03 9.993649e-01 5.424135e-01
9.999875e-01 -9.908229e-05 4.997254e-03 3.357840e-01 9.984136e-05 1.000000e+00 -1.516385e-04 -1.969351e-02 -4.997217e-03 1.521354e-04 9.999874e-01 6.485142e-01
9.995806e-01 -5.347249e-04 2.895446e-02 3.916757e-01 5.614067e-04 9.999994e-01 -9.133846e-04 -2.324317e-02 -2.895393e-02 9.292564e-04 9.995802e-01 7.571540e-01
9.999961e-01 -4.663080e-05 2.796564e-03 4.453307e-01 4.688754e-05 1.000000e+00 -9.171224e-05 -2.696549e-02 -2.796532e-03 9.184256e-05 9.999960e-01 8.670905e-01
9.996724e-01 -4.799502e-04 2.559070e-02 4.984457e-01 5.008609e-04 9.999995e-01 -8.107120e-04 -3.107271e-02 -2.559027e-02 8.232633e-04 9.996721e-01 9.791517e-01
9.999845e-01 -8.615101e-05 5.568797e-03 5.501973e-01 8.714786e-05 1.000000e+00 -1.787421e-04 -3.472002e-02 -5.568748e-03 1.792240e-04 9.999844e-01 1.084338e+00
9.996380e-01 -5.007964e-04 2.690053e-02 6.011407e-01 5.238976e-04 9.999995e-01 -8.517197e-04 -3.816641e-02 -2.690006e-02 8.655037e-04 9.996377e-01 1.187295e+00
9.999493e-01 -1.884130e-04 1.007026e-02 6.532669e-01 1.914866e-04 9.999999e-01 -3.042369e-04 -4.122199e-02 -1.007017e-02 3.061489e-04 9.999492e-01 1.288674e+00
9.996651e-01 -4.502097e-04 2.587588e-02 7.027380e-01 4.721762e-04 9.999995e-01 -8.428040e-04 -4.421027e-02 -2.587545e-02 8.547387e-04 9.996647e-01 1.388440e+00
9.997703e-01 -4.147769e-04 2.142728e-02 7.573909e-01 4.283969e-04 9.999997e-01 -6.310409e-04 -4.632481e-02 -2.142697e-02 6.400742e-04 9.997701e-01 1.491723e+00
9.997875e-01 -3.646144e-04 2.061108e-02 8.112365e-01 3.787490e-04 9.999997e-01 -6.818584e-04 -4.893358e-02 -2.061078e-02 6.895186e-04 9.997872e-01 1.593979e+00
9.999370e-01 -2.428975e-04 1.122526e-02 8.649319e-01 2.465214e-04 9.999999e-01 -3.214161e-04 -5.266755e-02 -1.122513e-02 3.241617e-04 9.999369e-01 1.701431e+00
9.997982e-01 -3.127045e-04 2.008407e-02 9.157304e-01 3.266585e-04 9.999997e-01 -6.914827e-04 -5.623196e-02 -2.008379e-02 6.979023e-04 9.997980e-01 1.805798e+00
9.998220e-01 -3.946583e-04 1.886450e-02 9.668971e-01 4.048534e-04 9.999998e-01 -5.365944e-04 -5.891264e-02 -1.886423e-02 5.441346e-04 9.998218e-01 1.900959e+00
9.998962e-01 -2.378653e-04 1.440756e-02 1.019706e+00 2.452655e-04 9.999998e-01 -5.118269e-04 -6.243503e-02 -1.440737e-02 5.153057e-04 9.998960e-01 2.005687e+00
9.998729e-01 -3.287176e-04 1.593863e-02 1.070883e+00 3.360333e-04 9.999998e-01 -4.562728e-04 -6.613713e-02 -1.593841e-02 4.615689e-04 9.998728e-01 2.107994e+00
9.998240e-01 -3.113076e-04 1.875898e-02 1.121971e+00 3.235010e-04 9.999997e-01 -6.469316e-04 -6.931366e-02 -1.875871e-02 6.528843e-04 9.998237e-01 2.206094e+00
9.999303e-01 -2.830624e-04 1.180452e-02 1.177167e+00 2.868254e-04 9.999999e-01 -3.170137e-04 -7.333028e-02 -1.180436e-02 3.203754e-04 9.999302e-01 2.317929e+00
9.999253e-01 -1.720392e-04 1.222193e-02 1.230261e+00 1.778071e-04 9.999999e-01 -4.707793e-04 -7.801650e-02 -1.222178e-02 4.729152e-04 9.999251e-01 2.435071e+00
9.999801e-01 -1.607189e-04 6.305983e-03 1.278563e+00 1.617104e-04 1.000000e+00 -1.565730e-04 -8.293259e-02 -6.305885e-03 1.575875e-04 9.999800e-01 2.542495e+00
9.999215e-01 -1.578350e-04 1.253145e-02 1.325075e+00 1.640054e-04 9.999999e-01 -4.912941e-04 -8.766985e-02 -1.253130e-02 4.933085e-04 9.999213e-01 2.647168e+00
9.998897e-01 -3.540839e-04 1.484773e-02 1.377761e+00 3.599578e-04 9.999999e-01 -3.928672e-04 -9.170963e-02 -1.484752e-02 3.981661e-04 9.998896e-01 2.750201e+00
9.999366e-01 -1.346455e-04 1.125735e-02 1.429900e+00 1.397808e-04 9.999999e-01 -4.552957e-04 -9.585000e-02 -1.125721e-02 4.568380e-04 9.999364e-01 2.852666e+00
9.998808e-01 -3.681651e-04 1.543444e-02 1.480451e+00 3.744622e-04 9.999998e-01 -4.050253e-04 -9.981917e-02 -1.543421e-02 4.107542e-04 9.998807e-01 2.949447e+00
9.999326e-01 -1.392654e-04 1.160439e-02 1.530988e+00 1.446895e-04 9.999999e-01 -4.664727e-04 -1.037091e-01 -1.160424e-02 4.681178e-04 9.999325e-01 3.044615e+00
9.999181e-01 -3.260673e-04 1.278908e-02 1.581866e+00 3.301734e-04 9.999999e-01 -3.188480e-04 -1.079365e-01 -1.278889e-02 3.230420e-04 9.999181e-01 3.142513e+00
9.999634e-01 -7.627638e-05 8.547074e-03 1.633588e+00 7.958534e-05 9.999999e-01 -3.866417e-04 -1.126395e-01 -8.546961e-03 3.873052e-04 9.999633e-01 3.248221e+00
9.999535e-01 -2.523225e-04 9.641886e-03 1.683983e+00 2.545204e-04 9.999999e-01 -2.265784e-04 -1.176338e-01 -9.641744e-03 2.290193e-04 9.999534e-01 3.354133e+00
9.999456e-01 -1.196213e-04 1.042634e-02 1.735468e+00 1.242218e-04 9.999999e-01 -4.404485e-04 -1.223893e-01 -1.042620e-02 4.417170e-04 9.999455e-01 3.458490e+00
9.999906e-01 -1.360895e-04 4.330425e-03 1.783140e+00 1.364629e-04 1.000000e+00 -8.557130e-05 -1.280475e-01 -4.330327e-03 8.615867e-05 9.999905e-01 3.583853e+00
9.999307e-01 -1.347993e-04 1.177395e-02 1.832554e+00 1.405074e-04 9.999999e-01 -4.838411e-04 -1.334540e-01 -1.177379e-02 4.854590e-04 9.999305e-01 3.700411e+00
9.999923e-01 -1.433510e-04 3.908704e-03 1.882522e+00 1.435929e-04 1.000000e+00 -6.118625e-05 -1.390656e-01 -3.908608e-03 6.174419e-05 9.999923e-01 3.825232e+00
9.999580e-01 -7.297269e-05 9.162643e-03 1.928340e+00 7.674812e-05 9.999999e-01 -4.115080e-04 -1.447346e-01 -9.162524e-03 4.121910e-04 9.999579e-01 3.944455e+00
9.999965e-01 -1.291677e-04 2.634980e-03 1.970015e+00 1.292199e-04 1.000000e+00 -1.898691e-05 -1.506212e-01 -2.634889e-03 1.932442e-05 9.999965e-01 4.073807e+00
9.999316e-01 -1.027049e-04 1.169520e-02 2.028655e+00 1.084912e-04 9.999999e-01 -4.939749e-04 -1.563093e-01 -1.169506e-02 4.952070e-04 9.999314e-01 4.192457e+00
9.999815e-01 -2.260386e-04 6.081649e-03 2.091476e+00 2.267782e-04 1.000000e+00 -1.206181e-04 -1.621515e-01 -6.081531e-03 1.219920e-04 9.999814e-01 4.333404e+00
9.999872e-01 5.891592e-05 5.062739e-03 2.131433e+00 -5.733545e-05 9.999999e-01 -3.119431e-04 -1.681551e-01 -5.062667e-03 3.116458e-04 9.999871e-01 4.464333e+00
9.999842e-01 -2.197573e-04 5.618883e-03 2.164265e+00 2.202830e-04 1.000000e+00 -9.257905e-05 -1.732862e-01 -5.618771e-03 9.381228e-05 9.999841e-01 4.555683e+00
9.999988e-01 1.295591e-04 1.529576e-03 2.217032e+00 -1.292291e-04 1.000000e+00 -2.145368e-04 -1.787646e-01 -1.529513e-03 2.143358e-04 9.999987e-01 4.630212e+00
9.999592e-01 -3.135568e-04 9.021075e-03 2.344372e+00 3.150738e-04 9.999999e-01 -1.665258e-04 -1.855174e-01 -9.020930e-03 1.693582e-04 9.999592e-01 4.737525e+00
9.999866e-01 5.008480e-05 5.179010e-03 2.479768e+00 -4.829509e-05 9.999999e-01 -3.452927e-04 -1.920967e-01 -5.178935e-03 3.450348e-04 9.999865e-01 4.858364e+00
9.999585e-01 -3.157832e-04 9.103851e-03 2.554242e+00 3.172805e-04 9.999999e-01 -1.627890e-04 -1.988249e-01 -9.103706e-03 1.656676e-04 9.999585e-01 5.012887e+00
9.999733e-01 2.555616e-04 -7.304130e-03 2.568587e+00 -2.551226e-04 1.000000e+00 6.073970e-05 -2.054809e-01 7.304238e-03 -5.887777e-05 9.999733e-01 5.166518e+00
9.999801e-01 -2.855924e-04 6.299667e-03 2.567630e+00 2.860244e-04 1.000000e+00 -6.734610e-05 -2.112009e-01 -6.299554e-03 6.914344e-05 9.999801e-01 5.277140e+00
9.999863e-01 2.423983e-04 -5.229856e-03 2.550065e+00 -2.424306e-04 1.000000e+00 -5.947110e-06 -2.146863e-01 5.229947e-03 7.211759e-06 9.999863e-01 5.317080e+00
9.999770e-01 -2.888144e-04 6.765359e-03 2.529231e+00 2.893423e-04 1.000000e+00 -7.671994e-05 -2.177030e-01 -6.765243e-03 7.867250e-05 9.999770e-01 5.339109e+00
9.999771e-01 2.607772e-04 -6.762108e-03 2.498791e+00 -2.603776e-04 1.000000e+00 5.964338e-05 -2.201540e-01 6.762217e-03 -5.788447e-05 9.999771e-01 5.342169e+00
9.999689e-01 -3.019257e-04 7.872567e-03 2.482856e+00 3.029368e-04 9.999999e-01 -1.269688e-04 -2.232699e-01 -7.872435e-03 1.293466e-04 9.999689e-01 5.362025e+00
9.999879e-01 2.473587e-04 -4.906110e-03 2.478963e+00 -2.473858e-04 1.000000e+00 -5.381606e-06 -2.259704e-01 4.906202e-03 6.592073e-06 9.999879e-01 5.349789e+00
9.999718e-01 -3.155960e-04 7.505315e-03 2.486675e+00 3.165408e-04 9.999999e-01 -1.244024e-04 -2.297053e-01 -7.505182e-03 1.267714e-04 9.999718e-01 5.377177e+00
9.999810e-01 2.833046e-04 -6.150588e-03 2.603286e+00 -2.831286e-04 1.000000e+00 2.911122e-05 -2.356466e-01 6.150689e-03 -2.737244e-05 9.999810e-01 5.407363e+00
9.999682e-01 -2.678843e-04 7.971636e-03 2.797753e+00 2.683825e-04 1.000000e+00 -6.114716e-05 -2.420648e-01 -7.971526e-03 6.328143e-05 9.999682e-01 5.447688e+00
9.999845e-01 2.199053e-04 -5.564192e-03 2.883503e+00 -2.203948e-04 1.000000e+00 -8.776863e-05 -2.484141e-01 5.564266e-03 8.899039e-05 9.999844e-01 5.528031e+00
9.999563e-01 -3.186822e-04 9.336005e-03 2.915991e+00 3.194605e-04 9.999999e-01 -8.163251e-05 -2.561752e-01 -9.335885e-03 8.460818e-05 9.999563e-01 5.724684e+00
9.999815e-01 2.540546e-04 -6.077791e-03 2.949924e+00 -2.545653e-04 1.000000e+00 -8.362377e-05 -2.632208e-01 6.077863e-03 8.516620e-05 9.999815e-01 5.881055e+00
9.999712e-01 -3.333284e-04 7.579811e-03 2.970437e+00 3.334186e-04 9.999999e-01 -1.034263e-05 -2.700086e-01 -7.579714e-03 1.286631e-05 9.999712e-01 6.034704e+00
9.999761e-01 2.791015e-04 -6.908698e-03 2.964740e+00 -2.795112e-04 1.000000e+00 -5.866720e-05 -2.752437e-01 6.908775e-03 6.059363e-05 9.999761e-01 6.146750e+00
9.999696e-01 -3.268172e-04 7.785044e-03 2.928140e+00 3.267857e-04 9.999999e-01 5.605053e-06 -2.775825e-01 -7.784951e-03 -3.064120e-06 9.999696e-01 6.158425e+00
9.999761e-01 2.661597e-04 -6.903298e-03 2.916298e+00 -2.666851e-04 1.000000e+00 -7.552349e-05 -2.820932e-01 6.903371e-03 7.735945e-05 9.999761e-01 6.245747e+00
9.999118e-01 -3.748778e-04 1.327272e-02 2.951741e+00 3.774441e-04 9.999999e-01 -1.906742e-04 -2.893425e-01 -1.327255e-02 1.956638e-04 9.999118e-01 6.420112e+00
9.999999e-01 1.447231e-04 -3.546205e-04 3.036847e+00 -1.448247e-04 9.999999e-01 -2.932941e-04 -2.969963e-01 3.546725e-04 2.933422e-04 9.999998e-01 6.607913e+00
9.999945e-01 -2.804144e-04 3.309357e-03 3.095267e+00 2.798692e-04 9.999999e-01 1.659175e-04 -3.066501e-01 -3.309309e-03 -1.649938e-04 9.999944e-01 6.859873e+00
9.999978e-01 4.547564e-05 2.081167e-03 3.163443e+00 -4.473602e-05 9.999999e-01 -3.542844e-04 -3.178716e-01 -2.081089e-03 3.541872e-04 9.999977e-01 7.195787e+00
9.999956e-01 -1.967587e-04 2.958636e-03 3.225572e+00 1.963216e-04 1.000000e+00 1.488548e-04 -3.279657e-01 -2.958570e-03 -1.482767e-04 9.999955e-01 7.477845e+00
9.999996e-01 1.014873e-04 8.089908e-04 3.262224e+00 -1.012223e-04 9.999999e-01 -3.245220e-04 -3.356376e-01 -8.089287e-04 3.244366e-04 9.999996e-01 7.666820e+00
9.999768e-01 -2.457333e-04 6.795613e-03 3.328244e+00 2.456864e-04 1.000000e+00 8.103138e-06 -3.442720e-01 -6.795519e-03 -6.436759e-06 9.999768e-01 7.890827e+00
9.999963e-01 3.159931e-05 2.713780e-03 3.410885e+00 -3.055663e-05 9.999999e-01 -3.833316e-04 -3.543586e-01 -2.713697e-03 3.832439e-04 9.999962e-01 8.184891e+00
9.999888e-01 -1.765894e-04 4.731453e-03 3.478653e+00 1.762549e-04 1.000000e+00 7.165912e-05 -3.637949e-01 -4.731370e-03 -7.082780e-05 9.999887e-01 8.446412e+00
9.999965e-01 6.168958e-05 2.630757e-03 3.535198e+00 -6.066723e-05 9.999999e-01 -3.877137e-04 -3.716965e-01 -2.630685e-03 3.875494e-04 9.999964e-01 8.638854e+00
9.999561e-01 -2.522975e-04 9.360896e-03 3.602433e+00 2.530401e-04 1.000000e+00 -7.786339e-05 -3.789497e-01 -9.360780e-03 8.022517e-05 9.999561e-01 8.818068e+00
9.999643e-01 -7.165997e-05 8.450765e-03 3.676233e+00 7.641430e-05 9.999998e-01 -5.619530e-04 -3.860705e-01 -8.450627e-03 5.625752e-04 9.999641e-01 9.014755e+00
9.999994e-01 -9.689621e-05 1.065021e-03 3.823221e+00 9.664434e-05 1.000000e+00 2.391478e-04 -3.936797e-01 -1.064947e-03 -2.390483e-04 9.999993e-01 9.147660e+00
9.999999e-01 1.148082e-04 -3.778714e-04 3.987089e+00 -1.148893e-04 1.000000e+00 -2.219478e-04 -4.022083e-01 3.779429e-04 2.219877e-04 9.999998e-01 9.295838e+00
9.999989e-01 -1.711622e-04 1.473946e-03 4.052696e+00 1.709633e-04 1.000000e+00 1.369180e-04 -4.107983e-01 -1.473873e-03 -1.366693e-04 9.999988e-01 9.484474e+00
9.999999e-01 1.077020e-04 2.712590e-04 4.114361e+00 -1.076327e-04 1.000000e+00 -2.450637e-04 -4.189880e-01 -2.711884e-04 2.450310e-04 9.999999e-01 9.663802e+00
9.999977e-01 -1.730606e-04 2.134266e-03 4.167498e+00 1.728229e-04 1.000000e+00 1.128565e-04 -4.268120e-01 -2.134189e-03 -1.124909e-04 9.999977e-01 9.839037e+00
9.999994e-01 1.281561e-04 -1.056137e-03 4.181031e+00 -1.283713e-04 1.000000e+00 -2.063049e-04 -4.325242e-01 1.056208e-03 2.064368e-04 9.999994e-01 9.954506e+00
9.999993e-01 -1.675612e-04 1.140058e-03 4.172724e+00 1.673719e-04 1.000000e+00 1.686423e-04 -4.368156e-01 -1.139989e-03 -1.684550e-04 9.999993e-01 1.001974e+01
9.999999e-01 1.129029e-04 -3.104780e-04 4.189322e+00 -1.129767e-04 1.000000e+00 -2.469340e-04 -4.429795e-01 3.105473e-04 2.469655e-04 9.999999e-01 1.014904e+01
9.999979e-01 -1.771042e-04 2.031542e-03 4.208525e+00 1.768308e-04 1.000000e+00 1.361643e-04 -4.494525e-01 -2.031469e-03 -1.358083e-04 9.999979e-01 1.029584e+01
9.999999e-01 1.113223e-04 3.283136e-04 4.229574e+00 -1.112305e-04 1.000000e+00 -2.711712e-04 -4.557986e-01 -3.282465e-04 2.711311e-04 9.999998e-01 1.043565e+01
9.999950e-01 -2.069822e-04 3.145250e-03 4.270782e+00 2.066412e-04 1.000000e+00 1.096599e-04 -4.634587e-01 -3.145175e-03 -1.090130e-04 9.999950e-01 1.061762e+01
9.999967e-01 1.311594e-04 2.546361e-03 4.318019e+00 -1.302112e-04 9.999999e-01 -3.714195e-04 -4.704299e-01 -2.546313e-03 3.710832e-04 9.999966e-01 1.076622e+01
9.999985e-01 -1.740233e-04 -1.689158e-03 4.348142e+00 1.745201e-04 9.999999e-01 2.922591e-04 -4.756150e-01 1.689204e-03 -2.925571e-04 9.999985e-01 1.083302e+01
9.999957e-01 1.218171e-04 2.908053e-03 4.371041e+00 -1.206754e-04 9.999999e-01 -3.917734e-04 -4.817458e-01 -2.908003e-03 3.914172e-04 9.999956e-01 1.095665e+01
9.999982e-01 -1.928982e-04 1.856800e-03 4.406087e+00 1.925956e-04 1.000000e+00 1.647295e-04 -4.882177e-01 -1.856734e-03 -1.643752e-04 9.999982e-01 1.109190e+01
9.999655e-01 4.252175e-05 8.301021e-03 4.463064e+00 -3.776307e-05 9.999998e-01 -5.730685e-04 -4.952672e-01 -8.300946e-03 5.727316e-04 9.999653e-01 1.125611e+01
9.999736e-01 -3.631283e-05 -7.257229e-03 4.519196e+00 4.002454e-05 9.999999e-01 5.108925e-04 -5.013695e-01 7.257308e-03 -5.111731e-04 9.999735e-01 1.132918e+01
9.999906e-01 7.120496e-05 4.327971e-03 4.540540e+00 -6.926651e-05 9.999999e-01 -4.473603e-04 -5.055819e-01 -4.327905e-03 4.470527e-04 9.999905e-01 1.134475e+01
9.999812e-01 -4.886010e-05 -6.121825e-03 4.557918e+00 5.178077e-05 9.999999e-01 4.764468e-04 -5.072866e-01 6.121899e-03 -4.767584e-04 9.999811e-01 1.126650e+01
9.999908e-01 7.365984e-05 4.280706e-03 4.570772e+00 -7.177199e-05 9.999999e-01 -4.404848e-04 -5.099313e-01 -4.280640e-03 4.401699e-04 9.999907e-01 1.122419e+01
9.999912e-01 -1.069988e-04 -4.177878e-03 4.555944e+00 1.086674e-04 9.999999e-01 3.984382e-04 -5.141764e-01 4.177933e-03 -3.988923e-04 9.999911e-01 1.129417e+01
9.999615e-01 7.166329e-05 8.764810e-03 4.572770e+00 -6.658690e-05 9.999998e-01 -5.791356e-04 -5.183587e-01 -8.764752e-03 5.785261e-04 9.999614e-01 1.133039e+01
9.999388e-01 -4.429586e-04 1.105231e-02 4.623749e+00 4.437442e-04 9.999999e-01 -6.835339e-05 -5.232697e-01 -1.105218e-02 7.324992e-05 9.999389e-01 1.143999e+01
9.999932e-01 1.977226e-04 3.680973e-03 4.671032e+00 -1.960169e-04 9.999999e-01 -4.628950e-04 -5.287394e-01 -3.680966e-03 4.621667e-04 9.999931e-01 1.155763e+01
9.999841e-01 -3.412931e-04 5.624764e-03 4.719077e+00 3.407346e-04 9.999999e-01 1.008089e-04 -5.359031e-01 -5.624699e-03 -9.889445e-05 9.999841e-01 1.172715e+01
9.999987e-01 2.321903e-04 1.593014e-03 4.774884e+00 -2.315253e-04 9.999999e-01 -4.156125e-04 -5.435842e-01 -1.593012e-03 4.152395e-04 9.999986e-01 1.191076e+01
9.999087e-01 -4.858771e-04 1.350219e-02 4.834135e+00 4.876426e-04 9.999999e-01 -1.272221e-04 -5.499615e-01 -1.350202e-02 1.337910e-04 9.999088e-01 1.206612e+01
9.999994e-01 2.784378e-04 -1.023783e-03 4.877291e+00 -2.787735e-04 9.999999e-01 -3.310077e-04 -5.560581e-01 1.023790e-03 3.312892e-04 9.999994e-01 1.220491e+01
9.999666e-01 -3.759233e-04 8.157303e-03 4.912952e+00 3.756843e-04 9.999999e-01 3.124460e-05 -5.625976e-01 -8.157215e-03 -2.818277e-05 9.999667e-01 1.235126e+01
9.999958e-01 2.151264e-04 2.871741e-03 4.972346e+00 -2.137618e-04 9.999999e-01 -4.742807e-04 -5.698428e-01 -2.871743e-03 4.736611e-04 9.999957e-01 1.253130e+01
9.999575e-01 -4.250642e-04 9.203017e-03 5.027980e+00 4.248056e-04 9.999999e-01 3.042401e-05 -5.766936e-01 -9.202930e-03 -2.651703e-05 9.999576e-01 1.269782e+01
9.999957e-01 3.335989e-04 -2.881353e-03 5.062867e+00 -3.344744e-04 9.999999e-01 -3.045890e-04 -5.828874e-01 2.881350e-03 3.055477e-04 9.999957e-01 1.282775e+01
9.999684e-01 -3.840895e-04 7.929305e-03 5.083990e+00 3.834605e-04 9.999999e-01 8.129103e-05 -5.872890e-01 -7.929236e-03 -7.825171e-05 9.999685e-01 1.288106e+01
9.999936e-01 3.258569e-04 -3.538106e-03 5.107448e+00 -3.268465e-04 9.999999e-01 -2.801271e-04 -5.917364e-01 3.538114e-03 2.812780e-04 9.999936e-01 1.293035e+01
9.999236e-01 -4.254172e-04 1.234811e-02 5.146559e+00 4.262870e-04 9.999999e-01 -6.752001e-05 -5.969989e-01 -1.234798e-02 7.277485e-05 9.999237e-01 1.301889e+01
9.999744e-01 3.480870e-04 -7.145482e-03 5.220758e+00 -3.491269e-04 9.999999e-01 -1.447846e-04 -6.008775e-01 7.145531e-03 1.472718e-04 9.999744e-01 1.299675e+01
9.999616e-01 -3.813756e-04 8.745856e-03 5.304114e+00 3.810581e-04 9.999999e-01 3.836897e-05 -6.052738e-01 -8.745770e-03 -3.503867e-05 9.999617e-01 1.298414e+01
9.999920e-01 3.211941e-04 -3.967102e-03 5.378633e+00 -3.222130e-04 9.999999e-01 -2.570948e-04 -6.093395e-01 3.967119e-03 2.583672e-04 9.999920e-01 1.297494e+01
9.999560e-01 -3.884451e-04 9.363115e-03 5.433045e+00 3.882584e-04 9.999999e-01 2.214593e-05 -6.140851e-01 -9.363023e-03 -1.851351e-05 9.999561e-01 1.301392e+01
9.999994e-01 2.529433e-04 -1.028335e-03 5.490664e+00 -2.532865e-04 9.999999e-01 -3.372246e-04 -6.195849e-01 1.028350e-03 3.374810e-04 9.999994e-01 1.309259e+01
9.999820e-01 -3.085182e-04 5.977305e-03 5.523172e+00 3.079283e-04 9.999999e-01 1.002300e-04 -6.249265e-01 -5.977236e-03 -9.839146e-05 9.999821e-01 1.317894e+01
9.999955e-01 2.684683e-04 -2.973461e-03 5.580412e+00 -2.692589e-04 9.999999e-01 -2.667239e-04 -6.314779e-01 2.973489e-03 2.675195e-04 9.999955e-01 1.328571e+01
9.999934e-01 -2.851555e-04 3.614445e-03 5.630177e+00 2.844727e-04 9.999999e-01 1.904657e-04 -6.378392e-01 -3.614399e-03 -1.894401e-04 9.999934e-01 1.338684e+01
9.999953e-01 2.710630e-04 -3.049313e-03 5.700581e+00 -2.718752e-04 9.999999e-01 -2.671789e-04 -6.439282e-01 3.049340e-03 2.680028e-04 9.999953e-01 1.345758e+01
9.999979e-01 -2.821773e-04 1.998671e-03 5.769229e+00 2.816491e-04 9.999999e-01 2.663901e-04 -6.514238e-01 -1.998647e-03 -2.658305e-04 9.999979e-01 1.358198e+01
9.999960e-01 2.544751e-04 -2.796957e-03 5.820160e+00 -2.552557e-04 9.999999e-01 -2.800807e-04 -6.594902e-01 2.796985e-03 2.807897e-04 9.999960e-01 1.374677e+01
9.999976e-01 -2.635386e-04 2.140310e-03 5.851862e+00 2.630028e-04 9.999999e-01 2.523909e-04 -6.657107e-01 -2.140276e-03 -2.518313e-04 9.999976e-01 1.385636e+01
9.999965e-01 2.402058e-04 -2.612455e-03 5.870141e+00 -2.409136e-04 9.999999e-01 -2.720498e-04 -6.708986e-01 2.612489e-03 2.726743e-04 9.999965e-01 1.392853e+01
9.999973e-01 -2.818526e-04 2.306117e-03 5.891956e+00 2.813029e-04 9.999999e-01 2.403059e-04 -6.776205e-01 -2.306085e-03 -2.396604e-04 9.999973e-01 1.407127e+01
9.999970e-01 2.387450e-04 -2.429983e-03 5.908029e+00 -2.394192e-04 9.999999e-01 -2.787011e-04 -6.842653e-01 2.430016e-03 2.792782e-04 9.999970e-01 1.421733e+01
9.999944e-01 -2.965894e-04 3.321515e-03 5.931981e+00 2.959201e-04 9.999999e-01 2.031244e-04 -6.912708e-01 -3.321475e-03 -2.021443e-04 9.999944e-01 1.437656e+01
9.999989e-01 2.410780e-04 -1.446483e-03 5.967471e+00 -2.415248e-04 9.999999e-01 -3.113583e-04 -6.986996e-01 1.446508e-03 3.117034e-04 9.999989e-01 1.454649e+01
9.999609e-01 -3.458731e-04 8.832672e-03 6.014775e+00 3.458600e-04 9.999999e-01 3.434951e-06 -7.053036e-01 -8.832572e-03 -3.838753e-07 9.999609e-01 1.468892e+01
9.999910e-01 2.571976e-04 -4.230684e-03 6.060912e+00 -2.580574e-04 9.999999e-01 -2.035888e-04 -7.129416e-01 4.230731e-03 2.046748e-04 9.999910e-01 1.486749e+01
9.999807e-01 -3.115453e-04 6.195248e-03 6.100003e+00 3.109531e-04 9.999999e-01 9.717915e-05 -7.207038e-01 -6.195178e-03 -9.525477e-05 9.999808e-01 1.504631e+01
9.999497e-01 3.342959e-04 -1.001488e-02 6.113374e+00 -3.341378e-04 9.999999e-01 1.707482e-05 -7.273559e-01 1.001498e-02 -1.373148e-05 9.999498e-01 1.517057e+01
9.999531e-01 -3.677524e-04 9.672336e-03 6.117072e+00 3.681939e-04 9.999999e-01 -4.347222e-05 -7.332045e-01 -9.672219e-03 4.702754e-05 9.999532e-01 1.528746e+01
9.999519e-01 3.395733e-04 -9.800334e-03 6.111359e+00 -3.394661e-04 9.999999e-01 1.220570e-05 -7.380166e-01 9.800437e-03 -8.882107e-06 9.999519e-01 1.537023e+01
9.999428e-01 -3.874814e-04 1.068386e-02 6.117311e+00 3.883650e-04 9.999999e-01 -8.026873e-05 -7.435604e-01 -1.068373e-02 8.440942e-05 9.999429e-01 1.547714e+01
9.999500e-01 3.475145e-04 -9.993782e-03 6.127346e+00 -3.473693e-04 9.999999e-01 1.588071e-05 -7.494527e-01 9.993886e-03 -1.241226e-05 9.999500e-01 1.559343e+01
9.999400e-01 -4.128780e-04 1.094558e-02 6.174073e+00 4.136901e-04 9.999999e-01 -7.157763e-05 -7.578635e-01 -1.094545e-02 7.609745e-05 9.999400e-01 1.578963e+01
9.999436e-01 3.637729e-04 -1.061097e-02 6.220398e+00 -3.634163e-04 9.999999e-01 3.517454e-05 -7.662490e-01 1.061108e-02 -3.132024e-05 9.999436e-01 1.598232e+01
9.999484e-01 -4.088251e-04 1.014734e-02 6.224992e+00 4.093472e-04 9.999999e-01 -4.899880e-05 -7.728313e-01 -1.014722e-02 5.314609e-05 9.999485e-01 1.613067e+01
9.999846e-01 3.206191e-04 -5.532978e-03 6.255261e+00 -3.214387e-04 9.999999e-01 -1.479442e-04 -7.799400e-01 5.533031e-03 1.497166e-04 9.999846e-01 1.629786e+01
9.998921e-01 -4.864563e-04 1.467710e-02 6.325749e+00 4.897075e-04 9.999999e-01 -2.176620e-04 -7.886037e-01 -1.467689e-02 2.248220e-04 9.998922e-01 1.652787e+01
9.999499e-01 3.717422e-04 -1.000045e-02 6.400152e+00 -3.715896e-04 9.999999e-01 1.672354e-05 -7.978686e-01 1.000055e-02 -1.301056e-05 9.999499e-01 1.676064e+01
9.998973e-01 -4.464970e-04 1.432168e-02 6.453865e+00 4.496753e-04 9.999999e-01 -2.184271e-04 -8.057206e-01 -1.432148e-02 2.248408e-04 9.998974e-01 1.694221e+01
9.999380e-01 3.819128e-04 -1.112609e-02 6.509581e+00 -3.812189e-04 9.999999e-01 6.411907e-05 -8.138006e-01 1.112621e-02 -5.987755e-05 9.999381e-01 1.712752e+01
9.998681e-01 -4.554878e-04 1.623468e-02 6.554363e+00 4.602127e-04 9.999999e-01 -2.870559e-04 -8.211322e-01 -1.623445e-02 2.944854e-04 9.998681e-01 1.729483e+01
9.999904e-01 2.548456e-04 -4.358045e-03 6.606492e+00 -2.555282e-04 1.000000e+00 -1.570046e-04 -8.275641e-01 4.358105e-03 1.581128e-04 9.999904e-01 1.744470e+01
9.999360e-01 -3.858520e-04 1.130369e-02 6.656704e+00 3.870020e-04 9.999999e-01 -9.919326e-05 -8.349339e-01 -1.130355e-02 1.035574e-04 9.999361e-01 1.761059e+01
9.999893e-01 2.891179e-04 -4.596944e-03 6.700243e+00 -2.899534e-04 9.999999e-01 -1.819878e-04 -8.420063e-01 4.596991e-03 1.833148e-04 9.999894e-01 1.777369e+01
9.999316e-01 -3.983877e-04 1.168720e-02 6.737062e+00 3.997003e-04 9.999999e-01 -1.096210e-04 -8.488899e-01 -1.168705e-02 1.142808e-04 9.999316e-01 1.793613e+01
9.999999e-01 1.912270e-04 3.103356e-04 6.784548e+00 -1.911181e-04 9.999999e-01 -3.372546e-04 -8.555071e-01 -3.103002e-04 3.371913e-04 9.999998e-01 1.809754e+01
9.997511e-01 -5.771432e-04 2.230089e-02 6.842572e+00 5.868145e-04 9.999997e-01 -4.269401e-04 -8.605282e-01 -2.230053e-02 4.399162e-04 9.997512e-01 1.822917e+01
9.999967e-01 1.080469e-04 2.549770e-03 6.898217e+00 -1.070792e-04 9.999999e-01 -3.779175e-04 -8.650333e-01 -2.549711e-03 3.776392e-04 9.999966e-01 1.834306e+01
9.998406e-01 -4.786943e-04 1.784358e-02 6.954181e+00 4.842833e-04 9.999998e-01 -3.086495e-04 -8.703344e-01 -1.784333e-02 3.172376e-04 9.998407e-01 1.847479e+01
9.999821e-01 5.740893e-05 5.980169e-03 7.011826e+00 -5.444313e-05 9.999999e-01 -4.953302e-04 -8.751318e-01 -5.980098e-03 4.949918e-04 9.999820e-01 1.859963e+01
9.998356e-01 -5.070692e-04 1.811944e-02 7.070493e+00 5.124482e-04 9.999998e-01 -2.919613e-04 -8.799005e-01 -1.811919e-02 3.011945e-04 9.998357e-01 1.872050e+01
9.999510e-01 3.544603e-04 -9.887486e-03 7.115894e+00 -3.545538e-04 9.999999e-01 -8.190909e-06 -8.870348e-01 9.887581e-03 1.169218e-05 9.999511e-01 1.888570e+01
9.997751e-01 -5.079484e-04 2.119691e-02 7.157560e+00 5.167700e-04 9.999998e-01 -4.104729e-04 -8.928689e-01 -2.119659e-02 4.213305e-04 9.997752e-01 1.901388e+01
9.999834e-01 2.064278e-04 -5.744999e-03 7.210881e+00 -2.070422e-04 1.000000e+00 -1.072043e-04 -8.991414e-01 5.745074e-03 1.083880e-04 9.999835e-01 1.916739e+01
9.998943e-01 -3.428198e-04 1.453443e-02 7.255523e+00 3.463640e-04 9.999999e-01 -2.409926e-04 -9.062433e-01 -1.453425e-02 2.459973e-04 9.998943e-01 1.933962e+01
9.999562e-01 2.567513e-04 -9.353339e-03 7.283021e+00 -2.565428e-04 1.000000e+00 2.295688e-05 -9.132265e-01 9.353443e-03 -2.056033e-05 9.999562e-01 1.950702e+01
9.998469e-01 -3.562120e-04 1.749359e-02 7.315661e+00 3.624633e-04 9.999999e-01 -3.538930e-04 -9.194945e-01 -1.749336e-02 3.601755e-04 9.998469e-01 1.965045e+01
9.999647e-01 2.252782e-04 -8.397206e-03 7.348138e+00 -2.253035e-04 1.000000e+00 -2.673397e-06 -9.254187e-01 8.397302e-03 4.561246e-06 9.999647e-01 1.978119e+01
9.997908e-01 -4.077359e-04 2.044537e-02 7.391946e+00 4.168434e-04 9.999998e-01 -4.409468e-04 -9.312822e-01 -2.044509e-02 4.493730e-04 9.997908e-01 1.990962e+01
9.997667e-01 4.017133e-04 -2.159138e-02 7.412042e+00 -3.917944e-04 9.999998e-01 4.633789e-04 -9.385526e-01 2.159166e-02 -4.548154e-04 9.997667e-01 2.006351e+01
9.995179e-01 -5.313512e-04 3.104179e-02 7.459040e+00 5.569034e-04 9.999995e-01 -8.143489e-04 -9.451158e-01 -3.104125e-02 8.312395e-04 9.995177e-01 2.021191e+01
9.997862e-01 3.511424e-04 -2.066942e-02 7.509533e+00 -3.420692e-04 9.999998e-01 4.422459e-04 -9.520569e-01 2.066967e-02 -4.350849e-04 9.997862e-01 2.037713e+01
9.998145e-01 -3.412020e-04 1.925262e-02 7.543373e+00 3.491207e-04 9.999999e-01 -4.076789e-04 -9.595838e-01 -1.925238e-02 4.143207e-04 9.998145e-01 2.052932e+01
9.997859e-01 3.314093e-04 -2.068577e-02 7.557864e+00 -3.226377e-04 9.999999e-01 4.271209e-04 -9.664827e-01 2.068600e-02 -4.203594e-04 9.997859e-01 2.067135e+01
9.998804e-01 -2.827870e-04 1.546016e-02 7.566245e+00 2.868877e-04 9.999999e-01 -2.626885e-04 -9.732073e-01 -1.545999e-02 2.670883e-04 9.998804e-01 2.080029e+01
9.998124e-01 2.942097e-04 -1.936286e-02 7.570304e+00 -2.871146e-04 9.999999e-01 3.689386e-04 -9.794219e-01 1.936306e-02 -3.633140e-04 9.998124e-01 2.091366e+01
9.998625e-01 -3.017866e-04 1.657566e-02 7.581255e+00 3.067698e-04 9.999999e-01 -2.977828e-04 -9.867372e-01 -1.657547e-02 3.028227e-04 9.998625e-01 2.107285e+01
9.998445e-01 2.919725e-04 -1.763044e-02 7.595603e+00 -2.866911e-04 9.999999e-01 3.017892e-04 -9.935873e-01 1.763063e-02 -2.966918e-04 9.998445e-01 2.121341e+01
9.998072e-01 -3.361311e-04 1.963031e-02 7.604078e+00 3.442447e-04 9.999999e-01 -4.096805e-04 -9.995880e-01 -1.963008e-02 4.163550e-04 9.998072e-01 2.133936e+01
9.998629e-01 2.921783e-04 -1.654948e-02 7.614509e+00 -2.878418e-04 9.999999e-01 2.640971e-04 -1.005245e+00 1.654965e-02 -2.593012e-04 9.998630e-01 2.145226e+01
9.997544e-01 -3.729593e-04 2.215703e-02 7.635220e+00 3.840943e-04 9.999998e-01 -4.980611e-04 -1.010939e+00 -2.215675e-02 5.064451e-04 9.997543e-01 2.157068e+01
9.999215e-01 2.270312e-04 -1.251980e-02 7.680235e+00 -2.255668e-04 1.000000e+00 1.179575e-04 -1.017923e+00 1.251992e-02 -1.151282e-04 9.999216e-01 2.173801e+01
9.998683e-01 -2.741296e-04 1.622517e-02 7.689123e+00 2.789253e-04 9.999999e-01 -2.929870e-04 -1.023085e+00 -1.622499e-02 2.974699e-04 9.998683e-01 2.183546e+01
9.998746e-01 2.419735e-04 -1.583016e-02 7.666769e+00 -2.378941e-04 9.999999e-01 2.592413e-04 -1.026420e+00 1.583032e-02 -2.554469e-04 9.998746e-01 2.186789e+01
9.998113e-01 -3.152857e-04 1.941805e-02 7.668997e+00 3.234402e-04 9.999999e-01 -4.165346e-04 -1.032070e+00 -1.941782e-02 4.227325e-04 9.998113e-01 2.199618e+01
9.999032e-01 2.348485e-04 -1.390701e-02 7.687345e+00 -2.323024e-04 1.000000e+00 1.843055e-04 -1.038514e+00 1.390715e-02 -1.810611e-04 9.999032e-01 2.214844e+01
9.997433e-01 -3.681694e-04 2.265091e-02 7.727072e+00 3.800874e-04 9.999998e-01 -5.216232e-04 -1.046014e+00 -2.265062e-02 5.300945e-04 9.997433e-01 2.233880e+01
9.997551e-01 3.038847e-04 -2.212392e-02 7.738547e+00 -2.932519e-04 9.999998e-01 4.835953e-04 -1.053366e+00 2.212416e-02 -4.769930e-04 9.997551e-01 2.252332e+01
9.997102e-01 -3.800016e-04 2.406951e-02 7.764816e+00 3.938195e-04 9.999998e-01 -5.691249e-04 -1.061365e+00 -2.406920e-02 5.784349e-04 9.997101e-01 2.272795e+01
9.998203e-01 2.870070e-04 -1.895237e-02 7.802277e+00 -2.802530e-04 9.999999e-01 3.587301e-04 -1.069218e+00 1.895256e-02 -3.533582e-04 9.998203e-01 2.292808e+01
9.997053e-01 -3.741638e-04 2.427124e-02 7.829009e+00 3.884274e-04 9.999998e-01 -5.827428e-04 -1.076184e+00 -2.427092e-02 5.919946e-04 9.997052e-01 2.309863e+01
9.996319e-01 3.777298e-04 -2.712377e-02 7.848049e+00 -3.597708e-04 9.999997e-01 6.667816e-04 -1.084231e+00 2.712411e-02 -6.567818e-04 9.996318e-01 2.328052e+01
9.997251e-01 -3.587951e-04 2.344011e-02 7.853615e+00 3.719894e-04 9.999998e-01 -5.583064e-04 -1.091370e+00 -2.343981e-02 5.668683e-04 9.997251e-01 2.343447e+01
9.996318e-01 3.794406e-04 -2.713052e-02 7.876808e+00 -3.609911e-04 9.999997e-01 6.847177e-04 -1.099673e+00 2.713087e-02 -6.746757e-04 9.996316e-01 2.362035e+01
9.996309e-01 -4.139148e-04 2.716107e-02 7.885673e+00 4.333937e-04 9.999997e-01 -7.110820e-04 -1.106400e+00 -2.716067e-02 7.225869e-04 9.996308e-01 2.377607e+01
9.996689e-01 3.641504e-04 -2.572555e-02 7.895012e+00 -3.479811e-04 9.999997e-01 6.327883e-04 -1.112888e+00 2.572587e-02 -6.236308e-04 9.996688e-01 2.392621e+01
9.995578e-01 -4.853031e-04 2.972854e-02 7.946399e+00 5.089098e-04 9.999996e-01 -7.863327e-04 -1.122122e+00 -2.972805e-02 8.011101e-04 9.995577e-01 2.417461e+01
9.996477e-01 3.714551e-04 -2.653834e-02 8.003054e+00 -3.535911e-04 9.999997e-01 6.776193e-04 -1.132282e+00 2.653868e-02 -6.680008e-04 9.996475e-01 2.445244e+01
9.996886e-01 -3.901574e-04 2.494963e-02 8.034791e+00 4.060704e-04 9.999997e-01 -6.325218e-04 -1.140567e+00 -2.494928e-02 6.424520e-04 9.996885e-01 2.464262e+01
9.995818e-01 4.361890e-04 -2.891290e-02 8.085092e+00 -4.140587e-04 9.999996e-01 7.711997e-04 -1.148645e+00 2.891332e-02 -7.589095e-04 9.995816e-01 2.479465e+01
9.996455e-01 -4.127732e-04 2.662001e-02 8.152504e+00 4.308190e-04 9.999997e-01 -6.719685e-04 -1.157368e+00 -2.661963e-02 6.831946e-04 9.996454e-01 2.497387e+01
9.997062e-01 3.436440e-04 -2.423558e-02 8.209915e+00 -3.301128e-04 9.999998e-01 5.620869e-04 -1.166068e+00 2.423587e-02 -5.539253e-04 9.997061e-01 2.518168e+01
9.997392e-01 -3.416885e-04 2.282965e-02 8.255172e+00 3.544018e-04 9.999998e-01 -5.525951e-04 -1.173680e+00 -2.282936e-02 5.605378e-04 9.997392e-01 2.532706e+01
9.996886e-01 3.793992e-04 -2.495048e-02 8.338536e+00 -3.647544e-04 9.999998e-01 5.912784e-04 -1.179873e+00 2.495080e-02 -5.819974e-04 9.996885e-01 2.537934e+01
9.997207e-01 -3.385868e-04 2.362873e-02 8.467035e+00 3.521001e-04 9.999998e-01 -5.675135e-04 -1.184168e+00 -2.362843e-02 5.756705e-04 9.997206e-01 2.532494e+01
9.996897e-01 3.800154e-04 -2.490462e-02 8.629807e+00 -3.653845e-04 9.999998e-01 5.918036e-04 -1.186341e+00 2.490493e-02 -5.825242e-04 9.996896e-01 2.515618e+01
9.997254e-01 -3.123753e-04 2.342938e-02 8.845965e+00 3.254515e-04 9.999998e-01 -5.540714e-04 -1.184784e+00 -2.342911e-02 5.615403e-04 9.997253e-01 2.478837e+01
9.996692e-01 4.234673e-04 -2.571464e-02 9.072835e+00 -4.071615e-04 9.999997e-01 6.391219e-04 -1.180319e+00 2.571499e-02 -6.284444e-04 9.996691e-01 2.428354e+01
9.997331e-01 -3.211020e-04 2.309697e-02 9.274036e+00 3.339201e-04 9.999998e-01 -5.508796e-04 -1.176812e+00 -2.309669e-02 5.584410e-04 9.997330e-01 2.383730e+01
9.996259e-01 4.240783e-04 -2.734439e-02 9.504939e+00 -4.046145e-04 9.999997e-01 7.171294e-04 -1.172783e+00 2.734479e-02 -7.058012e-04 9.996258e-01 2.335308e+01
9.997310e-01 -3.320911e-04 2.318742e-02 9.712275e+00 3.442019e-04 9.999998e-01 -5.180832e-04 -1.175402e+00 -2.318715e-02 5.259209e-04 9.997310e-01 2.319858e+01
9.997250e-01 3.500548e-04 -2.344377e-02 9.888412e+00 -3.387441e-04 9.999998e-01 4.861928e-04 -1.176629e+00 2.344403e-02 -4.781217e-04 9.997250e-01 2.298094e+01
9.997360e-01 -3.203249e-04 2.297112e-02 1.005140e+01 3.320195e-04 9.999998e-01 -5.050584e-04 -1.178360e+00 -2.297086e-02 5.125478e-04 9.997360e-01 2.279113e+01
9.997192e-01 3.409861e-04 -2.369004e-02 1.022590e+01 -3.293201e-04 9.999998e-01 4.961130e-04 -1.180727e+00 2.369030e-02 -4.881762e-04 9.997192e-01 2.262759e+01
9.997331e-01 -3.255339e-04 2.309887e-02 1.037300e+01 3.373442e-04 9.999998e-01 -5.071699e-04 -1.185210e+00 -2.309861e-02 5.148227e-04 9.997330e-01 2.257401e+01
9.996913e-01 3.972514e-04 -2.483889e-02 1.050729e+01 -3.831858e-04 9.999998e-01 5.708097e-04 -1.190889e+00 2.483920e-02 -5.611196e-04 9.996913e-01 2.257848e+01
9.996909e-01 -3.871127e-04 2.485653e-02 1.063955e+01 4.026535e-04 9.999997e-01 -6.200075e-04 -1.195339e+00 -2.485618e-02 6.298203e-04 9.996908e-01 2.253285e+01
9.995136e-01 5.896146e-04 -3.117674e-02 1.081244e+01 -5.621850e-04 9.999994e-01 8.883912e-04 -1.198523e+00 3.117735e-02 -8.704361e-04 9.995135e-01 2.241025e+01
9.997350e-01 -3.700949e-04 2.301400e-02 1.101075e+01 3.807743e-04 9.999998e-01 -4.594325e-04 -1.203101e+00 -2.301372e-02 4.680697e-04 9.997350e-01 2.235143e+01
9.996630e-01 4.417096e-04 -2.595475e-02 1.125416e+01 -4.253355e-04 9.999997e-01 6.361818e-04 -1.207605e+00 2.595512e-02 -6.249319e-04 9.996629e-01 2.226431e+01
9.997775e-01 -2.985175e-04 2.108926e-02 1.155462e+01 3.053197e-04 9.999999e-01 -3.190793e-04 -1.208783e+00 -2.108907e-02 3.254431e-04 9.997775e-01 2.200983e+01
9.997051e-01 4.226713e-04 -2.427568e-02 1.186047e+01 -4.092878e-04 9.999998e-01 5.560606e-04 -1.213123e+00 2.427601e-02 -5.459650e-04 9.997051e-01 2.189059e+01
9.997143e-01 -3.664658e-04 2.389614e-02 1.211311e+01 3.773976e-04 9.999998e-01 -4.527487e-04 -1.221693e+00 -2.389587e-02 4.616335e-04 9.997143e-01 2.199909e+01
9.997593e-01 2.760260e-04 -2.193705e-02 1.235952e+01 -2.653866e-04 9.999998e-01 4.876650e-04 -1.232383e+00 2.193728e-02 -4.817298e-04 9.997592e-01 2.220946e+01
9.997973e-01 -2.386801e-04 2.012885e-02 1.265345e+01 2.445398e-04 9.999999e-01 -2.883897e-04 -1.242418e+00 -2.012869e-02 2.932494e-04 9.997973e-01 2.235890e+01
9.998413e-01 1.433431e-04 -1.780821e-02 1.286381e+01 -1.387073e-04 1.000000e+00 2.612530e-04 -1.253250e+00 1.780834e-02 -2.587454e-04 9.998413e-01 2.259248e+01
9.997993e-01 -2.580901e-04 2.002829e-02 1.310145e+01 2.631569e-04 9.999999e-01 -2.500860e-04 -1.264257e+00 -2.002813e-02 2.553022e-04 9.997993e-01 2.282215e+01
9.998833e-01 1.573235e-04 -1.526961e-02 1.345014e+01 -1.538463e-04 1.000000e+00 2.285449e-04 -1.274855e+00 1.526974e-02 -2.261730e-04 9.998833e-01 2.300282e+01
9.998467e-01 -2.344688e-04 1.750281e-02 1.375485e+01 2.367496e-04 1.000000e+00 -1.279385e-04 -1.286796e+00 -1.750269e-02 1.320585e-04 9.998468e-01 2.325452e+01
9.998811e-01 9.750956e-05 -1.541734e-02 1.396053e+01 -9.539982e-05 1.000000e+00 1.372324e-04 -1.298406e+00 1.541745e-02 -1.357493e-04 9.998811e-01 2.352455e+01
9.998460e-01 -2.367054e-04 1.754205e-02 1.417093e+01 2.385883e-04 1.000000e+00 -1.049424e-04 -1.310464e+00 -1.754193e-02 1.091075e-04 9.998461e-01 2.380819e+01
9.998048e-01 2.227481e-04 -1.975227e-02 1.434228e+01 -2.166657e-04 9.999999e-01 3.098051e-04 -1.321821e+00 1.975243e-02 -3.054690e-04 9.998048e-01 2.406214e+01
9.997571e-01 -2.985268e-04 2.203445e-02 1.451587e+01 3.058225e-04 9.999999e-01 -3.274998e-04 -1.332238e+00 -2.203425e-02 3.341548e-04 9.997571e-01 2.429507e+01
9.999223e-01 1.308901e-04 -1.245866e-02 1.469403e+01 -1.310010e-04 1.000000e+00 -8.516173e-06 -1.341202e+00 1.245876e-02 1.014360e-05 9.999224e-01 2.449206e+01
9.998596e-01 -2.721972e-04 1.675001e-02 1.489951e+01 2.734358e-04 1.000000e+00 -7.134376e-05 -1.352123e+00 -1.674989e-02 7.590970e-05 9.998597e-01 2.474179e+01
9.998665e-01 1.987873e-04 -1.633154e-02 1.511213e+01 -1.967174e-04 1.000000e+00 1.280146e-04 -1.363127e+00 1.633166e-02 -1.247888e-04 9.998666e-01 2.496973e+01
9.998329e-01 -2.327286e-04 1.827645e-02 1.535935e+01 2.345872e-04 1.000000e+00 -9.926081e-05 -1.372966e+00 -1.827633e-02 1.035276e-04 9.998329e-01 2.515068e+01
9.999989e-01 -2.359314e-04 -1.436513e-03 1.564992e+01 2.353401e-04 9.999999e-01 -4.155170e-04 -1.385575e+00 1.436707e-03 4.151744e-04 9.999988e-01 2.549743e+01
9.996882e-01 -3.117307e-04 2.496665e-02 1.593192e+01 3.208745e-04 9.999999e-01 -3.620143e-04 -1.399474e+00 -2.496644e-02 3.699085e-04 9.996882e-01 2.592675e+01
9.999886e-01 -1.931661e-04 -4.750864e-03 1.619873e+01 1.917070e-04 9.999999e-01 -3.087806e-04 -1.412426e+00 4.751017e-03 3.078623e-04 9.999886e-01 2.630976e+01
9.999085e-01 -1.028330e-04 1.352431e-02 1.646480e+01 1.011393e-04 1.000000e+00 1.263390e-04 -1.425593e+00 -1.352423e-02 -1.249637e-04 9.999085e-01 2.665039e+01
9.999276e-01 -1.149287e-05 -1.202947e-02 1.674200e+01 1.094020e-05 1.000000e+00 -4.648689e-05 -1.437902e+00 1.202957e-02 4.634795e-05 9.999276e-01 2.692134e+01
9.998243e-01 -2.031890e-04 1.873957e-02 1.704011e+01 2.049002e-04 1.000000e+00 -8.909367e-05 -1.449467e+00 -1.873946e-02 9.291370e-05 9.998244e-01 2.716749e+01
9.999551e-01 -1.008993e-04 -9.471135e-03 1.736777e+01 9.979511e-05 1.000000e+00 -1.176694e-04 -1.462046e+00 9.471241e-03 1.167149e-04 9.999551e-01 2.745891e+01
9.998204e-01 -1.807073e-04 1.894661e-02 1.767894e+01 1.827493e-04 1.000000e+00 -1.057367e-04 -1.474541e+00 -1.894650e-02 1.091762e-04 9.998205e-01 2.775540e+01
9.999104e-01 5.592300e-05 -1.337912e-02 1.807248e+01 -5.422556e-05 1.000000e+00 1.267926e-04 -1.485758e+00 1.337922e-02 -1.260597e-04 9.999105e-01 2.795011e+01
9.998582e-01 -3.595647e-05 1.683463e-02 1.856282e+01 3.554449e-05 1.000000e+00 2.511862e-05 -1.495822e+00 -1.683454e-02 -2.452070e-05 9.998583e-01 2.805444e+01
9.999056e-01 2.465211e-05 -1.373351e-02 1.898797e+01 -2.316879e-05 1.000000e+00 1.077364e-04 -1.506357e+00 1.373360e-02 -1.074120e-04 9.999057e-01 2.820219e+01
9.998247e-01 -1.128532e-04 1.871782e-02 1.936643e+01 1.147599e-04 1.000000e+00 -1.004807e-04 -1.517060e+00 -1.871772e-02 1.026072e-04 9.998248e-01 2.838126e+01
9.998378e-01 7.108798e-05 -1.800886e-02 1.971226e+01 -6.889056e-05 1.000000e+00 1.223095e-04 -1.525983e+00 1.800897e-02 -1.210529e-04 9.998378e-01 2.845652e+01
9.998684e-01 -1.683992e-04 1.621638e-02 2.004113e+01 1.687007e-04 1.000000e+00 -1.686695e-05 -1.535712e+00 -1.621629e-02 1.959645e-05 9.998685e-01 2.855199e+01
9.997928e-01 2.901121e-05 -2.035171e-02 2.033500e+01 -2.215746e-05 9.999999e-01 3.366987e-04 -1.549456e+00 2.035181e-02 -3.361819e-04 9.997928e-01 2.883945e+01
9.998859e-01 -2.262319e-04 1.510059e-02 2.062568e+01 2.251496e-04 1.000000e+00 7.375701e-05 -1.564990e+00 -1.510051e-02 -7.035273e-05 9.998859e-01 2.920105e+01
9.998000e-01 2.915102e-05 -1.999516e-02 2.088291e+01 -2.313811e-05 1.000000e+00 3.006540e-04 -1.580406e+00 1.999526e-02 -3.001352e-04 9.998000e-01 2.956754e+01
9.999151e-01 -2.806616e-04 1.302210e-02 2.120471e+01 2.771577e-04 9.999999e-01 2.713245e-04 -1.597967e+00 -1.302208e-02 -2.676964e-04 9.999151e-01 3.000831e+01
9.998254e-01 7.876919e-05 -1.868277e-02 2.143423e+01 -7.689284e-05 1.000000e+00 1.008372e-04 -1.613867e+00 1.868287e-02 -9.938702e-05 9.998254e-01 3.039138e+01
9.998897e-01 -1.851022e-04 1.484334e-02 2.163050e+01 1.824204e-04 1.000000e+00 1.824161e-04 -1.626536e+00 -1.484328e-02 -1.796924e-04 9.998898e-01 3.067814e+01
