9.999894e-01 4.594600e-05 -4.607361e-03 5.338344e-02 -4.512257e-05 1.000000e+00 1.788196e-04 -8.711107e-03 4.607369e-03 -1.786093e-04 9.999893e-01 1.813260e-01
9.999763e-01 -1.120836e-04 6.886188e-03 1.153313e-01 1.140385e-04 1.000000e+00 -2.834876e-04 -1.744057e-02 -6.886156e-03 2.842666e-04 9.999761e-01 3.843683e-01
9.999954e-01 -4.926129e-05 3.018982e-03 1.772176e-01 4.957317e-05 1.000000e+00 -1.032271e-04 -2.460969e-02 -3.018976e-03 1.033767e-04 9.999953e-01 5.548780e-01
9.999704e-01 1.401753e-04 -7.692756e-03 2.286512e-01 -1.381150e-04 1.000000e+00 2.683533e-04 -3.266582e-02 7.692794e-03 -2.672824e-04 9.999703e-01 7.237756e-01
9.999834e-01 1.580934e-04 -5.765566e-03 2.697779e-01 -1.565930e-04 1.000000e+00 2.606895e-04 -4.001001e-02 5.765606e-03 -2.597818e-04 9.999832e-01 8.684101e-01
1.000000e+00 -7.086181e-05 -2.062902e-04 3.154811e-01 7.085455e-05 1.000000e+00 -3.529175e-05 -4.753610e-02 2.062910e-04 3.527767e-05 9.999999e-01 1.003348e+00
1.000000e+00 3.712438e-05 -1.094178e-06 3.493461e-01 -3.712436e-05 1.000000e+00 4.644275e-07 -5.465036e-02 1.092569e-06 -4.638517e-07 9.999999e-01 1.143169e+00
9.999983e-01 -9.611011e-05 1.839530e-03 3.890747e-01 9.629978e-05 1.000000e+00 -1.030060e-04 -6.224935e-02 -1.839522e-03 1.031835e-04 9.999982e-01 1.313426e+00
9.999897e-01 1.002586e-04 -4.534119e-03 4.290052e-01 -9.940292e-05 1.000000e+00 1.889357e-04 -7.075209e-02 4.534136e-03 -1.884825e-04 9.999896e-01 1.502375e+00
9.999914e-01 4.398563e-05 -4.157941e-03 4.638417e-01 -4.335983e-05 1.000000e+00 1.505914e-04 -7.925414e-02 4.157945e-03 -1.504093e-04 9.999912e-01 1.692111e+00
9.999780e-01 -1.147317e-04 6.632066e-03 5.039161e-01 1.164925e-04 1.000000e+00 -2.651145e-04 -8.751771e-02 -6.632038e-03 2.658818e-04 9.999779e-01 1.891937e+00
9.999854e-01 5.316164e-05 -5.407123e-03 5.330935e-01 -5.212580e-05 1.000000e+00 1.917045e-04 -9.524329e-02 5.407131e-03 -1.914193e-04 9.999853e-01 2.074057e+00
9.999713e-01 -1.246653e-04 7.573357e-03 5.639751e-01 1.269647e-04 9.999999e-01 -3.031421e-04 -1.026359e-01 -7.573321e-03 3.040955e-04 9.999712e-01 2.247605e+00
9.999911e-01 -2.748239e-05 4.216396e-03 6.231046e-01 2.821594e-05 1.000000e+00 -1.739130e-04 -1.097540e-01 -4.216391e-03 1.740309e-04 9.999910e-01 2.426344e+00
9.998008e-01 -4.097219e-04 1.995344e-02 6.950720e-01 4.225961e-04 9.999997e-01 -6.409962e-04 -1.152036e-01 -1.995317e-02 6.493012e-04 9.998006e-01 2.573209e+00
9.999996e-01 2.744214e-05 8.954311e-04 7.612207e-01 -2.738039e-05 1.000000e+00 -6.896852e-05 -1.210600e-01 -8.954293e-04 6.894431e-05 9.999995e-01 2.727079e+00
9.999243e-01 -2.458952e-04 1.230213e-02 8.173053e-01 2.510580e-04 9.999999e-01 -4.181211e-04 -1.276419e-01 -1.230202e-02 4.211783e-04 9.999241e-01 2.884957e+00
9.999884e-01 1.389339e-04 -4.808107e-03 8.624119e-01 -1.384378e-04 1.000000e+00 1.035065e-04 -1.346710e-01 4.808127e-03 -1.028394e-04 9.999883e-01 3.048476e+00
9.999644e-01 -2.152753e-04 8.431711e-03 9.039931e-01 2.174745e-04 9.999999e-01 -2.599007e-04 -1.426405e-01 -8.431649e-03 2.617254e-04 9.999643e-01 3.241287e+00
9.999698e-01 1.607554e-04 -7.772754e-03 9.381796e-01 -1.591942e-04 1.000000e+00 2.014709e-04 -1.503468e-01 7.772792e-03 -2.002272e-04 9.999697e-01 3.418523e+00
9.999641e-01 -2.140897e-04 8.466683e-03 9.649021e-01 2.163525e-04 9.999999e-01 -2.663439e-04 -1.575726e-01 -8.466619e-03 2.681663e-04 9.999640e-01 3.584497e+00
9.999908e-01 1.374171e-04 -4.276497e-03 9.938935e-01 -1.371092e-04 1.000000e+00 7.228737e-05 -1.643015e-01 4.276514e-03 -7.170016e-05 9.999908e-01 3.736157e+00
9.999527e-01 -2.314611e-04 9.720745e-03 1.040141e+00 2.344543e-04 9.999999e-01 -3.067834e-04 -1.719649e-01 -9.720666e-03 3.090481e-04 9.999526e-01 3.919203e+00
9.999842e-01 1.692101e-04 -5.614872e-03 1.090583e+00 -1.686702e-04 1.000000e+00 9.661372e-05 -1.790701e-01 5.614896e-03 -9.566497e-05 9.999841e-01 4.068214e+00
9.999640e-01 -2.318481e-04 8.483369e-03 1.136211e+00 2.339094e-04 9.999999e-01 -2.419863e-04 -1.860526e-01 -8.483305e-03 2.439621e-04 9.999639e-01 4.209043e+00
9.999946e-01 1.918387e-04 -3.271017e-03 1.179745e+00 -1.918933e-04 1.000000e+00 -1.639049e-05 -1.921621e-01 3.271022e-03 1.701821e-05 9.999946e-01 4.321116e+00
9.999674e-01 -2.674081e-04 8.066092e-03 1.251768e+00 2.689712e-04 9.999999e-01 -1.926931e-04 -1.960705e-01 -8.066031e-03 1.948565e-04 9.999674e-01 4.306556e+00
9.999812e-01 2.103883e-04 -6.129482e-03 1.337081e+00 -2.099973e-04 1.000000e+00 6.441890e-05 -2.020084e-01 6.129504e-03 -6.313043e-05 9.999811e-01 4.363182e+00
9.999616e-01 -2.750257e-04 8.761868e-03 1.421647e+00 2.770954e-04 9.999999e-01 -2.349982e-04 -2.097446e-01 -8.761793e-03 2.374171e-04 9.999615e-01 4.506876e+00
9.999808e-01 2.054715e-04 -6.200520e-03 1.482754e+00 -2.049698e-04 1.000000e+00 8.154462e-05 -2.171946e-01 6.200546e-03 -8.027208e-05 9.999807e-01 4.659549e+00
9.999491e-01 -2.875742e-04 1.008513e-02 1.541990e+00 2.903302e-04 9.999999e-01 -2.718130e-04 -2.249584e-01 -1.008505e-02 2.747272e-04 9.999490e-01 4.831449e+00
9.999672e-01 2.269154e-04 -8.094496e-03 1.588238e+00 -2.257234e-04 1.000000e+00 1.481788e-04 -2.323306e-01 8.094539e-03 -1.463468e-04 9.999671e-01 4.991896e+00
9.999561e-01 -2.767934e-04 9.363066e-03 1.629209e+00 2.791359e-04 9.999999e-01 -2.488707e-04 -2.390059e-01 -9.362986e-03 2.514733e-04 9.999560e-01 5.121631e+00
9.999692e-01 2.201836e-04 -7.840473e-03 1.658783e+00 -2.190110e-04 1.000000e+00 1.504206e-04 -2.458255e-01 7.840516e-03 -1.486988e-04 9.999692e-01 5.270707e+00
9.999757e-01 -2.572580e-04 6.966517e-03 1.668798e+00 2.583645e-04 1.000000e+00 -1.579295e-04 -2.524926e-01 -6.966466e-03 1.597256e-04 9.999756e-01 5.417816e+00
9.999726e-01 2.108955e-04 -7.403412e-03 1.670100e+00 -2.099067e-04 1.000000e+00 1.343386e-04 -2.584409e-01 7.403451e-03 -1.327809e-04 9.999725e-01 5.544830e+00
9.999733e-01 -2.622958e-04 7.297129e-03 1.679889e+00 2.635575e-04 1.000000e+00 -1.719461e-04 -2.645224e-01 -7.297073e-03 1.738647e-04 9.999733e-01 5.672748e+00
9.999811e-01 2.100614e-04 -6.152330e-03 1.705331e+00 -2.095569e-04 1.000000e+00 8.264932e-05 -2.712077e-01 6.152357e-03 -8.135851e-05 9.999810e-01 5.818299e+00
9.999710e-01 -2.663007e-04 7.605466e-03 1.721936e+00 2.676620e-04 9.999999e-01 -1.779738e-04 -2.773004e-01 -7.605408e-03 1.800043e-04 9.999710e-01 5.944134e+00
9.999944e-01 1.969985e-04 -3.330006e-03 1.766193e+00 -1.970937e-04 1.000000e+00 -2.828119e-05 -2.844075e-01 3.330012e-03 2.893731e-05 9.999944e-01 6.098324e+00
9.999648e-01 -2.839252e-04 8.386311e-03 1.835771e+00 2.856580e-04 9.999999e-01 -2.054215e-04 -2.923195e-01 -8.386240e-03 2.078098e-04 9.999647e-01 6.270826e+00
9.999732e-01 2.376028e-04 -7.316176e-03 1.895392e+00 -2.366746e-04 1.000000e+00 1.277314e-04 -3.004648e-01 7.316218e-03 -1.259965e-04 9.999731e-01 6.445851e+00
9.999837e-01 -2.502333e-04 5.702498e-03 1.952769e+00 2.507625e-04 1.000000e+00 -9.208581e-05 -3.087651e-01 -5.702464e-03 9.351420e-05 9.999836e-01 6.613078e+00
9.999812e-01 2.497493e-04 -6.132894e-03 2.037286e+00 -2.494524e-04 1.000000e+00 4.917283e-05 -3.157447e-01 6.132917e-03 -4.764212e-05 9.999811e-01 6.708730e+00
9.999817e-01 -2.708116e-04 6.046912e-03 2.107012e+00 2.714053e-04 1.000000e+00 -9.735405e-05 -3.224003e-01 -6.046874e-03 9.899334e-05 9.999816e-01 6.801155e+00
9.999873e-01 2.410784e-04 -5.037059e-03 2.171800e+00 -2.410758e-04 1.000000e+00 1.108638e-06 -3.286719e-01 5.037071e-03 1.055930e-07 9.999872e-01 6.886016e+00
9.999988e-01 -1.850012e-04 1.538619e-03 2.246969e+00 1.848338e-04 1.000000e+00 1.090175e-04 -3.363074e-01 -1.538628e-03 -1.087330e-04 9.999987e-01 7.004016e+00
9.999767e-01 2.660536e-04 -6.820352e-03 2.313915e+00 -2.654415e-04 1.000000e+00 9.065321e-05 -3.441046e-01 6.820386e-03 -8.884076e-05 9.999766e-01 7.135912e+00
1.000000e+00 -1.513915e-04 -6.372381e-05 2.357697e+00 1.514010e-04 1.000000e+00 1.492506e-04 -3.517440e-01 6.371117e-05 -1.492603e-04 9.999999e-01 7.281823e+00
9.997445e-01 7.307218e-04 -2.259119e-02 2.398498e+00 -7.158327e-04 9.999995e-01 6.671438e-04 -3.566702e-01 2.259167e-02 -6.508018e-04 9.997445e-01 7.358766e+00
9.995523e-01 6.565205e-04 -2.991111e-02 2.449383e+00 -6.185326e-04 9.999990e-01 1.279263e-03 -3.582918e-01 2.991192e-02 -1.260189e-03 9.995516e-01 7.365431e+00
9.996358e-01 8.074025e-04 -2.697284e-02 2.499218e+00 -7.816552e-04 9.999992e-01 9.650910e-04 -3.613172e-01 2.697359e-02 -9.436556e-04 9.996356e-01 7.417701e+00
9.995000e-01 7.022694e-04 -3.161093e-02 2.554879e+00 -6.611137e-04 9.999989e-01 1.312375e-03 -3.644275e-01 3.161181e-02 -1.290820e-03 9.994993e-01 7.483425e+00
9.993580e-01 1.023178e-03 -3.581120e-02 2.637285e+00 -9.741263e-04 9.999986e-01 1.387158e-03 -3.679842e-01 3.581255e-02 -1.351382e-03 9.993575e-01 7.559588e+00
9.990433e-01 1.029868e-03 -4.371962e-02 2.720859e+00 -9.524098e-04 9.999979e-01 1.792502e-03 -3.714209e-01 4.372135e-02 -1.749147e-03 9.990421e-01 7.661776e+00
9.992996e-01 1.141280e-03 -3.740395e-02 2.780479e+00 -1.091488e-03 9.999985e-01 1.351593e-03 -3.706532e-01 3.740541e-02 -1.309819e-03 9.992992e-01 7.621138e+00
9.988332e-01 1.185176e-03 -4.827917e-02 2.827985e+00 -1.093983e-03 9.999976e-01 1.915249e-03 -3.674666e-01 4.828128e-02 -1.860196e-03 9.988319e-01 7.496328e+00
9.991796e-01 1.241017e-03 -4.048053e-02 2.885665e+00 -1.182468e-03 9.999982e-01 1.470251e-03 -3.627829e-01 4.048223e-02 -1.421176e-03 9.991792e-01 7.314357e+00
9.982349e-01 1.423742e-03 -5.937191e-02 2.958223e+00 -1.280816e-03 9.999962e-01 2.445285e-03 -3.610920e-01 5.937511e-02 -2.364922e-03 9.982328e-01 7.254086e+00
9.991455e-01 1.211022e-03 -4.131366e-02 3.039918e+00 -1.145268e-03 9.999980e-01 1.615172e-03 -3.627367e-01 4.131547e-02 -1.566474e-03 9.991448e-01 7.322210e+00
9.985127e-01 1.315634e-03 -5.450378e-02 3.103378e+00 -1.199275e-03 9.999969e-01 2.167519e-03 -3.632632e-01 5.450640e-02 -2.098927e-03 9.985111e-01 7.355995e+00
9.996305e-01 8.674600e-04 -2.716702e-02 3.153940e+00 -8.400686e-04 9.999991e-01 1.019609e-03 -3.627212e-01 2.716780e-02 -9.964076e-04 9.996303e-01 7.325813e+00
9.989363e-01 1.132741e-03 -4.609648e-02 3.204962e+00 -1.053164e-03 9.999979e-01 1.750538e-03 -3.602626e-01 4.609828e-02 -1.700126e-03 9.989354e-01 7.204736e+00
9.997920e-01 6.721464e-04 -2.038434e-02 3.247416e+00 -6.558710e-04 9.999995e-01 8.050219e-04 -3.593882e-01 2.038479e-02 -7.914820e-04 9.997918e-01 7.129841e+00
9.996683e-01 5.647221e-04 -2.574917e-02 3.292577e+00 -5.395487e-04 9.999994e-01 9.845100e-04 -3.606461e-01 2.574962e-02 -9.702875e-04 9.996679e-01 7.093715e+00
9.999144e-01 4.815394e-04 -1.307166e-02 3.335584e+00 -4.758890e-04 9.999998e-01 4.352314e-04 -3.634795e-01 1.307178e-02 -4.289704e-04 9.999144e-01 7.124772e+00
9.992489e-01 9.020179e-04 -3.873942e-02 3.367500e+00 -8.437116e-04 9.999985e-01 1.521362e-03 -3.660395e-01 3.874064e-02 -1.487532e-03 9.992481e-01 7.174172e+00
9.999100e-01 4.977943e-04 -1.340301e-02 3.402920e+00 -4.917004e-04 9.999998e-01 4.578001e-04 -3.682308e-01 1.340314e-02 -4.511655e-04 9.999100e-01 7.206669e+00
9.994989e-01 7.022583e-04 -3.164561e-02 3.438750e+00 -6.631116e-04 9.999990e-01 1.247444e-03 -3.710104e-01 3.164636e-02 -1.225832e-03 9.994983e-01 7.244242e+00
9.999524e-01 3.990334e-04 -9.748210e-03 3.472500e+00 -3.960139e-04 9.999999e-01 3.114393e-04 -3.744767e-01 9.748237e-03 -3.075610e-04 9.999524e-01 7.306736e+00
9.997542e-01 4.490675e-04 -2.216259e-02 3.507876e+00 -4.286804e-04 9.999995e-01 9.245258e-04 -3.785141e-01 2.216290e-02 -9.147949e-04 9.997539e-01 7.358314e+00
9.999889e-01 2.341546e-05 4.703724e-03 3.547875e+00 -2.198156e-05 1.000000e+00 -3.043655e-04 -3.841565e-01 -4.703828e-03 3.042618e-04 9.999888e-01 7.459865e+00
9.993360e-01 8.272588e-04 -3.642509e-02 3.579702e+00 -7.741128e-04 9.999986e-01 1.473062e-03 -3.888711e-01 3.642616e-02 -1.443883e-03 9.993352e-01 7.558207e+00
9.996378e-01 -4.819004e-04 2.690785e-02 3.605310e+00 5.092766e-04 9.999994e-01 -1.010462e-03 -3.946015e-01 -2.690744e-02 1.023802e-03 9.996373e-01 7.642862e+00
9.999999e-01 -9.839356e-06 3.582193e-04 3.658761e+00 9.792227e-06 1.000000e+00 1.385255e-04 -3.986773e-01 -3.583182e-04 -1.385189e-04 9.999999e-01 7.750198e+00
9.996449e-01 -4.937937e-04 2.664142e-02 3.708073e+00 5.203760e-04 9.999994e-01 -9.907616e-04 -4.025884e-01 -2.664101e-02 1.004276e-03 9.996445e-01 7.849285e+00
9.999999e-01 6.095950e-06 2.009891e-04 3.758462e+00 -6.119890e-06 1.000000e+00 1.308722e-04 -4.066105e-01 -2.010845e-04 -1.308703e-04 9.999999e-01 7.953182e+00
9.995649e-01 -5.404947e-04 2.948841e-02 3.809719e+00 5.725819e-04 9.999993e-01 -1.079612e-03 -4.102899e-01 -2.948790e-02 1.096030e-03 9.995645e-01 8.054430e+00
9.999998e-01 -9.725426e-06 6.102776e-04 3.862654e+00 9.651185e-06 1.000000e+00 1.252933e-04 -4.140004e-01 -6.103733e-04 -1.252843e-04 9.999997e-01 8.156441e+00
9.998134e-01 -3.702337e-04 1.930979e-02 3.915396e+00 3.853286e-04 9.999996e-01 -7.778909e-04 -4.191036e-01 -1.930959e-02 7.851895e-04 9.998132e-01 8.275036e+00
9.999968e-01 7.171258e-05 -2.530303e-03 3.966215e+00 -7.119380e-05 1.000000e+00 2.042770e-04 -4.244775e-01 2.530225e-03 -2.040931e-04 9.999967e-01 8.396950e+00
9.997845e-01 -4.055725e-04 2.075463e-02 4.016165e+00 4.224898e-04 9.999996e-01 -8.106252e-04 -4.294986e-01 -2.075438e-02 8.192222e-04 9.997842e-01 8.508579e+00
9.999574e-01 1.977193e-04 -9.219498e-03 4.061355e+00 -1.939639e-04 9.999999e-01 4.080072e-04 -4.357063e-01 9.219486e-03 -4.061985e-04 9.999573e-01 8.646100e+00
9.997753e-01 -3.723786e-04 2.119165e-02 4.101911e+00 3.901869e-04 9.999996e-01 -8.361188e-04 -4.411196e-01 -2.119142e-02 8.442027e-04 9.997750e-01 8.756169e+00
9.999815e-01 9.629483e-05 -6.081057e-03 4.148172e+00 -9.428974e-05 9.999999e-01 3.296908e-04 -4.463091e-01 6.080998e-03 -3.291083e-04 9.999814e-01 8.862689e+00
9.998538e-01 -2.845443e-04 1.709676e-02 4.183153e+00 2.968441e-04 9.999997e-01 -7.167725e-04 -4.515380e-01 -1.709664e-02 7.217458e-04 9.998535e-01 8.965707e+00
9.999443e-01 1.478674e-04 -1.054797e-02 4.214391e+00 -1.426290e-04 9.999999e-01 4.971966e-04 -4.573690e-01 1.054795e-02 -4.956614e-04 9.999442e-01 9.078946e+00
9.999903e-01 2.004779e-04 -4.394417e-03 4.245852e+00 -2.002925e-04 1.000000e+00 4.219727e-05 -4.641579e-01 4.394335e-03 -4.131364e-05 9.999903e-01 9.218237e+00
9.999865e-01 -3.137291e-05 -5.190926e-03 4.271336e+00 3.312339e-05 9.999999e-01 3.367520e-04 -4.713124e-01 5.190824e-03 -3.369164e-04 9.999864e-01 9.350708e+00
9.999768e-01 2.775758e-04 -6.804284e-03 4.296534e+00 -2.769694e-04 1.000000e+00 8.976501e-05 -4.786893e-01 6.804217e-03 -8.787529e-05 9.999768e-01 9.507831e+00
9.999492e-01 1.188722e-04 -1.007364e-02 4.325890e+00 -1.133928e-04 9.999998e-01 5.443057e-04 -4.854217e-01 1.007361e-02 -5.431328e-04 9.999490e-01 9.645241e+00
9.999781e-01 3.137305e-04 -6.606344e-03 4.398571e+00 -3.129243e-04 9.999999e-01 1.227390e-04 -4.913979e-01 6.606289e-03 -1.206659e-04 9.999781e-01 9.723323e+00
9.999718e-01 4.872546e-05 -7.510386e-03 4.469167e+00 -4.552304e-05 9.999999e-01 4.262856e-04 -4.976508e-01 7.510312e-03 -4.259286e-04 9.999716e-01 9.812457e+00
9.999873e-01 2.206482e-04 -5.025391e-03 4.485666e+00 -2.205843e-04 1.000000e+00 1.283406e-05 -5.037765e-01 5.025300e-03 -1.172228e-05 9.999873e-01 9.923729e+00
9.999686e-01 4.824490e-05 -7.926269e-03 4.502426e+00 -4.466259e-05 9.999999e-01 4.518550e-04 -5.100435e-01 7.926196e-03 -4.514837e-04 9.999684e-01 1.003760e+01
9.999999e-01 5.032456e-05 -3.997685e-04 4.503757e+00 -5.038701e-05 1.000000e+00 -1.618435e-04 -5.166550e-01 3.996657e-04 1.618667e-04 9.999998e-01 1.016627e+01
9.999725e-01 2.185314e-05 -7.414133e-03 4.502633e+00 -1.877283e-05 9.999999e-01 4.152317e-04 -5.236756e-01 7.414046e-03 -4.150780e-04 9.999724e-01 1.031422e+01
9.999988e-01 -2.777812e-06 1.527583e-03 4.498851e+00 3.146593e-06 1.000000e+00 -2.399071e-04 -5.309253e-01 -1.527677e-03 2.399147e-04 9.999987e-01 1.047673e+01
9.999611e-01 4.805359e-05 -8.813150e-03 4.501260e+00 -4.376758e-05 9.999999e-01 4.862548e-04 -5.387378e-01 8.813077e-03 -4.858471e-04 9.999610e-01 1.064863e+01
9.999928e-01 -4.126195e-05 3.779299e-03 4.500561e+00 4.254905e-05 9.999999e-01 -3.398671e-04 -5.462332e-01 -3.779381e-03 3.400286e-04 9.999927e-01 1.081944e+01
9.999737e-01 2.674643e-05 -7.248809e-03 4.499639e+00 -2.357671e-05 9.999999e-01 4.370434e-04 -5.534259e-01 7.248724e-03 -4.368579e-04 9.999736e-01 1.098368e+01
9.999951e-01 -2.848042e-05 3.130251e-03 4.502400e+00 2.949787e-05 9.999999e-01 -3.242337e-04 -5.607439e-01 -3.130337e-03 3.243276e-04 9.999950e-01 1.114745e+01
9.999687e-01 3.188259e-05 -7.908317e-03 4.503855e+00 -2.819747e-05 9.999999e-01 4.657976e-04 -5.682684e-01 7.908235e-03 -4.655569e-04 9.999686e-01 1.131707e+01
9.999870e-01 -4.133507e-05 5.090081e-03 4.496272e+00 4.338488e-05 9.999999e-01 -4.021266e-04 -5.744506e-01 -5.090160e-03 4.023453e-04 9.999869e-01 1.144546e+01
9.999686e-01 3.114611e-05 -7.922478e-03 4.488751e+00 -2.748711e-05 9.999999e-01 4.616634e-04 -5.804179e-01 7.922396e-03 -4.614280e-04 9.999684e-01 1.156300e+01
9.999707e-01 -4.936922e-05 7.648434e-03 4.501428e+00 5.314169e-05 9.999999e-01 -4.927164e-04 -5.873354e-01 -7.648504e-03 4.931115e-04 9.999706e-01 1.171075e+01
9.999986e-01 -1.204519e-04 1.676592e-03 4.539784e+00 1.202137e-04 1.000000e+00 1.435741e-04 -5.938707e-01 -1.676705e-03 -1.433692e-04 9.999985e-01 1.186604e+01
9.999674e-01 -5.132068e-05 8.073775e-03 4.582939e+00 5.544595e-05 9.999999e-01 -5.104317e-04 -6.006367e-01 -8.073843e-03 5.108659e-04 9.999672e-01 1.202835e+01
9.999787e-01 -1.809548e-04 6.516127e-03 4.631665e+00 1.810777e-04 1.000000e+00 -1.792661e-05 -6.063288e-01 -6.516218e-03 1.910927e-05 9.999787e-01 1.215770e+01
9.999082e-01 -1.975161e-04 1.354705e-02 4.687531e+00 2.063368e-04 9.999998e-01 -6.495525e-04 -6.114693e-01 -1.354701e-02 6.522912e-04 9.999080e-01 1.228011e+01
9.999991e-01 2.103574e-06 -1.307587e-03 4.732666e+00 -1.844168e-06 1.000000e+00 1.967137e-04 -6.174724e-01 1.307494e-03 -1.967080e-04 9.999991e-01 1.241532e+01
9.999679e-01 -9.606886e-05 8.006586e-03 4.762849e+00 9.995788e-05 9.999999e-01 -4.850519e-04 -6.239406e-01 -8.006633e-03 4.858397e-04 9.999678e-01 1.256612e+01
9.999701e-01 -1.748916e-04 7.726939e-03 4.815053e+00 1.754681e-04 1.000000e+00 -7.364618e-05 -6.298158e-01 -7.727019e-03 7.500290e-05 9.999701e-01 1.270789e+01
9.999407e-01 -1.688519e-04 1.088754e-02 4.868417e+00 1.749264e-04 9.999998e-01 -5.567785e-04 -6.351240e-01 -1.088754e-02 5.586531e-04 9.999405e-01 1.283364e+01
9.999993e-01 -3.483704e-05 1.136866e-03 4.909906e+00 3.469702e-05 1.000000e+00 1.249931e-04 -6.408873e-01 -1.136962e-03 -1.249505e-04 9.999993e-01 1.295943e+01
9.999081e-01 -2.250938e-04 1.355396e-02 4.960370e+00 2.338332e-04 9.999998e-01 -6.430519e-04 -6.468240e-01 -1.355390e-02 6.461652e-04 9.999079e-01 1.309857e+01
9.999983e-01 -4.242558e-05 1.804870e-03 5.011007e+00 4.223608e-05 1.000000e+00 1.061258e-04 -6.525814e-01 -1.804965e-03 -1.060464e-04 9.999983e-01 1.323059e+01
9.998939e-01 -2.513251e-04 1.456517e-02 5.064444e+00 2.612322e-04 9.999997e-01 -6.781553e-04 -6.586178e-01 -1.456508e-02 6.818913e-04 9.998936e-01 1.337950e+01
9.999911e-01 -7.731276e-05 4.201534e-03 5.119858e+00 7.719788e-05 1.000000e+00 2.795630e-05 -6.642750e-01 -4.201625e-03 -2.762867e-05 9.999911e-01 1.352264e+01
9.998940e-01 -2.653708e-04 1.455710e-02 5.178467e+00 2.752243e-04 9.999997e-01 -6.747571e-04 -6.702214e-01 -1.455700e-02 6.786950e-04 9.998937e-01 1.367734e+01
9.999787e-01 -1.014106e-04 6.527876e-03 5.239367e+00 1.017449e-04 1.000000e+00 -5.060728e-05 -6.756160e-01 -6.527958e-03 5.127337e-05 9.999786e-01 1.381646e+01
9.999592e-01 -1.946659e-04 9.023893e-03 5.293352e+00 1.990295e-04 9.999999e-01 -4.824740e-04 -6.817879e-01 -9.023884e-03 4.842534e-04 9.999591e-01 1.396572e+01
9.999957e-01 1.223417e-05 2.925698e-03 5.347181e+00 -1.227060e-05 1.000000e+00 1.302144e-05 -6.888955e-01 -2.925783e-03 -1.305432e-05 9.999956e-01 1.414681e+01
9.999675e-01 -1.881709e-04 8.058479e-03 5.401986e+00 1.916864e-04 9.999999e-01 -4.352671e-04 -6.962416e-01 -8.058481e-03 4.368006e-04 9.999674e-01 1.433098e+01
9.999512e-01 -9.882865e-05 9.875567e-03 5.463931e+00 1.009817e-04 1.000000e+00 -2.173527e-04 -7.026485e-01 -9.875630e-03 2.183423e-04 9.999511e-01 1.450424e+01
9.999233e-01 -3.047216e-04 1.238050e-02 5.528681e+00 3.113942e-04 9.999998e-01 -5.369046e-04 -7.082191e-01 -1.238042e-02 5.407216e-04 9.999231e-01 1.465378e+01
9.999298e-01 -1.410853e-04 1.184873e-02 5.594167e+00 1.441924e-04 1.000000e+00 -2.612402e-04 -7.131404e-01 -1.184877e-02 2.629332e-04 9.999297e-01 1.478086e+01
9.999470e-01 -2.754221e-04 1.028579e-02 5.656295e+00 2.802320e-04 9.999999e-01 -4.660392e-04 -7.181054e-01 -1.028574e-02 4.688998e-04 9.999469e-01 1.490254e+01
9.999795e-01 -3.472710e-05 6.394192e-03 5.713031e+00 3.541727e-05 1.000000e+00 -1.075987e-04 -7.239812e-01 -6.394268e-03 1.078258e-04 9.999795e-01 1.504378e+01
9.999937e-01 -1.447772e-04 3.552596e-03 5.770343e+00 1.457465e-04 1.000000e+00 -2.721843e-04 -7.313044e-01 -3.552635e-03 2.727032e-04 9.999936e-01 1.522259e+01
9.999730e-01 -3.028168e-06 7.352352e-03 5.824517e+00 4.302150e-06 1.000000e+00 -1.730704e-04 -7.382823e-01 -7.352430e-03 1.731002e-04 9.999729e-01 1.539469e+01
9.999839e-01 -1.967329e-04 5.662901e-03 5.881181e+00 1.985473e-04 9.999999e-01 -3.196044e-04 -7.454051e-01 -5.662915e-03 3.207264e-04 9.999838e-01 1.557479e+01
9.998907e-01 -1.252139e-04 1.478007e-02 5.955922e+00 1.314501e-04 9.999999e-01 -4.208723e-04 -7.517114e-01 -1.478009e-02 4.227719e-04 9.998906e-01 1.574729e+01
9.999397e-01 -3.521761e-04 1.097301e-02 6.029783e+00 3.569512e-04 9.999998e-01 -4.330946e-04 -7.568137e-01 -1.097293e-02 4.369880e-04 9.999396e-01 1.588528e+01
9.999384e-01 -4.932390e-05 1.109940e-02 6.092195e+00 5.279789e-05 9.999999e-01 -3.125877e-04 -7.621133e-01 -1.109946e-02 3.131571e-04 9.999383e-01 1.602035e+01
9.999554e-01 -2.908987e-04 9.435360e-03 6.155210e+00 2.947822e-04 9.999999e-01 -4.100760e-04 -7.677717e-01 -9.435311e-03 4.128417e-04 9.999553e-01 1.616755e+01
9.999873e-01 6.353655e-05 5.036486e-03 6.211424e+00 -6.290345e-05 1.000000e+00 -1.256413e-04 -7.742449e-01 -5.036564e-03 1.253255e-04 9.999872e-01 1.632590e+01
9.999443e-01 -3.207641e-04 1.054644e-02 6.271938e+00 3.253631e-04 9.999999e-01 -4.342513e-04 -7.806207e-01 -1.054637e-02 4.376611e-04 9.999442e-01 1.648175e+01
9.999998e-01 1.412727e-04 5.924034e-04 6.329730e+00 -1.412754e-04 1.000000e+00 6.301294e-06 -7.876674e-01 -5.924712e-04 -6.382444e-06 9.999997e-01 1.665158e+01
9.999357e-01 -3.348225e-04 1.133342e-02 6.392649e+00 3.401346e-04 9.999998e-01 -4.666974e-04 -7.951045e-01 -1.133333e-02 4.705249e-04 9.999356e-01 1.684341e+01
9.999968e-01 1.087663e-04 2.526050e-03 6.453171e+00 -1.086170e-04 1.000000e+00 -5.885842e-05 -8.021350e-01 -2.526123e-03 5.858634e-05 9.999967e-01 1.702810e+01
9.998910e-01 -4.151613e-04 1.475865e-02 6.515368e+00 4.232287e-04 9.999998e-01 -5.434330e-04 -8.084389e-01 -1.475849e-02 5.496225e-04 9.998908e-01 1.718808e+01
9.999946e-01 2.488431e-04 -3.279026e-03 6.561862e+00 -2.484896e-04 1.000000e+00 1.079441e-04 -8.143006e-01 3.278988e-03 -1.071263e-04 9.999945e-01 1.731051e+01
9.999523e-01 -3.249799e-04 9.757668e-03 6.583264e+00 3.287103e-04 9.999999e-01 -3.806080e-04 -8.190402e-01 -9.757607e-03 3.837998e-04 9.999522e-01 1.738510e+01
9.999963e-01 2.452410e-04 -2.706887e-03 6.609909e+00 -2.450064e-04 1.000000e+00 8.668002e-05 -8.241282e-01 2.706844e-03 -8.601411e-05 9.999962e-01 1.747370e+01
9.999328e-01 -3.559654e-04 1.158370e-02 6.643522e+00 3.610883e-04 9.999998e-01 -4.400915e-04 -8.296090e-01 -1.158360e-02 4.442470e-04 9.999327e-01 1.758168e+01
9.999926e-01 1.222591e-04 3.836156e-03 6.689842e+00 -1.218224e-04 1.000000e+00 -1.138361e-04 -8.347269e-01 -3.836232e-03 1.133703e-04 9.999925e-01 1.768561e+01
9.999972e-01 -2.045010e-04 2.335931e-03 6.710322e+00 2.048636e-04 1.000000e+00 -1.546596e-04 -8.403880e-01 -2.335960e-03 1.551400e-04 9.999972e-01 1.780378e+01
9.999686e-01 7.931047e-05 7.926580e-03 6.744430e+00 -7.728404e-05 1.000000e+00 -2.558546e-04 -8.459696e-01 -7.926660e-03 2.552363e-04 9.999685e-01 1.792150e+01
9.999809e-01 -3.084237e-04 6.165771e-03 6.791359e+00 3.099618e-04 9.999999e-01 -2.483781e-04 -8.518403e-01 -6.165753e-03 2.502868e-04 9.999809e-01 1.805379e+01
9.999715e-01 9.724847e-05 7.552544e-03 6.837405e+00 -9.524446e-05 1.000000e+00 -2.656026e-04 -8.578502e-01 -7.552628e-03 2.648779e-04 9.999714e-01 1.819466e+01
9.999843e-01 -2.918508e-04 5.587877e-03 6.881058e+00 2.930899e-04 9.999999e-01 -2.208019e-04 -8.638686e-01 -5.587870e-03 2.224384e-04 9.999843e-01 1.833098e+01
9.999968e-01 1.966141e-04 2.524014e-03 6.915934e+00 -1.963157e-04 1.000000e+00 -1.182012e-04 -8.704130e-01 -2.524094e-03 1.177074e-04 9.999967e-01 1.848111e+01
9.999542e-01 -3.680685e-04 9.560709e-03 6.957596e+00 3.713673e-04 9.999999e-01 -3.431895e-04 -8.765893e-01 -9.560637e-03 3.467264e-04 9.999541e-01 1.862375e+01
9.999992e-01 2.136674e-04 1.275380e-03 6.988135e+00 -2.135824e-04 1.000000e+00 -6.630324e-05 -8.816445e-01 -1.275449e-03 6.603287e-05 9.999991e-01 1.872341e+01
9.999832e-01 -3.110687e-04 5.794754e-03 7.005953e+00 3.123588e-04 9.999999e-01 -2.216278e-04 -8.868611e-01 -5.794739e-03 2.234362e-04 9.999831e-01 1.882837e+01
9.999721e-01 1.267303e-04 7.464431e-03 7.047094e+00 -1.246468e-04 1.000000e+00 -2.795019e-04 -8.922741e-01 -7.464519e-03 2.785657e-04 9.999720e-01 1.894175e+01
9.999605e-01 -3.938533e-04 8.882937e-03 7.093723e+00 3.965423e-04 9.999999e-01 -3.008881e-04 -8.981394e-01 -8.882868e-03 3.044007e-04 9.999604e-01 1.908434e+01
9.999956e-01 3.047454e-04 -2.962910e-03 7.119402e+00 -3.045729e-04 1.000000e+00 5.848757e-05 -9.051420e-01 2.962876e-03 -5.758293e-05 9.999955e-01 1.925532e+01
9.999838e-01 -3.765315e-04 5.680118e-03 7.139885e+00 3.775747e-04 9.999999e-01 -1.824896e-04 -9.123615e-01 -5.680100e-03 1.846332e-04 9.999838e-01 1.943274e+01
9.999995e-01 3.096859e-04 -9.047878e-04 7.171800e+00 -3.097072e-04 1.000000e+00 -2.396912e-05 -9.196373e-01 9.047300e-04 2.425126e-05 9.999995e-01 1.960434e+01
9.999490e-01 -4.430118e-04 1.008644e-02 7.211401e+00 4.463426e-04 9.999998e-01 -3.279295e-04 -9.268684e-01 -1.008634e-02 3.324167e-04 9.999490e-01 1.978197e+01
9.999720e-01 3.765416e-04 -7.479483e-03 7.234298e+00 -3.749890e-04 9.999999e-01 2.089133e-04 -9.342372e-01 7.479512e-03 -2.061008e-04 9.999719e-01 1.996291e+01
9.999541e-01 -4.353444e-04 9.569982e-03 7.257242e+00 4.383505e-04 9.999999e-01 -3.119720e-04 -9.415414e-01 -9.569894e-03 3.161546e-04 9.999541e-01 2.013876e+01
9.999800e-01 3.745163e-04 -6.307215e-03 7.279961e+00 -3.735023e-04 9.999999e-01 1.618713e-04 -9.483908e-01 6.307226e-03 -1.595105e-04 9.999800e-01 2.029703e+01
9.999158e-01 -4.649191e-04 1.296813e-02 7.310805e+00 4.706148e-04 9.999998e-01 -4.361164e-04 -9.551776e-01 -1.296797e-02 4.421845e-04 9.999157e-01 2.045724e+01
9.999719e-01 3.932697e-04 -7.491364e-03 7.336976e+00 -3.917512e-04 9.999999e-01 2.041112e-04 -9.619051e-01 7.491396e-03 -2.011688e-04 9.999718e-01 2.061472e+01
9.996074e-01 -7.248030e-04 2.800920e-02 7.388700e+00 7.505083e-04 9.999993e-01 -9.072239e-04 -9.670254e-01 -2.800857e-02 9.278906e-04 9.996072e-01 2.074276e+01
9.999629e-01 3.835854e-04 -8.604743e-03 7.441102e+00 -3.813612e-04 9.999999e-01 2.600820e-04 -9.725330e-01 8.604798e-03 -2.567891e-04 9.999629e-01 2.087858e+01
9.996761e-01 -6.446509e-04 2.544208e-02 7.490786e+00 6.665203e-04 9.999994e-01 -8.510859e-04 -9.779855e-01 -2.544156e-02 8.677696e-04 9.996758e-01 2.100641e+01
9.999866e-01 2.896718e-04 -5.167394e-03 7.541098e+00 -2.887871e-04 9.999999e-01 1.718857e-04 -9.829592e-01 5.167403e-03 -1.703895e-04 9.999865e-01 2.112457e+01
9.996175e-01 -6.774549e-04 2.764601e-02 7.590363e+00 7.031515e-04 9.999993e-01 -9.197625e-04 -9.876084e-01 -2.764541e-02 9.388517e-04 9.996173e-01 2.123908e+01
9.999488e-01 3.885273e-04 -1.011552e-02 7.636640e+00 -3.853013e-04 9.999999e-01 3.208243e-04 -9.934983e-01 1.011561e-02 -3.169088e-04 9.999487e-01 2.138744e+01
9.996388e-01 -6.280793e-04 2.686621e-02 7.686525e+00 6.531938e-04 9.999994e-01 -9.260218e-04 -9.995660e-01 -2.686564e-02 9.432377e-04 9.996385e-01 2.154284e+01
9.999934e-01 2.265401e-04 -3.634687e-03 7.744483e+00 -2.260163e-04 1.000000e+00 1.444607e-04 -1.004706e+00 3.634686e-03 -1.436369e-04 9.999933e-01 2.167882e+01
9.996172e-01 -6.438574e-04 2.766088e-02 7.800020e+00 6.702839e-04 9.999993e-01 -9.461032e-04 -1.009613e+00 -2.766028e-02 9.642829e-04 9.996168e-01 2.180976e+01
9.999791e-01 2.826025e-04 -6.456088e-03 7.852567e+00 -2.811428e-04 9.999999e-01 2.269715e-04 -1.014950e+00 6.456122e-03 -2.251504e-04 9.999790e-01 2.194780e+01
9.995692e-01 -6.704991e-04 2.934140e-02 7.907743e+00 6.999629e-04 9.999993e-01 -9.939070e-04 -1.020004e+00 -2.934074e-02 1.014018e-03 9.995689e-01 2.208013e+01
9.999932e-01 2.074370e-04 -3.671433e-03 7.967779e+00 -2.068854e-04 1.000000e+00 1.505977e-04 -1.024872e+00 3.671440e-03 -1.498360e-04 9.999932e-01 2.221259e+01
9.995762e-01 -6.561373e-04 2.910421e-02 8.023761e+00 6.851060e-04 9.999993e-01 -9.853757e-04 -1.029391e+00 -2.910357e-02 1.004899e-03 9.995758e-01 2.233200e+01
9.999943e-01 1.916972e-04 -3.359815e-03 8.082263e+00 -1.912088e-04 1.000000e+00 1.456319e-04 -1.034054e+00 3.359823e-03 -1.449877e-04 9.999942e-01 2.245667e+01
9.997166e-01 -5.318978e-04 2.379998e-02 8.138811e+00 5.523064e-04 9.999995e-01 -8.509364e-04 -1.039442e+00 -2.379953e-02 8.638410e-04 9.997163e-01 2.259365e+01
9.999832e-01 2.429552e-04 -5.785661e-03 8.190413e+00 -2.417106e-04 9.999999e-01 2.158135e-04 -1.045130e+00 5.785698e-03 -2.144105e-04 9.999831e-01 2.273499e+01
9.997291e-01 -5.306027e-04 2.326850e-02 8.242183e+00 5.499365e-04 9.999995e-01 -8.245031e-04 -1.050889e+00 -2.326807e-02 8.370768e-04 9.997288e-01 2.287606e+01
9.999687e-01 2.826534e-04 -7.909993e-03 8.293404e+00 -2.804901e-04 9.999999e-01 2.745899e-04 -1.057141e+00 7.910057e-03 -2.723619e-04 9.999686e-01 2.303133e+01
9.997237e-01 -5.293474e-04 2.350043e-02 8.346152e+00 5.491011e-04 9.999995e-01 -8.341205e-04 -1.063462e+00 -2.349999e-02 8.467948e-04 9.997234e-01 2.319042e+01
9.999999e-01 1.537571e-04 -5.016819e-04 8.402109e+00 -1.537368e-04 1.000000e+00 4.044770e-05 -1.068442e+00 5.016795e-04 -4.036996e-05 9.999998e-01 2.332207e+01
9.997493e-01 -5.208497e-04 2.238242e-02 8.465094e+00 5.389608e-04 9.999995e-01 -8.031393e-04 -1.074470e+00 -2.238199e-02 8.150018e-04 9.997491e-01 2.349129e+01
9.999901e-01 2.153676e-04 -4.444892e-03 8.532656e+00 -2.145982e-04 1.000000e+00 1.735792e-04 -1.081293e+00 4.444925e-03 -1.726231e-04 9.999900e-01 2.367328e+01
9.997355e-01 -5.082319e-04 2.299401e-02 8.603442e+00 5.278359e-04 9.999995e-01 -8.465075e-04 -1.087995e+00 -2.299357e-02 8.584211e-04 9.997351e-01 2.385540e+01
9.999978e-01 1.519871e-04 -2.095017e-03 8.672985e+00 -1.517467e-04 1.000000e+00 1.149274e-04 -1.094404e+00 2.095034e-03 -1.146089e-04 9.999977e-01 2.403331e+01
9.996323e-01 -5.753530e-04 2.711137e-02 8.740202e+00 6.018065e-04 9.999994e-01 -9.675861e-04 -1.099718e+00 -2.711079e-02 9.835463e-04 9.996319e-01 2.418304e+01
9.999973e-01 5.083799e-05 2.334263e-03 8.809126e+00 -5.082117e-05 1.000000e+00 -7.260458e-06 -1.104460e+00 -2.334258e-03 7.141955e-06 9.999972e-01 2.432281e+01
9.997478e-01 -4.999355e-04 2.245065e-02 8.887006e+00 5.186698e-04 9.999995e-01 -8.286486e-04 -1.110325e+00 -2.245022e-02 8.400841e-04 9.997475e-01 2.448696e+01
9.999968e-01 1.758356e-04 -2.506447e-03 8.967180e+00 -1.755631e-04 1.000000e+00 1.089494e-04 -1.116914e+00 2.506475e-03 -1.085090e-04 9.999968e-01 2.466621e+01
9.995895e-01 -6.325362e-04 2.864193e-02 9.049386e+00 6.612130e-04 9.999993e-01 -9.917560e-04 -1.122548e+00 -2.864127e-02 1.010287e-03 9.995891e-01 2.482451e+01
9.999944e-01 1.964869e-04 -3.347386e-03 9.130625e+00 -1.960586e-04 1.000000e+00 1.282666e-04 -1.128334e+00 3.347426e-03 -1.276098e-04 9.999943e-01 2.498768e+01
9.995487e-01 -6.557701e-04 3.003275e-02 9.206867e+00 6.869055e-04 9.999992e-01 -1.026409e-03 -1.133895e+00 -3.003203e-02 1.046575e-03 9.995483e-01 2.514937e+01
9.999995e-01 1.308128e-04 9.720440e-04 9.284930e+00 -1.307940e-04 1.000000e+00 -1.934009e-05 -1.138681e+00 -9.720265e-04 1.921255e-05 9.999994e-01 2.529748e+01
9.993467e-01 -7.902455e-04 3.613322e-02 9.368013e+00 8.335652e-04 9.999990e-01 -1.183839e-03 -1.142981e+00 -3.613223e-02 1.213185e-03 9.993462e-01 2.544477e+01
9.999998e-01 1.324640e-04 -5.565092e-04 9.459142e+00 -1.324425e-04 1.000000e+00 3.840728e-05 -1.147740e+00 5.565413e-04 -3.833421e-05 9.999997e-01 2.559835e+01
9.996206e-01 -6.218618e-04 2.753816e-02 9.544870e+00 6.478792e-04 9.999994e-01 -9.358606e-04 -1.153081e+00 -2.753753e-02 9.533461e-04 9.996202e-01 2.574558e+01
9.999974e-01 1.748211e-04 -2.280367e-03 9.630355e+00 -1.746439e-04 1.000000e+00 7.783291e-05 -1.158827e+00 2.280413e-03 -7.743527e-05 9.999973e-01 2.590429e+01
9.994978e-01 -7.036164e-04 3.167965e-02 9.706418e+00 7.369136e-04 9.999992e-01 -1.039392e-03 -1.163654e+00 -3.167885e-02 1.062214e-03 9.994974e-01 2.604388e+01
9.999889e-01 2.168801e-04 -4.698427e-03 9.788026e+00 -2.162023e-04 1.000000e+00 1.447224e-04 -1.168830e+00 4.698495e-03 -1.437060e-04 9.999889e-01 2.618637e+01
9.993278e-01 -7.731289e-04 3.665224e-02 9.862208e+00 8.171178e-04 9.999990e-01 -1.185200e-03 -1.173100e+00 -3.665124e-02 1.214351e-03 9.993273e-01 2.631486e+01
9.999900e-01 1.931313e-04 -4.475623e-03 9.942421e+00 -1.924804e-04 1.000000e+00 1.458016e-04 -1.177439e+00 4.475694e-03 -1.449399e-04 9.999899e-01 2.644298e+01
9.994310e-01 -7.282536e-04 3.372293e-02 1.004090e+01 7.657842e-04 9.999991e-01 -1.100000e-03 -1.182251e+00 -3.372205e-02 1.125198e-03 9.994305e-01 2.657324e+01
9.999458e-01 3.010320e-04 -1.040817e-02 1.015472e+01 -2.978066e-04 9.999999e-01 3.113981e-04 -1.188494e+00 1.040831e-02 -3.082830e-04 9.999457e-01 2.673268e+01
9.991885e-01 -8.284527e-04 4.026911e-02 1.025072e+01 8.810378e-04 9.999988e-01 -1.288104e-03 -1.193118e+00 -4.026795e-02 1.322536e-03 9.991879e-01 2.685960e+01
9.998833e-01 3.697496e-04 -1.527186e-02 1.033370e+01 -3.624471e-04 9.999998e-01 4.809001e-04 -1.197898e+00 1.527209e-02 -4.753103e-04 9.998832e-01 2.697103e+01
9.994731e-01 -6.582141e-04 3.245043e-02 1.041921e+01 6.935680e-04 9.999992e-01 -1.078214e-03 -1.203673e+00 -3.244964e-02 1.100151e-03 9.994727e-01 2.709270e+01
9.999072e-01 3.511467e-04 -1.361980e-02 1.050071e+01 -3.454152e-04 9.999999e-01 4.231303e-04 -1.209123e+00 1.362001e-02 -4.183883e-04 9.999071e-01 2.721096e+01
9.991047e-01 -8.771276e-04 4.229574e-02 1.057892e+01 9.342992e-04 9.999987e-01 -1.331950e-03 -1.213410e+00 -4.229446e-02 1.370273e-03 9.991042e-01 2.731958e+01
9.998506e-01 4.297932e-04 -1.728037e-02 1.066721e+01 -4.209193e-04 9.999998e-01 5.171219e-04 -1.218461e+00 1.728065e-02 -5.097729e-04 9.998505e-01 2.744467e+01
9.992084e-01 -7.804029e-04 3.977265e-02 1.075065e+01 8.321523e-04 9.999988e-01 -1.284577e-03 -1.223906e+00 -3.977154e-02 1.316656e-03 9.992078e-01 2.758212e+01
9.999416e-01 2.552785e-04 -1.080079e-02 1.082585e+01 -2.515013e-04 9.999999e-01 3.509939e-04 -1.228680e+00 1.080094e-02 -3.482591e-04 9.999415e-01 2.771626e+01
9.993147e-01 -7.049288e-04 3.700713e-02 1.091248e+01 7.508536e-04 9.999990e-01 -1.227068e-03 -1.234150e+00 -3.700616e-02 1.254012e-03 9.993142e-01 2.786744e+01
9.999185e-01 2.878383e-04 -1.276102e-02 1.100102e+01 -2.826380e-04 9.999999e-01 4.092442e-04 -1.239866e+00 1.276120e-02 -4.056063e-04 9.999184e-01 2.802022e+01
9.995357e-01 -5.959434e-04 3.046398e-02 1.107114e+01 6.268967e-04 9.999993e-01 -1.006493e-03 -1.245968e+00 -3.046329e-02 1.025121e-03 9.995353e-01 2.816497e+01
9.997550e-01 4.983124e-04 -2.212774e-02 1.113301e+01 -4.835619e-04 9.999997e-01 6.719038e-04 -1.253357e+00 2.212814e-02 -6.610414e-04 9.997548e-01 2.833518e+01
9.994996e-01 -6.170946e-04 3.162373e-02 1.120737e+01 6.501536e-04 9.999993e-01 -1.035086e-03 -1.260826e+00 -3.162300e-02 1.055126e-03 9.994992e-01 2.850515e+01
9.997971e-01 4.867405e-04 -2.013919e-02 1.127299e+01 -4.750661e-04 9.999997e-01 5.844132e-04 -1.267444e+00 2.013954e-02 -5.747295e-04 9.997969e-01 2.865474e+01
9.992694e-01 -8.005378e-04 3.820956e-02 1.136259e+01 8.466835e-04 9.999989e-01 -1.191510e-03 -1.273978e+00 -3.820849e-02 1.222989e-03 9.992690e-01 2.881269e+01
9.995948e-01 6.729725e-04 -2.845531e-02 1.144576e+01 -6.497644e-04 9.999994e-01 8.247941e-04 -1.281811e+00 2.845592e-02 -8.059731e-04 9.995946e-01 2.899939e+01
9.993798e-01 -7.488345e-04 3.520559e-02 1.151285e+01 7.877394e-04 9.999991e-01 -1.091192e-03 -1.289754e+00 -3.520467e-02 1.118246e-03 9.993794e-01 2.918625e+01
9.995364e-01 7.038256e-04 -3.043670e-02 1.159003e+01 -6.767831e-04 9.999994e-01 8.987356e-04 -1.297818e+00 3.043739e-02 -8.777225e-04 9.995362e-01 2.935876e+01
9.994295e-01 -7.166442e-04 3.376537e-02 1.165092e+01 7.523160e-04 9.999992e-01 -1.043736e-03 -1.304948e+00 -3.376452e-02 1.068541e-03 9.994292e-01 2.949429e+01
9.994836e-01 7.204531e-04 -3.212518e-02 1.173743e+01 -6.901127e-04 9.999993e-01 9.554829e-04 -1.312501e+00 3.212592e-02 -9.328220e-04 9.994833e-01 2.962197e+01
9.995219e-01 -6.813300e-04 3.091022e-02 1.185799e+01 7.103960e-04 9.999993e-01 -9.293294e-04 -1.318312e+00 -3.090949e-02 9.508410e-04 9.995217e-01 2.964390e+01
9.994612e-01 7.471115e-04 -3.281224e-02 1.198268e+01 -7.148304e-04 9.999992e-01 9.954945e-04 -1.323259e+00 3.281303e-02 -9.715055e-04 9.994610e-01 2.962334e+01
9.995875e-01 -6.271153e-04 2.871127e-02 1.212119e+01 6.510169e-04 9.999994e-01 -8.231040e-04 -1.327419e+00 -2.871067e-02 8.414535e-04 9.995873e-01 2.955874e+01
9.994854e-01 7.178105e-04 -3.206850e-02 1.226015e+01 -6.875988e-04 9.999993e-01 9.530784e-04 -1.331537e+00 3.206924e-02 -9.305401e-04 9.994851e-01 2.949416e+01
9.996074e-01 -5.734198e-04 2.801395e-02 1.240525e+01 5.950236e-04 9.999995e-01 -7.628131e-04 -1.335771e+00 -2.801343e-02 7.791800e-04 9.996072e-01 2.943197e+01
9.994719e-01 6.995715e-04 -3.248801e-02 1.254869e+01 -6.684400e-04 9.999993e-01 9.690622e-04 -1.341746e+00 3.248874e-02 -9.468366e-04 9.994716e-01 2.945024e+01
9.996984e-01 -4.730558e-04 2.455194e-02 1.271998e+01 4.872534e-04 9.999997e-01 -5.722476e-04 -1.347450e+00 -2.455159e-02 5.840356e-04 9.996983e-01 2.944948e+01
9.994371e-01 7.153402e-04 -3.353923e-02 1.283785e+01 -6.830716e-04 9.999993e-01 9.735308e-04 -1.353274e+00 3.353998e-02 -9.500756e-04 9.994368e-01 2.947735e+01
9.996154e-01 -5.829060e-04 2.772585e-02 1.291620e+01 6.035875e-04 9.999995e-01 -7.375297e-04 -1.359939e+00 -2.772534e-02 7.539786e-04 9.996152e-01 2.955531e+01
9.993753e-01 7.551366e-04 -3.533406e-02 1.295975e+01 -7.189827e-04 9.999992e-01 1.035868e-03 -1.366285e+00 3.533488e-02 -1.009819e-03 9.993749e-01 2.964146e+01
9.994679e-01 -6.975032e-04 3.261034e-02 1.302762e+01 7.283091e-04 9.999993e-01 -9.327681e-04 -1.373894e+00 -3.260960e-02 9.560198e-04 9.994676e-01 2.976983e+01
9.994224e-01 7.299801e-04 -3.397483e-02 1.318969e+01 -6.971320e-04 9.999993e-01 9.786417e-04 -1.379091e+00 3.397559e-02 -9.543938e-04 9.994221e-01 2.974484e+01
9.995640e-01 -5.766802e-04 2.952018e-02 1.342405e+01 5.985982e-04 9.999996e-01 -7.336087e-04 -1.379618e+00 -2.951967e-02 7.509572e-04 9.995638e-01 2.947894e+01
9.993875e-01 7.222788e-04 -3.498629e-02 1.368711e+01 -6.863209e-04 9.999992e-01 1.039739e-03 -1.379367e+00 3.498708e-02 -1.015093e-03 9.993872e-01 2.916844e+01
9.995312e-01 -5.726432e-04 3.061027e-02 1.395767e+01 5.966694e-04 9.999995e-01 -7.757489e-04 -1.378769e+00 -3.060974e-02 7.936472e-04 9.995310e-01 2.883907e+01
9.993250e-01 8.198670e-04 -3.672636e-02 1.421210e+01 -7.781913e-04 9.999990e-01 1.149016e-03 -1.380779e+00 3.672733e-02 -1.119662e-03 9.993246e-01 2.863374e+01
9.995210e-01 -6.849380e-04 3.093903e-02 1.448176e+01 7.106223e-04 9.999994e-01 -8.191429e-04 -1.380971e+00 -3.093838e-02 8.407343e-04 9.995209e-01 2.834133e+01
9.993830e-01 8.548640e-04 -3.511254e-02 1.475993e+01 -8.171005e-04 9.999991e-01 1.089805e-03 -1.379930e+00 3.511351e-02 -1.060444e-03 9.993827e-01 2.798702e+01
9.995514e-01 -6.488305e-04 2.994181e-02 1.502546e+01 6.719166e-04 9.999995e-01 -7.609499e-04 -1.380817e+00 -2.994123e-02 7.807248e-04 9.995513e-01 2.772895e+01
9.992140e-01 9.753960e-04 -3.962769e-02 1.530105e+01 -9.234623e-04 9.999987e-01 1.328800e-03 -1.382979e+00 3.962900e-02 -1.291163e-03 9.992135e-01 2.753381e+01
9.997279e-01 -4.917349e-04 2.331913e-02 1.553949e+01 5.035377e-04 9.999997e-01 -5.002408e-04 -1.386448e+00 -2.331881e-02 5.118447e-04 9.997279e-01 2.742823e+01
