1.000000e+00 -3.760874e-05 -2.511038e-04 -2.095995e-01 3.760427e-05 1.000000e+00 -1.786547e-05 1.554784e-03 2.511045e-04 1.785651e-05 9.999999e-01 1.839631e-01
1.000000e+00 -1.541324e-05 -2.861902e-05 -1.976840e-01 1.541539e-05 1.000000e+00 7.451573e-05 -1.912163e-02 2.861786e-05 -7.451569e-05 9.999999e-01 9.576363e-01
9.999236e-01 3.050296e-04 -1.235990e-02 -1.694340e-01 -2.997744e-04 9.999999e-01 4.270306e-04 -3.286668e-02 1.236003e-02 -4.232922e-04 9.999234e-01 1.422898e+00
1.000000e+00 -6.753801e-06 -4.824417e-05 -5.672828e-02 6.756650e-06 1.000000e+00 5.853530e-05 -4.461524e-02 4.824129e-05 -5.853504e-05 9.999999e-01 1.695258e+00
9.996610e-01 6.929876e-04 -2.602559e-02 -3.896235e-02 -6.678226e-04 9.999993e-01 9.756109e-04 -5.799860e-02 2.602624e-02 -9.578991e-04 9.996607e-01 2.165041e+00
9.999841e-01 -1.485612e-04 5.637538e-03 -1.465246e-01 1.495894e-04 1.000000e+00 -1.819636e-04 -6.117103e-02 -5.637518e-03 1.828047e-04 9.999840e-01 2.438766e+00
9.998756e-01 3.950640e-04 -1.576742e-02 -2.763900e-01 -3.863116e-04 9.999998e-01 5.581296e-04 -5.537851e-02 1.576762e-02 -5.519682e-04 9.998754e-01 2.359528e+00
9.999697e-01 -2.227537e-04 7.783054e-03 -3.109460e-01 2.246075e-04 9.999999e-01 -2.372930e-04 -7.035533e-02 -7.783009e-03 2.390348e-04 9.999696e-01 2.968812e+00
9.997774e-01 5.397478e-04 -2.109094e-02 -3.608896e-01 -5.226949e-04 9.999995e-01 8.140462e-04 -8.879512e-02 2.109136e-02 -8.028400e-04 9.997771e-01 3.732025e+00
9.999575e-01 -2.464595e-04 9.213780e-03 -4.433315e-01 2.498102e-04 9.999999e-01 -3.625090e-04 -9.883981e-02 -9.213701e-03 3.647962e-04 9.999574e-01 4.214630e+00
9.999015e-01 3.422871e-04 -1.403205e-02 -6.068105e-01 -3.353365e-04 9.999998e-01 4.976773e-04 -9.460128e-02 1.403221e-02 -4.929218e-04 9.999013e-01 4.229452e+00
9.999020e-01 -3.724169e-04 1.399176e-02 -8.509685e-01 3.802059e-04 9.999998e-01 -5.540261e-04 -8.328767e-02 -1.399157e-02 5.592925e-04 9.999019e-01 4.060136e+00
9.998730e-01 3.747604e-04 -1.593437e-02 -9.147595e-01 -3.646226e-04 9.999997e-01 6.391193e-04 -9.692491e-02 1.593459e-02 -6.332271e-04 9.998727e-01 4.648842e+00
9.999649e-01 -2.230603e-04 8.376120e-03 -9.739461e-01 2.256134e-04 9.999999e-01 -3.038613e-04 -1.182242e-01 -8.376065e-03 3.057414e-04 9.999648e-01 5.549648e+00
9.996127e-01 7.097241e-04 -2.782165e-02 -1.019552e+00 -6.794971e-04 9.999992e-01 1.095892e-03 -1.316486e-01 2.782239e-02 -1.076562e-03 9.996122e-01 6.088865e+00
9.999847e-01 -1.135308e-04 5.528843e-03 -9.393535e-01 1.149890e-04 1.000000e+00 -2.634031e-04 -1.316735e-01 -5.528830e-03 2.640360e-04 9.999846e-01 5.954253e+00
9.996866e-01 6.036959e-04 -2.502762e-02 -8.927514e-01 -5.790893e-04 9.999993e-01 9.904105e-04 -1.242602e-01 2.502818e-02 -9.756057e-04 9.996862e-01 5.557445e+00
9.999951e-01 -4.655972e-05 3.136832e-03 -8.926228e-01 4.715637e-05 1.000000e+00 -1.900837e-04 -1.159114e-01 -3.136844e-03 1.902319e-04 9.999950e-01 5.184313e+00
9.996114e-01 6.844073e-04 -2.786817e-02 -8.138555e-01 -6.534159e-04 9.999992e-01 1.121157e-03 -1.142625e-01 2.786889e-02 -1.102511e-03 9.996109e-01 4.970620e+00
9.999847e-01 2.030502e-04 -5.520531e-03 -7.816910e-01 -2.021819e-04 1.000000e+00 1.577994e-04 -1.144857e-01 5.520536e-03 -1.566794e-04 9.999847e-01 4.901179e+00
1.000000e+00 -1.053974e-04 1.205995e-04 -7.243485e-01 1.053960e-04 1.000000e+00 1.307714e-05 -1.201864e-01 -1.206281e-04 -1.306296e-05 9.999999e-01 5.022187e+00
9.999961e-01 1.342608e-04 -2.797021e-03 -8.217631e-01 -1.341791e-04 1.000000e+00 2.930774e-05 -1.130810e-01 2.796998e-03 -2.893086e-05 9.999960e-01 4.825135e+00
9.998490e-01 3.805116e-04 -1.737307e-02 -8.904520e-01 -3.683037e-04 9.999997e-01 7.058712e-04 -1.096946e-01 1.737331e-02 -6.993645e-04 9.998487e-01 4.733691e+00
9.999804e-01 2.145675e-04 -6.254454e-03 -6.852498e-01 -2.135215e-04 1.000000e+00 1.678638e-04 -1.207275e-01 6.254458e-03 -1.665234e-04 9.999803e-01 4.827982e+00
9.995621e-01 7.381570e-04 -2.958242e-02 -6.333836e-01 -7.030639e-04 9.999990e-01 1.196655e-03 -1.280190e-01 2.958324e-02 -1.175331e-03 9.995615e-01 4.996832e+00
9.999742e-01 -1.503111e-04 7.186862e-03 -6.482471e-01 1.528734e-04 9.999999e-01 -3.559304e-04 -1.403847e-01 -7.186845e-03 3.570217e-04 9.999740e-01 5.467312e+00
9.999572e-01 1.418711e-04 -9.246203e-03 -6.391675e-01 -1.376550e-04 9.999999e-01 4.565745e-04 -1.593163e-01 9.246229e-03 -4.552804e-04 9.999571e-01 6.160287e+00
9.999685e-01 -1.315720e-04 7.934234e-03 -1.628134e-01 1.350342e-04 9.999999e-01 -4.357874e-04 -1.773010e-01 -7.934213e-03 4.368469e-04 9.999683e-01 6.155337e+00
9.999641e-01 1.090093e-04 -8.472046e-03 2.770965e-01 -1.054407e-04 9.999999e-01 4.216244e-04 -1.821567e-01 8.472053e-03 -4.207142e-04 9.999639e-01 5.731509e+00
9.999585e-01 -1.465114e-04 9.112774e-03 -1.735913e-01 1.514197e-04 9.999998e-01 -5.378837e-04 -1.472304e-01 -9.112732e-03 5.392430e-04 9.999582e-01 4.885294e+00
9.999623e-01 1.076339e-04 -8.685710e-03 -5.881250e-01 -1.038653e-04 9.999999e-01 4.343022e-04 -1.140590e-01 8.685718e-03 -4.333819e-04 9.999621e-01 4.066602e+00
9.999570e-01 -1.358276e-04 9.271768e-03 -1.184036e+00 1.409388e-04 9.999998e-01 -5.505652e-04 -6.083068e-02 -9.271730e-03 5.518501e-04 9.999568e-01 2.687687e+00
9.999494e-01 1.364608e-04 -1.005528e-02 -1.685014e+00 -1.315628e-04 9.999999e-01 4.877288e-04 -1.873317e-02 1.005530e-02 -4.863795e-04 9.999492e-01 1.615793e+00
9.999544e-01 -1.455952e-04 9.548064e-03 -2.144546e+00 1.509892e-04 9.999998e-01 -5.641741e-04 1.571804e-02 -9.548018e-03 5.655918e-04 9.999542e-01 7.908413e-01
9.999484e-01 1.436396e-04 -1.015249e-02 -2.731218e+00 -1.386725e-04 9.999999e-01 4.899157e-04 6.640473e-02 1.015252e-02 -4.884808e-04 9.999482e-01 -5.064316e-01
9.999478e-01 -1.630703e-04 1.021634e-02 -3.289163e+00 1.690099e-04 9.999998e-01 -5.804931e-04 1.214639e-01 -1.021628e-02 5.821912e-04 9.999475e-01 -2.006103e+00
9.999456e-01 1.534793e-04 -1.043165e-02 -3.907589e+00 -1.483113e-04 9.999999e-01 4.961558e-04 1.820212e-01 1.043169e-02 -4.945799e-04 9.999454e-01 -3.648065e+00
9.999495e-01 -1.518006e-04 1.004807e-02 -4.584227e+00 1.577179e-04 9.999998e-01 -5.880697e-04 2.361092e-01 -1.004802e-02 5.896265e-04 9.999492e-01 -4.966418e+00
9.999455e-01 1.444791e-04 -1.043785e-02 -5.116460e+00 -1.392380e-04 9.999999e-01 5.028180e-04 2.753453e-01 1.043789e-02 -5.013355e-04 9.999453e-01 -5.883944e+00
9.999427e-01 -1.598055e-04 1.070476e-02 -5.786804e+00 1.663386e-04 9.999998e-01 -6.093750e-04 3.146337e-01 -1.070470e-02 6.111224e-04 9.999424e-01 -6.616786e+00
9.999467e-01 1.393700e-04 -1.032003e-02 -6.442870e+00 -1.341220e-04 9.999999e-01 5.091788e-04 3.501257e-01 1.032006e-02 -5.077659e-04 9.999465e-01 -7.207748e+00
9.999307e-01 -2.190723e-04 1.177418e-02 -6.870345e+00 2.262416e-04 9.999998e-01 -6.075386e-04 3.714232e-01 -1.177408e-02 6.101620e-04 9.999304e-01 -7.497308e+00
9.999866e-01 9.902039e-06 -5.182597e-03 -7.187828e+00 -7.906702e-06 9.999999e-01 3.849650e-04 3.783920e-01 5.182564e-03 -3.849172e-04 9.999864e-01 -7.337880e+00
9.999654e-01 -1.441382e-04 8.312397e-03 -7.615206e+00 1.485654e-04 9.999998e-01 -5.319392e-04 3.994683e-01 -8.312355e-03 5.331574e-04 9.999652e-01 -7.613112e+00
9.999747e-01 7.402937e-05 -7.106410e-03 -8.027608e+00 -7.095799e-05 9.999999e-01 4.324046e-04 4.206550e-01 7.106405e-03 -4.318878e-04 9.999746e-01 -7.922956e+00
9.999660e-01 -1.481826e-04 8.246788e-03 -8.305203e+00 1.522612e-04 9.999999e-01 -4.939010e-04 4.264670e-01 -8.246750e-03 4.951415e-04 9.999658e-01 -7.780390e+00
9.999487e-01 1.553227e-04 -1.012435e-02 -8.577792e+00 -1.502259e-04 9.999999e-01 5.041455e-04 4.404346e-01 1.012439e-02 -5.025971e-04 9.999485e-01 -8.011883e+00
9.999997e-01 1.021579e-04 -8.159950e-04 -8.996790e+00 -1.022924e-04 1.000000e+00 -1.652183e-04 4.757806e-01 8.159406e-04 1.653034e-04 9.999996e-01 -8.904695e+00
9.999129e-01 2.459933e-04 -1.319631e-02 -9.434271e+00 -2.376908e-04 9.999998e-01 6.306985e-04 5.123663e-01 1.319643e-02 -6.275052e-04 9.999126e-01 -9.813591e+00
9.999985e-01 3.549788e-05 1.701670e-03 -9.798612e+00 -3.505812e-05 1.000000e+00 -2.582335e-04 5.433197e-01 -1.701719e-03 2.581752e-04 9.999984e-01 -1.059785e+01
9.999046e-01 2.563739e-04 -1.381211e-02 -1.009505e+01 -2.473374e-04 9.999998e-01 6.559233e-04 5.679359e-01 1.381224e-02 -6.524427e-04 9.999043e-01 -1.123101e+01
9.998264e-01 5.896455e-04 -1.862430e-02 -1.015480e+01 -5.787149e-04 9.999997e-01 5.922613e-04 5.746204e-01 1.862460e-02 -5.813785e-04 9.998263e-01 -1.146121e+01
9.999539e-01 1.475214e-04 -9.604571e-03 -1.018504e+01 -1.432163e-04 9.999999e-01 4.488768e-04 5.751558e-01 9.604590e-03 -4.474786e-04 9.999537e-01 -1.148517e+01
9.996474e-01 8.036195e-04 -2.653907e-02 -1.024085e+01 -7.787587e-04 9.999992e-01 9.470665e-04 5.742420e-01 2.653976e-02 -9.260631e-04 9.996472e-01 -1.142774e+01
9.996392e-01 6.530281e-04 -2.685166e-02 -1.026884e+01 -6.227454e-04 9.999992e-01 1.136100e-03 5.715809e-01 2.685233e-02 -1.118966e-03 9.996387e-01 -1.130837e+01
9.997937e-01 6.249349e-04 -2.030038e-02 -1.026474e+01 -6.111494e-04 9.999996e-01 6.852394e-04 5.689244e-01 2.030074e-02 -6.726893e-04 9.997936e-01 -1.124275e+01
9.996472e-01 6.216637e-04 -2.655264e-02 -1.021467e+01 -5.922796e-04 9.999992e-01 1.114459e-03 5.647296e-01 2.655324e-02 -1.098337e-03 9.996467e-01 -1.118711e+01
9.997490e-01 6.909005e-04 -2.239202e-02 -1.024607e+01 -6.736728e-04 9.999995e-01 7.768642e-04 5.626089e-01 2.239248e-02 -7.615818e-04 9.997489e-01 -1.110481e+01
9.994854e-01 7.892137e-04 -3.206609e-02 -1.028037e+01 -7.464494e-04 9.999988e-01 1.345549e-03 5.585162e-01 3.206704e-02 -1.320918e-03 9.994848e-01 -1.092846e+01
9.997799e-01 6.494787e-04 -2.096801e-02 -1.027709e+01 -6.343792e-04 9.999995e-01 7.267120e-04 5.528996e-01 2.096840e-02 -7.132477e-04 9.997798e-01 -1.075169e+01
9.993251e-01 9.172487e-04 -3.672275e-02 -1.032954e+01 -8.619092e-04 9.999985e-01 1.522724e-03 5.497542e-01 3.672401e-02 -1.490042e-03 9.993243e-01 -1.059197e+01
9.997901e-01 6.335003e-04 -2.047667e-02 -1.031322e+01 -6.189884e-04 9.999996e-01 7.149654e-04 5.438461e-01 2.047703e-02 -7.021377e-04 9.997900e-01 -1.042159e+01
9.994326e-01 8.448129e-04 -3.367032e-02 -1.033147e+01 -7.985075e-04 9.999987e-01 1.388638e-03 5.408488e-01 3.367137e-02 -1.360961e-03 9.994320e-01 -1.030574e+01
9.997995e-01 6.023906e-04 -2.001418e-02 -1.034927e+01 -5.884392e-04 9.999996e-01 7.028711e-04 5.375019e-01 2.001451e-02 -6.909501e-04 9.997994e-01 -1.019147e+01
9.992924e-01 9.755074e-04 -3.759926e-02 -1.040668e+01 -9.178034e-04 9.999984e-01 1.551896e-03 5.346893e-01 3.760062e-02 -1.516286e-03 9.992916e-01 -1.002907e+01
9.999067e-01 4.342494e-04 -1.364923e-02 -1.042284e+01 -4.280909e-04 9.999998e-01 4.539717e-04 5.288183e-01 1.364933e-02 -4.480832e-04 9.999067e-01 -9.802936e+00
9.992610e-01 9.819113e-04 -3.842417e-02 -1.044721e+01 -9.221190e-04 9.999983e-01 1.573751e-03 5.254519e-01 3.842556e-02 -1.537154e-03 9.992602e-01 -9.670298e+00
9.999143e-01 4.214024e-04 -1.307982e-02 -1.047034e+01 -4.159330e-04 9.999998e-01 4.207012e-04 5.261117e-01 1.307990e-02 -4.152217e-04 9.999143e-01 -9.686077e+00
9.995025e-01 7.854077e-04 -3.152950e-02 -1.049858e+01 -7.451309e-04 9.999989e-01 1.289091e-03 5.247029e-01 3.153038e-02 -1.264953e-03 9.995019e-01 -9.621191e+00
9.999154e-01 4.132442e-04 -1.299860e-02 -1.049021e+01 -4.076263e-04 9.999998e-01 4.346533e-04 5.244855e-01 1.299868e-02 -4.293149e-04 9.999154e-01 -9.655993e+00
9.993604e-01 9.086005e-04 -3.574621e-02 -1.052714e+01 -8.571028e-04 9.999986e-01 1.455876e-03 5.223558e-01 3.574738e-02 -1.424304e-03 9.993598e-01 -9.553404e+00
9.999999e-01 6.963652e-05 3.276642e-04 -1.061543e+01 -6.960999e-05 1.000000e+00 -7.282428e-05 5.178179e-01 -3.277683e-04 7.280451e-05 9.999999e-01 -9.266505e+00
9.997153e-01 5.510778e-04 -2.385414e-02 -1.068307e+01 -5.272364e-04 9.999994e-01 1.005630e-03 5.102048e-01 2.385458e-02 -9.927636e-04 9.997149e-01 -8.908729e+00
9.999845e-01 -6.095707e-05 5.556763e-03 -1.075815e+01 6.255469e-05 1.000000e+00 -2.868326e-04 5.018399e-01 -5.556845e-03 2.871788e-04 9.999845e-01 -8.509624e+00
9.999308e-01 -3.276561e-04 1.175646e-02 -1.075861e+01 3.306622e-04 9.999999e-01 -2.535208e-04 4.869982e-01 -1.175648e-02 2.573937e-04 9.999308e-01 -7.935611e+00
9.998995e-01 -2.098180e-04 1.417112e-02 -1.076837e+01 2.174880e-04 9.999998e-01 -5.395156e-04 4.689322e-01 -1.417110e-02 5.425465e-04 9.998994e-01 -7.195622e+00
9.999191e-01 -3.444423e-04 1.271424e-02 -1.079915e+01 3.483239e-04 9.999999e-01 -3.028742e-04 4.541933e-01 -1.271423e-02 3.072815e-04 9.999191e-01 -6.562947e+00
9.997548e-01 -3.441954e-04 2.213704e-02 -1.076284e+01 3.628162e-04 9.999996e-01 -8.370295e-04 4.428101e-01 -2.213684e-02 8.448591e-04 9.997545e-01 -6.162577e+00
9.999916e-01 -1.858104e-04 4.089161e-03 -1.072442e+01 1.857684e-04 1.000000e+00 1.126227e-05 4.262088e-01 -4.089261e-03 -1.049945e-05 9.999916e-01 -5.559021e+00
9.998045e-01 -3.059760e-04 1.976604e-02 -1.070447e+01 3.209462e-04 9.999997e-01 -7.540715e-04 4.091330e-01 -1.976590e-02 7.602710e-04 9.998043e-01 -4.910034e+00
9.999892e-01 -2.487300e-05 -4.646219e-03 -1.071747e+01 2.637081e-05 9.999999e-01 3.218009e-04 3.894043e-01 4.646114e-03 -3.219168e-04 9.999891e-01 -4.116228e+00
9.999284e-01 -1.570549e-04 1.196620e-02 -1.073089e+01 1.632454e-04 9.999999e-01 -5.161550e-04 3.708489e-01 -1.196622e-02 5.180745e-04 9.999282e-01 -3.377013e+00
9.999539e-01 8.846210e-05 -9.597817e-03 -1.066945e+01 -8.399251e-05 9.999999e-01 4.658471e-04 3.505948e-01 9.597761e-03 -4.650164e-04 9.999538e-01 -2.701286e+00
9.997882e-01 -3.093219e-04 2.057450e-02 -1.055494e+01 3.260921e-04 9.999996e-01 -8.116321e-04 3.302448e-01 -2.057434e-02 8.181725e-04 9.997879e-01 -2.087031e+00
9.999864e-01 -1.803964e-05 -5.212411e-03 -1.053536e+01 1.984747e-05 9.999999e-01 3.463414e-04 3.128130e-01 5.212309e-03 -3.464370e-04 9.999863e-01 -1.438827e+00
9.999608e-01 -8.926021e-05 8.850147e-03 -1.055344e+01 9.305063e-05 9.999999e-01 -4.276132e-04 2.954630e-01 -8.850203e-03 4.284231e-04 9.999607e-01 -7.495159e-01
9.999034e-01 1.792725e-04 -1.389527e-02 -1.058654e+01 -1.704963e-04 9.999998e-01 6.326177e-04 2.789979e-01 1.389528e-02 -6.301844e-04 9.999032e-01 -9.556415e-02
9.999712e-01 3.643100e-04 -7.570932e-03 -1.061875e+01 -3.627008e-04 9.999999e-01 2.136120e-04 2.651667e-01 7.570913e-03 -2.108568e-04 9.999713e-01 4.479240e-01
9.995799e-01 6.123090e-04 -2.897704e-02 -1.071136e+01 -5.771400e-04 9.999991e-01 1.221954e-03 2.561623e-01 2.897766e-02 -1.204713e-03 9.995793e-01 8.858120e-01
9.998848e-01 5.965476e-04 -1.516690e-02 -1.079813e+01 -5.885539e-04 9.999997e-01 5.313404e-04 2.485968e-01 1.516711e-02 -5.223495e-04 9.998848e-01 1.273449e+00
9.995969e-01 5.971978e-04 -2.838408e-02 -1.087822e+01 -5.646352e-04 9.999992e-01 1.155126e-03 2.456675e-01 2.838465e-02 -1.138631e-03 9.995964e-01 1.470722e+00
9.999885e-01 3.063114e-04 -4.783945e-03 -1.094983e+01 -3.057333e-04 9.999999e-01 1.210119e-04 2.395530e-01 4.783883e-03 -1.195448e-04 9.999885e-01 1.777076e+00
9.996968e-01 4.733779e-04 -2.461769e-02 -1.101427e+01 -4.481678e-04 9.999994e-01 1.029458e-03 2.308864e-01 2.461807e-02 -1.018110e-03 9.996964e-01 2.160132e+00
9.999155e-01 5.421403e-04 -1.298781e-02 -1.109200e+01 -5.365748e-04 9.999998e-01 4.317742e-04 2.259764e-01 1.298794e-02 -4.247657e-04 9.999155e-01 2.425155e+00
9.999097e-01 1.515137e-04 -1.343495e-02 -1.114298e+01 -1.434646e-04 9.999998e-01 5.998623e-04 2.151152e-01 1.343494e-02 -5.978777e-04 9.999095e-01 2.885412e+00
9.999854e-01 3.243997e-04 -5.391456e-03 -1.121133e+01 -3.236137e-04 9.999999e-01 1.460998e-04 2.010659e-01 5.391403e-03 -1.443499e-04 9.999854e-01 3.501244e+00
9.999999e-01 -2.278333e-04 1.151047e-04 -1.119343e+01 2.278331e-04 1.000000e+00 2.781687e-05 1.879999e-01 -1.152110e-04 -2.778763e-05 9.999999e-01 3.937838e+00
9.999998e-01 1.875233e-04 5.579851e-04 -1.101948e+01 -1.874770e-04 1.000000e+00 -7.756978e-05 1.738932e-01 -5.580996e-04 7.746816e-05 9.999998e-01 4.203980e+00
9.999996e-01 -2.531351e-04 7.872754e-04 -1.101059e+01 2.531032e-04 1.000000e+00 4.444518e-05 1.582317e-01 -7.873866e-04 -4.424288e-05 9.999996e-01 4.773774e+00
9.999996e-01 1.983510e-04 -8.684015e-04 -1.102220e+01 -1.983560e-04 1.000000e+00 -9.069754e-06 1.405187e-01 8.682997e-04 9.245009e-06 9.999996e-01 5.460183e+00
9.999994e-01 -2.536527e-04 1.003571e-03 -1.101753e+01 2.536245e-04 1.000000e+00 3.126375e-05 1.228582e-01 -1.003679e-03 -3.100618e-05 9.999994e-01 6.118700e+00
9.999993e-01 2.007819e-04 -1.150543e-03 -1.100734e+01 -2.007676e-04 1.000000e+00 9.869874e-06 1.038084e-01 1.150445e-03 -9.635861e-06 9.999993e-01 6.826927e+00
9.999988e-01 -2.563347e-04 1.492180e-03 -1.099170e+01 2.563420e-04 1.000000e+00 -2.668231e-06 8.660600e-02 -1.492279e-03 3.053773e-06 9.999988e-01 7.447266e+00
9.999996e-01 1.954507e-04 -8.620705e-04 -1.094808e+01 -1.954620e-04 1.000000e+00 -1.652964e-05 7.187425e-02 8.619673e-04 1.670116e-05 9.999996e-01 7.927322e+00
9.999992e-01 -2.497983e-04 1.220527e-03 -1.090320e+01 2.497730e-04 1.000000e+00 2.341848e-05 5.381503e-02 -1.220633e-03 -2.311057e-05 9.999992e-01 8.536710e+00
9.999993e-01 1.875330e-04 -1.136156e-03 -1.091267e+01 -1.874937e-04 1.000000e+00 3.200444e-05 3.295907e-02 1.136062e-03 -3.178837e-05 9.999993e-01 9.354232e+00
9.999992e-01 -2.511104e-04 1.215441e-03 -1.094648e+01 2.510778e-04 1.000000e+00 2.948757e-05 1.241028e-02 -1.215548e-03 -2.917932e-05 9.999992e-01 1.019925e+01
9.999999e-01 1.692656e-04 -1.444515e-04 -1.096339e+01 -1.692671e-04 1.000000e+00 -3.117404e-05 -4.786855e-03 1.443463e-04 3.120153e-05 9.999999e-01 1.087798e+01
9.999850e-01 -3.059344e-04 5.464611e-03 -1.091205e+01 3.065418e-04 9.999999e-01 -1.097598e-04 -2.577838e-02 -5.464677e-03 1.114364e-04 9.999850e-01 1.160650e+01
9.999891e-01 2.456501e-04 -4.656408e-03 -1.086385e+01 -2.450903e-04 1.000000e+00 1.201491e-04 -4.661016e-02 4.656337e-03 -1.190035e-04 9.999891e-01 1.232721e+01
9.999814e-01 -3.138104e-04 6.090077e-03 -1.079730e+01 3.145530e-04 9.999999e-01 -1.204721e-04 -6.933746e-02 -6.090138e-03 1.223886e-04 9.999814e-01 1.309933e+01
9.999859e-01 2.673475e-04 -5.299069e-03 -1.059730e+01 -2.666836e-04 1.000000e+00 1.254198e-04 -9.414111e-02 5.299003e-03 -1.240017e-04 9.999859e-01 1.375623e+01
9.999183e-01 -4.437724e-04 1.277001e-02 -1.053026e+01 4.481091e-04 9.999998e-01 -3.365017e-04 -1.153760e-01 -1.276996e-02 3.421997e-04 9.999184e-01 1.447352e+01
9.999971e-01 1.214028e-04 2.377667e-03 -1.047101e+01 -1.211040e-04 1.000000e+00 -1.245806e-04 -1.359808e-01 -2.377782e-03 1.242954e-04 9.999971e-01 1.519360e+01
9.999991e-01 -2.340795e-04 1.271021e-03 -1.044227e+01 2.339889e-04 1.000000e+00 7.383377e-05 -1.601843e-01 -1.271138e-03 -7.353319e-05 9.999991e-01 1.609195e+01
9.999986e-01 1.238005e-04 1.628027e-03 -1.043717e+01 -1.236308e-04 1.000000e+00 -1.024989e-04 -1.829281e-01 -1.628140e-03 1.023006e-04 9.999986e-01 1.696722e+01
9.999999e-01 -2.120867e-04 3.230455e-04 -1.041970e+01 2.120618e-04 1.000000e+00 8.635632e-05 -2.036099e-01 -3.231637e-04 -8.628468e-05 9.999999e-01 1.773417e+01
9.999953e-01 9.958846e-05 3.034155e-03 -1.040063e+01 -9.913303e-05 1.000000e+00 -1.492620e-04 -2.247530e-01 -3.034270e-03 1.489636e-04 9.999953e-01 1.851902e+01
9.999968e-01 -1.701298e-04 -2.517605e-03 -1.042813e+01 1.705857e-04 1.000000e+00 1.796673e-04 -2.432830e-01 2.517474e-03 -1.800931e-04 9.999968e-01 1.926951e+01
9.999669e-01 3.477521e-07 8.129470e-03 -1.046363e+01 2.166180e-06 1.000000e+00 -3.088570e-04 -2.623481e-01 -8.129570e-03 3.088676e-04 9.999669e-01 2.006475e+01
9.999999e-01 -2.060212e-04 -3.115258e-04 -1.045966e+01 2.060550e-04 1.000000e+00 9.900495e-05 -2.819681e-01 3.114056e-04 -9.906597e-05 9.999999e-01 2.081860e+01
9.999793e-01 5.322054e-05 6.423466e-03 -1.042236e+01 -5.162485e-05 1.000000e+00 -2.481154e-04 -3.051736e-01 -6.423579e-03 2.477819e-04 9.999793e-01 2.166382e+01
9.999828e-01 -1.297099e-04 -5.854036e-03 -1.047722e+01 1.310934e-04 1.000000e+00 2.354626e-04 -3.156726e-01 5.853905e-03 -2.362228e-04 9.999828e-01 2.213282e+01
9.999809e-01 6.073046e-05 6.166268e-03 -1.052034e+01 -5.923562e-05 1.000000e+00 -2.421184e-04 -3.249799e-01 -6.166382e-03 2.417517e-04 9.999809e-01 2.253896e+01
9.999871e-01 -1.370794e-04 -5.061807e-03 -1.050757e+01 1.384420e-04 1.000000e+00 2.682658e-04 -3.472242e-01 5.061670e-03 -2.689599e-04 9.999871e-01 2.337825e+01
9.999785e-01 6.437314e-05 6.545164e-03 -1.044102e+01 -6.270489e-05 1.000000e+00 -2.546283e-04 -3.721831e-01 -6.545280e-03 2.542156e-04 9.999785e-01 2.424496e+01
9.999833e-01 -1.397111e-04 -5.770977e-03 -1.043372e+01 1.415473e-04 9.999999e-01 3.172555e-04 -3.972335e-01 5.770832e-03 -3.180639e-04 9.999832e-01 2.521228e+01
9.999748e-01 5.518653e-05 7.085718e-03 -1.043818e+01 -5.304060e-05 1.000000e+00 -3.026145e-04 -4.179753e-01 -7.085834e-03 3.022342e-04 9.999748e-01 2.601852e+01
9.999940e-01 -1.681774e-04 -3.450022e-03 -1.034468e+01 1.688640e-04 1.000000e+00 1.978534e-04 -4.361265e-01 3.449889e-03 -1.984316e-04 9.999940e-01 2.656403e+01
9.999649e-01 3.112646e-05 8.378714e-03 -1.028206e+01 -2.833708e-05 9.999999e-01 -3.326734e-04 -4.564293e-01 -8.378824e-03 3.324275e-04 9.999648e-01 2.724666e+01
9.999724e-01 -8.765465e-05 -7.418863e-03 -1.013904e+01 9.020879e-05 9.999999e-01 3.435460e-04 -4.812875e-01 7.418733e-03 -3.442025e-04 9.999724e-01 2.799595e+01
9.998844e-01 -8.301643e-05 1.519934e-02 -1.001065e+01 9.140521e-05 9.999998e-01 -5.510253e-04 -5.085627e-01 -1.519939e-02 5.523542e-04 9.998843e-01 2.886950e+01
9.999948e-01 -2.943994e-04 3.208127e-03 -9.846769e+00 2.944722e-04 1.000000e+00 -2.129933e-05 -5.315961e-01 -3.208220e-03 2.224718e-05 9.999948e-01 2.953281e+01
9.999094e-01 -6.002344e-05 1.345892e-02 -9.782619e+00 6.638403e-05 9.999999e-01 -4.719290e-04 -5.551016e-01 -1.345899e-02 4.727829e-04 9.999093e-01 3.036172e+01
9.999997e-01 -2.433229e-04 7.174760e-04 -9.638421e+00 2.433040e-04 1.000000e+00 3.045272e-05 -5.766394e-01 -7.175822e-04 -3.027487e-05 9.999997e-01 3.098701e+01
9.999282e-01 -4.350161e-05 1.197919e-02 -9.591212e+00 4.837369e-05 9.999999e-01 -4.061839e-04 -5.977558e-01 -1.197927e-02 4.067375e-04 9.999281e-01 3.174094e+01
9.999972e-01 -2.767311e-04 2.340001e-03 -9.546550e+00 2.767542e-04 1.000000e+00 -8.387874e-06 -6.200020e-01 -2.340097e-03 9.038754e-06 9.999972e-01 3.254852e+01
9.999580e-01 3.305588e-05 9.163313e-03 -9.438449e+00 -2.998204e-05 9.999999e-01 -3.352828e-04 -6.437659e-01 -9.163422e-03 3.349972e-04 9.999579e-01 3.331184e+01
9.999999e-01 -1.917318e-04 -1.519345e-04 -9.112882e+00 1.917437e-04 1.000000e+00 6.062032e-05 -6.736286e-01 1.518248e-04 -6.064614e-05 9.999999e-01 3.401489e+01
9.999839e-01 9.638370e-05 5.670780e-03 -8.779788e+00 -9.519232e-05 1.000000e+00 -2.098766e-04 -7.051425e-01 -5.670898e-03 2.093367e-04 9.999838e-01 3.477665e+01
9.999999e-01 -2.513408e-04 2.174872e-04 -8.756492e+00 2.513255e-04 1.000000e+00 8.277285e-05 -7.293256e-01 -2.176058e-04 -8.271486e-05 9.999999e-01 3.568767e+01
9.999811e-01 5.905372e-05 6.146155e-03 -8.763565e+00 -5.744220e-05 1.000000e+00 -2.619313e-04 -7.444961e-01 -6.146268e-03 2.615766e-04 9.999810e-01 3.628405e+01
9.999907e-01 -3.281592e-04 4.299335e-03 -8.873481e+00 3.284075e-04 9.999999e-01 -5.641984e-05 -7.534216e-01 -4.299414e-03 5.783459e-05 9.999907e-01 3.677792e+01
9.999516e-01 1.823832e-06 9.838716e-03 -8.878663e+00 1.432199e-06 9.999999e-01 -3.306603e-04 -7.762487e-01 -9.838813e-03 3.306617e-04 9.999515e-01 3.769074e+01
9.999877e-01 -1.548238e-04 -4.941501e-03 -8.920706e+00 1.562188e-04 9.999999e-01 2.813994e-04 -8.027172e-01 4.941360e-03 -2.821645e-04 9.999877e-01 3.880598e+01
9.999597e-01 3.091961e-05 8.972240e-03 -8.912912e+00 -2.788420e-05 9.999999e-01 -3.381374e-04 -8.270826e-01 -8.972347e-03 3.378770e-04 9.999596e-01 3.974830e+01
9.999786e-01 -1.338126e-04 -6.534107e-03 -8.932438e+00 1.362130e-04 9.999999e-01 3.665227e-04 -8.532568e-01 6.533960e-03 -3.674015e-04 9.999785e-01 4.081171e+01
9.999603e-01 2.951483e-05 8.908708e-03 -8.971453e+00 -2.646844e-05 9.999999e-01 -3.417737e-04 -8.781856e-01 -8.908815e-03 3.415277e-04 9.999602e-01 4.185382e+01
9.999861e-01 -1.258014e-04 -5.257181e-03 -8.845430e+00 1.273886e-04 9.999999e-01 3.010712e-04 -9.076882e-01 5.257046e-03 -3.017333e-04 9.999861e-01 4.282762e+01
9.999524e-01 -4.351082e-06 9.757013e-03 -8.838624e+00 8.039033e-06 9.999999e-01 -3.776663e-04 -9.310831e-01 -9.757107e-03 3.777302e-04 9.999523e-01 4.373544e+01
9.999723e-01 -1.037980e-04 -7.436428e-03 -8.924035e+00 1.067804e-04 9.999999e-01 4.003046e-04 -9.533425e-01 7.436290e-03 -4.010842e-04 9.999722e-01 4.474555e+01
9.999552e-01 7.562906e-07 9.464242e-03 -9.049001e+00 2.909896e-06 9.999999e-01 -3.870760e-04 -9.721994e-01 -9.464338e-03 3.870896e-04 9.999551e-01 4.566525e+01
9.999783e-01 -1.217855e-04 -6.576116e-03 -9.205239e+00 1.241982e-04 9.999999e-01 3.660817e-04 -9.883780e-01 6.575975e-03 -3.668871e-04 9.999782e-01 4.651331e+01
9.999480e-01 -2.488378e-06 1.019470e-02 -9.542514e+00 7.140142e-06 9.999999e-01 -4.559939e-04 -9.918894e-01 -1.019479e-02 4.560464e-04 9.999479e-01 4.708373e+01
9.999707e-01 -1.011069e-04 -7.644007e-03 -9.929804e+00 1.038864e-04 9.999999e-01 3.628897e-04 -9.871633e-01 7.643874e-03 -3.636697e-04 9.999707e-01 4.738945e+01
9.999479e-01 4.806832e-06 1.020220e-02 -1.041816e+01 1.015162e-07 9.999999e-01 -4.808451e-04 -9.740421e-01 -1.020230e-02 4.808245e-04 9.999478e-01 4.748793e+01
9.999788e-01 -1.266814e-04 -6.497974e-03 -1.096460e+01 1.288186e-04 9.999999e-01 3.280901e-04 -9.588462e-01 6.497836e-03 -3.289168e-04 9.999788e-01 4.758400e+01
9.999303e-01 -3.251972e-05 1.180099e-02 -1.135932e+01 3.894913e-05 9.999999e-01 -5.443657e-04 -9.444176e-01 -1.180107e-02 5.447908e-04 9.999302e-01 4.750662e+01
9.999575e-01 -5.568874e-05 -9.212945e-03 -1.190102e+01 5.947618e-05 9.999999e-01 4.105490e-04 -9.264003e-01 9.212825e-03 -4.110761e-04 9.999574e-01 4.747481e+01
9.999284e-01 -3.518007e-05 1.196626e-02 -1.250314e+01 4.174023e-05 9.999998e-01 -5.477525e-04 -9.056754e-01 -1.196633e-02 5.482161e-04 9.999282e-01 4.741818e+01
9.999481e-01 -3.445956e-05 -1.017973e-02 -1.306509e+01 3.890013e-05 9.999999e-01 4.357697e-04 -8.802932e-01 1.017962e-02 -4.361397e-04 9.999480e-01 4.712041e+01
9.999171e-01 -6.803638e-05 1.287447e-02 -1.332285e+01 7.487782e-05 9.999999e-01 -5.307113e-04 -8.810479e-01 -1.287453e-02 5.316347e-04 9.999169e-01 4.746580e+01
9.999564e-01 -5.762539e-05 -9.334014e-03 -1.378801e+01 6.121867e-05 9.999999e-01 3.844103e-04 -8.664712e-01 9.333895e-03 -3.849615e-04 9.999563e-01 4.748839e+01
9.999317e-01 -3.716356e-05 1.168634e-02 -1.428206e+01 4.312553e-05 9.999999e-01 -5.096917e-04 -8.486752e-01 -1.168642e-02 5.101643e-04 9.999315e-01 4.741586e+01
9.999260e-01 1.882087e-05 -1.216362e-02 -1.463038e+01 -1.296120e-05 9.999999e-01 4.816094e-04 -8.257935e-01 1.216353e-02 -4.814127e-04 9.999258e-01 4.693071e+01
9.998416e-01 -1.991852e-04 1.779461e-02 -1.496042e+01 2.116486e-04 9.999997e-01 -6.983792e-04 -8.096112e-01 -1.779457e-02 7.020382e-04 9.998414e-01 4.671415e+01
9.999218e-01 3.786469e-05 -1.250336e-02 -1.521627e+01 -3.117241e-05 9.999999e-01 5.352345e-04 -8.125031e-01 1.250328e-02 -5.347995e-04 9.999216e-01 4.715604e+01
9.997741e-01 -2.701101e-04 2.124882e-02 -1.545139e+01 2.867869e-04 9.999997e-01 -7.816662e-04 -8.205067e-01 -2.124870e-02 7.875870e-04 9.997738e-01 4.777733e+01
9.999228e-01 3.878981e-05 -1.242188e-02 -1.569795e+01 -3.218738e-05 9.999999e-01 5.315182e-04 -8.273665e-01 1.242181e-02 -5.310739e-04 9.999226e-01 4.837018e+01
9.997400e-01 -3.155315e-04 2.279702e-02 -1.591209e+01 3.354297e-04 9.999996e-01 -8.689122e-04 -8.253089e-01 -2.279683e-02 8.763366e-04 9.997397e-01 4.857605e+01
9.999359e-01 2.174206e-05 -1.131841e-02 -1.608900e+01 -1.602492e-05 9.999999e-01 5.049972e-04 -8.270827e-01 1.131832e-02 -5.047800e-04 9.999358e-01 4.888602e+01
9.996244e-01 -3.942691e-04 2.740318e-02 -1.641261e+01 4.230296e-04 9.999994e-01 -1.043651e-03 -8.172867e-01 -2.740284e-02 1.054855e-03 9.996238e-01 4.892905e+01
9.998294e-01 1.522596e-04 -1.846895e-02 -1.677976e+01 -1.389666e-04 9.999997e-01 7.209066e-04 -7.975136e-01 1.846896e-02 -7.182136e-04 9.998291e-01 4.862414e+01
9.995858e-01 -4.077909e-04 2.877322e-02 -1.708286e+01 4.384281e-04 9.999993e-01 -1.058395e-03 -7.908160e-01 -2.877287e-02 1.070576e-03 9.995853e-01 4.876018e+01
9.998562e-01 1.439661e-04 -1.695763e-02 -1.717068e+01 -1.315965e-04 9.999997e-01 7.304174e-04 -8.061115e-01 1.695764e-02 -7.280774e-04 9.998559e-01 4.948124e+01
9.996817e-01 -3.700354e-04 2.522646e-02 -1.738904e+01 3.946337e-04 9.999995e-01 -9.700347e-04 -8.125457e-01 -2.522618e-02 9.796846e-04 9.996812e-01 5.002442e+01
9.999274e-01 4.870917e-05 -1.204676e-02 -1.764693e+01 -4.195595e-05 9.999998e-01 5.606504e-04 -8.138338e-01 1.204670e-02 -5.601008e-04 9.999272e-01 5.042063e+01
9.994254e-01 -5.184776e-04 3.388967e-02 -1.787892e+01 5.617635e-04 9.999990e-01 -1.267680e-03 -8.118187e-01 -3.388907e-02 1.285993e-03 9.994247e-01 5.065928e+01
9.999473e-01 1.844867e-05 -1.026283e-02 -1.809444e+01 -1.319313e-05 9.999999e-01 5.119555e-04 -8.116316e-01 1.026275e-02 -5.117897e-04 9.999471e-01 5.095097e+01
9.995365e-01 -4.550293e-04 3.043848e-02 -1.824451e+01 4.902012e-04 9.999992e-01 -1.147985e-03 -8.184065e-01 -3.043802e-02 1.162377e-03 9.995359e-01 5.141974e+01
9.999475e-01 1.419063e-05 -1.024555e-02 -1.850161e+01 -8.959504e-06 9.999999e-01 5.104235e-04 -8.199114e-01 1.024547e-02 -5.103015e-04 9.999473e-01 5.182448e+01
9.995885e-01 -4.273238e-04 2.868128e-02 -1.879343e+01 4.590239e-04 9.999993e-01 -1.098606e-03 -8.191742e-01 -2.868087e-02 1.111323e-03 9.995879e-01 5.218824e+01
9.999817e-01 -6.624181e-05 -6.039987e-03 -1.904615e+01 6.840277e-05 9.999999e-01 3.572494e-04 -8.131248e-01 6.039877e-03 -3.576526e-04 9.999816e-01 5.229692e+01
9.997678e-01 -2.939329e-04 2.154504e-02 -1.935746e+01 3.125596e-04 9.999996e-01 -8.610923e-04 -8.095337e-01 -2.154487e-02 8.676299e-04 9.997674e-01 5.256735e+01
9.999880e-01 -7.543535e-05 -4.896933e-03 -1.956814e+01 7.704688e-05 9.999999e-01 3.285246e-04 -8.131528e-01 4.896824e-03 -3.288946e-04 9.999879e-01 5.298079e+01
9.998161e-01 -2.543663e-04 1.917345e-02 -1.983284e+01 2.696706e-04 9.999996e-01 -7.955268e-04 -8.131768e-01 -1.917333e-02 8.005545e-04 9.998158e-01 5.332134e+01
9.999997e-01 -1.614579e-04 -7.123483e-04 -2.008356e+01 1.616006e-04 1.000000e+00 1.976976e-04 -8.112524e-01 7.122343e-04 -1.978093e-04 9.999996e-01 5.358228e+01
9.998796e-01 -1.863444e-04 1.551253e-02 -2.023178e+01 1.969160e-04 9.999997e-01 -6.798464e-04 -8.142043e-01 -1.551248e-02 6.828226e-04 9.998794e-01 5.389425e+01
9.999994e-01 -1.707567e-04 -1.076689e-03 -2.054790e+01 1.709625e-04 1.000000e+00 1.894308e-04 -8.011144e-01 1.076577e-03 -1.896114e-04 9.999993e-01 5.379481e+01
9.997933e-01 -2.846717e-04 2.032779e-02 -2.089400e+01 3.016412e-04 9.999996e-01 -8.316498e-04 -7.896013e-01 -2.032763e-02 8.376130e-04 9.997929e-01 5.381197e+01
9.999942e-01 -1.169437e-04 -3.388854e-03 -2.127891e+01 1.178511e-04 1.000000e+00 2.670851e-04 -7.766594e-01 3.388744e-03 -2.674796e-04 9.999941e-01 5.382027e+01
9.998121e-01 -2.629946e-04 1.937959e-02 -2.162965e+01 2.787498e-04 9.999996e-01 -8.101972e-04 -7.625419e-01 -1.937944e-02 8.154504e-04 9.998118e-01 5.372892e+01
9.999927e-01 -8.971631e-05 -3.818782e-03 -2.187047e+01 9.074069e-05 1.000000e+00 2.676743e-04 -7.498648e-01 3.818682e-03 -2.680155e-04 9.999926e-01 5.352807e+01
9.998946e-01 -1.786578e-04 1.451868e-02 -2.231719e+01 1.883473e-04 9.999998e-01 -6.659061e-04 -7.296847e-01 -1.451863e-02 6.685737e-04 9.998943e-01 5.330262e+01
9.999999e-01 -1.801141e-04 4.275407e-04 -2.276311e+01 1.800554e-04 1.000000e+00 1.409003e-04 -7.086696e-01 -4.276405e-04 -1.408200e-04 9.999998e-01 5.305358e+01
9.998386e-01 -2.196413e-04 1.796506e-02 -2.317978e+01 2.339234e-04 9.999997e-01 -7.928141e-04 -6.876393e-01 -1.796495e-02 7.968918e-04 9.998382e-01 5.275586e+01
9.999938e-01 -2.238283e-04 3.515144e-03 -2.339504e+01 2.236895e-04 1.000000e+00 4.029927e-05 -6.724216e-01 -3.515225e-03 -3.950950e-05 9.999937e-01 5.241539e+01
9.998395e-01 -1.931426e-04 1.791234e-02 -2.341487e+01 2.076306e-04 9.999997e-01 -8.068997e-04 -6.640420e-01 -1.791225e-02 8.104925e-04 9.998391e-01 5.208913e+01
9.999995e-01 -1.942110e-04 9.950348e-04 -2.368697e+01 1.940810e-04 1.000000e+00 1.319644e-04 -6.486959e-01 -9.951293e-04 -1.317681e-04 9.999994e-01 5.182145e+01
9.997647e-01 -2.787201e-04 2.168909e-02 -2.398671e+01 2.983790e-04 9.999995e-01 -9.031055e-04 -6.400124e-01 -2.168889e-02 9.093677e-04 9.997643e-01 5.187462e+01
9.999815e-01 -2.724690e-04 6.072408e-03 -2.416251e+01 2.727898e-04 1.000000e+00 -5.180524e-05 -6.290406e-01 -6.072458e-03 5.346384e-05 9.999815e-01 5.166569e+01
9.998652e-01 -1.792203e-04 1.642024e-02 -2.431814e+01 1.915336e-04 9.999997e-01 -7.482464e-04 -6.131401e-01 -1.642016e-02 7.512935e-04 9.998648e-01 5.122083e+01
9.999441e-01 -3.277730e-04 1.056341e-02 -2.424428e+01 3.298143e-04 9.999999e-01 -1.914040e-04 -6.048886e-01 -1.056341e-02 1.948802e-04 9.999441e-01 5.078980e+01
9.998413e-01 -2.253713e-04 1.781305e-02 -2.433603e+01 2.396095e-04 9.999997e-01 -7.971217e-04 -5.922521e-01 -1.781292e-02 8.012662e-04 9.998409e-01 5.040145e+01
9.999062e-01 -3.867617e-04 1.369387e-02 -2.442674e+01 3.906591e-04 9.999999e-01 -2.818686e-04 -5.802576e-01 -1.369382e-02 2.871946e-04 9.999061e-01 5.003835e+01
9.998041e-01 -2.560202e-04 1.979167e-02 -2.445240e+01 2.732579e-04 9.999996e-01 -8.682147e-04 -5.726348e-01 -1.979150e-02 8.734556e-04 9.998037e-01 4.976644e+01
9.999186e-01 -3.704442e-04 1.275166e-02 -2.452059e+01 3.735957e-04 9.999999e-01 -2.446986e-04 -5.615770e-01 -1.275162e-02 2.494453e-04 9.999186e-01 4.941367e+01
9.998454e-01 -2.298302e-04 1.758326e-02 -2.463102e+01 2.439470e-04 9.999996e-01 -8.006721e-04 -5.477651e-01 -1.758312e-02 8.048403e-04 9.998450e-01 4.900752e+01
9.999664e-01 -2.949550e-04 8.194322e-03 -2.480270e+01 2.957074e-04 1.000000e+00 -9.052859e-05 -5.290008e-01 -8.194341e-03 9.295122e-05 9.999663e-01 4.847870e+01
9.998461e-01 -1.966606e-04 1.754348e-02 -2.473887e+01 2.108987e-04 9.999996e-01 -8.097054e-04 -5.213646e-01 -1.754335e-02 8.132831e-04 9.998457e-01 4.808174e+01
9.999597e-01 -3.269682e-04 8.970512e-03 -2.472095e+01 3.279507e-04 9.999999e-01 -1.079884e-04 -5.114727e-01 -8.970517e-03 1.109284e-04 9.999597e-01 4.765667e+01
9.998586e-01 -2.190564e-04 1.681217e-02 -2.482002e+01 2.321682e-04 9.999997e-01 -7.779194e-04 -4.962604e-01 -1.681203e-02 7.817150e-04 9.998583e-01 4.717141e+01
9.999755e-01 -2.694611e-04 6.997412e-03 -2.479241e+01 2.697541e-04 1.000000e+00 -4.086144e-05 -4.873464e-01 -6.997438e-03 4.275030e-05 9.999754e-01 4.676224e+01
9.998294e-01 -2.479636e-04 1.847013e-02 -2.472324e+01 2.634952e-04 9.999996e-01 -8.384547e-04 -4.791051e-01 -1.846995e-02 8.431806e-04 9.998290e-01 4.633095e+01
9.999794e-01 -2.519366e-04 6.412202e-03 -2.464584e+01 2.520413e-04 1.000000e+00 -1.545118e-05 -4.731728e-01 -6.412230e-03 1.706915e-05 9.999793e-01 4.597483e+01
9.998744e-01 -1.921172e-04 1.584701e-02 -2.446443e+01 2.042304e-04 9.999997e-01 -7.627497e-04 -4.714305e-01 -1.584689e-02 7.658924e-04 9.998740e-01 4.564702e+01
9.999716e-01 -2.823789e-04 7.528530e-03 -2.437939e+01 2.827228e-04 1.000000e+00 -4.457530e-05 -4.647314e-01 -7.528544e-03 4.670453e-05 9.999716e-01 4.525120e+01
9.998943e-01 -1.629600e-04 1.453602e-02 -2.415575e+01 1.734590e-04 9.999997e-01 -7.209976e-04 -4.643861e-01 -1.453592e-02 7.234447e-04 9.998940e-01 4.492199e+01
9.999782e-01 -2.553797e-04 6.594804e-03 -2.396057e+01 2.554780e-04 1.000000e+00 -1.402960e-05 -4.629420e-01 -6.594824e-03 1.571600e-05 9.999782e-01 4.458625e+01
9.998446e-01 -2.259313e-04 1.762563e-02 -2.386862e+01 2.406221e-04 9.999996e-01 -8.313657e-04 -4.582433e-01 -1.762546e-02 8.354795e-04 9.998442e-01 4.426134e+01
9.999488e-01 -3.262983e-04 1.011696e-02 -2.386790e+01 3.274658e-04 9.999999e-01 -1.137251e-04 -4.540249e-01 -1.011694e-02 1.170340e-04 9.999487e-01 4.407181e+01
9.999649e-01 -6.607914e-05 8.376360e-03 -2.380535e+01 7.053450e-05 9.999999e-01 -5.315824e-04 -4.524582e-01 -8.376340e-03 5.321563e-04 9.999647e-01 4.389349e+01
9.999772e-01 -2.536844e-04 6.742040e-03 -2.357865e+01 2.537120e-04 1.000000e+00 -3.218864e-06 -4.544754e-01 -6.742054e-03 4.930937e-06 9.999772e-01 4.364082e+01
9.999451e-01 -1.056539e-04 1.047632e-02 -2.341837e+01 1.120202e-04 9.999998e-01 -6.070876e-04 -4.522569e-01 -1.047627e-02 6.082294e-04 9.999448e-01 4.331317e+01
9.999988e-01 -1.423367e-04 1.540781e-03 -2.315505e+01 1.420718e-04 1.000000e+00 1.721304e-04 -4.577665e-01 -1.540817e-03 -1.719098e-04 9.999987e-01 4.314518e+01
9.999032e-01 -1.743402e-04 1.391411e-02 -2.290375e+01 1.841779e-04 9.999997e-01 -7.057473e-04 -4.695330e-01 -1.391400e-02 7.082431e-04 9.999028e-01 4.324019e+01
9.999977e-01 -7.712152e-05 -2.158866e-03 -2.273109e+01 7.772187e-05 1.000000e+00 2.779656e-04 -4.725011e-01 2.158836e-03 -2.781314e-04 9.999975e-01 4.308783e+01
9.996912e-01 -3.714537e-04 2.484525e-02 -2.271178e+01 3.979973e-04 9.999994e-01 -1.063418e-03 -4.715810e-01 -2.484485e-02 1.072979e-03 9.996906e-01 4.299588e+01
9.999864e-01 1.028502e-05 -5.223257e-03 -2.243011e+01 -8.319202e-06 9.999999e-01 3.763709e-04 -4.786887e-01 5.223255e-03 -3.763211e-04 9.999862e-01 4.287926e+01
9.998972e-01 -1.817046e-04 1.433679e-02 -2.201660e+01 1.920557e-04 9.999997e-01 -7.206150e-04 -4.909092e-01 -1.433666e-02 7.232956e-04 9.998969e-01 4.276986e+01
9.999623e-01 1.000132e-04 -8.677429e-03 -2.150295e+01 -9.580779e-05 9.999999e-01 4.850503e-04 -5.042153e-01 8.677473e-03 -4.841994e-04 9.999621e-01 4.257008e+01
9.999943e-01 2.170397e-04 -3.380334e-03 -2.102562e+01 -2.172195e-04 1.000000e+00 -5.282759e-05 -5.205596e-01 3.380317e-03 5.356282e-05 9.999942e-01 4.250479e+01
9.999972e-01 -9.163396e-05 -2.360638e-03 -2.046288e+01 9.215962e-05 1.000000e+00 2.225451e-04 -5.413477e-01 2.360612e-03 -2.227608e-04 9.999971e-01 4.247782e+01
9.998914e-01 5.303650e-04 -1.472666e-02 -1.990605e+01 -5.244880e-04 9.999998e-01 4.029263e-04 -5.617961e-01 1.472687e-02 -3.951572e-04 9.998914e-01 4.246252e+01
9.999977e-01 -1.064324e-04 -2.129271e-03 -1.933061e+01 1.068956e-04 1.000000e+00 2.173659e-04 -5.823056e-01 2.129239e-03 -2.175916e-04 9.999976e-01 4.241945e+01
9.997417e-01 7.445408e-04 -2.271646e-02 -1.889293e+01 -7.282293e-04 9.999995e-01 7.263117e-04 -5.995207e-01 2.271698e-02 -7.095798e-04 9.997416e-01 4.244760e+01
9.999794e-01 -3.329863e-04 6.416509e-03 -1.837027e+01 3.338672e-04 9.999999e-01 -1.361951e-04 -6.185045e-01 -6.416476e-03 1.383360e-04 9.999793e-01 4.242017e+01
9.995995e-01 8.980829e-04 -2.828498e-02 -1.790971e+01 -8.710100e-04 9.999992e-01 9.694517e-04 -6.365395e-01 2.828581e-02 -9.444254e-04 9.995993e-01 4.244660e+01
9.999485e-01 -4.350513e-04 1.014100e-02 -1.739851e+01 4.380196e-04 9.999999e-01 -2.904684e-04 -6.578788e-01 -1.014089e-02 2.948970e-04 9.999484e-01 4.252156e+01
9.998418e-01 6.143524e-04 -1.777379e-02 -1.701527e+01 -6.049486e-04 9.999997e-01 5.344432e-04 -6.793352e-01 1.777409e-02 -5.236047e-04 9.998418e-01 4.276898e+01
9.999345e-01 -4.846451e-04 1.143880e-02 -1.665215e+01 4.884677e-04 9.999998e-01 -3.313701e-04 -7.009256e-01 -1.143866e-02 3.369375e-04 9.999344e-01 4.304074e+01
9.998767e-01 5.905501e-04 -1.568988e-02 -1.614408e+01 -5.835612e-04 9.999997e-01 4.500061e-04 -7.240831e-01 1.569012e-02 -4.407930e-04 9.998767e-01 4.317589e+01
9.999982e-01 -2.494312e-04 1.863902e-03 -1.569091e+01 2.493466e-04 1.000000e+00 4.571685e-05 -7.436365e-01 -1.863933e-03 -4.525024e-05 9.999982e-01 4.325299e+01
9.996197e-01 9.247887e-04 -2.755924e-02 -1.542997e+01 -8.992824e-04 9.999992e-01 9.378825e-04 -7.578895e-01 2.756007e-02 -9.127405e-04 9.996196e-01 4.341002e+01
9.999832e-01 -3.627307e-04 5.791109e-03 -1.529726e+01 3.633165e-04 9.999999e-01 -1.000660e-04 -7.734266e-01 -5.791097e-03 1.021702e-04 9.999831e-01 4.379396e+01
9.995823e-01 9.591541e-04 -2.888282e-02 -1.517072e+01 -9.307489e-04 9.999991e-01 9.968804e-04 -7.861030e-01 2.888372e-02 -9.695794e-04 9.995822e-01 4.407417e+01
9.999912e-01 -3.157443e-04 4.180896e-03 -1.496222e+01 3.159626e-04 9.999999e-01 -5.146026e-05 -7.989613e-01 -4.180909e-03 5.278290e-05 9.999912e-01 4.425380e+01
9.995008e-01 1.037309e-03 -3.157704e-02 -1.473814e+01 -1.002680e-03 9.999989e-01 1.112461e-03 -8.130891e-01 3.157813e-02 -1.080242e-03 9.995006e-01 4.445831e+01
