9.995621e-01 -4.873360e-04 2.958519e-02 5.869467e-02 5.153822e-04 9.999994e-01 -9.403633e-04 -4.110880e-03 -2.958471e-02 9.551996e-04 9.995617e-01 1.171685e-01
9.999866e-01 -1.093958e-04 5.173661e-03 1.163909e-01 1.101316e-04 1.000000e+00 -1.419351e-04 -7.687312e-03 -5.173638e-03 1.425033e-04 9.999865e-01 2.305023e-01
9.996266e-01 -4.531072e-04 2.732093e-02 1.748668e-01 4.771782e-04 9.999995e-01 -8.745346e-04 -1.157092e-02 -2.732051e-02 8.872451e-04 9.996262e-01 3.469614e-01
9.999491e-01 -1.787778e-04 1.008784e-02 2.334494e-01 1.817855e-04 9.999999e-01 -2.972318e-04 -1.482588e-02 -1.008777e-02 2.990505e-04 9.999490e-01 4.584275e-01
9.993573e-01 -6.034824e-04 3.584086e-02 2.905196e-01 6.437930e-04 9.999992e-01 -1.113178e-03 -1.707793e-02 -3.584014e-02 1.135536e-03 9.993568e-01 5.610328e-01
9.999499e-01 -2.020898e-04 1.001036e-02 3.495043e-01 2.049116e-04 9.999999e-01 -2.808604e-04 -1.948379e-02 -1.001028e-02 2.828974e-04 9.999498e-01 6.657620e-01
9.997064e-01 -4.111423e-04 2.422810e-02 4.082363e-01 4.300611e-04 9.999996e-01 -7.756542e-04 -2.320480e-02 -2.422775e-02 7.858456e-04 9.997061e-01 7.796058e-01
9.999589e-01 -1.641922e-04 9.060786e-03 4.636811e-01 1.665912e-04 1.000000e+00 -2.640078e-04 -2.687079e-02 -9.060714e-03 2.655059e-04 9.999588e-01 8.916080e-01
9.997510e-01 -3.865407e-04 2.231053e-02 5.200675e-01 4.025198e-04 9.999997e-01 -7.117233e-04 -3.084276e-02 -2.231021e-02 7.205259e-04 9.997507e-01 1.006787e+00
9.999454e-01 -1.661149e-04 1.045266e-02 5.720193e-01 1.694296e-04 9.999999e-01 -3.162118e-04 -3.431380e-02 -1.045257e-02 3.179648e-04 9.999452e-01 1.110988e+00
9.997213e-01 -4.174198e-04 2.360207e-02 6.242113e-01 4.351461e-04 9.999996e-01 -7.459127e-04 -3.768775e-02 -2.360171e-02 7.559744e-04 9.997211e-01 1.215319e+00
9.999393e-01 -1.951977e-04 1.101184e-02 6.772546e-01 1.987708e-04 9.999999e-01 -3.233739e-04 -4.111272e-02 -1.101173e-02 3.255422e-04 9.999392e-01 1.321245e+00
9.996802e-01 -4.155301e-04 2.528366e-02 7.283669e-01 4.362892e-04 9.999996e-01 -8.155283e-04 -4.422973e-02 -2.528326e-02 8.262975e-04 9.996799e-01 1.425599e+00
9.997297e-01 -4.319227e-04 2.324343e-02 7.871767e-01 4.475500e-04 9.999997e-01 -6.671206e-04 -4.641731e-02 -2.324309e-02 6.773417e-04 9.997295e-01 1.532718e+00
9.998416e-01 -2.913389e-04 1.779686e-02 8.442350e-01 3.020288e-04 9.999998e-01 -5.979574e-04 -4.937546e-02 -1.779663e-02 6.032366e-04 9.998414e-01 1.643247e+00
9.998837e-01 -3.086257e-04 1.524827e-02 9.012240e-01 3.151109e-04 9.999999e-01 -4.228735e-04 -5.321850e-02 -1.524809e-02 4.276278e-04 9.998836e-01 1.757188e+00
9.998736e-01 -2.077710e-04 1.589918e-02 9.549789e-01 2.169822e-04 9.999998e-01 -5.775982e-04 -5.703190e-02 -1.589900e-02 5.809735e-04 9.998733e-01 1.869670e+00
9.997615e-01 -4.483616e-04 2.183376e-02 1.012055e+00 4.614700e-04 9.999997e-01 -5.953154e-04 -6.026674e-02 -2.183342e-02 6.052474e-04 9.997613e-01 1.979060e+00
9.998962e-01 -2.055577e-04 1.440754e-02 1.068548e+00 2.130987e-04 9.999998e-01 -5.218349e-04 -6.370732e-02 -1.440737e-02 5.248493e-04 9.998960e-01 2.088707e+00
9.998630e-01 -3.431454e-04 1.654758e-02 1.122345e+00 3.505605e-04 9.999998e-01 -4.451656e-04 -6.755184e-02 -1.654736e-02 4.509037e-04 9.998629e-01 2.196630e+00
9.998523e-01 -2.473476e-04 1.718641e-02 1.175041e+00 2.578607e-04 9.999998e-01 -6.094528e-04 -7.099200e-02 -1.718618e-02 6.137925e-04 9.998520e-01 2.299801e+00
9.998940e-01 -3.387634e-04 1.455549e-02 1.232335e+00 3.442048e-04 9.999999e-01 -3.712827e-04 -7.515351e-02 -1.455530e-02 3.762514e-04 9.998939e-01 2.420185e+00
9.999800e-01 -2.832531e-05 6.326273e-03 1.285596e+00 3.030117e-05 1.000000e+00 -3.120885e-04 -8.045739e-02 -6.326192e-03 3.122718e-04 9.999799e-01 2.549996e+00
9.999514e-01 -2.609471e-04 9.851998e-03 1.334925e+00 2.632187e-04 9.999999e-01 -2.291779e-04 -8.657702e-02 -9.851864e-03 2.317579e-04 9.999514e-01 2.700680e+00
9.999523e-01 -6.989114e-05 9.768645e-03 1.385885e+00 7.407845e-05 9.999999e-01 -4.281870e-04 -9.179071e-02 -9.768540e-03 4.288880e-04 9.999521e-01 2.825322e+00
9.998723e-01 -3.858886e-04 1.597404e-02 1.439854e+00 3.922431e-04 9.999998e-01 -3.946102e-04 -9.622936e-02 -1.597381e-02 4.008233e-04 9.998722e-01 2.936963e+00
9.999274e-01 -1.091261e-04 1.205026e-02 1.492958e+00 1.151225e-04 9.999999e-01 -4.968243e-04 -1.002065e-01 -1.205012e-02 4.981732e-04 9.999272e-01 3.038035e+00
9.998525e-01 -4.170674e-04 1.716943e-02 1.545853e+00 4.243414e-04 9.999998e-01 -4.199462e-04 -1.039990e-01 -1.716917e-02 4.271676e-04 9.998524e-01 3.133931e+00
9.999429e-01 -9.315483e-05 1.068425e-02 1.599914e+00 9.796896e-05 9.999999e-01 -4.499405e-04 -1.080236e-01 -1.068412e-02 4.509591e-04 9.999427e-01 3.232586e+00
9.999561e-01 -2.610756e-04 9.361102e-03 1.651522e+00 2.629764e-04 9.999999e-01 -2.016770e-04 -1.129608e-01 -9.360966e-03 2.041274e-04 9.999561e-01 3.341625e+00
9.999741e-01 -1.126347e-05 7.190150e-03 1.700606e+00 1.386123e-05 9.999999e-01 -3.610507e-04 -1.183462e-01 -7.190062e-03 3.611385e-04 9.999740e-01 3.457609e+00
9.999500e-01 -2.785357e-04 9.991619e-03 1.752559e+00 2.806872e-04 9.999999e-01 -2.137889e-04 -1.238468e-01 -9.991475e-03 2.165801e-04 9.999500e-01 3.580765e+00
9.999892e-01 2.603455e-05 4.632009e-03 1.801670e+00 -2.469910e-05 1.000000e+00 -2.880434e-04 -1.298330e-01 -4.631931e-03 2.879232e-04 9.999892e-01 3.718683e+00
9.999060e-01 -3.414956e-04 1.370427e-02 1.855123e+00 3.460325e-04 9.999999e-01 -3.285749e-04 -1.355089e-01 -1.370407e-02 3.332835e-04 9.999060e-01 3.856763e+00
9.999892e-01 3.413935e-05 4.637824e-03 1.908324e+00 -3.278968e-05 1.000000e+00 -2.907395e-04 -1.410592e-01 -4.637746e-03 2.905815e-04 9.999891e-01 3.986781e+00
9.999071e-01 -3.425145e-04 1.362565e-02 1.961619e+00 3.469167e-04 9.999999e-01 -3.206008e-04 -1.466480e-01 -1.362546e-02 3.252951e-04 9.999070e-01 4.118723e+00
9.999996e-01 1.481776e-04 -8.382005e-04 2.009805e+00 -1.482932e-04 1.000000e+00 -1.399191e-04 -1.529271e-01 8.382684e-04 1.400405e-04 9.999996e-01 4.261280e+00
9.998605e-01 -4.049307e-04 1.669800e-02 2.060879e+00 4.116420e-04 9.999998e-01 -3.983828e-04 -1.587938e-01 -1.669775e-02 4.051979e-04 9.998604e-01 4.394259e+00
9.999831e-01 2.579352e-04 -5.807170e-03 2.119325e+00 -2.579702e-04 1.000000e+00 -5.581811e-06 -1.653742e-01 5.807258e-03 7.076916e-06 9.999831e-01 4.536618e+00
9.998044e-01 -4.917636e-04 1.977100e-02 2.180296e+00 5.013365e-04 9.999998e-01 -4.791445e-04 -1.719447e-01 -1.977067e-02 4.889598e-04 9.998043e-01 4.692318e+00
9.999545e-01 3.744712e-04 -9.524460e-03 2.221649e+00 -3.737605e-04 9.999999e-01 7.619983e-05 -1.782965e-01 9.524579e-03 -7.263943e-05 9.999546e-01 4.832928e+00
9.998547e-01 -4.563713e-04 1.703782e-02 2.261426e+00 4.630891e-04 9.999998e-01 -3.902356e-04 -1.850815e-01 -1.703755e-02 3.980659e-04 9.998547e-01 4.982331e+00
9.999595e-01 3.384795e-04 -8.984636e-03 2.372530e+00 -3.380272e-04 9.999999e-01 5.163283e-05 -1.919250e-01 8.984745e-03 -4.859666e-05 9.999596e-01 5.087961e+00
9.997725e-01 -5.266793e-04 2.132045e-02 2.585508e+00 5.369634e-04 9.999997e-01 -4.765450e-04 -2.004848e-01 -2.132011e-02 4.878819e-04 9.997725e-01 5.247088e+00
9.999616e-01 3.378516e-04 -8.758684e-03 2.815488e+00 -3.374390e-04 9.999999e-01 4.834818e-05 -2.082746e-01 8.758792e-03 -4.539383e-05 9.999616e-01 5.371747e+00
9.997705e-01 -5.148079e-04 2.141328e-02 2.876492e+00 5.260550e-04 9.999997e-01 -5.195140e-04 -2.160634e-01 -2.141292e-02 5.306563e-04 9.997705e-01 5.577379e+00
9.998397e-01 4.594011e-04 -1.789780e-02 2.911689e+00 -4.528516e-04 9.999998e-01 3.698652e-04 -2.237542e-01 1.789806e-02 -3.617039e-04 9.998397e-01 5.761765e+00
9.998278e-01 -4.987490e-04 1.854989e-02 2.923086e+00 5.066802e-04 9.999998e-01 -4.227525e-04 -2.300847e-01 -1.854958e-02 4.320755e-04 9.998278e-01 5.895430e+00
9.998589e-01 4.685349e-04 -1.678826e-02 2.915088e+00 -4.630435e-04 9.999998e-01 3.308474e-04 -2.338965e-01 1.678851e-02 -3.230301e-04 9.998589e-01 5.942221e+00
9.998434e-01 -4.928154e-04 1.768612e-02 2.893607e+00 4.995616e-04 9.999998e-01 -3.769098e-04 -2.366198e-01 -1.768584e-02 3.856830e-04 9.998435e-01 5.949403e+00
9.998489e-01 4.618022e-04 -1.737365e-02 2.879704e+00 -4.559526e-04 9.999998e-01 3.405250e-04 -2.409551e-01 1.737390e-02 -3.325550e-04 9.998489e-01 6.022797e+00
9.998220e-01 -4.847485e-04 1.886132e-02 2.889048e+00 4.927757e-04 9.999998e-01 -4.208339e-04 -2.448160e-01 -1.886102e-02 4.300502e-04 9.998220e-01 6.051762e+00
9.998676e-01 4.380592e-04 -1.626450e-02 2.907509e+00 -4.330366e-04 9.999999e-01 3.121928e-04 -2.473454e-01 1.626473e-02 -3.051114e-04 9.998676e-01 6.014415e+00
9.998146e-01 -5.154431e-04 1.924754e-02 2.948212e+00 5.241977e-04 9.999998e-01 -4.496891e-04 -2.531898e-01 -1.924721e-02 4.596921e-04 9.998146e-01 6.102320e+00
9.998784e-01 4.020798e-04 -1.558473e-02 3.104405e+00 -3.972065e-04 9.999999e-01 3.156483e-04 -2.623230e-01 1.558494e-02 -3.094227e-04 9.998784e-01 6.272466e+00
9.998687e-01 -3.457380e-04 1.620012e-02 3.396691e+00 3.501613e-04 9.999999e-01 -2.700706e-04 -2.673900e-01 -1.619993e-02 2.757046e-04 9.998687e-01 6.204402e+00
9.999413e-01 2.357748e-04 -1.083052e-02 3.544217e+00 -2.352313e-04 1.000000e+00 5.125037e-05 -2.759966e-01 1.083063e-02 -4.870281e-05 9.999413e-01 6.368114e+00
9.999066e-01 -3.153057e-04 1.365984e-02 3.582400e+00 3.178924e-04 9.999999e-01 -1.870354e-04 -2.834886e-01 -1.365969e-02 1.913571e-04 9.999066e-01 6.541208e+00
9.999425e-01 2.488784e-04 -1.071965e-02 3.634172e+00 -2.484165e-04 1.000000e+00 4.421174e-05 -2.917578e-01 1.071975e-02 -4.154941e-05 9.999425e-01 6.734889e+00
9.998887e-01 -4.430440e-04 1.491106e-02 3.686866e+00 4.456932e-04 9.999999e-01 -1.741952e-04 -3.026707e-01 -1.491089e-02 1.808184e-04 9.998887e-01 7.055525e+00
9.999164e-01 3.751087e-04 -1.291893e-02 3.731463e+00 -3.742946e-04 9.999999e-01 6.525449e-05 -3.114888e-01 1.291905e-02 -6.041671e-05 9.999165e-01 7.275004e+00
9.999072e-01 -4.104568e-04 1.361437e-02 3.695124e+00 4.118080e-04 9.999999e-01 -9.628042e-05 -3.131731e-01 -1.361423e-02 1.018748e-04 9.999072e-01 7.255428e+00
9.999190e-01 3.625726e-04 -1.272152e-02 3.666261e+00 -3.620650e-04 9.999999e-01 4.202628e-05 -3.161251e-01 1.272162e-02 -3.742003e-05 9.999190e-01 7.289198e+00
9.997701e-01 -5.060679e-04 2.143360e-02 3.754091e+00 5.142611e-04 9.999998e-01 -3.766472e-04 -3.238986e-01 -2.143331e-02 3.875798e-04 9.997701e-01 7.457445e+00
9.999596e-01 2.781798e-04 -8.978281e-03 3.906873e+00 -2.788347e-04 1.000000e+00 -7.194716e-05 -3.337129e-01 8.978356e-03 7.444450e-05 9.999596e-01 7.708512e+00
9.998276e-01 -6.925893e-04 1.855373e-02 3.994703e+00 6.958353e-04 9.999997e-01 -1.683700e-04 -3.482261e-01 -1.855351e-02 1.812480e-04 9.998278e-01 8.198760e+00
9.999836e-01 1.199296e-05 -5.720795e-03 4.070708e+00 -1.240595e-05 1.000000e+00 -7.258980e-05 -3.681109e-01 5.720890e-03 7.265628e-05 9.999836e-01 8.967564e+00
9.998738e-01 -3.629700e-04 1.588317e-02 4.151359e+00 3.665684e-04 9.999999e-01 -2.234891e-04 -3.829342e-01 -1.588299e-02 2.292798e-04 9.998738e-01 9.472951e+00
9.999609e-01 2.380772e-04 -8.836784e-03 4.235875e+00 -2.386867e-04 1.000000e+00 -6.820502e-05 -3.914958e-01 8.836864e-03 7.030826e-05 9.999609e-01 9.671806e+00
9.998056e-01 -4.383617e-04 1.970921e-02 4.363784e+00 4.451494e-04 9.999998e-01 -3.398812e-04 -4.009319e-01 -1.970896e-02 3.485853e-04 9.998056e-01 9.905554e+00
9.999846e-01 -8.005837e-05 -5.549350e-03 4.473672e+00 7.993503e-05 1.000000e+00 -2.292669e-05 -4.167527e-01 5.549449e-03 2.247936e-05 9.999845e-01 1.046655e+01
9.999324e-01 -2.312183e-04 1.162545e-02 4.528797e+00 2.326283e-04 1.000000e+00 -1.197011e-04 -4.310505e-01 -1.162533e-02 1.223940e-04 9.999324e-01 1.094774e+01
9.999999e-01 5.208931e-05 -1.608548e-04 4.599283e+00 -5.213823e-05 9.999999e-01 -3.209744e-04 -4.392059e-01 1.609353e-04 3.209794e-04 9.999999e-01 1.116205e+01
9.999370e-01 -2.072559e-04 1.122061e-02 4.669620e+00 2.085210e-04 1.000000e+00 -1.113294e-04 -4.470911e-01 -1.122049e-02 1.136586e-04 9.999370e-01 1.136387e+01
9.999757e-01 -1.033774e-04 6.967890e-03 4.753647e+00 1.070757e-04 9.999999e-01 -5.299942e-04 -4.547826e-01 -6.967737e-03 5.307239e-04 9.999755e-01 1.158048e+01
9.999993e-01 1.916839e-05 -1.121324e-03 4.905776e+00 -1.879516e-05 9.999999e-01 3.302795e-04 -4.624379e-01 1.121428e-03 -3.302617e-04 9.999993e-01 1.169399e+01
9.999982e-01 9.280574e-05 -1.864496e-03 5.085382e+00 -9.311091e-05 1.000000e+00 -1.651183e-04 -4.700223e-01 1.864578e-03 1.652882e-04 9.999982e-01 1.177423e+01
9.999949e-01 -1.482576e-04 3.165901e-03 5.166618e+00 1.480213e-04 1.000000e+00 7.577443e-05 -4.789726e-01 -3.165814e-03 -7.530892e-05 9.999949e-01 1.196411e+01
9.999992e-01 8.715304e-05 -1.268276e-03 5.239845e+00 -8.738508e-05 1.000000e+00 -1.851703e-04 -4.877893e-01 1.268358e-03 1.852775e-04 9.999991e-01 1.215802e+01
9.999936e-01 -1.476419e-04 3.563693e-03 5.307656e+00 1.474353e-04 1.000000e+00 5.904885e-05 -4.963890e-01 -3.563604e-03 -5.852656e-05 9.999936e-01 1.234909e+01
9.999986e-01 1.239946e-04 -1.642942e-03 5.333847e+00 -1.242855e-04 1.000000e+00 -1.787098e-04 -5.022299e-01 1.643018e-03 1.789102e-04 9.999986e-01 1.245343e+01
9.999991e-01 -1.461257e-04 1.293559e-03 5.331930e+00 1.459260e-04 1.000000e+00 1.567179e-04 -5.067663e-01 -1.293484e-03 -1.565325e-04 9.999991e-01 1.252136e+01
9.999997e-01 1.047802e-04 -6.435456e-04 5.354716e+00 -1.049240e-04 1.000000e+00 -2.278684e-04 -5.130850e-01 6.436198e-04 2.279324e-04 9.999997e-01 1.264993e+01
9.999979e-01 -1.670934e-04 2.024390e-03 5.377997e+00 1.668256e-04 1.000000e+00 1.338550e-04 -5.199706e-01 -2.024314e-03 -1.335205e-04 9.999979e-01 1.280836e+01
1.000000e+00 1.121882e-04 5.944542e-05 5.422087e+00 -1.121698e-04 1.000000e+00 -2.613541e-04 -5.273944e-01 -5.937662e-05 2.613439e-04 9.999999e-01 1.297104e+01
9.999961e-01 -2.016867e-04 2.753713e-03 5.480863e+00 2.013320e-04 1.000000e+00 1.301433e-04 -5.361620e-01 -2.753641e-03 -1.295920e-04 9.999961e-01 1.317997e+01
9.999995e-01 1.650811e-04 -9.388106e-04 5.525364e+00 -1.653151e-04 1.000000e+00 -2.522360e-04 -5.435170e-01 9.388671e-04 2.523875e-04 9.999995e-01 1.333451e+01
9.999987e-01 -2.097521e-04 1.582009e-03 5.568855e+00 2.094773e-04 1.000000e+00 1.757295e-04 -5.503739e-01 -1.581947e-03 -1.754014e-04 9.999987e-01 1.346361e+01
9.999991e-01 1.758515e-04 -1.319975e-03 5.613494e+00 -1.761663e-04 1.000000e+00 -2.405943e-04 -5.572821e-01 1.320031e-03 2.408231e-04 9.999990e-01 1.359267e+01
9.999874e-01 -2.329476e-04 4.998695e-03 5.657194e+00 2.326612e-04 1.000000e+00 5.848675e-05 -5.638194e-01 -4.998610e-03 -5.732659e-05 9.999874e-01 1.371630e+01
9.999558e-01 2.287569e-06 9.396880e-03 5.723769e+00 3.115450e-06 9.999998e-01 -5.746463e-04 -5.702998e-01 -9.396781e-03 5.746466e-04 9.999556e-01 1.386291e+01
9.999543e-01 2.894404e-05 -9.555989e-03 5.790967e+00 -2.377989e-05 9.999999e-01 5.401999e-04 -5.769531e-01 9.556101e-03 -5.399515e-04 9.999541e-01 1.394921e+01
9.999766e-01 7.476667e-06 6.841086e-03 5.821038e+00 -4.171136e-06 9.999999e-01 -4.827637e-04 -5.809516e-01 -6.840991e-03 4.827203e-04 9.999764e-01 1.395108e+01
9.999598e-01 2.935315e-05 -8.965814e-03 5.855773e+00 -2.465471e-05 9.999999e-01 5.238066e-04 -5.829980e-01 8.965927e-03 -5.235680e-04 9.999596e-01 1.387200e+01
9.999743e-01 2.617463e-06 7.158554e-03 5.882455e+00 8.876675e-07 9.999999e-01 -4.892220e-04 -5.858274e-01 -7.158456e-03 4.892122e-04 9.999742e-01 1.382762e+01
9.999725e-01 -1.093843e-05 -7.415719e-03 5.872962e+00 1.442678e-05 9.999999e-01 4.699328e-04 -5.888593e-01 7.415811e-03 -4.700304e-04 9.999723e-01 1.383541e+01
9.998766e-01 -4.284568e-05 1.570423e-02 5.900536e+00 5.498774e-05 9.999997e-01 -7.725495e-04 -5.929249e-01 -1.570410e-02 7.733142e-04 9.998763e-01 1.387008e+01
9.999781e-01 -3.520456e-04 6.600817e-03 5.955742e+00 3.516557e-04 9.999999e-01 6.069973e-05 -5.976436e-01 -6.600739e-03 -5.838083e-05 9.999782e-01 1.397926e+01
9.999855e-01 1.733590e-04 5.374797e-03 6.002572e+00 -1.706472e-04 9.999999e-01 -5.043922e-04 -6.037714e-01 -5.374785e-03 5.034641e-04 9.999854e-01 1.411440e+01
9.999893e-01 -3.239660e-04 4.615603e-03 6.059920e+00 3.233564e-04 9.999999e-01 1.335341e-04 -6.111637e-01 -4.615547e-03 -1.320438e-04 9.999893e-01 1.428977e+01
9.999973e-01 2.257766e-04 2.296210e-03 6.123051e+00 -2.247984e-04 9.999999e-01 -4.248608e-04 -6.192562e-01 -2.296206e-03 4.243398e-04 9.999972e-01 1.448516e+01
9.998903e-01 -5.098339e-04 1.480032e-02 6.188516e+00 5.122819e-04 9.999999e-01 -1.613923e-04 -6.257637e-01 -1.480014e-02 1.689528e-04 9.998904e-01 1.465108e+01
9.999859e-01 3.774348e-04 -5.286680e-03 6.219828e+00 -3.784502e-04 9.999999e-01 -1.916990e-04 -6.317376e-01 5.286706e-03 1.936934e-04 9.999860e-01 1.478310e+01
9.999538e-01 -4.511306e-04 9.601104e-03 6.247191e+00 4.511133e-04 9.999999e-01 4.315734e-06 -6.382868e-01 -9.601006e-03 1.192819e-08 9.999539e-01 1.492738e+01
9.999887e-01 2.290357e-04 4.737486e-03 6.314497e+00 -2.265255e-04 9.999998e-01 -5.296508e-04 -6.453341e-01 -4.737506e-03 5.285680e-04 9.999886e-01 1.510541e+01
9.999623e-01 -4.431226e-04 8.667791e-03 6.376728e+00 4.426920e-04 9.999999e-01 5.200335e-05 -6.524541e-01 -8.667713e-03 -4.816798e-05 9.999624e-01 1.528380e+01
9.999999e-01 3.326256e-04 -1.580599e-04 6.422943e+00 -3.326840e-04 9.999999e-01 -3.922123e-04 -6.585129e-01 1.580293e-04 3.922612e-04 9.999999e-01 1.540243e+01
9.999684e-01 -4.309831e-04 7.932974e-03 6.466313e+00 4.302765e-04 9.999999e-01 9.122741e-05 -6.637792e-01 -7.932913e-03 -8.781493e-05 9.999685e-01 1.548230e+01
9.999953e-01 3.707280e-04 -3.025011e-03 6.495148e+00 -3.716172e-04 9.999999e-01 -2.945918e-04 -6.679251e-01 3.025001e-03 2.957109e-04 9.999953e-01 1.551275e+01
9.999514e-01 -4.382704e-04 9.846001e-03 6.544990e+00 4.382019e-04 9.999999e-01 9.482434e-06 -6.741943e-01 -9.845904e-03 -5.171214e-06 9.999515e-01 1.562912e+01
9.999993e-01 2.979545e-04 -1.074031e-03 6.612820e+00 -2.982912e-04 9.999999e-01 -3.167336e-04 -6.784157e-01 1.074036e-03 3.170500e-04 9.999993e-01 1.563680e+01
9.999954e-01 -3.275000e-04 3.005738e-03 6.693854e+00 3.268774e-04 9.999999e-01 2.088623e-04 -6.819944e-01 -3.005707e-03 -2.078826e-04 9.999954e-01 1.558855e+01
9.999986e-01 2.799805e-04 1.640841e-03 6.793653e+00 -2.792656e-04 9.999999e-01 -4.336898e-04 -6.867951e-01 -1.640862e-03 4.332272e-04 9.999985e-01 1.559293e+01
9.999996e-01 -3.103908e-04 7.703443e-04 6.863243e+00 3.101582e-04 9.999999e-01 3.069695e-04 -6.906298e-01 -7.703395e-04 -3.067342e-04 9.999996e-01 1.556851e+01
9.999921e-01 2.633581e-04 3.958698e-03 6.927376e+00 -2.612494e-04 9.999998e-01 -5.322334e-04 -6.964394e-01 -3.958737e-03 5.311912e-04 9.999920e-01 1.564222e+01
9.999987e-01 -3.137670e-04 1.536643e-03 6.975314e+00 3.133298e-04 9.999999e-01 2.872271e-04 -7.018438e-01 -1.536633e-03 -2.867490e-04 9.999987e-01 1.571483e+01
9.999990e-01 2.775735e-04 1.349135e-03 7.034203e+00 -2.769686e-04 9.999999e-01 -4.457973e-04 -7.085190e-01 -1.349159e-03 4.454194e-04 9.999989e-01 1.582546e+01
9.999992e-01 -2.772720e-04 -1.167293e-03 7.111312e+00 2.777215e-04 9.999999e-01 3.816553e-04 -7.152211e-01 1.167287e-03 -3.819830e-04 9.999992e-01 1.591537e+01
9.999985e-01 2.697943e-04 1.678175e-03 7.196365e+00 -2.690265e-04 9.999999e-01 -4.555036e-04 -7.208392e-01 -1.678197e-03 4.550477e-04 9.999984e-01 1.595264e+01
9.999927e-01 -2.132948e-04 -3.801414e-03 7.291144e+00 2.152161e-04 9.999998e-01 5.040180e-04 -7.274251e-01 3.801406e-03 -5.048362e-04 9.999926e-01 1.601193e+01
9.999984e-01 2.156063e-04 1.720674e-03 7.354346e+00 -2.148275e-04 9.999999e-01 -4.505989e-04 -7.358280e-01 -1.720671e-03 4.502248e-04 9.999984e-01 1.617284e+01
9.999978e-01 -2.338487e-04 -2.037529e-03 7.404350e+00 2.346898e-04 9.999999e-01 4.106838e-04 -7.435634e-01 2.037533e-03 -4.111649e-04 9.999978e-01 1.632686e+01
9.999989e-01 2.299609e-04 1.423167e-03 7.455824e+00 -2.293426e-04 9.999999e-01 -4.319745e-04 -7.496624e-01 -1.423167e-03 4.316439e-04 9.999988e-01 1.640618e+01
9.999987e-01 -2.508036e-04 -1.589678e-03 7.500115e+00 2.514209e-04 9.999999e-01 3.857135e-04 -7.566707e-01 1.589681e-03 -3.861165e-04 9.999986e-01 1.653825e+01
9.999984e-01 2.133162e-04 1.764373e-03 7.533864e+00 -2.125382e-04 9.999999e-01 -4.389848e-04 -7.640593e-01 -1.764367e-03 4.386053e-04 9.999983e-01 1.669869e+01
9.999995e-01 -2.580545e-04 -9.017327e-04 7.580701e+00 2.583817e-04 9.999999e-01 3.585114e-04 -7.718184e-01 9.017400e-04 -3.587481e-04 9.999995e-01 1.686595e+01
9.999978e-01 2.211499e-04 2.074914e-03 7.629248e+00 -2.202156e-04 9.999999e-01 -4.486802e-04 -7.796716e-01 -2.074913e-03 4.482185e-04 9.999977e-01 1.703732e+01
9.999987e-01 -2.764237e-04 1.572437e-03 7.671790e+00 2.759905e-04 9.999999e-01 2.781931e-04 -7.870644e-01 -1.572414e-03 -2.777626e-04 9.999987e-01 1.720241e+01
9.999954e-01 1.956653e-04 3.016686e-03 7.729763e+00 -1.942373e-04 9.999999e-01 -4.723890e-04 -7.954151e-01 -3.016679e-03 4.717971e-04 9.999953e-01 1.740047e+01
9.999945e-01 -2.129258e-04 -3.308436e-03 7.778722e+00 2.144104e-04 9.999999e-01 4.472034e-04 -8.038189e-01 3.308440e-03 -4.479141e-04 9.999944e-01 1.758251e+01
9.999999e-01 2.283801e-04 -1.179128e-05 7.796506e+00 -2.283804e-04 9.999999e-01 -3.591159e-04 -8.106311e-01 1.180919e-05 3.591148e-04 9.999999e-01 1.771029e+01
9.999998e-01 -2.632347e-04 3.918151e-04 7.817000e+00 2.631188e-04 9.999999e-01 3.057600e-04 -8.174053e-01 -3.917956e-04 -3.056607e-04 9.999998e-01 1.785461e+01
9.999998e-01 2.417918e-04 -4.709554e-04 7.830123e+00 -2.419507e-04 9.999999e-01 -3.456140e-04 -8.231374e-01 4.709717e-04 3.457241e-04 9.999998e-01 1.795948e+01
9.999997e-01 -2.763060e-04 6.077788e-04 7.836065e+00 2.761241e-04 9.999999e-01 3.056344e-04 -8.283741e-01 -6.077633e-04 -3.054703e-04 9.999997e-01 1.804803e+01
9.999993e-01 2.530316e-04 -1.150359e-03 7.859516e+00 -2.534098e-04 9.999999e-01 -3.320160e-04 -8.348979e-01 1.150375e-03 3.323034e-04 9.999992e-01 1.817194e+01
9.999993e-01 -2.877402e-04 1.144284e-03 7.903315e+00 2.873994e-04 9.999999e-01 3.013596e-04 -8.427728e-01 -1.144271e-03 -3.010344e-04 9.999993e-01 1.833772e+01
9.999979e-01 2.569912e-04 -2.022315e-03 7.949274e+00 -2.575789e-04 9.999999e-01 -2.922579e-04 -8.513331e-01 2.022339e-03 2.927743e-04 9.999979e-01 1.852902e+01
9.999988e-01 -2.851232e-04 1.518340e-03 7.967400e+00 2.847170e-04 9.999999e-01 2.702841e-04 -8.581117e-01 -1.518317e-03 -2.698553e-04 9.999988e-01 1.867233e+01
9.999988e-01 2.172754e-04 1.509749e-03 8.004877e+00 -2.166545e-04 9.999999e-01 -4.088714e-04 -8.656873e-01 -1.509738e-03 4.085400e-04 9.999987e-01 1.884748e+01
9.999787e-01 -3.941716e-04 6.508429e-03 8.108658e+00 3.935045e-04 9.999999e-01 1.043943e-04 -8.756482e-01 -6.508370e-03 -1.018348e-04 9.999788e-01 1.911002e+01
9.999999e-01 2.528156e-04 -2.101262e-04 8.223691e+00 -2.528916e-04 9.999999e-01 -3.801967e-04 -8.854064e-01 2.101300e-04 3.802460e-04 9.999999e-01 1.934370e+01
9.999896e-01 -3.228011e-04 4.540326e-03 8.299353e+00 3.220597e-04 9.999999e-01 1.648838e-04 -8.937750e-01 -4.540279e-03 -1.634237e-04 9.999896e-01 1.952945e+01
9.999998e-01 2.518370e-04 -4.050402e-04 8.358746e+00 -2.519745e-04 9.999999e-01 -3.492229e-04 -9.022745e-01 4.050521e-04 3.493211e-04 9.999998e-01 1.973092e+01
9.999845e-01 -3.238602e-04 5.549691e-03 8.411589e+00 3.231596e-04 9.999999e-01 1.278601e-04 -9.102490e-01 -5.549632e-03 -1.260685e-04 9.999845e-01 1.991793e+01
9.999916e-01 1.842452e-04 4.088774e-03 8.463783e+00 -1.821987e-04 9.999999e-01 -4.998921e-04 -9.172584e-01 -4.088765e-03 4.991391e-04 9.999915e-01 2.008293e+01
9.999830e-01 -3.550686e-04 5.803948e-03 8.520250e+00 3.542474e-04 9.999999e-01 1.432314e-04 -9.245368e-01 -5.803898e-03 -1.411769e-04 9.999831e-01 2.025657e+01
9.999999e-01 2.724278e-04 -1.499749e-04 8.571234e+00 -2.724810e-04 9.999999e-01 -3.828899e-04 -9.324476e-01 1.499703e-04 3.829269e-04 9.999999e-01 2.044541e+01
9.999555e-01 -4.088633e-04 9.415366e-03 8.620917e+00 4.086004e-04 9.999999e-01 3.029067e-05 -9.396265e-01 -9.415278e-03 -2.644613e-05 9.999556e-01 2.061579e+01
9.999862e-01 1.554055e-04 5.247219e-03 8.679243e+00 -1.525248e-04 9.999998e-01 -5.485885e-04 -9.465251e-01 -5.247204e-03 5.477767e-04 9.999860e-01 2.079310e+01
9.998527e-01 -5.124792e-04 1.715157e-02 8.741206e+00 5.160604e-04 9.999998e-01 -2.041177e-04 -9.519629e-01 -1.715136e-02 2.129349e-04 9.998528e-01 2.093851e+01
9.999670e-01 6.872004e-05 8.116087e-03 8.800232e+00 -6.374682e-05 9.999998e-01 -6.124732e-04 -9.566723e-01 -8.116028e-03 6.119317e-04 9.999668e-01 2.106080e+01
9.999221e-01 -4.245502e-04 1.246637e-02 8.858912e+00 4.254263e-04 9.999999e-01 -6.726053e-05 -9.623478e-01 -1.246624e-02 7.255487e-05 9.999222e-01 2.120682e+01
9.999467e-01 4.369908e-05 1.032182e-02 8.921195e+00 -3.646155e-05 9.999998e-01 -7.009267e-04 -9.677066e-01 -1.032175e-02 7.005091e-04 9.999464e-01 2.134864e+01
9.999607e-01 -3.697691e-04 8.853488e-03 8.981802e+00 3.692774e-04 9.999999e-01 5.770538e-05 -9.738106e-01 -8.853410e-03 -5.443765e-05 9.999608e-01 2.150689e+01
9.999967e-01 1.598395e-04 2.559826e-03 9.029706e+00 -1.587025e-04 9.999999e-01 -4.424760e-04 -9.808797e-01 -2.559799e-03 4.420644e-04 9.999966e-01 2.168085e+01
9.999708e-01 -2.842578e-04 7.624753e-03 9.073276e+00 2.838563e-04 1.000000e+00 5.437807e-05 -9.872863e-01 -7.624671e-03 -5.221608e-05 9.999709e-01 2.182827e+01
9.999666e-01 4.119687e-06 8.169763e-03 9.129041e+00 6.964691e-07 9.999998e-01 -5.889084e-04 -9.937024e-01 -8.169667e-03 5.888905e-04 9.999664e-01 2.198727e+01
9.999999e-01 -1.195727e-04 -1.188034e-04 9.173477e+00 1.196097e-04 1.000000e+00 2.695336e-04 -1.001376e+00 1.188682e-04 -2.695517e-04 9.999999e-01 2.217958e+01
9.999738e-01 1.153663e-05 7.226252e-03 9.210132e+00 -7.590164e-06 9.999999e-01 -5.454688e-04 -1.008716e+00 -7.226161e-03 5.453958e-04 9.999737e-01 2.235920e+01
9.999910e-01 -1.553592e-04 4.219575e-03 9.252345e+00 1.548915e-04 1.000000e+00 1.123498e-04 -1.015053e+00 -4.219496e-03 -1.116992e-04 9.999911e-01 2.250839e+01
9.999736e-01 -8.357462e-06 7.259196e-03 9.296894e+00 1.225175e-05 9.999999e-01 -5.357195e-04 -1.021495e+00 -7.259094e-03 5.357905e-04 9.999735e-01 2.265683e+01
9.999980e-01 -1.119809e-04 1.952062e-03 9.339923e+00 1.116414e-04 1.000000e+00 1.766737e-04 -1.028290e+00 -1.951986e-03 -1.764593e-04 9.999980e-01 2.281540e+01
9.999573e-01 -5.703703e-05 9.233317e-03 9.388108e+00 6.244775e-05 9.999998e-01 -5.851537e-04 -1.034723e+00 -9.233186e-03 5.857015e-04 9.999572e-01 2.296138e+01
9.999895e-01 1.750622e-05 -4.570524e-03 9.435753e+00 -1.563943e-05 9.999999e-01 4.073263e-04 -1.041868e+00 4.570627e-03 -4.072544e-04 9.999894e-01 2.311355e+01
9.998380e-01 -2.551033e-04 1.799147e-02 9.492396e+00 2.707106e-04 9.999996e-01 -8.647608e-04 -1.048762e+00 -1.799115e-02 8.694874e-04 9.998377e-01 2.328276e+01
9.999272e-01 1.783794e-04 -1.206181e-02 9.532936e+00 -1.707567e-04 9.999998e-01 6.325550e-04 -1.056039e+00 1.206201e-02 -6.304531e-04 9.999270e-01 2.344630e+01
9.999571e-01 -1.671225e-04 9.259598e-03 9.549728e+00 1.723431e-04 9.999998e-01 -5.624487e-04 -1.063108e+00 -9.259407e-03 5.640165e-04 9.999569e-01 2.358802e+01
9.999411e-01 1.657361e-04 -1.084322e-02 9.564437e+00 -1.594204e-04 9.999998e-01 5.828298e-04 -1.070393e+00 1.084341e-02 -5.810707e-04 9.999410e-01 2.374283e+01
9.999873e-01 -9.766212e-05 5.023579e-03 9.585344e+00 9.962312e-05 9.999999e-01 -3.890626e-04 -1.077746e+00 -5.023445e-03 3.895543e-04 9.999873e-01 2.388605e+01
9.999857e-01 6.784456e-05 -5.337462e-03 9.616714e+00 -6.584014e-05 9.999999e-01 3.747168e-04 -1.085748e+00 5.337583e-03 -3.743639e-04 9.999857e-01 2.406531e+01
9.999394e-01 -1.364168e-04 1.100101e-02 9.650790e+00 1.432136e-04 9.999998e-01 -6.165681e-04 -1.092660e+00 -1.100082e-02 6.181024e-04 9.999393e-01 2.422475e+01
9.999584e-01 9.889856e-05 -9.111153e-03 9.661440e+00 -9.420896e-05 9.999999e-01 5.145486e-04 -1.098853e+00 9.111298e-03 -5.136727e-04 9.999583e-01 2.435669e+01
9.999257e-01 -1.427552e-04 1.218171e-02 9.680531e+00 1.507510e-04 9.999998e-01 -6.550244e-04 -1.105541e+00 -1.218152e-02 6.568083e-04 9.999256e-01 2.450564e+01
9.999606e-01 8.683429e-05 -8.867345e-03 9.691083e+00 -8.235431e-05 9.999999e-01 5.049773e-04 -1.111641e+00 8.867483e-03 -5.042310e-04 9.999605e-01 2.464304e+01
9.998755e-01 -3.247124e-04 1.577482e-02 9.749994e+00 3.361788e-04 9.999997e-01 -7.238980e-04 -1.122958e+00 -1.577448e-02 7.291071e-04 9.998753e-01 2.499586e+01
9.999108e-01 2.107115e-04 -1.334881e-02 9.793026e+00 -2.024391e-04 9.999998e-01 6.206475e-04 -1.133371e+00 1.334903e-02 -6.178937e-04 9.999107e-01 2.528758e+01
9.998901e-01 -2.399464e-04 1.481760e-02 9.778514e+00 2.502513e-04 9.999997e-01 -6.932370e-04 -1.136763e+00 -1.481734e-02 6.968650e-04 9.998899e-01 2.531683e+01
9.999178e-01 1.795343e-04 -1.281303e-02 9.773971e+00 -1.719821e-04 9.999998e-01 5.900921e-04 -1.142348e+00 1.281323e-02 -5.878439e-04 9.999177e-01 2.544651e+01
9.998184e-01 -2.454505e-04 1.905091e-02 9.796750e+00 2.615143e-04 9.999996e-01 -8.404360e-04 -1.149040e+00 -1.905061e-02 8.452616e-04 9.998181e-01 2.560516e+01
9.999419e-01 1.332675e-04 -1.077064e-02 9.845623e+00 -1.277066e-04 9.999999e-01 5.164778e-04 -1.157433e+00 1.077081e-02 -5.150762e-04 9.999418e-01 2.582687e+01
9.998912e-01 -2.164579e-04 1.474314e-02 9.879517e+00 2.265431e-04 9.999997e-01 -6.820204e-04 -1.165542e+00 -1.474289e-02 6.852823e-04 9.998910e-01 2.603769e+01
9.999334e-01 1.294067e-04 -1.153769e-02 9.915890e+00 -1.230721e-04 9.999998e-01 5.492561e-04 -1.174149e+00 1.153785e-02 -5.478034e-04 9.999333e-01 2.626514e+01
9.998378e-01 -2.202638e-04 1.800286e-02 9.962104e+00 2.348800e-04 9.999996e-01 -8.094681e-04 -1.182447e+00 -1.800258e-02 8.135615e-04 9.998376e-01 2.647863e+01
9.999102e-01 1.311560e-04 -1.339792e-02 1.000076e+01 -1.227930e-04 9.999998e-01 6.245958e-04 -1.190768e+00 1.339810e-02 -6.228984e-04 9.999100e-01 2.669581e+01
9.999100e-01 -1.663705e-04 1.341274e-02 1.002504e+01 1.751209e-04 9.999998e-01 -6.508083e-04 -1.198919e+00 -1.341253e-02 6.530947e-04 9.999098e-01 2.689187e+01
9.998564e-01 1.754319e-04 -1.694102e-02 1.003825e+01 -1.627459e-04 9.999997e-01 7.498789e-04 -1.206598e+00 1.694124e-02 -7.470180e-04 9.998562e-01 2.706176e+01
9.998414e-01 -2.188163e-04 1.780459e-02 1.007183e+01 2.330226e-04 9.999997e-01 -7.955149e-04 -1.215052e+00 -1.780432e-02 7.995337e-04 9.998411e-01 2.726633e+01
9.998503e-01 1.862015e-04 -1.729827e-02 1.009250e+01 -1.732979e-04 9.999997e-01 7.471158e-04 -1.222224e+00 1.729850e-02 -7.440101e-04 9.998501e-01 2.743118e+01
9.998433e-01 -2.306780e-04 1.769558e-02 1.009982e+01 2.448355e-04 9.999997e-01 -7.975874e-04 -1.228640e+00 -1.769530e-02 8.017911e-04 9.998431e-01 2.757811e+01
9.999481e-01 -6.062037e-05 -1.017869e-02 1.016613e+01 6.648452e-05 9.999998e-01 5.752229e-04 -1.240901e+00 1.017874e-02 -5.758737e-04 9.999480e-01 2.797279e+01
9.998873e-01 -1.386248e-04 1.500795e-02 1.023002e+01 1.494220e-04 9.999997e-01 -7.179378e-04 -1.252909e+00 -1.500775e-02 7.200955e-04 9.998871e-01 2.833516e+01
9.999059e-01 8.265766e-05 -1.371279e-02 1.027694e+01 -7.386303e-05 9.999998e-01 6.414308e-04 -1.261609e+00 1.371293e-02 -6.403614e-04 9.999057e-01 2.854552e+01
9.999238e-01 -8.463678e-05 1.234048e-02 1.032695e+01 9.241291e-05 9.999998e-01 -6.291051e-04 -1.269794e+00 -1.234033e-02 6.301937e-04 9.999236e-01 2.871209e+01
9.999184e-01 7.810977e-05 -1.276954e-02 1.040650e+01 -6.996276e-05 9.999998e-01 6.379979e-04 -1.278488e+00 1.276968e-02 -6.370563e-04 9.999182e-01 2.888750e+01
9.998865e-01 -1.420285e-04 1.505797e-02 1.047295e+01 1.534538e-04 9.999997e-01 -7.572240e-04 -1.287428e+00 -1.505777e-02 7.594449e-04 9.998863e-01 2.909492e+01
9.998748e-01 1.447842e-04 -1.582015e-02 1.052759e+01 -1.332484e-04 9.999997e-01 7.298668e-04 -1.294942e+00 1.582034e-02 -7.276712e-04 9.998746e-01 2.923149e+01
9.998704e-01 -1.446380e-04 1.609579e-02 1.063575e+01 1.575476e-04 9.999997e-01 -8.004282e-04 -1.301763e+00 -1.609557e-02 8.028564e-04 9.998701e-01 2.930587e+01
9.998518e-01 1.875321e-04 -1.720796e-02 1.078791e+01 -1.736344e-04 9.999997e-01 8.087887e-04 -1.305080e+00 1.720820e-02 -8.056848e-04 9.998516e-01 2.919363e+01
9.998753e-01 -1.475547e-04 1.578675e-02 1.097852e+01 1.599748e-04 9.999997e-01 -7.851229e-04 -1.306375e+00 -1.578653e-02 7.875466e-04 9.998750e-01 2.897157e+01
9.998597e-01 1.873878e-04 -1.674304e-02 1.120054e+01 -1.743489e-04 9.999997e-01 7.798775e-04 -1.305506e+00 1.674327e-02 -7.768528e-04 9.998595e-01 2.863448e+01
9.998884e-01 -8.967942e-05 1.493690e-02 1.143289e+01 1.006331e-04 9.999997e-01 -7.322058e-04 -1.301177e+00 -1.493674e-02 7.336234e-04 9.998881e-01 2.813370e+01
9.998433e-01 1.968334e-04 -1.769867e-02 1.164961e+01 -1.823247e-04 9.999996e-01 8.210517e-04 -1.296299e+00 1.769891e-02 -8.177000e-04 9.998430e-01 2.761965e+01
9.999022e-01 -1.118860e-04 1.398152e-02 1.187049e+01 1.215783e-04 9.999998e-01 -6.919755e-04 -1.293312e+00 -1.398135e-02 6.936038e-04 9.999020e-01 2.718821e+01
9.998456e-01 1.167713e-04 -1.756700e-02 1.203308e+01 -1.028972e-04 9.999997e-01 7.903585e-04 -1.300631e+00 1.756718e-02 -7.884328e-04 9.998453e-01 2.724969e+01
9.998462e-01 -1.191365e-04 1.753209e-02 1.222829e+01 1.340442e-04 9.999996e-01 -8.488152e-04 -1.302382e+00 -1.753189e-02 8.510309e-04 9.998459e-01 2.704823e+01
9.998376e-01 1.456438e-04 -1.801893e-02 1.242044e+01 -1.309444e-04 9.999997e-01 8.166342e-04 -1.303318e+00 1.801914e-02 -8.141460e-04 9.998373e-01 2.680886e+01
9.998465e-01 -1.299259e-04 1.751814e-02 1.260937e+01 1.447409e-04 9.999996e-01 -8.441117e-04 -1.306086e+00 -1.751793e-02 8.465137e-04 9.998462e-01 2.665930e+01
9.998287e-01 1.623363e-04 -1.850459e-02 1.280672e+01 -1.466030e-04 9.999996e-01 8.512831e-04 -1.309444e+00 1.850481e-02 -8.484284e-04 9.998284e-01 2.653201e+01
9.998535e-01 -7.916893e-05 1.711167e-02 1.297425e+01 9.286309e-05 9.999997e-01 -7.991637e-04 -1.315490e+00 -1.711150e-02 8.006317e-04 9.998532e-01 2.653934e+01
9.998715e-01 5.524020e-05 -1.602919e-02 1.310437e+01 -4.419556e-05 9.999998e-01 6.890303e-04 -1.321518e+00 1.602931e-02 -6.882373e-04 9.998713e-01 2.656844e+01
9.999553e-01 1.228465e-04 9.444510e-03 1.328343e+01 -1.187464e-04 9.999999e-01 -4.340912e-04 -1.324388e+00 -9.444468e-03 4.329464e-04 9.999553e-01 2.642724e+01
9.998404e-01 1.159728e-04 -1.786067e-02 1.351417e+01 -1.005470e-04 9.999996e-01 8.642539e-04 -1.327991e+00 1.786086e-02 -8.623241e-04 9.998401e-01 2.630739e+01
9.998904e-01 -2.618916e-05 1.480009e-02 1.379649e+01 3.656501e-05 9.999998e-01 -7.004262e-04 -1.329727e+00 -1.479997e-02 7.008867e-04 9.998902e-01 2.607538e+01
9.998331e-01 1.541655e-04 -1.826271e-02 1.409879e+01 -1.380797e-04 9.999996e-01 8.817530e-04 -1.332177e+00 1.826294e-02 -8.790880e-04 9.998328e-01 2.586797e+01
9.998825e-01 -3.470127e-05 1.532590e-02 1.442822e+01 4.516023e-05 9.999998e-01 -6.817361e-04 -1.337485e+00 -1.532578e-02 6.823442e-04 9.998823e-01 2.577508e+01
9.999163e-01 -1.262432e-05 -1.292902e-02 1.469192e+01 2.122725e-05 9.999998e-01 6.648288e-04 -1.347761e+00 1.292911e-02 -6.650516e-04 9.999162e-01 2.596096e+01
9.998541e-01 -9.922804e-05 1.707551e-02 1.500119e+01 1.114688e-04 9.999997e-01 -7.155932e-04 -1.358662e+00 -1.707534e-02 7.173883e-04 9.998539e-01 2.615636e+01
9.999042e-01 4.940981e-05 -1.384026e-02 1.538333e+01 -3.938564e-05 9.999997e-01 7.241432e-04 -1.369241e+00 1.384038e-02 -7.235326e-04 9.999039e-01 2.630762e+01
9.998294e-01 -1.802769e-04 1.846871e-02 1.567708e+01 1.950484e-04 9.999997e-01 -7.977154e-04 -1.380897e+00 -1.846846e-02 8.011777e-04 9.998291e-01 2.654814e+01
9.998778e-01 6.915171e-05 -1.563075e-02 1.599726e+01 -5.653755e-05 9.999997e-01 8.070881e-04 -1.392932e+00 1.563090e-02 -8.061096e-04 9.998775e-01 2.678291e+01
9.997488e-01 -2.023611e-04 2.241018e-02 1.639818e+01 2.221815e-04 9.999996e-01 -8.817031e-04 -1.404645e+00 -2.240990e-02 8.864568e-04 9.997484e-01 2.699394e+01
9.997916e-01 1.822691e-04 -2.041017e-02 1.677723e+01 -1.611475e-04 9.999995e-01 1.036216e-03 -1.417360e+00 2.041044e-02 -1.032714e-03 9.997911e-01 2.724342e+01
9.997396e-01 -3.165590e-04 2.281506e-02 1.702186e+01 3.399629e-04 9.999994e-01 -1.021696e-03 -1.430185e+00 -2.281463e-02 1.029182e-03 9.997391e-01 2.754568e+01
9.997489e-01 2.308496e-04 -2.240399e-02 1.727363e+01 -2.041721e-04 9.999993e-01 1.192771e-03 -1.443609e+00 2.240434e-02 -1.187901e-03 9.997483e-01 2.786286e+01
9.998500e-01 -1.821345e-04 1.731762e-02 1.750290e+01 1.957627e-04 9.999997e-01 -7.849436e-04 -1.456988e+00 -1.731738e-02 7.882121e-04 9.998497e-01 2.817426e+01
9.998880e-01 1.138409e-04 -1.496113e-02 1.768430e+01 -1.025339e-04 9.999997e-01 7.561427e-04 -1.467894e+00 1.496130e-02 -7.545279e-04 9.998878e-01 2.841937e+01
9.996178e-01 -2.873292e-04 2.764033e-02 1.789690e+01 3.202566e-04 9.999992e-01 -1.186662e-03 -1.476872e+00 -2.763987e-02 1.195057e-03 9.996172e-01 2.860980e+01
9.998415e-01 1.465583e-04 -1.780105e-02 1.816286e+01 -1.305556e-04 9.999996e-01 8.998106e-04 -1.486256e+00 1.780127e-02 -8.973478e-04 9.998411e-01 2.878230e+01
9.997220e-01 -2.278652e-04 2.357609e-02 1.849656e+01 2.510757e-04 9.999995e-01 -9.813005e-04 -1.496493e+00 -2.357576e-02 9.869432e-04 9.997215e-01 2.894906e+01
9.998722e-01 1.201790e-04 -1.597952e-02 1.879244e+01 -1.076065e-04 9.999997e-01 7.872781e-04 -1.506441e+00 1.597970e-02 -7.854618e-04 9.998720e-01 2.912915e+01
9.991108e-01 -7.757162e-04 4.215254e-02 1.910907e+01 8.429714e-04 9.999984e-01 -1.577632e-03 -1.522013e+00 -4.215116e-02 1.611759e-03 9.991099e-01 2.963315e+01
9.998268e-01 1.348810e-04 -1.860498e-02 1.943114e+01 -1.176595e-04 9.999996e-01 9.264047e-04 -1.540210e+00 1.860518e-02 -9.240590e-04 9.998265e-01 3.021913e+01
9.988463e-01 -7.632845e-04 4.801401e-02 1.969344e+01 8.537889e-04 9.999979e-01 -1.864354e-03 -1.556042e+00 -4.801240e-02 1.903193e-03 9.988449e-01 3.077046e+01
9.994655e-01 2.988024e-04 -3.268639e-02 1.996107e+01 -2.508176e-04 9.999989e-01 1.471931e-03 -1.572592e+00 3.268689e-02 -1.462950e-03 9.994645e-01 3.127545e+01
9.993730e-01 -4.072006e-04 3.540109e-02 2.027050e+01 4.575083e-04 9.999989e-01 -1.412814e-03 -1.586614e+00 -3.540039e-02 1.428121e-03 9.993722e-01 3.160550e+01
9.997032e-01 1.683363e-04 -2.436024e-02 2.059798e+01 -1.408369e-04 9.999994e-01 1.130309e-03 -1.598567e+00 2.436050e-02 -1.126547e-03 9.997026e-01 3.186831e+01
9.992268e-01 -5.909904e-04 3.931164e-02 2.094496e+01 6.509879e-04 9.999986e-01 -1.513258e-03 -1.613390e+00 -3.931061e-02 1.537675e-03 9.992258e-01 3.227012e+01
9.997642e-01 1.811236e-04 -2.171266e-02 2.127104e+01 -1.593408e-04 9.999995e-01 1.004654e-03 -1.627806e+00 2.171292e-02 -1.000961e-03 9.997637e-01 3.267073e+01
9.994748e-01 -3.814451e-04 3.239988e-02 2.169702e+01 4.193739e-04 9.999992e-01 -1.163662e-03 -1.640303e+00 -3.239932e-02 1.176635e-03 9.994743e-01 3.292107e+01
9.997159e-01 3.549165e-04 -2.383073e-02 2.222293e+01 -3.277741e-04 9.999993e-01 1.142586e-03 -1.651439e+00 2.383121e-02 -1.134454e-03 9.997153e-01 3.307212e+01
9.994944e-01 -4.399409e-04 3.179146e-02 2.265976e+01 4.781348e-04 9.999992e-01 -1.193594e-03 -1.663049e+00 -3.179083e-02 1.208187e-03 9.994938e-01 3.327567e+01
9.997212e-01 3.202612e-04 -2.360561e-02 2.305750e+01 -2.944104e-04 9.999994e-01 1.098300e-03 -1.674877e+00 2.360603e-02 -1.091048e-03 9.997207e-01 3.350232e+01
9.996800e-01 -3.795504e-04 2.528866e-02 2.346686e+01 4.060615e-04 9.999994e-01 -1.042955e-03 -1.686282e+00 -2.528817e-02 1.052886e-03 9.996796e-01 3.365613e+01
9.996155e-01 2.890302e-04 -2.772549e-02 2.389198e+01 -2.545573e-04 9.999992e-01 1.246642e-03 -1.699097e+00 2.772591e-02 -1.239109e-03 9.996148e-01 3.384036e+01
9.997444e-01 -3.920723e-04 2.259940e-02 2.430618e+01 4.108980e-04 9.999996e-01 -8.280911e-04 -1.714879e+00 -2.259898e-02 8.371619e-04 9.997442e-01 3.415684e+01
9.995862e-01 2.363005e-04 -2.876099e-02 2.471321e+01 -1.977693e-04 9.999991e-01 1.342309e-03 -1.732721e+00 2.876137e-02 -1.336069e-03 9.995854e-01 3.456322e+01
9.997929e-01 -3.746907e-04 2.034567e-02 2.510853e+01 3.889513e-04 9.999997e-01 -6.966420e-04 -1.751706e+00 -2.034532e-02 7.044075e-04 9.997927e-01 3.501518e+01
9.995528e-01 2.414261e-04 -2.990117e-02 2.553431e+01 -1.982769e-04 9.999989e-01 1.445793e-03 -1.771264e+00 2.990157e-02 -1.439222e-03 9.995518e-01 3.548406e+01
9.997292e-01 -3.687063e-04 2.326573e-02 2.585584e+01 3.921917e-04 9.999994e-01 -1.004614e-03 -1.788352e+00 -2.326526e-02 1.013463e-03 9.997288e-01 3.587179e+01
9.995949e-01 2.805379e-04 -2.845552e-02 2.613417e+01 -2.401331e-04 9.999990e-01 1.423104e-03 -1.803529e+00 2.845597e-02 -1.415698e-03 9.995940e-01 3.622702e+01
