1.000000e+00 -4.728319e-05 -2.374872e-04 -6.044175e-02 4.728240e-05 1.000000e+00 -3.402030e-06 -4.907786e-03 2.374874e-04 3.391279e-06 9.999999e-01 2.332433e-01
9.999695e-01 2.061447e-04 -7.804824e-03 -1.203470e-02 -2.035252e-04 9.999999e-01 3.364151e-04 -2.408258e-02 7.804892e-03 -3.348158e-04 9.999694e-01 8.918154e-01
9.999976e-01 1.524793e-05 -2.192277e-03 6.276027e-02 -1.504725e-05 1.000000e+00 9.154522e-05 -4.333051e-02 2.192277e-03 -9.151146e-05 9.999975e-01 1.504717e+00
9.999884e-01 1.286712e-04 -4.823202e-03 3.698305e-01 -1.278328e-04 1.000000e+00 1.741181e-04 -6.615348e-02 4.823222e-03 -1.734989e-04 9.999883e-01 1.933629e+00
9.997987e-01 5.061478e-04 -2.005627e-02 4.530928e-01 -4.895149e-04 9.999995e-01 8.342077e-04 -8.460323e-02 2.005668e-02 -8.242213e-04 9.997984e-01 2.500828e+00
1.000000e+00 1.426984e-05 -1.334838e-04 4.441509e-01 -1.427446e-05 1.000000e+00 -3.495467e-05 -8.970120e-02 1.334763e-04 3.495733e-05 9.999999e-01 2.699746e+00
9.998823e-01 3.778138e-04 -1.533807e-02 3.784238e-01 -3.686407e-04 9.999998e-01 6.008796e-04 -8.294984e-02 1.533828e-02 -5.951538e-04 9.998821e-01 2.498606e+00
9.998916e-01 -4.082938e-04 1.471798e-02 2.943916e-01 4.169828e-04 9.999997e-01 -5.872965e-04 -8.794172e-02 -1.471774e-02 5.933708e-04 9.998914e-01 2.775588e+00
9.996442e-01 6.881516e-04 -2.666579e-02 2.842311e-01 -6.589790e-04 9.999992e-01 1.102780e-03 -1.047507e-01 2.666652e-02 -1.084815e-03 9.996437e-01 3.405789e+00
9.999597e-01 -2.436381e-04 8.973920e-03 2.762147e-01 2.473208e-04 9.999999e-01 -4.092554e-04 -1.171386e-01 -8.973831e-03 4.114593e-04 9.999596e-01 3.871222e+00
9.999516e-01 2.180232e-04 -9.837290e-03 3.397725e-01 -2.136948e-04 9.999999e-01 4.410378e-04 -1.295405e-01 9.837373e-03 -4.389134e-04 9.999514e-01 4.236077e+00
9.999505e-01 -2.648640e-04 9.951005e-03 2.672029e-01 2.694458e-04 9.999999e-01 -4.590902e-04 -1.338270e-01 -9.950894e-03 4.617496e-04 9.999503e-01 4.464559e+00
9.998838e-01 3.569076e-04 -1.523787e-02 2.077080e-01 -3.468663e-04 9.999997e-01 6.616083e-04 -1.460398e-01 1.523809e-02 -6.562450e-04 9.998836e-01 4.983677e+00
9.999452e-01 -2.786852e-04 1.046764e-02 1.586338e-01 2.830735e-04 9.999999e-01 -4.177379e-04 -1.661292e-01 -1.046753e-02 4.206791e-04 9.999450e-01 5.820387e+00
9.997383e-01 5.636211e-04 -2.286742e-02 1.887954e-01 -5.426668e-04 9.999994e-01 9.225338e-04 -1.803776e-01 2.286791e-02 -9.098820e-04 9.997380e-01 6.283621e+00
9.999935e-01 -6.195361e-05 3.611059e-03 4.006605e-01 6.271881e-05 1.000000e+00 -2.117629e-04 -1.838394e-01 -3.611062e-03 2.119891e-04 9.999934e-01 6.111048e+00
9.999179e-01 2.503036e-04 -1.281479e-02 5.619427e-01 -2.437448e-04 9.999998e-01 5.133726e-04 -1.789721e-01 1.281490e-02 -5.102058e-04 9.999177e-01 5.664089e+00
9.999877e-01 1.825740e-04 -4.964575e-03 7.161153e-01 -1.819225e-04 1.000000e+00 1.316611e-04 -1.761246e-01 4.964580e-03 -1.307551e-04 9.999876e-01 5.311190e+00
9.997925e-01 4.513237e-04 -2.036339e-02 9.257538e-01 -4.347817e-04 9.999996e-01 8.167508e-04 -1.793671e-01 2.036373e-02 -8.077265e-04 9.997922e-01 5.114065e+00
9.999203e-01 4.138295e-04 -1.261998e-02 9.824050e-01 -4.083778e-04 9.999998e-01 4.345450e-04 -1.809334e-01 1.262014e-02 -4.293553e-04 9.999202e-01 5.066174e+00
9.999724e-01 -3.225401e-04 7.419737e-03 1.008012e+00 3.246478e-04 9.999999e-01 -2.828321e-04 -1.818306e-01 -7.419669e-03 2.852345e-04 9.999723e-01 5.028685e+00
9.999060e-01 4.443033e-04 -1.370347e-02 9.038771e-01 -4.378605e-04 9.999998e-01 4.731371e-04 -1.755195e-01 1.370365e-02 -4.670910e-04 9.999059e-01 4.874647e+00
9.999666e-01 -3.424090e-04 8.164370e-03 8.555730e-01 3.449011e-04 9.999999e-01 -3.037994e-04 -1.769690e-01 -8.164291e-03 3.066066e-04 9.999665e-01 4.956192e+00
9.996560e-01 7.827650e-04 -2.621434e-02 1.008376e+00 -7.572230e-04 9.999992e-01 9.842567e-04 -1.901735e-01 2.621506e-02 -9.640666e-04 9.996558e-01 5.203261e+00
9.999996e-01 -9.059328e-05 -8.312161e-04 1.188429e+00 9.062041e-05 1.000000e+00 3.229029e-05 -1.999118e-01 8.311831e-04 -3.236405e-05 9.999996e-01 5.291495e+00
9.999022e-01 4.398221e-04 -1.398117e-02 1.235419e+00 -4.326833e-04 9.999998e-01 5.136053e-04 -2.158600e-01 1.398136e-02 -5.075041e-04 9.999020e-01 5.812262e+00
9.999110e-01 -4.798137e-04 1.333409e-02 1.277159e+00 4.857410e-04 9.999998e-01 -4.412659e-04 -2.361030e-01 -1.333391e-02 4.477052e-04 9.999109e-01 6.517492e+00
9.999068e-01 4.674538e-04 -1.364481e-02 1.654640e+00 -4.615400e-04 9.999998e-01 4.365343e-04 -2.590860e-01 1.364498e-02 -4.301944e-04 9.999067e-01 6.845192e+00
9.999090e-01 -4.946978e-04 1.347859e-02 1.752568e+00 5.012810e-04 9.999998e-01 -4.850217e-04 -2.493572e-01 -1.347837e-02 4.917358e-04 9.999089e-01 6.282682e+00
9.999140e-01 4.509615e-04 -1.311038e-02 1.302692e+00 -4.458431e-04 9.999998e-01 3.933123e-04 -2.162220e-01 1.311052e-02 -3.874317e-04 9.999139e-01 5.498269e+00
9.999076e-01 -4.923010e-04 1.358638e-02 6.947360e-01 4.990393e-04 9.999998e-01 -4.925533e-04 -1.682516e-01 -1.358616e-02 4.992895e-04 9.999075e-01 4.335514e+00
9.999093e-01 4.571677e-04 -1.346395e-02 1.747156e-01 -4.516164e-04 9.999998e-01 4.153234e-04 -1.214045e-01 1.346410e-02 -4.092036e-04 9.999092e-01 3.107645e+00
9.999071e-01 -4.931770e-04 1.361917e-02 -2.780655e-01 4.999556e-04 9.999998e-01 -4.942991e-04 -8.197498e-02 -1.361895e-02 5.010637e-04 9.999070e-01 2.082180e+00
9.999034e-01 4.622355e-04 -1.388821e-02 -6.613993e-01 -4.562209e-04 9.999998e-01 4.362172e-04 -4.509994e-02 1.388837e-02 -4.298375e-04 9.999034e-01 1.071641e+00
9.999058e-01 -4.875565e-04 1.371480e-02 -1.234375e+00 4.944954e-04 9.999998e-01 -5.025351e-04 9.058781e-03 -1.371458e-02 5.092712e-04 9.999057e-01 -3.746292e-01
9.999059e-01 4.555841e-04 -1.370704e-02 -1.775390e+00 -4.497046e-04 9.999998e-01 4.320046e-04 6.100298e-02 1.370720e-02 -4.257983e-04 9.999059e-01 -1.773971e+00
9.999048e-01 -4.849800e-04 1.378754e-02 -2.401282e+00 4.920904e-04 9.999997e-01 -5.123001e-04 1.164579e-01 -1.378732e-02 5.190376e-04 9.999047e-01 -3.208148e+00
9.998961e-01 4.707496e-04 -1.441050e-02 -2.929505e+00 -4.641665e-04 9.999998e-01 4.601505e-04 1.606686e-01 1.441068e-02 -4.534123e-04 9.998960e-01 -4.327828e+00
9.999401e-01 -4.058117e-04 1.093486e-02 -3.391616e+00 4.102867e-04 9.999998e-01 -4.069721e-04 1.933190e-01 -1.093473e-02 4.114357e-04 9.999400e-01 -5.076718e+00
9.999409e-01 3.702143e-04 -1.086459e-02 -3.992852e+00 -3.666930e-04 9.999999e-01 3.260753e-04 2.299340e-01 1.086467e-02 -3.220705e-04 9.999408e-01 -5.794176e+00
9.999364e-01 -4.105745e-04 1.126763e-02 -4.629007e+00 4.152242e-04 9.999998e-01 -4.102981e-04 2.631317e-01 -1.126749e-02 4.149522e-04 9.999363e-01 -6.323553e+00
9.999428e-01 3.604281e-04 -1.069161e-02 -5.309916e+00 -3.568762e-04 9.999999e-01 3.340944e-04 2.923017e-01 1.069170e-02 -3.302582e-04 9.999427e-01 -6.620118e+00
9.999187e-01 -4.444663e-04 1.274673e-02 -6.038227e+00 4.498499e-04 9.999998e-01 -4.194648e-04 3.150761e-01 -1.274658e-02 4.251663e-04 9.999186e-01 -6.584776e+00
9.999380e-01 3.602644e-04 -1.112889e-02 -6.685271e+00 -3.565303e-04 9.999999e-01 3.374932e-04 3.370306e-01 1.112898e-02 -3.335030e-04 9.999379e-01 -6.623511e+00
9.999155e-01 -4.486013e-04 1.298833e-02 -7.292668e+00 4.544401e-04 9.999998e-01 -4.465657e-04 3.672494e-01 -1.298816e-02 4.524319e-04 9.999155e-01 -7.048350e+00
9.999235e-01 3.892265e-04 -1.236106e-02 -7.788423e+00 -3.844105e-04 9.999998e-01 3.919699e-04 3.858796e-01 1.236118e-02 -3.871867e-04 9.999234e-01 -7.147660e+00
9.999440e-01 -3.799719e-04 1.057148e-02 -8.174665e+00 3.840398e-04 9.999999e-01 -3.827470e-04 4.039015e-01 -1.057136e-02 3.867869e-04 9.999439e-01 -7.403526e+00
9.997419e-01 6.752990e-04 -2.270664e-02 -8.510248e+00 -6.575244e-04 9.999995e-01 7.902381e-04 4.315561e-01 2.270713e-02 -7.751025e-04 9.997418e-01 -8.093434e+00
9.999049e-01 -4.616159e-04 1.378497e-02 -8.915449e+00 4.687324e-04 9.999998e-01 -5.129996e-04 4.666331e-01 -1.378476e-02 5.194138e-04 9.999048e-01 -8.991662e+00
9.996177e-01 8.117563e-04 -2.763539e-02 -9.276183e+00 -7.842831e-04 9.999992e-01 1.004947e-03 4.970332e-01 2.763615e-02 -9.828872e-04 9.996175e-01 -9.761194e+00
9.999338e-01 -4.038396e-04 1.149619e-02 -9.562294e+00 4.088244e-04 9.999998e-01 -4.312268e-04 5.225132e-01 -1.149605e-02 4.358998e-04 9.999337e-01 -1.042966e+01
9.993452e-01 1.045791e-03 -3.616631e-02 -9.649833e+00 -9.963264e-04 9.999985e-01 1.385684e-03 5.335818e-01 3.616767e-02 -1.348741e-03 9.993447e-01 -1.079673e+01
9.999832e-01 -2.370080e-04 5.797476e-03 -9.719340e+00 2.383516e-04 9.999999e-01 -2.309879e-04 5.412242e-01 -5.797462e-03 2.323676e-04 9.999831e-01 -1.103574e+01
9.989328e-01 1.327100e-03 -4.616791e-02 -9.804993e+00 -1.244405e-03 9.999976e-01 1.819864e-03 5.448836e-01 4.617017e-02 -1.760468e-03 9.989319e-01 -1.110665e+01
9.999709e-01 1.365327e-04 -7.626895e-03 -9.847844e+00 -1.343637e-04 1.000000e+00 2.848210e-04 5.444158e-01 7.626884e-03 -2.837859e-04 9.999708e-01 -1.105454e+01
9.991630e-01 1.158217e-03 -4.088980e-02 -9.818286e+00 -1.093426e-03 9.999981e-01 1.606861e-03 5.414048e-01 4.089153e-02 -1.560803e-03 9.991623e-01 -1.101720e+01
9.999435e-01 2.142767e-04 -1.062263e-02 -9.830235e+00 -2.102014e-04 9.999999e-01 3.846881e-04 5.409034e-01 1.062266e-02 -3.824312e-04 9.999434e-01 -1.101689e+01
9.991486e-01 1.159440e-03 -4.124030e-02 -9.853429e+00 -1.093064e-03 9.999981e-01 1.631968e-03 5.398850e-01 4.124205e-02 -1.585498e-03 9.991478e-01 -1.098814e+01
9.999033e-01 3.276235e-04 -1.390304e-02 -9.887194e+00 -3.203861e-04 9.999998e-01 5.227171e-04 5.371112e-01 1.390315e-02 -5.182096e-04 9.999031e-01 -1.086419e+01
9.991997e-01 1.115192e-03 -3.998455e-02 -9.881879e+00 -1.052620e-03 9.999982e-01 1.585907e-03 5.319129e-01 3.998618e-02 -1.542546e-03 9.991990e-01 -1.070802e+01
9.999026e-01 3.278617e-04 -1.394846e-02 -9.913474e+00 -3.206458e-04 9.999998e-01 5.194783e-04 5.289420e-01 1.394855e-02 -5.149525e-04 9.999025e-01 -1.058733e+01
9.990695e-01 1.206077e-03 -4.311156e-02 -9.902623e+00 -1.132971e-03 9.999979e-01 1.720103e-03 5.244171e-01 4.311347e-02 -1.669655e-03 9.990687e-01 -1.046106e+01
9.999756e-01 1.532690e-04 -6.978843e-03 -9.910326e+00 -1.516854e-04 1.000000e+00 2.272208e-04 5.245020e-01 6.978796e-03 -2.261538e-04 9.999755e-01 -1.047862e+01
9.990307e-01 1.226716e-03 -4.400124e-02 -9.934679e+00 -1.149687e-03 9.999978e-01 1.775850e-03 5.219202e-01 4.400324e-02 -1.723539e-03 9.990298e-01 -1.037399e+01
9.998899e-01 3.785849e-04 -1.483410e-02 -1.000344e+01 -3.706459e-04 9.999998e-01 5.378173e-04 5.206959e-01 1.483421e-02 -5.322569e-04 9.998897e-01 -1.025504e+01
9.992674e-01 1.057875e-03 -3.825466e-02 -1.005413e+01 -9.998691e-04 9.999983e-01 1.535372e-03 5.199323e-01 3.825613e-02 -1.495995e-03 9.992668e-01 -1.017923e+01
9.999351e-01 2.761617e-04 -1.138571e-02 -1.007060e+01 -2.716576e-04 9.999999e-01 3.969586e-04 5.169485e-01 1.138572e-02 -3.938368e-04 9.999350e-01 -1.007351e+01
9.993480e-01 9.994703e-04 -3.609166e-02 -1.006432e+01 -9.480037e-04 9.999985e-01 1.443024e-03 5.153531e-01 3.609295e-02 -1.407865e-03 9.993474e-01 -1.004833e+01
9.999693e-01 1.822862e-04 -7.835036e-03 -1.006810e+01 -1.802779e-04 1.000000e+00 2.567568e-04 5.164858e-01 7.834988e-03 -2.553333e-04 9.999692e-01 -1.011320e+01
9.992590e-01 1.062826e-03 -3.847453e-02 -1.008500e+01 -1.004185e-03 9.999983e-01 1.543368e-03 5.157073e-01 3.847601e-02 -1.503585e-03 9.992583e-01 -1.008978e+01
9.999729e-01 1.786394e-04 -7.352805e-03 -1.011761e+01 -1.768682e-04 1.000000e+00 2.412089e-04 5.136375e-01 7.352751e-03 -2.398988e-04 9.999729e-01 -9.993361e+00
9.997111e-01 6.657404e-04 -2.402596e-02 -1.017074e+01 -6.420017e-04 9.999993e-01 9.956408e-04 5.056100e-01 2.402651e-02 -9.799253e-04 9.997108e-01 -9.617460e+00
9.999988e-01 7.394832e-07 -1.502328e-03 -1.023667e+01 -7.109262e-07 1.000000e+00 1.727103e-05 4.991287e-01 1.502230e-03 -1.726685e-05 9.999988e-01 -9.305526e+00
9.994536e-01 9.352691e-04 -3.303750e-02 -1.030241e+01 -8.912854e-04 9.999987e-01 1.345950e-03 4.924806e-01 3.303861e-02 -1.315765e-03 9.994532e-01 -8.978636e+00
9.992601e-01 -1.021284e-03 3.844523e-02 -1.033590e+01 1.078128e-03 9.999984e-01 -1.457794e-03 4.793766e-01 -3.844378e-02 1.498168e-03 9.992596e-01 -8.445066e+00
9.998619e-01 5.958647e-04 -1.660810e-02 -1.038991e+01 -5.821563e-04 9.999995e-01 8.300753e-04 4.631566e-01 1.660849e-02 -8.202890e-04 9.998617e-01 -7.724642e+00
9.992980e-01 -1.007939e-03 3.744807e-02 -1.039394e+01 1.061946e-03 9.999984e-01 -1.422261e-03 4.441200e-01 -3.744668e-02 1.461034e-03 9.992975e-01 -6.960918e+00
9.999392e-01 4.950154e-04 -1.101143e-02 -1.037187e+01 -4.883266e-04 9.999997e-01 6.098900e-04 4.284567e-01 1.101163e-02 -6.044727e-04 9.999391e-01 -6.371017e+00
9.994289e-01 -9.417532e-04 3.377663e-02 -1.033945e+01 9.860680e-04 9.999987e-01 -1.295283e-03 4.113399e-01 -3.377546e-02 1.327852e-03 9.994285e-01 -5.740301e+00
9.998462e-01 6.330427e-04 -1.752500e-02 -1.031038e+01 -6.184185e-04 9.999995e-01 8.397492e-04 3.908431e-01 1.752543e-02 -8.287792e-04 9.998460e-01 -4.980752e+00
9.992988e-01 -1.033495e-03 3.742793e-02 -1.034478e+01 1.086858e-03 9.999984e-01 -1.405376e-03 3.742862e-01 -3.742651e-02 1.445072e-03 9.992983e-01 -4.279907e+00
9.995525e-01 8.935351e-04 -2.989727e-02 -1.037080e+01 -8.558452e-04 9.999988e-01 1.273344e-03 3.532250e-01 2.989828e-02 -1.247183e-03 9.995521e-01 -3.415155e+00
9.994063e-01 -9.689486e-04 3.443948e-02 -1.031278e+01 1.015995e-03 9.999986e-01 -1.348522e-03 3.314857e-01 -3.443822e-02 1.382715e-03 9.994058e-01 -2.670864e+00
9.995044e-01 9.302104e-04 -3.146362e-02 -1.022877e+01 -8.890780e-04 9.999987e-01 1.321194e-03 3.097960e-01 3.146471e-02 -1.292562e-03 9.995040e-01 -1.968877e+00
9.988397e-01 -1.216386e-03 4.814305e-02 -1.018364e+01 1.304342e-03 9.999975e-01 -1.795535e-03 2.928836e-01 -4.814084e-02 1.856249e-03 9.988388e-01 -1.378249e+00
9.991287e-01 1.144075e-03 -4.171860e-02 -1.015510e+01 -1.075459e-03 9.999980e-01 1.667098e-03 2.752397e-01 4.172033e-02 -1.620776e-03 9.991279e-01 -7.499321e-01
9.993984e-01 -9.532089e-04 3.466696e-02 -1.017347e+01 1.000857e-03 9.999986e-01 -1.357068e-03 2.600498e-01 -3.466571e-02 1.390952e-03 9.993979e-01 -1.770940e-01
9.983367e-01 1.618403e-03 -5.762899e-02 -1.022284e+01 -1.486661e-03 9.999962e-01 2.328801e-03 2.467226e-01 5.763245e-02 -2.239249e-03 9.983353e-01 3.729207e-01
9.997661e-01 -6.137309e-04 2.161676e-02 -1.031195e+01 6.324533e-04 9.999994e-01 -8.591635e-04 2.381063e-01 -2.161632e-02 8.726374e-04 9.997659e-01 7.813632e-01
9.977048e-01 1.939703e-03 -6.768507e-02 -1.039916e+01 -1.759767e-03 9.999948e-01 2.717915e-03 2.347745e-01 6.768989e-02 -2.592564e-03 9.977030e-01 1.003820e+00
9.996905e-01 -6.965178e-04 2.486810e-02 -1.046869e+01 7.213238e-04 9.999993e-01 -9.884338e-04 2.312504e-01 -2.486749e-02 1.006069e-03 9.996902e-01 1.208728e+00
9.986493e-01 1.464994e-03 -5.193693e-02 -1.052663e+01 -1.359809e-03 9.999970e-01 2.060476e-03 2.233914e-01 5.193969e-02 -1.987065e-03 9.986482e-01 1.560401e+00
9.998012e-01 -5.712246e-04 1.992599e-02 -1.059535e+01 5.870377e-04 9.999995e-01 -7.876046e-04 2.174706e-01 -1.992563e-02 7.991485e-04 9.998011e-01 1.843538e+00
9.986741e-01 1.457125e-03 -5.145685e-02 -1.064087e+01 -1.353065e-03 9.999970e-01 2.056995e-03 2.080635e-01 5.145959e-02 -1.984640e-03 9.986730e-01 2.247955e+00
9.996992e-01 -6.997709e-04 2.451549e-02 -1.067523e+01 7.230028e-04 9.999993e-01 -9.386660e-04 1.944977e-01 -2.451492e-02 9.561115e-04 9.996990e-01 2.800124e+00
9.991629e-01 1.142887e-03 -4.089096e-02 -1.072552e+01 -1.076872e-03 9.999981e-01 1.636332e-03 1.791322e-01 4.089265e-02 -1.590924e-03 9.991622e-01 3.442912e+00
9.992479e-01 -1.072138e-03 3.876167e-02 -1.072263e+01 1.131525e-03 9.999982e-01 -1.510121e-03 1.645004e-01 -3.876009e-02 1.552848e-03 9.992473e-01 3.971715e+00
9.991932e-01 1.127447e-03 -4.014552e-02 -1.059047e+01 -1.064543e-03 9.999982e-01 1.588168e-03 1.481302e-01 4.014714e-02 -1.544147e-03 9.991925e-01 4.376094e+00
9.992006e-01 -1.112743e-03 3.995935e-02 -1.060140e+01 1.174493e-03 9.999982e-01 -1.521786e-03 1.336060e-01 -3.995769e-02 1.567505e-03 9.992001e-01 4.927372e+00
9.992164e-01 1.114872e-03 -3.956369e-02 -1.060923e+01 -1.052707e-03 9.999982e-01 1.591971e-03 1.164531e-01 3.956529e-02 -1.549072e-03 9.992157e-01 5.584067e+00
9.992089e-01 -1.112195e-03 3.975185e-02 -1.061167e+01 1.173202e-03 9.999982e-01 -1.511344e-03 9.849049e-02 -3.975019e-02 1.556788e-03 9.992084e-01 6.266938e+00
9.992124e-01 1.114665e-03 -3.966441e-02 -1.065440e+01 -1.050744e-03 9.999981e-01 1.632284e-03 7.855351e-02 3.966606e-02 -1.589318e-03 9.992117e-01 7.100010e+00
9.992040e-01 -1.109172e-03 3.987408e-02 -1.067601e+01 1.172750e-03 9.999981e-01 -1.571037e-03 6.366270e-02 -3.987236e-02 1.616552e-03 9.992034e-01 7.685574e+00
9.992178e-01 1.111857e-03 -3.952836e-02 -1.068302e+01 -1.047215e-03 9.999981e-01 1.655944e-03 4.523088e-02 3.953003e-02 -1.613251e-03 9.992170e-01 8.396475e+00
9.992174e-01 -1.100359e-03 3.953876e-02 -1.065316e+01 1.164165e-03 9.999981e-01 -1.590688e-03 2.876966e-02 -3.953704e-02 1.635476e-03 9.992167e-01 8.965238e+00
9.992142e-01 1.108244e-03 -3.961778e-02 -1.066125e+01 -1.040898e-03 9.999980e-01 1.720418e-03 6.732006e-03 3.961951e-02 -1.677825e-03 9.992134e-01 9.828758e+00
9.991973e-01 -1.108959e-03 4.004378e-02 -1.064080e+01 1.174610e-03 9.999980e-01 -1.615918e-03 -1.565131e-02 -4.004200e-02 1.661660e-03 9.991966e-01 1.066097e+01
9.992074e-01 1.115112e-03 -3.978985e-02 -1.063070e+01 -1.047596e-03 9.999980e-01 1.717550e-03 -3.637447e-02 3.979158e-02 -1.674502e-03 9.992065e-01 1.143904e+01
9.991869e-01 -1.106894e-03 4.030104e-02 -1.059790e+01 1.174758e-03 9.999979e-01 -1.660202e-03 -5.452598e-02 -4.029922e-02 1.706199e-03 9.991862e-01 1.207146e+01
9.991995e-01 1.117179e-03 -3.998871e-02 -1.056006e+01 -1.047924e-03 9.999979e-01 1.752708e-03 -7.591604e-02 3.999049e-02 -1.709396e-03 9.991985e-01 1.283252e+01
9.991906e-01 -1.102776e-03 4.020964e-02 -1.043011e+01 1.170568e-03 9.999979e-01 -1.662358e-03 -1.009587e-01 -4.020782e-02 1.708083e-03 9.991898e-01 1.360776e+01
9.991987e-01 1.122751e-03 -4.000791e-02 -1.028429e+01 -1.054025e-03 9.999979e-01 1.738799e-03 -1.240234e-01 4.000968e-02 -1.695234e-03 9.991978e-01 1.427296e+01
9.990441e-01 -1.160216e-03 4.369666e-02 -1.019421e+01 1.238747e-03 9.999977e-01 -1.770070e-03 -1.462404e-01 -4.369460e-02 1.822510e-03 9.990432e-01 1.498586e+01
9.993839e-01 1.022593e-03 -3.508200e-02 -1.004192e+01 -9.692564e-04 9.999983e-01 1.537231e-03 -1.622036e-01 3.508342e-02 -1.502277e-03 9.993832e-01 1.537043e+01
9.993196e-01 -1.047414e-03 3.686582e-02 -1.000530e+01 1.103851e-03 9.999982e-01 -1.510486e-03 -1.826595e-01 -3.686427e-02 1.550156e-03 9.993190e-01 1.609484e+01
9.993517e-01 1.034002e-03 -3.598719e-02 -9.983554e+00 -9.766677e-04 9.999982e-01 1.610635e-03 -2.066428e-01 3.598869e-02 -1.574440e-03 9.993509e-01 1.699212e+01
9.993271e-01 -1.047162e-03 3.666263e-02 -9.973507e+00 1.103993e-03 9.999982e-01 -1.529816e-03 -2.274625e-01 -3.666106e-02 1.569265e-03 9.993265e-01 1.777554e+01
9.994576e-01 9.871653e-04 -3.291657e-02 -9.946507e+00 -9.381755e-04 9.999984e-01 1.503625e-03 -2.491241e-01 3.291790e-02 -1.471925e-03 9.994569e-01 1.856835e+01
9.993611e-01 -1.049697e-03 3.572448e-02 -9.941930e+00 1.104251e-03 9.999983e-01 -1.507272e-03 -2.682899e-01 -3.572293e-02 1.545761e-03 9.993605e-01 1.929777e+01
9.994222e-01 1.007780e-03 -3.397287e-02 -9.957418e+00 -9.555229e-04 9.999983e-01 1.554303e-03 -2.880405e-01 3.397428e-02 -1.520940e-03 9.994215e-01 2.008007e+01
9.990675e-01 -1.171818e-03 4.315959e-02 -9.926263e+00 1.248820e-03 9.999977e-01 -1.757117e-03 -3.087904e-01 -4.315753e-02 1.809381e-03 9.990666e-01 2.083414e+01
9.994651e-01 1.010707e-03 -3.268615e-02 -9.852713e+00 -9.618243e-04 9.999984e-01 1.511111e-03 -3.326466e-01 3.268752e-02 -1.478862e-03 9.994645e-01 2.165075e+01
9.994400e-01 -1.044725e-03 3.344290e-02 -9.865369e+00 1.095787e-03 9.999983e-01 -1.508458e-03 -3.371934e-01 -3.344136e-02 1.544263e-03 9.994394e-01 2.182229e+01
9.994352e-01 1.039642e-03 -3.358807e-02 -9.803010e+00 -9.887458e-04 9.999983e-01 1.531804e-03 -3.415751e-01 3.358951e-02 -1.497725e-03 9.994345e-01 2.187527e+01
9.994209e-01 -1.040920e-03 3.400862e-02 -9.669053e+00 1.092282e-03 9.999983e-01 -1.491619e-03 -3.610497e-01 -3.400711e-02 1.527905e-03 9.994204e-01 2.240711e+01
9.994604e-01 1.040159e-03 -3.282762e-02 -9.424644e+00 -9.914747e-04 9.999984e-01 1.499171e-03 -3.829364e-01 3.282903e-02 -1.465811e-03 9.994599e-01 2.287804e+01
9.994575e-01 -1.042158e-03 3.291593e-02 -9.286442e+00 1.089735e-03 9.999984e-01 -1.427388e-03 -4.058705e-01 -3.291449e-02 1.462487e-03 9.994570e-01 2.355130e+01
9.995150e-01 1.018798e-03 -3.112359e-02 -9.135312e+00 -9.744930e-04 9.999985e-01 1.438571e-03 -4.290232e-01 3.112491e-02 -1.407540e-03 9.995145e-01 2.421563e+01
9.994198e-01 -1.067723e-03 3.404141e-02 -8.971673e+00 1.118961e-03 9.999983e-01 -1.486036e-03 -4.476746e-01 -3.403987e-02 1.523268e-03 9.994193e-01 2.467638e+01
9.994528e-01 1.086592e-03 -3.305708e-02 -8.558852e+00 -1.037857e-03 9.999983e-01 1.491319e-03 -4.751350e-01 3.305854e-02 -1.456191e-03 9.994523e-01 2.513690e+01
9.994388e-01 -1.075704e-03 3.347769e-02 -8.221635e+00 1.124605e-03 9.999983e-01 -1.441816e-03 -5.031321e-01 -3.347619e-02 1.478660e-03 9.994384e-01 2.573129e+01
9.996013e-01 1.015951e-03 -2.821677e-02 -7.825498e+00 -9.792858e-04 9.999987e-01 1.313083e-03 -5.325796e-01 2.821797e-02 -1.284924e-03 9.996009e-01 2.629915e+01
9.991782e-01 -1.200419e-03 4.051439e-02 -7.466379e+00 1.268570e-03 9.999978e-01 -1.656400e-03 -5.620346e-01 -4.051241e-02 1.706437e-03 9.991775e-01 2.693189e+01
9.996544e-01 9.686021e-04 -2.626849e-02 -7.269490e+00 -9.357445e-04 9.999988e-01 1.262988e-03 -5.886195e-01 2.626958e-02 -1.237968e-03 9.996541e-01 2.768236e+01
9.990706e-01 -1.245321e-03 4.308571e-02 -6.931488e+00 1.322640e-03 9.999976e-01 -1.765990e-03 -6.134374e-01 -4.308350e-02 1.821339e-03 9.990698e-01 2.816690e+01
9.994996e-01 1.061239e-03 -3.161345e-02 -6.692302e+00 -1.016088e-03 9.999984e-01 1.444194e-03 -6.352483e-01 3.161483e-02 -1.411346e-03 9.994991e-01 2.866191e+01
9.989581e-01 -1.299488e-03 4.561626e-02 -6.576437e+00 1.383805e-03 9.999974e-01 -1.816808e-03 -6.571881e-01 -4.561388e-02 1.878042e-03 9.989573e-01 2.934298e+01
9.992989e-01 1.203729e-03 -3.741856e-02 -6.379897e+00 -1.143102e-03 9.999980e-01 1.641516e-03 -6.848611e-01 3.742036e-02 -1.597589e-03 9.992983e-01 3.013826e+01
9.990163e-01 -1.244347e-03 4.432490e-02 -5.933849e+00 1.325018e-03 9.999975e-01 -1.790594e-03 -7.193779e-01 -4.432266e-02 1.847568e-03 9.990155e-01 3.085934e+01
9.991999e-01 1.219937e-03 -3.997572e-02 -5.712488e+00 -1.149648e-03 9.999978e-01 1.781157e-03 -7.519655e-01 3.997771e-02 -1.733770e-03 9.991990e-01 3.182689e+01
9.990007e-01 -1.267539e-03 4.467618e-02 -5.639457e+00 1.349541e-03 9.999975e-01 -1.805293e-03 -7.779717e-01 -4.467388e-02 1.863785e-03 9.989998e-01 3.273220e+01
9.991691e-01 1.226821e-03 -4.073654e-02 -5.481234e+00 -1.156316e-03 9.999978e-01 1.754196e-03 -7.983365e-01 4.073850e-02 -1.705631e-03 9.991683e-01 3.327406e+01
9.987848e-01 -1.345897e-03 4.926467e-02 -5.337148e+00 1.444124e-03 9.999970e-01 -1.958282e-03 -8.159911e-01 -4.926199e-02 2.027050e-03 9.987838e-01 3.373878e+01
9.993783e-01 1.105581e-03 -3.523931e-02 -5.317269e+00 -1.049353e-03 9.999981e-01 1.614012e-03 -8.360292e-01 3.524093e-02 -1.576026e-03 9.993775e-01 3.450071e+01
9.990075e-01 -1.272588e-03 4.452411e-02 -5.331965e+00 1.352315e-03 9.999975e-01 -1.760502e-03 -8.607840e-01 -4.452186e-02 1.818969e-03 9.990067e-01 3.550464e+01
9.993573e-01 1.131079e-03 -3.582723e-02 -5.325430e+00 -1.074308e-03 9.999981e-01 1.603700e-03 -8.830908e-01 3.582888e-02 -1.564176e-03 9.993567e-01 3.637196e+01
9.990591e-01 -1.237206e-03 4.335140e-02 -5.286096e+00 1.313268e-03 9.999976e-01 -1.726037e-03 -9.075845e-01 -4.334926e-02 1.781349e-03 9.990583e-01 3.727272e+01
9.992289e-01 1.194716e-03 -3.924295e-02 -5.258051e+00 -1.127191e-03 9.999978e-01 1.742710e-03 -9.337002e-01 3.924485e-02 -1.697129e-03 9.992281e-01 3.825387e+01
9.990974e-01 -1.225043e-03 4.246023e-02 -5.168002e+00 1.298534e-03 9.999977e-01 -1.703228e-03 -9.617150e-01 -4.245815e-02 1.756830e-03 9.990966e-01 3.921503e+01
9.992638e-01 1.181344e-03 -3.834649e-02 -5.090182e+00 -1.118433e-03 9.999980e-01 1.661938e-03 -9.835575e-01 3.834828e-02 -1.617823e-03 9.992631e-01 3.994599e+01
9.991341e-01 -1.238352e-03 4.158763e-02 -5.137522e+00 1.306515e-03 9.999978e-01 -1.611824e-03 -1.006319e+00 -4.158565e-02 1.664766e-03 9.991335e-01 4.091512e+01
9.992385e-01 1.189121e-03 -3.899898e-02 -5.291253e+00 -1.125609e-03 9.999980e-01 1.650413e-03 -1.020630e+00 3.900076e-02 -1.605255e-03 9.992378e-01 4.167750e+01
9.990556e-01 -1.288926e-03 4.342977e-02 -5.487033e+00 1.363960e-03 9.999976e-01 -1.698049e-03 -1.028897e+00 -4.342758e-02 1.755685e-03 9.990550e-01 4.225469e+01
9.992057e-01 1.223991e-03 -3.983075e-02 -5.713191e+00 -1.157307e-03 9.999979e-01 1.697123e-03 -1.038442e+00 3.983265e-02 -1.649675e-03 9.992049e-01 4.291868e+01
9.990451e-01 -1.303594e-03 4.366971e-02 -5.967085e+00 1.381642e-03 9.999975e-01 -1.757026e-03 -1.039457e+00 -4.366741e-02 1.815687e-03 9.990444e-01 4.327739e+01
9.991360e-01 1.269412e-03 -4.153992e-02 -6.444037e+00 -1.199321e-03 9.999978e-01 1.712134e-03 -1.021554e+00 4.154190e-02 -1.660831e-03 9.991353e-01 4.317258e+01
9.990003e-01 -1.321033e-03 4.468416e-02 -6.857644e+00 1.400491e-03 9.999975e-01 -1.746881e-03 -1.016935e+00 -4.468183e-02 1.807718e-03 9.989996e-01 4.350805e+01
9.991457e-01 1.268390e-03 -4.130531e-02 -7.181356e+00 -1.200134e-03 9.999979e-01 1.677181e-03 -1.011056e+00 4.130725e-02 -1.626173e-03 9.991451e-01 4.367085e+01
9.989699e-01 -1.326321e-03 4.535747e-02 -7.466917e+00 1.408334e-03 9.999974e-01 -1.776183e-03 -1.006013e+00 -4.535509e-02 1.838235e-03 9.989692e-01 4.381078e+01
9.990322e-01 1.323779e-03 -4.396519e-02 -8.019800e+00 -1.248228e-03 9.999977e-01 1.745774e-03 -9.830557e-01 4.396731e-02 -1.689203e-03 9.990315e-01 4.358845e+01
9.989105e-01 -1.362223e-03 4.664605e-02 -8.538443e+00 1.447949e-03 9.999973e-01 -1.804004e-03 -9.635558e-01 -4.664356e-02 1.869584e-03 9.989098e-01 4.346791e+01
9.990898e-01 1.286187e-03 -4.263535e-02 -8.784879e+00 -1.214799e-03 9.999978e-01 1.700207e-03 -9.511337e-01 4.263735e-02 -1.646862e-03 9.990892e-01 4.327492e+01
9.988778e-01 -1.365711e-03 4.734051e-02 -8.996620e+00 1.451806e-03 9.999974e-01 -1.784237e-03 -9.533341e-01 -4.733804e-02 1.850967e-03 9.988772e-01 4.362210e+01
9.989920e-01 1.329465e-03 -4.486795e-02 -9.462715e+00 -1.252679e-03 9.999977e-01 1.739402e-03 -9.383564e-01 4.487006e-02 -1.681440e-03 9.989914e-01 4.362477e+01
9.989917e-01 -1.302812e-03 4.487540e-02 -9.773851e+00 1.381438e-03 9.999976e-01 -1.721057e-03 -9.154244e-01 -4.487314e-02 1.781318e-03 9.989910e-01 4.308722e+01
9.992443e-01 1.165270e-03 -3.885137e-02 -1.005719e+01 -1.105386e-03 9.999982e-01 1.562746e-03 -9.033792e-01 3.885303e-02 -1.518616e-03 9.992437e-01 4.297540e+01
9.989659e-01 -1.301367e-03 4.544583e-02 -1.030986e+01 1.380605e-03 9.999976e-01 -1.712151e-03 -9.039373e-01 -4.544359e-02 1.773127e-03 9.989653e-01 4.332014e+01
9.992700e-01 1.158170e-03 -3.818329e-02 -1.049335e+01 -1.098577e-03 9.999981e-01 1.581592e-03 -9.140501e-01 3.818496e-02 -1.538486e-03 9.992694e-01 4.395300e+01
9.989739e-01 -1.310153e-03 4.526948e-02 -1.076866e+01 1.390317e-03 9.999975e-01 -1.739303e-03 -9.156345e-01 -4.526718e-02 1.800461e-03 9.989732e-01 4.437031e+01
9.996163e-01 9.354288e-04 -2.768349e-02 -1.091234e+01 -9.027858e-04 9.999989e-01 1.191536e-03 -9.057647e-01 2.768448e-02 -1.166083e-03 9.996160e-01 4.416890e+01
9.991757e-01 -1.227323e-03 4.057557e-02 -1.106523e+01 1.292860e-03 9.999979e-01 -1.588933e-03 -8.964738e-01 -4.057363e-02 1.640085e-03 9.991751e-01 4.399794e+01
9.996410e-01 9.363966e-04 -2.677399e-02 -1.126240e+01 -9.053104e-04 9.999989e-01 1.173069e-03 -8.937056e-01 2.677497e-02 -1.148405e-03 9.996408e-01 4.414121e+01
9.993425e-01 -1.172186e-03 3.623707e-02 -1.160742e+01 1.226532e-03 9.999982e-01 -1.477471e-03 -8.751374e-01 -3.623537e-02 1.520949e-03 9.993421e-01 4.385301e+01
9.997016e-01 9.115617e-04 -2.440879e-02 -1.178890e+01 -8.844233e-04 9.999990e-01 1.122504e-03 -8.720188e-01 2.440970e-02 -1.100578e-03 9.997014e-01 4.396150e+01
9.994636e-01 -1.095495e-03 3.272898e-02 -1.184011e+01 1.138281e-03 9.999985e-01 -1.288599e-03 -8.907442e-01 -3.272761e-02 1.325166e-03 9.994634e-01 4.476973e+01
9.996258e-01 9.602715e-04 -2.733549e-02 -1.188972e+01 -9.273903e-04 9.999988e-01 1.215446e-03 -9.090507e-01 2.733653e-02 -1.189637e-03 9.996255e-01 4.555585e+01
9.990044e-01 -1.319618e-03 4.459231e-02 -1.210259e+01 1.397175e-03 9.999976e-01 -1.708051e-03 -9.113696e-01 -4.459004e-02 1.768658e-03 9.990037e-01 4.593438e+01
9.997116e-01 8.961717e-04 -2.399761e-02 -1.234545e+01 -8.706651e-04 9.999990e-01 1.073215e-03 -9.058489e-01 2.399846e-02 -1.052008e-03 9.997114e-01 4.604603e+01
9.990429e-01 -1.306326e-03 4.371981e-02 -1.254606e+01 1.380591e-03 9.999977e-01 -1.668453e-03 -9.039833e-01 -4.371762e-02 1.727219e-03 9.990424e-01 4.624600e+01
9.996809e-01 9.223062e-04 -2.524346e-02 -1.272875e+01 -8.946420e-04 9.999990e-01 1.107086e-03 -9.010079e-01 2.524437e-02 -1.084146e-03 9.996806e-01 4.637479e+01
9.990798e-01 -1.305510e-03 4.286943e-02 -1.300116e+01 1.376548e-03 9.999977e-01 -1.627547e-03 -8.972746e-01 -4.286730e-02 1.685065e-03 9.990793e-01 4.659676e+01
9.997005e-01 9.136836e-04 -2.445357e-02 -1.329470e+01 -8.876427e-04 9.999990e-01 1.075661e-03 -8.924944e-01 2.445444e-02 -1.053630e-03 9.997003e-01 4.680835e+01
9.990077e-01 -1.339455e-03 4.451664e-02 -1.356186e+01 1.415383e-03 9.999976e-01 -1.674066e-03 -8.884506e-01 -4.451438e-02 1.735417e-03 9.990072e-01 4.701707e+01
9.996172e-01 9.948080e-04 -2.764682e-02 -1.378077e+01 -9.627417e-04 9.999988e-01 1.173072e-03 -8.871191e-01 2.764787e-02 -1.146003e-03 9.996170e-01 4.725869e+01
9.990894e-01 -1.303684e-03 4.264507e-02 -1.401248e+01 1.373556e-03 9.999978e-01 -1.609140e-03 -8.873505e-01 -4.264297e-02 1.666254e-03 9.990889e-01 4.756756e+01
9.996923e-01 9.312620e-04 -2.478854e-02 -1.427079e+01 -9.048315e-04 9.999990e-01 1.077358e-03 -8.859314e-01 2.478943e-02 -1.054594e-03 9.996921e-01 4.785683e+01
9.990270e-01 -1.329831e-03 4.408294e-02 -1.450832e+01 1.404258e-03 9.999976e-01 -1.657370e-03 -8.829706e-01 -4.408071e-02 1.717665e-03 9.990264e-01 4.805942e+01
9.995842e-01 1.022823e-03 -2.881644e-02 -1.462657e+01 -9.882715e-04 9.999988e-01 1.213162e-03 -8.859598e-01 2.881756e-02 -1.184176e-03 9.995839e-01 4.833099e+01
9.990919e-01 -1.322755e-03 4.258643e-02 -1.490781e+01 1.393472e-03 9.999977e-01 -1.630856e-03 -8.744967e-01 -4.258426e-02 1.688721e-03 9.990914e-01 4.824757e+01
9.997344e-01 9.057054e-04 -2.302678e-02 -1.513355e+01 -8.823053e-04 9.999991e-01 1.026280e-03 -8.671509e-01 2.302761e-02 -1.005688e-03 9.997342e-01 4.826206e+01
9.991482e-01 -1.306673e-03 4.124473e-02 -1.550421e+01 1.373796e-03 9.999978e-01 -1.599086e-03 -8.497365e-01 -4.124263e-02 1.654389e-03 9.991477e-01 4.806594e+01
9.997562e-01 8.989439e-04 -2.206296e-02 -1.580665e+01 -8.774387e-04 9.999991e-01 9.843100e-04 -8.337426e-01 2.206375e-02 -9.647077e-04 9.997560e-01 4.783298e+01
9.992286e-01 -1.261264e-03 3.925134e-02 -1.603842e+01 1.322607e-03 9.999979e-01 -1.536844e-03 -8.223147e-01 -3.924940e-02 1.587576e-03 9.992281e-01 4.767463e+01
9.996993e-01 9.609321e-04 -2.450296e-02 -1.626383e+01 -9.357375e-04 9.999990e-01 1.039613e-03 -8.086448e-01 2.450386e-02 -1.016369e-03 9.996991e-01 4.740916e+01
9.991781e-01 -1.305315e-03 4.051368e-02 -1.660921e+01 1.369502e-03 9.999979e-01 -1.556560e-03 -7.894584e-01 -4.051163e-02 1.610767e-03 9.991777e-01 4.709155e+01
9.997331e-01 9.533202e-04 -2.308067e-02 -1.698288e+01 -9.310801e-04 9.999991e-01 9.742448e-04 -7.686413e-01 2.308150e-02 -9.524916e-04 9.997330e-01 4.674013e+01
9.990463e-01 -1.344450e-03 4.364267e-02 -1.716011e+01 1.418089e-03 9.999976e-01 -1.656356e-03 -7.553728e-01 -4.364041e-02 1.716669e-03 9.990457e-01 4.642349e+01
9.997374e-01 9.644545e-04 -2.289342e-02 -1.724884e+01 -9.429293e-04 9.999991e-01 9.509559e-04 -7.440393e-01 2.289424e-02 -9.291161e-04 9.997374e-01 4.606820e+01
9.990351e-01 -1.357555e-03 4.389690e-02 -1.742960e+01 1.431425e-03 9.999976e-01 -1.651363e-03 -7.301392e-01 -4.389462e-02 1.712608e-03 9.990346e-01 4.573638e+01
9.998006e-01 8.958707e-04 -1.994643e-02 -1.770464e+01 -8.787841e-04 9.999992e-01 8.653157e-04 -7.187183e-01 1.994712e-02 -8.476114e-04 9.998006e-01 4.564581e+01
9.991173e-01 -1.325952e-03 4.198684e-02 -1.788120e+01 1.394044e-03 9.999978e-01 -1.592481e-03 -7.077782e-01 -4.198470e-02 1.649610e-03 9.991168e-01 4.543020e+01
9.998720e-01 8.602761e-04 -1.597778e-02 -1.782943e+01 -8.491736e-04 9.999994e-01 7.015739e-04 -7.008946e-01 1.597831e-02 -6.879131e-04 9.998720e-01 4.507740e+01
9.991008e-01 -1.329813e-03 4.237755e-02 -1.771028e+01 1.398469e-03 9.999978e-01 -1.590478e-03 -6.951003e-01 -4.237541e-02 1.648315e-03 9.991003e-01 4.468455e+01
9.998968e-01 8.127472e-04 -1.434107e-02 -1.772670e+01 -8.036704e-04 9.999995e-01 6.386052e-04 -6.849025e-01 1.434153e-02 -6.270108e-04 9.998969e-01 4.429216e+01
9.991176e-01 -1.324611e-03 4.197814e-02 -1.770148e+01 1.391429e-03 9.999978e-01 -1.562545e-03 -6.754138e-01 -4.197603e-02 1.619579e-03 9.991172e-01 4.387131e+01
9.999576e-01 7.277331e-04 -9.179000e-03 -1.764650e+01 -7.236436e-04 9.999996e-01 4.487540e-04 -6.690733e-01 9.179269e-03 -4.420898e-04 9.999577e-01 4.354287e+01
9.991688e-01 -1.314869e-03 4.074331e-02 -1.763278e+01 1.377131e-03 9.999979e-01 -1.500119e-03 -6.618792e-01 -4.074131e-02 1.554984e-03 9.991684e-01 4.323226e+01
9.999297e-01 7.617312e-04 -1.183534e-02 -1.771791e+01 -7.556030e-04 9.999996e-01 5.221966e-04 -6.478148e-01 1.183569e-02 -5.132143e-04 9.999297e-01 4.278181e+01
9.992903e-01 -1.248908e-03 3.764640e-02 -1.768250e+01 1.302066e-03 9.999982e-01 -1.387518e-03 -6.377471e-01 -3.764465e-02 1.435554e-03 9.992901e-01 4.232765e+01
9.999180e-01 8.147662e-04 -1.277943e-02 -1.743720e+01 -8.080958e-04 9.999995e-01 5.270747e-04 -6.360176e-01 1.277981e-02 -5.167019e-04 9.999181e-01 4.193461e+01
9.992495e-01 -1.292257e-03 3.871305e-02 -1.727312e+01 1.347520e-03 9.999981e-01 -1.401430e-03 -6.302978e-01 -3.871121e-02 1.452547e-03 9.992493e-01 4.149036e+01
9.998820e-01 8.415024e-04 -1.534014e-02 -1.718593e+01 -8.322247e-04 9.999995e-01 6.111437e-04 -6.222472e-01 1.534060e-02 -5.983026e-04 9.998821e-01 4.104094e+01
9.993241e-01 -1.233185e-03 3.673956e-02 -1.687414e+01 1.283039e-03 9.999983e-01 -1.333377e-03 -6.236474e-01 -3.673789e-02 1.379617e-03 9.993239e-01 4.067138e+01
9.999223e-01 7.769386e-04 -1.244337e-02 -1.668808e+01 -7.707532e-04 9.999996e-01 5.018357e-04 -6.200685e-01 1.244372e-02 -4.922036e-04 9.999224e-01 4.027260e+01
9.993935e-01 -1.205822e-03 3.480250e-02 -1.647053e+01 1.250189e-03 9.999984e-01 -1.253094e-03 -6.180323e-01 -3.480097e-02 1.295846e-03 9.993933e-01 3.988896e+01
9.998907e-01 8.722078e-04 -1.476031e-02 -1.590599e+01 -8.641381e-04 9.999995e-01 5.530594e-04 -6.322393e-01 1.476076e-02 -5.402417e-04 9.998908e-01 3.968052e+01
9.993541e-01 -1.247552e-03 3.591511e-02 -1.547912e+01 1.294102e-03 9.999984e-01 -1.272869e-03 -6.383927e-01 -3.591349e-02 1.318527e-03 9.993539e-01 3.935003e+01
9.998563e-01 8.866248e-04 -1.692920e-02 -1.518440e+01 -8.762049e-04 9.999994e-01 6.228910e-04 -6.379202e-01 1.692972e-02 -6.079660e-04 9.998564e-01 3.892411e+01
9.993081e-01 -1.256576e-03 3.717304e-02 -1.485389e+01 1.305957e-03 9.999983e-01 -1.304163e-03 -6.393497e-01 -3.717137e-02 1.351809e-03 9.993079e-01 3.852999e+01
9.998933e-01 8.354544e-04 -1.458520e-02 -1.468390e+01 -8.278453e-04 9.999995e-01 5.277105e-04 -6.380496e-01 1.458561e-02 -5.155779e-04 9.998934e-01 3.823813e+01
9.992988e-01 -1.286726e-03 3.741995e-02 -1.467028e+01 1.335749e-03 9.999983e-01 -1.285094e-03 -6.319391e-01 -3.741825e-02 1.334178e-03 9.992987e-01 3.795322e+01
9.996740e-01 1.077688e-03 -2.550865e-02 -1.429838e+01 -1.055570e-03 9.999991e-01 8.805556e-04 -6.430863e-01 2.550956e-02 -8.533405e-04 9.996741e-01 3.786057e+01
9.994281e-01 -1.242707e-03 3.379305e-02 -1.403035e+01 1.282891e-03 9.999985e-01 -1.167458e-03 -6.474817e-01 -3.379157e-02 1.210145e-03 9.994281e-01 3.764050e+01
9.996880e-01 1.074836e-03 -2.495511e-02 -1.371565e+01 -1.053864e-03 9.999991e-01 8.535226e-04 -6.496777e-01 2.495598e-02 -8.269552e-04 9.996881e-01 3.728045e+01
9.993483e-01 -1.268448e-03 3.607372e-02 -1.333290e+01 1.313713e-03 9.999984e-01 -1.231110e-03 -6.602668e-01 -3.607211e-02 1.277700e-03 9.993483e-01 3.715470e+01
9.996350e-01 1.138087e-03 -2.699049e-02 -1.284193e+01 -1.113834e-03 9.999990e-01 9.135754e-04 -6.778052e-01 2.699148e-02 -8.831773e-04 9.996352e-01 3.713912e+01
9.991853e-01 -1.374812e-03 4.033310e-02 -1.253495e+01 1.430624e-03 9.999981e-01 -1.354950e-03 -6.864984e-01 -4.033117e-02 1.411549e-03 9.991853e-01 3.703892e+01
9.997627e-01 1.041849e-03 -2.175871e-02 -1.225950e+01 -1.026285e-03 9.999992e-01 7.264417e-04 -6.935893e-01 2.175943e-02 -7.039370e-04 9.997629e-01 3.692512e+01
9.991770e-01 -1.356799e-03 4.053872e-02 -1.185610e+01 1.412955e-03 9.999981e-01 -1.356637e-03 -7.068174e-01 -4.053681e-02 1.412801e-03 9.991769e-01 3.688341e+01
9.995985e-01 1.166942e-03 -2.830993e-02 -1.139618e+01 -1.140923e-03 9.999989e-01 9.352248e-04 -7.201098e-01 2.831098e-02 -9.025484e-04 9.995987e-01 3.676539e+01
9.993459e-01 -1.268286e-03 3.614157e-02 -1.089802e+01 1.313002e-03 9.999984e-01 -1.213537e-03 -7.341277e-01 -3.613998e-02 1.260199e-03 9.993458e-01 3.661344e+01
9.994017e-01 1.305882e-03 -3.456153e-02 -1.032447e+01 -1.267161e-03 9.999985e-01 1.142209e-03 -7.530562e-01 3.456296e-02 -1.097730e-03 9.994018e-01 3.652882e+01
9.997253e-01 -1.025691e-03 2.341493e-02 -9.770661e+00 1.043279e-03 9.999992e-01 -7.389100e-04 -7.730228e-01 -2.341417e-02 7.631369e-04 9.997255e-01 3.648881e+01
9.993131e-01 1.379934e-03 -3.703178e-02 -9.127374e+00 -1.334677e-03 9.999983e-01 1.246818e-03 -7.970615e-01 3.703342e-02 -1.196534e-03 9.993132e-01 3.648761e+01
9.997477e-01 -1.002499e-03 2.244157e-02 -8.450518e+00 1.018500e-03 9.999992e-01 -7.015704e-04 -8.210661e-01 -2.244086e-02 7.242517e-04 9.997478e-01 3.643929e+01
9.990600e-01 1.544635e-03 -4.332235e-02 -7.885792e+00 -1.480366e-03 9.999978e-01 1.515542e-03 -8.427033e-01 4.332457e-02 -1.449983e-03 9.990599e-01 3.645955e+01
9.997909e-01 -9.395066e-04 2.042486e-02 -7.374611e+00 9.528073e-04 9.999993e-01 -6.414705e-04 -8.621078e-01 -2.042426e-02 6.607991e-04 9.997911e-01 3.647194e+01
9.992166e-01 1.433322e-03 -3.954805e-02 -6.837967e+00 -1.379889e-03 9.999981e-01 1.378363e-03 -8.809039e-01 3.954993e-02 -1.322710e-03 9.992166e-01 3.642189e+01
9.998533e-01 -8.505829e-04 1.710978e-02 -6.369135e+00 8.596158e-04 9.999995e-01 -5.205763e-04 -8.999689e-01 -1.710936e-02 5.352097e-04 9.998534e-01 3.647652e+01
9.997124e-01 1.003870e-03 -2.396177e-02 -5.956726e+00 -9.863954e-04 9.999992e-01 7.410616e-04 -9.220903e-01 2.396248e-02 -7.172107e-04 9.997125e-01 3.670900e+01
9.997815e-01 -9.276504e-04 2.088504e-02 -5.458400e+00 9.416296e-04 9.999993e-01 -6.595037e-04 -9.462691e-01 -2.088444e-02 6.790275e-04 9.997816e-01 3.689944e+01
9.997402e-01 1.003676e-03 -2.277033e-02 -4.846208e+00 -9.881687e-04 9.999993e-01 6.922830e-04 -9.716877e-01 2.277099e-02 -6.696003e-04 9.997404e-01 3.698841e+01
9.999652e-01 -6.588890e-04 8.311381e-03 -4.451895e+00 6.603668e-04 9.999998e-01 -1.750213e-04 -9.911550e-01 -8.311289e-03 1.805058e-04 9.999653e-01 3.714198e+01
9.994458e-01 1.301402e-03 -3.326250e-02 -4.158815e+00 -1.264231e-03 9.999986e-01 1.138496e-03 -1.006675e+00 3.326390e-02 -1.095811e-03 9.994459e-01 3.729914e+01
9.998946e-01 -8.303733e-04 1.449682e-02 -3.835001e+00 8.366894e-04 9.999996e-01 -4.296010e-04 -1.025513e+00 -1.449649e-02 4.416871e-04 9.998947e-01 3.753794e+01
9.995249e-01 1.233439e-03 -3.079760e-02 -3.693095e+00 -1.200940e-03 9.999987e-01 1.073734e-03 -1.040567e+00 3.079886e-02 -1.036235e-03 9.995250e-01 3.788413e+01
9.999452e-01 -7.200139e-04 1.044031e-02 -3.386793e+00 7.232157e-04 9.999997e-01 -3.028642e-04 -1.053719e+00 -1.044013e-02 3.104004e-04 9.999454e-01 3.793921e+01
9.995013e-01 1.256217e-03 -3.155157e-02 -3.108374e+00 -1.221664e-03 9.999986e-01 1.114394e-03 -1.066563e+00 3.155289e-02 -1.075291e-03 9.995014e-01 3.801775e+01
