9.992622e-01 -7.397297e-04 3.839963e-02 6.099649e-02 7.863074e-04 9.999990e-01 -1.197884e-03 -1.751920e-02 -3.839870e-02 1.227195e-03 9.992616e-01 6.326859e-01
9.999833e-01 -1.118130e-04 5.771612e-03 9.983266e-02 1.130406e-04 1.000000e+00 -2.123657e-04 -3.048361e-02 -5.771580e-03 2.130148e-04 9.999832e-01 1.115200e+00
9.994678e-01 -6.379069e-04 3.261553e-02 1.470881e-01 6.709290e-04 9.999993e-01 -1.001531e-03 -4.578666e-02 -3.261485e-02 1.022881e-03 9.994674e-01 1.674845e+00
9.999559e-01 1.925728e-04 -9.391909e-03 1.935103e-01 -1.898253e-04 9.999999e-01 2.934299e-04 -6.317584e-02 9.391979e-03 -2.916341e-04 9.999558e-01 2.289840e+00
9.986176e-01 -1.005356e-03 5.255380e-02 2.473981e-01 1.093941e-03 9.999980e-01 -1.656864e-03 -7.686450e-02 -5.255201e-02 1.712064e-03 9.986166e-01 2.776244e+00
9.999253e-01 2.480489e-04 -1.221638e-02 3.058700e-01 -2.432874e-04 9.999999e-01 3.912433e-04 -9.224519e-02 1.221650e-02 -3.882422e-04 9.999252e-01 3.325551e+00
9.986873e-01 -9.710256e-04 5.121266e-02 3.721954e-01 1.055264e-03 9.999981e-01 -1.617863e-03 -1.068507e-01 -5.121097e-02 1.669781e-03 9.986864e-01 3.832391e+00
9.999124e-01 2.557460e-04 -1.323434e-02 4.161573e-01 -2.502384e-04 9.999999e-01 4.178027e-04 -1.201222e-01 1.323447e-02 -4.144549e-04 9.999122e-01 4.307057e+00
9.983959e-01 -1.064106e-03 5.660741e-02 4.673960e-01 1.166822e-03 9.999977e-01 -1.781517e-03 -1.340575e-01 -5.660535e-02 1.844709e-03 9.983948e-01 4.807868e+00
9.999177e-01 2.495694e-04 -1.282987e-02 5.466346e-01 -2.443063e-04 9.999999e-01 4.117765e-04 -1.506665e-01 1.283001e-02 -4.086090e-04 9.999175e-01 5.379775e+00
9.982886e-01 -1.091072e-03 5.846877e-02 6.359922e-01 1.200693e-03 9.999976e-01 -1.839760e-03 -1.677176e-01 -5.846658e-02 1.906814e-03 9.982874e-01 5.961789e+00
9.998249e-01 3.671664e-04 -1.870864e-02 7.195255e-01 -3.555756e-04 9.999997e-01 6.228452e-04 -1.862204e-01 1.870891e-02 -6.160849e-04 9.998247e-01 6.604958e+00
9.988489e-01 -9.181018e-04 4.795765e-02 7.726966e-01 9.921387e-04 9.999984e-01 -1.520010e-03 -2.041433e-01 -4.795612e-02 1.565840e-03 9.988481e-01 7.246887e+00
9.999910e-01 9.677436e-05 -4.249678e-03 8.525771e-01 -9.613794e-05 1.000000e+00 1.498672e-04 -2.221395e-01 4.249745e-03 -1.494586e-04 9.999909e-01 7.880932e+00
9.988594e-01 -9.137073e-04 4.773924e-02 9.238858e-01 9.876390e-04 9.999983e-01 -1.525082e-03 -2.380482e-01 -4.773771e-02 1.570490e-03 9.988586e-01 8.439133e+00
9.998758e-01 3.242887e-04 -1.575800e-02 9.874915e-01 -3.152520e-04 9.999998e-01 5.759156e-04 -2.607333e-01 1.575825e-02 -5.708779e-04 9.998756e-01 9.263091e+00
9.986871e-01 -9.788058e-04 5.121543e-02 1.062096e+00 1.064532e-03 9.999981e-01 -1.646569e-03 -2.827033e-01 -5.121366e-02 1.698926e-03 9.986862e-01 1.004863e+01
9.998932e-01 3.054496e-04 -1.460737e-02 1.142215e+00 -2.975926e-04 9.999998e-01 5.399999e-04 -3.048708e-01 1.460760e-02 -5.355971e-04 9.998931e-01 1.083483e+01
9.988849e-01 -9.061837e-04 4.720373e-02 1.229044e+00 9.782280e-04 9.999984e-01 -1.503149e-03 -3.301771e-01 -4.720222e-02 1.547647e-03 9.988841e-01 1.172540e+01
9.999712e-01 1.639310e-04 -7.588943e-03 1.310607e+00 -1.619338e-04 1.000000e+00 2.636827e-04 -3.483701e-01 7.589055e-03 -2.624482e-04 9.999711e-01 1.235563e+01
9.986465e-01 -9.900984e-04 5.200214e-02 1.358783e+00 1.078813e-03 9.999980e-01 -1.677929e-03 -3.619031e-01 -5.200031e-02 1.731757e-03 9.986455e-01 1.284823e+01
9.997896e-01 4.208043e-04 -2.050876e-02 1.451241e+00 -4.062599e-04 9.999997e-01 7.132889e-04 -3.808119e-01 2.050913e-02 -7.048091e-04 9.997893e-01 1.347546e+01
9.994866e-01 -6.374771e-04 3.203196e-02 1.540138e+00 6.713009e-04 9.999992e-01 -1.045166e-03 -4.019337e-01 -3.203119e-02 1.066131e-03 9.994862e-01 1.415689e+01
9.999008e-01 3.137103e-04 -1.408152e-02 1.725516e+00 -3.070083e-04 9.999998e-01 4.780230e-04 -4.243088e-01 1.408174e-02 -4.736548e-04 9.999007e-01 1.476733e+01
9.995791e-01 -5.834467e-04 2.900539e-02 1.941160e+00 6.115602e-04 9.999994e-01 -9.603531e-04 -4.460197e-01 -2.900473e-02 9.776850e-04 9.995787e-01 1.530569e+01
9.997746e-01 4.433146e-04 -2.122636e-02 2.032124e+00 -4.277226e-04 9.999996e-01 7.390325e-04 -4.666606e-01 2.122676e-02 -7.297893e-04 9.997743e-01 1.596927e+01
9.993473e-01 -7.282329e-04 3.611600e-02 2.049967e+00 7.698348e-04 9.999991e-01 -1.137973e-03 -4.885881e-01 -3.611506e-02 1.165031e-03 9.993469e-01 1.680950e+01
9.998744e-01 3.386621e-04 -1.584266e-02 2.100517e+00 -3.301442e-04 9.999998e-01 5.401815e-04 -5.090629e-01 1.584292e-02 -5.348858e-04 9.998743e-01 1.754639e+01
9.996505e-01 -5.535738e-04 2.642845e-02 2.122635e+00 5.754940e-04 9.999995e-01 -8.217715e-04 -5.300046e-01 -2.642791e-02 8.366912e-04 9.996503e-01 1.833208e+01
9.998949e-01 3.298038e-04 -1.449543e-02 2.199340e+00 -3.225900e-04 9.999998e-01 4.999001e-04 -5.546129e-01 1.449567e-02 -4.951740e-04 9.998947e-01 1.918119e+01
9.997834e-01 -4.645320e-04 2.080567e-02 2.238758e+00 4.776699e-04 9.999997e-01 -6.264302e-04 -5.787232e-01 -2.080529e-02 6.362302e-04 9.997833e-01 2.006741e+01
9.999104e-01 2.941167e-04 -1.337988e-02 2.216485e+00 -2.877632e-04 9.999998e-01 4.766677e-04 -6.007988e-01 1.338011e-02 -4.727773e-04 9.999103e-01 2.097271e+01
9.996674e-01 -5.581205e-04 2.578142e-02 2.177789e+00 5.780192e-04 9.999995e-01 -7.643254e-04 -6.243456e-01 -2.578090e-02 7.789707e-04 9.996672e-01 2.197234e+01
9.997856e-01 4.272092e-04 -2.070200e-02 2.100033e+00 -4.117688e-04 9.999996e-01 7.500288e-04 -6.497793e-01 2.070240e-02 -7.413461e-04 9.997853e-01 2.310594e+01
9.996803e-01 -5.497269e-04 2.527619e-02 2.059915e+00 5.699847e-04 9.999995e-01 -7.942088e-04 -6.715694e-01 -2.527566e-02 8.083593e-04 9.996801e-01 2.402368e+01
9.997237e-01 4.835749e-04 -2.350048e-02 2.025745e+00 -4.641991e-04 9.999995e-01 8.298698e-04 -6.918121e-01 2.350095e-02 -8.187342e-04 9.997234e-01 2.485944e+01
9.996877e-01 -5.537312e-04 2.498343e-02 1.952279e+00 5.728646e-04 9.999995e-01 -7.586375e-04 -7.133992e-01 -2.498291e-02 7.727101e-04 9.996875e-01 2.581622e+01
9.997311e-01 4.848944e-04 -2.318395e-02 1.618831e+00 -4.678155e-04 9.999996e-01 7.420187e-04 -7.159927e-01 2.318439e-02 -7.309759e-04 9.997309e-01 2.632441e+01
9.996721e-01 -5.691934e-04 2.560117e-02 1.378704e+00 5.888889e-04 9.999995e-01 -7.617338e-04 -7.239751e-01 -2.560064e-02 7.765576e-04 9.996719e-01 2.693406e+01
9.998732e-01 3.514820e-04 -1.591632e-02 1.325983e+00 -3.436392e-04 9.999998e-01 4.953844e-04 -7.387388e-01 1.591658e-02 -4.898548e-04 9.998731e-01 2.757552e+01
9.998366e-01 -4.395287e-04 1.807117e-02 1.136100e+00 4.483287e-04 9.999998e-01 -4.828353e-04 -7.521439e-01 -1.807087e-02 4.908556e-04 9.998365e-01 2.835188e+01
9.998662e-01 3.687370e-04 -1.635098e-02 6.219335e-01 -3.604602e-04 9.999998e-01 5.090470e-04 -7.527254e-01 1.635125e-02 -5.030876e-04 9.998661e-01 2.903852e+01
9.998560e-01 -4.279704e-04 1.696096e-02 2.281313e-01 4.352780e-04 9.999998e-01 -4.270734e-04 -7.604918e-01 -1.696069e-02 4.343920e-04 9.998560e-01 2.986167e+01
9.998615e-01 3.699054e-04 -1.663608e-02 -4.254789e-02 -3.609768e-04 9.999998e-01 5.396048e-04 -7.755466e-01 1.663636e-02 -5.335275e-04 9.998614e-01 3.082371e+01
9.998485e-01 -4.319434e-04 1.739934e-02 -3.705949e-01 4.401879e-04 9.999998e-01 -4.699291e-04 -7.851323e-01 -1.739905e-02 4.775142e-04 9.998484e-01 3.162999e+01
9.999002e-01 3.185088e-04 -1.412576e-02 -6.607490e-01 -3.125349e-04 9.999999e-01 4.250105e-04 -7.918718e-01 1.412598e-02 -4.205558e-04 9.999001e-01 3.226134e+01
9.998830e-01 -3.798849e-04 1.529243e-02 -9.728991e-01 3.868839e-04 9.999998e-01 -4.546268e-04 -7.928859e-01 -1.529217e-02 4.604873e-04 9.998829e-01 3.266560e+01
9.999116e-01 2.973903e-04 -1.329491e-02 -1.247536e+00 -2.918200e-04 9.999999e-01 4.207959e-04 -7.970811e-01 1.329512e-02 -4.168816e-04 9.999115e-01 3.315767e+01
9.997122e-01 -5.306797e-04 2.398127e-02 -1.231062e+00 5.484086e-04 9.999996e-01 -7.326498e-04 -8.139934e-01 -2.398079e-02 7.455878e-04 9.997121e-01 3.378757e+01
9.999618e-01 2.219207e-04 -8.730080e-03 -1.160513e+00 -2.198394e-04 9.999999e-01 2.391864e-04 -8.291726e-01 8.730219e-03 -2.372607e-04 9.999618e-01 3.427066e+01
9.997205e-01 -5.330838e-04 2.363619e-02 -1.210616e+00 5.502009e-04 9.999996e-01 -7.176251e-04 -8.395537e-01 -2.363571e-02 7.304263e-04 9.997203e-01 3.472873e+01
9.999885e-01 1.397591e-04 -4.786075e-03 -1.236858e+00 -1.392155e-04 1.000000e+00 1.135389e-04 -8.508979e-01 4.786179e-03 -1.128741e-04 9.999885e-01 3.520428e+01
9.997799e-01 -5.082448e-04 2.097158e-02 -1.434969e+00 5.211124e-04 9.999997e-01 -6.080315e-04 -8.569656e-01 -2.097118e-02 6.188234e-04 9.997798e-01 3.570258e+01
9.999722e-01 1.877878e-04 -7.443702e-03 -1.620518e+00 -1.861176e-04 1.000000e+00 2.248267e-04 -8.665072e-01 7.443834e-03 -2.234379e-04 9.999722e-01 3.632365e+01
9.997288e-01 -5.096369e-04 2.327971e-02 -1.550532e+00 5.265638e-04 9.999996e-01 -7.209111e-04 -8.840488e-01 -2.327924e-02 7.329710e-04 9.997287e-01 3.690391e+01
9.999308e-01 2.843460e-04 -1.176164e-02 -1.465877e+00 -2.801135e-04 9.999999e-01 3.613361e-04 -9.024791e-01 1.176183e-02 -3.580194e-04 9.999307e-01 3.749769e+01
9.997896e-01 -4.788712e-04 2.050550e-02 -1.471524e+00 4.909337e-04 9.999997e-01 -5.831326e-04 -9.221106e-01 -2.050513e-02 5.930738e-04 9.997895e-01 3.827556e+01
9.999282e-01 2.684796e-04 -1.197790e-02 -1.548614e+00 -2.635517e-04 9.999999e-01 4.128254e-04 -9.424911e-01 1.197810e-02 -4.096419e-04 9.999281e-01 3.919791e+01
9.998137e-01 -4.458627e-04 1.929754e-02 -1.573781e+00 4.565019e-04 9.999997e-01 -5.468219e-04 -9.658179e-01 -1.929720e-02 5.555263e-04 9.998136e-01 4.015797e+01
9.998625e-01 3.466015e-04 -1.657811e-02 -1.641948e+00 -3.368266e-04 9.999998e-01 5.922944e-04 -9.895502e-01 1.657840e-02 -5.866320e-04 9.998623e-01 4.120089e+01
9.998414e-01 -4.316480e-04 1.780382e-02 -1.717960e+00 4.398376e-04 9.999998e-01 -4.559696e-04 -1.017676e+00 -1.780352e-02 4.637251e-04 9.998413e-01 4.243737e+01
9.998696e-01 3.435839e-04 -1.614623e-02 -1.780457e+00 -3.345189e-04 9.999998e-01 5.640009e-04 -1.044720e+00 1.614651e-02 -5.585290e-04 9.998694e-01 4.360697e+01
9.998334e-01 -4.381938e-04 1.824372e-02 -1.836195e+00 4.470777e-04 9.999998e-01 -4.827764e-04 -1.070809e+00 -1.824341e-02 4.908494e-04 9.998334e-01 4.472586e+01
9.999215e-01 2.893350e-04 -1.252419e-02 -1.881712e+00 -2.839102e-04 9.999999e-01 4.347584e-04 -1.096876e+00 1.252441e-02 -4.311715e-04 9.999214e-01 4.583360e+01
9.994066e-01 -7.176406e-04 3.443692e-02 -1.865223e+00 7.535159e-04 9.999992e-01 -1.028744e-03 -1.123457e+00 -3.443606e-02 1.054079e-03 9.994063e-01 4.687590e+01
9.997679e-01 4.624695e-04 -2.153792e-02 -1.878472e+00 -4.460576e-04 9.999996e-01 7.666972e-04 -1.153037e+00 2.153836e-02 -7.569151e-04 9.997677e-01 4.808375e+01
9.997398e-01 -5.443833e-04 2.280258e-02 -1.923563e+00 5.585175e-04 9.999997e-01 -6.133933e-04 -1.184021e+00 -2.280215e-02 6.259663e-04 9.997397e-01 4.938847e+01
9.997857e-01 4.600844e-04 -2.069289e-02 -1.936903e+00 -4.460227e-04 9.999997e-01 6.840464e-04 -1.210584e+00 2.069329e-02 -6.746734e-04 9.997856e-01 5.045452e+01
9.997840e-01 -5.135061e-04 2.077445e-02 -1.911095e+00 5.255063e-04 9.999997e-01 -5.720889e-04 -1.236490e+00 -2.077405e-02 5.828794e-04 9.997840e-01 5.142719e+01
9.997814e-01 4.622023e-04 -2.089998e-02 -1.917211e+00 -4.469913e-04 9.999996e-01 7.323634e-04 -1.265892e+00 2.090041e-02 -7.228642e-04 9.997812e-01 5.259691e+01
9.996765e-01 -5.877678e-04 2.542477e-02 -1.920129e+00 6.065155e-04 9.999995e-01 -7.295922e-04 -1.295090e+00 -2.542423e-02 7.447737e-04 9.996764e-01 5.375761e+01
9.997744e-01 4.856750e-04 -2.123536e-02 -1.870586e+00 -4.714384e-04 9.999997e-01 6.753138e-04 -1.318986e+00 2.123578e-02 -6.651532e-04 9.997742e-01 5.460935e+01
9.996218e-01 -5.886713e-04 2.749338e-02 -1.597260e+00 6.118128e-04 9.999995e-01 -8.332311e-04 -1.348813e+00 -2.749278e-02 8.497337e-04 9.996216e-01 5.538980e+01
9.997281e-01 4.994543e-04 -2.330996e-02 -1.492543e+00 -4.814877e-04 9.999996e-01 7.762763e-04 -1.374668e+00 2.331043e-02 -7.648448e-04 9.997279e-01 5.624282e+01
9.997306e-01 -5.415609e-04 2.320310e-02 -1.468751e+00 5.570376e-04 9.999996e-01 -6.604619e-04 -1.399815e+00 -2.320264e-02 6.732059e-04 9.997305e-01 5.718563e+01
9.997874e-01 4.630335e-04 -2.061257e-02 -1.391050e+00 -4.490518e-04 9.999997e-01 6.828256e-04 -1.427340e+00 2.061298e-02 -6.734273e-04 9.997872e-01 5.814366e+01
9.997700e-01 -5.280701e-04 2.143785e-02 -1.406645e+00 5.408478e-04 9.999997e-01 -5.901465e-04 -1.451536e+00 -2.143743e-02 6.016024e-04 9.997699e-01 5.911303e+01
9.998111e-01 4.435601e-04 -1.942897e-02 -1.438562e+00 -4.308546e-04 9.999997e-01 6.580130e-04 -1.476539e+00 1.942935e-02 -6.495206e-04 9.998110e-01 6.014484e+01
9.997948e-01 -5.135772e-04 2.024932e-02 -1.496555e+00 5.245069e-04 9.999997e-01 -5.343435e-04 -1.502402e+00 -2.024895e-02 5.448517e-04 9.997948e-01 6.125462e+01
9.998063e-01 4.489699e-04 -1.967225e-02 -1.545094e+00 -4.358696e-04 9.999997e-01 6.700996e-04 -1.529076e+00 1.967264e-02 -6.613983e-04 9.998062e-01 6.238191e+01
9.997865e-01 -5.248179e-04 2.065523e-02 -1.609806e+00 5.359170e-04 9.999997e-01 -5.317203e-04 -1.556825e+00 -2.065485e-02 5.426732e-04 9.997865e-01 6.358322e+01
9.997873e-01 4.741018e-04 -2.061649e-02 -1.669538e+00 -4.606804e-04 9.999997e-01 6.556376e-04 -1.579969e+00 2.061688e-02 -6.460036e-04 9.997872e-01 6.457972e+01
9.997952e-01 -5.133217e-04 2.022943e-02 -1.701302e+00 5.243881e-04 9.999997e-01 -5.416443e-04 -1.601913e+00 -2.022905e-02 5.521384e-04 9.997952e-01 6.547733e+01
9.997940e-01 4.668989e-04 -2.029162e-02 -1.728964e+00 -4.538201e-04 9.999997e-01 6.490341e-04 -1.624261e+00 2.029202e-02 -6.396946e-04 9.997938e-01 6.638638e+01
9.997866e-01 -5.235547e-04 2.064781e-02 -1.755401e+00 5.351200e-04 9.999997e-01 -5.544977e-04 -1.646612e+00 -2.064742e-02 5.654254e-04 9.997866e-01 6.729463e+01
9.998185e-01 4.558098e-04 -1.904542e-02 -1.693381e+00 -4.445796e-04 9.999997e-01 5.937628e-04 -1.671851e+00 1.904578e-02 -5.851908e-04 9.998184e-01 6.817943e+01
9.997676e-01 -5.195328e-04 2.155242e-02 -1.486285e+00 5.325965e-04 9.999997e-01 -6.003039e-04 -1.701490e+00 -2.155200e-02 6.116400e-04 9.997675e-01 6.904246e+01
9.997856e-01 4.669110e-04 -2.070165e-02 -1.417175e+00 -4.533063e-04 9.999997e-01 6.617605e-04 -1.726649e+00 2.070205e-02 -6.522374e-04 9.997854e-01 6.991336e+01
9.997247e-01 -5.490260e-04 2.345533e-02 -1.371260e+00 5.646746e-04 9.999996e-01 -6.604568e-04 -1.751299e+00 -2.345486e-02 6.735166e-04 9.997246e-01 7.080185e+01
9.997573e-01 4.790306e-04 -2.202201e-02 -1.377453e+00 -4.626110e-04 9.999996e-01 7.505883e-04 -1.777532e+00 2.202246e-02 -7.402216e-04 9.997571e-01 7.184215e+01
9.997385e-01 -5.372615e-04 2.286209e-02 -1.370197e+00 5.527148e-04 9.999996e-01 -6.695270e-04 -1.801679e+00 -2.286163e-02 6.819851e-04 9.997383e-01 7.277050e+01
9.997463e-01 4.849422e-04 -2.251748e-02 -1.357966e+00 -4.674036e-04 9.999996e-01 7.840454e-04 -1.827759e+00 2.251795e-02 -7.733247e-04 9.997461e-01 7.377302e+01
9.997474e-01 -5.284653e-04 2.246645e-02 -1.387276e+00 5.439658e-04 9.999996e-01 -6.837411e-04 -1.849257e+00 -2.246599e-02 6.957863e-04 9.997473e-01 7.464925e+01
9.997668e-01 4.698539e-04 -2.158669e-02 -1.427467e+00 -4.538144e-04 9.999996e-01 7.478159e-04 -1.869246e+00 2.158713e-02 -7.378482e-04 9.997666e-01 7.548106e+01
9.997337e-01 -5.324812e-04 2.307006e-02 -1.404511e+00 5.487464e-04 9.999996e-01 -6.986186e-04 -1.892847e+00 -2.306959e-02 7.110892e-04 9.997335e-01 7.636210e+01
9.997837e-01 4.607588e-04 -2.078960e-02 -1.377198e+00 -4.458174e-04 9.999996e-01 7.232156e-04 -1.916992e+00 2.079002e-02 -7.137938e-04 9.997835e-01 7.726053e+01
9.996748e-01 -5.746608e-04 2.549377e-02 -1.346210e+00 5.954326e-04 9.999995e-01 -8.071132e-04 -1.938650e+00 -2.549319e-02 8.220275e-04 9.996746e-01 7.805216e+01
9.998029e-01 4.148820e-04 -1.984892e-02 -1.476273e+00 -4.010548e-04 9.999997e-01 7.004844e-04 -1.952596e+00 1.984930e-02 -6.923888e-04 9.998027e-01 7.876736e+01
9.997021e-01 -5.522822e-04 2.440142e-02 -1.531048e+00 5.713208e-04 9.999995e-01 -7.731710e-04 -1.969777e+00 -2.440089e-02 7.868786e-04 9.997019e-01 7.950976e+01
9.997622e-01 4.650343e-04 -2.180093e-02 -1.566684e+00 -4.481307e-04 9.999996e-01 7.801336e-04 -1.989886e+00 2.180138e-02 -7.701814e-04 9.997620e-01 8.034240e+01
9.996713e-01 -5.785446e-04 2.563163e-02 -1.607784e+00 5.990694e-04 9.999995e-01 -7.930057e-04 -2.012211e+00 -2.563107e-02 8.080971e-04 9.996711e-01 8.127961e+01
9.997808e-01 4.502663e-04 -2.093181e-02 -1.650098e+00 -4.345312e-04 9.999996e-01 7.561622e-04 -2.034974e+00 2.093224e-02 -7.469039e-04 9.997806e-01 8.223817e+01
9.996073e-01 -6.264908e-04 2.801522e-02 -1.684122e+00 6.512471e-04 9.999994e-01 -8.744777e-04 -2.057553e+00 -2.801455e-02 8.923760e-04 9.996071e-01 8.318033e+01
9.997927e-01 4.637257e-04 -2.035462e-02 -1.696246e+00 -4.490205e-04 9.999996e-01 7.268974e-04 -2.080458e+00 2.035504e-02 -7.176101e-04 9.997925e-01 8.410093e+01
9.997222e-01 -5.629510e-04 2.355995e-02 -1.709537e+00 5.794969e-04 9.999996e-01 -6.953741e-04 -2.106514e+00 -2.355945e-02 7.088308e-04 9.997221e-01 8.514761e+01
9.997770e-01 4.717941e-04 -2.110999e-02 -1.776542e+00 -4.556818e-04 9.999996e-01 7.679419e-04 -2.132020e+00 2.111044e-02 -7.581542e-04 9.997768e-01 8.626116e+01
9.997344e-01 -5.539386e-04 2.303892e-02 -1.841786e+00 5.704718e-04 9.999996e-01 -7.109561e-04 -2.154176e+00 -2.303842e-02 7.239072e-04 9.997343e-01 8.723033e+01
9.999178e-01 3.366317e-04 -1.281307e-02 -1.821322e+00 -3.308505e-04 9.999998e-01 4.531212e-04 -2.175787e+00 1.281331e-02 -4.488478e-04 9.999177e-01 8.804456e+01
9.996138e-01 -6.305477e-04 2.778192e-02 -1.766661e+00 6.552080e-04 9.999994e-01 -8.784592e-04 -2.197507e+00 -2.778126e-02 8.963197e-04 9.996136e-01 8.881431e+01
9.999459e-01 2.709685e-04 -1.038976e-02 -1.779221e+00 -2.666692e-04 9.999999e-01 4.149491e-04 -2.219911e+00 1.038997e-02 -4.121592e-04 9.999459e-01 8.972739e+01
9.997290e-01 -5.330358e-04 2.327217e-02 -1.779132e+00 5.501833e-04 9.999996e-01 -7.303172e-04 -2.243701e+00 -2.327168e-02 7.429201e-04 9.997288e-01 9.067535e+01
9.998089e-01 4.383127e-04 -1.954349e-02 -1.780658e+00 -4.241720e-04 9.999996e-01 7.275587e-04 -2.268750e+00 1.954389e-02 -7.191330e-04 9.998087e-01 9.166252e+01
9.995605e-01 -6.445388e-04 2.963682e-02 -1.746281e+00 6.735444e-04 9.999993e-01 -9.686425e-04 -2.292069e+00 -2.963608e-02 9.881753e-04 9.995602e-01 9.252793e+01
9.997669e-01 4.835754e-04 -2.158076e-02 -1.748090e+00 -4.662713e-04 9.999996e-01 8.067293e-04 -2.315349e+00 2.158124e-02 -7.964819e-04 9.997667e-01 9.344711e+01
9.996898e-01 -5.880715e-04 2.489758e-02 -1.816132e+00 6.072438e-04 9.999995e-01 -7.623879e-04 -2.340895e+00 -2.489702e-02 7.772671e-04 9.996897e-01 9.456493e+01
9.998028e-01 4.538036e-04 -1.985022e-02 -1.879602e+00 -4.392929e-04 9.999996e-01 7.352300e-04 -2.365044e+00 1.985064e-02 -7.263681e-04 9.998026e-01 9.561980e+01
9.996422e-01 -6.083926e-04 2.673993e-02 -1.903551e+00 6.311956e-04 9.999994e-01 -8.442412e-04 -2.388718e+00 -2.673930e-02 8.608141e-04 9.996420e-01 9.659220e+01
9.996728e-01 5.505091e-04 -2.557165e-02 -1.956778e+00 -5.270280e-04 9.999994e-01 9.248713e-04 -2.410570e+00 2.557224e-02 -9.110948e-04 9.996725e-01 9.752678e+01
9.996505e-01 -6.022118e-04 2.642921e-02 -2.016039e+00 6.249601e-04 9.999994e-01 -8.523751e-04 -2.430264e+00 -2.642859e-02 8.685912e-04 9.996503e-01 9.837912e+01
9.996373e-01 5.917928e-04 -2.692416e-02 -2.110475e+00 -5.675925e-04 9.999994e-01 9.063654e-04 -2.442088e+00 2.692478e-02 -8.907578e-04 9.996370e-01 9.892685e+01
9.995856e-01 -6.426702e-04 2.877844e-02 -2.116370e+00 6.692474e-04 9.999994e-01 -9.137994e-04 -2.458949e+00 -2.877773e-02 9.326774e-04 9.995853e-01 9.957308e+01
9.997018e-01 5.362130e-04 -2.441215e-02 -2.173112e+00 -5.164073e-04 9.999995e-01 8.174900e-04 -2.472714e+00 2.441268e-02 -8.046427e-04 9.997016e-01 1.001627e+02
9.996412e-01 -6.018170e-04 2.677771e-02 -2.202552e+00 6.247539e-04 9.999994e-01 -8.481103e-04 -2.488138e+00 -2.677708e-02 8.645323e-04 9.996410e-01 1.007814e+02
9.997144e-01 5.189848e-04 -2.389047e-02 -2.226389e+00 -4.993061e-04 9.999995e-01 8.295470e-04 -2.506733e+00 2.389099e-02 -8.173846e-04 9.997142e-01 1.015327e+02
9.997214e-01 -5.492091e-04 2.359519e-02 -2.210686e+00 5.674314e-04 9.999995e-01 -7.654885e-04 -2.525080e+00 -2.359466e-02 7.786607e-04 9.997212e-01 1.022016e+02
9.997200e-01 5.186391e-04 -2.365651e-02 -2.136762e+00 -4.988168e-04 9.999995e-01 8.436968e-04 -2.548244e+00 2.365703e-02 -8.316634e-04 9.997197e-01 1.029872e+02
9.996793e-01 -5.641866e-04 2.531632e-02 -2.029021e+00 5.854805e-04 9.999995e-01 -8.336042e-04 -2.571876e+00 -2.531574e-02 8.481559e-04 9.996791e-01 1.037425e+02
9.997924e-01 4.621035e-04 -2.036970e-02 -1.793035e+00 -4.486153e-04 9.999997e-01 6.665973e-04 -2.590073e+00 2.037010e-02 -6.573239e-04 9.997922e-01 1.040968e+02
9.994918e-01 -6.740304e-04 3.186806e-02 -1.578314e+00 7.073157e-04 9.999992e-01 -1.033124e-03 -2.608873e+00 -3.186724e-02 1.055136e-03 9.994915e-01 1.045151e+02
9.996353e-01 6.152798e-04 -2.699464e-02 -1.201684e+00 -5.919975e-04 9.999994e-01 8.703539e-04 -2.633725e+00 2.699526e-02 -8.540589e-04 9.996351e-01 1.049328e+02
9.993830e-01 -7.128806e-04 3.511507e-02 -6.933694e-01 7.541368e-04 9.999990e-01 -1.161578e-03 -2.658891e+00 -3.511411e-02 1.187340e-03 9.993825e-01 1.051807e+02
9.996000e-01 6.164868e-04 -2.827274e-02 -3.553934e-01 -5.903334e-04 9.999994e-01 9.332730e-04 -2.680462e+00 2.827340e-02 -9.162126e-04 9.995998e-01 1.055263e+02
9.994357e-01 -7.238846e-04 3.357963e-02 -3.164804e-01 7.598670e-04 9.999992e-01 -1.058722e-03 -2.698536e+00 -3.357873e-02 1.083637e-03 9.994354e-01 1.061551e+02
9.996671e-01 5.821608e-04 -2.579261e-02 -1.249880e-01 -5.608932e-04 9.999995e-01 8.316690e-04 -2.719266e+00 2.579318e-02 -8.169285e-04 9.996669e-01 1.066783e+02
9.995018e-01 -7.017786e-04 3.155377e-02 -2.284318e-02 7.340308e-04 9.999992e-01 -1.010471e-03 -2.732714e+00 -3.155294e-02 1.033126e-03 9.995015e-01 1.070329e+02
9.997220e-01 5.200873e-04 -2.357051e-02 -1.098062e-01 -5.010588e-04 9.999995e-01 8.130695e-04 -2.746028e+00 2.357102e-02 -8.010364e-04 9.997218e-01 1.076581e+02
9.995441e-01 -6.748786e-04 3.018484e-02 -1.314225e-01 7.046866e-04 9.999993e-01 -9.767931e-04 -2.761347e+00 -3.018406e-02 9.976153e-04 9.995438e-01 1.082682e+02
9.997281e-01 5.283487e-04 -2.331038e-02 -8.050325e-02 -5.101263e-04 9.999996e-01 7.875337e-04 -2.778483e+00 2.331089e-02 -7.754316e-04 9.997279e-01 1.088467e+02
9.996296e-01 -6.240318e-04 2.720657e-02 -5.995668e-02 6.470146e-04 9.999994e-01 -8.358459e-04 -2.800430e+00 -2.720593e-02 8.531360e-04 9.996294e-01 1.096654e+02
9.998139e-01 5.026835e-04 -1.928071e-02 3.641839e-01 -4.908853e-04 9.999997e-01 6.164858e-04 -2.834881e+00 1.928111e-02 -6.069098e-04 9.998139e-01 1.104101e+02
9.997713e-01 -5.734752e-04 2.137720e-02 4.053551e-01 5.870666e-04 9.999996e-01 -6.293747e-04 -2.855451e+00 -2.137673e-02 6.417772e-04 9.997712e-01 1.111387e+02
9.997972e-01 5.080360e-04 -2.012777e-02 2.602477e-01 -4.947666e-04 9.999997e-01 6.640749e-04 -2.869285e+00 2.012820e-02 -6.539850e-04 9.997971e-01 1.118593e+02
9.996432e-01 -6.641812e-04 2.670277e-02 2.472212e-01 6.855483e-04 9.999995e-01 -7.909234e-04 -2.889926e+00 -2.670213e-02 8.089439e-04 9.996431e-01 1.126829e+02
9.999566e-01 3.132880e-04 -9.309750e-03 3.175896e-01 -3.106763e-04 9.999999e-01 2.816309e-04 -2.911720e+00 9.309937e-03 -2.787296e-04 9.999566e-01 1.134310e+02
9.998143e-01 -5.317588e-04 1.926069e-02 3.818184e-01 5.430098e-04 9.999997e-01 -5.787523e-04 -2.929534e+00 -1.926028e-02 5.891002e-04 9.998143e-01 1.140216e+02
9.998359e-01 4.705923e-04 -1.810700e-02 3.795655e-01 -4.600461e-04 9.999997e-01 5.864154e-04 -2.946432e+00 1.810737e-02 -5.779924e-04 9.998358e-01 1.146610e+02
9.996389e-01 -6.436729e-04 2.686373e-02 6.116576e-01 6.672579e-04 9.999994e-01 -8.688745e-04 -2.964924e+00 -2.686306e-02 8.864824e-04 9.996387e-01 1.150351e+02
9.999684e-01 2.462397e-04 -7.935552e-03 6.290685e-01 -2.439759e-04 9.999999e-01 2.858064e-04 -2.979541e+00 7.935722e-03 -2.838646e-04 9.999684e-01 1.155827e+02
9.998139e-01 -4.904720e-04 1.928307e-02 6.512910e-01 5.017100e-04 9.999997e-01 -5.777805e-04 -3.002146e+00 -1.928268e-02 5.873441e-04 9.998138e-01 1.164343e+02
9.999379e-01 3.276164e-04 -1.113623e-02 8.403959e-01 -3.237104e-04 9.999999e-01 3.522306e-04 -3.027888e+00 1.113644e-02 -3.486072e-04 9.999379e-01 1.171653e+02
9.997015e-01 -5.887099e-04 2.442168e-02 9.480569e-01 6.071977e-04 9.999995e-01 -7.494762e-04 -3.049378e+00 -2.442113e-02 7.640779e-04 9.997014e-01 1.178451e+02
9.997743e-01 4.920939e-04 -2.123758e-02 9.150559e-01 -4.762702e-04 9.999996e-01 7.499616e-04 -3.071287e+00 2.123805e-02 -7.396808e-04 9.997741e-01 1.187491e+02
9.995870e-01 -6.553339e-04 2.872734e-02 9.294476e-01 6.813674e-04 9.999994e-01 -8.963281e-04 -3.094814e+00 -2.872664e-02 9.155284e-04 9.995868e-01 1.196466e+02
9.997654e-01 5.147161e-04 -2.165092e-02 1.014209e+00 -4.986751e-04 9.999996e-01 7.461180e-04 -3.120386e+00 2.165139e-02 -7.351496e-04 9.997653e-01 1.205173e+02
9.998259e-01 -4.457298e-04 1.865064e-02 1.601193e+00 4.582310e-04 9.999997e-01 -6.658276e-04 -3.149404e+00 -1.865024e-02 6.742546e-04 9.998258e-01 1.207787e+02
9.997642e-01 5.073734e-04 -2.170452e-02 1.933569e+00 -4.907828e-04 9.999996e-01 7.695359e-04 -3.173267e+00 2.170500e-02 -7.587056e-04 9.997641e-01 1.212051e+02
9.997137e-01 -5.435710e-04 2.391934e-02 2.195545e+00 5.631411e-04 9.999995e-01 -8.112949e-04 -3.198993e+00 -2.391879e-02 8.245291e-04 9.997135e-01 1.218230e+02
9.995429e-01 6.829758e-04 -3.022143e-02 2.345288e+00 -6.507095e-04 9.999992e-01 1.077363e-03 -3.218723e+00 3.022224e-02 -1.057209e-03 9.995426e-01 1.223354e+02
9.997070e-01 -5.465837e-04 2.419864e-02 2.477561e+00 5.673945e-04 9.999995e-01 -8.529995e-04 -3.234093e+00 -2.419806e-02 8.664763e-04 9.997068e-01 1.227145e+02
9.997957e-01 4.442160e-04 -2.020670e-02 2.513230e+00 -4.290493e-04 9.999996e-01 7.547276e-04 -3.250748e+00 2.020713e-02 -7.459071e-04 9.997955e-01 1.232870e+02
9.996994e-01 -5.465406e-04 2.450987e-02 2.545421e+00 5.669432e-04 9.999995e-01 -8.253414e-04 -3.272495e+00 -2.450930e-02 8.389856e-04 9.996992e-01 1.240787e+02
9.996894e-01 5.275770e-04 -2.491367e-02 2.547540e+00 -5.054615e-04 9.999995e-01 8.938288e-04 -3.290114e+00 2.491422e-02 -8.809616e-04 9.996892e-01 1.247411e+02
9.996753e-01 -5.769448e-04 2.547285e-02 2.480121e+00 6.006318e-04 9.999994e-01 -9.221119e-04 -3.289991e+00 -2.547220e-02 9.371089e-04 9.996750e-01 1.247811e+02
9.997008e-01 5.784081e-04 -2.444985e-02 2.953918e+00 -5.575306e-04 9.999995e-01 8.605512e-04 -3.310230e+00 2.445044e-02 -8.466656e-04 9.997006e-01 1.248754e+02
9.995587e-01 -6.932532e-04 2.969467e-02 2.969178e+00 7.219310e-04 9.999993e-01 -9.549255e-04 -3.331277e+00 -2.969389e-02 9.759382e-04 9.995585e-01 1.256660e+02
9.996200e-01 6.399994e-04 -2.755746e-02 3.055259e+00 -6.150444e-04 9.999994e-01 9.138969e-04 -3.348640e+00 2.755813e-02 -8.966039e-04 9.996198e-01 1.261897e+02
9.995193e-01 -6.995786e-04 3.099325e-02 3.324430e+00 7.318925e-04 9.999992e-01 -1.031163e-03 -3.364622e+00 -3.099240e-02 1.053347e-03 9.995190e-01 1.264080e+02
9.995866e-01 6.647865e-04 -2.874214e-02 3.520824e+00 -6.370900e-04 9.999993e-01 9.726380e-04 -3.383665e+00 2.874286e-02 -9.539279e-04 9.995863e-01 1.268417e+02
9.995467e-01 -7.049149e-04 3.009578e-02 3.573103e+00 7.340182e-04 9.999993e-01 -9.558706e-04 -3.403932e+00 -3.009498e-02 9.775247e-04 9.995465e-01 1.275344e+02
9.995423e-01 7.064292e-04 -3.024176e-02 3.775882e+00 -6.764040e-04 9.999993e-01 1.002933e-03 -3.427202e+00 3.024255e-02 -9.820220e-04 9.995421e-01 1.281272e+02
9.996786e-01 -6.042050e-04 2.534075e-02 3.986600e+00 6.251063e-04 9.999995e-01 -8.167575e-04 -3.446651e+00 -2.534015e-02 8.323323e-04 9.996785e-01 1.285463e+02
9.996934e-01 5.545948e-04 -2.475422e-02 3.945485e+00 -5.321263e-04 9.999994e-01 9.140885e-04 -3.468982e+00 2.475481e-02 -9.006392e-04 9.996931e-01 1.294762e+02
9.997436e-01 -5.331390e-04 2.263470e-02 3.979660e+00 5.501538e-04 9.999996e-01 -7.453371e-04 -3.493325e+00 -2.263419e-02 7.575951e-04 9.997435e-01 1.303649e+02
9.997984e-01 4.441900e-04 -2.007070e-02 3.960445e+00 -4.287501e-04 9.999996e-01 7.733867e-04 -3.516699e+00 2.007114e-02 -7.646289e-04 9.997982e-01 1.313062e+02
9.998053e-01 -4.787183e-04 1.972180e-02 3.856609e+00 4.922763e-04 9.999996e-01 -6.824336e-04 -3.533246e+00 -1.972137e-02 6.920059e-04 9.998052e-01 1.320826e+02
9.997989e-01 4.485799e-04 -2.004478e-02 3.607690e+00 -4.336182e-04 9.999996e-01 7.505723e-04 -3.541945e+00 2.004521e-02 -7.417330e-04 9.997988e-01 1.327259e+02
9.997641e-01 -5.260317e-04 2.171011e-02 3.473971e+00 5.412915e-04 9.999996e-01 -6.968566e-04 -3.560000e+00 -2.170963e-02 7.084403e-04 9.997640e-01 1.336200e+02
9.998095e-01 4.359533e-04 -1.951116e-02 3.374169e+00 -4.207434e-04 9.999996e-01 7.834609e-04 -3.584836e+00 1.951159e-02 -7.751059e-04 9.998093e-01 1.347591e+02
9.997492e-01 -5.442098e-04 2.238568e-02 3.309437e+00 5.612966e-04 9.999996e-01 -7.568579e-04 -3.607309e+00 -2.238516e-02 7.692296e-04 9.997491e-01 1.357408e+02
9.998237e-01 4.459129e-04 -1.877087e-02 3.297592e+00 -4.321707e-04 9.999996e-01 7.359566e-04 -3.629839e+00 1.877129e-02 -7.277179e-04 9.998235e-01 1.366369e+02
9.998169e-01 -4.895955e-04 1.912505e-02 3.037886e+00 5.029447e-04 9.999996e-01 -6.930060e-04 -3.637531e+00 -1.912461e-02 7.024946e-04 9.998168e-01 1.372541e+02
9.998214e-01 4.420059e-04 -1.889064e-02 2.866468e+00 -4.273647e-04 9.999996e-01 7.788798e-04 -3.652795e+00 1.889108e-02 -7.706708e-04 9.998212e-01 1.380763e+02
9.998051e-01 -5.124304e-04 1.973284e-02 2.780084e+00 5.252998e-04 9.999997e-01 -6.468234e-04 -3.678362e+00 -1.973240e-02 6.570596e-04 9.998050e-01 1.392205e+02
9.997851e-01 4.925754e-04 -2.072380e-02 2.700579e+00 -4.757075e-04 9.999996e-01 8.186850e-04 -3.702075e+00 2.072430e-02 -8.086539e-04 9.997849e-01 1.402672e+02
9.998282e-01 -4.767299e-04 1.852494e-02 2.452741e+00 4.890028e-04 9.999997e-01 -6.577925e-04 -3.714173e+00 -1.852452e-02 6.667349e-04 9.998281e-01 1.410521e+02
9.997935e-01 4.942795e-04 -2.031151e-02 2.044926e+00 -4.787420e-04 9.999996e-01 7.696354e-04 -3.715330e+00 2.031198e-02 -7.597559e-04 9.997934e-01 1.415841e+02
9.998475e-01 -4.477311e-04 1.745736e-02 1.536302e+00 4.593286e-04 9.999997e-01 -6.601254e-04 -3.708562e+00 -1.745696e-02 6.680400e-04 9.998473e-01 1.419186e+02
9.997019e-01 5.960718e-04 -2.440710e-02 1.337039e+00 -5.728340e-04 9.999994e-01 9.589211e-04 -3.718451e+00 2.440776e-02 -9.446573e-04 9.997016e-01 1.425279e+02
9.997946e-01 -5.109976e-04 2.025962e-02 1.006398e+00 5.271413e-04 9.999995e-01 -7.913392e-04 -3.719714e+00 -2.025911e-02 8.018529e-04 9.997944e-01 1.429553e+02
9.997782e-01 5.041147e-04 -2.105406e-02 6.537102e-01 -4.863496e-04 9.999995e-01 8.487263e-04 -3.720893e+00 2.105458e-02 -8.383017e-04 9.997779e-01 1.434160e+02
9.997961e-01 -5.174124e-04 2.018229e-02 3.688756e-01 5.327907e-04 9.999996e-01 -7.564277e-04 -3.728418e+00 -2.018179e-02 7.670230e-04 9.997960e-01 1.440563e+02
9.997439e-01 5.347516e-04 -2.261956e-02 3.451037e-01 -5.139615e-04 9.999994e-01 9.247616e-04 -3.749077e+00 2.262014e-02 -9.129026e-04 9.997437e-01 1.448782e+02
9.999422e-01 -2.785692e-04 1.074111e-02 4.706148e-01 2.834496e-04 9.999999e-01 -4.525313e-04 -3.768107e+00 -1.074088e-02 4.555463e-04 9.999422e-01 1.454044e+02
9.998125e-01 4.467301e-04 -1.935481e-02 5.083652e-01 -4.312509e-04 9.999996e-01 8.037477e-04 -3.788005e+00 1.935527e-02 -7.952536e-04 9.998123e-01 1.460938e+02
9.998549e-01 -4.332514e-04 1.702703e-02 5.773439e-01 4.449859e-04 9.999997e-01 -6.851934e-04 -3.807747e+00 -1.702663e-02 6.926674e-04 9.998547e-01 1.467363e+02
9.998287e-01 4.308017e-04 -1.850267e-02 5.222173e-01 -4.176867e-04 9.999997e-01 7.124845e-04 -3.809812e+00 1.850307e-02 -7.046375e-04 9.998285e-01 1.468321e+02
9.998732e-01 -4.072266e-04 1.591729e-02 4.611799e-01 4.167671e-04 9.999997e-01 -5.958585e-04 -3.823174e+00 -1.591694e-02 6.024134e-04 9.998731e-01 1.474012e+02
9.998412e-01 4.068668e-04 -1.781124e-02 4.664996e-01 -3.939527e-04 9.999997e-01 7.283608e-04 -3.843591e+00 1.781163e-02 -7.212317e-04 9.998411e-01 1.481660e+02
9.998662e-01 -3.979368e-04 1.634938e-02 6.463625e-01 4.087214e-04 9.999997e-01 -6.560966e-04 -3.866234e+00 -1.634901e-02 6.626878e-04 9.998661e-01 1.487697e+02
9.997698e-01 4.902610e-04 -2.144819e-02 1.093136e+00 -4.727854e-04 9.999996e-01 8.196839e-04 -3.892572e+00 2.144868e-02 -8.093581e-04 9.997696e-01 1.491247e+02
9.998828e-01 -3.590257e-04 1.530527e-02 1.777718e+00 3.687558e-04 9.999997e-01 -6.327013e-04 -3.924096e+00 -1.530494e-02 6.382677e-04 9.998826e-01 1.493518e+02
9.998384e-01 4.361060e-04 -1.796906e-02 2.452261e+00 -4.235360e-04 9.999997e-01 7.031474e-04 -3.957267e+00 1.796946e-02 -6.954265e-04 9.998382e-01 1.496671e+02
9.998322e-01 -4.002985e-04 1.831293e-02 3.122639e+00 4.139258e-04 9.999996e-01 -7.401744e-04 -3.990051e+00 -1.831253e-02 7.476270e-04 9.998320e-01 1.499818e+02
9.998539e-01 3.864799e-04 -1.708384e-02 3.533168e+00 -3.741682e-04 9.999997e-01 7.236514e-04 -4.020778e+00 1.708421e-02 -7.171568e-04 9.998537e-01 1.505986e+02
9.998413e-01 -3.738406e-04 1.780844e-02 4.232190e+00 3.872937e-04 9.999996e-01 -7.518073e-04 -4.058066e+00 -1.780805e-02 7.585817e-04 9.998411e-01 1.510642e+02
9.998309e-01 4.183558e-04 -1.838015e-02 5.062095e+00 -4.044166e-04 9.999996e-01 7.619088e-04 -4.098417e+00 1.838056e-02 -7.543501e-04 9.998307e-01 1.514598e+02
9.998641e-01 -4.028148e-04 1.647804e-02 5.463239e+00 4.143341e-04 9.999997e-01 -6.954625e-04 -4.124137e+00 -1.647766e-02 7.021921e-04 9.998639e-01 1.518734e+02
9.998117e-01 4.289209e-04 -1.939840e-02 5.754902e+00 -4.128818e-04 9.999996e-01 8.306509e-04 -4.150792e+00 1.939884e-02 -8.224886e-04 9.998114e-01 1.524886e+02
9.997910e-01 -4.117733e-04 2.043679e-02 6.549937e+00 4.298397e-04 9.999995e-01 -8.794663e-04 -4.189235e+00 -2.043632e-02 8.880637e-04 9.997907e-01 1.528776e+02
9.998821e-01 4.514268e-04 -1.534609e-02 7.829934e+00 -4.413302e-04 9.999997e-01 6.610828e-04 -4.239563e+00 1.534648e-02 -6.542355e-04 9.998820e-01 1.530695e+02
9.998257e-01 -4.193809e-04 1.866385e-02 8.848111e+00 4.347579e-04 9.999996e-01 -8.196632e-04 -4.281521e+00 -1.866340e-02 8.276312e-04 9.998254e-01 1.532872e+02
9.998690e-01 4.460006e-04 -1.617942e-02 9.726932e+00 -4.351733e-04 9.999997e-01 6.725062e-04 -4.316736e+00 1.617981e-02 -6.653805e-04 9.998688e-01 1.534204e+02
9.998456e-01 -3.874705e-04 1.756691e-02 1.097716e+01 4.011311e-04 9.999996e-01 -7.739252e-04 -4.363853e+00 -1.756650e-02 7.808490e-04 9.998453e-01 1.535270e+02
9.998382e-01 4.721097e-04 -1.797854e-02 1.240594e+01 -4.586288e-04 9.999996e-01 7.537615e-04 -4.417774e+00 1.797899e-02 -7.453974e-04 9.998380e-01 1.536658e+02
9.998598e-01 -3.699755e-04 1.673872e-02 1.397180e+01 3.823366e-04 9.999997e-01 -7.350826e-04 -4.476355e+00 -1.673834e-02 7.413760e-04 9.998596e-01 1.538031e+02
9.998298e-01 4.768608e-04 -1.844059e-02 1.565949e+01 -4.627327e-04 9.999996e-01 7.702171e-04 -4.536427e+00 1.844105e-02 -7.615563e-04 9.998296e-01 1.538456e+02
9.998520e-01 -3.688352e-04 1.719929e-02 1.740287e+01 3.818139e-04 9.999996e-01 -7.511341e-04 -4.598193e+00 -1.719890e-02 7.575865e-04 9.998517e-01 1.538803e+02
9.998194e-01 4.869228e-04 -1.899383e-02 1.919168e+01 -4.718866e-04 9.999996e-01 7.959308e-04 -4.662725e+00 1.899431e-02 -7.868274e-04 9.998192e-01 1.539574e+02
9.998600e-01 -3.442249e-04 1.672539e-02 2.119593e+01 3.563667e-04 9.999997e-01 -7.227791e-04 -4.735739e+00 -1.672504e-02 7.286350e-04 9.998598e-01 1.540697e+02
9.998597e-01 4.908051e-04 -1.674093e-02 2.357876e+01 -4.789705e-04 9.999996e-01 7.107235e-04 -4.820891e+00 1.674138e-02 -7.026087e-04 9.998596e-01 1.541639e+02
9.998668e-01 -3.716858e-04 1.631101e-02 2.560020e+01 3.832344e-04 9.999997e-01 -7.047076e-04 -4.895998e+00 -1.631064e-02 7.108614e-04 9.998667e-01 1.543579e+02
9.998645e-01 4.650317e-04 -1.645090e-02 2.732780e+01 -4.537386e-04 9.999997e-01 6.899942e-04 -4.961308e+00 1.645132e-02 -6.824396e-04 9.998644e-01 1.545562e+02
9.998487e-01 -3.777289e-04 1.738526e-02 2.905837e+01 3.906996e-04 9.999996e-01 -7.424972e-04 -5.027825e+00 -1.738487e-02 7.491740e-04 9.998485e-01 1.547943e+02
9.998374e-01 4.817343e-04 -1.802284e-02 3.078752e+01 -4.682534e-04 9.999996e-01 7.520160e-04 -5.094502e+00 1.802330e-02 -7.434577e-04 9.998372e-01 1.550323e+02
9.998936e-01 -3.380608e-04 1.458000e-02 3.262435e+01 3.473089e-04 9.999997e-01 -6.315488e-04 -5.163989e+00 -1.457968e-02 6.365421e-04 9.998935e-01 1.552176e+02
9.998875e-01 4.452302e-04 -1.498764e-02 3.440483e+01 -4.359524e-04 9.999997e-01 6.220704e-04 -5.230324e+00 1.498801e-02 -6.154698e-04 9.998874e-01 1.553693e+02
9.999091e-01 -3.324264e-04 1.347802e-02 3.609509e+01 3.404282e-04 9.999998e-01 -5.911633e-04 -5.293513e+00 -1.347772e-02 5.956945e-04 9.999089e-01 1.555115e+02
9.998404e-01 4.799095e-04 -1.785760e-02 3.781566e+01 -4.668104e-04 9.999996e-01 7.375092e-04 -5.357617e+00 1.785804e-02 -7.290586e-04 9.998402e-01 1.556305e+02
9.998913e-01 -3.419475e-04 1.473950e-02 3.956599e+01 3.513685e-04 9.999997e-01 -6.363637e-04 -5.423589e+00 -1.473917e-02 6.414702e-04 9.998911e-01 1.557879e+02
9.998870e-01 4.286539e-04 -1.502266e-02 4.105361e+01 -4.194378e-04 9.999997e-01 6.164029e-04 -5.480957e+00 1.502302e-02 -6.100355e-04 9.998869e-01 1.559764e+02
9.999013e-01 -3.153870e-04 1.404259e-02 4.284562e+01 3.238892e-04 9.999998e-01 -6.029650e-04 -5.547420e+00 -1.404230e-02 6.074504e-04 9.999012e-01 1.561114e+02
9.998954e-01 4.421686e-04 -1.445157e-02 4.499222e+01 -4.335570e-04 9.999997e-01 5.987924e-04 -5.624456e+00 1.445193e-02 -5.924675e-04 9.998953e-01 1.562020e+02
9.998873e-01 -3.332717e-04 1.500347e-02 4.700759e+01 3.429584e-04 9.999997e-01 -6.428528e-04 -5.697249e+00 -1.500315e-02 6.479227e-04 9.998872e-01 1.563073e+02
9.999021e-01 4.610512e-04 -1.398322e-02 4.933805e+01 -4.529714e-04 9.999997e-01 5.807476e-04 -5.779450e+00 1.398358e-02 -5.743599e-04 9.999020e-01 1.563568e+02
9.998988e-01 -3.205839e-04 1.421931e-02 5.176873e+01 3.291635e-04 9.999998e-01 -6.008158e-04 -5.865890e+00 -1.421901e-02 6.054322e-04 9.998987e-01 1.564399e+02
9.999064e-01 4.546134e-04 -1.367117e-02 5.415552e+01 -4.469123e-04 9.999997e-01 5.661150e-04 -5.951389e+00 1.367152e-02 -5.599554e-04 9.999063e-01 1.565489e+02
9.999031e-01 -3.191056e-04 1.391069e-02 5.654266e+01 3.273026e-04 9.999998e-01 -5.867569e-04 -6.036950e+00 -1.391040e-02 5.912499e-04 9.999030e-01 1.566651e+02
9.999055e-01 4.687969e-04 -1.373686e-02 5.912426e+01 -4.610401e-04 9.999997e-01 5.675966e-04 -6.127851e+00 1.373722e-02 -5.612129e-04 9.999054e-01 1.567303e+02
9.999087e-01 -3.313826e-04 1.350707e-02 6.150843e+01 3.390605e-04 9.999998e-01 -5.659222e-04 -6.213802e+00 -1.350678e-02 5.704470e-04 9.999086e-01 1.568715e+02
9.999031e-01 4.530009e-04 -1.390649e-02 6.367491e+01 -4.451083e-04 9.999997e-01 5.704079e-04 -6.293281e+00 1.390685e-02 -5.641660e-04 9.999031e-01 1.570475e+02
9.999159e-01 -3.188057e-04 1.296382e-02 6.591206e+01 3.259382e-04 9.999998e-01 -5.478305e-04 -6.373369e+00 -1.296354e-02 5.520066e-04 9.999158e-01 1.571485e+02
9.999076e-01 4.545267e-04 -1.358606e-02 6.821420e+01 -4.470883e-04 9.999997e-01 5.502940e-04 -6.453792e+00 1.358640e-02 -5.441722e-04 9.999075e-01 1.571770e+02
9.999274e-01 -3.233833e-04 1.203755e-02 7.032226e+01 3.296361e-04 9.999998e-01 -5.171972e-04 -6.527446e+00 -1.203728e-02 5.211244e-04 9.999274e-01 1.571989e+02
9.999105e-01 4.328810e-04 -1.337167e-02 7.213831e+01 -4.257957e-04 9.999998e-01 5.324802e-04 -6.591178e+00 1.337199e-02 -5.267421e-04 9.999104e-01 1.572175e+02
9.999201e-01 -3.395836e-04 1.263446e-02 7.383153e+01 3.464651e-04 9.999998e-01 -5.422353e-04 -6.650970e+00 -1.263417e-02 5.465661e-04 9.999200e-01 1.572499e+02
9.999131e-01 4.364704e-04 -1.317024e-02 7.560277e+01 -4.296238e-04 9.999998e-01 5.224389e-04 -6.712780e+00 1.317057e-02 -5.167384e-04 9.999131e-01 1.572593e+02
9.999003e-01 -3.289662e-04 1.411556e-02 7.762339e+01 3.373930e-04 9.999998e-01 -5.943910e-04 -6.783904e+00 -1.411526e-02 5.990910e-04 9.999001e-01 1.572942e+02
9.999070e-01 4.347784e-04 -1.362441e-02 7.958928e+01 -4.275073e-04 9.999998e-01 5.363543e-04 -6.852312e+00 1.362474e-02 -5.304831e-04 9.999070e-01 1.572958e+02
9.998954e-01 -3.464791e-04 1.445452e-02 8.134835e+01 3.553613e-04 9.999997e-01 -6.117096e-04 -6.914156e+00 -1.445420e-02 6.167790e-04 9.998953e-01 1.573134e+02
