9.999968e-01 3.052093e-05 -2.542213e-03 -2.826784e-01 -3.036836e-05 1.000000e+00 6.004854e-05 2.959687e-03 2.542215e-03 -5.997066e-05 9.999967e-01 2.064019e-01
9.999946e-01 7.309267e-05 -3.291643e-03 -2.494840e-01 -7.242807e-05 1.000000e+00 2.020183e-04 -1.864047e-02 3.291657e-03 -2.017783e-04 9.999945e-01 9.856614e-01
9.999965e-01 3.412243e-05 -2.639527e-03 -2.293638e-01 -3.392514e-05 1.000000e+00 7.477875e-05 -3.829649e-02 2.639529e-03 -7.468841e-05 9.999964e-01 1.685154e+00
9.999156e-01 3.508911e-04 -1.298482e-02 -1.303001e-01 -3.438470e-04 9.999998e-01 5.447172e-04 -5.306921e-02 1.298501e-02 -5.402058e-04 9.999154e-01 2.092592e+00
9.998451e-01 4.430329e-04 -1.759293e-02 -1.192614e-01 -4.313938e-04 9.999997e-01 6.653699e-04 -6.817369e-02 1.759322e-02 -6.576767e-04 9.998449e-01 2.635426e+00
9.999969e-01 7.533337e-05 -2.477124e-03 -2.334094e-01 -7.507393e-05 1.000000e+00 1.048056e-04 -7.264045e-02 2.477123e-03 -1.046186e-04 9.999968e-01 2.958809e+00
9.998531e-01 4.262821e-04 -1.713269e-02 -2.971655e-01 -4.154393e-04 9.999997e-01 6.364249e-04 -7.593726e-02 1.713294e-02 -6.292129e-04 9.998529e-01 3.152650e+00
9.999889e-01 -1.320790e-04 4.707293e-03 -3.344273e-01 1.328070e-04 1.000000e+00 -1.543180e-04 -9.078072e-02 -4.707284e-03 1.549424e-04 9.999888e-01 3.761463e+00
9.998643e-01 4.004888e-04 -1.646802e-02 -3.842170e-01 -3.896104e-04 9.999997e-01 6.637762e-04 -1.081258e-01 1.646827e-02 -6.572691e-04 9.998641e-01 4.472361e+00
9.999957e-01 8.579118e-05 -2.938194e-03 -4.024169e-01 -8.545632e-05 1.000000e+00 1.140619e-04 -1.233671e-01 2.938190e-03 -1.138092e-04 9.999956e-01 5.065079e+00
9.999964e-01 -1.203936e-04 2.693853e-03 -5.226840e-01 1.207665e-04 1.000000e+00 -1.382337e-04 -1.241520e-01 -2.693851e-03 1.385595e-04 9.999963e-01 5.212832e+00
9.999967e-01 7.816994e-05 -2.584508e-03 -7.388260e-01 -7.791854e-05 1.000000e+00 9.733684e-05 -1.217249e-01 2.584501e-03 -9.713411e-05 9.999966e-01 5.363902e+00
9.999998e-01 -7.121768e-05 6.414298e-04 -9.092444e-01 7.124543e-05 1.000000e+00 -4.309429e-05 -1.280152e-01 -6.414412e-04 4.314101e-05 9.999997e-01 5.792244e+00
9.997830e-01 5.791622e-04 -2.082404e-02 -9.699115e-01 -5.613537e-04 9.999995e-01 8.610211e-04 -1.447354e-01 2.082451e-02 -8.491435e-04 9.997827e-01 6.507704e+00
9.999957e-01 -7.038588e-07 -2.924178e-03 -1.020470e+00 1.003497e-06 1.000000e+00 1.024238e-04 -1.600630e-01 2.924159e-03 -1.024251e-04 9.999956e-01 7.123777e+00
9.997449e-01 6.710410e-04 -2.257471e-02 -8.896382e-01 -6.519323e-04 9.999994e-01 8.538070e-04 -1.568524e-01 2.257525e-02 -8.388707e-04 9.997447e-01 6.803992e+00
9.999612e-01 -3.471643e-04 8.803575e-03 -7.506472e-01 3.504223e-04 9.999999e-01 -3.685103e-04 -1.547679e-01 -8.803469e-03 3.715823e-04 9.999611e-01 6.483133e+00
9.995226e-01 9.093292e-04 -3.088127e-02 -6.580615e-01 -8.737217e-04 9.999989e-01 1.166515e-03 -1.556375e-01 3.088227e-02 -1.138975e-03 9.995223e-01 6.341947e+00
9.999893e-01 -2.467990e-04 4.613442e-03 -5.152530e-01 2.476633e-04 1.000000e+00 -1.867289e-04 -1.620368e-01 -4.613423e-03 1.878710e-04 9.999892e-01 6.341391e+00
9.996935e-01 7.570755e-04 -2.474430e-02 -3.572071e-01 -7.342538e-04 9.999993e-01 9.313665e-04 -1.709241e-01 2.474496e-02 -9.129110e-04 9.996933e-01 6.429242e+00
9.997352e-01 -7.414731e-04 2.300135e-02 -2.348566e-01 7.614508e-04 9.999993e-01 -8.597876e-04 -1.844619e-01 -2.300072e-02 8.770758e-04 9.997350e-01 6.739671e+00
9.996956e-01 7.528272e-04 -2.466086e-02 -2.002178e-01 -7.300611e-04 9.999993e-01 9.321467e-04 -1.984893e-01 2.466152e-02 -9.138575e-04 9.996953e-01 7.196524e+00
9.999358e-01 -4.326559e-04 1.132286e-02 -2.338096e-01 4.376669e-04 9.999998e-01 -4.400556e-04 -2.070402e-01 -1.132270e-02 4.449846e-04 9.999357e-01 7.528288e+00
9.991919e-01 1.167157e-03 -4.017611e-02 -1.780796e-01 -1.105328e-03 9.999982e-01 1.561118e-03 -2.181942e-01 4.017783e-02 -1.515447e-03 9.991913e-01 7.823690e+00
9.999745e-01 -2.985715e-04 7.140760e-03 -8.368013e-02 3.006184e-04 9.999999e-01 -2.855212e-04 -2.301238e-01 -7.140711e-03 2.876623e-04 9.999744e-01 8.111112e+00
9.995269e-01 8.977973e-04 -3.074282e-02 -8.658650e-02 -8.615968e-04 9.999989e-01 1.190741e-03 -2.450052e-01 3.074382e-02 -1.163687e-03 9.995265e-01 8.657584e+00
9.999069e-01 -4.889289e-04 1.363474e-02 -1.141907e-01 4.956741e-04 9.999998e-01 -4.912998e-04 -2.643236e-01 -1.363453e-02 4.980143e-04 9.999068e-01 9.405844e+00
9.998842e-01 4.958892e-04 -1.520905e-02 2.480362e-01 -4.881222e-04 9.999997e-01 5.143599e-04 -2.702381e-01 1.520926e-02 -5.068746e-04 9.998841e-01 9.095656e+00
9.998957e-01 -4.924335e-04 1.443213e-02 5.652269e-01 5.000293e-04 9.999997e-01 -5.226835e-04 -2.532907e-01 -1.443191e-02 5.298474e-04 9.998956e-01 7.984084e+00
9.999069e-01 4.765593e-04 -1.363517e-02 -9.825227e-02 -4.713158e-04 9.999998e-01 3.877358e-04 -1.977402e-01 1.363531e-02 -3.812714e-04 9.999069e-01 6.598997e+00
9.998998e-01 -4.873226e-04 1.415025e-02 -6.669953e-01 4.944667e-04 9.999998e-01 -5.013496e-04 -1.415020e-01 -1.415004e-02 5.082980e-04 9.998997e-01 5.072978e+00
9.999022e-01 4.850330e-04 -1.397501e-02 -1.203476e+00 -4.794286e-04 9.999998e-01 4.043541e-04 -8.216854e-02 1.397517e-02 -3.976127e-04 9.999022e-01 3.382653e+00
9.999049e-01 -4.819973e-04 1.378198e-02 -1.702008e+00 4.888053e-04 9.999998e-01 -4.905785e-04 -3.287397e-02 -1.378178e-02 4.972704e-04 9.999048e-01 2.032598e+00
9.998982e-01 4.895395e-04 -1.425980e-02 -2.260633e+00 -4.838091e-04 9.999998e-01 4.052729e-04 1.118489e-02 1.425996e-02 -3.983308e-04 9.998981e-01 9.535172e-01
9.999038e-01 -4.793589e-04 1.386015e-02 -2.812133e+00 4.861952e-04 9.999998e-01 -4.898396e-04 6.143859e-02 -1.385995e-02 4.965331e-04 9.999037e-01 -3.728111e-01
9.998981e-01 4.897685e-04 -1.426689e-02 -3.265842e+00 -4.838265e-04 9.999998e-01 4.199063e-04 1.183520e-01 1.426706e-02 -4.129590e-04 9.998980e-01 -2.080846e+00
9.999072e-01 -4.670688e-04 1.361405e-02 -3.729032e+00 4.736382e-04 9.999998e-01 -4.792894e-04 1.833981e-01 -1.361386e-02 4.856948e-04 9.999071e-01 -4.095367e+00
9.998957e-01 4.946263e-04 -1.443122e-02 -4.263773e+00 -4.886588e-04 9.999998e-01 4.170129e-04 2.373129e-01 1.443138e-02 -4.099156e-04 9.998957e-01 -5.574989e+00
9.999017e-01 -4.965873e-04 1.401108e-02 -4.738607e+00 5.035704e-04 9.999998e-01 -4.948451e-04 2.675746e-01 -1.401087e-02 5.018539e-04 9.999016e-01 -6.206809e+00
9.999044e-01 4.802087e-04 -1.381673e-02 -5.304702e+00 -4.747438e-04 9.999998e-01 3.987793e-04 2.997628e-01 1.381688e-02 -3.921800e-04 9.999044e-01 -6.784941e+00
9.999036e-01 -4.997617e-04 1.387738e-02 -5.818266e+00 5.062623e-04 9.999998e-01 -4.648894e-04 3.223533e-01 -1.387719e-02 4.718719e-04 9.999035e-01 -7.033949e+00
9.999042e-01 4.580583e-04 -1.383018e-02 -6.087481e+00 -4.515232e-04 9.999998e-01 4.756177e-04 3.205591e-01 1.383036e-02 -4.693257e-04 9.999041e-01 -6.617024e+00
9.998663e-01 -5.730728e-04 1.634214e-02 -6.176971e+00 5.811448e-04 9.999997e-01 -4.891676e-04 3.051722e-01 -1.634189e-02 4.986011e-04 9.998662e-01 -5.881801e+00
9.998874e-01 4.837220e-04 -1.499652e-02 -6.319520e+00 -4.765828e-04 9.999998e-01 4.795970e-04 2.976351e-01 1.499670e-02 -4.723942e-04 9.998873e-01 -5.391202e+00
9.998512e-01 -5.927287e-04 1.723842e-02 -6.523161e+00 6.019775e-04 9.999997e-01 -5.313139e-04 2.955475e-01 -1.723814e-02 5.416138e-04 9.998512e-01 -5.026409e+00
9.998508e-01 5.488098e-04 -1.726537e-02 -6.597595e+00 -5.380062e-04 9.999997e-01 6.303574e-04 2.747227e-01 1.726567e-02 -6.209727e-04 9.998506e-01 -4.103850e+00
9.999010e-01 -5.021368e-04 1.405904e-02 -6.727789e+00 5.097058e-04 9.999997e-01 -5.347638e-04 2.741397e-01 -1.405880e-02 5.418787e-04 9.999009e-01 -3.938242e+00
9.996057e-01 8.662521e-04 -2.806604e-02 -7.057466e+00 -8.382393e-04 9.999991e-01 1.009839e-03 3.059614e-01 2.806685e-02 -9.859128e-04 9.996055e-01 -4.790173e+00
9.998180e-01 -6.314779e-04 1.906774e-02 -7.485160e+00 6.458340e-04 9.999995e-01 -7.467280e-04 3.450669e-01 -1.906730e-02 7.589086e-04 9.998178e-01 -5.817806e+00
9.993470e-01 1.094509e-03 -3.611562e-02 -7.827438e+00 -1.046013e-03 9.999985e-01 1.361661e-03 3.731367e-01 3.611702e-02 -1.322993e-03 9.993466e-01 -6.517466e+00
9.999081e-01 -4.957814e-04 1.355088e-02 -8.086008e+00 5.032525e-04 9.999997e-01 -5.478960e-04 3.910067e-01 -1.355065e-02 5.546671e-04 9.999079e-01 -6.932937e+00
9.992246e-01 1.170962e-03 -3.935486e-02 -8.219422e+00 -1.111911e-03 9.999982e-01 1.522293e-03 4.011582e-01 3.935652e-02 -1.477351e-03 9.992240e-01 -7.216279e+00
9.999235e-01 -4.548575e-04 1.236202e-02 -8.238292e+00 4.612517e-04 9.999998e-01 -5.143488e-04 4.021102e-01 -1.236183e-02 5.200136e-04 9.999234e-01 -7.275527e+00
9.989069e-01 1.381645e-03 -4.672346e-02 -8.286187e+00 -1.296735e-03 9.999975e-01 1.847545e-03 4.031683e-01 4.672584e-02 -1.784935e-03 9.989061e-01 -7.301225e+00
9.999958e-01 -1.935215e-04 2.897204e-03 -8.309144e+00 1.939526e-04 1.000000e+00 -1.482847e-04 4.000451e-01 -2.897233e-03 1.488483e-04 9.999957e-01 -7.181367e+00
9.987737e-01 1.446700e-03 -4.948731e-02 -8.263886e+00 -1.350775e-03 9.999971e-01 1.971764e-03 3.932188e-01 4.948996e-02 -1.902497e-03 9.987727e-01 -7.014190e+00
9.999783e-01 -3.000206e-04 6.574296e-03 -8.180985e+00 3.021285e-04 9.999999e-01 -3.194963e-04 3.869950e-01 -6.574264e-03 3.214782e-04 9.999782e-01 -6.927483e+00
9.985599e-01 1.561093e-03 -5.362607e-02 -8.163517e+00 -1.447647e-03 9.999966e-01 2.154267e-03 3.826741e-01 5.362919e-02 -2.073530e-03 9.985587e-01 -6.828238e+00
1.000000e+00 -9.822264e-05 -1.971296e-04 -8.161952e+00 9.821618e-05 1.000000e+00 -3.862893e-05 3.768191e-01 1.970615e-04 3.861225e-05 9.999999e-01 -6.637102e+00
9.986992e-01 1.481036e-03 -5.096767e-02 -8.162020e+00 -1.378418e-03 9.999970e-01 2.048465e-03 3.711295e-01 5.097047e-02 -1.975543e-03 9.986981e-01 -6.455572e+00
9.999996e-01 -7.700082e-05 -8.200110e-04 -8.180926e+00 7.699182e-05 1.000000e+00 -1.272103e-05 3.655416e-01 8.199333e-04 1.266074e-05 9.999996e-01 -6.247787e+00
9.986526e-01 1.505044e-03 -5.187259e-02 -8.189462e+00 -1.398403e-03 9.999968e-01 2.092031e-03 3.586607e-01 5.187550e-02 -2.016671e-03 9.986514e-01 -6.003838e+00
9.999985e-01 -1.349800e-04 1.739574e-03 -8.195700e+00 1.352046e-04 1.000000e+00 -1.280280e-04 3.535432e-01 -1.739642e-03 1.282660e-04 9.999984e-01 -5.827466e+00
9.985167e-01 1.564272e-03 -5.442407e-02 -8.237267e+00 -1.446420e-03 9.999965e-01 2.204737e-03 3.506882e-01 5.442724e-02 -2.122743e-03 9.985154e-01 -5.699612e+00
9.999978e-01 -9.895043e-06 -2.104714e-03 -8.307499e+00 9.947583e-06 1.000000e+00 2.403599e-05 3.464089e-01 2.104624e-03 -2.405381e-05 9.999977e-01 -5.463100e+00
9.988689e-01 1.357059e-03 -4.752847e-02 -8.337042e+00 -1.266712e-03 9.999973e-01 1.930927e-03 3.391870e-01 4.753087e-02 -1.868535e-03 9.988679e-01 -5.171947e+00
9.999992e-01 -4.068092e-05 -1.277199e-03 -8.372939e+00 4.064709e-05 1.000000e+00 -2.821475e-05 3.344896e-01 1.277107e-03 2.816592e-05 9.999991e-01 -4.981372e+00
9.989077e-01 1.336576e-03 -4.670728e-02 -8.389606e+00 -1.249342e-03 9.999974e-01 1.896762e-03 3.301171e-01 4.670960e-02 -1.836334e-03 9.989068e-01 -4.823726e+00
9.999982e-01 -1.210075e-04 1.852363e-03 -8.428446e+00 1.213337e-04 1.000000e+00 -1.747063e-04 3.292710e-01 -1.852439e-03 1.749339e-04 9.999982e-01 -4.773655e+00
9.990344e-01 1.241854e-03 -4.391607e-02 -8.431332e+00 -1.164160e-03 9.999977e-01 1.794615e-03 3.263268e-01 4.391810e-02 -1.741753e-03 9.990336e-01 -4.696577e+00
9.999987e-01 -1.013150e-04 1.611410e-03 -8.457202e+00 1.015822e-04 1.000000e+00 -1.641667e-04 3.219440e-01 -1.611492e-03 1.643333e-04 9.999986e-01 -4.527119e+00
9.995541e-01 8.562844e-04 -2.984510e-02 -8.545520e+00 -8.193268e-04 9.999989e-01 1.250434e-03 3.159704e-01 2.984604e-02 -1.225420e-03 9.995537e-01 -4.194818e+00
9.999975e-01 -4.930933e-06 -2.199557e-03 -8.640454e+00 4.952281e-06 1.000000e+00 8.450851e-06 3.098849e-01 2.199458e-03 -8.458653e-06 9.999975e-01 -3.866831e+00
9.994751e-01 9.363630e-04 -3.238006e-02 -8.702560e+00 -8.928388e-04 9.999987e-01 1.358515e-03 3.015239e-01 3.238119e-02 -1.328889e-03 9.994747e-01 -3.481797e+00
9.990546e-01 -1.140353e-03 4.345589e-02 -8.718537e+00 1.212821e-03 9.999979e-01 -1.641222e-03 2.855999e-01 -4.345403e-02 1.692378e-03 9.990539e-01 -2.849495e+00
9.997367e-01 7.686277e-04 -2.293260e-02 -8.799676e+00 -7.447260e-04 9.999992e-01 1.050664e-03 2.717730e-01 2.293329e-02 -1.033306e-03 9.997364e-01 -2.191999e+00
9.990870e-01 -1.128984e-03 4.270706e-02 -8.789598e+00 1.198714e-03 9.999980e-01 -1.607095e-03 2.528417e-01 -4.270526e-02 1.656825e-03 9.990863e-01 -1.455284e+00
9.998831e-01 6.276376e-04 -1.527288e-02 -8.788657e+00 -6.160401e-04 9.999995e-01 7.638783e-04 2.389382e-01 1.527326e-02 -7.543773e-04 9.998830e-01 -9.070348e-01
9.994039e-01 -9.911070e-04 3.450748e-02 -8.775872e+00 1.036796e-03 9.999986e-01 -1.306075e-03 2.189741e-01 -3.450623e-02 1.341077e-03 9.994035e-01 -1.343753e-01
9.997923e-01 7.366279e-04 -2.036364e-02 -8.754999e+00 -7.179857e-04 9.999993e-01 9.226368e-04 1.984435e-01 2.036421e-02 -9.078214e-04 9.997922e-01 6.371715e-01
9.991884e-01 -1.114680e-03 4.026315e-02 -8.764923e+00 1.174962e-03 9.999982e-01 -1.473515e-03 1.795492e-01 -4.026153e-02 1.519630e-03 9.991880e-01 1.401162e+00
9.995727e-01 9.326251e-04 -2.921368e-02 -8.753134e+00 -8.978173e-04 9.999989e-01 1.204502e-03 1.591612e-01 2.921468e-02 -1.177755e-03 9.995724e-01 2.180366e+00
9.995293e-01 -9.468692e-04 3.066319e-02 -8.659564e+00 9.844815e-04 9.999988e-01 -1.211466e-03 1.404085e-01 -3.066210e-02 1.241086e-03 9.995290e-01 2.747490e+00
9.998544e-01 7.100769e-04 -1.704454e-02 -8.580022e+00 -6.959388e-04 9.999994e-01 8.352536e-04 1.172069e-01 1.704503e-02 -8.232669e-04 9.998543e-01 3.530977e+00
9.997020e-01 -8.565127e-04 2.439516e-02 -8.581171e+00 8.813747e-04 9.999991e-01 -1.008294e-03 9.807917e-02 -2.439437e-02 1.029498e-03 9.997018e-01 4.271197e+00
9.997969e-01 7.780548e-04 -2.013604e-02 -8.574489e+00 -7.593696e-04 9.999993e-01 9.354573e-04 7.873733e-02 2.013666e-02 -9.199735e-04 9.997968e-01 5.003839e+00
9.998504e-01 -7.359679e-04 1.727775e-02 -8.596278e+00 7.493213e-04 9.999994e-01 -7.662550e-04 5.945475e-02 -1.727728e-02 7.790902e-04 9.998504e-01 5.761582e+00
9.994344e-01 1.158642e-03 -3.360858e-02 -8.672125e+00 -1.110345e-03 9.999983e-01 1.455610e-03 4.388030e-02 3.361011e-02 -1.417466e-03 9.994340e-01 6.441035e+00
9.999798e-01 -8.421774e-05 -6.357028e-03 -8.749074e+00 8.505773e-05 1.000000e+00 1.314552e-04 3.438630e-02 6.356919e-03 -1.319901e-04 9.999797e-01 6.881399e+00
9.993286e-01 1.258215e-03 -3.661463e-02 -8.835882e+00 -1.200002e-03 9.999980e-01 1.611723e-03 2.401072e-02 3.661648e-02 -1.566700e-03 9.993281e-01 7.384114e+00
9.999745e-01 -6.025357e-05 -7.141325e-03 -8.918693e+00 6.099977e-05 1.000000e+00 1.038797e-04 1.961743e-02 7.141219e-03 -1.043096e-04 9.999744e-01 7.642087e+00
9.997410e-01 8.509702e-04 -2.274016e-02 -8.962263e+00 -8.267611e-04 9.999991e-01 1.073853e-03 9.037270e-03 2.274096e-02 -1.054771e-03 9.997408e-01 8.084926e+00
9.999895e-01 -1.243226e-04 -4.569094e-03 -9.016950e+00 1.243700e-04 1.000000e+00 9.425871e-06 -2.391352e-03 4.568993e-03 -9.990934e-06 9.999895e-01 8.568972e+00
9.996812e-01 9.116292e-04 -2.522871e-02 -9.076774e+00 -8.825570e-04 9.999989e-01 1.163340e-03 -1.222424e-02 2.522964e-02 -1.140700e-03 9.996810e-01 9.002473e+00
9.999944e-01 -1.486818e-04 -3.325940e-03 -9.122385e+00 1.485741e-04 1.000000e+00 -3.355410e-05 -2.474159e-02 3.325845e-03 3.306281e-05 9.999944e-01 9.530371e+00
9.999476e-01 4.776166e-04 -1.022415e-02 -9.184877e+00 -4.716788e-04 9.999997e-01 5.828707e-04 -4.095562e-02 1.022432e-02 -5.780146e-04 9.999475e-01 1.022648e+01
9.999590e-01 -4.875592e-04 9.032800e-03 -9.180487e+00 4.922076e-04 9.999997e-01 -5.120518e-04 -5.776299e-02 -9.032648e-03 5.164799e-04 9.999590e-01 1.084506e+01
9.999572e-01 4.691994e-04 -9.233434e-03 -8.999683e+00 -4.644904e-04 9.999998e-01 5.117975e-04 -7.593714e-02 9.233572e-03 -5.074837e-04 9.999572e-01 1.125614e+01
9.999591e-01 -5.069332e-04 9.018850e-03 -9.044642e+00 5.110894e-04 9.999998e-01 -4.581881e-04 -9.259345e-02 -9.018716e-03 4.627819e-04 9.999592e-01 1.195285e+01
9.999639e-01 4.590608e-04 -8.480210e-03 -9.055909e+00 -4.549138e-04 9.999998e-01 4.905855e-04 -1.109484e-01 8.480334e-03 -4.867071e-04 9.999639e-01 1.266655e+01
9.999630e-01 -5.021134e-04 8.585252e-03 -9.024791e+00 5.058918e-04 9.999998e-01 -4.375784e-04 -1.317730e-01 -8.585130e-03 4.419085e-04 9.999630e-01 1.341560e+01
9.999628e-01 4.583161e-04 -8.611116e-03 -9.070456e+00 -4.539695e-04 9.999998e-01 5.063489e-04 -1.507211e-01 8.611246e-03 -5.024178e-04 9.999627e-01 1.421122e+01
9.999621e-01 -5.011453e-04 8.681667e-03 -9.069864e+00 5.051953e-04 9.999998e-01 -4.639481e-04 -1.689359e-01 -8.681533e-03 4.683195e-04 9.999622e-01 1.489943e+01
9.999675e-01 4.538826e-04 -8.047322e-03 -9.045399e+00 -4.500036e-04 9.999998e-01 4.834387e-04 -1.876495e-01 8.047440e-03 -4.797986e-04 9.999675e-01 1.557027e+01
9.999692e-01 -4.935103e-04 7.822358e-03 -9.074738e+00 4.969462e-04 9.999998e-01 -4.368995e-04 -2.041594e-01 -7.822240e-03 4.407764e-04 9.999693e-01 1.623512e+01
9.999690e-01 4.496321e-04 -7.850325e-03 -9.140522e+00 -4.456896e-04 9.999998e-01 5.035419e-04 -2.221433e-01 7.850450e-03 -5.000245e-04 9.999690e-01 1.702181e+01
9.999688e-01 -4.971091e-04 7.871042e-03 -9.186650e+00 5.004570e-04 9.999998e-01 -4.229686e-04 -2.425913e-01 -7.870930e-03 4.268977e-04 9.999689e-01 1.788219e+01
9.999752e-01 4.380509e-04 -7.025084e-03 -9.203308e+00 -4.347116e-04 9.999998e-01 4.764188e-04 -2.637817e-01 7.025191e-03 -4.733500e-04 9.999752e-01 1.872591e+01
9.999707e-01 -4.888004e-04 7.631130e-03 -9.202188e+00 4.922680e-04 9.999998e-01 -4.521137e-04 -2.820484e-01 -7.631007e-03 4.558602e-04 9.999707e-01 1.941547e+01
9.999849e-01 4.252459e-04 -5.464891e-03 -9.142371e+00 -4.228180e-04 9.999998e-01 4.448465e-04 -3.051400e-01 5.464979e-03 -4.425261e-04 9.999849e-01 2.021500e+01
9.999829e-01 -4.691010e-04 5.827802e-03 -9.034154e+00 4.714620e-04 9.999998e-01 -4.032178e-04 -3.287354e-01 -5.827712e-03 4.059616e-04 9.999829e-01 2.096163e+01
9.999837e-01 4.310192e-04 -5.690484e-03 -8.860540e+00 -4.284974e-04 9.999998e-01 4.438154e-04 -3.527900e-01 5.690574e-03 -4.413667e-04 9.999837e-01 2.162969e+01
9.999651e-01 -5.057744e-04 8.336696e-03 -8.762312e+00 5.098420e-04 9.999998e-01 -4.854029e-04 -3.751374e-01 -8.336548e-03 4.896395e-04 9.999651e-01 2.233794e+01
9.999940e-01 3.930387e-04 -3.423216e-03 -8.713618e+00 -3.918023e-04 9.999999e-01 3.609488e-04 -3.952637e-01 3.423258e-03 -3.596024e-04 9.999940e-01 2.303561e+01
9.999666e-01 -5.090890e-04 8.156853e-03 -8.702974e+00 5.125611e-04 9.999998e-01 -4.231892e-04 -4.194316e-01 -8.156735e-03 4.273591e-04 9.999666e-01 2.396583e+01
9.999754e-01 4.491191e-04 -6.999413e-03 -8.690511e+00 -4.458306e-04 9.999998e-01 4.709406e-04 -4.424953e-01 6.999524e-03 -4.678054e-04 9.999753e-01 2.483987e+01
9.999731e-01 -4.991026e-04 7.308067e-03 -8.690120e+00 5.021361e-04 9.999998e-01 -4.128287e-04 -4.631866e-01 -7.307959e-03 4.164904e-04 9.999732e-01 2.563389e+01
9.999854e-01 4.285681e-04 -5.384392e-03 -8.667849e+00 -4.263189e-04 9.999998e-01 4.182721e-04 -4.849034e-01 5.384471e-03 -4.159674e-04 9.999854e-01 2.643602e+01
9.999797e-01 -4.950991e-04 6.337642e-03 -8.691476e+00 4.974441e-04 9.999998e-01 -3.679368e-04 -5.059299e-01 -6.337559e-03 3.710852e-04 9.999798e-01 2.728596e+01
9.999865e-01 4.244472e-04 -5.176429e-03 -8.735532e+00 -4.221979e-04 9.999998e-01 4.350124e-04 -5.285925e-01 5.176513e-03 -4.328179e-04 9.999865e-01 2.823896e+01
9.999619e-01 -5.267520e-04 8.709057e-03 -8.725126e+00 5.311036e-04 9.999997e-01 -4.969921e-04 -5.484579e-01 -8.708893e-03 5.016017e-04 9.999619e-01 2.898472e+01
9.999790e-01 4.565438e-04 -6.458572e-03 -8.681381e+00 -4.533831e-04 9.999998e-01 4.903470e-04 -5.711145e-01 6.458695e-03 -4.874053e-04 9.999790e-01 2.979139e+01
9.999783e-01 -5.057889e-04 6.553249e-03 -8.686398e+00 5.087989e-04 9.999998e-01 -4.571516e-04 -5.881555e-01 -6.553117e-03 4.604792e-04 9.999784e-01 3.043945e+01
9.999774e-01 4.628946e-04 -6.695128e-03 -8.717967e+00 -4.594089e-04 9.999998e-01 5.216828e-04 -6.068933e-01 6.695268e-03 -5.185921e-04 9.999774e-01 3.120252e+01
9.999733e-01 -5.195224e-04 7.283307e-03 -8.708999e+00 5.228532e-04 9.999998e-01 -4.549742e-04 -6.297505e-01 -7.283168e-03 4.587733e-04 9.999733e-01 3.207337e+01
9.999779e-01 4.657902e-04 -6.623601e-03 -8.664011e+00 -4.624014e-04 9.999998e-01 5.126651e-04 -6.533842e-01 6.623739e-03 -5.095879e-04 9.999779e-01 3.291887e+01
9.999724e-01 -5.187826e-04 7.409957e-03 -8.620540e+00 5.222796e-04 9.999998e-01 -4.695670e-04 -6.758571e-01 -7.409812e-03 4.734274e-04 9.999724e-01 3.371787e+01
9.999775e-01 4.617906e-04 -6.684988e-03 -8.622830e+00 -4.582499e-04 9.999998e-01 5.307038e-04 -6.979692e-01 6.685131e-03 -5.276253e-04 9.999775e-01 3.457720e+01
9.999610e-01 -5.344242e-04 8.812102e-03 -8.568816e+00 5.392079e-04 9.999997e-01 -5.401245e-04 -7.202087e-01 -8.811911e-03 5.448582e-04 9.999610e-01 3.535026e+01
9.999676e-01 4.941811e-04 -8.025768e-03 -8.383976e+00 -4.897160e-04 9.999997e-01 5.579087e-04 -7.443388e-01 8.025942e-03 -5.539571e-04 9.999676e-01 3.601122e+01
9.999551e-01 -5.448174e-04 9.455490e-03 -8.169166e+00 5.498514e-04 9.999997e-01 -5.294524e-04 -7.738615e-01 -9.455299e-03 5.346310e-04 9.999551e-01 3.685609e+01
9.999882e-01 4.533273e-04 -4.833389e-03 -7.908280e+00 -4.512425e-04 9.999998e-01 4.317657e-04 -8.032647e-01 4.833483e-03 -4.295764e-04 9.999882e-01 3.762871e+01
9.998394e-01 -7.012011e-04 1.790486e-02 -7.689800e+00 7.158108e-04 9.999994e-01 -8.093853e-04 -8.298061e-01 -1.790439e-02 8.220751e-04 9.998393e-01 3.834835e+01
9.999783e-01 4.868601e-04 -6.561938e-03 -7.572219e+00 -4.835415e-04 9.999998e-01 5.068332e-04 -8.562233e-01 6.562084e-03 -5.036460e-04 9.999783e-01 3.920818e+01
9.998016e-01 -7.470100e-04 1.990138e-02 -7.413839e+00 7.650147e-04 9.999993e-01 -8.969397e-04 -8.796437e-01 -1.990079e-02 9.119899e-04 9.998015e-01 3.989083e+01
9.999279e-01 5.915885e-04 -1.199197e-02 -7.349626e+00 -5.830695e-04 9.999996e-01 7.136177e-04 -9.042202e-01 1.199229e-02 -7.065708e-04 9.999278e-01 4.075346e+01
9.998011e-01 -7.478784e-04 1.992507e-02 -7.283095e+00 7.657822e-04 9.999993e-01 -8.907815e-04 -9.295099e-01 -1.992449e-02 9.058659e-04 9.998010e-01 4.164191e+01
9.998952e-01 6.418903e-04 -1.446202e-02 -7.210852e+00 -6.304115e-04 9.999995e-01 7.980557e-04 -9.553741e-01 1.446242e-02 -7.888518e-04 9.998950e-01 4.254370e+01
9.997840e-01 -7.330235e-04 2.076991e-02 -6.905983e+00 7.526988e-04 9.999993e-01 -9.393434e-04 -9.870728e-01 -2.076930e-02 9.547773e-04 9.997838e-01 4.335834e+01
9.998660e-01 6.674270e-04 -1.635252e-02 -6.664420e+00 -6.532808e-04 9.999994e-01 8.702205e-04 -1.017393e+00 1.635299e-02 -8.594178e-04 9.998659e-01 4.420737e+01
9.997664e-01 -7.773660e-04 2.159710e-02 -6.612511e+00 7.983430e-04 9.999992e-01 -9.625357e-04 -1.041196e+00 -2.159643e-02 9.795561e-04 9.997662e-01 4.505516e+01
9.998524e-01 6.765153e-04 -1.716735e-02 -6.497906e+00 -6.618404e-04 9.999994e-01 8.603069e-04 -1.061370e+00 1.716782e-02 -8.488145e-04 9.998522e-01 4.565622e+01
9.996723e-01 -8.510344e-04 2.558111e-02 -6.462686e+00 8.787438e-04 9.999990e-01 -1.071851e-03 -1.081223e+00 -2.558028e-02 1.093983e-03 9.996721e-01 4.637605e+01
9.998350e-01 6.977575e-04 -1.814720e-02 -6.474984e+00 -6.808377e-04 9.999993e-01 9.383600e-04 -1.104775e+00 1.814774e-02 -9.258466e-04 9.998348e-01 4.732526e+01
9.997558e-01 -8.032742e-04 2.208375e-02 -6.531718e+00 8.237062e-04 9.999992e-01 -9.159836e-04 -1.130957e+00 -2.208310e-02 9.339538e-04 9.997556e-01 4.845254e+01
9.998366e-01 7.052062e-04 -1.806132e-02 -6.554408e+00 -6.889281e-04 9.999994e-01 9.073126e-04 -1.155645e+00 1.806185e-02 -8.947180e-04 9.998364e-01 4.946094e+01
9.997851e-01 -7.763825e-04 2.071281e-02 -6.571963e+00 7.946468e-04 9.999993e-01 -8.734210e-04 -1.180056e+00 -2.071222e-02 8.896961e-04 9.997850e-01 5.044817e+01
9.998479e-01 7.025509e-04 -1.742492e-02 -6.554102e+00 -6.871689e-04 9.999994e-01 8.885625e-04 -1.206387e+00 1.742544e-02 -8.764501e-04 9.998477e-01 5.145692e+01
9.997870e-01 -7.709447e-04 2.061977e-02 -6.482489e+00 7.893796e-04 9.999993e-01 -8.857688e-04 -1.233188e+00 -2.061917e-02 9.018605e-04 9.997869e-01 5.239823e+01
9.998456e-01 7.039440e-04 -1.755405e-02 -6.462592e+00 -6.885096e-04 9.999994e-01 8.851075e-04 -1.257460e+00 1.755457e-02 -8.728814e-04 9.998455e-01 5.331981e+01
9.998171e-01 -7.700286e-04 1.910894e-02 -6.526739e+00 7.854427e-04 9.999994e-01 -7.989887e-04 -1.281698e+00 -1.910841e-02 8.138550e-04 9.998170e-01 5.437486e+01
9.998643e-01 6.847042e-04 -1.645833e-02 -6.777305e+00 -6.718278e-04 9.999995e-01 7.876972e-04 -1.292053e+00 1.645876e-02 -7.765297e-04 9.998642e-01 5.510620e+01
9.998057e-01 -7.916866e-04 1.969170e-02 -7.008171e+00 8.084032e-04 9.999993e-01 -8.408109e-04 -1.299922e+00 -1.969112e-02 8.565699e-04 9.998057e-01 5.570884e+01
9.998519e-01 7.135202e-04 -1.719244e-02 -7.310159e+00 -6.994617e-04 9.999994e-01 8.235448e-04 -1.306745e+00 1.719292e-02 -8.113940e-04 9.998518e-01 5.635921e+01
9.998064e-01 -7.955544e-04 1.966042e-02 -7.720158e+00 8.137071e-04 9.999993e-01 -9.151694e-04 -1.298491e+00 -1.965977e-02 9.309935e-04 9.998062e-01 5.654913e+01
9.998439e-01 7.248449e-04 -1.765102e-02 -8.197567e+00 -7.105426e-04 9.999994e-01 8.163735e-04 -1.280333e+00 1.765150e-02 -8.037008e-04 9.998438e-01 5.643342e+01
9.997895e-01 -8.031824e-04 2.050133e-02 -8.793900e+00 8.225830e-04 9.999992e-01 -9.377457e-04 -1.261627e+00 -2.050066e-02 9.544158e-04 9.997893e-01 5.644495e+01
9.998278e-01 7.460646e-04 -1.854250e-02 -9.209033e+00 -7.300986e-04 9.999994e-01 8.676453e-04 -1.254543e+00 1.854304e-02 -8.539546e-04 9.998276e-01 5.667033e+01
9.997996e-01 -7.848425e-04 1.999935e-02 -9.798435e+00 8.042070e-04 9.999992e-01 -9.600833e-04 -1.234846e+00 -1.999868e-02 9.759780e-04 9.997995e-01 5.661907e+01
9.998301e-01 7.403063e-04 -1.841406e-02 -1.044877e+01 -7.246229e-04 9.999994e-01 8.582114e-04 -1.210628e+00 1.841459e-02 -8.447190e-04 9.998300e-01 5.647369e+01
9.997914e-01 -8.021730e-04 2.040457e-02 -1.097151e+01 8.220171e-04 9.999992e-01 -9.640122e-04 -1.187723e+00 -2.040388e-02 9.805875e-04 9.997913e-01 5.621916e+01
9.998259e-01 7.393603e-04 -1.864088e-02 -1.140720e+01 -7.233524e-04 9.999994e-01 8.653252e-04 -1.168371e+00 1.864141e-02 -8.516872e-04 9.998258e-01 5.598865e+01
9.997826e-01 -8.130242e-04 2.083268e-02 -1.178858e+01 8.327852e-04 9.999992e-01 -9.397538e-04 -1.161667e+00 -2.083200e-02 9.569021e-04 9.997825e-01 5.619795e+01
9.997959e-01 7.864858e-04 -2.018773e-02 -1.219166e+01 -7.681608e-04 9.999993e-01 9.153228e-04 -1.155841e+00 2.018834e-02 -8.996251e-04 9.997957e-01 5.645862e+01
9.998112e-01 -7.765318e-04 1.941297e-02 -1.249349e+01 7.941339e-04 9.999993e-01 -8.988688e-04 -1.140057e+00 -1.941236e-02 9.141191e-04 9.998111e-01 5.620050e+01
9.998836e-01 6.474720e-04 -1.523809e-02 -1.279188e+01 -6.359509e-04 9.999995e-01 7.607126e-04 -1.134635e+00 1.523848e-02 -7.509300e-04 9.998835e-01 5.636853e+01
9.998259e-01 -7.502098e-04 1.864090e-02 -1.310544e+01 7.663711e-04 9.999993e-01 -8.596871e-04 -1.134129e+00 -1.864034e-02 8.738267e-04 9.998258e-01 5.674059e+01
9.998991e-01 6.300363e-04 -1.418886e-02 -1.325602e+01 -6.191163e-04 9.999995e-01 7.737961e-04 -1.147047e+00 1.418924e-02 -7.649300e-04 9.998990e-01 5.743743e+01
9.998377e-01 -7.463123e-04 1.799600e-02 -1.337687e+01 7.610601e-04 9.999994e-01 -8.125056e-04 -1.164180e+00 -1.799549e-02 8.260733e-04 9.998377e-01 5.827510e+01
9.999778e-01 4.592156e-04 -6.644013e-03 -1.356125e+01 -4.563745e-04 9.999998e-01 4.286991e-04 -1.156121e+00 6.644111e-03 -4.256540e-04 9.999778e-01 5.819244e+01
9.998918e-01 -6.946302e-04 1.469251e-02 -1.376592e+01 7.050956e-04 9.999995e-01 -7.069201e-04 -1.146128e+00 -1.469211e-02 7.172067e-04 9.998917e-01 5.806224e+01
9.999908e-01 4.246111e-04 -4.258254e-03 -1.405658e+01 -4.231143e-04 9.999998e-01 3.517266e-04 -1.135421e+00 4.258305e-03 -3.499182e-04 9.999908e-01 5.801885e+01
9.999161e-01 -6.671698e-04 1.293394e-02 -1.432898e+01 6.758376e-04 9.999996e-01 -6.655728e-04 -1.119855e+00 -1.293358e-02 6.742617e-04 9.999161e-01 5.775542e+01
9.999959e-01 4.174608e-04 -2.809033e-03 -1.456357e+01 -4.164770e-04 9.999999e-01 3.497835e-04 -1.120848e+00 2.809081e-03 -3.486087e-04 9.999959e-01 5.809877e+01
9.999450e-01 -6.061742e-04 1.046613e-02 -1.465486e+01 6.115785e-04 9.999997e-01 -5.128941e-04 -1.139467e+00 -1.046591e-02 5.192703e-04 9.999450e-01 5.896511e+01
9.999745e-01 4.874577e-04 -7.119322e-03 -1.473665e+01 -4.840521e-04 9.999998e-01 4.796887e-04 -1.157585e+00 7.119457e-03 -4.762269e-04 9.999745e-01 5.978835e+01
9.998177e-01 -7.776277e-04 1.907507e-02 -1.500914e+01 7.938138e-04 9.999993e-01 -8.408410e-04 -1.158824e+00 -1.907450e-02 8.558333e-04 9.998176e-01 6.019450e+01
9.999887e-01 4.548423e-04 -4.727615e-03 -1.523507e+01 -4.528950e-04 9.999998e-01 4.123972e-04 -1.164805e+00 4.727706e-03 -4.102479e-04 9.999887e-01 6.072584e+01
9.997495e-01 -8.327766e-04 2.236656e-02 -1.530892e+01 8.534772e-04 9.999992e-01 -9.158594e-04 -1.180065e+00 -2.236588e-02 9.347229e-04 9.997494e-01 6.143345e+01
9.999948e-01 4.271879e-04 -3.197069e-03 -1.541582e+01 -4.260963e-04 9.999999e-01 3.412840e-04 -1.191822e+00 3.197119e-03 -3.399164e-04 9.999948e-01 6.204257e+01
9.998064e-01 -7.904580e-04 1.965952e-02 -1.553277e+01 8.066944e-04 9.999993e-01 -8.178260e-04 -1.204039e+00 -1.965896e-02 8.335305e-04 9.998063e-01 6.268175e+01
9.999983e-01 3.979918e-04 -1.764013e-03 -1.583650e+01 -3.975442e-04 9.999999e-01 2.526418e-04 -1.203162e+00 1.764019e-03 -2.519366e-04 9.999983e-01 6.305064e+01
9.997866e-01 -8.137940e-04 2.064147e-02 -1.608894e+01 8.315688e-04 9.999993e-01 -8.524278e-04 -1.201076e+00 -2.064086e-02 8.694143e-04 9.997865e-01 6.330635e+01
9.999737e-01 5.058992e-04 -7.229140e-03 -1.636466e+01 -5.027757e-04 9.999998e-01 4.335518e-04 -1.200859e+00 7.229264e-03 -4.299022e-04 9.999737e-01 6.365771e+01
9.998105e-01 -7.862564e-04 1.944868e-02 -1.651839e+01 8.012476e-04 9.999994e-01 -7.628946e-04 -1.213247e+00 -1.944816e-02 7.783369e-04 9.998105e-01 6.435188e+01
9.999954e-01 4.256337e-04 -2.994328e-03 -1.677098e+01 -4.249113e-04 9.999999e-01 2.410797e-04 -1.214140e+00 2.994338e-03 -2.398027e-04 9.999954e-01 6.471650e+01
9.998211e-01 -7.770195e-04 1.889780e-02 -1.704809e+01 7.913849e-04 9.999994e-01 -7.525637e-04 -1.210555e+00 -1.889729e-02 7.673881e-04 9.998211e-01 6.493663e+01
9.999780e-01 4.922347e-04 -6.613749e-03 -1.727145e+01 -4.899264e-04 9.999998e-01 3.502931e-04 -1.207240e+00 6.613829e-03 -3.470416e-04 9.999780e-01 6.509418e+01
9.998587e-01 -7.500198e-04 1.679059e-02 -1.753575e+01 7.615290e-04 9.999995e-01 -6.789331e-04 -1.202735e+00 -1.679016e-02 6.916273e-04 9.998587e-01 6.526053e+01
9.999999e-01 3.606441e-04 -7.547814e-05 -1.792685e+01 -3.606337e-04 9.999999e-01 1.074780e-04 -1.186462e+00 7.542685e-05 -1.074472e-04 9.999999e-01 6.513679e+01
9.998467e-01 -7.518169e-04 1.749012e-02 -1.829599e+01 7.638083e-04 9.999995e-01 -6.788114e-04 -1.176839e+00 -1.748969e-02 6.920701e-04 9.998467e-01 6.524606e+01
9.999995e-01 3.879961e-04 -8.493207e-04 -1.855208e+01 -3.878734e-04 9.999999e-01 1.420849e-04 -1.175802e+00 8.492872e-04 -1.417519e-04 9.999996e-01 6.553999e+01
9.999176e-01 -6.646771e-04 1.281609e-02 -1.890907e+01 6.720588e-04 9.999996e-01 -5.715077e-04 -1.161316e+00 -1.281580e-02 5.800774e-04 9.999176e-01 6.541491e+01
9.999997e-01 3.760556e-04 -6.731484e-04 -1.934351e+01 -3.759606e-04 9.999999e-01 1.382545e-04 -1.142899e+00 6.731130e-04 -1.379979e-04 9.999997e-01 6.524756e+01
9.999284e-01 -6.561661e-04 1.194228e-02 -1.984508e+01 6.627319e-04 9.999996e-01 -5.456708e-04 -1.119734e+00 -1.194200e-02 5.535499e-04 9.999285e-01 6.497769e+01
9.999998e-01 3.732488e-04 4.116160e-04 -2.031495e+01 -3.732833e-04 9.999999e-01 8.863334e-05 -1.097232e+00 -4.116691e-04 -8.878345e-05 9.999998e-01 6.468418e+01
9.998204e-01 -7.693406e-04 1.893451e-02 -2.055189e+01 7.840672e-04 9.999994e-01 -7.702480e-04 -1.082102e+00 -1.893399e-02 7.849591e-04 9.998204e-01 6.437430e+01
9.999989e-01 4.357361e-04 -1.411257e-03 -2.062122e+01 -4.355543e-04 9.999999e-01 1.277216e-04 -1.071704e+00 1.411228e-03 -1.271033e-04 9.999989e-01 6.402519e+01
9.997900e-01 -8.151444e-04 2.047604e-02 -2.090626e+01 8.317609e-04 9.999993e-01 -8.029135e-04 -1.056307e+00 -2.047545e-02 8.197795e-04 9.997899e-01 6.376873e+01
9.999999e-01 3.984268e-04 -9.740718e-05 -2.120835e+01 -3.984140e-04 9.999999e-01 1.118280e-04 -1.048305e+00 9.736964e-05 -1.117858e-04 9.999999e-01 6.384619e+01
9.997662e-01 -8.281794e-04 2.160442e-02 -2.145694e+01 8.468833e-04 9.999993e-01 -8.565234e-04 -1.035953e+00 -2.160377e-02 8.746231e-04 9.997662e-01 6.366908e+01
9.999994e-01 4.059603e-04 9.780704e-04 -2.150978e+01 -4.060076e-04 9.999999e-01 4.998557e-05 -1.024977e+00 -9.781295e-04 -5.037924e-05 9.999994e-01 6.328062e+01
9.996274e-01 -9.202994e-04 2.728117e-02 -2.145273e+01 9.485779e-04 9.999990e-01 -1.023572e-03 -1.018581e+00 -2.728028e-02 1.049072e-03 9.996272e-01 6.294169e+01
9.999970e-01 3.697869e-04 2.433067e-03 -2.149651e+01 -3.697684e-04 9.999999e-01 -7.399807e-06 -1.009301e+00 -2.433145e-03 6.503446e-06 9.999970e-01 6.262230e+01
9.996796e-01 -8.952916e-04 2.529443e-02 -2.155761e+01 9.194531e-04 9.999991e-01 -9.435344e-04 -9.988591e-01 -2.529364e-02 9.664925e-04 9.996795e-01 6.227312e+01
9.999887e-01 3.386501e-04 4.733806e-03 -2.155627e+01 -3.381812e-04 9.999999e-01 -9.955291e-05 -9.893155e-01 -4.733911e-03 9.795415e-05 9.999887e-01 6.188344e+01
9.996491e-01 -9.177904e-04 2.647241e-02 -2.156645e+01 9.436697e-04 9.999991e-01 -9.650683e-04 -9.815962e-01 -2.647157e-02 9.897141e-04 9.996490e-01 6.158093e+01
9.999980e-01 3.763003e-04 1.935692e-03 -2.169274e+01 -3.762610e-04 9.999999e-01 -2.004959e-05 -9.677154e-01 -1.935767e-03 1.932438e-05 9.999980e-01 6.118871e+01
9.997732e-01 -8.384209e-04 2.127901e-02 -2.178601e+01 8.552376e-04 9.999993e-01 -7.811481e-04 -9.508653e-01 -2.127841e-02 7.991727e-04 9.997732e-01 6.062905e+01
9.999969e-01 4.021966e-04 2.451733e-03 -2.171226e+01 -4.020533e-04 9.999999e-01 -5.848884e-05 -9.424045e-01 -2.451820e-03 5.750599e-05 9.999969e-01 6.018532e+01
9.997704e-01 -8.586212e-04 2.141091e-02 -2.163101e+01 8.752991e-04 9.999993e-01 -7.695319e-04 -9.341107e-01 -2.141029e-02 7.880992e-04 9.997704e-01 5.973909e+01
9.999989e-01 3.959116e-04 1.451158e-03 -2.171938e+01 -3.958737e-04 9.999999e-01 -2.569573e-05 -9.222181e-01 -1.451229e-03 2.512420e-05 9.999989e-01 5.936469e+01
9.997391e-01 -8.692402e-04 2.282267e-02 -2.167151e+01 8.878794e-04 9.999993e-01 -8.065326e-04 -9.148838e-01 -2.282201e-02 8.265890e-04 9.997391e-01 5.899162e+01
9.999975e-01 3.870162e-04 2.220434e-03 -2.157881e+01 -3.868741e-04 9.999999e-01 -6.401332e-05 -9.081373e-01 -2.220515e-03 6.315700e-05 9.999974e-01 5.858842e+01
9.997936e-01 -8.324432e-04 2.029799e-02 -2.149081e+01 8.470516e-04 9.999994e-01 -7.110625e-04 -9.020363e-01 -2.029744e-02 7.281121e-04 9.997936e-01 5.821069e+01
9.999996e-01 4.396681e-04 7.209186e-04 -2.118154e+01 -4.396472e-04 9.999999e-01 -2.798510e-05 -9.057285e-01 -7.209837e-04 2.767091e-05 9.999996e-01 5.792844e+01
9.998028e-01 -8.171865e-04 1.984018e-02 -2.084804e+01 8.311115e-04 9.999994e-01 -6.935848e-04 -9.086491e-01 -1.983966e-02 7.099402e-04 9.998028e-01 5.759084e+01
9.999984e-01 3.931594e-04 1.734240e-03 -2.071365e+01 -3.930534e-04 9.999999e-01 -6.103820e-05 -9.037749e-01 -1.734313e-03 6.035913e-05 9.999984e-01 5.719946e+01
9.998673e-01 -7.439410e-04 1.627378e-02 -2.047250e+01 7.533226e-04 9.999996e-01 -5.703200e-04 -9.024325e-01 -1.627339e-02 5.825064e-04 9.998673e-01 5.680684e+01
9.999857e-01 3.290057e-04 5.343606e-03 -2.031207e+01 -3.279630e-04 9.999999e-01 -1.958837e-04 -9.003355e-01 -5.343716e-03 1.941310e-04 9.999856e-01 5.649374e+01
9.998684e-01 -7.507270e-04 1.620617e-02 -2.022255e+01 7.596335e-04 9.999996e-01 -5.433869e-04 -9.012360e-01 -1.620580e-02 5.556287e-04 9.998684e-01 5.638177e+01
9.999980e-01 4.691403e-04 -1.954112e-03 -1.994652e+01 -4.690767e-04 9.999999e-01 3.270099e-05 -9.074648e-01 1.954085e-03 -3.178181e-05 9.999980e-01 5.622697e+01
9.998957e-01 -7.308624e-04 1.442628e-02 -1.970134e+01 7.378543e-04 9.999996e-01 -4.793081e-04 -9.116887e-01 -1.442597e-02 4.899051e-04 9.998957e-01 5.603195e+01
9.999996e-01 4.319602e-04 8.021625e-04 -1.942279e+01 -4.319017e-04 9.999999e-01 -7.251898e-05 -9.131800e-01 -8.022338e-04 7.217490e-05 9.999996e-01 5.569637e+01
9.999122e-01 -7.068419e-04 1.323349e-02 -1.913068e+01 7.125704e-04 9.999997e-01 -4.281254e-04 -9.205426e-01 -1.323322e-02 4.375200e-04 9.999122e-01 5.556512e+01
9.999993e-01 4.241446e-04 1.086248e-03 -1.889419e+01 -4.240540e-04 9.999999e-01 -8.320373e-05 -9.292373e-01 -1.086321e-03 8.274537e-05 9.999993e-01 5.555591e+01
9.999166e-01 -7.150668e-04 1.289309e-02 -1.878311e+01 7.205139e-04 9.999997e-01 -4.178094e-04 -9.304308e-01 -1.289282e-02 4.270665e-04 9.999167e-01 5.541506e+01
9.999715e-01 3.149289e-04 7.536850e-03 -1.868019e+01 -3.126521e-04 9.999999e-01 -3.032053e-04 -9.316586e-01 -7.536979e-03 3.008425e-04 9.999715e-01 5.529325e+01
9.999774e-01 -5.791500e-04 6.701350e-03 -1.834915e+01 5.805863e-04 9.999998e-01 -2.123285e-04 -9.437055e-01 -6.701258e-03 2.162166e-04 9.999774e-01 5.529440e+01
9.999987e-01 4.770113e-04 -1.508727e-03 -1.793958e+01 -4.770244e-04 9.999999e-01 -8.559649e-06 -9.567684e-01 1.508691e-03 9.281503e-06 9.999988e-01 5.521504e+01
9.999553e-01 -5.985624e-04 9.440052e-03 -1.739898e+01 6.014967e-04 9.999998e-01 -3.079542e-04 -9.722436e-01 -9.439897e-03 3.136208e-04 9.999553e-01 5.507036e+01
9.999358e-01 6.520409e-04 -1.131273e-02 -1.689105e+01 -6.482829e-04 9.999997e-01 3.358263e-04 -9.910211e-01 1.131291e-02 -3.284687e-04 9.999359e-01 5.505318e+01
9.999870e-01 -2.639795e-04 -5.087318e-03 -1.645469e+01 2.652892e-04 9.999999e-01 2.566973e-04 -1.008932e+00 5.087217e-03 -2.580414e-04 9.999869e-01 5.509501e+01
9.999696e-01 5.623138e-04 -7.774642e-03 -1.583241e+01 -5.608104e-04 9.999998e-01 1.955029e-04 -1.031950e+00 7.774716e-03 -1.911347e-04 9.999697e-01 5.508322e+01
9.999914e-01 -2.908225e-04 -4.142307e-03 -1.518655e+01 2.917376e-04 9.999999e-01 2.202132e-04 -1.055492e+00 4.142207e-03 -2.214175e-04 9.999913e-01 5.505497e+01
9.998629e-01 7.882082e-04 -1.653778e-02 -1.468526e+01 -7.791635e-04 9.999995e-01 5.533171e-04 -1.074712e+00 1.653817e-02 -5.403533e-04 9.998630e-01 5.506923e+01
9.999999e-01 -4.014855e-04 2.793865e-04 -1.416799e+01 4.014786e-04 9.999999e-01 2.667053e-05 -1.094613e+00 -2.794362e-04 -2.655599e-05 9.999999e-01 5.508548e+01
9.998746e-01 7.645999e-04 -1.581499e-02 -1.364259e+01 -7.561081e-04 9.999996e-01 5.428882e-04 -1.114663e+00 1.581536e-02 -5.308599e-04 9.998747e-01 5.509217e+01
9.999987e-01 -3.476957e-04 -1.581926e-03 -1.318062e+01 3.478420e-04 9.999999e-01 9.189316e-05 -1.134714e+00 1.581852e-03 -9.244083e-05 9.999986e-01 5.518524e+01
9.999954e-01 4.353863e-04 -2.986721e-03 -1.280256e+01 -4.352947e-04 9.999999e-01 3.114836e-05 -1.154705e+00 2.986692e-03 -2.984566e-05 9.999954e-01 5.538209e+01
9.999986e-01 -4.146601e-04 1.608509e-03 -1.242103e+01 4.146746e-04 9.999999e-01 -8.290203e-06 -1.177089e+00 -1.608548e-03 8.959674e-06 9.999986e-01 5.567579e+01
9.999866e-01 4.921186e-04 -5.144676e-03 -1.188968e+01 -4.916149e-04 9.999999e-01 9.907346e-05 -1.201667e+00 5.144681e-03 -9.654048e-05 9.999867e-01 5.583733e+01
9.999942e-01 -3.175152e-04 -3.377101e-03 -1.145985e+01 3.181162e-04 9.999999e-01 1.772597e-04 -1.222212e+00 3.377001e-03 -1.783305e-04 9.999942e-01 5.597300e+01
9.998111e-01 8.883088e-04 -1.941727e-02 -1.128646e+01 -8.749380e-04 9.999994e-01 6.970555e-04 -1.236418e+00 1.941783e-02 -6.799324e-04 9.998111e-01 5.624766e+01
9.999862e-01 -5.605310e-04 5.219539e-03 -1.121435e+01 5.612827e-04 9.999998e-01 -1.424252e-04 -1.253731e+00 -5.219506e-03 1.453554e-04 9.999863e-01 5.677782e+01
9.996076e-01 1.141123e-03 -2.798913e-02 -1.108545e+01 -1.112551e-03 9.999988e-01 1.036342e-03 -1.267475e+00 2.799023e-02 -1.004794e-03 9.996076e-01 5.709858e+01
9.999616e-01 -6.649631e-04 8.739900e-03 -1.073328e+01 6.676798e-04 9.999997e-01 -3.078331e-04 -1.285022e+00 -8.739744e-03 3.136594e-04 9.999617e-01 5.725399e+01
9.995190e-01 1.222910e-03 -3.098899e-02 -1.049676e+01 -1.187089e-03 9.999986e-01 1.174255e-03 -1.299768e+00 3.099033e-02 -1.136900e-03 9.995189e-01 5.745731e+01
