9.996596e-01 -4.935089e-04 2.608663e-02 3.573328e-02 5.150260e-04 9.999995e-01 -8.181170e-04 -1.596126e-02 -2.608621e-02 8.312742e-04 9.996593e-01 5.865990e-01
9.999398e-01 -2.081992e-04 1.097466e-02 6.996626e-02 2.122000e-04 9.999999e-01 -3.633811e-04 -2.926289e-02 -1.097458e-02 3.656883e-04 9.999396e-01 1.079558e+00
9.994432e-01 -6.158374e-04 3.336113e-02 1.076595e-01 6.511223e-04 9.999992e-01 -1.046812e-03 -4.209641e-02 -3.336045e-02 1.067951e-03 9.994427e-01 1.558396e+00
9.999745e-01 1.322629e-04 -7.140870e-03 1.578649e-01 -1.306159e-04 1.000000e+00 2.311154e-04 -5.949913e-02 7.140914e-03 -2.301767e-04 9.999744e-01 2.177716e+00
9.993778e-01 -6.567024e-04 3.526435e-02 2.085402e-01 6.960297e-04 9.999991e-01 -1.102950e-03 -7.669247e-02 -3.526358e-02 1.126809e-03 9.993773e-01 2.790430e+00
9.998677e-01 -2.847151e-04 1.626630e-02 2.573843e-01 2.936327e-04 9.999998e-01 -5.458362e-04 -8.884490e-02 -1.626612e-02 5.505401e-04 9.998674e-01 3.239872e+00
9.997254e-01 -4.501247e-04 2.342885e-02 2.826362e-01 4.671938e-04 9.999996e-01 -7.230808e-04 -1.001447e-01 -2.342850e-02 7.338277e-04 9.997251e-01 3.670811e+00
9.999047e-01 -2.544827e-04 1.380236e-02 3.392151e-01 2.607996e-04 9.999999e-01 -4.558659e-04 -1.161484e-01 -1.380221e-02 4.594217e-04 9.999045e-01 4.241459e+00
9.995280e-01 -5.741488e-04 3.071636e-02 3.977436e-01 6.038084e-04 9.999994e-01 -9.563271e-04 -1.315865e-01 -3.071576e-02 9.744218e-04 9.995276e-01 4.798465e+00
9.999321e-01 -2.139475e-04 1.165392e-02 4.697109e-01 2.183177e-04 9.999999e-01 -3.737130e-04 -1.495275e-01 -1.165380e-02 3.762311e-04 9.999319e-01 5.439303e+00
9.993396e-01 -6.660695e-04 3.632966e-02 5.593363e-01 7.080049e-04 9.999991e-01 -1.141444e-03 -1.670011e-01 -3.632883e-02 1.166411e-03 9.993391e-01 6.045142e+00
9.999768e-01 -1.272160e-04 6.810814e-03 6.456723e-01 1.286808e-04 1.000000e+00 -2.145946e-04 -1.844368e-01 -6.810741e-03 2.154650e-04 9.999767e-01 6.645504e+00
9.995947e-01 -5.339381e-04 2.846359e-02 6.991230e-01 5.598666e-04 9.999994e-01 -9.029663e-04 -2.007378e-01 -2.846304e-02 9.185349e-04 9.995943e-01 7.229320e+00
9.998102e-01 -3.406598e-04 1.947788e-02 7.678006e-01 3.530224e-04 9.999997e-01 -6.312450e-04 -2.152380e-01 -1.947761e-02 6.379999e-04 9.998100e-01 7.742181e+00
9.996477e-01 -5.052795e-04 2.653679e-02 8.292305e-01 5.275757e-04 9.999995e-01 -8.331853e-04 -2.301996e-01 -2.653630e-02 8.468904e-04 9.996474e-01 8.281589e+00
9.999855e-01 -7.629994e-05 5.378420e-03 8.989990e-01 7.702385e-05 1.000000e+00 -1.342906e-04 -2.542449e-01 -5.378351e-03 1.347014e-04 9.999854e-01 9.151606e+00
9.995496e-01 -5.782073e-04 3.000279e-02 9.626501e-01 6.071598e-04 9.999994e-01 -9.558738e-04 -2.759533e-01 -3.000215e-02 9.736581e-04 9.995493e-01 9.945508e+00
9.999559e-01 -1.521535e-04 9.391632e-03 1.037158e+00 1.546847e-04 1.000000e+00 -2.687195e-04 -2.963685e-01 -9.391526e-03 2.701586e-04 9.999558e-01 1.067577e+01
9.996686e-01 -5.001612e-04 2.573769e-02 1.104991e+00 5.210469e-04 9.999995e-01 -8.047566e-04 -3.193162e-01 -2.573721e-02 8.178985e-04 9.996683e-01 1.150867e+01
9.999501e-01 -1.669779e-04 9.989220e-03 1.172659e+00 1.701252e-04 9.999999e-01 -3.141341e-04 -3.388821e-01 -9.989097e-03 3.158158e-04 9.999500e-01 1.220815e+01
9.994479e-01 -6.300877e-04 3.321950e-02 1.211135e+00 6.664571e-04 9.999992e-01 -1.083731e-03 -3.492853e-01 -3.321872e-02 1.105270e-03 9.994474e-01 1.258204e+01
9.999957e-01 7.886099e-05 -2.936169e-03 1.288567e+00 -7.844351e-05 1.000000e+00 1.419438e-04 -3.683273e-01 2.936255e-03 -1.417151e-04 9.999956e-01 1.323817e+01
9.998880e-01 -3.047369e-04 1.496424e-02 1.353532e+00 3.122634e-04 9.999998e-01 -5.005620e-04 -3.898268e-01 -1.496401e-02 5.051764e-04 9.998878e-01 1.397671e+01
9.999999e-01 4.628239e-05 -4.997339e-04 1.484556e+00 -4.626469e-05 1.000000e+00 3.322198e-05 -4.102748e-01 4.998122e-04 -3.320117e-05 9.999998e-01 1.458352e+01
9.998662e-01 -3.310677e-04 1.635377e-02 1.580912e+00 3.398995e-04 9.999998e-01 -5.371978e-04 -4.304341e-01 -1.635351e-02 5.426822e-04 9.998660e-01 1.522872e+01
9.999658e-01 1.780416e-04 -8.265557e-03 1.593305e+00 -1.754226e-04 9.999999e-01 3.174334e-04 -4.520379e-01 8.265691e-03 -3.159750e-04 9.999657e-01 1.605739e+01
9.997485e-01 -4.473910e-04 2.242047e-02 1.582241e+00 4.638425e-04 9.999996e-01 -7.285246e-04 -4.721931e-01 -2.242006e-02 7.387385e-04 9.997483e-01 1.687248e+01
9.999974e-01 6.420341e-05 -2.289532e-03 1.617015e+00 -6.395145e-05 1.000000e+00 1.095648e-04 -4.913152e-01 2.289619e-03 -1.094206e-04 9.999973e-01 1.758372e+01
9.998156e-01 -3.871327e-04 1.919898e-02 1.629035e+00 3.989905e-04 9.999997e-01 -6.137351e-04 -5.112807e-01 -1.919866e-02 6.212796e-04 9.998154e-01 1.836275e+01
9.999877e-01 1.341599e-04 -4.956963e-03 1.689536e+00 -1.331533e-04 1.000000e+00 2.031222e-04 -5.357617e-01 4.957073e-03 -2.024622e-04 9.999876e-01 1.923914e+01
9.999401e-01 -2.490121e-04 1.093967e-02 1.715895e+00 2.526545e-04 9.999999e-01 -3.314515e-04 -5.609014e-01 -1.093950e-02 3.341931e-04 9.999400e-01 2.019166e+01
9.999995e-01 2.035012e-05 9.711879e-04 1.709522e+00 -2.035339e-05 1.000000e+00 4.802811e-06 -5.839061e-01 -9.711046e-04 -4.825161e-06 9.999995e-01 2.111770e+01
9.999279e-01 -2.788529e-04 1.200266e-02 1.682083e+00 2.830655e-04 9.999999e-01 -3.491510e-04 -6.074233e-01 -1.200247e-02 3.525208e-04 9.999278e-01 2.209987e+01
9.999606e-01 1.871201e-04 -8.870123e-03 1.599466e+00 -1.839687e-04 9.999999e-01 3.559328e-04 -6.329773e-01 8.870273e-03 -3.542896e-04 9.999605e-01 2.324404e+01
9.998668e-01 -3.349056e-04 1.631406e-02 1.600030e+00 3.436282e-04 9.999998e-01 -5.317837e-04 -6.564414e-01 -1.631380e-02 5.373162e-04 9.998667e-01 2.416938e+01
9.999185e-01 2.479795e-04 -1.276121e-02 1.569016e+00 -2.419002e-04 9.999999e-01 4.778062e-04 -6.776653e-01 1.276141e-02 -4.746829e-04 9.999184e-01 2.504500e+01
9.999019e-01 -3.042147e-04 1.400255e-02 1.445801e+00 3.105988e-04 9.999998e-01 -4.536428e-04 -6.961876e-01 -1.400232e-02 4.579448e-04 9.999018e-01 2.594467e+01
9.999405e-01 2.028637e-04 -1.090337e-02 1.212589e+00 -1.985684e-04 9.999999e-01 3.948834e-04 -7.076987e-01 1.090353e-02 -3.926975e-04 9.999404e-01 2.670246e+01
9.999070e-01 -2.917011e-04 1.363001e-02 9.812934e-01 2.980302e-04 9.999998e-01 -4.622111e-04 -7.163889e-01 -1.362979e-02 4.662276e-04 9.999069e-01 2.733017e+01
9.999730e-01 1.535647e-04 -7.337987e-03 9.655197e-01 -1.513583e-04 9.999999e-01 3.010276e-04 -7.361524e-01 7.338118e-03 -2.999115e-04 9.999730e-01 2.812292e+01
9.999484e-01 -2.426391e-04 1.015592e-02 7.941352e-01 2.461239e-04 9.999999e-01 -3.417273e-04 -7.514011e-01 -1.015575e-02 3.442065e-04 9.999483e-01 2.895642e+01
9.999589e-01 1.917290e-04 -9.059875e-03 3.242173e-01 -1.886995e-04 9.999999e-01 3.350720e-04 -7.541711e-01 9.060024e-03 -3.333513e-04 9.999588e-01 2.967152e+01
9.999580e-01 -2.260180e-04 9.160213e-03 -8.157329e-02 2.290593e-04 9.999999e-01 -3.308075e-04 -7.570746e-01 -9.160052e-03 3.328892e-04 9.999579e-01 3.029449e+01
9.999561e-01 1.959421e-04 -9.363773e-03 -3.596584e-01 -1.931731e-04 9.999999e-01 2.964540e-04 -7.580804e-01 9.363916e-03 -2.946348e-04 9.999560e-01 3.064412e+01
9.999517e-01 -2.344275e-04 9.826627e-03 -9.341175e-01 2.380679e-04 9.999999e-01 -3.691461e-04 -7.463667e-01 -9.826454e-03 3.714650e-04 9.999516e-01 3.087830e+01
9.999970e-01 6.402224e-05 -2.437118e-03 -1.100816e+00 -6.366767e-05 1.000000e+00 1.449218e-04 -7.567200e-01 2.437213e-03 -1.447689e-04 9.999969e-01 3.149297e+01
9.999738e-01 -1.881849e-04 7.226668e-03 -1.270650e+00 1.903841e-04 9.999999e-01 -3.034250e-04 -7.648179e-01 -7.226524e-03 3.047901e-04 9.999738e-01 3.200972e+01
9.999955e-01 7.966886e-05 -3.004173e-03 -1.359089e+00 -7.901088e-05 1.000000e+00 2.186065e-04 -7.830654e-01 3.004277e-03 -2.183708e-04 9.999954e-01 3.284979e+01
9.999312e-01 -2.759781e-04 1.172880e-02 -1.409921e+00 2.815386e-04 9.999998e-01 -4.723061e-04 -7.994760e-01 -1.172858e-02 4.755730e-04 9.999310e-01 3.355661e+01
9.999990e-01 4.005093e-05 1.413173e-03 -1.198384e+00 -4.007419e-05 1.000000e+00 1.760927e-05 -8.159785e-01 -1.413085e-03 -1.766867e-05 9.999989e-01 3.389361e+01
9.998537e-01 -4.008444e-04 1.709645e-02 -1.192928e+00 4.115661e-04 9.999997e-01 -6.235220e-04 -8.292735e-01 -1.709611e-02 6.304643e-04 9.998536e-01 3.440249e+01
9.999919e-01 -3.431988e-05 4.011083e-03 -1.437458e+00 3.464211e-05 1.000000e+00 -7.982124e-05 -8.286473e-01 -4.010991e-03 7.995667e-05 9.999919e-01 3.469905e+01
9.999876e-01 -1.926477e-04 4.970988e-03 -1.792953e+00 1.937320e-04 1.000000e+00 -2.172775e-04 -8.286799e-01 -4.970856e-03 2.182349e-04 9.999875e-01 3.515982e+01
9.999627e-01 -1.162981e-04 8.634615e-03 -2.025677e+00 1.181009e-04 1.000000e+00 -2.080640e-04 -8.354364e-01 -8.634501e-03 2.090731e-04 9.999626e-01 3.573044e+01
9.999576e-01 -2.257646e-04 9.205105e-03 -1.904648e+00 2.294238e-04 9.999999e-01 -3.962506e-04 -8.453985e-01 -9.204924e-03 3.983427e-04 9.999575e-01 3.593801e+01
9.999934e-01 1.433986e-04 -3.627418e-03 -1.573899e+00 -1.428187e-04 1.000000e+00 1.595751e-04 -8.575774e-01 3.627532e-03 -1.590590e-04 9.999933e-01 3.593667e+01
9.999629e-01 -2.513558e-04 8.609175e-03 -1.558482e+00 2.538423e-04 9.999999e-01 -2.874950e-04 -8.780526e-01 -8.609011e-03 2.896667e-04 9.999628e-01 3.670729e+01
9.999951e-01 1.945964e-05 3.111938e-03 -1.556595e+00 -1.937449e-05 1.000000e+00 -2.674585e-05 -9.017932e-01 -3.111846e-03 2.668240e-05 9.999951e-01 3.764762e+01
9.999781e-01 -2.066535e-04 6.606152e-03 -1.538365e+00 2.081608e-04 1.000000e+00 -2.271719e-04 -9.262708e-01 -6.606012e-03 2.285390e-04 9.999781e-01 3.858803e+01
9.999880e-01 1.336146e-04 -4.898814e-03 -1.601343e+00 -1.321872e-04 9.999999e-01 2.912678e-04 -9.533215e-01 4.898946e-03 -2.906197e-04 9.999879e-01 3.976080e+01
9.999865e-01 -1.853473e-04 5.181696e-03 -1.696034e+00 1.862303e-04 1.000000e+00 -1.695317e-04 -9.818042e-01 -5.181572e-03 1.704914e-04 9.999865e-01 4.104294e+01
9.999891e-01 1.304566e-04 -4.651528e-03 -1.765055e+00 -1.291702e-04 1.000000e+00 2.764087e-04 -1.009864e+00 4.651656e-03 -2.758079e-04 9.999891e-01 4.226427e+01
9.999834e-01 -1.961838e-04 5.754802e-03 -1.856610e+00 1.972334e-04 1.000000e+00 -1.814735e-04 -1.037729e+00 -5.754674e-03 1.826025e-04 9.999834e-01 4.351632e+01
9.999958e-01 1.029117e-04 -2.895148e-03 -1.934972e+00 -1.022974e-04 1.000000e+00 2.116202e-04 -1.065420e+00 2.895262e-03 -2.113261e-04 9.999957e-01 4.474150e+01
9.995932e-01 -5.768378e-04 2.851260e-02 -1.904800e+00 6.044677e-04 9.999994e-01 -9.603602e-04 -1.091665e+00 -2.851193e-02 9.772014e-04 9.995929e-01 4.575454e+01
9.998679e-01 3.511479e-04 -1.625076e-02 -1.923254e+00 -3.400605e-04 9.999997e-01 6.848925e-04 -1.121417e+00 1.625109e-02 -6.792788e-04 9.998676e-01 4.698012e+01
9.998554e-01 -4.022425e-04 1.700037e-02 -1.963631e+00 4.118914e-04 9.999998e-01 -5.639524e-04 -1.152222e+00 -1.700005e-02 5.708701e-04 9.998553e-01 4.827043e+01
9.998690e-01 3.544460e-04 -1.617707e-02 -1.986970e+00 -3.439534e-04 9.999997e-01 6.512495e-04 -1.179733e+00 1.617739e-02 -6.456031e-04 9.998689e-01 4.939299e+01
9.998614e-01 -3.984810e-04 1.663948e-02 -2.024164e+00 4.076500e-04 9.999998e-01 -5.475177e-04 -1.207450e+00 -1.663916e-02 5.542218e-04 9.998613e-01 5.054683e+01
9.998543e-01 3.722238e-04 -1.706488e-02 -2.030247e+00 -3.606329e-04 9.999997e-01 6.821660e-04 -1.237215e+00 1.706522e-02 -6.759155e-04 9.998541e-01 5.173208e+01
9.998380e-01 -4.261315e-04 1.799383e-02 -2.053900e+00 4.363671e-04 9.999997e-01 -5.647999e-04 -1.268525e+00 -1.799349e-02 5.725572e-04 9.998379e-01 5.301615e+01
9.999413e-01 2.888635e-04 -1.082805e-02 -2.011915e+00 -2.844495e-04 9.999999e-01 4.089809e-04 -1.295493e+00 1.082826e-02 -4.058799e-04 9.999412e-01 5.401450e+01
9.998257e-01 -4.026043e-04 1.866259e-02 -1.741425e+00 4.146114e-04 9.999997e-01 -6.394020e-04 -1.324127e+00 -1.866223e-02 6.470252e-04 9.998256e-01 5.475417e+01
9.998881e-01 3.500880e-04 -1.495413e-02 -1.496177e+00 -3.416062e-04 9.999998e-01 5.695889e-04 -1.354119e+00 1.495442e-02 -5.644198e-04 9.998880e-01 5.558515e+01
9.998521e-01 -4.146985e-04 1.719163e-02 -1.476762e+00 4.242949e-04 9.999998e-01 -5.544276e-04 -1.380084e+00 -1.719130e-02 5.616368e-04 9.998520e-01 5.657214e+01
9.998831e-01 3.791708e-04 -1.528201e-02 -1.309957e+00 -3.707966e-04 9.999998e-01 5.506560e-04 -1.407576e+00 1.528231e-02 -5.449282e-04 9.998830e-01 5.740409e+01
9.998055e-01 -4.675269e-04 1.971358e-02 -1.260620e+00 4.802344e-04 9.999997e-01 -6.397659e-04 -1.431253e+00 -1.971318e-02 6.491055e-04 9.998054e-01 5.824989e+01
9.998782e-01 3.731180e-04 -1.560140e-02 -1.285828e+00 -3.639028e-04 9.999998e-01 5.933495e-04 -1.455528e+00 1.560172e-02 -5.876029e-04 9.998780e-01 5.924380e+01
9.998606e-01 -4.271522e-04 1.668925e-02 -1.336988e+00 4.358405e-04 9.999998e-01 -5.168256e-04 -1.481461e+00 -1.668893e-02 5.240243e-04 9.998605e-01 6.034792e+01
9.998704e-01 3.825599e-04 -1.609025e-02 -1.375758e+00 -3.728739e-04 9.999997e-01 6.048293e-04 -1.507197e+00 1.609057e-02 -5.987544e-04 9.998703e-01 6.142094e+01
9.998499e-01 -4.403918e-04 1.731806e-02 -1.446026e+00 4.493747e-04 9.999998e-01 -5.146861e-04 -1.534900e+00 -1.731774e-02 5.223880e-04 9.998498e-01 6.263195e+01
9.998535e-01 4.046448e-04 -1.710912e-02 -1.479928e+00 -3.944646e-04 9.999997e-01 5.982516e-04 -1.558807e+00 1.710945e-02 -5.914181e-04 9.998534e-01 6.361890e+01
9.998590e-01 -4.294436e-04 1.678207e-02 -1.491838e+00 4.382273e-04 9.999998e-01 -5.195900e-04 -1.580814e+00 -1.678175e-02 5.268680e-04 9.998590e-01 6.448805e+01
9.998565e-01 4.016223e-04 -1.693269e-02 -1.498810e+00 -3.914594e-04 9.999997e-01 6.033633e-04 -1.604224e+00 1.693302e-02 -5.966513e-04 9.998564e-01 6.540867e+01
9.998587e-01 -4.314767e-04 1.680218e-02 -1.502258e+00 4.403499e-04 9.999998e-01 -5.242725e-04 -1.627291e+00 -1.680185e-02 5.315941e-04 9.998586e-01 6.630899e+01
9.998970e-01 3.760483e-04 -1.434368e-02 -1.391919e+00 -3.686857e-04 9.999998e-01 5.157785e-04 -1.654911e+00 1.434396e-02 -5.104401e-04 9.998969e-01 6.722244e+01
9.998471e-01 -4.347984e-04 1.747994e-02 -1.243480e+00 4.442863e-04 9.999998e-01 -5.387815e-04 -1.684729e+00 -1.747961e-02 5.464621e-04 9.998470e-01 6.817710e+01
9.998706e-01 3.989607e-04 -1.607745e-02 -1.136635e+00 -3.900348e-04 9.999998e-01 5.581677e-04 -1.711087e+00 1.607776e-02 -5.518278e-04 9.998705e-01 6.904572e+01
9.998461e-01 -4.493602e-04 1.753679e-02 -1.115401e+00 4.586157e-04 9.999998e-01 -5.236319e-04 -1.736111e+00 -1.753646e-02 5.315908e-04 9.998460e-01 6.999017e+01
9.998578e-01 4.049020e-04 -1.685666e-02 -1.130221e+00 -3.948767e-04 9.999997e-01 5.979206e-04 -1.761177e+00 1.685699e-02 -5.911824e-04 9.998577e-01 7.099579e+01
9.998422e-01 -4.369452e-04 1.775906e-02 -1.013347e+00 4.469513e-04 9.999997e-01 -5.593446e-04 -1.788145e+00 -1.775871e-02 5.671906e-04 9.998421e-01 7.187574e+01
9.998623e-01 3.938072e-04 -1.658649e-02 -9.736878e-01 -3.840067e-04 9.999997e-01 5.939122e-04 -1.812579e+00 1.658681e-02 -5.874642e-04 9.998622e-01 7.276735e+01
9.998558e-01 -4.324300e-04 1.697368e-02 -9.872006e-01 4.417715e-04 9.999998e-01 -5.464731e-04 -1.833211e+00 -1.697335e-02 5.538897e-04 9.998557e-01 7.358316e+01
9.998695e-01 3.865727e-04 -1.614686e-02 -1.023443e+00 -3.770758e-04 9.999998e-01 5.910515e-04 -1.854411e+00 1.614718e-02 -5.848888e-04 9.998694e-01 7.446124e+01
9.998568e-01 -4.313525e-04 1.691706e-02 -1.026743e+00 4.404295e-04 9.999998e-01 -5.327018e-04 -1.878555e+00 -1.691673e-02 5.400732e-04 9.998567e-01 7.540799e+01
9.999144e-01 3.470620e-04 -1.307756e-02 -1.010212e+00 -3.407491e-04 9.999998e-01 4.847790e-04 -1.903627e+00 1.307782e-02 -4.802844e-04 9.999143e-01 7.636649e+01
9.998353e-01 -4.649548e-04 1.813998e-02 -1.009933e+00 4.758350e-04 9.999997e-01 -5.953552e-04 -1.924706e+00 -1.813961e-02 6.038856e-04 9.998352e-01 7.718546e+01
9.999163e-01 3.290614e-04 -1.293067e-02 -1.082479e+00 -3.228320e-04 9.999998e-01 4.836571e-04 -1.942633e+00 1.293092e-02 -4.794452e-04 9.999162e-01 7.798865e+01
9.998674e-01 -4.370038e-04 1.627888e-02 -1.250652e+00 4.461251e-04 9.999997e-01 -5.565413e-04 -1.954709e+00 -1.627854e-02 5.637268e-04 9.998673e-01 7.867365e+01
9.998984e-01 3.681896e-04 -1.424725e-02 -1.296944e+00 -3.603274e-04 9.999998e-01 5.542333e-04 -1.974942e+00 1.424755e-02 -5.490464e-04 9.998983e-01 7.952950e+01
9.998810e-01 -4.246560e-04 1.541629e-02 -1.340127e+00 4.323371e-04 9.999998e-01 -4.947630e-04 -1.999193e+00 -1.541598e-02 5.013660e-04 9.998810e-01 8.054837e+01
9.999736e-01 2.533726e-04 -7.259229e-03 -1.349410e+00 -2.512574e-04 9.999999e-01 2.919728e-04 -2.021201e+00 7.259398e-03 -2.901443e-04 9.999735e-01 8.142699e+01
9.999450e-01 -3.531962e-04 1.048265e-02 -1.401723e+00 3.565262e-04 9.999999e-01 -3.155692e-04 -2.043946e+00 -1.048245e-02 3.192860e-04 9.999449e-01 8.240131e+01
9.999944e-01 1.997929e-04 -3.315035e-03 -1.423376e+00 -1.992819e-04 1.000000e+00 1.537605e-04 -2.067175e+00 3.315162e-03 -1.531021e-04 9.999944e-01 8.335056e+01
9.999861e-01 -2.759463e-04 5.259198e-03 -1.452806e+00 2.765303e-04 1.000000e+00 -1.098438e-04 -2.093568e+00 -5.259070e-03 1.112935e-04 9.999861e-01 8.443776e+01
9.999983e-01 1.814883e-04 -1.819276e-03 -1.490817e+00 -1.813072e-04 1.000000e+00 9.833756e-05 -2.119218e+00 1.819390e-03 -9.801065e-05 9.999983e-01 8.551402e+01
9.999876e-01 -2.801017e-04 4.973441e-03 -1.531128e+00 2.807417e-04 1.000000e+00 -1.275081e-04 -2.141405e+00 -4.973308e-03 1.288997e-04 9.999876e-01 8.644608e+01
9.999886e-01 1.006776e-04 4.775819e-03 -1.452961e+00 -9.996097e-05 1.000000e+00 -1.497768e-04 -2.165203e+00 -4.775736e-03 1.492945e-04 9.999885e-01 8.726161e+01
9.999252e-01 -4.236543e-04 1.222125e-02 -1.396023e+00 4.280331e-04 9.999998e-01 -3.554751e-04 -2.187235e+00 -1.222100e-02 3.606764e-04 9.999252e-01 8.804408e+01
9.999695e-01 4.051958e-05 7.806650e-03 -1.378491e+00 -3.870335e-05 1.000000e+00 -2.324706e-04 -2.210284e+00 -7.806561e-03 2.321582e-04 9.999694e-01 8.893610e+01
9.999836e-01 -2.952716e-04 5.716890e-03 -1.362040e+00 2.960736e-04 9.999999e-01 -1.389629e-04 -2.234312e+00 -5.716751e-03 1.406500e-04 9.999836e-01 8.986652e+01
9.999966e-01 2.199681e-04 -2.600614e-03 -1.352860e+00 -2.196742e-04 1.000000e+00 1.122413e-04 -2.258789e+00 2.600737e-03 -1.116728e-04 9.999966e-01 9.081077e+01
9.999742e-01 -2.884042e-04 7.170799e-03 -1.138711e+00 2.900662e-04 9.999999e-01 -2.303581e-04 -2.285907e+00 -7.170634e-03 2.324289e-04 9.999742e-01 9.156721e+01
9.999979e-01 1.135121e-04 2.032811e-03 -1.117409e+00 -1.134779e-04 1.000000e+00 -1.559575e-05 -2.309307e+00 -2.032715e-03 1.536182e-05 9.999979e-01 9.245657e+01
9.999999e-01 -1.896908e-04 -2.848940e-04 -1.186064e+00 1.897186e-04 1.000000e+00 8.786142e-05 -2.337454e+00 2.849758e-04 -8.791869e-05 9.999999e-01 9.368389e+01
9.999910e-01 7.925841e-05 4.232040e-03 -1.262085e+00 -7.878325e-05 1.000000e+00 -1.117983e-04 -2.363252e+00 -4.231950e-03 1.114607e-04 9.999910e-01 9.482624e+01
9.999909e-01 -2.606377e-04 4.242750e-03 -1.291813e+00 2.610135e-04 1.000000e+00 -8.737533e-05 -2.386547e+00 -4.242629e-03 8.847871e-05 9.999909e-01 9.579656e+01
9.999996e-01 1.331950e-04 8.286842e-04 -1.342606e+00 -1.331890e-04 1.000000e+00 -3.903247e-06 -2.408448e+00 -8.285859e-04 3.789646e-06 9.999996e-01 9.673942e+01
9.999999e-01 -1.847265e-04 -2.602827e-04 -1.421132e+00 1.847436e-04 1.000000e+00 5.502270e-05 -2.429095e+00 2.603713e-04 -5.507402e-05 9.999999e-01 9.766272e+01
9.999962e-01 1.109921e-04 2.747584e-03 -1.348070e+00 -1.105773e-04 1.000000e+00 -1.500846e-04 -2.444602e+00 -2.747502e-03 1.497770e-04 9.999962e-01 9.813299e+01
9.999983e-01 -2.230226e-04 1.795720e-03 -1.379764e+00 2.229703e-04 1.000000e+00 3.089214e-05 -2.461532e+00 -1.795627e-03 -3.049495e-05 9.999983e-01 9.882715e+01
9.999999e-01 1.404309e-04 3.575289e-04 -1.516599e+00 -1.404011e-04 1.000000e+00 -7.549176e-05 -2.474508e+00 -3.574406e-04 7.543831e-05 9.999999e-01 9.950156e+01
9.999975e-01 -2.137024e-04 2.209355e-03 -1.543979e+00 2.136952e-04 1.000000e+00 4.800801e-06 -2.489813e+00 -2.209257e-03 -4.331926e-06 9.999975e-01 1.001113e+02
9.999996e-01 1.541933e-04 -8.266295e-04 -1.583394e+00 -1.542004e-04 1.000000e+00 -1.185172e-05 -2.507733e+00 8.267267e-04 1.197593e-05 9.999996e-01 1.008574e+02
9.999995e-01 -1.944946e-04 9.143741e-04 -1.580339e+00 1.944584e-04 1.000000e+00 4.281281e-05 -2.526478e+00 -9.142835e-04 -4.263824e-05 9.999995e-01 1.015644e+02
9.999999e-01 1.575989e-04 -4.152303e-04 -1.478241e+00 -1.575967e-04 1.000000e+00 -1.543447e-06 -2.551916e+00 4.153290e-04 1.605642e-06 9.999999e-01 1.024041e+02
9.999951e-01 -2.217856e-04 3.114588e-03 -1.403306e+00 2.219168e-04 1.000000e+00 -4.087343e-05 -2.575423e+00 -3.114480e-03 4.156114e-05 9.999951e-01 1.032028e+02
9.999970e-01 1.054694e-04 2.410459e-03 -1.269928e+00 -1.051303e-04 1.000000e+00 -1.396206e-04 -2.595035e+00 -2.410374e-03 1.393635e-04 9.999970e-01 1.037612e+02
9.999592e-01 -3.050521e-04 9.021476e-03 -9.875847e-01 3.072910e-04 9.999999e-01 -2.464675e-04 -2.615042e+00 -9.021301e-03 2.492264e-04 9.999592e-01 1.041328e+02
9.999991e-01 2.031143e-04 -1.285788e-03 -5.547589e-01 -2.031395e-04 1.000000e+00 -2.178067e-05 -2.642051e+00 1.285882e-03 2.203857e-05 9.999991e-01 1.045687e+02
9.999510e-01 -3.047945e-04 9.886124e-03 4.670639e-03 3.077016e-04 9.999999e-01 -2.922378e-04 -2.669427e+00 -9.885934e-03 2.952622e-04 9.999510e-01 1.048378e+02
9.999990e-01 1.865716e-04 -1.351778e-03 4.979190e-01 -1.865963e-04 1.000000e+00 -2.039606e-05 -2.692677e+00 1.351873e-03 2.064498e-05 9.999990e-01 1.050356e+02
9.999484e-01 -3.706339e-04 1.014626e-02 5.319282e-01 3.731645e-04 9.999999e-01 -2.472219e-04 -2.710848e+00 -1.014607e-02 2.509920e-04 9.999484e-01 1.056835e+02
9.999999e-01 1.489595e-04 4.089504e-04 6.008568e-01 -1.489225e-04 1.000000e+00 -8.291571e-05 -2.728651e+00 -4.088631e-04 8.285148e-05 9.999999e-01 1.062681e+02
9.998956e-01 -4.483839e-04 1.443745e-02 6.843473e-01 4.542024e-04 9.999998e-01 -3.995181e-04 -2.743073e+00 -1.443717e-02 4.060306e-04 9.998956e-01 1.066983e+02
9.999737e-01 2.802863e-04 -7.240935e-03 6.043549e-01 -2.787785e-04 9.999999e-01 2.088051e-04 -2.759112e+00 7.241093e-03 -2.067843e-04 9.999737e-01 1.074289e+02
9.999005e-01 -4.372870e-04 1.409665e-02 5.875960e-01 4.430327e-04 9.999998e-01 -4.042413e-04 -2.775803e+00 -1.409637e-02 4.104430e-04 9.999005e-01 1.080888e+02
9.999923e-01 2.378813e-04 -3.895774e-03 6.702642e-01 -2.375130e-04 1.000000e+00 9.415402e-05 -2.795787e+00 3.895896e-03 -9.323136e-05 9.999924e-01 1.087401e+02
9.999475e-01 -3.551984e-04 1.023181e-02 7.813374e-01 3.579585e-04 9.999999e-01 -2.676104e-04 -2.820091e+00 -1.023161e-02 2.712555e-04 9.999476e-01 1.095232e+02
9.999998e-01 1.948470e-04 -4.566726e-04 9.973725e-01 -1.948419e-04 1.000000e+00 3.789627e-06 -2.852340e+00 4.567733e-04 -3.704019e-06 9.999998e-01 1.104795e+02
9.999976e-01 -2.621398e-04 2.172514e-03 9.598730e-01 2.621719e-04 1.000000e+00 -1.296784e-05 -2.872295e+00 -2.172410e-03 1.353399e-05 9.999976e-01 1.113125e+02
9.999990e-01 2.063182e-04 -1.354380e-03 9.007781e-01 -2.062715e-04 1.000000e+00 3.215715e-05 -2.890427e+00 1.354486e-03 -3.188112e-05 9.999990e-01 1.120955e+02
9.999502e-01 -3.872184e-04 9.971229e-03 9.066205e-01 3.898310e-04 9.999999e-01 -2.597368e-04 -2.911873e+00 -9.971027e-03 2.636075e-04 9.999502e-01 1.129251e+02
9.999469e-01 4.387831e-06 1.029953e-02 9.727121e-01 -7.333061e-07 9.999999e-01 -3.544950e-04 -2.934359e+00 -1.029944e-02 3.544652e-04 9.999468e-01 1.137144e+02
9.999929e-01 -1.346709e-04 -3.763947e-03 1.019287e+00 1.353632e-04 1.000000e+00 1.827539e-04 -2.956865e+00 3.764022e-03 -1.832655e-04 9.999929e-01 1.145187e+02
9.999693e-01 3.480277e-05 7.828705e-03 1.058378e+00 -3.252265e-05 1.000000e+00 -2.909342e-04 -2.976392e+00 -7.828614e-03 2.906672e-04 9.999693e-01 1.152062e+02
9.999948e-01 -2.556480e-04 3.185828e-03 1.148074e+00 2.558306e-04 1.000000e+00 -5.579331e-05 -2.994761e+00 -3.185714e-03 5.660462e-05 9.999949e-01 1.157833e+02
9.999398e-01 -1.000717e-05 1.096442e-02 1.248718e+00 1.413173e-05 9.999999e-01 -3.757733e-04 -3.017074e+00 -1.096432e-02 3.759022e-04 9.999398e-01 1.165078e+02
9.999994e-01 -1.815471e-04 -1.027431e-03 1.272212e+00 1.816653e-04 1.000000e+00 1.114604e-04 -3.040914e+00 1.027511e-03 -1.116504e-04 9.999994e-01 1.174095e+02
9.999539e-01 1.654607e-05 9.599906e-03 1.377142e+00 -1.315847e-05 9.999999e-01 -3.525606e-04 -3.066017e+00 -9.599812e-03 3.524146e-04 9.999538e-01 1.182311e+02
9.999942e-01 -2.564108e-04 3.377612e-03 1.447896e+00 2.564985e-04 1.000000e+00 -2.440643e-05 -3.090091e+00 -3.377506e-03 2.526918e-05 9.999942e-01 1.190711e+02
9.999935e-01 1.062738e-04 3.602357e-03 1.436536e+00 -1.057297e-04 1.000000e+00 -1.501705e-04 -3.111612e+00 -3.602273e-03 1.497852e-04 9.999935e-01 1.199305e+02
9.999855e-01 -2.892621e-04 5.367321e-03 1.444993e+00 2.896150e-04 1.000000e+00 -6.426410e-05 -3.137322e+00 -5.367202e-03 6.581416e-05 9.999855e-01 1.209332e+02
9.999991e-01 1.581424e-04 1.266401e-03 1.495596e+00 -1.580339e-04 1.000000e+00 -8.272885e-05 -3.164042e+00 -1.266315e-03 8.252521e-05 9.999991e-01 1.219073e+02
9.999999e-01 -1.630595e-04 -3.333372e-04 1.842713e+00 1.630803e-04 1.000000e+00 5.076669e-05 -3.189910e+00 3.334283e-04 -5.082450e-05 9.999999e-01 1.224053e+02
9.999990e-01 1.441944e-04 1.377610e-03 2.103276e+00 -1.440872e-04 1.000000e+00 -7.511044e-05 -3.215040e+00 -1.377522e-03 7.490843e-05 9.999990e-01 1.230010e+02
9.999998e-01 -1.892591e-04 -4.590364e-04 2.163373e+00 1.893121e-04 1.000000e+00 1.070866e-04 -3.239860e+00 4.591155e-04 -1.071770e-04 9.999998e-01 1.238732e+02
9.999997e-01 1.819781e-04 -6.469205e-04 2.256266e+00 -1.819982e-04 1.000000e+00 -3.701847e-05 -3.262309e+00 6.470131e-04 3.713277e-05 9.999997e-01 1.245910e+02
9.999999e-01 -2.032896e-04 1.857993e-04 2.254213e+00 2.032778e-04 1.000000e+00 8.446082e-05 -3.280755e+00 -1.857171e-04 -8.442650e-05 9.999999e-01 1.252913e+02
9.999738e-01 3.553563e-05 7.230683e-03 2.299100e+00 -3.325853e-05 9.999999e-01 -3.145097e-04 -3.297725e+00 -7.230595e-03 3.142575e-04 9.999738e-01 1.258701e+02
9.999971e-01 -2.150556e-04 2.391760e-03 2.364930e+00 2.149573e-04 1.000000e+00 4.296773e-05 -3.321097e+00 -2.391670e-03 -4.245694e-05 9.999971e-01 1.266845e+02
9.999805e-01 2.726389e-05 6.237097e-03 2.374960e+00 -2.549785e-05 1.000000e+00 -2.826014e-04 -3.341420e+00 -6.237006e-03 2.824334e-04 9.999805e-01 1.274577e+02
9.999961e-01 -1.369095e-04 -2.770073e-03 2.369601e+00 1.373354e-04 1.000000e+00 1.521098e-04 -3.350154e+00 2.770151e-03 -1.524931e-04 9.999961e-01 1.277683e+02
9.999849e-01 9.171561e-05 5.487911e-03 2.621121e+00 -9.032888e-05 1.000000e+00 -2.522146e-04 -3.371558e+00 -5.487835e-03 2.517116e-04 9.999849e-01 1.282211e+02
9.999970e-01 -2.524810e-04 2.418332e-03 2.670473e+00 2.524258e-04 1.000000e+00 2.480371e-05 -3.392456e+00 -2.418240e-03 -2.419666e-05 9.999970e-01 1.289556e+02
9.999985e-01 1.651947e-04 1.693786e-03 2.856886e+00 -1.649025e-04 1.000000e+00 -1.702552e-04 -3.411269e+00 -1.693716e-03 1.699721e-04 9.999985e-01 1.294004e+02
9.999972e-01 -2.310479e-04 2.313610e-03 3.134673e+00 2.310010e-04 1.000000e+00 2.232809e-05 -3.431670e+00 -2.313516e-03 -2.179707e-05 9.999973e-01 1.297796e+02
9.999979e-01 1.387511e-04 2.008374e-03 3.220530e+00 -1.384402e-04 1.000000e+00 -1.529292e-04 -3.451488e+00 -2.008296e-03 1.526474e-04 9.999979e-01 1.304104e+02
9.999981e-01 -2.281901e-04 1.920869e-03 3.247380e+00 2.280517e-04 1.000000e+00 7.437783e-05 -3.473810e+00 -1.920787e-03 -7.394312e-05 9.999981e-01 1.312362e+02
9.999998e-01 1.781530e-04 -5.707122e-04 3.291751e+00 -1.781961e-04 1.000000e+00 -8.278149e-05 -3.494811e+00 5.707961e-04 8.287971e-05 9.999998e-01 1.319723e+02
9.999999e-01 -2.079103e-04 1.772493e-04 3.296465e+00 2.078952e-04 1.000000e+00 1.081491e-04 -3.511352e+00 -1.771731e-04 -1.081157e-04 9.999999e-01 1.325831e+02
9.999978e-01 2.186786e-04 -2.041012e-03 3.241382e+00 -2.186642e-04 1.000000e+00 5.280830e-06 -3.530321e+00 2.041112e-03 -4.837974e-06 9.999979e-01 1.333908e+02
9.999966e-01 -2.668201e-04 2.566928e-03 3.241089e+00 2.666680e-04 1.000000e+00 6.121297e-05 -3.555004e+00 -2.566845e-03 -6.053173e-05 9.999967e-01 1.343539e+02
9.999999e-01 1.826127e-04 -1.751878e-04 3.216716e+00 -1.826190e-04 1.000000e+00 -5.929185e-05 -3.578848e+00 1.752756e-04 5.932038e-05 9.999999e-01 1.353251e+02
9.999999e-01 -2.200541e-04 -4.885279e-05 3.076603e+00 2.200639e-04 1.000000e+00 1.180467e-04 -3.595996e+00 4.892548e-05 -1.180609e-04 9.999999e-01 1.361846e+02
9.999999e-01 1.837954e-04 3.648977e-05 2.654872e+00 -1.837864e-04 1.000000e+00 -1.359684e-04 -3.594526e+00 -3.641609e-05 1.359583e-04 9.999999e-01 1.366440e+02
9.999995e-01 -2.446943e-04 9.045333e-04 2.467650e+00 2.445412e-04 1.000000e+00 1.738229e-04 -3.611270e+00 -9.044771e-04 -1.736051e-04 9.999995e-01 1.375599e+02
9.999996e-01 1.686685e-04 8.024209e-04 2.357754e+00 -1.685802e-04 1.000000e+00 -1.049512e-04 -3.638047e+00 -8.023400e-04 1.048125e-04 9.999996e-01 1.387987e+02
9.999997e-01 -2.388963e-04 6.412430e-04 2.261010e+00 2.388048e-04 1.000000e+00 1.491160e-04 -3.661536e+00 -6.411800e-04 -1.489663e-04 9.999997e-01 1.398757e+02
9.999983e-01 1.600113e-04 1.783640e-03 2.227062e+00 -1.597326e-04 1.000000e+00 -1.541160e-04 -3.684301e+00 -1.783566e-03 1.538274e-04 9.999984e-01 1.408182e+02
9.999987e-01 -2.047731e-04 -1.567919e-03 2.078071e+00 2.050999e-04 1.000000e+00 2.056125e-04 -3.701802e+00 1.567975e-03 -2.059373e-04 9.999987e-01 1.417064e+02
9.999981e-01 1.584410e-04 1.930562e-03 1.829934e+00 -1.581231e-04 1.000000e+00 -1.627140e-04 -3.715422e+00 -1.930489e-03 1.624050e-04 9.999981e-01 1.425719e+02
9.999992e-01 -2.160746e-04 -1.174050e-03 1.724390e+00 2.163753e-04 9.999999e-01 2.524744e-04 -3.740817e+00 1.174094e-03 -2.527317e-04 9.999992e-01 1.437419e+02
9.999998e-01 1.869467e-04 5.875423e-04 1.630717e+00 -1.868707e-04 1.000000e+00 -1.224139e-04 -3.766631e+00 -5.874666e-04 1.223007e-04 9.999998e-01 1.449050e+02
9.999993e-01 -2.145595e-04 -1.153672e-03 1.488509e+00 2.148158e-04 1.000000e+00 2.184846e-04 -3.786909e+00 1.153724e-03 -2.187357e-04 9.999993e-01 1.459039e+02
9.999994e-01 2.399200e-04 -1.033323e-03 1.045108e+00 -2.400632e-04 1.000000e+00 -1.424715e-04 -3.786885e+00 1.033388e-03 1.427160e-04 9.999994e-01 1.464335e+02
9.999983e-01 -2.018773e-04 -1.782724e-03 7.006472e-01 2.023253e-04 9.999999e-01 2.488552e-04 -3.791555e+00 1.782772e-03 -2.492190e-04 9.999983e-01 1.470287e+02
9.999955e-01 2.836014e-04 -2.970295e-03 5.029771e-01 -2.837332e-04 1.000000e+00 -4.533072e-05 -3.805280e+00 2.970381e-03 4.616986e-05 9.999955e-01 1.478067e+02
9.999998e-01 -2.545749e-04 4.462084e-04 2.443768e-01 2.545139e-04 1.000000e+00 1.460276e-04 -3.813512e+00 -4.461468e-04 -1.459174e-04 9.999998e-01 1.484336e+02
9.999998e-01 2.221400e-04 -5.134516e-04 -1.304398e-01 -2.222041e-04 1.000000e+00 -1.326222e-04 -3.817663e+00 5.135209e-04 1.327329e-04 9.999998e-01 1.490633e+02
9.999998e-01 -2.397381e-04 -3.730891e-04 -2.978213e-01 2.398241e-04 9.999999e-01 2.196026e-04 -3.834295e+00 3.731352e-04 -2.196955e-04 9.999999e-01 1.499361e+02
9.999934e-01 2.946368e-04 -3.593266e-03 -3.254948e-01 -2.947518e-04 1.000000e+00 -3.260666e-05 -3.854809e+00 3.593355e-03 3.366215e-05 9.999935e-01 1.507544e+02
9.999868e-01 -1.230602e-04 -5.128563e-03 -1.974427e-01 1.249516e-04 9.999999e-01 3.676999e-04 -3.875153e+00 5.128616e-03 -3.683394e-04 9.999867e-01 1.513336e+02
9.999901e-01 3.265103e-04 -4.428459e-03 -1.720960e-01 -3.265225e-04 9.999999e-01 -2.925568e-06 -3.894179e+00 4.428557e-03 4.368120e-06 9.999902e-01 1.520120e+02
9.999962e-01 -3.230052e-04 2.701931e-03 -1.961181e-01 3.227231e-04 9.999999e-01 1.062746e-04 -3.913536e+00 -2.701866e-03 -1.054057e-04 9.999963e-01 1.527829e+02
9.999943e-01 3.180110e-04 -3.353611e-03 -5.907760e-02 -3.183117e-04 9.999999e-01 -9.029263e-05 -3.931446e+00 3.353681e-03 9.135620e-05 9.999943e-01 1.532551e+02
9.999990e-01 -3.103094e-04 1.331478e-03 -8.494693e-02 3.100747e-04 9.999999e-01 1.794402e-04 -3.947960e+00 -1.331435e-03 -1.790306e-04 9.999991e-01 1.539079e+02
9.999977e-01 2.931320e-04 -2.107193e-03 -5.029858e-02 -2.933595e-04 1.000000e+00 -1.094910e-04 -3.969295e+00 2.107260e-03 1.101055e-04 9.999977e-01 1.546683e+02
9.999998e-01 -2.874837e-04 4.129498e-04 2.238028e-03 2.874052e-04 9.999999e-01 1.996100e-04 -3.990213e+00 -4.129080e-04 -1.994948e-04 9.999999e-01 1.553840e+02
9.999918e-01 3.403327e-04 -4.009905e-03 2.570209e-01 -3.405807e-04 9.999999e-01 -6.212987e-05 -4.014862e+00 4.009983e-03 6.349166e-05 9.999919e-01 1.559584e+02
9.999970e-01 -2.084275e-04 -2.426392e-03 7.459377e-01 2.091010e-04 9.999999e-01 2.756965e-04 -4.042370e+00 2.426434e-03 -2.762065e-04 9.999970e-01 1.562995e+02
9.999995e-01 2.936805e-04 -9.157825e-04 1.306255e+00 -2.938272e-04 9.999999e-01 -1.643145e-04 -4.073033e+00 9.158335e-04 1.645801e-04 9.999995e-01 1.566778e+02
9.999999e-01 -2.514230e-04 2.497892e-04 1.833475e+00 2.513815e-04 1.000000e+00 1.818085e-04 -4.103059e+00 -2.497356e-04 -1.817491e-04 9.999999e-01 1.570878e+02
9.999988e-01 2.293193e-04 1.520639e-03 2.162253e+00 -2.289993e-04 1.000000e+00 -2.080764e-04 -4.133123e+00 -1.520587e-03 2.077245e-04 9.999988e-01 1.578070e+02
9.999998e-01 -2.426153e-04 4.405523e-04 2.596756e+00 2.425405e-04 1.000000e+00 1.786942e-04 -4.167001e+00 -4.404964e-04 -1.785907e-04 9.999998e-01 1.585307e+02
9.999999e-01 2.797968e-04 -1.780066e-05 3.291222e+00 -2.797966e-04 9.999999e-01 -2.005289e-04 -4.201678e+00 1.784384e-05 2.005304e-04 9.999999e-01 1.588928e+02
9.999999e-01 -2.758565e-04 -2.150382e-04 3.676752e+00 2.759083e-04 9.999999e-01 2.232096e-04 -4.230452e+00 2.150759e-04 -2.232723e-04 9.999999e-01 1.594642e+02
9.999973e-01 3.049562e-04 -2.270159e-03 3.961779e+00 -3.052774e-04 9.999999e-01 -1.428312e-04 -4.252715e+00 2.270215e-03 1.435204e-04 9.999974e-01 1.598945e+02
9.999948e-01 -2.650498e-04 3.208777e-03 4.801064e+00 2.647849e-04 1.000000e+00 8.416750e-05 -4.287657e+00 -3.208700e-03 -8.332087e-05 9.999948e-01 1.600683e+02
9.999995e-01 3.458032e-04 8.358331e-04 6.101330e+00 -3.455980e-04 9.999999e-01 -2.411026e-04 -4.337749e+00 -8.358171e-04 2.408102e-04 9.999996e-01 1.602243e+02
9.999955e-01 -2.763117e-04 2.963522e-03 7.181723e+00 2.760919e-04 1.000000e+00 7.587923e-05 -4.375459e+00 -2.963444e-03 -7.506411e-05 9.999956e-01 1.601808e+02
9.999994e-01 3.116686e-04 -9.906712e-04 7.982649e+00 -3.118602e-04 9.999999e-01 -1.971760e-04 -4.402643e+00 9.907088e-04 1.974815e-04 9.999994e-01 1.601087e+02
9.999943e-01 -2.409738e-04 3.362284e-03 9.101843e+00 2.406831e-04 1.000000e+00 8.802010e-05 -4.446330e+00 -3.362206e-03 -8.721378e-05 9.999943e-01 1.602607e+02
9.999977e-01 3.422914e-04 -2.097120e-03 1.045187e+01 -3.425822e-04 9.999999e-01 -1.401465e-04 -4.498755e+00 2.097172e-03 1.408612e-04 9.999977e-01 1.604424e+02
9.999945e-01 -2.432191e-04 3.298918e-03 1.182041e+01 2.429243e-04 1.000000e+00 9.091619e-05 -4.551224e+00 -3.298841e-03 -9.011772e-05 9.999945e-01 1.606079e+02
9.999979e-01 3.584416e-04 -1.973108e-03 1.339591e+01 -3.587149e-04 9.999999e-01 -1.401023e-04 -4.608559e+00 1.973157e-03 1.408065e-04 9.999980e-01 1.606876e+02
9.999962e-01 -2.096721e-04 2.727465e-03 1.527278e+01 2.093327e-04 1.000000e+00 1.261344e-04 -4.674349e+00 -2.727392e-03 -1.255664e-04 9.999962e-01 1.607044e+02
9.999977e-01 3.560543e-04 -2.074699e-03 1.712495e+01 -3.563151e-04 9.999999e-01 -1.272386e-04 -4.741597e+00 2.074753e-03 1.279742e-04 9.999978e-01 1.608135e+02
9.999958e-01 -1.971882e-04 2.859016e-03 1.907019e+01 1.968066e-04 1.000000e+00 1.351044e-04 -4.814303e+00 -2.858944e-03 -1.345445e-04 9.999959e-01 1.610015e+02
9.999988e-01 3.634533e-04 -1.463268e-03 2.116076e+01 -3.636622e-04 9.999999e-01 -1.451181e-04 -4.891456e+00 1.463315e-03 1.456467e-04 9.999989e-01 1.611793e+02
9.999978e-01 -2.435368e-04 2.052390e-03 2.274883e+01 2.432461e-04 1.000000e+00 1.437933e-04 -4.952473e+00 -2.052326e-03 -1.432971e-04 9.999978e-01 1.614023e+02
9.999993e-01 3.296063e-04 -1.083678e-03 2.409428e+01 -3.297839e-04 9.999999e-01 -1.673215e-04 -5.006670e+00 1.083722e-03 1.676755e-04 9.999994e-01 1.616761e+02
9.999942e-01 -2.159263e-04 3.383804e-03 2.575392e+01 2.155408e-04 1.000000e+00 1.154326e-04 -5.072693e+00 -3.383730e-03 -1.147059e-04 9.999942e-01 1.619850e+02
9.999977e-01 3.278902e-04 -2.115976e-03 2.731762e+01 -3.281605e-04 9.999999e-01 -1.292048e-04 -5.135984e+00 2.116032e-03 1.298956e-04 9.999977e-01 1.623118e+02
9.999968e-01 -1.797237e-04 2.509292e-03 2.907563e+01 1.793624e-04 1.000000e+00 1.457226e-04 -5.203862e+00 -2.509219e-03 -1.452754e-04 9.999968e-01 1.625426e+02
9.999990e-01 3.121781e-04 -1.355389e-03 3.076788e+01 -3.123986e-04 9.999999e-01 -1.652995e-04 -5.268985e+00 1.355436e-03 1.657195e-04 9.999990e-01 1.627625e+02
9.999983e-01 -1.947548e-04 1.822576e-03 3.223385e+01 1.944804e-04 1.000000e+00 1.528412e-04 -5.325285e+00 -1.822507e-03 -1.524898e-04 9.999983e-01 1.629388e+02
9.999930e-01 3.279224e-04 -3.708447e-03 3.366292e+01 -3.281614e-04 9.999999e-01 -6.487122e-05 -5.381558e+00 3.708524e-03 6.608447e-05 9.999931e-01 1.631559e+02
9.999946e-01 -2.019310e-04 3.273437e-03 3.518227e+01 2.015950e-04 1.000000e+00 1.041440e-04 -5.441525e+00 -3.273359e-03 -1.034869e-04 9.999946e-01 1.634041e+02
9.999991e-01 2.998037e-04 -1.250062e-03 3.661268e+01 -3.000133e-04 9.999999e-01 -1.705110e-04 -5.497977e+00 1.250110e-03 1.708826e-04 9.999992e-01 1.636398e+02
9.999964e-01 -1.950285e-04 2.637535e-03 3.812398e+01 1.946605e-04 1.000000e+00 1.412426e-04 -5.558058e+00 -2.637464e-03 -1.407320e-04 9.999965e-01 1.639138e+02
9.999979e-01 3.115936e-04 -2.017258e-03 3.972316e+01 -3.118694e-04 9.999999e-01 -1.382813e-04 -5.620152e+00 2.017314e-03 1.389069e-04 9.999979e-01 1.641568e+02
9.999890e-01 -1.581964e-04 4.667377e-03 4.176455e+01 1.578922e-04 1.000000e+00 6.634706e-05 -5.694515e+00 -4.667289e-03 -6.561267e-05 9.999891e-01 1.642810e+02
9.999963e-01 3.237400e-04 -2.684796e-03 4.389867e+01 -3.240175e-04 9.999999e-01 -1.043113e-04 -5.771680e+00 2.684861e-03 1.051777e-04 9.999963e-01 1.643925e+02
9.999904e-01 -1.522873e-04 4.366272e-03 4.607488e+01 1.519351e-04 1.000000e+00 8.184922e-05 -5.849983e+00 -4.366186e-03 -8.118830e-05 9.999904e-01 1.644924e+02
9.999965e-01 3.373698e-04 -2.612827e-03 4.838236e+01 -3.376189e-04 9.999999e-01 -9.634141e-05 -5.933610e+00 2.612893e-03 9.722001e-05 9.999965e-01 1.646288e+02
9.999919e-01 -1.608901e-04 4.005216e-03 5.059090e+01 1.605193e-04 1.000000e+00 9.383812e-05 -6.014420e+00 -4.005133e-03 -9.319768e-05 9.999919e-01 1.647936e+02
9.999956e-01 3.550401e-04 -2.925073e-03 5.296535e+01 -3.552650e-04 9.999999e-01 -7.765937e-05 -6.099852e+00 2.925144e-03 7.869503e-05 9.999957e-01 1.649187e+02
9.999946e-01 -1.889505e-04 3.260820e-03 5.500516e+01 1.885827e-04 1.000000e+00 1.142516e-04 -6.175551e+00 -3.260743e-03 -1.136393e-04 9.999946e-01 1.651160e+02
9.999955e-01 3.239878e-04 -2.953708e-03 5.676575e+01 -3.242559e-04 9.999999e-01 -9.155180e-05 -6.242652e+00 2.953777e-03 9.250599e-05 9.999956e-01 1.653513e+02
9.999918e-01 -1.680541e-04 4.032843e-03 5.875455e+01 1.677098e-04 1.000000e+00 8.662959e-05 -6.315729e+00 -4.032759e-03 -8.595573e-05 9.999918e-01 1.655094e+02
9.999959e-01 3.376603e-04 -2.822410e-03 6.087414e+01 -3.379373e-04 9.999999e-01 -9.898178e-05 -6.391425e+00 2.822475e-03 9.993204e-05 9.999960e-01 1.655928e+02
9.999940e-01 -1.664253e-04 3.455552e-03 6.296217e+01 1.660531e-04 1.000000e+00 1.090753e-04 -6.465550e+00 -3.455471e-03 -1.085041e-04 9.999940e-01 1.656590e+02
9.999956e-01 3.035085e-04 -2.936731e-03 6.470337e+01 -3.038609e-04 9.999999e-01 -1.208086e-04 -6.527086e+00 2.936793e-03 1.216973e-04 9.999956e-01 1.656911e+02
9.999941e-01 -1.812840e-04 3.415105e-03 6.629843e+01 1.809276e-04 1.000000e+00 1.057486e-04 -6.584426e+00 -3.415025e-03 -1.051333e-04 9.999941e-01 1.657550e+02
9.999969e-01 3.176928e-04 -2.445217e-03 6.805351e+01 -3.180211e-04 9.999999e-01 -1.353998e-04 -6.646732e+00 2.445272e-03 1.361739e-04 9.999970e-01 1.657972e+02
9.999930e-01 -1.720193e-04 3.728532e-03 6.991884e+01 1.716567e-04 1.000000e+00 9.855271e-05 -6.712452e+00 -3.728450e-03 -9.791513e-05 9.999930e-01 1.658240e+02
9.999972e-01 3.064259e-04 -2.332099e-03 7.169009e+01 -3.067616e-04 9.999999e-01 -1.451742e-04 -6.775096e+00 2.332153e-03 1.458861e-04 9.999972e-01 1.658520e+02
9.999961e-01 -1.862284e-04 2.772667e-03 7.328361e+01 1.858869e-04 1.000000e+00 1.247613e-04 -6.830596e+00 -2.772592e-03 -1.242485e-04 9.999961e-01 1.658393e+02
