1.000000e+00 -3.613343e-05 -1.602834e-04 -2.382499e-01 3.612933e-05 1.000000e+00 -2.569535e-05 -1.935084e-03 1.602844e-04 2.569003e-05 9.999999e-01 3.469185e-01
9.999992e-01 3.315514e-05 -1.255013e-03 -1.961493e-01 -3.297470e-05 1.000000e+00 1.437751e-04 -2.717559e-02 1.255017e-03 -1.437331e-04 9.999991e-01 1.261566e+00
9.999992e-01 -1.154897e-05 -1.245467e-03 -1.668673e-01 1.156191e-05 1.000000e+00 1.037059e-05 -5.119825e-02 1.245466e-03 -1.038448e-05 9.999991e-01 2.138134e+00
9.999263e-01 3.430805e-04 -1.213252e-02 2.462742e-02 -3.366636e-04 9.999998e-01 5.309386e-04 -7.339325e-02 1.213270e-02 -5.268144e-04 9.999262e-01 2.714240e+00
9.999846e-01 9.047585e-05 -5.556581e-03 5.593826e-02 -8.948341e-05 1.000000e+00 1.788504e-04 -9.229529e-02 5.556593e-03 -1.783498e-04 9.999844e-01 3.373058e+00
9.999950e-01 1.156795e-04 -3.161518e-03 2.228839e-02 -1.151164e-04 1.000000e+00 1.782803e-04 -1.112923e-01 3.161534e-03 -1.779149e-04 9.999949e-01 4.155248e+00
9.999628e-01 1.764107e-04 -8.624312e-03 -5.814076e-02 -1.742641e-04 1.000000e+00 2.496468e-04 -1.113462e-01 8.624350e-03 -2.481339e-04 9.999627e-01 4.243312e+00
9.999852e-01 -1.333080e-04 5.437451e-03 -8.545053e-02 1.340313e-04 1.000000e+00 -1.326554e-04 -1.264111e-01 -5.437439e-03 1.333830e-04 9.999851e-01 4.842322e+00
9.998235e-01 4.513204e-04 -1.878146e-02 -1.406346e-01 -4.385636e-04 9.999997e-01 6.833340e-04 -1.444968e-01 1.878176e-02 -6.749757e-04 9.998233e-01 5.596171e+00
1.000000e+00 2.192731e-05 2.205045e-04 -2.294438e-01 -2.193276e-05 1.000000e+00 2.496089e-05 -1.547795e-01 -2.205129e-04 -2.496489e-05 9.999999e-01 6.083914e+00
9.999989e-01 -2.865107e-05 -1.479465e-03 -3.224850e-01 2.865335e-05 1.000000e+00 1.483966e-06 -1.640464e-01 1.479456e-03 -1.525517e-06 9.999988e-01 6.532876e+00
9.999919e-01 -7.060344e-05 4.021168e-03 -5.613468e-01 7.120457e-05 1.000000e+00 -1.493340e-04 -1.508577e-01 -4.021167e-03 1.496199e-04 9.999918e-01 6.283680e+00
9.999506e-01 1.760614e-04 -9.937396e-03 -7.841424e-01 -1.729249e-04 9.999999e-01 3.164770e-04 -1.512902e-01 9.937442e-03 -3.147421e-04 9.999505e-01 6.535165e+00
9.999993e-01 7.880873e-05 -1.155046e-03 -9.007553e-01 -7.869242e-05 1.000000e+00 1.006880e-04 -1.650508e-01 1.155044e-03 -1.005961e-04 9.999992e-01 7.197024e+00
9.997818e-01 4.604658e-04 -2.088494e-02 -9.697029e-01 -4.438051e-04 9.999996e-01 8.023648e-04 -1.806176e-01 2.088529e-02 -7.929199e-04 9.997815e-01 7.855876e+00
9.999585e-01 -1.653005e-04 9.108491e-03 -8.329669e-01 1.689017e-04 9.999999e-01 -3.945815e-04 -1.911920e-01 -9.108439e-03 3.961046e-04 9.999583e-01 8.036248e+00
9.999551e-01 1.574846e-04 -9.478409e-03 -6.611835e-01 -1.542030e-04 9.999999e-01 3.469399e-04 -1.947038e-01 9.478449e-03 -3.454617e-04 9.999549e-01 7.891891e+00
9.999952e-01 1.283075e-04 -3.101167e-03 -5.531660e-01 -1.281022e-04 1.000000e+00 6.637038e-05 -1.971415e-01 3.101160e-03 -6.597175e-05 9.999951e-01 7.783850e+00
9.998089e-01 4.290577e-04 -1.954171e-02 -5.433592e-01 -4.140874e-04 9.999996e-01 7.701012e-04 -1.964313e-01 1.954202e-02 -7.618610e-04 9.998086e-01 7.680648e+00
9.999376e-01 3.605392e-04 -1.116546e-02 -4.974859e-01 -3.561714e-04 9.999999e-01 3.931635e-04 -1.998323e-01 1.116558e-02 -3.891609e-04 9.999375e-01 7.705536e+00
9.999668e-01 -3.189232e-04 8.137310e-03 -4.682550e-01 3.216207e-04 9.999999e-01 -3.301654e-04 -1.997363e-01 -8.137224e-03 3.327728e-04 9.999667e-01 7.627416e+00
9.999589e-01 2.964090e-04 -9.061639e-03 -5.899824e-01 -2.935403e-04 9.999999e-01 3.178879e-04 -1.991480e-01 9.061711e-03 -3.152137e-04 9.999588e-01 7.734987e+00
9.999965e-01 -1.727690e-04 2.655873e-03 -6.382451e-01 1.731068e-04 1.000000e+00 -1.269031e-04 -2.021234e-01 -2.655873e-03 1.273636e-04 9.999964e-01 7.872040e+00
9.999644e-01 2.737746e-04 -8.429966e-03 -3.663410e-01 -2.712859e-04 9.999999e-01 2.963484e-04 -2.161729e-01 8.430024e-03 -2.940497e-04 9.999643e-01 7.964451e+00
9.998713e-01 3.416935e-04 -1.604256e-02 -5.255417e-02 -3.320401e-04 9.999998e-01 6.043902e-04 -2.270275e-01 1.604274e-02 -5.989843e-04 9.998710e-01 7.916188e+00
9.999768e-01 2.172424e-04 -6.809600e-03 9.911852e-03 -2.158127e-04 1.000000e+00 2.106545e-04 -2.355537e-01 6.809618e-03 -2.091786e-04 9.999767e-01 8.102831e+00
9.999974e-01 -1.586313e-04 2.289102e-03 -4.166233e-02 1.588190e-04 1.000000e+00 -8.171889e-05 -2.461546e-01 -2.289116e-03 8.208365e-05 9.999973e-01 8.513738e+00
9.999892e-01 2.105301e-04 -4.637928e-03 5.706642e-01 -2.099222e-04 1.000000e+00 1.315176e-04 -2.601491e-01 4.637928e-03 -1.305412e-04 9.999891e-01 8.192127e+00
9.999918e-01 -1.944595e-04 4.045568e-03 1.133848e+00 1.950484e-04 1.000000e+00 -1.450994e-04 -2.606553e-01 -4.045567e-03 1.458887e-04 9.999917e-01 7.454564e+00
9.999944e-01 1.466532e-04 -3.342689e-03 7.535233e-01 -1.465612e-04 1.000000e+00 2.768901e-05 -2.285201e-01 3.342665e-03 -2.719754e-05 9.999943e-01 6.630813e+00
9.999924e-01 -1.883863e-04 3.885833e-03 3.133442e-01 1.889429e-04 1.000000e+00 -1.427959e-04 -1.903687e-01 -3.885833e-03 1.435304e-04 9.999923e-01 5.649211e+00
9.999925e-01 1.581326e-04 -3.878756e-03 3.911144e-02 -1.578937e-04 1.000000e+00 6.184998e-05 -1.578874e-01 3.878738e-03 -6.123569e-05 9.999924e-01 4.678308e+00
9.999943e-01 -1.824831e-04 3.382879e-03 -1.010207e-01 1.828930e-04 1.000000e+00 -1.208184e-04 -1.414464e-01 -3.382884e-03 1.214378e-04 9.999942e-01 4.155491e+00
9.999916e-01 1.680275e-04 -4.092957e-03 -4.352645e-01 -1.677877e-04 1.000000e+00 5.887523e-05 -1.090083e-01 4.092940e-03 -5.818661e-05 9.999915e-01 3.252099e+00
9.999925e-01 -1.911716e-04 3.880137e-03 -8.227350e-01 1.917259e-04 1.000000e+00 -1.424097e-04 -7.228548e-02 -3.880137e-03 1.431539e-04 9.999924e-01 2.254842e+00
9.999913e-01 1.677280e-04 -4.155618e-03 -1.114746e+00 -1.674467e-04 1.000000e+00 6.798874e-05 -3.929227e-02 4.155601e-03 -6.729095e-05 9.999913e-01 1.279468e+00
9.999925e-01 -1.853861e-04 3.860889e-03 -1.516977e+00 1.859555e-04 1.000000e+00 -1.470652e-04 5.212523e-03 -3.860889e-03 1.477834e-04 9.999924e-01 -2.151102e-03
9.999917e-01 1.625581e-04 -4.063074e-03 -1.955516e+00 -1.623227e-04 1.000000e+00 5.822018e-05 4.402746e-02 4.063056e-03 -5.755883e-05 9.999916e-01 -1.016686e+00
9.999935e-01 -1.909830e-04 3.593775e-03 -2.224940e+00 1.914047e-04 1.000000e+00 -1.169424e-04 5.609132e-02 -3.593780e-03 1.176309e-04 9.999934e-01 -1.183497e+00
9.999935e-01 1.528943e-04 -3.606117e-03 -2.610216e+00 -1.527671e-04 1.000000e+00 3.548899e-05 7.506707e-02 3.606095e-03 -3.493654e-05 9.999934e-01 -1.465141e+00
9.999924e-01 -2.039781e-04 3.904837e-03 -3.008271e+00 2.044081e-04 1.000000e+00 -1.096436e-04 8.940287e-02 -3.904842e-03 1.104423e-04 9.999923e-01 -1.526555e+00
9.999940e-01 1.465194e-04 -3.455529e-03 -3.333212e+00 -1.463818e-04 1.000000e+00 3.999983e-05 1.011862e-01 3.455508e-03 -3.949244e-05 9.999939e-01 -1.577803e+00
9.999612e-01 -3.221439e-04 8.800087e-03 -3.636170e+00 3.240869e-04 9.999999e-01 -2.193471e-04 1.030480e-01 -8.800042e-03 2.221919e-04 9.999612e-01 -1.239952e+00
9.999824e-01 1.935827e-04 -5.929415e-03 -3.865213e+00 -1.927902e-04 1.000000e+00 1.341949e-04 9.836720e-02 5.929414e-03 -1.330481e-04 9.999823e-01 -7.510061e-01
9.999560e-01 -3.283498e-04 9.379745e-03 -4.141614e+00 3.308069e-04 9.999999e-01 -2.603862e-04 1.014987e-01 -9.379685e-03 2.634789e-04 9.999559e-01 -4.939816e-01
9.999658e-01 2.546551e-04 -8.266596e-03 -4.310850e+00 -2.528786e-04 9.999999e-01 2.159298e-04 9.784869e-02 8.266624e-03 -2.138307e-04 9.999657e-01 -1.199663e-01
9.999786e-01 -2.546636e-04 6.539749e-03 -4.543246e+00 2.560346e-04 9.999999e-01 -2.087725e-04 1.047597e-01 -6.539721e-03 2.104437e-04 9.999785e-01 -1.178814e-01
9.995304e-01 8.763214e-04 -3.062927e-02 -4.799495e+00 -8.428362e-04 9.999990e-01 1.106132e-03 1.241854e-01 3.063018e-02 -1.079795e-03 9.995301e-01 -5.796272e-01
9.999999e-01 -7.534597e-05 -5.311596e-04 -5.001378e+00 7.537785e-05 1.000000e+00 5.952489e-05 1.396655e-01 5.311235e-04 -5.956346e-05 9.999998e-01 -9.647563e-01
9.997452e-01 6.583746e-04 -2.256354e-02 -5.279293e+00 -6.412363e-04 9.999995e-01 7.667705e-04 1.574747e-01 2.256400e-02 -7.521050e-04 9.997450e-01 -1.353219e+00
9.999999e-01 -8.180600e-05 -4.453063e-04 -5.406991e+00 8.183884e-05 1.000000e+00 7.302646e-05 1.668377e-01 4.452643e-04 -7.306130e-05 9.999998e-01 -1.609284e+00
9.993184e-01 1.058947e-03 -3.690099e-02 -5.445307e+00 -1.009418e-03 9.999986e-01 1.360808e-03 1.656262e-01 3.690234e-02 -1.322630e-03 9.993179e-01 -1.559540e+00
9.999920e-01 -1.927545e-04 3.988580e-03 -5.495279e+00 1.932279e-04 1.000000e+00 -1.182080e-04 1.642655e-01 -3.988600e-03 1.189795e-04 9.999919e-01 -1.489618e+00
9.992223e-01 1.114878e-03 -3.941423e-02 -5.594014e+00 -1.057059e-03 9.999983e-01 1.487746e-03 1.634007e-01 3.941578e-02 -1.444924e-03 9.992218e-01 -1.385137e+00
9.999334e-01 2.538574e-04 -1.153928e-02 -5.658491e+00 -2.480617e-04 9.999998e-01 5.036393e-04 1.607404e-01 1.153936e-02 -5.007413e-04 9.999332e-01 -1.220984e+00
9.991674e-01 1.141968e-03 -4.078212e-02 -5.671655e+00 -1.079895e-03 9.999982e-01 1.544038e-03 1.560760e-01 4.078376e-02 -1.498710e-03 9.991668e-01 -1.057451e+00
9.999561e-01 1.838492e-04 -9.362258e-03 -5.640443e+00 -1.800975e-04 9.999999e-01 4.014923e-04 1.510173e-01 9.362272e-03 -3.997863e-04 9.999560e-01 -9.402767e-01
9.991062e-01 1.182610e-03 -4.225305e-02 -5.637768e+00 -1.115347e-03 9.999981e-01 1.615433e-03 1.457511e-01 4.225482e-02 -1.566860e-03 9.991055e-01 -7.828353e-01
9.998873e-01 3.509884e-04 -1.500894e-02 -5.676826e+00 -3.415660e-04 9.999997e-01 6.302770e-04 1.412240e-01 1.500909e-02 -6.250769e-04 9.998871e-01 -5.850255e-01
9.992349e-01 1.095163e-03 -3.909456e-02 -5.726338e+00 -1.037702e-03 9.999984e-01 1.490036e-03 1.375971e-01 3.909606e-02 -1.448325e-03 9.992343e-01 -4.143053e-01
9.998545e-01 4.006738e-04 -1.705182e-02 -5.772422e+00 -3.886712e-04 9.999997e-01 7.071235e-04 1.337333e-01 1.705202e-02 -7.003904e-04 9.998543e-01 -2.375161e-01
9.992308e-01 1.102017e-03 -3.919818e-02 -5.780950e+00 -1.043966e-03 9.999983e-01 1.501371e-03 1.278347e-01 3.919969e-02 -1.459292e-03 9.992302e-01 -3.198789e-02
9.998271e-01 4.439948e-04 -1.858808e-02 -5.811210e+00 -4.299071e-04 9.999996e-01 7.617993e-04 1.237859e-01 1.858833e-02 -7.536735e-04 9.998269e-01 1.339411e-01
9.992210e-01 1.106497e-03 -3.944721e-02 -5.849707e+00 -1.047421e-03 9.999983e-01 1.518191e-03 1.191903e-01 3.944874e-02 -1.475688e-03 9.992204e-01 3.272603e-01
9.998073e-01 4.835908e-04 -1.962266e-02 -5.921537e+00 -4.679773e-04 9.999996e-01 8.001844e-04 1.161896e-01 1.962295e-02 -7.908443e-04 9.998071e-01 5.123210e-01
9.993996e-01 9.704024e-04 -3.463236e-02 -5.957737e+00 -9.251004e-04 9.999987e-01 1.324029e-03 1.125347e-01 3.463351e-02 -1.291192e-03 9.993992e-01 6.762129e-01
9.998132e-01 4.644620e-04 -1.932218e-02 -5.968472e+00 -4.494108e-04 9.999996e-01 7.831871e-04 1.075981e-01 1.932245e-02 -7.743541e-04 9.998129e-01 8.485851e-01
9.994570e-01 9.338054e-04 -3.293678e-02 -5.998765e+00 -8.930465e-04 9.999988e-01 1.252114e-03 1.035422e-01 3.293782e-02 -1.222017e-03 9.994566e-01 1.018203e+00
9.999058e-01 3.094685e-04 -1.371978e-02 -6.037552e+00 -3.020155e-04 9.999998e-01 5.451305e-04 1.007848e-01 1.371985e-02 -5.409325e-04 9.999057e-01 1.143518e+00
9.994040e-01 9.690693e-04 -3.450519e-02 -6.057610e+00 -9.237809e-04 9.999987e-01 1.328359e-03 9.783828e-02 3.450634e-02 -1.295689e-03 9.994036e-01 1.249780e+00
9.998555e-01 4.035979e-04 -1.699296e-02 -6.124637e+00 -3.922905e-04 9.999997e-01 6.685975e-04 9.563690e-02 1.699313e-02 -6.618317e-04 9.998553e-01 1.391151e+00
9.998337e-01 5.457345e-04 -1.822448e-02 -6.187626e+00 -5.328394e-04 9.999996e-01 7.122737e-04 8.737670e-02 1.822476e-02 -7.024415e-04 9.998336e-01 1.788020e+00
9.999999e-01 -6.191767e-05 -3.994914e-04 -6.230773e+00 6.194052e-05 1.000000e+00 5.040964e-05 7.478313e-02 3.993892e-04 -5.043132e-05 9.999999e-01 2.303820e+00
9.993064e-01 1.078340e-03 -3.722180e-02 -6.301126e+00 -1.025359e-03 9.999984e-01 1.442380e-03 6.749592e-02 3.722320e-02 -1.403211e-03 9.993059e-01 2.655309e+00
9.989437e-01 -1.189182e-03 4.593433e-02 -6.372329e+00 1.267266e-03 9.999978e-01 -1.670776e-03 5.847852e-02 -4.593234e-02 1.727225e-03 9.989430e-01 3.077048e+00
9.997813e-01 7.442964e-04 -2.089848e-02 -6.412653e+00 -7.250493e-04 9.999993e-01 9.284186e-04 4.257410e-02 2.089906e-02 -9.130601e-04 9.997811e-01 3.766877e+00
9.987053e-01 -1.274690e-03 5.085340e-02 -6.423329e+00 1.368999e-03 9.999974e-01 -1.819679e-03 2.599812e-02 -5.085105e-02 1.886944e-03 9.987044e-01 4.451543e+00
9.998670e-01 6.671561e-04 -1.629150e-02 -6.415360e+00 -6.551789e-04 9.999995e-01 7.403490e-04 1.309774e-02 1.629189e-02 -7.295737e-04 9.998670e-01 4.956038e+00
9.990975e-01 -1.141616e-03 4.245892e-02 -6.419942e+00 1.207330e-03 9.999981e-01 -1.522038e-03 -3.475946e-03 -4.245720e-02 1.571930e-03 9.990970e-01 5.623621e+00
9.996319e-01 8.915737e-04 -2.711545e-02 -6.394485e+00 -8.622721e-04 9.999990e-01 1.092210e-03 -2.326039e-02 2.711630e-02 -1.068424e-03 9.996317e-01 6.360017e+00
9.990442e-01 -1.169234e-03 4.369522e-02 -6.358954e+00 1.238248e-03 9.999980e-01 -1.552352e-03 -4.362147e-02 -4.369342e-02 1.604977e-03 9.990436e-01 7.102500e+00
9.997077e-01 8.302379e-04 -2.415978e-02 -6.350419e+00 -8.063232e-04 9.999992e-01 9.994870e-04 -6.370990e-02 2.416049e-02 -9.797112e-04 9.997075e-01 7.887014e+00
9.996380e-01 -8.642641e-04 2.688843e-02 -6.314029e+00 8.926582e-04 9.999991e-01 -1.043920e-03 -8.322681e-02 -2.688760e-02 1.067548e-03 9.996378e-01 8.567540e+00
9.999019e-01 6.437208e-04 -1.399262e-02 -6.214599e+00 -6.345319e-04 9.999996e-01 6.609610e-04 -1.050879e-01 1.399294e-02 -6.520142e-04 9.999018e-01 9.261178e+00
9.993169e-01 -1.052176e-03 3.694102e-02 -6.157491e+00 1.102369e-03 9.999985e-01 -1.338320e-03 -1.261045e-01 -3.693965e-02 1.378132e-03 9.993165e-01 1.001009e+01
9.995946e-01 9.140816e-04 -2.845623e-02 -6.161093e+00 -8.824455e-04 9.999990e-01 1.124208e-03 -1.444807e-01 2.845713e-02 -1.098638e-03 9.995943e-01 1.072426e+01
9.997834e-01 -7.250873e-04 2.079906e-02 -6.201260e+00 7.418195e-04 9.999994e-01 -7.966491e-04 -1.618318e-01 -2.079856e-02 8.119088e-04 9.997833e-01 1.142548e+01
9.993490e-01 1.126932e-03 -3.605780e-02 -6.275242e+00 -1.075916e-03 9.999984e-01 1.434154e-03 -1.777588e-01 3.605926e-02 -1.394422e-03 9.993486e-01 1.211800e+01
9.999990e-01 -1.971916e-04 1.379394e-03 -6.402413e+00 1.972417e-04 1.000000e+00 -3.441666e-05 -1.894478e-01 -1.379484e-03 3.469184e-05 9.999990e-01 1.272436e+01
9.989266e-01 1.429910e-03 -4.629766e-02 -6.505616e+00 -1.345912e-03 9.999974e-01 1.845374e-03 -1.971851e-01 4.630008e-02 -1.781077e-03 9.989259e-01 1.314271e+01
9.999999e-01 -1.624478e-04 1.587177e-05 -6.599180e+00 1.624507e-04 1.000000e+00 -2.031283e-05 -1.999686e-01 -1.596701e-05 2.031853e-05 9.999999e-01 1.335362e+01
9.993698e-01 1.122242e-03 -3.547813e-02 -6.665944e+00 -1.073236e-03 9.999984e-01 1.400226e-03 -2.060541e-01 3.547954e-02 -1.361264e-03 9.993694e-01 1.365230e+01
9.999974e-01 -2.348178e-04 2.244268e-03 -6.788714e+00 2.350880e-04 1.000000e+00 -1.188676e-04 -2.100735e-01 -2.244339e-03 1.193980e-04 9.999974e-01 1.392833e+01
9.994286e-01 1.076958e-03 -3.378322e-02 -6.848086e+00 -1.031404e-03 9.999985e-01 1.365723e-03 -2.199230e-01 3.378454e-02 -1.330095e-03 9.994282e-01 1.436336e+01
9.999857e-01 -3.129224e-04 5.337825e-03 -6.890682e+00 3.141469e-04 9.999999e-01 -2.280236e-04 -2.333506e-01 -5.337853e-03 2.297002e-04 9.999857e-01 1.492417e+01
9.997891e-01 6.961444e-04 -2.052401e-02 -6.949184e+00 -6.792484e-04 9.999994e-01 8.300510e-04 -2.487560e-01 2.052447e-02 -8.159320e-04 9.997890e-01 1.558225e+01
9.998539e-01 -6.283748e-04 1.707597e-02 -6.949357e+00 6.404104e-04 9.999996e-01 -6.991901e-04 -2.637592e-01 -1.707562e-02 7.100267e-04 9.998539e-01 1.612635e+01
9.998548e-01 6.320635e-04 -1.702575e-02 -6.837251e+00 -6.202317e-04 9.999996e-01 7.000367e-04 -2.810756e-01 1.702609e-02 -6.893721e-04 9.998548e-01 1.660047e+01
9.998826e-01 -6.127632e-04 1.530614e-02 -6.794373e+00 6.225130e-04 9.999996e-01 -6.320275e-04 -2.976099e-01 -1.530585e-02 6.414847e-04 9.998826e-01 1.714620e+01
9.998941e-01 5.740108e-04 -1.453548e-02 -6.804626e+00 -5.644201e-04 9.999996e-01 6.637063e-04 -3.180787e-01 1.453575e-02 -6.554289e-04 9.998941e-01 1.794825e+01
9.998864e-01 -6.123474e-04 1.505494e-02 -6.803823e+00 6.216338e-04 9.999996e-01 -6.119567e-04 -3.405088e-01 -1.505466e-02 6.212489e-04 9.998864e-01 1.881514e+01
9.998876e-01 5.810198e-04 -1.498121e-02 -6.812443e+00 -5.711468e-04 9.999996e-01 6.630943e-04 -3.606427e-01 1.498149e-02 -6.544602e-04 9.998875e-01 1.960038e+01
9.998673e-01 -6.210467e-04 1.627271e-02 -6.761591e+00 6.318754e-04 9.999996e-01 -6.601305e-04 -3.820792e-01 -1.627240e-02 6.703284e-04 9.998673e-01 2.034393e+01
9.999100e-01 5.549036e-04 -1.340043e-02 -6.712146e+00 -5.469589e-04 9.999997e-01 5.963088e-04 -4.019357e-01 1.340066e-02 -5.889226e-04 9.999100e-01 2.102576e+01
9.998979e-01 -5.938833e-04 1.427043e-02 -6.673743e+00 6.024034e-04 9.999996e-01 -5.925444e-04 -4.214330e-01 -1.427017e-02 6.010836e-04 9.998979e-01 2.170625e+01
9.998970e-01 5.647000e-04 -1.433658e-02 -6.656865e+00 -5.555451e-04 9.999996e-01 6.423364e-04 -4.418984e-01 1.433684e-02 -6.343026e-04 9.998970e-01 2.246326e+01
9.998873e-01 -6.063810e-04 1.499762e-02 -6.649460e+00 6.152632e-04 9.999996e-01 -5.874251e-04 -4.654371e-01 -1.499735e-02 5.965895e-04 9.998873e-01 2.336718e+01
9.999250e-01 5.266280e-04 -1.223280e-02 -6.659728e+00 -5.199312e-04 9.999997e-01 5.503712e-04 -4.858082e-01 1.223299e-02 -5.439667e-04 9.999250e-01 2.416832e+01
9.998621e-01 -6.175923e-04 1.659141e-02 -6.629676e+00 6.284349e-04 9.999996e-01 -6.481172e-04 -5.070532e-01 -1.659110e-02 6.584576e-04 9.998621e-01 2.494224e+01
9.999191e-01 5.451211e-04 -1.270406e-02 -6.552928e+00 -5.378186e-04 9.999997e-01 5.779955e-04 -5.318806e-01 1.270427e-02 -5.711132e-04 9.999191e-01 2.578923e+01
9.998636e-01 -5.870834e-04 1.650372e-02 -6.236757e+00 5.983384e-04 9.999996e-01 -6.768558e-04 -5.596016e-01 -1.650342e-02 6.866414e-04 9.998635e-01 2.640641e+01
9.998736e-01 5.754038e-04 -1.588757e-02 -5.987153e+00 -5.643718e-04 9.999996e-01 6.986674e-04 -5.868618e-01 1.588787e-02 -6.896095e-04 9.998735e-01 2.710279e+01
9.998100e-01 -6.441279e-04 1.947929e-02 -5.893838e+00 6.591829e-04 9.999995e-01 -7.663033e-04 -6.109345e-01 -1.947888e-02 7.790012e-04 9.998099e-01 2.789113e+01
9.999319e-01 5.063695e-04 -1.165581e-02 -5.800637e+00 -5.001334e-04 9.999997e-01 5.376764e-04 -6.331337e-01 1.165598e-02 -5.318073e-04 9.999319e-01 2.860632e+01
9.996640e-01 -7.582686e-04 2.590911e-02 -5.735194e+00 7.828984e-04 9.999993e-01 -9.403759e-04 -6.571520e-01 -2.590848e-02 9.603473e-04 9.996638e-01 2.945241e+01
9.997454e-01 7.006273e-04 -2.255080e-02 -5.680930e+00 -6.803930e-04 9.999994e-01 9.048093e-04 -6.817578e-01 2.255132e-02 -8.892325e-04 9.997452e-01 3.032528e+01
9.996432e-01 -7.728996e-04 2.669719e-02 -5.635668e+00 7.991149e-04 9.999992e-01 -9.711808e-04 -7.053993e-01 -2.669652e-02 9.921716e-04 9.996430e-01 3.117353e+01
9.997401e-01 7.038336e-04 -2.278439e-02 -5.600813e+00 -6.830390e-04 9.999993e-01 9.203141e-04 -7.295834e-01 2.278492e-02 -9.045092e-04 9.997399e-01 3.206057e+01
9.995180e-01 -8.495560e-04 3.103238e-02 -5.578009e+00 8.843444e-04 9.999990e-01 -1.107232e-03 -7.535336e-01 -3.103151e-02 1.134145e-03 9.995177e-01 3.296631e+01
9.995723e-01 8.071898e-04 -2.923064e-02 -5.603816e+00 -7.746724e-04 9.999991e-01 1.123655e-03 -7.734850e-01 2.923142e-02 -1.100527e-03 9.995720e-01 3.377462e+01
9.992349e-01 -9.755905e-04 3.909701e-02 -5.575723e+00 1.030197e-03 9.999985e-01 -1.376487e-03 -7.941682e-01 -3.909571e-02 1.415715e-03 9.992344e-01 3.453432e+01
9.995869e-01 8.166722e-04 -2.872707e-02 -5.501858e+00 -7.854292e-04 9.999991e-01 1.098750e-03 -8.167259e-01 2.872784e-02 -1.075730e-03 9.995866e-01 3.529765e+01
9.995676e-01 -8.337881e-04 2.939149e-02 -5.473418e+00 8.646721e-04 9.999991e-01 -1.037987e-03 -8.400338e-01 -2.939070e-02 1.062956e-03 9.995674e-01 3.615669e+01
9.995704e-01 8.226844e-04 -2.929559e-02 -5.466124e+00 -7.906431e-04 9.999991e-01 1.105197e-03 -8.609052e-01 2.929637e-02 -1.081557e-03 9.995701e-01 3.694649e+01
9.995114e-01 -8.384369e-04 3.124452e-02 -5.303533e+00 8.737460e-04 9.999990e-01 -1.116358e-03 -8.849809e-01 -3.124365e-02 1.143115e-03 9.995111e-01 3.763680e+01
9.995553e-01 8.265078e-04 -2.980642e-02 -5.191616e+00 -7.927098e-04 9.999990e-01 1.145623e-03 -9.105135e-01 2.980723e-02 -1.121482e-03 9.995550e-01 3.846136e+01
9.994919e-01 -8.386304e-04 3.186241e-02 -5.016892e+00 8.755970e-04 9.999990e-01 -1.146164e-03 -9.369478e-01 -3.186152e-02 1.173484e-03 9.994915e-01 3.923409e+01
9.995713e-01 8.077174e-04 -2.926498e-02 -4.904515e+00 -7.753363e-04 9.999991e-01 1.117714e-03 -9.601799e-01 2.926575e-02 -1.094541e-03 9.995710e-01 3.996205e+01
9.993837e-01 -8.831279e-04 3.509131e-02 -4.728008e+00 9.277250e-04 9.999988e-01 -1.254538e-03 -9.852260e-01 -3.509026e-02 1.286324e-03 9.993833e-01 4.067492e+01
9.994344e-01 9.053978e-04 -3.361495e-02 -4.379785e+00 -8.630308e-04 9.999988e-01 1.274770e-03 -1.016455e+00 3.361597e-02 -1.245035e-03 9.994340e-01 4.140023e+01
9.993581e-01 -8.874027e-04 3.581080e-02 -3.965742e+00 9.336785e-04 9.999988e-01 -1.275444e-03 -1.050241e+00 -3.580972e-02 1.308064e-03 9.993577e-01 4.213668e+01
9.995142e-01 8.812129e-04 -3.115443e-02 -3.484962e+00 -8.448747e-04 9.999989e-01 1.179446e-03 -1.084872e+00 3.115533e-02 -1.152549e-03 9.995138e-01 4.280930e+01
9.990411e-01 -1.035827e-03 4.376851e-02 -3.190321e+00 1.103343e-03 9.999982e-01 -1.518375e-03 -1.116231e+00 -4.376696e-02 1.565214e-03 9.990405e-01 4.362627e+01
9.996322e-01 8.020885e-04 -2.710537e-02 -2.912355e+00 -7.743475e-04 9.999992e-01 1.033831e-03 -1.145493e+00 2.710608e-02 -1.012458e-03 9.996320e-01 4.437929e+01
9.991434e-01 -1.017369e-03 4.136838e-02 -2.742342e+00 1.077533e-03 9.999984e-01 -1.432015e-03 -1.171595e+00 -4.136696e-02 1.475367e-03 9.991429e-01 4.515666e+01
9.995788e-01 8.575603e-04 -2.900709e-02 -2.453830e+00 -8.266814e-04 9.999991e-01 1.076414e-03 -1.199296e+00 2.900789e-02 -1.051978e-03 9.995786e-01 4.582607e+01
9.991900e-01 -1.014809e-03 4.022676e-02 -2.315159e+00 1.070942e-03 9.999985e-01 -1.373825e-03 -1.225074e+00 -4.022541e-02 1.415796e-03 9.991896e-01 4.663207e+01
9.996194e-01 8.610270e-04 -2.757097e-02 -1.955904e+00 -8.336426e-04 9.999991e-01 1.004621e-03 -1.255094e+00 2.757172e-02 -9.812512e-04 9.996193e-01 4.729726e+01
9.992931e-01 -9.325243e-04 3.757993e-02 -1.390110e+00 9.816494e-04 9.999987e-01 -1.288713e-03 -1.291615e+00 -3.757877e-02 1.324695e-03 9.992927e-01 4.793617e+01
9.995202e-01 9.206084e-04 -3.095810e-02 -8.016112e-01 -8.863419e-04 9.999990e-01 1.120494e-03 -1.329006e+00 3.095900e-02 -1.092514e-03 9.995200e-01 4.857810e+01
9.993514e-01 -9.709497e-04 3.599775e-02 -6.346543e-01 1.014521e-03 9.999988e-01 -1.192073e-03 -1.358530e+00 -3.599665e-02 1.227823e-03 9.993511e-01 4.949789e+01
9.995962e-01 8.628605e-04 -2.840203e-02 -4.193623e-01 -8.351275e-04 9.999992e-01 9.882020e-04 -1.382215e+00 2.840277e-02 -9.640804e-04 9.995960e-01 5.010124e+01
9.992879e-01 -9.920694e-04 3.771816e-02 -2.353108e-01 1.039883e-03 9.999987e-01 -1.247977e-03 -1.405201e+00 -3.771697e-02 1.286314e-03 9.992876e-01 5.072523e+01
9.996918e-01 7.856148e-04 -2.481000e-02 -1.732803e-01 -7.630998e-04 9.999993e-01 9.168508e-04 -1.431436e+00 2.481061e-02 -8.976326e-04 9.996917e-01 5.166825e+01
9.994993e-01 -9.031466e-04 3.162656e-02 -1.674293e-01 9.362757e-04 9.999990e-01 -1.032632e-03 -1.457733e+00 -3.162569e-02 1.061729e-03 9.994992e-01 5.270103e+01
9.997215e-01 7.612707e-04 -2.358411e-02 -1.202151e-01 -7.417103e-04 9.999994e-01 8.380199e-04 -1.480650e+00 2.358463e-02 -8.202908e-04 9.997214e-01 5.352458e+01
9.996270e-01 -8.220247e-04 2.729849e-02 -6.347145e-02 8.463150e-04 9.999993e-01 -8.781671e-04 -1.505848e+00 -2.729785e-02 9.009459e-04 9.996269e-01 5.442247e+01
9.997090e-01 7.693350e-04 -2.410748e-02 -9.602570e-03 -7.483809e-04 9.999993e-01 8.781048e-04 -1.533476e+00 2.410804e-02 -8.598045e-04 9.997089e-01 5.542726e+01
9.996078e-01 -8.141697e-04 2.799149e-02 1.791357e-01 8.405336e-04 9.999992e-01 -9.300067e-04 -1.562195e+00 -2.799081e-02 9.531730e-04 9.996077e-01 5.628363e+01
9.997200e-01 7.449056e-04 -2.365074e-02 2.708043e-01 -7.252081e-04 9.999994e-01 8.413148e-04 -1.585286e+00 2.365126e-02 -8.239242e-04 9.997199e-01 5.704768e+01
9.996138e-01 -8.184682e-04 2.777558e-02 2.806662e-01 8.438897e-04 9.999992e-01 -9.034446e-04 -1.607511e+00 -2.777491e-02 9.265386e-04 9.996137e-01 5.789902e+01
9.996682e-01 7.620322e-04 -2.574596e-02 2.017092e-01 -7.380944e-04 9.999993e-01 9.391662e-04 -1.629950e+00 2.574656e-02 -9.198484e-04 9.996680e-01 5.890429e+01
9.995677e-01 -8.615477e-04 2.938707e-02 1.020284e-01 8.911816e-04 9.999991e-01 -9.952278e-04 -1.645383e+00 -2.938628e-02 1.020990e-03 9.995675e-01 5.963821e+01
9.996642e-01 7.714145e-04 -2.589931e-02 -1.514223e-02 -7.472773e-04 9.999993e-01 9.415369e-04 -1.659839e+00 2.589993e-02 -9.218636e-04 9.996640e-01 6.035539e+01
9.995519e-01 -8.813028e-04 2.992027e-02 -1.821306e-01 9.132618e-04 9.999990e-01 -1.054406e-03 -1.665468e+00 -2.991940e-02 1.081261e-03 9.995517e-01 6.077943e+01
9.996370e-01 8.009233e-04 -2.692758e-02 -4.071392e-01 -7.750439e-04 9.999992e-01 9.714132e-04 -1.669142e+00 2.692824e-02 -9.501873e-04 9.996369e-01 6.119341e+01
9.995253e-01 -9.024227e-04 3.079311e-02 -8.619295e-01 9.370754e-04 9.999989e-01 -1.110845e-03 -1.659636e+00 -3.079217e-02 1.139177e-03 9.995251e-01 6.138718e+01
9.996733e-01 7.891332e-04 -2.554459e-02 -1.064452e+00 -7.657519e-04 9.999993e-01 9.249912e-04 -1.657441e+00 2.554520e-02 -9.051250e-04 9.996732e-01 6.152543e+01
9.995241e-01 -8.904895e-04 3.083310e-02 -1.151329e+00 9.252422e-04 9.999990e-01 -1.112795e-03 -1.659032e+00 -3.083218e-02 1.140797e-03 9.995239e-01 6.165605e+01
9.995750e-01 8.372951e-04 -2.913843e-02 -1.622446e+00 -8.080461e-04 9.999992e-01 1.015477e-03 -1.638629e+00 2.913916e-02 -9.914965e-04 9.995748e-01 6.142246e+01
9.994342e-01 -9.475069e-04 3.362131e-02 -1.924875e+00 9.880475e-04 9.999988e-01 -1.189133e-03 -1.623428e+00 -3.362024e-02 1.221683e-03 9.994339e-01 6.117885e+01
9.996034e-01 8.407008e-04 -2.814704e-02 -1.962360e+00 -8.129342e-04 9.999992e-01 9.978329e-04 -1.622462e+00 2.814776e-02 -9.745522e-04 9.996032e-01 6.114852e+01
9.994016e-01 -9.807078e-04 3.457332e-02 -2.160721e+00 1.022209e-03 9.999988e-01 -1.182660e-03 -1.626635e+00 -3.457221e-02 1.217297e-03 9.994014e-01 6.155342e+01
9.994810e-01 9.179310e-04 -3.219958e-02 -2.464128e+00 -8.826756e-04 9.999990e-01 1.109032e-03 -1.623320e+00 3.220047e-02 -1.080031e-03 9.994808e-01 6.179201e+01
9.995495e-01 -8.542184e-04 3.000048e-02 -2.765769e+00 8.858171e-04 9.999991e-01 -1.039916e-03 -1.602347e+00 -2.999966e-02 1.066026e-03 9.995493e-01 6.131769e+01
9.997411e-01 6.745115e-04 -2.274156e-02 -2.951384e+00 -6.564231e-04 9.999995e-01 8.027438e-04 -1.598104e+00 2.274199e-02 -7.876046e-04 9.997410e-01 6.137792e+01
9.995384e-01 -8.573002e-04 3.036816e-02 -3.233371e+00 8.890624e-04 9.999991e-01 -1.032338e-03 -1.599815e+00 -3.036734e-02 1.058864e-03 9.995382e-01 6.180512e+01
9.998325e-01 6.128250e-04 -1.829249e-02 -3.260701e+00 -6.000568e-04 9.999996e-01 7.033614e-04 -1.618573e+00 1.829282e-02 -6.922637e-04 9.998324e-01 6.257479e+01
9.995175e-01 -8.813467e-04 3.104775e-02 -3.323930e+00 9.145982e-04 9.999990e-01 -1.056716e-03 -1.634401e+00 -3.104688e-02 1.084606e-03 9.995173e-01 6.328219e+01
9.999709e-01 4.161796e-04 -7.611842e-03 -3.312502e+00 -4.137530e-04 9.999999e-01 3.200783e-04 -1.645858e+00 7.611883e-03 -3.169163e-04 9.999709e-01 6.372091e+01
9.997639e-01 -7.376463e-04 2.171496e-02 -3.437260e+00 7.548611e-04 9.999994e-01 -7.844720e-04 -1.643903e+00 -2.171446e-02 8.006819e-04 9.997638e-01 6.380044e+01
9.999833e-01 3.826832e-04 -5.768998e-03 -3.698103e+00 -3.812155e-04 9.999999e-01 2.551492e-04 -1.638941e+00 5.769005e-03 -2.529424e-04 9.999833e-01 6.394611e+01
9.997479e-01 -7.397460e-04 2.243835e-02 -3.802533e+00 7.578342e-04 9.999994e-01 -7.975409e-04 -1.639586e+00 -2.243783e-02 8.143477e-04 9.997478e-01 6.410301e+01
9.999740e-01 4.127565e-04 -7.194228e-03 -3.903377e+00 -4.105073e-04 9.999999e-01 3.138348e-04 -1.646143e+00 7.194267e-03 -3.108700e-04 9.999740e-01 6.448995e+01
9.997321e-01 -7.276344e-04 2.313259e-02 -3.902277e+00 7.458506e-04 9.999994e-01 -7.787604e-04 -1.665109e+00 -2.313210e-02 7.958085e-04 9.997320e-01 6.523721e+01
9.999486e-01 4.469191e-04 -1.012349e-02 -3.941678e+00 -4.428157e-04 9.999998e-01 4.073831e-04 -1.682182e+00 1.012359e-02 -4.028761e-04 9.999486e-01 6.596576e+01
9.997985e-01 -6.922422e-04 2.006028e-02 -4.120021e+00 7.064365e-04 9.999995e-01 -7.004034e-04 -1.690583e+00 -2.005987e-02 7.144369e-04 9.997985e-01 6.652849e+01
9.999997e-01 2.543291e-04 7.101282e-04 -4.276521e+00 -2.543528e-04 1.000000e+00 3.599686e-05 -1.696294e+00 -7.102052e-04 -3.617422e-05 9.999997e-01 6.696306e+01
9.997379e-01 -7.361224e-04 2.287998e-02 -4.376082e+00 7.542485e-04 9.999994e-01 -7.835210e-04 -1.703648e+00 -2.287947e-02 8.005761e-04 9.997378e-01 6.738632e+01
9.999999e-01 2.705614e-04 -1.596003e-04 -4.508452e+00 -2.705509e-04 1.000000e+00 5.435186e-05 -1.709330e+00 1.595313e-04 -5.430545e-05 9.999999e-01 6.778422e+01
9.997232e-01 -7.508815e-04 2.351487e-02 -4.623946e+00 7.697302e-04 9.999994e-01 -7.924456e-04 -1.716405e+00 -2.351435e-02 8.103296e-04 9.997231e-01 6.821801e+01
9.999999e-01 2.673469e-04 -3.346608e-04 -4.787597e+00 -2.673280e-04 1.000000e+00 5.153212e-05 -1.720667e+00 3.345934e-04 -5.143946e-05 9.999999e-01 6.860873e+01
9.997418e-01 -7.468464e-04 2.271078e-02 -5.014121e+00 7.650521e-04 9.999994e-01 -7.928829e-04 -1.712760e+00 -2.271026e-02 8.100563e-04 9.997417e-01 6.859962e+01
9.999970e-01 3.258733e-04 -2.433122e-03 -5.165190e+00 -3.255344e-04 9.999999e-01 1.390625e-04 -1.717219e+00 2.433089e-03 -1.382669e-04 9.999969e-01 6.896980e+01
9.997728e-01 -7.262371e-04 2.130066e-02 -5.341226e+00 7.421745e-04 9.999995e-01 -7.402463e-04 -1.721228e+00 -2.130018e-02 7.558901e-04 9.997728e-01 6.935781e+01
9.999999e-01 2.755260e-04 8.814932e-05 -5.548554e+00 -2.755277e-04 1.000000e+00 3.478284e-05 -1.719198e+00 -8.821573e-05 -3.480402e-05 9.999999e-01 6.955454e+01
9.998468e-01 -6.571866e-04 1.749182e-02 -5.778402e+00 6.680237e-04 9.999996e-01 -6.136332e-04 -1.716985e+00 -1.749149e-02 6.252272e-04 9.998467e-01 6.976836e+01
9.999999e-01 2.860703e-04 3.279203e-04 -5.798414e+00 -2.860815e-04 1.000000e+00 3.826301e-05 -1.725921e+00 -3.279830e-04 -3.835376e-05 9.999999e-01 7.013748e+01
9.997970e-01 -7.282208e-04 2.013590e-02 -5.986018e+00 7.426932e-04 9.999995e-01 -7.111990e-04 -1.720109e+00 -2.013544e-02 7.260125e-04 9.997969e-01 7.015574e+01
9.999995e-01 2.622652e-04 9.564286e-04 -6.252092e+00 -2.622608e-04 1.000000e+00 -3.325954e-06 -1.706711e+00 -9.565002e-04 3.078122e-06 9.999995e-01 6.997834e+01
9.997999e-01 -7.235027e-04 1.999019e-02 -6.537073e+00 7.372075e-04 9.999995e-01 -6.781548e-04 -1.700274e+00 -1.998976e-02 6.927590e-04 9.997999e-01 7.011478e+01
9.999996e-01 2.727186e-04 8.221417e-04 -6.783710e+00 -2.726941e-04 1.000000e+00 -2.848185e-05 -1.688987e+00 -8.222172e-04 2.826059e-05 9.999996e-01 6.999421e+01
9.998385e-01 -6.773936e-04 1.795750e-02 -7.042951e+00 6.886365e-04 9.999996e-01 -6.198417e-04 -1.672789e+00 -1.795714e-02 6.321107e-04 9.998385e-01 6.967820e+01
9.999944e-01 3.439420e-04 -3.322247e-03 -7.372620e+00 -3.435914e-04 9.999999e-01 1.057935e-04 -1.659601e+00 3.322218e-03 -1.046485e-04 9.999944e-01 6.957970e+01
9.997812e-01 -7.412305e-04 2.090487e-02 -7.710575e+00 7.563318e-04 9.999995e-01 -7.144351e-04 -1.640255e+00 -2.090439e-02 7.300926e-04 9.997811e-01 6.924892e+01
9.999983e-01 3.337605e-04 -1.784508e-03 -8.059091e+00 -3.336863e-04 9.999999e-01 4.131941e-05 -1.619085e+00 1.784459e-03 -4.072106e-05 9.999983e-01 6.885202e+01
9.997213e-01 -7.792669e-04 2.359484e-02 -8.320014e+00 7.981712e-04 9.999994e-01 -7.917528e-04 -1.603195e+00 -2.359427e-02 8.103676e-04 9.997212e-01 6.855067e+01
9.999973e-01 3.704257e-04 -2.306378e-03 -8.413058e+00 -3.703325e-04 9.999999e-01 4.043544e-05 -1.591874e+00 2.306334e-03 -3.957848e-05 9.999972e-01 6.820000e+01
9.997233e-01 -7.897440e-04 2.350713e-02 -8.627261e+00 8.083396e-04 9.999994e-01 -7.815309e-04 -1.576837e+00 -2.350656e-02 8.003191e-04 9.997233e-01 6.786462e+01
9.999995e-01 3.033494e-04 9.365525e-04 -8.860066e+00 -3.033044e-04 1.000000e+00 -4.724114e-05 -1.570264e+00 -9.366221e-04 4.695968e-05 9.999995e-01 6.791186e+01
9.996685e-01 -8.246569e-04 2.573253e-02 -8.935049e+00 8.467764e-04 9.999993e-01 -8.486738e-04 -1.566752e+00 -2.573186e-02 8.701848e-04 9.996684e-01 6.786537e+01
9.999944e-01 3.035293e-04 3.319392e-03 -8.884778e+00 -3.030071e-04 9.999999e-01 -1.575967e-04 -1.559830e+00 -3.319490e-03 1.565925e-04 9.999944e-01 6.751250e+01
9.996639e-01 -8.289220e-04 2.591261e-02 -8.826821e+00 8.510214e-04 9.999993e-01 -8.418023e-04 -1.552146e+00 -2.591194e-02 8.635739e-04 9.996638e-01 6.712273e+01
9.999861e-01 2.621221e-04 5.261629e-03 -8.815527e+00 -2.609076e-04 9.999999e-01 -2.314104e-04 -1.543769e+00 -5.261734e-03 2.300368e-04 9.999860e-01 6.676696e+01
9.996837e-01 -8.160050e-04 2.513773e-02 -8.754213e+00 8.363953e-04 9.999993e-01 -8.006131e-04 -1.537637e+00 -2.513710e-02 8.213872e-04 9.996836e-01 6.643076e+01
9.999664e-01 2.058629e-04 8.190138e-03 -8.747053e+00 -2.030792e-04 9.999999e-01 -3.406543e-04 -1.530211e+00 -8.190247e-03 3.389818e-04 9.999663e-01 6.611944e+01
9.996670e-01 -8.240185e-04 2.579290e-02 -8.748823e+00 8.451569e-04 9.999993e-01 -8.086315e-04 -1.522652e+00 -2.579225e-02 8.301634e-04 9.996669e-01 6.581576e+01
9.999841e-01 2.407427e-04 5.627217e-03 -8.780900e+00 -2.392292e-04 9.999999e-01 -2.695594e-04 -1.512004e+00 -5.627315e-03 2.682110e-04 9.999840e-01 6.543015e+01
9.997616e-01 -7.583537e-04 2.182215e-02 -8.787115e+00 7.730316e-04 9.999995e-01 -6.641705e-04 -1.500533e+00 -2.182166e-02 6.808833e-04 9.997616e-01 6.497272e+01
9.999743e-01 2.564043e-04 7.167740e-03 -8.573617e+00 -2.539528e-04 9.999999e-01 -3.428832e-04 -1.498297e+00 -7.167855e-03 3.410560e-04 9.999742e-01 6.460170e+01
9.997791e-01 -7.731154e-04 2.100452e-02 -8.464599e+00 7.862648e-04 9.999995e-01 -6.177663e-04 -1.492251e+00 -2.100405e-02 6.341467e-04 9.997791e-01 6.421164e+01
9.999916e-01 2.805237e-04 4.081927e-03 -8.454946e+00 -2.795300e-04 9.999999e-01 -2.439644e-04 -1.482582e+00 -4.082018e-03 2.428231e-04 9.999915e-01 6.379903e+01
9.997886e-01 -7.377765e-04 2.054846e-02 -8.305241e+00 7.502343e-04 9.999995e-01 -5.985533e-04 -1.479312e+00 -2.054803e-02 6.138446e-04 9.997886e-01 6.345604e+01
9.999647e-01 2.048372e-04 8.398352e-03 -8.155703e+00 -2.015249e-04 9.999999e-01 -3.952195e-04 -1.477204e+00 -8.398450e-03 3.935146e-04 9.999646e-01 6.316297e+01
9.998712e-01 -6.696586e-04 1.603779e-02 -8.041700e+00 6.767933e-04 9.999997e-01 -4.394358e-04 -1.474032e+00 -1.603751e-02 4.502349e-04 9.998712e-01 6.286747e+01
9.999890e-01 3.067159e-04 4.680931e-03 -7.648800e+00 -3.053903e-04 9.999999e-01 -2.838796e-04 -1.481583e+00 -4.681030e-03 2.824483e-04 9.999889e-01 6.262708e+01
9.998317e-01 -7.002331e-04 1.833466e-02 -7.254897e+00 7.097488e-04 9.999996e-01 -5.124910e-04 -1.487669e+00 -1.833431e-02 5.254191e-04 9.998317e-01 6.233683e+01
9.999942e-01 3.191828e-04 3.387861e-03 -6.816103e+00 -3.183782e-04 9.999999e-01 -2.380287e-04 -1.496177e+00 -3.387945e-03 2.369499e-04 9.999941e-01 6.207622e+01
9.998311e-01 -7.123343e-04 1.836295e-02 -6.531001e+00 7.218377e-04 9.999996e-01 -5.109059e-04 -1.498998e+00 -1.836258e-02 5.240759e-04 9.998312e-01 6.179239e+01
9.999772e-01 2.451621e-04 6.749068e-03 -6.393066e+00 -2.427257e-04 9.999999e-01 -3.617991e-04 -1.497127e+00 -6.749160e-03 3.601537e-04 9.999771e-01 6.151860e+01
9.997730e-01 -7.699987e-04 2.129120e-02 -6.303244e+00 7.826261e-04 9.999995e-01 -5.847544e-04 -1.495487e+00 -2.129075e-02 6.012857e-04 9.997730e-01 6.131230e+01
9.999999e-01 3.793869e-04 -1.832008e-04 -6.053622e+00 -3.794129e-04 9.999999e-01 -1.420644e-04 -1.501116e+00 1.831477e-04 1.421348e-04 9.999999e-01 6.117507e+01
9.998767e-01 -6.703069e-04 1.568960e-02 -5.747529e+00 6.766847e-04 9.999997e-01 -4.011893e-04 -1.507199e+00 -1.568932e-02 4.117576e-04 9.998767e-01 6.097843e+01
9.999999e-01 3.662133e-04 -3.141130e-05 -5.559946e+00 -3.662182e-04 9.999999e-01 -1.578474e-04 -1.503668e+00 3.135749e-05 1.578597e-04 9.999999e-01 6.056409e+01
9.997957e-01 -7.454857e-04 2.019857e-02 -5.372637e+00 7.564301e-04 9.999996e-01 -5.342062e-04 -1.504941e+00 -2.019816e-02 5.493766e-04 9.997957e-01 6.033762e+01
9.999996e-01 3.812863e-04 -8.325498e-04 -5.142980e+00 -3.813996e-04 9.999999e-01 -1.359383e-04 -1.510359e+00 8.325058e-04 1.362564e-04 9.999995e-01 6.021455e+01
9.996515e-01 -8.640749e-04 2.638315e-02 -5.077599e+00 8.835104e-04 9.999993e-01 -7.250155e-04 -1.509818e+00 -2.638250e-02 7.480732e-04 9.996515e-01 6.008019e+01
9.999993e-01 3.367799e-04 1.124322e-03 -5.138975e+00 -3.365415e-04 9.999999e-01 -2.121922e-04 -1.505370e+00 -1.124380e-03 2.118141e-04 9.999992e-01 5.995996e+01
9.997759e-01 -7.544405e-04 2.115653e-02 -5.008795e+00 7.661929e-04 9.999996e-01 -5.473984e-04 -1.508410e+00 -2.115609e-02 5.634860e-04 9.997759e-01 5.987653e+01
9.999500e-01 5.573448e-04 -9.988444e-03 -4.636064e+00 -5.559451e-04 9.999998e-01 1.429156e-04 -1.519863e+00 9.988539e-03 -1.373551e-04 9.999500e-01 5.979753e+01
9.997652e-01 -7.475322e-04 2.165627e-02 -4.221055e+00 7.598521e-04 9.999996e-01 -5.606595e-04 -1.532568e+00 -2.165582e-02 5.769837e-04 9.997652e-01 5.971252e+01
9.997725e-01 7.841474e-04 -2.131468e-02 -3.752703e+00 -7.731367e-04 9.999996e-01 5.248122e-04 -1.548360e+00 2.131510e-02 -5.082134e-04 9.997726e-01 5.964527e+01
9.999951e-01 -3.321305e-04 3.121442e-03 -3.385350e+00 3.316929e-04 9.999999e-01 1.406901e-04 -1.565693e+00 -3.121472e-03 -1.396537e-04 9.999950e-01 5.976000e+01
9.998251e-01 7.295442e-04 -1.868830e-02 -2.893122e+00 -7.217865e-04 9.999997e-01 4.218514e-04 -1.584381e+00 1.868862e-02 -4.082882e-04 9.998252e-01 5.976357e+01
9.999892e-01 -3.769479e-04 4.623053e-03 -2.335600e+00 3.765669e-04 9.999999e-01 8.327815e-05 -1.604990e+00 -4.623071e-03 -8.153590e-05 9.999892e-01 5.974668e+01
9.996469e-01 9.343915e-04 -2.655636e-02 -1.935966e+00 -9.148352e-04 9.999993e-01 7.485449e-04 -1.621249e+00 2.655706e-02 -7.239853e-04 9.996469e-01 5.978663e+01
9.999886e-01 -3.817489e-04 4.766023e-03 -1.533664e+00 3.814319e-04 9.999999e-01 6.741742e-05 -1.638408e+00 -4.766040e-03 -6.559811e-05 9.999885e-01 5.985663e+01
9.997360e-01 8.317934e-04 -2.296042e-02 -1.136528e+00 -8.179364e-04 9.999995e-01 6.129018e-04 -1.653317e+00 2.296093e-02 -5.939591e-04 9.997361e-01 5.984649e+01
9.999923e-01 -3.607333e-04 3.910453e-03 -8.003011e-01 3.603737e-04 9.999999e-01 9.267837e-05 -1.671200e+00 -3.910481e-03 -9.126767e-05 9.999922e-01 6.002745e+01
9.999139e-01 5.771113e-04 -1.310752e-02 -4.815272e-01 -5.744145e-04 9.999998e-01 2.095054e-04 -1.689935e+00 1.310764e-02 -2.019574e-04 9.999140e-01 6.026418e+01
9.999355e-01 -5.409686e-04 1.134134e-02 -1.567677e-01 5.428271e-04 9.999998e-01 -1.607907e-04 -1.711969e+00 -1.134124e-02 1.669376e-04 9.999356e-01 6.062556e+01
9.998809e-01 6.310132e-04 -1.541961e-02 2.160322e-01 -6.266720e-04 9.999998e-01 2.863686e-04 -1.734158e+00 1.541979e-02 -2.766706e-04 9.998810e-01 6.091620e+01
9.999930e-01 -3.603626e-04 3.711903e-03 4.785230e-01 3.598881e-04 9.999999e-01 1.284946e-04 -1.750831e+00 -3.711947e-03 -1.271570e-04 9.999930e-01 6.114264e+01
9.997524e-01 8.315215e-04 -2.223729e-02 6.176075e-01 -8.188291e-04 9.999995e-01 5.798735e-04 -1.767001e+00 2.223776e-02 -5.615204e-04 9.997525e-01 6.154866e+01
9.999775e-01 -4.588734e-04 6.697588e-03 7.607294e-01 4.588306e-04 9.999999e-01 7.928251e-06 -1.783667e+00 -6.697592e-03 -4.854033e-06 9.999775e-01 6.195327e+01
9.997525e-01 8.343330e-04 -2.222985e-02 8.834697e-01 -8.214356e-04 9.999995e-01 5.893083e-04 -1.798007e+00 2.223033e-02 -5.709010e-04 9.997526e-01 6.229728e+01
9.999943e-01 -3.619011e-04 3.348846e-03 1.207589e+00 3.615039e-04 9.999999e-01 1.192342e-04 -1.812602e+00 -3.348894e-03 -1.180218e-04 9.999943e-01 6.238094e+01
9.995846e-01 1.021357e-03 -2.880297e-02 1.499784e+00 -9.970225e-04 9.999991e-01 8.592005e-04 -1.827367e+00 2.880382e-02 -8.301252e-04 9.995846e-01 6.251736e+01
