1.000000e+00 -4.212072e-05 6.491570e-05 -3.018336e-01 4.212293e-05 1.000000e+00 -3.385095e-05 3.369786e-03 -6.491422e-05 3.385416e-05 9.999999e-01 2.298211e-01
9.999996e-01 2.568722e-05 -9.191213e-04 -2.069278e-01 -2.556442e-05 1.000000e+00 1.336050e-04 -2.263125e-02 9.191247e-04 -1.335810e-04 9.999995e-01 1.096530e+00
9.999812e-01 1.300378e-04 -6.130065e-03 -1.748207e-01 -1.288234e-04 1.000000e+00 1.984977e-04 -4.447629e-02 6.130090e-03 -1.977037e-04 9.999811e-01 1.875993e+00
9.999941e-01 -7.935619e-05 3.426176e-03 4.827851e-02 7.957809e-05 1.000000e+00 -6.462481e-05 -6.856610e-02 -3.426172e-03 6.489761e-05 9.999940e-01 2.473638e+00
9.997262e-01 5.875631e-04 -2.338986e-02 1.426701e-01 -5.679733e-04 9.999995e-01 8.441684e-04 -8.108604e-02 2.339034e-02 -8.306519e-04 9.997260e-01 2.793817e+00
9.999912e-01 -1.001077e-04 4.199163e-03 9.605812e-02 1.004790e-04 1.000000e+00 -8.821646e-05 -8.842001e-02 -4.199159e-03 8.863829e-05 9.999911e-01 3.135334e+00
9.995921e-01 7.445386e-04 -2.854869e-02 8.126928e-02 -7.153201e-04 9.999992e-01 1.033659e-03 -8.966104e-02 2.854943e-02 -1.012816e-03 9.995918e-01 3.183628e+00
9.999375e-01 -3.064630e-04 1.117485e-02 2.839368e-03 3.105655e-04 9.999999e-01 -3.653816e-04 -9.868419e-02 -1.117474e-02 3.688301e-04 9.999374e-01 3.624212e+00
9.996338e-01 7.031316e-04 -2.704996e-02 -1.202074e-02 -6.755797e-04 9.999992e-01 1.027682e-03 -1.157879e-01 2.705065e-02 -1.009030e-03 9.996335e-01 4.280583e+00
9.999779e-01 -1.795550e-04 6.650169e-03 -5.416460e-02 1.811154e-04 1.000000e+00 -2.340245e-04 -1.257862e-01 -6.650139e-03 2.352248e-04 9.999778e-01 4.703138e+00
9.999759e-01 1.459134e-04 -6.944642e-03 -2.191959e-01 -1.444400e-04 1.000000e+00 2.126494e-04 -1.256402e-01 6.944660e-03 -2.116402e-04 9.999758e-01 4.876000e+00
9.999674e-01 -2.060020e-04 8.073008e-03 -2.939862e-01 2.083358e-04 9.999999e-01 -2.882350e-04 -1.240723e-01 -8.072961e-03 2.899085e-04 9.999673e-01 4.863487e+00
9.998416e-01 4.160760e-04 -1.779391e-02 -4.221877e-01 -4.050120e-04 9.999997e-01 6.253785e-04 -1.259686e-01 1.779415e-02 -6.180717e-04 9.998414e-01 5.057829e+00
9.999678e-01 -1.949708e-04 8.027356e-03 -4.886192e-01 1.967614e-04 1.000000e+00 -2.222607e-04 -1.450144e-01 -8.027327e-03 2.238340e-04 9.999677e-01 5.876588e+00
9.994104e-01 8.422962e-04 -3.432463e-02 -5.179752e-01 -7.997173e-04 9.999989e-01 1.254184e-03 -1.548654e-01 3.432563e-02 -1.225993e-03 9.994099e-01 6.247971e+00
9.999005e-01 -3.044269e-04 1.410573e-02 -4.651410e-01 3.115965e-04 9.999998e-01 -5.060741e-04 -1.493011e-01 -1.410559e-02 5.104203e-04 9.999003e-01 5.935028e+00
9.997035e-01 5.410546e-04 -2.434522e-02 -3.942446e-01 -5.202867e-04 9.999995e-01 8.593806e-04 -1.414010e-01 2.434566e-02 -8.464581e-04 9.997031e-01 5.479027e+00
9.999737e-01 -1.158723e-04 7.257913e-03 -2.251400e-01 1.176131e-04 1.000000e+00 -2.393975e-04 -1.392884e-01 -7.257907e-03 2.402461e-04 9.999735e-01 5.132407e+00
9.994806e-01 7.455388e-04 -3.221854e-02 -7.574461e-02 -7.077530e-04 9.999990e-01 1.184178e-03 -1.423516e-01 3.221937e-02 -1.160759e-03 9.994800e-01 4.999423e+00
9.998662e-01 -3.280815e-04 1.635268e-02 1.380603e-01 3.379945e-04 9.999998e-01 -6.034307e-04 -1.499273e-01 -1.635250e-02 6.088785e-04 9.998660e-01 4.968038e+00
9.998364e-01 3.476597e-04 -1.808293e-02 3.479382e-01 -3.360420e-04 9.999997e-01 6.454921e-04 -1.589201e-01 1.808313e-02 -6.393085e-04 9.998362e-01 4.981197e+00
9.999713e-01 -1.143302e-04 7.581362e-03 4.421893e-01 1.164859e-04 1.000000e+00 -2.838675e-04 -1.625335e-01 -7.581356e-03 2.847439e-04 9.999711e-01 4.946205e+00
9.999809e-01 5.434796e-05 -6.173084e-03 5.101281e-01 -5.302123e-05 1.000000e+00 2.150513e-04 -1.713918e-01 6.173069e-03 -2.147184e-04 9.999808e-01 5.161809e+00
9.999129e-01 3.991688e-04 -1.319546e-02 7.032856e-01 -3.927155e-04 9.999998e-01 4.916256e-04 -1.792178e-01 1.319563e-02 -4.863992e-04 9.999127e-01 5.138815e+00
9.996546e-01 6.286810e-04 -2.627318e-02 8.126269e-01 -6.021400e-04 9.999993e-01 1.018082e-03 -1.865534e-01 2.627377e-02 -1.001909e-03 9.996542e-01 5.239254e+00
9.999999e-01 1.074722e-05 5.297674e-04 8.019173e-01 -1.071697e-05 1.000000e+00 -5.649281e-05 -1.973813e-01 -5.298029e-04 5.648883e-05 9.999998e-01 5.625852e+00
9.998844e-01 3.048968e-04 -1.520121e-02 8.121284e-01 -2.957695e-04 9.999998e-01 6.026547e-04 -2.141545e-01 1.520136e-02 -5.980872e-04 9.998842e-01 6.200686e+00
9.999262e-01 -2.431138e-04 1.214430e-02 1.293253e+00 2.494318e-04 9.999998e-01 -5.187043e-04 -2.176445e-01 -1.214421e-02 5.216970e-04 9.999260e-01 5.649330e+00
9.999224e-01 2.535503e-04 -1.245881e-02 1.370902e+00 -2.475131e-04 9.999999e-01 4.860891e-04 -1.784740e-01 1.245890e-02 -4.829659e-04 9.999222e-01 3.973985e+00
9.999070e-01 -2.875052e-04 1.363718e-02 6.151923e-01 2.961434e-04 9.999998e-01 -6.313831e-04 -1.065134e-01 -1.363703e-02 6.353647e-04 9.999067e-01 2.065502e+00
9.999219e-01 2.610945e-04 -1.249873e-02 -3.612897e-01 -2.551798e-04 9.999999e-01 4.747950e-04 -1.567194e-02 1.249881e-02 -4.715668e-04 9.999217e-01 -3.029860e-01
9.999155e-01 -2.675696e-04 1.299988e-02 -1.184988e+00 2.753291e-04 9.999998e-01 -5.950746e-04 7.294520e-02 -1.299976e-02 5.986052e-04 9.999152e-01 -2.779387e+00
9.999140e-01 2.648102e-04 -1.311178e-02 -1.913673e+00 -2.583213e-04 9.999998e-01 4.965597e-04 1.450592e-01 1.311187e-02 -4.931283e-04 9.999138e-01 -4.737668e+00
9.999132e-01 -2.750828e-04 1.317379e-02 -2.762679e+00 2.832142e-04 9.999998e-01 -6.153565e-04 2.164233e-01 -1.317365e-02 6.190358e-04 9.999129e-01 -6.518040e+00
9.999136e-01 2.674858e-04 -1.314548e-02 -3.585861e+00 -2.608894e-04 9.999998e-01 5.034891e-04 2.914158e-01 1.314558e-02 -5.000144e-04 9.999134e-01 -8.468556e+00
9.999157e-01 -2.607130e-04 1.298506e-02 -4.375946e+00 2.685529e-04 9.999998e-01 -6.019943e-04 3.754836e-01 -1.298493e-02 6.054324e-04 9.999154e-01 -1.082010e+01
9.999135e-01 2.722866e-04 -1.314686e-02 -5.289855e+00 -2.657641e-04 9.999998e-01 4.978489e-04 4.741495e-01 1.314696e-02 -4.943103e-04 9.999134e-01 -1.358125e+01
9.999137e-01 -2.720380e-04 1.313243e-02 -6.193737e+00 2.801019e-04 9.999998e-01 -6.121821e-04 5.587564e-01 -1.313229e-02 6.158093e-04 9.999135e-01 -1.580447e+01
9.999138e-01 2.574211e-04 -1.312867e-02 -6.988106e+00 -2.509124e-04 9.999998e-01 4.973850e-04 6.218992e-01 1.312875e-02 -4.940463e-04 9.999136e-01 -1.733100e+01
9.999070e-01 -2.860180e-04 1.363510e-02 -7.754296e+00 2.946079e-04 9.999998e-01 -6.279560e-04 6.804613e-01 -1.363495e-02 6.319162e-04 9.999067e-01 -1.870986e+01
9.999175e-01 2.500824e-04 -1.284448e-02 -8.318296e+00 -2.435756e-04 9.999998e-01 5.081253e-04 7.316336e-01 1.284457e-02 -5.049532e-04 9.999173e-01 -2.004314e+01
9.998980e-01 -3.124857e-04 1.428222e-02 -8.837492e+00 3.216134e-04 9.999997e-01 -6.367754e-04 7.725663e-01 -1.428205e-02 6.413054e-04 9.998977e-01 -2.102249e+01
9.999168e-01 2.456209e-04 -1.289352e-02 -9.016928e+00 -2.387515e-04 9.999998e-01 5.342957e-04 7.953312e-01 1.289362e-02 -5.311713e-04 9.999166e-01 -2.171921e+01
9.998919e-01 -3.448790e-04 1.469653e-02 -9.065045e+00 3.541610e-04 9.999997e-01 -6.289540e-04 8.052854e-01 -1.469635e-02 6.340926e-04 9.998917e-01 -2.206434e+01
9.999215e-01 2.441899e-04 -1.252319e-02 -9.293839e+00 -2.379005e-04 9.999998e-01 5.036876e-04 8.391658e-01 1.252328e-02 -5.006673e-04 9.999214e-01 -2.312152e+01
9.999032e-01 -3.282897e-04 1.390914e-02 -9.583042e+00 3.365556e-04 9.999998e-01 -5.919193e-04 8.553866e-01 -1.390898e-02 5.965448e-04 9.999030e-01 -2.338312e+01
9.998998e-01 3.082402e-04 -1.415145e-02 -1.003546e+01 -3.009845e-04 9.999998e-01 5.148224e-04 8.987217e-01 1.415157e-02 -5.105099e-04 9.998996e-01 -2.454668e+01
9.999688e-01 -1.607927e-04 7.894688e-03 -1.066976e+01 1.637040e-04 9.999999e-01 -3.680824e-04 9.570758e-01 -7.894664e-03 3.693649e-04 9.999687e-01 -2.607231e+01
9.999133e-01 2.894057e-04 -1.316769e-02 -1.133209e+01 -2.832411e-04 9.999998e-01 4.700040e-04 1.015026e+00 1.316779e-02 -4.662320e-04 9.999131e-01 -2.755725e+01
9.999701e-01 -1.728368e-04 7.736776e-03 -1.190140e+01 1.756608e-04 9.999999e-01 -3.642923e-04 1.059459e+00 -7.736749e-03 3.656420e-04 9.999699e-01 -2.864041e+01
9.998683e-01 3.592363e-04 -1.622409e-02 -1.227195e+01 -3.495829e-04 9.999998e-01 5.978149e-04 1.090845e+00 1.622426e-02 -5.920629e-04 9.998681e-01 -2.945094e+01
9.999873e-01 1.522031e-04 -5.044371e-03 -1.237620e+01 -1.512730e-04 1.000000e+00 1.846998e-04 1.103784e+00 5.044359e-03 -1.839328e-04 9.999872e-01 -2.988901e+01
9.997639e-01 5.161633e-04 -2.172373e-02 -1.235596e+01 -4.989019e-04 9.999996e-01 7.999860e-04 1.106650e+00 2.172409e-02 -7.889573e-04 9.997636e-01 -3.008151e+01
9.999727e-01 2.106193e-04 -7.389327e-03 -1.244576e+01 -2.083615e-04 9.999999e-01 3.062676e-04 1.112621e+00 7.389346e-03 -3.047178e-04 9.999726e-01 -3.025795e+01
9.992240e-01 1.020881e-03 -3.937430e-02 -1.242275e+01 -9.620710e-04 9.999984e-01 1.512522e-03 1.110036e+00 3.937574e-02 -1.473465e-03 9.992233e-01 -3.022245e+01
9.999940e-01 9.364738e-05 -3.468849e-03 -1.223117e+01 -9.313439e-05 1.000000e+00 1.478740e-04 1.099442e+00 3.468810e-03 -1.475479e-04 9.999939e-01 -3.010989e+01
9.993555e-01 9.081492e-04 -3.588406e-02 -1.200396e+01 -8.602861e-04 9.999987e-01 1.349228e-03 1.089472e+00 3.588518e-02 -1.317486e-03 9.993550e-01 -3.007481e+01
9.999795e-01 1.674935e-04 -6.396987e-03 -1.191247e+01 -1.657771e-04 1.000000e+00 2.687322e-04 1.085135e+00 6.396973e-03 -2.676640e-04 9.999794e-01 -3.007829e+01
9.991237e-01 1.093429e-03 -4.183944e-02 -1.179725e+01 -1.026993e-03 9.999982e-01 1.609322e-03 1.076112e+00 4.184106e-02 -1.564940e-03 9.991230e-01 -2.991936e+01
9.999919e-01 1.036294e-04 -4.016726e-03 -1.162615e+01 -1.029226e-04 1.000000e+00 1.759367e-04 1.065386e+00 4.016678e-03 -1.755194e-04 9.999918e-01 -2.977188e+01
9.990179e-01 1.157465e-03 -4.429216e-02 -1.146772e+01 -1.082744e-03 9.999980e-01 1.710940e-03 1.054919e+00 4.429398e-02 -1.661300e-03 9.990171e-01 -2.961737e+01
9.999812e-01 1.676057e-04 -6.126272e-03 -1.128220e+01 -1.659406e-04 9.999999e-01 2.721100e-04 1.041753e+00 6.126243e-03 -2.710856e-04 9.999811e-01 -2.939444e+01
9.992713e-01 9.948383e-04 -3.815591e-02 -1.104397e+01 -9.401955e-04 9.999985e-01 1.449976e-03 1.028599e+00 3.815722e-02 -1.413043e-03 9.992707e-01 -2.923909e+01
9.999617e-01 2.251353e-04 -8.747927e-03 -1.091240e+01 -2.218490e-04 9.999999e-01 3.764846e-04 1.018318e+00 8.747932e-03 -3.745267e-04 9.999616e-01 -2.905931e+01
9.992958e-01 9.903292e-04 -3.750749e-02 -1.086093e+01 -9.375117e-04 9.999985e-01 1.425711e-03 1.009945e+00 3.750877e-02 -1.389540e-03 9.992953e-01 -2.883487e+01
9.999791e-01 1.630444e-04 -6.460993e-03 -1.077846e+01 -1.611176e-04 9.999999e-01 2.984909e-04 9.988837e-01 6.460956e-03 -2.974408e-04 9.999790e-01 -2.854994e+01
9.993353e-01 9.470064e-04 -3.644098e-02 -1.067058e+01 -8.978999e-04 9.999987e-01 1.363860e-03 9.887664e-01 3.644213e-02 -1.330230e-03 9.993348e-01 -2.834387e+01
9.999325e-01 3.077330e-04 -1.161476e-02 -1.065051e+01 -3.020261e-04 9.999998e-01 4.929486e-04 9.843107e-01 1.161482e-02 -4.894044e-04 9.999324e-01 -2.823088e+01
9.996028e-01 7.145504e-04 -2.817271e-02 -1.067908e+01 -6.866045e-04 9.999993e-01 1.001545e-03 9.830162e-01 2.817331e-02 -9.818005e-04 9.996025e-01 -2.818648e+01
9.999453e-01 2.594824e-04 -1.044934e-02 -1.068889e+01 -2.546930e-04 9.999999e-01 4.594810e-04 9.800907e-01 1.044937e-02 -4.567915e-04 9.999452e-01 -2.811237e+01
9.995043e-01 8.264293e-04 -3.147124e-02 -1.071061e+01 -7.911028e-04 9.999990e-01 1.134873e-03 9.773703e-01 3.147205e-02 -1.109410e-03 9.995039e-01 -2.801898e+01
9.999864e-01 -1.445835e-04 5.215352e-03 -1.082248e+01 1.452908e-04 1.000000e+00 -1.348041e-04 9.763115e-01 -5.215427e-03 1.355631e-04 9.999863e-01 -2.785462e+01
9.996375e-01 6.997119e-04 -2.691466e-02 -1.089795e+01 -6.729275e-04 9.999993e-01 1.004122e-03 9.667927e-01 2.691525e-02 -9.856437e-04 9.996372e-01 -2.742175e+01
9.999806e-01 -1.656026e-04 6.219042e-03 -1.097140e+01 1.668766e-04 1.000000e+00 -2.039483e-04 9.572201e-01 -6.219104e-03 2.049852e-04 9.999806e-01 -2.698789e+01
9.999755e-01 -1.243171e-04 6.994681e-03 -1.102545e+01 1.257576e-04 1.000000e+00 -2.051602e-04 9.453594e-01 -6.994751e-03 2.060378e-04 9.999755e-01 -2.646867e+01
9.998352e-01 -3.677844e-04 1.814788e-02 -1.111486e+01 3.781858e-04 9.999998e-01 -5.695890e-04 9.336909e-01 -1.814776e-02 5.763615e-04 9.998351e-01 -2.588353e+01
9.999953e-01 -5.656652e-05 3.055930e-03 -1.122420e+01 5.679161e-05 1.000000e+00 -7.285054e-05 9.214467e-01 -3.056020e-03 7.302681e-05 9.999953e-01 -2.525186e+01
9.996914e-01 -4.785913e-04 2.483714e-02 -1.127799e+01 4.985464e-04 9.999996e-01 -7.971639e-04 9.100011e-01 -2.483684e-02 8.093034e-04 9.996911e-01 -2.472621e+01
9.999729e-01 1.351593e-04 -7.357728e-03 -1.133348e+01 -1.330250e-04 9.999999e-01 2.902954e-04 8.933959e-01 7.357674e-03 -2.893057e-04 9.999728e-01 -2.399366e+01
9.997029e-01 -4.593702e-04 2.436765e-02 -1.130392e+01 4.790805e-04 9.999996e-01 -8.029548e-04 8.760321e-01 -2.436737e-02 8.143934e-04 9.997027e-01 -2.335772e+01
9.999940e-01 4.799281e-05 -3.462243e-03 -1.133791e+01 -4.735819e-05 1.000000e+00 1.828072e-04 8.596705e-01 3.462161e-03 -1.826391e-04 9.999939e-01 -2.266341e+01
9.998067e-01 -3.694009e-04 1.965679e-02 -1.136987e+01 3.826317e-04 9.999997e-01 -6.692278e-04 8.447035e-01 -1.965663e-02 6.766228e-04 9.998065e-01 -2.203470e+01
9.998266e-01 3.391330e-04 -1.861772e-02 -1.137291e+01 -3.264973e-04 9.999997e-01 6.816204e-04 8.261126e-01 1.861786e-02 -6.754205e-04 9.998264e-01 -2.132486e+01
9.996656e-01 -4.582741e-04 2.585449e-02 -1.126601e+01 4.816995e-04 9.999995e-01 -8.997460e-04 8.069846e-01 -2.585416e-02 9.119022e-04 9.996652e-01 -2.075145e+01
9.998635e-01 2.853663e-04 -1.651940e-02 -1.125585e+01 -2.748782e-04 9.999998e-01 6.370490e-04 7.893633e-01 1.651948e-02 -6.324181e-04 9.998633e-01 -2.009006e+01
9.997289e-01 -4.089230e-04 2.327990e-02 -1.125768e+01 4.280684e-04 9.999996e-01 -8.173414e-04 7.717120e-01 -2.327964e-02 8.270883e-04 9.997286e-01 -1.941030e+01
9.995152e-01 6.103954e-04 -3.112929e-02 -1.129920e+01 -5.746714e-04 9.999992e-01 1.156476e-03 7.542349e-01 3.112988e-02 -1.138023e-03 9.995146e-01 -1.870184e+01
9.998823e-01 -2.067959e-04 1.533746e-02 -1.136778e+01 2.147148e-04 9.999998e-01 -5.145333e-04 7.389301e-01 -1.533744e-02 5.177690e-04 9.998822e-01 -1.804207e+01
9.988075e-01 1.114991e-03 -4.880893e-02 -1.147800e+01 -1.025023e-03 9.999977e-01 1.868212e-03 7.283238e-01 4.881081e-02 -1.815951e-03 9.988063e-01 -1.751377e+01
9.999831e-01 4.937340e-05 5.812737e-03 -1.156255e+01 -4.846318e-05 1.000000e+00 -1.563561e-04 7.223470e-01 -5.812838e-03 1.560748e-04 9.999830e-01 -1.719444e+01
9.987453e-01 1.152615e-03 -5.006431e-02 -1.163734e+01 -1.058934e-03 9.999976e-01 1.897643e-03 7.190034e-01 5.006629e-02 -1.842244e-03 9.987441e-01 -1.699174e+01
9.997212e-01 -4.211238e-04 2.360791e-02 -1.171865e+01 4.415872e-04 9.999995e-01 -8.614915e-04 7.131478e-01 -2.360763e-02 8.716794e-04 9.997209e-01 -1.669527e+01
9.985545e-01 1.259907e-03 -5.373241e-02 -1.181496e+01 -1.151338e-03 9.999972e-01 2.051411e-03 7.066411e-01 5.373475e-02 -1.986578e-03 9.985532e-01 -1.635091e+01
9.994591e-01 -6.644490e-04 3.287973e-02 -1.197075e+01 7.053646e-04 9.999990e-01 -1.232739e-03 7.017429e-01 -3.287898e-02 1.255267e-03 9.994585e-01 -1.599754e+01
9.985395e-01 1.277368e-03 -5.401060e-02 -1.202416e+01 -1.165217e-03 9.999971e-01 2.107861e-03 6.876707e-01 5.401304e-02 -2.041846e-03 9.985381e-01 -1.539929e+01
9.990210e-01 -9.604288e-04 4.422797e-02 -1.207922e+01 1.035289e-03 9.999981e-01 -1.669667e-03 6.726716e-01 -4.422638e-02 1.713824e-03 9.990200e-01 -1.476933e+01
9.989976e-01 1.007995e-03 -4.475053e-02 -1.207514e+01 -9.315458e-04 9.999981e-01 1.729115e-03 6.587557e-01 4.475209e-02 -1.685692e-03 9.989966e-01 -1.426893e+01
9.989900e-01 -9.536852e-04 4.492200e-02 -1.192397e+01 1.032011e-03 9.999980e-01 -1.720368e-03 6.472888e-01 -4.492037e-02 1.764994e-03 9.989890e-01 -1.407187e+01
9.990246e-01 9.859395e-04 -4.414630e-02 -1.193706e+01 -9.092502e-04 9.999980e-01 1.757155e-03 6.316805e-01 4.414785e-02 -1.715298e-03 9.990235e-01 -1.346957e+01
9.990306e-01 -9.456200e-04 4.401082e-02 -1.199570e+01 1.021153e-03 9.999980e-01 -1.693736e-03 6.174687e-01 -4.400923e-02 1.737039e-03 9.990296e-01 -1.285863e+01
9.990515e-01 9.808575e-04 -4.353253e-02 -1.198552e+01 -9.060424e-04 9.999981e-01 1.738243e-03 6.010400e-01 4.353405e-02 -1.697149e-03 9.990504e-01 -1.225909e+01
9.990513e-01 -9.443159e-04 4.353783e-02 -1.200935e+01 1.016243e-03 9.999982e-01 -1.629884e-03 5.796528e-01 -4.353631e-02 1.672586e-03 9.990504e-01 -1.139539e+01
9.990598e-01 9.818749e-04 -4.334105e-02 -1.198990e+01 -9.092825e-04 9.999982e-01 1.694539e-03 5.612680e-01 4.334253e-02 -1.653534e-03 9.990588e-01 -1.073065e+01
9.990405e-01 -9.529181e-04 4.378546e-02 -1.196604e+01 1.026827e-03 9.999981e-01 -1.665461e-03 5.481930e-01 -4.378389e-02 1.708826e-03 9.990395e-01 -1.028264e+01
9.990460e-01 9.875964e-04 -4.365802e-02 -1.199257e+01 -9.123727e-04 9.999981e-01 1.742858e-03 5.306668e-01 4.365956e-02 -1.701360e-03 9.990450e-01 -9.577003e+00
9.990385e-01 -9.539091e-04 4.383106e-02 -1.200189e+01 1.027430e-03 9.999981e-01 -1.654800e-03 5.108882e-01 -4.382950e-02 1.698246e-03 9.990375e-01 -8.804484e+00
9.990420e-01 9.918393e-04 -4.374920e-02 -1.201411e+01 -9.159447e-04 9.999980e-01 1.754722e-03 4.902335e-01 4.375076e-02 -1.712966e-03 9.990409e-01 -7.990218e+00
9.988907e-01 -1.004139e-03 4.707652e-02 -1.200188e+01 1.088947e-03 9.999978e-01 -1.775809e-03 4.706303e-01 -4.707473e-02 1.825106e-03 9.988896e-01 -7.254398e+00
9.989508e-01 1.029093e-03 -4.578418e-02 -1.201793e+01 -9.463064e-04 9.999979e-01 1.829789e-03 4.515293e-01 4.578587e-02 -1.784540e-03 9.989496e-01 -6.498628e+00
9.989104e-01 -9.875836e-04 4.665864e-02 -1.197925e+01 1.070640e-03 9.999979e-01 -1.755072e-03 4.289926e-01 -4.665690e-02 1.803118e-03 9.989093e-01 -5.689227e+00
9.989407e-01 1.035087e-03 -4.600463e-02 -1.192574e+01 -9.518069e-04 9.999979e-01 1.832065e-03 4.067289e-01 4.600633e-02 -1.786333e-03 9.989395e-01 -4.915631e+00
9.989292e-01 -9.841799e-04 4.625294e-02 -1.184345e+01 1.066707e-03 9.999979e-01 -1.759551e-03 3.856165e-01 -4.625121e-02 1.807008e-03 9.989281e-01 -4.237603e+00
9.991564e-01 9.507025e-04 -4.105460e-02 -1.169536e+01 -8.837426e-04 9.999982e-01 1.649054e-03 3.663485e-01 4.105600e-02 -1.611378e-03 9.991555e-01 -3.727872e+00
9.987527e-01 -1.053307e-03 4.991775e-02 -1.165440e+01 1.147538e-03 9.999976e-01 -1.859042e-03 3.473851e-01 -4.991577e-02 1.914009e-03 9.987515e-01 -3.051021e+00
9.991289e-01 9.832770e-04 -4.171768e-02 -1.159371e+01 -9.138562e-04 9.999982e-01 1.683043e-03 3.251127e-01 4.171916e-02 -1.643450e-03 9.991280e-01 -2.277295e+00
9.990452e-01 -9.801585e-04 4.367601e-02 -1.159193e+01 1.052521e-03 9.999981e-01 -1.633765e-03 3.025370e-01 -4.367442e-02 1.678178e-03 9.990443e-01 -1.403611e+00
9.991604e-01 9.676694e-04 -4.095712e-02 -1.151639e+01 -9.029041e-04 9.999983e-01 1.599706e-03 2.870022e-01 4.095851e-02 -1.561379e-03 9.991596e-01 -9.285734e-01
9.989503e-01 -1.002333e-03 4.579609e-02 -1.143040e+01 1.080829e-03 9.999980e-01 -1.689227e-03 2.673899e-01 -4.579440e-02 1.736954e-03 9.989493e-01 -3.093218e-01
9.993299e-01 8.519314e-04 -3.659090e-02 -1.142591e+01 -7.986320e-04 9.999986e-01 1.471157e-03 2.501292e-01 3.659201e-02 -1.440945e-03 9.993292e-01 3.618660e-01
9.989912e-01 -9.916789e-04 4.489377e-02 -1.145394e+01 1.067865e-03 9.999980e-01 -1.673023e-03 2.364034e-01 -4.489212e-02 1.719279e-03 9.989903e-01 9.374502e-01
9.993115e-01 8.762421e-04 -3.709115e-02 -1.142685e+01 -8.215493e-04 9.999986e-01 1.489703e-03 2.186824e-01 3.709230e-02 -1.458202e-03 9.993107e-01 1.578177e+00
9.989541e-01 -9.835210e-04 4.571229e-02 -1.136640e+01 1.062354e-03 9.999980e-01 -1.700229e-03 1.985841e-01 -4.571062e-02 1.747016e-03 9.989531e-01 2.263550e+00
9.989967e-01 1.001467e-03 -4.477208e-02 -1.133938e+01 -9.248733e-04 9.999981e-01 1.731376e-03 1.834882e-01 4.477363e-02 -1.688227e-03 9.989957e-01 2.793194e+00
9.989880e-01 -9.723517e-04 4.496643e-02 -1.147775e+01 1.049494e-03 9.999980e-01 -1.691927e-03 1.753785e-01 -4.496479e-02 1.737410e-03 9.989870e-01 3.273060e+00
9.991066e-01 9.697442e-04 -4.224936e-02 -1.146504e+01 -8.987791e-04 9.999982e-01 1.698580e-03 1.542857e-01 4.225083e-02 -1.659087e-03 9.991056e-01 4.067118e+00
9.989525e-01 -9.786930e-04 4.574855e-02 -1.144008e+01 1.057841e-03 9.999980e-01 -1.705837e-03 1.311567e-01 -4.574688e-02 1.752448e-03 9.989515e-01 4.928138e+00
9.990046e-01 1.006524e-03 -4.459505e-02 -1.143603e+01 -9.283634e-04 9.999980e-01 1.773294e-03 1.101345e-01 4.459665e-02 -1.730125e-03 9.990035e-01 5.731905e+00
9.987666e-01 -1.041263e-03 4.964014e-02 -1.141840e+01 1.134226e-03 9.999977e-01 -1.844571e-03 8.970733e-02 -4.963820e-02 1.898603e-03 9.987654e-01 6.495705e+00
9.990077e-01 1.011768e-03 -4.452462e-02 -1.116526e+01 -9.361435e-04 9.999981e-01 1.719263e-03 7.593953e-02 4.452618e-02 -1.675872e-03 9.990067e-01 6.650774e+00
9.989091e-01 -9.850875e-04 4.668487e-02 -1.103113e+01 1.066120e-03 9.999980e-01 -1.710814e-03 5.318920e-02 -4.668319e-02 1.758722e-03 9.989081e-01 7.326487e+00
9.989965e-01 1.019994e-03 -4.477590e-02 -1.084231e+01 -9.430274e-04 9.999980e-01 1.739977e-03 2.730946e-02 4.477749e-02 -1.696002e-03 9.989955e-01 8.051071e+00
9.987454e-01 -1.019188e-03 5.006504e-02 -1.054886e+01 1.112155e-03 9.999977e-01 -1.829039e-03 -4.073079e-04 -5.006315e-02 1.882427e-03 9.987442e-01 8.699624e+00
9.993735e-01 8.258042e-04 -3.538284e-02 -1.031477e+01 -7.760273e-04 9.999987e-01 1.420454e-03 -2.467786e-02 3.538387e-02 -1.392103e-03 9.993728e-01 9.310565e+00
9.986268e-01 -1.057600e-03 5.237624e-02 -1.012973e+01 1.157918e-03 9.999976e-01 -1.884975e-03 -5.038778e-02 -5.237421e-02 1.943037e-03 9.986256e-01 1.005071e+01
9.992932e-01 8.539532e-04 -3.758138e-02 -9.951170e+00 -7.989801e-04 9.999986e-01 1.477712e-03 -7.206258e-02 3.758250e-02 -1.446637e-03 9.992924e-01 1.063514e+01
9.987263e-01 -1.028377e-03 5.044415e-02 -9.761835e+00 1.122576e-03 9.999977e-01 -1.839035e-03 -9.088984e-02 -5.044223e-02 1.893324e-03 9.987251e-01 1.108733e+01
9.991305e-01 9.256064e-04 -4.168195e-02 -9.736098e+00 -8.574816e-04 9.999983e-01 1.652193e-03 -1.122077e-01 4.168331e-02 -1.615012e-03 9.991295e-01 1.187944e+01
9.987105e-01 -9.948803e-04 5.075655e-02 -9.516436e+00 1.090895e-03 9.999977e-01 -1.863965e-03 -1.392227e-01 -5.075467e-02 1.916935e-03 9.987092e-01 1.261847e+01
9.990238e-01 1.016666e-03 -4.416288e-02 -9.064977e+00 -9.413409e-04 9.999981e-01 1.726338e-03 -1.722183e-01 4.416446e-02 -1.683078e-03 9.990228e-01 1.327049e+01
9.987302e-01 -1.017966e-03 5.036803e-02 -8.757938e+00 1.112311e-03 9.999977e-01 -1.845072e-03 -2.012335e-01 -5.036613e-02 1.898758e-03 9.987289e-01 1.396560e+01
9.990344e-01 9.838131e-04 -4.392328e-02 -8.699854e+00 -9.077356e-04 9.999981e-01 1.751920e-03 -2.269102e-01 4.392483e-02 -1.710354e-03 9.990333e-01 1.488487e+01
9.988568e-01 -1.028345e-03 4.779188e-02 -8.689036e+00 1.115775e-03 9.999978e-01 -1.802700e-03 -2.420343e-01 -4.779001e-02 1.853968e-03 9.988556e-01 1.544855e+01
9.992796e-01 8.678169e-04 -3.793978e-02 -8.740222e+00 -8.106729e-04 9.999985e-01 1.521482e-03 -2.434516e-01 3.794095e-02 -1.489626e-03 9.992788e-01 1.555242e+01
9.988428e-01 -1.000802e-03 4.808302e-02 -8.700456e+00 1.086026e-03 9.999979e-01 -1.746313e-03 -2.665859e-01 -4.808127e-02 1.796515e-03 9.988417e-01 1.639828e+01
9.990954e-01 9.401433e-04 -4.251430e-02 -8.741367e+00 -8.686740e-04 9.999982e-01 1.699462e-03 -2.896027e-01 4.251573e-02 -1.660991e-03 9.990943e-01 1.737116e+01
9.989662e-01 -9.492231e-04 4.544923e-02 -8.760280e+00 1.025560e-03 9.999981e-01 -1.656274e-03 -3.146783e-01 -4.544766e-02 1.701176e-03 9.989652e-01 1.838765e+01
9.990194e-01 9.704541e-04 -4.426371e-02 -8.805799e+00 -8.933952e-04 9.999981e-01 1.760609e-03 -3.383670e-01 4.426524e-02 -1.719335e-03 9.990183e-01 1.938828e+01
9.989056e-01 -9.573462e-04 4.676208e-02 -8.797207e+00 1.038030e-03 9.999980e-01 -1.701104e-03 -3.641200e-01 -4.676045e-02 1.747786e-03 9.989045e-01 2.038759e+01
9.990985e-01 9.797841e-04 -4.244135e-02 -8.513867e+00 -9.110078e-04 9.999982e-01 1.639767e-03 -3.922454e-01 4.244279e-02 -1.599621e-03 9.990975e-01 2.108264e+01
9.989118e-01 -9.930853e-04 4.662783e-02 -8.413222e+00 1.073502e-03 9.999980e-01 -1.699596e-03 -4.138428e-01 -4.662614e-02 1.747805e-03 9.989108e-01 2.177396e+01
9.990808e-01 9.533043e-04 -4.285639e-02 -8.557250e+00 -8.826351e-04 9.999982e-01 1.667822e-03 -4.271136e-01 4.285782e-02 -1.628459e-03 9.990798e-01 2.247784e+01
9.990035e-01 -9.606918e-04 4.462008e-02 -8.640634e+00 1.033326e-03 9.999982e-01 -1.604742e-03 -4.474731e-01 -4.461855e-02 1.649254e-03 9.990027e-01 2.340066e+01
9.991311e-01 9.170905e-04 -4.166809e-02 -8.927702e+00 -8.520069e-04 9.999984e-01 1.579637e-03 -4.532029e-01 4.166938e-02 -1.542760e-03 9.991302e-01 2.399022e+01
9.989282e-01 -1.001726e-03 4.627461e-02 -9.297161e+00 1.080997e-03 9.999980e-01 -1.688017e-03 -4.494328e-01 -4.627292e-02 1.736234e-03 9.989273e-01 2.431712e+01
9.990564e-01 9.492352e-04 -4.342054e-02 -9.654946e+00 -8.799933e-04 9.999983e-01 1.613723e-03 -4.398492e-01 4.342191e-02 -1.573988e-03 9.990555e-01 2.439687e+01
9.989262e-01 -9.974717e-04 4.631898e-02 -1.011601e+01 1.077967e-03 9.999980e-01 -1.712851e-03 -4.205990e-01 -4.631726e-02 1.760945e-03 9.989252e-01 2.421698e+01
9.990957e-01 9.335234e-04 -4.250755e-02 -1.055901e+01 -8.658549e-04 9.999983e-01 1.610255e-03 -4.107852e-01 4.250890e-02 -1.571990e-03 9.990948e-01 2.439117e+01
9.988442e-01 -1.000959e-03 4.805394e-02 -1.077054e+01 1.086133e-03 9.999979e-01 -1.746329e-03 -4.155938e-01 -4.805218e-02 1.796507e-03 9.988431e-01 2.482678e+01
9.989249e-01 9.979981e-04 -4.634616e-02 -1.122461e+01 -9.204856e-04 9.999981e-01 1.693740e-03 -4.015555e-01 4.634767e-02 -1.649255e-03 9.989239e-01 2.483148e+01
9.988748e-01 -9.811259e-04 4.741460e-02 -1.175279e+01 1.065567e-03 9.999979e-01 -1.755620e-03 -3.739175e-01 -4.741287e-02 1.804172e-03 9.988737e-01 2.438042e+01
9.989772e-01 9.588191e-04 -4.520502e-02 -1.214474e+01 -8.830487e-04 9.999982e-01 1.696049e-03 -3.622504e-01 4.520648e-02 -1.654393e-03 9.989762e-01 2.440482e+01
9.988227e-01 -9.966069e-04 4.849820e-02 -1.228043e+01 1.084667e-03 9.999978e-01 -1.789411e-03 -3.571948e-01 -4.849640e-02 1.839912e-03 9.988216e-01 2.435095e+01
9.989663e-01 9.545601e-04 -4.544614e-02 -1.264534e+01 -8.774536e-04 9.999981e-01 1.716535e-03 -3.485460e-01 4.544761e-02 -1.674880e-03 9.989652e-01 2.447289e+01
9.988567e-01 -9.831027e-04 4.779492e-02 -1.300778e+01 1.069816e-03 9.999978e-01 -1.788677e-03 -3.347832e-01 -4.779315e-02 1.837767e-03 9.988555e-01 2.438444e+01
9.989365e-01 9.737346e-04 -4.609690e-02 -1.329218e+01 -8.946717e-04 9.999981e-01 1.735707e-03 -3.146078e-01 4.609842e-02 -1.692616e-03 9.989354e-01 2.392126e+01
9.987861e-01 -1.020532e-03 4.924638e-02 -1.357627e+01 1.112179e-03 9.999977e-01 -1.833584e-03 -2.971444e-01 -4.924449e-02 1.886132e-03 9.987849e-01 2.358037e+01
9.989982e-01 9.580168e-04 -4.473961e-02 -1.382391e+01 -8.809673e-04 9.999981e-01 1.741820e-03 -3.000367e-01 4.474111e-02 -1.700658e-03 9.989971e-01 2.400851e+01
9.985847e-01 -1.087513e-03 5.317376e-02 -1.402332e+01 1.191720e-03 9.999974e-01 -1.928040e-03 -3.095006e-01 -5.317161e-02 1.988682e-03 9.985833e-01 2.463716e+01
9.990496e-01 9.276705e-04 -4.357654e-02 -1.424664e+01 -8.545065e-04 9.999982e-01 1.697532e-03 -3.162136e-01 4.357795e-02 -1.658679e-03 9.990486e-01 2.519209e+01
9.981758e-01 -1.208335e-03 6.036208e-02 -1.435272e+01 1.341911e-03 9.999967e-01 -2.172390e-03 -3.190694e-01 -6.035934e-02 2.249431e-03 9.981741e-01 2.544703e+01
9.990443e-01 9.359511e-04 -4.369853e-02 -1.441604e+01 -8.620725e-04 9.999982e-01 1.709419e-03 -3.245731e-01 4.369996e-02 -1.670111e-03 9.990432e-01 2.575352e+01
9.984186e-01 -1.150542e-03 5.620365e-02 -1.463987e+01 1.269366e-03 9.999970e-01 -2.078471e-03 -3.147144e-01 -5.620118e-02 2.146530e-03 9.984171e-01 2.565068e+01
9.989069e-01 9.851556e-04 -4.673289e-02 -1.490226e+01 -9.020173e-04 9.999980e-01 1.800030e-03 -3.009692e-01 4.673449e-02 -1.755905e-03 9.989057e-01 2.544746e+01
9.983591e-01 -1.158394e-03 5.725097e-02 -1.514139e+01 1.280439e-03 9.999970e-01 -2.095097e-03 -2.929836e-01 -5.724846e-02 2.164969e-03 9.983575e-01 2.543996e+01
9.990029e-01 9.912257e-04 -4.463339e-02 -1.521147e+01 -9.118941e-04 9.999980e-01 1.797695e-03 -3.096931e-01 4.463500e-02 -1.755198e-03 9.990017e-01 2.619759e+01
9.985511e-01 -1.126106e-03 5.380017e-02 -1.529202e+01 1.235466e-03 9.999972e-01 -1.999451e-03 -3.239773e-01 -5.379785e-02 2.063025e-03 9.985496e-01 2.686562e+01
9.990188e-01 9.691860e-04 -4.427647e-02 -1.554225e+01 -8.918889e-04 9.999980e-01 1.765468e-03 -3.273006e-01 4.427801e-02 -1.724243e-03 9.990177e-01 2.732911e+01
9.979045e-01 -1.285724e-03 6.469025e-02 -1.566582e+01 1.439768e-03 9.999962e-01 -2.334667e-03 -3.366573e-01 -6.468708e-02 2.422917e-03 9.979026e-01 2.786382e+01
9.991863e-01 8.821668e-04 -4.032219e-02 -1.582807e+01 -8.176196e-04 9.999984e-01 1.617211e-03 -3.382597e-01 4.032347e-02 -1.582924e-03 9.991853e-01 2.815313e+01
9.979723e-01 -1.265355e-03 6.363723e-02 -1.596125e+01 1.414370e-03 9.999964e-01 -2.296614e-03 -3.430990e-01 -6.363417e-02 2.381967e-03 9.979704e-01 2.852392e+01
9.990663e-01 9.441508e-04 -4.319342e-02 -1.607640e+01 -8.699327e-04 9.999981e-01 1.737007e-03 -3.542520e-01 4.319490e-02 -1.697806e-03 9.990651e-01 2.912347e+01
9.979871e-01 -1.287322e-03 6.340407e-02 -1.635488e+01 1.437739e-03 9.999963e-01 -2.326770e-03 -3.500232e-01 -6.340091e-02 2.413248e-03 9.979851e-01 2.933487e+01
9.991359e-01 9.223423e-04 -4.155173e-02 -1.658622e+01 -8.530686e-04 9.999982e-01 1.684837e-03 -3.475949e-01 4.155313e-02 -1.647932e-03 9.991349e-01 2.955613e+01
9.981763e-01 -1.241680e-03 6.035266e-02 -1.685678e+01 1.379252e-03 9.999965e-01 -2.237841e-03 -3.433123e-01 -6.034975e-02 2.317005e-03 9.981745e-01 2.974773e+01
9.991190e-01 9.474804e-04 -4.195690e-02 -1.705521e+01 -8.765960e-04 9.999982e-01 1.707795e-03 -3.447364e-01 4.195837e-02 -1.669508e-03 9.991179e-01 3.006469e+01
9.986957e-01 -1.116625e-03 5.104553e-02 -1.733129e+01 1.218455e-03 9.999973e-01 -1.963792e-03 -3.397327e-01 -5.104327e-02 2.023430e-03 9.986943e-01 3.022450e+01
9.993917e-01 8.230447e-04 -3.486540e-02 -1.756948e+01 -7.717821e-04 9.999986e-01 1.483701e-03 -3.358553e-01 3.486651e-02 -1.455887e-03 9.993908e-01 3.038661e+01
9.989679e-01 -1.034904e-03 4.541058e-02 -1.778586e+01 1.117824e-03 9.999978e-01 -1.800629e-03 -3.290693e-01 -4.540868e-02 1.849534e-03 9.989667e-01 3.039705e+01
9.994547e-01 7.814740e-04 -3.300984e-02 -1.807125e+01 -7.346896e-04 9.999987e-01 1.429361e-03 -3.203385e-01 3.301085e-02 -1.404326e-03 9.994539e-01 3.042954e+01
9.986767e-01 -1.149402e-03 5.141532e-02 -1.838222e+01 1.254361e-03 9.999972e-01 -2.009146e-03 -3.013781e-01 -5.141294e-02 2.070984e-03 9.986752e-01 3.009080e+01
9.993488e-01 8.493050e-04 -3.607289e-02 -1.875563e+01 -7.944647e-04 9.999985e-01 1.534543e-03 -2.816169e-01 3.607407e-02 -1.504883e-03 9.993479e-01 2.980231e+01
9.986977e-01 -1.123912e-03 5.100561e-02 -1.910323e+01 1.227723e-03 9.999972e-01 -2.003993e-03 -2.655849e-01 -5.100328e-02 2.064007e-03 9.986963e-01 2.961775e+01
9.992706e-01 8.992654e-04 -3.817696e-02 -1.938898e+01 -8.390315e-04 9.999984e-01 1.593724e-03 -2.482879e-01 3.817827e-02 -1.560527e-03 9.992696e-01 2.928343e+01
9.984690e-01 -1.195636e-03 5.530148e-02 -1.967533e+01 1.315953e-03 9.999968e-01 -2.139280e-03 -2.314089e-01 -5.529881e-02 2.208782e-03 9.984673e-01 2.897551e+01
9.991671e-01 9.326548e-04 -4.079365e-02 -2.011598e+01 -8.646907e-04 9.999982e-01 1.683637e-03 -2.079215e-01 4.079509e-02 -1.646958e-03 9.991661e-01 2.861585e+01
9.984992e-01 -1.180232e-03 5.475378e-02 -2.059962e+01 1.299055e-03 9.999969e-01 -2.134576e-03 -1.820486e-01 -5.475114e-02 2.202503e-03 9.984975e-01 2.820755e+01
9.993461e-01 8.716977e-04 -3.614616e-02 -2.084215e+01 -8.168639e-04 9.999985e-01 1.531720e-03 -1.641096e-01 3.614739e-02 -1.501189e-03 9.993453e-01 2.779256e+01
9.984266e-01 -1.178938e-03 5.606209e-02 -2.096237e+01 1.303468e-03 9.999968e-01 -2.184743e-03 -1.502679e-01 -5.605939e-02 2.254384e-03 9.984248e-01 2.737843e+01
9.992991e-01 8.829897e-04 -3.742311e-02 -2.120543e+01 -8.245012e-04 9.999984e-01 1.578285e-03 -1.358502e-01 3.742439e-02 -1.546321e-03 9.992982e-01 2.710687e+01
9.982758e-01 -1.245259e-03 5.868374e-02 -2.151292e+01 1.379227e-03 9.999965e-01 -2.242419e-03 -1.230358e-01 -5.868080e-02 2.319493e-03 9.982740e-01 2.700576e+01
9.994038e-01 8.482522e-04 -3.451600e-02 -2.170436e+01 -7.981640e-04 9.999986e-01 1.464895e-03 -1.105540e-01 3.451715e-02 -1.436470e-03 9.994030e-01 2.675148e+01
9.981891e-01 -1.245309e-03 6.014076e-02 -2.176811e+01 1.385786e-03 9.999964e-01 -2.294152e-03 -9.817923e-02 -6.013774e-02 2.373342e-03 9.981872e-01 2.632683e+01
9.994126e-01 8.591145e-04 -3.425958e-02 -2.175131e+01 -8.097632e-04 9.999986e-01 1.454343e-03 -8.751219e-02 3.426073e-02 -1.425744e-03 9.994118e-01 2.586980e+01
9.980973e-01 -1.278703e-03 6.164472e-02 -2.174659e+01 1.425446e-03 9.999963e-01 -2.336542e-03 -7.695384e-02 -6.164155e-02 2.419970e-03 9.980953e-01 2.543422e+01
9.994605e-01 8.277080e-04 -3.283381e-02 -2.178701e+01 -7.818813e-04 9.999987e-01 1.408519e-03 -6.486032e-02 3.283489e-02 -1.382085e-03 9.994597e-01 2.499428e+01
9.979608e-01 -1.311475e-03 6.381567e-02 -2.177927e+01 1.467642e-03 9.999960e-01 -2.400345e-03 -5.580778e-02 -6.381231e-02 2.489111e-03 9.979587e-01 2.461502e+01
9.994898e-01 8.159278e-04 -3.193036e-02 -2.182069e+01 -7.724693e-04 9.999988e-01 1.373340e-03 -4.551180e-02 3.193141e-02 -1.347972e-03 9.994891e-01 2.425341e+01
9.982365e-01 -1.283761e-03 5.934869e-02 -2.194862e+01 1.419760e-03 9.999965e-01 -2.249407e-03 -2.647246e-02 -5.934563e-02 2.329703e-03 9.982347e-01 2.366099e+01
9.994110e-01 8.752064e-04 -3.430535e-02 -2.205906e+01 -8.260128e-04 9.999986e-01 1.448131e-03 -8.046227e-03 3.430654e-02 -1.418939e-03 9.994103e-01 2.306429e+01
9.982360e-01 -1.240697e-03 5.935693e-02 -2.193396e+01 1.377077e-03 9.999965e-01 -2.256774e-03 -1.126955e-03 -5.935395e-02 2.334534e-03 9.982342e-01 2.261759e+01
9.994147e-01 8.481672e-04 -3.419968e-02 -2.192462e+01 -7.992409e-04 9.999986e-01 1.444249e-03 1.025318e-02 3.420084e-02 -1.416068e-03 9.994139e-01 2.214115e+01
9.982089e-01 -1.275467e-03 5.981070e-02 -2.197258e+01 1.412987e-03 9.999965e-01 -2.257018e-03 2.341816e-02 -5.980763e-02 2.337489e-03 9.982071e-01 2.166779e+01
9.993501e-01 8.994373e-04 -3.603666e-02 -2.194290e+01 -8.457940e-04 9.999985e-01 1.503789e-03 3.344567e-02 3.603794e-02 -1.472330e-03 9.993492e-01 2.121320e+01
9.981253e-01 -1.279299e-03 6.119082e-02 -2.180450e+01 1.422929e-03 9.999963e-01 -2.303719e-03 4.079607e-02 -6.118767e-02 2.386472e-03 9.981233e-01 2.073011e+01
9.993112e-01 9.130929e-04 -3.709722e-02 -2.169602e+01 -8.564425e-04 9.999984e-01 1.542940e-03 4.803759e-02 3.709856e-02 -1.510104e-03 9.993104e-01 2.028408e+01
9.982839e-01 -1.229068e-03 5.854757e-02 -2.150065e+01 1.361480e-03 9.999966e-01 -2.221766e-03 5.096492e-02 -5.854466e-02 2.297666e-03 9.982820e-01 1.988978e+01
9.992489e-01 9.822322e-04 -3.873868e-02 -2.111425e+01 -9.215317e-04 9.999983e-01 1.584747e-03 4.714982e-02 3.874016e-02 -1.547857e-03 9.992480e-01 1.951845e+01
9.983719e-01 -1.268064e-03 5.702618e-02 -2.107389e+01 1.393593e-03 9.999967e-01 -2.161538e-03 5.790052e-02 -5.702326e-02 2.237491e-03 9.983702e-01 1.901261e+01
9.993037e-01 9.955820e-04 -3.729713e-02 -2.081952e+01 -9.390780e-04 9.999984e-01 1.532455e-03 5.843411e-02 3.729858e-02 -1.496362e-03 9.993029e-01 1.863561e+01
9.982954e-01 -1.312197e-03 5.834890e-02 -2.070048e+01 1.443097e-03 9.999965e-01 -2.201319e-03 6.268633e-02 -5.834581e-02 2.281771e-03 9.982937e-01 1.828698e+01
9.995233e-01 8.629117e-04 -3.085999e-02 -2.071707e+01 -8.224507e-04 9.999988e-01 1.323784e-03 6.987175e-02 3.086110e-02 -1.297771e-03 9.995227e-01 1.800231e+01
9.987824e-01 -1.165098e-03 4.931847e-02 -2.062604e+01 1.261081e-03 9.999974e-01 -1.915108e-03 7.124000e-02 -4.931611e-02 1.974972e-03 9.987812e-01 1.779146e+01
9.993038e-01 9.882944e-04 -3.729584e-02 -2.048290e+01 -9.319508e-04 9.999984e-01 1.528073e-03 7.593985e-02 3.729729e-02 -1.492251e-03 9.993030e-01 1.738169e+01
9.986458e-01 -1.195910e-03 5.201170e-02 -2.028837e+01 1.301651e-03 9.999972e-01 -1.999205e-03 7.778319e-02 -5.200916e-02 2.064200e-03 9.986444e-01 1.702096e+01
9.993200e-01 9.991818e-04 -3.685810e-02 -1.996595e+01 -9.438735e-04 9.999984e-01 1.517942e-03 7.026585e-02 3.685956e-02 -1.482120e-03 9.993193e-01 1.685729e+01
9.986200e-01 -1.215135e-03 5.250316e-02 -1.969786e+01 1.322305e-03 9.999971e-01 -2.006524e-03 6.225611e-02 -5.250056e-02 2.073181e-03 9.986186e-01 1.677954e+01
9.994737e-01 9.002771e-04 -3.242715e-02 -1.955627e+01 -8.564544e-04 9.999987e-01 1.365286e-03 6.039243e-02 3.242835e-02 -1.336794e-03 9.994731e-01 1.663201e+01
9.988157e-01 -1.160927e-03 4.864094e-02 -1.947230e+01 1.254156e-03 9.999974e-01 -1.886199e-03 6.166439e-02 -4.863861e-02 1.944969e-03 9.988144e-01 1.643145e+01
9.994388e-01 9.450418e-04 -3.348556e-02 -1.923946e+01 -8.987957e-04 9.999986e-01 1.396102e-03 5.423979e-02 3.348684e-02 -1.365222e-03 9.994381e-01 1.637617e+01
9.989600e-01 -1.103184e-03 4.558219e-02 -1.888901e+01 1.185966e-03 9.999977e-01 -1.789107e-03 4.693652e-02 -4.558009e-02 1.841306e-03 9.989589e-01 1.617001e+01
9.993817e-01 1.003561e-03 -3.514533e-02 -1.842774e+01 -9.533548e-04 9.999985e-01 1.445274e-03 3.403511e-02 3.514674e-02 -1.410874e-03 9.993811e-01 1.603241e+01
9.993909e-01 -9.102012e-04 3.488555e-02 -1.792388e+01 9.609808e-04 9.999985e-01 -1.438867e-03 1.675432e-02 -3.488417e-02 1.471516e-03 9.993902e-01 1.597246e+01
9.990541e-01 1.174117e-03 -4.346930e-02 -1.740573e+01 -1.098343e-03 9.999978e-01 1.767000e-03 -2.341891e-03 4.347130e-02 -1.717584e-03 9.990531e-01 1.594458e+01
9.995743e-01 -7.551756e-04 2.916422e-02 -1.686751e+01 7.910761e-04 9.999989e-01 -1.219460e-03 -2.232874e-02 -2.916326e-02 1.242013e-03 9.995738e-01 1.593377e+01
9.992764e-01 1.027729e-03 -3.802204e-02 -1.621690e+01 -9.693576e-04 9.999983e-01 1.553611e-03 -4.360924e-02 3.802358e-02 -1.515630e-03 9.992756e-01 1.581769e+01
9.998335e-01 -5.019415e-04 1.823992e-02 -1.576712e+01 5.165050e-04 9.999996e-01 -7.937404e-04 -6.065651e-02 -1.823951e-02 8.030300e-04 9.998332e-01 1.581875e+01
9.993298e-01 9.934914e-04 -3.659107e-02 -1.528694e+01 -9.396239e-04 9.999984e-01 1.489316e-03 -7.935623e-02 3.659250e-02 -1.453935e-03 9.993291e-01 1.584122e+01
9.998334e-01 -5.053474e-04 1.824361e-02 -1.482731e+01 5.197660e-04 9.999996e-01 -7.856029e-04 -9.860296e-02 -1.824320e-02 7.949554e-04 9.998332e-01 1.590978e+01
9.992846e-01 1.028317e-03 -3.780397e-02 -1.434537e+01 -9.707689e-04 9.999983e-01 1.540601e-03 -1.182056e-01 3.780549e-02 -1.502800e-03 9.992839e-01 1.596184e+01
9.995298e-01 -8.058706e-04 3.065221e-02 -1.392879e+01 8.457211e-04 9.999988e-01 -1.287143e-03 -1.370621e-01 -3.065113e-02 1.312462e-03 9.995292e-01 1.606641e+01
9.994813e-01 9.087270e-04 -3.219137e-02 -1.343667e+01 -8.660545e-04 9.999987e-01 1.339507e-03 -1.607974e-01 3.219254e-02 -1.310932e-03 9.994807e-01 1.625395e+01
9.996295e-01 -7.368972e-04 2.720876e-02 -1.290594e+01 7.689172e-04 9.999990e-01 -1.166382e-03 -1.842253e-01 -2.720788e-02 1.186873e-03 9.996290e-01 1.637102e+01
9.992711e-01 1.041695e-03 -3.816036e-02 -1.252952e+01 -9.820757e-04 9.999983e-01 1.581044e-03 -2.019024e-01 3.816194e-02 -1.542414e-03 9.992703e-01 1.648061e+01
9.998905e-01 -4.201376e-04 1.479482e-02 -1.234684e+01 4.300766e-04 9.999997e-01 -6.686057e-04 -2.162443e-01 -1.479454e-02 6.748965e-04 9.998902e-01 1.675035e+01
9.991718e-01 1.110520e-03 -4.067486e-02 -1.229728e+01 -1.042328e-03 9.999980e-01 1.697696e-03 -2.292732e-01 4.067666e-02 -1.653892e-03 9.991709e-01 1.715469e+01
9.997848e-01 -5.765377e-04 2.073479e-02 -1.223330e+01 5.954796e-04 9.999994e-01 -9.073659e-04 -2.422894e-01 -2.073426e-02 9.195191e-04 9.997845e-01 1.753772e+01
9.991903e-01 1.103734e-03 -4.021946e-02 -1.197027e+01 -1.037457e-03 9.999981e-01 1.668713e-03 -2.555564e-01 4.022121e-02 -1.625635e-03 9.991894e-01 1.765865e+01
9.998495e-01 -4.880392e-04 1.734078e-02 -1.167552e+01 5.015822e-04 9.999996e-01 -7.766455e-04 -2.695724e-01 -1.734040e-02 7.852279e-04 9.998492e-01 1.776182e+01
