9.998645e-01 -3.030972e-04 1.645769e-02 7.611234e-03 3.111533e-04 9.999998e-01 -4.869478e-04 -1.425319e-02 -1.645754e-02 4.920032e-04 9.998643e-01 5.344321e-01
9.999075e-01 -2.657913e-04 1.359525e-02 3.349405e-02 2.719760e-04 9.999999e-01 -4.530666e-04 -2.871648e-02 -1.359513e-02 4.567226e-04 9.999074e-01 1.077786e+00
9.999314e-01 -2.096334e-04 1.171326e-02 6.386966e-02 2.134934e-04 9.999999e-01 -3.282866e-04 -4.469748e-02 -1.171319e-02 3.307650e-04 9.999312e-01 1.669175e+00
9.998871e-01 -2.959079e-04 1.502602e-02 9.746071e-02 3.035077e-04 9.999998e-01 -5.034975e-04 -5.820620e-02 -1.502586e-02 5.080013e-04 9.998869e-01 2.150144e+00
9.999158e-01 -2.291653e-04 1.297192e-02 1.565598e-01 2.339681e-04 9.999999e-01 -3.687229e-04 -7.480731e-02 -1.297183e-02 3.717270e-04 9.999157e-01 2.727172e+00
9.997128e-01 -4.614599e-04 2.396003e-02 2.126023e-01 4.805049e-04 9.999996e-01 -7.891171e-04 -9.013195e-02 -2.395964e-02 8.004034e-04 9.997125e-01 3.269335e+00
9.998483e-01 -2.978512e-04 1.741507e-02 2.820620e-01 3.068449e-04 9.999998e-01 -5.137604e-04 -1.044975e-01 -1.741490e-02 5.190260e-04 9.998481e-01 3.760848e+00
9.998462e-01 -3.579126e-04 1.753539e-02 3.185330e-01 3.682893e-04 9.999998e-01 -5.885263e-04 -1.179012e-01 -1.753515e-02 5.948936e-04 9.998460e-01 4.246947e+00
9.996078e-01 -4.838485e-04 2.800003e-02 3.604341e-01 5.077974e-04 9.999995e-01 -8.482092e-04 -1.306675e-01 -2.799958e-02 8.620944e-04 9.996075e-01 4.716780e+00
9.998970e-01 -2.993883e-04 1.434909e-02 4.143923e-01 3.062304e-04 9.999998e-01 -4.746262e-04 -1.461046e-01 -1.434892e-02 4.789708e-04 9.998968e-01 5.274926e+00
9.996291e-01 -4.725987e-04 2.722841e-02 4.817534e-01 4.952168e-04 9.999995e-01 -8.239378e-04 -1.625275e-01 -2.722797e-02 8.371155e-04 9.996288e-01 5.858148e+00
9.999980e-01 -7.604833e-05 1.994500e-03 5.296348e-01 7.620473e-05 1.000000e+00 -7.824568e-05 -1.788357e-01 -1.994455e-03 7.839670e-05 9.999979e-01 6.444317e+00
9.997264e-01 -4.067835e-04 2.338875e-02 5.619922e-01 4.234885e-04 9.999997e-01 -7.092727e-04 -1.959973e-01 -2.338841e-02 7.189826e-04 9.997261e-01 7.085453e+00
9.997240e-01 -4.441398e-04 2.348955e-02 6.200703e-01 4.623874e-04 9.999996e-01 -7.714031e-04 -2.102461e-01 -2.348916e-02 7.820504e-04 9.997237e-01 7.601305e+00
9.998744e-01 -2.858832e-04 1.584896e-02 6.531106e-01 2.931774e-04 9.999999e-01 -4.578917e-04 -2.254615e-01 -1.584878e-02 4.624795e-04 9.998742e-01 8.181602e+00
9.999239e-01 -2.319635e-04 1.233419e-02 6.970634e-01 2.366634e-04 9.999999e-01 -3.795585e-04 -2.478644e-01 -1.233405e-02 3.824474e-04 9.999238e-01 9.020171e+00
9.999163e-01 -2.352078e-04 1.293418e-02 7.286177e-01 2.398287e-04 9.999999e-01 -3.556864e-04 -2.722125e-01 -1.293404e-02 3.587573e-04 9.999162e-01 9.949340e+00
9.998397e-01 -3.330208e-04 1.789982e-02 7.743243e-01 3.431609e-04 9.999998e-01 -5.633991e-04 -2.949502e-01 -1.789957e-02 5.694498e-04 9.998395e-01 1.080257e+01
9.999126e-01 -2.324807e-04 1.321668e-02 8.474361e-01 2.373616e-04 9.999999e-01 -3.676931e-04 -3.186136e-01 -1.321654e-02 3.707966e-04 9.999125e-01 1.164809e+01
9.998736e-01 -3.139513e-04 1.589748e-02 8.967651e-01 3.222004e-04 9.999998e-01 -5.163027e-04 -3.389594e-01 -1.589726e-02 5.213580e-04 9.998734e-01 1.239406e+01
9.996974e-01 -4.396077e-04 2.459441e-02 9.060422e-01 4.588350e-04 9.999996e-01 -7.761109e-04 -3.480255e-01 -2.459400e-02 7.871591e-04 9.996971e-01 1.274954e+01
9.999998e-01 -7.519433e-06 6.395301e-04 1.058568e+00 7.533002e-06 1.000000e+00 -2.010915e-05 -3.670242e-01 -6.394640e-04 2.011214e-05 9.999997e-01 1.328260e+01
9.999713e-01 -1.482776e-04 7.570582e-03 1.096770e+00 1.497873e-04 1.000000e+00 -1.987577e-04 -3.888470e-01 -7.570486e-03 1.998841e-04 9.999712e-01 1.407280e+01
9.999773e-01 -1.042626e-04 6.739471e-03 1.265770e+00 1.059678e-04 1.000000e+00 -2.525483e-04 -4.107478e-01 -6.739377e-03 2.532548e-04 9.999772e-01 1.468169e+01
9.999837e-01 -1.026042e-04 5.710119e-03 1.576657e+00 1.035303e-04 1.000000e+00 -1.617584e-04 -4.322743e-01 -5.710033e-03 1.623450e-04 9.999836e-01 1.507486e+01
9.999946e-01 -4.954772e-05 3.270516e-03 1.690184e+00 4.987899e-05 1.000000e+00 -1.009624e-04 -4.553269e-01 -3.270442e-03 1.011230e-04 9.999946e-01 1.580488e+01
9.999727e-01 -1.651217e-04 7.385755e-03 1.658420e+00 1.663950e-04 1.000000e+00 -1.716738e-04 -4.768953e-01 -7.385656e-03 1.728961e-04 9.999726e-01 1.670993e+01
9.998895e-01 -2.605178e-04 1.486573e-02 1.696150e+00 2.683732e-04 9.999998e-01 -5.263773e-04 -4.928832e-01 -1.486552e-02 5.303067e-04 9.998893e-01 1.728667e+01
9.999949e-01 3.119990e-05 -3.173061e-03 1.684847e+00 -3.053710e-05 1.000000e+00 2.086414e-04 -5.133905e-01 3.173140e-03 -2.085456e-04 9.999949e-01 1.811395e+01
9.998802e-01 -2.467998e-04 1.547734e-02 1.744788e+00 2.553776e-04 9.999998e-01 -5.521796e-04 -5.369796e-01 -1.547713e-02 5.560639e-04 9.998800e-01 1.895000e+01
9.999357e-01 1.663647e-04 -1.134143e-02 1.728396e+00 -1.605195e-04 9.999999e-01 5.162067e-04 -5.621136e-01 1.134158e-02 -5.143551e-04 9.999355e-01 1.997146e+01
9.997286e-01 -3.761071e-04 2.329352e-02 1.746476e+00 3.958001e-04 9.999996e-01 -8.407874e-04 -5.843731e-01 -2.329312e-02 8.497766e-04 9.997282e-01 2.082419e+01
9.999039e-01 1.926064e-04 -1.385730e-02 1.666317e+00 -1.842126e-04 9.999998e-01 6.069314e-04 -6.031961e-01 1.385749e-02 -6.043225e-04 9.999037e-01 2.168106e+01
9.998568e-01 -2.738997e-04 1.691952e-02 1.548311e+00 2.840696e-04 9.999998e-01 -5.986139e-04 -6.258266e-01 -1.691928e-02 6.033324e-04 9.998566e-01 2.275928e+01
9.999034e-01 1.991447e-04 -1.389804e-02 1.514083e+00 -1.912643e-04 9.999998e-01 5.682660e-04 -6.465990e-01 1.389823e-02 -5.655551e-04 9.999032e-01 2.362137e+01
9.998756e-01 -2.552699e-04 1.576820e-02 1.464570e+00 2.641462e-04 9.999998e-01 -5.607809e-04 -6.663605e-01 -1.576798e-02 5.648741e-04 9.998754e-01 2.446412e+01
9.999183e-01 1.663260e-04 -1.278364e-02 1.303301e+00 -1.596673e-04 9.999999e-01 5.218124e-04 -6.810159e-01 1.278380e-02 -5.197308e-04 9.999181e-01 2.525242e+01
9.998982e-01 -2.236410e-04 1.426675e-02 9.356565e-01 2.317624e-04 9.999998e-01 -5.675362e-04 -6.819106e-01 -1.426654e-02 5.707828e-04 9.998980e-01 2.573561e+01
9.999354e-01 1.217023e-04 -1.136677e-02 5.616741e-01 -1.164239e-04 9.999999e-01 4.649430e-04 -6.787683e-01 1.136690e-02 -4.635918e-04 9.999352e-01 2.607487e+01
9.998517e-01 -2.541099e-04 1.722110e-02 5.130163e-01 2.644572e-04 9.999998e-01 -5.985186e-04 -6.972618e-01 -1.722087e-02 6.029818e-04 9.998514e-01 2.686713e+01
9.998794e-01 1.991545e-04 -1.553026e-02 2.890655e-01 -1.899671e-04 9.999998e-01 5.929832e-04 -7.087196e-01 1.553046e-02 -5.899636e-04 9.998791e-01 2.760613e+01
9.998612e-01 -2.437255e-04 1.665661e-02 -1.299229e-01 2.530588e-04 9.999998e-01 -5.581689e-04 -7.165863e-01 -1.665639e-02 5.623043e-04 9.998610e-01 2.847289e+01
9.998582e-01 2.234929e-04 -1.683924e-02 -5.642182e-01 -2.137415e-04 9.999998e-01 5.808204e-04 -7.182023e-01 1.683944e-02 -5.771410e-04 9.998580e-01 2.908103e+01
9.998679e-01 -2.435472e-04 1.625054e-02 -6.295574e-01 2.519174e-04 9.999998e-01 -5.129643e-04 -7.364170e-01 -1.625034e-02 5.169881e-04 9.998677e-01 2.987493e+01
9.998625e-01 2.234522e-04 -1.657809e-02 -1.039603e+00 -2.148119e-04 9.999998e-01 5.229006e-04 -7.368630e-01 1.657828e-02 -5.192698e-04 9.998624e-01 3.039577e+01
9.997984e-01 -3.215194e-04 2.007638e-02 -1.393530e+00 3.342197e-04 9.999997e-01 -6.291992e-04 -7.373025e-01 -2.007609e-02 6.357800e-04 9.997982e-01 3.084845e+01
9.998341e-01 2.622547e-04 -1.821042e-02 -1.675394e+00 -2.517934e-04 9.999998e-01 5.766975e-04 -7.419250e-01 1.821064e-02 -5.720188e-04 9.998339e-01 3.136992e+01
9.998192e-01 -3.016646e-04 1.901337e-02 -1.977545e+00 3.123658e-04 9.999998e-01 -5.598065e-04 -7.498062e-01 -1.901312e-02 5.656422e-04 9.998190e-01 3.206215e+01
9.999416e-01 1.210632e-04 -1.080177e-02 -2.012925e+00 -1.175926e-04 9.999999e-01 3.218363e-04 -7.649481e-01 1.080188e-02 -3.205495e-04 9.999415e-01 3.269237e+01
9.997445e-01 -3.591034e-04 2.260204e-02 -2.073198e+00 3.751867e-04 9.999997e-01 -7.073029e-04 -7.732866e-01 -2.260170e-02 7.155999e-04 9.997442e-01 3.307379e+01
9.999728e-01 5.918922e-05 -7.367107e-03 -2.102104e+00 -5.750260e-05 1.000000e+00 2.289909e-04 -7.864583e-01 7.367199e-03 -2.285633e-04 9.999728e-01 3.362131e+01
9.998997e-01 -2.207741e-04 1.416207e-02 -2.239054e+00 2.259919e-04 9.999999e-01 -3.667538e-04 -8.059060e-01 -1.416191e-02 3.699152e-04 9.998996e-01 3.459284e+01
9.999241e-01 1.532022e-04 -1.231960e-02 -2.350473e+00 -1.481988e-04 9.999999e-01 4.069500e-04 -8.283074e-01 1.231975e-02 -4.050957e-04 9.999239e-01 3.564908e+01
9.998385e-01 -3.000052e-04 1.797060e-02 -2.526948e+00 3.097716e-04 9.999998e-01 -5.406190e-04 -8.417499e-01 -1.797036e-02 5.460961e-04 9.998383e-01 3.641209e+01
9.999715e-01 9.457417e-05 -7.545830e-03 -2.455534e+00 -9.296327e-05 1.000000e+00 2.136684e-04 -8.577328e-01 7.545931e-03 -2.129632e-04 9.999714e-01 3.692079e+01
9.999579e-01 -1.059078e-04 9.176288e-03 -2.137446e+00 1.083383e-04 1.000000e+00 -2.642407e-04 -8.822057e-01 -9.176179e-03 2.652213e-04 9.999578e-01 3.740028e+01
9.999733e-01 4.705925e-05 -7.307866e-03 -2.122909e+00 -4.525272e-05 1.000000e+00 2.471973e-04 -9.024310e-01 7.307959e-03 -2.468623e-04 9.999732e-01 3.815492e+01
9.998507e-01 -2.485875e-04 1.727577e-02 -2.149112e+00 2.571167e-04 9.999998e-01 -4.914135e-04 -9.245200e-01 -1.727557e-02 4.957796e-04 9.998506e-01 3.907017e+01
9.999075e-01 1.596754e-04 -1.359883e-02 -2.203638e+00 -1.531277e-04 9.999999e-01 4.824350e-04 -9.493373e-01 1.359898e-02 -4.803104e-04 9.999073e-01 4.013658e+01
9.998760e-01 -2.279395e-04 1.574664e-02 -2.293430e+00 2.342010e-04 9.999999e-01 -3.957135e-04 -9.782518e-01 -1.574647e-02 3.993499e-04 9.998759e-01 4.143414e+01
9.998762e-01 1.973523e-04 -1.573193e-02 -2.327860e+00 -1.896368e-04 9.999999e-01 4.918446e-04 -1.002642e+00 1.573211e-02 -4.888028e-04 9.998760e-01 4.244215e+01
9.998873e-01 -1.991620e-04 1.500937e-02 -2.080052e+00 2.056755e-04 9.999999e-01 -4.323417e-04 -1.027841e+00 -1.500920e-02 4.353776e-04 9.998872e-01 4.306880e+01
9.998813e-01 1.767627e-04 -1.540443e-02 -2.058109e+00 -1.687618e-04 9.999999e-01 5.206021e-04 -1.051907e+00 1.540460e-02 -5.179430e-04 9.998811e-01 4.396886e+01
9.998451e-01 -2.399019e-04 1.759537e-02 -2.086474e+00 2.477718e-04 9.999999e-01 -4.450214e-04 -1.081875e+00 -1.759518e-02 4.493097e-04 9.998450e-01 4.520651e+01
9.999571e-01 7.624010e-05 -9.259614e-03 -2.118522e+00 -7.326977e-05 9.999999e-01 3.209818e-04 -1.113532e+00 9.259721e-03 -3.202920e-04 9.999570e-01 4.652535e+01
9.998286e-01 -2.509052e-04 1.850870e-02 -2.145858e+00 2.592325e-04 9.999999e-01 -4.474457e-04 -1.148085e+00 -1.850850e-02 4.521646e-04 9.998285e-01 4.796372e+01
9.998294e-01 2.265228e-04 -1.846766e-02 -2.165898e+00 -2.151536e-04 9.999998e-01 6.175412e-04 -1.182132e+00 1.846787e-02 -6.134648e-04 9.998292e-01 4.935696e+01
9.998264e-01 -2.542731e-04 1.862877e-02 -2.146202e+00 2.639922e-04 9.999998e-01 -5.192045e-04 -1.208946e+00 -1.862855e-02 5.240299e-04 9.998263e-01 5.037905e+01
9.998158e-01 2.449883e-04 -1.918984e-02 -2.022320e+00 -2.337163e-04 9.999998e-01 5.895651e-04 -1.233024e+00 1.919006e-02 -5.849739e-04 9.998156e-01 5.112754e+01
9.998265e-01 -2.597264e-04 1.862476e-02 -1.965429e+00 2.679430e-04 9.999999e-01 -4.386027e-04 -1.265335e+00 -1.862456e-02 4.435145e-04 9.998264e-01 5.231938e+01
9.998271e-01 2.357580e-04 -1.859349e-02 -1.981987e+00 -2.240463e-04 9.999998e-01 6.318921e-04 -1.302355e+00 1.859372e-02 -6.276194e-04 9.998268e-01 5.383276e+01
9.997811e-01 -3.027070e-04 2.091726e-02 -2.008281e+00 3.148576e-04 9.999998e-01 -5.775374e-04 -1.330585e+00 -2.091700e-02 5.839946e-04 9.997810e-01 5.499267e+01
9.999298e-01 1.632622e-04 -1.184284e-02 -1.788969e+00 -1.594720e-04 9.999999e-01 3.208760e-04 -1.357267e+00 1.184298e-02 -3.189673e-04 9.999297e-01 5.572483e+01
9.998669e-01 -2.347729e-04 1.631466e-02 -1.631789e+00 2.417609e-04 9.999999e-01 -4.262809e-04 -1.382247e+00 -1.631447e-02 4.301660e-04 9.998667e-01 5.647286e+01
9.999065e-01 1.720569e-04 -1.367190e-02 -1.617842e+00 -1.660861e-04 9.999999e-01 4.377561e-04 -1.408246e+00 1.367206e-02 -4.354468e-04 9.999064e-01 5.747059e+01
9.998688e-01 -2.252301e-04 1.619486e-02 -1.531888e+00 2.322654e-04 9.999999e-01 -4.324594e-04 -1.435802e+00 -1.619468e-02 4.361617e-04 9.998687e-01 5.841819e+01
9.999386e-01 1.245350e-04 -1.107721e-02 -1.492427e+00 -1.207876e-04 9.999999e-01 3.388478e-04 -1.460688e+00 1.107734e-02 -3.374914e-04 9.999385e-01 5.933160e+01
9.999000e-01 -2.067926e-04 1.414132e-02 -1.529545e+00 2.116895e-04 9.999999e-01 -3.446944e-04 -1.484489e+00 -1.414117e-02 3.476511e-04 9.998999e-01 6.032386e+01
9.999195e-01 1.529663e-04 -1.268820e-02 -1.586582e+00 -1.478283e-04 9.999999e-01 4.057717e-04 -1.508790e+00 1.268834e-02 -4.038658e-04 9.999193e-01 6.136885e+01
9.999091e-01 -1.994927e-04 1.347789e-02 -1.652488e+00 2.035165e-04 9.999999e-01 -2.970767e-04 -1.535985e+00 -1.347774e-02 2.997903e-04 9.999090e-01 6.254996e+01
9.999202e-01 1.549532e-04 -1.263325e-02 -1.715751e+00 -1.499064e-04 9.999999e-01 4.003271e-04 -1.562930e+00 1.263340e-02 -3.984037e-04 9.999200e-01 6.371701e+01
9.999123e-01 -1.961162e-04 1.323694e-02 -1.753392e+00 2.004865e-04 9.999999e-01 -3.287309e-04 -1.585914e+00 -1.323679e-02 3.313536e-04 9.999123e-01 6.467270e+01
9.999098e-01 1.707368e-04 -1.343037e-02 -1.759087e+00 -1.651302e-04 9.999999e-01 4.184638e-04 -1.609440e+00 1.343052e-02 -4.162106e-04 9.999096e-01 6.559695e+01
9.999068e-01 -2.048672e-04 1.364905e-02 -1.798937e+00 2.095113e-04 9.999999e-01 -3.387258e-04 -1.631860e+00 -1.364889e-02 3.415515e-04 9.999067e-01 6.653116e+01
9.999438e-01 1.359288e-04 -1.059962e-02 -1.725148e+00 -1.331335e-04 1.000000e+00 2.642918e-04 -1.651669e+00 1.059975e-02 -2.628682e-04 9.999437e-01 6.717538e+01
9.999248e-01 -1.853510e-04 1.226231e-02 -1.662748e+00 1.883298e-04 1.000000e+00 -2.416568e-04 -1.677314e+00 -1.226218e-02 2.439456e-04 9.999247e-01 6.807838e+01
9.999491e-01 1.340418e-04 -1.008394e-02 -1.575436e+00 -1.314043e-04 1.000000e+00 2.620792e-04 -1.705473e+00 1.008406e-02 -2.607432e-04 9.999490e-01 6.905010e+01
9.999369e-01 -1.527659e-04 1.122617e-02 -1.347172e+00 1.556547e-04 1.000000e+00 -2.563412e-04 -1.732295e+00 -1.122605e-02 2.580701e-04 9.999369e-01 6.976557e+01
9.999641e-01 9.257327e-05 -8.466678e-03 -1.262996e+00 -9.073334e-05 1.000000e+00 2.175366e-04 -1.756022e+00 8.466783e-03 -2.167629e-04 9.999641e-01 7.055626e+01
9.999508e-01 -1.470479e-04 9.915201e-03 -1.281151e+00 1.487738e-04 1.000000e+00 -1.731988e-04 -1.779859e+00 -9.915090e-03 1.746630e-04 9.999508e-01 7.151737e+01
9.999617e-01 1.168022e-04 -8.748218e-03 -1.132017e+00 -1.150815e-04 1.000000e+00 1.970450e-04 -1.806622e+00 8.748326e-03 -1.960330e-04 9.999616e-01 7.234344e+01
9.999556e-01 -1.577000e-04 9.419717e-03 -1.117691e+00 1.590202e-04 1.000000e+00 -1.392640e-04 -1.830420e+00 -9.419610e-03 1.407533e-04 9.999555e-01 7.324816e+01
9.999590e-01 1.176466e-04 -9.048811e-03 -1.143370e+00 -1.158145e-04 1.000000e+00 2.028398e-04 -1.852211e+00 9.048920e-03 -2.017859e-04 9.999590e-01 7.413405e+01
9.999542e-01 -1.592667e-04 9.564113e-03 -1.156346e+00 1.607858e-04 1.000000e+00 -1.579241e-04 -1.872643e+00 -9.564002e-03 1.594523e-04 9.999542e-01 7.494016e+01
9.999659e-01 1.087327e-04 -8.254942e-03 -1.160727e+00 -1.071660e-04 1.000000e+00 1.900738e-04 -1.895301e+00 8.255048e-03 -1.891850e-04 9.999658e-01 7.582750e+01
9.999511e-01 -1.585750e-04 9.885499e-03 -1.151289e+00 1.602554e-04 1.000000e+00 -1.690528e-04 -1.918267e+00 -9.885387e-03 1.706263e-04 9.999510e-01 7.670647e+01
9.999957e-01 3.165879e-07 -2.929239e-03 -1.136920e+00 -3.559660e-07 1.000000e+00 -1.391276e-05 -1.937631e+00 2.929325e-03 1.391136e-05 9.999956e-01 7.743394e+01
9.999657e-01 -1.489390e-04 8.277184e-03 -1.225641e+00 1.497635e-04 1.000000e+00 -9.883163e-05 -1.954765e+00 -8.277083e-03 1.000655e-04 9.999657e-01 7.822666e+01
9.999909e-01 2.376331e-05 -4.254842e-03 -1.376816e+00 -2.376820e-05 1.000000e+00 -1.430080e-06 -1.965652e+00 4.254928e-03 1.528791e-06 9.999909e-01 7.884275e+01
9.999469e-01 -1.732059e-04 1.030562e-02 -1.411992e+00 1.747153e-04 1.000000e+00 -1.454248e-04 -1.983187e+00 -1.030551e-02 1.472151e-04 9.999468e-01 7.957299e+01
9.999920e-01 2.162682e-05 -3.985832e-03 -1.460146e+00 -2.150639e-05 1.000000e+00 2.989524e-05 -2.005846e+00 3.985919e-03 -2.981171e-05 9.999920e-01 8.054183e+01
9.999546e-01 -1.503673e-04 9.530181e-03 -1.491615e+00 1.516440e-04 1.000000e+00 -1.330923e-04 -2.027778e+00 -9.530074e-03 1.345290e-04 9.999545e-01 8.145059e+01
9.999813e-01 4.940391e-05 -6.103920e-03 -1.555866e+00 -4.876593e-05 1.000000e+00 1.044273e-04 -2.049337e+00 6.104012e-03 -1.041301e-04 9.999813e-01 8.239495e+01
9.998795e-01 -2.310678e-04 1.551885e-02 -1.541551e+00 2.364657e-04 9.999999e-01 -3.458997e-04 -2.071380e+00 -1.551869e-02 3.495252e-04 9.998794e-01 8.323663e+01
9.999149e-01 1.656949e-04 -1.304033e-02 -1.554818e+00 -1.607253e-04 9.999999e-01 3.820256e-04 -2.097968e+00 1.304048e-02 -3.798996e-04 9.999148e-01 8.430698e+01
9.998969e-01 -2.202726e-04 1.435296e-02 -1.626537e+00 2.243845e-04 9.999999e-01 -2.847723e-04 -2.125700e+00 -1.435280e-02 2.879610e-04 9.998969e-01 8.552243e+01
9.999182e-01 1.625262e-04 -1.278386e-02 -1.686675e+00 -1.582952e-04 9.999999e-01 3.318547e-04 -2.148723e+00 1.278400e-02 -3.298064e-04 9.999182e-01 8.651984e+01
9.997602e-01 -3.397662e-04 2.189382e-02 -1.669559e+00 3.523358e-04 9.999998e-01 -5.701937e-04 -2.169302e+00 -2.189353e-02 5.777685e-04 9.997601e-01 8.729581e+01
9.999851e-01 2.681016e-05 -5.457542e-03 -1.642751e+00 -2.625281e-05 1.000000e+00 1.019073e-04 -2.190527e+00 5.457634e-03 -1.017651e-04 9.999850e-01 8.809547e+01
9.997051e-01 -3.895644e-04 2.428105e-02 -1.653351e+00 4.051616e-04 9.999997e-01 -6.373810e-04 -2.211169e+00 -2.428070e-02 6.470282e-04 9.997049e-01 8.893517e+01
9.998898e-01 2.151225e-04 -1.484378e-02 -1.681871e+00 -2.088576e-04 9.999999e-01 4.234867e-04 -2.234245e+00 1.484396e-02 -4.203423e-04 9.998897e-01 8.989738e+01
9.998374e-01 -2.844053e-04 1.802656e-02 -1.701204e+00 2.922266e-04 9.999999e-01 -4.311528e-04 -2.258352e+00 -1.802635e-02 4.363480e-04 9.998373e-01 9.087557e+01
9.999696e-01 9.441093e-05 -7.799053e-03 -1.641985e+00 -9.318419e-05 1.000000e+00 1.574384e-04 -2.281353e+00 7.799158e-03 -1.567094e-04 9.999695e-01 9.168701e+01
9.998942e-01 -2.266743e-04 1.454560e-02 -1.668521e+00 2.308839e-04 9.999999e-01 -2.876181e-04 -2.305399e+00 -1.454545e-02 2.909434e-04 9.998941e-01 9.267978e+01
9.999705e-01 8.819753e-05 -7.675606e-03 -1.707420e+00 -8.686131e-05 1.000000e+00 1.741926e-04 -2.331350e+00 7.675712e-03 -1.735233e-04 9.999705e-01 9.377151e+01
9.999253e-01 -1.999217e-04 1.221514e-02 -1.788574e+00 2.023415e-04 1.000000e+00 -1.967216e-04 -2.357600e+00 -1.221501e-02 1.991759e-04 9.999253e-01 9.494373e+01
9.999925e-01 2.781659e-05 -3.863555e-03 -1.833458e+00 -2.770469e-05 1.000000e+00 2.855953e-05 -2.382354e+00 3.863648e-03 -2.845490e-05 9.999925e-01 9.599994e+01
9.999812e-01 -9.724321e-05 6.130530e-03 -1.881536e+00 9.727786e-05 1.000000e+00 -5.066264e-06 -2.405815e+00 -6.130437e-03 5.659898e-06 9.999811e-01 9.699792e+01
9.999860e-01 4.762010e-05 -5.291911e-03 -1.941354e+00 -4.733388e-05 1.000000e+00 5.387529e-05 -2.426502e+00 5.292005e-03 -5.362666e-05 9.999859e-01 9.789458e+01
9.999919e-01 -5.047038e-05 4.019793e-03 -2.044574e+00 5.056860e-05 1.000000e+00 -2.389557e-05 -2.434435e+00 -4.019700e-03 2.409602e-05 9.999919e-01 9.828354e+01
9.999963e-01 7.056743e-06 -2.714741e-03 -2.075729e+00 -7.052327e-06 1.000000e+00 9.838316e-07 -2.449347e+00 2.714833e-03 -9.673056e-07 9.999962e-01 9.888090e+01
9.999897e-01 -8.442138e-05 4.522033e-03 -2.268351e+00 8.467783e-05 1.000000e+00 -5.612822e-05 -2.456667e+00 -4.521936e-03 5.650792e-05 9.999897e-01 9.938637e+01
9.999991e-01 -9.807552e-06 -1.295007e-03 -2.455794e+00 9.741600e-06 1.000000e+00 -5.231269e-05 -2.462101e+00 1.295100e-03 5.229739e-05 9.999991e-01 9.981225e+01
9.999985e-01 -3.071470e-05 1.719691e-03 -2.561499e+00 3.058284e-05 1.000000e+00 7.774031e-05 -2.477028e+00 -1.719601e-03 -7.769025e-05 9.999984e-01 1.005209e+02
9.999991e-01 -1.194612e-05 -1.280118e-03 -2.580959e+00 1.188157e-05 1.000000e+00 -5.183048e-05 -2.494767e+00 1.280211e-03 5.181259e-05 9.999991e-01 1.012234e+02
9.999982e-01 -1.762314e-05 1.906895e-03 -2.455085e+00 1.745849e-05 1.000000e+00 8.729679e-05 -2.519782e+00 -1.906804e-03 -8.726598e-05 9.999981e-01 1.020134e+02
9.999996e-01 -4.555580e-05 8.057959e-04 -2.408922e+00 4.565389e-05 1.000000e+00 -1.195021e-04 -2.542639e+00 -8.056979e-04 1.195362e-04 9.999996e-01 1.028296e+02
9.999862e-01 -9.131040e-05 5.251179e-03 -2.274210e+00 9.169972e-05 1.000000e+00 -7.355440e-05 -2.559432e+00 -5.251080e-03 7.403225e-05 9.999861e-01 1.032735e+02
9.999832e-01 -1.137708e-04 5.782460e-03 -2.040739e+00 1.154599e-04 1.000000e+00 -2.914536e-04 -2.575270e+00 -5.782333e-03 2.921136e-04 9.999832e-01 1.035472e+02
9.999975e-01 2.813512e-06 2.231971e-03 -1.636410e+00 -2.877030e-06 1.000000e+00 2.929737e-05 -2.601467e+00 -2.231877e-03 -2.930641e-05 9.999974e-01 1.039870e+02
9.999879e-01 -8.937648e-05 4.916467e-03 -1.146218e+00 9.076688e-05 1.000000e+00 -2.821983e-04 -2.626382e+00 -4.916348e-03 2.826385e-04 9.999878e-01 1.042529e+02
9.999983e-01 9.244540e-06 1.838549e-03 -6.423554e-01 -9.309646e-06 1.000000e+00 3.645178e-05 -2.649771e+00 -1.838454e-03 -3.647155e-05 9.999982e-01 1.044370e+02
9.999849e-01 -1.599664e-04 5.480884e-03 -5.497854e-01 1.613961e-04 1.000000e+00 -2.600490e-04 -2.668399e+00 -5.480748e-03 2.609269e-04 9.999849e-01 1.050175e+02
9.999996e-01 3.540667e-05 8.596334e-04 -3.434914e-01 -3.545527e-05 1.000000e+00 5.881749e-05 -2.687820e+00 -8.595369e-04 -5.885070e-05 9.999996e-01 1.054637e+02
9.999578e-01 -2.388227e-04 9.179673e-03 -1.894571e-01 2.424852e-04 9.999999e-01 -3.976428e-04 -2.700516e+00 -9.179482e-03 3.998492e-04 9.999577e-01 1.057212e+02
9.999978e-01 7.553734e-05 -2.083805e-03 -2.377707e-01 -7.505995e-05 1.000000e+00 2.281873e-04 -2.718892e+00 2.083917e-03 -2.280332e-04 9.999977e-01 1.065067e+02
9.999480e-01 -2.381874e-04 1.019463e-02 -1.611177e-01 2.429196e-04 9.999999e-01 -4.627520e-04 -2.738512e+00 -1.019442e-02 4.652016e-04 9.999479e-01 1.071507e+02
9.999871e-01 1.171934e-04 -5.070902e-03 -1.658776e-01 -1.155459e-04 9.999999e-01 3.247783e-04 -2.754774e+00 5.071035e-03 -3.241910e-04 9.999870e-01 1.077751e+02
9.999608e-01 -2.052631e-04 8.844520e-03 -1.491219e-01 2.087439e-04 9.999999e-01 -3.923945e-04 -2.776335e+00 -8.844343e-03 3.942225e-04 9.999607e-01 1.085841e+02
9.999999e-01 5.300800e-05 -1.804807e-04 -8.475978e-02 -5.296576e-05 1.000000e+00 2.222059e-04 -2.808237e+00 1.805882e-04 -2.221991e-04 9.999999e-01 1.097493e+02
9.999983e-01 -1.020428e-04 1.841434e-03 -1.215744e-02 1.024228e-04 1.000000e+00 -2.051181e-04 -2.834225e+00 -1.841318e-03 2.053035e-04 9.999982e-01 1.106553e+02
9.999987e-01 6.171770e-05 -1.615434e-03 -1.938116e-01 -6.132811e-05 1.000000e+00 2.398922e-04 -2.846909e+00 1.615544e-03 -2.397956e-04 9.999986e-01 1.113771e+02
9.999670e-01 -2.102032e-04 8.114910e-03 -2.027710e-01 2.134071e-04 9.999999e-01 -3.936970e-04 -2.866875e+00 -8.114730e-03 3.954130e-04 9.999669e-01 1.121662e+02
9.999789e-01 -5.841970e-05 6.496009e-03 -8.207204e-02 5.865494e-05 1.000000e+00 -3.568651e-05 -2.890434e+00 -6.495911e-03 3.606391e-05 9.999788e-01 1.129105e+02
1.000000e+00 -7.379458e-05 9.739583e-05 -1.797258e-02 7.381129e-05 1.000000e+00 -1.488230e-04 -2.910557e+00 -9.728832e-05 1.488273e-04 9.999999e-01 1.135872e+02
9.999999e-01 4.176484e-05 4.579858e-04 5.578518e-02 -4.183171e-05 1.000000e+00 1.508804e-04 -2.929736e+00 -4.578829e-04 -1.509024e-04 9.999998e-01 1.142025e+02
9.999642e-01 -2.324621e-04 8.450041e-03 9.654462e-02 2.360135e-04 9.999999e-01 -4.190285e-04 -2.946270e+00 -8.449845e-03 4.210049e-04 9.999641e-01 1.147747e+02
9.999650e-01 -1.022927e-04 8.365428e-03 1.226421e-01 1.030046e-04 1.000000e+00 -8.439683e-05 -2.964131e+00 -8.365322e-03 8.525263e-05 9.999649e-01 1.154406e+02
9.999946e-01 -1.190317e-04 3.257375e-03 1.479602e-01 1.197572e-04 1.000000e+00 -2.217938e-04 -2.987791e+00 -3.257251e-03 2.221797e-04 9.999946e-01 1.163330e+02
9.999733e-01 -6.727740e-05 7.305284e-03 2.924333e-01 6.782398e-05 1.000000e+00 -7.424607e-05 -3.013575e+00 -7.305181e-03 7.473660e-05 9.999733e-01 1.171300e+02
9.999773e-01 -1.902028e-04 6.734394e-03 3.812122e-01 1.924580e-04 9.999999e-01 -3.338648e-04 -3.037043e+00 -6.734232e-03 3.351503e-04 9.999772e-01 1.179148e+02
9.999968e-01 8.522856e-05 -2.516706e-03 3.623393e-01 -8.457434e-05 1.000000e+00 2.590721e-04 -3.057813e+00 2.516826e-03 -2.588614e-04 9.999967e-01 1.187506e+02
9.999690e-01 -2.001574e-04 7.868323e-03 3.585958e-01 2.028155e-04 9.999999e-01 -3.367107e-04 -3.083594e+00 -7.868157e-03 3.382931e-04 9.999689e-01 1.197714e+02
9.999999e-01 5.652167e-05 -4.356207e-04 4.043526e-01 -5.644637e-05 1.000000e+00 1.671161e-04 -3.108531e+00 4.357284e-04 -1.670945e-04 9.999998e-01 1.206813e+02
9.999990e-01 -5.355037e-05 1.400861e-03 8.096268e-01 5.386065e-05 1.000000e+00 -2.196800e-04 -3.129538e+00 -1.400751e-03 2.197523e-04 9.999989e-01 1.208971e+02
9.999999e-01 3.306988e-05 4.254917e-04 1.109362e+00 -3.314042e-05 1.000000e+00 1.717135e-04 -3.154522e+00 -4.253877e-04 -1.717305e-04 9.999998e-01 1.214308e+02
9.999999e-01 -6.987893e-05 4.108197e-04 1.169903e+00 6.994071e-05 1.000000e+00 -1.442820e-04 -3.177283e+00 -4.107112e-04 1.443078e-04 9.999998e-01 1.222167e+02
9.999999e-01 4.954333e-05 -3.410356e-04 1.270668e+00 -4.948338e-05 1.000000e+00 1.684054e-04 -3.198114e+00 3.411423e-04 -1.683915e-04 9.999999e-01 1.228601e+02
9.999993e-01 -1.003836e-04 1.106325e-03 1.325796e+00 1.006040e-04 1.000000e+00 -1.968948e-04 -3.210669e+00 -1.106206e-03 1.970030e-04 9.999993e-01 1.232410e+02
9.999821e-01 -6.530102e-05 5.980503e-03 1.328424e+00 6.527738e-05 1.000000e+00 4.571613e-06 -3.228083e+00 -5.980404e-03 -4.184147e-06 9.999821e-01 1.239079e+02
9.999988e-01 -8.130256e-05 1.494947e-03 1.368290e+00 8.161479e-05 1.000000e+00 -2.070887e-04 -3.248931e+00 -1.494831e-03 2.072075e-04 9.999988e-01 1.246555e+02
9.999901e-01 -5.810314e-05 4.447184e-03 1.374630e+00 5.781731e-05 1.000000e+00 6.498292e-05 -3.268824e+00 -4.447089e-03 -6.472817e-05 9.999901e-01 1.254143e+02
9.999949e-01 -2.631427e-05 -3.186452e-03 1.208434e+00 2.589444e-05 1.000000e+00 -1.326124e-04 -3.265922e+00 3.186554e-03 1.325262e-04 9.999949e-01 1.254832e+02
9.999530e-01 -9.651467e-05 9.695355e-03 1.553804e+00 9.756596e-05 1.000000e+00 -1.076906e-04 -3.277310e+00 -9.695246e-03 1.086284e-04 9.999529e-01 1.254236e+02
9.999968e-01 -4.857359e-05 -2.507535e-03 1.623975e+00 4.831259e-05 1.000000e+00 -1.052049e-04 -3.296627e+00 2.507639e-03 1.050804e-04 9.999968e-01 1.260604e+02
9.999935e-01 -3.361301e-06 3.579762e-03 1.654053e+00 3.215272e-06 1.000000e+00 4.154201e-05 -3.301911e+00 -3.579663e-03 -4.153328e-05 9.999935e-01 1.261768e+02
9.999993e-01 -6.368214e-05 -1.151446e-03 1.786448e+00 6.352798e-05 1.000000e+00 -1.362405e-04 -3.313060e+00 1.151554e-03 1.361642e-04 9.999993e-01 1.263939e+02
9.999946e-01 2.665319e-05 3.263538e-03 2.044073e+00 -2.685066e-05 1.000000e+00 6.128448e-05 -3.332007e+00 -3.263437e-03 -6.137484e-05 9.999946e-01 1.267412e+02
9.999998e-01 -1.082698e-04 5.519958e-04 2.121165e+00 1.083676e-04 1.000000e+00 -1.723382e-04 -3.350195e+00 -5.518780e-04 1.723949e-04 9.999998e-01 1.273170e+02
9.999997e-01 8.751794e-05 -7.638843e-04 2.239602e+00 -8.737543e-05 1.000000e+00 1.830366e-04 -3.367994e+00 7.639994e-04 -1.829728e-04 9.999996e-01 1.278076e+02
9.999995e-01 -1.109749e-04 9.110884e-04 2.376529e+00 1.111550e-04 1.000000e+00 -1.946561e-04 -3.383658e+00 -9.109677e-04 1.947542e-04 9.999995e-01 1.281911e+02
9.999998e-01 6.819292e-05 -6.159219e-04 2.317308e+00 -6.804097e-05 1.000000e+00 2.423207e-04 -3.402339e+00 6.160375e-04 -2.422818e-04 9.999997e-01 1.289986e+02
9.999946e-01 -1.398713e-04 3.257268e-03 2.336531e+00 1.406823e-04 1.000000e+00 -2.479136e-04 -3.426997e+00 -3.257134e-03 2.483674e-04 9.999946e-01 1.299303e+02
9.999998e-01 4.278041e-05 5.739228e-04 2.331558e+00 -4.288481e-05 1.000000e+00 1.866607e-04 -3.448880e+00 -5.738156e-04 -1.866883e-04 9.999998e-01 1.307877e+02
9.999993e-01 -6.605511e-05 -1.170689e-03 2.181074e+00 6.591090e-05 1.000000e+00 -1.255390e-04 -3.463178e+00 1.170797e-03 1.254587e-04 9.999993e-01 1.315337e+02
9.999994e-01 2.826818e-05 1.024722e-03 1.602153e+00 -2.834751e-05 1.000000e+00 8.006210e-05 -3.448274e+00 -1.024621e-03 -8.009417e-05 9.999994e-01 1.316663e+02
9.999999e-01 -9.205901e-05 4.353501e-04 1.255119e+00 9.211238e-05 1.000000e+00 -1.163128e-04 -3.450592e+00 -4.352403e-04 1.163498e-04 9.999998e-01 1.321932e+02
9.999992e-01 2.544758e-05 1.263615e-03 1.158976e+00 -2.568299e-05 1.000000e+00 1.884501e-04 -3.476352e+00 -1.263511e-03 -1.884854e-04 9.999991e-01 1.333662e+02
9.999996e-01 -1.035696e-04 7.952139e-04 1.014336e+00 1.037067e-04 1.000000e+00 -1.689173e-04 -3.495804e+00 -7.950972e-04 1.689967e-04 9.999996e-01 1.343401e+02
9.999989e-01 2.438770e-05 1.421073e-03 9.049675e-01 -2.460855e-05 1.000000e+00 1.573306e-04 -3.512675e+00 -1.420970e-03 -1.573685e-04 9.999989e-01 1.351471e+02
9.999994e-01 -6.607970e-05 -1.023401e-03 7.203261e-01 6.596476e-05 1.000000e+00 -1.150196e-04 -3.527017e+00 1.023507e-03 1.149490e-04 9.999994e-01 1.359492e+02
9.999989e-01 2.520605e-05 1.445874e-03 3.197690e-01 -2.539005e-05 1.000000e+00 1.291377e-04 -3.530542e+00 -1.445772e-03 -1.291773e-04 9.999989e-01 1.365927e+02
9.999998e-01 -7.642856e-05 -5.857054e-04 2.169255e-01 7.641825e-05 1.000000e+00 -2.232136e-05 -3.556864e+00 5.858063e-04 2.227353e-05 9.999998e-01 1.377988e+02
9.999999e-01 4.807128e-05 3.273292e-04 1.209460e-01 -4.811468e-05 1.000000e+00 1.409597e-04 -3.580817e+00 -3.272232e-04 -1.409785e-04 9.999999e-01 1.388884e+02
9.999993e-01 -6.284653e-05 -1.171994e-03 -8.904373e-02 6.280863e-05 1.000000e+00 -3.470935e-05 -3.597581e+00 1.172095e-03 3.463265e-05 9.999993e-01 1.398307e+02
9.999984e-01 1.070771e-04 -1.773711e-03 -5.448432e-01 -1.068159e-04 1.000000e+00 1.458318e-04 -3.596851e+00 1.773826e-03 -1.456452e-04 9.999984e-01 1.403444e+02
9.999995e-01 -7.172833e-05 -9.216962e-04 -9.094103e-01 7.169563e-05 1.000000e+00 -3.845469e-05 -3.600111e+00 9.217981e-04 3.838554e-05 9.999995e-01 1.409075e+02
9.999835e-01 2.081271e-04 -5.732870e-03 -1.197514e+00 -2.065108e-04 9.999999e-01 2.820423e-04 -3.605201e+00 5.733027e-03 -2.808568e-04 9.999835e-01 1.414393e+02
9.999989e-01 -1.355924e-04 1.465394e-03 -1.696444e+00 1.358608e-04 1.000000e+00 -1.812127e-04 -3.593432e+00 -1.465271e-03 1.814086e-04 9.999989e-01 1.415699e+02
9.999987e-01 1.066246e-04 -1.597567e-03 -2.130766e+00 -1.063406e-04 1.000000e+00 1.761822e-04 -3.591094e+00 1.597685e-03 -1.760151e-04 9.999987e-01 1.420052e+02
9.999994e-01 -1.292501e-04 1.015522e-03 -2.273845e+00 1.293570e-04 1.000000e+00 -1.026391e-04 -3.606893e+00 -1.015410e-03 1.027673e-04 9.999994e-01 1.428081e+02
9.999828e-01 2.034003e-04 -5.849480e-03 -2.273343e+00 -2.015622e-04 9.999999e-01 3.143604e-04 -3.626754e+00 5.849643e-03 -3.131789e-04 9.999828e-01 1.435518e+02
9.999716e-01 1.034111e-04 -7.528530e-03 -2.125080e+00 -1.020437e-04 1.000000e+00 1.816688e-04 -3.635061e+00 7.528648e-03 -1.808984e-04 9.999716e-01 1.436269e+02
9.999876e-01 1.867211e-04 -4.975939e-03 -2.197705e+00 -1.853329e-04 9.999999e-01 2.789292e-04 -3.644547e+00 4.976090e-03 -2.780065e-04 9.999875e-01 1.440673e+02
9.999985e-01 -1.415876e-04 1.725442e-03 -2.208238e+00 1.418295e-04 1.000000e+00 -1.386132e-04 -3.661085e+00 -1.725324e-03 1.388547e-04 9.999984e-01 1.446977e+02
9.999917e-01 1.567705e-04 -4.050130e-03 -2.358279e+00 -1.559710e-04 1.000000e+00 1.971108e-04 -3.662132e+00 4.050260e-03 -1.964805e-04 9.999917e-01 1.448896e+02
9.999979e-01 -1.357915e-04 2.022351e-03 -2.596538e+00 1.360685e-04 1.000000e+00 -1.355957e-04 -3.666351e+00 -2.022234e-03 1.358676e-04 9.999979e-01 1.453291e+02
9.999968e-01 1.134666e-04 -2.518740e-03 -2.645727e+00 -1.129054e-04 1.000000e+00 2.219587e-04 -3.686816e+00 2.518863e-03 -2.216766e-04 9.999967e-01 1.461936e+02
9.999999e-01 -7.745739e-05 -3.965079e-04 -2.650700e+00 7.742956e-05 1.000000e+00 -7.647375e-05 -3.706521e+00 3.966122e-04 7.644009e-05 9.999999e-01 1.469461e+02
9.999949e-01 1.375238e-04 -3.187797e-03 -2.381474e+00 -1.368352e-04 1.000000e+00 2.154542e-04 -3.730732e+00 3.187924e-03 -2.150199e-04 9.999948e-01 1.474788e+02
9.999961e-01 3.448503e-06 -2.786991e-03 -1.774230e+00 -3.502798e-06 1.000000e+00 -2.035715e-05 -3.759381e+00 2.787089e-03 2.036390e-05 9.999961e-01 1.476979e+02
9.999974e-01 1.192214e-04 -2.275556e-03 -1.177409e+00 -1.188116e-04 1.000000e+00 1.791318e-04 -3.786817e+00 2.275675e-03 -1.788638e-04 9.999973e-01 1.478823e+02
9.999986e-01 -6.592752e-05 1.641458e-03 -5.963595e-01 6.621365e-05 1.000000e+00 -1.727883e-04 -3.815222e+00 -1.641348e-03 1.728938e-04 9.999986e-01 1.481416e+02
9.999999e-01 4.490886e-05 1.640510e-04 -3.237557e-01 -4.492958e-05 1.000000e+00 1.411915e-04 -3.841092e+00 -1.639465e-04 -1.412018e-04 9.999999e-01 1.487633e+02
9.999978e-01 -5.261944e-05 2.080943e-03 1.240313e-01 5.301232e-05 1.000000e+00 -1.875805e-04 -3.872477e+00 -2.080835e-03 1.876874e-04 9.999978e-01 1.493595e+02
9.999984e-01 7.469022e-05 -1.784209e-03 6.521152e-01 -7.440937e-05 1.000000e+00 1.560982e-04 -3.897478e+00 1.784318e-03 -1.559681e-04 9.999983e-01 1.495594e+02
9.999995e-01 -9.119493e-05 9.018229e-04 5.046529e-01 9.136425e-05 1.000000e+00 -1.850170e-04 -3.892936e+00 -9.017079e-04 1.850963e-04 9.999995e-01 1.495027e+02
9.999835e-01 1.557944e-04 -5.727927e-03 6.308521e-01 -1.537828e-04 9.999999e-01 3.512088e-04 -3.909773e+00 5.728080e-03 -3.503251e-04 9.999835e-01 1.499341e+02
9.999937e-01 -7.197492e-05 3.541757e-03 1.480185e+00 7.293158e-05 1.000000e+00 -2.693029e-04 -3.947410e+00 -3.541639e-03 2.695566e-04 9.999936e-01 1.501993e+02
9.999995e-01 1.877228e-04 -9.698576e-04 2.941758e+00 -1.875341e-04 1.000000e+00 1.921802e-04 -4.002329e+00 9.699917e-04 -1.920011e-04 9.999995e-01 1.503241e+02
9.999924e-01 -9.596106e-05 3.889041e-03 4.136607e+00 9.714348e-05 9.999999e-01 -3.032352e-04 -4.047251e+00 -3.888913e-03 3.036078e-04 9.999923e-01 1.504121e+02
9.999987e-01 1.371654e-04 -1.596277e-03 4.923914e+00 -1.368527e-04 1.000000e+00 1.944903e-04 -4.080650e+00 1.596401e-03 -1.942745e-04 9.999986e-01 1.505946e+02
9.999961e-01 -5.000107e-05 2.794945e-03 6.103603e+00 5.066468e-05 1.000000e+00 -2.364979e-04 -4.127384e+00 -2.794835e-03 2.366357e-04 9.999960e-01 1.507916e+02
9.999982e-01 1.684852e-04 -1.846231e-03 7.539300e+00 -1.680711e-04 1.000000e+00 2.231477e-04 -4.183003e+00 1.846367e-03 -2.228399e-04 9.999982e-01 1.509992e+02
9.999981e-01 -2.901834e-05 1.930046e-03 9.132454e+00 2.939001e-05 1.000000e+00 -1.912951e-04 -4.243598e+00 -1.929942e-03 1.913486e-04 9.999981e-01 1.511946e+02
9.999969e-01 1.865959e-04 -2.472522e-03 1.091213e+01 -1.859798e-04 1.000000e+00 2.484305e-04 -4.306933e+00 2.472667e-03 -2.479728e-04 9.999969e-01 1.512517e+02
9.999973e-01 -2.072865e-05 2.313030e-03 1.279248e+01 2.119291e-05 1.000000e+00 -1.996605e-04 -4.373645e+00 -2.312927e-03 1.997061e-04 9.999972e-01 1.513061e+02
9.999931e-01 2.351364e-04 -3.709711e-03 1.498458e+01 -2.339181e-04 9.999999e-01 3.281862e-04 -4.453070e+00 3.709886e-03 -3.273190e-04 9.999930e-01 1.514443e+02
9.999955e-01 -3.144809e-05 2.997720e-03 1.708963e+01 3.212315e-05 1.000000e+00 -2.243581e-04 -4.531611e+00 -2.997614e-03 2.244506e-04 9.999954e-01 1.516582e+02
9.999962e-01 2.522164e-04 -2.742521e-03 1.945877e+01 -2.513790e-04 9.999999e-01 3.048048e-04 -4.618457e+00 2.742696e-03 -3.041170e-04 9.999961e-01 1.518569e+02
9.999979e-01 -7.762338e-05 2.031830e-03 2.137956e+01 7.801050e-05 1.000000e+00 -1.893030e-04 -4.694482e+00 -2.031717e-03 1.894583e-04 9.999979e-01 1.522373e+02
9.999955e-01 2.235626e-04 -2.974820e-03 2.307091e+01 -2.226715e-04 9.999999e-01 2.990983e-04 -4.762742e+00 2.974985e-03 -2.984373e-04 9.999955e-01 1.526177e+02
9.999919e-01 -6.500515e-05 4.010735e-03 2.493294e+01 6.608231e-05 1.000000e+00 -2.678639e-04 -4.835420e+00 -4.010619e-03 2.681239e-04 9.999919e-01 1.529307e+02
9.999881e-01 2.208819e-04 -4.855809e-03 2.663850e+01 -2.190670e-04 9.999999e-01 3.738103e-04 -4.904461e+00 4.855989e-03 -3.727449e-04 9.999881e-01 1.533074e+02
9.999973e-01 -2.070053e-05 2.321186e-03 2.851599e+01 2.118357e-05 1.000000e+00 -2.070991e-04 -4.977294e+00 -2.321083e-03 2.071450e-04 9.999972e-01 1.535841e+02
9.999957e-01 2.090133e-04 -2.920955e-03 3.046778e+01 -2.081532e-04 9.999999e-01 2.939669e-04 -5.050742e+00 2.921115e-03 -2.933603e-04 9.999956e-01 1.537973e+02
9.999995e-01 -5.625274e-05 9.886077e-04 3.201833e+01 5.643170e-05 1.000000e+00 -1.787188e-04 -5.111118e+00 -9.884996e-04 1.787718e-04 9.999994e-01 1.540377e+02
9.999821e-01 2.486228e-04 -5.974872e-03 3.353950e+01 -2.461911e-04 9.999999e-01 4.073479e-04 -5.171325e+00 5.975070e-03 -4.058723e-04 9.999820e-01 1.542826e+02
9.999968e-01 -7.054985e-05 2.496317e-03 3.515659e+01 7.110605e-05 1.000000e+00 -2.218366e-04 -5.235167e+00 -2.496204e-03 2.220107e-04 9.999968e-01 1.545562e+02
9.999979e-01 2.027089e-04 -2.008232e-03 3.670655e+01 -2.022158e-04 9.999999e-01 2.446554e-04 -5.296307e+00 2.008380e-03 -2.442514e-04 9.999979e-01 1.548297e+02
9.999999e-01 -7.512050e-05 4.536019e-04 3.812813e+01 7.518475e-05 1.000000e+00 -1.367856e-04 -5.354335e+00 -4.534938e-04 1.368170e-04 9.999998e-01 1.551555e+02
9.999980e-01 2.449202e-04 -1.952001e-03 3.999476e+01 -2.444079e-04 9.999999e-01 2.615592e-04 -5.424606e+00 1.952162e-03 -2.610843e-04 9.999980e-01 1.553762e+02
9.999938e-01 -4.641739e-05 3.505375e-03 4.223310e+01 4.731205e-05 1.000000e+00 -2.545253e-04 -5.505014e+00 -3.505265e-03 2.546869e-04 9.999938e-01 1.554875e+02
9.999969e-01 2.554512e-04 -2.462558e-03 4.454603e+01 -2.547465e-04 9.999999e-01 2.855639e-04 -5.587242e+00 2.462729e-03 -2.849383e-04 9.999969e-01 1.555695e+02
9.999982e-01 -2.902593e-05 1.872535e-03 4.691730e+01 2.935407e-05 1.000000e+00 -1.740703e-04 -5.673040e+00 -1.872432e-03 1.741223e-04 9.999982e-01 1.557183e+02
9.999989e-01 2.447453e-04 -1.433950e-03 4.926185e+01 -2.443942e-04 9.999999e-01 2.435030e-04 -5.758496e+00 1.434107e-03 -2.431549e-04 9.999989e-01 1.558929e+02
9.999994e-01 -1.447497e-05 1.023756e-03 5.166198e+01 1.461692e-05 1.000000e+00 -1.365765e-04 -5.845917e+00 -1.023657e-03 1.365888e-04 9.999994e-01 1.560689e+02
9.999992e-01 2.482905e-04 -1.180343e-03 5.411930e+01 -2.480086e-04 9.999999e-01 2.371623e-04 -5.935353e+00 1.180500e-03 -2.368720e-04 9.999992e-01 1.562507e+02
9.999997e-01 -6.257518e-05 6.582418e-04 5.614972e+01 6.266844e-05 1.000000e+00 -1.384834e-04 -6.012255e+00 -6.581353e-04 1.385221e-04 9.999997e-01 1.565198e+02
9.999990e-01 2.270636e-04 -1.397543e-03 5.802392e+01 -2.267161e-04 9.999999e-01 2.472769e-04 -6.085789e+00 1.397697e-03 -2.469623e-04 9.999989e-01 1.568700e+02
9.999990e-01 -4.622027e-05 1.353067e-03 6.003218e+01 4.646488e-05 1.000000e+00 -1.792214e-04 -6.160284e+00 -1.352961e-03 1.792815e-04 9.999990e-01 1.570662e+02
9.999981e-01 2.526252e-04 -1.932397e-03 6.223492e+01 -2.520984e-04 9.999999e-01 2.717698e-04 -6.239237e+00 1.932563e-03 -2.712846e-04 9.999980e-01 1.571782e+02
9.999989e-01 -7.662378e-05 1.431227e-03 6.417215e+01 7.692154e-05 1.000000e+00 -2.065679e-04 -6.308125e+00 -1.431113e-03 2.066753e-04 9.999989e-01 1.572543e+02
9.999957e-01 2.168986e-04 -2.918081e-03 6.574227e+01 -2.160705e-04 9.999999e-01 2.833687e-04 -6.363729e+00 2.918240e-03 -2.827394e-04 9.999956e-01 1.573018e+02
9.999988e-01 -9.134801e-05 1.527793e-03 6.718077e+01 9.167935e-05 1.000000e+00 -2.154851e-04 -6.415721e+00 -1.527676e-03 2.156225e-04 9.999987e-01 1.573820e+02
9.999949e-01 2.314003e-04 -3.177101e-03 6.870273e+01 -2.304614e-04 9.999999e-01 2.952196e-04 -6.469951e+00 3.177267e-03 -2.944884e-04 9.999948e-01 1.574312e+02
9.999971e-01 -8.150364e-05 2.380333e-03 7.038505e+01 8.207582e-05 1.000000e+00 -2.394416e-04 -6.529232e+00 -2.380216e-03 2.396338e-04 9.999971e-01 1.574662e+02
9.999891e-01 2.250550e-04 -4.650378e-03 7.188160e+01 -2.234567e-04 9.999999e-01 3.437696e-04 -6.582921e+00 4.650552e-03 -3.427292e-04 9.999891e-01 1.575207e+02
9.999976e-01 -1.040734e-04 2.178616e-03 7.316319e+01 1.046315e-04 1.000000e+00 -2.551610e-04 -6.627629e+00 -2.178492e-03 2.553859e-04 9.999975e-01 1.575020e+02
