1.000000e+00 -3.829757e-05 -1.998806e-05 -1.172517e-01 3.829678e-05 1.000000e+00 -4.027644e-05 9.377971e-04 1.998965e-05 4.027615e-05 9.999999e-01 6.804059e-02
1.000000e+00 5.186551e-06 -1.709552e-04 -6.714014e-02 -5.172017e-06 1.000000e+00 8.490930e-05 -1.959280e-02 1.709556e-04 -8.490794e-05 9.999999e-01 7.757711e-01
9.998908e-01 3.567733e-04 -1.477484e-02 -6.527679e-02 -3.488765e-04 9.999998e-01 5.370488e-04 -3.713393e-02 1.477502e-02 -5.318350e-04 9.998906e-01 1.424192e+00
9.999986e-01 -3.465010e-05 1.700246e-03 1.991705e-01 3.472940e-05 1.000000e+00 -4.659885e-05 -5.240101e-02 -1.700247e-03 4.665842e-05 9.999985e-01 1.617084e+00
9.997869e-01 4.940466e-04 -2.063663e-02 2.240127e-01 -4.775410e-04 9.999996e-01 8.047408e-04 -6.889643e-02 2.063702e-02 -7.947138e-04 9.997866e-01 2.179031e+00
9.999900e-01 -8.319476e-05 4.462302e-03 8.294659e-02 8.418572e-05 1.000000e+00 -2.218772e-04 -6.742809e-02 -4.462289e-03 2.222514e-04 9.999899e-01 2.296182e+00
9.999858e-01 6.232156e-05 -5.324788e-03 4.502193e-02 -6.121227e-05 1.000000e+00 2.084801e-04 -6.753994e-02 5.324795e-03 -2.081505e-04 9.999857e-01 2.306113e+00
9.999991e-01 4.143445e-06 1.351909e-03 3.374422e-03 -4.064857e-06 1.000000e+00 -5.810138e-05 -8.197233e-02 -1.351916e-03 5.809657e-05 9.999990e-01 2.904671e+00
9.999436e-01 1.934926e-04 -1.061752e-02 -2.292472e-02 -1.887946e-04 9.999999e-01 4.434714e-04 -9.893304e-02 1.061759e-02 -4.414411e-04 9.999434e-01 3.562890e+00
9.999676e-01 2.703018e-04 -8.051326e-03 -5.111354e-02 -2.680319e-04 9.999999e-01 2.829990e-04 -1.129767e-01 8.051392e-03 -2.808309e-04 9.999674e-01 4.122859e+00
9.999725e-01 -2.920626e-04 7.408741e-03 -4.951403e-02 2.942058e-04 9.999999e-01 -2.881836e-04 -1.190308e-01 -7.408666e-03 2.903562e-04 9.999724e-01 4.310694e+00
9.999725e-01 2.528414e-04 -7.408081e-03 -2.102529e-01 -2.511351e-04 9.999999e-01 2.312579e-04 -1.121024e-01 7.408130e-03 -2.293902e-04 9.999724e-01 4.201333e+00
9.999917e-01 -2.125038e-04 4.064852e-03 -4.467554e-01 2.131539e-04 1.000000e+00 -1.594984e-04 -1.085777e-01 -4.064828e-03 1.603643e-04 9.999916e-01 4.332566e+00
9.998784e-01 4.819957e-04 -1.558746e-02 -4.925276e-01 -4.725925e-04 9.999997e-01 6.069268e-04 -1.244571e-01 1.558774e-02 -5.994856e-04 9.998782e-01 4.991987e+00
9.999736e-01 8.610714e-05 -7.271249e-03 -5.228254e-01 -8.384111e-05 9.999999e-01 3.119366e-04 -1.388775e-01 7.271263e-03 -3.113177e-04 9.999734e-01 5.551495e+00
9.999129e-01 4.368340e-04 -1.319464e-02 -3.818638e-01 -4.310416e-04 9.999998e-01 4.418327e-04 -1.420959e-01 1.319481e-02 -4.361057e-04 9.999128e-01 5.455151e+00
9.999827e-01 -2.924028e-04 5.872725e-03 -2.815729e-01 2.936445e-04 9.999999e-01 -2.105548e-04 -1.383391e-01 -5.872679e-03 2.122767e-04 9.999826e-01 5.119589e+00
9.998028e-01 6.151832e-04 -1.984913e-02 -1.348997e-01 -6.014944e-04 9.999996e-01 6.956009e-04 -1.390501e-01 1.984953e-02 -6.835235e-04 9.998026e-01 4.896064e+00
9.999990e-01 -9.242751e-05 -1.397302e-03 8.240144e-02 9.256578e-05 1.000000e+00 9.879908e-05 -1.452931e-01 1.397273e-03 -9.892715e-05 9.999989e-01 4.800504e+00
9.998066e-01 6.217404e-04 -1.965639e-02 1.206074e-01 -6.084562e-04 9.999996e-01 6.817870e-04 -1.520840e-01 1.965678e-02 -6.696938e-04 9.998065e-01 4.977997e+00
9.998561e-01 -5.802177e-04 1.695407e-02 1.247472e-01 5.908656e-04 9.999996e-01 -6.230331e-04 -1.508187e-01 -1.695373e-02 6.329622e-04 9.998560e-01 4.888623e+00
9.997880e-01 6.432296e-04 -2.058080e-02 9.171920e-02 -6.285802e-04 9.999995e-01 7.182539e-04 -1.491227e-01 2.058123e-02 -7.051636e-04 9.997878e-01 4.809015e+00
9.997582e-01 -6.847261e-04 2.197733e-02 1.399794e-01 7.022789e-04 9.999994e-01 -7.909603e-04 -1.545609e-01 -2.197679e-02 8.062045e-04 9.997581e-01 4.908639e+00
9.992979e-01 1.077975e-03 -3.744934e-02 3.685370e-01 -1.027616e-03 9.999985e-01 1.363927e-03 -1.632167e-01 3.745073e-02 -1.324484e-03 9.992975e-01 4.880306e+00
9.999698e-01 -3.114105e-04 7.762351e-03 5.143613e-01 3.131855e-04 9.999999e-01 -2.274192e-04 -1.711558e-01 -7.762306e-03 2.298448e-04 9.999697e-01 4.946571e+00
9.997582e-01 6.514736e-04 -2.197766e-02 5.628748e-01 -6.351448e-04 9.999995e-01 7.499369e-04 -1.862864e-01 2.197811e-02 -7.357952e-04 9.997581e-01 5.429955e+00
9.997809e-01 -6.575626e-04 2.092084e-02 6.034935e-01 6.718715e-04 9.999995e-01 -6.769175e-04 -2.049651e-01 -2.092041e-02 6.908267e-04 9.997808e-01 6.068240e+00
9.997645e-01 6.609432e-04 -2.168995e-02 8.385731e-01 -6.461673e-04 9.999996e-01 6.882266e-04 -2.176268e-01 2.169037e-02 -6.740478e-04 9.997644e-01 6.185215e+00
9.997622e-01 -6.502429e-04 2.179635e-02 1.243332e+00 6.662586e-04 9.999995e-01 -7.275243e-04 -2.190632e-01 -2.179589e-02 7.418747e-04 9.997621e-01 5.672333e+00
9.997787e-01 6.074378e-04 -2.102600e-02 7.856869e-01 -5.946305e-04 9.999996e-01 6.153585e-04 -1.868914e-01 2.102633e-02 -6.027182e-04 9.997786e-01 4.940902e+00
9.997605e-01 -6.501374e-04 2.187691e-02 2.793513e-01 6.663891e-04 9.999995e-01 -7.355761e-04 -1.486198e-01 -2.187645e-02 7.499798e-04 9.997603e-01 4.035733e+00
9.997713e-01 6.172504e-04 -2.137553e-02 -8.801992e-02 -6.037223e-04 9.999996e-01 6.393135e-04 -1.129576e-01 2.137588e-02 -6.262610e-04 9.997712e-01 3.053708e+00
9.997661e-01 -6.450556e-04 2.161861e-02 -4.226361e-01 6.608857e-04 9.999995e-01 -7.250964e-04 -8.342887e-02 -2.161816e-02 7.392157e-04 9.997659e-01 2.269563e+00
9.997579e-01 6.270982e-04 -2.199537e-02 -7.103904e-01 -6.126486e-04 9.999996e-01 6.636624e-04 -5.935167e-02 2.199575e-02 -6.500248e-04 9.997578e-01 1.632263e+00
9.997597e-01 -6.460907e-04 2.191151e-02 -1.187406e+00 6.626460e-04 9.999995e-01 -7.482855e-04 -1.859521e-02 -2.191105e-02 7.626267e-04 9.997595e-01 5.888895e-01
9.997230e-01 6.577971e-04 -2.352482e-02 -1.545867e+00 -6.407262e-04 9.999995e-01 7.331769e-04 1.366721e-02 2.352526e-02 -7.178995e-04 9.997229e-01 -2.794428e-01
9.997240e-01 -6.730652e-04 2.348366e-02 -2.002031e+00 6.924096e-04 9.999994e-01 -8.156062e-04 5.676622e-02 -2.348313e-02 8.316428e-04 9.997238e-01 -1.440163e+00
9.997102e-01 6.657639e-04 -2.406218e-02 -2.424123e+00 -6.477577e-04 9.999995e-01 7.560965e-04 9.180127e-02 2.406265e-02 -7.402896e-04 9.997101e-01 -2.331903e+00
9.997519e-01 -6.456535e-04 2.226283e-02 -2.822474e+00 6.628283e-04 9.999995e-01 -7.640753e-04 1.153626e-01 -2.226235e-02 7.786435e-04 9.997518e-01 -2.802166e+00
9.997489e-01 6.185565e-04 -2.239895e-02 -3.353956e+00 -6.030269e-04 9.999996e-01 7.000576e-04 1.387869e-01 2.239934e-02 -6.863733e-04 9.997488e-01 -3.071693e+00
9.997454e-01 -6.534580e-04 2.255485e-02 -3.892317e+00 6.708939e-04 9.999995e-01 -7.654745e-04 1.610768e-01 -2.255436e-02 7.804128e-04 9.997452e-01 -3.273061e+00
9.997587e-01 6.024748e-04 -2.195917e-02 -4.390478e+00 -5.871925e-04 9.999996e-01 7.023743e-04 1.784557e-01 2.195956e-02 -6.893092e-04 9.997585e-01 -3.314840e+00
9.996524e-01 -7.392858e-04 2.635454e-02 -4.850310e+00 7.618983e-04 9.999994e-01 -8.479725e-04 1.875827e-01 -2.635392e-02 8.677585e-04 9.996522e-01 -3.061781e+00
9.997730e-01 5.638207e-04 -2.129864e-02 -5.279023e+00 -5.495761e-04 9.999996e-01 6.746415e-04 1.995083e-01 2.129898e-02 -6.627819e-04 9.997728e-01 -2.952847e+00
9.996637e-01 -7.142696e-04 2.592185e-02 -5.742636e+00 7.364380e-04 9.999994e-01 -8.456561e-04 2.142185e-01 -2.592125e-02 8.644629e-04 9.996635e-01 -2.906410e+00
9.996752e-01 6.737016e-04 -2.547551e-02 -6.011084e+00 -6.521841e-04 9.999994e-01 8.529277e-04 2.110446e-01 2.547604e-02 -8.360346e-04 9.996750e-01 -2.427604e+00
9.996907e-01 -6.879912e-04 2.485869e-02 -6.299237e+00 7.099569e-04 9.999994e-01 -8.747977e-04 2.226349e-01 -2.485810e-02 8.921771e-04 9.996905e-01 -2.528374e+00
9.995815e-01 7.744968e-04 -2.891867e-02 -6.618485e+00 -7.468370e-04 9.999993e-01 9.672510e-04 2.489338e-01 2.891937e-02 -9.452473e-04 9.995812e-01 -3.202283e+00
9.998767e-01 -4.582920e-04 1.569662e-02 -6.911984e+00 4.665052e-04 9.999998e-01 -5.195716e-04 2.709711e-01 -1.569641e-02 5.268314e-04 9.998766e-01 -3.731884e+00
9.996038e-01 7.585973e-04 -2.813599e-02 -7.228571e+00 -7.323002e-04 9.999993e-01 9.449275e-04 2.957309e-01 2.813665e-02 -9.239478e-04 9.996036e-01 -4.343496e+00
9.998956e-01 -4.292268e-04 1.444141e-02 -7.410958e+00 4.360579e-04 9.999998e-01 -4.698600e-04 3.109539e-01 -1.444123e-02 4.761096e-04 9.998955e-01 -4.756703e+00
9.991374e-01 1.130814e-03 -4.151206e-02 -7.447168e+00 -1.068846e-03 9.999983e-01 1.514934e-03 3.152167e-01 4.151367e-02 -1.469256e-03 9.991368e-01 -4.927913e+00
9.997174e-01 -6.674430e-04 2.376475e-02 -7.515017e+00 6.881666e-04 9.999994e-01 -8.638460e-04 3.154820e-01 -2.376419e-02 8.799575e-04 9.997171e-01 -4.903830e+00
9.988047e-01 1.332376e-03 -4.886117e-02 -7.644774e+00 -1.243596e-03 9.999975e-01 1.847349e-03 3.179057e-01 4.886347e-02 -1.784375e-03 9.988038e-01 -4.886087e+00
1.000000e+00 -1.788499e-05 -1.508223e-04 -7.722634e+00 1.789798e-05 1.000000e+00 8.341238e-05 3.169849e-01 1.507787e-04 -8.341331e-05 9.999999e-01 -4.772992e+00
9.991938e-01 1.069335e-03 -4.013134e-02 -7.724239e+00 -1.010400e-03 9.999984e-01 1.488802e-03 3.132628e-01 4.013282e-02 -1.447051e-03 9.991932e-01 -4.673855e+00
9.999730e-01 1.706933e-04 -7.346191e-03 -7.709367e+00 -1.680516e-04 9.999999e-01 3.601351e-04 3.083200e-01 7.346202e-03 -3.588888e-04 9.999729e-01 -4.543000e+00
9.990241e-01 1.183351e-03 -4.415334e-02 -7.759141e+00 -1.111089e-03 9.999980e-01 1.661096e-03 3.055002e-01 4.415516e-02 -1.610414e-03 9.990233e-01 -4.410210e+00
9.999271e-01 3.110129e-04 -1.206657e-02 -7.831589e+00 -3.043617e-04 9.999998e-01 5.529829e-04 3.027641e-01 1.206668e-02 -5.492677e-04 9.999270e-01 -4.233901e+00
9.992490e-01 1.035831e-03 -3.873542e-02 -7.880391e+00 -9.805881e-04 9.999985e-01 1.445110e-03 2.990325e-01 3.873679e-02 -1.406039e-03 9.992484e-01 -4.057535e+00
9.998753e-01 4.122669e-04 -1.578387e-02 -7.958352e+00 -4.011924e-04 9.999997e-01 7.047372e-04 2.963242e-01 1.578409e-02 -6.983145e-04 9.998751e-01 -3.874086e+00
9.991663e-01 1.085805e-03 -4.080991e-02 -7.993440e+00 -1.024450e-03 9.999983e-01 1.524286e-03 2.920882e-01 4.081143e-02 -1.481205e-03 9.991657e-01 -3.697470e+00
9.999119e-01 3.476747e-04 -1.326453e-02 -8.008556e+00 -3.397785e-04 9.999998e-01 5.974415e-04 2.879830e-01 1.326466e-02 -5.928792e-04 9.999118e-01 -3.547373e+00
9.991893e-01 1.065167e-03 -4.024312e-02 -8.022288e+00 -1.005273e-03 9.999984e-01 1.508467e-03 2.835022e-01 4.024459e-02 -1.466786e-03 9.991887e-01 -3.391085e+00
9.999100e-01 3.626199e-04 -1.341168e-02 -8.081707e+00 -3.545676e-04 9.999998e-01 6.026583e-04 2.803242e-01 1.341181e-02 -5.978459e-04 9.999098e-01 -3.212876e+00
9.994060e-01 8.992644e-04 -3.444857e-02 -8.101837e+00 -8.560224e-04 9.999988e-01 1.269944e-03 2.758643e-01 3.444959e-02 -1.239698e-03 9.994056e-01 -3.044444e+00
9.999643e-01 2.196752e-04 -8.447655e-03 -8.035003e+00 -2.163116e-04 9.999999e-01 3.988787e-04 2.692707e-01 8.447656e-03 -3.970341e-04 9.999642e-01 -2.915463e+00
9.992584e-01 1.017493e-03 -3.849097e-02 -8.048662e+00 -9.633064e-04 9.999985e-01 1.426255e-03 2.664375e-01 3.849228e-02 -1.388116e-03 9.992579e-01 -2.820333e+00
1.000000e+00 -6.281842e-06 -9.341568e-05 -7.992103e+00 6.289568e-06 1.000000e+00 6.187415e-05 2.635144e-01 9.332489e-05 -6.187170e-05 9.999999e-01 -2.819745e+00
9.991577e-01 1.081100e-03 -4.101936e-02 -7.945602e+00 -1.018766e-03 9.999983e-01 1.540459e-03 2.581248e-01 4.102086e-02 -1.497369e-03 9.991571e-01 -2.716114e+00
9.999872e-01 1.354761e-04 -5.046916e-03 -7.985631e+00 -1.341796e-04 1.000000e+00 2.568095e-04 2.561197e-01 5.046857e-03 -2.561260e-04 9.999872e-01 -2.619210e+00
9.995879e-01 7.647903e-04 -2.869551e-02 -8.044924e+00 -7.342638e-04 9.999992e-01 1.074254e-03 2.482772e-01 2.869621e-02 -1.052738e-03 9.995876e-01 -2.248786e+00
9.999485e-01 -2.850426e-04 1.013685e-02 -8.088950e+00 2.883314e-04 9.999999e-01 -3.227549e-04 2.383086e-01 -1.013685e-02 3.256641e-04 9.999485e-01 -1.841527e+00
9.994769e-01 8.745963e-04 -3.232872e-02 -8.136258e+00 -8.362409e-04 9.999989e-01 1.199853e-03 2.255071e-01 3.232964e-02 -1.172188e-03 9.994765e-01 -1.302057e+00
9.987597e-01 -1.176288e-03 4.977465e-02 -8.143667e+00 1.262134e-03 9.999978e-01 -1.693256e-03 2.104635e-01 -4.977264e-02 1.753981e-03 9.987590e-01 -7.070948e-01
9.997202e-01 7.239187e-04 -2.364045e-02 -8.207617e+00 -7.027089e-04 9.999993e-01 9.053844e-04 1.983570e-01 2.364099e-02 -8.885157e-04 9.997201e-01 -1.386634e-01
9.988471e-01 -1.150489e-03 4.799029e-02 -8.240917e+00 1.230076e-03 9.999979e-01 -1.628839e-03 1.844318e-01 -4.798841e-02 1.685996e-03 9.988464e-01 4.582035e-01
9.996897e-01 7.512622e-04 -2.489892e-02 -8.263718e+00 -7.279838e-04 9.999993e-01 9.438842e-04 1.699049e-01 2.489951e-02 -9.254622e-04 9.996895e-01 1.061630e+00
9.989372e-01 -1.117906e-03 4.607867e-02 -8.281827e+00 1.191014e-03 9.999981e-01 -1.559122e-03 1.544226e-01 -4.607693e-02 1.612349e-03 9.989365e-01 1.696254e+00
9.997345e-01 7.181854e-04 -2.302801e-02 -8.273279e+00 -6.983089e-04 9.999994e-01 8.710887e-04 1.389183e-01 2.302853e-02 -8.547737e-04 9.997344e-01 2.292915e+00
9.990196e-01 -1.097052e-03 4.425670e-02 -8.298428e+00 1.164066e-03 9.999982e-01 -1.488403e-03 1.237189e-01 -4.425507e-02 1.538464e-03 9.990190e-01 2.923636e+00
9.994775e-01 9.014507e-04 -3.230996e-02 -8.340713e+00 -8.638087e-04 9.999989e-01 1.178909e-03 1.071481e-01 3.231089e-02 -1.150381e-03 9.994771e-01 3.628101e+00
9.992211e-01 -9.995559e-04 3.944857e-02 -8.284251e+00 1.054573e-03 9.999985e-01 -1.373830e-03 9.059704e-02 -3.944722e-02 1.414364e-03 9.992206e-01 4.168490e+00
9.996305e-01 7.964409e-04 -2.716939e-02 -8.210776e+00 -7.691849e-04 9.999992e-01 1.013557e-03 7.366103e-02 2.717008e-02 -9.922811e-04 9.996303e-01 4.709561e+00
9.991312e-01 -1.038982e-03 4.166222e-02 -8.177494e+00 1.099488e-03 9.999984e-01 -1.429356e-03 5.713250e-02 -4.166076e-02 1.473925e-03 9.991307e-01 5.299888e+00
9.993042e-01 9.987459e-04 -3.728310e-02 -8.161947e+00 -9.491998e-04 9.999986e-01 1.346544e-03 4.014392e-02 3.728431e-02 -1.310215e-03 9.993038e-01 5.920743e+00
9.994107e-01 -9.099386e-04 3.431394e-02 -8.195498e+00 9.507827e-04 9.999989e-01 -1.173949e-03 2.304561e-02 -3.431292e-02 1.205885e-03 9.994103e-01 6.608624e+00
9.985708e-01 1.445383e-03 -5.342501e-02 -8.286996e+00 -1.342425e-03 9.999972e-01 1.962958e-03 1.047551e-02 5.342761e-02 -1.888430e-03 9.985699e-01 7.182731e+00
9.998293e-01 -4.938537e-04 1.846988e-02 -8.383679e+00 5.041500e-04 9.999997e-01 -5.526981e-04 2.086530e-03 -1.846969e-02 5.619184e-04 9.998292e-01 7.604870e+00
9.984025e-01 1.549095e-03 -5.647963e-02 -8.483409e+00 -1.433321e-03 9.999968e-01 2.090249e-03 -5.798963e-03 5.648260e-02 -2.005953e-03 9.984015e-01 8.019442e+00
9.997912e-01 -5.593077e-04 2.042647e-02 -8.584572e+00 5.728037e-04 9.999996e-01 -6.547563e-04 -9.383698e-03 -2.042619e-02 6.663231e-04 9.997911e-01 8.256059e+00
9.987822e-01 1.351864e-03 -4.931824e-02 -8.658945e+00 -1.264964e-03 9.999976e-01 1.793145e-03 -1.607793e-02 4.932045e-02 -1.728572e-03 9.987814e-01 8.579463e+00
9.995974e-01 -7.858742e-04 2.835948e-02 -8.771907e+00 8.135597e-04 9.999992e-01 -9.646239e-04 -2.200017e-02 -2.835879e-02 9.873109e-04 9.995973e-01 8.897635e+00
9.986679e-01 1.428335e-03 -5.157903e-02 -8.881388e+00 -1.332131e-03 9.999973e-01 1.899471e-03 -2.979182e-02 5.158150e-02 -1.828228e-03 9.986670e-01 9.302133e+00
9.992773e-01 -1.033679e-03 3.799709e-02 -8.932660e+00 1.084607e-03 9.999985e-01 -1.319650e-03 -4.371822e-02 -3.799577e-02 1.359912e-03 9.992769e-01 9.880614e+00
9.987828e-01 1.363487e-03 -4.930538e-02 -8.995903e+00 -1.276632e-03 9.999976e-01 1.792969e-03 -5.653460e-02 4.930761e-02 -1.727839e-03 9.987821e-01 1.042750e+01
9.989185e-01 -1.242987e-03 4.647898e-02 -8.886702e+00 1.320906e-03 9.999978e-01 -1.645706e-03 -7.199007e-02 -4.647693e-02 1.705324e-03 9.989178e-01 1.082818e+01
9.989592e-01 1.284394e-03 -4.559356e-02 -8.746151e+00 -1.210094e-03 9.999979e-01 1.657121e-03 -8.733480e-02 4.559549e-02 -1.600221e-03 9.989586e-01 1.118911e+01
9.989193e-01 -1.253613e-03 4.646047e-02 -8.726136e+00 1.329620e-03 9.999978e-01 -1.605044e-03 -1.048830e-01 -4.645846e-02 1.665087e-03 9.989188e-01 1.182029e+01
9.989393e-01 1.291422e-03 -4.602668e-02 -8.700081e+00 -1.215612e-03 9.999979e-01 1.674994e-03 -1.232884e-01 4.602865e-02 -1.617263e-03 9.989387e-01 1.247589e+01
9.989128e-01 -1.256756e-03 4.660022e-02 -8.656614e+00 1.332931e-03 9.999978e-01 -1.603562e-03 -1.431889e-01 -4.659820e-02 1.663937e-03 9.989123e-01 1.316702e+01
9.989267e-01 1.300897e-03 -4.629965e-02 -8.557511e+00 -1.224406e-03 9.999978e-01 1.680369e-03 -1.641631e-01 4.630164e-02 -1.621873e-03 9.989261e-01 1.382277e+01
9.988363e-01 -1.256188e-03 4.821140e-02 -8.304596e+00 1.338682e-03 9.999977e-01 -1.678792e-03 -1.860059e-01 -4.820927e-02 1.741381e-03 9.988357e-01 1.428876e+01
9.988568e-01 1.316938e-03 -4.778368e-02 -8.087776e+00 -1.236069e-03 9.999978e-01 1.721848e-03 -2.051244e-01 4.778574e-02 -1.660813e-03 9.988562e-01 1.468993e+01
9.988382e-01 -1.261646e-03 4.817331e-02 -7.901374e+00 1.343080e-03 9.999977e-01 -1.658047e-03 -2.264831e-01 -4.817120e-02 1.720824e-03 9.988376e-01 1.522836e+01
9.989002e-01 1.311931e-03 -4.686758e-02 -7.694835e+00 -1.233200e-03 9.999978e-01 1.708691e-03 -2.507707e-01 4.686962e-02 -1.649011e-03 9.988996e-01 1.586216e+01
9.988665e-01 -1.278246e-03 4.758184e-02 -7.673497e+00 1.357666e-03 9.999977e-01 -1.636806e-03 -2.700341e-01 -4.757974e-02 1.699554e-03 9.988659e-01 1.656142e+01
9.989173e-01 1.307840e-03 -4.650264e-02 -7.647260e+00 -1.230157e-03 9.999978e-01 1.699025e-03 -2.896822e-01 4.650466e-02 -1.639977e-03 9.989167e-01 1.726925e+01
9.987039e-01 -1.316389e-03 5.088004e-02 -7.580479e+00 1.407692e-03 9.999975e-01 -1.758625e-03 -3.087588e-01 -5.087770e-02 1.827973e-03 9.987032e-01 1.789643e+01
9.987771e-01 1.370634e-03 -4.942030e-02 -7.420903e+00 -1.282685e-03 9.999975e-01 1.811226e-03 -3.322718e-01 4.942257e-02 -1.745617e-03 9.987764e-01 1.856743e+01
9.987269e-01 -1.314076e-03 5.042664e-02 -7.221611e+00 1.403172e-03 9.999975e-01 -1.731431e-03 -3.585346e-01 -5.042434e-02 1.799987e-03 9.987262e-01 1.929736e+01
9.987441e-01 1.382267e-03 -5.008177e-02 -6.990188e+00 -1.292557e-03 9.999975e-01 1.823578e-03 -3.838999e-01 5.008406e-02 -1.756551e-03 9.987434e-01 1.993729e+01
9.984945e-01 -1.370920e-03 5.483420e-02 -6.776665e+00 1.476783e-03 9.999971e-01 -1.890085e-03 -4.068876e-01 -5.483155e-02 1.968221e-03 9.984936e-01 2.050787e+01
9.991003e-01 1.221426e-03 -4.239088e-02 -6.692117e+00 -1.156042e-03 9.999981e-01 1.566818e-03 -4.262377e-01 4.239262e-02 -1.516400e-03 9.990998e-01 2.113412e+01
9.989993e-01 -1.214875e-03 4.470771e-02 -6.652644e+00 1.284787e-03 9.999980e-01 -1.535012e-03 -4.484313e-01 -4.470585e-02 1.590920e-03 9.989989e-01 2.193067e+01
9.991185e-01 1.213407e-03 -4.196052e-02 -6.608428e+00 -1.148629e-03 9.999981e-01 1.567794e-03 -4.729558e-01 4.196225e-02 -1.518212e-03 9.991180e-01 2.281749e+01
9.989967e-01 -1.200658e-03 4.476698e-02 -6.418647e+00 1.272533e-03 9.999979e-01 -1.577020e-03 -4.968449e-01 -4.476509e-02 1.632409e-03 9.989961e-01 2.345681e+01
9.992821e-01 1.136825e-03 -3.786653e-02 -6.311828e+00 -1.083454e-03 9.999984e-01 1.429858e-03 -5.196757e-01 3.786800e-02 -1.387802e-03 9.992817e-01 2.417785e+01
9.991325e-01 -1.167447e-03 4.162713e-02 -6.265515e+00 1.228823e-03 9.999982e-01 -1.448809e-03 -5.428825e-01 -4.162546e-02 1.498708e-03 9.991321e-01 2.500776e+01
9.992604e-01 1.134227e-03 -3.843675e-02 -6.271746e+00 -1.079581e-03 9.999984e-01 1.442391e-03 -5.630404e-01 3.843823e-02 -1.399825e-03 9.992599e-01 2.579672e+01
9.989197e-01 -1.238571e-03 4.645254e-02 -6.226348e+00 1.314743e-03 9.999978e-01 -1.609195e-03 -5.843890e-01 -4.645054e-02 1.668533e-03 9.989191e-01 2.655302e+01
9.992726e-01 1.153511e-03 -3.811556e-02 -6.142830e+00 -1.099994e-03 9.999984e-01 1.424969e-03 -6.079158e-01 3.811705e-02 -1.382002e-03 9.992723e-01 2.734059e+01
9.992591e-01 -1.136665e-03 3.846915e-02 -6.052515e+00 1.190149e-03 9.999984e-01 -1.367357e-03 -6.280432e-01 -3.846763e-02 1.412131e-03 9.992588e-01 2.796620e+01
9.992674e-01 1.149243e-03 -3.825340e-02 -6.045540e+00 -1.094848e-03 9.999984e-01 1.442850e-03 -6.471531e-01 3.825490e-02 -1.399908e-03 9.992670e-01 2.868266e+01
9.991824e-01 -1.144921e-03 4.041102e-02 -5.890093e+00 1.203539e-03 9.999983e-01 -1.426196e-03 -6.717295e-01 -4.040941e-02 1.473670e-03 9.991821e-01 2.940575e+01
9.992496e-01 1.171461e-03 -3.871444e-02 -5.607600e+00 -1.115812e-03 9.999983e-01 1.458941e-03 -6.996985e-01 3.871599e-02 -1.414645e-03 9.992492e-01 3.008355e+01
9.991880e-01 -1.143317e-03 4.027466e-02 -5.327813e+00 1.201624e-03 9.999983e-01 -1.423489e-03 -7.271541e-01 -4.027306e-02 1.470731e-03 9.991876e-01 3.074753e+01
9.992333e-01 1.152950e-03 -3.913392e-02 -5.264721e+00 -1.095696e-03 9.999983e-01 1.484369e-03 -7.500136e-01 3.913547e-02 -1.440349e-03 9.992328e-01 3.153206e+01
9.989577e-01 -1.211881e-03 4.562793e-02 -5.009369e+00 1.288009e-03 9.999978e-01 -1.639039e-03 -7.699409e-01 -4.562593e-02 1.696103e-03 9.989571e-01 3.192484e+01
9.990663e-01 1.244613e-03 -4.318484e-02 -4.736425e+00 -1.174728e-03 9.999980e-01 1.643570e-03 -7.961486e-01 4.318670e-02 -1.591302e-03 9.990657e-01 3.254594e+01
9.990348e-01 -1.190024e-03 4.390870e-02 -4.371368e+00 1.260366e-03 9.999980e-01 -1.574309e-03 -8.253415e-01 -4.390683e-02 1.628133e-03 9.990342e-01 3.315555e+01
9.991721e-01 1.218030e-03 -4.066298e-02 -3.964585e+00 -1.155610e-03 9.999981e-01 1.558492e-03 -8.567381e-01 4.066471e-02 -1.510208e-03 9.991716e-01 3.379638e+01
9.985221e-01 -1.350697e-03 5.432971e-02 -3.601567e+00 1.455925e-03 9.999971e-01 -1.897256e-03 -8.885404e-01 -5.432709e-02 1.973555e-03 9.985212e-01 3.453162e+01
9.991346e-01 1.223761e-03 -4.157482e-02 -3.315901e+00 -1.159149e-03 9.999981e-01 1.578133e-03 -9.167104e-01 4.157658e-02 -1.528573e-03 9.991341e-01 3.522343e+01
9.985326e-01 -1.359731e-03 5.413551e-02 -3.037409e+00 1.464346e-03 9.999971e-01 -1.892803e-03 -9.428716e-01 -5.413288e-02 1.969302e-03 9.985317e-01 3.584385e+01
9.992201e-01 1.189374e-03 -3.946682e-02 -2.628867e+00 -1.132321e-03 9.999983e-01 1.467877e-03 -9.639896e-01 3.946840e-02 -1.422040e-03 9.992197e-01 3.608157e+01
9.987125e-01 -1.331373e-03 5.070920e-02 -2.537666e+00 1.420578e-03 9.999975e-01 -1.723087e-03 -9.885322e-01 -5.070687e-02 1.792908e-03 9.987119e-01 3.690386e+01
9.992071e-01 1.227819e-03 -3.979363e-02 -2.204702e+00 -1.171172e-03 9.999983e-01 1.446734e-03 -1.016015e+00 3.979524e-02 -1.398978e-03 9.992068e-01 3.749788e+01
9.988206e-01 -1.248819e-03 4.853682e-02 -1.609449e+00 1.330418e-03 9.999978e-01 -1.648855e-03 -1.052465e+00 -4.853474e-02 1.711488e-03 9.988200e-01 3.808847e+01
9.991028e-01 1.269994e-03 -4.233143e-02 -1.033659e+00 -1.206305e-03 9.999981e-01 1.530001e-03 -1.088023e+00 4.233320e-02 -1.477561e-03 9.991024e-01 3.867031e+01
9.987662e-01 -1.325027e-03 4.964137e-02 -8.117882e-01 1.409951e-03 9.999976e-01 -1.675743e-03 -1.113428e+00 -4.963912e-02 1.743670e-03 9.987656e-01 3.933575e+01
9.990551e-01 1.254397e-03 -4.344247e-02 -6.556328e-01 -1.188569e-03 9.999981e-01 1.541037e-03 -1.128291e+00 4.344423e-02 -1.487943e-03 9.990547e-01 3.967663e+01
9.985612e-01 -1.368778e-03 5.360631e-02 -5.788127e-01 1.465810e-03 9.999974e-01 -1.770781e-03 -1.149960e+00 -5.360384e-02 1.846813e-03 9.985605e-01 4.040514e+01
9.991063e-01 1.229980e-03 -4.224985e-02 -5.361630e-01 -1.166323e-03 9.999981e-01 1.531249e-03 -1.174669e+00 4.225157e-02 -1.480600e-03 9.991058e-01 4.131667e+01
9.987826e-01 -1.297939e-03 4.931069e-02 -5.053315e-01 1.379371e-03 9.999977e-01 -1.617364e-03 -1.201321e+00 -4.930857e-02 1.683416e-03 9.987821e-01 4.232344e+01
9.991255e-01 1.224272e-03 -4.179448e-02 -4.337432e-01 -1.163262e-03 9.999982e-01 1.484008e-03 -1.225628e+00 4.179614e-02 -1.434090e-03 9.991251e-01 4.316486e+01
9.989400e-01 -1.238974e-03 4.601440e-02 -3.450972e-01 1.309214e-03 9.999980e-01 -1.496334e-03 -1.252065e+00 -4.601254e-02 1.554993e-03 9.989396e-01 4.406723e+01
9.991228e-01 1.214914e-03 -4.185921e-02 -3.431452e-01 -1.153336e-03 9.999982e-01 1.495142e-03 -1.276531e+00 4.186086e-02 -1.445549e-03 9.991223e-01 4.502692e+01
9.989496e-01 -1.215780e-03 4.580610e-02 -1.489941e-01 1.286091e-03 9.999980e-01 -1.505491e-03 -1.305360e+00 -4.580427e-02 1.562824e-03 9.989491e-01 4.588101e+01
9.991308e-01 1.212225e-03 -4.166785e-02 1.934883e-02 -1.152081e-03 9.999983e-01 1.467361e-03 -1.331305e+00 4.166947e-02 -1.418078e-03 9.991304e-01 4.665751e+01
9.989207e-01 -1.257409e-03 4.643059e-02 2.131767e-02 1.328801e-03 9.999980e-01 -1.506738e-03 -1.353296e+00 -4.642868e-02 1.566812e-03 9.989203e-01 4.751559e+01
9.990607e-01 1.207749e-03 -4.331625e-02 -1.204188e-01 -1.143804e-03 9.999982e-01 1.500936e-03 -1.366237e+00 4.331790e-02 -1.449978e-03 9.990602e-01 4.820590e+01
9.989142e-01 -1.265070e-03 4.657025e-02 -3.457544e-01 1.337985e-03 9.999979e-01 -1.534511e-03 -1.372584e+00 -4.656829e-02 1.595158e-03 9.989138e-01 4.874019e+01
9.990811e-01 1.208331e-03 -4.284141e-02 -4.831842e-01 -1.144769e-03 9.999982e-01 1.508116e-03 -1.385588e+00 4.284307e-02 -1.457684e-03 9.990807e-01 4.942697e+01
9.988828e-01 -1.298558e-03 4.723737e-02 -8.611434e-01 1.376321e-03 9.999978e-01 -1.613694e-03 -1.379204e+00 -4.723526e-02 1.676908e-03 9.988823e-01 4.965797e+01
9.990825e-01 1.226705e-03 -4.280814e-02 -1.126003e+00 -1.162361e-03 9.999982e-01 1.527889e-03 -1.381668e+00 4.280985e-02 -1.476726e-03 9.990821e-01 5.008358e+01
9.988920e-01 -1.312155e-03 4.704335e-02 -1.611691e+00 1.391583e-03 9.999977e-01 -1.655643e-03 -1.363482e+00 -4.704116e-02 1.719277e-03 9.988914e-01 4.998101e+01
9.991622e-01 1.214874e-03 -4.090654e-02 -1.831981e+00 -1.155447e-03 9.999982e-01 1.476324e-03 -1.358415e+00 4.090818e-02 -1.427819e-03 9.991618e-01 5.003261e+01
9.989895e-01 -1.271848e-03 4.492595e-02 -2.078495e+00 1.345774e-03 9.999978e-01 -1.615251e-03 -1.346528e+00 -4.492388e-02 1.674083e-03 9.989889e-01 4.983587e+01
9.991386e-01 1.204165e-03 -4.147863e-02 -2.580983e+00 -1.142684e-03 9.999982e-01 1.505879e-03 -1.330333e+00 4.148028e-02 -1.457182e-03 9.991382e-01 4.982579e+01
9.990356e-01 -1.248784e-03 4.388992e-02 -2.988966e+00 1.320208e-03 9.999979e-01 -1.598350e-03 -1.306380e+00 -4.388791e-02 1.654756e-03 9.990350e-01 4.936325e+01
9.992049e-01 1.185228e-03 -3.985075e-02 -3.159001e+00 -1.127706e-03 9.999983e-01 1.465829e-03 -1.297428e+00 3.985234e-02 -1.419721e-03 9.992045e-01 4.918893e+01
9.990488e-01 -1.265325e-03 4.358685e-02 -3.545107e+00 1.335521e-03 9.999979e-01 -1.581376e-03 -1.283237e+00 -4.358484e-02 1.638086e-03 9.990483e-01 4.911306e+01
9.992297e-01 1.170303e-03 -3.922508e-02 -3.888556e+00 -1.113832e-03 9.999983e-01 1.461447e-03 -1.276057e+00 3.922664e-02 -1.416628e-03 9.992293e-01 4.926554e+01
9.991564e-01 -1.205496e-03 4.104961e-02 -4.108150e+00 1.268683e-03 9.999981e-01 -1.513218e-03 -1.256918e+00 -4.104779e-02 1.564024e-03 9.991559e-01 4.875807e+01
9.993425e-01 1.089002e-03 -3.623988e-02 -4.409861e+00 -1.040388e-03 9.999985e-01 1.360231e-03 -1.240681e+00 3.624123e-02 -1.321630e-03 9.993421e-01 4.849389e+01
9.990599e-01 -1.224737e-03 4.333339e-02 -4.560153e+00 1.291329e-03 9.999980e-01 -1.508734e-03 -1.252286e+00 -4.333154e-02 1.563276e-03 9.990594e-01 4.914304e+01
9.992984e-01 1.110145e-03 -3.743642e-02 -4.776980e+00 -1.059286e-03 9.999985e-01 1.378294e-03 -1.258587e+00 3.743781e-02 -1.337667e-03 9.992980e-01 4.965917e+01
9.986958e-01 -1.374564e-03 5.103751e-02 -5.052931e+00 1.466742e-03 9.999974e-01 -1.768645e-03 -1.255139e+00 -5.103502e-02 1.841200e-03 9.986951e-01 4.988528e+01
9.993685e-01 1.087711e-03 -3.551720e-02 -5.225722e+00 -1.041440e-03 9.999986e-01 1.321227e-03 -1.256117e+00 3.551850e-02 -1.283401e-03 9.993681e-01 5.015263e+01
9.988031e-01 -1.344549e-03 4.889203e-02 -5.390231e+00 1.430253e-03 9.999975e-01 -1.717936e-03 -1.251415e+00 -4.888968e-02 1.785811e-03 9.988025e-01 5.017808e+01
9.994257e-01 1.062540e-03 -3.386783e-02 -5.612260e+00 -1.020193e-03 9.999987e-01 1.267575e-03 -1.246751e+00 3.386905e-02 -1.232293e-03 9.994254e-01 5.028156e+01
9.989321e-01 -1.308417e-03 4.618266e-02 -5.862160e+00 1.386385e-03 9.999977e-01 -1.656223e-03 -1.233654e+00 -4.618046e-02 1.718484e-03 9.989316e-01 5.008200e+01
9.994678e-01 1.055158e-03 -3.260341e-02 -6.035261e+00 -1.015181e-03 9.999987e-01 1.242638e-03 -1.228337e+00 3.260460e-02 -1.208876e-03 9.994675e-01 5.008602e+01
9.991000e-01 -1.219802e-03 4.239935e-02 -6.061441e+00 1.283186e-03 9.999981e-01 -1.467719e-03 -1.246743e+00 -4.239756e-02 1.520807e-03 9.990996e-01 5.084540e+01
9.993527e-01 1.102508e-03 -3.595598e-02 -6.122810e+00 -1.054898e-03 9.999985e-01 1.343003e-03 -1.262285e+00 3.595733e-02 -1.304201e-03 9.993524e-01 5.153397e+01
9.987673e-01 -1.359454e-03 4.961922e-02 -6.326419e+00 1.446656e-03 9.999975e-01 -1.721518e-03 -1.265131e+00 -4.961683e-02 1.791181e-03 9.987666e-01 5.191479e+01
9.995310e-01 1.016710e-03 -3.060463e-02 -6.444155e+00 -9.815701e-04 9.999988e-01 1.163143e-03 -1.272226e+00 3.060570e-02 -1.132554e-03 9.995308e-01 5.234859e+01
9.985730e-01 -1.439084e-03 5.338477e-02 -6.615689e+00 1.540085e-03 9.999971e-01 -1.850833e-03 -1.269826e+00 -5.338202e-02 1.930412e-03 9.985722e-01 5.248577e+01
9.995625e-01 1.021624e-03 -2.955788e-02 -6.701389e+00 -9.884151e-04 9.999989e-01 1.138052e-03 -1.276929e+00 2.955894e-02 -1.108335e-03 9.995623e-01 5.287939e+01
9.986625e-01 -1.415993e-03 5.168396e-02 -6.776785e+00 1.509815e-03 9.999973e-01 -1.776267e-03 -1.287712e+00 -5.168138e-02 1.851927e-03 9.986618e-01 5.340548e+01
9.995444e-01 1.032040e-03 -3.016423e-02 -6.867689e+00 -9.977316e-04 9.999988e-01 1.152370e-03 -1.298093e+00 3.016531e-02 -1.121746e-03 9.995442e-01 5.393918e+01
9.987285e-01 -1.413316e-03 5.039214e-02 -7.102038e+00 1.503788e-03 9.999973e-01 -1.757471e-03 -1.295448e+00 -5.038959e-02 1.831018e-03 9.987279e-01 5.415012e+01
9.994996e-01 1.058019e-03 -3.161365e-02 -7.337021e+00 -1.020898e-03 9.999988e-01 1.190297e-03 -1.291192e+00 3.161480e-02 -1.157424e-03 9.994994e-01 5.429612e+01
9.988237e-01 -1.368211e-03 4.846981e-02 -7.509741e+00 1.451204e-03 9.999975e-01 -1.677077e-03 -1.295831e+00 -4.846746e-02 1.745447e-03 9.988232e-01 5.470234e+01
9.995937e-01 1.004711e-03 -2.848511e-02 -7.632008e+00 -9.746352e-04 9.999990e-01 1.069684e-03 -1.299194e+00 2.848609e-02 -1.041484e-03 9.995936e-01 5.499272e+01
9.988465e-01 -1.375422e-03 4.799745e-02 -7.869649e+00 1.457081e-03 9.999976e-01 -1.666347e-03 -1.294011e+00 -4.799510e-02 1.734364e-03 9.988460e-01 5.510049e+01
9.995408e-01 1.050075e-03 -3.028458e-02 -7.996123e+00 -1.016336e-03 9.999988e-01 1.129423e-03 -1.294059e+00 3.028567e-02 -1.098123e-03 9.995406e-01 5.526331e+01
9.988928e-01 -1.381919e-03 4.702372e-02 -8.214041e+00 1.460575e-03 9.999976e-01 -1.638347e-03 -1.285835e+00 -4.702140e-02 1.705218e-03 9.988923e-01 5.522291e+01
9.995931e-01 1.010358e-03 -2.850707e-02 -8.512958e+00 -9.803164e-04 9.999989e-01 1.067764e-03 -1.277458e+00 2.850806e-02 -1.039381e-03 9.995929e-01 5.529320e+01
9.988934e-01 -1.396552e-03 4.701016e-02 -8.898209e+00 1.475620e-03 9.999976e-01 -1.647256e-03 -1.258802e+00 -4.700780e-02 1.714805e-03 9.988930e-01 5.507197e+01
9.995165e-01 1.073001e-03 -3.107563e-02 -9.259938e+00 -1.037837e-03 9.999988e-01 1.147640e-03 -1.242873e+00 3.107677e-02 -1.114831e-03 9.995163e-01 5.492012e+01
9.989736e-01 -1.336688e-03 4.527616e-02 -9.468981e+00 1.410620e-03 9.999977e-01 -1.600987e-03 -1.232718e+00 -4.527397e-02 1.663214e-03 9.989731e-01 5.476888e+01
9.995762e-01 1.032625e-03 -2.909277e-02 -9.736783e+00 -1.001904e-03 9.999989e-01 1.070496e-03 -1.221227e+00 2.909379e-02 -1.040892e-03 9.995761e-01 5.465205e+01
9.989157e-01 -1.388610e-03 4.653444e-02 -1.011561e+01 1.465952e-03 9.999976e-01 -1.627936e-03 -1.200259e+00 -4.653212e-02 1.694391e-03 9.989153e-01 5.431303e+01
9.996152e-01 1.031382e-03 -2.772019e-02 -1.046088e+01 -1.003764e-03 9.999990e-01 1.010180e-03 -1.181354e+00 2.772115e-02 -9.819639e-04 9.996151e-01 5.400460e+01
9.988468e-01 -1.410952e-03 4.799004e-02 -1.068202e+01 1.492556e-03 9.999975e-01 -1.664628e-03 -1.164799e+00 -4.798762e-02 1.734339e-03 9.988463e-01 5.362234e+01
9.996082e-01 1.072919e-03 -2.796926e-02 -1.074007e+01 -1.045420e-03 9.999990e-01 9.977517e-04 -1.153821e+00 2.797026e-02 -9.681188e-04 9.996082e-01 5.323857e+01
9.988291e-01 -1.436912e-03 4.835691e-02 -1.098384e+01 1.519034e-03 9.999975e-01 -1.661524e-03 -1.138646e+00 -4.835445e-02 1.733037e-03 9.988286e-01 5.293899e+01
9.996810e-01 1.019896e-03 -2.523406e-02 -1.121532e+01 -9.971905e-04 9.999991e-01 9.123524e-04 -1.130379e+00 2.523492e-02 -8.868960e-04 9.996811e-01 5.291181e+01
9.988183e-01 -1.442693e-03 4.857965e-02 -1.137611e+01 1.525417e-03 9.999974e-01 -1.665804e-03 -1.119490e+00 -4.857717e-02 1.737942e-03 9.988178e-01 5.267767e+01
9.997106e-01 1.037515e-03 -2.403426e-02 -1.135182e+01 -1.017440e-03 9.999991e-01 8.474607e-04 -1.110257e+00 2.403508e-02 -8.227599e-04 9.997107e-01 5.226287e+01
9.986284e-01 -1.482447e-03 5.233573e-02 -1.120059e+01 1.577125e-03 9.999972e-01 -1.767780e-03 -1.105512e+00 -5.233300e-02 1.847898e-03 9.986279e-01 5.186994e+01
9.996594e-01 1.050733e-03 -2.607818e-02 -1.121648e+01 -1.027699e-03 9.999991e-01 8.966459e-04 -1.095182e+00 2.607906e-02 -8.695380e-04 9.996594e-01 5.146705e+01
9.983311e-01 -1.572793e-03 5.772759e-02 -1.119699e+01 1.685781e-03 9.999968e-01 -1.908616e-03 -1.086967e+00 -5.772443e-02 2.002749e-03 9.983304e-01 5.110430e+01
9.996652e-01 1.049365e-03 -2.585283e-02 -1.116075e+01 -1.027232e-03 9.999991e-01 8.693989e-04 -1.079514e+00 2.585369e-02 -8.425492e-04 9.996653e-01 5.075095e+01
9.983412e-01 -1.575630e-03 5.755309e-02 -1.117053e+01 1.686750e-03 9.999968e-01 -1.882208e-03 -1.070552e+00 -5.754997e-02 1.976165e-03 9.983406e-01 5.039838e+01
9.995830e-01 1.087657e-03 -2.885669e-02 -1.123932e+01 -1.060596e-03 9.999990e-01 9.530538e-04 -1.057359e+00 2.885767e-02 -9.220495e-04 9.995830e-01 4.995707e+01
9.985361e-01 -1.513474e-03 5.406898e-02 -1.126290e+01 1.610971e-03 9.999972e-01 -1.759662e-03 -1.044172e+00 -5.406618e-02 1.844191e-03 9.985356e-01 4.945124e+01
9.995944e-01 1.117807e-03 -2.845758e-02 -1.107751e+01 -1.092044e-03 9.999990e-01 9.208384e-04 -1.039997e+00 2.845857e-02 -8.893865e-04 9.995945e-01 4.903480e+01
9.984928e-01 -1.537651e-03 5.486191e-02 -1.092975e+01 1.637004e-03 9.999971e-01 -1.766064e-03 -1.033796e+00 -5.485905e-02 1.853212e-03 9.984923e-01 4.858872e+01
9.995430e-01 1.120753e-03 -3.020784e-02 -1.087163e+01 -1.091886e-03 9.999989e-01 9.721053e-04 -1.025068e+00 3.020889e-02 -9.386762e-04 9.995431e-01 4.814813e+01
9.985820e-01 -1.484168e-03 5.321517e-02 -1.062391e+01 1.576934e-03 9.999973e-01 -1.701280e-03 -1.025540e+00 -5.321251e-02 1.782786e-03 9.985815e-01 4.782264e+01
9.995649e-01 1.103778e-03 -2.947666e-02 -1.040076e+01 -1.076777e-03 9.999990e-01 9.318795e-04 -1.024240e+00 2.947765e-02 -8.997331e-04 9.995649e-01 4.746064e+01
9.986449e-01 -1.478124e-03 5.202167e-02 -1.023149e+01 1.565890e-03 9.999974e-01 -1.646400e-03 -1.020498e+00 -5.201911e-02 1.725630e-03 9.986445e-01 4.706980e+01
9.995275e-01 1.157938e-03 -3.071619e-02 -9.832417e+00 -1.128925e-03 9.999989e-01 9.618790e-04 -1.027120e+00 3.071727e-02 -9.267472e-04 9.995276e-01 4.678745e+01
9.986216e-01 -1.482139e-03 5.246714e-02 -9.433881e+00 1.570817e-03 9.999974e-01 -1.648969e-03 -1.033043e+00 -5.246456e-02 1.729113e-03 9.986212e-01 4.647962e+01
9.994314e-01 1.198926e-03 -3.369579e-02 -9.069103e+00 -1.164174e-03 9.999988e-01 1.050970e-03 -1.036307e+00 3.369701e-02 -1.011143e-03 9.994315e-01 4.610790e+01
9.985648e-01 -1.495560e-03 5.353626e-02 -8.706363e+00 1.587238e-03 9.999973e-01 -1.669973e-03 -1.041446e+00 -5.353361e-02 1.752552e-03 9.985644e-01 4.581049e+01
9.995185e-01 1.127005e-03 -3.100795e-02 -8.543445e+00 -1.098335e-03 9.999990e-01 9.416101e-04 -1.039250e+00 3.100898e-02 -9.070989e-04 9.995186e-01 4.548766e+01
9.984479e-01 -1.528708e-03 5.567293e-02 -8.370683e+00 1.626743e-03 9.999972e-01 -1.715628e-03 -1.039322e+00 -5.567014e-02 1.803531e-03 9.984475e-01 4.523827e+01
9.992631e-01 1.264136e-03 -3.836225e-02 -8.160402e+00 -1.219914e-03 9.999986e-01 1.176149e-03 -1.042475e+00 3.836369e-02 -1.128483e-03 9.992631e-01 4.504994e+01
9.986681e-01 -1.457450e-03 5.157383e-02 -7.882807e+00 1.541103e-03 9.999976e-01 -1.582279e-03 -1.045586e+00 -5.157139e-02 1.659652e-03 9.986678e-01 4.477135e+01
9.993106e-01 1.246868e-03 -3.710385e-02 -7.569780e+00 -1.205951e-03 9.999986e-01 1.125135e-03 -1.049324e+00 3.710521e-02 -1.079613e-03 9.993107e-01 4.447498e+01
9.987778e-01 -1.423166e-03 4.940451e-02 -7.286007e+00 1.499389e-03 9.999977e-01 -1.505817e-03 -1.053765e+00 -4.940224e-02 1.578054e-03 9.987776e-01 4.424071e+01
9.993834e-01 1.208144e-03 -3.509070e-02 -6.992868e+00 -1.171679e-03 9.999988e-01 1.059684e-03 -1.063540e+00 3.509195e-02 -1.017915e-03 9.993835e-01 4.419843e+01
9.988567e-01 -1.415773e-03 4.778466e-02 -6.854585e+00 1.487064e-03 9.999978e-01 -1.456405e-03 -1.065091e+00 -4.778247e-02 1.525799e-03 9.988565e-01 4.403467e+01
9.996310e-01 1.058217e-03 -2.714471e-02 -6.767672e+00 -1.037203e-03 9.999992e-01 7.882279e-04 -1.065496e+00 2.714554e-02 -7.597822e-04 9.996311e-01 4.390114e+01
9.990022e-01 -1.334992e-03 4.464024e-02 -6.507697e+00 1.396740e-03 9.999981e-01 -1.352079e-03 -1.072293e+00 -4.463832e-02 1.413081e-03 9.990021e-01 4.379486e+01
9.994491e-01 1.166745e-03 -3.316961e-02 -6.170992e+00 -1.134727e-03 9.999989e-01 9.840700e-04 -1.082143e+00 3.317075e-02 -9.458892e-04 9.994492e-01 4.369948e+01
9.989712e-01 -1.330527e-03 4.532959e-02 -5.752040e+00 1.393951e-03 9.999981e-01 -1.367591e-03 -1.093725e+00 -4.532766e-02 1.429371e-03 9.989711e-01 4.357027e+01
9.990650e-01 1.381484e-03 -4.321200e-02 -5.256283e+00 -1.325848e-03 9.999983e-01 1.316134e-03 -1.111096e+00 4.321377e-02 -1.257611e-03 9.990650e-01 4.353134e+01
9.993341e-01 -1.186246e-03 3.646875e-02 -4.764894e+00 1.225378e-03 9.999987e-01 -1.050696e-03 -1.130357e+00 -3.646743e-02 1.094684e-03 9.993341e-01 4.354510e+01
9.989113e-01 1.478635e-03 -4.662741e-02 -4.206873e+00 -1.412239e-03 9.999979e-01 1.456868e-03 -1.153558e+00 4.662949e-02 -1.389433e-03 9.989112e-01 4.362129e+01
9.993912e-01 -1.138792e-03 3.487106e-02 -3.583081e+00 1.173753e-03 9.999988e-01 -9.821252e-04 -1.177156e+00 -3.486988e-02 1.022457e-03 9.993912e-01 4.362588e+01
9.985169e-01 1.677616e-03 -5.441651e-02 -3.122069e+00 -1.582944e-03 9.999972e-01 1.782825e-03 -1.195950e+00 5.441937e-02 -1.694042e-03 9.985166e-01 4.367712e+01
9.992895e-01 -1.213567e-03 3.767014e-02 -2.648043e+00 1.256065e-03 9.999986e-01 -1.104504e-03 -1.216096e+00 -3.766873e-02 1.151035e-03 9.992895e-01 4.375640e+01
9.985009e-01 1.695387e-03 -5.470932e-02 -2.202258e+00 -1.598867e-03 9.999971e-01 1.807946e-03 -1.235109e+00 5.471224e-02 -1.717763e-03 9.985006e-01 4.383172e+01
9.992640e-01 -1.234188e-03 3.834040e-02 -1.791691e+00 1.278962e-03 9.999985e-01 -1.143300e-03 -1.253632e+00 -3.833892e-02 1.191495e-03 9.992640e-01 4.393571e+01
9.990446e-01 1.398845e-03 -4.367999e-02 -1.394933e+00 -1.340387e-03 9.999982e-01 1.367578e-03 -1.275468e+00 4.368184e-02 -1.307723e-03 9.990445e-01 4.418104e+01
9.991157e-01 -1.298150e-03 4.202446e-02 -9.638367e-01 1.352766e-03 9.999983e-01 -1.271203e-03 -1.298611e+00 -4.202273e-02 1.326929e-03 9.991157e-01 4.443257e+01
9.990581e-01 1.401019e-03 -4.337047e-02 -5.173398e-01 -1.343619e-03 9.999982e-01 1.352617e-03 -1.321263e+00 4.337230e-02 -1.293069e-03 9.990580e-01 4.464472e+01
9.993334e-01 -1.210863e-03 3.648777e-02 -1.424523e-01 1.250930e-03 9.999986e-01 -1.075295e-03 -1.341747e+00 -3.648641e-02 1.120222e-03 9.993334e-01 4.485443e+01
9.985718e-01 1.686205e-03 -5.340032e-02 1.268557e-01 -1.593629e-03 9.999972e-01 1.776164e-03 -1.359071e+00 5.340317e-02 -1.688526e-03 9.985715e-01 4.511184e+01
9.991042e-01 -1.366339e-03 4.229668e-02 1.598300e-01 1.421808e-03 9.999982e-01 -1.281384e-03 -1.376521e+00 -4.229484e-02 1.340374e-03 9.991042e-01 4.570729e+01
9.983133e-01 1.825348e-03 -5.802727e-02 2.513453e-01 -1.714156e-03 9.999966e-01 1.965919e-03 -1.390840e+00 5.803067e-02 -1.863134e-03 9.983130e-01 4.609682e+01
9.991268e-01 -1.357880e-03 4.175923e-02 4.957769e-01 1.412665e-03 9.999982e-01 -1.282425e-03 -1.406996e+00 -4.175740e-02 1.340297e-03 9.991268e-01 4.634910e+01
9.981213e-01 1.920315e-03 -6.123794e-02 7.617237e-01 -1.794516e-03 9.999962e-01 2.109199e-03 -1.422894e+00 6.124176e-02 -1.995343e-03 9.981209e-01 4.655664e+01
