9.994527e-01 -6.083405e-04 3.307392e-02 2.971537e-02 6.428326e-04 9.999993e-01 -1.032255e-03 -1.379817e-02 -3.307326e-02 1.052951e-03 9.994523e-01 5.144748e-01
9.999985e-01 -3.576253e-05 1.740726e-03 5.208171e-02 3.586172e-05 1.000000e+00 -5.694893e-05 -2.688884e-02 -1.740717e-03 5.701153e-05 9.999984e-01 1.010344e+00
9.997191e-01 -4.320495e-04 2.369495e-02 8.541426e-02 4.494324e-04 9.999996e-01 -7.282882e-04 -4.262189e-02 -2.369462e-02 7.387332e-04 9.997189e-01 1.589646e+00
9.999831e-01 -1.240837e-04 5.805303e-03 1.317061e-01 1.251486e-04 1.000000e+00 -1.830722e-04 -5.915641e-02 -5.805268e-03 1.837957e-04 9.999830e-01 2.185649e+00
9.995018e-01 -5.652143e-04 3.155772e-02 2.045383e-01 5.963315e-04 9.999993e-01 -9.766362e-04 -7.597416e-02 -3.155713e-02 9.949685e-04 9.995014e-01 2.765847e+00
9.999206e-01 -2.387505e-04 1.260089e-02 2.649099e-01 2.439101e-04 9.999999e-01 -4.079306e-04 -9.109931e-02 -1.260077e-02 4.109715e-04 9.999204e-01 3.309103e+00
9.993782e-01 -6.268612e-04 3.525306e-02 2.897302e-01 6.663310e-04 9.999992e-01 -1.107877e-03 -1.007649e-01 -3.525231e-02 1.130678e-03 9.993777e-01 3.682364e+00
9.999952e-01 4.243956e-05 -3.086772e-03 3.134816e-01 -4.212608e-05 1.000000e+00 1.015948e-04 -1.139657e-01 3.086804e-03 -1.014647e-04 9.999951e-01 4.178082e+00
9.990597e-01 -7.748853e-04 4.334763e-02 3.552476e-01 8.345715e-04 9.999987e-01 -1.358838e-03 -1.278039e-01 -4.334649e-02 1.393737e-03 9.990590e-01 4.684252e+00
1.000000e+00 -9.643687e-06 2.523377e-04 4.090126e-01 9.642390e-06 1.000000e+00 5.747671e-06 -1.429134e-01 -2.523018e-04 -5.745961e-06 9.999999e-01 5.234344e+00
9.990044e-01 -7.906759e-04 4.460362e-02 4.990541e-01 8.535525e-04 9.999987e-01 -1.390643e-03 -1.613537e-01 -4.460242e-02 1.427329e-03 9.990037e-01 5.875121e+00
9.999345e-01 2.125266e-04 -1.144513e-02 5.772707e-01 -2.081627e-04 9.999999e-01 3.824567e-04 -1.797309e-01 1.144525e-02 -3.800502e-04 9.999343e-01 6.509571e+00
9.990456e-01 -7.850052e-04 4.367232e-02 6.164725e-01 8.461662e-04 9.999987e-01 -1.381979e-03 -1.952101e-01 -4.367113e-02 1.417613e-03 9.990449e-01 7.079233e+00
9.999945e-01 -4.669682e-05 3.314854e-03 6.896450e-01 4.699004e-05 1.000000e+00 -8.827297e-05 -2.106994e-01 -3.314800e-03 8.842702e-05 9.999944e-01 7.624271e+00
9.992849e-01 -6.841000e-04 3.780356e-02 7.857074e-01 7.292565e-04 9.999990e-01 -1.180717e-03 -2.295312e-01 -3.780266e-02 1.207440e-03 9.992844e-01 8.265453e+00
9.999651e-01 1.662268e-04 -8.351152e-03 8.507384e-01 -1.637148e-04 9.999999e-01 3.014183e-04 -2.504738e-01 8.351257e-03 -3.000420e-04 9.999650e-01 9.017495e+00
9.991491e-01 -7.524022e-04 4.123647e-02 9.090885e-01 8.057940e-04 9.999989e-01 -1.278154e-03 -2.729328e-01 -4.123540e-02 1.310293e-03 9.991485e-01 9.845183e+00
9.999744e-01 1.522495e-04 -7.145689e-03 9.752957e-01 -1.502971e-04 1.000000e+00 2.736789e-04 -2.974263e-01 7.145792e-03 -2.725996e-04 9.999743e-01 1.074431e+01
9.995152e-01 -5.781060e-04 3.112744e-02 1.023600e+00 6.084013e-04 9.999994e-01 -9.637843e-04 -3.217461e-01 -3.112680e-02 9.822533e-04 9.995149e-01 1.164248e+01
9.999875e-01 -7.455315e-05 4.988504e-03 1.109500e+00 7.529715e-05 1.000000e+00 -1.488141e-04 -3.412474e-01 -4.988427e-03 1.491860e-04 9.999875e-01 1.231348e+01
9.992304e-01 -7.161038e-04 3.921947e-02 1.170245e+00 7.657865e-04 9.999989e-01 -1.251760e-03 -3.531490e-01 -3.921846e-02 1.280829e-03 9.992298e-01 1.271776e+01
9.999046e-01 2.804111e-04 -1.380996e-02 1.268897e+00 -2.738946e-04 9.999999e-01 4.736981e-04 -3.712525e-01 1.381016e-02 -4.698725e-04 9.999044e-01 1.329176e+01
9.995368e-01 -5.693054e-04 3.042684e-02 1.343063e+00 5.988849e-04 9.999994e-01 -9.630203e-04 -3.919260e-01 -3.042620e-02 9.807943e-04 9.995364e-01 1.398985e+01
9.998883e-01 3.352317e-04 -1.493970e-02 1.691542e+00 -3.282797e-04 9.999998e-01 4.677179e-04 -4.152655e-01 1.493993e-02 -4.627634e-04 9.998882e-01 1.440356e+01
9.996457e-01 -5.163142e-04 2.661132e-02 1.916191e+00 5.384468e-04 9.999995e-01 -8.245055e-04 -4.383851e-01 -2.661081e-02 8.385400e-04 9.996454e-01 1.498289e+01
9.998028e-01 4.057063e-04 -1.985330e-02 1.956835e+00 -3.928279e-04 9.999997e-01 6.525239e-04 -4.592519e-01 1.985363e-02 -6.445985e-04 9.998026e-01 1.573192e+01
9.994896e-01 -6.143661e-04 3.194104e-02 1.978665e+00 6.457319e-04 9.999993e-01 -9.716560e-04 -4.813447e-01 -3.194034e-02 9.917831e-04 9.994892e-01 1.657222e+01
9.999014e-01 3.044975e-04 -1.404063e-02 2.038967e+00 -2.982653e-04 9.999999e-01 4.458834e-04 -5.025039e-01 1.404084e-02 -4.416538e-04 9.999012e-01 1.731637e+01
9.996490e-01 -5.270781e-04 2.648518e-02 2.057021e+00 5.482270e-04 9.999995e-01 -7.912212e-04 -5.230770e-01 -2.648467e-02 8.054611e-04 9.996488e-01 1.809939e+01
9.998869e-01 3.395665e-04 -1.503520e-02 2.104100e+00 -3.322097e-04 9.999998e-01 4.917230e-04 -5.476038e-01 1.503544e-02 -4.866749e-04 9.998868e-01 1.899770e+01
9.998346e-01 -4.056804e-04 1.818122e-02 2.115889e+00 4.151365e-04 9.999998e-01 -5.162672e-04 -5.709452e-01 -1.818093e-02 5.237271e-04 9.998345e-01 1.989481e+01
9.999649e-01 2.070554e-04 -8.368825e-03 2.084480e+00 -2.047514e-04 9.999999e-01 2.760170e-04 -5.925679e-01 8.368961e-03 -2.742961e-04 9.999649e-01 2.080191e+01
9.998604e-01 -3.825615e-04 1.670406e-02 2.013016e+00 3.901871e-04 9.999998e-01 -4.531835e-04 -6.149116e-01 -1.670380e-02 4.596355e-04 9.998603e-01 2.180246e+01
9.999142e-01 2.842758e-04 -1.309142e-02 1.916969e+00 -2.782909e-04 9.999999e-01 4.588893e-04 -6.400253e-01 1.309163e-02 -4.552091e-04 9.999141e-01 2.295368e+01
9.998859e-01 -3.529187e-04 1.510083e-02 1.864068e+00 3.593947e-04 9.999998e-01 -4.260663e-04 -6.634162e-01 -1.510059e-02 4.314425e-04 9.998858e-01 2.395710e+01
9.999113e-01 2.974115e-04 -1.331421e-02 1.855812e+00 -2.918139e-04 9.999999e-01 4.222708e-04 -6.829385e-01 1.331441e-02 -4.183505e-04 9.999112e-01 2.472060e+01
9.998864e-01 -3.665640e-04 1.507004e-02 1.779261e+00 3.725518e-04 9.999999e-01 -3.944517e-04 -7.039707e-01 -1.506981e-02 4.000189e-04 9.998863e-01 2.566112e+01
9.999103e-01 2.967841e-04 -1.338811e-02 1.514445e+00 -2.918536e-04 9.999999e-01 3.701358e-04 -7.121803e-01 1.338830e-02 -3.661976e-04 9.999102e-01 2.631536e+01
9.998880e-01 -3.646726e-04 1.496093e-02 1.349512e+00 3.703266e-04 9.999999e-01 -3.750684e-04 -7.253557e-01 -1.496071e-02 3.805644e-04 9.998879e-01 2.704150e+01
9.999141e-01 2.889353e-04 -1.309905e-02 1.220669e+00 -2.845999e-04 9.999999e-01 3.327373e-04 -7.358989e-01 1.309923e-02 -3.289831e-04 9.999141e-01 2.760144e+01
9.998897e-01 -3.588649e-04 1.484931e-02 1.040940e+00 3.638133e-04 9.999999e-01 -3.304627e-04 -7.504283e-01 -1.484911e-02 3.358262e-04 9.998896e-01 2.841148e+01
9.999047e-01 3.021204e-04 -1.380410e-02 6.102247e-01 -2.974509e-04 9.999999e-01 3.402272e-04 -7.549122e-01 1.380428e-02 -3.360911e-04 9.999046e-01 2.914464e+01
9.999038e-01 -3.396116e-04 1.386697e-02 1.070213e-01 3.444934e-04 9.999999e-01 -3.495711e-04 -7.514684e-01 -1.386677e-02 3.543122e-04 9.999037e-01 2.962959e+01
9.999015e-01 3.069893e-04 -1.403351e-02 -2.814090e-01 -3.026913e-04 9.999999e-01 3.082982e-04 -7.466892e-01 1.403368e-02 -3.040224e-04 9.999014e-01 2.988734e+01
9.999021e-01 -3.433409e-04 1.398714e-02 -8.028919e-01 3.479748e-04 9.999999e-01 -3.287770e-04 -7.409427e-01 -1.398694e-02 3.336096e-04 9.999020e-01 3.029741e+01
9.999444e-01 2.284251e-04 -1.053651e-02 -1.210205e+00 -2.261501e-04 1.000000e+00 2.169863e-04 -7.389517e-01 1.053664e-02 -2.145938e-04 9.999444e-01 3.072414e+01
9.999281e-01 -2.925129e-04 1.198481e-02 -1.464423e+00 2.957157e-04 9.999999e-01 -2.653579e-04 -7.437821e-01 -1.198465e-02 2.688805e-04 9.999281e-01 3.121214e+01
9.999420e-01 2.317207e-04 -1.076474e-02 -1.604846e+00 -2.288507e-04 9.999999e-01 2.677292e-04 -7.577111e-01 1.076488e-02 -2.652526e-04 9.999419e-01 3.193346e+01
9.998696e-01 -3.600536e-04 1.614047e-02 -1.632120e+00 3.669483e-04 9.999998e-01 -4.241346e-04 -7.722302e-01 -1.614024e-02 4.299996e-04 9.998696e-01 3.251908e+01
9.999937e-01 1.176277e-04 -3.553986e-03 -1.560670e+00 -1.175620e-04 1.000000e+00 1.832503e-05 -7.868989e-01 3.554071e-03 -1.790955e-05 9.999936e-01 3.297568e+01
9.998251e-01 -4.147020e-04 1.869639e-02 -1.568164e+00 4.241880e-04 9.999998e-01 -5.033359e-04 -7.992746e-01 -1.869609e-02 5.111761e-04 9.998250e-01 3.345753e+01
9.999977e-01 9.077968e-05 -2.135871e-03 -1.569054e+00 -9.075685e-05 1.000000e+00 1.012846e-05 -8.168238e-01 2.135955e-03 -9.937127e-06 9.999976e-01 3.415440e+01
9.998082e-01 -4.655779e-04 1.957732e-02 -1.778983e+00 4.765193e-04 9.999997e-01 -5.541498e-04 -8.217205e-01 -1.957697e-02 5.633699e-04 9.998081e-01 3.462461e+01
9.999688e-01 1.990118e-04 -7.899048e-03 -1.909362e+00 -1.972476e-04 1.000000e+00 2.239226e-04 -8.345007e-01 7.899177e-03 -2.223602e-04 9.999687e-01 3.530211e+01
9.998583e-01 -3.621697e-04 1.683041e-02 -1.711528e+00 3.710512e-04 9.999998e-01 -5.244976e-04 -8.486435e-01 -1.683013e-02 5.306655e-04 9.998581e-01 3.555237e+01
9.999554e-01 2.586211e-04 -9.440617e-03 -1.375493e+00 -2.563704e-04 9.999999e-01 2.394495e-04 -8.591095e-01 9.440764e-03 -2.370212e-04 9.999553e-01 3.548265e+01
9.998732e-01 -3.882980e-04 1.591524e-02 -1.338279e+00 3.953851e-04 9.999998e-01 -4.420610e-04 -8.750532e-01 -1.591498e-02 4.482949e-04 9.998732e-01 3.603986e+01
9.999119e-01 3.055671e-04 -1.327044e-02 -1.423062e+00 -2.995043e-04 9.999998e-01 4.587293e-04 -8.976754e-01 1.327066e-02 -4.547170e-04 9.999118e-01 3.706582e+01
9.998120e-01 -4.287522e-04 1.938216e-02 -1.434745e+00 4.398275e-04 9.999997e-01 -5.670804e-04 -9.217626e-01 -1.938182e-02 5.754959e-04 9.998119e-01 3.803568e+01
9.998446e-01 3.638454e-04 -1.762637e-02 -1.508813e+00 -3.524495e-04 9.999997e-01 6.495354e-04 -9.483660e-01 1.762669e-02 -6.432247e-04 9.998444e-01 3.921012e+01
9.998422e-01 -4.066401e-04 1.776032e-02 -1.596002e+00 4.157789e-04 9.999998e-01 -5.107852e-04 -9.762835e-01 -1.776002e-02 5.180863e-04 9.998421e-01 4.045707e+01
9.998425e-01 3.705468e-04 -1.774189e-02 -1.631976e+00 -3.592261e-04 9.999997e-01 6.411682e-04 -1.004097e+00 1.774221e-02 -6.346965e-04 9.998423e-01 4.161415e+01
9.998320e-01 -4.190215e-04 1.832482e-02 -1.692110e+00 4.286658e-04 9.999998e-01 -5.222883e-04 -1.031619e+00 -1.832451e-02 5.300531e-04 9.998319e-01 4.279984e+01
9.999359e-01 2.681957e-04 -1.132108e-02 -1.740235e+00 -2.633619e-04 9.999999e-01 4.283171e-04 -1.059795e+00 1.132128e-02 -4.253108e-04 9.999357e-01 4.400300e+01
9.995571e-01 -6.003029e-04 2.975349e-02 -1.736486e+00 6.268636e-04 9.999994e-01 -8.833201e-04 -1.091183e+00 -2.975286e-02 9.015775e-04 9.995568e-01 4.526677e+01
9.998158e-01 4.166022e-04 -1.918522e-02 -1.745633e+00 -4.031670e-04 9.999997e-01 7.040606e-04 -1.123987e+00 1.918559e-02 -6.961988e-04 9.998156e-01 4.660404e+01
9.998014e-01 -4.690418e-04 1.992133e-02 -1.783400e+00 4.798702e-04 9.999997e-01 -5.387008e-04 -1.158066e+00 -1.992098e-02 5.481507e-04 9.998013e-01 4.803082e+01
9.998173e-01 4.221801e-04 -1.910609e-02 -1.798099e+00 -4.096116e-04 9.999997e-01 6.616436e-04 -1.187723e+00 1.910645e-02 -6.536993e-04 9.998172e-01 4.923200e+01
9.998109e-01 -4.588043e-04 1.943757e-02 -1.793783e+00 4.697190e-04 9.999997e-01 -5.568801e-04 -1.214339e+00 -1.943722e-02 5.659023e-04 9.998108e-01 5.027194e+01
9.998038e-01 4.332534e-04 -1.980265e-02 -1.789699e+00 -4.190427e-04 9.999997e-01 7.216742e-04 -1.246125e+00 1.980304e-02 -7.132372e-04 9.998036e-01 5.152843e+01
9.997980e-01 -4.739647e-04 2.009323e-02 -1.806134e+00 4.856473e-04 9.999997e-01 -5.764633e-04 -1.276876e+00 -2.009287e-02 5.861024e-04 9.997979e-01 5.277779e+01
9.998341e-01 4.206518e-04 -1.820551e-02 -1.770001e+00 -4.092686e-04 9.999997e-01 6.288902e-04 -1.304402e+00 1.820585e-02 -6.213376e-04 9.998340e-01 5.380441e+01
9.996872e-01 -5.098099e-04 2.500544e-02 -1.503233e+00 5.298363e-04 9.999995e-01 -7.941989e-04 -1.333256e+00 -2.500493e-02 8.071965e-04 9.996869e-01 5.455794e+01
9.998512e-01 3.822859e-04 -1.724604e-02 -1.419391e+00 -3.718149e-04 9.999997e-01 6.102515e-04 -1.358470e+00 1.724636e-02 -6.037511e-04 9.998510e-01 5.541997e+01
9.998292e-01 -4.309244e-04 1.847654e-02 -1.404001e+00 4.411529e-04 9.999998e-01 -5.494325e-04 -1.383656e+00 -1.847621e-02 5.574869e-04 9.998291e-01 5.638174e+01
9.998346e-01 3.969012e-04 -1.818053e-02 -1.366493e+00 -3.852746e-04 9.999997e-01 6.429100e-04 -1.409872e+00 1.818087e-02 -6.358019e-04 9.998344e-01 5.735107e+01
9.998187e-01 -4.412411e-04 1.903285e-02 -1.361209e+00 4.521591e-04 9.999997e-01 -5.692514e-04 -1.434618e+00 -1.903250e-02 5.777514e-04 9.998186e-01 5.831110e+01
9.998570e-01 3.799761e-04 -1.690330e-02 -1.375324e+00 -3.700299e-04 9.999998e-01 5.914393e-04 -1.457766e+00 1.690361e-02 -5.851027e-04 9.998569e-01 5.923768e+01
9.998196e-01 -4.490922e-04 1.898947e-02 -1.407545e+00 4.596627e-04 9.999997e-01 -5.522049e-04 -1.481926e+00 -1.898912e-02 5.608312e-04 9.998195e-01 6.023759e+01
9.998306e-01 4.045419e-04 -1.840009e-02 -1.467040e+00 -3.922467e-04 9.999997e-01 6.717253e-04 -1.509162e+00 1.840045e-02 -6.643968e-04 9.998304e-01 6.141017e+01
9.998147e-01 -4.537605e-04 1.924457e-02 -1.517669e+00 4.648189e-04 9.999997e-01 -5.700717e-04 -1.535539e+00 -1.924422e-02 5.789085e-04 9.998146e-01 6.253323e+01
9.998217e-01 4.172732e-04 -1.887802e-02 -1.549440e+00 -4.049221e-04 9.999997e-01 6.579844e-04 -1.558853e+00 1.887838e-02 -6.502256e-04 9.998215e-01 6.349306e+01
9.998314e-01 -4.389303e-04 1.835763e-02 -1.524262e+00 4.491910e-04 9.999997e-01 -5.547223e-04 -1.582880e+00 -1.835730e-02 5.628721e-04 9.998313e-01 6.438894e+01
9.998222e-01 4.192786e-04 -1.885003e-02 -1.503918e+00 -4.071395e-04 9.999997e-01 6.477232e-04 -1.605458e+00 1.885039e-02 -6.399361e-04 9.998220e-01 6.523137e+01
9.998063e-01 -4.619856e-04 1.967490e-02 -1.515568e+00 4.737491e-04 9.999997e-01 -5.931538e-04 -1.627262e+00 -1.967453e-02 6.023572e-04 9.998062e-01 6.609455e+01
9.998562e-01 4.097559e-04 -1.695398e-02 -1.389044e+00 -3.998757e-04 9.999997e-01 5.860490e-04 -1.654483e+00 1.695431e-02 -5.791878e-04 9.998560e-01 6.696999e+01
9.998291e-01 -4.475120e-04 1.847868e-02 -1.235102e+00 4.575492e-04 9.999998e-01 -5.388650e-04 -1.683983e+00 -1.847834e-02 5.472252e-04 9.998290e-01 6.790417e+01
9.998459e-01 4.197587e-04 -1.755014e-02 -1.088365e+00 -4.094916e-04 9.999997e-01 5.885044e-04 -1.711209e+00 1.755047e-02 -5.812298e-04 9.998457e-01 6.875348e+01
9.998147e-01 -4.659531e-04 1.924380e-02 -1.025144e+00 4.767744e-04 9.999997e-01 -5.576585e-04 -1.736583e+00 -1.924345e-02 5.667275e-04 9.998146e-01 6.964616e+01
9.998366e-01 4.241946e-04 -1.806795e-02 -9.942921e-01 -4.129951e-04 9.999997e-01 6.234833e-04 -1.762647e+00 1.806830e-02 -6.159221e-04 9.998365e-01 7.061957e+01
9.998118e-01 -4.637592e-04 1.939495e-02 -9.188217e-01 4.750256e-04 9.999997e-01 -5.762057e-04 -1.788884e+00 -1.939459e-02 5.853076e-04 9.998117e-01 7.152822e+01
9.998224e-01 4.326256e-04 -1.883848e-02 -8.628767e-01 -4.208194e-04 9.999997e-01 6.305740e-04 -1.812118e+00 1.883883e-02 -6.225370e-04 9.998223e-01 7.234179e+01
9.998175e-01 -4.702969e-04 1.909480e-02 -8.973093e-01 4.806820e-04 9.999997e-01 -5.391990e-04 -1.835571e+00 -1.909445e-02 5.482764e-04 9.998175e-01 7.331217e+01
9.998264e-01 4.316923e-04 -1.862788e-02 -9.248694e-01 -4.205401e-04 9.999997e-01 6.024986e-04 -1.856386e+00 1.862823e-02 -5.945628e-04 9.998262e-01 7.415937e+01
9.997991e-01 -4.731867e-04 2.003690e-02 -8.790956e-01 4.846484e-04 9.999997e-01 -5.670942e-04 -1.880420e+00 -2.003653e-02 5.766885e-04 9.997990e-01 7.502388e+01
9.998406e-01 4.216284e-04 -1.784920e-02 -8.498212e-01 -4.112609e-04 9.999997e-01 5.844087e-04 -1.904815e+00 1.784953e-02 -5.769775e-04 9.998404e-01 7.593239e+01
9.997896e-01 -4.910151e-04 2.050467e-02 -8.541752e-01 5.031811e-04 9.999997e-01 -5.880908e-04 -1.927203e+00 -2.050428e-02 5.982820e-04 9.997895e-01 7.681196e+01
9.998728e-01 3.667726e-04 -1.594155e-02 -9.218623e-01 -3.586898e-04 9.999998e-01 5.097685e-04 -1.945354e+00 1.594183e-02 -5.039882e-04 9.998727e-01 7.761761e+01
9.998181e-01 -4.674847e-04 1.906532e-02 -1.012103e+00 4.782026e-04 9.999997e-01 -5.575241e-04 -1.961084e+00 -1.906497e-02 5.665370e-04 9.998180e-01 7.834688e+01
9.998762e-01 3.754861e-04 -1.572653e-02 -1.047321e+00 -3.673718e-04 9.999998e-01 5.187340e-04 -1.980725e+00 1.572681e-02 -5.128950e-04 9.998761e-01 7.916269e+01
9.998093e-01 -4.720841e-04 1.952145e-02 -1.077098e+00 4.829456e-04 9.999997e-01 -5.515930e-04 -2.003345e+00 -1.952110e-02 5.609129e-04 9.998092e-01 8.009507e+01
9.998438e-01 4.073078e-04 -1.766551e-02 -1.129397e+00 -3.967692e-04 9.999997e-01 5.999601e-04 -2.027105e+00 1.766584e-02 -5.928600e-04 9.998437e-01 8.111017e+01
9.997830e-01 -5.020933e-04 2.082518e-02 -1.182176e+00 5.148746e-04 9.999997e-01 -6.083016e-04 -2.049358e+00 -2.082478e-02 6.188892e-04 9.997829e-01 8.206546e+01
9.998675e-01 3.979859e-04 -1.626869e-02 -1.224296e+00 -3.891954e-04 9.999998e-01 5.433856e-04 -2.070528e+00 1.626900e-02 -5.369846e-04 9.998674e-01 8.295962e+01
9.998249e-01 -4.717162e-04 1.870412e-02 -1.248177e+00 4.811461e-04 9.999998e-01 -4.995708e-04 -2.096649e+00 -1.870379e-02 5.084800e-04 9.998249e-01 8.402886e+01
9.998622e-01 3.994979e-04 -1.659680e-02 -1.308345e+00 -3.901732e-04 9.999998e-01 5.649614e-04 -2.123083e+00 1.659711e-02 -5.584105e-04 9.998620e-01 8.517246e+01
9.998309e-01 -4.632203e-04 1.838409e-02 -1.342987e+00 4.732191e-04 9.999997e-01 -5.394393e-04 -2.145098e+00 -1.838374e-02 5.480450e-04 9.998308e-01 8.608474e+01
9.999449e-01 3.084181e-04 -1.049455e-02 -1.332436e+00 -3.047335e-04 9.999999e-01 3.525124e-04 -2.166894e+00 1.049475e-02 -3.492976e-04 9.999448e-01 8.692290e+01
9.996406e-01 -6.105553e-04 2.680092e-02 -1.292684e+00 6.325492e-04 9.999995e-01 -8.120994e-04 -2.188384e+00 -2.680032e-02 8.287576e-04 9.996404e-01 8.771351e+01
9.999697e-01 2.610680e-04 -7.771966e-03 -1.266891e+00 -2.589709e-04 9.999999e-01 2.705768e-04 -2.210480e+00 7.772129e-03 -2.685586e-04 9.999697e-01 8.855364e+01
9.998483e-01 -4.431213e-04 1.741285e-02 -1.269377e+00 4.518029e-04 9.999998e-01 -4.945322e-04 -2.234201e+00 -1.741253e-02 5.023216e-04 9.998482e-01 8.950082e+01
9.998982e-01 3.648668e-04 -1.426475e-02 -1.294643e+00 -3.576334e-04 9.999998e-01 5.094875e-04 -2.260073e+00 1.426503e-02 -5.043368e-04 9.998981e-01 9.056240e+01
9.997195e-01 -5.432533e-04 2.367705e-02 -1.283203e+00 5.605873e-04 9.999996e-01 -7.253863e-04 -2.283974e+00 -2.367655e-02 7.384530e-04 9.997193e-01 9.149223e+01
9.999084e-01 3.563628e-04 -1.352957e-02 -1.294914e+00 -3.497513e-04 9.999998e-01 4.908835e-04 -2.308079e+00 1.352984e-02 -4.861094e-04 9.999083e-01 9.246847e+01
9.998545e-01 -4.527892e-04 1.704764e-02 -1.357212e+00 4.610823e-04 9.999998e-01 -4.824203e-04 -2.333801e+00 -1.704732e-02 4.902076e-04 9.998545e-01 9.358643e+01
9.999115e-01 3.515677e-04 -1.329529e-02 -1.431789e+00 -3.453629e-04 9.999998e-01 4.688238e-04 -2.357374e+00 1.329555e-02 -4.641934e-04 9.999114e-01 9.463609e+01
9.997969e-01 -4.948598e-04 2.014482e-02 -1.462770e+00 5.070345e-04 9.999997e-01 -5.991565e-04 -2.380320e+00 -2.014442e-02 6.092461e-04 9.997968e-01 9.559116e+01
9.998344e-01 4.322476e-04 -1.819295e-02 -1.515174e+00 -4.209233e-04 9.999997e-01 6.261636e-04 -2.401915e+00 1.819331e-02 -6.184049e-04 9.998342e-01 9.651775e+01
9.998000e-01 -4.964958e-04 1.999104e-02 -1.602489e+00 5.089345e-04 9.999997e-01 -6.170298e-04 -2.419853e+00 -1.999063e-02 6.270776e-04 9.997999e-01 9.733854e+01
9.998685e-01 4.009683e-04 -1.620844e-02 -1.659349e+00 -3.927380e-04 9.999998e-01 5.108245e-04 -2.432062e+00 1.620874e-02 -5.043945e-04 9.998684e-01 9.785908e+01
9.998274e-01 -4.602634e-04 1.857351e-02 -1.729262e+00 4.709368e-04 9.999997e-01 -5.701770e-04 -2.444419e+00 -1.857315e-02 5.788226e-04 9.998273e-01 9.840255e+01
9.998929e-01 3.586660e-04 -1.462884e-02 -1.788408e+00 -3.518882e-04 9.999998e-01 4.657408e-04 -2.457622e+00 1.462910e-02 -4.605461e-04 9.998928e-01 9.897074e+01
9.998371e-01 -4.377504e-04 1.804137e-02 -1.820120e+00 4.477885e-04 9.999997e-01 -5.522460e-04 -2.472323e+00 -1.804103e-02 5.602319e-04 9.998370e-01 9.956365e+01
9.998444e-01 4.053432e-04 -1.763615e-02 -1.848682e+00 -3.946008e-04 9.999997e-01 6.124609e-04 -2.492494e+00 1.763649e-02 -6.054091e-04 9.998442e-01 1.003850e+02
9.998378e-01 -4.417454e-04 1.800563e-02 -1.858503e+00 4.520067e-04 9.999997e-01 -5.657142e-04 -2.511832e+00 -1.800528e-02 5.737582e-04 9.998377e-01 1.011396e+02
9.998420e-01 4.240478e-04 -1.776960e-02 -1.739103e+00 -4.130443e-04 9.999997e-01 6.227746e-04 -2.535952e+00 1.776996e-02 -6.153394e-04 9.998418e-01 1.018988e+02
9.998300e-01 -4.588241e-04 1.842845e-02 -1.693050e+00 4.694460e-04 9.999997e-01 -5.719532e-04 -2.558812e+00 -1.842809e-02 5.805042e-04 9.998300e-01 1.027130e+02
9.998935e-01 3.782065e-04 -1.458486e-02 -1.560429e+00 -3.715061e-04 9.999998e-01 4.619634e-04 -2.577284e+00 1.458513e-02 -4.564987e-04 9.998935e-01 1.032245e+02
9.997055e-01 -5.417893e-04 2.426021e-02 -1.380870e+00 5.601881e-04 9.999996e-01 -7.515168e-04 -2.597801e+00 -2.425970e-02 7.648828e-04 9.997053e-01 1.037594e+02
9.998319e-01 5.063139e-04 -1.832670e-02 -7.994001e-01 -4.961460e-04 9.999997e-01 5.592299e-04 -2.627439e+00 1.832708e-02 -5.500460e-04 9.998318e-01 1.040799e+02
9.996688e-01 -5.772569e-04 2.572657e-02 -2.865277e-01 5.980431e-04 9.999995e-01 -8.001979e-04 -2.653288e+00 -2.572600e-02 8.153156e-04 9.996686e-01 1.043496e+02
9.997946e-01 5.102401e-04 -2.025904e-02 5.701986e-02 -4.976889e-04 9.999997e-01 6.244587e-04 -2.674275e+00 2.025944e-02 -6.142506e-04 9.997945e-01 1.046657e+02
9.996452e-01 -6.308551e-04 2.662643e-02 1.019438e-01 6.521430e-04 9.999995e-01 -7.907447e-04 -2.692688e+00 -2.662582e-02 8.078255e-04 9.996451e-01 1.053031e+02
9.997415e-01 5.885414e-04 -2.272634e-02 4.471267e-01 -5.734277e-04 9.999996e-01 6.714396e-04 -2.714088e+00 2.272682e-02 -6.582370e-04 9.997414e-01 1.056268e+02
9.995345e-01 -7.106821e-04 3.049788e-02 6.725922e-01 7.390586e-04 9.999993e-01 -9.191056e-04 -2.730738e+00 -3.049710e-02 9.412145e-04 9.995343e-01 1.059414e+02
9.996071e-01 6.475003e-04 -2.802150e-02 5.544193e-01 -6.226371e-04 9.999994e-01 8.959185e-04 -2.744324e+00 2.802216e-02 -8.781222e-04 9.996069e-01 1.066152e+02
9.993261e-01 -7.934425e-04 3.669754e-02 6.669689e-01 8.356230e-04 9.999990e-01 -1.134023e-03 -2.762870e+00 -3.669651e-02 1.163921e-03 9.993257e-01 1.071687e+02
9.994460e-01 7.617183e-04 -3.327191e-02 7.774697e-01 -7.265036e-04 9.999992e-01 1.070395e-03 -2.782970e+00 3.327280e-02 -1.045632e-03 9.994457e-01 1.077802e+02
9.992667e-01 -8.344522e-04 3.827805e-02 8.033256e-01 8.791485e-04 9.999990e-01 -1.150798e-03 -2.804835e+00 -3.827695e-02 1.183604e-03 9.992664e-01 1.085894e+02
9.995249e-01 7.647657e-04 -3.081100e-02 1.142344e+00 -7.342246e-04 9.999992e-01 1.002462e-03 -2.838976e+00 3.081184e-02 -9.793660e-04 9.995247e-01 1.094470e+02
9.993858e-01 -7.825608e-04 3.503283e-02 1.500617e+00 8.202522e-04 9.999991e-01 -1.061462e-03 -2.869736e+00 -3.503187e-02 1.089542e-03 9.993855e-01 1.101421e+02
9.994240e-01 7.582414e-04 -3.392562e-02 1.319565e+00 -7.218767e-04 9.999992e-01 1.084056e-03 -2.881030e+00 3.392651e-02 -1.058945e-03 9.994237e-01 1.108037e+02
9.989864e-01 -9.380676e-04 4.500164e-02 1.333793e+00 1.000061e-03 9.999986e-01 -1.355039e-03 -2.901060e+00 -4.500020e-02 1.398667e-03 9.989859e-01 1.115628e+02
9.996584e-01 6.403460e-04 -2.612467e-02 1.532505e+00 -6.195033e-04 9.999995e-01 8.058034e-04 -2.924414e+00 2.612527e-02 -7.893468e-04 9.996583e-01 1.121977e+02
9.993669e-01 -7.964180e-04 3.556800e-02 1.608817e+00 8.346776e-04 9.999991e-01 -1.060770e-03 -2.943864e+00 -3.556703e-02 1.089783e-03 9.993666e-01 1.128358e+02
9.994182e-01 7.772053e-04 -3.409508e-02 1.641390e+00 -7.411635e-04 9.999992e-01 1.069643e-03 -2.962184e+00 3.409598e-02 -1.043754e-03 9.994180e-01 1.134792e+02
9.991121e-01 -9.066352e-04 4.212119e-02 1.713112e+00 9.616391e-04 9.999987e-01 -1.285547e-03 -2.978022e+00 -4.211987e-02 1.324908e-03 9.991116e-01 1.139746e+02
9.997386e-01 5.779541e-04 -2.285452e-02 1.792202e+00 -5.614958e-04 9.999996e-01 7.264268e-04 -2.998108e+00 2.285503e-02 -7.134073e-04 9.997385e-01 1.146501e+02
9.995557e-01 -6.982888e-04 2.979682e-02 1.802201e+00 7.243627e-04 9.999994e-01 -8.641844e-04 -3.021483e+00 -2.979610e-02 8.853811e-04 9.995555e-01 1.155497e+02
9.998306e-01 5.082247e-04 -1.839731e-02 1.937989e+00 -4.979485e-04 9.999997e-01 5.629942e-04 -3.046994e+00 1.839769e-02 -5.537410e-04 9.998305e-01 1.163488e+02
9.995731e-01 -6.915447e-04 2.920794e-02 2.025533e+00 7.167737e-04 9.999994e-01 -8.532194e-04 -3.069998e+00 -2.920723e-02 8.737875e-04 9.995729e-01 1.171170e+02
9.996801e-01 6.141301e-04 -2.528343e-02 2.006402e+00 -5.934594e-04 9.999995e-01 8.249394e-04 -3.093010e+00 2.528402e-02 -8.096739e-04 9.996799e-01 1.180476e+02
9.995216e-01 -7.132940e-04 3.092047e-02 2.019291e+00 7.413057e-04 9.999993e-01 -8.943842e-04 -3.119123e+00 -3.091971e-02 9.168747e-04 9.995214e-01 1.190566e+02
9.996244e-01 6.721769e-04 -2.739424e-02 2.186647e+00 -6.489049e-04 9.999994e-01 8.582946e-04 -3.145811e+00 2.739490e-02 -8.401990e-04 9.996243e-01 1.198565e+02
9.996115e-01 -6.437272e-04 2.786194e-02 2.597054e+00 6.678406e-04 9.999994e-01 -8.560644e-04 -3.170396e+00 -2.786127e-02 8.743361e-04 9.996114e-01 1.202014e+02
9.995279e-01 7.360051e-04 -3.071482e-02 3.010909e+00 -7.062510e-04 9.999993e-01 9.794649e-04 -3.195746e+00 3.071562e-02 -9.573131e-04 9.995277e-01 1.205716e+02
9.994624e-01 -7.414322e-04 3.277592e-02 3.236053e+00 7.739671e-04 9.999992e-01 -9.798868e-04 -3.221625e+00 -3.277506e-02 1.004724e-03 9.994622e-01 1.212532e+02
9.994722e-01 7.511809e-04 -3.247428e-02 3.369788e+00 -7.184154e-04 9.999992e-01 1.020533e-03 -3.242729e+00 3.247512e-02 -9.966675e-04 9.994720e-01 1.218622e+02
9.995120e-01 -7.075894e-04 3.122855e-02 3.591751e+00 7.379518e-04 9.999993e-01 -9.606634e-04 -3.260965e+00 -3.122775e-02 9.832366e-04 9.995118e-01 1.222220e+02
9.995392e-01 6.984094e-04 -3.034460e-02 3.651269e+00 -6.692318e-04 9.999993e-01 9.715903e-04 -3.278801e+00 3.034536e-02 -9.508382e-04 9.995390e-01 1.228020e+02
9.994414e-01 -7.458054e-04 3.341071e-02 3.688280e+00 7.800037e-04 9.999992e-01 -1.010467e-03 -3.298799e+00 -3.340983e-02 1.035960e-03 9.994411e-01 1.235122e+02
9.994979e-01 7.152549e-04 -3.167498e-02 3.701895e+00 -6.825534e-04 9.999992e-01 1.043115e-03 -3.320604e+00 3.167580e-02 -1.020974e-03 9.994976e-01 1.243342e+02
9.994341e-01 -7.328591e-04 3.362884e-02 3.955142e+00 7.701811e-04 9.999991e-01 -1.096799e-03 -3.334960e+00 -3.362790e-02 1.122075e-03 9.994337e-01 1.245089e+02
9.995041e-01 7.315303e-04 -3.147751e-02 4.320016e+00 -6.998116e-04 9.999992e-01 1.018574e-03 -3.348319e+00 3.147833e-02 -9.960432e-04 9.995039e-01 1.244935e+02
9.993309e-01 -8.037117e-04 3.656471e-02 4.389924e+00 8.456713e-04 9.999990e-01 -1.132016e-03 -3.367938e+00 -3.656367e-02 1.162178e-03 9.993306e-01 1.251394e+02
9.994140e-01 7.778767e-04 -3.421870e-02 4.456953e+00 -7.406390e-04 9.999991e-01 1.100799e-03 -3.386183e+00 3.421963e-02 -1.074814e-03 9.994137e-01 1.257276e+02
9.993431e-01 -7.842441e-04 3.623099e-02 4.667743e+00 8.261554e-04 9.999990e-01 -1.141748e-03 -3.404532e+00 -3.622996e-02 1.170927e-03 9.993427e-01 1.261126e+02
9.993765e-01 7.924694e-04 -3.529653e-02 4.814610e+00 -7.526299e-04 9.999991e-01 1.141894e-03 -3.421512e+00 3.529750e-02 -1.114620e-03 9.993762e-01 1.265344e+02
9.992169e-01 -8.331311e-04 3.955761e-02 4.891939e+00 8.816904e-04 9.999989e-01 -1.210060e-03 -3.443481e+00 -3.955645e-02 1.243986e-03 9.992165e-01 1.272658e+02
9.992211e-01 8.750579e-04 -3.944976e-02 5.169037e+00 -8.265389e-04 9.999989e-01 1.246109e-03 -3.465628e+00 3.945091e-02 -1.212534e-03 9.992207e-01 1.277040e+02
9.991927e-01 -8.716494e-04 4.016400e-02 5.193937e+00 9.209423e-04 9.999988e-01 -1.208736e-03 -3.483356e+00 -4.016280e-02 1.244746e-03 9.991923e-01 1.283352e+02
9.992062e-01 8.761623e-04 -3.982596e-02 5.166793e+00 -8.249414e-04 9.999988e-01 1.302459e-03 -3.504396e+00 3.982715e-02 -1.268574e-03 9.992057e-01 1.291888e+02
9.991351e-01 -8.963273e-04 4.157046e-02 5.152614e+00 9.481897e-04 9.999988e-01 -1.227810e-03 -3.528807e+00 -4.156921e-02 1.266162e-03 9.991348e-01 1.301680e+02
9.992422e-01 8.641891e-04 -3.891345e-02 5.142411e+00 -8.157491e-04 9.999989e-01 1.260596e-03 -3.552103e+00 3.891460e-02 -1.227900e-03 9.992417e-01 1.310935e+02
9.992632e-01 -8.505931e-04 3.837092e-02 5.079343e+00 8.955083e-04 9.999989e-01 -1.153305e-03 -3.571075e+00 -3.836980e-02 1.186814e-03 9.992628e-01 1.319175e+02
9.992578e-01 8.547345e-04 -3.850921e-02 4.783408e+00 -8.096110e-04 9.999990e-01 1.187256e-03 -3.574045e+00 3.851028e-02 -1.155201e-03 9.992575e-01 1.323886e+02
9.991938e-01 -8.827269e-04 4.013522e-02 4.718480e+00 9.292640e-04 9.999989e-01 -1.140797e-03 -3.593607e+00 -4.013407e-02 1.177170e-03 9.991936e-01 1.332467e+02
9.992698e-01 8.508157e-04 -3.819618e-02 4.632516e+00 -8.032835e-04 9.999989e-01 1.259673e-03 -3.621870e+00 3.819731e-02 -1.228074e-03 9.992694e-01 1.345098e+02
9.990918e-01 -9.358876e-04 4.259768e-02 4.526741e+00 9.924094e-04 9.999987e-01 -1.305680e-03 -3.638975e+00 -4.259630e-02 1.346765e-03 9.990914e-01 1.353254e+02
9.991737e-01 9.202618e-04 -4.063129e-02 4.490146e+00 -8.656618e-04 9.999987e-01 1.361289e-03 -3.660943e+00 4.063259e-02 -1.324995e-03 9.991732e-01 1.362394e+02
9.991549e-01 -9.200052e-04 4.109223e-02 4.433238e+00 9.724466e-04 9.999987e-01 -1.256147e-03 -3.682929e+00 -4.109093e-02 1.295042e-03 9.991545e-01 1.371860e+02
9.991663e-01 9.251882e-04 -4.081374e-02 4.201346e+00 -8.712277e-04 9.999987e-01 1.339808e-03 -3.695729e+00 4.081503e-02 -1.303136e-03 9.991658e-01 1.379907e+02
9.991335e-01 -9.359555e-04 4.160772e-02 4.111936e+00 9.868279e-04 9.999988e-01 -1.202076e-03 -3.721494e+00 -4.160644e-02 1.242091e-03 9.991332e-01 1.391512e+02
9.991274e-01 9.487238e-04 -4.175539e-02 4.022195e+00 -8.923942e-04 9.999987e-01 1.367584e-03 -3.747177e+00 4.175673e-02 -1.329131e-03 9.991269e-01 1.403064e+02
9.991585e-01 -9.198801e-04 4.100336e-02 3.812092e+00 9.716992e-04 9.999988e-01 -1.243795e-03 -3.761804e+00 -4.100207e-02 1.282588e-03 9.991582e-01 1.411538e+02
9.991352e-01 9.494423e-04 -4.156777e-02 3.290243e+00 -8.967331e-04 9.999988e-01 1.286584e-03 -3.755950e+00 4.156904e-02 -1.248200e-03 9.991348e-01 1.415533e+02
9.993244e-01 -8.181402e-04 3.674249e-02 2.932228e+00 8.590400e-04 9.999990e-01 -1.097295e-03 -3.755772e+00 -3.674145e-02 1.128114e-03 9.993241e-01 1.419600e+02
9.991243e-01 9.547562e-04 -4.182864e-02 2.778581e+00 -8.992379e-04 9.999987e-01 1.346002e-03 -3.769323e+00 4.182997e-02 -1.307212e-03 9.991238e-01 1.426669e+02
9.992191e-01 -8.846720e-04 3.950148e-02 2.574069e+00 9.329258e-04 9.999988e-01 -1.203082e-03 -3.779764e+00 -3.950027e-02 1.238991e-03 9.992187e-01 1.433130e+02
9.992080e-01 8.982971e-04 -3.977987e-02 2.071665e+00 -8.509457e-04 9.999989e-01 1.207175e-03 -3.770901e+00 3.978101e-02 -1.172372e-03 9.992077e-01 1.435681e+02
9.992271e-01 -8.829597e-04 3.929681e-02 1.767803e+00 9.286157e-04 9.999989e-01 -1.143514e-03 -3.776528e+00 -3.929566e-02 1.179119e-03 9.992269e-01 1.441576e+02
9.990914e-01 9.696245e-04 -4.260734e-02 1.716331e+00 -9.131243e-04 9.999987e-01 1.345437e-03 -3.795101e+00 4.260868e-02 -1.305312e-03 9.990909e-01 1.449330e+02
9.994408e-01 -7.464138e-04 3.342760e-02 1.790277e+00 7.785613e-04 9.999992e-01 -9.486182e-04 -3.813184e+00 -3.342677e-02 9.741100e-04 9.994406e-01 1.454960e+02
9.990911e-01 9.848175e-04 -4.261330e-02 1.809486e+00 -9.287124e-04 9.999987e-01 1.336317e-03 -3.830946e+00 4.261466e-02 -1.295530e-03 9.990907e-01 1.461367e+02
9.991382e-01 -9.474789e-04 4.149452e-02 1.805077e+00 9.989212e-04 9.999988e-01 -1.218956e-03 -3.849322e+00 -4.149321e-02 1.259352e-03 9.991379e-01 1.468381e+02
9.990562e-01 1.002263e-03 -4.342333e-02 1.688901e+00 -9.467868e-04 9.999987e-01 1.298049e-03 -3.851523e+00 4.342467e-02 -1.255714e-03 9.990559e-01 1.470210e+02
9.990821e-01 -9.733714e-04 4.282509e-02 1.443412e+00 1.027253e-03 9.999987e-01 -1.236132e-03 -3.856819e+00 -4.282374e-02 1.278986e-03 9.990818e-01 1.475113e+02
9.990469e-01 1.009205e-03 -4.363657e-02 1.447152e+00 -9.509782e-04 9.999986e-01 1.355030e-03 -3.876448e+00 4.363798e-02 -1.312245e-03 9.990465e-01 1.482524e+02
9.990465e-01 -9.818194e-04 4.364758e-02 1.517807e+00 1.037929e-03 9.999987e-01 -1.262814e-03 -3.898458e+00 -4.364619e-02 1.306910e-03 9.990461e-01 1.489936e+02
9.988692e-01 1.113723e-03 -4.752975e-02 1.900143e+00 -1.045577e-03 9.999984e-01 1.458533e-03 -3.924261e+00 4.753140e-02 -1.407191e-03 9.988687e-01 1.494278e+02
9.990972e-01 -9.344988e-04 4.247093e-02 2.495664e+00 9.879798e-04 9.999987e-01 -1.238203e-03 -3.952938e+00 -4.246962e-02 1.279042e-03 9.990969e-01 1.496673e+02
9.990128e-01 1.065949e-03 -4.440896e-02 3.138546e+00 -1.006696e-03 9.999986e-01 1.356537e-03 -3.984706e+00 4.441044e-02 -1.310495e-03 9.990125e-01 1.499751e+02
9.990372e-01 -9.733660e-04 4.385962e-02 3.714557e+00 1.030501e-03 9.999986e-01 -1.280038e-03 -4.015702e+00 -4.385821e-02 1.323999e-03 9.990368e-01 1.503571e+02
9.990556e-01 1.048003e-03 -4.343566e-02 4.262731e+00 -9.908971e-04 9.999986e-01 1.336158e-03 -4.047907e+00 4.343710e-02 -1.291859e-03 9.990553e-01 1.508335e+02
9.989862e-01 -9.860790e-04 4.500584e-02 4.820490e+00 1.045499e-03 9.999986e-01 -1.296706e-03 -4.082762e+00 -4.500440e-02 1.342442e-03 9.989858e-01 1.514136e+02
9.990104e-01 1.078152e-03 -4.446350e-02 5.519120e+00 -1.019342e-03 9.999986e-01 1.345251e-03 -4.117976e+00 4.446498e-02 -1.298599e-03 9.990100e-01 1.517949e+02
9.990600e-01 -1.018973e-03 4.333541e-02 5.802606e+00 1.075280e-03 9.999986e-01 -1.275982e-03 -4.136064e+00 -4.333395e-02 1.321377e-03 9.990597e-01 1.520666e+02
9.989323e-01 1.095143e-03 -4.618350e-02 5.722253e+00 -1.033064e-03 9.999985e-01 1.367970e-03 -4.136744e+00 4.618503e-02 -1.318802e-03 9.989320e-01 1.521145e+02
9.989582e-01 -1.023065e-03 4.562297e-02 6.192241e+00 1.085211e-03 9.999985e-01 -1.337358e-03 -4.154579e+00 -4.562143e-02 1.385472e-03 9.989578e-01 1.521238e+02
9.990222e-01 1.147556e-03 -4.419514e-02 7.243718e+00 -1.090096e-03 9.999985e-01 1.324154e-03 -4.192490e+00 4.419669e-02 -1.274686e-03 9.990220e-01 1.521250e+02
9.988860e-01 -1.039409e-03 4.717688e-02 8.107139e+00 1.106790e-03 9.999984e-01 -1.402103e-03 -4.223638e+00 -4.717525e-02 1.452753e-03 9.988855e-01 1.521202e+02
9.989568e-01 1.137808e-03 -4.565040e-02 8.890821e+00 -1.076730e-03 9.999985e-01 1.362462e-03 -4.252852e+00 4.565198e-02 -1.311890e-03 9.989565e-01 1.521455e+02
9.988956e-01 -9.911115e-04 4.697307e-02 1.017544e+01 1.055632e-03 9.999985e-01 -1.348715e-03 -4.299777e+00 -4.697157e-02 1.396809e-03 9.988952e-01 1.522067e+02
9.988718e-01 1.181909e-03 -4.747301e-02 1.173907e+01 -1.113868e-03 9.999983e-01 1.459631e-03 -4.356685e+00 4.747475e-02 -1.405109e-03 9.988714e-01 1.522868e+02
9.989131e-01 -9.684397e-04 4.659958e-02 1.352889e+01 1.030571e-03 9.999986e-01 -1.309243e-03 -4.421510e+00 -4.659814e-02 1.355841e-03 9.989127e-01 1.523729e+02
9.988677e-01 1.188970e-03 -4.755769e-02 1.547645e+01 -1.121304e-03 9.999983e-01 1.449420e-03 -4.486629e+00 4.755943e-02 -1.394455e-03 9.988674e-01 1.522748e+02
9.989381e-01 -9.681117e-04 4.606117e-02 1.744893e+01 1.028164e-03 9.999987e-01 -1.280023e-03 -4.552324e+00 -4.605977e-02 1.326020e-03 9.989377e-01 1.521665e+02
9.988370e-01 1.215383e-03 -4.819871e-02 1.954314e+01 -1.144832e-03 9.999982e-01 1.491273e-03 -4.624793e+00 4.820054e-02 -1.434362e-03 9.988366e-01 1.521550e+02
9.989090e-01 -9.548274e-04 4.668764e-02 2.186078e+01 1.015249e-03 9.999987e-01 -1.270408e-03 -4.706507e+00 -4.668626e-02 1.316418e-03 9.989087e-01 1.522113e+02
9.989109e-01 1.239959e-03 -4.664011e-02 2.450093e+01 -1.174097e-03 9.999983e-01 1.439430e-03 -4.798039e+00 4.664191e-02 -1.383105e-03 9.989107e-01 1.522240e+02
9.989394e-01 -1.008609e-03 4.603214e-02 2.664282e+01 1.067828e-03 9.999986e-01 -1.261839e-03 -4.874792e+00 -4.603070e-02 1.309652e-03 9.989391e-01 1.523344e+02
9.988596e-01 1.208270e-03 -4.772881e-02 2.835831e+01 -1.140459e-03 9.999983e-01 1.447911e-03 -4.938083e+00 4.773058e-02 -1.391830e-03 9.988592e-01 1.524778e+02
9.988882e-01 -9.784931e-04 4.712991e-02 3.037986e+01 1.040085e-03 9.999986e-01 -1.282296e-03 -5.011161e+00 -4.712849e-02 1.329887e-03 9.988879e-01 1.525838e+02
9.987831e-01 1.234020e-03 -4.930317e-02 3.245396e+01 -1.160739e-03 9.999982e-01 1.514890e-03 -5.087176e+00 4.930505e-02 -1.455821e-03 9.987827e-01 1.527291e+02
9.989864e-01 -9.598844e-04 4.500132e-02 3.456219e+01 1.014733e-03 9.999988e-01 -1.195938e-03 -5.163912e+00 -4.500002e-02 1.240387e-03 9.989862e-01 1.528375e+02
9.989105e-01 1.201571e-03 -4.665032e-02 3.661131e+01 -1.138148e-03 9.999984e-01 1.386021e-03 -5.236021e+00 4.665201e-02 -1.331419e-03 9.989103e-01 1.528588e+02
9.990513e-01 -9.831144e-04 4.353623e-02 3.832915e+01 1.034603e-03 9.999988e-01 -1.160096e-03 -5.297622e+00 -4.353494e-02 1.204035e-03 9.990511e-01 1.529032e+02
9.988473e-01 1.208298e-03 -4.798439e-02 3.989999e+01 -1.141099e-03 9.999983e-01 1.427754e-03 -5.355358e+00 4.798613e-02 -1.371356e-03 9.988470e-01 1.529830e+02
9.990383e-01 -9.578823e-04 4.383352e-02 4.184956e+01 1.008883e-03 9.999988e-01 -1.141339e-03 -5.424800e+00 -4.383227e-02 1.184461e-03 9.990381e-01 1.530194e+02
9.989809e-01 1.178299e-03 -4.511777e-02 4.373151e+01 -1.120295e-03 9.999985e-01 1.310808e-03 -5.493602e+00 4.511934e-02 -1.258930e-03 9.989808e-01 1.531357e+02
9.990579e-01 -9.577382e-04 4.338525e-02 4.566714e+01 1.007018e-03 9.999989e-01 -1.113963e-03 -5.563913e+00 -4.338404e-02 1.156601e-03 9.990577e-01 1.532400e+02
9.990092e-01 1.206856e-03 -4.448618e-02 4.800950e+01 -1.149874e-03 9.999985e-01 1.306399e-03 -5.645722e+00 4.448779e-02 -1.253954e-03 9.990091e-01 1.532691e+02
9.989946e-01 -9.592915e-04 4.481847e-02 5.046734e+01 1.012420e-03 9.999988e-01 -1.162672e-03 -5.729936e+00 -4.481720e-02 1.206875e-03 9.989944e-01 1.532424e+02
9.989900e-01 1.213256e-03 -4.491521e-02 5.290955e+01 -1.155605e-03 9.999985e-01 1.309453e-03 -5.812843e+00 4.491682e-02 -1.256229e-03 9.989899e-01 1.531817e+02
9.989886e-01 -9.437543e-04 4.495318e-02 5.557886e+01 9.955945e-04 9.999989e-01 -1.130780e-03 -5.905042e+00 -4.495196e-02 1.174389e-03 9.989884e-01 1.531848e+02
9.990032e-01 1.224669e-03 -4.461979e-02 5.833615e+01 -1.168182e-03 9.999985e-01 1.291961e-03 -5.999576e+00 4.462141e-02 -1.238552e-03 9.990031e-01 1.531659e+02
9.990049e-01 -9.440304e-04 4.459050e-02 6.112209e+01 9.942700e-04 9.999989e-01 -1.104473e-03 -6.095081e+00 -4.458931e-02 1.147707e-03 9.990047e-01 1.531467e+02
9.989942e-01 1.229723e-03 -4.482121e-02 6.390647e+01 -1.173070e-03 9.999985e-01 1.290216e-03 -6.190517e+00 4.482283e-02 -1.236343e-03 9.989941e-01 1.531315e+02
9.990249e-01 -9.786125e-04 4.413877e-02 6.638834e+01 1.027660e-03 9.999989e-01 -1.088483e-03 -6.277614e+00 -4.413755e-02 1.132778e-03 9.990248e-01 1.531990e+02
9.990079e-01 1.195930e-03 -4.451702e-02 6.853227e+01 -1.141613e-03 9.999986e-01 1.245498e-03 -6.354226e+00 4.451855e-02 -1.193443e-03 9.990078e-01 1.533068e+02
9.990213e-01 -9.567603e-04 4.421947e-02 7.092340e+01 1.005453e-03 9.999989e-01 -1.078888e-03 -6.436752e+00 -4.421829e-02 1.122290e-03 9.990212e-01 1.533118e+02
9.989977e-01 1.220472e-03 -4.474286e-02 7.348444e+01 -1.165667e-03 9.999985e-01 1.250907e-03 -6.523245e+00 4.474442e-02 -1.197500e-03 9.989977e-01 1.532450e+02
9.990866e-01 -9.884002e-04 4.271866e-02 7.566918e+01 1.033803e-03 9.999989e-01 -1.040715e-03 -6.597643e+00 -4.271749e-02 1.083924e-03 9.990865e-01 1.532032e+02
9.989857e-01 1.194329e-03 -4.501116e-02 7.752619e+01 -1.140308e-03 9.999986e-01 1.225786e-03 -6.660378e+00 4.501266e-02 -1.173218e-03 9.989857e-01 1.531345e+02
9.990789e-01 -1.001335e-03 4.289790e-02 7.927739e+01 1.047558e-03 9.999989e-01 -1.054991e-03 -6.719220e+00 -4.289670e-02 1.098955e-03 9.990788e-01 1.530500e+02
9.989782e-01 1.220987e-03 -4.517612e-02 8.123828e+01 -1.165832e-03 9.999985e-01 1.247165e-03 -6.785387e+00 4.517767e-02 -1.193226e-03 9.989782e-01 1.529714e+02
9.990230e-01 -1.012212e-03 4.418136e-02 8.324218e+01 1.061821e-03 9.999988e-01 -1.099341e-03 -6.852056e+00 -4.418010e-02 1.145177e-03 9.990229e-01 1.528639e+02
9.989332e-01 1.238433e-03 -4.616188e-02 8.527137e+01 -1.180247e-03 9.999985e-01 1.287677e-03 -6.920395e+00 4.616351e-02 -1.231823e-03 9.989331e-01 1.527815e+02
9.989643e-01 -1.039692e-03 4.548786e-02 8.714568e+01 1.093726e-03 9.999987e-01 -1.162956e-03 -6.982462e+00 -4.548649e-02 1.211501e-03 9.989642e-01 1.526598e+02
