1.000000e+00 -3.893254e-05 -1.273203e-04 -9.517358e-02 3.893105e-05 1.000000e+00 -1.182636e-05 -5.801132e-03 1.273208e-04 1.182188e-05 9.999999e-01 3.161102e-01
1.000000e+00 5.137562e-06 -1.101055e-04 -1.481259e-02 -5.128504e-06 1.000000e+00 8.209587e-05 -2.957708e-02 1.101059e-04 -8.209482e-05 9.999999e-01 1.113074e+00
9.999392e-01 2.505959e-04 -1.102125e-02 6.691495e-02 -2.463353e-04 9.999999e-01 3.879341e-04 -4.847261e-02 1.102135e-02 -3.851950e-04 9.999391e-01 1.689496e+00
9.999942e-01 1.132714e-04 -3.391591e-03 2.623856e-01 -1.127043e-04 1.000000e+00 1.674091e-04 -5.999774e-02 3.391607e-03 -1.670253e-04 9.999941e-01 1.848019e+00
9.999463e-01 2.159807e-04 -1.036295e-02 3.131314e-01 -2.119567e-04 9.999999e-01 3.893985e-04 -7.852107e-02 1.036303e-02 -3.871804e-04 9.999461e-01 2.464542e+00
9.999344e-01 3.532362e-04 -1.145205e-02 2.748111e-01 -3.483643e-04 9.999998e-01 4.274091e-04 -7.720894e-02 1.145219e-02 -4.233908e-04 9.999342e-01 2.456016e+00
9.999831e-01 -2.314526e-04 5.802496e-03 1.674062e-01 2.330537e-04 9.999999e-01 -2.752411e-04 -6.783630e-02 -5.802439e-03 2.765894e-04 9.999830e-01 2.188132e+00
9.999206e-01 3.739823e-04 -1.259281e-02 1.746900e-01 -3.674652e-04 9.999998e-01 5.198356e-04 -7.892127e-02 1.259300e-02 -5.151662e-04 9.999205e-01 2.579887e+00
9.999991e-01 -1.147743e-04 1.321684e-03 1.540204e-01 1.148179e-04 1.000000e+00 -3.289665e-05 -1.003781e-01 -1.321689e-03 3.304918e-05 9.999990e-01 3.425818e+00
9.998896e-01 4.344693e-04 -1.485053e-02 9.355332e-02 -4.263884e-04 9.999998e-01 5.473076e-04 -1.106422e-01 1.485075e-02 -5.409142e-04 9.998895e-01 3.880524e+00
9.998928e-01 -4.558241e-04 1.463635e-02 -3.985982e-02 4.647261e-04 9.999997e-01 -6.048078e-04 -1.000540e-01 -1.463608e-02 6.115457e-04 9.998926e-01 3.578989e+00
9.998974e-01 4.284492e-04 -1.431986e-02 -1.076590e-01 -4.208160e-04 9.999998e-01 5.360511e-04 -9.313696e-02 1.432008e-02 -5.299692e-04 9.998972e-01 3.336061e+00
9.999396e-01 -3.812698e-04 1.098575e-02 -2.503797e-01 3.861739e-04 9.999998e-01 -4.442814e-04 -9.599295e-02 -1.098559e-02 4.484978e-04 9.999395e-01 3.596046e+00
9.997123e-01 6.966303e-04 -2.397373e-02 -2.803186e-01 -6.734577e-04 9.999993e-01 9.746427e-04 -1.139566e-01 2.397438e-02 -9.582161e-04 9.997120e-01 4.314501e+00
9.999988e-01 -6.353570e-05 -1.527887e-03 -3.159871e-01 6.363078e-05 1.000000e+00 6.212362e-05 -1.291996e-01 1.527869e-03 -6.221977e-05 9.999987e-01 4.910337e+00
9.998101e-01 6.186758e-04 -1.947961e-02 -9.484597e-02 -6.045419e-04 9.999995e-01 7.314537e-04 -1.403365e-01 1.948004e-02 -7.195375e-04 9.998099e-01 5.008098e+00
9.999366e-01 -4.350818e-04 1.125619e-02 4.639488e-02 4.401968e-04 9.999998e-01 -4.519285e-04 -1.355636e-01 -1.125601e-02 4.568559e-04 9.999364e-01 4.585778e+00
9.994272e-01 1.015856e-03 -3.382607e-02 1.236315e-01 -9.727762e-04 9.999987e-01 1.289990e-03 -1.310235e-01 3.382732e-02 -1.256345e-03 9.994268e-01 4.262367e+00
9.999602e-01 -3.818299e-04 8.909403e-03 2.385679e-01 3.849368e-04 9.999999e-01 -3.469906e-04 -1.317635e-01 -8.909290e-03 3.504076e-04 9.999602e-01 4.086654e+00
9.995829e-01 8.962669e-04 -2.886444e-02 3.280264e-01 -8.653333e-04 9.999990e-01 1.084152e-03 -1.340341e-01 2.886536e-02 -1.058721e-03 9.995826e-01 4.018912e+00
9.997109e-01 -7.795356e-04 2.403163e-02 3.478035e-01 8.020391e-04 9.999992e-01 -9.267788e-04 -1.359332e-01 -2.403092e-02 9.457865e-04 9.997107e-01 4.034506e+00
9.995671e-01 9.092123e-04 -2.940604e-02 3.154709e-01 -8.772119e-04 9.999990e-01 1.101103e-03 -1.317042e-01 2.940699e-02 -1.074829e-03 9.995668e-01 3.870807e+00
9.998737e-01 -5.736796e-04 1.588453e-02 2.385042e-01 5.834987e-04 9.999996e-01 -6.135129e-04 -1.262530e-01 -1.588420e-02 6.227053e-04 9.998735e-01 3.702970e+00
9.992013e-01 1.188084e-03 -3.994083e-02 3.911154e-01 -1.127791e-03 9.999982e-01 1.532046e-03 -1.348024e-01 3.994255e-02 -1.485776e-03 9.992008e-01 3.761520e+00
9.999823e-01 -2.894335e-04 5.938480e-03 5.105542e-01 2.907968e-04 9.999999e-01 -2.286630e-04 -1.362022e-01 -5.938445e-03 2.303874e-04 9.999822e-01 3.622166e+00
9.994943e-01 9.384804e-04 -3.178348e-02 4.922458e-01 -9.013058e-04 9.999989e-01 1.183918e-03 -1.421028e-01 3.178452e-02 -1.154671e-03 9.994940e-01 3.820632e+00
9.998890e-01 -5.347531e-04 1.488772e-02 3.238857e-01 5.436639e-04 9.999997e-01 -5.944645e-04 -1.432427e-01 -1.488743e-02 6.024942e-04 9.998889e-01 4.004702e+00
9.998395e-01 6.031899e-04 -1.790580e-02 8.279110e-01 -5.911400e-04 9.999996e-01 6.782275e-04 -1.572485e-01 1.790616e-02 -6.675321e-04 9.998394e-01 3.815121e+00
9.998498e-01 -5.857860e-04 1.731908e-02 1.204826e+00 5.979429e-04 9.999996e-01 -6.967489e-04 -1.553454e-01 -1.731871e-02 7.070018e-04 9.998497e-01 3.209174e+00
9.998660e-01 5.467728e-04 -1.636159e-02 3.280084e-01 -5.379287e-04 9.999997e-01 5.449218e-04 -9.322443e-02 1.636185e-02 -5.360457e-04 9.998659e-01 1.820521e+00
9.998483e-01 -5.838780e-04 1.740583e-02 -5.558645e-01 5.961192e-04 9.999996e-01 -6.980790e-04 -2.570423e-02 -1.740545e-02 7.083508e-04 9.998482e-01 2.386689e-01
9.998624e-01 5.549993e-04 -1.658145e-02 -1.341809e+00 -5.457731e-04 9.999997e-01 5.609191e-04 4.132717e-02 1.658172e-02 -5.517906e-04 9.998623e-01 -1.448820e+00
9.998621e-01 -5.700885e-04 1.659455e-02 -1.957173e+00 5.811166e-04 9.999996e-01 -6.597258e-04 9.189112e-02 -1.659421e-02 6.692799e-04 9.998620e-01 -2.713276e+00
9.998561e-01 5.551317e-04 -1.695465e-02 -2.607982e+00 -5.455382e-04 9.999997e-01 5.704319e-04 1.383406e-01 1.695492e-02 -5.610987e-04 9.998560e-01 -3.774854e+00
9.998535e-01 -5.706856e-04 1.710683e-02 -3.382547e+00 5.824966e-04 9.999996e-01 -6.854296e-04 2.007118e-01 -1.710647e-02 6.952955e-04 9.998533e-01 -5.299742e+00
9.998571e-01 5.555497e-04 -1.689861e-02 -4.173772e+00 -5.460279e-04 9.999997e-01 5.680601e-04 2.687637e-01 1.689888e-02 -5.587502e-04 9.998570e-01 -7.026299e+00
9.998536e-01 -5.660097e-04 1.710211e-02 -5.030816e+00 5.778832e-04 9.999996e-01 -6.893138e-04 3.440404e-01 -1.710175e-02 6.990975e-04 9.998534e-01 -8.949747e+00
9.998551e-01 5.509413e-04 -1.701478e-02 -5.821522e+00 -5.412054e-04 9.999997e-01 5.767873e-04 4.079821e-01 1.701506e-02 -5.674936e-04 9.998550e-01 -1.051344e+01
9.998629e-01 -5.611270e-04 1.655154e-02 -6.424618e+00 5.720990e-04 9.999996e-01 -6.581523e-04 4.516357e-01 -1.655120e-02 6.675327e-04 9.998627e-01 -1.152493e+01
9.998720e-01 5.235104e-04 -1.598798e-02 -7.214941e+00 -5.150096e-04 9.999997e-01 5.357980e-04 4.999570e-01 1.598822e-02 -5.274939e-04 9.998719e-01 -1.246780e+01
9.998594e-01 -5.615316e-04 1.675720e-02 -7.932680e+00 5.726951e-04 9.999996e-01 -6.613821e-04 5.466736e-01 -1.675686e-02 6.708875e-04 9.998593e-01 -1.343823e+01
9.998750e-01 5.162149e-04 -1.580290e-02 -8.601409e+00 -5.078274e-04 9.999997e-01 5.347480e-04 5.904900e-01 1.580314e-02 -5.266545e-04 9.998749e-01 -1.435012e+01
9.998533e-01 -5.822086e-04 1.711932e-02 -9.132030e+00 5.931272e-04 9.999996e-01 -6.327027e-04 6.130834e-01 -1.711898e-02 6.427654e-04 9.998532e-01 -1.456403e+01
9.998771e-01 4.949688e-04 -1.566675e-02 -9.615278e+00 -4.865680e-04 9.999997e-01 5.400079e-04 6.308007e-01 1.566698e-02 -5.323171e-04 9.998770e-01 -1.464156e+01
9.998521e-01 -5.568821e-04 1.719105e-02 -1.032135e+01 5.686233e-04 9.999996e-01 -6.780857e-04 6.717016e-01 -1.719070e-02 6.877622e-04 9.998519e-01 -1.537841e+01
9.998668e-01 5.057609e-04 -1.631175e-02 -1.090843e+01 -4.964356e-04 9.999997e-01 5.757172e-04 7.019561e-01 1.631200e-02 -5.675413e-04 9.998667e-01 -1.583691e+01
9.998678e-01 -5.343215e-04 1.624787e-02 -1.136217e+01 5.449243e-04 9.999996e-01 -6.481270e-04 7.274757e-01 -1.624755e-02 6.568967e-04 9.998677e-01 -1.629244e+01
9.998129e-01 5.982594e-04 -1.933307e-02 -1.190365e+01 -5.851987e-04 9.999996e-01 6.811973e-04 7.741516e-01 1.933344e-02 -6.697547e-04 9.998128e-01 -1.749024e+01
9.998640e-01 -5.364065e-04 1.648382e-02 -1.250321e+01 5.474213e-04 9.999996e-01 -6.636946e-04 8.223472e-01 -1.648349e-02 6.726295e-04 9.998638e-01 -1.867759e+01
9.997363e-01 6.888058e-04 -2.295365e-02 -1.300063e+01 -6.700251e-04 9.999994e-01 8.258676e-04 8.597414e-01 2.295417e-02 -8.102688e-04 9.997361e-01 -1.957225e+01
9.999143e-01 -4.540556e-04 1.308128e-02 -1.345909e+01 4.611665e-04 9.999997e-01 -5.405552e-04 8.963355e-01 -1.308107e-02 5.465431e-04 9.999142e-01 -2.047850e+01
9.994534e-01 9.624294e-04 -3.304455e-02 -1.372093e+01 -9.206398e-04 9.999988e-01 1.279826e-03 9.174040e-01 3.304570e-02 -1.248703e-03 9.994530e-01 -2.102483e+01
9.999010e-01 -4.746151e-04 1.406193e-02 -1.394799e+01 4.832882e-04 9.999997e-01 -6.133641e-04 9.325008e-01 -1.406168e-02 6.201010e-04 9.999008e-01 -2.137086e+01
9.991572e-01 1.180831e-03 -4.103134e-02 -1.410406e+01 -1.114146e-03 9.999980e-01 1.648038e-03 9.423212e-01 4.103316e-02 -1.600932e-03 9.991564e-01 -2.160845e+01
9.999937e-01 -1.927433e-04 3.533061e-03 -1.418029e+01 1.934960e-04 1.000000e+00 -2.125760e-04 9.484841e-01 -3.533066e-03 2.132601e-04 9.999936e-01 -2.179462e+01
9.988422e-01 1.357328e-03 -4.808711e-02 -1.417878e+01 -1.265609e-03 9.999973e-01 1.937738e-03 9.467212e-01 4.808956e-02 -1.874633e-03 9.988412e-01 -2.177968e+01
9.999989e-01 -1.315577e-04 1.454672e-03 -1.418951e+01 1.317692e-04 1.000000e+00 -1.448597e-04 9.464019e-01 -1.454707e-03 1.450533e-04 9.999988e-01 -2.179710e+01
9.989315e-01 1.290936e-03 -4.619807e-02 -1.429559e+01 -1.206230e-03 9.999975e-01 1.861365e-03 9.512668e-01 4.620030e-02 -1.803648e-03 9.989305e-01 -2.189718e+01
9.999748e-01 1.183511e-04 -7.103414e-03 -1.433321e+01 -1.168332e-04 1.000000e+00 2.139822e-04 9.483459e-01 7.103377e-03 -2.131446e-04 9.999747e-01 -2.177216e+01
9.990169e-01 1.234879e-03 -4.431418e-02 -1.438856e+01 -1.156899e-03 9.999977e-01 1.785276e-03 9.463979e-01 4.431622e-02 -1.732251e-03 9.990160e-01 -2.166358e+01
9.999577e-01 1.755404e-04 -9.196930e-03 -1.442579e+01 -1.727987e-04 9.999999e-01 2.987980e-04 9.437840e-01 9.196912e-03 -2.971936e-04 9.999576e-01 -2.155208e+01
9.988634e-01 1.334395e-03 -4.764581e-02 -1.446284e+01 -1.243880e-03 9.999974e-01 1.929318e-03 9.409268e-01 4.764819e-02 -1.867857e-03 9.988623e-01 -2.142612e+01
9.999892e-01 5.535916e-05 -4.636983e-03 -1.447718e+01 -5.489306e-05 1.000000e+00 1.003682e-04 9.392509e-01 4.636911e-03 -1.001099e-04 9.999892e-01 -2.137653e+01
9.987014e-01 1.417680e-03 -5.092646e-02 -1.451241e+01 -1.313531e-03 9.999970e-01 2.078460e-03 9.383158e-01 5.092917e-02 -2.008864e-03 9.987002e-01 -2.132844e+01
9.999817e-01 1.201882e-04 -6.051809e-03 -1.456509e+01 -1.192259e-04 1.000000e+00 1.591059e-04 9.363653e-01 6.051744e-03 -1.583786e-04 9.999816e-01 -2.120707e+01
9.989113e-01 1.287885e-03 -4.663065e-02 -1.458704e+01 -1.200062e-03 9.999975e-01 1.911289e-03 9.323761e-01 4.663291e-02 -1.853246e-03 9.989103e-01 -2.105094e+01
9.999878e-01 9.117024e-05 -4.937522e-03 -1.459672e+01 -9.062382e-05 1.000000e+00 1.105229e-04 9.281860e-01 4.937443e-03 -1.100712e-04 9.999877e-01 -2.090865e+01
9.989004e-01 1.293049e-03 -4.686460e-02 -1.462560e+01 -1.204691e-03 9.999974e-01 1.913545e-03 9.253359e-01 4.686687e-02 -1.854980e-03 9.988993e-01 -2.078816e+01
1.000000e+00 -3.425452e-05 -1.245656e-04 -1.464160e+01 3.424589e-05 1.000000e+00 -8.585896e-05 9.226290e-01 1.244753e-04 8.585768e-05 9.999999e-01 -2.069440e+01
9.991462e-01 1.117425e-03 -4.129914e-02 -1.462086e+01 -1.048366e-03 9.999980e-01 1.693743e-03 9.193628e-01 4.130085e-02 -1.648998e-03 9.991453e-01 -2.064026e+01
9.999552e-01 2.378214e-04 -9.461030e-03 -1.466750e+01 -2.351324e-04 9.999999e-01 2.850951e-04 9.168480e-01 9.461001e-03 -2.828547e-04 9.999551e-01 -2.050831e+01
9.995509e-01 8.190456e-04 -2.995581e-02 -1.473129e+01 -7.816134e-04 9.999989e-01 1.261193e-03 9.107055e-01 2.995672e-02 -1.237210e-03 9.995504e-01 -2.019497e+01
9.999974e-01 2.998811e-05 -2.262073e-03 -1.477903e+01 -2.995896e-05 1.000000e+00 1.183146e-05 9.011392e-01 2.261976e-03 -1.176066e-05 9.999974e-01 -1.978653e+01
9.995594e-01 8.114444e-04 -2.966911e-02 -1.483583e+01 -7.750963e-04 9.999989e-01 1.236515e-03 8.931176e-01 2.966998e-02 -1.212970e-03 9.995590e-01 -1.942586e+01
9.995573e-01 -7.600227e-04 2.974176e-02 -1.488103e+01 7.953222e-04 9.999990e-01 -1.174963e-03 8.800113e-01 -2.974094e-02 1.198100e-03 9.995569e-01 -1.887180e+01
9.999856e-01 3.062328e-04 -5.347289e-03 -1.492919e+01 -3.039325e-04 9.999999e-01 4.305306e-04 8.665337e-01 5.347322e-03 -4.288962e-04 9.999856e-01 -1.827104e+01
9.996465e-01 -7.116400e-04 2.657498e-02 -1.492377e+01 7.399571e-04 9.999992e-01 -1.055641e-03 8.482280e-01 -2.657430e-02 1.074935e-03 9.996462e-01 -1.755248e+01
9.999986e-01 2.497519e-04 -1.638610e-03 -1.488186e+01 -2.492759e-04 9.999999e-01 2.892375e-04 8.317937e-01 1.638585e-03 -2.888257e-04 9.999986e-01 -1.696348e+01
9.997553e-01 -6.359513e-04 2.210994e-02 -1.488151e+01 6.560265e-04 9.999994e-01 -9.006200e-04 8.147554e-01 -2.210945e-02 9.149074e-04 9.997551e-01 -1.629034e+01
9.999999e-01 2.143011e-04 3.954494e-04 -1.484083e+01 -2.143863e-04 1.000000e+00 2.211855e-04 7.962649e-01 -3.954978e-04 -2.212673e-04 9.999998e-01 -1.561571e+01
9.999175e-01 -4.729522e-04 1.283727e-02 -1.483303e+01 4.805223e-04 9.999997e-01 -5.864392e-04 7.753856e-01 -1.283708e-02 5.925624e-04 9.999174e-01 -1.480936e+01
9.999780e-01 3.369217e-04 -6.614364e-03 -1.485995e+01 -3.339944e-04 9.999998e-01 4.433344e-04 7.560031e-01 6.614417e-03 -4.411125e-04 9.999780e-01 -1.401366e+01
9.998958e-01 -4.681189e-04 1.442224e-02 -1.474656e+01 4.778509e-04 9.999997e-01 -6.711909e-04 7.345118e-01 -1.442202e-02 6.780157e-04 9.998957e-01 -1.335688e+01
9.999744e-01 3.438892e-04 -7.149016e-03 -1.461822e+01 -3.406158e-04 9.999998e-01 4.587897e-04 7.133131e-01 7.149078e-03 -4.563399e-04 9.999743e-01 -1.273003e+01
9.997447e-01 -6.287994e-04 2.258449e-02 -1.457989e+01 6.495596e-04 9.999994e-01 -9.118014e-04 6.944822e-01 -2.258400e-02 9.262416e-04 9.997445e-01 -1.205028e+01
9.997802e-01 5.925199e-04 -2.095419e-02 -1.459289e+01 -5.734031e-04 9.999994e-01 9.182102e-04 6.759235e-01 2.095463e-02 -9.059902e-04 9.997799e-01 -1.132117e+01
9.999122e-01 -4.188180e-04 1.324399e-02 -1.460251e+01 4.268124e-04 9.999997e-01 -6.006329e-04 6.583770e-01 -1.324383e-02 6.062359e-04 9.999120e-01 -1.066036e+01
9.996938e-01 6.955375e-04 -2.473540e-02 -1.465543e+01 -6.691200e-04 9.999992e-01 1.076175e-03 6.409781e-01 2.473603e-02 -1.059291e-03 9.996934e-01 -9.942064e+00
9.999517e-01 2.117783e-04 -9.818843e-03 -1.472232e+01 -2.089533e-04 9.999999e-01 2.885000e-04 6.291954e-01 9.818807e-03 -2.864313e-04 9.999517e-01 -9.418851e+00
9.993106e-01 1.047174e-03 -3.710974e-02 -1.481264e+01 -9.900459e-04 9.999983e-01 1.557715e-03 6.253197e-01 3.711121e-02 -1.519897e-03 9.993099e-01 -9.167978e+00
9.999969e-01 8.810766e-06 -2.476840e-03 -1.488181e+01 -8.832451e-06 1.000000e+00 -9.759952e-06 6.205882e-01 2.476742e-03 9.784852e-06 9.999969e-01 -8.922192e+00
9.994547e-01 9.297078e-04 -3.300492e-02 -1.495621e+01 -8.845526e-04 9.999987e-01 1.382633e-03 6.158294e-01 3.300606e-02 -1.352682e-03 9.994542e-01 -8.669734e+00
9.999956e-01 -1.350298e-04 2.945471e-03 -1.507793e+01 1.357080e-04 1.000000e+00 -2.291231e-04 6.103405e-01 -2.945539e-03 2.295249e-04 9.999956e-01 -8.333912e+00
9.995103e-01 8.847955e-04 -3.127608e-02 -1.513947e+01 -8.437633e-04 9.999988e-01 1.325025e-03 6.023058e-01 3.127712e-02 -1.297983e-03 9.995099e-01 -7.960025e+00
9.999703e-01 -2.638740e-04 7.696811e-03 -1.517538e+01 2.667760e-04 9.999999e-01 -3.756387e-04 5.883111e-01 -7.696810e-03 3.776839e-04 9.999703e-01 -7.389461e+00
9.998359e-01 5.053611e-04 -1.810831e-02 -1.523228e+01 -4.911945e-04 9.999996e-01 7.866139e-04 5.721458e-01 1.810860e-02 -7.775871e-04 9.998357e-01 -6.711484e+00
9.998603e-01 -4.922322e-04 1.670731e-02 -1.517063e+01 5.045210e-04 9.999996e-01 -7.311543e-04 5.562054e-01 -1.670704e-02 7.394843e-04 9.998601e-01 -6.219621e+00
9.998767e-01 4.760061e-04 -1.569140e-02 -1.499945e+01 -4.651350e-04 9.999996e-01 6.962719e-04 5.387439e-01 1.569162e-02 -6.888845e-04 9.998766e-01 -5.816626e+00
9.998775e-01 -5.017812e-04 1.564377e-02 -1.499007e+01 5.122698e-04 9.999996e-01 -6.662866e-04 5.220300e-01 -1.564353e-02 6.742218e-04 9.998774e-01 -5.205345e+00
9.998833e-01 4.739591e-04 -1.526477e-02 -1.495344e+01 -4.634455e-04 9.999997e-01 6.920976e-04 5.029060e-01 1.526499e-02 -6.849395e-04 9.998832e-01 -4.536942e+00
9.998844e-01 -5.053652e-04 1.519632e-02 -1.496490e+01 5.149233e-04 9.999997e-01 -6.248744e-04 4.824038e-01 -1.519610e-02 6.326301e-04 9.998843e-01 -3.730926e+00
9.998850e-01 4.743109e-04 -1.515399e-02 -1.496413e+01 -4.638798e-04 9.999997e-01 6.916652e-04 4.612291e-01 1.515421e-02 -6.845531e-04 9.998849e-01 -2.915802e+00
9.998629e-01 -5.110095e-04 1.654904e-02 -1.487599e+01 5.226936e-04 9.999996e-01 -7.015361e-04 4.407823e-01 -1.654878e-02 7.100931e-04 9.998628e-01 -2.269568e+00
9.998746e-01 4.820438e-04 -1.582420e-02 -1.479473e+01 -4.709505e-04 9.999996e-01 7.045775e-04 4.219860e-01 1.582444e-02 -6.970338e-04 9.998745e-01 -1.686691e+00
9.998720e-01 -5.063661e-04 1.598933e-02 -1.473500e+01 5.173480e-04 9.999996e-01 -6.825176e-04 4.038958e-01 -1.598907e-02 6.907053e-04 9.998719e-01 -1.099478e+00
9.998701e-01 4.782304e-04 -1.610738e-02 -1.474350e+01 -4.662856e-04 9.999996e-01 7.451486e-04 3.841440e-01 1.610763e-02 -7.375382e-04 9.998699e-01 -3.306703e-01
9.998638e-01 -5.069232e-04 1.649289e-02 -1.470075e+01 5.188177e-04 9.999996e-01 -7.167398e-04 3.646807e-01 -1.649262e-02 7.252020e-04 9.998637e-01 3.424590e-01
9.998786e-01 4.752524e-04 -1.557314e-02 -1.464572e+01 -4.639897e-04 9.999996e-01 7.266411e-04 3.448192e-01 1.557338e-02 -7.193240e-04 9.998784e-01 1.012087e+00
9.998716e-01 -5.052770e-04 1.601306e-02 -1.460658e+01 5.165288e-04 9.999996e-01 -6.983566e-04 3.250943e-01 -1.601280e-02 7.065412e-04 9.998715e-01 1.701366e+00
9.998969e-01 4.675419e-04 -1.434854e-02 -1.450878e+01 -4.572952e-04 9.999996e-01 7.172085e-04 2.996934e-01 1.434877e-02 -7.105701e-04 9.998967e-01 2.538158e+00
9.998920e-01 -4.886637e-04 1.468430e-02 -1.434356e+01 4.984005e-04 9.999997e-01 -6.592285e-04 2.730056e-01 -1.468407e-02 6.664791e-04 9.998919e-01 3.333795e+00
9.998938e-01 4.870081e-04 -1.455972e-02 -1.405366e+01 -4.770923e-04 9.999997e-01 6.843140e-04 2.488271e-01 1.455995e-02 -6.772920e-04 9.998937e-01 3.832885e+00
9.998374e-01 -5.486993e-04 1.802324e-02 -1.391533e+01 5.624284e-04 9.999996e-01 -7.565239e-04 2.262583e-01 -1.802292e-02 7.665407e-04 9.998372e-01 4.490998e+00
9.999636e-01 3.767002e-04 -8.521564e-03 -1.384068e+01 -3.725467e-04 9.999998e-01 4.886589e-04 2.050212e-01 8.521647e-03 -4.854634e-04 9.999635e-01 5.203630e+00
9.999333e-01 -4.484262e-04 1.153592e-02 -1.381942e+01 4.544201e-04 9.999998e-01 -5.167233e-04 1.825052e-01 -1.153579e-02 5.219341e-04 9.999333e-01 6.046345e+00
9.999423e-01 4.070017e-04 -1.073307e-02 -1.379484e+01 -4.008192e-04 9.999998e-01 5.779113e-04 1.580285e-01 1.073320e-02 -5.735728e-04 9.999422e-01 6.961850e+00
9.999214e-01 -4.603097e-04 1.252839e-02 -1.376084e+01 4.676316e-04 9.999997e-01 -5.812751e-04 1.369155e-01 -1.252821e-02 5.870911e-04 9.999213e-01 7.719594e+00
9.999548e-01 3.888076e-04 -9.495832e-03 -1.372869e+01 -3.835757e-04 9.999998e-01 5.524886e-04 1.138829e-01 9.495946e-03 -5.488181e-04 9.999547e-01 8.562903e+00
9.999466e-01 -4.423545e-04 1.032430e-02 -1.375201e+01 4.472863e-04 9.999998e-01 -4.751033e-04 8.936690e-02 -1.032419e-02 4.796990e-04 9.999465e-01 9.561177e+00
9.999657e-01 3.584452e-04 -8.268290e-03 -1.379257e+01 -3.546034e-04 9.999998e-01 4.657683e-04 7.055373e-02 8.268357e-03 -4.628172e-04 9.999657e-01 1.034806e+01
9.999282e-01 -4.483310e-04 1.197167e-02 -1.376350e+01 4.546205e-04 9.999998e-01 -5.224051e-04 4.791102e-02 -1.197153e-02 5.278133e-04 9.999281e-01 1.118026e+01
9.999872e-01 3.233589e-04 -5.036518e-03 -1.367347e+01 -3.216308e-04 9.999999e-01 3.433594e-04 2.430108e-02 5.036529e-03 -3.417320e-04 9.999872e-01 1.195880e+01
9.999857e-01 -3.665406e-04 5.324524e-03 -1.366590e+01 3.681616e-04 9.999999e-01 -3.029152e-04 4.428035e-03 -5.324511e-03 3.048743e-04 9.999857e-01 1.270743e+01
9.999864e-01 3.226734e-04 -5.199865e-03 -1.368781e+01 -3.208455e-04 9.999999e-01 3.518035e-04 -1.470319e-02 5.199878e-03 -3.501272e-04 9.999864e-01 1.347356e+01
9.999796e-01 -3.686664e-04 6.363904e-03 -1.360724e+01 3.707431e-04 9.999999e-01 -3.246993e-04 -3.884811e-02 -6.363883e-03 3.270552e-04 9.999796e-01 1.428487e+01
9.999916e-01 3.109585e-04 -4.084619e-03 -1.350132e+01 -3.096204e-04 9.999999e-01 3.275262e-04 -6.575414e-02 4.084621e-03 -3.262556e-04 9.999915e-01 1.517404e+01
9.999854e-01 -3.568029e-04 5.392756e-03 -1.340250e+01 3.584618e-04 9.999999e-01 -3.061185e-04 -9.039824e-02 -5.392746e-03 3.080503e-04 9.999854e-01 1.597990e+01
9.999890e-01 3.113077e-04 -4.677343e-03 -1.336817e+01 -3.096883e-04 9.999999e-01 3.463645e-04 -1.126534e-01 4.677351e-03 -3.449091e-04 9.999889e-01 1.678581e+01
9.999842e-01 -3.626583e-04 5.596442e-03 -1.334546e+01 3.644671e-04 9.999999e-01 -3.216782e-04 -1.335160e-01 -5.596424e-03 3.237160e-04 9.999842e-01 1.755117e+01
9.999891e-01 3.468408e-04 -4.636959e-03 -1.302511e+01 -3.453455e-04 9.999999e-01 3.226620e-04 -1.596018e-01 4.636972e-03 -3.210540e-04 9.999891e-01 1.809186e+01
9.999859e-01 -3.579540e-04 5.299108e-03 -1.267439e+01 3.596132e-04 9.999999e-01 -3.116241e-04 -1.863152e-01 -5.299095e-03 3.135285e-04 9.999859e-01 1.861122e+01
9.999998e-01 3.017063e-04 -5.047156e-04 -1.225182e+01 -3.015995e-04 9.999999e-01 2.061168e-04 -2.191348e-01 5.046786e-04 -2.059614e-04 9.999998e-01 1.929306e+01
9.998854e-01 -5.511030e-04 1.512492e-02 -1.199779e+01 5.606001e-04 9.999996e-01 -6.234928e-04 -2.474939e-01 -1.512467e-02 6.319035e-04 9.998854e-01 2.004094e+01
9.999996e-01 2.707214e-04 8.613591e-04 -1.186616e+01 -2.708672e-04 9.999999e-01 1.723106e-04 -2.747252e-01 -8.614112e-04 -1.725407e-04 9.999996e-01 2.091787e+01
9.999281e-01 -5.059537e-04 1.197634e-02 -1.167745e+01 5.125449e-04 9.999997e-01 -5.470579e-04 -2.987545e-01 -1.197616e-02 5.531602e-04 9.999281e-01 2.158016e+01
9.999999e-01 2.810802e-04 -3.408258e-04 -1.155621e+01 -2.810076e-04 9.999999e-01 2.052141e-04 -3.200357e-01 3.407852e-04 -2.051152e-04 9.999999e-01 2.222493e+01
9.999714e-01 -4.244425e-04 7.545617e-03 -1.150165e+01 4.272851e-04 9.999998e-01 -3.747575e-04 -3.444733e-01 -7.545555e-03 3.779742e-04 9.999714e-01 2.309852e+01
9.999982e-01 2.621177e-04 1.849829e-03 -1.132014e+01 -2.623417e-04 1.000000e+00 1.223032e-04 -3.716505e-01 -1.849895e-03 -1.227850e-04 9.999982e-01 2.389931e+01
9.999795e-01 -3.396070e-04 6.387576e-03 -1.073015e+01 3.418202e-04 9.999999e-01 -3.449783e-04 -4.093782e-01 -6.387556e-03 3.471579e-04 9.999795e-01 2.455292e+01
9.999997e-01 2.849673e-04 -6.277862e-04 -1.025267e+01 -2.848364e-04 9.999999e-01 2.045565e-04 -4.433756e-01 6.277467e-04 -2.043744e-04 9.999997e-01 2.521184e+01
9.999911e-01 -3.633377e-04 4.186166e-03 -1.016581e+01 3.643470e-04 9.999999e-01 -2.396985e-04 -4.700669e-01 -4.186176e-03 2.412248e-04 9.999911e-01 2.612524e+01
9.999996e-01 2.307182e-04 8.149561e-04 -1.009174e+01 -2.307975e-04 1.000000e+00 1.003457e-04 -4.861262e-01 -8.150305e-04 -1.005306e-04 9.999996e-01 2.663066e+01
9.999731e-01 -4.180387e-04 7.317502e-03 -1.004836e+01 4.206634e-04 9.999998e-01 -3.568006e-04 -4.952110e-01 -7.317449e-03 3.598725e-04 9.999731e-01 2.690690e+01
9.999936e-01 1.973383e-04 3.547963e-03 -1.002507e+01 -1.975865e-04 1.000000e+00 7.032865e-05 -5.176902e-01 -3.548046e-03 -7.102601e-05 9.999936e-01 2.775380e+01
9.999981e-01 -3.323099e-04 1.908451e-03 -1.006965e+01 3.325851e-04 9.999999e-01 -1.425216e-04 -5.429631e-01 -1.908500e-03 1.431593e-04 9.999981e-01 2.882626e+01
9.999946e-01 2.097259e-04 3.273782e-03 -1.004926e+01 -2.098511e-04 1.000000e+00 3.865960e-05 -5.654303e-01 -3.273870e-03 -3.934317e-05 9.999946e-01 2.967204e+01
9.999997e-01 -3.098815e-04 6.601778e-04 -1.006625e+01 3.099597e-04 9.999999e-01 -1.144927e-04 -5.851720e-01 -6.602391e-04 1.147006e-04 9.999997e-01 3.046388e+01
9.999961e-01 2.258880e-04 2.759920e-03 -1.006716e+01 -2.261661e-04 1.000000e+00 1.013753e-04 -6.108401e-01 -2.759993e-03 -1.019959e-04 9.999961e-01 3.147674e+01
9.999984e-01 -3.132213e-04 1.760275e-03 -9.964954e+00 3.135128e-04 9.999999e-01 -1.638713e-04 -6.385846e-01 -1.760320e-03 1.644261e-04 9.999984e-01 3.241319e+01
9.999969e-01 2.313493e-04 2.469439e-03 -9.885201e+00 -2.315767e-04 1.000000e+00 9.282150e-05 -6.639706e-01 -2.469514e-03 -9.338982e-05 9.999969e-01 3.329030e+01
9.999986e-01 -3.452656e-04 1.636880e-03 -9.905658e+00 3.455438e-04 9.999999e-01 -1.681659e-04 -6.837096e-01 -1.636918e-03 1.687345e-04 9.999986e-01 3.409106e+01
9.999999e-01 2.683196e-04 8.817420e-06 -9.996701e+00 -2.683188e-04 9.999999e-01 1.981809e-04 -7.044870e-01 -8.860533e-06 -1.981800e-04 9.999999e-01 3.504480e+01
9.999970e-01 -3.729681e-04 2.391963e-03 -1.023728e+01 3.735468e-04 9.999999e-01 -2.404218e-04 -7.130914e-01 -2.391970e-03 2.413179e-04 9.999970e-01 3.568717e+01
9.999997e-01 2.534370e-04 6.457831e-04 -1.051841e+01 -2.535324e-04 1.000000e+00 1.515205e-04 -7.159553e-01 -6.458408e-04 -1.516809e-04 9.999997e-01 3.615365e+01
9.999987e-01 -3.642368e-04 1.569555e-03 -1.091981e+01 3.646332e-04 9.999999e-01 -2.506974e-04 -7.072394e-01 -1.569559e-03 2.512727e-04 9.999987e-01 3.631852e+01
9.999999e-01 2.636010e-04 3.563211e-04 -1.131988e+01 -2.636467e-04 1.000000e+00 1.353769e-04 -6.884895e-01 -3.563814e-04 -1.354676e-04 9.999999e-01 3.606713e+01
9.999910e-01 -4.185972e-04 4.219321e-03 -1.169324e+01 4.199177e-04 9.999999e-01 -3.114681e-04 -6.796230e-01 -4.219286e-03 3.132404e-04 9.999910e-01 3.618728e+01
9.999997e-01 2.656411e-04 6.478177e-04 -1.208180e+01 -2.657088e-04 1.000000e+00 1.081947e-04 -6.663114e-01 -6.478847e-04 -1.083635e-04 9.999997e-01 3.614056e+01
9.999948e-01 -3.828349e-04 3.176329e-03 -1.235050e+01 3.837378e-04 9.999999e-01 -2.828518e-04 -6.571769e-01 -3.176316e-03 2.840725e-04 9.999949e-01 3.608556e+01
9.999978e-01 3.096596e-04 -2.052835e-03 -1.293009e+01 -3.092928e-04 9.999999e-01 1.777974e-04 -6.328499e-01 2.052795e-03 -1.771588e-04 9.999978e-01 3.583952e+01
9.999870e-01 -4.339216e-04 5.064295e-03 -1.334250e+01 4.355719e-04 9.999999e-01 -3.242953e-04 -6.136069e-01 -5.064249e-03 3.265003e-04 9.999871e-01 3.558066e+01
9.999990e-01 2.997597e-04 -1.332752e-03 -1.358299e+01 -2.995580e-04 9.999999e-01 1.496785e-04 -5.958496e-01 1.332701e-03 -1.492758e-04 9.999990e-01 3.515428e+01
9.999899e-01 -4.296384e-04 4.463575e-03 -1.392002e+01 4.308524e-04 9.999999e-01 -2.704880e-04 -5.886430e-01 -4.463553e-03 2.724118e-04 9.999899e-01 3.529761e+01
9.999966e-01 3.305090e-04 -2.589826e-03 -1.435737e+01 -3.301046e-04 9.999999e-01 1.556440e-04 -5.686651e-01 2.589782e-03 -1.547853e-04 9.999966e-01 3.505102e+01
9.999932e-01 -3.985654e-04 3.652764e-03 -1.467046e+01 3.994577e-04 9.999999e-01 -2.428699e-04 -5.470954e-01 -3.652762e-03 2.443307e-04 9.999932e-01 3.456920e+01
9.999981e-01 2.167636e-04 1.909942e-03 -1.494423e+01 -2.168123e-04 1.000000e+00 2.657176e-05 -5.338094e-01 -1.910032e-03 -2.698252e-05 9.999981e-01 3.438690e+01
9.999960e-01 -3.670170e-04 2.775446e-03 -1.521575e+01 3.675057e-04 9.999999e-01 -1.746873e-04 -5.362640e-01 -2.775477e-03 1.757099e-04 9.999961e-01 3.482569e+01
9.999953e-01 2.003748e-04 3.055790e-03 -1.538693e+01 -2.004266e-04 1.000000e+00 1.742974e-05 -5.467291e-01 -3.055881e-03 -1.803883e-05 9.999953e-01 3.545234e+01
9.999778e-01 -4.601082e-04 6.636743e-03 -1.569421e+01 4.623277e-04 9.999998e-01 -3.325246e-04 -5.427196e-01 -6.636683e-03 3.355889e-04 9.999779e-01 3.569438e+01
9.999625e-01 1.151969e-04 8.657311e-03 -1.581829e+01 -1.138293e-04 1.000000e+00 -1.581860e-04 -5.445037e-01 -8.657423e-03 1.571979e-04 9.999624e-01 3.592751e+01
9.999990e-01 -3.814347e-04 1.346368e-03 -1.593736e+01 3.817004e-04 9.999999e-01 -1.953878e-04 -5.344718e-01 -1.346387e-03 1.959049e-04 9.999990e-01 3.567208e+01
9.998953e-01 2.247192e-05 1.446528e-02 -1.616247e+01 -1.758212e-05 9.999999e-01 -3.380042e-04 -5.265121e-01 -1.446538e-02 3.377178e-04 9.998952e-01 3.564630e+01
9.999851e-01 -2.776403e-04 -5.452723e-03 -1.646008e+01 2.776794e-04 1.000000e+00 6.002645e-06 -5.086070e-01 5.452628e-03 -7.513338e-06 9.999851e-01 3.531901e+01
9.998289e-01 -3.498262e-05 1.849735e-02 -1.671348e+01 4.331983e-05 9.999999e-01 -4.502013e-04 -4.984329e-01 -1.849743e-02 4.509288e-04 9.998287e-01 3.524459e+01
9.999631e-01 -1.885991e-04 -8.583384e-03 -1.678694e+01 1.901483e-04 1.000000e+00 1.794277e-04 -5.144809e-01 8.583258e-03 -1.810499e-04 9.999631e-01 3.597640e+01
9.998925e-01 1.718976e-05 1.466206e-02 -1.685901e+01 -1.231534e-05 9.999999e-01 -3.323898e-04 -5.300074e-01 -1.466215e-02 3.321768e-04 9.998924e-01 3.668232e+01
9.999990e-01 -3.307724e-04 -1.343929e-03 -1.703441e+01 3.306792e-04 9.999999e-01 -7.114965e-05 -5.367469e-01 1.343862e-03 7.070850e-05 9.999990e-01 3.718105e+01
9.997973e-01 -7.786945e-05 2.013136e-02 -1.722053e+01 8.850292e-05 9.999999e-01 -5.272059e-04 -5.386964e-01 -2.013140e-02 5.288841e-04 9.997971e-01 3.750976e+01
9.999917e-01 -4.166782e-04 4.042981e-03 -1.729551e+01 4.175896e-04 9.999999e-01 -2.240782e-04 -5.476448e-01 -4.042976e-03 2.257680e-04 9.999917e-01 3.796899e+01
9.998373e-01 -4.084880e-05 1.803691e-02 -1.740861e+01 4.952846e-05 9.999999e-01 -4.806567e-04 -5.517769e-01 -1.803698e-02 4.814751e-04 9.998371e-01 3.828738e+01
9.999931e-01 -4.083367e-04 3.685218e-03 -1.745521e+01 4.090015e-04 9.999999e-01 -1.791301e-04 -5.652600e-01 -3.685232e-03 1.806394e-04 9.999931e-01 3.888869e+01
9.998472e-01 -4.413898e-05 1.747840e-02 -1.763408e+01 5.271798e-05 9.999999e-01 -4.902631e-04 -5.684536e-01 -1.747846e-02 4.911128e-04 9.998470e-01 3.926090e+01
9.999937e-01 -4.105873e-04 3.508230e-03 -1.786059e+01 4.112346e-04 9.999999e-01 -1.832568e-04 -5.660183e-01 -3.508239e-03 1.847016e-04 9.999938e-01 3.947276e+01
9.999092e-01 3.905451e-05 1.347212e-02 -1.806091e+01 -3.415778e-05 9.999999e-01 -3.635651e-04 -5.670080e-01 -1.347222e-02 3.630752e-04 9.999091e-01 3.977533e+01
9.999960e-01 -3.800035e-04 2.778845e-03 -1.813062e+01 3.803908e-04 9.999999e-01 -1.382168e-04 -5.785372e-01 -2.778876e-03 1.392766e-04 9.999961e-01 4.031557e+01
9.998525e-01 -4.225004e-05 1.717190e-02 -1.835818e+01 5.148371e-05 9.999999e-01 -5.371762e-04 -5.703348e-01 -1.717196e-02 5.379843e-04 9.998523e-01 4.028487e+01
9.999987e-01 -2.940657e-04 -1.541122e-03 -1.855230e+01 2.941184e-04 1.000000e+00 3.292758e-05 -5.712764e-01 1.541031e-03 -3.337758e-05 9.999987e-01 4.057203e+01
9.998303e-01 -6.022970e-05 1.842232e-02 -1.861574e+01 7.082086e-05 9.999998e-01 -5.741661e-04 -5.762525e-01 -1.842236e-02 5.753765e-04 9.998300e-01 4.084659e+01
9.999967e-01 -2.998591e-04 -2.535122e-03 -1.880254e+01 3.000070e-04 1.000000e+00 5.734169e-05 -5.717630e-01 2.535025e-03 -5.809886e-05 9.999967e-01 4.091371e+01
9.998443e-01 -5.929060e-05 1.764634e-02 -1.911039e+01 6.932857e-05 9.999998e-01 -5.681394e-04 -5.599122e-01 -1.764638e-02 5.692775e-04 9.998440e-01 4.085434e+01
9.999999e-01 -3.472774e-04 -3.493356e-04 -1.949037e+01 3.472763e-04 9.999999e-01 -7.357060e-06 -5.455659e-01 3.492610e-04 7.238907e-06 9.999999e-01 4.079677e+01
9.999043e-01 2.632221e-05 1.383482e-02 -1.978805e+01 -2.019685e-05 9.999999e-01 -4.427801e-04 -5.395818e-01 -1.383491e-02 4.424614e-04 9.999041e-01 4.095152e+01
9.999910e-01 -4.178041e-04 4.215371e-03 -2.001957e+01 4.184947e-04 9.999999e-01 -1.626019e-04 -5.306387e-01 -4.215377e-03 1.643677e-04 9.999910e-01 4.089521e+01
9.999574e-01 1.002245e-04 9.231195e-03 -2.034687e+01 -9.748232e-05 1.000000e+00 -2.973520e-04 -5.214867e-01 -9.231298e-03 2.964425e-04 9.999573e-01 4.095819e+01
9.999783e-01 -4.795686e-04 6.568041e-03 -2.074936e+01 4.812076e-04 9.999999e-01 -2.477508e-04 -5.012660e-01 -6.567995e-03 2.509091e-04 9.999783e-01 4.068217e+01
9.999507e-01 1.089574e-04 9.924965e-03 -2.114172e+01 -1.056339e-04 9.999999e-01 -3.352545e-04 -4.790385e-01 -9.925073e-03 3.341926e-04 9.999506e-01 4.030019e+01
9.999741e-01 -4.762123e-04 7.185308e-03 -2.143252e+01 4.781328e-04 9.999999e-01 -2.653786e-04 -4.608341e-01 -7.185251e-03 2.688103e-04 9.999741e-01 3.993626e+01
9.999009e-01 6.307933e-05 1.407879e-02 -2.155670e+01 -5.628680e-05 9.999999e-01 -4.827714e-04 -4.488067e-01 -1.407889e-02 4.819340e-04 9.999007e-01 3.959726e+01
9.999787e-01 -4.836393e-04 6.499833e-03 -2.182448e+01 4.851551e-04 9.999999e-01 -2.314526e-04 -4.318470e-01 -6.499788e-03 2.346041e-04 9.999788e-01 3.925852e+01
9.998687e-01 2.283004e-05 1.620122e-02 -2.211342e+01 -1.394141e-05 9.999998e-01 -5.486807e-04 -4.180056e-01 -1.620130e-02 5.483858e-04 9.998685e-01 3.908373e+01
9.999696e-01 -4.824326e-04 7.776226e-03 -2.221372e+01 4.845911e-04 9.999998e-01 -2.755554e-04 -4.089282e-01 -7.776156e-03 2.793182e-04 9.999696e-01 3.883606e+01
9.998621e-01 3.807128e-05 1.660392e-02 -2.222600e+01 -2.850462e-05 9.999998e-01 -5.763418e-04 -3.993799e-01 -1.660400e-02 5.757919e-04 9.998619e-01 3.845184e+01
9.999490e-01 -5.142620e-04 1.008288e-02 -2.214889e+01 5.176772e-04 9.999998e-01 -3.360048e-04 -3.917838e-01 -1.008276e-02 3.412102e-04 9.999490e-01 3.803758e+01
9.998158e-01 -2.133638e-05 1.919372e-02 -2.218160e+01 3.419334e-05 9.999998e-01 -6.694761e-04 -3.809556e-01 -1.919376e-02 6.700118e-04 9.998155e-01 3.764075e+01
9.999478e-01 -5.176747e-04 1.020780e-02 -2.215178e+01 5.210064e-04 9.999998e-01 -3.236510e-04 -3.728238e-01 -1.020769e-02 3.289550e-04 9.999478e-01 3.726441e+01
9.997402e-01 -8.268938e-05 2.279202e-02 -2.215378e+01 1.008862e-04 9.999997e-01 -7.971996e-04 -3.645051e-01 -2.279200e-02 7.992945e-04 9.997398e-01 3.693069e+01
9.999645e-01 -4.915562e-04 8.411974e-03 -2.219145e+01 4.936890e-04 9.999998e-01 -2.513927e-04 -3.544992e-01 -8.411899e-03 2.555392e-04 9.999645e-01 3.657537e+01
9.998151e-01 -2.341004e-05 1.923126e-02 -2.224164e+01 3.679848e-05 9.999998e-01 -6.957924e-04 -3.420011e-01 -1.923129e-02 6.963738e-04 9.998147e-01 3.613456e+01
9.999953e-01 -4.095007e-04 3.037504e-03 -2.232117e+01 4.097139e-04 9.999999e-01 -6.936184e-05 -3.259612e-01 -3.037520e-03 7.060841e-05 9.999953e-01 3.558442e+01
9.998015e-01 1.160941e-05 1.992310e-02 -2.213475e+01 2.997904e-06 9.999997e-01 -7.331254e-04 -3.216055e-01 -1.992314e-02 7.330419e-04 9.998012e-01 3.515591e+01
9.999803e-01 -4.951836e-04 6.254857e-03 -2.210974e+01 4.961967e-04 9.999999e-01 -1.603410e-04 -3.117327e-01 -6.254818e-03 1.634438e-04 9.999803e-01 3.471926e+01
9.998608e-01 4.697627e-05 1.668330e-02 -2.210985e+01 -3.645485e-05 9.999998e-01 -6.309295e-04 -2.999999e-01 -1.668336e-02 6.302356e-04 9.998605e-01 3.423428e+01
9.999785e-01 -4.777095e-04 6.540124e-03 -2.198214e+01 4.787817e-04 9.999999e-01 -1.623065e-04 -2.958779e-01 -6.540083e-03 1.654364e-04 9.999785e-01 3.388183e+01
9.998642e-01 6.446229e-05 1.647764e-02 -2.173696e+01 -5.406417e-05 9.999998e-01 -6.314635e-04 -2.949003e-01 -1.647771e-02 6.304890e-04 9.998639e-01 3.350339e+01
9.999849e-01 -4.586543e-04 5.484069e-03 -2.148331e+01 4.593033e-04 9.999999e-01 -1.170183e-04 -2.959571e-01 -5.484047e-03 1.195374e-04 9.999849e-01 3.318953e+01
9.998884e-01 1.005564e-04 1.494119e-02 -2.115796e+01 -9.169905e-05 9.999998e-01 -5.934740e-04 -2.996037e-01 -1.494128e-02 5.920396e-04 9.998881e-01 3.288410e+01
9.999867e-01 -4.480532e-04 5.134835e-03 -2.079837e+01 4.485678e-04 9.999999e-01 -9.900057e-05 -3.028401e-01 -5.134819e-03 1.013045e-04 9.999867e-01 3.252039e+01
9.999039e-01 9.574726e-05 1.386171e-02 -2.056061e+01 -8.793315e-05 9.999998e-01 -5.643064e-04 -3.011333e-01 -1.386179e-02 5.630351e-04 9.999037e-01 3.211655e+01
9.999850e-01 -4.443388e-04 5.467375e-03 -2.027903e+01 4.448976e-04 9.999999e-01 -1.009385e-04 -3.030432e-01 -5.467355e-03 1.033712e-04 9.999850e-01 3.179636e+01
9.998621e-01 4.738173e-05 1.660534e-02 -2.007984e+01 -3.631454e-05 9.999998e-01 -6.667702e-04 -3.028724e-01 -1.660539e-02 6.660769e-04 9.998618e-01 3.150754e+01
9.999760e-01 -4.817100e-04 6.907375e-03 -1.992530e+01 4.826012e-04 9.999999e-01 -1.273280e-04 -3.030664e-01 -6.907334e-03 1.306601e-04 9.999760e-01 3.128435e+01
9.999608e-01 1.914684e-04 8.849444e-03 -1.964031e+01 -1.877212e-04 9.999999e-01 -4.242524e-04 -3.078751e-01 -8.849543e-03 4.225761e-04 9.999607e-01 3.106549e+01
9.999992e-01 -3.851016e-04 1.210731e-03 -1.932419e+01 3.850299e-04 9.999999e-01 5.960325e-05 -3.135440e-01 -1.210772e-03 -5.913549e-05 9.999992e-01 3.083331e+01
9.999189e-01 1.356490e-04 1.273223e-02 -1.898493e+01 -1.285250e-04 9.999998e-01 -5.603330e-04 -3.172897e-01 -1.273232e-02 5.586527e-04 9.999187e-01 3.050547e+01
9.999932e-01 -3.078573e-04 -3.663086e-03 -1.871346e+01 3.086816e-04 9.999999e-01 2.244421e-04 -3.213230e-01 3.663001e-03 -2.255699e-04 9.999932e-01 3.026609e+01
9.998634e-01 6.475830e-05 1.653006e-02 -1.848271e+01 -5.352186e-05 9.999998e-01 -6.801911e-04 -3.268417e-01 -1.653011e-02 6.792148e-04 9.998630e-01 3.013743e+01
9.999987e-01 -3.524983e-04 -1.583468e-03 -1.833428e+01 3.527481e-04 9.999999e-01 1.574219e-04 -3.287691e-01 1.583399e-03 -1.579789e-04 9.999986e-01 2.997822e+01
9.997035e-01 -6.630792e-05 2.434988e-02 -1.824084e+01 8.919253e-05 9.999996e-01 -9.387349e-04 -3.297365e-01 -2.434982e-02 9.406297e-04 9.997030e-01 2.986124e+01
9.999793e-01 -2.434145e-04 -6.427472e-03 -1.800422e+01 2.454643e-04 9.999999e-01 3.181235e-04 -3.357590e-01 6.427385e-03 -3.196934e-04 9.999792e-01 2.975291e+01
9.999336e-01 1.719994e-04 1.152402e-02 -1.756450e+01 -1.659241e-04 9.999998e-01 -5.281361e-04 -3.492962e-01 -1.152412e-02 5.261901e-04 9.999334e-01 2.965247e+01
9.999952e-01 -2.958431e-04 -3.067972e-03 -1.710214e+01 2.964897e-04 9.999999e-01 2.102796e-04 -3.631805e-01 3.067902e-03 -2.111871e-04 9.999952e-01 2.954297e+01
9.999965e-01 4.419828e-04 -2.617954e-03 -1.667038e+01 -4.420758e-04 9.999999e-01 -3.499294e-05 -3.790656e-01 2.617930e-03 3.615135e-05 9.999965e-01 2.951760e+01
9.999483e-01 -1.351029e-04 -1.016748e-02 -1.621163e+01 1.400467e-04 9.999999e-01 4.855184e-04 -3.979239e-01 1.016740e-02 -4.869160e-04 9.999481e-01 2.956191e+01
9.999959e-01 4.665530e-04 -2.826089e-03 -1.564248e+01 -4.666030e-04 9.999999e-01 -1.705100e-05 -4.201354e-01 2.826070e-03 1.837088e-05 9.999959e-01 2.959094e+01
9.999325e-01 -1.057021e-04 -1.161559e-02 -1.506781e+01 1.119697e-04 9.999998e-01 5.389295e-04 -4.405729e-01 1.161552e-02 -5.401924e-04 9.999323e-01 2.954701e+01
9.999577e-01 6.214639e-04 -9.179959e-03 -1.459475e+01 -6.192162e-04 9.999998e-01 2.476780e-04 -4.583184e-01 9.180097e-03 -2.419817e-04 9.999577e-01 2.954425e+01
9.999725e-01 -2.112083e-04 -7.414338e-03 -1.409754e+01 2.138361e-04 9.999999e-01 3.536126e-04 -4.774119e-01 7.414247e-03 -3.551868e-04 9.999724e-01 2.955624e+01
9.999366e-01 6.638832e-04 -1.123688e-02 -1.366167e+01 -6.600320e-04 9.999997e-01 3.464206e-04 -4.959929e-01 1.123709e-02 -3.389804e-04 9.999367e-01 2.962907e+01
9.999871e-01 -2.767831e-04 -5.078639e-03 -1.323019e+01 2.780813e-04 9.999999e-01 2.548779e-04 -5.165124e-01 5.078548e-03 -2.562853e-04 9.999870e-01 2.977514e+01
9.999995e-01 4.089904e-04 -9.305111e-04 -1.288281e+01 -4.090559e-04 9.999999e-01 -7.043612e-05 -5.344364e-01 9.304621e-04 7.081831e-05 9.999995e-01 2.993735e+01
9.999998e-01 -3.748008e-04 -4.274025e-04 -1.251693e+01 3.748452e-04 9.999999e-01 1.034155e-04 -5.564053e-01 4.273435e-04 -1.035741e-04 9.999998e-01 3.023659e+01
9.999945e-01 4.570105e-04 -3.294643e-03 -1.212263e+01 -4.569726e-04 9.999999e-01 1.219669e-05 -5.785663e-01 3.294628e-03 -1.068945e-05 9.999945e-01 3.049472e+01
9.999396e-01 -1.022527e-04 -1.099456e-02 -1.173930e+01 1.077504e-04 9.999999e-01 4.994335e-04 -5.980521e-01 1.099448e-02 -5.005863e-04 9.999393e-01 3.066761e+01
9.999698e-01 5.628152e-04 -7.756771e-03 -1.154386e+01 -5.611374e-04 9.999998e-01 2.184457e-04 -6.153982e-01 7.756869e-03 -2.140848e-04 9.999698e-01 3.103200e+01
9.999747e-01 -2.110775e-04 -7.103887e-03 -1.150445e+01 2.135967e-04 9.999999e-01 3.538298e-04 -6.322911e-01 7.103786e-03 -3.553364e-04 9.999746e-01 3.159934e+01
9.999746e-01 5.374896e-04 -7.100833e-03 -1.144562e+01 -5.360938e-04 9.999998e-01 1.984447e-04 -6.479856e-01 7.100911e-03 -1.946311e-04 9.999747e-01 3.208038e+01
9.999408e-01 -1.074182e-04 -1.088108e-02 -1.126197e+01 1.127084e-04 9.999999e-01 4.855465e-04 -6.650033e-01 1.088100e-02 -4.867423e-04 9.999406e-01 3.244716e+01
9.999304e-01 6.775629e-04 -1.178180e-02 -1.099944e+01 -6.730587e-04 9.999997e-01 3.862344e-04 -6.810027e-01 1.178203e-02 -3.782757e-04 9.999304e-01 3.267118e+01
