9.999999e-01 -2.120640e-05 -3.650271e-04 8.080707e-02 2.120028e-05 1.000000e+00 -1.684050e-05 -6.427216e-03 3.650275e-04 1.683324e-05 9.999998e-01 9.324031e-02
9.999619e-01 2.229015e-04 -8.725052e-03 2.068101e-01 -2.196611e-04 9.999999e-01 3.723438e-04 -2.659064e-02 8.725134e-03 -3.704126e-04 9.999618e-01 6.793690e-01
9.999993e-01 1.852966e-06 -1.176365e-03 2.292244e-01 -1.819751e-06 1.000000e+00 2.821658e-05 -4.225656e-02 1.176364e-03 -2.821386e-05 9.999992e-01 1.219849e+00
9.999304e-01 3.106791e-04 -1.179526e-02 4.610996e-01 -3.049451e-04 9.999998e-01 4.879198e-04 -6.249934e-02 1.179541e-02 -4.842883e-04 9.999302e-01 1.653494e+00
9.999991e-01 -5.734094e-06 -1.350548e-03 5.582364e-01 5.741476e-06 1.000000e+00 5.437628e-06 -7.579298e-02 1.350543e-03 -5.444726e-06 9.999990e-01 1.984723e+00
9.997201e-01 6.579056e-04 -2.364979e-02 5.240874e-01 -6.351261e-04 9.999993e-01 9.707005e-04 -8.101543e-02 2.365041e-02 -9.554074e-04 9.997197e-01 2.220300e+00
9.998471e-01 -5.093504e-04 1.747790e-02 3.707792e-01 5.231783e-04 9.999996e-01 -7.866029e-04 -6.610161e-02 -1.747750e-02 7.956275e-04 9.998468e-01 1.787656e+00
9.995668e-01 8.136108e-04 -2.942020e-02 3.386155e-01 -7.772842e-04 9.999989e-01 1.246166e-03 -7.523014e-02 2.942117e-02 -1.222758e-03 9.995663e-01 2.160496e+00
9.998618e-01 -4.884680e-04 1.661996e-02 2.995503e-01 5.003813e-04 9.999996e-01 -7.126545e-04 -9.122350e-02 -1.661962e-02 7.208732e-04 9.998615e-01 2.805221e+00
9.993727e-01 9.780236e-04 -3.540010e-02 2.838494e-01 -9.283970e-04 9.999986e-01 1.418286e-03 -8.830665e-02 3.540143e-02 -1.384530e-03 9.993721e-01 2.666328e+00
9.994057e-01 -9.426999e-04 3.445912e-02 3.488445e-01 9.904689e-04 9.999986e-01 -1.369202e-03 -9.976720e-02 -3.445779e-02 1.402520e-03 9.994051e-01 2.982415e+00
9.994022e-01 9.534214e-04 -3.455912e-02 1.728289e-01 -9.073099e-04 9.999987e-01 1.349936e-03 -9.304878e-02 3.456035e-02 -1.317772e-03 9.994016e-01 2.898794e+00
9.995470e-01 -8.389456e-04 3.008542e-02 -5.080310e-02 8.756313e-04 9.999989e-01 -1.206229e-03 -9.209991e-02 -3.008439e-02 1.232027e-03 9.995465e-01 3.108151e+00
9.992073e-01 1.107712e-03 -3.979319e-02 -1.021210e-01 -1.044011e-03 9.999981e-01 1.621554e-03 -1.099785e-01 3.979489e-02 -1.578723e-03 9.992065e-01 3.855030e+00
9.998208e-01 -5.688796e-04 1.892106e-02 -1.234556e-01 5.835154e-04 9.999995e-01 -7.680040e-04 -1.264557e-01 -1.892063e-02 7.789081e-04 9.998206e-01 4.485111e+00
9.990487e-01 1.242924e-03 -4.359124e-02 1.294696e-02 -1.169520e-03 9.999979e-01 1.709358e-03 -1.252354e-01 4.359325e-02 -1.656750e-03 9.990479e-01 4.229471e+00
9.992931e-01 -1.069578e-03 3.757976e-02 1.687235e-01 1.126616e-03 9.999982e-01 -1.496640e-03 -1.237601e-01 -3.757811e-02 1.537921e-03 9.992924e-01 3.903861e+00
9.985185e-01 1.552224e-03 -5.439093e-02 2.907486e-01 -1.436821e-03 9.999966e-01 2.160774e-03 -1.181269e-01 5.439408e-02 -2.079422e-03 9.985173e-01 3.476898e+00
9.994397e-01 -9.659130e-04 3.345550e-02 4.377019e-01 1.011446e-03 9.999986e-01 -1.344097e-03 -1.181260e-01 -3.345418e-02 1.377183e-03 9.994392e-01 3.232531e+00
9.985253e-01 1.560001e-03 -5.426553e-02 4.876932e-01 -1.445099e-03 9.999966e-01 2.156568e-03 -1.214292e-01 5.426869e-02 -2.074967e-03 9.985241e-01 3.256107e+00
9.985927e-01 -1.458561e-03 5.301351e-02 5.051126e-01 1.569573e-03 9.999967e-01 -2.052453e-03 -1.300213e-01 -5.301037e-02 2.132775e-03 9.985916e-01 3.538287e+00
9.982748e-01 1.686114e-03 -5.869105e-02 5.393563e-01 -1.552409e-03 9.999961e-01 2.323639e-03 -1.357839e-01 5.869471e-02 -2.228517e-03 9.982734e-01 3.666614e+00
9.995526e-01 -8.695476e-04 2.989683e-02 6.251007e-01 9.055089e-04 9.999989e-01 -1.189319e-03 -1.408322e-01 -2.989579e-02 1.215860e-03 9.995522e-01 3.708413e+00
9.986325e-01 1.484366e-03 -5.225850e-02 1.003132e+00 -1.377931e-03 9.999969e-01 2.072670e-03 -1.525078e-01 5.226139e-02 -1.997826e-03 9.986313e-01 3.598121e+00
9.998804e-01 -4.814611e-04 1.545495e-02 1.228060e+00 4.913175e-04 9.999997e-01 -6.339400e-04 -1.620157e-01 -1.545468e-02 6.414592e-04 9.998803e-01 3.631570e+00
9.992610e-01 1.077140e-03 -3.842360e-02 1.400109e+00 -1.020468e-03 9.999984e-01 1.494495e-03 -1.783593e-01 3.842511e-02 -1.454179e-03 9.992603e-01 3.987932e+00
9.994825e-01 -9.242089e-04 3.215534e-02 1.604905e+00 9.641164e-04 9.999988e-01 -1.225590e-03 -2.010363e-01 -3.215421e-02 1.255958e-03 9.994820e-01 4.541256e+00
9.994290e-01 1.006718e-03 -3.377455e-02 2.246750e+00 -9.635839e-04 9.999987e-01 1.293373e-03 -2.217156e-01 3.377577e-02 -1.260089e-03 9.994285e-01 4.425867e+00
9.994455e-01 -9.587116e-04 3.328328e-02 2.563008e+00 1.002353e-03 9.999987e-01 -1.294529e-03 -2.065720e-01 -3.328203e-02 1.327175e-03 9.994450e-01 3.379374e+00
9.994845e-01 9.462999e-04 -3.209032e-02 1.748357e+00 -9.093742e-04 9.999989e-01 1.165247e-03 -1.427050e-01 3.209135e-02 -1.135463e-03 9.994842e-01 1.848793e+00
9.994492e-01 -9.490561e-04 3.317157e-02 8.361672e-01 9.925990e-04 9.999987e-01 -1.296202e-03 -6.779551e-02 -3.317033e-02 1.328416e-03 9.994487e-01 1.072834e-02
9.994659e-01 9.579085e-04 -3.266539e-02 2.208930e-03 -9.194431e-04 9.999989e-01 1.192549e-03 5.838961e-03 3.266646e-02 -1.161876e-03 9.994655e-01 -1.878373e+00
9.994665e-01 -9.370825e-04 3.264831e-02 -7.751556e-01 9.792949e-04 9.999987e-01 -1.276964e-03 7.235994e-02 -3.264710e-02 1.308256e-03 9.994660e-01 -3.567195e+00
9.994607e-01 9.519798e-04 -3.282493e-02 -1.328470e+00 -9.126926e-04 9.999988e-01 1.211824e-03 1.209409e-01 3.282601e-02 -1.181210e-03 9.994603e-01 -4.835241e+00
9.994526e-01 -9.364002e-04 3.306845e-02 -2.159814e+00 9.802209e-04 9.999987e-01 -1.308954e-03 1.897079e-01 -3.306721e-02 1.340654e-03 9.994521e-01 -6.541077e+00
9.994583e-01 9.528218e-04 -3.289560e-02 -2.975854e+00 -9.132787e-04 9.999988e-01 1.217074e-03 2.641677e-01 3.289669e-02 -1.186371e-03 9.994580e-01 -8.488045e+00
9.994524e-01 -9.292990e-04 3.307725e-02 -3.861510e+00 9.732759e-04 9.999987e-01 -1.313433e-03 3.470006e-01 -3.307602e-02 1.344908e-03 9.994518e-01 -1.067316e+01
9.994585e-01 9.448562e-04 -3.289225e-02 -4.696525e+00 -9.051978e-04 9.999988e-01 1.220569e-03 4.197189e-01 3.289333e-02 -1.190133e-03 9.994581e-01 -1.252445e+01
9.994878e-01 -9.081302e-04 3.198955e-02 -5.312343e+00 9.489664e-04 9.999988e-01 -1.261378e-03 4.694683e-01 -3.198840e-02 1.291090e-03 9.994873e-01 -1.376003e+01
9.994976e-01 9.095575e-04 -3.168160e-02 -6.012499e+00 -8.729403e-04 9.999989e-01 1.169590e-03 5.229576e-01 3.168259e-02 -1.141345e-03 9.994972e-01 -1.502762e+01
9.994773e-01 -9.116718e-04 3.231491e-02 -6.721414e+00 9.531563e-04 9.999987e-01 -1.268364e-03 5.711414e-01 -3.231375e-02 1.298504e-03 9.994768e-01 -1.606842e+01
9.995239e-01 8.763057e-04 -3.084030e-02 -7.316469e+00 -8.408854e-04 9.999990e-01 1.161452e-03 6.105172e-01 3.084125e-02 -1.134964e-03 9.995236e-01 -1.689191e+01
9.994498e-01 -9.396350e-04 3.315348e-02 -7.740646e+00 9.820186e-04 9.999987e-01 -1.262135e-03 6.301025e-01 -3.315228e-02 1.293999e-03 9.994494e-01 -1.712420e+01
9.995328e-01 8.595766e-04 -3.055061e-02 -8.261717e+00 -8.253347e-04 9.999990e-01 1.133408e-03 6.603737e-01 3.055152e-02 -1.107663e-03 9.995325e-01 -1.766697e+01
9.994808e-01 -8.991832e-04 3.220789e-02 -8.789613e+00 9.399345e-04 9.999988e-01 -1.250130e-03 7.034710e-01 -3.220676e-02 1.279755e-03 9.994803e-01 -1.872461e+01
9.995280e-01 8.545046e-04 -3.070746e-02 -9.258104e+00 -8.191345e-04 9.999990e-01 1.164395e-03 7.284657e-01 3.070839e-02 -1.138691e-03 9.995276e-01 -1.912066e+01
9.995586e-01 -8.303716e-04 2.969833e-02 -9.694052e+00 8.661699e-04 9.999989e-01 -1.192543e-03 7.605139e-01 -2.969734e-02 1.217742e-03 9.995581e-01 -1.987966e+01
9.994215e-01 9.580376e-04 -3.399669e-02 -1.022087e+01 -9.145511e-04 9.999987e-01 1.294659e-03 8.078487e-01 3.399785e-02 -1.262817e-03 9.994210e-01 -2.112024e+01
9.995594e-01 -8.255708e-04 2.966872e-02 -1.079900e+01 8.614972e-04 9.999989e-01 -1.198144e-03 8.586612e-01 -2.966774e-02 1.223177e-03 9.995590e-01 -2.243695e+01
9.994731e-01 9.094028e-04 -3.244514e-02 -1.136681e+01 -8.698806e-04 9.999989e-01 1.232211e-03 9.066277e-01 3.244619e-02 -1.203337e-03 9.994727e-01 -2.366495e+01
9.997714e-01 -6.281627e-04 2.137299e-02 -1.173198e+01 6.472903e-04 9.999994e-01 -8.880204e-04 9.385901e-01 -2.137245e-02 9.016534e-04 9.997711e-01 -2.450529e+01
9.991081e-01 1.177761e-03 -4.220894e-02 -1.186483e+01 -1.107876e-03 9.999980e-01 1.679022e-03 9.555568e-01 4.221079e-02 -1.630761e-03 9.991073e-01 -2.505718e+01
9.998416e-01 -5.332889e-04 1.779112e-02 -1.198614e+01 5.472273e-04 9.999995e-01 -7.785633e-04 9.683878e-01 -1.779074e-02 7.881775e-04 9.998413e-01 -2.545099e+01
9.989996e-01 1.240893e-03 -4.470217e-02 -1.212410e+01 -1.161167e-03 9.999977e-01 1.809413e-03 9.788460e-01 4.470427e-02 -1.755695e-03 9.989986e-01 -2.574097e+01
9.999806e-01 1.107297e-04 -6.232560e-03 -1.215128e+01 -1.097123e-04 1.000000e+00 1.634963e-04 9.801070e-01 6.232530e-03 -1.628075e-04 9.999805e-01 -2.578399e+01
9.993773e-01 9.508056e-04 -3.527313e-02 -1.212098e+01 -9.013763e-04 9.999986e-01 1.417190e-03 9.820184e-01 3.527437e-02 -1.384511e-03 9.993766e-01 -2.594924e+01
9.999996e-01 -3.377122e-05 -8.478979e-04 -1.204995e+01 3.371426e-05 1.000000e+00 -6.794918e-05 9.836146e-01 8.478451e-04 6.792266e-05 9.999995e-01 -2.615772e+01
9.992242e-01 1.054165e-03 -3.936718e-02 -1.202483e+01 -9.922509e-04 9.999982e-01 1.592233e-03 9.844018e-01 3.936874e-02 -1.551933e-03 9.992235e-01 -2.627997e+01
9.999418e-01 2.528115e-04 -1.078351e-02 -1.202801e+01 -2.492311e-04 9.999999e-01 3.332943e-04 9.821846e-01 1.078353e-02 -3.305850e-04 9.999417e-01 -2.622890e+01
9.991438e-01 1.105183e-03 -4.135673e-02 -1.200650e+01 -1.036270e-03 9.999980e-01 1.687682e-03 9.776337e-01 4.135845e-02 -1.643378e-03 9.991429e-01 -2.612530e+01
9.999569e-01 2.091003e-04 -9.279228e-03 -1.200564e+01 -2.066618e-04 9.999999e-01 2.636358e-04 9.753578e-01 9.279212e-03 -2.617042e-04 9.999568e-01 -2.608268e+01
9.990537e-01 1.173248e-03 -4.347643e-02 -1.197360e+01 -1.096878e-03 9.999978e-01 1.780387e-03 9.717104e-01 4.347835e-02 -1.731012e-03 9.990528e-01 -2.602348e+01
9.999925e-01 7.569316e-05 -3.858210e-03 -1.195484e+01 -7.554089e-05 1.000000e+00 3.928369e-05 9.728712e-01 3.858136e-03 -3.898927e-05 9.999925e-01 -2.612810e+01
9.989819e-01 1.211038e-03 -4.509618e-02 -1.195433e+01 -1.127985e-03 9.999976e-01 1.867044e-03 9.710348e-01 4.509826e-02 -1.814272e-03 9.989808e-01 -2.609480e+01
9.999656e-01 2.090423e-04 -8.287303e-03 -1.199893e+01 -2.073530e-04 1.000000e+00 2.045134e-04 9.705293e-01 8.287263e-03 -2.027852e-04 9.999656e-01 -2.604315e+01
9.990905e-01 1.148844e-03 -4.262520e-02 -1.203381e+01 -1.073797e-03 9.999978e-01 1.783446e-03 9.669995e-01 4.262707e-02 -1.736050e-03 9.990895e-01 -2.588206e+01
9.999986e-01 2.662145e-05 -1.637812e-03 -1.192553e+01 -2.671873e-05 1.000000e+00 -6.044189e-05 9.593675e-01 1.637722e-03 6.048848e-05 9.999986e-01 -2.576310e+01
9.989244e-01 1.245953e-03 -4.635201e-02 -1.191450e+01 -1.158064e-03 9.999975e-01 1.922894e-03 9.564098e-01 4.635420e-02 -1.867144e-03 9.989232e-01 -2.569575e+01
9.999966e-01 -7.877605e-05 2.605856e-03 -1.192077e+01 7.939569e-05 1.000000e+00 -2.369196e-04 9.571406e-01 -2.605929e-03 2.371286e-04 9.999965e-01 -2.574841e+01
9.990069e-01 1.189855e-03 -4.454011e-02 -1.185610e+01 -1.108167e-03 9.999977e-01 1.858649e-03 9.550295e-01 4.454212e-02 -1.807442e-03 9.990058e-01 -2.578475e+01
9.999999e-01 4.552102e-06 -3.089218e-04 -1.189310e+01 -4.588309e-06 1.000000e+00 -1.243106e-04 9.533710e-01 3.088263e-04 1.243150e-04 9.999999e-01 -2.570501e+01
9.994243e-01 9.095901e-04 -3.391542e-02 -1.195951e+01 -8.605438e-04 9.999986e-01 1.460639e-03 9.464860e-01 3.391661e-02 -1.430609e-03 9.994236e-01 -2.536546e+01
9.999960e-01 -9.042311e-05 2.813948e-03 -1.204444e+01 9.111231e-05 1.000000e+00 -2.439531e-04 9.406498e-01 -2.814022e-03 2.442115e-04 9.999959e-01 -2.505844e+01
9.997237e-01 6.295780e-04 -2.349775e-02 -1.208190e+01 -6.053649e-04 9.999993e-01 1.037445e-03 9.301565e-01 2.349829e-02 -1.022931e-03 9.997233e-01 -2.462797e+01
9.994625e-01 -8.079849e-04 3.277256e-02 -1.211890e+01 8.508902e-04 9.999988e-01 -1.295181e-03 9.164697e-01 -3.277157e-02 1.322374e-03 9.994619e-01 -2.406048e+01
9.999279e-01 4.318286e-04 -1.199420e-02 -1.219644e+01 -4.237891e-04 9.999997e-01 6.726237e-04 9.026903e-01 1.199439e-02 -6.674892e-04 9.999278e-01 -2.340974e+01
9.993155e-01 -8.899825e-04 3.698299e-02 -1.226837e+01 9.439021e-04 9.999985e-01 -1.440457e-03 8.919751e-01 -3.698174e-02 1.474382e-03 9.993148e-01 -2.289365e+01
9.999476e-01 4.209802e-04 -1.022503e-02 -1.223468e+01 -4.147686e-04 9.999997e-01 6.093979e-04 8.775155e-01 1.022519e-02 -6.051220e-04 9.999475e-01 -2.237232e+01
9.995552e-01 -7.830758e-04 2.981285e-02 -1.227020e+01 8.185788e-04 9.999990e-01 -1.178598e-03 8.599387e-01 -2.981199e-02 1.202481e-03 9.995547e-01 -2.162546e+01
9.999437e-01 4.379976e-04 -1.060103e-02 -1.226226e+01 -4.316242e-04 9.999997e-01 6.032912e-04 8.429230e-01 1.060120e-02 -5.986786e-04 9.999436e-01 -2.096797e+01
9.995743e-01 -7.776782e-04 2.916277e-02 -1.226683e+01 8.112690e-04 9.999990e-01 -1.139950e-03 8.242374e-01 -2.916195e-02 1.163126e-03 9.995740e-01 -2.022285e+01
9.998436e-01 5.781061e-04 -1.767497e-02 -1.225905e+01 -5.636506e-04 9.999995e-01 8.227118e-04 8.051662e-01 1.767534e-02 -8.126177e-04 9.998434e-01 -1.949143e+01
9.996737e-01 -6.905595e-04 2.553443e-02 -1.212178e+01 7.177285e-04 9.999992e-01 -1.054781e-03 7.843910e-01 -2.553377e-02 1.072767e-03 9.996733e-01 -1.889605e+01
9.999322e-01 4.542772e-04 -1.163488e-02 -1.204312e+01 -4.468088e-04 9.999997e-01 6.443153e-04 7.640862e-01 1.163508e-02 -6.390700e-04 9.999320e-01 -1.822537e+01
9.998701e-01 -5.444125e-04 1.610420e-02 -1.201551e+01 5.569275e-04 9.999995e-01 -7.725217e-04 7.480155e-01 -1.610387e-02 7.813933e-04 9.998699e-01 -1.766384e+01
9.998747e-01 5.310123e-04 -1.582172e-02 -1.202311e+01 -5.186182e-04 9.999996e-01 7.873319e-04 7.322600e-01 1.582204e-02 -7.790249e-04 9.998744e-01 -1.706530e+01
9.999038e-01 -5.033430e-04 1.385640e-02 -1.203111e+01 5.129414e-04 9.999996e-01 -6.890098e-04 7.151744e-01 -1.385614e-02 6.960541e-04 9.999037e-01 -1.641754e+01
9.995175e-01 9.398793e-04 -3.104543e-02 -1.207584e+01 -8.979439e-04 9.999987e-01 1.364628e-03 7.015780e-01 3.104658e-02 -1.336089e-03 9.995170e-01 -1.587257e+01
9.999861e-01 -2.749476e-04 5.259649e-03 -1.215765e+01 2.767040e-04 9.999999e-01 -3.328064e-04 6.872752e-01 -5.259650e-03 3.342602e-04 9.999860e-01 -1.523699e+01
9.989035e-01 1.396773e-03 -4.679564e-02 -1.223964e+01 -1.305807e-03 9.999972e-01 1.974357e-03 6.813147e-01 4.679817e-02 -1.911083e-03 9.989025e-01 -1.492590e+01
9.999559e-01 -3.794700e-04 9.377875e-03 -1.230977e+01 3.842367e-04 9.999998e-01 -5.062511e-04 6.759707e-01 -9.377777e-03 5.098352e-04 9.999558e-01 -1.465687e+01
9.991633e-01 1.232948e-03 -4.087995e-02 -1.235924e+01 -1.162980e-03 9.999978e-01 1.735225e-03 6.671576e-01 4.088191e-02 -1.686228e-03 9.991625e-01 -1.427560e+01
9.999657e-01 -3.617768e-04 8.267359e-03 -1.243126e+01 3.656688e-04 9.999998e-01 -4.689580e-04 6.616154e-01 -8.267285e-03 4.719681e-04 9.999657e-01 -1.400777e+01
9.991943e-01 1.222570e-03 -4.011390e-02 -1.250521e+01 -1.155074e-03 9.999979e-01 1.705687e-03 6.549545e-01 4.011581e-02 -1.657975e-03 9.991936e-01 -1.367195e+01
9.998278e-01 -6.314544e-04 1.854313e-02 -1.253919e+01 6.471428e-04 9.999994e-01 -8.399158e-04 6.410173e-01 -1.854269e-02 8.517743e-04 9.998276e-01 -1.310616e+01
9.996009e-01 8.784467e-04 -2.823513e-02 -1.258960e+01 -8.440302e-04 9.999989e-01 1.230731e-03 6.247878e-01 2.823608e-02 -1.206405e-03 9.996005e-01 -1.243151e+01
9.996199e-01 -8.656878e-04 2.755458e-02 -1.256116e+01 8.990249e-04 9.999989e-01 -1.197392e-03 6.111715e-01 -2.755361e-02 1.221712e-03 9.996195e-01 -1.198215e+01
9.996236e-01 8.857388e-04 -2.742047e-02 -1.233224e+01 -8.535095e-04 9.999989e-01 1.186962e-03 5.964891e-01 2.742139e-02 -1.163108e-03 9.996232e-01 -1.177158e+01
9.996279e-01 -8.826069e-04 2.725987e-02 -1.232611e+01 9.141827e-04 9.999989e-01 -1.145787e-03 5.803601e-01 -2.725893e-02 1.170284e-03 9.996277e-01 -1.117925e+01
9.996315e-01 8.865597e-04 -2.712749e-02 -1.227170e+01 -8.545988e-04 9.999989e-01 1.189654e-03 5.607489e-01 2.712841e-02 -1.166029e-03 9.996312e-01 -1.051779e+01
9.996271e-01 -8.846682e-04 2.729133e-02 -1.222044e+01 9.161337e-04 9.999989e-01 -1.140364e-03 5.404324e-01 -2.729039e-02 1.164944e-03 9.996268e-01 -9.820888e+00
9.996262e-01 8.851384e-04 -2.732410e-02 -1.223718e+01 -8.522059e-04 9.999989e-01 1.216788e-03 5.199847e-01 2.732504e-02 -1.193044e-03 9.996258e-01 -9.008238e+00
9.996070e-01 -8.657033e-04 2.801764e-02 -1.199054e+01 8.999965e-04 9.999989e-01 -1.211302e-03 4.981335e-01 -2.801665e-02 1.236045e-03 9.996066e-01 -8.533400e+00
9.996226e-01 8.773576e-04 -2.745431e-02 -1.183069e+01 -8.439096e-04 9.999989e-01 1.229786e-03 4.774791e-01 2.745526e-02 -1.206150e-03 9.996222e-01 -7.984179e+00
9.996226e-01 -8.735870e-04 2.745674e-02 -1.178818e+01 9.065483e-04 9.999989e-01 -1.187959e-03 4.594891e-01 -2.745577e-02 1.212404e-03 9.996222e-01 -7.371971e+00
9.996194e-01 8.761442e-04 -2.757132e-02 -1.179629e+01 -8.418199e-04 9.999989e-01 1.256419e-03 4.401673e-01 2.757229e-02 -1.232728e-03 9.996190e-01 -6.621386e+00
9.996118e-01 -8.813956e-04 2.784698e-02 -1.180555e+01 9.144016e-04 9.999989e-01 -1.172453e-03 4.175117e-01 -2.784602e-02 1.197465e-03 9.996115e-01 -5.725627e+00
9.996198e-01 8.785136e-04 -2.755657e-02 -1.180546e+01 -8.445733e-04 9.999989e-01 1.243180e-03 3.962806e-01 2.755753e-02 -1.219431e-03 9.996194e-01 -4.906277e+00
9.996138e-01 -8.745005e-04 2.777487e-02 -1.173825e+01 9.088730e-04 9.999988e-01 -1.224840e-03 3.803130e-01 -2.777386e-02 1.249614e-03 9.996134e-01 -4.416216e+00
9.996494e-01 8.812901e-04 -2.646222e-02 -1.156766e+01 -8.489215e-04 9.999989e-01 1.234314e-03 3.570202e-01 2.646318e-02 -1.211414e-03 9.996490e-01 -3.773144e+00
9.996525e-01 -8.688713e-04 2.634534e-02 -1.141120e+01 8.997221e-04 9.999989e-01 -1.159082e-03 3.318142e-01 -2.634441e-02 1.182386e-03 9.996522e-01 -3.026360e+00
9.996543e-01 8.938498e-04 -2.627408e-02 -1.111000e+01 -8.623249e-04 9.999989e-01 1.211058e-03 3.054167e-01 2.627503e-02 -1.187979e-03 9.996540e-01 -2.443782e+00
9.996295e-01 -8.850454e-04 2.720230e-02 -1.090844e+01 9.176783e-04 9.999989e-01 -1.187075e-03 2.812705e-01 -2.720131e-02 1.211601e-03 9.996292e-01 -1.811189e+00
9.998105e-01 7.679115e-04 -1.945131e-02 -1.083892e+01 -7.489574e-04 9.999992e-01 9.815746e-04 2.602470e-01 1.945195e-02 -9.668173e-04 9.998103e-01 -1.100652e+00
9.997859e-01 -7.861884e-04 2.067675e-02 -1.077704e+01 8.063265e-04 9.999992e-01 -9.655027e-04 2.385106e-01 -2.067608e-02 9.819713e-04 9.997857e-01 -3.609262e-01
9.998044e-01 7.704547e-04 -1.975971e-02 -1.072455e+01 -7.508334e-04 9.999992e-01 1.000267e-03 2.159924e-01 1.976036e-02 -9.852316e-04 9.998042e-01 4.260516e-01
9.996926e-01 -8.467241e-04 2.477664e-02 -1.064406e+01 8.747822e-04 9.999990e-01 -1.121514e-03 1.955813e-01 -2.477577e-02 1.142847e-03 9.996923e-01 1.087321e+00
9.997339e-01 8.233799e-04 -2.305296e-02 -1.061963e+01 -7.971008e-04 9.999990e-01 1.149001e-03 1.722663e-01 2.305379e-02 -1.130317e-03 9.997335e-01 1.955496e+00
9.996924e-01 -8.556763e-04 2.478489e-02 -1.060486e+01 8.844622e-04 9.999989e-01 -1.150382e-03 1.531301e-01 -2.478398e-02 1.171952e-03 9.996921e-01 2.664099e+00
9.997347e-01 8.178086e-04 -2.301696e-02 -1.061609e+01 -7.913903e-04 9.999990e-01 1.156751e-03 1.337621e-01 2.301779e-02 -1.138226e-03 9.997343e-01 3.426020e+00
9.996127e-01 -9.074492e-04 2.781299e-02 -1.059732e+01 9.430412e-04 9.999988e-01 -1.266504e-03 1.166501e-01 -2.781191e-02 1.292245e-03 9.996123e-01 4.052003e+00
9.996800e-01 8.922656e-04 -2.527968e-02 -1.049222e+01 -8.608877e-04 9.999988e-01 1.251989e-03 9.256020e-02 2.528067e-02 -1.229822e-03 9.996796e-01 4.826723e+00
9.996792e-01 -8.923648e-04 2.531185e-02 -1.046282e+01 9.230885e-04 9.999989e-01 -1.202043e-03 7.354366e-02 -2.531085e-02 1.225026e-03 9.996788e-01 5.503497e+00
9.996769e-01 8.881997e-04 -2.540132e-02 -1.047328e+01 -8.569567e-04 9.999989e-01 1.240737e-03 5.833928e-02 2.540230e-02 -1.218565e-03 9.996765e-01 6.090254e+00
9.996461e-01 -8.891559e-04 2.658427e-02 -1.029189e+01 9.225009e-04 9.999988e-01 -1.241975e-03 3.726944e-02 -2.658324e-02 1.266063e-03 9.996457e-01 6.623382e+00
9.996947e-01 8.930664e-04 -2.468904e-02 -1.003844e+01 -8.628061e-04 9.999989e-01 1.236180e-03 1.129427e-02 2.469002e-02 -1.214498e-03 9.996944e-01 7.258994e+00
9.996742e-01 -8.910798e-04 2.550900e-02 -9.893931e+00 9.220175e-04 9.999989e-01 -1.200973e-03 -1.233498e-02 -2.550799e-02 1.224104e-03 9.996738e-01 7.957685e+00
9.997042e-01 8.692326e-04 -2.430233e-02 -9.858702e+00 -8.400585e-04 9.999989e-01 1.210546e-03 -3.098712e-02 2.430325e-02 -1.189769e-03 9.997039e-01 8.612658e+00
9.996461e-01 -9.046885e-04 2.658679e-02 -9.711479e+00 9.387469e-04 9.999988e-01 -1.268472e-03 -4.403323e-02 -2.658571e-02 1.292985e-03 9.996456e-01 8.885313e+00
9.996576e-01 9.366304e-04 -2.614649e-02 -9.325718e+00 -9.030972e-04 9.999988e-01 1.294194e-03 -7.019357e-02 2.614757e-02 -1.270135e-03 9.996572e-01 9.334431e+00
9.996371e-01 -9.216939e-04 2.692121e-02 -9.061688e+00 9.556620e-04 9.999988e-01 -1.248820e-03 -9.760709e-02 -2.692013e-02 1.274098e-03 9.996367e-01 1.001674e+01
9.997018e-01 9.372959e-04 -2.439791e-02 -8.610156e+00 -9.078569e-04 9.999988e-01 1.217567e-03 -1.280406e-01 2.439892e-02 -1.195052e-03 9.997015e-01 1.055180e+01
9.992857e-01 -1.116006e-03 3.777210e-02 -8.342744e+00 1.176367e-03 9.999981e-01 -1.575795e-03 -1.560181e-01 -3.777037e-02 1.619106e-03 9.992851e-01 1.126398e+01
9.997758e-01 8.695689e-04 -2.115248e-02 -8.106411e+00 -8.465506e-04 9.999990e-01 1.097026e-03 -1.806187e-01 2.115332e-02 -1.078870e-03 9.997756e-01 1.188631e+01
9.994741e-01 -1.030033e-03 3.241083e-02 -7.867708e+00 1.076173e-03 9.999984e-01 -1.406101e-03 -2.055483e-01 -3.240943e-02 1.440245e-03 9.994736e-01 1.251206e+01
9.997513e-01 8.600381e-04 -2.228312e-02 -7.743734e+00 -8.353702e-04 9.999990e-01 1.116201e-03 -2.215728e-01 2.228396e-02 -1.097306e-03 9.997510e-01 1.294681e+01
9.995742e-01 -9.694736e-04 2.916084e-02 -7.685072e+00 1.007178e-03 9.999987e-01 -1.278237e-03 -2.431130e-01 -2.915966e-02 1.307066e-03 9.995739e-01 1.369192e+01
9.997789e-01 8.751795e-04 -2.100767e-02 -7.457422e+00 -8.527280e-04 9.999991e-01 1.077548e-03 -2.712137e-01 2.100850e-02 -1.059393e-03 9.997787e-01 1.446629e+01
9.996302e-01 -8.922595e-04 2.717567e-02 -6.881499e+00 9.257538e-04 9.999988e-01 -1.219860e-03 -3.070585e-01 -2.717464e-02 1.244570e-03 9.996299e-01 1.506043e+01
9.997563e-01 8.594236e-04 -2.205625e-02 -6.589352e+00 -8.349518e-04 9.999990e-01 1.118598e-03 -3.366195e-01 2.205709e-02 -1.099907e-03 9.997560e-01 1.580410e+01
9.996333e-01 -9.311282e-04 2.706077e-02 -6.531469e+00 9.641011e-04 9.999988e-01 -1.205363e-03 -3.605683e-01 -2.705971e-02 1.231014e-03 9.996330e-01 1.665114e+01
9.998358e-01 7.883364e-04 -1.810118e-02 -6.349365e+00 -7.710958e-04 9.999992e-01 9.592904e-04 -3.825003e-01 1.810183e-02 -9.451721e-04 9.998356e-01 1.723558e+01
9.997036e-01 -9.113512e-04 2.432848e-02 -6.325857e+00 9.387064e-04 9.999989e-01 -1.112914e-03 -4.004439e-01 -2.432753e-02 1.135425e-03 9.997033e-01 1.789867e+01
9.998611e-01 7.821158e-04 -1.664546e-02 -6.315223e+00 -7.664425e-04 9.999993e-01 9.478151e-04 -4.243043e-01 1.664609e-02 -9.349225e-04 9.998609e-01 1.882169e+01
9.997734e-01 -8.753568e-04 2.126759e-02 -6.357719e+00 8.964574e-04 9.999991e-01 -9.825242e-04 -4.500765e-01 -2.126680e-02 1.001370e-03 9.997733e-01 1.991124e+01
9.998879e-01 7.711320e-04 -1.494854e-02 -6.331223e+00 -7.583505e-04 9.999993e-01 8.605290e-04 -4.748602e-01 1.494910e-02 -8.490932e-04 9.998878e-01 2.084601e+01
9.998303e-01 -8.394614e-04 1.840286e-02 -6.336268e+00 8.561642e-04 9.999992e-01 -8.996304e-04 -4.968895e-01 -1.840218e-02 9.152368e-04 9.998302e-01 2.171636e+01
9.998691e-01 7.958792e-04 -1.615962e-02 -6.347634e+00 -7.807772e-04 9.999993e-01 9.407003e-04 -5.231938e-01 1.616026e-02 -9.279569e-04 9.998689e-01 2.277375e+01
9.998100e-01 -8.387977e-04 1.947254e-02 -6.230378e+00 8.574966e-04 9.999992e-01 -9.518160e-04 -5.516660e-01 -1.947182e-02 9.683361e-04 9.998099e-01 2.372324e+01
9.998710e-01 7.855014e-04 -1.604126e-02 -6.191884e+00 -7.709112e-04 9.999993e-01 9.155682e-04 -5.755761e-01 1.604187e-02 -9.030806e-04 9.998708e-01 2.460193e+01
9.998360e-01 -8.411207e-04 1.809032e-02 -6.268114e+00 8.574089e-04 9.999992e-01 -8.925139e-04 -5.968577e-01 -1.808965e-02 9.078815e-04 9.998359e-01 2.555667e+01
9.998612e-01 7.966048e-04 -1.663884e-02 -6.398981e+00 -7.811473e-04 9.999993e-01 9.353440e-04 -6.168887e-01 1.663947e-02 -9.222137e-04 9.998611e-01 2.653657e+01
9.998114e-01 -8.874822e-04 1.940070e-02 -6.670316e+00 9.068594e-04 9.999991e-01 -9.898889e-04 -6.227761e-01 -1.939990e-02 1.007299e-03 9.998112e-01 2.711159e+01
9.998653e-01 7.967639e-04 -1.639407e-02 -6.927998e+00 -7.816645e-04 9.999993e-01 9.272807e-04 -6.292083e-01 1.639471e-02 -9.143379e-04 9.998651e-01 2.769147e+01
9.997745e-01 -9.387156e-04 2.121438e-02 -7.288816e+00 9.619072e-04 9.999990e-01 -1.082911e-03 -6.230242e-01 -2.121343e-02 1.103076e-03 9.997743e-01 2.791089e+01
9.998309e-01 8.407079e-04 -1.836672e-02 -7.785269e+00 -8.230905e-04 9.999992e-01 9.666209e-04 -6.077343e-01 1.836742e-02 -9.513369e-04 9.998308e-01 2.793759e+01
9.997331e-01 -9.770071e-04 2.307831e-02 -8.220404e+00 1.003548e-03 9.999988e-01 -1.138364e-03 -5.942191e-01 -2.307727e-02 1.161224e-03 9.997329e-01 2.795471e+01
9.998087e-01 8.777776e-04 -1.953674e-02 -8.641786e+00 -8.581360e-04 9.999991e-01 1.013614e-03 -5.861553e-01 1.953752e-02 -9.966515e-04 9.998086e-01 2.815579e+01
9.997153e-01 -9.820204e-04 2.383801e-02 -8.971808e+00 1.009870e-03 9.999988e-01 -1.156179e-03 -5.825776e-01 -2.383694e-02 1.179926e-03 9.997151e-01 2.841247e+01
9.997731e-01 8.962524e-04 -2.128028e-02 -9.444888e+00 -8.743251e-04 9.999991e-01 1.039584e-03 -5.612416e-01 2.128110e-02 -1.020739e-03 9.997729e-01 2.815258e+01
9.997221e-01 -9.766693e-04 2.355263e-02 -9.947103e+00 1.003893e-03 9.999988e-01 -1.143971e-03 -5.388203e-01 -2.355158e-02 1.167301e-03 9.997219e-01 2.789155e+01
9.997808e-01 9.071547e-04 -2.091648e-02 -1.014213e+01 -8.851051e-04 9.999990e-01 1.063304e-03 -5.396396e-01 2.091733e-02 -1.044554e-03 9.997806e-01 2.815519e+01
9.996838e-01 -1.019724e-03 2.512537e-02 -1.038492e+01 1.049561e-03 9.999988e-01 -1.174300e-03 -5.425852e-01 -2.512423e-02 1.200303e-03 9.996835e-01 2.857238e+01
9.997293e-01 9.513671e-04 -2.324645e-02 -1.083861e+01 -9.261833e-04 9.999990e-01 1.093988e-03 -5.296323e-01 2.324737e-02 -1.072158e-03 9.997291e-01 2.863274e+01
9.997471e-01 -9.400894e-04 2.246768e-02 -1.110439e+01 9.644887e-04 9.999990e-01 -1.075058e-03 -5.086429e-01 -2.246674e-02 1.096459e-03 9.997469e-01 2.811305e+01
9.998440e-01 7.976231e-04 -1.764042e-02 -1.137219e+01 -7.815727e-04 9.999993e-01 9.166241e-04 -5.015246e-01 1.764104e-02 -9.026907e-04 9.998439e-01 2.817358e+01
9.997494e-01 -9.231625e-04 2.236509e-02 -1.156562e+01 9.466925e-04 9.999990e-01 -1.041417e-03 -5.081457e-01 -2.236420e-02 1.062332e-03 9.997493e-01 2.867588e+01
9.998415e-01 8.091409e-04 -1.778382e-02 -1.177032e+01 -7.927218e-04 9.999993e-01 9.301688e-04 -5.172621e-01 1.778447e-02 -9.159206e-04 9.998414e-01 2.928828e+01
9.997357e-01 -9.365294e-04 2.296813e-02 -1.194216e+01 9.606864e-04 9.999990e-01 -1.040649e-03 -5.301941e-01 -2.296723e-02 1.062442e-03 9.997356e-01 3.002193e+01
9.999029e-01 7.321611e-04 -1.391171e-02 -1.199416e+01 -7.212712e-04 9.999994e-01 7.876330e-04 -5.432312e-01 1.391218e-02 -7.775193e-04 9.999028e-01 3.060149e+01
9.996980e-01 -9.942615e-04 2.455318e-02 -1.223824e+01 1.022604e-03 9.999988e-01 -1.141722e-03 -5.298950e-01 -2.455211e-02 1.166489e-03 9.996978e-01 3.038932e+01
9.999184e-01 7.231922e-04 -1.275402e-02 -1.246399e+01 -7.134071e-04 9.999994e-01 7.715913e-04 -5.261473e-01 1.275448e-02 -7.624264e-04 9.999183e-01 3.053899e+01
9.997738e-01 -9.412046e-04 2.124529e-02 -1.273149e+01 9.639635e-04 9.999990e-01 -1.060926e-03 -5.143662e-01 -2.124436e-02 1.081169e-03 9.997737e-01 3.041571e+01
9.999236e-01 7.279880e-04 -1.234007e-02 -1.295724e+01 -7.185250e-04 9.999994e-01 7.710982e-04 -5.077610e-01 1.234053e-02 -7.621694e-04 9.999235e-01 3.044056e+01
9.997193e-01 -9.559171e-04 2.367363e-02 -1.302723e+01 9.816273e-04 9.999989e-01 -1.074339e-03 -5.241147e-01 -2.367267e-02 1.097279e-03 9.997191e-01 3.118152e+01
9.998342e-01 8.293082e-04 -1.818977e-02 -1.309135e+01 -8.119703e-04 9.999992e-01 9.604254e-04 -5.409162e-01 1.819047e-02 -9.454934e-04 9.998340e-01 3.192726e+01
9.996000e-01 -1.053180e-03 2.825960e-02 -1.328727e+01 1.088678e-03 9.999986e-01 -1.240704e-03 -5.478894e-01 -2.825834e-02 1.270977e-03 9.995998e-01 3.245588e+01
9.999671e-01 6.465777e-04 -8.076947e-03 -1.348803e+01 -6.416742e-04 9.999996e-01 6.094436e-04 -5.485536e-01 8.077250e-03 -6.042376e-04 9.999671e-01 3.275372e+01
9.996188e-01 -1.033803e-03 2.759041e-02 -1.359292e+01 1.067391e-03 9.999987e-01 -1.202610e-03 -5.561855e-01 -2.758921e-02 1.231605e-03 9.996185e-01 3.319408e+01
9.998598e-01 8.077023e-04 -1.672523e-02 -1.373234e+01 -7.929131e-04 9.999993e-01 8.907462e-04 -5.652745e-01 1.672585e-02 -8.773565e-04 9.998597e-01 3.372930e+01
9.993880e-01 -1.160528e-03 3.496141e-02 -1.383139e+01 1.211026e-03 9.999983e-01 -1.423198e-03 -5.759122e-01 -3.495978e-02 1.464670e-03 9.993876e-01 3.427897e+01
9.998880e-01 7.685698e-04 -1.494211e-02 -1.402177e+01 -7.564871e-04 9.999994e-01 8.141512e-04 -5.798263e-01 1.494265e-02 -8.027534e-04 9.998880e-01 3.469107e+01
9.994022e-01 -1.170891e-03 3.455076e-02 -1.428392e+01 1.220843e-03 9.999982e-01 -1.424627e-03 -5.736244e-01 -3.454911e-02 1.465960e-03 9.994019e-01 3.479812e+01
9.998409e-01 8.397020e-04 -1.781864e-02 -1.451792e+01 -8.236155e-04 9.999992e-01 9.100169e-04 -5.733137e-01 1.781931e-02 -8.951933e-04 9.998407e-01 3.509425e+01
9.994376e-01 -1.140252e-03 3.351278e-02 -1.467408e+01 1.187637e-03 9.999983e-01 -1.394000e-03 -5.768374e-01 -3.351121e-02 1.433020e-03 9.994372e-01 3.542355e+01
9.998044e-01 8.757744e-04 -1.975940e-02 -1.485092e+01 -8.572249e-04 9.999992e-01 9.471371e-04 -5.732344e-01 1.976013e-02 -9.300105e-04 9.998042e-01 3.549449e+01
9.994033e-01 -1.166937e-03 3.452060e-02 -1.505876e+01 1.215574e-03 9.999983e-01 -1.387924e-03 -5.756887e-01 -3.451900e-02 1.429061e-03 9.994029e-01 3.585802e+01
9.997812e-01 8.995362e-04 -2.089727e-02 -1.520845e+01 -8.792607e-04 9.999991e-01 9.793414e-04 -5.793046e-01 2.089806e-02 -9.607499e-04 9.997811e-01 3.619318e+01
9.995172e-01 -1.131694e-03 3.104992e-02 -1.546170e+01 1.172057e-03 9.999985e-01 -1.281710e-03 -5.750063e-01 -3.104850e-02 1.317487e-03 9.995169e-01 3.635685e+01
9.998487e-01 8.195287e-04 -1.737339e-02 -1.582164e+01 -8.048790e-04 9.999993e-01 8.501190e-04 -5.645076e-01 1.737400e-02 -8.360039e-04 9.998486e-01 3.642324e+01
9.994431e-01 -1.164801e-03 3.334848e-02 -1.620079e+01 1.210924e-03 9.999983e-01 -1.362863e-03 -5.466926e-01 -3.334691e-02 1.402490e-03 9.994428e-01 3.621531e+01
9.998677e-01 8.267502e-04 -1.624229e-02 -1.645555e+01 -8.136693e-04 9.999993e-01 8.118653e-04 -5.394459e-01 1.624288e-02 -7.985391e-04 9.998677e-01 3.625498e+01
9.995999e-01 -1.087970e-03 2.826170e-02 -1.675058e+01 1.122840e-03 9.999986e-01 -1.217960e-03 -5.240353e-01 -2.826041e-02 1.249209e-03 9.995997e-01 3.600746e+01
9.998502e-01 8.596012e-04 -1.728567e-02 -1.704998e+01 -8.455172e-04 9.999993e-01 8.219934e-04 -5.072477e-01 1.728629e-02 -8.072519e-04 9.998502e-01 3.570471e+01
9.996091e-01 -1.112806e-03 2.793651e-02 -1.748503e+01 1.146336e-03 9.999986e-01 -1.184195e-03 -4.885259e-01 -2.793523e-02 1.215760e-03 9.996089e-01 3.551987e+01
9.999387e-01 7.838598e-04 -1.103936e-02 -1.782153e+01 -7.773115e-04 9.999995e-01 5.973416e-04 -4.704402e-01 1.103975e-02 -5.887211e-04 9.999388e-01 3.521657e+01
9.996044e-01 -1.114075e-03 2.810326e-02 -1.801330e+01 1.147656e-03 9.999986e-01 -1.178769e-03 -4.554998e-01 -2.810198e-02 1.210558e-03 9.996042e-01 3.484291e+01
9.999457e-01 8.070101e-04 -1.038632e-02 -1.799611e+01 -8.012460e-04 9.999995e-01 5.590069e-04 -4.466864e-01 1.038670e-02 -5.506517e-04 9.999458e-01 3.444507e+01
9.995372e-01 -1.172895e-03 3.039581e-02 -1.813535e+01 1.210989e-03 9.999985e-01 -1.234861e-03 -4.350566e-01 -3.039439e-02 1.271102e-03 9.995371e-01 3.414185e+01
9.999589e-01 7.798355e-04 -9.031279e-03 -1.832193e+01 -7.752553e-04 9.999996e-01 5.105235e-04 -4.250245e-01 9.031606e-03 -5.034982e-04 9.999590e-01 3.396669e+01
9.995672e-01 -1.165452e-03 2.939319e-02 -1.843886e+01 1.201075e-03 9.999986e-01 -1.194310e-03 -4.136064e-01 -2.939182e-02 1.229100e-03 9.995671e-01 3.364106e+01
9.999897e-01 7.310506e-04 -4.470875e-03 -1.846625e+01 -7.295361e-04 9.999997e-01 3.401326e-04 -4.023807e-01 4.471059e-03 -3.368647e-04 9.999899e-01 3.321340e+01
9.994974e-01 -1.194674e-03 3.167758e-02 -1.837409e+01 1.234767e-03 9.999985e-01 -1.246084e-03 -3.955085e-01 -3.167610e-02 1.284575e-03 9.994973e-01 3.281006e+01
9.999946e-01 6.998404e-04 -3.214697e-03 -1.838599e+01 -6.989397e-04 9.999997e-01 2.809951e-04 -3.855260e-01 3.214833e-03 -2.787441e-04 9.999947e-01 3.241724e+01
9.995128e-01 -1.198821e-03 3.118794e-02 -1.838720e+01 1.237082e-03 9.999985e-01 -1.207474e-03 -3.758002e-01 -3.118650e-02 1.245471e-03 9.995127e-01 3.201695e+01
9.999976e-01 6.874521e-04 -2.065231e-03 -1.837981e+01 -6.869910e-04 9.999997e-01 2.235881e-04 -3.667042e-01 2.065330e-03 -2.221663e-04 9.999978e-01 3.163371e+01
9.995037e-01 -1.214973e-03 3.147743e-02 -1.842227e+01 1.253185e-03 9.999985e-01 -1.194246e-03 -3.564194e-01 -3.147599e-02 1.233103e-03 9.995037e-01 3.126845e+01
9.999783e-01 7.468037e-04 -6.545571e-03 -1.855642e+01 -7.445138e-04 9.999997e-01 3.521693e-04 -3.398326e-01 6.545782e-03 -3.472860e-04 9.999784e-01 3.077352e+01
9.995588e-01 -1.168416e-03 2.967933e-02 -1.854783e+01 1.202220e-03 9.999986e-01 -1.121127e-03 -3.267487e-01 -2.967802e-02 1.156316e-03 9.995587e-01 3.022767e+01
9.999796e-01 7.933216e-04 -6.341341e-03 -1.826920e+01 -7.912821e-04 9.999996e-01 3.240288e-04 -3.265665e-01 6.341549e-03 -3.190021e-04 9.999797e-01 2.984631e+01
9.995303e-01 -1.207694e-03 3.062181e-02 -1.810061e+01 1.242942e-03 9.999986e-01 -1.132032e-03 -3.223174e-01 -3.062044e-02 1.169564e-03 9.995303e-01 2.944589e+01
9.999499e-01 8.479506e-04 -9.973968e-03 -1.790272e+01 -8.436614e-04 9.999995e-01 4.341841e-04 -3.186828e-01 9.974290e-03 -4.257456e-04 9.999501e-01 2.902193e+01
9.995335e-01 -1.216852e-03 3.051600e-02 -1.776779e+01 1.251423e-03 9.999986e-01 -1.113773e-03 -3.136604e-01 -3.051465e-02 1.151444e-03 9.995336e-01 2.862205e+01
9.999705e-01 8.249154e-04 -7.634920e-03 -1.751886e+01 -8.223387e-04 9.999996e-01 3.405618e-04 -3.112492e-01 7.635160e-03 -3.342713e-04 9.999707e-01 2.818778e+01
9.995636e-01 -1.213601e-03 2.951440e-02 -1.730576e+01 1.245396e-03 9.999987e-01 -1.058922e-03 -3.101024e-01 -2.951311e-02 1.095219e-03 9.995637e-01 2.783977e+01
9.999477e-01 8.950392e-04 -1.018588e-02 -1.694751e+01 -8.909578e-04 9.999995e-01 4.051849e-04 -3.154420e-01 1.018620e-02 -3.960866e-04 9.999479e-01 2.755786e+01
9.995034e-01 -1.239756e-03 3.148511e-02 -1.656401e+01 1.275316e-03 9.999986e-01 -1.109341e-03 -3.204237e-01 -3.148372e-02 1.148946e-03 9.995035e-01 2.723543e+01
9.999208e-01 9.106909e-04 -1.255356e-02 -1.631984e+01 -9.048214e-04 9.999995e-01 4.732033e-04 -3.207302e-01 1.255395e-02 -4.618053e-04 9.999210e-01 2.690075e+01
9.995065e-01 -1.246227e-03 3.138896e-02 -1.613558e+01 1.281177e-03 9.999986e-01 -1.093344e-03 -3.175059e-01 -3.138758e-02 1.133021e-03 9.995065e-01 2.650553e+01
9.999559e-01 8.577460e-04 -9.356510e-03 -1.596952e+01 -8.544984e-04 9.999996e-01 3.510548e-04 -3.161488e-01 9.356780e-03 -3.430426e-04 9.999561e-01 2.621022e+01
9.994691e-01 -1.280606e-03 3.255615e-02 -1.588909e+01 1.317308e-03 9.999985e-01 -1.105919e-03 -3.138676e-01 -3.255471e-02 1.148220e-03 9.994692e-01 2.598361e+01
9.998963e-01 9.797274e-04 -1.436650e-02 -1.553491e+01 -9.725060e-04 9.999994e-01 5.096174e-04 -3.251755e-01 1.436697e-02 -4.955915e-04 9.998966e-01 2.592691e+01
9.996581e-01 -1.185490e-03 2.612172e-02 -1.521536e+01 1.209465e-03 9.999989e-01 -9.020329e-04 -3.316666e-01 -2.612064e-02 9.333193e-04 9.996583e-01 2.572331e+01
9.998759e-01 1.008206e-03 -1.571973e-02 -1.489195e+01 -9.998654e-04 9.999994e-01 5.384435e-04 -3.348718e-01 1.572024e-02 -5.226576e-04 9.998762e-01 2.539010e+01
9.996597e-01 -1.172620e-03 2.605902e-02 -1.449465e+01 1.196000e-03 9.999989e-01 -8.816130e-04 -3.462222e-01 -2.605797e-02 9.124811e-04 9.996599e-01 2.527253e+01
9.998768e-01 9.988477e-04 -1.566320e-02 -1.414746e+01 -9.906264e-04 9.999994e-01 5.326188e-04 -3.571983e-01 1.566370e-02 -5.170354e-04 9.998771e-01 2.520285e+01
9.995211e-01 -1.253056e-03 3.091907e-02 -1.379672e+01 1.285477e-03 9.999986e-01 -1.028719e-03 -3.661635e-01 -3.091776e-02 1.067974e-03 9.995213e-01 2.506094e+01
9.999157e-01 9.322997e-04 -1.294800e-02 -1.365854e+01 -9.268617e-04 9.999995e-01 4.259757e-04 -3.685628e-01 1.294838e-02 -4.139375e-04 9.999160e-01 2.493660e+01
9.995735e-01 -1.199172e-03 2.917933e-02 -1.332484e+01 1.227743e-03 9.999988e-01 -9.612286e-04 -3.789274e-01 -2.917815e-02 9.966446e-04 9.995736e-01 2.487161e+01
9.995897e-01 1.248377e-03 -2.861427e-02 -1.279199e+01 -1.222085e-03 9.999988e-01 9.363060e-04 -3.958540e-01 2.861539e-02 -9.009516e-04 9.995900e-01 2.476354e+01
9.993945e-01 -1.274788e-03 3.477158e-02 -1.219140e+01 1.315329e-03 9.999985e-01 -1.143078e-03 -4.116690e-01 -3.477009e-02 1.188123e-03 9.993945e-01 2.455140e+01
9.993474e-01 1.378887e-03 -3.609478e-02 -1.163569e+01 -1.336280e-03 9.999984e-01 1.204506e-03 -4.292007e-01 3.609637e-02 -1.155486e-03 9.993475e-01 2.443021e+01
9.997701e-01 -1.002582e-03 2.141617e-02 -1.113007e+01 1.016474e-03 9.999993e-01 -6.378167e-04 -4.483370e-01 -2.141553e-02 6.594404e-04 9.997703e-01 2.442534e+01
9.994605e-01 1.310132e-03 -3.281765e-02 -1.050164e+01 -1.275674e-03 9.999986e-01 1.070899e-03 -4.714285e-01 3.281899e-02 -1.028456e-03 9.994607e-01 2.441030e+01
9.997471e-01 -1.031873e-03 2.246595e-02 -9.818825e+00 1.047332e-03 9.999992e-01 -6.763194e-04 -4.951530e-01 -2.246525e-02 6.996790e-04 9.997473e-01 2.434066e+01
9.991164e-01 1.540375e-03 -4.199949e-02 -9.286314e+00 -1.480710e-03 9.999979e-01 1.451684e-03 -5.151323e-01 4.200161e-02 -1.388211e-03 9.991165e-01 2.434126e+01
9.995014e-01 -1.242595e-03 3.155055e-02 -8.687861e+00 1.276256e-03 9.999986e-01 -1.046751e-03 -5.363914e-01 -3.154923e-02 1.086497e-03 9.995015e-01 2.429448e+01
9.989671e-01 1.629580e-03 -4.540986e-02 -8.092078e+00 -1.557996e-03 9.999975e-01 1.611750e-03 -5.575521e-01 4.541236e-02 -1.539336e-03 9.989670e-01 2.424947e+01
9.995496e-01 -1.203847e-03 2.998432e-02 -7.540263e+00 1.234342e-03 9.999987e-01 -9.985541e-04 -5.797780e-01 -2.998310e-02 1.035117e-03 9.995498e-01 2.430524e+01
9.993903e-01 1.360945e-03 -3.488841e-02 -7.020223e+00 -1.320209e-03 9.999984e-01 1.190619e-03 -6.029194e-01 3.488995e-02 -1.143832e-03 9.993904e-01 2.442863e+01
9.994875e-01 -1.251012e-03 3.198806e-02 -6.568633e+00 1.285778e-03 9.999986e-01 -1.066296e-03 -6.259351e-01 -3.198671e-02 1.106881e-03 9.994876e-01 2.464064e+01
9.994162e-01 1.359718e-03 -3.413734e-02 -6.011547e+00 -1.320919e-03 9.999985e-01 1.159081e-03 -6.491131e-01 3.413884e-02 -1.113310e-03 9.994164e-01 2.472001e+01
9.997906e-01 -1.005100e-03 2.043785e-02 -5.568086e+00 1.018279e-03 9.999993e-01 -6.344211e-04 -6.695489e-01 -2.043722e-02 6.551013e-04 9.997908e-01 2.484436e+01
9.990434e-01 1.623933e-03 -4.369885e-02 -5.264736e+00 -1.557111e-03 9.999976e-01 1.563137e-03 -6.867745e-01 4.370125e-02 -1.493596e-03 9.990434e-01 2.505380e+01
9.996480e-01 -1.160019e-03 2.650353e-02 -4.926180e+00 1.183746e-03 9.999989e-01 -8.795775e-04 -7.062194e-01 -2.650251e-02 9.106431e-04 9.996482e-01 2.529971e+01
9.990292e-01 1.629326e-03 -4.402237e-02 -4.694368e+00 -1.560915e-03 9.999975e-01 1.588330e-03 -7.205383e-01 4.402482e-02 -1.518071e-03 9.990292e-01 2.549588e+01
9.996979e-01 -1.108763e-03 2.455225e-02 -4.380895e+00 1.129243e-03 9.999990e-01 -8.202527e-04 -7.372068e-01 -2.455135e-02 8.477322e-04 9.996981e-01 2.567491e+01
9.989111e-01 1.699321e-03 -4.662425e-02 -4.131867e+00 -1.621645e-03 9.999972e-01 1.703762e-03 -7.500477e-01 4.662698e-02 -1.626297e-03 9.989109e-01 2.579159e+01
