9.997550e-01 -4.061013e-04 2.212919e-02 4.663514e-03 4.215364e-04 9.999997e-01 -6.928363e-04 -1.295463e-02 -2.212889e-02 7.019952e-04 9.997548e-01 4.958067e-01
9.999797e-01 -1.162509e-04 6.378550e-03 3.481214e-02 1.175700e-04 1.000000e+00 -2.064141e-04 -2.621995e-02 -6.378521e-03 2.071601e-04 9.999795e-01 9.792545e-01
9.998262e-01 -3.427271e-04 1.864081e-02 7.255759e-02 3.533833e-04 9.999998e-01 -5.683712e-04 -4.163139e-02 -1.864060e-02 5.748600e-04 9.998260e-01 1.532411e+00
9.999069e-01 -2.465174e-04 1.364418e-02 1.366797e-01 2.523402e-04 9.999999e-01 -4.250401e-04 -6.048464e-02 -1.364406e-02 4.284437e-04 9.999067e-01 2.200948e+00
9.999748e-01 -1.383005e-04 7.097782e-03 1.789019e-01 1.397565e-04 1.000000e+00 -2.046465e-04 -7.907346e-02 -7.097741e-03 2.056333e-04 9.999747e-01 2.867492e+00
9.995630e-01 -5.268439e-04 2.955518e-02 2.496036e-01 5.547810e-04 9.999994e-01 -9.370610e-04 -9.568831e-02 -2.955466e-02 9.530481e-04 9.995626e-01 3.443819e+00
9.999361e-01 -2.120543e-04 1.130258e-02 2.897467e-01 2.160443e-04 9.999999e-01 -3.517961e-04 -1.079280e-01 -1.130249e-02 3.542153e-04 9.999360e-01 3.891417e+00
9.995617e-01 -5.293687e-04 2.960009e-02 3.201031e-01 5.575820e-04 9.999994e-01 -9.448991e-04 -1.192919e-01 -2.959955e-02 9.609891e-04 9.995613e-01 4.309377e+00
9.999674e-01 -1.569193e-04 8.067231e-03 3.926849e-01 1.587950e-04 1.000000e+00 -2.318576e-04 -1.356596e-01 -8.067166e-03 2.331306e-04 9.999673e-01 4.870744e+00
9.995089e-01 -5.527667e-04 3.133276e-02 4.748350e-01 5.841523e-04 9.999993e-01 -9.925365e-04 -1.537629e-01 -3.133216e-02 1.010351e-03 9.995084e-01 5.492481e+00
9.999395e-01 -2.030720e-04 1.099384e-02 5.731509e-01 2.066337e-04 9.999999e-01 -3.228262e-04 -1.725763e-01 -1.099374e-02 3.250777e-04 9.999394e-01 6.128205e+00
9.998745e-01 -2.834136e-04 1.584200e-02 6.359302e-01 2.914234e-04 9.999998e-01 -5.032888e-04 -1.909906e-01 -1.584182e-02 5.078415e-04 9.998743e-01 6.772613e+00
9.997442e-01 -4.071119e-04 2.261436e-02 6.973484e-01 4.233240e-04 9.999997e-01 -7.121046e-04 -2.063847e-01 -2.261402e-02 7.214946e-04 9.997439e-01 7.312622e+00
9.997770e-01 -3.734358e-04 2.111305e-02 7.719374e-01 3.875508e-04 9.999997e-01 -6.644478e-04 -2.223154e-01 -2.111275e-02 6.724809e-04 9.997768e-01 7.867205e+00
9.998277e-01 -3.304302e-04 1.855994e-02 8.669348e-01 3.409858e-04 9.999998e-01 -5.655551e-04 -2.418920e-01 -1.855970e-02 5.717851e-04 9.998275e-01 8.538057e+00
9.999715e-01 -1.305210e-04 7.544330e-03 9.297204e-01 1.321456e-04 1.000000e+00 -2.147997e-04 -2.645823e-01 -7.544250e-03 2.157892e-04 9.999714e-01 9.354681e+00
9.998265e-01 -3.445037e-04 1.862189e-02 9.728756e-01 3.550454e-04 9.999998e-01 -5.627680e-04 -2.878074e-01 -1.862164e-02 5.692806e-04 9.998263e-01 1.022288e+01
9.998526e-01 -2.969076e-04 1.716518e-02 1.051649e+00 3.060923e-04 9.999998e-01 -5.324231e-04 -3.090556e-01 -1.716496e-02 5.375973e-04 9.998524e-01 1.097508e+01
9.999495e-01 -1.881470e-04 1.004358e-02 1.116013e+00 1.909421e-04 9.999999e-01 -2.772828e-04 -3.330210e-01 -1.004347e-02 2.791850e-04 9.999494e-01 1.183709e+01
9.997610e-01 -3.923383e-04 2.185646e-02 1.185628e+00 4.079754e-04 9.999997e-01 -7.109674e-04 -3.519308e-01 -2.185611e-02 7.197128e-04 9.997608e-01 1.250049e+01
9.998242e-01 -3.384573e-04 1.874845e-02 1.259302e+00 3.493944e-04 9.999998e-01 -5.800536e-04 -3.655645e-01 -1.874818e-02 5.865004e-04 9.998240e-01 1.295033e+01
9.999524e-01 -1.623028e-04 9.750452e-03 1.447020e+00 1.656029e-04 9.999999e-01 -3.375787e-04 -3.808654e-01 -9.750330e-03 3.391755e-04 9.999523e-01 1.328942e+01
9.999932e-01 -6.323040e-05 3.683264e-03 1.659462e+00 6.352122e-05 1.000000e+00 -7.863741e-05 -4.039194e-01 -3.683192e-03 7.886894e-05 9.999931e-01 1.388353e+01
9.999586e-01 -1.457266e-04 9.093609e-03 1.917327e+00 1.487614e-04 9.999999e-01 -3.329736e-04 -4.261074e-01 -9.093491e-03 3.343107e-04 9.999585e-01 1.437905e+01
9.999946e-01 -2.956394e-05 3.273745e-03 2.289579e+00 2.973432e-05 1.000000e+00 -5.174639e-05 -4.543161e-01 -3.273673e-03 5.184148e-05 9.999946e-01 1.495741e+01
1.000000e+00 -2.654464e-05 1.967695e-04 2.426110e+00 2.654979e-05 1.000000e+00 -2.199369e-05 -4.785833e-01 -1.966990e-04 2.199693e-05 9.999999e-01 1.570394e+01
9.999580e-01 -1.400519e-04 9.164734e-03 2.464594e+00 1.422200e-04 1.000000e+00 -2.358205e-04 -5.009664e-01 -9.164630e-03 2.371120e-04 9.999579e-01 1.652521e+01
9.999836e-01 -1.073172e-04 5.730189e-03 2.644131e+00 1.086219e-04 1.000000e+00 -2.272302e-04 -5.240567e-01 -5.730092e-03 2.278469e-04 9.999835e-01 1.717036e+01
9.999733e-01 -1.003857e-04 7.306689e-03 2.817364e+00 1.016218e-04 1.000000e+00 -1.686745e-04 -5.484497e-01 -7.306599e-03 1.694105e-04 9.999732e-01 1.787802e+01
9.999952e-01 -3.830419e-05 3.102851e-03 3.143210e+00 3.876837e-05 1.000000e+00 -1.492374e-04 -5.768000e-01 -3.102772e-03 1.493549e-04 9.999951e-01 1.853000e+01
9.999997e-01 2.485611e-06 7.006264e-04 3.454068e+00 -2.521557e-06 1.000000e+00 5.265706e-05 -6.044569e-01 -7.005528e-04 -5.266093e-05 9.999997e-01 1.917482e+01
9.999602e-01 -1.748891e-04 8.918004e-03 3.481379e+00 1.777271e-04 9.999999e-01 -3.173415e-04 -6.265856e-01 -8.917874e-03 3.189117e-04 9.999601e-01 2.000534e+01
9.999999e-01 5.226392e-06 -2.723880e-04 3.443266e+00 -5.200580e-06 1.000000e+00 9.111656e-05 -6.464771e-01 2.724632e-04 -9.111730e-05 9.999999e-01 2.084645e+01
9.999965e-01 -7.901980e-05 2.632371e-03 3.360422e+00 7.921815e-05 1.000000e+00 -7.487205e-05 -6.701877e-01 -2.632290e-03 7.507816e-05 9.999964e-01 2.191601e+01
9.999968e-01 -2.639640e-05 2.518535e-03 3.333928e+00 2.644035e-05 1.000000e+00 -1.701849e-05 -6.937971e-01 -2.518459e-03 1.708285e-05 9.999967e-01 2.289061e+01
9.999996e-01 -5.540866e-05 8.921624e-04 3.296106e+00 5.544017e-05 1.000000e+00 -3.416031e-05 -7.145996e-01 -8.920850e-04 3.420758e-05 9.999995e-01 2.376053e+01
1.000000e+00 2.796766e-06 2.508016e-04 3.157423e+00 -2.809701e-06 1.000000e+00 5.561862e-05 -7.320686e-01 -2.507260e-04 -5.562150e-05 9.999999e-01 2.463681e+01
9.999977e-01 -8.525009e-05 2.121297e-03 2.894572e+00 8.548088e-05 1.000000e+00 -1.082273e-04 -7.403393e-01 -2.121213e-03 1.084062e-04 9.999977e-01 2.529267e+01
1.000000e+00 9.239570e-06 1.469556e-04 2.806147e+00 -9.250168e-06 1.000000e+00 7.909021e-05 -7.574184e-01 -1.468791e-04 -7.909375e-05 9.999999e-01 2.607870e+01
9.999945e-01 -9.280279e-05 3.302845e-03 2.792052e+00 9.331562e-05 1.000000e+00 -1.548058e-04 -7.760187e-01 -3.302754e-03 1.551110e-04 9.999945e-01 2.681620e+01
9.999973e-01 4.353185e-05 -2.325886e-03 2.597301e+00 -4.316816e-05 1.000000e+00 1.559686e-04 -7.883468e-01 2.325969e-03 -1.558700e-04 9.999972e-01 2.754781e+01
9.999934e-01 -1.005800e-04 3.621482e-03 2.165297e+00 1.011839e-04 1.000000e+00 -1.662874e-04 -7.929010e-01 -3.621389e-03 1.666505e-04 9.999933e-01 2.828754e+01
9.999941e-01 6.200233e-05 -3.436176e-03 1.893607e+00 -6.134159e-05 1.000000e+00 1.920893e-04 -8.031899e-01 3.436264e-03 -1.918796e-04 9.999940e-01 2.904031e+01
9.999951e-01 -9.329452e-05 3.108596e-03 1.806985e+00 9.382111e-05 1.000000e+00 -1.689220e-04 -8.173513e-01 -3.108504e-03 1.692106e-04 9.999951e-01 2.968978e+01
9.999943e-01 5.996443e-05 -3.364361e-03 1.644717e+00 -5.930684e-05 1.000000e+00 1.952469e-04 -8.298492e-01 3.364448e-03 -1.950484e-04 9.999942e-01 3.037813e+01
9.999836e-01 -1.404805e-04 5.715571e-03 1.407218e+00 1.418343e-04 1.000000e+00 -2.362734e-04 -8.405600e-01 -5.715462e-03 2.370780e-04 9.999836e-01 3.110577e+01
9.999910e-01 8.052224e-05 -4.237508e-03 1.090191e+00 -7.973245e-05 1.000000e+00 1.862991e-04 -8.441760e-01 4.237599e-03 -1.859618e-04 9.999909e-01 3.163355e+01
9.999881e-01 -1.262521e-04 4.876829e-03 8.561291e-01 1.271806e-04 1.000000e+00 -1.898688e-04 -8.528772e-01 -4.876728e-03 1.904846e-04 9.999880e-01 3.225945e+01
9.999976e-01 -1.564442e-05 2.172428e-03 9.233348e-01 1.570104e-05 1.000000e+00 -2.555761e-05 -8.712129e-01 -2.172351e-03 2.558943e-05 9.999976e-01 3.286292e+01
9.999517e-01 -1.951671e-04 9.828660e-03 1.127080e+00 1.987869e-04 9.999999e-01 -3.672017e-04 -8.897291e-01 -9.828510e-03 3.691355e-04 9.999515e-01 3.328973e+01
9.999947e-01 -6.117689e-05 3.238656e-03 1.097592e+00 6.132442e-05 1.000000e+00 -4.510491e-05 -9.033223e-01 -3.238575e-03 4.530098e-05 9.999947e-01 3.385102e+01
9.999555e-01 -2.293283e-04 9.425510e-03 7.811285e-01 2.327787e-04 9.999999e-01 -3.648578e-04 -9.033317e-01 -9.425346e-03 3.670333e-04 9.999554e-01 3.426032e+01
9.999678e-01 -1.442065e-04 8.022288e-03 5.079757e-01 1.457993e-04 1.000000e+00 -1.978088e-04 -9.028829e-01 -8.022179e-03 1.989697e-04 9.999677e-01 3.460218e+01
9.999997e-01 -7.786983e-05 7.205867e-04 2.159851e-01 7.793203e-05 1.000000e+00 -8.456111e-05 -9.041543e-01 -7.204993e-04 8.461483e-05 9.999997e-01 3.502395e+01
9.999380e-01 -1.062091e-04 1.112863e-02 5.908649e-01 1.098020e-04 9.999999e-01 -3.221336e-04 -9.221769e-01 -1.112851e-02 3.233332e-04 9.999379e-01 3.518260e+01
9.999857e-01 7.996084e-05 -5.342391e-03 1.180287e+00 -7.934086e-05 1.000000e+00 1.160158e-04 -9.484414e-01 5.342482e-03 -1.155927e-04 9.999856e-01 3.536452e+01
9.999695e-01 -1.331223e-04 7.804061e-03 1.237322e+00 1.342961e-04 1.000000e+00 -1.497129e-04 -9.709521e-01 -7.803959e-03 1.507539e-04 9.999695e-01 3.614960e+01
9.999943e-01 1.937997e-05 -3.368295e-03 1.144547e+00 -1.910373e-05 1.000000e+00 8.165274e-05 -9.917604e-01 3.368378e-03 -8.159039e-05 9.999942e-01 3.711268e+01
9.999819e-01 -9.365954e-05 6.010602e-03 1.094483e+00 9.413396e-05 1.000000e+00 -7.843015e-05 -1.015636e+00 -6.010512e-03 7.899206e-05 9.999819e-01 3.813366e+01
9.999896e-01 3.427034e-05 -4.553613e-03 9.992020e-01 -3.355653e-05 1.000000e+00 1.565394e-04 -1.042541e+00 4.553701e-03 -1.563874e-04 9.999895e-01 3.935577e+01
9.999875e-01 -7.869436e-05 5.003618e-03 8.988281e-01 7.887415e-05 1.000000e+00 -3.547355e-05 -1.071384e+00 -5.003532e-03 3.586530e-05 9.999874e-01 4.066511e+01
9.999886e-01 4.057037e-05 -4.779362e-03 8.404955e-01 -3.983413e-05 1.000000e+00 1.538653e-04 -1.100234e+00 4.779451e-03 -1.536756e-04 9.999885e-01 4.190401e+01
9.999802e-01 -1.016408e-04 6.295835e-03 7.641077e-01 1.021078e-04 1.000000e+00 -7.364547e-05 -1.128255e+00 -6.295745e-03 7.428441e-05 9.999801e-01 4.314103e+01
9.999930e-01 -9.707068e-05 3.738102e-03 7.279220e-01 9.761673e-05 1.000000e+00 -1.455396e-04 -1.155448e+00 -3.738005e-03 1.459010e-04 9.999929e-01 4.428836e+01
9.998260e-01 -3.078065e-04 1.864765e-02 7.274475e-01 3.165189e-04 9.999998e-01 -4.641923e-04 -1.185528e+00 -1.864742e-02 4.700114e-04 9.998259e-01 4.550782e+01
9.999374e-01 1.607908e-04 -1.118937e-02 6.643825e-01 -1.563245e-04 9.999999e-01 3.999022e-04 -1.220423e+00 1.118952e-02 -3.981305e-04 9.999372e-01 4.702031e+01
9.999291e-01 -2.058654e-04 1.190495e-02 5.971516e-01 2.088282e-04 9.999999e-01 -2.475140e-04 -1.254906e+00 -1.190481e-02 2.499800e-04 9.999290e-01 4.851391e+01
9.999374e-01 1.640357e-04 -1.118132e-02 5.572252e-01 -1.600587e-04 9.999999e-01 3.564524e-04 -1.284340e+00 1.118146e-02 -3.546429e-04 9.999373e-01 4.974791e+01
9.999129e-01 -2.165861e-04 1.319122e-02 5.743641e-01 2.207789e-04 9.999999e-01 -3.162863e-04 -1.312211e+00 -1.319106e-02 3.191686e-04 9.999129e-01 5.082256e+01
9.999081e-01 1.966683e-04 -1.355054e-02 5.781512e-01 -1.905351e-04 9.999999e-01 4.537997e-04 -1.343053e+00 1.355071e-02 -4.511787e-04 9.999080e-01 5.204004e+01
9.999025e-01 -2.330941e-04 1.395673e-02 5.630785e-01 2.375667e-04 9.999999e-01 -3.187049e-04 -1.375519e+00 -1.395657e-02 3.219870e-04 9.999025e-01 5.336079e+01
9.999087e-01 2.013208e-04 -1.350933e-02 5.968124e-01 -1.959686e-04 9.999999e-01 3.974044e-04 -1.402184e+00 1.350950e-02 -3.947232e-04 9.999086e-01 5.435510e+01
9.998032e-01 -2.708770e-04 1.983636e-02 9.284127e-01 2.820258e-04 9.999998e-01 -5.591749e-04 -1.432705e+00 -1.983612e-02 5.646567e-04 9.998030e-01 5.508489e+01
9.998892e-01 2.134548e-04 -1.488358e-02 1.185969e+00 -2.068681e-04 9.999999e-01 4.439881e-04 -1.460982e+00 1.488376e-02 -4.408624e-04 9.998891e-01 5.582885e+01
9.998501e-01 -2.675589e-04 1.730978e-02 1.218219e+00 2.753509e-04 9.999999e-01 -4.476846e-04 -1.485539e+00 -1.730957e-02 4.523813e-04 9.998500e-01 5.673778e+01
9.998678e-01 2.443813e-04 -1.625422e-02 1.361158e+00 -2.362528e-04 9.999998e-01 5.019158e-04 -1.515023e+00 1.625443e-02 -4.980118e-04 9.998677e-01 5.768682e+01
9.998494e-01 -2.770902e-04 1.735302e-02 1.425600e+00 2.853410e-04 9.999998e-01 -4.729097e-04 -1.539059e+00 -1.735280e-02 4.777875e-04 9.998492e-01 5.852191e+01
9.998741e-01 2.281878e-04 -1.586570e-02 1.380703e+00 -2.201182e-04 9.999998e-01 5.102734e-04 -1.561938e+00 1.586590e-02 -5.067193e-04 9.998739e-01 5.948821e+01
9.998659e-01 -2.625679e-04 1.637062e-02 1.331023e+00 2.696843e-04 9.999999e-01 -4.324111e-04 -1.585995e+00 -1.637042e-02 4.367655e-04 9.998658e-01 6.051035e+01
9.998715e-01 2.315333e-04 -1.603043e-02 1.277066e+00 -2.228460e-04 9.999998e-01 5.436204e-04 -1.613691e+00 1.603064e-02 -5.399807e-04 9.998713e-01 6.169328e+01
9.998629e-01 -2.667807e-04 1.655622e-02 1.223919e+00 2.741582e-04 9.999999e-01 -4.432518e-04 -1.640742e+00 -1.655601e-02 4.477275e-04 9.998628e-01 6.284846e+01
9.998664e-01 2.384432e-04 -1.633963e-02 1.169480e+00 -2.298701e-04 9.999998e-01 5.264685e-04 -1.664234e+00 1.633983e-02 -5.226447e-04 9.998663e-01 6.385380e+01
9.998733e-01 -2.547435e-04 1.591605e-02 1.155592e+00 2.618533e-04 9.999999e-01 -4.445373e-04 -1.686372e+00 -1.591585e-02 4.486462e-04 9.998732e-01 6.473351e+01
9.998735e-01 2.302425e-04 -1.590207e-02 1.132735e+00 -2.220588e-04 9.999998e-01 5.163001e-04 -1.708518e+00 1.590228e-02 -5.127061e-04 9.998733e-01 6.562923e+01
9.998725e-01 -2.559124e-04 1.596534e-02 1.121778e+00 2.632614e-04 9.999999e-01 -4.581213e-04 -1.729357e+00 -1.596513e-02 4.622634e-04 9.998724e-01 6.644937e+01
9.998858e-01 2.257148e-04 -1.510713e-02 1.185511e+00 -2.180925e-04 9.999998e-01 5.060979e-04 -1.754833e+00 1.510733e-02 -5.027478e-04 9.998857e-01 6.734479e+01
9.998553e-01 -2.638008e-04 1.700983e-02 1.293739e+00 2.720452e-04 9.999998e-01 -4.822938e-04 -1.783160e+00 -1.700961e-02 4.868489e-04 9.998551e-01 6.829605e+01
9.998808e-01 2.452637e-04 -1.543669e-02 1.493686e+00 -2.378931e-04 9.999999e-01 4.792106e-04 -1.809348e+00 1.543689e-02 -4.754837e-04 9.998807e-01 6.902897e+01
9.998504e-01 -2.887395e-04 1.729422e-02 1.535640e+00 2.969948e-04 9.999998e-01 -4.746979e-04 -1.832950e+00 -1.729400e-02 4.797607e-04 9.998503e-01 6.988255e+01
9.998620e-01 2.535019e-04 -1.661072e-02 1.518048e+00 -2.445000e-04 9.999998e-01 5.438717e-04 -1.857284e+00 1.661094e-02 -5.397377e-04 9.998618e-01 7.086358e+01
9.998601e-01 -2.764910e-04 1.672586e-02 1.568006e+00 2.844253e-04 9.999998e-01 -4.719086e-04 -1.882525e+00 -1.672564e-02 4.765974e-04 9.998599e-01 7.177177e+01
9.998636e-01 2.498850e-04 -1.651315e-02 1.553207e+00 -2.408893e-04 9.999998e-01 5.466543e-04 -1.906089e+00 1.651337e-02 -5.426043e-04 9.998634e-01 7.271488e+01
9.998652e-01 -2.720740e-04 1.641737e-02 1.546761e+00 2.801824e-04 9.999998e-01 -4.915082e-04 -1.926094e+00 -1.641715e-02 4.960393e-04 9.998650e-01 7.349268e+01
9.998643e-01 2.491952e-04 -1.647044e-02 1.536759e+00 -2.402412e-04 9.999998e-01 5.455257e-04 -1.945952e+00 1.647066e-02 -5.414972e-04 9.998641e-01 7.426941e+01
9.998580e-01 -2.790702e-04 1.684809e-02 1.537358e+00 2.872438e-04 9.999998e-01 -4.826305e-04 -1.969265e+00 -1.684787e-02 4.873990e-04 9.998579e-01 7.517678e+01
9.999024e-01 2.250387e-04 -1.396614e-02 1.591553e+00 -2.187977e-04 9.999999e-01 4.482892e-04 -1.992866e+00 1.396633e-02 -4.451921e-04 9.999023e-01 7.601301e+01
9.998702e-01 -2.912706e-04 1.610824e-02 1.558836e+00 2.985414e-04 9.999999e-01 -4.488846e-04 -2.014339e+00 -1.610802e-02 4.536329e-04 9.998701e-01 7.690169e+01
9.998957e-01 2.307016e-04 -1.443945e-02 1.448250e+00 -2.242617e-04 9.999999e-01 4.475083e-04 -2.030873e+00 1.443964e-02 -4.442258e-04 9.998956e-01 7.769541e+01
9.998389e-01 -3.357453e-04 1.794614e-02 1.319396e+00 3.453741e-04 9.999998e-01 -5.333648e-04 -2.042385e+00 -1.794587e-02 5.394745e-04 9.998387e-01 7.830158e+01
9.998785e-01 2.677711e-04 -1.558131e-02 1.262865e+00 -2.596862e-04 9.999998e-01 5.208102e-04 -2.062354e+00 1.558153e-02 -5.167031e-04 9.998784e-01 7.916514e+01
9.998435e-01 -3.294563e-04 1.768424e-02 1.210818e+00 3.383250e-04 9.999998e-01 -4.984356e-04 -2.085593e+00 -1.768399e-02 5.043382e-04 9.998434e-01 8.015881e+01
9.998626e-01 2.873963e-04 -1.657202e-02 1.167354e+00 -2.780267e-04 9.999998e-01 5.675970e-04 -2.110610e+00 1.657227e-02 -5.629140e-04 9.998624e-01 8.121165e+01
9.997914e-01 -3.807738e-04 2.041853e-02 1.121411e+00 3.933811e-04 9.999997e-01 -6.133614e-04 -2.132488e+00 -2.041820e-02 6.212632e-04 9.997913e-01 8.214178e+01
9.998382e-01 3.260655e-04 -1.798577e-02 1.103894e+00 -3.148924e-04 9.999998e-01 6.239588e-04 -2.156396e+00 1.798605e-02 -6.181967e-04 9.998380e-01 8.310664e+01
9.997938e-01 -3.857172e-04 2.030235e-02 1.067815e+00 3.977084e-04 9.999997e-01 -5.865308e-04 -2.182346e+00 -2.030203e-02 5.944817e-04 9.997936e-01 8.418964e+01
9.998210e-01 3.413240e-04 -1.891297e-02 1.008366e+00 -3.289490e-04 9.999997e-01 6.573398e-04 -2.208227e+00 1.891328e-02 -6.510032e-04 9.998208e-01 8.530815e+01
9.997917e-01 -3.902586e-04 2.040414e-02 9.360814e-01 4.028944e-04 9.999997e-01 -6.150993e-04 -2.230940e+00 -2.040381e-02 6.231894e-04 9.997916e-01 8.631386e+01
9.999408e-01 2.250879e-04 -1.087301e-02 9.924336e-01 -2.212795e-04 9.999999e-01 3.513148e-04 -2.252559e+00 1.087317e-02 -3.488905e-04 9.999408e-01 8.707421e+01
9.997243e-01 -4.613166e-04 2.347659e-02 9.867286e-01 4.776159e-04 9.999996e-01 -6.886146e-04 -2.274329e+00 -2.347618e-02 6.996350e-04 9.997241e-01 8.794617e+01
9.999678e-01 1.695072e-04 -8.017789e-03 9.748822e-01 -1.674473e-04 1.000000e+00 2.573846e-04 -2.295218e+00 8.017922e-03 -2.560363e-04 9.999678e-01 8.879264e+01
9.998434e-01 -3.423315e-04 1.768990e-02 9.695224e-01 3.511621e-04 9.999998e-01 -4.959985e-04 -2.318285e+00 -1.768963e-02 5.021303e-04 9.998433e-01 8.971830e+01
9.998794e-01 2.926214e-04 -1.552601e-02 9.553029e-01 -2.844393e-04 9.999998e-01 5.290933e-04 -2.344109e+00 1.552625e-02 -5.246158e-04 9.998793e-01 9.075908e+01
9.997805e-01 -3.821148e-04 2.094696e-02 9.971524e-01 3.954440e-04 9.999997e-01 -6.321177e-04 -2.368863e+00 -2.094662e-02 6.402598e-04 9.997803e-01 9.166922e+01
9.999282e-01 2.227126e-04 -1.197826e-02 9.825092e-01 -2.177111e-04 9.999999e-01 4.187089e-04 -2.392469e+00 1.197844e-02 -4.160736e-04 9.999281e-01 9.262847e+01
9.998806e-01 -3.063063e-04 1.544730e-02 9.174305e-01 3.128215e-04 9.999999e-01 -4.192499e-04 -2.418506e+00 -1.544708e-02 4.240295e-04 9.998805e-01 9.376493e+01
9.999621e-01 1.639978e-04 -8.698038e-03 8.543663e-01 -1.613961e-04 9.999999e-01 2.996083e-04 -2.443164e+00 8.698177e-03 -2.981957e-04 9.999621e-01 9.484507e+01
9.999324e-01 -2.391504e-04 1.161937e-02 7.939342e-01 2.426557e-04 9.999999e-01 -3.001258e-04 -2.467121e+00 -1.161920e-02 3.029224e-04 9.999324e-01 9.588698e+01
9.999465e-01 1.881090e-04 -1.033565e-02 7.442789e-01 -1.846757e-04 9.999999e-01 3.329636e-04 -2.488932e+00 1.033580e-02 -3.310396e-04 9.999465e-01 9.681733e+01
9.999430e-01 -2.239451e-04 1.067042e-02 6.548165e-01 2.269984e-04 9.999999e-01 -2.847828e-04 -2.507635e+00 -1.067026e-02 2.871861e-04 9.999430e-01 9.767170e+01
9.999386e-01 2.094692e-04 -1.107537e-02 6.150337e-01 -2.061056e-04 9.999999e-01 3.046911e-04 -2.521273e+00 1.107552e-02 -3.023922e-04 9.999385e-01 9.821766e+01
9.999256e-01 -2.509283e-04 1.219659e-02 6.174409e-01 2.548349e-04 9.999999e-01 -3.186114e-04 -2.538136e+00 -1.219642e-02 3.216932e-04 9.999255e-01 9.885083e+01
9.999514e-01 1.713526e-04 -9.858886e-03 4.130508e-01 -1.688988e-04 1.000000e+00 2.495428e-04 -2.545450e+00 9.859019e-03 -2.478681e-04 9.999513e-01 9.937455e+01
9.999338e-01 -2.275081e-04 1.150443e-02 2.788855e-01 2.308413e-04 9.999999e-01 -2.882599e-04 -2.556267e+00 -1.150427e-02 2.908939e-04 9.999337e-01 9.994634e+01
9.999518e-01 1.719598e-04 -9.810705e-03 2.356459e-01 -1.691651e-04 9.999999e-01 2.855175e-04 -2.575181e+00 9.810845e-03 -2.838467e-04 9.999518e-01 1.007427e+02
9.999560e-01 -1.929212e-04 9.370581e-03 2.188896e-01 1.950186e-04 1.000000e+00 -2.227344e-04 -2.594830e+00 -9.370447e-03 2.245494e-04 9.999560e-01 1.015205e+02
9.999544e-01 1.686387e-04 -9.547412e-03 2.303600e-01 -1.657867e-04 9.999999e-01 2.993358e-04 -2.618048e+00 9.547553e-03 -2.977419e-04 9.999543e-01 1.024054e+02
9.999161e-01 -2.258382e-04 1.294890e-02 3.293285e-01 2.306818e-04 9.999999e-01 -3.724306e-04 -2.640647e+00 -1.294872e-02 3.753839e-04 9.999160e-01 1.031367e+02
9.999646e-01 1.309858e-04 -8.405898e-03 4.419192e-01 -1.290007e-04 1.000000e+00 2.364923e-04 -2.659047e+00 8.406020e-03 -2.354022e-04 9.999646e-01 1.036762e+02
9.998962e-01 -2.437351e-04 1.440451e-02 5.645679e-01 2.498204e-04 9.999999e-01 -4.205402e-04 -2.677188e+00 -1.440431e-02 4.240924e-04 9.998961e-01 1.041926e+02
9.999920e-01 9.332772e-05 -3.981666e-03 1.001654e+00 -9.301075e-05 1.000000e+00 7.933942e-05 -2.702192e+00 3.981765e-03 -7.897109e-05 9.999920e-01 1.045441e+02
9.999502e-01 -1.478274e-04 9.978806e-03 1.573733e+00 1.507977e-04 9.999999e-01 -2.967330e-04 -2.726900e+00 -9.978669e-03 2.982204e-04 9.999501e-01 1.046856e+02
9.999903e-01 8.210589e-05 -4.400996e-03 2.015741e+00 -8.167764e-05 1.000000e+00 9.707058e-05 -2.749656e+00 4.401097e-03 -9.671283e-05 9.999902e-01 1.049315e+02
9.999501e-01 -1.785908e-04 9.985856e-03 2.150810e+00 1.812193e-04 9.999999e-01 -2.621382e-04 -2.770753e+00 -9.985716e-03 2.639320e-04 9.999500e-01 1.055516e+02
9.999783e-01 1.392125e-04 -6.588331e-03 2.544606e+00 -1.382707e-04 1.000000e+00 1.431235e-04 -2.793875e+00 6.588444e-03 -1.422121e-04 9.999782e-01 1.058737e+02
9.999241e-01 -2.508157e-04 1.231137e-02 2.665939e+00 2.548073e-04 9.999999e-01 -3.225044e-04 -2.812088e+00 -1.231120e-02 3.256142e-04 9.999241e-01 1.063955e+02
9.999721e-01 1.313977e-04 -7.466102e-03 2.569740e+00 -1.299746e-04 1.000000e+00 1.908347e-04 -2.824704e+00 7.466220e-03 -1.898617e-04 9.999720e-01 1.069980e+02
9.999392e-01 -2.134502e-04 1.102482e-02 2.612196e+00 2.164970e-04 9.999999e-01 -2.749962e-04 -2.843964e+00 -1.102466e-02 2.773636e-04 9.999391e-01 1.076739e+02
9.999783e-01 1.214145e-04 -6.575346e-03 2.645870e+00 -1.203816e-04 1.000000e+00 1.571795e-04 -2.862879e+00 6.575459e-03 -1.563873e-04 9.999783e-01 1.083479e+02
9.999595e-01 -1.865771e-04 8.994901e-03 2.636119e+00 1.881503e-04 1.000000e+00 -1.738338e-04 -2.884647e+00 -8.994774e-03 1.755164e-04 9.999595e-01 1.092100e+02
9.999988e-01 8.148240e-05 -1.547507e-03 2.879801e+00 -8.147343e-05 1.000000e+00 4.600024e-06 -2.917653e+00 1.547602e-03 -4.476669e-06 9.999987e-01 1.101622e+02
9.999891e-01 -1.265509e-04 4.669985e-03 3.094505e+00 1.268289e-04 1.000000e+00 -5.882674e-05 -2.944747e+00 -4.669883e-03 5.941564e-05 9.999890e-01 1.109137e+02
9.999908e-01 8.447169e-05 -4.270824e-03 2.943976e+00 -8.423027e-05 1.000000e+00 5.624582e-05 -2.954857e+00 4.270922e-03 -5.588831e-05 9.999908e-01 1.114768e+02
9.999129e-01 -2.646154e-04 1.319649e-02 2.954760e+00 2.684621e-04 9.999999e-01 -2.895775e-04 -2.975984e+00 -1.319631e-02 2.930922e-04 9.999128e-01 1.122857e+02
9.999992e-01 4.009474e-05 -1.266719e-03 3.053895e+00 -4.017124e-05 1.000000e+00 -6.197283e-05 -2.997146e+00 1.266811e-03 6.202089e-05 9.999991e-01 1.129631e+02
9.999854e-01 -1.219847e-04 5.387629e-03 3.109634e+00 1.221769e-04 1.000000e+00 -3.496838e-05 -3.018610e+00 -5.387530e-03 3.562332e-05 9.999854e-01 1.137079e+02
9.999923e-01 6.160716e-05 -3.926060e-03 3.103522e+00 -6.157097e-05 1.000000e+00 8.815273e-06 -3.035006e+00 3.926156e-03 -8.576254e-06 9.999922e-01 1.143348e+02
9.999348e-01 -2.135943e-04 1.141668e-02 3.159425e+00 2.161850e-04 1.000000e+00 -2.255118e-04 -3.053630e+00 -1.141654e-02 2.279624e-04 9.999347e-01 1.149649e+02
9.999992e-01 -3.691932e-05 1.227415e-03 3.197367e+00 3.710550e-05 1.000000e+00 -1.499490e-04 -3.072026e+00 -1.227313e-03 1.499916e-04 9.999992e-01 1.156261e+02
9.999647e-01 -1.483040e-04 8.392668e-03 3.200576e+00 1.492021e-04 1.000000e+00 -1.061242e-04 -3.093636e+00 -8.392556e-03 1.073698e-04 9.999647e-01 1.164699e+02
9.999979e-01 3.806046e-05 -2.039005e-03 3.340241e+00 -3.816916e-05 1.000000e+00 -5.433540e-05 -3.119209e+00 2.039099e-03 5.441027e-05 9.999979e-01 1.172648e+02
9.999651e-01 -1.544816e-04 8.343658e-03 3.401326e+00 1.553402e-04 1.000000e+00 -1.019950e-04 -3.142552e+00 -8.343546e-03 1.032847e-04 9.999651e-01 1.180841e+02
9.999848e-01 7.825969e-05 -5.505003e-03 3.376032e+00 -7.782134e-05 1.000000e+00 7.943995e-05 -3.164756e+00 5.505106e-03 -7.901319e-05 9.999848e-01 1.189896e+02
9.999766e-01 -1.334510e-04 6.832514e-03 3.352474e+00 1.335281e-04 1.000000e+00 -1.050445e-05 -3.191732e+00 -6.832416e-03 1.141367e-05 9.999766e-01 1.200930e+02
9.999984e-01 4.598259e-05 -1.749592e-03 3.478278e+00 -4.616194e-05 1.000000e+00 -1.037393e-04 -3.217128e+00 1.749684e-03 1.038171e-04 9.999984e-01 1.209023e+02
9.999999e-01 1.789183e-05 4.084040e-04 4.151974e+00 -1.794730e-05 1.000000e+00 1.412521e-04 -3.246477e+00 -4.083049e-04 -1.412623e-04 9.999998e-01 1.210623e+02
9.999933e-01 6.005541e-05 -3.662636e-03 4.609454e+00 -6.014292e-05 1.000000e+00 -2.438523e-05 -3.272628e+00 3.662731e-03 2.460251e-05 9.999932e-01 1.214037e+02
9.999931e-01 -5.759372e-05 3.697812e-03 4.872297e+00 5.738014e-05 1.000000e+00 5.845781e-05 -3.299072e+00 -3.697718e-03 -5.824809e-05 9.999931e-01 1.220470e+02
9.999904e-01 8.345870e-05 -4.373953e-03 5.304627e+00 -8.363566e-05 1.000000e+00 -4.077775e-05 -3.324026e+00 4.374046e-03 4.114034e-05 9.999904e-01 1.223705e+02
9.999968e-01 7.401825e-05 -2.498706e-03 5.631745e+00 -7.334026e-05 1.000000e+00 2.705545e-04 -3.339665e+00 2.498822e-03 -2.703733e-04 9.999968e-01 1.224886e+02
9.999810e-01 -1.638615e-04 6.162940e-03 5.650951e+00 1.661154e-04 9.999999e-01 -3.648657e-04 -3.357069e+00 -6.162783e-03 3.658797e-04 9.999809e-01 1.231204e+02
9.999962e-01 8.437750e-05 -2.732622e-03 5.654257e+00 -8.349970e-05 9.999999e-01 3.205373e-04 -3.380164e+00 2.732745e-03 -3.203107e-04 9.999962e-01 1.240162e+02
9.999881e-01 -1.462663e-04 4.860260e-03 5.657953e+00 1.478573e-04 9.999999e-01 -3.265425e-04 -3.402361e+00 -4.860116e-03 3.272544e-04 9.999881e-01 1.248733e+02
9.999896e-01 1.272214e-04 -4.556387e-03 5.898628e+00 -1.258734e-04 9.999999e-01 2.956401e-04 -3.416098e+00 4.556521e-03 -2.950663e-04 9.999895e-01 1.250384e+02
9.999810e-01 -1.395127e-04 6.153015e-03 6.279646e+00 1.417611e-04 9.999999e-01 -3.646120e-04 -3.435780e+00 -6.152867e-03 3.654745e-04 9.999809e-01 1.252424e+02
9.999903e-01 1.106512e-04 -4.384640e-03 6.462007e+00 -1.091869e-04 9.999999e-01 3.336826e-04 -3.458947e+00 4.384774e-03 -3.332035e-04 9.999903e-01 1.258727e+02
9.999849e-01 -1.438931e-04 5.484583e-03 6.587588e+00 1.459084e-04 9.999999e-01 -3.666453e-04 -3.477028e+00 -5.484433e-03 3.674372e-04 9.999848e-01 1.263686e+02
9.999900e-01 1.260105e-04 -4.471383e-03 6.827492e+00 -1.245515e-04 9.999999e-01 3.260783e-04 -3.494706e+00 4.471520e-03 -3.255209e-04 9.999899e-01 1.266912e+02
9.999771e-01 -1.734618e-04 6.753019e-03 7.009407e+00 1.761907e-04 9.999999e-01 -4.031749e-04 -3.511629e+00 -6.752851e-03 4.043526e-04 9.999771e-01 1.270672e+02
9.999833e-01 1.321604e-04 -5.767413e-03 7.007912e+00 -1.297842e-04 9.999999e-01 4.119714e-04 -3.530793e+00 5.767564e-03 -4.112189e-04 9.999832e-01 1.278028e+02
9.999812e-01 -1.518459e-04 6.121762e-03 7.145534e+00 1.543214e-04 9.999999e-01 -4.035369e-04 -3.551527e+00 -6.121603e-03 4.044712e-04 9.999811e-01 1.283921e+02
9.999758e-01 1.398381e-04 -6.954924e-03 7.175214e+00 -1.367639e-04 9.999999e-01 4.421645e-04 -3.567976e+00 6.955082e-03 -4.412055e-04 9.999757e-01 1.289605e+02
9.999747e-01 -1.706627e-04 7.105306e-03 7.142612e+00 1.733589e-04 9.999999e-01 -3.785482e-04 -3.589781e+00 -7.105144e-03 3.797675e-04 9.999746e-01 1.298555e+02
9.999647e-01 1.815038e-04 -8.398865e-03 7.147749e+00 -1.773597e-04 9.999999e-01 4.938852e-04 -3.613151e+00 8.399050e-03 -4.923810e-04 9.999645e-01 1.307549e+02
9.999638e-01 -2.113224e-04 8.505323e-03 7.120228e+00 2.151040e-04 9.999999e-01 -4.434464e-04 -3.633172e+00 -8.505131e-03 4.452571e-04 9.999637e-01 1.315683e+02
9.999560e-01 2.006476e-04 -9.371910e-03 6.864853e+00 -1.960758e-04 9.999999e-01 4.884947e-04 -3.641463e+00 9.372104e-03 -4.866385e-04 9.999559e-01 1.321990e+02
9.999594e-01 -2.286973e-04 9.009114e-03 6.410052e+00 2.333409e-04 9.999998e-01 -5.141374e-04 -3.634077e+00 -9.008898e-03 5.162158e-04 9.999592e-01 1.324623e+02
9.999704e-01 1.739674e-04 -7.683858e-03 6.256323e+00 -1.698890e-04 9.999998e-01 5.311357e-04 -3.650747e+00 7.684046e-03 -5.298174e-04 9.999703e-01 1.333258e+02
9.999545e-01 -2.393553e-04 9.529873e-03 6.137525e+00 2.438664e-04 9.999999e-01 -4.719740e-04 -3.676446e+00 -9.529662e-03 4.742737e-04 9.999544e-01 1.345360e+02
9.999732e-01 1.648220e-04 -7.307688e-03 6.035142e+00 -1.613164e-04 9.999999e-01 4.799920e-04 -3.697540e+00 7.307863e-03 -4.788031e-04 9.999731e-01 1.355206e+02
9.999475e-01 -2.458951e-04 1.023622e-02 5.954984e+00 2.512178e-04 9.999998e-01 -5.184873e-04 -3.715988e+00 -1.023599e-02 5.210287e-04 9.999474e-01 1.363562e+02
9.999484e-01 2.161289e-04 -1.014957e-02 5.703758e+00 -2.107020e-04 9.999998e-01 5.355354e-04 -3.724694e+00 1.014978e-02 -5.333721e-04 9.999483e-01 1.370048e+02
9.999467e-01 -2.485974e-04 1.032016e-02 5.424144e+00 2.538282e-04 9.999998e-01 -5.053391e-04 -3.734523e+00 -1.031994e-02 5.079289e-04 9.999466e-01 1.377479e+02
9.999539e-01 2.072981e-04 -9.596148e-03 5.331320e+00 -2.015468e-04 9.999998e-01 6.000589e-04 -3.760523e+00 9.596367e-03 -5.981000e-04 9.999537e-01 1.389244e+02
9.999615e-01 -2.168427e-04 8.769028e-03 5.238783e+00 2.209530e-04 9.999999e-01 -4.675188e-04 -3.785530e+00 -8.768829e-03 4.694354e-04 9.999614e-01 1.400524e+02
9.999548e-01 2.053707e-04 -9.504052e-03 4.991250e+00 -2.002892e-04 9.999998e-01 5.353828e-04 -3.797744e+00 9.504257e-03 -5.334578e-04 9.999546e-01 1.408474e+02
9.999673e-01 -1.989720e-04 8.084532e-03 4.513268e+00 2.029129e-04 9.999999e-01 -4.863687e-04 -3.796466e+00 -8.084337e-03 4.879904e-04 9.999671e-01 1.413775e+02
9.999222e-01 2.798963e-04 -1.246719e-02 4.099124e+00 -2.721175e-04 9.999998e-01 6.254550e-04 -3.795385e+00 1.246746e-02 -6.220166e-04 9.999220e-01 1.418202e+02
9.999669e-01 -2.004046e-04 8.126774e-03 3.896955e+00 2.040098e-04 9.999999e-01 -4.425312e-04 -3.807757e+00 -8.126588e-03 4.441716e-04 9.999668e-01 1.425466e+02
9.999208e-01 2.836235e-04 -1.258306e-02 3.744093e+00 -2.758329e-04 9.999998e-01 6.206879e-04 -3.820455e+00 1.258333e-02 -6.171707e-04 9.999206e-01 1.432150e+02
9.999258e-01 -2.996014e-04 1.217520e-02 3.400686e+00 3.070310e-04 9.999998e-01 -6.081873e-04 -3.823182e+00 -1.217492e-02 6.118775e-04 9.999256e-01 1.437318e+02
9.999132e-01 2.969378e-04 -1.316759e-02 3.195532e+00 -2.879800e-04 9.999997e-01 6.820140e-04 -3.835758e+00 1.316789e-02 -6.781656e-04 9.999130e-01 1.444792e+02
9.999681e-01 -2.100385e-04 7.974823e-03 3.196622e+00 2.137478e-04 9.999999e-01 -4.640197e-04 -3.855447e+00 -7.974629e-03 4.657067e-04 9.999680e-01 1.452128e+02
9.998302e-01 4.426591e-04 -1.842200e-02 3.351563e+00 -4.265636e-04 9.999995e-01 8.775113e-04 -3.874712e+00 1.842248e-02 -8.695069e-04 9.998299e-01 1.457091e+02
9.999770e-01 -1.710779e-04 6.774178e-03 3.442655e+00 1.740629e-04 9.999999e-01 -4.397659e-04 -3.892772e+00 -6.774006e-03 4.409322e-04 9.999769e-01 1.462559e+02
9.999712e-01 1.585054e-04 -7.578905e-03 3.404767e+00 -1.546231e-04 9.999999e-01 5.125591e-04 -3.911837e+00 7.579081e-03 -5.113753e-04 9.999711e-01 1.470426e+02
9.999849e-01 -1.448560e-04 5.481211e-03 3.075945e+00 1.476258e-04 9.999999e-01 -5.045727e-04 -3.899854e+00 -5.481041e-03 5.053716e-04 9.999848e-01 1.469420e+02
9.999784e-01 1.400552e-04 -6.560557e-03 2.888642e+00 -1.365689e-04 9.999998e-01 5.315239e-04 -3.906477e+00 6.560726e-03 -5.306192e-04 9.999783e-01 1.474045e+02
9.999842e-01 -1.474014e-04 5.613124e-03 2.863808e+00 1.499708e-04 9.999999e-01 -4.569824e-04 -3.925520e+00 -5.612961e-03 4.578143e-04 9.999841e-01 1.481683e+02
9.999778e-01 1.463214e-04 -6.650733e-03 2.953385e+00 -1.427720e-04 9.999998e-01 5.338462e-04 -3.948008e+00 6.650906e-03 -5.328876e-04 9.999777e-01 1.488988e+02
9.999976e-01 -6.306425e-05 2.167974e-03 3.375696e+00 6.386523e-05 9.999999e-01 -3.684715e-04 -3.974076e+00 -2.167855e-03 3.686064e-04 9.999975e-01 1.492864e+02
9.999623e-01 1.994839e-04 -8.680072e-03 3.927916e+00 -1.942965e-04 9.999998e-01 5.982314e-04 -4.001998e+00 8.680285e-03 -5.965250e-04 9.999621e-01 1.495601e+02
9.999812e-01 -1.063807e-04 6.128018e-03 4.630778e+00 1.094758e-04 9.999999e-01 -5.044218e-04 -4.034439e+00 -6.127868e-03 5.050805e-04 9.999810e-01 1.498102e+02
9.999743e-01 1.730489e-04 -7.166751e-03 5.302326e+00 -1.692049e-04 9.999998e-01 5.366926e-04 -4.065377e+00 7.166938e-03 -5.354688e-04 9.999741e-01 1.500471e+02
9.999724e-01 -1.713393e-04 7.428444e-03 5.626006e+00 1.751205e-04 9.999999e-01 -5.081013e-04 -4.093526e+00 -7.428261e-03 5.093855e-04 9.999722e-01 1.506897e+02
9.999803e-01 1.597402e-04 -6.277274e-03 5.908941e+00 -1.564436e-04 9.999998e-01 5.253229e-04 -4.123069e+00 6.277452e-03 -5.243332e-04 9.999801e-01 1.514536e+02
9.999807e-01 -1.210498e-04 6.207359e-03 6.555825e+00 1.241399e-04 9.999999e-01 -4.971222e-04 -4.157721e+00 -6.207203e-03 4.978805e-04 9.999805e-01 1.518870e+02
9.999687e-01 1.210736e-04 -7.904719e-03 6.519822e+00 -1.171118e-04 9.999999e-01 5.014056e-04 -4.159175e+00 7.904873e-03 -5.004669e-04 9.999686e-01 1.519159e+02
9.999781e-01 -1.229222e-04 6.614436e-03 6.591546e+00 1.261757e-04 9.999999e-01 -4.911713e-04 -4.170220e+00 -6.614280e-03 4.919924e-04 9.999779e-01 1.521903e+02
9.999737e-01 1.587880e-04 -7.241291e-03 7.246955e+00 -1.552296e-04 9.999999e-01 4.916823e-04 -4.196835e+00 7.241463e-03 -4.905480e-04 9.999736e-01 1.522818e+02
9.999593e-01 -1.086475e-04 9.013156e-03 8.209969e+00 1.138002e-04 9.999998e-01 -5.709574e-04 -4.228871e+00 -9.012998e-03 5.719572e-04 9.999592e-01 1.521809e+02
9.999793e-01 1.780298e-04 -6.431112e-03 9.284911e+00 -1.749904e-04 9.999999e-01 4.728521e-04 -4.267996e+00 6.431290e-03 -4.717196e-04 9.999791e-01 1.521997e+02
9.999674e-01 -1.181511e-04 8.068297e-03 1.029980e+01 1.225723e-04 9.999998e-01 -5.472356e-04 -4.304721e+00 -8.068136e-03 5.482041e-04 9.999672e-01 1.522072e+02
9.999696e-01 2.222131e-04 -7.787629e-03 1.169613e+01 -2.178092e-04 9.999998e-01 5.660913e-04 -4.356303e+00 7.787849e-03 -5.643805e-04 9.999695e-01 1.522995e+02
9.999775e-01 -9.538339e-05 6.705512e-03 1.323693e+01 9.854618e-05 9.999999e-01 -4.710504e-04 -4.414153e+00 -6.705371e-03 4.716979e-04 9.999773e-01 1.524509e+02
9.999551e-01 2.573412e-04 -9.470946e-03 1.502970e+01 -2.512257e-04 9.999998e-01 6.466870e-04 -4.479243e+00 9.471205e-03 -6.442812e-04 9.999549e-01 1.525477e+02
9.999734e-01 -1.014591e-04 7.286179e-03 1.691365e+01 1.050438e-04 9.999999e-01 -4.913394e-04 -4.545551e+00 -7.286034e-03 4.920891e-04 9.999733e-01 1.525817e+02
9.999561e-01 2.707112e-04 -9.364274e-03 1.904726e+01 -2.645784e-04 9.999997e-01 6.559385e-04 -4.618328e+00 9.364544e-03 -6.534348e-04 9.999559e-01 1.525474e+02
9.999803e-01 -8.903112e-05 6.278760e-03 2.106868e+01 9.188166e-05 9.999999e-01 -4.534116e-04 -4.689854e+00 -6.278624e-03 4.539769e-04 9.999801e-01 1.525902e+02
9.999484e-01 3.025270e-04 -1.014892e-02 2.330997e+01 -2.954058e-04 9.999997e-01 7.029791e-04 -4.769106e+00 1.014922e-02 -6.999474e-04 9.999482e-01 1.526352e+02
9.999574e-01 -1.212846e-04 9.222675e-03 2.552855e+01 1.263921e-04 9.999998e-01 -5.530190e-04 -4.849568e+00 -9.222512e-03 5.541585e-04 9.999573e-01 1.527876e+02
9.999447e-01 2.825439e-04 -1.051322e-02 2.749204e+01 -2.750834e-04 9.999997e-01 7.108795e-04 -4.923750e+00 1.051351e-02 -7.079507e-04 9.999444e-01 1.530397e+02
9.999610e-01 -1.620470e-04 8.823805e-03 2.905499e+01 1.670109e-04 9.999998e-01 -5.616217e-04 -4.985360e+00 -8.823618e-03 5.630709e-04 9.999608e-01 1.533308e+02
9.999550e-01 2.926095e-04 -9.475355e-03 3.071466e+01 -2.863727e-04 9.999997e-01 6.593596e-04 -5.048085e+00 9.475640e-03 -6.566190e-04 9.999548e-01 1.535246e+02
9.999750e-01 -1.392296e-04 7.068754e-03 3.248050e+01 1.426684e-04 9.999999e-01 -4.857212e-04 -5.114212e+00 -7.068591e-03 4.867150e-04 9.999748e-01 1.537049e+02
9.999341e-01 3.290456e-04 -1.147409e-02 3.435832e+01 -3.206372e-04 9.999997e-01 7.344906e-04 -5.182964e+00 1.147442e-02 -7.307657e-04 9.999338e-01 1.538129e+02
9.999621e-01 -1.660479e-04 8.701723e-03 3.614159e+01 1.709042e-04 9.999998e-01 -5.571411e-04 -5.247696e+00 -8.701535e-03 5.586046e-04 9.999619e-01 1.539038e+02
9.999269e-01 3.213617e-04 -1.208379e-02 3.776033e+01 -3.123970e-04 9.999997e-01 7.436036e-04 -5.307301e+00 1.208412e-02 -7.397768e-04 9.999266e-01 1.540078e+02
9.999767e-01 -1.354434e-04 6.827142e-03 3.942027e+01 1.387712e-04 9.999999e-01 -4.867234e-04 -5.368298e+00 -6.826981e-03 4.876570e-04 9.999765e-01 1.540899e+02
9.999332e-01 3.224552e-04 -1.155523e-02 4.121348e+01 -3.138822e-04 9.999997e-01 7.435763e-04 -5.434800e+00 1.155556e-02 -7.399020e-04 9.999329e-01 1.542237e+02
9.999487e-01 -1.865526e-04 1.012316e-02 4.279684e+01 1.928870e-04 9.999998e-01 -6.246024e-04 -5.494734e+00 -1.012295e-02 6.265206e-04 9.999485e-01 1.544012e+02
9.999183e-01 3.364014e-04 -1.277461e-02 4.441927e+01 -3.262502e-04 9.999996e-01 7.965747e-04 -5.556434e+00 1.277497e-02 -7.923443e-04 9.999180e-01 1.545902e+02
9.999428e-01 -1.603819e-04 1.069577e-02 4.650645e+01 1.669792e-04 9.999998e-01 -6.157741e-04 -5.631316e+00 -1.069557e-02 6.175224e-04 9.999425e-01 1.546915e+02
9.999494e-01 3.149277e-04 -1.005032e-02 4.859982e+01 -3.081612e-04 9.999997e-01 6.746335e-04 -5.704861e+00 1.005062e-02 -6.715046e-04 9.999492e-01 1.547338e+02
9.999593e-01 -1.601327e-04 9.011897e-03 5.060126e+01 1.650413e-04 9.999998e-01 -5.437613e-04 -5.776507e+00 -9.011715e-03 5.452241e-04 9.999592e-01 1.548312e+02
9.999479e-01 3.372225e-04 -1.019784e-02 5.284920e+01 -3.302480e-04 9.999997e-01 6.854395e-04 -5.853888e+00 1.019816e-02 -6.820383e-04 9.999477e-01 1.548224e+02
9.999551e-01 -1.525431e-04 9.467575e-03 5.518380e+01 1.576086e-04 9.999998e-01 -5.341295e-04 -5.937464e+00 -9.467398e-03 5.355954e-04 9.999550e-01 1.549494e+02
9.999472e-01 3.406188e-04 -1.027140e-02 5.753363e+01 -3.335649e-04 9.999997e-01 6.882920e-04 -6.021807e+00 1.027172e-02 -6.848317e-04 9.999469e-01 1.550868e+02
9.999594e-01 -1.371233e-04 9.002086e-03 6.003651e+01 1.417653e-04 9.999999e-01 -5.148450e-04 -6.109078e+00 -9.001921e-03 5.160980e-04 9.999593e-01 1.551320e+02
9.999472e-01 2.977061e-04 -1.027070e-02 6.209376e+01 -2.908003e-04 9.999997e-01 6.737128e-04 -6.184694e+00 1.027099e-02 -6.706927e-04 9.999470e-01 1.553281e+02
9.999549e-01 -1.524216e-04 9.492172e-03 6.401176e+01 1.575755e-04 9.999998e-01 -5.420599e-04 -6.256383e+00 -9.491995e-03 5.435289e-04 9.999547e-01 1.555479e+02
9.999454e-01 3.163788e-04 -1.044107e-02 6.609141e+01 -3.092987e-04 9.999997e-01 6.795523e-04 -6.331536e+00 1.044137e-02 -6.762880e-04 9.999452e-01 1.556843e+02
9.999629e-01 -1.435441e-04 8.610258e-03 6.823032e+01 1.479407e-04 9.999999e-01 -5.098170e-04 -6.406933e+00 -8.610091e-03 5.110697e-04 9.999627e-01 1.557526e+02
9.999398e-01 3.190810e-04 -1.096097e-02 7.033642e+01 -3.116360e-04 9.999997e-01 6.807865e-04 -6.479142e+00 1.096128e-02 -6.773319e-04 9.999396e-01 1.557312e+02
9.999671e-01 -1.811775e-04 8.102663e-03 7.198769e+01 1.855203e-04 9.999998e-01 -5.350416e-04 -6.534917e+00 -8.102472e-03 5.365250e-04 9.999670e-01 1.556624e+02
9.999427e-01 3.048113e-04 -1.070123e-02 7.351556e+01 -2.977565e-04 9.999997e-01 6.606953e-04 -6.586591e+00 1.070152e-02 -6.574732e-04 9.999425e-01 1.555965e+02
9.999644e-01 -1.751199e-04 8.427383e-03 7.513715e+01 1.796877e-04 9.999998e-01 -5.411027e-04 -6.641092e+00 -8.427194e-03 5.425956e-04 9.999643e-01 1.555184e+02
9.999459e-01 3.051360e-04 -1.039615e-02 7.683041e+01 -2.983568e-04 9.999997e-01 6.534818e-04 -6.697496e+00 1.039643e-02 -6.503468e-04 9.999457e-01 1.554244e+02
9.999669e-01 -1.750903e-04 8.124555e-03 7.848514e+01 1.794309e-04 9.999998e-01 -5.333590e-04 -6.752514e+00 -8.124367e-03 5.347970e-04 9.999668e-01 1.553222e+02
9.999488e-01 2.891711e-04 -1.011149e-02 8.003154e+01 -2.827608e-04 9.999998e-01 6.352384e-04 -6.803972e+00 1.011176e-02 -6.323489e-04 9.999486e-01 1.552275e+02
9.999605e-01 -1.630440e-04 8.883252e-03 8.174647e+01 1.678583e-04 9.999998e-01 -5.410432e-04 -6.862434e+00 -8.883069e-03 5.425108e-04 9.999603e-01 1.551869e+02
