1.000000e+00 -8.598920e-05 -8.480191e-06 -7.055015e-02 8.598282e-05 9.999997e-01 -7.513001e-04 8.918555e-05 8.544838e-06 7.512998e-04 9.999996e-01 9.901054e-02
1.000000e+00 -1.109880e-04 -8.098977e-05 -1.587342e-01 1.109742e-04 1.000000e+00 -1.705741e-04 1.854313e-03 8.100874e-05 1.705654e-04 9.999999e-01 2.404806e-01
1.000000e+00 -1.105709e-04 -8.514698e-06 -2.488524e-01 1.105642e-04 9.999997e-01 -7.870510e-04 3.845908e-03 8.601748e-06 7.870502e-04 9.999996e-01 3.887154e-01
1.000000e+00 -1.160290e-04 -4.406224e-05 -3.412371e-01 1.160202e-04 1.000000e+00 -1.984362e-04 6.081331e-03 4.408529e-05 1.984312e-04 9.999999e-01 5.444979e-01
1.000000e+00 -9.798345e-05 -3.871884e-05 -4.323097e-01 9.795373e-05 9.999997e-01 -7.672256e-04 8.232169e-03 3.879401e-05 7.672218e-04 9.999996e-01 6.972268e-01
1.000000e+00 -1.486281e-04 -8.452699e-05 -5.256460e-01 1.486099e-04 1.000000e+00 -2.158871e-04 1.052691e-02 8.455908e-05 2.158744e-04 9.999999e-01 8.532533e-01
1.000000e+00 -1.170778e-04 7.251159e-06 -6.234615e-01 1.170839e-04 9.999996e-01 -8.430495e-04 1.337685e-02 -7.152460e-06 8.430502e-04 9.999995e-01 1.025881e+00
1.000000e+00 -8.249766e-05 -2.375463e-05 -7.119000e-01 8.249499e-05 1.000000e+00 -1.128621e-04 1.529779e-02 2.376394e-05 1.128598e-04 9.999999e-01 1.174125e+00
1.000000e+00 -8.574775e-05 1.668377e-05 -7.940957e-01 8.576092e-05 9.999997e-01 -7.895187e-04 1.663671e-02 -1.661607e-05 7.895198e-04 9.999996e-01 1.307749e+00
1.000000e+00 -4.633447e-05 -2.000240e-05 -8.706316e-01 4.633327e-05 1.000000e+00 -6.083404e-05 1.749695e-02 2.000521e-05 6.083266e-05 9.999999e-01 1.428638e+00
1.000000e+00 -4.782742e-05 -4.903234e-05 -9.298644e-01 4.779478e-05 9.999998e-01 -6.659021e-04 1.730312e-02 4.906416e-05 6.658992e-04 9.999997e-01 1.524739e+00
1.000000e+00 -5.294626e-05 -1.007213e-04 -1.000721e+00 5.293464e-05 1.000000e+00 -1.155020e-04 1.763336e-02 1.007273e-04 1.154961e-04 9.999999e-01 1.630385e+00
1.000000e+00 -1.330920e-04 4.188257e-05 -1.087824e+00 1.331253e-04 9.999997e-01 -7.960233e-04 1.930674e-02 -4.177665e-05 7.960282e-04 9.999996e-01 1.770475e+00
1.000000e+00 6.224966e-05 -1.582608e-04 -1.150233e+00 -6.224149e-05 1.000000e+00 5.149235e-05 1.909561e-02 1.582639e-04 -5.148327e-05 9.999999e-01 1.861938e+00
1.000000e+00 -1.564317e-04 2.261884e-04 -1.123610e+00 1.566296e-04 9.999996e-01 -8.753150e-04 1.734183e-02 -2.260514e-04 8.753496e-04 9.999995e-01 1.896044e+00
9.999999e-01 -2.230656e-05 -3.733765e-04 -1.158320e+00 2.237806e-05 1.000000e+00 1.914358e-04 1.631905e-02 3.733722e-04 -1.914450e-04 9.999998e-01 1.967449e+00
9.999999e-01 -1.680884e-05 3.308274e-04 -1.220570e+00 1.710424e-05 9.999996e-01 -8.928796e-04 1.584790e-02 -3.308123e-04 8.928843e-04 9.999994e-01 2.052413e+00
9.999999e-01 -1.081982e-04 -3.894192e-04 -1.296144e+00 1.082345e-04 1.000000e+00 9.313196e-05 1.641591e-02 3.894091e-04 -9.317517e-05 9.999998e-01 2.163292e+00
9.999999e-01 7.671660e-05 4.266744e-04 -1.352344e+00 -7.637557e-05 9.999997e-01 -7.991934e-04 1.567235e-02 -4.267357e-04 7.991596e-04 9.999995e-01 2.242822e+00
1.000000e+00 -5.290890e-05 -3.000268e-04 -1.330268e+00 5.290400e-05 1.000000e+00 -1.638479e-05 1.394160e-02 3.000276e-04 1.636769e-05 9.999999e-01 2.274425e+00
1.000000e+00 -9.075076e-05 1.123467e-04 -1.380208e+00 9.082454e-05 9.999998e-01 -6.567708e-04 1.340164e-02 -1.122872e-04 6.567798e-04 9.999997e-01 2.360056e+00
1.000000e+00 -7.605653e-05 -1.501158e-04 -1.462154e+00 7.602384e-05 1.000000e+00 -2.178533e-04 1.461425e-02 1.501323e-04 2.178406e-04 9.999999e-01 2.488905e+00
1.000000e+00 -8.843679e-05 1.207724e-04 -1.546392e+00 8.851853e-05 9.999998e-01 -6.768145e-04 1.607834e-02 -1.207126e-04 6.768238e-04 9.999997e-01 2.624277e+00
1.000000e+00 -2.204734e-05 -1.461855e-04 -1.621522e+00 2.202873e-05 1.000000e+00 -1.274173e-04 1.669705e-02 1.461883e-04 1.274125e-04 9.999999e-01 2.737422e+00
1.000000e+00 -2.179300e-04 3.664382e-05 -1.714428e+00 2.179609e-04 9.999996e-01 -8.459803e-04 1.893212e-02 -3.645953e-05 8.459867e-04 9.999995e-01 2.891538e+00
1.000000e+00 -3.385721e-05 -1.391122e-04 -1.811007e+00 3.383435e-05 1.000000e+00 -1.644005e-04 2.151989e-02 1.391177e-04 1.643941e-04 9.999999e-01 3.055102e+00
1.000000e+00 -2.206064e-04 5.606199e-05 -1.907127e+00 2.206542e-04 9.999996e-01 -8.532831e-04 2.409891e-02 -5.587384e-05 8.532936e-04 9.999995e-01 3.219188e+00
1.000000e+00 -1.149380e-06 -9.479426e-05 -1.999057e+00 1.137551e-06 1.000000e+00 -1.249668e-04 2.628588e-02 9.479429e-05 1.249647e-04 9.999999e-01 3.373574e+00
1.000000e+00 -1.630481e-04 7.393371e-05 -2.081783e+00 1.631056e-04 9.999997e-01 -7.781421e-04 2.769913e-02 -7.380692e-05 7.781522e-04 9.999996e-01 3.508431e+00
1.000000e+00 7.388454e-05 -5.460805e-05 -2.152733e+00 -7.388574e-05 1.000000e+00 -2.232873e-05 2.808003e-02 5.460628e-05 2.233064e-05 9.999999e-01 3.617460e+00
1.000000e+00 -1.459878e-04 3.300742e-05 -2.218354e+00 1.460118e-04 9.999997e-01 -7.254523e-04 2.802557e-02 -3.290162e-05 7.254549e-04 9.999996e-01 3.715358e+00
1.000000e+00 6.566230e-05 -3.802424e-05 -2.286807e+00 -6.566401e-05 1.000000e+00 -4.537381e-05 2.814321e-02 3.802114e-05 4.537404e-05 9.999999e-01 3.816907e+00
1.000000e+00 -1.064819e-04 2.011959e-05 -2.349366e+00 1.064955e-04 9.999998e-01 -6.753333e-04 2.780383e-02 -2.004779e-05 6.753331e-04 9.999997e-01 3.906871e+00
1.000000e+00 4.645652e-05 -8.918011e-05 -2.411753e+00 -4.645888e-05 1.000000e+00 -2.657999e-05 2.748012e-02 8.917875e-05 2.658173e-05 9.999999e-01 3.996507e+00
1.000000e+00 -1.263224e-04 6.655669e-05 -2.481253e+00 1.263707e-04 9.999997e-01 -7.248075e-04 2.757810e-02 -6.646524e-05 7.248134e-04 9.999996e-01 4.096125e+00
1.000000e+00 -1.886417e-05 -1.150334e-04 -2.559855e+00 1.885002e-05 1.000000e+00 -1.231814e-04 2.851424e-02 1.150356e-04 1.231767e-04 9.999999e-01 4.217441e+00
1.000000e+00 -1.100355e-04 1.227248e-04 -2.637696e+00 1.101267e-04 9.999997e-01 -7.431109e-04 2.954044e-02 -1.226432e-04 7.431217e-04 9.999996e-01 4.343375e+00
1.000000e+00 -6.738147e-05 -1.635589e-04 -2.721190e+00 6.735638e-05 1.000000e+00 -1.534944e-04 3.092689e-02 1.635691e-04 1.534806e-04 9.999999e-01 4.476814e+00
1.000000e+00 -9.452867e-05 2.571262e-04 -2.754108e+00 9.470511e-05 9.999998e-01 -6.862170e-04 3.079175e-02 -2.570614e-04 6.862385e-04 9.999996e-01 4.567766e+00
9.999998e-01 -1.475277e-04 -6.204505e-04 -2.811802e+00 1.474851e-04 1.000000e+00 -6.871775e-05 3.125010e-02 6.204605e-04 6.862332e-05 9.999997e-01 4.679058e+00
9.999999e-01 -2.345616e-04 3.230776e-04 -2.922393e+00 2.349091e-04 9.999994e-01 -1.075976e-03 3.515668e-02 -3.228253e-04 1.076049e-03 9.999993e-01 4.874061e+00
9.999999e-01 -1.426810e-04 -4.997305e-04 -3.039060e+00 1.426134e-04 1.000000e+00 -1.353884e-04 3.968164e-02 4.997496e-04 1.353140e-04 9.999998e-01 5.087662e+00
9.999998e-01 -2.739257e-04 -5.017669e-04 -3.132099e+00 2.735166e-04 9.999996e-01 -8.152375e-04 4.348119e-02 5.019897e-04 8.150969e-04 9.999994e-01 5.274653e+00
9.999993e-01 -8.288836e-04 -7.839292e-04 -3.107881e+00 8.285493e-04 9.999996e-01 -4.266710e-04 4.469651e-02 7.842821e-04 4.260178e-04 9.999995e-01 5.380228e+00
1.000000e+00 2.634446e-04 1.493761e-04 -3.155112e+00 -2.633421e-04 9.999997e-01 -6.854906e-04 4.589054e-02 -1.495571e-04 6.854477e-04 9.999997e-01 5.502182e+00
9.999992e-01 -7.053648e-04 -1.082377e-03 -3.249959e+00 7.048542e-04 9.999996e-01 -4.720891e-04 4.944482e-02 1.082709e-03 4.713223e-04 9.999992e-01 5.686438e+00
9.999994e-01 4.631366e-04 9.679351e-04 -3.347072e+00 -4.626008e-04 9.999997e-01 -5.537310e-04 5.220407e-02 -9.681919e-04 5.532792e-04 9.999993e-01 5.854688e+00
9.999993e-01 -6.248837e-04 -1.005554e-03 -3.430074e+00 6.245652e-04 9.999998e-01 -3.170504e-04 5.347474e-02 1.005751e-03 3.164184e-04 9.999993e-01 5.984242e+00
9.999995e-01 4.042045e-04 9.126465e-04 -3.520316e+00 -4.036264e-04 9.999997e-01 -6.335198e-04 5.545825e-02 -9.129029e-04 6.331472e-04 9.999993e-01 6.132078e+00
9.999993e-01 -5.295647e-04 -1.013715e-03 -3.596949e+00 5.293623e-04 9.999998e-01 -1.998915e-04 5.635128e-02 1.013820e-03 1.993508e-04 9.999994e-01 6.251438e+00
9.999995e-01 4.652762e-04 9.154893e-04 -3.660121e+00 -4.648058e-04 9.999998e-01 -5.139568e-04 5.598427e-02 -9.157288e-04 5.135270e-04 9.999993e-01 6.337903e+00
9.999994e-01 -5.058972e-04 -1.012863e-03 -3.721671e+00 5.057173e-04 9.999999e-01 -1.779283e-04 5.551252e-02 1.012953e-03 1.774119e-04 9.999994e-01 6.422387e+00
9.999996e-01 3.133132e-04 7.855749e-04 -3.762318e+00 -3.128945e-04 9.999998e-01 -5.330488e-04 5.472715e-02 -7.857425e-04 5.327986e-04 9.999994e-01 6.497580e+00
9.999995e-01 -5.713546e-04 -8.186890e-04 -3.762228e+00 5.711500e-04 9.999998e-01 -2.501462e-04 5.315872e-02 8.188311e-04 2.496742e-04 9.999995e-01 6.546862e+00
1.000000e+00 -1.227081e-05 1.900638e-04 -3.609092e+00 1.240214e-05 9.999998e-01 -6.909606e-04 5.138120e-02 -1.900561e-04 6.909586e-04 9.999996e-01 6.572348e+00
9.999986e-01 -1.232772e-03 -1.142809e-03 -3.493276e+00 1.232110e-03 9.999991e-01 -5.799596e-04 5.098051e-02 1.143522e-03 5.785463e-04 9.999991e-01 6.639827e+00
9.999998e-01 5.173064e-04 3.402232e-04 -3.512290e+00 -5.171232e-04 9.999997e-01 -5.382784e-04 5.164747e-02 -3.405025e-04 5.380978e-04 9.999997e-01 6.735039e+00
9.999995e-01 -7.088066e-04 -7.050873e-04 -3.592052e+00 7.085729e-04 9.999997e-01 -3.316643e-04 5.285541e-02 7.053212e-04 3.311599e-04 9.999996e-01 6.859211e+00
9.999997e-01 4.855578e-04 5.917843e-04 -3.683761e+00 -4.851896e-04 9.999997e-01 -6.223092e-04 5.494825e-02 -5.920873e-04 6.220171e-04 9.999995e-01 7.009082e+00
9.999994e-01 -7.630164e-04 -7.366038e-04 -3.781447e+00 7.627197e-04 9.999996e-01 -4.030309e-04 5.764188e-02 7.369101e-04 4.024639e-04 9.999995e-01 7.174559e+00
9.999997e-01 5.805590e-04 5.790645e-04 -3.866394e+00 -5.802539e-04 9.999997e-01 -5.269387e-04 5.943834e-02 -5.793713e-04 5.265976e-04 9.999996e-01 7.318217e+00
9.999993e-01 -7.459848e-04 -8.876855e-04 -3.920774e+00 7.458393e-04 9.999997e-01 -1.641855e-04 5.935010e-02 8.878067e-04 1.635183e-04 9.999995e-01 7.416839e+00
9.999996e-01 5.701859e-04 6.885992e-04 -3.998438e+00 -5.697048e-04 9.999996e-01 -6.987328e-04 6.046424e-02 -6.889984e-04 6.983351e-04 9.999994e-01 7.543934e+00
9.999992e-01 -8.212277e-04 -9.683647e-04 -4.094159e+00 8.209601e-04 9.999996e-01 -2.766666e-04 6.294943e-02 9.685905e-04 2.758662e-04 9.999994e-01 7.700917e+00
9.999998e-01 5.079453e-04 3.883129e-04 -4.155571e+00 -5.077049e-04 9.999997e-01 -6.189453e-04 6.377119e-02 -3.886283e-04 6.187428e-04 9.999996e-01 7.806856e+00
9.999994e-01 -8.309600e-04 -7.035522e-04 -4.256029e+00 8.306535e-04 9.999996e-01 -4.358210e-04 6.672479e-02 7.039129e-04 4.352309e-04 9.999996e-01 7.977144e+00
9.999998e-01 5.033626e-04 4.425482e-04 -4.363689e+00 -5.030546e-04 9.999996e-01 -6.959391e-04 7.059608e-02 -4.428995e-04 6.957108e-04 9.999996e-01 8.172866e+00
9.999983e-01 -1.210828e-03 -1.367121e-03 -4.341293e+00 1.210692e-03 9.999993e-01 -1.003008e-04 7.081628e-02 1.367240e-03 9.863985e-05 9.999990e-01 8.267006e+00
9.999999e-01 -1.386608e-04 3.825910e-04 -4.108876e+00 1.392196e-04 9.999989e-01 -1.461054e-03 6.971663e-02 -3.823894e-04 1.461101e-03 9.999988e-01 8.317674e+00
9.999988e-01 -6.289905e-04 -1.450575e-03 -4.095060e+00 6.299887e-04 9.999996e-01 6.878092e-04 7.037803e-02 1.450141e-03 -6.887280e-04 9.999986e-01 8.423016e+00
9.999998e-01 -3.085703e-04 4.598316e-04 -4.103819e+00 3.094476e-04 9.999981e-01 -1.908955e-03 7.169601e-02 -4.592433e-04 1.909091e-03 9.999980e-01 8.543412e+00
9.999997e-01 1.138810e-05 -7.383027e-04 -4.206258e+00 -1.075726e-05 9.999996e-01 8.544929e-04 7.491504e-02 7.383106e-04 -8.544908e-04 9.999993e-01 8.720302e+00
9.999998e-01 -2.981221e-04 5.428025e-04 -4.306356e+00 2.991432e-04 9.999982e-01 -1.882110e-03 7.778678e-02 -5.422421e-04 1.882266e-03 9.999980e-01 8.889352e+00
9.999997e-01 4.597856e-06 -7.106167e-04 -4.411808e+00 -4.021518e-06 9.999997e-01 8.110849e-04 8.114692e-02 7.106186e-04 -8.110881e-04 9.999993e-01 9.070748e+00
9.999999e-01 -3.938014e-04 3.793400e-04 -4.525391e+00 3.945426e-04 9.999980e-01 -1.956113e-03 8.525630e-02 -3.785707e-04 1.956256e-03 9.999979e-01 9.269094e+00
9.999996e-01 8.741910e-05 -9.277863e-04 -4.603284e+00 -8.652709e-05 9.999995e-01 9.614719e-04 8.745670e-02 9.278682e-04 -9.613977e-04 9.999990e-01 9.413651e+00
9.999999e-01 -4.705363e-04 2.431233e-04 -4.682851e+00 4.710110e-04 9.999980e-01 -1.956066e-03 8.963710e-02 -2.422043e-04 1.956173e-03 9.999980e-01 9.565098e+00
9.999999e-01 4.005233e-05 -5.272280e-04 -4.804492e+00 -3.967639e-05 9.999997e-01 7.131252e-04 9.457830e-02 5.272546e-04 -7.131108e-04 9.999995e-01 9.787178e+00
9.999999e-01 -3.418414e-04 3.597040e-04 -4.911395e+00 3.424936e-04 9.999983e-01 -1.814767e-03 9.818329e-02 -3.590850e-04 1.814883e-03 9.999982e-01 9.975624e+00
9.999999e-01 9.360777e-05 -5.118816e-04 -5.006281e+00 -9.317577e-05 9.999996e-01 8.439865e-04 1.005369e-01 5.119585e-04 -8.439456e-04 9.999994e-01 1.013104e+01
9.999999e-01 -2.897242e-04 1.611331e-04 -5.091367e+00 2.900050e-04 9.999984e-01 -1.745484e-03 1.022268e-01 -1.606290e-04 1.745524e-03 9.999984e-01 1.026519e+01
9.999999e-01 9.625918e-05 -4.617903e-04 -5.167726e+00 -9.585415e-05 9.999996e-01 8.771306e-04 1.031204e-01 4.618725e-04 -8.770933e-04 9.999994e-01 1.038060e+01
9.999999e-01 -2.520277e-04 4.206229e-04 -5.249399e+00 2.527606e-04 9.999984e-01 -1.743350e-03 1.043167e-01 -4.201848e-04 1.743449e-03 9.999983e-01 1.050837e+01
9.999999e-01 1.156762e-04 -4.581341e-04 -5.328899e+00 -1.152669e-04 9.999996e-01 8.934310e-04 1.053656e-01 4.582353e-04 -8.933853e-04 9.999994e-01 1.063240e+01
9.999999e-01 -2.701157e-04 4.134234e-04 -5.409796e+00 2.708354e-04 9.999984e-01 -1.741905e-03 1.064290e-01 -4.129542e-04 1.742010e-03 9.999983e-01 1.075634e+01
9.999999e-01 8.486966e-05 -5.357804e-04 -5.498268e+00 -8.441896e-05 9.999996e-01 8.412870e-04 1.081572e-01 5.358496e-04 -8.412491e-04 9.999994e-01 1.089523e+01
9.999999e-01 -2.973166e-04 3.761627e-04 -5.588481e+00 2.979806e-04 9.999984e-01 -1.766587e-03 1.100562e-01 -3.756389e-04 1.766691e-03 9.999983e-01 1.103762e+01
9.999998e-01 1.019425e-04 -6.214463e-04 -5.676035e+00 -1.013986e-04 9.999996e-01 8.752581e-04 1.117457e-01 6.215333e-04 -8.752025e-04 9.999993e-01 1.117230e+01
9.999999e-01 -3.278708e-04 3.123027e-04 -5.764166e+00 3.284305e-04 9.999983e-01 -1.793815e-03 1.135108e-01 -3.117162e-04 1.793910e-03 9.999982e-01 1.130880e+01
9.999999e-01 1.256289e-04 -4.704785e-04 -5.853536e+00 -1.252167e-04 9.999996e-01 8.761522e-04 1.153696e-01 4.705863e-04 -8.761010e-04 9.999994e-01 1.145005e+01
9.999999e-01 -3.321805e-04 3.217477e-04 -5.942866e+00 3.327538e-04 9.999984e-01 -1.783820e-03 1.171605e-01 -3.211567e-04 1.783919e-03 9.999983e-01 1.158944e+01
9.999999e-01 1.401945e-04 -4.221877e-04 -6.029508e+00 -1.398236e-04 9.999996e-01 8.785009e-04 1.187848e-01 4.223086e-04 -8.784498e-04 9.999994e-01 1.172628e+01
9.999999e-01 -2.153992e-04 3.580009e-04 -6.098582e+00 2.159809e-04 9.999987e-01 -1.626045e-03 1.188704e-01 -3.576523e-04 1.626114e-03 9.999985e-01 1.182416e+01
9.999999e-01 1.551553e-04 -4.613780e-04 -6.157976e+00 -1.547263e-04 9.999996e-01 9.297098e-04 1.181635e-01 4.615199e-04 -9.296464e-04 9.999994e-01 1.190020e+01
9.999999e-01 -2.294177e-04 3.521199e-04 -6.222297e+00 2.299959e-04 9.999986e-01 -1.643199e-03 1.177952e-01 -3.517445e-04 1.643272e-03 9.999985e-01 1.198432e+01
9.999999e-01 1.561522e-04 -4.500801e-04 -6.284066e+00 -1.557325e-04 9.999996e-01 9.325234e-04 1.173080e-01 4.502234e-04 -9.324614e-04 9.999994e-01 1.206562e+01
9.999999e-01 -2.645453e-04 3.910881e-04 -6.357380e+00 2.652089e-04 9.999985e-01 -1.697938e-03 1.176188e-01 -3.906405e-04 1.698033e-03 9.999984e-01 1.216894e+01
9.999999e-01 8.352798e-05 -5.099313e-04 -6.443801e+00 -8.311362e-05 9.999997e-01 8.126958e-04 1.191780e-01 5.099968e-04 -8.126617e-04 9.999994e-01 1.230335e+01
9.999999e-01 -2.076931e-04 4.315159e-04 -6.518968e+00 2.083919e-04 9.999987e-01 -1.620215e-03 1.198111e-01 -4.311810e-04 1.620296e-03 9.999985e-01 1.241524e+01
9.999999e-01 1.020188e-04 -4.081718e-04 -6.592519e+00 -1.016840e-04 9.999997e-01 8.203586e-04 1.202618e-01 4.082531e-04 -8.203256e-04 9.999995e-01 1.252508e+01
9.999999e-01 -2.303948e-04 4.257270e-04 -6.669591e+00 2.310982e-04 9.999986e-01 -1.653002e-03 1.210307e-01 -4.253478e-04 1.653091e-03 9.999984e-01 1.264320e+01
9.999999e-01 5.667032e-05 -4.502640e-04 -6.753348e+00 -5.632990e-05 9.999997e-01 7.561724e-04 1.224281e-01 4.503046e-04 -7.561557e-04 9.999995e-01 1.277725e+01
9.999999e-01 -2.583562e-04 4.317861e-04 -6.842214e+00 2.590942e-04 9.999985e-01 -1.710080e-03 1.243390e-01 -4.313459e-04 1.710182e-03 9.999983e-01 1.292507e+01
9.999999e-01 8.457560e-05 -4.368147e-04 -6.926743e+00 -8.422773e-05 9.999997e-01 7.965106e-04 1.258595e-01 4.368798e-04 -7.964826e-04 9.999995e-01 1.306287e+01
9.999999e-01 -3.149637e-04 2.680220e-04 -7.019201e+00 3.154391e-04 9.999984e-01 -1.775962e-03 1.281863e-01 -2.674644e-04 1.776038e-03 9.999983e-01 1.321904e+01
9.999999e-01 1.137685e-04 -4.200723e-04 -7.105368e+00 -1.134162e-04 9.999996e-01 8.388180e-04 1.299698e-01 4.201654e-04 -8.387794e-04 9.999995e-01 1.336254e+01
9.999999e-01 -2.562519e-04 3.747669e-04 -7.170025e+00 2.568702e-04 9.999986e-01 -1.650980e-03 1.303732e-01 -3.743456e-04 1.651067e-03 9.999985e-01 1.347621e+01
9.999995e-01 6.239007e-04 -7.755704e-04 -7.133613e+00 -6.232630e-04 9.999995e-01 8.223916e-04 1.300532e-01 7.760808e-04 -8.219171e-04 9.999993e-01 1.345860e+01
9.999992e-01 1.235130e-04 -1.269899e-03 -7.020166e+00 -1.253403e-04 9.999990e-01 -1.438898e-03 1.317491e-01 1.269718e-03 1.439047e-03 9.999981e-01 1.328925e+01
9.999996e-01 -2.339965e-04 8.728191e-04 -7.042683e+00 2.334299e-04 9.999998e-01 6.490934e-04 1.317453e-01 -8.729732e-04 -6.488988e-04 9.999993e-01 1.337108e+01
9.999996e-01 1.096408e-04 -8.965062e-04 -7.110518e+00 -1.109573e-04 9.999989e-01 -1.468425e-03 1.322437e-01 8.963417e-04 1.468514e-03 9.999984e-01 1.348634e+01
9.999995e-01 3.334248e-06 1.009796e-03 -7.104582e+00 -3.920790e-06 9.999998e-01 5.807453e-04 1.312013e-01 -1.009796e-03 -5.807585e-04 9.999992e-01 1.353314e+01
9.999995e-01 -1.195183e-04 -1.038226e-03 -7.174209e+00 1.180880e-04 9.999990e-01 -1.377492e-03 1.315523e-01 1.038387e-03 1.377359e-03 9.999984e-01 1.364237e+01
9.999994e-01 7.559722e-06 1.060629e-03 -7.248098e+00 -8.148320e-06 9.999998e-01 5.548448e-04 1.321312e-01 -1.060627e-03 -5.548629e-04 9.999992e-01 1.375632e+01
9.999993e-01 -2.052691e-04 -1.121840e-03 -7.334100e+00 2.036145e-04 9.999989e-01 -1.474676e-03 1.337517e-01 1.122139e-03 1.474437e-03 9.999982e-01 1.389570e+01
9.999995e-01 -6.976401e-05 9.810526e-04 -7.432955e+00 6.932776e-05 9.999999e-01 4.445901e-04 1.365491e-01 -9.810860e-04 -4.445319e-04 9.999993e-01 1.406416e+01
9.999994e-01 -2.303893e-04 -1.103329e-03 -7.536426e+00 2.287024e-04 9.999988e-01 -1.528720e-03 1.398142e-01 1.103677e-03 1.528456e-03 9.999981e-01 1.424545e+01
9.999995e-01 -7.027898e-05 1.008432e-03 -7.641323e+00 6.985329e-05 9.999999e-01 4.220446e-04 1.432419e-01 -1.008464e-03 -4.219841e-04 9.999993e-01 1.443184e+01
9.999995e-01 -1.059219e-04 -1.030893e-03 -7.726418e+00 1.045276e-04 9.999991e-01 -1.352350e-03 1.448982e-01 1.031033e-03 1.352231e-03 9.999985e-01 1.457338e+01
9.999995e-01 -2.644917e-05 1.040568e-03 -7.804666e+00 2.591885e-05 9.999999e-01 5.095379e-04 1.457855e-01 -1.040584e-03 -5.095209e-04 9.999992e-01 1.469454e+01
9.999993e-01 -2.051771e-04 -1.140988e-03 -7.895742e+00 2.034867e-04 9.999989e-01 -1.481374e-03 1.478974e-01 1.141288e-03 1.481131e-03 9.999982e-01 1.484671e+01
9.999995e-01 -1.084397e-04 9.918751e-04 -7.999628e+00 1.080577e-04 9.999999e-01 3.850203e-04 1.512305e-01 -9.919194e-04 -3.849235e-04 9.999993e-01 1.503005e+01
9.999994e-01 -1.885682e-04 -1.091915e-03 -8.102841e+00 1.869579e-04 9.999989e-01 -1.474490e-03 1.544937e-01 1.092189e-03 1.474275e-03 9.999982e-01 1.521194e+01
9.999994e-01 -4.568828e-05 1.054147e-03 -8.196975e+00 4.520144e-05 9.999999e-01 4.617359e-04 1.569456e-01 -1.054170e-03 -4.616988e-04 9.999992e-01 1.537393e+01
9.999993e-01 -2.234605e-04 -1.172318e-03 -8.293227e+00 2.217176e-04 9.999989e-01 -1.486541e-03 1.595568e-01 1.172647e-03 1.486269e-03 9.999981e-01 1.553879e+01
9.999994e-01 -2.301602e-06 1.106435e-03 -8.386770e+00 1.757972e-06 9.999999e-01 4.912164e-04 1.619535e-01 -1.106439e-03 -4.912251e-04 9.999992e-01 1.569843e+01
9.999992e-01 -2.389970e-04 -1.206645e-03 -8.480596e+00 2.372194e-04 9.999989e-01 -1.473015e-03 1.642726e-01 1.206993e-03 1.472716e-03 9.999981e-01 1.585489e+01
9.999995e-01 -1.256683e-04 1.018196e-03 -8.592689e+00 1.253598e-04 9.999999e-01 3.029185e-04 1.683614e-01 -1.018236e-03 -3.028019e-04 9.999993e-01 1.605689e+01
9.999991e-01 -3.023522e-04 -1.285883e-03 -8.712488e+00 3.003617e-04 9.999988e-01 -1.547835e-03 1.731867e-01 1.286346e-03 1.547436e-03 9.999979e-01 1.627724e+01
9.999994e-01 -1.212007e-04 1.082163e-03 -8.833691e+00 1.209043e-04 1.000000e+00 2.738235e-04 1.781938e-01 -1.082199e-03 -2.737039e-04 9.999993e-01 1.650387e+01
9.999993e-01 -1.850584e-04 -1.175988e-03 -8.939388e+00 1.834207e-04 9.999990e-01 -1.392509e-03 1.817311e-01 1.176241e-03 1.392281e-03 9.999982e-01 1.669319e+01
9.999994e-01 -4.008809e-05 1.135449e-03 -9.032246e+00 3.962102e-05 9.999999e-01 4.112429e-04 1.839834e-01 -1.135468e-03 -4.112092e-04 9.999992e-01 1.684894e+01
9.999993e-01 -1.464897e-04 -1.153274e-03 -9.119741e+00 1.449506e-04 9.999991e-01 -1.334331e-03 1.857171e-01 1.153465e-03 1.334151e-03 9.999983e-01 1.699110e+01
9.999994e-01 -5.554798e-05 1.065594e-03 -9.206777e+00 5.509963e-05 9.999999e-01 4.206325e-04 1.873839e-01 -1.065620e-03 -4.205854e-04 9.999992e-01 1.713045e+01
9.999994e-01 -8.612919e-05 -1.104015e-03 -9.287937e+00 8.469128e-05 9.999991e-01 -1.302299e-03 1.887161e-01 1.104123e-03 1.302192e-03 9.999984e-01 1.726325e+01
9.999995e-01 -2.967023e-05 1.024972e-03 -9.363418e+00 2.915954e-05 9.999999e-01 4.981114e-04 1.893778e-01 -1.024989e-03 -4.980932e-04 9.999993e-01 1.737654e+01
9.999993e-01 -2.061536e-04 -1.136297e-03 -9.454090e+00 2.044973e-04 9.999989e-01 -1.457461e-03 1.914172e-01 1.136594e-03 1.457215e-03 9.999982e-01 1.752592e+01
9.999995e-01 -1.312013e-04 9.497685e-04 -9.560467e+00 1.308782e-04 9.999999e-01 3.400847e-04 1.949752e-01 -9.498158e-04 -3.399724e-04 9.999994e-01 1.771430e+01
9.999992e-01 -2.900855e-04 -1.208273e-03 -9.680083e+00 2.881770e-04 9.999987e-01 -1.579295e-03 1.997765e-01 1.208727e-03 1.578933e-03 9.999979e-01 1.793415e+01
9.999998e-01 -2.234222e-04 6.662352e-04 -9.814718e+00 2.232500e-04 9.999999e-01 2.582112e-04 2.058382e-01 -6.662958e-04 -2.580749e-04 9.999996e-01 1.817997e+01
9.999994e-01 -3.109293e-04 -1.080612e-03 -9.952117e+00 3.091259e-04 9.999986e-01 -1.668531e-03 2.123067e-01 1.081126e-03 1.668184e-03 9.999979e-01 1.843985e+01
9.999996e-01 -9.571882e-05 9.108170e-04 -1.007217e+01 9.536033e-05 9.999999e-01 3.934374e-04 2.172943e-01 -9.108575e-04 -3.933631e-04 9.999994e-01 1.866802e+01
9.999994e-01 -2.064701e-04 -1.045648e-03 -1.017384e+01 2.049306e-04 9.999989e-01 -1.472025e-03 2.204314e-01 1.045948e-03 1.471797e-03 9.999983e-01 1.884626e+01
9.999996e-01 -9.037143e-05 9.409297e-04 -1.027681e+01 9.000807e-05 9.999999e-01 3.860136e-04 2.236736e-01 -9.409674e-04 -3.859416e-04 9.999994e-01 1.902759e+01
9.999994e-01 -2.517623e-04 -1.090088e-03 -1.038662e+01 2.500836e-04 9.999988e-01 -1.539690e-03 2.275727e-01 1.090471e-03 1.539403e-03 9.999981e-01 1.922554e+01
9.999995e-01 -3.799927e-05 1.011471e-03 -1.049041e+01 3.755086e-05 9.999999e-01 4.431573e-04 2.309078e-01 -1.011490e-03 -4.431322e-04 9.999993e-01 1.940972e+01
9.999994e-01 -2.040991e-04 -1.116782e-03 -1.058564e+01 2.025012e-04 9.999990e-01 -1.430578e-03 2.333353e-01 1.117070e-03 1.430338e-03 9.999983e-01 1.956828e+01
9.999995e-01 -5.780666e-05 9.904476e-04 -1.068389e+01 5.739683e-05 9.999999e-01 4.136088e-04 2.360512e-01 -9.904744e-04 -4.135651e-04 9.999993e-01 1.973432e+01
9.999994e-01 -1.602313e-04 -1.086846e-03 -1.077768e+01 1.587350e-04 9.999990e-01 -1.376521e-03 2.383357e-01 1.087062e-03 1.376334e-03 9.999984e-01 1.988914e+01
9.999996e-01 -6.104754e-05 9.439635e-04 -1.086811e+01 6.062670e-05 9.999999e-01 4.456400e-04 2.402811e-01 -9.439937e-04 -4.455961e-04 9.999994e-01 2.003443e+01
9.999993e-01 -2.622769e-04 -1.150616e-03 -1.097434e+01 2.605147e-04 9.999988e-01 -1.531262e-03 2.437331e-01 1.151013e-03 1.530947e-03 9.999981e-01 2.021823e+01
9.999996e-01 -1.541702e-04 8.696525e-04 -1.109216e+01 1.538952e-04 9.999999e-01 3.160749e-04 2.483319e-01 -8.697043e-04 -3.159547e-04 9.999995e-01 2.043183e+01
9.999994e-01 -2.710791e-04 -1.099447e-03 -1.121463e+01 2.693406e-04 9.999987e-01 -1.580935e-03 2.533990e-01 1.099871e-03 1.580624e-03 9.999980e-01 2.065861e+01
9.999996e-01 -7.387562e-05 9.376104e-04 -1.132566e+01 7.347577e-05 9.999999e-01 4.262614e-04 2.573776e-01 -9.376449e-04 -4.262063e-04 9.999994e-01 2.085799e+01
9.999993e-01 -3.114771e-04 -1.163643e-03 -1.144018e+01 3.095979e-04 9.999986e-01 -1.614596e-03 2.616883e-01 1.164141e-03 1.614221e-03 9.999979e-01 2.106518e+01
9.999994e-01 2.078854e-05 1.054821e-03 -1.154481e+01 -2.133273e-05 9.999999e-01 5.157010e-04 2.651378e-01 -1.054814e-03 -5.157374e-04 9.999992e-01 2.125152e+01
9.999993e-01 -2.834598e-04 -1.185737e-03 -1.164050e+01 2.816499e-04 9.999988e-01 -1.526107e-03 2.676651e-01 1.186165e-03 1.525758e-03 9.999980e-01 2.141355e+01
9.999995e-01 -1.008928e-04 9.684212e-04 -1.175312e+01 1.005668e-04 9.999999e-01 3.363459e-04 2.718524e-01 -9.684583e-04 -3.362627e-04 9.999994e-01 2.161861e+01
9.999993e-01 -3.160661e-04 -1.159092e-03 -1.187259e+01 3.141893e-04 9.999986e-01 -1.618898e-03 2.768158e-01 1.159599e-03 1.618518e-03 9.999979e-01 2.184675e+01
9.999995e-01 -1.683332e-05 1.025007e-03 -1.198010e+01 1.634049e-05 9.999999e-01 4.805966e-04 2.805138e-01 -1.025018e-03 -4.805942e-04 9.999993e-01 2.203991e+01
9.999993e-01 -2.437506e-04 -1.124816e-03 -1.207967e+01 2.420390e-04 9.999988e-01 -1.521389e-03 2.834250e-01 1.125182e-03 1.521101e-03 9.999981e-01 2.221182e+01
9.999996e-01 -8.131543e-05 9.217439e-04 -1.218402e+01 8.091128e-05 9.999999e-01 4.382267e-04 2.867348e-01 -9.217828e-04 -4.381668e-04 9.999994e-01 2.239240e+01
9.999994e-01 -2.591810e-04 -1.081775e-03 -1.229248e+01 2.574741e-04 9.999987e-01 -1.577550e-03 2.904952e-01 1.082179e-03 1.577255e-03 9.999981e-01 2.258652e+01
9.999995e-01 -3.659411e-05 9.874120e-04 -1.239429e+01 3.611411e-05 9.999999e-01 4.858943e-04 2.936753e-01 -9.874330e-04 -4.858735e-04 9.999993e-01 2.276720e+01
9.999994e-01 -2.502265e-04 -1.063539e-03 -1.249612e+01 2.485608e-04 9.999987e-01 -1.565803e-03 2.968286e-01 1.063926e-03 1.565523e-03 9.999981e-01 2.294676e+01
9.999995e-01 -2.637549e-05 9.499385e-04 -1.259524e+01 2.588186e-05 9.999999e-01 5.194013e-04 2.996868e-01 -9.499554e-04 -5.193918e-04 9.999993e-01 2.311764e+01
9.999995e-01 -2.181749e-04 -1.000172e-03 -1.269125e+01 2.166392e-04 9.999988e-01 -1.535144e-03 3.022513e-01 1.000502e-03 1.534911e-03 9.999982e-01 2.328166e+01
9.999996e-01 -4.277803e-05 9.161217e-04 -1.278728e+01 4.231038e-05 9.999999e-01 5.102138e-04 3.048408e-01 -9.161467e-04 -5.101904e-04 9.999994e-01 2.344624e+01
9.999994e-01 -3.155651e-04 -1.084155e-03 -1.289764e+01 3.137445e-04 9.999985e-01 -1.678890e-03 3.088174e-01 1.084680e-03 1.678533e-03 9.999979e-01 2.364664e+01
9.999996e-01 -6.014603e-05 9.158888e-04 -1.301187e+01 5.971281e-05 9.999999e-01 4.727476e-04 3.131658e-01 -9.159205e-04 -4.727084e-04 9.999994e-01 2.385664e+01
9.999994e-01 -2.700384e-04 -1.022580e-03 -1.311953e+01 2.683826e-04 9.999987e-01 -1.618849e-03 3.168908e-01 1.023012e-03 1.618558e-03 9.999981e-01 2.405118e+01
9.999996e-01 -3.868502e-05 9.427372e-04 -1.322391e+01 3.822212e-05 9.999999e-01 4.907485e-04 3.203704e-01 -9.427595e-04 -4.907282e-04 9.999993e-01 2.424081e+01
9.999995e-01 -1.714548e-04 -9.757709e-04 -1.331417e+01 1.700395e-04 9.999989e-01 -1.450140e-03 3.223910e-01 9.760151e-04 1.449957e-03 9.999984e-01 2.439078e+01
9.999996e-01 5.820187e-06 9.451404e-04 -1.339817e+01 -6.350510e-06 9.999998e-01 5.608192e-04 3.238118e-01 -9.451404e-04 -5.608411e-04 9.999993e-01 2.452455e+01
9.999990e-01 -3.279196e-04 -1.410177e-03 -1.342957e+01 3.261187e-04 9.999991e-01 -1.276939e-03 3.233666e-01 1.410591e-03 1.276461e-03 9.999981e-01 2.460551e+01
9.999994e-01 -4.153457e-05 1.089935e-03 -1.346337e+01 4.108147e-05 9.999999e-01 4.154806e-04 3.229577e-01 -1.089955e-03 -4.154519e-04 9.999992e-01 2.469077e+01
9.999992e-01 -2.194999e-04 -1.213763e-03 -1.355720e+01 2.177792e-04 9.999990e-01 -1.417405e-03 3.253368e-01 1.214069e-03 1.417124e-03 9.999982e-01 2.484947e+01
9.999994e-01 -1.316738e-04 1.060978e-03 -1.366729e+01 1.314039e-04 1.000000e+00 2.541312e-04 3.292785e-01 -1.061015e-03 -2.540082e-04 9.999993e-01 2.504872e+01
9.999993e-01 -1.854352e-04 -1.206214e-03 -1.377322e+01 1.837970e-04 9.999991e-01 -1.357863e-03 3.327746e-01 1.206461e-03 1.357624e-03 9.999983e-01 2.523585e+01
9.999996e-01 -2.306672e-04 8.979025e-04 -1.389066e+01 2.305263e-04 1.000000e+00 1.566368e-04 3.373089e-01 -8.979422e-04 -1.564464e-04 9.999995e-01 2.544699e+01
9.999994e-01 -1.754439e-04 -1.126391e-03 -1.400952e+01 1.738816e-04 9.999990e-01 -1.386745e-03 3.420262e-01 1.126630e-03 1.386532e-03 9.999983e-01 2.566473e+01
9.999996e-01 -2.056937e-04 9.209575e-04 -1.412380e+01 2.055152e-04 1.000000e+00 1.936697e-04 3.463306e-01 -9.210010e-04 -1.934973e-04 9.999995e-01 2.587233e+01
9.999994e-01 -1.718756e-04 -1.115179e-03 -1.423775e+01 1.703330e-04 9.999990e-01 -1.382963e-03 3.506013e-01 1.115412e-03 1.382755e-03 9.999983e-01 2.607908e+01
9.999996e-01 -2.706956e-04 8.475261e-04 -1.436158e+01 2.706053e-04 1.000000e+00 1.063092e-04 3.557902e-01 -8.475586e-04 -1.060970e-04 9.999995e-01 2.630852e+01
9.999995e-01 -9.574259e-05 -1.014418e-03 -1.447568e+01 9.442963e-05 9.999992e-01 -1.293980e-03 3.600657e-01 1.014538e-03 1.293866e-03 9.999985e-01 2.651555e+01
9.999997e-01 -3.328536e-04 7.194011e-04 -1.459493e+01 3.328085e-04 9.999999e-01 6.239624e-05 3.648113e-01 -7.194256e-04 -6.217425e-05 9.999996e-01 2.673303e+01
9.999995e-01 -1.022604e-04 -9.544808e-04 -1.471914e+01 1.009763e-04 9.999991e-01 -1.345065e-03 3.700426e-01 9.546138e-04 1.344950e-03 9.999985e-01 2.696399e+01
9.999997e-01 -2.572033e-04 7.833502e-04 -1.483104e+01 2.570684e-04 1.000000e+00 1.718817e-04 3.741250e-01 -7.833981e-04 -1.716979e-04 9.999996e-01 2.716621e+01
9.999996e-01 3.957183e-05 -8.513239e-04 -1.492389e+01 -4.055842e-05 9.999993e-01 -1.158538e-03 3.764580e-01 8.512737e-04 1.158554e-03 9.999989e-01 2.732381e+01
9.999997e-01 -2.922219e-04 7.129839e-04 -1.501648e+01 2.920928e-04 9.999999e-01 1.805998e-04 3.786755e-01 -7.130405e-04 -1.804093e-04 9.999996e-01 2.747722e+01
9.999997e-01 2.312686e-05 -8.115265e-04 -1.511709e+01 -2.412556e-05 9.999992e-01 -1.230265e-03 3.816559e-01 8.114936e-04 1.230266e-03 9.999988e-01 2.765122e+01
9.999997e-01 -2.616527e-04 6.998847e-04 -1.521048e+01 2.614747e-04 9.999999e-01 2.540228e-04 3.839245e-01 -6.999550e-04 -2.538578e-04 9.999996e-01 2.780590e+01
9.999997e-01 6.812747e-05 -7.545428e-04 -1.529906e+01 -6.902520e-05 9.999993e-01 -1.189378e-03 3.857754e-01 7.544574e-04 1.189412e-03 9.999989e-01 2.795044e+01
9.999997e-01 -1.926591e-04 7.123504e-04 -1.537585e+01 1.924013e-04 9.999999e-01 3.615578e-04 3.865570e-01 -7.124238e-04 -3.614389e-04 9.999996e-01 2.806723e+01
9.999997e-01 5.104314e-05 -7.701217e-04 -1.545475e+01 -5.196316e-05 9.999993e-01 -1.194251e-03 3.874385e-01 7.700564e-04 1.194272e-03 9.999989e-01 2.818584e+01
9.999999e-01 -1.526490e-04 5.193841e-04 -1.551207e+01 1.524112e-04 9.999999e-01 4.571141e-04 3.870392e-01 -5.194576e-04 -4.570532e-04 9.999997e-01 2.826880e+01
9.999997e-01 -1.710139e-04 -8.081605e-04 -1.554361e+01 1.699727e-04 9.999992e-01 -1.287871e-03 3.862326e-01 8.083761e-04 1.287714e-03 9.999987e-01 2.833481e+01
9.999999e-01 -7.678807e-05 4.220754e-04 -1.559541e+01 7.659717e-05 9.999999e-01 4.514537e-04 3.860651e-01 -4.221140e-04 -4.514399e-04 9.999997e-01 2.841722e+01
9.999998e-01 -1.563576e-04 -5.709201e-04 -1.563742e+01 1.556176e-04 9.999991e-01 -1.295327e-03 3.853119e-01 5.711182e-04 1.295220e-03 9.999989e-01 2.848812e+01
1.000000e+00 -1.741101e-05 2.866467e-04 -1.568051e+01 1.725734e-05 9.999999e-01 5.348275e-04 3.846156e-01 -2.866600e-04 -5.348413e-04 9.999997e-01 2.856121e+01
9.999997e-01 -3.170837e-04 -7.242852e-04 -1.571547e+01 3.160373e-04 9.999989e-01 -1.444007e-03 3.844480e-01 7.247382e-04 1.443758e-03 9.999986e-01 2.864757e+01
9.999999e-01 -1.458822e-04 3.224330e-04 -1.574634e+01 1.457561e-04 9.999999e-01 3.900440e-04 3.846255e-01 -3.224940e-04 -3.900159e-04 9.999998e-01 2.873962e+01
9.999997e-01 -3.170891e-04 -7.164232e-04 -1.577747e+01 3.161006e-04 9.999990e-01 -1.378979e-03 3.848633e-01 7.168556e-04 1.378733e-03 9.999987e-01 2.883609e+01
9.999998e-01 -1.034384e-04 6.531184e-04 -1.580136e+01 1.031816e-04 9.999999e-01 3.926920e-04 3.842747e-01 -6.531631e-04 -3.926436e-04 9.999996e-01 2.891366e+01
9.999996e-01 -1.117080e-04 -8.403455e-04 -1.583790e+01 1.107934e-04 9.999994e-01 -1.087837e-03 3.835355e-01 8.404624e-04 1.087725e-03 9.999990e-01 2.899203e+01
9.999997e-01 -1.001538e-04 8.091405e-04 -1.586973e+01 9.989367e-05 9.999999e-01 3.210302e-04 3.827793e-01 -8.091768e-04 -3.209685e-04 9.999995e-01 2.906956e+01
9.999996e-01 -1.513230e-04 -8.509377e-04 -1.584256e+01 1.502932e-04 9.999993e-01 -1.209651e-03 3.813225e-01 8.511159e-04 1.209504e-03 9.999988e-01 2.911355e+01
9.999989e-01 -7.536122e-04 -1.282964e-03 -1.588225e+01 7.543781e-04 9.999995e-01 5.969548e-04 3.848854e-01 1.282509e-03 -5.979414e-04 9.999989e-01 2.928849e+01
9.999946e-01 -1.244327e-03 -3.055261e-03 -1.600622e+01 1.236756e-03 9.999962e-01 -2.478556e-03 3.987683e-01 3.058328e-03 2.474744e-03 9.999922e-01 2.974989e+01
9.999994e-01 1.293193e-04 1.047705e-03 -1.613276e+01 -1.295928e-04 1.000000e+00 2.605272e-04 4.101200e-01 -1.047676e-03 -2.606827e-04 9.999993e-01 3.016505e+01
9.999974e-01 -1.129098e-03 -1.958607e-03 -1.609132e+01 1.126257e-03 9.999983e-01 -1.450608e-03 4.101638e-01 1.960236e-03 1.448379e-03 9.999969e-01 3.023916e+01
9.999984e-01 1.572299e-04 1.807183e-03 -1.606155e+01 -1.572678e-04 1.000000e+00 2.054123e-05 4.094255e-01 -1.807184e-03 -2.084545e-05 9.999983e-01 3.030656e+01
9.999976e-01 -3.105199e-04 -2.151904e-03 -1.612896e+01 3.087786e-04 9.999996e-01 -8.092521e-04 4.099139e-01 2.152149e-03 8.085656e-04 9.999973e-01 3.041226e+01
9.999987e-01 -9.261508e-05 1.581628e-03 -1.616185e+01 9.264721e-05 1.000000e+00 -2.057702e-05 4.099027e-01 -1.581632e-03 2.070333e-05 9.999987e-01 3.049598e+01
9.999970e-01 -4.414217e-04 -2.392765e-03 -1.619864e+01 4.392181e-04 9.999995e-01 -9.211902e-04 4.106381e-01 2.393165e-03 9.201162e-04 9.999966e-01 3.059427e+01
9.999990e-01 6.335731e-05 1.426798e-03 -1.627719e+01 -6.334733e-05 1.000000e+00 -7.432737e-06 4.128316e-01 -1.426804e-03 7.321972e-06 9.999989e-01 3.073659e+01
9.999977e-01 -3.674032e-04 -2.127347e-03 -1.635034e+01 3.654795e-04 9.999995e-01 -9.043288e-04 4.144502e-01 2.127673e-03 9.035287e-04 9.999972e-01 3.086461e+01
9.999990e-01 -2.980444e-04 1.400182e-03 -1.636153e+01 2.981201e-04 1.000000e+00 -5.428537e-05 4.146286e-01 -1.400171e-03 5.468219e-05 9.999989e-01 3.095266e+01
9.999980e-01 2.172164e-05 -2.006879e-03 -1.643517e+01 -2.338369e-05 9.999997e-01 -8.278840e-04 4.159295e-01 2.006855e-03 8.279087e-04 9.999975e-01 3.107850e+01
9.999982e-01 -1.621967e-04 1.898818e-03 -1.649747e+01 1.622248e-04 1.000000e+00 -1.495843e-05 4.160354e-01 -1.898821e-03 1.524572e-05 9.999981e-01 3.118077e+01
9.999961e-01 -3.581662e-04 -2.763298e-03 -1.647543e+01 3.562563e-04 9.999997e-01 -6.914557e-04 4.155421e-01 2.763539e-03 6.904478e-04 9.999958e-01 3.126056e+01
9.999973e-01 -2.960580e-04 2.290605e-03 -1.649016e+01 2.969908e-04 9.999999e-01 -4.071304e-04 4.155365e-01 -2.290490e-03 4.077887e-04 9.999972e-01 3.135336e+01
9.999969e-01 -9.020506e-06 -2.490613e-03 -1.658861e+01 7.372809e-06 9.999998e-01 -6.613408e-04 4.184866e-01 2.490613e-03 6.612993e-04 9.999966e-01 3.152897e+01
9.999973e-01 -3.012233e-04 2.324875e-03 -1.669235e+01 3.023252e-04 9.999998e-01 -4.739167e-04 4.220269e-01 -2.324738e-03 4.745971e-04 9.999971e-01 3.172082e+01
9.999969e-01 5.322145e-06 -2.503225e-03 -1.679391e+01 -6.808398e-06 9.999998e-01 -5.934934e-04 4.251387e-01 2.503215e-03 5.934873e-04 9.999966e-01 3.189838e+01
9.999974e-01 -3.818913e-04 2.253251e-03 -1.690628e+01 3.832058e-04 9.999998e-01 -5.832579e-04 4.292766e-01 -2.253033e-03 5.840985e-04 9.999972e-01 3.210136e+01
9.999890e-01 -9.618080e-04 -4.586537e-03 -1.667994e+01 9.605090e-04 9.999995e-01 -2.852788e-04 4.297319e-01 4.586803e-03 2.808488e-04 9.999893e-01 3.219009e+01
9.999923e-01 -2.656948e-03 2.898258e-03 -1.597664e+01 2.667525e-03 9.999898e-01 -3.651867e-03 4.297657e-01 -2.888532e-03 3.659548e-03 9.999890e-01 3.223978e+01
9.999858e-01 -4.438877e-04 -5.302764e-03 -1.551113e+01 4.476923e-04 9.999996e-01 7.164279e-04 4.309066e-01 5.302437e-03 -7.188138e-04 9.999856e-01 3.234932e+01
9.999942e-01 -1.639768e-03 2.993790e-03 -1.533457e+01 1.647359e-03 9.999954e-01 -2.534941e-03 4.330968e-01 -2.989627e-03 2.539836e-03 9.999922e-01 3.250868e+01
9.999885e-01 2.191047e-04 -4.780457e-03 -1.528059e+01 -2.135687e-04 9.999993e-01 1.158679e-03 4.351901e-01 4.780700e-03 -1.157667e-03 9.999878e-01 3.265218e+01
9.999936e-01 -9.678227e-04 3.456763e-03 -1.532752e+01 9.762084e-04 9.999966e-01 -2.425258e-03 4.377290e-01 -3.454411e-03 2.428594e-03 9.999910e-01 3.278778e+01
9.999895e-01 4.560216e-04 -4.561364e-03 -1.541597e+01 -4.500892e-04 9.999991e-01 1.301702e-03 4.408379e-01 4.561946e-03 -1.299658e-03 9.999887e-01 3.294684e+01
9.999930e-01 -8.809813e-04 3.642813e-03 -1.552711e+01 8.900151e-04 9.999965e-01 -2.479280e-03 4.450803e-01 -3.640624e-03 2.482482e-03 9.999902e-01 3.314091e+01
9.999885e-01 3.570759e-04 -4.781036e-03 -1.560438e+01 -3.504353e-04 9.999990e-01 1.389870e-03 4.482778e-01 4.781519e-03 -1.388202e-03 9.999875e-01 3.329989e+01
9.999926e-01 -1.024838e-03 3.710667e-03 -1.564644e+01 1.034126e-03 9.999963e-01 -2.502161e-03 4.500116e-01 -3.708097e-03 2.505957e-03 9.999899e-01 3.341712e+01
9.999872e-01 5.162674e-04 -5.032200e-03 -1.573894e+01 -5.086597e-04 9.999987e-01 1.513140e-03 4.536132e-01 5.032967e-03 -1.510584e-03 9.999861e-01 3.358667e+01
9.999917e-01 -1.017840e-03 3.943543e-03 -1.582057e+01 1.028443e-03 9.999959e-01 -2.687610e-03 4.566287e-01 -3.940799e-03 2.691620e-03 9.999885e-01 3.374209e+01
9.999888e-01 1.513592e-04 -4.738893e-03 -1.575798e+01 -1.436033e-04 9.999986e-01 1.637145e-03 4.559127e-01 4.739127e-03 -1.636470e-03 9.999873e-01 3.380932e+01
9.999911e-01 -1.614687e-03 3.902756e-03 -1.556413e+01 1.627682e-03 9.999931e-01 -3.329096e-03 4.551470e-01 -3.897362e-03 3.335395e-03 9.999867e-01 3.387700e+01
9.999901e-01 4.309753e-04 -4.433158e-03 -1.553328e+01 -4.233651e-04 9.999984e-01 1.717666e-03 4.555843e-01 4.433883e-03 -1.715796e-03 9.999886e-01 3.396767e+01
9.999923e-01 -9.118661e-04 3.820421e-03 -1.558111e+01 9.225107e-04 9.999957e-01 -2.785655e-03 4.567335e-01 -3.817873e-03 2.789134e-03 9.999887e-01 3.407807e+01
9.999881e-01 2.340305e-04 -4.882666e-03 -1.560759e+01 -2.251867e-04 9.999983e-01 1.811916e-03 4.579236e-01 4.883074e-03 -1.810818e-03 9.999863e-01 3.418696e+01
9.999918e-01 -9.233701e-04 3.943831e-03 -1.563856e+01 9.351282e-04 9.999951e-01 -2.980856e-03 4.592224e-01 -3.941068e-03 2.984496e-03 9.999877e-01 3.429400e+01
9.999884e-01 3.333321e-04 -4.796059e-03 -1.566649e+01 -3.236768e-04 9.999979e-01 2.014008e-03 4.598124e-01 4.796712e-03 -2.012456e-03 9.999864e-01 3.438846e+01
9.999916e-01 -8.983156e-04 4.000159e-03 -1.569902e+01 9.105727e-04 9.999949e-01 -3.063658e-03 4.605142e-01 -3.997395e-03 3.067250e-03 9.999872e-01 3.448232e+01
9.999888e-01 4.706479e-04 -4.708454e-03 -1.574663e+01 -4.605733e-04 9.999976e-01 2.140744e-03 4.611706e-01 4.709442e-03 -2.138575e-03 9.999865e-01 3.458268e+01
9.999952e-01 -1.529604e-03 2.709685e-03 -1.576444e+01 1.537801e-03 9.999942e-01 -3.025693e-03 4.644219e-01 -2.705050e-03 3.029821e-03 9.999917e-01 3.474272e+01
9.999834e-01 -6.952038e-04 -5.723588e-03 -1.564420e+01 7.035473e-04 9.999987e-01 1.456038e-03 4.683848e-01 5.722559e-03 -1.460064e-03 9.999825e-01 3.490547e+01
9.999896e-01 -7.875222e-04 4.495920e-03 -1.560649e+01 8.011793e-04 9.999951e-01 -3.036935e-03 4.701471e-01 -4.493515e-03 3.040481e-03 9.999852e-01 3.502412e+01
