9.999926e-01 4.876809e-04 -3.813668e-03 -4.222129e-02 -4.906857e-04 9.999996e-01 -7.870120e-04 -2.184911e-02 3.813282e-03 7.888779e-04 9.999923e-01 9.968737e-01
9.999933e-01 -1.506588e-04 3.669585e-03 -7.870392e-02 1.512946e-04 1.000000e+00 -1.729775e-04 -4.492398e-02 -3.669559e-03 1.735319e-04 9.999932e-01 2.066655e+00
9.999928e-01 4.528924e-04 -3.765136e-03 -1.163094e-01 -4.558187e-04 9.999996e-01 -7.763931e-04 -6.805035e-02 3.764782e-03 7.781039e-04 9.999925e-01 3.130087e+00
9.999879e-01 -2.494345e-04 4.903267e-03 -1.479444e-01 2.500121e-04 1.000000e+00 -1.171843e-04 -9.054949e-02 -4.903238e-03 1.184089e-04 9.999879e-01 4.144557e+00
9.999995e-01 2.199150e-04 -1.024814e-03 -1.641513e-01 -2.205875e-04 9.999998e-01 -6.562331e-04 -1.121601e-01 1.024669e-03 6.564588e-04 9.999992e-01 5.089397e+00
9.999467e-01 -2.717253e-04 1.031768e-02 -1.608284e-01 2.739169e-04 9.999999e-01 -2.109972e-04 -1.317870e-01 -1.031763e-02 2.138121e-04 9.999466e-01 5.907856e+00
9.999904e-01 2.759283e-04 -4.374535e-03 -1.652006e-01 -2.783798e-04 9.999998e-01 -5.597930e-04 -1.517891e-01 4.374382e-03 5.610053e-04 9.999902e-01 6.733672e+00
9.999611e-01 -2.386240e-04 8.813308e-03 -1.750284e-01 2.398488e-04 1.000000e+00 -1.379166e-04 -1.719835e-01 -8.813272e-03 1.400249e-04 9.999611e-01 7.575323e+00
9.999597e-01 -1.606427e-05 8.975931e-03 -1.521248e-01 2.533250e-05 9.999995e-01 -1.032450e-03 -1.889784e-01 -8.975906e-03 1.032635e-03 9.999591e-01 8.234250e+00
9.998726e-01 -4.377875e-04 1.595521e-02 -1.204011e-01 4.443363e-04 9.999998e-01 -4.069088e-04 -2.039746e-01 -1.595503e-02 4.139459e-04 9.998725e-01 8.796836e+00
1.000000e+00 2.092267e-04 4.317659e-05 -9.572581e-02 -2.091966e-04 9.999997e-01 -6.962716e-04 -2.220274e-01 -4.331428e-05 6.962620e-04 9.999997e-01 9.514004e+00
9.999861e-01 -2.900988e-04 5.258610e-03 -9.430477e-02 2.901705e-04 1.000000e+00 -1.287127e-05 -2.429884e-01 -5.258598e-03 1.439634e-05 9.999861e-01 1.037414e+01
9.999984e-01 2.518372e-04 1.790232e-03 -9.281102e-02 -2.505421e-04 9.999997e-01 -7.236100e-04 -2.626993e-01 -1.790404e-03 7.231596e-04 9.999980e-01 1.117776e+01
9.998747e-01 -6.166186e-04 1.582048e-02 -5.223400e-02 6.210737e-04 9.999998e-01 -2.766848e-04 -2.807466e-01 -1.582029e-02 2.864750e-04 9.998747e-01 1.185616e+01
9.999664e-01 1.827359e-04 8.197461e-03 -1.467625e-02 -1.740777e-04 9.999994e-01 -1.056896e-03 -2.961521e-01 -8.197636e-03 1.055433e-03 9.999657e-01 1.242090e+01
9.999908e-01 -2.629350e-04 -4.288580e-03 -1.820672e-02 2.643893e-04 9.999999e-01 3.385338e-04 -3.174272e-01 4.288504e-03 -3.396656e-04 9.999906e-01 1.327151e+01
9.999732e-01 2.953581e-04 7.311504e-03 -3.625637e-02 -2.871609e-04 9.999993e-01 -1.122149e-03 -3.387385e-01 -7.311817e-03 1.120019e-03 9.999725e-01 1.418650e+01
9.999112e-01 -6.526243e-04 1.331130e-02 -5.221395e-03 6.538856e-04 9.999998e-01 -9.038871e-05 -3.551546e-01 -1.331122e-02 9.908353e-05 9.999113e-01 1.480590e+01
9.999740e-01 6.670532e-04 -7.175504e-03 -1.025095e-02 -6.719655e-04 9.999995e-01 -6.822218e-04 -3.749005e-01 7.175062e-03 6.870245e-04 9.999739e-01 1.561244e+01
9.998883e-01 -5.672329e-04 1.493816e-02 -1.594126e-02 5.695222e-04 9.999998e-01 -1.489882e-04 -3.932143e-01 -1.493806e-02 1.574778e-04 9.998883e-01 1.634732e+01
9.999995e-01 3.390043e-04 9.680322e-04 9.323498e-03 -3.381357e-04 9.999995e-01 -8.970914e-04 -4.103225e-01 -9.683169e-04 8.967621e-04 9.999990e-01 1.698140e+01
9.999988e-01 -2.859407e-04 1.534450e-03 -1.392368e-02 2.857657e-04 1.000000e+00 1.143834e-04 -4.316712e-01 -1.534463e-03 -1.139464e-04 9.999987e-01 1.788881e+01
9.999995e-01 3.284237e-04 9.001907e-04 -4.149077e-02 -3.275631e-04 9.999995e-01 -9.557673e-04 -4.538094e-01 -9.004847e-04 9.554703e-04 9.999990e-01 1.884761e+01
9.999998e-01 -2.162415e-04 6.392685e-04 -7.561372e-02 2.161903e-04 1.000000e+00 8.047751e-05 -4.761896e-01 -6.392663e-04 -8.034102e-05 9.999997e-01 1.982378e+01
9.999987e-01 2.689337e-04 1.586698e-03 -1.053787e-01 -2.674340e-04 9.999995e-01 -9.451615e-04 -4.987096e-01 -1.586932e-03 9.447342e-04 9.999982e-01 2.080690e+01
9.999999e-01 -1.830326e-04 3.849583e-04 -1.354527e-01 1.830041e-04 1.000000e+00 7.451813e-05 -5.212486e-01 -3.849519e-04 -7.444958e-05 9.999998e-01 2.179321e+01
9.999983e-01 2.616533e-04 1.850857e-03 -1.651797e-01 -2.598772e-04 9.999995e-01 -9.596491e-04 -5.439410e-01 -1.851087e-03 9.591645e-04 9.999977e-01 2.280456e+01
9.999990e-01 -2.645937e-04 1.367908e-03 -1.826199e-01 2.643230e-04 9.999999e-01 1.982504e-04 -5.650860e-01 -1.367940e-03 -1.978907e-04 9.999989e-01 2.368906e+01
9.999990e-01 2.662507e-04 1.402532e-03 -2.058837e-01 -2.648443e-04 9.999995e-01 -1.002678e-03 -5.869416e-01 -1.402778e-03 1.002304e-03 9.999984e-01 2.461747e+01
1.000000e+00 -1.699348e-04 7.384898e-05 -2.437371e-01 1.699274e-04 1.000000e+00 1.034158e-04 -6.097994e-01 -7.384556e-05 -1.034055e-04 9.999999e-01 2.562578e+01
9.999995e-01 3.109139e-04 8.976338e-04 -2.856413e-01 -3.099847e-04 9.999994e-01 -1.034858e-03 -6.329014e-01 -8.979339e-04 1.034577e-03 9.999990e-01 2.665972e+01
9.999998e-01 -1.917892e-04 5.524425e-04 -3.192660e-01 1.917005e-04 1.000000e+00 1.612047e-04 -6.554182e-01 -5.524522e-04 -1.611012e-04 9.999997e-01 2.764582e+01
9.999998e-01 2.999433e-04 4.598574e-04 -3.689859e-01 -2.994013e-04 9.999993e-01 -1.177751e-03 -6.799198e-01 -4.601890e-04 1.177611e-03 9.999991e-01 2.878706e+01
9.999994e-01 -2.036126e-04 1.094173e-03 -4.075029e-01 2.033294e-04 9.999999e-01 2.592591e-04 -7.029711e-01 -1.094204e-03 -2.590391e-04 9.999993e-01 2.981294e+01
9.999999e-01 3.100523e-04 1.114908e-04 -4.515610e-01 -3.099170e-04 9.999992e-01 -1.209159e-03 -7.264719e-01 -1.118441e-04 1.209121e-03 9.999992e-01 3.087521e+01
9.999995e-01 -2.016802e-04 9.275469e-04 -5.014477e-01 2.014988e-04 1.000000e+00 1.960095e-04 -7.509693e-01 -9.275647e-04 -1.958253e-04 9.999995e-01 3.201829e+01
1.000000e+00 2.928118e-04 7.441537e-05 -5.563972e-01 -2.927192e-04 9.999992e-01 -1.236779e-03 -7.758772e-01 -7.475565e-05 1.236755e-03 9.999991e-01 3.319437e+01
9.999994e-01 -2.129623e-04 1.062315e-03 -6.085037e-01 2.126943e-04 9.999999e-01 2.527255e-04 -7.998598e-01 -1.062347e-03 -2.525024e-04 9.999993e-01 3.428902e+01
1.000000e+00 2.557814e-04 6.570559e-05 -6.687423e-01 -2.556961e-04 9.999991e-01 -1.289902e-03 -8.246362e-01 -6.601345e-05 1.289882e-03 9.999991e-01 3.544638e+01
9.999996e-01 -1.813173e-04 8.282640e-04 -7.307197e-01 1.811336e-04 1.000000e+00 2.224029e-04 -8.498630e-01 -8.282822e-04 -2.222560e-04 9.999995e-01 3.664617e+01
9.999999e-01 1.307952e-04 -4.978347e-04 -8.236034e-01 -1.316276e-04 9.999986e-01 -1.673179e-03 -8.823908e-01 4.976373e-04 1.673241e-03 9.999984e-01 3.839879e+01
1.000000e+00 -1.154680e-04 -1.146198e-04 -9.247674e-01 1.154774e-04 1.000000e+00 7.921118e-05 -9.173424e-01 1.146328e-04 -7.922790e-05 9.999999e-01 4.035155e+01
9.999999e-01 1.374392e-04 -4.826497e-04 -1.035675e+00 -1.382899e-04 9.999984e-01 -1.763768e-03 -9.539106e-01 4.824285e-04 1.763831e-03 9.999982e-01 4.244517e+01
9.999982e-01 -2.199142e-04 1.874794e-03 -1.122060e+00 2.191523e-04 9.999999e-01 4.068388e-04 -9.848283e-01 -1.874861e-03 -4.064310e-04 9.999981e-01 4.407785e+01
1.000000e+00 1.868924e-04 -2.249992e-04 -1.191096e+00 -1.872552e-04 9.999987e-01 -1.615325e-03 -1.013243e+00 2.247193e-04 1.615363e-03 9.999986e-01 4.551556e+01
9.999988e-01 -1.855593e-04 1.555436e-03 -1.251641e+00 1.846809e-04 9.999998e-01 5.651425e-04 -1.038441e+00 -1.555518e-03 -5.648586e-04 9.999985e-01 4.669614e+01
9.999999e-01 2.226447e-04 -4.383525e-04 -1.311034e+00 -2.233379e-04 9.999987e-01 -1.583027e-03 -1.062981e+00 4.380221e-04 1.583120e-03 9.999986e-01 4.783034e+01
9.999987e-01 -1.813850e-04 1.627302e-03 -1.368465e+00 1.804628e-04 9.999998e-01 5.671351e-04 -1.087470e+00 -1.627382e-03 -5.668449e-04 9.999984e-01 4.896412e+01
1.000000e+00 2.353664e-04 7.682917e-05 -1.414353e+00 -2.352468e-04 9.999988e-01 -1.547406e-03 -1.111547e+00 -7.717045e-05 1.547384e-03 9.999987e-01 5.006786e+01
9.999977e-01 -2.092793e-04 2.116379e-03 -1.445954e+00 2.078745e-04 9.999998e-01 6.642132e-04 -1.134479e+00 -2.116495e-03 -6.637762e-04 9.999974e-01 5.106781e+01
1.000000e+00 2.008237e-04 1.655368e-04 -1.483808e+00 -2.005516e-04 9.999986e-01 -1.638810e-03 -1.159028e+00 -1.658424e-04 1.638773e-03 9.999985e-01 5.219246e+01
9.999967e-01 -1.954727e-04 2.542128e-03 -1.518477e+00 1.937775e-04 9.999998e-01 6.672803e-04 -1.183401e+00 -2.542235e-03 -6.667901e-04 9.999964e-01 5.330809e+01
9.999997e-01 1.103145e-04 8.048845e-04 -1.538538e+00 -1.091189e-04 9.999989e-01 -1.484639e-03 -1.205735e+00 -8.050235e-04 1.484546e-03 9.999985e-01 5.423760e+01
9.999994e-01 -9.743497e-05 1.115501e-03 -1.575128e+00 9.677440e-05 9.999998e-01 5.927539e-04 -1.228763e+00 -1.115534e-03 -5.926503e-04 9.999991e-01 5.523890e+01
9.999998e-01 9.824059e-05 5.810584e-04 -1.635547e+00 -9.722929e-05 9.999985e-01 -1.739185e-03 -1.255923e+00 -5.812042e-04 1.739124e-03 9.999982e-01 5.658181e+01
9.999976e-01 -1.358585e-04 2.187928e-03 -1.687856e+00 1.346703e-04 9.999998e-01 5.434989e-04 -1.284436e+00 -2.187977e-03 -5.432079e-04 9.999974e-01 5.803323e+01
9.999994e-01 5.978999e-05 1.067125e-03 -1.733903e+00 -5.798676e-05 9.999986e-01 -1.689149e-03 -1.311991e+00 -1.067200e-03 1.689081e-03 9.999979e-01 5.940153e+01
9.999994e-01 -7.367152e-05 1.121931e-03 -1.789294e+00 7.307059e-05 9.999999e-01 5.362576e-04 -1.339127e+00 -1.121945e-03 -5.361805e-04 9.999991e-01 6.073917e+01
9.999999e-01 8.407378e-05 5.084118e-04 -1.844735e+00 -8.324335e-05 9.999987e-01 -1.631860e-03 -1.365177e+00 -5.085231e-04 1.631812e-03 9.999984e-01 6.199004e+01
9.999998e-01 -2.936708e-05 5.914898e-04 -1.906932e+00 2.906129e-05 9.999999e-01 5.182022e-04 -1.391359e+00 -5.914797e-04 -5.181904e-04 9.999996e-01 6.326395e+01
9.999995e-01 2.129576e-05 9.818529e-04 -1.963916e+00 -1.972766e-05 9.999987e-01 -1.596349e-03 -1.417539e+00 -9.818602e-04 1.596324e-03 9.999981e-01 6.451697e+01
9.999998e-01 -6.927595e-05 6.896518e-04 -2.018534e+00 6.888772e-05 9.999998e-01 5.640414e-04 -1.443047e+00 -6.896652e-04 -5.639994e-04 9.999995e-01 6.570381e+01
9.999997e-01 7.276908e-05 7.217223e-04 -2.079500e+00 -7.156117e-05 9.999986e-01 -1.672511e-03 -1.469267e+00 -7.218173e-04 1.672453e-03 9.999982e-01 6.696854e+01
9.999988e-01 -9.293573e-05 1.554833e-03 -2.137374e+00 9.220093e-05 9.999999e-01 4.731662e-04 -1.497152e+00 -1.554850e-03 -4.730281e-04 9.999986e-01 6.836971e+01
9.999946e-01 -8.939636e-05 3.279409e-03 -2.165161e+00 9.427038e-05 9.999989e-01 -1.485882e-03 -1.522991e+00 -3.279246e-03 1.486177e-03 9.999934e-01 6.961159e+01
9.999998e-01 -1.114878e-04 6.382487e-04 -2.218630e+00 1.113249e-04 1.000000e+00 2.566818e-04 -1.552225e+00 -6.382506e-04 -2.566168e-04 9.999997e-01 7.109426e+01
9.999961e-01 2.062261e-06 2.808253e-03 -2.275698e+00 2.183406e-06 9.999989e-01 -1.511548e-03 -1.581349e+00 -2.808226e-03 1.511542e-03 9.999948e-01 7.258587e+01
9.999999e-01 -7.066842e-05 -4.063935e-04 -2.337283e+00 7.079178e-05 1.000000e+00 3.012956e-04 -1.609349e+00 4.063995e-04 -3.013306e-04 9.999998e-01 7.398655e+01
9.999973e-01 7.935549e-05 2.324714e-03 -2.387437e+00 -7.618488e-05 9.999991e-01 -1.363545e-03 -1.635175e+00 -2.324793e-03 1.363358e-03 9.999963e-01 7.521925e+01
9.999998e-01 -5.958614e-05 -5.654993e-04 -2.441827e+00 5.972625e-05 1.000000e+00 2.460751e-04 -1.661994e+00 5.655123e-04 -2.461153e-04 9.999997e-01 7.653631e+01
9.999974e-01 9.778683e-05 2.276651e-03 -2.499537e+00 -9.450696e-05 9.999990e-01 -1.440306e-03 -1.689903e+00 -2.276761e-03 1.440080e-03 9.999963e-01 7.794637e+01
9.999996e-01 -5.040368e-05 -8.593880e-04 -2.551944e+00 5.071470e-05 9.999999e-01 3.607304e-04 -1.716058e+00 8.593978e-04 -3.607806e-04 9.999995e-01 7.920775e+01
9.999970e-01 6.915350e-05 2.463814e-03 -2.605797e+00 -6.564033e-05 9.999990e-01 -1.425566e-03 -1.741906e+00 -2.463882e-03 1.425393e-03 9.999959e-01 8.044204e+01
9.999995e-01 -6.955987e-05 -9.764648e-04 -2.668246e+00 6.984950e-05 1.000000e+00 2.955265e-04 -1.768623e+00 9.764725e-04 -2.956015e-04 9.999994e-01 8.174537e+01
9.999967e-01 4.714959e-05 2.557200e-03 -2.739721e+00 -4.325819e-05 9.999988e-01 -1.521379e-03 -1.796890e+00 -2.557241e-03 1.521256e-03 9.999955e-01 8.317720e+01
9.999995e-01 -6.988713e-05 -9.576215e-04 -2.807185e+00 7.021282e-05 9.999999e-01 3.389435e-04 -1.824647e+00 9.576263e-04 -3.390177e-04 9.999994e-01 8.456066e+01
9.999968e-01 5.449729e-05 2.515877e-03 -2.871525e+00 -5.078122e-05 9.999989e-01 -1.476667e-03 -1.851549e+00 -2.515926e-03 1.476528e-03 9.999956e-01 8.587812e+01
9.999995e-01 -6.215062e-05 -9.614278e-04 -2.932918e+00 6.250569e-05 9.999999e-01 3.681243e-04 -1.877885e+00 9.614338e-04 -3.681916e-04 9.999994e-01 8.715048e+01
9.999975e-01 5.190452e-05 2.242055e-03 -2.997572e+00 -4.859655e-05 9.999989e-01 -1.474956e-03 -1.904162e+00 -2.242100e-03 1.474836e-03 9.999963e-01 8.841479e+01
9.999996e-01 -6.678294e-05 -8.828291e-04 -3.062732e+00 6.711348e-05 9.999999e-01 3.730668e-04 -1.930413e+00 8.828333e-04 -3.731335e-04 9.999994e-01 8.967496e+01
9.999973e-01 4.371751e-05 2.334941e-03 -3.117570e+00 -4.046320e-05 9.999990e-01 -1.393282e-03 -1.955545e+00 -2.334971e-03 1.393176e-03 9.999962e-01 9.083928e+01
9.999991e-01 -1.884303e-05 -1.360664e-03 -3.171786e+00 1.939233e-05 9.999999e-01 4.028060e-04 -1.980032e+00 1.360686e-03 -4.028398e-04 9.999989e-01 9.195470e+01
9.999968e-01 1.894887e-05 2.545663e-03 -3.227837e+00 -1.531011e-05 9.999990e-01 -1.428941e-03 -2.005202e+00 -2.545658e-03 1.428889e-03 9.999956e-01 9.312383e+01
9.999988e-01 -1.912950e-05 -1.536173e-03 -3.287132e+00 1.975423e-05 9.999999e-01 4.058592e-04 -2.030284e+00 1.536195e-03 -4.058971e-04 9.999986e-01 9.428403e+01
9.999962e-01 2.053432e-05 2.738348e-03 -3.345548e+00 -1.663489e-05 9.999990e-01 -1.423581e-03 -2.055147e+00 -2.738344e-03 1.423522e-03 9.999951e-01 9.543121e+01
9.999992e-01 -2.598549e-05 -1.282998e-03 -3.398005e+00 2.654234e-05 9.999999e-01 4.330087e-04 -2.079746e+00 1.283016e-03 -4.330506e-04 9.999990e-01 9.655336e+01
9.999966e-01 1.215841e-05 2.622306e-03 -3.461664e+00 -8.204021e-06 9.999989e-01 -1.507505e-03 -2.105450e+00 -2.622292e-03 1.507470e-03 9.999953e-01 9.777152e+01
9.999994e-01 -1.046332e-05 -1.111650e-03 -3.514809e+00 1.102916e-05 9.999999e-01 5.078107e-04 -2.130091e+00 1.111674e-03 -5.078311e-04 9.999992e-01 9.890451e+01
9.999962e-01 6.583829e-06 2.764731e-03 -3.565155e+00 -2.425783e-06 9.999989e-01 -1.503489e-03 -2.154687e+00 -2.764708e-03 1.503468e-03 9.999950e-01 1.000272e+02
9.999994e-01 -2.130494e-05 -1.103409e-03 -3.621157e+00 2.182547e-05 9.999999e-01 4.704915e-04 -2.179795e+00 1.103429e-03 -4.705239e-04 9.999992e-01 1.011936e+02
9.999967e-01 7.033430e-06 2.552807e-03 -3.684375e+00 -3.062766e-06 9.999988e-01 -1.554883e-03 -2.205601e+00 -2.552785e-03 1.554861e-03 9.999954e-01 1.024207e+02
9.999993e-01 -2.777907e-05 -1.161302e-03 -3.746289e+00 2.835083e-05 9.999999e-01 4.911058e-04 -2.231275e+00 1.161318e-03 -4.911472e-04 9.999991e-01 1.036314e+02
9.999979e-01 2.766109e-05 2.038949e-03 -3.809811e+00 -2.453392e-05 9.999988e-01 -1.533042e-03 -2.256536e+00 -2.038958e-03 1.532980e-03 9.999966e-01 1.048102e+02
9.999997e-01 -2.729242e-05 -7.592073e-04 -3.854325e+00 2.774301e-05 9.999998e-01 5.915786e-04 -2.280752e+00 7.592219e-04 -5.916085e-04 9.999994e-01 1.058932e+02
9.999982e-01 6.250958e-05 1.916950e-03 -3.896231e+00 -5.960356e-05 9.999989e-01 -1.515232e-03 -2.304453e+00 -1.917011e-03 1.515106e-03 9.999969e-01 1.069408e+02
9.999997e-01 -4.069057e-05 -7.437452e-04 -3.944297e+00 4.109454e-05 9.999999e-01 5.411253e-04 -2.328852e+00 7.437542e-04 -5.411649e-04 9.999995e-01 1.080473e+02
9.999983e-01 9.428892e-05 1.822914e-03 -3.995677e+00 -9.147883e-05 9.999988e-01 -1.540747e-03 -2.353407e+00 -1.823026e-03 1.540569e-03 9.999971e-01 1.091782e+02
9.999996e-01 3.113945e-06 -9.099591e-04 -4.045341e+00 -2.604723e-06 9.999998e-01 5.579183e-04 -2.377425e+00 9.099920e-04 -5.579251e-04 9.999993e-01 1.102773e+02
9.999981e-01 6.511964e-05 1.965296e-03 -4.094371e+00 -6.211733e-05 9.999988e-01 -1.526915e-03 -2.401437e+00 -1.965361e-03 1.526780e-03 9.999968e-01 1.113662e+02
9.999997e-01 -1.446055e-05 -7.941240e-04 -4.140926e+00 1.490479e-05 9.999998e-01 5.574228e-04 -2.425565e+00 7.941473e-04 -5.574441e-04 9.999994e-01 1.124586e+02
9.999978e-01 5.693063e-05 2.073072e-03 -4.191491e+00 -5.372467e-05 9.999988e-01 -1.545750e-03 -2.449807e+00 -2.073126e-03 1.545625e-03 9.999966e-01 1.135645e+02
9.999998e-01 -1.832820e-05 -6.305705e-04 -4.240880e+00 1.867537e-05 9.999998e-01 5.479830e-04 -2.474209e+00 6.305922e-04 -5.480044e-04 9.999996e-01 1.146823e+02
9.999973e-01 3.622703e-05 2.335406e-03 -4.293968e+00 -3.246794e-05 9.999987e-01 -1.608942e-03 -2.499633e+00 -2.335429e-03 1.608852e-03 9.999959e-01 1.158835e+02
9.999999e-01 -7.122343e-05 -3.585284e-04 -4.350567e+00 7.140884e-05 9.999999e-01 5.124912e-04 -2.525810e+00 3.585240e-04 -5.125267e-04 9.999997e-01 1.171351e+02
9.999969e-01 -2.251924e-06 2.469868e-03 -4.413044e+00 6.370320e-06 9.999986e-01 -1.666779e-03 -2.552983e+00 -2.469828e-03 1.666780e-03 9.999955e-01 1.184606e+02
9.999999e-01 -5.134000e-05 -5.083309e-04 -4.474843e+00 5.161030e-05 9.999999e-01 5.283270e-04 -2.579888e+00 5.083362e-04 -5.283634e-04 9.999996e-01 1.197692e+02
9.999970e-01 -1.861926e-05 2.436525e-03 -4.530610e+00 2.250073e-05 9.999987e-01 -1.592318e-03 -2.605836e+00 -2.436460e-03 1.592358e-03 9.999957e-01 1.209884e+02
9.999999e-01 -3.831187e-05 -4.865947e-04 -4.580318e+00 3.859194e-05 9.999998e-01 5.718929e-04 -2.631191e+00 4.866056e-04 -5.719220e-04 9.999996e-01 1.221595e+02
9.999973e-01 -3.011287e-05 2.311485e-03 -4.636699e+00 3.389400e-05 9.999987e-01 -1.635017e-03 -2.657146e+00 -2.311400e-03 1.635080e-03 9.999959e-01 1.233774e+02
9.999999e-01 -2.546864e-05 -3.365294e-04 -4.690207e+00 2.566619e-05 9.999998e-01 5.815607e-04 -2.682825e+00 3.365477e-04 -5.815799e-04 9.999997e-01 1.245797e+02
9.999971e-01 -4.113389e-05 2.425235e-03 -4.741877e+00 4.507228e-05 9.999987e-01 -1.623136e-03 -2.708435e+00 -2.425132e-03 1.623230e-03 9.999956e-01 1.257713e+02
9.999998e-01 -1.990084e-08 -5.799175e-04 -4.793501e+00 3.634934e-07 9.999998e-01 5.892080e-04 -2.733795e+00 5.799510e-04 -5.892189e-04 9.999996e-01 1.269494e+02
9.999970e-01 -5.503787e-05 2.465581e-03 -4.841083e+00 5.891330e-05 9.999988e-01 -1.571008e-03 -2.758699e+00 -2.465458e-03 1.571138e-03 9.999956e-01 1.280802e+02
9.999998e-01 -3.055780e-05 -5.712826e-04 -4.893719e+00 3.087238e-05 9.999998e-01 5.472417e-04 -2.784148e+00 5.712997e-04 -5.472702e-04 9.999996e-01 1.292499e+02
9.999972e-01 -5.426153e-05 2.358492e-03 -4.946850e+00 5.800778e-05 9.999987e-01 -1.587552e-03 -2.810024e+00 -2.358368e-03 1.587673e-03 9.999959e-01 1.304530e+02
9.999998e-01 -9.167833e-06 -6.694986e-04 -4.995931e+00 9.559235e-06 9.999998e-01 5.816163e-04 -2.835306e+00 6.695274e-04 -5.816337e-04 9.999995e-01 1.316101e+02
9.999978e-01 -3.073737e-05 2.080613e-03 -5.045347e+00 3.399885e-05 9.999988e-01 -1.566588e-03 -2.860179e+00 -2.080528e-03 1.566644e-03 9.999965e-01 1.327379e+02
9.999997e-01 -1.637158e-05 -7.543024e-04 -5.101147e+00 1.677958e-05 9.999999e-01 5.381629e-04 -2.885678e+00 7.543280e-04 -5.381868e-04 9.999995e-01 1.339159e+02
9.999986e-01 1.012718e-05 1.676081e-03 -5.159468e+00 -7.482853e-06 9.999988e-01 -1.576470e-03 -2.911102e+00 -1.676060e-03 1.576443e-03 9.999973e-01 1.351017e+02
9.999997e-01 -2.658450e-05 -7.450869e-04 -5.213015e+00 2.701467e-05 9.999998e-01 5.745152e-04 -2.936307e+00 7.451061e-04 -5.745467e-04 9.999995e-01 1.362577e+02
9.999982e-01 -3.213123e-05 1.872889e-03 -5.272943e+00 3.519354e-05 9.999987e-01 -1.633953e-03 -2.962416e+00 -1.872800e-03 1.634005e-03 9.999968e-01 1.374822e+02
9.999996e-01 -1.921044e-06 -9.226117e-04 -5.336026e+00 2.432506e-06 9.999998e-01 5.520237e-04 -2.988633e+00 9.226453e-04 -5.520375e-04 9.999993e-01 1.387236e+02
9.999983e-01 -1.147254e-05 1.860249e-03 -5.405143e+00 1.453758e-05 9.999986e-01 -1.646497e-03 -3.014715e+00 -1.860193e-03 1.646509e-03 9.999968e-01 1.399669e+02
9.999997e-01 -4.346029e-05 -8.255846e-04 -5.476231e+00 4.389826e-05 9.999999e-01 5.278141e-04 -3.041377e+00 8.255966e-04 -5.278621e-04 9.999994e-01 1.412470e+02
9.999983e-01 -1.066394e-05 1.849496e-03 -5.551081e+00 1.379856e-05 9.999986e-01 -1.693671e-03 -3.068715e+00 -1.849440e-03 1.693681e-03 9.999968e-01 1.425863e+02
9.999997e-01 -4.399916e-05 -8.134423e-04 -5.630522e+00 4.440352e-05 9.999999e-01 4.943104e-04 -3.096486e+00 8.134556e-04 -4.943586e-04 9.999995e-01 1.439628e+02
9.999986e-01 2.736583e-05 1.667431e-03 -5.711506e+00 -2.454767e-05 9.999986e-01 -1.688779e-03 -3.123892e+00 -1.667440e-03 1.688723e-03 9.999971e-01 1.453236e+02
9.999996e-01 -1.896596e-05 -8.790671e-04 -5.787951e+00 1.945867e-05 9.999998e-01 5.578541e-04 -3.150197e+00 8.790917e-04 -5.578834e-04 9.999994e-01 1.465984e+02
9.999984e-01 -4.181089e-05 1.802864e-03 -5.873825e+00 4.500306e-05 9.999984e-01 -1.769337e-03 -3.178044e+00 -1.802752e-03 1.769403e-03 9.999967e-01 1.479825e+02
9.999997e-01 7.315708e-06 -8.310803e-04 -5.953149e+00 -6.842059e-06 9.999998e-01 5.670703e-04 -3.205707e+00 8.311199e-04 -5.670771e-04 9.999994e-01 1.493608e+02
9.999985e-01 -1.702551e-05 1.748286e-03 -6.019811e+00 1.991610e-05 9.999986e-01 -1.652041e-03 -3.231711e+00 -1.748220e-03 1.652061e-03 9.999970e-01 1.505982e+02
9.999996e-01 -6.618836e-06 -8.475671e-04 -6.080281e+00 7.161248e-06 9.999998e-01 6.371081e-04 -3.256815e+00 8.475985e-04 -6.371268e-04 9.999993e-01 1.517524e+02
9.999980e-01 -2.990868e-05 1.975331e-03 -6.140120e+00 3.316208e-05 9.999986e-01 -1.645799e-03 -3.281814e+00 -1.975244e-03 1.645848e-03 9.999966e-01 1.528965e+02
9.999997e-01 -1.344290e-05 -7.469121e-04 -6.196632e+00 1.393931e-05 9.999998e-01 6.613105e-04 -3.306506e+00 7.469390e-04 -6.613337e-04 9.999994e-01 1.540144e+02
9.999987e-01 3.314728e-05 1.602121e-03 -6.252302e+00 -3.054003e-05 9.999987e-01 -1.625848e-03 -3.330491e+00 -1.602137e-03 1.625784e-03 9.999973e-01 1.550900e+02
9.999998e-01 -5.122028e-05 -5.415643e-04 -6.308644e+00 5.156434e-05 9.999998e-01 6.306607e-04 -3.355298e+00 5.415680e-04 -6.307017e-04 9.999996e-01 1.562221e+02
9.999990e-01 6.614145e-05 1.406300e-03 -6.362324e+00 -6.388004e-05 9.999987e-01 -1.606269e-03 -3.379681e+00 -1.406368e-03 1.606164e-03 9.999976e-01 1.573244e+02
9.999999e-01 -8.092966e-05 -4.955031e-04 -6.423557e+00 8.121808e-05 9.999998e-01 5.768906e-04 -3.404950e+00 4.954926e-04 -5.769442e-04 9.999996e-01 1.584954e+02
9.999990e-01 8.951438e-05 1.394299e-03 -6.491840e+00 -8.717266e-05 9.999986e-01 -1.677653e-03 -3.430995e+00 -1.394411e-03 1.677516e-03 9.999975e-01 1.597434e+02
1.000000e+00 -7.104638e-05 -1.396678e-04 -6.556329e+00 7.112388e-05 9.999999e-01 5.362227e-04 -3.457785e+00 1.396662e-04 -5.362463e-04 9.999998e-01 1.610606e+02
9.999988e-01 6.223751e-05 1.576428e-03 -6.626469e+00 -5.949500e-05 9.999985e-01 -1.738042e-03 -3.485713e+00 -1.576498e-03 1.737933e-03 9.999972e-01 1.624628e+02
9.999999e-01 -6.739026e-05 -3.943678e-04 -6.701139e+00 6.759222e-05 9.999999e-01 5.053259e-04 -3.514017e+00 3.943704e-04 -5.053664e-04 9.999997e-01 1.638982e+02
9.999992e-01 1.221091e-04 1.264453e-03 -6.769940e+00 -1.199857e-04 9.999986e-01 -1.677143e-03 -3.541156e+00 -1.264620e-03 1.676976e-03 9.999977e-01 1.652508e+02
1.000000e+00 -4.283183e-05 -2.183537e-04 -6.827815e+00 4.296255e-05 9.999998e-01 5.861600e-04 -3.566991e+00 2.183654e-04 -5.861835e-04 9.999997e-01 1.665000e+02
9.999994e-01 1.500406e-04 1.105499e-03 -6.882495e+00 -1.482068e-04 9.999986e-01 -1.656204e-03 -3.592444e+00 -1.105709e-03 1.656025e-03 9.999979e-01 1.677189e+02
9.999998e-01 -1.917358e-05 -6.538542e-04 -6.940185e+00 1.956121e-05 9.999998e-01 5.885802e-04 -3.617793e+00 6.538798e-04 -5.886071e-04 9.999995e-01 1.689337e+02
9.999983e-01 1.158417e-04 1.813163e-03 -6.993030e+00 -1.128706e-04 9.999987e-01 -1.637096e-03 -3.642961e+00 -1.813313e-03 1.636874e-03 9.999969e-01 1.701325e+02
9.999999e-01 -2.601833e-05 -5.356883e-04 -7.040410e+00 2.635486e-05 9.999998e-01 6.229141e-04 -3.667585e+00 5.357092e-04 -6.229425e-04 9.999996e-01 1.712824e+02
9.999986e-01 1.314100e-04 1.668024e-03 -7.091068e+00 -1.286051e-04 9.999986e-01 -1.679921e-03 -3.692763e+00 -1.668206e-03 1.679690e-03 9.999971e-01 1.724802e+02
1.000000e+00 -2.844670e-05 -3.105231e-06 -7.139723e+00 2.845140e-05 9.999998e-01 5.808210e-04 -3.718609e+00 3.126188e-06 -5.808357e-04 9.999997e-01 1.737388e+02
9.999977e-01 8.737010e-05 2.161135e-03 -7.175475e+00 -8.398247e-05 9.999988e-01 -1.566233e-03 -3.742913e+00 -2.161231e-03 1.566033e-03 9.999963e-01 1.748664e+02
9.999993e-01 2.114864e-05 -1.173155e-03 -7.229230e+00 -2.056155e-05 9.999999e-01 4.979216e-04 -3.768277e+00 1.173203e-03 -4.979120e-04 9.999991e-01 1.760801e+02
9.999969e-01 5.414497e-05 2.495054e-03 -7.291761e+00 -4.998550e-05 9.999986e-01 -1.665945e-03 -3.795154e+00 -2.495102e-03 1.665800e-03 9.999954e-01 1.774174e+02
9.999991e-01 1.819815e-05 -1.312351e-03 -7.357615e+00 -1.758878e-05 9.999999e-01 4.620419e-04 -3.822642e+00 1.312397e-03 -4.620335e-04 9.999989e-01 1.788065e+02
9.999974e-01 8.509002e-05 2.277854e-03 -7.416086e+00 -8.149183e-05 9.999988e-01 -1.578372e-03 -3.848810e+00 -2.277948e-03 1.578167e-03 9.999961e-01 1.800873e+02
9.999992e-01 2.341532e-05 -1.280733e-03 -7.472686e+00 -2.279614e-05 9.999999e-01 4.810592e-04 -3.874627e+00 1.280783e-03 -4.810448e-04 9.999990e-01 1.813415e+02
9.999981e-01 1.260254e-04 1.924529e-03 -7.526905e+00 -1.230280e-04 9.999988e-01 -1.555937e-03 -3.899964e+00 -1.924684e-03 1.555682e-03 9.999968e-01 1.825617e+02
9.999991e-01 -6.944982e-06 -1.352683e-03 -7.589776e+00 7.517921e-06 9.999999e-01 4.212339e-04 -3.926368e+00 1.352718e-03 -4.212591e-04 9.999989e-01 1.838613e+02
9.999979e-01 8.924898e-05 2.043024e-03 -7.660590e+00 -8.595384e-05 9.999987e-01 -1.611386e-03 -3.953595e+00 -2.043127e-03 1.611191e-03 9.999965e-01 1.852265e+02
9.999993e-01 -6.755610e-06 -1.205856e-03 -7.730898e+00 7.246418e-06 9.999999e-01 4.043693e-04 -3.981104e+00 1.205891e-03 -4.043934e-04 9.999991e-01 1.866163e+02
9.999977e-01 1.982657e-05 2.136439e-03 -7.814945e+00 -1.619263e-05 9.999986e-01 -1.699461e-03 -4.010059e+00 -2.136431e-03 1.699407e-03 9.999962e-01 1.881106e+02
9.999993e-01 2.469108e-05 -1.221263e-03 -7.890422e+00 -2.410971e-05 9.999999e-01 4.733857e-04 -4.037836e+00 1.221313e-03 -4.733719e-04 9.999990e-01 1.895204e+02
9.999981e-01 6.989549e-05 1.950974e-03 -7.953892e+00 -6.679305e-05 9.999987e-01 -1.588570e-03 -4.063920e+00 -1.951044e-03 1.588421e-03 9.999967e-01 1.907916e+02
9.999995e-01 2.263658e-05 -9.548222e-04 -8.014381e+00 -2.218670e-05 9.999999e-01 4.677036e-04 -4.090084e+00 9.548715e-04 -4.676983e-04 9.999993e-01 1.920726e+02
9.999977e-01 1.608631e-05 2.137814e-03 -8.083137e+00 -1.253909e-05 9.999986e-01 -1.657744e-03 -4.117509e+00 -2.137799e-03 1.657698e-03 9.999962e-01 1.934452e+02
9.999997e-01 1.122855e-05 -8.056275e-04 -8.153041e+00 -1.085736e-05 9.999999e-01 4.565604e-04 -4.145056e+00 8.056716e-04 -4.565678e-04 9.999995e-01 1.948299e+02
9.999977e-01 1.949606e-05 2.152242e-03 -8.218998e+00 -1.604615e-05 9.999987e-01 -1.601388e-03 -4.171549e+00 -2.152232e-03 1.601333e-03 9.999963e-01 1.961243e+02
9.999989e-01 8.708272e-05 -1.492465e-03 -8.281860e+00 -8.633548e-05 9.999999e-01 4.984247e-04 -4.197214e+00 1.492547e-03 -4.983119e-04 9.999987e-01 1.973692e+02
9.999976e-01 9.069301e-06 2.184927e-03 -8.344622e+00 -5.587516e-06 9.999987e-01 -1.591993e-03 -4.222894e+00 -2.184900e-03 1.591960e-03 9.999963e-01 1.986053e+02
9.999987e-01 7.739510e-05 -1.581629e-03 -8.412742e+00 -7.669119e-05 9.999999e-01 4.428944e-04 -4.249382e+00 1.581702e-03 -4.427893e-04 9.999986e-01 1.999112e+02
9.999980e-01 4.901657e-05 2.004346e-03 -8.477543e+00 -4.587881e-05 9.999988e-01 -1.563771e-03 -4.275360e+00 -2.004381e-03 1.563659e-03 9.999967e-01 2.011796e+02
9.999992e-01 4.220141e-05 -1.268990e-03 -8.539854e+00 -4.161653e-05 9.999999e-01 4.581326e-04 -4.301231e+00 1.269049e-03 -4.580964e-04 9.999990e-01 2.024338e+02
9.999985e-01 1.181008e-04 1.713751e-03 -8.595273e+00 -1.154604e-04 9.999988e-01 -1.538697e-03 -4.326661e+00 -1.713891e-03 1.538480e-03 9.999973e-01 2.036629e+02
9.999995e-01 2.406238e-05 -1.037936e-03 -8.649919e+00 -2.358288e-05 9.999999e-01 4.585183e-04 -4.352219e+00 1.037986e-03 -4.585108e-04 9.999993e-01 2.048982e+02
9.999988e-01 1.023426e-04 1.546185e-03 -8.711225e+00 -9.990258e-05 9.999988e-01 -1.575757e-03 -4.378343e+00 -1.546304e-03 1.575584e-03 9.999975e-01 2.061775e+02
9.999998e-01 -3.315272e-05 -6.534544e-04 -8.766899e+00 3.349937e-05 9.999999e-01 5.248995e-04 -4.403763e+00 6.534765e-04 -5.249387e-04 9.999996e-01 2.073813e+02
9.999987e-01 8.432254e-05 1.635266e-03 -8.824766e+00 -8.175051e-05 9.999988e-01 -1.570641e-03 -4.428856e+00 -1.635357e-03 1.570488e-03 9.999973e-01 2.085596e+02
9.999999e-01 -7.876373e-05 -4.144213e-04 -8.889743e+00 7.894644e-05 9.999999e-01 4.319305e-04 -4.455565e+00 4.144270e-04 -4.319807e-04 9.999997e-01 2.098604e+02
9.999985e-01 6.818311e-05 1.742525e-03 -8.959933e+00 -6.532801e-05 9.999987e-01 -1.636372e-03 -4.483347e+00 -1.742594e-03 1.636238e-03 9.999970e-01 2.112505e+02
9.999995e-01 -3.267071e-05 -9.688029e-04 -9.034429e+00 3.307753e-05 9.999999e-01 4.160104e-04 -4.511234e+00 9.688292e-04 -4.160601e-04 9.999993e-01 2.126585e+02
9.999985e-01 8.149056e-05 1.724644e-03 -9.113915e+00 -7.858840e-05 9.999986e-01 -1.680592e-03 -4.539676e+00 -1.724739e-03 1.680436e-03 9.999970e-01 2.141178e+02
9.999998e-01 -6.230190e-05 -5.980408e-04 -9.190097e+00 6.257194e-05 9.999999e-01 4.451193e-04 -4.567678e+00 5.980532e-04 -4.451747e-04 9.999996e-01 2.155381e+02
9.999976e-01 5.095833e-05 2.196844e-03 -9.263026e+00 -4.724199e-05 9.999986e-01 -1.689955e-03 -4.595946e+00 -2.196887e-03 1.689829e-03 9.999961e-01 2.169757e+02
9.999997e-01 -4.929840e-05 -7.876322e-04 -9.339521e+00 4.961456e-05 9.999999e-01 3.964141e-04 -4.624998e+00 7.876530e-04 -3.964713e-04 9.999995e-01 2.184780e+02
9.999986e-01 9.810378e-05 1.667516e-03 -9.415347e+00 -9.534277e-05 9.999986e-01 -1.653424e-03 -4.653402e+00 -1.667636e-03 1.653244e-03 9.999971e-01 2.199313e+02
9.999994e-01 -4.754809e-05 -1.077146e-03 -9.493363e+00 4.801536e-05 9.999999e-01 4.300748e-04 -4.681095e+00 1.077166e-03 -4.301448e-04 9.999992e-01 2.213303e+02
9.999988e-01 1.293314e-04 1.509512e-03 -9.570380e+00 -1.268052e-04 9.999986e-01 -1.670915e-03 -4.709133e+00 -1.509685e-03 1.670703e-03 9.999974e-01 2.227608e+02
9.999997e-01 -7.808017e-05 -7.713826e-04 -9.646610e+00 7.842055e-05 9.999999e-01 4.359878e-04 -4.737194e+00 7.713891e-04 -4.360668e-04 9.999995e-01 2.241878e+02
9.999985e-01 1.085715e-04 1.734470e-03 -9.719174e+00 -1.057564e-04 9.999987e-01 -1.620752e-03 -4.764422e+00 -1.734603e-03 1.620547e-03 9.999971e-01 2.255424e+02
9.999996e-01 -5.454538e-05 -8.335714e-04 -9.782998e+00 5.498413e-05 9.999999e-01 5.214068e-04 -4.790268e+00 8.335837e-04 -5.214714e-04 9.999994e-01 2.267863e+02
9.999994e-01 1.511355e-04 1.061353e-03 -9.851805e+00 -1.493585e-04 9.999986e-01 -1.670277e-03 -4.816804e+00 -1.061563e-03 1.670098e-03 9.999979e-01 2.280926e+02
9.999994e-01 4.722361e-06 -1.056654e-03 -9.920605e+00 -4.200144e-06 9.999999e-01 4.902778e-04 -4.843807e+00 1.056697e-03 -4.902922e-04 9.999992e-01 2.294485e+02
9.999996e-01 1.796466e-04 9.085430e-04 -9.985717e+00 -1.781307e-04 9.999986e-01 -1.663769e-03 -4.870677e+00 -9.087998e-04 1.663587e-03 9.999981e-01 2.307962e+02
9.999995e-01 -1.536339e-05 -1.015594e-03 -1.005253e+01 1.586114e-05 9.999999e-01 4.859572e-04 -4.897774e+00 1.015628e-03 -4.859923e-04 9.999993e-01 2.321558e+02
9.999988e-01 1.177187e-04 1.553181e-03 -1.011689e+01 -1.151686e-04 9.999986e-01 -1.639202e-03 -4.924643e+00 -1.553331e-03 1.639002e-03 9.999974e-01 2.334896e+02
9.999996e-01 -5.370653e-05 -8.710297e-04 -1.018364e+01 5.414620e-05 9.999999e-01 4.998528e-04 -4.951271e+00 8.710437e-04 -4.999193e-04 9.999994e-01 2.347947e+02
9.999991e-01 1.384391e-04 1.339316e-03 -1.025321e+01 -1.361988e-04 9.999986e-01 -1.669552e-03 -4.978236e+00 -1.339504e-03 1.669348e-03 9.999976e-01 2.361357e+02
9.999988e-01 3.715175e-05 -1.546911e-03 -1.032064e+01 -3.639739e-05 9.999999e-01 4.848875e-04 -5.005335e+00 1.546970e-03 -4.848504e-04 9.999986e-01 2.375000e+02
9.999989e-01 1.173441e-04 1.450586e-03 -1.038599e+01 -1.149320e-04 9.999986e-01 -1.659836e-03 -5.032515e+00 -1.450738e-03 1.659648e-03 9.999975e-01 2.388603e+02
9.999979e-01 1.126434e-04 -2.046188e-03 -1.044617e+01 -1.115604e-04 9.999999e-01 5.272575e-04 -5.058683e+00 2.046288e-03 -5.270481e-04 9.999977e-01 2.401527e+02
9.999987e-01 1.145482e-04 1.604380e-03 -1.049802e+01 -1.120196e-04 9.999988e-01 -1.573355e-03 -5.083660e+00 -1.604517e-03 1.573154e-03 9.999974e-01 2.413403e+02
9.999992e-01 -3.004494e-05 -1.265932e-03 -1.055808e+01 3.065614e-05 9.999999e-01 4.793154e-04 -5.109754e+00 1.265959e-03 -4.793740e-04 9.999990e-01 2.425952e+02
9.999978e-01 7.654877e-05 2.081359e-03 -1.061182e+01 -7.338614e-05 9.999988e-01 -1.517441e-03 -5.135167e+00 -2.081432e-03 1.517265e-03 9.999966e-01 2.437889e+02
9.999992e-01 -9.876165e-06 -1.294467e-03 -1.066411e+01 1.054797e-05 9.999999e-01 5.155300e-04 -5.159799e+00 1.294503e-03 -5.155636e-04 9.999989e-01 2.449240e+02
9.999974e-01 7.149761e-05 2.257317e-03 -1.072179e+01 -6.791691e-05 9.999987e-01 -1.584345e-03 -5.185321e+00 -2.257387e-03 1.584167e-03 9.999961e-01 2.461390e+02
9.999991e-01 -2.135503e-05 -1.320560e-03 -1.078064e+01 2.201410e-05 9.999999e-01 4.956484e-04 -5.211333e+00 1.320590e-03 -4.956975e-04 9.999989e-01 2.473887e+02
9.999968e-01 3.438551e-05 2.523729e-03 -1.082616e+01 -3.059491e-05 9.999989e-01 -1.500232e-03 -5.236751e+00 -2.523736e-03 1.500130e-03 9.999956e-01 2.485698e+02
9.999992e-01 6.227220e-06 -1.298684e-03 -1.086474e+01 -5.515161e-06 9.999999e-01 5.447626e-04 -5.261334e+00 1.298728e-03 -5.447757e-04 9.999989e-01 2.496886e+02
9.999726e-01 -2.991483e-04 7.398715e-03 -1.084088e+01 3.081390e-04 9.999992e-01 -1.213451e-03 -5.285086e+00 -7.398304e-03 1.215676e-03 9.999718e-01 2.507200e+02
9.999994e-01 -4.197524e-04 1.041640e-03 -1.074042e+01 4.190396e-04 9.999997e-01 6.890135e-04 -5.311272e+00 -1.041886e-03 -6.885974e-04 9.999991e-01 2.517245e+02
9.999979e-01 2.792816e-04 2.003618e-03 -1.076685e+01 -2.759467e-04 9.999986e-01 -1.662113e-03 -5.336851e+00 -2.004036e-03 1.661536e-03 9.999965e-01 2.528816e+02
9.999996e-01 -3.980088e-04 8.439097e-04 -1.079951e+01 3.974571e-04 9.999997e-01 6.595222e-04 -5.362644e+00 -8.441288e-04 -6.592075e-04 9.999993e-01 2.540652e+02
9.999986e-01 4.160188e-04 -1.602371e-03 -1.078419e+01 -4.188841e-04 9.999983e-01 -1.791253e-03 -5.392921e+00 1.601666e-03 1.791901e-03 9.999970e-01 2.555333e+02
9.999624e-01 1.427921e-04 -8.665326e-03 -1.056823e+01 -1.383071e-04 9.999999e-01 5.176079e-04 -5.423381e+00 8.665441e-03 -5.164112e-04 9.999622e-01 2.567777e+02
9.995739e-01 1.138853e-03 -2.916640e-02 -9.955607e+00 -1.176004e-03 9.999985e-01 -1.256792e-03 -5.462702e+00 2.916497e-02 1.290535e-03 9.995737e-01 2.581871e+02
9.988909e-01 1.372970e-03 -4.706511e-02 -9.080947e+00 -1.295792e-03 9.999978e-01 1.670203e-03 -5.507773e+00 4.706733e-02 -1.607386e-03 9.988903e-01 2.597613e+02
9.990807e-01 1.816022e-03 -4.283142e-02 -8.136229e+00 -1.836979e-03 9.999982e-01 -4.500136e-04 -5.550590e+00 4.283055e-02 5.282590e-04 9.990821e-01 2.611630e+02
9.999831e-01 -3.383570e-04 -5.802336e-03 -7.118123e+00 3.350510e-04 9.999998e-01 -5.711086e-04 -5.600544e+00 5.802547e-03 5.691333e-04 9.999829e-01 2.627815e+02
9.988168e-01 2.050001e-03 -4.858721e-02 -6.118716e+00 -2.062776e-03 9.999978e-01 -2.128185e-04 -5.650470e+00 4.858668e-02 3.127696e-04 9.988188e-01 2.644504e+02
9.998981e-01 2.304183e-04 -1.427362e-02 -5.189415e+00 -2.299828e-04 1.000000e+00 3.208881e-05 -5.698677e+00 1.427363e-02 -2.882457e-05 9.998980e-01 2.661794e+02
9.995757e-01 1.161611e-03 -2.910486e-02 -4.319010e+00 -1.198554e-03 9.999985e-01 -1.251920e-03 -5.747949e+00 2.910336e-02 1.286251e-03 9.995755e-01 2.679827e+02
9.998410e-01 4.283301e-04 -1.782721e-02 -3.451942e+00 -4.280621e-04 9.999999e-01 1.884571e-05 -5.799151e+00 1.782721e-02 -1.123355e-05 9.998410e-01 2.699554e+02
9.989210e-01 1.764580e-03 -4.640873e-02 -2.490759e+00 -1.779596e-03 9.999984e-01 -2.822480e-04 -5.850691e+00 4.640815e-02 3.645103e-04 9.989224e-01 2.718737e+02
9.998991e-01 3.112875e-04 -1.420445e-02 -1.643875e+00 -3.116520e-04 9.999999e-01 -2.334944e-05 -5.900436e+00 1.420443e-02 2.775191e-05 9.998990e-01 2.738049e+02
9.980598e-01 2.364124e-03 -6.221807e-02 -8.817549e-01 -2.324551e-03 9.999970e-01 7.084414e-04 -5.948220e+00 6.221954e-02 -5.624598e-04 9.980622e-01 2.758113e+02
9.999897e-01 -2.262316e-04 4.537100e-03 -1.040385e-01 2.303980e-04 9.999996e-01 -9.184557e-04 -5.998188e+00 -4.536917e-03 9.194697e-04 9.999892e-01 2.778804e+02
9.993451e-01 1.284353e-03 -3.616175e-02 5.374524e-01 -1.305517e-03 9.999990e-01 -5.615929e-04 -6.045903e+00 3.616096e-02 6.084129e-04 9.993457e-01 2.798748e+02
9.999527e-01 4.094226e-04 -9.719515e-03 1.327216e+00 -4.143155e-04 9.999998e-01 -5.010071e-04 -6.094900e+00 9.719273e-03 5.049883e-04 9.999525e-01 2.817889e+02
9.993273e-01 1.046194e-03 -3.665883e-02 2.214852e+00 -1.067599e-03 9.999993e-01 -5.642073e-04 -6.145596e+00 3.665817e-02 6.029425e-04 9.993276e-01 2.836860e+02
9.998206e-01 8.231521e-04 -1.892051e-02 3.065626e+00 -8.223919e-04 9.999997e-01 4.821899e-05 -6.194890e+00 1.892050e-02 -3.267235e-05 9.998209e-01 2.855619e+02
9.990791e-01 1.327287e-03 -4.288528e-02 3.983210e+00 -1.336740e-03 9.999991e-01 -1.916262e-04 -6.243929e+00 4.288494e-02 2.487541e-04 9.990799e-01 2.873566e+02
9.999298e-01 4.614605e-04 -1.183514e-02 4.968539e+00 -4.657597e-04 9.999998e-01 -3.599750e-04 -6.293934e+00 1.183492e-02 3.654402e-04 9.999298e-01 2.890801e+02
9.983659e-01 1.775665e-03 -5.711720e-02 5.917530e+00 -1.757186e-03 9.999984e-01 3.738617e-04 -6.344627e+00 5.711772e-02 -2.729071e-04 9.983673e-01 2.909607e+02
9.993478e-01 1.396485e-03 -3.608221e-02 6.795128e+00 -1.368311e-03 9.999987e-01 8.057360e-04 -6.392163e+00 3.608322e-02 -7.558604e-04 9.993484e-01 2.928216e+02
9.977730e-01 2.208715e-03 -6.666413e-02 7.633547e+00 -2.146179e-03 9.999972e-01 1.009811e-03 -6.437544e+00 6.666610e-02 -8.645107e-04 9.977749e-01 2.946430e+02
9.993649e-01 1.366065e-03 -3.560806e-02 8.468752e+00 -1.341013e-03 9.999988e-01 7.277056e-04 -6.482029e+00 3.560893e-02 -6.795132e-04 9.993655e-01 2.963966e+02
9.986140e-01 1.648113e-03 -5.260524e-02 9.340139e+00 -1.637095e-03 9.999986e-01 2.527513e-04 -6.528318e+00 5.260550e-02 -1.663015e-04 9.986153e-01 2.981496e+02
9.994150e-01 1.313340e-03 -3.417294e-02 1.023449e+01 -1.283790e-03 9.999988e-01 8.869884e-04 -6.574170e+00 3.417397e-02 -8.426185e-04 9.994155e-01 2.998650e+02
9.995842e-01 1.039086e-03 -2.881408e-02 1.098395e+01 -1.070037e-03 9.999989e-01 -1.058322e-03 -6.624020e+00 2.881285e-02 1.088695e-03 9.995842e-01 3.019977e+02
9.999930e-01 1.409830e-05 -3.729527e-03 1.172552e+01 -1.812783e-05 9.999994e-01 -1.076893e-03 -6.678150e+00 3.729417e-03 1.076934e-03 9.999924e-01 3.043340e+02
9.989058e-01 1.827835e-03 -4.673197e-02 1.261120e+01 -1.828403e-03 9.999983e-01 3.089473e-05 -6.728821e+00 4.673185e-02 5.456451e-05 9.989074e-01 3.062597e+02
9.999304e-01 1.615125e-04 -1.179579e-02 1.357673e+01 -1.649504e-04 9.999999e-01 -2.892651e-04 -6.776434e+00 1.179565e-02 2.911719e-04 9.999303e-01 3.078505e+02
9.985755e-01 1.993320e-03 -5.331949e-02 1.454177e+01 -1.990239e-03 9.999980e-01 1.111462e-04 -6.825927e+00 5.331951e-02 -4.888215e-06 9.985774e-01 3.095908e+02
9.992113e-01 1.117616e-03 -3.969164e-02 1.544850e+01 -1.066286e-03 9.999986e-01 1.314764e-03 -6.870793e+00 3.969295e-02 -1.271423e-03 9.992111e-01 3.112136e+02
9.981106e-01 2.511312e-03 -6.139045e-02 1.631289e+01 -2.479990e-03 9.999968e-01 5.866650e-04 -6.912104e+00 6.139163e-02 -4.333265e-04 9.981136e-01 3.126672e+02
9.992799e-01 9.134007e-04 -3.792995e-02 1.723545e+01 -8.708946e-04 9.999990e-01 1.137621e-03 -6.954515e+00 3.793085e-02 -1.103786e-03 9.992797e-01 3.141026e+02
9.978532e-01 2.704987e-03 -6.543293e-02 1.818235e+01 -2.665682e-03 9.999962e-01 6.882715e-04 -6.998731e+00 6.543445e-02 -5.123867e-04 9.978567e-01 3.156548e+02
9.994750e-01 6.369198e-04 -3.238976e-02 1.915468e+01 -6.095736e-04 9.999994e-01 8.547525e-04 -7.045064e+00 3.239019e-02 -8.345748e-04 9.994749e-01 3.173209e+02
