9.999990e-01 1.259413e-03 -6.227251e-04 4.953894e-02 -1.259139e-03 9.999991e-01 4.403465e-04 -1.795537e-02 6.232791e-04 -4.395615e-04 9.999996e-01 9.311631e-01
1.000000e+00 -1.458121e-04 3.924821e-05 9.792734e-02 1.458131e-04 1.000000e+00 -2.374858e-05 -3.538946e-02 -3.924482e-05 2.375487e-05 9.999999e-01 1.827325e+00
9.999992e-01 1.143408e-03 -5.121959e-04 1.423777e-01 -1.143167e-03 9.999992e-01 4.719069e-04 -5.363059e-02 5.127350e-04 -4.713204e-04 9.999997e-01 2.825189e+00
1.000000e+00 1.777052e-04 4.254960e-07 1.920572e-01 -1.777053e-04 1.000000e+00 9.894213e-05 -7.323779e-02 -4.080875e-07 -9.894154e-05 9.999999e-01 3.922217e+00
9.999992e-01 1.159879e-03 -5.641668e-04 2.445361e-01 -1.159664e-03 9.999993e-01 3.804854e-04 -9.250830e-02 5.646074e-04 -3.798302e-04 9.999997e-01 5.001987e+00
1.000000e+00 4.571243e-05 4.069564e-05 2.942729e-01 -4.571697e-05 1.000000e+00 1.119995e-04 -1.119623e-01 -4.069080e-05 -1.120006e-04 9.999999e-01 6.107211e+00
9.999987e-01 1.444292e-03 -7.183483e-04 3.512374e-01 -1.443938e-03 9.999988e-01 4.935532e-04 -1.322321e-01 7.190599e-04 -4.925145e-04 9.999995e-01 7.239619e+00
1.000000e+00 -2.359409e-04 2.056062e-04 4.019318e-01 2.359326e-04 1.000000e+00 4.033016e-05 -1.507077e-01 -2.056161e-04 -4.028078e-05 9.999999e-01 8.254648e+00
9.999988e-01 1.392395e-03 -6.795547e-04 4.480006e-01 -1.392093e-03 9.999989e-01 4.447416e-04 -1.695810e-01 6.801728e-04 -4.437941e-04 9.999996e-01 9.306252e+00
1.000000e+00 -5.505688e-06 1.407599e-04 4.962126e-01 5.495461e-06 1.000000e+00 7.280390e-05 -1.898266e-01 -1.407608e-04 -7.280215e-05 9.999999e-01 1.046825e+01
9.999986e-01 1.496742e-03 -7.628106e-04 5.474414e-01 -1.496376e-03 9.999988e-01 4.796678e-04 -2.101410e-01 7.635271e-04 -4.785246e-04 9.999995e-01 1.161707e+01
1.000000e+00 -1.874476e-04 1.975426e-04 5.999525e-01 1.874381e-04 1.000000e+00 4.822179e-05 -2.296780e-01 -1.975523e-04 -4.818368e-05 9.999999e-01 1.271790e+01
9.999987e-01 1.439271e-03 -6.949772e-04 6.474494e-01 -1.438954e-03 9.999989e-01 4.563955e-04 -2.491831e-01 6.956326e-04 -4.553937e-04 9.999996e-01 1.383024e+01
1.000000e+00 -2.188407e-05 1.512617e-04 6.950273e-01 2.187236e-05 1.000000e+00 7.759386e-05 -2.694721e-01 -1.512641e-04 -7.758936e-05 9.999999e-01 1.499556e+01
9.999988e-01 1.419349e-03 -6.698947e-04 7.448411e-01 -1.419016e-03 9.999989e-01 4.963698e-04 -2.903367e-01 6.705977e-04 -4.954173e-04 9.999996e-01 1.622918e+01
1.000000e+00 2.006779e-04 1.371167e-04 8.013671e-01 -2.006992e-04 1.000000e+00 1.556892e-04 -3.119834e-01 -1.370863e-04 -1.557154e-04 9.999999e-01 1.754085e+01
9.999988e-01 1.358091e-03 -6.788734e-04 8.542467e-01 -1.357753e-03 9.999990e-01 4.975366e-04 -3.337254e-01 6.795475e-04 -4.966129e-04 9.999995e-01 1.886192e+01
9.999999e-01 4.174010e-04 1.151023e-04 9.095633e-01 -4.174282e-04 9.999999e-01 2.365163e-04 -3.565420e-01 -1.150045e-04 -2.365629e-04 9.999999e-01 2.027672e+01
9.999992e-01 1.098652e-03 -6.298387e-04 9.584678e-01 -1.098378e-03 9.999993e-01 4.350869e-04 -3.784801e-01 6.303152e-04 -4.343933e-04 9.999996e-01 2.157635e+01
9.999999e-01 3.990388e-04 1.376331e-04 1.009049e+00 -3.990798e-04 9.999999e-01 2.987181e-04 -4.006469e-01 -1.375149e-04 -2.987714e-04 9.999998e-01 2.290266e+01
9.999993e-01 1.075540e-03 -4.880463e-04 1.058005e+00 -1.075257e-03 9.999993e-01 5.784493e-04 -4.227968e-01 4.886670e-04 -5.779224e-04 9.999996e-01 2.423543e+01
9.999999e-01 4.697245e-04 1.688062e-05 1.104304e+00 -4.697271e-04 9.999999e-01 1.604426e-04 -4.447749e-01 -1.680639e-05 -1.604487e-04 9.999999e-01 2.554264e+01
9.999993e-01 1.030923e-03 -5.884856e-04 1.154380e+00 -1.030663e-03 9.999994e-01 4.415579e-04 -4.662946e-01 5.889392e-04 -4.409492e-04 9.999996e-01 2.681594e+01
9.999999e-01 4.589547e-04 3.417569e-05 1.205663e+00 -4.589603e-04 9.999999e-01 1.626862e-04 -4.878594e-01 -3.410227e-05 -1.627000e-04 9.999999e-01 2.809821e+01
9.999993e-01 1.066678e-03 -5.631246e-04 1.256897e+00 -1.066389e-03 9.999993e-01 5.129928e-04 -5.096734e-01 5.636700e-04 -5.123900e-04 9.999996e-01 2.939670e+01
9.999999e-01 4.942694e-04 2.635947e-06 1.307343e+00 -4.942696e-04 9.999999e-01 1.171508e-04 -5.316137e-01 -2.579410e-06 -1.171501e-04 9.999999e-01 3.070900e+01
9.999992e-01 1.155259e-03 -5.708965e-04 1.359494e+00 -1.154950e-03 9.999992e-01 5.408419e-04 -5.542340e-01 5.715194e-04 -5.401800e-04 9.999996e-01 3.208364e+01
9.999999e-01 4.784236e-04 3.638624e-05 1.409857e+00 -4.784296e-04 9.999999e-01 1.656035e-04 -5.769076e-01 -3.630849e-05 -1.656188e-04 9.999999e-01 3.346601e+01
9.999991e-01 1.199980e-03 -6.046415e-04 1.459758e+00 -1.199679e-03 9.999992e-01 4.977119e-04 -5.995744e-01 6.052367e-04 -4.969839e-04 9.999996e-01 3.483896e+01
9.999999e-01 3.163476e-04 9.379057e-05 1.512838e+00 -3.163684e-04 9.999999e-01 2.217406e-04 -6.224798e-01 -9.372201e-05 -2.217680e-04 9.999999e-01 3.626119e+01
9.999991e-01 1.306216e-03 -3.638921e-04 1.564122e+00 -1.305887e-03 9.999987e-01 9.016027e-04 -6.469483e-01 3.650677e-04 -9.011243e-04 9.999994e-01 3.779721e+01
9.999999e-01 3.150509e-04 1.538204e-04 1.606262e+00 -3.150812e-04 9.999999e-01 1.972059e-04 -6.699265e-01 -1.537599e-04 -1.972519e-04 9.999999e-01 3.923000e+01
9.999989e-01 1.293091e-03 -7.868206e-04 1.672291e+00 -1.292402e-03 9.999988e-01 8.759637e-04 -6.924699e-01 7.879507e-04 -8.749432e-04 9.999992e-01 4.055500e+01
9.999998e-01 1.764286e-04 5.202648e-04 1.715088e+00 -1.764823e-04 1.000000e+00 1.032125e-04 -7.147013e-01 -5.202483e-04 -1.033017e-04 9.999998e-01 4.190891e+01
9.999987e-01 1.334461e-03 -9.280408e-04 1.762925e+00 -1.333752e-03 9.999988e-01 7.643234e-04 -7.370382e-01 9.290578e-04 -7.630819e-04 9.999992e-01 4.323595e+01
9.999999e-01 5.225488e-05 5.164255e-04 1.815056e+00 -5.226459e-05 1.000000e+00 1.887399e-05 -7.590145e-01 -5.164263e-04 -1.889814e-05 9.999998e-01 4.456645e+01
9.999986e-01 1.429525e-03 -9.075897e-04 1.869870e+00 -1.428766e-03 9.999986e-01 8.368112e-04 -7.812574e-01 9.087829e-04 -8.355103e-04 9.999991e-01 4.590653e+01
1.000000e+00 3.362031e-05 -8.928620e-05 1.933402e+00 -3.358265e-05 9.999999e-01 4.212648e-04 -8.033740e-01 8.929839e-05 -4.212588e-04 9.999998e-01 4.723852e+01
9.999980e-01 1.570625e-03 -1.256964e-03 2.002046e+00 -1.569501e-03 9.999984e-01 8.945995e-04 -8.257700e-01 1.258365e-03 -8.926217e-04 9.999987e-01 4.859309e+01
9.999997e-01 -1.747671e-04 7.700224e-04 2.043733e+00 1.749317e-04 1.000000e+00 -2.136849e-04 -8.457312e-01 -7.699872e-04 2.138228e-04 9.999996e-01 4.967634e+01
9.999985e-01 1.243198e-03 -1.201618e-03 2.098636e+00 -1.242148e-03 9.999988e-01 8.743113e-04 -8.653187e-01 1.202701e-03 -8.728141e-04 9.999988e-01 5.080134e+01
9.999997e-01 2.239326e-04 7.930084e-04 2.139629e+00 -2.239127e-04 1.000000e+00 -2.509712e-05 -8.867912e-01 -7.930163e-04 2.492294e-05 9.999996e-01 5.205236e+01
9.999982e-01 1.466741e-03 -1.217549e-03 2.182548e+00 -1.465668e-03 9.999985e-01 8.816095e-04 -9.108031e-01 1.218838e-03 -8.798199e-04 9.999988e-01 5.354129e+01
9.999995e-01 9.084449e-04 -4.483673e-04 2.227198e+00 -9.080576e-04 9.999992e-01 8.629896e-04 -9.396209e-01 4.491484e-04 -8.625784e-04 9.999994e-01 5.541996e+01
9.999990e-01 1.385632e-03 1.137149e-05 2.250965e+00 -1.385639e-03 9.999989e-01 5.974656e-04 -9.658788e-01 -1.054612e-05 -5.974770e-04 9.999997e-01 5.707252e+01
9.999998e-01 4.690608e-04 -3.239671e-04 2.280434e+00 -4.689355e-04 9.999998e-01 3.865130e-04 -9.900510e-01 3.241458e-04 -3.863572e-04 9.999998e-01 5.856766e+01
9.999993e-01 1.161431e-03 -2.608177e-04 2.331303e+00 -1.161350e-03 9.999993e-01 3.112475e-04 -1.011737e+00 2.611764e-04 -3.109404e-04 9.999998e-01 5.981738e+01
9.999998e-01 1.852121e-04 -6.463703e-04 2.390183e+00 -1.848301e-04 9.999998e-01 5.909128e-04 -1.032228e+00 6.464769e-04 -5.907892e-04 9.999995e-01 6.094467e+01
9.999993e-01 1.168059e-03 2.802279e-04 2.427573e+00 -1.168121e-03 9.999993e-01 2.201113e-04 -1.052937e+00 -2.799733e-04 -2.204344e-04 9.999998e-01 6.214482e+01
9.999998e-01 2.568365e-04 -6.479697e-04 2.475654e+00 -2.564493e-04 9.999998e-01 5.973441e-04 -1.075322e+00 6.481202e-04 -5.971736e-04 9.999995e-01 6.350537e+01
9.999993e-01 1.077256e-03 4.982399e-04 2.515365e+00 -1.077532e-03 9.999993e-01 5.541148e-04 -1.098523e+00 -4.976454e-04 -5.546470e-04 9.999996e-01 6.490095e+01
9.999998e-01 3.553995e-04 -4.797161e-04 2.540384e+00 -3.550190e-04 9.999996e-01 7.927590e-04 -1.122816e+00 4.799949e-04 -7.925841e-04 9.999995e-01 6.639566e+01
9.999991e-01 1.282001e-03 2.777953e-04 2.576187e+00 -1.282128e-03 9.999991e-01 4.597078e-04 -1.147215e+00 -2.772085e-04 -4.600590e-04 9.999998e-01 6.787978e+01
9.999976e-01 6.156282e-04 -2.093438e-03 2.655055e+00 -6.137324e-04 9.999994e-01 9.061073e-04 -1.170669e+00 2.093992e-03 -9.048156e-04 9.999973e-01 6.924854e+01
9.999978e-01 1.775256e-03 -1.152324e-03 2.778385e+00 -1.773850e-03 9.999977e-01 1.220246e-03 -1.200415e+00 1.154484e-03 -1.218194e-03 9.999985e-01 7.117945e+01
9.999960e-01 1.772947e-03 -2.193351e-03 2.860255e+00 -1.770142e-03 9.999976e-01 1.279962e-03 -1.232517e+00 2.195611e-03 -1.276069e-03 9.999967e-01 7.348623e+01
9.999989e-01 8.694285e-04 1.206422e-03 2.909187e+00 -8.699307e-04 9.999995e-01 4.159328e-04 -1.260129e+00 -1.206064e-03 -4.169765e-04 9.999991e-01 7.535946e+01
9.999980e-01 9.904750e-04 -1.757345e-03 2.964775e+00 -9.897603e-04 9.999994e-01 4.074898e-04 -1.284889e+00 1.757744e-03 -4.057442e-04 9.999983e-01 7.694256e+01
9.999990e-01 8.703114e-04 1.101825e-03 3.019117e+00 -8.706883e-04 9.999996e-01 3.417650e-04 -1.307480e+00 -1.101531e-03 -3.427185e-04 9.999992e-01 7.823783e+01
9.999987e-01 3.542246e-04 -1.597184e-03 3.069351e+00 -3.538401e-04 9.999999e-01 2.409767e-04 -1.327105e+00 1.597266e-03 -2.404057e-04 9.999986e-01 7.933851e+01
9.999988e-01 9.804749e-04 1.220233e-03 3.111699e+00 -9.811184e-04 9.999994e-01 5.269793e-04 -1.347943e+00 -1.219720e-03 -5.281702e-04 9.999990e-01 8.054721e+01
9.999967e-01 6.862238e-04 -2.462894e-03 3.192758e+00 -6.849643e-04 9.999996e-01 5.121422e-04 -1.369774e+00 2.463241e-03 -5.104478e-04 9.999967e-01 8.181028e+01
9.999976e-01 7.316690e-04 2.080513e-03 3.242920e+00 -7.326174e-04 9.999996e-01 4.552074e-04 -1.391114e+00 -2.080184e-03 -4.567247e-04 9.999976e-01 8.314748e+01
9.999970e-01 5.663042e-04 -2.382610e-03 3.295696e+00 -5.652011e-04 9.999997e-01 4.635577e-04 -1.412464e+00 2.382867e-03 -4.622038e-04 9.999970e-01 8.441379e+01
9.999982e-01 1.906009e-03 -9.024235e-05 3.390040e+00 -1.905865e-03 9.999970e-01 1.568168e-03 -1.440498e+00 9.322654e-05 -1.567987e-03 9.999987e-01 8.629896e+01
9.999992e-01 3.050633e-04 -1.224594e-03 3.465687e+00 -3.051955e-04 9.999999e-01 -1.079256e-04 -1.465624e+00 1.224557e-03 1.083055e-04 9.999991e-01 8.801844e+01
9.999985e-01 1.322708e-03 1.103237e-03 3.528328e+00 -1.324607e-03 9.999976e-01 1.722842e-03 -1.492948e+00 -1.100960e-03 -1.724294e-03 9.999978e-01 8.992477e+01
9.999988e-01 9.192233e-04 -1.213425e-03 3.575988e+00 -9.189801e-04 9.999996e-01 2.008002e-04 -1.522170e+00 1.213604e-03 -1.996783e-04 9.999991e-01 9.184523e+01
9.999993e-01 6.341505e-04 9.791041e-04 3.624841e+00 -6.350333e-04 9.999994e-01 9.016976e-04 -1.544660e+00 -9.785363e-04 -9.023120e-04 9.999990e-01 9.315698e+01
9.999983e-01 6.274072e-04 -1.758409e-03 3.688289e+00 -6.270387e-04 9.999998e-01 2.099732e-04 -1.566347e+00 1.758536e-03 -2.088634e-04 9.999983e-01 9.443799e+01
9.999992e-01 9.518428e-04 8.837017e-04 3.753541e+00 -9.528824e-04 9.999989e-01 1.176946e-03 -1.589994e+00 -8.825852e-04 -1.177780e-03 9.999988e-01 9.593172e+01
9.999964e-01 9.280063e-04 -2.523845e-03 3.840400e+00 -9.269239e-04 9.999995e-01 4.299240e-04 -1.615192e+00 2.524237e-03 -4.275759e-04 9.999966e-01 9.753421e+01
9.999983e-01 8.510155e-04 1.648927e-03 3.907926e+00 -8.525349e-04 9.999992e-01 9.211086e-04 -1.638359e+00 -1.648147e-03 -9.225056e-04 9.999981e-01 9.899784e+01
9.999979e-01 4.791099e-04 -1.991904e-03 3.976859e+00 -4.790258e-04 9.999999e-01 4.255960e-05 -1.659392e+00 1.991919e-03 -4.159805e-05 9.999979e-01 1.002691e+02
9.999980e-01 8.970434e-04 1.793212e-03 4.045473e+00 -8.988244e-04 9.999991e-01 9.927190e-04 -1.681922e+00 -1.792325e-03 -9.943214e-04 9.999978e-01 1.017154e+02
9.999964e-01 8.497928e-04 -2.542209e-03 4.117225e+00 -8.481369e-04 9.999994e-01 6.522893e-04 -1.708644e+00 2.542757e-03 -6.501233e-04 9.999965e-01 1.034593e+02
9.999975e-01 1.061313e-03 1.957333e-03 4.166236e+00 -1.063387e-03 9.999989e-01 1.058994e-03 -1.734494e+00 -1.956212e-03 -1.061065e-03 9.999974e-01 1.051168e+02
9.999977e-01 2.660642e-04 -2.151109e-03 4.229243e+00 -2.659990e-04 1.000000e+00 3.048057e-05 -1.757012e+00 2.151112e-03 -2.990048e-05 9.999976e-01 1.065196e+02
9.999979e-01 1.143250e-03 1.694246e-03 4.288760e+00 -1.145470e-03 9.999985e-01 1.310503e-03 -1.780322e+00 -1.692751e-03 -1.312433e-03 9.999976e-01 1.079642e+02
9.999979e-01 2.530177e-04 -2.047265e-03 4.339869e+00 -2.532830e-04 1.000000e+00 -1.294271e-04 -1.801991e+00 2.047227e-03 1.299534e-04 9.999978e-01 1.092410e+02
9.999991e-01 1.248665e-03 5.568280e-04 4.437413e+00 -1.249290e-03 9.999986e-01 1.124476e-03 -1.823236e+00 -5.554287e-04 -1.125162e-03 9.999991e-01 1.105244e+02
9.999988e-01 4.269213e-04 -1.480145e-03 4.516096e+00 -4.273138e-04 9.999999e-01 -2.649941e-04 -1.843224e+00 1.480026e-03 2.656346e-04 9.999988e-01 1.118008e+02
9.999990e-01 7.352870e-04 1.245538e-03 4.564457e+00 -7.365409e-04 9.999992e-01 1.006727e-03 -1.863572e+00 -1.244802e-03 -1.007635e-03 9.999986e-01 1.129989e+02
9.999989e-01 5.245592e-04 -1.389552e-03 4.609747e+00 -5.243962e-04 9.999999e-01 1.174546e-04 -1.886521e+00 1.389608e-03 -1.167174e-04 9.999989e-01 1.144089e+02
9.999989e-01 1.115169e-03 9.777573e-04 4.655843e+00 -1.116000e-03 9.999990e-01 8.499380e-04 -1.909035e+00 -9.768143e-04 -8.510197e-04 9.999991e-01 1.157274e+02
9.999990e-01 5.056821e-05 -1.443744e-03 4.713423e+00 -5.096378e-05 1.000000e+00 -2.741391e-04 -1.928984e+00 1.443724e-03 2.742210e-04 9.999988e-01 1.168958e+02
9.999986e-01 1.319215e-03 1.058106e-03 4.765072e+00 -1.320374e-03 9.999985e-01 1.096024e-03 -1.949513e+00 -1.056664e-03 -1.097411e-03 9.999987e-01 1.180522e+02
9.999990e-01 -2.335185e-04 -1.402522e-03 4.819729e+00 2.329297e-04 9.999999e-01 -4.201111e-04 -1.969078e+00 1.402614e-03 4.197927e-04 9.999988e-01 1.191756e+02
9.999983e-01 1.427352e-03 1.170533e-03 4.878688e+00 -1.428958e-03 9.999980e-01 1.371868e-03 -1.990317e+00 -1.168578e-03 -1.373529e-03 9.999983e-01 1.204712e+02
9.999987e-01 1.467445e-05 -1.601767e-03 4.931358e+00 -1.565774e-05 9.999998e-01 -6.140456e-04 -2.010563e+00 1.601752e-03 6.140788e-04 9.999984e-01 1.215906e+02
9.999989e-01 9.766856e-04 1.123701e-03 4.979056e+00 -9.779035e-04 9.999989e-01 1.084096e-03 -2.028031e+00 -1.122648e-03 -1.085185e-03 9.999987e-01 1.224777e+02
9.999988e-01 -1.001863e-04 -1.557930e-03 5.030873e+00 9.925857e-05 9.999998e-01 -5.957698e-04 -2.045718e+00 1.557983e-03 5.956234e-04 9.999985e-01 1.234261e+02
9.999985e-01 1.314357e-03 1.132179e-03 5.087603e+00 -1.315722e-03 9.999984e-01 1.206049e-03 -2.065391e+00 -1.130598e-03 -1.207528e-03 9.999985e-01 1.245592e+02
9.999986e-01 8.584498e-05 -1.677630e-03 5.138532e+00 -8.685624e-05 9.999998e-01 -6.029043e-04 -2.085439e+00 1.677571e-03 6.030582e-04 9.999983e-01 1.256798e+02
9.999987e-01 1.112607e-03 1.124053e-03 5.190785e+00 -1.113852e-03 9.999988e-01 1.107798e-03 -2.104647e+00 -1.122825e-03 -1.109040e-03 9.999987e-01 1.267459e+02
9.999986e-01 2.783365e-04 -1.665927e-03 5.240812e+00 -2.791991e-04 9.999998e-01 -5.177747e-04 -2.125031e+00 1.665777e-03 5.182482e-04 9.999984e-01 1.279070e+02
9.999988e-01 9.037780e-04 1.287024e-03 5.296049e+00 -9.053598e-04 9.999988e-01 1.229288e-03 -2.145126e+00 -1.285918e-03 -1.230442e-03 9.999983e-01 1.290758e+02
9.999986e-01 4.630639e-04 -1.599077e-03 5.359441e+00 -4.635511e-04 9.999998e-01 -3.045151e-04 -2.167360e+00 1.598930e-03 3.052653e-04 9.999986e-01 1.304734e+02
9.999985e-01 1.298138e-03 1.112735e-03 5.417988e+00 -1.299285e-03 9.999986e-01 1.030474e-03 -2.189500e+00 -1.111402e-03 -1.031909e-03 9.999988e-01 1.318082e+02
9.999986e-01 -8.886991e-05 -1.698585e-03 5.467766e+00 8.806231e-05 9.999999e-01 -4.757116e-04 -2.208177e+00 1.698621e-03 4.755708e-04 9.999983e-01 1.327957e+02
9.999987e-01 1.100444e-03 1.183139e-03 5.517017e+00 -1.101507e-03 9.999990e-01 8.990063e-04 -2.226016e+00 -1.182155e-03 -9.002989e-04 9.999988e-01 1.337556e+02
9.999985e-01 1.684533e-04 -1.725188e-03 5.564358e+00 -1.691420e-04 9.999999e-01 -3.992359e-04 -2.244592e+00 1.725114e-03 3.995366e-04 9.999983e-01 1.347356e+02
9.999989e-01 8.574988e-04 1.196562e-03 5.612298e+00 -8.585104e-04 9.999993e-01 8.453902e-04 -2.262991e+00 -1.195843e-03 -8.464070e-04 9.999988e-01 1.357362e+02
9.999982e-01 6.830266e-04 -1.763561e-03 5.681905e+00 -6.828263e-04 9.999998e-01 1.139953e-04 -2.284812e+00 1.763632e-03 -1.127812e-04 9.999983e-01 1.369956e+02
9.999993e-01 6.098700e-04 1.002815e-03 5.749543e+00 -6.105716e-04 9.999996e-01 6.998622e-04 -2.304045e+00 -1.002394e-03 -7.004642e-04 9.999992e-01 1.381153e+02
9.999986e-01 6.295863e-04 -1.530904e-03 5.811057e+00 -6.299109e-04 9.999998e-01 -2.117594e-04 -2.322190e+00 1.530764e-03 2.127332e-04 9.999987e-01 1.391173e+02
9.999994e-01 3.883361e-04 9.881710e-04 5.868766e+00 -3.889541e-04 9.999997e-01 6.256406e-04 -2.340109e+00 -9.879347e-04 -6.260148e-04 9.999992e-01 1.401056e+02
9.999985e-01 8.231144e-04 -1.509772e-03 5.934502e+00 -8.231281e-04 9.999997e-01 -8.695364e-06 -2.358599e+00 1.509758e-03 9.947960e-06 9.999988e-01 1.410977e+02
9.999995e-01 1.125597e-04 1.010286e-03 5.998454e+00 -1.130438e-04 9.999999e-01 4.794113e-04 -2.375023e+00 -1.010239e-03 -4.795153e-04 9.999993e-01 1.419476e+02
9.999980e-01 8.210543e-04 -1.803296e-03 6.088068e+00 -8.212025e-04 9.999997e-01 -8.166700e-05 -2.390933e+00 1.803222e-03 8.315766e-05 9.999983e-01 1.428000e+02
9.999996e-01 2.783800e-04 8.438042e-04 6.175683e+00 -2.788742e-04 9.999998e-01 5.860564e-04 -2.407809e+00 -8.436482e-04 -5.862815e-04 9.999994e-01 1.437553e+02
9.999977e-01 1.017660e-03 -1.872487e-03 6.274023e+00 -1.017777e-03 9.999995e-01 -6.136494e-05 -2.425047e+00 1.872416e-03 6.328062e-05 9.999981e-01 1.447675e+02
9.999989e-01 4.770174e-05 1.498551e-03 6.339557e+00 -4.862418e-05 9.999998e-01 6.157919e-04 -2.442579e+00 -1.498529e-03 -6.158540e-04 9.999986e-01 1.457684e+02
9.999974e-01 1.112456e-03 -1.973674e-03 6.412363e+00 -1.112105e-03 9.999994e-01 1.789020e-04 -2.461881e+00 1.973865e-03 -1.766964e-04 9.999979e-01 1.468652e+02
9.999987e-01 1.047679e-04 1.603019e-03 6.479890e+00 -1.058875e-04 9.999998e-01 6.986134e-04 -2.481821e+00 -1.602953e-03 -6.987719e-04 9.999984e-01 1.480974e+02
9.999967e-01 1.229193e-03 -2.246244e-03 6.546663e+00 -1.228566e-03 9.999992e-01 2.803913e-04 -2.502008e+00 2.246579e-03 -2.776204e-04 9.999973e-01 1.492430e+02
9.999990e-01 -8.942864e-05 1.437398e-03 6.630084e+00 8.875091e-05 9.999999e-01 4.718521e-04 -2.520447e+00 -1.437448e-03 -4.717136e-04 9.999988e-01 1.503629e+02
9.999973e-01 1.399705e-03 -1.860990e-03 6.688327e+00 -1.399274e-03 9.999990e-01 2.323919e-04 -2.539961e+00 1.861306e-03 -2.297768e-04 9.999981e-01 1.514854e+02
9.999991e-01 -2.460678e-04 1.355734e-03 6.756350e+00 2.455531e-04 9.999999e-01 3.800910e-04 -2.558930e+00 -1.355835e-03 -3.797472e-04 9.999989e-01 1.525752e+02
9.999972e-01 1.397616e-03 -1.897865e-03 6.820967e+00 -1.397001e-03 9.999990e-01 3.252863e-04 -2.577611e+00 1.898310e-03 -3.226235e-04 9.999980e-01 1.536014e+02
9.999989e-01 -2.279036e-04 1.499074e-03 6.879605e+00 2.273098e-04 9.999999e-01 3.965076e-04 -2.596785e+00 -1.499172e-03 -3.961557e-04 9.999987e-01 1.547074e+02
9.999968e-01 1.575537e-03 -1.979372e-03 6.941965e+00 -1.575142e-03 9.999987e-01 2.012117e-04 -2.615672e+00 1.979679e-03 -1.980826e-04 9.999979e-01 1.557828e+02
9.999988e-01 -4.873289e-04 1.472965e-03 6.994018e+00 4.869221e-04 9.999998e-01 2.768280e-04 -2.633399e+00 -1.473108e-03 -2.760997e-04 9.999988e-01 1.567168e+02
9.999966e-01 1.670489e-03 -2.013544e-03 7.046711e+00 -1.670057e-03 9.999986e-01 2.158872e-04 -2.651713e+00 2.013894e-03 -2.125130e-04 9.999978e-01 1.576918e+02
9.999987e-01 -5.838233e-04 1.478699e-03 7.091196e+00 5.835274e-04 9.999998e-01 2.008518e-04 -2.669238e+00 -1.478824e-03 -1.999778e-04 9.999988e-01 1.585878e+02
9.999971e-01 1.493011e-03 -1.914858e-03 7.155400e+00 -1.492258e-03 9.999988e-01 3.946246e-04 -2.687441e+00 1.915437e-03 -3.917550e-04 9.999980e-01 1.596000e+02
9.999986e-01 -3.337575e-04 1.657339e-03 7.218035e+00 3.329598e-04 9.999998e-01 4.818565e-04 -2.708186e+00 -1.657508e-03 -4.812930e-04 9.999984e-01 1.608827e+02
9.999962e-01 1.890247e-03 -2.018394e-03 7.284481e+00 -1.889336e-03 9.999981e-01 4.531158e-04 -2.731408e+00 2.019238e-03 -4.492895e-04 9.999978e-01 1.623676e+02
9.999986e-01 -2.904206e-04 1.628591e-03 7.350337e+00 2.895690e-04 9.999998e-01 5.234290e-04 -2.754022e+00 -1.628751e-03 -5.229455e-04 9.999984e-01 1.637499e+02
9.999938e-01 1.968591e-03 -2.921363e-03 7.453935e+00 -1.968213e-03 9.999981e-01 1.319055e-04 -2.773802e+00 2.921609e-03 -1.261436e-04 9.999956e-01 1.648828e+02
9.999978e-01 -8.108752e-04 1.949228e-03 7.545396e+00 8.098608e-04 9.999995e-01 5.213780e-04 -2.791937e+00 -1.949658e-03 -5.197869e-04 9.999979e-01 1.660189e+02
9.999956e-01 2.221399e-03 -1.951627e-03 7.575659e+00 -2.219869e-03 9.999972e-01 7.856549e-04 -2.815846e+00 1.953358e-03 -7.813078e-04 9.999977e-01 1.674965e+02
9.999983e-01 -6.616678e-04 1.695510e-03 7.631113e+00 6.610475e-04 9.999997e-01 3.666517e-04 -2.839470e+00 -1.695761e-03 -3.655187e-04 9.999984e-01 1.689465e+02
9.999927e-01 2.419985e-03 -2.941809e-03 7.710187e+00 -2.417804e-03 9.999968e-01 7.446236e-04 -2.861088e+00 2.943593e-03 -7.374939e-04 9.999953e-01 1.702063e+02
9.999969e-01 -1.201807e-03 2.183859e-03 7.782884e+00 1.201743e-03 9.999993e-01 3.048652e-05 -2.880629e+00 -2.183902e-03 -2.785030e-05 9.999975e-01 1.714524e+02
9.999939e-01 2.624636e-03 -2.312845e-03 7.831922e+00 -2.621890e-03 9.999959e-01 1.189495e-03 -2.904498e+00 2.315948e-03 -1.183412e-03 9.999965e-01 1.729609e+02
9.999977e-01 -9.807434e-04 1.897069e-03 7.896911e+00 9.813025e-04 9.999995e-01 -2.934920e-04 -2.925910e+00 -1.896789e-03 2.953648e-04 9.999981e-01 1.742406e+02
9.999946e-01 2.166462e-03 -2.467708e-03 7.947781e+00 -2.164658e-03 9.999974e-01 7.330739e-04 -2.943876e+00 2.469281e-03 -7.277163e-04 9.999966e-01 1.751922e+02
9.999969e-01 -1.225976e-03 2.184592e-03 8.021283e+00 1.225815e-03 9.999992e-01 7.522048e-05 -2.964664e+00 -2.184692e-03 -7.253034e-05 9.999975e-01 1.765376e+02
9.999910e-01 3.132608e-03 -2.878121e-03 8.119256e+00 -3.128890e-03 9.999943e-01 1.295228e-03 -2.990169e+00 2.882153e-03 -1.286199e-03 9.999949e-01 1.782115e+02
9.999980e-01 -1.226360e-03 1.594703e-03 8.218825e+00 1.226097e-03 9.999992e-01 1.666592e-04 -3.015530e+00 -1.594916e-03 -1.646913e-04 9.999986e-01 1.799458e+02
9.999914e-01 3.234178e-03 -2.589213e-03 8.309787e+00 -3.230160e-03 9.999936e-01 1.554078e-03 -3.042310e+00 2.594214e-03 -1.545688e-03 9.999953e-01 1.817573e+02
9.999993e-01 -1.031816e-03 5.593910e-04 8.424918e+00 1.031881e-03 9.999995e-01 -1.145070e-04 -3.067389e+00 -5.592820e-04 1.150966e-04 9.999997e-01 1.833550e+02
9.999909e-01 3.176310e-03 -2.860115e-03 8.554876e+00 -3.172023e-03 9.999938e-01 1.501804e-03 -3.091811e+00 2.864858e-03 -1.492706e-03 9.999947e-01 1.850065e+02
9.999987e-01 -9.716777e-04 1.274559e-03 8.658157e+00 9.714863e-04 9.999995e-01 1.512906e-04 -3.117888e+00 -1.274715e-03 -1.500394e-04 9.999991e-01 1.867711e+02
9.999897e-01 3.138175e-03 -3.275978e-03 8.762601e+00 -3.133946e-03 9.999943e-01 1.294805e-03 -3.142334e+00 3.280012e-03 -1.284512e-03 9.999937e-01 1.883415e+02
9.999950e-01 -1.705404e-03 2.658579e-03 8.836207e+00 1.705563e-03 9.999985e-01 -5.735082e-05 -3.165283e+00 -2.658487e-03 6.189798e-05 9.999964e-01 1.898251e+02
9.999883e-01 3.441714e-03 -3.413661e-03 8.908035e+00 -3.436360e-03 9.999929e-01 1.572827e-03 -3.190029e+00 3.419039e-03 -1.561064e-03 9.999928e-01 1.913972e+02
9.999944e-01 -1.886326e-03 2.763699e-03 8.975156e+00 1.887072e-03 9.999982e-01 -2.672600e-04 -3.213050e+00 -2.763201e-03 2.724872e-04 9.999960e-01 1.928393e+02
9.999895e-01 3.266221e-03 -3.199324e-03 9.042845e+00 -3.261684e-03 9.999937e-01 1.422015e-03 -3.235473e+00 3.203938e-03 -1.411551e-03 9.999938e-01 1.942369e+02
9.999977e-01 -1.419123e-03 1.593224e-03 9.141220e+00 1.419061e-03 9.999990e-01 4.070896e-05 -3.260499e+00 -1.593291e-03 -3.843441e-05 9.999986e-01 1.958328e+02
9.999890e-01 3.534865e-03 -3.090619e-03 9.234963e+00 -3.531161e-03 9.999930e-01 1.202876e-03 -3.283891e+00 3.094838e-03 -1.191936e-03 9.999944e-01 1.973837e+02
9.999961e-01 -1.929612e-03 2.004065e-03 9.314704e+00 1.929137e-03 9.999981e-01 2.392538e-04 -3.308100e+00 -2.004534e-03 -2.353730e-04 9.999979e-01 1.989384e+02
9.999862e-01 3.899909e-03 -3.512301e-03 9.402680e+00 -3.895207e-03 9.999915e-01 1.344183e-03 -3.333406e+00 3.517502e-03 -1.330469e-03 9.999928e-01 2.005810e+02
9.999931e-01 -2.151590e-03 3.043035e-03 9.471917e+00 2.151350e-03 9.999977e-01 8.243920e-05 -3.358510e+00 -3.043217e-03 -7.587790e-05 9.999953e-01 2.022695e+02
9.999867e-01 3.830558e-03 -3.464748e-03 9.538426e+00 -3.825940e-03 9.999918e-01 1.338211e-03 -3.383475e+00 3.469834e-03 -1.324923e-03 9.999930e-01 2.038696e+02
9.999920e-01 -2.231835e-03 3.328286e-03 9.596182e+00 2.232047e-03 9.999975e-01 -5.966189e-05 -3.407561e+00 -3.328155e-03 6.710464e-05 9.999944e-01 2.054085e+02
9.999835e-01 3.925759e-03 -4.201663e-03 9.670337e+00 -3.919464e-03 9.999912e-01 1.505259e-03 -3.432320e+00 4.207524e-03 -1.488751e-03 9.999899e-01 2.069919e+02
9.999948e-01 -1.926100e-03 2.579517e-03 9.765048e+00 1.925608e-03 9.999981e-01 1.935209e-04 -3.458687e+00 -2.579896e-03 -1.885382e-04 9.999966e-01 2.087543e+02
9.999832e-01 4.111766e-03 -4.094416e-03 9.849593e+00 -4.105193e-03 9.999903e-01 1.612242e-03 -3.485392e+00 4.100994e-03 -1.595392e-03 9.999902e-01 2.105230e+02
9.999893e-01 -2.426316e-03 3.929322e-03 9.911529e+00 2.427784e-03 9.999970e-01 -3.685359e-04 -3.510642e+00 -3.928428e-03 3.780864e-04 9.999921e-01 2.122230e+02
9.999817e-01 4.350634e-03 -4.200883e-03 9.992482e+00 -4.342808e-03 9.999888e-01 1.870212e-03 -3.537515e+00 4.208961e-03 -1.851919e-03 9.999893e-01 2.140165e+02
9.999934e-01 -2.331226e-03 2.802693e-03 1.007963e+01 2.331547e-03 9.999973e-01 -1.108651e-04 -3.564283e+00 -2.802438e-03 1.174142e-04 9.999960e-01 2.157890e+02
9.999827e-01 4.283882e-03 -4.033485e-03 1.015768e+01 -4.276444e-03 9.999891e-01 1.850729e-03 -3.590677e+00 4.041358e-03 -1.833433e-03 9.999901e-01 2.175451e+02
9.999916e-01 -2.453914e-03 3.271329e-03 1.022535e+01 2.455111e-03 9.999969e-01 -3.616727e-04 -3.615485e+00 -3.270444e-03 3.697167e-04 9.999945e-01 2.191407e+02
9.999832e-01 4.141435e-03 -4.058396e-03 1.028884e+01 -4.134929e-03 9.999902e-01 1.609948e-03 -3.638439e+00 4.065012e-03 -1.593124e-03 9.999904e-01 2.205306e+02
9.999895e-01 -2.921187e-03 3.533037e-03 1.034062e+01 2.923164e-03 9.999956e-01 -5.543236e-04 -3.659434e+00 -3.531414e-03 5.646611e-04 9.999935e-01 2.217608e+02
9.999813e-01 4.342278e-03 -4.315660e-03 1.040199e+01 -4.334168e-03 9.999888e-01 1.886397e-03 -3.682333e+00 4.323791e-03 -1.867641e-03 9.999888e-01 2.231647e+02
9.999907e-01 -2.771118e-03 3.306498e-03 1.046846e+01 2.772579e-03 9.999961e-01 -4.368391e-04 -3.706130e+00 -3.305286e-03 4.460185e-04 9.999943e-01 2.246558e+02
9.999795e-01 4.417310e-03 -4.636953e-03 1.053236e+01 -4.408220e-03 9.999883e-01 1.968489e-03 -3.729813e+00 4.645582e-03 -1.947991e-03 9.999872e-01 2.260706e+02
9.999895e-01 -2.915344e-03 3.546645e-03 1.060112e+01 2.917456e-03 9.999956e-01 -5.900655e-04 -3.752944e+00 -3.544921e-03 6.004227e-04 9.999934e-01 2.275165e+02
9.999734e-01 4.898490e-03 -5.411726e-03 1.069952e+01 -4.886556e-03 9.999856e-01 2.216140e-03 -3.778994e+00 5.422491e-03 -2.189620e-03 9.999828e-01 2.292249e+02
9.999940e-01 -2.229831e-03 2.650984e-03 1.080708e+01 2.230868e-03 9.999974e-01 -3.879832e-04 -3.806226e+00 -2.650125e-03 3.939113e-04 9.999963e-01 2.310305e+02
9.999739e-01 4.737147e-03 -5.460789e-03 1.091502e+01 -4.724809e-03 9.999863e-01 2.269721e-03 -3.833821e+00 5.471453e-03 -2.243844e-03 9.999824e-01 2.328434e+02
9.999881e-01 -2.520308e-03 4.187685e-03 1.099373e+01 2.523549e-03 9.999965e-01 -7.684501e-04 -3.859331e+00 -4.185748e-03 7.790255e-04 9.999908e-01 2.345619e+02
9.999780e-01 4.354539e-03 -4.995084e-03 1.105847e+01 -4.345135e-03 9.999888e-01 1.891592e-03 -3.882631e+00 5.003252e-03 -1.869830e-03 9.999856e-01 2.359899e+02
9.999859e-01 -2.895526e-03 4.445461e-03 1.110914e+01 2.899270e-03 9.999954e-01 -8.358890e-04 -3.904497e+00 -4.443035e-03 8.487829e-04 9.999897e-01 2.372927e+02
9.999789e-01 4.386090e-03 -4.789348e-03 1.115791e+01 -4.377476e-03 9.999888e-01 1.807317e-03 -3.926724e+00 4.797208e-03 -1.786296e-03 9.999868e-01 2.386347e+02
9.999862e-01 -2.888071e-03 4.382996e-03 1.120228e+01 2.892232e-03 9.999954e-01 -9.429154e-04 -3.948046e+00 -4.380267e-03 9.555962e-04 9.999899e-01 2.398587e+02
9.999794e-01 4.256688e-03 -4.808026e-03 1.125653e+01 -4.248140e-03 9.999894e-01 1.786523e-03 -3.968641e+00 4.815566e-03 -1.766043e-03 9.999867e-01 2.410204e+02
9.999881e-01 -2.978832e-03 3.854838e-03 1.131102e+01 2.981780e-03 9.999953e-01 -7.588193e-04 -3.989394e+00 -3.852574e-03 7.703219e-04 9.999922e-01 2.422144e+02
9.999807e-01 4.337763e-03 -4.445173e-03 1.136857e+01 -4.329354e-03 9.999888e-01 1.899270e-03 -4.011335e+00 4.453347e-03 -1.879971e-03 9.999882e-01 2.435555e+02
9.999881e-01 -2.777991e-03 4.013815e-03 1.143866e+01 2.781478e-03 9.999958e-01 -8.631464e-04 -4.034553e+00 -4.011414e-03 8.743180e-04 9.999915e-01 2.450488e+02
9.999792e-01 4.559424e-03 -4.558010e-03 1.150772e+01 -4.549647e-03 9.999873e-01 2.152792e-03 -4.058958e+00 4.567754e-03 -2.131992e-03 9.999872e-01 2.466047e+02
9.999868e-01 -2.934697e-03 4.209952e-03 1.156328e+01 2.939869e-03 9.999949e-01 -1.222510e-03 -4.081168e+00 -4.206358e-03 1.234888e-03 9.999903e-01 2.479514e+02
9.999790e-01 4.450005e-03 -4.715757e-03 1.161784e+01 -4.441007e-03 9.999883e-01 1.916671e-03 -4.101926e+00 4.724217e-03 -1.895670e-03 9.999869e-01 2.491400e+02
9.999865e-01 -2.990946e-03 4.257158e-03 1.167338e+01 2.996016e-03 9.999948e-01 -1.184807e-03 -4.122831e+00 -4.253607e-03 1.197563e-03 9.999901e-01 2.503678e+02
9.999787e-01 4.420288e-03 -4.799097e-03 1.172725e+01 -4.411705e-03 9.999887e-01 1.797289e-03 -4.143594e+00 4.806973e-03 -1.776061e-03 9.999868e-01 2.515857e+02
9.999867e-01 -2.999951e-03 4.201477e-03 1.178099e+01 3.005294e-03 9.999947e-01 -1.265760e-03 -4.163745e+00 -4.197672e-03 1.278387e-03 9.999903e-01 2.527279e+02
9.999782e-01 4.542037e-03 -4.790695e-03 1.183266e+01 -4.533094e-03 9.999880e-01 1.875674e-03 -4.184732e+00 4.799142e-03 -1.853899e-03 9.999867e-01 2.539270e+02
9.999857e-01 -3.351914e-03 4.178178e-03 1.188352e+01 3.357787e-03 9.999934e-01 -1.399219e-03 -4.204097e+00 -4.173475e-03 1.413246e-03 9.999902e-01 2.549928e+02
9.999770e-01 4.728103e-03 -4.862953e-03 1.193827e+01 -4.718918e-03 9.999871e-01 1.898197e-03 -4.223802e+00 4.871850e-03 -1.875188e-03 9.999863e-01 2.560721e+02
9.999835e-01 -3.676402e-03 4.410172e-03 1.200519e+01 3.681882e-03 9.999925e-01 -1.234664e-03 -4.242916e+00 -4.405615e-03 1.250899e-03 9.999894e-01 2.571797e+02
9.999732e-01 5.114898e-03 -5.240357e-03 1.208187e+01 -5.103535e-03 9.999846e-01 2.179275e-03 -4.263403e+00 5.251408e-03 -2.152455e-03 9.999838e-01 2.583726e+02
9.999820e-01 -3.764414e-03 4.681747e-03 1.214002e+01 3.772268e-03 9.999915e-01 -1.669632e-03 -4.281756e+00 -4.675437e-03 1.687281e-03 9.999875e-01 2.593826e+02
9.999741e-01 4.865319e-03 -5.300714e-03 1.219552e+01 -4.854497e-03 9.999861e-01 2.052489e-03 -4.299558e+00 5.310611e-03 -2.026685e-03 9.999837e-01 2.603169e+02
9.999816e-01 -3.752919e-03 4.773926e-03 1.226465e+01 3.759913e-03 9.999919e-01 -1.456642e-03 -4.318705e+00 -4.768436e-03 1.474583e-03 9.999874e-01 2.614218e+02
9.999730e-01 5.106014e-03 -5.288356e-03 1.234740e+01 -5.094262e-03 9.999845e-01 2.232960e-03 -4.338961e+00 5.299660e-03 -2.205941e-03 9.999834e-01 2.626473e+02
9.999821e-01 -3.661236e-03 4.733431e-03 1.243144e+01 3.668352e-03 9.999922e-01 -1.495290e-03 -4.359148e+00 -4.727935e-03 1.512645e-03 9.999876e-01 2.638703e+02
9.999732e-01 5.013394e-03 -5.342978e-03 1.249611e+01 -5.002608e-03 9.999854e-01 2.030006e-03 -4.378361e+00 5.353062e-03 -2.003204e-03 9.999836e-01 2.649597e+02
9.999819e-01 -3.750792e-03 4.698409e-03 1.256077e+01 3.757848e-03 9.999918e-01 -1.493443e-03 -4.397905e+00 -4.692784e-03 1.511090e-03 9.999877e-01 2.660555e+02
9.999736e-01 5.044594e-03 -5.232709e-03 1.263049e+01 -5.033376e-03 9.999850e-01 2.154407e-03 -4.417932e+00 5.243483e-03 -2.127993e-03 9.999839e-01 2.672367e+02
9.999827e-01 -3.479031e-03 4.743213e-03 1.269378e+01 3.485914e-03 9.999929e-01 -1.443448e-03 -4.438896e+00 -4.738173e-03 1.459976e-03 9.999876e-01 2.684948e+02
9.999754e-01 4.806367e-03 -5.108265e-03 1.276618e+01 -4.794595e-03 9.999858e-01 2.314021e-03 -4.460161e+00 5.119299e-03 -2.289454e-03 9.999842e-01 2.698434e+02
9.999838e-01 -3.187274e-03 4.714291e-03 1.285868e+01 3.193151e-03 9.999941e-01 -1.239289e-03 -4.483492e+00 -4.710329e-03 1.254341e-03 9.999880e-01 2.713889e+02
9.999756e-01 4.842658e-03 -5.027564e-03 1.294583e+01 -4.830743e-03 9.999855e-01 2.379141e-03 -4.507239e+00 5.038997e-03 -2.354777e-03 9.999844e-01 2.729734e+02
9.999842e-01 -3.068821e-03 4.705311e-03 1.310410e+01 3.074595e-03 9.999945e-01 -1.219858e-03 -4.531099e+00 -4.701557e-03 1.234325e-03 9.999881e-01 2.746964e+02
9.999647e-01 5.368510e-03 -6.465414e-03 1.335340e+01 -5.350824e-03 9.999819e-01 2.749467e-03 -4.557284e+00 6.480042e-03 -2.714755e-03 9.999752e-01 2.768438e+02
9.999968e-01 -1.923862e-04 -2.537428e-03 1.382689e+01 1.889890e-04 9.999991e-01 -1.339651e-03 -4.582156e+00 2.537667e-03 1.339187e-03 9.999958e-01 2.790585e+02
9.999786e-01 4.108544e-03 -5.089815e-03 1.424857e+01 -4.100412e-03 9.999903e-01 1.606603e-03 -4.588548e+00 5.096349e-03 -1.585679e-03 9.999857e-01 2.805546e+02
9.999981e-01 -1.154241e-03 -1.570639e-03 1.464273e+01 1.152269e-03 9.999985e-01 -1.257317e-03 -4.603852e+00 1.572069e-03 1.255524e-03 9.999979e-01 2.818866e+02
9.999739e-01 4.461553e-03 -5.686385e-03 1.513385e+01 -4.457085e-03 9.999897e-01 7.979136e-04 -4.608262e+00 5.689867e-03 -7.725290e-04 9.999834e-01 2.830475e+02
9.999952e-01 -2.166969e-03 -2.200502e-03 1.576879e+01 2.160620e-03 9.999935e-01 -2.884298e-03 -4.606033e+00 2.206718e-03 2.879548e-03 9.999933e-01 2.837478e+02
9.999485e-01 4.484150e-03 -9.098910e-03 1.666091e+01 -4.480217e-03 9.999899e-01 4.523631e-04 -4.594541e+00 9.100825e-03 -4.115562e-04 9.999584e-01 2.843582e+02
9.999954e-01 -1.952364e-03 -2.323918e-03 1.758527e+01 1.945204e-03 9.999934e-01 -3.080202e-03 -4.583936e+00 2.329894e-03 3.075685e-03 9.999925e-01 2.850958e+02
9.999401e-01 5.217480e-03 -9.617290e-03 1.847802e+01 -5.209394e-03 9.999861e-01 8.654343e-04 -4.575256e+00 9.621648e-03 -8.152644e-04 9.999533e-01 2.860587e+02
9.999958e-01 -1.982869e-03 -2.106759e-03 1.938688e+01 1.975848e-03 9.999925e-01 -3.330670e-03 -4.565985e+00 2.113323e-03 3.326511e-03 9.999921e-01 2.870091e+02
9.999404e-01 5.041543e-03 -9.679549e-03 2.030134e+01 -5.032712e-03 9.999869e-01 9.362560e-04 -4.556643e+00 9.684117e-03 -8.874685e-04 9.999526e-01 2.879341e+02
9.999941e-01 -1.728870e-03 -2.965467e-03 2.125302e+01 1.718862e-03 9.999928e-01 -3.375046e-03 -4.546231e+00 2.971254e-03 3.369946e-03 9.999898e-01 2.888956e+02
9.999388e-01 5.048621e-03 -9.839310e-03 2.219487e+01 -5.038092e-03 9.999867e-01 1.094315e-03 -4.535217e+00 9.844676e-03 -1.044660e-03 9.999509e-01 2.898371e+02
9.999982e-01 -1.286107e-03 -1.409428e-03 2.295939e+01 1.283526e-03 9.999975e-01 -1.832391e-03 -4.534810e+00 1.411752e-03 1.830595e-03 9.999972e-01 2.910209e+02
9.999286e-01 5.323204e-03 -1.069578e-02 2.384817e+01 -5.324112e-03 9.999858e-01 -5.663880e-05 -4.526057e+00 1.069530e-02 1.135966e-04 9.999427e-01 2.921091e+02
9.999966e-01 -2.581382e-03 -3.821353e-04 2.472799e+01 2.580422e-03 9.999935e-01 -2.498238e-03 -4.517684e+00 3.885504e-04 2.497259e-03 9.999967e-01 2.929735e+02
9.999187e-01 6.016636e-03 -1.124409e-02 2.561260e+01 -6.012960e-03 9.999819e-01 3.605417e-04 -4.511026e+00 1.124602e-02 -2.928863e-04 9.999366e-01 2.940088e+02
9.999965e-01 -2.507540e-03 -8.518588e-04 2.648850e+01 2.505442e-03 9.999938e-01 -2.458143e-03 -4.503252e+00 8.579838e-04 2.456016e-03 9.999965e-01 2.949985e+02
9.999147e-01 6.080267e-03 -1.155644e-02 2.735858e+01 -6.072518e-03 9.999813e-01 7.053069e-04 -4.495775e+00 1.156047e-02 -6.350549e-04 9.999329e-01 2.960170e+02
9.999967e-01 -2.556606e-03 -4.209385e-05 2.819488e+01 2.556495e-03 9.999936e-01 -2.522031e-03 -4.489957e+00 4.850547e-05 2.521930e-03 9.999967e-01 2.970451e+02
9.999092e-01 5.977085e-03 -1.207867e-02 2.908210e+01 -5.972819e-03 9.999821e-01 3.890440e-04 -4.481113e+00 1.208074e-02 -3.168503e-04 9.999269e-01 2.980094e+02
9.999961e-01 -2.569129e-03 -1.111529e-03 3.005805e+01 2.565909e-03 9.999925e-01 -2.891956e-03 -4.469605e+00 1.118912e-03 2.889107e-03 9.999951e-01 2.989716e+02
9.999100e-01 5.837938e-03 -1.207903e-02 3.107064e+01 -5.835725e-03 9.999829e-01 2.181940e-04 -4.457319e+00 1.208006e-02 -1.476705e-04 9.999269e-01 2.999045e+02
9.999963e-01 -2.584281e-03 -8.734821e-04 3.208031e+01 2.581761e-03 9.999925e-01 -2.877680e-03 -4.445171e+00 8.808716e-04 2.875428e-03 9.999954e-01 3.008295e+02
9.999131e-01 5.905586e-03 -1.178188e-02 3.305266e+01 -5.900612e-03 9.999825e-01 4.565891e-04 -4.435372e+00 1.178433e-02 -3.870158e-04 9.999304e-01 3.018494e+02
9.999971e-01 -2.208520e-03 -9.758173e-04 3.402438e+01 2.205861e-03 9.999939e-01 -2.720350e-03 -4.425837e+00 9.817761e-04 2.718203e-03 9.999957e-01 3.029356e+02
9.998991e-01 5.982052e-03 -1.288700e-02 3.502087e+01 -5.974625e-03 9.999820e-01 6.145372e-04 -4.414011e+00 1.289040e-02 -5.374675e-04 9.999167e-01 3.039798e+02
9.999964e-01 -2.567511e-03 -7.521709e-04 3.601919e+01 2.565134e-03 9.999918e-01 -3.148784e-03 -4.400213e+00 7.602036e-04 3.146856e-03 9.999947e-01 3.048787e+02
9.999146e-01 5.520264e-03 -1.184617e-02 3.700155e+01 -5.512180e-03 9.999846e-01 7.146930e-04 -4.387015e+00 1.184989e-02 -6.493217e-04 9.999295e-01 3.056741e+02
9.999960e-01 -2.631664e-03 -1.018052e-03 3.798771e+01 2.628456e-03 9.999916e-01 -3.142893e-03 -4.372557e+00 1.026267e-03 3.140217e-03 9.999944e-01 3.064041e+02
9.999099e-01 5.574576e-03 -1.220972e-02 3.896798e+01 -5.563635e-03 9.999841e-01 9.296513e-04 -4.357868e+00 1.221466e-02 -8.616257e-04 9.999249e-01 3.071384e+02
9.999975e-01 -2.110428e-03 -7.476324e-04 3.987214e+01 2.108506e-03 9.999945e-01 -2.566628e-03 -4.350526e+00 7.529947e-04 2.565056e-03 9.999963e-01 3.081981e+02
9.998954e-01 6.880058e-03 -1.272463e-02 4.080049e+01 -6.862179e-03 9.999754e-01 1.447970e-03 -4.345740e+00 1.273423e-02 -1.360489e-03 9.999179e-01 3.096053e+02
9.999958e-01 -2.801424e-03 -7.143781e-04 4.178546e+01 2.798847e-03 9.999897e-01 -3.586797e-03 -4.334513e+00 7.243662e-04 3.584793e-03 9.999932e-01 3.107111e+02
9.999185e-01 5.723942e-03 -1.141284e-02 4.279322e+01 -5.714289e-03 9.999833e-01 8.779997e-04 -4.322379e+00 1.141762e-02 -8.127017e-04 9.999344e-01 3.115596e+02
9.999956e-01 -2.582804e-03 -1.456739e-03 4.384728e+01 2.577172e-03 9.999892e-01 -3.857014e-03 -4.309421e+00 1.466631e-03 3.853253e-03 9.999914e-01 3.124645e+02
9.999114e-01 5.759469e-03 -1.200075e-02 4.497064e+01 -5.753816e-03 9.999833e-01 5.052793e-04 -4.294645e+00 1.200340e-02 -4.361750e-04 9.999278e-01 3.133774e+02
9.999946e-01 -2.743473e-03 -1.783768e-03 4.613859e+01 2.736599e-03 9.999889e-01 -3.846568e-03 -4.278603e+00 1.794244e-03 3.841675e-03 9.999909e-01 3.142189e+02
9.999160e-01 5.523306e-03 -1.172328e-02 4.728366e+01 -5.516540e-03 9.999846e-01 6.092320e-04 -4.262186e+00 1.172641e-02 -5.445003e-04 9.999310e-01 3.150104e+02
9.999955e-01 -2.994112e-03 -2.114640e-04 4.834623e+01 2.993310e-03 9.999886e-01 -3.707628e-03 -4.248454e+00 2.225036e-04 3.706987e-03 9.999930e-01 3.157472e+02
9.999285e-01 5.282894e-03 -1.072894e-02 4.934253e+01 -5.275467e-03 9.999858e-01 7.201890e-04 -4.236876e+00 1.073253e-02 -6.635295e-04 9.999421e-01 3.164722e+02
9.999960e-01 -2.807187e-03 -1.290112e-04 5.033484e+01 2.806693e-03 9.999892e-01 -3.700120e-03 -4.225767e+00 1.393358e-04 3.699751e-03 9.999931e-01 3.172321e+02
9.999266e-01 5.182748e-03 -1.095282e-02 5.131897e+01 -5.173483e-03 9.999862e-01 8.739041e-04 -4.213899e+00 1.095713e-02 -8.171686e-04 9.999395e-01 3.179356e+02
