9.993117e-01 2.106772e-03 -3.703515e-02 3.352233e-01 -2.044950e-03 9.999965e-01 1.707075e-03 -1.177773e-02 3.703861e-02 -1.630164e-03 9.993124e-01 3.639150e-01
9.999075e-01 -8.610800e-04 1.357260e-02 6.052528e-01 8.673708e-04 9.999995e-01 -4.576106e-04 -2.169744e-02 -1.357220e-02 4.693415e-04 9.999077e-01 5.719391e-01
9.998621e-01 9.601988e-04 -1.657748e-02 6.413122e-01 -9.527735e-04 9.999994e-01 4.558087e-04 -2.427327e-02 1.657791e-02 -4.399505e-04 9.998624e-01 5.761020e-01
9.998999e-01 -7.305944e-04 1.413286e-02 6.716300e-01 7.367375e-04 9.999996e-01 -4.294679e-04 -2.909785e-02 -1.413255e-02 4.398379e-04 9.998999e-01 7.037302e-01
9.997828e-01 1.349806e-03 -2.079665e-02 7.329359e-01 -1.334560e-03 9.999988e-01 7.469814e-04 -3.680182e-02 2.079762e-02 -7.190640e-04 9.997833e-01 9.545522e-01
9.998400e-01 -1.144048e-03 1.785038e-02 7.698032e-01 1.154236e-03 9.999992e-01 -5.604402e-04 -4.186639e-02 -1.784973e-02 5.809549e-04 9.998404e-01 1.076253e+00
9.998256e-01 9.991296e-04 -1.864701e-02 6.954896e-01 -1.007285e-03 9.999994e-01 -4.279639e-04 -3.436141e-02 1.864657e-02 4.466729e-04 9.998259e-01 7.029801e-01
9.998328e-01 -9.040061e-04 1.826161e-02 6.537053e-01 9.112877e-04 9.999995e-01 -3.904213e-04 -3.239861e-02 -1.826126e-02 4.069982e-04 9.998331e-01 5.756025e-01
9.998160e-01 1.008419e-03 -1.915737e-02 6.353507e-01 -1.008009e-03 9.999995e-01 3.105560e-05 -3.383403e-02 1.915739e-02 -1.173851e-05 9.998164e-01 5.425937e-01
9.998416e-01 -1.007363e-03 1.777174e-02 6.184837e-01 1.023928e-03 9.999990e-01 -9.230341e-04 -3.095488e-02 -1.777080e-02 9.410853e-04 9.998415e-01 3.523533e-01
9.995995e-01 1.419664e-03 -2.826451e-02 7.534688e-01 -1.375047e-03 9.999978e-01 1.597920e-03 -3.645216e-02 2.826670e-02 -1.558415e-03 9.995991e-01 4.381800e-01
9.999884e-01 -3.257615e-04 4.805509e-03 1.023931e+00 3.270114e-04 9.999999e-01 -2.593117e-04 -4.449370e-02 -4.805435e-03 2.608809e-04 9.999883e-01 5.928634e-01
9.996860e-01 1.540044e-03 -2.500940e-02 1.231844e+00 -1.509164e-03 9.999981e-01 1.253535e-03 -5.390604e-02 2.501127e-02 -1.215397e-03 9.996863e-01 8.412319e-01
9.998439e-01 -6.951090e-04 1.765700e-02 1.280883e+00 7.119228e-04 9.999993e-01 -9.459697e-04 -6.219980e-02 -1.765634e-02 9.583932e-04 9.998436e-01 1.150980e+00
9.997635e-01 1.385176e-03 -2.170237e-02 1.294471e+00 -1.361904e-03 9.999985e-01 1.087067e-03 -7.031325e-02 2.170383e-02 -1.057253e-03 9.997638e-01 1.470927e+00
9.998104e-01 -9.484281e-04 1.944759e-02 1.309122e+00 9.661032e-04 9.999991e-01 -8.994815e-04 -7.727608e-02 -1.944674e-02 9.181001e-04 9.998104e-01 1.712866e+00
9.997311e-01 1.240933e-03 -2.315362e-02 1.363301e+00 -1.212929e-03 9.999985e-01 1.223467e-03 -8.280321e-02 2.315509e-02 -1.195054e-03 9.997311e-01 1.852393e+00
9.998785e-01 -9.850502e-04 1.555721e-02 1.473422e+00 9.953910e-04 9.999993e-01 -6.569636e-04 -8.704760e-02 -1.555657e-02 6.723702e-04 9.998787e-01 1.893349e+00
9.998370e-01 8.632153e-04 -1.803430e-02 1.464342e+00 -8.639756e-04 9.999996e-01 -3.437013e-05 -8.179892e-02 1.803425e-02 4.994653e-05 9.998373e-01 1.552858e+00
9.998558e-01 -1.182467e-03 1.694147e-02 1.351322e+00 1.211728e-03 9.999978e-01 -1.717064e-03 -6.752700e-02 -1.693942e-02 1.737346e-03 9.998549e-01 8.959073e-01
9.998533e-01 7.299010e-04 -1.711080e-02 1.170719e+00 -7.403852e-04 9.999995e-01 -6.064024e-04 -4.804826e-02 1.711033e-02 6.189824e-04 9.998533e-01 7.250640e-02
9.998412e-01 -1.172438e-03 1.778269e-02 9.347485e-01 1.210208e-03 9.999970e-01 -2.113358e-03 -2.511862e-02 -1.778017e-02 2.134543e-03 9.998395e-01 -8.474806e-01
9.998577e-01 5.262589e-04 -1.686227e-02 6.338687e-01 -5.469574e-04 9.999991e-01 -1.222916e-03 3.822939e-03 1.686160e-02 1.231964e-03 9.998570e-01 -1.998657e+00
9.998292e-01 -1.187553e-03 1.844591e-02 2.900064e-01 1.238119e-03 9.999955e-01 -2.730112e-03 3.702321e-02 -1.844260e-02 2.752484e-03 9.998260e-01 -3.300703e+00
9.998557e-01 5.211177e-04 -1.697728e-02 -2.668563e-02 -5.373282e-04 9.999994e-01 -9.502880e-04 6.771083e-02 1.697675e-02 9.592723e-04 9.998553e-01 -4.507723e+00
9.998350e-01 -9.398487e-04 1.813923e-02 -2.669109e-01 9.739624e-04 9.999978e-01 -1.871920e-03 9.058220e-02 -1.813745e-02 1.889277e-03 9.998336e-01 -5.408606e+00
9.998401e-01 5.248751e-04 -1.787410e-02 -4.732102e-01 -5.320760e-04 9.999998e-01 -3.981103e-04 1.102915e-01 1.787387e-02 4.075556e-04 9.998401e-01 -6.215422e+00
9.998234e-01 -9.093003e-04 1.876957e-02 -7.016225e-01 9.511216e-04 9.999971e-01 -2.219343e-03 1.319639e-01 -1.876751e-02 2.236802e-03 9.998213e-01 -7.076059e+00
9.998305e-01 5.529787e-04 -1.840274e-02 -8.931726e-01 -5.520272e-04 9.999998e-01 5.678670e-05 1.502668e-01 1.840275e-02 -4.662017e-05 9.998306e-01 -7.823546e+00
9.998174e-01 -9.241933e-04 1.908769e-02 -1.119489e+00 9.736968e-04 9.999962e-01 -2.584353e-03 1.716710e-01 -1.908525e-02 2.602465e-03 9.998144e-01 -8.679589e+00
9.998338e-01 5.091839e-04 -1.822442e-02 -1.354356e+00 -5.094198e-04 9.999999e-01 -8.293838e-06 1.936445e-01 1.822440e-02 1.757393e-05 9.998338e-01 -9.550055e+00
9.998176e-01 -7.625618e-04 1.908452e-02 -1.538150e+00 8.046258e-04 9.999973e-01 -2.196518e-03 2.110022e-01 -1.908281e-02 2.211471e-03 9.998154e-01 -1.024193e+01
9.998149e-01 8.518362e-04 -1.922275e-02 -1.589987e+00 -8.244628e-04 9.999986e-01 1.431904e-03 2.139487e-01 1.922392e-02 -1.415793e-03 9.998141e-01 -1.040102e+01
9.998189e-01 -7.544784e-04 1.901746e-02 -1.637302e+00 7.888750e-04 9.999981e-01 -1.801262e-03 2.141174e-01 -1.901608e-02 1.815936e-03 9.998174e-01 -1.047577e+01
9.998181e-01 9.753507e-04 -1.904704e-02 -1.668275e+00 -9.514927e-04 9.999988e-01 1.261613e-03 2.129552e-01 1.904823e-02 -1.243263e-03 9.998177e-01 -1.046220e+01
9.998443e-01 -3.697045e-04 1.763932e-02 -1.699147e+00 3.933955e-04 9.999990e-01 -1.339638e-03 2.041128e-01 -1.763882e-02 1.346366e-03 9.998434e-01 -1.006661e+01
9.998164e-01 9.592916e-04 -1.913528e-02 -1.725028e+00 -9.347892e-04 9.999987e-01 1.289393e-03 1.954550e-01 1.913648e-02 -1.271272e-03 9.998160e-01 -9.687259e+00
9.998496e-01 -3.903980e-04 1.733643e-02 -1.740637e+00 4.125593e-04 9.999991e-01 -1.274757e-03 1.872018e-01 -1.733593e-02 1.281715e-03 9.998488e-01 -9.338519e+00
9.996643e-01 1.315429e-03 -2.587723e-02 -1.682347e+00 -1.275554e-03 9.999980e-01 1.557393e-03 1.778114e-01 2.587921e-02 -1.523865e-03 9.996638e-01 -8.982952e+00
9.998917e-01 -1.565601e-04 1.471709e-02 -1.617407e+00 1.746556e-04 9.999992e-01 -1.228295e-03 1.667538e-01 -1.471690e-02 1.230730e-03 9.998908e-01 -8.546239e+00
9.998545e-01 8.786109e-04 -1.703721e-02 -1.650308e+00 -8.601265e-04 9.999990e-01 1.092255e-03 1.572611e-01 1.703814e-02 -1.077444e-03 9.998542e-01 -8.111271e+00
9.998840e-01 -1.390508e-04 1.522907e-02 -1.689919e+00 1.589578e-04 9.999991e-01 -1.305985e-03 1.475209e-01 -1.522890e-02 1.308251e-03 9.998831e-01 -7.650679e+00
9.996998e-01 1.116541e-03 -2.447687e-02 -1.631519e+00 -1.077397e-03 9.999981e-01 1.612360e-03 1.379895e-01 2.447860e-02 -1.585507e-03 9.996990e-01 -7.287792e+00
9.999154e-01 6.669040e-04 -1.299309e-02 -1.219230e+00 -6.612165e-04 9.999997e-01 4.420450e-04 1.259836e-01 1.299336e-02 -4.334189e-04 9.999154e-01 -7.046173e+00
9.999174e-01 4.407040e-04 -1.284810e-02 -9.012457e-01 -4.290041e-04 9.999995e-01 9.134001e-04 1.150918e-01 1.284847e-02 -9.078152e-04 9.999169e-01 -6.838248e+00
9.999856e-01 7.390910e-06 5.367405e-03 -8.204679e-01 -3.414021e-06 9.999997e-01 -7.409988e-04 1.077513e-01 -5.367435e-03 7.409673e-04 9.999852e-01 -6.605626e+00
9.999734e-01 5.819640e-04 -7.270586e-03 -8.456510e-01 -5.772872e-04 9.999996e-01 6.453738e-04 9.828638e-02 7.270933e-03 -6.411620e-04 9.999733e-01 -6.207587e+00
9.999741e-01 -2.982353e-04 7.184508e-03 -8.625233e-01 3.045282e-04 9.999996e-01 -8.748652e-04 9.253236e-02 -7.184270e-03 8.770279e-04 9.999737e-01 -6.000857e+00
9.999745e-01 6.273637e-04 -7.115629e-03 -8.902321e-01 -6.218820e-04 9.999995e-01 7.726114e-04 8.487979e-02 7.116085e-03 -7.681691e-04 9.999743e-01 -5.694088e+00
9.999796e-01 -2.298490e-04 6.390561e-03 -9.014321e-01 2.354823e-04 9.999996e-01 -8.808143e-04 7.719023e-02 -6.390382e-03 8.822986e-04 9.999791e-01 -5.390978e+00
9.999585e-01 8.685098e-04 -9.065124e-03 -9.118723e-01 -8.604376e-04 9.999992e-01 8.943654e-04 6.875326e-02 9.065867e-03 -8.865310e-04 9.999584e-01 -5.029756e+00
9.999775e-01 -3.715344e-04 6.699921e-03 -9.107398e-01 3.771091e-04 9.999996e-01 -8.308696e-04 6.068650e-02 -6.699636e-03 8.333749e-04 9.999771e-01 -4.721345e+00
9.999555e-01 7.484473e-04 -9.400875e-03 -8.824723e-01 -7.398051e-04 9.999993e-01 9.227698e-04 5.415405e-02 9.401532e-03 -9.157766e-04 9.999553e-01 -4.506795e+00
9.999975e-01 -1.506544e-06 2.251634e-03 -8.290320e-01 2.877428e-06 9.999998e-01 -6.089841e-04 4.599093e-02 -2.251661e-03 6.089865e-04 9.999972e-01 -4.214432e+00
9.992908e-01 1.499089e-03 -3.762457e-02 -3.991245e-01 -1.389081e-03 9.999947e-01 2.949812e-03 3.638404e-02 3.762877e-02 -2.895459e-03 9.992875e-01 -4.103764e+00
9.999328e-01 5.360466e-04 -1.157718e-02 2.614482e-01 -5.298467e-04 9.999997e-01 5.386190e-04 2.554287e-02 1.157743e-02 -5.324507e-04 9.999327e-01 -4.123369e+00
9.999484e-01 2.937180e-04 -1.015769e-02 5.429620e-01 -2.868428e-04 9.999997e-01 6.783322e-04 1.653210e-02 1.015785e-02 -6.753855e-04 9.999481e-01 -3.971755e+00
9.999900e-01 7.913514e-04 4.394497e-03 5.282471e-01 -7.880545e-04 9.999994e-01 -7.519954e-04 5.895596e-03 -4.395128e-03 7.485228e-04 9.999900e-01 -3.467982e+00
9.999537e-01 2.782369e-04 -9.622321e-03 5.027763e-01 -2.723402e-04 9.999998e-01 6.141618e-04 -5.154017e-03 9.622452e-03 -6.115147e-04 9.999534e-01 -2.943115e+00
9.999770e-01 4.739739e-04 6.760857e-03 4.776355e-01 -4.691745e-04 9.999996e-01 -7.114975e-04 -1.464960e-02 -6.761230e-03 7.083071e-04 9.999768e-01 -2.511912e+00
9.999596e-01 9.936155e-05 -8.991301e-03 4.659486e-01 -9.295249e-05 9.999997e-01 7.132653e-04 -2.303560e-02 8.991330e-03 -7.124027e-04 9.999592e-01 -2.161659e+00
9.999839e-01 6.303659e-04 5.643331e-03 4.564578e-01 -6.263635e-04 9.999996e-01 -7.110226e-04 -3.189063e-02 -5.643816e-03 7.074743e-04 9.999837e-01 -1.773910e+00
9.999615e-01 4.929015e-05 -8.776416e-03 4.473182e-01 -4.312425e-05 9.999998e-01 7.027870e-04 -4.067252e-02 8.776408e-03 -7.023835e-04 9.999611e-01 -1.398046e+00
9.999923e-01 5.098917e-04 3.884255e-03 4.858009e-01 -5.079807e-04 9.999997e-01 -4.930412e-04 -4.897370e-02 -3.884545e-03 4.910623e-04 9.999922e-01 -1.112887e+00
9.999144e-01 2.300083e-04 -1.308298e-02 5.641336e-01 -2.193596e-04 9.999996e-01 8.153916e-04 -5.770377e-02 1.308313e-02 -8.124539e-04 9.999140e-01 -8.178598e-01
9.999850e-01 7.943519e-04 5.427154e-03 5.916266e-01 -7.906457e-04 9.999995e-01 -6.850987e-04 -6.780508e-02 -5.427737e-03 6.807954e-04 9.999849e-01 -3.887537e-01
9.999510e-01 2.601757e-04 -9.895755e-03 5.548487e-01 -2.554898e-04 9.999999e-01 4.748239e-04 -7.913903e-02 9.895835e-03 -4.722744e-04 9.999508e-01 1.673274e-01
9.999769e-01 7.174701e-04 6.754998e-03 5.004867e-01 -7.123744e-04 9.999995e-01 -7.567941e-04 -9.060739e-02 -6.755579e-03 7.519624e-04 9.999768e-01 7.352973e-01
9.999544e-01 1.991601e-04 -9.547732e-03 4.488537e-01 -1.944545e-04 9.999999e-01 4.938216e-04 -1.015300e-01 9.547786e-03 -4.919446e-04 9.999542e-01 1.276399e+00
9.999888e-01 1.088180e-03 4.602906e-03 3.887371e-01 -1.084313e-03 9.999991e-01 -8.427296e-04 -1.142131e-01 -4.603862e-03 8.377269e-04 9.999890e-01 1.943089e+00
9.999599e-01 9.612880e-05 -8.952957e-03 3.266211e-01 -9.182332e-05 9.999999e-01 4.813661e-04 -1.268384e-01 8.952959e-03 -4.805270e-04 9.999597e-01 2.584777e+00
9.999750e-01 5.955955e-04 7.043000e-03 2.875693e-01 -5.910442e-04 9.999996e-01 -6.483589e-04 -1.367536e-01 -7.043427e-03 6.441776e-04 9.999749e-01 3.034662e+00
9.999708e-01 -2.592455e-04 -7.641674e-03 2.735457e-01 2.631657e-04 9.999998e-01 5.120691e-04 -1.436927e-01 7.641496e-03 -5.140675e-04 9.999706e-01 3.296219e+00
9.999854e-01 6.492370e-04 5.364063e-03 2.856794e-01 -6.461676e-04 9.999996e-01 -5.740279e-04 -1.509286e-01 -5.364477e-03 5.705511e-04 9.999854e-01 3.558248e+00
9.999469e-01 1.211899e-04 -1.030845e-02 2.945277e-01 -1.165669e-04 9.999999e-01 4.491210e-04 -1.609426e-01 1.030845e-02 -4.478979e-04 9.999467e-01 3.977739e+00
9.998008e-01 1.598161e-03 -1.989668e-02 5.839672e-01 -1.580259e-03 9.999983e-01 9.154738e-04 -1.739588e-01 1.989807e-02 -8.838517e-04 9.998015e-01 4.354585e+00
9.999353e-01 1.800738e-04 -1.137529e-02 8.914457e-01 -1.763040e-04 9.999999e-01 3.324600e-04 -1.879504e-01 1.137530e-02 -3.304351e-04 9.999352e-01 4.756639e+00
9.999640e-01 6.359326e-04 8.464070e-03 8.565892e-01 -6.318069e-04 9.999997e-01 -4.901676e-04 -1.981529e-01 -8.464429e-03 4.848000e-04 9.999640e-01 5.233048e+00
9.999289e-01 3.406324e-04 -1.191720e-02 8.112564e-01 -3.375679e-04 9.999999e-01 2.592135e-04 -2.091874e-01 1.191724e-02 -2.551745e-04 9.999289e-01 5.778070e+00
9.999676e-01 6.692865e-04 8.016794e-03 7.690691e-01 -6.655231e-04 9.999997e-01 -4.721766e-04 -2.202767e-01 -8.017158e-03 4.668236e-04 9.999677e-01 6.321872e+00
9.999436e-01 -4.073464e-04 -1.061025e-02 7.891678e-01 4.142749e-04 9.999997e-01 6.508667e-04 -2.260154e-01 1.060993e-02 -6.552279e-04 9.999434e-01 6.446227e+00
9.999532e-01 3.420012e-04 9.672609e-03 7.554318e-01 -3.299759e-04 9.999992e-01 -1.244860e-03 -2.217523e-01 -9.673077e-03 1.241607e-03 9.999524e-01 6.205885e+00
9.999441e-01 -4.740523e-04 -1.056229e-02 6.850491e-01 4.784602e-04 9.999998e-01 4.148635e-04 -2.145960e-01 1.056204e-02 -4.198963e-04 9.999440e-01 5.851861e+00
9.999452e-01 2.986256e-04 1.046087e-02 5.669365e-01 -2.800026e-04 9.999984e-01 -1.781735e-03 -2.034199e-01 -1.046143e-02 1.778705e-03 9.999436e-01 5.369582e+00
9.999446e-01 -4.364226e-04 -1.051946e-02 4.721366e-01 4.420230e-04 9.999998e-01 5.301289e-04 -1.940968e-01 1.051917e-02 -5.347520e-04 9.999444e-01 4.960790e+00
9.999568e-01 7.352361e-04 9.262538e-03 4.812056e-01 -7.276029e-04 9.999994e-01 -8.275105e-04 -1.984187e-01 -9.263192e-03 8.207326e-04 9.999567e-01 5.088168e+00
9.999388e-01 -4.208903e-04 -1.105655e-02 4.908164e-01 4.309259e-04 9.999995e-01 9.053620e-04 -2.053048e-01 1.105612e-02 -9.100738e-04 9.999384e-01 5.314555e+00
9.999533e-01 3.849684e-04 9.653173e-03 4.615803e-01 -3.700069e-04 9.999987e-01 -1.551722e-03 -2.017603e-01 -9.653809e-03 1.548076e-03 9.999521e-01 5.073905e+00
9.999456e-01 -5.266649e-04 -1.042102e-02 4.037474e-01 5.322773e-04 9.999997e-01 5.358746e-04 -1.945249e-01 1.042069e-02 -5.413951e-04 9.999455e-01 4.714936e+00
9.999842e-01 7.204737e-04 5.565682e-03 4.655852e-01 -7.171298e-04 9.999996e-01 -6.029177e-04 -1.982794e-01 -5.566166e-03 5.989140e-04 9.999842e-01 4.801890e+00
9.999213e-01 -3.965302e-04 -1.254199e-02 5.554005e-01 4.104813e-04 9.999993e-01 1.109858e-03 -2.039063e-01 1.254149e-02 -1.114921e-03 9.999206e-01 4.913415e+00
9.999368e-01 2.076211e-04 1.123898e-02 4.831768e-01 -1.821255e-04 9.999974e-01 -2.269546e-03 -1.945664e-01 -1.123948e-02 2.267353e-03 9.999342e-01 4.448829e+00
9.999331e-01 -3.324630e-04 -1.156183e-02 4.210134e-01 3.452871e-04 9.999993e-01 1.107275e-03 -1.869725e-01 1.156140e-02 -1.111196e-03 9.999325e-01 4.092201e+00
9.999494e-01 2.128883e-04 1.005769e-02 3.845026e-01 -1.945797e-04 9.999983e-01 -1.821392e-03 -1.811860e-01 -1.005811e-02 1.819340e-03 9.999477e-01 3.761767e+00
9.999424e-01 -4.752428e-04 -1.072284e-02 2.742368e-01 4.798084e-04 9.999998e-01 4.232961e-04 -1.693760e-01 1.072259e-02 -4.284198e-04 9.999423e-01 3.226792e+00
9.999450e-01 2.878712e-04 1.047900e-02 1.717065e-01 -2.693518e-04 9.999984e-01 -1.768742e-03 -1.589067e-01 -1.047955e-02 1.765819e-03 9.999434e-01 2.762930e+00
9.999244e-01 -9.938121e-05 -1.229264e-02 1.912648e-01 1.167344e-04 9.999990e-01 1.411044e-03 -1.612026e-01 1.229244e-02 -1.412375e-03 9.999234e-01 2.789800e+00
9.999565e-01 7.936568e-04 9.293708e-03 1.793095e-01 -7.804214e-04 9.999987e-01 -1.427767e-03 -1.699298e-01 -9.294882e-03 1.420449e-03 9.999557e-01 3.165149e+00
9.999317e-01 -2.729106e-04 -1.168170e-02 1.818541e-01 2.906658e-04 9.999988e-01 1.518321e-03 -1.776060e-01 1.168122e-02 -1.521616e-03 9.999305e-01 3.458085e+00
9.999988e-01 1.088719e-03 -1.074982e-03 3.088236e-01 -1.089592e-03 9.999991e-01 -8.109109e-04 -1.851434e-01 1.074044e-03 8.120779e-04 9.999990e-01 3.670667e+00
9.990668e-01 1.470844e-03 -4.316543e-02 6.940908e-01 -1.355584e-03 9.999954e-01 2.699352e-03 -1.981681e-01 4.316915e-02 -2.638322e-03 9.990642e-01 4.108426e+00
9.997345e-01 2.477022e-03 -2.290744e-02 1.285212e+00 -2.476774e-03 9.999969e-01 3.925403e-05 -2.167390e-01 2.290740e-02 1.748981e-05 9.997375e-01 4.705706e+00
9.989603e-01 1.555514e-03 -4.556190e-02 1.888841e+00 -1.434015e-03 9.999953e-01 2.699285e-03 -2.355953e-01 4.556582e-02 -2.631145e-03 9.989578e-01 5.330694e+00
9.996931e-01 2.666785e-03 -2.462695e-02 2.471839e+00 -2.665901e-03 9.999964e-01 6.878168e-05 -2.546597e-01 2.462697e-02 -3.110447e-06 9.996966e-01 6.031743e+00
9.982891e-01 2.297391e-03 -5.842562e-02 3.215290e+00 -2.117628e-03 9.999928e-01 3.138524e-03 -2.778366e-01 5.843233e-02 -3.009433e-03 9.982868e-01 6.783280e+00
9.999562e-01 1.675402e-03 -9.200990e-03 3.837490e+00 -1.677813e-03 9.999986e-01 -2.541152e-04 -2.969035e-01 9.200468e-03 2.695390e-04 9.999576e-01 7.364054e+00
9.992322e-01 1.038364e-03 -3.916545e-02 4.329276e+00 -9.418800e-04 9.999965e-01 2.481900e-03 -3.120637e-01 3.916780e-02 -2.443108e-03 9.992296e-01 7.740718e+00
9.999984e-01 1.153682e-03 -1.353416e-03 4.735195e+00 -1.154321e-03 9.999992e-01 -4.702773e-04 -3.244945e-01 1.352785e-03 4.718364e-04 9.999989e-01 8.059242e+00
9.984838e-01 1.928865e-03 -5.501214e-02 5.282997e+00 -1.760422e-03 9.999936e-01 3.110247e-03 -3.400292e-01 5.501770e-02 -3.008689e-03 9.984808e-01 8.481621e+00
9.997838e-01 2.292743e-03 -2.066686e-02 5.996145e+00 -2.285491e-03 9.999973e-01 3.746149e-04 -3.592924e-01 2.066757e-02 -3.273023e-04 9.997863e-01 9.041954e+00
9.987831e-01 1.590771e-03 -4.929168e-02 6.690748e+00 -1.453175e-03 9.999949e-01 2.827199e-03 -3.785507e-01 4.929583e-02 -2.752131e-03 9.987804e-01 9.532920e+00
9.999475e-01 2.944090e-04 1.023467e-02 7.174651e+00 -2.905931e-04 9.999999e-01 -3.744706e-04 -3.901370e-01 -1.023488e-02 3.714749e-04 9.999475e-01 9.669541e+00
9.992817e-01 9.163292e-04 -3.788289e-02 7.527184e+00 -8.342764e-04 9.999973e-01 2.181751e-03 -3.983549e-01 3.788469e-02 -2.148582e-03 9.992797e-01 9.763611e+00
9.999124e-01 1.732533e-03 -1.311755e-02 8.057041e+00 -1.726143e-03 9.999984e-01 4.985488e-04 -4.125094e-01 1.311829e-02 -4.758643e-04 9.999138e-01 1.008342e+01
9.987660e-01 1.643934e-03 -4.963515e-02 8.676984e+00 -1.521340e-03 9.999957e-01 2.507622e-03 -4.292324e-01 4.963896e-02 -2.429018e-03 9.987642e-01 1.051583e+01
9.999611e-01 1.563173e-03 -8.677140e-03 9.278419e+00 -1.560029e-03 9.999987e-01 3.692501e-04 -4.460465e-01 8.677606e-03 -3.557010e-04 9.999622e-01 1.090355e+01
9.990997e-01 1.094567e-03 -4.240804e-02 9.798803e+00 -1.000953e-03 9.999970e-01 2.228679e-03 -4.600958e-01 4.241025e-02 -2.184226e-03 9.990978e-01 1.123781e+01
9.998557e-01 2.131658e-03 -1.684886e-02 1.039267e+01 -2.120488e-03 9.999975e-01 6.808436e-04 -4.764972e-01 1.685017e-02 -6.450194e-04 9.998578e-01 1.164464e+01
9.988040e-01 1.496116e-03 -4.887026e-02 1.101285e+01 -1.386156e-03 9.999964e-01 2.283899e-03 -4.937533e-01 4.887340e-02 -2.213428e-03 9.988025e-01 1.214403e+01
9.999172e-01 1.955423e-03 -1.271412e-02 1.159832e+01 -1.949143e-03 9.999980e-01 5.064444e-04 -5.108841e-01 1.271499e-02 -4.816226e-04 9.999190e-01 1.263404e+01
9.989923e-01 1.214123e-03 -4.486378e-02 1.216077e+01 -1.120781e-03 9.999972e-01 2.105711e-03 -5.273498e-01 4.486612e-02 -2.053309e-03 9.989909e-01 1.307287e+01
9.998641e-01 3.688218e-04 1.647697e-02 1.247055e+01 -3.562098e-04 9.999996e-01 -7.684849e-04 -5.392072e-01 -1.647734e-02 7.625096e-04 9.998639e-01 1.334825e+01
9.998372e-01 -2.149799e-04 -1.804144e-02 1.248211e+01 2.284754e-04 9.999997e-01 7.460886e-04 -5.426637e-01 1.804117e-02 -7.500908e-04 9.998369e-01 1.339372e+01
9.998646e-01 1.366990e-04 1.644847e-02 1.244525e+01 -1.151421e-04 9.999991e-01 -1.311639e-03 -5.378571e-01 -1.644873e-02 1.309566e-03 9.998638e-01 1.309705e+01
9.998646e-01 -2.650360e-04 -1.644948e-02 1.236079e+01 2.664596e-04 1.000000e+00 8.448378e-05 -5.293513e-01 1.644936e-02 -8.885716e-05 9.998647e-01 1.271904e+01
9.998703e-01 4.194416e-04 1.609570e-02 1.233694e+01 -4.131779e-04 9.999998e-01 -3.926087e-04 -5.319752e-01 -1.609596e-02 3.859057e-04 9.998703e-01 1.276161e+01
9.998671e-01 -2.381394e-04 -1.629988e-02 1.231392e+01 2.397427e-04 1.000000e+00 9.654460e-05 -5.343814e-01 1.629976e-02 -1.004413e-04 9.998671e-01 1.280688e+01
9.998648e-01 4.364223e-04 1.643619e-02 1.228075e+01 -4.287417e-04 9.999998e-01 -4.709559e-04 -5.379517e-01 -1.643649e-02 4.638436e-04 9.998648e-01 1.291993e+01
9.998615e-01 -9.229446e-05 -1.664141e-02 1.226314e+01 9.501659e-05 1.000000e+00 1.629216e-04 -5.445135e-01 1.664130e-02 -1.644820e-04 9.998615e-01 1.316407e+01
9.998743e-01 2.635638e-04 1.584870e-02 1.224506e+01 -2.606570e-04 9.999999e-01 -1.856146e-04 -5.478676e-01 -1.584885e-02 1.814584e-04 9.998743e-01 1.322308e+01
9.998693e-01 -4.177427e-04 -1.615511e-02 1.215037e+01 4.029103e-04 9.999995e-01 -9.212257e-04 -5.389054e-01 1.615539e-02 9.145945e-04 9.998690e-01 1.281893e+01
9.998760e-01 2.799127e-04 1.573789e-02 1.206237e+01 -2.781270e-04 1.000000e+00 -1.158046e-04 -5.304484e-01 -1.573802e-02 1.114113e-04 9.998761e-01 1.243236e+01
9.998639e-01 -6.888346e-04 -1.647956e-02 1.190414e+01 6.617319e-04 9.999984e-01 -1.649879e-03 -5.143564e-01 1.648058e-02 1.638747e-03 9.998628e-01 1.171756e+01
9.998487e-01 2.319597e-04 1.738835e-02 1.167856e+01 -2.116444e-04 9.999993e-01 -1.170302e-03 -4.918580e-01 -1.738870e-02 1.166443e-03 9.998481e-01 1.080901e+01
9.997979e-01 -6.299162e-04 -2.009022e-02 1.157303e+01 6.203303e-04 9.999997e-01 -4.832434e-04 -4.767913e-01 2.009043e-02 4.706812e-04 9.997980e-01 1.006353e+01
9.998045e-01 1.805268e-04 1.976824e-02 1.138685e+01 -1.377269e-04 9.999976e-01 -2.166560e-03 -4.555718e-01 -1.976869e-02 2.163412e-03 9.998022e-01 9.151124e+00
9.998033e-01 -3.939627e-04 -1.982536e-02 1.128418e+01 4.069111e-04 9.999997e-01 6.492352e-04 -4.444659e-01 1.982500e-02 -6.571768e-04 9.998032e-01 8.665373e+00
9.998399e-01 3.336895e-04 1.788890e-02 1.127941e+01 -3.121385e-04 9.999992e-01 -1.207644e-03 -4.409381e-01 -1.788938e-02 1.201865e-03 9.998392e-01 8.409410e+00
9.997799e-01 6.872115e-05 -2.097652e-02 1.130769e+01 -5.335411e-05 9.999997e-01 7.332777e-04 -4.465580e-01 2.097646e-02 -7.319994e-04 9.997797e-01 8.630438e+00
9.999400e-01 1.919072e-03 1.078221e-02 1.124947e+01 -1.906925e-03 9.999975e-01 -1.137073e-03 -4.629966e-01 -1.078446e-02 1.116441e-03 9.999412e-01 9.511185e+00
9.997951e-01 1.651048e-04 -2.023818e-02 1.115718e+01 -1.552140e-04 9.999999e-01 4.904465e-04 -4.809118e-01 2.023817e-02 -4.872072e-04 9.997950e-01 1.049901e+01
9.999136e-01 1.495223e-03 1.305774e-02 1.108272e+01 -1.482972e-03 9.999985e-01 -9.480825e-04 -4.964842e-01 -1.305924e-02 9.286338e-04 9.999143e-01 1.131404e+01
9.997428e-01 2.581374e-04 -2.267556e-02 1.104500e+01 -2.433496e-04 9.999998e-01 6.550542e-04 -5.112446e-01 2.267563e-02 -6.493702e-04 9.997426e-01 1.207468e+01
9.998803e-01 1.159070e-03 1.542151e-02 1.100791e+01 -1.145179e-03 9.999989e-01 -9.098094e-04 -5.249903e-01 -1.542264e-02 8.920376e-04 9.998806e-01 1.274697e+01
9.998114e-01 -1.871567e-04 -1.941518e-02 1.097505e+01 2.019838e-04 9.999997e-01 7.619176e-04 -5.360598e-01 1.941493e-02 -7.656982e-04 9.998112e-01 1.326864e+01
9.999072e-01 1.489759e-03 1.353322e-02 1.093342e+01 -1.476204e-03 9.999984e-01 -1.011850e-03 -5.486353e-01 -1.353480e-02 9.917759e-04 9.999079e-01 1.390406e+01
9.998396e-01 -3.657345e-04 -1.790344e-02 1.088263e+01 3.783328e-04 9.999997e-01 7.005127e-04 -5.608878e-01 1.790309e-02 -7.071766e-04 9.998394e-01 1.450651e+01
9.999313e-01 1.525353e-03 1.161240e-02 1.086874e+01 -1.516498e-03 9.999986e-01 -7.717194e-04 -5.721925e-01 -1.161366e-02 7.540534e-04 9.999322e-01 1.504220e+01
9.997886e-01 -3.275662e-04 -2.055316e-02 1.089030e+01 3.441844e-04 9.999996e-01 8.052093e-04 -5.836426e-01 2.055280e-02 -8.121161e-04 9.997884e-01 1.554471e+01
9.998726e-01 1.201854e-03 1.590983e-02 1.088111e+01 -1.188975e-03 9.999990e-01 -8.191762e-04 -5.941209e-01 -1.591090e-02 8.001526e-04 9.998731e-01 1.600327e+01
9.998245e-01 -4.129251e-04 -1.872869e-02 1.084997e+01 4.255778e-04 9.999997e-01 6.718215e-04 -6.040813e-01 1.872831e-02 -6.796770e-04 9.998243e-01 1.646028e+01
9.998774e-01 1.266147e-03 1.560404e-02 1.081973e+01 -1.253814e-03 9.999989e-01 -8.003892e-04 -6.139735e-01 -1.560513e-02 7.807236e-04 9.998779e-01 1.693024e+01
9.997722e-01 -4.905688e-05 -2.134032e-02 1.078562e+01 6.143260e-05 9.999998e-01 5.794673e-04 -6.259205e-01 2.134020e-02 -5.806493e-04 9.997721e-01 1.752141e+01
9.998695e-01 1.265556e-03 1.610001e-02 1.074171e+01 -1.252287e-03 9.999989e-01 -8.344519e-04 -6.382060e-01 -1.610114e-02 8.141782e-04 9.998700e-01 1.813078e+01
9.998633e-01 -7.448691e-04 -1.651571e-02 1.070003e+01 7.540097e-04 9.999996e-01 5.474991e-04 -6.476734e-01 1.651520e-02 -5.598804e-04 9.998634e-01 1.854951e+01
9.998692e-01 1.140666e-03 1.612721e-02 1.067423e+01 -1.130226e-03 9.999991e-01 -6.567427e-04 -6.560813e-01 -1.612804e-02 6.384263e-04 9.998697e-01 1.887643e+01
9.998560e-01 -7.169055e-04 -1.695226e-02 1.066114e+01 7.242362e-04 9.999996e-01 4.265640e-04 -6.639328e-01 1.695186e-02 -4.387832e-04 9.998562e-01 1.919536e+01
9.998559e-01 1.082475e-03 1.693818e-02 1.062910e+01 -1.072023e-03 9.999992e-01 -6.264203e-04 -6.720784e-01 -1.693894e-02 6.081688e-04 9.998563e-01 1.952021e+01
9.998658e-01 -7.824454e-04 -1.636166e-02 1.057848e+01 7.828876e-04 9.999997e-01 2.089924e-05 -6.768375e-01 1.636155e-02 -3.370896e-05 9.998661e-01 1.970047e+01
9.998564e-01 1.053011e-03 1.691084e-02 1.052064e+01 -1.041813e-03 9.999992e-01 -6.712483e-04 -6.803927e-01 -1.691163e-02 6.535308e-04 9.998567e-01 1.981788e+01
9.998606e-01 -9.628035e-04 -1.666337e-02 1.043844e+01 9.592654e-04 9.999995e-01 -2.200402e-04 -6.787754e-01 1.666348e-02 2.040217e-04 9.998611e-01 1.968685e+01
9.998517e-01 9.623889e-04 1.718784e-02 1.033356e+01 -9.444302e-04 9.999990e-01 -1.053212e-03 -6.725341e-01 -1.718893e-02 1.036820e-03 9.998517e-01 1.939814e+01
9.998521e-01 -5.788063e-04 -1.718310e-02 1.030556e+01 5.869045e-04 9.999997e-01 4.665286e-04 -6.784425e-01 1.718273e-02 -4.765479e-04 9.998522e-01 1.962413e+01
9.999043e-01 1.664182e-03 1.372751e-02 1.024542e+01 -1.653384e-03 9.999983e-01 -7.982290e-04 -6.902880e-01 -1.372891e-02 7.754524e-04 9.999054e-01 2.023319e+01
9.998381e-01 -4.562402e-04 -1.798225e-02 1.017990e+01 4.635129e-04 9.999998e-01 4.005538e-04 -7.030369e-01 1.798197e-02 -4.088275e-04 9.998382e-01 2.089239e+01
9.998894e-01 1.422253e-03 1.479709e-02 1.012823e+01 -1.412452e-03 9.999988e-01 -6.730752e-04 -7.142765e-01 -1.479812e-02 6.520972e-04 9.998903e-01 2.144469e+01
9.998435e-01 -5.189847e-04 -1.767865e-02 1.008135e+01 5.264293e-04 9.999998e-01 4.167454e-04 -7.250183e-01 1.767834e-02 -4.259903e-04 9.998436e-01 2.197314e+01
9.998882e-01 1.349526e-03 1.488698e-02 1.003957e+01 -1.340404e-03 9.999989e-01 -6.230583e-04 -7.355711e-01 -1.488789e-02 6.030306e-04 9.998890e-01 2.247375e+01
9.998556e-01 -6.091957e-04 -1.697860e-02 1.000132e+01 6.167676e-04 9.999997e-01 4.410463e-04 -7.453930e-01 1.697823e-02 -4.514581e-04 9.998557e-01 2.293731e+01
9.999008e-01 1.578541e-03 1.398874e-02 9.949136e+00 -1.568830e-03 9.999985e-01 -7.055903e-04 -7.565889e-01 -1.398993e-02 6.835707e-04 9.999019e-01 2.349771e+01
9.998528e-01 -5.685373e-04 -1.714607e-02 9.889933e+00 5.749197e-04 9.999998e-01 3.676322e-04 -7.683834e-01 1.714576e-02 -3.774394e-04 9.998529e-01 2.408781e+01
9.999165e-01 1.778964e-03 1.279611e-02 9.828372e+00 -1.769814e-03 9.999982e-01 -7.268294e-04 -7.810824e-01 -1.279748e-02 7.041182e-04 9.999178e-01 2.474086e+01
9.998575e-01 -5.793399e-04 -1.686810e-02 9.761430e+00 5.848914e-04 9.999998e-01 3.245193e-04 -7.938462e-01 1.686781e-02 -3.343429e-04 9.998576e-01 2.540387e+01
9.999123e-01 1.778125e-03 1.311766e-02 9.688264e+00 -1.768512e-03 9.999982e-01 -7.448325e-04 -8.067853e-01 -1.311906e-02 7.215646e-04 9.999137e-01 2.607932e+01
9.998367e-01 -3.868535e-04 -1.806108e-02 9.610867e+00 3.916072e-04 9.999999e-01 2.599938e-04 -8.206793e-01 1.806088e-02 -2.670282e-04 9.998368e-01 2.682216e+01
9.998781e-01 1.104731e-03 1.556830e-02 9.577629e+00 -1.098212e-03 9.999993e-01 -4.276644e-04 -8.315412e-01 -1.556885e-02 4.105111e-04 9.998787e-01 2.728653e+01
9.998526e-01 -6.436656e-04 -1.715310e-02 9.572932e+00 6.492405e-04 9.999997e-01 3.197881e-04 -8.394109e-01 1.715279e-02 -3.308815e-04 9.998528e-01 2.760118e+01
9.998863e-01 1.319405e-03 1.501590e-02 9.546604e+00 -1.313306e-03 9.999991e-01 -4.164269e-04 -8.487827e-01 -1.501653e-02 3.966551e-04 9.998871e-01 2.802076e+01
9.997476e-01 7.849586e-05 -2.246167e-02 9.521023e+00 -7.608705e-05 1.000000e+00 1.083688e-04 -8.612804e-01 2.246159e-02 -1.066366e-04 9.997477e-01 2.866535e+01
9.999361e-01 1.880097e-03 1.114467e-02 9.485361e+00 -1.876035e-03 9.999982e-01 -3.755270e-04 -8.775328e-01 -1.114544e-02 3.545911e-04 9.999378e-01 2.948973e+01
9.997594e-01 -6.605635e-05 -2.193077e-02 9.457766e+00 6.843589e-05 1.000000e+00 1.080474e-04 -8.925076e-01 2.193067e-02 -1.095264e-04 9.997595e-01 3.025818e+01
9.999628e-01 2.296735e-03 8.301596e-03 9.424204e+00 -2.293264e-03 9.999973e-01 -4.284272e-04 -9.098151e-01 -8.302647e-03 4.093692e-04 9.999654e-01 3.117515e+01
9.997796e-01 -1.841806e-05 -2.099151e-02 9.367553e+00 1.736396e-05 1.000000e+00 -5.006972e-05 -9.283111e-01 2.099142e-02 4.968983e-05 9.997796e-01 3.215663e+01
9.999403e-01 2.165326e-03 1.070484e-02 9.283010e+00 -2.159922e-03 9.999975e-01 -5.169820e-04 -9.463324e-01 -1.070603e-02 4.938252e-04 9.999425e-01 3.314562e+01
9.997656e-01 -1.548955e-04 -2.164801e-02 9.230971e+00 1.573378e-04 1.000000e+00 1.114529e-04 -9.632144e-01 2.164791e-02 -1.148373e-04 9.997656e-01 3.402180e+01
9.998992e-01 1.565795e-03 1.410394e-02 9.201580e+00 -1.561681e-03 9.999987e-01 -3.032157e-04 -9.766065e-01 -1.410449e-02 2.811548e-04 9.999005e-01 3.466899e+01
9.998459e-01 -5.997746e-04 -1.754054e-02 9.156087e+00 6.005723e-04 9.999998e-01 4.064040e-05 -9.877659e-01 1.754042e-02 -5.117304e-05 9.998461e-01 3.521545e+01
9.998832e-01 1.218779e-03 1.522988e-02 9.135294e+00 -1.216968e-03 9.999993e-01 -1.287107e-04 -9.974059e-01 -1.523011e-02 1.101569e-04 9.998840e-01 3.562062e+01
9.998553e-01 -9.329746e-04 -1.698346e-02 9.147419e+00 9.353363e-04 9.999996e-01 1.315594e-04 -1.003386e+00 1.698324e-02 -1.474301e-04 9.998557e-01 3.580776e+01
9.998827e-01 1.260304e-03 1.526246e-02 9.159081e+00 -1.257469e-03 9.999992e-01 -1.958832e-04 -1.009816e+00 -1.526278e-02 1.766637e-04 9.998835e-01 3.603544e+01
9.998374e-01 -6.147846e-04 -1.801911e-02 9.150413e+00 6.181021e-04 9.999998e-01 1.789674e-04 -1.018510e+00 1.801890e-02 -1.900806e-04 9.998376e-01 3.640425e+01
9.999254e-01 1.566303e-03 1.210677e-02 9.156531e+00 -1.564815e-03 9.999988e-01 -1.330653e-04 -1.028385e+00 -1.210705e-02 1.141059e-04 9.999267e-01 3.683750e+01
9.997962e-01 -2.669733e-04 -2.018231e-02 9.152685e+00 2.683014e-04 1.000000e+00 6.348836e-05 -1.040409e+00 2.018220e-02 -6.889502e-05 9.997963e-01 3.739860e+01
9.999390e-01 1.659523e-03 1.091210e-02 9.156097e+00 -1.658639e-03 9.999986e-01 -9.081955e-05 -1.052704e+00 -1.091232e-02 7.271014e-05 9.999404e-01 3.797829e+01
9.998293e-01 -1.067419e-03 -1.844155e-02 9.230763e+00 1.075496e-03 9.999993e-01 4.284663e-04 -1.061735e+00 1.844100e-02 -4.482317e-04 9.998298e-01 3.823772e+01
9.999431e-01 1.209184e-03 1.058730e-02 9.317658e+00 -1.201723e-03 9.999990e-01 -7.117532e-04 -1.059308e+00 -1.058823e-02 6.989852e-04 9.999437e-01 3.794369e+01
9.997241e-01 -8.534653e-04 -2.347078e-02 9.490510e+00 8.814517e-04 9.999989e-01 1.182419e-03 -1.061525e+00 2.346966e-02 -1.202786e-03 9.997238e-01 3.784507e+01
9.999813e-01 1.533278e-03 5.915165e-03 9.716239e+00 -1.532327e-03 9.999988e-01 -1.666809e-04 -1.068318e+00 -5.915497e-03 1.576093e-04 9.999825e-01 3.794188e+01
9.997169e-01 -4.572704e-04 -2.378774e-02 9.884227e+00 4.785623e-04 9.999995e-01 8.897404e-04 -1.078713e+00 2.378724e-02 -9.008770e-04 9.997166e-01 3.826528e+01
9.999897e-01 1.655375e-03 4.207037e-03 1.008935e+01 -1.655593e-03 9.999986e-01 4.635806e-05 -1.090104e+00 -4.207036e-03 -5.332714e-05 9.999911e-01 3.856684e+01
9.996783e-01 -9.069699e-04 -2.534398e-02 1.038160e+01 9.439447e-04 9.999985e-01 1.447326e-03 -1.096882e+00 2.534255e-02 -1.470788e-03 9.996777e-01 3.858275e+01
9.999275e-01 1.204950e-03 1.197006e-02 1.053467e+01 -1.190963e-03 9.999986e-01 -1.176284e-03 -1.093812e+00 -1.197154e-02 1.161939e-03 9.999276e-01 3.816215e+01
9.998766e-01 -1.716027e-03 -1.560746e-02 1.038185e+01 1.694566e-03 9.999976e-01 -1.387663e-03 -1.071274e+00 1.560973e-02 1.361040e-03 9.998772e-01 3.711074e+01
9.999179e-01 1.574735e-03 1.270779e-02 1.038924e+01 -1.577106e-03 9.999987e-01 1.759112e-04 -1.066466e+00 -1.270758e-02 -1.959426e-04 9.999192e-01 3.681380e+01
9.997382e-01 -1.052101e-04 -2.287633e-02 1.039542e+01 9.972618e-05 1.000000e+00 -2.404845e-04 -1.078616e+00 2.287628e-02 2.381358e-04 9.997383e-01 3.740114e+01
9.998256e-01 1.073447e-03 1.864193e-02 1.036515e+01 -1.075176e-03 9.999994e-01 8.226916e-05 -1.089435e+00 -1.864191e-02 -1.023024e-04 9.998262e-01 3.791476e+01
9.997406e-01 -1.664545e-04 -2.277332e-02 1.034806e+01 1.568351e-04 9.999999e-01 -4.237965e-04 -1.099944e+00 2.277331e-02 4.201106e-04 9.997405e-01 3.840232e+01
9.999879e-01 2.511936e-03 4.209984e-03 1.037168e+01 -2.513480e-03 9.999968e-01 3.592175e-04 -1.115585e+00 -4.209145e-03 -3.697993e-04 9.999911e-01 3.921531e+01
9.938611e-01 4.165445e-03 -1.105559e-01 1.117749e+01 -3.833977e-03 9.999875e-01 3.210701e-03 -1.144168e+00 1.105679e-01 -2.767127e-03 9.938647e-01 4.043596e+01
9.998382e-01 3.096412e-03 -1.771238e-02 1.242384e+01 -3.054698e-03 9.999925e-01 2.382214e-03 -1.178689e+00 1.771957e-02 -2.327726e-03 9.998403e-01 4.136875e+01
9.960100e-01 2.402546e-03 -8.920812e-02 1.351734e+01 -2.133907e-03 9.999929e-01 3.106751e-03 -1.202014e+00 8.921490e-02 -2.903997e-03 9.960082e-01 4.189382e+01
9.999862e-01 1.882692e-03 4.880604e-03 1.447562e+01 -1.889470e-03 9.999973e-01 1.382166e-03 -1.224691e+00 -4.878032e-03 -1.391372e-03 9.999871e-01 4.227680e+01
9.988308e-01 2.139280e-04 -4.834031e-02 1.495292e+01 -1.725339e-04 9.999996e-01 8.607147e-04 -1.238305e+00 4.834044e-02 -8.513708e-04 9.988305e-01 4.255259e+01
9.999734e-01 2.464379e-03 -6.851773e-03 1.555520e+01 -2.449415e-03 9.999946e-01 2.193216e-03 -1.253142e+00 6.857107e-03 -2.176377e-03 9.999741e-01 4.283766e+01
9.986397e-01 4.827682e-04 -5.213841e-02 1.619996e+01 -4.360338e-04 9.999995e-01 9.079569e-04 -1.269034e+00 5.213879e-02 -8.839899e-04 9.986395e-01 4.314531e+01
9.999686e-01 2.635685e-03 -7.463580e-03 1.678914e+01 -2.621634e-03 9.999948e-01 1.893435e-03 -1.286078e+00 7.468509e-03 -1.873810e-03 9.999704e-01 4.359773e+01
9.982164e-01 1.286770e-03 -5.968325e-02 1.739909e+01 -1.242829e-03 9.999989e-01 7.735761e-04 -1.305145e+00 5.968417e-02 -6.980219e-04 9.982171e-01 4.420634e+01
9.999146e-01 2.809355e-03 -1.275288e-02 1.806800e+01 -2.780350e-03 9.999935e-01 2.292618e-03 -1.325466e+00 1.275923e-02 -2.256966e-03 9.999161e-01 4.482877e+01
9.979450e-01 1.636752e-03 -6.405344e-02 1.877558e+01 -1.587536e-03 9.999984e-01 8.194595e-04 -1.346488e+00 6.405467e-02 -7.160891e-04 9.979461e-01 4.547896e+01
9.999924e-01 1.346503e-03 3.623731e-03 1.943915e+01 -1.354846e-03 9.999964e-01 2.296940e-03 -1.364245e+00 -3.620621e-03 -2.301832e-03 9.999908e-01 4.582441e+01
9.983633e-01 9.209755e-04 -5.718029e-02 2.012554e+01 -8.452810e-04 9.999987e-01 1.348208e-03 -1.376687e+00 5.718147e-02 -1.297668e-03 9.983630e-01 4.587201e+01
9.999980e-01 1.441315e-03 1.345371e-03 2.084892e+01 -1.444502e-03 9.999962e-01 2.360108e-03 -1.390471e+00 -1.341949e-03 -2.362046e-03 9.999963e-01 4.595204e+01
9.988445e-01 6.773556e-04 -4.805303e-02 2.140258e+01 -6.556997e-04 9.999997e-01 4.667356e-04 -1.402357e+00 4.805335e-02 -4.346869e-04 9.988447e-01 4.611527e+01
9.998575e-01 2.725594e-03 -1.665354e-02 2.202372e+01 -2.684469e-03 9.999933e-01 2.492164e-03 -1.420248e+00 1.666024e-02 -2.447102e-03 9.998582e-01 4.661758e+01
9.982808e-01 1.655157e-03 -5.858685e-02 2.271029e+01 -1.627547e-03 9.999985e-01 5.192416e-04 -1.441160e+00 5.858766e-02 -4.229939e-04 9.982822e-01 4.727876e+01
9.999409e-01 2.283406e-03 -1.061921e-02 2.335560e+01 -2.258508e-03 9.999947e-01 2.357428e-03 -1.461465e+00 1.062458e-02 -2.333302e-03 9.999408e-01 4.788975e+01
9.983918e-01 1.573367e-03 -5.666612e-02 2.398607e+01 -1.550564e-03 9.999987e-01 4.466620e-04 -1.480455e+00 5.666679e-02 -3.580759e-04 9.983931e-01 4.845697e+01
9.995272e-01 3.406422e-03 -3.055372e-02 2.474995e+01 -3.314372e-03 9.999898e-01 3.063387e-03 -1.503752e+00 3.056390e-02 -2.960668e-03 9.995284e-01 4.925733e+01
9.957770e-01 3.915893e-03 -9.172048e-02 2.580113e+01 -3.785087e-03 9.999916e-01 1.600239e-03 -1.534667e+00 9.172604e-02 -1.246306e-03 9.957835e-01 5.035947e+01
9.980851e-01 5.127168e-03 -6.164146e-02 2.710568e+01 -4.870108e-03 9.999788e-01 4.320045e-03 -1.573049e+00 6.166238e-02 -4.011565e-03 9.980890e-01 5.175891e+01
9.982439e-01 2.239958e-03 -5.919329e-02 2.820981e+01 -2.227051e-03 9.999975e-01 2.843145e-04 -1.606253e+00 5.919386e-02 -1.519802e-04 9.982465e-01 5.279731e+01
9.996294e-01 2.431427e-03 -2.711104e-02 2.901531e+01 -2.337777e-03 9.999912e-01 3.486109e-03 -1.628627e+00 2.711937e-02 -3.421428e-03 9.996263e-01 5.346676e+01
9.978698e-01 2.737769e-03 -6.517862e-02 2.990332e+01 -2.704976e-03 9.999962e-01 5.916521e-04 -1.652525e+00 6.518008e-02 -4.140745e-04 9.978734e-01 5.413216e+01
9.996574e-01 2.396892e-03 -2.606218e-02 3.073155e+01 -2.315773e-03 9.999924e-01 3.142939e-03 -1.677048e+00 2.606961e-02 -3.081496e-03 9.996553e-01 5.491999e+01
9.976116e-01 3.174737e-03 -6.899892e-02 3.159291e+01 -3.137413e-03 9.999949e-01 6.495564e-04 -1.702660e+00 6.900072e-02 -4.315139e-04 9.976165e-01 5.574253e+01
9.999014e-01 1.369172e-03 -1.397127e-02 3.238266e+01 -1.328529e-03 9.999949e-01 2.919104e-03 -1.725602e+00 1.397529e-02 -2.900241e-03 9.998981e-01 5.640511e+01
9.990036e-01 1.914290e-03 -4.458840e-02 3.294565e+01 -1.935373e-03 9.999980e-01 -4.292889e-04 -1.743368e+00 4.458759e-02 5.151714e-04 9.990053e-01 5.691835e+01
9.994832e-01 2.276432e-03 -3.206236e-02 3.365305e+01 -2.158786e-03 9.999908e-01 3.703961e-03 -1.763894e+00 3.207059e-02 -3.632815e-03 9.994790e-01 5.755269e+01
9.962763e-01 4.134128e-03 -8.611773e-02 3.479726e+01 -3.987293e-03 9.999903e-01 1.877193e-03 -1.791222e+00 8.612475e-02 -1.526809e-03 9.962831e-01 5.829553e+01
9.993148e-01 1.969668e-03 -3.695816e-02 3.612624e+01 -1.802644e-03 9.999880e-01 4.552475e-03 -1.821175e+00 3.696678e-02 -4.482714e-03 9.993064e-01 5.886993e+01
9.990698e-01 2.103307e-03 -4.307090e-02 3.702053e+01 -2.121112e-03 9.999977e-01 -3.673071e-04 -1.843414e+00 4.307012e-02 4.583440e-04 9.990719e-01 5.927490e+01
9.996830e-01 1.326181e-03 -2.514005e-02 3.772345e+01 -1.234532e-03 9.999925e-01 3.661308e-03 -1.862344e+00 2.514481e-02 -3.629090e-03 9.996772e-01 5.972432e+01
9.983642e-01 3.200579e-03 -5.708350e-02 3.849886e+01 -3.207067e-03 9.999949e-01 -2.177955e-05 -1.883824e+00 5.708322e-02 2.048368e-04 9.983693e-01 6.035765e+01
9.995866e-01 1.495209e-03 -2.871102e-02 3.931932e+01 -1.387641e-03 9.999919e-01 3.766613e-03 -1.906787e+00 2.871650e-02 -3.725192e-03 9.995806e-01 6.100386e+01
9.986109e-01 3.024705e-03 -5.260349e-02 4.009237e+01 -3.034447e-03 9.999954e-01 -1.050770e-04 -1.927842e+00 5.260301e-02 2.645779e-04 9.986154e-01 6.160740e+01
9.993854e-01 1.620746e-03 -3.501711e-02 4.095393e+01 -1.476389e-03 9.999903e-01 4.148281e-03 -1.950470e+00 3.502357e-02 -4.094007e-03 9.993780e-01 6.219592e+01
9.988875e-01 2.829555e-03 -4.707055e-02 4.177859e+01 -2.838461e-03 9.999960e-01 -1.221131e-04 -1.971243e+00 4.707008e-02 2.556115e-04 9.988915e-01 6.270638e+01
9.996786e-01 9.695331e-04 -2.533043e-02 4.251047e+01 -8.781935e-04 9.999931e-01 3.617213e-03 -1.990536e+00 2.533383e-02 -3.593779e-03 9.996725e-01 6.317347e+01
9.992085e-01 2.527353e-03 -3.969851e-02 4.317743e+01 -2.541449e-03 9.999967e-01 -3.043630e-04 -2.007663e+00 3.969767e-02 4.050417e-04 9.992116e-01 6.356940e+01
