9.999894e-01 1.182756e-03 -4.441567e-03 -5.058527e-02 -1.184251e-03 9.999992e-01 -3.339239e-04 -1.217639e-02 4.441168e-03 3.391808e-04 9.999900e-01 6.285340e-01
9.999937e-01 5.456214e-04 -3.498554e-03 -1.215752e-01 -5.460348e-04 9.999998e-01 -1.172134e-04 -2.796404e-02 3.498488e-03 1.191234e-04 9.999938e-01 1.465874e+00
9.999325e-01 1.744383e-03 -1.148515e-02 -1.431253e-01 -1.746257e-03 9.999985e-01 -1.531608e-04 -4.535777e-02 1.148486e-02 1.732068e-04 9.999339e-01 2.375751e+00
9.999870e-01 8.191611e-04 -5.036922e-03 -1.737705e-01 -8.202389e-04 9.999996e-01 -2.119059e-04 -6.426410e-02 5.036742e-03 2.160350e-04 9.999872e-01 3.393113e+00
9.999831e-01 1.404254e-03 -5.634020e-03 -2.621104e-01 -1.406472e-03 9.999989e-01 -3.896961e-04 -8.301823e-02 5.633461e-03 3.976138e-04 9.999840e-01 4.410859e+00
9.999999e-01 2.634859e-04 -3.437259e-04 -3.633015e-01 -2.635644e-04 9.999999e-01 -2.285501e-04 -9.890383e-02 3.436596e-04 2.286408e-04 9.999998e-01 5.285104e+00
9.999809e-01 1.381266e-03 -6.026247e-03 -4.504098e-01 -1.383158e-03 9.999990e-01 -3.097932e-04 -1.141724e-01 6.025807e-03 3.181226e-04 9.999817e-01 6.118766e+00
9.999998e-01 1.940542e-04 -6.735441e-04 -5.227941e-01 -1.941457e-04 1.000000e+00 -1.357512e-04 -1.289871e-01 6.735104e-04 1.358820e-04 9.999997e-01 6.903060e+00
9.999909e-01 1.091243e-03 -4.120676e-03 -5.888713e-01 -1.092287e-03 9.999994e-01 -2.511233e-04 -1.421653e-01 4.120391e-03 2.556220e-04 9.999914e-01 7.586150e+00
9.999998e-01 2.466279e-04 -5.895118e-04 -6.621454e-01 -2.467301e-04 1.000000e+00 -1.733019e-04 -1.556191e-01 5.894608e-04 1.734473e-04 9.999997e-01 8.303460e+00
9.999787e-01 1.377805e-03 -6.385109e-03 -7.350649e-01 -1.379640e-03 9.999990e-01 -2.830039e-04 -1.705875e-01 6.384704e-03 2.918070e-04 9.999795e-01 9.104869e+00
9.999994e-01 2.278157e-04 -1.070792e-03 -7.965019e-01 -2.279261e-04 1.000000e+00 -1.030227e-04 -1.853521e-01 1.070759e-03 1.032666e-04 9.999993e-01 9.875592e+00
9.999365e-01 1.829896e-03 -1.111779e-02 -8.334005e-01 -1.832393e-03 9.999983e-01 -2.144033e-04 -2.014244e-01 1.111736e-02 2.347617e-04 9.999381e-01 1.073698e+01
9.999941e-01 3.949935e-04 -3.425570e-03 -8.485055e-01 -3.949723e-04 9.999999e-01 6.864325e-06 -2.186462e-01 3.425560e-03 -5.511469e-06 9.999940e-01 1.160318e+01
9.999779e-01 1.169246e-03 -6.542292e-03 -8.569693e-01 -1.170036e-03 9.999993e-01 -1.168491e-04 -2.320996e-01 6.542138e-03 1.245010e-04 9.999785e-01 1.226398e+01
9.999931e-01 6.319873e-04 -3.650416e-03 -8.925727e-01 -6.325764e-04 9.999998e-01 -1.602109e-04 -2.473020e-01 3.650300e-03 1.625188e-04 9.999932e-01 1.304985e+01
9.999952e-01 8.041355e-04 -2.998133e-03 -9.463530e-01 -8.046327e-04 9.999997e-01 -1.646435e-04 -2.611789e-01 2.997985e-03 1.670548e-04 9.999954e-01 1.374889e+01
9.999922e-01 4.294228e-04 -3.937186e-03 -9.607714e-01 -4.290968e-04 9.999999e-01 8.363440e-05 -2.727874e-01 3.937206e-03 -8.194462e-05 9.999921e-01 1.430527e+01
9.999998e-01 3.988581e-04 -4.302101e-04 -9.736643e-01 -3.989275e-04 9.999999e-01 -1.611651e-04 -2.834567e-01 4.301296e-04 1.613364e-04 9.999998e-01 1.476059e+01
9.999934e-01 5.623326e-04 -3.578197e-03 -1.000694e+00 -5.629138e-04 9.999998e-01 -1.614324e-04 -2.943047e-01 3.578089e-03 1.634452e-04 9.999935e-01 1.528378e+01
9.999975e-01 8.272171e-04 -2.062636e-03 -1.064704e+00 -8.276777e-04 9.999996e-01 -2.224737e-04 -3.080848e-01 2.062434e-03 2.241799e-04 9.999977e-01 1.599888e+01
9.999704e-01 7.147386e-04 -7.662779e-03 -1.074460e+00 -7.139007e-04 9.999997e-01 1.120831e-04 -3.215210e-01 7.662840e-03 -1.066098e-04 9.999705e-01 1.665272e+01
9.999998e-01 2.108139e-04 -6.261498e-04 -1.033450e+00 -2.107973e-04 1.000000e+00 2.671282e-05 -3.327730e-01 6.261366e-04 -2.658126e-05 9.999997e-01 1.708232e+01
9.999896e-01 8.347662e-04 -4.490363e-03 -1.051816e+00 -8.369539e-04 9.999995e-01 -4.853200e-04 -3.449153e-01 4.489937e-03 4.890727e-04 9.999897e-01 1.765730e+01
9.999999e-01 3.827246e-04 1.991699e-04 -1.123498e+00 -3.827408e-04 9.999999e-01 8.088767e-05 -3.586525e-01 -1.991587e-04 -8.096444e-05 9.999999e-01 1.834592e+01
9.999923e-01 5.080183e-04 -3.891421e-03 -1.150978e+00 -5.087502e-04 9.999999e-01 -1.870642e-04 -3.688610e-01 3.891305e-03 1.890420e-04 9.999923e-01 1.882602e+01
9.999989e-01 4.297810e-04 1.429110e-03 -1.215455e+00 -4.295660e-04 9.999999e-01 -1.507470e-04 -3.803294e-01 -1.429195e-03 1.501323e-04 9.999989e-01 1.940476e+01
9.999789e-01 9.669833e-04 -6.427602e-03 -1.290895e+00 -9.687293e-04 9.999995e-01 -2.685294e-04 -3.941194e-01 6.427319e-03 2.747496e-04 9.999792e-01 2.014253e+01
9.999877e-01 1.149547e-03 -4.818527e-03 -1.351593e+00 -1.150334e-03 9.999993e-01 -1.605652e-04 -4.112739e-01 4.818317e-03 1.661054e-04 9.999883e-01 2.106519e+01
9.995687e-01 2.923814e-03 -2.922096e-02 -1.294990e+00 -2.924109e-03 9.999957e-01 3.261415e-05 -4.357839e-01 2.922091e-02 5.284438e-05 9.995729e-01 2.238842e+01
9.999969e-01 9.128915e-04 -2.321554e-03 -1.245296e+00 -9.132531e-04 9.999996e-01 -1.546280e-04 -4.595631e-01 2.321384e-03 1.567468e-04 9.999972e-01 2.366175e+01
9.997034e-01 2.684325e-03 -2.420672e-02 -1.245576e+00 -2.689721e-03 9.999964e-01 -1.903363e-04 -4.829801e-01 2.420609e-02 2.553882e-04 9.997069e-01 2.493377e+01
9.998832e-01 1.688515e-03 -1.519204e-02 -1.145470e+00 -1.685345e-03 9.999986e-01 2.215197e-04 -5.082319e-01 1.519236e-02 -1.958911e-04 9.998845e-01 2.629382e+01
9.998685e-01 1.866424e-03 -1.610847e-02 -1.070091e+00 -1.870551e-03 9.999982e-01 -2.411204e-04 -5.289414e-01 1.610795e-02 2.712193e-04 9.998701e-01 2.742876e+01
9.994158e-01 3.199309e-03 -3.402732e-02 -8.943099e-01 -3.182588e-03 9.999948e-01 5.455784e-04 -5.569081e-01 3.402884e-02 -4.369660e-04 9.994207e-01 2.890758e+01
9.999139e-01 1.772468e-03 -1.299906e-02 -7.510164e-01 -1.777316e-03 9.999984e-01 -3.613997e-04 -5.849981e-01 1.299835e-02 3.844708e-04 9.999153e-01 3.039798e+01
9.996774e-01 2.657674e-03 -2.525912e-02 -6.750814e-01 -2.651648e-03 9.999964e-01 2.720706e-04 -6.110883e-01 2.525971e-02 -2.050059e-04 9.996808e-01 3.180801e+01
9.999671e-01 1.449517e-03 -7.977056e-03 -6.292165e-01 -1.453186e-03 9.999988e-01 -4.541192e-04 -6.363347e-01 7.976336e-03 4.656949e-04 9.999680e-01 3.316867e+01
9.997320e-01 2.126144e-03 -2.305317e-02 -5.532421e-01 -2.115365e-03 9.999976e-01 4.919894e-04 -6.592941e-01 2.305410e-02 -4.430933e-04 9.997340e-01 3.433672e+01
9.999930e-01 9.921385e-04 -3.614619e-03 -4.892344e-01 -9.938424e-04 9.999994e-01 -4.695042e-04 -6.796931e-01 3.614093e-03 4.730915e-04 9.999933e-01 3.538343e+01
9.998676e-01 1.896305e-03 -1.616147e-02 -5.058167e-01 -1.894365e-03 9.999982e-01 1.354013e-04 -7.002954e-01 1.616164e-02 -1.047694e-04 9.998693e-01 3.647446e+01
9.999828e-01 -4.415457e-05 5.864301e-03 -5.453856e-01 4.653903e-05 9.999999e-01 -4.065710e-04 -7.163813e-01 -5.864343e-03 4.068351e-04 9.999826e-01 3.727754e+01
9.999591e-01 7.301829e-04 -9.012579e-03 -5.628818e-01 -7.276045e-04 9.999997e-01 2.894256e-04 -7.272467e-01 9.012728e-03 -2.828580e-04 9.999593e-01 3.773218e+01
9.999796e-01 -1.190911e-04 6.379646e-03 -5.809496e-01 1.215989e-04 9.999999e-01 -3.928055e-04 -7.378428e-01 -6.379659e-03 3.935714e-04 9.999795e-01 3.816266e+01
9.999012e-01 1.360725e-03 -1.398840e-02 -5.905736e-01 -1.361114e-03 9.999991e-01 -1.825632e-05 -7.503125e-01 1.398830e-02 3.729231e-05 9.999021e-01 3.877174e+01
9.999948e-01 8.472286e-05 3.212373e-03 -5.699676e-01 -8.489271e-05 1.000000e+00 5.252733e-05 -7.642047e-01 -3.212430e-03 -5.280177e-05 9.999947e-01 3.936499e+01
9.997409e-01 1.890353e-03 -2.268423e-02 -4.875607e-01 -1.897949e-03 9.999981e-01 -3.133218e-04 -7.782779e-01 2.268353e-02 3.562920e-04 9.997425e-01 4.006880e+01
9.996921e-01 2.739374e-03 -2.466295e-02 -2.984131e-01 -2.722213e-03 9.999960e-01 7.293944e-04 -8.047435e-01 2.466478e-02 -6.620343e-04 9.996955e-01 4.143128e+01
9.990677e-01 2.878684e-03 -4.307408e-02 7.948349e-02 -2.860305e-03 9.999958e-01 4.883268e-04 -8.343818e-01 4.307523e-02 -3.646689e-04 9.990717e-01 4.286625e+01
9.984521e-01 3.854543e-03 -5.548475e-02 7.801586e-01 -3.733924e-03 9.999904e-01 2.277442e-03 -8.670538e-01 5.549292e-02 -2.066743e-03 9.984569e-01 4.428713e+01
9.974826e-01 4.480952e-03 -7.076911e-02 1.718051e+00 -4.391186e-03 9.999893e-01 1.423980e-03 -9.048745e-01 7.077465e-02 -1.109637e-03 9.974916e-01 4.589288e+01
9.978008e-01 4.687941e-03 -6.611692e-02 2.707003e+00 -4.535479e-03 9.999867e-01 2.455870e-03 -9.469403e-01 6.612746e-02 -2.150600e-03 9.978088e-01 4.771643e+01
9.967826e-01 5.006381e-03 -7.999627e-02 3.793463e+00 -4.874550e-03 9.999864e-01 1.843186e-03 -9.900861e-01 8.000431e-02 -1.447313e-03 9.967934e-01 4.954235e+01
9.972192e-01 4.896348e-03 -7.436251e-02 4.992214e+00 -4.680958e-03 9.999843e-01 3.070523e-03 -1.033201e+00 7.437628e-02 -2.713900e-03 9.972265e-01 5.130073e+01
9.961207e-01 5.490364e-03 -8.782591e-02 6.279567e+00 -5.310236e-03 9.999833e-01 2.284502e-03 -1.077249e+00 8.783689e-02 -1.809266e-03 9.961332e-01 5.305866e+01
9.970435e-01 4.902365e-03 -7.668201e-02 7.592323e+00 -4.669442e-03 9.999839e-01 3.216558e-03 -1.121619e+00 7.669645e-02 -2.848989e-03 9.970504e-01 5.481757e+01
9.962084e-01 5.449304e-03 -8.682739e-02 8.913476e+00 -5.260234e-03 9.999833e-01 2.406234e-03 -1.165040e+00 8.683895e-02 -1.940382e-03 9.962204e-01 5.650689e+01
9.965390e-01 5.091745e-03 -8.296951e-02 1.030075e+01 -4.814205e-03 9.999821e-01 3.544861e-03 -1.209452e+00 8.298599e-02 -3.133163e-03 9.965458e-01 5.821962e+01
9.960745e-01 5.638491e-03 -8.833865e-02 1.170771e+01 -5.439714e-03 9.999821e-01 2.490811e-03 -1.254498e+00 8.835104e-02 -2.000499e-03 9.960874e-01 5.994888e+01
9.966158e-01 4.874908e-03 -8.205544e-02 1.312083e+01 -4.603981e-03 9.999833e-01 3.490718e-03 -1.299729e+00 8.207102e-02 -3.101125e-03 9.966216e-01 6.165864e+01
9.962997e-01 5.642294e-03 -8.576103e-02 1.449951e+01 -5.458299e-03 9.999823e-01 2.379860e-03 -1.344354e+00 8.577289e-02 -1.902947e-03 9.963129e-01 6.337073e+01
9.973693e-01 4.302992e-03 -7.235865e-02 1.578753e+01 -4.100507e-03 9.999873e-01 2.946777e-03 -1.387530e+00 7.237037e-02 -2.642319e-03 9.973743e-01 6.503333e+01
9.973203e-01 5.004591e-03 -7.298578e-02 1.695011e+01 -4.880706e-03 9.999863e-01 1.875763e-03 -1.427670e+00 7.299415e-02 -1.514516e-03 9.973312e-01 6.661139e+01
9.974944e-01 4.102388e-03 -7.062475e-02 1.809289e+01 -3.909563e-03 9.999882e-01 2.868436e-03 -1.466971e+00 7.063568e-02 -2.585138e-03 9.974988e-01 6.815746e+01
9.971183e-01 5.217581e-03 -7.568082e-02 1.926176e+01 -5.071817e-03 9.999849e-01 2.118253e-03 -1.506107e+00 7.569073e-02 -1.728309e-03 9.971298e-01 6.971027e+01
9.998017e-01 9.054673e-04 -1.989047e-02 2.008149e+01 -8.827531e-04 9.999989e-01 1.151288e-03 -1.535700e+00 1.989151e-02 -1.133501e-03 9.998015e-01 7.071435e+01
9.999691e-01 9.452626e-04 -7.788162e-03 2.029754e+01 -9.461300e-04 9.999995e-01 -1.062010e-04 -1.547041e+00 7.788078e-03 1.135675e-04 9.999697e-01 7.113405e+01
9.998090e-01 8.506771e-04 -1.952129e-02 2.054157e+01 -8.288753e-04 9.999990e-01 1.125490e-03 -1.559080e+00 1.952226e-02 -1.109093e-03 9.998088e-01 7.151818e+01
9.999124e-01 6.524490e-05 1.322815e-02 2.056184e+01 -5.229694e-05 9.999995e-01 -9.800558e-04 -1.568043e+00 -1.322818e-02 9.792797e-04 9.999120e-01 7.189197e+01
9.998443e-01 6.862470e-04 -1.762633e-02 2.056996e+01 -6.676428e-04 9.999992e-01 1.062019e-03 -1.576576e+00 1.762706e-02 -1.050085e-03 9.998441e-01 7.224286e+01
9.998887e-01 -1.682487e-05 1.491129e-02 2.055774e+01 3.268700e-05 9.999994e-01 -1.064325e-03 -1.585005e+00 -1.491124e-02 1.064695e-03 9.998883e-01 7.261132e+01
9.998701e-01 2.072374e-04 -1.610894e-02 2.055856e+01 -1.888983e-04 9.999993e-01 1.140697e-03 -1.588863e+00 1.610919e-02 -1.137504e-03 9.998696e-01 7.267936e+01
9.998787e-01 -4.093002e-04 1.556651e-02 2.043970e+01 4.479064e-04 9.999968e-01 -2.477440e-03 -1.577141e+00 -1.556542e-02 2.484113e-03 9.998758e-01 7.215752e+01
9.998569e-01 6.223978e-04 -1.689917e-02 2.043591e+01 -5.960275e-04 9.999986e-01 1.566146e-03 -1.577711e+00 1.690014e-02 -1.555848e-03 9.998560e-01 7.213776e+01
9.998899e-01 -6.164730e-04 1.481960e-02 2.037750e+01 6.484693e-04 9.999975e-01 -2.155152e-03 -1.573355e+00 -1.481821e-02 2.164526e-03 9.998879e-01 7.183902e+01
9.999167e-01 1.106640e-04 -1.289863e-02 2.008654e+01 -1.252556e-04 9.999994e-01 -1.129524e-03 -1.546517e+00 1.289852e-02 1.131048e-03 9.999162e-01 7.081597e+01
9.999107e-01 -6.443874e-04 1.334236e-02 1.981558e+01 6.675039e-04 9.999983e-01 -1.729061e-03 -1.520872e+00 -1.334120e-02 1.737814e-03 9.999095e-01 6.978505e+01
9.999382e-01 -1.035269e-04 -1.110596e-02 1.943093e+01 7.577756e-05 9.999969e-01 -2.497944e-03 -1.485134e+00 1.110621e-02 2.496949e-03 9.999352e-01 6.841957e+01
9.999145e-01 -4.833617e-04 1.306136e-02 1.909743e+01 4.992341e-04 9.999991e-01 -1.212869e-03 -1.454196e+00 -1.306074e-02 1.219288e-03 9.999140e-01 6.723340e+01
9.999312e-01 -2.028781e-04 -1.172121e-02 1.876841e+01 1.748235e-04 9.999971e-01 -2.393492e-03 -1.423139e+00 1.172169e-02 2.391280e-03 9.999284e-01 6.601550e+01
9.999096e-01 -3.704921e-04 1.343575e-02 1.845768e+01 3.857546e-04 9.999993e-01 -1.134235e-03 -1.393926e+00 -1.343530e-02 1.139317e-03 9.999091e-01 6.488556e+01
9.999227e-01 -1.819452e-04 -1.242404e-02 1.818927e+01 1.588008e-04 9.999983e-01 -1.862920e-03 -1.368436e+00 1.242439e-02 1.860804e-03 9.999211e-01 6.387739e+01
9.999091e-01 -1.329299e-04 1.347319e-02 1.799758e+01 1.389238e-04 9.999999e-01 -4.447714e-04 -1.350407e+00 -1.347311e-02 4.466042e-04 9.999091e-01 6.316484e+01
9.998984e-01 -4.263223e-05 -1.425011e-02 1.791133e+01 3.507729e-05 9.999999e-01 -5.296339e-04 -1.341787e+00 1.425015e-02 5.290815e-04 9.998983e-01 6.275629e+01
9.998977e-01 -2.361130e-04 1.429507e-02 1.775533e+01 2.536183e-04 9.999992e-01 -1.223547e-03 -1.326853e+00 -1.429475e-02 1.227049e-03 9.998971e-01 6.213376e+01
9.999043e-01 -1.876547e-06 -1.382426e-02 1.760800e+01 -5.062477e-06 9.999999e-01 -5.011100e-04 -1.313093e+00 1.382429e-02 5.011334e-04 9.999043e-01 6.157228e+01
9.999109e-01 -1.551002e-04 1.333708e-02 1.751346e+01 1.629026e-04 9.999998e-01 -5.847554e-04 -1.303914e+00 -1.333697e-02 5.868774e-04 9.999109e-01 6.115522e+01
9.999091e-01 -9.455378e-05 -1.347904e-02 1.737874e+01 8.218668e-05 9.999996e-01 -9.172412e-04 -1.291088e+00 1.347914e-02 9.160513e-04 9.999087e-01 6.060852e+01
9.999073e-01 -1.015385e-04 1.360670e-02 1.724985e+01 1.095468e-04 9.999998e-01 -5.886121e-04 -1.278906e+00 -1.360661e-02 5.900496e-04 9.999073e-01 6.009572e+01
9.999011e-01 1.817382e-05 -1.405354e-02 1.719028e+01 -2.178338e-05 1.000000e+00 -2.559124e-04 -1.272865e+00 1.405356e-02 2.561945e-04 9.999012e-01 5.979961e+01
9.999075e-01 -2.901983e-05 1.359056e-02 1.714910e+01 3.131574e-05 1.000000e+00 -1.695233e-04 -1.270296e+00 -1.359053e-02 1.699347e-04 9.999076e-01 5.963537e+01
9.996976e-01 3.570972e-04 -2.458496e-02 1.729656e+01 -3.434220e-04 9.999998e-01 5.609081e-04 -1.271229e+00 2.458518e-02 -5.522943e-04 9.996976e-01 5.951596e+01
9.999225e-01 1.268282e-05 1.243796e-02 1.748306e+01 -1.604890e-05 1.000000e+00 2.696476e-04 -1.273581e+00 -1.243793e-02 -2.698249e-04 9.999226e-01 5.942158e+01
9.999122e-01 3.321122e-05 -1.324349e-02 1.747049e+01 -4.140216e-05 9.999998e-01 -6.173837e-04 -1.272239e+00 1.324350e-02 6.178792e-04 9.999121e-01 5.930402e+01
9.999281e-01 1.922551e-04 1.197923e-02 1.749418e+01 -2.020628e-04 9.999996e-01 8.166029e-04 -1.277722e+00 -1.197904e-02 -8.189633e-04 9.999279e-01 5.946303e+01
9.999013e-01 -7.097892e-05 -1.404376e-02 1.753950e+01 6.366082e-05 9.999999e-01 -5.207529e-04 -1.281607e+00 1.404382e-02 5.198089e-04 9.999012e-01 5.952398e+01
9.999188e-01 1.607040e-04 1.273710e-02 1.756002e+01 -1.671331e-04 9.999999e-01 5.028226e-04 -1.283406e+00 -1.273699e-02 -5.049091e-04 9.999188e-01 5.951345e+01
9.999065e-01 -2.608432e-05 -1.366744e-02 1.757060e+01 1.973933e-05 9.999999e-01 -4.635676e-04 -1.286028e+00 1.366748e-02 4.632559e-04 9.999065e-01 5.954117e+01
9.999277e-01 1.548823e-04 1.201213e-02 1.760429e+01 -1.609663e-04 9.999999e-01 5.046086e-04 -1.288853e+00 -1.201203e-02 -5.065042e-04 9.999277e-01 5.956788e+01
9.998947e-01 1.693595e-04 -1.450217e-02 1.764033e+01 -1.736842e-04 9.999999e-01 -2.961850e-04 -1.294802e+00 1.450215e-02 2.986741e-04 9.998948e-01 5.974485e+01
9.999197e-01 -9.744920e-05 1.266489e-02 1.765867e+01 9.414075e-05 1.000000e+00 2.609508e-04 -1.295929e+00 -1.266488e-02 -2.597360e-04 9.999198e-01 5.968891e+01
9.999091e-01 -4.204908e-05 -1.347804e-02 1.759789e+01 2.682116e-05 9.999994e-01 -1.129188e-03 -1.289067e+00 1.347811e-02 1.128725e-03 9.999085e-01 5.935117e+01
9.999219e-01 1.005315e-04 1.248907e-02 1.758792e+01 -1.082800e-04 9.999998e-01 6.188661e-04 -1.287747e+00 -1.248898e-02 -6.201686e-04 9.999218e-01 5.923047e+01
9.999037e-01 2.514715e-04 -1.386825e-02 1.759722e+01 -2.600081e-04 9.999998e-01 -6.129484e-04 -1.294269e+00 1.386812e-02 6.164968e-04 9.999036e-01 5.946743e+01
9.999381e-01 4.386238e-04 1.111138e-02 1.757941e+01 -4.449141e-04 9.999997e-01 5.626385e-04 -1.302963e+00 -1.111110e-02 -5.675457e-04 9.999381e-01 5.985869e+01
9.998938e-01 3.742702e-04 -1.456241e-02 1.755443e+01 -3.840495e-04 9.999997e-01 -6.679841e-04 -1.312596e+00 1.456218e-02 6.735074e-04 9.998937e-01 6.030146e+01
9.999460e-01 5.033697e-04 1.037002e-02 1.753586e+01 -5.096229e-04 9.999997e-01 5.992808e-04 -1.322277e+00 -1.036969e-02 -6.045316e-04 9.999460e-01 6.074672e+01
9.998930e-01 3.336776e-04 -1.461710e-02 1.752565e+01 -3.429172e-04 9.999997e-01 -6.288237e-04 -1.331482e+00 1.461691e-02 6.337705e-04 9.998930e-01 6.115887e+01
9.999436e-01 4.932658e-04 1.059957e-02 1.751213e+01 -4.995731e-04 9.999997e-01 5.913257e-04 -1.340646e+00 -1.059925e-02 -5.965859e-04 9.999436e-01 6.157442e+01
9.999016e-01 2.729259e-04 -1.401967e-02 1.749385e+01 -2.821469e-04 9.999997e-01 -6.549183e-04 -1.349727e+00 1.401952e-02 6.588112e-04 9.999015e-01 6.198343e+01
9.999410e-01 4.262653e-04 1.084827e-02 1.748066e+01 -4.332483e-04 9.999997e-01 6.402869e-04 -1.358356e+00 -1.084796e-02 -6.449473e-04 9.999409e-01 6.236145e+01
9.998907e-01 2.055740e-04 -1.477665e-02 1.749808e+01 -2.128497e-04 9.999999e-01 -4.900105e-04 -1.366192e+00 1.477657e-02 4.931039e-04 9.998907e-01 6.265479e+01
9.999392e-01 3.568030e-04 1.101517e-02 1.752154e+01 -3.640263e-04 9.999997e-01 6.527058e-04 -1.373679e+00 -1.101490e-02 -6.566741e-04 9.999391e-01 6.292801e+01
9.998967e-01 2.400200e-04 -1.436310e-02 1.752937e+01 -2.478868e-04 9.999998e-01 -5.451059e-04 -1.381305e+00 1.436300e-02 5.486119e-04 9.998967e-01 6.322524e+01
9.999393e-01 2.929398e-04 1.100620e-02 1.754809e+01 -3.009236e-04 9.999997e-01 7.226688e-04 -1.388294e+00 -1.100596e-02 -7.259350e-04 9.999392e-01 6.347909e+01
9.999086e-01 1.258985e-04 -1.351352e-02 1.756663e+01 -1.331594e-04 9.999998e-01 -5.355264e-04 -1.394759e+00 1.351348e-02 5.372788e-04 9.999085e-01 6.370159e+01
9.999392e-01 3.246228e-04 1.101206e-02 1.757897e+01 -3.322162e-04 9.999997e-01 6.866549e-04 -1.401496e+00 -1.101180e-02 -6.902696e-04 9.999391e-01 6.394807e+01
9.999155e-01 7.312374e-05 -1.298889e-02 1.758924e+01 -8.034390e-05 9.999998e-01 -5.544279e-04 -1.408208e+00 1.298888e-02 5.554266e-04 9.999155e-01 6.418914e+01
9.999386e-01 3.114155e-04 1.106664e-02 1.759952e+01 -3.191662e-04 9.999997e-01 6.975228e-04 -1.414958e+00 -1.106639e-02 -7.010101e-04 9.999385e-01 6.442910e+01
9.999068e-01 1.874043e-04 -1.364526e-02 1.760703e+01 -1.955341e-04 9.999998e-01 -5.935735e-04 -1.422173e+00 1.364518e-02 5.961883e-04 9.999067e-01 6.470789e+01
9.999309e-01 3.028542e-04 1.174062e-02 1.759832e+01 -3.102559e-04 9.999998e-01 6.275875e-04 -1.429711e+00 -1.174040e-02 -6.311847e-04 9.999309e-01 6.501616e+01
9.999160e-01 9.389896e-05 -1.295079e-02 1.758867e+01 -1.019159e-04 9.999998e-01 -6.174346e-04 -1.436928e+00 1.295076e-02 6.187047e-04 9.999159e-01 6.530204e+01
9.999339e-01 5.387345e-04 1.148089e-02 1.754972e+01 -5.439192e-04 9.999998e-01 4.474173e-04 -1.445787e+00 -1.148061e-02 -4.536303e-04 9.999340e-01 6.572038e+01
9.998908e-01 4.578681e-04 -1.476401e-02 1.749405e+01 -4.688371e-04 9.999996e-01 -7.386689e-04 -1.457038e+00 1.476370e-02 7.455123e-04 9.998907e-01 6.628897e+01
9.999321e-01 -2.702017e-05 1.164504e-02 1.750978e+01 1.727054e-05 9.999996e-01 8.362777e-04 -1.466031e+00 -1.164503e-02 -8.360177e-04 9.999318e-01 6.659411e+01
9.998687e-01 3.657372e-04 -1.619213e-02 1.755228e+01 -3.840820e-04 9.999993e-01 -1.129090e-03 -1.471997e+00 1.619174e-02 1.135163e-03 9.998683e-01 6.681041e+01
9.999593e-01 6.736640e-04 8.988286e-03 1.756631e+01 -6.846801e-04 9.999990e-01 1.221208e-03 -1.482721e+00 -8.987420e-03 -1.227310e-03 9.999589e-01 6.725873e+01
9.999179e-01 -1.372409e-04 -1.280207e-02 1.759057e+01 1.230918e-04 9.999994e-01 -1.105025e-03 -1.490446e+00 1.280225e-02 1.103361e-03 9.999174e-01 6.754131e+01
9.999416e-01 6.536834e-04 1.077712e-02 1.758139e+01 -6.656357e-04 9.999992e-01 1.104327e-03 -1.498414e+00 -1.077635e-02 -1.111434e-03 9.999413e-01 6.787063e+01
9.999242e-01 -3.755868e-05 -1.230802e-02 1.754617e+01 2.214525e-05 9.999992e-01 -1.251414e-03 -1.507588e+00 1.230810e-02 1.251049e-03 9.999235e-01 6.829074e+01
9.999382e-01 6.484903e-04 1.109411e-02 1.750680e+01 -6.601001e-04 9.999992e-01 1.041711e-03 -1.517010e+00 -1.109339e-02 -1.048967e-03 9.999379e-01 6.872454e+01
9.999156e-01 1.049943e-04 -1.298278e-02 1.745740e+01 -1.215404e-04 9.999992e-01 -1.272700e-03 -1.527362e+00 1.298267e-02 1.274173e-03 9.999149e-01 6.922063e+01
9.999401e-01 6.049608e-04 1.091719e-02 1.741949e+01 -6.173132e-04 9.999992e-01 1.126962e-03 -1.537205e+00 -1.091647e-02 -1.133631e-03 9.999398e-01 6.967753e+01
9.999061e-01 1.747440e-04 -1.369272e-02 1.738628e+01 -1.922338e-04 9.999992e-01 -1.275063e-03 -1.546995e+00 1.369253e-02 1.277578e-03 9.999054e-01 7.013894e+01
9.999370e-01 6.421742e-04 1.120095e-02 1.734046e+01 -6.541046e-04 9.999992e-01 1.060348e-03 -1.557228e+00 -1.120022e-02 -1.067606e-03 9.999367e-01 7.063796e+01
9.999134e-01 1.472513e-04 -1.315312e-02 1.728558e+01 -1.647767e-04 9.999991e-01 -1.330352e-03 -1.567710e+00 1.315295e-02 1.332407e-03 9.999126e-01 7.115160e+01
9.999381e-01 6.904773e-04 1.109803e-02 1.722655e+01 -7.021247e-04 9.999992e-01 1.044464e-03 -1.578603e+00 -1.109727e-02 -1.052190e-03 9.999379e-01 7.169185e+01
9.999187e-01 2.488436e-05 -1.274157e-02 1.717666e+01 -4.123288e-05 9.999992e-01 -1.281790e-03 -1.588796e+00 1.274157e-02 1.282214e-03 9.999180e-01 7.217802e+01
9.999419e-01 7.037447e-04 1.074475e-02 1.713715e+01 -7.155041e-04 9.999992e-01 1.089401e-03 -1.598814e+00 -1.074393e-02 -1.097023e-03 9.999417e-01 7.264782e+01
9.999125e-01 1.276432e-04 -1.321889e-02 1.708881e+01 -1.452765e-04 9.999991e-01 -1.331992e-03 -1.609467e+00 1.321874e-02 1.333798e-03 9.999117e-01 7.316466e+01
9.999436e-01 8.005619e-04 1.057858e-02 1.702993e+01 -8.115373e-04 9.999991e-01 1.032006e-03 -1.620735e+00 -1.057771e-02 -1.040530e-03 9.999435e-01 7.373231e+01
9.999198e-01 -4.591452e-05 -1.265889e-02 1.698418e+01 3.022588e-05 9.999992e-01 -1.238463e-03 -1.630987e+00 1.265898e-02 1.237983e-03 9.999191e-01 7.421676e+01
9.999345e-01 1.625840e-04 1.143512e-02 1.696666e+01 -1.758653e-04 9.999993e-01 1.159283e-03 -1.632438e+00 -1.143489e-02 -1.161215e-03 9.999339e-01 7.417601e+01
9.999364e-01 -5.261463e-04 -1.126018e-02 1.679609e+01 4.916986e-04 9.999952e-01 -3.060608e-03 -1.616132e+00 1.126177e-02 3.054879e-03 9.999319e-01 7.350622e+01
9.999316e-01 2.141039e-04 1.168480e-02 1.662882e+01 -2.274921e-04 9.999993e-01 1.143327e-03 -1.600285e+00 -1.168450e-02 -1.145904e-03 9.999311e-01 7.286344e+01
9.999284e-01 -5.265442e-04 -1.195088e-02 1.649094e+01 4.943354e-04 9.999962e-01 -2.696774e-03 -1.586832e+00 1.195229e-02 2.690675e-03 9.999249e-01 7.228600e+01
9.999289e-01 2.467058e-04 1.191324e-02 1.635722e+01 -2.597166e-04 9.999994e-01 1.089493e-03 -1.573658e+00 -1.191292e-02 -1.092507e-03 9.999284e-01 7.172492e+01
9.999102e-01 -3.402007e-04 -1.339262e-02 1.634825e+01 3.178913e-04 9.999986e-01 -1.666906e-03 -1.570192e+00 1.339321e-02 1.662501e-03 9.999089e-01 7.149310e+01
9.999312e-01 1.892949e-04 1.171934e-02 1.631562e+01 -2.007213e-04 9.999995e-01 9.727113e-04 -1.564545e+00 -1.171911e-02 -9.749941e-04 9.999308e-01 7.116634e+01
9.999202e-01 -5.144468e-04 -1.261708e-02 1.620020e+01 4.840475e-04 9.999970e-01 -2.411268e-03 -1.551939e+00 1.261832e-02 2.404971e-03 9.999175e-01 7.059262e+01
9.999133e-01 1.645342e-04 1.315934e-02 1.601433e+01 -1.681406e-04 9.999999e-01 2.719656e-04 -1.534274e+00 -1.315925e-02 -2.741520e-04 9.999134e-01 6.987959e+01
9.999149e-01 -6.469633e-04 -1.302579e-02 1.579886e+01 6.131742e-04 9.999964e-01 -2.596846e-03 -1.513571e+00 1.302746e-02 2.588641e-03 9.999118e-01 6.903169e+01
9.999030e-01 1.930919e-04 1.391750e-02 1.556095e+01 -1.920703e-04 1.000000e+00 -7.566000e-05 -1.491111e+00 -1.391748e-02 7.298216e-05 9.999031e-01 6.814129e+01
9.999115e-01 -7.750126e-04 -1.327059e-02 1.529496e+01 7.376471e-04 9.999958e-01 -2.819358e-03 -1.465770e+00 1.327276e-02 2.809322e-03 9.999080e-01 6.712837e+01
9.998928e-01 -6.693565e-06 1.463369e-02 1.491984e+01 2.614610e-05 9.999991e-01 -1.329966e-03 -1.429600e+00 -1.463363e-02 1.330209e-03 9.998920e-01 6.570220e+01
9.999242e-01 -8.713443e-04 -1.227020e-02 1.451047e+01 8.298949e-04 9.999939e-01 -3.381726e-03 -1.390286e+00 1.227312e-02 3.371289e-03 9.999190e-01 6.418815e+01
9.999007e-01 1.775708e-04 1.408597e-02 1.415182e+01 -1.692215e-04 9.999998e-01 -5.947957e-04 -1.356515e+00 -1.408604e-02 5.923555e-04 9.999006e-01 6.288323e+01
9.999206e-01 -7.905451e-04 -1.256906e-02 1.385945e+01 7.555795e-04 9.999958e-01 -2.785413e-03 -1.328624e+00 1.257124e-02 2.775698e-03 9.999171e-01 6.179212e+01
9.999155e-01 1.644089e-04 1.299322e-02 1.358020e+01 -1.593135e-04 9.999999e-01 -3.941203e-04 -1.301014e+00 -1.299324e-02 3.920195e-04 9.999155e-01 6.066463e+01
9.999331e-01 -9.589957e-04 -1.151762e-02 1.322972e+01 9.169874e-04 9.999929e-01 -3.650999e-03 -1.266920e+00 1.152108e-02 3.640196e-03 9.999270e-01 5.931481e+01
9.999168e-01 3.343783e-04 1.289139e-02 1.292735e+01 -3.356645e-04 9.999999e-01 9.670150e-05 -1.237603e+00 -1.289132e-02 -1.010183e-04 9.999169e-01 5.815490e+01
9.999253e-01 -9.651821e-04 -1.218044e-02 1.265020e+01 9.261521e-04 9.999944e-01 -3.208592e-03 -1.210753e+00 1.218350e-02 3.197073e-03 9.999207e-01 5.707455e+01
9.999094e-01 2.179883e-04 1.345038e-02 1.229305e+01 -2.077588e-04 9.999997e-01 -7.627798e-04 -1.176377e+00 -1.345051e-02 7.599186e-04 9.999092e-01 5.571704e+01
9.999345e-01 -1.070496e-03 -1.138343e-02 1.189247e+01 1.028313e-03 9.999926e-01 -3.709804e-03 -1.138375e+00 1.138736e-02 3.697858e-03 9.999283e-01 5.424923e+01
9.999103e-01 3.603785e-04 1.337818e-02 1.152669e+01 -3.548918e-04 9.999999e-01 -4.133306e-04 -1.103838e+00 -1.337829e-02 4.085480e-04 9.999104e-01 5.291673e+01
9.999288e-01 -1.086134e-03 -1.187386e-02 1.118985e+01 1.046130e-03 9.999938e-01 -3.373827e-03 -1.071700e+00 1.187749e-02 3.361167e-03 9.999238e-01 5.165905e+01
9.999102e-01 4.050719e-04 1.339139e-02 1.085248e+01 -3.989846e-04 9.999998e-01 -4.580515e-04 -1.039389e+00 -1.339154e-02 4.526696e-04 9.999102e-01 5.039406e+01
9.999301e-01 -1.087754e-03 -1.176185e-02 1.052352e+01 1.049843e-03 9.999942e-01 -3.227932e-03 -1.008341e+00 1.176533e-02 3.215360e-03 9.999256e-01 4.918965e+01
9.999161e-01 5.557643e-04 1.293660e-02 1.024572e+01 -5.573656e-04 9.999998e-01 1.193504e-04 -9.821515e-01 -1.293650e-02 -1.265487e-04 9.999163e-01 4.816359e+01
9.999314e-01 -1.062495e-03 -1.165655e-02 9.987137e+00 1.027109e-03 9.999949e-01 -3.040425e-03 -9.578908e-01 1.165975e-02 3.028246e-03 9.999274e-01 4.722010e+01
9.999229e-01 5.590074e-04 1.239391e-02 9.732255e+00 -5.620839e-04 9.999998e-01 2.438958e-04 -9.337364e-01 -1.239374e-02 -2.508414e-04 9.999232e-01 4.626153e+01
9.999372e-01 -1.212975e-03 -1.113076e-02 9.424098e+00 1.172492e-03 9.999927e-01 -3.641932e-03 -9.045941e-01 1.113514e-02 3.628655e-03 9.999314e-01 4.512041e+01
9.999182e-01 5.383255e-04 1.277357e-02 9.080599e+00 -5.362215e-04 9.999998e-01 -1.689431e-04 -8.721733e-01 -1.277362e-02 1.620818e-04 9.999184e-01 4.386295e+01
9.999384e-01 -1.178536e-03 -1.102873e-02 8.760437e+00 1.140981e-03 9.999935e-01 -3.409992e-03 -8.422084e-01 1.103271e-02 3.397200e-03 9.999334e-01 4.270921e+01
9.999247e-01 5.217065e-04 1.225213e-02 8.431314e+00 -5.195049e-04 9.999998e-01 -1.836882e-04 -8.110995e-01 -1.225219e-02 1.773113e-04 9.999249e-01 4.148880e+01
9.999459e-01 -1.321476e-03 -1.030937e-02 8.051310e+00 1.280049e-03 9.999911e-01 -4.022920e-03 -7.752522e-01 1.031463e-02 4.009508e-03 9.999388e-01 4.010489e+01
9.999255e-01 5.991074e-04 1.218292e-02 7.682030e+00 -5.984871e-04 9.999998e-01 -5.536040e-05 -7.405336e-01 -1.218292e-02 4.806679e-05 9.999258e-01 3.876559e+01
9.999479e-01 -1.232280e-03 -1.012528e-02 7.353200e+00 1.195457e-03 9.999927e-01 -3.641004e-03 -7.099359e-01 1.012972e-02 3.628712e-03 9.999421e-01 3.760022e+01
9.999348e-01 7.738915e-04 1.138067e-02 7.094062e+00 -7.823960e-04 9.999994e-01 7.420090e-04 -6.857964e-01 -1.138006e-02 -7.508632e-04 9.999350e-01 3.666265e+01
9.999452e-01 -1.248472e-03 -1.038773e-02 6.847153e+00 1.212397e-03 9.999932e-01 -3.477533e-03 -6.627235e-01 1.039204e-02 3.464750e-03 9.999400e-01 3.575728e+01
9.999352e-01 8.179828e-04 1.134631e-02 6.606600e+00 -8.270609e-04 9.999993e-01 7.946031e-04 -6.402278e-01 -1.134561e-02 -8.039340e-04 9.999353e-01 3.487258e+01
9.999426e-01 -1.375708e-03 -1.061908e-02 6.337951e+00 1.336732e-03 9.999924e-01 -3.675720e-03 -6.150141e-01 1.062409e-02 3.661316e-03 9.999369e-01 3.386830e+01
9.999243e-01 7.012532e-04 1.228034e-02 5.994583e+00 -6.995830e-04 9.999997e-01 -1.410414e-04 -5.826236e-01 -1.228040e-02 1.324413e-04 9.999246e-01 3.261114e+01
9.999431e-01 -1.372077e-03 -1.057236e-02 5.664963e+00 1.335002e-03 9.999929e-01 -3.512175e-03 -5.517774e-01 1.057714e-02 3.497863e-03 9.999379e-01 3.142047e+01
9.999270e-01 8.841848e-04 1.203927e-02 5.390971e+00 -8.897121e-04 9.999995e-01 4.530224e-04 -5.263574e-01 -1.203883e-02 -4.636992e-04 9.999274e-01 3.043866e+01
9.999372e-01 -1.386089e-03 -1.111524e-02 5.139789e+00 1.350496e-03 9.999939e-01 -3.208208e-03 -5.028649e-01 1.111966e-02 3.192997e-03 9.999331e-01 2.951248e+01
9.999250e-01 8.536976e-04 1.220605e-02 4.861029e+00 -8.556845e-04 9.999996e-01 1.568419e-04 -4.767507e-01 -1.220588e-02 -1.672731e-04 9.999255e-01 2.848812e+01
9.999376e-01 -1.480050e-03 -1.106741e-02 4.567157e+00 1.442319e-03 9.999931e-01 -3.415570e-03 -4.489017e-01 1.107242e-02 3.399396e-03 9.999329e-01 2.739144e+01
9.999201e-01 8.711458e-04 1.259949e-02 4.251857e+00 -8.695001e-04 9.999996e-01 -1.367683e-04 -4.191972e-01 -1.259957e-02 1.258037e-04 9.999206e-01 2.623421e+01
9.999354e-01 -1.502777e-03 -1.125380e-02 3.949801e+00 1.466276e-03 9.999936e-01 -3.250226e-03 -3.906647e-01 1.125865e-02 3.233517e-03 9.999314e-01 2.511664e+01
9.999202e-01 9.150470e-04 1.258950e-02 3.646806e+00 -9.134846e-04 9.999996e-01 -1.305122e-04 -3.621110e-01 -1.258958e-02 1.190030e-04 9.999207e-01 2.400062e+01
9.999363e-01 -1.535260e-03 -1.117763e-02 3.341528e+00 1.499102e-03 9.999936e-01 -3.241804e-03 -3.335051e-01 1.118257e-02 3.224842e-03 9.999323e-01 2.288880e+01
9.999163e-01 9.683209e-04 1.289318e-02 3.026474e+00 -9.651696e-04 9.999995e-01 -2.512577e-04 -3.042357e-01 -1.289338e-02 2.387941e-04 9.999168e-01 2.176382e+01
9.999318e-01 -1.563780e-03 -1.156531e-02 2.726657e+00 1.528974e-03 9.999943e-01 -3.017062e-03 -2.762965e-01 1.156999e-02 2.999175e-03 9.999286e-01 2.067702e+01
9.999129e-01 1.130219e-03 1.314429e-02 2.469210e+00 -1.131129e-03 9.999994e-01 6.119308e-05 -2.524501e-01 -1.314418e-02 -7.605424e-05 9.999136e-01 1.975998e+01
9.999180e-01 -1.586376e-03 -1.270203e-02 2.243719e+00 1.554522e-03 9.999956e-01 -2.516681e-03 -2.311815e-01 1.270600e-02 2.496730e-03 9.999162e-01 1.890238e+01
9.998993e-01 1.056364e-03 1.414339e-02 1.946503e+00 -1.045291e-03 9.999991e-01 -7.907972e-04 -2.034449e-01 -1.414418e-02 7.759351e-04 9.998997e-01 1.782724e+01
9.999169e-01 -1.586439e-03 -1.278770e-02 1.669598e+00 1.557087e-03 9.999961e-01 -2.304367e-03 -1.776115e-01 1.279134e-02 2.284265e-03 9.999156e-01 1.682345e+01
9.999052e-01 1.177064e-03 1.371479e-02 1.440739e+00 -1.173302e-03 9.999993e-01 -2.829139e-04 -1.561824e-01 -1.371508e-02 2.667968e-04 9.999059e-01 1.597693e+01
9.999112e-01 -1.618426e-03 -1.321671e-02 1.226068e+00 1.590746e-03 9.999965e-01 -2.104044e-03 -1.358771e-01 1.322010e-02 2.082834e-03 9.999104e-01 1.515763e+01
9.998977e-01 1.063966e-03 1.425689e-02 9.392752e-01 -1.048462e-03 9.999989e-01 -1.095449e-03 -1.087244e-01 -1.425801e-02 1.080391e-03 9.998978e-01 1.408466e+01
9.999149e-01 -1.763360e-03 -1.291984e-02 6.105451e-01 1.730243e-03 9.999952e-01 -2.573435e-03 -7.747429e-02 1.292435e-02 2.550863e-03 9.999132e-01 1.285748e+01
9.998909e-01 1.125703e-03 1.471902e-02 2.681154e-01 -1.107307e-03 9.999986e-01 -1.258404e-03 -4.541087e-02 -1.472038e-02 1.241970e-03 9.998909e-01 1.161926e+01
9.999156e-01 -1.875254e-03 -1.284488e-02 -9.899251e-02 1.839650e-03 9.999944e-01 -2.782555e-03 -1.101540e-02 1.285006e-02 2.758691e-03 9.999136e-01 1.029447e+01
9.998888e-01 1.174990e-03 1.486051e-02 -4.737367e-01 -1.154830e-03 9.999984e-01 -1.365574e-03 2.403840e-02 -1.486206e-02 1.348262e-03 9.998886e-01 8.949342e+00
9.999156e-01 -1.967876e-03 -1.283090e-02 -8.568737e-01 1.930953e-03 9.999940e-01 -2.888937e-03 6.011507e-02 1.283654e-02 2.863919e-03 9.999135e-01 7.560215e+00
9.998898e-01 1.252872e-03 1.478563e-02 -1.233195e+00 -1.234063e-03 9.999984e-01 -1.281616e-03 9.541231e-02 -1.478718e-02 1.263229e-03 9.998899e-01 6.200784e+00
9.999159e-01 -2.017963e-03 -1.280723e-02 -1.606083e+00 1.981540e-03 9.999940e-01 -2.855500e-03 1.304061e-01 1.281294e-02 2.829883e-03 9.999139e-01 4.852926e+00
9.998913e-01 1.401365e-03 1.467068e-02 -1.940239e+00 -1.388108e-03 9.999986e-01 -9.141851e-04 1.617037e-01 -1.467191e-02 8.937223e-04 9.998920e-01 3.649017e+00
9.999067e-01 -2.032123e-03 -1.350104e-02 -2.243080e+00 1.999567e-03 9.999951e-01 -2.423982e-03 1.902461e-01 1.350593e-02 2.396761e-03 9.999059e-01 2.527436e+00
9.998830e-01 1.388235e-03 1.522415e-02 -2.585321e+00 -1.367162e-03 9.999981e-01 -1.394872e-03 2.223839e-01 -1.522602e-02 1.373896e-03 9.998831e-01 1.283729e+00
9.999036e-01 -2.134181e-03 -1.371477e-02 -2.936305e+00 2.100210e-03 9.999947e-01 -2.490450e-03 2.556605e-01 1.372005e-02 2.461407e-03 9.999028e-01 -1.752532e-02
9.998751e-01 1.433421e-03 1.573189e-02 -3.306220e+00 -1.407017e-03 9.999976e-01 -1.689665e-03 2.905958e-01 -1.573424e-02 1.667321e-03 9.998748e-01 -1.364118e+00
9.998900e-01 -2.295096e-03 -1.464825e-02 -3.675951e+00 2.259531e-03 9.999945e-01 -2.443631e-03 3.267313e-01 1.465381e-02 2.410265e-03 9.998897e-01 -2.807465e+00
9.998551e-01 1.529911e-03 1.695084e-02 -4.065971e+00 -1.493177e-03 9.999965e-01 -2.179879e-03 3.644718e-01 -1.695408e-02 2.154253e-03 9.998539e-01 -4.267413e+00
9.998779e-01 -1.931761e-03 -1.550306e-02 -4.297561e+00 1.923499e-03 9.999980e-01 -5.474681e-04 3.860527e-01 1.550412e-02 5.175819e-04 9.998797e-01 -5.102956e+00
9.998842e-01 1.704922e-03 1.511592e-02 -4.419568e+00 -1.692128e-03 9.999982e-01 -8.594822e-04 3.979605e-01 -1.511733e-02 8.338056e-04 9.998854e-01 -5.623440e+00
9.998861e-01 -2.051826e-03 -1.494712e-02 -4.591187e+00 2.035497e-03 9.999973e-01 -1.107234e-03 4.143812e-01 1.494938e-02 1.076684e-03 9.998877e-01 -6.303128e+00
9.998805e-01 1.668389e-03 1.536071e-02 -4.795140e+00 -1.649785e-03 9.999979e-01 -1.224078e-03 4.338535e-01 -1.536269e-02 1.198591e-03 9.998813e-01 -7.095838e+00
9.998874e-01 -2.149297e-03 -1.484427e-02 -5.025889e+00 2.129597e-03 9.999968e-01 -1.342432e-03 4.557748e-01 1.484714e-02 1.310670e-03 9.998889e-01 -7.980681e+00
9.998749e-01 1.716526e-03 1.571817e-02 -5.265990e+00 -1.695266e-03 9.999976e-01 -1.366133e-03 4.783248e-01 -1.572045e-02 1.339316e-03 9.998755e-01 -8.876498e+00
9.998866e-01 -2.175993e-03 -1.489739e-02 -5.501613e+00 2.157274e-03 9.999969e-01 -1.272132e-03 5.004199e-01 1.490014e-02 1.239851e-03 9.998882e-01 -9.756160e+00
9.998756e-01 1.873976e-03 1.565512e-02 -5.684764e+00 -1.860307e-03 9.999979e-01 -8.879144e-04 5.175829e-01 -1.565672e-02 8.586815e-04 9.998771e-01 -1.044355e+01
9.998675e-01 -2.165449e-03 -1.612853e-02 -5.812192e+00 2.155669e-03 9.999975e-01 -6.234107e-04 5.303995e-01 1.612987e-02 5.885610e-04 9.998697e-01 -1.101067e+01
9.998699e-01 1.911663e-03 1.601296e-02 -5.940541e+00 -1.895724e-03 9.999977e-01 -1.010759e-03 5.433480e-01 -1.601483e-02 9.802726e-04 9.998713e-01 -1.157098e+01
9.998656e-01 -2.249844e-03 -1.623049e-02 -6.094421e+00 2.237524e-03 9.999972e-01 -7.769474e-04 5.584754e-01 1.623222e-02 7.405277e-04 9.998680e-01 -1.221802e+01
9.998617e-01 1.806989e-03 1.652553e-02 -6.318351e+00 -1.778205e-03 9.999969e-01 -1.756583e-03 5.801054e-01 -1.652862e-02 1.726955e-03 9.998619e-01 -1.310650e+01
9.998760e-01 -2.314177e-03 -1.556762e-02 -6.569740e+00 2.297262e-03 9.999968e-01 -1.104020e-03 6.039276e-01 1.557015e-02 1.068121e-03 9.998782e-01 -1.405225e+01
9.998670e-01 1.870742e-03 1.619730e-02 -6.805257e+00 -1.846008e-03 9.999971e-01 -1.542159e-03 6.262721e-01 -1.620010e-02 1.512054e-03 9.998676e-01 -1.495092e+01
9.998843e-01 -2.449968e-03 -1.500841e-02 -7.089134e+00 2.425561e-03 9.999957e-01 -1.643899e-03 6.530335e-01 1.501241e-02 1.607306e-03 9.998860e-01 -1.600446e+01
9.998681e-01 1.952394e-03 1.611893e-02 -7.357872e+00 -1.930207e-03 9.999972e-01 -1.392154e-03 6.783386e-01 -1.612157e-02 1.360858e-03 9.998691e-01 -1.700205e+01
9.998819e-01 -2.483617e-03 -1.515783e-02 -7.617595e+00 2.460807e-03 9.999958e-01 -1.523006e-03 7.028606e-01 1.516158e-02 1.485526e-03 9.998840e-01 -1.797500e+01
9.998651e-01 1.944532e-03 1.630119e-02 -7.906136e+00 -1.917237e-03 9.999967e-01 -1.690106e-03 7.300161e-01 -1.630439e-02 1.658626e-03 9.998657e-01 -1.904378e+01
9.998824e-01 -2.211604e-03 -1.517209e-02 -8.074961e+00 2.203771e-03 9.999974e-01 -5.327323e-04 7.461697e-01 1.517325e-02 4.992344e-04 9.998848e-01 -1.967968e+01
9.998916e-01 2.077068e-03 1.457220e-02 -8.164378e+00 -2.069921e-03 9.999977e-01 -5.057903e-04 7.545036e-01 -1.457319e-02 4.755728e-04 9.998937e-01 -2.007534e+01
9.998942e-01 -2.346300e-03 -1.434840e-02 -8.319934e+00 2.328273e-03 9.999965e-01 -1.272616e-03 7.690991e-01 1.435137e-02 1.239075e-03 9.998962e-01 -2.067780e+01
9.998925e-01 2.147584e-03 1.449515e-02 -8.454929e+00 -2.143661e-03 9.999977e-01 -2.864727e-04 7.816545e-01 -1.449570e-02 2.553699e-04 9.998949e-01 -2.120326e+01
9.998931e-01 -2.417301e-03 -1.441499e-02 -8.603882e+00 2.397538e-03 9.999962e-01 -1.387872e-03 7.956202e-01 1.441832e-02 1.353163e-03 9.998951e-01 -2.178558e+01
9.998905e-01 2.061288e-03 1.464432e-02 -8.797588e+00 -2.050683e-03 9.999976e-01 -7.393974e-04 8.138607e-01 -1.464578e-02 7.092863e-04 9.998925e-01 -2.253251e+01
9.999005e-01 -2.364056e-03 -1.389972e-02 -8.968334e+00 2.346285e-03 9.999964e-01 -1.294379e-03 8.298835e-01 1.390276e-02 1.261638e-03 9.999026e-01 -2.317253e+01
9.999057e-01 2.158522e-03 1.355218e-02 -9.083137e+00 -2.158367e-03 9.999977e-01 -2.636138e-05 8.409170e-01 -1.355217e-02 -2.891081e-06 9.999082e-01 -2.365681e+01
9.999049e-01 -2.430138e-03 -1.356428e-02 -9.223491e+00 2.408718e-03 9.999958e-01 -1.595050e-03 8.542708e-01 1.356813e-02 1.562226e-03 9.999067e-01 -2.422132e+01
9.999052e-01 2.151991e-03 1.359485e-02 -9.373721e+00 -2.150365e-03 9.999977e-01 -1.344662e-04 8.685935e-01 -1.359508e-02 1.052201e-04 9.999076e-01 -2.482167e+01
9.999054e-01 -2.448500e-03 -1.352830e-02 -9.522294e+00 2.427375e-03 9.999958e-01 -1.577482e-03 8.827462e-01 1.353213e-02 1.544495e-03 9.999072e-01 -2.541354e+01
9.999072e-01 2.065117e-03 1.345578e-02 -9.707217e+00 -2.058815e-03 9.999978e-01 -4.824357e-04 9.006746e-01 -1.345671e-02 4.546886e-04 9.999093e-01 -2.616204e+01
9.999165e-01 -2.444523e-03 -1.268001e-02 -9.900850e+00 2.421836e-03 9.999954e-01 -1.803984e-03 9.190347e-01 1.268439e-02 1.773125e-03 9.999180e-01 -2.689529e+01
9.999205e-01 2.165123e-03 1.241210e-02 -1.003924e+01 -2.168162e-03 9.999976e-01 2.311485e-04 9.324126e-01 -1.241154e-02 -2.580411e-04 9.999229e-01 -2.746922e+01
9.999218e-01 -2.653077e-03 -1.221646e-02 -1.025924e+01 2.621010e-03 9.999931e-01 -2.639918e-03 9.534943e-01 1.222341e-02 2.607692e-03 9.999219e-01 -2.833084e+01
9.999067e-01 2.128879e-03 1.348726e-02 -1.053797e+01 -2.122164e-03 9.999976e-01 -5.124490e-04 9.797309e-01 -1.348829e-02 4.837795e-04 9.999089e-01 -2.935558e+01
