9.999999e-01 1.905321e-04 -2.583377e-04 -6.113476e-02 -1.908236e-04 9.999993e-01 -1.128944e-03 -2.629362e-02 2.581225e-04 1.128994e-03 9.999992e-01 1.297964e+00
9.999999e-01 1.002949e-04 -3.380910e-04 -1.137221e-01 -1.002856e-04 1.000000e+00 2.739891e-05 -5.194270e-02 3.380937e-04 -2.736475e-05 9.999998e-01 2.562570e+00
9.999999e-01 1.940902e-04 -2.892498e-04 -1.631822e-01 -1.944012e-04 9.999994e-01 -1.075331e-03 -7.669306e-02 2.890408e-04 1.075388e-03 9.999993e-01 3.751023e+00
9.999947e-01 2.888466e-04 -3.255026e-03 -2.180096e-01 -2.884724e-04 1.000000e+00 1.154411e-04 -1.006541e-01 3.255058e-03 -1.145015e-04 9.999946e-01 4.898631e+00
9.999835e-01 4.463582e-04 -5.722985e-03 -2.796145e-01 -4.513748e-04 9.999995e-01 -8.753210e-04 -1.229937e-01 5.722590e-03 8.778898e-04 9.999831e-01 5.959948e+00
9.999969e-01 -6.740280e-07 2.507533e-03 -3.361241e-01 9.059177e-07 1.000000e+00 -9.246927e-05 -1.467270e-01 -2.507535e-03 9.247113e-05 9.999968e-01 7.096613e+00
9.999937e-01 3.109333e-04 -3.540574e-03 -3.901113e-01 -3.142233e-04 9.999995e-01 -9.287187e-04 -1.706939e-01 3.540282e-03 9.298251e-04 9.999932e-01 8.226951e+00
9.999953e-01 -6.541733e-05 3.073748e-03 -4.485828e-01 6.584369e-05 1.000000e+00 -1.386040e-04 -1.956276e-01 -3.073741e-03 1.388054e-04 9.999952e-01 9.426208e+00
9.999896e-01 4.438883e-04 -4.543741e-03 -5.005846e-01 -4.480195e-04 9.999995e-01 -9.082481e-04 -2.198556e-01 4.543334e-03 9.102739e-04 9.999892e-01 1.058760e+01
9.999964e-01 -4.075142e-05 2.673333e-03 -5.529590e-01 4.104937e-05 1.000000e+00 -1.113953e-04 -2.439159e-01 -2.673330e-03 1.115041e-04 9.999963e-01 1.174261e+01
9.999963e-01 2.869844e-04 -2.721989e-03 -6.045393e-01 -2.894996e-04 9.999995e-01 -9.236976e-04 -2.683357e-01 2.721720e-03 9.244815e-04 9.999958e-01 1.290409e+01
9.999941e-01 -1.313362e-04 3.422875e-03 -6.546901e-01 1.317361e-04 1.000000e+00 -1.165991e-04 -2.931586e-01 -3.422862e-03 1.170486e-04 9.999940e-01 1.407957e+01
9.999966e-01 2.155017e-04 -2.607147e-03 -7.166215e-01 -2.180525e-04 9.999995e-01 -9.781704e-04 -3.189218e-01 2.606933e-03 9.787346e-04 9.999960e-01 1.532290e+01
9.999933e-01 -1.532343e-04 3.669231e-03 -7.826990e-01 1.539399e-04 1.000000e+00 -1.920177e-04 -3.458447e-01 -3.669204e-03 1.925803e-04 9.999931e-01 1.666202e+01
9.999993e-01 2.054971e-04 -1.184518e-03 -8.232602e-01 -2.065130e-04 9.999996e-01 -8.576210e-04 -3.711417e-01 1.184340e-03 8.578639e-04 9.999988e-01 1.788293e+01
9.999922e-01 -2.161489e-04 3.937596e-03 -8.599105e-01 2.166274e-04 1.000000e+00 -1.210894e-04 -3.955695e-01 -3.937571e-03 1.219402e-04 9.999921e-01 1.901000e+01
9.999962e-01 2.991713e-04 -2.728912e-03 -9.120076e-01 -3.015910e-04 9.999996e-01 -8.863310e-04 -4.198300e-01 2.728645e-03 8.871494e-04 9.999958e-01 2.013294e+01
9.999919e-01 -2.182881e-04 4.031000e-03 -9.622105e-01 2.187799e-04 1.000000e+00 -1.215675e-04 -4.441933e-01 -4.030974e-03 1.224470e-04 9.999918e-01 2.125909e+01
9.999940e-01 3.135963e-04 -3.453684e-03 -1.023285e+00 -3.167647e-04 9.999995e-01 -9.168762e-04 -4.689109e-01 3.453394e-03 9.179633e-04 9.999935e-01 2.241972e+01
9.999913e-01 -2.315130e-04 4.164018e-03 -1.083034e+00 2.320266e-04 1.000000e+00 -1.228548e-04 -4.938068e-01 -4.163991e-03 1.238183e-04 9.999912e-01 2.359111e+01
9.999962e-01 3.237150e-04 -2.754698e-03 -1.129867e+00 -3.260847e-04 9.999996e-01 -8.598385e-04 -5.177454e-01 2.754418e-03 8.607318e-04 9.999957e-01 2.468992e+01
9.999895e-01 -2.552210e-04 4.575027e-03 -1.172494e+00 2.556514e-04 1.000000e+00 -9.350225e-05 -5.411189e-01 -4.575004e-03 9.466911e-05 9.999894e-01 2.574133e+01
9.999949e-01 3.259225e-04 -3.178915e-03 -1.222768e+00 -3.288033e-04 9.999995e-01 -9.057568e-04 -5.652335e-01 3.178617e-03 9.067955e-04 9.999944e-01 2.685065e+01
9.999901e-01 -2.999667e-04 4.440198e-03 -1.290107e+00 3.010022e-04 9.999999e-01 -2.325485e-04 -5.917219e-01 -4.440129e-03 2.338808e-04 9.999900e-01 2.814504e+01
9.999937e-01 3.592038e-04 -3.518820e-03 -1.356929e+00 -3.624062e-04 9.999995e-01 -9.094931e-04 -6.182462e-01 3.518491e-03 9.107606e-04 9.999933e-01 2.945018e+01
9.999899e-01 -2.931887e-04 4.479345e-03 -1.422228e+00 2.941276e-04 9.999999e-01 -2.089580e-04 -6.443872e-01 -4.479284e-03 2.102712e-04 9.999898e-01 3.072438e+01
9.999953e-01 3.263286e-04 -3.038769e-03 -1.487674e+00 -3.292280e-04 9.999995e-01 -9.537042e-04 -6.712633e-01 3.038456e-03 9.546978e-04 9.999948e-01 3.205563e+01
9.999877e-01 -3.610474e-04 4.943655e-03 -1.549346e+00 3.617928e-04 9.999999e-01 -1.498775e-04 -6.977476e-01 -4.943600e-03 1.516618e-04 9.999877e-01 3.333374e+01
9.999955e-01 3.052901e-04 -2.970799e-03 -1.596765e+00 -3.077692e-04 9.999996e-01 -8.340615e-04 -7.225453e-01 2.970544e-03 8.349695e-04 9.999951e-01 3.446239e+01
9.999855e-01 -3.233293e-04 5.369936e-03 -1.635892e+00 3.239931e-04 9.999999e-01 -1.227363e-04 -7.466830e-01 -5.369896e-03 1.244717e-04 9.999855e-01 3.555080e+01
9.999963e-01 2.742361e-04 -2.700980e-03 -1.675670e+00 -2.764913e-04 9.999996e-01 -8.346301e-04 -7.708251e-01 2.700751e-03 8.353711e-04 9.999959e-01 3.663905e+01
9.999915e-01 -2.863746e-04 4.117022e-03 -1.741048e+00 2.875106e-04 9.999999e-01 -2.753408e-04 -7.970842e-01 -4.116942e-03 2.765193e-04 9.999914e-01 3.790302e+01
9.999957e-01 2.801911e-04 -2.907418e-03 -1.803911e+00 -2.824895e-04 9.999996e-01 -7.901587e-04 -8.226762e-01 2.907197e-03 7.909737e-04 9.999954e-01 3.911204e+01
9.999933e-01 -2.264755e-04 3.665745e-03 -1.870412e+00 2.276133e-04 9.999999e-01 -3.099546e-04 -8.485619e-01 -3.665673e-03 3.107838e-04 9.999931e-01 4.035900e+01
9.999943e-01 3.284144e-04 -3.371580e-03 -1.939175e+00 -3.311923e-04 9.999996e-01 -8.233917e-04 -8.749269e-01 3.371310e-03 8.245004e-04 9.999939e-01 4.165326e+01
9.999908e-01 -2.625443e-04 4.292418e-03 -2.002909e+00 2.636434e-04 9.999999e-01 -2.555034e-04 -9.005064e-01 -4.292349e-03 2.566294e-04 9.999907e-01 4.288077e+01
9.999934e-01 3.018229e-04 -3.623990e-03 -2.072325e+00 -3.048279e-04 9.999996e-01 -8.286908e-04 -9.261852e-01 3.623740e-03 8.297867e-04 9.999930e-01 4.410720e+01
9.999903e-01 -2.453754e-04 4.399681e-03 -2.139079e+00 2.464466e-04 9.999999e-01 -2.429218e-04 -9.515346e-01 -4.399619e-03 2.440003e-04 9.999902e-01 4.531477e+01
9.999900e-01 3.518721e-04 -4.465075e-03 -2.211077e+00 -3.556133e-04 9.999996e-01 -8.371206e-04 -9.766397e-01 4.464780e-03 8.386964e-04 9.999896e-01 4.651144e+01
9.999834e-01 -3.017214e-04 5.757561e-03 -2.270493e+00 3.029744e-04 9.999999e-01 -2.167555e-04 -1.001862e+00 -5.757493e-03 2.184926e-04 9.999833e-01 4.770577e+01
9.999889e-01 3.354960e-04 -4.698329e-03 -2.333079e+00 -3.396940e-04 9.999995e-01 -8.927689e-04 -1.027869e+00 4.698029e-03 8.943511e-04 9.999885e-01 4.895941e+01
9.999847e-01 -2.543793e-04 5.524456e-03 -2.401605e+00 2.558730e-04 9.999999e-01 -2.696674e-04 -1.054684e+00 -5.524385e-03 2.710729e-04 9.999846e-01 5.029240e+01
9.999954e-01 2.401401e-04 -3.019415e-03 -2.459757e+00 -2.430228e-04 9.999995e-01 -9.544053e-04 -1.082785e+00 3.019187e-03 9.551307e-04 9.999949e-01 5.172052e+01
9.999840e-01 -2.768106e-04 5.644222e-03 -2.516927e+00 2.782968e-04 9.999999e-01 -2.625215e-04 -1.110719e+00 -5.644147e-03 2.640838e-04 9.999839e-01 5.312464e+01
9.999896e-01 3.346034e-04 -4.545835e-03 -2.575315e+00 -3.383256e-04 9.999996e-01 -8.180971e-04 -1.136335e+00 4.545562e-03 8.196223e-04 9.999892e-01 5.435111e+01
9.999852e-01 -2.620456e-04 5.426627e-03 -2.639167e+00 2.636187e-04 9.999999e-01 -2.891720e-04 -1.162263e+00 -5.426548e-03 2.905939e-04 9.999851e-01 5.560466e+01
9.999204e-01 9.731375e-04 -1.257973e-02 -2.729325e+00 -9.805580e-04 9.999993e-01 -5.837323e-04 -1.183444e+00 1.257916e-02 5.960165e-04 9.999206e-01 5.655500e+01
9.999422e-01 -6.113240e-04 1.073268e-02 -2.790501e+00 6.143349e-04 9.999998e-01 -2.772430e-04 -1.204222e+00 -1.073250e-02 2.838159e-04 9.999423e-01 5.743072e+01
9.998541e-01 1.380352e-03 -1.702846e-02 -2.866716e+00 -1.387439e-03 9.999990e-01 -4.043669e-04 -1.221206e+00 1.702788e-02 4.279292e-04 9.998548e-01 5.807595e+01
9.999695e-01 1.897122e-04 -7.804228e-03 -2.941611e+00 -1.860892e-04 9.999999e-01 4.649647e-04 -1.233619e+00 7.804313e-03 -4.635029e-04 9.999693e-01 5.845102e+01
9.976362e-01 3.812683e-03 -6.861067e-02 -3.027335e+00 -3.695326e-03 9.999915e-01 1.837318e-03 -1.232092e+00 6.861708e-02 -1.579441e-03 9.976417e-01 5.822411e+01
9.993802e-01 1.195565e-03 -3.518300e-02 -3.161916e+00 -1.139622e-03 9.999981e-01 1.610070e-03 -1.229665e+00 3.518484e-02 -1.568981e-03 9.993795e-01 5.808779e+01
9.974043e-01 4.080009e-03 -7.188836e-02 -3.294758e+00 -3.937456e-03 9.999900e-01 2.124583e-03 -1.227531e+00 7.189628e-02 -1.836015e-03 9.974103e-01 5.797924e+01
9.986793e-01 1.547618e-03 -5.135422e-02 -3.438378e+00 -1.433798e-03 9.999964e-01 2.253163e-03 -1.226334e+00 5.135748e-02 -2.176559e-03 9.986779e-01 5.796202e+01
9.965277e-01 4.662282e-03 -8.313067e-02 -3.568994e+00 -4.431469e-03 9.999858e-01 2.960813e-03 -1.225430e+00 8.314324e-02 -2.582144e-03 9.965342e-01 5.798389e+01
9.990626e-01 1.289425e-03 -4.326891e-02 -3.721354e+00 -1.211566e-03 9.999976e-01 1.825626e-03 -1.224750e+00 4.327110e-02 -1.771494e-03 9.990617e-01 5.804053e+01
9.971797e-01 4.204240e-03 -7.493353e-02 -3.868825e+00 -4.018902e-03 9.999885e-01 2.623994e-03 -1.224586e+00 7.494363e-02 -2.315446e-03 9.971850e-01 5.807635e+01
9.985357e-01 1.555225e-03 -5.407473e-02 -4.024608e+00 -1.436025e-03 9.999965e-01 2.243153e-03 -1.228496e+00 5.407795e-02 -2.162218e-03 9.985343e-01 5.838932e+01
9.973738e-01 4.294521e-03 -7.229855e-02 -4.151481e+00 -4.120179e-03 9.999882e-01 2.560409e-03 -1.228748e+00 7.230861e-02 -2.255805e-03 9.973797e-01 5.844637e+01
9.973120e-01 2.435789e-03 -7.323057e-02 -4.308510e+00 -2.236033e-03 9.999936e-01 2.809647e-03 -1.223889e+00 7.323685e-02 -2.638351e-03 9.973110e-01 5.832261e+01
9.972110e-01 4.495846e-03 -7.449842e-02 -4.436425e+00 -4.298559e-03 9.999868e-01 2.808355e-03 -1.217216e+00 7.450997e-02 -2.480289e-03 9.972171e-01 5.807976e+01
9.983276e-01 1.915002e-03 -5.777747e-02 -4.567351e+00 -1.812824e-03 9.999967e-01 1.820872e-03 -1.209385e+00 5.778067e-02 -1.713088e-03 9.983278e-01 5.773868e+01
9.990291e-01 3.597656e-03 -4.390764e-02 -4.676707e+00 -3.541201e-03 9.999928e-01 1.363533e-03 -1.200750e+00 4.391213e-02 -1.206726e-03 9.990346e-01 5.723370e+01
9.977824e-01 1.609105e-03 -6.654083e-02 -4.827012e+00 -1.463901e-03 9.999964e-01 2.230909e-03 -1.196931e+00 6.654408e-02 -2.128554e-03 9.977812e-01 5.706320e+01
9.995831e-01 3.342769e-03 -2.867467e-02 -4.951390e+00 -3.307261e-03 9.999937e-01 1.285715e-03 -1.195547e+00 2.867869e-02 -1.190347e-03 9.995879e-01 5.697817e+01
9.992519e-01 -3.644533e-05 -3.867193e-02 -5.053819e+00 6.696952e-05 9.999997e-01 7.880777e-04 -1.200050e+00 3.867179e-02 -7.900799e-04 9.992516e-01 5.709250e+01
9.999317e-01 2.105211e-03 -1.149003e-02 -5.121784e+00 -2.096854e-03 9.999975e-01 7.395379e-04 -1.212672e+00 1.149146e-02 -7.153964e-04 9.999337e-01 5.755994e+01
9.994209e-01 -1.735058e-04 -3.402377e-02 -5.176663e+00 1.923571e-04 9.999998e-01 5.508669e-04 -1.225242e+00 3.402357e-02 -5.570945e-04 9.994208e-01 5.799236e+01
9.999404e-01 2.087392e-03 -1.071389e-02 -5.234910e+00 -2.079254e-03 9.999975e-01 7.708742e-04 -1.237703e+00 1.071538e-02 -7.485532e-04 9.999423e-01 5.842207e+01
9.996909e-01 -5.514749e-04 -2.485387e-02 -5.275666e+00 5.532977e-04 9.999998e-01 6.657446e-05 -1.251615e+00 2.485374e-02 -8.030723e-05 9.996911e-01 5.888326e+01
9.999696e-01 2.064187e-03 -7.503957e-03 -5.296597e+00 -2.059140e-03 9.999976e-01 6.805789e-04 -1.265376e+00 7.505256e-03 -6.651084e-04 9.999716e-01 5.930683e+01
9.999577e-01 -1.171022e-03 -9.112956e-03 -5.294885e+00 1.163967e-03 9.999990e-01 -7.790989e-04 -1.282062e+00 9.113773e-03 7.684571e-04 9.999581e-01 5.983317e+01
9.997544e-01 2.396636e-03 -2.202724e-02 -5.260491e+00 -2.364668e-03 9.999961e-01 1.477336e-03 -1.296217e+00 2.203060e-02 -1.424888e-03 9.997563e-01 6.019257e+01
9.998368e-01 -1.882510e-03 1.796146e-02 -5.285811e+00 1.917265e-03 9.999963e-01 -1.918102e-03 -1.315236e+00 -1.795787e-02 1.952225e-03 9.998368e-01 6.096278e+01
9.998865e-01 1.918292e-03 -1.493751e-02 -5.305290e+00 -1.901077e-03 9.999975e-01 1.166822e-03 -1.336724e+00 1.493962e-02 -1.138294e-03 9.998877e-01 6.188013e+01
9.998561e-01 -1.811172e-03 1.686053e-02 -5.327308e+00 1.843247e-03 9.999965e-01 -1.887182e-03 -1.357395e+00 -1.685714e-02 1.917987e-03 9.998560e-01 6.270039e+01
9.998891e-01 1.838491e-03 -1.477595e-02 -5.359891e+00 -1.822972e-03 9.999978e-01 1.063917e-03 -1.379663e+00 1.477779e-02 -1.036865e-03 9.998902e-01 6.363691e+01
9.998582e-01 -1.766458e-03 1.674255e-02 -5.392050e+00 1.798553e-03 9.999966e-01 -1.902294e-03 -1.402053e+00 -1.673922e-02 1.932135e-03 9.998580e-01 6.459127e+01
9.998820e-01 1.826806e-03 -1.524684e-02 -5.430349e+00 -1.811213e-03 9.999978e-01 1.036664e-03 -1.424923e+00 1.524861e-02 -1.008928e-03 9.998832e-01 6.557752e+01
9.998604e-01 -1.726210e-03 1.661387e-02 -5.473113e+00 1.758656e-03 9.999966e-01 -1.938718e-03 -1.448208e+00 -1.661055e-02 1.967663e-03 9.998601e-01 6.661210e+01
9.998816e-01 1.837462e-03 -1.527577e-02 -5.506664e+00 -1.820817e-03 9.999977e-01 1.103719e-03 -1.470528e+00 1.527767e-02 -1.075776e-03 9.998827e-01 6.756666e+01
9.998598e-01 -1.727674e-03 1.665029e-02 -5.541523e+00 1.760181e-03 9.999966e-01 -1.938062e-03 -1.492923e+00 -1.664697e-02 1.967096e-03 9.998595e-01 6.852292e+01
9.998793e-01 1.818973e-03 -1.542186e-02 -5.576689e+00 -1.802183e-03 9.999978e-01 1.102814e-03 -1.515343e+00 1.542374e-02 -1.074891e-03 9.998804e-01 6.947783e+01
9.998650e-01 -1.669538e-03 1.634000e-02 -5.605164e+00 1.700261e-03 9.999968e-01 -1.866691e-03 -1.536691e+00 -1.633691e-02 1.894220e-03 9.998647e-01 7.035019e+01
9.998847e-01 1.794304e-03 -1.507684e-02 -5.629028e+00 -1.777530e-03 9.999978e-01 1.126152e-03 -1.557621e+00 1.507874e-02 -1.099225e-03 9.998857e-01 7.119113e+01
9.998643e-01 -1.650386e-03 1.638882e-02 -5.645064e+00 1.680246e-03 9.999970e-01 -1.808548e-03 -1.578063e+00 -1.638587e-02 1.835838e-03 9.998640e-01 7.198988e+01
9.998804e-01 1.780929e-03 -1.535836e-02 -5.662800e+00 -1.763826e-03 9.999978e-01 1.127282e-03 -1.598405e+00 1.536025e-02 -1.100060e-03 9.998814e-01 7.277324e+01
9.998846e-01 -1.506090e-03 1.511301e-02 -5.687181e+00 1.534469e-03 9.999971e-01 -1.866670e-03 -1.618992e+00 -1.511024e-02 1.889643e-03 9.998840e-01 7.359847e+01
9.998286e-01 1.994780e-03 -1.840272e-02 -5.726047e+00 -1.973947e-03 9.999974e-01 1.150338e-03 -1.639561e+00 1.840488e-02 -1.113817e-03 9.998300e-01 7.445737e+01
9.999143e-01 -1.370858e-03 1.301052e-02 -5.766942e+00 1.394024e-03 9.999975e-01 -1.771892e-03 -1.659525e+00 -1.300815e-02 1.789875e-03 9.999138e-01 7.529236e+01
9.997458e-01 2.162062e-03 -2.244047e-02 -5.808775e+00 -2.133125e-03 9.999969e-01 1.313546e-03 -1.678788e+00 2.244316e-02 -1.265347e-03 9.997473e-01 7.607407e+01
9.999742e-01 -1.186393e-03 7.072883e-03 -5.853201e+00 1.197445e-03 9.999981e-01 -1.559100e-03 -1.697234e+00 -7.071104e-03 1.567527e-03 9.999737e-01 7.679197e+01
9.997013e-01 2.191075e-03 -2.433681e-02 -5.888059e+00 -2.155482e-03 9.999966e-01 1.488813e-03 -1.715003e+00 2.433991e-02 -1.435913e-03 9.997027e-01 7.747211e+01
9.998975e-01 -1.369362e-03 1.424490e-02 -5.920905e+00 1.396767e-03 9.999972e-01 -1.914377e-03 -1.734041e+00 -1.424232e-02 1.934075e-03 9.998967e-01 7.822498e+01
9.998378e-01 1.842735e-03 -1.791075e-02 -5.945183e+00 -1.820139e-03 9.999975e-01 1.278071e-03 -1.754075e+00 1.791298e-02 -1.245266e-03 9.998388e-01 7.902940e+01
9.998600e-01 -1.503595e-03 1.665920e-02 -5.965911e+00 1.537240e-03 9.999968e-01 -2.007258e-03 -1.774691e+00 -1.665621e-02 2.032584e-03 9.998592e-01 7.984741e+01
9.998630e-01 1.644573e-03 -1.646454e-02 -6.002223e+00 -1.625466e-03 9.999980e-01 1.174092e-03 -1.797327e+00 1.646636e-02 -1.147172e-03 9.998637e-01 8.081426e+01
9.998642e-01 -1.469649e-03 1.640862e-02 -6.047817e+00 1.504029e-03 9.999967e-01 -2.083355e-03 -1.820930e+00 -1.640559e-02 2.107749e-03 9.998632e-01 8.186788e+01
9.998693e-01 1.621738e-03 -1.607794e-02 -6.101868e+00 -1.604503e-03 9.999981e-01 1.085083e-03 -1.845622e+00 1.607959e-02 -1.059146e-03 9.998701e-01 8.302484e+01
9.998637e-01 -1.477708e-03 1.644121e-02 -6.158098e+00 1.512261e-03 9.999967e-01 -2.089620e-03 -1.870449e+00 -1.643815e-02 2.114197e-03 9.998626e-01 8.418759e+01
9.998794e-01 1.577511e-03 -1.544454e-02 -6.209236e+00 -1.560749e-03 9.999982e-01 1.097574e-03 -1.895140e+00 1.544616e-02 -1.073339e-03 9.998801e-01 8.533839e+01
9.998650e-01 -1.487123e-03 1.635677e-02 -6.257532e+00 1.520921e-03 9.999967e-01 -2.054314e-03 -1.919527e+00 -1.635375e-02 2.078912e-03 9.998641e-01 8.645092e+01
9.998720e-01 1.633748e-03 -1.590861e-02 -6.308450e+00 -1.616720e-03 9.999981e-01 1.083448e-03 -1.943766e+00 1.591026e-02 -1.057592e-03 9.998728e-01 8.756981e+01
9.998601e-01 -1.522122e-03 1.665384e-02 -6.365461e+00 1.557293e-03 9.999966e-01 -2.099424e-03 -1.968835e+00 -1.665067e-02 2.125063e-03 9.998591e-01 8.874579e+01
9.998694e-01 1.617442e-03 -1.607465e-02 -6.428799e+00 -1.600953e-03 9.999982e-01 1.038884e-03 -1.994441e+00 1.607622e-02 -1.013016e-03 9.998702e-01 8.997130e+01
9.998538e-01 -1.529760e-03 1.702557e-02 -6.491273e+00 1.565861e-03 9.999966e-01 -2.107550e-03 -2.020249e+00 -1.702237e-02 2.133899e-03 9.998528e-01 9.121110e+01
9.998731e-01 1.572017e-03 -1.585066e-02 -6.557372e+00 -1.556186e-03 9.999983e-01 1.011356e-03 -2.046398e+00 1.585214e-02 -9.865640e-04 9.998738e-01 9.247442e+01
9.998504e-01 -1.520073e-03 1.722430e-02 -6.618880e+00 1.555937e-03 9.999966e-01 -2.069218e-03 -2.072036e+00 -1.722118e-02 2.095706e-03 9.998495e-01 9.369655e+01
9.998741e-01 1.562041e-03 -1.578689e-02 -6.672130e+00 -1.545356e-03 9.999982e-01 1.069388e-03 -2.096835e+00 1.578845e-02 -1.044859e-03 9.998748e-01 9.484550e+01
9.998492e-01 -1.464378e-03 1.729935e-02 -6.716153e+00 1.499677e-03 9.999968e-01 -2.027995e-03 -2.121012e+00 -1.729641e-02 2.053630e-03 9.998483e-01 9.595195e+01
9.998731e-01 1.529629e-03 -1.585360e-02 -6.761529e+00 -1.513135e-03 9.999983e-01 1.052672e-03 -2.145606e+00 1.585510e-02 -1.028553e-03 9.998737e-01 9.708332e+01
9.998586e-01 -1.434877e-03 1.675009e-02 -6.814861e+00 1.469670e-03 9.999968e-01 -2.065379e-03 -2.170844e+00 -1.674716e-02 2.089701e-03 9.998576e-01 9.826898e+01
9.998783e-01 1.542681e-03 -1.551875e-02 -6.862443e+00 -1.526287e-03 9.999983e-01 1.068515e-03 -2.195624e+00 1.552029e-02 -1.044702e-03 9.998790e-01 9.942851e+01
9.998618e-01 -1.422254e-03 1.655810e-02 -6.913633e+00 1.456527e-03 9.999968e-01 -2.058274e-03 -2.220253e+00 -1.655520e-02 2.082104e-03 9.998608e-01 1.005745e+02
9.998777e-01 1.522858e-03 -1.556256e-02 -6.963617e+00 -1.506268e-03 9.999983e-01 1.078010e-03 -2.244680e+00 1.556409e-02 -1.054440e-03 9.998783e-01 1.017028e+02
9.998575e-01 -1.409517e-03 1.681582e-02 -7.011664e+00 1.444328e-03 9.999968e-01 -2.058502e-03 -2.269151e+00 -1.681295e-02 2.082494e-03 9.998565e-01 1.028358e+02
9.998760e-01 1.464896e-03 -1.567350e-02 -7.069016e+00 -1.448819e-03 9.999984e-01 1.037396e-03 -2.294330e+00 1.567491e-02 -1.014562e-03 9.998766e-01 1.040167e+02
9.998509e-01 -1.428482e-03 1.720278e-02 -7.125703e+00 1.464441e-03 9.999968e-01 -2.078229e-03 -2.319908e+00 -1.719984e-02 2.103109e-03 9.998498e-01 1.052268e+02
9.998792e-01 1.475708e-03 -1.546514e-02 -7.173839e+00 -1.459323e-03 9.999984e-01 1.071036e-03 -2.344912e+00 1.546661e-02 -1.048341e-03 9.998798e-01 1.063934e+02
9.998522e-01 -1.421642e-03 1.712660e-02 -7.226462e+00 1.457993e-03 9.999967e-01 -2.110522e-03 -2.370395e+00 -1.712363e-02 2.135178e-03 9.998511e-01 1.075988e+02
9.998807e-01 1.482380e-03 -1.536810e-02 -7.271689e+00 -1.465359e-03 9.999983e-01 1.119131e-03 -2.395152e+00 1.536965e-02 -1.096481e-03 9.998813e-01 1.087492e+02
9.998615e-01 -1.435724e-03 1.657511e-02 -7.329955e+00 1.471530e-03 9.999966e-01 -2.148538e-03 -2.420544e+00 -1.657206e-02 2.172629e-03 9.998603e-01 1.099392e+02
9.998761e-01 1.484208e-03 -1.566737e-02 -7.398425e+00 -1.467867e-03 9.999984e-01 1.054828e-03 -2.446684e+00 1.566883e-02 -1.031703e-03 9.998767e-01 1.112032e+02
9.998554e-01 -1.461820e-03 1.693735e-02 -7.473992e+00 1.499717e-03 9.999964e-01 -2.225307e-03 -2.474054e+00 -1.693412e-02 2.250383e-03 9.998541e-01 1.125649e+02
9.998818e-01 1.438940e-03 -1.530299e-02 -7.553641e+00 -1.424418e-03 9.999985e-01 9.601987e-04 -2.502942e+00 1.530426e-02 -9.382907e-04 9.998824e-01 1.140482e+02
9.998551e-01 -1.423370e-03 1.695903e-02 -7.628273e+00 1.460619e-03 9.999965e-01 -2.184544e-03 -2.531147e+00 -1.695595e-02 2.208995e-03 9.998538e-01 1.154824e+02
9.998831e-01 1.444314e-03 -1.521927e-02 -7.692788e+00 -1.428574e-03 9.999984e-01 1.045422e-03 -2.557972e+00 1.522068e-02 -1.023562e-03 9.998836e-01 1.168051e+02
9.998509e-01 -1.408172e-03 1.720534e-02 -7.748630e+00 1.445057e-03 9.999967e-01 -2.131877e-03 -2.584050e+00 -1.720237e-02 2.156419e-03 9.998497e-01 1.180620e+02
9.998802e-01 1.432060e-03 -1.540934e-02 -7.809212e+00 -1.416491e-03 9.999985e-01 1.021582e-03 -2.610430e+00 1.541069e-02 -9.996363e-04 9.998807e-01 1.193455e+02
9.998607e-01 -1.396154e-03 1.662832e-02 -7.884567e+00 1.433193e-03 9.999965e-01 -2.216101e-03 -2.638136e+00 -1.662525e-02 2.239621e-03 9.998593e-01 1.207359e+02
9.998871e-01 1.436143e-03 -1.494978e-02 -7.948592e+00 -1.420352e-03 9.999984e-01 1.067193e-03 -2.665149e+00 1.495120e-02 -1.045842e-03 9.998877e-01 1.220793e+02
9.998459e-01 -1.407515e-03 1.749436e-02 -7.999347e+00 1.445565e-03 9.999966e-01 -2.162887e-03 -2.691449e+00 -1.749134e-02 2.187840e-03 9.998446e-01 1.233585e+02
9.999092e-01 1.312110e-03 -1.340406e-02 -8.031077e+00 -1.296200e-03 9.999984e-01 1.196004e-03 -2.716265e+00 1.340552e-02 -1.178525e-03 9.999094e-01 1.245180e+02
9.998367e-01 -1.441274e-03 1.800967e-02 -8.052228e+00 1.478512e-03 9.999968e-01 -2.054894e-03 -2.739713e+00 -1.800674e-02 2.081183e-03 9.998357e-01 1.255677e+02
9.999018e-01 1.325390e-03 -1.394509e-02 -8.080648e+00 -1.309750e-03 9.999985e-01 1.131057e-03 -2.764183e+00 1.394648e-02 -1.112685e-03 9.999021e-01 1.266882e+02
9.998600e-01 -1.313848e-03 1.667762e-02 -8.125337e+00 1.350750e-03 9.999967e-01 -2.201914e-03 -2.790278e+00 -1.667476e-02 2.224129e-03 9.998585e-01 1.279462e+02
9.999152e-01 1.243536e-03 -1.295558e-02 -8.162242e+00 -1.228529e-03 9.999986e-01 1.166742e-03 -2.816108e+00 1.295693e-02 -1.150730e-03 9.999154e-01 1.291850e+02
9.998646e-01 -1.284619e-03 1.639756e-02 -8.203180e+00 1.321557e-03 9.999966e-01 -2.242372e-03 -2.842406e+00 -1.639471e-02 2.263735e-03 9.998630e-01 1.304545e+02
9.999199e-01 1.178823e-03 -1.259554e-02 -8.243057e+00 -1.164024e-03 9.999986e-01 1.182646e-03 -2.868657e+00 1.259683e-02 -1.167893e-03 9.999199e-01 1.317094e+02
9.998766e-01 -1.225603e-03 1.565416e-02 -8.296032e+00 1.262542e-03 9.999964e-01 -2.350421e-03 -2.896233e+00 -1.565131e-02 2.369892e-03 9.998747e-01 1.330790e+02
9.999098e-01 1.200445e-03 -1.337130e-02 -8.362936e+00 -1.185775e-03 9.999987e-01 1.105499e-03 -2.924810e+00 1.337252e-02 -1.089548e-03 9.999100e-01 1.345363e+02
9.998776e-01 -1.218221e-03 1.559069e-02 -8.430283e+00 1.254713e-03 9.999965e-01 -2.331450e-03 -2.953264e+00 -1.558788e-02 2.350723e-03 9.998757e-01 1.359799e+02
9.999104e-01 1.198716e-03 -1.332886e-02 -8.490158e+00 -1.183113e-03 9.999986e-01 1.178905e-03 -2.980465e+00 1.333017e-02 -1.163033e-03 9.999104e-01 1.373201e+02
9.998785e-01 -1.220786e-03 1.553657e-02 -8.548196e+00 1.256171e-03 9.999966e-01 -2.268389e-03 -3.006730e+00 -1.553384e-02 2.287626e-03 9.998767e-01 1.385812e+02
9.999128e-01 1.173693e-03 -1.314479e-02 -8.601625e+00 -1.158156e-03 9.999986e-01 1.189967e-03 -3.032822e+00 1.314608e-02 -1.174643e-03 9.999129e-01 1.398202e+02
9.998811e-01 -1.208425e-03 1.536680e-02 -8.662434e+00 1.244024e-03 9.999966e-01 -2.307655e-03 -3.059586e+00 -1.536405e-02 2.326494e-03 9.998792e-01 1.411173e+02
9.999125e-01 1.143920e-03 -1.317582e-02 -8.730041e+00 -1.129207e-03 9.999987e-01 1.124519e-03 -3.087303e+00 1.317700e-02 -1.109546e-03 9.999125e-01 1.424924e+02
9.998878e-01 -1.180862e-03 1.492979e-02 -8.807112e+00 1.216134e-03 9.999965e-01 -2.354161e-03 -3.115695e+00 -1.492705e-02 2.372050e-03 9.998857e-01 1.439258e+02
9.999122e-01 1.120282e-03 -1.319987e-02 -8.887214e+00 -1.105881e-03 9.999988e-01 1.098712e-03 -3.144546e+00 1.320100e-02 -1.084022e-03 9.999122e-01 1.453984e+02
9.998852e-01 -1.169519e-03 1.509939e-02 -8.962640e+00 1.204989e-03 9.999965e-01 -2.340684e-03 -3.173273e+00 -1.509669e-02 2.358606e-03 9.998832e-01 1.468567e+02
9.999116e-01 1.115973e-03 -1.324731e-02 -9.033167e+00 -1.100776e-03 9.999987e-01 1.154900e-03 -3.201143e+00 1.324850e-02 -1.140220e-03 9.999116e-01 1.482428e+02
9.998867e-01 -1.172086e-03 1.500478e-02 -9.103394e+00 1.206840e-03 9.999966e-01 -2.307772e-03 -3.228591e+00 -1.500211e-02 2.325615e-03 9.998847e-01 1.495879e+02
9.999116e-01 1.121945e-03 -1.324231e-02 -9.169368e+00 -1.106318e-03 9.999987e-01 1.187859e-03 -3.255445e+00 1.324354e-02 -1.173108e-03 9.999116e-01 1.508876e+02
9.998881e-01 -1.164740e-03 1.490946e-02 -9.235507e+00 1.199111e-03 9.999966e-01 -2.297037e-03 -3.282171e+00 -1.490682e-02 2.314654e-03 9.998862e-01 1.521741e+02
9.999093e-01 1.109301e-03 -1.341608e-02 -9.306107e+00 -1.093590e-03 9.999987e-01 1.178885e-03 -3.308907e+00 1.341728e-02 -1.164111e-03 9.999093e-01 1.534619e+02
9.998904e-01 -1.156786e-03 1.475768e-02 -9.381749e+00 1.191118e-03 9.999966e-01 -2.318298e-03 -3.336037e+00 -1.475503e-02 2.335618e-03 9.998884e-01 1.547815e+02
9.999102e-01 1.095609e-03 -1.334918e-02 -9.455831e+00 -1.080003e-03 9.999987e-01 1.176749e-03 -3.363156e+00 1.335036e-02 -1.162231e-03 9.999102e-01 1.561012e+02
9.998897e-01 -1.161438e-03 1.479867e-02 -9.540075e+00 1.197210e-03 9.999964e-01 -2.409087e-03 -3.391638e+00 -1.479590e-02 2.426535e-03 9.998876e-01 1.575324e+02
9.999133e-01 1.049528e-03 -1.312169e-02 -9.627716e+00 -1.034878e-03 9.999988e-01 1.123774e-03 -3.421186e+00 1.312277e-02 -1.110102e-03 9.999132e-01 1.590462e+02
9.998872e-01 -1.151769e-03 1.496996e-02 -9.711597e+00 1.187909e-03 9.999964e-01 -2.405916e-03 -3.450665e+00 -1.496723e-02 2.423424e-03 9.998850e-01 1.605534e+02
9.999084e-01 1.052957e-03 -1.348542e-02 -9.801084e+00 -1.038044e-03 9.999988e-01 1.113322e-03 -3.480153e+00 1.348649e-02 -1.099226e-03 9.999084e-01 1.620649e+02
9.998900e-01 -1.097205e-03 1.478952e-02 -9.887411e+00 1.132460e-03 9.999965e-01 -2.376119e-03 -3.509057e+00 -1.478695e-02 2.392602e-03 9.998878e-01 1.635369e+02
9.999112e-01 1.020354e-03 -1.328269e-02 -9.969156e+00 -1.005168e-03 9.999988e-01 1.150480e-03 -3.537537e+00 1.328376e-02 -1.137031e-03 9.999111e-01 1.649680e+02
9.998930e-01 -1.045526e-03 1.458714e-02 -1.004877e+01 1.080094e-03 9.999966e-01 -2.362616e-03 -3.565548e+00 -1.458471e-02 2.378114e-03 9.998908e-01 1.663698e+02
9.999105e-01 1.003310e-03 -1.333549e-02 -1.013231e+01 -9.883658e-04 9.999989e-01 1.127702e-03 -3.593891e+00 1.333652e-02 -1.114425e-03 9.999104e-01 1.678001e+02
9.998919e-01 -1.042110e-03 1.466431e-02 -1.021910e+01 1.077332e-03 9.999966e-01 -2.394653e-03 -3.622818e+00 -1.466186e-02 2.410188e-03 9.998896e-01 1.692770e+02
9.999134e-01 9.612309e-04 -1.312070e-02 -1.030672e+01 -9.468533e-04 9.999989e-01 1.102534e-03 -3.652180e+00 1.312166e-02 -1.090020e-03 9.999133e-01 1.707862e+02
9.998918e-01 -1.007999e-03 1.466811e-02 -1.039098e+01 1.042895e-03 9.999966e-01 -2.372083e-03 -3.681141e+00 -1.466575e-02 2.387119e-03 9.998896e-01 1.722654e+02
9.999139e-01 9.388614e-04 -1.308196e-02 -1.047549e+01 -9.245847e-04 9.999990e-01 1.097909e-03 -3.710143e+00 1.308289e-02 -1.085724e-03 9.999138e-01 1.737482e+02
9.998962e-01 -9.358520e-04 1.437195e-02 -1.055293e+01 9.686932e-04 9.999969e-01 -2.278822e-03 -3.737460e+00 -1.436986e-02 2.292503e-03 9.998941e-01 1.751025e+02
9.999117e-01 9.412290e-04 -1.324723e-02 -1.062826e+01 -9.264641e-04 9.999989e-01 1.121236e-03 -3.764368e+00 1.324818e-02 -1.108869e-03 9.999116e-01 1.764247e+02
9.998856e-01 -9.533363e-04 1.509388e-02 -1.068979e+01 9.864829e-04 9.999971e-01 -2.189242e-03 -3.790207e+00 -1.509184e-02 2.203877e-03 9.998837e-01 1.776515e+02
9.999139e-01 9.195077e-04 -1.308137e-02 -1.074752e+01 -9.048820e-04 9.999990e-01 1.124521e-03 -3.815899e+00 1.308230e-02 -1.112592e-03 9.999138e-01 1.788619e+02
9.998856e-01 -9.423284e-04 1.509017e-02 -1.081283e+01 9.766702e-04 9.999969e-01 -2.269080e-03 -3.842824e+00 -1.508807e-02 2.283554e-03 9.998835e-01 1.801777e+02
9.999164e-01 9.072284e-04 -1.289208e-02 -1.087805e+01 -8.930650e-04 9.999990e-01 1.104933e-03 -3.869979e+00 1.289298e-02 -1.093332e-03 9.999163e-01 1.815185e+02
9.998807e-01 -9.424675e-04 1.541463e-02 -1.093307e+01 9.761938e-04 9.999971e-01 -2.181067e-03 -3.895793e+00 -1.541262e-02 2.195850e-03 9.998788e-01 1.827415e+02
9.999171e-01 8.896036e-04 -1.284083e-02 -1.098678e+01 -8.753093e-04 9.999990e-01 1.119384e-03 -3.921418e+00 1.284172e-02 -1.108056e-03 9.999169e-01 1.839498e+02
9.998869e-01 -9.105769e-04 1.500461e-02 -1.104639e+01 9.439639e-04 9.999971e-01 -2.218712e-03 -3.947545e+00 -1.500264e-02 2.232620e-03 9.998849e-01 1.852001e+02
9.999157e-01 8.878485e-04 -1.295179e-02 -1.111499e+01 -8.747770e-04 9.999991e-01 1.015488e-03 -3.975215e+00 1.295259e-02 -1.004077e-03 9.999156e-01 1.865852e+02
9.998868e-01 -8.830935e-04 1.501704e-02 -1.118353e+01 9.167414e-04 9.999971e-01 -2.234440e-03 -4.003096e+00 -1.501511e-02 2.247949e-03 9.998847e-01 1.879925e+02
9.999194e-01 8.567182e-04 -1.266453e-02 -1.124777e+01 -8.437127e-04 9.999991e-01 1.032866e-03 -4.030766e+00 1.266532e-02 -1.022103e-03 9.999192e-01 1.893775e+02
9.998863e-01 -8.645691e-04 1.505099e-02 -1.130547e+01 8.969468e-04 9.999973e-01 -2.145121e-03 -4.057113e+00 -1.504918e-02 2.158372e-03 9.998844e-01 1.906528e+02
9.999273e-01 8.310504e-04 -1.202670e-02 -1.134281e+01 -8.167657e-04 9.999990e-01 1.193291e-03 -4.080962e+00 1.202759e-02 -1.183387e-03 9.999269e-01 1.917220e+02
9.998802e-01 -8.926227e-04 1.544571e-02 -1.137693e+01 9.257893e-04 9.999973e-01 -2.140812e-03 -4.105128e+00 -1.544385e-02 2.154850e-03 9.998784e-01 1.928083e+02
9.999300e-01 7.878936e-04 -1.180053e-02 -1.141127e+01 -7.740918e-04 9.999990e-01 1.174805e-03 -4.129692e+00 1.180135e-02 -1.165593e-03 9.999297e-01 1.939197e+02
9.998768e-01 -9.080681e-04 1.566762e-02 -1.144657e+01 9.421246e-04 9.999972e-01 -2.166963e-03 -4.154804e+00 -1.566570e-02 2.181452e-03 9.998749e-01 1.950721e+02
9.999289e-01 7.867632e-04 -1.189576e-02 -1.148468e+01 -7.734208e-04 9.999991e-01 1.126861e-03 -4.180596e+00 1.189655e-02 -1.117586e-03 9.999286e-01 1.962803e+02
9.998777e-01 -8.946141e-04 1.560697e-02 -1.152875e+01 9.295520e-04 9.999971e-01 -2.232027e-03 -4.207327e+00 -1.560502e-02 2.246256e-03 9.998757e-01 1.975681e+02
9.999286e-01 7.728413e-04 -1.191474e-02 -1.157410e+01 -7.597216e-04 9.999991e-01 1.106320e-03 -4.234437e+00 1.191549e-02 -1.097195e-03 9.999284e-01 1.988856e+02
9.998909e-01 -8.495418e-04 1.474435e-02 -1.163263e+01 8.834054e-04 9.999970e-01 -2.290919e-03 -4.262333e+00 -1.474245e-02 2.303689e-03 9.998886e-01 2.002694e+02
9.999412e-01 7.352825e-04 -1.081713e-02 -1.167288e+01 -7.224469e-04 9.999990e-01 1.191236e-03 -4.288941e+00 1.081791e-02 -1.183356e-03 9.999408e-01 2.015494e+02
9.998933e-01 -8.406130e-04 1.457569e-02 -1.171232e+01 8.734462e-04 9.999971e-01 -2.246956e-03 -4.314923e+00 -1.457385e-02 2.259443e-03 9.998912e-01 2.027753e+02
9.999465e-01 7.003103e-04 -1.031667e-02 -1.174286e+01 -6.872428e-04 9.999990e-01 1.270947e-03 -4.339850e+00 1.031746e-02 -1.263795e-03 9.999459e-01 2.039152e+02
9.998941e-01 -8.516754e-04 1.452659e-02 -1.177568e+01 8.845310e-04 9.999971e-01 -2.256057e-03 -4.364988e+00 -1.452472e-02 2.268662e-03 9.998919e-01 2.050651e+02
9.999476e-01 6.967927e-04 -1.021012e-02 -1.181311e+01 -6.846706e-04 9.999991e-01 1.191547e-03 -4.391199e+00 1.021085e-02 -1.184500e-03 9.999471e-01 2.063092e+02
9.998624e-01 -9.700759e-04 1.655597e-02 -1.183478e+01 1.005433e-03 9.999972e-01 -2.127954e-03 -4.415967e+00 -1.655395e-02 2.144301e-03 9.998606e-01 2.074623e+02
9.999461e-01 6.903088e-04 -1.035162e-02 -1.185323e+01 -6.778207e-04 9.999990e-01 1.210678e-03 -4.440580e+00 1.035236e-02 -1.203603e-03 9.999457e-01 2.085848e+02
9.998406e-01 -9.597941e-04 1.782516e-02 -1.186406e+01 9.973339e-04 9.999973e-01 -2.097706e-03 -4.464218e+00 -1.782319e-02 2.115144e-03 9.998389e-01 2.096546e+02
9.999652e-01 5.724057e-04 -8.317366e-03 -1.185858e+01 -5.616450e-04 9.999990e-01 1.297058e-03 -4.487733e+00 8.318007e-03 -1.292347e-03 9.999645e-01 2.106934e+02
9.997441e-01 -1.031460e-03 2.259702e-02 -1.183574e+01 1.079217e-03 9.999972e-01 -2.101691e-03 -4.510311e+00 -2.259489e-02 2.125535e-03 9.997424e-01 2.116823e+02
9.999270e-01 5.628185e-04 -1.206483e-02 -1.182419e+01 -5.468576e-04 9.999990e-01 1.326885e-03 -4.534449e+00 1.206547e-02 -1.320197e-03 9.999263e-01 2.127540e+02
9.997933e-01 -9.176050e-04 2.030879e-02 -1.182526e+01 9.616255e-04 9.999972e-01 -2.158314e-03 -4.558361e+00 -2.030685e-02 2.177391e-03 9.997914e-01 2.138179e+02
9.999128e-01 6.593097e-04 -1.318296e-02 -1.183722e+01 -6.424772e-04 9.999990e-01 1.281668e-03 -4.581927e+00 1.318370e-02 -1.273093e-03 9.999122e-01 2.148736e+02
9.996249e-01 -1.009341e-03 2.736771e-02 -1.181915e+01 1.067634e-03 9.999972e-01 -2.115745e-03 -4.602783e+00 -2.736560e-02 2.144164e-03 9.996232e-01 2.157505e+02
9.999858e-01 3.897730e-04 -5.307625e-03 -1.177280e+01 -3.838809e-04 9.999993e-01 1.112677e-03 -4.622350e+00 5.307960e-03 -1.110630e-03 9.999853e-01 2.165388e+02
9.996024e-01 -9.213722e-04 2.817943e-02 -1.173333e+01 9.836139e-04 9.999971e-01 -2.195272e-03 -4.640970e+00 -2.817742e-02 2.222111e-03 9.996004e-01 2.172922e+02
9.999941e-01 4.036180e-04 -3.396904e-03 -1.168948e+01 -4.000781e-04 9.999994e-01 1.045136e-03 -4.659011e+00 3.397228e-03 -1.043777e-03 9.999936e-01 2.180080e+02
9.998209e-01 -8.348989e-04 1.890500e-02 -1.165887e+01 8.706073e-04 9.999979e-01 -1.881110e-03 -4.679644e+00 -1.890348e-02 1.897226e-03 9.998195e-01 2.188493e+02
9.999762e-01 4.244466e-04 -6.883471e-03 -1.163328e+01 -4.162798e-04 9.999992e-01 1.189008e-03 -4.701872e+00 6.883873e-03 -1.186121e-03 9.999756e-01 2.197794e+02
9.998388e-01 -7.655442e-04 1.793271e-02 -1.161512e+01 7.998887e-04 9.999979e-01 -1.908542e-03 -4.723429e+00 -1.793131e-02 1.922572e-03 9.998373e-01 2.206743e+02
9.999643e-01 4.846135e-04 -8.425248e-03 -1.159743e+01 -4.741677e-04 9.999991e-01 1.242736e-03 -4.744742e+00 8.425745e-03 -1.238703e-03 9.999637e-01 2.215360e+02
9.999085e-01 -6.550105e-04 1.350628e-02 -1.161246e+01 6.829839e-04 9.999976e-01 -2.067231e-03 -4.767489e+00 -1.350499e-02 2.076260e-03 9.999066e-01 2.225025e+02
9.999603e-01 5.401567e-04 -8.887177e-03 -1.163124e+01 -5.291430e-04 9.999991e-01 1.242495e-03 -4.789734e+00 8.887742e-03 -1.237750e-03 9.999597e-01 2.234466e+02
9.999017e-01 -6.993317e-04 1.399892e-02 -1.164551e+01 7.280147e-04 9.999976e-01 -2.044530e-03 -4.811976e+00 -1.399755e-02 2.054514e-03 9.998999e-01 2.243756e+02
9.999411e-01 6.517990e-04 -1.083073e-02 -1.167585e+01 -6.390821e-04 9.999991e-01 1.178332e-03 -4.834766e+00 1.083139e-02 -1.171348e-03 9.999406e-01 2.253565e+02
9.999037e-01 -7.029082e-04 1.385525e-02 -1.171430e+01 7.325028e-04 9.999975e-01 -2.131608e-03 -4.858940e+00 -1.385382e-02 2.141545e-03 9.999017e-01 2.264429e+02
9.999446e-01 6.273581e-04 -1.050532e-02 -1.175316e+01 -6.154902e-04 9.999992e-01 1.133684e-03 -4.883771e+00 1.050592e-02 -1.127162e-03 9.999441e-01 2.275866e+02
9.999101e-01 -6.695969e-04 1.339006e-02 -1.180013e+01 6.990721e-04 9.999973e-01 -2.197327e-03 -4.909479e+00 -1.338865e-02 2.206484e-03 9.999079e-01 2.288024e+02
9.999381e-01 6.643072e-04 -1.109973e-02 -1.185286e+01 -6.517844e-04 9.999991e-01 1.132537e-03 -4.934986e+00 1.110038e-02 -1.125239e-03 9.999377e-01 2.300095e+02
9.999172e-01 -6.559842e-04 1.284575e-02 -1.191791e+01 6.851330e-04 9.999972e-01 -2.265516e-03 -4.961508e+00 -1.284433e-02 2.274122e-03 9.999149e-01 2.312989e+02
9.999375e-01 6.840764e-04 -1.115490e-02 -1.197793e+01 -6.710858e-04 9.999991e-01 1.169022e-03 -4.987382e+00 1.115559e-02 -1.161470e-03 9.999371e-01 2.325421e+02
9.999236e-01 -6.051963e-04 1.234164e-02 -1.204147e+01 6.334328e-04 9.999972e-01 -2.284802e-03 -5.013529e+00 -1.234032e-02 2.292438e-03 9.999212e-01 2.338149e+02
9.999402e-01 6.551912e-04 -1.091184e-02 -1.210465e+01 -6.424260e-04 9.999991e-01 1.174097e-03 -5.039619e+00 1.091250e-02 -1.167024e-03 9.999397e-01 2.350812e+02
9.999208e-01 -5.990687e-04 1.256518e-02 -1.216499e+01 6.279524e-04 9.999972e-01 -2.295572e-03 -5.065820e+00 -1.256387e-02 2.303273e-03 9.999184e-01 2.363566e+02
9.999363e-01 6.684271e-04 -1.126020e-02 -1.222858e+01 -6.554351e-04 9.999991e-01 1.158221e-03 -5.092256e+00 1.126086e-02 -1.150775e-03 9.999359e-01 2.376518e+02
9.999229e-01 -5.922087e-04 1.240177e-02 -1.229453e+01 6.205146e-04 9.999972e-01 -2.279380e-03 -5.118468e+00 -1.240048e-02 2.286893e-03 9.999205e-01 2.389297e+02
9.999357e-01 6.789609e-04 -1.131091e-02 -1.235585e+01 -6.654419e-04 9.999991e-01 1.199715e-03 -5.143914e+00 1.131161e-02 -1.192119e-03 9.999353e-01 2.401488e+02
9.999200e-01 -5.803402e-04 1.263163e-02 -1.241179e+01 6.087166e-04 9.999973e-01 -2.243416e-03 -5.168792e+00 -1.263039e-02 2.250919e-03 9.999177e-01 2.413215e+02
9.999330e-01 6.704445e-04 -1.154716e-02 -1.247005e+01 -6.568919e-04 9.999991e-01 1.178196e-03 -5.194009e+00 1.154784e-02 -1.170539e-03 9.999326e-01 2.425183e+02
9.999215e-01 -5.585658e-04 1.251288e-02 -1.252911e+01 5.866094e-04 9.999973e-01 -2.238323e-03 -5.219237e+00 -1.251169e-02 2.245480e-03 9.999192e-01 2.437178e+02
9.999339e-01 6.532237e-04 -1.147622e-02 -1.258123e+01 -6.390119e-04 9.999990e-01 1.242768e-03 -5.243553e+00 1.147693e-02 -1.235360e-03 9.999333e-01 2.448390e+02
9.999204e-01 -5.781019e-04 1.259910e-02 -1.262783e+01 6.056718e-04 9.999974e-01 -2.185248e-03 -5.267342e+00 -1.259791e-02 2.192698e-03 9.999182e-01 2.459032e+02
9.999251e-01 6.936879e-04 -1.221843e-02 -1.267410e+01 -6.783565e-04 9.999990e-01 1.259618e-03 -5.290888e+00 1.221920e-02 -1.251243e-03 9.999245e-01 2.469495e+02
9.999212e-01 -5.910156e-04 1.253704e-02 -1.273250e+01 6.194774e-04 9.999972e-01 -2.267179e-03 -5.315792e+00 -1.253576e-02 2.274760e-03 9.999188e-01 2.481041e+02
9.999311e-01 6.792707e-04 -1.171300e-02 -1.279431e+01 -6.654766e-04 9.999991e-01 1.182315e-03 -5.341518e+00 1.171369e-02 -1.174447e-03 9.999307e-01 2.493419e+02
9.999246e-01 -5.902083e-04 1.225838e-02 -1.286120e+01 6.182162e-04 9.999972e-01 -2.281886e-03 -5.367615e+00 -1.225709e-02 2.289284e-03 9.999222e-01 2.506012e+02
9.999331e-01 6.663644e-04 -1.154592e-02 -1.292818e+01 -6.528119e-04 9.999991e-01 1.178319e-03 -5.393660e+00 1.154660e-02 -1.170711e-03 9.999326e-01 2.518631e+02
9.999243e-01 -5.760873e-04 1.228270e-02 -1.298991e+01 6.034295e-04 9.999973e-01 -2.223234e-03 -5.418822e+00 -1.228149e-02 2.230470e-03 9.999221e-01 2.530494e+02
9.999334e-01 6.315556e-04 -1.152311e-02 -1.305002e+01 -6.177899e-04 9.999991e-01 1.198946e-03 -5.443757e+00 1.152376e-02 -1.191756e-03 9.999328e-01 2.542094e+02
9.999214e-01 -6.219322e-04 1.251909e-02 -1.311956e+01 6.507897e-04 9.999971e-01 -2.301887e-03 -5.470085e+00 -1.251773e-02 2.309845e-03 9.999189e-01 2.554712e+02
9.999399e-01 5.927862e-04 -1.093959e-02 -1.318818e+01 -5.801297e-04 9.999992e-01 1.160945e-03 -5.496926e+00 1.094017e-02 -1.154537e-03 9.999394e-01 2.567795e+02
9.999217e-01 -5.884935e-04 1.249859e-02 -1.325226e+01 6.169325e-04 9.999972e-01 -2.272392e-03 -5.523254e+00 -1.249732e-02 2.279917e-03 9.999193e-01 2.580470e+02
9.999383e-01 6.049205e-04 -1.108788e-02 -1.331093e+01 -5.914779e-04 9.999991e-01 1.216465e-03 -5.548767e+00 1.108851e-02 -1.209840e-03 9.999377e-01 2.592510e+02
9.999229e-01 -5.829471e-04 1.240216e-02 -1.336035e+01 6.101415e-04 9.999974e-01 -2.189818e-03 -5.573294e+00 -1.240095e-02 2.197208e-03 9.999206e-01 2.603612e+02
9.999385e-01 6.015363e-04 -1.107265e-02 -1.341179e+01 -5.881738e-04 9.999991e-01 1.210899e-03 -5.597724e+00 1.107327e-02 -1.204320e-03 9.999379e-01 2.614681e+02
9.999237e-01 -6.084070e-04 1.233130e-02 -1.347048e+01 6.360500e-04 9.999973e-01 -2.238676e-03 -5.623054e+00 -1.233000e-02 2.246340e-03 9.999214e-01 2.626424e+02
9.999364e-01 5.842865e-04 -1.125614e-02 -1.353250e+01 -5.710872e-04 9.999991e-01 1.176674e-03 -5.649072e+00 1.125672e-02 -1.170179e-03 9.999359e-01 2.638661e+02
9.999228e-01 -6.041429e-04 1.240766e-02 -1.360089e+01 6.325718e-04 9.999972e-01 -2.288230e-03 -5.675741e+00 -1.240634e-02 2.295893e-03 9.999204e-01 2.651474e+02
