9.999985e-01 1.683170e-03 -3.540312e-04 8.719341e-02 -1.682739e-03 9.999978e-01 1.215135e-03 -2.525664e-02 3.560757e-04 -1.214537e-03 9.999991e-01 1.692551e+00
9.999997e-01 4.757185e-04 -6.785947e-04 1.889509e-01 -4.755101e-04 9.999998e-01 3.072404e-04 -5.192865e-02 6.787407e-04 -3.069169e-04 9.999996e-01 3.532205e+00
9.999986e-01 1.656932e-03 -2.716571e-04 2.922360e-01 -1.656623e-03 9.999980e-01 1.134887e-03 -7.829227e-02 2.735368e-04 -1.134434e-03 9.999992e-01 5.353387e+00
9.999997e-01 4.864254e-04 -5.398210e-04 3.880229e-01 -4.862311e-04 9.999998e-01 3.597879e-04 -1.052150e-01 5.399957e-04 -3.595243e-04 9.999997e-01 7.201701e+00
9.999988e-01 1.556038e-03 6.751410e-05 4.723261e-01 -1.556113e-03 9.999982e-01 1.119914e-03 -1.321602e-01 -6.577167e-05 -1.120017e-03 9.999993e-01 9.058769e+00
9.999999e-01 3.195513e-04 -1.644480e-04 5.514798e-01 -3.194963e-04 9.999999e-01 3.338116e-04 -1.591555e-01 1.645543e-04 -3.337577e-04 9.999998e-01 1.094523e+01
9.999984e-01 1.776270e-03 5.087470e-05 6.313873e-01 -1.776330e-03 9.999977e-01 1.209518e-03 -1.879965e-01 -4.872650e-05 -1.209605e-03 9.999992e-01 1.298756e+01
9.999999e-01 2.515417e-04 -2.065621e-04 7.075373e-01 -2.514915e-04 9.999999e-01 2.430085e-04 -2.151760e-01 2.066228e-04 -2.429550e-04 9.999998e-01 1.482977e+01
9.999987e-01 1.632926e-03 -2.088101e-05 7.829496e-01 -1.632903e-03 9.999981e-01 1.027234e-03 -2.416973e-01 2.255798e-05 -1.027197e-03 9.999994e-01 1.663867e+01
9.999999e-01 2.317439e-04 -2.219322e-04 8.547563e-01 -2.316882e-04 9.999999e-01 2.507626e-04 -2.678164e-01 2.219898e-04 -2.507092e-04 9.999998e-01 1.837407e+01
9.999988e-01 1.550870e-03 5.689457e-05 9.288194e-01 -1.550932e-03 9.999982e-01 1.110295e-03 -2.942361e-01 -5.517297e-05 -1.110380e-03 9.999993e-01 2.017805e+01
9.999999e-01 4.259270e-04 -2.304644e-04 1.005646e+00 -4.258517e-04 9.999999e-01 3.264162e-04 -3.220873e-01 2.306029e-04 -3.263158e-04 9.999998e-01 2.212006e+01
9.999987e-01 1.608447e-03 -3.144208e-05 1.089745e+00 -1.608412e-03 9.999981e-01 1.107716e-03 -3.493269e-01 3.322325e-05 -1.107662e-03 9.999993e-01 2.398183e+01
9.999999e-01 3.708753e-04 -2.687673e-04 1.163179e+00 -3.708481e-04 9.999999e-01 1.012038e-04 -3.752619e-01 2.688043e-04 -1.011017e-04 9.999999e-01 2.572563e+01
9.999988e-01 1.523793e-03 6.529814e-05 1.248190e+00 -1.523874e-03 9.999980e-01 1.266456e-03 -4.021614e-01 -6.336873e-05 -1.266551e-03 9.999991e-01 2.758035e+01
9.999998e-01 5.345586e-04 -2.827608e-04 1.322497e+00 -5.345332e-04 9.999999e-01 8.965384e-05 -4.284373e-01 2.828081e-04 -8.949997e-05 9.999999e-01 2.931965e+01
9.999995e-01 1.028736e-03 -2.572625e-05 1.390765e+00 -1.028713e-03 9.999991e-01 8.870389e-04 -4.523175e-01 2.663816e-05 -8.870092e-04 9.999995e-01 3.089494e+01
9.999996e-01 8.210821e-04 -2.603125e-04 1.463088e+00 -8.210042e-04 9.999996e-01 2.989633e-04 -4.779572e-01 2.605573e-04 -2.987465e-04 9.999998e-01 3.260824e+01
9.999994e-01 1.055200e-03 -6.553352e-05 1.538891e+00 -1.055144e-03 9.999991e-01 8.520717e-04 -5.044019e-01 6.643191e-05 -8.519990e-04 9.999995e-01 3.443131e+01
9.999995e-01 1.008333e-03 -8.531909e-05 1.626028e+00 -1.008273e-03 9.999992e-01 6.964497e-04 -5.333713e-01 8.602060e-05 -6.963602e-04 9.999997e-01 3.649387e+01
9.999992e-01 1.234148e-03 -8.829858e-05 1.697408e+00 -1.234075e-03 9.999989e-01 8.228148e-04 -5.615918e-01 8.931326e-05 -8.227018e-04 9.999996e-01 3.840372e+01
9.999998e-01 5.141276e-04 -2.396267e-04 1.760509e+00 -5.140661e-04 9.999998e-01 2.563447e-04 -5.863980e-01 2.397578e-04 -2.562181e-04 9.999998e-01 4.001495e+01
9.999992e-01 1.284580e-03 -1.614827e-04 1.826636e+00 -1.284456e-03 9.999989e-01 7.646142e-04 -6.113430e-01 1.624640e-04 -7.644026e-04 9.999996e-01 4.163917e+01
9.999999e-01 4.653377e-04 -3.454640e-05 1.894434e+00 -4.653191e-04 9.999997e-01 5.349116e-04 -6.373204e-01 3.479451e-05 -5.348918e-04 9.999998e-01 4.335606e+01
9.999988e-01 1.559134e-03 -1.581528e-04 1.952783e+00 -1.559009e-03 9.999985e-01 7.876276e-04 -6.643527e-01 1.593798e-04 -7.873763e-04 9.999996e-01 4.518236e+01
9.999999e-01 3.538426e-04 -2.283496e-04 2.022930e+00 -3.537781e-04 9.999999e-01 2.822099e-04 -6.903806e-01 2.284485e-04 -2.821252e-04 9.999998e-01 4.693169e+01
9.999989e-01 1.486253e-03 -6.116200e-06 2.082985e+00 -1.486247e-03 9.999984e-01 9.666832e-04 -7.161495e-01 7.552032e-06 -9.666690e-04 9.999994e-01 4.860481e+01
1.000000e+00 1.450097e-04 -3.321204e-05 2.148945e+00 -1.449949e-04 9.999999e-01 4.464942e-04 -7.423056e-01 3.327588e-05 -4.464852e-04 9.999998e-01 5.037874e+01
9.999983e-01 1.849383e-03 -6.382400e-05 2.215270e+00 -1.849305e-03 9.999976e-01 1.203398e-03 -7.698920e-01 6.604847e-05 -1.203273e-03 9.999992e-01 5.222890e+01
9.999999e-01 -5.355356e-05 -4.620876e-04 2.284548e+00 5.372459e-05 9.999999e-01 3.700412e-04 -7.962967e-01 4.620668e-04 -3.700615e-04 9.999997e-01 5.396201e+01
9.999983e-01 1.838721e-03 2.103870e-04 2.352829e+00 -1.838970e-03 9.999976e-01 1.193506e-03 -8.231905e-01 -2.081930e-04 -1.193887e-03 9.999992e-01 5.581375e+01
9.999999e-01 1.562808e-04 -2.854764e-04 2.424391e+00 -1.561851e-04 9.999999e-01 3.351908e-04 -8.509831e-01 2.855277e-04 -3.351414e-04 9.999998e-01 5.772783e+01
9.999982e-01 1.875057e-03 1.672341e-04 2.499417e+00 -1.875253e-03 9.999976e-01 1.176044e-03 -8.787036e-01 -1.650295e-04 -1.176350e-03 9.999992e-01 5.962048e+01
9.999998e-01 2.212628e-04 -6.287205e-04 2.593338e+00 -2.210104e-04 9.999999e-01 4.014460e-04 -9.072504e-01 6.288082e-04 -4.013019e-04 9.999996e-01 6.163060e+01
9.999966e-01 2.239408e-03 -1.357550e-03 2.797179e+00 -2.238550e-03 9.999973e-01 6.334837e-04 -9.326524e-01 1.358964e-03 -6.304373e-04 9.999988e-01 6.351459e+01
9.999999e-01 2.056360e-04 -3.826581e-04 2.989813e+00 -2.055365e-04 9.999999e-01 2.600723e-04 -9.572990e-01 3.827101e-04 -2.599883e-04 9.999998e-01 6.538236e+01
9.999961e-01 2.245713e-03 -1.667896e-03 3.195745e+00 -2.244130e-03 9.999970e-01 9.502971e-04 -9.843673e-01 1.670023e-03 -9.465450e-04 9.999981e-01 6.739311e+01
9.999999e-01 3.361719e-04 -2.374437e-04 3.480213e+00 -3.362689e-04 9.999999e-01 -4.089899e-04 -1.008298e+00 2.373043e-04 4.090752e-04 9.999998e-01 6.944059e+01
9.999966e-01 2.440687e-03 -9.556240e-04 3.653122e+00 -2.439834e-03 9.999966e-01 8.923439e-04 -1.031722e+00 9.577967e-04 -8.900038e-04 9.999990e-01 7.115315e+01
9.999993e-01 -9.264067e-04 6.680172e-04 3.725960e+00 9.263906e-04 9.999996e-01 2.455288e-05 -1.055540e+00 -6.680417e-04 -2.392841e-05 9.999997e-01 7.276430e+01
9.999953e-01 2.907870e-03 -9.225420e-04 3.803253e+00 -2.906692e-03 9.999950e-01 1.275548e-03 -1.081982e+00 9.262444e-04 -1.272855e-03 9.999987e-01 7.454728e+01
9.999993e-01 -1.056937e-03 5.973495e-04 3.868950e+00 1.057033e-03 9.999994e-01 -1.599029e-04 -1.106538e+00 -5.971822e-04 1.605401e-04 9.999997e-01 7.611400e+01
9.999962e-01 2.581208e-03 -9.179457e-04 3.930493e+00 -2.580169e-03 9.999960e-01 1.130940e-03 -1.130640e+00 9.208591e-04 -1.128562e-03 9.999988e-01 7.769274e+01
9.999997e-01 -6.401087e-04 5.212461e-04 3.994786e+00 6.401196e-04 9.999998e-01 -2.063752e-05 -1.157023e+00 -5.212350e-04 2.097723e-05 9.999998e-01 7.944429e+01
9.999960e-01 2.662938e-03 -9.850591e-04 4.065399e+00 -2.661912e-03 9.999959e-01 1.041588e-03 -1.183445e+00 9.878265e-04 -1.038955e-03 9.999989e-01 8.122374e+01
9.999997e-01 -6.323642e-04 4.740794e-04 4.122738e+00 6.323944e-04 9.999998e-01 -6.355239e-05 -1.208495e+00 -4.740414e-04 6.385842e-05 9.999998e-01 8.280391e+01
9.999973e-01 1.950080e-03 -1.289581e-03 4.288701e+00 -1.948860e-03 9.999977e-01 9.463829e-04 -1.231477e+00 1.291421e-03 -9.438608e-04 9.999986e-01 8.437829e+01
9.999920e-01 1.465658e-03 -3.710092e-03 4.612993e+00 -1.465982e-03 9.999989e-01 -8.449310e-05 -1.257110e+00 3.709961e-03 8.993776e-05 9.999930e-01 8.628113e+01
9.997752e-01 5.244758e-03 -2.054539e-02 4.979408e+00 -5.202518e-03 9.999842e-01 2.108855e-03 -1.278530e+00 2.055613e-02 -2.001486e-03 9.997866e-01 8.816483e+01
9.999905e-01 -3.176440e-03 -2.977873e-03 5.065436e+00 3.172399e-03 9.999940e-01 -1.360924e-03 -1.277133e+00 2.982171e-03 1.351470e-03 9.999945e-01 8.925753e+01
9.998532e-01 7.370755e-03 -1.546900e-02 5.183320e+00 -7.310355e-03 9.999654e-01 3.957499e-03 -1.296230e+00 1.549763e-02 -3.843827e-03 9.998724e-01 9.050705e+01
9.999579e-01 -1.941820e-03 -8.971368e-03 5.633285e+00 1.924534e-03 9.999963e-01 -1.935027e-03 -1.303673e+00 8.975081e-03 1.917687e-03 9.999578e-01 9.207156e+01
9.998776e-01 7.571090e-03 -1.369354e-02 6.213545e+00 -7.521492e-03 9.999650e-01 3.669818e-03 -1.308737e+00 1.372083e-02 -3.566366e-03 9.998994e-01 9.361648e+01
9.999778e-01 -2.885081e-03 -6.014132e-03 6.819144e+00 2.867702e-03 9.999917e-01 -2.896376e-03 -1.302649e+00 6.022422e-03 2.879072e-03 9.999776e-01 9.482148e+01
9.999526e-01 6.996084e-03 -6.775740e-03 7.410488e+00 -6.973731e-03 9.999702e-01 3.316942e-03 -1.304857e+00 6.798726e-03 -3.269525e-03 9.999714e-01 9.585064e+01
9.999882e-01 -3.036021e-03 -3.780232e-03 7.923231e+00 3.025019e-03 9.999912e-01 -2.912915e-03 -1.307797e+00 3.789023e-03 2.901452e-03 9.999885e-01 9.704150e+01
9.999592e-01 7.016898e-03 -5.680237e-03 8.348490e+00 -6.996154e-03 9.999688e-01 3.663533e-03 -1.319672e+00 5.705747e-03 -3.623636e-03 9.999771e-01 9.833030e+01
9.999845e-01 -2.858398e-03 -4.769761e-03 8.948611e+00 2.839241e-03 9.999879e-01 -4.018462e-03 -1.324070e+00 4.781169e-03 4.004865e-03 9.999805e-01 9.953142e+01
9.999370e-01 7.556457e-03 -8.300020e-03 9.654542e+00 -7.524353e-03 9.999641e-01 3.892351e-03 -1.326129e+00 8.329113e-03 -3.829647e-03 9.999579e-01 1.008040e+02
9.999759e-01 -2.750214e-03 -6.367310e-03 1.049732e+01 2.719677e-03 9.999848e-01 -4.799814e-03 -1.318604e+00 6.380390e-03 4.782389e-03 9.999681e-01 1.018839e+02
9.999234e-01 7.426403e-03 -9.905900e-03 1.142231e+01 -7.388941e-03 9.999654e-01 3.812904e-03 -1.307690e+00 9.933849e-03 -3.739411e-03 9.999436e-01 1.028900e+02
9.999538e-01 -2.233433e-03 -9.352450e-03 1.230561e+01 2.201035e-03 9.999915e-01 -3.473015e-03 -1.297776e+00 9.360101e-03 3.452276e-03 9.999501e-01 1.038639e+02
9.999010e-01 7.269901e-03 -1.204671e-02 1.319162e+01 -7.222183e-03 9.999659e-01 3.999787e-03 -1.285262e+00 1.207535e-02 -3.912381e-03 9.999193e-01 1.047783e+02
9.999515e-01 -3.395310e-03 -9.240355e-03 1.378136e+01 3.370249e-03 9.999906e-01 -2.726467e-03 -1.273300e+00 9.249494e-03 2.695199e-03 9.999535e-01 1.053776e+02
9.998602e-01 6.572742e-03 -1.537741e-02 1.395270e+01 -6.500266e-03 9.999676e-01 4.758326e-03 -1.269891e+00 1.540815e-02 -4.657697e-03 9.998703e-01 1.059904e+02
9.999832e-01 -4.781090e-03 3.277215e-03 1.402360e+01 4.795156e-03 9.999793e-01 -4.297345e-03 -1.269893e+00 -3.256635e-03 4.312994e-03 9.999853e-01 1.066006e+02
9.999631e-01 6.023228e-03 -6.131995e-03 1.405485e+01 -5.991843e-03 9.999689e-01 5.123486e-03 -1.284470e+00 6.162630e-03 -5.086548e-03 9.999680e-01 1.071413e+02
9.999692e-01 -5.577597e-03 5.527926e-03 1.408299e+01 5.603772e-03 9.999731e-01 -4.730681e-03 -1.298930e+00 -5.501426e-03 4.761520e-03 9.999734e-01 1.077433e+02
9.999587e-01 6.690785e-03 -6.155175e-03 1.413000e+01 -6.659135e-03 9.999646e-01 5.148113e-03 -1.316517e+00 6.189367e-03 -5.106905e-03 9.999677e-01 1.086230e+02
9.999686e-01 -5.607298e-03 5.606571e-03 1.418211e+01 5.632785e-03 9.999738e-01 -4.540292e-03 -1.335190e+00 -5.581000e-03 4.571737e-03 9.999739e-01 1.096301e+02
9.999580e-01 6.927909e-03 -6.005890e-03 1.422991e+01 -6.896454e-03 9.999625e-01 5.242168e-03 -1.355195e+00 6.041947e-03 -5.200522e-03 9.999681e-01 1.107874e+02
9.999690e-01 -5.485123e-03 5.656410e-03 1.428115e+01 5.510003e-03 9.999752e-01 -4.392276e-03 -1.377326e+00 -5.632212e-03 4.423314e-03 9.999743e-01 1.121818e+02
9.999539e-01 7.334887e-03 -6.188433e-03 1.433681e+01 -7.302775e-03 9.999598e-01 5.195670e-03 -1.400707e+00 6.226259e-03 -5.150231e-03 9.999673e-01 1.136302e+02
9.999668e-01 -5.743474e-03 5.786651e-03 1.439330e+01 5.768470e-03 9.999741e-01 -4.311971e-03 -1.424846e+00 -5.761771e-03 4.345215e-03 9.999739e-01 1.151919e+02
9.999508e-01 7.723854e-03 -6.219888e-03 1.444915e+01 -7.690997e-03 9.999564e-01 5.288953e-03 -1.450217e+00 6.260433e-03 -5.240848e-03 9.999666e-01 1.168371e+02
9.999654e-01 -5.890998e-03 5.867086e-03 1.449605e+01 5.916411e-03 9.999732e-01 -4.323236e-03 -1.475277e+00 -5.841495e-03 4.357806e-03 9.999733e-01 1.184306e+02
9.999509e-01 7.726161e-03 -6.212594e-03 1.453098e+01 -7.693206e-03 9.999563e-01 5.310968e-03 -1.500790e+00 6.253321e-03 -5.262905e-03 9.999665e-01 1.200468e+02
9.999653e-01 -5.820236e-03 5.957978e-03 1.456392e+01 5.845692e-03 9.999738e-01 -4.263853e-03 -1.527760e+00 -5.933040e-03 4.298541e-03 9.999731e-01 1.218036e+02
9.999513e-01 7.817573e-03 -6.015984e-03 1.458531e+01 -7.783107e-03 9.999533e-01 5.731066e-03 -1.556315e+00 6.060470e-03 -5.683957e-03 9.999654e-01 1.236419e+02
9.999655e-01 -5.886052e-03 5.865672e-03 1.461555e+01 5.911817e-03 9.999729e-01 -4.384686e-03 -1.583886e+00 -5.839739e-03 4.419219e-03 9.999731e-01 1.254239e+02
9.999509e-01 7.809503e-03 -6.104799e-03 1.465433e+01 -7.775328e-03 9.999541e-01 5.601598e-03 -1.610978e+00 6.148229e-03 -5.553848e-03 9.999656e-01 1.271891e+02
9.999656e-01 -5.863884e-03 5.861434e-03 1.469171e+01 5.889852e-03 9.999729e-01 -4.422603e-03 -1.638071e+00 -5.835377e-03 4.456982e-03 9.999729e-01 1.289630e+02
9.999495e-01 7.919000e-03 -6.191823e-03 1.472603e+01 -7.885045e-03 9.999538e-01 5.488942e-03 -1.664643e+00 6.234969e-03 -5.439834e-03 9.999657e-01 1.306496e+02
9.999624e-01 -6.178948e-03 6.078470e-03 1.475105e+01 6.204549e-03 9.999719e-01 -4.201679e-03 -1.690717e+00 -6.052373e-03 4.239244e-03 9.999726e-01 1.322750e+02
9.999499e-01 7.877343e-03 -6.174368e-03 1.477697e+01 -7.843602e-03 9.999543e-01 5.469757e-03 -1.716563e+00 6.217137e-03 -5.421046e-03 9.999659e-01 1.339017e+02
9.999655e-01 -5.949189e-03 5.800641e-03 1.481543e+01 5.974724e-03 9.999725e-01 -4.394397e-03 -1.742439e+00 -5.774373e-03 4.428911e-03 9.999734e-01 1.355294e+02
9.999529e-01 7.591832e-03 -6.049635e-03 1.484945e+01 -7.559099e-03 9.999568e-01 5.415032e-03 -1.766671e+00 6.090448e-03 -5.369039e-03 9.999669e-01 1.370423e+02
9.999629e-01 -6.238567e-03 5.947387e-03 1.491697e+01 6.263745e-03 9.999715e-01 -4.224071e-03 -1.790213e+00 -5.920900e-03 4.261176e-03 9.999733e-01 1.385994e+02
9.999499e-01 7.813714e-03 -6.253833e-03 1.498141e+01 -7.779681e-03 9.999549e-01 5.447590e-03 -1.814586e+00 6.296081e-03 -5.398656e-03 9.999655e-01 1.401699e+02
9.999611e-01 -6.457923e-03 6.015323e-03 1.507062e+01 6.483778e-03 9.999698e-01 -4.288365e-03 -1.838351e+00 -5.987483e-03 4.327209e-03 9.999726e-01 1.418149e+02
9.999463e-01 8.242948e-03 -6.278403e-03 1.515321e+01 -8.207625e-03 9.999505e-01 5.630973e-03 -1.863219e+00 6.324473e-03 -5.579131e-03 9.999643e-01 1.434387e+02
9.999616e-01 -6.639078e-03 5.712592e-03 1.520904e+01 6.663222e-03 9.999689e-01 -4.217517e-03 -1.887497e+00 -5.684449e-03 4.255429e-03 9.999747e-01 1.449422e+02
9.999475e-01 8.393795e-03 -5.869414e-03 1.524740e+01 -8.361367e-03 9.999498e-01 5.527439e-03 -1.911636e+00 5.915480e-03 -5.478064e-03 9.999674e-01 1.464670e+02
9.999609e-01 -6.858431e-03 5.574628e-03 1.529659e+01 6.884194e-03 9.999657e-01 -4.615229e-03 -1.934698e+00 -5.542819e-03 4.653434e-03 9.999737e-01 1.479209e+02
9.999461e-01 8.576423e-03 -5.857307e-03 1.534962e+01 -8.543140e-03 9.999474e-01 5.683762e-03 -1.959062e+00 5.905709e-03 -5.633407e-03 9.999666e-01 1.494795e+02
9.999614e-01 -6.856699e-03 5.487073e-03 1.540523e+01 6.882799e-03 9.999650e-01 -4.751813e-03 -1.982644e+00 -5.454335e-03 4.789405e-03 9.999736e-01 1.509818e+02
9.999462e-01 8.619769e-03 -5.778044e-03 1.546348e+01 -8.585947e-03 9.999460e-01 5.852714e-03 -2.007628e+00 5.828145e-03 -5.802780e-03 9.999661e-01 1.526086e+02
9.999623e-01 -6.724279e-03 5.493358e-03 1.552963e+01 6.749186e-03 9.999670e-01 -4.527835e-03 -2.032838e+00 -5.462766e-03 4.564749e-03 9.999746e-01 1.542264e+02
9.999465e-01 8.571922e-03 -5.792569e-03 1.559147e+01 -8.539691e-03 9.999480e-01 5.565938e-03 -2.057352e+00 5.839943e-03 -5.516164e-03 9.999676e-01 1.558428e+02
9.999627e-01 -6.634081e-03 5.527208e-03 1.564901e+01 6.658331e-03 9.999682e-01 -4.380120e-03 -2.083187e+00 -5.498010e-03 4.416768e-03 9.999750e-01 1.575414e+02
9.999454e-01 8.633809e-03 -5.881823e-03 1.569950e+01 -8.601762e-03 9.999481e-01 5.451913e-03 -2.108264e+00 5.928553e-03 -5.401012e-03 9.999677e-01 1.591393e+02
9.999613e-01 -6.931348e-03 5.416711e-03 1.575533e+01 6.956492e-03 9.999651e-01 -4.636706e-03 -2.131332e+00 -5.384419e-03 4.674217e-03 9.999745e-01 1.605735e+02
9.999465e-01 8.597110e-03 -5.759054e-03 1.581632e+01 -8.565044e-03 9.999478e-01 5.569337e-03 -2.155401e+00 5.806597e-03 -5.519703e-03 9.999678e-01 1.621312e+02
9.999636e-01 -6.633548e-03 5.370279e-03 1.586888e+01 6.657779e-03 9.999677e-01 -4.506380e-03 -2.180697e+00 -5.340248e-03 4.541979e-03 9.999753e-01 1.637599e+02
9.999467e-01 8.513826e-03 -5.842431e-03 1.592984e+01 -8.482183e-03 9.999493e-01 5.419432e-03 -2.205665e+00 5.888239e-03 -5.369577e-03 9.999682e-01 1.653785e+02
9.999637e-01 -6.579131e-03 5.413366e-03 1.598870e+01 6.602998e-03 9.999685e-01 -4.402635e-03 -2.230808e+00 -5.384266e-03 4.438230e-03 9.999756e-01 1.670007e+02
9.999472e-01 8.442250e-03 -5.859496e-03 1.605097e+01 -8.411206e-03 9.999506e-01 5.302234e-03 -2.255352e+00 5.903933e-03 -5.252659e-03 9.999687e-01 1.685898e+02
9.999650e-01 -6.345627e-03 5.444400e-03 1.610890e+01 6.368643e-03 9.999708e-01 -4.220349e-03 -2.281149e+00 -5.417496e-03 4.254884e-03 9.999762e-01 1.702660e+02
9.999493e-01 8.196712e-03 -5.854059e-03 1.616724e+01 -8.166355e-03 9.999532e-01 5.190591e-03 -2.305853e+00 5.896295e-03 -5.142512e-03 9.999693e-01 1.718775e+02
9.999657e-01 -6.259520e-03 5.424542e-03 1.622733e+01 6.282509e-03 9.999713e-01 -4.231092e-03 -2.330610e+00 -5.397938e-03 4.265036e-03 9.999762e-01 1.734826e+02
9.999499e-01 8.175674e-03 -5.780968e-03 1.628775e+01 -8.145082e-03 9.999528e-01 5.295460e-03 -2.356051e+00 5.823953e-03 -5.248099e-03 9.999692e-01 1.751473e+02
9.999651e-01 -6.252608e-03 5.535253e-03 1.634622e+01 6.275107e-03 9.999721e-01 -4.056330e-03 -2.382349e+00 -5.509773e-03 4.090932e-03 9.999764e-01 1.768964e+02
9.999479e-01 8.384002e-03 -5.820429e-03 1.640806e+01 -8.353482e-03 9.999513e-01 5.247854e-03 -2.408867e+00 5.864107e-03 -5.198950e-03 9.999692e-01 1.786699e+02
9.999639e-01 -6.486269e-03 5.485476e-03 1.646681e+01 6.508887e-03 9.999703e-01 -4.115184e-03 -2.433455e+00 -5.458657e-03 4.150750e-03 9.999764e-01 1.802471e+02
9.999520e-01 7.932305e-03 -5.755954e-03 1.652199e+01 -7.903072e-03 9.999558e-01 5.083491e-03 -2.455812e+00 5.795987e-03 -5.037747e-03 9.999704e-01 1.816431e+02
9.999654e-01 -6.283008e-03 5.455267e-03 1.657754e+01 6.305126e-03 9.999719e-01 -4.046398e-03 -2.479646e+00 -5.429727e-03 4.080665e-03 9.999768e-01 1.831615e+02
9.999518e-01 8.019498e-03 -5.663456e-03 1.663306e+01 -7.989886e-03 9.999544e-01 5.231741e-03 -2.504324e+00 5.705117e-03 -5.186229e-03 9.999702e-01 1.847530e+02
9.999663e-01 -6.289106e-03 5.272017e-03 1.668875e+01 6.311887e-03 9.999708e-01 -4.315235e-03 -2.527857e+00 -5.244761e-03 4.348376e-03 9.999767e-01 1.862356e+02
9.999520e-01 8.007513e-03 -5.649462e-03 1.674556e+01 -7.977793e-03 9.999543e-01 5.263419e-03 -2.551451e+00 5.691314e-03 -5.218086e-03 9.999701e-01 1.877138e+02
9.999662e-01 -6.332220e-03 5.245855e-03 1.680176e+01 6.355188e-03 9.999702e-01 -4.372807e-03 -2.574888e+00 -5.218046e-03 4.406008e-03 9.999766e-01 1.891924e+02
9.999516e-01 8.044429e-03 -5.658635e-03 1.686228e+01 -8.014659e-03 9.999540e-01 5.263725e-03 -2.598977e+00 5.700681e-03 -5.218108e-03 9.999700e-01 1.907518e+02
9.999674e-01 -6.114367e-03 5.270734e-03 1.692673e+01 6.136534e-03 9.999724e-01 -4.199299e-03 -2.624897e+00 -5.244949e-03 4.231517e-03 9.999772e-01 1.924875e+02
9.999513e-01 8.114640e-03 -5.609724e-03 1.699336e+01 -8.084580e-03 9.999530e-01 5.360284e-03 -2.651143e+00 5.652920e-03 -5.314661e-03 9.999698e-01 1.942343e+02
9.999656e-01 -6.336583e-03 5.348075e-03 1.705451e+01 6.358802e-03 9.999712e-01 -4.147393e-03 -2.675415e+00 -5.321678e-03 4.181269e-03 9.999770e-01 1.957504e+02
9.999550e-01 7.692881e-03 -5.558009e-03 1.711824e+01 -7.664178e-03 9.999573e-01 5.166914e-03 -2.697348e+00 5.597483e-03 -5.124073e-03 9.999711e-01 1.971061e+02
9.999655e-01 -6.385613e-03 5.310896e-03 1.718182e+01 6.408205e-03 9.999704e-01 -4.247334e-03 -2.719160e+00 -5.283654e-03 4.281232e-03 9.999768e-01 1.984732e+02
9.999536e-01 7.962210e-03 -5.420477e-03 1.724844e+01 -7.931986e-03 9.999530e-01 5.574344e-03 -2.743379e+00 5.464569e-03 -5.531079e-03 9.999697e-01 2.000178e+02
9.999652e-01 -6.423976e-03 5.314409e-03 1.731548e+01 6.446946e-03 9.999699e-01 -4.315911e-03 -2.767426e+00 -5.286561e-03 4.350034e-03 9.999765e-01 2.016069e+02
9.999529e-01 8.008152e-03 -5.488381e-03 1.738648e+01 -7.977743e-03 9.999528e-01 5.539847e-03 -2.791844e+00 5.532449e-03 -5.495790e-03 9.999695e-01 2.032221e+02
9.999648e-01 -6.235706e-03 5.611316e-03 1.742569e+01 6.257459e-03 9.999729e-01 -3.867026e-03 -2.819661e+00 -5.587088e-03 3.902014e-03 9.999767e-01 2.050482e+02
9.999512e-01 8.106746e-03 -5.642142e-03 1.746850e+01 -8.076121e-03 9.999526e-01 5.429175e-03 -2.848186e+00 5.685851e-03 -5.383332e-03 9.999692e-01 2.069600e+02
9.999658e-01 -6.084343e-03 5.604431e-03 1.752339e+01 6.105309e-03 9.999744e-01 -3.731093e-03 -2.877255e+00 -5.581623e-03 3.765193e-03 9.999772e-01 2.089089e+02
9.999517e-01 8.004053e-03 -5.703717e-03 1.758186e+01 -7.974357e-03 9.999546e-01 5.209841e-03 -2.905032e+00 5.745121e-03 -5.164095e-03 9.999701e-01 2.107808e+02
9.999657e-01 -6.109411e-03 5.582986e-03 1.764063e+01 6.130812e-03 9.999739e-01 -3.823751e-03 -2.933141e+00 -5.559517e-03 3.857860e-03 9.999770e-01 2.127020e+02
9.999514e-01 8.049988e-03 -5.682677e-03 1.769216e+01 -8.019609e-03 9.999535e-01 5.348361e-03 -2.962142e+00 5.725430e-03 -5.302517e-03 9.999695e-01 2.146773e+02
9.999670e-01 -5.941379e-03 5.532601e-03 1.775319e+01 5.962146e-03 9.999752e-01 -3.744170e-03 -2.992075e+00 -5.510256e-03 3.777045e-03 9.999776e-01 2.167405e+02
9.999508e-01 8.124416e-03 -5.696808e-03 1.782192e+01 -8.094169e-03 9.999531e-01 5.312143e-03 -3.021945e+00 5.739661e-03 -5.265759e-03 9.999696e-01 2.188126e+02
9.999657e-01 -6.059029e-03 5.639288e-03 1.789280e+01 6.079477e-03 9.999750e-01 -3.615497e-03 -3.051073e+00 -5.617278e-03 3.649670e-03 9.999775e-01 2.208072e+02
9.999517e-01 8.000024e-03 -5.711966e-03 1.796335e+01 -7.970671e-03 9.999550e-01 5.142764e-03 -3.078620e+00 5.752814e-03 -5.096976e-03 9.999704e-01 2.226862e+02
9.999663e-01 -6.041322e-03 5.563287e-03 1.803259e+01 6.062019e-03 9.999747e-01 -3.710513e-03 -3.105773e+00 -5.540767e-03 3.744125e-03 9.999775e-01 2.245105e+02
9.999526e-01 7.884701e-03 -5.710623e-03 1.810583e+01 -7.855540e-03 9.999561e-01 5.110459e-03 -3.133013e+00 5.750629e-03 -5.065345e-03 9.999705e-01 2.263916e+02
9.999678e-01 -5.781842e-03 5.566949e-03 1.818175e+01 5.801923e-03 9.999767e-01 -3.597478e-03 -3.161234e+00 -5.546057e-03 3.629674e-03 9.999779e-01 2.283328e+02
9.999511e-01 7.868801e-03 -5.987188e-03 1.824220e+01 -7.840922e-03 9.999584e-01 4.665424e-03 -3.187068e+00 6.023613e-03 -4.618238e-03 9.999711e-01 2.300120e+02
9.999672e-01 -6.018335e-03 5.421342e-03 1.830420e+01 6.039247e-03 9.999744e-01 -3.848735e-03 -3.211572e+00 -5.398077e-03 3.881362e-03 9.999778e-01 2.315788e+02
9.999510e-01 7.859949e-03 -6.025149e-03 1.836474e+01 -7.832159e-03 9.999586e-01 4.621681e-03 -3.235686e+00 6.061188e-03 -4.574252e-03 9.999711e-01 2.330994e+02
9.999669e-01 -6.070413e-03 5.412344e-03 1.842222e+01 6.091611e-03 9.999738e-01 -3.908238e-03 -3.258536e+00 -5.388515e-03 3.941091e-03 9.999776e-01 2.344773e+02
9.999526e-01 7.676212e-03 -5.983792e-03 1.847549e+01 -7.648947e-03 9.999603e-01 4.565729e-03 -3.280006e+00 6.018564e-03 -4.519730e-03 9.999716e-01 2.357242e+02
9.999649e-01 -6.391967e-03 5.424240e-03 1.852390e+01 6.414083e-03 9.999711e-01 -4.069192e-03 -3.299128e+00 -5.398111e-03 4.103853e-03 9.999769e-01 2.367619e+02
9.999528e-01 7.674366e-03 -5.964102e-03 1.857570e+01 -7.647059e-03 9.999602e-01 4.587558e-03 -3.318909e+00 5.999033e-03 -4.541721e-03 9.999716e-01 2.378822e+02
9.999659e-01 -6.257148e-03 5.386655e-03 1.862676e+01 6.278885e-03 9.999722e-01 -4.027560e-03 -3.339198e+00 -5.361342e-03 4.061258e-03 9.999773e-01 2.390368e+02
9.999532e-01 7.642462e-03 -5.934443e-03 1.868174e+01 -7.614995e-03 9.999603e-01 4.636887e-03 -3.360321e+00 5.969606e-03 -4.591466e-03 9.999715e-01 2.402956e+02
9.999676e-01 -6.001103e-03 5.367441e-03 1.874575e+01 6.021980e-03 9.999743e-01 -3.881422e-03 -3.383806e+00 -5.344048e-03 3.913631e-03 9.999780e-01 2.417854e+02
9.999518e-01 7.770390e-03 -5.994009e-03 1.880470e+01 -7.743154e-03 9.999597e-01 4.553401e-03 -3.406397e+00 6.029111e-03 -4.506756e-03 9.999716e-01 2.431550e+02
9.999649e-01 -6.338541e-03 5.470645e-03 1.886483e+01 6.359774e-03 9.999723e-01 -3.872167e-03 -3.428502e+00 -5.445988e-03 3.906836e-03 9.999774e-01 2.445218e+02
9.999485e-01 8.166557e-03 -6.024208e-03 1.893535e+01 -8.138240e-03 9.999558e-01 4.709804e-03 -3.452671e+00 6.062366e-03 -4.660523e-03 9.999707e-01 2.460935e+02
9.999645e-01 -6.401597e-03 5.482260e-03 1.901071e+01 6.422814e-03 9.999719e-01 -3.860758e-03 -3.476507e+00 -5.457429e-03 3.895846e-03 9.999774e-01 2.476447e+02
9.999484e-01 8.173928e-03 -6.036677e-03 1.908333e+01 -8.145891e-03 9.999560e-01 4.654141e-03 -3.500294e+00 6.074416e-03 -4.604713e-03 9.999709e-01 2.491864e+02
9.999647e-01 -6.377958e-03 5.472728e-03 1.914839e+01 6.399189e-03 9.999720e-01 -3.870222e-03 -3.522832e+00 -5.447930e-03 3.905120e-03 9.999774e-01 2.505587e+02
9.999521e-01 7.730841e-03 -6.002763e-03 1.920756e+01 -7.703869e-03 9.999602e-01 4.503128e-03 -3.543766e+00 6.037298e-03 -4.456655e-03 9.999717e-01 2.518061e+02
9.999660e-01 -6.194754e-03 5.439901e-03 1.926645e+01 6.215798e-03 9.999732e-01 -3.859609e-03 -3.565289e+00 -5.415885e-03 3.893304e-03 9.999777e-01 2.530951e+02
9.999523e-01 7.731566e-03 -5.970176e-03 1.933032e+01 -7.704536e-03 9.999600e-01 4.536967e-03 -3.586253e+00 6.004977e-03 -4.490740e-03 9.999718e-01 2.543372e+02
9.999642e-01 -6.397846e-03 5.542631e-03 1.940026e+01 6.419070e-03 9.999721e-01 -3.819410e-03 -3.606780e+00 -5.518079e-03 3.854865e-03 9.999772e-01 2.555933e+02
9.999517e-01 7.853213e-03 -5.917172e-03 1.947080e+01 -7.825673e-03 9.999585e-01 4.662724e-03 -3.628255e+00 5.953505e-03 -4.616180e-03 9.999715e-01 2.569278e+02
9.999641e-01 -6.417219e-03 5.534110e-03 1.954379e+01 6.438427e-03 9.999720e-01 -3.822542e-03 -3.649754e+00 -5.509463e-03 3.858049e-03 9.999773e-01 2.582791e+02
9.999499e-01 8.007155e-03 -6.004006e-03 1.961114e+01 -7.979610e-03 9.999576e-01 4.597358e-03 -3.672176e+00 6.040524e-03 -4.549205e-03 9.999713e-01 2.596896e+02
9.999638e-01 -6.431456e-03 5.565431e-03 1.967455e+01 6.452322e-03 9.999722e-01 -3.738941e-03 -3.694723e+00 -5.541268e-03 3.774729e-03 9.999774e-01 2.610864e+02
9.999503e-01 7.952445e-03 -6.005354e-03 1.973970e+01 -7.925256e-03 9.999583e-01 4.537434e-03 -3.716789e+00 6.041149e-03 -4.489602e-03 9.999716e-01 2.624564e+02
9.999637e-01 -6.443820e-03 5.580197e-03 1.980620e+01 6.464671e-03 9.999722e-01 -3.726266e-03 -3.739079e+00 -5.556070e-03 3.762218e-03 9.999774e-01 2.638588e+02
9.999493e-01 8.075022e-03 -6.010170e-03 1.987230e+01 -8.047450e-03 9.999571e-01 4.597333e-03 -3.762061e+00 6.046996e-03 -4.548721e-03 9.999713e-01 2.653083e+02
9.999638e-01 -6.413166e-03 5.587652e-03 1.993793e+01 6.433968e-03 9.999724e-01 -3.712324e-03 -3.785164e+00 -5.563729e-03 3.748154e-03 9.999774e-01 2.667648e+02
9.999506e-01 8.006188e-03 -5.893110e-03 2.000737e+01 -7.978227e-03 9.999569e-01 4.752571e-03 -3.809068e+00 5.930867e-03 -4.705306e-03 9.999712e-01 2.683277e+02
9.999666e-01 -6.105235e-03 5.425316e-03 2.007825e+01 6.126081e-03 9.999739e-01 -3.833610e-03 -3.833762e+00 -5.401808e-03 3.866732e-03 9.999778e-01 2.699625e+02
9.999513e-01 7.881603e-03 -5.940285e-03 2.014332e+01 -7.853824e-03 9.999582e-01 4.684746e-03 -3.858811e+00 5.976921e-03 -4.637850e-03 9.999713e-01 2.716187e+02
9.999669e-01 -5.966654e-03 5.524110e-03 2.020905e+01 5.986124e-03 9.999759e-01 -3.514217e-03 -3.884943e+00 -5.503048e-03 3.547183e-03 9.999785e-01 2.733212e+02
9.999502e-01 7.942371e-03 -6.037963e-03 2.028015e+01 -7.915599e-03 9.999588e-01 4.444630e-03 -3.910901e+00 6.072976e-03 -4.396601e-03 9.999718e-01 2.750637e+02
9.999673e-01 -5.949479e-03 5.467791e-03 2.035125e+01 5.968668e-03 9.999761e-01 -3.499327e-03 -3.937294e+00 -5.446880e-03 3.531862e-03 9.999788e-01 2.768338e+02
9.999495e-01 8.067274e-03 -5.995505e-03 2.041315e+01 -8.040493e-03 9.999577e-01 4.477205e-03 -3.964435e+00 6.031330e-03 -4.428759e-03 9.999719e-01 2.786548e+02
9.999631e-01 -6.283189e-03 5.855568e-03 2.047666e+01 6.300921e-03 9.999756e-01 -3.014298e-03 -3.991558e+00 -5.836525e-03 3.051096e-03 9.999782e-01 2.804620e+02
9.999498e-01 8.121009e-03 -5.869305e-03 2.054201e+01 -8.093966e-03 9.999566e-01 4.616336e-03 -4.018804e+00 5.906500e-03 -4.568584e-03 9.999720e-01 2.823066e+02
9.999634e-01 -6.354488e-03 5.727370e-03 2.061529e+01 6.372972e-03 9.999745e-01 -3.214376e-03 -4.045083e+00 -5.706837e-03 3.250773e-03 9.999783e-01 2.840893e+02
9.999497e-01 8.162002e-03 -5.832530e-03 2.069840e+01 -8.134120e-03 9.999555e-01 4.787783e-03 -4.072080e+00 5.871309e-03 -4.740085e-03 9.999714e-01 2.859375e+02
9.999635e-01 -6.286762e-03 5.784017e-03 2.075841e+01 6.305875e-03 9.999747e-01 -3.291600e-03 -4.098662e+00 -5.763216e-03 3.327968e-03 9.999778e-01 2.877431e+02
9.999480e-01 8.171254e-03 -6.094505e-03 2.080481e+01 -8.144575e-03 9.999572e-01 4.389186e-03 -4.125051e+00 6.130070e-03 -4.339307e-03 9.999717e-01 2.894821e+02
9.999628e-01 -6.286077e-03 5.910067e-03 2.085004e+01 6.304299e-03 9.999754e-01 -3.069158e-03 -4.152202e+00 -5.890669e-03 3.106318e-03 9.999777e-01 2.912432e+02
9.999506e-01 8.065956e-03 -5.814830e-03 2.087984e+01 -8.038789e-03 9.999567e-01 4.679730e-03 -4.179902e+00 5.852286e-03 -4.632740e-03 9.999720e-01 2.930362e+02
9.999598e-01 -6.517348e-03 6.154463e-03 2.090451e+01 6.534764e-03 9.999747e-01 -2.813537e-03 -4.207494e+00 -6.136010e-03 2.853657e-03 9.999770e-01 2.948268e+02
9.999492e-01 8.176675e-03 -5.900149e-03 2.093122e+01 -8.149620e-03 9.999562e-01 4.594596e-03 -4.235603e+00 5.937419e-03 -4.546264e-03 9.999719e-01 2.966868e+02
9.999624e-01 -6.334987e-03 5.918108e-03 2.096359e+01 6.352846e-03 9.999753e-01 -3.003282e-03 -4.262887e+00 -5.898976e-03 3.040781e-03 9.999779e-01 2.984282e+02
9.999518e-01 7.843089e-03 -5.912359e-03 2.101158e+01 -7.816783e-03 9.999595e-01 4.458880e-03 -4.288098e+00 5.947052e-03 -4.412434e-03 9.999725e-01 3.000350e+02
9.999650e-01 -6.135608e-03 5.694129e-03 2.107049e+01 6.154336e-03 9.999757e-01 -3.276768e-03 -4.312885e+00 -5.673925e-03 3.311712e-03 9.999783e-01 3.016586e+02
9.999489e-01 7.998602e-03 -6.173495e-03 2.113971e+01 -7.972654e-03 9.999593e-01 4.215888e-03 -4.337352e+00 6.206925e-03 -4.166439e-03 9.999720e-01 3.032500e+02
9.999651e-01 -6.137356e-03 5.669088e-03 2.121138e+01 6.156170e-03 9.999756e-01 -3.306643e-03 -4.362537e+00 -5.648695e-03 3.341443e-03 9.999784e-01 3.049335e+02
9.999472e-01 8.214202e-03 -6.169683e-03 2.127980e+01 -8.187441e-03 9.999570e-01 4.349814e-03 -4.389357e+00 6.205109e-03 -4.299056e-03 9.999714e-01 3.067431e+02
9.999630e-01 -6.288174e-03 5.874371e-03 2.134974e+01 6.306280e-03 9.999754e-01 -3.068149e-03 -4.416331e+00 -5.854973e-03 3.105097e-03 9.999779e-01 3.085583e+02
9.999472e-01 8.256681e-03 -6.122582e-03 2.140568e+01 -8.229861e-03 9.999565e-01 4.392368e-03 -4.443158e+00 6.158542e-03 -4.341733e-03 9.999715e-01 3.103223e+02
9.999638e-01 -6.337353e-03 5.671231e-03 2.147142e+01 6.356727e-03 9.999740e-01 -3.404102e-03 -4.468412e+00 -5.649550e-03 3.440045e-03 9.999780e-01 3.119783e+02
9.999467e-01 8.308879e-03 -6.124646e-03 2.154061e+01 -8.281891e-03 9.999559e-01 4.418246e-03 -4.494776e+00 6.161047e-03 -4.367272e-03 9.999714e-01 3.137599e+02
9.999644e-01 -6.209015e-03 5.710863e-03 2.161105e+01 6.227660e-03 9.999753e-01 -3.252292e-03 -4.521639e+00 -5.690568e-03 3.287758e-03 9.999783e-01 3.155634e+02
9.999473e-01 8.220682e-03 -6.143627e-03 2.168237e+01 -8.194173e-03 9.999571e-01 4.327062e-03 -4.547760e+00 6.178894e-03 -4.276477e-03 9.999717e-01 3.173157e+02
9.999646e-01 -6.203690e-03 5.692136e-03 2.175046e+01 6.222494e-03 9.999752e-01 -3.291050e-03 -4.573570e+00 -5.671619e-03 3.326369e-03 9.999783e-01 3.190185e+02
9.999492e-01 8.046031e-03 -6.074286e-03 2.181258e+01 -8.019684e-03 9.999584e-01 4.348870e-03 -4.598458e+00 6.108984e-03 -4.299919e-03 9.999720e-01 3.206169e+02
9.999650e-01 -6.151047e-03 5.673857e-03 2.187694e+01 6.169793e-03 9.999755e-01 -3.291845e-03 -4.624069e+00 -5.653510e-03 3.326752e-03 9.999784e-01 3.223033e+02
9.999493e-01 7.982428e-03 -6.137228e-03 2.194263e+01 -7.956614e-03 9.999594e-01 4.218616e-03 -4.648832e+00 6.170613e-03 -4.169555e-03 9.999722e-01 3.239292e+02
9.999653e-01 -6.071529e-03 5.711876e-03 2.201135e+01 6.089817e-03 9.999764e-01 -3.189207e-03 -4.674259e+00 -5.692418e-03 3.223897e-03 9.999785e-01 3.256083e+02
9.999497e-01 7.952422e-03 -6.108104e-03 2.207602e+01 -7.926585e-03 9.999596e-01 4.242063e-03 -4.700012e+00 6.141551e-03 -4.193417e-03 9.999723e-01 3.273151e+02
9.999653e-01 -6.094118e-03 5.679707e-03 2.214235e+01 6.112459e-03 9.999761e-01 -3.216831e-03 -4.724829e+00 -5.660008e-03 3.251453e-03 9.999786e-01 3.289259e+02
9.999511e-01 7.790171e-03 -6.091491e-03 2.220270e+01 -7.765079e-03 9.999613e-01 4.131501e-03 -4.749119e+00 6.123400e-03 -4.083982e-03 9.999728e-01 3.304998e+02
9.999658e-01 -5.981176e-03 5.709945e-03 2.225752e+01 5.998799e-03 9.999773e-01 -3.073671e-03 -4.774848e+00 -5.691472e-03 3.107835e-03 9.999789e-01 3.321732e+02
9.999535e-01 7.666292e-03 -5.855205e-03 2.230896e+01 -7.640484e-03 9.999611e-01 4.416890e-03 -4.800678e+00 5.888798e-03 -4.371931e-03 9.999730e-01 3.338394e+02
9.999658e-01 -5.999509e-03 5.683244e-03 2.235801e+01 6.017740e-03 9.999768e-01 -3.195641e-03 -4.826718e+00 -5.663980e-03 3.229749e-03 9.999786e-01 3.355495e+02
9.999513e-01 7.885221e-03 -5.937396e-03 2.240461e+01 -7.858834e-03 9.999592e-01 4.454011e-03 -4.853091e+00 5.972233e-03 -4.407117e-03 9.999724e-01 3.372434e+02
9.999644e-01 -6.224755e-03 5.691020e-03 2.246190e+01 6.243677e-03 9.999750e-01 -3.312676e-03 -4.878680e+00 -5.670298e-03 3.348108e-03 9.999782e-01 3.389417e+02
9.999491e-01 8.139394e-03 -5.957857e-03 2.252174e+01 -8.112100e-03 9.999566e-01 4.590498e-03 -4.905303e+00 5.994921e-03 -4.541917e-03 9.999716e-01 3.407004e+02
9.999634e-01 -6.384312e-03 5.693176e-03 2.257857e+01 6.403636e-03 9.999738e-01 -3.381741e-03 -4.931550e+00 -5.671478e-03 3.418091e-03 9.999780e-01 3.424312e+02
9.999513e-01 8.042959e-03 -5.710857e-03 2.262588e+01 -8.015434e-03 9.999562e-01 4.825873e-03 -4.958160e+00 5.749380e-03 -4.779847e-03 9.999720e-01 3.441715e+02
9.999623e-01 -6.448839e-03 5.818421e-03 2.268020e+01 6.467050e-03 9.999742e-01 -3.115774e-03 -4.984381e+00 -5.798219e-03 3.153302e-03 9.999781e-01 3.458600e+02
9.999509e-01 7.977470e-03 -5.870824e-03 2.274630e+01 -7.951226e-03 9.999584e-01 4.479557e-03 -5.008764e+00 5.906274e-03 -4.432640e-03 9.999726e-01 3.474726e+02
9.999631e-01 -6.457566e-03 5.665053e-03 2.280888e+01 6.476432e-03 9.999735e-01 -3.317588e-03 -5.032643e+00 -5.643520e-03 3.354172e-03 9.999784e-01 3.490100e+02
9.999522e-01 7.922105e-03 -5.726748e-03 2.288248e+01 -7.895109e-03 9.999577e-01 4.720820e-03 -5.056742e+00 5.763863e-03 -4.675364e-03 9.999724e-01 3.505519e+02
9.999620e-01 -6.515263e-03 5.795819e-03 2.295021e+01 6.534019e-03 9.999735e-01 -3.222293e-03 -5.081474e+00 -5.774712e-03 3.260058e-03 9.999779e-01 3.522152e+02
9.999497e-01 8.240259e-03 -5.721338e-03 2.300633e+01 -8.212508e-03 9.999545e-01 4.856448e-03 -5.107637e+00 5.761055e-03 -4.809200e-03 9.999717e-01 3.539201e+02
9.999608e-01 -6.767944e-03 5.700834e-03 2.305944e+01 6.787938e-03 9.999709e-01 -3.494361e-03 -5.132080e+00 -5.677059e-03 3.532939e-03 9.999775e-01 3.554876e+02
9.999499e-01 8.265743e-03 -5.651146e-03 2.311180e+01 -8.237752e-03 9.999538e-01 4.957836e-03 -5.156930e+00 5.691824e-03 -4.911017e-03 9.999716e-01 3.570782e+02
9.999604e-01 -6.893602e-03 5.621677e-03 2.315936e+01 6.914079e-03 9.999695e-01 -3.630642e-03 -5.179482e+00 -5.596518e-03 3.669384e-03 9.999775e-01 3.584429e+02
9.999510e-01 8.070894e-03 -5.734117e-03 2.320559e+01 -8.043932e-03 9.999566e-01 4.708950e-03 -5.200904e+00 5.771832e-03 -4.662576e-03 9.999724e-01 3.597192e+02
9.999632e-01 -6.627376e-03 5.447206e-03 2.325946e+01 6.647835e-03 9.999709e-01 -3.745741e-03 -5.224074e+00 -5.422264e-03 3.781834e-03 9.999781e-01 3.611851e+02
9.999513e-01 8.150374e-03 -5.567622e-03 2.332746e+01 -8.121988e-03 9.999540e-01 5.101373e-03 -5.248705e+00 5.608903e-03 -5.055886e-03 9.999714e-01 3.627880e+02
9.999633e-01 -6.543272e-03 5.525369e-03 2.339864e+01 6.563445e-03 9.999718e-01 -3.640205e-03 -5.273768e+00 -5.501436e-03 3.676355e-03 9.999780e-01 3.644486e+02
9.999514e-01 8.084763e-03 -5.646093e-03 2.347256e+01 -8.056951e-03 9.999554e-01 4.930749e-03 -5.297430e+00 5.685664e-03 -4.885001e-03 9.999718e-01 3.659743e+02
9.999685e-01 -6.411194e-03 4.682641e-03 2.357620e+01 6.428723e-03 9.999724e-01 -3.736965e-03 -5.319121e+00 -4.658594e-03 3.766968e-03 9.999820e-01 3.673815e+02
9.999567e-01 7.889598e-03 -4.940040e-03 2.366552e+01 -7.866052e-03 9.999577e-01 4.767124e-03 -5.340739e+00 4.977401e-03 -4.728041e-03 9.999763e-01 3.687893e+02
9.999686e-01 -6.427983e-03 4.623860e-03 2.376634e+01 6.445307e-03 9.999722e-01 -3.740650e-03 -5.362462e+00 -4.599728e-03 3.770353e-03 9.999822e-01 3.702522e+02
9.999518e-01 8.208373e-03 -5.385529e-03 2.388864e+01 -8.182482e-03 9.999549e-01 4.811473e-03 -5.385118e+00 5.424739e-03 -4.767156e-03 9.999738e-01 3.718029e+02
9.999651e-01 -6.546129e-03 5.194696e-03 2.399623e+01 6.565246e-03 9.999717e-01 -3.670792e-03 -5.409028e+00 -5.170561e-03 3.704787e-03 9.999797e-01 3.735606e+02
9.999502e-01 8.461385e-03 -5.283225e-03 2.408176e+01 -8.433926e-03 9.999509e-01 5.197380e-03 -5.436072e+00 5.326901e-03 -5.152545e-03 9.999724e-01 3.754351e+02
9.999645e-01 -6.664911e-03 5.151153e-03 2.416328e+01 6.684460e-03 9.999705e-01 -3.786489e-03 -5.462158e+00 -5.125806e-03 3.820806e-03 9.999795e-01 3.772390e+02
9.999505e-01 8.441753e-03 -5.268591e-03 2.424453e+01 -8.414420e-03 9.999511e-01 5.187968e-03 -5.488269e+00 5.312087e-03 -5.143360e-03 9.999726e-01 3.790324e+02
9.999656e-01 -6.496335e-03 5.151619e-03 2.432540e+01 6.515415e-03 9.999719e-01 -3.694874e-03 -5.515563e+00 -5.127513e-03 3.728331e-03 9.999798e-01 3.809308e+02
9.999505e-01 8.433231e-03 -5.274014e-03 2.441440e+01 -8.405559e-03 9.999509e-01 5.246533e-03 -5.542106e+00 5.317959e-03 -5.201923e-03 9.999722e-01 3.827358e+02
9.999626e-01 -6.965266e-03 5.130721e-03 2.450168e+01 6.986025e-03 9.999674e-01 -4.038411e-03 -5.565119e+00 -5.102467e-03 4.074123e-03 9.999786e-01 3.843376e+02
9.999465e-01 8.819130e-03 -5.407985e-03 2.458502e+01 -8.790648e-03 9.999475e-01 5.267272e-03 -5.590990e+00 5.454112e-03 -5.219431e-03 9.999714e-01 3.861081e+02
9.999617e-01 -7.021649e-03 5.224218e-03 2.466261e+01 7.042172e-03 9.999675e-01 -3.919765e-03 -5.616329e+00 -5.196567e-03 3.956424e-03 9.999786e-01 3.877927e+02
9.999500e-01 8.504450e-03 -5.260945e-03 2.473714e+01 -8.476518e-03 9.999500e-01 5.308228e-03 -5.640989e+00 5.305783e-03 -5.263349e-03 9.999720e-01 3.894078e+02
9.999616e-01 -6.937822e-03 5.353555e-03 2.479785e+01 6.957591e-03 9.999690e-01 -3.682194e-03 -5.667144e+00 -5.327885e-03 3.719319e-03 9.999788e-01 3.911642e+02
9.999466e-01 8.753264e-03 -5.490443e-03 2.487236e+01 -8.725460e-03 9.999491e-01 5.066887e-03 -5.693272e+00 5.534473e-03 -5.018691e-03 9.999720e-01 3.929415e+02
9.999612e-01 -6.956914e-03 5.403735e-03 2.494992e+01 6.976435e-03 9.999692e-01 -3.601346e-03 -5.719733e+00 -5.378555e-03 3.638924e-03 9.999788e-01 3.947399e+02
9.999458e-01 8.798971e-03 -5.559599e-03 2.502813e+01 -8.771193e-03 9.999490e-01 5.000422e-03 -5.745267e+00 5.603272e-03 -4.951368e-03 9.999719e-01 3.964442e+02
9.999607e-01 -7.117559e-03 5.287419e-03 2.510878e+01 7.138062e-03 9.999670e-01 -3.868038e-03 -5.769041e+00 -5.259755e-03 3.905648e-03 9.999784e-01 3.979992e+02
9.999470e-01 8.697289e-03 -5.514378e-03 2.519011e+01 -8.669756e-03 9.999499e-01 4.996531e-03 -5.792056e+00 5.557516e-03 -4.948438e-03 9.999722e-01 3.995022e+02
9.999613e-01 -7.078705e-03 5.215966e-03 2.527553e+01 7.099465e-03 9.999669e-01 -3.971562e-03 -5.815412e+00 -5.187721e-03 4.008459e-03 9.999784e-01 4.010739e+02
