9.999998e-01 -4.933743e-04 -3.899643e-04 -1.290686e-01 4.928635e-04 9.999990e-01 -1.308954e-03 5.626505e-03 3.906097e-04 1.308762e-03 9.999990e-01 2.382706e-01
1.000000e+00 2.310897e-05 8.101939e-05 -2.588062e-01 -2.310818e-05 1.000000e+00 -9.595761e-06 1.132451e-02 -8.101964e-05 9.594105e-06 9.999999e-01 4.792722e-01
9.999999e-01 -3.774989e-04 -3.536878e-04 -3.726357e-01 3.770991e-04 9.999993e-01 -1.129676e-03 1.544320e-02 3.541139e-04 1.129542e-03 9.999992e-01 6.780891e-01
1.000000e+00 2.250671e-05 4.638651e-05 -4.828610e-01 -2.250712e-05 1.000000e+00 9.087821e-06 1.924453e-02 -4.638639e-05 -9.088875e-06 9.999999e-01 8.685265e-01
9.999999e-01 -3.356664e-04 -2.067344e-04 -5.883200e-01 3.354393e-04 9.999993e-01 -1.097913e-03 2.264293e-02 2.071027e-04 1.097844e-03 9.999993e-01 1.051476e+00
1.000000e+00 4.641618e-05 2.216100e-05 -6.915579e-01 -4.641721e-05 1.000000e+00 4.727085e-05 2.580005e-02 -2.215892e-05 -4.727211e-05 9.999999e-01 1.227638e+00
9.999999e-01 -3.788368e-04 -3.282872e-04 -7.991457e-01 3.784675e-04 9.999993e-01 -1.124318e-03 2.932380e-02 3.287128e-04 1.124193e-03 9.999992e-01 1.411099e+00
1.000000e+00 6.991106e-05 2.121211e-05 -9.048813e-01 -6.991234e-05 1.000000e+00 6.094135e-05 3.274618e-02 -2.120802e-05 -6.094327e-05 9.999999e-01 1.591638e+00
9.999999e-01 -4.021606e-04 -2.668233e-04 -1.009861e+00 4.018541e-04 9.999993e-01 -1.147951e-03 3.609922e-02 2.672846e-04 1.147843e-03 9.999992e-01 1.772447e+00
1.000000e+00 2.138156e-05 5.357538e-06 -1.124783e+00 -2.138141e-05 1.000000e+00 -2.556793e-05 4.039047e-02 -5.358313e-06 2.556715e-05 9.999999e-01 1.977569e+00
9.999999e-01 -3.811352e-04 -2.235353e-04 -1.236977e+00 3.808831e-04 9.999993e-01 -1.126871e-03 4.442706e-02 2.239644e-04 1.126785e-03 9.999992e-01 2.176385e+00
1.000000e+00 4.117175e-06 -1.861446e-05 -1.349927e+00 -4.117890e-06 1.000000e+00 -3.930117e-05 4.855686e-02 1.861402e-05 3.930035e-05 9.999999e-01 2.378010e+00
9.999999e-01 -3.210278e-04 -1.387939e-04 -1.457594e+00 3.208795e-04 9.999994e-01 -1.066709e-03 5.217068e-02 1.391360e-04 1.066663e-03 9.999993e-01 2.567100e+00
1.000000e+00 2.007747e-05 -6.626190e-05 -1.560522e+00 -2.007642e-05 1.000000e+00 1.569396e-05 5.530218e-02 6.626190e-05 -1.569374e-05 9.999999e-01 2.742564e+00
9.999999e-01 -3.355023e-04 -1.238863e-04 -1.666741e+00 3.353654e-04 9.999993e-01 -1.102991e-03 5.876281e-02 1.242559e-04 1.102948e-03 9.999993e-01 2.926969e+00
1.000000e+00 8.130673e-05 -6.381467e-05 -1.764034e+00 -8.130010e-05 1.000000e+00 1.035532e-04 6.141034e-02 6.382274e-05 -1.035493e-04 9.999999e-01 3.089669e+00
9.999999e-01 -3.334762e-04 -1.123076e-04 -1.860052e+00 3.333539e-04 9.999994e-01 -1.087925e-03 6.387795e-02 1.126700e-04 1.087886e-03 9.999993e-01 3.247714e+00
1.000000e+00 1.439457e-04 -6.762698e-06 -1.948002e+00 -1.439445e-04 1.000000e+00 1.764335e-04 6.564944e-02 6.787715e-06 -1.764340e-04 9.999999e-01 3.388433e+00
9.999999e-01 -3.051998e-04 -9.785792e-05 -2.028533e+00 3.050992e-04 9.999994e-01 -1.026035e-03 6.671249e-02 9.817062e-05 1.026004e-03 9.999994e-01 3.511387e+00
9.999999e-01 7.415068e-05 -4.518305e-04 -2.101010e+00 -7.404130e-05 1.000000e+00 2.420625e-04 6.812624e-02 4.518480e-04 -2.420307e-04 9.999998e-01 3.642194e+00
9.999995e-01 -7.748722e-04 -5.687247e-04 -2.111435e+00 7.742450e-04 9.999991e-01 -1.102368e-03 6.898329e-02 5.695778e-04 1.101925e-03 9.999991e-01 3.751604e+00
9.999994e-01 -6.381985e-04 -8.384548e-04 -1.860411e+00 6.379842e-04 9.999998e-01 -2.558434e-04 6.822660e-02 8.386172e-04 2.553064e-04 9.999995e-01 3.804226e+00
9.999995e-01 -8.574451e-04 4.298250e-04 -1.765788e+00 8.581092e-04 9.999984e-01 -1.547093e-03 6.794546e-02 -4.284985e-04 1.547459e-03 9.999986e-01 3.877298e+00
9.999980e-01 2.683231e-04 -1.989603e-03 -1.837207e+00 -2.668398e-04 9.999997e-01 7.457417e-04 7.147310e-02 1.989802e-03 -7.452115e-04 9.999976e-01 4.046965e+00
9.999989e-01 -1.112460e-03 9.456595e-04 -1.879532e+00 1.114496e-03 9.999971e-01 -2.155962e-03 7.403178e-02 -9.432593e-04 2.157011e-03 9.999971e-01 4.190639e+00
9.999962e-01 -9.699220e-06 -2.765001e-03 -2.083884e+00 1.053775e-05 1.000000e+00 3.032494e-04 8.659658e-02 2.764997e-03 -3.032798e-04 9.999960e-01 4.584719e+00
9.999936e-01 -3.131799e-03 -1.756481e-03 -2.572699e+00 3.123132e-03 9.999830e-01 -4.915257e-03 1.262106e-01 1.771843e-03 4.909737e-03 9.999863e-01 5.659745e+00
9.999974e-01 9.955172e-04 -2.030207e-03 -2.933041e+00 -9.935007e-04 9.999990e-01 9.940656e-04 1.575382e-01 2.031192e-03 -9.920494e-04 9.999973e-01 6.538284e+00
9.999973e-01 -2.300844e-03 7.804284e-05 -2.975657e+00 2.301042e-03 9.999939e-01 -2.627381e-03 1.629335e-01 -7.199939e-05 2.627550e-03 9.999964e-01 6.735237e+00
9.999973e-01 1.563183e-03 -1.720412e-03 -3.059722e+00 -1.560704e-03 9.999977e-01 1.441319e-03 1.673410e-01 1.722659e-03 -1.438634e-03 9.999974e-01 6.915504e+00
9.999975e-01 -2.243190e-03 -8.035425e-05 -3.161027e+00 2.242976e-03 9.999942e-01 -2.571418e-03 1.724656e-01 8.611940e-05 2.571228e-03 9.999966e-01 7.116569e+00
9.999974e-01 1.523537e-03 -1.715758e-03 -3.274725e+00 -1.521270e-03 9.999980e-01 1.321427e-03 1.783452e-01 1.717765e-03 -1.318818e-03 9.999976e-01 7.337840e+00
9.999974e-01 -2.270554e-03 -2.092079e-04 -3.383925e+00 2.270015e-03 9.999942e-01 -2.544411e-03 1.842882e-01 2.149810e-04 2.543926e-03 9.999966e-01 7.557360e+00
9.999976e-01 1.324024e-03 -1.763014e-03 -3.460002e+00 -1.321896e-03 9.999984e-01 1.207421e-03 1.895330e-01 1.764607e-03 -1.205091e-03 9.999976e-01 7.749390e+00
9.999974e-01 -2.277887e-03 1.190377e-04 -3.515071e+00 2.278185e-03 9.999941e-01 -2.566888e-03 1.934928e-01 -1.131932e-04 2.567148e-03 9.999966e-01 7.910712e+00
9.999973e-01 1.449005e-03 -1.810336e-03 -3.577571e+00 -1.446464e-03 9.999980e-01 1.404373e-03 1.974050e-01 1.812364e-03 -1.401755e-03 9.999973e-01 8.074028e+00
9.999971e-01 -2.413776e-03 1.986409e-04 -3.623010e+00 2.414310e-03 9.999933e-01 -2.733937e-03 2.010825e-01 -1.920441e-04 2.734405e-03 9.999961e-01 8.229163e+00
9.999976e-01 1.736912e-03 -1.315787e-03 -3.676611e+00 -1.734850e-03 9.999973e-01 1.566826e-03 2.034405e-01 1.318501e-03 -1.564544e-03 9.999978e-01 8.362533e+00
9.999974e-01 -2.258753e-03 1.831156e-04 -3.742171e+00 2.259214e-03 9.999942e-01 -2.553148e-03 2.058127e-01 -1.773515e-04 2.553551e-03 9.999966e-01 8.497807e+00
9.999975e-01 1.670493e-03 -1.496131e-03 -3.813435e+00 -1.668224e-03 9.999975e-01 1.516510e-03 2.087602e-01 1.498657e-03 -1.514015e-03 9.999976e-01 8.644556e+00
9.999976e-01 -2.161500e-03 4.032685e-04 -3.893865e+00 2.162534e-03 9.999943e-01 -2.579892e-03 2.114675e-01 -3.976939e-04 2.580753e-03 9.999965e-01 8.790624e+00
9.999978e-01 1.834600e-03 -1.047021e-03 -3.985041e+00 -1.832957e-03 9.999971e-01 1.567700e-03 2.139223e-01 1.049890e-03 -1.565782e-03 9.999981e-01 8.940495e+00
9.999977e-01 -2.026146e-03 7.267165e-04 -4.068983e+00 2.027919e-03 9.999949e-01 -2.448078e-03 2.154247e-01 -7.217569e-04 2.449541e-03 9.999966e-01 9.071282e+00
9.999978e-01 1.837399e-03 -1.012481e-03 -4.152579e+00 -1.835811e-03 9.999971e-01 1.567263e-03 2.169080e-01 1.015353e-03 -1.565406e-03 9.999982e-01 9.202520e+00
9.999978e-01 -1.983475e-03 7.241476e-04 -4.227580e+00 1.985199e-03 9.999952e-01 -2.387613e-03 2.177221e-01 -7.194126e-04 2.389040e-03 9.999968e-01 9.315889e+00
9.999975e-01 1.533413e-03 -1.598684e-03 -4.270915e+00 -1.530791e-03 9.999975e-01 1.639881e-03 2.186520e-01 1.601190e-03 -1.637435e-03 9.999973e-01 9.426556e+00
9.999972e-01 -2.260257e-03 6.494985e-04 -4.294839e+00 2.262017e-03 9.999937e-01 -2.722840e-03 2.198675e-01 -6.433446e-04 2.724296e-03 9.999960e-01 9.535510e+00
9.999974e-01 1.340848e-03 -1.822234e-03 -4.281028e+00 -1.337686e-03 9.999976e-01 1.735915e-03 2.204621e-01 1.824552e-03 -1.733479e-03 9.999967e-01 9.627019e+00
9.999962e-01 -2.705139e-03 5.618791e-04 -4.152069e+00 2.706816e-03 9.999918e-01 -3.006417e-03 2.204230e-01 -5.537464e-04 3.007921e-03 9.999952e-01 9.694122e+00
9.999965e-01 5.545884e-04 -2.576150e-03 -3.713162e+00 -5.518576e-04 9.999993e-01 1.060666e-03 2.200334e-01 2.576732e-03 -1.059247e-03 9.999960e-01 9.755649e+00
9.999929e-01 -3.774056e-03 -1.847558e-04 -3.182022e+00 3.773313e-03 9.999854e-01 -3.867774e-03 2.212572e-01 1.993451e-04 3.867044e-03 9.999924e-01 9.854372e+00
9.999724e-01 -2.267922e-04 -7.431270e-03 -3.138895e+00 2.387986e-04 9.999987e-01 1.614830e-03 2.382406e-01 7.430888e-03 -1.616566e-03 9.999710e-01 1.044073e+01
9.999884e-01 -4.688931e-03 -1.074932e-03 -3.381795e+00 4.681306e-03 9.999646e-01 -6.989376e-03 2.800804e-01 1.107660e-03 6.984256e-03 9.999749e-01 1.181935e+01
9.999733e-01 -5.335676e-04 -7.285182e-03 -3.638849e+00 5.409324e-04 9.999993e-01 1.009037e-03 3.253219e-01 7.284631e-03 -1.012958e-03 9.999729e-01 1.335664e+01
9.999893e-01 -4.503222e-03 -1.029659e-03 -3.848310e+00 4.496394e-03 9.999685e-01 -6.539033e-03 3.673156e-01 1.059065e-03 6.534326e-03 9.999780e-01 1.481254e+01
9.999586e-01 -2.693527e-03 -8.692598e-03 -4.313712e+00 2.673330e-03 9.999937e-01 -2.334204e-03 4.356757e-01 8.698821e-03 2.310860e-03 9.999594e-01 1.704564e+01
9.999919e-01 -3.856796e-03 -1.128362e-03 -4.739392e+00 3.848883e-03 9.999686e-01 -6.932512e-03 5.041381e-01 1.155053e-03 6.928104e-03 9.999752e-01 1.930273e+01
9.999874e-01 7.572342e-04 -4.966409e-03 -4.853555e+00 -7.426455e-04 9.999954e-01 2.938780e-03 5.325920e-01 4.968601e-03 -2.935064e-03 9.999832e-01 2.036476e+01
9.999948e-01 -2.803793e-03 1.592158e-03 -4.696187e+00 2.811155e-03 9.999853e-01 -4.641215e-03 5.383473e-01 -1.579133e-03 4.645656e-03 9.999879e-01 2.065264e+01
9.999917e-01 9.946417e-04 -3.962176e-03 -4.557611e+00 -9.830221e-04 9.999952e-01 2.933637e-03 5.427979e-01 3.965063e-03 -2.929728e-03 9.999877e-01 2.089142e+01
9.999842e-01 -5.239093e-03 -2.022808e-03 -4.790425e+00 5.224199e-03 9.999597e-01 -7.299276e-03 5.752990e-01 2.060956e-03 7.288582e-03 9.999712e-01 2.198624e+01
9.999879e-01 1.498676e-03 -4.683555e-03 -5.010925e+00 -1.490594e-03 9.999974e-01 1.728673e-03 6.140656e-01 4.686120e-03 -1.721682e-03 9.999874e-01 2.333686e+01
9.999386e-01 -9.050645e-03 -6.393897e-03 -5.511266e+00 8.985303e-03 9.999079e-01 -1.017512e-02 6.822556e-01 6.485385e-03 1.011703e-02 9.999277e-01 2.547658e+01
9.999915e-01 4.093632e-03 -5.614476e-04 -5.905734e+00 -4.092840e-03 9.999906e-01 1.406276e-03 7.427285e-01 5.671843e-04 -1.403979e-03 9.999988e-01 2.744734e+01
9.999854e-01 -5.375756e-03 -5.942857e-04 -5.748400e+00 5.374089e-03 9.999817e-01 -2.769511e-03 7.422314e-01 6.091480e-04 2.766264e-03 9.999959e-01 2.752301e+01
9.999915e-01 4.122048e-03 -3.196347e-04 -5.660668e+00 -4.121584e-03 9.999905e-01 1.442930e-03 7.417762e-01 3.255644e-04 -1.441613e-03 9.999988e-01 2.760613e+01
9.999860e-01 -5.264039e-03 -5.283072e-04 -5.581815e+00 5.262596e-03 9.999825e-01 -2.694454e-03 7.411554e-01 5.424664e-04 2.691623e-03 9.999961e-01 2.768312e+01
9.999901e-01 4.438729e-03 -2.109912e-04 -5.567263e+00 -4.438380e-03 9.999888e-01 1.632920e-03 7.410180e-01 2.182217e-04 -1.631981e-03 9.999985e-01 2.776540e+01
9.999838e-01 -5.609704e-03 -9.754662e-04 -5.476040e+00 5.607005e-03 9.999805e-01 -2.747139e-03 7.407272e-01 9.908424e-04 2.741612e-03 9.999957e-01 2.783819e+01
9.999900e-01 4.455806e-03 4.252321e-04 -5.439421e+00 -4.456356e-03 9.999892e-01 1.298209e-03 7.406728e-01 -4.194584e-04 -1.300105e-03 9.999990e-01 2.792502e+01
9.999887e-01 -4.702499e-03 -7.608046e-04 -5.530019e+00 4.700761e-03 9.999864e-01 -2.269847e-03 7.428744e-01 7.714526e-04 2.266231e-03 9.999970e-01 2.807664e+01
9.999899e-01 4.450908e-03 6.657278e-04 -5.624852e+00 -4.451741e-03 9.999893e-01 1.253500e-03 7.453898e-01 -6.601569e-04 -1.256464e-03 9.999989e-01 2.823972e+01
9.999890e-01 -4.632565e-03 -7.055754e-04 -5.708890e+00 4.631004e-03 9.999869e-01 -2.196324e-03 7.470715e-01 7.157252e-04 2.193018e-03 9.999972e-01 2.838275e+01
9.999897e-01 4.480461e-03 6.866247e-04 -5.788239e+00 -4.481353e-03 9.999891e-01 1.301357e-03 7.482830e-01 -6.808020e-04 -1.304435e-03 9.999988e-01 2.851394e+01
9.999889e-01 -4.657826e-03 -7.547568e-04 -5.868124e+00 4.656170e-03 9.999868e-01 -2.179288e-03 7.493673e-01 7.648820e-04 2.175735e-03 9.999972e-01 2.864059e+01
9.999897e-01 4.484084e-03 7.191204e-04 -5.952185e+00 -4.484984e-03 9.999892e-01 1.253676e-03 7.509561e-01 -7.135065e-04 -1.256903e-03 9.999989e-01 2.878049e+01
9.999890e-01 -4.618179e-03 -8.450324e-04 -6.030154e+00 4.616397e-03 9.999871e-01 -2.096553e-03 7.518672e-01 8.546882e-04 2.092614e-03 9.999973e-01 2.889968e+01
9.999901e-01 4.394045e-03 7.312468e-04 -6.124068e+00 -4.394852e-03 9.999897e-01 1.103499e-03 7.542860e-01 -7.264060e-04 -1.106717e-03 9.999990e-01 2.905898e+01
9.999890e-01 -4.629191e-03 -7.670909e-04 -6.218326e+00 4.627555e-03 9.999870e-01 -2.119183e-03 7.567675e-01 7.768754e-04 2.115595e-03 9.999974e-01 2.922203e+01
9.999894e-01 4.573024e-03 6.164871e-04 -6.282653e+00 -4.573867e-03 9.999886e-01 1.370942e-03 7.566378e-01 -6.102263e-04 -1.373762e-03 9.999988e-01 2.931450e+01
9.999891e-01 -4.621973e-03 -6.536425e-04 -6.344086e+00 4.620615e-03 9.999872e-01 -2.063199e-03 7.559904e-01 6.631545e-04 2.060142e-03 9.999976e-01 2.939430e+01
9.999897e-01 4.501343e-03 6.519806e-04 -6.419845e+00 -4.502152e-03 9.999891e-01 1.242770e-03 7.566539e-01 -6.463949e-04 -1.245707e-03 9.999989e-01 2.950945e+01
9.999890e-01 -4.646107e-03 -6.608184e-04 -6.499835e+00 4.644707e-03 9.999870e-01 -2.103004e-03 7.577246e-01 6.705650e-04 2.099896e-03 9.999975e-01 2.963484e+01
9.999892e-01 4.598787e-03 6.019866e-04 -6.554363e+00 -4.599643e-03 9.999884e-01 1.427435e-03 7.566224e-01 -5.954307e-04 -1.430203e-03 9.999987e-01 2.970172e+01
9.999891e-01 -4.618328e-03 -6.478389e-04 -6.609938e+00 4.616979e-03 9.999872e-01 -2.066959e-03 7.555701e-01 6.573609e-04 2.063931e-03 9.999976e-01 2.977193e+01
9.999892e-01 4.594098e-03 6.286843e-04 -6.669874e+00 -4.594970e-03 9.999885e-01 1.391592e-03 7.548669e-01 -6.222995e-04 -1.394481e-03 9.999987e-01 2.985123e+01
9.999887e-01 -4.703441e-03 -6.284821e-04 -6.742130e+00 4.702064e-03 9.999866e-01 -2.172444e-03 7.551479e-01 6.386759e-04 2.169450e-03 9.999973e-01 2.995615e+01
9.999897e-01 4.504155e-03 5.674191e-04 -6.830181e+00 -4.504860e-03 9.999891e-01 1.245725e-03 7.569144e-01 -5.618176e-04 -1.248284e-03 9.999990e-01 3.009851e+01
9.999889e-01 -4.667933e-03 -5.908557e-04 -6.912903e+00 4.666669e-03 9.999869e-01 -2.121549e-03 7.581717e-01 6.007356e-04 2.118753e-03 9.999975e-01 3.022795e+01
9.999897e-01 4.506181e-03 5.603647e-04 -6.995300e+00 -4.506878e-03 9.999891e-01 1.246742e-03 7.594051e-01 -5.547562e-04 -1.249270e-03 9.999990e-01 3.035681e+01
9.999890e-01 -4.659023e-03 -5.829276e-04 -7.076597e+00 4.657777e-03 9.999869e-01 -2.118962e-03 7.605953e-01 5.927765e-04 2.116209e-03 9.999975e-01 3.048491e+01
9.999909e-01 4.262564e-03 2.504003e-04 -7.079643e+00 -4.262900e-03 9.999900e-01 1.351206e-03 7.595487e-01 -2.446538e-04 -1.352276e-03 9.999990e-01 3.054878e+01
9.999883e-01 -4.829110e-03 -2.888853e-04 -7.064033e+00 4.828411e-03 9.999855e-01 -2.366986e-03 7.579369e-01 3.002959e-04 2.365548e-03 9.999971e-01 3.059978e+01
9.999884e-01 4.812831e-03 2.858829e-04 -7.120890e+00 -4.813311e-03 9.999870e-01 1.698708e-03 7.570530e-01 -2.777192e-04 -1.700080e-03 9.999984e-01 3.067478e+01
9.999882e-01 -4.838870e-03 -2.975895e-04 -7.180837e+00 4.838152e-03 9.999855e-01 -2.363846e-03 7.562753e-01 3.090078e-04 2.362363e-03 9.999971e-01 3.075208e+01
9.999884e-01 4.808415e-03 2.531483e-04 -7.232031e+00 -4.808844e-03 9.999870e-01 1.715870e-03 7.550267e-01 -2.449100e-04 -1.717083e-03 9.999984e-01 3.081605e+01
9.999883e-01 -4.835245e-03 -3.075548e-04 -7.288935e+00 4.834502e-03 9.999855e-01 -2.370455e-03 7.540391e-01 3.189963e-04 2.368924e-03 9.999970e-01 3.088680e+01
9.999885e-01 4.787241e-03 2.534404e-04 -7.351351e+00 -4.787663e-03 9.999871e-01 1.683552e-03 7.535053e-01 -2.453932e-04 -1.684761e-03 9.999985e-01 3.096822e+01
9.999883e-01 -4.829291e-03 -2.903328e-04 -7.413268e+00 4.828591e-03 9.999856e-01 -2.361423e-03 7.528876e-01 3.017169e-04 2.359978e-03 9.999971e-01 3.104802e+01
9.999886e-01 4.770457e-03 2.419455e-04 -7.479295e+00 -4.770852e-03 9.999873e-01 1.653449e-03 7.526429e-01 -2.340703e-04 -1.654600e-03 9.999985e-01 3.113723e+01
9.999883e-01 -4.822249e-03 -2.994565e-04 -7.542129e+00 4.821532e-03 9.999856e-01 -2.345876e-03 7.521600e-01 3.107488e-04 2.344389e-03 9.999971e-01 3.121997e+01
9.999889e-01 4.702390e-03 2.587565e-04 -7.615842e+00 -4.702791e-03 9.999877e-01 1.564900e-03 7.525339e-01 -2.514102e-04 -1.566115e-03 9.999986e-01 3.132571e+01
9.999884e-01 -4.811689e-03 -2.856032e-04 -7.690963e+00 4.811001e-03 9.999856e-01 -2.357569e-03 7.531080e-01 2.969272e-04 2.356152e-03 9.999971e-01 3.143637e+01
9.999889e-01 4.708220e-03 2.758654e-04 -7.763926e+00 -4.708655e-03 9.999876e-01 1.591598e-03 7.533959e-01 -2.683841e-04 -1.592895e-03 9.999986e-01 3.153978e+01
9.999884e-01 -4.798594e-03 -3.231187e-04 -7.835345e+00 4.797819e-03 9.999857e-01 -2.354728e-03 7.536743e-01 3.343977e-04 2.353134e-03 9.999971e-01 3.164267e+01
9.999891e-01 4.655056e-03 2.842062e-04 -7.913129e+00 -4.655487e-03 9.999880e-01 1.531447e-03 7.544506e-01 -2.770895e-04 -1.532770e-03 9.999987e-01 3.175937e+01
9.999888e-01 -4.711589e-03 -3.673717e-04 -7.977465e+00 4.710752e-03 9.999864e-01 -2.241014e-03 7.541635e-01 3.779096e-04 2.239242e-03 9.999973e-01 3.184740e+01
9.999891e-01 4.658432e-03 2.909612e-04 -8.038229e+00 -4.658879e-03 9.999879e-01 1.550519e-03 7.535606e-01 -2.837505e-04 -1.551874e-03 9.999987e-01 3.192694e+01
9.999886e-01 -4.770403e-03 -3.274993e-04 -8.111678e+00 4.769627e-03 9.999859e-01 -2.325109e-03 7.539008e-01 3.385706e-04 2.323504e-03 9.999971e-01 3.203137e+01
9.999893e-01 4.621842e-03 3.018499e-04 -8.192477e+00 -4.622283e-03 9.999882e-01 1.470282e-03 7.549954e-01 -2.950667e-04 -1.471679e-03 9.999988e-01 3.215631e+01
9.999889e-01 -4.699250e-03 -3.469449e-04 -8.262227e+00 4.698465e-03 9.999865e-01 -2.227502e-03 7.551728e-01 3.573920e-04 2.225830e-03 9.999974e-01 3.225706e+01
9.999890e-01 4.665144e-03 3.766787e-04 -8.315500e+00 -4.665722e-03 9.999879e-01 1.542746e-03 7.541451e-01 -3.694928e-04 -1.544504e-03 9.999986e-01 3.232748e+01
9.999889e-01 -4.683797e-03 -4.297518e-04 -8.373395e+00 4.682842e-03 9.999866e-01 -2.193819e-03 7.532571e-01 4.400056e-04 2.191765e-03 9.999974e-01 3.240147e+01
9.999894e-01 4.581437e-03 4.254546e-04 -8.446090e+00 -4.582038e-03 9.999885e-01 1.419180e-03 7.535623e-01 -4.189636e-04 -1.421132e-03 9.999988e-01 3.250620e+01
9.999892e-01 -4.632735e-03 -4.206834e-04 -8.510902e+00 4.631820e-03 9.999870e-01 -2.147122e-03 7.533411e-01 4.306091e-04 2.145134e-03 9.999975e-01 3.259813e+01
9.999893e-01 4.618067e-03 3.901548e-04 -8.566121e+00 -4.618648e-03 9.999882e-01 1.496802e-03 7.522553e-01 -3.832537e-04 -1.498605e-03 9.999987e-01 3.266680e+01
9.999891e-01 -4.654438e-03 -3.795063e-04 -8.628353e+00 4.653602e-03 9.999868e-01 -2.170482e-03 7.516030e-01 3.895879e-04 2.168675e-03 9.999975e-01 3.274683e+01
9.999898e-01 4.496764e-03 3.488256e-04 -8.708468e+00 -4.497220e-03 9.999890e-01 1.314974e-03 7.526319e-01 -3.429244e-04 -1.316546e-03 9.999990e-01 3.287065e+01
9.999889e-01 -4.705132e-03 -3.810901e-04 -8.798621e+00 4.704251e-03 9.999863e-01 -2.278272e-03 7.546719e-01 3.917886e-04 2.276436e-03 9.999972e-01 3.302116e+01
9.999898e-01 4.505395e-03 3.389394e-04 -8.888196e+00 -4.505845e-03 9.999890e-01 1.333771e-03 7.566170e-01 -3.329422e-04 -1.335302e-03 9.999990e-01 3.316858e+01
9.999886e-01 -4.755636e-03 -4.170927e-04 -8.984373e+00 4.754644e-03 9.999859e-01 -2.344387e-03 7.591703e-01 4.282200e-04 2.342359e-03 9.999971e-01 3.333139e+01
9.999898e-01 4.495467e-03 3.129195e-04 -9.081369e+00 -4.495882e-03 9.999890e-01 1.333190e-03 7.617815e-01 -3.069385e-04 -1.334601e-03 9.999990e-01 3.349509e+01
9.999887e-01 -4.744443e-03 -4.078943e-04 -9.178611e+00 4.743476e-03 9.999860e-01 -2.337562e-03 7.643891e-01 4.189632e-04 2.335583e-03 9.999971e-01 3.365832e+01
9.999896e-01 4.542464e-03 3.406004e-04 -9.267561e+00 -4.542941e-03 9.999887e-01 1.410012e-03 7.662143e-01 -3.342074e-04 -1.411562e-03 9.999988e-01 3.380158e+01
9.999889e-01 -4.688411e-03 -3.960088e-04 -9.348707e+00 4.687503e-03 9.999865e-01 -2.261609e-03 7.673526e-01 4.065909e-04 2.259710e-03 9.999973e-01 3.392686e+01
9.999899e-01 4.489372e-03 2.728313e-04 -9.434276e+00 -4.489743e-03 9.999890e-01 1.369550e-03 7.688458e-01 -2.666957e-04 -1.370779e-03 9.999989e-01 3.406045e+01
9.999885e-01 -4.781002e-03 -3.894235e-04 -9.536022e+00 4.780038e-03 9.999856e-01 -2.436282e-03 7.719348e-01 4.010498e-04 2.434374e-03 9.999969e-01 3.423688e+01
9.999900e-01 4.460339e-03 2.294976e-04 -9.640809e+00 -4.460644e-03 9.999892e-01 1.340965e-03 7.753135e-01 -2.235298e-04 -1.341993e-03 9.999990e-01 3.442031e+01
9.999886e-01 -4.771238e-03 -3.573844e-04 -9.746283e+00 4.770352e-03 9.999856e-01 -2.437932e-03 7.787427e-01 3.689953e-04 2.436181e-03 9.999969e-01 3.460515e+01
9.999899e-01 4.483719e-03 2.372791e-04 -9.849150e+00 -4.484043e-03 9.999890e-01 1.375457e-03 7.818990e-01 -2.311252e-04 -1.376525e-03 9.999989e-01 3.478262e+01
9.999885e-01 -4.781655e-03 -4.087239e-04 -9.951663e+00 4.780648e-03 9.999856e-01 -2.428415e-03 7.849993e-01 4.203139e-04 2.426414e-03 9.999969e-01 3.495762e+01
9.999900e-01 4.458733e-03 2.213311e-04 -1.005829e+01 -4.459026e-03 9.999892e-01 1.336466e-03 7.884899e-01 -2.153856e-04 -1.337458e-03 9.999990e-01 3.514260e+01
9.999886e-01 -4.765942e-03 -3.829354e-04 -1.016383e+01 4.765002e-03 9.999857e-01 -2.415665e-03 7.918724e-01 3.944269e-04 2.413794e-03 9.999969e-01 3.532502e+01
9.999903e-01 4.394971e-03 1.253747e-04 -1.027513e+01 -4.395129e-03 9.999895e-01 1.278495e-03 7.958042e-01 -1.197704e-04 -1.279053e-03 9.999991e-01 3.552057e+01
9.999884e-01 -4.806330e-03 -3.765720e-04 -1.039360e+01 4.805373e-03 9.999853e-01 -2.498883e-03 8.004597e-01 3.885609e-04 2.497025e-03 9.999967e-01 3.573583e+01
9.999900e-01 4.456250e-03 2.224899e-04 -1.050695e+01 -4.456544e-03 9.999892e-01 1.333805e-03 8.046163e-01 -2.165598e-04 -1.334802e-03 9.999990e-01 3.593902e+01
9.999890e-01 -4.685438e-03 -3.011198e-04 -1.060087e+01 4.684727e-03 9.999863e-01 -2.314480e-03 8.069606e-01 3.119439e-04 2.313025e-03 9.999972e-01 3.609590e+01
9.999902e-01 4.420737e-03 1.903384e-04 -1.069925e+01 -4.420981e-03 9.999894e-01 1.294844e-03 8.096917e-01 -1.846282e-04 -1.295692e-03 9.999990e-01 3.626247e+01
9.999889e-01 -4.699183e-03 -2.829950e-04 -1.080062e+01 4.698503e-03 9.999862e-01 -2.349672e-03 8.127252e-01 2.940165e-04 2.348297e-03 9.999971e-01 3.643731e+01
9.999903e-01 4.402293e-03 1.471977e-04 -1.090274e+01 -4.402480e-03 9.999895e-01 1.284746e-03 8.158381e-01 -1.415564e-04 -1.285401e-03 9.999991e-01 3.661399e+01
9.999889e-01 -4.709341e-03 -2.619595e-04 -1.100830e+01 4.708702e-03 9.999861e-01 -2.382608e-03 8.192775e-01 2.731602e-04 2.381328e-03 9.999970e-01 3.679926e+01
9.999901e-01 4.438636e-03 1.524211e-04 -1.110730e+01 -4.438840e-03 9.999892e-01 1.353649e-03 8.220771e-01 -1.464272e-04 -1.354332e-03 9.999990e-01 3.696765e+01
9.999892e-01 -4.644577e-03 -1.907557e-04 -1.119689e+01 4.644122e-03 9.999865e-01 -2.311311e-03 8.240755e-01 2.014720e-04 2.310381e-03 9.999972e-01 3.711686e+01
9.999898e-01 4.519536e-03 2.049684e-04 -1.127395e+01 -4.519834e-03 9.999887e-01 1.469403e-03 8.249197e-01 -1.983411e-04 -1.470335e-03 9.999988e-01 3.723693e+01
9.999891e-01 -4.662922e-03 -1.880021e-04 -1.135347e+01 4.662471e-03 9.999864e-01 -2.324587e-03 8.259101e-01 1.988227e-04 2.323666e-03 9.999972e-01 3.736056e+01
9.999901e-01 4.455619e-03 1.264229e-04 -1.144320e+01 -4.455791e-03 9.999891e-01 1.381175e-03 8.278459e-01 -1.202836e-04 -1.381745e-03 9.999989e-01 3.750735e+01
9.999891e-01 -4.663327e-03 -1.869868e-04 -1.153376e+01 4.662878e-03 9.999864e-01 -2.326450e-03 8.298336e-01 1.978170e-04 2.325532e-03 9.999972e-01 3.765494e+01
9.999899e-01 4.494655e-03 1.485099e-04 -1.161869e+01 -4.494865e-03 9.999889e-01 1.432831e-03 8.313137e-01 -1.420843e-04 -1.433505e-03 9.999989e-01 3.778986e+01
9.999892e-01 -4.648669e-03 -1.725109e-04 -1.170126e+01 4.648259e-03 9.999866e-01 -2.296335e-03 8.325341e-01 1.831673e-04 2.295489e-03 9.999973e-01 3.791780e+01
9.999902e-01 4.424789e-03 5.763292e-05 -1.179126e+01 -4.424864e-03 9.999893e-01 1.357023e-03 8.344677e-01 -5.164390e-05 -1.357285e-03 9.999990e-01 3.806345e+01
9.999892e-01 -4.652990e-03 -1.026472e-04 -1.188437e+01 4.652735e-03 9.999864e-01 -2.340829e-03 8.367365e-01 1.135215e-04 2.340306e-03 9.999972e-01 3.821918e+01
9.999903e-01 4.409386e-03 2.201265e-05 -1.197795e+01 -4.409413e-03 9.999894e-01 1.348277e-03 8.390710e-01 -1.608349e-05 -1.348382e-03 9.999990e-01 3.837671e+01
9.999889e-01 -4.715868e-03 -1.551925e-04 -1.208061e+01 4.715475e-03 9.999859e-01 -2.431540e-03 8.422771e-01 1.666409e-04 2.430761e-03 9.999969e-01 3.855656e+01
9.999900e-01 4.460774e-03 9.723858e-05 -1.217869e+01 -4.460907e-03 9.999891e-01 1.391223e-03 8.450695e-01 -9.104777e-05 -1.391664e-03 9.999989e-01 3.872656e+01
9.999896e-01 -4.566532e-03 -8.890438e-05 -1.225358e+01 4.566322e-03 9.999871e-01 -2.221995e-03 8.458247e-01 9.903378e-05 2.221545e-03 9.999974e-01 3.884500e+01
9.999901e-01 4.455157e-03 8.402896e-05 -1.232817e+01 -4.455274e-03 9.999891e-01 1.416758e-03 8.463674e-01 -7.773233e-05 -1.417139e-03 9.999989e-01 3.895671e+01
9.999892e-01 -4.651152e-03 -1.248404e-04 -1.241480e+01 4.650845e-03 9.999864e-01 -2.338479e-03 8.480251e-01 1.356990e-04 2.337852e-03 9.999972e-01 3.909683e+01
9.999901e-01 4.448459e-03 3.883125e-05 -1.250424e+01 -4.448511e-03 9.999891e-01 1.407004e-03 8.499097e-01 -3.258802e-05 -1.407184e-03 9.999989e-01 3.924166e+01
9.999888e-01 -4.737992e-03 -2.012976e-04 -1.260383e+01 4.737484e-03 9.999858e-01 -2.444927e-03 8.527667e-01 2.128624e-04 2.443924e-03 9.999969e-01 3.941075e+01
9.999903e-01 4.399636e-03 4.308173e-05 -1.271192e+01 -4.399690e-03 9.999895e-01 1.309188e-03 8.564909e-01 -3.733756e-05 -1.309386e-03 9.999990e-01 3.960385e+01
9.999892e-01 -4.646405e-03 -1.270819e-04 -1.280942e+01 4.646093e-03 9.999865e-01 -2.338952e-03 8.592392e-01 1.379315e-04 2.338315e-03 9.999972e-01 3.977206e+01
9.999904e-01 4.377254e-03 6.726059e-06 -1.290570e+01 -4.377261e-03 9.999896e-01 1.316665e-03 8.618378e-01 -9.788682e-07 -1.316704e-03 9.999990e-01 3.993624e+01
9.999895e-01 -4.590811e-03 -3.054026e-05 -1.299706e+01 4.590727e-03 9.999868e-01 -2.295238e-03 8.640001e-01 4.106050e-05 2.295052e-03 9.999973e-01 4.009049e+01
9.999904e-01 4.388097e-03 -1.627699e-05 -1.308557e+01 -4.388072e-03 9.999895e-01 1.356389e-03 8.658408e-01 2.221252e-05 -1.356327e-03 9.999990e-01 4.023552e+01
9.999887e-01 -4.747079e-03 -2.311082e-04 -1.319308e+01 4.746491e-03 9.999857e-01 -2.475144e-03 8.694701e-01 2.428382e-04 2.473997e-03 9.999968e-01 4.042451e+01
9.999905e-01 4.358368e-03 3.546133e-05 -1.331021e+01 -4.358411e-03 9.999897e-01 1.261021e-03 8.740285e-01 -2.998129e-05 -1.261186e-03 9.999991e-01 4.063844e+01
9.999888e-01 -4.736017e-03 -2.512674e-04 -1.342414e+01 4.735388e-03 9.999858e-01 -2.439232e-03 8.782621e-01 2.627996e-04 2.437992e-03 9.999969e-01 4.084331e+01
9.999905e-01 4.368629e-03 5.665812e-05 -1.353802e+01 -4.368699e-03 9.999897e-01 1.265720e-03 8.824823e-01 -5.114444e-05 -1.265978e-03 9.999991e-01 4.104794e+01
9.999888e-01 -4.734779e-03 -2.644472e-04 -1.365048e+01 4.734122e-03 9.999858e-01 -2.426164e-03 8.865641e-01 2.759143e-04 2.424863e-03 9.999969e-01 4.124881e+01
9.999899e-01 4.487651e-03 1.666022e-04 -1.374812e+01 -4.487884e-03 9.999889e-01 1.411227e-03 8.892616e-01 -1.602836e-04 -1.411983e-03 9.999989e-01 4.141469e+01
9.999892e-01 -4.634088e-03 -1.981900e-04 -1.382866e+01 4.633626e-03 9.999867e-01 -2.260942e-03 8.903355e-01 2.086482e-04 2.259977e-03 9.999973e-01 4.153883e+01
9.999899e-01 4.482703e-03 1.863355e-04 -1.390931e+01 -4.482962e-03 9.999890e-01 1.403306e-03 8.914052e-01 -1.800593e-04 -1.404150e-03 9.999989e-01 4.166373e+01
9.999893e-01 -4.617349e-03 -1.612882e-04 -1.398811e+01 4.616972e-03 9.999868e-01 -2.256001e-03 8.923681e-01 1.716863e-04 2.255210e-03 9.999973e-01 4.178681e+01
9.999901e-01 4.450042e-03 1.186136e-04 -1.407127e+01 -4.450203e-03 9.999891e-01 1.377332e-03 8.936752e-01 -1.124995e-04 -1.377869e-03 9.999989e-01 4.191745e+01
9.999892e-01 -4.637783e-03 -1.363402e-04 -1.415795e+01 4.637456e-03 9.999866e-01 -2.297698e-03 8.953285e-01 1.469781e-04 2.297019e-03 9.999973e-01 4.205742e+01
9.999900e-01 4.466547e-03 1.230978e-04 -1.424273e+01 -4.466716e-03 9.999890e-01 1.397350e-03 8.968133e-01 -1.168716e-04 -1.397908e-03 9.999989e-01 4.219328e+01
9.999891e-01 -4.662463e-03 -1.698317e-04 -1.432955e+01 4.662055e-03 9.999864e-01 -2.318072e-03 8.984788e-01 1.806208e-04 2.317232e-03 9.999972e-01 4.233339e+01
9.999901e-01 4.456046e-03 9.544337e-05 -1.441873e+01 -4.456176e-03 9.999891e-01 1.388992e-03 9.003330e-01 -8.926935e-05 -1.389426e-03 9.999989e-01 4.247758e+01
9.999889e-01 -4.704091e-03 -2.073352e-04 -1.451494e+01 4.703582e-03 9.999861e-01 -2.381452e-03 9.028433e-01 2.185183e-04 2.380427e-03 9.999970e-01 4.263816e+01
9.999902e-01 4.423996e-03 5.821341e-05 -1.461376e+01 -4.424072e-03 9.999893e-01 1.352691e-03 9.056329e-01 -5.224496e-05 -1.352958e-03 9.999990e-01 4.280611e+01
9.999884e-01 -4.813820e-03 -2.477870e-04 -1.472964e+01 4.813167e-03 9.999851e-01 -2.564486e-03 9.101036e-01 2.601117e-04 2.563241e-03 9.999966e-01 4.301836e+01
9.999895e-01 4.570776e-03 1.247802e-04 -1.482588e+01 -4.570965e-03 9.999884e-01 1.542329e-03 9.128161e-01 -1.177457e-04 -1.542907e-03 9.999987e-01 4.318512e+01
9.999888e-01 -4.722504e-03 -1.394696e-04 -1.490719e+01 4.722154e-03 9.999860e-01 -2.396766e-03 9.139230e-01 1.507698e-04 2.396057e-03 9.999970e-01 4.331049e+01
9.999899e-01 4.486841e-03 4.493336e-05 -1.499891e+01 -4.486903e-03 9.999889e-01 1.429210e-03 9.160554e-01 -3.853674e-05 -1.429421e-03 9.999989e-01 4.346221e+01
9.999887e-01 -4.757645e-03 -1.337266e-04 -1.509665e+01 4.757300e-03 9.999856e-01 -2.464697e-03 9.187960e-01 1.454342e-04 2.464009e-03 9.999969e-01 4.363042e+01
9.999902e-01 4.421922e-03 2.419874e-05 -1.520401e+01 -4.421952e-03 9.999894e-01 1.314845e-03 9.225291e-01 -1.840088e-05 -1.314963e-03 9.999990e-01 4.382581e+01
9.999891e-01 -4.677034e-03 -7.290609e-05 -1.530089e+01 4.676847e-03 9.999863e-01 -2.362858e-03 9.253005e-01 8.393959e-05 2.362467e-03 9.999971e-01 4.399617e+01
9.999902e-01 4.424410e-03 -8.118793e-08 -1.539554e+01 -4.424408e-03 9.999893e-01 1.350522e-03 9.277745e-01 6.039889e-06 -1.350532e-03 9.999990e-01 4.415792e+01
9.999888e-01 -4.732895e-03 -7.629473e-05 -1.549929e+01 4.732690e-03 9.999858e-01 -2.465392e-03 9.311552e-01 8.794539e-05 2.464979e-03 9.999969e-01 4.434421e+01
9.999903e-01 4.405874e-03 -5.228714e-05 -1.560504e+01 -4.405802e-03 9.999894e-01 1.340025e-03 9.347110e-01 5.817398e-05 -1.339805e-03 9.999990e-01 4.453368e+01
9.999888e-01 -4.725689e-03 -5.724452e-05 -1.571230e+01 4.725531e-03 9.999858e-01 -2.466577e-03 9.383562e-01 6.888327e-05 2.466255e-03 9.999969e-01 4.472528e+01
9.999902e-01 4.437554e-03 -3.711406e-05 -1.581338e+01 -4.437500e-03 9.999892e-01 1.394656e-03 9.414260e-01 4.328591e-05 -1.394502e-03 9.999989e-01 4.490234e+01
9.999889e-01 -4.711059e-03 -1.894319e-05 -1.591362e+01 4.710996e-03 9.999859e-01 -2.458783e-03 9.444247e-01 3.050966e-05 2.458642e-03 9.999969e-01 4.507789e+01
9.999901e-01 4.447668e-03 -4.908780e-05 -1.601040e+01 -4.447596e-03 9.999891e-01 1.425416e-03 9.470961e-01 5.541041e-05 -1.425208e-03 9.999989e-01 4.524491e+01
9.999887e-01 -4.756996e-03 -1.055996e-04 -1.611380e+01 4.756715e-03 9.999856e-01 -2.502892e-03 9.503415e-01 1.174875e-04 2.502337e-03 9.999968e-01 4.542481e+01
9.999901e-01 4.446284e-03 -5.120144e-05 -1.621933e+01 -4.446209e-03 9.999891e-01 1.414239e-03 9.537529e-01 5.747233e-05 -1.414022e-03 9.999989e-01 4.560847e+01
9.999889e-01 -4.714680e-03 -7.839752e-05 -1.631869e+01 4.714473e-03 9.999859e-01 -2.434995e-03 9.565500e-01 8.985983e-05 2.434573e-03 9.999969e-01 4.577575e+01
9.999899e-01 4.489253e-03 5.363331e-07 -1.641187e+01 -4.489251e-03 9.999888e-01 1.469281e-03 9.587841e-01 6.042954e-06 -1.469293e-03 9.999988e-01 4.592919e+01
9.999890e-01 -4.688118e-03 -7.116834e-05 -1.650010e+01 4.687933e-03 9.999862e-01 -2.388518e-03 9.605432e-01 8.234818e-05 2.388133e-03 9.999970e-01 4.607079e+01
9.999902e-01 4.418075e-03 -8.681566e-05 -1.659798e+01 -4.417954e-03 9.999893e-01 1.379192e-03 9.632125e-01 9.289139e-05 -1.378820e-03 9.999989e-01 4.623487e+01
9.999889e-01 -4.707175e-03 -4.425545e-05 -1.669943e+01 4.707052e-03 9.999860e-01 -2.432036e-03 9.662401e-01 5.568599e-05 2.431776e-03 9.999969e-01 4.640878e+01
9.999898e-01 4.517717e-03 -3.078548e-05 -1.678731e+01 -4.517668e-03 9.999887e-01 1.504511e-03 9.680772e-01 3.756534e-05 -1.504382e-03 9.999988e-01 4.655278e+01
9.999891e-01 -4.667660e-03 -1.431050e-05 -1.686930e+01 4.667611e-03 9.999863e-01 -2.363020e-03 9.692740e-01 2.532321e-05 2.362902e-03 9.999971e-01 4.667991e+01
9.999899e-01 4.498757e-03 5.929739e-06 -1.695241e+01 -4.498763e-03 9.999888e-01 1.475475e-03 9.705964e-01 6.913768e-07 -1.475512e-03 9.999988e-01 4.681155e+01
9.999891e-01 -4.662627e-03 -4.969609e-06 -1.703552e+01 4.662600e-03 9.999863e-01 -2.380330e-03 9.720317e-01 1.605125e-05 2.380255e-03 9.999971e-01 4.694725e+01
9.999897e-01 4.528202e-03 2.115185e-05 -1.711377e+01 -4.528231e-03 9.999886e-01 1.531979e-03 9.729596e-01 -1.423125e-05 -1.532085e-03 9.999987e-01 4.706936e+01
9.999890e-01 -4.683532e-03 -1.980651e-05 -1.719473e+01 4.683469e-03 9.999861e-01 -2.407801e-03 9.741297e-01 3.106637e-05 2.407656e-03 9.999970e-01 4.719765e+01
9.999896e-01 4.555606e-03 6.177023e-05 -1.727151e+01 -4.555699e-03 9.999884e-01 1.564394e-03 9.749343e-01 -5.465951e-05 -1.564685e-03 9.999987e-01 4.731729e+01
9.999887e-01 -4.747137e-03 -5.065881e-05 -1.735805e+01 4.746993e-03 9.999856e-01 -2.504165e-03 9.766526e-01 6.252882e-05 2.503870e-03 9.999968e-01 4.746044e+01
9.999895e-01 4.584875e-03 4.909380e-05 -1.744020e+01 -4.584951e-03 9.999882e-01 1.611716e-03 9.779614e-01 -4.172046e-05 -1.611950e-03 9.999986e-01 4.759259e+01
9.999884e-01 -4.822765e-03 -1.022308e-04 -1.753289e+01 4.822480e-03 9.999850e-01 -2.605786e-03 9.802461e-01 1.147795e-04 2.605236e-03 9.999965e-01 4.774976e+01
9.999891e-01 4.670917e-03 6.819763e-05 -1.761409e+01 -4.671028e-03 9.999877e-01 1.688715e-03 9.817429e-01 -6.032571e-05 -1.689041e-03 9.999985e-01 4.788821e+01
9.999886e-01 -4.765777e-03 -1.461210e-04 -1.768425e+01 4.765400e-03 9.999856e-01 -2.469210e-03 9.820458e-01 1.578697e-04 2.468460e-03 9.999968e-01 4.799334e+01
9.999890e-01 4.689327e-03 1.690735e-04 -1.773716e+01 -4.689617e-03 9.999875e-01 1.742738e-03 9.814360e-01 -1.609159e-04 -1.743538e-03 9.999984e-01 4.807621e+01
9.999889e-01 -4.710449e-03 -1.961733e-04 -1.772841e+01 4.709929e-03 9.999856e-01 -2.560990e-03 9.802905e-01 2.082170e-04 2.560011e-03 9.999966e-01 4.812498e+01
9.999892e-01 4.641522e-03 1.569686e-04 -1.779560e+01 -4.641803e-03 9.999876e-01 1.825382e-03 9.802239e-01 -1.485109e-04 -1.826118e-03 9.999982e-01 4.822042e+01
9.999889e-01 -4.712638e-03 -1.733927e-04 -1.786304e+01 4.712175e-03 9.999856e-01 -2.567816e-03 9.801890e-01 1.854745e-04 2.566944e-03 9.999966e-01 4.831685e+01
9.999891e-01 4.656480e-03 1.929326e-04 -1.792814e+01 -4.656828e-03 9.999875e-01 1.832883e-03 9.799959e-01 -1.844122e-04 -1.833789e-03 9.999982e-01 4.841046e+01
9.999890e-01 -4.694030e-03 -1.991354e-04 -1.798662e+01 4.693510e-03 9.999858e-01 -2.527786e-03 9.794114e-01 2.109812e-04 2.526797e-03 9.999967e-01 4.849554e+01
9.999891e-01 4.667559e-03 2.999805e-04 -1.800559e+01 -4.668087e-03 9.999875e-01 1.776832e-03 9.781637e-01 -2.917001e-04 -1.778239e-03 9.999983e-01 4.855219e+01
9.999887e-01 -4.747448e-03 -3.663696e-04 -1.806654e+01 4.746520e-03 9.999856e-01 -2.486835e-03 9.778083e-01 3.781536e-04 2.485041e-03 9.999967e-01 4.864220e+01
9.999889e-01 4.687652e-03 3.639861e-04 -1.813215e+01 -4.688280e-03 9.999875e-01 1.738247e-03 9.777312e-01 -3.558500e-04 -1.739962e-03 9.999983e-01 4.873832e+01
9.999889e-01 -4.700285e-03 -3.549853e-04 -1.818945e+01 4.699417e-03 9.999861e-01 -2.403330e-03 9.768575e-01 3.662598e-04 2.401608e-03 9.999970e-01 4.881386e+01
9.999888e-01 4.703108e-03 5.288691e-04 -1.819412e+01 -4.703955e-03 9.999876e-01 1.606262e-03 9.752650e-01 -5.213249e-04 -1.608759e-03 9.999985e-01 4.885563e+01
9.999894e-01 -4.585848e-03 -4.070610e-04 -1.815475e+01 4.584825e-03 9.999864e-01 -2.472565e-03 9.734237e-01 4.183774e-04 2.470646e-03 9.999968e-01 4.886830e+01
9.999896e-01 4.544041e-03 3.723045e-04 -1.817084e+01 -4.544694e-03 9.999881e-01 1.765851e-03 9.721151e-01 -3.642927e-04 -1.767552e-03 9.999983e-01 4.892330e+01
9.999894e-01 -4.596532e-03 -3.710826e-04 -1.822027e+01 4.595613e-03 9.999865e-01 -2.434102e-03 9.711017e-01 3.822491e-04 2.432344e-03 9.999969e-01 4.899606e+01
9.999897e-01 4.530884e-03 3.306775e-04 -1.826651e+01 -4.531472e-03 9.999881e-01 1.789952e-03 9.699263e-01 -3.225802e-04 -1.791459e-03 9.999982e-01 4.906413e+01
9.999895e-01 -4.575789e-03 -3.438468e-04 -1.831292e+01 4.574940e-03 9.999866e-01 -2.424033e-03 9.686481e-01 3.549172e-04 2.422407e-03 9.999969e-01 4.912989e+01
9.999893e-01 4.593946e-03 5.001649e-04 -1.833637e+01 -4.594781e-03 9.999880e-01 1.676085e-03 9.670643e-01 -4.924758e-04 -1.678393e-03 9.999984e-01 4.917622e+01
9.999895e-01 -4.573850e-03 -4.067179e-04 -1.835645e+01 4.572854e-03 9.999866e-01 -2.410903e-03 9.656688e-01 4.177227e-04 2.408991e-03 9.999969e-01 4.922737e+01
9.999896e-01 4.529332e-03 4.456750e-04 -1.839593e+01 -4.530112e-03 9.999882e-01 1.759923e-03 9.642660e-01 -4.377152e-04 -1.761952e-03 9.999983e-01 4.928837e+01
9.999896e-01 -4.541534e-03 -4.369249e-04 -1.844950e+01 4.540475e-03 9.999868e-01 -2.390852e-03 9.631488e-01 4.477605e-04 2.388816e-03 9.999969e-01 4.935853e+01
9.999899e-01 4.463580e-03 4.795658e-04 -1.851769e+01 -4.464361e-03 9.999887e-01 1.635395e-03 9.631250e-01 -4.722774e-04 -1.637547e-03 9.999985e-01 4.945608e+01
9.999901e-01 -4.435910e-03 -2.823155e-04 -1.854801e+01 4.435201e-03 9.999871e-01 -2.458975e-03 9.620584e-01 2.932028e-04 2.457671e-03 9.999968e-01 4.951427e+01
9.999905e-01 4.358920e-03 1.930805e-04 -1.858989e+01 -4.359265e-03 9.999889e-01 1.809258e-03 9.610561e-01 -1.852087e-04 -1.810110e-03 9.999982e-01 4.958510e+01
9.999902e-01 -4.416082e-03 -1.499681e-04 -1.865489e+01 4.415684e-03 9.999870e-01 -2.542801e-03 9.608119e-01 1.611785e-04 2.542086e-03 9.999967e-01 4.967718e+01
9.999905e-01 4.358990e-03 1.731928e-04 -1.871970e+01 -4.359300e-03 9.999888e-01 1.818418e-03 9.605123e-01 -1.652811e-04 -1.819184e-03 9.999982e-01 4.976742e+01
9.999904e-01 -4.385070e-03 -1.494921e-04 -1.877881e+01 4.384679e-03 9.999872e-01 -2.511046e-03 9.598491e-01 1.604844e-04 2.510339e-03 9.999967e-01 4.984875e+01
9.999906e-01 4.331045e-03 1.163827e-04 -1.882638e+01 -4.331257e-03 9.999889e-01 1.867228e-03 9.586652e-01 -1.083111e-04 -1.867742e-03 9.999982e-01 4.991616e+01
9.999913e-01 -4.181871e-03 -4.155754e-05 -1.881261e+01 4.181737e-03 9.999874e-01 -2.788819e-03 9.573371e-01 5.320267e-05 2.788593e-03 9.999960e-01 4.992508e+01
9.999885e-01 4.684122e-03 -9.812464e-04 -1.872032e+01 -4.682137e-03 9.999870e-01 2.017805e-03 9.572733e-01 9.906685e-04 -2.013215e-03 9.999974e-01 4.983076e+01
9.999915e-01 -3.595172e-03 -2.017032e-03 -1.855613e+01 3.589861e-03 9.999901e-01 -2.629258e-03 9.604152e-01 2.026448e-03 2.621966e-03 9.999944e-01 4.956040e+01
9.999768e-01 5.450434e-03 -4.075891e-03 -1.826376e+01 -5.440940e-03 9.999825e-01 2.337593e-03 9.682965e-01 4.088543e-03 -2.315391e-03 9.999889e-01 4.904283e+01
9.999911e-01 -4.227228e-03 -1.483586e-04 -1.804880e+01 4.226802e-03 9.999873e-01 -2.747961e-03 9.729813e-01 1.599548e-04 2.747281e-03 9.999961e-01 4.869535e+01
9.999785e-01 5.529219e-03 -3.528588e-03 -1.785015e+01 -5.521553e-03 9.999824e-01 2.179504e-03 9.773553e-01 3.540558e-03 -2.160002e-03 9.999913e-01 4.836315e+01
9.999906e-01 -4.235192e-03 -8.824311e-04 -1.760789e+01 4.232882e-03 9.999877e-01 -2.600525e-03 9.822684e-01 8.934151e-04 2.596737e-03 9.999961e-01 4.799640e+01
9.999831e-01 5.325822e-03 -2.337125e-03 -1.742541e+01 -5.320932e-03 9.999836e-01 2.094805e-03 9.854127e-01 2.348224e-03 -2.082362e-03 9.999950e-01 4.771802e+01
9.999904e-01 -4.360466e-03 -4.439567e-04 -1.724600e+01 4.359257e-03 9.999869e-01 -2.681697e-03 9.877337e-01 4.556249e-04 2.679708e-03 9.999962e-01 4.747608e+01
9.999879e-01 4.831598e-03 -9.007255e-04 -1.713788e+01 -4.829842e-03 9.999864e-01 1.944275e-03 9.880263e-01 9.100878e-04 -1.939930e-03 9.999976e-01 4.737767e+01
