9.999972e-01 -1.030093e-03 2.111487e-03 -1.465359e-01 1.033363e-03 9.999983e-01 -1.548445e-03 -3.326729e-02 -2.109888e-03 1.550623e-03 9.999965e-01 1.163500e+00
1.000000e+00 5.752592e-05 -1.989202e-04 -2.796112e-01 -5.750303e-05 1.000000e+00 1.150233e-04 -6.497128e-02 1.989273e-04 -1.150117e-04 9.999999e-01 2.273467e+00
9.999962e-01 -1.214285e-03 2.490751e-03 -3.638876e-01 1.219478e-03 9.999971e-01 -2.084694e-03 -9.760555e-02 -2.488212e-03 2.087723e-03 9.999946e-01 3.456549e+00
1.000000e+00 -9.980087e-05 1.663768e-04 -4.335303e-01 9.980723e-05 1.000000e+00 -3.810022e-05 -1.314708e-01 -1.663720e-04 3.811659e-05 9.999999e-01 4.737561e+00
9.999957e-01 -1.538943e-03 2.503992e-03 -4.626946e-01 1.545439e-03 9.999954e-01 -2.594266e-03 -1.666084e-01 -2.499987e-03 2.598124e-03 9.999934e-01 6.077829e+00
1.000000e+00 -6.628549e-05 2.620377e-04 -4.573185e-01 6.631152e-05 1.000000e+00 -9.924859e-05 -2.012339e-01 -2.620296e-04 9.926520e-05 9.999999e-01 7.420769e+00
9.999953e-01 -1.626427e-03 2.598932e-03 -4.123224e-01 1.633579e-03 9.999949e-01 -2.752062e-03 -2.355612e-01 -2.594441e-03 2.756294e-03 9.999927e-01 8.786285e+00
1.000000e+00 -3.762554e-05 2.219105e-04 -3.722144e-01 3.763552e-05 1.000000e+00 -4.481396e-05 -2.698336e-01 -2.219068e-04 4.482097e-05 9.999999e-01 1.012886e+01
9.999949e-01 -1.715621e-03 2.702303e-03 -3.265317e-01 1.723415e-03 9.999944e-01 -2.884580e-03 -3.048079e-01 -2.697337e-03 2.889221e-03 9.999921e-01 1.151497e+01
1.000000e+00 1.950920e-04 -3.664715e-06 -2.973093e-01 -1.950907e-04 9.999999e-01 3.276250e-04 -3.380358e-01 3.731242e-06 -3.276262e-04 9.999998e-01 1.280568e+01
9.999961e-01 -1.468943e-03 2.393949e-03 -3.271981e-01 1.474874e-03 9.999958e-01 -2.477499e-03 -3.700455e-01 -2.390297e-03 2.481018e-03 9.999940e-01 1.400425e+01
1.000000e+00 1.149806e-04 1.728138e-04 -3.976722e-01 -1.150227e-04 1.000000e+00 2.437922e-04 -4.042652e-01 -1.727826e-04 -2.438144e-04 9.999999e-01 1.527333e+01
9.999958e-01 -1.482837e-03 2.493427e-03 -4.742200e-01 1.489003e-03 9.999958e-01 -2.472975e-03 -4.388629e-01 -2.489746e-03 2.476675e-03 9.999937e-01 1.657113e+01
9.999999e-01 3.831637e-04 7.326487e-05 -5.839036e-01 -3.832087e-04 9.999997e-01 6.160901e-04 -4.720541e-01 -7.302516e-05 -6.161209e-04 9.999997e-01 1.779406e+01
9.999950e-01 -2.014991e-03 2.448245e-03 -6.274595e-01 2.022906e-03 9.999927e-01 -3.234998e-03 -5.072161e-01 -2.441705e-03 3.239932e-03 9.999917e-01 1.913031e+01
9.999996e-01 6.102660e-04 6.508732e-04 -6.532963e-01 -6.108396e-04 9.999994e-01 8.815538e-04 -5.427292e-01 -6.503306e-04 -8.819543e-04 9.999993e-01 2.047594e+01
9.999968e-01 -1.865019e-03 1.733137e-03 -7.524904e-01 1.870158e-03 9.999938e-01 -2.968542e-03 -5.758462e-01 -1.727586e-03 2.971771e-03 9.999940e-01 2.168213e+01
9.999996e-01 5.803720e-04 7.102979e-04 -8.126304e-01 -5.809693e-04 9.999995e-01 8.412347e-04 -6.083579e-01 -7.098046e-04 -8.416507e-04 9.999993e-01 2.289330e+01
9.999968e-01 -1.765614e-03 1.815395e-03 -8.891823e-01 1.770677e-03 9.999945e-01 -2.790883e-03 -6.407311e-01 -1.810452e-03 2.794085e-03 9.999944e-01 2.411123e+01
9.999997e-01 4.207057e-04 6.718207e-04 -9.416317e-01 -4.210942e-04 9.999997e-01 5.783509e-04 -6.735847e-01 -6.715721e-04 -5.786377e-04 9.999995e-01 2.535128e+01
9.999956e-01 -2.098735e-03 2.084152e-03 -9.482389e-01 2.105557e-03 9.999924e-01 -3.276749e-03 -7.082821e-01 -2.077254e-03 3.281119e-03 9.999924e-01 2.669582e+01
9.999996e-01 6.141908e-04 6.556279e-04 -9.243013e-01 -6.147198e-04 9.999995e-01 8.071811e-04 -7.412568e-01 -6.551261e-04 -8.075884e-04 9.999994e-01 2.797648e+01
9.999973e-01 -1.717709e-03 1.550739e-03 -9.555865e-01 1.721717e-03 9.999952e-01 -2.587247e-03 -7.708297e-01 -1.546281e-03 2.589905e-03 9.999954e-01 2.908685e+01
9.999997e-01 6.548504e-04 5.099050e-04 -9.988921e-01 -6.553042e-04 9.999994e-01 8.906939e-04 -7.999485e-01 -5.093153e-04 -8.910327e-04 9.999994e-01 3.016172e+01
9.999967e-01 -1.915517e-03 1.700229e-03 -1.031126e+00 1.920443e-03 9.999940e-01 -2.899717e-03 -8.306666e-01 -1.694658e-03 2.902967e-03 9.999943e-01 3.130585e+01
9.999995e-01 7.173317e-04 6.312109e-04 -1.052307e+00 -7.179480e-04 9.999993e-01 9.769178e-04 -8.611338e-01 -6.305031e-04 -9.773759e-04 9.999992e-01 3.244905e+01
9.999954e-01 -2.382520e-03 1.900994e-03 -1.032944e+00 2.389477e-03 9.999904e-01 -3.665635e-03 -8.942908e-01 -1.892235e-03 3.670154e-03 9.999914e-01 3.373596e+01
9.999990e-01 5.223428e-04 1.319827e-03 -9.497425e-01 -5.231079e-04 9.999997e-01 5.796541e-04 -9.298153e-01 -1.319516e-03 -5.803499e-04 9.999989e-01 3.517351e+01
9.999961e-01 -2.152531e-03 1.797983e-03 -8.922834e-01 2.158360e-03 9.999924e-01 -3.246081e-03 -9.640919e-01 -1.790974e-03 3.249943e-03 9.999930e-01 3.653705e+01
9.999993e-01 7.736669e-04 9.038386e-04 -8.850467e-01 -7.745456e-04 9.999992e-01 9.725358e-04 -9.965143e-01 -9.030778e-04 -9.732417e-04 9.999990e-01 3.778361e+01
9.999953e-01 -2.411658e-03 1.883685e-03 -8.803018e-01 2.418451e-03 9.999906e-01 -3.612570e-03 -1.030627e+00 -1.874947e-03 3.617102e-03 9.999916e-01 3.910741e+01
9.999989e-01 4.988384e-04 1.414098e-03 -8.295822e-01 -4.995269e-04 9.999998e-01 4.867898e-04 -1.067270e+00 -1.413846e-03 -4.875027e-04 9.999988e-01 4.058167e+01
9.999953e-01 -2.278315e-03 2.063004e-03 -7.701957e-01 2.285390e-03 9.999915e-01 -3.433192e-03 -1.103706e+00 -2.055156e-03 3.437884e-03 9.999919e-01 4.205056e+01
9.999993e-01 9.062742e-04 7.452416e-04 -7.604222e-01 -9.071751e-04 9.999989e-01 1.209959e-03 -1.136242e+00 -7.441353e-04 -1.210642e-03 9.999989e-01 4.331446e+01
9.999966e-01 -2.310707e-03 1.173893e-03 -7.187191e-01 2.314702e-03 9.999915e-01 -3.413062e-03 -1.164994e+00 -1.165988e-03 3.415760e-03 9.999934e-01 4.441697e+01
9.999992e-01 1.020708e-03 7.331991e-04 -6.263226e-01 -1.021667e-03 9.999986e-01 1.309629e-03 -1.192171e+00 -7.318521e-04 -1.310385e-03 9.999988e-01 4.546681e+01
9.999955e-01 -2.599389e-03 1.480235e-03 -5.125811e-01 2.605069e-03 9.999892e-01 -3.847862e-03 -1.221638e+00 -1.470208e-03 3.851692e-03 9.999914e-01 4.662905e+01
9.999990e-01 1.030063e-03 1.000146e-03 -4.096488e-01 -1.031327e-03 9.999987e-01 1.264531e-03 -1.252489e+00 -9.988323e-04 -1.265570e-03 9.999986e-01 4.784418e+01
9.999973e-01 -2.141330e-03 9.554373e-04 -3.697317e-01 2.144223e-03 9.999931e-01 -3.036886e-03 -1.279877e+00 -9.489178e-04 3.038918e-03 9.999948e-01 4.885187e+01
9.999995e-01 9.542921e-04 1.859344e-04 -3.328593e-01 -9.545346e-04 9.999987e-01 1.310673e-03 -1.304327e+00 -1.846734e-04 -1.310859e-03 9.999990e-01 4.970734e+01
9.999937e-01 -2.634112e-03 2.397850e-03 -2.323603e-01 2.644009e-03 9.999880e-01 -4.133637e-03 -1.336236e+00 -2.386923e-03 4.139941e-03 9.999885e-01 5.095195e+01
9.999994e-01 8.460334e-04 6.866364e-04 -8.947755e-02 -8.468695e-04 9.999989e-01 1.219016e-03 -1.369385e+00 -6.855938e-04 -1.219606e-03 9.999989e-01 5.231574e+01
9.999933e-01 -2.574149e-03 2.605717e-03 -4.405936e-02 2.585124e-03 9.999878e-01 -4.217134e-03 -1.405732e+00 -2.594819e-03 4.223832e-03 9.999876e-01 5.375505e+01
9.999987e-01 6.879310e-04 1.475226e-03 -7.678157e-02 -6.892858e-04 9.999993e-01 9.184022e-04 -1.448342e+00 -1.474582e-03 -9.194279e-04 9.999984e-01 5.544579e+01
9.999951e-01 -2.389808e-03 2.008767e-03 -1.374537e-01 2.397395e-03 9.999900e-01 -3.782824e-03 -1.487981e+00 -1.999695e-03 3.787611e-03 9.999907e-01 5.697881e+01
9.999991e-01 1.243276e-03 -5.524902e-04 -9.309776e-02 -1.242189e-03 9.999973e-01 1.962279e-03 -1.513500e+00 5.549401e-04 -1.961602e-03 9.999978e-01 5.789548e+01
9.999955e-01 -2.309359e-03 1.890408e-03 -3.523370e-02 2.316110e-03 9.999909e-01 -3.576646e-03 -1.537788e+00 -1.882119e-03 3.580997e-03 9.999917e-01 5.875745e+01
9.999993e-01 1.172418e-03 -3.269144e-04 2.860883e-02 -1.171832e-03 9.999977e-01 1.786763e-03 -1.563205e+00 3.290205e-04 -1.786390e-03 9.999983e-01 5.968050e+01
9.999940e-01 -2.421973e-03 2.476542e-03 7.494553e-02 2.431277e-03 9.999900e-01 -3.760275e-03 -1.591586e+00 -2.467398e-03 3.766262e-03 9.999898e-01 6.074705e+01
9.999993e-01 1.129461e-03 -2.667869e-04 1.044473e-01 -1.128990e-03 9.999978e-01 1.757389e-03 -1.620747e+00 2.687836e-04 -1.757098e-03 9.999983e-01 6.184169e+01
9.999942e-01 -2.321853e-03 2.486967e-03 1.061471e-01 2.330898e-03 9.999907e-01 -3.640220e-03 -1.650095e+00 -2.478480e-03 3.645984e-03 9.999902e-01 6.292474e+01
9.999994e-01 1.062355e-03 1.086922e-05 7.318621e-02 -1.062372e-03 9.999979e-01 1.730807e-03 -1.681180e+00 -9.017584e-06 -1.730830e-03 9.999984e-01 6.409188e+01
9.999956e-01 -2.256704e-03 1.937278e-03 6.690812e-02 2.263532e-03 9.999912e-01 -3.529299e-03 -1.709587e+00 -1.929283e-03 3.533656e-03 9.999918e-01 6.514428e+01
9.999995e-01 9.711024e-04 2.010157e-04 7.940951e-02 -9.714001e-04 9.999984e-01 1.490675e-03 -1.739051e+00 -1.995545e-04 -1.490882e-03 9.999988e-01 6.624668e+01
9.999912e-01 -2.628193e-03 3.268171e-03 7.913120e-02 2.642427e-03 9.999870e-01 -4.358647e-03 -1.776761e+00 -3.256659e-03 4.367232e-03 9.999851e-01 6.771892e+01
9.999990e-01 4.129505e-04 1.331725e-03 4.749126e-02 -4.137802e-04 9.999997e-01 6.234408e-04 -1.822957e+00 -1.331453e-03 -6.240041e-04 9.999988e-01 6.959821e+01
9.999941e-01 -2.484137e-03 2.375214e-03 1.112386e-01 2.493705e-03 9.999888e-01 -4.033327e-03 -1.862540e+00 -2.365154e-03 4.039213e-03 9.999889e-01 7.123412e+01
9.999993e-01 1.150934e-03 -1.893851e-04 1.869617e-01 -1.150589e-03 9.999977e-01 1.806636e-03 -1.891522e+00 1.914786e-04 -1.806430e-03 9.999983e-01 7.235782e+01
9.999962e-01 -2.301941e-03 1.517105e-03 2.539616e-01 2.307458e-03 9.999907e-01 -3.644289e-03 -1.916352e+00 -1.508687e-03 3.647762e-03 9.999921e-01 7.327215e+01
9.999992e-01 1.261050e-03 -2.345029e-04 3.309521e-01 -1.260586e-03 9.999973e-01 1.963210e-03 -1.940121e+00 2.369927e-04 -1.962927e-03 9.999979e-01 7.414109e+01
9.999939e-01 -2.518990e-03 2.399713e-03 3.514320e-01 2.528614e-03 9.999887e-01 -4.015569e-03 -1.969364e+00 -2.389555e-03 4.021599e-03 9.999890e-01 7.522672e+01
9.999993e-01 1.014987e-03 5.424780e-04 3.420034e-01 -1.015849e-03 9.999982e-01 1.591972e-03 -2.003330e+00 -5.408459e-04 -1.592536e-03 9.999985e-01 7.653258e+01
9.999941e-01 -2.595926e-03 2.246335e-03 3.587347e-01 2.605129e-03 9.999882e-01 -4.103122e-03 -2.036543e+00 -2.235641e-03 4.108935e-03 9.999890e-01 7.782467e+01
9.999990e-01 1.329980e-03 5.591938e-04 3.128792e-01 -1.331033e-03 9.999973e-01 1.889492e-03 -2.070096e+00 -5.566635e-04 -1.890249e-03 9.999980e-01 7.909776e+01
9.999933e-01 -2.739425e-03 2.424358e-03 2.175806e-01 2.749821e-03 9.999870e-01 -4.294523e-03 -2.106262e+00 -2.412546e-03 4.301146e-03 9.999877e-01 8.047478e+01
9.999995e-01 9.961020e-04 3.261845e-04 2.483805e-01 -9.965994e-04 9.999983e-01 1.532362e-03 -2.140263e+00 -3.246412e-04 -1.532701e-03 9.999987e-01 8.184298e+01
9.999956e-01 -2.307300e-03 1.881272e-03 3.439347e-01 2.314244e-03 9.999905e-01 -3.696434e-03 -2.168586e+00 -1.872709e-03 3.700756e-03 9.999913e-01 8.297040e+01
9.999993e-01 1.174073e-03 6.703217e-05 4.253136e-01 -1.174191e-03 9.999977e-01 1.803888e-03 -2.195629e+00 -6.489737e-05 -1.803981e-03 9.999983e-01 8.403129e+01
9.999968e-01 -2.114999e-03 1.370306e-03 4.869897e-01 2.119493e-03 9.999924e-01 -3.285965e-03 -2.219936e+00 -1.363329e-03 3.288843e-03 9.999936e-01 8.494404e+01
9.999994e-01 1.077884e-03 3.088612e-04 5.291570e-01 -1.078349e-03 9.999983e-01 1.511912e-03 -2.246444e+00 -3.072139e-04 -1.512261e-03 9.999987e-01 8.593418e+01
9.999956e-01 -2.324109e-03 1.821895e-03 6.016082e-01 2.330675e-03 9.999908e-01 -3.609604e-03 -2.275124e+00 -1.813472e-03 3.613818e-03 9.999917e-01 8.706829e+01
9.999988e-01 1.538873e-03 1.331024e-04 6.096863e-01 -1.539150e-03 9.999966e-01 2.115085e-03 -2.301921e+00 -1.298297e-04 -2.115304e-03 9.999977e-01 8.806214e+01
9.999952e-01 -2.743922e-03 1.469108e-03 6.526908e-01 2.749746e-03 9.999883e-01 -3.975678e-03 -2.328446e+00 -1.458164e-03 3.979682e-03 9.999909e-01 8.906258e+01
9.999983e-01 1.822442e-03 5.691343e-05 7.550343e-01 -1.822571e-03 9.999955e-01 2.396871e-03 -2.352131e+00 -5.252731e-05 -2.396987e-03 9.999970e-01 8.996761e+01
9.999929e-01 -3.258998e-03 1.877819e-03 8.670397e-01 3.268056e-03 9.999829e-01 -4.840138e-03 -2.380284e+00 -1.861996e-03 4.846223e-03 9.999864e-01 9.107904e+01
9.999980e-01 1.466453e-03 1.336253e-03 1.028718e+00 -1.468788e-03 9.999974e-01 1.749369e-03 -2.414260e+00 -1.333666e-03 -1.751345e-03 9.999975e-01 9.249526e+01
9.999948e-01 -2.966061e-03 1.225227e-03 1.183166e+00 2.971269e-03 9.999865e-01 -4.269799e-03 -2.444021e+00 -1.212528e-03 4.273400e-03 9.999900e-01 9.371569e+01
9.999984e-01 1.385659e-03 1.151483e-03 1.351678e+00 -1.387508e-03 9.999977e-01 1.607818e-03 -2.473149e+00 -1.149233e-03 -1.609431e-03 9.999979e-01 9.491308e+01
9.999945e-01 -3.010784e-03 1.420951e-03 1.526579e+00 3.017002e-03 9.999858e-01 -4.392917e-03 -2.503229e+00 -1.407686e-03 4.397161e-03 9.999892e-01 9.615903e+01
9.999984e-01 1.733921e-03 5.370855e-04 1.672405e+00 -1.735105e-03 9.999960e-01 2.214212e-03 -2.529591e+00 -5.332251e-04 -2.215158e-03 9.999973e-01 9.721238e+01
9.999951e-01 -2.704847e-03 1.591089e-03 1.693527e+00 2.710986e-03 9.999888e-01 -3.867657e-03 -2.557586e+00 -1.580591e-03 3.871933e-03 9.999912e-01 9.824782e+01
9.999984e-01 1.768263e-03 -6.969563e-05 1.681136e+00 -1.768085e-03 9.999954e-01 2.448619e-03 -2.583086e+00 7.404448e-05 -2.448511e-03 9.999969e-01 9.919491e+01
9.999952e-01 -2.340932e-03 2.021000e-03 1.606539e+00 2.348001e-03 9.999911e-01 -3.501369e-03 -2.609770e+00 -2.012767e-03 3.506079e-03 9.999917e-01 1.001533e+02
9.999994e-01 9.513616e-04 5.987803e-04 1.574950e+00 -9.520682e-04 9.999988e-01 1.184280e-03 -2.642900e+00 -5.976332e-04 -1.184868e-03 9.999990e-01 1.014259e+02
9.999961e-01 -2.272333e-03 1.643333e-03 1.615565e+00 2.277690e-03 9.999921e-01 -3.264486e-03 -2.672145e+00 -1.635882e-03 3.268197e-03 9.999932e-01 1.025618e+02
9.999993e-01 1.176278e-03 -2.351524e-04 1.670865e+00 -1.175922e-03 9.999982e-01 1.497760e-03 -2.697028e+00 2.369338e-04 -1.497502e-03 9.999988e-01 1.034863e+02
9.999967e-01 -2.125219e-03 1.475372e-03 1.743543e+00 2.129535e-03 9.999934e-01 -2.928818e-03 -2.719880e+00 -1.469118e-03 2.931930e-03 9.999945e-01 1.043255e+02
9.999987e-01 1.478338e-03 -5.866050e-04 1.780105e+00 -1.477212e-03 9.999971e-01 1.912608e-03 -2.740738e+00 5.894511e-04 -1.911759e-03 9.999979e-01 1.050396e+02
9.999968e-01 -2.142516e-03 1.368799e-03 1.797162e+00 2.146500e-03 9.999934e-01 -2.913889e-03 -2.761634e+00 -1.362527e-03 2.916798e-03 9.999947e-01 1.057464e+02
9.999986e-01 1.512931e-03 -7.572608e-04 1.816132e+00 -1.511386e-03 9.999968e-01 2.033685e-03 -2.781406e+00 7.603556e-04 -2.032558e-03 9.999975e-01 1.063990e+02
9.999970e-01 -2.083190e-03 1.275279e-03 1.832769e+00 2.086844e-03 9.999937e-01 -2.868774e-03 -2.800557e+00 -1.269275e-03 2.871407e-03 9.999950e-01 1.070120e+02
9.999986e-01 1.580226e-03 -5.301644e-04 1.834520e+00 -1.579085e-03 9.999965e-01 2.143285e-03 -2.820400e+00 5.335700e-04 -2.142465e-03 9.999975e-01 1.076621e+02
9.999966e-01 -2.149147e-03 1.470966e-03 1.797424e+00 2.153568e-03 9.999932e-01 -3.009700e-03 -2.842307e+00 -1.464467e-03 3.012837e-03 9.999943e-01 1.083785e+02
9.999989e-01 1.477174e-03 -9.248380e-05 1.735904e+00 -1.476989e-03 9.999970e-01 1.949078e-03 -2.866917e+00 9.538339e-05 -1.948960e-03 9.999980e-01 1.092154e+02
9.999964e-01 -2.229852e-03 1.491373e-03 1.686716e+00 2.234467e-03 9.999927e-01 -3.097969e-03 -2.891817e+00 -1.484433e-03 3.101270e-03 9.999940e-01 1.100859e+02
9.999989e-01 1.462975e-03 -4.653564e-05 1.648840e+00 -1.462879e-03 9.999971e-01 1.937151e-03 -2.916611e+00 4.939050e-05 -1.937101e-03 9.999980e-01 1.109657e+02
9.999962e-01 -2.318921e-03 1.502316e-03 1.640720e+00 2.323905e-03 9.999918e-01 -3.322711e-03 -2.941665e+00 -1.494578e-03 3.326169e-03 9.999933e-01 1.118813e+02
9.999987e-01 1.538651e-03 -3.721709e-04 1.677560e+00 -1.537865e-03 9.999966e-01 2.096087e-03 -2.964314e+00 3.754160e-04 -2.095533e-03 9.999976e-01 1.126926e+02
9.999951e-01 -2.376051e-03 2.057752e-03 1.647657e+00 2.383023e-03 9.999914e-01 -3.391574e-03 -2.990629e+00 -2.049655e-03 3.396440e-03 9.999920e-01 1.136226e+02
9.999990e-01 1.400445e-03 2.177619e-05 1.593106e+00 -1.400480e-03 9.999974e-01 1.802593e-03 -3.019327e+00 -1.923014e-05 -1.802643e-03 9.999983e-01 1.146771e+02
9.999954e-01 -2.536774e-03 1.658929e-03 1.581321e+00 2.542770e-03 9.999902e-01 -3.620518e-03 -3.047007e+00 -1.649707e-03 3.624698e-03 9.999920e-01 1.156916e+02
9.999990e-01 1.387613e-03 3.950886e-05 1.588781e+00 -1.387676e-03 9.999976e-01 1.707900e-03 -3.074711e+00 -3.711700e-05 -1.707975e-03 9.999984e-01 1.166951e+02
9.999927e-01 -2.808648e-03 2.599484e-03 1.553597e+00 2.819186e-03 9.999878e-01 -4.058007e-03 -3.108093e+00 -2.588033e-03 4.065284e-03 9.999883e-01 1.179389e+02
9.999991e-01 1.327060e-03 -1.220209e-04 1.565780e+00 -1.326846e-03 9.999977e-01 1.712143e-03 -3.140352e+00 1.243150e-04 -1.712001e-03 9.999984e-01 1.191715e+02
9.999963e-01 -2.310869e-03 1.447354e-03 1.639934e+00 2.315664e-03 9.999918e-01 -3.318389e-03 -3.164587e+00 -1.439652e-03 3.321706e-03 9.999933e-01 1.200591e+02
9.999988e-01 1.536710e-03 -1.061277e-04 1.653614e+00 -1.536494e-03 9.999968e-01 1.985494e-03 -3.188894e+00 1.092011e-04 -1.985350e-03 9.999979e-01 1.209175e+02
9.999958e-01 -2.453132e-03 1.551151e-03 1.649819e+00 2.458369e-03 9.999913e-01 -3.381845e-03 -3.213884e+00 -1.542819e-03 3.385622e-03 9.999930e-01 1.218323e+02
9.999985e-01 1.752650e-03 -1.598570e-04 1.628663e+00 -1.752290e-03 9.999960e-01 2.204818e-03 -3.238012e+00 1.637435e-04 -2.204557e-03 9.999975e-01 1.227061e+02
9.999963e-01 -2.280341e-03 1.490212e-03 1.595485e+00 2.285111e-03 9.999923e-01 -3.205387e-03 -3.261569e+00 -1.482868e-03 3.208758e-03 9.999937e-01 1.235435e+02
9.999983e-01 1.822743e-03 -6.945787e-05 1.555844e+00 -1.822583e-03 9.999959e-01 2.191481e-03 -3.285794e+00 7.347514e-05 -2.191373e-03 9.999975e-01 1.243968e+02
9.999952e-01 -2.623498e-03 1.631022e-03 1.504295e+00 2.629280e-03 9.999902e-01 -3.551722e-03 -3.312548e+00 -1.621665e-03 3.555971e-03 9.999923e-01 1.253488e+02
9.999978e-01 2.100571e-03 8.147972e-06 1.494742e+00 -2.100583e-03 9.999942e-01 2.689816e-03 -3.335899e+00 -2.474435e-06 -2.689850e-03 9.999963e-01 1.261987e+02
9.999964e-01 -2.313884e-03 1.350333e-03 1.471720e+00 2.318626e-03 9.999911e-01 -3.518979e-03 -3.358760e+00 -1.342155e-03 3.522075e-03 9.999928e-01 1.270170e+02
9.999986e-01 1.630822e-03 -2.608350e-04 1.448559e+00 -1.630240e-03 9.999962e-01 2.206640e-03 -3.382868e+00 2.644562e-04 -2.206235e-03 9.999974e-01 1.278579e+02
9.999955e-01 -2.218569e-03 2.001203e-03 1.398544e+00 2.225115e-03 9.999922e-01 -3.273748e-03 -3.408221e+00 -1.993901e-03 3.278163e-03 9.999925e-01 1.287550e+02
9.999991e-01 1.240099e-03 -5.266950e-04 1.364456e+00 -1.239227e-03 9.999979e-01 1.646579e-03 -3.435105e+00 5.287597e-04 -1.645948e-03 9.999984e-01 1.297246e+02
9.999969e-01 -1.824393e-03 1.701494e-03 1.318036e+00 1.829058e-03 9.999946e-01 -2.742286e-03 -3.458977e+00 -1.696458e-03 2.745366e-03 9.999947e-01 1.305464e+02
9.999993e-01 1.181432e-03 -2.703987e-04 1.248818e+00 -1.180986e-03 9.999980e-01 1.633158e-03 -3.484567e+00 2.723517e-04 -1.632861e-03 9.999985e-01 1.314305e+02
9.999966e-01 -1.817016e-03 1.879920e-03 1.182012e+00 1.821966e-03 9.999949e-01 -2.633405e-03 -3.510369e+00 -1.875101e-03 2.636797e-03 9.999947e-01 1.323283e+02
9.999991e-01 1.293359e-03 -1.907154e-04 1.104263e+00 -1.293041e-03 9.999978e-01 1.639333e-03 -3.536839e+00 1.928596e-04 -1.639109e-03 9.999985e-01 1.332626e+02
9.999958e-01 -1.922611e-03 2.189958e-03 1.030398e+00 1.929094e-03 9.999938e-01 -2.960963e-03 -3.564786e+00 -2.184227e-03 2.965151e-03 9.999931e-01 1.342898e+02
9.999994e-01 1.038313e-03 -4.199160e-04 9.866094e-01 -1.037688e-03 9.999984e-01 1.478153e-03 -3.592061e+00 4.214748e-04 -1.477740e-03 9.999987e-01 1.353023e+02
9.999964e-01 -1.948162e-03 1.848518e-03 9.784062e-01 1.953519e-03 9.999939e-01 -2.898690e-03 -3.617224e+00 -1.842835e-03 2.902266e-03 9.999940e-01 1.362169e+02
9.999993e-01 1.041889e-03 -5.238913e-04 9.973973e-01 -1.041083e-03 9.999983e-01 1.529975e-03 -3.641200e+00 5.255094e-04 -1.529453e-03 9.999986e-01 1.370833e+02
9.999960e-01 -2.141288e-03 1.831891e-03 1.044399e+00 2.147140e-03 9.999926e-01 -3.196772e-03 -3.665646e+00 -1.825007e-03 3.200668e-03 9.999931e-01 1.379785e+02
9.999995e-01 9.299698e-04 -3.744170e-04 1.149876e+00 -9.294819e-04 9.999987e-01 1.292520e-03 -3.690203e+00 3.756437e-04 -1.292196e-03 9.999990e-01 1.389163e+02
9.999951e-01 -2.243802e-03 2.179301e-03 1.264974e+00 2.251419e-03 9.999913e-01 -3.497304e-03 -3.716777e+00 -2.171410e-03 3.502168e-03 9.999914e-01 1.399387e+02
9.999998e-01 5.591211e-04 3.297861e-04 1.403926e+00 -5.593468e-04 9.999996e-01 6.946499e-04 -3.747561e+00 -3.293720e-04 -6.948594e-04 9.999996e-01 1.411874e+02
9.999957e-01 -2.097152e-03 2.043222e-03 1.538070e+00 2.103834e-03 9.999924e-01 -3.271869e-03 -3.777095e+00 -2.036320e-03 3.276128e-03 9.999925e-01 1.423897e+02
9.999997e-01 7.843723e-04 -1.370529e-04 1.660199e+00 -7.842088e-04 9.999990e-01 1.163944e-03 -3.803589e+00 1.379916e-04 -1.163861e-03 9.999992e-01 1.434383e+02
9.999941e-01 -2.208105e-03 2.633658e-03 1.705493e+00 2.217446e-03 9.999912e-01 -3.548006e-03 -3.834611e+00 -2.625774e-03 3.553799e-03 9.999901e-01 1.446279e+02
9.999998e-01 5.687098e-04 2.494896e-04 1.667869e+00 -5.689697e-04 9.999993e-01 1.057155e-03 -3.869879e+00 -2.488618e-04 -1.057323e-03 9.999993e-01 1.459903e+02
9.999943e-01 -2.194956e-03 2.584161e-03 1.685229e+00 2.204308e-03 9.999910e-01 -3.620315e-03 -3.903410e+00 -2.576164e-03 3.625964e-03 9.999900e-01 1.473102e+02
9.999996e-01 8.119245e-04 -2.556784e-04 1.710483e+00 -8.115460e-04 9.999986e-01 1.462658e-03 -3.933603e+00 2.568924e-04 -1.462476e-03 9.999988e-01 1.484728e+02
9.999937e-01 -2.314285e-03 2.681215e-03 1.740281e+00 2.324650e-03 9.999898e-01 -3.867729e-03 -3.964998e+00 -2.672209e-03 3.873911e-03 9.999888e-01 1.496786e+02
9.999995e-01 8.930999e-04 5.406500e-04 1.722405e+00 -8.939590e-04 9.999983e-01 1.598104e-03 -3.999750e+00 -5.391945e-04 -1.598613e-03 9.999985e-01 1.510382e+02
9.999949e-01 -2.462578e-03 2.030881e-03 1.698717e+00 2.470871e-03 9.999886e-01 -4.089169e-03 -4.033309e+00 -2.020760e-03 4.094139e-03 9.999895e-01 1.523370e+02
9.999995e-01 9.356404e-04 4.323831e-04 1.740264e+00 -9.363347e-04 9.999983e-01 1.617545e-03 -4.064818e+00 -4.308413e-04 -1.617977e-03 9.999985e-01 1.535641e+02
9.999947e-01 -2.489617e-03 2.079391e-03 1.824227e+00 2.498455e-03 9.999878e-01 -4.256601e-03 -4.096107e+00 -2.068741e-03 4.261746e-03 9.999887e-01 1.548233e+02
9.999995e-01 9.422096e-04 4.164771e-04 1.942209e+00 -9.428929e-04 9.999982e-01 1.653543e-03 -4.126792e+00 -4.148903e-04 -1.653963e-03 9.999985e-01 1.560826e+02
9.999944e-01 -2.465869e-03 2.277592e-03 2.072985e+00 2.475766e-03 9.999875e-01 -4.351163e-03 -4.158252e+00 -2.266806e-03 4.356748e-03 9.999878e-01 1.573773e+02
9.999991e-01 1.339461e-03 -2.526816e-05 2.179438e+00 -1.339393e-03 9.999963e-01 2.376167e-03 -4.186030e+00 2.847937e-05 -2.376159e-03 9.999971e-01 1.585026e+02
9.999953e-01 -2.403272e-03 1.879009e-03 2.278324e+00 2.411128e-03 9.999883e-01 -4.187249e-03 -4.212023e+00 -1.868895e-03 4.191731e-03 9.999894e-01 1.595343e+02
9.999989e-01 1.478742e-03 -1.707737e-04 2.345575e+00 -1.478294e-03 9.999956e-01 2.571832e-03 -4.237413e+00 1.746049e-04 -2.571606e-03 9.999966e-01 1.605097e+02
9.999957e-01 -2.307579e-03 1.799269e-03 2.397387e+00 2.314631e-03 9.999896e-01 -3.924601e-03 -4.261836e+00 -1.790165e-03 3.928720e-03 9.999906e-01 1.614358e+02
9.999989e-01 1.414069e-03 -4.621818e-04 2.461972e+00 -1.412908e-03 9.999959e-01 2.494820e-03 -4.285311e+00 4.657369e-04 -2.494194e-03 9.999967e-01 1.623187e+02
9.999950e-01 -2.407729e-03 2.070048e-03 2.550364e+00 2.416487e-03 9.999881e-01 -4.236512e-03 -4.310288e+00 -2.059794e-03 4.241464e-03 9.999888e-01 1.632753e+02
9.999992e-01 1.229152e-03 -2.652573e-04 2.654995e+00 -1.228566e-03 9.999969e-01 2.182375e-03 -4.336679e+00 2.679683e-04 -2.182077e-03 9.999975e-01 1.643082e+02
9.999963e-01 -2.100913e-03 1.725755e-03 2.707737e+00 2.106991e-03 9.999916e-01 -3.524540e-03 -4.360478e+00 -1.718306e-03 3.528133e-03 9.999922e-01 1.651810e+02
9.999994e-01 9.861545e-04 -3.839150e-04 2.774610e+00 -9.854951e-04 9.999981e-01 1.701836e-03 -4.385284e+00 3.856221e-04 -1.701486e-03 9.999984e-01 1.660851e+02
9.999951e-01 -1.979055e-03 2.438703e-03 2.816773e+00 1.987903e-03 9.999914e-01 -3.629038e-03 -4.413508e+00 -2.431470e-03 3.633838e-03 9.999903e-01 1.671337e+02
9.999993e-01 9.711562e-04 -7.407494e-04 2.777402e+00 -9.698248e-04 9.999979e-01 1.789112e-03 -4.442399e+00 7.425152e-04 -1.788423e-03 9.999980e-01 1.681480e+02
9.999935e-01 -2.262754e-03 2.793819e-03 2.816439e+00 2.274905e-03 9.999879e-01 -4.351909e-03 -4.473096e+00 -2.783908e-03 4.358206e-03 9.999865e-01 1.693009e+02
9.999994e-01 8.888320e-04 -6.073395e-04 2.893511e+00 -8.877913e-04 9.999982e-01 1.703614e-03 -4.503762e+00 6.088828e-04 -1.703105e-03 9.999983e-01 1.704854e+02
9.999930e-01 -2.394821e-03 2.883855e-03 3.023325e+00 2.407652e-03 9.999872e-01 -4.452368e-03 -4.533698e+00 -2.873125e-03 4.459249e-03 9.999858e-01 1.716851e+02
9.999993e-01 1.024543e-03 -5.442096e-04 3.158881e+00 -1.023466e-03 9.999975e-01 1.966537e-03 -4.562817e+00 5.462537e-04 -1.966010e-03 9.999978e-01 1.728609e+02
9.999945e-01 -2.321289e-03 2.352195e-03 3.280979e+00 2.331150e-03 9.999885e-01 -4.195993e-03 -4.589506e+00 -2.342397e-03 4.201422e-03 9.999883e-01 1.739109e+02
9.999994e-01 9.662545e-04 -4.132671e-04 3.382792e+00 -9.655266e-04 9.999980e-01 1.745407e-03 -4.617973e+00 4.149837e-04 -1.745039e-03 9.999983e-01 1.750094e+02
9.999929e-01 -2.428514e-03 2.876281e-03 3.490391e+00 2.441685e-03 9.999865e-01 -4.582964e-03 -4.649386e+00 -2.865081e-03 4.589922e-03 9.999853e-01 1.762637e+02
9.999991e-01 1.061098e-03 -8.056972e-04 3.611699e+00 -1.059348e-03 9.999971e-01 2.162575e-03 -4.677694e+00 8.080208e-04 -2.161752e-03 9.999972e-01 1.773957e+02
9.999931e-01 -2.388198e-03 2.846994e-03 3.725044e+00 2.400901e-03 9.999871e-01 -4.464869e-03 -4.705574e+00 -2.836263e-03 4.471641e-03 9.999859e-01 1.784935e+02
9.999994e-01 9.364509e-04 -6.176004e-04 3.839912e+00 -9.352476e-04 9.999977e-01 1.936813e-03 -4.735111e+00 6.194443e-04 -1.936267e-03 9.999978e-01 1.796707e+02
9.999941e-01 -2.216811e-03 2.634042e-03 3.950261e+00 2.228103e-03 9.999883e-01 -4.289738e-03 -4.763282e+00 -2.624470e-03 4.295548e-03 9.999872e-01 1.807791e+02
9.999994e-01 9.089154e-04 -6.405209e-04 4.067056e+00 -9.076415e-04 9.999976e-01 1.977583e-03 -4.791050e+00 6.423487e-04 -1.977034e-03 9.999977e-01 1.818838e+02
9.999944e-01 -2.117289e-03 2.571828e-03 4.183001e+00 2.127746e-03 9.999895e-01 -4.067959e-03 -4.817863e+00 -2.563156e-03 4.073376e-03 9.999883e-01 1.829484e+02
9.999992e-01 8.261406e-04 -9.251349e-04 4.290571e+00 -8.243632e-04 9.999978e-01 1.913721e-03 -4.844119e+00 9.267460e-04 -1.912990e-03 9.999976e-01 1.839616e+02
9.999943e-01 -2.022829e-03 2.694651e-03 4.424554e+00 2.033559e-03 9.999900e-01 -3.983268e-03 -4.869694e+00 -2.686535e-03 3.988691e-03 9.999883e-01 1.849602e+02
9.999987e-01 9.431420e-04 -1.311556e-03 4.533656e+00 -9.402272e-04 9.999971e-01 2.216734e-03 -4.893490e+00 1.313675e-03 -2.215532e-03 9.999966e-01 1.858519e+02
9.999922e-01 -2.376521e-03 3.160401e-03 4.658453e+00 2.391172e-03 9.999864e-01 -4.638436e-03 -4.920985e+00 -3.149302e-03 4.645922e-03 9.999842e-01 1.869198e+02
9.999991e-01 9.427686e-04 -9.398674e-04 4.807793e+00 -9.407493e-04 9.999973e-01 2.140269e-03 -4.949523e+00 9.419152e-04 -2.139417e-03 9.999972e-01 1.880618e+02
9.999918e-01 -2.425723e-03 3.236644e-03 4.944752e+00 2.441093e-03 9.999857e-01 -4.751596e-03 -4.978898e+00 -3.225039e-03 4.759424e-03 9.999834e-01 1.892369e+02
9.999982e-01 1.422705e-03 -1.291836e-03 4.960970e+00 -1.418294e-03 9.999932e-01 3.404016e-03 -5.006413e+00 1.296703e-03 -3.402212e-03 9.999933e-01 1.902310e+02
9.999922e-01 -2.626347e-03 2.946802e-03 4.966149e+00 2.642365e-03 9.999817e-01 -5.442796e-03 -5.035810e+00 -2.932421e-03 5.450505e-03 9.999808e-01 1.912600e+02
9.999993e-01 1.122857e-03 -3.962276e-04 5.120674e+00 -1.121761e-03 9.999956e-01 2.739991e-03 -5.066028e+00 3.993358e-04 -2.739580e-03 9.999961e-01 1.925006e+02
9.999925e-01 -2.718995e-03 2.770871e-03 5.260977e+00 2.734139e-03 9.999813e-01 -5.474429e-03 -5.096176e+00 -2.755901e-03 5.481928e-03 9.999811e-01 1.937270e+02
9.999986e-01 1.686599e-03 -8.386504e-05 5.240696e+00 -1.686259e-03 9.999913e-01 3.822472e-03 -5.128148e+00 9.034502e-05 -3.822361e-03 9.999926e-01 1.949111e+02
9.999924e-01 -3.072542e-03 2.390322e-03 5.146347e+00 3.086698e-03 9.999776e-01 -5.938572e-03 -5.162034e+00 -2.371988e-03 5.945869e-03 9.999794e-01 1.961403e+02
9.999990e-01 1.335605e-03 3.894506e-04 5.167133e+00 -1.336777e-03 9.999945e-01 3.041863e-03 -5.197236e+00 -3.853516e-04 -3.042417e-03 9.999952e-01 1.974864e+02
9.999915e-01 -3.238139e-03 2.549066e-03 5.324883e+00 3.253698e-03 9.999760e-01 -6.121031e-03 -5.230077e+00 -2.529150e-03 6.129237e-03 9.999779e-01 1.988516e+02
9.999982e-01 1.820241e-03 -5.817797e-04 5.480098e+00 -1.818042e-03 9.999913e-01 3.747580e-03 -5.257000e+00 5.886306e-04 -3.746553e-03 9.999927e-01 1.999103e+02
9.999918e-01 -3.225920e-03 2.464897e-03 5.623640e+00 3.240946e-03 9.999761e-01 -6.113880e-03 -5.283775e+00 -2.445080e-03 6.121782e-03 9.999782e-01 2.009547e+02
9.999982e-01 1.859611e-03 -4.405464e-04 5.765005e+00 -1.857911e-03 9.999910e-01 3.812698e-03 -5.310950e+00 4.476673e-04 -3.811910e-03 9.999925e-01 2.020372e+02
9.999906e-01 -3.362378e-03 2.727416e-03 5.911085e+00 3.379880e-03 9.999736e-01 -6.435560e-03 -5.340032e+00 -2.705671e-03 6.444681e-03 9.999755e-01 2.032133e+02
9.999984e-01 1.785981e-03 -2.316632e-05 6.079697e+00 -1.785876e-03 9.999916e-01 3.690041e-03 -5.370650e+00 2.979160e-05 -3.690031e-03 9.999931e-01 2.044883e+02
9.999940e-01 -2.995097e-03 1.727781e-03 6.218237e+00 3.004958e-03 9.999791e-01 -5.728584e-03 -5.395928e+00 -1.710552e-03 5.733704e-03 9.999820e-01 2.054758e+02
9.999984e-01 1.746952e-03 -2.579147e-04 6.353982e+00 -1.745988e-03 9.999918e-01 3.666153e-03 -5.420441e+00 2.643525e-04 -3.665735e-03 9.999932e-01 2.064079e+02
9.999936e-01 -3.006145e-03 1.939424e-03 6.507014e+00 3.017280e-03 9.999789e-01 -5.760661e-03 -5.445418e+00 -1.922030e-03 5.766437e-03 9.999814e-01 2.073773e+02
9.999982e-01 1.839864e-03 -4.119523e-04 6.642185e+00 -1.838270e-03 9.999910e-01 3.819244e-03 -5.469693e+00 4.190111e-04 -3.818518e-03 9.999925e-01 2.082981e+02
9.999930e-01 -3.016073e-03 2.217686e-03 6.736028e+00 3.028858e-03 9.999787e-01 -5.781143e-03 -5.495746e+00 -2.200166e-03 5.787781e-03 9.999807e-01 2.092816e+02
9.999979e-01 1.843231e-03 -9.153363e-04 6.824191e+00 -1.839692e-03 9.999909e-01 3.843797e-03 -5.520281e+00 9.224488e-04 -3.842144e-03 9.999921e-01 2.101820e+02
9.999906e-01 -3.282355e-03 2.835956e-03 6.952312e+00 3.299961e-03 9.999752e-01 -6.223455e-03 -5.547610e+00 -2.815422e-03 6.232716e-03 9.999765e-01 2.112425e+02
9.999979e-01 1.855503e-03 -8.305794e-04 7.106300e+00 -1.852252e-03 9.999907e-01 3.889020e-03 -5.574566e+00 8.378239e-04 -3.887512e-03 9.999920e-01 2.123049e+02
9.999930e-01 -2.895838e-03 2.384865e-03 7.234294e+00 2.909260e-03 9.999799e-01 -5.640565e-03 -5.598356e+00 -2.368447e-03 5.647424e-03 9.999812e-01 2.132107e+02
9.999972e-01 2.011131e-03 -1.258157e-03 7.346613e+00 -2.005884e-03 9.999894e-01 4.151516e-03 -5.620166e+00 1.266529e-03 -4.149020e-03 9.999905e-01 2.140234e+02
9.999940e-01 -2.551098e-03 2.329309e-03 7.389895e+00 2.562857e-03 9.999839e-01 -5.056019e-03 -5.641308e+00 -2.316337e-03 5.061918e-03 9.999844e-01 2.147530e+02
9.999975e-01 1.669216e-03 -1.494315e-03 7.418424e+00 -1.663675e-03 9.999918e-01 3.696492e-03 -5.663359e+00 1.500509e-03 -3.694037e-03 9.999920e-01 2.155180e+02
9.999930e-01 -2.647036e-03 2.658496e-03 7.507190e+00 2.661123e-03 9.999824e-01 -5.306437e-03 -5.686186e+00 -2.644366e-03 5.313434e-03 9.999823e-01 2.163530e+02
9.999971e-01 1.849817e-03 -1.507306e-03 7.596554e+00 -1.843825e-03 9.999904e-01 3.961643e-03 -5.708162e+00 1.514656e-03 -3.958892e-03 9.999909e-01 2.171596e+02
9.999925e-01 -2.775325e-03 2.709243e-03 7.698934e+00 2.790218e-03 9.999809e-01 -5.505957e-03 -5.730788e+00 -2.693874e-03 5.513435e-03 9.999811e-01 2.180131e+02
9.999968e-01 2.186941e-03 -1.241399e-03 7.770020e+00 -2.181341e-03 9.999875e-01 4.487683e-03 -5.752523e+00 1.251235e-03 -4.485001e-03 9.999891e-01 2.188193e+02
9.999930e-01 -2.806802e-03 2.465186e-03 7.787920e+00 2.820712e-03 9.999800e-01 -5.654349e-03 -5.775363e+00 -2.449229e-03 5.661223e-03 9.999809e-01 2.196475e+02
9.999978e-01 1.939524e-03 -8.346829e-04 7.789630e+00 -1.935968e-03 9.999892e-01 4.230649e-03 -5.800789e+00 8.429162e-04 -4.229064e-03 9.999906e-01 2.205928e+02
9.999927e-01 -2.851049e-03 2.553042e-03 7.792599e+00 2.865357e-03 9.999801e-01 -5.614945e-03 -5.826431e+00 -2.536946e-03 5.622179e-03 9.999809e-01 2.215512e+02
9.999979e-01 1.760443e-03 -1.045677e-03 7.870738e+00 -1.756304e-03 9.999907e-01 3.938752e-03 -5.850970e+00 1.052638e-03 -3.936948e-03 9.999916e-01 2.224977e+02
9.999941e-01 -2.605993e-03 2.256049e-03 7.956798e+00 2.618213e-03 9.999818e-01 -5.426627e-03 -5.873730e+00 -2.241829e-03 5.432460e-03 9.999826e-01 2.233524e+02
9.999985e-01 1.611143e-03 -6.247218e-04 8.055966e+00 -1.608832e-03 9.999920e-01 3.670149e-03 -5.898690e+00 6.306673e-04 -3.669180e-03 9.999930e-01 2.243239e+02
9.999898e-01 -1.266069e-03 4.338279e-03 8.075331e+00 1.278629e-03 9.999950e-01 -2.891625e-03 -5.920910e+00 -4.334559e-03 2.897101e-03 9.999863e-01 2.252032e+02
9.999946e-01 2.942708e-03 1.455204e-03 8.059905e+00 -2.949517e-03 9.999846e-01 4.705340e-03 -5.947514e+00 -1.441297e-03 -4.709648e-03 9.999878e-01 2.263952e+02
9.999962e-01 -1.337082e-03 -2.429033e-03 8.027979e+00 1.330464e-03 9.999954e-01 -2.727907e-03 -5.969262e+00 2.432707e-03 2.724624e-03 9.999932e-01 2.274808e+02
9.999888e-01 1.581171e-03 -4.457683e-03 7.921422e+00 -1.561257e-03 9.999888e-01 4.465521e-03 -5.987097e+00 4.464731e-03 -4.458552e-03 9.999800e-01 2.281242e+02
9.999784e-01 -1.474400e-03 6.404165e-03 7.771059e+00 1.501784e-03 9.999897e-01 -4.272032e-03 -6.015205e+00 -6.397763e-03 4.281517e-03 9.999703e-01 2.290780e+02
9.999918e-01 1.167699e-03 -3.876156e-03 7.734282e+00 -1.153581e-03 9.999927e-01 3.640145e-03 -6.045897e+00 3.880417e-03 -3.635685e-03 9.999858e-01 2.302866e+02
9.999836e-01 -1.320449e-03 5.565863e-03 7.732429e+00 1.343449e-03 9.999906e-01 -4.129224e-03 -6.072491e+00 -5.560320e-03 4.136593e-03 9.999759e-01 2.313268e+02
9.999869e-01 1.401179e-03 -4.918426e-03 7.731121e+00 -1.381528e-03 9.999911e-01 3.994788e-03 -6.094755e+00 4.924018e-03 -3.987981e-03 9.999798e-01 2.321495e+02
9.999929e-01 -1.724919e-03 3.355409e-03 7.767355e+00 1.739429e-03 9.999891e-01 -4.323959e-03 -6.119829e+00 -3.347876e-03 4.329724e-03 9.999849e-01 2.330763e+02
9.999525e-01 1.078853e-03 -9.682315e-03 7.821216e+00 -1.038845e-03 9.999909e-01 4.135304e-03 -6.145001e+00 9.686726e-03 -4.125090e-03 9.999445e-01 2.339851e+02
9.999903e-01 -1.600333e-03 4.108695e-03 7.888539e+00 1.618317e-03 9.999891e-01 -4.375577e-03 -6.170537e+00 -4.101611e-03 4.382143e-03 9.999819e-01 2.349249e+02
9.999674e-01 1.134410e-03 -7.993642e-03 7.915452e+00 -1.100973e-03 9.999906e-01 4.185054e-03 -6.196727e+00 7.998351e-03 -4.176158e-03 9.999592e-01 2.358733e+02
9.999977e-01 -1.927041e-03 9.152503e-04 7.982451e+00 1.931229e-03 9.999876e-01 -4.589157e-03 -6.222820e+00 -9.063596e-04 4.590873e-03 9.999890e-01 2.368436e+02
9.999681e-01 1.163367e-03 -7.905385e-03 8.050063e+00 -1.129682e-03 9.999903e-01 4.263057e-03 -6.249926e+00 7.910303e-03 -4.254032e-03 9.999596e-01 2.378499e+02
9.999436e-01 1.680526e-04 1.062088e-02 8.070903e+00 -1.298764e-04 9.999935e-01 -3.594321e-03 -6.274189e+00 -1.062138e-02 3.592698e-03 9.999370e-01 2.389228e+02
9.999648e-01 9.430511e-04 -8.342647e-03 8.221706e+00 -9.129179e-04 9.999930e-01 3.614035e-03 -6.295174e+00 8.346033e-03 -3.606333e-03 9.999586e-01 2.399937e+02
9.999986e-01 -1.676516e-03 2.116870e-04 8.288473e+00 1.677340e-03 9.999909e-01 -3.914383e-03 -6.320292e+00 -2.050875e-04 3.914692e-03 9.999922e-01 2.409147e+02
9.999222e-01 7.556892e-04 -1.245063e-02 8.404897e+00 -7.089792e-04 9.999927e-01 3.754975e-03 -6.340385e+00 1.245341e-02 -3.745896e-03 9.999153e-01 2.416903e+02
9.999953e-01 -1.837862e-03 -2.453809e-03 8.538547e+00 1.828107e-03 9.999904e-01 -3.974964e-03 -6.358972e+00 2.461124e-03 3.970418e-03 9.999890e-01 2.424229e+02
9.999399e-01 6.480071e-04 -1.094195e-02 8.664900e+00 -6.072171e-04 9.999929e-01 3.730100e-03 -6.380691e+00 1.094432e-02 -3.723273e-03 9.999331e-01 2.432681e+02
9.999979e-01 -1.526844e-03 -1.390863e-03 8.771018e+00 1.521340e-03 9.999910e-01 -3.954615e-03 -6.402962e+00 1.396919e-03 3.952450e-03 9.999911e-01 2.441566e+02
9.999238e-01 4.094218e-04 -1.233794e-02 8.905227e+00 -3.627179e-04 9.999928e-01 3.786840e-03 -6.422632e+00 1.233943e-02 -3.782118e-03 9.999166e-01 2.449364e+02
9.999990e-01 -1.384077e-03 2.374658e-04 9.030867e+00 1.385022e-03 9.999910e-01 -3.999449e-03 -6.443204e+00 -2.319003e-04 3.999733e-03 9.999919e-01 2.457361e+02
9.998627e-01 1.487926e-04 -1.656920e-02 9.172796e+00 -8.634476e-05 9.999929e-01 3.769183e-03 -6.463240e+00 1.656967e-02 -3.767276e-03 9.998555e-01 2.465533e+02
9.999951e-01 -1.557591e-03 -2.724072e-03 9.311026e+00 1.546757e-03 9.999909e-01 -3.976697e-03 -6.483521e+00 2.730266e-03 3.972423e-03 9.999883e-01 2.474056e+02
9.999080e-01 2.952216e-04 -1.356465e-02 9.410165e+00 -2.438216e-04 9.999928e-01 3.790351e-03 -6.507375e+00 1.356570e-02 -3.786737e-03 9.999007e-01 2.483893e+02
9.999990e-01 -1.376629e-03 3.453356e-04 9.487436e+00 1.378068e-03 9.999903e-01 -4.187394e-03 -6.533181e+00 -3.395461e-04 4.187824e-03 9.999911e-01 2.494088e+02
9.998384e-01 9.580015e-05 -1.797858e-02 9.564263e+00 -2.493339e-05 9.999922e-01 3.941643e-03 -6.555878e+00 1.797884e-02 -3.940600e-03 9.998305e-01 2.503305e+02
9.999975e-01 -1.256629e-03 1.832494e-03 9.639075e+00 1.264519e-03 9.999899e-01 -4.308683e-03 -6.580829e+00 -1.827043e-03 4.310947e-03 9.999889e-01 2.513292e+02
9.997802e-01 -2.517931e-04 -2.096414e-02 9.762772e+00 3.317156e-04 9.999927e-01 3.808751e-03 -6.604858e+00 2.096304e-02 -3.814910e-03 9.997729e-01 2.523219e+02
9.999909e-01 -1.038848e-03 4.137526e-03 9.906159e+00 1.057474e-03 9.999893e-01 -4.501159e-03 -6.629389e+00 -4.132791e-03 4.505451e-03 9.999812e-01 2.533334e+02
9.997223e-01 -4.745350e-04 -2.356229e-02 1.005444e+01 5.650587e-04 9.999925e-01 3.835234e-03 -6.653897e+00 2.356031e-02 -3.847525e-03 9.997149e-01 2.543677e+02
9.999506e-01 -4.792281e-04 9.925332e-03 1.007632e+01 5.213121e-04 9.999909e-01 -4.237658e-03 -6.681892e+00 -9.923199e-03 4.242581e-03 9.999417e-01 2.554662e+02
9.998432e-01 -3.164157e-04 -1.770746e-02 1.004935e+01 3.838096e-04 9.999927e-01 3.802526e-03 -6.714361e+00 1.770614e-02 -3.808768e-03 9.998359e-01 2.567115e+02
9.999909e-01 -7.858617e-04 4.197399e-03 1.013882e+01 8.044762e-04 9.999898e-01 -4.434416e-03 -6.742543e+00 -4.193861e-03 4.437709e-03 9.999813e-01 2.578654e+02
9.998250e-01 -4.081562e-04 -1.870152e-02 1.027214e+01 4.819861e-04 9.999921e-01 3.943342e-03 -6.767496e+00 1.869977e-02 -3.951708e-03 9.998172e-01 2.588954e+02
9.999997e-01 -5.912093e-04 4.196878e-04 1.047442e+01 5.929670e-04 9.999910e-01 -4.196994e-03 -6.790804e+00 -4.171960e-04 4.197199e-03 9.999910e-01 2.598954e+02
9.997460e-01 -3.488181e-04 -2.253429e-02 1.084718e+01 4.400714e-04 9.999917e-01 4.044631e-03 -6.810299e+00 2.253270e-02 -4.053563e-03 9.997378e-01 2.608242e+02
9.999962e-01 -8.258744e-04 -2.648034e-03 1.123610e+01 8.147103e-04 9.999908e-01 -4.214512e-03 -6.827610e+00 2.651493e-03 4.212296e-03 9.999875e-01 2.617018e+02
9.997090e-01 -5.535808e-04 -2.411519e-02 1.161697e+01 6.538322e-04 9.999912e-01 4.149482e-03 -6.844048e+00 2.411268e-02 -4.164085e-03 9.997005e-01 2.625714e+02
9.999852e-01 -6.798848e-05 5.439944e-03 1.192656e+01 9.042493e-05 9.999915e-01 -4.124359e-03 -6.864197e+00 -5.439619e-03 4.124747e-03 9.999766e-01 2.634451e+02
9.997967e-01 -2.101151e-04 -2.016258e-02 1.219985e+01 2.912219e-04 9.999919e-01 4.019806e-03 -6.886402e+00 2.016156e-02 -4.024903e-03 9.997885e-01 2.644294e+02
9.999668e-01 1.256330e-04 8.141491e-03 1.242439e+01 -9.256918e-05 9.999917e-01 -4.061550e-03 -6.909569e+00 -8.141939e-03 4.060619e-03 9.999585e-01 2.653973e+02
