9.999654e-01 3.340430e-04 -8.317211e-03 6.778232e-02 -3.318221e-04 9.999999e-01 2.684080e-04 -9.233518e-03 8.317299e-03 -2.656383e-04 9.999653e-01 4.048378e-01
9.999938e-01 -1.380452e-04 3.526912e-03 1.302643e-01 1.390373e-04 1.000000e+00 -2.810640e-04 -1.577247e-02 -3.526874e-03 2.815531e-04 9.999936e-01 6.435764e-01
9.999942e-01 4.649559e-04 -3.380001e-03 1.201397e-01 -4.647347e-04 9.999999e-01 6.622909e-05 -1.301247e-02 3.380030e-03 -6.465742e-05 9.999942e-01 3.868498e-01
9.999940e-01 1.447736e-04 3.448833e-03 5.590503e-02 -1.435987e-04 9.999999e-01 -3.408945e-04 -6.453212e-03 -3.448883e-03 3.403977e-04 9.999939e-01 -1.655287e-02
9.999965e-01 8.031601e-05 -2.647720e-03 6.450709e-02 -7.994201e-05 1.000000e+00 1.413505e-04 -8.300643e-03 2.647731e-03 -1.411380e-04 9.999964e-01 -3.412190e-02
9.999955e-01 3.875164e-04 2.964785e-03 1.131121e-02 -3.863274e-04 9.999998e-01 -4.015791e-04 -2.383547e-03 -2.964941e-03 4.004323e-04 9.999954e-01 -4.151854e-01
9.999954e-01 3.306266e-04 -3.018694e-03 -9.243537e-02 -3.303870e-04 9.999999e-01 7.985753e-05 7.907894e-03 3.018720e-03 -7.885945e-05 9.999953e-01 -9.967672e-01
9.999949e-01 2.549583e-04 3.173100e-03 -1.636243e-01 -2.538261e-04 9.999999e-01 -3.572160e-04 1.532626e-02 -3.173191e-03 3.564091e-04 9.999948e-01 -1.435186e+00
9.999962e-01 3.137825e-04 -2.754291e-03 -2.309629e-01 -3.135755e-04 9.999999e-01 7.559010e-05 2.189720e-02 2.754313e-03 -7.472581e-05 9.999961e-01 -1.830680e+00
9.999956e-01 2.432288e-04 2.966091e-03 -2.951496e-01 -2.422007e-04 9.999999e-01 -3.469614e-04 2.866745e-02 -2.966176e-03 3.462418e-04 9.999954e-01 -2.237491e+00
9.999969e-01 2.328708e-04 -2.477588e-03 -3.357724e-01 -2.326583e-04 1.000000e+00 8.602730e-05 3.292930e-02 2.477607e-03 -8.545034e-05 9.999968e-01 -2.530989e+00
1.000000e+00 3.719412e-05 -6.965600e-05 -2.901835e-01 -3.719978e-05 1.000000e+00 -8.158257e-05 2.680070e-02 6.965170e-05 8.158542e-05 9.999999e-01 -2.309371e+00
9.999972e-01 1.725717e-04 -2.364731e-03 -2.608640e-01 -1.723250e-04 1.000000e+00 1.045286e-04 1.771506e-02 2.364747e-03 -1.041206e-04 9.999971e-01 -1.968487e+00
9.999971e-01 1.315941e-05 2.390755e-03 -2.427344e-01 -1.280914e-05 1.000000e+00 -1.465143e-04 9.431963e-03 -2.390758e-03 1.464835e-04 9.999970e-01 -1.684354e+00
9.999995e-01 2.149214e-04 -9.364654e-04 -2.359736e-01 -2.149060e-04 1.000000e+00 1.652687e-05 3.625950e-03 9.364676e-04 -1.632536e-05 9.999995e-01 -1.530196e+00
9.999981e-01 3.273724e-05 1.972371e-03 -2.238361e-01 -3.245077e-05 1.000000e+00 -1.452673e-04 -3.486594e-03 -1.972377e-03 1.452033e-04 9.999979e-01 -1.306118e+00
9.999993e-01 1.641961e-04 -1.141248e-03 -2.187848e-01 -1.640719e-04 1.000000e+00 1.089074e-04 -1.299403e-02 1.141264e-03 -1.087199e-04 9.999992e-01 -9.956057e-01
9.999961e-01 1.143845e-04 2.791684e-03 -2.236970e-01 -1.136085e-04 1.000000e+00 -2.781491e-04 -1.801432e-02 -2.791717e-03 2.778311e-04 9.999960e-01 -8.769189e-01
9.999984e-01 1.915708e-04 -1.780370e-03 -2.512951e-01 -1.914396e-04 1.000000e+00 7.383743e-05 -1.668654e-02 1.780383e-03 -7.349628e-05 9.999983e-01 -1.091339e+00
9.999985e-01 4.984341e-04 1.679593e-03 -3.472120e-01 -4.977554e-04 9.999998e-01 -4.044740e-04 -6.709971e-03 -1.679795e-03 4.036375e-04 9.999984e-01 -1.678412e+00
9.999996e-01 -1.972602e-06 -8.891964e-04 -3.890699e-01 2.073419e-06 1.000000e+00 1.133575e-04 -3.598248e-03 8.891953e-04 -1.133592e-04 9.999995e-01 -1.941606e+00
9.999971e-01 4.203409e-04 2.380432e-03 -4.320503e-01 -4.194046e-04 9.999998e-01 -3.937949e-04 -2.480334e-03 -2.380598e-03 3.927955e-04 9.999970e-01 -2.135773e+00
9.999972e-01 3.448193e-04 -2.358076e-03 -5.638958e-01 -3.448354e-04 9.999999e-01 -6.406843e-06 1.064705e-02 2.358073e-03 7.220037e-06 9.999971e-01 -2.897201e+00
9.999977e-01 6.636589e-04 2.021422e-03 -7.520177e-01 -6.627107e-04 9.999997e-01 -4.697106e-04 2.851342e-02 -2.021734e-03 4.683700e-04 9.999977e-01 -3.895763e+00
9.999975e-01 2.399828e-04 -2.204241e-03 -9.103533e-01 -2.399025e-04 1.000000e+00 3.671889e-05 4.353278e-02 2.204249e-03 -3.619002e-05 9.999975e-01 -4.736690e+00
9.999977e-01 7.154306e-04 2.033089e-03 -1.084967e+00 -7.144159e-04 9.999996e-01 -4.997724e-04 6.004958e-02 -2.033446e-03 4.983187e-04 9.999977e-01 -5.652051e+00
9.999975e-01 1.915392e-04 -2.214753e-03 -1.242503e+00 -1.913765e-04 1.000000e+00 7.366317e-05 7.497832e-02 2.214767e-03 -7.323925e-05 9.999974e-01 -6.478509e+00
9.999975e-01 6.123199e-04 2.158726e-03 -1.370456e+00 -6.113773e-04 9.999997e-01 -4.373158e-04 8.722245e-02 -2.158994e-03 4.359948e-04 9.999975e-01 -7.163964e+00
9.999978e-01 4.492354e-05 -2.087545e-03 -1.455091e+00 -4.463557e-05 1.000000e+00 1.379869e-04 9.551250e-02 2.087551e-03 -1.378936e-04 9.999977e-01 -7.648944e+00
9.999973e-01 6.009851e-04 2.234439e-03 -1.545823e+00 -5.999857e-04 9.999997e-01 -4.479107e-04 1.045333e-01 -2.234709e-03 4.465687e-04 9.999973e-01 -8.177017e+00
9.999976e-01 1.443653e-04 -2.175721e-03 -1.661206e+00 -1.441389e-04 1.000000e+00 1.041913e-04 1.156287e-01 2.175735e-03 -1.038777e-04 9.999975e-01 -8.808913e+00
9.999974e-01 5.664232e-04 2.223112e-03 -1.766288e+00 -5.654548e-04 9.999997e-01 -4.362142e-04 1.258019e-01 -2.223359e-03 4.349557e-04 9.999973e-01 -9.395399e+00
9.999978e-01 5.415643e-05 -2.098747e-03 -1.845287e+00 -5.385868e-05 1.000000e+00 1.419197e-04 1.337319e-01 2.098754e-03 -1.418066e-04 9.999977e-01 -9.869101e+00
9.999975e-01 6.866561e-04 2.128502e-03 -1.962270e+00 -6.855898e-04 9.999996e-01 -5.016243e-04 1.452006e-01 -2.128846e-03 5.001634e-04 9.999975e-01 -1.052119e+01
9.999997e-01 -1.487986e-04 -7.483566e-04 -2.018238e+00 1.489228e-04 1.000000e+00 1.659750e-04 1.480057e-01 7.483313e-04 -1.660867e-04 9.999996e-01 -1.076616e+01
9.999965e-01 4.577129e-04 2.598594e-03 -2.049854e+00 -4.566734e-04 9.999998e-01 -4.006116e-04 1.462995e-01 -2.598777e-03 3.994231e-04 9.999964e-01 -1.085059e+01
9.999968e-01 2.340864e-04 -2.512351e-03 -2.147926e+00 -2.338933e-04 1.000000e+00 7.712583e-05 1.557528e-01 2.512369e-03 -7.653840e-05 9.999967e-01 -1.140617e+01
9.999963e-01 3.890585e-04 2.696972e-03 -2.232884e+00 -3.880430e-04 9.999999e-01 -3.770070e-04 1.643240e-01 -2.697119e-03 3.759586e-04 9.999962e-01 -1.191982e+01
9.999956e-01 4.708706e-04 -2.914057e-03 -2.383591e+00 -4.710342e-04 9.999999e-01 -5.546124e-05 1.795255e-01 2.914030e-03 5.683311e-05 9.999957e-01 -1.279748e+01
9.999962e-01 2.936301e-04 2.731714e-03 -2.495503e+00 -2.928453e-04 9.999999e-01 -2.876638e-04 1.907410e-01 -2.731799e-03 2.868622e-04 9.999961e-01 -1.344773e+01
9.999969e-01 3.346455e-04 -2.479345e-03 -2.579296e+00 -3.347177e-04 9.999999e-01 -2.873498e-05 1.989392e-01 2.479335e-03 2.956419e-05 9.999968e-01 -1.393596e+01
9.999967e-01 4.847632e-04 2.503820e-03 -2.714059e+00 -4.839095e-04 9.999998e-01 -3.415546e-04 2.115948e-01 -2.503985e-03 3.403413e-04 9.999967e-01 -1.464591e+01
9.999752e-01 -2.299986e-05 -7.040173e-03 -2.668036e+00 2.581389e-05 9.999999e-01 3.996179e-04 2.049058e-01 7.040163e-03 -3.997903e-04 9.999750e-01 -1.441152e+01
9.997260e-01 1.215588e-03 -2.337802e-02 -2.539917e+00 -1.197482e-03 9.999990e-01 7.884700e-04 1.844181e-01 2.337895e-02 -7.602596e-04 9.997263e-01 -1.344780e+01
9.999909e-01 -1.776144e-04 -4.253799e-03 -2.414273e+00 1.779120e-04 1.000000e+00 6.958502e-05 1.674252e-01 4.253780e-03 -7.034160e-05 9.999909e-01 -1.263412e+01
9.999997e-01 3.797578e-04 6.231268e-04 -2.374586e+00 -3.797075e-04 9.999999e-01 -8.082000e-05 1.579883e-01 -6.231644e-04 8.058296e-05 9.999997e-01 -1.231197e+01
9.999999e-01 1.992004e-04 3.072785e-04 -2.449154e+00 -1.991291e-04 1.000000e+00 -2.320892e-04 1.638466e-01 -3.073317e-04 2.320275e-04 9.999998e-01 -1.269467e+01
9.999999e-01 4.412183e-04 -8.650156e-05 -2.539287e+00 -4.412244e-04 9.999999e-01 -6.996753e-05 1.728402e-01 8.646379e-05 7.000521e-05 9.999999e-01 -1.322724e+01
1.000000e+00 2.804054e-04 1.413222e-04 -2.636033e+00 -2.803711e-04 9.999999e-01 -2.423532e-04 1.819497e-01 -1.413970e-04 2.423130e-04 9.999999e-01 -1.375456e+01
9.999994e-01 1.793985e-04 1.045214e-03 -2.679282e+00 -1.793619e-04 1.000000e+00 -3.512573e-05 1.847431e-01 -1.045227e-03 3.493770e-05 9.999994e-01 -1.398103e+01
9.999999e-01 1.967862e-04 4.254435e-04 -2.708755e+00 -1.966826e-04 1.000000e+00 -2.435499e-04 1.850304e-01 -4.254980e-04 2.434656e-04 9.999998e-01 -1.411524e+01
9.999997e-01 1.265654e-04 7.906919e-04 -2.707937e+00 -1.266193e-04 1.000000e+00 6.814145e-05 1.795897e-01 -7.906898e-04 -6.824214e-05 9.999996e-01 -1.398792e+01
9.999950e-01 1.084196e-04 -3.173183e-03 -2.702642e+00 -1.082933e-04 1.000000e+00 3.996876e-05 1.662654e-01 3.173180e-03 -3.962550e-05 9.999949e-01 -1.350191e+01
9.999998e-01 1.611650e-04 -5.543226e-04 -2.693204e+00 -1.611204e-04 1.000000e+00 8.049688e-05 1.520203e-01 5.543285e-04 -8.040813e-05 9.999997e-01 -1.296954e+01
9.997570e-01 6.765059e-04 -2.203516e-02 -2.577496e+00 -6.578625e-04 9.999994e-01 8.533141e-04 1.366170e-01 2.203571e-02 -8.386111e-04 9.997567e-01 -1.222834e+01
9.998647e-01 7.550529e-04 -1.642959e-02 -2.415373e+00 -7.461431e-04 9.999996e-01 5.484292e-04 1.168040e-01 1.642998e-02 -5.360966e-04 9.998648e-01 -1.119246e+01
9.999928e-01 4.968579e-05 -3.785950e-03 -2.316249e+00 -4.977250e-05 1.000000e+00 -2.280859e-05 9.968691e-02 3.785934e-03 2.299656e-05 9.999927e-01 -1.047316e+01
9.999987e-01 1.732528e-04 1.618399e-03 -2.299694e+00 -1.733444e-04 1.000000e+00 5.646810e-05 8.704640e-02 -1.618405e-03 -5.674887e-05 9.999986e-01 -1.001810e+01
9.999939e-01 5.160758e-05 -3.495342e-03 -2.293670e+00 -5.147901e-05 1.000000e+00 3.687412e-05 7.409934e-02 3.495328e-03 -3.669425e-05 9.999938e-01 -9.556001e+00
9.999902e-01 1.334193e-04 4.416280e-03 -2.283710e+00 -1.329404e-04 1.000000e+00 -1.087349e-04 6.616327e-02 -4.416310e-03 1.081465e-04 9.999901e-01 -9.315561e+00
9.999923e-01 1.035113e-04 -3.915985e-03 -2.268154e+00 -1.034661e-04 1.000000e+00 1.176051e-05 5.820377e-02 3.915971e-03 -1.135556e-05 9.999922e-01 -9.054729e+00
9.999955e-01 8.659598e-05 2.990144e-03 -2.258289e+00 -8.665836e-05 1.000000e+00 2.072964e-05 4.706600e-02 -2.990158e-03 -2.098898e-05 9.999954e-01 -8.654167e+00
9.999900e-01 1.175105e-04 -4.467752e-03 -2.251341e+00 -1.172757e-04 1.000000e+00 5.282137e-05 3.493723e-02 4.467742e-03 -5.229719e-05 9.999899e-01 -8.219417e+00
9.999823e-01 1.537136e-04 5.947315e-03 -2.267519e+00 -1.522605e-04 1.000000e+00 -2.447785e-04 3.320573e-02 -5.947368e-03 2.438683e-04 9.999822e-01 -8.284333e+00
9.998070e-01 3.589375e-04 -1.964505e-02 -2.165600e+00 -3.428709e-04 9.999996e-01 8.212084e-04 2.426376e-02 1.964532e-02 -8.143145e-04 9.998066e-01 -7.843014e+00
9.999833e-01 7.744479e-06 5.781555e-03 -2.067938e+00 -5.257726e-06 9.999999e-01 -4.301336e-04 1.480452e-02 -5.781576e-03 4.300958e-04 9.999831e-01 -7.385564e+00
9.999866e-01 5.524202e-04 -5.152308e-03 -2.126138e+00 -5.518393e-04 9.999998e-01 1.141619e-04 1.998753e-02 5.152352e-03 -1.113174e-04 9.999866e-01 -7.743432e+00
9.999842e-01 -2.740144e-04 5.606445e-03 -2.115248e+00 2.752960e-04 9.999999e-01 -2.278390e-04 1.130098e-02 -5.606400e-03 2.293786e-04 9.999842e-01 -7.473216e+00
9.999696e-01 5.154856e-04 -7.780887e-03 -2.119714e+00 -5.127108e-04 9.999998e-01 3.586085e-04 -3.789471e-03 7.781052e-03 -3.546085e-04 9.999696e-01 -6.929949e+00
9.999991e-01 -1.609555e-04 1.347530e-03 -2.124989e+00 1.611528e-04 1.000000e+00 -1.462920e-04 -2.429722e-02 -1.347525e-03 1.465088e-04 9.999990e-01 -6.145835e+00
9.999581e-01 6.644594e-04 -9.128287e-03 -2.158890e+00 -6.600070e-04 9.999997e-01 4.907573e-04 -5.155403e-02 9.128590e-03 -4.847122e-04 9.999581e-01 -5.154815e+00
9.999538e-01 -4.805888e-04 9.601173e-03 -2.166224e+00 4.854497e-04 9.999998e-01 -5.039583e-04 -6.246804e-02 -9.600948e-03 5.085957e-04 9.999537e-01 -4.905643e+00
9.999577e-01 1.135972e-03 -9.121907e-03 -2.239385e+00 -1.134396e-03 9.999993e-01 1.778798e-04 -5.596356e-02 9.122083e-03 -1.675247e-04 9.999583e-01 -5.328080e+00
9.999470e-01 -8.103615e-04 1.026518e-02 -2.255666e+00 8.145563e-04 9.999996e-01 -4.044658e-04 -5.776519e-02 -1.026487e-02 4.128056e-04 9.999471e-01 -5.403429e+00
9.999585e-01 1.143456e-03 -9.040978e-03 -2.272890e+00 -1.141981e-03 9.999993e-01 1.682585e-04 -6.018746e-02 9.041145e-03 -1.579272e-04 9.999590e-01 -5.454156e+00
9.999608e-01 -6.454379e-04 8.828082e-03 -2.310458e+00 6.486190e-04 9.999997e-01 -3.574845e-04 -5.392801e-02 -8.827868e-03 3.631962e-04 9.999609e-01 -5.936183e+00
9.999571e-01 1.018341e-03 -9.201063e-03 -2.308749e+00 -1.016681e-03 9.999995e-01 1.851334e-04 -5.136167e-02 9.201227e-03 -1.757713e-04 9.999576e-01 -6.198135e+00
9.999469e-01 -6.893580e-04 1.028036e-02 -2.312280e+00 6.932749e-04 9.999997e-01 -3.774555e-04 -5.604037e-02 -1.028011e-02 3.845622e-04 9.999470e-01 -6.120136e+00
9.999456e-01 9.208111e-04 -1.038733e-02 -2.308622e+00 -9.170688e-04 9.999995e-01 3.650288e-04 -6.720849e-02 1.038765e-02 -3.554835e-04 9.999459e-01 -5.731926e+00
9.999579e-01 -7.076945e-04 9.144141e-03 -2.304797e+00 7.103784e-04 9.999997e-01 -2.902670e-04 -7.998274e-02 -9.143952e-03 2.967502e-04 9.999581e-01 -5.276905e+00
9.999657e-01 8.608169e-04 -8.234204e-03 -2.290654e+00 -8.590614e-04 9.999996e-01 2.167281e-04 -8.671445e-02 8.234368e-03 -2.096474e-04 9.999660e-01 -5.109599e+00
9.999648e-01 -2.818449e-04 8.382537e-03 -2.367768e+00 2.861131e-04 9.999998e-01 -5.079758e-04 -7.833407e-02 -8.382412e-03 5.103559e-04 9.999646e-01 -5.607404e+00
9.999628e-01 1.190399e-03 -8.543045e-03 -2.531317e+00 -1.189929e-03 9.999993e-01 6.007239e-05 -6.234347e-02 8.543091e-03 -4.990505e-05 9.999634e-01 -6.499212e+00
9.999661e-01 -2.388978e-04 8.229762e-03 -2.696953e+00 2.429528e-04 9.999998e-01 -4.917358e-04 -4.631777e-02 -8.229662e-03 4.937180e-04 9.999659e-01 -7.383926e+00
9.999643e-01 1.046685e-03 -8.387840e-03 -2.830813e+00 -1.045958e-03 9.999994e-01 9.109750e-05 -3.300757e-02 8.387912e-03 -8.232153e-05 9.999647e-01 -8.128882e+00
9.999593e-01 -5.279733e-04 9.009760e-03 -2.868873e+00 5.312203e-04 9.999998e-01 -3.580003e-04 -2.966897e-02 -9.009588e-03 3.627713e-04 9.999592e-01 -8.378985e+00
9.999666e-01 7.537358e-04 -8.139554e-03 -2.857415e+00 -7.520761e-04 9.999997e-01 2.069706e-04 -3.365159e-02 8.139688e-03 -2.008428e-04 9.999668e-01 -8.318412e+00
9.999644e-01 -3.254562e-04 8.428820e-03 -2.898231e+00 3.293124e-04 9.999998e-01 -4.561166e-04 -2.860886e-02 -8.428689e-03 4.588754e-04 9.999643e-01 -8.662519e+00
9.999642e-01 9.714540e-04 -8.401414e-03 -2.991862e+00 -9.703957e-04 9.999995e-01 1.300472e-04 -1.900118e-02 8.401517e-03 -1.218906e-04 9.999646e-01 -9.225200e+00
9.999583e-01 -5.260410e-04 9.119981e-03 -3.011373e+00 5.295183e-04 9.999998e-01 -3.788741e-04 -1.817162e-02 -9.119799e-03 3.836868e-04 9.999582e-01 -9.366396e+00
9.999677e-01 7.301062e-04 -8.004202e-03 -3.009589e+00 -7.282930e-04 9.999997e-01 2.294463e-04 -2.084862e-02 8.004348e-03 -2.236103e-04 9.999678e-01 -9.379584e+00
9.999680e-01 -6.530835e-05 8.001023e-03 -3.109714e+00 6.985267e-05 9.999998e-01 -5.676960e-04 -1.034131e-02 -8.001004e-03 5.682359e-04 9.999677e-01 -9.987565e+00
9.999671e-01 7.857399e-04 -8.075065e-03 -3.216434e+00 -7.839097e-04 9.999997e-01 2.298243e-04 3.156580e-04 8.075224e-03 -2.234874e-04 9.999673e-01 -1.059351e+01
9.999670e-01 -5.329662e-05 8.128205e-03 -3.332667e+00 5.804654e-05 9.999998e-01 -5.841485e-04 1.197931e-02 -8.128192e-03 5.846001e-04 9.999667e-01 -1.126075e+01
9.999649e-01 9.537611e-04 -8.325544e-03 -3.491602e+00 -9.525874e-04 9.999995e-01 1.449550e-04 2.748032e-02 8.325659e-03 -1.370200e-04 9.999652e-01 -1.212191e+01
9.999673e-01 -7.638657e-05 8.091486e-03 -3.637761e+00 8.076425e-05 9.999999e-01 -5.407071e-04 4.156376e-02 -8.091462e-03 5.413420e-04 9.999670e-01 -1.290372e+01
9.999750e-01 5.785095e-04 -7.048868e-03 -3.675299e+00 -5.767738e-04 9.999998e-01 2.482808e-04 4.363405e-02 7.048991e-03 -2.442100e-04 9.999750e-01 -1.310040e+01
9.999675e-01 -3.809918e-04 8.053795e-03 -3.668879e+00 3.836315e-04 9.999999e-01 -3.262242e-04 3.491873e-02 -8.053689e-03 3.293023e-04 9.999674e-01 -1.284110e+01
9.999774e-01 6.528710e-04 -6.688512e-03 -3.663877e+00 -6.517285e-04 9.999998e-01 1.730147e-04 2.889152e-02 6.688605e-03 -1.686528e-04 9.999775e-01 -1.268873e+01
9.999963e-01 -4.097946e-04 2.703188e-03 -3.615825e+00 4.099709e-04 9.999999e-01 -6.470102e-05 2.108930e-02 -2.703181e-03 6.580797e-05 9.999962e-01 -1.237367e+01
9.999964e-01 7.995612e-04 -2.573203e-03 -3.614037e+00 -7.999231e-04 9.999997e-01 -1.395846e-04 2.041513e-02 2.573071e-03 1.416413e-04 9.999966e-01 -1.243094e+01
9.999997e-01 -5.804065e-04 4.096042e-04 -3.598440e+00 5.803199e-04 9.999998e-01 2.111822e-04 9.656781e-03 -4.097461e-04 -2.109455e-04 9.999998e-01 -1.203322e+01
9.998661e-01 1.195054e-03 -1.632130e-02 -3.517079e+00 -1.188869e-03 9.999992e-01 3.886541e-04 -3.305024e-03 1.632173e-02 -3.691992e-04 9.998666e-01 -1.142582e+01
9.997561e-01 2.677719e-04 -2.208213e-02 -3.367581e+00 -2.473891e-04 9.999995e-01 9.257778e-04 -2.480578e-02 2.208234e-02 -9.200901e-04 9.997556e-01 -1.034726e+01
9.999979e-01 6.860257e-04 -1.919423e-03 -3.258472e+00 -6.866165e-04 9.999997e-01 -3.071112e-04 -4.215623e-02 1.919185e-03 3.084276e-04 9.999980e-01 -9.581020e+00
9.999977e-01 -4.129277e-04 2.116868e-03 -3.260340e+00 4.126386e-04 9.999999e-01 1.369549e-04 -4.032315e-02 -2.116951e-03 -1.360820e-04 9.999977e-01 -9.801020e+00
9.999968e-01 1.121265e-03 -2.281729e-03 -3.368326e+00 -1.122404e-03 9.999992e-01 -4.979276e-04 -2.893133e-02 2.281142e-03 5.004861e-04 9.999972e-01 -1.045007e+01
9.999975e-01 -5.680555e-04 2.141116e-03 -3.421184e+00 5.675460e-04 9.999998e-01 2.385282e-04 -2.235307e-02 -2.141278e-03 -2.373134e-04 9.999976e-01 -1.085646e+01
9.999966e-01 1.196082e-03 -2.299244e-03 -3.501298e+00 -1.197336e-03 9.999991e-01 -5.441116e-04 -1.339458e-02 2.298565e-03 5.468618e-04 9.999971e-01 -1.137737e+01
9.999760e-01 -8.384909e-04 -6.883794e-03 -3.414785e+00 8.445818e-04 9.999993e-01 8.819744e-04 -2.023943e-02 6.883021e-03 -8.877680e-04 9.999758e-01 -1.105136e+01
9.999975e-01 9.961469e-04 1.996771e-03 -3.341567e+00 -9.943712e-04 9.999991e-01 -8.901169e-04 -2.310145e-02 -1.997684e-03 8.881282e-04 9.999975e-01 -1.098479e+01
9.999961e-01 2.492150e-04 -2.773804e-03 -3.563392e+00 -2.486653e-04 9.999999e-01 1.985644e-04 1.447666e-03 2.773825e-03 -1.978749e-04 9.999960e-01 -1.263016e+01
9.999977e-01 1.171392e-03 1.786770e-03 -3.822055e+00 -1.169973e-03 9.999990e-01 -7.949104e-04 2.705018e-02 -1.787728e-03 7.928170e-04 9.999980e-01 -1.417335e+01
9.999979e-01 -4.321733e-04 -2.008384e-03 -3.935476e+00 4.330358e-04 9.999998e-01 4.291462e-04 3.889171e-02 2.008169e-03 -4.300162e-04 9.999978e-01 -1.484832e+01
9.999977e-01 1.197587e-03 1.802554e-03 -4.054351e+00 -1.196148e-03 9.999990e-01 -7.993703e-04 5.117946e-02 -1.803538e-03 7.972111e-04 9.999980e-01 -1.554503e+01
9.999980e-01 -5.204171e-04 -1.921469e-03 -4.149921e+00 5.213044e-04 9.999998e-01 4.614117e-04 6.130804e-02 1.921200e-03 -4.624137e-04 9.999979e-01 -1.612717e+01
9.999982e-01 9.477050e-04 1.642262e-03 -4.155518e+00 -9.466558e-04 9.999993e-01 -6.396114e-04 6.366075e-02 -1.642895e-03 6.380543e-04 9.999983e-01 -1.632966e+01
9.999973e-01 -6.924997e-04 -2.217607e-03 -4.134406e+00 6.936405e-04 9.999996e-01 5.137678e-04 6.384692e-02 2.217221e-03 -5.153059e-04 9.999973e-01 -1.643907e+01
9.998345e-01 1.496316e-03 -1.813081e-02 -4.032662e+00 -1.494368e-03 9.999989e-01 1.210029e-04 5.202432e-02 1.813094e-02 -9.389006e-05 9.998355e-01 -1.585413e+01
9.998893e-01 -1.319811e-03 1.481811e-02 -3.970408e+00 1.321802e-03 9.999991e-01 -1.245528e-04 4.872213e-02 -1.481797e-02 1.441244e-04 9.998901e-01 -1.575202e+01
9.998894e-01 1.752541e-03 -1.476647e-02 -4.002827e+00 -1.754096e-03 9.999985e-01 -9.235658e-05 5.367361e-02 1.476626e-02 1.182469e-04 9.998909e-01 -1.606577e+01
9.998905e-01 -1.099031e-03 1.475546e-02 -4.100289e+00 1.102587e-03 9.999994e-01 -2.328385e-04 6.427470e-02 -1.475522e-02 2.490809e-04 9.998910e-01 -1.667742e+01
9.998857e-01 1.925479e-03 -1.499655e-02 -4.232843e+00 -1.927619e-03 9.999981e-01 -1.282152e-04 7.729108e-02 1.499625e-02 1.571067e-04 9.998874e-01 -1.740301e+01
9.998895e-01 -1.146240e-03 1.482138e-02 -4.359049e+00 1.149832e-03 9.999993e-01 -2.338172e-04 9.023579e-02 -1.482113e-02 2.508320e-04 9.998900e-01 -1.813343e+01
9.998853e-01 1.907865e-03 -1.502488e-02 -4.479409e+00 -1.909920e-03 9.999982e-01 -1.223982e-04 1.024366e-01 1.502459e-02 1.510790e-04 9.998870e-01 -1.882006e+01
9.998861e-01 -1.292567e-03 1.503703e-02 -4.559341e+00 1.294923e-03 9.999992e-01 -1.469591e-04 1.108689e-01 -1.503686e-02 1.664127e-04 9.998868e-01 -1.931169e+01
9.998899e-01 1.814284e-03 -1.472990e-02 -4.610131e+00 -1.816196e-03 9.999983e-01 -1.164029e-04 1.163718e-01 1.472964e-02 1.431409e-04 9.998914e-01 -1.966476e+01
9.998874e-01 -1.311572e-03 1.494672e-02 -4.672444e+00 1.313921e-03 9.999991e-01 -1.473654e-04 1.233964e-01 -1.494654e-02 1.669861e-04 9.998882e-01 -2.011212e+01
9.998911e-01 1.938162e-03 -1.463051e-02 -4.745447e+00 -1.940600e-03 9.999981e-01 -1.524285e-04 1.304373e-01 1.463016e-02 1.808023e-04 9.998929e-01 -2.055555e+01
9.998904e-01 -1.419199e-03 1.473980e-02 -4.811051e+00 1.420940e-03 9.999990e-01 -1.076125e-04 1.382005e-01 -1.473966e-02 1.285434e-04 9.998913e-01 -2.103770e+01
9.998864e-01 2.301444e-03 -1.489797e-02 -4.974354e+00 -2.306547e-03 9.999973e-01 -3.252923e-04 1.543667e-01 1.489715e-02 3.596165e-04 9.998889e-01 -2.194237e+01
9.998927e-01 -1.356218e-03 1.458515e-02 -5.137753e+00 1.357453e-03 9.999991e-01 -7.477978e-05 1.701273e-01 -1.458507e-02 9.456866e-05 9.998935e-01 -2.281155e+01
9.998900e-01 2.100584e-03 -1.468272e-02 -5.257765e+00 -2.105059e-03 9.999977e-01 -2.893068e-04 1.823887e-01 1.468205e-02 3.201812e-04 9.998921e-01 -2.350408e+01
9.998942e-01 -1.284703e-03 1.449107e-02 -5.392930e+00 1.286028e-03 9.999992e-01 -8.214831e-05 1.959674e-01 -1.449098e-02 1.007737e-04 9.998949e-01 -2.426491e+01
9.998886e-01 2.257591e-03 -1.475520e-02 -5.582768e+00 -2.263630e-03 9.999974e-01 -3.925956e-04 2.145860e-01 1.475424e-02 4.259501e-04 9.998910e-01 -2.531928e+01
9.998984e-01 -1.085373e-03 1.421149e-02 -5.811277e+00 1.086967e-03 9.999994e-01 -1.044081e-04 2.360472e-01 -1.421140e-02 1.198429e-04 9.998989e-01 -2.650556e+01
9.998933e-01 1.983150e-03 -1.447525e-02 -5.968851e+00 -1.987900e-03 9.999980e-01 -3.137378e-04 2.515600e-01 1.447456e-02 3.424776e-04 9.998951e-01 -2.736850e+01
9.998976e-01 -1.180717e-03 1.426484e-02 -6.098861e+00 1.181552e-03 9.999993e-01 -5.008541e-05 2.647435e-01 -1.426480e-02 6.693283e-05 9.998982e-01 -2.810778e+01
9.999033e-01 1.675709e-03 -1.380588e-02 -6.126643e+00 -1.678811e-03 9.999986e-01 -2.130820e-04 2.672645e-01 1.380548e-02 2.362367e-04 9.999046e-01 -2.833138e+01
9.999313e-01 -1.441192e-03 1.163495e-02 -6.132047e+00 1.437508e-03 9.999989e-01 3.249635e-04 2.520461e-01 -1.163544e-02 -3.082180e-04 9.999322e-01 -2.777540e+01
9.998806e-01 1.748359e-03 -1.535500e-02 -6.160910e+00 -1.749732e-03 9.999985e-01 -7.591191e-05 2.313697e-01 1.535481e-02 1.027678e-04 9.998820e-01 -2.702225e+01
9.999101e-01 -1.484713e-03 1.332358e-02 -6.183059e+00 1.480882e-03 9.999989e-01 2.973478e-04 2.129448e-01 -1.332404e-02 -2.775926e-04 9.999111e-01 -2.638300e+01
9.999033e-01 1.679417e-03 -1.380122e-02 -6.177493e+00 -1.683340e-03 9.999985e-01 -2.726100e-04 2.010632e-01 1.380071e-02 2.958136e-04 9.999046e-01 -2.596964e+01
9.998975e-01 -1.481693e-03 1.424318e-02 -6.166776e+00 1.478708e-03 9.999989e-01 2.201157e-04 1.919466e-01 -1.424352e-02 -1.990337e-04 9.998984e-01 -2.568931e+01
9.999071e-01 1.726758e-03 -1.351721e-02 -6.154516e+00 -1.731578e-03 9.999984e-01 -3.448494e-04 1.838657e-01 1.351656e-02 3.682213e-04 9.999085e-01 -2.545125e+01
9.999148e-01 -1.545122e-03 1.295819e-02 -6.147778e+00 1.540331e-03 9.999987e-01 3.797277e-04 1.722551e-01 -1.295879e-02 -3.597376e-04 9.999159e-01 -2.504298e+01
9.999138e-01 1.741960e-03 -1.301367e-02 -6.136302e+00 -1.747110e-03 9.999984e-01 -3.843625e-04 1.621254e-01 1.301294e-02 4.070635e-04 9.999151e-01 -2.469638e+01
9.999122e-01 -1.539904e-03 1.315751e-02 -6.126466e+00 1.535175e-03 9.999988e-01 3.695154e-04 1.522274e-01 -1.315809e-02 -3.492860e-04 9.999133e-01 -2.436353e+01
9.999244e-01 1.764879e-03 -1.216822e-02 -6.118937e+00 -1.771012e-03 9.999983e-01 -4.931796e-04 1.465124e-01 1.216730e-02 5.146901e-04 9.999257e-01 -2.424877e+01
9.999115e-01 -1.395586e-03 1.323392e-02 -6.143686e+00 1.392607e-03 9.999990e-01 2.342743e-04 1.471922e-01 -1.323427e-02 -2.158261e-04 9.999123e-01 -2.442042e+01
9.999244e-01 1.718386e-03 -1.217558e-02 -6.144747e+00 -1.723532e-03 9.999984e-01 -4.122082e-04 1.430866e-01 1.217483e-02 4.331598e-04 9.999257e-01 -2.436204e+01
9.999310e-01 -1.537993e-03 1.164617e-02 -6.139114e+00 1.532875e-03 9.999987e-01 4.483510e-04 1.318308e-01 -1.164687e-02 -4.304702e-04 9.999320e-01 -2.396088e+01
9.999172e-01 1.741236e-03 -1.275181e-02 -6.139746e+00 -1.745876e-03 9.999984e-01 -3.527370e-04 1.190629e-01 1.275114e-02 3.749686e-04 9.999185e-01 -2.350398e+01
9.999116e-01 -1.553957e-03 1.320456e-02 -6.132127e+00 1.549998e-03 9.999988e-01 3.099969e-04 1.101004e-01 -1.320505e-02 -2.895047e-04 9.999127e-01 -2.323783e+01
9.999145e-01 1.763738e-03 -1.295449e-02 -6.120158e+00 -1.768552e-03 9.999984e-01 -3.601804e-04 1.011981e-01 1.295380e-02 3.830580e-04 9.999159e-01 -2.295258e+01
9.999147e-01 -1.557133e-03 1.296903e-02 -6.114543e+00 1.552491e-03 9.999987e-01 3.679254e-04 9.043845e-02 -1.296962e-02 -3.477620e-04 9.999157e-01 -2.258265e+01
9.999212e-01 1.766237e-03 -1.242890e-02 -6.110523e+00 -1.771209e-03 9.999984e-01 -3.889745e-04 8.025572e-02 1.242816e-02 4.109557e-04 9.999226e-01 -2.224812e+01
9.999083e-01 -1.388489e-03 1.346818e-02 -6.152917e+00 1.386487e-03 9.999990e-01 1.579699e-04 8.271732e-02 -1.346842e-02 -1.392842e-04 9.999092e-01 -2.252236e+01
9.999144e-01 2.023010e-03 -1.292902e-02 -6.227623e+00 -2.029271e-03 9.999978e-01 -4.711963e-04 8.936840e-02 1.292801e-02 4.973901e-04 9.999162e-01 -2.295168e+01
9.999056e-01 -1.590104e-03 1.365054e-02 -6.278028e+00 1.587240e-03 9.999987e-01 2.206694e-04 9.357495e-02 -1.365091e-02 -1.989842e-04 9.999067e-01 -2.329620e+01
9.999099e-01 2.218012e-03 -1.324021e-02 -6.351521e+00 -2.225189e-03 9.999974e-01 -5.273056e-04 1.004277e-01 1.323898e-02 5.567176e-04 9.999121e-01 -2.373563e+01
9.998945e-01 -1.811543e-03 1.440991e-02 -6.388889e+00 1.807867e-03 9.999983e-01 2.680516e-04 1.021585e-01 -1.441040e-02 -2.419746e-04 9.998960e-01 -2.396324e+01
9.999073e-01 2.272057e-03 -1.342229e-02 -6.433158e+00 -2.279707e-03 9.999972e-01 -5.546100e-04 1.051325e-01 1.342096e-02 5.851550e-04 9.999097e-01 -2.423370e+01
9.998970e-01 -1.992967e-03 1.421235e-02 -6.426558e+00 1.987361e-03 9.999979e-01 4.085605e-04 1.000925e-01 -1.421317e-02 -3.802758e-04 9.998988e-01 -2.413653e+01
9.998899e-01 2.222921e-03 -1.467055e-02 -6.410874e+00 -2.229643e-03 9.999974e-01 -4.418194e-04 9.038066e-02 1.466950e-02 4.744783e-04 9.998922e-01 -2.379934e+01
9.999110e-01 -2.023758e-03 1.318354e-02 -6.404121e+00 2.016540e-03 9.999978e-01 5.607929e-04 7.787565e-02 -1.318468e-02 -5.341604e-04 9.999128e-01 -2.335610e+01
9.998944e-01 2.208062e-03 -1.436154e-02 -6.393638e+00 -2.215133e-03 9.999974e-01 -4.764290e-04 6.667625e-02 1.436042e-02 5.081888e-04 9.998967e-01 -2.295420e+01
9.999112e-01 -2.018016e-03 1.316960e-02 -6.385021e+00 2.010652e-03 9.999978e-01 5.723427e-04 5.492553e-02 -1.317076e-02 -5.458148e-04 9.999130e-01 -2.253747e+01
9.998985e-01 2.189144e-03 -1.407567e-02 -6.368638e+00 -2.196825e-03 9.999974e-01 -5.302251e-04 4.473860e-02 1.407444e-02 5.610906e-04 9.999007e-01 -2.217070e+01
9.999196e-01 -1.995795e-03 1.252454e-02 -6.361239e+00 1.988016e-03 9.999978e-01 6.335228e-04 3.256975e-02 -1.252581e-02 -6.085753e-04 9.999213e-01 -2.173204e+01
9.998983e-01 2.200388e-03 -1.409325e-02 -6.356904e+00 -2.207848e-03 9.999974e-01 -5.137696e-04 1.978838e-02 1.409205e-02 5.448305e-04 9.999005e-01 -2.127530e+01
9.999181e-01 -2.001392e-03 1.263874e-02 -6.351344e+00 1.993983e-03 9.999978e-01 5.987395e-04 7.268274e-03 -1.263995e-02 -5.734915e-04 9.999199e-01 -2.082185e+01
9.998855e-01 2.234826e-03 -1.496684e-02 -6.354584e+00 -2.241636e-03 9.999974e-01 -4.382774e-04 -7.690711e-03 1.496579e-02 4.717750e-04 9.998878e-01 -2.028139e+01
9.999174e-01 -2.004271e-03 1.269302e-02 -6.358548e+00 1.996760e-03 9.999978e-01 6.043728e-04 -2.269377e-02 -1.269423e-02 -5.789804e-04 9.999192e-01 -1.974138e+01
9.998719e-01 2.263012e-03 -1.584209e-02 -6.362305e+00 -2.270104e-03 9.999973e-01 -4.297128e-04 -3.880229e-02 1.584104e-02 4.656185e-04 9.998743e-01 -1.915098e+01
9.998678e-01 -2.076737e-03 1.612565e-02 -6.356181e+00 2.070312e-03 9.999978e-01 4.151350e-04 -4.927052e-02 -1.612651e-02 -3.816974e-04 9.998698e-01 -1.884992e+01
9.998843e-01 2.511953e-03 -1.500439e-02 -6.383444e+00 -2.522054e-03 9.999966e-01 -6.543390e-04 -4.847271e-02 1.500266e-02 6.921027e-04 9.998871e-01 -1.898083e+01
9.998721e-01 -2.345864e-03 1.581973e-02 -6.367300e+00 2.336436e-03 9.999971e-01 6.143860e-04 -5.580021e-02 -1.582116e-02 -5.773481e-04 9.998746e-01 -1.875594e+01
9.998708e-01 2.573970e-03 -1.586922e-02 -6.349186e+00 -2.584755e-03 9.999964e-01 -6.590995e-04 -6.437171e-02 1.586744e-02 7.000298e-04 9.998738e-01 -1.846380e+01
9.999073e-01 -2.348693e-03 1.340840e-02 -6.346472e+00 2.338091e-03 9.999969e-01 8.062589e-04 -7.860695e-02 -1.341028e-02 -7.748367e-04 9.999097e-01 -1.794711e+01
9.998669e-01 2.590456e-03 -1.610597e-02 -6.346028e+00 -2.601012e-03 9.999964e-01 -6.344862e-04 -9.337279e-02 1.610424e-02 6.762911e-04 9.998700e-01 -1.741180e+01
9.999208e-01 -2.325871e-03 1.236915e-02 -6.342737e+00 2.316097e-03 9.999970e-01 8.043607e-04 -1.091780e-01 -1.237101e-02 -7.756513e-04 9.999231e-01 -1.682901e+01
9.998752e-01 2.585626e-03 -1.558445e-02 -6.343633e+00 -2.595552e-03 9.999964e-01 -6.166992e-04 -1.252785e-01 1.558276e-02 6.570700e-04 9.998783e-01 -1.624738e+01
9.999193e-01 -2.337201e-03 1.248711e-02 -6.344909e+00 2.327501e-03 9.999970e-01 7.912518e-04 -1.410073e-01 -1.248896e-02 -7.621267e-04 9.999216e-01 -1.567350e+01
9.998703e-01 2.617665e-03 -1.588927e-02 -6.342480e+00 -2.627508e-03 9.999964e-01 -5.986028e-04 -1.566864e-01 1.588761e-02 6.402718e-04 9.998735e-01 -1.511028e+01
9.998866e-01 -2.442845e-03 1.486236e-02 -6.329928e+00 2.432970e-03 9.999968e-01 6.824506e-04 -1.677679e-01 -1.486401e-02 -6.462159e-04 9.998892e-01 -1.471809e+01
9.998826e-01 2.612472e-03 -1.509565e-02 -6.316724e+00 -2.622631e-03 9.999963e-01 -6.532180e-04 -1.777183e-01 1.509386e-02 6.927291e-04 9.998857e-01 -1.436897e+01
9.998752e-01 -2.436788e-03 1.561092e-02 -6.301716e+00 2.427065e-03 9.999968e-01 6.417426e-04 -1.860840e-01 -1.561246e-02 -6.037763e-04 9.998778e-01 -1.409820e+01
9.998940e-01 2.686255e-03 -1.430837e-02 -6.304303e+00 -2.698096e-03 9.999960e-01 -8.082776e-04 -1.888414e-01 1.430611e-02 8.467948e-04 9.998972e-01 -1.408772e+01
9.998774e-01 -2.384087e-03 1.547622e-02 -6.301848e+00 2.374146e-03 9.999970e-01 6.605944e-04 -1.933011e-01 -1.547778e-02 -6.237731e-04 9.998799e-01 -1.399270e+01
9.998582e-01 2.565318e-03 -1.664370e-02 -6.287033e+00 -2.575554e-03 9.999965e-01 -5.935609e-04 -2.039177e-01 1.664208e-02 6.363409e-04 9.998612e-01 -1.360794e+01
9.998782e-01 -2.387998e-03 1.542644e-02 -6.270949e+00 2.378066e-03 9.999970e-01 6.621339e-04 -2.147438e-01 -1.542801e-02 -6.253706e-04 9.998807e-01 -1.322771e+01
9.998758e-01 2.562753e-03 -1.554857e-02 -6.255220e+00 -2.573110e-03 9.999965e-01 -6.460917e-04 -2.242731e-01 1.554683e-02 6.860171e-04 9.998788e-01 -1.289962e+01
9.998882e-01 -2.407360e-03 1.475572e-02 -6.228300e+00 2.397898e-03 9.999969e-01 6.588327e-04 -2.333533e-01 -1.475729e-02 -6.233788e-04 9.998908e-01 -1.258415e+01
9.998919e-01 2.668413e-03 -1.445660e-02 -6.238346e+00 -2.680342e-03 9.999961e-01 -8.058209e-04 -2.311945e-01 1.445436e-02 8.444799e-04 9.998951e-01 -1.282539e+01
9.998879e-01 -2.111455e-03 1.482478e-02 -6.285645e+00 2.103115e-03 9.999976e-01 5.781263e-04 -2.266453e-01 -1.482600e-02 -5.468858e-04 9.998898e-01 -1.312771e+01
9.998799e-01 2.285717e-03 -1.533104e-02 -6.269355e+00 -2.294565e-03 9.999972e-01 -5.594982e-04 -2.361516e-01 1.532968e-02 5.946064e-04 9.998822e-01 -1.278798e+01
9.998952e-01 -2.129450e-03 1.432003e-02 -6.238319e+00 2.121766e-03 9.999976e-01 5.517222e-04 -2.448052e-01 -1.432120e-02 -5.212832e-04 9.998972e-01 -1.251170e+01
9.998825e-01 2.360127e-03 -1.514934e-02 -6.199598e+00 -2.370123e-03 9.999970e-01 -6.418894e-04 -2.490066e-01 1.514774e-02 6.777171e-04 9.998849e-01 -1.242361e+01
9.999435e-01 -2.119574e-03 1.041928e-02 -6.116896e+00 2.111179e-03 9.999974e-01 8.165735e-04 -2.543221e-01 -1.042102e-02 -7.945329e-04 9.999453e-01 -1.224507e+01
9.999201e-01 2.311180e-03 -1.242836e-02 -6.049664e+00 -2.321144e-03 9.999970e-01 -7.872959e-04 -2.552073e-01 1.242646e-02 8.160784e-04 9.999224e-01 -1.233102e+01
9.999244e-01 -1.697446e-03 1.218209e-02 -6.137514e+00 1.692138e-03 9.999985e-01 4.459058e-04 -2.439189e-01 -1.218286e-02 -4.252609e-04 9.999256e-01 -1.307164e+01
9.999169e-01 2.476003e-03 -1.265050e-02 -6.244417e+00 -2.485924e-03 9.999966e-01 -7.685246e-04 -2.318672e-01 1.264852e-02 7.999062e-04 9.999196e-01 -1.380627e+01
9.999320e-01 -2.254159e-03 1.144124e-02 -6.202467e+00 2.246436e-03 9.999972e-01 6.878279e-04 -2.322972e-01 -1.144280e-02 -6.620817e-04 9.999342e-01 -1.387063e+01
9.999343e-01 2.615130e-03 -1.115893e-02 -6.226575e+00 -2.625403e-03 9.999961e-01 -9.060344e-04 -2.285946e-01 1.115648e-02 9.352688e-04 9.999372e-01 -1.415011e+01
9.999351e-01 -1.962338e-03 1.122662e-02 -6.336948e+00 1.956245e-03 9.999979e-01 5.536514e-04 -2.170213e-01 -1.122772e-02 -5.316562e-04 9.999367e-01 -1.483731e+01
9.999306e-01 2.792721e-03 -1.144828e-02 -6.467308e+00 -2.803234e-03 9.999957e-01 -9.023731e-04 -2.045256e-01 1.144567e-02 9.343997e-04 9.999340e-01 -1.554541e+01
9.999418e-01 -2.500841e-03 1.049233e-02 -6.441473e+00 2.492356e-03 9.999966e-01 8.216233e-04 -2.116185e-01 -1.049438e-02 -7.954277e-04 9.999445e-01 -1.533422e+01
9.995119e-01 3.016619e-03 -3.109426e-02 -6.213107e+00 -3.006698e-03 9.999954e-01 3.658249e-04 -2.280571e-01 3.109518e-02 -2.721581e-04 9.995163e-01 -1.477486e+01
9.999951e-01 -2.518740e-03 -1.850632e-03 -5.984298e+00 2.520510e-03 9.999964e-01 9.555097e-04 -2.452629e-01 1.848178e-03 -9.601722e-04 9.999977e-01 -1.394908e+01
9.991009e-01 3.953318e-03 -4.220984e-02 -5.821164e+00 -3.920744e-03 9.999919e-01 8.544961e-04 -2.652379e-01 4.221284e-02 -6.882364e-04 9.991083e-01 -1.282649e+01
9.999618e-01 -2.686846e-03 8.314527e-03 -5.669534e+00 2.684730e-03 9.999964e-01 2.655035e-04 -2.831907e-01 -8.315258e-03 -2.431734e-04 9.999653e-01 -1.192738e+01
9.993440e-01 3.777333e-03 -3.601919e-02 -5.534368e+00 -3.748559e-03 9.999926e-01 8.663413e-04 -3.018773e-01 3.602214e-02 -7.307553e-04 9.993506e-01 -1.106464e+01
9.999783e-01 -2.307792e-03 -6.162587e-03 -5.373542e+00 2.312108e-03 9.999971e-01 6.933962e-04 -3.224068e-01 6.160916e-03 -7.076319e-04 9.999807e-01 -9.956799e+00
9.993023e-01 3.934631e-03 -3.714022e-02 -5.201657e+00 -3.903514e-03 9.999920e-01 9.103391e-04 -3.447554e-01 3.714344e-02 -7.647288e-04 9.993096e-01 -8.814442e+00
9.999862e-01 -2.281342e-03 -4.720729e-03 -5.023311e+00 2.283799e-03 9.999973e-01 5.152021e-04 -3.696804e-01 4.719480e-03 -5.259782e-04 9.999886e-01 -7.637070e+00
9.991676e-01 4.031356e-03 -4.059311e-02 -4.839571e+00 -3.986149e-03 9.999913e-01 1.194558e-03 -3.953465e-01 4.059751e-02 -1.031756e-03 9.991750e-01 -6.383921e+00
9.999472e-01 -2.058551e-03 -1.006507e-02 -4.643704e+00 2.064136e-03 9.999977e-01 5.446695e-04 -4.243249e-01 1.006386e-02 -5.654182e-04 9.999491e-01 -4.992168e+00
9.991433e-01 4.041101e-03 -4.118557e-02 -4.446043e+00 -3.988060e-03 9.999911e-01 1.369931e-03 -4.532756e-01 4.119066e-02 -1.204508e-03 9.991505e-01 -3.583270e+00
9.999428e-01 -1.991574e-03 -1.050709e-02 -4.246287e+00 1.995637e-03 9.999979e-01 3.762376e-04 -4.828895e-01 1.050625e-02 -3.971860e-04 9.999446e-01 -2.169920e+00
9.988002e-01 4.156990e-03 -4.879442e-02 -4.027695e+00 -4.063218e-03 9.999897e-01 2.020825e-03 -5.133397e-01 4.880224e-02 -1.820139e-03 9.988067e-01 -5.925397e-01
9.999556e-01 -1.922473e-03 -9.222575e-03 -3.822683e+00 1.922411e-03 9.999982e-01 -1.557503e-05 -5.432838e-01 9.222505e-03 -2.156567e-06 9.999574e-01 9.139469e-01
9.993529e-01 3.653905e-03 -3.578374e-02 -3.643456e+00 -3.597038e-03 9.999922e-01 1.653457e-03 -5.681294e-01 3.578941e-02 -1.523673e-03 9.993581e-01 2.137590e+00
9.999379e-01 -1.798572e-03 -1.099214e-02 -3.456981e+00 1.798084e-03 9.999984e-01 -5.427843e-05 -5.955236e-01 1.099213e-02 3.450908e-05 9.999395e-01 3.441440e+00
9.992169e-01 3.732817e-03 -3.939103e-02 -3.261922e+00 -3.660353e-03 9.999915e-01 1.911594e-03 -6.235994e-01 3.939774e-02 -1.765913e-03 9.992220e-01 4.814023e+00
9.999390e-01 -1.745097e-03 -1.089952e-02 -3.066022e+00 1.743083e-03 9.999985e-01 -1.942546e-04 -6.523332e-01 1.089975e-02 1.752429e-04 9.999405e-01 6.194501e+00
9.991629e-01 3.713739e-03 -4.073887e-02 -2.868093e+00 -3.630187e-03 9.999912e-01 2.124720e-03 -6.812280e-01 4.074631e-02 -1.975053e-03 9.991675e-01 7.609278e+00
9.998891e-01 -1.566284e-03 -1.480448e-02 -2.665132e+00 1.563588e-03 9.999988e-01 -1.936251e-04 -7.114823e-01 1.480467e-02 1.704545e-04 9.998903e-01 9.101432e+00
9.989316e-01 3.791519e-03 -4.605742e-02 -2.455507e+00 -3.679215e-03 9.999900e-01 2.522902e-03 -7.427210e-01 4.606643e-02 -2.350753e-03 9.989355e-01 1.070986e+01
9.997687e-01 -1.294326e-03 -2.146830e-02 -2.234755e+00 1.292300e-03 9.999992e-01 -1.082197e-04 -7.762072e-01 2.146833e-02 8.045028e-05 9.997695e-01 1.246038e+01
9.983862e-01 4.076184e-03 -5.664220e-02 -1.988239e+00 -3.903782e-03 9.999874e-01 3.154032e-03 -8.137757e-01 5.665424e-02 -2.927824e-03 9.983895e-01 1.446839e+01
9.991744e-01 -5.536760e-04 -4.062119e-02 -1.701354e+00 5.731317e-04 9.999997e-01 4.673310e-04 -8.594222e-01 4.062082e-02 -4.902273e-04 9.991745e-01 1.693819e+01
9.978572e-01 4.335594e-03 -6.528430e-02 -1.402097e+00 -4.109107e-03 9.999851e-01 3.603132e-03 -9.082497e-01 6.529884e-02 -3.327152e-03 9.978602e-01 1.958687e+01
9.998886e-01 -1.189183e-03 -1.487397e-02 -1.156685e+00 1.176496e-03 9.999989e-01 -8.616938e-04 -9.477749e-01 1.487488e-02 8.440979e-04 9.998890e-01 2.161504e+01
9.988576e-01 3.440556e-03 -4.766072e-02 -9.438426e-01 -3.288695e-03 9.999893e-01 3.264363e-03 -9.791866e-01 4.767134e-02 -3.103893e-03 9.988582e-01 2.325444e+01
9.999290e-01 -1.120311e-03 -1.185664e-02 -7.380099e-01 1.106065e-03 9.999987e-01 -1.207942e-03 -1.009531e+00 1.185788e-02 1.194741e-03 9.999289e-01 2.479855e+01
9.992620e-01 2.969671e-03 -3.829436e-02 -5.496677e-01 -2.854812e-03 9.999913e-01 3.053738e-03 -1.035927e+00 3.830300e-02 -2.942162e-03 9.992618e-01 2.613212e+01
9.998316e-01 -8.525269e-04 -1.832950e-02 -3.500689e-01 8.339651e-04 9.999991e-01 -1.020232e-03 -1.064505e+00 1.833026e-02 1.004774e-03 9.998315e-01 2.761629e+01
9.986112e-01 3.195313e-03 -5.258616e-02 -1.255003e-01 -2.993193e-03 9.999878e-01 3.921936e-03 -1.096503e+00 5.259796e-02 -3.759090e-03 9.986087e-01 2.941720e+01
9.997471e-01 -6.555252e-04 -2.247498e-02 1.029905e-01 6.303512e-04 9.999992e-01 -1.127101e-03 -1.128359e+00 2.247561e-02 1.112648e-03 9.997467e-01 3.124155e+01
9.992831e-01 2.743174e-03 -3.775807e-02 3.031382e-01 -2.620603e-03 9.999911e-01 3.295390e-03 -1.155396e+00 3.776669e-02 -3.194080e-03 9.992815e-01 3.273410e+01
9.997377e-01 -4.803643e-04 -2.289477e-02 5.085357e-01 4.543435e-04 9.999992e-01 -1.141663e-03 -1.184796e+00 2.289522e-02 1.130961e-03 9.997372e-01 3.428715e+01
9.993912e-01 2.507605e-03 -3.479608e-02 7.063540e-01 -2.395467e-03 9.999918e-01 3.264088e-03 -1.212849e+00 3.480391e-02 -3.178749e-03 9.993891e-01 3.577267e+01
9.997429e-01 -3.747207e-04 -2.266839e-02 9.012388e-01 3.474023e-04 9.999992e-01 -1.208980e-03 -1.240815e+00 2.266876e-02 1.200793e-03 9.997423e-01 3.725508e+01
9.994935e-01 2.269606e-03 -3.174019e-02 1.085779e+00 -2.169375e-03 9.999926e-01 3.191987e-03 -1.266739e+00 3.174714e-02 -3.121515e-03 9.994910e-01 3.864614e+01
9.998156e-01 -4.080559e-04 -1.919449e-02 1.260400e+00 3.819604e-04 9.999990e-01 -1.363077e-03 -1.290796e+00 1.919497e-02 1.355494e-03 9.998148e-01 3.995223e+01
9.995519e-01 2.058305e-03 -2.985854e-02 1.428007e+00 -1.963913e-03 9.999930e-01 3.190384e-03 -1.313227e+00 2.986484e-02 -3.130316e-03 9.995490e-01 4.120312e+01
