9.999981e-01 -1.127117e-04 -1.936511e-03 -3.532673e-02 1.131891e-04 1.000000e+00 2.464059e-04 -1.389722e-03 1.936483e-03 -2.466241e-04 9.999980e-01 1.609792e-01
9.999998e-01 1.187143e-04 -6.091352e-04 -9.935270e-02 -1.186364e-04 1.000000e+00 1.278601e-04 -2.185589e-03 6.091500e-04 -1.277873e-04 9.999997e-01 3.366996e-01
9.999968e-01 -9.904630e-05 -2.542365e-03 -1.758899e-01 9.952441e-05 1.000000e+00 1.879207e-04 -2.486184e-03 2.542346e-03 -1.881726e-04 9.999967e-01 5.296731e-01
9.999998e-01 1.117983e-04 -5.981963e-04 -2.493023e-01 -1.117055e-04 1.000000e+00 1.551756e-04 -2.787207e-03 5.982126e-04 -1.551082e-04 9.999997e-01 7.194061e-01
9.999991e-01 -2.701333e-04 -1.318716e-03 -2.945609e-01 2.703250e-04 1.000000e+00 1.451482e-04 -3.904490e-03 1.318675e-03 -1.455039e-04 9.999990e-01 8.534275e-01
9.999995e-01 2.002310e-04 -9.282783e-04 -3.578158e-01 -2.000646e-04 1.000000e+00 1.792512e-04 -4.752300e-03 9.283127e-04 -1.790648e-04 9.999995e-01 1.012243e+00
9.999995e-01 -2.620700e-04 -9.521853e-04 -4.114890e-01 2.621953e-04 1.000000e+00 1.314472e-04 -5.893228e-03 9.521492e-04 -1.316961e-04 9.999994e-01 1.163963e+00
9.999992e-01 2.514422e-04 -1.214687e-03 -4.748923e-01 -2.511635e-04 9.999999e-01 2.295906e-04 -6.958115e-03 1.214743e-03 -2.292846e-04 9.999991e-01 1.334033e+00
9.999999e-01 -3.453079e-04 -4.024691e-04 -5.139070e-01 3.452946e-04 9.999999e-01 -3.307058e-05 -8.466752e-03 4.024785e-04 3.293236e-05 9.999998e-01 1.478804e+00
9.999999e-01 -1.505664e-05 -4.247680e-04 -5.076237e-01 1.512574e-05 1.000000e+00 1.626084e-04 -1.078456e-02 4.247635e-04 -1.626140e-04 9.999998e-01 1.586470e+00
9.999999e-01 -3.931593e-04 -3.362921e-04 -4.856283e-01 3.931259e-04 9.999999e-01 -9.956156e-05 -1.326761e-02 3.363291e-04 9.943012e-05 9.999998e-01 1.668491e+00
9.999999e-01 2.164208e-05 -3.288240e-04 -4.886655e-01 -2.154506e-05 1.000000e+00 2.949801e-04 -1.553592e-02 3.288282e-04 -2.949722e-04 9.999998e-01 1.770185e+00
9.999998e-01 -3.642293e-04 -4.370682e-04 -4.932343e-01 3.641215e-04 9.999999e-01 -2.467648e-04 -1.781101e-02 4.371557e-04 2.466064e-04 9.999998e-01 1.871997e+00
1.000000e+00 -1.841738e-04 2.336270e-04 -3.595777e-01 1.841629e-04 1.000000e+00 4.678913e-05 -2.198742e-02 -2.336380e-04 -4.674532e-05 9.999999e-01 1.911125e+00
9.999998e-01 -6.092290e-04 -1.318574e-04 -1.404780e-01 6.091632e-04 9.999997e-01 -4.986584e-04 -2.736367e-02 1.321588e-04 4.985788e-04 9.999998e-01 1.902248e+00
1.000000e+00 -8.047516e-05 1.455530e-04 1.316283e-02 8.044181e-05 1.000000e+00 2.292788e-04 -3.195954e-02 -1.455738e-04 -2.292664e-04 9.999999e-01 1.926377e+00
9.999999e-01 -4.584477e-04 -2.336713e-04 1.471553e-01 4.583244e-04 9.999998e-01 -5.276477e-04 -3.628865e-02 2.339108e-04 5.275413e-04 9.999997e-01 1.970903e+00
1.000000e+00 -2.072805e-04 1.764842e-05 3.530722e-01 2.072772e-04 1.000000e+00 1.904134e-04 -4.135069e-02 -1.769024e-05 -1.904091e-04 9.999999e-01 1.997699e+00
9.999999e-01 -3.929381e-04 -2.542698e-04 5.082867e-01 3.928403e-04 9.999998e-01 -3.846838e-04 -4.594112e-02 2.544185e-04 3.845845e-04 9.999998e-01 2.045706e+00
9.999999e-01 2.001317e-05 -3.162028e-04 5.476110e-01 -1.990107e-05 9.999999e-01 3.544146e-04 -4.898767e-02 3.162074e-04 -3.544077e-04 9.999998e-01 2.134038e+00
9.999999e-01 -4.171762e-04 -1.107116e-04 6.034601e-01 4.171340e-04 9.999998e-01 -3.808048e-04 -5.230427e-02 1.108679e-04 3.807592e-04 9.999998e-01 2.216311e+00
9.999995e-01 1.599687e-04 -9.359818e-04 5.852072e-01 -1.594578e-04 9.999998e-01 5.458566e-04 -5.463458e-02 9.360664e-04 -5.457064e-04 9.999993e-01 2.335054e+00
9.999998e-01 -3.699025e-04 -4.119617e-04 5.959359e-01 3.696782e-04 9.999998e-01 -5.443775e-04 -5.702010e-02 4.121603e-04 5.442257e-04 9.999997e-01 2.464994e+00
9.999999e-01 4.504036e-05 -4.570668e-04 6.582564e-01 -4.476305e-05 9.999998e-01 6.066614e-04 -6.044304e-02 4.570912e-04 -6.066402e-04 9.999996e-01 2.583409e+00
9.999997e-01 -2.585974e-04 -7.698576e-04 6.566379e-01 2.581460e-04 9.999998e-01 -5.864678e-04 -6.278614e-02 7.700062e-04 5.862695e-04 9.999994e-01 2.720893e+00
9.999999e-01 -2.083650e-04 2.421011e-04 8.077622e-01 2.082764e-04 9.999999e-01 3.659891e-04 -6.729188e-02 -2.421803e-04 -3.659380e-04 9.999998e-01 2.797475e+00
9.999998e-01 -1.807317e-04 -6.302243e-04 8.634292e-01 1.804893e-04 9.999999e-01 -3.845874e-04 -7.066574e-02 6.302907e-04 3.844742e-04 9.999996e-01 2.892139e+00
9.999998e-01 6.023732e-05 -5.550285e-04 8.241116e-01 -5.987494e-05 9.999998e-01 6.528452e-04 -7.267189e-02 5.550646e-04 -6.528112e-04 9.999995e-01 3.038200e+00
9.999999e-01 -3.186731e-04 -2.541512e-04 8.062896e-01 3.185356e-04 9.999998e-01 -5.407033e-04 -7.499928e-02 2.543202e-04 5.406229e-04 9.999997e-01 3.163362e+00
1.000000e+00 -2.972362e-05 -2.868673e-04 8.381871e-01 2.987165e-05 9.999999e-01 5.159543e-04 -7.796612e-02 2.868487e-04 -5.159622e-04 9.999997e-01 3.262191e+00
9.999998e-01 -2.758217e-04 -5.092470e-04 8.313441e-01 2.756279e-04 9.999999e-01 -3.806521e-04 -8.043844e-02 5.093486e-04 3.805123e-04 9.999997e-01 3.381071e+00
9.999998e-01 1.362040e-04 -6.677343e-04 7.914647e-01 -1.357792e-04 9.999998e-01 6.360916e-04 -8.235868e-02 6.678173e-04 -6.360001e-04 9.999995e-01 3.517310e+00
9.999999e-01 -4.022943e-04 -3.374670e-04 7.902995e-01 4.020924e-04 9.999997e-01 -5.982320e-04 -8.471466e-02 3.377041e-04 5.980969e-04 9.999997e-01 3.640348e+00
9.999996e-01 1.572468e-04 -8.866181e-04 7.769287e-01 -1.565233e-04 9.999997e-01 8.159725e-04 -8.704551e-02 8.867424e-04 -8.158326e-04 9.999992e-01 3.769116e+00
9.999996e-01 -2.199567e-04 -8.783088e-04 7.419702e-01 2.193707e-04 9.999998e-01 -6.672387e-04 -8.859110e-02 8.784515e-04 6.670465e-04 9.999993e-01 3.917879e+00
9.999996e-01 -3.581486e-04 8.057740e-04 8.899382e-01 3.578372e-04 9.999999e-01 3.866973e-04 -9.314475e-02 -8.059162e-04 -3.864081e-04 9.999995e-01 3.959064e+00
9.999983e-01 1.183347e-04 -1.864989e-03 8.744579e-01 -1.186746e-04 1.000000e+00 -1.821462e-04 -9.552720e-02 1.864963e-03 1.823679e-04 9.999981e-01 4.098260e+00
1.000000e+00 -1.521310e-04 -7.687784e-05 8.112267e-01 1.521696e-04 9.999999e-01 5.015557e-04 -9.673102e-02 7.679736e-05 -5.015667e-04 9.999998e-01 4.261428e+00
9.999934e-01 2.932087e-04 -3.615895e-03 7.244941e-01 -2.935888e-04 1.000000e+00 -1.046076e-04 -9.682473e-02 3.615860e-03 1.056693e-04 9.999934e-01 4.486320e+00
9.999992e-01 9.225495e-05 -1.247306e-03 6.248125e-01 -9.150492e-05 9.999998e-01 6.013383e-04 -9.631789e-02 1.247357e-03 -6.012228e-04 9.999989e-01 4.770775e+00
9.999975e-01 1.726549e-04 -2.217557e-03 5.426537e-01 -1.731433e-04 1.000000e+00 -2.200910e-04 -9.659052e-02 2.217513e-03 2.204753e-04 9.999974e-01 5.001509e+00
9.999998e-01 -1.984142e-04 5.958692e-04 4.911597e-01 1.981177e-04 9.999999e-01 4.976984e-04 -9.814564e-02 -5.959734e-04 -4.975794e-04 9.999996e-01 5.157784e+00
9.999987e-01 -2.349429e-04 -1.598616e-03 6.731470e-01 2.334496e-04 9.999995e-01 -9.342390e-04 -1.027093e-01 1.598829e-03 9.338655e-04 9.999982e-01 5.219553e+00
9.999972e-01 -1.613987e-03 1.730317e-03 1.453777e+00 1.615604e-03 9.999983e-01 -9.334461e-04 -1.146730e-01 -1.728813e-03 9.362397e-04 9.999980e-01 4.976026e+00
9.999955e-01 6.934024e-04 -2.917839e-03 1.857720e+00 -6.920881e-04 9.999997e-01 4.513995e-04 -1.226445e-01 2.918145e-03 -4.493774e-04 9.999955e-01 4.984525e+00
9.999991e-01 -3.818471e-04 -1.319238e-03 1.764799e+00 3.818353e-04 9.999999e-01 -9.169590e-06 -1.224768e-01 1.319236e-03 8.666550e-06 9.999990e-01 5.240646e+00
9.999977e-01 5.973681e-04 -2.082622e-03 1.683726e+00 -5.965570e-04 9.999997e-01 3.900485e-04 -1.227479e-01 2.082848e-03 -3.888044e-04 9.999977e-01 5.464089e+00
9.999998e-01 -6.158745e-04 2.641724e-04 1.631424e+00 6.159011e-04 9.999998e-01 -1.005015e-04 -1.240822e-01 -2.641172e-04 1.006650e-04 9.999999e-01 5.616944e+00
9.999984e-01 5.558047e-04 -1.727547e-03 1.574542e+00 -5.551106e-04 9.999998e-01 4.022346e-04 -1.254788e-01 1.727763e-03 -4.012741e-04 9.999983e-01 5.764283e+00
9.999994e-01 -8.180655e-04 6.934839e-04 1.547763e+00 8.182718e-04 9.999996e-01 -2.971842e-04 -1.274532e-01 -6.932475e-04 2.977523e-04 9.999996e-01 5.879677e+00
9.999992e-01 3.454297e-04 -1.243723e-03 1.632397e+00 -3.451538e-04 9.999999e-01 2.220561e-04 -1.308375e-01 1.243793e-03 -2.216259e-04 9.999991e-01 5.940680e+00
9.999991e-01 -9.458346e-04 9.350984e-04 1.793027e+00 9.462955e-04 9.999994e-01 -4.925736e-04 -1.353839e-01 -9.346390e-04 4.934588e-04 9.999993e-01 5.972027e+00
9.999992e-01 2.539918e-04 -1.275354e-03 2.016370e+00 -2.538791e-04 1.000000e+00 8.848706e-05 -1.406569e-01 1.275369e-03 -8.816247e-05 9.999991e-01 5.984006e+00
9.999986e-01 -1.157592e-03 1.242651e-03 2.310830e+00 1.158450e-03 9.999991e-01 -6.903230e-04 -1.470060e-01 -1.241858e-03 6.917623e-04 9.999989e-01 5.953064e+00
9.999993e-01 -8.542787e-04 -7.854181e-04 3.143156e+00 8.531762e-04 9.999987e-01 -1.403020e-03 -1.588041e-01 7.866086e-04 1.402350e-03 9.999986e-01 5.580114e+00
9.999987e-01 -1.594235e-03 3.088278e-04 4.199628e+00 1.594598e-03 9.999980e-01 -1.180149e-03 -1.741651e-01 -3.069528e-04 1.180641e-03 9.999992e-01 5.150686e+00
9.999997e-01 4.312017e-04 -6.330302e-04 4.654354e+00 -4.310193e-04 9.999999e-01 2.883035e-04 -1.825071e-01 6.331474e-04 -2.880304e-04 9.999997e-01 5.066263e+00
9.999991e-01 -6.771141e-04 -1.161226e-03 4.629542e+00 6.770701e-04 9.999998e-01 -3.831095e-05 -1.839665e-01 1.161244e-03 3.752486e-05 9.999992e-01 5.186171e+00
9.999989e-01 7.003781e-04 -1.341082e-03 4.559283e+00 -6.998800e-04 9.999997e-01 3.717919e-04 -1.846424e-01 1.341335e-03 -3.708527e-04 9.999989e-01 5.363291e+00
9.999996e-01 -8.249736e-04 -3.826118e-04 4.517058e+00 8.249076e-04 9.999996e-01 -1.728189e-04 -1.861196e-01 3.827465e-04 1.725034e-04 9.999998e-01 5.499935e+00
9.999991e-01 5.408304e-04 -1.230308e-03 4.523752e+00 -5.403657e-04 9.999998e-01 3.779798e-04 -1.880848e-01 1.230504e-03 -3.773144e-04 9.999991e-01 5.615004e+00
9.999995e-01 -9.455853e-04 3.284624e-04 4.592765e+00 9.457240e-04 9.999995e-01 -4.222525e-04 -1.911868e-01 -3.280709e-04 4.225632e-04 9.999998e-01 5.694591e+00
9.999969e-01 7.305534e-04 -2.374891e-03 4.560955e+00 -7.289295e-04 9.999995e-01 6.845567e-04 -1.925401e-01 2.375381e-03 -6.828232e-04 9.999968e-01 5.830968e+00
9.999995e-01 -9.881551e-04 1.987951e-04 4.587161e+00 9.882654e-04 9.999994e-01 -5.554393e-04 -1.944636e-01 -1.982545e-04 5.556358e-04 9.999997e-01 5.958344e+00
9.999965e-01 8.265078e-04 -2.531807e-03 4.569792e+00 -8.246020e-04 9.999994e-01 7.537032e-04 -1.956459e-01 2.532420e-03 -7.516125e-04 9.999964e-01 6.093518e+00
9.999994e-01 -9.286489e-04 5.495175e-04 4.526331e+00 9.288964e-04 9.999995e-01 -4.500996e-04 -1.970922e-01 -5.491080e-04 4.506101e-04 9.999996e-01 6.246692e+00
9.999952e-01 9.187250e-04 -2.954788e-03 4.453236e+00 -9.165044e-04 9.999993e-01 7.527945e-04 -1.979098e-01 2.955468e-03 -7.500825e-04 9.999953e-01 6.422547e+00
9.999994e-01 -9.100153e-04 6.114534e-04 4.380984e+00 9.102623e-04 9.999995e-01 -4.037916e-04 -1.987372e-01 -6.110949e-04 4.043483e-04 9.999996e-01 6.602389e+00
9.999919e-01 8.372006e-04 -3.944799e-03 4.301965e+00 -8.345062e-04 9.999994e-01 6.846048e-04 -1.989600e-01 3.945361e-03 -6.813068e-04 9.999919e-01 6.791106e+00
9.999995e-01 -8.718426e-04 5.444096e-04 4.230242e+00 8.720810e-04 9.999995e-01 -4.377502e-04 -1.990430e-01 -5.440376e-04 4.382252e-04 9.999997e-01 6.976336e+00
9.999954e-01 7.133134e-04 -2.933613e-03 4.189324e+00 -7.113786e-04 9.999995e-01 6.605136e-04 -1.999284e-01 2.934073e-03 -6.584232e-04 9.999954e-01 7.113826e+00
9.999995e-01 -7.317809e-04 6.033445e-04 4.120324e+00 7.319691e-04 9.999997e-01 -3.117129e-04 -2.007801e-01 -6.031266e-04 3.121549e-04 9.999997e-01 7.287579e+00
9.999940e-01 8.423472e-04 -3.348777e-03 4.043607e+00 -8.400755e-04 9.999994e-01 6.796838e-04 -2.014471e-01 3.349337e-03 -6.768659e-04 9.999941e-01 7.489502e+00
9.999998e-01 -6.851024e-04 -1.268652e-04 3.959321e+00 6.850638e-04 9.999997e-01 -3.039306e-04 -2.016793e-01 1.270623e-04 3.038442e-04 9.999998e-01 7.711080e+00
9.999813e-01 1.197201e-03 -6.001330e-03 3.891638e+00 -1.191783e-03 9.999989e-01 9.064127e-04 -2.007389e-01 6.002396e-03 -8.992429e-04 9.999815e-01 8.027009e+00
9.999964e-01 -7.734373e-04 2.559685e-03 3.816529e+00 7.747371e-04 9.999996e-01 -5.068268e-04 -2.014663e-01 -2.559303e-03 5.088087e-04 9.999965e-01 8.323207e+00
9.999819e-01 1.154381e-03 -5.903296e-03 3.738018e+00 -1.148820e-03 9.999989e-01 9.453542e-04 -2.025724e-01 5.904368e-03 -9.385545e-04 9.999820e-01 8.601965e+00
9.999988e-01 -6.264202e-04 1.415819e-03 3.637453e+00 6.270568e-04 9.999997e-01 -4.491836e-04 -2.024384e-01 -1.415550e-03 4.500717e-04 9.999988e-01 8.899381e+00
9.999873e-01 8.961397e-04 -4.966778e-03 3.549597e+00 -8.920214e-04 9.999993e-01 8.313086e-04 -2.026767e-01 4.967506e-03 -8.268668e-04 9.999872e-01 9.137767e+00
9.999963e-01 -8.584308e-04 2.595611e-03 3.480015e+00 8.596989e-04 9.999995e-01 -4.874278e-04 -2.034328e-01 -2.595205e-03 4.896583e-04 9.999964e-01 9.313812e+00
9.999895e-01 5.205922e-04 -4.552512e-03 3.607888e+00 -5.198678e-04 9.999999e-01 1.602877e-04 -2.069386e-01 4.552581e-03 -1.579186e-04 9.999895e-01 9.398390e+00
9.999904e-01 -1.087985e-03 4.253364e-03 3.733758e+00 1.089598e-03 9.999993e-01 -3.769471e-04 -2.109057e-01 -4.252965e-03 3.815787e-04 9.999908e-01 9.422422e+00
9.999533e-01 1.634541e-04 -9.666151e-03 4.808360e+00 -1.826248e-04 9.999980e-01 -1.982439e-03 -2.248270e-01 9.665794e-03 1.984112e-03 9.999512e-01 9.402553e+00
9.999978e-01 -1.740685e-03 -1.136089e-03 6.921579e+00 1.738748e-03 9.999970e-01 -1.704034e-03 -2.492050e-01 1.139037e-03 1.702056e-03 9.999978e-01 9.251812e+00
9.998875e-01 -5.233345e-05 -1.499698e-02 9.682539e+00 6.674265e-06 9.999954e-01 -3.044595e-03 -2.796598e-01 1.499705e-02 3.044152e-03 9.998828e-01 9.154030e+00
9.999960e-01 -1.239738e-03 2.550754e-03 1.165058e+01 1.239320e-03 9.999992e-01 1.653772e-04 -3.011250e-01 -2.550975e-03 -1.622159e-04 9.999966e-01 9.113219e+00
9.998847e-01 1.608732e-04 -1.518591e-02 1.359304e+01 -2.153292e-04 9.999936e-01 -3.584386e-03 -3.229038e-01 1.518521e-02 3.587242e-03 9.998782e-01 9.096606e+00
9.999959e-01 -1.516475e-03 2.436420e-03 1.570808e+01 1.516779e-03 9.999988e-01 -1.233097e-04 -3.465178e-01 -2.436251e-03 1.270035e-04 9.999969e-01 9.039858e+00
9.997697e-01 -5.189968e-04 -2.145607e-02 1.907380e+01 3.990366e-04 9.999843e-01 -5.594867e-03 -3.831085e-01 2.145861e-02 5.585015e-03 9.997540e-01 8.838860e+00
9.999695e-01 -8.403563e-04 7.759174e-03 2.144175e+01 8.309846e-04 9.999989e-01 1.210941e-03 -4.098204e-01 -7.760207e-03 -1.204459e-03 9.999691e-01 8.737502e+00
9.998160e-01 -5.103923e-04 -1.917316e-02 2.336733e+01 4.347381e-04 9.999921e-01 -3.949789e-03 -4.310661e-01 1.917500e-02 3.940725e-03 9.998083e-01 8.612079e+00
9.999262e-01 -3.557550e-04 1.214716e-02 2.448760e+01 3.318783e-04 9.999980e-01 1.967547e-03 -4.447553e-01 -1.214786e-02 -1.963373e-03 9.999242e-01 8.609895e+00
9.999066e-01 -6.512264e-04 -1.365380e-02 2.503630e+01 6.090273e-04 9.999950e-01 -3.094562e-03 -4.536036e-01 1.365572e-02 3.085954e-03 9.999019e-01 8.585838e+00
9.999243e-01 -2.533661e-04 1.230406e-02 2.547457e+01 2.238719e-04 9.999971e-01 2.398395e-03 -4.608279e-01 -1.230466e-02 -2.395462e-03 9.999213e-01 8.575632e+00
9.998744e-01 -7.474379e-04 -1.583311e-02 2.621713e+01 6.947723e-04 9.999942e-01 -3.331515e-03 -4.707498e-01 1.583548e-02 3.320093e-03 9.998690e-01 8.544432e+00
9.999363e-01 3.772099e-06 1.128245e-02 2.704689e+01 -2.116125e-05 9.999988e-01 1.541100e-03 -4.820346e-01 -1.128246e-02 -1.541244e-03 9.999351e-01 8.552120e+00
9.996755e-01 -1.304307e-03 -2.544078e-02 2.939919e+01 1.158424e-03 9.999828e-01 -5.748097e-03 -5.084639e-01 2.544781e-02 5.716757e-03 9.996597e-01 8.442204e+00
9.998895e-01 6.865123e-04 1.485015e-02 3.059866e+01 -7.558052e-04 9.999889e-01 4.660995e-03 -5.206599e-01 -1.484681e-02 -4.671708e-03 9.998788e-01 8.478890e+00
9.998657e-01 -8.824001e-04 -1.636494e-02 3.054007e+01 8.102901e-04 9.999899e-01 -4.412453e-03 -5.218663e-01 1.636864e-02 4.398597e-03 9.998563e-01 8.614682e+00
9.998818e-01 5.471643e-04 1.536780e-02 3.049292e+01 -6.185038e-04 9.999891e-01 4.637741e-03 -5.233895e-01 -1.536512e-02 -4.646701e-03 9.998711e-01 8.717754e+00
9.998682e-01 -9.275436e-04 -1.620745e-02 3.045602e+01 8.557391e-04 9.999898e-01 -4.436686e-03 -5.250256e-01 1.621137e-02 4.422229e-03 9.998587e-01 8.807466e+00
9.998899e-01 6.649413e-04 1.482183e-02 3.039970e+01 -7.346595e-04 9.999887e-01 4.698762e-03 -5.263009e-01 -1.481857e-02 -4.709137e-03 9.998790e-01 8.934316e+00
9.998651e-01 -8.450650e-04 -1.640378e-02 3.034275e+01 7.727756e-04 9.999900e-01 -4.412689e-03 -5.275149e-01 1.640731e-02 4.399414e-03 9.998556e-01 9.074007e+00
9.998837e-01 5.413113e-04 1.523963e-02 3.031473e+01 -6.110679e-04 9.999894e-01 4.572993e-03 -5.293187e-01 -1.523702e-02 -4.581777e-03 9.998733e-01 9.207586e+00
9.996718e-01 -1.739380e-03 -2.556032e-02 3.204673e+01 1.523270e-03 9.999630e-01 -8.471930e-03 -5.498842e-01 2.557408e-02 8.430210e-03 9.996373e-01 9.194346e+00
9.999269e-01 1.218524e-04 1.208635e-02 3.416627e+01 -1.992163e-04 9.999795e-01 6.399873e-03 -5.719208e-01 -1.208536e-02 -6.401818e-03 9.999064e-01 9.072145e+00
9.999178e-01 -4.957206e-04 -1.281340e-02 3.415681e+01 4.151089e-04 9.999801e-01 -6.293057e-03 -5.740741e-01 1.281624e-02 6.287216e-03 9.998980e-01 9.188758e+00
9.999139e-01 -5.732347e-04 1.310570e-02 3.448774e+01 5.075651e-04 9.999873e-01 5.013482e-03 -5.780044e-01 -1.310844e-02 -5.006402e-03 9.999015e-01 8.910493e+00
9.999130e-01 -8.328284e-04 -1.316270e-02 3.488633e+01 7.456679e-04 9.999778e-01 -6.625259e-03 -5.814215e-01 1.316789e-02 6.614864e-03 9.998913e-01 8.500842e+00
9.999146e-01 -1.926610e-04 1.307049e-02 3.512944e+01 1.140148e-04 9.999819e-01 6.017499e-03 -5.861400e-01 -1.307144e-02 -6.015498e-03 9.998964e-01 8.386210e+00
9.999196e-01 -8.269110e-04 -1.265531e-02 3.540866e+01 7.377760e-04 9.999749e-01 -7.046295e-03 -5.902612e-01 1.266079e-02 7.036388e-03 9.998950e-01 8.183621e+00
9.999185e-01 -5.597225e-04 1.275475e-02 3.580114e+01 4.905547e-04 9.999852e-01 5.425332e-03 -5.939594e-01 -1.275763e-02 -5.418638e-03 9.999038e-01 7.806021e+00
9.999169e-01 -7.234124e-04 -1.286862e-02 3.612109e+01 6.395196e-04 9.999785e-01 -6.522051e-03 -5.982076e-01 1.287303e-02 6.513275e-03 9.998958e-01 7.562101e+00
9.999192e-01 1.842961e-04 1.271066e-02 3.615771e+01 -2.667772e-04 9.999789e-01 6.487671e-03 -6.012848e-01 -1.270923e-02 -6.490542e-03 9.998981e-01 7.653109e+00
9.999001e-01 -3.492992e-04 -1.412971e-02 3.610307e+01 2.622167e-04 9.999810e-01 -6.164419e-03 -6.028176e-01 1.413156e-02 6.160093e-03 9.998811e-01 7.797225e+00
9.999281e-01 2.401658e-04 1.198565e-02 3.603473e+01 -3.176885e-04 9.999790e-01 6.466406e-03 -6.037127e-01 -1.198387e-02 -6.469754e-03 9.999072e-01 7.963415e+00
9.999037e-01 -3.875166e-04 -1.387540e-02 3.597142e+01 3.021887e-04 9.999810e-01 -6.151104e-03 -6.047163e-01 1.387749e-02 6.146314e-03 9.998847e-01 8.115595e+00
9.999279e-01 2.561151e-04 1.200923e-02 3.590731e+01 -3.337134e-04 9.999791e-01 6.459930e-03 -6.057790e-01 -1.200736e-02 -6.463476e-03 9.999069e-01 8.273061e+00
9.999144e-01 -5.111715e-04 -1.307345e-02 3.586197e+01 4.297038e-04 9.999805e-01 -6.233546e-03 -6.073394e-01 1.307635e-02 6.227391e-03 9.998950e-01 8.396032e+00
9.999176e-01 2.899643e-05 1.283975e-02 3.587192e+01 -1.096008e-04 9.999803e-01 6.277000e-03 -6.100363e-01 -1.283935e-02 -6.277895e-03 9.998978e-01 8.490286e+00
9.999067e-01 -3.309065e-04 -1.365616e-02 3.583767e+01 2.482129e-04 9.999816e-01 -6.056611e-03 -6.121123e-01 1.365788e-02 6.052652e-03 9.998883e-01 8.621354e+00
9.999320e-01 2.826256e-04 1.165760e-02 3.577161e+01 -3.572104e-04 9.999795e-01 6.396293e-03 -6.132634e-01 -1.165559e-02 -6.400026e-03 9.999115e-01 8.798313e+00
9.999083e-01 -3.435714e-04 -1.353500e-02 3.570716e+01 2.612418e-04 9.999815e-01 -6.083979e-03 -6.143672e-01 1.353681e-02 6.079881e-03 9.998898e-01 8.963636e+00
9.999316e-01 2.033281e-04 1.169313e-02 3.564375e+01 -2.782043e-04 9.999795e-01 6.402100e-03 -6.154547e-01 -1.169162e-02 -6.404920e-03 9.999110e-01 9.119407e+00
9.999053e-01 -2.458602e-04 -1.375920e-02 3.557643e+01 1.624460e-04 9.999816e-01 -6.063185e-03 -6.164751e-01 1.376040e-02 6.060371e-03 9.998869e-01 9.293318e+00
9.999283e-01 1.904953e-04 1.197434e-02 3.551318e+01 -2.672643e-04 9.999794e-01 6.409782e-03 -6.176645e-01 -1.197291e-02 -6.412527e-03 9.999077e-01 9.462063e+00
9.999059e-01 -1.790795e-04 -1.371764e-02 3.544870e+01 9.614082e-05 9.999817e-01 -6.046509e-03 -6.189907e-01 1.371844e-02 6.044617e-03 9.998875e-01 9.639493e+00
9.999357e-01 3.338569e-04 1.133289e-02 3.537429e+01 -4.071163e-04 9.999790e-01 6.462555e-03 -6.200291e-01 -1.133053e-02 -6.466758e-03 9.999148e-01 9.856657e+00
9.999068e-01 -1.433678e-04 -1.365261e-02 3.530120e+01 6.032457e-05 9.999815e-01 -6.082765e-03 -6.211200e-01 1.365320e-02 6.081370e-03 9.998882e-01 1.007336e+01
9.999305e-01 1.552244e-04 1.179008e-02 3.523624e+01 -2.308672e-04 9.999794e-01 6.414638e-03 -6.224299e-01 -1.178888e-02 -6.416918e-03 9.999098e-01 1.026173e+01
9.999115e-01 -2.369148e-04 -1.330144e-02 3.517728e+01 1.556684e-04 9.999813e-01 -6.108750e-03 -6.238550e-01 1.330260e-02 6.106134e-03 9.998928e-01 1.042050e+01
9.999241e-01 -1.808141e-05 1.232317e-02 3.514345e+01 -5.938293e-05 9.999802e-01 6.285613e-03 -6.258926e-01 -1.232307e-02 -6.285872e-03 9.999042e-01 1.055416e+01
9.999145e-01 -5.323255e-04 -1.306744e-02 3.526141e+01 4.501015e-04 9.999801e-01 -6.294375e-03 -6.297090e-01 1.307050e-02 6.287951e-03 9.998947e-01 1.061858e+01
9.999350e-01 -8.185823e-05 1.139681e-02 3.557530e+01 1.914873e-05 9.999849e-01 5.502304e-03 -6.356991e-01 -1.139712e-02 -5.501732e-03 9.999198e-01 1.064819e+01
9.998908e-01 -5.251666e-04 -1.476823e-02 3.601992e+01 4.367796e-04 9.999820e-01 -5.987494e-03 -6.422475e-01 1.477107e-02 5.980386e-03 9.998729e-01 1.069344e+01
9.999296e-01 1.291523e-04 1.186377e-02 3.616332e+01 -1.972327e-04 9.999835e-01 5.737454e-03 -6.455443e-01 -1.186287e-02 -5.739394e-03 9.999131e-01 1.081691e+01
9.998929e-01 -5.335559e-04 -1.462724e-02 3.636390e+01 4.474501e-04 9.999826e-01 -5.889271e-03 -6.491864e-01 1.463009e-02 5.882091e-03 9.998756e-01 1.091640e+01
9.999582e-01 -5.231213e-04 9.124265e-03 3.746343e+01 4.861955e-04 9.999917e-01 4.048646e-03 -6.631737e-01 -9.126343e-03 -4.044045e-03 9.999501e-01 1.081560e+01
9.999155e-01 5.477938e-05 -1.299600e-02 3.787394e+01 -1.164935e-04 9.999887e-01 -4.747938e-03 -6.694493e-01 1.299556e-02 4.749046e-03 9.999042e-01 1.088533e+01
9.999742e-01 -1.961153e-04 7.178899e-03 3.816872e+01 1.608503e-04 9.999879e-01 4.912430e-03 -6.725810e-01 -7.179812e-03 -4.911153e-03 9.999621e-01 1.109924e+01
9.999506e-01 3.789764e-04 -9.933884e-03 3.809264e+01 -4.240043e-04 9.999896e-01 -4.530969e-03 -6.733143e-01 9.932027e-03 4.534953e-03 9.999403e-01 1.131394e+01
9.999610e-01 -6.699160e-04 8.807243e-03 3.812562e+01 6.303711e-04 9.999897e-01 4.491949e-03 -6.759885e-01 -8.810199e-03 -4.486226e-03 9.999510e-01 1.146055e+01
9.999536e-01 3.211940e-04 -9.631202e-03 3.816606e+01 -3.650102e-04 9.999896e-01 -4.547918e-03 -6.790608e-01 9.629603e-03 4.551218e-03 9.999432e-01 1.160263e+01
9.999713e-01 -4.358306e-04 7.561197e-03 3.813217e+01 3.994029e-04 9.999883e-01 4.818432e-03 -6.807639e-01 -7.563246e-03 -4.815278e-03 9.999597e-01 1.178830e+01
9.999526e-01 4.622479e-04 -9.724870e-03 3.806709e+01 -5.057938e-04 9.999899e-01 -4.475727e-03 -6.817086e-01 9.722664e-03 4.480430e-03 9.999426e-01 1.196361e+01
9.999682e-01 -6.448488e-04 7.944697e-03 3.804260e+01 6.082244e-04 9.999892e-01 4.611363e-03 -6.836001e-01 -7.947623e-03 -4.606389e-03 9.999577e-01 1.214416e+01
9.999464e-01 6.825090e-04 -1.032825e-02 3.798553e+01 -7.264637e-04 9.999907e-01 -4.252561e-03 -6.847472e-01 1.032521e-02 4.259832e-03 9.999375e-01 1.233137e+01
9.999666e-01 -6.962996e-04 8.143043e-03 3.791881e+01 6.586631e-04 9.999891e-01 4.623583e-03 -6.856622e-01 -8.146212e-03 -4.618069e-03 9.999561e-01 1.250685e+01
9.999454e-01 6.325482e-04 -1.043317e-02 3.786076e+01 -6.779132e-04 9.999903e-01 -4.345126e-03 -6.868591e-01 1.043028e-02 4.351957e-03 9.999360e-01 1.267481e+01
9.999764e-01 -4.884111e-04 6.853874e-03 3.777863e+01 4.553646e-04 9.999883e-01 4.822182e-03 -6.871516e-01 -6.856188e-03 -4.818951e-03 9.999648e-01 1.290693e+01
9.999435e-01 8.957927e-04 -1.059003e-02 3.768852e+01 -9.416764e-04 9.999902e-01 -4.328468e-03 -6.874430e-01 1.058601e-02 4.338192e-03 9.999345e-01 1.317804e+01
9.999731e-01 -5.650947e-04 7.318031e-03 3.760136e+01 5.298934e-04 9.999883e-01 4.811143e-03 -6.880826e-01 -7.320704e-03 -4.807139e-03 9.999616e-01 1.343788e+01
9.999299e-01 1.151988e-03 -1.178127e-02 3.750052e+01 -1.202286e-03 9.999902e-01 -4.263112e-03 -6.881035e-01 1.177620e-02 4.276974e-03 9.999214e-01 1.375351e+01
9.999711e-01 -6.603180e-04 7.570802e-03 3.740247e+01 6.242361e-04 9.999884e-01 4.767187e-03 -6.882254e-01 -7.573903e-03 -4.762327e-03 9.999599e-01 1.405179e+01
9.999314e-01 1.120802e-03 -1.165480e-02 3.730471e+01 -1.170914e-03 9.999901e-01 -4.293719e-03 -6.883702e-01 1.164983e-02 4.307067e-03 9.999228e-01 1.433874e+01
9.999662e-01 -7.088348e-04 8.189704e-03 3.721437e+01 6.697350e-04 9.999884e-01 4.775898e-03 -6.889035e-01 -8.193035e-03 -4.770256e-03 9.999550e-01 1.461298e+01
9.999400e-01 9.140016e-04 -1.091846e-02 3.713672e+01 -9.619540e-04 9.999899e-01 -4.387360e-03 -6.897191e-01 1.091430e-02 4.397596e-03 9.999307e-01 1.483494e+01
9.999602e-01 -8.706346e-04 8.884136e-03 3.706821e+01 8.282356e-04 9.999883e-01 4.774898e-03 -6.908600e-01 -8.888230e-03 -4.767353e-03 9.999490e-01 1.502294e+01
9.999302e-01 1.185908e-03 -1.175493e-02 3.698687e+01 -1.237009e-03 9.999898e-01 -4.340781e-03 -6.916562e-01 1.174963e-02 4.355015e-03 9.999214e-01 1.526561e+01
9.999578e-01 -9.205205e-04 9.142422e-03 3.691030e+01 8.768864e-04 9.999882e-01 4.775475e-03 -6.926761e-01 -9.146752e-03 -4.767260e-03 9.999467e-01 1.550902e+01
9.999288e-01 1.192592e-03 -1.187092e-02 3.683098e+01 -1.244268e-03 9.999898e-01 -4.346625e-03 -6.935919e-01 1.186558e-02 4.361083e-03 9.999200e-01 1.574391e+01
9.999631e-01 -8.901558e-04 8.544761e-03 3.674399e+01 8.493137e-04 9.999882e-01 4.782110e-03 -6.940953e-01 -8.548960e-03 -4.774680e-03 9.999520e-01 1.599509e+01
9.999419e-01 9.782414e-04 -1.073361e-02 3.667304e+01 -1.025886e-03 9.999896e-01 -4.434160e-03 -6.950907e-01 1.072911e-02 4.444911e-03 9.999325e-01 1.618615e+01
9.999592e-01 -1.031399e-03 8.970903e-03 3.661468e+01 9.890723e-04 9.999884e-01 4.721260e-03 -6.964610e-01 -8.975711e-03 -4.712198e-03 9.999485e-01 1.634864e+01
9.999442e-01 9.517061e-04 -1.052064e-02 3.655601e+01 -9.978537e-04 9.999899e-01 -4.381942e-03 -6.978478e-01 1.051632e-02 4.392193e-03 9.999350e-01 1.650293e+01
9.999592e-01 -9.968233e-04 8.974585e-03 3.649551e+01 9.545717e-04 9.999884e-01 4.710872e-03 -6.991936e-01 -8.979221e-03 -4.702117e-03 9.999485e-01 1.666230e+01
9.999478e-01 8.567681e-04 -1.018523e-02 3.644096e+01 -9.019153e-04 9.999898e-01 -4.428785e-03 -7.007880e-01 1.018129e-02 4.437737e-03 9.999382e-01 1.679881e+01
9.999614e-01 -1.002052e-03 8.723276e-03 3.638291e+01 9.608620e-04 9.999884e-01 4.724693e-03 -7.020621e-01 -8.727953e-03 -4.716133e-03 9.999507e-01 1.693888e+01
9.999511e-01 8.801031e-04 -9.848703e-03 3.632807e+01 -9.235166e-04 9.999899e-01 -4.404299e-03 -7.036710e-01 9.844683e-03 4.413176e-03 9.999417e-01 1.707663e+01
9.999703e-01 -8.751014e-04 7.662653e-03 3.625718e+01 8.387542e-04 9.999884e-01 4.745242e-03 -7.046808e-01 -7.666761e-03 -4.738678e-03 9.999593e-01 1.725930e+01
9.999460e-01 1.059710e-03 -1.033385e-02 3.618081e+01 -1.104406e-03 9.999901e-01 -4.320362e-03 -7.054811e-01 1.032912e-02 4.331538e-03 9.999372e-01 1.747684e+01
9.999643e-01 -9.798971e-04 8.386590e-03 3.611555e+01 9.408783e-04 9.999887e-01 4.655103e-03 -7.066782e-01 -8.391101e-03 -4.647050e-03 9.999539e-01 1.767023e+01
9.999534e-01 8.620494e-04 -9.616213e-03 3.606007e+01 -9.040838e-04 9.999901e-01 -4.367647e-03 -7.082484e-01 9.612308e-03 4.376134e-03 9.999441e-01 1.780884e+01
9.999657e-01 -9.920350e-04 8.227833e-03 3.600093e+01 9.536087e-04 9.999886e-01 4.672796e-03 -7.096271e-01 -8.232420e-03 -4.664792e-03 9.999551e-01 1.795271e+01
9.999447e-01 9.890506e-04 -1.046986e-02 3.593064e+01 -1.034412e-03 9.999901e-01 -4.327949e-03 -7.105622e-01 1.046543e-02 4.338537e-03 9.999357e-01 1.813228e+01
9.999695e-01 -9.165903e-04 7.759999e-03 3.585737e+01 8.802092e-04 9.999886e-01 4.690298e-03 -7.111808e-01 -7.764255e-03 -4.683328e-03 9.999588e-01 1.832709e+01
9.999595e-01 7.805930e-04 -8.965461e-03 3.580153e+01 -8.199478e-04 9.999900e-01 -4.386700e-03 -7.126397e-01 8.961903e-03 4.393870e-03 9.999501e-01 1.846265e+01
9.999696e-01 -8.831716e-04 7.749315e-03 3.574656e+01 8.467588e-04 9.999886e-01 4.700763e-03 -7.142503e-01 -7.753423e-03 -4.694061e-03 9.999588e-01 1.861195e+01
9.999519e-01 8.697930e-04 -9.771262e-03 3.567877e+01 -9.125640e-04 9.999900e-01 -4.373561e-03 -7.153659e-01 9.767315e-03 4.382265e-03 9.999426e-01 1.878644e+01
9.999846e-01 -4.689857e-04 5.526359e-03 3.558455e+01 4.421105e-04 9.999881e-01 4.863158e-03 -7.153366e-01 -5.528620e-03 -4.860643e-03 9.999728e-01 1.906643e+01
9.999604e-01 7.424489e-04 -8.865932e-03 3.550320e+01 -7.818777e-04 9.999898e-01 -4.444521e-03 -7.157219e-01 8.862495e-03 4.451274e-03 9.999507e-01 1.930180e+01
9.999794e-01 -6.143647e-04 6.384365e-03 3.542910e+01 5.834073e-04 9.999881e-01 4.849544e-03 -7.166274e-01 -6.387315e-03 -4.845723e-03 9.999678e-01 1.950840e+01
9.999552e-01 9.298988e-04 -9.419775e-03 3.534728e+01 -9.713564e-04 9.999899e-01 -4.397453e-03 -7.173036e-01 9.415543e-03 4.406403e-03 9.999459e-01 1.975240e+01
9.999768e-01 -6.937196e-04 6.773038e-03 3.526946e+01 6.611365e-04 9.999882e-01 4.811654e-03 -7.182093e-01 -6.776343e-03 -4.807068e-03 9.999654e-01 1.998001e+01
9.999585e-01 8.827050e-04 -9.068927e-03 3.519801e+01 -9.228099e-04 9.999898e-01 -4.418943e-03 -7.192724e-01 9.064887e-03 4.427125e-03 9.999490e-01 2.019000e+01
9.999747e-01 -7.670666e-04 7.066480e-03 3.513090e+01 7.331799e-04 9.999882e-01 4.796646e-03 -7.205422e-01 -7.070123e-03 -4.791347e-03 9.999634e-01 2.039533e+01
9.999587e-01 7.394729e-04 -9.055436e-03 3.508478e+01 -7.811406e-04 9.999891e-01 -4.598670e-03 -7.221366e-01 9.051890e-03 4.605551e-03 9.999483e-01 2.058647e+01
9.999752e-01 -6.697132e-04 7.003757e-03 3.501744e+01 6.348549e-04 9.999874e-01 4.978011e-03 -7.232469e-01 -7.007051e-03 -4.973444e-03 9.999630e-01 2.077440e+01
9.999664e-01 5.369314e-04 -8.185152e-03 3.496557e+01 -5.756714e-04 9.999886e-01 -4.731279e-03 -7.248667e-01 8.182471e-03 4.735829e-03 9.999552e-01 2.092060e+01
9.999747e-01 -7.186677e-04 7.072642e-03 3.491195e+01 6.830674e-04 9.999871e-01 5.034535e-03 -7.264586e-01 -7.076216e-03 -5.029580e-03 9.999622e-01 2.105048e+01
9.999641e-01 4.099695e-04 -8.460804e-03 3.494466e+01 -4.526231e-04 9.999872e-01 -5.039945e-03 -7.288610e-01 8.458582e-03 5.043591e-03 9.999514e-01 2.117156e+01
9.999724e-01 -7.736149e-04 7.385897e-03 3.499482e+01 7.354556e-04 9.999864e-01 5.167720e-03 -7.317177e-01 -7.389842e-03 -5.162148e-03 9.999593e-01 2.129628e+01
9.999491e-01 9.015470e-04 -1.004897e-02 3.491695e+01 -9.494472e-04 9.999882e-01 -4.762869e-03 -7.325625e-01 1.004451e-02 4.772165e-03 9.999381e-01 2.150969e+01
9.999833e-01 -5.630808e-04 5.755027e-03 3.481966e+01 5.330763e-04 9.999863e-01 5.213681e-03 -7.324632e-01 -5.757932e-03 -5.210529e-03 9.999698e-01 2.178289e+01
9.999587e-01 7.051630e-04 -9.057982e-03 3.473777e+01 -7.491376e-04 9.999879e-01 -4.852263e-03 -7.327499e-01 9.054403e-03 4.858846e-03 9.999471e-01 2.199869e+01
9.999817e-01 -8.155158e-04 6.001684e-03 3.466331e+01 7.845166e-04 9.999864e-01 5.165499e-03 -7.331088e-01 -6.005864e-03 -5.160698e-03 9.999686e-01 2.218305e+01
9.999624e-01 6.055719e-04 -8.655515e-03 3.468592e+01 -6.485868e-04 9.999875e-01 -4.967652e-03 -7.345534e-01 8.652349e-03 4.973076e-03 9.999501e-01 2.233332e+01
9.999698e-01 -1.122262e-03 7.689732e-03 3.481768e+01 1.084627e-03 9.999874e-01 4.896493e-03 -7.384986e-01 -7.695180e-03 -4.888007e-03 9.999584e-01 2.243314e+01
9.999618e-01 -6.608155e-05 -8.743865e-03 3.562300e+01 7.867027e-06 9.999778e-01 -6.657566e-03 -7.510044e-01 8.744061e-03 6.657240e-03 9.999395e-01 2.221698e+01
9.999879e-01 -2.742516e-03 4.081341e-03 3.756205e+01 2.729711e-03 9.999913e-01 3.139640e-03 -7.760551e-01 -4.089966e-03 -3.128464e-03 9.999866e-01 2.173318e+01
9.999854e-01 3.248789e-04 -5.399654e-03 3.880034e+01 -3.531435e-04 9.999862e-01 -5.234267e-03 -7.932906e-01 5.397829e-03 5.236094e-03 9.999716e-01 2.133152e+01
9.999887e-01 -2.310839e-03 4.154559e-03 3.995721e+01 2.299726e-03 9.999938e-01 2.677446e-03 -8.101089e-01 -4.160770e-03 -2.667865e-03 9.999877e-01 2.104789e+01
9.999899e-01 2.351299e-04 -4.478994e-03 4.091271e+01 -2.557372e-04 9.999894e-01 -4.600695e-03 -8.243240e-01 4.477815e-03 4.601791e-03 9.999793e-01 2.074178e+01
9.999269e-01 -2.407084e-03 -1.184685e-02 4.419387e+01 2.376212e-03 9.999937e-01 -2.619254e-03 -8.628205e-01 1.185303e-02 2.590908e-03 9.999263e-01 2.051395e+01
9.999388e-01 -5.302938e-04 -1.104950e-02 4.842887e+01 4.904701e-04 9.999934e-01 -3.606406e-03 -9.080360e-01 1.105129e-02 3.600762e-03 9.999324e-01 2.009569e+01
9.999966e-01 -2.063966e-03 -1.602098e-03 5.152478e+01 2.060838e-03 9.999960e-01 -1.950338e-03 -9.443767e-01 1.606063e-03 1.947025e-03 9.999967e-01 1.963857e+01
9.998896e-01 -1.722982e-03 -1.475625e-02 5.551984e+01 1.658300e-03 9.999890e-01 -4.394368e-03 -9.898730e-01 1.476360e-02 4.369407e-03 9.998814e-01 1.891939e+01
9.999696e-01 -1.173699e-03 7.713392e-03 5.765287e+01 1.164531e-03 9.999986e-01 1.192705e-03 -1.015674e+00 -7.714838e-03 -1.183692e-03 9.999694e-01 1.846264e+01
9.997752e-01 1.048695e-03 -2.117698e-02 5.880060e+01 -1.096544e-03 9.999969e-01 -2.247935e-03 -1.027173e+00 2.117450e-02 2.270645e-03 9.997731e-01 1.867820e+01
9.999082e-01 -4.422751e-04 1.353993e-02 5.878642e+01 4.066169e-04 9.999964e-01 2.636058e-03 -1.025734e+00 -1.354110e-02 -2.630317e-03 9.999048e-01 1.898427e+01
9.999135e-01 -1.974976e-03 -1.300602e-02 5.982698e+01 1.907446e-03 9.999846e-01 -5.202459e-03 -1.039918e+00 1.301604e-02 5.177195e-03 9.999018e-01 1.851847e+01
9.999259e-01 -7.709528e-04 1.214870e-02 6.098721e+01 7.431876e-04 9.999971e-01 2.289625e-03 -1.056042e+00 -1.215049e-02 -2.280432e-03 9.999235e-01 1.799634e+01
9.999262e-01 -4.508839e-04 -1.213654e-02 6.146334e+01 4.096886e-04 9.999941e-01 -3.396448e-03 -1.064588e+00 1.213794e-02 3.391219e-03 9.999205e-01 1.789735e+01
9.999293e-01 -4.615984e-04 1.188442e-02 6.179798e+01 4.292478e-04 9.999962e-01 2.724341e-03 -1.071571e+00 -1.188569e-02 -2.719053e-03 9.999256e-01 1.785068e+01
9.999031e-01 4.448744e-05 -1.392344e-02 6.194413e+01 -8.344026e-05 9.999961e-01 -2.796944e-03 -1.075957e+00 1.392321e-02 2.797829e-03 9.998991e-01 1.792302e+01
9.999983e-01 9.082836e-05 1.835768e-03 6.206010e+01 -9.493215e-05 9.999975e-01 2.234376e-03 -1.074735e+00 -1.835620e-03 -2.234552e-03 9.999957e-01 1.836657e+01
9.998987e-01 2.059588e-04 -1.423297e-02 6.262093e+01 -2.394898e-04 9.999972e-01 -2.354069e-03 -1.077615e+00 1.423239e-02 2.357233e-03 9.998958e-01 1.870300e+01
9.999919e-01 -9.940043e-04 -3.903338e-03 6.487256e+01 9.830380e-04 9.999956e-01 -2.809834e-03 -1.102174e+00 3.906052e-03 2.805968e-03 9.999883e-01 1.884104e+01
9.999040e-01 -2.009521e-04 -1.385448e-02 6.730895e+01 1.978499e-04 1.000000e+00 -2.251149e-04 -1.127193e+00 1.385447e-02 2.223455e-04 9.999039e-01 1.882631e+01
9.999692e-01 -2.498145e-04 7.848800e-03 6.806968e+01 2.537176e-04 9.999998e-01 -4.965957e-04 -1.136870e+00 -7.848738e-03 4.985650e-04 9.999690e-01 1.883208e+01
9.999360e-01 3.210697e-04 -1.130435e-02 6.799792e+01 -3.122976e-04 9.999996e-01 7.779597e-04 -1.137230e+00 1.130453e-02 -7.743864e-04 9.999357e-01 1.903065e+01
9.999880e-01 2.720729e-05 4.897733e-03 6.787691e+01 -2.587802e-05 1.000000e+00 -2.719665e-04 -1.135982e+00 -4.897805e-03 2.718298e-04 9.999879e-01 1.935804e+01
9.999049e-01 7.537978e-04 -1.377290e-02 6.772880e+01 -7.418408e-04 9.999993e-01 8.734141e-04 -1.133084e+00 1.377348e-02 -8.631204e-04 9.999047e-01 1.978610e+01
9.999835e-01 -1.399298e-04 5.749179e-03 6.758969e+01 1.417048e-04 9.999999e-01 -3.087531e-04 -1.130742e+00 -5.749201e-03 3.095561e-04 9.999833e-01 2.017921e+01
9.998809e-01 9.589899e-04 -1.540045e-02 6.742896e+01 -9.443105e-04 9.999991e-01 9.605834e-04 -1.127606e+00 1.540129e-02 -9.459329e-04 9.998809e-01 2.064068e+01
9.999880e-01 -9.744922e-06 4.896504e-03 6.725863e+01 1.110441e-05 1.000000e+00 -2.781309e-04 -1.123933e+00 -4.896569e-03 2.781754e-04 9.999879e-01 2.113818e+01
9.998972e-01 7.932476e-04 -1.431443e-02 6.710363e+01 -7.811469e-04 9.999993e-01 8.510968e-04 -1.120797e+00 1.431502e-02 -8.398342e-04 9.998971e-01 2.158414e+01
9.999909e-01 6.347342e-05 4.254790e-03 6.694434e+01 -6.206797e-05 9.999999e-01 -3.310554e-04 -1.117237e+00 -4.254880e-03 3.307818e-04 9.999908e-01 2.204713e+01
9.999117e-01 6.516046e-04 -1.326899e-02 6.679458e+01 -6.401126e-04 9.999994e-01 8.705071e-04 -1.114323e+00 1.326948e-02 -8.619431e-04 9.999115e-01 2.247377e+01
9.999996e-01 6.046922e-04 5.551281e-04 6.663864e+01 -6.044807e-04 9.999997e-01 -3.858739e-04 -1.109502e+00 -5.554316e-04 3.855317e-04 9.999997e-01 2.301948e+01
9.999163e-01 5.506298e-04 -1.292846e-02 6.645212e+01 -5.378358e-04 9.999994e-01 9.932611e-04 -1.104705e+00 1.292893e-02 -9.862309e-04 9.999158e-01 2.358198e+01
9.999970e-01 3.351505e-04 2.430074e-03 6.628785e+01 -3.340251e-04 9.999998e-01 -4.646063e-04 -1.100977e+00 -2.430301e-03 4.637868e-04 9.999969e-01 2.406476e+01
9.997958e-01 1.240878e-03 -2.016855e-02 6.608965e+01 -1.224020e-03 9.999989e-01 8.482977e-04 -1.093307e+00 2.016950e-02 -8.234443e-04 9.997962e-01 2.480490e+01
9.999997e-01 6.494543e-04 3.200122e-04 6.600686e+01 -6.492846e-04 9.999996e-01 -5.388952e-04 -1.085174e+00 -3.204365e-04 5.386809e-04 9.999997e-01 2.557548e+01
9.998113e-01 1.365247e-03 -1.937719e-02 6.586909e+01 -1.345076e-03 9.999985e-01 1.054092e-03 -1.077194e+00 1.937853e-02 -1.027836e-03 9.998116e-01 2.633259e+01
9.999902e-01 -2.238042e-06 4.434193e-03 6.565227e+01 4.212683e-06 9.999999e-01 -4.459771e-04 -1.071110e+00 -4.434269e-03 4.459850e-04 9.999900e-01 2.700006e+01
9.998204e-01 1.540770e-03 -1.888713e-02 6.545241e+01 -1.522271e-03 9.999983e-01 9.939584e-04 -1.064722e+00 1.888855e-02 -9.650350e-04 9.998210e-01 2.762944e+01
9.999444e-01 -8.751582e-04 1.050523e-02 6.531296e+01 8.803652e-04 9.999995e-01 -4.913323e-04 -1.062001e+00 -1.050487e-02 5.005471e-04 9.999446e-01 2.802860e+01
9.996616e-01 9.111719e-04 -2.599654e-02 6.659900e+01 -9.677743e-04 9.999972e-01 -2.164693e-03 -1.075376e+00 2.599442e-02 2.189112e-03 9.996596e-01 2.818732e+01
9.999513e-01 -1.620015e-03 9.734385e-03 6.856851e+01 1.644152e-03 9.999956e-01 -2.472431e-03 -1.097807e+00 -9.730416e-03 2.488309e-03 9.999495e-01 2.829665e+01
9.994502e-01 3.276056e-03 -3.299253e-02 6.904556e+01 -3.184035e-03 9.999909e-01 2.841412e-03 -1.094557e+00 3.300145e-02 -2.734807e-03 9.994515e-01 2.904266e+01
9.999689e-01 -1.279821e-03 7.778482e-03 6.881061e+01 1.300558e-03 9.999956e-01 -2.661945e-03 -1.082977e+00 -7.775123e-03 2.671972e-03 9.999661e-01 3.007416e+01
9.994274e-01 4.566794e-03 -3.352543e-02 6.876248e+01 -4.449947e-03 9.999838e-01 3.559206e-03 -1.072391e+00 3.354106e-02 -3.407989e-03 9.994315e-01 3.105714e+01
9.998380e-01 -2.831946e-03 1.777296e-02 6.853611e+01 2.881099e-03 9.999921e-01 -2.740821e-03 -1.065567e+00 -1.776515e-02 2.791576e-03 9.998382e-01 3.175801e+01
9.995619e-01 3.881594e-03 -2.934205e-02 6.835663e+01 -3.783943e-03 9.999871e-01 3.382942e-03 -1.061208e+00 2.935471e-02 -3.270438e-03 9.995636e-01 3.228304e+01
9.999538e-01 -2.366303e-03 9.315607e-03 6.821377e+01 2.396612e-03 9.999919e-01 -3.244150e-03 -1.053294e+00 -9.307941e-03 3.266320e-03 9.999513e-01 3.309400e+01
9.990796e-01 4.156266e-03 -4.269225e-02 6.872155e+01 -4.050974e-03 9.999885e-01 2.552615e-03 -1.046824e+00 4.270228e-02 -2.377327e-03 9.990849e-01 3.423618e+01
9.999535e-01 -5.554031e-04 9.620804e-03 6.879090e+01 5.729541e-04 9.999982e-01 -1.822066e-03 -1.033869e+00 -9.619864e-03 1.827486e-03 9.999520e-01 3.545280e+01
9.992294e-01 3.756921e-03 -3.906988e-02 6.842618e+01 -3.657961e-03 9.999899e-01 2.604188e-03 -1.019259e+00 3.907918e-02 -2.459273e-03 9.992330e-01 3.667848e+01
