9.999972e-01 -1.518259e-04 -2.379652e-03 -1.848249e-02 1.537634e-04 9.999997e-01 8.140188e-04 -2.481456e-02 2.379527e-03 -8.143819e-04 9.999967e-01 1.129644e+00
9.999998e-01 4.845525e-05 -6.423390e-04 -3.280085e-02 -4.846279e-05 1.000000e+00 -1.175053e-05 -4.893522e-02 6.423380e-04 1.178230e-05 9.999997e-01 2.214219e+00
9.999997e-01 -1.699007e-04 -8.049301e-04 -4.332923e-02 1.704390e-04 9.999998e-01 6.687186e-04 -7.234631e-02 8.048157e-04 -6.688549e-04 9.999994e-01 3.253756e+00
9.999999e-01 2.129084e-05 4.720180e-04 -5.345590e-02 -2.126072e-05 1.000000e+00 -6.378195e-05 -9.638505e-02 -4.720200e-04 6.377267e-05 9.999998e-01 4.335068e+00
9.999992e-01 -1.483237e-04 1.227959e-03 -5.802537e-02 1.477777e-04 9.999999e-01 4.447574e-04 -1.193176e-01 -1.228025e-03 -4.445748e-04 9.999990e-01 5.351683e+00
9.999937e-01 -4.176786e-05 3.558538e-03 -5.645396e-02 4.286401e-05 1.000000e+00 -3.079508e-04 -1.411315e-01 -3.558525e-03 3.081022e-04 9.999935e-01 6.307573e+00
9.999992e-01 -1.649181e-05 -1.244868e-03 -5.783388e-02 1.718897e-05 9.999998e-01 5.600010e-04 -1.628519e-01 1.244859e-03 -5.600211e-04 9.999990e-01 7.252619e+00
9.999888e-01 -1.064135e-04 4.738357e-03 -5.522132e-02 1.083436e-04 9.999999e-01 -4.070771e-04 -1.836709e-01 -4.738313e-03 4.075867e-04 9.999886e-01 8.140228e+00
9.999966e-01 3.691195e-05 2.589405e-03 -4.527547e-02 -3.777776e-05 9.999999e-01 3.343264e-04 -2.031199e-01 -2.589391e-03 -3.344223e-04 9.999965e-01 8.941995e+00
9.999979e-01 -1.702437e-04 2.030301e-03 -4.326173e-02 1.707428e-04 1.000000e+00 -2.456489e-04 -2.233820e-01 -2.030258e-03 2.459959e-04 9.999978e-01 9.797010e+00
9.999859e-01 1.521575e-05 5.317190e-03 -3.753139e-02 -1.638915e-05 1.000000e+00 2.206382e-04 -2.439343e-01 -5.317184e-03 -2.207213e-04 9.999857e-01 1.067558e+01
9.999982e-01 -6.085958e-05 -1.910938e-03 -3.542199e-02 6.073876e-05 1.000000e+00 -6.328682e-05 -2.649552e-01 1.910944e-03 6.317151e-05 9.999981e-01 1.157840e+01
9.999846e-01 -5.003910e-05 5.542911e-03 -3.323864e-02 4.873316e-05 1.000000e+00 2.357418e-04 -2.862849e-01 -5.542920e-03 -2.354671e-04 9.999845e-01 1.250288e+01
9.999812e-01 -4.958485e-05 6.123890e-03 -1.226932e-02 5.279241e-05 9.999999e-01 -5.236166e-04 -3.049553e-01 -6.123859e-03 5.239309e-04 9.999810e-01 1.325726e+01
9.999825e-01 7.600183e-05 5.909100e-03 7.916125e-03 -7.719788e-05 1.000000e+00 2.021800e-04 -3.226294e-01 -5.909079e-03 -2.026318e-04 9.999824e-01 1.395561e+01
9.999915e-01 -7.084303e-05 -4.129507e-03 3.085269e-03 7.099878e-05 1.000000e+00 3.757250e-05 -3.432363e-01 4.129510e-03 -3.786452e-05 9.999914e-01 1.483312e+01
9.999708e-01 -3.931166e-05 7.640601e-03 1.791893e-03 3.830129e-05 1.000000e+00 1.323831e-04 -3.642314e-01 -7.640600e-03 -1.320857e-04 9.999707e-01 1.573841e+01
9.999993e-01 -4.130713e-05 1.167120e-03 1.215365e-02 4.161564e-05 1.000000e+00 -2.643280e-04 -3.833262e-01 -1.167102e-03 2.643773e-04 9.999992e-01 1.652231e+01
9.999908e-01 1.015915e-06 4.286113e-03 1.774499e-02 -2.129294e-06 1.000000e+00 2.597570e-04 -4.028510e-01 -4.286105e-03 -2.597629e-04 9.999907e-01 1.732963e+01
9.999944e-01 -7.831913e-05 3.336464e-03 2.691959e-02 7.964549e-05 9.999999e-01 -3.974100e-04 -4.210335e-01 -3.336424e-03 3.976744e-04 9.999943e-01 1.805357e+01
9.996951e-01 -2.517683e-05 2.469132e-02 5.574087e-02 4.255467e-05 9.999998e-01 -7.032792e-04 -4.338312e-01 -2.469128e-02 7.041162e-04 9.996948e-01 1.850020e+01
9.999204e-01 1.457812e-04 -1.261432e-02 7.650345e-02 -1.414674e-04 9.999999e-01 3.428669e-04 -4.505853e-01 1.261438e-02 -3.410544e-04 9.999203e-01 1.913897e+01
9.998971e-01 -1.444772e-04 1.434312e-02 7.135976e-02 1.460773e-04 1.000000e+00 -1.105156e-04 -4.709095e-01 -1.434309e-02 1.126001e-04 9.998970e-01 1.999826e+01
9.999161e-01 1.419355e-04 -1.295628e-02 6.459283e-02 -1.366773e-04 9.999999e-01 4.067281e-04 -4.915854e-01 1.295634e-02 -4.049224e-04 9.999159e-01 2.087988e+01
9.999041e-01 -1.683609e-04 1.384779e-02 5.290244e-02 1.685912e-04 1.000000e+00 -1.546561e-05 -5.129153e-01 -1.384778e-02 1.779953e-05 9.999040e-01 2.180399e+01
9.999197e-01 1.592641e-04 -1.267283e-02 3.988783e-02 -1.542561e-04 9.999999e-01 3.961567e-04 -5.342946e-01 1.267290e-02 -3.941692e-04 9.999195e-01 2.273721e+01
9.998835e-01 -1.373356e-04 1.526453e-02 3.802439e-02 1.415216e-04 1.000000e+00 -2.731514e-04 -5.535429e-01 -1.526448e-02 2.752806e-04 9.998834e-01 2.353308e+01
9.999314e-01 1.379700e-04 -1.171151e-02 3.768783e-02 -1.338994e-04 9.999999e-01 3.483597e-04 -5.729046e-01 1.171157e-02 -3.467668e-04 9.999313e-01 2.433545e+01
9.999141e-01 -1.263080e-04 1.310429e-02 2.752410e-02 1.270152e-04 1.000000e+00 -5.313487e-05 -5.932703e-01 -1.310427e-02 5.479562e-05 9.999140e-01 2.520292e+01
9.999210e-01 1.145289e-04 -1.256738e-02 1.138516e-02 -1.079408e-04 9.999999e-01 5.249002e-04 -6.151310e-01 1.256746e-02 -5.235013e-04 9.999208e-01 2.616563e+01
9.999241e-01 -1.814395e-04 1.231848e-02 -7.234592e-03 1.806076e-04 1.000000e+00 6.864108e-05 -6.381409e-01 -1.231848e-02 -6.641008e-05 9.999240e-01 2.719496e+01
9.999284e-01 1.632223e-04 -1.196840e-02 -2.266233e-02 -1.584018e-04 9.999999e-01 4.037194e-04 -6.597760e-01 1.196848e-02 -4.017937e-04 9.999282e-01 2.814012e+01
9.999178e-01 -1.849464e-04 1.281864e-02 -3.930936e-02 1.842239e-04 1.000000e+00 5.753968e-05 -6.817663e-01 -1.281863e-02 -5.517239e-05 9.999177e-01 2.911479e+01
9.999226e-01 1.676186e-04 -1.243777e-02 -5.636520e-02 -1.621120e-04 9.999999e-01 4.437458e-04 -7.039588e-01 1.243786e-02 -4.416940e-04 9.999224e-01 3.009855e+01
9.999211e-01 -2.316370e-04 1.256030e-02 -7.659225e-02 2.297790e-04 1.000000e+00 1.493620e-04 -7.270490e-01 -1.256032e-02 -1.464629e-04 9.999210e-01 3.113928e+01
9.999202e-01 1.626273e-04 -1.262950e-02 -9.941613e-02 -1.562823e-04 9.999999e-01 5.033831e-04 -7.510389e-01 1.262959e-02 -5.013679e-04 9.999200e-01 3.223806e+01
9.999205e-01 -2.445152e-04 1.260918e-02 -1.228163e-01 2.426006e-04 1.000000e+00 1.533662e-04 -7.751304e-01 -1.260921e-02 -1.502937e-04 9.999204e-01 3.334436e+01
9.999239e-01 2.401433e-04 -1.233054e-02 -1.474164e-01 -2.348648e-04 9.999999e-01 4.295355e-04 -7.978780e-01 1.233066e-02 -4.266055e-04 9.999238e-01 3.437413e+01
9.999231e-01 -3.079291e-04 1.239942e-02 -1.745093e-01 3.048719e-04 9.999999e-01 2.484467e-04 -8.222208e-01 -1.239948e-02 -2.446459e-04 9.999230e-01 3.550272e+01
9.999222e-01 2.189890e-04 -1.246804e-02 -2.063503e-01 -2.126366e-04 9.999998e-01 5.108250e-04 -8.478325e-01 1.246816e-02 -5.081327e-04 9.999220e-01 3.671502e+01
9.999204e-01 -2.725315e-04 1.261588e-02 -2.340059e-01 2.706153e-04 1.000000e+00 1.535915e-04 -8.719464e-01 -1.261590e-02 -1.501637e-04 9.999203e-01 3.783163e+01
9.999239e-01 2.561865e-04 -1.233094e-02 -2.658204e-01 -2.500145e-04 9.999998e-01 5.020737e-04 -8.957409e-01 1.233108e-02 -4.989510e-04 9.999237e-01 3.893593e+01
9.999188e-01 -2.723174e-04 1.274408e-02 -2.990207e-01 2.702429e-04 9.999999e-01 1.644991e-04 -9.197857e-01 -1.274411e-02 -1.610401e-04 9.999187e-01 4.006000e+01
9.999252e-01 1.996410e-04 -1.223317e-02 -3.288598e-01 -1.928216e-04 9.999998e-01 5.586388e-04 -9.452686e-01 1.223329e-02 -5.562364e-04 9.999249e-01 4.126950e+01
9.999176e-01 -2.482306e-04 1.283504e-02 -3.526091e-01 2.473733e-04 1.000000e+00 6.837403e-05 -9.692791e-01 -1.283504e-02 -6.519152e-05 9.999175e-01 4.238107e+01
9.999221e-01 2.329829e-04 -1.247767e-02 -3.785622e-01 -2.263447e-04 9.999998e-01 5.334199e-04 -9.923832e-01 1.247781e-02 -5.305522e-04 9.999219e-01 4.343504e+01
9.999212e-01 -2.408143e-04 1.254847e-02 -4.083944e-01 2.395250e-04 1.000000e+00 1.042373e-04 -1.015803e+00 -1.254849e-02 -1.012215e-04 9.999212e-01 4.451293e+01
9.999254e-01 2.472905e-04 -1.221221e-02 -4.359586e-01 -2.412434e-04 9.999998e-01 4.966484e-04 -1.038751e+00 1.221235e-02 -4.936632e-04 9.999252e-01 4.556000e+01
9.999190e-01 -2.882392e-04 1.272089e-02 -4.581649e-01 2.869180e-04 1.000000e+00 1.056818e-04 -1.062224e+00 -1.272091e-02 -1.020213e-04 9.999190e-01 4.663406e+01
9.999270e-01 3.051858e-04 -1.207722e-02 -4.790053e-01 -3.000851e-04 9.999999e-01 4.241641e-04 -1.084422e+00 1.207736e-02 -4.205068e-04 9.999269e-01 4.762977e+01
9.999222e-01 -3.219054e-04 1.246678e-02 -5.037586e-01 3.196580e-04 9.999999e-01 1.822474e-04 -1.107730e+00 -1.246682e-02 -1.782459e-04 9.999222e-01 4.869660e+01
9.999277e-01 3.282906e-04 -1.201702e-02 -5.262401e-01 -3.237117e-04 9.999999e-01 3.829917e-04 -1.130370e+00 1.201715e-02 -3.790718e-04 9.999276e-01 4.971966e+01
9.999183e-01 -3.122182e-04 1.277561e-02 -5.431655e-01 3.111007e-04 9.999999e-01 8.944294e-05 -1.152017e+00 -1.277562e-02 -8.545884e-05 9.999183e-01 5.067608e+01
9.999223e-01 3.242180e-04 -1.245893e-02 -5.651139e-01 -3.184522e-04 9.999998e-01 4.647795e-04 -1.174355e+00 1.245909e-02 -4.607735e-04 9.999222e-01 5.167788e+01
9.999167e-01 -3.856435e-04 1.290037e-02 -5.919289e-01 3.830038e-04 9.999999e-01 2.070760e-04 -1.198899e+00 -1.290043e-02 -2.021155e-04 9.999167e-01 5.282408e+01
9.999249e-01 2.969972e-04 -1.224837e-02 -6.132432e-01 -2.910811e-04 9.999998e-01 4.848086e-04 -1.224358e+00 1.224853e-02 -4.812044e-04 9.999248e-01 5.402319e+01
9.999183e-01 -3.416946e-04 1.277903e-02 -6.386474e-01 3.394616e-04 9.999999e-01 1.768926e-04 -1.248885e+00 -1.277907e-02 -1.725377e-04 9.999182e-01 5.516936e+01
9.999224e-01 3.097714e-04 -1.245181e-02 -6.709974e-01 -3.030311e-04 9.999998e-01 5.432130e-04 -1.273966e+00 1.245199e-02 -5.393949e-04 9.999222e-01 5.635621e+01
9.999208e-01 -3.937109e-04 1.257832e-02 -7.020111e-01 3.909312e-04 9.999999e-01 2.234372e-04 -1.299929e+00 -1.257839e-02 -2.184996e-04 9.999208e-01 5.759311e+01
9.999230e-01 3.235161e-04 -1.240234e-02 -7.356995e-01 -3.165986e-04 9.999998e-01 5.597335e-04 -1.326100e+00 1.240254e-02 -5.557611e-04 9.999228e-01 5.884753e+01
9.999172e-01 -3.220061e-04 1.286037e-02 -7.707668e-01 3.201514e-04 9.999999e-01 1.462658e-04 -1.350881e+00 -1.286041e-02 -1.421336e-04 9.999172e-01 6.002358e+01
9.999220e-01 3.545716e-04 -1.248467e-02 -8.054769e-01 -3.479388e-04 9.999998e-01 5.334594e-04 -1.375064e+00 1.248487e-02 -5.290709e-04 9.999218e-01 6.116108e+01
9.999175e-01 -3.919294e-04 1.283537e-02 -8.391141e-01 3.895173e-04 9.999999e-01 1.904094e-04 -1.400170e+00 -1.283543e-02 -1.853911e-04 9.999175e-01 6.235174e+01
9.999187e-01 3.190498e-04 -1.274637e-02 -8.806031e-01 -3.105603e-04 9.999997e-01 6.680256e-04 -1.427320e+00 1.274659e-02 -6.640097e-04 9.999184e-01 6.367623e+01
9.999163e-01 -4.310732e-04 1.293399e-02 -9.266333e-01 4.280146e-04 9.999999e-01 2.392309e-04 -1.455321e+00 -1.293408e-02 -2.336718e-04 9.999162e-01 6.506011e+01
9.999148e-01 2.933112e-04 -1.305106e-02 -9.866553e-01 -2.826401e-04 9.999996e-01 8.194951e-04 -1.485273e+00 1.305131e-02 -8.157333e-04 9.999144e-01 6.657812e+01
9.999154e-01 -4.534331e-04 1.299713e-02 -1.033117e+00 4.511632e-04 9.999999e-01 1.775652e-04 -1.514886e+00 -1.299719e-02 -1.716830e-04 9.999154e-01 6.806082e+01
9.999187e-01 3.578437e-04 -1.274507e-02 -1.064793e+00 -3.497006e-04 9.999997e-01 6.411700e-04 -1.541931e+00 1.274531e-02 -6.366575e-04 9.999185e-01 6.936852e+01
9.999163e-01 -5.152801e-04 1.292657e-02 -1.092360e+00 5.127554e-04 9.999998e-01 1.986060e-04 -1.569633e+00 -1.292665e-02 -1.919577e-04 9.999163e-01 7.070946e+01
9.999186e-01 3.609483e-04 -1.275557e-02 -1.118651e+00 -3.526958e-04 9.999997e-01 6.492352e-04 -1.597526e+00 1.275582e-02 -6.446799e-04 9.999183e-01 7.206064e+01
9.999207e-01 -5.162815e-04 1.258235e-02 -1.148104e+00 5.133297e-04 9.999998e-01 2.378063e-04 -1.625801e+00 -1.258245e-02 -2.313248e-04 9.999207e-01 7.343711e+01
9.999193e-01 3.933666e-04 -1.269434e-02 -1.175833e+00 -3.855970e-04 9.999997e-01 6.145105e-04 -1.653452e+00 1.269459e-02 -6.095623e-04 9.999191e-01 7.477344e+01
9.999197e-01 -5.172730e-04 1.266016e-02 -1.205962e+00 5.144612e-04 9.999998e-01 2.253363e-04 -1.680817e+00 -1.266026e-02 -2.188012e-04 9.999197e-01 7.609593e+01
9.999220e-01 3.844889e-04 -1.248511e-02 -1.242604e+00 -3.758329e-04 9.999997e-01 6.956670e-04 -1.709583e+00 1.248539e-02 -6.909165e-04 9.999217e-01 7.751643e+01
9.999204e-01 -5.544434e-04 1.260537e-02 -1.280542e+00 5.510913e-04 9.999998e-01 2.693792e-04 -1.739168e+00 -1.260551e-02 -2.624070e-04 9.999204e-01 7.898881e+01
9.999219e-01 4.205914e-04 -1.248953e-02 -1.309447e+00 -4.132143e-04 9.999997e-01 5.932592e-04 -1.767159e+00 1.248980e-02 -5.880479e-04 9.999217e-01 8.035061e+01
9.999193e-01 -5.498647e-04 1.269486e-02 -1.338011e+00 5.468003e-04 9.999998e-01 2.448329e-04 -1.794761e+00 -1.269498e-02 -2.378674e-04 9.999193e-01 8.168874e+01
9.999229e-01 4.525737e-04 -1.241023e-02 -1.365863e+00 -4.456909e-04 9.999997e-01 5.574008e-04 -1.821718e+00 1.241049e-02 -5.518224e-04 9.999227e-01 8.298695e+01
9.999211e-01 -5.635882e-04 1.254841e-02 -1.394500e+00 5.605466e-04 9.999998e-01 2.458806e-04 -1.848551e+00 -1.254853e-02 -2.388229e-04 9.999211e-01 8.427586e+01
9.999241e-01 4.420970e-04 -1.231602e-02 -1.425499e+00 -4.348500e-04 9.999997e-01 5.911194e-04 -1.875993e+00 1.231629e-02 -5.857144e-04 9.999239e-01 8.560622e+01
9.999203e-01 -4.617476e-04 1.261805e-02 -1.452130e+00 4.603531e-04 9.999999e-01 1.133953e-04 -1.901088e+00 -1.261809e-02 -1.075730e-04 9.999203e-01 8.678991e+01
9.999210e-01 4.955178e-04 -1.256188e-02 -1.478148e+00 -4.891341e-04 9.999997e-01 5.112763e-04 -1.924373e+00 1.256215e-02 -5.050869e-04 9.999209e-01 8.785645e+01
9.999209e-01 -3.980197e-04 1.256934e-02 -1.500816e+00 3.972224e-04 9.999999e-01 6.590554e-05 -1.946856e+00 -1.256935e-02 -6.090288e-05 9.999209e-01 8.887325e+01
9.999212e-01 4.937781e-04 -1.254728e-02 -1.522899e+00 -4.875726e-04 9.999998e-01 4.976471e-04 -1.969110e+00 1.254754e-02 -4.914855e-04 9.999211e-01 8.987329e+01
9.999161e-01 -4.361324e-04 1.294389e-02 -1.546301e+00 4.355785e-04 9.999999e-01 4.558705e-05 -1.991164e+00 -1.294390e-02 -3.994042e-05 9.999161e-01 9.086352e+01
9.999213e-01 4.352131e-04 -1.253665e-02 -1.572062e+00 -4.278391e-04 9.999997e-01 5.908981e-04 -2.014980e+00 1.253692e-02 -5.854832e-04 9.999211e-01 9.196485e+01
9.999139e-01 -4.543968e-04 1.311267e-02 -1.597516e+00 4.535425e-04 9.999999e-01 6.809886e-05 -2.039441e+00 -1.311269e-02 -6.214098e-05 9.999139e-01 9.310909e+01
9.999214e-01 4.672764e-04 -1.252642e-02 -1.619836e+00 -4.607966e-04 9.999998e-01 5.202006e-04 -2.062650e+00 1.252667e-02 -5.143827e-04 9.999213e-01 9.417101e+01
9.999162e-01 -4.497789e-04 1.294089e-02 -1.640895e+00 4.492979e-04 9.999999e-01 4.005035e-05 -2.085210e+00 -1.294089e-02 -3.422771e-05 9.999162e-01 9.518866e+01
9.999248e-01 4.550349e-04 -1.225559e-02 -1.666113e+00 -4.484469e-04 9.999998e-01 5.403283e-04 -2.108165e+00 1.225585e-02 -5.347866e-04 9.999247e-01 9.623759e+01
9.999187e-01 -4.876669e-04 1.273951e-02 -1.695142e+00 4.859076e-04 9.999999e-01 1.411670e-04 -2.132760e+00 -1.273956e-02 -1.349602e-04 9.999187e-01 9.739189e+01
9.999237e-01 4.966544e-04 -1.234504e-02 -1.722057e+00 -4.905905e-04 9.999998e-01 4.942509e-04 -2.156510e+00 1.234529e-02 -4.881517e-04 9.999236e-01 9.849177e+01
9.999239e-01 -4.283875e-04 1.233257e-02 -1.750520e+00 4.274611e-04 9.999999e-01 7.772552e-05 -2.178497e+00 -1.233259e-02 -7.244269e-05 9.999238e-01 9.947991e+01
9.999246e-01 4.925341e-04 -1.227327e-02 -1.774009e+00 -4.866135e-04 9.999998e-01 4.854153e-04 -2.200665e+00 1.227352e-02 -4.794011e-04 9.999245e-01 1.004740e+02
9.999224e-01 -4.436030e-04 1.245259e-02 -1.796896e+00 4.429318e-04 9.999999e-01 5.662812e-05 -2.222541e+00 -1.245260e-02 -5.110275e-05 9.999224e-01 1.014491e+02
9.999257e-01 4.981370e-04 -1.218153e-02 -1.819510e+00 -4.921465e-04 9.999998e-01 4.947981e-04 -2.244718e+00 1.218179e-02 -4.887609e-04 9.999256e-01 1.024441e+02
9.999236e-01 -4.898116e-04 1.234883e-02 -1.849362e+00 4.878646e-04 9.999999e-01 1.606471e-04 -2.268480e+00 -1.234889e-02 -1.546049e-04 9.999236e-01 1.035451e+02
9.999268e-01 4.872734e-04 -1.209068e-02 -1.880797e+00 -4.811781e-04 9.999998e-01 5.070726e-04 -2.292478e+00 1.209094e-02 -5.012122e-04 9.999267e-01 1.046627e+02
9.999232e-01 -4.979707e-04 1.238068e-02 -1.909304e+00 4.962781e-04 9.999999e-01 1.397492e-04 -2.316255e+00 -1.238073e-02 -1.335886e-04 9.999232e-01 1.057631e+02
9.999288e-01 5.239956e-04 -1.192273e-02 -1.933376e+00 -5.188793e-04 9.999998e-01 4.322505e-04 -2.338919e+00 1.192297e-02 -4.260276e-04 9.999287e-01 1.067907e+02
9.999263e-01 -5.092309e-04 1.213044e-02 -1.956744e+00 5.075378e-04 9.999999e-01 1.426216e-04 -2.361454e+00 -1.213050e-02 -1.364487e-04 9.999263e-01 1.078061e+02
9.999295e-01 4.856339e-04 -1.186346e-02 -1.983889e+00 -4.796993e-04 9.999998e-01 5.031178e-04 -2.385260e+00 1.186372e-02 -4.973857e-04 9.999294e-01 1.089045e+02
9.999271e-01 -5.504441e-04 1.206103e-02 -2.011441e+00 5.482077e-04 9.999998e-01 1.886956e-04 -2.409925e+00 -1.206112e-02 -1.820640e-04 9.999271e-01 1.100555e+02
9.999282e-01 4.712652e-04 -1.197642e-02 -2.041974e+00 -4.646117e-04 9.999997e-01 5.583643e-04 -2.435425e+00 1.197669e-02 -5.527540e-04 9.999280e-01 1.112610e+02
9.999270e-01 -5.746513e-04 1.206628e-02 -2.076002e+00 5.715336e-04 9.999998e-01 2.617973e-04 -2.462241e+00 -1.206642e-02 -2.548759e-04 9.999271e-01 1.125542e+02
9.999301e-01 5.295969e-04 -1.181103e-02 -2.108068e+00 -5.237243e-04 9.999997e-01 5.003452e-04 -2.488120e+00 1.181131e-02 -4.941185e-04 9.999300e-01 1.137908e+02
9.999267e-01 -5.301760e-04 1.209783e-02 -2.134265e+00 5.283428e-04 9.999998e-01 1.546850e-04 -2.512192e+00 -1.209790e-02 -1.482757e-04 9.999267e-01 1.149084e+02
9.999309e-01 5.383920e-04 -1.174532e-02 -2.156387e+00 -5.331107e-04 9.999998e-01 4.528237e-04 -2.535584e+00 1.174558e-02 -4.465247e-04 9.999308e-01 1.159782e+02
9.999255e-01 -5.463482e-04 1.219015e-02 -2.182014e+00 5.444389e-04 9.999998e-01 1.599071e-04 -2.558935e+00 -1.219022e-02 -1.532522e-04 9.999256e-01 1.170491e+02
9.999325e-01 5.191220e-04 -1.160363e-02 -2.206984e+00 -5.136595e-04 9.999998e-01 4.737785e-04 -2.582887e+00 1.160389e-02 -4.677799e-04 9.999325e-01 1.181578e+02
9.999261e-01 -5.307216e-04 1.214361e-02 -2.234630e+00 5.288658e-04 9.999998e-01 1.559912e-04 -2.606556e+00 -1.214368e-02 -1.495510e-04 9.999262e-01 1.192525e+02
9.999303e-01 5.550029e-04 -1.179654e-02 -2.261511e+00 -5.496781e-04 9.999997e-01 4.546676e-04 -2.629733e+00 1.179681e-02 -4.481452e-04 9.999302e-01 1.203146e+02
9.999239e-01 -5.295332e-04 1.232697e-02 -2.284715e+00 5.281287e-04 9.999999e-01 1.171536e-04 -2.652474e+00 -1.232701e-02 -1.106280e-04 9.999239e-01 1.213476e+02
9.999313e-01 5.787266e-04 -1.170980e-02 -2.307510e+00 -5.735937e-04 9.999997e-01 4.417458e-04 -2.675058e+00 1.171007e-02 -4.349922e-04 9.999312e-01 1.223719e+02
9.999286e-01 -5.844763e-04 1.193893e-02 -2.330799e+00 5.822157e-04 9.999998e-01 1.927841e-04 -2.698824e+00 -1.193903e-02 -1.858127e-04 9.999286e-01 1.234652e+02
9.999305e-01 6.013511e-04 -1.177468e-02 -2.353688e+00 -5.964564e-04 9.999997e-01 4.192527e-04 -2.722101e+00 1.177495e-02 -4.121938e-04 9.999305e-01 1.245273e+02
9.999273e-01 -5.647517e-04 1.204063e-02 -2.376910e+00 5.627845e-04 9.999998e-01 1.667216e-04 -2.744897e+00 -1.204071e-02 -1.599265e-04 9.999274e-01 1.255618e+02
9.999270e-01 5.910346e-04 -1.206612e-02 -2.402797e+00 -5.853267e-04 9.999997e-01 4.766232e-04 -2.768480e+00 1.206641e-02 -4.695190e-04 9.999270e-01 1.266457e+02
9.999292e-01 -5.878675e-04 1.188885e-02 -2.428311e+00 5.854097e-04 9.999998e-01 2.101660e-04 -2.792836e+00 -1.188895e-02 -2.031845e-04 9.999292e-01 1.277762e+02
9.999273e-01 5.991368e-04 -1.204106e-02 -2.450580e+00 -5.939080e-04 9.999997e-01 4.378617e-04 -2.816620e+00 1.204134e-02 -4.306717e-04 9.999273e-01 1.288666e+02
9.999289e-01 -6.099913e-04 1.191293e-02 -2.478993e+00 6.067643e-04 9.999998e-01 2.744500e-04 -2.841358e+00 -1.191308e-02 -2.671952e-04 9.999289e-01 1.300244e+02
9.999287e-01 5.939651e-04 -1.192796e-02 -2.507512e+00 -5.888642e-04 9.999997e-01 4.311972e-04 -2.866048e+00 1.192823e-02 -4.241355e-04 9.999287e-01 1.311795e+02
9.999284e-01 -5.827219e-04 1.195113e-02 -2.539276e+00 5.797879e-04 9.999998e-01 2.489256e-04 -2.890067e+00 -1.195126e-02 -2.419716e-04 9.999285e-01 1.322985e+02
9.999292e-01 6.367589e-04 -1.188360e-02 -2.575353e+00 -6.317874e-04 9.999997e-01 4.221479e-04 -2.913677e+00 1.188389e-02 -4.146029e-04 9.999292e-01 1.333987e+02
9.999292e-01 -6.278018e-04 1.188098e-02 -2.608101e+00 6.245340e-04 9.999998e-01 2.787127e-04 -2.938008e+00 -1.188114e-02 -2.712657e-04 9.999293e-01 1.345380e+02
9.999276e-01 5.901127e-04 -1.201692e-02 -2.646812e+00 -5.837743e-04 9.999997e-01 5.310062e-04 -2.964108e+00 1.201725e-02 -5.239452e-04 9.999276e-01 1.357926e+02
9.999267e-01 -6.194195e-04 1.209501e-02 -2.689751e+00 6.159728e-04 9.999998e-01 2.886537e-04 -2.990366e+00 -1.209517e-02 -2.811749e-04 9.999267e-01 1.370662e+02
9.999275e-01 6.304620e-04 -1.202077e-02 -2.732687e+00 -6.246771e-04 9.999997e-01 4.850435e-04 -3.015661e+00 1.202109e-02 -4.774917e-04 9.999275e-01 1.382799e+02
9.999277e-01 -6.792933e-04 1.200469e-02 -2.777969e+00 6.748965e-04 9.999997e-01 3.702636e-04 -3.042387e+00 -1.200492e-02 -3.621273e-04 9.999278e-01 1.395832e+02
9.999277e-01 6.392751e-04 -1.200478e-02 -2.818199e+00 -6.336782e-04 9.999997e-01 4.700707e-04 -3.069116e+00 1.200509e-02 -4.624219e-04 9.999277e-01 1.408814e+02
9.999277e-01 -6.299579e-04 1.200956e-02 -2.851926e+00 6.271167e-04 9.999998e-01 2.403000e-04 -3.093627e+00 -1.200969e-02 -2.327436e-04 9.999278e-01 1.420344e+02
9.999289e-01 7.384376e-04 -1.190502e-02 -2.888722e+00 -7.338644e-04 9.999997e-01 3.885589e-04 -3.116389e+00 1.190532e-02 -3.797868e-04 9.999290e-01 1.430861e+02
9.999270e-01 -6.017026e-04 1.207034e-02 -2.918794e+00 6.001332e-04 9.999998e-01 1.336004e-04 -3.137384e+00 -1.207040e-02 -1.263390e-04 9.999270e-01 1.440193e+02
9.999308e-01 7.209701e-04 -1.174068e-02 -2.946547e+00 -7.166102e-04 9.999997e-01 3.756063e-04 -3.158415e+00 1.174097e-02 -3.671589e-04 9.999309e-01 1.449519e+02
9.999276e-01 -6.489950e-04 1.201535e-02 -2.972614e+00 6.469781e-04 9.999998e-01 1.716968e-04 -3.180248e+00 -1.201544e-02 -1.639028e-04 9.999277e-01 1.459307e+02
9.999309e-01 7.148471e-04 -1.173737e-02 -2.998953e+00 -7.105871e-04 9.999997e-01 3.671664e-04 -3.201905e+00 1.173764e-02 -3.587926e-04 9.999309e-01 1.468972e+02
9.999297e-01 -6.616156e-04 1.183505e-02 -3.023719e+00 6.594068e-04 9.999998e-01 1.904849e-04 -3.223873e+00 -1.183516e-02 -1.826594e-04 9.999298e-01 1.478799e+02
9.999307e-01 6.759212e-04 -1.175000e-02 -3.051603e+00 -6.706164e-04 9.999997e-01 4.554625e-04 -3.247451e+00 1.175032e-02 -4.475431e-04 9.999308e-01 1.489663e+02
9.999281e-01 -7.186277e-04 1.196935e-02 -3.084691e+00 7.154052e-04 9.999997e-01 2.734621e-04 -3.272512e+00 -1.196953e-02 -2.648713e-04 9.999282e-01 1.501515e+02
9.999346e-01 5.337328e-04 -1.142723e-02 -3.118513e+00 -5.266109e-04 9.999997e-01 6.263061e-04 -3.301272e+00 1.142757e-02 -6.202392e-04 9.999344e-01 1.515679e+02
9.999253e-01 -7.660644e-04 1.219760e-02 -3.147215e+00 7.625786e-04 9.999997e-01 2.903773e-04 -3.330961e+00 -1.219780e-02 -2.810456e-04 9.999255e-01 1.530389e+02
9.999320e-01 5.619412e-04 -1.164897e-02 -3.178273e+00 -5.544781e-04 9.999996e-01 6.439459e-04 -3.360619e+00 1.164934e-02 -6.374345e-04 9.999318e-01 1.545091e+02
9.999273e-01 -7.627353e-04 1.203548e-02 -3.204455e+00 7.599551e-04 9.999997e-01 2.355233e-04 -3.389377e+00 -1.203564e-02 -2.263513e-04 9.999274e-01 1.559154e+02
9.999389e-01 6.360040e-04 -1.103725e-02 -3.220624e+00 -6.313842e-04 9.999997e-01 4.221098e-04 -3.415081e+00 1.103754e-02 -4.151067e-04 9.999389e-01 1.571236e+02
9.999325e-01 -7.348650e-04 1.159370e-02 -3.238922e+00 7.321681e-04 9.999997e-01 2.368024e-04 -3.439943e+00 -1.159386e-02 -2.282893e-04 9.999327e-01 1.582792e+02
9.999329e-01 5.990315e-04 -1.157004e-02 -3.262458e+00 -5.926553e-04 9.999997e-01 5.545768e-04 -3.466696e+00 1.157039e-02 -5.476738e-04 9.999328e-01 1.595533e+02
9.999274e-01 -7.473948e-04 1.202437e-02 -3.284043e+00 7.450836e-04 9.999997e-01 1.966357e-04 -3.493137e+00 -1.202450e-02 -1.876535e-04 9.999276e-01 1.608097e+02
9.999354e-01 6.733653e-04 -1.134646e-02 -3.301970e+00 -6.683569e-04 9.999997e-01 4.452557e-04 -3.517747e+00 1.134677e-02 -4.376346e-04 9.999354e-01 1.619508e+02
9.999378e-01 -8.350735e-04 1.111750e-02 -3.329589e+00 8.307966e-04 9.999996e-01 3.892492e-04 -3.544964e+00 -1.111780e-02 -3.799797e-04 9.999380e-01 1.632549e+02
9.999379e-01 6.450144e-04 -1.112572e-02 -3.354605e+00 -6.400613e-04 9.999997e-01 4.488215e-04 -3.572522e+00 1.112602e-02 -4.416635e-04 9.999379e-01 1.645778e+02
9.999349e-01 -8.060231e-04 1.137798e-02 -3.376541e+00 8.025802e-04 9.999996e-01 3.070944e-04 -3.598869e+00 -1.137821e-02 -2.979336e-04 9.999351e-01 1.658250e+02
9.999309e-01 6.322648e-04 -1.174106e-02 -3.407116e+00 -6.255232e-04 9.999996e-01 5.779210e-04 -3.626764e+00 1.174143e-02 -5.705275e-04 9.999308e-01 1.671730e+02
9.999319e-01 -8.665295e-04 1.164143e-02 -3.443214e+00 8.622885e-04 9.999996e-01 3.692563e-04 -3.655845e+00 -1.164173e-02 -3.591836e-04 9.999321e-01 1.686024e+02
9.999306e-01 6.452042e-04 -1.176131e-02 -3.473139e+00 -6.388652e-04 9.999996e-01 5.427939e-04 -3.684542e+00 1.176168e-02 -5.352330e-04 9.999306e-01 1.700004e+02
9.999334e-01 -8.239408e-04 1.151309e-02 -3.501326e+00 8.205276e-04 9.999996e-01 3.011254e-04 -3.711888e+00 -1.151331e-02 -2.916491e-04 9.999336e-01 1.713123e+02
9.999345e-01 6.548914e-04 -1.142938e-02 -3.526347e+00 -6.492416e-04 9.999997e-01 4.980907e-04 -3.738722e+00 1.142972e-02 -4.906282e-04 9.999345e-01 1.725910e+02
9.999329e-01 -8.433182e-04 1.155579e-02 -3.548521e+00 8.399959e-04 9.999996e-01 2.922884e-04 -3.765644e+00 -1.155601e-02 -2.825523e-04 9.999331e-01 1.738717e+02
9.999318e-01 6.743370e-04 -1.165777e-02 -3.574143e+00 -6.682708e-04 9.999996e-01 5.243180e-04 -3.792650e+00 1.165813e-02 -5.164820e-04 9.999318e-01 1.751604e+02
9.999309e-01 -8.279910e-04 1.172696e-02 -3.604407e+00 8.247487e-04 9.999996e-01 2.812571e-04 -3.819319e+00 -1.172717e-02 -2.715562e-04 9.999311e-01 1.764359e+02
9.999317e-01 6.716576e-04 -1.166592e-02 -3.638810e+00 -6.646416e-04 9.999996e-01 6.053446e-04 -3.847361e+00 1.166634e-02 -5.975398e-04 9.999317e-01 1.778035e+02
9.999327e-01 -8.713735e-04 1.156925e-02 -3.677910e+00 8.673660e-04 9.999996e-01 3.513405e-04 -3.876469e+00 -1.156954e-02 -3.412721e-04 9.999329e-01 1.792409e+02
9.999318e-01 7.205868e-04 -1.166066e-02 -3.713767e+00 -7.141297e-04 9.999996e-01 5.579867e-04 -3.904762e+00 1.166108e-02 -5.496114e-04 9.999318e-01 1.806257e+02
9.999323e-01 -8.532454e-04 1.160513e-02 -3.747800e+00 8.498214e-04 9.999996e-01 2.999027e-04 -3.932174e+00 -1.160537e-02 -2.900100e-04 9.999325e-01 1.819541e+02
9.999323e-01 7.021880e-04 -1.161480e-02 -3.785253e+00 -6.951151e-04 9.999996e-01 6.130636e-04 -3.960498e+00 1.161525e-02 -6.049383e-04 9.999323e-01 1.833431e+02
9.999328e-01 -8.984908e-04 1.155996e-02 -3.825138e+00 8.943961e-04 9.999995e-01 3.593124e-04 -3.989897e+00 -1.156026e-02 -3.489388e-04 9.999330e-01 1.848012e+02
9.999380e-01 7.713819e-04 -1.110456e-02 -3.857344e+00 -7.662475e-04 9.999996e-01 4.667006e-04 -4.017168e+00 1.110494e-02 -4.581525e-04 9.999381e-01 1.861237e+02
9.999323e-01 -8.796979e-04 1.159949e-02 -3.886946e+00 8.767482e-04 9.999996e-01 2.593036e-04 -4.042605e+00 -1.159969e-02 -2.491058e-04 9.999326e-01 1.873270e+02
9.999318e-01 8.255257e-04 -1.164556e-02 -3.917531e+00 -8.199578e-04 9.999995e-01 4.829633e-04 -4.067838e+00 1.164597e-02 -4.733710e-04 9.999320e-01 1.885162e+02
9.999307e-01 -8.861161e-04 1.173676e-02 -3.950890e+00 8.833233e-04 9.999996e-01 2.430684e-04 -4.092686e+00 -1.173695e-02 -2.326737e-04 9.999310e-01 1.896849e+02
9.999281e-01 8.246476e-04 -1.196419e-02 -3.983541e+00 -8.183878e-04 9.999995e-01 5.281786e-04 -4.118245e+00 1.196463e-02 -5.183386e-04 9.999282e-01 1.908948e+02
9.999372e-01 -9.074029e-04 1.116916e-02 -4.018756e+00 9.042098e-04 9.999995e-01 2.908619e-04 -4.144174e+00 -1.116940e-02 -2.807337e-04 9.999375e-01 1.921246e+02
9.999305e-01 8.053294e-04 -1.176107e-02 -4.057747e+00 -7.983479e-04 9.999995e-01 5.983814e-04 -4.171448e+00 1.176156e-02 -5.889396e-04 9.999306e-01 1.934452e+02
9.999356e-01 -9.466629e-04 1.130540e-02 -4.094538e+00 9.433185e-04 9.999995e-01 3.010810e-04 -4.199192e+00 -1.130566e-02 -2.903862e-04 9.999359e-01 1.947925e+02
9.999352e-01 8.132724e-04 -1.135233e-02 -4.128908e+00 -8.071867e-04 9.999995e-01 5.407306e-04 -4.226206e+00 1.135278e-02 -5.315211e-04 9.999353e-01 1.960946e+02
9.999364e-01 -9.349103e-04 1.123932e-02 -4.165909e+00 9.314331e-04 9.999995e-01 3.145367e-04 -4.253314e+00 -1.123959e-02 -3.040369e-04 9.999367e-01 1.974067e+02
9.999350e-01 8.990608e-04 -1.136532e-02 -4.196783e+00 -8.943899e-04 9.999995e-01 4.161360e-04 -4.278216e+00 1.136570e-02 -4.059328e-04 9.999352e-01 1.985759e+02
9.999348e-01 -9.421531e-04 1.137917e-02 -4.228787e+00 9.388787e-04 9.999995e-01 2.930184e-04 -4.302709e+00 -1.137942e-02 -2.823044e-04 9.999351e-01 1.997207e+02
9.999373e-01 8.865559e-04 -1.116183e-02 -4.262961e+00 -8.815139e-04 9.999995e-01 4.567177e-04 -4.328082e+00 1.116225e-02 -4.468385e-04 9.999375e-01 2.009252e+02
9.999352e-01 -9.738110e-04 1.134064e-02 -4.299149e+00 9.699232e-04 9.999995e-01 3.482428e-04 -4.354435e+00 -1.134096e-02 -3.372094e-04 9.999355e-01 2.021930e+02
9.999354e-01 8.364598e-04 -1.133120e-02 -4.339539e+00 -8.301062e-04 9.999995e-01 5.655033e-04 -4.382593e+00 1.133168e-02 -5.560493e-04 9.999355e-01 2.035755e+02
9.999373e-01 -1.008698e-03 1.115388e-02 -4.379704e+00 1.004478e-03 9.999994e-01 3.838931e-04 -4.411365e+00 -1.115424e-02 -3.726537e-04 9.999376e-01 2.049939e+02
9.999398e-01 8.869182e-04 -1.093953e-02 -4.420204e+00 -8.816115e-04 9.999995e-01 4.899978e-04 -4.438888e+00 1.093998e-02 -4.803123e-04 9.999399e-01 2.063393e+02
9.999359e-01 -1.030438e-03 1.127333e-02 -4.466349e+00 1.025576e-03 9.999994e-01 4.369486e-04 -4.467273e+00 -1.127375e-02 -4.253473e-04 9.999363e-01 2.077468e+02
9.999383e-01 8.536064e-04 -1.107829e-02 -4.509619e+00 -8.478403e-04 9.999995e-01 5.252677e-04 -4.496412e+00 1.107875e-02 -5.158308e-04 9.999384e-01 2.091947e+02
9.999442e-01 -1.021399e-03 1.051174e-02 -4.556742e+00 1.016437e-03 9.999994e-01 4.773199e-04 -4.525592e+00 -1.051220e-02 -4.665968e-04 9.999445e-01 2.106438e+02
9.999330e-01 8.979173e-04 -1.154423e-02 -4.607844e+00 -8.916101e-04 9.999995e-01 5.515721e-04 -4.554623e+00 1.154473e-02 -5.412302e-04 9.999331e-01 2.120843e+02
9.999458e-01 -1.056813e-03 1.036001e-02 -4.656522e+00 1.051974e-03 9.999993e-01 4.724542e-04 -4.583640e+00 -1.036049e-02 -4.615180e-04 9.999461e-01 2.135182e+02
9.999380e-01 9.316469e-04 -1.109694e-02 -4.698593e+00 -9.265993e-04 9.999995e-01 4.600913e-04 -4.611460e+00 1.109738e-02 -4.497681e-04 9.999382e-01 2.148740e+02
9.999394e-01 -1.020990e-03 1.096148e-02 -4.733755e+00 1.017310e-03 9.999994e-01 3.412261e-04 -4.637540e+00 -1.096180e-02 -3.300420e-04 9.999398e-01 2.161200e+02
9.999398e-01 9.886251e-04 -1.092665e-02 -4.770292e+00 -9.842196e-04 9.999994e-01 4.086560e-04 -4.662609e+00 1.092707e-02 -3.978648e-04 9.999401e-01 2.173076e+02
9.999444e-01 -1.057750e-03 1.048793e-02 -4.808399e+00 1.053469e-03 9.999994e-01 4.135620e-04 -4.688692e+00 -1.048835e-02 -4.024779e-04 9.999448e-01 2.185553e+02
9.999334e-01 9.054255e-04 -1.150445e-02 -4.849751e+00 -8.990175e-04 9.999994e-01 5.622514e-04 -4.717213e+00 1.150497e-02 -5.518587e-04 9.999336e-01 2.199502e+02
9.999442e-01 -1.063638e-03 1.051153e-02 -4.887788e+00 1.059516e-03 9.999994e-01 3.976156e-04 -4.745705e+00 -1.051193e-02 -3.864437e-04 9.999446e-01 2.213408e+02
9.999331e-01 9.097774e-04 -1.153123e-02 -4.925339e+00 -9.032984e-04 9.999994e-01 5.671503e-04 -4.774232e+00 1.153176e-02 -5.566835e-04 9.999333e-01 2.227324e+02
9.999397e-01 -1.031173e-03 1.093467e-02 -4.956374e+00 1.028034e-03 9.999994e-01 2.926336e-04 -4.801391e+00 -1.093495e-02 -2.813620e-04 9.999401e-01 2.240362e+02
9.999365e-01 9.585466e-04 -1.123205e-02 -4.984581e+00 -9.532129e-04 9.999994e-01 4.803092e-04 -4.827150e+00 1.123252e-02 -4.695593e-04 9.999367e-01 2.252527e+02
9.999431e-01 -1.053949e-03 1.061700e-02 -5.018153e+00 1.050101e-03 9.999994e-01 3.679199e-04 -4.853901e+00 -1.061736e-02 -3.567371e-04 9.999435e-01 2.265349e+02
9.999353e-01 9.467258e-04 -1.133397e-02 -5.052329e+00 -9.407493e-04 9.999994e-01 5.327160e-04 -4.881553e+00 1.133449e-02 -5.220061e-04 9.999355e-01 2.278734e+02
9.999456e-01 -1.066647e-03 1.037613e-02 -5.086862e+00 1.062651e-03 9.999994e-01 3.905460e-04 -4.909514e+00 -1.037652e-02 -3.794854e-04 9.999460e-01 2.292294e+02
9.999372e-01 9.898528e-04 -1.116702e-02 -5.118244e+00 -9.845212e-04 9.999994e-01 4.830301e-04 -4.936755e+00 1.116751e-02 -4.719924e-04 9.999374e-01 2.305401e+02
9.999453e-01 -1.006196e-03 1.041341e-02 -5.138840e+00 1.003633e-03 9.999995e-01 2.511882e-04 -4.961864e+00 -1.041364e-02 -2.407100e-04 9.999456e-01 2.317066e+02
9.999396e-01 1.009931e-03 -1.094738e-02 -5.162983e+00 -1.004665e-03 9.999994e-01 4.865897e-04 -4.987000e+00 1.094788e-02 -4.755485e-04 9.999399e-01 2.328820e+02
9.999419e-01 -9.601134e-04 1.073955e-02 -5.178006e+00 9.587022e-04 9.999995e-01 1.364641e-04 -5.010597e+00 -1.073967e-02 -1.261467e-04 9.999422e-01 2.339558e+02
9.999412e-01 9.920523e-04 -1.080105e-02 -5.200265e+00 -9.866899e-04 9.999994e-01 5.018933e-04 -5.034190e+00 1.080155e-02 -4.911930e-04 9.999414e-01 2.350368e+02
9.999403e-01 -1.041707e-03 1.087588e-02 -5.227026e+00 1.039026e-03 9.999994e-01 2.520646e-04 -5.059984e+00 -1.087612e-02 -2.407357e-04 9.999407e-01 2.362606e+02
9.999397e-01 1.023392e-03 -1.093455e-02 -5.251236e+00 -1.018131e-03 9.999994e-01 4.867841e-04 -5.085519e+00 1.093506e-02 -4.756083e-04 9.999400e-01 2.374656e+02
9.999392e-01 -1.020103e-03 1.098160e-02 -5.266844e+00 1.018548e-03 9.999995e-01 1.470850e-04 -5.109515e+00 -1.098173e-02 -1.358771e-04 9.999396e-01 2.385653e+02
9.999982e-01 1.295516e-03 1.361407e-03 -5.278179e+00 -1.294533e-03 9.999989e-01 -7.236403e-04 -5.122393e+00 -1.362327e-03 7.218902e-04 9.999987e-01 2.390497e+02
9.940210e-01 -2.706709e-03 1.091558e-01 -5.315020e+00 3.096274e-03 9.999894e-01 -3.399559e-03 -5.124396e+00 -1.091454e-01 3.717222e-03 9.940187e-01 2.393004e+02
9.999752e-01 2.118332e-03 6.709064e-03 -5.323338e+00 -2.109518e-03 9.999969e-01 -1.320877e-03 -5.124393e+00 -6.711803e-03 1.306704e-03 9.999765e-01 2.394217e+02
9.972392e-01 -3.080736e-03 7.419212e-02 -5.411647e+00 3.199569e-03 9.999938e-01 -1.482913e-03 -5.123152e+00 -7.418705e-02 1.716214e-03 9.972428e-01 2.394568e+02
9.980878e-01 3.460605e-03 -6.171515e-02 -5.316601e+00 -3.385550e-03 9.999934e-01 1.320732e-03 -5.144854e+00 6.171936e-02 -1.109255e-03 9.980928e-01 2.403078e+02
9.970188e-01 -3.662676e-03 7.707224e-02 -5.216927e+00 3.793880e-03 9.999916e-01 -1.556042e-03 -5.169530e+00 -7.706585e-02 1.843818e-03 9.970242e-01 2.413634e+02
9.999875e-01 2.920481e-03 4.055966e-03 -4.990681e+00 -2.913198e-03 9.999941e-01 -1.801115e-03 -5.186956e+00 -4.061147e-03 1.789288e-03 9.999901e-01 2.420400e+02
9.986247e-01 -3.491601e-03 5.231217e-02 -4.531286e+00 3.516325e-03 9.999937e-01 -3.806515e-04 -5.216309e+00 -5.231046e-02 5.640857e-04 9.986306e-01 2.429837e+02
9.998097e-01 3.532516e-03 -1.918250e-02 -3.741317e+00 -3.557675e-03 9.999929e-01 -1.277438e-03 -5.259264e+00 1.917792e-02 1.345451e-03 9.998151e-01 2.441829e+02
9.983305e-01 -3.452038e-03 5.765682e-02 -2.955639e+00 3.483133e-03 9.999938e-01 -4.388820e-04 -5.301700e+00 -5.765488e-02 6.389864e-04 9.983363e-01 2.453806e+02
9.993554e-01 3.628777e-03 -3.571428e-02 -2.262330e+00 -3.654065e-03 9.999931e-01 -6.426935e-04 -5.341267e+00 3.571177e-02 7.727922e-04 9.993617e-01 2.464544e+02
9.980004e-01 -3.518515e-03 6.310993e-02 -1.462644e+00 3.561093e-03 9.999935e-01 -5.622451e-04 -5.387226e+00 -6.310747e-02 7.858715e-04 9.980063e-01 2.478034e+02
9.994465e-01 3.526933e-03 -3.307776e-02 -6.430513e-01 -3.557273e-03 9.999933e-01 -8.582751e-04 -5.434743e+00 3.307458e-02 9.754769e-04 9.994523e-01 2.492305e+02
9.971208e-01 -3.504245e-03 7.574839e-02 1.521641e-01 3.579609e-03 9.999932e-01 -8.592359e-04 -5.480455e+00 -7.574479e-02 1.127922e-03 9.971265e-01 2.506395e+02
9.985388e-01 3.420984e-03 -5.393117e-02 1.108839e+00 -3.438831e-03 9.999941e-01 -2.380429e-04 -5.532772e+00 5.393011e-02 4.231650e-04 9.985445e-01 2.521197e+02
9.965809e-01 -3.437960e-03 8.255048e-02 2.084643e+00 3.536291e-03 9.999932e-01 -1.045035e-03 -5.586654e+00 -8.254625e-02 1.333394e-03 9.965863e-01 2.537139e+02
9.994983e-01 3.098506e-03 -3.151922e-02 2.970314e+00 -3.132818e-03 9.999946e-01 -1.039120e-03 -5.638670e+00 3.151591e-02 1.137352e-03 9.995025e-01 2.554207e+02
9.977595e-01 -3.192074e-03 6.682593e-02 4.079711e+00 3.242578e-03 9.999945e-01 -6.473671e-04 -5.698219e+00 -6.682342e-02 8.626141e-04 9.977644e-01 2.571927e+02
9.990794e-01 3.028638e-03 -4.279226e-02 5.119914e+00 -3.056835e-03 9.999952e-01 -5.933896e-04 -5.755778e+00 4.279034e-02 7.236611e-04 9.990837e-01 2.588929e+02
9.953365e-01 -3.221654e-03 9.640962e-02 5.894858e+00 3.375207e-03 9.999933e-01 -1.429720e-03 -5.802383e+00 -9.640428e-02 1.748464e-03 9.953406e-01 2.604367e+02
9.986578e-01 3.105125e-03 -5.170095e-02 6.737520e+00 -3.129761e-03 9.999950e-01 -3.954530e-04 -5.851246e+00 5.169956e-02 5.567421e-04 9.986625e-01 2.619852e+02
9.953141e-01 -3.142697e-03 9.664339e-02 7.637819e+00 3.293391e-03 9.999936e-01 -1.399851e-03 -5.903183e+00 -9.663829e-02 1.711584e-03 9.953180e-01 2.636413e+02
9.988544e-01 2.939844e-03 -4.776107e-02 8.372171e+00 -2.972862e-03 9.999954e-01 -6.201743e-04 -5.948135e+00 4.775912e-02 7.614587e-04 9.988585e-01 2.651251e+02
9.950572e-01 -3.322061e-03 9.924714e-02 9.035784e+00 3.466279e-03 9.999932e-01 -1.280763e-03 -5.989974e+00 -9.924212e-02 1.618458e-03 9.950619e-01 2.665180e+02
9.981727e-01 3.153671e-03 -6.034264e-02 9.937900e+00 -3.175428e-03 9.999949e-01 -2.645836e-04 -6.043080e+00 6.034159e-02 4.557211e-04 9.981776e-01 2.682054e+02
9.962562e-01 -3.260364e-03 8.638763e-02 1.089882e+01 3.342421e-03 9.999941e-01 -8.053000e-04 -6.099483e+00 -8.638439e-02 1.091036e-03 9.962612e-01 2.699481e+02
9.977548e-01 2.991127e-03 -6.690593e-02 1.183413e+01 -3.005747e-03 9.999955e-01 -1.177719e-04 -6.155087e+00 6.690537e-02 3.186166e-04 9.977592e-01 2.716468e+02
9.958781e-01 -3.124195e-03 9.064725e-02 1.283322e+01 3.222431e-03 9.999944e-01 -9.374392e-04 -6.211890e+00 -9.064371e-02 1.225687e-03 9.958826e-01 2.733399e+02
9.968519e-01 2.896530e-03 -7.923318e-02 1.374555e+01 -2.877763e-03 9.999958e-01 3.511253e-04 -6.265661e+00 7.923396e-02 -1.219991e-04 9.968560e-01 2.749245e+02
9.967715e-01 -3.277845e-03 8.022303e-02 1.462260e+01 3.330785e-03 9.999943e-01 -5.261611e-04 -6.319495e+00 -8.022076e-02 7.916748e-04 9.967767e-01 2.765046e+02
9.970446e-01 2.817435e-03 -7.677284e-02 1.562851e+01 -2.808468e-03 9.999960e-01 2.248353e-04 -6.378972e+00 7.677327e-02 -8.550306e-06 9.970485e-01 2.782544e+02
9.972422e-01 -3.146754e-03 7.414864e-02 1.652412e+01 3.181214e-03 9.999949e-01 -3.467142e-04 -6.432962e+00 -7.414707e-02 5.816473e-04 9.972471e-01 2.798099e+02
9.968347e-01 2.754346e-03 -7.945405e-02 1.732269e+01 -2.736088e-03 9.999962e-01 3.387257e-04 -6.481730e+00 7.945477e-02 -1.202539e-04 9.968384e-01 2.811894e+02
9.961314e-01 -2.918565e-03 8.782790e-02 1.809521e+01 2.996028e-03 9.999952e-01 -7.502273e-04 -6.529206e+00 -8.782520e-02 1.010466e-03 9.961353e-01 2.825722e+02
9.963339e-01 2.644283e-03 -8.550796e-02 1.891479e+01 -2.603619e-03 9.999964e-01 5.871266e-04 -6.580630e+00 8.550930e-02 -3.623377e-04 9.963373e-01 2.841009e+02
9.962713e-01 -3.035061e-03 8.622177e-02 2.000200e+01 3.110069e-03 9.999949e-01 -7.356858e-04 -6.641359e+00 -8.621900e-02 1.001105e-03 9.962756e-01 2.857906e+02
9.963276e-01 2.657929e-03 -8.558074e-02 2.140108e+01 -2.638543e-03 9.999965e-01 3.396962e-04 -6.709430e+00 8.558144e-02 -1.126341e-04 9.963311e-01 2.874952e+02
9.966095e-01 -2.949347e-03 8.222370e-02 2.287393e+01 3.026028e-03 9.999951e-01 -8.080413e-04 -6.778511e+00 -8.222081e-02 1.054119e-03 9.966135e-01 2.891326e+02
9.962277e-01 2.636559e-03 -8.673684e-02 2.435569e+01 -2.611799e-03 9.999965e-01 3.989946e-04 -6.846759e+00 8.673769e-02 -1.709442e-04 9.962311e-01 2.906998e+02
9.968637e-01 -3.007229e-03 7.908036e-02 2.579436e+01 3.075334e-03 9.999950e-01 -7.394949e-04 -6.915490e+00 -7.907764e-02 9.803803e-04 9.968679e-01 2.923431e+02
9.959010e-01 2.487396e-03 -9.041573e-02 2.722068e+01 -2.440234e-03 9.999968e-01 6.322063e-04 -6.984395e+00 9.041711e-02 -4.089734e-04 9.959038e-01 2.940062e+02
