9.999955e-01 2.991440e-04 -2.973799e-03 -8.060706e-02 -2.977886e-04 9.999999e-01 4.562094e-04 -7.229170e-04 2.973935e-03 -4.553213e-04 9.999954e-01 2.391827e-01
1.000000e+00 -1.017155e-04 5.859363e-05 -1.571785e-01 1.017216e-04 1.000000e+00 -1.032672e-04 -1.342960e-03 -5.858367e-05 1.032737e-04 9.999999e-01 4.531450e-01
9.999968e-01 1.250616e-04 -2.509600e-03 -2.272778e-01 -1.238476e-04 9.999999e-01 4.838971e-04 -2.257168e-03 2.509659e-03 -4.835842e-04 9.999966e-01 6.392722e-01
9.999996e-01 9.317082e-05 -8.602806e-04 -3.071337e-01 -9.321544e-05 1.000000e+00 -5.185136e-05 -2.559975e-03 8.602747e-04 5.193218e-05 9.999995e-01 8.652206e-01
9.999975e-01 1.487944e-04 -2.228690e-03 -3.884178e-01 -1.477430e-04 9.999999e-01 4.719196e-04 -3.139298e-03 2.228759e-03 -4.715884e-04 9.999973e-01 1.094402e+00
9.999994e-01 1.271088e-04 -1.119678e-03 -4.714696e-01 -1.271861e-04 1.000000e+00 -6.904840e-05 -3.543178e-03 1.119667e-03 6.919148e-05 9.999993e-01 1.330154e+00
9.999982e-01 -3.732870e-05 -1.913474e-03 -5.486340e-01 3.813840e-05 9.999999e-01 4.231070e-04 -3.992458e-03 1.913456e-03 -4.231785e-04 9.999980e-01 1.530791e+00
9.999996e-01 2.045314e-05 -8.909818e-04 -6.208230e-01 -2.052422e-05 1.000000e+00 -7.979306e-05 -4.487534e-03 8.909778e-04 7.981211e-05 9.999995e-01 1.710098e+00
9.999972e-01 1.242254e-04 -2.350831e-03 -7.009083e-01 -1.230774e-04 9.999999e-01 4.884891e-04 -4.817732e-03 2.350889e-03 -4.881976e-04 9.999970e-01 1.923122e+00
9.999993e-01 1.936050e-04 -1.179590e-03 -7.871305e-01 -1.936565e-04 1.000000e+00 -4.358780e-05 -5.137934e-03 1.179578e-03 4.381708e-05 9.999992e-01 2.170158e+00
9.999976e-01 1.230908e-04 -2.203723e-03 -8.716101e-01 -1.220567e-04 9.999999e-01 4.693444e-04 -5.529426e-03 2.203777e-03 -4.690733e-04 9.999974e-01 2.412520e+00
9.999996e-01 1.332744e-04 -8.437437e-04 -9.526452e-01 -1.333162e-04 1.000000e+00 -4.953620e-05 -6.117829e-03 8.437334e-04 4.964963e-05 9.999995e-01 2.641977e+00
9.999990e-01 -6.980476e-05 -1.445944e-03 -1.012689e+00 7.025438e-05 9.999999e-01 3.108782e-04 -7.264614e-03 1.445918e-03 -3.109784e-04 9.999988e-01 2.821340e+00
1.000000e+00 -1.195206e-04 -2.545467e-04 -1.045505e+00 1.195107e-04 1.000000e+00 -3.903052e-05 -8.751117e-03 2.545473e-04 3.900111e-05 9.999999e-01 2.951031e+00
9.999994e-01 -1.796554e-04 -1.107722e-03 -1.044049e+00 1.798563e-04 1.000000e+00 1.811956e-04 -1.089278e-02 1.107685e-03 -1.813937e-04 9.999993e-01 3.057683e+00
1.000000e+00 -5.488464e-05 -2.027941e-04 -1.068637e+00 5.489598e-05 1.000000e+00 5.569393e-05 -1.262458e-02 2.027867e-04 -5.570401e-05 9.999999e-01 3.177294e+00
9.999992e-01 -2.697287e-05 -1.232368e-03 -1.126581e+00 2.727528e-05 1.000000e+00 2.453392e-04 -1.401483e-02 1.232357e-03 -2.453715e-04 9.999991e-01 3.323721e+00
1.000000e+00 -8.440245e-05 -2.850661e-05 -1.177555e+00 8.440366e-05 1.000000e+00 4.073422e-05 -1.559494e-02 2.849856e-05 -4.073551e-05 9.999999e-01 3.471714e+00
9.999994e-01 -7.251520e-06 -1.130205e-03 -1.227841e+00 7.521499e-06 1.000000e+00 2.388335e-04 -1.733459e-02 1.130199e-03 -2.388407e-04 9.999992e-01 3.627707e+00
9.999998e-01 -6.347396e-05 -5.645104e-04 -1.286734e+00 6.349108e-05 1.000000e+00 3.023852e-05 -1.872193e-02 5.645036e-04 -3.027319e-05 9.999997e-01 3.778963e+00
9.999977e-01 -5.569229e-05 -2.147164e-03 -1.323204e+00 5.610212e-05 1.000000e+00 1.907893e-04 -1.957638e-02 2.147148e-03 -1.909081e-04 9.999976e-01 3.932487e+00
9.999999e-01 1.037110e-04 -3.176890e-04 -1.368798e+00 -1.036337e-04 1.000000e+00 2.432619e-04 -2.066787e-02 3.177088e-04 -2.432278e-04 9.999998e-01 4.114582e+00
9.999983e-01 -1.966081e-04 -1.855020e-03 -1.427492e+00 1.968145e-04 1.000000e+00 1.110054e-04 -2.155979e-02 1.854993e-03 -1.113690e-04 9.999982e-01 4.263525e+00
1.000000e+00 -1.815566e-05 2.243172e-04 -1.441864e+00 1.815610e-05 1.000000e+00 -1.711877e-06 -2.336419e-02 -2.243230e-04 1.717229e-06 9.999999e-01 4.382466e+00
9.999993e-01 -3.265919e-04 -1.167005e-03 -1.420811e+00 3.268411e-04 9.999999e-01 2.132701e-04 -2.596016e-02 1.166929e-03 -2.136501e-04 9.999992e-01 4.490949e+00
9.999998e-01 1.560102e-04 -5.644388e-04 -1.468036e+00 -1.560262e-04 1.000000e+00 -2.839522e-05 -2.737981e-02 5.644283e-04 2.848460e-05 9.999997e-01 4.622665e+00
9.999991e-01 -5.433594e-04 -1.243831e-03 -1.363632e+00 5.432661e-04 9.999998e-01 -7.541147e-05 -3.044859e-02 1.243866e-03 7.473698e-05 9.999991e-01 4.697518e+00
9.999999e-01 8.498775e-05 -3.357487e-04 -1.235713e+00 -8.499487e-05 1.000000e+00 -2.136741e-05 -3.395933e-02 3.357404e-04 2.139725e-05 9.999998e-01 4.760047e+00
9.999971e-01 -4.399944e-04 -2.370904e-03 -1.096691e+00 4.398517e-04 9.999999e-01 -6.073868e-05 -3.712432e-02 2.370924e-03 5.969695e-05 9.999971e-01 4.880066e+00
9.999997e-01 1.907388e-04 -7.696058e-04 -9.482104e-01 -1.906310e-04 1.000000e+00 1.400641e-04 -4.010767e-02 7.696255e-04 -1.399161e-04 9.999996e-01 5.019491e+00
9.999979e-01 -4.627326e-04 -1.987477e-03 -9.064030e-01 4.626446e-04 9.999999e-01 -4.477925e-05 -4.192126e-02 1.987490e-03 4.386098e-05 9.999979e-01 5.152155e+00
9.999997e-01 1.636273e-04 -7.796303e-04 -8.539913e-01 -1.635217e-04 1.000000e+00 1.354328e-04 -4.388170e-02 7.796449e-04 -1.353040e-04 9.999996e-01 5.283145e+00
9.999970e-01 -2.944049e-04 -2.442885e-03 -8.593971e-01 2.944997e-04 1.000000e+00 3.841923e-05 -4.480859e-02 2.442866e-03 -3.913720e-05 9.999969e-01 5.440874e+00
9.999996e-01 2.009638e-04 -9.180543e-04 -8.866083e-01 -2.008206e-04 1.000000e+00 1.559966e-04 -4.535506e-02 9.180774e-04 -1.558108e-04 9.999995e-01 5.605790e+00
9.999972e-01 -4.086674e-04 -2.350657e-03 -8.581876e-01 4.086066e-04 9.999999e-01 -2.636421e-05 -4.669951e-02 2.350659e-03 2.540502e-05 9.999971e-01 5.761407e+00
9.999967e-01 5.038193e-04 -2.529305e-03 -8.035546e-01 -5.029077e-04 9.999998e-01 3.610053e-04 -4.748203e-02 2.529477e-03 -3.597307e-04 9.999966e-01 5.982130e+00
9.999993e-01 -5.862256e-04 -1.055087e-03 -7.945295e-01 5.860332e-04 9.999998e-01 -1.827533e-04 -4.831535e-02 1.055185e-03 1.821363e-04 9.999993e-01 6.151307e+00
9.999982e-01 3.234291e-04 -1.895830e-03 -7.381827e-01 -3.228924e-04 9.999999e-01 2.833685e-04 -5.012024e-02 1.895911e-03 -2.827544e-04 9.999981e-01 6.290232e+00
9.999994e-01 -6.515967e-04 -9.180243e-04 -6.053439e-01 6.512801e-04 9.999997e-01 -3.452073e-04 -5.301916e-02 9.182391e-04 3.446106e-04 9.999994e-01 6.406739e+00
9.999988e-01 2.101035e-04 -1.534054e-03 -3.707173e-01 -2.099111e-04 1.000000e+00 1.255135e-04 -5.735231e-02 1.534070e-03 -1.251899e-04 9.999987e-01 6.487191e+00
9.999996e-01 -7.197882e-04 -5.422401e-04 -1.174301e-01 7.195657e-04 9.999997e-01 -4.105153e-04 -6.214369e-02 5.425251e-04 4.101263e-04 9.999997e-01 6.554007e+00
9.999887e-01 1.394161e-04 -4.748269e-03 3.853127e-01 -1.410446e-04 9.999999e-01 -3.426557e-04 -6.879719e-02 4.748210e-03 3.433228e-04 9.999886e-01 6.712999e+00
9.999998e-01 -3.896704e-04 -5.505704e-04 7.745070e-01 3.897453e-04 9.999999e-01 1.357255e-04 -7.359832e-02 5.505061e-04 -1.359387e-04 9.999997e-01 6.894777e+00
9.999696e-01 -3.220547e-04 -7.786941e-03 1.772605e+00 3.125935e-04 9.999992e-01 -1.216211e-03 -8.497514e-02 7.787314e-03 1.213742e-03 9.999688e-01 7.050501e+00
9.999948e-01 -2.314800e-04 3.230033e-03 2.386028e+00 2.293317e-04 9.999998e-01 6.654753e-04 -9.289451e-02 -3.230199e-03 -6.647299e-04 9.999945e-01 7.148631e+00
9.999769e-01 -5.904789e-04 -6.764474e-03 3.049589e+00 5.805539e-04 9.999988e-01 -1.469113e-03 -1.020211e-01 6.765320e-03 1.465153e-03 9.999759e-01 7.182365e+00
9.999844e-01 -4.012833e-04 5.577938e-03 3.566790e+00 3.981357e-04 9.999998e-01 5.654247e-04 -1.105020e-01 -5.578177e-03 -5.631941e-04 9.999842e-01 7.146991e+00
9.999773e-01 -3.900682e-04 -6.728708e-03 3.932143e+00 3.821757e-04 9.999992e-01 -1.174222e-03 -1.171161e-01 6.729147e-03 1.171625e-03 9.999766e-01 7.148334e+00
9.999880e-01 -1.339735e-04 4.892957e-03 4.145475e+00 1.293909e-04 9.999996e-01 9.369041e-04 -1.215487e-01 -4.893094e-03 -9.362589e-04 9.999875e-01 7.205095e+00
9.999749e-01 -2.510979e-04 -7.074387e-03 4.308873e+00 2.436965e-04 9.999994e-01 -1.047078e-03 -1.251190e-01 7.074632e-03 1.045328e-03 9.999743e-01 7.269698e+00
9.999845e-01 -2.215930e-04 5.564714e-03 4.440446e+00 2.163003e-04 9.999995e-01 9.517166e-04 -1.285557e-01 -5.564936e-03 -9.504973e-04 9.999840e-01 7.310104e+00
9.999747e-01 -2.363825e-04 -7.109355e-03 4.565467e+00 2.288754e-04 9.999994e-01 -1.056756e-03 -1.319666e-01 7.109587e-03 1.055103e-03 9.999741e-01 7.358514e+00
9.999823e-01 -2.234715e-04 5.937869e-03 4.675880e+00 2.174881e-04 9.999995e-01 1.008306e-03 -1.353237e-01 -5.938106e-03 -1.006996e-03 9.999818e-01 7.400331e+00
9.999771e-01 -2.524306e-04 -6.768030e-03 4.709844e+00 2.457372e-04 9.999995e-01 -9.898002e-04 -1.378182e-01 6.768262e-03 9.881152e-04 9.999765e-01 7.454194e+00
9.999858e-01 -1.130288e-04 5.333332e-03 4.682013e+00 1.069675e-04 9.999993e-01 1.136784e-03 -1.392894e-01 -5.333472e-03 -1.136196e-03 9.999850e-01 7.550698e+00
9.999667e-01 7.885821e-05 -8.158409e-03 4.609083e+00 -8.516584e-05 9.999997e-01 -7.728109e-04 -1.397753e-01 8.158331e-03 7.734810e-04 9.999663e-01 7.729966e+00
9.999883e-01 8.744543e-05 4.831894e-03 4.528654e+00 -9.296030e-05 9.999993e-01 1.141152e-03 -1.400343e-01 -4.831806e-03 -1.141587e-03 9.999876e-01 7.944699e+00
9.999704e-01 -5.785366e-05 -7.688526e-03 4.453213e+00 5.182874e-05 9.999997e-01 -7.838345e-04 -1.405402e-01 7.688554e-03 7.834139e-04 9.999700e-01 8.133145e+00
9.999881e-01 2.757565e-05 4.878049e-03 4.380821e+00 -3.289645e-05 9.999994e-01 1.090707e-03 -1.409599e-01 -4.878031e-03 -1.090853e-03 9.999874e-01 8.308014e+00
9.999679e-01 7.930280e-05 -8.016964e-03 4.302564e+00 -8.496217e-05 9.999997e-01 -7.055988e-04 -1.413182e-01 8.016891e-03 7.062583e-04 9.999675e-01 8.512103e+00
9.999905e-01 1.751050e-04 4.362853e-03 4.215716e+00 -1.800523e-04 9.999993e-01 1.133599e-03 -1.415226e-01 -4.362668e-03 -1.134372e-03 9.999897e-01 8.752515e+00
9.999731e-01 -1.667832e-04 -7.335939e-03 4.140796e+00 1.606756e-04 9.999996e-01 -8.331605e-04 -1.418891e-01 7.336059e-03 8.319605e-04 9.999726e-01 8.937450e+00
9.999898e-01 5.828914e-05 4.513752e-03 4.070831e+00 -6.310638e-05 9.999994e-01 1.067126e-03 -1.422848e-01 -4.513704e-03 -1.067399e-03 9.999891e-01 9.102880e+00
9.999791e-01 -1.952728e-04 -6.469192e-03 4.006813e+00 1.902441e-04 9.999997e-01 -7.779587e-04 -1.431943e-01 6.469325e-03 7.767128e-04 9.999787e-01 9.247778e+00
9.999906e-01 1.583383e-04 4.333228e-03 3.951931e+00 -1.628786e-04 9.999994e-01 1.047483e-03 -1.442121e-01 -4.333077e-03 -1.048178e-03 9.999900e-01 9.399927e+00
9.999815e-01 -2.959846e-04 -6.071149e-03 3.902671e+00 2.913377e-04 9.999997e-01 -7.662965e-04 -1.455632e-01 6.071357e-03 7.645149e-04 9.999812e-01 9.539481e+00
9.999914e-01 1.801223e-04 4.145522e-03 3.838144e+00 -1.844909e-04 9.999994e-01 1.053480e-03 -1.465252e-01 -4.145347e-03 -1.054235e-03 9.999908e-01 9.687564e+00
9.999802e-01 -2.651427e-04 -6.288345e-03 3.772261e+00 2.603691e-04 9.999997e-01 -7.599497e-04 -1.473747e-01 6.288526e-03 7.582986e-04 9.999798e-01 9.842732e+00
9.999934e-01 2.743148e-04 3.616020e-03 3.699300e+00 -2.783569e-04 9.999993e-01 1.117403e-03 -1.480203e-01 -3.615729e-03 -1.118401e-03 9.999927e-01 1.002785e+01
9.999810e-01 -2.720618e-04 -6.152559e-03 3.628020e+00 2.670923e-04 9.999996e-01 -8.085435e-04 -1.487064e-01 6.152759e-03 8.068862e-04 9.999806e-01 1.020478e+01
9.999912e-01 1.860497e-04 4.187960e-03 3.581306e+00 -1.905776e-04 9.999994e-01 1.080835e-03 -1.500301e-01 -4.187774e-03 -1.081622e-03 9.999905e-01 1.035421e+01
9.999822e-01 -1.980023e-04 -5.964810e-03 3.533750e+00 1.934753e-04 9.999997e-01 -7.595570e-04 -1.515248e-01 5.964940e-03 7.583909e-04 9.999818e-01 1.053151e+01
9.999902e-01 2.182112e-04 4.430289e-03 3.475405e+00 -2.228678e-04 9.999994e-01 1.050652e-03 -1.530008e-01 -4.430076e-03 -1.051628e-03 9.999895e-01 1.070912e+01
9.999861e-01 -4.064041e-04 -5.265492e-03 3.433073e+00 4.020108e-04 9.999996e-01 -8.354228e-04 -1.549469e-01 5.265811e-03 8.332958e-04 9.999857e-01 1.083211e+01
9.999946e-01 5.177169e-04 3.249160e-03 3.364484e+00 -5.217572e-04 9.999991e-01 1.242792e-03 -1.561513e-01 -3.248533e-03 -1.244479e-03 9.999939e-01 1.102500e+01
9.999849e-01 -2.909949e-04 -5.488919e-03 3.293077e+00 2.862920e-04 9.999996e-01 -8.575979e-04 -1.573036e-01 5.489147e-03 8.560151e-04 9.999845e-01 1.124057e+01
9.999937e-01 4.379671e-04 3.522404e-03 3.226550e+00 -4.422373e-04 9.999992e-01 1.211642e-03 -1.585709e-01 -3.521890e-03 -1.213190e-03 9.999930e-01 1.144423e+01
9.999833e-01 -2.092969e-04 -5.777597e-03 3.155735e+00 2.044937e-04 9.999996e-01 -8.319614e-04 -1.597566e-01 5.777749e-03 8.307677e-04 9.999829e-01 1.166674e+01
9.999893e-01 9.921693e-05 4.622961e-03 3.114679e+00 -1.039626e-04 9.999995e-01 1.026343e-03 -1.616305e-01 -4.622877e-03 -1.026811e-03 9.999887e-01 1.183060e+01
9.999876e-01 -4.693293e-04 -4.965586e-03 3.127646e+00 4.643575e-04 9.999994e-01 -1.002399e-03 -1.644742e-01 4.966033e-03 1.000082e-03 9.999871e-01 1.194999e+01
9.999915e-01 2.933678e-04 4.119127e-03 3.083636e+00 -2.983961e-04 9.999992e-01 1.220204e-03 -1.664087e-01 -4.118786e-03 -1.221421e-03 9.999907e-01 1.208640e+01
9.999868e-01 -4.176859e-04 -5.114149e-03 3.036654e+00 4.128797e-04 9.999995e-01 -9.408459e-04 -1.683353e-01 5.114520e-03 9.387237e-04 9.999864e-01 1.223414e+01
9.999929e-01 3.926533e-04 3.757936e-03 2.981827e+00 -3.972536e-04 9.999992e-01 1.223523e-03 -1.699933e-01 -3.757472e-03 -1.225006e-03 9.999921e-01 1.240144e+01
9.999890e-01 -5.529409e-04 -4.668045e-03 2.936584e+00 5.482065e-04 9.999993e-01 -1.015480e-03 -1.718829e-01 4.668583e-03 1.012912e-03 9.999885e-01 1.253257e+01
9.999932e-01 3.855411e-04 3.659108e-03 2.883274e+00 -3.903320e-04 9.999991e-01 1.308743e-03 -1.734913e-01 -3.658620e-03 -1.310161e-03 9.999924e-01 1.265713e+01
9.999913e-01 -6.707781e-04 -4.112432e-03 2.846827e+00 6.661155e-04 9.999991e-01 -1.135095e-03 -1.755368e-01 4.113169e-03 1.132347e-03 9.999908e-01 1.275660e+01
9.999921e-01 2.758671e-04 3.975500e-03 2.822671e+00 -2.809924e-04 9.999991e-01 1.288773e-03 -1.778528e-01 -3.975162e-03 -1.289878e-03 9.999912e-01 1.283689e+01
9.999888e-01 -4.733756e-04 -4.700099e-03 2.777186e+00 4.685277e-04 9.999994e-01 -1.032536e-03 -1.797383e-01 4.700565e-03 1.030325e-03 9.999883e-01 1.295898e+01
9.999929e-01 3.218899e-04 3.746667e-03 2.730202e+00 -3.265326e-04 9.999992e-01 1.238660e-03 -1.814929e-01 -3.746286e-03 -1.239872e-03 9.999921e-01 1.309281e+01
9.999905e-01 -5.767344e-04 -4.327205e-03 2.691938e+00 5.724193e-04 9.999993e-01 -9.984423e-04 -1.835283e-01 4.327757e-03 9.959578e-04 9.999900e-01 1.319870e+01
9.999941e-01 3.641144e-04 3.408426e-03 2.640409e+00 -3.683335e-04 9.999992e-01 1.237384e-03 -1.850730e-01 -3.407993e-03 -1.238631e-03 9.999933e-01 1.331043e+01
9.999905e-01 -6.187024e-04 -4.303715e-03 2.590213e+00 6.145336e-04 9.999993e-01 -9.699528e-04 -1.866033e-01 4.304291e-03 9.673009e-04 9.999902e-01 1.341682e+01
9.999959e-01 4.546763e-04 2.809559e-03 2.532600e+00 -4.581868e-04 9.999991e-01 1.249052e-03 -1.877552e-01 -2.809010e-03 -1.250333e-03 9.999952e-01 1.354657e+01
9.999911e-01 -5.999352e-04 -4.183113e-03 2.474984e+00 5.959434e-04 9.999994e-01 -9.554918e-04 -1.890905e-01 4.183662e-03 9.529924e-04 9.999907e-01 1.368208e+01
9.999967e-01 5.480633e-04 2.504078e-03 2.412820e+00 -5.513113e-04 9.999990e-01 1.296673e-03 -1.902823e-01 -2.503387e-03 -1.298048e-03 9.999959e-01 1.383764e+01
9.999918e-01 -6.346244e-04 -4.007776e-03 2.352822e+00 6.305332e-04 9.999993e-01 -1.022069e-03 -1.915170e-01 4.008401e-03 1.019536e-03 9.999913e-01 1.398010e+01
9.999946e-01 3.546970e-04 3.265422e-03 2.304683e+00 -3.588179e-04 9.999991e-01 1.261536e-03 -1.931342e-01 -3.264993e-03 -1.262699e-03 9.999938e-01 1.407845e+01
9.999900e-01 -5.690357e-04 -4.446181e-03 2.248878e+00 5.646477e-04 9.999994e-01 -9.881605e-04 -1.945203e-01 4.446719e-03 9.856422e-04 9.999895e-01 1.419903e+01
9.999964e-01 5.533570e-04 2.606379e-03 2.184338e+00 -5.568246e-04 9.999990e-01 1.329980e-03 -1.956304e-01 -2.605662e-03 -1.331425e-03 9.999956e-01 1.436272e+01
9.999902e-01 -5.775972e-04 -4.381805e-03 2.120200e+00 5.731094e-04 9.999993e-01 -1.025423e-03 -1.967654e-01 4.382373e-03 1.022904e-03 9.999898e-01 1.452161e+01
9.999988e-01 6.985655e-04 1.405252e-03 2.040916e+00 -7.005559e-04 9.999988e-01 1.416591e-03 -1.972714e-01 -1.404283e-03 -1.417572e-03 9.999979e-01 1.472891e+01
9.999923e-01 -5.550129e-04 -3.878486e-03 1.967366e+00 5.510024e-04 9.999993e-01 -1.035100e-03 -1.981091e-01 3.879036e-03 1.032957e-03 9.999918e-01 1.492909e+01
9.999987e-01 6.741985e-04 1.481239e-03 1.894464e+00 -6.762664e-04 9.999988e-01 1.396228e-03 -1.989865e-01 -1.480319e-03 -1.397226e-03 9.999978e-01 1.512441e+01
9.999925e-01 -5.245902e-04 -3.824584e-03 1.822272e+00 5.207332e-04 9.999994e-01 -1.009468e-03 -1.999292e-01 3.825089e-03 1.007471e-03 9.999921e-01 1.532431e+01
9.999990e-01 6.991904e-04 1.228385e-03 1.745972e+00 -7.009030e-04 9.999988e-01 1.394539e-03 -2.007605e-01 -1.227431e-03 -1.395396e-03 9.999982e-01 1.553437e+01
9.999886e-01 -4.048111e-04 -4.752529e-03 1.658185e+00 4.002355e-04 9.999995e-01 -9.637595e-04 -2.010716e-01 4.752893e-03 9.618489e-04 9.999881e-01 1.577939e+01
9.999987e-01 6.549291e-04 1.469226e-03 1.574786e+00 -6.569235e-04 9.999989e-01 1.357583e-03 -2.014545e-01 -1.468359e-03 -1.358544e-03 9.999979e-01 1.600915e+01
9.999909e-01 -5.403863e-04 -4.234938e-03 1.497990e+00 5.361656e-04 9.999994e-01 -9.978052e-04 -2.020696e-01 4.235450e-03 9.955280e-04 9.999904e-01 1.620878e+01
9.999955e-01 4.055224e-04 2.968784e-03 1.441732e+00 -4.093586e-04 9.999991e-01 1.291796e-03 -2.034266e-01 -2.968281e-03 -1.293003e-03 9.999947e-01 1.634089e+01
9.999906e-01 -5.200769e-04 -4.308162e-03 1.383181e+00 5.157259e-04 9.999994e-01 -1.011079e-03 -2.047828e-01 4.308661e-03 1.008850e-03 9.999901e-01 1.647812e+01
9.999964e-01 4.067029e-04 2.648651e-03 1.321655e+00 -4.101563e-04 9.999991e-01 1.303561e-03 -2.059085e-01 -2.648143e-03 -1.304640e-03 9.999955e-01 1.662082e+01
9.999901e-01 -5.192470e-04 -4.428140e-03 1.258530e+00 5.148143e-04 9.999994e-01 -1.002198e-03 -2.069745e-01 4.428633e-03 9.999108e-04 9.999896e-01 1.676666e+01
9.999970e-01 4.707332e-04 2.410037e-03 1.192852e+00 -4.739261e-04 9.999990e-01 1.324558e-03 -2.079120e-01 -2.409436e-03 -1.325693e-03 9.999961e-01 1.692602e+01
9.999914e-01 -5.633562e-04 -4.096424e-03 1.131259e+00 5.590809e-04 9.999993e-01 -1.044813e-03 -2.090207e-01 4.096985e-03 1.042516e-03 9.999910e-01 1.707006e+01
9.999963e-01 3.929936e-04 2.706817e-03 1.074385e+00 -3.965569e-04 9.999991e-01 1.316108e-03 -2.102541e-01 -2.706322e-03 -1.317174e-03 9.999954e-01 1.719713e+01
9.999911e-01 -4.901529e-04 -4.191668e-03 1.015936e+00 4.858707e-04 9.999994e-01 -1.022649e-03 -2.114943e-01 4.192141e-03 1.020606e-03 9.999906e-01 1.733742e+01
9.999960e-01 4.363672e-04 2.791812e-03 9.569365e-01 -4.401391e-04 9.999990e-01 1.350704e-03 -2.129055e-01 -2.791246e-03 -1.351925e-03 9.999951e-01 1.748749e+01
9.999898e-01 -3.717161e-04 -4.502282e-03 8.936887e-01 3.671991e-04 9.999994e-01 -1.004149e-03 -2.142239e-01 4.502627e-03 1.002488e-03 9.999893e-01 1.766273e+01
9.999949e-01 3.123975e-04 3.170364e-03 8.360140e-01 -3.165166e-04 9.999991e-01 1.298965e-03 -2.156500e-01 -3.169981e-03 -1.299959e-03 9.999940e-01 1.780704e+01
9.999897e-01 -4.089462e-04 -4.511875e-03 7.784027e-01 4.044934e-04 9.999994e-01 -9.878631e-04 -2.170401e-01 4.512251e-03 9.860308e-04 9.999892e-01 1.794839e+01
9.999941e-01 2.882963e-04 3.427828e-03 7.261451e-01 -2.926292e-04 9.999992e-01 1.263733e-03 -2.186316e-01 -3.427487e-03 -1.264726e-03 9.999932e-01 1.808678e+01
9.999907e-01 -4.581039e-04 -4.286525e-03 6.805552e-01 4.537676e-04 9.999994e-01 -1.012614e-03 -2.205158e-01 4.286961e-03 1.010662e-03 9.999902e-01 1.822317e+01
9.999943e-01 3.007838e-04 3.365837e-03 6.297425e-01 -3.050626e-04 9.999991e-01 1.270917e-03 -2.222031e-01 -3.365478e-03 -1.271934e-03 9.999934e-01 1.834597e+01
9.999895e-01 -5.265885e-04 -4.542579e-03 5.740592e-01 5.219920e-04 9.999994e-01 -1.013076e-03 -2.235687e-01 4.543084e-03 1.010697e-03 9.999891e-01 1.846359e+01
9.999975e-01 4.817261e-04 2.161258e-03 5.036796e-01 -4.846456e-04 9.999990e-01 1.350722e-03 -2.243332e-01 -2.160631e-03 -1.351763e-03 9.999967e-01 1.863415e+01
9.999858e-01 -3.540445e-04 -5.324508e-03 4.244965e-01 3.489017e-04 9.999995e-01 -9.668395e-04 -2.246836e-01 5.324821e-03 9.649710e-04 9.999853e-01 1.884152e+01
9.999963e-01 4.742110e-04 2.686726e-03 3.500382e-01 -4.778411e-04 9.999990e-01 1.350812e-03 -2.253819e-01 -2.686110e-03 -1.352088e-03 9.999954e-01 1.904063e+01
9.999875e-01 -3.628910e-04 -4.983967e-03 2.795770e-01 3.579927e-04 9.999995e-01 -9.837666e-04 -2.262987e-01 4.984294e-03 9.819732e-04 9.999870e-01 1.923155e+01
9.999966e-01 4.968055e-04 2.550780e-03 2.060671e-01 -5.003035e-04 9.999989e-01 1.371060e-03 -2.272163e-01 -2.550123e-03 -1.372329e-03 9.999957e-01 1.943323e+01
9.999843e-01 -2.334275e-04 -5.591718e-03 1.248626e-01 2.281430e-04 9.999995e-01 -9.457527e-04 -2.278318e-01 5.591908e-03 9.444654e-04 9.999838e-01 1.966521e+01
9.999952e-01 4.239947e-04 3.059017e-03 5.172454e-02 -4.280636e-04 9.999990e-01 1.329774e-03 -2.286778e-01 -3.058478e-03 -1.331074e-03 9.999943e-01 1.987310e+01
9.999856e-01 -2.666023e-04 -5.360354e-03 -1.921103e-02 2.615620e-04 9.999995e-01 -9.410482e-04 -2.296822e-01 5.360574e-03 9.396358e-04 9.999851e-01 2.007379e+01
9.999959e-01 3.563020e-04 2.852137e-03 -7.907281e-02 -3.597553e-04 9.999992e-01 1.210540e-03 -2.308457e-01 -2.851732e-03 -1.211558e-03 9.999951e-01 2.026515e+01
9.999885e-01 -2.740340e-04 -4.783787e-03 -1.437442e-01 2.698830e-04 9.999996e-01 -8.684557e-04 -2.320434e-01 4.783995e-03 8.671580e-04 9.999881e-01 2.045380e+01
9.999981e-01 5.570319e-04 1.856273e-03 -2.252541e-01 -5.595087e-04 9.999990e-01 1.334283e-03 -2.328320e-01 -1.855557e-03 -1.335316e-03 9.999973e-01 2.069343e+01
9.999894e-01 -3.074365e-04 -4.601486e-03 -3.013348e-01 3.031821e-04 9.999995e-01 -9.253467e-04 -2.335956e-01 4.601739e-03 9.239452e-04 9.999889e-01 2.091438e+01
9.999975e-01 4.941368e-04 2.175248e-03 -3.738475e-01 -4.969845e-04 9.999990e-01 1.309044e-03 -2.345312e-01 -2.174628e-03 -1.310119e-03 9.999967e-01 2.112086e+01
9.999883e-01 -2.540132e-04 -4.826525e-03 -4.494363e-01 2.497708e-04 9.999996e-01 -8.796731e-04 -2.353977e-01 4.826717e-03 8.784608e-04 9.999879e-01 2.134275e+01
9.999980e-01 5.347054e-04 1.900531e-03 -5.282171e-01 -5.371756e-04 9.999990e-01 1.299750e-03 -2.361199e-01 -1.899864e-03 -1.300765e-03 9.999973e-01 2.157450e+01
9.999829e-01 -2.036567e-04 -5.838108e-03 -6.197064e-01 1.985934e-04 9.999996e-01 -8.679480e-04 -2.362589e-01 5.838252e-03 8.667773e-04 9.999825e-01 2.183307e+01
9.999997e-01 7.559088e-04 6.311061e-05 -7.231459e-01 -7.560018e-04 9.999986e-01 1.495231e-03 -2.354705e-01 -6.201117e-05 -1.495275e-03 9.999988e-01 2.216632e+01
9.999912e-01 -2.735084e-04 -4.192995e-03 -8.167532e-01 2.692811e-04 9.999995e-01 -1.008862e-03 -2.355387e-01 4.193238e-03 1.007728e-03 9.999906e-01 2.244911e+01
9.999996e-01 6.167298e-04 5.876088e-04 -9.043298e-01 -6.175753e-04 9.999988e-01 1.440808e-03 -2.358277e-01 -5.867511e-04 -1.441166e-03 9.999987e-01 2.270142e+01
9.999934e-01 -3.927854e-04 -3.611159e-03 -9.837334e-01 3.890633e-04 9.999994e-01 -1.031564e-03 -2.364153e-01 3.611530e-03 1.030156e-03 9.999929e-01 2.292468e+01
9.999997e-01 6.414330e-04 4.171317e-04 -1.065508e+00 -6.420348e-04 9.999987e-01 1.445661e-03 -2.368998e-01 -4.162361e-04 -1.445925e-03 9.999988e-01 2.315490e+01
9.999934e-01 -4.147204e-04 -3.620669e-03 -1.147471e+00 4.109277e-04 9.999994e-01 -1.048352e-03 -2.373558e-01 3.621069e-03 1.046861e-03 9.999928e-01 2.338079e+01
9.999997e-01 5.749810e-04 5.389767e-04 -1.225975e+00 -5.757490e-04 9.999988e-01 1.427030e-03 -2.378587e-01 -5.381884e-04 -1.427336e-03 9.999987e-01 2.359559e+01
9.999841e-01 -2.971825e-04 -5.631179e-03 -1.234261e+00 2.914921e-04 9.999994e-01 -1.011440e-03 -2.376587e-01 5.631443e-03 1.009787e-03 9.999835e-01 2.385102e+01
9.999968e-01 3.397566e-04 -2.506449e-03 -7.365227e-01 -3.371090e-04 9.999994e-01 1.056397e-03 -2.420251e-01 2.506772e-03 -1.055544e-03 9.999962e-01 2.408446e+01
9.999990e-01 1.633759e-05 -1.445102e-03 -8.267960e-01 -1.718988e-05 9.999998e-01 -5.902626e-04 -2.421245e-01 1.445058e-03 5.902907e-04 9.999987e-01 2.434552e+01
9.999975e-01 3.088569e-04 -2.234582e-03 -9.142295e-01 -3.065573e-04 9.999994e-01 1.029044e-03 -2.423449e-01 2.234864e-03 -1.028353e-03 9.999969e-01 2.459516e+01
9.999989e-01 3.663454e-05 -1.448619e-03 -1.002836e+00 -3.746736e-05 9.999998e-01 -5.753917e-04 -2.425958e-01 1.448563e-03 5.754494e-04 9.999987e-01 2.484974e+01
9.999976e-01 2.908288e-04 -2.165011e-03 -1.090578e+00 -2.886179e-04 9.999994e-01 1.021106e-03 -2.428697e-01 2.165271e-03 -1.020474e-03 9.999970e-01 2.510030e+01
9.999991e-01 4.191328e-05 -1.367854e-03 -1.176864e+00 -4.269783e-05 9.999998e-01 -5.741068e-04 -2.431787e-01 1.367794e-03 5.741687e-04 9.999988e-01 2.534865e+01
9.999996e-01 3.473619e-05 -9.256865e-04 -1.247617e+00 -3.386669e-05 9.999996e-01 9.384911e-04 -2.440874e-01 9.256827e-04 -9.384553e-04 9.999990e-01 2.553576e+01
9.999989e-01 8.303833e-05 -1.453389e-03 -1.320706e+00 -8.386182e-05 9.999998e-01 -5.670886e-04 -2.449967e-01 1.453306e-03 5.672139e-04 9.999987e-01 2.573248e+01
9.999988e-01 1.680647e-04 -1.559896e-03 -1.402739e+00 -1.664957e-04 9.999995e-01 1.005414e-03 -2.456509e-01 1.560028e-03 -1.005149e-03 9.999982e-01 2.596520e+01
9.999776e-01 -2.312187e-04 -6.687784e-03 -9.932294e-01 2.181965e-04 9.999981e-01 -1.947941e-03 -2.503827e-01 6.688184e-03 1.946442e-03 9.999756e-01 2.621570e+01
9.999997e-01 5.987017e-04 -3.715321e-04 -8.911827e-01 -5.978049e-04 9.999969e-01 2.407206e-03 -2.504917e-01 3.729342e-04 -2.406979e-03 9.999969e-01 2.652764e+01
9.999925e-01 -2.672620e-05 -3.875270e-03 -9.878614e-01 1.949578e-05 9.999983e-01 -1.866031e-03 -2.506255e-01 3.875275e-03 1.865946e-03 9.999907e-01 2.683131e+01
9.999999e-01 4.421253e-04 1.569388e-04 -1.077575e+00 -4.424845e-04 9.999973e-01 2.301366e-03 -2.509291e-01 -1.559595e-04 -2.301431e-03 9.999972e-01 2.709802e+01
9.999926e-01 -1.195168e-04 -3.839711e-03 -1.165075e+00 1.123707e-04 9.999983e-01 -1.861491e-03 -2.511686e-01 3.839887e-03 1.861050e-03 9.999908e-01 2.734824e+01
9.999999e-01 3.656995e-04 3.837583e-04 -1.248695e+00 -3.665706e-04 9.999973e-01 2.274726e-03 -2.514573e-01 -3.829647e-04 -2.274862e-03 9.999972e-01 2.758123e+01
9.999958e-01 -1.984565e-04 -2.898078e-03 -1.320141e+00 1.930160e-04 9.999982e-01 -1.877756e-03 -2.522754e-01 2.898406e-03 1.877193e-03 9.999939e-01 2.778337e+01
9.999997e-01 4.332803e-04 6.072097e-04 -1.392159e+00 -4.346773e-04 9.999973e-01 2.303713e-03 -2.534896e-01 -6.062497e-04 -2.303973e-03 9.999971e-01 2.800959e+01
9.999951e-01 -1.340581e-04 -3.142239e-03 -1.468584e+00 1.280105e-04 9.999981e-01 -1.925054e-03 -2.545123e-01 3.142451e-03 1.924647e-03 9.999931e-01 2.823744e+01
9.999992e-01 2.713694e-04 1.192622e-03 -1.535419e+00 -2.740960e-04 9.999973e-01 2.287379e-03 -2.558089e-01 -1.192039e-03 -2.287700e-03 9.999966e-01 2.843895e+01
9.999939e-01 -2.270503e-05 -3.486920e-03 -1.607408e+00 1.607853e-05 9.999982e-01 -1.900683e-03 -2.570353e-01 3.486917e-03 1.900620e-03 9.999920e-01 2.866513e+01
9.999998e-01 3.926524e-04 5.259975e-04 -1.691631e+00 -3.938865e-04 9.999972e-01 2.349831e-03 -2.578530e-01 -5.251140e-04 -2.350033e-03 9.999970e-01 2.891681e+01
9.999918e-01 -2.344534e-05 -4.052802e-03 -1.781285e+00 1.557619e-05 9.999981e-01 -1.941923e-03 -2.582422e-01 4.052799e-03 1.941849e-03 9.999898e-01 2.917356e+01
9.999993e-01 1.520560e-04 1.170300e-03 -1.858832e+00 -1.547860e-04 9.999973e-01 2.333800e-03 -2.587961e-01 -1.169983e-03 -2.333976e-03 9.999965e-01 2.937958e+01
9.999922e-01 3.436389e-05 -3.936277e-03 -1.936948e+00 -4.199663e-05 9.999981e-01 -1.939270e-03 -2.595111e-01 3.936161e-03 1.939425e-03 9.999903e-01 2.959409e+01
9.999990e-01 1.193691e-04 1.396604e-03 -2.011812e+00 -1.226157e-04 9.999973e-01 2.325470e-03 -2.603351e-01 -1.396365e-03 -2.325635e-03 9.999962e-01 2.979901e+01
9.999917e-01 7.577164e-05 -4.076077e-03 -2.089810e+00 -8.361635e-05 9.999981e-01 -1.924696e-03 -2.611376e-01 4.075881e-03 1.925025e-03 9.999897e-01 3.001516e+01
9.999984e-01 1.013276e-04 1.789863e-03 -2.163534e+00 -1.054647e-04 9.999973e-01 2.312037e-03 -2.622043e-01 -1.789666e-03 -2.312218e-03 9.999956e-01 3.022204e+01
9.999909e-01 5.991851e-05 -4.259087e-03 -2.239130e+00 -6.814991e-05 9.999981e-01 -1.932800e-03 -2.630994e-01 4.258921e-03 1.933078e-03 9.999890e-01 3.042807e+01
9.999987e-01 1.125628e-04 1.621157e-03 -2.316077e+00 -1.163322e-04 9.999973e-01 2.325843e-03 -2.638831e-01 -1.620934e-03 -2.326024e-03 9.999959e-01 3.063882e+01
9.999884e-01 1.791875e-04 -4.815033e-03 -2.401036e+00 -1.882517e-04 9.999982e-01 -1.882318e-03 -2.644222e-01 4.814644e-03 1.883207e-03 9.999865e-01 3.087995e+01
9.999992e-01 2.215961e-04 1.273538e-03 -2.491735e+00 -2.246033e-04 9.999972e-01 2.362502e-03 -2.648655e-01 -1.273054e-03 -2.362782e-03 9.999963e-01 3.114794e+01
9.999866e-01 2.975401e-04 -5.174376e-03 -2.586381e+00 -3.071896e-04 9.999982e-01 -1.864381e-03 -2.651561e-01 5.173768e-03 1.865951e-03 9.999848e-01 3.143803e+01
9.999984e-01 1.470351e-04 1.805806e-03 -2.675453e+00 -1.512716e-04 9.999972e-01 2.346771e-03 -2.657564e-01 -1.805500e-03 -2.347035e-03 9.999955e-01 3.170976e+01
9.999906e-01 7.504149e-05 -4.322756e-03 -2.751649e+00 -8.361710e-05 9.999980e-01 -1.983954e-03 -2.666490e-01 4.322555e-03 1.984302e-03 9.999886e-01 3.192344e+01
9.999973e-01 -5.328036e-05 2.341509e-03 -2.819796e+00 4.781483e-05 9.999973e-01 2.334657e-03 -2.677315e-01 -2.341671e-03 -2.334534e-03 9.999944e-01 3.209868e+01
9.999883e-01 2.093738e-04 -4.828068e-03 -2.894234e+00 -2.187886e-04 9.999981e-01 -1.949815e-03 -2.685831e-01 4.827606e-03 1.950853e-03 9.999863e-01 3.230252e+01
9.999985e-01 -1.278616e-05 1.755235e-03 -2.975293e+00 8.641931e-06 9.999972e-01 2.361699e-03 -2.691076e-01 -1.755305e-03 -2.361675e-03 9.999956e-01 3.252481e+01
9.999877e-01 3.607133e-04 -4.938072e-03 -3.059102e+00 -3.700709e-04 9.999981e-01 -1.894451e-03 -2.696984e-01 4.937334e-03 1.896260e-03 9.999859e-01 3.277392e+01
9.999983e-01 -9.843708e-06 1.858860e-03 -3.141091e+00 5.507439e-06 9.999973e-01 2.333374e-03 -2.703512e-01 -1.858923e-03 -2.333355e-03 9.999955e-01 3.301973e+01
9.999891e-01 2.446126e-04 -4.659550e-03 -3.217895e+00 -2.536385e-04 9.999981e-01 -1.936858e-03 -2.711542e-01 4.659022e-03 1.938023e-03 9.999872e-01 3.324406e+01
9.999989e-01 4.509727e-05 1.474117e-03 -3.299256e+00 -4.862224e-05 9.999971e-01 2.392099e-03 -2.717379e-01 -1.474051e-03 -2.392163e-03 9.999960e-01 3.348431e+01
9.999895e-01 2.750166e-04 -4.563576e-03 -3.379556e+00 -2.839554e-04 9.999980e-01 -1.958473e-03 -2.723514e-01 4.562982e-03 1.959754e-03 9.999876e-01 3.372320e+01
9.999987e-01 -4.408569e-05 1.614956e-03 -3.458737e+00 4.025756e-05 9.999972e-01 2.371141e-03 -2.730282e-01 -1.615102e-03 -2.371068e-03 9.999958e-01 3.394886e+01
9.999893e-01 3.274310e-04 -4.621938e-03 -3.538223e+00 -3.363550e-04 9.999981e-01 -1.930431e-03 -2.736381e-01 4.621250e-03 1.931970e-03 9.999874e-01 3.418062e+01
9.999962e-01 -2.213634e-04 2.730107e-03 -3.603533e+00 2.151207e-04 9.999974e-01 2.287184e-03 -2.749202e-01 -2.730653e-03 -2.286583e-03 9.999936e-01 3.437625e+01
9.999918e-01 1.795366e-04 -4.039511e-03 -3.657104e+00 -1.876522e-04 9.999980e-01 -2.009090e-03 -2.765686e-01 4.039095e-03 2.009837e-03 9.999897e-01 3.454337e+01
9.999970e-01 -1.412441e-04 2.459219e-03 -3.717910e+00 1.354431e-04 9.999972e-01 2.359390e-03 -2.781056e-01 -2.459592e-03 -2.359045e-03 9.999941e-01 3.471801e+01
9.999905e-01 2.621248e-04 -4.343576e-03 -3.783760e+00 -2.708756e-04 9.999979e-01 -2.014494e-03 -2.794415e-01 4.342992e-03 2.015656e-03 9.999884e-01 3.491178e+01
9.999968e-01 -1.629958e-04 2.524925e-03 -3.848293e+00 1.570427e-04 9.999972e-01 2.358259e-03 -2.808259e-01 -2.525350e-03 -2.357850e-03 9.999939e-01 3.510434e+01
9.999927e-01 1.145976e-04 -3.808051e-03 -3.901496e+00 -1.225456e-04 9.999978e-01 -2.087367e-03 -2.824963e-01 3.807756e-03 2.087824e-03 9.999905e-01 3.526925e+01
9.999966e-01 -1.880749e-04 2.613090e-03 -3.954230e+00 1.819317e-04 9.999972e-01 2.351497e-03 -2.841686e-01 -2.613572e-03 -2.351008e-03 9.999937e-01 3.542448e+01
9.999943e-01 -4.384918e-06 -3.383598e-03 -3.998960e+00 -2.729844e-06 9.999978e-01 -2.103134e-03 -2.860802e-01 3.383552e-03 2.103136e-03 9.999920e-01 3.555323e+01
9.999985e-01 6.477037e-05 1.729610e-03 -4.059936e+00 -6.903050e-05 9.999970e-01 2.463884e-03 -2.876023e-01 -1.729493e-03 -2.463994e-03 9.999954e-01 3.574112e+01
9.999936e-01 2.596213e-05 -3.580636e-03 -4.120010e+00 -3.378114e-05 9.999976e-01 -2.184056e-03 -2.890878e-01 3.580522e-03 2.184168e-03 9.999911e-01 3.594264e+01
9.999954e-01 -3.194382e-04 3.004474e-03 -4.144543e+00 3.125198e-04 9.999973e-01 2.303354e-03 -2.913569e-01 -3.005250e-03 -2.302399e-03 9.999927e-01 3.606185e+01
9.999906e-01 2.788079e-04 -4.321658e-03 -4.198867e+00 -2.872690e-04 9.999980e-01 -1.957681e-03 -2.931449e-01 4.321055e-03 1.958909e-03 9.999887e-01 3.621548e+01
9.999979e-01 -1.546234e-04 2.026920e-03 -4.272844e+00 1.499179e-04 9.999973e-01 2.322149e-03 -2.941295e-01 -2.027322e-03 -2.321835e-03 9.999952e-01 3.641391e+01
9.999900e-01 3.054561e-04 -4.465536e-03 -4.347953e+00 -3.141793e-04 9.999980e-01 -1.953219e-03 -2.950209e-01 4.464882e-03 1.954608e-03 9.999880e-01 3.661691e+01
9.999977e-01 -1.214300e-04 2.126508e-03 -4.422208e+00 1.164261e-04 9.999972e-01 2.353723e-03 -2.960452e-01 -2.126837e-03 -2.353464e-03 9.999949e-01 3.682653e+01
9.999900e-01 3.505115e-04 -4.451873e-03 -4.494478e+00 -3.592239e-04 9.999980e-01 -1.956712e-03 -2.971422e-01 4.451130e-03 1.958298e-03 9.999881e-01 3.704822e+01
9.999976e-01 -1.360056e-04 2.191042e-03 -4.565775e+00 1.308874e-04 9.999973e-01 2.336587e-03 -2.983190e-01 -2.191403e-03 -2.336289e-03 9.999948e-01 3.726943e+01
9.999899e-01 3.136362e-04 -4.476198e-03 -4.638858e+00 -3.224353e-04 9.999980e-01 -1.965504e-03 -2.993656e-01 4.475523e-03 1.966934e-03 9.999880e-01 3.747344e+01
9.999970e-01 -2.143426e-04 2.441840e-03 -4.708525e+00 2.086565e-04 9.999973e-01 2.329243e-03 -3.005168e-01 -2.442383e-03 -2.328721e-03 9.999942e-01 3.766224e+01
9.999882e-01 4.408584e-04 -4.840902e-03 -4.783639e+00 -4.501556e-04 9.999981e-01 -1.919955e-03 -3.015446e-01 4.839997e-03 1.922117e-03 9.999863e-01 3.787860e+01
9.999968e-01 -2.353083e-04 2.522022e-03 -4.856846e+00 2.294971e-04 9.999973e-01 2.304793e-03 -3.026111e-01 -2.522608e-03 -2.304202e-03 9.999941e-01 3.809070e+01
9.999921e-01 1.737573e-04 -3.976120e-03 -4.911114e+00 -1.819220e-04 9.999979e-01 -2.053561e-03 -3.041087e-01 3.975705e-03 2.054274e-03 9.999899e-01 3.823923e+01
9.999976e-01 -1.272074e-04 2.162991e-03 -4.976316e+00 1.219103e-04 9.999970e-01 2.449644e-03 -3.054279e-01 -2.163346e-03 -2.449368e-03 9.999946e-01 3.841906e+01
9.999921e-01 2.012065e-04 -3.965150e-03 -5.038897e+00 -2.097663e-04 9.999976e-01 -2.158868e-03 -3.067341e-01 3.964656e-03 2.159688e-03 9.999897e-01 3.860516e+01
9.999961e-01 -2.956200e-04 2.768964e-03 -5.089304e+00 2.888077e-04 9.999969e-01 2.460867e-03 -3.085633e-01 -2.769733e-03 -2.460052e-03 9.999930e-01 3.875549e+01
9.999914e-01 2.618109e-04 -4.133072e-03 -5.143764e+00 -2.708186e-04 9.999976e-01 -2.179411e-03 -3.101729e-01 4.132441e-03 2.180517e-03 9.999890e-01 3.892321e+01
9.999930e-01 -6.224593e-04 3.695981e-03 -5.107853e+00 6.148287e-04 9.999977e-01 2.065758e-03 -3.132290e-01 -3.697309e-03 -2.063465e-03 9.999909e-01 3.905120e+01
9.999916e-01 2.593524e-04 -4.091236e-03 -5.075412e+00 -2.679474e-04 9.999978e-01 -2.100847e-03 -3.163678e-01 4.090632e-03 2.101932e-03 9.999893e-01 3.917853e+01
9.999926e-01 -7.118967e-04 3.784357e-03 -5.003885e+00 7.047192e-04 9.999980e-01 1.898012e-03 -3.198623e-01 -3.785751e-03 -1.895325e-03 9.999909e-01 3.927466e+01
9.999941e-01 -3.062805e-04 -3.432809e-03 -4.709309e+00 2.958394e-04 9.999953e-01 -3.042154e-03 -3.253307e-01 3.433674e-03 3.041127e-03 9.999894e-01 3.915734e+01
9.999944e-01 -5.899714e-04 3.296416e-03 -4.487822e+00 5.816115e-04 9.999966e-01 2.536904e-03 -3.310636e-01 -3.297953e-03 -2.534967e-03 9.999913e-01 3.917338e+01
9.999924e-01 2.736794e-04 -3.883081e-03 -4.472423e+00 -2.833102e-04 9.999969e-01 -2.480268e-03 -3.339688e-01 3.882339e-03 2.481355e-03 9.999893e-01 3.930522e+01
9.999971e-01 -3.423440e-04 2.386513e-03 -4.530182e+00 3.357021e-04 9.999961e-01 2.783604e-03 -3.353931e-01 -2.387508e-03 -2.782789e-03 9.999932e-01 3.946252e+01
9.999927e-01 3.187904e-04 -3.810588e-03 -4.586133e+00 -3.282026e-04 9.999969e-01 -2.470082e-03 -3.369507e-01 3.809737e-03 2.471320e-03 9.999896e-01 3.963405e+01
9.999969e-01 -4.052694e-04 2.472979e-03 -4.624844e+00 3.986751e-04 9.999964e-01 2.667070e-03 -3.388655e-01 -2.474102e-03 -2.666070e-03 9.999933e-01 3.981890e+01
9.999960e-01 1.372943e-05 -2.818121e-03 -4.568199e+00 -2.157659e-05 9.999961e-01 -2.785122e-03 -3.422352e-01 2.818020e-03 2.785177e-03 9.999921e-01 3.993940e+01
9.999946e-01 -1.256250e-03 3.041489e-03 -4.148410e+00 1.253072e-03 9.999987e-01 1.046955e-03 -3.455066e-01 -3.042851e-03 -1.043132e-03 9.999947e-01 3.949834e+01
9.999932e-01 -5.790917e-04 -3.635501e-03 -3.588181e+00 5.654778e-04 9.999928e-01 -3.745067e-03 -3.476409e-01 3.637592e-03 3.742992e-03 9.999863e-01 3.877667e+01
9.999928e-01 -7.025399e-04 3.721083e-03 -3.233408e+00 6.930579e-04 9.999965e-01 2.549247e-03 -3.529467e-01 -3.722912e-03 -2.546644e-03 9.999897e-01 3.856066e+01
9.999938e-01 -4.749522e-04 -3.498144e-03 -2.925775e+00 4.625948e-04 9.999937e-01 -3.532976e-03 -3.584659e-01 3.499749e-03 3.531342e-03 9.999875e-01 3.841556e+01
9.999926e-01 -4.876510e-04 3.825694e-03 -2.711958e+00 4.767572e-04 9.999958e-01 2.848290e-03 -3.635461e-01 -3.827118e-03 -2.846440e-03 9.999885e-01 3.837680e+01
9.999929e-01 -2.402226e-04 -3.762486e-03 -2.586013e+00 2.283643e-04 9.999950e-01 -3.152258e-03 -3.679098e-01 3.763173e-03 3.151382e-03 9.999879e-01 3.842124e+01
9.999938e-01 -1.361540e-04 3.528345e-03 -2.572133e+00 1.250798e-04 9.999951e-01 3.139087e-03 -3.707882e-01 -3.528806e-03 -3.138621e-03 9.999888e-01 3.851276e+01
9.999940e-01 -4.281482e-04 -3.448749e-03 -2.482670e+00 4.165519e-04 9.999943e-01 -3.362916e-03 -3.745682e-01 3.450118e-03 3.361465e-03 9.999883e-01 3.854849e+01
9.999932e-01 -2.820326e-04 3.670726e-03 -2.376241e+00 2.705656e-04 9.999951e-01 3.124401e-03 -3.785718e-01 -3.671641e-03 -3.123381e-03 9.999883e-01 3.856476e+01
9.999930e-01 -1.522471e-04 -3.749667e-03 -2.376057e+00 1.408498e-04 9.999954e-01 -3.040036e-03 -3.812339e-01 3.750062e-03 3.039491e-03 9.999883e-01 3.864305e+01
9.999949e-01 -1.361768e-04 3.203779e-03 -2.416231e+00 1.257391e-04 9.999947e-01 3.258357e-03 -3.831819e-01 -3.204257e-03 -3.257932e-03 9.999895e-01 3.874692e+01
9.999948e-01 -3.332486e-04 -3.208678e-03 -2.374110e+00 3.225954e-04 9.999944e-01 -3.320547e-03 -3.863143e-01 3.209716e-03 3.319500e-03 9.999892e-01 3.881714e+01
9.999937e-01 -1.132520e-03 3.352163e-03 -1.903736e+00 1.127459e-03 9.999982e-01 1.511655e-03 -3.901427e-01 -3.353921e-03 -1.507861e-03 9.999931e-01 3.835908e+01
9.999912e-01 -8.851510e-04 -4.098867e-03 -1.217470e+00 8.648589e-04 9.999874e-01 -4.950144e-03 -3.918299e-01 4.103146e-03 4.946560e-03 9.999793e-01 3.745047e+01
9.999938e-01 -1.168351e-03 3.326476e-03 -5.187970e-01 1.163556e-03 9.999983e-01 1.443398e-03 -3.935673e-01 -3.328208e-03 -1.439514e-03 9.999933e-01 3.654069e+01
9.999913e-01 -9.964006e-04 -4.037280e-03 2.019258e-01 9.761460e-04 9.999869e-01 -5.016101e-03 -3.954978e-01 4.042174e-03 5.012121e-03 9.999792e-01 3.562241e+01
9.999932e-01 -8.078074e-04 3.610035e-03 7.572024e-01 7.986652e-04 9.999965e-01 2.533475e-03 -3.984735e-01 -3.612120e-03 -2.530570e-03 9.999902e-01 3.498343e+01
9.999914e-01 -1.090294e-03 -4.000377e-03 1.440862e+00 1.067081e-03 9.999826e-01 -5.800630e-03 -4.010191e-01 4.006580e-03 5.796315e-03 9.999751e-01 3.415986e+01
9.999943e-01 -1.136236e-03 3.188905e-03 2.244165e+00 1.129506e-03 9.999971e-01 2.111759e-03 -4.039253e-01 -3.191347e-03 -2.108142e-03 9.999926e-01 3.319483e+01
9.999937e-01 -6.058669e-04 -3.491280e-03 2.795786e+00 5.897490e-04 9.999892e-01 -4.616138e-03 -4.069529e-01 3.493987e-03 4.614053e-03 9.999832e-01 3.256801e+01
9.999942e-01 -1.059383e-03 3.249355e-03 3.328054e+00 1.052143e-03 9.999970e-01 2.229353e-03 -4.100795e-01 -3.251759e-03 -2.225917e-03 9.999921e-01 3.197163e+01
