9.999955e-01 -1.498091e-03 2.612619e-03 1.536000e-01 1.505265e-03 9.999951e-01 -2.745950e-03 -3.049140e-02 -2.608493e-03 2.749871e-03 9.999927e-01 1.255048e+00
1.000000e+00 2.201240e-04 -1.131158e-04 2.717436e-01 -2.200718e-04 9.999999e-01 4.613034e-04 -6.001743e-02 1.132179e-04 -4.612785e-04 9.999998e-01 2.462882e+00
9.999967e-01 -1.394823e-03 2.157092e-03 3.610871e-01 1.400227e-03 9.999959e-01 -2.505764e-03 -8.772748e-02 -2.153588e-03 2.508776e-03 9.999944e-01 3.565572e+00
1.000000e+00 1.055686e-04 -8.874683e-05 4.584292e-01 -1.055449e-04 1.000000e+00 2.670464e-04 -1.160357e-01 8.877598e-05 -2.670375e-04 9.999999e-01 4.691798e+00
9.999953e-01 -1.614444e-03 2.596872e-03 5.721449e-01 1.622351e-03 9.999940e-01 -3.045882e-03 -1.475556e-01 -2.591938e-03 3.050080e-03 9.999919e-01 5.967597e+00
1.000000e+00 -1.086908e-05 1.212811e-04 7.275551e-01 1.085221e-05 1.000000e+00 1.393275e-04 -1.791727e-01 -1.212811e-04 -1.393272e-04 9.999999e-01 7.291913e+00
9.999961e-01 -1.438667e-03 2.410540e-03 8.722629e-01 1.445251e-03 9.999952e-01 -2.732006e-03 -2.092302e-01 -2.406596e-03 2.735478e-03 9.999933e-01 8.536812e+00
9.999999e-01 1.087445e-04 -3.619968e-04 9.900549e-01 -1.085851e-04 9.999999e-01 4.401858e-04 -2.372334e-01 3.620466e-04 -4.401480e-04 9.999997e-01 9.651769e+00
9.999963e-01 -1.352415e-03 2.361715e-03 1.110440e+00 1.358611e-03 9.999956e-01 -2.623643e-03 -2.645032e-01 -2.358154e-03 2.626841e-03 9.999937e-01 1.073010e+01
9.999999e-01 2.747268e-05 -4.075440e-04 1.240580e+00 -2.735027e-05 1.000000e+00 3.002480e-04 -2.917779e-01 4.075545e-04 -3.002388e-04 9.999998e-01 1.182353e+01
9.999952e-01 -1.402226e-03 2.754879e-03 1.379312e+00 1.409913e-03 9.999951e-01 -2.790217e-03 -3.208560e-01 -2.750951e-03 2.794086e-03 9.999922e-01 1.301330e+01
9.999998e-01 1.015809e-04 -6.411502e-04 1.508288e+00 -1.012448e-04 9.999999e-01 5.240606e-04 -3.486905e-01 6.412061e-04 -5.239980e-04 9.999996e-01 1.414219e+01
9.999960e-01 -1.284886e-03 2.500420e-03 1.621001e+00 1.291413e-03 9.999958e-01 -2.610272e-03 -3.752351e-01 -2.497052e-03 2.613488e-03 9.999934e-01 1.519224e+01
9.999998e-01 1.189250e-04 -6.827101e-04 1.722970e+00 -1.185022e-04 9.999998e-01 6.192883e-04 -4.016137e-01 6.827868e-04 -6.192101e-04 9.999995e-01 1.623006e+01
9.999958e-01 -1.326472e-03 2.577173e-03 1.815215e+00 1.333424e-03 9.999955e-01 -2.697759e-03 -4.287767e-01 -2.573580e-03 2.701181e-03 9.999929e-01 1.730093e+01
9.999995e-01 2.622555e-04 -9.815804e-04 1.899849e+00 -2.613835e-04 9.999996e-01 8.882816e-04 -4.541947e-01 9.818164e-04 -8.880279e-04 9.999990e-01 1.828173e+01
9.999968e-01 -1.183153e-03 2.221102e-03 1.982825e+00 1.188630e-03 9.999963e-01 -2.466355e-03 -4.774141e-01 -2.218172e-03 2.468983e-03 9.999944e-01 1.914117e+01
9.999996e-01 2.361689e-04 -8.771943e-04 2.054989e+00 -2.354246e-04 9.999996e-01 8.483434e-04 -5.014477e-01 8.773981e-04 -8.481402e-04 9.999992e-01 2.003738e+01
9.999961e-01 -1.360635e-03 2.449355e-03 2.137881e+00 1.367306e-03 9.999954e-01 -2.723896e-03 -5.270906e-01 -2.445633e-03 2.727231e-03 9.999932e-01 2.102342e+01
9.999999e-01 -1.490917e-04 -2.835171e-04 2.255665e+00 1.491276e-04 1.000000e+00 1.262888e-04 -5.565285e-01 2.835024e-04 -1.263351e-04 9.999999e-01 2.220955e+01
9.999955e-01 -1.307974e-03 2.687522e-03 2.409064e+00 1.315090e-03 9.999956e-01 -2.647811e-03 -5.858617e-01 -2.684043e-03 2.651329e-03 9.999928e-01 2.341228e+01
9.999996e-01 3.072989e-05 -8.889612e-04 2.543426e+00 -3.033210e-05 9.999999e-01 4.473556e-04 -6.120315e-01 8.889794e-04 -4.473329e-04 9.999994e-01 2.444062e+01
9.999940e-01 -1.529269e-03 3.101625e-03 2.705620e+00 1.538659e-03 9.999942e-01 -3.027461e-03 -6.403766e-01 -3.096972e-03 3.032211e-03 9.999905e-01 2.559033e+01
1.000000e+00 8.480961e-05 -1.794031e-04 2.799594e+00 -8.475242e-05 9.999999e-01 3.179439e-04 -6.732020e-01 1.794350e-04 -3.179338e-04 9.999998e-01 2.691182e+01
9.999954e-01 -1.634054e-03 2.539409e-03 2.899408e+00 1.641294e-03 9.999946e-01 -2.851680e-03 -7.038015e-01 -2.534730e-03 2.855829e-03 9.999926e-01 2.815614e+01
1.000000e+00 3.291544e-05 8.554106e-06 3.003144e+00 -3.291563e-05 1.000000e+00 4.185131e-05 -7.354588e-01 -8.547220e-06 -4.185717e-05 9.999999e-01 2.942609e+01
9.999921e-01 -2.041060e-03 3.422065e-03 3.135859e+00 2.053097e-03 9.999917e-01 -3.517557e-03 -7.722832e-01 -3.414851e-03 3.524549e-03 9.999879e-01 3.096803e+01
1.000000e+00 1.125654e-04 -3.134988e-05 3.289677e+00 -1.125609e-04 1.000000e+00 1.365172e-04 -8.081240e-01 3.137142e-05 -1.365199e-04 9.999999e-01 3.248892e+01
9.999946e-01 -1.718407e-03 2.814021e-03 3.445041e+00 1.726596e-03 9.999943e-01 -2.910018e-03 -8.396304e-01 -2.808998e-03 2.914855e-03 9.999917e-01 3.380543e+01
1.000000e+00 7.998574e-05 -3.041159e-04 3.592198e+00 -7.995236e-05 1.000000e+00 1.089483e-04 -8.704133e-01 3.041313e-04 -1.089308e-04 9.999998e-01 3.506654e+01
9.999950e-01 -1.573440e-03 2.738349e-03 3.730020e+00 1.580793e-03 9.999951e-01 -2.684979e-03 -9.002055e-01 -2.734104e-03 2.689287e-03 9.999925e-01 3.628854e+01
9.999999e-01 1.030395e-04 -3.595416e-04 3.867847e+00 -1.029869e-04 1.000000e+00 1.455558e-04 -9.297198e-01 3.595637e-04 -1.455261e-04 9.999998e-01 3.750109e+01
9.999952e-01 -1.540934e-03 2.686854e-03 3.998945e+00 1.547983e-03 9.999954e-01 -2.623327e-03 -9.589694e-01 -2.682792e-03 2.627466e-03 9.999928e-01 3.869461e+01
1.000000e+00 -1.037667e-04 -2.550810e-04 4.136372e+00 1.037279e-04 1.000000e+00 -1.532415e-04 -9.896186e-01 2.551045e-04 1.532071e-04 9.999999e-01 3.994162e+01
9.999951e-01 -1.431501e-03 2.782616e-03 4.292266e+00 1.438491e-03 9.999958e-01 -2.511516e-03 -1.019771e+00 -2.779001e-03 2.515498e-03 9.999929e-01 4.117239e+01
9.999999e-01 -2.392612e-04 -3.084682e-04 4.456015e+00 2.391597e-04 9.999999e-01 -3.302037e-04 -1.050128e+00 3.085553e-04 3.301215e-04 9.999998e-01 4.242255e+01
9.999925e-01 -1.708008e-03 3.462275e-03 4.659760e+00 1.718609e-03 9.999938e-01 -3.061184e-03 -1.083994e+00 -3.457017e-03 3.067102e-03 9.999892e-01 4.386437e+01
9.999999e-01 -3.222818e-04 -1.402232e-04 4.882580e+00 3.222265e-04 9.999999e-01 -3.972802e-04 -1.118274e+00 1.403600e-04 3.972259e-04 9.999998e-01 4.535100e+01
9.999954e-01 -1.211525e-03 2.777421e-03 5.048379e+00 1.217677e-03 9.999968e-01 -2.214530e-03 -1.148289e+00 -2.774720e-03 2.217892e-03 9.999936e-01 4.659003e+01
9.999996e-01 -2.415635e-04 -8.200140e-04 5.154520e+00 2.413792e-04 9.999999e-01 -2.254222e-04 -1.176519e+00 8.200776e-04 2.252145e-04 9.999995e-01 4.769599e+01
9.999943e-01 -1.268145e-03 3.138046e-03 5.299483e+00 1.275781e-03 9.999962e-01 -2.432493e-03 -1.206008e+00 -3.134940e-03 2.436473e-03 9.999920e-01 4.889780e+01
9.999997e-01 -2.803005e-04 -7.494218e-04 5.458282e+00 2.801087e-04 9.999999e-01 -2.566336e-04 -1.235581e+00 7.495033e-04 2.564133e-04 9.999996e-01 5.011283e+01
9.999936e-01 -1.417018e-03 3.285027e-03 5.624837e+00 1.425788e-03 9.999954e-01 -2.668711e-03 -1.266289e+00 -3.281220e-03 2.673367e-03 9.999909e-01 5.137523e+01
9.999998e-01 -3.396570e-04 -5.654532e-04 5.801037e+00 3.394834e-04 9.999999e-01 -3.081151e-04 -1.297729e+00 5.655680e-04 3.079122e-04 9.999997e-01 5.268012e+01
9.999947e-01 -1.112053e-03 3.062652e-03 5.945240e+00 1.118863e-03 9.999969e-01 -2.222564e-03 -1.327384e+00 -3.060161e-03 2.225968e-03 9.999927e-01 5.388943e+01
9.999995e-01 -4.418651e-04 -9.206541e-04 6.062364e+00 4.416410e-04 9.999999e-01 -2.443491e-04 -1.356270e+00 9.207725e-04 2.439310e-04 9.999994e-01 5.504117e+01
9.999941e-01 -1.041721e-03 3.268257e-03 6.189017e+00 1.049323e-03 9.999967e-01 -2.325144e-03 -1.385754e+00 -3.265814e-03 2.328548e-03 9.999919e-01 5.622940e+01
9.999995e-01 -5.209226e-04 -8.527383e-04 6.326025e+00 5.206387e-04 9.999998e-01 -3.340124e-04 -1.415847e+00 8.529232e-04 3.335564e-04 9.999995e-01 5.746307e+01
9.999934e-01 -1.055528e-03 3.464340e-03 6.472036e+00 1.063581e-03 9.999967e-01 -2.323572e-03 -1.446446e+00 -3.461865e-03 2.327230e-03 9.999912e-01 5.871974e+01
9.999995e-01 -7.619929e-04 -6.206387e-04 6.552234e+00 7.616234e-04 9.999995e-01 -5.964401e-04 -1.480684e+00 6.211044e-04 5.959546e-04 9.999995e-01 6.007629e+01
9.999908e-01 -1.025412e-03 4.158482e-03 6.594442e+00 1.033993e-03 9.999973e-01 -2.061527e-03 -1.518552e+00 -4.156345e-03 2.065796e-03 9.999891e-01 6.155857e+01
9.999993e-01 -4.305163e-04 -1.066755e-03 6.592861e+00 4.304341e-04 9.999999e-01 -7.806312e-05 -1.554808e+00 1.066800e-03 7.759098e-05 9.999993e-01 6.290022e+01
9.999977e-01 2.545794e-05 2.141983e-03 6.438885e+00 -2.610400e-05 1.000000e+00 3.019629e-04 -1.581532e+00 -2.141963e-03 -3.020310e-04 9.999976e-01 6.380018e+01
9.996240e-01 -1.849825e-03 -2.735807e-02 6.116648e+00 1.866342e-03 9.999981e-01 5.782116e-04 -1.592055e+00 2.735696e-02 -6.290665e-04 9.996254e-01 6.413924e+01
9.999903e-01 -4.507463e-04 -4.383742e-03 5.801574e+00 4.536956e-04 9.999997e-01 6.717149e-04 -1.602904e+00 4.383444e-03 -6.737100e-04 9.999901e-01 6.456922e+01
9.997149e-01 -1.539503e-03 -2.382576e-02 5.496163e+00 1.553596e-03 9.999986e-01 5.730139e-04 -1.615254e+00 2.382484e-02 -6.098788e-04 9.997159e-01 6.503203e+01
9.999825e-01 -4.646554e-04 -5.905285e-03 5.211837e+00 4.679933e-04 9.999997e-01 5.638431e-04 -1.627227e+00 5.905022e-03 -5.666093e-04 9.999823e-01 6.549080e+01
9.995218e-01 -2.007285e-03 -3.085619e-02 4.986013e+00 2.012398e-03 9.999980e-01 1.346748e-04 -1.636282e+00 3.085585e-02 -1.967178e-04 9.995237e-01 6.585271e+01
9.999186e-01 -9.148133e-04 -1.272755e-02 4.677244e+00 9.254293e-04 9.999992e-01 8.282629e-04 -1.644634e+00 1.272678e-02 -8.399862e-04 9.999186e-01 6.624042e+01
9.994727e-01 -2.213468e-03 -3.239398e-02 4.364989e+00 2.226196e-03 9.999975e-01 3.568869e-04 -1.654972e+00 3.239310e-02 -4.288262e-04 9.994750e-01 6.678688e+01
9.999582e-01 -6.326605e-04 -9.116967e-03 4.071779e+00 6.424077e-04 9.999992e-01 1.066332e-03 -1.667559e+00 9.116269e-03 -1.072156e-03 9.999578e-01 6.742938e+01
9.997679e-01 -1.765776e-03 -2.147254e-02 3.735394e+00 1.768369e-03 9.999984e-01 1.018182e-04 -1.681197e+00 2.147231e-02 -1.397778e-04 9.997693e-01 6.797982e+01
9.998214e-01 8.339027e-04 1.888291e-02 3.367466e+00 -8.506447e-04 9.999993e-01 8.785445e-04 -1.704658e+00 -1.888218e-02 -8.944619e-04 9.998212e-01 6.864493e+01
9.998046e-01 -1.417226e-03 -1.971504e-02 3.036291e+00 1.412291e-03 9.999990e-01 -2.642224e-04 -1.730798e+00 1.971537e-02 2.363158e-04 9.998055e-01 6.943537e+01
9.998169e-01 8.491123e-04 1.911879e-02 2.752817e+00 -8.595010e-04 9.999995e-01 5.351017e-04 -1.755957e+00 -1.911835e-02 -5.514479e-04 9.998170e-01 7.022078e+01
9.998157e-01 -1.659989e-03 -1.912502e-02 2.455223e+00 1.651157e-03 9.999985e-01 -4.775244e-04 -1.783014e+00 1.912577e-02 4.458464e-04 9.998169e-01 7.101464e+01
9.997877e-01 6.369601e-04 2.059619e-02 2.343348e+00 -6.158883e-04 9.999993e-01 -1.029479e-03 -1.812919e+00 -2.059685e-02 1.016564e-03 9.997872e-01 7.200914e+01
9.998214e-01 -1.988571e-03 -1.879418e-02 2.358136e+00 1.968003e-03 9.999974e-01 -1.112773e-03 -1.842903e+00 1.879633e-02 1.075576e-03 9.998227e-01 7.307967e+01
9.997784e-01 5.497273e-04 2.104473e-02 2.438979e+00 -5.218509e-04 9.999990e-01 -1.330153e-03 -1.873232e+00 -2.104546e-02 1.318864e-03 9.997776e-01 7.422305e+01
9.998233e-01 -2.091235e-03 -1.868311e-02 2.534906e+00 2.068840e-03 9.999971e-01 -1.217885e-03 -1.903859e+00 1.868558e-02 1.179005e-03 9.998246e-01 7.539746e+01
9.997719e-01 3.524659e-04 2.135266e-02 2.644411e+00 -3.143380e-04 9.999983e-01 -1.789015e-03 -1.936547e+00 -2.135328e-02 1.781882e-03 9.997703e-01 7.668887e+01
9.998290e-01 -1.678208e-03 -1.841555e-02 2.544680e+00 1.673092e-03 9.999986e-01 -2.931454e-04 -1.973020e+00 1.841599e-02 2.622715e-04 9.998303e-01 7.800491e+01
9.997710e-01 1.014679e-03 2.137668e-02 2.468447e+00 -9.982838e-04 9.999992e-01 -7.776953e-04 -2.004197e+00 -2.137747e-02 7.561643e-04 9.997711e-01 7.912325e+01
9.998228e-01 -1.966863e-03 -1.872219e-02 2.354147e+00 1.950067e-03 9.999977e-01 -9.152871e-04 -2.037390e+00 1.872393e-02 8.786023e-04 9.998242e-01 8.031036e+01
9.997741e-01 1.961798e-03 2.116287e-02 2.308996e+00 -1.972359e-03 9.999979e-01 4.781226e-04 -2.062964e+00 -2.116191e-02 -5.197685e-04 9.997758e-01 8.121921e+01
9.998289e-01 -2.846474e-03 -1.827850e-02 2.211963e+00 2.812328e-03 9.999943e-01 -1.893444e-03 -2.094970e+00 1.828377e-02 1.841701e-03 9.998310e-01 8.241403e+01
9.997750e-01 1.771103e-03 2.113781e-02 2.105945e+00 -1.771874e-03 9.999984e-01 1.768853e-05 -2.128720e+00 -2.113776e-02 -5.515154e-05 9.997765e-01 8.369481e+01
9.998472e-01 -2.760010e-03 -1.726363e-02 2.024313e+00 2.730513e-03 9.999948e-01 -1.731893e-03 -2.163644e+00 1.726831e-02 1.684476e-03 9.998494e-01 8.507765e+01
9.998020e-01 2.496648e-03 1.974365e-02 2.021556e+00 -2.491053e-03 9.999968e-01 -3.080311e-04 -2.193829e+00 -1.974437e-02 2.587738e-04 9.998049e-01 8.630544e+01
9.998718e-01 -2.830958e-03 -1.575815e-02 1.936744e+00 2.823044e-03 9.999959e-01 -5.243976e-04 -2.226323e+00 1.575956e-02 4.798306e-04 9.998756e-01 8.754678e+01
9.998039e-01 3.375878e-03 1.951299e-02 1.905253e+00 -3.377656e-03 9.999943e-01 5.809805e-05 -2.255718e+00 -1.951269e-02 -1.240088e-04 9.998095e-01 8.874158e+01
9.998824e-01 -1.803123e-03 -1.522991e-02 1.970138e+00 1.802095e-03 9.999984e-01 -8.111267e-05 -2.279492e+00 1.523001e-02 5.364344e-05 9.998839e-01 8.976793e+01
9.998244e-01 3.622925e-03 1.838389e-02 2.176618e+00 -3.608834e-03 9.999932e-01 -7.996659e-04 -2.298633e+00 -1.838667e-02 7.331671e-04 9.998306e-01 9.069667e+01
9.998785e-01 -3.133316e-03 -1.526682e-02 2.196862e+00 3.131876e-03 9.999951e-01 -1.181226e-04 -2.325961e+00 1.526710e-02 7.028030e-05 9.998833e-01 9.186488e+01
9.998331e-01 2.086654e-03 1.815024e-02 2.143568e+00 -2.048578e-03 9.999957e-01 -2.116238e-03 -2.360031e+00 -1.815459e-02 2.078689e-03 9.998329e-01 9.320996e+01
9.998777e-01 -2.974044e-03 -1.535632e-02 2.066453e+00 2.978827e-03 9.999955e-01 2.886892e-04 -2.392844e+00 1.535537e-02 -3.344122e-04 9.998819e-01 9.449909e+01
9.998360e-01 1.869634e-03 1.801188e-02 1.996774e+00 -1.830036e-03 9.999959e-01 -2.214702e-03 -2.425010e+00 -1.801596e-02 2.181362e-03 9.998352e-01 9.574243e+01
9.999099e-01 -5.516161e-04 -1.341110e-02 2.066430e+00 5.859285e-04 9.999966e-01 2.554774e-03 -2.446493e+00 1.340963e-02 -2.562416e-03 9.999067e-01 9.668733e+01
9.998165e-01 3.093809e-03 1.890513e-02 2.539992e+00 -3.009999e-03 9.999855e-01 -4.460046e-03 -2.467147e+00 -1.891866e-02 4.402309e-03 9.998112e-01 9.752564e+01
9.999186e-01 3.169944e-05 -1.276139e-02 3.047548e+00 1.151363e-06 9.999967e-01 2.574281e-03 -2.488453e+00 1.276142e-02 -2.574101e-03 9.999152e-01 9.833089e+01
9.998992e-01 4.510524e-04 1.419253e-02 3.361136e+00 -3.818655e-04 9.999880e-01 -4.877284e-03 -2.505443e+00 -1.419457e-02 4.871357e-03 9.998873e-01 9.923498e+01
9.999270e-01 -1.473618e-03 -1.199618e-02 3.320893e+00 1.511459e-03 9.999939e-01 3.146013e-03 -2.534978e+00 1.199146e-02 -3.163931e-03 9.999230e-01 1.003206e+02
9.999048e-01 3.590350e-04 1.379574e-02 3.285066e+00 -2.906521e-04 9.999877e-01 -4.958568e-03 -2.563651e+00 -1.379736e-02 4.954070e-03 9.998924e-01 1.013596e+02
9.999278e-01 -1.550557e-03 -1.191601e-02 3.318882e+00 1.586458e-03 9.999942e-01 3.004057e-03 -2.591256e+00 1.191127e-02 -3.022760e-03 9.999244e-01 1.023854e+02
9.999072e-01 6.222914e-04 1.361100e-02 3.315894e+00 -5.606200e-04 9.999896e-01 -4.534418e-03 -2.617494e+00 -1.361369e-02 4.526351e-03 9.998970e-01 1.033280e+02
9.999271e-01 -1.533047e-03 -1.197744e-02 3.279020e+00 1.569761e-03 9.999941e-01 3.056473e-03 -2.644121e+00 1.197267e-02 -3.075068e-03 9.999235e-01 1.042795e+02
9.998880e-01 1.139981e-03 1.492379e-02 3.200935e+00 -1.085989e-03 9.999928e-01 -3.625538e-03 -2.672279e+00 -1.492783e-02 3.608909e-03 9.998820e-01 1.052718e+02
9.999205e-01 -1.232043e-03 -1.255230e-02 3.125142e+00 1.273964e-03 9.999936e-01 3.332319e-03 -2.699622e+00 1.254811e-02 -3.348061e-03 9.999156e-01 1.062481e+02
9.999043e-01 9.326509e-04 1.380231e-02 3.068381e+00 -8.783735e-04 9.999919e-01 -3.938090e-03 -2.723215e+00 -1.380588e-02 3.925573e-03 9.998969e-01 1.070172e+02
9.999149e-01 -1.707061e-03 -1.293073e-02 3.072116e+00 1.741640e-03 9.999949e-01 2.663439e-03 -2.745646e+00 1.292611e-02 -2.685749e-03 9.999127e-01 1.077706e+02
9.999054e-01 1.101905e-03 1.371017e-02 3.079989e+00 -1.051536e-03 9.999927e-01 -3.680571e-03 -2.766687e+00 -1.371414e-02 3.665789e-03 9.998991e-01 1.084598e+02
9.999150e-01 -1.958701e-03 -1.289103e-02 3.105239e+00 1.989196e-03 9.999953e-01 2.353243e-03 -2.788807e+00 1.288635e-02 -2.378702e-03 9.999140e-01 1.092189e+02
9.999066e-01 1.471036e-03 1.358505e-02 3.093596e+00 -1.428040e-03 9.999939e-01 -3.174131e-03 -2.809059e+00 -1.358964e-02 3.154418e-03 9.999026e-01 1.098684e+02
9.999155e-01 -2.359135e-03 -1.278474e-02 3.130566e+00 2.382168e-03 9.999956e-01 1.786703e-03 -2.830910e+00 1.278045e-02 -1.817024e-03 9.999166e-01 1.106236e+02
9.999028e-01 1.357297e-03 1.387455e-02 3.233283e+00 -1.308722e-03 9.999930e-01 -3.509577e-03 -2.853379e+00 -1.387923e-02 3.491062e-03 9.998975e-01 1.114509e+02
9.999201e-01 -2.443378e-03 -1.240399e-02 3.334478e+00 2.463951e-03 9.999956e-01 1.643601e-03 -2.877773e+00 1.239991e-02 -1.674049e-03 9.999216e-01 1.123715e+02
9.998968e-01 1.103631e-03 1.432606e-02 3.469636e+00 -1.046138e-03 9.999914e-01 -4.020120e-03 -2.904918e+00 -1.433038e-02 4.004701e-03 9.998892e-01 1.134492e+02
9.999161e-01 -2.239177e-03 -1.275996e-02 3.585675e+00 2.265591e-03 9.999953e-01 2.056084e-03 -2.929763e+00 1.275529e-02 -2.084837e-03 9.999164e-01 1.144017e+02
9.999032e-01 1.314002e-03 1.385339e-02 3.665726e+00 -1.263151e-03 9.999924e-01 -3.678778e-03 -2.952479e+00 -1.385812e-02 3.660906e-03 9.998972e-01 1.152218e+02
9.999176e-01 -2.279674e-03 -1.263003e-02 3.725092e+00 2.305393e-03 9.999953e-01 2.022224e-03 -2.976306e+00 1.262535e-02 -2.051193e-03 9.999181e-01 1.160847e+02
9.999017e-01 1.299126e-03 1.396065e-02 3.785957e+00 -1.247595e-03 9.999924e-01 -3.699257e-03 -3.000647e+00 -1.396536e-02 3.681458e-03 9.998956e-01 1.169804e+02
9.999148e-01 -2.184292e-03 -1.286649e-02 3.819081e+00 2.213306e-03 9.999950e-01 2.241226e-03 -3.023934e+00 1.286152e-02 -2.269531e-03 9.999146e-01 1.178019e+02
9.999026e-01 1.330920e-03 1.389553e-02 3.858611e+00 -1.280796e-03 9.999926e-01 -3.615529e-03 -3.046581e+00 -1.390024e-02 3.597361e-03 9.998968e-01 1.185942e+02
9.999107e-01 -2.115804e-03 -1.319209e-02 3.901394e+00 2.147623e-03 9.999948e-01 2.398289e-03 -3.067397e+00 1.318694e-02 -2.426425e-03 9.999100e-01 1.192911e+02
9.999010e-01 1.498945e-03 1.399314e-02 3.910347e+00 -1.451528e-03 9.999932e-01 -3.398201e-03 -3.088395e+00 -1.399815e-02 3.377535e-03 9.998962e-01 1.199782e+02
9.999120e-01 -2.390518e-03 -1.304919e-02 3.931346e+00 2.417415e-03 9.999950e-01 2.045822e-03 -3.111094e+00 1.304422e-02 -2.077206e-03 9.999127e-01 1.207519e+02
9.998958e-01 1.390771e-03 1.436577e-02 3.982400e+00 -1.337925e-03 9.999923e-01 -3.687579e-03 -3.135317e+00 -1.437080e-02 3.667956e-03 9.998899e-01 1.216193e+02
9.999169e-01 -2.643419e-03 -1.261372e-02 4.068615e+00 2.664436e-03 9.999951e-01 1.649739e-03 -3.161730e+00 1.260929e-02 -1.683230e-03 9.999190e-01 1.226231e+02
9.999000e-01 1.575417e-03 1.405467e-02 4.165729e+00 -1.527060e-03 9.999929e-01 -3.450779e-03 -3.185950e+00 -1.406001e-02 3.428953e-03 9.998952e-01 1.235363e+02
9.999106e-01 -2.453225e-03 -1.314795e-02 4.241791e+00 2.480128e-03 9.999949e-01 2.030328e-03 -3.207433e+00 1.314290e-02 -2.062774e-03 9.999114e-01 1.242997e+02
9.998969e-01 1.577966e-03 1.427433e-02 4.299534e+00 -1.527662e-03 9.999926e-01 -3.534350e-03 -3.230435e+00 -1.427981e-02 3.512160e-03 9.998918e-01 1.251271e+02
9.999099e-01 -2.405708e-03 -1.320552e-02 4.343178e+00 2.434972e-03 9.999946e-01 2.200504e-03 -3.253036e+00 1.320015e-02 -2.232480e-03 9.999103e-01 1.259374e+02
9.998954e-01 1.542189e-03 1.438269e-02 4.398965e+00 -1.489512e-03 9.999921e-01 -3.672642e-03 -3.276241e+00 -1.438824e-02 3.650814e-03 9.998897e-01 1.267832e+02
9.999084e-01 -2.298172e-03 -1.333854e-02 4.458880e+00 2.331434e-03 9.999942e-01 2.478681e-03 -3.297914e+00 1.333275e-02 -2.509572e-03 9.999079e-01 1.275612e+02
9.998984e-01 1.761298e-03 1.414232e-02 4.487719e+00 -1.713540e-03 9.999928e-01 -3.388447e-03 -3.318220e+00 -1.414819e-02 3.363850e-03 9.998942e-01 1.282419e+02
9.999098e-01 -2.365947e-03 -1.322080e-02 4.511157e+00 2.398100e-03 9.999942e-01 2.416721e-03 -3.339404e+00 1.321500e-02 -2.448228e-03 9.999096e-01 1.289598e+02
9.998942e-01 1.566823e-03 1.446442e-02 4.536138e+00 -1.512266e-03 9.999917e-01 -3.782005e-03 -3.363040e+00 -1.447023e-02 3.759711e-03 9.998881e-01 1.298008e+02
9.999134e-01 -2.597430e-03 -1.289998e-02 4.598647e+00 2.624928e-03 9.999943e-01 2.115199e-03 -3.388091e+00 1.289440e-02 -2.148898e-03 9.999145e-01 1.307459e+02
9.998898e-01 1.403037e-03 1.477745e-02 4.696307e+00 -1.342039e-03 9.999905e-01 -4.136991e-03 -3.414961e+00 -1.478312e-02 4.116683e-03 9.998822e-01 1.318106e+02
9.999153e-01 -2.621760e-03 -1.274735e-02 4.813756e+00 2.648632e-03 9.999943e-01 2.091689e-03 -3.442237e+00 1.274179e-02 -2.125296e-03 9.999165e-01 1.329111e+02
9.998877e-01 1.307084e-03 1.493079e-02 4.945867e+00 -1.241458e-03 9.999895e-01 -4.403785e-03 -3.470625e+00 -1.493639e-02 4.384734e-03 9.998787e-01 1.340721e+02
9.999177e-01 -2.800104e-03 -1.252298e-02 5.114393e+00 2.822923e-03 9.999944e-01 1.804866e-03 -3.499970e+00 1.251785e-02 -1.840090e-03 9.999199e-01 1.353025e+02
9.998913e-01 1.611130e-03 1.465542e-02 5.257066e+00 -1.553230e-03 9.999909e-01 -3.961364e-03 -3.527241e+00 -1.466168e-02 3.938149e-03 9.998847e-01 1.364179e+02
9.999173e-01 -2.865301e-03 -1.253539e-02 5.377661e+00 2.887643e-03 9.999943e-01 1.764589e-03 -3.555007e+00 1.253025e-02 -1.800662e-03 9.999198e-01 1.375386e+02
9.998889e-01 1.448802e-03 1.483870e-02 5.493418e+00 -1.385357e-03 9.999899e-01 -4.285079e-03 -3.584625e+00 -1.484476e-02 4.264024e-03 9.998806e-01 1.387488e+02
9.999207e-01 -2.897899e-03 -1.225188e-02 5.633062e+00 2.919748e-03 9.999942e-01 1.765843e-03 -3.614792e+00 1.224669e-02 -1.801497e-03 9.999233e-01 1.400078e+02
9.998903e-01 1.461634e-03 1.473624e-02 5.775076e+00 -1.398067e-03 9.999897e-01 -4.323067e-03 -3.644805e+00 -1.474241e-02 4.301968e-03 9.998820e-01 1.412617e+02
9.999199e-01 -2.954360e-03 -1.230550e-02 5.931206e+00 2.975360e-03 9.999941e-01 1.688675e-03 -3.674528e+00 1.230043e-02 -1.725175e-03 9.999228e-01 1.425041e+02
9.998895e-01 1.468543e-03 1.479332e-02 6.099039e+00 -1.403298e-03 9.999892e-01 -4.419897e-03 -3.704411e+00 -1.479966e-02 4.398627e-03 9.998807e-01 1.437582e+02
9.999191e-01 -2.930069e-03 -1.237631e-02 6.265565e+00 2.952665e-03 9.999940e-01 1.807947e-03 -3.733706e+00 1.237093e-02 -1.844366e-03 9.999217e-01 1.449853e+02
9.998897e-01 1.481939e-03 1.478056e-02 6.428387e+00 -1.416000e-03 9.999890e-01 -4.470766e-03 -3.763112e+00 -1.478703e-02 4.449320e-03 9.998807e-01 1.462112e+02
9.999189e-01 -2.916671e-03 -1.239787e-02 6.582471e+00 2.940363e-03 9.999939e-01 1.893229e-03 -3.792362e+00 1.239227e-02 -1.929553e-03 9.999213e-01 1.474221e+02
9.998911e-01 1.644710e-03 1.466712e-02 6.682842e+00 -1.584100e-03 9.999902e-01 -4.143048e-03 -3.821146e+00 -1.467379e-02 4.119339e-03 9.998838e-01 1.485663e+02
9.999154e-01 -3.036974e-03 -1.264665e-02 6.766174e+00 3.060606e-03 9.999936e-01 1.849778e-03 -3.849415e+00 1.264095e-02 -1.888352e-03 9.999182e-01 1.496648e+02
9.998915e-01 1.782464e-03 1.461915e-02 6.843021e+00 -1.724385e-03 9.999906e-01 -3.984507e-03 -3.877032e+00 -1.462611e-02 3.958842e-03 9.998851e-01 1.507305e+02
9.999096e-01 -3.127839e-03 -1.308053e-02 6.940374e+00 3.151955e-03 9.999934e-01 1.823451e-03 -3.902912e+00 1.307473e-02 -1.864539e-03 9.999127e-01 1.517178e+02
9.998880e-01 1.790361e-03 1.485642e-02 7.074730e+00 -1.729658e-03 9.999901e-01 -4.097826e-03 -3.929245e+00 -1.486361e-02 4.071646e-03 9.998811e-01 1.527378e+02
9.999066e-01 -2.836109e-03 -1.336983e-02 7.177070e+00 2.867591e-03 9.999932e-01 2.336141e-03 -3.953383e+00 1.336311e-02 -2.374287e-03 9.999078e-01 1.536350e+02
9.998878e-01 1.539619e-03 1.490296e-02 7.273424e+00 -1.471896e-03 9.999885e-01 -4.554224e-03 -3.979324e+00 -1.490980e-02 4.531752e-03 9.998785e-01 1.546042e+02
9.999120e-01 -2.932545e-03 -1.293718e-02 7.392623e+00 2.961571e-03 9.999931e-01 2.225040e-03 -4.006811e+00 1.293056e-02 -2.263183e-03 9.999137e-01 1.556695e+02
9.998908e-01 2.004095e-03 1.464102e-02 7.404892e+00 -1.947433e-03 9.999906e-01 -3.883370e-03 -4.033069e+00 -1.464867e-02 3.854408e-03 9.998852e-01 1.566185e+02
9.999192e-01 -3.606811e-03 -1.218726e-02 7.421555e+00 3.623427e-03 9.999925e-01 1.341607e-03 -4.065363e+00 1.218232e-02 -1.385683e-03 9.999247e-01 1.578674e+02
9.998852e-01 1.947212e-03 1.502925e-02 7.501879e+00 -1.885252e-03 9.999897e-01 -4.135762e-03 -4.098364e+00 -1.503715e-02 4.106927e-03 9.998784e-01 1.591900e+02
9.999155e-01 -3.607518e-03 -1.249076e-02 7.581079e+00 3.625154e-03 9.999925e-01 1.389537e-03 -4.130195e+00 1.248565e-02 -1.434727e-03 9.999209e-01 1.604470e+02
9.998908e-01 2.496280e-03 1.456900e-02 7.624660e+00 -2.448968e-03 9.999917e-01 -3.264410e-03 -4.158247e+00 -1.457703e-02 3.228348e-03 9.998884e-01 1.614999e+02
9.999069e-01 -3.329253e-03 -1.322906e-02 7.621446e+00 3.354582e-03 9.999926e-01 1.892920e-03 -4.182571e+00 1.322265e-02 -1.937148e-03 9.999106e-01 1.623593e+02
9.998909e-01 2.323136e-03 1.458915e-02 7.636592e+00 -2.271122e-03 9.999910e-01 -3.580797e-03 -4.207713e+00 -1.459734e-02 3.547246e-03 9.998871e-01 1.632785e+02
9.999061e-01 -3.396426e-03 -1.327315e-02 7.705485e+00 3.421540e-03 9.999924e-01 1.869862e-03 -4.231705e+00 1.326670e-02 -1.915128e-03 9.999101e-01 1.641690e+02
9.998909e-01 2.273865e-03 1.459480e-02 7.796487e+00 -2.218661e-03 9.999903e-01 -3.797534e-03 -4.255925e+00 -1.460329e-02 3.764712e-03 9.998862e-01 1.650771e+02
9.999113e-01 -3.622018e-03 -1.281655e-02 7.913998e+00 3.642330e-03 9.999921e-01 1.561826e-03 -4.282367e+00 1.281079e-02 -1.608396e-03 9.999165e-01 1.661090e+02
9.998991e-01 2.672513e-03 1.395073e-02 8.009532e+00 -2.628421e-03 9.999915e-01 -3.177978e-03 -4.304791e+00 -1.395910e-02 3.140961e-03 9.998975e-01 1.669236e+02
9.999041e-01 -3.459687e-03 -1.340729e-02 8.045572e+00 3.485151e-03 9.999922e-01 1.876341e-03 -4.325315e+00 1.340070e-02 -1.922915e-03 9.999083e-01 1.675972e+02
9.998960e-01 2.710858e-03 1.416298e-02 8.087282e+00 -2.666449e-03 9.999915e-01 -3.153507e-03 -4.346420e+00 -1.417141e-02 3.115387e-03 9.998946e-01 1.683149e+02
9.999018e-01 -3.461155e-03 -1.358129e-02 8.126894e+00 3.487805e-03 9.999920e-01 1.939034e-03 -4.366786e+00 1.357447e-02 -1.986240e-03 9.999058e-01 1.690012e+02
9.998924e-01 2.492092e-03 1.445485e-02 8.222758e+00 -2.441006e-03 9.999907e-01 -3.550734e-03 -4.388235e+00 -1.446356e-02 3.515040e-03 9.998891e-01 1.697726e+02
9.999051e-01 -3.554675e-03 -1.330666e-02 8.342998e+00 3.578718e-03 9.999920e-01 1.783454e-03 -4.410664e+00 1.330021e-02 -1.830933e-03 9.999098e-01 1.705995e+02
9.998929e-01 2.635715e-03 1.439908e-02 8.458068e+00 -2.587271e-03 9.999909e-01 -3.381959e-03 -4.432375e+00 -1.440786e-02 3.344315e-03 9.998905e-01 1.713983e+02
9.998999e-01 -3.451710e-03 -1.371779e-02 8.540624e+00 3.480322e-03 9.999918e-01 2.062430e-03 -4.452511e+00 1.371056e-02 -2.109994e-03 9.999037e-01 1.721020e+02
9.998901e-01 2.589889e-03 1.459598e-02 8.633927e+00 -2.538148e-03 9.999904e-01 -3.562319e-03 -4.473569e+00 -1.460507e-02 3.524853e-03 9.998870e-01 1.728559e+02
9.999193e-01 -4.423692e-03 -1.191158e-02 8.783957e+00 4.429045e-03 9.999901e-01 4.230589e-04 -4.505371e+00 1.190959e-02 -4.758103e-04 9.999289e-01 1.741490e+02
9.998881e-01 3.039006e-03 1.464750e-02 8.970999e+00 -2.998006e-03 9.999915e-01 -2.820338e-03 -4.534365e+00 -1.465594e-02 2.776080e-03 9.998886e-01 1.753568e+02
9.999058e-01 -3.894002e-03 -1.316020e-02 8.991115e+00 3.912425e-03 9.999914e-01 1.374419e-03 -4.559065e+00 1.315474e-02 -1.425807e-03 9.999124e-01 1.762400e+02
9.998827e-01 2.610131e-03 1.508992e-02 8.998309e+00 -2.557255e-03 9.999905e-01 -3.522295e-03 -4.588034e+00 -1.509897e-02 3.483264e-03 9.998798e-01 1.773257e+02
9.999053e-01 -3.951896e-03 -1.317992e-02 9.093016e+00 3.969595e-03 9.999913e-01 1.316937e-03 -4.615259e+00 1.317461e-02 -1.369161e-03 9.999122e-01 1.783952e+02
9.998857e-01 2.877518e-03 1.484483e-02 9.159837e+00 -2.830465e-03 9.999909e-01 -3.189694e-03 -4.640963e+00 -1.485387e-02 3.147282e-03 9.998846e-01 1.793533e+02
9.999138e-01 -4.255812e-03 -1.242219e-02 9.183606e+00 4.268103e-03 9.999904e-01 9.631351e-04 -4.671581e+00 1.241797e-02 -1.016101e-03 9.999223e-01 1.805445e+02
9.998861e-01 2.827410e-03 1.482416e-02 9.201800e+00 -2.777816e-03 9.999905e-01 -3.364993e-03 -4.702745e+00 -1.483353e-02 3.323401e-03 9.998844e-01 1.817455e+02
9.999159e-01 -4.541091e-03 -1.215041e-02 9.293077e+00 4.547676e-03 9.999895e-01 5.143651e-04 -4.734966e+00 1.214794e-02 -5.696082e-04 9.999260e-01 1.830454e+02
9.998946e-01 3.263005e-03 1.414474e-02 9.402698e+00 -3.226764e-03 9.999915e-01 -2.584214e-03 -4.761946e+00 -1.415305e-02 2.538269e-03 9.998965e-01 1.841189e+02
9.999151e-01 -4.821455e-03 -1.210920e-02 9.545389e+00 4.822786e-03 9.999884e-01 8.072071e-05 -4.790034e+00 1.210867e-02 -1.391446e-04 9.999266e-01 1.852496e+02
9.998907e-01 3.386818e-03 1.439319e-02 9.710809e+00 -3.348603e-03 9.999908e-01 -2.678331e-03 -4.818418e+00 -1.440212e-02 2.629810e-03 9.998927e-01 1.864082e+02
9.999271e-01 -4.852554e-03 -1.105311e-02 9.789552e+00 4.854474e-03 9.999882e-01 1.467915e-04 -4.852140e+00 1.105227e-02 -2.004690e-04 9.999388e-01 1.877655e+02
9.998940e-01 3.046235e-03 1.423732e-02 9.804902e+00 -3.002188e-03 9.999906e-01 -3.114172e-03 -4.888193e+00 -1.424667e-02 3.071067e-03 9.998937e-01 1.891993e+02
9.999328e-01 -5.001747e-03 -1.046179e-02 9.856773e+00 5.000864e-03 9.999875e-01 -1.106048e-04 -4.926552e+00 1.046221e-02 5.824770e-05 9.999452e-01 1.907582e+02
9.998952e-01 3.156018e-03 1.412833e-02 9.875244e+00 -3.115246e-03 9.999909e-01 -2.906892e-03 -4.964548e+00 -1.413737e-02 2.862543e-03 9.998959e-01 1.922832e+02
9.999336e-01 -4.957639e-03 -1.039876e-02 9.875320e+00 4.957644e-03 9.999877e-01 -2.534434e-05 -5.002726e+00 1.039876e-02 -2.624298e-05 9.999458e-01 1.938091e+02
9.998935e-01 3.061391e-03 1.426833e-02 9.881496e+00 -3.018004e-03 9.999908e-01 -3.061244e-03 -5.042007e+00 -1.427757e-02 3.017824e-03 9.998934e-01 1.953963e+02
9.999236e-01 -4.857913e-03 -1.136503e-02 9.929847e+00 4.862431e-03 9.999881e-01 3.698834e-04 -5.075896e+00 1.136310e-02 -4.251496e-04 9.999353e-01 1.967615e+02
9.999004e-01 3.687371e-03 1.362598e-02 9.985866e+00 -3.656260e-03 9.999907e-01 -2.307419e-03 -5.104202e+00 -1.363436e-02 2.257336e-03 9.999044e-01 1.978535e+02
9.999212e-01 -5.067599e-03 -1.148202e-02 1.002892e+01 5.068985e-03 9.999871e-01 9.147700e-05 -5.133436e+00 1.148142e-02 -1.497052e-04 9.999340e-01 1.989801e+02
9.998977e-01 3.712593e-03 1.381503e-02 1.008345e+01 -3.680226e-03 9.999904e-01 -2.367504e-03 -5.163246e+00 -1.382368e-02 2.316385e-03 9.999017e-01 2.001474e+02
9.999234e-01 -5.249687e-03 -1.120916e-02 1.010673e+01 5.248333e-03 9.999862e-01 -1.502680e-04 -5.195577e+00 1.120980e-02 9.139341e-05 9.999371e-01 2.014063e+02
9.998881e-01 3.544369e-03 1.453574e-02 1.013384e+01 -3.505701e-03 9.999902e-01 -2.684722e-03 -5.231427e+00 -1.454511e-02 2.633430e-03 9.998906e-01 2.028459e+02
9.999191e-01 -5.241932e-03 -1.159307e-02 1.016609e+01 5.242091e-03 9.999863e-01 -1.677677e-05 -5.265413e+00 1.159300e-02 -4.403070e-05 9.999327e-01 2.042039e+02
9.998967e-01 3.673636e-03 1.389685e-02 1.026480e+01 -3.638070e-03 9.999900e-01 -2.583650e-03 -5.295362e+00 -1.390619e-02 2.532791e-03 9.999000e-01 2.054174e+02
9.999145e-01 -4.982257e-03 -1.209356e-02 1.039561e+01 4.986828e-03 9.999875e-01 3.478001e-04 -5.321623e+00 1.209168e-02 -4.081135e-04 9.999267e-01 2.064577e+02
9.998973e-01 3.752470e-03 1.383287e-02 1.051552e+01 -3.718243e-03 9.999900e-01 -2.499174e-03 -5.347547e+00 -1.384210e-02 2.447449e-03 9.999011e-01 2.074749e+02
9.999156e-01 -4.960580e-03 -1.201093e-02 1.061434e+01 4.966590e-03 9.999876e-01 4.705018e-04 -5.373917e+00 1.200845e-02 -5.301505e-04 9.999277e-01 2.085033e+02
9.998984e-01 3.995120e-03 1.368155e-02 1.065184e+01 -3.966524e-03 9.999899e-01 -2.116505e-03 -5.399662e+00 -1.368986e-02 2.061987e-03 9.999041e-01 2.094666e+02
9.999124e-01 -5.192006e-03 -1.217844e-02 1.069297e+01 5.194934e-03 9.999865e-01 2.086526e-04 -5.425910e+00 1.217720e-02 -2.719358e-04 9.999257e-01 2.104529e+02
9.998924e-01 3.808013e-03 1.416800e-02 1.080150e+01 -3.771505e-03 9.999895e-01 -2.602515e-03 -5.453875e+00 -1.417776e-02 2.548765e-03 9.998961e-01 2.115625e+02
9.999154e-01 -5.305731e-03 -1.187720e-02 1.092539e+01 5.307290e-03 9.999859e-01 9.962230e-05 -5.483033e+00 1.187652e-02 -1.626854e-04 9.999294e-01 2.127391e+02
9.998949e-01 4.261770e-03 1.385762e-02 1.098863e+01 -4.234969e-03 9.999891e-01 -1.962734e-03 -5.510153e+00 -1.386583e-02 1.903805e-03 9.999020e-01 2.137798e+02
9.999208e-01 -5.775833e-03 -1.118337e-02 1.101187e+01 5.769935e-03 9.999832e-01 -5.597169e-04 -5.542774e+00 1.118642e-02 4.951091e-04 9.999372e-01 2.150556e+02
9.998898e-01 3.973661e-03 1.430264e-02 1.108554e+01 -3.938500e-03 9.999892e-01 -2.485599e-03 -5.577658e+00 -1.431236e-02 2.428958e-03 9.998945e-01 2.164795e+02
9.999248e-01 -5.798588e-03 -1.080501e-02 1.113867e+01 5.792972e-03 9.999831e-01 -5.511411e-04 -5.614203e+00 1.080803e-02 4.884698e-04 9.999414e-01 2.179625e+02
9.998913e-01 4.052866e-03 1.417499e-02 1.116835e+01 -4.019953e-03 9.999892e-01 -2.349577e-03 -5.650293e+00 -1.418435e-02 2.292302e-03 9.998967e-01 2.194240e+02
9.999250e-01 -5.743342e-03 -1.082133e-02 1.120468e+01 5.740560e-03 9.999835e-01 -2.883037e-04 -5.685288e+00 1.082281e-02 2.261243e-04 9.999413e-01 2.208326e+02
9.998944e-01 3.889551e-03 1.399986e-02 1.129489e+01 -3.850590e-03 9.999886e-01 -2.808698e-03 -5.719971e+00 -1.401061e-02 2.754456e-03 9.998980e-01 2.222629e+02
9.999249e-01 -5.505350e-03 -1.094957e-02 1.137426e+01 5.507146e-03 9.999848e-01 1.336451e-04 -5.753079e+00 1.094867e-02 -1.939738e-04 9.999399e-01 2.235938e+02
9.998910e-01 3.761875e-03 1.427758e-02 1.142845e+01 -3.718666e-03 9.999884e-01 -3.051551e-03 -5.788427e+00 -1.428888e-02 2.998086e-03 9.998933e-01 2.250259e+02
9.999259e-01 -5.642763e-03 -1.079002e-02 1.147768e+01 5.642989e-03 9.999841e-01 -9.654305e-06 -5.825072e+00 1.078992e-02 -5.127277e-05 9.999417e-01 2.265176e+02
9.998881e-01 3.890414e-03 1.444671e-02 1.151332e+01 -3.848789e-03 9.999884e-01 -2.907895e-03 -5.861914e+00 -1.445785e-02 2.851929e-03 9.998913e-01 2.280173e+02
9.999227e-01 -5.269288e-03 -1.126317e-02 1.149023e+01 5.277197e-03 9.999858e-01 6.723582e-04 -5.895977e+00 1.125948e-02 -7.317830e-04 9.999362e-01 2.293584e+02
9.998881e-01 3.707775e-03 1.449110e-02 1.144844e+01 -3.660831e-03 9.999880e-01 -3.264598e-03 -5.932050e+00 -1.450302e-02 3.211144e-03 9.998896e-01 2.307664e+02
9.999170e-01 -5.123756e-03 -1.182220e-02 1.145918e+01 5.136119e-03 9.999863e-01 1.015440e-03 -5.963713e+00 1.181684e-02 -1.076116e-03 9.999295e-01 2.320090e+02
9.998965e-01 3.722174e-03 1.390022e-02 1.151894e+01 -3.676510e-03 9.999878e-01 -3.309099e-03 -5.992526e+00 -1.391236e-02 3.257613e-03 9.998978e-01 2.331291e+02
9.999224e-01 -5.172242e-03 -1.133594e-02 1.161146e+01 5.183182e-03 9.999861e-01 9.357001e-04 -6.022601e+00 1.133095e-02 -9.944234e-04 9.999352e-01 2.343266e+02
9.998994e-01 4.018314e-03 1.360430e-02 1.166993e+01 -3.980763e-03 9.999882e-01 -2.786072e-03 -6.050763e+00 -1.361532e-02 2.731596e-03 9.999035e-01 2.354240e+02
9.999233e-01 -5.145707e-03 -1.126284e-02 1.166921e+01 5.157101e-03 9.999862e-01 9.826117e-04 -6.080306e+00 1.125764e-02 -1.040660e-03 9.999360e-01 2.365500e+02
9.998893e-01 3.617774e-03 1.443356e-02 1.166513e+01 -3.567396e-03 9.999875e-01 -3.514402e-03 -6.115133e+00 -1.444608e-02 3.462482e-03 9.998896e-01 2.379280e+02
9.999262e-01 -5.093717e-03 -1.102662e-02 1.162868e+01 5.106813e-03 9.999863e-01 1.159613e-03 -6.150709e+00 1.102057e-02 -1.215879e-03 9.999384e-01 2.393541e+02
9.998953e-01 3.508424e-03 1.403882e-02 1.163778e+01 -3.456051e-03 9.999870e-01 -3.752996e-03 -6.184949e+00 -1.405179e-02 3.704044e-03 9.998943e-01 2.407190e+02
9.999225e-01 -4.684838e-03 -1.153848e-02 1.164322e+01 4.706709e-03 9.999872e-01 1.868839e-03 -6.214926e+00 1.152959e-02 -1.923044e-03 9.999316e-01 2.418780e+02
9.998973e-01 3.522496e-03 1.389335e-02 1.163747e+01 -3.471111e-03 9.999870e-01 -3.720779e-03 -6.244632e+00 -1.390626e-02 3.672130e-03 9.998965e-01 2.430216e+02
9.999275e-01 -5.424362e-03 -1.074641e-02 1.169571e+01 5.431287e-03 9.999851e-01 6.149991e-04 -6.280109e+00 1.074293e-02 -6.733627e-04 9.999420e-01 2.444580e+02
9.998893e-01 3.595604e-03 1.444107e-02 1.178085e+01 -3.541800e-03 9.999867e-01 -3.749474e-03 -6.316919e+00 -1.445435e-02 3.697870e-03 9.998886e-01 2.459767e+02
9.999303e-01 -4.859809e-03 -1.076443e-02 1.174384e+01 4.876474e-03 9.999869e-01 1.522173e-03 -6.353056e+00 1.075691e-02 -1.574602e-03 9.999408e-01 2.474123e+02
9.998950e-01 3.780310e-03 1.398668e-02 1.164347e+01 -3.731602e-03 9.999869e-01 -3.506741e-03 -6.388058e+00 -1.399974e-02 3.454138e-03 9.998959e-01 2.487930e+02
9.999479e-01 -2.629621e-03 -9.858706e-03 1.168269e+01 2.659344e-03 9.999920e-01 3.002654e-03 -6.414979e+00 9.850745e-03 -3.028757e-03 9.999468e-01 2.498714e+02
9.998740e-01 5.355058e-03 1.494036e-02 1.201400e+01 -5.274555e-03 9.999714e-01 -5.422308e-03 -6.442712e+00 -1.496895e-02 5.342779e-03 9.998736e-01 2.508165e+02
9.999241e-01 -4.097514e-03 -1.161927e-02 1.212012e+01 4.150081e-03 9.999812e-01 4.503334e-03 -6.468445e+00 1.160061e-02 -4.551255e-03 9.999223e-01 2.518567e+02
9.998902e-01 4.121079e-03 1.423330e-02 1.215813e+01 -4.031609e-03 9.999720e-01 -6.308725e-03 -6.498107e+00 -1.425889e-02 6.250607e-03 9.998787e-01 2.531377e+02
9.999157e-01 -5.506552e-03 -1.175800e-02 1.216170e+01 5.552845e-03 9.999769e-01 3.907774e-03 -6.530298e+00 1.173623e-02 -3.972778e-03 9.999231e-01 2.544131e+02
9.998975e-01 4.462101e-03 1.360151e-02 1.224513e+01 -4.383319e-03 9.999735e-01 -5.816247e-03 -6.556875e+00 -1.362709e-02 5.755989e-03 9.998905e-01 2.554599e+02
9.999125e-01 -5.537947e-03 -1.201272e-02 1.232231e+01 5.584974e-03 9.999769e-01 3.884460e-03 -6.582816e+00 1.199095e-02 -3.951254e-03 9.999202e-01 2.564613e+02
9.998984e-01 4.646514e-03 1.347446e-02 1.240323e+01 -4.572305e-03 9.999742e-01 -5.532677e-03 -6.607112e+00 -1.349980e-02 5.470463e-03 9.998938e-01 2.573924e+02
9.999079e-01 -5.394746e-03 -1.245285e-02 1.245261e+01 5.446726e-03 9.999766e-01 4.143752e-03 -6.629629e+00 1.243022e-02 -4.211241e-03 9.999138e-01 2.582153e+02
9.998672e-01 5.776016e-03 1.524142e-02 1.246786e+01 -5.708453e-03 9.999737e-01 -4.472394e-03 -6.652383e+00 -1.526684e-02 4.384752e-03 9.998737e-01 2.590895e+02
9.998920e-01 -5.744511e-03 -1.352427e-02 1.254851e+01 5.785994e-03 9.999787e-01 3.029903e-03 -6.676435e+00 1.350660e-02 -3.107870e-03 9.999039e-01 2.601097e+02
9.998786e-01 5.158948e-03 1.470602e-02 1.259152e+01 -5.095838e-03 9.999777e-01 -4.325467e-03 -6.699097e+00 -1.472799e-02 4.249959e-03 9.998824e-01 2.609498e+02
9.998927e-01 -5.766954e-03 -1.346346e-02 1.263748e+01 5.809194e-03 9.999783e-01 3.100043e-03 -6.721626e+00 1.344531e-02 -3.177966e-03 9.999045e-01 2.617842e+02
9.998761e-01 5.371033e-03 1.479499e-02 1.266378e+01 -5.310731e-03 9.999774e-01 -4.111896e-03 -6.744024e+00 -1.481672e-02 4.032771e-03 9.998820e-01 2.626040e+02
9.998967e-01 -5.795429e-03 -1.315409e-02 1.265853e+01 5.837244e-03 9.999780e-01 3.142392e-03 -6.768299e+00 1.313561e-02 -3.218895e-03 9.999084e-01 2.634896e+02
9.998829e-01 5.215181e-03 1.438589e-02 1.266102e+01 -5.153613e-03 9.999774e-01 -4.313213e-03 -6.791968e+00 -1.440804e-02 4.238525e-03 9.998871e-01 2.643458e+02
9.998989e-01 -5.366732e-03 -1.316946e-02 1.265829e+01 5.416248e-03 9.999784e-01 3.726767e-03 -6.812797e+00 1.314919e-02 -3.797763e-03 9.999062e-01 2.650783e+02
9.998907e-01 5.085040e-03 1.388395e-02 1.269570e+01 -5.021739e-03 9.999769e-01 -4.590103e-03 -6.832197e+00 -1.390695e-02 4.519836e-03 9.998930e-01 2.657565e+02
9.998989e-01 -5.368472e-03 -1.316486e-02 1.270553e+01 5.418949e-03 9.999781e-01 3.801214e-03 -6.851996e+00 1.314418e-02 -3.872213e-03 9.999060e-01 2.664124e+02
9.998846e-01 4.968330e-03 1.435600e-02 1.268196e+01 -4.900128e-03 9.999766e-01 -4.781729e-03 -6.874687e+00 -1.437941e-02 4.710787e-03 9.998854e-01 2.671926e+02
