9.999996e-01 -1.988755e-04 -8.507503e-04 -3.504322e-02 1.996994e-04 9.999995e-01 9.684082e-04 -2.911410e-02 8.505572e-04 -9.685772e-04 9.999991e-01 1.424993e+00
1.000000e+00 -5.250233e-05 1.844792e-04 -6.870655e-02 5.249211e-05 1.000000e+00 5.550975e-05 -5.962170e-02 -1.844823e-04 -5.549938e-05 9.999999e-01 2.936629e+00
9.999996e-01 -1.917910e-04 -9.112360e-04 -1.011948e-01 1.926512e-04 9.999995e-01 9.440431e-04 -8.965069e-02 9.110544e-04 -9.442174e-04 9.999990e-01 4.416053e+00
1.000000e+00 -7.860449e-05 1.014613e-04 -1.354511e-01 7.859517e-05 1.000000e+00 9.205154e-05 -1.202465e-01 -1.014688e-04 -9.204269e-05 9.999999e-01 5.930597e+00
9.999994e-01 -2.065388e-04 -1.077428e-03 -1.650731e-01 2.075421e-04 9.999995e-01 9.311486e-04 -1.507474e-01 1.077235e-03 -9.313706e-04 9.999989e-01 7.431716e+00
9.999999e-01 8.140024e-06 3.958128e-04 -1.898424e-01 -8.126552e-06 1.000000e+00 -3.398484e-05 -1.791968e-01 -3.958135e-04 3.398270e-05 9.999998e-01 8.805135e+00
9.999996e-01 -1.779991e-04 -8.681665e-04 -2.142830e-01 1.787526e-04 9.999996e-01 8.678920e-04 -2.065196e-01 8.680112e-04 -8.680457e-04 9.999991e-01 1.010972e+01
1.000000e+00 -9.473679e-06 2.381562e-04 -2.397499e-01 9.473381e-06 1.000000e+00 1.343844e-06 -2.343844e-01 -2.381568e-04 -1.340344e-06 9.999999e-01 1.144709e+01
9.999995e-01 -2.255124e-04 -9.786314e-04 -2.671081e-01 2.264120e-04 9.999996e-01 9.192011e-04 -2.630869e-01 9.784230e-04 -9.194209e-04 9.999990e-01 1.283550e+01
9.999999e-01 -6.274058e-06 4.355547e-04 -2.998890e-01 6.262445e-06 1.000000e+00 2.671590e-05 -2.921498e-01 -4.355555e-04 -2.671174e-05 9.999998e-01 1.425606e+01
1.000000e+00 -1.612166e-04 -1.597404e-04 -3.240092e-01 1.613362e-04 9.999997e-01 7.493818e-04 -3.189247e-01 1.596189e-04 -7.494061e-04 9.999996e-01 1.553276e+01
9.999998e-01 4.391863e-05 6.103498e-04 -3.488437e-01 -4.390278e-05 1.000000e+00 -2.595053e-05 -3.447360e-01 -6.103516e-04 2.592530e-05 9.999997e-01 1.675378e+01
9.999997e-01 -1.826603e-04 -7.431892e-04 -3.787863e-01 1.833015e-04 9.999996e-01 8.627635e-04 -3.720710e-01 7.430307e-04 -8.628978e-04 9.999993e-01 1.807102e+01
9.999998e-01 5.000076e-06 6.673154e-04 -4.099233e-01 -5.004843e-06 1.000000e+00 7.178181e-06 -4.000453e-01 -6.673160e-04 -7.179768e-06 9.999997e-01 1.942829e+01
9.999997e-01 -2.441547e-04 7.738154e-04 -4.259070e-01 2.436163e-04 9.999997e-01 6.958669e-04 -4.276376e-01 -7.739856e-04 -6.956764e-04 9.999994e-01 2.075204e+01
1.000000e+00 3.749869e-05 2.856334e-04 -4.395723e-01 -3.749502e-05 1.000000e+00 -1.278293e-05 -4.549717e-01 -2.856342e-04 1.277411e-05 9.999999e-01 2.205543e+01
1.000000e+00 -1.824620e-04 -1.595483e-04 -4.567137e-01 1.825775e-04 9.999997e-01 7.236429e-04 -4.807200e-01 1.594159e-04 -7.236700e-04 9.999996e-01 2.325862e+01
1.000000e+00 7.690115e-05 1.458887e-04 -4.770527e-01 -7.689665e-05 1.000000e+00 -3.065922e-05 -5.058009e-01 -1.458914e-04 3.065003e-05 9.999999e-01 2.442362e+01
9.999997e-01 -1.977087e-04 -8.016800e-04 -4.997622e-01 1.983526e-04 9.999997e-01 8.030455e-04 -5.318480e-01 8.015206e-04 -8.032021e-04 9.999993e-01 2.564598e+01
9.999998e-01 5.728399e-05 5.955563e-04 -5.219099e-01 -5.726382e-05 1.000000e+00 -3.384218e-05 -5.582197e-01 -5.955587e-04 3.381026e-05 9.999997e-01 2.689193e+01
9.999999e-01 -2.292955e-04 -3.472448e-04 -5.429517e-01 2.295776e-04 9.999996e-01 8.126738e-04 -5.852095e-01 3.470579e-04 -8.127512e-04 9.999995e-01 2.817852e+01
9.999997e-01 1.258248e-04 7.706047e-04 -5.600657e-01 -1.256813e-04 1.000000e+00 -1.862731e-04 -6.096558e-01 -7.706284e-04 1.861785e-04 9.999996e-01 2.930310e+01
9.999999e-01 -1.940475e-04 -2.632282e-04 -5.774744e-01 1.942514e-04 9.999997e-01 7.746521e-04 -6.332784e-01 2.630775e-04 -7.747008e-04 9.999996e-01 3.037857e+01
1.000000e+00 8.497867e-05 2.965416e-04 -6.022983e-01 -8.496306e-05 1.000000e+00 -5.256620e-05 -6.587300e-01 -2.965463e-04 5.254346e-05 9.999999e-01 3.157265e+01
9.999999e-01 -2.094370e-04 -2.945255e-04 -6.286316e-01 2.096785e-04 9.999996e-01 8.198683e-04 -6.849720e-01 2.943533e-04 -8.199274e-04 9.999995e-01 3.281780e+01
9.999999e-01 4.987472e-05 3.453808e-04 -6.585582e-01 -4.987423e-05 1.000000e+00 -1.359175e-06 -7.120785e-01 -3.453812e-04 1.344564e-06 9.999998e-01 3.411999e+01
1.000000e+00 -2.272608e-04 -6.966836e-05 -6.843599e-01 2.273165e-04 9.999997e-01 7.991846e-04 -7.392068e-01 6.948644e-05 -7.991978e-04 9.999996e-01 3.542034e+01
9.999999e-01 2.377213e-05 4.440522e-04 -7.128021e-01 -2.378807e-05 1.000000e+00 3.594041e-05 -7.670274e-01 -4.440516e-04 -3.594819e-05 9.999998e-01 3.676760e+01
9.999999e-01 -2.224973e-04 2.964512e-04 -7.349583e-01 2.222778e-04 9.999997e-01 7.402855e-04 -7.943867e-01 -2.966160e-04 -7.402167e-04 9.999996e-01 3.808221e+01
9.999986e-01 1.147238e-04 1.689566e-03 -7.468052e-01 -1.143333e-04 1.000000e+00 -2.312206e-04 -8.191749e-01 -1.689593e-03 2.310300e-04 9.999984e-01 3.923616e+01
9.999999e-01 -2.235036e-04 -3.263289e-04 -7.643252e-01 2.237666e-04 9.999997e-01 8.059318e-04 -8.440172e-01 3.261488e-04 -8.060018e-04 9.999995e-01 4.039534e+01
9.999997e-01 9.304120e-05 7.769743e-04 -7.867967e-01 -9.298334e-05 1.000000e+00 -7.447594e-05 -8.701510e-01 -7.769810e-04 7.440671e-05 9.999996e-01 4.163426e+01
9.999997e-01 -2.148721e-04 -6.959865e-04 -8.170938e-01 2.154993e-04 9.999996e-01 9.011111e-04 -8.974441e-01 6.957928e-04 -9.012577e-04 9.999993e-01 4.295352e+01
9.999965e-01 2.079392e-04 2.639065e-03 -8.242333e-01 -2.064688e-04 9.999998e-01 -5.574109e-04 -9.195606e-01 -2.639180e-03 5.568672e-04 9.999963e-01 4.393757e+01
9.999989e-01 -3.327930e-04 -1.434034e-03 -8.357874e-01 3.344137e-04 9.999993e-01 1.130125e-03 -9.447215e-01 1.433658e-03 -1.130600e-03 9.999982e-01 4.510678e+01
9.999961e-01 2.475340e-04 2.765467e-03 -8.493274e-01 -2.457312e-04 9.999998e-01 -6.521881e-04 -9.680556e-01 -2.765628e-03 6.515092e-04 9.999959e-01 4.616485e+01
9.999970e-01 -3.526242e-04 -2.406783e-03 -8.776465e-01 3.560037e-04 9.999990e-01 1.403881e-03 -9.941771e-01 2.406287e-03 -1.404730e-03 9.999960e-01 4.741007e+01
9.999968e-01 2.540714e-04 2.528256e-03 -9.066177e-01 -2.524905e-04 9.999998e-01 -6.255846e-04 -1.020594e+00 -2.528414e-03 6.249476e-04 9.999965e-01 4.867331e+01
9.999979e-01 -2.320467e-04 -2.026681e-03 -9.160953e-01 2.341724e-04 9.999994e-01 1.048691e-03 -1.042047e+00 2.026438e-03 -1.049160e-03 9.999973e-01 4.960680e+01
9.999977e-01 1.904294e-04 2.117202e-03 -9.400971e-01 -1.893767e-04 9.999999e-01 -4.973990e-04 -1.064092e+00 -2.117296e-03 4.970004e-04 9.999975e-01 5.058542e+01
9.999983e-01 -3.424863e-04 -1.825395e-03 -9.692800e-01 3.448927e-04 9.999991e-01 1.318146e-03 -1.091489e+00 1.824943e-03 -1.318770e-03 9.999974e-01 5.190933e+01
9.999979e-01 1.939466e-04 2.019416e-03 -9.972985e-01 -1.929618e-04 9.999999e-01 -4.878478e-04 -1.119076e+00 -2.019510e-03 4.874608e-04 9.999977e-01 5.324378e+01
9.999985e-01 -2.884637e-04 -1.712170e-03 -1.029432e+00 2.906310e-04 9.999992e-01 1.265685e-03 -1.145458e+00 1.711804e-03 -1.266177e-03 9.999976e-01 5.451063e+01
9.999977e-01 2.410776e-04 2.124775e-03 -1.056416e+00 -2.398537e-04 9.999998e-01 -5.762700e-04 -1.170396e+00 -2.124913e-03 5.757629e-04 9.999975e-01 5.568298e+01
9.999979e-01 -3.062609e-04 -2.029461e-03 -1.080940e+00 3.088818e-04 9.999991e-01 1.291234e-03 -1.195759e+00 2.029065e-03 -1.291855e-03 9.999970e-01 5.687511e+01
9.999983e-01 2.134031e-04 1.834259e-03 -1.101615e+00 -2.123162e-04 9.999998e-01 -5.927042e-04 -1.220786e+00 -1.834385e-03 5.923177e-04 9.999980e-01 5.803588e+01
9.999999e-01 3.867674e-04 -2.317579e-05 -1.273352e+00 -3.867549e-04 9.999998e-01 5.381960e-04 -1.221238e+00 2.338501e-05 -5.381830e-04 9.999998e-01 5.814476e+01
9.999628e-01 -3.214781e-05 8.628127e-03 -1.817395e+00 3.386421e-05 1.000000e+00 -1.987848e-04 -1.184886e+00 -8.628118e-03 1.990736e-04 9.999627e-01 5.723746e+01
9.999955e-01 4.028395e-04 -2.984820e-03 -2.280082e+00 -4.010680e-04 9.999997e-01 5.941050e-04 -1.155274e+00 2.985061e-03 -5.929012e-04 9.999953e-01 5.648903e+01
9.989334e-01 -8.541992e-04 4.616615e-02 -2.763760e+00 9.346977e-04 9.999981e-01 -1.722109e-03 -1.127244e+00 -4.616458e-02 1.763428e-03 9.989322e-01 5.579999e+01
9.973020e-01 -1.056263e-03 7.340038e-02 -3.324491e+00 1.197172e-03 9.999975e-01 -1.875767e-03 -1.094621e+00 -7.339820e-02 1.958583e-03 9.973007e-01 5.507280e+01
9.976312e-01 -7.743476e-04 6.878556e-02 -3.688837e+00 9.816482e-04 9.999951e-01 -2.979979e-03 -1.073531e+00 -6.878288e-02 3.040446e-03 9.976269e-01 5.466021e+01
9.979586e-01 -8.220175e-04 6.385934e-02 -4.040708e+00 9.203425e-04 9.999984e-01 -1.510318e-03 -1.053169e+00 -6.385796e-02 1.566010e-03 9.979577e-01 5.424092e+01
9.984168e-01 -6.765874e-04 5.624447e-02 -4.342967e+00 8.206041e-04 9.999964e-01 -2.537502e-03 -1.036516e+00 -5.624250e-02 2.579641e-03 9.984137e-01 5.390556e+01
9.973849e-01 -8.592219e-04 7.226771e-02 -4.712171e+00 9.904977e-04 9.999979e-01 -1.780711e-03 -1.015151e+00 -7.226596e-02 1.847637e-03 9.973836e-01 5.344922e+01
9.989467e-01 -7.011243e-04 4.587939e-02 -5.189545e+00 7.896418e-04 9.999979e-01 -1.911267e-03 -9.866321e-01 -4.587787e-02 1.945484e-03 9.989451e-01 5.279844e+01
9.978533e-01 -9.251137e-04 6.548187e-02 -5.645461e+00 1.023308e-03 9.999984e-01 -1.466051e-03 -9.609414e-01 -6.548033e-02 1.529913e-03 9.978526e-01 5.224313e+01
9.984238e-01 -6.323651e-04 5.611975e-02 -5.936831e+00 7.813069e-04 9.999962e-01 -2.632104e-03 -9.452448e-01 -5.611779e-02 2.671802e-03 9.984205e-01 5.194428e+01
9.978784e-01 -8.316044e-04 6.509925e-02 -6.377263e+00 9.207913e-04 9.999987e-01 -1.340022e-03 -9.193621e-01 -6.509795e-02 1.397122e-03 9.978778e-01 5.136265e+01
9.992302e-01 -8.005693e-04 3.922214e-02 -7.021317e+00 8.590274e-04 9.999985e-01 -1.473603e-03 -8.805896e-01 -3.922081e-02 1.506161e-03 9.992294e-01 5.045580e+01
9.974520e-01 -8.829922e-04 7.133445e-02 -7.648279e+00 1.004931e-03 9.999981e-01 -1.673523e-03 -8.430493e-01 -7.133274e-02 1.740945e-03 9.974510e-01 4.958747e+01
9.990134e-01 -9.001357e-04 4.439986e-02 -8.218107e+00 9.771673e-04 9.999981e-01 -1.713262e-03 -8.092838e-01 -4.439813e-02 1.754957e-03 9.990123e-01 4.882726e+01
9.981079e-01 -9.192709e-04 6.147939e-02 -8.942465e+00 9.908046e-04 9.999989e-01 -1.133047e-03 -7.655675e-01 -6.147818e-02 1.191816e-03 9.981077e-01 4.783326e+01
9.999806e-01 5.645973e-04 -6.198541e-03 -9.659716e+00 -5.624739e-04 9.999998e-01 3.441172e-04 -7.209454e-01 6.198834e-03 -3.406250e-04 9.999807e-01 4.675653e+01
9.994888e-01 -8.356941e-04 3.195866e-02 -1.048060e+01 8.330805e-04 9.999996e-01 9.513347e-05 -6.665230e-01 -3.195863e-02 -6.846175e-05 9.994891e-01 4.547930e+01
9.995648e-01 6.858334e-04 -2.948932e-02 -1.094525e+01 -6.449922e-04 9.999988e-01 1.394397e-03 -6.405978e-01 2.949034e-02 -1.374771e-03 9.995641e-01 4.486418e+01
9.998121e-01 -5.820960e-04 1.937065e-02 -1.106117e+01 5.954460e-04 9.999996e-01 -6.833742e-04 -6.404559e-01 -1.937015e-02 6.947791e-04 9.998121e-01 4.484006e+01
9.982565e-01 9.017604e-04 -5.901676e-02 -1.105969e+01 -7.533365e-04 9.999965e-01 2.537128e-03 -6.509329e-01 5.901894e-02 -2.488246e-03 9.982537e-01 4.516527e+01
9.999296e-01 -5.968022e-04 1.184866e-02 -1.101657e+01 6.021378e-04 9.999997e-01 -4.466906e-04 -6.666799e-01 -1.184829e-02 4.537929e-04 9.999297e-01 4.570381e+01
9.983416e-01 9.042402e-04 -5.755897e-02 -1.097340e+01 -7.621520e-04 9.999966e-01 2.490457e-03 -6.816629e-01 5.756113e-02 -2.442459e-03 9.983389e-01 4.619557e+01
9.999250e-01 -6.169942e-04 1.222439e-02 -1.091453e+01 6.233228e-04 9.999997e-01 -5.138517e-04 -6.943887e-01 -1.222397e-02 5.214324e-04 9.999251e-01 4.654776e+01
9.984543e-01 9.041772e-04 -5.557119e-02 -1.086907e+01 -7.704113e-04 9.999968e-01 2.428475e-03 -7.042796e-01 5.557330e-02 -2.381909e-03 9.984517e-01 4.677604e+01
9.998977e-01 -5.367299e-04 1.429339e-02 -1.080928e+01 5.463963e-04 9.999996e-01 -6.723700e-04 -7.148379e-01 -1.429292e-02 6.801107e-04 9.998976e-01 4.701250e+01
9.987665e-01 9.135916e-04 -4.964344e-02 -1.075238e+01 -8.042537e-04 9.999972e-01 2.222388e-03 -7.271853e-01 4.964543e-02 -2.179721e-03 9.987645e-01 4.733183e+01
9.992255e-01 -6.366778e-04 3.934447e-02 -1.072990e+01 7.009482e-04 9.999984e-01 -1.619754e-03 -7.442897e-01 -3.934327e-02 1.646078e-03 9.992243e-01 4.790667e+01
9.992245e-01 8.528970e-04 -3.936506e-02 -1.074599e+01 -7.760009e-04 9.999978e-01 1.968641e-03 -7.620843e-01 3.936675e-02 -1.936567e-03 9.992229e-01 4.861542e+01
9.992018e-01 -6.468921e-04 3.994090e-02 -1.076978e+01 7.101769e-04 9.999985e-01 -1.570291e-03 -7.807897e-01 -3.993972e-02 1.597403e-03 9.992008e-01 4.939778e+01
9.992318e-01 8.848591e-04 -3.917935e-02 -1.079764e+01 -8.078981e-04 9.999977e-01 1.980107e-03 -7.998013e-01 3.918111e-02 -1.946933e-03 9.992302e-01 5.020806e+01
9.992085e-01 -7.201453e-04 3.977197e-02 -1.082503e+01 7.806297e-04 9.999986e-01 -1.505270e-03 -8.198456e-01 -3.977073e-02 1.535125e-03 9.992076e-01 5.107797e+01
9.992172e-01 8.705416e-04 -3.954876e-02 -1.085072e+01 -7.909789e-04 9.999976e-01 2.027359e-03 -8.407047e-01 3.955053e-02 -1.994489e-03 9.992155e-01 5.199160e+01
9.992005e-01 -7.070221e-04 3.997172e-02 -1.087310e+01 7.700691e-04 9.999985e-01 -1.561917e-03 -8.607222e-01 -3.997046e-02 1.591449e-03 9.991995e-01 5.285204e+01
9.992063e-01 8.597715e-04 -3.982320e-02 -1.089413e+01 -7.790227e-04 9.999976e-01 2.043153e-03 -8.809718e-01 3.982496e-02 -2.010508e-03 9.992046e-01 5.372052e+01
9.992043e-01 -6.948055e-04 3.987847e-02 -1.091459e+01 7.588519e-04 9.999984e-01 -1.590929e-03 -9.005371e-01 -3.987720e-02 1.619925e-03 9.992032e-01 5.454573e+01
9.992158e-01 9.195836e-04 -3.958419e-02 -1.093142e+01 -8.425038e-04 9.999977e-01 1.963875e-03 -9.189819e-01 3.958600e-02 -1.928985e-03 9.992142e-01 5.530077e+01
9.992124e-01 -7.139007e-04 3.967365e-02 -1.094818e+01 7.773858e-04 9.999984e-01 -1.584784e-03 -9.372744e-01 -3.967236e-02 1.614377e-03 9.992114e-01 5.604347e+01
9.991916e-01 9.297876e-04 -4.018904e-02 -1.096153e+01 -8.511872e-04 9.999977e-01 1.972833e-03 -9.552632e-01 4.019088e-02 -1.937029e-03 9.991901e-01 5.676033e+01
9.992942e-01 -6.592887e-04 3.755662e-02 -1.095845e+01 7.198726e-04 9.999985e-01 -1.599639e-03 -9.728383e-01 -3.755540e-02 1.625547e-03 9.992932e-01 5.741362e+01
9.987939e-01 9.682660e-04 -4.908792e-02 -1.094565e+01 -8.623531e-04 9.999973e-01 2.178750e-03 -9.908240e-01 4.909000e-02 -2.133791e-03 9.987920e-01 5.804635e+01
9.997363e-01 -5.384075e-04 2.295757e-02 -1.093678e+01 5.620818e-04 9.999993e-01 -1.024793e-03 -1.008315e+00 -2.295691e-02 1.037427e-03 9.997359e-01 5.867487e+01
9.983821e-01 9.692337e-04 -5.685194e-02 -1.092317e+01 -8.263678e-04 9.999964e-01 2.536407e-03 -1.023987e+00 5.685429e-02 -2.485322e-03 9.983793e-01 5.921777e+01
9.996953e-01 -5.490673e-04 2.467761e-02 -1.090690e+01 5.771552e-04 9.999992e-01 -1.131101e-03 -1.040069e+00 -2.467688e-02 1.144999e-03 9.996948e-01 5.977587e+01
9.982974e-01 9.613940e-04 -5.832133e-02 -1.088166e+01 -8.082231e-04 9.999962e-01 2.649864e-03 -1.055806e+00 5.832375e-02 -2.598215e-03 9.982943e-01 6.030793e+01
9.995890e-01 -5.381926e-04 2.866148e-02 -1.086726e+01 5.756668e-04 9.999990e-01 -1.299259e-03 -1.071593e+00 -2.866066e-02 1.315225e-03 9.995883e-01 6.084706e+01
9.980274e-01 1.006056e-03 -6.277116e-02 -1.086019e+01 -8.310148e-04 9.999957e-01 2.814607e-03 -1.085355e+00 6.277382e-02 -2.756891e-03 9.980239e-01 6.129451e+01
9.994574e-01 -5.280740e-04 3.293280e-02 -1.084003e+01 5.775483e-04 9.999987e-01 -1.492805e-03 -1.100674e+00 -3.293188e-02 1.511016e-03 9.994564e-01 6.179919e+01
9.987195e-01 9.363727e-04 -5.058019e-02 -1.083087e+01 -8.195960e-04 9.999970e-01 2.329447e-03 -1.118911e+00 5.058231e-02 -2.285008e-03 9.987172e-01 6.245629e+01
9.991537e-01 -5.850717e-04 4.112706e-02 -1.083864e+01 6.548983e-04 9.999984e-01 -1.684392e-03 -1.138451e+00 -4.112592e-02 1.709902e-03 9.991524e-01 6.320593e+01
9.987528e-01 8.823100e-04 -4.992061e-02 -1.085672e+01 -7.610683e-04 9.999967e-01 2.447659e-03 -1.159824e+00 4.992269e-02 -2.406612e-03 9.987501e-01 6.408299e+01
9.988233e-01 -7.567965e-04 4.849210e-02 -1.088490e+01 8.438805e-04 9.999981e-01 -1.775407e-03 -1.182044e+00 -4.849058e-02 1.814240e-03 9.988219e-01 6.506874e+01
9.987830e-01 8.732433e-04 -4.931193e-02 -1.091072e+01 -7.526194e-04 9.999967e-01 2.464669e-03 -1.205317e+00 4.931401e-02 -2.424555e-03 9.987803e-01 6.612283e+01
9.988185e-01 -7.663549e-04 4.858885e-02 -1.093415e+01 8.554966e-04 9.999980e-01 -1.813860e-03 -1.228011e+00 -4.858727e-02 1.853286e-03 9.988171e-01 6.713969e+01
9.987484e-01 9.248665e-04 -5.000711e-02 -1.095874e+01 -8.007854e-04 9.999966e-01 2.501262e-03 -1.250603e+00 5.000934e-02 -2.458085e-03 9.987457e-01 6.814856e+01
9.988576e-01 -8.435571e-04 4.777894e-02 -1.098406e+01 9.265993e-04 9.999981e-01 -1.715949e-03 -1.274182e+00 -4.777731e-02 1.758262e-03 9.988564e-01 6.921340e+01
9.988079e-01 9.535288e-04 -4.880383e-02 -1.101602e+01 -8.347360e-04 9.999966e-01 2.454429e-03 -1.297850e+00 4.880610e-02 -2.410763e-03 9.988053e-01 7.029775e+01
9.988513e-01 -8.767640e-04 4.790899e-02 -1.104595e+01 9.610589e-04 9.999980e-01 -1.736491e-03 -1.321276e+00 -4.790729e-02 1.780542e-03 9.988501e-01 7.136507e+01
9.988132e-01 9.568108e-04 -4.869419e-02 -1.107818e+01 -8.352011e-04 9.999965e-01 2.517722e-03 -1.345905e+00 4.869651e-02 -2.474063e-03 9.988105e-01 7.251110e+01
9.988221e-01 -9.258781e-04 4.851285e-02 -1.110894e+01 1.012662e-03 9.999979e-01 -1.764349e-03 -1.370552e+00 -4.851103e-02 1.811400e-03 9.988209e-01 7.366160e+01
9.988231e-01 1.008212e-03 -4.849061e-02 -1.113356e+01 -8.907397e-04 9.999966e-01 2.444155e-03 -1.394171e+00 4.849300e-02 -2.398085e-03 9.988206e-01 7.474280e+01
9.988113e-01 -9.524582e-04 4.873388e-02 -1.115843e+01 1.040950e-03 9.999979e-01 -1.790500e-03 -1.417443e+00 -4.873198e-02 1.839103e-03 9.988101e-01 7.580444e+01
9.988079e-01 1.012813e-03 -4.880274e-02 -1.118035e+01 -8.929018e-04 9.999965e-01 2.478814e-03 -1.441284e+00 4.880517e-02 -2.432281e-03 9.988053e-01 7.689391e+01
9.988165e-01 -9.780333e-04 4.862674e-02 -1.120750e+01 1.064196e-03 9.999979e-01 -1.746075e-03 -1.465714e+00 -4.862484e-02 1.795759e-03 9.988154e-01 7.802719e+01
9.987761e-01 1.020106e-03 -4.944827e-02 -1.123209e+01 -8.966879e-04 9.999964e-01 2.518051e-03 -1.490494e+00 4.945076e-02 -2.470628e-03 9.987734e-01 7.917126e+01
9.988056e-01 -1.034080e-03 4.884899e-02 -1.125753e+01 1.120351e-03 9.999979e-01 -1.738750e-03 -1.515598e+00 -4.884700e-02 1.791403e-03 9.988046e-01 8.033752e+01
9.987792e-01 1.062304e-03 -4.938512e-02 -1.128285e+01 -9.394210e-04 9.999964e-01 2.511418e-03 -1.540477e+00 4.938770e-02 -2.461957e-03 9.987766e-01 8.149038e+01
9.987890e-01 -1.038699e-03 4.918810e-02 -1.130560e+01 1.129580e-03 9.999977e-01 -1.819896e-03 -1.564216e+00 -4.918600e-02 1.873256e-03 9.987878e-01 8.257211e+01
9.987696e-01 1.088628e-03 -4.957867e-02 -1.132723e+01 -9.640030e-04 9.999963e-01 2.537551e-03 -1.588319e+00 4.958134e-02 -2.486633e-03 9.987669e-01 8.367400e+01
9.987742e-01 -1.068294e-03 4.948552e-02 -1.134897e+01 1.160991e-03 9.999976e-01 -1.844546e-03 -1.612206e+00 -4.948334e-02 1.899740e-03 9.987731e-01 8.476518e+01
9.987633e-01 1.109900e-03 -4.970561e-02 -1.137004e+01 -9.841252e-04 9.999963e-01 2.554822e-03 -1.636298e+00 4.970835e-02 -2.502744e-03 9.987606e-01 8.586665e+01
9.987584e-01 -1.080535e-03 4.980319e-02 -1.138892e+01 1.176378e-03 9.999975e-01 -1.895182e-03 -1.659850e+00 -4.980092e-02 1.951418e-03 9.987572e-01 8.693534e+01
9.987534e-01 1.126012e-03 -4.990232e-02 -1.140951e+01 -9.982092e-04 9.999962e-01 2.585939e-03 -1.683652e+00 4.990513e-02 -2.532900e-03 9.987507e-01 8.801868e+01
9.987469e-01 -1.098211e-03 5.003272e-02 -1.143636e+01 1.194156e-03 9.999975e-01 -1.887833e-03 -1.707481e+00 -5.003043e-02 1.945216e-03 9.987457e-01 8.911456e+01
9.987390e-01 1.173485e-03 -5.018913e-02 -1.146840e+01 -1.041903e-03 9.999960e-01 2.647824e-03 -1.731939e+00 5.019212e-02 -2.592191e-03 9.987361e-01 9.025460e+01
9.987593e-01 -1.175514e-03 4.978302e-02 -1.150787e+01 1.264688e-03 9.999977e-01 -1.759822e-03 -1.758395e+00 -4.978074e-02 1.820601e-03 9.987584e-01 9.152649e+01
9.987230e-01 1.170535e-03 -5.050729e-02 -1.155245e+01 -1.031260e-03 9.999956e-01 2.783528e-03 -1.786899e+00 5.051041e-02 -2.727885e-03 9.987197e-01 9.292867e+01
9.987493e-01 -1.277276e-03 4.998206e-02 -1.159664e+01 1.365708e-03 9.999976e-01 -1.735198e-03 -1.816232e+00 -4.997963e-02 1.801291e-03 9.987485e-01 9.438180e+01
9.987245e-01 1.234975e-03 -5.047537e-02 -1.164103e+01 -1.096339e-03 9.999956e-01 2.774239e-03 -1.845142e+00 5.047866e-02 -2.715360e-03 9.987214e-01 9.580939e+01
9.987443e-01 -1.290109e-03 5.008043e-02 -1.168212e+01 1.382328e-03 9.999974e-01 -1.806876e-03 -1.873025e+00 -5.007788e-02 1.873837e-03 9.987435e-01 9.717032e+01
9.987401e-01 1.280883e-03 -5.016459e-02 -1.172195e+01 -1.143962e-03 9.999955e-01 2.758087e-03 -1.900749e+00 5.016799e-02 -2.697223e-03 9.987371e-01 9.852325e+01
9.987420e-01 -1.304975e-03 5.012651e-02 -1.175856e+01 1.400393e-03 9.999973e-01 -1.868509e-03 -1.927574e+00 -5.012385e-02 1.936358e-03 9.987411e-01 9.981698e+01
9.987449e-01 1.308154e-03 -5.006817e-02 -1.179699e+01 -1.170273e-03 9.999954e-01 2.783103e-03 -1.954732e+00 5.007167e-02 -2.721014e-03 9.987419e-01 1.011343e+02
9.987441e-01 -1.370564e-03 5.008250e-02 -1.183297e+01 1.465122e-03 9.999972e-01 -1.851414e-03 -1.982460e+00 -5.007973e-02 1.922469e-03 9.987433e-01 1.024836e+02
9.987624e-01 1.366559e-03 -4.971686e-02 -1.186673e+01 -1.233554e-03 9.999956e-01 2.705871e-03 -2.008873e+00 4.972042e-02 -2.641191e-03 9.987596e-01 1.037505e+02
9.987242e-01 -1.398260e-03 5.047721e-02 -1.189720e+01 1.497368e-03 9.999970e-01 -1.925676e-03 -2.034403e+00 -5.047428e-02 1.998805e-03 9.987233e-01 1.049616e+02
9.988406e-01 1.444814e-03 -4.811812e-02 -1.191339e+01 -1.330223e-03 9.999962e-01 2.413425e-03 -2.057818e+00 4.812151e-02 -2.346616e-03 9.988387e-01 1.060364e+02
9.987556e-01 -1.458777e-03 4.984985e-02 -1.193386e+01 1.551201e-03 9.999971e-01 -1.815439e-03 -2.082258e+00 -4.984697e-02 1.890510e-03 9.987550e-01 1.071747e+02
9.987833e-01 1.442564e-03 -4.929352e-02 -1.196464e+01 -1.313962e-03 9.999956e-01 2.641256e-03 -2.108355e+00 4.929721e-02 -2.573269e-03 9.987808e-01 1.084190e+02
9.987564e-01 -1.515404e-03 4.983348e-02 -1.199787e+01 1.606168e-03 9.999971e-01 -1.781388e-03 -2.135098e+00 -4.983055e-02 1.859217e-03 9.987559e-01 1.097064e+02
9.988222e-01 1.511454e-03 -4.849541e-02 -1.202618e+01 -1.390879e-03 9.999959e-01 2.520021e-03 -2.160639e+00 4.849911e-02 -2.449599e-03 9.988202e-01 1.109205e+02
9.987329e-01 -1.522855e-03 5.030102e-02 -1.205170e+01 1.619478e-03 9.999969e-01 -1.880221e-03 -2.185314e+00 -5.029792e-02 1.959304e-03 9.987323e-01 1.120813e+02
9.987885e-01 1.469322e-03 -4.918690e-02 -1.208370e+01 -1.336990e-03 9.999954e-01 2.723235e-03 -2.212366e+00 4.919076e-02 -2.654170e-03 9.987858e-01 1.133901e+02
9.987636e-01 -1.580029e-03 4.968542e-02 -1.211775e+01 1.671997e-03 9.999970e-01 -1.809539e-03 -2.240110e+00 -4.968232e-02 1.890379e-03 9.987632e-01 1.147394e+02
9.987854e-01 1.513357e-03 -4.924788e-02 -1.215671e+01 -1.378078e-03 9.999952e-01 2.780768e-03 -2.268479e+00 4.925194e-02 -2.709520e-03 9.987826e-01 1.161342e+02
9.987575e-01 -1.535911e-03 4.980985e-02 -1.219080e+01 1.634024e-03 9.999968e-01 -1.929133e-03 -2.294974e+00 -4.980664e-02 2.008130e-03 9.987568e-01 1.174105e+02
9.988179e-01 1.601383e-03 -4.858087e-02 -1.221480e+01 -1.478021e-03 9.999956e-01 2.575177e-03 -2.318871e+00 4.858487e-02 -2.500326e-03 9.988159e-01 1.185173e+02
9.987444e-01 -1.524036e-03 5.007281e-02 -1.223739e+01 1.627130e-03 9.999966e-01 -2.018228e-03 -2.341628e+00 -5.006947e-02 2.097172e-03 9.987435e-01 1.195541e+02
9.987875e-01 1.580948e-03 -4.920416e-02 -1.226654e+01 -1.448291e-03 9.999952e-01 2.731639e-03 -2.365854e+00 4.920833e-02 -2.657061e-03 9.987849e-01 1.206842e+02
9.987645e-01 -1.546177e-03 4.966990e-02 -1.230047e+01 1.645416e-03 9.999967e-01 -1.957200e-03 -2.390633e+00 -4.966662e-02 2.036513e-03 9.987637e-01 1.218525e+02
9.987764e-01 1.612872e-03 -4.942616e-02 -1.233318e+01 -1.478383e-03 9.999951e-01 2.757507e-03 -2.415732e+00 4.943046e-02 -2.681059e-03 9.987739e-01 1.230374e+02
9.987655e-01 -1.609065e-03 4.964629e-02 -1.236842e+01 1.705564e-03 9.999967e-01 -1.901472e-03 -2.441839e+00 -4.964297e-02 1.983803e-03 9.987650e-01 1.242880e+02
9.987704e-01 1.652943e-03 -4.954758e-02 -1.240284e+01 -1.518382e-03 9.999951e-01 2.753344e-03 -2.467706e+00 4.955198e-02 -2.674723e-03 9.987679e-01 1.255211e+02
9.987653e-01 -1.621178e-03 4.965010e-02 -1.243699e+01 1.719332e-03 9.999967e-01 -1.934333e-03 -2.492992e+00 -4.964671e-02 2.017313e-03 9.987647e-01 1.267182e+02
9.987798e-01 1.724164e-03 -4.935395e-02 -1.246709e+01 -1.594248e-03 9.999952e-01 2.671630e-03 -2.516934e+00 4.935841e-02 -2.589684e-03 9.987777e-01 1.278289e+02
9.987665e-01 -1.633454e-03 4.962582e-02 -1.249856e+01 1.732328e-03 9.999966e-01 -1.949486e-03 -2.540494e+00 -4.962238e-02 2.033054e-03 9.987659e-01 1.289181e+02
9.987761e-01 1.773545e-03 -4.942865e-02 -1.252734e+01 -1.645107e-03 9.999952e-01 2.639063e-03 -2.563449e+00 4.943318e-02 -2.554514e-03 9.987741e-01 1.299655e+02
9.987615e-01 -1.647327e-03 4.972593e-02 -1.255316e+01 1.749744e-03 9.999964e-01 -2.016224e-03 -2.585291e+00 -4.972234e-02 2.100739e-03 9.987608e-01 1.309402e+02
9.987654e-01 1.808866e-03 -4.964224e-02 -1.258334e+01 -1.677780e-03 9.999950e-01 2.682198e-03 -2.607567e+00 4.964694e-02 -2.595594e-03 9.987634e-01 1.319458e+02
9.987630e-01 -1.680037e-03 4.969565e-02 -1.260950e+01 1.783668e-03 9.999963e-01 -2.041092e-03 -2.629504e+00 -4.969195e-02 2.127212e-03 9.987623e-01 1.329242e+02
9.987636e-01 1.818108e-03 -4.967758e-02 -1.264196e+01 -1.683001e-03 9.999948e-01 2.761414e-03 -2.652669e+00 4.968243e-02 -2.674388e-03 9.987614e-01 1.339867e+02
9.987613e-01 -1.773994e-03 4.972523e-02 -1.267744e+01 1.872818e-03 9.999964e-01 -1.940932e-03 -2.677685e+00 -4.972151e-02 2.031658e-03 9.987610e-01 1.351679e+02
9.987732e-01 1.874841e-03 -4.948175e-02 -1.271193e+01 -1.741111e-03 9.999947e-01 2.745624e-03 -2.702554e+00 4.948673e-02 -2.656098e-03 9.987712e-01 1.363423e+02
9.987631e-01 -1.812853e-03 4.968795e-02 -1.274408e+01 1.912241e-03 9.999963e-01 -1.952826e-03 -2.727313e+00 -4.968413e-02 2.045431e-03 9.987628e-01 1.375066e+02
9.987615e-01 1.944647e-03 -4.971549e-02 -1.277409e+01 -1.812907e-03 9.999947e-01 2.694878e-03 -2.750926e+00 4.972056e-02 -2.601406e-03 9.987597e-01 1.385949e+02
9.987593e-01 -1.841770e-03 4.976368e-02 -1.280706e+01 1.940951e-03 9.999962e-01 -1.944844e-03 -2.774550e+00 -4.975982e-02 2.039024e-03 9.987591e-01 1.396882e+02
9.987562e-01 1.979863e-03 -4.982008e-02 -1.283673e+01 -1.848995e-03 9.999947e-01 2.672809e-03 -2.797818e+00 4.982519e-02 -2.577363e-03 9.987546e-01 1.407540e+02
9.987632e-01 -1.869132e-03 4.968342e-02 -1.286594e+01 1.969379e-03 9.999961e-01 -1.968894e-03 -2.820548e+00 -4.967946e-02 2.064309e-03 9.987630e-01 1.417842e+02
9.987606e-01 1.987484e-03 -4.973137e-02 -1.289718e+01 -1.855468e-03 9.999946e-01 2.700653e-03 -2.843759e+00 4.973657e-02 -2.605027e-03 9.987589e-01 1.428465e+02
9.987493e-01 -1.926014e-03 4.996079e-02 -1.292458e+01 2.025927e-03 9.999960e-01 -1.949319e-03 -2.867839e+00 -4.995675e-02 2.048103e-03 9.987492e-01 1.439618e+02
9.987688e-01 2.031953e-03 -4.956408e-02 -1.294949e+01 -1.902792e-03 9.999947e-01 2.653049e-03 -2.891193e+00 4.956929e-02 -2.555468e-03 9.987673e-01 1.450304e+02
9.987517e-01 -1.968901e-03 4.991184e-02 -1.297937e+01 2.066194e-03 9.999961e-01 -1.897847e-03 -2.915255e+00 -4.990782e-02 1.998609e-03 9.987518e-01 1.461490e+02
9.987630e-01 2.087632e-03 -4.967923e-02 -1.300507e+01 -1.960806e-03 9.999947e-01 2.601558e-03 -2.938375e+00 4.968448e-02 -2.500925e-03 9.987618e-01 1.472029e+02
9.987583e-01 -1.999915e-03 4.977683e-02 -1.302863e+01 2.098466e-03 9.999959e-01 -1.927722e-03 -2.960886e+00 -4.977269e-02 2.029788e-03 9.987584e-01 1.482132e+02
9.988154e-01 2.161125e-03 -4.861116e-02 -1.304623e+01 -2.044420e-03 9.999949e-01 2.450433e-03 -2.982175e+00 4.861630e-02 -2.348144e-03 9.988147e-01 1.491521e+02
9.987544e-01 -1.988589e-03 4.985554e-02 -1.306454e+01 2.089501e-03 9.999959e-01 -1.972115e-03 -3.002553e+00 -4.985132e-02 2.073837e-03 9.987544e-01 1.500364e+02
9.987770e-01 2.103298e-03 -4.939635e-02 -1.309058e+01 -1.974273e-03 9.999945e-01 2.660742e-03 -3.025520e+00 4.940177e-02 -2.559962e-03 9.987756e-01 1.510825e+02
9.987563e-01 -2.044561e-03 4.981513e-02 -1.311527e+01 2.144490e-03 9.999958e-01 -1.952699e-03 -3.048918e+00 -4.981084e-02 2.057104e-03 9.987565e-01 1.521525e+02
9.987917e-01 2.165274e-03 -4.909672e-02 -1.313896e+01 -2.041369e-03 9.999946e-01 2.573736e-03 -3.071020e+00 4.910212e-02 -2.470397e-03 9.987906e-01 1.531433e+02
9.987290e-01 -2.042763e-03 5.036103e-02 -1.315965e+01 2.147871e-03 9.999956e-01 -2.033115e-03 -3.092577e+00 -5.035657e-02 2.138705e-03 9.987289e-01 1.541019e+02
9.987752e-01 2.150063e-03 -4.943056e-02 -1.318314e+01 -2.021675e-03 9.999945e-01 2.647254e-03 -3.114947e+00 4.943606e-02 -2.544075e-03 9.987740e-01 1.551099e+02
9.987603e-01 -2.136142e-03 4.973184e-02 -1.321568e+01 2.230471e-03 9.999958e-01 -1.841394e-03 -3.139739e+00 -4.972761e-02 1.950041e-03 9.987608e-01 1.562743e+02
9.988068e-01 2.183308e-03 -4.878699e-02 -1.324176e+01 -2.062011e-03 9.999947e-01 2.536522e-03 -3.163523e+00 4.879236e-02 -2.432891e-03 9.988059e-01 1.573721e+02
9.987529e-01 -2.158262e-03 4.987848e-02 -1.326353e+01 2.255414e-03 9.999957e-01 -1.891618e-03 -3.186994e+00 -4.987409e-02 2.001761e-03 9.987534e-01 1.584464e+02
9.988115e-01 2.279223e-03 -4.868534e-02 -1.328457e+01 -2.161883e-03 9.999946e-01 2.462753e-03 -3.209115e+00 4.869078e-02 -2.354570e-03 9.988111e-01 1.594398e+02
9.987125e-01 -2.120304e-03 5.068253e-02 -1.330005e+01 2.227843e-03 9.999954e-01 -2.065468e-03 -3.229314e+00 -5.067782e-02 2.175727e-03 9.987126e-01 1.603131e+02
9.988391e-01 2.287280e-03 -4.811638e-02 -1.330954e+01 -2.175817e-03 9.999948e-01 2.368859e-03 -3.249220e+00 4.812164e-02 -2.261411e-03 9.988389e-01 1.611648e+02
9.987108e-01 -2.134783e-03 5.071528e-02 -1.332073e+01 2.241121e-03 9.999954e-01 -2.040051e-03 -3.269446e+00 -5.071060e-02 2.151085e-03 9.987110e-01 1.620395e+02
9.988457e-01 2.275619e-03 -4.797928e-02 -1.333136e+01 -2.163463e-03 9.999948e-01 2.389476e-03 -3.290562e+00 4.798455e-02 -2.282911e-03 9.988454e-01 1.629700e+02
9.987380e-01 -2.206589e-03 5.017390e-02 -1.334538e+01 2.305671e-03 9.999955e-01 -1.917052e-03 -3.312913e+00 -5.016935e-02 2.030322e-03 9.987386e-01 1.639756e+02
9.988727e-01 2.280065e-03 -4.741332e-02 -1.335520e+01 -2.172254e-03 9.999949e-01 2.325339e-03 -3.335345e+00 4.741847e-02 -2.219719e-03 9.988726e-01 1.649848e+02
9.987819e-01 -2.240948e-03 4.929131e-02 -1.337088e+01 2.331278e-03 9.999957e-01 -1.775219e-03 -3.358568e+00 -4.928703e-02 1.887973e-03 9.987828e-01 1.660445e+02
9.988364e-01 2.288187e-03 -4.817243e-02 -1.338898e+01 -2.173074e-03 9.999947e-01 2.441922e-03 -3.382599e+00 4.817785e-02 -2.334393e-03 9.988360e-01 1.671514e+02
9.987334e-01 -2.205161e-03 5.026698e-02 -1.340091e+01 2.306674e-03 9.999954e-01 -1.961612e-03 -3.404904e+00 -5.026233e-02 2.075082e-03 9.987338e-01 1.681519e+02
9.988563e-01 2.317486e-03 -4.775699e-02 -1.341309e+01 -2.206235e-03 9.999947e-01 2.382161e-03 -3.426841e+00 4.776235e-02 -2.274068e-03 9.988561e-01 1.691330e+02
9.986846e-01 -2.186784e-03 5.122823e-02 -1.341743e+01 2.298679e-03 9.999951e-01 -2.125500e-03 -3.447234e+00 -5.122324e-02 2.240466e-03 9.986846e-01 1.700163e+02
9.988999e-01 2.321816e-03 -4.683436e-02 -1.341594e+01 -2.217115e-03 9.999949e-01 2.287460e-03 -3.467151e+00 4.683952e-02 -2.181102e-03 9.989000e-01 1.708633e+02
9.987301e-01 -2.232848e-03 5.032961e-02 -1.342055e+01 2.335428e-03 9.999953e-01 -1.979533e-03 -3.488770e+00 -5.032486e-02 2.094566e-03 9.987306e-01 1.718237e+02
9.988946e-01 2.338426e-03 -4.694823e-02 -1.342618e+01 -2.233400e-03 9.999949e-01 2.289463e-03 -3.510285e+00 4.695344e-02 -2.182073e-03 9.988946e-01 1.727775e+02
9.987519e-01 -2.258588e-03 4.989530e-02 -1.343603e+01 2.355773e-03 9.999954e-01 -1.889107e-03 -3.532462e+00 -4.989072e-02 2.004296e-03 9.987526e-01 1.737755e+02
9.988790e-01 2.365597e-03 -4.727678e-02 -1.344693e+01 -2.257883e-03 9.999947e-01 2.331726e-03 -3.554904e+00 4.728214e-02 -2.222362e-03 9.988790e-01 1.747898e+02
9.987247e-01 -2.264996e-03 5.043578e-02 -1.345474e+01 2.366709e-03 9.999953e-01 -1.957104e-03 -3.576829e+00 -5.043102e-02 2.073980e-03 9.987253e-01 1.757726e+02
9.989772e-01 2.283732e-03 -4.515828e-02 -1.345169e+01 -2.189217e-03 9.999953e-01 2.142403e-03 -3.598415e+00 4.516306e-02 -2.041346e-03 9.989775e-01 1.767276e+02
9.984577e-01 -2.267305e-03 5.547180e-02 -1.342760e+01 2.393822e-03 9.999947e-01 -2.214472e-03 -3.618473e+00 -5.546639e-02 2.343851e-03 9.984577e-01 1.775751e+02
9.989921e-01 2.351991e-03 -4.482302e-02 -1.340394e+01 -2.260271e-03 9.999952e-01 2.096929e-03 -3.638067e+00 4.482783e-02 -1.993498e-03 9.989927e-01 1.783966e+02
9.985924e-01 -2.269642e-03 5.299131e-02 -1.338749e+01 2.384231e-03 9.999950e-01 -2.099376e-03 -3.657568e+00 -5.298618e-02 2.222770e-03 9.985927e-01 1.792140e+02
9.992973e-01 2.403841e-03 -3.740496e-02 -1.336518e+01 -2.345829e-03 9.999960e-01 1.594812e-03 -3.674241e+00 3.740874e-02 -1.505940e-03 9.992988e-01 1.798783e+02
9.979058e-01 -2.274495e-03 6.464304e-02 -1.332736e+01 2.443987e-03 9.999938e-01 -2.543076e-03 -3.688805e+00 -6.463676e-02 2.695742e-03 9.979051e-01 1.804346e+02
9.993172e-01 2.359863e-03 -3.687238e-02 -1.328875e+01 -2.306963e-03 9.999962e-01 1.477255e-03 -3.703300e+00 3.687582e-02 -1.391179e-03 9.993188e-01 1.809861e+02
9.976221e-01 -2.312748e-03 6.888210e-02 -1.324756e+01 2.501739e-03 9.999933e-01 -2.657606e-03 -3.716815e+00 -6.887539e-02 2.823616e-03 9.976212e-01 1.814873e+02
9.990463e-01 2.497479e-03 -4.359092e-02 -1.320195e+01 -2.424520e-03 9.999956e-01 1.726577e-03 -3.731746e+00 4.359514e-02 -1.619238e-03 9.990479e-01 1.820455e+02
9.983065e-01 -2.254865e-03 5.812934e-02 -1.315407e+01 2.375703e-03 9.999952e-01 -2.009824e-03 -3.750029e+00 -5.812443e-02 2.144523e-03 9.983070e-01 1.827629e+02
9.991931e-01 2.409919e-03 -4.009006e-02 -1.312301e+01 -2.357367e-03 9.999963e-01 1.358175e-03 -3.766267e+00 4.009328e-02 -1.262568e-03 9.991951e-01 1.833945e+02
9.979255e-01 -2.215358e-03 6.434112e-02 -1.307313e+01 2.361196e-03 9.999948e-01 -2.190745e-03 -3.781031e+00 -6.433583e-02 2.338127e-03 9.979255e-01 1.839310e+02
9.986204e-01 2.499289e-03 -5.245026e-02 -1.302932e+01 -2.398089e-03 9.999951e-01 1.992367e-03 -3.799258e+00 5.245508e-02 -1.863833e-03 9.986215e-01 1.846348e+02
9.980744e-01 -2.286994e-03 6.198522e-02 -1.299581e+01 2.419750e-03 9.999949e-01 -2.066808e-03 -3.817559e+00 -6.198008e-02 2.212822e-03 9.980749e-01 1.853503e+02
9.984299e-01 2.499101e-03 -5.595960e-02 -1.297645e+01 -2.382688e-03 9.999949e-01 2.146987e-03 -3.836903e+00 5.596477e-02 -2.010277e-03 9.984307e-01 1.861419e+02
9.982247e-01 -2.341777e-03 5.951291e-02 -1.297434e+01 2.459664e-03 9.999952e-01 -1.907733e-03 -3.856834e+00 -5.950806e-02 2.050733e-03 9.982257e-01 1.869888e+02
9.983755e-01 2.474131e-03 -5.692191e-02 -1.298437e+01 -2.342846e-03 9.999944e-01 2.373081e-03 -3.879025e+00 5.692756e-02 -2.235862e-03 9.983758e-01 1.879867e+02
9.982542e-01 -2.429411e-03 5.901264e-02 -1.299927e+01 2.536359e-03 9.999953e-01 -1.737507e-03 -3.903229e+00 -5.900804e-02 1.884155e-03 9.982557e-01 1.891124e+02
9.983279e-01 2.495465e-03 -5.775065e-02 -1.301996e+01 -2.354717e-03 9.999941e-01 2.505159e-03 -3.928249e+00 5.775666e-02 -2.364979e-03 9.983278e-01 1.902895e+02
9.982634e-01 -2.453568e-03 5.885608e-02 -1.304017e+01 2.560906e-03 9.999952e-01 -1.748438e-03 -3.952720e+00 -5.885141e-02 1.896131e-03 9.982649e-01 1.914302e+02
9.983127e-01 2.527996e-03 -5.801143e-02 -1.306748e+01 -2.382942e-03 9.999939e-01 2.569545e-03 -3.977773e+00 5.801767e-02 -2.426967e-03 9.983126e-01 1.926131e+02
9.982730e-01 -2.443110e-03 5.869329e-02 -1.309516e+01 2.552656e-03 9.999951e-01 -1.791571e-03 -4.001797e+00 -5.868853e-02 1.938305e-03 9.982744e-01 1.937319e+02
9.982940e-01 2.518641e-03 -5.833187e-02 -1.312221e+01 -2.370850e-03 9.999938e-01 2.602749e-03 -4.026232e+00 5.833816e-02 -2.460009e-03 9.982938e-01 1.948690e+02
9.982789e-01 -2.513370e-03 5.859057e-02 -1.315741e+01 2.616965e-03 9.999951e-01 -1.691518e-03 -4.052149e+00 -5.858593e-02 1.841941e-03 9.982806e-01 1.961078e+02
9.982984e-01 2.558526e-03 -5.825492e-02 -1.318132e+01 -2.414548e-03 9.999939e-01 2.541855e-03 -4.077457e+00 5.826116e-02 -2.396866e-03 9.982984e-01 1.972957e+02
9.982911e-01 -2.558632e-03 5.837990e-02 -1.320393e+01 2.662151e-03 9.999950e-01 -1.695567e-03 -4.102669e+00 -5.837517e-02 1.848090e-03 9.982929e-01 1.984734e+02
9.982947e-01 2.612205e-03 -5.831577e-02 -1.322816e+01 -2.467634e-03 9.999937e-01 2.551052e-03 -4.127782e+00 5.832217e-02 -2.402795e-03 9.982949e-01 1.996467e+02
9.982905e-01 -2.570735e-03 5.838913e-02 -1.325021e+01 2.678076e-03 9.999949e-01 -1.760263e-03 -4.151781e+00 -5.838421e-02 1.913629e-03 9.982923e-01 2.007478e+02
9.983126e-01 2.675443e-03 -5.800674e-02 -1.327276e+01 -2.534739e-03 9.999937e-01 2.499158e-03 -4.174885e+00 5.801316e-02 -2.347904e-03 9.983130e-01 2.017970e+02
9.982901e-01 -2.608884e-03 5.839505e-02 -1.329548e+01 2.715628e-03 9.999948e-01 -1.748741e-03 -4.198234e+00 -5.839008e-02 1.904335e-03 9.982920e-01 2.028621e+02
9.982955e-01 2.706592e-03 -5.829842e-02 -1.331943e+01 -2.563527e-03 9.999935e-01 2.528740e-03 -4.221779e+00 5.830499e-02 -2.374976e-03 9.982959e-01 2.039374e+02
9.982793e-01 -2.631278e-03 5.857845e-02 -1.334275e+01 2.740706e-03 9.999946e-01 -1.787867e-03 -4.244748e+00 -5.857333e-02 1.945342e-03 9.982812e-01 2.049778e+02
9.982937e-01 2.794760e-03 -5.832555e-02 -1.336022e+01 -2.656827e-03 9.999935e-01 2.442374e-03 -4.266237e+00 5.833209e-02 -2.283241e-03 9.982946e-01 2.059206e+02
9.983200e-01 -2.662090e-03 5.787905e-02 -1.338123e+01 2.765829e-03 9.999947e-01 -1.712379e-03 -4.288467e+00 -5.787409e-02 1.869591e-03 9.983221e-01 2.069083e+02
9.983230e-01 2.740225e-03 -5.782450e-02 -1.340331e+01 -2.599098e-03 9.999935e-01 2.515741e-03 -4.312509e+00 5.783112e-02 -2.361226e-03 9.983235e-01 2.080121e+02
9.983085e-01 -2.735516e-03 5.807421e-02 -1.341988e+01 2.838622e-03 9.999945e-01 -1.693063e-03 -4.337516e+00 -5.806916e-02 1.855054e-03 9.983108e-01 2.091721e+02
9.983168e-01 2.784695e-03 -5.792872e-02 -1.343795e+01 -2.643139e-03 9.999933e-01 2.520169e-03 -4.362303e+00 5.793545e-02 -2.362809e-03 9.983175e-01 2.103187e+02
9.983056e-01 -2.751872e-03 5.812322e-02 -1.345832e+01 2.855908e-03 9.999945e-01 -1.707004e-03 -4.386787e+00 -5.811810e-02 1.870112e-03 9.983079e-01 2.114506e+02
9.983215e-01 2.845640e-03 -5.784387e-02 -1.348103e+01 -2.705465e-03 9.999932e-01 2.501574e-03 -4.410729e+00 5.785070e-02 -2.340876e-03 9.983224e-01 2.125526e+02
9.983467e-01 -2.678373e-03 5.741617e-02 -1.350261e+01 2.784587e-03 9.999946e-01 -1.770042e-03 -4.432981e+00 -5.741101e-02 1.927001e-03 9.983487e-01 2.135460e+02
9.983498e-01 2.828887e-03 -5.735420e-02 -1.353383e+01 -2.686136e-03 9.999931e-01 2.565967e-03 -4.456329e+00 5.736116e-02 -2.407667e-03 9.983505e-01 2.146203e+02
9.983121e-01 -2.773833e-03 5.801039e-02 -1.356008e+01 2.879197e-03 9.999944e-01 -1.732864e-03 -4.481212e+00 -5.800515e-02 1.896967e-03 9.983144e-01 2.157906e+02
9.983482e-01 2.849790e-03 -5.738163e-02 -1.358108e+01 -2.708426e-03 9.999931e-01 2.541275e-03 -4.505832e+00 5.738858e-02 -2.381658e-03 9.983490e-01 2.169362e+02
9.983141e-01 -2.776140e-03 5.797527e-02 -1.359999e+01 2.885065e-03 9.999942e-01 -1.795269e-03 -4.529309e+00 -5.796985e-02 1.959510e-03 9.983164e-01 2.180083e+02
9.983534e-01 2.923045e-03 -5.728760e-02 -1.361925e+01 -2.785285e-03 9.999930e-01 2.484481e-03 -4.551658e+00 5.729456e-02 -2.320822e-03 9.983546e-01 2.190119e+02
9.983180e-01 -2.758102e-03 5.790901e-02 -1.364040e+01 2.868954e-03 9.999942e-01 -1.831278e-03 -4.573078e+00 -5.790352e-02 1.994341e-03 9.983201e-01 2.199609e+02
9.983505e-01 2.949396e-03 -5.733631e-02 -1.366256e+01 -2.810853e-03 9.999929e-01 2.496887e-03 -4.594709e+00 5.734337e-02 -2.331599e-03 9.983517e-01 2.209234e+02
9.983285e-01 -2.815898e-03 5.772565e-02 -1.368491e+01 2.924571e-03 9.999941e-01 -1.798262e-03 -4.616718e+00 -5.772014e-02 1.964084e-03 9.983308e-01 2.219068e+02
9.983522e-01 3.026985e-03 -5.730299e-02 -1.370900e+01 -2.891316e-03 9.999928e-01 2.450432e-03 -4.637774e+00 5.731010e-02 -2.280708e-03 9.983538e-01 2.228350e+02
