9.999918e-01 -1.310053e-03 3.824240e-03 1.149762e-01 1.313925e-03 9.999986e-01 -1.010181e-03 -6.450344e-03 -3.822911e-03 1.015198e-03 9.999921e-01 1.322170e-01
9.999998e-01 1.914919e-04 -5.778019e-04 1.586331e-01 -1.914245e-04 1.000000e+00 1.166270e-04 -1.103850e-02 5.778250e-04 -1.165161e-04 9.999997e-01 2.893662e-01
9.999949e-01 -1.049544e-03 3.027909e-03 1.293353e-01 1.052543e-03 9.999990e-01 -9.890236e-04 -1.313248e-02 -3.026867e-03 9.922057e-04 9.999948e-01 4.769526e-01
9.999991e-01 -3.256419e-04 1.263996e-03 1.920873e-01 3.258396e-04 9.999999e-01 -1.562125e-04 -1.879775e-02 -1.263944e-03 1.566243e-04 9.999991e-01 6.859018e-01
9.999890e-01 -1.429066e-03 4.477048e-03 3.741181e-01 1.434373e-03 9.999983e-01 -1.182319e-03 -2.798635e-02 -4.475348e-03 1.188728e-03 9.999892e-01 8.578737e-01
9.999994e-01 -2.766866e-04 1.011677e-03 5.516819e-01 2.767881e-04 1.000000e+00 -1.001968e-04 -3.690948e-02 -1.011647e-03 1.004765e-04 9.999994e-01 1.021147e+00
9.999895e-01 -1.389386e-03 4.359258e-03 7.131963e-01 1.394482e-03 9.999983e-01 -1.166058e-03 -4.545479e-02 -4.357628e-03 1.172125e-03 9.999897e-01 1.193145e+00
9.999987e-01 4.048827e-04 -1.542704e-03 7.047463e-01 -4.044255e-04 9.999999e-01 2.966665e-04 -4.856188e-02 1.542827e-03 -2.960426e-04 9.999987e-01 1.387170e+00
9.999886e-01 -1.455253e-03 4.549107e-03 7.021395e-01 1.460921e-03 9.999982e-01 -1.243067e-03 -5.190993e-02 -4.547286e-03 1.249698e-03 9.999888e-01 1.587768e+00
9.999999e-01 -1.489789e-04 5.133139e-04 8.622393e-01 1.489629e-04 1.000000e+00 3.137516e-05 -6.021362e-02 -5.133144e-04 -3.129931e-05 9.999998e-01 1.745195e+00
9.999826e-01 -1.674960e-03 5.648387e-03 1.112671e+00 1.683731e-03 9.999974e-01 -1.548472e-03 -7.072576e-02 -5.645774e-03 1.557955e-03 9.999827e-01 1.891496e+00
1.000000e+00 2.120696e-05 -3.063570e-04 1.289823e+00 -2.112719e-05 1.000000e+00 2.602399e-04 -7.912249e-02 3.063678e-04 -2.602343e-04 9.999998e-01 2.060638e+00
9.999961e-01 -9.312493e-04 2.641174e-03 1.278604e+00 9.339579e-04 9.999990e-01 -1.024461e-03 -8.198874e-02 -2.640212e-03 1.026923e-03 9.999959e-01 2.227849e+00
9.999996e-01 -2.797822e-04 8.877140e-04 1.320255e+00 2.797278e-04 1.000000e+00 6.145227e-05 -8.692727e-02 -8.877253e-04 -6.120502e-05 9.999995e-01 2.410064e+00
9.999931e-01 -1.133909e-03 3.537309e-03 1.409479e+00 1.138052e-03 9.999987e-01 -1.169438e-03 -9.355032e-02 -3.535972e-03 1.173454e-03 9.999930e-01 2.595798e+00
9.999999e-01 -1.610032e-04 4.381318e-04 1.451564e+00 1.609484e-04 1.000000e+00 1.252020e-04 -9.887692e-02 -4.381452e-04 -1.251328e-04 9.999998e-01 2.801680e+00
9.999980e-01 -6.632385e-04 1.863456e-03 1.413563e+00 6.650567e-04 9.999993e-01 -9.752435e-04 -1.007171e-01 -1.862801e-03 9.764795e-04 9.999977e-01 2.996209e+00
9.999996e-01 1.723170e-04 -8.571926e-04 1.329033e+00 -1.720839e-04 9.999999e-01 2.719643e-04 -1.002603e-01 8.572465e-04 -2.718182e-04 9.999995e-01 3.184171e+00
9.999979e-01 -6.818385e-04 1.910624e-03 1.247967e+00 6.836551e-04 9.999993e-01 -9.502717e-04 -9.995720e-02 -1.909967e-03 9.515745e-04 9.999976e-01 3.372856e+00
9.999997e-01 1.648684e-04 -7.463040e-04 1.171946e+00 -1.646760e-04 1.000000e+00 2.577397e-04 -9.987168e-02 7.463538e-04 -2.576183e-04 9.999996e-01 3.548658e+00
9.999960e-01 -9.648956e-04 2.649204e-03 1.144046e+00 9.676233e-04 9.999990e-01 -1.028525e-03 -1.018547e-01 -2.648201e-03 1.031082e-03 9.999959e-01 3.717437e+00
9.999995e-01 3.219079e-04 -9.587188e-04 1.086424e+00 -3.216342e-04 9.999999e-01 2.855947e-04 -1.030540e-01 9.588183e-04 -2.852880e-04 9.999994e-01 3.882996e+00
9.999981e-01 -7.851958e-04 1.809935e-03 1.001231e+00 7.869244e-04 9.999992e-01 -9.545416e-04 -1.025400e-01 -1.809176e-03 9.559622e-04 9.999978e-01 4.069781e+00
1.000000e+00 1.128926e-04 -1.578684e-04 9.407572e-01 -1.128526e-04 1.000000e+00 2.522374e-04 -1.036074e-01 1.579047e-04 -2.522215e-04 9.999999e-01 4.266421e+00
9.999937e-01 -1.154710e-03 3.364331e-03 9.307818e-01 1.158968e-03 9.999985e-01 -1.263826e-03 -1.069471e-01 -3.362858e-03 1.267715e-03 9.999934e-01 4.475852e+00
9.999998e-01 -1.307637e-04 5.613805e-04 9.698320e-01 1.306672e-04 1.000000e+00 1.721796e-04 -1.118309e-01 -5.613944e-04 -1.721084e-04 9.999997e-01 4.692607e+00
9.999986e-01 -7.490508e-04 1.488535e-03 9.608231e-01 7.504425e-04 9.999993e-01 -9.345570e-04 -1.144438e-01 -1.487825e-03 9.356705e-04 9.999984e-01 4.852994e+00
1.000000e+00 2.047810e-05 -1.488552e-04 9.486920e-01 -2.042419e-05 9.999999e-01 3.613275e-04 -1.166728e-01 1.488715e-04 -3.613267e-04 9.999998e-01 4.961643e+00
9.999988e-01 -7.134887e-04 1.352911e-03 9.295617e-01 7.147124e-04 9.999993e-01 -9.041605e-04 -1.186554e-01 -1.352256e-03 9.051240e-04 9.999986e-01 5.070051e+00
1.000000e+00 -6.771531e-05 2.597966e-04 9.207380e-01 6.764326e-05 1.000000e+00 2.778274e-04 -1.211661e-01 -2.598062e-04 -2.778122e-04 9.999998e-01 5.188790e+00
9.999986e-01 -7.700983e-04 1.481849e-03 9.555401e-01 7.714654e-04 9.999993e-01 -9.221517e-04 -1.247120e-01 -1.481129e-03 9.232911e-04 9.999984e-01 5.273895e+00
9.999998e-01 -1.150159e-04 5.432856e-04 1.008915e+00 1.148759e-04 1.000000e+00 2.579927e-04 -1.290730e-01 -5.433057e-04 -2.579328e-04 9.999997e-01 5.358812e+00
9.999983e-01 -8.208653e-04 1.675524e-03 1.081102e+00 8.225596e-04 9.999992e-01 -1.010700e-03 -1.336478e-01 -1.674683e-03 1.012074e-03 9.999980e-01 5.448915e+00
1.000000e+00 -8.829795e-06 5.600785e-05 1.128428e+00 8.810809e-06 9.999999e-01 3.417330e-04 -1.372346e-01 -5.600088e-05 -3.417352e-04 9.999998e-01 5.531148e+00
9.999994e-01 -5.995727e-04 8.860765e-04 1.094009e+00 6.003464e-04 9.999994e-01 -8.729679e-04 -1.385736e-01 -8.855426e-04 8.734966e-04 9.999991e-01 5.637130e+00
9.999962e-01 -6.449633e-04 2.685022e-03 1.147336e+00 6.451660e-04 9.999998e-01 -7.457987e-05 -1.437358e-01 -2.684963e-03 7.630902e-05 9.999963e-01 5.816804e+00
9.999988e-01 -1.872261e-05 -1.563508e-03 1.115768e+00 1.801162e-05 9.999999e-01 -4.548593e-04 -1.452777e-01 1.563527e-03 4.548277e-04 9.999986e-01 5.937143e+00
9.999965e-01 -5.248605e-04 2.600801e-03 1.055838e+00 5.251303e-04 9.999999e-01 -1.029753e-04 -1.458066e-01 -2.600736e-03 1.043377e-04 9.999965e-01 6.079590e+00
9.999999e-01 -2.345857e-04 -2.967558e-04 1.007470e+00 2.343546e-04 9.999997e-01 -7.788678e-04 -1.470975e-01 2.969493e-04 7.787952e-04 9.999996e-01 6.272585e+00
9.999964e-01 -5.307939e-04 2.611850e-03 9.512915e-01 5.311383e-04 9.999999e-01 -1.311056e-04 -1.479251e-01 -2.611769e-03 1.324892e-04 9.999965e-01 6.498555e+00
9.999997e-01 -2.755299e-04 -7.613703e-04 9.303178e-01 2.750323e-04 9.999997e-01 -6.538903e-04 -1.497544e-01 7.615615e-04 6.536775e-04 9.999994e-01 6.663704e+00
9.999934e-01 -7.089841e-04 3.557206e-03 9.228814e-01 7.098603e-04 9.999997e-01 -2.449880e-04 -1.525767e-01 -3.557019e-03 2.475082e-04 9.999935e-01 6.861521e+00
9.999991e-01 -9.620691e-04 9.565032e-04 1.258758e+00 9.630972e-04 9.999990e-01 -1.074715e-03 -1.618750e-01 -9.554563e-04 1.075632e-03 9.999989e-01 6.877029e+00
9.999530e-01 -3.489590e-03 9.043146e-03 2.357109e+00 3.506853e-03 9.999921e-01 -1.893810e-03 -1.856153e-01 -9.036452e-03 1.925430e-03 9.999572e-01 6.568015e+00
9.999995e-01 -1.145611e-04 9.766130e-04 3.104990e+00 1.151957e-04 9.999998e-01 -6.494764e-04 -2.042763e-01 -9.765244e-04 6.495845e-04 9.999992e-01 6.526043e+00
9.999992e-01 -7.045753e-04 1.038968e-03 3.092429e+00 7.047204e-04 9.999997e-01 -1.390068e-04 -2.063178e-01 -1.038855e-03 1.397348e-04 9.999994e-01 6.686802e+00
9.999998e-01 2.517940e-04 -6.447365e-04 3.024633e+00 -2.520285e-04 9.999999e-01 -3.641348e-04 -2.060121e-01 6.446590e-04 3.642930e-04 9.999996e-01 6.822499e+00
9.999908e-01 -1.418227e-03 4.037433e-03 3.125053e+00 1.420868e-03 9.999988e-01 -6.513755e-04 -2.116420e-01 -4.036490e-03 6.571018e-04 9.999915e-01 6.948097e+00
9.999972e-01 -4.501279e-04 2.329512e-03 3.294275e+00 4.520850e-04 9.999995e-01 -8.395231e-04 -2.206883e-01 -2.329117e-03 8.405694e-04 9.999968e-01 7.176989e+00
9.999994e-01 -7.166920e-04 7.807789e-04 3.352126e+00 7.167137e-04 9.999997e-01 -2.704300e-05 -2.254781e-01 -7.807438e-04 2.759801e-05 9.999996e-01 7.328543e+00
9.999998e-01 -2.209860e-05 6.995342e-04 3.337372e+00 2.251561e-05 9.999998e-01 -5.955762e-04 -2.275268e-01 -6.995053e-04 5.955871e-04 9.999995e-01 7.447122e+00
9.999984e-01 -1.263638e-03 1.232924e-03 3.591772e+00 1.263852e-03 9.999992e-01 -1.728892e-04 -2.335959e-01 -1.232689e-03 1.744425e-04 9.999991e-01 7.389922e+00
9.999735e-01 4.884034e-05 -7.274015e-03 4.070032e+00 -5.307292e-05 9.999998e-01 -5.817393e-04 -2.338685e-01 7.274001e-03 5.821051e-04 9.999733e-01 6.686468e+00
9.999770e-01 -1.718569e-03 6.558996e-03 4.449195e+00 1.720889e-03 9.999985e-01 -3.479911e-04 -2.383961e-01 -6.558372e-03 3.592655e-04 9.999783e-01 6.359238e+00
9.999962e-01 -2.385245e-03 1.348269e-03 5.518858e+00 2.388762e-03 9.999937e-01 -2.612948e-03 -2.600711e-01 -1.342013e-03 2.616154e-03 9.999956e-01 5.955220e+00
9.999244e-01 -4.034448e-03 1.161809e-02 7.094865e+00 4.050399e-03 9.999909e-01 -1.349747e-03 -2.912831e-01 -1.161252e-02 1.396697e-03 9.999315e-01 5.410348e+00
9.999937e-01 1.052296e-03 -3.379802e-03 7.670016e+00 -1.054446e-03 9.999992e-01 -6.345407e-04 -3.067226e-01 3.379150e-03 6.380946e-04 9.999940e-01 5.414682e+00
9.999857e-01 -1.688379e-03 5.068199e-03 7.611467e+00 1.688853e-03 9.999986e-01 -8.927718e-05 -3.075038e-01 -5.068023e-03 9.782935e-05 9.999871e-01 5.587747e+00
9.999942e-01 1.034181e-03 -3.258830e-03 7.545449e+00 -1.036488e-03 9.999992e-01 -7.065800e-04 -3.080005e-01 3.258115e-03 7.099475e-04 9.999943e-01 5.788357e+00
9.999788e-01 -1.964213e-03 6.214688e-03 7.516516e+00 1.966008e-03 9.999980e-01 -2.826096e-04 -3.103518e-01 -6.214102e-03 2.948156e-04 9.999805e-01 6.000614e+00
9.999955e-01 4.688911e-04 -2.978603e-03 7.839854e+00 -4.712228e-04 9.999996e-01 -7.823785e-04 -3.183511e-01 2.978254e-03 7.837723e-04 9.999952e-01 5.970320e+00
9.999977e-01 -2.043011e-03 -7.238225e-04 8.335705e+00 2.042914e-03 9.999979e-01 -1.353207e-04 -3.212565e-01 7.241159e-04 1.338353e-04 9.999996e-01 5.384418e+00
9.999899e-01 9.083493e-05 4.492470e-03 8.671170e+00 -8.592628e-05 9.999994e-01 -1.092683e-03 -3.296547e-01 -4.492548e-03 1.092280e-03 9.999892e-01 5.341927e+00
9.999830e-01 -2.675030e-03 5.184881e-03 9.021187e+00 2.680967e-03 9.999958e-01 -1.138446e-03 -3.441768e-01 -5.181794e-03 1.152320e-03 9.999858e-01 5.581408e+00
9.999616e-01 -9.482801e-04 8.711151e-03 9.550973e+00 9.645140e-04 9.999978e-01 -1.859479e-03 -3.648237e-01 -8.709347e-03 1.867802e-03 9.999602e-01 5.902408e+00
9.999922e-01 -2.124552e-03 3.321185e-03 9.897872e+00 2.126908e-03 9.999975e-01 -7.057391e-04 -3.810748e-01 -3.319655e-03 7.127900e-04 9.999941e-01 6.265418e+00
9.999909e-01 1.433654e-05 4.259681e-03 1.003156e+01 -9.664423e-06 9.999994e-01 -1.096636e-03 -3.900064e-01 -4.259671e-03 1.096577e-03 9.999902e-01 6.611702e+00
9.999992e-01 -1.179192e-03 -5.442930e-04 1.004198e+01 1.179177e-03 9.999993e-01 -2.889852e-05 -3.937369e-01 5.443501e-04 2.824896e-05 9.999998e-01 6.838838e+00
9.999959e-01 5.004869e-04 2.810565e-03 9.973912e+00 -4.979703e-04 9.999995e-01 -8.956890e-04 -3.944460e-01 -2.810988e-03 8.942780e-04 9.999956e-01 7.048591e+00
9.999991e-01 -1.294297e-03 -3.507104e-04 9.923638e+00 1.294271e-03 9.999992e-01 -7.899589e-05 -3.956357e-01 3.508362e-04 7.853398e-05 9.999998e-01 7.266003e+00
9.999973e-01 6.649642e-04 2.235543e-03 9.856960e+00 -6.631862e-04 9.999995e-01 -7.955277e-04 -3.960561e-01 -2.236047e-03 7.940350e-04 9.999971e-01 7.461017e+00
9.999982e-01 -1.105986e-03 -1.552148e-03 9.760255e+00 1.106125e-03 9.999994e-01 8.835450e-05 -3.947786e-01 1.552073e-03 -9.007930e-05 9.999987e-01 7.665287e+00
9.999984e-01 7.332071e-04 1.638438e-03 9.658336e+00 -7.320431e-04 9.999995e-01 -7.103345e-04 -3.932164e-01 -1.638934e-03 7.091258e-04 9.999983e-01 7.853366e+00
9.999988e-01 -1.159493e-03 -9.868194e-04 9.556315e+00 1.159468e-03 9.999993e-01 -2.713022e-05 -3.918976e-01 9.868744e-04 2.597777e-05 9.999994e-01 8.059539e+00
9.999980e-01 7.158929e-04 1.888501e-03 9.453033e+00 -7.144652e-04 9.999995e-01 -7.560602e-04 -3.906717e-01 -1.889017e-03 7.547011e-04 9.999978e-01 8.285981e+00
9.999734e-01 -2.922256e-03 6.686701e-03 9.825670e+00 2.933144e-03 9.999944e-01 -1.618930e-03 -4.043387e-01 -6.681908e-03 1.638491e-03 9.999762e-01 8.482271e+00
9.999941e-01 2.132666e-04 3.440760e-03 1.023261e+01 -2.107262e-04 9.999997e-01 -7.383269e-04 -4.189243e-01 -3.440890e-03 7.375886e-04 9.999937e-01 8.730989e+00
9.999957e-01 -6.609874e-04 -2.867222e-03 1.016475e+01 6.614393e-04 9.999998e-01 1.562135e-04 -4.184958e-01 2.867144e-03 -1.581182e-04 9.999958e-01 8.867325e+00
9.999902e-01 9.730739e-05 4.434209e-03 1.009224e+01 -9.309756e-05 9.999995e-01 -9.493276e-04 -4.186329e-01 -4.434273e-03 9.488964e-04 9.999896e-01 9.050672e+00
9.999986e-01 -1.036153e-03 -1.303507e-03 1.005257e+01 1.036028e-03 9.999995e-01 -9.720143e-05 -4.206173e-01 1.303634e-03 9.584174e-05 9.999990e-01 9.293481e+00
9.999895e-01 -5.350671e-05 4.574826e-03 1.004283e+01 5.773073e-05 9.999996e-01 -9.229175e-04 -4.236631e-01 -4.574748e-03 9.231628e-04 9.999890e-01 9.528662e+00
9.999963e-01 -6.950070e-04 -2.635647e-03 9.997029e+00 6.953940e-04 9.999997e-01 1.454308e-04 -4.249358e-01 2.635572e-03 -1.472723e-04 9.999964e-01 9.717118e+00
9.999941e-01 1.912363e-04 3.421083e-03 9.930213e+00 -1.887782e-04 9.999997e-01 -7.184325e-04 -4.248882e-01 -3.421192e-03 7.177731e-04 9.999938e-01 9.869721e+00
9.999962e-01 -7.941648e-04 -2.638982e-03 9.894679e+00 7.947622e-04 9.999997e-01 2.248309e-04 -4.259291e-01 2.638830e-03 -2.269368e-04 9.999964e-01 9.984050e+00
9.999889e-01 -1.605788e-05 4.715661e-03 9.873312e+00 2.058356e-05 9.999995e-01 -9.593889e-04 -4.282014e-01 -4.715617e-03 9.594658e-04 9.999883e-01 1.013780e+01
9.999962e-01 -7.843520e-04 -2.659773e-03 9.850107e+00 7.848629e-04 9.999997e-01 1.904998e-04 -4.301412e-01 2.659651e-03 -1.925962e-04 9.999963e-01 1.029977e+01
9.999907e-01 1.435538e-04 4.308578e-03 9.791514e+00 -1.395021e-04 9.999995e-01 -9.403484e-04 -4.307901e-01 -4.308684e-03 9.397290e-04 9.999902e-01 1.048062e+01
9.999966e-01 -8.813039e-04 -2.449111e-03 9.746456e+00 8.817020e-04 9.999996e-01 1.609098e-04 -4.319306e-01 2.448996e-03 -1.630783e-04 9.999969e-01 1.066638e+01
9.999927e-01 3.298735e-04 3.805909e-03 9.675239e+00 -3.265822e-04 9.999996e-01 -8.650045e-04 -4.320792e-01 -3.806165e-03 8.637454e-04 9.999923e-01 1.084238e+01
9.999986e-01 -1.113862e-03 -1.249633e-03 9.616528e+00 1.113777e-03 9.999994e-01 -6.957525e-05 -4.331197e-01 1.249738e-03 6.817342e-05 9.999991e-01 1.107466e+01
9.999779e-01 -3.894011e-04 6.636862e-03 9.652447e+00 3.983638e-04 9.999990e-01 -1.348963e-03 -4.386255e-01 -6.636301e-03 1.351567e-03 9.999770e-01 1.136716e+01
9.999984e-01 -1.182479e-03 -1.310365e-03 9.706458e+00 1.182455e-03 9.999993e-01 -2.049482e-05 -4.444592e-01 1.310418e-03 1.893512e-05 9.999990e-01 1.166024e+01
9.999888e-01 6.049563e-05 4.726130e-03 9.706833e+00 -5.564212e-05 9.999995e-01 -1.026748e-03 -4.478164e-01 -4.726160e-03 1.026464e-03 9.999882e-01 1.189025e+01
9.999965e-01 -1.004826e-03 -2.443911e-03 9.710105e+00 1.005425e-03 9.999995e-01 2.434628e-04 -4.506189e-01 2.443695e-03 -2.459295e-04 9.999969e-01 1.205862e+01
9.999919e-01 3.307043e-04 4.017904e-03 9.666919e+00 -3.269571e-04 9.999995e-01 -9.328476e-04 -4.518246e-01 -4.018181e-03 9.315158e-04 9.999914e-01 1.221194e+01
9.999976e-01 -1.240325e-03 -1.782151e-03 9.671455e+00 1.240505e-03 9.999992e-01 9.864744e-05 -4.545129e-01 1.782058e-03 -1.008686e-04 9.999983e-01 1.237256e+01
9.999906e-01 3.546806e-04 4.323883e-03 9.651520e+00 -3.504515e-04 9.999995e-01 -9.784181e-04 -4.568173e-01 -4.324197e-03 9.768829e-04 9.999901e-01 1.255891e+01
9.999937e-01 -8.415016e-04 -3.446243e-03 9.586026e+00 8.428409e-04 9.999996e-01 3.867158e-04 -4.568887e-01 3.445946e-03 -3.896288e-04 9.999939e-01 1.269758e+01
9.999929e-01 4.380726e-04 3.742666e-03 9.497378e+00 -4.345113e-04 9.999995e-01 -9.518636e-04 -4.558825e-01 -3.743050e-03 9.502198e-04 9.999924e-01 1.286968e+01
9.999956e-01 -9.593316e-04 -2.817185e-03 9.430649e+00 9.604087e-04 9.999995e-01 3.803895e-04 -4.560006e-01 2.816850e-03 -3.831043e-04 9.999959e-01 1.302496e+01
9.999940e-01 4.767050e-04 3.419384e-03 9.365913e+00 -4.737562e-04 9.999995e-01 -8.626543e-04 -4.560880e-01 -3.419763e-03 8.610182e-04 9.999937e-01 1.316123e+01
9.999954e-01 -9.293394e-04 -2.874898e-03 9.292532e+00 9.302991e-04 9.999995e-01 3.318807e-04 -4.559075e-01 2.874619e-03 -3.345647e-04 9.999957e-01 1.330631e+01
9.999928e-01 3.874628e-04 3.779702e-03 9.230207e+00 -3.840986e-04 9.999995e-01 -8.902924e-04 -4.561566e-01 -3.780015e-03 8.888232e-04 9.999924e-01 1.346047e+01
9.999983e-01 -1.329912e-03 -1.297820e-03 9.223548e+00 1.330070e-03 9.999991e-01 1.191903e-04 -4.591007e-01 1.297692e-03 -1.209275e-04 9.999991e-01 1.363202e+01
9.999878e-01 -4.820841e-06 4.940217e-03 9.410683e+00 1.071305e-05 9.999993e-01 -1.192315e-03 -4.660020e-01 -4.940177e-03 1.192342e-03 9.999870e-01 1.372644e+01
9.999968e-01 -1.036429e-03 -2.320701e-03 9.486931e+00 1.037273e-03 9.999994e-01 3.613298e-04 -4.702953e-01 2.320356e-03 -3.637472e-04 9.999971e-01 1.384709e+01
9.999934e-01 3.604887e-04 3.623209e-03 9.445644e+00 -3.569521e-04 9.999995e-01 -9.761803e-04 -4.713735e-01 -3.623527e-03 9.748691e-04 9.999929e-01 1.400526e+01
9.999981e-01 -1.287795e-03 -1.459252e-03 9.481570e+00 1.288229e-03 9.999991e-01 2.954899e-04 -4.750357e-01 1.458902e-03 -2.973807e-04 9.999988e-01 1.413224e+01
9.999932e-01 3.455351e-04 3.674909e-03 9.497008e+00 -3.419329e-04 9.999995e-01 -9.802705e-04 -4.783090e-01 -3.675213e-03 9.789957e-04 9.999927e-01 1.428018e+01
9.999977e-01 -1.150286e-03 -1.802963e-03 9.468576e+00 1.150853e-03 9.999993e-01 3.127034e-04 -4.802364e-01 1.802634e-03 -3.147893e-04 9.999982e-01 1.445006e+01
9.999943e-01 3.737285e-04 3.357576e-03 9.444925e+00 -3.705980e-04 9.999995e-01 -9.323828e-04 -4.821278e-01 -3.357891e-03 9.311215e-04 9.999938e-01 1.460192e+01
9.999983e-01 -1.271480e-03 -1.351529e-03 9.449653e+00 1.271862e-03 9.999992e-01 2.807637e-04 -4.851128e-01 1.351203e-03 -2.824940e-04 9.999990e-01 1.474238e+01
9.999945e-01 4.415676e-04 3.292516e-03 9.432927e+00 -4.383950e-04 9.999994e-01 -9.636411e-04 -4.874545e-01 -3.292906e-03 9.621805e-04 9.999940e-01 1.489794e+01
9.999967e-01 -9.737750e-04 -2.382875e-03 9.369800e+00 9.747791e-04 9.999994e-01 4.193618e-04 -4.877243e-01 2.382498e-03 -4.216951e-04 9.999970e-01 1.504868e+01
9.999955e-01 5.283146e-04 2.942209e-03 9.291890e+00 -5.254402e-04 9.999994e-01 -9.769742e-04 -4.873328e-01 -2.942691e-03 9.754119e-04 9.999951e-01 1.520290e+01
9.999965e-01 -9.676353e-04 -2.453696e-03 9.210029e+00 9.686492e-04 9.999994e-01 4.112260e-04 -4.866855e-01 2.453330e-03 -4.136134e-04 9.999968e-01 1.537004e+01
9.999967e-01 5.828215e-04 2.496273e-03 9.125319e+00 -5.806090e-04 9.999994e-01 -8.861596e-04 -4.858497e-01 -2.496755e-03 8.846952e-04 9.999964e-01 1.552209e+01
9.999977e-01 -1.038592e-03 -1.850116e-03 9.042313e+00 1.039109e-03 9.999994e-01 2.776959e-04 -4.853254e-01 1.849859e-03 -2.796299e-04 9.999982e-01 1.569393e+01
9.999952e-01 4.904718e-04 3.050568e-03 8.970599e+00 -4.876332e-04 9.999994e-01 -9.305309e-04 -4.854647e-01 -3.050989e-03 9.290267e-04 9.999948e-01 1.587002e+01
9.999978e-01 -1.050984e-03 -1.787778e-03 8.898025e+00 1.051464e-03 9.999994e-01 2.665818e-04 -4.856079e-01 1.787530e-03 -2.684733e-04 9.999983e-01 1.605319e+01
9.999943e-01 4.428360e-04 3.354952e-03 8.830785e+00 -4.395590e-04 9.999994e-01 -9.768178e-04 -4.860376e-01 -3.355350e-03 9.753251e-04 9.999938e-01 1.624044e+01
9.999971e-01 -9.901992e-04 -2.182314e-03 8.757431e+00 9.909058e-04 9.999995e-01 3.217130e-04 -4.860464e-01 2.182028e-03 -3.238871e-04 9.999975e-01 1.642168e+01
9.999949e-01 4.759068e-04 3.152358e-03 8.683525e+00 -4.729211e-04 9.999994e-01 -9.471065e-04 -4.859538e-01 -3.152774e-03 9.455984e-04 9.999945e-01 1.659278e+01
9.999977e-01 -1.044452e-03 -1.855932e-03 8.613554e+00 1.044997e-03 9.999994e-01 2.917697e-04 -4.861785e-01 1.855660e-03 -2.937211e-04 9.999981e-01 1.677193e+01
9.999949e-01 4.857512e-04 3.145063e-03 8.537737e+00 -4.826317e-04 9.999994e-01 -9.918485e-04 -4.861207e-01 -3.145509e-03 9.903129e-04 9.999945e-01 1.696432e+01
9.999972e-01 -9.858755e-04 -2.152891e-03 8.457822e+00 9.865690e-04 9.999995e-01 3.199965e-04 -4.857999e-01 2.152608e-03 -3.221323e-04 9.999975e-01 1.714462e+01
9.999956e-01 5.239415e-04 2.915744e-03 8.372021e+00 -5.211077e-04 9.999994e-01 -9.718122e-04 -4.852529e-01 -2.916218e-03 9.702757e-04 9.999952e-01 1.732642e+01
9.999973e-01 -9.880070e-04 -2.094867e-03 8.289405e+00 9.886536e-04 9.999995e-01 3.065680e-04 -4.847216e-01 2.094597e-03 -3.086511e-04 9.999977e-01 1.749653e+01
9.999942e-01 4.221451e-04 3.389038e-03 8.225104e+00 -4.186444e-04 9.999994e-01 -1.032931e-03 -4.850809e-01 -3.389438e-03 1.031493e-03 9.999936e-01 1.766361e+01
9.999982e-01 -1.176671e-03 -1.472240e-03 8.183346e+00 1.177042e-03 9.999993e-01 2.497115e-04 -4.866511e-01 1.471979e-03 -2.514570e-04 9.999988e-01 1.784280e+01
9.999970e-01 6.675680e-04 2.354308e-03 8.110820e+00 -6.655715e-04 9.999994e-01 -8.477341e-04 -4.865131e-01 -2.354838e-03 8.461515e-04 9.999968e-01 1.800890e+01
9.999987e-01 -1.340979e-03 -8.911884e-04 8.071020e+00 1.341139e-03 9.999991e-01 1.762101e-04 -4.878042e-01 8.909858e-04 -1.774183e-04 9.999995e-01 1.815343e+01
9.999916e-01 2.371584e-04 4.087863e-03 8.092109e+00 -2.326312e-04 9.999994e-01 -1.107318e-03 -4.918110e-01 -4.088088e-03 1.106345e-03 9.999909e-01 1.833667e+01
9.999986e-01 -1.306939e-03 -9.997469e-04 8.099221e+00 1.307100e-03 9.999991e-01 1.585617e-04 -4.952195e-01 9.995739e-04 -1.598817e-04 9.999994e-01 1.853702e+01
9.999921e-01 3.217927e-04 3.969218e-03 8.089785e+00 -3.172482e-04 9.999993e-01 -1.144903e-03 -4.980410e-01 -3.969548e-03 1.143621e-03 9.999914e-01 1.873650e+01
9.999981e-01 -1.208039e-03 -1.500725e-03 8.066566e+00 1.208433e-03 9.999992e-01 2.595861e-04 -5.001537e-01 1.500446e-03 -2.614128e-04 9.999987e-01 1.892811e+01
9.999941e-01 4.183710e-04 3.414403e-03 8.035489e+00 -4.149120e-04 9.999994e-01 -1.012991e-03 -5.019214e-01 -3.414789e-03 1.011554e-03 9.999936e-01 1.909762e+01
9.999981e-01 -1.187389e-03 -1.537913e-03 8.001103e+00 1.187812e-03 9.999993e-01 2.720690e-04 -5.035431e-01 1.537625e-03 -2.739091e-04 9.999987e-01 1.926693e+01
9.999956e-01 6.090944e-04 2.907483e-03 7.933939e+00 -6.062806e-04 9.999993e-01 -9.676635e-04 -5.038260e-01 -2.908034e-03 9.658826e-04 9.999952e-01 1.944432e+01
9.999975e-01 -1.079053e-03 -1.950395e-03 7.839295e+00 1.079467e-03 9.999994e-01 2.098440e-04 -5.029844e-01 1.950204e-03 -2.119628e-04 9.999980e-01 1.964843e+01
9.999945e-01 5.521930e-04 3.255254e-03 7.750112e+00 -5.488902e-04 9.999993e-01 -1.014604e-03 -5.023262e-01 -3.255776e-03 1.012798e-03 9.999941e-01 1.986603e+01
9.999964e-01 -1.011511e-03 -2.464163e-03 7.658787e+00 1.012317e-03 9.999994e-01 3.249571e-04 -5.014052e-01 2.463869e-03 -3.274646e-04 9.999968e-01 2.006568e+01
9.999953e-01 5.865133e-04 2.991527e-03 7.564197e+00 -5.835864e-04 9.999994e-01 -9.782913e-04 -5.003018e-01 -2.992062e-03 9.765268e-04 9.999950e-01 2.025669e+01
9.999952e-01 -9.405769e-04 -2.943497e-03 7.456773e+00 9.416374e-04 9.999995e-01 3.579818e-04 -4.985463e-01 2.943195e-03 -3.607660e-04 9.999955e-01 2.045922e+01
9.999961e-01 6.434492e-04 2.718989e-03 7.337207e+00 -6.408228e-04 9.999993e-01 -9.657251e-04 -4.962368e-01 -2.719572e-03 9.639647e-04 9.999957e-01 2.067695e+01
9.999958e-01 -9.834322e-04 -2.725212e-03 7.224788e+00 9.843381e-04 9.999995e-01 3.300813e-04 -4.942335e-01 2.724922e-03 -3.327768e-04 9.999961e-01 2.088506e+01
9.999962e-01 6.443910e-04 2.681019e-03 7.116483e+00 -6.419037e-04 9.999994e-01 -9.274738e-04 -4.923558e-01 -2.681578e-03 9.257349e-04 9.999959e-01 2.108509e+01
9.999954e-01 -9.544772e-04 -2.878232e-03 6.999103e+00 9.553671e-04 9.999995e-01 3.068781e-04 -4.901706e-01 2.877974e-03 -3.096410e-04 9.999957e-01 2.129811e+01
9.999958e-01 6.488935e-04 2.816578e-03 6.873756e+00 -6.460971e-04 9.999993e-01 -9.926532e-04 -4.877461e-01 -2.817184e-03 9.908148e-04 9.999954e-01 2.153394e+01
9.999961e-01 -9.925844e-04 -2.594727e-03 6.755502e+00 9.933387e-04 9.999995e-01 2.883580e-04 -4.856543e-01 2.594475e-03 -2.909490e-04 9.999965e-01 2.176856e+01
9.999949e-01 5.962285e-04 3.139220e-03 6.648579e+00 -5.930819e-04 9.999993e-01 -1.002303e-03 -4.841508e-01 -3.139779e-03 1.000421e-03 9.999945e-01 2.198857e+01
9.999982e-01 -1.127673e-03 -1.530544e-03 6.546945e+00 1.127783e-03 9.999994e-01 6.905281e-05 -4.833903e-01 1.530502e-03 -7.079360e-05 9.999987e-01 2.224006e+01
9.999964e-01 6.790362e-04 2.601613e-03 6.436025e+00 -6.766725e-04 9.999994e-01 -9.082591e-04 -4.819779e-01 -2.602192e-03 9.064805e-04 9.999961e-01 2.249546e+01
9.999971e-01 -1.058986e-03 -2.175476e-03 6.322585e+00 1.059371e-03 9.999994e-01 1.745701e-04 -4.800773e-01 2.175326e-03 -1.768891e-04 9.999975e-01 2.272546e+01
9.999958e-01 6.369932e-04 2.828801e-03 6.219203e+00 -6.344155e-04 9.999994e-01 -9.110107e-04 -4.786722e-01 -2.829343e-03 9.091972e-04 9.999955e-01 2.293886e+01
9.999983e-01 -1.135821e-03 -1.433134e-03 6.113526e+00 1.135790e-03 9.999994e-01 -2.446872e-05 -4.776336e-01 1.433198e-03 2.282581e-05 9.999989e-01 2.317932e+01
9.999960e-01 6.492397e-04 2.752099e-03 6.008448e+00 -6.468550e-04 9.999994e-01 -8.662439e-04 -4.763959e-01 -2.752623e-03 8.644451e-04 9.999957e-01 2.343469e+01
9.999990e-01 -1.295167e-03 -5.414254e-04 5.919006e+00 1.295106e-03 9.999992e-01 -1.178493e-04 -4.763654e-01 5.416147e-04 1.171327e-04 9.999998e-01 2.368956e+01
9.999962e-01 6.517913e-04 2.662618e-03 5.832435e+00 -6.496091e-04 9.999995e-01 -8.192202e-04 -4.761469e-01 -2.663113e-03 8.174720e-04 9.999960e-01 2.395188e+01
9.999980e-01 -1.121329e-03 -1.651544e-03 5.736234e+00 1.121414e-03 9.999994e-01 4.851719e-05 -4.752347e-01 1.651526e-03 -5.038467e-05 9.999985e-01 2.417009e+01
9.999968e-01 6.918184e-04 2.417702e-03 5.635909e+00 -6.899793e-04 9.999995e-01 -7.601774e-04 -4.741712e-01 -2.418190e-03 7.584913e-04 9.999967e-01 2.438751e+01
9.999969e-01 -1.040225e-03 -2.265540e-03 5.520267e+00 1.040397e-03 9.999995e-01 7.368975e-05 -4.722236e-01 2.265500e-03 -7.606223e-05 9.999973e-01 2.461289e+01
9.999936e-01 5.792109e-04 3.531047e-03 5.404323e+00 -5.756017e-04 9.999993e-01 -1.022193e-03 -4.707638e-01 -3.531599e-03 1.020138e-03 9.999931e-01 2.487459e+01
9.999988e-01 -1.552972e-03 -2.676951e-04 5.360542e+00 1.552951e-03 9.999988e-01 -8.990473e-05 -4.725782e-01 2.678722e-04 8.947302e-05 9.999999e-01 2.514732e+01
9.999972e-01 8.535788e-04 2.202882e-03 5.300622e+00 -8.520352e-04 9.999994e-01 -7.001657e-04 -4.734213e-01 -2.203441e-03 6.982709e-04 9.999972e-01 2.535080e+01
9.999985e-01 -1.686425e-03 4.768860e-04 5.252348e+00 1.686541e-03 9.999985e-01 -2.345634e-04 -4.750840e-01 -4.764514e-04 2.353512e-04 9.999998e-01 2.557293e+01
9.999990e-01 1.166831e-03 7.388295e-04 5.166370e+00 -1.166446e-03 9.999992e-01 -5.166806e-04 -4.747627e-01 -7.393934e-04 5.158022e-04 9.999995e-01 2.577490e+01
9.999984e-01 -1.701116e-03 4.923826e-04 5.083066e+00 1.701224e-03 9.999985e-01 -2.116872e-04 -4.743589e-01 -4.919833e-04 2.125083e-04 9.999998e-01 2.598442e+01
9.999980e-01 8.864422e-04 1.805427e-03 5.042395e+00 -8.853481e-04 9.999994e-01 -6.048889e-04 -4.760867e-01 -1.805924e-03 6.032730e-04 9.999981e-01 2.618428e+01
9.999988e-01 -1.510879e-03 -1.557690e-04 4.976164e+00 1.510864e-03 9.999989e-01 -1.177009e-04 -4.766267e-01 1.559855e-04 1.174490e-04 9.999999e-01 2.637307e+01
9.999981e-01 9.076339e-04 1.714096e-03 4.908527e+00 -9.065363e-04 9.999994e-01 -6.390179e-04 -4.769378e-01 -1.714636e-03 6.374464e-04 9.999982e-01 2.656044e+01
9.999987e-01 -1.626585e-03 7.026294e-05 4.863013e+00 1.626595e-03 9.999987e-01 -9.990898e-05 -4.781430e-01 -7.006121e-05 1.000066e-04 9.999999e-01 2.673706e+01
9.999966e-01 6.796061e-04 2.497464e-03 4.872229e+00 -6.777271e-04 9.999995e-01 -7.517692e-04 -4.813230e-01 -2.497934e-03 7.500575e-04 9.999965e-01 2.688656e+01
9.999982e-01 -1.810861e-03 4.955003e-04 4.993931e+00 1.810957e-03 9.999983e-01 -1.852575e-04 -4.864920e-01 -4.951244e-04 1.861377e-04 9.999998e-01 2.697925e+01
9.999936e-01 3.823012e-05 3.573148e-03 5.283644e+00 -3.432880e-05 9.999994e-01 -1.090913e-03 -4.942401e-01 -3.573147e-03 1.090767e-03 9.999929e-01 2.699117e+01
9.999990e-01 -1.081147e-03 -8.589436e-04 5.301570e+00 1.081321e-03 9.999994e-01 1.978686e-04 -4.975889e-01 8.587693e-04 -1.988142e-04 9.999995e-01 2.716650e+01
9.999961e-01 2.381280e-04 2.779636e-03 5.299225e+00 -2.357463e-04 9.999996e-01 -8.558067e-04 -5.004065e-01 -2.779799e-03 8.551310e-04 9.999957e-01 2.729291e+01
9.999988e-01 -1.430996e-03 5.620615e-04 5.361468e+00 1.431019e-03 9.999990e-01 -3.330754e-05 -5.055484e-01 -5.619726e-04 3.409464e-05 9.999997e-01 2.744929e+01
9.999984e-01 6.929437e-04 1.630479e-03 5.303906e+00 -6.916225e-04 9.999994e-01 -8.084095e-04 -5.065591e-01 -1.630997e-03 8.072633e-04 9.999982e-01 2.765826e+01
9.999971e-01 -1.596556e-03 1.788839e-03 5.246494e+00 1.597234e-03 9.999987e-01 -3.758214e-04 -5.079040e-01 -1.788196e-03 3.786601e-04 9.999982e-01 2.792971e+01
9.999977e-01 4.150529e-04 2.091950e-03 5.228314e+00 -4.133360e-04 9.999996e-01 -8.192431e-04 -5.107267e-01 -2.092248e-03 8.183591e-04 9.999974e-01 2.822336e+01
9.999982e-01 -1.478690e-03 1.157658e-03 5.202486e+00 1.478972e-03 9.999989e-01 -2.394383e-04 -5.130642e-01 -1.157261e-03 2.411324e-04 9.999992e-01 2.849057e+01
9.999992e-01 7.601423e-04 9.881301e-04 5.143982e+00 -7.595540e-04 9.999995e-01 -5.916624e-04 -5.139251e-01 -9.885374e-04 5.908937e-04 9.999992e-01 2.869769e+01
9.999859e-01 -2.171495e-03 4.845749e-03 5.125337e+00 2.176140e-03 9.999972e-01 -9.526403e-04 -5.180210e-01 -4.843625e-03 9.631539e-04 9.999877e-01 2.906242e+01
9.999987e-01 1.027416e-03 -1.220273e-03 5.105655e+00 -1.027611e-03 9.999995e-01 -1.620399e-04 -5.206374e-01 1.220148e-03 1.632757e-04 9.999991e-01 2.936403e+01
9.999854e-01 -2.103436e-03 4.982653e-03 5.080380e+00 2.107930e-03 9.999974e-01 -8.961722e-04 -5.237002e-01 -4.980712e-03 9.066440e-04 9.999871e-01 2.962229e+01
9.999986e-01 8.828707e-04 -1.423176e-03 5.084022e+00 -8.830426e-04 9.999996e-01 -1.231419e-04 -5.272992e-01 1.423110e-03 1.243803e-04 9.999989e-01 2.988936e+01
9.999793e-01 -2.307913e-03 6.008700e-03 5.137982e+00 2.314061e-03 9.999968e-01 -1.015691e-03 -5.331968e-01 -6.006293e-03 1.029556e-03 9.999813e-01 3.011938e+01
9.999988e-01 7.885913e-04 -1.329408e-03 5.240725e+00 -7.887227e-04 9.999997e-01 -1.016557e-04 -5.399185e-01 1.329371e-03 1.026857e-04 9.999990e-01 3.032730e+01
9.999922e-01 -1.711771e-03 3.557936e-03 5.235635e+00 1.713942e-03 9.999983e-01 -6.059488e-04 -5.427733e-01 -3.556849e-03 6.120236e-04 9.999934e-01 3.049129e+01
9.999992e-01 7.145721e-04 -9.960222e-04 5.243869e+00 -7.147203e-04 9.999997e-01 -1.529189e-04 -5.461823e-01 9.959573e-04 1.536121e-04 9.999994e-01 3.065589e+01
9.999778e-01 -2.291752e-03 6.251637e-03 5.341938e+00 2.298479e-03 9.999968e-01 -1.068398e-03 -5.533657e-01 -6.249123e-03 1.082725e-03 9.999798e-01 3.087699e+01
9.999973e-01 9.970996e-04 -2.083137e-03 5.359882e+00 -9.972578e-04 9.999995e-01 -7.714021e-05 -5.576725e-01 2.083105e-03 7.919855e-05 9.999977e-01 3.113934e+01
9.999959e-01 -1.383296e-03 2.502567e-03 5.255013e+00 1.384755e-03 9.999989e-01 -5.797380e-04 -5.562443e-01 -2.501717e-03 5.831821e-04 9.999966e-01 3.135256e+01
9.999967e-01 1.031070e-03 -2.353407e-03 5.143039e+00 -1.031201e-03 9.999995e-01 -5.613337e-05 -5.543420e-01 2.353393e-03 5.854101e-05 9.999971e-01 3.157063e+01
9.999899e-01 -1.612854e-03 4.187541e-03 5.049991e+00 1.616525e-03 9.999983e-01 -8.721005e-04 -5.538750e-01 -4.186082e-03 8.788418e-04 9.999908e-01 3.181707e+01
9.999996e-01 2.029073e-04 8.947981e-04 5.057785e+00 -2.024128e-04 9.999998e-01 -5.473734e-04 -5.582302e-01 -8.948630e-04 5.471728e-04 9.999994e-01 3.213300e+01
9.999673e-01 -2.474039e-03 7.695496e-03 5.304049e+00 2.485780e-03 9.999958e-01 -1.515942e-03 -5.698069e-01 -7.691666e-03 1.535003e-03 9.999691e-01 3.242600e+01
9.999938e-01 2.578400e-04 -3.515242e-03 5.875847e+00 -2.573361e-04 1.000000e+00 1.423768e-04 -5.809341e-01 3.515326e-03 -1.414910e-04 9.999937e-01 3.225606e+01
9.999803e-01 -1.782050e-03 -6.020794e-03 6.567658e+00 1.774944e-03 9.999977e-01 -1.186347e-03 -5.792642e-01 6.022941e-03 1.175617e-03 9.999811e-01 3.115628e+01
9.999786e-01 -1.099012e-03 6.441627e-03 7.346213e+00 1.103065e-03 9.999992e-01 -6.248247e-04 -5.894057e-01 -6.440889e-03 6.318968e-04 9.999790e-01 3.058943e+01
9.999957e-01 -1.871201e-03 2.276359e-03 7.897860e+00 1.874309e-03 9.999973e-01 -1.361651e-03 -6.053385e-01 -2.273758e-03 1.365891e-03 9.999964e-01 3.065169e+01
9.999968e-01 -7.926012e-04 -2.390577e-03 8.734758e+00 7.916326e-04 9.999996e-01 -4.082547e-04 -6.156005e-01 2.390946e-03 4.063404e-04 9.999970e-01 3.002104e+01
9.999850e-01 -2.274894e-03 4.978678e-03 9.426040e+00 2.282359e-03 9.999963e-01 -1.493254e-03 -6.266797e-01 -4.975216e-03 1.504574e-03 9.999864e-01 2.961931e+01
9.999970e-01 2.135379e-04 2.418167e-03 9.672797e+00 -2.128928e-04 9.999999e-01 -2.647779e-04 -6.374951e-01 -2.418175e-03 2.642414e-04 9.999969e-01 2.985351e+01
9.999940e-01 -2.072182e-03 2.766651e-03 9.992503e+00 2.075335e-03 9.999972e-01 -1.135081e-03 -6.467980e-01 -2.764243e-03 1.140795e-03 9.999954e-01 2.992657e+01
9.998979e-01 1.344269e-03 -1.422321e-02 1.047070e+01 -1.335789e-03 9.999989e-01 6.053294e-04 -6.410801e-01 1.422406e-02 -5.862896e-04 9.998986e-01 2.886763e+01
9.998661e-01 -2.817816e-03 1.611776e-02 1.080750e+01 2.843921e-03 9.999947e-01 -1.596633e-03 -6.476204e-01 -1.611313e-02 1.642236e-03 9.998687e-01 2.874331e+01
9.999124e-01 1.078150e-03 -1.319112e-02 1.118405e+01 -1.073095e-03 9.999993e-01 3.898504e-04 -6.550648e-01 1.319158e-02 -3.756823e-04 9.999128e-01 2.863187e+01
9.999495e-01 -2.694619e-03 9.678760e-03 1.188687e+01 2.713030e-03 9.999945e-01 -1.888977e-03 -6.598993e-01 -9.673570e-03 1.915119e-03 9.999513e-01 2.792521e+01
9.999545e-01 -3.440955e-03 -8.895154e-03 1.381513e+01 3.417855e-03 9.999907e-01 -2.611539e-03 -6.836963e-01 8.904105e-03 2.580995e-03 9.999569e-01 2.640660e+01
9.998427e-01 -3.511540e-03 1.738670e-02 1.554888e+01 3.541752e-03 9.999923e-01 -1.706839e-03 -7.118022e-01 -1.738053e-02 1.768127e-03 9.998473e-01 2.545850e+01
9.998494e-01 6.953895e-04 -1.733732e-02 1.637930e+01 -6.971109e-04 9.999998e-01 -9.359812e-05 -7.219310e-01 1.733730e-02 1.056471e-04 9.998496e-01 2.481676e+01
9.998214e-01 -3.582333e-03 1.855445e-02 1.718495e+01 3.616325e-03 9.999918e-01 -1.798478e-03 -7.331433e-01 -1.854780e-02 1.865233e-03 9.998261e-01 2.425687e+01
9.997185e-01 8.261008e-04 -2.371297e-02 1.813708e+01 -8.278187e-04 9.999997e-01 -6.289550e-05 -7.393703e-01 2.371296e-02 8.248445e-05 9.997187e-01 2.320277e+01
9.995657e-01 -3.780488e-03 2.922658e-02 1.875993e+01 3.834133e-03 9.999911e-01 -1.779471e-03 -7.522524e-01 -2.921955e-02 1.890733e-03 9.995711e-01 2.302870e+01
9.994754e-01 2.624747e-03 -3.227998e-02 1.919254e+01 -2.591643e-03 9.999961e-01 1.067125e-03 -7.549881e-01 3.228270e-02 -9.829311e-04 9.994782e-01 2.255652e+01
9.999465e-01 -3.023340e-03 9.888480e-03 2.003744e+01 3.041395e-03 9.999937e-01 -1.810791e-03 -7.412088e-01 -9.882897e-03 1.840745e-03 9.999494e-01 2.055073e+01
9.994928e-01 1.943890e-03 -3.178698e-02 2.095524e+01 -1.912056e-03 9.999976e-01 1.031665e-03 -7.283439e-01 3.178896e-02 -9.703871e-04 9.994940e-01 1.848618e+01
9.997809e-01 -3.564110e-03 2.062653e-02 2.176515e+01 3.610848e-03 9.999910e-01 -2.228876e-03 -7.261584e-01 -2.061836e-02 2.302843e-03 9.997847e-01 1.718459e+01
9.998296e-01 -5.978357e-04 -1.844763e-02 2.292995e+01 5.850655e-04 9.999996e-01 -6.979489e-04 -7.420392e-01 1.844809e-02 6.870123e-04 9.998295e-01 1.638162e+01
9.994746e-01 -3.395442e-03 3.223241e-02 2.369842e+01 3.472048e-03 9.999913e-01 -2.320843e-03 -7.648074e-01 -3.222421e-02 2.431511e-03 9.994776e-01 1.651280e+01
9.996040e-01 2.263703e-03 -2.804788e-02 2.367785e+01 -2.232267e-03 9.999968e-01 1.151798e-03 -7.679568e-01 2.805044e-02 -1.088757e-03 9.996058e-01 1.680033e+01
9.995286e-01 -2.965113e-03 3.055886e-02 2.361551e+01 3.032597e-03 9.999931e-01 -2.162011e-03 -7.685040e-01 -3.055220e-02 2.253639e-03 9.995305e-01 1.704662e+01
9.996133e-01 1.983179e-03 -2.773529e-02 2.374333e+01 -1.951630e-03 9.999974e-01 1.164282e-03 -7.729852e-01 2.773757e-02 -1.109728e-03 9.996145e-01 1.714229e+01
9.995287e-01 -2.697082e-03 3.057851e-02 2.367530e+01 2.765343e-03 9.999938e-01 -2.190042e-03 -7.735923e-01 -3.057237e-02 2.273545e-03 9.995299e-01 1.740000e+01
9.996178e-01 1.835573e-03 -2.758240e-02 2.363991e+01 -1.803104e-03 9.999977e-01 1.201737e-03 -7.753254e-01 2.758459e-02 -1.151569e-03 9.996187e-01 1.762502e+01
9.994728e-01 -3.047261e-03 3.232425e-02 2.362741e+01 3.130883e-03 9.999919e-01 -2.536478e-03 -7.787579e-01 -3.231621e-02 2.636318e-03 9.994741e-01 1.793722e+01
9.996049e-01 1.871176e-03 -2.804437e-02 2.362686e+01 -1.833959e-03 9.999974e-01 1.352471e-03 -7.821339e-01 2.804687e-02 -1.300530e-03 9.996057e-01 1.821158e+01
9.994730e-01 -2.950598e-03 3.232700e-02 2.359262e+01 3.036266e-03 9.999920e-01 -2.601064e-03 -7.845838e-01 -3.231902e-02 2.697820e-03 9.994739e-01 1.852932e+01
9.996594e-01 1.226818e-03 -2.607035e-02 2.380404e+01 -1.202845e-03 9.999988e-01 9.349563e-04 -7.937056e-01 2.607151e-02 -9.033053e-04 9.996596e-01 1.875219e+01
9.994847e-01 -2.871422e-03 3.197020e-02 2.395435e+01 2.949266e-03 9.999928e-01 -2.387793e-03 -8.014605e-01 -3.196307e-02 2.480825e-03 9.994859e-01 1.898483e+01
9.997024e-01 8.591221e-04 -2.437951e-02 2.409703e+01 -8.418619e-04 9.999994e-01 7.179366e-04 -8.107810e-01 2.438016e-02 -6.972252e-04 9.997024e-01 1.929572e+01
9.994881e-01 -2.998264e-03 3.185098e-02 2.442805e+01 3.079644e-03 9.999921e-01 -2.506055e-03 -8.224027e-01 -3.184317e-02 2.602835e-03 9.994894e-01 1.947532e+01
9.997017e-01 9.494347e-04 -2.440686e-02 2.466304e+01 -9.303745e-04 9.999993e-01 7.919678e-04 -8.330268e-01 2.440764e-02 -7.690508e-04 9.997017e-01 1.972479e+01
9.996108e-01 -2.925195e-03 2.774173e-02 2.514341e+01 2.980733e-03 9.999936e-01 -1.960556e-03 -8.425728e-01 -2.773577e-02 2.042456e-03 9.996131e-01 1.957042e+01
9.997824e-01 3.679824e-04 -2.085668e-02 2.562015e+01 -3.599067e-04 9.999999e-01 3.905793e-04 -8.558658e-01 2.085687e-02 -3.830150e-04 9.997823e-01 1.959894e+01
9.995025e-01 -3.172739e-03 3.137818e-02 2.599540e+01 3.256985e-03 9.999912e-01 -2.633881e-03 -8.714601e-01 -3.136949e-02 2.734741e-03 9.995040e-01 1.987913e+01
9.998776e-01 -2.762280e-03 -1.539661e-02 2.740413e+01 2.740747e-03 9.999952e-01 -1.419996e-03 -9.053599e-01 1.540051e-02 1.377596e-03 9.998804e-01 1.964085e+01
9.996061e-01 -6.573948e-03 2.728412e-02 3.013808e+01 6.707974e-03 9.999659e-01 -4.823320e-03 -9.483059e-01 -2.725142e-02 5.004412e-03 9.996160e-01 1.808870e+01
9.995569e-01 9.749432e-04 -2.974977e-02 3.180806e+01 -9.293917e-04 9.999984e-01 1.544643e-03 -9.639090e-01 2.975128e-02 -1.516338e-03 9.995561e-01 1.658974e+01
9.991592e-01 -3.835428e-03 4.081762e-02 3.221997e+01 3.997901e-03 9.999844e-01 -3.899403e-03 -9.804967e-01 -4.080198e-02 4.059280e-03 9.991589e-01 1.686462e+01
9.994553e-01 8.461599e-04 -3.299014e-02 3.293477e+01 -7.783625e-04 9.999976e-01 2.067584e-03 -9.973120e-01 3.299186e-02 -2.040809e-03 9.994534e-01 1.676280e+01
9.992423e-01 -3.871906e-03 3.872763e-02 3.355038e+01 4.031137e-03 9.999837e-01 -4.034094e-03 -1.010881e+00 -3.871133e-02 4.187123e-03 9.992416e-01 1.660028e+01
9.995108e-01 1.831030e-03 -3.122122e-02 3.379648e+01 -1.754498e-03 9.999954e-01 2.478188e-03 -1.022152e+00 3.122567e-02 -2.422227e-03 9.995093e-01 1.682564e+01
9.993122e-01 -3.398014e-03 3.692530e-02 3.390626e+01 3.539055e-03 9.999867e-01 -3.754704e-03 -1.029683e+00 -3.691200e-02 3.882772e-03 9.993109e-01 1.708084e+01
9.995834e-01 1.258552e-03 -2.883349e-02 3.415107e+01 -1.200691e-03 9.999972e-01 2.023609e-03 -1.041243e+00 2.883601e-02 -1.988176e-03 9.995821e-01 1.734377e+01
9.992631e-01 -3.685163e-03 3.820496e-02 3.444883e+01 3.842047e-03 9.999845e-01 -4.033532e-03 -1.054564e+00 -3.818944e-02 4.177314e-03 9.992617e-01 1.763208e+01
9.995329e-01 1.565660e-03 -3.052053e-02 3.470622e+01 -1.491817e-03 9.999959e-01 2.441723e-03 -1.066031e+00 3.052429e-02 -2.395082e-03 9.995311e-01 1.786123e+01
9.992886e-01 -3.434027e-03 3.755584e-02 3.487166e+01 3.584576e-03 9.999858e-01 -3.941829e-03 -1.075524e+00 -3.754172e-02 4.073616e-03 9.992867e-01 1.812249e+01
