9.999981e-01 -6.115741e-04 1.852917e-03 5.178695e-02 6.112030e-04 9.999998e-01 2.008459e-04 -3.286660e-02 -1.853040e-03 -1.997125e-04 9.999982e-01 1.340352e+00
1.000000e+00 -6.152648e-05 -6.057748e-05 9.139864e-02 6.152456e-05 1.000000e+00 -3.202190e-05 -6.389026e-02 6.057986e-05 3.201868e-05 9.999999e-01 2.591331e+00
9.999960e-01 -8.631970e-04 2.683142e-03 9.816772e-02 8.624064e-04 9.999996e-01 2.958046e-04 -9.781045e-02 -2.683396e-03 -2.934890e-04 9.999963e-01 4.000912e+00
9.999997e-01 -3.916514e-04 6.419142e-04 9.500177e-02 3.915753e-04 9.999999e-01 1.187038e-04 -1.354407e-01 -6.419596e-04 -1.184519e-04 9.999997e-01 5.630971e+00
9.999959e-01 -9.312979e-04 2.723256e-03 1.062879e-01 9.302755e-04 9.999995e-01 3.766613e-04 -1.741553e-01 -2.723604e-03 -3.741257e-04 9.999961e-01 7.341589e+00
9.999999e-01 -2.508918e-04 2.737848e-04 1.248112e-01 2.508796e-04 1.000000e+00 4.441287e-05 -2.114008e-01 -2.737943e-04 -4.434351e-05 9.999999e-01 8.964948e+00
9.999971e-01 -7.430152e-04 2.278262e-03 1.610441e-01 7.422692e-04 9.999997e-01 3.282800e-04 -2.470710e-01 -2.278503e-03 -3.265873e-04 9.999973e-01 1.049821e+01
1.000000e+00 -2.145688e-04 1.652988e-04 1.926621e-01 2.145664e-04 1.000000e+00 1.444035e-05 -2.809996e-01 -1.652997e-04 -1.440414e-05 9.999999e-01 1.195224e+01
9.999967e-01 -8.715015e-04 2.403688e-03 2.147538e-01 8.707206e-04 9.999996e-01 3.259245e-04 -3.149803e-01 -2.403969e-03 -3.238298e-04 9.999970e-01 1.340729e+01
1.000000e+00 -1.395702e-04 1.491624e-04 2.347802e-01 1.395706e-04 1.000000e+00 -2.494748e-06 -3.489214e-01 -1.491594e-04 2.516372e-06 9.999999e-01 1.485236e+01
9.999946e-01 -1.120061e-03 3.083636e-03 2.139038e-01 1.118963e-03 9.999993e-01 3.577462e-04 -3.832824e-01 -3.084031e-03 -3.542930e-04 9.999951e-01 1.632645e+01
9.999989e-01 -4.873231e-04 1.428857e-03 1.599887e-01 4.870968e-04 9.999999e-01 1.587673e-04 -4.229756e-01 -1.428931e-03 -1.580702e-04 9.999989e-01 1.807940e+01
9.999970e-01 -1.007491e-03 2.248720e-03 1.462568e-01 1.006743e-03 9.999994e-01 3.337652e-04 -4.608676e-01 -2.249051e-03 -3.314994e-04 9.999973e-01 1.975034e+01
9.999988e-01 -4.929386e-04 1.450830e-03 1.206544e-01 4.927398e-04 9.999999e-01 1.373712e-04 -4.972981e-01 -1.450894e-03 -1.366552e-04 9.999988e-01 2.135348e+01
9.999980e-01 -9.116493e-04 1.792250e-03 1.027089e-01 9.112001e-04 9.999996e-01 2.514101e-04 -5.312968e-01 -1.792474e-03 -2.497755e-04 9.999983e-01 2.282218e+01
9.999983e-01 -4.221320e-04 1.810910e-03 6.412689e-02 4.219190e-04 9.999999e-01 1.179838e-04 -5.663874e-01 -1.810954e-03 -1.172185e-04 9.999983e-01 2.431875e+01
9.999975e-01 -1.027869e-03 2.000116e-03 3.574878e-02 1.027142e-03 9.999994e-01 3.644219e-04 -6.035530e-01 -2.000485e-03 -3.623655e-04 9.999978e-01 2.594582e+01
9.999973e-01 -4.734442e-04 2.275120e-03 -2.362813e-02 4.731543e-04 9.999999e-01 1.279455e-04 -6.397342e-01 -2.275175e-03 -1.268675e-04 9.999973e-01 2.753589e+01
9.999980e-01 -1.019337e-03 1.719826e-03 -6.120582e-02 1.018742e-03 9.999994e-01 3.466938e-04 -6.777811e-01 -1.720173e-03 -3.449398e-04 9.999984e-01 2.919821e+01
9.999971e-01 -2.454274e-04 2.392592e-03 -1.054466e-01 2.450885e-04 1.000000e+00 1.419235e-04 -7.144078e-01 -2.392620e-03 -1.413355e-04 9.999970e-01 3.078914e+01
9.999978e-01 -1.282167e-03 1.642029e-03 -1.487338e-01 1.281618e-03 9.999991e-01 3.351424e-04 -7.517161e-01 -1.642451e-03 -3.330359e-04 9.999985e-01 3.241219e+01
9.999977e-01 -9.326951e-05 2.143999e-03 -1.678526e-01 9.295904e-05 1.000000e+00 1.448973e-04 -7.905690e-01 -2.144005e-03 -1.446963e-04 9.999976e-01 3.410812e+01
9.999980e-01 -1.157802e-03 1.638851e-03 -1.908857e-01 1.157320e-03 9.999993e-01 2.949360e-04 -8.288178e-01 -1.639184e-03 -2.930373e-04 9.999985e-01 3.575762e+01
9.999953e-01 1.218954e-05 3.070553e-03 -2.445215e-01 -1.307512e-05 1.000000e+00 2.883776e-04 -8.686064e-01 -3.070542e-03 -2.884150e-04 9.999951e-01 3.749696e+01
9.999989e-01 -1.252972e-03 8.082945e-04 -2.654326e-01 1.252826e-03 9.999992e-01 1.809872e-04 -9.079141e-01 -8.085121e-04 -1.799729e-04 9.999996e-01 3.919677e+01
9.999925e-01 8.742800e-05 3.883867e-03 -3.162040e-01 -8.895122e-05 9.999999e-01 3.920094e-04 -9.482035e-01 -3.883823e-03 -3.923504e-04 9.999923e-01 4.096059e+01
9.999981e-01 -1.606590e-03 1.062094e-03 -3.702406e-01 1.606229e-03 9.999987e-01 3.408249e-04 -9.885664e-01 -1.062631e-03 -3.391167e-04 9.999993e-01 4.279350e+01
9.999962e-01 6.768491e-04 2.663493e-03 -3.900660e-01 -6.770199e-04 9.999998e-01 6.317778e-05 -1.026915e+00 -2.663440e-03 -6.497917e-05 9.999964e-01 4.443221e+01
9.999958e-01 -1.948478e-03 2.167819e-03 -4.474039e-01 1.947048e-03 9.999979e-01 6.613982e-04 -1.066314e+00 -2.169093e-03 -6.571729e-04 9.999973e-01 4.620293e+01
9.999988e-01 9.197245e-04 1.242253e-03 -4.484800e-01 -9.194328e-04 9.999995e-01 -2.354776e-04 -1.105206e+00 -1.242458e-03 2.343368e-04 9.999991e-01 4.786941e+01
9.999949e-01 -2.034310e-03 2.475547e-03 -4.607876e-01 2.032504e-03 9.999977e-01 7.315382e-04 -1.144590e+00 -2.477018e-03 -7.265011e-04 9.999966e-01 4.957289e+01
9.999978e-01 1.028928e-03 1.835126e-03 -5.015427e-01 -1.028551e-03 9.999994e-01 -2.061539e-04 -1.183526e+00 -1.835325e-03 2.042677e-04 9.999982e-01 5.126102e+01
9.999909e-01 -2.272308e-03 3.599167e-03 -5.788547e-01 2.268263e-03 9.999968e-01 1.127536e-03 -1.223816e+00 -3.601706e-03 -1.119360e-03 9.999928e-01 5.312638e+01
9.999984e-01 1.102348e-03 1.431556e-03 -6.498686e-01 -1.101705e-03 9.999993e-01 -4.501597e-04 -1.263294e+00 -1.432039e-03 4.485838e-04 9.999988e-01 5.489174e+01
9.999983e-01 -1.645646e-03 8.593596e-04 -6.064721e-01 1.644995e-03 9.999984e-01 7.573452e-04 -1.299007e+00 -8.605918e-04 -7.559283e-04 9.999992e-01 5.635882e+01
9.999986e-01 1.375945e-03 9.112534e-04 -5.702994e-01 -1.375366e-03 9.999989e-01 -6.350435e-04 -1.330075e+00 -9.121133e-04 6.337913e-04 9.999993e-01 5.755741e+01
9.999988e-01 -1.479335e-03 4.399973e-04 -5.311112e-01 1.479040e-03 9.999987e-01 6.696540e-04 -1.358931e+00 -4.409743e-04 -6.690005e-04 9.999996e-01 5.862942e+01
9.999988e-01 1.461936e-03 5.430136e-04 -4.934055e-01 -1.461536e-03 9.999987e-01 -7.368611e-04 -1.384423e+00 -5.440770e-04 7.360685e-04 9.999995e-01 5.952812e+01
9.999989e-01 -1.410909e-03 4.748829e-04 -4.725300e-01 1.410613e-03 9.999988e-01 6.239696e-04 -1.407395e+00 -4.757495e-04 -6.232970e-04 9.999996e-01 6.029853e+01
9.999988e-01 1.575298e-03 1.098235e-04 -4.490178e-01 -1.575203e-03 9.999984e-01 -8.586558e-04 -1.428091e+00 -1.111626e-04 8.584837e-04 9.999995e-01 6.093250e+01
9.999986e-01 -1.409804e-03 9.119951e-04 -4.084505e-01 1.409128e-03 9.999987e-01 7.414517e-04 -1.456640e+00 -9.130259e-04 -7.401636e-04 9.999992e-01 6.194168e+01
9.999989e-01 1.458352e-03 1.341215e-04 -3.203652e-01 -1.458271e-03 9.999988e-01 -6.033029e-04 -1.490236e+00 -1.349876e-04 6.031086e-04 9.999997e-01 6.326103e+01
9.999909e-01 -2.256051e-03 3.621335e-03 -3.092753e-01 2.252121e-03 9.999969e-01 1.088918e-03 -1.534243e+00 -3.623767e-03 -1.080750e-03 9.999928e-01 6.513227e+01
9.999960e-01 1.344541e-04 2.832311e-03 -3.911664e-01 -1.340669e-04 1.000000e+00 -1.369265e-04 -1.582008e+00 -2.832315e-03 1.365483e-04 9.999959e-01 6.733133e+01
9.999912e-01 -2.302109e-03 3.520562e-03 -4.959438e-01 2.298606e-03 9.999969e-01 9.987822e-04 -1.625040e+00 -3.522835e-03 -9.906788e-04 9.999932e-01 6.930432e+01
9.999990e-01 1.082437e-03 -8.956197e-04 -4.893465e-01 -1.083098e-03 9.999991e-01 -7.380934e-04 -1.657971e+00 8.948354e-04 7.390649e-04 9.999992e-01 7.067817e+01
9.999988e-01 -8.246731e-04 1.292347e-03 -4.191093e-01 8.238660e-04 9.999995e-01 6.248034e-04 -1.683883e+00 -1.292846e-03 -6.237359e-04 9.999989e-01 7.158154e+01
9.999991e-01 1.094470e-03 -7.995951e-04 -3.453598e-01 -1.095035e-03 9.999992e-01 -7.054594e-04 -1.712186e+00 7.988378e-04 7.063364e-04 9.999993e-01 7.259320e+01
9.999978e-01 -1.022640e-03 1.824221e-03 -2.730251e-01 1.021289e-03 9.999992e-01 7.414464e-04 -1.743634e+00 -1.824962e-03 -7.395796e-04 9.999980e-01 7.378856e+01
9.999994e-01 1.022491e-03 -3.644282e-04 -2.159967e-01 -1.022716e-03 9.999993e-01 -6.176650e-04 -1.775639e+00 3.638121e-04 6.180395e-04 9.999996e-01 7.503767e+01
9.999975e-01 -1.258837e-03 1.872000e-03 -1.679698e-01 1.257441e-03 9.999989e-01 7.470262e-04 -1.806870e+00 -1.872923e-03 -7.446682e-04 9.999979e-01 7.625544e+01
9.999995e-01 9.961720e-04 -3.102896e-05 -1.248725e-01 -9.961902e-04 9.999993e-01 -5.869656e-04 -1.839840e+00 3.046028e-05 5.869984e-04 9.999997e-01 7.755599e+01
9.999981e-01 -1.188375e-03 1.514437e-03 -8.900997e-02 1.187319e-03 9.999991e-01 6.974238e-04 -1.870255e+00 -1.515248e-03 -6.956222e-04 9.999985e-01 7.873849e+01
9.999995e-01 9.823411e-04 3.209855e-04 -5.962918e-02 -9.821660e-04 9.999994e-01 -5.458494e-04 -1.902631e+00 -3.215052e-04 5.455360e-04 9.999997e-01 7.999988e+01
9.999880e-01 -2.137237e-03 4.412828e-03 -1.132311e-01 2.132362e-03 9.999971e-01 1.109173e-03 -1.943709e+00 -4.415169e-03 -1.099748e-03 9.999895e-01 8.174395e+01
9.999957e-01 8.027985e-05 2.940187e-03 -2.323054e-01 -8.015124e-05 1.000000e+00 -4.392195e-05 -1.990759e+00 -2.940173e-03 4.368842e-05 9.999956e-01 8.391835e+01
9.999974e-01 -1.608146e-03 1.608282e-03 -2.885267e-01 1.607130e-03 9.999985e-01 6.325721e-04 -2.025305e+00 -1.609279e-03 -6.299834e-04 9.999984e-01 8.544723e+01
9.999993e-01 1.152925e-03 -4.177721e-05 -2.700915e-01 -1.152951e-03 9.999992e-01 -6.061474e-04 -2.052742e+00 4.109652e-05 6.061976e-04 9.999997e-01 8.646866e+01
9.999987e-01 -1.214786e-03 1.050105e-03 -2.233761e-01 1.214190e-03 9.999991e-01 5.684618e-04 -2.079159e+00 -1.050776e-03 -5.671837e-04 9.999992e-01 8.742302e+01
9.999994e-01 1.106465e-03 1.446465e-04 -1.772058e-01 -1.106378e-03 9.999992e-01 -5.982837e-04 -2.107973e+00 -1.452899e-04 5.981256e-04 9.999997e-01 8.847920e+01
9.999967e-01 -1.456118e-03 2.126456e-03 -1.362643e-01 1.454353e-03 9.999986e-01 8.311416e-04 -2.143462e+00 -2.127644e-03 -8.280439e-04 9.999973e-01 8.991471e+01
9.999996e-01 8.081261e-04 4.883393e-04 -1.028941e-01 -8.078733e-04 9.999995e-01 -5.182203e-04 -2.179842e+00 -4.887390e-04 5.178280e-04 9.999996e-01 9.142932e+01
9.999977e-01 -1.364114e-03 1.653309e-03 -5.335489e-02 1.362822e-03 9.999988e-01 7.823734e-04 -2.214478e+00 -1.654355e-03 -7.801160e-04 9.999982e-01 9.285108e+01
9.999993e-01 6.986275e-04 9.034790e-04 -3.715092e-02 -6.981456e-04 9.999996e-01 -5.338763e-04 -2.248167e+00 -9.038322e-04 5.332476e-04 9.999994e-01 9.421781e+01
9.999857e-01 -2.679953e-03 4.632094e-03 -1.084352e-01 2.674090e-03 9.999956e-01 1.271228e-03 -2.290496e+00 -4.635460e-03 -1.258821e-03 9.999884e-01 9.611861e+01
9.999998e-01 6.985678e-04 -3.874376e-05 -1.264652e-01 -6.985872e-04 9.999996e-01 -4.986334e-04 -2.335128e+00 3.841576e-05 4.986629e-04 9.999998e-01 9.814794e+01
9.999855e-01 -2.232657e-03 4.891042e-03 -1.729591e-01 2.226891e-03 9.999968e-01 1.183905e-03 -2.376302e+00 -4.893649e-03 -1.172993e-03 9.999872e-01 9.996408e+01
9.999996e-01 8.256160e-04 -3.697194e-04 -2.295465e-01 -8.257711e-04 9.999996e-01 -4.187532e-04 -2.414579e+00 3.693948e-04 4.190610e-04 9.999997e-01 1.017028e+02
9.999882e-01 -1.964213e-03 4.444576e-03 -2.707417e-01 1.960157e-03 9.999977e-01 9.165635e-04 -2.448965e+00 -4.446344e-03 -9.078379e-04 9.999896e-01 1.031567e+02
9.999997e-01 5.667449e-04 5.826653e-04 -3.499571e-01 -5.665723e-04 9.999998e-01 -2.968031e-04 -2.485621e+00 -5.828112e-04 2.964756e-04 9.999997e-01 1.047350e+02
9.999924e-01 -1.725451e-03 3.500525e-03 -3.979664e-01 1.721389e-03 9.999978e-01 1.163066e-03 -2.520719e+00 -3.502502e-03 -1.157029e-03 9.999931e-01 1.063179e+02
9.999996e-01 8.409372e-04 -3.996579e-05 -4.477042e-01 -8.409469e-04 9.999996e-01 -2.364208e-04 -2.556244e+00 3.978985e-05 2.364572e-04 9.999999e-01 1.078984e+02
9.999946e-01 -1.670413e-03 2.837517e-03 -4.709713e-01 1.667938e-03 9.999982e-01 8.741229e-04 -2.587469e+00 -2.838949e-03 -8.693824e-04 9.999955e-01 1.092481e+02
9.999992e-01 1.233611e-03 1.587799e-04 -5.166402e-01 -1.233524e-03 9.999991e-01 -5.478534e-04 -2.614388e+00 -1.594321e-04 5.476601e-04 9.999997e-01 1.102942e+02
9.999949e-01 -1.745246e-03 2.670448e-03 -5.490344e-01 1.742961e-03 9.999981e-01 8.577173e-04 -2.642609e+00 -2.671916e-03 -8.530555e-04 9.999960e-01 1.114039e+02
9.999992e-01 1.172765e-03 4.134509e-04 -5.858896e-01 -1.172511e-03 9.999991e-01 -6.147112e-04 -2.671583e+00 -4.141475e-04 6.142289e-04 9.999996e-01 1.125286e+02
9.999944e-01 -1.812323e-03 2.797692e-03 -6.250702e-01 1.809890e-03 9.999980e-01 8.717939e-04 -2.702537e+00 -2.799242e-03 -8.667225e-04 9.999956e-01 1.137476e+02
9.999993e-01 1.204460e-03 -1.933540e-04 -6.309997e-01 -1.204581e-03 9.999991e-01 -6.217061e-04 -2.735258e+00 1.926296e-04 6.219416e-04 9.999997e-01 1.150447e+02
9.999956e-01 -1.567842e-03 2.502960e-03 -6.369881e-01 1.565812e-03 9.999984e-01 8.128576e-04 -2.764052e+00 -2.504206e-03 -8.089318e-04 9.999964e-01 1.161513e+02
9.999994e-01 1.137002e-03 4.567354e-05 -6.707382e-01 -1.136974e-03 9.999992e-01 -6.233607e-04 -2.790630e+00 -4.635719e-05 6.233115e-04 9.999997e-01 1.171582e+02
9.999941e-01 -1.707942e-03 2.988140e-03 -7.125529e-01 1.704848e-03 9.999980e-01 1.037662e-03 -2.819608e+00 -2.989881e-03 -1.032559e-03 9.999949e-01 1.183355e+02
9.999988e-01 1.146756e-03 -1.060378e-03 -7.173193e-01 -1.147487e-03 9.999991e-01 -6.885664e-04 -2.845715e+00 1.059613e-03 6.897854e-04 9.999991e-01 1.193877e+02
9.999952e-01 -1.530466e-03 2.696166e-03 -7.209957e-01 1.528173e-03 9.999985e-01 8.522085e-04 -2.870949e+00 -2.697441e-03 -8.480810e-04 9.999959e-01 1.203502e+02
9.999994e-01 9.374242e-04 -5.592139e-04 -6.993221e-01 -9.377942e-04 9.999993e-01 -6.611374e-04 -2.902539e+00 5.586197e-04 6.616646e-04 9.999995e-01 1.216123e+02
9.999954e-01 -1.500968e-03 2.635691e-03 -6.661859e-01 1.498626e-03 9.999985e-01 8.900084e-04 -2.934470e+00 -2.636997e-03 -8.860512e-04 9.999960e-01 1.229100e+02
9.999994e-01 1.104827e-03 -2.497788e-04 -6.727243e-01 -1.104955e-03 9.999993e-01 -5.127587e-04 -2.963445e+00 2.492385e-04 5.130375e-04 9.999997e-01 1.240666e+02
9.999976e-01 -1.519831e-03 1.556924e-03 -6.693251e-01 1.518504e-03 9.999985e-01 8.526094e-04 -2.988467e+00 -1.558191e-03 -8.502399e-04 9.999983e-01 1.250593e+02
9.999992e-01 1.276134e-03 1.467476e-04 -6.811453e-01 -1.276043e-03 9.999990e-01 -6.174046e-04 -3.012907e+00 -1.475087e-04 6.172201e-04 9.999997e-01 1.259652e+02
9.999978e-01 -1.645389e-03 1.337129e-03 -6.865594e-01 1.644180e-03 9.999982e-01 9.045431e-04 -3.037178e+00 -1.338588e-03 -9.023393e-04 9.999986e-01 1.268944e+02
9.999992e-01 1.301409e-03 4.974438e-05 -6.893843e-01 -1.301370e-03 9.999989e-01 -7.777993e-04 -3.059815e+00 -5.072964e-05 7.777372e-04 9.999996e-01 1.277241e+02
9.999982e-01 -1.439783e-03 1.233621e-03 -6.952726e-01 1.438734e-03 9.999986e-01 8.507048e-04 -3.081818e+00 -1.234817e-03 -8.489252e-04 9.999988e-01 1.284974e+02
9.999991e-01 1.324224e-03 7.616869e-05 -7.009334e-01 -1.324165e-03 9.999988e-01 -7.753011e-04 -3.103938e+00 -7.716811e-05 7.752029e-04 9.999996e-01 1.292766e+02
9.999972e-01 -1.643638e-03 1.692879e-03 -7.147591e-01 1.642120e-03 9.999982e-01 8.978508e-04 -3.127590e+00 -1.694325e-03 -8.950651e-04 9.999981e-01 1.301371e+02
9.999994e-01 1.064598e-03 2.467512e-04 -7.235829e-01 -1.064402e-03 9.999991e-01 -7.936808e-04 -3.152445e+00 -2.475684e-04 7.934210e-04 9.999996e-01 1.310723e+02
9.999978e-01 -1.554204e-03 1.427046e-03 -7.141481e-01 1.553001e-03 9.999984e-01 8.430132e-04 -3.178549e+00 -1.428326e-03 -8.407918e-04 9.999985e-01 1.320483e+02
9.999995e-01 9.933255e-04 3.270913e-04 -6.906596e-01 -9.930868e-04 9.999992e-01 -7.302981e-04 -3.207050e+00 -3.277886e-04 7.299762e-04 9.999996e-01 1.331523e+02
9.999970e-01 -1.566673e-03 1.890132e-03 -6.936136e-01 1.564989e-03 9.999984e-01 8.920012e-04 -3.235219e+00 -1.891499e-03 -8.890372e-04 9.999977e-01 1.342453e+02
9.999993e-01 1.118363e-03 4.546397e-04 -7.216723e-01 -1.118063e-03 9.999992e-01 -6.598470e-04 -3.260695e+00 -4.553490e-04 6.593416e-04 9.999996e-01 1.352227e+02
9.999976e-01 -1.731745e-03 1.337912e-03 -7.128103e-01 1.730754e-03 9.999982e-01 7.407948e-04 -3.287518e+00 -1.339164e-03 -7.384741e-04 9.999987e-01 1.362380e+02
9.999991e-01 1.348415e-03 1.333612e-04 -6.822742e-01 -1.348326e-03 9.999989e-01 -6.721927e-04 -3.314381e+00 -1.342388e-04 6.720156e-04 9.999997e-01 1.372638e+02
9.999966e-01 -1.930999e-03 1.776994e-03 -6.729466e-01 1.929570e-03 9.999978e-01 8.049608e-04 -3.342247e+00 -1.778516e-03 -8.015259e-04 9.999980e-01 1.383511e+02
9.999993e-01 1.123988e-03 3.156414e-04 -6.684228e-01 -1.123784e-03 9.999992e-01 -6.474530e-04 -3.371067e+00 -3.163399e-04 6.471012e-04 9.999996e-01 1.394992e+02
9.999960e-01 -2.004094e-03 1.996004e-03 -6.501847e-01 2.002316e-03 9.999976e-01 8.922420e-04 -3.403398e+00 -1.997758e-03 -8.882384e-04 9.999975e-01 1.408324e+02
9.999990e-01 1.403342e-03 2.850785e-04 -6.365236e-01 -1.403150e-03 9.999988e-01 -6.739388e-04 -3.433495e+00 -2.859945e-04 6.735414e-04 9.999996e-01 1.420330e+02
9.999977e-01 -1.683567e-03 1.338233e-03 -6.435033e-01 1.682410e-03 9.999982e-01 8.649528e-04 -3.457725e+00 -1.339657e-03 -8.626960e-04 9.999986e-01 1.429350e+02
9.999993e-01 1.147489e-03 3.729762e-04 -6.348589e-01 -1.147192e-03 9.999990e-01 -7.991341e-04 -3.483650e+00 -3.738630e-04 7.987090e-04 9.999995e-01 1.439020e+02
9.999982e-01 -1.587922e-03 1.057311e-03 -6.015667e-01 1.586993e-03 9.999984e-01 8.782684e-04 -3.510578e+00 -1.058674e-03 -8.765855e-04 9.999990e-01 1.449455e+02
9.999992e-01 1.186241e-03 4.939289e-04 -5.828954e-01 -1.185842e-03 9.999990e-01 -8.087945e-04 -3.536305e+00 -4.948578e-04 8.082115e-04 9.999995e-01 1.459203e+02
9.999979e-01 -1.736068e-03 1.120119e-03 -5.711237e-01 1.735092e-03 9.999981e-01 8.711414e-04 -3.562186e+00 -1.121599e-03 -8.691927e-04 9.999989e-01 1.469080e+02
9.999990e-01 1.311396e-03 5.101911e-04 -5.602343e-01 -1.310991e-03 9.999988e-01 -7.957050e-04 -3.586282e+00 -5.112036e-04 7.950387e-04 9.999995e-01 1.478182e+02
9.999975e-01 -1.949435e-03 1.052485e-03 -5.356918e-01 1.948505e-03 9.999977e-01 8.836651e-04 -3.613682e+00 -1.054175e-03 -8.816089e-04 9.999990e-01 1.488848e+02
9.999986e-01 1.641434e-03 1.114300e-04 -5.002861e-01 -1.641355e-03 9.999984e-01 -7.090178e-04 -3.637635e+00 -1.125630e-04 7.088373e-04 9.999996e-01 1.498209e+02
9.999970e-01 -2.012434e-03 1.373493e-03 -4.937287e-01 2.011313e-03 9.999976e-01 8.161482e-04 -3.657739e+00 -1.375101e-03 -8.133799e-04 9.999986e-01 1.505576e+02
9.999987e-01 1.555810e-03 4.503020e-04 -4.990217e-01 -1.555499e-03 9.999986e-01 -6.914426e-04 -3.680827e+00 -4.513462e-04 6.907447e-04 9.999996e-01 1.514292e+02
9.999972e-01 -2.136227e-03 1.043505e-03 -4.866819e-01 2.135424e-03 9.999974e-01 7.701150e-04 -3.706885e+00 -1.045117e-03 -7.678811e-04 9.999991e-01 1.524228e+02
9.999987e-01 1.524303e-03 4.776503e-04 -4.624552e-01 -1.523988e-03 9.999986e-01 -6.613036e-04 -3.733270e+00 -4.786264e-04 6.605782e-04 9.999996e-01 1.534494e+02
9.999966e-01 -2.163706e-03 1.443060e-03 -4.750773e-01 2.162669e-03 9.999974e-01 7.189927e-04 -3.759351e+00 -1.444580e-03 -7.158661e-04 9.999986e-01 1.544320e+02
9.999984e-01 1.555600e-03 8.585961e-04 -4.873050e-01 -1.555106e-03 9.999986e-01 -5.767122e-04 -3.786878e+00 -8.594604e-04 5.753795e-04 9.999994e-01 1.555090e+02
9.999964e-01 -2.315560e-03 1.368622e-03 -4.737976e-01 2.314414e-03 9.999970e-01 8.381297e-04 -3.818745e+00 -1.370527e-03 -8.349558e-04 9.999986e-01 1.568139e+02
9.999981e-01 1.360122e-03 1.419885e-03 -4.893604e-01 -1.359323e-03 9.999989e-01 -5.634140e-04 -3.849883e+00 -1.420618e-03 5.614863e-04 9.999987e-01 1.580921e+02
9.999961e-01 -2.267959e-03 1.601473e-03 -5.103346e-01 2.266394e-03 9.999970e-01 9.777005e-04 -3.879454e+00 -1.603653e-03 -9.740638e-04 9.999981e-01 1.593520e+02
9.999987e-01 1.549679e-03 4.845224e-04 -5.073231e-01 -1.549278e-03 9.999985e-01 -8.270228e-04 -3.907639e+00 -4.857707e-04 8.262745e-04 9.999994e-01 1.604673e+02
9.999971e-01 -2.044327e-03 1.264575e-03 -4.873089e-01 2.043143e-03 9.999975e-01 9.364042e-04 -3.935315e+00 -1.266453e-03 -9.338144e-04 9.999987e-01 1.615461e+02
9.999987e-01 1.616200e-03 1.840376e-04 -4.619714e-01 -1.616037e-03 9.999983e-01 -8.870067e-04 -3.961687e+00 -1.854380e-04 8.867116e-04 9.999995e-01 1.625525e+02
9.999977e-01 -1.870914e-03 9.985003e-04 -4.114772e-01 1.869983e-03 9.999978e-01 9.315939e-04 -3.989709e+00 -1.000208e-03 -9.297212e-04 9.999990e-01 1.636233e+02
9.999983e-01 1.558542e-03 9.580155e-04 -3.967829e-01 -1.557786e-03 9.999985e-01 -7.900527e-04 -4.018770e+00 -9.592122e-04 7.885624e-04 9.999991e-01 1.647485e+02
9.999976e-01 -1.918787e-03 1.049802e-03 -4.036429e-01 1.917739e-03 9.999977e-01 9.982315e-04 -4.045956e+00 -1.051681e-03 -9.962125e-04 9.999989e-01 1.657938e+02
9.999965e-01 1.401191e-03 2.221400e-03 -4.583951e-01 -1.399730e-03 9.999988e-01 -6.590756e-04 -4.076108e+00 -2.222287e-03 6.559674e-04 9.999972e-01 1.669992e+02
9.999969e-01 -2.066968e-03 1.351885e-03 -5.043357e-01 2.065266e-03 9.999971e-01 1.259065e-03 -4.108316e+00 -1.354450e-03 -1.256266e-03 9.999982e-01 1.683776e+02
9.999987e-01 1.577648e-03 4.315875e-04 -5.028314e-01 -1.577175e-03 9.999982e-01 -1.097139e-03 -4.133861e+00 -4.332834e-04 1.096460e-03 9.999992e-01 1.693653e+02
9.999918e-01 -2.042854e-03 3.497073e-03 -5.763532e-01 2.036303e-03 9.999962e-01 1.875506e-03 -4.169679e+00 -3.500857e-03 -1.868366e-03 9.999920e-01 1.708879e+02
9.999996e-01 8.238886e-04 -4.001692e-04 -6.065844e-01 -8.243312e-04 9.999990e-01 -1.105565e-03 -4.202848e+00 3.992928e-04 1.105898e-03 9.999992e-01 1.724046e+02
9.999921e-01 -1.388222e-03 3.710459e-03 -6.518365e-01 1.382385e-03 9.999978e-01 1.575017e-03 -4.233201e+00 -3.712603e-03 -1.569871e-03 9.999918e-01 1.736847e+02
9.999987e-01 5.463255e-04 -1.490471e-03 -6.356157e-01 -5.483092e-04 9.999990e-01 -1.330373e-03 -4.263650e+00 1.489778e-03 1.331192e-03 9.999979e-01 1.749261e+02
9.999855e-01 -1.106414e-03 5.276633e-03 -6.833244e-01 1.095953e-03 9.999974e-01 1.984822e-03 -4.299222e+00 -5.278779e-03 -1.979007e-03 9.999840e-01 1.764492e+02
9.999975e-01 5.124660e-05 -2.212513e-03 -7.161273e-01 -5.350855e-05 9.999995e-01 -1.021973e-03 -4.335374e+00 2.212496e-03 1.022092e-03 9.999969e-01 1.781135e+02
9.999882e-01 -1.717106e-03 4.552912e-03 -7.100394e-01 1.709369e-03 9.999971e-01 1.702629e-03 -4.368424e+00 -4.555786e-03 -1.694822e-03 9.999881e-01 1.796400e+02
9.999979e-01 1.004049e-03 -1.770086e-03 -7.318286e-01 -1.006639e-03 9.999984e-01 -1.462509e-03 -4.397103e+00 1.768651e-03 1.464292e-03 9.999973e-01 1.808052e+02
9.999859e-01 -1.647590e-03 5.042309e-03 -7.616750e-01 1.637840e-03 9.999968e-01 1.937049e-03 -4.427668e+00 -5.045448e-03 -1.928760e-03 9.999853e-01 1.820683e+02
9.999989e-01 6.890983e-04 -1.332787e-03 -8.162509e-01 -6.907276e-04 9.999990e-01 -1.221847e-03 -4.459506e+00 1.331981e-03 1.222770e-03 9.999983e-01 1.834300e+02
9.999877e-01 -1.416414e-03 4.752537e-03 -8.679678e-01 1.407633e-03 9.999973e-01 1.850419e-03 -4.489635e+00 -4.755107e-03 -1.843702e-03 9.999869e-01 1.847037e+02
9.999971e-01 9.191293e-04 -2.226214e-03 -8.996488e-01 -9.216329e-04 9.999989e-01 -1.123474e-03 -4.519695e+00 2.225217e-03 1.125527e-03 9.999968e-01 1.859594e+02
9.999909e-01 -1.689908e-03 3.913787e-03 -8.993995e-01 1.683157e-03 9.999971e-01 1.727249e-03 -4.546308e+00 -3.916657e-03 -1.720642e-03 9.999908e-01 1.870895e+02
9.999986e-01 1.330355e-03 -9.841539e-04 -9.365541e-01 -1.331561e-03 9.999984e-01 -1.224981e-03 -4.573880e+00 9.825608e-04 1.226294e-03 9.999987e-01 1.881910e+02
9.999928e-01 -1.885314e-03 3.296624e-03 -9.627327e-01 1.879203e-03 9.999965e-01 1.855603e-03 -4.603043e+00 -3.300073e-03 -1.849391e-03 9.999927e-01 1.894015e+02
9.999974e-01 1.216853e-03 -1.939416e-03 -9.617863e-01 -1.219543e-03 9.999983e-01 -1.385911e-03 -4.629178e+00 1.937764e-03 1.388277e-03 9.999971e-01 1.904819e+02
9.999887e-01 -1.430047e-03 4.526451e-03 -9.980309e-01 1.421895e-03 9.999974e-01 1.803549e-03 -4.656379e+00 -4.528980e-03 -1.797089e-03 9.999880e-01 1.915450e+02
9.999976e-01 1.150740e-03 -1.883365e-03 -1.030386e+00 -1.153097e-03 9.999986e-01 -1.250247e-03 -4.685315e+00 1.881962e-03 1.252420e-03 9.999973e-01 1.927202e+02
9.999930e-01 -1.278351e-03 3.506259e-03 -1.046387e+00 1.272829e-03 9.999979e-01 1.576172e-03 -4.710942e+00 -3.508227e-03 -1.571694e-03 9.999925e-01 1.937007e+02
9.999979e-01 1.192694e-03 -1.660150e-03 -1.072601e+00 -1.194974e-03 9.999983e-01 -1.372109e-03 -4.735106e+00 1.658550e-03 1.374095e-03 9.999976e-01 1.945753e+02
9.999914e-01 -1.292994e-03 3.933973e-03 -1.106202e+00 1.286887e-03 9.999980e-01 1.554136e-03 -4.759404e+00 -3.935935e-03 -1.549056e-03 9.999910e-01 1.954638e+02
9.999987e-01 9.054534e-04 -1.328289e-03 -1.132583e+00 -9.071670e-04 9.999988e-01 -1.289362e-03 -4.788520e+00 1.327159e-03 1.290570e-03 9.999982e-01 1.965924e+02
9.999910e-01 -1.163307e-03 4.074565e-03 -1.161346e+00 1.156954e-03 9.999981e-01 1.560985e-03 -4.816862e+00 -4.076333e-03 -1.556253e-03 9.999904e-01 1.976827e+02
9.999994e-01 6.959002e-04 -8.764024e-04 -1.205460e+00 -6.969416e-04 9.999991e-01 -1.187535e-03 -4.847123e+00 8.756155e-04 1.188150e-03 9.999988e-01 1.988914e+02
9.999921e-01 -1.167796e-03 3.786047e-03 -1.235549e+00 1.162261e-03 9.999983e-01 1.463674e-03 -4.877395e+00 -3.787709e-03 -1.459258e-03 9.999917e-01 2.000728e+02
9.999994e-01 7.251451e-04 -8.211516e-04 -1.267924e+00 -7.260554e-04 9.999991e-01 -1.107610e-03 -4.906945e+00 8.203885e-04 1.108210e-03 9.999990e-01 2.012436e+02
9.999940e-01 -1.089609e-03 3.280342e-03 -1.293219e+00 1.085277e-03 9.999985e-01 1.321578e-03 -4.933480e+00 -3.281736e-03 -1.318005e-03 9.999937e-01 2.022525e+02
9.999994e-01 6.548652e-04 -8.988910e-04 -1.311067e+00 -6.559181e-04 9.999991e-01 -1.170536e-03 -4.962953e+00 8.981649e-04 1.171129e-03 9.999988e-01 2.033719e+02
9.999910e-01 -1.305890e-03 4.038687e-03 -1.329228e+00 1.299650e-03 9.999980e-01 1.547064e-03 -4.996706e+00 -4.040658e-03 -1.541797e-03 9.999906e-01 2.047426e+02
9.999995e-01 5.802298e-04 -8.011035e-04 -1.358304e+00 -5.811934e-04 9.999991e-01 -1.201886e-03 -5.027020e+00 8.004473e-04 1.202356e-03 9.999989e-01 2.059703e+02
9.999909e-01 -1.452779e-03 4.006473e-03 -1.399078e+00 1.447045e-03 9.999979e-01 1.433309e-03 -5.058627e+00 -4.008505e-03 -1.427494e-03 9.999909e-01 2.072150e+02
9.999996e-01 6.546991e-04 -5.167041e-04 -1.448019e+00 -6.552761e-04 9.999992e-01 -1.115472e-03 -5.088479e+00 5.160158e-04 1.115815e-03 9.999991e-01 2.084125e+02
9.999917e-01 -1.456901e-03 3.812001e-03 -1.494299e+00 1.451680e-03 9.999980e-01 1.371849e-03 -5.118420e+00 -3.813949e-03 -1.366299e-03 9.999917e-01 2.095950e+02
9.999998e-01 5.944377e-04 -3.473690e-04 -1.535724e+00 -5.947950e-04 9.999993e-01 -1.026447e-03 -5.150540e+00 3.468016e-04 1.026658e-03 9.999993e-01 2.108894e+02
9.999907e-01 -1.555435e-03 4.025783e-03 -1.581025e+00 1.549337e-03 9.999976e-01 1.517154e-03 -5.182014e+00 -4.028090e-03 -1.510898e-03 9.999907e-01 2.122049e+02
9.999992e-01 5.989094e-04 -1.080289e-03 -1.610250e+00 -6.003059e-04 9.999990e-01 -1.291853e-03 -5.212263e+00 1.079558e-03 1.292505e-03 9.999985e-01 2.134050e+02
9.999921e-01 -1.384721e-03 3.717643e-03 -1.630174e+00 1.379241e-03 9.999980e-01 1.475922e-03 -5.241768e+00 -3.719635e-03 -1.470778e-03 9.999919e-01 2.145584e+02
9.999993e-01 7.462945e-04 -9.224259e-04 -1.666468e+00 -7.474923e-04 9.999989e-01 -1.297750e-03 -5.268868e+00 9.215005e-04 1.298443e-03 9.999986e-01 2.155985e+02
9.999939e-01 -1.174021e-03 3.295237e-03 -1.690914e+00 1.169464e-03 9.999984e-01 1.384044e-03 -5.294565e+00 -3.296812e-03 -1.380177e-03 9.999935e-01 2.165462e+02
9.999995e-01 5.853212e-04 -7.439943e-04 -1.714151e+00 -5.862543e-04 9.999990e-01 -1.253043e-03 -5.322999e+00 7.433048e-04 1.253483e-03 9.999988e-01 2.176238e+02
9.999918e-01 -1.358318e-03 3.814298e-03 -1.748828e+00 1.352694e-03 9.999980e-01 1.476383e-03 -5.354368e+00 -3.816251e-03 -1.471207e-03 9.999915e-01 2.188536e+02
9.999993e-01 5.849215e-04 -1.022998e-03 -1.762030e+00 -5.860864e-04 9.999992e-01 -1.137705e-03 -5.387310e+00 1.022377e-03 1.138308e-03 9.999987e-01 2.201862e+02
9.999924e-01 -1.352675e-03 3.650375e-03 -1.767074e+00 1.347535e-03 9.999981e-01 1.409735e-03 -5.419930e+00 -3.652229e-03 -1.404801e-03 9.999922e-01 2.214871e+02
9.999995e-01 5.925991e-04 -7.790111e-04 -1.777380e+00 -5.935122e-04 9.999991e-01 -1.170943e-03 -5.452535e+00 7.783621e-04 1.171410e-03 9.999989e-01 2.227806e+02
9.999909e-01 -1.461376e-03 4.004246e-03 -1.805017e+00 1.455529e-03 9.999979e-01 1.462423e-03 -5.485158e+00 -4.006329e-03 -1.456577e-03 9.999908e-01 2.240895e+02
9.999973e-01 1.329554e-03 -1.883566e-03 -1.821975e+00 -1.332107e-03 9.999982e-01 -1.353779e-03 -5.509262e+00 1.881809e-03 1.356289e-03 9.999972e-01 2.249852e+02
9.999954e-01 -1.153628e-03 2.800178e-03 -1.748852e+00 1.149622e-03 9.999983e-01 1.431482e-03 -5.540630e+00 -2.801779e-03 -1.428252e-03 9.999950e-01 2.261664e+02
9.999996e-01 8.389380e-04 -1.978945e-04 -1.708455e+00 -8.391619e-04 9.999990e-01 -1.128351e-03 -5.579391e+00 1.969941e-04 1.128521e-03 9.999992e-01 2.277543e+02
9.999961e-01 -1.307215e-03 2.447051e-03 -1.650995e+00 1.303679e-03 9.999981e-01 1.445642e-03 -5.615500e+00 -2.448890e-03 -1.442441e-03 9.999959e-01 2.292469e+02
9.999990e-01 1.051649e-03 -9.105395e-04 -1.610899e+00 -1.052922e-03 9.999985e-01 -1.397792e-03 -5.645254e+00 9.091148e-04 1.398754e-03 9.999985e-01 2.303677e+02
9.999961e-01 -1.194494e-03 2.507090e-03 -1.550675e+00 1.190703e-03 9.999981e-01 1.512491e-03 -5.678216e+00 -2.508846e-03 -1.509495e-03 9.999956e-01 2.316426e+02
9.999996e-01 8.368075e-04 -3.230713e-04 -1.514310e+00 -8.372311e-04 9.999988e-01 -1.309743e-03 -5.711336e+00 3.220220e-04 1.310018e-03 9.999990e-01 2.329504e+02
9.999930e-01 -1.599285e-03 3.367826e-03 -1.522937e+00 1.593924e-03 9.999975e-01 1.593620e-03 -5.746244e+00 -3.370319e-03 -1.588236e-03 9.999930e-01 2.343550e+02
9.999995e-01 8.753440e-04 -4.770185e-04 -1.518106e+00 -8.759542e-04 9.999988e-01 -1.277956e-03 -5.781185e+00 4.759469e-04 1.278378e-03 9.999990e-01 2.357715e+02
9.999958e-01 -1.412182e-03 2.546047e-03 -1.504739e+00 1.408633e-03 9.999980e-01 1.394512e-03 -5.810529e+00 -2.547964e-03 -1.390915e-03 9.999957e-01 2.368986e+02
9.999987e-01 1.206188e-03 -1.103953e-03 -1.489695e+00 -1.207780e-03 9.999982e-01 -1.441461e-03 -5.836020e+00 1.102260e-03 1.442797e-03 9.999983e-01 2.378031e+02
9.999961e-01 -1.335749e-03 2.457618e-03 -1.472734e+00 1.332404e-03 9.999982e-01 1.361598e-03 -5.861934e+00 -2.459384e-03 -1.358314e-03 9.999960e-01 2.387077e+02
9.999976e-01 1.426546e-03 -1.679464e-03 -1.431522e+00 -1.429081e-03 9.999978e-01 -1.508221e-03 -5.886724e+00 1.677357e-03 1.510622e-03 9.999974e-01 2.395446e+02
9.999963e-01 -1.243394e-03 2.417371e-03 -1.374295e+00 1.239932e-03 9.999982e-01 1.432703e-03 -5.912662e+00 -2.419100e-03 -1.429695e-03 9.999960e-01 2.404584e+02
9.999982e-01 1.163895e-03 -1.515803e-03 -1.333733e+00 -1.166193e-03 9.999982e-01 -1.515471e-03 -5.938076e+00 1.514085e-03 1.517240e-03 9.999976e-01 2.413516e+02
9.999976e-01 -1.039719e-03 1.948750e-03 -1.262736e+00 1.036986e-03 9.999985e-01 1.402599e-03 -5.963373e+00 -1.950157e-03 -1.400570e-03 9.999970e-01 2.422378e+02
9.999972e-01 1.477169e-03 -1.860886e-03 -1.170492e+00 -1.480039e-03 9.999977e-01 -1.540959e-03 -5.988628e+00 1.858654e-03 1.543714e-03 9.999970e-01 2.431089e+02
9.999980e-01 -9.896360e-04 1.750277e-03 -1.120255e+00 9.870515e-04 9.999984e-01 1.476253e-03 -6.011302e+00 -1.751687e-03 -1.474518e-03 9.999973e-01 2.438607e+02
9.999981e-01 1.353713e-03 -1.417415e-03 -1.102858e+00 -1.355715e-03 9.999981e-01 -1.411677e-03 -6.032235e+00 1.415550e-03 1.413600e-03 9.999979e-01 2.445510e+02
9.999982e-01 -1.129444e-03 1.544672e-03 -1.070817e+00 1.127513e-03 9.999986e-01 1.249744e-03 -6.052710e+00 -1.546033e-03 -1.247996e-03 9.999979e-01 2.451841e+02
9.999962e-01 1.567676e-03 -2.243385e-03 -1.009799e+00 -1.571153e-03 9.999976e-01 -1.548765e-03 -6.071440e+00 2.241000e-03 1.552288e-03 9.999962e-01 2.457113e+02
9.999978e-01 -1.004519e-03 1.829566e-03 -9.612541e-01 1.001809e-03 9.999984e-01 1.480891e-03 -6.089324e+00 -1.831002e-03 -1.479050e-03 9.999971e-01 2.462323e+02
9.999989e-01 1.211417e-03 -8.662281e-04 -9.542073e-01 -1.212514e-03 9.999985e-01 -1.266342e-03 -6.111411e+00 8.647410e-04 1.267395e-03 9.999987e-01 2.470010e+02
9.999968e-01 -1.189994e-03 2.219835e-03 -9.567563e-01 1.186367e-03 9.999980e-01 1.634030e-03 -6.137496e+00 -2.221726e-03 -1.631386e-03 9.999961e-01 2.480030e+02
9.999995e-01 9.142703e-04 -3.015072e-04 -9.617049e-01 -9.146840e-04 9.999986e-01 -1.370751e-03 -6.167030e+00 3.003021e-04 1.371030e-03 9.999989e-01 2.491691e+02
9.999945e-01 -1.190933e-03 3.088517e-03 -9.793196e-01 1.185067e-03 9.999975e-01 1.899916e-03 -6.200290e+00 -3.090723e-03 -1.896240e-03 9.999933e-01 2.505520e+02
9.999997e-01 7.553721e-04 1.226539e-04 -1.018815e+00 -7.552385e-04 9.999991e-01 -1.096272e-03 -6.236128e+00 -1.234327e-04 1.096184e-03 9.999993e-01 2.521100e+02
9.999945e-01 -1.887479e-03 2.736360e-03 -1.054857e+00 1.881299e-03 9.999957e-01 2.258924e-03 -6.276054e+00 -2.740563e-03 -2.253758e-03 9.999936e-01 2.539606e+02
9.999982e-01 8.618175e-04 -1.670184e-03 -1.032658e+00 -8.641926e-04 9.999986e-01 -1.421101e-03 -6.309007e+00 1.669007e-03 1.422547e-03 9.999975e-01 2.554480e+02
9.999914e-01 -1.198541e-03 3.957343e-03 -1.061265e+00 1.190468e-03 9.999972e-01 2.041272e-03 -6.339119e+00 -3.959728e-03 -2.036539e-03 9.999900e-01 2.566838e+02
9.999996e-01 3.882966e-04 -8.200345e-04 -1.101354e+00 -3.890487e-04 9.999995e-01 -9.156048e-04 -6.376942e+00 8.197285e-04 9.159285e-04 9.999992e-01 2.583917e+02
9.999651e-01 5.489934e-04 -8.339866e-03 -9.794181e-01 -5.431468e-04 9.999996e-01 7.034454e-04 -6.397712e+00 8.340298e-03 -6.988860e-04 9.999649e-01 2.593354e+02
9.999574e-01 7.513759e-04 -9.194851e-03 -8.808887e-01 -7.596812e-04 9.999993e-01 -8.996578e-04 -6.413468e+00 9.194216e-03 9.066097e-04 9.999572e-01 2.601182e+02
9.999864e-01 1.022259e-03 -5.110519e-03 -4.837516e-01 -1.016476e-03 9.999988e-01 1.134292e-03 -6.421947e+00 5.111719e-03 -1.129077e-03 9.999862e-01 2.607222e+02
9.999741e-01 -1.042808e-03 7.125979e-03 -2.701582e-01 1.039621e-03 9.999994e-01 4.507343e-04 -6.435694e+00 -7.126398e-03 -4.433091e-04 9.999744e-01 2.615720e+02
9.999988e-01 -1.245153e-03 -8.797487e-04 -3.716430e-01 1.246099e-03 9.999986e-01 1.076690e-03 -6.485710e+00 8.784540e-04 -1.077780e-03 9.999989e-01 2.640156e+02
9.999833e-01 -5.926288e-04 5.739603e-03 -4.358737e-01 5.921126e-04 9.999998e-01 9.140474e-05 -6.531541e+00 -5.739609e-03 -8.799931e-05 9.999834e-01 2.661778e+02
9.999916e-01 -5.858349e-04 -4.043309e-03 -4.476110e-01 5.874390e-04 9.999997e-01 3.958905e-04 -6.573725e+00 4.043124e-03 -3.982570e-04 9.999917e-01 2.680092e+02
9.999998e-01 5.649301e-04 -2.513933e-04 -3.387972e-01 -5.649820e-04 9.999998e-01 -2.009464e-04 -6.612513e+00 2.513270e-04 2.010939e-04 9.999999e-01 2.696912e+02
9.999619e-01 -4.902864e-04 -8.711684e-03 -9.723731e-02 5.010602e-04 9.999991e-01 1.234723e-03 -6.659217e+00 8.711117e-03 -1.239036e-03 9.999612e-01 2.720337e+02
9.999900e-01 -6.706623e-04 -4.423749e-03 3.763669e-01 6.749974e-04 9.999993e-01 9.788342e-04 -6.700032e+00 4.423135e-03 -9.818047e-04 9.999896e-01 2.747656e+02
9.999843e-01 -1.307946e-03 -5.447685e-03 6.961460e-01 1.310839e-03 9.999990e-01 5.277790e-04 -6.744927e+00 5.447034e-03 -5.349059e-04 9.999849e-01 2.774383e+02
9.999974e-01 -5.345214e-04 -2.223819e-03 9.628244e-01 5.367925e-04 9.999993e-01 1.021426e-03 -6.794241e+00 2.223315e-03 -1.022611e-03 9.999969e-01 2.802541e+02
9.999802e-01 -1.430825e-03 -6.126010e-03 1.262799e+00 1.432211e-03 9.999989e-01 2.220732e-04 -6.846929e+00 6.125728e-03 -2.308365e-04 9.999811e-01 2.832401e+02
9.999851e-01 -1.204731e-03 5.326385e-03 1.419113e+00 1.198540e-03 9.999986e-01 1.165069e-03 -6.907032e+00 -5.327738e-03 -1.158662e-03 9.999850e-01 2.864144e+02
9.999957e-01 -2.941361e-03 7.341572e-05 1.394371e+00 2.941328e-03 9.999956e-01 4.197230e-04 -6.975218e+00 -7.460650e-05 -4.194992e-04 9.999998e-01 2.899936e+02
9.998594e-01 3.178160e-03 -1.646124e-02 1.745719e+00 -3.178750e-03 9.999949e-01 -9.601523e-06 -7.023436e+00 1.646116e-02 6.193264e-05 9.998644e-01 2.923988e+02
9.999613e-01 -1.027857e-03 -8.740493e-03 2.180712e+00 1.027496e-03 9.999995e-01 -4.565980e-05 -7.061003e+00 8.740575e-03 3.668349e-05 9.999617e-01 2.942179e+02
9.998935e-01 2.720217e-03 -1.434029e-02 2.652814e+00 -2.717727e-03 9.999963e-01 1.931915e-04 -7.095662e+00 1.434080e-02 -1.541915e-04 9.998971e-01 2.959998e+02
9.997958e-01 1.233618e-03 -2.017025e-02 3.287800e+00 -1.243406e-03 9.999991e-01 -4.726667e-04 -7.112828e+00 2.016968e-02 4.976565e-04 9.997964e-01 2.970995e+02
9.999743e-01 1.310031e-03 -7.045102e-03 3.792939e+00 -1.307103e-03 9.999991e-01 4.203165e-04 -7.146254e+00 7.045678e-03 -4.110905e-04 9.999750e-01 2.988000e+02
9.998371e-01 4.313385e-04 -1.804357e-02 4.228443e+00 -4.414132e-04 9.999997e-01 -5.543231e-04 -7.190090e+00 1.804336e-02 5.622040e-04 9.998369e-01 3.009609e+02
9.998472e-01 2.395721e-03 -1.731673e-02 4.812977e+00 -2.396490e-03 9.999971e-01 -2.362084e-05 -7.221649e+00 1.731665e-02 6.512313e-05 9.998500e-01 3.026572e+02
9.999240e-01 -1.067121e-04 -1.233167e-02 5.314827e+00 1.015270e-04 9.999999e-01 -4.210317e-04 -7.256317e+00 1.233174e-02 4.197541e-04 9.999238e-01 3.044231e+02
9.998019e-01 2.545995e-03 -1.974206e-02 5.872870e+00 -2.546109e-03 9.999968e-01 1.942336e-05 -7.288646e+00 1.974206e-02 3.085241e-05 9.998050e-01 3.061463e+02
9.997461e-01 1.060566e-03 -2.250815e-02 6.483177e+00 -1.086475e-03 9.999988e-01 -1.138873e-03 -7.315531e+00 2.250693e-02 1.163045e-03 9.997459e-01 3.077053e+02
9.998671e-01 1.976165e-03 -1.618514e-02 7.050679e+00 -1.967076e-03 9.999979e-01 5.774362e-04 -7.342974e+00 1.618626e-02 -5.455156e-04 9.998687e-01 3.092292e+02
9.998262e-01 7.890083e-04 -1.862465e-02 7.608783e+00 -8.078656e-04 9.999992e-01 -1.004975e-03 -7.375562e+00 1.862385e-02 1.019853e-03 9.998259e-01 3.109693e+02
9.999624e-01 1.089490e-03 -8.606506e-03 8.038340e+00 -1.083969e-03 9.999992e-01 6.460546e-04 -7.421528e+00 8.607209e-03 -6.366948e-04 9.999627e-01 3.131853e+02
9.999391e-01 1.744518e-04 -1.103318e-02 8.412834e+00 -1.821050e-04 9.999997e-01 -6.926464e-04 -7.468617e+00 1.103306e-02 6.946197e-04 9.999388e-01 3.154291e+02
9.999992e-01 -6.150637e-04 1.142929e-03 8.683020e+00 6.136466e-04 9.999990e-01 1.239756e-03 -7.516986e+00 -1.143687e-03 -1.239047e-03 9.999985e-01 3.178609e+02
9.997944e-01 1.183984e-03 -2.024296e-02 9.112843e+00 -1.200530e-03 9.999990e-01 -8.052330e-04 -7.559745e+00 2.024199e-02 8.293761e-04 9.997947e-01 3.201104e+02
9.999667e-01 6.052440e-04 -8.135553e-03 9.716282e+00 -5.969519e-04 9.999993e-01 1.021628e-03 -7.593520e+00 8.136164e-03 -1.016731e-03 9.999663e-01 3.220863e+02
9.999994e-01 -8.840204e-04 -5.660670e-04 9.944796e+00 8.838338e-04 9.999996e-01 -3.300446e-04 -7.641609e+00 5.663557e-04 3.295507e-04 9.999997e-01 3.244377e+02
9.999954e-01 -1.944630e-03 2.317998e-03 9.932805e+00 1.942387e-03 9.999976e-01 9.692488e-04 -7.709348e+00 -2.319880e-03 -9.647354e-04 9.999967e-01 3.276526e+02
9.998455e-01 2.171385e-03 -1.744567e-02 1.031598e+01 -2.178355e-03 9.999976e-01 -3.804988e-04 -7.756401e+00 1.744480e-02 4.184495e-04 9.998476e-01 3.301100e+02
9.999961e-01 -1.272808e-03 -2.492279e-03 1.074231e+01 1.274632e-03 9.999989e-01 7.303362e-04 -7.795642e+00 2.491341e-03 -7.335034e-04 9.999965e-01 3.321777e+02
9.992017e-01 4.751738e-03 -3.966513e-02 1.152245e+01 -4.767005e-03 9.999886e-01 -2.903364e-04 -7.802590e+00 3.966329e-02 4.791951e-04 9.992129e-01 3.330706e+02
9.999804e-01 -2.111057e-03 -5.887042e-03 1.248063e+01 2.118149e-03 9.999970e-01 1.198546e-03 -7.799331e+00 5.884479e-03 -1.210985e-03 9.999819e-01 3.335339e+02
9.989613e-01 5.395234e-03 -4.524626e-02 1.330629e+01 -5.450350e-03 9.999845e-01 -1.094866e-03 -7.797255e+00 4.523963e-02 1.340344e-03 9.989752e-01 3.340467e+02
9.998364e-01 -1.928069e-03 -1.798300e-02 1.402787e+01 1.930527e-03 9.999981e-01 1.192840e-04 -7.796863e+00 1.798271e-02 -1.539746e-04 9.998382e-01 3.347152e+02
9.993075e-01 5.565140e-03 -3.679182e-02 1.480255e+01 -5.585326e-03 9.999843e-01 -4.459147e-04 -7.798739e+00 3.678873e-02 6.511065e-04 9.993228e-01 3.354537e+02
9.998935e-01 -1.807950e-03 -1.448097e-02 1.570433e+01 1.818315e-03 9.999981e-01 7.025221e-04 -7.800095e+00 1.447963e-02 -7.287718e-04 9.998948e-01 3.362003e+02
