9.996328e-01 2.738114e-04 -2.709765e-02 2.558754e-02 -2.758042e-04 1.000000e+00 -6.980529e-05 -3.543738e-02 2.709763e-02 7.725377e-05 9.996327e-01 1.772860e+00
9.999921e-01 -4.752619e-05 3.980903e-03 5.512422e-02 4.794573e-05 1.000000e+00 -1.052846e-04 -6.620487e-02 -3.980903e-03 1.054751e-04 9.999920e-01 3.306738e+00
9.997669e-01 1.964533e-04 -2.158721e-02 8.997447e-02 -1.992591e-04 1.000000e+00 -1.278272e-04 -9.072710e-02 2.158718e-02 1.320993e-04 9.997669e-01 4.513907e+00
9.999704e-01 -9.403202e-05 7.693987e-03 1.271095e-01 9.483761e-05 1.000000e+00 -1.043346e-04 -1.111921e-01 -7.693986e-03 1.050616e-04 9.999703e-01 5.509264e+00
9.997880e-01 1.826563e-04 -2.058808e-02 1.646739e-01 -1.852550e-04 1.000000e+00 -1.243181e-04 -1.305864e-01 2.058805e-02 1.281062e-04 9.997879e-01 6.446838e+00
9.999680e-01 -1.018626e-04 8.001855e-03 2.034311e-01 1.030263e-04 1.000000e+00 -1.450038e-04 -1.495332e-01 -8.001851e-03 1.458239e-04 9.999679e-01 7.363412e+00
9.997849e-01 1.865393e-04 -2.073863e-02 2.428503e-01 -1.890833e-04 1.000000e+00 -1.207142e-04 -1.686268e-01 2.073860e-02 1.246098e-04 9.997848e-01 8.286151e+00
9.999403e-01 -1.309376e-04 1.093004e-02 2.851421e-01 1.327856e-04 1.000000e+00 -1.683438e-04 -1.844797e-01 -1.093003e-02 1.697854e-04 9.999402e-01 9.038531e+00
9.998194e-01 1.675227e-04 -1.900243e-02 3.285437e-01 -1.701098e-04 1.000000e+00 -1.345290e-04 -1.984836e-01 1.900239e-02 1.377375e-04 9.998193e-01 9.696086e+00
9.999333e-01 -1.485335e-04 1.154765e-02 3.741601e-01 1.505630e-04 1.000000e+00 -1.748771e-04 -2.117783e-01 -1.154764e-02 1.766043e-04 9.999332e-01 1.031588e+01
9.998643e-01 1.313329e-04 -1.647590e-02 4.238920e-01 -1.338277e-04 1.000000e+00 -1.503228e-04 -2.222007e-01 1.647586e-02 1.525075e-04 9.998642e-01 1.078111e+01
9.999602e-01 -1.144563e-04 8.921566e-03 4.685063e-01 1.153606e-04 1.000000e+00 -1.008498e-04 -2.357183e-01 -8.921570e-03 1.018752e-04 9.999601e-01 1.140597e+01
9.998502e-01 1.390985e-04 -1.730796e-02 5.114258e-01 -1.422096e-04 1.000000e+00 -1.785202e-04 -2.500638e-01 1.730792e-02 1.809549e-04 9.998501e-01 1.207746e+01
9.999816e-01 -7.801829e-05 6.069282e-03 5.534901e-01 7.859064e-05 1.000000e+00 -9.405953e-05 -2.675111e-01 -6.069293e-03 9.453490e-05 9.999815e-01 1.291082e+01
9.999397e-01 6.994435e-05 -1.097890e-02 6.067772e-01 -7.346083e-05 9.999999e-01 -3.198936e-04 -2.776759e-01 1.097886e-02 3.206809e-04 9.999396e-01 1.337172e+01
9.999685e-01 -7.827005e-05 7.937034e-03 6.574958e-01 7.813427e-05 1.000000e+00 1.742040e-05 -2.862654e-01 -7.937053e-03 -1.679965e-05 9.999684e-01 1.373551e+01
9.999488e-01 3.025270e-05 -1.012073e-02 7.137187e-01 -3.448448e-05 9.999999e-01 -4.179583e-04 -2.934320e-01 1.012069e-02 4.182860e-04 9.999486e-01 1.403147e+01
9.999618e-01 -8.768410e-05 8.743202e-03 7.711334e-01 8.749206e-05 1.000000e+00 2.234853e-05 -2.996723e-01 -8.743222e-03 -2.158275e-05 9.999617e-01 1.427709e+01
9.999606e-01 3.572145e-05 -8.876005e-03 8.264976e-01 -4.012858e-05 9.999999e-01 -4.963467e-04 -3.039910e-01 8.875968e-03 4.966833e-04 9.999604e-01 1.441756e+01
9.999554e-01 -9.164864e-05 9.445834e-03 7.707736e-01 9.644475e-05 9.999999e-01 -5.072937e-04 -2.987929e-01 -9.445805e-03 5.081819e-04 9.999552e-01 1.413849e+01
9.999605e-01 1.052158e-04 -8.892144e-03 6.284946e-01 -1.122404e-04 9.999997e-01 -7.894821e-04 -2.877294e-01 8.892040e-03 7.904486e-04 9.999601e-01 1.362833e+01
9.999550e-01 -2.124390e-05 9.487768e-03 4.799988e-01 2.603967e-05 9.999999e-01 -5.053479e-04 -2.763848e-01 -9.487775e-03 5.055718e-04 9.999548e-01 1.311725e+01
9.999598e-01 2.622322e-05 -8.968909e-03 2.936046e-01 -3.487308e-05 9.999995e-01 -9.642690e-04 -2.621936e-01 8.968861e-03 9.645424e-04 9.999592e-01 1.247802e+01
9.999551e-01 1.608525e-04 9.473848e-03 3.198592e-02 -1.539169e-04 9.999997e-01 -7.328143e-04 -2.428581e-01 -9.473981e-03 7.313225e-04 9.999548e-01 1.165369e+01
9.999611e-01 -6.374465e-05 -8.825301e-03 -1.152790e-01 5.896856e-05 9.999999e-01 -5.414349e-04 -2.317519e-01 8.825315e-03 5.408925e-04 9.999608e-01 1.115955e+01
9.999540e-01 8.219021e-05 9.595523e-03 -2.180020e-01 -7.642562e-05 9.999998e-01 -6.011319e-04 -2.240832e-01 -9.595589e-03 6.003699e-04 9.999537e-01 1.080155e+01
9.999612e-01 -8.614424e-05 -8.811573e-03 -3.099614e-01 8.167128e-05 9.999999e-01 -5.079731e-04 -2.172133e-01 8.811597e-03 5.072326e-04 9.999609e-01 1.047515e+01
9.999537e-01 8.505812e-05 9.621396e-03 -3.922744e-01 -7.968272e-05 9.999998e-01 -5.590837e-04 -2.110805e-01 -9.621460e-03 5.582900e-04 9.999535e-01 1.018041e+01
9.999616e-01 -8.335055e-05 -8.764273e-03 -4.719211e-01 7.919132e-05 9.999999e-01 -4.749023e-04 -2.052211e-01 8.764293e-03 4.741887e-04 9.999614e-01 9.899391e+00
9.999559e-01 4.163770e-05 9.389795e-03 -5.614525e-01 -3.578586e-05 9.999998e-01 -6.233912e-04 -1.981195e-01 -9.389837e-03 6.230263e-04 9.999556e-01 9.553889e+00
9.999616e-01 -3.517070e-05 -8.759750e-03 -6.920825e-01 2.978470e-05 9.999998e-01 -6.149752e-04 -1.882320e-01 8.759752e-03 6.146892e-04 9.999613e-01 9.100815e+00
9.999561e-01 1.310449e-04 9.366337e-03 -8.624699e-01 -1.240236e-04 9.999997e-01 -7.502136e-04 -1.755168e-01 -9.366450e-03 7.490174e-04 9.999558e-01 8.541254e+00
9.999624e-01 -1.125878e-04 -8.674510e-03 -9.663941e-01 1.093355e-04 9.999999e-01 -3.753843e-04 -1.676577e-01 8.674533e-03 3.744200e-04 9.999622e-01 8.176599e+00
9.999566e-01 1.389133e-04 9.317223e-03 -1.099451e+00 -1.308265e-04 9.999996e-01 -8.685636e-04 -1.576368e-01 -9.317358e-03 8.673050e-04 9.999561e-01 7.718784e+00
9.999656e-01 -9.724801e-05 -8.299819e-03 -1.159120e+00 9.727843e-05 1.000000e+00 3.279070e-06 -1.534135e-01 8.299801e-03 -4.088347e-06 9.999655e-01 7.512578e+00
9.999600e-01 3.721542e-05 8.939630e-03 -1.172105e+00 -2.996392e-05 9.999997e-01 -8.113148e-04 -1.516659e-01 -8.939675e-03 8.110125e-04 9.999596e-01 7.387918e+00
9.999676e-01 -3.869745e-05 -8.043857e-03 -1.219342e+00 3.841271e-05 1.000000e+00 -3.553222e-05 -1.483408e-01 8.043841e-03 3.521992e-05 9.999675e-01 7.217038e+00
9.999618e-01 1.629740e-05 8.741593e-03 -1.255223e+00 -8.766581e-06 9.999996e-01 -8.615512e-04 -1.447807e-01 -8.741621e-03 8.614394e-04 9.999613e-01 7.013169e+00
9.999667e-01 -3.496316e-06 -8.157004e-03 -1.359062e+00 1.031129e-06 1.000000e+00 -3.021997e-04 -1.360505e-01 8.156987e-03 3.021789e-04 9.999666e-01 6.588409e+00
9.999587e-01 6.366195e-05 9.087589e-03 -1.398438e+00 -5.893732e-05 9.999999e-01 -5.201881e-04 -1.329765e-01 -9.087638e-03 5.196286e-04 9.999585e-01 6.414724e+00
9.999648e-01 -6.549505e-05 -8.392179e-03 -1.416754e+00 6.290078e-05 1.000000e+00 -3.093699e-04 -1.307489e-01 8.392182e-03 3.088286e-04 9.999646e-01 6.262308e+00
9.999571e-01 1.069781e-04 9.266015e-03 -1.428842e+00 -1.027465e-04 9.999999e-01 -4.571709e-04 -1.290173e-01 -9.266080e-03 4.561966e-04 9.999569e-01 6.127716e+00
9.998932e-01 -9.447082e-05 -1.461330e-02 -1.366508e+00 9.953902e-05 9.999999e-01 3.461080e-04 -1.406034e-01 1.461325e-02 -3.475282e-04 9.998931e-01 6.646351e+00
9.999523e-01 3.174229e-04 -9.759491e-03 -1.297268e+00 -3.173020e-04 9.999999e-01 1.395892e-05 -1.736660e-01 9.759475e-03 -1.086413e-05 9.999523e-01 8.274595e+00
9.999747e-01 -7.302384e-05 -7.118204e-03 -1.228173e+00 6.982522e-05 9.999999e-01 -4.495696e-04 -1.968955e-01 7.118215e-03 4.490585e-04 9.999745e-01 9.428775e+00
9.999979e-01 1.304347e-04 2.053113e-03 -1.164972e+00 -1.305130e-04 1.000000e+00 3.785304e-05 -2.070811e-01 -2.053130e-03 -3.812359e-05 9.999978e-01 9.886334e+00
9.999988e-01 -1.002371e-04 -1.554552e-03 -1.246283e+00 9.846917e-05 9.999993e-01 -1.137119e-03 -1.993385e-01 1.554643e-03 1.136962e-03 9.999980e-01 9.492811e+00
9.999971e-01 1.344235e-04 2.409235e-03 -1.269531e+00 -1.352097e-04 9.999999e-01 3.260525e-04 -1.966899e-01 -2.409213e-03 -3.263802e-04 9.999969e-01 9.322410e+00
9.999986e-01 -1.671931e-04 -1.657163e-03 -1.260547e+00 1.654421e-04 9.999994e-01 -1.056492e-03 -1.960788e-01 1.657317e-03 1.056214e-03 9.999980e-01 9.228177e+00
9.999971e-01 1.701428e-04 2.418257e-03 -1.271236e+00 -1.708268e-04 9.999999e-01 2.825071e-04 -1.944771e-01 -2.418231e-03 -2.829223e-04 9.999969e-01 9.098149e+00
9.999984e-01 -1.999685e-04 -1.792061e-03 -1.334941e+00 1.976130e-04 9.999991e-01 -1.314285e-03 -1.884995e-01 1.792300e-03 1.313926e-03 9.999974e-01 8.781853e+00
9.999966e-01 2.778392e-04 2.579898e-03 -1.352292e+00 -2.793391e-04 9.999998e-01 5.809026e-04 -1.867880e-01 -2.579758e-03 -5.816245e-04 9.999964e-01 8.653899e+00
9.999925e-01 -3.099311e-04 -3.858760e-03 -1.296221e+00 3.063328e-04 9.999995e-01 -9.329918e-04 -1.929358e-01 3.859025e-03 9.317995e-04 9.999920e-01 8.894480e+00
9.999977e-01 2.823928e-04 2.140456e-03 -1.239369e+00 -2.837464e-04 9.999998e-01 6.319614e-04 -1.998933e-01 -2.140299e-03 -6.325705e-04 9.999974e-01 9.174919e+00
9.997813e-01 -1.005486e-04 -2.091469e-02 -1.174070e+00 9.318588e-05 9.999999e-01 -3.529953e-04 -2.266718e-01 2.091470e-02 3.509659e-04 9.997811e-01 1.046833e+01
9.999291e-01 4.409892e-04 -1.190040e-02 -1.098890e+00 -4.343390e-04 9.999997e-01 5.614304e-04 -2.685841e-01 1.190062e-02 -5.562250e-04 9.999289e-01 1.257679e+01
9.999979e-01 -2.809705e-04 -2.050828e-03 -1.025447e+00 2.790573e-04 9.999995e-01 -9.329255e-04 -2.888461e-01 2.051061e-03 9.323480e-04 9.999974e-01 1.356676e+01
9.999961e-01 2.717361e-04 2.788587e-03 -1.023740e+00 -2.723062e-04 9.999999e-01 2.038842e-04 -2.879626e-01 -2.788560e-03 -2.046460e-04 9.999960e-01 1.346450e+01
9.999944e-01 -3.008548e-04 -3.325483e-03 -9.716047e-01 2.988309e-04 9.999998e-01 -6.089233e-04 -2.930337e-01 3.325637e-03 6.079228e-04 9.999942e-01 1.364791e+01
9.999994e-01 2.737909e-04 1.084647e-03 -9.142872e-01 -2.740945e-04 9.999999e-01 2.793301e-04 -3.004449e-01 -1.084599e-03 -2.796306e-04 9.999993e-01 1.395360e+01
9.999941e-01 -2.883122e-04 -3.418835e-03 -8.550580e-01 2.862571e-04 9.999998e-01 -6.014514e-04 -3.079624e-01 3.418978e-03 6.004658e-04 9.999939e-01 1.426501e+01
9.999995e-01 2.787711e-04 9.330513e-04 -7.966708e-01 -2.790937e-04 9.999999e-01 3.450399e-04 -3.159320e-01 -9.329841e-04 -3.453036e-04 9.999994e-01 1.459890e+01
9.999940e-01 -2.816274e-04 -3.439158e-03 -7.386468e-01 2.793823e-04 9.999997e-01 -6.531360e-04 -3.237037e-01 3.439312e-03 6.521678e-04 9.999938e-01 1.492387e+01
9.999991e-01 2.894701e-04 1.316972e-03 -6.841866e-01 -2.899180e-04 9.999999e-01 3.394950e-04 -3.309953e-01 -1.316903e-03 -3.398800e-04 9.999990e-01 1.522305e+01
9.999615e-01 -2.559251e-04 -8.772819e-03 -6.233249e-01 2.497662e-04 9.999997e-01 -7.030731e-04 -3.439227e-01 8.772966e-03 7.008514e-04 9.999612e-01 1.581951e+01
9.999694e-01 2.184528e-04 7.818639e-03 -5.673598e-01 -2.206022e-04 9.999999e-01 2.739812e-04 -3.493552e-01 -7.818609e-03 -2.757012e-04 9.999693e-01 1.602588e+01
9.999610e-01 -2.846041e-04 -8.826389e-03 -5.077007e-01 2.795598e-04 9.999998e-01 -5.726733e-04 -3.553409e-01 8.826519e-03 5.701799e-04 9.999608e-01 1.625794e+01
9.999862e-01 2.466888e-04 5.247706e-03 -4.404543e-01 -2.487767e-04 9.999999e-01 3.971156e-04 -3.646889e-01 -5.247638e-03 -3.984192e-04 9.999861e-01 1.666732e+01
9.999137e-01 -2.378339e-04 -1.313450e-02 -3.702085e-01 2.322624e-04 9.999999e-01 -4.256727e-04 -3.790476e-01 1.313457e-02 4.225817e-04 9.999136e-01 1.733395e+01
9.999928e-01 2.667032e-04 3.785380e-03 -2.984977e-01 -2.679588e-04 9.999999e-01 3.310409e-04 -3.948188e-01 -3.785324e-03 -3.320565e-04 9.999927e-01 1.808175e+01
9.999752e-01 -3.120355e-04 -7.030613e-03 -2.346425e-01 3.074438e-04 9.999997e-01 -6.540862e-04 -4.032381e-01 7.030782e-03 6.519049e-04 9.999750e-01 1.844791e+01
9.999691e-01 2.491793e-04 7.852308e-03 -2.078497e-01 -2.496374e-04 1.000000e+00 5.728680e-05 -4.046186e-01 -7.852326e-03 -5.924896e-05 9.999691e-01 1.845365e+01
9.999757e-01 -3.004227e-04 -6.971290e-03 -2.131388e-01 2.947360e-04 9.999996e-01 -8.166552e-04 -4.036748e-01 6.971500e-03 8.145768e-04 9.999753e-01 1.836257e+01
9.999696e-01 2.617577e-04 7.797152e-03 -2.184964e-01 -2.622025e-04 1.000000e+00 5.594803e-05 -4.025370e-01 -7.797170e-03 -5.799460e-05 9.999695e-01 1.826015e+01
9.999761e-01 -2.917503e-04 -6.911059e-03 -2.310842e-01 2.859199e-04 9.999996e-01 -8.445098e-04 -4.008287e-01 6.911270e-03 8.425096e-04 9.999757e-01 1.813390e+01
9.999796e-01 2.690970e-04 6.388601e-03 -1.809242e-01 -2.718426e-04 9.999999e-01 4.288034e-04 -4.058644e-01 -6.388517e-03 -4.305353e-04 9.999794e-01 1.831623e+01
9.999759e-01 -2.846553e-04 -6.937221e-03 -1.293162e-01 2.779749e-04 9.999995e-01 -9.638377e-04 -4.102235e-01 6.937460e-03 9.618821e-04 9.999754e-01 1.846956e+01
9.999689e-01 2.480245e-04 7.885660e-03 -1.348010e-01 -2.496763e-04 9.999999e-01 2.083937e-04 -4.091963e-01 -7.885641e-03 -2.103601e-04 9.999688e-01 1.837364e+01
9.999760e-01 -2.958434e-04 -6.917868e-03 -1.297120e-01 2.893372e-04 9.999995e-01 -9.413783e-04 -4.087728e-01 6.918111e-03 9.393500e-04 9.999755e-01 1.829727e+01
9.999699e-01 2.930330e-04 7.756356e-03 -1.095848e-01 -2.958308e-04 9.999999e-01 3.594824e-04 -4.096928e-01 -7.756282e-03 -3.617703e-04 9.999698e-01 1.827734e+01
9.999741e-01 -3.510581e-04 -7.190447e-03 -9.436114e-02 3.433851e-04 9.999994e-01 -1.068224e-03 -4.097395e-01 7.190785e-03 1.065723e-03 9.999735e-01 1.821546e+01
9.999694e-01 3.190107e-04 7.810355e-03 -1.491908e-01 -3.197155e-04 9.999999e-01 8.889612e-05 -4.047095e-01 -7.810359e-03 -9.139487e-05 9.999694e-01 1.794218e+01
9.999737e-01 -2.640624e-04 -7.250855e-03 -2.869765e-01 2.543226e-04 9.999991e-01 -1.344062e-03 -3.939424e-01 7.251171e-03 1.342178e-03 9.999727e-01 1.744960e+01
9.999699e-01 3.079287e-04 7.752741e-03 -4.671092e-01 -3.072676e-04 9.999999e-01 -8.656200e-05 -3.800313e-01 -7.752799e-03 8.417260e-05 9.999698e-01 1.682291e+01
9.999752e-01 -1.675004e-04 -7.037098e-03 -6.099128e-01 1.594538e-04 9.999993e-01 -1.143897e-03 -3.694079e-01 7.037253e-03 1.142742e-03 9.999745e-01 1.635599e+01
9.999692e-01 1.574431e-04 7.844497e-03 -6.130577e-01 -1.613131e-04 9.999999e-01 4.926107e-04 -3.692123e-01 -7.844450e-03 -4.938658e-04 9.999690e-01 1.631091e+01
9.999744e-01 -2.262250e-04 -7.152862e-03 -6.073195e-01 2.175403e-04 9.999992e-01 -1.214805e-03 -3.688092e-01 7.153100e-03 1.213213e-03 9.999736e-01 1.623729e+01
9.999684e-01 2.072681e-04 7.949310e-03 -6.253132e-01 -2.104826e-04 9.999999e-01 4.034274e-04 -3.666417e-01 -7.949257e-03 -4.050928e-04 9.999682e-01 1.608876e+01
9.999735e-01 -2.717110e-04 -7.280283e-03 -6.586715e-01 2.623188e-04 9.999991e-01 -1.290905e-03 -3.633135e-01 7.280596e-03 1.288956e-03 9.999726e-01 1.589102e+01
9.999664e-01 2.819179e-04 8.194018e-03 -7.081984e-01 -2.854605e-04 9.999999e-01 4.310644e-04 -3.597733e-01 -8.193927e-03 -4.333941e-04 9.999662e-01 1.571119e+01
9.999719e-01 -3.375944e-04 -7.489269e-03 -7.002650e-01 3.295363e-04 9.999994e-01 -1.077054e-03 -3.602232e-01 7.489597e-03 1.074551e-03 9.999713e-01 1.568932e+01
9.999664e-01 2.758132e-04 8.195387e-03 -7.183311e-01 -2.780417e-04 9.999999e-01 2.706874e-04 -3.584909e-01 -8.195343e-03 -2.729622e-04 9.999663e-01 1.557364e+01
9.999729e-01 -3.102581e-04 -7.357022e-03 -7.665035e-01 3.016349e-04 9.999993e-01 -1.173072e-03 -3.548221e-01 7.357349e-03 1.170816e-03 9.999722e-01 1.538341e+01
9.999675e-01 2.738813e-04 8.053820e-03 -8.325091e-01 -2.753193e-04 9.999999e-01 1.773255e-04 -3.495741e-01 -8.053802e-03 -1.795425e-04 9.999675e-01 1.511593e+01
9.999729e-01 -2.566001e-04 -7.360065e-03 -9.170556e-01 2.475709e-04 9.999992e-01 -1.227545e-03 -3.427890e-01 7.360343e-03 1.225684e-03 9.999721e-01 1.478902e+01
9.999669e-01 2.615485e-04 8.131515e-03 -9.755441e-01 -2.638188e-04 9.999999e-01 2.780061e-04 -3.380115e-01 -8.131473e-03 -2.801478e-04 9.999668e-01 1.454647e+01
9.999739e-01 -2.919028e-04 -7.224061e-03 -9.690081e-01 2.853063e-04 9.999995e-01 -9.140354e-04 -3.381972e-01 7.224293e-03 9.119447e-04 9.999734e-01 1.450669e+01
9.999696e-01 2.374388e-04 7.796265e-03 -9.305443e-01 -2.405729e-04 9.999999e-01 4.009401e-04 -3.408053e-01 -7.796200e-03 -4.028093e-04 9.999694e-01 1.457344e+01
9.999741e-01 -2.732485e-04 -7.187465e-03 -8.944199e-01 2.667246e-04 9.999996e-01 -9.085023e-04 -3.431662e-01 7.187679e-03 9.065559e-04 9.999737e-01 1.462489e+01
9.999695e-01 2.091243e-04 7.804433e-03 -8.927568e-01 -2.103013e-04 1.000000e+00 1.498736e-04 -3.423360e-01 -7.804432e-03 -1.515162e-04 9.999694e-01 1.453240e+01
9.998911e-01 -2.030388e-04 -1.475333e-02 -8.434579e-01 1.960610e-04 9.999999e-01 -4.743477e-04 -3.548287e-01 1.475340e-02 4.713976e-04 9.998910e-01 1.510171e+01
9.999758e-01 2.207483e-04 6.952846e-03 -7.954126e-01 -2.219316e-04 1.000000e+00 1.692766e-04 -3.683170e-01 -6.952840e-03 -1.708215e-04 9.999757e-01 1.572226e+01
9.998533e-01 -1.722837e-04 -1.712704e-02 -7.501903e-01 1.649029e-04 9.999999e-01 -4.323023e-04 -3.845636e-01 1.712708e-02 4.294087e-04 9.998531e-01 1.648667e+01
9.999817e-01 2.331412e-04 6.052537e-03 -7.079084e-01 -2.344193e-04 1.000000e+00 2.102827e-04 -4.018975e-01 -6.052522e-03 -2.117037e-04 9.999816e-01 1.730661e+01
9.998591e-01 -1.822165e-04 -1.678671e-02 -6.598395e-01 1.730021e-04 9.999998e-01 -5.503004e-04 -4.184688e-01 1.678677e-02 5.473127e-04 9.998588e-01 1.809505e+01
9.999455e-01 1.896753e-04 1.043526e-02 -6.093669e-01 -1.918253e-04 1.000000e+00 2.049290e-04 -4.302569e-01 -1.043526e-02 -2.069256e-04 9.999454e-01 1.863036e+01
9.999227e-01 -1.673596e-04 -1.242951e-02 -5.589290e-01 1.581858e-04 9.999997e-01 -7.389624e-04 -4.364667e-01 1.242960e-02 7.369330e-04 9.999224e-01 1.888040e+01
9.999381e-01 1.685687e-04 1.112645e-02 -5.097578e-01 -1.722970e-04 9.999999e-01 3.340225e-04 -4.426530e-01 -1.112643e-02 -3.359250e-04 9.999379e-01 1.912099e+01
9.998401e-01 -1.471277e-04 -1.788398e-02 -4.632944e-01 1.357616e-04 9.999998e-01 -6.366991e-04 -4.551005e-01 1.788403e-02 6.341632e-04 9.998398e-01 1.968728e+01
9.999492e-01 1.754570e-04 1.007627e-02 -4.179731e-01 -1.788179e-04 9.999999e-01 3.325271e-04 -4.686567e-01 -1.007625e-02 -3.343182e-04 9.999491e-01 2.031338e+01
9.998405e-01 -1.547766e-04 -1.785751e-02 -3.710487e-01 1.422421e-04 9.999997e-01 -7.031220e-04 -4.819968e-01 1.785757e-02 7.004636e-04 9.998402e-01 2.093219e+01
9.999300e-01 1.687573e-04 1.182973e-02 -3.227337e-01 -1.727908e-04 9.999999e-01 3.398327e-04 -4.934621e-01 -1.182972e-02 -3.418592e-04 9.999299e-01 2.145216e+01
9.998919e-01 -1.630814e-04 -1.469914e-02 -2.706926e-01 1.509029e-04 9.999996e-01 -8.295403e-04 -5.011082e-01 1.469923e-02 8.272263e-04 9.998915e-01 2.177492e+01
9.999220e-01 1.526872e-04 1.248781e-02 -2.195132e-01 -1.579551e-04 9.999999e-01 4.207554e-04 -5.084104e-01 -1.248778e-02 -4.227014e-04 9.999218e-01 2.207525e+01
9.998972e-01 -1.271307e-04 -1.433998e-02 -1.727474e-01 1.136697e-04 9.999996e-01 -9.394282e-04 -5.145922e-01 1.434005e-02 9.376952e-04 9.998966e-01 2.232371e+01
9.999309e-01 1.316239e-04 1.175743e-02 -1.261431e-01 -1.386237e-04 9.999998e-01 5.944227e-04 -5.225980e-01 -1.175739e-02 -5.960179e-04 9.999306e-01 2.266058e+01
9.998826e-01 -1.499801e-04 -1.532430e-02 -7.687857e-02 1.355462e-04 9.999995e-01 -9.428499e-04 -5.315674e-01 1.532439e-02 9.406556e-04 9.998820e-01 2.304959e+01
9.999462e-01 1.380700e-04 1.037131e-02 -2.787191e-02 -1.444178e-04 9.999998e-01 6.111782e-04 -5.420095e-01 -1.037126e-02 -6.126496e-04 9.999459e-01 2.351499e+01
9.998805e-01 -1.545306e-04 -1.545600e-02 2.254509e-02 1.392224e-04 9.999995e-01 -9.914197e-04 -5.523406e-01 1.545611e-02 9.891429e-04 9.998800e-01 2.397350e+01
9.999598e-01 1.591324e-04 8.968768e-03 7.069641e-02 -1.648963e-04 9.999998e-01 6.417650e-04 -5.643143e-01 -8.968705e-03 -6.432246e-04 9.999595e-01 2.451907e+01
9.999228e-01 -1.840670e-04 -1.242491e-02 1.234058e-01 1.713738e-04 9.999995e-01 -1.022543e-03 -5.730487e-01 1.242504e-02 1.020328e-03 9.999222e-01 2.489725e+01
9.999530e-01 1.444705e-04 9.695392e-03 1.767036e-01 -1.505944e-04 9.999998e-01 6.307535e-04 -5.808934e-01 -9.695341e-03 -6.321905e-04 9.999527e-01 2.522832e+01
9.999298e-01 -1.982664e-04 -1.184765e-02 2.316937e-01 1.861011e-04 9.999995e-01 -1.027789e-03 -5.879519e-01 1.184780e-02 1.025506e-03 9.999292e-01 2.551323e+01
9.999399e-01 1.417668e-04 1.096309e-02 2.884183e-01 -1.479958e-04 9.999998e-01 5.672328e-04 -5.933950e-01 -1.096305e-02 -5.688279e-04 9.999396e-01 2.571540e+01
9.999317e-01 -1.854673e-04 -1.168392e-02 3.421136e-01 1.740270e-04 9.999995e-01 -9.800292e-04 -5.988601e-01 1.168406e-02 9.779222e-04 9.999312e-01 2.591635e+01
9.999397e-01 1.250503e-04 1.098377e-02 3.964356e-01 -1.308468e-04 9.999999e-01 5.268798e-04 -6.040177e-01 -1.098375e-02 -5.282919e-04 9.999394e-01 2.610785e+01
9.999463e-01 -1.896740e-04 -1.035864e-02 4.430696e-01 1.788392e-04 9.999994e-01 -1.046746e-03 -6.067152e-01 1.035879e-02 1.044830e-03 9.999457e-01 2.616502e+01
9.999375e-01 1.382268e-04 1.117863e-02 4.267783e-01 -1.416567e-04 9.999999e-01 3.058987e-04 -6.053970e-01 -1.117863e-02 -3.074700e-04 9.999374e-01 2.607329e+01
9.999483e-01 -1.627649e-04 -1.016368e-02 4.085089e-01 1.523841e-04 9.999995e-01 -1.021985e-03 -6.043335e-01 1.016380e-02 1.020376e-03 9.999477e-01 2.599363e+01
9.999392e-01 1.058791e-04 1.102243e-02 4.206497e-01 -1.103073e-04 9.999999e-01 4.009898e-04 -6.049300e-01 -1.102243e-02 -4.021883e-04 9.999391e-01 2.597512e+01
9.999467e-01 -1.704340e-04 -1.032550e-02 3.675687e-01 1.564381e-04 9.999991e-01 -1.356113e-03 -6.005446e-01 1.032568e-02 1.354418e-03 9.999457e-01 2.574045e+01
9.999390e-01 1.982275e-04 1.104140e-02 2.992979e-01 -2.024169e-04 9.999999e-01 3.781618e-04 -5.950620e-01 -1.104136e-02 -3.803809e-04 9.999389e-01 2.547004e+01
9.999458e-01 -2.581036e-04 -1.040408e-02 2.245793e-01 2.432821e-04 9.999990e-01 -1.425684e-03 -5.889386e-01 1.040439e-02 1.423068e-03 9.999448e-01 2.515821e+01
9.999391e-01 2.918859e-04 1.103520e-02 1.420457e-01 -2.959881e-04 9.999999e-01 3.699581e-04 -5.821999e-01 -1.103513e-02 -3.732092e-04 9.999389e-01 2.482841e+01
9.999465e-01 -3.039960e-04 -1.034149e-02 8.715717e-02 2.902253e-04 9.999991e-01 -1.332915e-03 -5.773993e-01 1.034184e-02 1.329835e-03 9.999455e-01 2.457501e+01
9.999400e-01 2.975747e-04 1.095346e-02 1.969874e-03 -3.003717e-04 9.999999e-01 2.535581e-04 -5.704428e-01 -1.095342e-02 -2.568406e-04 9.999399e-01 2.423069e+01
9.999467e-01 -2.377843e-04 -1.031674e-02 -1.063708e-01 2.234871e-04 9.999990e-01 -1.386799e-03 -5.619478e-01 1.031702e-02 1.384412e-03 9.999457e-01 2.383727e+01
9.999397e-01 2.671746e-04 1.097360e-02 -1.755331e-01 -2.713974e-04 9.999999e-01 3.831694e-04 -5.561302e-01 -1.097354e-02 -3.861323e-04 9.999396e-01 2.354456e+01
9.999506e-01 -2.927048e-04 -9.938748e-03 -1.701479e-01 2.821491e-04 9.999994e-01 -1.063294e-03 -5.558255e-01 9.939012e-03 1.060430e-03 9.999499e-01 2.347213e+01
9.999483e-01 2.119672e-04 1.016451e-02 -1.128012e-01 -2.192418e-04 9.999997e-01 7.144105e-04 -5.605342e-01 -1.016440e-02 -7.166100e-04 9.999480e-01 2.362653e+01
9.999389e-01 -2.994892e-04 -1.105358e-02 -5.199812e-02 2.878878e-04 9.999994e-01 -1.050988e-03 -5.663532e-01 1.105384e-02 1.047734e-03 9.999383e-01 2.384385e+01
9.999284e-01 2.638621e-04 1.196396e-02 1.282766e-04 -2.723885e-04 9.999997e-01 7.109002e-04 -5.703542e-01 -1.196381e-02 -7.141161e-04 9.999281e-01 2.396759e+01
9.999214e-01 -3.567055e-04 -1.253477e-02 6.191209e-02 3.436228e-04 9.999994e-01 -1.045719e-03 -5.759460e-01 1.253510e-02 1.041322e-03 9.999208e-01 2.416918e+01
9.999308e-01 2.746690e-04 1.176073e-02 1.225221e-01 -2.824208e-04 9.999997e-01 6.573138e-04 -5.814697e-01 -1.176058e-02 -6.605977e-04 9.999305e-01 2.437028e+01
9.999321e-01 -3.656670e-04 -1.164571e-02 1.825870e-01 3.536997e-04 9.999994e-01 -1.029507e-03 -5.863107e-01 1.164604e-02 1.025310e-03 9.999316e-01 2.452848e+01
9.999396e-01 2.813414e-04 1.098322e-02 2.444294e-01 -2.886781e-04 9.999997e-01 6.662489e-04 -5.918089e-01 -1.098307e-02 -6.693874e-04 9.999394e-01 2.472640e+01
9.999371e-01 -3.831337e-04 -1.120775e-02 3.068299e-01 3.713314e-04 9.999994e-01 -1.054959e-03 -5.968529e-01 1.120811e-02 1.050722e-03 9.999365e-01 2.489303e+01
9.999280e-01 3.227102e-04 1.199133e-02 3.623756e-01 -3.297516e-04 9.999998e-01 5.850896e-04 -6.002006e-01 -1.199118e-02 -5.890098e-04 9.999278e-01 2.496785e+01
9.999358e-01 -3.760065e-04 -1.132067e-02 4.101311e-01 3.639350e-04 9.999994e-01 -1.068215e-03 -6.031741e-01 1.132102e-02 1.064019e-03 9.999353e-01 2.503288e+01
9.999272e-01 3.297511e-04 1.205888e-02 4.415004e-01 -3.362987e-04 9.999998e-01 5.407969e-04 -6.050827e-01 -1.205874e-02 -5.448212e-04 9.999270e-01 2.506900e+01
9.999384e-01 -4.018906e-04 -1.109446e-02 4.536423e-01 3.886770e-04 9.999992e-01 -1.192981e-03 -6.054846e-01 1.109488e-02 1.188587e-03 9.999376e-01 2.503927e+01
9.999261e-01 3.592006e-04 1.214761e-02 4.672206e-01 -3.656045e-04 9.999998e-01 5.248009e-04 -6.058336e-01 -1.214746e-02 -5.292118e-04 9.999260e-01 2.499784e+01
9.999327e-01 -4.122426e-04 -1.159665e-02 5.141029e-01 4.009689e-04 9.999994e-01 -9.743135e-04 -6.090511e-01 1.159700e-02 9.695896e-04 9.999322e-01 2.508103e+01
9.999278e-01 3.526078e-04 1.201275e-02 5.635796e-01 -3.587449e-04 9.999998e-01 5.085734e-04 -6.125525e-01 -1.201261e-02 -5.128546e-04 9.999276e-01 2.518017e+01
9.999377e-01 -3.911242e-04 -1.115652e-02 6.047327e-01 3.800555e-04 9.999994e-01 -9.940670e-04 -6.150452e-01 1.115686e-02 9.897565e-04 9.999372e-01 2.523138e+01
9.999271e-01 3.307264e-04 1.206729e-02 6.150900e-01 -3.345871e-04 9.999999e-01 3.177563e-04 -6.150977e-01 -1.206723e-02 -3.217793e-04 9.999270e-01 2.518132e+01
9.999395e-01 -3.660717e-04 -1.099635e-02 5.820340e-01 3.532756e-04 9.999993e-01 -1.165426e-03 -6.125884e-01 1.099673e-02 1.161462e-03 9.999388e-01 2.503514e+01
9.999293e-01 3.312630e-04 1.188201e-02 5.620675e-01 -3.354361e-04 9.999999e-01 3.490592e-04 -6.105312e-01 -1.188193e-02 -3.530289e-04 9.999292e-01 2.489761e+01
9.999396e-01 -3.666286e-04 -1.098661e-02 5.806101e-01 3.561757e-04 9.999995e-01 -9.532016e-04 -6.111810e-01 1.098691e-02 9.492220e-04 9.999391e-01 2.486734e+01
9.999306e-01 3.112445e-04 1.177927e-02 6.133249e-01 -3.158287e-04 9.999999e-01 3.871544e-04 -6.128976e-01 -1.177919e-02 -3.908566e-04 9.999305e-01 2.488513e+01
9.999400e-01 -3.543272e-04 -1.094961e-02 6.359463e-01 3.442082e-04 9.999995e-01 -9.258502e-04 -6.143590e-01 1.094989e-02 9.220169e-04 9.999395e-01 2.490539e+01
9.999296e-01 3.156122e-04 1.185919e-02 6.575488e-01 -3.204539e-04 9.999999e-01 4.062095e-04 -6.158348e-01 -1.185910e-02 -4.099901e-04 9.999295e-01 2.493000e+01
9.999402e-01 -3.310760e-04 -1.092966e-02 6.828331e-01 3.212943e-04 9.999995e-01 -8.965429e-04 -6.176413e-01 1.092991e-02 8.929687e-04 9.999398e-01 2.496505e+01
9.999439e-01 2.622815e-04 1.059277e-02 7.370102e-01 -2.676922e-04 9.999998e-01 5.091905e-04 -6.225303e-01 -1.059268e-02 -5.120065e-04 9.999437e-01 2.513773e+01
9.999297e-01 -3.272314e-04 -1.185646e-02 7.951791e-01 3.171052e-04 9.999996e-01 -8.557827e-04 -6.287041e-01 1.185670e-02 8.519537e-04 9.999292e-01 2.538210e+01
9.999386e-01 2.500257e-04 1.108162e-02 8.545606e-01 -2.553157e-04 9.999999e-01 4.757710e-04 -6.342768e-01 -1.108154e-02 -4.785802e-04 9.999384e-01 2.558950e+01
9.999359e-01 -3.269346e-04 -1.131872e-02 9.135124e-01 3.169220e-04 9.999996e-01 -8.862242e-04 -6.391047e-01 1.131896e-02 8.825711e-04 9.999355e-01 2.575193e+01
9.999370e-01 2.528442e-04 1.121859e-02 9.736826e-01 -2.579871e-04 9.999999e-01 4.568018e-04 -6.437006e-01 -1.121852e-02 -4.596764e-04 9.999369e-01 2.589738e+01
9.999382e-01 -3.291644e-04 -1.111511e-02 1.033361e+00 3.190860e-04 9.999995e-01 -9.083227e-04 -6.479371e-01 1.111536e-02 9.047106e-04 9.999377e-01 2.602053e+01
9.999413e-01 2.575798e-04 1.083399e-02 1.092162e+00 -2.630778e-04 9.999998e-01 5.058677e-04 -6.528489e-01 -1.083390e-02 -5.086974e-04 9.999411e-01 2.618728e+01
9.999390e-01 -3.372475e-04 -1.103939e-02 1.150638e+00 3.270105e-04 9.999995e-01 -9.289426e-04 -6.575366e-01 1.103966e-02 9.252667e-04 9.999385e-01 2.634229e+01
9.999378e-01 2.580457e-04 1.114656e-02 1.209442e+00 -2.636615e-04 9.999998e-01 5.021650e-04 -6.619006e-01 -1.114647e-02 -5.050820e-04 9.999377e-01 2.647156e+01
9.999352e-01 -3.518275e-04 -1.137738e-02 1.270305e+00 3.417119e-04 9.999995e-01 -8.908636e-04 -6.668178e-01 1.137765e-02 8.869087e-04 9.999348e-01 2.663439e+01
9.999393e-01 2.629608e-04 1.101018e-02 1.331185e+00 -2.687135e-04 9.999998e-01 5.208292e-04 -6.719636e-01 -1.101008e-02 -5.237655e-04 9.999392e-01 2.681091e+01
9.999246e-01 -3.367257e-04 -1.227751e-02 1.391695e+00 3.264509e-04 9.999996e-01 -8.387183e-04 -6.782582e-01 1.227774e-02 8.346377e-04 9.999242e-01 2.705920e+01
9.999285e-01 2.926407e-04 1.195713e-02 1.449340e+00 -2.969999e-04 9.999999e-01 3.626144e-04 -6.827698e-01 -1.195706e-02 -3.661491e-04 9.999283e-01 2.720777e+01
9.999383e-01 -3.204520e-04 -1.110571e-02 1.468434e+00 3.093501e-04 9.999995e-01 -1.001183e-03 -6.830968e-01 1.110599e-02 9.976757e-04 9.999377e-01 2.715499e+01
9.999299e-01 2.945622e-04 1.183536e-02 1.484750e+00 -2.983934e-04 9.999999e-01 3.217647e-04 -6.831894e-01 -1.183531e-02 -3.252833e-04 9.999298e-01 2.709269e+01
9.999330e-01 -2.864682e-04 -1.157090e-02 1.520990e+00 2.769202e-04 9.999996e-01 -8.265976e-04 -6.857449e-01 1.157109e-02 8.233284e-04 9.999326e-01 2.714990e+01
9.999531e-01 2.411989e-04 9.681510e-03 1.578510e+00 -2.460318e-04 9.999998e-01 4.977791e-04 -6.928074e-01 -9.681430e-03 -5.001473e-04 9.999529e-01 2.743778e+01
9.999374e-01 -2.939234e-04 -1.118624e-02 1.636679e+00 2.839730e-04 9.999996e-01 -8.909154e-04 -6.991485e-01 1.118646e-02 8.876734e-04 9.999369e-01 2.768949e+01
9.999469e-01 2.310342e-04 1.030658e-02 1.695446e+00 -2.364631e-04 9.999998e-01 5.253121e-04 -7.048639e-01 -1.030650e-02 -5.277310e-04 9.999467e-01 2.790571e+01
9.999393e-01 -3.093769e-04 -1.101028e-02 1.756323e+00 2.995570e-04 9.999996e-01 -8.933345e-04 -7.103694e-01 1.101051e-02 8.899723e-04 9.999389e-01 2.810808e+01
9.999522e-01 2.453523e-04 9.775907e-03 1.817910e+00 -2.509252e-04 9.999998e-01 5.686196e-04 -7.166560e-01 -9.775807e-03 -5.710552e-04 9.999520e-01 2.835295e+01
9.999329e-01 -3.017023e-04 -1.158384e-02 1.877822e+00 2.907510e-04 9.999995e-01 -9.468941e-04 -7.234208e-01 1.158408e-02 9.434527e-04 9.999324e-01 2.862558e+01
9.999419e-01 2.395798e-04 1.077687e-02 1.934778e+00 -2.455466e-04 9.999998e-01 5.521497e-04 -7.289368e-01 -1.077677e-02 -5.547737e-04 9.999417e-01 2.883353e+01
9.999151e-01 -2.893803e-04 -1.302307e-02 1.995257e+00 2.783448e-04 9.999996e-01 -8.490251e-04 -7.364560e-01 1.302327e-02 8.453183e-04 9.999147e-01 2.914226e+01
9.999309e-01 2.621610e-04 1.174916e-02 2.052987e+00 -2.670616e-04 9.999999e-01 4.153445e-04 -7.422966e-01 -1.174910e-02 -4.184634e-04 9.999308e-01 2.936691e+01
9.999335e-01 -2.576228e-04 -1.153179e-02 2.076686e+00 2.456083e-04 9.999994e-01 -1.043079e-03 -7.438727e-01 1.153201e-02 1.040168e-03 9.999329e-01 2.938517e+01
9.999267e-01 2.736348e-04 1.210792e-02 2.071375e+00 -2.767989e-04 9.999999e-01 2.594673e-04 -7.427739e-01 -1.210789e-02 -2.628098e-04 9.999266e-01 2.928082e+01
9.998938e-01 -2.418967e-04 -1.456919e-02 2.125229e+00 2.350724e-04 9.999999e-01 -4.699717e-04 -7.510645e-01 1.456926e-02 4.664869e-04 9.998937e-01 2.962533e+01
9.999674e-01 2.722747e-04 8.075186e-03 2.181615e+00 -2.738720e-04 9.999999e-01 1.964120e-04 -7.633281e-01 -8.075175e-03 -1.986272e-04 9.999673e-01 3.018337e+01
9.999322e-01 -2.899276e-04 -1.164383e-02 2.239774e+00 2.835224e-04 9.999998e-01 -5.515536e-04 -7.721250e-01 1.164395e-02 5.482048e-04 9.999320e-01 3.056188e+01
9.999717e-01 2.715480e-04 7.519840e-03 2.299438e+00 -2.735369e-04 9.999999e-01 2.631424e-04 -7.815821e-01 -7.519812e-03 -2.652021e-04 9.999716e-01 3.097092e+01
9.999443e-01 -2.555238e-04 -1.055007e-02 2.357959e+00 2.484879e-04 9.999997e-01 -6.679933e-04 -7.896136e-01 1.055019e-02 6.653244e-04 9.999440e-01 3.131018e+01
9.999676e-01 2.581478e-04 8.048051e-03 2.413057e+00 -2.613145e-04 9.999999e-01 3.921256e-04 -7.976941e-01 -8.047992e-03 -3.942262e-04 9.999674e-01 3.164732e+01
9.999308e-01 -2.570497e-04 -1.176109e-02 2.472268e+00 2.488118e-04 9.999997e-01 -7.017004e-04 -8.067974e-01 1.176122e-02 6.987153e-04 9.999305e-01 3.204152e+01
9.999483e-01 2.325991e-04 1.016608e-02 2.528937e+00 -2.359006e-04 9.999999e-01 3.233218e-04 -8.132851e-01 -1.016605e-02 -3.257135e-04 9.999482e-01 3.229988e+01
9.999315e-01 -2.636235e-04 -1.169828e-02 2.583948e+00 2.555269e-04 9.999997e-01 -6.934126e-04 -8.197245e-01 1.169841e-02 6.903656e-04 9.999312e-01 3.255728e+01
9.999494e-01 3.018107e-04 1.005642e-02 2.636826e+00 -3.041706e-04 9.999999e-01 2.328895e-04 -8.257501e-01 -1.005639e-02 -2.359469e-04 9.999493e-01 3.279368e+01
9.999234e-01 -2.871606e-04 -1.237290e-02 2.692167e+00 2.799094e-04 9.999998e-01 -5.875876e-04 -8.334215e-01 1.237302e-02 5.840690e-04 9.999232e-01 3.310751e+01
9.999600e-01 2.646552e-04 8.939918e-03 2.750008e+00 -2.664023e-04 9.999999e-01 1.939565e-04 -8.418901e-01 -8.939912e-03 -1.963407e-04 9.999599e-01 3.346687e+01
9.999408e-01 -3.131097e-04 -1.087562e-02 2.808932e+00 3.067874e-04 9.999998e-01 -5.827652e-04 -8.487727e-01 1.087575e-02 5.793838e-04 9.999406e-01 3.374382e+01
9.999507e-01 2.920896e-04 9.923544e-03 2.865856e+00 -2.934099e-04 9.999999e-01 1.313286e-04 -8.541129e-01 -9.923550e-03 -1.342442e-04 9.999507e-01 3.394390e+01
9.999490e-01 -2.983674e-04 -1.009118e-02 2.902446e+00 2.923325e-04 9.999998e-01 -5.992595e-04 -8.575666e-01 1.009131e-02 5.962685e-04 9.999488e-01 3.406156e+01
9.999477e-01 2.750607e-04 1.022473e-02 2.910669e+00 -2.745367e-04 1.000000e+00 -5.290614e-05 -8.586215e-01 -1.022479e-02 5.008576e-05 9.999476e-01 3.408333e+01
9.999495e-01 -2.131685e-04 -1.005105e-02 2.928210e+00 2.087252e-04 9.999999e-01 -4.428745e-04 -8.608025e-01 1.005109e-02 4.407436e-04 9.999493e-01 3.414947e+01
9.999844e-01 1.585613e-04 5.575399e-03 2.995074e+00 -1.601277e-04 9.999999e-01 2.800473e-04 -8.710436e-01 -5.575400e-03 -2.809463e-04 9.999843e-01 3.460531e+01
9.993889e-01 2.643941e-04 -3.495446e-02 3.016386e+00 -2.577764e-04 9.999999e-01 1.939028e-04 -9.106053e-01 3.495446e-02 -1.847845e-04 9.993888e-01 3.655955e+01
9.999667e-01 3.520884e-04 -8.148670e-03 3.025116e+00 -3.546203e-04 9.999999e-01 -3.089116e-04 -9.638937e-01 8.148509e-03 3.117804e-04 9.999667e-01 3.928205e+01
9.996150e-01 6.808658e-05 -2.774598e-02 3.046404e+00 -5.808239e-05 9.999999e-01 3.614775e-04 -1.009203e+00 2.774594e-02 -3.597373e-04 9.996149e-01 4.156646e+01
9.999879e-01 1.966407e-04 4.908475e-03 3.091434e+00 -1.928213e-04 9.999997e-01 -7.792557e-04 -1.039032e+00 -4.908684e-03 7.782894e-04 9.999876e-01 4.307023e+01
9.998223e-01 -6.313385e-05 -1.885296e-02 3.128718e+00 7.561032e-05 9.999998e-01 6.612388e-04 -1.059875e+00 1.885286e-02 -6.625572e-04 9.998220e-01 4.407432e+01
9.999985e-01 2.888401e-04 -1.700367e-03 3.159557e+00 -2.902170e-04 9.999996e-01 -8.075563e-04 -1.087836e+00 1.700073e-03 8.080381e-04 9.999981e-01 4.545451e+01
9.998341e-01 -1.084993e-04 -1.821153e-02 3.191740e+00 1.197362e-04 9.999998e-01 6.161259e-04 -1.115063e+00 1.821139e-02 -6.182147e-04 9.998339e-01 4.680171e+01
9.999999e-01 2.639562e-04 -1.151158e-04 3.224029e+00 -2.640482e-04 9.999997e-01 -7.679843e-04 -1.140618e+00 1.148503e-04 7.680043e-04 9.999996e-01 4.806097e+01
9.998177e-01 -1.196978e-04 -1.909013e-02 3.258085e+00 1.323060e-04 9.999998e-01 6.593885e-04 -1.167213e+00 1.908998e-02 -6.618045e-04 9.998175e-01 4.937240e+01
9.999998e-01 2.765519e-04 5.243863e-04 3.292749e+00 -2.761360e-04 9.999996e-01 -8.002458e-04 -1.193075e+00 -5.246731e-04 8.000904e-04 9.999995e-01 5.064739e+01
9.998035e-01 -1.228577e-04 -1.982454e-02 3.324630e+00 1.361535e-04 9.999998e-01 6.695224e-04 -1.219771e+00 1.982438e-02 -6.721004e-04 9.998032e-01 5.196404e+01
9.999983e-01 2.806844e-04 1.809013e-03 3.356598e+00 -2.791564e-04 9.999996e-01 -8.470852e-04 -1.244928e+00 -1.809319e-03 8.465685e-04 9.999979e-01 5.320512e+01
9.995836e-01 -4.698057e-05 -2.885562e-02 3.393968e+00 7.878450e-05 9.999994e-01 1.101181e-03 -1.280870e+00 2.885548e-02 -1.103006e-03 9.995829e-01 5.499434e+01
9.999986e-01 3.545316e-04 1.634146e-03 3.430525e+00 -3.524614e-04 9.999991e-01 -1.269633e-03 -1.316241e+00 -1.634667e-03 1.269045e-03 9.999978e-01 5.678485e+01
9.998838e-01 -2.194845e-04 -1.523918e-02 3.465670e+00 2.363712e-04 9.999994e-01 1.106604e-03 -1.337054e+00 1.523885e-02 -1.110088e-03 9.998832e-01 5.779964e+01
9.999998e-01 3.461150e-04 5.126749e-04 3.501427e+00 -3.454452e-04 9.999991e-01 -1.314611e-03 -1.358536e+00 -5.132036e-04 1.314423e-03 9.999989e-01 5.884661e+01
9.998731e-01 -2.298516e-04 -1.592615e-02 3.535534e+00 2.480727e-04 9.999993e-01 1.142420e-03 -1.380884e+00 1.592580e-02 -1.146236e-03 9.998724e-01 5.993520e+01
9.999999e-01 3.614930e-04 1.557517e-04 3.569414e+00 -3.612902e-04 9.999990e-01 -1.330217e-03 -1.403592e+00 -1.563086e-04 1.330150e-03 9.999990e-01 6.104764e+01
9.998700e-01 -2.509285e-04 -1.612371e-02 3.604820e+00 2.697956e-04 9.999993e-01 1.168277e-03 -1.426550e+00 1.612332e-02 -1.172486e-03 9.998692e-01 6.217278e+01
9.999964e-01 4.216546e-04 -2.633366e-03 3.640705e+00 -4.249122e-04 9.999991e-01 -1.234791e-03 -1.452742e+00 2.632765e-03 1.235895e-03 9.999957e-01 6.346499e+01
9.998611e-01 -2.617550e-04 -1.666395e-02 3.675545e+00 2.799953e-04 9.999994e-01 1.092572e-03 -1.479423e+00 1.666357e-02 -1.097096e-03 9.998605e-01 6.478585e+01
9.999990e-01 4.274306e-04 -1.311825e-03 3.709009e+00 -4.291028e-04 9.999991e-01 -1.270808e-03 -1.504502e+00 1.311200e-03 1.271360e-03 9.999983e-01 6.602078e+01
9.997610e-01 -2.333883e-04 -2.186183e-02 3.743578e+00 2.626886e-04 9.999991e-01 1.337625e-03 -1.535846e+00 2.186142e-02 -1.343058e-03 9.997600e-01 6.757355e+01
9.999585e-01 5.598153e-04 -9.090781e-03 3.777245e+00 -5.708866e-04 9.999991e-01 -1.214725e-03 -1.575845e+00 9.090009e-03 1.219854e-03 9.999579e-01 6.958116e+01
9.997743e-01 -2.770131e-04 -2.124148e-02 3.811310e+00 3.036414e-04 9.999992e-01 1.250645e-03 -1.614948e+00 2.124103e-02 -1.256822e-03 9.997735e-01 7.154215e+01
9.999861e-01 5.551950e-04 -5.234337e-03 3.843327e+00 -5.621237e-04 9.999990e-01 -1.321257e-03 -1.649655e+00 5.233512e-03 1.324171e-03 9.999854e-01 7.327965e+01
9.998425e-01 -3.616333e-04 -1.774257e-02 3.872074e+00 3.833248e-04 9.999992e-01 1.219504e-03 -1.680414e+00 1.774203e-02 -1.226123e-03 9.998418e-01 7.481009e+01
9.999935e-01 5.693438e-04 -3.542755e-03 3.903554e+00 -5.742542e-04 9.999989e-01 -1.383542e-03 -1.709108e+00 3.541875e-03 1.385558e-03 9.999927e-01 7.623379e+01
9.998448e-01 -3.906099e-04 -1.761339e-02 3.935179e+00 4.126054e-04 9.999991e-01 1.245519e-03 -1.737740e+00 1.761280e-02 -1.252603e-03 9.998440e-01 7.765024e+01
9.999987e-01 5.568346e-04 -1.466847e-03 3.970362e+00 -5.588412e-04 9.999989e-01 -1.363771e-03 -1.764068e+00 1.465995e-03 1.364579e-03 9.999979e-01 7.894626e+01
9.994768e-01 -2.260930e-04 -3.234182e-02 4.006072e+00 2.816868e-04 9.999985e-01 1.714591e-03 -1.807541e+00 3.234129e-02 -1.722814e-03 9.994753e-01 8.111822e+01
9.998801e-01 8.070475e-04 -1.546150e-02 4.037234e+00 -8.305289e-04 9.999985e-01 -1.511928e-03 -1.866181e+00 1.546017e-02 1.524578e-03 9.998793e-01 8.410519e+01
9.998848e-01 -5.265300e-04 -1.516621e-02 4.069990e+00 5.468434e-04 9.999990e-01 1.335713e-03 -1.905164e+00 1.516540e-02 -1.343862e-03 9.998840e-01 8.607420e+01
9.999397e-01 8.015751e-04 -1.094593e-02 4.095520e+00 -8.178554e-04 9.999986e-01 -1.482334e-03 -1.939264e+00 1.094463e-02 1.491187e-03 9.999389e-01 8.778598e+01
9.999516e-01 -6.237386e-04 -9.813754e-03 4.126692e+00 6.363189e-04 9.999990e-01 1.279535e-03 -1.967316e+00 9.812850e-03 -1.285727e-03 9.999510e-01 8.917659e+01
9.999642e-01 8.125134e-04 -8.421634e-03 4.159030e+00 -8.249650e-04 9.999986e-01 -1.474334e-03 -1.992570e+00 8.420328e-03 1.481220e-03 9.999634e-01 9.041927e+01
9.999474e-01 -6.372836e-04 -1.022985e-02 4.190462e+00 6.502466e-04 9.999990e-01 1.264594e-03 -2.018305e+00 1.022893e-02 -1.271188e-03 9.999468e-01 9.168872e+01
9.999755e-01 8.406837e-04 -6.948648e-03 4.222135e+00 -8.511485e-04 9.999985e-01 -1.502179e-03 -2.042394e+00 6.947277e-03 1.508048e-03 9.999747e-01 9.287458e+01
9.999491e-01 -6.762627e-04 -1.005818e-02 4.254095e+00 6.894479e-04 9.999989e-01 1.308213e-03 -2.066516e+00 1.005719e-02 -1.315090e-03 9.999485e-01 9.405950e+01
9.999456e-01 8.864016e-04 -1.038850e-02 4.287805e+00 -9.008057e-04 9.999986e-01 -1.381241e-03 -2.094503e+00 1.038716e-02 1.390515e-03 9.999450e-01 9.544091e+01
9.999264e-01 -6.719902e-04 -1.211153e-02 4.323323e+00 6.875085e-04 9.999989e-01 1.277784e-03 -2.124781e+00 1.211056e-02 -1.286026e-03 9.999258e-01 9.694481e+01
