9.994596e-01 -1.940325e-03 3.281491e-02 2.447715e-02 1.994464e-03 9.999967e-01 -1.617189e-03 -1.264402e-02 -3.281166e-02 1.681763e-03 9.994600e-01 5.871463e-01
9.999979e-01 1.979636e-05 -2.066381e-03 4.490699e-02 -1.966391e-05 1.000000e+00 6.411130e-05 -2.484387e-02 2.066389e-03 -6.407038e-05 9.999978e-01 1.136134e+00
9.997435e-01 -1.385254e-03 2.260581e-02 6.369366e-02 1.410745e-03 9.999984e-01 -1.111680e-03 -3.836360e-02 -2.260423e-02 1.143286e-03 9.997437e-01 1.726460e+00
9.998214e-01 -1.102384e-03 1.886415e-02 7.894892e-02 1.122412e-03 9.999988e-01 -1.051182e-03 -4.838993e-02 -1.886295e-02 1.072168e-03 9.998214e-01 2.198738e+00
9.999448e-01 -6.884566e-04 1.048836e-02 9.923078e-02 6.931710e-04 9.999997e-01 -4.458590e-04 -6.107292e-02 -1.048803e-02 4.531042e-04 9.999448e-01 2.777748e+00
9.995578e-01 -1.724423e-03 2.968549e-02 1.134798e-01 1.774802e-03 9.999970e-01 -1.670848e-03 -7.114146e-02 -2.968250e-02 1.722794e-03 9.995578e-01 3.249252e+00
9.999143e-01 -7.832859e-04 1.307056e-02 1.319730e-01 7.900526e-04 9.999996e-01 -5.125360e-04 -8.038864e-02 -1.307013e-02 5.228176e-04 9.999143e-01 3.681238e+00
9.998337e-01 -1.215366e-03 1.819431e-02 1.491718e-01 1.235859e-03 9.999986e-01 -1.115174e-03 -9.082749e-02 -1.819291e-02 1.137473e-03 9.998337e-01 4.130898e+00
9.998870e-01 -8.754438e-04 1.500697e-02 1.589150e-01 8.855863e-04 9.999994e-01 -6.692107e-04 -1.002183e-01 -1.500634e-02 6.824238e-04 9.998871e-01 4.532613e+00
9.998278e-01 -1.247253e-03 1.851598e-02 1.683452e-01 1.268156e-03 9.999986e-01 -1.117225e-03 -1.099628e-01 -1.851453e-02 1.140512e-03 9.998278e-01 4.958701e+00
9.998096e-01 -1.081831e-03 1.948510e-02 1.789844e-01 1.099572e-03 9.999990e-01 -8.997534e-04 -1.194481e-01 -1.948407e-02 9.210057e-04 9.998096e-01 5.387434e+00
9.999999e-01 -1.519749e-04 -4.216976e-04 2.080902e-01 1.519660e-04 1.000000e+00 -2.203656e-05 -1.325562e-01 4.217392e-04 2.197070e-05 9.999998e-01 5.939672e+00
9.990103e-01 -2.410861e-03 4.441330e-02 2.213640e-01 2.516334e-03 9.999941e-01 -2.319029e-03 -1.416160e-01 -4.440741e-02 2.428491e-03 9.990105e-01 6.366504e+00
9.999344e-01 -7.566108e-04 1.142586e-02 2.400980e-01 7.632481e-04 9.999995e-01 -5.765085e-04 -1.475877e-01 -1.142537e-02 5.851890e-04 9.999345e-01 6.652084e+00
9.992832e-01 -2.079636e-03 3.779934e-02 2.648045e-01 2.155182e-03 9.999958e-01 -1.957960e-03 -1.541771e-01 -3.779506e-02 2.038018e-03 9.992833e-01 6.937775e+00
9.999246e-01 6.513214e-04 -1.226238e-02 2.997490e-01 -6.414209e-04 9.999995e-01 8.112382e-04 -1.667128e-01 1.226295e-02 -8.033145e-04 9.999244e-01 7.477031e+00
9.989859e-01 -2.531662e-03 4.495342e-02 3.244084e-01 2.647112e-03 9.999933e-01 -2.508860e-03 -1.778769e-01 -4.494672e-02 2.625309e-03 9.989858e-01 7.973422e+00
9.999907e-01 -2.968434e-04 4.309588e-03 3.455027e-01 2.969225e-04 1.000000e+00 -1.744830e-05 -1.846449e-01 -4.309522e-03 1.872443e-05 9.999906e-01 8.274240e+00
9.997658e-01 -1.433854e-03 2.159237e-02 3.719781e-01 1.463309e-03 9.999980e-01 -1.348317e-03 -1.941717e-01 -2.159034e-02 1.379594e-03 9.997659e-01 8.642446e+00
9.999268e-01 -6.720023e-04 1.207962e-02 3.677978e-01 6.780047e-04 9.999996e-01 -4.927056e-04 -2.014884e-01 -1.207922e-02 5.008559e-04 9.999268e-01 8.949457e+00
9.992411e-01 -2.258419e-03 3.888491e-02 3.820288e-01 2.343734e-03 9.999949e-01 -2.148570e-03 -2.065474e-01 -3.887979e-02 2.238071e-03 9.992413e-01 9.172155e+00
9.999967e-01 -1.131751e-04 2.570182e-03 4.141792e-01 1.129298e-04 1.000000e+00 9.627230e-05 -2.149313e-01 -2.570121e-03 -9.598594e-05 9.999966e-01 9.524310e+00
9.999579e-01 -4.647190e-04 9.165964e-03 4.473214e-01 4.700117e-04 9.999997e-01 -5.750783e-04 -2.298473e-01 -9.165622e-03 5.793579e-04 9.999577e-01 1.016608e+01
9.999967e-01 -1.236558e-04 2.570407e-03 4.740738e-01 1.235601e-04 1.000000e+00 3.813336e-05 -2.443303e-01 -2.570338e-03 -3.781995e-05 9.999966e-01 1.079244e+01
9.998901e-01 -8.160483e-04 1.480181e-02 5.051034e-01 8.284511e-04 9.999993e-01 -8.316880e-04 -2.582456e-01 -1.480105e-02 8.438547e-04 9.998900e-01 1.140176e+01
9.999935e-01 3.167537e-04 -3.595332e-03 5.373376e-01 -3.154811e-04 9.999999e-01 3.539354e-04 -2.732112e-01 3.595519e-03 -3.528033e-04 9.999934e-01 1.204998e+01
9.995844e-01 -1.767572e-03 2.877168e-02 5.650779e-01 1.815998e-03 9.999970e-01 -1.656995e-03 -2.845441e-01 -2.876858e-02 1.708551e-03 9.995846e-01 1.253354e+01
9.999997e-01 7.159335e-05 7.741419e-04 5.928783e-01 -7.173249e-05 1.000000e+00 1.827323e-04 -2.955589e-01 -7.740500e-04 -1.827925e-04 9.999996e-01 1.301115e+01
9.998739e-01 -9.573417e-04 1.585244e-02 6.232661e-01 9.718156e-04 9.999991e-01 -9.052147e-04 -3.090694e-01 -1.585148e-02 9.205013e-04 9.998739e-01 1.359463e+01
9.999114e-01 9.285482e-04 -1.328076e-02 6.495783e-01 -9.142809e-04 9.999990e-01 1.080133e-03 -3.273075e-01 1.328183e-02 -1.067900e-03 9.999111e-01 1.440450e+01
9.999018e-01 -8.817380e-04 1.398353e-02 6.660639e-01 8.921030e-04 9.999993e-01 -7.348433e-04 -3.466105e-01 -1.398279e-02 7.472410e-04 9.999019e-01 1.528627e+01
9.999287e-01 8.327278e-04 -1.191282e-02 6.905844e-01 -8.217772e-04 9.999992e-01 9.238869e-04 -3.640727e-01 1.191366e-02 -9.140360e-04 9.999285e-01 1.604803e+01
9.998807e-01 -9.041823e-04 1.541550e-02 7.260818e-01 9.168354e-04 9.999992e-01 -8.136079e-04 -3.816728e-01 -1.541468e-02 8.276396e-04 9.998808e-01 1.680616e+01
9.999010e-01 9.433341e-04 -1.403440e-02 7.515947e-01 -9.272568e-04 9.999989e-01 1.151847e-03 -4.000592e-01 1.403555e-02 -1.138724e-03 9.999008e-01 1.762263e+01
9.999019e-01 -8.219973e-04 1.398347e-02 7.719495e-01 8.313560e-04 9.999994e-01 -6.633026e-04 -4.197688e-01 -1.398283e-02 6.748580e-04 9.999019e-01 1.851997e+01
9.998962e-01 1.084272e-03 -1.436661e-02 7.898144e-01 -1.065977e-03 9.999986e-01 1.280837e-03 -4.416845e-01 1.436806e-02 -1.265394e-03 9.998959e-01 1.955871e+01
9.998998e-01 -8.736759e-04 1.412519e-02 8.060546e-01 8.837738e-04 9.999994e-01 -7.084956e-04 -4.628217e-01 -1.412448e-02 7.209035e-04 9.998999e-01 2.055151e+01
9.999010e-01 1.024425e-03 -1.402906e-02 8.185636e-01 -1.007487e-03 9.999988e-01 1.214214e-03 -4.825424e-01 1.403036e-02 -1.199964e-03 9.999008e-01 2.146660e+01
9.998992e-01 -8.578651e-04 1.417052e-02 8.278668e-01 8.678755e-04 9.999994e-01 -7.001339e-04 -5.029471e-01 -1.416983e-02 7.123571e-04 9.998993e-01 2.243175e+01
9.998943e-01 1.121794e-03 -1.449480e-02 8.357377e-01 -1.103192e-03 9.999986e-01 1.291154e-03 -5.250806e-01 1.449631e-02 -1.275031e-03 9.998940e-01 2.350297e+01
9.999000e-01 -8.731033e-04 1.411508e-02 8.394080e-01 8.831187e-04 9.999994e-01 -7.031828e-04 -5.466658e-01 -1.411437e-02 7.155733e-04 9.999001e-01 2.454536e+01
9.998998e-01 1.133916e-03 -1.410899e-02 8.489026e-01 -1.115595e-03 9.999985e-01 1.306187e-03 -5.686427e-01 1.411053e-02 -1.290321e-03 9.998995e-01 2.560849e+01
9.999000e-01 -8.116945e-04 1.411951e-02 8.583193e-01 8.206821e-04 9.999995e-01 -6.306090e-04 -5.921574e-01 -1.411891e-02 6.421293e-04 9.999000e-01 2.676941e+01
9.999012e-01 1.195623e-03 -1.400614e-02 8.666189e-01 -1.176903e-03 9.999984e-01 1.344533e-03 -6.169324e-01 1.400781e-02 -1.327920e-03 9.999009e-01 2.801321e+01
9.998969e-01 -9.087418e-04 1.432681e-02 8.751698e-01 9.191035e-04 9.999993e-01 -7.165259e-04 -6.398326e-01 -1.432607e-02 7.296158e-04 9.998970e-01 2.914068e+01
9.999025e-01 1.105815e-03 -1.391584e-02 8.844700e-01 -1.088575e-03 9.999986e-01 1.246210e-03 -6.609250e-01 1.391728e-02 -1.230944e-03 9.999023e-01 3.015291e+01
9.998965e-01 -9.165696e-04 1.435578e-02 8.946606e-01 9.268745e-04 9.999993e-01 -7.110440e-04 -6.819701e-01 -1.435504e-02 7.242724e-04 9.998966e-01 3.116048e+01
9.999028e-01 1.078020e-03 -1.389665e-02 9.060711e-01 -1.061308e-03 9.999987e-01 1.209745e-03 -7.022743e-01 1.389802e-02 -1.194883e-03 9.999026e-01 3.211867e+01
9.998957e-01 -9.328627e-04 1.441235e-02 9.252248e-01 9.432365e-04 9.999993e-01 -7.128678e-04 -7.228067e-01 -1.441160e-02 7.263838e-04 9.998958e-01 3.307713e+01
9.998998e-01 1.096105e-03 -1.411527e-02 9.447103e-01 -1.078820e-03 9.999987e-01 1.232001e-03 -7.432121e-01 1.411669e-02 -1.216653e-03 9.998995e-01 3.402561e+01
9.998986e-01 -9.335449e-04 1.420582e-02 9.645502e-01 9.434517e-04 9.999993e-01 -6.905573e-04 -7.634928e-01 -1.420509e-02 7.038859e-04 9.998988e-01 3.496374e+01
9.999084e-01 1.056381e-03 -1.348896e-02 9.848989e-01 -1.041003e-03 9.999988e-01 1.146882e-03 -7.836198e-01 1.349023e-02 -1.132739e-03 9.999083e-01 3.589573e+01
9.998862e-01 -9.814769e-04 1.505146e-02 1.014431e+00 9.929044e-04 9.999992e-01 -7.516534e-04 -8.027960e-01 -1.505063e-02 7.665087e-04 9.998864e-01 3.675766e+01
9.998914e-01 1.181160e-03 -1.468671e-02 1.034662e+00 -1.161928e-03 9.999985e-01 1.317791e-03 -8.238657e-01 1.468833e-02 -1.300586e-03 9.998912e-01 3.774872e+01
9.998871e-01 -8.826732e-04 1.499858e-02 1.047051e+00 8.926053e-04 9.999994e-01 -6.554054e-04 -8.470478e-01 -1.499791e-02 6.687156e-04 9.998872e-01 3.888699e+01
9.998947e-01 1.249011e-03 -1.445565e-02 1.054982e+00 -1.229675e-03 9.999983e-01 1.346244e-03 -8.716139e-01 1.445739e-02 -1.328330e-03 9.998945e-01 4.012372e+01
9.998864e-01 -1.041768e-03 1.503546e-02 1.067373e+00 1.053653e-03 9.999991e-01 -7.824354e-04 -8.928695e-01 -1.503455e-02 7.981852e-04 9.998866e-01 4.114362e+01
9.998893e-01 1.311814e-03 -1.481903e-02 1.083265e+00 -1.291170e-03 9.999982e-01 1.402412e-03 -9.153730e-01 1.482093e-02 -1.383126e-03 9.998891e-01 4.223065e+01
9.998910e-01 -9.723875e-04 1.473138e-02 1.101814e+00 9.827507e-04 9.999993e-01 -6.961398e-04 -9.396132e-01 -1.473062e-02 7.105377e-04 9.998912e-01 4.341907e+01
9.998930e-01 1.296278e-03 -1.457083e-02 1.127762e+00 -1.276174e-03 9.999982e-01 1.388861e-03 -9.634688e-01 1.457268e-02 -1.370120e-03 9.998928e-01 4.457258e+01
9.998892e-01 -9.940053e-04 1.485427e-02 1.157699e+00 1.004344e-03 9.999993e-01 -6.884824e-04 -9.870818e-01 -1.485350e-02 7.033216e-04 9.998894e-01 4.570569e+01
9.999105e-01 1.241264e-03 -1.331879e-02 1.200119e+00 -1.224384e-03 9.999984e-01 1.275314e-03 -1.010190e+00 1.332043e-02 -1.258896e-03 9.999104e-01 4.679433e+01
9.998939e-01 -9.941256e-04 1.452933e-02 1.235150e+00 1.003851e-03 9.999993e-01 -6.619678e-04 -1.033212e+00 -1.452858e-02 6.764796e-04 9.998941e-01 4.789018e+01
9.998983e-01 1.342116e-03 -1.419464e-02 1.258654e+00 -1.322790e-03 9.999982e-01 1.370690e-03 -1.057808e+00 1.419653e-02 -1.351777e-03 9.998982e-01 4.909869e+01
9.998971e-01 -9.551852e-04 1.431212e-02 1.274167e+00 9.643402e-04 9.999993e-01 -6.326729e-04 -1.083329e+00 -1.431142e-02 6.464065e-04 9.998973e-01 5.037546e+01
9.998930e-01 1.414196e-03 -1.455882e-02 1.283891e+00 -1.393584e-03 9.999980e-01 1.425695e-03 -1.109792e+00 1.456089e-02 -1.405256e-03 9.998929e-01 5.171973e+01
9.998996e-01 -9.110317e-04 1.414167e-02 1.301352e+00 9.192736e-04 9.999994e-01 -5.762219e-04 -1.137519e+00 -1.414105e-02 5.891612e-04 9.998998e-01 5.312577e+01
9.999023e-01 1.298168e-03 -1.391354e-02 1.329669e+00 -1.279957e-03 9.999983e-01 1.317571e-03 -1.163299e+00 1.391531e-02 -1.299636e-03 9.999023e-01 5.439678e+01
9.998772e-01 -1.125597e-03 1.562869e-02 1.361589e+00 1.138818e-03 9.999990e-01 -8.369965e-04 -1.186050e+00 -1.562765e-02 8.546892e-04 9.998774e-01 5.548135e+01
9.999312e-01 1.289971e-03 -1.165497e-02 1.410441e+00 -1.276267e-03 9.999985e-01 1.183007e-03 -1.209370e+00 1.165656e-02 -1.168054e-03 9.999313e-01 5.658426e+01
9.999157e-01 -1.004704e-03 1.294749e-02 1.446252e+00 1.012115e-03 9.999993e-01 -5.658134e-04 -1.234375e+00 -1.294683e-02 5.788673e-04 9.999159e-01 5.780234e+01
9.999112e-01 1.374354e-03 -1.325269e-02 1.479332e+00 -1.357009e-03 9.999982e-01 1.317647e-03 -1.259218e+00 1.325456e-02 -1.299548e-03 9.999112e-01 5.899949e+01
9.999152e-01 -1.032950e-03 1.297714e-02 1.507460e+00 1.040647e-03 9.999993e-01 -5.862930e-04 -1.283532e+00 -1.297645e-02 5.997454e-04 9.999155e-01 6.017316e+01
9.999116e-01 1.454561e-03 -1.321648e-02 1.531499e+00 -1.436554e-03 9.999980e-01 1.371763e-03 -1.309341e+00 1.321853e-02 -1.352658e-03 9.999116e-01 6.144959e+01
9.999191e-01 -9.636469e-04 1.268334e-02 1.555973e+00 9.701851e-04 9.999994e-01 -5.092597e-04 -1.336872e+00 -1.268276e-02 5.215213e-04 9.999194e-01 6.283061e+01
9.999131e-01 1.457369e-03 -1.310367e-02 1.581495e+00 -1.439679e-03 9.999980e-01 1.359276e-03 -1.364280e+00 1.310571e-02 -1.340295e-03 9.999131e-01 6.420214e+01
9.999175e-01 -1.033692e-03 1.280276e-02 1.609040e+00 1.040871e-03 9.999993e-01 -5.540235e-04 -1.390412e+00 -1.280210e-02 5.673016e-04 9.999178e-01 6.549146e+01
9.999144e-01 1.434245e-03 -1.300445e-02 1.637812e+00 -1.417037e-03 9.999981e-01 1.332285e-03 -1.415735e+00 1.300642e-02 -1.313745e-03 9.999145e-01 6.672905e+01
9.999182e-01 -1.067417e-03 1.274143e-02 1.662764e+00 1.074899e-03 9.999993e-01 -5.802640e-04 -1.440454e+00 -1.274072e-02 5.939103e-04 9.999186e-01 6.793473e+01
9.999131e-01 1.504265e-03 -1.309700e-02 1.684740e+00 -1.486296e-03 9.999979e-01 1.381578e-03 -1.466385e+00 1.309913e-02 -1.361994e-03 9.999132e-01 6.922135e+01
9.999153e-01 -1.204055e-03 1.295783e-02 1.718695e+00 1.212872e-03 9.999990e-01 -6.724762e-04 -1.489679e+00 -1.295692e-02 6.881335e-04 9.999157e-01 7.032146e+01
9.999122e-01 1.460292e-03 -1.316511e-02 1.748752e+00 -1.442765e-03 9.999981e-01 1.340615e-03 -1.511157e+00 1.316712e-02 -1.321505e-03 9.999124e-01 7.131488e+01
9.999121e-01 -1.248135e-03 1.320183e-02 1.803485e+00 1.256946e-03 9.999990e-01 -6.590455e-04 -1.532243e+00 -1.320091e-02 6.755797e-04 9.999126e-01 7.224374e+01
9.999104e-01 1.508876e-03 -1.330274e-02 1.860806e+00 -1.490667e-03 9.999979e-01 1.378518e-03 -1.553572e+00 1.330487e-02 -1.358566e-03 9.999105e-01 7.318570e+01
9.999119e-01 -1.283993e-03 1.320780e-02 1.889079e+00 1.293909e-03 9.999989e-01 -7.421452e-04 -1.574870e+00 -1.320675e-02 7.591678e-04 9.999124e-01 7.417124e+01
9.999118e-01 1.571647e-03 -1.318859e-02 1.913815e+00 -1.553214e-03 9.999978e-01 1.407665e-03 -1.597671e+00 1.319086e-02 -1.387057e-03 9.999120e-01 7.525939e+01
9.999111e-01 -1.278394e-03 1.326760e-02 1.937452e+00 1.288263e-03 9.999989e-01 -7.352349e-04 -1.621009e+00 -1.326656e-02 7.522602e-04 9.999116e-01 7.638359e+01
9.999119e-01 1.484723e-03 -1.319144e-02 1.964080e+00 -1.467400e-03 9.999980e-01 1.322719e-03 -1.642121e+00 1.319346e-02 -1.303247e-03 9.999120e-01 7.736163e+01
9.999116e-01 -1.316046e-03 1.322839e-02 1.983962e+00 1.326325e-03 9.999988e-01 -7.682726e-04 -1.662244e+00 -1.322728e-02 7.857484e-04 9.999121e-01 7.828950e+01
9.999167e-01 1.482263e-03 -1.281790e-02 2.001429e+00 -1.465802e-03 9.999981e-01 1.293492e-03 -1.682751e+00 1.281988e-02 -1.274597e-03 9.999169e-01 7.924935e+01
9.999166e-01 -1.220926e-03 1.285801e-02 2.020343e+00 1.229485e-03 9.999990e-01 -6.576858e-04 -1.705268e+00 -1.285711e-02 6.734383e-04 9.999170e-01 8.033030e+01
9.999128e-01 1.476776e-03 -1.312087e-02 2.032882e+00 -1.460117e-03 9.999981e-01 1.279112e-03 -1.726648e+00 1.312281e-02 -1.259844e-03 9.999130e-01 8.134771e+01
9.999172e-01 -1.309754e-03 1.280040e-02 2.040327e+00 1.319443e-03 9.999988e-01 -7.484709e-04 -1.746226e+00 -1.279933e-02 7.652971e-04 9.999177e-01 8.225835e+01
9.999147e-01 1.507110e-03 -1.297075e-02 2.060932e+00 -1.490058e-03 9.999980e-01 1.324127e-03 -1.766811e+00 1.297280e-02 -1.304688e-03 9.999149e-01 8.321064e+01
9.999172e-01 -1.286985e-03 1.280030e-02 2.086520e+00 1.296094e-03 9.999989e-01 -7.033029e-04 -1.788083e+00 -1.279930e-02 7.198340e-04 9.999177e-01 8.419845e+01
9.999123e-01 1.560341e-03 -1.315338e-02 2.110780e+00 -1.542551e-03 9.999979e-01 1.362513e-03 -1.810262e+00 1.315556e-02 -1.342104e-03 9.999125e-01 8.524345e+01
9.999164e-01 -1.296139e-03 1.286565e-02 2.130490e+00 1.305446e-03 9.999989e-01 -7.149852e-04 -1.832420e+00 -1.286462e-02 7.317198e-04 9.999169e-01 8.629593e+01
9.999145e-01 1.525918e-03 -1.298826e-02 2.147367e+00 -1.509151e-03 9.999980e-01 1.300568e-03 -1.854088e+00 1.299030e-02 -1.280856e-03 9.999147e-01 8.732357e+01
9.999166e-01 -1.293147e-03 1.284795e-02 2.163304e+00 1.302155e-03 9.999989e-01 -6.927131e-04 -1.875730e+00 -1.284696e-02 7.093844e-04 9.999171e-01 8.835219e+01
9.999136e-01 1.592523e-03 -1.304373e-02 2.178703e+00 -1.575045e-03 9.999978e-01 1.350129e-03 -1.898692e+00 1.304593e-02 -1.329469e-03 9.999139e-01 8.946419e+01
9.999144e-01 -1.301793e-03 1.302107e-02 2.196210e+00 1.310826e-03 9.999989e-01 -6.852531e-04 -1.921663e+00 -1.302009e-02 7.022621e-04 9.999149e-01 9.057557e+01
9.999104e-01 1.629816e-03 -1.328455e-02 2.210640e+00 -1.611828e-03 9.999978e-01 1.364674e-03 -1.945267e+00 1.328682e-02 -1.343140e-03 9.999107e-01 9.172947e+01
9.999157e-01 -1.267683e-03 1.292176e-02 2.224873e+00 1.276102e-03 9.999990e-01 -6.433526e-04 -1.969809e+00 -1.292085e-02 6.597872e-04 9.999162e-01 9.294159e+01
9.999112e-01 1.641261e-03 -1.322195e-02 2.245070e+00 -1.623234e-03 9.999977e-01 1.373998e-03 -1.994584e+00 1.322426e-02 -1.352414e-03 9.999116e-01 9.415816e+01
9.999183e-01 -1.182795e-03 1.272531e-02 2.265902e+00 1.189766e-03 9.999991e-01 -5.402441e-04 -2.021297e+00 -1.272458e-02 5.553396e-04 9.999188e-01 9.549416e+01
9.999130e-01 1.660464e-03 -1.308428e-02 2.290821e+00 -1.642406e-03 9.999977e-01 1.390737e-03 -2.048085e+00 1.308664e-02 -1.369126e-03 9.999134e-01 9.682982e+01
9.999140e-01 -1.258836e-03 1.305406e-02 2.324428e+00 1.266402e-03 9.999990e-01 -5.713664e-04 -2.073550e+00 -1.305325e-02 5.878486e-04 9.999146e-01 9.807039e+01
9.999122e-01 1.606639e-03 -1.315132e-02 2.361595e+00 -1.589295e-03 9.999979e-01 1.329172e-03 -2.097491e+00 1.315351e-02 -1.308154e-03 9.999126e-01 9.920780e+01
9.999087e-01 -1.328877e-03 1.344413e-02 2.392348e+00 1.337746e-03 9.999989e-01 -6.507652e-04 -2.120877e+00 -1.344317e-02 6.686905e-04 9.999093e-01 1.003247e+02
9.999184e-01 1.585547e-03 -1.267652e-02 2.425365e+00 -1.569544e-03 9.999980e-01 1.272257e-03 -2.143974e+00 1.267859e-02 -1.252257e-03 9.999188e-01 1.014238e+02
9.999040e-01 -1.357271e-03 1.378588e-02 2.453783e+00 1.366587e-03 9.999988e-01 -6.663394e-04 -2.166864e+00 -1.378488e-02 6.851150e-04 9.999047e-01 1.025238e+02
9.999061e-01 1.700652e-03 -1.359694e-02 2.483308e+00 -1.681664e-03 9.999976e-01 1.407864e-03 -2.190729e+00 1.359938e-02 -1.384866e-03 9.999065e-01 1.036738e+02
9.998985e-01 -1.461008e-03 1.417409e-02 2.523362e+00 1.471500e-03 9.999987e-01 -7.298515e-04 -2.212976e+00 -1.417292e-02 7.506346e-04 9.998992e-01 1.047064e+02
9.999041e-01 1.745225e-03 -1.373835e-02 2.562779e+00 -1.725672e-03 9.999975e-01 1.434982e-03 -2.235862e+00 1.374090e-02 -1.411136e-03 9.999045e-01 1.057800e+02
9.999036e-01 -1.441825e-03 1.380571e-02 2.594837e+00 1.451860e-03 9.999987e-01 -7.169505e-04 -2.259272e+00 -1.380457e-02 7.369256e-04 9.999044e-01 1.068942e+02
9.999035e-01 1.709903e-03 -1.378199e-02 2.625544e+00 -1.691103e-03 9.999976e-01 1.375668e-03 -2.281748e+00 1.378439e-02 -1.352228e-03 9.999040e-01 1.079502e+02
9.999022e-01 -1.479815e-03 1.390816e-02 2.655276e+00 1.490252e-03 9.999986e-01 -7.400741e-04 -2.303753e+00 -1.390696e-02 7.607287e-04 9.999029e-01 1.089792e+02
9.998997e-01 1.783164e-03 -1.404678e-02 2.681038e+00 -1.763094e-03 9.999974e-01 1.441091e-03 -2.326527e+00 1.404940e-02 -1.416181e-03 9.999002e-01 1.100622e+02
9.999081e-01 -1.488571e-03 1.347072e-02 2.704429e+00 1.498806e-03 9.999986e-01 -7.497251e-04 -2.348946e+00 -1.346950e-02 7.698467e-04 9.999089e-01 1.111216e+02
9.998986e-01 1.776881e-03 -1.412874e-02 2.732470e+00 -1.756781e-03 9.999974e-01 1.434976e-03 -2.371324e+00 1.413134e-02 -1.410009e-03 9.998991e-01 1.121679e+02
9.999052e-01 -1.448476e-03 1.369079e-02 2.761159e+00 1.458160e-03 9.999987e-01 -6.973942e-04 -2.394876e+00 -1.368968e-02 7.172920e-04 9.999060e-01 1.132905e+02
9.998961e-01 1.788706e-03 -1.429888e-02 2.790839e+00 -1.768426e-03 9.999974e-01 1.430841e-03 -2.418342e+00 1.430149e-02 -1.405406e-03 9.998967e-01 1.144042e+02
9.999035e-01 -1.491230e-03 1.380957e-02 2.812266e+00 1.501593e-03 9.999986e-01 -7.401083e-04 -2.441115e+00 -1.380836e-02 7.607740e-04 9.999043e-01 1.154895e+02
9.998992e-01 1.764568e-03 -1.408847e-02 2.832890e+00 -1.745105e-03 9.999975e-01 1.393720e-03 -2.463185e+00 1.409098e-02 -1.368992e-03 9.998997e-01 1.165349e+02
9.999042e-01 -1.445835e-03 1.376389e-02 2.857576e+00 1.455208e-03 9.999987e-01 -6.709794e-04 -2.486487e+00 -1.376282e-02 6.909453e-04 9.999050e-01 1.176507e+02
9.998971e-01 1.846526e-03 -1.422133e-02 2.878861e+00 -1.826047e-03 9.999973e-01 1.452857e-03 -2.511116e+00 1.422406e-02 -1.426738e-03 9.998977e-01 1.188556e+02
9.999029e-01 -1.505209e-03 1.385103e-02 2.895837e+00 1.515556e-03 9.999986e-01 -7.365943e-04 -2.534849e+00 -1.384982e-02 7.575158e-04 9.999037e-01 1.200120e+02
9.998971e-01 1.820709e-03 -1.423097e-02 2.909868e+00 -1.800756e-03 9.999974e-01 1.414845e-03 -2.557775e+00 1.423359e-02 -1.389072e-03 9.998977e-01 1.211220e+02
9.999032e-01 -1.395176e-03 1.383866e-02 2.922562e+00 1.403865e-03 9.999988e-01 -6.182098e-04 -2.583423e+00 -1.383770e-02 6.375787e-04 9.999040e-01 1.224071e+02
9.998936e-01 1.863007e-03 -1.446720e-02 2.942555e+00 -1.842268e-03 9.999973e-01 1.446757e-03 -2.609580e+00 1.446994e-02 -1.419949e-03 9.998942e-01 1.237081e+02
9.999001e-01 -1.541907e-03 1.404760e-02 2.963372e+00 1.552296e-03 9.999985e-01 -7.287465e-04 -2.632630e+00 -1.404637e-02 7.504810e-04 9.999010e-01 1.248137e+02
9.998980e-01 1.809558e-03 -1.416437e-02 2.982915e+00 -1.790130e-03 9.999974e-01 1.384213e-03 -2.654329e+00 1.416691e-02 -1.358714e-03 9.998986e-01 1.258401e+02
9.998974e-01 -1.648303e-03 1.422505e-02 3.004005e+00 1.660153e-03 9.999983e-01 -8.212930e-04 -2.674009e+00 -1.422359e-02 8.448259e-04 9.998984e-01 1.267383e+02
9.998994e-01 1.830184e-03 -1.406167e-02 3.021738e+00 -1.810764e-03 9.999974e-01 1.393732e-03 -2.693928e+00 1.406426e-02 -1.368128e-03 9.999001e-01 1.276592e+02
9.999001e-01 -1.599603e-03 1.404594e-02 3.038926e+00 1.610540e-03 9.999984e-01 -7.674404e-04 -2.714960e+00 -1.404461e-02 7.899868e-04 9.999010e-01 1.286494e+02
9.998964e-01 1.824040e-03 -1.427864e-02 3.058161e+00 -1.804662e-03 9.999974e-01 1.369952e-03 -2.735986e+00 1.428118e-02 -1.344040e-03 9.998970e-01 1.296321e+02
9.998997e-01 -1.604479e-03 1.406950e-02 3.085326e+00 1.614987e-03 9.999984e-01 -7.356244e-04 -2.757060e+00 -1.406822e-02 7.582743e-04 9.999007e-01 1.306038e+02
9.998982e-01 1.845734e-03 -1.414506e-02 3.107680e+00 -1.826526e-03 9.999974e-01 1.370802e-03 -2.778413e+00 1.414764e-02 -1.344825e-03 9.998989e-01 1.316042e+02
9.999003e-01 -1.554264e-03 1.403090e-02 3.129372e+00 1.564141e-03 9.999985e-01 -6.930384e-04 -2.801438e+00 -1.402973e-02 7.149174e-04 9.999012e-01 1.327097e+02
9.999051e-01 1.894656e-03 -1.364724e-02 3.152419e+00 -1.876142e-03 9.999973e-01 1.369361e-03 -2.826511e+00 1.364988e-02 -1.343625e-03 9.999059e-01 1.339458e+02
9.998963e-01 -1.510315e-03 1.432066e-02 3.177421e+00 1.519628e-03 9.999986e-01 -6.395111e-04 -2.852950e+00 -1.431960e-02 6.612088e-04 9.998972e-01 1.352690e+02
9.999088e-01 1.852809e-03 -1.337719e-02 3.201927e+00 -1.835461e-03 9.999975e-01 1.309039e-03 -2.878569e+00 1.337967e-02 -1.284364e-03 9.999096e-01 1.365433e+02
9.998959e-01 -1.557978e-03 1.434281e-02 3.230227e+00 1.567987e-03 9.999985e-01 -6.867262e-04 -2.903660e+00 -1.434164e-02 7.091460e-04 9.998968e-01 1.377771e+02
9.999131e-01 1.738082e-03 -1.306612e-02 3.255476e+00 -1.723018e-03 9.999978e-01 1.164176e-03 -2.926295e+00 1.306820e-02 -1.141559e-03 9.999139e-01 1.388615e+02
9.999110e-01 -1.515798e-03 1.325113e-02 3.279196e+00 1.523652e-03 9.999987e-01 -5.827514e-04 -2.948759e+00 -1.325015e-02 6.028917e-04 9.999120e-01 1.399300e+02
9.999008e-01 1.861222e-03 -1.395687e-02 3.298611e+00 -1.843540e-03 9.999975e-01 1.279778e-03 -2.972936e+00 1.395930e-02 -1.253919e-03 9.999017e-01 1.411036e+02
9.998965e-01 -1.642534e-03 1.429267e-02 3.322303e+00 1.652958e-03 9.999984e-01 -7.176785e-04 -2.995531e+00 -1.429139e-02 7.412316e-04 9.998975e-01 1.421793e+02
9.999155e-01 1.745575e-03 -1.288108e-02 3.345555e+00 -1.731277e-03 9.999979e-01 1.121179e-03 -3.016452e+00 1.288309e-02 -1.098781e-03 9.999163e-01 1.431614e+02
9.999155e-01 -1.522699e-03 1.291138e-02 3.365372e+00 1.530022e-03 9.999987e-01 -5.573960e-04 -3.039094e+00 -1.291044e-02 5.771059e-04 9.999164e-01 1.442459e+02
9.999258e-01 1.720354e-03 -1.205679e-02 3.383980e+00 -1.708086e-03 9.999980e-01 1.027850e-03 -3.062069e+00 1.205862e-02 -1.007177e-03 9.999267e-01 1.453565e+02
9.999071e-01 -1.623789e-03 1.352861e-02 3.402916e+00 1.632583e-03 9.999985e-01 -6.390988e-04 -3.083321e+00 -1.352747e-02 6.611284e-04 9.999082e-01 1.463664e+02
9.998950e-01 1.920223e-03 -1.436046e-02 3.418977e+00 -1.902057e-03 9.999974e-01 1.278641e-03 -3.106402e+00 1.436296e-02 -1.251190e-03 9.998960e-01 1.474757e+02
9.998997e-01 -1.579321e-03 1.407522e-02 3.432804e+00 1.588235e-03 9.999985e-01 -6.222559e-04 -3.131466e+00 -1.407414e-02 6.445507e-04 9.999007e-01 1.487171e+02
9.999011e-01 1.878002e-03 -1.393529e-02 3.447325e+00 -1.861365e-03 9.999975e-01 1.206831e-03 -3.155965e+00 1.393760e-02 -1.180770e-03 9.999021e-01 1.499257e+02
9.999100e-01 -1.592033e-03 1.332132e-02 3.463938e+00 1.599861e-03 9.999986e-01 -5.771086e-04 -3.179356e+00 -1.332030e-02 5.983716e-04 9.999110e-01 1.510545e+02
9.999094e-01 1.803335e-03 -1.333783e-02 3.479468e+00 -1.788672e-03 9.999978e-01 1.111306e-03 -3.201502e+00 1.333989e-02 -1.087346e-03 9.999103e-01 1.521116e+02
9.999195e-01 -1.558350e-03 1.258945e-02 3.496869e+00 1.565104e-03 9.999986e-01 -5.267250e-04 -3.223992e+00 -1.258853e-02 5.463891e-04 9.999205e-01 1.531811e+02
9.999021e-01 1.844273e-03 -1.386637e-02 3.510005e+00 -1.828443e-03 9.999977e-01 1.154283e-03 -3.246683e+00 1.386855e-02 -1.128813e-03 9.999031e-01 1.542627e+02
9.999118e-01 -1.571912e-03 1.318653e-02 3.524639e+00 1.579087e-03 9.999986e-01 -5.337902e-04 -3.269669e+00 -1.318559e-02 5.545686e-04 9.999128e-01 1.553695e+02
9.998927e-01 1.969662e-03 -1.451752e-02 3.537458e+00 -1.951571e-03 9.999973e-01 1.260320e-03 -3.294890e+00 1.452004e-02 -1.231850e-03 9.998937e-01 1.566123e+02
9.999139e-01 -1.492838e-03 1.303512e-02 3.549233e+00 1.498841e-03 9.999988e-01 -4.508409e-04 -3.321795e+00 -1.303435e-02 4.703427e-04 9.999149e-01 1.579621e+02
9.998968e-01 1.908779e-03 -1.423484e-02 3.564661e+00 -1.891904e-03 9.999975e-01 1.198937e-03 -3.347297e+00 1.423717e-02 -1.171879e-03 9.998979e-01 1.592198e+02
9.999127e-01 -1.572160e-03 1.312045e-02 3.580814e+00 1.578949e-03 9.999986e-01 -5.072356e-04 -3.371270e+00 -1.311955e-02 5.279109e-04 9.999137e-01 1.603799e+02
9.998955e-01 1.953372e-03 -1.432204e-02 3.596248e+00 -1.935952e-03 9.999974e-01 1.230175e-03 -3.395994e+00 1.432448e-02 -1.202316e-03 9.998966e-01 1.615884e+02
9.999081e-01 -1.587575e-03 1.346172e-02 3.613341e+00 1.594556e-03 9.999986e-01 -5.080092e-04 -3.420879e+00 -1.346082e-02 5.294312e-04 9.999092e-01 1.628079e+02
9.999031e-01 1.915852e-03 -1.378680e-02 3.633738e+00 -1.899871e-03 9.999975e-01 1.172223e-03 -3.445138e+00 1.378909e-02 -1.145913e-03 9.999042e-01 1.639883e+02
9.999108e-01 -1.683907e-03 1.325140e-02 3.650586e+00 1.691797e-03 9.999984e-01 -5.843432e-04 -3.467130e+00 -1.325031e-02 6.067131e-04 9.999119e-01 1.650301e+02
9.998907e-01 1.911777e-03 -1.465671e-02 3.665394e+00 -1.894940e-03 9.999975e-01 1.162630e-03 -3.487984e+00 1.465898e-02 -1.134726e-03 9.998918e-01 1.659931e+02
9.999108e-01 -1.746582e-03 1.324331e-02 3.675114e+00 1.754521e-03 9.999983e-01 -5.880264e-04 -3.508183e+00 -1.324218e-02 6.112131e-04 9.999121e-01 1.669275e+02
9.998913e-01 2.063581e-03 -1.459580e-02 3.687984e+00 -2.045517e-03 9.999971e-01 1.252580e-03 -3.530874e+00 1.459843e-02 -1.222584e-03 9.998926e-01 1.680118e+02
9.999352e-01 -1.784650e-03 1.124044e-02 3.691335e+00 1.790815e-03 9.999983e-01 -5.385794e-04 -3.552687e+00 -1.123938e-02 5.586777e-04 9.999366e-01 1.690448e+02
9.999120e-01 2.032239e-03 -1.310929e-02 3.701981e+00 -2.016974e-03 9.999973e-01 1.177726e-03 -3.574139e+00 1.311172e-02 -1.151177e-03 9.999133e-01 1.700508e+02
9.999319e-01 -1.773241e-03 1.153034e-02 3.716037e+00 1.779743e-03 9.999983e-01 -5.538282e-04 -3.596156e+00 -1.152925e-02 5.743153e-04 9.999333e-01 1.710857e+02
9.999231e-01 1.943234e-03 -1.224696e-02 3.729740e+00 -1.930442e-03 9.999976e-01 1.056436e-03 -3.616863e+00 1.224906e-02 -1.032709e-03 9.999244e-01 1.720460e+02
9.999311e-01 -1.686883e-03 1.161292e-02 3.745252e+00 1.692035e-03 9.999985e-01 -4.339789e-04 -3.639215e+00 -1.161209e-02 4.536023e-04 9.999324e-01 1.731118e+02
9.999342e-01 1.851597e-03 -1.132188e-02 3.761417e+00 -1.840983e-03 9.999979e-01 9.480031e-04 -3.659808e+00 1.132369e-02 -9.270934e-04 9.999354e-01 1.740766e+02
9.999366e-01 -1.663700e-03 1.113926e-02 3.778146e+00 1.668010e-03 9.999985e-01 -3.778128e-04 -3.680574e+00 -1.113854e-02 3.963732e-04 9.999378e-01 1.750473e+02
9.999348e-01 1.950399e-03 -1.124845e-02 3.794642e+00 -1.938882e-03 9.999976e-01 1.034915e-03 -3.703477e+00 1.125052e-02 -1.013034e-03 9.999361e-01 1.761540e+02
9.999380e-01 -1.617504e-03 1.101633e-02 3.810772e+00 1.621278e-03 9.999986e-01 -3.338116e-04 -3.727576e+00 -1.101570e-02 3.516555e-04 9.999392e-01 1.773356e+02
9.999321e-01 1.981149e-03 -1.148483e-02 3.824050e+00 -1.969239e-03 9.999975e-01 1.048418e-03 -3.752081e+00 1.148695e-02 -1.025726e-03 9.999334e-01 1.785449e+02
9.999360e-01 -1.627529e-03 1.119330e-02 3.836697e+00 1.631352e-03 9.999986e-01 -3.326541e-04 -3.776426e+00 -1.119267e-02 3.508972e-04 9.999372e-01 1.797479e+02
9.999349e-01 1.954618e-03 -1.124304e-02 3.847085e+00 -1.943467e-03 9.999976e-01 1.002864e-03 -3.800345e+00 1.124505e-02 -9.809434e-04 9.999362e-01 1.809306e+02
9.999351e-01 -1.607416e-03 1.128035e-02 3.859758e+00 1.610946e-03 9.999987e-01 -3.040667e-04 -3.825142e+00 -1.127977e-02 3.222233e-04 9.999362e-01 1.821657e+02
9.999311e-01 2.050003e-03 -1.156069e-02 3.873279e+00 -2.037613e-03 9.999973e-01 1.083580e-03 -3.851727e+00 1.156296e-02 -1.059945e-03 9.999325e-01 1.835088e+02
9.999379e-01 -1.603937e-03 1.103067e-02 3.880087e+00 1.607215e-03 9.999987e-01 -2.884433e-04 -3.877947e+00 -1.103011e-02 3.061585e-04 9.999390e-01 1.848384e+02
9.999301e-01 2.053788e-03 -1.164259e-02 3.881862e+00 -2.041446e-03 9.999973e-01 1.072041e-03 -3.903723e+00 1.164484e-02 -1.048194e-03 9.999316e-01 1.861482e+02
9.999419e-01 -1.587350e-03 1.066165e-02 3.885397e+00 1.590256e-03 9.999987e-01 -2.642901e-04 -3.929979e+00 -1.066114e-02 2.812341e-04 9.999430e-01 1.874807e+02
9.999333e-01 2.025607e-03 -1.136537e-02 3.892288e+00 -2.013896e-03 9.999974e-01 1.041934e-03 -3.955669e+00 1.136753e-02 -1.018971e-03 9.999348e-01 1.887733e+02
9.999357e-01 -1.694355e-03 1.121152e-02 3.900088e+00 1.698361e-03 9.999985e-01 -3.480229e-04 -3.979217e+00 -1.121083e-02 3.670465e-04 9.999370e-01 1.899375e+02
9.999326e-01 2.036800e-03 -1.142458e-02 3.904201e+00 -2.025104e-03 9.999974e-01 1.035392e-03 -4.002829e+00 1.142674e-02 -1.012181e-03 9.999341e-01 1.911115e+02
9.999427e-01 -1.573074e-03 1.058765e-02 3.909616e+00 1.575492e-03 9.999987e-01 -2.203045e-04 -4.029020e+00 -1.058721e-02 2.369775e-04 9.999438e-01 1.924391e+02
9.999298e-01 2.137003e-03 -1.165073e-02 3.922418e+00 -2.123937e-03 9.999971e-01 1.133879e-03 -4.057231e+00 1.165320e-02 -1.109049e-03 9.999314e-01 1.938775e+02
9.999423e-01 -1.654268e-03 1.061137e-02 3.944356e+00 1.657284e-03 9.999986e-01 -2.756925e-04 -4.084090e+00 -1.061082e-02 2.932677e-04 9.999436e-01 1.952143e+02
9.999286e-01 2.133298e-03 -1.175286e-02 3.964956e+00 -2.120267e-03 9.999971e-01 1.121297e-03 -4.110654e+00 1.175530e-02 -1.096292e-03 9.999302e-01 1.965329e+02
9.999390e-01 -1.750718e-03 1.090760e-02 3.987417e+00 1.754690e-03 9.999984e-01 -3.547690e-04 -4.135515e+00 -1.090688e-02 3.738921e-04 9.999404e-01 1.977431e+02
9.999364e-01 2.104256e-03 -1.107814e-02 4.010740e+00 -2.092180e-03 9.999972e-01 1.101802e-03 -4.159504e+00 1.108051e-02 -1.078549e-03 9.999379e-01 1.989077e+02
9.999426e-01 -1.720065e-03 1.057112e-02 4.032926e+00 1.723568e-03 9.999985e-01 -3.224826e-04 -4.184283e+00 -1.057047e-02 3.406895e-04 9.999440e-01 2.001203e+02
9.999302e-01 2.180110e-03 -1.161093e-02 4.064447e+00 -2.166519e-03 9.999970e-01 1.183240e-03 -4.210384e+00 1.161356e-02 -1.157997e-03 9.999318e-01 2.013935e+02
9.999458e-01 -1.718145e-03 1.027062e-02 4.101586e+00 1.721243e-03 9.999985e-01 -2.930989e-04 -4.236475e+00 -1.027002e-02 3.107668e-04 9.999471e-01 2.026530e+02
9.999337e-01 2.214643e-03 -1.129821e-02 4.147021e+00 -2.200822e-03 9.999968e-01 1.235828e-03 -4.263104e+00 1.130099e-02 -1.210875e-03 9.999353e-01 2.039353e+02
9.999439e-01 -1.792670e-03 1.043373e-02 4.224743e+00 1.796229e-03 9.999983e-01 -3.319618e-04 -4.288749e+00 -1.043304e-02 3.506903e-04 9.999454e-01 2.051044e+02
9.999318e-01 2.249326e-03 -1.145809e-02 4.310338e+00 -2.235212e-03 9.999967e-01 1.244721e-03 -4.315114e+00 1.146093e-02 -1.219019e-03 9.999335e-01 2.063041e+02
9.999406e-01 -1.833847e-03 1.073915e-02 4.414686e+00 1.837311e-03 9.999983e-01 -3.129863e-04 -4.341026e+00 -1.073848e-02 3.327048e-04 9.999422e-01 2.074499e+02
9.999332e-01 2.226588e-03 -1.134238e-02 4.490230e+00 -2.213411e-03 9.999969e-01 1.174423e-03 -4.365733e+00 1.134504e-02 -1.149233e-03 9.999349e-01 2.085674e+02
9.999372e-01 -1.846242e-03 1.104803e-02 4.531169e+00 1.850319e-03 9.999982e-01 -3.590322e-04 -4.390926e+00 -1.104727e-02 3.794582e-04 9.999388e-01 2.097746e+02
9.999317e-01 2.307340e-03 -1.145772e-02 4.583256e+00 -2.292756e-03 9.999965e-01 1.286106e-03 -4.417248e+00 1.146073e-02 -1.259742e-03 9.999334e-01 2.110338e+02
9.999330e-01 -1.943917e-03 1.141297e-02 4.635046e+00 1.949253e-03 9.999980e-01 -4.566492e-04 -4.442081e+00 -1.141198e-02 4.788716e-04 9.999347e-01 2.122024e+02
9.999308e-01 2.330185e-03 -1.152576e-02 4.685683e+00 -2.315511e-03 9.999965e-01 1.286585e-03 -4.467491e+00 1.152880e-02 -1.259802e-03 9.999327e-01 2.134092e+02
9.999001e-01 -2.155433e-03 1.396770e-02 4.782022e+00 2.165371e-03 9.999974e-01 -6.966206e-04 -4.489270e+00 -1.396609e-02 7.268027e-04 9.999021e-01 2.143163e+02
9.999457e-01 2.375919e-03 -1.014082e-02 5.041463e+00 -2.362361e-03 9.999963e-01 1.349012e-03 -4.513724e+00 1.014407e-02 -1.324976e-03 9.999476e-01 2.151283e+02
9.999486e-01 -1.854623e-03 9.966903e-03 5.199093e+00 1.857382e-03 9.999982e-01 -2.678350e-04 -4.542618e+00 -9.966310e-03 2.863402e-04 9.999502e-01 2.163852e+02
9.999444e-01 2.487612e-03 -1.024164e-02 5.267725e+00 -2.473457e-03 9.999960e-01 1.394825e-03 -4.572470e+00 1.024515e-02 -1.369409e-03 9.999465e-01 2.178427e+02
9.999465e-01 -1.938181e-03 1.015951e-02 5.377376e+00 1.941568e-03 9.999981e-01 -3.238668e-04 -4.601705e+00 -1.015878e-02 3.435817e-04 9.999483e-01 2.191953e+02
9.999425e-01 2.490870e-03 -1.042924e-02 5.550428e+00 -2.475785e-03 9.999959e-01 1.459386e-03 -4.631562e+00 1.043292e-02 -1.433474e-03 9.999445e-01 2.204844e+02
9.999595e-01 -1.893736e-03 8.801033e-03 5.858532e+00 1.894994e-03 9.999982e-01 -1.349779e-04 -4.664646e+00 -8.800683e-03 1.516574e-04 9.999612e-01 2.217660e+02
9.998631e-01 2.463549e-03 -1.635988e-02 6.270005e+00 -2.433756e-03 9.999953e-01 1.840938e-03 -4.699324e+00 1.636442e-02 -1.800863e-03 9.998644e-01 2.230093e+02
9.999553e-01 -2.047078e-03 9.229246e-03 6.680386e+00 2.050226e-03 9.999978e-01 -3.319847e-04 -4.730432e+00 -9.228469e-03 3.508993e-04 9.999573e-01 2.240252e+02
9.998696e-01 2.582138e-03 -1.594289e-02 7.098282e+00 -2.551200e-03 9.999948e-01 1.960779e-03 -4.764140e+00 1.594795e-02 -1.919842e-03 9.998709e-01 2.251985e+02
9.999391e-01 -1.832568e-03 1.087727e-02 7.422941e+00 1.836916e-03 9.999982e-01 -3.901395e-04 -4.801606e+00 -1.087646e-02 4.101041e-04 9.999407e-01 2.267269e+02
9.998571e-01 2.642796e-03 -1.669755e-02 7.801948e+00 -2.607290e-03 9.999943e-01 2.148065e-03 -4.841263e+00 1.670321e-02 -2.104215e-03 9.998582e-01 2.283128e+02
9.999099e-01 -1.711925e-03 1.331082e-02 8.099689e+00 1.719127e-03 9.999984e-01 -5.298831e-04 -4.881611e+00 -1.330982e-02 5.527265e-04 9.999112e-01 2.300596e+02
9.997792e-01 2.510818e-03 -2.085952e-02 8.444351e+00 -2.462128e-03 9.999942e-01 2.359698e-03 -4.920150e+00 2.086540e-02 -2.307810e-03 9.997795e-01 2.316464e+02
9.999172e-01 -1.725854e-03 1.274857e-02 8.895698e+00 1.731934e-03 9.999984e-01 -4.661987e-04 -4.960653e+00 -1.274767e-02 4.882482e-04 9.999185e-01 2.331823e+02
9.997917e-01 2.520808e-03 -2.025327e-02 9.270948e+00 -2.474192e-03 9.999942e-01 2.326605e-03 -4.999850e+00 2.025909e-02 -2.276001e-03 9.997921e-01 2.347702e+02
9.999331e-01 -1.744857e-03 1.143294e-02 9.667738e+00 1.749759e-03 9.999984e-01 -4.191468e-04 -5.040006e+00 -1.143212e-02 4.391325e-04 9.999345e-01 2.363821e+02
9.998459e-01 2.505855e-03 -1.737473e-02 1.000603e+01 -2.469793e-03 9.999948e-01 2.096959e-03 -5.077897e+00 1.737997e-02 -2.053715e-03 9.998468e-01 2.379275e+02
9.998829e-01 -1.769746e-03 1.519771e-02 1.021500e+01 1.781309e-03 9.999981e-01 -7.475791e-04 -5.112244e+00 -1.519628e-02 7.745726e-04 9.998841e-01 2.394423e+02
9.997855e-01 2.509181e-03 -2.055681e-02 1.052467e+01 -2.460644e-03 9.999941e-01 2.386245e-03 -5.148675e+00 2.056275e-02 -2.335141e-03 9.997858e-01 2.409505e+02
9.998949e-01 -1.852433e-03 1.437771e-02 1.086201e+01 1.863272e-03 9.999980e-01 -7.407768e-04 -5.184477e+00 -1.437624e-02 7.674981e-04 9.998963e-01 2.423800e+02
9.998158e-01 2.568022e-03 -1.902101e-02 1.113894e+01 -2.526091e-03 9.999943e-01 2.228379e-03 -5.219885e+00 1.902670e-02 -2.179910e-03 9.998165e-01 2.438565e+02
9.998708e-01 -1.845272e-03 1.596729e-02 1.144928e+01 1.855979e-03 9.999981e-01 -6.560001e-04 -5.255927e+00 -1.596598e-02 6.855601e-04 9.998722e-01 2.453341e+02
9.996986e-01 2.551742e-03 -2.441762e-02 1.188794e+01 -2.488967e-03 9.999935e-01 2.601119e-03 -5.294044e+00 2.442417e-02 -2.539550e-03 9.996984e-01 2.467685e+02
9.998809e-01 -1.794436e-03 1.532621e-02 1.225784e+01 1.806266e-03 9.999981e-01 -7.583287e-04 -5.333122e+00 -1.532475e-02 7.859319e-04 9.998822e-01 2.483468e+02
9.996319e-01 2.612678e-03 -2.700348e-02 1.259010e+01 -2.542930e-03 9.999933e-01 2.617086e-03 -5.368691e+00 2.701021e-02 -2.547444e-03 9.996318e-01 2.497926e+02
9.999234e-01 -1.553472e-03 -1.227553e-02 1.311342e+01 1.570387e-03 9.999978e-01 1.368740e-03 -5.400300e+00 1.227345e-02 -1.387901e-03 9.999236e-01 2.509450e+02
9.999934e-01 2.383945e-03 -2.720585e-03 1.360748e+01 -2.381967e-03 9.999969e-01 7.318141e-04 -5.438403e+00 2.722387e-03 -7.253177e-04 9.999959e-01 2.523033e+02
9.998715e-01 -1.392234e-03 -1.597115e-02 1.414092e+01 1.417616e-03 9.999977e-01 1.578293e-03 -5.476662e+00 1.596898e-02 -1.600720e-03 9.998711e-01 2.536522e+02
9.999957e-01 2.371823e-03 -1.708552e-03 1.471143e+01 -2.370513e-03 9.999969e-01 7.707223e-04 -5.517500e+00 1.710439e-03 -7.666571e-04 9.999982e-01 2.550673e+02
9.999493e-01 -1.526469e-03 -9.949209e-03 1.525303e+01 1.540766e-03 9.999978e-01 1.429984e-03 -5.561035e+00 9.947068e-03 -1.445230e-03 9.999494e-01 2.566708e+02
9.999965e-01 2.405073e-03 -1.063933e-03 1.581562e+01 -2.404141e-03 9.999967e-01 8.797844e-04 -5.605369e+00 1.066108e-03 -8.772113e-04 9.999990e-01 2.582996e+02
9.998944e-01 -1.469325e-03 -1.445882e-02 1.637814e+01 1.489525e-03 9.999979e-01 1.386712e-03 -5.646121e+00 1.445682e-02 -1.408090e-03 9.998944e-01 2.597247e+02
9.999935e-01 2.185059e-03 2.858046e-03 1.684449e+01 -2.186601e-03 9.999975e-01 5.351761e-04 -5.684429e+00 -2.856809e-03 -5.414092e-04 9.999957e-01 2.611103e+02
9.997877e-01 -1.129674e-03 -2.057452e-02 1.753128e+01 1.168871e-03 9.999975e-01 1.893384e-03 -5.723486e+00 2.057239e-02 -1.917018e-03 9.997864e-01 2.622876e+02
9.999745e-01 2.568754e-03 -6.664121e-03 1.849804e+01 -2.560201e-03 9.999959e-01 1.292251e-03 -5.764288e+00 6.667470e-03 -1.275143e-03 9.999769e-01 2.632322e+02
9.997048e-01 -1.021212e-03 -2.427483e-02 1.944256e+01 1.068576e-03 9.999975e-01 1.938452e-03 -5.801379e+00 2.427285e-02 -1.963805e-03 9.997034e-01 2.640386e+02
9.998640e-01 2.555572e-03 -1.628915e-02 2.030487e+01 -2.525737e-03 9.999951e-01 1.852133e-03 -5.832525e+00 1.629385e-02 -1.810725e-03 9.998655e-01 2.647124e+02
9.996440e-01 -9.808131e-04 -2.666413e-02 2.119198e+01 1.036417e-03 9.999973e-01 2.071734e-03 -5.864209e+00 2.666208e-02 -2.098617e-03 9.996422e-01 2.654113e+02
9.999725e-01 2.542994e-03 -6.962117e-03 2.217546e+01 -2.532863e-03 9.999957e-01 1.464145e-03 -5.900979e+00 6.965854e-03 -1.446455e-03 9.999746e-01 2.661902e+02
9.998087e-01 -9.323548e-04 -1.953643e-02 2.328172e+01 9.678810e-04 9.999979e-01 1.809257e-03 -5.944653e+00 1.953474e-02 -1.827805e-03 9.998074e-01 2.671024e+02
9.999705e-01 2.567043e-03 -7.236660e-03 2.441606e+01 -2.555783e-03 9.999955e-01 1.565199e-03 -5.989505e+00 7.240684e-03 -1.546642e-03 9.999725e-01 2.680403e+02
