9.999991e-01 -2.036048e-05 -1.308479e-03 5.513100e-02 1.991893e-05 9.999999e-01 -3.374797e-04 -6.410464e-03 1.308485e-03 3.374538e-04 9.999990e-01 2.507667e-01
9.999851e-01 1.796097e-05 -5.462837e-03 1.099114e-01 -1.768692e-05 1.000000e+00 5.021022e-05 -1.877553e-02 5.462837e-03 -5.011244e-05 9.999850e-01 8.144548e-01
9.999998e-01 -3.882338e-05 6.770413e-04 1.687143e-01 3.909901e-05 9.999999e-01 -4.070732e-04 -2.882416e-02 -6.770267e-04 4.071000e-04 9.999996e-01 1.263446e+00
9.999958e-01 -3.899012e-07 -2.889564e-03 2.296516e-01 5.741813e-07 1.000000e+00 6.376656e-05 -3.613499e-02 2.889562e-03 -6.376761e-05 9.999957e-01 1.566058e+00
9.999990e-01 -5.216527e-05 1.388185e-03 2.904916e-01 5.277336e-05 9.999999e-01 -4.380017e-04 -4.250258e-02 -1.388164e-03 4.380749e-04 9.999988e-01 1.819100e+00
9.999983e-01 -1.211770e-05 -1.858323e-03 3.502027e-01 1.218594e-05 1.000000e+00 3.669667e-05 -4.758777e-02 1.858321e-03 -3.671898e-05 9.999982e-01 1.999159e+00
9.999999e-01 -4.345002e-05 4.824527e-04 4.110604e-01 4.361318e-05 9.999999e-01 -3.381433e-04 -5.414596e-02 -4.824397e-04 3.381646e-04 9.999997e-01 2.258192e+00
9.999930e-01 4.400261e-06 -3.732762e-03 4.729431e-01 -4.244221e-06 1.000000e+00 4.180542e-05 -6.274095e-02 3.732760e-03 -4.178908e-05 9.999929e-01 2.627419e+00
9.999990e-01 -5.141418e-05 1.400964e-03 5.349427e-01 5.192844e-05 9.999999e-01 -3.670263e-04 -7.022249e-02 -1.400947e-03 3.670989e-04 9.999989e-01 2.939309e+00
9.999961e-01 -9.559753e-06 -2.788011e-03 5.973293e-01 9.591174e-06 1.000000e+00 1.124940e-05 -7.652732e-02 2.788008e-03 -1.127596e-05 9.999960e-01 3.187020e+00
9.999988e-01 -5.177282e-05 1.572785e-03 6.583841e-01 5.238293e-05 9.999999e-01 -3.878625e-04 -8.260464e-02 -1.572767e-03 3.879445e-04 9.999986e-01 3.423090e+00
9.999994e-01 1.487885e-06 -1.084527e-03 7.110942e-01 -1.608816e-06 1.000000e+00 -1.115226e-04 -8.554645e-02 1.084524e-03 1.115243e-04 9.999993e-01 3.484892e+00
9.999983e-01 -1.338223e-06 1.824813e-03 7.440549e-01 2.223027e-06 9.999999e-01 -4.848619e-04 -8.646781e-02 -1.824814e-03 4.848652e-04 9.999981e-01 3.445919e+00
9.999992e-01 -1.903387e-05 -1.266278e-03 7.892876e-01 1.901190e-05 1.000000e+00 -1.737954e-05 -8.863563e-02 1.266276e-03 1.735540e-05 9.999991e-01 3.465643e+00
9.999993e-01 -1.379084e-05 1.201947e-03 8.488868e-01 1.430071e-05 9.999999e-01 -4.241854e-04 -9.258517e-02 -1.201944e-03 4.242022e-04 9.999991e-01 3.573199e+00
9.999976e-01 -5.128481e-05 -2.199369e-03 9.078358e-01 5.153542e-05 1.000000e+00 1.138844e-04 -9.861832e-02 2.199361e-03 -1.139976e-04 9.999975e-01 3.807140e+00
9.999965e-01 1.881668e-05 2.646382e-03 9.107867e-01 -1.644812e-05 9.999996e-01 -8.950299e-04 -9.747709e-02 -2.646400e-03 8.949830e-04 9.999960e-01 3.688682e+00
9.999986e-01 3.835349e-06 -1.697046e-03 8.796431e-01 -3.776481e-06 1.000000e+00 3.468324e-05 -9.410576e-02 1.697043e-03 -3.467708e-05 9.999985e-01 3.484300e+00
9.999963e-01 -3.643619e-05 2.718730e-03 8.962486e-01 3.837696e-05 9.999997e-01 -7.137980e-04 -9.426670e-02 -2.718706e-03 7.138993e-04 9.999959e-01 3.422120e+00
9.999958e-01 -2.682023e-05 -2.891190e-03 9.557722e-01 2.774918e-05 9.999999e-01 3.212612e-04 -9.901946e-02 2.891179e-03 -3.213405e-04 9.999957e-01 3.573821e+00
9.999978e-01 -5.436929e-07 -2.092424e-03 1.016970e+00 -4.997243e-07 9.999999e-01 -4.986703e-04 -1.099539e-01 2.092421e-03 4.986698e-04 9.999976e-01 4.065114e+00
9.999905e-01 -1.533114e-05 -4.363851e-03 1.079026e+00 1.674507e-05 9.999999e-01 3.239711e-04 -1.225032e-01 4.363842e-03 -3.240416e-04 9.999903e-01 4.646282e+00
9.999967e-01 3.890504e-05 2.587813e-03 1.132919e+00 -3.688136e-05 9.999997e-01 -7.820452e-04 -1.284790e-01 -2.587846e-03 7.819466e-04 9.999962e-01 4.889536e+00
9.999908e-01 -6.217845e-05 -4.296191e-03 1.189189e+00 6.456477e-05 9.999998e-01 5.553123e-04 -1.354844e-01 4.296152e-03 -5.555851e-04 9.999905e-01 5.173556e+00
9.999966e-01 1.189005e-04 2.587425e-03 1.242761e+00 -1.162303e-04 9.999995e-01 -1.032142e-03 -1.411099e-01 -2.587551e-03 1.031837e-03 9.999960e-01 5.388617e+00
9.999959e-01 -3.246994e-05 -2.848034e-03 1.268638e+00 3.419506e-05 9.999998e-01 6.056752e-04 -1.439100e-01 2.848009e-03 -6.057708e-04 9.999957e-01 5.465933e+00
9.999987e-01 2.557143e-08 -1.583766e-03 1.336166e+00 -1.189929e-06 9.999997e-01 -7.351864e-04 -1.542715e-01 1.583761e-03 7.351867e-04 9.999984e-01 5.935932e+00
9.999989e-01 -6.036077e-05 -1.481336e-03 1.401843e+00 6.136782e-05 9.999998e-01 6.797874e-04 -1.634072e-01 1.481290e-03 -6.798782e-04 9.999986e-01 6.337037e+00
9.999892e-01 4.123866e-05 -4.647751e-03 1.471910e+00 -4.448816e-05 9.999998e-01 -6.990549e-04 -1.761675e-01 4.647716e-03 6.992535e-04 9.999889e-01 6.931500e+00
9.999845e-01 -2.617137e-05 -5.571710e-03 1.541544e+00 2.968208e-05 9.999998e-01 6.300142e-04 -1.930924e-01 5.571686e-03 -6.301705e-04 9.999842e-01 7.747475e+00
9.999990e-01 4.794128e-06 1.425737e-03 1.608405e+00 -3.764036e-06 9.999997e-01 -7.225008e-04 -2.032305e-01 -1.425747e-03 7.224941e-04 9.999986e-01 8.205354e+00
9.999845e-01 -3.551543e-05 -5.568911e-03 1.674388e+00 3.936488e-05 9.999998e-01 6.911325e-04 -2.136152e-01 5.568878e-03 -6.913416e-04 9.999842e-01 8.675072e+00
9.999957e-01 -5.035711e-06 2.915654e-03 1.737920e+00 7.419806e-06 9.999997e-01 -8.176788e-04 -2.220034e-01 -2.915657e-03 8.176963e-04 9.999953e-01 9.036343e+00
9.999895e-01 -4.230311e-05 -4.573731e-03 1.799723e+00 4.483893e-05 9.999998e-01 5.543309e-04 -2.287579e-01 4.573699e-03 -5.545308e-04 9.999893e-01 9.310862e+00
9.999996e-01 2.091175e-05 9.263230e-04 1.861922e+00 -2.025058e-05 9.999997e-01 -7.137633e-04 -2.383119e-01 -9.263457e-04 7.137436e-04 9.999992e-01 9.733944e+00
9.999729e-01 -2.353717e-05 -7.364413e-03 1.928047e+00 2.832284e-05 9.999998e-01 6.497351e-04 -2.512498e-01 7.364388e-03 -6.499267e-04 9.999726e-01 1.033437e+01
9.999998e-01 6.753422e-05 6.039699e-04 1.997083e+00 -6.709977e-05 9.999997e-01 -7.193411e-04 -2.645159e-01 -6.040276e-04 7.192997e-04 9.999995e-01 1.095614e+01
9.999931e-01 -2.818337e-05 -3.720796e-03 2.058768e+00 2.986602e-05 9.999999e-01 4.521784e-04 -2.725604e-01 3.720773e-03 -4.522871e-04 9.999929e-01 1.130333e+01
9.999941e-01 2.172230e-04 3.432949e-03 2.059924e+00 -2.134482e-04 9.999994e-01 -1.099931e-03 -2.719356e-01 -3.433195e-03 1.099191e-03 9.999934e-01 1.120759e+01
9.999827e-01 -1.489472e-04 -5.884581e-03 2.110194e+00 1.540107e-04 9.999996e-01 8.600307e-04 -2.794368e-01 5.884441e-03 -8.609229e-04 9.999822e-01 1.151579e+01
9.999996e-01 1.388872e-04 9.229208e-04 2.178731e+00 -1.379279e-04 9.999995e-01 -1.039472e-03 -2.903383e-01 -9.230750e-04 1.039344e-03 9.999989e-01 1.201064e+01
9.999968e-01 -1.488501e-04 -2.534929e-03 2.239273e+00 1.505822e-04 9.999998e-01 6.831059e-04 -2.966258e-01 2.534817e-03 -6.834863e-04 9.999965e-01 1.225767e+01
9.999997e-01 1.369595e-04 8.241189e-04 2.296213e+00 -1.361954e-04 9.999996e-01 -9.272667e-04 -3.034833e-01 -8.242562e-04 9.271532e-04 9.999991e-01 1.253679e+01
9.999910e-01 -1.421560e-04 -4.242906e-03 2.359821e+00 1.453694e-04 9.999997e-01 7.570587e-04 -3.127001e-01 4.242786e-03 -7.576695e-04 9.999906e-01 1.293876e+01
9.999914e-01 1.848770e-04 4.153757e-03 2.316789e+00 -1.777531e-04 9.999985e-01 -1.715366e-03 -3.086781e-01 -4.154079e-03 1.714612e-03 9.999898e-01 1.270308e+01
9.999943e-01 -1.097429e-05 -3.388763e-03 2.126606e+00 1.160190e-05 1.000000e+00 1.851990e-04 -2.936016e-01 3.388750e-03 -1.852384e-04 9.999941e-01 1.201381e+01
9.999934e-01 2.257061e-04 3.637919e-03 2.067447e+00 -2.218995e-04 9.999994e-01 -1.046755e-03 -2.889766e-01 -3.638164e-03 1.045939e-03 9.999927e-01 1.176015e+01
9.999938e-01 -1.723691e-05 -3.512258e-03 1.980753e+00 1.724506e-05 1.000000e+00 2.306505e-06 -2.818863e-01 3.512247e-03 -2.368416e-06 9.999937e-01 1.139077e+01
9.999981e-01 3.498628e-04 1.903264e-03 1.958368e+00 -3.488284e-04 9.999998e-01 -5.438200e-04 -2.823846e-01 -1.903465e-03 5.431537e-04 9.999979e-01 1.139248e+01
9.999904e-01 -1.639667e-04 -4.388327e-03 1.970970e+00 1.642337e-04 1.000000e+00 6.049969e-05 -2.866869e-01 4.388306e-03 -6.122127e-05 9.999903e-01 1.157345e+01
9.999970e-01 2.193231e-04 2.455497e-03 2.012660e+00 -2.183897e-04 9.999999e-01 -3.804287e-04 -2.932275e-01 -2.455592e-03 3.798898e-04 9.999968e-01 1.184128e+01
9.999693e-01 -2.292918e-04 -7.834079e-03 2.071678e+00 2.306585e-04 1.000000e+00 1.735685e-04 -3.044032e-01 7.834027e-03 -1.753717e-04 9.999692e-01 1.234304e+01
9.999997e-01 2.610265e-04 -7.613535e-04 2.123045e+00 -2.613262e-04 9.999999e-01 -3.933765e-04 -3.190152e-01 7.612378e-04 3.935738e-04 9.999995e-01 1.302287e+01
9.999116e-01 -1.536538e-04 -1.329234e-02 2.162520e+00 1.567906e-04 1.000000e+00 2.349531e-04 -3.397696e-01 1.329229e-02 -2.370180e-04 9.999115e-01 1.402074e+01
9.999999e-01 2.464839e-04 2.043140e-04 2.208442e+00 -2.463641e-04 9.999998e-01 -5.865890e-04 -3.589303e-01 -2.044742e-04 5.865370e-04 9.999997e-01 1.494913e+01
9.999556e-01 -2.059527e-04 -9.420709e-03 2.256951e+00 2.088713e-04 9.999999e-01 3.088363e-04 -3.740157e-01 9.420628e-03 -3.107920e-04 9.999555e-01 1.565236e+01
9.999960e-01 3.125781e-04 -2.805997e-03 2.301635e+00 -3.141498e-04 9.999998e-01 -5.596371e-04 -3.924881e-01 2.805803e-03 5.605148e-04 9.999958e-01 1.653204e+01
9.998857e-01 -1.193372e-04 -1.511646e-02 2.338680e+00 1.253414e-04 9.999999e-01 3.962599e-04 -4.175279e-01 1.511639e-02 -3.981110e-04 9.998856e-01 1.775256e+01
9.999998e-01 2.770854e-04 -6.367580e-04 2.383013e+00 -2.775782e-04 9.999997e-01 -7.736976e-04 -4.396112e-01 6.365224e-04 7.738725e-04 9.999994e-01 1.883384e+01
9.999621e-01 -2.258784e-04 -8.702361e-03 2.429419e+00 2.301804e-04 9.999999e-01 4.933656e-04 -4.548211e-01 8.702226e-03 -4.953518e-04 9.999619e-01 1.954116e+01
9.999960e-01 3.092290e-04 -2.825874e-03 2.475332e+00 -3.114649e-04 9.999996e-01 -7.907877e-04 -4.723891e-01 2.825606e-03 7.916629e-04 9.999956e-01 2.037600e+01
9.999820e-01 -2.792747e-04 -5.997551e-03 2.529352e+00 2.820141e-04 9.999999e-01 4.559488e-04 -4.868843e-01 5.997399e-03 -4.576337e-04 9.999818e-01 2.105469e+01
9.999990e-01 3.037886e-04 -1.407324e-03 2.587895e+00 -3.048291e-04 9.999997e-01 -7.390187e-04 -5.000144e-01 1.407075e-03 7.394452e-04 9.999986e-01 2.165916e+01
9.999833e-01 -2.822831e-04 -5.764410e-03 2.644520e+00 2.850054e-04 9.999998e-01 4.714793e-04 -5.129434e-01 5.764251e-03 -4.731161e-04 9.999832e-01 2.225030e+01
9.999970e-01 3.041022e-04 -2.445205e-03 2.702107e+00 -3.058671e-04 9.999997e-01 -7.213396e-04 -5.269767e-01 2.444959e-03 7.220834e-04 9.999967e-01 2.290087e+01
9.999845e-01 -2.883030e-04 -5.552970e-03 2.760691e+00 2.909219e-04 9.999998e-01 4.708622e-04 -5.408293e-01 5.552807e-03 -4.724723e-04 9.999844e-01 2.354516e+01
9.999978e-01 3.198714e-04 -2.063104e-03 2.819401e+00 -3.213439e-04 9.999997e-01 -7.133147e-04 -5.543212e-01 2.062848e-03 7.139742e-04 9.999975e-01 2.416616e+01
9.999755e-01 -2.727209e-04 -6.989900e-03 2.880430e+00 2.763321e-04 9.999998e-01 5.157166e-04 -5.694697e-01 6.989730e-03 -5.176375e-04 9.999753e-01 2.487350e+01
9.999995e-01 3.181633e-04 -9.240403e-04 2.942795e+00 -3.188467e-04 9.999997e-01 -7.392159e-04 -5.833839e-01 9.237755e-04 7.395082e-04 9.999992e-01 2.552037e+01
9.999869e-01 -2.893523e-04 -5.101124e-03 3.006511e+00 2.920377e-04 9.999998e-01 5.257346e-04 -5.953155e-01 5.100941e-03 -5.272195e-04 9.999868e-01 2.606415e+01
9.999991e-01 3.207707e-04 -1.280700e-03 3.072991e+00 -3.216140e-04 9.999997e-01 -6.581131e-04 -6.079500e-01 1.280458e-03 6.585224e-04 9.999989e-01 2.664702e+01
1.000000e+00 -2.479382e-04 7.715073e-05 3.099060e+00 2.479435e-04 1.000000e+00 -7.203802e-05 -6.098005e-01 -7.716345e-05 7.205510e-05 9.999999e-01 2.666415e+01
9.999999e-01 4.234453e-04 1.508108e-04 2.778393e+00 -4.231612e-04 9.999981e-01 -1.880872e-03 -5.852106e-01 -1.516375e-04 1.880806e-03 9.999981e-01 2.559835e+01
9.999993e-01 -1.491561e-04 1.147738e-03 2.628299e+00 1.483746e-04 9.999998e-01 6.806495e-04 -5.746220e-01 -1.147869e-03 -6.804811e-04 9.999990e-01 2.512555e+01
9.999997e-01 7.396987e-05 -7.443625e-04 2.572284e+00 -7.522556e-05 9.999986e-01 -1.686596e-03 -5.692413e-01 7.442062e-04 1.686649e-03 9.999982e-01 2.482888e+01
9.999993e-01 5.097179e-05 1.139216e-03 2.329846e+00 -5.100855e-05 1.000000e+00 3.188962e-05 -5.506516e-01 -1.139244e-03 -3.195034e-05 9.999993e-01 2.401300e+01
9.999996e-01 9.442040e-05 -9.038120e-04 1.981695e+00 -9.632042e-05 9.999978e-01 -2.101991e-03 -5.242322e-01 9.035812e-04 2.102074e-03 9.999973e-01 2.287142e+01
9.999995e-01 1.872537e-04 1.028672e-03 1.513080e+00 -1.868497e-04 9.999999e-01 -3.932097e-04 -4.891901e-01 -1.028776e-03 3.930142e-04 9.999993e-01 2.139157e+01
9.999996e-01 1.647572e-04 -9.093208e-04 9.971040e-01 -1.668129e-04 9.999974e-01 -2.260600e-03 -4.508268e-01 9.089157e-04 2.260747e-03 9.999969e-01 1.978658e+01
9.999994e-01 1.607960e-04 1.083466e-03 5.296487e-01 -1.605692e-04 1.000000e+00 -2.099688e-04 -4.160458e-01 -1.083530e-03 2.097912e-04 9.999993e-01 1.832740e+01
9.999995e-01 1.443609e-04 -9.529198e-04 6.254448e-02 -1.465245e-04 9.999974e-01 -2.270219e-03 -3.811278e-01 9.525594e-04 2.270354e-03 9.999969e-01 1.685620e+01
9.999994e-01 1.488581e-04 1.125077e-03 -3.741957e-01 -1.487530e-04 1.000000e+00 -9.406024e-05 -3.484403e-01 -1.125121e-03 9.388874e-05 9.999993e-01 1.547627e+01
9.999995e-01 1.254219e-04 -1.035622e-03 -8.469951e-01 -1.279344e-04 9.999970e-01 -2.425772e-03 -3.129425e-01 1.035285e-03 2.425899e-03 9.999964e-01 1.397313e+01
9.999994e-01 2.024798e-04 1.109565e-03 -1.335014e+00 -2.023281e-04 1.000000e+00 -1.374522e-04 -2.762727e-01 -1.109623e-03 1.372230e-04 9.999993e-01 1.242686e+01
9.999994e-01 1.023328e-04 -1.124140e-03 -1.871896e+00 -1.052832e-04 9.999966e-01 -2.624177e-03 -2.360699e-01 1.123837e-03 2.624289e-03 9.999958e-01 1.073233e+01
9.999992e-01 2.846514e-04 1.213396e-03 -2.387779e+00 -2.846350e-04 1.000000e+00 -1.428893e-05 -1.977376e-01 -1.213431e-03 1.393843e-05 9.999992e-01 9.133815e+00
9.999996e-01 1.718607e-05 -9.451996e-04 -2.780629e+00 -1.923423e-05 9.999977e-01 -2.166118e-03 -1.683437e-01 9.451300e-04 2.166130e-03 9.999971e-01 7.896967e+00
9.999994e-01 1.865353e-04 1.106708e-03 -3.167965e+00 -1.864895e-04 1.000000e+00 -4.221376e-05 -1.390215e-01 -1.106746e-03 4.200180e-05 9.999993e-01 6.639442e+00
9.999996e-01 1.254510e-04 -8.463872e-04 -3.503436e+00 -1.270728e-04 9.999982e-01 -1.915366e-03 -1.134799e-01 8.461152e-04 1.915467e-03 9.999977e-01 5.556154e+00
9.999994e-01 7.311674e-05 1.059043e-03 -3.794186e+00 -7.320106e-05 1.000000e+00 7.872069e-05 -9.082766e-02 -1.059067e-03 -7.880410e-05 9.999993e-01 4.568237e+00
9.999995e-01 9.292350e-05 -1.006947e-03 -4.154808e+00 -9.514967e-05 9.999976e-01 -2.210100e-03 -6.283661e-02 1.006709e-03 2.210189e-03 9.999970e-01 3.348264e+00
9.999993e-01 2.181467e-04 1.180706e-03 -4.551017e+00 -2.181474e-04 1.000000e+00 -3.412664e-07 -3.265872e-02 -1.180736e-03 7.733853e-08 9.999992e-01 2.065747e+00
9.999995e-01 -3.039200e-05 -9.521744e-04 -4.901859e+00 2.841773e-05 9.999979e-01 -2.072374e-03 -5.877465e-03 9.522053e-04 2.072339e-03 9.999973e-01 9.107600e-01
9.999993e-01 2.551884e-04 1.126738e-03 -5.250558e+00 -2.552180e-04 1.000000e+00 2.519103e-05 2.075239e-02 -1.126762e-03 -2.548535e-05 9.999993e-01 -2.338638e-01
9.999994e-01 -1.697914e-05 -1.052885e-03 -5.609343e+00 1.473652e-05 9.999977e-01 -2.128975e-03 4.863903e-02 1.052888e-03 2.128952e-03 9.999971e-01 -1.442547e+00
9.999993e-01 2.959170e-04 1.103155e-03 -5.991087e+00 -2.958519e-04 1.000000e+00 -6.011354e-05 7.829751e-02 -1.103203e-03 5.977993e-05 9.999993e-01 -2.723781e+00
9.999996e-01 -1.199394e-05 -9.148650e-04 -6.359524e+00 1.011713e-05 9.999979e-01 -2.050250e-03 1.064083e-01 9.148577e-04 2.050232e-03 9.999974e-01 -3.923689e+00
9.999993e-01 2.427732e-04 1.118285e-03 -6.659623e+00 -2.429801e-04 1.000000e+00 1.838936e-04 1.297321e-01 -1.118270e-03 -1.841728e-04 9.999993e-01 -4.935758e+00
9.999997e-01 -5.425329e-05 -8.022917e-04 -6.872345e+00 5.286673e-05 9.999985e-01 -1.726746e-03 1.467134e-01 8.023542e-04 1.726695e-03 9.999981e-01 -5.691803e+00
9.999988e-01 1.487648e-04 1.527975e-03 -6.944432e+00 -1.498676e-04 9.999997e-01 7.208945e-04 1.530293e-01 -1.527897e-03 -7.211304e-04 9.999985e-01 -6.008475e+00
9.999995e-01 -1.627014e-04 -9.387178e-04 -6.972121e+00 1.611831e-04 9.999987e-01 -1.616022e-03 1.564682e-01 9.389496e-04 1.615862e-03 9.999982e-01 -6.222530e+00
9.999990e-01 1.510840e-04 1.427038e-03 -7.031501e+00 -1.519279e-04 9.999998e-01 5.904060e-04 1.624421e-01 -1.426979e-03 -5.906302e-04 9.999987e-01 -6.544125e+00
9.999996e-01 -1.456852e-04 -9.326067e-04 -7.085728e+00 1.442135e-04 9.999987e-01 -1.576734e-03 1.679697e-01 9.328055e-04 1.576591e-03 9.999982e-01 -6.845234e+00
9.999985e-01 2.019752e-04 1.740791e-03 -7.084978e+00 -2.035531e-04 9.999996e-01 9.055877e-04 1.685236e-01 -1.740637e-03 -9.059488e-04 9.999980e-01 -6.931262e+00
9.999985e-01 -1.898685e-04 -1.697405e-03 -7.057763e+00 1.872312e-04 9.999988e-01 -1.553031e-03 1.671374e-01 1.697669e-03 1.552702e-03 9.999973e-01 -6.929182e+00
9.999992e-01 2.041326e-04 1.261178e-03 -7.017816e+00 -2.055238e-04 9.999994e-01 1.102073e-03 1.629701e-01 -1.260982e-03 -1.102339e-03 9.999985e-01 -6.783040e+00
9.999949e-01 -2.522203e-04 -3.183166e-03 -6.959745e+00 2.476162e-04 9.999989e-01 -1.446313e-03 1.559498e-01 3.183498e-03 1.445509e-03 9.999938e-01 -6.496604e+00
9.999999e-01 2.088222e-04 4.652683e-04 -6.900625e+00 -2.093471e-04 9.999993e-01 1.125637e-03 1.479106e-01 -4.650631e-04 -1.125742e-03 9.999992e-01 -6.156423e+00
9.999970e-01 -2.611120e-04 -2.421558e-03 -6.842450e+00 2.574999e-04 9.999989e-01 -1.491298e-03 1.409529e-01 2.421914e-03 1.490661e-03 9.999959e-01 -5.871859e+00
9.999954e-01 2.269831e-04 3.017445e-03 -6.797973e+00 -2.299206e-04 9.999995e-01 9.727512e-04 1.386587e-01 -3.017253e-03 -9.734490e-04 9.999949e-01 -5.837089e+00
9.999974e-01 -2.868302e-04 -2.244774e-03 -6.800398e+00 2.829563e-04 9.999985e-01 -1.725313e-03 1.397953e-01 2.245235e-03 1.724665e-03 9.999959e-01 -5.943086e+00
9.999956e-01 2.904230e-04 2.944952e-03 -6.865981e+00 -2.925481e-04 9.999997e-01 7.207429e-04 1.452718e-01 -2.944772e-03 -7.216099e-04 9.999953e-01 -6.224859e+00
9.999970e-01 -3.057753e-04 -2.419630e-03 -6.968376e+00 3.011937e-04 9.999982e-01 -1.893132e-03 1.538800e-01 2.420174e-03 1.892388e-03 9.999952e-01 -6.650104e+00
9.999945e-01 3.644452e-04 3.304676e-03 -7.028178e+00 -3.676033e-04 9.999995e-01 9.546687e-04 1.589900e-01 -3.304356e-03 -9.558870e-04 9.999940e-01 -6.913618e+00
9.999963e-01 -4.190975e-04 -2.696224e-03 -7.045902e+00 4.142056e-04 9.999983e-01 -1.814172e-03 1.616561e-01 2.696950e-03 1.813040e-03 9.999946e-01 -7.097941e+00
9.999942e-01 4.564015e-04 3.385102e-03 -7.113980e+00 -4.591319e-04 9.999996e-01 8.054604e-04 1.677968e-01 -3.384763e-03 -8.070189e-04 9.999938e-01 -7.414911e+00
9.999952e-01 -4.140054e-04 -3.071413e-03 -7.086655e+00 4.099517e-04 9.999990e-01 -1.319899e-03 1.657302e-01 3.071927e-03 1.318624e-03 9.999943e-01 -7.378214e+00
9.999967e-01 3.859237e-04 2.556495e-03 -7.032830e+00 -3.880682e-04 9.999996e-01 8.378863e-04 1.611330e-01 -2.556201e-03 -8.388847e-04 9.999963e-01 -7.222691e+00
9.999974e-01 -4.043839e-04 -2.261201e-03 -6.991168e+00 4.012946e-04 9.999990e-01 -1.365919e-03 1.585564e-01 2.261721e-03 1.364998e-03 9.999964e-01 -7.170835e+00
9.999980e-01 3.579173e-04 1.988525e-03 -6.936160e+00 -3.597025e-04 9.999995e-01 8.967236e-04 1.540924e-01 -1.988233e-03 -8.974463e-04 9.999975e-01 -7.023377e+00
9.999993e-01 -3.749353e-04 -1.140421e-03 -6.973147e+00 3.728892e-04 9.999983e-01 -1.792582e-03 1.577444e-01 1.141062e-03 1.792146e-03 9.999976e-01 -7.236444e+00
9.999981e-01 3.387565e-04 1.906030e-03 -6.968789e+00 -3.407870e-04 9.999994e-01 1.064305e-03 1.584817e-01 -1.905698e-03 -1.064962e-03 9.999975e-01 -7.331522e+00
9.999993e-01 -3.572246e-04 -1.148079e-03 -6.950358e+00 3.552907e-04 9.999985e-01 -1.683096e-03 1.579058e-01 1.148649e-03 1.682677e-03 9.999978e-01 -7.366347e+00
9.999982e-01 3.162016e-04 1.854993e-03 -6.950268e+00 -3.179757e-04 9.999995e-01 9.553814e-04 1.586154e-01 -1.854720e-03 -9.559790e-04 9.999977e-01 -7.450013e+00
9.999994e-01 -3.469784e-04 -1.072080e-03 -7.001348e+00 3.449946e-04 9.999982e-01 -1.848756e-03 1.624588e-01 1.072690e-03 1.848375e-03 9.999976e-01 -7.645379e+00
9.999979e-01 3.376574e-04 2.002130e-03 -7.062137e+00 -3.395363e-04 9.999995e-01 9.374191e-04 1.667647e-01 -2.001842e-03 -9.381066e-04 9.999975e-01 -7.852334e+00
9.999994e-01 -3.906395e-04 -1.015160e-03 -7.077343e+00 3.888979e-04 9.999985e-01 -1.713798e-03 1.680336e-01 1.015799e-03 1.713393e-03 9.999979e-01 -7.944295e+00
9.999980e-01 3.660975e-04 1.984573e-03 -7.136682e+00 -3.676169e-04 9.999996e-01 7.645711e-04 1.721740e-01 -1.984322e-03 -7.653089e-04 9.999976e-01 -8.147839e+00
9.999991e-01 -3.967376e-04 -1.278709e-03 -7.258628e+00 3.942303e-04 9.999980e-01 -1.959338e-03 1.809093e-01 1.279455e-03 1.958822e-03 9.999972e-01 -8.545383e+00
9.999979e-01 3.564729e-04 2.022764e-03 -7.348122e+00 -3.583029e-04 9.999995e-01 9.036693e-04 1.872096e-01 -2.022470e-03 -9.044022e-04 9.999974e-01 -8.834682e+00
9.999994e-01 -3.428896e-04 -1.079274e-03 -7.462088e+00 3.406822e-04 9.999979e-01 -2.043474e-03 1.950571e-01 1.079943e-03 2.043095e-03 9.999972e-01 -9.179098e+00
9.999977e-01 3.276473e-04 2.110754e-03 -7.531455e+00 -3.299149e-04 9.999994e-01 1.073337e-03 1.997055e-01 -2.110430e-03 -1.074042e-03 9.999971e-01 -9.396331e+00
9.999992e-01 -3.551834e-04 -1.235916e-03 -7.610880e+00 3.525765e-04 9.999977e-01 -2.107670e-03 2.051839e-01 1.236633e-03 2.107222e-03 9.999969e-01 -9.652168e+00
9.999974e-01 3.463854e-04 2.261512e-03 -7.696131e+00 -3.488079e-04 9.999994e-01 1.070183e-03 2.109266e-01 -2.261169e-03 -1.070980e-03 9.999968e-01 -9.914563e+00
9.999991e-01 -3.694014e-04 -1.259252e-03 -7.779271e+00 3.667507e-04 9.999977e-01 -2.103356e-03 2.163331e-01 1.259997e-03 2.102882e-03 9.999969e-01 -1.015993e+01
9.999973e-01 3.570317e-04 2.288095e-03 -7.863717e+00 -3.595095e-04 9.999993e-01 1.081887e-03 2.217485e-01 -2.287736e-03 -1.082717e-03 9.999967e-01 -1.040036e+01
9.999992e-01 -3.456050e-04 -1.193420e-03 -7.967473e+00 3.430196e-04 9.999976e-01 -2.164589e-03 2.286540e-01 1.194137e-03 2.164167e-03 9.999968e-01 -1.070281e+01
9.999980e-01 3.495875e-04 1.984167e-03 -8.126964e+00 -3.512260e-04 9.999996e-01 8.247137e-04 2.397944e-01 -1.983906e-03 -8.254198e-04 9.999976e-01 -1.119054e+01
9.999995e-01 -2.881062e-04 -9.316110e-04 -8.280110e+00 2.861560e-04 9.999978e-01 -2.091216e-03 2.501077e-01 9.321832e-04 2.090937e-03 9.999973e-01 -1.162691e+01
9.999981e-01 2.745069e-04 1.924680e-03 -8.357113e+00 -2.766282e-04 9.999994e-01 1.101149e-03 2.551359e-01 -1.924404e-03 -1.101691e-03 9.999974e-01 -1.185454e+01
9.999997e-01 -2.934504e-04 -7.451890e-04 -8.392729e+00 2.920419e-04 9.999982e-01 -1.887381e-03 2.572728e-01 7.457135e-04 1.887151e-03 9.999978e-01 -1.196789e+01
9.999975e-01 3.055092e-04 2.213624e-03 -8.408328e+00 -3.082604e-04 9.999992e-01 1.241858e-03 2.577897e-01 -2.213271e-03 -1.242548e-03 9.999967e-01 -1.200874e+01
9.999986e-01 -3.646294e-04 -1.609290e-03 -8.486139e+00 3.609587e-04 9.999973e-01 -2.279725e-03 2.637302e-01 1.610089e-03 2.279129e-03 9.999960e-01 -1.230455e+01
9.999976e-01 4.304894e-04 2.143523e-03 -8.655308e+00 -4.324277e-04 9.999995e-01 9.031000e-04 2.767455e-01 -2.143160e-03 -9.040363e-04 9.999972e-01 -1.288910e+01
9.999986e-01 -3.553347e-04 -1.608034e-03 -8.841934e+00 3.515669e-04 9.999972e-01 -2.341806e-03 2.909961e-01 1.608834e-03 2.341226e-03 9.999959e-01 -1.352163e+01
9.999975e-01 4.511820e-04 2.167641e-03 -9.032273e+00 -4.531340e-04 9.999995e-01 8.993314e-04 3.053772e-01 -2.167262e-03 -9.003232e-04 9.999971e-01 -1.415413e+01
9.999986e-01 -3.628769e-04 -1.603798e-03 -9.230829e+00 3.590611e-04 9.999971e-01 -2.377872e-03 3.204112e-01 1.604629e-03 2.377281e-03 9.999958e-01 -1.481721e+01
9.999976e-01 4.639475e-04 2.123511e-03 -9.435836e+00 -4.657931e-04 9.999995e-01 8.679286e-04 3.362358e-01 -2.123135e-03 -8.689278e-04 9.999973e-01 -1.551804e+01
9.999986e-01 -3.682201e-04 -1.634370e-03 -9.636859e+00 3.643330e-04 9.999971e-01 -2.377015e-03 3.520144e-01 1.635213e-03 2.376404e-03 9.999957e-01 -1.622343e+01
9.999976e-01 5.224888e-04 2.119442e-03 -9.845265e+00 -5.243327e-04 9.999995e-01 8.687105e-04 3.681662e-01 -2.119014e-03 -8.698321e-04 9.999973e-01 -1.693243e+01
9.999986e-01 -4.209763e-04 -1.616391e-03 -1.005335e+01 4.171035e-04 9.999970e-01 -2.394493e-03 3.842374e-01 1.617366e-03 2.393803e-03 9.999957e-01 -1.764339e+01
9.999976e-01 5.411862e-04 2.124184e-03 -1.024876e+01 -5.431591e-04 9.999994e-01 9.274905e-04 3.992387e-01 -2.123709e-03 -9.286547e-04 9.999972e-01 -1.830546e+01
9.999985e-01 -4.599360e-04 -1.673022e-03 -1.045113e+01 4.558522e-04 9.999969e-01 -2.439468e-03 4.148067e-01 1.674111e-03 2.438689e-03 9.999955e-01 -1.899948e+01
9.999976e-01 5.808891e-04 2.098192e-03 -1.070209e+01 -5.824671e-04 9.999995e-01 7.506693e-04 4.338953e-01 -2.097783e-03 -7.519026e-04 9.999974e-01 -1.983245e+01
9.999984e-01 -4.306285e-04 -1.731076e-03 -1.100362e+01 4.260710e-04 9.999964e-01 -2.631258e-03 4.566038e-01 1.732176e-03 2.630503e-03 9.999949e-01 -2.081341e+01
9.999977e-01 6.335139e-04 2.048508e-03 -1.134859e+01 -6.347361e-04 9.999996e-01 5.951171e-04 4.826165e-01 -2.048158e-03 -5.964294e-04 9.999976e-01 -2.192704e+01
9.999984e-01 -3.944110e-04 -1.737058e-03 -1.169835e+01 3.898441e-04 9.999965e-01 -2.627612e-03 5.088403e-01 1.738061e-03 2.626917e-03 9.999949e-01 -2.304098e+01
9.999977e-01 6.245981e-04 2.061440e-03 -1.203299e+01 -6.259446e-04 9.999996e-01 6.516644e-04 5.340350e-01 -2.061060e-03 -6.529670e-04 9.999976e-01 -2.411445e+01
9.999984e-01 -4.618431e-04 -1.745118e-03 -1.236509e+01 4.572172e-04 9.999964e-01 -2.649200e-03 5.592496e-01 1.746308e-03 2.648384e-03 9.999949e-01 -2.520086e+01
9.999978e-01 6.848852e-04 1.992853e-03 -1.273518e+01 -6.859203e-04 9.999996e-01 5.177619e-04 5.872398e-01 -1.992525e-03 -5.191419e-04 9.999978e-01 -2.639744e+01
9.999984e-01 -4.325391e-04 -1.747606e-03 -1.311967e+01 4.278258e-04 9.999963e-01 -2.695340e-03 6.162881e-01 1.748738e-03 2.694573e-03 9.999947e-01 -2.763424e+01
9.999976e-01 6.487580e-04 2.098281e-03 -1.344931e+01 -6.502870e-04 9.999995e-01 7.271515e-04 6.412203e-01 -2.097836e-03 -7.285288e-04 9.999974e-01 -2.870004e+01
9.999984e-01 -4.679075e-04 -1.724485e-03 -1.375969e+01 4.633702e-04 9.999964e-01 -2.629419e-03 6.645842e-01 1.725682e-03 2.628601e-03 9.999950e-01 -2.970326e+01
9.999977e-01 6.478560e-04 2.051058e-03 -1.408445e+01 -6.492277e-04 9.999996e-01 6.671880e-04 6.890780e-01 -2.050652e-03 -6.685330e-04 9.999976e-01 -3.075621e+01
9.999984e-01 -4.490171e-04 -1.740553e-03 -1.442676e+01 4.443320e-04 9.999963e-01 -2.690004e-03 7.148347e-01 1.741727e-03 2.689212e-03 9.999948e-01 -3.185826e+01
9.999977e-01 6.664661e-04 2.043460e-03 -1.478802e+01 -6.676897e-04 9.999996e-01 5.971219e-04 7.419468e-01 -2.043088e-03 -5.985003e-04 9.999976e-01 -3.301395e+01
9.999986e-01 -4.411628e-04 -1.623941e-03 -1.509743e+01 4.371454e-04 9.999968e-01 -2.472113e-03 7.649927e-01 1.624999e-03 2.471384e-03 9.999955e-01 -3.399218e+01
9.999977e-01 6.048120e-04 2.071539e-03 -1.535953e+01 -6.063838e-04 9.999995e-01 7.571606e-04 7.846760e-01 -2.071107e-03 -7.584307e-04 9.999975e-01 -3.484093e+01
9.999986e-01 -4.738429e-04 -1.608464e-03 -1.559471e+01 4.700264e-04 9.999971e-01 -2.370948e-03 8.023088e-01 1.609556e-03 2.370172e-03 9.999958e-01 -3.560719e+01
9.999976e-01 5.940058e-04 2.121742e-03 -1.582839e+01 -5.956272e-04 9.999995e-01 7.625919e-04 8.197647e-01 -2.121315e-03 -7.638699e-04 9.999974e-01 -3.636397e+01
9.999986e-01 -4.906828e-04 -1.611436e-03 -1.605913e+01 4.868679e-04 9.999971e-01 -2.365609e-03 8.369609e-01 1.612566e-03 2.364805e-03 9.999958e-01 -3.711158e+01
9.999977e-01 6.089757e-04 2.049193e-03 -1.631053e+01 -6.103753e-04 9.999996e-01 6.813733e-04 8.558100e-01 -2.048804e-03 -6.826388e-04 9.999976e-01 -3.793167e+01
9.999985e-01 -4.873346e-04 -1.655376e-03 -1.657906e+01 4.832983e-04 9.999969e-01 -2.436542e-03 8.761379e-01 1.656532e-03 2.435722e-03 9.999956e-01 -3.881644e+01
9.999978e-01 6.527062e-04 1.990956e-03 -1.689117e+01 -6.537614e-04 9.999996e-01 5.282270e-04 8.996234e-01 -1.990637e-03 -5.295442e-04 9.999978e-01 -3.982626e+01
9.999986e-01 -4.473358e-04 -1.614154e-03 -1.721182e+01 4.433631e-04 9.999969e-01 -2.459328e-03 9.237562e-01 1.615222e-03 2.458592e-03 9.999956e-01 -4.085740e+01
9.999978e-01 6.108107e-04 2.008301e-03 -1.749113e+01 -6.121758e-04 9.999996e-01 6.780520e-04 9.447978e-01 -2.007913e-03 -6.792970e-04 9.999977e-01 -4.176514e+01
9.999985e-01 -4.440918e-04 -1.648195e-03 -1.780586e+01 4.398103e-04 9.999965e-01 -2.595772e-03 9.683882e-01 1.649316e-03 2.595026e-03 9.999952e-01 -4.277693e+01
9.999981e-01 6.444692e-04 1.824630e-03 -1.823153e+01 -6.449171e-04 9.999998e-01 2.435763e-04 1.000137e+00 -1.824499e-03 -2.447701e-04 9.999982e-01 -4.412783e+01
9.999987e-01 -3.528436e-04 -1.573394e-03 -1.868381e+01 3.486628e-04 9.999964e-01 -2.655194e-03 1.033451e+00 1.574299e-03 2.654625e-03 9.999951e-01 -4.552237e+01
9.999979e-01 6.143687e-04 1.960162e-03 -1.907586e+01 -6.152953e-04 9.999997e-01 4.709105e-04 1.062352e+00 -1.959898e-03 -4.721335e-04 9.999979e-01 -4.673468e+01
9.999984e-01 -4.125344e-04 -1.766359e-03 -1.952007e+01 4.074175e-04 9.999957e-01 -2.894891e-03 1.095281e+00 1.767519e-03 2.894149e-03 9.999942e-01 -4.813146e+01
9.999979e-01 7.370188e-04 1.934845e-03 -2.002663e+01 -7.375369e-04 9.999997e-01 2.657837e-04 1.132778e+00 -1.934675e-03 -2.672286e-04 9.999980e-01 -4.970166e+01
9.999986e-01 -4.123939e-04 -1.630859e-03 -2.045362e+01 4.082064e-04 9.999966e-01 -2.565652e-03 1.164221e+00 1.631885e-03 2.564964e-03 9.999953e-01 -5.101282e+01
9.999980e-01 6.063452e-04 1.912827e-03 -2.084115e+01 -6.070486e-04 9.999997e-01 3.658234e-04 1.193046e+00 -1.912631e-03 -3.670027e-04 9.999980e-01 -5.223822e+01
9.999987e-01 -3.014163e-04 -1.571770e-03 -2.122484e+01 2.974829e-04 9.999968e-01 -2.500578e-03 1.221388e+00 1.572492e-03 2.500088e-03 9.999955e-01 -5.342360e+01
9.999980e-01 4.317335e-04 1.933714e-03 -2.152859e+01 -4.329163e-04 9.999997e-01 6.099571e-04 1.244172e+00 -1.933476e-03 -6.108123e-04 9.999978e-01 -5.440754e+01
9.999987e-01 -2.164647e-04 -1.618519e-03 -2.189959e+01 2.120397e-04 9.999962e-01 -2.732086e-03 1.271787e+00 1.619078e-03 2.731720e-03 9.999949e-01 -5.557853e+01
9.999982e-01 4.177655e-04 1.865503e-03 -2.230139e+01 -4.186595e-04 9.999998e-01 4.774096e-04 1.301730e+00 -1.865329e-03 -4.782095e-04 9.999980e-01 -5.685159e+01
9.999986e-01 -7.082964e-05 -1.668619e-03 -2.278947e+01 6.579790e-05 9.999955e-01 -3.013813e-03 1.337812e+00 1.668799e-03 3.013679e-03 9.999940e-01 -5.835651e+01
9.999981e-01 3.673923e-04 1.905867e-03 -2.321530e+01 -3.687352e-04 9.999997e-01 7.029066e-04 1.369515e+00 -1.905634e-03 -7.036283e-04 9.999978e-01 -5.968911e+01
9.999987e-01 -1.031920e-04 -1.623841e-03 -2.360274e+01 9.852069e-05 9.999959e-01 -2.874864e-03 1.398406e+00 1.624105e-03 2.874680e-03 9.999945e-01 -6.090920e+01
9.999980e-01 3.519607e-04 1.983616e-03 -2.394007e+01 -3.537421e-04 9.999995e-01 8.963744e-04 1.423613e+00 -1.983326e-03 -8.970948e-04 9.999975e-01 -6.197655e+01
9.999986e-01 -2.006911e-04 -1.634173e-03 -2.425734e+01 1.960552e-04 9.999960e-01 -2.834862e-03 1.447392e+00 1.634710e-03 2.834517e-03 9.999945e-01 -6.300012e+01
9.999979e-01 3.997385e-04 1.995854e-03 -2.459958e+01 -4.013728e-04 9.999996e-01 8.170713e-04 1.472861e+00 -1.995553e-03 -8.178917e-04 9.999976e-01 -6.408461e+01
9.999988e-01 -1.626253e-04 -1.511321e-03 -2.490608e+01 1.585921e-04 9.999964e-01 -2.666589e-03 1.495474e+00 1.511723e-03 2.666325e-03 9.999952e-01 -6.503619e+01
9.999979e-01 2.738247e-04 2.006993e-03 -2.515115e+01 -2.758413e-04 9.999995e-01 1.003130e-03 1.513773e+00 -2.006742e-03 -1.003703e-03 9.999974e-01 -6.583246e+01
9.999986e-01 -1.597986e-04 -1.645497e-03 -2.547119e+01 1.549134e-04 9.999956e-01 -2.966835e-03 1.537773e+00 1.645938e-03 2.966555e-03 9.999941e-01 -6.686988e+01
9.999977e-01 4.124269e-04 2.123203e-03 -2.579063e+01 -4.146988e-04 9.999993e-01 1.068356e-03 1.561334e+00 -2.122787e-03 -1.069256e-03 9.999971e-01 -6.786021e+01
9.999986e-01 -3.171977e-04 -1.651942e-03 -2.603490e+01 3.126802e-04 9.999962e-01 -2.732468e-03 1.579600e+00 1.652776e-03 2.731926e-03 9.999948e-01 -6.865727e+01
9.999977e-01 4.731307e-04 2.086199e-03 -2.632366e+01 -4.750301e-04 9.999995e-01 9.086799e-04 1.601245e+00 -2.085794e-03 -9.096909e-04 9.999973e-01 -6.958958e+01
9.999987e-01 -3.624207e-04 -1.598546e-03 -2.656868e+01 3.582970e-04 9.999966e-01 -2.577398e-03 1.619733e+00 1.599449e-03 2.576800e-03 9.999953e-01 -7.039645e+01
9.999979e-01 4.965137e-04 1.980358e-03 -2.688033e+01 -4.978042e-04 9.999997e-01 6.496923e-04 1.643123e+00 -1.980060e-03 -6.506992e-04 9.999977e-01 -7.140649e+01
9.999987e-01 -1.856032e-04 -1.595342e-03 -2.723857e+01 1.813132e-04 9.999964e-01 -2.686990e-03 1.669662e+00 1.595809e-03 2.686674e-03 9.999950e-01 -7.251712e+01
9.999981e-01 2.989459e-04 1.937638e-03 -2.750398e+01 -3.007410e-04 9.999995e-01 9.246790e-04 1.689932e+00 -1.937387e-03 -9.252827e-04 9.999976e-01 -7.340759e+01
9.999987e-01 -9.265079e-05 -1.610383e-03 -2.781219e+01 8.811036e-05 9.999960e-01 -2.817498e-03 1.713259e+00 1.610613e-03 2.817330e-03 9.999946e-01 -7.441015e+01
9.999981e-01 2.665090e-04 1.931439e-03 -2.811796e+01 -2.682854e-04 9.999995e-01 9.179395e-04 1.736486e+00 -1.931219e-03 -9.184791e-04 9.999976e-01 -7.541514e+01
9.999984e-01 -6.955499e-05 -1.790784e-03 -2.852649e+01 6.378490e-05 9.999948e-01 -3.220304e-03 1.767345e+00 1.790973e-03 3.220161e-03 9.999931e-01 -7.673824e+01
9.999982e-01 3.897152e-04 1.839039e-03 -2.903335e+01 -3.907730e-04 9.999998e-01 5.731853e-04 1.805258e+00 -1.838840e-03 -5.739265e-04 9.999980e-01 -7.833762e+01
9.999986e-01 -1.177284e-05 -1.657690e-03 -2.951863e+01 6.632777e-06 9.999952e-01 -3.098879e-03 1.841252e+00 1.657693e-03 3.098840e-03 9.999937e-01 -7.983839e+01
9.999982e-01 2.423379e-04 1.867632e-03 -2.991532e+01 -2.439498e-04 9.999996e-01 8.612445e-04 1.870886e+00 -1.867448e-03 -8.617226e-04 9.999978e-01 -8.110020e+01
9.999986e-01 4.620382e-05 -1.648146e-03 -3.032660e+01 -5.136871e-05 9.999951e-01 -3.131982e-03 1.901594e+00 1.647968e-03 3.132038e-03 9.999936e-01 -8.239632e+01
9.999983e-01 1.729147e-04 1.835514e-03 -3.072422e+01 -1.745408e-04 9.999996e-01 8.840583e-04 1.931415e+00 -1.835386e-03 -8.844017e-04 9.999978e-01 -8.366990e+01
9.999988e-01 8.538113e-05 -1.560921e-03 -3.111134e+01 -9.016729e-05 9.999953e-01 -3.064420e-03 1.960243e+00 1.560626e-03 3.064532e-03 9.999940e-01 -8.488863e+01
9.999982e-01 1.575245e-04 1.907410e-03 -3.143998e+01 -1.596501e-04 9.999994e-01 1.112587e-03 1.984740e+00 -1.907258e-03 -1.112914e-03 9.999975e-01 -8.592928e+01
9.999987e-01 9.067996e-06 -1.583954e-03 -3.176701e+01 -1.396962e-05 9.999952e-01 -3.092561e-03 2.009368e+00 1.583894e-03 3.092554e-03 9.999939e-01 -8.698938e+01
9.999980e-01 2.575605e-04 1.979109e-03 -3.211186e+01 -2.597238e-04 9.999994e-01 1.091249e-03 2.034866e+00 -1.978852e-03 -1.091786e-03 9.999973e-01 -8.806208e+01
9.999989e-01 -1.781340e-04 -1.464936e-03 -3.231654e+01 1.743008e-04 9.999966e-01 -2.614115e-03 2.050311e+00 1.465372e-03 2.613832e-03 9.999954e-01 -8.874627e+01
9.999981e-01 2.413941e-04 1.932127e-03 -3.255396e+01 -2.432380e-04 9.999995e-01 9.524131e-04 2.068220e+00 -1.931921e-03 -9.529069e-04 9.999976e-01 -8.953695e+01
9.999989e-01 -6.691810e-05 -1.462008e-03 -3.283374e+01 6.291943e-05 9.999963e-01 -2.732706e-03 2.089046e+00 1.462161e-03 2.732586e-03 9.999951e-01 -9.042962e+01
9.999984e-01 1.948648e-04 1.781009e-03 -3.314894e+01 -1.962587e-04 9.999997e-01 7.806284e-04 2.112807e+00 -1.780881e-03 -7.810026e-04 9.999980e-01 -9.146124e+01
9.999990e-01 5.174819e-05 -1.402240e-03 -3.346283e+01 -5.549311e-05 9.999964e-01 -2.668417e-03 2.136214e+00 1.402072e-03 2.668467e-03 9.999954e-01 -9.245449e+01
9.999986e-01 1.265851e-04 1.668556e-03 -3.380156e+01 -1.276632e-04 9.999998e-01 6.440337e-04 2.161806e+00 -1.668499e-03 -6.442721e-04 9.999983e-01 -9.355683e+01
9.999990e-01 1.014258e-04 -1.424577e-03 -3.416290e+01 -1.053336e-04 9.999962e-01 -2.740966e-03 2.189049e+00 1.424269e-03 2.741087e-03 9.999951e-01 -9.472246e+01
9.999984e-01 1.162250e-04 1.785713e-03 -3.447107e+01 -1.177625e-04 9.999996e-01 8.590156e-04 2.212332e+00 -1.785638e-03 -8.592512e-04 9.999979e-01 -9.571946e+01
9.999990e-01 6.370211e-05 -1.425522e-03 -3.477508e+01 -6.761414e-05 9.999962e-01 -2.742033e-03 2.235374e+00 1.425317e-03 2.742100e-03 9.999951e-01 -9.671319e+01
9.999984e-01 1.142524e-04 1.762298e-03 -3.509347e+01 -1.156686e-04 9.999997e-01 8.015328e-04 2.259427e+00 -1.762231e-03 -8.017625e-04 9.999980e-01 -9.774894e+01
9.999988e-01 6.839385e-05 -1.525090e-03 -3.546356e+01 -7.289316e-05 9.999956e-01 -2.948104e-03 2.287321e+00 1.524857e-03 2.948184e-03 9.999944e-01 -9.894557e+01
9.999985e-01 2.061539e-04 1.720582e-03 -3.587107e+01 -2.073397e-04 9.999997e-01 6.870004e-04 2.317927e+00 -1.720464e-03 -6.873836e-04 9.999982e-01 -1.002434e+02
9.999989e-01 -1.060074e-05 -1.496443e-03 -3.622919e+01 6.430670e-06 9.999961e-01 -2.784326e-03 2.345013e+00 1.496442e-03 2.784286e-03 9.999949e-01 -1.014066e+02
9.999985e-01 2.345489e-04 1.685792e-03 -3.663349e+01 -2.354177e-04 9.999998e-01 5.130644e-04 2.375415e+00 -1.685696e-03 -5.134885e-04 9.999984e-01 -1.027038e+02
9.999990e-01 3.783357e-05 -1.440145e-03 -3.705362e+01 -4.189203e-05 9.999960e-01 -2.815733e-03 2.406607e+00 1.440008e-03 2.815763e-03 9.999949e-01 -1.040182e+02
9.999985e-01 2.396372e-04 1.709705e-03 -3.747563e+01 -2.405169e-04 9.999998e-01 5.121901e-04 2.437815e+00 -1.709606e-03 -5.126289e-04 9.999983e-01 -1.053294e+02
9.999990e-01 -2.057896e-05 -1.425592e-03 -3.786043e+01 1.674089e-05 9.999964e-01 -2.689729e-03 2.466342e+00 1.425618e-03 2.689674e-03 9.999953e-01 -1.065371e+02
9.999976e-01 2.754578e-04 2.187119e-03 -3.813439e+01 -2.776873e-04 9.999994e-01 1.017477e-03 2.486131e+00 -2.186862e-03 -1.018111e-03 9.999970e-01 -1.073578e+02
9.999990e-01 -2.689167e-04 -1.356032e-03 -3.829197e+01 2.656996e-04 9.999972e-01 -2.369416e-03 2.497095e+00 1.356641e-03 2.369025e-03 9.999962e-01 -1.078414e+02
9.999977e-01 3.502886e-04 2.125918e-03 -3.849466e+01 -3.521686e-04 9.999995e-01 8.822759e-04 2.511309e+00 -2.125632e-03 -8.830515e-04 9.999973e-01 -1.084488e+02
9.999989e-01 -2.835478e-04 -1.423350e-03 -3.871961e+01 2.800419e-04 9.999969e-01 -2.460174e-03 2.527303e+00 1.424019e-03 2.459744e-03 9.999959e-01 -1.091340e+02
9.999973e-01 4.333420e-04 2.303356e-03 -3.894487e+01 -4.354998e-04 9.999995e-01 9.347950e-04 2.543041e+00 -2.302974e-03 -9.358248e-04 9.999968e-01 -1.097898e+02
9.999984e-01 -3.959785e-04 -1.731956e-03 -3.914363e+01 3.917712e-04 9.999970e-01 -2.426804e-03 2.557464e+00 1.732888e-03 2.426093e-03 9.999955e-01 -1.104254e+02
9.999973e-01 5.181039e-04 2.273382e-03 -3.937250e+01 -5.200077e-04 9.999995e-01 8.352724e-04 2.574531e+00 -2.272972e-03 -8.364820e-04 9.999970e-01 -1.111657e+02
9.999986e-01 -4.434797e-04 -1.622807e-03 -3.956483e+01 4.397567e-04 9.999973e-01 -2.291623e-03 2.588601e+00 1.623795e-03 2.290876e-03 9.999960e-01 -1.117801e+02
9.999970e-01 5.475203e-04 2.371261e-03 -3.973084e+01 -5.497778e-04 9.999994e-01 9.499223e-04 2.600764e+00 -2.370763e-03 -9.512531e-04 9.999966e-01 -1.123121e+02
9.999979e-01 -5.575650e-04 -1.950087e-03 -3.999610e+01 5.522084e-04 9.999961e-01 -2.744422e-03 2.620636e+00 1.951585e-03 2.743309e-03 9.999942e-01 -1.131930e+02
9.999970e-01 8.681010e-04 2.292682e-03 -4.043372e+01 -8.690077e-04 9.999995e-01 3.928635e-04 2.652811e+00 -2.292363e-03 -3.948850e-04 9.999972e-01 -1.145353e+02
9.999987e-01 -6.304242e-04 -1.460879e-03 -4.068380e+01 6.275595e-04 9.999979e-01 -1.958060e-03 2.670669e+00 1.462087e-03 1.957111e-03 9.999969e-01 -1.152721e+02
9.999978e-01 5.882460e-04 2.001201e-03 -4.087632e+01 -5.891548e-04 9.999997e-01 4.516782e-04 2.684995e+00 -2.000959e-03 -4.528868e-04 9.999978e-01 -1.159217e+02
9.999989e-01 -4.030604e-04 -1.436171e-03 -4.113381e+01 4.000077e-04 9.999977e-01 -2.122664e-03 2.704010e+00 1.437000e-03 2.122056e-03 9.999966e-01 -1.167293e+02
9.999977e-01 4.781846e-04 2.101955e-03 -4.131490e+01 -4.796991e-04 9.999996e-01 7.183111e-04 2.717309e+00 -2.101635e-03 -7.193486e-04 9.999974e-01 -1.173094e+02
