9.999975e-01 -1.348914e-04 2.230376e-03 -1.250238e-02 1.340696e-04 9.999999e-01 3.685890e-04 -2.973963e-02 -2.230426e-03 -3.682885e-04 9.999973e-01 1.158321e+00
9.999992e-01 -4.046792e-04 1.235373e-03 -6.044296e-02 4.042730e-04 9.999999e-01 3.290227e-04 -6.228097e-02 -1.235505e-03 -3.285224e-04 9.999991e-01 2.515106e+00
9.999979e-01 -5.500326e-04 1.952067e-03 -1.028082e-01 5.492563e-04 9.999998e-01 3.981800e-04 -9.369943e-02 -1.952285e-03 -3.971063e-04 9.999979e-01 3.866566e+00
9.999986e-01 -4.455600e-04 1.628720e-03 -1.599612e-01 4.452028e-04 9.999999e-01 2.196321e-04 -1.235632e-01 -1.628816e-03 -2.189060e-04 9.999985e-01 5.123958e+00
9.999986e-01 -4.429362e-04 1.612811e-03 -2.082421e-01 4.426044e-04 9.999999e-01 2.061384e-04 -1.530773e-01 -1.612900e-03 -2.054235e-04 9.999986e-01 6.341042e+00
9.999988e-01 -9.818921e-05 1.523779e-03 -2.483399e-01 9.795168e-05 1.000000e+00 1.559660e-04 -1.829166e-01 -1.523792e-03 -1.558158e-04 9.999987e-01 7.523985e+00
9.999990e-01 -4.068534e-04 1.346878e-03 -2.772394e-01 4.066149e-04 9.999999e-01 1.773246e-04 -2.137065e-01 -1.346948e-03 -1.767759e-04 9.999990e-01 8.741423e+00
9.999987e-01 -8.227996e-05 1.588382e-03 -3.079313e-01 8.211709e-05 1.000000e+00 1.026081e-04 -2.429035e-01 -1.588388e-03 -1.024767e-04 9.999986e-01 9.883339e+00
9.999989e-01 -2.892340e-04 1.452678e-03 -3.509620e-01 2.890624e-04 1.000000e+00 1.183963e-04 -2.703848e-01 -1.452710e-03 -1.179754e-04 9.999988e-01 1.092890e+01
9.999991e-01 -1.781182e-04 1.351669e-03 -3.775718e-01 1.780108e-04 1.000000e+00 7.959229e-05 -3.003576e-01 -1.351680e-03 -7.935071e-05 9.999990e-01 1.207720e+01
9.999987e-01 -3.057670e-04 1.592782e-03 -4.052684e-01 3.054590e-04 9.999999e-01 1.935629e-04 -3.308633e-01 -1.592838e-03 -1.930752e-04 9.999986e-01 1.326789e+01
9.999993e-01 -1.195126e-04 1.178696e-03 -4.373896e-01 1.193653e-04 1.000000e+00 1.250684e-04 -3.590168e-01 -1.178707e-03 -1.249267e-04 9.999992e-01 1.437322e+01
9.999984e-01 -5.584681e-04 1.725417e-03 -4.620209e-01 5.581755e-04 9.999998e-01 1.700345e-04 -3.908874e-01 -1.725508e-03 -1.690702e-04 9.999984e-01 1.563111e+01
9.999991e-01 -1.675367e-04 1.320463e-03 -4.829639e-01 1.672785e-04 1.000000e+00 1.956222e-04 -4.220403e-01 -1.320492e-03 -1.954002e-04 9.999990e-01 1.690291e+01
9.999953e-01 -7.979045e-04 2.966922e-03 -5.517264e-01 7.968859e-04 9.999996e-01 3.444845e-04 -4.555792e-01 -2.967191e-03 -3.421175e-04 9.999954e-01 1.829248e+01
9.999998e-01 -2.154725e-04 5.877952e-04 -5.992080e-01 2.153515e-04 1.000000e+00 2.059711e-04 -4.859373e-01 -5.878345e-04 -2.058434e-04 9.999997e-01 1.959433e+01
9.999945e-01 -7.231627e-04 3.233333e-03 -6.580519e-01 7.226265e-04 9.999997e-01 1.670219e-04 -5.187476e-01 -3.233448e-03 -1.646833e-04 9.999947e-01 2.092028e+01
9.999997e-01 -2.760716e-04 7.193447e-04 -7.114097e-01 2.758337e-04 9.999999e-01 3.308642e-04 -5.505216e-01 -7.194301e-04 -3.306644e-04 9.999996e-01 2.226523e+01
9.999980e-01 -8.397827e-06 2.023237e-03 -7.560988e-01 8.292137e-06 1.000000e+00 5.223768e-05 -5.778006e-01 -2.023231e-03 -5.221956e-05 9.999979e-01 2.333414e+01
9.999993e-01 -6.651094e-04 9.750280e-04 -7.920806e-01 6.646351e-04 9.999997e-01 4.866766e-04 -6.090436e-01 -9.753450e-04 -4.860269e-04 9.999993e-01 2.463045e+01
9.999969e-01 -3.259083e-04 2.460308e-03 -8.288739e-01 3.262293e-04 9.999999e-01 -1.300949e-04 -6.410870e-01 -2.460259e-03 1.308984e-04 9.999969e-01 2.594412e+01
9.999999e-01 -3.777878e-04 3.255602e-04 -8.509853e-01 3.776850e-04 9.999999e-01 3.156119e-04 -6.721272e-01 -3.256724e-04 -3.154875e-04 9.999998e-01 2.715923e+01
9.999972e-01 -2.079866e-04 2.354705e-03 -8.611175e-01 2.083032e-04 1.000000e+00 -1.342021e-04 -7.041108e-01 -2.354670e-03 1.346935e-04 9.999971e-01 2.840664e+01
9.999984e-01 -8.401377e-04 1.581780e-03 -9.102786e-01 8.393035e-04 9.999995e-01 5.279595e-04 -7.398741e-01 -1.582215e-03 -5.266296e-04 9.999985e-01 2.987832e+01
9.999962e-01 -3.482913e-04 2.736871e-03 -9.734467e-01 3.483638e-04 9.999999e-01 -2.602398e-05 -7.722935e-01 -2.736853e-03 2.697874e-05 9.999962e-01 3.126577e+01
9.999996e-01 -6.541098e-04 6.770153e-04 -1.020878e+00 6.538933e-04 9.999997e-01 3.198945e-04 -8.042773e-01 -6.772159e-04 -3.194502e-04 9.999996e-01 3.255300e+01
9.999927e-01 -9.934505e-04 3.686317e-03 -1.082826e+00 9.928247e-04 9.999995e-01 1.715727e-04 -8.414232e-01 -3.686477e-03 -1.679101e-04 9.999931e-01 3.414812e+01
9.999998e-01 -1.594710e-04 5.614864e-04 -1.140599e+00 1.592963e-04 9.999999e-01 3.110578e-04 -8.750611e-01 -5.615267e-04 -3.109667e-04 9.999997e-01 3.556878e+01
9.999955e-01 -6.686245e-04 2.924657e-03 -1.187841e+00 6.686345e-04 9.999998e-01 -2.464629e-06 -9.053516e-01 -2.924645e-03 4.421715e-06 9.999956e-01 3.678165e+01
9.999999e-01 3.704295e-05 3.903458e-04 -1.232636e+00 -3.715813e-05 1.000000e+00 2.949193e-04 -9.350638e-01 -3.903249e-04 -2.949322e-04 9.999998e-01 3.795352e+01
9.999952e-01 -7.515659e-04 2.991947e-03 -1.276377e+00 7.515655e-04 9.999997e-01 1.255160e-06 -9.657151e-01 -2.991937e-03 9.951103e-07 9.999954e-01 3.916616e+01
9.999999e-01 -3.559622e-05 5.194671e-04 -1.318201e+00 3.542965e-05 9.999999e-01 3.205302e-04 -9.972373e-01 -5.194678e-04 -3.205101e-04 9.999997e-01 4.042926e+01
9.999966e-01 -5.118296e-04 2.548651e-03 -1.359180e+00 5.117615e-04 9.999999e-01 2.731170e-05 -1.025230e+00 -2.548654e-03 -2.600563e-05 9.999967e-01 4.153692e+01
1.000000e+00 7.131746e-05 5.757520e-06 -1.388768e+00 -7.131872e-05 1.000000e+00 2.059254e-04 -1.052181e+00 -5.731595e-06 -2.059241e-04 9.999999e-01 4.256758e+01
9.999959e-01 -6.796926e-04 2.773373e-03 -1.418148e+00 6.797676e-04 9.999998e-01 -2.611802e-05 -1.080331e+00 -2.773343e-03 2.800488e-05 9.999961e-01 4.364587e+01
1.000000e+00 -7.838583e-05 1.120834e-04 -1.439232e+00 7.836003e-05 1.000000e+00 2.294185e-04 -1.112164e+00 -1.120896e-04 -2.294080e-04 9.999999e-01 4.488706e+01
9.999958e-01 -7.172763e-04 2.805792e-03 -1.433391e+00 7.170989e-04 9.999997e-01 6.418923e-05 -1.148090e+00 -2.805825e-03 -6.217517e-05 9.999960e-01 4.634031e+01
1.000000e+00 -1.954842e-05 -3.968009e-06 -1.418260e+00 1.954930e-05 1.000000e+00 2.435717e-04 -1.183583e+00 3.975619e-06 -2.435700e-04 9.999999e-01 4.778900e+01
9.999981e-01 -5.073513e-04 1.874387e-03 -1.390450e+00 5.075644e-04 9.999999e-01 -1.132644e-04 -1.213757e+00 -1.874317e-03 1.142174e-04 9.999981e-01 4.896367e+01
9.999999e-01 -2.398728e-05 5.207733e-04 -1.396510e+00 2.384833e-05 1.000000e+00 2.666347e-04 -1.243734e+00 -5.207668e-04 -2.666205e-04 9.999997e-01 5.011041e+01
9.999951e-01 -8.218966e-04 3.021898e-03 -1.438099e+00 8.214941e-04 9.999997e-01 1.344124e-04 -1.274474e+00 -3.021994e-03 -1.319274e-04 9.999953e-01 5.136881e+01
1.000000e+00 1.645855e-05 -2.151603e-04 -1.464587e+00 -1.643645e-05 1.000000e+00 1.032030e-04 -1.302726e+00 2.151755e-04 -1.031976e-04 9.999999e-01 5.248597e+01
9.999974e-01 -5.258620e-04 2.215294e-03 -1.453418e+00 5.258759e-04 9.999999e-01 -5.704088e-06 -1.332318e+00 -2.215277e-03 6.870903e-06 9.999974e-01 5.360823e+01
9.999999e-01 8.880937e-05 -3.923870e-04 -1.428589e+00 -8.875550e-05 1.000000e+00 1.375809e-04 -1.362262e+00 3.924130e-04 -1.375442e-04 9.999998e-01 5.476418e+01
9.999978e-01 -4.459319e-04 2.040060e-03 -1.409411e+00 4.460879e-04 9.999999e-01 -7.603708e-05 -1.390623e+00 -2.040012e-03 7.694883e-05 9.999978e-01 5.582119e+01
1.000000e+00 -2.015900e-05 -3.014607e-04 -1.374886e+00 2.021890e-05 1.000000e+00 1.990778e-04 -1.421005e+00 3.014709e-04 -1.990820e-04 9.999998e-01 5.700188e+01
9.999973e-01 -4.007149e-04 2.287365e-03 -1.364045e+00 4.007894e-04 9.999999e-01 -3.212647e-05 -1.449595e+00 -2.287337e-03 3.304503e-05 9.999973e-01 5.810637e+01
1.000000e+00 -1.936869e-04 -1.772046e-04 -1.366645e+00 1.937139e-04 1.000000e+00 1.533224e-04 -1.479037e+00 1.771894e-04 -1.533549e-04 9.999999e-01 5.922307e+01
9.999983e-01 -1.698848e-04 1.838654e-03 -1.338174e+00 1.700434e-04 1.000000e+00 -8.620501e-05 -1.508377e+00 -1.838625e-03 8.651943e-05 9.999982e-01 6.033058e+01
9.999992e-01 4.936999e-04 -1.200531e-03 -1.219346e+00 -4.937513e-04 9.999999e-01 -4.237951e-05 -1.545587e+00 1.200525e-03 4.297414e-05 9.999992e-01 6.172233e+01
9.999997e-01 3.239112e-04 6.757517e-04 -1.081549e+00 -3.239304e-04 9.999999e-01 2.821499e-05 -1.585659e+00 -6.757278e-04 -2.843197e-05 9.999997e-01 6.329892e+01
9.999987e-01 6.056733e-04 -1.489663e-03 -1.044884e+00 -6.061564e-04 9.999998e-01 -3.238296e-04 -1.626025e+00 1.489481e-03 3.247340e-04 9.999987e-01 6.477026e+01
9.999846e-01 1.306245e-03 -5.402895e-03 -1.089761e+00 -1.310527e-03 9.999988e-01 -7.890889e-04 -1.663101e+00 5.401872e-03 7.961591e-04 9.999850e-01 6.599846e+01
9.996797e-01 2.227592e-03 -2.520948e-02 -1.167852e+00 -2.254468e-03 9.999969e-01 -1.037757e-03 -1.688877e+00 2.520710e-02 1.094260e-03 9.996816e-01 6.679477e+01
9.999278e-01 1.287309e-03 -1.194926e-02 -1.169206e+00 -1.296427e-03 9.999989e-01 -7.553645e-04 -1.712914e+00 1.194828e-02 7.708028e-04 9.999282e-01 6.761686e+01
9.999923e-01 6.371037e-04 -3.884971e-03 -1.107868e+00 -6.372937e-04 9.999998e-01 -4.768105e-05 -1.749914e+00 3.884945e-03 5.015793e-05 9.999924e-01 6.883724e+01
9.997075e-01 2.429830e-03 -2.406123e-02 -1.054794e+00 -2.477891e-03 9.999950e-01 -1.967830e-03 -1.777691e+00 2.405634e-02 2.026876e-03 9.997084e-01 6.988187e+01
9.996273e-01 1.350045e-03 -2.726430e-02 -8.772761e-01 -1.350499e-03 9.999991e-01 1.781701e-06 -1.804490e+00 2.726427e-02 3.504035e-05 9.996282e-01 7.100179e+01
9.995185e-01 3.041580e-03 -3.087909e-02 -6.258506e-01 -3.118248e-03 9.999922e-01 -2.434981e-03 -1.831841e+00 3.087143e-02 2.530098e-03 9.995201e-01 7.222056e+01
9.989876e-01 1.835534e-03 -4.494849e-02 -2.966431e-01 -1.845462e-03 9.999983e-01 -1.793605e-04 -1.854568e+00 4.494807e-02 2.621300e-04 9.989892e-01 7.344007e+01
9.995733e-01 3.121703e-03 -2.904198e-02 1.022940e-02 -3.187454e-03 9.999925e-01 -2.217974e-03 -1.876044e+00 2.903481e-02 2.309597e-03 9.995756e-01 7.457442e+01
9.999082e-01 8.824886e-04 -1.351817e-02 1.327459e-01 -8.761075e-04 9.999995e-01 4.779540e-04 -1.906641e+00 1.351856e-02 -4.660669e-04 9.999084e-01 7.565165e+01
9.999684e-01 2.111247e-03 -7.669781e-03 3.696031e-02 -2.128233e-03 9.999953e-01 -2.207240e-03 -1.936886e+00 7.665056e-03 2.223493e-03 9.999681e-01 7.653074e+01
9.998444e-01 1.255924e-03 -1.759430e-02 -1.291326e-01 -1.253482e-03 9.999992e-01 1.497913e-04 -1.965169e+00 1.759444e-02 -1.277145e-04 9.998451e-01 7.729265e+01
9.999687e-01 2.318402e-03 -7.560265e-03 -3.589578e-01 -2.336927e-03 9.999943e-01 -2.442456e-03 -1.996470e+00 7.554526e-03 2.460046e-03 9.999683e-01 7.813522e+01
9.999983e-01 -1.193010e-03 1.434802e-03 -4.534779e-01 1.190877e-03 9.999982e-01 1.486143e-03 -2.029289e+00 -1.436607e-03 -1.484433e-03 9.999978e-01 7.902751e+01
9.999966e-01 1.855937e-03 -1.833073e-03 -3.489837e-01 -1.859113e-03 9.999968e-01 -1.732783e-03 -2.054936e+00 1.829817e-03 1.736184e-03 9.999967e-01 7.988189e+01
9.999985e-01 -1.117048e-03 1.284982e-03 -2.391572e-01 1.115047e-03 9.999982e-01 1.556626e-03 -2.080205e+00 -1.286753e-03 -1.555192e-03 9.999979e-01 8.072813e+01
9.999971e-01 1.748325e-03 -1.627494e-03 -1.268861e-01 -1.751122e-03 9.999970e-01 -1.718519e-03 -2.104964e+00 1.624450e-03 1.721362e-03 9.999971e-01 8.156317e+01
9.999985e-01 -1.103974e-03 1.343244e-03 -1.878798e-02 1.101872e-03 9.999982e-01 1.564066e-03 -2.129580e+00 -1.345002e-03 -1.562585e-03 9.999978e-01 8.239486e+01
9.999982e-01 1.674754e-03 -9.177601e-04 3.469682e-02 -1.676357e-03 9.999971e-01 -1.748688e-03 -2.153963e+00 9.147943e-04 1.750222e-03 9.999980e-01 8.320627e+01
9.999941e-01 -1.903301e-03 2.866632e-03 5.969039e-02 1.897890e-03 9.999964e-01 1.888966e-03 -2.184895e+00 -2.870251e-03 -1.883515e-03 9.999940e-01 8.442039e+01
9.999966e-01 2.180920e-03 -1.458808e-03 4.813998e-02 -2.183674e-03 9.999958e-01 -1.888980e-03 -2.208420e+00 1.454648e-03 1.892158e-03 9.999971e-01 8.524286e+01
9.999906e-01 -2.274844e-03 3.701965e-03 2.943764e-02 2.267092e-03 9.999952e-01 2.096872e-03 -2.235719e+00 -3.706752e-03 -2.088460e-03 9.999909e-01 8.628958e+01
9.999944e-01 1.994407e-03 -2.682549e-03 4.200898e-02 -1.998266e-03 9.999970e-01 -1.436529e-03 -2.265551e+00 2.679642e-03 1.441881e-03 9.999953e-01 8.756182e+01
9.999948e-01 -2.067085e-03 2.493073e-03 9.050501e-02 2.062046e-03 9.999958e-01 2.022255e-03 -2.290199e+00 -2.497277e-03 -2.017105e-03 9.999948e-01 8.859098e+01
9.999966e-01 1.607757e-03 -2.060640e-03 1.380675e-01 -1.610244e-03 9.999980e-01 -1.205462e-03 -2.318161e+00 2.058664e-03 1.208775e-03 9.999971e-01 8.984701e+01
9.999862e-01 -1.920543e-03 4.894875e-03 1.278071e-01 1.909755e-03 9.999957e-01 2.207662e-03 -2.349415e+00 -4.899128e-03 -2.198284e-03 9.999855e-01 9.122687e+01
9.999951e-01 1.407805e-03 -2.789208e-03 1.216261e-01 -1.411320e-03 9.999982e-01 -1.258723e-03 -2.382571e+00 2.787398e-03 1.262653e-03 9.999952e-01 9.270638e+01
9.999770e-01 -1.653023e-03 6.580934e-03 7.120197e-02 1.636646e-03 9.999956e-01 2.493039e-03 -2.420154e+00 -6.585059e-03 -2.482211e-03 9.999751e-01 9.436022e+01
9.999919e-01 2.540251e-05 -4.028029e-03 6.686642e-02 -2.792941e-05 9.999998e-01 -6.272694e-04 -2.468425e+00 4.027979e-03 6.273765e-04 9.999916e-01 9.677084e+01
9.999727e-01 -1.555033e-03 7.219638e-03 3.487273e-02 1.537490e-03 9.999959e-01 2.434760e-03 -2.517042e+00 -7.223427e-03 -2.423593e-03 9.999709e-01 9.915655e+01
9.999830e-01 5.768794e-04 -5.799075e-03 6.294288e-02 -5.845469e-04 9.999990e-01 -1.320585e-03 -2.551968e+00 5.798274e-03 1.323952e-03 9.999822e-01 1.008035e+02
9.999711e-01 -4.087811e-04 7.595046e-03 6.154607e-02 3.946583e-04 9.999982e-01 1.860873e-03 -2.577513e+00 -7.595825e-03 -1.857822e-03 9.999693e-01 1.018676e+02
9.999742e-01 9.469187e-04 -7.117276e-03 9.684666e-02 -9.587734e-04 9.999982e-01 -1.662410e-03 -2.593960e+00 7.115657e-03 1.669191e-03 9.999732e-01 1.024109e+02
9.999683e-01 -1.140179e-03 7.877820e-03 1.166649e-01 1.123345e-03 9.999971e-01 2.140942e-03 -2.619469e+00 -7.880270e-03 -2.132025e-03 9.999666e-01 1.034368e+02
9.999796e-01 8.320523e-04 -6.340103e-03 1.147936e-01 -8.429411e-04 9.999982e-01 -1.714991e-03 -2.646219e+00 6.338633e-03 1.720300e-03 9.999783e-01 1.045195e+02
9.999828e-01 -1.493888e-04 5.855703e-03 1.605104e-01 1.316485e-04 9.999954e-01 3.029853e-03 -2.668425e+00 -5.856160e-03 -3.029030e-03 9.999782e-01 1.055805e+02
9.999871e-01 2.188316e-03 -4.593376e-03 4.042992e-01 -2.192643e-03 9.999972e-01 -9.371259e-04 -2.682361e+00 4.591280e-03 9.471858e-04 9.999889e-01 1.064070e+02
9.999973e-01 7.799746e-04 2.178040e-03 8.498173e-01 -7.867890e-04 9.999948e-01 3.129617e-03 -2.689112e+00 -2.175619e-03 -3.131321e-03 9.999926e-01 1.070784e+02
9.999985e-01 -4.509838e-04 -1.675332e-03 1.005995e+00 4.473970e-04 9.999976e-01 -2.140797e-03 -2.696353e+00 1.676261e-03 2.140045e-03 9.999962e-01 1.075466e+02
9.999939e-01 1.585880e-04 3.494889e-03 9.877024e-01 -1.662153e-04 9.999976e-01 2.182279e-03 -2.718346e+00 -3.494566e-03 -2.182846e-03 9.999914e-01 1.083190e+02
9.999982e-01 -5.068794e-04 -1.854026e-03 9.752050e-01 5.028339e-04 9.999975e-01 -2.181873e-03 -2.739282e+00 1.855096e-03 2.180937e-03 9.999958e-01 1.090528e+02
9.999958e-01 5.246016e-04 2.844547e-03 9.746884e-01 -5.304468e-04 9.999977e-01 2.054531e-03 -2.759030e+00 -2.843494e-03 -2.056030e-03 9.999937e-01 1.096809e+02
9.999983e-01 -4.895603e-04 -1.789601e-03 9.765898e-01 4.857644e-04 9.999976e-01 -2.120983e-03 -2.779073e+00 1.790603e-03 2.120111e-03 9.999961e-01 1.103363e+02
9.999952e-01 3.922892e-04 3.058178e-03 9.720064e-01 -3.985244e-04 9.999978e-01 2.038539e-03 -2.799740e+00 -3.057403e-03 -2.039748e-03 9.999931e-01 1.110215e+02
9.999934e-01 -7.505244e-05 -3.628782e-03 1.000571e+00 6.883085e-05 9.999985e-01 -1.714647e-03 -2.821270e+00 3.628874e-03 1.714387e-03 9.999918e-01 1.118273e+02
9.999946e-01 2.835420e-04 3.283451e-03 1.079903e+00 -2.902996e-04 9.999978e-01 2.057815e-03 -2.837590e+00 -3.282892e-03 -2.058757e-03 9.999924e-01 1.124818e+02
9.999976e-01 -2.135078e-04 -2.179447e-03 1.103301e+00 2.092714e-04 9.999981e-01 -1.943905e-03 -2.855994e+00 2.179827e-03 1.943445e-03 9.999956e-01 1.131105e+02
9.999953e-01 2.569200e-04 3.037967e-03 1.112500e+00 -2.625430e-04 9.999983e-01 1.850689e-03 -2.875977e+00 -3.037517e-03 -1.851477e-03 9.999936e-01 1.137578e+02
9.999978e-01 -1.349744e-04 -2.088036e-03 1.113764e+00 1.307543e-04 9.999979e-01 -2.021135e-03 -2.895747e+00 2.088273e-03 2.020858e-03 9.999957e-01 1.143614e+02
9.999944e-01 2.963621e-04 3.331646e-03 1.103549e+00 -3.029709e-04 9.999980e-01 1.983370e-03 -2.918083e+00 -3.331083e-03 -1.984368e-03 9.999924e-01 1.151103e+02
9.999980e-01 -1.744292e-04 -2.014626e-03 1.092589e+00 1.704623e-04 9.999980e-01 -1.969160e-03 -2.940295e+00 2.014935e-03 1.968813e-03 9.999959e-01 1.158555e+02
9.999966e-01 1.196211e-04 2.596270e-03 1.114747e+00 -1.246180e-04 9.999981e-01 1.924628e-03 -2.962290e+00 -2.596066e-03 -1.924945e-03 9.999947e-01 1.166105e+02
9.999975e-01 1.869453e-04 -2.214391e-03 1.144554e+00 -1.916523e-04 9.999977e-01 -2.125675e-03 -2.983573e+00 2.213957e-03 2.126095e-03 9.999952e-01 1.172664e+02
9.999956e-01 1.255118e-05 2.952717e-03 1.163683e+00 -1.845265e-05 9.999980e-01 1.998669e-03 -3.006339e+00 -2.952716e-03 -1.998714e-03 9.999935e-01 1.180006e+02
9.999986e-01 -1.683826e-04 -1.650615e-03 1.171840e+00 1.650111e-04 9.999979e-01 -2.042627e-03 -3.030903e+00 1.650925e-03 2.042353e-03 9.999965e-01 1.188550e+02
9.999950e-01 1.473712e-04 3.144789e-03 1.161738e+00 -1.536000e-04 9.999980e-01 1.980545e-03 -3.052378e+00 -3.144521e-03 -1.981017e-03 9.999930e-01 1.195668e+02
9.999989e-01 -2.183247e-04 -1.491106e-03 1.147115e+00 2.153442e-04 9.999980e-01 -1.998876e-03 -3.074703e+00 1.491509e-03 1.998553e-03 9.999968e-01 1.203256e+02
9.999940e-01 -9.512760e-06 3.459230e-03 1.125562e+00 2.461061e-06 9.999979e-01 2.038542e-03 -3.098103e+00 -3.459272e-03 -2.038520e-03 9.999918e-01 1.211517e+02
9.999991e-01 -2.549637e-04 -1.306702e-03 1.096601e+00 2.523616e-04 9.999980e-01 -1.991250e-03 -3.121409e+00 1.307177e-03 1.990919e-03 9.999971e-01 1.219788e+02
9.999931e-01 -1.467374e-04 3.699619e-03 1.063378e+00 1.388743e-04 9.999977e-01 2.125577e-03 -3.146068e+00 -3.699953e-03 -2.125048e-03 9.999908e-01 1.228838e+02
9.999974e-01 -2.787205e-04 -2.240249e-03 1.059564e+00 2.738172e-04 9.999976e-01 -2.188809e-03 -3.169712e+00 2.240824e-03 2.188191e-03 9.999950e-01 1.237158e+02
9.999948e-01 2.474767e-04 3.222591e-03 1.073506e+00 -2.540880e-04 9.999979e-01 2.051338e-03 -3.192290e+00 -3.222106e-03 -2.052145e-03 9.999926e-01 1.244638e+02
9.999976e-01 -2.703085e-04 -2.182323e-03 1.085678e+00 2.655444e-04 9.999976e-01 -2.183119e-03 -3.214693e+00 2.182878e-03 2.182535e-03 9.999951e-01 1.252057e+02
9.999943e-01 2.143942e-04 3.360934e-03 1.100581e+00 -2.214503e-04 9.999978e-01 2.099225e-03 -3.238508e+00 -3.360506e-03 -2.099957e-03 9.999921e-01 1.260227e+02
9.999973e-01 -1.729290e-04 -2.332266e-03 1.124011e+00 1.677676e-04 9.999975e-01 -2.213121e-03 -3.262716e+00 2.332614e-03 2.212724e-03 9.999947e-01 1.268413e+02
9.999938e-01 1.218058e-04 3.507176e-03 1.144842e+00 -1.292811e-04 9.999977e-01 2.131282e-03 -3.287691e+00 -3.506938e-03 -2.131721e-03 9.999915e-01 1.277080e+02
9.999975e-01 -1.906215e-04 -2.248666e-03 1.162893e+00 1.856829e-04 9.999976e-01 -2.196266e-03 -3.312712e+00 2.249050e-03 2.195843e-03 9.999950e-01 1.285830e+02
9.999931e-01 6.096062e-05 3.710808e-03 1.165708e+00 -6.891032e-05 9.999977e-01 2.142239e-03 -3.337203e+00 -3.710697e-03 -2.142480e-03 9.999907e-01 1.294342e+02
9.999983e-01 -2.344939e-04 -1.812630e-03 1.145069e+00 2.307609e-04 9.999979e-01 -2.059479e-03 -3.361061e+00 1.813081e-03 2.059058e-03 9.999961e-01 1.302890e+02
9.999933e-01 2.291081e-05 3.651585e-03 1.125705e+00 -3.088619e-05 9.999976e-01 2.184067e-03 -3.384746e+00 -3.651555e-03 -2.184165e-03 9.999908e-01 1.311523e+02
9.999982e-01 -3.660959e-05 -1.898738e-03 1.107065e+00 3.284135e-05 9.999980e-01 -1.984672e-03 -3.407662e+00 1.898779e-03 1.984607e-03 9.999961e-01 1.319766e+02
9.999945e-01 4.571624e-05 3.305081e-03 1.102823e+00 -5.256421e-05 9.999979e-01 2.071923e-03 -3.428974e+00 -3.305008e-03 -2.072085e-03 9.999923e-01 1.327147e+02
9.999983e-01 1.908889e-04 -1.843417e-03 1.085867e+00 -1.947132e-04 9.999978e-01 -2.074704e-03 -3.449637e+00 1.842989e-03 2.075060e-03 9.999961e-01 1.333879e+02
9.999933e-01 -4.193419e-05 3.646856e-03 1.061729e+00 3.420769e-05 9.999978e-01 2.118735e-03 -3.471014e+00 -3.646964e-03 -2.118595e-03 9.999910e-01 1.341017e+02
9.999988e-01 1.916467e-05 -1.547995e-03 1.031970e+00 -2.222799e-05 9.999980e-01 -1.978996e-03 -3.493767e+00 1.547927e-03 1.979029e-03 9.999967e-01 1.349101e+02
9.999925e-01 -2.213328e-04 3.859766e-03 1.001286e+00 2.130344e-04 9.999977e-01 2.150269e-03 -3.517787e+00 -3.860260e-03 -2.149430e-03 9.999901e-01 1.357927e+02
9.999984e-01 1.361322e-04 -1.756443e-03 9.761525e-01 -1.395025e-04 9.999981e-01 -1.918904e-03 -3.542190e+00 1.756151e-03 1.919146e-03 9.999965e-01 1.366986e+02
9.999927e-01 -3.197862e-04 3.814655e-03 9.673705e-01 3.119430e-04 9.999978e-01 2.056500e-03 -3.568048e+00 -3.815331e-03 -2.055294e-03 9.999905e-01 1.376426e+02
9.999983e-01 7.246098e-05 -1.848176e-03 9.662285e-01 -7.598989e-05 9.999982e-01 -1.909479e-03 -3.596835e+00 1.848007e-03 1.909617e-03 9.999964e-01 1.387200e+02
9.999938e-01 -2.724808e-04 3.502705e-03 9.836180e-01 2.652959e-04 9.999979e-01 2.051580e-03 -3.626695e+00 -3.503283e-03 -2.050637e-03 9.999917e-01 1.398444e+02
9.999990e-01 1.076051e-04 -1.423683e-03 9.767774e-01 -1.101970e-04 9.999983e-01 -1.820764e-03 -3.654549e+00 1.423458e-03 1.820920e-03 9.999972e-01 1.409030e+02
9.999917e-01 -5.371506e-04 4.038323e-03 9.487720e-01 5.287030e-04 9.999977e-01 2.092655e-03 -3.682794e+00 -4.039464e-03 -2.090502e-03 9.999896e-01 1.419970e+02
9.999989e-01 -8.812066e-05 -1.454419e-03 9.352591e-01 8.537129e-05 9.999982e-01 -1.890422e-03 -3.713919e+00 1.454557e-03 1.890297e-03 9.999971e-01 1.432068e+02
9.999916e-01 -4.252132e-04 4.064988e-03 9.382687e-01 4.163717e-04 9.999975e-01 2.175658e-03 -3.747932e+00 -4.065929e-03 -2.173946e-03 9.999893e-01 1.445604e+02
9.999987e-01 -5.114022e-05 -1.631498e-03 9.388144e-01 4.812338e-05 9.999983e-01 -1.849208e-03 -3.780696e+00 1.631564e-03 1.849128e-03 9.999969e-01 1.458679e+02
9.999919e-01 -3.480483e-04 4.000863e-03 9.340324e-01 3.396757e-04 9.999978e-01 2.093224e-03 -3.811842e+00 -4.001607e-03 -2.091847e-03 9.999897e-01 1.470784e+02
9.999988e-01 -3.013149e-05 -1.521250e-03 9.249010e-01 2.734132e-05 9.999983e-01 -1.834228e-03 -3.842654e+00 1.521278e-03 1.834185e-03 9.999971e-01 1.482774e+02
9.999908e-01 -4.969784e-04 4.261526e-03 9.225348e-01 4.881992e-04 9.999978e-01 2.060934e-03 -3.875911e+00 -4.262566e-03 -2.058833e-03 9.999887e-01 1.495829e+02
9.999992e-01 -9.601120e-05 -1.245391e-03 9.142365e-01 9.376581e-05 9.999984e-01 -1.803029e-03 -3.909635e+00 1.245537e-03 1.802912e-03 9.999975e-01 1.509229e+02
9.999904e-01 -5.810380e-04 4.347667e-03 8.954847e-01 5.720831e-04 9.999977e-01 2.060709e-03 -3.942752e+00 -4.348878e-03 -2.058201e-03 9.999883e-01 1.522352e+02
9.999977e-01 3.368191e-05 -2.143595e-03 9.081714e-01 -3.781036e-05 9.999981e-01 -1.926016e-03 -3.974099e+00 2.143502e-03 1.926094e-03 9.999957e-01 1.534573e+02
9.999945e-01 -5.746512e-05 3.327722e-03 9.667262e-01 5.083221e-05 9.999980e-01 1.993317e-03 -4.004185e+00 -3.327854e-03 -1.993136e-03 9.999924e-01 1.545988e+02
9.999982e-01 -1.086806e-04 -1.874146e-03 1.015662e+00 1.051331e-04 9.999982e-01 -1.892934e-03 -4.034972e+00 1.874325e-03 1.892734e-03 9.999964e-01 1.557817e+02
9.999955e-01 9.789263e-05 2.984951e-03 1.082309e+00 -1.036641e-04 9.999981e-01 1.933483e-03 -4.064737e+00 -2.984780e-03 -1.933783e-03 9.999936e-01 1.569085e+02
9.999975e-01 1.117292e-04 -2.210845e-03 1.137084e+00 -1.161814e-04 9.999980e-01 -2.013852e-03 -4.090847e+00 2.210592e-03 2.014105e-03 9.999954e-01 1.578325e+02
9.999953e-01 4.697901e-05 3.065554e-03 1.177290e+00 -5.286437e-05 9.999982e-01 1.919828e-03 -4.116458e+00 -3.065481e-03 -1.919980e-03 9.999934e-01 1.587184e+02
9.999970e-01 1.661243e-04 -2.437824e-03 1.213961e+00 -1.712514e-04 9.999978e-01 -2.103155e-03 -4.139954e+00 2.437446e-03 2.103567e-03 9.999947e-01 1.594872e+02
9.999953e-01 1.525035e-04 3.050744e-03 1.266663e+00 -1.585280e-04 9.999980e-01 1.974642e-03 -4.164479e+00 -3.050460e-03 -1.975115e-03 9.999933e-01 1.603245e+02
9.999985e-01 -2.476707e-04 -1.689675e-03 1.292460e+00 2.442991e-04 9.999980e-01 -1.995448e-03 -4.191645e+00 1.690142e-03 1.995034e-03 9.999965e-01 1.613142e+02
9.999940e-01 -8.665324e-05 3.473478e-03 1.331000e+00 7.929907e-05 9.999978e-01 2.117354e-03 -4.223709e+00 -3.473677e-03 -2.117064e-03 9.999916e-01 1.625756e+02
9.999982e-01 -1.559891e-04 -1.904529e-03 1.391311e+00 1.522810e-04 9.999981e-01 -1.947098e-03 -4.255147e+00 1.904806e-03 1.946805e-03 9.999962e-01 1.638280e+02
9.999937e-01 -1.372178e-04 3.538532e-03 1.418103e+00 1.301256e-04 9.999980e-01 2.004457e-03 -4.284103e+00 -3.538823e-03 -2.003982e-03 9.999916e-01 1.649349e+02
9.999985e-01 -2.455628e-04 -1.687559e-03 1.441519e+00 2.424247e-04 9.999982e-01 -1.859622e-03 -4.313295e+00 1.687990e-03 1.859211e-03 9.999967e-01 1.660751e+02
9.999931e-01 -8.445854e-05 3.709666e-03 1.426381e+00 7.711025e-05 9.999980e-01 1.980982e-03 -4.339178e+00 -3.709848e-03 -1.980682e-03 9.999911e-01 1.670521e+02
9.999967e-01 -2.575682e-04 -2.536743e-03 1.458771e+00 2.526602e-04 9.999981e-01 -1.934967e-03 -4.366789e+00 2.537214e-03 1.934321e-03 9.999948e-01 1.680896e+02
9.999929e-01 1.407488e-04 3.775836e-03 1.505602e+00 -1.482230e-04 9.999980e-01 1.979298e-03 -4.394667e+00 -3.775572e-03 -1.979843e-03 9.999908e-01 1.691378e+02
9.999957e-01 -5.215642e-06 -2.926223e-03 1.550627e+00 -8.565990e-07 9.999978e-01 -2.075165e-03 -4.420142e+00 2.926205e-03 2.075160e-03 9.999935e-01 1.700304e+02
9.999933e-01 2.203595e-04 3.657699e-03 1.603544e+00 -2.275728e-04 9.999980e-01 1.971821e-03 -4.446018e+00 -3.657279e-03 -1.972639e-03 9.999913e-01 1.709401e+02
9.999954e-01 6.431458e-06 -3.039647e-03 1.645377e+00 -1.285784e-05 9.999978e-01 -2.114225e-03 -4.469117e+00 3.039605e-03 2.114256e-03 9.999930e-01 1.717216e+02
9.999930e-01 1.701091e-04 3.734539e-03 1.653135e+00 -1.771338e-04 9.999982e-01 1.880784e-03 -4.488956e+00 -3.734234e-03 -1.881431e-03 9.999912e-01 1.723267e+02
9.999963e-01 5.319068e-05 -2.734614e-03 1.644982e+00 -5.885119e-05 9.999979e-01 -2.069969e-03 -4.507561e+00 2.734476e-03 2.070123e-03 9.999940e-01 1.728849e+02
9.999944e-01 2.604451e-04 3.349645e-03 1.653933e+00 -2.667044e-04 9.999982e-01 1.868352e-03 -4.525750e+00 -3.349175e-03 -1.869233e-03 9.999925e-01 1.734126e+02
9.999960e-01 4.907126e-05 -2.836426e-03 1.689466e+00 -5.501534e-05 9.999978e-01 -2.095637e-03 -4.548254e+00 2.836296e-03 2.095785e-03 9.999937e-01 1.741249e+02
9.999937e-01 2.671461e-04 3.539616e-03 1.731291e+00 -2.740715e-04 9.999980e-01 1.956232e-03 -4.572221e+00 -3.539108e-03 -1.957189e-03 9.999917e-01 1.749281e+02
9.999959e-01 -5.004779e-06 -2.875312e-03 1.757396e+00 -1.136717e-06 9.999977e-01 -2.135987e-03 -4.594232e+00 2.875294e-03 2.135983e-03 9.999935e-01 1.756288e+02
9.999931e-01 1.117520e-04 3.702695e-03 1.779293e+00 -1.190677e-04 9.999980e-01 1.975653e-03 -4.617018e+00 -3.702488e-03 -1.976079e-03 9.999911e-01 1.763801e+02
9.999962e-01 -2.921750e-05 -2.758761e-03 1.810008e+00 2.347960e-05 9.999978e-01 -2.079945e-03 -4.641542e+00 2.758794e-03 2.079873e-03 9.999939e-01 1.772241e+02
9.999934e-01 1.995949e-04 3.619979e-03 1.833693e+00 -2.066271e-04 9.999981e-01 1.942367e-03 -4.664613e+00 -3.619606e-03 -1.943101e-03 9.999915e-01 1.779870e+02
9.999965e-01 8.764225e-05 -2.649149e-03 1.835572e+00 -9.266938e-05 9.999982e-01 -1.897628e-03 -4.687869e+00 2.648957e-03 1.897868e-03 9.999946e-01 1.787773e+02
9.999925e-01 -1.219032e-04 3.866966e-03 1.833639e+00 1.135706e-04 9.999977e-01 2.154993e-03 -4.712611e+00 -3.867241e-03 -2.154537e-03 9.999901e-01 1.797085e+02
9.999967e-01 -2.037496e-04 -2.564812e-03 1.844790e+00 1.987343e-04 9.999981e-01 -1.955597e-03 -4.742048e+00 2.565185e-03 1.955081e-03 9.999947e-01 1.808456e+02
9.999912e-01 -2.758135e-05 4.200684e-03 1.866623e+00 1.834109e-05 9.999976e-01 2.199752e-03 -4.773405e+00 -4.200756e-03 -2.199654e-03 9.999887e-01 1.820784e+02
9.999970e-01 -3.880515e-04 -2.412527e-03 1.873356e+00 3.832264e-04 9.999979e-01 -2.000212e-03 -4.804615e+00 2.413278e-03 1.999282e-03 9.999950e-01 1.833001e+02
9.999906e-01 2.157827e-06 4.329741e-03 1.901407e+00 -1.180921e-05 9.999975e-01 2.229091e-03 -4.837347e+00 -4.329746e-03 -2.229120e-03 9.999880e-01 1.846125e+02
9.999968e-01 -2.869069e-04 -2.529987e-03 1.923434e+00 2.818250e-04 9.999979e-01 -2.008856e-03 -4.868982e+00 2.530538e-03 2.008138e-03 9.999947e-01 1.858692e+02
9.999913e-01 1.206094e-05 4.159864e-03 1.939510e+00 -2.136421e-05 9.999975e-01 2.236425e-03 -4.899116e+00 -4.159847e-03 -2.236493e-03 9.999887e-01 1.870483e+02
9.999974e-01 -4.216604e-04 -2.260404e-03 1.941648e+00 4.170846e-04 9.999979e-01 -2.024487e-03 -4.929825e+00 2.261233e-03 2.023540e-03 9.999953e-01 1.882454e+02
9.999908e-01 1.133323e-05 4.288512e-03 1.958698e+00 -2.089568e-05 9.999975e-01 2.229773e-03 -4.961564e+00 -4.288496e-03 -2.229841e-03 9.999882e-01 1.894890e+02
9.999971e-01 -4.248680e-04 -2.368254e-03 1.974031e+00 4.201217e-04 9.999979e-01 -2.004307e-03 -4.993406e+00 2.369081e-03 2.003307e-03 9.999951e-01 1.907386e+02
9.999894e-01 4.715195e-06 4.612102e-03 1.966213e+00 -1.486642e-05 9.999976e-01 2.200992e-03 -5.023557e+00 -4.612099e-03 -2.201035e-03 9.999868e-01 1.919155e+02
9.999970e-01 -5.805843e-04 -2.384432e-03 1.985114e+00 5.758057e-04 9.999978e-01 -2.004342e-03 -5.056065e+00 2.385572e-03 2.002964e-03 9.999950e-01 1.932189e+02
9.999860e-01 1.639393e-05 5.290962e-03 1.979634e+00 -2.873468e-05 9.999973e-01 2.332376e-03 -5.089957e+00 -5.290928e-03 -2.332494e-03 9.999832e-01 1.946118e+02
9.999973e-01 -8.154542e-04 -2.195665e-03 1.957788e+00 8.111507e-04 9.999977e-01 -1.960275e-03 -5.122554e+00 2.197240e-03 1.958490e-03 9.999956e-01 1.959703e+02
9.999877e-01 1.823544e-04 4.950924e-03 1.967040e+00 -1.934525e-04 9.999975e-01 2.241251e-03 -5.156966e+00 -4.950521e-03 -2.242180e-03 9.999851e-01 1.973848e+02
9.999985e-01 -6.167783e-04 -1.629685e-03 1.937196e+00 6.142265e-04 9.999986e-01 -1.565948e-03 -5.191910e+00 1.630631e-03 1.564946e-03 9.999973e-01 1.988891e+02
9.999943e-01 -5.850923e-05 3.375146e-03 1.955123e+00 5.237224e-05 9.999983e-01 1.818390e-03 -5.221240e+00 -3.375264e-03 -1.818201e-03 9.999926e-01 2.000744e+02
9.999975e-01 1.719574e-04 -2.244938e-03 1.973785e+00 -1.763333e-04 9.999981e-01 -1.949221e-03 -5.245918e+00 2.244581e-03 1.949614e-03 9.999955e-01 2.009227e+02
9.999945e-01 -6.934393e-05 3.306444e-03 2.002855e+00 6.322401e-05 9.999983e-01 1.851015e-03 -5.271005e+00 -3.306584e-03 -1.850795e-03 9.999927e-01 2.018023e+02
9.999976e-01 3.242226e-05 -2.170882e-03 2.040294e+00 -3.651496e-05 9.999982e-01 -1.885332e-03 -5.297541e+00 2.170799e-03 1.885408e-03 9.999958e-01 2.027669e+02
9.999910e-01 -4.041406e-04 4.217653e-03 2.048533e+00 3.957446e-04 9.999979e-01 1.991352e-03 -5.327113e+00 -4.218466e-03 -1.989664e-03 9.999890e-01 2.039052e+02
9.999981e-01 -3.930790e-04 -1.884550e-03 2.055666e+00 3.899007e-04 9.999985e-01 -1.686697e-03 -5.359336e+00 1.885193e-03 1.685961e-03 9.999967e-01 2.052335e+02
9.999928e-01 -1.630296e-04 3.795278e-03 2.082392e+00 1.558628e-04 9.999982e-01 1.888594e-03 -5.390782e+00 -3.795596e-03 -1.887988e-03 9.999909e-01 2.064935e+02
9.999971e-01 -1.828543e-04 -2.417610e-03 2.116776e+00 1.787156e-04 9.999985e-01 -1.712055e-03 -5.420418e+00 2.417903e-03 1.711619e-03 9.999955e-01 2.076462e+02
9.999926e-01 -1.806741e-04 3.837572e-03 2.137127e+00 1.735216e-04 9.999982e-01 1.864074e-03 -5.449999e+00 -3.837919e-03 -1.863392e-03 9.999908e-01 2.087810e+02
9.999971e-01 -1.704939e-05 -2.412887e-03 2.157168e+00 1.273630e-05 9.999984e-01 -1.787591e-03 -5.477663e+00 2.412897e-03 1.787557e-03 9.999954e-01 2.098065e+02
9.999929e-01 -1.316821e-04 3.768753e-03 2.178642e+00 1.250618e-04 9.999984e-01 1.756850e-03 -5.503918e+00 -3.768994e-03 -1.756365e-03 9.999913e-01 2.107488e+02
9.999978e-01 -1.761941e-04 -2.081467e-03 2.188195e+00 1.726662e-04 9.999985e-01 -1.695046e-03 -5.531515e+00 2.081747e-03 1.694685e-03 9.999963e-01 2.117710e+02
9.999936e-01 -1.102170e-04 3.589631e-03 2.201842e+00 1.040727e-04 9.999985e-01 1.711865e-03 -5.558045e+00 -3.589830e-03 -1.711479e-03 9.999920e-01 2.127426e+02
9.999979e-01 -1.424831e-04 -2.067346e-03 2.221818e+00 1.389644e-04 9.999985e-01 -1.702169e-03 -5.585593e+00 2.067570e-03 1.701880e-03 9.999963e-01 2.137568e+02
9.999932e-01 -8.151376e-05 3.689908e-03 2.244214e+00 7.508749e-05 9.999985e-01 1.741721e-03 -5.613844e+00 -3.690060e-03 -1.741430e-03 9.999916e-01 2.148092e+02
9.999975e-01 -3.581839e-05 -2.233611e-03 2.255386e+00 3.195423e-05 9.999985e-01 -1.730084e-03 -5.639490e+00 2.233654e-03 1.730010e-03 9.999959e-01 2.157349e+02
9.999861e-01 -4.016360e-04 5.256069e-03 2.210106e+00 3.910801e-04 9.999979e-01 2.009224e-03 -5.669329e+00 -5.256880e-03 -2.007139e-03 9.999841e-01 2.169142e+02
9.999990e-01 -5.040443e-04 -1.300330e-03 2.154828e+00 5.021329e-04 9.999988e-01 -1.469939e-03 -5.703124e+00 1.301055e-03 1.469286e-03 9.999980e-01 2.183619e+02
9.999878e-01 -3.575016e-04 4.921836e-03 2.107937e+00 3.473231e-04 9.999978e-01 2.068764e-03 -5.736937e+00 -4.922579e-03 -2.067027e-03 9.999856e-01 2.198259e+02
9.999999e-01 -3.919271e-04 -2.469147e-04 2.019200e+00 3.916964e-04 9.999995e-01 -9.344885e-04 -5.778906e+00 2.472670e-04 9.343936e-04 9.999994e-01 2.217201e+02
9.999878e-01 -1.123254e-03 4.818476e-03 1.956321e+00 1.112041e-03 9.999967e-01 2.329155e-03 -5.822019e+00 -4.821090e-03 -2.323766e-03 9.999856e-01 2.237888e+02
9.999990e-01 1.439794e-04 -1.414486e-03 1.917684e+00 -1.455701e-04 9.999994e-01 -1.124621e-03 -5.860284e+00 1.414310e-03 1.124828e-03 9.999983e-01 2.255618e+02
9.999851e-01 -1.235735e-03 5.323383e-03 1.880393e+00 1.223981e-03 9.999968e-01 2.210787e-03 -5.896739e+00 -5.326110e-03 -2.204236e-03 9.999833e-01 2.272438e+02
9.999977e-01 2.988269e-04 -2.117948e-03 1.841475e+00 -3.016992e-04 9.999990e-01 -1.356094e-03 -5.931106e+00 2.117528e-03 1.356732e-03 9.999967e-01 2.287788e+02
9.999867e-01 -1.405694e-03 4.963919e-03 1.821378e+00 1.396527e-03 9.999973e-01 1.849604e-03 -5.965415e+00 -4.966518e-03 -1.842645e-03 9.999859e-01 2.302455e+02
9.999965e-01 9.966115e-04 -2.443577e-03 1.806300e+00 -1.000143e-03 9.999985e-01 -1.444658e-03 -5.995323e+00 2.442122e-03 1.447099e-03 9.999959e-01 2.314855e+02
9.999906e-01 -1.064138e-03 4.208814e-03 1.793895e+00 1.055794e-03 9.999975e-01 1.984287e-03 -6.026372e+00 -4.210927e-03 -1.979822e-03 9.999891e-01 2.327408e+02
9.999983e-01 5.418456e-04 -1.766711e-03 1.769972e+00 -5.444947e-04 9.999987e-01 -1.499378e-03 -6.057572e+00 1.765885e-03 1.500340e-03 9.999972e-01 2.340461e+02
9.999922e-01 -8.907367e-04 3.842326e-03 1.766847e+00 8.837933e-04 9.999980e-01 1.808427e-03 -6.085373e+00 -3.843940e-03 -1.805015e-03 9.999909e-01 2.351565e+02
9.999975e-01 4.018256e-04 -2.220043e-03 1.778387e+00 -4.056192e-04 9.999985e-01 -1.708713e-03 -6.112804e+00 2.219342e-03 1.709612e-03 9.999960e-01 2.361955e+02
9.999901e-01 -7.385490e-04 4.395467e-03 1.776678e+00 7.302829e-04 9.999980e-01 1.881944e-03 -6.143298e+00 -4.396859e-03 -1.878712e-03 9.999885e-01 2.373739e+02
9.999978e-01 2.030262e-04 -2.066455e-03 1.778219e+00 -2.063269e-04 9.999987e-01 -1.597257e-03 -6.174774e+00 2.066117e-03 1.597682e-03 9.999965e-01 2.386374e+02
9.999892e-01 -6.838308e-04 4.602941e-03 1.772092e+00 6.755273e-04 9.999981e-01 1.805304e-03 -6.205913e+00 -4.604178e-03 -1.802173e-03 9.999877e-01 2.398669e+02
9.999980e-01 3.208965e-05 -2.024362e-03 1.771135e+00 -3.528296e-05 9.999988e-01 -1.577504e-03 -6.238638e+00 2.024298e-03 1.577575e-03 9.999966e-01 2.411842e+02
9.999861e-01 -9.964512e-04 5.186167e-03 1.782270e+00 9.860243e-04 9.999975e-01 2.012713e-03 -6.276264e+00 -5.188169e-03 -2.007568e-03 9.999844e-01 2.428060e+02
9.999976e-01 5.969460e-05 -2.201448e-03 1.804662e+00 -6.316804e-05 9.999988e-01 -1.577834e-03 -6.313676e+00 2.201342e-03 1.577972e-03 9.999962e-01 2.444153e+02
9.999891e-01 -5.778042e-04 4.629164e-03 1.824467e+00 5.693693e-04 9.999982e-01 1.823274e-03 -6.346629e+00 -4.630218e-03 -1.820616e-03 9.999875e-01 2.457622e+02
9.999965e-01 2.637710e-04 -2.626847e-03 1.859538e+00 -2.681185e-04 9.999986e-01 -1.654859e-03 -6.379323e+00 2.626398e-03 1.655561e-03 9.999951e-01 2.470567e+02
9.999864e-01 -7.709479e-04 5.161459e-03 1.885675e+00 7.609852e-04 9.999978e-01 1.931942e-03 -6.414626e+00 -5.162946e-03 -1.927985e-03 9.999847e-01 2.485081e+02
9.999977e-01 1.713967e-05 -2.136185e-03 1.892751e+00 -2.046478e-05 9.999988e-01 -1.556620e-03 -6.450115e+00 2.136147e-03 1.556663e-03 9.999964e-01 2.500060e+02
9.999857e-01 -9.559542e-04 5.266143e-03 1.870888e+00 9.458753e-04 9.999977e-01 1.916090e-03 -6.481725e+00 -5.267971e-03 -1.911079e-03 9.999842e-01 2.513343e+02
9.999986e-01 -2.429164e-05 -1.643650e-03 1.826791e+00 2.186416e-05 9.999989e-01 -1.476972e-03 -6.512198e+00 1.643676e-03 1.476937e-03 9.999975e-01 2.526356e+02
9.999880e-01 -7.910556e-04 4.825664e-03 1.791880e+00 7.809741e-04 9.999975e-01 2.090706e-03 -6.542502e+00 -4.827313e-03 -2.086909e-03 9.999861e-01 2.539598e+02
9.999985e-01 -7.858156e-05 -1.722563e-03 1.765139e+00 7.595681e-05 9.999988e-01 -1.523837e-03 -6.569605e+00 1.722673e-03 1.523707e-03 9.999973e-01 2.551238e+02
9.999904e-01 -5.643505e-04 4.341907e-03 1.742162e+00 5.549267e-04 9.999975e-01 2.171367e-03 -6.598631e+00 -4.343129e-03 -2.168934e-03 9.999881e-01 2.563638e+02
9.999989e-01 -4.079458e-04 -1.415147e-03 1.710253e+00 4.059428e-04 9.999989e-01 -1.415432e-03 -6.629598e+00 1.415716e-03 1.414859e-03 9.999979e-01 2.577546e+02
9.999924e-01 -2.801686e-04 3.877174e-03 1.692387e+00 2.722307e-04 9.999979e-01 2.047741e-03 -6.658372e+00 -3.877745e-03 -2.046667e-03 9.999903e-01 2.589708e+02
9.999984e-01 -2.988013e-04 -1.774770e-03 1.673634e+00 2.961849e-04 9.999989e-01 -1.474378e-03 -6.686945e+00 1.775203e-03 1.473853e-03 9.999972e-01 2.601507e+02
9.999920e-01 -2.723645e-04 3.997619e-03 1.650542e+00 2.637759e-04 9.999977e-01 2.148840e-03 -6.716741e+00 -3.998201e-03 -2.147765e-03 9.999896e-01 2.613922e+02
9.999954e-01 -4.501778e-04 -3.000836e-03 1.661505e+00 4.457992e-04 9.999988e-01 -1.459671e-03 -6.745058e+00 3.001484e-03 1.458330e-03 9.999943e-01 2.625918e+02
9.999945e-01 -4.699002e-04 3.275796e-03 1.698809e+00 4.632219e-04 9.999978e-01 2.039196e-03 -6.770031e+00 -3.276753e-03 -2.037664e-03 9.999925e-01 2.636554e+02
9.999983e-01 -1.606445e-04 -1.856621e-03 1.701608e+00 1.575183e-04 9.999986e-01 -1.683900e-03 -6.794174e+00 1.856883e-03 1.683609e-03 9.999968e-01 2.646318e+02
9.999965e-01 -2.581049e-05 2.656148e-03 1.716320e+00 1.993898e-05 9.999976e-01 2.210585e-03 -6.819047e+00 -2.656204e-03 -2.210520e-03 9.999939e-01 2.656314e+02
9.999980e-01 -3.938040e-04 -1.946854e-03 1.750248e+00 3.904900e-04 9.999985e-01 -1.702398e-03 -6.842322e+00 1.947516e-03 1.701638e-03 9.999966e-01 2.665696e+02
9.999942e-01 4.585181e-04 3.375926e-03 1.762273e+00 -4.653567e-04 9.999978e-01 2.025228e-03 -6.863844e+00 -3.374995e-03 -2.026783e-03 9.999922e-01 2.673605e+02
9.999984e-01 -5.778888e-04 -1.682574e-03 1.760016e+00 5.751553e-04 9.999985e-01 -1.624651e-03 -6.887839e+00 1.683505e-03 1.623684e-03 9.999972e-01 2.682728e+02
9.999951e-01 3.636530e-04 3.119262e-03 1.757867e+00 -3.701842e-04 9.999977e-01 2.093552e-03 -6.913088e+00 -3.118498e-03 -2.094692e-03 9.999928e-01 2.692588e+02
9.999977e-01 -6.152727e-04 -2.064069e-03 1.767810e+00 6.119182e-04 9.999985e-01 -1.625455e-03 -6.938041e+00 2.065061e-03 1.624192e-03 9.999964e-01 2.702309e+02
9.999955e-01 3.214609e-04 2.972246e-03 1.784749e+00 -3.275417e-04 9.999979e-01 2.045641e-03 -6.961926e+00 -2.971587e-03 -2.046602e-03 9.999934e-01 2.711667e+02
9.999973e-01 -3.216038e-04 -2.314135e-03 1.806847e+00 3.175787e-04 9.999984e-01 -1.739566e-03 -6.983427e+00 2.314686e-03 1.738830e-03 9.999957e-01 2.719546e+02
9.999956e-01 6.610958e-05 2.980165e-03 1.830332e+00 -7.227601e-05 9.999979e-01 2.069136e-03 -7.006304e+00 -2.980027e-03 -2.069338e-03 9.999933e-01 2.728126e+02
9.999925e-01 -2.160084e-04 -3.867223e-03 1.883576e+00 2.092060e-04 9.999984e-01 -1.759317e-03 -7.027746e+00 3.867593e-03 1.758499e-03 9.999909e-01 2.736535e+02
