9.999931e-01 -1.255081e-03 3.492183e-03 1.551025e-01 1.258926e-03 9.999986e-01 -1.098947e-03 -5.583681e-03 -3.490798e-03 1.103336e-03 9.999932e-01 1.022817e-01
9.999988e-01 4.427294e-04 -1.488730e-03 1.908390e-01 -4.423631e-04 9.999999e-01 2.463172e-04 -8.547493e-03 1.488839e-03 -2.456580e-04 9.999988e-01 2.278519e-01
9.999827e-01 -1.739305e-03 5.618359e-03 3.131351e-01 1.747566e-03 9.999974e-01 -1.465754e-03 -1.461598e-02 -5.615794e-03 1.475547e-03 9.999830e-01 3.816348e-01
9.999957e-01 8.161386e-04 -2.831603e-03 2.855048e-01 -8.147724e-04 9.999996e-01 4.836118e-04 -1.650133e-02 2.831998e-03 -4.813025e-04 9.999958e-01 6.053870e-01
9.999775e-01 -1.717324e-03 6.491203e-03 2.214016e-01 1.728081e-03 9.999971e-01 -1.651925e-03 -1.791619e-02 -6.488346e-03 1.663105e-03 9.999775e-01 8.898606e-01
9.999982e-01 3.024896e-04 -1.854306e-03 3.638614e-01 -3.018537e-04 9.999999e-01 3.432028e-04 -2.471480e-02 1.854412e-03 -3.426427e-04 9.999981e-01 1.055400e+00
9.999645e-01 -2.021161e-03 8.182754e-03 4.301063e-01 2.037175e-03 9.999960e-01 -1.949182e-03 -3.138040e-02 -8.178779e-03 1.965782e-03 9.999645e-01 1.373268e+00
9.999999e-01 -5.860082e-05 -5.317739e-04 5.862833e-01 5.870394e-05 1.000000e+00 1.938511e-04 -4.093058e-02 5.317661e-04 -1.938828e-04 9.999997e-01 1.681663e+00
9.999923e-01 -9.779109e-04 3.790095e-03 5.614426e-01 9.827055e-04 9.999987e-01 -1.263380e-03 -4.337339e-02 -3.788850e-03 1.267094e-03 9.999919e-01 1.931734e+00
1.000000e+00 4.147187e-05 1.908848e-04 4.908889e-01 -4.147275e-05 1.000000e+00 4.783517e-06 -4.481843e-02 -1.908803e-04 -4.792204e-06 9.999999e-01 2.242256e+00
9.999827e-01 -1.694242e-03 5.633274e-03 6.348737e-01 1.703639e-03 9.999972e-01 -1.663757e-03 -5.228322e-02 -5.630434e-03 1.673325e-03 9.999826e-01 2.497133e+00
9.999975e-01 7.092846e-04 -2.115344e-03 5.798118e-01 -7.082648e-04 9.999996e-01 4.827999e-04 -5.365569e-02 2.115691e-03 -4.813015e-04 9.999975e-01 2.813738e+00
9.999794e-01 -1.838079e-03 6.156925e-03 5.643208e-01 1.848531e-03 9.999969e-01 -1.692371e-03 -5.700447e-02 -6.153790e-03 1.703716e-03 9.999795e-01 3.068652e+00
9.999992e-01 3.858707e-04 -1.168431e-03 6.222335e-01 -3.854124e-04 9.999998e-01 3.923583e-04 -6.267871e-02 1.168588e-03 -3.919090e-04 9.999991e-01 3.317920e+00
9.999830e-01 -1.677416e-03 5.586372e-03 6.400325e-01 1.686691e-03 9.999972e-01 -1.655908e-03 -6.700150e-02 -5.583572e-03 1.665300e-03 9.999829e-01 3.574214e+00
9.999980e-01 5.492160e-04 -1.906369e-03 6.327858e-01 -5.481958e-04 9.999997e-01 5.355807e-04 -7.023555e-02 1.906670e-03 -5.345362e-04 9.999979e-01 3.819788e+00
9.999942e-01 -1.142803e-03 3.203132e-03 5.723912e-01 1.146620e-03 9.999986e-01 -1.189979e-03 -7.070967e-02 -3.201760e-03 1.193643e-03 9.999941e-01 3.987434e+00
9.999983e-01 5.769334e-04 -1.740463e-03 5.037930e-01 -5.760905e-04 9.999997e-01 4.847116e-04 -7.105168e-02 1.740750e-03 -4.837099e-04 9.999983e-01 4.159384e+00
9.999936e-01 -1.183848e-03 3.380304e-03 4.326584e-01 1.188050e-03 9.999985e-01 -1.241429e-03 -7.127280e-02 -3.378822e-03 1.245435e-03 9.999934e-01 4.358479e+00
9.999981e-01 -3.155340e-04 1.930342e-03 4.786555e-01 3.157981e-04 9.999999e-01 -1.364845e-04 -7.711371e-02 -1.930291e-03 1.370919e-04 9.999980e-01 4.627804e+00
9.999707e-01 -2.169036e-03 7.345068e-03 8.055501e-01 2.184162e-03 9.999955e-01 -2.051923e-03 -9.066804e-02 -7.340575e-03 2.067903e-03 9.999708e-01 4.886722e+00
9.999996e-01 -9.916103e-05 8.957193e-04 1.034470e+00 9.899128e-05 1.000000e+00 1.897029e-04 -1.019114e-01 -8.957285e-04 -1.896165e-04 9.999995e-01 5.165350e+00
9.999825e-01 -1.802334e-03 5.631316e-03 1.153501e+00 1.812090e-03 9.999969e-01 -1.727780e-03 -1.099960e-01 -5.628174e-03 1.737952e-03 9.999826e-01 5.464656e+00
9.999999e-01 1.154237e-04 3.560129e-04 1.280551e+00 -1.155038e-04 1.000000e+00 2.256357e-04 -1.179453e-01 -3.559761e-04 -2.256795e-04 9.999998e-01 5.701882e+00
9.999848e-01 -1.755740e-03 5.224608e-03 1.362289e+00 1.764082e-03 9.999972e-01 -1.592406e-03 -1.245749e-01 -5.221786e-03 1.601596e-03 9.999850e-01 5.969945e+00
9.999976e-01 6.620865e-04 -2.077454e-03 1.370290e+00 -6.608417e-04 9.999996e-01 5.997174e-04 -1.280997e-01 2.077862e-03 -5.983460e-04 9.999976e-01 6.177484e+00
9.999761e-01 -2.068370e-03 6.604329e-03 1.496184e+00 2.080424e-03 9.999962e-01 -1.818717e-03 -1.348777e-01 -6.600530e-03 1.832410e-03 9.999764e-01 6.341181e+00
9.999999e-01 2.448916e-04 -4.049749e-04 1.722271e+00 -2.447854e-04 9.999999e-01 2.616704e-04 -1.444258e-01 4.050517e-04 -2.615745e-04 9.999998e-01 6.518005e+00
9.999661e-01 -2.328329e-03 7.894857e-03 1.939507e+00 2.344258e-03 9.999952e-01 -2.008904e-03 -1.550378e-01 -7.890129e-03 2.027340e-03 9.999667e-01 6.757375e+00
9.999989e-01 -1.645031e-04 1.500404e-03 2.192112e+00 1.646422e-04 1.000000e+00 -9.241203e-05 -1.676412e-01 -1.500374e-03 9.265532e-05 9.999988e-01 7.069435e+00
9.999643e-01 -2.441663e-03 8.085108e-03 2.530195e+00 2.458470e-03 9.999948e-01 -2.069389e-03 -1.817413e-01 -8.079998e-03 2.089188e-03 9.999651e-01 7.324523e+00
9.999991e-01 -8.841070e-05 1.366964e-03 2.815642e+00 8.847831e-05 1.000000e+00 -4.914423e-05 -1.949391e-01 -1.366943e-03 4.926103e-05 9.999990e-01 7.612605e+00
9.999762e-01 -2.081040e-03 6.570632e-03 3.011600e+00 2.092642e-03 9.999963e-01 -1.759192e-03 -2.054191e-01 -6.566929e-03 1.772896e-03 9.999768e-01 7.899656e+00
1.000000e+00 2.305539e-04 6.179565e-05 3.134571e+00 -2.305646e-04 1.000000e+00 1.812239e-04 -2.137394e-01 -6.173617e-05 -1.812426e-04 9.999999e-01 8.183316e+00
9.999627e-01 -2.472487e-03 8.273578e-03 3.332955e+00 2.489590e-03 9.999948e-01 -2.057474e-03 -2.246571e-01 -8.268430e-03 2.077990e-03 9.999636e-01 8.486351e+00
9.999991e-01 -6.618461e-05 1.367158e-03 3.585351e+00 6.630126e-05 1.000000e+00 -8.491614e-05 -2.374907e-01 -1.367133e-03 8.500180e-05 9.999990e-01 8.809642e+00
9.999558e-01 -2.701011e-03 9.002777e-03 3.912977e+00 2.720884e-03 9.999939e-01 -2.195858e-03 -2.520525e-01 -8.996770e-03 2.220252e-03 9.999570e-01 9.116753e+00
9.999939e-01 3.402188e-04 -3.463730e-03 4.465287e+00 -3.378748e-04 9.999997e-01 6.771169e-04 -2.648336e-01 3.463981e-03 -6.759478e-04 9.999937e-01 9.023255e+00
9.999938e-01 -2.064708e-03 -2.864605e-03 5.113116e+00 2.059543e-03 9.999962e-01 -1.805157e-03 -2.665415e-01 2.868342e-03 1.799241e-03 9.999942e-01 8.157266e+00
9.999874e-01 5.744595e-04 -4.983629e-03 5.731555e+00 -5.702626e-04 9.999995e-01 8.433994e-04 -2.662158e-01 4.984131e-03 -8.405524e-04 9.999871e-01 7.220531e+00
9.999165e-01 -1.167253e-03 -1.287099e-02 6.412132e+00 1.148519e-03 9.999983e-01 -1.462874e-03 -2.555668e-01 1.287269e-02 1.447963e-03 9.999160e-01 5.619692e+00
9.999413e-01 8.025691e-04 -1.080512e-02 7.196506e+00 -7.929748e-04 9.999993e-01 8.921408e-04 -2.397306e-01 1.080584e-02 -8.835260e-04 9.999411e-01 3.562535e+00
9.998630e-01 -8.428228e-04 -1.653247e-02 8.059149e+00 8.175869e-04 9.999985e-01 -1.533165e-03 -2.210051e-01 1.653375e-02 1.519433e-03 9.998621e-01 1.216658e+00
9.999232e-01 7.071891e-04 -1.237165e-02 8.980491e+00 -6.965461e-04 9.999994e-01 8.645303e-04 -2.012413e-01 1.237226e-02 -8.558524e-04 9.999230e-01 -1.270548e+00
9.998786e-01 -9.976801e-04 -1.554876e-02 9.907310e+00 9.729776e-04 9.999983e-01 -1.596211e-03 -1.825183e-01 1.555034e-02 1.580883e-03 9.998777e-01 -3.699514e+00
9.999665e-01 3.898493e-04 -8.171548e-03 1.077506e+01 -3.830783e-04 9.999996e-01 8.301295e-04 -1.676998e-01 8.171873e-03 -8.269773e-04 9.999662e-01 -5.817233e+00
9.999799e-01 -1.520901e-03 -6.162406e-03 1.144283e+01 1.511097e-03 9.999976e-01 -1.595334e-03 -1.607186e-01 6.164821e-03 1.585984e-03 9.999796e-01 -7.216270e+00
9.999970e-01 -1.336185e-04 2.428245e-03 1.196507e+01 1.322308e-04 9.999998e-01 5.716873e-04 -1.638434e-01 -2.428318e-03 -5.713707e-04 9.999968e-01 -7.826486e+00
9.999840e-01 -2.180167e-03 5.225068e-03 1.231614e+01 2.192367e-03 9.999949e-01 -2.330303e-03 -1.764948e-01 -5.219957e-03 2.341715e-03 9.999835e-01 -7.678189e+00
9.999905e-01 -4.063164e-04 4.337954e-03 1.262542e+01 4.054025e-04 9.999999e-01 2.115837e-04 -1.904384e-01 -4.338035e-03 -2.098297e-04 9.999905e-01 -7.410502e+00
9.999771e-01 -2.386481e-03 6.325225e-03 1.291870e+01 2.402408e-03 9.999940e-01 -2.511551e-03 -2.048915e-01 -6.319188e-03 2.526683e-03 9.999767e-01 -7.071681e+00
9.999988e-01 2.676197e-04 1.557000e-03 1.304501e+01 -2.687526e-04 9.999997e-01 7.275587e-04 -2.143835e-01 -1.556798e-03 -7.279832e-04 9.999984e-01 -6.724508e+00
9.999930e-01 -1.735255e-03 3.318302e-03 1.307793e+01 1.741952e-03 9.999965e-01 -2.016103e-03 -2.195497e-01 -3.314785e-03 2.021862e-03 9.999924e-01 -6.433879e+00
9.999995e-01 8.089665e-04 -5.244358e-04 1.304301e+01 -8.083877e-04 9.999991e-01 1.102441e-03 -2.217032e-01 5.253344e-04 -1.102024e-03 9.999992e-01 -6.201296e+00
9.999953e-01 -1.510911e-03 2.677730e-03 1.297442e+01 1.516031e-03 9.999970e-01 -1.910665e-03 -2.224238e-01 -2.674828e-03 1.914708e-03 9.999945e-01 -5.969445e+00
9.999993e-01 8.662051e-04 -8.239975e-04 1.290006e+01 -8.652639e-04 9.999990e-01 1.141453e-03 -2.227456e-01 8.249931e-04 -1.140747e-03 9.999989e-01 -5.740668e+00
9.999950e-01 -1.591479e-03 2.731877e-03 1.284754e+01 1.596632e-03 9.999969e-01 -1.885009e-03 -2.239129e-01 -2.728861e-03 1.889353e-03 9.999944e-01 -5.542813e+00
9.999995e-01 8.389959e-04 -5.860805e-04 1.279390e+01 -8.383397e-04 9.999990e-01 1.118470e-03 -2.252320e-01 5.870264e-04 -1.117985e-03 9.999991e-01 -5.334074e+00
9.999929e-01 -1.741845e-03 3.346339e-03 1.275356e+01 1.748556e-03 9.999965e-01 -2.003429e-03 -2.272824e-01 -3.342829e-03 2.009258e-03 9.999923e-01 -5.098885e+00
9.999998e-01 5.565881e-04 2.570836e-04 1.275482e+01 -5.568407e-04 9.999994e-01 9.851555e-04 -2.311481e-01 -2.565264e-04 -9.853062e-04 9.999994e-01 -4.854272e+00
9.999934e-01 -1.724785e-03 3.184553e-03 1.276146e+01 1.731019e-03 9.999966e-01 -1.955828e-03 -2.351367e-01 -3.181159e-03 1.961319e-03 9.999929e-01 -4.628903e+00
9.999998e-01 5.091897e-04 2.838731e-04 1.279416e+01 -5.094755e-04 9.999994e-01 1.009072e-03 -2.398946e-01 -2.833497e-04 -1.009224e-03 9.999994e-01 -4.433885e+00
9.999928e-01 -1.767424e-03 3.353190e-03 1.287161e+01 1.774004e-03 9.999965e-01 -1.960207e-03 -2.457309e-01 -3.349704e-03 1.966133e-03 9.999924e-01 -4.283353e+00
9.999998e-01 6.098257e-04 -9.805562e-05 1.292781e+01 -6.097175e-04 9.999992e-01 1.095662e-03 -2.508267e-01 9.873373e-05 -1.095610e-03 9.999993e-01 -4.136309e+00
9.999863e-01 -2.077382e-03 4.796091e-03 1.304616e+01 2.088372e-03 9.999952e-01 -2.287476e-03 -2.580105e-01 -4.791306e-03 2.297453e-03 9.999858e-01 -3.965922e+00
9.999997e-01 3.522133e-04 7.037468e-04 1.323808e+01 -3.528998e-04 9.999995e-01 9.763157e-04 -2.670216e-01 -7.033915e-04 -9.765722e-04 9.999992e-01 -3.809889e+00
9.999913e-01 -1.849983e-03 3.744919e-03 1.339118e+01 1.857698e-03 9.999962e-01 -2.057523e-03 -2.747557e-01 -3.741087e-03 2.064453e-03 9.999908e-01 -3.680563e+00
9.999876e-01 5.284103e-04 -4.952537e-03 1.378225e+01 -5.221576e-04 9.999991e-01 1.263633e-03 -2.792690e-01 4.953211e-03 -1.261040e-03 9.999868e-01 -4.019945e+00
9.999356e-01 -1.183011e-03 -1.128585e-02 1.442865e+01 1.161782e-03 9.999975e-01 -1.887408e-03 -2.700250e-01 1.128806e-02 1.874166e-03 9.999344e-01 -5.495265e+00
9.999666e-01 -9.542738e-04 8.118330e-03 1.502043e+01 9.504431e-04 9.999994e-01 4.757524e-04 -2.736859e-01 -8.118770e-03 -4.680293e-04 9.999668e-01 -6.175099e+00
9.999988e-01 -1.456959e-03 -4.512848e-04 1.541156e+01 1.455956e-03 9.999965e-01 -2.215164e-03 -2.873214e-01 4.545207e-04 2.214495e-03 9.999973e-01 -6.057589e+00
9.999878e-01 -1.245469e-04 4.929864e-03 1.562387e+01 1.190304e-04 9.999994e-01 1.119373e-03 -2.953535e-01 -4.929989e-03 -1.118782e-03 9.999871e-01 -5.956128e+00
9.999930e-01 -6.218219e-04 -3.694664e-03 1.561804e+01 6.157921e-04 9.999985e-01 -1.633095e-03 -2.975412e-01 3.695685e-03 1.630799e-03 9.999917e-01 -5.844439e+00
9.999746e-01 -7.355034e-04 7.088977e-03 1.580575e+01 7.306339e-04 9.999995e-01 6.895586e-04 -3.044885e-01 -7.089469e-03 -6.843710e-04 9.999745e-01 -5.774439e+00
9.999891e-01 -3.585252e-04 -4.661384e-03 1.591723e+01 3.519976e-04 9.999990e-01 -1.401219e-03 -3.093676e-01 4.661893e-03 1.399554e-03 9.999881e-01 -5.694430e+00
9.999891e-01 -7.783254e-05 4.674381e-03 1.586693e+01 7.284622e-05 9.999994e-01 1.067009e-03 -3.095768e-01 -4.674450e-03 -1.066666e-03 9.999884e-01 -5.608330e+00
9.999923e-01 -5.558589e-04 -3.888912e-03 1.584409e+01 5.499935e-04 9.999987e-01 -1.509284e-03 -3.110970e-01 3.889757e-03 1.507124e-03 9.999912e-01 -5.510276e+00
9.999850e-01 -2.528037e-04 5.477546e-03 1.588563e+01 2.478896e-04 9.999996e-01 8.978803e-04 -3.144412e-01 -5.477759e-03 -8.965185e-04 9.999845e-01 -5.421716e+00
9.999980e-01 -1.018091e-03 -1.727323e-03 1.604337e+01 1.014692e-03 9.999975e-01 -1.968175e-03 -3.212375e-01 1.729334e-03 1.966409e-03 9.999965e-01 -5.308597e+00
9.999906e-01 -4.310437e-04 4.323034e-03 1.630031e+01 4.261871e-04 9.999993e-01 1.124416e-03 -3.280096e-01 -4.323503e-03 -1.122572e-03 9.999899e-01 -5.338877e+00
9.999959e-01 -9.913361e-04 -2.689783e-03 1.653453e+01 9.860911e-04 9.999976e-01 -1.950858e-03 -3.333055e-01 2.691723e-03 1.948188e-03 9.999944e-01 -5.408519e+00
9.999891e-01 9.929427e-05 4.674901e-03 1.654490e+01 -1.053127e-04 9.999992e-01 1.287294e-03 -3.364196e-01 -4.674757e-03 -1.287782e-03 9.999881e-01 -5.280496e+00
9.999926e-01 -7.354905e-04 -3.780257e-03 1.651617e+01 7.288152e-04 9.999982e-01 -1.767092e-03 -3.379059e-01 3.781562e-03 1.764314e-03 9.999912e-01 -5.175438e+00
9.999928e-01 2.935771e-04 3.793642e-03 1.646712e+01 -2.990275e-04 9.999989e-01 1.436403e-03 -3.382253e-01 -3.793204e-03 -1.437537e-03 9.999917e-01 -5.094554e+00
9.999916e-01 -6.957139e-04 -4.043307e-03 1.641638e+01 6.888563e-04 9.999983e-01 -1.697338e-03 -3.383469e-01 4.044494e-03 1.694528e-03 9.999903e-01 -5.023859e+00
9.999919e-01 2.601031e-04 4.025983e-03 1.636009e+01 -2.656392e-04 9.999990e-01 1.374767e-03 -3.384826e-01 -4.025609e-03 -1.375836e-03 9.999909e-01 -4.925905e+00
9.999905e-01 -6.724386e-04 -4.311887e-03 1.631314e+01 6.655495e-04 9.999985e-01 -1.599092e-03 -3.387785e-01 4.312968e-03 1.596197e-03 9.999893e-01 -4.859864e+00
9.999912e-01 2.320399e-04 4.183261e-03 1.627062e+01 -2.376830e-04 9.999991e-01 1.348680e-03 -3.393587e-01 -4.182932e-03 -1.349673e-03 9.999902e-01 -4.795996e+00
9.999906e-01 -6.786419e-04 -4.277647e-03 1.622966e+01 6.717881e-04 9.999985e-01 -1.603618e-03 -3.400221e-01 4.278741e-03 1.600720e-03 9.999895e-01 -4.734729e+00
9.999904e-01 1.582416e-04 4.383816e-03 1.620545e+01 -1.641182e-04 9.999991e-01 1.340348e-03 -3.413230e-01 -4.383587e-03 -1.341065e-03 9.999894e-01 -4.680471e+00
9.999965e-01 -1.098116e-03 -2.414387e-03 1.625178e+01 1.093483e-03 9.999976e-01 -1.919273e-03 -3.454112e-01 2.416502e-03 1.916616e-03 9.999951e-01 -4.585871e+00
9.999577e-01 -1.254854e-03 9.107236e-03 1.667267e+01 1.251753e-03 9.999992e-01 3.462590e-04 -3.588738e-01 -9.107650e-03 -3.348548e-04 9.999584e-01 -4.548598e+00
9.999979e-01 -1.097064e-03 -1.708924e-03 1.703472e+01 1.093716e-03 9.999975e-01 -1.959589e-03 -3.715122e-01 1.711084e-03 1.957705e-03 9.999965e-01 -4.419937e+00
9.999848e-01 -1.972113e-04 5.503706e-03 1.711427e+01 1.917360e-04 9.999995e-01 9.954911e-04 -3.775396e-01 -5.503885e-03 -9.944314e-04 9.999843e-01 -4.266472e+00
9.999950e-01 -8.935439e-04 -3.028641e-03 1.717728e+01 8.883954e-04 9.999982e-01 -1.701123e-03 -3.821307e-01 3.030171e-03 1.698413e-03 9.999939e-01 -4.143766e+00
9.999960e-01 4.752571e-04 2.785947e-03 1.713612e+01 -4.794087e-04 9.999988e-01 1.489998e-03 -3.827052e-01 -2.785220e-03 -1.491339e-03 9.999949e-01 -4.092751e+00
9.999949e-01 -8.635435e-04 -3.067959e-03 1.707922e+01 8.582188e-04 9.999981e-01 -1.736741e-03 -3.827259e-01 3.069467e-03 1.734088e-03 9.999937e-01 -4.016533e+00
9.999961e-01 4.771144e-04 2.766925e-03 1.701781e+01 -4.811724e-04 9.999988e-01 1.466437e-03 -3.825642e-01 -2.766208e-03 -1.467774e-03 9.999950e-01 -3.929998e+00
9.999948e-01 -8.640441e-04 -3.093502e-03 1.696075e+01 8.587668e-04 9.999982e-01 -1.707118e-03 -3.825097e-01 3.094986e-03 1.704442e-03 9.999937e-01 -3.853708e+00
9.999954e-01 4.401880e-04 3.011047e-03 1.691217e+01 -4.444940e-04 9.999989e-01 1.429824e-03 -3.829285e-01 -3.010400e-03 -1.431167e-03 9.999943e-01 -3.784200e+00
9.999947e-01 -8.447060e-04 -3.158192e-03 1.685965e+01 8.394042e-04 9.999982e-01 -1.679955e-03 -3.832072e-01 3.159620e-03 1.677284e-03 9.999935e-01 -3.715121e+00
9.999945e-01 4.159507e-04 3.279259e-03 1.680408e+01 -4.202955e-04 9.999990e-01 1.324605e-03 -3.834365e-01 -3.278691e-03 -1.325987e-03 9.999936e-01 -3.627897e+00
9.999941e-01 -8.230582e-04 -3.345282e-03 1.674604e+01 8.176227e-04 9.999983e-01 -1.626121e-03 -3.835123e-01 3.346629e-03 1.623365e-03 9.999930e-01 -3.544264e+00
9.999902e-01 2.216435e-04 4.422123e-03 1.670680e+01 -2.263415e-04 9.999994e-01 1.062088e-03 -3.848171e-01 -4.421870e-03 -1.063089e-03 9.999896e-01 -3.435685e+00
9.999988e-01 -1.429941e-03 -6.552988e-04 1.673570e+01 1.428573e-03 9.999968e-01 -2.084330e-03 -3.895368e-01 6.582921e-04 2.083380e-03 9.999975e-01 -3.243120e+00
9.999958e-01 5.034471e-04 2.836546e-03 1.673515e+01 -5.072168e-04 9.999990e-01 1.328699e-03 -3.923894e-01 -2.835859e-03 -1.330143e-03 9.999950e-01 -3.082076e+00
9.999973e-01 -1.008072e-03 -2.099455e-03 1.667918e+01 1.004251e-03 9.999978e-01 -1.820992e-03 -3.929590e-01 2.101301e-03 1.818868e-03 9.999960e-01 -2.968179e+00
9.999969e-01 5.651948e-04 2.414279e-03 1.661971e+01 -5.686206e-04 9.999988e-01 1.418893e-03 -3.932104e-01 -2.413459e-03 -1.420273e-03 9.999960e-01 -2.866745e+00
9.999963e-01 -9.683718e-04 -2.533593e-03 1.655998e+01 9.640128e-04 9.999981e-01 -1.721495e-03 -3.931519e-01 2.535271e-03 1.719035e-03 9.999952e-01 -2.777494e+00
9.999971e-01 5.718851e-04 2.342159e-03 1.650359e+01 -5.752930e-04 9.999988e-01 1.454971e-03 -3.932104e-01 -2.341309e-03 -1.456326e-03 9.999961e-01 -2.700732e+00
9.999964e-01 -9.700702e-04 -2.511821e-03 1.644772e+01 9.657387e-04 9.999980e-01 -1.725428e-03 -3.933048e-01 2.513505e-03 1.722984e-03 9.999953e-01 -2.625052e+00
9.999966e-01 5.599600e-04 2.552121e-03 1.638607e+01 -5.634574e-04 9.999989e-01 1.370210e-03 -3.933172e-01 -2.551335e-03 -1.371655e-03 9.999957e-01 -2.532416e+00
9.999961e-01 -9.606217e-04 -2.625476e-03 1.632473e+01 9.561693e-04 9.999981e-01 -1.696892e-03 -3.931833e-01 2.627116e-03 1.694363e-03 9.999950e-01 -2.440184e+00
9.999966e-01 5.632721e-04 2.529292e-03 1.626111e+01 -5.667285e-04 9.999989e-01 1.366387e-03 -3.931117e-01 -2.528505e-03 -1.367827e-03 9.999958e-01 -2.344981e+00
9.999960e-01 -9.599189e-04 -2.646885e-03 1.619564e+01 9.554140e-04 9.999981e-01 -1.703020e-03 -3.928584e-01 2.648529e-03 1.700473e-03 9.999949e-01 -2.244795e+00
9.999962e-01 5.545458e-04 2.693705e-03 1.612927e+01 -5.581067e-04 9.999990e-01 1.321692e-03 -3.927110e-01 -2.692955e-03 -1.323202e-03 9.999954e-01 -2.139192e+00
9.999962e-01 -9.891758e-04 -2.571514e-03 1.607388e+01 9.848602e-04 9.999981e-01 -1.679288e-03 -3.929690e-01 2.573186e-03 1.676738e-03 9.999952e-01 -2.050123e+00
9.999943e-01 4.413225e-04 3.339719e-03 1.603178e+01 -4.453239e-04 9.999992e-01 1.197745e-03 -3.940784e-01 -3.339172e-03 -1.199237e-03 9.999936e-01 -1.954319e+00
9.999957e-01 -9.573005e-04 -2.761734e-03 1.598430e+01 9.527310e-04 9.999982e-01 -1.655786e-03 -3.948153e-01 2.763329e-03 1.653136e-03 9.999947e-01 -1.854290e+00
9.999881e-01 9.528856e-05 4.867635e-03 1.597982e+01 -9.990619e-05 9.999995e-01 9.485936e-04 -3.977520e-01 -4.867527e-03 -9.490805e-04 9.999876e-01 -1.720608e+00
9.999953e-01 -9.832397e-04 -2.908266e-03 1.597652e+01 9.784140e-04 9.999981e-01 -1.660595e-03 -4.004253e-01 2.909909e-03 1.657730e-03 9.999943e-01 -1.570514e+00
9.999956e-01 5.727677e-04 2.905776e-03 1.591901e+01 -5.766791e-04 9.999989e-01 1.345732e-03 -4.005639e-01 -2.904986e-03 -1.347414e-03 9.999948e-01 -1.487063e+00
9.999945e-01 -9.639685e-04 -3.167442e-03 1.585995e+01 9.588316e-04 9.999982e-01 -1.623202e-03 -4.004740e-01 3.169017e-03 1.620144e-03 9.999936e-01 -1.406561e+00
9.999955e-01 6.010062e-04 2.955260e-03 1.577502e+01 -6.045040e-04 9.999991e-01 1.183153e-03 -3.995890e-01 -2.954531e-03 -1.184946e-03 9.999948e-01 -1.265583e+00
9.999958e-01 -9.759752e-04 -2.740247e-03 1.567301e+01 9.710972e-04 9.999979e-01 -1.781247e-03 -3.982422e-01 2.741996e-03 1.778567e-03 9.999946e-01 -1.066204e+00
9.999955e-01 6.262752e-04 2.918917e-03 1.556642e+01 -6.297687e-04 9.999991e-01 1.196426e-03 -3.965612e-01 -2.918150e-03 -1.198271e-03 9.999949e-01 -8.485225e-01
9.999943e-01 -9.504929e-04 -3.242734e-03 1.546808e+01 9.451553e-04 9.999982e-01 -1.647469e-03 -3.951268e-01 3.244309e-03 1.644382e-03 9.999933e-01 -6.765094e-01
9.999946e-01 5.944938e-04 3.233500e-03 1.537137e+01 -5.981539e-04 9.999992e-01 1.131385e-03 -3.938537e-01 -3.232809e-03 -1.133325e-03 9.999940e-01 -4.946072e-01
9.999953e-01 -1.000430e-03 -2.902699e-03 1.527557e+01 9.954321e-04 9.999980e-01 -1.723227e-03 -3.926998e-01 2.904433e-03 1.720318e-03 9.999942e-01 -3.046157e-01
9.999942e-01 5.834260e-04 3.360447e-03 1.517968e+01 -5.870661e-04 9.999992e-01 1.082640e-03 -3.915293e-01 -3.359797e-03 -1.084619e-03 9.999937e-01 -1.117217e-01
9.999987e-01 -1.422155e-03 -7.204761e-04 1.513175e+01 1.420697e-03 9.999969e-01 -2.022452e-03 -3.929673e-01 7.233661e-04 2.021413e-03 9.999976e-01 1.144065e-01
9.999874e-01 1.239979e-04 5.013868e-03 1.514793e+01 -1.281694e-04 9.999996e-01 8.318922e-04 -3.972054e-01 -5.013747e-03 -8.325370e-04 9.999870e-01 3.765307e-01
9.999980e-01 -1.143570e-03 -1.661229e-03 1.511616e+01 1.140375e-03 9.999975e-01 -1.923687e-03 -3.994292e-01 1.663441e-03 1.921776e-03 9.999967e-01 6.302978e-01
9.999952e-01 5.567001e-04 3.062186e-03 1.504045e+01 -5.602453e-04 9.999992e-01 1.157377e-03 -3.991829e-01 -3.061522e-03 -1.159100e-03 9.999945e-01 8.432335e-01
9.999950e-01 -9.526373e-04 -3.007325e-03 1.495600e+01 9.477078e-04 9.999982e-01 -1.640538e-03 -3.982059e-01 3.008899e-03 1.637667e-03 9.999940e-01 9.957263e-01
9.999944e-01 5.244957e-04 3.307667e-03 1.487812e+01 -5.282484e-04 9.999992e-01 1.134126e-03 -3.975450e-01 -3.307052e-03 -1.135880e-03 9.999938e-01 1.145105e+00
9.999950e-01 -9.552791e-04 -3.015713e-03 1.480019e+01 9.503593e-04 9.999982e-01 -1.632777e-03 -3.968932e-01 3.017285e-03 1.629890e-03 9.999940e-01 1.294106e+00
9.999957e-01 5.784195e-04 2.874277e-03 1.471592e+01 -5.818510e-04 9.999991e-01 1.193573e-03 -3.958020e-01 -2.873567e-03 -1.195253e-03 9.999951e-01 1.438054e+00
9.999978e-01 -1.082663e-03 -1.823371e-03 1.463844e+01 1.079242e-03 9.999977e-01 -1.877035e-03 -3.955278e-01 1.825416e-03 1.875050e-03 9.999965e-01 1.612312e+00
9.999849e-01 -5.010268e-05 5.488642e-03 1.463118e+01 4.591439e-05 9.999997e-01 7.634154e-04 -3.987528e-01 -5.488662e-03 -7.631651e-04 9.999845e-01 1.857931e+00
9.999949e-01 -8.143109e-04 -3.083004e-03 1.459040e+01 8.091824e-04 9.999983e-01 -1.664738e-03 -4.001704e-01 3.084371e-03 1.662222e-03 9.999938e-01 2.081423e+00
9.999944e-01 4.195100e-04 3.326446e-03 1.449795e+01 -4.231863e-04 9.999993e-01 1.104918e-03 -3.990187e-01 -3.325962e-03 -1.106333e-03 9.999938e-01 2.263246e+00
9.999935e-01 -7.739258e-04 -3.532210e-03 1.440578e+01 7.684601e-04 9.999985e-01 -1.548835e-03 -3.976801e-01 3.533421e-03 1.546097e-03 9.999925e-01 2.424341e+00
9.999948e-01 4.095029e-04 3.193179e-03 1.432559e+01 -4.132898e-04 9.999992e-01 1.185726e-03 -3.966446e-01 -3.192674e-03 -1.187053e-03 9.999941e-01 2.551961e+00
9.999938e-01 -7.868413e-04 -3.421464e-03 1.425189e+01 7.815644e-04 9.999985e-01 -1.543718e-03 -3.958433e-01 3.422691e-03 1.541021e-03 9.999929e-01 2.669326e+00
9.999951e-01 4.266844e-04 3.086084e-03 1.416839e+01 -4.301910e-04 9.999993e-01 1.136056e-03 -3.947618e-01 -3.085580e-03 -1.137391e-03 9.999945e-01 2.802812e+00
9.999944e-01 -7.955294e-04 -3.256888e-03 1.407641e+01 7.902297e-04 9.999984e-01 -1.628554e-03 -3.934691e-01 3.258195e-03 1.625958e-03 9.999933e-01 2.959459e+00
9.999904e-01 2.208823e-04 4.385638e-03 1.402366e+01 -2.248639e-04 9.999996e-01 9.076751e-04 -3.939077e-01 -4.385418e-03 -9.086661e-04 9.999899e-01 3.107342e+00
9.999966e-01 -1.005372e-03 -2.423326e-03 1.399951e+01 1.001272e-03 9.999981e-01 -1.692809e-03 -3.955700e-01 2.425041e-03 1.690363e-03 9.999955e-01 3.271370e+00
9.999964e-01 5.958802e-04 2.612083e-03 1.391559e+01 -5.989630e-04 9.999991e-01 1.180061e-03 -3.946087e-01 -2.611360e-03 -1.181635e-03 9.999958e-01 3.432993e+00
9.999957e-01 -9.717153e-04 -2.759224e-03 1.383116e+01 9.672697e-04 9.999982e-01 -1.612516e-03 -3.935186e-01 2.760804e-03 1.609826e-03 9.999948e-01 3.576231e+00
9.999963e-01 5.893783e-04 2.658030e-03 1.375262e+01 -5.925315e-04 9.999991e-01 1.186119e-03 -3.926322e-01 -2.657311e-03 -1.187703e-03 9.999957e-01 3.708386e+00
9.999959e-01 -9.733483e-04 -2.679834e-03 1.366727e+01 9.688722e-04 9.999981e-01 -1.671555e-03 -3.915902e-01 2.681473e-03 1.668938e-03 9.999949e-01 3.858396e+00
9.999967e-01 6.024704e-04 2.513392e-03 1.357908e+01 -6.055176e-04 9.999991e-01 1.212298e-03 -3.904057e-01 -2.512642e-03 -1.213830e-03 9.999960e-01 4.009748e+00
9.999983e-01 -1.197565e-03 -1.384906e-03 1.355690e+01 1.194912e-03 9.999975e-01 -1.915606e-03 -3.915451e-01 1.387214e-03 1.913934e-03 9.999971e-01 4.120834e+00
9.999967e-01 5.946421e-04 2.503979e-03 1.352609e+01 -5.977419e-04 9.999991e-01 1.237910e-03 -3.924215e-01 -2.503222e-03 -1.239417e-03 9.999960e-01 4.250759e+00
9.999962e-01 -9.714016e-04 -2.565479e-03 1.343593e+01 9.669493e-04 9.999980e-01 -1.736626e-03 -3.911640e-01 2.567179e-03 1.734125e-03 9.999951e-01 4.408716e+00
9.999878e-01 2.847438e-04 4.929328e-03 1.336427e+01 -2.887155e-04 9.999996e-01 8.053019e-04 -3.916806e-01 -4.929078e-03 -8.067295e-04 9.999874e-01 4.633697e+00
9.999957e-01 -1.037828e-03 -2.759838e-03 1.330148e+01 1.033169e-03 9.999980e-01 -1.689499e-03 -3.922395e-01 2.761604e-03 1.686626e-03 9.999947e-01 4.872990e+00
9.999877e-01 3.733177e-04 4.950738e-03 1.322302e+01 -3.771658e-04 9.999996e-01 7.766236e-04 -3.924476e-01 -4.950428e-03 -7.784956e-04 9.999873e-01 5.110829e+00
9.999954e-01 -1.065581e-03 -2.835682e-03 1.314602e+01 1.060888e-03 9.999981e-01 -1.656175e-03 -3.925012e-01 2.837460e-03 1.653145e-03 9.999945e-01 5.371965e+00
9.999959e-01 7.175821e-04 2.755151e-03 1.304862e+01 -7.207877e-04 9.999991e-01 1.163177e-03 -3.911406e-01 -2.754295e-03 -1.165173e-03 9.999954e-01 5.555069e+00
9.999944e-01 -1.028745e-03 -3.193936e-03 1.294906e+01 1.023657e-03 9.999982e-01 -1.594738e-03 -3.895755e-01 3.195589e-03 1.591445e-03 9.999935e-01 5.724514e+00
9.999953e-01 6.888388e-04 2.993954e-03 1.284943e+01 -6.921155e-04 9.999992e-01 1.093976e-03 -3.880932e-01 -2.993179e-03 -1.096058e-03 9.999948e-01 5.901498e+00
9.999948e-01 -1.046548e-03 -3.051487e-03 1.275194e+01 1.041615e-03 9.999981e-01 -1.618345e-03 -3.866903e-01 3.053193e-03 1.615143e-03 9.999939e-01 6.080707e+00
9.999920e-01 5.851950e-04 3.955274e-03 1.265425e+01 -5.886125e-04 9.999995e-01 8.632739e-04 -3.857844e-01 -3.954748e-03 -8.656099e-04 9.999917e-01 6.291280e+00
9.999987e-01 -1.463784e-03 -7.014220e-04 1.258906e+01 1.462408e-03 9.999970e-01 -1.959495e-03 -3.869761e-01 7.043072e-04 1.958452e-03 9.999977e-01 6.571658e+00
9.999882e-01 3.534232e-04 4.843680e-03 1.254693e+01 -3.567812e-04 9.999997e-01 6.927245e-04 -3.893848e-01 -4.843414e-03 -6.944594e-04 9.999879e-01 6.888334e+00
9.999943e-01 -9.072710e-04 -3.266764e-03 1.245240e+01 9.023056e-04 9.999984e-01 -1.521587e-03 -3.887196e-01 3.268159e-03 1.518615e-03 9.999934e-01 7.149112e+00
9.999942e-01 5.413527e-04 3.362590e-03 1.234474e+01 -5.443350e-04 9.999995e-01 8.865198e-04 -3.870269e-01 -3.362089e-03 -8.883602e-04 9.999939e-01 7.351626e+00
9.999943e-01 -8.982353e-04 -3.244906e-03 1.223631e+01 8.932886e-04 9.999984e-01 -1.526044e-03 -3.852629e-01 3.246291e-03 1.523122e-03 9.999935e-01 7.560682e+00
9.999958e-01 5.843451e-04 2.840254e-03 1.213367e+01 -5.873746e-04 9.999993e-01 1.066441e-03 -3.835089e-01 -2.839609e-03 -1.068121e-03 9.999953e-01 7.736746e+00
9.999939e-01 -8.956574e-04 -3.379373e-03 1.204272e+01 8.907980e-04 9.999986e-01 -1.439629e-03 -3.822608e-01 3.380677e-03 1.436594e-03 9.999932e-01 7.883356e+00
9.999898e-01 2.912600e-04 4.513154e-03 1.204848e+01 -2.946206e-04 9.999997e-01 7.443043e-04 -3.842629e-01 -4.512916e-03 -7.456417e-04 9.999894e-01 7.978852e+00
9.999943e-01 -9.613092e-04 -3.225426e-03 1.202199e+01 9.566537e-04 9.999985e-01 -1.445088e-03 -3.854999e-01 3.226830e-03 1.441979e-03 9.999937e-01 8.120989e+00
9.999956e-01 6.275781e-04 2.887380e-03 1.192714e+01 -6.305222e-04 9.999993e-01 1.019378e-03 -3.841576e-01 -2.886718e-03 -1.021209e-03 9.999952e-01 8.285355e+00
9.999941e-01 -9.699149e-04 -3.292902e-03 1.183570e+01 9.651669e-04 9.999985e-01 -1.443668e-03 -3.828252e-01 3.294317e-03 1.440466e-03 9.999934e-01 8.434780e+00
9.999962e-01 6.807852e-04 2.664525e-03 1.174099e+01 -6.836654e-04 9.999992e-01 1.080759e-03 -3.814169e-01 -2.663768e-03 -1.082592e-03 9.999958e-01 8.587968e+00
9.999947e-01 -9.985794e-04 -3.110616e-03 1.164563e+01 9.939545e-04 9.999984e-01 -1.488515e-03 -3.801178e-01 3.112117e-03 1.485399e-03 9.999940e-01 8.748889e+00
9.999955e-01 6.620249e-04 2.929163e-03 1.155136e+01 -6.650398e-04 9.999992e-01 1.028962e-03 -3.789422e-01 -2.928460e-03 -1.030922e-03 9.999951e-01 8.920980e+00
9.999978e-01 -1.183623e-03 -1.728445e-03 1.146194e+01 1.180605e-03 9.999978e-01 -1.746930e-03 -3.787958e-01 1.730528e-03 1.744870e-03 9.999969e-01 9.150325e+00
9.999972e-01 6.987809e-04 2.257584e-03 1.138598e+01 -7.015583e-04 9.999990e-01 1.230381e-03 -3.785846e-01 -2.256702e-03 -1.231977e-03 9.999966e-01 9.332060e+00
9.999957e-01 -1.045972e-03 -2.752518e-03 1.130107e+01 1.041618e-03 9.999982e-01 -1.583301e-03 -3.775374e-01 2.754189e-03 1.580412e-03 9.999949e-01 9.465181e+00
9.999973e-01 7.125780e-04 2.194064e-03 1.122073e+01 -7.153720e-04 9.999989e-01 1.273671e-03 -3.765722e-01 -2.193134e-03 -1.275254e-03 9.999967e-01 9.587706e+00
9.999958e-01 -1.067548e-03 -2.676620e-03 1.114418e+01 1.063294e-03 9.999982e-01 -1.590988e-03 -3.757262e-01 2.678333e-03 1.588119e-03 9.999951e-01 9.702028e+00
9.999970e-01 7.039791e-04 2.324570e-03 1.106762e+01 -7.068741e-04 9.999990e-01 1.245488e-03 -3.748151e-01 -2.323671e-03 -1.247144e-03 9.999964e-01 9.820292e+00
9.999965e-01 -1.084315e-03 -2.395027e-03 1.099987e+01 1.080462e-03 9.999981e-01 -1.610057e-03 -3.743132e-01 2.396788e-03 1.607448e-03 9.999957e-01 9.932497e+00
9.999857e-01 1.336967e-04 5.350059e-03 1.097999e+01 -1.372047e-04 9.999998e-01 6.556234e-04 -3.770365e-01 -5.349950e-03 -6.563642e-04 9.999854e-01 1.013005e+01
9.999972e-01 -1.321362e-03 -1.940957e-03 1.099382e+01 1.318157e-03 9.999978e-01 -1.652281e-03 -3.807423e-01 1.943156e-03 1.649701e-03 9.999967e-01 1.036144e+01
9.999945e-01 6.417914e-04 3.263863e-03 1.095173e+01 -6.451858e-04 9.999993e-01 1.039560e-03 -3.818131e-01 -3.263173e-03 -1.041676e-03 9.999940e-01 1.051912e+01
9.999950e-01 -1.084707e-03 -2.958557e-03 1.088012e+01 1.080283e-03 9.999983e-01 -1.497076e-03 -3.815304e-01 2.960196e-03 1.493856e-03 9.999944e-01 1.065610e+01
9.999949e-01 6.662815e-04 3.132117e-03 1.080643e+01 -6.695639e-04 9.999992e-01 1.047572e-03 -3.810448e-01 -3.131397e-03 -1.049681e-03 9.999944e-01 1.079178e+01
9.999961e-01 -1.165822e-03 -2.519272e-03 1.074516e+01 1.161972e-03 9.999982e-01 -1.530019e-03 -3.812807e-01 2.521071e-03 1.527070e-03 9.999956e-01 1.092308e+01
9.999954e-01 7.018626e-04 2.934891e-03 1.068050e+01 -7.050319e-04 9.999992e-01 1.079564e-03 -3.812748e-01 -2.934110e-03 -1.081645e-03 9.999950e-01 1.105234e+01
9.999982e-01 -1.332133e-03 -1.382179e-03 1.062202e+01 1.329692e-03 9.999976e-01 -1.766759e-03 -3.821636e-01 1.384549e-03 1.764902e-03 9.999974e-01 1.121766e+01
9.999937e-01 6.609328e-04 3.482019e-03 1.054417e+01 -6.639177e-04 9.999994e-01 8.566586e-04 -3.822475e-01 -3.481431e-03 -8.589816e-04 9.999935e-01 1.145833e+01
9.999949e-01 -1.096659e-03 -3.010180e-03 1.045725e+01 1.092295e-03 9.999983e-01 -1.451396e-03 -3.814651e-01 3.011787e-03 1.448084e-03 9.999943e-01 1.163087e+01
9.999954e-01 7.406006e-04 2.940068e-03 1.036472e+01 -7.434229e-04 9.999993e-01 9.595569e-04 -3.802440e-01 -2.939335e-03 -9.617549e-04 9.999951e-01 1.180105e+01
9.999951e-01 -1.138987e-03 -2.924491e-03 1.028444e+01 1.134889e-03 9.999984e-01 -1.403005e-03 -3.794826e-01 2.926105e-03 1.399662e-03 9.999946e-01 1.194557e+01
9.999901e-01 5.487012e-04 4.416663e-03 1.021584e+01 -5.517859e-04 9.999996e-01 6.976364e-04 -3.799144e-01 -4.416257e-03 -7.000834e-04 9.999899e-01 1.212672e+01
9.999968e-01 -1.307325e-03 -2.168250e-03 1.016025e+01 1.303989e-03 9.999980e-01 -1.540244e-03 -3.810022e-01 2.170280e-03 1.537395e-03 9.999964e-01 1.233903e+01
9.999935e-01 7.133818e-04 3.546902e-03 1.008788e+01 -7.162656e-04 9.999994e-01 8.123751e-04 -3.809543e-01 -3.546299e-03 -8.149274e-04 9.999933e-01 1.254362e+01
9.999940e-01 -1.130723e-03 -3.259971e-03 1.000417e+01 1.126339e-03 9.999985e-01 -1.346869e-03 -3.802370e-01 3.261510e-03 1.343172e-03 9.999937e-01 1.270156e+01
9.999936e-01 7.200474e-04 3.506944e-03 9.919335e+00 -7.229188e-04 9.999994e-01 8.181028e-04 -3.794754e-01 -3.506332e-03 -8.206499e-04 9.999934e-01 1.286019e+01
9.999934e-01 -1.107140e-03 -3.473848e-03 9.834766e+00 1.102620e-03 9.999985e-01 -1.303408e-03 -3.785927e-01 3.475307e-03 1.299552e-03 9.999930e-01 1.301176e+01
9.999945e-01 7.487426e-04 3.244418e-03 9.747583e+00 -7.515330e-04 9.999993e-01 8.594836e-04 -3.775142e-01 -3.243751e-03 -8.619343e-04 9.999943e-01 1.315931e+01
9.999948e-01 -1.156449e-03 -2.996722e-03 9.666720e+00 1.152305e-03 9.999984e-01 -1.384816e-03 -3.766347e-01 2.998340e-03 1.381339e-03 9.999945e-01 1.330804e+01
9.999926e-01 6.596646e-04 3.784457e-03 9.602898e+00 -6.626314e-04 9.999995e-01 7.832291e-04 -3.766559e-01 -3.783917e-03 -7.857484e-04 9.999924e-01 1.345007e+01
9.999961e-01 -1.190953e-03 -2.541859e-03 9.530646e+00 1.187207e-03 9.999982e-01 -1.475661e-03 -3.766950e-01 2.543634e-03 1.472620e-03 9.999956e-01 1.361830e+01
9.999934e-01 6.397625e-04 3.569115e-03 9.466045e+00 -6.426992e-04 9.999995e-01 8.222669e-04 -3.767908e-01 -3.568565e-03 -8.245728e-04 9.999932e-01 1.378335e+01
9.999954e-01 -1.121370e-03 -2.816101e-03 9.398655e+00 1.117486e-03 9.999984e-01 -1.380918e-03 -3.768248e-01 2.817666e-03 1.377747e-03 9.999950e-01 1.392176e+01
9.999938e-01 6.562046e-04 3.450758e-03 9.325830e+00 -6.590042e-04 9.999995e-01 8.107907e-04 -3.764920e-01 -3.450203e-03 -8.130773e-04 9.999936e-01 1.407238e+01
9.999956e-01 -1.126183e-03 -2.744921e-03 9.252916e+00 1.122386e-03 9.999984e-01 -1.385199e-03 -3.762472e-01 2.746499e-03 1.382094e-03 9.999952e-01 1.422184e+01
9.999899e-01 3.605396e-04 4.479950e-03 9.253699e+00 -3.632435e-04 9.999998e-01 6.031899e-04 -3.784839e-01 -4.479710e-03 -6.048289e-04 9.999897e-01 1.434873e+01
9.999952e-01 -1.084783e-03 -2.918060e-03 9.243342e+00 1.080970e-03 9.999986e-01 -1.308518e-03 -3.803850e-01 2.919497e-03 1.305339e-03 9.999948e-01 1.447291e+01
9.999952e-01 6.837940e-04 3.033846e-03 9.166017e+00 -6.863456e-04 9.999994e-01 8.407268e-04 -3.797059e-01 -3.033247e-03 -8.428229e-04 9.999949e-01 1.460847e+01
9.999987e-01 -1.386511e-03 -7.667276e-04 9.105301e+00 1.385190e-03 9.999976e-01 -1.722473e-03 -3.807978e-01 7.691361e-04 1.721390e-03 9.999981e-01 1.480438e+01
9.999919e-01 2.892893e-04 4.005752e-03 9.105637e+00 -2.919655e-04 9.999997e-01 6.680272e-04 -3.840872e-01 -4.005535e-03 -6.692094e-04 9.999917e-01 1.502669e+01
9.999970e-01 -1.179055e-03 -2.125009e-03 9.122272e+00 1.176168e-03 9.999984e-01 -1.360334e-03 -3.871847e-01 2.126633e-03 1.357813e-03 9.999967e-01 1.515261e+01
9.999969e-01 6.292531e-04 2.418775e-03 9.117519e+00 -6.316528e-04 9.999993e-01 9.923629e-04 -3.888785e-01 -2.418127e-03 -9.939058e-04 9.999965e-01 1.522129e+01
9.999965e-01 -1.017824e-03 -2.460397e-03 9.206613e+00 1.014666e-03 9.999987e-01 -1.285309e-03 -3.918765e-01 2.461725e-03 1.282789e-03 9.999960e-01 1.519814e+01
9.999970e-01 3.528195e-04 2.414398e-03 9.343974e+00 -3.547488e-04 9.999996e-01 7.995722e-04 -3.953085e-01 -2.414093e-03 -8.004446e-04 9.999967e-01 1.514002e+01
9.999976e-01 -8.186955e-04 -2.023822e-03 9.387053e+00 8.164117e-04 9.999990e-01 -1.130060e-03 -3.981888e-01 2.024768e-03 1.128387e-03 9.999972e-01 1.518883e+01
9.999970e-01 3.449452e-04 2.440215e-03 9.435479e+00 -3.468687e-04 9.999996e-01 7.887464e-04 -4.011013e-01 -2.439919e-03 -7.896087e-04 9.999966e-01 1.523167e+01
9.999957e-01 -7.289241e-04 -2.830488e-03 9.394373e+00 7.261609e-04 9.999993e-01 -9.778804e-04 -4.016619e-01 2.831221e-03 9.758025e-04 9.999954e-01 1.531073e+01
9.999948e-01 1.590775e-04 3.223409e-03 9.367777e+00 -1.611529e-04 9.999998e-01 6.442731e-04 -4.031738e-01 -3.223283e-03 -6.448076e-04 9.999945e-01 1.539866e+01
9.999969e-01 -8.440189e-04 -2.322418e-03 9.347768e+00 8.415327e-04 9.999991e-01 -1.072230e-03 -4.051773e-01 2.323343e-03 1.070254e-03 9.999966e-01 1.552531e+01
9.999962e-01 2.137705e-04 2.750518e-03 9.326188e+00 -2.157402e-04 9.999997e-01 7.166542e-04 -4.068229e-01 -2.750342e-03 -7.172634e-04 9.999959e-01 1.564349e+01
9.999973e-01 -7.477458e-04 -2.199747e-03 9.428782e+00 7.453115e-04 9.999991e-01 -1.108251e-03 -4.106688e-01 2.200596e-03 1.106590e-03 9.999969e-01 1.564745e+01
9.999913e-01 -2.468836e-04 4.170524e-03 9.609523e+00 2.451443e-04 9.999999e-01 4.180769e-04 -4.167283e-01 -4.170603e-03 -4.170695e-04 9.999911e-01 1.564932e+01
9.999988e-01 -9.081791e-04 -1.263425e-03 9.773506e+00 9.066170e-04 9.999988e-01 -1.238217e-03 -4.232555e-01 1.264571e-03 1.237051e-03 9.999983e-01 1.570986e+01
9.999912e-01 -2.067134e-04 4.193233e-03 9.914585e+00 2.050251e-04 9.999999e-01 4.035994e-04 -4.298385e-01 -4.193292e-03 -4.027549e-04 9.999910e-01 1.578812e+01
9.999987e-01 -8.842097e-04 -1.328817e-03 1.005344e+01 8.825696e-04 9.999988e-01 -1.236087e-03 -4.363921e-01 1.329932e-03 1.234894e-03 9.999983e-01 1.587201e+01
9.999924e-01 -1.404122e-04 3.903258e-03 1.014423e+01 1.386226e-04 9.999999e-01 4.593435e-04 -4.417305e-01 -3.903298e-03 -4.588179e-04 9.999922e-01 1.597347e+01
9.999957e-01 -5.308266e-04 -2.886504e-03 1.013830e+01 5.280692e-04 9.999994e-01 -9.568008e-04 -4.437472e-01 2.887034e-03 9.552534e-04 9.999953e-01 1.606322e+01
9.999925e-01 -1.419304e-04 3.863076e-03 1.013899e+01 1.401683e-04 9.999999e-01 4.569946e-04 -4.458159e-01 -3.863116e-03 -4.564688e-04 9.999923e-01 1.614877e+01
9.999965e-01 -6.132347e-04 -2.587931e-03 1.016159e+01 6.107143e-04 9.999993e-01 -9.755022e-04 -4.486423e-01 2.588552e-03 9.738992e-04 9.999961e-01 1.623072e+01
9.999949e-01 5.689179e-05 3.205033e-03 1.012677e+01 -5.861985e-05 9.999999e-01 5.398261e-04 -4.496941e-01 -3.204977e-03 -5.400304e-04 9.999946e-01 1.632663e+01
9.999947e-01 -4.867386e-04 -3.213367e-03 1.007354e+01 4.839679e-04 9.999995e-01 -8.637154e-04 -4.499553e-01 3.213810e-03 8.621365e-04 9.999944e-01 1.641898e+01
9.999921e-01 -7.444707e-05 3.974308e-03 1.002872e+01 7.302678e-05 9.999999e-01 3.581175e-04 -4.510302e-01 -3.974310e-03 -3.578438e-04 9.999919e-01 1.653020e+01
9.999969e-01 -7.534366e-04 -2.363454e-03 1.010024e+01 7.509018e-04 9.999991e-01 -1.074271e-03 -4.547274e-01 2.364286e-03 1.072474e-03 9.999965e-01 1.660545e+01
9.999818e-01 -9.981363e-04 5.951833e-03 1.040133e+01 9.981135e-04 9.999995e-01 7.215183e-06 -4.633223e-01 -5.951813e-03 -1.293934e-06 9.999822e-01 1.658999e+01
9.999908e-01 -4.578793e-05 -4.291163e-03 1.054323e+01 4.289983e-05 9.999998e-01 -6.737225e-04 -4.681556e-01 4.291218e-03 6.735127e-04 9.999905e-01 1.661159e+01
9.999842e-01 -7.249862e-04 5.566901e-03 1.059899e+01 7.242419e-04 9.999997e-01 1.361790e-04 -4.714716e-01 -5.566973e-03 -1.321647e-04 9.999844e-01 1.668504e+01
9.999900e-01 -2.022544e-05 -4.481018e-03 1.065535e+01 1.747408e-05 9.999998e-01 -6.146250e-04 -4.746473e-01 4.481055e-03 6.145209e-04 9.999897e-01 1.674062e+01
9.999899e-01 -6.781349e-04 4.446623e-03 1.073477e+01 6.771489e-04 9.999997e-01 2.238221e-04 -4.770227e-01 -4.446748e-03 -2.208285e-04 9.999900e-01 1.672693e+01
9.999878e-01 1.923704e-05 -4.929685e-03 1.080750e+01 -2.229469e-05 9.999998e-01 -6.207305e-04 -4.788356e-01 4.929697e-03 6.208131e-04 9.999876e-01 1.667822e+01
9.999895e-01 -5.999941e-04 4.545827e-03 1.084145e+01 5.985424e-04 9.999998e-01 3.212663e-04 -4.800099e-01 -4.545994e-03 -3.185619e-04 9.999895e-01 1.667438e+01
9.999953e-01 -2.118634e-04 -3.054944e-03 1.089747e+01 2.090344e-04 9.999995e-01 -9.271687e-04 -4.832508e-01 3.055164e-03 9.265059e-04 9.999948e-01 1.675268e+01
