9.999946e-01 1.688641e-03 2.813926e-03 8.194562e-01 -1.696809e-03 9.999943e-01 2.903025e-03 -2.731122e-02 -2.809008e-03 -2.907783e-03 9.999917e-01 2.018554e-01
9.999964e-01 -1.158837e-03 -2.410967e-03 1.049159e+00 1.152861e-03 9.999963e-01 -2.478695e-03 -3.440775e-02 2.413831e-03 2.475907e-03 9.999939e-01 3.241299e-01
9.999967e-01 1.383516e-03 2.170963e-03 9.877850e-01 -1.388177e-03 9.999967e-01 2.146825e-03 -3.345061e-02 -2.167986e-03 -2.149831e-03 9.999952e-01 4.414943e-01
9.999987e-01 -1.021560e-03 -1.245665e-03 1.029907e+00 1.018716e-03 9.999969e-01 -2.281579e-03 -3.734750e-02 1.247992e-03 2.280308e-03 9.999965e-01 5.670227e-01
9.999950e-01 1.579707e-03 2.745102e-03 1.249724e+00 -1.587361e-03 9.999949e-01 2.788298e-03 -4.627236e-02 -2.740683e-03 -2.792641e-03 9.999922e-01 6.704310e-01
9.999982e-01 -1.139396e-03 -1.484618e-03 1.416434e+00 1.135578e-03 9.999961e-01 -2.570117e-03 -5.274141e-02 1.487541e-03 2.568428e-03 9.999955e-01 7.641504e-01
9.999956e-01 1.467626e-03 2.583837e-03 1.501891e+00 -1.474249e-03 9.999956e-01 2.563436e-03 -5.730583e-02 -2.580063e-03 -2.567233e-03 9.999933e-01 8.699688e-01
9.999946e-01 -1.311718e-03 -3.010232e-03 1.410666e+00 1.302970e-03 9.999949e-01 -2.906230e-03 -5.473623e-02 3.014030e-03 2.902293e-03 9.999911e-01 9.597436e-01
9.999950e-01 1.472215e-03 2.804761e-03 1.323413e+00 -1.479274e-03 9.999957e-01 2.516325e-03 -5.242922e-02 -2.801043e-03 -2.520461e-03 9.999928e-01 1.040479e+00
9.999966e-01 -1.297193e-03 -2.272260e-03 1.254227e+00 1.290575e-03 9.999949e-01 -2.911584e-03 -5.151635e-02 2.276026e-03 2.908642e-03 9.999931e-01 1.114241e+00
9.999939e-01 1.529601e-03 3.131912e-03 1.213960e+00 -1.537537e-03 9.999956e-01 2.533070e-03 -5.252539e-02 -3.128023e-03 -2.537870e-03 9.999918e-01 1.202927e+00
9.999975e-01 -1.259220e-03 -1.870159e-03 1.228403e+00 1.254132e-03 9.999955e-01 -2.719673e-03 -5.606943e-02 1.873576e-03 2.717322e-03 9.999945e-01 1.319757e+00
9.999949e-01 1.489590e-03 2.831514e-03 1.233429e+00 -1.496572e-03 9.999958e-01 2.465141e-03 -5.877443e-02 -2.827829e-03 -2.469365e-03 9.999929e-01 1.430012e+00
9.999979e-01 -1.172867e-03 -1.672336e-03 1.270783e+00 1.168583e-03 9.999960e-01 -2.560026e-03 -6.326750e-02 1.675333e-03 2.558067e-03 9.999952e-01 1.566113e+00
9.999952e-01 1.436784e-03 2.727521e-03 1.273685e+00 -1.443066e-03 9.999963e-01 2.302725e-03 -6.620436e-02 -2.724201e-03 -2.306650e-03 9.999935e-01 1.685682e+00
9.999972e-01 -1.170168e-03 -2.060649e-03 1.241833e+00 1.164849e-03 9.999960e-01 -2.580381e-03 -6.785194e-02 2.063661e-03 2.577974e-03 9.999944e-01 1.804388e+00
9.999940e-01 1.577251e-03 3.080626e-03 1.279637e+00 -1.585183e-03 9.999954e-01 2.574147e-03 -7.329843e-02 -3.076550e-03 -2.579015e-03 9.999918e-01 1.979741e+00
9.999973e-01 -1.153166e-03 -2.013327e-03 1.309767e+00 1.147966e-03 9.999960e-01 -2.582062e-03 -7.865974e-02 2.016298e-03 2.579744e-03 9.999945e-01 2.157849e+00
9.999947e-01 1.469537e-03 2.900012e-03 1.303748e+00 -1.476416e-03 9.999961e-01 2.371113e-03 -8.193117e-02 -2.896515e-03 -2.375382e-03 9.999929e-01 2.305507e+00
9.999959e-01 -1.241005e-03 -2.567935e-03 1.250559e+00 1.234232e-03 9.999958e-01 -2.637574e-03 -8.226476e-02 2.571199e-03 2.634395e-03 9.999931e-01 2.417321e+00
9.999938e-01 1.494923e-03 3.179198e-03 1.221755e+00 -1.502481e-03 9.999960e-01 2.376290e-03 -8.392178e-02 -3.175631e-03 -2.381051e-03 9.999920e-01 2.535331e+00
9.999941e-01 -1.254864e-03 -3.186818e-03 1.146798e+00 1.246385e-03 9.999957e-01 -2.661092e-03 -8.271951e-02 3.190145e-03 2.657105e-03 9.999913e-01 2.637919e+00
9.999921e-01 1.548284e-03 3.653092e-03 1.119655e+00 -1.557197e-03 9.999958e-01 2.438283e-03 -8.440398e-02 -3.649300e-03 -2.443952e-03 9.999903e-01 2.760489e+00
9.999977e-01 -1.003416e-03 -1.915441e-03 1.292450e+00 9.994618e-04 9.999974e-01 -2.063985e-03 -9.291496e-02 1.917509e-03 2.062066e-03 9.999959e-01 2.893068e+00
9.999905e-01 1.596696e-03 4.053111e-03 1.412378e+00 -1.607251e-03 9.999953e-01 2.602327e-03 -1.020107e-01 -4.048935e-03 -2.608816e-03 9.999883e-01 3.095444e+00
9.999981e-01 -8.505547e-04 -1.741243e-03 1.557892e+00 8.472354e-04 9.999978e-01 -1.906168e-03 -1.123687e-01 1.742863e-03 1.904690e-03 9.999966e-01 3.314146e+00
9.999948e-01 1.267015e-03 2.956286e-03 1.659877e+00 -1.273384e-03 9.999969e-01 2.153761e-03 -1.194146e-01 -2.953546e-03 -2.157514e-03 9.999932e-01 3.482051e+00
9.999976e-01 -1.049198e-03 -1.936002e-03 1.678847e+00 1.044528e-03 9.999965e-01 -2.412074e-03 -1.221141e-01 1.938529e-03 2.410046e-03 9.999951e-01 3.577494e+00
9.999940e-01 1.334902e-03 3.181969e-03 1.708422e+00 -1.342038e-03 9.999966e-01 2.241502e-03 -1.261107e-01 -3.178963e-03 -2.245759e-03 9.999923e-01 3.695022e+00
9.999981e-01 -9.812083e-04 -1.665094e-03 1.773520e+00 9.775148e-04 9.999971e-01 -2.217607e-03 -1.315185e-01 1.667268e-03 2.215976e-03 9.999961e-01 3.822152e+00
9.999932e-01 1.404726e-03 3.411243e-03 1.828558e+00 -1.412545e-03 9.999964e-01 2.290566e-03 -1.370773e-01 -3.408010e-03 -2.295368e-03 9.999915e-01 3.962861e+00
9.999987e-01 -9.057256e-04 -1.321729e-03 1.925792e+00 9.030239e-04 9.999975e-01 -2.043276e-03 -1.437876e-01 1.323579e-03 2.042081e-03 9.999969e-01 4.097685e+00
9.999947e-01 1.334583e-03 2.981281e-03 2.014295e+00 -1.341030e-03 9.999968e-01 2.161701e-03 -1.496907e-01 -2.978383e-03 -2.165687e-03 9.999931e-01 4.222446e+00
9.999982e-01 -1.002073e-03 -1.583119e-03 2.086227e+00 9.987413e-04 9.999973e-01 -2.104181e-03 -1.553877e-01 1.585227e-03 2.102597e-03 9.999964e-01 4.359279e+00
9.999933e-01 1.550742e-03 3.303461e-03 2.175005e+00 -1.558526e-03 9.999960e-01 2.355169e-03 -1.625130e-01 -3.299792e-03 -2.360301e-03 9.999917e-01 4.525888e+00
9.999994e-01 -8.036275e-04 -7.310174e-04 2.373241e+00 8.023820e-04 9.999982e-01 -1.702564e-03 -1.721726e-01 7.323884e-04 1.701977e-03 9.999982e-01 4.670513e+00
9.999931e-01 1.495849e-03 3.387217e-03 2.581810e+00 -1.504132e-03 9.999959e-01 2.444324e-03 -1.824258e-01 -3.383542e-03 -2.449401e-03 9.999912e-01 4.825371e+00
9.999959e-01 -1.267516e-03 -2.586897e-03 2.572220e+00 1.260441e-03 9.999955e-01 -2.734846e-03 -1.845170e-01 2.590356e-03 2.731575e-03 9.999928e-01 4.949798e+00
9.999966e-01 1.461788e-03 2.143768e-03 2.479497e+00 -1.466960e-03 9.999960e-01 2.413266e-03 -1.819639e-01 -2.140228e-03 -2.416402e-03 9.999947e-01 5.041359e+00
9.999938e-01 -1.292992e-03 -3.265397e-03 2.372377e+00 1.284102e-03 9.999955e-01 -2.723116e-03 -1.784947e-01 3.268907e-03 2.718906e-03 9.999909e-01 5.144267e+00
9.999919e-01 1.581032e-03 3.691291e-03 2.320755e+00 -1.589985e-03 9.999958e-01 2.423759e-03 -1.791893e-01 -3.687439e-03 -2.429607e-03 9.999901e-01 5.258929e+00
9.999981e-01 -9.683296e-04 -1.676283e-03 2.406601e+00 9.649750e-04 9.999975e-01 -2.000812e-03 -1.873953e-01 1.678221e-03 1.999191e-03 9.999965e-01 5.466194e+00
9.999948e-01 1.389766e-03 2.907133e-03 2.528525e+00 -1.395515e-03 9.999971e-01 1.976498e-03 -1.926062e-01 -2.904373e-03 -1.980544e-03 9.999937e-01 5.551779e+00
9.999996e-01 -6.982160e-04 -6.019562e-04 2.811499e+00 6.964985e-04 9.999957e-01 -2.848695e-03 -1.909271e-01 6.039474e-04 2.848276e-03 9.999957e-01 5.153338e+00
9.999942e-01 1.315958e-03 3.152607e-03 2.999919e+00 -1.322373e-03 9.999971e-01 2.033633e-03 -1.877569e-01 -3.149916e-03 -2.037789e-03 9.999929e-01 4.767876e+00
9.999956e-01 -1.189913e-03 -2.705198e-03 2.930779e+00 1.183310e-03 9.999963e-01 -2.441122e-03 -1.865499e-01 2.708098e-03 2.437911e-03 9.999933e-01 4.830908e+00
9.999936e-01 1.407163e-03 3.289860e-03 2.885586e+00 -1.414132e-03 9.999968e-01 2.117115e-03 -1.872678e-01 -3.286865e-03 -2.121753e-03 9.999922e-01 4.931205e+00
9.999970e-01 -1.092013e-03 -2.169855e-03 2.954951e+00 1.087146e-03 9.999969e-01 -2.242923e-03 -1.914574e-01 2.172302e-03 2.240558e-03 9.999950e-01 5.027558e+00
9.999917e-01 1.521136e-03 3.770146e-03 3.061612e+00 -1.530054e-03 9.999960e-01 2.363643e-03 -1.979645e-01 -3.766530e-03 -2.369392e-03 9.999900e-01 5.149195e+00
9.999972e-01 -1.062391e-03 -2.136715e-03 3.159278e+00 1.057750e-03 9.999971e-01 -2.171779e-03 -2.045489e-01 2.139022e-03 2.169513e-03 9.999953e-01 5.291850e+00
9.999934e-01 1.391456e-03 3.350260e-03 3.213163e+00 -1.398702e-03 9.999967e-01 2.161172e-03 -2.097250e-01 -3.347236e-03 -2.165843e-03 9.999920e-01 5.431619e+00
9.999962e-01 -1.140451e-03 -2.491906e-03 3.208915e+00 1.134438e-03 9.999964e-01 -2.413332e-03 -2.124873e-01 2.494656e-03 2.410496e-03 9.999939e-01 5.561179e+00
9.999932e-01 1.504655e-03 3.374948e-03 3.225713e+00 -1.512502e-03 9.999962e-01 2.323597e-03 -2.170295e-01 -3.371433e-03 -2.328685e-03 9.999915e-01 5.729966e+00
9.999967e-01 -1.098580e-03 -2.303268e-03 3.299738e+00 1.093352e-03 9.999968e-01 -2.269656e-03 -2.229212e-01 2.305760e-03 2.267131e-03 9.999947e-01 5.883307e+00
9.999864e-01 2.254343e-03 4.711098e-03 3.797257e+00 -2.260908e-03 9.999965e-01 1.388644e-03 -2.207753e-01 -4.707945e-03 -1.399276e-03 9.999878e-01 5.236951e+00
9.999997e-01 -6.797538e-04 4.337556e-04 4.319981e+00 6.810658e-04 9.999952e-01 -3.031677e-03 -2.091155e-01 -4.316859e-04 3.031972e-03 9.999952e-01 3.985337e+00
9.999984e-01 1.059870e-03 1.444003e-03 4.442166e+00 -1.063484e-03 9.999963e-01 2.504256e-03 -2.088419e-01 -1.441336e-03 -2.505788e-03 9.999957e-01 3.831366e+00
9.999992e-01 -8.875632e-04 -9.174611e-04 4.380466e+00 8.849196e-04 9.999955e-01 -2.877844e-03 -2.083871e-01 9.200182e-04 2.877030e-03 9.999953e-01 3.918272e+00
9.999985e-01 1.061641e-03 1.355199e-03 4.309608e+00 -1.065007e-03 9.999963e-01 2.485588e-03 -2.073171e-01 -1.352548e-03 -2.487027e-03 9.999959e-01 3.997391e+00
9.999992e-01 -8.961610e-04 -8.359438e-04 4.242303e+00 8.937560e-04 9.999955e-01 -2.872929e-03 -2.064959e-01 8.385217e-04 2.872179e-03 9.999954e-01 4.078001e+00
9.999985e-01 1.098564e-03 1.374872e-03 4.185388e+00 -1.102027e-03 9.999962e-01 2.520943e-03 -2.064892e-01 -1.372090e-03 -2.522454e-03 9.999958e-01 4.170186e+00
9.999992e-01 -9.400669e-04 -7.885589e-04 4.139851e+00 9.378180e-04 9.999955e-01 -2.847455e-03 -2.070267e-01 7.912394e-04 2.846713e-03 9.999955e-01 4.268147e+00
9.999984e-01 1.113672e-03 1.428024e-03 4.101199e+00 -1.117266e-03 9.999962e-01 2.518674e-03 -2.079400e-01 -1.425206e-03 -2.520266e-03 9.999957e-01 4.370055e+00
9.999981e-01 -8.152158e-04 -1.786013e-03 4.018289e+00 8.102955e-04 9.999959e-01 -2.753949e-03 -2.065370e-01 1.788258e-03 2.752496e-03 9.999945e-01 4.494475e+00
9.999961e-01 9.581261e-04 2.624303e-03 3.982759e+00 -9.641518e-04 9.999969e-01 2.295853e-03 -2.065254e-01 -2.622087e-03 -2.298374e-03 9.999938e-01 4.549201e+00
9.999985e-01 -7.154278e-04 -1.569992e-03 3.971405e+00 7.113019e-04 9.999963e-01 -2.626968e-03 -2.088823e-01 1.571873e-03 2.625847e-03 9.999952e-01 4.648764e+00
9.999957e-01 1.055854e-03 2.749811e-03 4.006204e+00 -1.062866e-03 9.999962e-01 2.549899e-03 -2.136884e-01 -2.747100e-03 -2.552811e-03 9.999929e-01 4.794496e+00
9.999979e-01 -8.262084e-04 -1.849642e-03 3.991854e+00 8.209243e-04 9.999956e-01 -2.855781e-03 -2.158480e-01 1.852001e-03 2.854256e-03 9.999941e-01 4.908050e+00
9.999990e-01 1.082165e-03 -8.863802e-04 3.848642e+00 -1.079707e-03 9.999956e-01 2.769171e-03 -2.103361e-01 8.893804e-04 -2.768211e-03 9.999957e-01 5.061863e+00
9.999987e-01 -7.646992e-04 -1.431574e-03 3.712405e+00 7.603155e-04 9.999950e-01 -3.060203e-03 -2.055729e-01 1.433914e-03 3.059111e-03 9.999942e-01 5.211970e+00
9.999973e-01 9.209347e-04 2.111237e-03 3.659260e+00 -9.265139e-04 9.999961e-01 2.643197e-03 -2.053333e-01 -2.108788e-03 -2.645147e-03 9.999942e-01 5.278457e+00
9.999967e-01 -6.653366e-04 -2.501372e-03 3.582173e+00 6.581706e-04 9.999957e-01 -2.864594e-03 -2.041194e-01 2.503275e-03 2.862938e-03 9.999927e-01 5.411011e+00
9.999981e-01 1.010017e-03 1.656553e-03 3.496758e+00 -1.014416e-03 9.999960e-01 2.656817e-03 -2.027007e-01 -1.653855e-03 -2.658493e-03 9.999950e-01 5.575383e+00
9.999989e-01 -5.931899e-04 -1.346269e-03 3.493797e+00 5.896194e-04 9.999963e-01 -2.650980e-03 -2.068157e-01 1.347843e-03 2.650183e-03 9.999955e-01 5.783285e+00
9.999978e-01 1.036918e-03 1.829731e-03 3.525507e+00 -1.041934e-03 9.999957e-01 2.742861e-03 -2.125411e-01 -1.826872e-03 -2.744761e-03 9.999945e-01 6.003404e+00
9.999997e-01 2.713461e-04 -6.664151e-04 4.062533e+00 -2.727301e-04 9.999978e-01 -2.077546e-03 -2.245784e-01 6.658572e-04 2.077727e-03 9.999975e-01 5.987034e+00
9.999960e-01 7.669027e-04 2.722142e-03 4.514042e+00 -7.746562e-04 9.999956e-01 2.848422e-03 -2.348963e-01 -2.719938e-03 -2.850519e-03 9.999921e-01 5.974214e+00
9.999953e-01 -4.413358e-04 -3.030948e-03 4.453651e+00 4.322557e-04 9.999954e-01 -2.995804e-03 -2.352374e-01 3.032264e-03 2.994479e-03 9.999908e-01 6.142642e+00
9.999976e-01 7.096149e-04 2.053212e-03 4.349932e+00 -7.151990e-04 9.999960e-01 2.720217e-03 -2.321596e-01 -2.051267e-03 -2.721679e-03 9.999941e-01 6.262945e+00
9.999985e-01 -5.219294e-04 -1.653971e-03 4.304161e+00 5.169128e-04 9.999953e-01 -3.032057e-03 -2.327412e-01 1.655553e-03 3.031197e-03 9.999939e-01 6.374740e+00
9.999959e-01 7.607067e-04 2.750234e-03 4.353613e+00 -7.684617e-04 9.999957e-01 2.819801e-03 -2.358991e-01 -2.748070e-03 -2.821903e-03 9.999921e-01 6.453062e+00
9.999986e-01 -4.505484e-04 -1.580102e-03 4.482569e+00 4.460337e-04 9.999958e-01 -2.856443e-03 -2.407582e-01 1.581390e-03 2.855734e-03 9.999946e-01 6.517967e+00
9.999951e-01 1.102115e-03 2.915919e-03 4.782310e+00 -1.111868e-03 9.999938e-01 3.345194e-03 -2.504281e-01 -2.912207e-03 -3.348420e-03 9.999901e-01 6.593079e+00
9.999992e-01 -5.204421e-04 -1.167289e-03 5.046568e+00 5.171294e-04 9.999958e-01 -2.836435e-03 -2.594235e-01 1.168768e-03 2.835829e-03 9.999952e-01 6.674458e+00
9.999945e-01 1.134787e-03 3.132070e-03 5.318884e+00 -1.145417e-03 9.999936e-01 3.394274e-03 -2.692265e-01 -3.128190e-03 -3.397843e-03 9.999892e-01 6.763114e+00
9.999992e-01 -6.157788e-04 -1.147225e-03 5.501706e+00 6.123639e-04 9.999954e-01 -2.974661e-03 -2.774928e-01 1.149060e-03 2.973956e-03 9.999948e-01 6.880458e+00
9.999951e-01 1.273954e-03 2.876558e-03 5.738640e+00 -1.283779e-03 9.999933e-01 3.416215e-03 -2.865140e-01 -2.872178e-03 -3.419891e-03 9.999899e-01 6.978224e+00
9.999996e-01 -6.308119e-04 -6.251173e-04 5.994796e+00 6.290655e-04 9.999959e-01 -2.790099e-03 -2.963706e-01 6.268835e-04 2.789705e-03 9.999958e-01 7.081871e+00
9.999981e-01 9.390292e-04 1.729407e-03 6.026995e+00 -9.436552e-04 9.999960e-01 2.676043e-03 -3.007467e-01 -1.726878e-03 -2.677670e-03 9.999948e-01 7.219313e+00
9.999997e-01 -6.280000e-04 -4.785111e-04 6.068215e+00 6.266915e-04 9.999961e-01 -2.729736e-03 -3.055937e-01 4.802325e-04 2.729435e-03 9.999961e-01 7.357160e+00
9.999961e-01 1.389375e-03 2.405312e-03 6.307650e+00 -1.397368e-03 9.999935e-01 3.324679e-03 -3.156481e-01 -2.400667e-03 -3.328027e-03 9.999915e-01 7.488486e+00
9.999995e-01 -8.421372e-04 -4.993883e-04 6.497068e+00 8.407210e-04 9.999956e-01 -2.829411e-03 -3.240667e-01 5.017782e-04 2.828990e-03 9.999958e-01 7.615881e+00
9.999983e-01 1.133529e-03 1.438307e-03 6.503032e+00 -1.137328e-03 9.999959e-01 2.643265e-03 -3.276053e-01 -1.435296e-03 -2.644897e-03 9.999954e-01 7.758208e+00
9.999993e-01 -9.212947e-04 -7.848352e-04 6.467582e+00 9.189915e-04 9.999953e-01 -2.929896e-03 -3.289865e-01 7.875403e-04 2.929173e-03 9.999953e-01 7.877208e+00
9.999980e-01 1.210257e-03 1.601562e-03 6.457264e+00 -1.214585e-03 9.999956e-01 2.704462e-03 -3.318536e-01 -1.598272e-03 -2.706402e-03 9.999950e-01 8.012902e+00
9.999996e-01 -7.963180e-04 -4.018611e-04 6.541283e+00 7.952768e-04 9.999963e-01 -2.584423e-03 -3.382313e-01 4.039273e-04 2.584102e-03 9.999965e-01 8.166032e+00
9.999981e-01 1.073423e-03 1.636480e-03 6.588094e+00 -1.077537e-03 9.999963e-01 2.514983e-03 -3.426434e-01 -1.633765e-03 -2.516742e-03 9.999954e-01 8.287002e+00
9.999989e-01 -8.776729e-04 -1.175577e-03 6.532895e+00 8.743302e-04 9.999956e-01 -2.840937e-03 -3.427638e-01 1.178075e-03 2.839907e-03 9.999952e-01 8.390490e+00
9.999989e-01 1.059546e-03 9.925477e-04 6.446406e+00 -1.062003e-03 9.999964e-01 2.477751e-03 -3.405639e-01 -9.899089e-04 -2.478802e-03 9.999963e-01 8.478846e+00
9.999995e-01 -8.849898e-04 -4.971512e-04 6.385470e+00 8.835687e-04 9.999955e-01 -2.851603e-03 -3.400458e-01 4.996825e-04 2.851162e-03 9.999957e-01 8.555880e+00
9.999991e-01 1.057696e-03 8.322997e-04 6.322335e+00 -1.059766e-03 9.999963e-01 2.489895e-03 -3.391752e-01 -8.296531e-04 -2.490775e-03 9.999965e-01 8.642472e+00
9.999978e-01 -8.711102e-04 -1.888321e-03 6.216650e+00 8.658196e-04 9.999957e-01 -2.800760e-03 -3.357979e-01 1.890762e-03 2.799119e-03 9.999942e-01 8.747845e+00
9.999982e-01 1.039437e-03 1.604238e-03 6.128042e+00 -1.043311e-03 9.999965e-01 2.415772e-03 -3.334193e-01 -1.601712e-03 -2.417442e-03 9.999957e-01 8.834228e+00
9.999998e-01 -4.144305e-04 -5.531714e-04 6.266031e+00 4.132012e-04 9.999974e-01 -2.220537e-03 -3.406425e-01 5.541001e-04 2.220308e-03 9.999973e-01 8.971291e+00
9.999921e-01 1.433044e-03 3.699818e-03 6.638994e+00 -1.446254e-03 9.999926e-01 3.570210e-03 -3.558062e-01 -3.694664e-03 -3.575533e-03 9.999867e-01 9.136300e+00
9.999995e-01 -6.459592e-04 -7.544494e-04 6.904067e+00 6.440469e-04 9.999966e-01 -2.532215e-03 -3.681972e-01 7.560930e-04 2.531728e-03 9.999964e-01 9.308908e+00
9.999935e-01 1.329008e-03 3.353736e-03 7.109115e+00 -1.339905e-03 9.999938e-01 3.249100e-03 -3.783705e-01 -3.349386e-03 -3.253573e-03 9.999890e-01 9.459898e+00
9.999994e-01 -5.736378e-04 -8.839654e-04 7.403317e+00 5.714052e-04 9.999967e-01 -2.523783e-03 -3.887598e-01 8.854212e-04 2.523276e-03 9.999963e-01 9.545722e+00
9.999925e-01 1.274020e-03 3.661602e-03 7.692734e+00 -1.286006e-03 9.999938e-01 3.272899e-03 -3.989209e-01 -3.657398e-03 -3.277582e-03 9.999878e-01 9.619873e+00
9.999982e-01 -7.859832e-04 -1.705127e-03 7.841842e+00 7.811553e-04 9.999957e-01 -2.830234e-03 -4.070354e-01 1.707355e-03 2.828897e-03 9.999944e-01 9.760956e+00
9.999927e-01 1.320430e-03 3.597577e-03 7.992860e+00 -1.332210e-03 9.999938e-01 3.274268e-03 -4.155591e-01 -3.593219e-03 -3.279036e-03 9.999881e-01 9.912076e+00
9.999993e-01 -6.968187e-04 -9.758243e-04 8.204262e+00 6.942960e-04 9.999964e-01 -2.583135e-03 -4.254813e-01 9.776327e-04 2.582456e-03 9.999961e-01 1.004357e+01
9.999937e-01 1.255889e-03 3.317152e-03 8.367165e+00 -1.266299e-03 9.999943e-01 3.138117e-03 -4.344967e-01 -3.313180e-03 -3.142297e-03 9.999895e-01 1.019250e+01
9.999989e-01 -7.434530e-04 -1.295931e-03 8.522052e+00 7.399337e-04 9.999960e-01 -2.713941e-03 -4.427192e-01 1.297956e-03 2.712980e-03 9.999954e-01 1.032818e+01
9.999964e-01 1.059082e-03 2.473853e-03 8.578684e+00 -1.065874e-03 9.999957e-01 2.745953e-03 -4.479655e-01 -2.470922e-03 -2.748579e-03 9.999931e-01 1.047265e+01
9.999976e-01 -8.311024e-04 -2.016231e-03 8.543793e+00 8.250564e-04 9.999952e-01 -2.997629e-03 -4.493559e-01 2.018725e-03 2.995959e-03 9.999934e-01 1.060446e+01
9.999955e-01 1.077619e-03 2.800324e-03 8.526160e+00 -1.085300e-03 9.999957e-01 2.742621e-03 -4.517555e-01 -2.797344e-03 -2.745647e-03 9.999922e-01 1.073702e+01
9.999974e-01 -8.549061e-04 -2.095280e-03 8.495517e+00 8.485119e-04 9.999950e-01 -3.050683e-03 -4.531831e-01 2.097890e-03 3.048898e-03 9.999931e-01 1.084419e+01
9.999937e-01 1.157404e-03 3.354856e-03 8.533720e+00 -1.167395e-03 9.999949e-01 2.977676e-03 -4.578820e-01 -3.351380e-03 -2.981573e-03 9.999898e-01 1.097897e+01
9.999982e-01 -7.590029e-04 -1.712362e-03 8.594459e+00 7.542102e-04 9.999958e-01 -2.797811e-03 -4.644111e-01 1.714491e-03 2.796515e-03 9.999945e-01 1.115114e+01
9.999952e-01 1.146234e-03 2.890349e-03 8.634339e+00 -1.154462e-03 9.999953e-01 2.846640e-03 -4.701715e-01 -2.887060e-03 -2.849962e-03 9.999917e-01 1.132885e+01
9.999990e-01 -7.021854e-04 -1.257818e-03 8.701489e+00 6.989255e-04 9.999964e-01 -2.590285e-03 -4.773479e-01 1.259646e-03 2.589404e-03 9.999958e-01 1.151993e+01
9.999969e-01 1.044682e-03 2.265329e-03 8.734832e+00 -1.050554e-03 9.999961e-01 2.592187e-03 -4.824877e-01 -2.262599e-03 -2.594558e-03 9.999940e-01 1.169213e+01
9.999988e-01 -7.584517e-04 -1.321304e-03 8.739377e+00 7.548146e-04 9.999959e-01 -2.750886e-03 -4.862460e-01 1.323398e-03 2.749886e-03 9.999952e-01 1.184230e+01
9.999960e-01 1.145049e-03 2.582576e-03 8.780319e+00 -1.152375e-03 9.999953e-01 2.837003e-03 -4.921222e-01 -2.579302e-03 -2.839967e-03 9.999925e-01 1.202293e+01
9.999986e-01 -7.993771e-04 -1.498527e-03 8.845097e+00 7.951864e-04 9.999958e-01 -2.795026e-03 -4.976713e-01 1.500769e-03 2.793832e-03 9.999949e-01 1.216996e+01
9.999957e-01 1.044144e-03 2.753414e-03 8.903801e+00 -1.051709e-03 9.999957e-01 2.747464e-03 -5.022630e-01 -2.750520e-03 -2.750347e-03 9.999923e-01 1.228603e+01
9.999990e-01 -7.015059e-04 -1.188839e-03 8.958669e+00 6.983191e-04 9.999962e-01 -2.678896e-03 -5.079914e-01 1.190727e-03 2.678064e-03 9.999956e-01 1.243042e+01
9.999934e-01 1.214482e-03 3.425452e-03 9.081674e+00 -1.225288e-03 9.999943e-01 3.154234e-03 -5.163713e-01 -3.421587e-03 -3.158409e-03 9.999891e-01 1.259698e+01
9.999990e-01 -6.949513e-04 -1.263075e-03 9.229485e+00 6.915154e-04 9.999961e-01 -2.718614e-03 -5.245281e-01 1.264974e-03 2.717739e-03 9.999954e-01 1.273543e+01
9.999937e-01 1.136160e-03 3.362090e-03 9.339125e+00 -1.146329e-03 9.999948e-01 3.024150e-03 -5.315596e-01 -3.358622e-03 -3.027984e-03 9.999897e-01 1.287124e+01
9.999991e-01 -6.531116e-04 -1.161649e-03 9.429801e+00 6.499340e-04 9.999961e-01 -2.733620e-03 -5.384876e-01 1.163445e-03 2.732864e-03 9.999955e-01 1.301602e+01
9.999938e-01 1.146395e-03 3.330518e-03 9.524949e+00 -1.156662e-03 9.999946e-01 3.082262e-03 -5.457250e-01 -3.326952e-03 -3.086094e-03 9.999896e-01 1.317340e+01
9.999993e-01 -5.646942e-04 -1.074322e-03 9.653899e+00 5.618579e-04 9.999964e-01 -2.638498e-03 -5.538135e-01 1.075823e-03 2.637893e-03 9.999958e-01 1.332588e+01
9.999931e-01 1.213103e-03 3.512135e-03 9.823975e+00 -1.224596e-03 9.999939e-01 3.271926e-03 -5.633983e-01 -3.508129e-03 -3.276203e-03 9.999884e-01 1.349367e+01
9.999989e-01 -6.786668e-04 -1.352470e-03 9.950294e+00 6.748876e-04 9.999959e-01 -2.792728e-03 -5.718043e-01 1.354375e-03 2.791813e-03 9.999951e-01 1.366628e+01
9.999919e-01 1.385275e-03 3.765787e-03 1.009249e+01 -1.398213e-03 9.999931e-01 3.435226e-03 -5.812963e-01 -3.760986e-03 -3.440463e-03 9.999869e-01 1.385914e+01
9.999994e-01 -6.169646e-04 -9.179416e-04 1.030325e+01 6.146249e-04 9.999966e-01 -2.546860e-03 -5.925766e-01 9.195260e-04 2.546296e-03 9.999962e-01 1.404457e+01
9.999959e-01 1.047686e-03 2.678144e-03 1.038978e+01 -1.055412e-03 9.999953e-01 2.885023e-03 -5.998460e-01 -2.675092e-03 -2.887836e-03 9.999922e-01 1.422503e+01
9.999985e-01 -6.605535e-04 -1.596203e-03 1.043066e+01 6.560165e-04 9.999957e-01 -2.841136e-03 -6.055074e-01 1.598089e-03 2.840086e-03 9.999946e-01 1.440297e+01
9.999948e-01 1.061034e-03 3.038587e-03 1.050593e+01 -1.070195e-03 9.999949e-01 3.014670e-03 -6.121606e-01 -3.035356e-03 -3.017905e-03 9.999907e-01 1.456763e+01
9.999978e-01 -7.727478e-04 -1.932003e-03 1.053880e+01 7.668171e-04 9.999950e-01 -3.068497e-03 -6.167958e-01 1.934382e-03 3.067010e-03 9.999933e-01 1.471673e+01
9.999949e-01 1.226549e-03 2.941892e-03 1.067435e+01 -1.235817e-03 9.999943e-01 3.150669e-03 -6.227631e-01 -2.937994e-03 -3.154288e-03 9.999906e-01 1.481926e+01
9.999988e-01 -7.885524e-04 -1.335069e-03 1.081803e+01 7.848122e-04 9.999958e-01 -2.799606e-03 -6.304872e-01 1.337288e-03 2.798556e-03 9.999951e-01 1.496076e+01
9.999972e-01 9.460773e-04 2.185055e-03 1.083743e+01 -9.517926e-04 9.999961e-01 2.616035e-03 -6.332307e-01 -2.182555e-03 -2.618106e-03 9.999941e-01 1.507079e+01
9.999991e-01 -6.739179e-04 -1.125727e-03 1.088411e+01 6.708241e-04 9.999960e-01 -2.746321e-03 -6.373122e-01 1.127591e-03 2.745565e-03 9.999955e-01 1.518640e+01
9.999960e-01 1.052308e-03 2.636187e-03 1.097901e+01 -1.060064e-03 9.999951e-01 2.942444e-03 -6.438583e-01 -2.633061e-03 -2.945225e-03 9.999921e-01 1.533108e+01
9.999980e-01 -8.511062e-04 -1.830410e-03 1.096281e+01 8.452064e-04 9.999945e-01 -3.221527e-03 -6.460017e-01 1.833159e-03 3.219975e-03 9.999930e-01 1.545501e+01
9.999956e-01 1.092097e-03 2.774497e-03 1.096033e+01 -1.100289e-03 9.999950e-01 2.952716e-03 -6.486476e-01 -2.771241e-03 -2.955754e-03 9.999917e-01 1.556834e+01
9.999974e-01 -9.036994e-04 -2.100465e-03 1.093568e+01 8.968994e-04 9.999944e-01 -3.236037e-03 -6.503045e-01 2.103395e-03 3.234146e-03 9.999925e-01 1.568895e+01
9.999977e-01 1.085116e-03 1.829571e-03 1.085296e+01 -1.090425e-03 9.999952e-01 2.903394e-03 -6.482914e-01 -1.826395e-03 -2.905382e-03 9.999940e-01 1.579080e+01
9.999988e-01 -9.268409e-04 -1.253919e-03 1.081680e+01 9.227409e-04 9.999942e-01 -3.266267e-03 -6.488074e-01 1.256956e-03 3.265108e-03 9.999938e-01 1.587983e+01
9.999982e-01 1.178386e-03 1.489380e-03 1.076129e+01 -1.182857e-03 9.999948e-01 3.004296e-03 -6.491445e-01 -1.485814e-03 -3.006051e-03 9.999943e-01 1.600593e+01
9.999989e-01 -8.619308e-04 -1.214140e-03 1.071931e+01 8.580340e-04 9.999945e-01 -3.206327e-03 -6.504947e-01 1.216915e-03 3.205283e-03 9.999940e-01 1.614701e+01
9.999974e-01 1.104324e-03 2.013439e-03 1.070927e+01 -1.110285e-03 9.999950e-01 2.962219e-03 -6.530319e-01 -2.010140e-03 -2.964446e-03 9.999935e-01 1.628127e+01
9.999970e-01 -8.327545e-04 -2.303144e-03 1.062086e+01 8.252728e-04 9.999944e-01 -3.247449e-03 -6.511094e-01 2.305853e-03 3.245540e-03 9.999920e-01 1.638669e+01
9.999960e-01 1.082926e-03 2.610989e-03 1.057078e+01 -1.090750e-03 9.999949e-01 2.996807e-03 -6.518597e-01 -2.607713e-03 -2.999642e-03 9.999920e-01 1.651765e+01
9.999970e-01 -8.214068e-04 -2.324403e-03 1.050933e+01 8.137502e-04 9.999942e-01 -3.292973e-03 -6.518205e-01 2.327112e-03 3.291073e-03 9.999918e-01 1.662765e+01
9.999978e-01 1.092899e-03 1.777946e-03 1.041325e+01 -1.098239e-03 9.999949e-01 3.005316e-03 -6.493450e-01 -1.774635e-03 -3.007261e-03 9.999938e-01 1.673513e+01
9.999959e-01 -8.939791e-04 -2.732567e-03 1.030909e+01 8.849688e-04 9.999942e-01 -3.296775e-03 -6.460797e-01 2.735516e-03 3.294345e-03 9.999907e-01 1.683953e+01
9.999979e-01 1.070215e-03 1.769748e-03 1.020516e+01 -1.075479e-03 9.999950e-01 2.975853e-03 -6.428128e-01 -1.766537e-03 -2.977749e-03 9.999939e-01 1.694188e+01
9.999973e-01 -8.164423e-04 -2.188049e-03 1.011291e+01 8.092595e-04 9.999943e-01 -3.281569e-03 -6.405439e-01 2.190733e-03 3.279790e-03 9.999921e-01 1.704350e+01
9.999970e-01 1.048188e-03 2.202024e-03 1.003456e+01 -1.054691e-03 9.999951e-01 2.954162e-03 -6.392003e-01 -2.198900e-03 -2.956475e-03 9.999931e-01 1.714974e+01
9.999973e-01 -8.462492e-04 -2.172124e-03 9.952841e+00 8.390824e-04 9.999942e-01 -3.298195e-03 -6.374742e-01 2.174920e-03 3.296365e-03 9.999921e-01 1.723532e+01
9.999978e-01 1.027606e-03 1.810970e-03 9.861768e+00 -1.032931e-03 9.999951e-01 2.942138e-03 -6.350109e-01 -1.807921e-03 -2.944001e-03 9.999939e-01 1.732516e+01
9.999965e-01 -8.609118e-04 -2.489102e-03 9.764394e+00 8.527650e-04 9.999943e-01 -3.272137e-03 -6.321006e-01 2.491922e-03 3.270004e-03 9.999914e-01 1.742106e+01
9.999983e-01 1.040828e-03 1.513693e-03 9.659610e+00 -1.045290e-03 9.999951e-01 2.949424e-03 -6.288097e-01 -1.510598e-03 -2.951000e-03 9.999944e-01 1.752442e+01
9.999981e-01 -8.831140e-04 -1.745265e-03 9.572131e+00 8.773029e-04 9.999941e-01 -3.327581e-03 -6.264910e-01 1.748210e-03 3.326044e-03 9.999928e-01 1.760981e+01
9.999975e-01 1.060065e-03 1.956020e-03 9.495228e+00 -1.065820e-03 9.999951e-01 2.943858e-03 -6.249803e-01 -1.952872e-03 -2.945934e-03 9.999937e-01 1.769218e+01
9.999975e-01 -8.945222e-04 -2.057949e-03 9.410806e+00 8.877077e-04 9.999941e-01 -3.309804e-03 -6.228948e-01 2.060915e-03 3.307970e-03 9.999923e-01 1.777466e+01
9.999979e-01 1.036844e-03 1.746451e-03 9.322205e+00 -1.041940e-03 9.999952e-01 2.919735e-03 -6.204850e-01 -1.743398e-03 -2.921548e-03 9.999941e-01 1.785860e+01
9.999983e-01 -8.906645e-04 -1.606627e-03 9.245596e+00 8.853234e-04 9.999941e-01 -3.322023e-03 -6.188127e-01 1.609594e-03 3.320595e-03 9.999931e-01 1.793581e+01
9.999968e-01 1.055466e-03 2.297519e-03 9.201775e+00 -1.062215e-03 9.999951e-01 2.938239e-03 -6.192082e-01 -2.294389e-03 -2.940670e-03 9.999929e-01 1.801794e+01
9.999985e-01 -8.753283e-04 -1.519078e-03 9.160769e+00 8.703153e-04 9.999942e-01 -3.297571e-03 -6.200725e-01 1.521973e-03 3.296245e-03 9.999933e-01 1.811225e+01
9.999981e-01 1.011443e-03 1.647020e-03 9.081661e+00 -1.016207e-03 9.999953e-01 2.894078e-03 -6.182390e-01 -1.644068e-03 -2.895745e-03 9.999944e-01 1.818270e+01
9.999990e-01 -8.655565e-04 -1.125576e-03 9.012196e+00 8.618335e-04 9.999942e-01 -3.303825e-03 -6.171439e-01 1.128447e-03 3.302853e-03 9.999938e-01 1.824910e+01
9.999981e-01 1.045971e-03 1.620190e-03 8.950912e+00 -1.050718e-03 9.999952e-01 2.931838e-03 -6.167508e-01 -1.617098e-03 -2.933535e-03 9.999943e-01 1.833876e+01
9.999990e-01 -8.774804e-04 -1.134609e-03 8.884665e+00 8.737108e-04 9.999941e-01 -3.318614e-03 -6.159896e-01 1.137532e-03 3.317620e-03 9.999938e-01 1.842117e+01
9.999985e-01 1.072447e-03 1.359730e-03 8.809239e+00 -1.076472e-03 9.999950e-01 2.962343e-03 -6.146700e-01 -1.356529e-03 -2.963802e-03 9.999946e-01 1.850774e+01
9.999989e-01 -8.144617e-04 -1.264066e-03 8.731493e+00 8.102967e-04 9.999943e-01 -3.291858e-03 -6.134350e-01 1.266757e-03 3.290830e-03 9.999937e-01 1.860492e+01
9.999979e-01 1.013765e-03 1.794299e-03 8.676208e+00 -1.019061e-03 9.999951e-01 2.952840e-03 -6.135851e-01 -1.791279e-03 -2.954662e-03 9.999939e-01 1.870654e+01
9.999980e-01 -8.587624e-04 -1.818607e-03 8.593932e+00 8.527133e-04 9.999941e-01 -3.324369e-03 -6.115853e-01 1.821469e-03 3.322812e-03 9.999927e-01 1.878544e+01
9.999983e-01 1.004660e-03 1.516979e-03 8.505068e+00 -1.009124e-03 9.999952e-01 2.944832e-03 -6.091589e-01 -1.513995e-03 -2.946358e-03 9.999944e-01 1.886982e+01
9.999979e-01 -7.912871e-04 -1.871161e-03 8.413969e+00 7.851523e-04 9.999943e-01 -3.277055e-03 -6.068099e-01 1.873762e-03 3.275580e-03 9.999928e-01 1.896360e+01
9.999972e-01 9.946842e-04 2.133697e-03 8.342250e+00 -1.000911e-03 9.999952e-01 2.919271e-03 -6.058076e-01 -2.130765e-03 -2.921399e-03 9.999934e-01 1.905833e+01
9.999965e-01 -8.257174e-04 -2.517367e-03 8.251635e+00 8.174774e-04 9.999943e-01 -3.272505e-03 -6.033429e-01 2.520072e-03 3.270436e-03 9.999914e-01 1.915004e+01
9.999969e-01 1.070109e-03 2.240149e-03 8.162673e+00 -1.076706e-03 9.999951e-01 2.945907e-03 -6.012620e-01 -2.236968e-03 -2.948309e-03 9.999931e-01 1.924900e+01
9.999982e-01 -8.489058e-04 -1.715462e-03 8.122603e+00 8.433823e-04 9.999945e-01 -3.217948e-03 -6.024143e-01 1.718202e-03 3.216495e-03 9.999933e-01 1.936967e+01
9.999964e-01 1.044467e-03 2.479243e-03 8.098862e+00 -1.051747e-03 9.999951e-01 2.937007e-03 -6.043101e-01 -2.476146e-03 -2.939604e-03 9.999925e-01 1.949153e+01
9.999978e-01 -8.743494e-04 -1.904880e-03 8.053798e+00 8.681305e-04 9.999943e-01 -3.263116e-03 -6.050122e-01 1.907740e-03 3.261455e-03 9.999928e-01 1.959924e+01
9.999958e-01 1.107765e-03 2.670534e-03 8.030928e+00 -1.115786e-03 9.999949e-01 3.003842e-03 -6.071357e-01 -2.667175e-03 -3.006809e-03 9.999918e-01 1.972457e+01
9.999978e-01 -8.596175e-04 -1.920880e-03 8.015281e+00 8.534215e-04 9.999944e-01 -3.224091e-03 -6.097740e-01 1.923659e-03 3.222445e-03 9.999929e-01 1.986725e+01
9.999993e-01 1.180214e-03 -2.248308e-04 7.886680e+00 -1.179506e-03 9.999944e-01 3.125606e-03 -6.054284e-01 2.285361e-04 -3.125338e-03 9.999950e-01 2.003257e+01
9.999993e-01 -8.851591e-04 7.519838e-04 7.865992e+00 8.876232e-04 9.999942e-01 -3.282759e-03 -6.079845e-01 -7.490560e-04 3.283424e-03 9.999942e-01 2.018573e+01
9.999980e-01 1.223703e-03 -1.606028e-03 7.776771e+00 -1.218681e-03 9.999944e-01 3.124163e-03 -6.063156e-01 1.609860e-03 -3.122199e-03 9.999937e-01 2.035060e+01
9.999990e-01 -8.306320e-04 -1.106580e-03 7.633501e+00 8.270741e-04 9.999945e-01 -3.211850e-03 -6.012034e-01 1.109259e-03 3.210932e-03 9.999941e-01 2.053531e+01
9.999992e-01 1.222569e-03 2.365313e-04 7.545750e+00 -1.223268e-03 9.999948e-01 2.977502e-03 -5.996666e-01 -2.328727e-04 -2.977789e-03 9.999954e-01 2.069623e+01
9.999996e-01 -3.452145e-04 7.706978e-04 7.853120e+00 3.469635e-04 9.999974e-01 -2.270511e-03 -6.115269e-01 -7.698946e-04 2.270778e-03 9.999970e-01 2.085427e+01
9.999974e-01 1.482523e-03 1.728371e-03 8.307742e+00 -1.489038e-03 9.999918e-01 3.774139e-03 -6.287659e-01 -1.722744e-03 -3.776702e-03 9.999913e-01 2.104280e+01
9.999981e-01 4.043825e-04 1.901092e-03 9.090974e+00 -4.023542e-04 9.999993e-01 -1.067173e-03 -6.557612e-01 -1.901504e-03 1.066407e-03 9.999975e-01 2.123881e+01
9.999971e-01 1.494174e-03 1.877490e-03 9.925081e+00 -1.501385e-03 9.999915e-01 3.845331e-03 -6.825513e-01 -1.871710e-03 -3.848138e-03 9.999907e-01 2.141231e+01
9.999996e-01 -2.226997e-04 8.846756e-04 1.049685e+01 2.245934e-04 9.999977e-01 -2.141183e-03 -7.016323e-01 -8.841781e-04 2.141381e-03 9.999972e-01 2.154771e+01
9.999970e-01 2.004868e-03 1.414119e-03 1.136063e+01 -2.009910e-03 9.999916e-01 3.573023e-03 -7.185055e-01 -1.406925e-03 -3.575854e-03 9.999925e-01 2.140831e+01
9.999981e-01 -5.107350e-04 1.873879e-03 1.203407e+01 5.172201e-04 9.999939e-01 -3.462050e-03 -7.246224e-01 -1.872080e-03 3.463013e-03 9.999922e-01 2.096086e+01
9.999984e-01 1.418367e-03 1.121562e-03 1.239108e+01 -1.422447e-03 9.999923e-01 3.645463e-03 -7.301879e-01 -1.116363e-03 -3.647051e-03 9.999926e-01 2.079233e+01
9.999995e-01 -6.707607e-04 7.387570e-04 1.273861e+01 6.731258e-04 9.999946e-01 -3.206133e-03 -7.387689e-01 -7.365829e-04 3.206630e-03 9.999945e-01 2.079257e+01
9.999988e-01 1.134807e-03 1.061124e-03 1.293420e+01 -1.138357e-03 9.999937e-01 3.351357e-03 -7.444533e-01 -1.057294e-03 -3.352559e-03 9.999937e-01 2.082348e+01
9.999996e-01 -9.347550e-04 -1.088034e-04 1.293824e+01 9.343286e-04 9.999921e-01 -3.854034e-03 -7.449294e-01 1.124250e-04 3.853932e-03 9.999925e-01 2.086058e+01
9.999927e-01 3.057839e-03 2.312303e-03 1.368154e+01 -3.076121e-03 9.999637e-01 7.944608e-03 -7.829645e-01 -2.287906e-03 -7.951661e-03 9.999657e-01 2.148793e+01
9.999915e-01 2.331000e-03 3.409463e-03 1.578669e+01 -2.339442e-03 9.999942e-01 2.474130e-03 -8.730562e-01 -3.403656e-03 -2.482083e-03 9.999910e-01 2.268248e+01
9.999454e-01 4.416236e-03 9.473444e-03 1.862785e+01 -4.512895e-03 9.999377e-01 1.020612e-02 -9.778219e-01 -9.427760e-03 -1.024831e-02 9.999029e-01 2.359371e+01
9.999914e-01 1.175875e-03 3.984980e-03 2.095484e+01 -1.180200e-03 9.999987e-01 1.082958e-03 -1.066731e+00 -3.983679e-03 -1.087647e-03 9.999914e-01 2.442670e+01
9.999918e-01 2.602958e-03 3.086476e-03 2.248178e+01 -2.625305e-03 9.999702e-01 7.258323e-03 -1.134332e+00 -3.067467e-03 -7.266361e-03 9.999688e-01 2.534127e+01
9.999951e-01 3.886502e-04 -3.097929e-03 2.355580e+01 -3.911709e-04 9.999996e-01 -8.128662e-04 -1.192486e+00 3.097635e-03 8.140808e-04 9.999948e-01 2.654740e+01
9.999782e-01 3.652992e-03 5.495086e-03 2.499966e+01 -3.702948e-03 9.999517e-01 9.108338e-03 -1.265518e+00 -5.461524e-03 -9.128480e-03 9.999433e-01 2.784791e+01
9.999902e-01 -5.401198e-04 -4.397041e-03 2.616319e+01 5.315469e-04 9.999980e-01 -1.950393e-03 -1.327472e+00 4.398110e-03 1.948045e-03 9.999883e-01 2.910911e+01
9.999925e-01 2.806459e-03 2.674922e-03 2.692326e+01 -2.824126e-03 9.999741e-01 6.623925e-03 -1.371719e+00 -2.656239e-03 -6.631420e-03 9.999744e-01 3.017580e+01
9.999968e-01 4.587901e-06 -2.528781e-03 2.792881e+01 -7.311278e-06 9.999994e-01 -1.076487e-03 -1.422805e+00 2.528798e-03 1.076511e-03 9.999961e-01 3.116640e+01
9.999912e-01 2.619695e-03 3.273136e-03 2.895327e+01 -2.642578e-03 9.999720e-01 7.006286e-03 -1.475624e+00 -3.254666e-03 -7.014864e-03 9.999700e-01 3.218615e+01
9.999884e-01 9.047408e-05 -4.813517e-03 2.989173e+01 -9.775086e-05 9.999989e-01 -1.511251e-03 -1.526986e+00 4.813399e-03 1.511714e-03 9.999872e-01 3.332942e+01
9.999740e-01 2.853149e-03 6.616696e-03 3.098920e+01 -2.903188e-03 9.999672e-01 7.565073e-03 -1.581074e+00 -6.594871e-03 -7.584075e-03 9.999494e-01 3.430481e+01
9.999902e-01 -2.739137e-04 -4.410710e-03 3.193735e+01 2.664060e-04 9.999985e-01 -1.702305e-03 -1.632394e+00 4.411194e-03 1.701125e-03 9.999887e-01 3.530525e+01
9.999953e-01 2.456708e-03 1.810760e-03 3.259359e+01 -2.467967e-03 9.999775e-01 6.240946e-03 -1.674830e+00 -1.795364e-03 -6.245373e-03 9.999788e-01 3.646955e+01
9.999846e-01 -1.816568e-04 -5.545485e-03 3.315099e+01 1.691198e-04 9.999974e-01 -2.260859e-03 -1.713150e+00 5.545904e-03 2.259899e-03 9.999820e-01 3.764449e+01
9.999972e-01 2.359124e-03 -1.519654e-04 3.352610e+01 -2.358277e-03 9.999828e-01 5.361147e-03 -1.743189e+00 1.646333e-04 -5.360760e-03 9.999855e-01 3.880810e+01
9.999850e-01 -1.538881e-04 -5.478439e-03 3.388321e+01 1.402575e-04 9.999969e-01 -2.488060e-03 -1.771933e+00 5.478827e-03 2.487268e-03 9.999818e-01 3.993211e+01
9.999944e-01 2.328671e-03 2.387811e-03 3.449072e+01 -2.344347e-03 9.999756e-01 6.582652e-03 -1.811339e+00 -2.372402e-03 -6.588200e-03 9.999754e-01 4.105598e+01
9.999906e-01 6.549905e-05 -4.345605e-03 3.528524e+01 -7.293080e-05 9.999985e-01 -1.709666e-03 -1.857523e+00 4.345509e-03 1.709981e-03 9.999890e-01 4.217004e+01
9.999947e-01 2.218743e-03 2.362652e-03 3.605365e+01 -2.234209e-03 9.999760e-01 6.563054e-03 -1.903055e+00 -2.348011e-03 -6.568283e-03 9.999756e-01 4.329453e+01
9.999890e-01 -4.146252e-05 -4.681261e-03 3.673843e+01 3.149799e-05 9.999977e-01 -2.128288e-03 -1.945193e+00 4.681360e-03 2.128132e-03 9.999867e-01 4.439324e+01
9.999924e-01 2.430659e-03 3.036273e-03 3.753302e+01 -2.451521e-03 9.999733e-01 6.885481e-03 -1.990514e+00 -3.019435e-03 -6.892857e-03 9.999716e-01 4.546277e+01
9.999918e-01 -5.470654e-05 -4.038299e-03 3.834104e+01 4.744190e-05 9.999984e-01 -1.798568e-03 -2.038365e+00 4.038412e-03 1.798378e-03 9.999901e-01 4.657684e+01
9.999934e-01 2.518666e-03 2.610094e-03 3.917850e+01 -2.536997e-03 9.999720e-01 7.043268e-03 -2.087476e+00 -2.592260e-03 -7.049826e-03 9.999717e-01 4.773228e+01
9.999892e-01 -3.557098e-04 -4.623416e-03 3.989868e+01 3.444917e-04 9.999970e-01 -2.426517e-03 -2.130751e+00 4.624286e-03 2.424916e-03 9.999863e-01 4.882533e+01
9.999920e-01 2.807388e-03 2.860620e-03 4.072183e+01 -2.828312e-03 9.999691e-01 7.336070e-03 -2.177339e+00 -2.839916e-03 -7.344084e-03 9.999689e-01 4.991577e+01
9.999943e-01 -3.282954e-04 -3.347374e-03 4.161355e+01 3.212119e-04 9.999977e-01 -2.115861e-03 -2.225453e+00 3.348081e-03 2.114793e-03 9.999921e-01 5.094587e+01
9.999901e-01 2.659862e-03 3.576042e-03 4.248234e+01 -2.685378e-03 9.999708e-01 7.148806e-03 -2.271747e+00 -3.556903e-03 -7.158319e-03 9.999680e-01 5.189510e+01
9.999926e-01 -2.247519e-04 -3.846974e-03 4.338149e+01 2.174706e-04 9.999982e-01 -1.892508e-03 -2.320311e+00 3.847413e-03 1.891677e-03 9.999907e-01 5.291145e+01
9.999678e-01 3.927686e-03 6.993921e-03 4.475244e+01 -3.987317e-03 9.999556e-01 8.532365e-03 -2.380165e+00 -6.960078e-03 -8.559957e-03 9.999390e-01 5.378630e+01
9.999863e-01 9.910332e-04 5.131512e-03 4.663643e+01 -9.959802e-04 9.999990e-01 9.611465e-04 -2.457865e+00 -5.130532e-03 -9.662232e-04 9.999863e-01 5.463004e+01
9.999952e-01 2.749547e-03 1.421443e-03 4.809613e+01 -2.759965e-03 9.999690e-01 7.378757e-03 -2.524054e+00 -1.401089e-03 -7.382623e-03 9.999717e-01 5.560649e+01
9.999981e-01 7.517129e-05 -1.968383e-03 4.911840e+01 -7.841303e-05 9.999986e-01 -1.645561e-03 -2.576874e+00 1.968279e-03 1.645735e-03 9.999966e-01 5.667468e+01
9.999961e-01 2.543871e-03 1.135574e-03 5.020406e+01 -2.551959e-03 9.999710e-01 7.176347e-03 -2.626468e+00 -1.117264e-03 -7.179194e-03 9.999735e-01 5.759206e+01
9.999947e-01 -5.230516e-04 -3.199891e-03 5.094406e+01 5.128518e-04 9.999948e-01 -3.186681e-03 -2.664573e+00 3.201564e-03 3.185047e-03 9.999897e-01 5.846128e+01
9.999973e-01 2.295879e-03 -2.349965e-04 5.148992e+01 -2.294268e-03 9.999752e-01 6.650797e-03 -2.697896e+00 2.502816e-04 -6.650216e-03 9.999778e-01 5.944458e+01
9.999969e-01 -1.961517e-04 -2.484990e-03 5.216477e+01 1.896650e-04 9.999966e-01 -2.609227e-03 -2.736745e+00 2.485514e-03 2.608772e-03 9.999934e-01 6.045636e+01
9.999980e-01 1.985725e-03 2.951721e-04 5.279696e+01 -1.987528e-03 9.999786e-01 6.232510e-03 -2.771245e+00 -2.827688e-04 -6.233060e-03 9.999804e-01 6.132442e+01
9.999987e-01 3.548880e-04 -1.565238e-03 5.371888e+01 -3.580513e-04 9.999979e-01 -2.019470e-03 -2.812106e+00 1.564539e-03 2.020052e-03 9.999966e-01 6.207639e+01
9.999962e-01 2.149700e-03 1.713180e-03 5.480447e+01 -2.161972e-03 9.999718e-01 7.191843e-03 -2.860173e+00 -1.697650e-03 -7.195494e-03 9.999726e-01 6.287454e+01
9.999955e-01 -2.463894e-04 -2.992394e-03 5.556813e+01 2.370561e-04 9.999951e-01 -3.118019e-03 -2.898836e+00 2.993169e-03 3.117321e-03 9.999906e-01 6.369762e+01
