9.999680e-01 5.974443e-04 -7.976964e-03 -8.504564e-03 -5.957917e-04 9.999998e-01 2.095463e-04 -1.531544e-02 7.977087e-03 -2.047865e-04 9.999681e-01 6.814899e-01
9.999994e-01 3.557627e-05 -1.057392e-03 -1.855330e-02 -3.555843e-05 1.000000e+00 1.687352e-05 -3.076168e-02 1.057391e-03 -1.683539e-05 9.999993e-01 1.372265e+00
9.999812e-01 5.657159e-04 -6.109629e-03 -2.420025e-02 -5.644398e-04 9.999998e-01 2.105852e-04 -4.787084e-02 6.109744e-03 -2.071321e-04 9.999812e-01 2.172519e+00
9.999863e-01 -9.893632e-05 5.242412e-03 -1.485204e-02 9.950452e-05 1.000000e+00 -1.081182e-04 -6.626414e-02 -5.242403e-03 1.086389e-04 9.999862e-01 3.072801e+00
9.999842e-01 5.263547e-04 -5.598140e-03 -6.871765e-03 -5.250092e-04 9.999998e-01 2.418124e-04 -8.381114e-02 5.598264e-03 -2.388689e-04 9.999842e-01 3.915400e+00
9.999347e-01 -3.621633e-04 1.142111e-02 1.020368e-02 3.645373e-04 9.999999e-01 -2.057741e-04 -1.003316e-01 -1.142104e-02 2.099246e-04 9.999347e-01 4.709695e+00
9.999694e-01 6.481328e-04 -7.793301e-03 3.016590e-02 -6.457044e-04 9.999997e-01 3.141027e-04 -1.163575e-01 7.793501e-03 -3.090603e-04 9.999695e-01 5.446665e+00
9.999615e-01 -3.168779e-04 8.773599e-03 3.965070e-02 3.187901e-04 9.999999e-01 -2.165554e-04 -1.324502e-01 -8.773531e-03 2.193446e-04 9.999614e-01 6.195533e+00
9.999976e-01 4.931631e-04 -2.138098e-03 5.876785e-02 -4.924128e-04 9.999998e-01 3.514063e-04 -1.482356e-01 2.138270e-03 -3.503520e-04 9.999976e-01 6.925347e+00
9.998780e-01 -5.972552e-04 1.560908e-02 8.352793e-02 6.024606e-04 9.999998e-01 -3.287866e-04 -1.622832e-01 -1.560888e-02 3.381509e-04 9.998780e-01 7.543682e+00
9.999616e-01 7.453538e-04 -8.728614e-03 9.757814e-02 -7.417132e-04 9.999996e-01 4.203070e-04 -1.777907e-01 8.728925e-03 -4.138161e-04 9.999617e-01 8.269264e+00
9.999348e-01 -4.446073e-04 1.141313e-02 1.144335e-01 4.479506e-04 9.999999e-01 -2.903803e-04 -1.942948e-01 -1.141300e-02 2.954745e-04 9.999347e-01 9.036401e+00
9.999955e-01 5.266064e-04 -2.958596e-03 1.385196e-01 -5.257124e-04 9.999998e-01 3.029269e-04 -2.092142e-01 2.958757e-03 -3.013696e-04 9.999955e-01 9.709611e+00
9.995970e-01 -1.198237e-03 2.836152e-02 1.903088e-01 1.215125e-03 9.999991e-01 -5.782460e-04 -2.214066e-01 -2.836080e-02 6.124763e-04 9.995975e-01 1.023218e+01
9.999486e-01 9.235158e-04 -1.010014e-02 2.411516e-01 -9.188764e-04 9.999995e-01 4.639733e-04 -2.353253e-01 1.010057e-02 -4.546681e-04 9.999488e-01 1.082979e+01
9.998997e-01 -6.106013e-04 1.415188e-02 2.688338e-01 6.148495e-04 9.999998e-01 -2.958382e-04 -2.511656e-01 -1.415168e-02 3.045104e-04 9.998997e-01 1.153429e+01
9.999638e-01 7.391984e-04 -8.472320e-03 2.898855e-01 -7.370643e-04 9.999997e-01 2.550174e-04 -2.664875e-01 8.472514e-03 -2.487629e-04 9.999640e-01 1.223511e+01
9.996740e-01 -9.770865e-04 2.551173e-02 3.281063e-01 9.860525e-04 9.999995e-01 -3.388679e-04 -2.803082e-01 -2.551138e-02 3.639139e-04 9.996744e-01 1.284233e+01
9.997369e-01 1.286883e-03 -2.290218e-02 3.430748e-01 -1.276416e-03 9.999991e-01 4.716251e-04 -2.960802e-01 2.290278e-02 -4.422677e-04 9.997375e-01 1.356285e+01
9.996311e-01 -1.121436e-03 2.713619e-02 3.620569e-01 1.134033e-03 9.999993e-01 -4.488381e-04 -3.106380e-01 -2.713566e-02 4.794465e-04 9.996315e-01 1.420145e+01
9.998937e-01 1.079598e-03 -1.453752e-02 4.094325e-01 -1.073874e-03 9.999993e-01 4.015504e-04 -3.248735e-01 1.453796e-02 -3.858957e-04 9.998941e-01 1.480773e+01
9.998363e-01 -7.630358e-04 1.807542e-02 4.351625e-01 7.687780e-04 9.999997e-01 -3.107352e-04 -3.411125e-01 -1.807516e-02 3.245809e-04 9.998365e-01 1.554443e+01
9.998536e-01 1.213292e-03 -1.706476e-02 4.500025e-01 -1.207205e-03 9.999992e-01 3.670212e-04 -3.585477e-01 1.706520e-02 -3.463662e-04 9.998542e-01 1.639178e+01
9.998353e-01 -7.713387e-04 1.813447e-02 4.678791e-01 7.770181e-04 9.999997e-01 -3.061414e-04 -3.758459e-01 -1.813422e-02 3.201824e-04 9.998354e-01 1.722226e+01
9.998474e-01 1.246329e-03 -1.742442e-02 4.855459e-01 -1.240137e-03 9.999992e-01 3.661715e-04 -3.945328e-01 1.742488e-02 -3.445063e-04 9.998480e-01 1.815113e+01
9.998432e-01 -7.400872e-04 1.769498e-02 5.047043e-01 7.451241e-04 9.999997e-01 -2.780597e-04 -4.147298e-01 -1.769476e-02 2.912017e-04 9.998433e-01 1.917727e+01
9.998563e-01 1.232465e-03 -1.690702e-02 5.265884e-01 -1.226920e-03 9.999992e-01 3.383041e-04 -4.346147e-01 1.690744e-02 -3.175112e-04 9.998569e-01 2.018185e+01
9.998352e-01 -7.771754e-04 1.813902e-02 5.465256e-01 7.821629e-04 9.999997e-01 -2.678641e-04 -4.530444e-01 -1.813879e-02 2.820083e-04 9.998353e-01 2.108832e+01
9.998462e-01 1.279749e-03 -1.749296e-02 5.668099e-01 -1.274122e-03 9.999991e-01 3.327855e-04 -4.731581e-01 1.749339e-02 -3.104455e-04 9.998468e-01 2.211085e+01
9.998468e-01 -7.472056e-04 1.748555e-02 5.854890e-01 7.515412e-04 9.999997e-01 -2.413835e-04 -4.945461e-01 -1.748535e-02 2.544883e-04 9.998470e-01 2.322219e+01
9.998377e-01 1.297502e-03 -1.797009e-02 6.049940e-01 -1.291641e-03 9.999991e-01 3.377590e-04 -5.164960e-01 1.797052e-02 -3.144926e-04 9.998384e-01 2.436322e+01
9.998385e-01 -7.623505e-04 1.795483e-02 6.276433e-01 7.669770e-04 9.999997e-01 -2.507914e-04 -5.379442e-01 -1.795462e-02 2.645226e-04 9.998387e-01 2.546956e+01
9.998469e-01 1.292887e-03 -1.744982e-02 6.511937e-01 -1.287467e-03 9.999991e-01 3.218098e-04 -5.592824e-01 1.745023e-02 -2.992938e-04 9.998476e-01 2.657056e+01
9.998436e-01 -7.509145e-04 1.766724e-02 6.727764e-01 7.552255e-04 9.999997e-01 -2.373370e-04 -5.810807e-01 -1.766705e-02 2.506434e-04 9.998438e-01 2.770767e+01
9.998439e-01 1.278301e-03 -1.762316e-02 6.929478e-01 -1.272986e-03 9.999991e-01 3.127986e-04 -6.021708e-01 1.762355e-02 -2.903150e-04 9.998446e-01 2.879603e+01
9.998437e-01 -7.584777e-04 1.766400e-02 7.109975e-01 7.626297e-04 9.999997e-01 -2.283161e-04 -6.228556e-01 -1.766381e-02 2.417522e-04 9.998439e-01 2.986095e+01
9.998444e-01 1.268862e-03 -1.759267e-02 7.270948e-01 -1.263762e-03 9.999992e-01 3.010075e-04 -6.428523e-01 1.759305e-02 -2.787270e-04 9.998451e-01 3.088202e+01
9.998424e-01 -7.764420e-04 1.773564e-02 7.370106e-01 7.805967e-04 9.999997e-01 -2.273356e-04 -6.618141e-01 -1.773545e-02 2.411449e-04 9.998426e-01 3.184385e+01
9.998464e-01 1.284715e-03 -1.747920e-02 7.443764e-01 -1.279738e-03 9.999991e-01 2.959333e-04 -6.811200e-01 1.747958e-02 -2.735183e-04 9.998471e-01 3.283895e+01
9.998475e-01 -7.626463e-04 1.744962e-02 7.557887e-01 7.661679e-04 9.999997e-01 -1.951318e-04 -7.017156e-01 -1.744945e-02 2.084722e-04 9.998476e-01 3.391017e+01
9.998482e-01 1.328093e-03 -1.737473e-02 7.731374e-01 -1.323356e-03 9.999991e-01 2.841209e-04 -7.245995e-01 1.737511e-02 -2.610840e-04 9.998489e-01 3.513273e+01
9.998475e-01 -7.504283e-04 1.744912e-02 7.877587e-01 7.539485e-04 9.999997e-01 -1.951642e-04 -7.473154e-01 -1.744895e-02 2.082909e-04 9.998476e-01 3.635003e+01
9.998483e-01 1.326132e-03 -1.736759e-02 8.003564e-01 -1.321510e-03 9.999991e-01 2.776022e-04 -7.698977e-01 1.736795e-02 -2.546079e-04 9.998490e-01 3.756286e+01
9.998370e-01 -7.429779e-04 1.804146e-02 8.075235e-01 7.464284e-04 9.999997e-01 -1.845218e-04 -7.924295e-01 -1.804131e-02 1.979592e-04 9.998371e-01 3.878950e+01
9.998549e-01 1.273977e-03 -1.698724e-02 8.143145e-01 -1.269879e-03 9.999992e-01 2.520559e-04 -8.127333e-01 1.698756e-02 -2.304468e-04 9.998556e-01 3.986068e+01
9.998461e-01 -7.671268e-04 1.752715e-02 8.202858e-01 7.703927e-04 9.999997e-01 -1.795820e-04 -8.317630e-01 -1.752700e-02 1.930580e-04 9.998463e-01 4.084103e+01
9.998466e-01 1.248419e-03 -1.747243e-02 8.209781e-01 -1.244369e-03 9.999992e-01 2.426740e-04 -8.495898e-01 1.747273e-02 -2.208938e-04 9.998472e-01 4.174292e+01
9.998516e-01 -7.212915e-04 1.721163e-02 8.274946e-01 7.241380e-04 9.999997e-01 -1.591494e-04 -8.694172e-01 -1.721150e-02 1.715903e-04 9.998518e-01 4.277281e+01
9.998616e-01 1.253228e-03 -1.659184e-02 8.508485e-01 -1.249650e-03 9.999992e-01 2.260046e-04 -8.908267e-01 1.659212e-02 -2.052385e-04 9.998622e-01 4.388122e+01
9.998511e-01 -7.311661e-04 1.723789e-02 8.770935e-01 7.339686e-04 9.999997e-01 -1.562548e-04 -9.117506e-01 -1.723776e-02 1.688844e-04 9.998513e-01 4.494758e+01
9.998541e-01 1.265684e-03 -1.703404e-02 9.042005e-01 -1.262018e-03 9.999992e-01 2.259759e-04 -9.334355e-01 1.703433e-02 -2.044448e-04 9.998548e-01 4.606310e+01
9.998385e-01 -7.759425e-04 1.795474e-02 9.264577e-01 7.789743e-04 9.999997e-01 -1.618642e-04 -9.526929e-01 -1.795460e-02 1.758252e-04 9.998387e-01 4.702351e+01
9.998530e-01 1.257089e-03 -1.709891e-02 9.505381e-01 -1.253629e-03 9.999992e-01 2.130359e-04 -9.714685e-01 1.709918e-02 -1.915680e-04 9.998537e-01 4.794516e+01
9.998476e-01 -7.514290e-04 1.744120e-02 9.757322e-01 7.540400e-04 9.999997e-01 -1.431317e-04 -9.914210e-01 -1.744108e-02 1.562621e-04 9.998478e-01 4.894340e+01
9.998651e-01 1.297600e-03 -1.637560e-02 9.996659e-01 -1.294330e-03 9.999991e-01 2.102618e-04 -1.013023e+00 1.637587e-02 -1.890371e-04 9.998658e-01 5.006692e+01
9.998294e-01 -7.699596e-04 1.845466e-02 1.019751e+00 7.726824e-04 9.999997e-01 -1.404145e-04 -1.033907e+00 -1.845453e-02 1.546511e-04 9.998296e-01 5.115668e+01
9.998477e-01 1.278600e-03 -1.740242e-02 1.036381e+00 -1.275295e-03 9.999992e-01 2.010053e-04 -1.053738e+00 1.740268e-02 -1.787805e-04 9.998484e-01 5.217130e+01
9.998392e-01 -7.558331e-04 1.791575e-02 1.057185e+00 7.582655e-04 9.999997e-01 -1.289801e-04 -1.074075e+00 -1.791564e-02 1.425452e-04 9.998394e-01 5.320862e+01
9.998429e-01 1.328114e-03 -1.767466e-02 1.078586e+00 -1.324580e-03 9.999991e-01 2.116799e-04 -1.097301e+00 1.767494e-02 -1.882342e-04 9.998437e-01 5.444836e+01
9.998385e-01 -7.467795e-04 1.795703e-02 1.096574e+00 7.489272e-04 9.999997e-01 -1.128777e-04 -1.121167e+00 -1.795693e-02 1.263089e-04 9.998387e-01 5.574226e+01
9.998426e-01 1.324042e-03 -1.769493e-02 1.124063e+00 -1.320889e-03 9.999991e-01 1.899294e-04 -1.144508e+00 1.769518e-02 -1.665255e-04 9.998433e-01 5.697574e+01
9.998353e-01 -7.686224e-04 1.813475e-02 1.152617e+00 7.708093e-04 9.999997e-01 -1.136077e-04 -1.166792e+00 -1.813464e-02 1.275683e-04 9.998354e-01 5.813277e+01
9.998410e-01 1.319705e-03 -1.778399e-02 1.180028e+00 -1.316619e-03 9.999991e-01 1.852596e-04 -1.189034e+00 1.778423e-02 -1.618144e-04 9.998417e-01 5.928910e+01
9.998343e-01 -7.596839e-04 1.818830e-02 1.204072e+00 7.615094e-04 9.999997e-01 -9.344343e-05 -1.212037e+00 -1.818821e-02 1.072795e-04 9.998345e-01 6.050849e+01
9.998525e-01 1.325991e-03 -1.712166e-02 1.226659e+00 -1.323197e-03 9.999991e-01 1.745065e-04 -1.235337e+00 1.712189e-02 -1.518244e-04 9.998533e-01 6.175617e+01
9.998446e-01 -7.074650e-04 1.761686e-02 1.243143e+00 7.087369e-04 9.999997e-01 -6.596042e-05 -1.260844e+00 -1.761680e-02 7.843688e-05 9.998447e-01 6.317051e+01
9.998501e-01 1.355892e-03 -1.726039e-02 1.260017e+00 -1.353218e-03 9.999991e-01 1.666048e-04 -1.287608e+00 1.726062e-02 -1.432217e-04 9.998509e-01 6.467471e+01
9.998449e-01 -7.679660e-04 1.759274e-02 1.280106e+00 7.692481e-04 9.999997e-01 -6.611143e-05 -1.311823e+00 -1.759267e-02 7.963538e-05 9.998451e-01 6.598945e+01
9.998488e-01 1.359261e-03 -1.733377e-02 1.302102e+00 -1.356533e-03 9.999991e-01 1.691273e-04 -1.336072e+00 1.733400e-02 -1.455868e-04 9.998496e-01 6.729810e+01
9.998431e-01 -7.692552e-04 1.769782e-02 1.323955e+00 7.702318e-04 9.999997e-01 -4.837031e-05 -1.360579e+00 -1.769776e-02 6.199518e-05 9.998433e-01 6.862499e+01
9.998454e-01 1.361902e-03 -1.753143e-02 1.346228e+00 -1.359448e-03 9.999991e-01 1.518897e-04 -1.385110e+00 1.753164e-02 -1.280321e-04 9.998462e-01 6.995207e+01
9.998369e-01 -7.958728e-04 1.804443e-02 1.377057e+00 7.972102e-04 9.999997e-01 -6.692436e-05 -1.408354e+00 -1.804435e-02 8.129971e-05 9.998371e-01 7.117289e+01
9.998453e-01 1.331475e-03 -1.753736e-02 1.408390e+00 -1.329378e-03 9.999991e-01 1.312135e-04 -1.430064e+00 1.753753e-02 -1.078784e-04 9.998461e-01 7.228265e+01
9.998398e-01 -7.524498e-04 1.788471e-02 1.432309e+00 7.532265e-04 9.999997e-01 -3.669985e-05 -1.453531e+00 -1.788466e-02 5.016629e-05 9.998400e-01 7.353413e+01
9.998442e-01 1.373705e-03 -1.759656e-02 1.453078e+00 -1.371501e-03 9.999991e-01 1.373252e-04 -1.479327e+00 1.759675e-02 -1.131690e-04 9.998451e-01 7.495955e+01
9.998402e-01 -7.435712e-04 1.786377e-02 1.476393e+00 7.442110e-04 9.999997e-01 -2.917014e-05 -1.505333e+00 -1.786373e-02 4.246100e-05 9.998403e-01 7.639282e+01
9.998447e-01 1.358934e-03 -1.757255e-02 1.502559e+00 -1.357133e-03 9.999991e-01 1.144286e-04 -1.530373e+00 1.757271e-02 -9.056143e-05 9.998455e-01 7.774991e+01
9.998379e-01 -7.657209e-04 1.798660e-02 1.528488e+00 7.663554e-04 9.999997e-01 -2.838544e-05 -1.554398e+00 -1.798655e-02 4.216610e-05 9.998381e-01 7.903694e+01
9.998401e-01 1.347607e-03 -1.783302e-02 1.554385e+00 -1.345975e-03 9.999991e-01 1.035645e-04 -1.577793e+00 1.783316e-02 -7.954399e-05 9.998409e-01 8.027724e+01
9.998371e-01 -7.540373e-04 1.803227e-02 1.581184e+00 7.543809e-04 9.999997e-01 -1.225146e-05 -1.602091e+00 -1.803225e-02 2.585383e-05 9.998373e-01 8.157953e+01
9.998405e-01 1.305160e-03 -1.781046e-02 1.610606e+00 -1.304123e-03 9.999991e-01 6.985523e-05 -1.623865e+00 1.781055e-02 -4.661588e-05 9.998413e-01 8.269541e+01
9.998449e-01 -7.804826e-04 1.759419e-02 1.641464e+00 7.807627e-04 9.999997e-01 -9.056990e-06 -1.644336e+00 -1.759416e-02 2.279364e-05 9.998451e-01 8.371188e+01
9.998394e-01 1.333118e-03 -1.787045e-02 1.680368e+00 -1.332209e-03 9.999991e-01 6.274461e-05 -1.666283e+00 1.787053e-02 -3.892617e-05 9.998402e-01 8.481282e+01
9.998409e-01 -7.728558e-04 1.781834e-02 1.715385e+00 7.729704e-04 9.999997e-01 4.555612e-07 -1.688614e+00 -1.781832e-02 1.331875e-05 9.998411e-01 8.595264e+01
9.998435e-01 1.309451e-03 -1.764028e-02 1.748187e+00 -1.308825e-03 9.999991e-01 4.705618e-05 -1.709504e+00 1.764034e-02 -2.395958e-05 9.998443e-01 8.699688e+01
9.998369e-01 -7.825171e-04 1.804195e-02 1.779358e+00 7.823407e-04 9.999997e-01 1.683258e-05 -1.730403e+00 -1.804195e-02 -2.713677e-06 9.998371e-01 8.804825e+01
9.998463e-01 1.325330e-03 -1.748380e-02 1.806475e+00 -1.324780e-03 9.999991e-01 4.307379e-05 -1.751860e+00 1.748386e-02 -1.990376e-05 9.998470e-01 8.914924e+01
9.998406e-01 -8.092993e-04 1.783571e-02 1.834261e+00 8.091165e-04 9.999997e-01 1.746470e-05 -1.771898e+00 -1.783570e-02 -3.029533e-06 9.998408e-01 9.014728e+01
9.998479e-01 1.307781e-03 -1.739188e-02 1.860082e+00 -1.307340e-03 9.999991e-01 3.674050e-05 -1.791515e+00 1.739193e-02 -1.399658e-05 9.998486e-01 9.111995e+01
9.998369e-01 -8.185591e-04 1.804115e-02 1.879283e+00 8.182510e-04 9.999997e-01 2.445596e-05 -1.810276e+00 -1.804115e-02 -9.688545e-06 9.998371e-01 9.204935e+01
9.998477e-01 1.345036e-03 -1.740192e-02 1.902685e+00 -1.344571e-03 9.999991e-01 3.842420e-05 -1.831007e+00 1.740197e-02 -1.501898e-05 9.998485e-01 9.310851e+01
9.998451e-01 -8.324823e-04 1.758072e-02 1.923771e+00 8.320389e-04 9.999997e-01 3.253310e-05 -1.851313e+00 -1.758073e-02 -1.789896e-05 9.998453e-01 9.413982e+01
9.998423e-01 1.332008e-03 -1.770611e-02 1.941747e+00 -1.331581e-03 9.999991e-01 3.589523e-05 -1.870757e+00 1.770616e-02 -1.231118e-05 9.998431e-01 9.511616e+01
9.998406e-01 -8.254359e-04 1.783787e-02 1.968194e+00 8.249987e-04 9.999997e-01 3.186590e-05 -1.890656e+00 -1.783787e-02 -1.714333e-05 9.998408e-01 9.610573e+01
9.998417e-01 1.350476e-03 -1.774082e-02 2.002215e+00 -1.350449e-03 9.999991e-01 1.349082e-05 -1.911148e+00 1.774084e-02 1.047067e-05 9.998425e-01 9.711756e+01
9.998432e-01 -7.823129e-04 1.769041e-02 2.037709e+00 7.815469e-04 9.999997e-01 5.021178e-05 -1.933537e+00 -1.769043e-02 -3.637674e-05 9.998434e-01 9.826037e+01
9.998472e-01 1.319870e-03 -1.743284e-02 2.061356e+00 -1.319828e-03 9.999991e-01 1.390548e-05 -1.955068e+00 1.743286e-02 9.106302e-06 9.998479e-01 9.937356e+01
9.998421e-01 -7.867547e-04 1.775265e-02 2.078479e+00 7.856776e-04 9.999997e-01 6.764148e-05 -1.976188e+00 -1.775268e-02 -5.368164e-05 9.998423e-01 1.004750e+02
9.998436e-01 1.329728e-03 -1.763742e-02 2.102267e+00 -1.329911e-03 9.999991e-01 1.336282e-06 -1.997990e+00 1.763742e-02 2.212145e-05 9.998443e-01 1.016065e+02
9.998422e-01 -8.057599e-04 1.774624e-02 2.129854e+00 8.046127e-04 9.999997e-01 7.178331e-05 -2.019056e+00 -1.774628e-02 -5.749182e-05 9.998424e-01 1.026768e+02
9.998433e-01 1.337630e-03 -1.765231e-02 2.157235e+00 -1.337961e-03 9.999991e-01 -6.938327e-06 -2.040551e+00 1.765230e-02 3.055668e-05 9.998441e-01 1.037784e+02
9.998366e-01 -8.024723e-04 1.806066e-02 2.179911e+00 8.010106e-04 9.999997e-01 8.816747e-05 -2.062318e+00 -1.806071e-02 -7.368495e-05 9.998368e-01 1.049130e+02
9.998432e-01 1.345774e-03 -1.765602e-02 2.200430e+00 -1.346139e-03 9.999991e-01 -8.820844e-06 -2.084570e+00 1.765600e-02 3.258828e-05 9.998440e-01 1.060868e+02
9.998375e-01 -7.858313e-04 1.801254e-02 2.225624e+00 7.841451e-04 9.999997e-01 1.006734e-04 -2.107682e+00 -1.801260e-02 -8.653120e-05 9.998377e-01 1.073104e+02
9.998413e-01 1.389621e-03 -1.776198e-02 2.252785e+00 -1.390078e-03 9.999990e-01 -1.335589e-05 -2.132691e+00 1.776196e-02 3.804568e-05 9.998421e-01 1.086627e+02
9.998370e-01 -7.941023e-04 1.803671e-02 2.284739e+00 7.923754e-04 9.999997e-01 1.028865e-04 -2.157581e+00 -1.803677e-02 -8.857647e-05 9.998372e-01 1.099955e+02
9.998387e-01 1.384836e-03 -1.790836e-02 2.330069e+00 -1.385942e-03 9.999990e-01 -4.938529e-05 -2.181543e+00 1.790829e-02 7.419868e-05 9.998395e-01 1.112279e+02
9.998275e-01 -8.454925e-04 1.855328e-02 2.377433e+00 8.437658e-04 9.999996e-01 1.008893e-04 -2.203519e+00 -1.855334e-02 -8.521593e-05 9.998278e-01 1.123186e+02
9.998366e-01 1.400486e-03 -1.802474e-02 2.422361e+00 -1.401613e-03 9.999990e-01 -4.983965e-05 -2.226090e+00 1.802467e-02 7.509663e-05 9.998374e-01 1.134561e+02
9.998203e-01 -8.611534e-04 1.893659e-02 2.462243e+00 8.592133e-04 9.999996e-01 1.105828e-04 -2.248156e+00 -1.893666e-02 -9.429095e-05 9.998206e-01 1.145727e+02
9.998324e-01 1.415975e-03 -1.825221e-02 2.501879e+00 -1.417246e-03 9.999990e-01 -5.668610e-05 -2.270655e+00 1.825213e-02 8.254591e-05 9.998333e-01 1.157189e+02
9.998303e-01 -8.498166e-04 1.839968e-02 2.546357e+00 8.477421e-04 9.999996e-01 1.205413e-04 -2.293811e+00 -1.839976e-02 -1.049212e-04 9.998306e-01 1.168961e+02
9.998379e-01 1.384244e-03 -1.795090e-02 2.596280e+00 -1.385981e-03 9.999990e-01 -8.428230e-05 -2.315445e+00 1.795078e-02 1.091497e-04 9.998388e-01 1.179534e+02
9.998293e-01 -8.573944e-04 1.845479e-02 2.639766e+00 8.550402e-04 9.999996e-01 1.354530e-04 -2.336587e+00 -1.845489e-02 -1.196489e-04 9.998296e-01 1.189916e+02
9.998337e-01 1.409825e-03 -1.817976e-02 2.679870e+00 -1.411565e-03 9.999990e-01 -8.284444e-05 -2.359014e+00 1.817964e-02 1.084940e-04 9.998346e-01 1.201287e+02
9.998322e-01 -8.771661e-04 1.829785e-02 2.717672e+00 8.746612e-04 9.999996e-01 1.448941e-04 -2.380483e+00 -1.829796e-02 -1.288639e-04 9.998325e-01 1.212020e+02
9.998345e-01 1.407469e-03 -1.813917e-02 2.752841e+00 -1.409425e-03 9.999990e-01 -9.505386e-05 -2.401464e+00 1.813903e-02 1.206054e-04 9.998354e-01 1.222470e+02
9.998371e-01 -8.617998e-04 1.802793e-02 2.789778e+00 8.590848e-04 9.999996e-01 1.583355e-04 -2.423328e+00 -1.802805e-02 -1.428207e-04 9.998374e-01 1.233483e+02
9.998312e-01 1.390876e-03 -1.831954e-02 2.832326e+00 -1.393138e-03 9.999990e-01 -1.106923e-04 -2.444608e+00 1.831938e-02 1.361967e-04 9.998321e-01 1.243947e+02
9.998374e-01 -8.663859e-04 1.801422e-02 2.871942e+00 8.634106e-04 9.999996e-01 1.729325e-04 -2.465855e+00 -1.801435e-02 -1.573492e-04 9.998376e-01 1.254451e+02
9.998297e-01 1.420505e-03 -1.839847e-02 2.913010e+00 -1.422814e-03 9.999990e-01 -1.123941e-04 -2.488461e+00 1.839831e-02 1.385541e-04 9.998306e-01 1.265876e+02
9.998340e-01 -8.749674e-04 1.819747e-02 2.945147e+00 8.716635e-04 9.999996e-01 1.894812e-04 -2.510978e+00 -1.819762e-02 -1.735862e-04 9.998343e-01 1.277478e+02
9.998328e-01 1.407365e-03 -1.823223e-02 2.972260e+00 -1.409932e-03 9.999990e-01 -1.279019e-04 -2.532139e+00 1.823205e-02 1.535882e-04 9.998337e-01 1.288238e+02
9.998343e-01 -8.648103e-04 1.818143e-02 2.998823e+00 8.612844e-04 9.999996e-01 2.017544e-04 -2.553779e+00 -1.818158e-02 -1.860601e-04 9.998346e-01 1.299356e+02
9.998291e-01 1.421509e-03 -1.843192e-02 3.026073e+00 -1.424189e-03 9.999990e-01 -1.322504e-04 -2.575964e+00 1.843173e-02 1.584799e-04 9.998300e-01 1.310828e+02
9.998319e-01 -8.484440e-04 1.831298e-02 3.047565e+00 8.444510e-04 9.999996e-01 2.257714e-04 -2.599321e+00 -1.831315e-02 -2.102675e-04 9.998322e-01 1.323283e+02
9.998328e-01 1.417509e-03 -1.822875e-02 3.067428e+00 -1.420486e-03 9.999990e-01 -1.504019e-04 -2.622056e+00 1.822853e-02 1.762720e-04 9.998337e-01 1.335357e+02
9.998325e-01 -8.731043e-04 1.828251e-02 3.082547e+00 8.689683e-04 9.999996e-01 2.341665e-04 -2.643598e+00 -1.828269e-02 -2.182388e-04 9.998327e-01 1.346683e+02
9.998282e-01 1.470123e-03 -1.847882e-02 3.098493e+00 -1.473089e-03 9.999989e-01 -1.468882e-04 -2.667145e+00 1.847860e-02 1.740855e-04 9.998291e-01 1.359393e+02
9.998271e-01 -8.782855e-04 1.857598e-02 3.123697e+00 8.740878e-04 9.999996e-01 2.340858e-04 -2.691121e+00 -1.857616e-02 -2.178067e-04 9.998273e-01 1.372216e+02
9.998254e-01 1.441515e-03 -1.863174e-02 3.147326e+00 -1.444872e-03 9.999989e-01 -1.667228e-04 -2.713460e+00 1.863149e-02 1.936158e-04 9.998263e-01 1.383884e+02
9.998271e-01 -8.994827e-04 1.857371e-02 3.174159e+00 8.952636e-04 9.999996e-01 2.354613e-04 -2.734657e+00 -1.857390e-02 -2.187906e-04 9.998274e-01 1.394670e+02
9.998267e-01 1.426997e-03 -1.855998e-02 3.203557e+00 -1.430708e-03 9.999990e-01 -1.866793e-04 -2.755028e+00 1.855971e-02 2.132025e-04 9.998276e-01 1.404802e+02
9.998274e-01 -9.041470e-04 1.855728e-02 3.230488e+00 8.997499e-04 9.999996e-01 2.452935e-04 -2.775091e+00 -1.855748e-02 -2.285527e-04 9.998277e-01 1.414766e+02
9.998255e-01 1.424170e-03 -1.862742e-02 3.254138e+00 -1.428068e-03 9.999990e-01 -1.959102e-04 -2.794876e+00 1.862714e-02 2.224789e-04 9.998264e-01 1.424622e+02
9.998265e-01 -8.934842e-04 1.860620e-02 3.280622e+00 8.887465e-04 9.999996e-01 2.628885e-04 -2.815540e+00 -1.860641e-02 -2.463051e-04 9.998268e-01 1.435039e+02
9.998222e-01 1.421688e-03 -1.880172e-02 3.310211e+00 -1.425904e-03 9.999990e-01 -2.107939e-04 -2.836193e+00 1.880142e-02 2.375676e-04 9.998231e-01 1.445348e+02
9.998259e-01 -8.807939e-04 1.864017e-02 3.339338e+00 8.757175e-04 9.999996e-01 2.804942e-04 -2.857491e+00 -1.864039e-02 -2.641202e-04 9.998261e-01 1.456147e+02
9.998257e-01 1.450507e-03 -1.861202e-02 3.360508e+00 -1.454516e-03 9.999989e-01 -2.018776e-04 -2.880249e+00 1.861173e-02 2.289156e-04 9.998267e-01 1.468191e+02
9.998132e-01 -8.587837e-04 1.931093e-02 3.380644e+00 8.531746e-04 9.999996e-01 2.986977e-04 -2.904214e+00 -1.931116e-02 -2.821647e-04 9.998134e-01 1.481175e+02
9.998265e-01 1.458806e-03 -1.856836e-02 3.399967e+00 -1.462928e-03 9.999989e-01 -2.084442e-04 -2.928724e+00 1.856805e-02 2.355739e-04 9.998275e-01 1.494565e+02
9.998146e-01 -8.680501e-04 1.923771e-02 3.418398e+00 8.622943e-04 9.999996e-01 3.074793e-04 -2.952599e+00 -1.923795e-02 -2.908320e-04 9.998148e-01 1.507527e+02
9.998231e-01 1.470214e-03 -1.875356e-02 3.440470e+00 -1.474422e-03 9.999989e-01 -2.105455e-04 -2.977691e+00 1.875325e-02 2.381606e-04 9.998240e-01 1.521253e+02
9.998145e-01 -9.050209e-04 1.923711e-02 3.458934e+00 8.992923e-04 9.999995e-01 3.064308e-04 -3.000867e+00 -1.923736e-02 -2.890725e-04 9.998148e-01 1.533701e+02
9.998246e-01 1.412615e-03 -1.867772e-02 3.475412e+00 -1.417255e-03 9.999990e-01 -2.351820e-04 -3.021045e+00 1.867738e-02 2.616136e-04 9.998254e-01 1.544074e+02
9.998253e-01 -8.854325e-04 1.866901e-02 3.491152e+00 8.793815e-04 9.999996e-01 3.323223e-04 -3.042244e+00 -1.866928e-02 -3.158453e-04 9.998256e-01 1.555142e+02
9.998347e-01 1.432570e-03 -1.812298e-02 3.513604e+00 -1.437404e-03 9.999989e-01 -2.537149e-04 -3.064555e+00 1.812261e-02 2.797248e-04 9.998356e-01 1.566885e+02
9.998244e-01 -9.049624e-04 1.871822e-02 3.538648e+00 8.988370e-04 9.999995e-01 3.356483e-04 -3.086208e+00 -1.871850e-02 -3.187630e-04 9.998246e-01 1.578101e+02
9.998329e-01 1.436774e-03 -1.822379e-02 3.556606e+00 -1.441605e-03 9.999989e-01 -2.519677e-04 -3.108000e+00 1.822342e-02 2.781989e-04 9.998338e-01 1.589579e+02
9.998239e-01 -8.887037e-04 1.874434e-02 3.573592e+00 8.822766e-04 9.999995e-01 3.511414e-04 -3.130736e+00 -1.874463e-02 -3.345401e-04 9.998241e-01 1.601759e+02
9.998359e-01 1.400587e-03 -1.806125e-02 3.588949e+00 -1.405827e-03 9.999990e-01 -2.774164e-04 -3.151429e+00 1.806086e-02 3.027637e-04 9.998367e-01 1.612529e+02
9.998376e-01 -8.749070e-04 1.800073e-02 3.600981e+00 8.682744e-04 9.999996e-01 3.762673e-04 -3.172605e+00 -1.800103e-02 -3.605748e-04 9.998378e-01 1.623660e+02
9.998356e-01 1.441049e-03 -1.807301e-02 3.609895e+00 -1.446081e-03 9.999989e-01 -2.653435e-04 -3.195606e+00 1.807262e-02 2.914368e-04 9.998365e-01 1.636131e+02
9.998352e-01 -8.640440e-04 1.813471e-02 3.621437e+00 8.571920e-04 9.999996e-01 3.856044e-04 -3.219338e+00 -1.813502e-02 -3.699941e-04 9.998354e-01 1.649083e+02
9.998264e-01 1.428860e-03 -1.857624e-02 3.632462e+00 -1.434034e-03 9.999989e-01 -2.652266e-04 -3.242350e+00 1.857586e-02 2.918214e-04 9.998273e-01 1.661446e+02
9.998314e-01 -8.852713e-04 1.833915e-02 3.642885e+00 8.784645e-04 9.999995e-01 3.792130e-04 -3.264085e+00 -1.833946e-02 -3.630369e-04 9.998317e-01 1.672963e+02
9.998252e-01 1.414018e-03 -1.864403e-02 3.656539e+00 -1.419354e-03 9.999990e-01 -2.729441e-04 -3.285340e+00 1.864364e-02 2.993607e-04 9.998260e-01 1.684032e+02
9.998330e-01 -8.818997e-04 1.825117e-02 3.667582e+00 8.748469e-04 9.999995e-01 3.944064e-04 -3.306800e+00 -1.825149e-02 -3.783717e-04 9.998333e-01 1.695288e+02
9.998269e-01 1.440425e-03 -1.855222e-02 3.677136e+00 -1.445956e-03 9.999989e-01 -2.847159e-04 -3.329206e+00 1.855180e-02 3.114942e-04 9.998278e-01 1.707299e+02
9.998262e-01 -8.708786e-04 1.862042e-02 3.689592e+00 8.635066e-04 9.999995e-01 4.039390e-04 -3.352629e+00 -1.862075e-02 -3.877880e-04 9.998264e-01 1.720006e+02
9.998308e-01 1.443381e-03 -1.834050e-02 3.700927e+00 -1.449152e-03 9.999989e-01 -3.013419e-04 -3.376283e+00 1.834006e-02 3.278710e-04 9.998317e-01 1.732946e+02
9.998296e-01 -8.963177e-04 1.843729e-02 3.711458e+00 8.890369e-04 9.999995e-01 4.030843e-04 -3.398458e+00 -1.843763e-02 -3.866222e-04 9.998298e-01 1.744851e+02
9.998288e-01 1.420988e-03 -1.845104e-02 3.720337e+00 -1.427015e-03 9.999989e-01 -3.134713e-04 -3.419557e+00 1.845059e-02 3.397495e-04 9.998296e-01 1.756010e+02
9.998305e-01 -8.783788e-04 1.839027e-02 3.732230e+00 8.708430e-04 9.999995e-01 4.177695e-04 -3.441476e+00 -1.839062e-02 -4.016817e-04 9.998307e-01 1.767682e+02
9.998320e-01 1.456140e-03 -1.826926e-02 3.746842e+00 -1.462086e-03 9.999989e-01 -3.120998e-04 -3.465373e+00 1.826880e-02 3.387605e-04 9.998330e-01 1.780689e+02
9.998231e-01 -9.183636e-04 1.878473e-02 3.760604e+00 9.108505e-04 9.999995e-01 4.085035e-04 -3.487313e+00 -1.878508e-02 -3.913192e-04 9.998234e-01 1.792372e+02
9.998291e-01 1.450996e-03 -1.843090e-02 3.774560e+00 -1.457207e-03 9.999989e-01 -3.235646e-04 -3.509043e+00 1.843042e-02 3.503690e-04 9.998300e-01 1.803900e+02
9.998280e-01 -9.585247e-04 1.852381e-02 3.784052e+00 9.510613e-04 9.999995e-01 4.117047e-04 -3.528660e+00 -1.852418e-02 -3.940146e-04 9.998282e-01 1.814005e+02
9.998265e-01 1.472545e-03 -1.856905e-02 3.795442e+00 -1.478830e-03 9.999989e-01 -3.247373e-04 -3.549264e+00 1.856857e-02 3.521434e-04 9.998274e-01 1.824749e+02
9.998335e-01 -9.285218e-04 1.822509e-02 3.802116e+00 9.207570e-04 9.999995e-01 4.344277e-04 -3.571275e+00 -1.822547e-02 -4.175724e-04 9.998337e-01 1.836573e+02
9.998183e-01 1.479623e-03 -1.900412e-02 3.808801e+00 -1.485936e-03 9.999988e-01 -3.180524e-04 -3.593200e+00 1.900365e-02 3.462355e-04 9.998193e-01 1.848241e+02
9.998295e-01 -9.394616e-04 1.844040e-02 3.819073e+00 9.316077e-04 9.999995e-01 4.344857e-04 -3.614519e+00 -1.844079e-02 -4.172304e-04 9.998298e-01 1.859424e+02
9.998259e-01 1.485925e-03 -1.860098e-02 3.833676e+00 -1.492283e-03 9.999988e-01 -3.279427e-04 -3.636684e+00 1.860049e-02 3.556456e-04 9.998268e-01 1.871144e+02
9.998242e-01 -9.605542e-04 1.872296e-02 3.846890e+00 9.526864e-04 9.999995e-01 4.291318e-04 -3.658036e+00 -1.872334e-02 -4.112172e-04 9.998245e-01 1.882380e+02
9.998131e-01 1.542731e-03 -1.927168e-02 3.862308e+00 -1.549059e-03 9.999988e-01 -3.134388e-04 -3.682084e+00 1.927119e-02 3.432353e-04 9.998141e-01 1.895389e+02
9.998082e-01 -1.047023e-03 1.955880e-02 3.873071e+00 1.039397e-03 9.999994e-01 4.000621e-04 -3.701897e+00 -1.955919e-02 -3.796540e-04 9.998085e-01 1.905615e+02
9.998069e-01 1.540990e-03 -1.959071e-02 3.880782e+00 -1.547646e-03 9.999987e-01 -3.246031e-04 -3.720888e+00 1.959020e-02 3.548621e-04 9.998079e-01 1.915292e+02
9.998030e-01 -9.933940e-04 1.982380e-02 3.891309e+00 9.853227e-04 9.999994e-01 4.169127e-04 -3.742559e+00 -1.982419e-02 -3.972956e-04 9.998033e-01 1.926824e+02
9.998091e-01 1.560168e-03 -1.947417e-02 3.905243e+00 -1.566943e-03 9.999987e-01 -3.326266e-04 -3.765416e+00 1.947364e-02 3.630802e-04 9.998102e-01 1.939141e+02
9.998042e-01 -9.811352e-04 1.976435e-02 3.917894e+00 9.725796e-04 9.999994e-01 4.424847e-04 -3.789101e+00 -1.976476e-02 -4.231735e-04 9.998045e-01 1.952076e+02
9.998100e-01 1.556204e-03 -1.943082e-02 3.928071e+00 -1.563280e-03 9.999987e-01 -3.490184e-04 -3.812598e+00 1.943026e-02 3.793300e-04 9.998110e-01 1.964937e+02
9.998022e-01 -9.899462e-04 1.986579e-02 3.937312e+00 9.811480e-04 9.999994e-01 4.526186e-04 -3.835434e+00 -1.986621e-02 -4.330356e-04 9.998025e-01 1.977356e+02
9.998111e-01 1.572086e-03 -1.937183e-02 3.947786e+00 -1.579220e-03 9.999987e-01 -3.529542e-04 -3.859141e+00 1.937127e-02 3.834821e-04 9.998122e-01 1.990373e+02
9.998031e-01 -9.747876e-04 1.982194e-02 3.960929e+00 9.656242e-04 9.999994e-01 4.718458e-04 -3.884146e+00 -1.982237e-02 -4.526102e-04 9.998033e-01 2.004263e+02
9.998024e-01 1.557962e-03 -1.981579e-02 3.972937e+00 -1.565359e-03 9.999987e-01 -3.577645e-04 -3.908363e+00 1.981522e-02 3.887148e-04 9.998035e-01 2.017541e+02
9.998081e-01 -9.714201e-04 1.956527e-02 3.980969e+00 9.621925e-04 9.999994e-01 4.810324e-04 -3.932395e+00 -1.956571e-02 -4.621123e-04 9.998084e-01 2.030773e+02
9.997976e-01 1.568450e-03 -2.005639e-02 3.989108e+00 -1.575945e-03 9.999987e-01 -3.578651e-04 -3.956830e+00 2.005581e-02 3.894027e-04 9.997987e-01 2.044244e+02
9.998044e-01 -9.848232e-04 1.975428e-02 4.002511e+00 9.755298e-04 9.999994e-01 4.800740e-04 -3.980868e+00 -1.975473e-02 -4.607070e-04 9.998047e-01 2.057334e+02
9.998081e-01 1.522768e-03 -1.953039e-02 4.016310e+00 -1.530809e-03 9.999987e-01 -3.967840e-04 -4.002647e+00 1.952977e-02 4.266074e-04 9.998091e-01 2.068884e+02
9.998063e-01 -9.880568e-04 1.965715e-02 4.028497e+00 9.785447e-04 9.999994e-01 4.935041e-04 -4.024256e+00 -1.965761e-02 -4.741708e-04 9.998066e-01 2.080343e+02
9.997928e-01 1.566713e-03 -2.029311e-02 4.041789e+00 -1.574715e-03 9.999987e-01 -3.783253e-04 -4.047852e+00 2.029250e-02 4.102051e-04 9.997939e-01 2.093089e+02
9.998127e-01 -9.311690e-04 1.932967e-02 4.060848e+00 9.211472e-04 9.999994e-01 5.273526e-04 -4.074388e+00 -1.933014e-02 -5.094460e-04 9.998129e-01 2.107718e+02
9.997709e-01 1.521650e-03 -2.135065e-02 4.084586e+00 -1.530146e-03 9.999988e-01 -3.816091e-04 -4.098604e+00 2.135006e-02 4.141936e-04 9.997719e-01 2.120437e+02
9.998097e-01 -9.565620e-04 1.948686e-02 4.112581e+00 9.464815e-04 9.999994e-01 5.265055e-04 -4.122086e+00 -1.948734e-02 -5.079590e-04 9.998099e-01 2.132559e+02
9.997921e-01 1.536468e-03 -2.033435e-02 4.146620e+00 -1.545268e-03 9.999987e-01 -4.170685e-04 -4.146100e+00 2.033370e-02 4.484062e-04 9.997930e-01 2.145043e+02
9.997988e-01 -9.879649e-04 2.003672e-02 4.184486e+00 9.781003e-04 9.999994e-01 5.021152e-04 -4.169029e+00 -2.003719e-02 -4.824139e-04 9.997990e-01 2.156788e+02
9.997930e-01 1.536919e-03 -2.028576e-02 4.216456e+00 -1.545889e-03 9.999987e-01 -4.265199e-04 -4.191686e+00 2.028509e-02 4.577935e-04 9.997940e-01 2.168496e+02
9.998099e-01 -9.585365e-04 1.947416e-02 4.256522e+00 9.483310e-04 9.999994e-01 5.332727e-04 -4.215731e+00 -1.947465e-02 -5.147010e-04 9.998101e-01 2.180892e+02
9.997848e-01 1.562327e-03 -2.068677e-02 4.310616e+00 -1.571677e-03 9.999987e-01 -4.357669e-04 -4.241103e+00 2.068607e-02 4.681885e-04 9.997858e-01 2.193853e+02
9.998260e-01 -9.796008e-04 1.862908e-02 4.366442e+00 9.692885e-04 9.999994e-01 5.625713e-04 -4.265390e+00 -1.862961e-02 -5.444141e-04 9.998262e-01 2.205888e+02
9.997973e-01 1.595345e-03 -2.006942e-02 4.458414e+00 -1.604100e-03 9.999986e-01 -4.201432e-04 -4.290098e+00 2.006874e-02 4.522538e-04 9.997984e-01 2.217447e+02
9.998184e-01 -9.677333e-04 1.903285e-02 4.548393e+00 9.572524e-04 9.999994e-01 5.597707e-04 -4.315852e+00 -1.903336e-02 -5.414474e-04 9.998186e-01 2.229860e+02
9.998084e-01 1.631432e-03 -1.950675e-02 4.674824e+00 -1.639814e-03 9.999986e-01 -4.136897e-04 -4.342341e+00 1.950606e-02 4.456003e-04 9.998095e-01 2.242074e+02
9.998173e-01 -1.031185e-03 1.908477e-02 4.763459e+00 1.021414e-03 9.999993e-01 5.217384e-04 -4.366775e+00 -1.908528e-02 -5.021472e-04 9.998176e-01 2.253676e+02
9.998114e-01 1.609708e-03 -1.935247e-02 4.823821e+00 -1.618849e-03 9.999986e-01 -4.566679e-04 -4.390871e+00 1.935172e-02 4.879130e-04 9.998125e-01 2.265720e+02
9.998184e-01 -1.014213e-03 1.903047e-02 4.883386e+00 1.004320e-03 9.999994e-01 5.293707e-04 -4.416176e+00 -1.903098e-02 -5.101594e-04 9.998187e-01 2.278642e+02
9.998130e-01 1.684735e-03 -1.926564e-02 5.009305e+00 -1.692852e-03 9.999985e-01 -4.049880e-04 -4.442841e+00 1.926494e-02 4.375287e-04 9.998142e-01 2.291013e+02
9.998178e-01 -9.530097e-04 1.906602e-02 5.194773e+00 9.409110e-04 9.999994e-01 6.435216e-04 -4.471477e+00 -1.906661e-02 -6.254624e-04 9.998179e-01 2.303458e+02
9.997732e-01 1.863175e-03 -2.121661e-02 5.576276e+00 -1.865673e-03 9.999983e-01 -9.795687e-05 -4.502962e+00 2.121640e-02 1.375205e-04 9.997748e-01 2.313535e+02
9.998291e-01 -9.625479e-04 1.846263e-02 6.076835e+00 9.456463e-04 9.999991e-01 9.241517e-04 -4.537186e+00 -1.846349e-02 -9.065320e-04 9.998290e-01 2.322809e+02
9.998233e-01 1.796001e-03 -1.871438e-02 6.288364e+00 -1.808509e-03 9.999982e-01 -6.514553e-04 -4.570066e+00 1.871319e-02 6.851880e-04 9.998246e-01 2.337634e+02
9.998340e-01 -1.053025e-03 1.819166e-02 6.403241e+00 1.038775e-03 9.999991e-01 7.927327e-04 -4.601081e+00 -1.819247e-02 -7.737013e-04 9.998341e-01 2.353308e+02
9.998195e-01 1.770583e-03 -1.891707e-02 6.524608e+00 -1.782747e-03 9.999982e-01 -6.261735e-04 -4.630515e+00 1.891594e-02 6.597876e-04 9.998208e-01 2.367681e+02
9.998393e-01 -9.693359e-04 1.790167e-02 6.756838e+00 9.521937e-04 9.999991e-01 9.660667e-04 -4.661505e+00 -1.790258e-02 -9.488628e-04 9.998392e-01 2.380752e+02
9.997756e-01 1.953164e-03 -2.109368e-02 7.124697e+00 -1.962357e-03 9.999980e-01 -4.151300e-04 -4.695757e+00 2.109284e-02 4.564330e-04 9.997773e-01 2.392824e+02
9.998822e-01 -9.639225e-04 1.531832e-02 7.518547e+00 9.471960e-04 9.999989e-01 1.099132e-03 -4.726177e+00 -1.531935e-02 -1.084490e-03 9.998820e-01 2.401441e+02
9.996760e-01 2.028078e-03 -2.537445e-02 8.072702e+00 -2.024308e-03 9.999979e-01 1.742551e-04 -4.757104e+00 2.537477e-02 -1.228299e-04 9.996779e-01 2.406815e+02
9.998291e-01 -8.371111e-04 1.846647e-02 8.612516e+00 8.225857e-04 9.999993e-01 7.941608e-04 -4.795161e+00 -1.846712e-02 -7.788317e-04 9.998291e-01 2.417453e+02
9.997590e-01 1.833919e-03 -2.187563e-02 8.894111e+00 -1.841624e-03 9.999982e-01 -3.320706e-04 -4.829885e+00 2.187500e-02 3.722804e-04 9.997605e-01 2.431742e+02
9.997823e-01 -1.017952e-03 2.083940e-02 9.087510e+00 1.004879e-03 9.999993e-01 6.377451e-04 -4.862368e+00 -2.084002e-02 -6.166620e-04 9.997825e-01 2.446696e+02
9.997643e-01 1.862568e-03 -2.162844e-02 9.250805e+00 -1.871606e-03 9.999982e-01 -3.976308e-04 -4.896871e+00 2.162767e-02 4.380203e-04 9.997659e-01 2.463722e+02
9.997848e-01 -8.643206e-04 2.072800e-02 9.548148e+00 8.469161e-04 9.999993e-01 8.484231e-04 -4.935752e+00 -2.072871e-02 -8.306823e-04 9.997847e-01 2.480916e+02
9.997286e-01 1.913848e-03 -2.321595e-02 9.880193e+00 -1.922228e-03 9.999981e-01 -3.386412e-04 -4.973394e+00 2.321527e-02 3.831790e-04 9.997303e-01 2.496264e+02
9.997605e-01 -9.645469e-04 2.186251e-02 1.016094e+01 9.477760e-04 9.999992e-01 7.774524e-04 -5.009283e+00 -2.186323e-02 -7.565421e-04 9.997606e-01 2.511679e+02
9.996687e-01 2.208176e-03 -2.564253e-02 1.062748e+01 -2.210614e-03 9.999976e-01 -6.671359e-05 -5.050558e+00 2.564233e-02 1.233807e-04 9.996711e-01 2.526462e+02
9.997664e-01 -1.042511e-03 2.158644e-02 1.108357e+01 1.025990e-03 9.999992e-01 7.764009e-04 -5.089202e+00 -2.158722e-02 -7.540685e-04 9.997666e-01 2.539562e+02
9.996989e-01 2.040959e-03 -2.445122e-02 1.139548e+01 -2.048784e-03 9.999979e-01 -2.949993e-04 -5.122632e+00 2.445058e-02 3.450093e-04 9.997009e-01 2.552361e+02
9.998080e-01 -9.240652e-04 1.957500e-02 1.183044e+01 9.048260e-04 9.999991e-01 9.916743e-04 -5.159676e+00 -1.957589e-02 -9.737682e-04 9.998078e-01 2.564764e+02
9.996739e-01 2.078947e-03 -2.545232e-02 1.231414e+01 -2.084857e-03 9.999978e-01 -2.056766e-04 -5.196515e+00 2.545184e-02 2.586777e-04 9.996759e-01 2.575874e+02
9.997741e-01 -1.084778e-03 2.122873e-02 1.268877e+01 1.068131e-03 9.999991e-01 7.955215e-04 -5.229214e+00 -2.122956e-02 -7.726629e-04 9.997742e-01 2.586572e+02
9.996817e-01 2.042930e-03 -2.514472e-02 1.303065e+01 -2.050351e-03 9.999979e-01 -2.693545e-04 -5.259987e+00 2.514412e-02 3.208281e-04 9.996837e-01 2.596683e+02
9.997977e-01 -1.032863e-03 2.008524e-02 1.336708e+01 1.016202e-03 9.999991e-01 8.396820e-04 -5.292230e+00 -2.008608e-02 -8.190976e-04 9.997978e-01 2.607786e+02
9.996634e-01 2.257173e-03 -2.584370e-02 1.375683e+01 -2.262646e-03 9.999974e-01 -1.825472e-04 -5.330589e+00 2.584323e-02 2.409648e-04 9.996659e-01 2.621959e+02
9.998219e-01 -1.043262e-03 1.884449e-02 1.426049e+01 1.023127e-03 9.999989e-01 1.078109e-03 -5.368763e+00 -1.884559e-02 -1.058632e-03 9.998217e-01 2.633505e+02
9.995425e-01 2.367657e-03 -3.015180e-02 1.485154e+01 -2.364049e-03 9.999972e-01 1.553159e-04 -5.406984e+00 3.015209e-02 -8.396037e-05 9.995452e-01 2.642784e+02
9.997170e-01 -1.313636e-03 2.375317e-02 1.518655e+01 1.303007e-03 9.999990e-01 4.629390e-04 -5.439916e+00 -2.375375e-02 -4.318532e-04 9.997176e-01 2.654190e+02
9.996215e-01 2.248682e-03 -2.741834e-02 1.546081e+01 -2.250023e-03 9.999975e-01 -1.805751e-05 -5.469377e+00 2.741823e-02 7.974685e-05 9.996239e-01 2.664890e+02
9.997197e-01 -1.289106e-03 2.363821e-02 1.574910e+01 1.277065e-03 9.999990e-01 5.244786e-04 -5.500471e+00 -2.363886e-02 -4.941398e-04 9.997203e-01 2.676377e+02
9.996538e-01 2.215997e-03 -2.621753e-02 1.600756e+01 -2.219114e-03 9.999975e-01 -8.980386e-05 -5.533037e+00 2.621727e-02 1.479568e-04 9.996562e-01 2.689736e+02
9.996803e-01 -1.402615e-03 2.524699e-02 1.618453e+01 1.393260e-03 9.999990e-01 3.881530e-04 -5.566083e+00 -2.524750e-02 -3.528489e-04 9.996811e-01 2.705475e+02
9.995934e-01 2.385871e-03 -2.841311e-02 1.646480e+01 -2.384945e-03 9.999972e-01 6.648653e-05 -5.599373e+00 2.841319e-02 1.308630e-06 9.995962e-01 2.718835e+02
9.996983e-01 -1.435355e-03 2.451943e-02 1.672456e+01 1.425905e-03 9.999989e-01 4.028858e-04 -5.631174e+00 -2.451998e-02 -3.677974e-04 9.996992e-01 2.731462e+02
9.994906e-01 2.607641e-03 -3.180850e-02 1.728547e+01 -2.587156e-03 9.999964e-01 6.851452e-04 -5.668045e+00 3.181017e-02 -6.024980e-04 9.994936e-01 2.741056e+02
9.998159e-01 -1.358230e-03 1.913719e-02 1.810111e+01 1.335166e-03 9.999984e-01 1.217896e-03 -5.707133e+00 -1.913881e-02 -1.192116e-03 9.998160e-01 2.746684e+02
9.994883e-01 2.653626e-03 -3.187737e-02 1.895871e+01 -2.628727e-03 9.999962e-01 8.229739e-04 -5.746608e+00 3.187943e-02 -7.387509e-04 9.994913e-01 2.751831e+02
9.998294e-01 -1.359263e-03 1.842175e-02 1.990152e+01 1.333555e-03 9.999981e-01 1.407737e-03 -5.788220e+00 -1.842363e-02 -1.382925e-03 9.998292e-01 2.756759e+02
9.995140e-01 2.731588e-03 -3.105456e-02 2.092671e+01 -2.703707e-03 9.999959e-01 9.397425e-04 -5.832399e+00 3.105700e-02 -8.553179e-04 9.995171e-01 2.761869e+02
9.998286e-01 -1.390469e-03 1.846120e-02 2.191463e+01 1.367214e-03 9.999983e-01 1.272238e-03 -5.877363e+00 -1.846294e-02 -1.246774e-03 9.998287e-01 2.768046e+02
9.995187e-01 2.769413e-03 -3.089956e-02 2.282697e+01 -2.747046e-03 9.999959e-01 7.662702e-04 -5.920243e+00 3.090155e-02 -6.810130e-04 9.995221e-01 2.774287e+02
9.998013e-01 -1.532932e-03 1.987480e-02 2.372549e+01 1.509219e-03 9.999981e-01 1.208111e-03 -5.962651e+00 -1.987662e-02 -1.177869e-03 9.998016e-01 2.780547e+02
