9.999999e-01 2.176720e-04 2.339272e-04 -5.879794e-02 -2.176039e-04 9.999999e-01 -2.908497e-04 3.627024e-05 -2.339905e-04 2.907992e-04 9.999998e-01 1.204219e-01
9.999992e-01 6.929983e-06 -1.233856e-03 -1.640613e-01 -6.920773e-06 1.000000e+00 7.454249e-06 3.294669e-03 1.233856e-03 -7.445283e-06 9.999991e-01 2.347164e-01
9.999998e-01 1.693301e-04 6.041700e-04 -2.602955e-01 -1.691135e-04 9.999999e-01 -3.584672e-04 6.110416e-03 -6.042307e-04 3.583653e-04 9.999997e-01 3.334306e-01
9.999990e-01 3.969859e-05 -1.380100e-03 -3.599208e-01 -3.962843e-05 1.000000e+00 5.085172e-05 9.054139e-03 1.380102e-03 -5.079663e-05 9.999989e-01 4.399771e-01
9.999997e-01 2.088932e-04 7.158165e-04 -4.579297e-01 -2.086315e-04 9.999999e-01 -3.655415e-04 1.177198e-02 -7.158931e-04 3.653923e-04 9.999996e-01 5.464095e-01
9.999985e-01 5.148976e-05 -1.755451e-03 -5.630374e-01 -5.125927e-05 1.000000e+00 1.313330e-04 1.493062e-02 1.755458e-03 -1.312425e-04 9.999984e-01 6.647215e-01
1.000000e+00 1.780587e-04 8.776788e-06 -6.846987e-01 -1.780551e-04 9.999999e-01 -4.166172e-04 1.914260e-02 -8.851485e-06 4.166159e-04 9.999998e-01 7.944381e-01
9.999986e-01 6.435378e-07 -1.672291e-03 -8.027423e-01 -3.995257e-07 1.000000e+00 1.459040e-04 2.323589e-02 1.672290e-03 -1.459029e-04 9.999985e-01 9.141697e-01
1.000000e+00 2.673428e-04 -1.539281e-04 -9.273299e-01 -2.674098e-04 9.999999e-01 -4.357209e-04 2.750836e-02 1.538107e-04 4.357623e-04 9.999998e-01 1.051763e+00
9.999999e-01 1.191733e-07 -4.137178e-04 -1.023006e+00 -5.696106e-08 1.000000e+00 1.503278e-04 3.000941e-02 4.137169e-04 -1.503276e-04 9.999998e-01 1.158709e+00
9.999999e-01 2.778272e-04 1.515394e-04 -1.110113e+00 -2.777612e-04 9.999999e-01 -4.352400e-04 3.184642e-02 -1.516613e-04 4.351980e-04 9.999998e-01 1.267428e+00
1.000000e+00 -3.732549e-05 1.422327e-04 -1.167370e+00 3.730394e-05 1.000000e+00 1.516315e-04 3.175282e-02 -1.422393e-04 -1.516260e-04 9.999999e-01 1.378323e+00
1.000000e+00 1.968732e-04 -2.271893e-04 -1.250797e+00 -1.969937e-04 9.999998e-01 -5.303133e-04 3.384099e-02 2.270839e-04 5.303581e-04 9.999997e-01 1.460345e+00
1.000000e+00 -5.599140e-05 7.833200e-05 -1.335495e+00 5.598144e-05 1.000000e+00 1.274146e-04 3.603616e-02 -7.834007e-05 -1.274102e-04 9.999999e-01 1.541183e+00
1.000000e+00 1.870915e-04 -1.768335e-04 -1.418596e+00 -1.871859e-04 9.999998e-01 -5.337399e-04 3.816650e-02 1.767327e-04 5.337730e-04 9.999997e-01 1.619813e+00
1.000000e+00 -3.527990e-05 1.811528e-04 -1.500083e+00 3.525606e-05 1.000000e+00 1.317157e-04 4.013525e-02 -1.811584e-04 -1.317093e-04 9.999999e-01 1.698025e+00
9.999999e-01 2.250260e-04 3.729871e-04 -1.553567e+00 -2.248498e-04 9.999999e-01 -4.723512e-04 3.996894e-02 -3.730942e-04 4.722672e-04 9.999997e-01 1.792052e+00
9.999998e-01 -2.580321e-05 -6.040245e-04 -1.639986e+00 2.589004e-05 1.000000e+00 1.437122e-04 4.212880e-02 6.040199e-04 -1.437279e-04 9.999997e-01 1.882871e+00
1.000000e+00 1.634070e-04 -5.895751e-05 -1.733693e+00 -1.634382e-04 9.999998e-01 -5.283477e-04 4.487255e-02 5.887018e-05 5.283572e-04 9.999998e-01 1.978976e+00
1.000000e+00 -4.859613e-05 1.315654e-04 -1.795827e+00 4.858672e-05 1.000000e+00 7.158694e-05 4.621859e-02 -1.315698e-04 -7.158072e-05 9.999999e-01 2.055029e+00
1.000000e+00 1.690957e-04 -2.012033e-04 -1.871016e+00 -1.691944e-04 9.999999e-01 -4.905635e-04 4.809632e-02 2.011193e-04 4.905973e-04 9.999998e-01 2.132303e+00
9.999998e-01 8.241071e-05 6.557312e-04 -1.914098e+00 -8.254102e-05 1.000000e+00 1.987180e-04 4.739124e-02 -6.557157e-04 -1.987723e-04 9.999997e-01 2.233344e+00
9.999999e-01 1.970537e-04 -2.673411e-04 -1.945809e+00 -1.971636e-04 9.999999e-01 -4.110088e-04 4.578449e-02 2.672592e-04 4.110612e-04 9.999998e-01 2.367294e+00
9.999981e-01 1.372861e-03 1.353915e-03 -1.352378e+00 -1.375422e-03 9.999973e-01 1.892429e-03 2.728912e-02 -1.351314e-03 -1.894288e-03 9.999972e-01 2.482519e+00
9.999999e-01 -2.274325e-04 2.347594e-04 -8.833399e-01 2.276273e-04 9.999996e-01 -8.302199e-04 1.425828e-02 -2.345711e-04 8.302733e-04 9.999995e-01 2.554809e+00
9.999999e-01 3.750182e-04 5.141675e-05 -9.397895e-01 -3.750373e-04 9.999999e-01 3.728378e-04 1.538892e-02 -5.127752e-05 -3.728571e-04 9.999998e-01 2.617521e+00
9.999996e-01 -1.284433e-04 8.793320e-04 -9.052432e-01 1.291718e-04 9.999996e-01 -8.284727e-04 1.434509e-02 -8.792258e-04 8.285858e-04 9.999992e-01 2.642381e+00
9.999999e-01 3.033694e-04 9.364915e-05 -9.108022e-01 -3.034029e-04 9.999999e-01 3.576828e-04 1.370532e-02 -9.354104e-05 -3.577114e-04 9.999998e-01 2.687707e+00
9.999998e-01 -1.123472e-04 5.778853e-04 -9.731762e-01 1.128015e-04 9.999997e-01 -7.861663e-04 1.436803e-02 -5.777972e-04 7.862311e-04 9.999994e-01 2.758370e+00
1.000000e+00 2.316154e-04 -1.161404e-04 -1.034346e+00 -2.315718e-04 9.999999e-01 3.753254e-04 1.541278e-02 1.162270e-04 -3.752987e-04 9.999998e-01 2.822097e+00
9.999997e-01 -8.477992e-05 7.347540e-04 -1.055364e+00 8.536412e-05 9.999997e-01 -7.950713e-04 1.542284e-02 -7.346866e-04 7.951335e-04 9.999993e-01 2.876982e+00
9.999999e-01 1.986825e-04 -4.886025e-04 -1.118037e+00 -1.984919e-04 9.999999e-01 3.900747e-04 1.684416e-02 4.886797e-04 -3.899780e-04 9.999997e-01 2.944036e+00
1.000000e+00 -5.438196e-05 -2.323098e-04 -1.213392e+00 5.420507e-05 9.999997e-01 -7.614627e-04 1.967469e-02 2.323509e-04 7.614497e-04 9.999996e-01 3.039939e+00
9.999999e-01 1.851534e-04 -4.639424e-04 -1.309505e+00 -1.849796e-04 9.999999e-01 3.744970e-04 2.252293e-02 4.640114e-04 -3.744115e-04 9.999997e-01 3.129427e+00
9.999999e-01 -6.337481e-05 3.129352e-04 -1.391821e+00 6.361906e-05 9.999997e-01 -7.805100e-04 2.465256e-02 -3.128861e-04 7.805294e-04 9.999995e-01 3.206334e+00
1.000000e+00 2.059741e-04 -2.562864e-05 -1.461964e+00 -2.059646e-04 9.999999e-01 3.704545e-04 2.603166e-02 2.570460e-05 -3.704497e-04 9.999998e-01 3.277274e+00
1.000000e+00 -5.199112e-05 2.642774e-04 -1.537897e+00 5.218731e-05 9.999997e-01 -7.423359e-04 2.760970e-02 -2.642391e-04 7.423492e-04 9.999996e-01 3.347803e+00
9.999999e-01 2.171110e-04 -2.598675e-04 -1.620125e+00 -2.170109e-04 9.999999e-01 3.850773e-04 2.958389e-02 2.599507e-04 -3.850215e-04 9.999998e-01 3.420758e+00
9.999998e-01 -1.579745e-05 6.307480e-04 -1.689545e+00 1.629461e-05 9.999997e-01 -7.881747e-04 3.075567e-02 -6.307356e-04 7.881842e-04 9.999994e-01 3.494165e+00
1.000000e+00 2.693832e-04 3.710838e-05 -1.744195e+00 -2.693975e-04 9.999999e-01 3.862562e-04 3.077670e-02 -3.700454e-05 -3.862668e-04 9.999998e-01 3.580947e+00
9.999997e-01 2.073521e-05 8.307331e-04 -1.764427e+00 -2.017276e-05 9.999998e-01 -6.770261e-04 2.848735e-02 -8.307470e-04 6.770085e-04 9.999993e-01 3.704533e+00
1.000000e+00 1.859252e-04 5.843746e-05 -1.776001e+00 -1.859450e-04 9.999999e-01 3.403527e-04 2.670185e-02 -5.837421e-05 -3.403643e-04 9.999998e-01 3.806993e+00
9.999998e-01 -7.063806e-05 6.971611e-04 -1.813076e+00 7.120707e-05 9.999997e-01 -8.161559e-04 2.711547e-02 -6.971032e-04 8.162046e-04 9.999993e-01 3.856109e+00
1.000000e+00 1.734781e-04 -1.797188e-05 -1.856747e+00 -1.734718e-04 9.999999e-01 3.487055e-04 2.783134e-02 1.803247e-05 -3.487032e-04 9.999998e-01 3.906873e+00
1.000000e+00 -3.600617e-05 2.838125e-04 -1.931070e+00 3.621221e-05 9.999997e-01 -7.259203e-04 2.939402e-02 -2.837862e-04 7.259298e-04 9.999996e-01 3.977754e+00
9.999998e-01 2.264901e-04 5.287389e-04 -1.953432e+00 -2.266689e-04 9.999999e-01 3.381702e-04 2.844044e-02 -5.286620e-04 -3.382909e-04 9.999997e-01 4.053408e+00
1.000000e+00 -9.348348e-05 1.958739e-04 -1.974806e+00 9.362134e-05 9.999997e-01 -7.038566e-04 2.785604e-02 -1.958078e-04 7.038741e-04 9.999996e-01 4.125016e+00
9.999999e-01 2.129251e-04 -3.885712e-04 -2.048004e+00 -2.128215e-04 9.999999e-01 2.665640e-04 2.971441e-02 3.886282e-04 -2.664822e-04 9.999998e-01 4.206663e+00
9.999993e-01 4.484223e-04 1.135336e-03 -1.794707e+00 -4.483596e-04 9.999999e-01 -5.547485e-05 2.368528e-02 -1.135360e-03 5.496484e-05 9.999993e-01 4.253987e+00
1.000000e+00 6.379975e-05 -3.091515e-04 -1.670709e+00 -6.377072e-05 1.000000e+00 9.384315e-05 1.811957e-02 3.091579e-04 -9.382436e-05 9.999998e-01 4.352204e+00
9.999972e-01 9.395055e-04 2.177896e-03 -1.228960e+00 -9.423258e-04 9.999987e-01 1.294322e-03 1.987729e-03 -2.176676e-03 -1.296372e-03 9.999967e-01 4.504686e+00
1.000000e+00 1.901247e-04 -8.553058e-06 -7.227667e-01 -1.901207e-04 9.999999e-01 4.631738e-04 -1.685323e-02 8.641946e-06 -4.631727e-04 9.999998e-01 4.687991e+00
9.999958e-01 1.253775e-03 2.604621e-03 -9.364344e-02 -1.259133e-03 9.999971e-01 2.056652e-03 -4.149357e-02 -2.602034e-03 -2.059923e-03 9.999944e-01 4.957962e+00
9.999992e-01 1.287537e-04 -1.261747e-03 5.450100e-01 -1.281516e-04 9.999999e-01 4.772936e-04 -6.678341e-02 1.261810e-03 -4.771317e-04 9.999990e-01 5.270547e+00
9.999976e-01 1.350570e-03 1.733934e-03 1.200797e+00 -1.354067e-03 9.999970e-01 2.017400e-03 -9.204467e-02 -1.731203e-03 -2.019742e-03 9.999964e-01 5.620039e+00
9.999981e-01 -2.338382e-04 -1.920714e-03 1.646953e+00 2.337394e-04 1.000000e+00 -5.163976e-05 -1.124209e-01 1.920727e-03 5.119106e-05 9.999981e-01 6.029547e+00
9.999993e-01 1.065732e-03 4.968814e-04 1.833852e+00 -1.066309e-03 9.999988e-01 1.162243e-03 -1.257511e-01 -4.956410e-04 -1.162771e-03 9.999991e-01 6.512722e+00
9.999956e-01 -4.787776e-05 -2.976109e-03 1.977970e+00 4.747522e-05 1.000000e+00 -1.353315e-04 -1.382422e-01 2.976116e-03 1.351901e-04 9.999955e-01 7.069829e+00
9.999984e-01 1.255137e-03 1.282447e-03 2.311487e+00 -1.257547e-03 9.999974e-01 1.879694e-03 -1.573186e-01 -1.280083e-03 -1.881303e-03 9.999973e-01 7.632419e+00
9.999990e-01 3.851729e-04 -1.359480e-03 2.980746e+00 -3.839372e-04 9.999995e-01 9.091100e-04 -1.849546e-01 1.359830e-03 -9.085861e-04 9.999986e-01 8.082559e+00
9.999973e-01 1.352801e-03 1.905906e-03 3.788944e+00 -1.356727e-03 9.999970e-01 2.060278e-03 -2.141377e-01 -1.903113e-03 -2.062857e-03 9.999960e-01 8.432926e+00
9.999996e-01 6.530716e-05 -8.483386e-04 4.432300e+00 -6.505480e-05 1.000000e+00 2.974829e-04 -2.382008e-01 8.483588e-04 -2.974261e-04 9.999995e-01 8.733159e+00
9.999956e-01 1.250475e-03 2.681986e-03 5.019562e+00 -1.255670e-03 9.999973e-01 1.936135e-03 -2.611136e-01 -2.679556e-03 -1.939493e-03 9.999944e-01 9.001065e+00
9.999986e-01 -3.853253e-04 -1.619922e-03 5.454304e+00 3.844331e-04 9.999998e-01 -5.510562e-04 -2.766759e-01 1.620135e-03 5.504346e-04 9.999984e-01 9.181829e+00
9.999966e-01 1.130455e-03 2.352980e-03 5.761834e+00 -1.133899e-03 9.999983e-01 1.463221e-03 -2.887718e-01 -2.351321e-03 -1.465882e-03 9.999961e-01 9.366180e+00
9.999986e-01 -4.385634e-04 -1.640844e-03 6.038812e+00 4.376226e-04 9.999997e-01 -5.736869e-04 -3.004488e-01 1.641097e-03 5.729701e-04 9.999984e-01 9.566939e+00
9.999971e-01 1.001487e-03 2.198475e-03 6.246919e+00 -1.003993e-03 9.999988e-01 1.139382e-03 -3.093377e-01 -2.197330e-03 -1.141584e-03 9.999968e-01 9.741857e+00
9.999985e-01 -6.398741e-04 -1.606068e-03 6.321328e+00 6.380880e-04 9.999992e-01 -1.112334e-03 -3.140869e-01 1.606780e-03 1.111310e-03 9.999980e-01 9.896684e+00
9.999966e-01 9.902242e-04 2.419230e-03 6.373016e+00 -9.929585e-04 9.999989e-01 1.129299e-03 -3.191762e-01 -2.418108e-03 -1.131695e-03 9.999963e-01 1.006072e+01
9.999981e-01 -7.910545e-04 -1.773367e-03 6.353512e+00 7.884814e-04 9.999986e-01 -1.451188e-03 -3.205196e-01 1.774514e-03 1.449789e-03 9.999973e-01 1.017928e+01
9.999973e-01 9.298008e-04 2.140211e-03 6.280529e+00 -9.320243e-04 9.999990e-01 1.038152e-03 -3.191150e-01 -2.139242e-03 -1.040142e-03 9.999971e-01 1.024964e+01
9.999988e-01 -7.818466e-04 -1.334280e-03 6.232193e+00 7.799176e-04 9.999987e-01 -1.445627e-03 -3.194132e-01 1.335410e-03 1.444587e-03 9.999980e-01 1.032936e+01
9.999970e-01 9.416687e-04 2.261413e-03 6.192692e+00 -9.440329e-04 9.999990e-01 1.044601e-03 -3.202489e-01 -2.260425e-03 -1.046730e-03 9.999968e-01 1.041301e+01
9.999993e-01 -6.882383e-04 -9.357339e-04 6.192231e+00 6.869655e-04 9.999988e-01 -1.359914e-03 -3.228409e-01 9.366706e-04 1.359272e-03 9.999985e-01 1.050496e+01
9.999959e-01 1.000478e-03 2.664794e-03 6.231755e+00 -1.003986e-03 9.999986e-01 1.315214e-03 -3.271339e-01 -2.663472e-03 -1.317882e-03 9.999955e-01 1.061597e+01
9.999991e-01 -7.902554e-04 -1.106897e-03 6.239828e+00 7.885262e-04 9.999985e-01 -1.561777e-03 -3.299317e-01 1.108132e-03 1.560904e-03 9.999981e-01 1.070338e+01
9.999951e-01 1.125247e-03 2.904470e-03 6.261381e+00 -1.129491e-03 9.999983e-01 1.459818e-03 -3.339903e-01 -2.902820e-03 -1.463090e-03 9.999946e-01 1.081562e+01
9.999998e-01 -5.389692e-04 -4.380053e-04 6.355636e+00 5.385185e-04 9.999993e-01 -1.028538e-03 -3.417493e-01 4.385619e-04 1.028304e-03 9.999993e-01 1.098791e+01
9.999943e-01 1.213224e-03 3.146255e-03 6.482941e+00 -1.218348e-03 9.999979e-01 1.627280e-03 -3.506373e-01 -3.144271e-03 -1.631102e-03 9.999936e-01 1.116716e+01
9.999999e-01 -4.093077e-04 -1.880226e-04 6.682185e+00 4.091565e-04 9.999996e-01 -8.031442e-04 -3.613843e-01 1.883544e-04 8.030693e-04 9.999996e-01 1.134370e+01
9.999944e-01 1.136722e-03 3.142722e-03 6.855860e+00 -1.141678e-03 9.999981e-01 1.575880e-03 -3.714915e-01 -3.140922e-03 -1.579457e-03 9.999937e-01 1.152008e+01
9.999997e-01 -4.945520e-04 -5.507772e-04 6.982548e+00 4.939867e-04 9.999994e-01 -1.025879e-03 -3.800579e-01 5.512879e-04 1.025609e-03 9.999992e-01 1.168931e+01
9.999942e-01 1.182676e-03 3.208659e-03 7.151796e+00 -1.188063e-03 9.999979e-01 1.677391e-03 -3.894457e-01 -3.206664e-03 -1.681191e-03 9.999933e-01 1.184987e+01
9.999992e-01 -7.579576e-04 -1.017371e-03 7.255470e+00 7.565358e-04 9.999987e-01 -1.397121e-03 -3.960605e-01 1.018433e-03 1.396353e-03 9.999984e-01 1.197852e+01
9.999958e-01 1.126120e-03 2.679810e-03 7.331751e+00 -1.129905e-03 9.999984e-01 1.411102e-03 -4.010709e-01 -2.678212e-03 -1.414122e-03 9.999953e-01 1.208145e+01
9.999993e-01 -8.395573e-04 -8.344909e-04 7.408557e+00 8.383772e-04 9.999986e-01 -1.413421e-03 -4.059105e-01 8.356810e-04 1.412723e-03 9.999986e-01 1.217054e+01
9.999960e-01 1.104990e-03 2.615091e-03 7.475954e+00 -1.108449e-03 9.999985e-01 1.321845e-03 -4.100504e-01 -2.613622e-03 -1.324736e-03 9.999956e-01 1.224457e+01
9.999988e-01 -9.237759e-04 -1.246570e-03 7.483824e+00 9.218034e-04 9.999983e-01 -1.582008e-03 -4.128469e-01 1.248035e-03 1.580859e-03 9.999979e-01 1.233675e+01
9.999963e-01 1.131603e-03 2.455012e-03 7.481869e+00 -1.134762e-03 9.999985e-01 1.285933e-03 -4.156315e-01 -2.453548e-03 -1.288712e-03 9.999961e-01 1.243966e+01
9.999971e-01 -9.171135e-04 -2.236067e-03 7.434228e+00 9.137128e-04 9.999984e-01 -1.521389e-03 -4.163603e-01 2.237464e-03 1.519343e-03 9.999962e-01 1.256912e+01
9.999953e-01 1.180707e-03 2.836859e-03 7.412300e+00 -1.184388e-03 9.999985e-01 1.296227e-03 -4.186877e-01 -2.835319e-03 -1.299579e-03 9.999950e-01 1.270852e+01
1.000000e+00 1.845950e-04 -6.216194e-05 7.839227e+00 -1.845986e-04 1.000000e+00 -5.721427e-05 -4.342623e-01 6.215674e-05 5.722813e-05 9.999999e-01 1.284288e+01
9.999958e-01 8.589667e-04 2.750138e-03 8.223143e+00 -8.624741e-04 9.999988e-01 1.274392e-03 -4.481965e-01 -2.749034e-03 -1.276756e-03 9.999953e-01 1.298559e+01
9.999982e-01 -7.514244e-04 -1.758726e-03 8.189008e+00 7.483827e-04 9.999982e-01 -1.729464e-03 -4.486836e-01 1.760028e-03 1.728147e-03 9.999969e-01 1.304626e+01
9.999968e-01 8.315887e-04 2.389764e-03 8.129302e+00 -8.346427e-04 9.999988e-01 1.277185e-03 -4.477097e-01 -2.388693e-03 -1.279173e-03 9.999962e-01 1.310558e+01
9.999979e-01 -7.688642e-04 -1.917769e-03 8.060920e+00 7.655039e-04 9.999982e-01 -1.752279e-03 -4.463500e-01 1.919119e-03 1.750810e-03 9.999965e-01 1.316163e+01
9.999956e-01 8.662934e-04 2.821915e-03 8.016185e+00 -8.698569e-04 9.999988e-01 1.261793e-03 -4.461769e-01 -2.820812e-03 -1.264240e-03 9.999951e-01 1.321298e+01
9.999977e-01 -7.852457e-04 -1.992453e-03 7.959162e+00 7.818133e-04 9.999982e-01 -1.722847e-03 -4.455017e-01 1.993808e-03 1.721288e-03 9.999964e-01 1.326843e+01
9.999968e-01 8.580020e-04 2.361581e-03 7.887823e+00 -8.609577e-04 9.999988e-01 1.250806e-03 -4.439941e-01 -2.360499e-03 -1.252833e-03 9.999963e-01 1.332828e+01
9.999980e-01 -7.891817e-04 -1.816044e-03 7.822030e+00 7.859994e-04 9.999982e-01 -1.752335e-03 -4.427546e-01 1.817429e-03 1.750907e-03 9.999967e-01 1.338257e+01
9.999960e-01 8.325853e-04 2.690249e-03 7.771597e+00 -8.359166e-04 9.999989e-01 1.237401e-03 -4.421379e-01 -2.689210e-03 -1.239642e-03 9.999955e-01 1.342661e+01
9.999976e-01 -7.733341e-04 -2.050500e-03 7.707351e+00 7.698126e-04 9.999982e-01 -1.717622e-03 -4.409924e-01 2.051830e-03 1.716041e-03 9.999963e-01 1.347840e+01
9.999968e-01 8.458644e-04 2.394630e-03 7.635295e+00 -8.488800e-04 9.999988e-01 1.258594e-03 -4.394365e-01 -2.393556e-03 -1.260621e-03 9.999962e-01 1.353687e+01
9.999976e-01 -7.624719e-04 -2.040909e-03 7.563020e+00 7.589756e-04 9.999982e-01 -1.713301e-03 -4.378871e-01 2.042218e-03 1.711750e-03 9.999963e-01 1.359761e+01
9.999968e-01 8.609098e-04 2.378835e-03 7.489759e+00 -8.639508e-04 9.999988e-01 1.277582e-03 -4.362986e-01 -2.377726e-03 -1.279631e-03 9.999963e-01 1.365985e+01
9.999971e-01 -7.356637e-04 -2.290070e-03 7.410353e+00 7.318132e-04 9.999983e-01 -1.681777e-03 -4.343870e-01 2.291310e-03 1.680099e-03 9.999959e-01 1.373041e+01
9.999968e-01 8.577690e-04 2.360285e-03 7.330722e+00 -8.607833e-04 9.999988e-01 1.276360e-03 -4.324376e-01 -2.359181e-03 -1.278386e-03 9.999963e-01 1.380127e+01
9.999974e-01 -7.349213e-04 -2.157815e-03 7.253983e+00 7.312753e-04 9.999983e-01 -1.689963e-03 -4.307086e-01 2.159060e-03 1.688382e-03 9.999961e-01 1.387075e+01
9.999956e-01 8.510979e-04 2.835564e-03 7.189515e+00 -8.546722e-04 9.999988e-01 1.259565e-03 -4.298206e-01 -2.834482e-03 -1.261981e-03 9.999951e-01 1.393268e+01
9.999967e-01 -7.519594e-04 -2.436440e-03 7.118034e+00 7.478609e-04 9.999983e-01 -1.682628e-03 -4.283548e-01 2.437708e-03 1.680802e-03 9.999955e-01 1.399559e+01
9.999962e-01 8.383840e-04 2.614895e-03 7.041790e+00 -8.415996e-04 9.999989e-01 1.228863e-03 -4.265829e-01 -2.613855e-03 -1.231057e-03 9.999957e-01 1.405991e+01
9.999974e-01 -7.595665e-04 -2.172177e-03 6.971690e+00 7.558996e-04 9.999983e-01 -1.688412e-03 -4.251564e-01 2.173462e-03 1.686767e-03 9.999961e-01 1.411803e+01
9.999983e-01 8.725906e-04 1.597750e-03 6.878951e+00 -8.747050e-04 9.999987e-01 1.323117e-03 -4.224403e-01 -1.596587e-03 -1.324510e-03 9.999977e-01 1.420402e+01
9.999957e-01 -7.314356e-04 -2.843071e-03 6.769772e+00 7.266479e-04 9.999983e-01 -1.684658e-03 -4.188923e-01 2.844305e-03 1.682586e-03 9.999944e-01 1.431142e+01
9.999970e-01 8.392395e-04 2.305159e-03 6.677183e+00 -8.421776e-04 9.999988e-01 1.273875e-03 -4.162334e-01 -2.304080e-03 -1.275811e-03 9.999964e-01 1.439710e+01
9.999971e-01 -7.440474e-04 -2.301420e-03 6.596929e+00 7.401244e-04 9.999983e-01 -1.704962e-03 -4.142351e-01 2.302691e-03 1.703256e-03 9.999958e-01 1.446634e+01
9.999971e-01 8.533613e-04 2.250792e-03 6.515074e+00 -8.562530e-04 9.999988e-01 1.284091e-03 -4.121521e-01 -2.249687e-03 -1.286013e-03 9.999965e-01 1.453752e+01
9.999977e-01 -7.430126e-04 -2.028355e-03 6.439000e+00 7.395430e-04 9.999983e-01 -1.710721e-03 -4.104176e-01 2.029629e-03 1.709218e-03 9.999964e-01 1.460308e+01
9.999955e-01 9.017370e-04 2.848237e-03 6.394165e+00 -9.054352e-04 9.999987e-01 1.297391e-03 -4.108004e-01 -2.847057e-03 -1.299963e-03 9.999950e-01 1.467697e+01
9.999990e-01 -5.392005e-04 -1.342105e-03 6.466322e+00 5.375394e-04 9.999991e-01 -1.237697e-03 -4.163944e-01 1.342778e-03 1.236976e-03 9.999982e-01 1.480329e+01
9.999972e-01 6.816625e-04 2.250923e-03 6.433591e+00 -6.835477e-04 9.999994e-01 8.368663e-04 -4.172642e-01 -2.250345e-03 -8.384013e-04 9.999970e-01 1.488652e+01
9.999983e-01 -5.746279e-04 -1.735329e-03 6.365029e+00 5.724276e-04 9.999990e-01 -1.268166e-03 -4.160506e-01 1.736063e-03 1.267171e-03 9.999976e-01 1.494979e+01
9.999971e-01 6.923804e-04 2.324136e-03 6.298690e+00 -6.943247e-04 9.999994e-01 8.358718e-04 -4.150203e-01 -2.323549e-03 -8.374818e-04 9.999968e-01 1.501418e+01
9.999960e-01 -5.581742e-04 -2.755764e-03 6.208213e+00 5.548781e-04 9.999991e-01 -1.196703e-03 -4.124540e-01 2.756436e-03 1.195170e-03 9.999954e-01 1.509877e+01
9.999974e-01 7.440419e-04 2.171385e-03 6.112365e+00 -7.458798e-04 9.999994e-01 8.457312e-04 -4.096872e-01 -2.170748e-03 -8.473474e-04 9.999972e-01 1.519445e+01
9.999962e-01 -5.691632e-04 -2.702345e-03 6.018661e+00 5.659790e-04 9.999991e-01 -1.178945e-03 -4.070151e-01 2.703020e-03 1.177412e-03 9.999956e-01 1.529146e+01
9.999973e-01 6.916209e-04 2.202175e-03 5.926666e+00 -6.933106e-04 9.999995e-01 7.666403e-04 -4.044174e-01 -2.201637e-03 -7.681639e-04 9.999972e-01 1.538053e+01
9.999980e-01 -5.969235e-04 -1.904264e-03 5.854185e+00 5.946012e-04 9.999991e-01 -1.219814e-03 -4.028652e-01 1.904997e-03 1.218680e-03 9.999973e-01 1.544698e+01
9.999949e-01 8.195609e-04 3.094177e-03 5.872696e+00 -8.227156e-04 9.999991e-01 1.018430e-03 -4.064690e-01 -3.093333e-03 -1.020969e-03 9.999946e-01 1.556042e+01
9.999981e-01 -4.416192e-04 -1.924565e-03 5.952467e+00 4.398145e-04 9.999995e-01 -9.380409e-04 -4.125192e-01 1.924985e-03 9.371937e-04 9.999976e-01 1.570789e+01
9.999926e-01 8.987261e-04 3.741160e-03 6.066024e+00 -9.034793e-04 9.999988e-01 1.269015e-03 -4.201666e-01 -3.740008e-03 -1.272385e-03 9.999921e-01 1.586594e+01
9.999982e-01 -4.011034e-04 -1.875759e-03 6.180709e+00 3.996095e-04 9.999996e-01 -7.967438e-04 -4.286901e-01 1.876085e-03 7.959939e-04 9.999978e-01 1.605866e+01
9.999932e-01 9.090543e-04 3.577329e-03 6.299521e+00 -9.134050e-04 9.999988e-01 1.214722e-03 -4.371251e-01 -3.576213e-03 -1.217980e-03 9.999928e-01 1.624416e+01
9.999970e-01 -5.999611e-04 -2.356180e-03 6.349042e+00 5.971678e-04 9.999991e-01 -1.186004e-03 -4.422188e-01 2.356897e-03 1.184594e-03 9.999964e-01 1.639316e+01
9.999939e-01 8.105353e-04 3.385736e-03 6.338145e+00 -8.135530e-04 9.999993e-01 8.900110e-04 -4.447662e-01 -3.385005e-03 -8.927590e-04 9.999938e-01 1.650820e+01
9.999976e-01 -4.914710e-04 -2.148863e-03 6.379469e+00 4.895762e-04 9.999995e-01 -8.822048e-04 -4.500846e-01 2.149303e-03 8.811518e-04 9.999972e-01 1.666409e+01
9.999929e-01 8.809428e-04 3.653284e-03 6.447967e+00 -8.848355e-04 9.999990e-01 1.064056e-03 -4.566915e-01 -3.652335e-03 -1.067280e-03 9.999927e-01 1.683353e+01
9.999978e-01 -4.791067e-04 -2.050896e-03 6.530885e+00 4.774920e-04 9.999996e-01 -7.877061e-04 -4.638632e-01 2.051281e-03 7.867263e-04 9.999975e-01 1.700932e+01
9.999929e-01 9.311796e-04 3.662953e-03 6.633988e+00 -9.354817e-04 9.999989e-01 1.172926e-03 -4.719623e-01 -3.661849e-03 -1.176343e-03 9.999925e-01 1.719937e+01
9.999973e-01 -4.778209e-04 -2.291163e-03 6.725864e+00 4.759011e-04 9.999995e-01 -8.383786e-04 -4.797984e-01 2.291571e-03 8.372872e-04 9.999969e-01 1.740144e+01
9.999906e-01 1.050483e-03 4.216604e-03 6.863148e+00 -1.056694e-03 9.999984e-01 1.471079e-03 -4.896776e-01 -4.215043e-03 -1.475520e-03 9.999899e-01 1.761897e+01
9.999941e-01 -7.434985e-04 -3.359366e-03 6.891021e+00 7.383765e-04 9.999986e-01 -1.525684e-03 -4.942518e-01 3.360505e-03 1.523196e-03 9.999931e-01 1.778458e+01
9.999903e-01 9.701167e-04 4.293230e-03 6.883969e+00 -9.755245e-04 9.999987e-01 1.257675e-03 -4.968737e-01 -4.291996e-03 -1.261850e-03 9.999899e-01 1.790392e+01
9.999951e-01 -7.334481e-04 -3.057550e-03 6.921064e+00 7.292365e-04 9.999988e-01 -1.378310e-03 -5.009822e-01 3.058566e-03 1.376075e-03 9.999943e-01 1.801882e+01
9.999907e-01 9.424168e-04 4.219183e-03 6.942463e+00 -9.473838e-04 9.999989e-01 1.175402e-03 -5.043923e-01 -4.218062e-03 -1.179387e-03 9.999903e-01 1.812787e+01
9.999932e-01 -8.020112e-04 -3.595428e-03 6.906242e+00 7.965401e-04 9.999985e-01 -1.522841e-03 -5.051118e-01 3.596653e-03 1.519968e-03 9.999923e-01 1.822462e+01
9.999899e-01 1.108674e-03 4.349954e-03 6.906831e+00 -1.114529e-03 9.999985e-01 1.343814e-03 -5.084498e-01 -4.348448e-03 -1.348648e-03 9.999895e-01 1.837014e+01
9.999960e-01 -4.087371e-04 -2.814051e-03 7.108488e+00 4.068978e-04 9.999997e-01 -6.541362e-04 -5.195662e-01 2.814326e-03 6.529899e-04 9.999957e-01 1.857617e+01
9.999871e-01 1.151386e-03 4.948542e-03 7.326083e+00 -1.159154e-03 9.999981e-01 1.567089e-03 -5.318833e-01 -4.946718e-03 -1.572803e-03 9.999864e-01 1.880109e+01
9.999952e-01 -5.812728e-04 -3.034939e-03 7.479373e+00 5.784866e-04 9.999994e-01 -9.188165e-04 -5.418555e-01 3.035481e-03 9.170580e-04 9.999949e-01 1.900901e+01
9.999894e-01 9.240068e-04 4.502779e-03 7.562557e+00 -9.289829e-04 9.999990e-01 1.103153e-03 -5.481944e-01 -4.501745e-03 -1.107323e-03 9.999892e-01 1.916156e+01
9.999938e-01 -7.020560e-04 -3.459852e-03 7.563665e+00 6.974139e-04 9.999989e-01 -1.342715e-03 -5.513018e-01 3.460801e-03 1.340296e-03 9.999930e-01 1.928481e+01
9.999905e-01 8.696889e-04 4.264823e-03 7.535293e+00 -8.740815e-04 9.999991e-01 1.028209e-03 -5.528603e-01 -4.263915e-03 -1.031925e-03 9.999903e-01 1.939524e+01
9.999942e-01 -6.577797e-04 -3.347546e-03 7.519658e+00 6.533614e-04 9.999989e-01 -1.320745e-03 -5.551554e-01 3.348421e-03 1.318551e-03 9.999934e-01 1.951149e+01
9.999895e-01 9.028608e-04 4.483393e-03 7.531198e+00 -9.076864e-04 9.999990e-01 1.074403e-03 -5.583951e-01 -4.482408e-03 -1.078460e-03 9.999893e-01 1.962285e+01
9.999945e-01 -6.683935e-04 -3.237466e-03 7.557921e+00 6.644938e-04 9.999991e-01 -1.205455e-03 -5.622766e-01 3.238279e-03 1.203298e-03 9.999939e-01 1.974246e+01
9.999908e-01 9.163978e-04 4.189846e-03 7.558986e+00 -9.205463e-04 9.999991e-01 9.883025e-04 -5.655452e-01 -4.188926e-03 -9.921490e-04 9.999906e-01 1.987670e+01
9.999971e-01 -3.344498e-04 -2.369543e-03 7.688562e+00 3.333426e-04 9.999998e-01 -4.675907e-04 -5.749334e-01 2.369709e-03 4.668009e-04 9.999970e-01 2.007801e+01
9.999888e-01 9.741707e-04 4.631051e-03 7.856582e+00 -9.802117e-04 9.999987e-01 1.302349e-03 -5.859678e-01 -4.629765e-03 -1.306872e-03 9.999883e-01 2.030740e+01
9.999959e-01 -3.718407e-04 -2.823950e-03 8.018115e+00 3.699145e-04 9.999997e-01 -6.825672e-04 -5.959508e-01 2.824214e-03 6.815214e-04 9.999957e-01 2.050620e+01
9.999887e-01 8.723490e-04 4.677256e-03 8.168368e+00 -8.779135e-04 9.999989e-01 1.187771e-03 -6.046592e-01 -4.676204e-03 -1.191862e-03 9.999883e-01 2.067299e+01
9.999929e-01 -6.318955e-04 -3.704880e-03 8.191324e+00 6.270660e-04 9.999990e-01 -1.304561e-03 -6.085844e-01 3.705711e-03 1.302231e-03 9.999922e-01 2.081416e+01
9.999892e-01 8.428265e-04 4.571882e-03 8.179844e+00 -8.475861e-04 9.999991e-01 1.039212e-03 -6.110695e-01 -4.570991e-03 -1.043074e-03 9.999889e-01 2.093843e+01
9.999933e-01 -5.627841e-04 -3.605668e-03 8.196460e+00 5.584948e-04 9.999991e-01 -1.190469e-03 -6.150423e-01 3.606346e-03 1.188449e-03 9.999927e-01 2.108095e+01
9.999869e-01 9.686635e-04 5.016158e-03 8.280174e+00 -9.758839e-04 9.999985e-01 1.437181e-03 -6.222738e-01 -5.014747e-03 -1.442056e-03 9.999863e-01 2.125998e+01
9.999950e-01 -4.396363e-04 -3.125147e-03 8.414808e+00 4.367001e-04 9.999995e-01 -9.401523e-04 -6.311883e-01 3.125570e-03 9.387845e-04 9.999946e-01 2.144170e+01
9.999853e-01 1.001947e-03 5.332981e-03 8.577160e+00 -1.010074e-03 9.999983e-01 1.521560e-03 -6.405616e-01 -5.331436e-03 -1.526923e-03 9.999845e-01 2.160757e+01
9.999949e-01 -4.458977e-04 -3.163158e-03 8.742071e+00 4.429483e-04 9.999995e-01 -9.330394e-04 -6.499424e-01 3.163585e-03 9.316353e-04 9.999945e-01 2.177533e+01
9.999908e-01 7.118909e-04 4.218484e-03 8.781177e+00 -7.155630e-04 9.999994e-01 8.690344e-04 -6.542970e-01 -4.217850e-03 -8.720432e-04 9.999906e-01 2.191269e+01
9.999932e-01 -5.635859e-04 -3.644256e-03 8.727527e+00 5.590647e-04 9.999991e-01 -1.241496e-03 -6.542905e-01 3.644964e-03 1.239452e-03 9.999925e-01 2.200177e+01
9.999925e-01 7.254254e-04 3.795603e-03 8.650223e+00 -7.286927e-04 9.999994e-01 8.594577e-04 -6.526606e-01 -3.794965e-03 -8.622154e-04 9.999923e-01 2.208395e+01
9.999948e-01 -5.690944e-04 -3.161750e-03 8.597366e+00 5.651812e-04 9.999991e-01 -1.238401e-03 -6.526988e-01 3.162464e-03 1.236610e-03 9.999941e-01 2.216686e+01
9.999895e-01 8.723913e-04 4.487593e-03 8.662014e+00 -8.777975e-04 9.999989e-01 1.202848e-03 -6.577441e-01 -4.486526e-03 -1.206773e-03 9.999891e-01 2.228219e+01
9.999969e-01 -3.522268e-04 -2.481520e-03 8.809024e+00 3.503812e-04 9.999997e-01 -7.440862e-04 -6.663636e-01 2.481794e-03 7.432161e-04 9.999965e-01 2.243632e+01
9.999899e-01 8.369679e-04 4.418696e-03 8.942047e+00 -8.423615e-04 9.999989e-01 1.218900e-03 -6.747959e-01 -4.417658e-03 -1.222608e-03 9.999894e-01 2.260720e+01
9.999949e-01 -5.554088e-04 -3.131369e-03 8.995781e+00 5.516356e-04 9.999991e-01 -1.205659e-03 -6.799528e-01 3.132049e-03 1.203928e-03 9.999943e-01 2.274536e+01
9.999903e-01 7.572117e-04 4.342876e-03 9.012007e+00 -7.614764e-04 9.999992e-01 9.804169e-04 -6.832212e-01 -4.342117e-03 -9.837126e-04 9.999900e-01 2.285177e+01
9.999935e-01 -6.167503e-04 -3.543909e-03 9.059584e+00 6.124571e-04 9.999991e-01 -1.212339e-03 -6.855032e-01 3.544667e-03 1.210162e-03 9.999929e-01 2.291729e+01
9.999911e-01 9.354315e-04 4.119943e-03 9.197690e+00 -9.398195e-04 9.999990e-01 1.063227e-03 -6.888211e-01 -4.118931e-03 -1.067088e-03 9.999908e-01 2.295451e+01
9.999936e-01 -6.501831e-04 -3.520185e-03 9.331071e+00 6.459496e-04 9.999991e-01 -1.203622e-03 -6.920625e-01 3.520978e-03 1.201342e-03 9.999930e-01 2.299369e+01
9.999914e-01 1.019479e-03 4.023751e-03 9.494397e+00 -1.024069e-03 9.999988e-01 1.138773e-03 -6.962033e-01 -4.022572e-03 -1.142882e-03 9.999912e-01 2.303934e+01
9.999942e-01 -6.900773e-04 -3.329161e-03 9.664847e+00 6.861474e-04 9.999991e-01 -1.181408e-03 -7.002412e-01 3.329987e-03 1.179119e-03 9.999937e-01 2.307265e+01
9.999901e-01 9.224506e-04 4.364159e-03 9.730109e+00 -9.266119e-04 9.999991e-01 9.515857e-04 -7.031672e-01 -4.363264e-03 -9.556184e-04 9.999899e-01 2.313542e+01
9.999947e-01 -6.835772e-04 -3.178142e-03 9.814835e+00 6.801458e-04 9.999992e-01 -1.080628e-03 -7.071587e-01 3.178892e-03 1.078463e-03 9.999943e-01 2.320579e+01
9.999908e-01 8.737496e-04 4.200478e-03 9.897407e+00 -8.774707e-04 9.999992e-01 8.840856e-04 -7.101639e-01 -4.199688e-03 -8.877616e-04 9.999907e-01 2.325659e+01
9.999950e-01 -6.560850e-04 -3.091200e-03 9.969723e+00 6.527938e-04 9.999992e-01 -1.065565e-03 -7.135259e-01 3.091910e-03 1.063543e-03 9.999946e-01 2.332296e+01
9.999905e-01 9.619979e-04 4.253403e-03 1.006620e+01 -9.662453e-04 9.999990e-01 9.966294e-04 -7.181919e-01 -4.252426e-03 -1.000728e-03 9.999904e-01 2.340868e+01
9.999954e-01 -5.439566e-04 -2.989576e-03 1.023058e+01 5.415727e-04 9.999995e-01 -7.981243e-04 -7.252070e-01 2.990023e-03 7.965032e-04 9.999951e-01 2.350721e+01
9.999887e-01 1.134403e-03 4.615383e-03 1.048755e+01 -1.140553e-03 9.999985e-01 1.329967e-03 -7.348090e-01 -4.613853e-03 -1.335214e-03 9.999884e-01 2.360830e+01
9.999962e-01 -6.411288e-04 -2.691144e-03 1.068996e+01 6.386389e-04 9.999994e-01 -9.259303e-04 -7.430932e-01 2.691751e-03 9.242098e-04 9.999959e-01 2.370520e+01
9.999907e-01 9.876709e-04 4.188581e-03 1.078288e+01 -9.922494e-04 9.999989e-01 1.091125e-03 -7.494694e-01 -4.187484e-03 -1.095270e-03 9.999905e-01 2.384343e+01
9.999953e-01 -7.390902e-04 -2.983801e-03 1.082022e+01 7.355947e-04 9.999990e-01 -1.172376e-03 -7.539175e-01 2.984679e-03 1.170177e-03 9.999948e-01 2.397336e+01
9.999910e-01 9.949090e-04 4.127273e-03 1.084284e+01 -9.991240e-04 9.999990e-01 1.019315e-03 -7.578966e-01 -4.126240e-03 -1.023428e-03 9.999909e-01 2.410117e+01
9.999966e-01 -6.187950e-04 -2.543195e-03 1.093250e+01 6.165764e-04 9.999994e-01 -8.730059e-04 -7.642016e-01 2.543749e-03 8.714366e-04 9.999963e-01 2.423534e+01
9.999909e-01 9.571587e-04 4.146150e-03 1.099877e+01 -9.613681e-04 9.999990e-01 1.013362e-03 -7.701207e-01 -4.145161e-03 -1.017337e-03 9.999908e-01 2.438357e+01
9.999944e-01 -6.366344e-04 -3.294827e-03 1.100957e+01 6.328694e-04 9.999991e-01 -1.143578e-03 -7.741847e-01 3.295567e-03 1.141488e-03 9.999938e-01 2.454304e+01
9.999896e-01 9.147566e-04 4.463417e-03 1.103164e+01 -9.192767e-04 9.999991e-01 1.010738e-03 -7.783159e-01 -4.462473e-03 -1.014829e-03 9.999894e-01 2.467754e+01
9.999951e-01 -6.159019e-04 -3.072496e-03 1.110305e+01 6.126781e-04 9.999993e-01 -1.050017e-03 -7.831632e-01 3.073156e-03 1.048131e-03 9.999946e-01 2.478303e+01
9.999894e-01 8.068688e-04 4.537050e-03 1.114494e+01 -8.107365e-04 9.999993e-01 8.506721e-04 -7.864903e-01 -4.536344e-03 -8.543397e-04 9.999892e-01 2.485842e+01
9.999963e-01 -3.902219e-04 -2.673380e-03 1.122639e+01 3.882982e-04 9.999997e-01 -7.199940e-04 -7.925037e-01 2.673676e-03 7.189550e-04 9.999961e-01 2.497948e+01
9.999922e-01 7.638775e-04 3.862956e-03 1.128912e+01 -7.673048e-04 9.999993e-01 8.857935e-04 -7.986225e-01 -3.862260e-03 -8.887489e-04 9.999920e-01 2.515839e+01
9.999952e-01 -4.236938e-04 -3.062810e-03 1.131202e+01 4.206095e-04 9.999994e-01 -1.007558e-03 -8.023093e-01 3.063252e-03 1.006267e-03 9.999947e-01 2.529771e+01
9.999902e-01 6.974753e-04 4.374590e-03 1.138933e+01 -7.013785e-04 9.999994e-01 8.907429e-04 -8.061286e-01 -4.373949e-03 -8.938007e-04 9.999899e-01 2.537157e+01
9.999950e-01 -4.072525e-04 -3.139494e-03 1.140758e+01 4.039802e-04 9.999994e-01 -1.042820e-03 -8.102237e-01 3.139933e-03 1.041548e-03 9.999944e-01 2.550286e+01
9.999910e-01 7.292220e-04 4.167944e-03 1.143152e+01 -7.330265e-04 9.999993e-01 9.113118e-04 -8.144961e-01 -4.167260e-03 -9.143571e-04 9.999908e-01 2.564697e+01
9.999961e-01 -3.160443e-04 -2.758787e-03 1.150578e+01 3.139778e-04 9.999997e-01 -7.493985e-04 -8.211667e-01 2.759039e-03 7.485311e-04 9.999958e-01 2.581342e+01
9.999912e-01 7.519684e-04 4.137208e-03 1.158769e+01 -7.560388e-04 9.999992e-01 9.823316e-04 -8.284038e-01 -4.136450e-03 -9.854490e-04 9.999909e-01 2.599753e+01
9.999956e-01 -2.496684e-04 -2.970663e-03 1.168655e+01 2.472951e-04 9.999997e-01 -7.992161e-04 -8.355071e-01 2.970878e-03 7.984797e-04 9.999952e-01 2.616467e+01
9.999866e-01 9.683341e-04 5.092049e-03 1.199524e+01 -9.748142e-04 9.999987e-01 1.270241e-03 -8.443410e-01 -5.090795e-03 -1.275186e-03 9.999861e-01 2.619759e+01
9.999952e-01 -5.314334e-04 -3.059585e-03 1.216815e+01 5.280875e-04 9.999993e-01 -1.094259e-03 -8.503571e-01 3.060181e-03 1.092640e-03 9.999946e-01 2.624930e+01
9.999897e-01 8.800896e-04 4.442598e-03 1.226791e+01 -8.849568e-04 9.999990e-01 1.093699e-03 -8.557833e-01 -4.441614e-03 -1.097617e-03 9.999894e-01 2.634625e+01
9.999949e-01 -2.124299e-04 -3.176313e-03 1.257208e+01 2.094872e-04 9.999995e-01 -9.266827e-04 -8.625472e-01 3.176526e-03 9.260145e-04 9.999944e-01 2.633680e+01
9.999903e-01 9.944834e-04 4.299850e-03 1.294195e+01 -9.981511e-04 9.999991e-01 8.508845e-04 -8.674879e-01 -4.298982e-03 -8.551662e-04 9.999903e-01 2.621839e+01
9.999948e-01 -2.042127e-04 -3.223140e-03 1.330666e+01 2.010116e-04 9.999995e-01 -9.934130e-04 -8.721468e-01 3.223358e-03 9.927618e-04 9.999942e-01 2.609599e+01
9.999889e-01 9.616453e-04 4.603614e-03 1.364234e+01 -9.649380e-04 9.999993e-01 7.130316e-04 -8.755657e-01 -4.602907e-03 -7.174640e-04 9.999890e-01 2.593415e+01
9.999939e-01 -2.658751e-04 -3.471599e-03 1.394815e+01 2.624333e-04 9.999995e-01 -9.917648e-04 -8.788278e-01 3.471879e-03 9.908496e-04 9.999934e-01 2.580499e+01
9.999902e-01 9.157288e-04 4.335054e-03 1.423347e+01 -9.191887e-04 9.999993e-01 7.961713e-04 -8.825526e-01 -4.334303e-03 -8.001464e-04 9.999902e-01 2.572002e+01
9.999935e-01 -4.457196e-05 -3.596063e-03 1.462850e+01 4.176958e-05 9.999997e-01 -7.793160e-04 -8.884975e-01 3.596115e-03 7.791626e-04 9.999931e-01 2.563071e+01
9.999876e-01 1.182104e-03 4.829011e-03 1.514067e+01 -1.185412e-03 9.999991e-01 6.821819e-04 -8.939426e-01 -4.828181e-03 -6.878959e-04 9.999880e-01 2.539410e+01
9.999934e-01 9.675183e-05 -3.644515e-03 1.571258e+01 -9.992339e-05 9.999996e-01 -8.700123e-04 -8.988602e-01 3.644448e-03 8.703725e-04 9.999929e-01 2.508329e+01
9.999848e-01 1.569459e-03 5.289694e-03 1.641804e+01 -1.572380e-03 9.999986e-01 5.480246e-04 -9.029880e-01 -5.288808e-03 -5.563318e-04 9.999858e-01 2.458885e+01
9.999909e-01 -1.068905e-05 -4.262754e-03 1.712863e+01 8.893755e-06 9.999999e-01 -4.211397e-04 -9.107634e-01 4.262777e-03 4.210998e-04 9.999907e-01 2.427860e+01
9.999841e-01 1.836072e-03 5.334177e-03 1.794799e+01 -1.838350e-03 9.999982e-01 4.219970e-04 -9.178352e-01 -5.333374e-03 -4.317945e-04 9.999856e-01 2.383661e+01
9.999924e-01 -5.570332e-07 -3.889598e-03 1.875446e+01 -1.788895e-06 9.999998e-01 -6.030817e-04 -9.236048e-01 3.889616e-03 6.030860e-04 9.999922e-01 2.333728e+01
9.999845e-01 1.575076e-03 5.333344e-03 1.944814e+01 -1.577446e-03 9.999987e-01 4.402141e-04 -9.290747e-01 -5.332624e-03 -4.486185e-04 9.999856e-01 2.292584e+01
9.999931e-01 -1.440125e-04 -3.720401e-03 2.007067e+01 1.413885e-04 9.999997e-01 -7.055035e-04 -9.335586e-01 3.720520e-03 7.049744e-04 9.999927e-01 2.252806e+01
9.999892e-01 1.227741e-03 4.473300e-03 2.058183e+01 -1.231461e-03 9.999989e-01 8.289540e-04 -9.402243e-01 -4.472258e-03 -8.344519e-04 9.999896e-01 2.236471e+01
9.999927e-01 -4.229527e-05 -3.822637e-03 2.112347e+01 3.949378e-05 9.999997e-01 -7.328956e-04 -9.468726e-01 3.822686e-03 7.327412e-04 9.999923e-01 2.218057e+01
9.999878e-01 1.466178e-03 4.714037e-03 2.175734e+01 -1.469968e-03 9.999986e-01 8.006724e-04 -9.537805e-01 -4.712837e-03 -8.075901e-04 9.999885e-01 2.191002e+01
9.999939e-01 5.842014e-05 -3.487931e-03 2.243704e+01 -6.112571e-05 9.999997e-01 -7.755398e-04 -9.607330e-01 3.487904e-03 7.757503e-04 9.999935e-01 2.158172e+01
9.999882e-01 1.293167e-03 4.683756e-03 2.303856e+01 -1.296696e-03 9.999989e-01 7.504185e-04 -9.669241e-01 -4.682761e-03 -7.564811e-04 9.999887e-01 2.129666e+01
9.999936e-01 -2.145136e-04 -3.561698e-03 2.352804e+01 2.117117e-04 9.999997e-01 -7.869557e-04 -9.726651e-01 3.561885e-03 7.861986e-04 9.999932e-01 2.110091e+01
9.999895e-01 1.219052e-03 4.428119e-03 2.398420e+01 -1.222450e-03 9.999990e-01 7.645760e-04 -9.782628e-01 -4.427162e-03 -7.699791e-04 9.999898e-01 2.094049e+01
9.999955e-01 -6.882809e-04 -2.921558e-03 2.422600e+01 6.863702e-04 9.999996e-01 -6.548599e-04 -9.843958e-01 2.922028e-03 6.528536e-04 9.999954e-01 2.095018e+01
9.999896e-01 1.016665e-03 4.451930e-03 2.429460e+01 -1.019485e-03 9.999993e-01 6.312370e-04 -9.893306e-01 -4.451265e-03 -6.357671e-04 9.999898e-01 2.105710e+01
9.999962e-01 -6.781864e-04 -2.656846e-03 2.437943e+01 6.765380e-04 9.999996e-01 -6.212038e-04 -9.943006e-01 2.657286e-03 6.194060e-04 9.999962e-01 2.114444e+01
9.999901e-01 9.366089e-04 4.339966e-03 2.445567e+01 -9.389665e-04 9.999994e-01 5.411743e-04 -9.986506e-01 -4.339436e-03 -5.452421e-04 9.999903e-01 2.121863e+01
9.999957e-01 -6.964225e-04 -2.847857e-03 2.452992e+01 6.944059e-04 9.999995e-01 -7.089657e-04 -1.002482e+00 2.848370e-03 7.069871e-04 9.999956e-01 2.127746e+01
9.999923e-01 1.002632e-03 3.800037e-03 2.466775e+01 -1.004980e-03 9.999993e-01 6.158929e-04 -1.006617e+00 -3.799397e-03 -6.197051e-04 9.999925e-01 2.131883e+01
9.999967e-01 -5.627959e-04 -2.514499e-03 2.484588e+01 5.614842e-04 9.999997e-01 -5.222518e-04 -1.012799e+00 2.514813e-03 5.208402e-04 9.999966e-01 2.138203e+01
9.999898e-01 1.314845e-03 4.328547e-03 2.516164e+01 -1.318144e-03 9.999988e-01 7.593677e-04 -1.020097e+00 -4.327522e-03 -7.650636e-04 9.999902e-01 2.135509e+01
9.999992e-01 -3.196331e-04 -1.229332e-03 2.554961e+01 3.184583e-04 9.999995e-01 -9.555013e-04 -1.022802e+00 1.229658e-03 9.551110e-04 9.999987e-01 2.100757e+01
9.999913e-01 1.491537e-03 3.885201e-03 2.599104e+01 -1.493402e-03 9.999988e-01 4.773096e-04 -1.023861e+00 -3.884463e-03 -4.831056e-04 9.999922e-01 2.054336e+01
9.999996e-01 -1.468959e-04 -8.644998e-04 2.646087e+01 1.458540e-04 9.999993e-01 -1.204976e-03 -1.022682e+00 8.646980e-04 1.204852e-03 9.999988e-01 1.993662e+01
9.999923e-01 1.139355e-03 3.756510e-03 2.679560e+01 -1.141295e-03 9.999992e-01 5.144153e-04 -1.021657e+00 -3.755899e-03 -5.186967e-04 9.999927e-01 1.947617e+01
9.999996e-01 -1.002328e-04 -9.385748e-04 2.714177e+01 9.888965e-05 9.999990e-01 -1.430781e-03 -1.018927e+00 9.387396e-04 1.430689e-03 9.999984e-01 1.891700e+01
9.999901e-01 1.190429e-03 4.286544e-03 2.750083e+01 -1.193549e-03 9.999990e-01 7.253329e-04 -1.017384e+00 -4.285654e-03 -7.304402e-04 9.999905e-01 1.838318e+01
9.999984e-01 -4.995573e-04 -1.719070e-03 2.774392e+01 4.973795e-04 9.999991e-01 -1.266946e-03 -1.017521e+00 1.719724e-03 1.266091e-03 9.999976e-01 1.807920e+01
9.999898e-01 1.202113e-03 4.357475e-03 2.797728e+01 -1.205009e-03 9.999991e-01 6.618740e-04 -1.017072e+00 -4.356652e-03 -6.671164e-04 9.999902e-01 1.774948e+01
