9.999998e-01 5.752512e-04 -3.395747e-04 1.550051e-02 -5.752201e-04 9.999998e-01 9.165753e-05 -2.316539e-02 3.396274e-04 -9.146169e-05 9.999998e-01 1.240510e+00
1.000000e+00 1.321515e-05 -2.535728e-04 2.707532e-02 -1.320866e-05 1.000000e+00 2.553031e-05 -4.687931e-02 2.535731e-04 -2.552646e-05 9.999999e-01 2.521851e+00
9.999998e-01 5.548231e-04 -3.622560e-04 3.692923e-02 -5.547895e-04 9.999998e-01 9.279022e-05 -6.965003e-02 3.623073e-04 -9.258872e-05 9.999998e-01 3.737714e+00
9.999999e-01 1.937188e-05 -4.883604e-04 4.236978e-02 -1.935572e-05 1.000000e+00 3.304955e-05 -9.247253e-02 4.883608e-04 -3.303957e-05 9.999998e-01 4.964989e+00
9.999984e-01 5.399979e-04 -1.718784e-03 5.741298e-02 -5.398231e-04 9.999998e-01 1.021853e-04 -1.149485e-01 1.718839e-03 -1.012567e-04 9.999984e-01 6.128528e+00
1.000000e+00 -3.871096e-06 1.451625e-04 7.170476e-02 3.870365e-06 1.000000e+00 5.170304e-06 -1.363717e-01 -1.451630e-04 -5.169195e-06 9.999999e-01 7.229849e+00
9.999994e-01 5.272117e-04 -9.588793e-04 8.025810e-02 -5.271335e-04 9.999999e-01 8.171532e-05 -1.563603e-01 9.589216e-04 -8.120926e-05 9.999994e-01 8.254769e+00
1.000000e+00 -4.020503e-06 2.488047e-04 9.308496e-02 4.017682e-06 1.000000e+00 1.141758e-05 -1.765150e-01 -2.488055e-04 -1.141601e-05 9.999999e-01 9.279725e+00
9.999992e-01 5.570925e-04 -1.118462e-03 9.934610e-02 -5.569704e-04 9.999998e-01 1.094185e-04 -1.984449e-01 1.118522e-03 -1.087949e-04 9.999993e-01 1.044101e+01
9.999995e-01 -2.820974e-05 1.033079e-03 1.047168e-01 2.823661e-05 1.000000e+00 -2.597471e-05 -2.193418e-01 -1.033079e-03 2.600445e-05 9.999994e-01 1.154776e+01
9.999993e-01 5.676962e-04 -9.994644e-04 1.112100e-01 -5.675939e-04 9.999998e-01 1.026014e-04 -2.408044e-01 9.995217e-04 -1.020335e-04 9.999994e-01 1.269556e+01
9.999996e-01 -3.585110e-05 9.304671e-04 1.128190e-01 3.588201e-05 1.000000e+00 -3.317513e-05 -2.611902e-01 -9.304668e-04 3.320910e-05 9.999995e-01 1.377771e+01
9.999994e-01 5.507586e-04 -9.449217e-04 1.174323e-01 -5.506652e-04 9.999998e-01 9.903662e-05 -2.811754e-01 9.449753e-04 -9.851562e-05 9.999994e-01 1.482618e+01
9.999998e-01 -8.548367e-06 6.602195e-04 1.218782e-01 8.553973e-06 1.000000e+00 -8.456239e-06 -3.023958e-01 -6.602203e-04 8.462499e-06 9.999997e-01 1.595592e+01
9.999998e-01 5.720536e-04 -4.031011e-04 1.363371e-01 -5.720147e-04 9.999998e-01 9.670644e-05 -3.249712e-01 4.031555e-04 -9.647522e-05 9.999998e-01 1.716254e+01
9.999994e-01 -6.749166e-05 1.116539e-03 1.573278e-01 6.752785e-05 1.000000e+00 -3.234858e-05 -3.454740e-01 -1.116537e-03 3.242458e-05 9.999993e-01 1.821209e+01
9.999992e-01 5.661784e-04 -1.105735e-03 1.792320e-01 -5.660715e-04 9.999998e-01 9.691013e-05 -3.652047e-01 1.105789e-03 -9.628350e-05 9.999993e-01 1.919698e+01
9.999997e-01 -8.102466e-05 7.593269e-04 2.096334e-01 8.105841e-05 1.000000e+00 -4.439342e-05 -3.843276e-01 -7.593241e-04 4.445560e-05 9.999996e-01 2.011445e+01
9.999987e-01 5.496132e-04 -1.504281e-03 2.334186e-01 -5.494666e-04 9.999998e-01 9.785441e-05 -4.025167e-01 1.504334e-03 -9.702708e-05 9.999988e-01 2.097829e+01
9.999998e-01 -2.920306e-05 5.633367e-04 2.412685e-01 2.920911e-05 1.000000e+00 -1.069214e-05 -4.221491e-01 -5.633374e-04 1.070925e-05 9.999997e-01 2.197838e+01
9.999997e-01 5.498391e-04 -5.046750e-04 2.491208e-01 -5.497947e-04 9.999998e-01 8.809030e-05 -4.427583e-01 5.047224e-04 -8.781214e-05 9.999998e-01 2.306043e+01
9.999997e-01 -7.074465e-05 7.101246e-04 2.586515e-01 7.076620e-05 1.000000e+00 -3.028388e-05 -4.613123e-01 -7.101234e-04 3.033480e-05 9.999996e-01 2.399583e+01
9.999992e-01 5.367926e-04 -1.152062e-03 2.669092e-01 -5.366920e-04 9.999999e-01 8.755130e-05 -4.788540e-01 1.152107e-03 -8.693225e-05 9.999992e-01 2.485590e+01
9.999998e-01 -4.834589e-05 5.564752e-04 2.733201e-01 4.835453e-05 1.000000e+00 -1.547660e-05 -4.974708e-01 -5.564755e-04 1.550419e-05 9.999997e-01 2.579272e+01
9.999996e-01 5.499407e-04 -7.622177e-04 2.776661e-01 -5.498792e-04 9.999998e-01 8.084101e-05 -5.168684e-01 7.622610e-04 -8.042116e-05 9.999996e-01 2.679765e+01
9.999999e-01 -1.407754e-05 4.377906e-04 2.812359e-01 1.407602e-05 1.000000e+00 3.532956e-06 -5.378081e-01 -4.377918e-04 -3.526100e-06 9.999998e-01 2.791003e+01
9.999998e-01 5.730162e-04 -2.453195e-04 2.813494e-01 -5.729960e-04 9.999998e-01 8.224247e-05 -5.602117e-01 2.453655e-04 -8.210118e-05 9.999999e-01 2.914204e+01
1.000000e+00 -2.697964e-05 2.903509e-04 2.847714e-01 2.698083e-05 1.000000e+00 -3.995948e-06 -5.817481e-01 -2.903519e-04 4.004492e-06 9.999999e-01 3.030351e+01
9.999993e-01 6.217750e-04 -9.989316e-04 9.518761e-02 -6.215841e-04 9.999998e-01 1.912961e-04 -5.792508e-01 9.990492e-04 -1.906743e-04 9.999994e-01 3.046387e+01
9.999993e-01 8.272071e-04 -8.756180e-04 -4.876651e-01 -8.263122e-04 9.999991e-01 1.021797e-03 -5.332628e-01 8.764611e-04 -1.021071e-03 9.999990e-01 2.946949e+01
9.999983e-01 9.880889e-04 -1.549516e-03 -1.236047e+00 -9.871937e-04 9.999993e-01 5.784087e-04 -4.723899e-01 1.550085e-03 -5.768770e-04 9.999985e-01 2.816080e+01
9.999939e-01 1.382619e-03 -3.217735e-03 -2.208352e+00 -1.377613e-03 9.999978e-01 1.557440e-03 -3.908692e-01 3.219880e-03 -1.552997e-03 9.999935e-01 2.641736e+01
9.999992e-01 -8.175882e-05 1.295474e-03 -2.705003e+00 8.277704e-05 9.999997e-01 -7.859245e-04 -3.588417e-01 -1.295412e-03 7.860324e-04 9.999988e-01 2.587668e+01
9.999893e-01 1.640407e-03 -4.320919e-03 -3.285255e+00 -1.632247e-03 9.999969e-01 1.891235e-03 -3.173777e-01 4.324006e-03 -1.884161e-03 9.999888e-01 2.508087e+01
9.999972e-01 1.252565e-03 -2.023102e-03 -4.489706e+00 -1.251128e-03 9.999990e-01 7.111222e-04 -2.159037e-01 2.023988e-03 -7.085874e-04 9.999976e-01 2.293972e+01
9.999928e-01 1.328591e-03 -3.561930e-03 -5.553025e+00 -1.322759e-03 9.999978e-01 1.639084e-03 -1.260202e-01 3.564096e-03 -1.634359e-03 9.999922e-01 2.102234e+01
9.999986e-01 1.183272e-03 -1.146047e-03 -6.591853e+00 -1.182502e-03 9.999991e-01 6.716549e-04 -3.796505e-02 1.146836e-03 -6.702967e-04 9.999990e-01 1.913446e+01
9.999922e-01 1.330531e-03 -3.728247e-03 -7.632140e+00 -1.324569e-03 9.999978e-01 1.600960e-03 4.955635e-02 3.730365e-03 -1.596007e-03 9.999917e-01 1.726739e+01
9.999983e-01 8.576865e-04 -1.615746e-03 -8.522150e+00 -8.570932e-04 9.999996e-01 3.678207e-04 1.234271e-01 1.616056e-03 -3.664327e-04 9.999985e-01 1.569147e+01
9.999961e-01 7.771796e-04 -2.698975e-03 -9.173787e+00 -7.742901e-04 9.999991e-01 1.071453e-03 1.758680e-01 2.699799e-03 -1.069356e-03 9.999957e-01 1.456546e+01
9.999987e-01 2.297310e-05 1.621887e-03 -9.462007e+00 -2.181336e-05 9.999997e-01 -7.150091e-04 1.893375e-01 -1.621909e-03 7.149755e-04 9.999983e-01 1.441806e+01
9.999962e-01 4.972507e-04 -2.695465e-03 -9.459478e+00 -4.950762e-04 9.999996e-01 8.073183e-04 1.692758e-01 2.695859e-03 -8.059781e-04 9.999959e-01 1.546190e+01
9.999974e-01 1.124281e-04 2.279794e-03 -9.446367e+00 -1.108303e-04 9.999997e-01 -7.009138e-04 1.442844e-01 -2.279879e-03 7.006620e-04 9.999971e-01 1.683717e+01
9.999972e-01 4.306564e-04 -2.332858e-03 -9.434770e+00 -4.288700e-04 9.999996e-01 7.661861e-04 1.224514e-01 2.333181e-03 -7.651808e-04 9.999969e-01 1.799883e+01
9.999975e-01 9.784762e-05 2.224063e-03 -9.415748e+00 -9.629246e-05 9.999998e-01 -6.992913e-04 1.014480e-01 -2.224136e-03 6.990781e-04 9.999972e-01 1.908268e+01
9.999888e-01 3.554159e-04 -4.723596e-03 -9.410382e+00 -3.516497e-04 9.999996e-01 7.980901e-04 8.465042e-02 4.723871e-03 -7.964174e-04 9.999884e-01 1.986768e+01
9.999777e-01 9.718750e-04 -6.603795e-03 -9.826341e+00 -9.688665e-04 9.999994e-01 4.587450e-04 1.180163e-01 6.604230e-03 -4.523337e-04 9.999780e-01 1.910416e+01
9.999979e-01 1.617157e-03 -1.282756e-03 -1.087136e+01 -1.614651e-03 9.999968e-01 1.951722e-03 2.069596e-01 1.285900e-03 -1.949643e-03 9.999972e-01 1.719245e+01
9.999475e-01 1.430056e-03 -1.014499e-02 -1.208080e+01 -1.419993e-03 9.999985e-01 9.990517e-04 3.124859e-01 1.014640e-02 -9.845901e-04 9.999479e-01 1.490500e+01
9.999884e-01 1.546294e-03 -4.558707e-03 -1.323196e+01 -1.536810e-03 9.999966e-01 2.083125e-03 4.148785e-01 4.561902e-03 -2.076092e-03 9.999873e-01 1.264467e+01
9.998948e-01 1.392938e-03 -1.443696e-02 -1.430880e+01 -1.377014e-03 9.999984e-01 1.112847e-03 5.124598e-01 1.443847e-02 -1.092847e-03 9.998951e-01 1.044288e+01
9.999813e-01 1.162643e-03 -5.999386e-03 -1.518544e+01 -1.152593e-03 9.999979e-01 1.678174e-03 5.921580e-01 6.001310e-03 -1.671224e-03 9.999805e-01 8.617554e+00
9.997732e-01 1.445314e-03 -2.124938e-02 -1.594903e+01 -1.423353e-03 9.999984e-01 1.048558e-03 6.631831e-01 2.125084e-02 -1.018070e-03 9.997736e-01 6.951683e+00
9.999431e-01 1.105267e-03 -1.061065e-02 -1.656467e+01 -1.088731e-03 9.999982e-01 1.564087e-03 7.217121e-01 1.061234e-02 -1.552441e-03 9.999424e-01 5.541190e+00
9.994795e-01 1.568655e-03 -3.222365e-02 -1.704871e+01 -1.535361e-03 9.999983e-01 1.057913e-03 7.686135e-01 3.222523e-02 -1.007882e-03 9.994800e-01 4.361461e+00
9.997646e-01 1.304795e-03 -2.165522e-02 -1.745465e+01 -1.266885e-03 9.999976e-01 1.764225e-03 8.081052e-01 2.165744e-02 -1.736370e-03 9.997638e-01 3.342055e+00
9.993484e-01 1.685118e-03 -3.605538e-02 -1.783860e+01 -1.641570e-03 9.999979e-01 1.237362e-03 8.464179e-01 3.605735e-02 -1.177363e-03 9.993489e-01 2.329086e+00
9.996104e-01 1.384305e-03 -2.787803e-02 -1.813079e+01 -1.333079e-03 9.999974e-01 1.855949e-03 8.773205e-01 2.788049e-02 -1.818057e-03 9.996095e-01 1.454563e+00
9.994818e-01 1.478702e-03 -3.215445e-02 -1.844398e+01 -1.445169e-03 9.999984e-01 1.066033e-03 9.082195e-01 3.215593e-02 -1.019006e-03 9.994822e-01 6.167702e-01
9.997315e-01 1.273688e-03 -2.313677e-02 -1.880942e+01 -1.233524e-03 9.999977e-01 1.750070e-03 9.433611e-01 2.313890e-02 -1.721054e-03 9.997307e-01 -3.024348e-01
9.996777e-01 1.412900e-03 -2.534562e-02 -1.923685e+01 -1.386510e-03 9.999985e-01 1.058679e-03 9.860017e-01 2.534702e-02 -1.023190e-03 9.996781e-01 -1.405278e+00
9.998597e-01 1.195704e-03 -1.670973e-02 -1.973073e+01 -1.169809e-03 9.999981e-01 1.559282e-03 1.033961e+00 1.671150e-02 -1.539510e-03 9.998591e-01 -2.608723e+00
9.998243e-01 1.324244e-03 -1.869720e-02 -2.031156e+01 -1.306370e-03 9.999987e-01 9.680296e-04 1.088727e+00 1.869840e-02 -9.434278e-04 9.998246e-01 -3.931949e+00
9.998476e-01 1.317897e-03 -1.741006e-02 -2.087952e+01 -1.291966e-03 9.999980e-01 1.500508e-03 1.142516e+00 1.741194e-02 -1.477780e-03 9.998472e-01 -5.240457e+00
9.993280e-01 1.033462e-03 -3.663870e-02 -2.113774e+01 -1.004468e-03 9.999992e-01 8.096839e-04 1.165549e+00 3.663944e-02 -7.723311e-04 9.993282e-01 -5.852050e+00
9.998106e-01 1.532889e-03 -1.940124e-02 -2.133009e+01 -1.506398e-03 9.999979e-01 1.379798e-03 1.180979e+00 1.940324e-02 -1.350304e-03 9.998107e-01 -6.284728e+00
9.992414e-01 5.664294e-04 -3.893866e-02 -2.138744e+01 -5.492191e-04 9.999997e-01 4.526078e-04 1.182229e+00 3.893883e-02 -4.308722e-04 9.992414e-01 -6.355964e+00
9.997839e-01 1.519843e-03 -2.073196e-02 -2.140498e+01 -1.490943e-03 9.999979e-01 1.409216e-03 1.179291e+00 2.073398e-02 -1.377995e-03 9.997840e-01 -6.311035e+00
9.996225e-01 1.333071e-04 -2.747217e-02 -2.139080e+01 -1.332943e-04 1.000000e+00 2.177504e-06 1.172548e+00 2.747209e-02 1.491548e-06 9.996225e-01 -6.165883e+00
9.998181e-01 1.452072e-03 -1.901384e-02 -2.136687e+01 -1.426353e-03 9.999980e-01 1.365943e-03 1.165594e+00 1.901570e-02 -1.338568e-03 9.998182e-01 -6.028508e+00
9.995118e-01 2.510107e-04 -3.124278e-02 -2.138044e+01 -2.498981e-04 1.000000e+00 3.939954e-05 1.159300e+00 3.124270e-02 -3.156655e-05 9.995118e-01 -5.850495e+00
9.999794e-01 1.023931e-03 -6.337001e-03 -2.139406e+01 -1.017366e-03 9.999989e-01 1.038486e-03 1.152533e+00 6.337968e-03 -1.032011e-03 9.999793e-01 -5.655301e+00
9.997110e-01 1.414976e-04 -2.403969e-02 -2.140643e+01 -1.459959e-04 1.000000e+00 -1.855242e-04 1.146048e+00 2.403957e-02 1.889865e-04 9.997109e-01 -5.483046e+00
9.999995e-01 7.674331e-04 6.051836e-04 -2.142636e+01 -7.679650e-04 9.999993e-01 8.857536e-04 1.136140e+00 -6.045954e-04 -8.862119e-04 9.999994e-01 -5.113556e+00
9.999998e-01 -4.181891e-04 -2.926937e-04 -2.142112e+01 4.179451e-04 9.999996e-01 -8.469639e-04 1.122608e+00 2.929559e-04 8.468475e-04 9.999995e-01 -4.530481e+00
9.999987e-01 7.638976e-04 1.381572e-03 -2.144445e+01 -7.651169e-04 9.999993e-01 8.850695e-04 1.111092e+00 -1.380986e-03 -8.861195e-04 9.999986e-01 -3.994342e+00
9.999997e-01 -3.682830e-04 -5.675369e-04 -2.144165e+01 3.678020e-04 9.999996e-01 -8.544821e-04 1.096462e+00 5.677595e-04 8.542792e-04 9.999994e-01 -3.321841e+00
9.999985e-01 7.789669e-04 1.547232e-03 -2.142847e+01 -7.803246e-04 9.999993e-01 8.796416e-04 1.080679e+00 -1.546637e-03 -8.808417e-04 9.999983e-01 -2.592871e+00
9.999994e-01 -3.066268e-04 -1.034778e-03 -2.141134e+01 3.057424e-04 9.999996e-01 -8.585961e-04 1.063253e+00 1.034949e-03 8.582852e-04 9.999990e-01 -1.756851e+00
9.999984e-01 7.823261e-04 1.587408e-03 -2.139142e+01 -7.837223e-04 9.999993e-01 8.815998e-04 1.045409e+00 -1.586809e-03 -8.828365e-04 9.999983e-01 -8.971921e-01
9.999993e-01 -3.051788e-04 -1.133700e-03 -2.137088e+01 3.042093e-04 9.999996e-01 -8.587742e-04 1.027493e+00 1.133870e-03 8.584347e-04 9.999989e-01 -3.503644e-02
9.999985e-01 7.832695e-04 1.551443e-03 -2.135383e+01 -7.846369e-04 9.999993e-01 8.834102e-04 1.009579e+00 -1.550842e-03 -8.846203e-04 9.999983e-01 8.354931e-01
9.999990e-01 -3.357542e-04 -1.342957e-03 -2.133531e+01 3.345910e-04 9.999996e-01 -8.692066e-04 9.933474e-01 1.343157e-03 8.687624e-04 9.999987e-01 1.581279e+00
9.999985e-01 7.715819e-04 1.550343e-03 -2.130990e+01 -7.729410e-04 9.999993e-01 8.787484e-04 9.772998e-01 -1.549756e-03 -8.799396e-04 9.999983e-01 2.297291e+00
9.999992e-01 -3.348526e-04 -1.194250e-03 -2.129142e+01 3.338263e-04 9.999996e-01 -8.627561e-04 9.612013e-01 1.194447e-03 8.623626e-04 9.999988e-01 3.034712e+00
9.999989e-01 7.578154e-04 1.259141e-03 -2.126870e+01 -7.589153e-04 9.999993e-01 8.763412e-04 9.455974e-01 -1.258567e-03 -8.772900e-04 9.999988e-01 3.726319e+00
9.999988e-01 -3.366534e-04 -1.466379e-03 -2.124700e+01 3.353935e-04 9.999996e-01 -8.620512e-04 9.300512e-01 1.466577e-03 8.615643e-04 9.999985e-01 4.414931e+00
9.999996e-01 7.190970e-04 4.427252e-04 -2.123823e+01 -7.194892e-04 9.999993e-01 8.949533e-04 9.161169e-01 -4.421730e-04 -8.952658e-04 9.999994e-01 5.009759e+00
9.999848e-01 -1.806673e-04 -5.501761e-03 -2.125830e+01 1.767479e-04 9.999997e-01 -7.135761e-04 9.025701e-01 5.501796e-03 7.125987e-04 9.999845e-01 5.608160e+00
9.999814e-01 8.066716e-04 -6.042565e-03 -2.127118e+01 -8.000984e-04 9.999991e-01 1.089519e-03 8.880097e-01 6.043346e-03 -1.084658e-03 9.999811e-01 6.229421e+00
9.999571e-01 -9.196756e-05 -9.260265e-03 -2.128008e+01 8.574318e-05 9.999998e-01 -6.729787e-04 8.745261e-01 9.260232e-03 6.721616e-04 9.999568e-01 6.765813e+00
9.998911e-01 9.978094e-04 -1.472157e-02 -2.129892e+01 -9.789864e-04 9.999987e-01 1.285484e-03 8.617185e-01 1.472274e-02 -1.270926e-03 9.998907e-01 7.282238e+00
9.998090e-01 1.840426e-04 -1.954209e-02 -2.132402e+01 -1.928814e-04 9.999999e-01 -4.506201e-04 8.524048e-01 1.954191e-02 4.543090e-04 9.998089e-01 7.625193e+00
9.999477e-01 8.555880e-04 -1.018571e-02 -2.132951e+01 -8.424834e-04 9.999988e-01 1.290395e-03 8.430994e-01 1.018671e-02 -1.281741e-03 9.999472e-01 7.926876e+00
9.998400e-01 1.627571e-04 -1.788553e-02 -2.132163e+01 -1.701690e-04 9.999999e-01 -4.131227e-04 8.341059e-01 1.788536e-02 4.161057e-04 9.998399e-01 8.183252e+00
9.999585e-01 3.854557e-04 9.092641e-03 -2.135564e+01 -3.923684e-04 9.999996e-01 7.589493e-04 8.251665e-01 -9.092442e-03 -7.624801e-04 9.999583e-01 8.518491e+00
9.999485e-01 1.579489e-05 -1.014960e-02 -2.139884e+01 -2.280103e-05 9.999998e-01 -6.905935e-04 8.147358e-01 1.014949e-02 6.907949e-04 9.999482e-01 9.040544e+00
9.999606e-01 3.944489e-04 8.868511e-03 -2.140189e+01 -4.010908e-04 9.999996e-01 7.476461e-04 8.000356e-01 -8.868310e-03 -7.511683e-04 9.999603e-01 9.716971e+00
9.999547e-01 5.435878e-05 -9.517468e-03 -2.139720e+01 -6.100114e-05 9.999998e-01 -6.980718e-04 7.831351e-01 9.517330e-03 6.986262e-04 9.999544e-01 1.053602e+01
9.999581e-01 4.212855e-04 9.145328e-03 -2.139115e+01 -4.282791e-04 9.999996e-01 7.632348e-04 7.645966e-01 -9.145100e-03 -7.671142e-04 9.999578e-01 1.147020e+01
9.999563e-01 3.198700e-05 -9.340164e-03 -2.138630e+01 -3.872679e-05 9.999997e-01 -7.218653e-04 7.473033e-01 9.340041e-03 7.222009e-04 9.999561e-01 1.232332e+01
9.999574e-01 4.190788e-04 9.213958e-03 -2.138314e+01 -4.261016e-04 9.999996e-01 7.606996e-04 7.304131e-01 -9.213732e-03 -7.645880e-04 9.999572e-01 1.315144e+01
9.999564e-01 3.519123e-05 -9.333460e-03 -2.137496e+01 -4.196967e-05 9.999997e-01 -7.265070e-04 7.131423e-01 9.333335e-03 7.268724e-04 9.999561e-01 1.399541e+01
9.999582e-01 4.228650e-04 9.127242e-03 -2.136762e+01 -4.299363e-04 9.999996e-01 7.732571e-04 6.954298e-01 -9.127009e-03 -7.771437e-04 9.999580e-01 1.487307e+01
9.999526e-01 2.591433e-05 -9.728298e-03 -2.136788e+01 -3.303913e-05 9.999997e-01 -7.326474e-04 6.785834e-01 9.728180e-03 7.329394e-04 9.999523e-01 1.570359e+01
9.999550e-01 4.472895e-04 9.470751e-03 -2.136672e+01 -4.547381e-04 9.999996e-01 7.847824e-04 6.606457e-01 -9.470493e-03 -7.890486e-04 9.999548e-01 1.661028e+01
9.999556e-01 5.038014e-05 -9.422280e-03 -2.136493e+01 -5.727708e-05 9.999997e-01 -7.321534e-04 6.414572e-01 9.422144e-03 7.326659e-04 9.999553e-01 1.760718e+01
9.999552e-01 4.430419e-04 9.447562e-03 -2.136366e+01 -4.505078e-04 9.999996e-01 7.885703e-04 6.224873e-01 -9.447306e-03 -7.927860e-04 9.999550e-01 1.858946e+01
9.999599e-01 2.861713e-05 -8.948404e-03 -2.136154e+01 -3.528661e-05 9.999997e-01 -7.456285e-04 6.044131e-01 8.948283e-03 7.459196e-04 9.999596e-01 1.950928e+01
9.999568e-01 4.381738e-04 9.280105e-03 -2.135986e+01 -4.455481e-04 9.999996e-01 7.930167e-04 5.868878e-01 -9.279851e-03 -7.971120e-04 9.999566e-01 2.039102e+01
9.999592e-01 3.509642e-05 -9.026573e-03 -2.135034e+01 -4.180316e-05 9.999997e-01 -7.432647e-04 5.682375e-01 9.026448e-03 7.436170e-04 9.999589e-01 2.133332e+01
9.999580e-01 4.499472e-04 9.152994e-03 -2.134174e+01 -4.572536e-04 9.999996e-01 7.966136e-04 5.490754e-01 -9.152729e-03 -8.007602e-04 9.999577e-01 2.231381e+01
9.999573e-01 2.564946e-05 -9.232083e-03 -2.133990e+01 -3.252457e-05 9.999997e-01 -7.449872e-04 5.307235e-01 9.231964e-03 7.452609e-04 9.999570e-01 2.325040e+01
9.999535e-01 4.425305e-04 9.630035e-03 -2.133431e+01 -4.502384e-04 9.999996e-01 7.986709e-04 5.122885e-01 -9.629774e-03 -8.029645e-04 9.999532e-01 2.418803e+01
9.999533e-01 3.997507e-05 -9.664451e-03 -2.132734e+01 -4.714308e-05 9.999997e-01 -7.418778e-04 4.932186e-01 9.664322e-03 7.423039e-04 9.999530e-01 2.516358e+01
9.999521e-01 4.528648e-04 9.772012e-03 -2.132103e+01 -4.607248e-04 9.999996e-01 8.025006e-04 4.736608e-01 -9.771742e-03 -8.069594e-04 9.999519e-01 2.617685e+01
9.999535e-01 4.873048e-05 -9.636436e-03 -2.131700e+01 -5.597061e-05 9.999997e-01 -7.514745e-04 4.541806e-01 9.636300e-03 7.519841e-04 9.999532e-01 2.718930e+01
9.999520e-01 4.468082e-04 9.782842e-03 -2.131404e+01 -4.547628e-04 9.999996e-01 8.113083e-04 4.348025e-01 -9.782572e-03 -8.157133e-04 9.999518e-01 2.819842e+01
9.999563e-01 2.288855e-05 -9.343581e-03 -2.131009e+01 -3.002690e-05 9.999997e-01 -7.642668e-04 4.165188e-01 9.343464e-03 7.645191e-04 9.999560e-01 2.912931e+01
9.999523e-01 4.624859e-04 9.749251e-03 -2.130544e+01 -4.705405e-04 9.999995e-01 8.243006e-04 3.973149e-01 -9.748962e-03 -8.288438e-04 9.999521e-01 3.012419e+01
9.999580e-01 3.103115e-05 -9.158094e-03 -2.129993e+01 -3.811204e-05 9.999997e-01 -7.734373e-04 3.778271e-01 9.157970e-03 7.737589e-04 9.999577e-01 3.113721e+01
9.999511e-01 4.536901e-04 9.877960e-03 -2.129469e+01 -4.617815e-04 9.999996e-01 8.172704e-04 3.592863e-01 -9.877682e-03 -8.217870e-04 9.999508e-01 3.208420e+01
9.999539e-01 1.321583e-05 -9.599675e-03 -2.128992e+01 -2.064051e-05 9.999997e-01 -7.737362e-04 3.412955e-01 9.599565e-03 7.739037e-04 9.999536e-01 3.299203e+01
9.999549e-01 4.894688e-04 9.479516e-03 -2.128450e+01 -4.975184e-04 9.999995e-01 8.472244e-04 3.214159e-01 -9.479194e-03 -8.518976e-04 9.999546e-01 3.402794e+01
9.999589e-01 4.264864e-05 -9.058135e-03 -2.127867e+01 -4.967592e-05 9.999997e-01 -7.759992e-04 2.996278e-01 9.058003e-03 7.764222e-04 9.999586e-01 3.520380e+01
9.999576e-01 4.887590e-04 9.190965e-03 -2.127969e+01 -4.966158e-04 9.999995e-01 8.529864e-04 2.783455e-01 -9.190640e-03 -8.575098e-04 9.999573e-01 3.635820e+01
9.999591e-01 2.893495e-05 -9.037299e-03 -2.127875e+01 -3.601041e-05 9.999997e-01 -7.831787e-04 2.576629e-01 9.037177e-03 7.834770e-04 9.999588e-01 3.746510e+01
9.999568e-01 4.943216e-04 9.276776e-03 -2.127547e+01 -5.022784e-04 9.999995e-01 8.558104e-04 2.366824e-01 -9.276445e-03 -8.604281e-04 9.999565e-01 3.858874e+01
9.999613e-01 3.452853e-05 -8.795116e-03 -2.126948e+01 -4.148730e-05 9.999997e-01 -7.914579e-04 2.155803e-01 8.794989e-03 7.917970e-04 9.999609e-01 3.971615e+01
9.999576e-01 5.167842e-04 9.186095e-03 -2.125787e+01 -5.247507e-04 9.999995e-01 8.652561e-04 1.931341e-01 -9.185740e-03 -8.700352e-04 9.999574e-01 4.092503e+01
9.999626e-01 3.538461e-05 -8.642925e-03 -2.124511e+01 -4.230931e-05 9.999997e-01 -8.014509e-04 1.707270e-01 8.642797e-03 8.017914e-04 9.999623e-01 4.212936e+01
9.999535e-01 5.099518e-04 9.622303e-03 -2.123240e+01 -5.183081e-04 9.999995e-01 8.663430e-04 1.487124e-01 -9.621953e-03 -8.712854e-04 9.999533e-01 4.330860e+01
9.999662e-01 3.522982e-05 -8.219198e-03 -2.121484e+01 -4.191598e-05 9.999997e-01 -8.137612e-04 1.267196e-01 8.219070e-03 8.140830e-04 9.999658e-01 4.447810e+01
9.999439e-01 4.488545e-04 1.058112e-02 -2.119542e+01 -4.579764e-04 9.999995e-01 8.600357e-04 1.065763e-01 -1.058083e-02 -8.648286e-04 9.999436e-01 4.551661e+01
9.999646e-01 3.458429e-05 -8.413095e-03 -2.117745e+01 -4.139096e-05 9.999997e-01 -8.093187e-04 8.634136e-02 8.412967e-03 8.096430e-04 9.999642e-01 4.656279e+01
9.999476e-01 4.668741e-04 1.022667e-02 -2.116077e+01 -4.756547e-04 9.999995e-01 8.565321e-04 6.619422e-02 -1.022637e-02 -8.613469e-04 9.999473e-01 4.760707e+01
9.999650e-01 4.930846e-05 -8.360559e-03 -2.114277e+01 -5.609464e-05 9.999997e-01 -8.118903e-04 4.532591e-02 8.360420e-03 8.123356e-04 9.999647e-01 4.869922e+01
9.999519e-01 4.972200e-04 9.792311e-03 -2.113123e+01 -5.057615e-04 9.999995e-01 8.701699e-04 2.351013e-02 -9.791970e-03 -8.750760e-04 9.999516e-01 4.986994e+01
9.999651e-01 5.575707e-05 -8.345723e-03 -2.112101e+01 -6.258147e-05 9.999997e-01 -8.178835e-04 1.613963e-03 8.345578e-03 8.183820e-04 9.999648e-01 5.104988e+01
9.999527e-01 5.196415e-04 9.706157e-03 -2.111072e+01 -5.282852e-04 9.999995e-01 8.883645e-04 -2.160140e-02 -9.705786e-03 -8.934456e-04 9.999524e-01 5.232336e+01
9.999630e-01 5.378750e-05 -8.599809e-03 -2.109936e+01 -6.083733e-05 9.999997e-01 -8.199183e-04 -4.512616e-02 8.599666e-03 8.204158e-04 9.999626e-01 5.361527e+01
9.999552e-01 5.157251e-04 9.445297e-03 -2.109129e+01 -5.242176e-04 9.999995e-01 8.970373e-04 -6.832355e-02 -9.444926e-03 -9.019440e-04 9.999549e-01 5.488891e+01
9.999648e-01 4.880951e-05 -8.383397e-03 -2.107831e+01 -5.587613e-05 9.999996e-01 -8.431157e-04 -9.084052e-02 8.383257e-03 8.435591e-04 9.999644e-01 5.610360e+01
9.999546e-01 4.671125e-04 9.513419e-03 -2.105834e+01 -4.754974e-04 9.999995e-01 8.794940e-04 -1.111718e-01 -9.513099e-03 -8.839732e-04 9.999543e-01 5.714596e+01
9.999648e-01 5.780944e-05 -8.386076e-03 -2.103768e+01 -6.487432e-05 9.999996e-01 -8.425969e-04 -1.321028e-01 8.385928e-03 8.431158e-04 9.999644e-01 5.822942e+01
9.999589e-01 4.947802e-04 9.044219e-03 -2.102144e+01 -5.029272e-04 9.999995e-01 8.989237e-04 -1.543326e-01 -9.043866e-03 -9.034309e-04 9.999586e-01 5.941215e+01
9.999621e-01 6.371797e-05 -8.703278e-03 -2.100665e+01 -7.101391e-05 9.999996e-01 -8.383855e-04 -1.770629e-01 8.703125e-03 8.389762e-04 9.999617e-01 6.063298e+01
9.999615e-01 5.117595e-04 8.751298e-03 -2.098341e+01 -5.196523e-04 9.999995e-01 9.000433e-04 -2.004379e-01 -8.750929e-03 -9.045520e-04 9.999612e-01 6.187656e+01
9.999629e-01 6.721349e-05 -8.614802e-03 -2.096054e+01 -7.445260e-05 9.999996e-01 -8.403858e-04 -2.240982e-01 8.614646e-03 8.410004e-04 9.999625e-01 6.314223e+01
9.999603e-01 5.211333e-04 8.893796e-03 -2.093914e+01 -5.292101e-04 9.999994e-01 9.061869e-04 -2.483213e-01 -8.893415e-03 -9.108533e-04 9.999600e-01 6.445336e+01
9.999633e-01 4.184486e-05 -8.558853e-03 -2.091855e+01 -4.915717e-05 9.999996e-01 -8.545399e-04 -2.711702e-01 8.558718e-03 8.549337e-04 9.999629e-01 6.566786e+01
9.999598e-01 5.388134e-04 8.943766e-03 -2.089822e+01 -5.469493e-04 9.999994e-01 9.076169e-04 -2.944285e-01 -8.943368e-03 -9.124680e-04 9.999595e-01 6.691233e+01
9.999633e-01 7.501460e-06 -8.564793e-03 -2.088144e+01 -1.490327e-05 9.999996e-01 -8.645365e-04 -3.161159e-01 8.564687e-03 8.646367e-04 9.999629e-01 6.805314e+01
9.999607e-01 5.209835e-04 8.850743e-03 -2.086515e+01 -5.290445e-04 9.999994e-01 9.088178e-04 -3.367498e-01 -8.850360e-03 -9.134603e-04 9.999604e-01 6.912006e+01
9.999621e-01 -9.510623e-06 -8.703445e-03 -2.084955e+01 1.940147e-06 9.999996e-01 -8.702100e-04 -3.569105e-01 8.703353e-03 8.701644e-04 9.999617e-01 7.015397e+01
9.999625e-01 5.163510e-04 8.640161e-03 -2.083280e+01 -5.242814e-04 9.999994e-01 9.159824e-04 -3.767794e-01 -8.639780e-03 -9.204738e-04 9.999622e-01 7.116287e+01
9.999635e-01 -7.570395e-06 -8.544415e-03 -2.081799e+01 7.640309e-08 9.999996e-01 -8.774432e-04 -3.966805e-01 8.544322e-03 8.774147e-04 9.999630e-01 7.217962e+01
9.999641e-01 5.324209e-04 8.448904e-03 -2.080603e+01 -5.403130e-04 9.999994e-01 9.322075e-04 -4.173905e-01 -8.448499e-03 -9.367350e-04 9.999638e-01 7.325929e+01
9.999638e-01 1.698952e-05 -8.503619e-03 -2.079132e+01 -2.444809e-05 9.999996e-01 -8.773800e-04 -4.394423e-01 8.503505e-03 8.775604e-04 9.999634e-01 7.442838e+01
9.999634e-01 5.295694e-04 8.537708e-03 -2.077558e+01 -5.375495e-04 9.999994e-01 9.327915e-04 -4.613563e-01 -8.537305e-03 -9.373427e-04 9.999631e-01 7.558633e+01
9.999636e-01 5.159237e-06 -8.526021e-03 -2.076067e+01 -1.268378e-05 9.999996e-01 -8.828576e-04 -4.827874e-01 8.525916e-03 8.829378e-04 9.999632e-01 7.671207e+01
9.999638e-01 5.079904e-04 8.487188e-03 -2.074994e+01 -5.159377e-04 9.999994e-01 9.345979e-04 -5.029673e-01 -8.486804e-03 -9.389389e-04 9.999635e-01 7.775783e+01
9.999634e-01 2.965030e-05 -8.548288e-03 -2.074107e+01 -3.721626e-05 9.999996e-01 -8.852951e-04 -5.238508e-01 8.548162e-03 8.855850e-04 9.999630e-01 7.885651e+01
9.999643e-01 4.976859e-04 8.425320e-03 -2.072980e+01 -5.055995e-04 9.999994e-01 9.375237e-04 -5.444402e-01 -8.424945e-03 -9.417462e-04 9.999640e-01 7.992993e+01
9.999651e-01 7.276956e-06 -8.352704e-03 -2.072042e+01 -1.470077e-05 9.999996e-01 -8.891030e-04 -5.642291e-01 8.352598e-03 8.891988e-04 9.999647e-01 8.095197e+01
9.999636e-01 5.463318e-04 8.506546e-03 -2.071004e+01 -5.544694e-04 9.999994e-01 9.546478e-04 -5.863176e-01 -8.506115e-03 -9.593257e-04 9.999633e-01 8.213560e+01
9.999663e-01 2.492443e-05 -8.208276e-03 -2.069949e+01 -3.226977e-05 9.999996e-01 -8.951134e-04 -6.092140e-01 8.208154e-03 8.953522e-04 9.999658e-01 8.337800e+01
9.999627e-01 5.213175e-04 8.613802e-03 -2.069013e+01 -5.295534e-04 9.999994e-01 9.542245e-04 -6.308990e-01 -8.613396e-03 -9.587465e-04 9.999624e-01 8.453709e+01
9.999651e-01 3.563353e-05 -8.351625e-03 -2.068415e+01 -4.310958e-05 9.999996e-01 -8.953472e-04 -6.527404e-01 8.351494e-03 8.956799e-04 9.999647e-01 8.571487e+01
9.999619e-01 4.880445e-04 8.709682e-03 -2.068104e+01 -4.963484e-04 9.999994e-01 9.516166e-04 -6.731987e-01 -8.709308e-03 -9.558996e-04 9.999616e-01 8.680131e+01
9.999628e-01 2.292001e-05 -8.622024e-03 -2.067260e+01 -3.074753e-05 9.999996e-01 -9.080695e-04 -6.927757e-01 8.621904e-03 9.083048e-04 9.999624e-01 8.781037e+01
9.999569e-01 4.807158e-04 9.264234e-03 -2.065532e+01 -4.894551e-04 9.999994e-01 9.414141e-04 -7.124241e-01 -9.263872e-03 -9.459042e-04 9.999566e-01 8.880674e+01
9.999637e-01 3.375732e-05 -8.510866e-03 -2.063773e+01 -4.151388e-05 9.999996e-01 -9.115461e-04 -7.323989e-01 8.510736e-03 9.118703e-04 9.999633e-01 8.982616e+01
9.999604e-01 5.041742e-04 8.884404e-03 -2.062451e+01 -5.127528e-04 9.999994e-01 9.636556e-04 -7.537416e-01 -8.884009e-03 -9.681692e-04 9.999600e-01 9.095217e+01
9.999649e-01 1.157355e-05 -8.372199e-03 -2.061278e+01 -1.923860e-05 9.999996e-01 -9.158070e-04 -7.743157e-01 8.372089e-03 9.159398e-04 9.999645e-01 9.202853e+01
9.999594e-01 5.020175e-04 8.996971e-03 -2.060214e+01 -5.107123e-04 9.999994e-01 9.644575e-04 -7.946318e-01 -8.996577e-03 -9.690094e-04 9.999590e-01 9.308866e+01
9.999670e-01 4.469267e-06 -8.116730e-03 -2.059237e+01 -1.199374e-05 9.999996e-01 -9.273416e-04 -8.143128e-01 8.116627e-03 9.274122e-04 9.999666e-01 9.410766e+01
9.999617e-01 5.052820e-04 8.729830e-03 -2.058844e+01 -5.138342e-04 9.999994e-01 9.777589e-04 -8.341343e-01 -8.729427e-03 -9.822035e-04 9.999614e-01 9.514826e+01
9.999630e-01 1.721173e-05 -8.593648e-03 -2.059387e+01 -2.510665e-05 9.999996e-01 -9.189195e-04 -8.542629e-01 8.593532e-03 9.191051e-04 9.999626e-01 9.622998e+01
9.999587e-01 5.064510e-04 9.072324e-03 -2.059753e+01 -5.153864e-04 9.999994e-01 9.828992e-04 -8.746672e-01 -9.071917e-03 -9.875307e-04 9.999583e-01 9.732983e+01
9.999627e-01 2.208769e-05 -8.628576e-03 -2.059541e+01 -3.005353e-05 9.999996e-01 -9.233921e-04 -8.954631e-01 8.628456e-03 9.236208e-04 9.999623e-01 9.844426e+01
9.999551e-01 4.689384e-04 9.456283e-03 -2.059122e+01 -4.781014e-04 9.999994e-01 9.670410e-04 -9.144002e-01 -9.455920e-03 -9.715151e-04 9.999548e-01 9.942273e+01
9.999639e-01 7.910119e-06 -8.487106e-03 -2.058751e+01 -1.592503e-05 9.999996e-01 -9.446263e-04 -9.319222e-01 8.486999e-03 9.447311e-04 9.999635e-01 1.003019e+02
9.999544e-01 4.825602e-04 9.532719e-03 -2.057905e+01 -4.918556e-04 9.999994e-01 9.730751e-04 -9.502623e-01 -9.532340e-03 -9.777159e-04 9.999540e-01 1.012281e+02
9.999639e-01 2.768946e-05 -8.495227e-03 -2.057073e+01 -3.574794e-05 9.999995e-01 -9.487641e-04 -9.694278e-01 8.495101e-03 9.490371e-04 9.999634e-01 1.022130e+02
9.999524e-01 4.844328e-04 9.741481e-03 -2.056017e+01 -4.939908e-04 9.999994e-01 9.790659e-04 -9.887681e-01 -9.741096e-03 -9.838280e-04 9.999520e-01 1.032067e+02
9.999628e-01 6.998771e-05 -8.615527e-03 -2.054533e+01 -7.812493e-05 9.999996e-01 -9.444659e-04 -1.010318e+00 8.615361e-03 9.451075e-04 9.999624e-01 1.043472e+02
9.999516e-01 4.367600e-04 9.821694e-03 -2.053436e+01 -4.464103e-04 9.999994e-01 9.806451e-04 -1.029790e+00 -9.821356e-03 -9.849787e-04 9.999512e-01 1.053508e+02
9.999620e-01 1.041677e-04 -8.714730e-03 -2.051950e+01 -1.123132e-04 9.999996e-01 -9.345090e-04 -1.051226e+00 8.714533e-03 9.354558e-04 9.999615e-01 1.064844e+02
9.999521e-01 4.473578e-04 9.775457e-03 -2.050246e+01 -4.569786e-04 9.999994e-01 9.822284e-04 -1.073044e+00 -9.775108e-03 -9.866451e-04 9.999517e-01 1.076394e+02
9.999633e-01 8.175508e-05 -8.566734e-03 -2.048831e+01 -8.986435e-05 9.999995e-01 -9.465273e-04 -1.093729e+00 8.566557e-03 9.472659e-04 9.999628e-01 1.087212e+02
9.999499e-01 4.297249e-04 9.999020e-03 -2.047559e+01 -4.395281e-04 9.999994e-01 9.784969e-04 -1.113380e+00 -9.998689e-03 -9.828393e-04 9.999495e-01 1.097349e+02
9.999659e-01 6.262996e-05 -8.253080e-03 -2.045840e+01 -7.051463e-05 9.999995e-01 -9.553896e-04 -1.132750e+00 8.252921e-03 9.559425e-04 9.999654e-01 1.107181e+02
9.999517e-01 4.506205e-04 9.818948e-03 -2.043938e+01 -4.602670e-04 9.999994e-01 9.804617e-04 -1.152673e+00 -9.818596e-03 -9.849303e-04 9.999512e-01 1.117365e+02
9.999670e-01 5.153280e-05 -8.125474e-03 -2.042370e+01 -5.931815e-05 9.999995e-01 -9.582189e-04 -1.172255e+00 8.125325e-03 9.586727e-04 9.999665e-01 1.127392e+02
9.999487e-01 4.050699e-04 1.011273e-02 -2.040838e+01 -4.150972e-04 9.999994e-01 9.897168e-04 -1.190648e+00 -1.011242e-02 -9.938606e-04 9.999483e-01 1.136575e+02
9.999661e-01 5.122807e-05 -8.234193e-03 -2.039199e+01 -5.917094e-05 9.999995e-01 -9.646869e-04 -1.208995e+00 8.234044e-03 9.651448e-04 9.999656e-01 1.145695e+02
9.999522e-01 4.615330e-04 9.765536e-03 -2.037518e+01 -4.712069e-04 9.999994e-01 9.885862e-04 -1.228610e+00 -9.765170e-03 -9.931372e-04 9.999518e-01 1.155710e+02
9.999734e-01 -4.511057e-05 -7.283032e-03 -2.035772e+01 3.809160e-05 9.999995e-01 -9.642212e-04 -1.246270e+00 7.282977e-03 9.639216e-04 9.999729e-01 1.164330e+02
9.999488e-01 4.538989e-04 1.010317e-02 -2.033716e+01 -4.640559e-04 9.999994e-01 1.003247e-03 -1.264176e+00 -1.010280e-02 -1.007880e-03 9.999484e-01 1.173042e+02
9.999745e-01 -4.964786e-05 -7.131164e-03 -2.031351e+01 4.281818e-05 9.999995e-01 -9.582171e-04 -1.282555e+00 7.131114e-03 9.578907e-04 9.999740e-01 1.181999e+02
9.999441e-01 4.363689e-04 1.056325e-02 -2.028640e+01 -4.469883e-04 9.999994e-01 1.003199e-03 -1.300785e+00 -1.056290e-02 -1.007861e-03 9.999436e-01 1.190779e+02
9.999717e-01 -4.047341e-05 -7.522388e-03 -2.026438e+01 3.319689e-05 9.999995e-01 -9.677600e-04 -1.318697e+00 7.522329e-03 9.674862e-04 9.999712e-01 1.199459e+02
9.998894e-01 1.790399e-04 1.486716e-02 -2.022044e+01 -1.922286e-04 9.999996e-01 8.858423e-04 -1.335159e+00 -1.486709e-02 -8.885991e-04 9.998890e-01 1.206835e+02
9.999729e-01 -2.286258e-05 -7.356894e-03 -2.016598e+01 1.619398e-05 9.999996e-01 -9.068237e-04 -1.352415e+00 7.356818e-03 9.066833e-04 9.999725e-01 1.214506e+02
9.998841e-01 1.347136e-04 1.522283e-02 -2.012102e+01 -1.470049e-04 9.999997e-01 8.064658e-04 -1.369146e+00 -1.522281e-02 -8.086070e-04 9.998837e-01 1.222057e+02
9.999960e-01 -3.594114e-04 2.796402e-03 -2.004004e+01 3.621997e-04 9.999994e-01 -9.958025e-04 -1.384495e+00 -2.796136e-03 9.968147e-04 9.999955e-01 1.228609e+02
9.999925e-01 5.593902e-04 3.823574e-03 -1.997860e+01 -5.630881e-04 9.999994e-01 9.666937e-04 -1.402382e+00 -3.823124e-03 -9.688363e-04 9.999922e-01 1.236493e+02
9.999999e-01 -1.735499e-04 -2.229474e-04 -1.993721e+01 1.733457e-04 9.999996e-01 -9.259760e-04 -1.421143e+00 2.230148e-04 9.259406e-04 9.999995e-01 1.245302e+02
9.999584e-01 2.265833e-04 9.112997e-03 -1.987163e+01 -2.335876e-04 9.999997e-01 7.677900e-04 -1.437926e+00 -9.112913e-03 -7.698836e-04 9.999581e-01 1.252507e+02
9.999999e-01 -1.113485e-04 -3.443613e-04 -1.980119e+01 1.110861e-04 9.999997e-01 -7.683740e-04 -1.454554e+00 3.443542e-04 7.683389e-04 9.999996e-01 1.259463e+02
9.999842e-01 3.653257e-04 5.595923e-03 -1.974146e+01 -3.695042e-04 9.999997e-01 7.460830e-04 -1.471647e+00 -5.595741e-03 -7.481358e-04 9.999840e-01 1.266762e+02
9.999977e-01 -5.586865e-06 -2.137096e-03 -1.969571e+01 4.034641e-06 9.999997e-01 -7.273670e-04 -1.489463e+00 2.137007e-03 7.273600e-04 9.999974e-01 1.274798e+02
9.999834e-01 3.309689e-04 5.755056e-03 -1.965329e+01 -3.352633e-04 9.999997e-01 7.456186e-04 -1.506305e+00 -5.754900e-03 -7.475324e-04 9.999831e-01 1.282219e+02
9.999929e-01 7.837178e-05 -3.756537e-03 -1.962407e+01 -8.104217e-05 9.999997e-01 -7.113013e-04 -1.523910e+00 3.756388e-03 7.116039e-04 9.999926e-01 1.290457e+02
9.999880e-01 4.226431e-04 4.881299e-03 -1.960135e+01 -4.262537e-04 9.999996e-01 7.390916e-04 -1.543284e+00 -4.881077e-03 -7.411603e-04 9.999877e-01 1.300130e+02
9.999939e-01 8.002588e-05 -3.472193e-03 -1.957970e+01 -8.250232e-05 9.999997e-01 -7.137031e-04 -1.562710e+00 3.472043e-03 7.139884e-04 9.999936e-01 1.309899e+02
9.999903e-01 4.267202e-04 4.372956e-03 -1.955822e+01 -4.300029e-04 9.999996e-01 7.502483e-04 -1.582502e+00 -4.372726e-03 -7.521183e-04 9.999901e-01 1.319900e+02
9.999939e-01 5.888417e-05 -3.493415e-03 -1.953718e+01 -6.139349e-05 9.999997e-01 -7.188053e-04 -1.601303e+00 3.493280e-03 7.190186e-04 9.999936e-01 1.329207e+02
9.999909e-01 4.409673e-04 4.238030e-03 -1.951872e+01 -4.441944e-04 9.999996e-01 7.610298e-04 -1.620965e+00 -4.237785e-03 -7.629023e-04 9.999907e-01 1.339170e+02
9.999926e-01 6.451242e-05 -3.839855e-03 -1.949954e+01 -6.725992e-05 9.999997e-01 -7.159420e-04 -1.641014e+00 3.839716e-03 7.161981e-04 9.999923e-01 1.349384e+02
9.999913e-01 4.152650e-04 4.150161e-03 -1.948088e+01 -4.184248e-04 9.999996e-01 7.610140e-04 -1.659960e+00 -4.149936e-03 -7.627408e-04 9.999910e-01 1.358816e+02
9.999916e-01 9.662122e-05 -4.095230e-03 -1.946599e+01 -9.947884e-05 9.999998e-01 -6.980981e-04 -1.680257e+00 4.095069e-03 6.985027e-04 9.999913e-01 1.369255e+02
9.999959e-01 3.841491e-04 2.830909e-03 -1.944597e+01 -3.863262e-04 9.999996e-01 7.692780e-04 -1.698718e+00 -2.830705e-03 -7.703655e-04 9.999956e-01 1.378107e+02
9.999889e-01 8.635427e-05 -4.704492e-03 -1.942515e+01 -8.960888e-05 9.999998e-01 -6.920402e-04 -1.716791e+00 4.704339e-03 6.924571e-04 9.999886e-01 1.386583e+02
9.999949e-01 3.780592e-04 3.152814e-03 -1.940551e+01 -3.804885e-04 9.999996e-01 7.705685e-04 -1.734720e+00 -3.152614e-03 -7.717612e-04 9.999947e-01 1.395006e+02
9.999825e-01 8.192471e-05 -5.911011e-03 -1.938873e+01 -8.588912e-05 9.999998e-01 -6.707762e-04 -1.751627e+00 5.910863e-03 6.712752e-04 9.999822e-01 1.402623e+02
9.999924e-01 3.548178e-04 3.876249e-03 -1.937481e+01 -3.577620e-04 9.999996e-01 7.593980e-04 -1.768365e+00 -3.876070e-03 -7.607760e-04 9.999921e-01 1.410270e+02
9.999861e-01 9.825651e-05 -5.258449e-03 -1.935552e+01 -1.018816e-04 9.999998e-01 -6.894990e-04 -1.785752e+00 5.258288e-03 6.900282e-04 9.999859e-01 1.418339e+02
9.999929e-01 3.725811e-04 3.738240e-03 -1.933578e+01 -3.754598e-04 9.999996e-01 7.699219e-04 -1.804005e+00 -3.738045e-03 -7.713171e-04 9.999926e-01 1.426987e+02
9.999889e-01 7.907783e-05 -4.702721e-03 -1.931454e+01 -8.241933e-05 9.999997e-01 -7.107827e-04 -1.821295e+00 4.702572e-03 7.111654e-04 9.999886e-01 1.434988e+02
9.999939e-01 3.618303e-04 3.457944e-03 -1.928897e+01 -3.644584e-04 9.999996e-01 7.599859e-04 -1.837942e+00 -3.457760e-03 -7.612387e-04 9.999937e-01 1.442419e+02
9.999864e-01 8.045738e-05 -5.216879e-03 -1.926444e+01 -8.413366e-05 9.999997e-01 -7.048563e-04 -1.854703e+00 5.216729e-03 7.052885e-04 9.999861e-01 1.449902e+02
9.999958e-01 3.930008e-04 2.870048e-03 -1.924159e+01 -3.952816e-04 9.999996e-01 7.948313e-04 -1.873248e+00 -2.869827e-03 -7.959596e-04 9.999955e-01 1.458605e+02
9.999907e-01 9.668744e-05 -4.303075e-03 -1.921844e+01 -9.978299e-05 9.999997e-01 -7.196301e-04 -1.892115e+00 4.302911e-03 7.200557e-04 9.999904e-01 1.467641e+02
9.999973e-01 3.891211e-04 2.264074e-03 -1.919575e+01 -3.909468e-04 9.999996e-01 8.068155e-04 -1.911021e+00 -2.263851e-03 -8.076957e-04 9.999970e-01 1.476644e+02
9.999923e-01 7.455183e-05 -3.913336e-03 -1.917662e+01 -7.743166e-05 9.999997e-01 -7.362556e-04 -1.928822e+00 3.913188e-03 7.365558e-04 9.999920e-01 1.484996e+02
9.999942e-01 4.250623e-04 3.358625e-03 -1.915769e+01 -4.277555e-04 9.999996e-01 8.017665e-04 -1.948007e+00 -3.358376e-03 -8.031958e-04 9.999940e-01 1.494465e+02
9.999907e-01 7.110613e-05 -4.308102e-03 -1.913724e+01 -7.428500e-05 9.999997e-01 -7.381773e-04 -1.967112e+00 4.307956e-03 7.384932e-04 9.999904e-01 1.503793e+02
9.999921e-01 4.589000e-04 3.933531e-03 -1.911850e+01 -4.620574e-04 9.999996e-01 8.022955e-04 -1.988144e+00 -3.933254e-03 -8.041040e-04 9.999919e-01 1.514621e+02
9.999937e-01 1.002443e-04 -3.542014e-03 -1.909784e+01 -1.029088e-04 9.999997e-01 -7.526035e-04 -2.010336e+00 3.541845e-03 7.529660e-04 9.999934e-01 1.526315e+02
9.999927e-01 4.291341e-04 3.783687e-03 -1.907295e+01 -4.321673e-04 9.999996e-01 8.013447e-04 -2.031589e+00 -3.783434e-03 -8.029714e-04 9.999925e-01 1.537239e+02
9.999934e-01 7.621048e-05 -3.631664e-03 -1.905097e+01 -7.894880e-05 9.999997e-01 -7.543917e-04 -2.051570e+00 3.631513e-03 7.546761e-04 9.999931e-01 1.547302e+02
9.999935e-01 3.972495e-04 3.587537e-03 -1.902980e+01 -4.001059e-04 9.999996e-01 7.960075e-04 -2.069938e+00 -3.587312e-03 -7.974351e-04 9.999932e-01 1.556211e+02
9.999939e-01 8.385476e-05 -3.475404e-03 -1.901074e+01 -8.648865e-05 9.999997e-01 -7.582538e-04 -2.088541e+00 3.475247e-03 7.585525e-04 9.999936e-01 1.565360e+02
9.999932e-01 4.278226e-04 3.663706e-03 -1.898813e+01 -4.307609e-04 9.999996e-01 8.017196e-04 -2.108644e+00 -3.663454e-03 -8.032897e-04 9.999929e-01 1.575507e+02
9.999930e-01 8.214216e-05 -3.731325e-03 -1.895823e+01 -8.500175e-05 9.999997e-01 -7.667111e-04 -2.128732e+00 3.731168e-03 7.670255e-04 9.999927e-01 1.585458e+02
9.999945e-01 4.152855e-04 3.271840e-03 -1.893091e+01 -4.179443e-04 9.999996e-01 8.124963e-04 -2.148242e+00 -3.271594e-03 -8.138567e-04 9.999942e-01 1.594990e+02
9.999937e-01 9.528534e-05 -3.542172e-03 -1.891029e+01 -9.800606e-05 9.999997e-01 -7.684373e-04 -2.168208e+00 3.542005e-03 7.687822e-04 9.999934e-01 1.605051e+02
