9.999990e-01 6.420280e-04 1.224171e-03 6.732767e-02 -6.422951e-04 9.999998e-01 2.177758e-04 -9.292155e-03 -1.224031e-03 -2.185613e-04 9.999991e-01 1.621427e-01
9.999998e-01 5.579469e-04 -3.834953e-04 1.421115e-01 -5.577559e-04 9.999997e-01 4.977587e-04 -2.550481e-02 3.837732e-04 -4.975441e-04 9.999997e-01 6.562194e-01
9.999998e-01 6.755528e-04 2.718500e-05 2.226132e-01 -6.755596e-04 9.999997e-01 2.513909e-04 -4.135635e-02 -2.701495e-05 -2.514085e-04 9.999999e-01 1.158677e+00
9.999984e-01 3.864209e-04 1.732893e-03 3.022801e-01 -3.871117e-04 9.999998e-01 3.983221e-04 -5.691568e-02 -1.732739e-03 -3.989916e-04 9.999983e-01 1.602391e+00
9.999998e-01 5.820571e-04 -1.741090e-04 3.830511e-01 -5.820244e-04 9.999998e-01 1.877679e-04 -7.160214e-02 1.742188e-04 -1.876657e-04 9.999999e-01 2.011576e+00
9.999995e-01 3.387075e-04 9.180609e-04 4.615471e-01 -3.389974e-04 9.999999e-01 3.156268e-04 -8.517105e-02 -9.179533e-04 -3.159370e-04 9.999994e-01 2.388080e+00
9.999986e-01 1.008343e-03 -1.369170e-03 5.406020e-01 -1.007756e-03 9.999994e-01 4.298524e-04 -1.016323e-01 1.369603e-03 -4.284711e-04 9.999989e-01 2.913582e+00
9.999995e-01 5.953792e-04 8.550679e-04 6.235025e-01 -5.958478e-04 9.999997e-01 5.479158e-04 -1.207575e-01 -8.547409e-04 -5.484240e-04 9.999994e-01 3.557921e+00
9.999994e-01 8.492362e-04 -6.641967e-04 7.092652e-01 -8.490095e-04 9.999996e-01 3.415947e-04 -1.390466e-01 6.644871e-04 -3.410295e-04 9.999996e-01 4.149277e+00
9.999975e-01 3.520719e-04 2.191647e-03 7.928410e-01 -3.530256e-04 9.999998e-01 4.348042e-04 -1.559976e-01 -2.191493e-03 -4.355757e-04 9.999974e-01 4.656239e+00
9.999999e-01 3.809631e-04 1.653574e-04 8.734302e-01 -3.809634e-04 9.999999e-01 1.814056e-06 -1.691687e-01 -1.653558e-04 -1.875844e-06 9.999999e-01 4.982298e+00
9.999976e-01 -3.095309e-04 2.186198e-03 9.384925e-01 3.087862e-04 9.999999e-01 3.409530e-04 -1.740395e-01 -2.186302e-03 -3.402759e-04 9.999975e-01 4.917293e+00
9.999990e-01 1.224446e-03 -6.388844e-04 1.020733e+00 -1.224381e-03 9.999992e-01 1.013304e-04 -1.877594e-01 6.390093e-04 -1.005467e-04 9.999997e-01 5.272357e+00
9.999986e-01 -8.709689e-05 1.694719e-03 1.100421e+00 8.604175e-05 9.999998e-01 6.226727e-04 -2.037976e-01 -1.694772e-03 -6.225246e-04 9.999983e-01 5.752932e+00
9.999963e-01 1.532033e-03 -2.257880e-03 1.184213e+00 -1.531428e-03 9.999988e-01 2.696994e-04 -2.212108e-01 2.258292e-03 -2.662392e-04 9.999973e-01 6.322883e+00
9.999935e-01 -3.181221e-04 3.596221e-03 1.268473e+00 3.163170e-04 9.999998e-01 5.025035e-04 -2.382740e-01 -3.596378e-03 -5.013611e-04 9.999933e-01 6.836778e+00
9.999958e-01 9.068027e-04 -2.765753e-03 1.349900e+00 -9.072481e-04 9.999996e-01 -1.597991e-04 -2.489001e-01 2.765608e-03 1.623092e-04 9.999961e-01 7.075135e+00
9.999903e-01 -8.080399e-04 4.331225e-03 1.398985e+00 8.054102e-04 9.999995e-01 6.088502e-04 -2.515076e-01 -4.331713e-03 -6.053543e-04 9.999903e-01 6.936653e+00
9.999956e-01 8.309120e-04 -2.837505e-03 1.441718e+00 -8.313097e-04 9.999996e-01 -1.389750e-04 -2.533975e-01 2.837391e-03 1.413349e-04 9.999959e-01 6.775577e+00
9.999876e-01 -6.081384e-04 4.947440e-03 1.504374e+00 6.058651e-04 9.999997e-01 4.609832e-04 -2.580512e-01 -4.947717e-03 -4.579783e-04 9.999876e-01 6.703199e+00
9.999897e-01 1.823562e-03 -4.147671e-03 1.588782e+00 -1.822937e-03 9.999983e-01 1.544611e-04 -2.742550e-01 4.147948e-03 -1.468969e-04 9.999913e-01 7.181328e+00
9.999843e-01 -8.013993e-04 5.543552e-03 1.673672e+00 7.987663e-04 9.999996e-01 4.771697e-04 -2.897458e-01 -5.543930e-03 -4.727324e-04 9.999844e-01 7.623822e+00
9.999851e-01 1.604871e-03 -5.216135e-03 1.754680e+00 -1.605111e-03 9.999987e-01 -4.178343e-05 -3.022492e-01 5.216064e-03 5.015714e-05 9.999863e-01 7.959639e+00
9.999935e-01 -9.737006e-04 3.468491e-03 1.831868e+00 9.723323e-04 9.999994e-01 3.961398e-04 -3.105033e-01 -3.468873e-03 -3.927628e-04 9.999938e-01 8.142406e+00
9.999819e-01 1.827202e-03 -5.733676e-03 1.908982e+00 -1.827220e-03 9.999983e-01 2.216088e-06 -3.204193e-01 5.733672e-03 8.262569e-06 9.999835e-01 8.414322e+00
9.999890e-01 -4.899976e-04 4.674879e-03 1.988705e+00 4.866694e-04 9.999996e-01 7.130391e-04 -3.362328e-01 -4.675224e-03 -7.107541e-04 9.999887e-01 8.919156e+00
9.999753e-01 2.369772e-03 -6.613505e-03 2.078232e+00 -2.367231e-03 9.999971e-01 3.920136e-04 -3.572464e-01 6.614417e-03 -3.763461e-04 9.999780e-01 9.667463e+00
9.999858e-01 -5.273129e-04 5.298625e-03 2.169262e+00 5.237134e-04 9.999996e-01 6.806846e-04 -3.779511e-01 -5.298980e-03 -6.778977e-04 9.999856e-01 1.038677e+01
9.999871e-01 2.255956e-03 -4.561576e-03 2.259265e+00 -2.254550e-03 9.999974e-01 3.133625e-04 -3.991747e-01 4.562272e-03 -3.030718e-04 9.999894e-01 1.108399e+01
9.999920e-01 -4.822159e-04 3.979044e-03 2.352995e+00 4.792521e-04 9.999996e-01 7.457659e-04 -4.201466e-01 -3.979400e-03 -7.438505e-04 9.999917e-01 1.179775e+01
9.999898e-01 2.175975e-03 -3.970449e-03 2.445287e+00 -2.175098e-03 9.999976e-01 2.252240e-04 -4.404288e-01 3.970931e-03 -2.165830e-04 9.999920e-01 1.247010e+01
9.999803e-01 -7.327509e-04 6.227548e-03 2.534209e+00 7.285949e-04 9.999995e-01 6.696003e-04 -4.603070e-01 -6.228034e-03 -6.650472e-04 9.999803e-01 1.308160e+01
9.999867e-01 2.323622e-03 -4.612504e-03 2.620632e+00 -2.322191e-03 9.999973e-01 3.156742e-04 -4.808422e-01 4.613227e-03 -3.049562e-04 9.999892e-01 1.373796e+01
9.999907e-01 -7.432936e-04 4.252363e-03 2.705479e+00 7.404694e-04 9.999995e-01 6.656770e-04 -5.000447e-01 -4.252854e-03 -6.625193e-04 9.999906e-01 1.438136e+01
9.999828e-01 2.545559e-03 -5.282118e-03 2.793576e+00 -2.543410e-03 9.999967e-01 4.135443e-04 -5.207663e-01 5.283155e-03 -4.000997e-04 9.999859e-01 1.510026e+01
9.999855e-01 -5.569726e-04 5.352245e-03 2.886693e+00 5.528081e-04 9.999995e-01 7.795336e-04 -5.439419e-01 -5.352675e-03 -7.765605e-04 9.999853e-01 1.589471e+01
9.999952e-01 2.534213e-03 -1.784400e-03 2.993965e+00 -2.533463e-03 9.999967e-01 4.227276e-04 -5.702282e-01 1.785468e-03 -4.182017e-04 9.999982e-01 1.673249e+01
9.999842e-01 -7.942990e-04 5.556427e-03 3.092813e+00 7.905900e-04 9.999995e-01 6.696847e-04 -5.943058e-01 -5.556953e-03 -6.652781e-04 9.999842e-01 1.748174e+01
9.999947e-01 2.035433e-03 -2.543432e-03 3.184511e+00 -2.035223e-03 9.999979e-01 8.507500e-05 -6.130972e-01 2.543603e-03 -7.989475e-05 9.999967e-01 1.802578e+01
9.999897e-01 -9.006067e-04 4.446690e-03 3.265675e+00 8.978695e-04 9.999994e-01 6.175096e-04 -6.296875e-01 -4.447241e-03 -6.135073e-04 9.999898e-01 1.850887e+01
9.999888e-01 2.133543e-03 -4.216815e-03 3.345123e+00 -2.132894e-03 9.999977e-01 1.584482e-04 -6.458118e-01 4.217146e-03 -1.494489e-04 9.999910e-01 1.901223e+01
9.999821e-01 -1.681046e-03 5.736769e-03 3.429558e+00 1.680336e-03 9.999986e-01 1.284628e-04 -6.556665e-01 -5.736974e-03 -1.188173e-04 9.999834e-01 1.919226e+01
9.999913e-01 1.899955e-03 -3.711762e-03 3.492238e+00 -1.899244e-03 9.999982e-01 1.950039e-04 -6.603958e-01 3.712129e-03 -1.879491e-04 9.999930e-01 1.912561e+01
9.999809e-01 -2.109840e-03 5.808998e-03 3.482604e+00 2.107087e-03 9.999977e-01 4.799707e-04 -6.564117e-01 -5.809994e-03 -4.677178e-04 9.999829e-01 1.868638e+01
9.999920e-01 2.248722e-03 -3.317018e-03 3.522947e+00 -2.248929e-03 9.999975e-01 -5.864918e-05 -6.581770e-01 3.316881e-03 6.611211e-05 9.999944e-01 1.847318e+01
9.999826e-01 -2.077380e-03 5.527604e-03 3.596119e+00 2.075409e-03 9.999978e-01 3.622292e-04 -6.641595e-01 -5.528340e-03 -3.507472e-04 9.999846e-01 1.845709e+01
9.999785e-01 3.098597e-03 -5.774781e-03 3.675921e+00 -3.098005e-03 9.999952e-01 1.115485e-04 -6.775260e-01 5.775102e-03 -9.365207e-05 9.999832e-01 1.883329e+01
9.999849e-01 -1.428056e-03 5.303775e-03 3.760126e+00 1.423141e-03 9.999986e-01 9.304261e-04 -6.976899e-01 -5.305092e-03 -9.228602e-04 9.999854e-01 1.951813e+01
9.999814e-01 2.864616e-03 -5.391939e-03 3.842606e+00 -2.864809e-03 9.999959e-01 -2.793420e-05 -7.158227e-01 5.391841e-03 4.338451e-05 9.999854e-01 2.011082e+01
9.997777e-01 -6.247616e-04 -2.107440e-02 3.882900e+00 6.678965e-04 9.999977e-01 2.039814e-03 -7.255609e-01 2.107307e-02 -2.053432e-03 9.997757e-01 2.075092e+01
9.997410e-01 3.605267e-03 -2.247047e-02 3.888379e+00 -3.585579e-03 9.999932e-01 9.164172e-04 -7.320804e-01 2.247362e-02 -8.356058e-04 9.997470e-01 2.151147e+01
9.983763e-01 8.482034e-04 -5.695623e-02 3.843325e+00 -6.338764e-04 9.999927e-01 3.780971e-03 -7.353344e-01 5.695900e-02 -3.738724e-03 9.983694e-01 2.267367e+01
9.994013e-01 4.172838e-03 -3.434662e-02 3.780377e+00 -4.114297e-03 9.999900e-01 1.774911e-03 -7.374777e-01 3.435366e-02 -1.632531e-03 9.994083e-01 2.396303e+01
9.983603e-01 7.470059e-04 -5.723767e-02 3.713836e+00 -5.433793e-04 9.999935e-01 3.573032e-03 -7.393328e-01 5.723994e-02 -3.536066e-03 9.983541e-01 2.525026e+01
9.987457e-01 5.010523e-03 -4.981964e-02 3.624050e+00 -4.872806e-03 9.999840e-01 2.885359e-03 -7.400906e-01 4.983326e-02 -2.638972e-03 9.987540e-01 2.671229e+01
9.975079e-01 1.400154e-03 -7.054126e-02 3.516776e+00 -1.117423e-03 9.999912e-01 4.047302e-03 -7.401458e-01 7.054625e-02 -3.958384e-03 9.975006e-01 2.834202e+01
9.987844e-01 4.911609e-03 -4.904688e-02 3.408492e+00 -4.763933e-03 9.999838e-01 3.127307e-03 -7.400193e-01 4.906138e-02 -2.889842e-03 9.987915e-01 2.995812e+01
9.973963e-01 1.488485e-03 -7.209923e-02 3.298477e+00 -1.213703e-03 9.999918e-01 3.854793e-03 -7.399091e-01 7.210431e-02 -3.757242e-03 9.973899e-01 3.159952e+01
9.989279e-01 4.786174e-03 -4.604463e-02 3.193135e+00 -4.642230e-03 9.999840e-01 3.232520e-03 -7.401142e-01 4.605929e-02 -3.015298e-03 9.989341e-01 3.320548e+01
9.975185e-01 1.397446e-03 -7.039091e-02 3.090559e+00 -1.155256e-03 9.999933e-01 3.481172e-03 -7.402505e-01 7.039522e-02 -3.391206e-03 9.975133e-01 3.478367e+01
9.988971e-01 4.725107e-03 -4.671312e-02 2.987024e+00 -4.564866e-03 9.999833e-01 3.536312e-03 -7.401113e-01 4.672896e-02 -3.319165e-03 9.989020e-01 3.635738e+01
9.982548e-01 7.821797e-04 -5.904736e-02 2.899967e+00 -6.298756e-04 9.999964e-01 2.597842e-03 -7.404953e-01 5.904909e-02 -2.556108e-03 9.982517e-01 3.779452e+01
9.993386e-01 4.122797e-03 -3.612957e-02 2.828386e+00 -4.011589e-03 9.999870e-01 3.149837e-03 -7.413523e-01 3.614198e-02 -3.002809e-03 9.993421e-01 3.908773e+01
9.993421e-01 -2.630562e-04 -3.626470e-02 2.787160e+00 3.044972e-04 9.999993e-01 1.137061e-03 -7.441694e-01 3.626428e-02 -1.147348e-03 9.993415e-01 4.014509e+01
9.998093e-01 3.510675e-03 -1.921042e-02 2.768931e+00 -3.464903e-03 9.999911e-01 2.415124e-03 -7.488270e-01 1.921863e-02 -2.348095e-03 9.998125e-01 4.102476e+01
9.998097e-01 -8.529074e-04 -1.948885e-02 2.776029e+00 8.542828e-04 9.999996e-01 6.192363e-05 -7.556921e-01 1.948869e-02 -7.855386e-05 9.998100e-01 4.178225e+01
9.999906e-01 2.863404e-03 -3.227825e-03 2.808636e+00 -2.858076e-03 9.999946e-01 1.652113e-03 -7.645397e-01 3.232438e-03 -1.642866e-03 9.999934e-01 4.237256e+01
9.998796e-01 -9.580633e-04 -1.548279e-02 2.848658e+00 9.543693e-04 9.999995e-01 -2.463916e-04 -7.738731e-01 1.548292e-02 2.315925e-04 9.998801e-01 4.292641e+01
9.999944e-01 2.655619e-03 1.996084e-03 2.897651e+00 -2.658559e-03 9.999954e-01 1.474527e-03 -7.847571e-01 -1.992259e-03 -1.479819e-03 9.999969e-01 4.346270e+01
9.999682e-01 -1.242198e-03 -7.874368e-03 2.965723e+00 1.236811e-03 9.999990e-01 -6.897667e-04 -7.972776e-01 7.875117e-03 6.800123e-04 9.999687e-01 4.394951e+01
9.999581e-01 2.566134e-03 8.777815e-03 3.050269e+00 -2.579308e-03 9.999956e-01 1.490588e-03 -8.147653e-01 -8.774051e-03 -1.513160e-03 9.999603e-01 4.449059e+01
9.999770e-01 -2.816580e-03 -6.154415e-03 3.066432e+00 2.810802e-03 9.999956e-01 -9.483604e-04 -8.135765e-01 6.156959e-03 9.310466e-04 9.999806e-01 4.415178e+01
9.999623e-01 2.064605e-03 8.425532e-03 2.735932e+00 -2.086656e-03 9.999944e-01 2.609968e-03 -7.834770e-01 -8.420196e-03 -2.627445e-03 9.999610e-01 4.265814e+01
9.999750e-01 -2.602057e-03 -6.560577e-03 2.506862e+00 2.593481e-03 9.999958e-01 -1.316451e-03 -7.619341e-01 6.563875e-03 1.299410e-03 9.999776e-01 4.152231e+01
9.999640e-01 2.177130e-03 8.192835e-03 2.324739e+00 -2.197945e-03 9.999944e-01 2.533339e-03 -7.444372e-01 -8.187373e-03 -2.551249e-03 9.999632e-01 4.056042e+01
9.999765e-01 -2.765556e-03 -6.272334e-03 2.064253e+00 2.758868e-03 9.999956e-01 -1.075807e-03 -7.202563e-01 6.275182e-03 1.058484e-03 9.999797e-01 3.931607e+01
9.999604e-01 1.956292e-03 8.673266e-03 1.708194e+00 -1.980696e-03 9.999941e-01 2.806793e-03 -6.880609e-01 -8.667823e-03 -2.823854e-03 9.999584e-01 3.772996e+01
9.999776e-01 -2.898468e-03 -6.027856e-03 1.293714e+00 2.893298e-03 9.999954e-01 -8.674102e-04 -6.505549e-01 6.030243e-03 8.499579e-04 9.999814e-01 3.591322e+01
9.999590e-01 1.869294e-03 8.855005e-03 8.449814e-01 -1.894825e-03 9.999941e-01 2.876586e-03 -6.101383e-01 -8.849674e-03 -2.893240e-03 9.999566e-01 3.397074e+01
9.999782e-01 -2.956135e-03 -5.897691e-03 3.632616e-01 2.951637e-03 9.999953e-01 -7.724693e-04 -5.671394e-01 5.899847e-03 7.550525e-04 9.999823e-01 3.192203e+01
9.999614e-01 2.002509e-03 8.551504e-03 -5.373276e-02 -2.025107e-03 9.999945e-01 2.635648e-03 -5.295785e-01 -8.546279e-03 -2.652856e-03 9.999599e-01 3.010556e+01
9.999776e-01 -2.876109e-03 -6.030046e-03 -4.341947e-01 2.871312e-03 9.999956e-01 -8.053462e-04 -4.947215e-01 6.032236e-03 7.880222e-04 9.999814e-01 2.839907e+01
9.999628e-01 2.060427e-03 8.374947e-03 -7.830007e-01 -2.081343e-03 9.999947e-01 2.490352e-03 -4.625776e-01 -8.369872e-03 -2.507683e-03 9.999618e-01 2.680806e+01
9.999779e-01 -2.898707e-03 -5.971403e-03 -1.141091e+00 2.894549e-03 9.999956e-01 -7.062120e-04 -4.290600e-01 5.973324e-03 6.889204e-04 9.999819e-01 2.515015e+01
9.999601e-01 1.892275e-03 8.721633e-03 -1.559576e+00 -1.915581e-03 9.999946e-01 2.665500e-03 -3.897398e-01 -8.716641e-03 -2.682093e-03 9.999584e-01 2.323334e+01
9.999784e-01 -2.963106e-03 -5.861686e-03 -2.003971e+00 2.959678e-03 9.999954e-01 -5.947202e-04 -3.475425e-01 5.863322e-03 5.773675e-04 9.999826e-01 2.118162e+01
9.999615e-01 1.966697e-03 8.551741e-03 -2.428693e+00 -1.987439e-03 9.999951e-01 2.418657e-03 -3.084857e-01 -8.547042e-03 -2.435551e-03 9.999605e-01 1.928525e+01
9.999755e-01 -2.663794e-03 -6.469925e-03 -2.720909e+00 2.658552e-03 9.999961e-01 -8.199569e-04 -2.802224e-01 6.471985e-03 8.027452e-04 9.999787e-01 1.785083e+01
9.999607e-01 1.910527e-03 8.653159e-03 -3.034143e+00 -1.931444e-03 9.999952e-01 2.410505e-03 -2.502043e-01 -8.648612e-03 -2.427114e-03 9.999596e-01 1.634118e+01
9.999747e-01 -2.587055e-03 -6.613167e-03 -3.319001e+00 2.581339e-03 9.999963e-01 -8.740618e-04 -2.227650e-01 6.615304e-03 8.569782e-04 9.999777e-01 1.494454e+01
9.999577e-01 1.736837e-03 9.029651e-03 -3.670004e+00 -1.760954e-03 9.999949e-01 2.664488e-03 -1.888404e-01 -9.025076e-03 -2.680267e-03 9.999556e-01 1.326040e+01
9.999763e-01 -2.890672e-03 -6.238479e-03 -4.110845e+00 2.889285e-03 9.999958e-01 -2.326766e-04 -1.414478e-01 6.239026e-03 2.146560e-04 9.999805e-01 1.095804e+01
9.999556e-01 1.747166e-03 9.254290e-03 -4.552871e+00 -1.768244e-03 9.999959e-01 2.270903e-03 -9.529973e-02 -9.250383e-03 -2.287156e-03 9.999545e-01 8.708070e+00
9.999730e-01 -2.545720e-03 -6.883130e-03 -4.898627e+00 2.542057e-03 9.999966e-01 -5.421389e-04 -6.284312e-02 6.884388e-03 5.246369e-04 9.999761e-01 7.102235e+00
9.999555e-01 1.726954e-03 9.265513e-03 -5.244000e+00 -1.747979e-03 9.999959e-01 2.262512e-03 -3.015044e-02 -9.261667e-03 -2.278597e-03 9.999545e-01 5.482566e+00
9.999734e-01 -2.567644e-03 -6.824391e-03 -5.600338e+00 2.564483e-03 9.999966e-01 -4.733521e-04 3.878550e-03 6.825484e-03 4.558488e-04 9.999765e-01 3.800171e+00
9.999543e-01 1.643502e-03 9.415384e-03 -5.991344e+00 -1.664970e-03 9.999960e-01 2.273710e-03 4.031680e-02 -9.411709e-03 -2.289272e-03 9.999530e-01 2.020154e+00
9.999714e-01 -2.406871e-03 -7.167797e-03 -6.313135e+00 2.402412e-03 9.999969e-01 -6.319799e-04 7.111570e-02 7.169197e-03 6.147524e-04 9.999741e-01 4.776562e-01
9.999583e-01 1.883812e-03 8.936071e-03 -6.530451e+00 -1.900916e-03 9.999964e-01 1.906932e-03 9.248166e-02 -8.932545e-03 -1.923829e-03 9.999582e-01 -6.554670e-01
9.999692e-01 -2.200940e-03 -7.526973e-03 -6.656298e+00 2.194705e-03 9.999972e-01 -8.377500e-04 1.061985e-01 7.528697e-03 8.212155e-04 9.999713e-01 -1.462445e+00
9.999575e-01 1.827050e-03 9.033559e-03 -6.802424e+00 -1.845207e-03 9.999963e-01 2.003062e-03 1.220562e-01 -9.029965e-03 -2.019635e-03 9.999571e-01 -2.365019e+00
9.999716e-01 -2.389145e-03 -7.141103e-03 -7.034286e+00 2.384991e-03 9.999970e-01 -5.915526e-04 1.453146e-01 7.142396e-03 5.745153e-04 9.999743e-01 -3.586077e+00
9.999574e-01 1.816579e-03 9.047672e-03 -7.269573e+00 -1.834211e-03 9.999964e-01 1.941908e-03 1.684486e-01 -9.044212e-03 -1.958410e-03 9.999571e-01 -4.798353e+00
9.999697e-01 -2.223948e-03 -7.447588e-03 -7.437171e+00 2.218229e-03 9.999972e-01 -7.773662e-04 1.857501e-01 7.449198e-03 7.608334e-04 9.999719e-01 -5.760748e+00
9.999605e-01 2.052215e-03 8.639944e-03 -7.480546e+00 -2.065682e-03 9.999967e-01 1.551168e-03 1.927747e-01 -8.636830e-03 -1.568943e-03 9.999614e-01 -6.290988e+00
9.999689e-01 -2.176763e-03 -7.572821e-03 -7.506421e+00 2.170804e-03 9.999973e-01 -7.964020e-04 1.977440e-01 7.574436e-03 7.799494e-04 9.999710e-01 -6.726751e+00
9.999640e-01 2.198933e-03 8.185503e-03 -7.483319e+00 -2.209899e-03 9.999967e-01 1.332160e-03 1.977300e-01 -8.182645e-03 -1.350191e-03 9.999656e-01 -6.936095e+00
9.999660e-01 -2.001590e-03 -7.999047e-03 -7.429478e+00 1.994366e-03 9.999976e-01 -9.122832e-04 1.936672e-01 8.000755e-03 8.963105e-04 9.999675e-01 -6.958978e+00
9.999771e-01 2.679361e-03 6.214473e-03 -7.359580e+00 -2.687469e-03 9.999955e-01 1.298479e-03 1.846268e-01 -6.211065e-03 -1.315139e-03 9.999798e-01 -6.716328e+00
9.999736e-01 -2.103083e-03 -6.954576e-03 -7.288828e+00 2.096682e-03 9.999974e-01 -9.289439e-04 1.756811e-01 6.956413e-03 9.143491e-04 9.999753e-01 -6.499460e+00
9.999724e-01 2.316877e-03 7.052491e-03 -7.235003e+00 -2.326398e-03 9.999964e-01 1.343507e-03 1.714878e-01 -7.049452e-03 -1.359866e-03 9.999742e-01 -6.515027e+00
9.999778e-01 -2.292627e-03 -6.251549e-03 -7.197104e+00 2.287467e-03 9.999970e-01 -8.341488e-04 1.702058e-01 6.253344e-03 8.198414e-04 9.999801e-01 -6.674533e+00
9.999711e-01 2.264156e-03 7.256992e-03 -7.185443e+00 -2.274672e-03 9.999964e-01 1.442560e-03 1.714004e-01 -7.253798e-03 -1.459015e-03 9.999726e-01 -6.943366e+00
9.999754e-01 -2.191207e-03 -6.660583e-03 -7.146836e+00 2.184930e-03 9.999972e-01 -9.509873e-04 1.694584e-01 6.662549e-03 9.364224e-04 9.999773e-01 -7.067020e+00
9.999768e-01 2.566712e-03 6.302628e-03 -7.085436e+00 -2.575122e-03 9.999958e-01 1.328244e-03 1.629220e-01 -6.299291e-03 -1.344432e-03 9.999792e-01 -6.956825e+00
9.999823e-01 -2.591651e-03 -5.349731e-03 -7.074235e+00 2.587891e-03 9.999964e-01 -7.115913e-04 1.642234e-01 5.351457e-03 6.977456e-04 9.999854e-01 -7.228739e+00
9.999773e-01 2.624967e-03 6.191710e-03 -7.044399e+00 -2.632758e-03 9.999957e-01 1.252143e-03 1.636681e-01 -6.188496e-03 -1.268405e-03 9.999800e-01 -7.419584e+00
9.999793e-01 -2.471400e-03 -5.939969e-03 -6.997443e+00 2.466642e-03 9.999966e-01 -8.100149e-04 1.603562e-01 5.941852e-03 7.953578e-04 9.999820e-01 -7.476930e+00
9.999805e-01 2.813241e-03 5.572533e-03 -6.939627e+00 -2.819892e-03 9.999953e-01 1.187870e-03 1.547679e-01 -5.569264e-03 -1.203550e-03 9.999837e-01 -7.418915e+00
9.999804e-01 -2.440100e-03 -5.755646e-03 -6.873916e+00 2.435322e-03 9.999967e-01 -8.388928e-04 1.481522e-01 5.757575e-03 8.248710e-04 9.999830e-01 -7.319531e+00
9.999740e-01 2.370771e-03 6.805363e-03 -6.872167e+00 -2.380947e-03 9.999961e-01 1.489068e-03 1.502682e-01 -6.801905e-03 -1.505222e-03 9.999757e-01 -7.634627e+00
9.999819e-01 -2.654132e-03 -5.382808e-03 -6.971739e+00 2.651576e-03 9.999964e-01 -4.837213e-04 1.617211e-01 5.383974e-03 4.694512e-04 9.999853e-01 -8.352723e+00
9.999738e-01 2.337182e-03 6.838938e-03 -7.100116e+00 -2.347592e-03 9.999961e-01 1.516060e-03 1.751945e-01 -6.835467e-03 -1.532065e-03 9.999754e-01 -9.148296e+00
9.999809e-01 -2.502447e-03 -5.650678e-03 -7.154144e+00 2.498660e-03 9.999966e-01 -6.790024e-04 1.823017e-01 5.652259e-03 6.648821e-04 9.999837e-01 -9.672449e+00
9.999745e-01 2.358627e-03 6.736650e-03 -7.203261e+00 -2.368735e-03 9.999961e-01 1.494410e-03 1.886562e-01 -6.733198e-03 -1.510318e-03 9.999761e-01 -1.015821e+01
9.999803e-01 -2.428898e-03 -5.786624e-03 -7.215562e+00 2.424249e-03 9.999967e-01 -8.121443e-04 1.917763e-01 5.788479e-03 7.981119e-04 9.999829e-01 -1.050399e+01
9.999786e-01 2.595738e-03 5.997134e-03 -7.167363e+00 -2.603213e-03 9.999958e-01 1.240747e-03 1.881410e-01 -5.993988e-03 -1.256321e-03 9.999812e-01 -1.054606e+01
9.999837e-01 -2.646205e-03 -5.044915e-03 -7.162201e+00 2.643183e-03 9.999963e-01 -6.076383e-04 1.896916e-01 5.046405e-03 5.943057e-04 9.999870e-01 -1.082880e+01
9.999764e-01 2.564781e-03 6.373131e-03 -7.171546e+00 -2.572864e-03 9.999959e-01 1.261991e-03 1.920594e-01 -6.369966e-03 -1.278346e-03 9.999788e-01 -1.115732e+01
9.999844e-01 -2.708022e-03 -4.881887e-03 -7.198894e+00 2.705443e-03 9.999962e-01 -5.369912e-04 1.966194e-01 4.883224e-03 5.237871e-04 9.999879e-01 -1.159120e+01
9.999744e-01 2.556956e-03 6.671958e-03 -7.212996e+00 -2.565058e-03 9.999960e-01 1.207685e-03 2.007481e-01 -6.668942e-03 -1.224756e-03 9.999770e-01 -1.202226e+01
9.999876e-01 -2.011153e-03 -4.551835e-03 -7.127176e+00 2.006485e-03 9.999975e-01 -1.032151e-03 1.914099e-01 4.553800e-03 1.023017e-03 9.999891e-01 -1.189822e+01
9.999689e-01 2.687486e-03 7.408279e-03 -7.046688e+00 -2.698382e-03 9.999953e-01 1.462627e-03 1.782210e-01 -7.404412e-03 -1.482560e-03 9.999714e-01 -1.158216e+01
9.999853e-01 -2.290292e-03 -4.909910e-03 -6.964272e+00 2.284488e-03 9.999967e-01 -1.189479e-03 1.679601e-01 4.912520e-03 1.178257e-03 9.999872e-01 -1.140111e+01
9.999708e-01 2.324216e-03 7.270839e-03 -6.911670e+00 -2.335731e-03 9.999960e-01 1.577080e-03 1.644821e-01 -7.267243e-03 -1.594005e-03 9.999723e-01 -1.152107e+01
9.999872e-01 -2.426521e-03 -4.428791e-03 -6.905684e+00 2.421994e-03 9.999965e-01 -1.029658e-03 1.651684e-01 4.431176e-03 1.018931e-03 9.999896e-01 -1.182568e+01
9.999701e-01 2.565739e-03 7.295318e-03 -6.849583e+00 -2.575888e-03 9.999957e-01 1.383475e-03 1.607764e-01 -7.291836e-03 -1.402214e-03 9.999724e-01 -1.192873e+01
9.999816e-01 -2.728385e-03 -5.419384e-03 -6.846035e+00 2.724266e-03 9.999960e-01 -7.693190e-04 1.632855e-01 5.421363e-03 7.545532e-04 9.999850e-01 -1.229796e+01
9.999712e-01 2.629644e-03 7.118111e-03 -6.846174e+00 -2.639581e-03 9.999956e-01 1.388411e-03 1.662847e-01 -7.114527e-03 -1.407147e-03 9.999736e-01 -1.267376e+01
9.999813e-01 -2.664321e-03 -5.490616e-03 -6.816883e+00 2.659518e-03 9.999961e-01 -8.837847e-04 1.658703e-01 5.492851e-03 8.691782e-04 9.999845e-01 -1.290137e+01
9.999694e-01 3.159586e-03 7.147460e-03 -6.740549e+00 -3.167531e-03 9.999944e-01 1.102056e-03 1.572195e-01 -7.144036e-03 -1.124650e-03 9.999738e-01 -1.277599e+01
9.999824e-01 -2.914884e-03 -5.154614e-03 -6.666704e+00 2.910454e-03 9.999954e-01 -8.686730e-04 1.494426e-01 5.157024e-03 8.536679e-04 9.999863e-01 -1.269035e+01
9.999756e-01 2.733567e-03 6.422577e-03 -6.725322e+00 -2.744486e-03 9.999948e-01 1.693508e-03 1.563596e-01 -6.418013e-03 -1.711081e-03 9.999779e-01 -1.320506e+01
9.999829e-01 -3.089579e-03 -4.961667e-03 -6.889507e+00 3.086855e-03 9.999951e-01 -5.586781e-04 1.717277e-01 4.963270e-03 5.433652e-04 9.999875e-01 -1.406598e+01
9.999752e-01 2.668625e-03 6.508928e-03 -7.086437e+00 -2.680064e-03 9.999949e-01 1.750931e-03 1.891717e-01 -6.504321e-03 -1.768320e-03 9.999772e-01 -1.500531e+01
9.999824e-01 -3.050062e-03 -5.083735e-03 -7.269028e+00 3.047041e-03 9.999952e-01 -6.040437e-04 2.052334e-01 5.085455e-03 5.885555e-04 9.999868e-01 -1.588319e+01
9.999761e-01 2.778424e-03 6.320844e-03 -7.396110e+00 -2.788418e-03 9.999949e-01 1.574646e-03 2.169295e-01 -6.316535e-03 -1.592222e-03 9.999787e-01 -1.658047e+01
9.999818e-01 -2.979315e-03 -5.235639e-03 -7.488218e+00 2.976039e-03 9.999954e-01 -6.355351e-04 2.262187e-01 5.237410e-03 6.199549e-04 9.999860e-01 -1.717796e+01
9.999750e-01 2.666017e-03 6.538234e-03 -7.626836e+00 -2.677247e-03 9.999950e-01 1.711150e-03 2.398008e-01 -6.533737e-03 -1.728599e-03 9.999771e-01 -1.796245e+01
9.999831e-01 -3.149238e-03 -4.883939e-03 -7.849947e+00 3.147261e-03 9.999950e-01 -4.146537e-04 2.599097e-01 4.885122e-03 3.992887e-04 9.999879e-01 -1.901867e+01
9.999752e-01 2.657386e-03 6.520314e-03 -8.079337e+00 -2.668310e-03 9.999950e-01 1.669003e-03 2.800373e-01 -6.515944e-03 -1.686347e-03 9.999773e-01 -2.007076e+01
9.999827e-01 -3.075206e-03 -5.002824e-03 -8.280686e+00 3.072903e-03 9.999952e-01 -4.702495e-04 2.974090e-01 5.004148e-03 4.548814e-04 9.999873e-01 -2.100265e+01
9.999747e-01 2.605425e-03 6.605923e-03 -8.496246e+00 -2.617003e-03 9.999951e-01 1.746266e-03 3.165769e-01 -6.601438e-03 -1.763497e-03 9.999766e-01 -2.201714e+01
9.999829e-01 -3.064487e-03 -4.975873e-03 -8.715301e+00 3.062154e-03 9.999952e-01 -4.787335e-04 3.357788e-01 4.977218e-03 4.635019e-04 9.999874e-01 -2.303018e+01
9.999734e-01 2.480589e-03 6.845711e-03 -8.969406e+00 -2.493801e-03 9.999950e-01 1.923785e-03 3.590811e-01 -6.841003e-03 -1.940792e-03 9.999747e-01 -2.423100e+01
9.999834e-01 -3.131004e-03 -4.837202e-03 -9.263939e+00 3.129050e-03 9.999950e-01 -4.137509e-04 3.855425e-01 4.838376e-03 3.986219e-04 9.999882e-01 -2.556362e+01
9.999743e-01 2.528244e-03 6.706854e-03 -9.538276e+00 -2.540616e-03 9.999951e-01 1.838482e-03 4.099433e-01 -6.702271e-03 -1.855461e-03 9.999758e-01 -2.680403e+01
9.999821e-01 -2.973581e-03 -5.175319e-03 -9.743937e+00 2.970430e-03 9.999954e-01 -6.186281e-04 4.287049e-01 5.177037e-03 6.032581e-04 9.999864e-01 -2.780413e+01
9.999739e-01 2.513059e-03 6.763231e-03 -9.938944e+00 -2.525967e-03 9.999950e-01 1.902353e-03 4.477022e-01 -6.758514e-03 -1.919374e-03 9.999753e-01 -2.882741e+01
9.999828e-01 -3.055253e-03 -4.998621e-03 -1.017433e+01 3.052653e-03 9.999952e-01 -5.301904e-04 4.703281e-01 5.000119e-03 5.149364e-04 9.999873e-01 -3.000761e+01
9.999748e-01 2.573747e-03 6.605646e-03 -1.038507e+01 -2.585463e-03 9.999951e-01 1.767460e-03 4.904033e-01 -6.601162e-03 -1.784481e-03 9.999766e-01 -3.107238e+01
9.999825e-01 -2.982190e-03 -5.093350e-03 -1.056194e+01 2.979498e-03 9.999954e-01 -5.382339e-04 5.079217e-01 5.094834e-03 5.230632e-04 9.999868e-01 -3.203161e+01
9.999724e-01 2.350619e-03 7.039857e-03 -1.083681e+01 -2.365037e-03 9.999951e-01 2.042117e-03 5.336771e-01 -7.035121e-03 -2.058696e-03 9.999731e-01 -3.334339e+01
9.999823e-01 -2.937718e-03 -5.165893e-03 -1.110027e+01 2.934229e-03 9.999955e-01 -6.851812e-04 5.575791e-01 5.167785e-03 6.700258e-04 9.999864e-01 -3.456891e+01
9.999730e-01 2.400097e-03 6.946646e-03 -1.134071e+01 -2.414387e-03 9.999950e-01 2.051233e-03 5.792554e-01 -6.941786e-03 -2.067935e-03 9.999737e-01 -3.569677e+01
9.999822e-01 -2.921621e-03 -5.194708e-03 -1.157738e+01 2.917980e-03 9.999955e-01 -7.106917e-04 6.005642e-01 5.196663e-03 6.955358e-04 9.999862e-01 -3.680838e+01
9.999749e-01 2.628110e-03 6.570259e-03 -1.170767e+01 -2.639526e-03 9.999950e-01 1.731344e-03 6.130994e-01 -6.565774e-03 -1.748629e-03 9.999769e-01 -3.755146e+01
9.999813e-01 -2.779820e-03 -5.441903e-03 -1.176847e+01 2.774997e-03 9.999957e-01 -8.957901e-04 6.201313e-01 5.444272e-03 8.806871e-04 9.999847e-01 -3.806567e+01
9.999746e-01 2.602159e-03 6.631788e-03 -1.183969e+01 -2.613900e-03 9.999950e-01 1.764217e-03 6.276544e-01 -6.627262e-03 -1.781493e-03 9.999764e-01 -3.859866e+01
9.999818e-01 -2.822329e-03 -5.331232e-03 -1.193242e+01 2.817999e-03 9.999957e-01 -8.218178e-04 6.370907e-01 5.333431e-03 8.067946e-04 9.999854e-01 -3.921489e+01
9.999733e-01 2.444832e-03 6.886412e-03 -1.209147e+01 -2.458600e-03 9.999950e-01 1.993439e-03 6.527452e-01 -6.881601e-03 -2.010302e-03 9.999742e-01 -4.009878e+01
9.999823e-01 -2.911058e-03 -5.177047e-03 -1.229374e+01 2.907512e-03 9.999955e-01 -6.948305e-04 6.719646e-01 5.178950e-03 6.797812e-04 9.999863e-01 -4.113306e+01
9.999726e-01 2.340435e-03 7.016147e-03 -1.254976e+01 -2.355098e-03 9.999951e-01 2.084175e-03 6.949259e-01 -7.011332e-03 -2.100627e-03 9.999732e-01 -4.231597e+01
9.999827e-01 -2.946372e-03 -5.088064e-03 -1.281852e+01 2.943222e-03 9.999955e-01 -6.290914e-04 7.194877e-01 5.089797e-03 6.141208e-04 9.999868e-01 -4.357314e+01
9.999734e-01 2.416792e-03 6.872310e-03 -1.305498e+01 -2.430147e-03 9.999952e-01 1.937473e-03 7.409388e-01 -6.867691e-03 -1.954107e-03 9.999744e-01 -4.469427e+01
9.999824e-01 -2.915401e-03 -5.153577e-03 -1.328331e+01 2.912184e-03 9.999956e-01 -6.342668e-04 7.613636e-01 5.155306e-03 6.192633e-04 9.999865e-01 -4.576729e+01
9.999731e-01 2.387817e-03 6.930345e-03 -1.352168e+01 -2.401530e-03 9.999952e-01 1.972976e-03 7.826391e-01 -6.925698e-03 -1.989551e-03 9.999740e-01 -4.687714e+01
9.999835e-01 -3.059583e-03 -4.844275e-03 -1.381950e+01 3.057626e-03 9.999952e-01 -4.140057e-04 8.098099e-01 4.845422e-03 3.992029e-04 9.999881e-01 -4.824833e+01
9.999740e-01 2.490027e-03 6.765186e-03 -1.406994e+01 -2.502363e-03 9.999952e-01 1.817548e-03 8.329660e-01 -6.760725e-03 -1.834414e-03 9.999754e-01 -4.944862e+01
9.999836e-01 -2.919016e-03 -4.919365e-03 -1.423875e+01 2.915597e-03 9.999955e-01 -7.046776e-04 8.497901e-01 4.921303e-03 6.903394e-04 9.999876e-01 -5.039898e+01
9.999745e-01 2.492905e-03 6.689864e-03 -1.440273e+01 -2.505800e-03 9.999950e-01 1.921782e-03 8.669377e-01 -6.685136e-03 -1.938481e-03 9.999757e-01 -5.136540e+01
9.999834e-01 -2.931184e-03 -4.944166e-03 -1.459692e+01 2.927871e-03 9.999955e-01 -6.797783e-04 8.852553e-01 4.946039e-03 6.653077e-04 9.999875e-01 -5.236343e+01
9.999742e-01 2.371284e-03 6.779246e-03 -1.484526e+01 -2.385408e-03 9.999950e-01 2.078080e-03 9.076277e-01 -6.774381e-03 -2.094181e-03 9.999748e-01 -5.352328e+01
9.999843e-01 -3.011710e-03 -4.724325e-03 -1.513111e+01 3.008975e-03 9.999953e-01 -5.887296e-04 9.334418e-01 4.725979e-03 5.745216e-04 9.999886e-01 -5.483373e+01
9.999736e-01 2.321783e-03 6.885015e-03 -1.543754e+01 -2.336694e-03 9.999949e-01 2.160502e-03 9.609712e-01 -6.880061e-03 -2.176517e-03 9.999739e-01 -5.621790e+01
9.999849e-01 -3.121245e-03 -4.508908e-03 -1.580041e+01 3.119391e-03 9.999950e-01 -4.210953e-04 9.930919e-01 4.510104e-03 4.070409e-04 9.999897e-01 -5.779194e+01
9.999739e-01 2.368362e-03 6.824726e-03 -1.613730e+01 -2.382545e-03 9.999950e-01 2.072841e-03 1.023407e+00 -6.819879e-03 -2.089031e-03 9.999745e-01 -5.929271e+01
9.999842e-01 -3.040502e-03 -4.713522e-03 -1.643671e+01 3.038128e-03 9.999953e-01 -5.137650e-04 1.050686e+00 4.714965e-03 4.994539e-04 9.999887e-01 -6.066554e+01
9.999718e-01 2.186181e-03 7.173924e-03 -1.680827e+01 -2.202842e-03 9.999949e-01 2.317250e-03 1.084732e+00 -7.168918e-03 -2.332971e-03 9.999715e-01 -6.233541e+01
9.999838e-01 -2.986903e-03 -4.832935e-03 -1.716436e+01 2.983749e-03 9.999953e-01 -6.625638e-04 1.116869e+00 4.834796e-03 6.481504e-04 9.999880e-01 -6.391647e+01
9.999745e-01 2.391664e-03 6.718253e-03 -1.743066e+01 -2.405704e-03 9.999949e-01 2.084610e-03 1.140815e+00 -6.713330e-03 -2.100702e-03 9.999752e-01 -6.514116e+01
9.999846e-01 -3.065063e-03 -4.613152e-03 -1.772927e+01 3.062731e-03 9.999952e-01 -5.154671e-04 1.167940e+00 4.614613e-03 5.013482e-04 9.999892e-01 -6.650838e+01
9.999746e-01 2.372176e-03 6.717777e-03 -1.804431e+01 -2.385809e-03 9.999951e-01 2.024317e-03 1.195638e+00 -6.713038e-03 -2.040276e-03 9.999753e-01 -6.788935e+01
9.999847e-01 -3.063237e-03 -4.606541e-03 -1.835329e+01 3.061302e-03 9.999952e-01 -4.301561e-04 1.223338e+00 4.607741e-03 4.160656e-04 9.999892e-01 -6.927825e+01
9.999762e-01 2.523532e-03 6.413675e-03 -1.858645e+01 -2.534235e-03 9.999954e-01 1.663419e-03 1.245111e+00 -6.409544e-03 -1.679615e-03 9.999780e-01 -7.042236e+01
9.999838e-01 -2.862442e-03 -4.906072e-03 -1.873174e+01 2.859733e-03 9.999958e-01 -5.620125e-04 1.259140e+00 4.907564e-03 5.479918e-04 9.999877e-01 -7.123527e+01
9.999755e-01 2.422750e-03 6.559392e-03 -1.893109e+01 -2.434276e-03 9.999955e-01 1.751949e-03 1.276909e+00 -6.555214e-03 -1.767855e-03 9.999769e-01 -7.219575e+01
9.999831e-01 -2.751741e-03 -5.105081e-03 -1.908190e+01 2.748474e-03 9.999960e-01 -6.498013e-04 1.291011e+00 5.106753e-03 6.357778e-04 9.999867e-01 -7.300427e+01
9.999752e-01 2.345195e-03 6.629694e-03 -1.926439e+01 -2.357418e-03 9.999955e-01 1.838615e-03 1.307840e+00 -6.625448e-03 -1.854180e-03 9.999763e-01 -7.392600e+01
9.999824e-01 -2.625838e-03 -5.307492e-03 -1.939218e+01 2.621314e-03 9.999962e-01 -8.618338e-04 1.319858e+00 5.309639e-03 8.479248e-04 9.999855e-01 -7.464377e+01
9.999750e-01 2.314795e-03 6.678610e-03 -1.953003e+01 -2.327755e-03 9.999954e-01 1.935589e-03 1.333178e+00 -6.674195e-03 -1.951068e-03 9.999758e-01 -7.542031e+01
9.999836e-01 -2.787370e-03 -5.003992e-03 -1.973998e+01 2.784289e-03 9.999959e-01 -6.254901e-04 1.353043e+00 5.005619e-03 6.115662e-04 9.999872e-01 -7.647680e+01
9.999742e-01 2.224862e-03 6.831739e-03 -1.999000e+01 -2.238430e-03 9.999955e-01 1.981245e-03 1.375855e+00 -6.827397e-03 -1.996468e-03 9.999746e-01 -7.765596e+01
9.999836e-01 -2.796617e-03 -4.994412e-03 -2.024301e+01 2.793933e-03 9.999959e-01 -5.471749e-04 1.399379e+00 4.995826e-03 5.332311e-04 9.999873e-01 -7.887049e+01
9.999728e-01 2.100925e-03 7.066897e-03 -2.054851e+01 -2.115768e-03 9.999956e-01 2.095604e-03 1.427389e+00 -7.062559e-03 -2.110480e-03 9.999728e-01 -8.027714e+01
9.999837e-01 -2.811482e-03 -4.956707e-03 -2.086319e+01 2.808959e-03 9.999959e-01 -5.188463e-04 1.456142e+00 4.958050e-03 5.049341e-04 9.999875e-01 -8.171473e+01
9.999717e-01 2.009240e-03 7.248653e-03 -2.121117e+01 -2.025527e-03 9.999954e-01 2.242344e-03 1.488138e+00 -7.244210e-03 -2.256944e-03 9.999712e-01 -8.329612e+01
9.999841e-01 -2.857932e-03 -4.859541e-03 -2.158370e+01 2.855722e-03 9.999958e-01 -4.648048e-04 1.522125e+00 4.860754e-03 4.509397e-04 9.999880e-01 -8.496139e+01
9.999727e-01 2.106217e-03 7.075860e-03 -2.191082e+01 -2.120696e-03 9.999957e-01 2.041539e-03 1.552081e+00 -7.071624e-03 -2.056470e-03 9.999728e-01 -8.645430e+01
9.999834e-01 -2.755531e-03 -5.049468e-03 -2.219654e+01 2.752930e-03 9.999961e-01 -5.251064e-04 1.578526e+00 5.050800e-03 5.112169e-04 9.999871e-01 -8.779672e+01
9.999724e-01 2.074096e-03 7.124696e-03 -2.249451e+01 -2.088638e-03 9.999957e-01 2.036418e-03 1.605866e+00 -7.120537e-03 -2.051223e-03 9.999725e-01 -8.917643e+01
9.999839e-01 -2.803685e-03 -4.934776e-03 -2.281351e+01 2.801742e-03 9.999960e-01 -4.036729e-04 1.635415e+00 4.935793e-03 3.898608e-04 9.999877e-01 -9.065398e+01
9.999722e-01 2.054717e-03 7.165906e-03 -2.314296e+01 -2.069051e-03 9.999959e-01 1.995541e-03 1.665292e+00 -7.161871e-03 -2.010292e-03 9.999723e-01 -9.214067e+01
9.999831e-01 -2.720948e-03 -5.122432e-03 -2.343656e+01 2.718737e-03 9.999962e-01 -4.415383e-04 1.692280e+00 5.123520e-03 4.276250e-04 9.999867e-01 -9.350452e+01
9.999721e-01 2.076610e-03 7.164806e-03 -2.371925e+01 -2.090487e-03 9.999959e-01 1.932090e-03 1.718278e+00 -7.160859e-03 -1.946994e-03 9.999724e-01 -9.482664e+01
9.999812e-01 -2.463810e-03 -5.604397e-03 -2.388453e+01 2.459214e-03 9.999966e-01 -8.296268e-04 1.734503e+00 5.606328e-03 8.158497e-04 9.999839e-01 -9.573699e+01
9.999744e-01 2.279874e-03 6.776564e-03 -2.395127e+01 -2.291500e-03 9.999959e-01 1.710684e-03 1.742306e+00 -6.772731e-03 -1.726148e-03 9.999755e-01 -9.628681e+01
9.999815e-01 -2.463865e-03 -5.554396e-03 -2.401854e+01 2.459330e-03 9.999966e-01 -8.260528e-04 1.750248e+00 5.556318e-03 8.123984e-04 9.999842e-01 -9.684527e+01
9.999730e-01 2.132883e-03 7.024785e-03 -2.415317e+01 -2.146483e-03 9.999958e-01 1.931245e-03 1.764030e+00 -7.020732e-03 -1.946251e-03 9.999734e-01 -9.765256e+01
9.999832e-01 -2.708516e-03 -5.113833e-03 -2.440567e+01 2.706131e-03 9.999962e-01 -4.762439e-04 1.787892e+00 5.115009e-03 4.624185e-04 9.999867e-01 -9.888536e+01
9.999743e-01 2.284314e-03 6.784800e-03 -2.457571e+01 -2.294874e-03 9.999962e-01 1.551526e-03 1.805437e+00 -6.781324e-03 -1.567035e-03 9.999757e-01 -9.986451e+01
9.999823e-01 -2.594175e-03 -5.349672e-03 -2.468730e+01 2.591594e-03 9.999965e-01 -4.924266e-04 1.817639e+00 5.350836e-03 4.785751e-04 9.999855e-01 -1.006109e+02
9.999724e-01 2.067963e-03 7.128522e-03 -2.491515e+01 -2.081112e-03 9.999961e-01 1.839914e-03 1.839511e+00 -7.124784e-03 -1.854678e-03 9.999728e-01 -1.017590e+02
9.999827e-01 -2.618861e-03 -5.269281e-03 -2.515543e+01 2.616682e-03 9.999965e-01 -4.235897e-04 1.862755e+00 5.270278e-03 4.098161e-04 9.999860e-01 -1.029689e+02
9.999715e-01 1.994053e-03 7.275317e-03 -2.542924e+01 -2.007926e-03 9.999962e-01 1.902305e-03 1.888306e+00 -7.271590e-03 -1.916838e-03 9.999717e-01 -1.042710e+02
9.999825e-01 -2.621843e-03 -5.291829e-03 -2.570860e+01 2.619692e-03 9.999965e-01 -4.164254e-04 1.914042e+00 5.292808e-03 4.025772e-04 9.999858e-01 -1.055787e+02
9.999712e-01 1.957999e-03 7.330721e-03 -2.599723e+01 -1.972367e-03 9.999961e-01 1.955443e-03 1.940969e+00 -7.326958e-03 -1.969824e-03 9.999712e-01 -1.069425e+02
9.999829e-01 -2.660838e-03 -5.194348e-03 -2.630609e+01 2.658942e-03 9.999964e-01 -3.749947e-04 1.969713e+00 5.195233e-03 3.611991e-04 9.999864e-01 -1.083848e+02
9.999724e-01 2.056437e-03 7.133188e-03 -2.657278e+01 -2.069430e-03 9.999962e-01 1.816909e-03 1.994350e+00 -7.129519e-03 -1.831598e-03 9.999728e-01 -1.096468e+02
9.999830e-01 -2.651187e-03 -5.195739e-03 -2.683884e+01 2.649297e-03 9.999964e-01 -3.737611e-04 2.018878e+00 5.196618e-03 3.600122e-04 9.999864e-01 -1.109046e+02
9.999731e-01 2.103972e-03 7.024366e-03 -2.707875e+01 -2.116465e-03 9.999962e-01 1.773931e-03 2.041436e+00 -7.020701e-03 -1.788728e-03 9.999737e-01 -1.120814e+02
9.999842e-01 -2.811346e-03 -4.864763e-03 -2.739886e+01 2.810526e-03 9.999960e-01 -1.788451e-04 2.070210e+00 4.865153e-03 1.651926e-04 9.999881e-01 -1.135170e+02
9.999737e-01 2.148186e-03 6.916767e-03 -2.769852e+01 -2.159918e-03 9.999962e-01 1.691635e-03 2.097075e+00 -6.913201e-03 -1.706508e-03 9.999746e-01 -1.148670e+02
9.999832e-01 -2.647444e-03 -5.145724e-03 -2.791756e+01 2.645346e-03 9.999964e-01 -4.177307e-04 2.117770e+00 5.146717e-03 4.041346e-04 9.999866e-01 -1.159637e+02
9.999740e-01 2.214997e-03 6.855409e-03 -2.809826e+01 -2.226405e-03 9.999961e-01 1.659405e-03 2.135750e+00 -6.851800e-03 -1.674602e-03 9.999751e-01 -1.169529e+02
9.999849e-01 -2.878062e-03 -4.671504e-03 -2.839263e+01 2.877568e-03 9.999959e-01 -1.161233e-04 2.163056e+00 4.671725e-03 1.027023e-04 9.999890e-01 -1.183342e+02
9.999751e-01 2.290260e-03 6.668315e-03 -2.865501e+01 -2.300572e-03 9.999962e-01 1.541729e-03 2.187268e+00 -6.664852e-03 -1.557008e-03 9.999765e-01 -1.195788e+02
9.999836e-01 -2.608040e-03 -5.087112e-03 -2.877627e+01 2.605448e-03 9.999965e-01 -5.195461e-04 2.200769e+00 5.088356e-03 5.063070e-04 9.999869e-01 -1.203868e+02
9.999756e-01 2.295209e-03 6.597172e-03 -2.888994e+01 -2.305597e-03 9.999961e-01 1.570107e-03 2.213450e+00 -6.593636e-03 -1.585256e-03 9.999769e-01 -1.211581e+02
9.999839e-01 -2.672587e-03 -5.003240e-03 -2.905175e+01 2.670615e-03 9.999963e-01 -4.043947e-04 2.229684e+00 5.004209e-03 3.910502e-04 9.999873e-01 -1.220700e+02
9.999755e-01 2.278083e-03 6.611717e-03 -2.922194e+01 -2.288589e-03 9.999961e-01 1.584517e-03 2.246436e+00 -6.608175e-03 -1.599586e-03 9.999768e-01 -1.230017e+02
9.999835e-01 -2.586722e-03 -5.117766e-03 -2.934794e+01 2.583926e-03 9.999965e-01 -5.563103e-04 2.259740e+00 5.119095e-03 5.431012e-04 9.999867e-01 -1.237927e+02
9.999757e-01 2.274096e-03 6.591175e-03 -2.946922e+01 -2.284828e-03 9.999961e-01 1.623795e-03 2.272870e+00 -6.587550e-03 -1.638792e-03 9.999769e-01 -1.245793e+02
9.999846e-01 -2.770959e-03 -4.792778e-03 -2.968605e+01 2.769703e-03 9.999961e-01 -2.723550e-04 2.293907e+00 4.793421e-03 2.591004e-04 9.999884e-01 -1.256970e+02
9.999759e-01 2.263920e-03 6.554698e-03 -2.990915e+01 -2.274131e-03 9.999962e-01 1.553452e-03 2.314841e+00 -6.551249e-03 -1.568297e-03 9.999772e-01 -1.268014e+02
9.999842e-01 -2.733007e-03 -4.897502e-03 -3.011604e+01 2.731666e-03 9.999962e-01 -2.840272e-04 2.334535e+00 4.898167e-03 2.706687e-04 9.999879e-01 -1.278546e+02
9.999759e-01 2.278866e-03 6.549750e-03 -3.031447e+01 -2.288769e-03 9.999962e-01 1.507542e-03 2.353564e+00 -6.546383e-03 -1.522473e-03 9.999773e-01 -1.288809e+02
9.999846e-01 -2.759422e-03 -4.812708e-03 -3.052937e+01 2.758421e-03 9.999962e-01 -2.183605e-04 2.373806e+00 4.813200e-03 2.051063e-04 9.999883e-01 -1.299550e+02
