9.999952e-01 5.058200e-04 -3.068151e-03 2.278343e-01 -5.082809e-04 9.999995e-01 -8.013633e-04 -4.250556e-02 3.067744e-03 8.029193e-04 9.999949e-01 1.387826e+00
9.999998e-01 2.990165e-05 -5.877477e-04 4.848571e-01 -2.990386e-05 1.000000e+00 -3.776891e-06 -8.789696e-02 5.877470e-04 3.794783e-06 9.999997e-01 2.903401e+00
9.999972e-01 5.622773e-04 -2.313272e-03 7.176286e-01 -5.641318e-04 9.999995e-01 -8.011244e-04 -1.323757e-01 2.312819e-03 8.024274e-04 9.999969e-01 4.363613e+00
9.999999e-01 -2.492830e-05 4.077660e-04 9.150338e-01 2.492899e-05 1.000000e+00 -1.633582e-06 -1.745483e-01 -4.077671e-04 1.643903e-06 9.999998e-01 5.690696e+00
9.999955e-01 5.734104e-04 -2.936360e-03 1.128061e+00 -5.758823e-04 9.999995e-01 -8.410403e-04 -2.182770e-01 2.935874e-03 8.427276e-04 9.999952e-01 7.097398e+00
1.000000e+00 4.636464e-05 -3.297676e-06 1.365957e+00 -4.636467e-05 1.000000e+00 -1.463464e-05 -2.639215e-01 3.295344e-06 1.463478e-05 9.999999e-01 8.605583e+00
9.999967e-01 5.311376e-04 -2.522237e-03 1.598823e+00 -5.331335e-04 9.999995e-01 -7.906890e-04 -3.077678e-01 2.521814e-03 7.920309e-04 9.999964e-01 1.003690e+01
9.999998e-01 -3.602732e-05 6.386860e-04 1.809132e+00 3.600633e-05 1.000000e+00 3.291167e-05 -3.489219e-01 -6.386892e-04 -3.288884e-05 9.999997e-01 1.132793e+01
9.999987e-01 6.024877e-04 -1.471330e-03 1.991265e+00 -6.037505e-04 9.999994e-01 -8.580110e-04 -3.894564e-01 1.470810e-03 8.588980e-04 9.999984e-01 1.256922e+01
1.000000e+00 -7.441863e-05 1.327311e-04 2.183368e+00 7.441202e-05 1.000000e+00 4.991648e-05 -4.304558e-01 -1.327371e-04 -4.990694e-05 9.999999e-01 1.383427e+01
9.999978e-01 6.750509e-04 -2.002614e-03 2.390664e+00 -6.767797e-04 9.999994e-01 -8.626920e-04 -4.733131e-01 2.002028e-03 8.640450e-04 9.999975e-01 1.519385e+01
9.999999e-01 -1.224048e-04 -5.101111e-04 2.618279e+00 1.224678e-04 1.000000e+00 1.233275e-04 -5.155944e-01 5.100933e-04 -1.233904e-04 9.999998e-01 1.656157e+01
9.999983e-01 6.828113e-04 -1.698154e-03 2.849175e+00 -6.842510e-04 9.999994e-01 -8.473503e-04 -5.572877e-01 1.697572e-03 8.485103e-04 9.999981e-01 1.790175e+01
9.999997e-01 -1.876523e-04 6.965950e-04 3.051238e+00 1.875252e-04 1.000000e+00 1.824401e-04 -5.954601e-01 -6.966323e-04 -1.823101e-04 9.999996e-01 1.906727e+01
9.999992e-01 6.834060e-04 -1.041195e-03 3.235200e+00 -6.843594e-04 9.999993e-01 -9.155690e-04 -6.331008e-01 1.040566e-03 9.162802e-04 9.999989e-01 2.018689e+01
9.999994e-01 -2.256286e-04 1.069723e-03 3.383619e+00 2.253795e-04 9.999999e-01 2.329571e-04 -6.693533e-01 -1.069778e-03 -2.327167e-04 9.999993e-01 2.122123e+01
9.999991e-01 7.162905e-04 -1.109757e-03 3.524886e+00 -7.172983e-04 9.999993e-01 -9.079781e-04 -7.053458e-01 1.109103e-03 9.087725e-04 9.999989e-01 2.225847e+01
9.999994e-01 -2.312449e-04 1.077277e-03 3.668553e+00 2.309771e-04 9.999999e-01 2.487115e-04 -7.414504e-01 -1.077338e-03 -2.484635e-04 9.999993e-01 2.331295e+01
9.999993e-01 7.912614e-04 -8.690417e-04 3.829835e+00 -7.920335e-04 9.999993e-01 -8.885473e-04 -7.775347e-01 8.683349e-04 8.892340e-04 9.999991e-01 2.437226e+01
9.999995e-01 -1.545664e-04 1.006343e-03 4.014848e+00 1.543900e-04 1.000000e+00 1.753368e-04 -8.169239e-01 -1.006373e-03 -1.751824e-04 9.999994e-01 2.556203e+01
9.999946e-01 1.375070e-03 2.989651e-03 4.203790e+00 -1.372271e-03 9.999986e-01 -9.380640e-04 -8.602044e-01 -2.990939e-03 9.339551e-04 9.999950e-01 2.695974e+01
9.999965e-01 -2.848542e-04 2.632769e-03 4.402448e+00 2.838579e-04 9.999999e-01 3.787840e-04 -8.983895e-01 -2.632879e-03 -3.780365e-04 9.999964e-01 2.825222e+01
9.999925e-01 6.520791e-04 -3.814843e-03 4.580461e+00 -6.560926e-04 9.999992e-01 -1.050926e-03 -9.340898e-01 3.814153e-03 1.053420e-03 9.999921e-01 2.929671e+01
9.999975e-01 -2.648403e-04 2.230651e-03 4.779583e+00 2.639497e-04 9.999999e-01 3.995654e-04 -9.707052e-01 -2.230758e-03 -3.989769e-04 9.999973e-01 3.040288e+01
9.999914e-01 6.564659e-04 -4.106820e-03 4.982670e+00 -6.609038e-04 9.999992e-01 -1.079337e-03 -1.007959e+00 4.106105e-03 1.082041e-03 9.999909e-01 3.154135e+01
9.999943e-01 -2.528790e-04 3.361467e-03 5.157751e+00 2.512694e-04 9.999999e-01 4.792329e-04 -1.042517e+00 -3.361591e-03 -4.783870e-04 9.999941e-01 3.253558e+01
9.999954e-01 7.229267e-04 -2.957036e-03 5.301895e+00 -7.263156e-04 9.999991e-01 -1.145123e-03 -1.076573e+00 2.956203e-03 1.147264e-03 9.999949e-01 3.348604e+01
9.999977e-01 -1.799601e-04 2.128776e-03 5.495232e+00 1.791450e-04 9.999999e-01 3.831033e-04 -1.115715e+00 -2.128848e-03 -3.827227e-04 9.999976e-01 3.468217e+01
9.999935e-01 8.030150e-04 -3.502145e-03 5.718118e+00 -8.072041e-04 9.999990e-01 -1.194903e-03 -1.158680e+00 3.501179e-03 1.197721e-03 9.999931e-01 3.605167e+01
9.999985e-01 -2.398457e-04 1.725604e-03 5.931047e+00 2.391844e-04 9.999999e-01 3.834021e-04 -1.201004e+00 -1.725698e-03 -3.829905e-04 9.999983e-01 3.739478e+01
9.999939e-01 8.112214e-04 -3.386128e-03 6.142610e+00 -8.152426e-04 9.999990e-01 -1.186334e-03 -1.243198e+00 3.385159e-03 1.189086e-03 9.999935e-01 3.872705e+01
9.999970e-01 -2.814901e-04 2.445394e-03 6.326133e+00 2.804508e-04 9.999999e-01 4.253320e-04 -1.282933e+00 -2.445517e-03 -4.246469e-04 9.999968e-01 3.993315e+01
9.999962e-01 8.328188e-04 -2.619598e-03 6.490396e+00 -8.359149e-04 9.999990e-01 -1.181011e-03 -1.321231e+00 2.618608e-03 1.183194e-03 9.999958e-01 4.106552e+01
9.999955e-01 -2.044451e-04 2.991869e-03 6.657282e+00 2.031093e-04 9.999999e-01 4.467727e-04 -1.359902e+00 -2.991963e-03 -4.461651e-04 9.999953e-01 4.221501e+01
9.999943e-01 8.773894e-04 -3.253993e-03 6.850860e+00 -8.810988e-04 9.999990e-01 -1.138691e-03 -1.400391e+00 3.252988e-03 1.141549e-03 9.999940e-01 4.346328e+01
9.999950e-01 -3.907283e-04 3.153570e-03 7.000352e+00 3.894620e-04 9.999998e-01 4.021387e-04 -1.436977e+00 -3.153730e-03 -4.009107e-04 9.999948e-01 4.451916e+01
9.999984e-01 1.470380e-03 -9.817174e-04 7.175390e+00 -1.471647e-03 9.999981e-01 -1.291293e-03 -1.481291e+00 9.798138e-04 1.292733e-03 9.999986e-01 4.593771e+01
9.999900e-01 -1.436445e-05 4.468881e-03 7.414956e+00 1.385061e-05 1.000000e+00 1.150073e-04 -1.532636e+00 -4.468885e-03 -1.149467e-04 9.999899e-01 4.777431e+01
9.999958e-01 9.994401e-04 -2.725292e-03 7.651626e+00 -1.001753e-03 9.999991e-01 -8.473408e-04 -1.575690e+00 2.724440e-03 8.500648e-04 9.999958e-01 4.923625e+01
9.999966e-01 -4.191969e-04 2.562006e-03 7.829774e+00 4.187778e-04 9.999999e-01 1.641328e-04 -1.612696e+00 -2.562077e-03 -1.630619e-04 9.999966e-01 5.033342e+01
9.999927e-01 9.517875e-04 -3.709286e-03 8.035059e+00 -9.548990e-04 9.999992e-01 -8.371638e-04 -1.651585e+00 3.708483e-03 8.406971e-04 9.999927e-01 5.152811e+01
9.999967e-01 -4.917634e-04 2.508175e-03 8.227608e+00 4.911345e-04 9.999998e-01 2.513574e-04 -1.687405e+00 -2.508301e-03 -2.501274e-04 9.999967e-01 5.260095e+01
9.999797e-01 9.565947e-04 -6.306129e-03 8.517521e+00 -9.624007e-04 9.999991e-01 -9.177123e-04 -1.727840e+00 6.305242e-03 9.237599e-04 9.999796e-01 5.397176e+01
9.999993e-01 -5.770886e-04 1.021541e-03 8.886901e+00 5.766866e-04 9.999998e-01 3.937596e-04 -1.769669e+00 -1.021771e-03 -3.931730e-04 9.999993e-01 5.546010e+01
9.999895e-01 9.155318e-04 -4.487299e-03 9.152953e+00 -9.196013e-04 9.999992e-01 -9.049093e-04 -1.806552e+00 4.486463e-03 9.090234e-04 9.999894e-01 5.664953e+01
9.999988e-01 -3.493087e-04 1.524448e-03 9.407756e+00 3.489379e-04 9.999999e-01 2.434772e-04 -1.847365e+00 -1.524537e-03 -2.429479e-04 9.999987e-01 5.799514e+01
9.999897e-01 8.012066e-04 -4.461808e-03 9.665033e+00 -8.047555e-04 9.999994e-01 -7.936646e-04 -1.886360e+00 4.461165e-03 7.972441e-04 9.999896e-01 5.926126e+01
9.999888e-01 -1.969076e-04 4.722574e-03 9.819293e+00 1.975847e-04 1.000000e+00 -1.429132e-04 -1.927657e+00 -4.722551e-03 1.438416e-04 9.999887e-01 6.056437e+01
9.999979e-01 7.881424e-04 -1.878270e-03 9.889284e+00 -7.897586e-04 9.999993e-01 -8.598825e-04 -1.966213e+00 1.877587e-03 8.613609e-04 9.999978e-01 6.177656e+01
9.992938e-01 -1.156400e-03 -3.755676e-02 9.824144e+00 1.147304e-03 9.999993e-01 -2.637622e-04 -1.985891e+00 3.755703e-02 2.204837e-04 9.992944e-01 6.226925e+01
9.991663e-01 5.628542e-05 -4.082549e-02 9.617803e+00 -6.459948e-05 1.000000e+00 -2.023252e-04 -1.993096e+00 4.082546e-02 2.047905e-04 9.991662e-01 6.242481e+01
9.992507e-01 -1.198781e-03 -3.868570e-02 9.420253e+00 1.184972e-03 9.999992e-01 -3.798558e-04 -2.000531e+00 3.868610e-02 3.337263e-04 9.992513e-01 6.260923e+01
9.992934e-01 3.093388e-04 -3.758549e-02 9.326131e+00 -3.134315e-04 9.999999e-01 -1.029836e-04 -2.008469e+00 3.758543e-02 1.146879e-04 9.992933e-01 6.289020e+01
9.991132e-01 -8.028385e-04 -4.209692e-02 9.405112e+00 8.093135e-04 9.999997e-01 1.367831e-04 -2.015554e+00 4.209676e-02 -1.707347e-04 9.991134e-01 6.331973e+01
9.981923e-01 -1.663577e-04 -6.010045e-02 9.417300e+00 1.473266e-04 9.999999e-01 -3.210748e-04 -2.020003e+00 6.010045e-02 3.116367e-04 9.981922e-01 6.368553e+01
9.998734e-01 -4.841808e-04 -1.590268e-02 9.562612e+00 4.933416e-04 9.999997e-01 5.721952e-04 -2.028017e+00 1.590234e-02 -5.799714e-04 9.998733e-01 6.414558e+01
9.992859e-01 1.601114e-04 -3.778387e-02 9.959716e+00 -1.422310e-04 9.999999e-01 4.759398e-04 -2.043818e+00 3.778388e-02 -4.702290e-04 9.992857e-01 6.487684e+01
9.998877e-01 -4.359948e-04 -1.498198e-02 1.035064e+01 4.470050e-04 9.999996e-01 7.316263e-04 -2.058818e+00 1.498160e-02 -7.382440e-04 9.998874e-01 6.559808e+01
9.986682e-01 1.913469e-04 -5.159257e-02 1.088846e+01 -1.612362e-04 9.999998e-01 5.878076e-04 -2.072990e+00 5.159260e-02 -5.787090e-04 9.986680e-01 6.641922e+01
9.987086e-01 -4.801551e-04 -5.080243e-02 1.124930e+01 4.877825e-04 9.999999e-01 1.377638e-04 -2.078826e+00 5.080228e-02 -1.623691e-04 9.987086e-01 6.709256e+01
9.979967e-01 8.188232e-05 -6.326571e-02 1.152291e+01 -6.657791e-05 1.000000e+00 2.440344e-04 -2.083782e+00 6.326564e-02 -2.393360e-04 9.979966e-01 6.771224e+01
9.970433e-01 -1.476090e-03 -7.682765e-02 1.144143e+01 1.416120e-03 9.999986e-01 -8.350404e-04 -2.084035e+00 7.682869e-02 7.237718e-04 9.970440e-01 6.803560e+01
9.974935e-01 -5.204916e-04 -7.075587e-02 1.109547e+01 5.658355e-04 9.999996e-01 6.208297e-04 -2.081863e+00 7.075543e-02 -6.593120e-04 9.974934e-01 6.821358e+01
9.999048e-01 -4.816838e-04 -1.378793e-02 1.086267e+01 4.734347e-04 9.999997e-01 -6.014320e-04 -2.086978e+00 1.378812e-02 5.948450e-04 9.999047e-01 6.840020e+01
9.996133e-01 3.398005e-04 -2.780364e-02 1.074173e+01 -3.388134e-04 9.999999e-01 4.027182e-05 -2.100804e+00 2.780356e-02 -3.083813e-05 9.996133e-01 6.872065e+01
9.999631e-01 -1.081511e-03 -8.517700e-03 1.061332e+01 1.080232e-03 9.999994e-01 -1.545786e-04 -2.115568e+00 8.517763e-03 1.453699e-04 9.999637e-01 6.904329e+01
9.999823e-01 4.265063e-04 -5.929682e-03 1.061588e+01 -4.303739e-04 9.999997e-01 -6.506934e-04 -2.138052e+00 5.929304e-03 6.532318e-04 9.999822e-01 6.953802e+01
9.999829e-01 -9.737961e-04 -5.758736e-03 1.067508e+01 9.747561e-04 9.999995e-01 1.642054e-04 -2.158770e+00 5.758474e-03 -1.698179e-04 9.999833e-01 6.995341e+01
9.999996e-01 4.708071e-04 -7.523751e-04 1.073100e+01 -4.712704e-04 9.999997e-01 -6.134487e-04 -2.178369e+00 7.519869e-04 6.138009e-04 9.999995e-01 7.029835e+01
9.999910e-01 -8.034451e-04 -4.160385e-03 1.082754e+01 8.044266e-04 9.999996e-01 2.346858e-04 -2.200565e+00 4.160095e-03 -2.380324e-04 9.999913e-01 7.077799e+01
9.999868e-01 3.374019e-04 -5.123403e-03 1.094995e+01 -3.392539e-04 9.999999e-01 -3.602679e-04 -2.217129e+00 5.123181e-03 3.619992e-04 9.999868e-01 7.107428e+01
9.999587e-01 -7.739225e-04 -9.054455e-03 1.100342e+01 7.764464e-04 9.999997e-01 2.754387e-04 -2.230668e+00 9.054140e-03 -2.824596e-04 9.999589e-01 7.125314e+01
9.999854e-01 3.849191e-04 -5.379875e-03 1.108893e+01 -3.861711e-04 9.999999e-01 -2.313608e-04 -2.243413e+00 5.379686e-03 2.334331e-04 9.999854e-01 7.142545e+01
9.999993e-01 -6.729169e-04 -9.428915e-04 1.118285e+01 6.731408e-04 9.999997e-01 2.390096e-04 -2.257580e+00 9.426307e-04 -2.396460e-04 9.999995e-01 7.160535e+01
9.998397e-01 1.774686e-04 -1.790062e-02 1.116980e+01 -1.799327e-04 1.000000e+00 -1.359492e-04 -2.268306e+00 1.790050e-02 1.391464e-04 9.998397e-01 7.171987e+01
9.997927e-01 1.719978e-04 2.035851e-02 1.127482e+01 -1.753013e-04 1.000000e+00 1.603990e-04 -2.286697e+00 -2.035858e-02 -1.639365e-04 9.997927e-01 7.211238e+01
9.995869e-01 -4.941399e-04 -2.873459e-02 1.145363e+01 4.973943e-04 9.999999e-01 1.061705e-04 -2.301415e+00 2.873444e-02 -1.204210e-04 9.995870e-01 7.236987e+01
9.999998e-01 -6.453910e-05 -4.673986e-04 1.150544e+01 6.453513e-05 1.000000e+00 -4.816051e-06 -2.311229e+00 4.672989e-04 4.784102e-06 9.999998e-01 7.250919e+01
9.988741e-01 -7.448594e-04 -4.743271e-02 1.163474e+01 7.612428e-04 9.999997e-01 3.273759e-04 -2.318525e+00 4.743235e-02 -3.631168e-04 9.988743e-01 7.269719e+01
9.998699e-01 3.086508e-04 1.612612e-02 1.179988e+01 -3.081555e-04 1.000000e+00 -3.330376e-05 -2.329154e+00 -1.612623e-02 2.832845e-05 9.998699e-01 7.293608e+01
9.987875e-01 -7.611371e-04 -4.922265e-02 1.196645e+01 7.756213e-04 9.999997e-01 2.751918e-04 -2.339581e+00 4.922232e-02 -3.130379e-04 9.987877e-01 7.316384e+01
9.994991e-01 4.153216e-04 3.164119e-02 1.218339e+01 -4.199080e-04 9.999999e-01 1.382508e-04 -2.353206e+00 -3.164123e-02 -1.514695e-04 9.994992e-01 7.343395e+01
9.992894e-01 -8.622713e-04 -3.768168e-02 1.232046e+01 8.585300e-04 9.999996e-01 -1.154240e-04 -2.367087e+00 3.768166e-02 8.298964e-05 9.992897e-01 7.363394e+01
9.992517e-01 8.977647e-04 3.866651e-02 1.247897e+01 -9.101041e-04 9.999995e-01 3.014803e-04 -2.382834e+00 -3.866632e-02 -3.364468e-04 9.992521e-01 7.393964e+01
9.994935e-01 -3.172492e-04 -3.181998e-02 1.257080e+01 3.070562e-04 9.999999e-01 -3.251683e-04 -2.398812e+00 3.181998e-02 3.152316e-04 9.994935e-01 7.433212e+01
9.993602e-01 9.321981e-04 3.575239e-02 1.270922e+01 -9.417157e-04 9.999995e-01 2.493207e-04 -2.421515e+00 -3.575224e-02 -2.828313e-04 9.993606e-01 7.491117e+01
9.995058e-01 -1.545183e-04 -3.143325e-02 1.285789e+01 1.422653e-04 9.999999e-01 -3.919938e-04 -2.446411e+00 3.143321e-02 3.873266e-04 9.995057e-01 7.558459e+01
9.996553e-01 -2.098566e-04 2.625187e-02 1.303575e+01 1.879507e-04 9.999996e-01 8.368495e-04 -2.461542e+00 -2.625214e-02 -8.316285e-04 9.996550e-01 7.589820e+01
9.968180e-01 -4.481742e-04 -7.970954e-02 1.333004e+01 4.617596e-04 9.999999e-01 1.520238e-04 -2.469040e+00 7.970937e-02 -1.883481e-04 9.968181e-01 7.622376e+01
9.999661e-01 -7.120834e-04 8.199920e-03 1.356529e+01 7.075291e-04 9.999996e-01 5.580874e-04 -2.471531e+00 -8.200412e-03 -5.522680e-04 9.999662e-01 7.641744e+01
9.992840e-01 -2.955706e-05 -3.783373e-02 1.362731e+01 9.098852e-06 9.999999e-01 -5.408719e-04 -2.481133e+00 3.783364e-02 5.401392e-04 9.992839e-01 7.654363e+01
9.991905e-01 1.120001e-04 4.022578e-02 1.367790e+01 -1.210324e-04 1.000000e+00 2.220652e-04 -2.500740e+00 -4.022585e-02 -2.267553e-04 9.991906e-01 7.689265e+01
9.992576e-01 -3.868472e-06 -3.852422e-02 1.374558e+01 -1.816403e-05 9.999998e-01 -5.715226e-04 -2.521889e+00 3.852412e-02 5.717968e-04 9.992575e-01 7.728827e+01
9.991292e-01 3.195386e-04 4.172173e-02 1.382126e+01 -3.355786e-04 9.999999e-01 3.774088e-04 -2.543300e+00 -4.172170e-02 -3.910824e-04 9.991292e-01 7.773213e+01
9.992077e-01 -2.000924e-05 -3.979786e-02 1.392371e+01 -2.839190e-06 9.999998e-01 -5.740149e-04 -2.565410e+00 3.979777e-02 5.736718e-04 9.992076e-01 7.819013e+01
9.991102e-01 4.208331e-04 4.217302e-02 1.404168e+01 -4.394509e-04 9.999998e-01 4.321514e-04 -2.588723e+00 -4.217293e-02 -4.503012e-04 9.991102e-01 7.871842e+01
9.989711e-01 -3.822410e-04 -4.534832e-02 1.427343e+01 3.949995e-04 9.999999e-01 2.724198e-04 -2.606220e+00 4.534811e-02 -2.900534e-04 9.989712e-01 7.913509e+01
9.991631e-01 1.986214e-04 4.090258e-02 1.454547e+01 -2.135070e-04 9.999999e-01 3.595195e-04 -2.622731e+00 -4.090261e-02 -3.679529e-04 9.991630e-01 7.948160e+01
9.991807e-01 -1.054918e-04 -4.046885e-02 1.473272e+01 9.872222e-05 1.000000e+00 -1.692365e-04 -2.639986e+00 4.046878e-02 1.651014e-04 9.991808e-01 7.984259e+01
9.991153e-01 3.586648e-04 4.205261e-02 1.482184e+01 -3.474338e-04 9.999999e-01 -2.744192e-04 -2.664671e+00 -4.205280e-02 2.595647e-04 9.991153e-01 8.039615e+01
9.991136e-01 -1.169504e-04 -4.209281e-02 1.496162e+01 1.064661e-04 1.000000e+00 -2.512779e-04 -2.693291e+00 4.209275e-02 2.465724e-04 9.991136e-01 8.112973e+01
9.990657e-01 4.613555e-04 4.321332e-02 1.509253e+01 -4.605170e-04 9.999999e-01 -2.939945e-05 -2.719166e+00 -4.321342e-02 9.470170e-06 9.990658e-01 8.175146e+01
9.990685e-01 -1.459613e-04 -4.315054e-02 1.524982e+01 1.262743e-04 9.999999e-01 -4.589261e-04 -2.749269e+00 4.315051e-02 4.530484e-04 9.990684e-01 8.255455e+01
9.990663e-01 4.593884e-04 4.320023e-02 1.539926e+01 -4.578095e-04 9.999999e-01 -4.648414e-05 -2.778926e+00 -4.320035e-02 2.666185e-05 9.990664e-01 8.333825e+01
9.990299e-01 -2.181660e-04 -4.403596e-02 1.556510e+01 1.972960e-04 9.999999e-01 -4.782354e-04 -2.809259e+00 4.403597e-02 4.690819e-04 9.990298e-01 8.417045e+01
9.990573e-01 5.038406e-04 4.340620e-02 1.572028e+01 -5.012135e-04 9.999999e-01 -7.145193e-05 -2.839979e+00 -4.340633e-02 4.962732e-05 9.990575e-01 8.500241e+01
9.990357e-01 -1.875382e-04 -4.390400e-02 1.587277e+01 1.644962e-04 9.999998e-01 -5.283947e-04 -2.872123e+00 4.390399e-02 5.206616e-04 9.990356e-01 8.588648e+01
9.990484e-01 4.383444e-04 4.361058e-02 1.600317e+01 -4.375394e-04 9.999999e-01 -2.805035e-05 -2.901925e+00 -4.361069e-02 8.940768e-06 9.990486e-01 8.666134e+01
9.990197e-01 -1.840753e-04 -4.426639e-02 1.614786e+01 1.590322e-04 9.999998e-01 -5.692113e-04 -2.932959e+00 4.426639e-02 5.616119e-04 9.990196e-01 8.749965e+01
9.990289e-01 5.341115e-04 4.405471e-02 1.629955e+01 -5.340776e-04 9.999999e-01 -1.258791e-05 -2.964862e+00 -4.405481e-02 -1.095457e-05 9.990291e-01 8.836991e+01
9.990607e-01 -2.302641e-04 -4.332967e-02 1.642127e+01 2.069877e-04 9.999998e-01 -5.416301e-04 -2.994503e+00 4.332969e-02 5.321509e-04 9.990606e-01 8.912878e+01
9.990131e-01 6.081164e-04 4.441106e-02 1.654226e+01 -6.077352e-04 9.999998e-01 -2.213462e-05 -3.024550e+00 -4.441116e-02 -4.879080e-06 9.990133e-01 8.990572e+01
9.990586e-01 -3.276992e-04 -4.337823e-02 1.665799e+01 3.062420e-04 9.999998e-01 -5.012500e-04 -3.052667e+00 4.337829e-02 4.874921e-04 9.990586e-01 9.060207e+01
9.990396e-01 4.893563e-04 4.381115e-02 1.676175e+01 -4.911098e-04 9.999999e-01 2.921048e-05 -3.078224e+00 -4.381123e-02 -5.070026e-05 9.990398e-01 9.119092e+01
9.990670e-01 -2.674249e-04 -4.318431e-02 1.686747e+01 2.432000e-04 9.999998e-01 -5.661673e-04 -3.105386e+00 4.318436e-02 5.551349e-04 9.990669e-01 9.184609e+01
9.990487e-01 5.233598e-04 4.360371e-02 1.698700e+01 -5.265107e-04 9.999999e-01 6.072264e-05 -3.133302e+00 -4.360377e-02 -8.362451e-05 9.990489e-01 9.253821e+01
9.990468e-01 -2.572917e-04 -4.365072e-02 1.712129e+01 2.307425e-04 9.999998e-01 -6.132045e-04 -3.162825e+00 4.365077e-02 6.025461e-04 9.990466e-01 9.330301e+01
9.990308e-01 5.529306e-04 4.401232e-02 1.724898e+01 -5.564036e-04 9.999998e-01 6.660464e-05 -3.192134e+00 -4.401238e-02 -9.103059e-05 9.990309e-01 9.405586e+01
9.990419e-01 -3.434432e-04 -4.376009e-02 1.736849e+01 3.175318e-04 9.999998e-01 -5.990182e-04 -3.220185e+00 4.376019e-02 5.845471e-04 9.990419e-01 9.475364e+01
9.990348e-01 5.596200e-04 4.392017e-02 1.748752e+01 -5.632678e-04 9.999998e-01 7.062160e-05 -3.248031e+00 -4.392022e-02 -9.529421e-05 9.990350e-01 9.544283e+01
9.990355e-01 -2.592224e-04 -4.390737e-02 1.762753e+01 2.306647e-04 9.999998e-01 -6.554161e-04 -3.278308e+00 4.390743e-02 6.446541e-04 9.990354e-01 9.624219e+01
9.990320e-01 6.239306e-04 4.398420e-02 1.777680e+01 -6.290770e-04 9.999998e-01 1.031042e-04 -3.309561e+00 -4.398422e-02 -1.306759e-04 9.990322e-01 9.708425e+01
9.990414e-01 -2.294959e-04 -4.377281e-02 1.792291e+01 1.975759e-04 9.999997e-01 -7.334842e-04 -3.342354e+00 4.377286e-02 7.241305e-04 9.990412e-01 9.798747e+01
9.990671e-01 5.982580e-04 4.317982e-02 1.808842e+01 -6.046798e-04 9.999998e-01 1.355962e-04 -3.376263e+00 -4.317983e-02 -1.615818e-04 9.990673e-01 9.895212e+01
9.990476e-01 -3.485518e-04 -4.363009e-02 1.822608e+01 3.152106e-04 9.999997e-01 -7.709936e-04 -3.408079e+00 4.363025e-02 7.565045e-04 9.990474e-01 9.981271e+01
9.990625e-01 6.254230e-04 4.328509e-02 1.836351e+01 -6.327210e-04 9.999998e-01 1.548371e-04 -3.439570e+00 -4.328508e-02 -1.820815e-04 9.990627e-01 1.006590e+02
9.990463e-01 -3.552910e-04 -4.366147e-02 1.850764e+01 3.208410e-04 9.999996e-01 -7.959661e-04 -3.471695e+00 4.366164e-02 7.811963e-04 9.990460e-01 1.015300e+02
9.990398e-01 7.013177e-04 4.380545e-02 1.863486e+01 -7.076920e-04 9.999997e-01 1.299387e-04 -3.504199e+00 -4.380545e-02 -1.608170e-04 9.990400e-01 1.024068e+02
9.990159e-01 -3.287700e-04 -4.435089e-02 1.879428e+01 2.922723e-04 9.999996e-01 -8.293483e-04 -3.538765e+00 4.435104e-02 8.155673e-04 9.990156e-01 1.033947e+02
9.990746e-01 7.751107e-04 4.300193e-02 1.898825e+01 -7.822682e-04 9.999997e-01 1.495467e-04 -3.576194e+00 -4.300189e-02 -1.830497e-04 9.990749e-01 1.045268e+02
9.989988e-01 -2.934166e-04 -4.473558e-02 1.919494e+01 2.518194e-04 9.999995e-01 -9.354106e-04 -3.616304e+00 4.473573e-02 9.232063e-04 9.989984e-01 1.057805e+02
9.991035e-01 7.966983e-04 4.232568e-02 1.942442e+01 -8.052941e-04 9.999997e-01 1.859620e-04 -3.657476e+00 -4.232562e-02 -2.198823e-04 9.991038e-01 1.071013e+02
9.990139e-01 -3.623987e-04 -4.439497e-02 1.964249e+01 3.215885e-04 9.999995e-01 -9.263196e-04 -3.697208e+00 4.439519e-02 9.111268e-04 9.990136e-01 1.083493e+02
9.990501e-01 9.077759e-04 4.356621e-02 1.983535e+01 -9.160420e-04 9.999996e-01 1.696972e-04 -3.736481e+00 -4.356614e-02 -2.094470e-04 9.990505e-01 1.095459e+02
9.989948e-01 -3.154977e-04 -4.482350e-02 2.005006e+01 2.705771e-04 9.999995e-01 -1.008156e-03 -3.778707e+00 4.482370e-02 9.950119e-04 9.989944e-01 1.108836e+02
9.990989e-01 9.328889e-04 4.243046e-02 2.030095e+01 -9.426776e-04 9.999995e-01 2.106094e-04 -3.822770e+00 -4.243034e-02 -2.504205e-04 9.990994e-01 1.123369e+02
9.989937e-01 -4.389136e-04 -4.484639e-02 2.054525e+01 3.963462e-04 9.999995e-01 -9.579915e-04 -3.864654e+00 4.484669e-02 9.392501e-04 9.989934e-01 1.136955e+02
9.990871e-01 9.530850e-04 4.270823e-02 2.077072e+01 -9.627866e-04 9.999995e-01 2.065064e-04 -3.905764e+00 -4.270811e-02 -2.474395e-04 9.990875e-01 1.150075e+02
9.989831e-01 -4.689619e-04 -4.508336e-02 2.100633e+01 4.246414e-04 9.999994e-01 -9.925713e-04 -3.947749e+00 4.508370e-02 9.724148e-04 9.989827e-01 1.163625e+02
9.990559e-01 9.798617e-04 4.343039e-02 2.121200e+01 -9.894679e-04 9.999995e-01 1.996029e-04 -3.988609e+00 -4.343027e-02 -2.423903e-04 9.990564e-01 1.176398e+02
9.989778e-01 -4.084319e-04 -4.520039e-02 2.143264e+01 3.599519e-04 9.999994e-01 -1.080610e-03 -4.032123e+00 4.520070e-02 1.063232e-03 9.989773e-01 1.190351e+02
9.990419e-01 1.033769e-03 4.375069e-02 2.164517e+01 -1.044480e-03 9.999994e-01 2.218758e-04 -4.075804e+00 -4.375053e-02 -2.673629e-04 9.990424e-01 1.204245e+02
9.990046e-01 -5.452799e-04 -4.460318e-02 2.183753e+01 5.051825e-04 9.999995e-01 -9.101598e-04 -4.112735e+00 4.460355e-02 8.867180e-04 9.990043e-01 1.215297e+02
9.990407e-01 9.131392e-04 4.377955e-02 2.202223e+01 -9.329739e-04 9.999995e-01 4.325332e-04 -4.144077e+00 -4.377922e-02 -4.729665e-04 9.990411e-01 1.224170e+02
9.990254e-01 -5.567526e-04 -4.413422e-02 2.219988e+01 5.174414e-04 9.999995e-01 -9.020494e-04 -4.174500e+00 4.413460e-02 8.783303e-04 9.990252e-01 1.232586e+02
9.990473e-01 9.132154e-04 4.362837e-02 2.237919e+01 -9.324789e-04 9.999995e-01 4.210889e-04 -4.205798e+00 -4.362806e-02 -4.613734e-04 9.990477e-01 1.241364e+02
9.990125e-01 -5.611338e-04 -4.442532e-02 2.255888e+01 5.160600e-04 9.999993e-01 -1.025967e-03 -4.238841e+00 4.442577e-02 1.002024e-03 9.990121e-01 1.250869e+02
9.990491e-01 9.038141e-04 4.358943e-02 2.273897e+01 -9.256600e-04 9.999995e-01 4.808922e-04 -4.271255e+00 -4.358907e-02 -5.207871e-04 9.990494e-01 1.260080e+02
9.990417e-01 -6.131122e-04 -4.376172e-02 2.288977e+01 5.681094e-04 9.999993e-01 -1.040694e-03 -4.301628e+00 4.376224e-02 1.014832e-03 9.990414e-01 1.268212e+02
9.990510e-01 9.271896e-04 4.354443e-02 2.304330e+01 -9.509457e-04 9.999994e-01 5.247467e-04 -4.331934e+00 -4.354401e-02 -5.656604e-04 9.990513e-01 1.276332e+02
9.990688e-01 -6.453735e-04 -4.313847e-02 2.318086e+01 6.033454e-04 9.999993e-01 -9.871732e-04 -4.358915e+00 4.313898e-02 9.602233e-04 9.990686e-01 1.282997e+02
9.989811e-01 1.268935e-03 4.511093e-02 2.334695e+01 -1.300770e-03 9.999989e-01 6.762680e-04 -4.388026e+00 -4.511012e-02 -7.342613e-04 9.989817e-01 1.291046e+02
9.990623e-01 -6.802056e-04 -4.328958e-02 2.352200e+01 6.344622e-04 9.999992e-01 -1.070316e-03 -4.418341e+00 4.329018e-02 1.041843e-03 9.990620e-01 1.299644e+02
9.989591e-01 1.405701e-03 4.559072e-02 2.369022e+01 -1.439028e-03 9.999987e-01 6.980921e-04 -4.448841e+00 -4.558978e-02 -7.629753e-04 9.989599e-01 1.308270e+02
9.989880e-01 -1.011849e-03 -4.496509e-02 2.386510e+01 9.703398e-04 9.999991e-01 -9.448529e-04 -4.475629e+00 4.496591e-02 9.002618e-04 9.989881e-01 1.315127e+02
9.989223e-01 1.543479e-03 4.638592e-02 2.403058e+01 -1.578040e-03 9.999985e-01 7.083557e-04 -4.502481e+00 -4.638486e-02 -7.807947e-04 9.989233e-01 1.322097e+02
9.989796e-01 -9.742622e-04 -4.515282e-02 2.423222e+01 9.356106e-04 9.999992e-01 -8.770415e-04 -4.530587e+00 4.515354e-02 8.338975e-04 9.989797e-01 1.329907e+02
9.989379e-01 1.356573e-03 4.605577e-02 2.439731e+01 -1.389239e-03 9.999988e-01 6.771707e-04 -4.556317e+00 -4.605489e-02 -7.404375e-04 9.989386e-01 1.336351e+02
9.989905e-01 -9.531236e-04 -4.491008e-02 2.455260e+01 9.090100e-04 9.999991e-01 -1.002574e-03 -4.583199e+00 4.491090e-02 9.607349e-04 9.989905e-01 1.343194e+02
9.989638e-01 1.312585e-03 4.549240e-02 2.471306e+01 -1.343093e-03 9.999989e-01 6.399429e-04 -4.610925e+00 -4.549160e-02 -7.003840e-04 9.989644e-01 1.350359e+02
9.989908e-01 -1.045336e-03 -4.490164e-02 2.486089e+01 1.000665e-03 9.999990e-01 -1.017223e-03 -4.637380e+00 4.490256e-02 9.712610e-04 9.989909e-01 1.356848e+02
9.989440e-01 1.439192e-03 4.592128e-02 2.501025e+01 -1.476047e-03 9.999986e-01 7.685623e-04 -4.663124e+00 -4.592020e-02 -8.355364e-04 9.989447e-01 1.363012e+02
9.990240e-01 -9.137247e-04 -4.416024e-02 2.517199e+01 8.721633e-04 9.999992e-01 -9.603014e-04 -4.689982e+00 4.416099e-02 9.208455e-04 9.990240e-01 1.369822e+02
9.989814e-01 1.335292e-03 4.510201e-02 2.534307e+01 -1.368941e-03 9.999988e-01 7.150782e-04 -4.717045e+00 -4.510109e-02 -7.760956e-04 9.989821e-01 1.376781e+02
9.989889e-01 -1.010724e-03 -4.494442e-02 2.552279e+01 9.630141e-04 9.999989e-01 -1.083070e-03 -4.745021e+00 4.494537e-02 1.038689e-03 9.989889e-01 1.384186e+02
9.989897e-01 1.318583e-03 4.491888e-02 2.569134e+01 -1.346606e-03 9.999989e-01 5.934779e-04 -4.774778e+00 -4.491814e-02 -6.533701e-04 9.989904e-01 1.392201e+02
9.990089e-01 -9.618719e-04 -4.449981e-02 2.585657e+01 9.139478e-04 9.999990e-01 -1.097172e-03 -4.804638e+00 4.450072e-02 1.055411e-03 9.990088e-01 1.400164e+02
9.989836e-01 1.347794e-03 4.505339e-02 2.602672e+01 -1.380899e-03 9.999988e-01 7.035739e-04 -4.833531e+00 -4.505249e-02 -7.650769e-04 9.989843e-01 1.407783e+02
9.990163e-01 -8.883639e-04 -4.433333e-02 2.620344e+01 8.347690e-04 9.999989e-01 -1.227294e-03 -4.865111e+00 4.433427e-02 1.189075e-03 9.990160e-01 1.416560e+02
9.990070e-01 1.389784e-03 4.453008e-02 2.639767e+01 -1.420664e-03 9.999988e-01 6.616854e-04 -4.899415e+00 -4.452920e-02 -7.242946e-04 9.990078e-01 1.426529e+02
9.990174e-01 -8.075993e-04 -4.431153e-02 2.660145e+01 7.540934e-04 9.999990e-01 -1.224082e-03 -4.934479e+00 4.431238e-02 1.189460e-03 9.990170e-01 1.436863e+02
9.989903e-01 1.510419e-03 4.490014e-02 2.682901e+01 -1.554749e-03 9.999983e-01 9.522825e-04 -4.967365e+00 -4.489873e-02 -1.021134e-03 9.989910e-01 1.446566e+02
9.990492e-01 -7.277678e-04 -4.358892e-02 2.706525e+01 6.782175e-04 9.999991e-01 -1.151421e-03 -4.999845e+00 4.358962e-02 1.120759e-03 9.990489e-01 1.456439e+02
9.990682e-01 1.316609e-03 4.313816e-02 2.730267e+01 -1.350880e-03 9.999988e-01 7.651767e-04 -5.034351e+00 -4.313719e-02 -8.227423e-04 9.990688e-01 1.466989e+02
9.990418e-01 -7.246295e-04 -4.375826e-02 2.753919e+01 6.677369e-04 9.999989e-01 -1.314638e-03 -5.070787e+00 4.375907e-02 1.284155e-03 9.990412e-01 1.478254e+02
9.990733e-01 1.369450e-03 4.301749e-02 2.778796e+01 -1.407989e-03 9.999986e-01 8.654866e-04 -5.107209e+00 -4.301634e-02 -9.252570e-04 9.990739e-01 1.489675e+02
9.990868e-01 -6.657021e-04 -4.271949e-02 2.802436e+01 6.148272e-04 9.999991e-01 -1.203904e-03 -5.141710e+00 4.272015e-02 1.176535e-03 9.990863e-01 1.500238e+02
9.990865e-01 1.326051e-03 4.271195e-02 2.825691e+01 -1.357864e-03 9.999988e-01 7.156880e-04 -5.178443e+00 -4.271104e-02 -7.730356e-04 9.990871e-01 1.511559e+02
9.990843e-01 -7.770940e-04 -4.277685e-02 2.848040e+01 7.218283e-04 9.999989e-01 -1.307254e-03 -5.214643e+00 4.277772e-02 1.275175e-03 9.990838e-01 1.522593e+02
9.990996e-01 1.371390e-03 4.240335e-02 2.871349e+01 -1.402428e-03 9.999988e-01 7.020823e-04 -5.252722e+00 -4.240243e-02 -7.609222e-04 9.991003e-01 1.534426e+02
9.990604e-01 -7.819712e-04 -4.333214e-02 2.895758e+01 7.218348e-04 9.999988e-01 -1.403298e-03 -5.292677e+00 4.333309e-02 1.370696e-03 9.990597e-01 1.547165e+02
9.990298e-01 1.604148e-03 4.400839e-02 2.920273e+01 -1.650515e-03 9.999981e-01 1.017147e-03 -5.329569e+00 -4.400678e-02 -1.088801e-03 9.990306e-01 1.558582e+02
9.992567e-01 -4.339134e-04 -3.854405e-02 2.942205e+01 3.813943e-04 9.999990e-01 -1.369763e-03 -5.364900e+00 3.854451e-02 1.354040e-03 9.992559e-01 1.570288e+02
9.990315e-01 1.767379e-03 4.396403e-02 2.964076e+01 -1.816667e-03 9.999978e-01 1.081043e-03 -5.401098e+00 -4.396212e-02 -1.159869e-03 9.990325e-01 1.582148e+02
9.993122e-01 -4.096670e-04 -3.707771e-02 2.986065e+01 3.564228e-04 9.999989e-01 -1.442455e-03 -5.436346e+00 3.707816e-02 1.428242e-03 9.993113e-01 1.594399e+02
9.991284e-01 1.620894e-03 4.170928e-02 3.008813e+01 -1.673583e-03 9.999978e-01 1.228214e-03 -5.470905e+00 -4.170730e-02 -1.296952e-03 9.991290e-01 1.605655e+02
9.993356e-01 -2.991450e-04 -3.644334e-02 3.033141e+01 2.446998e-04 9.999988e-01 -1.498248e-03 -5.506321e+00 3.644365e-02 1.488330e-03 9.993346e-01 1.617575e+02
9.992109e-01 1.214248e-03 3.969978e-02 3.055206e+01 -1.269333e-03 9.999983e-01 1.362192e-03 -5.538373e+00 -3.969815e-02 -1.411514e-03 9.992107e-01 1.627525e+02
9.992524e-01 -6.304747e-04 -3.865486e-02 3.075040e+01 5.711896e-04 9.999986e-01 -1.544566e-03 -5.568097e+00 3.865569e-02 1.521327e-03 9.992514e-01 1.635737e+02
9.991909e-01 1.293417e-03 4.019576e-02 3.094497e+01 -1.348862e-03 9.999982e-01 1.352118e-03 -5.598016e+00 -4.019404e-02 -1.405247e-03 9.991909e-01 1.644220e+02
9.992962e-01 -5.296635e-04 -3.750627e-02 3.112543e+01 4.707563e-04 9.999986e-01 -1.579239e-03 -5.628687e+00 3.750695e-02 1.560466e-03 9.992951e-01 1.652915e+02
9.991511e-01 1.409578e-03 4.116896e-02 3.130829e+01 -1.469517e-03 9.999979e-01 1.425529e-03 -5.658691e+00 -4.116697e-02 -1.484823e-03 9.991511e-01 1.661589e+02
9.992571e-01 -6.489321e-04 -3.853288e-02 3.150410e+01 5.883053e-04 9.999986e-01 -1.584529e-03 -5.686955e+00 3.853375e-02 1.560677e-03 9.992560e-01 1.669617e+02
9.991760e-01 1.405355e-03 4.056149e-02 3.172091e+01 -1.467058e-03 9.999978e-01 1.491334e-03 -5.716405e+00 -4.055940e-02 -1.549617e-03 9.991759e-01 1.678231e+02
9.991937e-01 -8.692268e-04 -4.013900e-02 3.193267e+01 7.943432e-04 9.999979e-01 -1.881353e-03 -5.749111e+00 4.014046e-02 1.847947e-03 9.991923e-01 1.687968e+02
9.992080e-01 1.285597e-03 3.976957e-02 3.211952e+01 -1.337499e-03 9.999983e-01 1.278296e-03 -5.783376e+00 -3.976795e-02 -1.330481e-03 9.992080e-01 1.697956e+02
9.992038e-01 -8.270863e-04 -3.988568e-02 3.231269e+01 7.518125e-04 9.999979e-01 -1.902035e-03 -5.818576e+00 3.988707e-02 1.870529e-03 9.992024e-01 1.708272e+02
9.991743e-01 1.367546e-03 4.060397e-02 3.250466e+01 -1.425494e-03 9.999980e-01 1.398065e-03 -5.852389e+00 -4.060207e-02 -1.454797e-03 9.991743e-01 1.718042e+02
9.992003e-01 -9.286425e-04 -3.997253e-02 3.268316e+01 8.515233e-04 9.999977e-01 -1.946117e-03 -5.885060e+00 3.997415e-02 1.910518e-03 9.991988e-01 1.727218e+02
9.991953e-01 1.267574e-03 4.008802e-02 3.285130e+01 -1.326937e-03 9.999981e-01 1.454071e-03 -5.915744e+00 -4.008619e-02 -1.506101e-03 9.991951e-01 1.735573e+02
9.992156e-01 -9.685371e-04 -3.958646e-02 3.299719e+01 8.898552e-04 9.999976e-01 -2.004995e-03 -5.945721e+00 3.958821e-02 1.968190e-03 9.992141e-01 1.743474e+02
9.991982e-01 1.334299e-03 4.001246e-02 3.314887e+01 -1.392607e-03 9.999980e-01 1.429222e-03 -5.977077e+00 -4.001057e-02 -1.483804e-03 9.991981e-01 1.751969e+02
9.992393e-01 -1.021937e-03 -3.898325e-02 3.328874e+01 9.471903e-04 9.999977e-01 -1.935647e-03 -6.005897e+00 3.898504e-02 1.897244e-03 9.992380e-01 1.759369e+02
9.992109e-01 1.401536e-03 3.969352e-02 3.344445e+01 -1.461790e-03 9.999978e-01 1.488824e-03 -6.035207e+00 -3.969145e-02 -1.545678e-03 9.992108e-01 1.767092e+02
9.992140e-01 -1.041512e-03 -3.962492e-02 3.361701e+01 9.643733e-04 9.999976e-01 -1.965607e-03 -6.065553e+00 3.962678e-02 1.925843e-03 9.992127e-01 1.775380e+02
9.992203e-01 1.335444e-03 3.945635e-02 3.378207e+01 -1.395930e-03 9.999979e-01 1.505273e-03 -6.094920e+00 -3.945435e-02 -1.559184e-03 9.992201e-01 1.783238e+02
9.992826e-01 -8.784361e-04 -3.786050e-02 3.394154e+01 8.248201e-04 9.999986e-01 -1.431552e-03 -6.116896e+00 3.786161e-02 1.399291e-03 9.992820e-01 1.788956e+02
9.991847e-01 1.328970e-03 4.034905e-02 3.408234e+01 -1.380575e-03 9.999983e-01 1.250945e-03 -6.139819e+00 -4.034742e-02 -1.305636e-03 9.991848e-01 1.794621e+02
9.992822e-01 -8.910015e-04 -3.787055e-02 3.422867e+01 8.363398e-04 9.999986e-01 -1.459011e-03 -6.163659e+00 3.787170e-02 1.426285e-03 9.992816e-01 1.800742e+02
9.992616e-01 1.332697e-03 3.839734e-02 3.441085e+01 -1.379297e-03 9.999983e-01 1.186956e-03 -6.192013e+00 -3.839580e-02 -1.239047e-03 9.992618e-01 1.808450e+02
9.992597e-01 -9.796085e-04 -3.845712e-02 3.458606e+01 9.206054e-04 9.999984e-01 -1.551746e-03 -6.220665e+00 3.845848e-02 1.515187e-03 9.992590e-01 1.816158e+02
9.992594e-01 1.318714e-03 3.845502e-02 3.475513e+01 -1.364978e-03 9.999984e-01 1.176641e-03 -6.249011e+00 -3.845350e-02 -1.228266e-03 9.992596e-01 1.823797e+02
9.992572e-01 -9.551482e-04 -3.852279e-02 3.493109e+01 8.947922e-04 9.999983e-01 -1.583783e-03 -6.278363e+00 3.852414e-02 1.548130e-03 9.992564e-01 1.831829e+02
9.992200e-01 1.186060e-03 3.947099e-02 3.506921e+01 -1.237429e-03 9.999984e-01 1.276849e-03 -6.303557e+00 -3.946951e-02 -1.324702e-03 9.992199e-01 1.837887e+02
9.993034e-01 -9.246066e-04 -3.730698e-02 3.517678e+01 8.642214e-04 9.999983e-01 -1.634499e-03 -6.327546e+00 3.730833e-02 1.601113e-03 9.993025e-01 1.843657e+02
9.993204e-01 1.267857e-03 3.683747e-02 3.535629e+01 -1.313175e-03 9.999984e-01 1.205828e-03 -6.358031e+00 -3.683598e-02 -1.253388e-03 9.993205e-01 1.852120e+02
9.993519e-01 -9.159107e-04 -3.598297e-02 3.550782e+01 8.581500e-04 9.999983e-01 -1.620426e-03 -6.386951e+00 3.598429e-02 1.588491e-03 9.993511e-01 1.859697e+02
9.992972e-01 1.399627e-03 3.745655e-02 3.565470e+01 -1.443908e-03 9.999983e-01 1.154977e-03 -6.417142e+00 -3.745496e-02 -1.208256e-03 9.992975e-01 1.867885e+02
9.993010e-01 -1.003842e-03 -3.736728e-02 3.583307e+01 9.469857e-04 9.999984e-01 -1.539011e-03 -6.446930e+00 3.736866e-02 1.502543e-03 9.993004e-01 1.875978e+02
9.992930e-01 1.316844e-03 3.757143e-02 3.599573e+01 -1.361295e-03 9.999984e-01 1.157336e-03 -6.475046e+00 -3.756994e-02 -1.207670e-03 9.992932e-01 1.883348e+02
9.993334e-01 -8.741030e-04 -3.649548e-02 3.616015e+01 8.207843e-04 9.999986e-01 -1.475714e-03 -6.503179e+00 3.649662e-02 1.444769e-03 9.993327e-01 1.890799e+02
9.993142e-01 1.272827e-03 3.700514e-02 3.632824e+01 -1.316600e-03 9.999985e-01 1.158343e-03 -6.531262e+00 -3.700370e-02 -1.206276e-03 9.993144e-01 1.898292e+02
9.993045e-01 -9.473507e-04 -3.727612e-02 3.650623e+01 8.890347e-04 9.999984e-01 -1.580770e-03 -6.560898e+00 3.727746e-02 1.546525e-03 9.993037e-01 1.906371e+02
9.992896e-01 1.316817e-03 3.766287e-02 3.667110e+01 -1.362359e-03 9.999984e-01 1.183350e-03 -6.589867e+00 -3.766135e-02 -1.233827e-03 9.992898e-01 1.914125e+02
9.992856e-01 -1.020052e-03 -3.777826e-02 3.683228e+01 9.583098e-04 9.999982e-01 -1.652196e-03 -6.619106e+00 3.777978e-02 1.614806e-03 9.992847e-01 1.921905e+02
9.992641e-01 1.447884e-03 3.832682e-02 3.699905e+01 -1.498078e-03 9.999981e-01 1.280726e-03 -6.648543e+00 -3.832499e-02 -1.337206e-03 9.992644e-01 1.929801e+02
9.993277e-01 -1.062972e-03 -3.664436e-02 3.713980e+01 1.008872e-03 9.999984e-01 -1.494596e-03 -6.672411e+00 3.664579e-02 1.456615e-03 9.993272e-01 1.935407e+02
9.992123e-01 1.581266e-03 3.965096e-02 3.727505e+01 -1.636959e-03 9.999977e-01 1.371963e-03 -6.694106e+00 -3.964880e-02 -1.435796e-03 9.992126e-01 1.940487e+02
9.993152e-01 -1.262086e-03 -3.697863e-02 3.740271e+01 1.209952e-03 9.999982e-01 -1.431994e-03 -6.712701e+00 3.698028e-02 1.386264e-03 9.993150e-01 1.944428e+02
9.992556e-01 1.527851e-03 3.854622e-02 3.754454e+01 -1.582789e-03 9.999978e-01 1.394537e-03 -6.730546e+00 -3.854411e-02 -1.454516e-03 9.992558e-01 1.947919e+02
9.993424e-01 -1.212513e-03 -3.623667e-02 3.768853e+01 1.162170e-03 9.999983e-01 -1.410077e-03 -6.748112e+00 3.623822e-02 1.367030e-03 9.993422e-01 1.951640e+02
9.993115e-01 1.355696e-03 3.707620e-02 3.783783e+01 -1.408451e-03 9.999980e-01 1.396565e-03 -6.765016e+00 -3.707433e-02 -1.447830e-03 9.993114e-01 1.954702e+02
9.993395e-01 -1.102564e-03 -3.632253e-02 3.799140e+01 1.054952e-03 9.999986e-01 -1.329750e-03 -6.783367e+00 3.632384e-02 1.290547e-03 9.993392e-01 1.958337e+02
9.993289e-01 1.383633e-03 3.660335e-02 3.816349e+01 -1.421646e-03 9.999985e-01 1.012263e-03 -6.809155e+00 -3.660199e-02 -1.063627e-03 9.993293e-01 1.965044e+02
9.993182e-01 -1.094694e-03 -3.690156e-02 3.833991e+01 1.038839e-03 9.999983e-01 -1.532522e-03 -6.839799e+00 3.690307e-02 1.493136e-03 9.993177e-01 1.973396e+02
9.993465e-01 1.380290e-03 3.611844e-02 3.852476e+01 -1.417128e-03 9.999985e-01 9.941109e-04 -6.870900e+00 -3.611711e-02 -1.044653e-03 9.993470e-01 1.982115e+02
9.993018e-01 -1.113366e-03 -3.734292e-02 3.871981e+01 1.056192e-03 9.999982e-01 -1.550527e-03 -6.902986e+00 3.734448e-02 1.509996e-03 9.993013e-01 1.991379e+02
9.993287e-01 1.365354e-03 3.660929e-02 3.890975e+01 -1.407449e-03 9.999984e-01 1.123850e-03 -6.932143e+00 -3.660780e-02 -1.174628e-03 9.993290e-01 1.999293e+02
9.993694e-01 -9.985682e-04 -3.549277e-02 3.906283e+01 9.495980e-04 9.999986e-01 -1.396321e-03 -6.958071e+00 3.549402e-02 1.361730e-03 9.993689e-01 2.005642e+02
9.993675e-01 1.371889e-03 3.553412e-02 3.925360e+01 -1.416931e-03 9.999982e-01 1.242167e-03 -6.984042e+00 -3.553245e-02 -1.291738e-03 9.993676e-01 2.012408e+02
9.993211e-01 -1.111784e-03 -3.682389e-02 3.948851e+01 1.066135e-03 9.999986e-01 -1.259057e-03 -7.007627e+00 3.682514e-02 1.218936e-03 9.993209e-01 2.018381e+02
9.993694e-01 1.332530e-03 3.547996e-02 3.972109e+01 -1.374589e-03 9.999984e-01 1.160809e-03 -7.031943e+00 -3.547845e-02 -1.208855e-03 9.993697e-01 2.024643e+02
9.992966e-01 -1.275910e-03 -3.747760e-02 3.997074e+01 1.235080e-03 9.999986e-01 -1.112347e-03 -7.052709e+00 3.747887e-02 1.065270e-03 9.992968e-01 2.029466e+02
9.993688e-01 1.446771e-03 3.549377e-02 4.023565e+01 -1.494734e-03 9.999980e-01 1.324554e-03 -7.072026e+00 -3.549188e-02 -1.376779e-03 9.993690e-01 2.033431e+02
9.993367e-01 -1.165432e-03 -3.639739e-02 4.045536e+01 1.119684e-03 9.999986e-01 -1.277021e-03 -7.093311e+00 3.639873e-02 1.235413e-03 9.993365e-01 2.038554e+02
9.993792e-01 1.395144e-03 3.520267e-02 4.067649e+01 -1.442406e-03 9.999981e-01 1.316970e-03 -7.115035e+00 -3.520087e-02 -1.366936e-03 9.993793e-01 2.043723e+02
9.993209e-01 -1.224468e-03 -3.682616e-02 4.090881e+01 1.180679e-03 9.999986e-01 -1.210581e-03 -7.135133e+00 3.682749e-02 1.166272e-03 9.993209e-01 2.048363e+02
9.993414e-01 1.368270e-03 3.626082e-02 4.109009e+01 -1.410765e-03 9.999983e-01 1.146124e-03 -7.155904e+00 -3.625929e-02 -1.196532e-03 9.993417e-01 2.052863e+02
9.993259e-01 -1.205055e-03 -3.669133e-02 4.126707e+01 1.160421e-03 9.999986e-01 -1.237515e-03 -7.177418e+00 3.669267e-02 1.194096e-03 9.993258e-01 2.057599e+02
