9.999997e-01 -5.606858e-04 5.923427e-04 2.015239e-01 5.612731e-04 9.999994e-01 -9.918169e-04 -6.578384e-02 -5.917861e-04 9.921494e-04 9.999992e-01 1.497445e+00
9.999949e-01 -1.958355e-04 3.198916e-03 3.973830e-01 1.941234e-04 9.999998e-01 5.355128e-04 -1.278574e-01 -3.199019e-03 -5.348887e-04 9.999946e-01 2.889324e+00
9.999998e-01 -4.492153e-04 -4.364576e-04 5.879542e-01 4.488221e-04 9.999995e-01 -9.007084e-04 -1.804450e-01 4.368627e-04 9.005126e-04 9.999994e-01 4.063077e+00
9.998349e-01 -4.810112e-04 1.816380e-02 6.137594e-01 4.748668e-04 9.999998e-01 3.425905e-04 -2.057638e-01 -1.816396e-02 -3.339083e-04 9.998349e-01 4.670778e+00
9.999404e-01 -5.503613e-04 1.090788e-02 5.625998e-01 5.647510e-04 9.999990e-01 -1.316164e-03 -2.313512e-01 -1.090714e-02 1.322246e-03 9.999395e-01 5.315023e+00
9.999726e-01 -6.818071e-04 7.374579e-03 6.167861e-01 6.759152e-04 9.999995e-01 8.014060e-04 -2.612922e-01 -7.375114e-03 -7.963994e-04 9.999724e-01 6.059588e+00
9.993322e-01 -9.172270e-04 3.652905e-02 5.248198e-01 1.006883e-03 9.999965e-01 -2.436064e-03 -2.888683e-01 -3.652668e-02 2.471218e-03 9.993295e-01 6.828953e+00
9.999214e-01 -5.458846e-04 1.252294e-02 4.081886e-01 5.336456e-04 9.999994e-01 9.806543e-04 -3.162354e-01 -1.252345e-02 -9.738947e-04 9.999210e-01 7.628444e+00
9.991058e-01 -1.306066e-03 4.226065e-02 2.750231e-01 1.432483e-03 9.999946e-01 -2.961236e-03 -3.448452e-01 -4.225653e-02 3.019125e-03 9.991021e-01 8.458339e+00
9.999794e-01 2.512752e-04 -6.412256e-03 2.295764e-01 -2.381017e-04 9.999979e-01 2.055100e-03 -3.758964e-01 6.412784e-03 -2.053532e-03 9.999772e-01 9.279873e+00
9.994527e-01 -1.355656e-03 3.305278e-02 2.180939e-01 1.451347e-03 9.999948e-01 -2.871288e-03 -4.076590e-01 -3.304869e-02 2.917687e-03 9.994494e-01 1.006696e+01
9.998222e-01 6.364301e-04 -1.884316e-02 3.557920e-01 -5.874889e-04 9.999964e-01 2.602710e-03 -4.498554e-01 1.884478e-02 -2.591178e-03 9.998190e-01 1.106407e+01
9.994848e-01 -1.707661e-03 3.205066e-02 4.953115e-01 1.802785e-03 9.999941e-01 -2.939242e-03 -4.919572e-01 -3.204542e-02 2.995507e-03 9.994818e-01 1.206903e+01
9.999890e-01 3.708715e-04 4.666601e-03 4.635687e-01 -3.796530e-04 9.999982e-01 1.881074e-03 -5.184546e-01 -4.665860e-03 -1.882826e-03 9.999872e-01 1.280029e+01
9.993232e-01 -1.993062e-03 3.672989e-02 3.891499e-01 2.113268e-03 9.999925e-01 -3.234164e-03 -5.449759e-01 -3.672313e-02 3.309594e-03 9.993199e-01 1.354515e+01
9.998603e-01 1.315560e-03 -1.665971e-02 4.033874e-01 -1.269806e-03 9.999954e-01 2.756652e-03 -5.650700e-01 1.666330e-02 -2.735114e-03 9.998573e-01 1.405215e+01
9.995373e-01 -1.822380e-03 3.036121e-02 4.925954e-01 1.910095e-03 9.999941e-01 -2.860278e-03 -5.875118e-01 -3.035577e-02 2.916946e-03 9.995348e-01 1.457378e+01
9.998529e-01 1.295207e-03 -1.710089e-02 5.756698e-01 -1.248627e-03 9.999955e-01 2.734230e-03 -6.088687e-01 1.710440e-02 -2.712477e-03 9.998499e-01 1.507697e+01
9.995468e-01 -1.722865e-03 3.005329e-02 6.544359e-01 1.806401e-03 9.999946e-01 -2.752673e-03 -6.258968e-01 -3.004834e-02 2.805713e-03 9.995444e-01 1.547963e+01
9.998149e-01 1.425912e-03 -1.918474e-02 7.540680e-01 -1.371813e-03 9.999950e-01 2.832724e-03 -6.457886e-01 1.918873e-02 -2.805883e-03 9.998118e-01 1.593343e+01
9.997006e-01 -1.611593e-03 2.441613e-02 8.849976e-01 1.674554e-03 9.999953e-01 -2.558396e-03 -6.638354e-01 -2.441185e-02 2.598515e-03 9.996985e-01 1.632592e+01
9.997986e-01 1.422778e-03 -2.001879e-02 1.004675e+00 -1.367999e-03 9.999953e-01 2.749806e-03 -6.829643e-01 2.002266e-02 -2.721868e-03 9.997957e-01 1.672758e+01
9.997188e-01 -1.585801e-03 2.365816e-02 1.109218e+00 1.647187e-03 9.999953e-01 -2.575424e-03 -6.978611e-01 -2.365392e-02 2.613668e-03 9.997167e-01 1.702008e+01
9.997121e-01 1.642674e-03 -2.393819e-02 1.259547e+00 -1.573703e-03 9.999946e-01 2.899749e-03 -7.117843e-01 2.394287e-02 -2.861243e-03 9.997091e-01 1.729265e+01
9.997117e-01 -1.792196e-03 2.394280e-02 1.468802e+00 1.851546e-03 9.999953e-01 -2.456888e-03 -7.286331e-01 -2.393824e-02 2.500510e-03 9.997102e-01 1.765214e+01
9.996632e-01 1.798040e-03 -2.588989e-02 1.668465e+00 -1.721069e-03 9.999940e-01 2.994970e-03 -7.435844e-01 2.589517e-02 -2.949404e-03 9.996602e-01 1.796412e+01
9.996576e-01 -1.979169e-03 2.609116e-02 1.890915e+00 2.045251e-03 9.999948e-01 -2.506282e-03 -7.607725e-01 -2.608602e-02 2.558786e-03 9.996563e-01 1.833799e+01
9.997008e-01 1.809316e-03 -2.439370e-02 2.103253e+00 -1.738046e-03 9.999942e-01 2.942512e-03 -7.797963e-01 2.439893e-02 -2.899235e-03 9.996980e-01 1.874597e+01
9.997122e-01 -1.845705e-03 2.391753e-02 2.377220e+00 1.901769e-03 9.999955e-01 -2.321507e-03 -7.996538e-01 -2.391309e-02 2.366324e-03 9.997111e-01 1.919794e+01
9.997014e-01 1.842385e-03 -2.436514e-02 2.635656e+00 -1.771978e-03 9.999942e-01 2.910902e-03 -8.198291e-01 2.437041e-02 -2.866859e-03 9.996988e-01 1.964587e+01
9.997128e-01 -1.858100e-03 2.389154e-02 3.000054e+00 1.908419e-03 9.999960e-01 -2.083523e-03 -8.471562e-01 -2.388753e-02 2.128519e-03 9.997123e-01 2.029942e+01
9.996679e-01 1.722950e-03 -2.571029e-02 3.294119e+00 -1.653981e-03 9.999950e-01 2.703579e-03 -8.656666e-01 2.571486e-02 -2.660157e-03 9.996657e-01 2.071961e+01
9.997039e-01 -1.851879e-03 2.426096e-02 3.650656e+00 1.898017e-03 9.999964e-01 -1.878863e-03 -8.874347e-01 -2.425735e-02 1.924354e-03 9.997038e-01 2.124444e+01
9.996637e-01 1.790924e-03 -2.587181e-02 3.955630e+00 -1.725059e-03 9.999952e-01 2.567919e-03 -9.070564e-01 2.587633e-02 -2.522425e-03 9.996619e-01 2.168683e+01
9.996793e-01 -1.851461e-03 2.525537e-02 4.219630e+00 1.903494e-03 9.999961e-01 -2.036377e-03 -9.276531e-01 -2.525146e-02 2.083797e-03 9.996789e-01 2.214505e+01
9.996766e-01 1.606461e-03 -2.537894e-02 4.403652e+00 -1.554892e-03 9.999967e-01 2.051572e-03 -9.640689e-01 2.538219e-02 -2.011448e-03 9.996757e-01 2.292475e+01
9.996490e-01 -1.889148e-03 2.642626e-02 4.587949e+00 1.942955e-03 9.999961e-01 -2.010577e-03 -1.001294e+00 -2.642231e-02 2.061216e-03 9.996486e-01 2.372182e+01
9.996408e-01 1.712527e-03 -2.674500e-02 4.764108e+00 -1.656617e-03 9.999964e-01 2.112506e-03 -1.032276e+00 2.674857e-02 -2.067442e-03 9.996400e-01 2.437633e+01
9.996376e-01 -1.872654e-03 2.685562e-02 4.909366e+00 1.928325e-03 9.999960e-01 -2.047209e-03 -1.059356e+00 -2.685163e-02 2.098253e-03 9.996371e-01 2.492356e+01
9.996211e-01 1.808873e-03 -2.746530e-02 5.032895e+00 -1.754865e-03 9.999965e-01 1.990390e-03 -1.085865e+00 2.746885e-02 -1.941439e-03 9.996207e-01 2.545136e+01
9.996510e-01 -1.847895e-03 2.635142e-02 5.184999e+00 1.895326e-03 9.999966e-01 -1.775088e-03 -1.105236e+00 -2.634801e-02 1.824412e-03 9.996511e-01 2.583079e+01
9.996007e-01 1.829883e-03 -2.819802e-02 5.513109e+00 -1.759030e-03 9.999952e-01 2.537313e-03 -1.125688e+00 2.820258e-02 -2.486699e-03 9.995990e-01 2.628230e+01
9.996466e-01 -1.854437e-03 2.651691e-02 5.760629e+00 1.914529e-03 9.999957e-01 -2.240970e-03 -1.149834e+00 -2.651260e-02 2.290945e-03 9.996458e-01 2.679751e+01
9.995930e-01 1.702199e-03 -2.847774e-02 6.029230e+00 -1.634783e-03 9.999958e-01 2.390450e-03 -1.185047e+00 2.848173e-02 -2.342923e-03 9.995915e-01 2.757738e+01
9.996243e-01 -1.934578e-03 2.734057e-02 6.254764e+00 1.999433e-03 9.999953e-01 -2.344996e-03 -1.221241e+00 -2.733586e-02 2.398780e-03 9.996233e-01 2.837444e+01
9.996046e-01 1.843245e-03 -2.805723e-02 6.387949e+00 -1.776744e-03 9.999956e-01 2.394941e-03 -1.244749e+00 2.806156e-02 -2.344144e-03 9.996034e-01 2.883244e+01
9.996390e-01 -1.875205e-03 2.680074e-02 6.549890e+00 1.935144e-03 9.999957e-01 -2.210708e-03 -1.262858e+00 -2.679643e-02 2.261773e-03 9.996383e-01 2.918254e+01
9.995973e-01 1.918184e-03 -2.831120e-02 6.688087e+00 -1.851600e-03 9.999955e-01 2.377891e-03 -1.279787e+00 2.831568e-02 -2.324513e-03 9.995962e-01 2.948840e+01
9.995963e-01 -2.106467e-03 2.833213e-02 6.831902e+00 2.171873e-03 9.999950e-01 -2.277978e-03 -1.307965e+00 -2.832714e-02 2.338592e-03 9.995959e-01 3.006262e+01
9.996095e-01 1.896036e-03 -2.788050e-02 7.126336e+00 -1.821652e-03 9.999947e-01 2.693078e-03 -1.342547e+00 2.788550e-02 -2.641239e-03 9.996075e-01 3.084654e+01
9.996020e-01 -2.082388e-03 2.813223e-02 7.384524e+00 2.150198e-03 9.999949e-01 -2.380347e-03 -1.374087e+00 -2.812709e-02 2.439889e-03 9.996013e-01 3.153706e+01
9.995742e-01 2.105096e-03 -2.910356e-02 7.639877e+00 -2.021945e-03 9.999938e-01 2.886211e-03 -1.395631e+00 2.910950e-02 -2.826137e-03 9.995721e-01 3.200598e+01
9.995796e-01 -2.168718e-03 2.891079e-02 7.842546e+00 2.244286e-03 9.999941e-01 -2.581648e-03 -1.417503e+00 -2.890497e-02 2.645447e-03 9.995786e-01 3.245432e+01
9.995604e-01 2.109532e-03 -2.957390e-02 8.041236e+00 -2.025989e-03 9.999939e-01 2.854546e-03 -1.439974e+00 2.957979e-02 -2.793375e-03 9.995584e-01 3.291796e+01
9.995488e-01 -2.445865e-03 2.993586e-02 8.505210e+00 2.515323e-03 9.999942e-01 -2.282796e-03 -1.491830e+00 -2.993006e-02 2.357064e-03 9.995491e-01 3.416126e+01
9.995920e-01 1.874019e-03 -2.850112e-02 8.851987e+00 -1.810439e-03 9.999958e-01 2.256413e-03 -1.558147e+00 2.850528e-02 -2.203893e-03 9.995911e-01 3.569185e+01
9.995535e-01 -2.445042e-03 2.978021e-02 9.174577e+00 2.515948e-03 9.999941e-01 -2.343731e-03 -1.622228e+00 -2.977426e-02 2.417610e-03 9.995536e-01 3.715737e+01
9.996193e-01 1.898880e-03 -2.752460e-02 9.484863e+00 -1.832990e-03 9.999954e-01 2.418865e-03 -1.681088e+00 2.752911e-02 -2.367492e-03 9.996181e-01 3.850374e+01
9.995659e-01 -2.245261e-03 2.937608e-02 9.707246e+00 2.314578e-03 9.999946e-01 -2.325831e-03 -1.726136e+00 -2.937066e-02 2.392814e-03 9.995656e-01 3.950052e+01
9.995530e-01 2.078669e-03 -2.982422e-02 9.839239e+00 -2.015507e-03 9.999957e-01 2.147716e-03 -1.759987e+00 2.982860e-02 -2.086645e-03 9.995528e-01 4.020144e+01
9.995901e-01 -2.252273e-03 2.853960e-02 1.034414e+01 2.296077e-03 9.999962e-01 -1.502149e-03 -1.801612e+00 -2.853606e-02 1.567062e-03 9.995914e-01 4.119476e+01
9.995409e-01 2.167521e-03 -3.021923e-02 1.092660e+01 -2.092272e-03 9.999946e-01 2.521479e-03 -1.848888e+00 3.022458e-02 -2.457095e-03 9.995400e-01 4.237547e+01
9.995344e-01 -2.290890e-03 3.042459e-02 1.118198e+01 2.355111e-03 9.999951e-01 -2.075173e-03 -1.876259e+00 -3.041964e-02 2.145860e-03 9.995348e-01 4.297520e+01
9.995277e-01 2.127175e-03 -3.065697e-02 1.132790e+01 -2.063200e-03 9.999956e-01 2.118272e-03 -1.905679e+00 3.066139e-02 -2.054020e-03 9.995276e-01 4.358043e+01
9.995178e-01 -2.469364e-03 3.095103e-02 1.166446e+01 2.525322e-03 9.999952e-01 -1.768979e-03 -1.950706e+00 -3.094647e-02 1.846287e-03 9.995192e-01 4.461950e+01
9.995701e-01 2.117829e-03 -2.924404e-02 1.209443e+01 -2.048385e-03 9.999950e-01 2.404398e-03 -2.001451e+00 2.924903e-02 -2.343461e-03 9.995693e-01 4.583518e+01
9.995330e-01 -2.415394e-03 3.046047e-02 1.231954e+01 2.483867e-03 9.999945e-01 -2.210306e-03 -2.043675e+00 -3.045492e-02 2.284933e-03 9.995334e-01 4.677742e+01
9.995701e-01 2.097096e-03 -2.924309e-02 1.254647e+01 -2.033570e-03 9.999955e-01 2.201894e-03 -2.093641e+00 2.924762e-02 -2.141479e-03 9.995698e-01 4.789194e+01
9.995517e-01 -2.153896e-03 2.986071e-02 1.274053e+01 2.215441e-03 9.999955e-01 -2.028141e-03 -2.123828e+00 -2.985616e-02 2.093386e-03 9.995519e-01 4.852059e+01
9.995911e-01 1.626477e-03 -2.854661e-02 1.296288e+01 -1.576838e-03 9.999972e-01 1.761288e-03 -2.185850e+00 2.854944e-02 -1.715554e-03 9.995908e-01 4.991162e+01
9.995203e-01 -2.462344e-03 3.087167e-02 1.343039e+01 2.517998e-03 9.999953e-01 -1.764027e-03 -2.276468e+00 -3.086713e-02 1.840915e-03 9.995217e-01 5.205285e+01
9.995405e-01 2.084215e-03 -3.023909e-02 1.402211e+01 -2.000549e-03 9.999941e-01 2.796791e-03 -2.331217e+00 3.024478e-02 -2.735011e-03 9.995387e-01 5.345794e+01
9.994789e-01 -2.303323e-03 3.219725e-02 1.436658e+01 2.372961e-03 9.999949e-01 -2.124816e-03 -2.365842e+00 -3.219215e-02 2.200112e-03 9.994792e-01 5.426210e+01
9.995050e-01 1.978232e-03 -3.139674e-02 1.459493e+01 -1.910440e-03 9.999958e-01 2.189066e-03 -2.415707e+00 3.140098e-02 -2.128001e-03 9.995045e-01 5.537467e+01
9.994674e-01 -2.362860e-03 3.254801e-02 1.485590e+01 2.431973e-03 9.999949e-01 -2.084001e-03 -2.469348e+00 -3.254287e-02 2.162047e-03 9.994679e-01 5.658865e+01
9.995399e-01 1.900996e-03 -3.027200e-02 1.514249e+01 -1.834968e-03 9.999959e-01 2.208793e-03 -2.525461e+00 3.027611e-02 -2.152229e-03 9.995392e-01 5.786735e+01
9.994950e-01 -2.282329e-03 3.169564e-02 1.540477e+01 2.350293e-03 9.999950e-01 -2.107186e-03 -2.575915e+00 -3.169063e-02 2.180616e-03 9.994953e-01 5.900640e+01
9.995008e-01 1.959484e-03 -3.153108e-02 1.564868e+01 -1.891589e-03 9.999958e-01 2.182957e-03 -2.624607e+00 3.153527e-02 -2.122224e-03 9.995003e-01 6.009566e+01
9.993898e-01 -2.603903e-03 3.483197e-02 1.604680e+01 2.674350e-03 9.999945e-01 -1.976058e-03 -2.694376e+00 -3.482658e-02 2.068005e-03 9.993911e-01 6.171475e+01
9.995129e-01 2.233246e-03 -3.112955e-02 1.645706e+01 -2.150032e-03 9.999940e-01 2.706347e-03 -2.746612e+00 3.113545e-02 -2.638100e-03 9.995116e-01 6.298466e+01
9.993647e-01 -2.452965e-03 3.555391e-02 1.671199e+01 2.525753e-03 9.999948e-01 -2.002489e-03 -2.768376e+00 -3.554877e-02 2.091018e-03 9.993657e-01 6.350577e+01
9.994626e-01 2.339957e-03 -3.269517e-02 1.696833e+01 -2.252029e-03 9.999937e-01 2.725883e-03 -2.788714e+00 3.270139e-02 -2.650787e-03 9.994616e-01 6.398755e+01
9.994783e-01 -2.396839e-03 3.220824e-02 1.725687e+01 2.463931e-03 9.999949e-01 -2.043544e-03 -2.808239e+00 -3.220313e-02 2.121837e-03 9.994790e-01 6.443205e+01
9.995416e-01 2.164569e-03 -3.019724e-02 1.764108e+01 -2.075186e-03 9.999934e-01 2.990975e-03 -2.834893e+00 3.020356e-02 -2.926939e-03 9.995394e-01 6.508803e+01
9.995748e-01 -2.136810e-03 2.907906e-02 1.808438e+01 2.192510e-03 9.999958e-01 -1.883718e-03 -2.865857e+00 -2.907486e-02 1.946674e-03 9.995752e-01 6.586380e+01
9.996672e-01 1.801229e-03 -2.573485e-02 1.834682e+01 -1.742326e-03 9.999958e-01 2.311056e-03 -2.899052e+00 2.573896e-02 -2.265448e-03 9.996660e-01 6.660108e+01
9.996108e-01 -2.047380e-03 2.782153e-02 1.858622e+01 2.101839e-03 9.999959e-01 -1.928352e-03 -2.930313e+00 -2.781743e-02 1.986078e-03 9.996110e-01 6.730041e+01
9.997343e-01 1.755025e-03 -2.298468e-02 1.880779e+01 -1.700393e-03 9.999957e-01 2.396197e-03 -2.957522e+00 2.298883e-02 -2.356477e-03 9.997329e-01 6.791619e+01
9.997068e-01 -1.967901e-03 2.413474e-02 1.905699e+01 2.016886e-03 9.999960e-01 -2.005487e-03 -2.987987e+00 -2.413065e-02 2.053577e-03 9.997066e-01 6.859028e+01
9.997232e-01 1.886914e-03 -2.345135e-02 1.929984e+01 -1.828018e-03 9.999951e-01 2.532609e-03 -3.009711e+00 2.345606e-02 -2.489038e-03 9.997217e-01 6.906970e+01
9.997095e-01 -1.982883e-03 2.402111e-02 1.950299e+01 2.034168e-03 9.999957e-01 -2.110774e-03 -3.028236e+00 -2.401677e-02 2.159024e-03 9.997091e-01 6.945324e+01
9.997264e-01 1.846024e-03 -2.331874e-02 1.966796e+01 -1.792206e-03 9.999957e-01 2.328620e-03 -3.051625e+00 2.332299e-02 -2.286190e-03 9.997253e-01 6.993036e+01
9.996662e-01 -2.066284e-03 2.575454e-02 1.984686e+01 2.120586e-03 9.999956e-01 -2.081332e-03 -3.078392e+00 -2.575008e-02 2.135252e-03 9.996660e-01 7.049621e+01
9.997576e-01 1.770394e-03 -2.194685e-02 2.009419e+01 -1.715801e-03 9.999954e-01 2.506061e-03 -3.110993e+00 2.195124e-02 -2.467796e-03 9.997559e-01 7.123422e+01
9.996405e-01 -2.043424e-03 2.673391e-02 2.031697e+01 2.097913e-03 9.999958e-01 -2.010340e-03 -3.135731e+00 -2.672964e-02 2.065703e-03 9.996405e-01 7.180840e+01
9.998177e-01 1.670228e-03 -1.902120e-02 2.045558e+01 -1.630351e-03 9.999964e-01 2.111744e-03 -3.161027e+00 1.902471e-02 -2.080347e-03 9.998168e-01 7.236374e+01
9.997257e-01 -2.001288e-03 2.333399e-02 2.064454e+01 2.045341e-03 9.999962e-01 -1.864241e-03 -3.194951e+00 -2.333012e-02 1.911456e-03 9.997259e-01 7.310896e+01
9.997838e-01 1.666288e-03 -2.072382e-02 2.086632e+01 -1.623813e-03 9.999965e-01 2.066232e-03 -3.235515e+00 2.072724e-02 -2.032134e-03 9.997830e-01 7.399911e+01
9.996729e-01 -2.101307e-03 2.548944e-02 2.106271e+01 2.149130e-03 9.999960e-01 -1.848974e-03 -3.270204e+00 -2.548540e-02 1.903150e-03 9.996733e-01 7.476328e+01
9.998053e-01 1.812551e-03 -1.964824e-02 2.119345e+01 -1.774230e-03 9.999965e-01 1.967649e-03 -3.296562e+00 1.965179e-02 -1.932405e-03 9.998049e-01 7.532382e+01
9.996919e-01 -2.232544e-03 2.472237e-02 2.136014e+01 2.280569e-03 9.999956e-01 -1.914556e-03 -3.331671e+00 -2.471793e-02 1.970347e-03 9.996924e-01 7.606902e+01
9.998975e-01 1.517948e-03 -1.423631e-02 2.153782e+01 -1.492818e-03 9.999973e-01 1.775671e-03 -3.376850e+00 1.423902e-02 -1.754236e-03 9.998970e-01 7.707232e+01
9.997791e-01 -2.033852e-03 2.091764e-02 2.172018e+01 2.069038e-03 9.999965e-01 -1.660645e-03 -3.417800e+00 -2.091414e-02 1.703558e-03 9.997797e-01 7.798215e+01
9.998164e-01 1.545180e-03 -1.910068e-02 2.196641e+01 -1.515865e-03 9.999977e-01 1.549143e-03 -3.477979e+00 1.910309e-02 -1.519905e-03 9.998163e-01 7.931997e+01
9.998166e-01 -2.133674e-03 1.903259e-02 2.223513e+01 2.170478e-03 9.999958e-01 -1.913337e-03 -3.542397e+00 -1.902837e-02 1.954297e-03 9.998169e-01 8.078670e+01
9.998161e-01 1.779872e-03 -1.909362e-02 2.244476e+01 -1.744000e-03 9.999967e-01 1.895191e-03 -3.580780e+00 1.909698e-02 -1.861543e-03 9.998158e-01 8.162965e+01
9.998302e-01 -1.771290e-03 1.834063e-02 2.260166e+01 1.801069e-03 9.999971e-01 -1.607264e-03 -3.595865e+00 -1.833767e-02 1.640025e-03 9.998304e-01 8.191162e+01
9.998136e-01 1.749032e-03 -1.922966e-02 2.274757e+01 -1.712967e-03 9.999967e-01 1.891849e-03 -3.609201e+00 1.923296e-02 -1.858556e-03 9.998132e-01 8.214860e+01
9.998282e-01 -1.789887e-03 1.844668e-02 2.291312e+01 1.818973e-03 9.999971e-01 -1.560087e-03 -3.623260e+00 -1.844378e-02 1.593374e-03 9.998285e-01 8.241341e+01
9.998462e-01 1.567908e-03 -1.746467e-02 2.309336e+01 -1.537786e-03 9.999973e-01 1.738069e-03 -3.648689e+00 1.746741e-02 -1.710945e-03 9.998459e-01 8.293402e+01
9.997575e-01 -1.923454e-03 2.193533e-02 2.333071e+01 1.953937e-03 9.999972e-01 -1.368326e-03 -3.677735e+00 -2.193259e-02 1.410855e-03 9.997584e-01 8.360710e+01
9.998730e-01 1.586083e-03 -1.585492e-02 2.349022e+01 -1.560645e-03 9.999975e-01 1.616679e-03 -3.692782e+00 1.585750e-02 -1.591729e-03 9.998729e-01 8.396603e+01
9.998269e-01 -1.878827e-03 1.851201e-02 2.364074e+01 1.904168e-03 9.999973e-01 -1.351406e-03 -3.707639e+00 -1.850936e-02 1.386422e-03 9.998276e-01 8.426719e+01
9.999608e-01 1.346575e-03 -8.746790e-03 2.377493e+01 -1.334718e-03 9.999982e-01 1.361296e-03 -3.735554e+00 8.748662e-03 -1.349568e-03 9.999607e-01 8.488932e+01
9.999165e-01 -1.745297e-03 1.280464e-02 2.407542e+01 1.756702e-03 9.999981e-01 -8.795511e-04 -3.763826e+00 -1.280303e-02 9.019721e-04 9.999175e-01 8.556411e+01
9.999992e-01 1.069778e-03 6.891464e-04 2.423168e+01 -1.070405e-03 9.999990e-01 9.094884e-04 -3.783314e+00 -6.881163e-04 -9.102248e-04 9.999993e-01 8.604619e+01
9.999912e-01 -1.476123e-03 3.931192e-03 2.453803e+01 1.477653e-03 9.999988e-01 -3.862987e-04 -3.819165e+00 -3.930561e-03 3.921047e-04 9.999921e-01 8.688234e+01
9.999761e-01 6.833794e-04 6.884090e-03 2.495346e+01 -6.903205e-04 9.999993e-01 1.005934e-03 -3.875502e+00 -6.883339e-03 -1.010662e-03 9.999757e-01 8.827387e+01
9.999973e-01 -1.306578e-03 1.922336e-03 2.544048e+01 1.306777e-03 9.999991e-01 -1.023155e-04 -3.927447e+00 -1.922142e-03 1.048279e-04 9.999981e-01 8.959900e+01
9.999563e-01 7.496356e-04 9.322900e-03 2.577630e+01 -7.575694e-04 9.999994e-01 8.474849e-04 -3.959990e+00 -9.322199e-03 -8.545099e-04 9.999561e-01 9.045147e+01
9.998039e-01 -1.903535e-03 1.970833e-02 2.600337e+01 1.917857e-03 9.999979e-01 -7.078090e-04 -3.989474e+00 -1.970688e-02 7.454686e-04 9.998054e-01 9.130538e+01
9.999960e-01 1.371917e-03 -2.460843e-03 2.629720e+01 -1.368234e-03 9.999979e-01 1.497690e-03 -4.022725e+00 2.462956e-03 -1.494316e-03 9.999958e-01 9.221183e+01
9.999780e-01 -1.807308e-03 6.378959e-03 2.667679e+01 1.812713e-03 9.999980e-01 -8.417344e-04 -4.060430e+00 -6.377362e-03 8.532798e-04 9.999792e-01 9.311568e+01
9.999975e-01 1.441328e-03 -1.701137e-03 2.702301e+01 -1.438727e-03 9.999978e-01 1.529621e-03 -4.097729e+00 1.703402e-03 -1.527169e-03 9.999973e-01 9.401474e+01
9.999777e-01 -1.875675e-03 6.402977e-03 2.727576e+01 1.883142e-03 9.999976e-01 -1.160398e-03 -4.135300e+00 -6.400721e-03 1.172431e-03 9.999787e-01 9.488467e+01
9.999970e-01 1.363098e-03 -2.035900e-03 2.758754e+01 -1.360071e-03 9.999980e-01 1.487601e-03 -4.182345e+00 2.037988e-03 -1.484827e-03 9.999967e-01 9.595383e+01
9.999263e-01 -2.424926e-03 1.189327e-02 2.814282e+01 2.435225e-03 9.999967e-01 -8.515110e-04 -4.265109e+00 -1.189110e-02 8.804118e-04 9.999288e-01 9.795145e+01
9.999598e-01 1.982756e-03 -8.746150e-03 2.913003e+01 -1.956268e-03 9.999935e-01 3.036095e-03 -4.333789e+00 8.752178e-03 -3.018862e-03 9.999571e-01 9.983250e+01
9.999310e-01 -2.328660e-03 1.151040e-02 2.985215e+01 2.343604e-03 9.999964e-01 -1.285082e-03 -4.381569e+00 -1.150730e-02 1.311970e-03 9.999328e-01 1.011273e+02
9.999902e-01 1.832396e-03 -4.031653e-03 3.004176e+01 -1.826197e-03 9.999971e-01 1.540926e-03 -4.418732e+00 4.034531e-03 -1.533547e-03 9.999906e-01 1.019901e+02
9.999901e-01 -1.979061e-03 3.987176e-03 3.049827e+01 1.980684e-03 9.999980e-01 -4.030657e-04 -4.444945e+00 -3.986304e-03 4.109601e-04 9.999919e-01 1.026412e+02
9.999772e-01 1.644804e-03 -6.549511e-03 3.135708e+01 -1.628890e-03 9.999957e-01 2.434357e-03 -4.486363e+00 6.553553e-03 -2.423632e-03 9.999755e-01 1.037940e+02
9.999624e-01 -1.682280e-03 8.499936e-03 3.207132e+01 1.687566e-03 9.999984e-01 -6.148461e-04 -4.528774e+00 -8.498822e-03 6.291687e-04 9.999636e-01 1.049571e+02
9.999565e-01 1.648510e-03 -9.176254e-03 3.257158e+01 -1.630672e-03 9.999968e-01 1.951218e-03 -4.560024e+00 9.179507e-03 -1.936168e-03 9.999559e-01 1.057739e+02
9.999627e-01 -1.806939e-03 8.441651e-03 3.327518e+01 1.808787e-03 9.999983e-01 -2.114243e-04 -4.596156e+00 -8.441189e-03 2.266873e-04 9.999643e-01 1.067060e+02
9.999366e-01 1.656780e-03 -1.113429e-02 3.427515e+01 -1.626885e-03 9.999950e-01 2.693547e-03 -4.645900e+00 1.113877e-02 -2.675260e-03 9.999343e-01 1.081232e+02
9.998927e-01 -2.205605e-03 1.448198e-02 3.495623e+01 2.219751e-03 9.999971e-01 -9.608206e-04 -4.683087e+00 -1.447975e-02 9.928660e-04 9.998946e-01 1.091823e+02
9.999379e-01 2.046086e-03 -1.095748e-02 3.509250e+01 -2.033033e-03 9.999972e-01 1.202268e-03 -4.697645e+00 1.095997e-02 -1.179914e-03 9.999392e-01 1.094885e+02
9.999203e-01 -2.397750e-03 1.239778e-02 3.549733e+01 2.405147e-03 9.999969e-01 -5.818617e-04 -4.741595e+00 -1.239628e-02 6.116359e-04 9.999229e-01 1.105199e+02
9.999649e-01 1.823920e-03 -8.177884e-03 3.590775e+01 -1.815696e-03 9.999978e-01 1.013029e-03 -4.807000e+00 8.179781e-03 -9.981424e-04 9.999660e-01 1.120594e+02
9.999475e-01 -2.389582e-03 9.958901e-03 3.621427e+01 2.399873e-03 9.999966e-01 -1.021638e-03 -4.871497e+00 -9.956359e-03 1.045487e-03 9.999498e-01 1.135396e+02
9.999646e-01 1.836523e-03 -8.205943e-03 3.656406e+01 -1.826969e-03 9.999976e-01 1.171750e-03 -4.935867e+00 8.208143e-03 -1.156715e-03 9.999656e-01 1.150406e+02
9.999530e-01 -2.270758e-03 9.420921e-03 3.684857e+01 2.280992e-03 9.999968e-01 -1.075853e-03 -4.991935e+00 -9.418381e-03 1.097294e-03 9.999550e-01 1.163143e+02
9.999668e-01 1.757600e-03 -7.951846e-03 3.712554e+01 -1.749090e-03 9.999979e-01 1.077049e-03 -5.050869e+00 7.953790e-03 -1.063103e-03 9.999677e-01 1.176543e+02
9.999514e-01 -2.213771e-03 9.608274e-03 3.738641e+01 2.223486e-03 9.999970e-01 -1.000668e-03 -5.105015e+00 -9.605963e-03 1.021985e-03 9.999533e-01 1.188787e+02
9.999698e-01 1.705437e-03 -7.574607e-03 3.765280e+01 -1.697988e-03 9.999981e-01 9.898453e-04 -5.163270e+00 7.576348e-03 -9.769517e-04 9.999707e-01 1.201964e+02
9.999548e-01 -2.115896e-03 9.267629e-03 3.788155e+01 2.124139e-03 9.999974e-01 -8.797393e-04 -5.212168e+00 -9.265676e-03 8.993874e-04 9.999566e-01 1.212969e+02
9.999812e-01 1.594046e-03 -5.925883e-03 3.813754e+01 -1.588043e-03 9.999982e-01 1.017596e-03 -5.266806e+00 5.927562e-03 -1.008164e-03 9.999818e-01 1.225349e+02
9.999638e-01 -2.056900e-03 8.259122e-03 3.843271e+01 2.063797e-03 9.999975e-01 -8.267558e-04 -5.319052e+00 -8.257333e-03 8.437730e-04 9.999655e-01 1.237289e+02
9.999716e-01 1.693573e-03 -7.339504e-03 3.865728e+01 -1.687119e-03 9.999982e-01 8.856132e-04 -5.365078e+00 7.341058e-03 -8.732033e-04 9.999726e-01 1.247493e+02
9.999642e-01 -2.022839e-03 8.219019e-03 3.888719e+01 2.028896e-03 9.999977e-01 -7.288466e-04 -5.406418e+00 -8.217457e-03 7.454980e-04 9.999659e-01 1.256665e+02
9.999920e-01 1.426215e-03 -3.724717e-03 3.922509e+01 -1.422557e-03 9.999985e-01 9.847748e-04 -5.464419e+00 3.726184e-03 -9.794662e-04 9.999925e-01 1.269923e+02
9.999829e-01 -1.878720e-03 5.526646e-03 3.949178e+01 1.883557e-03 9.999978e-01 -8.702421e-04 -5.515708e+00 -5.524931e-03 8.806390e-04 9.999843e-01 1.281545e+02
9.999919e-01 1.412476e-03 -3.757514e-03 3.976323e+01 -1.409026e-03 9.999986e-01 9.206924e-04 -5.571888e+00 3.758878e-03 -9.153885e-04 9.999924e-01 1.294249e+02
9.999818e-01 -1.930798e-03 5.716755e-03 4.004737e+01 1.935955e-03 9.999977e-01 -8.968681e-04 -5.631532e+00 -5.714941e-03 9.079212e-04 9.999832e-01 1.307763e+02
9.999923e-01 1.375572e-03 -3.672762e-03 4.033161e+01 -1.372398e-03 9.999987e-01 8.667339e-04 -5.692183e+00 3.674019e-03 -8.616847e-04 9.999928e-01 1.321551e+02
9.999818e-01 -1.894272e-03 5.722949e-03 4.061488e+01 1.898918e-03 9.999979e-01 -8.066149e-04 -5.748234e+00 -5.721339e-03 8.174696e-04 9.999832e-01 1.334350e+02
9.999873e-01 1.399627e-03 -4.836963e-03 4.092004e+01 -1.395530e-03 9.999987e-01 8.505939e-04 -5.809183e+00 4.838216e-03 -8.438309e-04 9.999879e-01 1.348298e+02
9.999734e-01 -1.978521e-03 7.013701e-03 4.122795e+01 1.984396e-03 9.999977e-01 -8.308487e-04 -5.870807e+00 -7.011971e-03 8.447465e-04 9.999750e-01 1.362416e+02
9.999817e-01 1.614021e-03 -5.823363e-03 4.143324e+01 -1.609187e-03 9.999984e-01 8.348862e-04 -5.916164e+00 5.824771e-03 -8.254981e-04 9.999826e-01 1.372380e+02
9.999705e-01 -2.036577e-03 7.406918e-03 4.163260e+01 2.043267e-03 9.999975e-01 -8.958626e-04 -5.962453e+00 -7.405006e-03 9.109723e-04 9.999721e-01 1.382502e+02
9.999865e-01 1.558230e-03 -4.959029e-03 4.185915e+01 -1.554014e-03 9.999984e-01 8.540237e-04 -6.013750e+00 4.960422e-03 -8.463038e-04 9.999873e-01 1.393897e+02
9.999729e-01 -2.050793e-03 7.073138e-03 4.207470e+01 2.057648e-03 9.999974e-01 -9.621471e-04 -6.066240e+00 -7.071077e-03 9.766769e-04 9.999744e-01 1.405547e+02
9.999838e-01 1.536316e-03 -5.483494e-03 4.232800e+01 -1.531787e-03 9.999985e-01 8.301477e-04 -6.125089e+00 5.484831e-03 -8.217328e-04 9.999845e-01 1.418765e+02
9.999749e-01 -2.024767e-03 6.788409e-03 4.258411e+01 2.030746e-03 9.999976e-01 -8.741267e-04 -6.179594e+00 -6.786553e-03 8.878920e-04 9.999765e-01 1.431086e+02
9.999924e-01 1.459887e-03 -3.618222e-03 4.285155e+01 -1.456647e-03 9.999985e-01 8.978794e-04 -6.236021e+00 3.619598e-03 -8.926002e-04 9.999930e-01 1.443863e+02
9.999818e-01 -1.893236e-03 5.726426e-03 4.304376e+01 1.898664e-03 9.999978e-01 -9.427564e-04 -6.279071e+00 -5.724558e-03 9.536135e-04 9.999831e-01 1.453266e+02
9.999855e-01 1.003672e-03 5.292548e-03 4.337383e+01 -1.010114e-03 9.999988e-01 1.214460e-03 -6.337967e+00 -5.291251e-03 -1.219787e-03 9.999852e-01 1.467310e+02
9.998589e-01 -2.099855e-03 1.666395e-02 4.359182e+01 2.123527e-03 9.999968e-01 -1.403018e-03 -6.393811e+00 -1.666087e-02 1.438208e-03 9.998601e-01 1.481002e+02
9.999951e-01 1.290708e-03 -2.836723e-03 4.380034e+01 -1.286834e-03 9.999982e-01 1.367240e-03 -6.444096e+00 2.838556e-03 -1.363581e-03 9.999950e-01 1.492989e+02
9.999226e-01 -2.313681e-03 1.222081e-02 4.422599e+01 2.328150e-03 9.999966e-01 -1.169883e-03 -6.523618e+00 -1.221799e-02 1.198246e-03 9.999246e-01 1.511759e+02
9.999777e-01 1.560716e-03 -6.492951e-03 4.485843e+01 -1.547375e-03 9.999967e-01 2.059369e-03 -6.606571e+00 6.496218e-03 -2.049275e-03 9.999767e-01 1.532305e+02
9.999251e-01 -2.445624e-03 1.199307e-02 4.530400e+01 2.468358e-03 9.999952e-01 -1.881144e-03 -6.691008e+00 -1.198834e-02 1.910608e-03 9.999262e-01 1.552218e+02
9.999528e-01 1.802109e-03 -9.540570e-03 4.562600e+01 -1.784931e-03 9.999968e-01 1.808835e-03 -6.760034e+00 9.543875e-03 -1.791719e-03 9.999528e-01 1.568088e+02
9.998962e-01 -2.658074e-03 1.416204e-02 4.597671e+01 2.686682e-03 9.999944e-01 -2.001479e-03 -6.842649e+00 -1.415656e-02 2.039322e-03 9.998976e-01 1.587120e+02
9.999625e-01 1.618414e-03 -8.507856e-03 4.702979e+01 -1.587264e-03 9.999920e-01 3.666919e-03 -6.936758e+00 8.513799e-03 -3.653276e-03 9.999570e-01 1.611949e+02
9.997628e-01 -2.430036e-03 2.164422e-02 4.812112e+01 2.452497e-03 9.999965e-01 -1.011272e-03 -7.013213e+00 -2.164161e-02 1.064116e-03 9.997651e-01 1.633809e+02
9.998371e-01 2.296177e-03 -1.790054e-02 4.904383e+01 -2.237434e-03 9.999920e-01 3.300997e-03 -7.070714e+00 1.790805e-02 -3.260406e-03 9.998342e-01 1.649777e+02
9.998389e-01 -2.491896e-03 1.777405e-02 4.988820e+01 2.520426e-03 9.999956e-01 -1.583003e-03 -7.135045e+00 -1.776995e-02 1.627548e-03 9.998407e-01 1.666765e+02
9.998463e-01 2.122542e-03 -1.740152e-02 5.013295e+01 -2.094647e-03 9.999965e-01 1.621124e-03 -7.180223e+00 1.740498e-02 -1.584423e-03 9.998472e-01 1.676869e+02
9.998580e-01 -2.415305e-03 1.667864e-02 5.034417e+01 2.442845e-03 9.999957e-01 -1.631136e-03 -7.220115e+00 -1.667455e-02 1.671649e-03 9.998595e-01 1.685566e+02
9.998763e-01 1.944537e-03 -1.560842e-02 5.063784e+01 -1.918731e-03 9.999968e-01 1.668187e-03 -7.275724e+00 1.561169e-02 -1.638030e-03 9.998767e-01 1.698189e+02
9.998229e-01 -2.607443e-03 1.863737e-02 5.098562e+01 2.638430e-03 9.999952e-01 -1.638302e-03 -7.346614e+00 -1.863293e-02 1.687188e-03 9.998249e-01 1.714526e+02
9.998602e-01 2.081808e-03 -1.658727e-02 5.129310e+01 -2.054568e-03 9.999965e-01 1.659157e-03 -7.408196e+00 1.659074e-02 -1.624843e-03 9.998610e-01 1.728674e+02
9.998393e-01 -2.484336e-03 1.775514e-02 5.152032e+01 2.514162e-03 9.999955e-01 -1.657741e-03 -7.455669e+00 -1.775087e-02 1.702116e-03 9.998409e-01 1.739202e+02
9.998681e-01 2.115160e-03 -1.610012e-02 5.173372e+01 -2.087563e-03 9.999963e-01 1.730743e-03 -7.498663e+00 1.610380e-02 -1.696902e-03 9.998688e-01 1.748676e+02
9.998653e-01 -2.377536e-03 1.623679e-02 5.190920e+01 2.406461e-03 9.999956e-01 -1.762200e-03 -7.536724e+00 -1.623245e-02 1.801038e-03 9.998665e-01 1.756797e+02
9.998648e-01 2.138906e-03 -1.629941e-02 5.209328e+01 -2.109216e-03 9.999961e-01 1.838587e-03 -7.570464e+00 1.630335e-02 -1.803958e-03 9.998654e-01 1.763981e+02
9.998744e-01 -2.228551e-03 1.568944e-02 5.237336e+01 2.249504e-03 9.999966e-01 -1.318023e-03 -7.597795e+00 -1.568637e-02 1.353153e-03 9.998760e-01 1.770043e+02
9.998670e-01 1.985461e-03 -1.618853e-02 5.285877e+01 -1.950919e-03 9.999958e-01 2.149333e-03 -7.644959e+00 1.619281e-02 -2.117463e-03 9.998666e-01 1.781617e+02
9.998644e-01 -2.212847e-03 1.631806e-02 5.302738e+01 2.248149e-03 9.999952e-01 -2.145385e-03 -7.677839e+00 -1.631316e-02 2.181781e-03 9.998645e-01 1.788477e+02
9.998521e-01 1.983148e-03 -1.708333e-02 5.318731e+01 -1.948173e-03 9.999960e-01 2.063751e-03 -7.710311e+00 1.708743e-02 -2.030163e-03 9.998519e-01 1.795276e+02
9.998531e-01 -2.276311e-03 1.698927e-02 5.336590e+01 2.313299e-03 9.999950e-01 -2.157869e-03 -7.752332e+00 -1.698419e-02 2.196855e-03 9.998533e-01 1.804357e+02
9.998663e-01 1.892980e-03 -1.624005e-02 5.361405e+01 -1.857726e-03 9.999959e-01 2.185644e-03 -7.804914e+00 1.624420e-02 -2.155180e-03 9.998657e-01 1.816180e+02
9.998846e-01 -1.920220e-03 1.506775e-02 5.398424e+01 1.941994e-03 9.999971e-01 -1.430621e-03 -7.830920e+00 -1.506488e-02 1.459720e-03 9.998854e-01 1.822348e+02
9.998443e-01 1.826690e-03 -1.755099e-02 5.435663e+01 -1.787759e-03 9.999959e-01 2.233623e-03 -7.853030e+00 1.755508e-02 -2.201896e-03 9.998434e-01 1.827628e+02
9.998578e-01 -2.018465e-03 1.674242e-02 5.457842e+01 2.054040e-03 9.999957e-01 -2.107977e-03 -7.889385e+00 -1.673802e-02 2.142069e-03 9.998575e-01 1.835548e+02
9.998389e-01 1.771361e-03 -1.785878e-02 5.506791e+01 -1.719734e-03 9.999943e-01 2.905835e-03 -7.936174e+00 1.786390e-02 -2.874652e-03 9.998362e-01 1.846977e+02
9.998751e-01 -1.739049e-03 1.570848e-02 5.574394e+01 1.761928e-03 9.999974e-01 -1.442806e-03 -7.986185e+00 -1.570585e-02 1.470305e-03 9.998755e-01 1.859875e+02
9.998463e-01 1.819503e-03 -1.743761e-02 5.653093e+01 -1.762671e-03 9.999931e-01 3.274052e-03 -8.033269e+00 1.744353e-02 -3.242809e-03 9.998425e-01 1.872627e+02
9.998872e-01 -2.024517e-03 1.488184e-02 5.755727e+01 2.034199e-03 9.999977e-01 -6.356017e-04 -8.084402e+00 -1.488044e-02 6.658052e-04 9.998890e-01 1.887424e+02
9.998379e-01 1.683389e-03 -1.792581e-02 5.882143e+01 -1.614145e-03 9.999912e-01 3.876639e-03 -8.141773e+00 1.793225e-02 -3.847072e-03 9.998317e-01 1.903535e+02
9.999019e-01 -2.135186e-03 1.384278e-02 6.024679e+01 2.140247e-03 9.999976e-01 -3.509332e-04 -8.204773e+00 -1.384192e-02 3.805288e-04 9.999040e-01 1.921417e+02
9.999137e-01 1.027951e-03 -1.309638e-02 6.137141e+01 -9.895100e-04 9.999952e-01 2.941512e-03 -8.258432e+00 1.309942e-02 -2.928296e-03 9.999098e-01 1.936756e+02
9.999119e-01 -1.227990e-03 1.321209e-02 6.213911e+01 1.244357e-03 9.999985e-01 -1.230766e-03 -8.305699e+00 -1.321048e-02 1.247102e-03 9.999119e-01 1.949415e+02
9.998873e-01 1.014731e-03 -1.497702e-02 6.345371e+01 -9.443246e-04 9.999885e-01 4.707381e-03 -8.369980e+00 1.498170e-02 -4.692704e-03 9.998767e-01 1.968512e+02
9.999192e-01 -1.055543e-03 1.266759e-02 6.432053e+01 1.086861e-03 9.999964e-01 -2.465821e-03 -8.417902e+00 -1.266486e-02 2.479394e-03 9.999166e-01 1.982074e+02
9.998832e-01 6.247942e-04 -1.527163e-02 6.557662e+01 -5.388467e-04 9.999840e-01 5.631500e-03 -8.475427e+00 1.527498e-02 -5.622609e-03 9.998674e-01 1.998525e+02
9.998212e-01 8.334568e-04 -1.889022e-02 6.917983e+01 -7.367373e-04 9.999866e-01 5.126572e-03 -8.620777e+00 1.889431e-02 -5.111733e-03 9.998083e-01 2.041609e+02
9.999267e-01 -3.858458e-03 -1.147899e-02 7.205670e+01 3.876422e-03 9.999913e-01 1.543293e-03 -8.706511e+00 1.147301e-02 -1.587672e-03 9.999328e-01 2.071907e+02
9.999864e-01 2.888971e-03 4.347085e-03 7.371971e+01 -2.899981e-03 9.999926e-01 2.528011e-03 -8.773955e+00 -4.339678e-03 -2.540577e-03 9.999873e-01 2.092240e+02
9.999640e-01 -3.768829e-03 -7.605951e-03 7.506411e+01 3.773309e-03 9.999927e-01 5.750387e-04 -8.833979e+00 7.603800e-03 -6.037116e-04 9.999708e-01 2.110223e+02
9.999889e-01 3.836170e-03 2.715892e-03 7.599955e+01 -3.839896e-03 9.999917e-01 1.367139e-03 -8.887485e+00 -2.710554e-03 -1.377546e-03 9.999953e-01 2.124870e+02
9.999478e-01 -3.515798e-03 -9.590253e-03 7.685019e+01 3.517410e-03 9.999938e-01 1.515885e-04 -8.945623e+00 9.589731e-03 -1.853070e-04 9.999539e-01 2.140424e+02
9.999776e-01 3.408773e-03 5.759694e-03 7.771089e+01 -3.416635e-03 9.999932e-01 1.355269e-03 -9.007531e+00 -5.754965e-03 -1.374911e-03 9.999824e-01 2.156935e+02
9.999322e-01 -3.612322e-03 -1.106844e-02 7.872957e+01 3.624259e-03 9.999929e-01 1.058910e-03 -9.058737e+00 1.106461e-02 -1.098947e-03 9.999381e-01 2.171624e+02
9.999596e-01 3.426321e-03 8.314157e-03 7.989849e+01 -3.440134e-03 9.999927e-01 1.647246e-03 -9.123737e+00 -8.308384e-03 -1.675774e-03 9.999640e-01 2.190243e+02
9.999600e-01 -4.138596e-03 -7.923702e-03 8.100324e+01 4.138694e-03 9.999914e-01 -3.608605e-06 -9.222097e+00 7.923719e-03 -2.917827e-05 9.999685e-01 2.216441e+02
9.999867e-01 4.074981e-03 3.144286e-03 8.204111e+01 -4.079759e-03 9.999905e-01 1.513922e-03 -9.302488e+00 -3.138018e-03 -1.526722e-03 9.999938e-01 2.237967e+02
9.999681e-01 -4.416100e-03 -6.650575e-03 8.306960e+01 4.422170e-03 9.999898e-01 8.986925e-04 -9.356170e+00 6.646608e-03 -9.280664e-04 9.999774e-01 2.253360e+02
9.999830e-01 4.332752e-03 3.903757e-03 8.401842e+01 -4.335187e-03 9.999904e-01 6.147645e-04 -9.439205e+00 -3.900987e-03 -6.316697e-04 9.999921e-01 2.275035e+02
9.999607e-01 -4.965069e-03 -7.338526e-03 8.467211e+01 4.961826e-03 9.999876e-01 -4.595974e-04 -9.515914e+00 7.340785e-03 4.231744e-04 9.999729e-01 2.294176e+02
9.999829e-01 4.286040e-03 3.975294e-03 8.518882e+01 -4.286415e-03 9.999908e-01 8.514696e-05 -9.599087e+00 -3.974825e-03 -1.021775e-04 9.999920e-01 2.314445e+02
9.999689e-01 -5.106760e-03 -6.009554e-03 8.581151e+01 5.104815e-03 9.999869e-01 -3.383710e-04 -9.689521e+00 6.011271e-03 3.076903e-04 9.999818e-01 2.336797e+02
9.999885e-01 4.637255e-03 1.216726e-03 8.641451e+01 -4.637049e-03 9.999892e-01 -1.748638e-04 -9.770214e+00 -1.217457e-03 1.692274e-04 9.999992e-01 2.356891e+02
9.999790e-01 -5.462967e-03 -3.472350e-03 8.692630e+01 5.461618e-03 9.999850e-01 -3.968214e-04 -9.858613e+00 3.474533e-03 3.778557e-04 9.999938e-01 2.378406e+02
9.999878e-01 4.727955e-03 1.413303e-03 8.742664e+01 -4.727488e-03 9.999888e-01 -3.352518e-04 -9.947709e+00 -1.414805e-03 3.285739e-04 9.999989e-01 2.399879e+02
9.999746e-01 -5.451886e-03 -4.592302e-03 8.792383e+01 5.449912e-03 9.999851e-01 -4.417817e-04 -1.003290e+01 4.594709e-03 4.167500e-04 9.999893e-01 2.420523e+02
9.999882e-01 4.841107e-03 2.077105e-04 8.841724e+01 -4.841042e-03 9.999882e-01 -3.287384e-04 -1.011284e+01 -2.092330e-04 3.277364e-04 9.999998e-01 2.439995e+02
9.999724e-01 -5.380452e-03 -5.128961e-03 8.891679e+01 5.379795e-03 9.999855e-01 -1.414408e-04 -1.018045e+01 5.129714e-03 1.138512e-04 9.999867e-01 2.456688e+02
9.999853e-01 5.271103e-03 -1.258473e-03 8.940224e+01 -5.271503e-03 9.999861e-01 -3.130757e-04 -1.023462e+01 1.256871e-03 3.197125e-04 9.999991e-01 2.469992e+02
9.999712e-01 -5.144720e-03 -5.573650e-03 8.994231e+01 5.146745e-03 9.999867e-01 3.494751e-04 -1.027898e+01 5.571843e-03 -3.781443e-04 9.999843e-01 2.480984e+02
9.999855e-01 5.205003e-03 -1.373996e-03 9.054182e+01 -5.205228e-03 9.999864e-01 -1.579845e-04 -1.032177e+01 1.373220e-03 1.651416e-04 9.999990e-01 2.491802e+02
9.999813e-01 -5.614472e-03 -2.425136e-03 9.117491e+01 5.616453e-03 9.999839e-01 8.119868e-04 -1.036989e+01 2.420603e-03 -8.255853e-04 9.999966e-01 2.503982e+02
9.999803e-01 5.212128e-03 -3.493857e-03 9.171845e+01 -5.217873e-03 9.999850e-01 -1.636495e-03 -1.043573e+01 3.485339e-03 1.654701e-03 9.999925e-01 2.520248e+02
9.999827e-01 -5.440887e-03 -2.218776e-03 9.224332e+01 5.444819e-03 9.999836e-01 1.770992e-03 -1.047979e+01 2.209168e-03 -1.783035e-03 9.999959e-01 2.531417e+02
9.999855e-01 5.252941e-03 -1.182883e-03 9.267781e+01 -5.255806e-03 9.999832e-01 -2.429250e-03 -1.053566e+01 1.170165e-03 2.435440e-03 9.999963e-01 2.544904e+02
9.999765e-01 -5.645488e-03 -3.878598e-03 9.312366e+01 5.651910e-03 9.999827e-01 1.647438e-03 -1.059332e+01 3.869293e-03 -1.669314e-03 9.999910e-01 2.558892e+02
9.999859e-01 5.266868e-03 -6.764478e-04 9.350177e+01 -5.268619e-03 9.999827e-01 -2.608887e-03 -1.066436e+01 6.627579e-04 2.612421e-03 9.999963e-01 2.575730e+02
9.999785e-01 -5.890215e-03 -2.892735e-03 9.385536e+01 5.895037e-03 9.999812e-01 1.661975e-03 -1.073445e+01 2.882953e-03 -1.678986e-03 9.999943e-01 2.592403e+02
9.999849e-01 5.452293e-03 -6.655648e-04 9.425992e+01 -5.453880e-03 9.999822e-01 -2.401929e-03 -1.079952e+01 6.525189e-04 2.405530e-03 9.999968e-01 2.607993e+02
9.999807e-01 -5.951486e-03 1.769512e-03 9.492046e+01 5.946482e-03 9.999783e-01 2.819067e-03 -1.084737e+01 -1.786189e-03 -2.808483e-03 9.999944e-01 2.620397e+02
9.999014e-01 6.146805e-03 -1.262530e-02 9.572888e+01 -6.183560e-03 9.999768e-01 -2.874048e-03 -1.090202e+01 1.260740e-02 2.951841e-03 9.999161e-01 2.634550e+02
9.999801e-01 -5.922302e-03 -2.181071e-03 9.678742e+01 5.932691e-03 9.999709e-01 4.789188e-03 -1.094513e+01 2.152705e-03 -4.802026e-03 9.999861e-01 2.647359e+02
9.999237e-01 5.965474e-03 -1.081804e-02 9.783275e+01 -5.998398e-03 9.999775e-01 -3.013370e-03 -1.098660e+01 1.079988e-02 3.078039e-03 9.999369e-01 2.659780e+02
9.999698e-01 -6.629564e-03 4.058112e-03 9.881474e+01 6.608945e-03 9.999653e-01 5.072857e-03 -1.103490e+01 -4.091544e-03 -5.045877e-03 9.999788e-01 2.673644e+02
9.998937e-01 6.309352e-03 -1.314491e-02 9.992472e+01 -6.345868e-03 9.999761e-01 -2.737917e-03 -1.108097e+01 1.312738e-02 2.821049e-03 9.999098e-01 2.687536e+02
9.999818e-01 -6.029888e-03 -3.214853e-04 1.010587e+02 6.031143e-03 9.999736e-01 4.063632e-03 -1.112732e+01 2.970301e-04 -4.065490e-03 9.999916e-01 2.701216e+02
9.999108e-01 6.341197e-03 -1.175468e-02 1.020104e+02 -6.374752e-03 9.999757e-01 -2.819150e-03 -1.116638e+01 1.173658e-02 2.893839e-03 9.999268e-01 2.712644e+02
