9.983093e-01 3.525396e-03 -5.801784e-02 2.290527e-01 -3.393999e-03 9.999914e-01 2.363149e-03 -4.087228e-04 5.802567e-02 -2.162240e-03 9.983126e-01 3.766904e-01
9.999984e-01 1.161134e-04 1.784509e-03 3.220743e-01 -1.159252e-04 1.000000e+00 -1.055374e-04 1.535459e-03 -1.784533e-03 1.053313e-04 9.999983e-01 7.703716e-01
9.986557e-01 3.251433e-03 -5.173230e-02 3.861026e-01 -3.143624e-03 9.999927e-01 2.165201e-03 3.138235e-03 5.173895e-02 -1.999663e-03 9.986585e-01 1.136090e+00
9.999265e-01 -6.924479e-04 1.210033e-02 5.305066e-01 6.993673e-04 9.999996e-01 -5.676020e-04 2.917226e-03 -1.209995e-02 5.760241e-04 9.999265e-01 1.402160e+00
9.986927e-01 3.199502e-03 -5.101576e-02 6.512367e-01 -3.095302e-03 9.999930e-01 2.121375e-03 2.808126e-03 5.102217e-02 -1.960691e-03 9.986955e-01 1.672120e+00
9.998877e-01 -7.512442e-04 1.496469e-02 7.502187e-01 7.606881e-04 9.999995e-01 -6.253846e-04 2.917204e-03 -1.496424e-02 6.366993e-04 9.998877e-01 1.933270e+00
9.983785e-01 3.500651e-03 -5.681706e-02 7.941249e-01 -3.372821e-03 9.999916e-01 2.345599e-03 3.801259e-03 5.682476e-02 -2.150161e-03 9.983818e-01 2.256159e+00
9.996323e-01 -7.143451e-04 2.710626e-02 6.572413e-01 7.406694e-04 9.999993e-01 -9.611115e-04 7.144761e-03 -2.710559e-02 9.808365e-04 9.996320e-01 2.607472e+00
9.993554e-01 2.117201e-03 -3.583820e-02 5.331917e-01 -2.065201e-03 9.999968e-01 1.487912e-03 8.205476e-03 3.584120e-02 -1.412939e-03 9.993564e-01 2.869324e+00
9.995763e-01 -8.439115e-04 2.909628e-02 4.255514e-01 8.727068e-04 9.999991e-01 -9.769589e-04 8.678724e-03 -2.909547e-02 1.001939e-03 9.995760e-01 3.148246e+00
9.994259e-01 1.881118e-03 -3.382818e-02 3.229741e-01 -1.837157e-03 9.999974e-01 1.330585e-03 9.205602e-03 3.383056e-02 -1.267672e-03 9.994267e-01 3.376948e+00
9.995266e-01 -9.474623e-04 3.075185e-02 2.277479e-01 9.789572e-04 9.999990e-01 -1.009111e-03 9.640990e-03 -3.075090e-02 1.038740e-03 9.995264e-01 3.580283e+00
9.995601e-01 1.634883e-03 -2.961250e-02 1.470256e-01 -1.599171e-03 9.999980e-01 1.229602e-03 9.501397e-03 2.961441e-02 -1.181704e-03 9.995606e-01 3.792525e+00
9.990213e-01 -1.816620e-03 4.419347e-02 1.161357e-01 1.876192e-03 9.999974e-01 -1.306527e-03 7.771583e-03 -4.419101e-02 1.388165e-03 9.990220e-01 3.951745e+00
9.996500e-01 1.318414e-03 -2.642278e-02 1.237736e-01 -1.293476e-03 9.999987e-01 9.608611e-04 5.573150e-03 2.642398e-02 -9.263459e-04 9.996503e-01 4.084900e+00
9.993644e-01 -1.257087e-03 3.562607e-02 8.374170e-02 1.292492e-03 9.999987e-01 -9.707646e-04 4.186142e-03 -3.562483e-02 1.016196e-03 9.993646e-01 4.269879e+00
9.996485e-01 1.319539e-03 -2.647831e-02 2.797822e-02 -1.295068e-03 9.999987e-01 9.413096e-04 3.373653e-03 2.647949e-02 -9.066860e-04 9.996488e-01 4.441022e+00
9.992440e-01 -1.463268e-03 3.884855e-02 -3.592946e-02 1.502913e-03 9.999984e-01 -9.913041e-04 2.900658e-03 -3.884707e-02 1.048942e-03 9.992445e-01 4.601648e+00
9.995164e-01 1.532333e-03 -3.105677e-02 -1.110259e-01 -1.501615e-03 9.999984e-01 1.012391e-03 3.050116e-03 3.105825e-02 -9.652642e-04 9.995170e-01 4.743938e+00
9.994021e-01 -1.225177e-03 3.455240e-02 -1.598661e-01 1.255179e-03 9.999989e-01 -8.466204e-04 2.739402e-03 -3.455135e-02 8.894853e-04 9.994024e-01 4.829048e+00
9.997545e-01 9.582436e-04 -2.213644e-02 1.982387e-03 -9.391492e-04 9.999992e-01 8.729473e-04 -1.806330e-03 2.213723e-02 -8.519419e-04 9.997545e-01 4.870872e+00
9.995970e-01 -1.045236e-03 2.836891e-02 7.745123e-02 1.071201e-03 9.999990e-01 -9.000751e-04 -4.647466e-03 -2.836796e-02 9.301028e-04 9.995970e-01 4.977049e+00
9.997346e-01 1.078750e-03 -2.301398e-02 2.506145e-01 -1.051265e-03 9.999987e-01 1.206321e-03 -8.924669e-03 2.301523e-02 -1.181805e-03 9.997343e-01 5.029052e+00
9.996351e-01 -1.251909e-03 2.698174e-02 6.021222e-01 1.281484e-03 9.999986e-01 -1.078854e-03 -1.538802e-02 -2.698038e-02 1.113039e-03 9.996352e-01 5.014472e+00
9.997990e-01 1.145719e-03 -2.001647e-02 7.186671e-01 -1.124529e-03 9.999988e-01 1.069831e-03 -1.895150e-02 2.001765e-02 -1.047105e-03 9.997990e-01 5.082955e+00
9.995317e-01 -1.251173e-03 3.057603e-02 6.979307e-01 1.286316e-03 9.999985e-01 -1.129699e-03 -2.032071e-02 -3.057460e-02 1.168502e-03 9.995317e-01 5.197342e+00
9.997969e-01 1.152460e-03 -2.012055e-02 6.689992e-01 -1.132246e-03 9.999988e-01 1.015964e-03 -2.148808e-02 2.012167e-02 -9.929751e-04 9.997969e-01 5.306927e+00
9.996543e-01 -1.118182e-03 2.626655e-02 7.073614e-01 1.142999e-03 9.999989e-01 -9.297771e-04 -2.359774e-02 -2.626550e-02 9.594800e-04 9.996544e-01 5.370553e+00
9.997994e-01 1.184356e-03 -1.999255e-02 7.091845e-01 -1.165107e-03 9.999988e-01 9.743902e-04 -2.524828e-02 1.999366e-02 -9.508996e-04 9.997996e-01 5.451138e+00
9.994595e-01 -1.462837e-03 3.284087e-02 7.414067e-01 1.501256e-03 9.999982e-01 -1.145213e-03 -2.766183e-02 -3.283916e-02 1.193898e-03 9.994598e-01 5.534054e+00
9.997742e-01 1.255565e-03 -2.121313e-02 7.555337e-01 -1.234900e-03 9.999988e-01 9.872676e-04 -2.964520e-02 2.121432e-02 -9.608469e-04 9.997744e-01 5.613578e+00
9.993725e-01 -1.613256e-03 3.538237e-02 8.037193e-01 1.656185e-03 9.999979e-01 -1.184000e-03 -3.238485e-02 -3.538041e-02 1.241859e-03 9.993730e-01 5.691256e+00
9.997623e-01 1.264968e-03 -2.176399e-02 8.756773e-01 -1.243184e-03 9.999987e-01 1.014401e-03 -3.551256e-02 2.176522e-02 -9.871017e-04 9.997625e-01 5.766413e+00
9.994677e-01 -1.546130e-03 3.258731e-02 9.735804e-01 1.584128e-03 9.999981e-01 -1.140228e-03 -3.892808e-02 -3.258551e-02 1.191245e-03 9.994681e-01 5.828332e+00
9.997999e-01 1.277197e-03 -1.996550e-02 9.996482e-01 -1.257897e-03 9.999987e-01 9.792001e-04 -4.127413e-02 1.996671e-02 -9.538881e-04 9.998001e-01 5.915167e+00
9.995313e-01 -1.480627e-03 3.057889e-02 1.034879e+00 1.513170e-03 9.999983e-01 -1.041122e-03 -4.356813e-02 -3.057731e-02 1.086907e-03 9.995317e-01 5.994486e+00
9.997796e-01 1.325833e-03 -2.095022e-02 1.106748e+00 -1.304179e-03 9.999986e-01 1.047233e-03 -4.657396e-02 2.095156e-02 -1.019678e-03 9.997799e-01 6.064789e+00
9.995862e-01 -1.388845e-03 2.872996e-02 1.140730e+00 1.418203e-03 9.999985e-01 -1.001507e-03 -4.873112e-02 -2.872854e-02 1.041839e-03 9.995866e-01 6.144882e+00
9.994980e-01 1.673932e-03 -3.163651e-02 1.238774e+00 -1.629022e-03 9.999976e-01 1.445275e-03 -5.145930e-02 3.163884e-02 -1.393011e-03 9.994983e-01 6.248262e+00
9.995322e-01 -1.311509e-03 3.055722e-02 1.230553e+00 1.346257e-03 9.999985e-01 -1.116592e-03 -5.229055e-02 -3.055572e-02 1.157209e-03 9.995323e-01 6.385094e+00
9.997830e-01 1.319330e-03 -2.078918e-02 1.175315e+00 -1.296400e-03 9.999985e-01 1.116424e-03 -5.300412e-02 2.079061e-02 -1.089229e-03 9.997832e-01 6.544854e+00
9.996688e-01 -1.077316e-03 2.571242e-02 1.117384e+00 1.103790e-03 9.999989e-01 -1.015434e-03 -5.345919e-02 -2.571131e-02 1.043481e-03 9.996688e-01 6.685399e+00
9.997880e-01 1.167806e-03 -2.055485e-02 1.218297e+00 -1.139741e-03 9.999984e-01 1.377024e-03 -5.678714e-02 2.055641e-02 -1.353303e-03 9.997877e-01 6.787484e+00
9.999214e-01 -1.354654e-03 1.246136e-02 1.926097e+00 1.355659e-03 9.999991e-01 -7.216306e-05 -6.768338e-02 -1.246126e-02 8.905253e-05 9.999223e-01 6.827050e+00
9.997072e-01 9.131102e-04 -2.418112e-02 2.700167e+00 -8.776590e-04 9.999985e-01 1.476636e-03 -7.850503e-02 2.418242e-02 -1.454979e-03 9.997064e-01 6.820355e+00
9.997268e-01 -9.767338e-04 2.335420e-02 2.850214e+00 1.003336e-03 9.999989e-01 -1.127360e-03 -8.150633e-02 -2.335309e-02 1.150486e-03 9.997265e-01 6.873956e+00
9.997597e-01 1.436945e-03 -2.187282e-02 2.780329e+00 -1.410807e-03 9.999983e-01 1.210402e-03 -8.128511e-02 2.187451e-02 -1.179250e-03 9.997599e-01 6.973727e+00
9.994896e-01 -1.476969e-03 3.191186e-02 2.743711e+00 1.517201e-03 9.999981e-01 -1.236544e-03 -8.244038e-02 -3.190998e-02 1.284331e-03 9.994898e-01 7.085350e+00
9.999019e-01 9.757308e-04 -1.397095e-02 2.706847e+00 -9.641774e-04 9.999992e-01 8.336624e-04 -8.372726e-02 1.397174e-02 -8.201083e-04 9.999020e-01 7.200884e+00
9.996033e-01 -1.264141e-03 2.813544e-02 2.699029e+00 1.291483e-03 9.999987e-01 -9.536272e-04 -8.543272e-02 -2.813421e-02 9.895872e-04 9.996036e-01 7.321336e+00
9.997156e-01 1.413750e-03 -2.380593e-02 2.679361e+00 -1.388760e-03 9.999985e-01 1.066238e-03 -8.662285e-02 2.380739e-02 -1.032872e-03 9.997159e-01 7.442717e+00
9.996491e-01 -1.236083e-03 2.645877e-02 2.687882e+00 1.258774e-03 9.999989e-01 -8.409830e-04 -8.814970e-02 -2.645771e-02 8.739955e-04 9.996495e-01 7.531904e+00
9.997275e-01 1.246080e-03 -2.330994e-02 2.833396e+00 -1.223467e-03 9.999988e-01 9.843222e-04 -9.079429e-02 2.331113e-02 -9.555331e-04 9.997277e-01 7.490628e+00
9.996638e-01 -1.280964e-03 2.589514e-02 3.004975e+00 1.306397e-03 9.999987e-01 -9.652579e-04 -9.327266e-02 -2.589387e-02 9.987647e-04 9.996641e-01 7.417174e+00
9.994244e-01 1.195576e-03 -3.390390e-02 3.709839e+00 -1.122015e-03 9.999970e-01 2.188649e-03 -1.038864e-01 3.390641e-02 -2.149346e-03 9.994226e-01 7.428000e+00
9.998601e-01 -1.775511e-03 1.663415e-02 4.909107e+00 1.780883e-03 9.999984e-01 -3.081491e-04 -1.196667e-01 -1.663359e-02 3.377317e-04 9.998615e-01 7.325892e+00
9.997427e-01 1.164162e-03 -2.265489e-02 5.587697e+00 -1.139073e-03 9.999987e-01 1.120345e-03 -1.287897e-01 2.265616e-02 -1.094248e-03 9.997426e-01 7.254467e+00
9.996975e-01 -8.913615e-04 2.458073e-02 5.537071e+00 9.162345e-04 9.999991e-01 -1.000639e-03 -1.292623e-01 -2.457983e-02 1.022861e-03 9.996972e-01 7.362630e+00
9.998857e-01 9.382891e-04 -1.509213e-02 5.469609e+00 -9.232914e-04 9.999991e-01 1.000672e-03 -1.293899e-01 1.509305e-02 -9.866204e-04 9.998855e-01 7.496644e+00
9.994474e-01 -1.387957e-03 3.321061e-02 5.422362e+00 1.430548e-03 9.999982e-01 -1.258712e-03 -1.304587e-01 -3.320881e-02 1.305528e-03 9.994475e-01 7.657333e+00
9.996251e-01 1.375844e-03 -2.734422e-02 5.635276e+00 -1.336114e-03 9.999980e-01 1.471184e-03 -1.339162e-01 2.734618e-02 -1.434095e-03 9.996249e-01 7.595259e+00
9.996701e-01 -1.399675e-03 2.564615e-02 5.903198e+00 1.438375e-03 9.999979e-01 -1.490636e-03 -1.304991e-01 -2.564402e-02 1.527036e-03 9.996699e-01 7.078239e+00
9.997175e-01 1.347164e-03 -2.372925e-02 6.073805e+00 -1.312556e-03 9.999981e-01 1.473964e-03 -1.316516e-01 2.373118e-02 -1.442399e-03 9.997172e-01 6.924356e+00
9.995329e-01 -1.310091e-03 3.053463e-02 6.127072e+00 1.347600e-03 9.999984e-01 -1.207840e-03 -1.341866e-01 -3.053301e-02 1.248426e-03 9.995329e-01 7.031423e+00
9.996163e-01 1.196751e-03 -2.767349e-02 6.538904e+00 -1.151748e-03 9.999980e-01 1.642090e-03 -1.416178e-01 2.767539e-02 -1.609585e-03 9.996156e-01 7.053434e+00
9.991435e-01 -1.587475e-03 4.134929e-02 6.689876e+00 1.652081e-03 9.999975e-01 -1.528323e-03 -1.462538e-01 -4.134676e-02 1.595328e-03 9.991435e-01 7.182140e+00
9.989031e-01 1.423767e-03 -4.680293e-02 7.210857e+00 -1.348066e-03 9.999977e-01 1.648964e-03 -1.376642e-01 4.680517e-02 -1.584059e-03 9.989027e-01 6.046060e+00
9.995676e-01 -1.612555e-03 2.935991e-02 8.116625e+00 1.682740e-03 9.999958e-01 -2.365935e-03 -1.142894e-01 -2.935598e-02 2.414319e-03 9.995660e-01 3.698056e+00
9.995878e-01 1.767680e-03 -2.865611e-02 8.231567e+00 -1.696382e-03 9.999954e-01 2.512165e-03 -1.101691e-01 2.866042e-02 -2.462516e-03 9.995861e-01 3.273451e+00
9.995897e-01 -1.666226e-03 2.859626e-02 8.425833e+00 1.732203e-03 9.999959e-01 -2.282580e-03 -1.071331e-01 -2.859234e-02 2.331181e-03 9.995883e-01 2.823247e+00
9.995636e-01 1.455332e-03 -2.950570e-02 8.737055e+00 -1.395196e-03 9.999969e-01 2.058580e-03 -1.050184e-01 2.950860e-02 -2.016513e-03 9.995624e-01 2.342742e+00
9.995258e-01 -8.549391e-04 3.077991e-02 8.641935e+00 9.098761e-04 9.999980e-01 -1.770867e-03 -1.040005e-01 -3.077834e-02 1.798036e-03 9.995245e-01 2.521067e+00
9.995672e-01 1.493760e-03 -2.938057e-02 8.545116e+00 -1.435773e-03 9.999970e-01 1.994641e-03 -1.029090e-01 2.938346e-02 -1.951591e-03 9.995662e-01 2.692253e+00
9.994771e-01 -1.047604e-03 3.231905e-02 8.454487e+00 1.105106e-03 9.999978e-01 -1.761393e-03 -1.019290e-01 -3.231714e-02 1.796190e-03 9.994760e-01 2.853745e+00
9.994876e-01 1.769431e-03 -3.196067e-02 8.353416e+00 -1.706163e-03 9.999965e-01 2.006718e-03 -1.007421e-01 3.196410e-02 -1.951157e-03 9.994870e-01 3.033015e+00
9.997112e-01 -9.644697e-04 2.401326e-02 8.442067e+00 9.908059e-04 9.999989e-01 -1.084857e-03 -1.032035e-01 -2.401219e-02 1.108339e-03 9.997110e-01 3.257413e+00
9.994644e-01 1.467059e-03 -3.269147e-02 8.621992e+00 -1.403785e-03 9.999971e-01 1.958355e-03 -1.060672e-01 3.269424e-02 -1.911412e-03 9.994635e-01 3.457720e+00
9.993227e-01 -1.152813e-03 3.678012e-02 8.539809e+00 1.219133e-03 9.999977e-01 -1.780771e-03 -1.053329e-01 -3.677799e-02 1.824408e-03 9.993217e-01 3.595303e+00
9.994784e-01 1.419106e-03 -3.226288e-02 8.464643e+00 -1.358497e-03 9.999973e-01 1.900443e-03 -1.048255e-01 3.226548e-02 -1.855620e-03 9.994775e-01 3.713554e+00
9.991862e-01 -1.368982e-03 4.031094e-02 8.402345e+00 1.445893e-03 9.999972e-01 -1.878862e-03 -1.049435e-01 -4.030826e-02 1.935621e-03 9.991853e-01 3.818004e+00
9.994073e-01 1.493858e-03 -3.439153e-02 8.435006e+00 -1.423036e-03 9.999968e-01 2.083659e-03 -1.070145e-01 3.439453e-02 -2.033481e-03 9.994062e-01 3.889829e+00
9.992680e-01 -1.444677e-03 3.822839e-02 8.566987e+00 1.518897e-03 9.999970e-01 -1.912515e-03 -1.105757e-01 -3.822552e-02 1.969183e-03 9.992671e-01 3.929081e+00
9.994191e-01 1.537089e-03 -3.404587e-02 8.736913e+00 -1.466284e-03 9.999967e-01 2.104570e-03 -1.143385e-01 3.404899e-02 -2.053424e-03 9.994180e-01 3.932239e+00
9.991987e-01 -1.677325e-03 3.998837e-02 9.019287e+00 1.760707e-03 9.999963e-01 -2.050037e-03 -1.202342e-01 -3.998479e-02 2.118805e-03 9.991979e-01 3.931542e+00
9.995129e-01 1.524423e-03 -3.117257e-02 9.124750e+00 -1.461205e-03 9.999968e-01 2.050684e-03 -1.236864e-01 3.117559e-02 -2.004133e-03 9.995118e-01 4.003776e+00
9.993855e-01 -1.416837e-03 3.502447e-02 9.221528e+00 1.480468e-03 9.999973e-01 -1.790898e-03 -1.265813e-01 -3.502184e-02 1.841653e-03 9.993848e-01 4.057038e+00
9.994611e-01 1.391481e-03 -3.279459e-02 9.496720e+00 -1.325219e-03 9.999970e-01 2.042140e-03 -1.313454e-01 3.279733e-02 -1.997576e-03 9.994599e-01 4.032097e+00
9.994086e-01 -1.454739e-03 3.435606e-02 9.875819e+00 1.515569e-03 9.999973e-01 -1.744608e-03 -1.369578e-01 -3.435344e-02 1.795647e-03 9.994080e-01 3.959530e+00
9.994844e-01 1.432494e-03 -3.207652e-02 1.009109e+01 -1.368442e-03 9.999970e-01 2.018720e-03 -1.411445e-01 3.207931e-02 -1.973781e-03 9.994833e-01 3.973941e+00
9.993441e-01 -1.250678e-03 3.619125e-02 1.010102e+01 1.314506e-03 9.999976e-01 -1.739893e-03 -1.428196e-01 -3.618899e-02 1.786328e-03 9.993433e-01 4.078429e+00
9.996273e-01 1.267535e-03 -2.727019e-02 1.010225e+01 -1.217128e-03 9.999975e-01 1.864919e-03 -1.446154e-01 2.727248e-02 -1.831030e-03 9.996263e-01 4.198364e+00
9.993765e-01 -1.223583e-03 3.528576e-02 1.005852e+01 1.289280e-03 9.999975e-01 -1.839145e-03 -1.455358e-01 -3.528342e-02 1.883495e-03 9.993755e-01 4.339498e+00
9.995205e-01 1.491794e-03 -3.092837e-02 1.003891e+01 -1.427221e-03 9.999968e-01 2.109806e-03 -1.467275e-01 3.093141e-02 -2.064650e-03 9.995193e-01 4.452975e+00
9.993583e-01 -1.386434e-03 3.579152e-02 1.007331e+01 1.453865e-03 9.999972e-01 -1.858042e-03 -1.487380e-01 -3.578885e-02 1.908888e-03 9.993575e-01 4.538102e+00
9.995263e-01 1.561686e-03 -3.073795e-02 1.006177e+01 -1.498792e-03 9.999967e-01 2.069060e-03 -1.499584e-01 3.074108e-02 -2.022007e-03 9.995252e-01 4.636436e+00
9.992435e-01 -1.561271e-03 3.885754e-02 1.008749e+01 1.636995e-03 9.999968e-01 -1.917012e-03 -1.520509e-01 -3.885442e-02 1.979174e-03 9.992428e-01 4.734370e+00
9.996100e-01 1.396442e-03 -2.789117e-02 1.014271e+01 -1.342891e-03 9.999972e-01 1.938654e-03 -1.548642e-01 2.789380e-02 -1.900440e-03 9.996090e-01 4.851850e+00
9.991478e-01 -1.600720e-03 4.124338e-02 1.010114e+01 1.687042e-03 9.999965e-01 -2.058265e-03 -1.559740e-01 -4.123993e-02 2.126093e-03 9.991469e-01 5.007657e+00
9.996003e-01 1.396254e-03 -2.823628e-02 1.004113e+01 -1.341988e-03 9.999972e-01 1.940719e-03 -1.565065e-01 2.823892e-02 -1.902047e-03 9.995993e-01 5.151090e+00
9.996126e-01 -7.773461e-04 2.782244e-02 9.965393e+00 8.271756e-04 9.999981e-01 -1.779518e-03 -1.563605e-01 -2.782100e-02 1.801846e-03 9.996112e-01 5.281043e+00
9.989007e-01 2.425781e-03 -4.681336e-02 9.899629e+00 -2.307299e-03 9.999940e-01 2.584816e-03 -1.554203e-01 4.681935e-02 -2.473959e-03 9.989002e-01 5.484699e+00
9.998798e-01 1.141324e-04 1.550397e-02 9.796632e+00 -9.438486e-05 9.999992e-01 -1.274435e-03 -1.528354e-01 -1.550410e-02 1.272822e-03 9.998789e-01 5.774415e+00
9.995381e-01 1.594558e-03 -3.034786e-02 9.669087e+00 -1.536623e-03 9.999970e-01 1.932250e-03 -1.506307e-01 3.035085e-02 -1.884721e-03 9.995374e-01 6.001680e+00
9.996847e-01 -8.937168e-04 2.509415e-02 9.704105e+00 9.298936e-04 9.999985e-01 -1.430006e-03 -1.521381e-01 -2.509284e-02 1.452893e-03 9.996840e-01 6.133427e+00
9.996318e-01 7.911095e-04 -2.712268e-02 1.015546e+01 -7.383797e-04 9.999978e-01 1.954083e-03 -1.591432e-01 2.712416e-02 -1.933334e-03 9.996301e-01 6.099357e+00
9.997733e-01 -9.469422e-04 2.127020e-02 1.054129e+01 9.798245e-04 9.999983e-01 -1.535560e-03 -1.652437e-01 -2.126872e-02 1.556056e-03 9.997725e-01 6.081920e+00
9.995991e-01 1.513036e-03 -2.827375e-02 1.070639e+01 -1.454592e-03 9.999968e-01 2.087537e-03 -1.681559e-01 2.827682e-02 -2.045570e-03 9.995979e-01 6.146792e+00
9.996451e-01 -1.442440e-03 2.659916e-02 1.095057e+01 1.492709e-03 9.999971e-01 -1.870101e-03 -1.707997e-01 -2.659639e-02 1.909145e-03 9.996443e-01 6.031880e+00
9.996389e-01 1.394629e-03 -2.683350e-02 1.121241e+01 -1.343774e-03 9.999973e-01 1.913162e-03 -1.710916e-01 2.683609e-02 -1.876410e-03 9.996380e-01 5.747717e+00
9.996141e-01 -1.406494e-03 2.774471e-02 1.146026e+01 1.458515e-03 9.999972e-01 -1.854824e-03 -1.739848e-01 -2.774203e-02 1.894578e-03 9.996132e-01 5.635813e+00
9.996347e-01 1.394696e-03 -2.699130e-02 1.172558e+01 -1.343059e-03 9.999972e-01 1.931135e-03 -1.760472e-01 2.699391e-02 -1.894175e-03 9.996337e-01 5.448923e+00
9.995234e-01 -1.414305e-03 3.083692e-02 1.187581e+01 1.474660e-03 9.999970e-01 -1.934595e-03 -1.783572e-01 -3.083409e-02 1.979151e-03 9.995225e-01 5.379770e+00
9.996195e-01 1.475269e-03 -2.754234e-02 1.200015e+01 -1.419507e-03 9.999969e-01 2.044043e-03 -1.812498e-01 2.754527e-02 -2.004165e-03 9.996184e-01 5.382555e+00
9.995012e-01 -1.473393e-03 3.154698e-02 1.212353e+01 1.538248e-03 9.999968e-01 -2.031660e-03 -1.833543e-01 -3.154388e-02 2.079177e-03 9.995001e-01 5.324612e+00
9.996984e-01 1.441631e-03 -2.451743e-02 1.217027e+01 -1.392627e-03 9.999970e-01 2.015703e-03 -1.856939e-01 2.452026e-02 -1.980948e-03 9.996973e-01 5.368357e+00
9.993067e-01 -1.703881e-03 3.719190e-02 1.215075e+01 1.788826e-03 9.999959e-01 -2.250789e-03 -1.871799e-01 -3.718792e-02 2.315762e-03 9.993055e-01 5.447946e+00
9.994403e-01 2.001439e-03 -3.339199e-02 1.210800e+01 -1.925319e-03 9.999955e-01 2.311592e-03 -1.880738e-01 3.339646e-02 -2.246005e-03 9.994396e-01 5.552009e+00
9.993187e-01 -1.660943e-03 3.686842e-02 1.205662e+01 1.744291e-03 9.999960e-01 -2.228660e-03 -1.886217e-01 -3.686457e-02 2.291455e-03 9.993175e-01 5.644088e+00
9.997285e-01 1.421323e-03 -2.325709e-02 1.201646e+01 -1.375886e-03 9.999971e-01 1.969568e-03 -1.897189e-01 2.325982e-02 -1.937031e-03 9.997275e-01 5.734671e+00
9.996506e-01 -1.137102e-03 2.640680e-02 1.198240e+01 1.185131e-03 9.999977e-01 -1.803227e-03 -1.907853e-01 -2.640468e-02 1.833896e-03 9.996496e-01 5.866811e+00
9.995578e-01 1.911729e-03 -2.967457e-02 1.191076e+01 -1.849992e-03 9.999961e-01 2.107781e-03 -1.907423e-01 2.967848e-02 -2.051948e-03 9.995573e-01 6.027807e+00
9.993172e-01 -1.725019e-03 3.690623e-02 1.185828e+01 1.802344e-03 9.999962e-01 -2.061990e-03 -1.914984e-01 -3.690253e-02 2.127103e-03 9.993165e-01 6.153377e+00
9.996407e-01 1.712094e-03 -2.674813e-02 1.179529e+01 -1.658374e-03 9.999966e-01 2.030425e-03 -1.919989e-01 2.675151e-02 -1.985334e-03 9.996400e-01 6.300094e+00
9.991187e-01 -2.005286e-03 4.192670e-02 1.174482e+01 2.099993e-03 9.999953e-01 -2.214932e-03 -1.929993e-01 -4.192206e-02 2.301029e-03 9.991181e-01 6.435026e+00
9.994998e-01 1.972027e-03 -3.156270e-02 1.168654e+01 -1.904670e-03 9.999958e-01 2.164016e-03 -1.936288e-01 3.156684e-02 -2.102814e-03 9.994993e-01 6.574319e+00
9.993040e-01 -1.704433e-03 3.726400e-02 1.163135e+01 1.782183e-03 9.999963e-01 -2.053338e-03 -1.941457e-01 -3.726036e-02 2.118323e-03 9.993032e-01 6.695332e+00
9.996488e-01 1.644338e-03 -2.644881e-02 1.158279e+01 -1.593096e-03 9.999968e-01 1.958347e-03 -1.950174e-01 2.645195e-02 -1.915520e-03 9.996482e-01 6.813336e+00
9.991079e-01 -1.979021e-03 4.218488e-02 1.153142e+01 2.072557e-03 9.999955e-01 -2.173672e-03 -1.958745e-01 -4.218038e-02 2.259167e-03 9.991074e-01 6.941869e+00
9.996876e-01 1.562527e-03 -2.494391e-02 1.147857e+01 -1.516185e-03 9.999971e-01 1.876662e-03 -1.967433e-01 2.494678e-02 -1.838253e-03 9.996870e-01 7.077188e+00
9.991771e-01 -1.907623e-03 4.051539e-02 1.142608e+01 1.994606e-03 9.999958e-01 -2.106579e-03 -1.975954e-01 -4.051119e-02 2.185660e-03 9.991766e-01 7.206039e+00
9.996574e-01 1.643284e-03 -2.612150e-02 1.137687e+01 -1.594837e-03 9.999970e-01 1.875408e-03 -1.984698e-01 2.612452e-02 -1.833103e-03 9.996569e-01 7.323236e+00
9.990909e-01 -1.998631e-03 4.258398e-02 1.133060e+01 2.090860e-03 9.999956e-01 -2.121402e-03 -1.994802e-01 -4.257954e-02 2.208514e-03 9.990905e-01 7.446993e+00
9.996301e-01 1.670650e-03 -2.714562e-02 1.129477e+01 -1.620872e-03 9.999970e-01 1.855648e-03 -2.006949e-01 2.714866e-02 -1.810959e-03 9.996297e-01 7.565458e+00
9.992687e-01 -1.813337e-03 3.819448e-02 1.132134e+01 1.884678e-03 9.999965e-01 -1.831931e-03 -2.029070e-01 -3.819100e-02 1.902579e-03 9.992685e-01 7.670041e+00
9.994762e-01 1.820642e-03 -3.231112e-02 1.139845e+01 -1.755312e-03 9.999964e-01 2.050144e-03 -2.056865e-01 3.231475e-02 -1.992351e-03 9.994757e-01 7.757606e+00
9.992300e-01 -1.788290e-03 3.919428e-02 1.141408e+01 1.863427e-03 9.999965e-01 -1.880592e-03 -2.075051e-01 -3.919076e-02 1.952183e-03 9.992297e-01 7.850272e+00
9.996568e-01 1.596539e-03 -2.614731e-02 1.141805e+01 -1.549288e-03 9.999971e-01 1.827259e-03 -2.094774e-01 2.615017e-02 -1.786119e-03 9.996563e-01 7.977798e+00
9.992628e-01 -1.780745e-03 3.834879e-02 1.145949e+01 1.849992e-03 9.999967e-01 -1.770329e-03 -2.121744e-01 -3.834549e-02 1.839972e-03 9.992627e-01 8.111569e+00
9.996398e-01 1.683542e-03 -2.678468e-02 1.140917e+01 -1.637672e-03 9.999972e-01 1.734388e-03 -2.130767e-01 2.678755e-02 -1.689896e-03 9.996396e-01 8.286337e+00
9.993755e-01 -1.607253e-03 3.529823e-02 1.135571e+01 1.664589e-03 9.999973e-01 -1.594997e-03 -2.137065e-01 -3.529555e-02 1.652760e-03 9.993755e-01 8.460023e+00
9.995445e-01 1.760384e-03 -3.012823e-02 1.131839e+01 -1.706876e-03 9.999969e-01 1.801650e-03 -2.145911e-01 3.013133e-02 -1.749401e-03 9.995443e-01 8.599845e+00
9.993284e-01 -1.613565e-03 3.660703e-02 1.126426e+01 1.675032e-03 9.999972e-01 -1.648519e-03 -2.150467e-01 -3.660424e-02 1.708733e-03 9.993283e-01 8.747689e+00
9.994870e-01 1.885459e-03 -3.197191e-02 1.122718e+01 -1.824869e-03 9.999965e-01 1.924179e-03 -2.160118e-01 3.197545e-02 -1.864845e-03 9.994868e-01 8.894176e+00
9.993510e-01 -1.679956e-03 3.598274e-02 1.123195e+01 1.739758e-03 9.999972e-01 -1.630744e-03 -2.175147e-01 -3.597987e-02 1.692290e-03 9.993510e-01 8.997198e+00
9.994693e-01 1.891394e-03 -3.252065e-02 1.121106e+01 -1.832425e-03 9.999966e-01 1.843003e-03 -2.184358e-01 3.252405e-02 -1.782430e-03 9.994693e-01 9.098064e+00
9.993744e-01 -1.498081e-03 3.533458e-02 1.115121e+01 1.557657e-03 9.999974e-01 -1.658602e-03 -2.184915e-01 -3.533198e-02 1.712607e-03 9.993741e-01 9.210589e+00
9.995756e-01 1.643525e-03 -2.908484e-02 1.109732e+01 -1.592635e-03 9.999972e-01 1.772818e-03 -2.189133e-01 2.908770e-02 -1.725741e-03 9.995753e-01 9.351644e+00
9.994832e-01 -1.326499e-03 3.211936e-02 1.103519e+01 1.378766e-03 9.999978e-01 -1.605189e-03 -2.188598e-01 -3.211713e-02 1.648648e-03 9.994827e-01 9.465372e+00
9.995746e-01 1.699238e-03 -2.911634e-02 1.096392e+01 -1.648793e-03 9.999971e-01 1.756462e-03 -2.184116e-01 2.911927e-02 -1.707705e-03 9.995744e-01 9.576834e+00
9.994934e-01 -1.296974e-03 3.179965e-02 1.088482e+01 1.347360e-03 9.999979e-01 -1.563123e-03 -2.176839e-01 -3.179752e-02 1.605179e-03 9.994929e-01 9.699589e+00
9.995152e-01 1.901741e-03 -3.107521e-02 1.080191e+01 -1.848747e-03 9.999968e-01 1.734025e-03 -2.171271e-01 3.107843e-02 -1.675731e-03 9.995154e-01 9.837885e+00
9.995141e-01 -1.289382e-03 3.114326e-02 1.072549e+01 1.337979e-03 9.999979e-01 -1.539653e-03 -2.169292e-01 -3.114118e-02 1.580577e-03 9.995136e-01 9.969650e+00
9.994784e-01 1.996450e-03 -3.223196e-02 1.063866e+01 -1.942231e-03 9.999966e-01 1.713401e-03 -2.163445e-01 3.223530e-02 -1.649902e-03 9.994788e-01 1.011328e+01
9.994156e-01 -1.494175e-03 3.415120e-02 1.056024e+01 1.547198e-03 9.999976e-01 -1.526238e-03 -2.157217e-01 -3.414881e-02 1.578188e-03 9.994154e-01 1.023608e+01
9.996969e-01 1.508587e-03 -2.457194e-02 1.049207e+01 -1.471259e-03 9.999977e-01 1.537139e-03 -2.158026e-01 2.457423e-02 -1.500518e-03 9.996968e-01 1.037837e+01
9.994337e-01 -1.491878e-03 3.361614e-02 1.042188e+01 1.542944e-03 9.999977e-01 -1.493227e-03 -2.158043e-01 -3.361381e-02 1.544253e-03 9.994336e-01 1.053635e+01
9.997287e-01 1.450139e-03 -2.324662e-02 1.036111e+01 -1.416484e-03 9.999979e-01 1.464163e-03 -2.162661e-01 2.324873e-02 -1.430834e-03 9.997286e-01 1.068440e+01
9.992055e-01 -1.825737e-03 3.981296e-02 1.030209e+01 1.892602e-03 9.999969e-01 -1.641860e-03 -2.170412e-01 -3.980980e-02 1.715909e-03 9.992057e-01 1.084555e+01
9.997608e-01 1.355087e-03 -2.182847e-02 1.024733e+01 -1.325906e-03 9.999982e-01 1.351277e-03 -2.179030e-01 2.183030e-02 -1.322008e-03 9.997607e-01 1.100438e+01
9.993976e-01 -1.598617e-03 3.466937e-02 1.018421e+01 1.650059e-03 9.999976e-01 -1.455234e-03 -2.183165e-01 -3.466693e-02 1.511567e-03 9.993977e-01 1.115221e+01
9.996922e-01 1.514105e-03 -2.476144e-02 1.011714e+01 -1.479505e-03 9.999979e-01 1.415626e-03 -2.184188e-01 2.476357e-02 -1.378552e-03 9.996923e-01 1.128457e+01
9.996031e-01 -1.143871e-03 2.814714e-02 1.002985e+01 1.178319e-03 9.999986e-01 -1.207311e-03 -2.175871e-01 -2.814568e-02 1.240001e-03 9.996030e-01 1.143786e+01
9.997039e-01 1.514182e-03 -2.428632e-02 9.939598e+00 -1.480468e-03 9.999979e-01 1.406127e-03 -2.167321e-01 2.428843e-02 -1.369752e-03 9.997040e-01 1.160439e+01
9.993522e-01 -1.640195e-03 3.595147e-02 9.868125e+00 1.692449e-03 9.999976e-01 -1.423071e-03 -2.168615e-01 -3.594901e-02 1.482998e-03 9.993524e-01 1.176671e+01
9.997692e-01 1.326623e-03 -2.144389e-02 9.804481e+00 -1.299494e-03 9.999983e-01 1.279017e-03 -2.173388e-01 2.144559e-02 -1.250853e-03 9.997691e-01 1.192563e+01
9.994167e-01 -1.512221e-03 3.411600e-02 9.737456e+00 1.559016e-03 9.999979e-01 -1.345108e-03 -2.176956e-01 -3.411386e-02 1.397514e-03 9.994169e-01 1.207763e+01
9.996813e-01 1.543504e-03 -2.519920e-02 9.660676e+00 -1.509399e-03 9.999979e-01 1.372410e-03 -2.176631e-01 2.520131e-02 -1.333934e-03 9.996814e-01 1.224337e+01
9.996103e-01 -1.056297e-03 2.789598e-02 9.569315e+00 1.088550e-03 9.999988e-01 -1.141073e-03 -2.170304e-01 -2.789470e-02 1.170997e-03 9.996101e-01 1.242086e+01
9.998008e-01 1.196407e-03 -1.992193e-02 9.493448e+00 -1.172501e-03 9.999986e-01 1.211655e-03 -2.170360e-01 1.992340e-02 -1.188052e-03 9.998007e-01 1.259576e+01
9.995587e-01 -1.232471e-03 2.968036e-02 9.418173e+00 1.269230e-03 9.999985e-01 -1.219728e-03 -2.170965e-01 -2.967877e-02 1.256864e-03 9.995586e-01 1.276790e+01
9.997593e-01 1.317384e-03 -2.189833e-02 9.342886e+00 -1.289984e-03 9.999984e-01 1.265365e-03 -2.169597e-01 2.190001e-02 -1.236808e-03 9.997593e-01 1.291379e+01
9.997093e-01 -8.068210e-04 2.409845e-02 9.258477e+00 8.316635e-04 9.999991e-01 -1.020898e-03 -2.165540e-01 -2.409756e-02 1.040647e-03 9.997090e-01 1.309352e+01
9.997689e-01 1.322445e-03 -2.145634e-02 9.171543e+00 -1.296904e-03 9.999984e-01 1.204261e-03 -2.160969e-01 2.145795e-02 -1.176153e-03 9.997690e-01 1.327386e+01
9.994245e-01 -1.510016e-03 3.388750e-02 9.100274e+00 1.553705e-03 9.999980e-01 -1.262975e-03 -2.163054e-01 -3.388548e-02 1.314902e-03 9.994248e-01 1.343955e+01
9.995631e-01 1.580369e-03 -2.951303e-02 9.084004e+00 -1.541316e-03 9.999979e-01 1.345961e-03 -2.151855e-01 2.951514e-02 -1.299881e-03 9.995634e-01 1.335134e+01
9.995449e-01 -1.596176e-03 3.012416e-02 9.176553e+00 1.640018e-03 9.999976e-01 -1.430763e-03 -2.132954e-01 -3.012175e-02 1.479519e-03 9.995450e-01 1.310458e+01
9.997027e-01 1.801237e-03 -2.431481e-02 9.117028e+00 -1.765687e-03 9.999973e-01 1.483502e-03 -2.137439e-01 2.431746e-02 -1.440125e-03 9.997032e-01 1.323565e+01
9.994839e-01 -1.691823e-03 3.207976e-02 9.060839e+00 1.739815e-03 9.999974e-01 -1.468202e-03 -2.143317e-01 -3.207714e-02 1.523260e-03 9.994841e-01 1.335630e+01
9.996034e-01 2.019874e-03 -2.808787e-02 8.991596e+00 -1.976068e-03 9.999968e-01 1.587285e-03 -2.142392e-01 2.809103e-02 -1.531149e-03 9.996041e-01 1.348436e+01
9.995852e-01 -1.389097e-03 2.876636e-02 8.904136e+00 1.430643e-03 9.999980e-01 -1.423776e-03 -2.136239e-01 -2.876427e-02 1.464343e-03 9.995851e-01 1.363288e+01
9.996867e-01 1.735374e-03 -2.497140e-02 8.832369e+00 -1.696841e-03 9.999973e-01 1.564230e-03 -2.135338e-01 2.497410e-02 -1.521364e-03 9.996868e-01 1.376799e+01
9.996403e-01 -1.270063e-03 2.678935e-02 8.756308e+00 1.307812e-03 9.999982e-01 -1.391662e-03 -2.131047e-01 -2.678749e-02 1.426200e-03 9.996400e-01 1.389207e+01
9.996447e-01 1.910200e-03 -2.658630e-02 8.668443e+00 -1.869521e-03 9.999970e-01 1.554875e-03 -2.123522e-01 2.658924e-02 -1.504616e-03 9.996452e-01 1.403780e+01
9.995785e-01 -1.401922e-03 2.899671e-02 8.578881e+00 1.439459e-03 9.999982e-01 -1.273713e-03 -2.117743e-01 -2.899482e-02 1.314919e-03 9.995786e-01 1.422742e+01
9.995819e-01 2.065966e-03 -2.884121e-02 8.489242e+00 -2.023323e-03 9.999968e-01 1.507671e-03 -2.112231e-01 2.884429e-02 -1.448682e-03 9.995828e-01 1.439937e+01
9.996432e-01 -1.235187e-03 2.668116e-02 8.388969e+00 1.269317e-03 9.999984e-01 -1.262321e-03 -2.104583e-01 -2.667951e-02 1.295741e-03 9.996431e-01 1.457600e+01
9.996274e-01 1.972176e-03 -2.722590e-02 8.293198e+00 -1.932061e-03 9.999970e-01 1.499686e-03 -2.098428e-01 2.722882e-02 -1.446522e-03 9.996281e-01 1.476757e+01
9.995741e-01 -1.473304e-03 2.914359e-02 8.213762e+00 1.511470e-03 9.999980e-01 -1.287626e-03 -2.096512e-01 -2.914159e-02 1.331130e-03 9.995743e-01 1.492776e+01
9.996392e-01 1.888732e-03 -2.679169e-02 8.146653e+00 -1.850705e-03 9.999972e-01 1.444099e-03 -2.097184e-01 2.679439e-02 -1.393991e-03 9.996399e-01 1.505691e+01
9.996635e-01 -1.204825e-03 2.591264e-02 8.061320e+00 1.237301e-03 9.999985e-01 -1.237329e-03 -2.094144e-01 -2.591106e-02 1.268978e-03 9.996634e-01 1.520778e+01
9.995931e-01 2.052120e-03 -2.844963e-02 7.964113e+00 -2.010453e-03 9.999969e-01 1.493143e-03 -2.088927e-01 2.845265e-02 -1.435335e-03 9.995940e-01 1.538926e+01
9.996871e-01 -1.116117e-03 2.498894e-02 7.861712e+00 1.145511e-03 9.999987e-01 -1.162035e-03 -2.082874e-01 -2.498756e-02 1.190300e-03 9.996870e-01 1.558956e+01
9.995269e-01 2.289297e-03 -3.067191e-02 7.742093e+00 -2.242267e-03 9.999963e-01 1.567649e-03 -2.072436e-01 3.067543e-02 -1.498129e-03 9.995282e-01 1.582832e+01
9.996709e-01 -1.117177e-03 2.563068e-02 7.612645e+00 1.148290e-03 9.999986e-01 -1.199271e-03 -2.056744e-01 -2.562926e-02 1.228311e-03 9.996707e-01 1.606424e+01
9.994509e-01 2.434758e-03 -3.304437e-02 7.484013e+00 -2.382575e-03 9.999959e-01 1.618504e-03 -2.041722e-01 3.304822e-02 -1.538881e-03 9.994525e-01 1.627907e+01
9.997657e-01 -1.078505e-03 2.161929e-02 7.374705e+00 1.100985e-03 9.999989e-01 -1.028001e-03 -2.030132e-01 -2.161811e-02 1.051566e-03 9.997657e-01 1.648278e+01
9.995717e-01 2.120449e-03 -2.918697e-02 7.289926e+00 -2.076753e-03 9.999967e-01 1.527360e-03 -2.023356e-01 2.919015e-02 -1.466088e-03 9.995727e-01 1.666516e+01
9.996435e-01 -1.319312e-03 2.666809e-02 7.201343e+00 1.351765e-03 9.999984e-01 -1.198952e-03 -2.018716e-01 -2.666642e-02 1.234578e-03 9.996435e-01 1.684231e+01
9.996828e-01 1.582490e-03 -2.513471e-02 7.213148e+00 -1.543507e-03 9.999976e-01 1.570318e-03 -2.035606e-01 2.513718e-02 -1.531020e-03 9.996827e-01 1.697195e+01
9.996509e-01 -1.623866e-03 2.637192e-02 7.509453e+00 1.657033e-03 9.999979e-01 -1.235863e-03 -2.083481e-01 -2.636981e-02 1.279134e-03 9.996513e-01 1.694310e+01
9.996624e-01 1.487575e-03 -2.593841e-02 8.018140e+00 -1.449174e-03 9.999978e-01 1.499258e-03 -2.143985e-01 2.594063e-02 -1.461159e-03 9.996623e-01 1.677162e+01
9.996526e-01 -1.670538e-03 2.630357e-02 8.571498e+00 1.703118e-03 9.999978e-01 -1.216284e-03 -2.213669e-01 -2.630143e-02 1.260663e-03 9.996532e-01 1.661921e+01
9.996693e-01 1.459957e-03 -2.567324e-02 9.181624e+00 -1.422689e-03 9.999979e-01 1.469881e-03 -2.286103e-01 2.567538e-02 -1.432866e-03 9.996692e-01 1.641443e+01
9.996631e-01 -1.672028e-03 2.590031e-02 9.770323e+00 1.707682e-03 9.999976e-01 -1.354565e-03 -2.346258e-01 -2.589794e-02 1.398342e-03 9.996635e-01 1.615978e+01
9.997133e-01 1.591443e-03 -2.389194e-02 1.012301e+01 -1.554035e-03 9.999975e-01 1.584248e-03 -2.399606e-01 2.389445e-02 -1.546661e-03 9.997132e-01 1.609894e+01
9.996908e-01 -1.717223e-03 2.480435e-02 1.056860e+01 1.751349e-03 9.999975e-01 -1.354212e-03 -2.451855e-01 -2.480191e-02 1.397239e-03 9.996913e-01 1.593550e+01
9.994731e-01 1.421942e-03 -3.242582e-02 1.152098e+01 -1.365006e-03 9.999975e-01 1.777971e-03 -2.446917e-01 3.242832e-02 -1.732769e-03 9.994725e-01 1.492021e+01
9.998064e-01 -2.111560e-03 1.956201e-02 1.279309e+01 2.145464e-03 9.999962e-01 -1.712400e-03 -2.451146e-01 -1.955828e-02 1.754043e-03 9.998071e-01 1.370099e+01
9.993812e-01 2.143875e-03 -3.510774e-02 1.313129e+01 -2.050072e-03 9.999942e-01 2.707671e-03 -2.502562e-01 3.511339e-02 -2.634018e-03 9.993798e-01 1.378639e+01
9.999589e-01 7.561469e-04 -9.032530e-03 1.328488e+01 -7.580775e-04 9.999997e-01 -2.102191e-04 -2.515270e-01 9.032406e-03 2.170623e-04 9.999591e-01 1.427177e+01
9.998207e-01 -1.576942e-03 -1.887221e-02 1.530461e+01 1.626244e-03 9.999953e-01 2.597389e-03 -2.736120e-01 1.886806e-02 -2.627609e-03 9.998184e-01 1.378322e+01
9.999737e-01 7.669818e-04 7.216406e-03 1.653123e+01 -7.486379e-04 9.999965e-01 -2.544443e-03 -2.775067e-01 -7.218298e-03 2.538979e-03 9.999706e-01 1.281115e+01
9.999503e-01 -9.165864e-04 -9.928104e-03 1.699803e+01 9.425392e-04 9.999962e-01 2.609783e-03 -2.760553e-01 9.925707e-03 -2.619006e-03 9.999472e-01 1.221225e+01
9.999855e-01 6.038124e-04 5.347833e-03 1.766052e+01 -5.898168e-04 9.999964e-01 -2.618395e-03 -2.762514e-01 -5.349361e-03 2.615207e-03 9.999822e-01 1.154848e+01
9.999808e-01 -8.617229e-04 -6.139051e-03 1.799120e+01 8.805632e-04 9.999949e-01 3.067014e-03 -2.818348e-01 6.136410e-03 -3.072356e-03 9.999764e-01 1.156640e+01
9.999711e-01 9.498222e-04 7.540811e-03 1.808838e+01 -9.287543e-04 9.999957e-01 -2.796966e-03 -2.842092e-01 -7.543401e-03 2.789887e-03 9.999676e-01 1.159839e+01
9.999649e-01 -9.285297e-04 -8.322758e-03 1.824373e+01 9.510280e-04 9.999959e-01 2.699769e-03 -2.815382e-01 8.320251e-03 -2.707585e-03 9.999616e-01 1.123489e+01
9.999591e-01 9.173829e-04 9.000880e-03 1.849983e+01 -8.937543e-04 9.999961e-01 -2.628910e-03 -2.829807e-01 -9.003224e-03 2.620762e-03 9.999559e-01 1.102707e+01
9.999649e-01 -9.479135e-04 -8.328498e-03 1.873746e+01 9.701471e-04 9.999960e-01 2.666043e-03 -2.841744e-01 8.325971e-03 -2.674025e-03 9.999617e-01 1.082787e+01
9.999748e-01 1.044668e-03 7.015519e-03 1.884480e+01 -1.028846e-03 9.999969e-01 -2.258757e-03 -2.871776e-01 -7.017823e-03 2.251488e-03 9.999727e-01 1.093383e+01
9.996640e-01 -6.849540e-04 -2.591231e-02 1.964524e+01 7.965788e-04 9.999904e-01 4.297747e-03 -2.992664e-01 2.590915e-02 -4.316939e-03 9.996549e-01 1.103481e+01
9.999730e-01 4.860657e-05 7.351687e-03 2.121408e+01 -2.706417e-05 9.999957e-01 -2.930445e-03 -3.152559e-01 -7.351768e-03 2.930172e-03 9.999686e-01 1.053537e+01
9.998670e-01 -6.104017e-04 -1.629951e-02 2.182834e+01 6.673919e-04 9.999937e-01 3.491272e-03 -3.226316e-01 1.629731e-02 -3.501681e-03 9.998610e-01 1.039370e+01
9.998807e-01 1.132464e-03 1.540451e-02 2.181366e+01 -1.084229e-03 9.999945e-01 -3.139243e-03 -3.235787e-01 -1.540795e-02 3.122172e-03 9.998763e-01 1.053453e+01
9.997670e-01 -1.874115e-04 -2.158557e-02 2.173176e+01 2.657833e-04 9.999934e-01 3.627975e-03 -3.232496e-01 2.158478e-02 -3.632862e-03 9.997603e-01 1.076411e+01
9.998976e-01 1.585845e-03 1.421963e-02 2.160387e+01 -1.540186e-03 9.999936e-01 -3.221372e-03 -3.216883e-01 -1.422462e-02 3.199146e-03 9.998936e-01 1.099611e+01
9.998811e-01 -1.538228e-03 -1.534633e-02 2.188489e+01 1.590996e-03 9.999929e-01 3.426885e-03 -3.219674e-01 1.534098e-02 -3.450888e-03 9.998763e-01 1.067284e+01
9.999937e-01 1.415364e-03 3.246436e-03 2.253877e+01 -1.403231e-03 9.999920e-01 -3.736738e-03 -3.051973e-01 -3.251672e-03 3.732164e-03 9.999877e-01 8.964537e+00
9.998508e-01 -1.583354e-03 -1.720201e-02 2.316095e+01 1.638656e-03 9.999935e-01 3.201245e-03 -2.885128e-01 1.719686e-02 -3.228950e-03 9.998468e-01 7.326478e+00
9.999578e-01 1.473662e-03 9.066573e-03 2.374827e+01 -1.442557e-03 9.999931e-01 -3.436422e-03 -2.785117e-01 -9.071550e-03 3.423204e-03 9.999529e-01 6.103019e+00
9.998679e-01 -1.666493e-03 -1.616497e-02 2.436975e+01 1.718640e-03 9.999934e-01 3.212644e-03 -2.712514e-01 1.615953e-02 -3.239996e-03 9.998641e-01 5.019303e+00
9.999318e-01 1.464388e-03 1.158433e-02 2.497143e+01 -1.427264e-03 9.999938e-01 -3.212339e-03 -2.711605e-01 -1.158894e-02 3.195591e-03 9.999276e-01 4.400626e+00
9.998754e-01 -1.794196e-03 -1.568190e-02 2.568654e+01 1.850328e-03 9.999919e-01 3.565663e-03 -2.783158e-01 1.567539e-02 -3.594230e-03 9.998706e-01 4.124299e+00
9.999361e-01 1.518438e-03 1.120034e-02 2.640932e+01 -1.481040e-03 9.999933e-01 -3.346635e-03 -2.835664e-01 -1.120532e-02 3.329838e-03 9.999316e-01 3.713571e+00
9.998652e-01 -1.781476e-03 -1.632226e-02 2.707954e+01 1.836326e-03 9.999927e-01 3.346104e-03 -2.822645e-01 1.631620e-02 -3.375621e-03 9.998611e-01 2.943379e+00
9.999353e-01 1.599223e-03 1.126396e-02 2.762468e+01 -1.559936e-03 9.999927e-01 -3.495792e-03 -2.777333e-01 -1.126944e-02 3.478000e-03 9.999304e-01 2.101493e+00
9.999315e-01 -1.697621e-03 -1.158370e-02 2.798122e+01 1.738057e-03 9.999924e-01 3.481711e-03 -2.786007e-01 1.157773e-02 -3.501600e-03 9.999267e-01 1.765548e+00
9.999441e-01 1.619555e-03 1.045250e-02 2.828392e+01 -1.583598e-03 9.999928e-01 -3.447475e-03 -2.773852e-01 -1.045798e-02 3.430735e-03 9.999393e-01 1.341820e+00
9.996900e-01 -1.530288e-03 -2.485020e-02 2.905949e+01 1.641998e-03 9.999886e-01 4.475582e-03 -2.849327e-01 2.484309e-02 -4.514993e-03 9.996811e-01 1.127620e+00
9.999940e-01 9.266335e-04 3.330109e-03 3.040928e+01 -9.200644e-04 9.999976e-01 -1.973759e-03 -3.036929e-01 -3.331913e-03 1.970689e-03 9.999924e-01 1.122595e+00
9.997728e-01 -1.007579e-03 -2.129253e-02 3.097109e+01 1.080358e-03 9.999936e-01 3.406846e-03 -3.121862e-01 2.128898e-02 -3.429070e-03 9.997674e-01 1.297218e+00
9.998599e-01 1.624492e-03 1.665900e-02 3.116026e+01 -1.580917e-03 9.999953e-01 -2.628587e-03 -3.158225e-01 -1.666318e-02 2.601888e-03 9.998577e-01 1.434620e+00
9.997008e-01 -1.218523e-03 -2.443021e-02 3.132675e+01 1.300052e-03 9.999936e-01 3.321644e-03 -3.193803e-01 2.442602e-02 -3.352405e-03 9.996959e-01 1.593554e+00
9.997556e-01 1.188353e-03 2.207486e-02 3.179322e+01 -1.118173e-03 9.999943e-01 -3.191286e-03 -3.212220e-01 -2.207852e-02 3.165828e-03 9.997511e-01 1.220285e+00
9.993471e-01 -1.446318e-03 -3.609998e-02 3.279221e+01 1.586906e-03 9.999913e-01 3.866080e-03 -3.296688e-01 3.609408e-02 -3.920837e-03 9.993406e-01 7.808523e-01
9.997939e-01 1.128670e-03 2.026805e-02 3.386618e+01 -1.073358e-03 9.999957e-01 -2.739718e-03 -3.418119e-01 -2.027104e-02 2.717405e-03 9.997907e-01 5.240023e-01
9.995431e-01 -1.730185e-03 -3.017701e-02 3.493331e+01 1.818825e-03 9.999941e-01 2.910166e-03 -3.466592e-01 3.017181e-02 -2.963716e-03 9.995402e-01 -2.262834e-01
9.997066e-01 1.554742e-03 2.417349e-02 3.560390e+01 -1.483120e-03 9.999945e-01 -2.980482e-03 -3.434549e-01 -2.417798e-02 2.943761e-03 9.997032e-01 -1.111621e+00
9.994792e-01 -1.610710e-03 -3.222794e-02 3.612550e+01 1.697522e-03 9.999950e-01 2.666511e-03 -3.324056e-01 3.222349e-02 -2.719824e-03 9.994769e-01 -2.337716e+00
9.996474e-01 1.397346e-03 2.651639e-02 3.667210e+01 -1.340613e-03 9.999968e-01 -2.157204e-03 -3.388363e-01 -2.651931e-02 2.120902e-03 9.996460e-01 -2.480194e+00
