9.994606e-01 8.144345e-04 -3.283135e-02 8.235648e-04 -7.851545e-04 9.999993e-01 9.047144e-04 -3.207932e-03 3.283206e-02 -8.784482e-04 9.994604e-01 4.385880e-01
9.999944e-01 -2.313493e-04 3.350891e-03 5.843751e-02 2.318697e-04 1.000000e+00 -1.549308e-04 -7.656781e-03 -3.350861e-03 1.557075e-04 9.999943e-01 7.582586e-01
9.998013e-01 4.931962e-04 -1.992594e-02 1.457742e-01 -4.790562e-04 9.999996e-01 7.143915e-04 -1.477546e-02 1.992628e-02 -7.047032e-04 9.998011e-01 1.041691e+00
9.998143e-01 -5.436688e-04 1.926415e-02 2.179923e-01 5.512982e-04 9.999998e-01 -3.907299e-04 -2.589072e-02 -1.926394e-02 4.012783e-04 9.998143e-01 1.416198e+00
9.998216e-01 4.880123e-04 -1.887963e-02 2.784007e-01 -4.773001e-04 9.999997e-01 5.718941e-04 -3.799468e-02 1.887990e-02 -5.627801e-04 9.998215e-01 1.833847e+00
9.998146e-01 -5.384861e-04 1.924531e-02 3.455847e-01 5.448373e-04 9.999998e-01 -3.247683e-04 -4.876082e-02 -1.924514e-02 3.351945e-04 9.998146e-01 2.169166e+00
9.999301e-01 5.801443e-04 -1.181299e-02 3.909091e-01 -5.747503e-04 9.999997e-01 4.599977e-04 -6.086588e-02 1.181325e-02 -4.531753e-04 9.999300e-01 2.547594e+00
9.998362e-01 -5.575555e-04 1.808885e-02 4.419881e-01 5.642485e-04 9.999998e-01 -3.649047e-04 -7.474111e-02 -1.808865e-02 3.750523e-04 9.998362e-01 3.011937e+00
9.999200e-01 5.565671e-04 -1.263807e-02 4.907901e-01 -5.502670e-04 9.999997e-01 5.019734e-04 -8.791697e-02 1.263834e-02 -4.949781e-04 9.999199e-01 3.453852e+00
9.998275e-01 -5.119424e-04 1.856490e-02 5.376455e-01 5.190718e-04 9.999998e-01 -3.792070e-04 -1.007372e-01 -1.856471e-02 3.887789e-04 9.998275e-01 3.867473e+00
9.996770e-01 5.361904e-04 -2.540839e-02 5.551662e-01 -5.216919e-04 9.999997e-01 5.772422e-04 -1.081194e-01 2.540868e-02 -5.637996e-04 9.996769e-01 4.202360e+00
9.999345e-01 -2.859881e-04 1.144034e-02 5.522823e-01 2.871395e-04 1.000000e+00 -9.899393e-05 -1.131567e-01 -1.144032e-02 1.022733e-04 9.999345e-01 4.553963e+00
9.999184e-01 2.857597e-04 -1.277447e-02 6.103884e-01 -2.788998e-04 9.999998e-01 5.387811e-04 -1.233423e-01 1.277462e-02 -5.351734e-04 9.999182e-01 4.941137e+00
9.998918e-01 -3.356994e-04 1.470871e-02 6.665417e-01 3.416506e-04 9.999999e-01 -4.020867e-04 -1.352010e-01 -1.470858e-02 4.070693e-04 9.998916e-01 5.339501e+00
9.999352e-01 3.063356e-04 -1.137597e-02 7.288185e-01 -3.002798e-04 9.999998e-01 5.340319e-04 -1.477486e-01 1.137612e-02 -5.305804e-04 9.999350e-01 5.743924e+00
9.998930e-01 -3.747348e-04 1.462094e-02 7.700027e-01 3.806451e-04 9.999998e-01 -4.014490e-04 -1.560134e-01 -1.462079e-02 4.069725e-04 9.998929e-01 5.943594e+00
9.999382e-01 3.000907e-04 -1.110900e-02 8.066699e-01 -2.934893e-04 9.999998e-01 5.958656e-04 -1.638033e-01 1.110917e-02 -5.925674e-04 9.999380e-01 6.126361e+00
9.998218e-01 -2.575385e-04 1.887827e-02 8.543127e-01 2.657542e-04 9.999999e-01 -4.326866e-04 -1.754838e-01 -1.887816e-02 4.376274e-04 9.998216e-01 6.471986e+00
9.998446e-01 -4.641800e-04 -1.762008e-02 6.472169e-01 4.711561e-04 9.999998e-01 3.917695e-04 -1.594993e-01 1.761989e-02 -4.000095e-04 9.998446e-01 5.732912e+00
9.998234e-01 -1.001315e-03 1.876645e-02 1.998450e-01 1.009622e-03 9.999994e-01 -4.331872e-04 -1.232663e-01 -1.876601e-02 4.520587e-04 9.998237e-01 4.209268e+00
9.998491e-01 -6.236437e-04 -1.736129e-02 -3.103489e-01 6.304864e-04 9.999997e-01 3.886595e-04 -8.178045e-02 1.736104e-02 -3.995459e-04 9.998491e-01 2.483709e+00
9.998159e-01 -9.921295e-04 1.916117e-02 -8.165575e-01 1.000144e-03 9.999994e-01 -4.087116e-04 -4.113584e-02 -1.916075e-02 4.278013e-04 9.998162e-01 7.995771e-01
9.998499e-01 -7.235335e-04 -1.730876e-02 -1.382754e+00 7.297668e-04 9.999997e-01 3.538128e-04 4.207387e-03 1.730849e-02 -3.663901e-04 9.998500e-01 -1.054075e+00
9.998169e-01 -1.070011e-03 1.910599e-02 -1.958851e+00 1.078462e-03 9.999993e-01 -4.320383e-04 5.073285e-02 -1.910552e-02 4.525653e-04 9.998173e-01 -2.968110e+00
9.998490e-01 -4.807988e-04 -1.736845e-02 -2.452258e+00 4.888751e-04 9.999998e-01 4.607538e-04 9.005037e-02 1.736822e-02 -4.691743e-04 9.998490e-01 -4.593708e+00
9.998233e-01 -9.037270e-04 1.877652e-02 -2.890667e+00 9.128817e-04 9.999995e-01 -4.789920e-04 1.247920e-01 -1.877608e-02 4.960491e-04 9.998235e-01 -6.040125e+00
9.998463e-01 -3.598121e-04 -1.752987e-02 -3.295107e+00 3.685356e-04 9.999998e-01 4.944059e-04 1.565423e-01 1.752968e-02 -5.007893e-04 9.998461e-01 -7.362325e+00
9.998194e-01 -9.137487e-04 1.898200e-02 -3.704514e+00 9.225299e-04 9.999995e-01 -4.538493e-04 1.885730e-01 -1.898158e-02 4.712798e-04 9.998196e-01 -8.694140e+00
9.998392e-01 -1.565383e-04 -1.793064e-02 -3.999176e+00 1.661047e-04 9.999998e-01 5.320320e-04 2.121898e-01 1.793055e-02 -5.349238e-04 9.998390e-01 -9.732763e+00
9.998213e-01 -1.016132e-03 1.887689e-02 -4.361003e+00 1.026860e-03 9.999993e-01 -5.586464e-04 2.410440e-01 -1.887631e-02 5.779315e-04 9.998216e-01 -1.095614e+01
9.998445e-01 -4.771394e-04 -1.762838e-02 -4.848501e+00 4.863712e-04 9.999997e-01 5.194081e-04 2.800503e-01 1.762812e-02 -5.279003e-04 9.998444e-01 -1.256633e+01
9.998213e-01 -9.648209e-04 1.888147e-02 -5.295756e+00 9.753242e-04 9.999994e-01 -5.470721e-04 3.158057e-01 -1.888094e-02 5.653909e-04 9.998215e-01 -1.406120e+01
9.998391e-01 -2.138967e-04 -1.793680e-02 -5.630542e+00 2.244387e-04 9.999998e-01 5.857179e-04 3.427118e-01 1.793666e-02 -5.896484e-04 9.998389e-01 -1.522673e+01
9.998254e-01 -8.329719e-04 1.866993e-02 -5.926580e+00 8.439921e-04 9.999995e-01 -5.823918e-04 3.664618e-01 -1.866944e-02 5.980483e-04 9.998254e-01 -1.626649e+01
9.998400e-01 -2.813049e-04 -1.788731e-02 -6.241844e+00 2.920029e-04 9.999998e-01 5.954677e-04 3.920126e-01 1.788714e-02 -6.005945e-04 9.998397e-01 -1.738215e+01
9.998261e-01 -8.311003e-04 1.863130e-02 -6.533872e+00 8.421632e-04 9.999995e-01 -5.859418e-04 4.160396e-01 -1.863081e-02 6.015315e-04 9.998262e-01 -1.845293e+01
9.998327e-01 -6.356139e-05 -1.829127e-02 -6.744444e+00 7.514232e-05 9.999998e-01 6.324517e-04 4.335571e-01 1.829122e-02 -6.337193e-04 9.998324e-01 -1.927494e+01
9.998324e-01 -6.579910e-04 1.829491e-02 -6.883347e+00 6.686103e-04 9.999996e-01 -5.743377e-04 4.452966e-01 -1.829453e-02 5.864747e-04 9.998324e-01 -1.987554e+01
9.998355e-01 -2.763285e-04 -1.813794e-02 -7.135070e+00 2.871220e-04 9.999998e-01 5.924765e-04 4.658522e-01 1.813777e-02 -5.975858e-04 9.998352e-01 -2.078908e+01
9.998395e-01 -5.091319e-04 1.790907e-02 -7.280218e+00 5.179175e-04 9.999997e-01 -4.859298e-04 4.779090e-01 -1.790882e-02 4.951283e-04 9.998394e-01 -2.139304e+01
9.998442e-01 -6.954652e-05 -1.764899e-02 -7.391483e+00 7.881214e-05 9.999999e-01 5.242979e-04 4.865477e-01 1.764895e-02 -5.256062e-04 9.998440e-01 -2.185064e+01
9.998194e-01 -4.938255e-04 1.899981e-02 -7.466804e+00 5.015613e-04 9.999998e-01 -4.023907e-04 4.928403e-01 -1.899961e-02 4.118487e-04 9.998193e-01 -2.225868e+01
9.998321e-01 3.432939e-04 -1.831878e-02 -7.440382e+00 -3.315826e-04 9.999997e-01 6.423380e-04 4.838879e-01 1.831899e-02 -6.361549e-04 9.998319e-01 -2.196270e+01
9.999947e-01 -1.454392e-04 -3.242388e-03 -7.441555e+00 1.455670e-04 1.000000e+00 3.917439e-05 4.697989e-01 3.242377e-03 -3.964501e-05 9.999946e-01 -2.106962e+01
9.999656e-01 -1.172938e-04 -8.289119e-03 -7.435923e+00 1.204603e-04 9.999999e-01 3.815013e-04 4.600049e-01 8.289067e-03 -3.824855e-04 9.999655e-01 -2.046366e+01
9.999673e-01 -3.600614e-04 8.078022e-03 -7.482451e+00 3.624459e-04 9.999999e-01 -2.937131e-04 4.625985e-01 -8.077922e-03 2.966326e-04 9.999672e-01 -2.068789e+01
9.999666e-01 -2.529014e-04 -8.168198e-03 -7.604303e+00 2.558002e-04 9.999999e-01 3.538363e-04 4.721538e-01 8.168102e-03 -3.559127e-04 9.999665e-01 -2.117593e+01
9.999664e-01 -4.650151e-04 8.188329e-03 -7.730416e+00 4.673883e-04 9.999998e-01 -2.879085e-04 4.830672e-01 -8.188200e-03 2.917272e-04 9.999663e-01 -2.175245e+01
9.999689e-01 -2.199871e-04 -7.882222e-03 -7.878323e+00 2.225215e-04 9.999999e-01 3.206568e-04 4.951549e-01 7.882145e-03 -3.223996e-04 9.999688e-01 -2.235708e+01
9.999662e-01 -6.568543e-04 8.194603e-03 -8.077657e+00 6.591392e-04 9.999997e-01 -2.761198e-04 5.115898e-01 -8.194426e-03 2.815131e-04 9.999663e-01 -2.313702e+01
9.999683e-01 -1.904719e-04 -7.963955e-03 -8.271655e+00 1.929879e-04 9.999999e-01 3.151488e-04 5.277051e-01 7.963889e-03 -3.166745e-04 9.999681e-01 -2.390269e+01
9.999685e-01 -5.038229e-04 7.920411e-03 -8.387489e+00 5.057994e-04 9.999998e-01 -2.475334e-04 5.378321e-01 -7.920291e-03 2.515330e-04 9.999685e-01 -2.445188e+01
9.999687e-01 -3.515958e-05 -7.911240e-03 -8.459704e+00 3.749486e-05 1.000000e+00 2.950308e-04 5.440374e-01 7.911223e-03 -2.953169e-04 9.999686e-01 -2.484466e+01
9.999673e-01 -7.199432e-04 8.054121e-03 -8.607375e+00 7.219862e-04 9.999997e-01 -2.507497e-04 5.567355e-01 -8.053944e-03 2.565578e-04 9.999674e-01 -2.548892e+01
9.997766e-01 5.249125e-04 -2.112890e-02 -8.603965e+00 -5.105782e-04 9.999996e-01 6.838033e-04 5.494288e-01 2.112924e-02 -6.728613e-04 9.997764e-01 -2.508557e+01
9.999255e-01 -1.943176e-04 -1.220579e-02 -8.629775e+00 1.970378e-04 1.000000e+00 2.216483e-04 5.375184e-01 1.220574e-02 -2.240354e-04 9.999254e-01 -2.407610e+01
9.999871e-01 -1.091566e-04 5.087905e-03 -8.614548e+00 1.088083e-04 1.000000e+00 6.874987e-05 5.279601e-01 -5.087924e-03 -6.819394e-05 9.999870e-01 -2.357356e+01
9.999853e-01 -2.490563e-04 -5.413436e-03 -8.616520e+00 2.495237e-04 1.000000e+00 8.564498e-05 5.245764e-01 5.413403e-03 -8.699306e-05 9.999852e-01 -2.352311e+01
9.999874e-01 -1.157890e-04 5.024461e-03 -8.627911e+00 1.155431e-04 1.000000e+00 4.925936e-05 5.226024e-01 -5.024479e-03 -4.867674e-05 9.999873e-01 -2.353700e+01
9.999861e-01 -2.849878e-04 -5.272552e-03 -8.667013e+00 2.851929e-04 1.000000e+00 3.813441e-05 5.244527e-01 5.272529e-03 -3.963610e-05 9.999860e-01 -2.371575e+01
9.999810e-01 3.692650e-06 6.160580e-03 -8.649778e+00 -4.980625e-06 1.000000e+00 2.090694e-04 5.196413e-01 -6.160591e-03 -2.090947e-04 9.999809e-01 -2.363590e+01
9.999968e-01 -5.024358e-05 -2.516190e-03 -8.592252e+00 5.005313e-05 1.000000e+00 -7.579065e-05 5.062439e-01 2.516182e-03 7.566597e-05 9.999967e-01 -2.318450e+01
9.999918e-01 -3.438164e-05 4.042686e-03 -8.545464e+00 3.342165e-05 1.000000e+00 2.375567e-04 4.944331e-01 -4.042705e-03 -2.374181e-04 9.999917e-01 -2.277507e+01
9.999903e-01 -1.863565e-04 -4.397774e-03 -8.525186e+00 1.862878e-04 1.000000e+00 -1.606969e-05 4.864855e-01 4.397766e-03 1.525184e-05 9.999902e-01 -2.249090e+01
9.999915e-01 -8.858070e-05 4.133091e-03 -8.504805e+00 8.774865e-05 1.000000e+00 2.015228e-04 4.808217e-01 -4.133120e-03 -2.011569e-04 9.999913e-01 -2.234813e+01
9.999913e-01 -2.172183e-04 -4.166996e-03 -8.497389e+00 2.168546e-04 1.000000e+00 -8.774407e-05 4.784234e-01 4.167004e-03 8.684126e-05 9.999912e-01 -2.238511e+01
9.999914e-01 -1.130165e-04 4.142176e-03 -8.488964e+00 1.119580e-04 1.000000e+00 2.557873e-04 4.746788e-01 -4.142216e-03 -2.553197e-04 9.999913e-01 -2.235227e+01
9.999834e-01 -5.562041e-05 -5.768684e-03 -8.454615e+00 5.538123e-05 1.000000e+00 -4.163910e-05 4.635224e-01 5.768675e-03 4.132056e-05 9.999833e-01 -2.190478e+01
9.999902e-01 -5.871668e-05 4.434030e-03 -8.418197e+00 5.645796e-05 9.999999e-01 5.095545e-04 4.472795e-01 -4.434071e-03 -5.092975e-04 9.999899e-01 -2.116367e+01
9.999807e-01 -9.543386e-05 -6.209072e-03 -8.377645e+00 9.428551e-05 1.000000e+00 -1.852584e-04 4.321111e-01 6.209078e-03 1.846711e-04 9.999806e-01 -2.049659e+01
9.999906e-01 -1.995641e-04 4.321495e-03 -8.332355e+00 1.979676e-04 9.999999e-01 3.698875e-04 4.226640e-01 -4.321580e-03 -3.690268e-04 9.999905e-01 -2.015713e+01
9.999890e-01 -2.462420e-04 -4.686699e-03 -8.355841e+00 2.448829e-04 9.999999e-01 -2.905768e-04 4.244558e-01 4.686758e-03 2.894277e-04 9.999889e-01 -2.037957e+01
9.999921e-01 -2.931244e-04 3.961626e-03 -8.409643e+00 2.915523e-04 9.999999e-01 3.974416e-04 4.277725e-01 -3.961753e-03 -3.962817e-04 9.999920e-01 -2.064142e+01
9.999798e-01 -7.183001e-05 -6.360453e-03 -8.399984e+00 7.060387e-05 1.000000e+00 -1.930193e-04 4.223488e-01 6.360454e-03 1.925681e-04 9.999797e-01 -2.044552e+01
9.999943e-01 -9.136811e-05 3.381150e-03 -8.372651e+00 8.999908e-05 9.999999e-01 4.050876e-04 4.127922e-01 -3.381199e-03 -4.047792e-04 9.999941e-01 -2.003990e+01
9.998022e-01 2.979280e-04 -1.988618e-02 -8.374614e+00 -2.982807e-04 1.000000e+00 -1.477605e-05 4.047006e-01 1.988617e-02 2.070662e-05 9.998022e-01 -1.951620e+01
9.999225e-01 -4.413572e-04 1.244045e-02 -8.370227e+00 4.381867e-04 9.999999e-01 2.575928e-04 3.988730e-01 -1.244058e-02 -2.521198e-04 9.999225e-01 -1.921105e+01
9.999191e-01 -1.848088e-05 -1.272043e-02 -8.407550e+00 1.617512e-05 1.000000e+00 -1.813780e-04 4.017271e-01 1.272042e-02 1.811595e-04 9.999190e-01 -1.946168e+01
9.999234e-01 -5.159534e-04 1.236859e-02 -8.441485e+00 5.127476e-04 9.999998e-01 2.623743e-04 4.047599e-01 -1.236874e-02 -2.560104e-04 9.999234e-01 -1.974952e+01
9.999176e-01 6.017476e-05 -1.283913e-02 -8.460396e+00 -6.210067e-05 1.000000e+00 -1.496155e-04 4.051228e-01 1.283910e-02 1.504024e-04 9.999175e-01 -1.990545e+01
9.999195e-01 -6.741392e-04 1.267122e-02 -8.595182e+00 6.715776e-04 9.999998e-01 2.064279e-04 4.155260e-01 -1.267137e-02 -1.978997e-04 9.999196e-01 -2.041822e+01
9.999242e-01 -2.906033e-04 -1.230877e-02 -8.864783e+00 2.883319e-04 9.999999e-01 -1.863239e-04 4.370050e-01 1.230881e-02 1.827627e-04 9.999241e-01 -2.136533e+01
9.999169e-01 -6.953805e-04 1.287321e-02 -9.138707e+00 6.927704e-04 9.999997e-01 2.072224e-04 4.586519e-01 -1.287336e-02 -1.982851e-04 9.999170e-01 -2.231495e+01
9.999295e-01 -1.270947e-04 -1.187282e-02 -9.363763e+00 1.257778e-04 1.000000e+00 -1.116688e-04 4.760212e-01 1.187282e-02 1.101695e-04 9.999294e-01 -2.310048e+01
9.999258e-01 -6.001685e-04 1.217036e-02 -9.545156e+00 5.984656e-04 9.999998e-01 1.435850e-04 4.902269e-01 -1.217046e-02 -1.362889e-04 9.999258e-01 -2.376877e+01
9.999249e-01 -9.704031e-05 -1.225765e-02 -9.670667e+00 9.636541e-05 1.000000e+00 -5.566269e-05 5.006329e-01 1.225764e-02 5.447925e-05 9.999248e-01 -2.431427e+01
9.999257e-01 -5.800793e-04 1.217737e-02 -9.816164e+00 5.788722e-04 9.999998e-01 1.026681e-04 5.123778e-01 -1.217745e-02 -9.560937e-05 9.999257e-01 -2.489483e+01
9.999284e-01 -3.224174e-04 -1.196495e-02 -1.004930e+01 3.215493e-04 9.999999e-01 -7.449244e-05 5.312616e-01 1.196495e-02 7.064176e-05 9.999283e-01 -2.575241e+01
9.999249e-01 -6.220493e-04 1.223972e-02 -1.030012e+01 6.210397e-04 9.999998e-01 8.629862e-05 5.515570e-01 -1.223978e-02 -7.868881e-05 9.999250e-01 -2.666300e+01
9.999231e-01 -6.578235e-05 -1.240416e-02 -1.042573e+01 6.596271e-05 1.000000e+00 1.411837e-05 5.616242e-01 1.240414e-02 -1.493350e-05 9.999230e-01 -2.718638e+01
9.999276e-01 -3.993558e-04 1.202503e-02 -1.051550e+01 3.987434e-04 9.999999e-01 5.333667e-05 5.679808e-01 -1.202507e-02 -4.853590e-05 9.999276e-01 -2.753239e+01
9.999307e-01 -5.182189e-04 -1.176310e-02 -1.077230e+01 5.177665e-04 9.999999e-01 -4.151346e-05 5.884868e-01 1.176310e-02 3.542207e-05 9.999307e-01 -2.844007e+01
9.999241e-01 -6.071806e-04 1.230508e-02 -1.107428e+01 6.067517e-04 9.999998e-01 3.860956e-05 6.133656e-01 -1.230511e-02 -3.113847e-05 9.999242e-01 -2.954040e+01
9.999291e-01 -4.223365e-04 -1.189755e-02 -1.134673e+01 4.221094e-04 9.999999e-01 -2.160957e-05 6.356714e-01 1.189754e-02 1.658801e-05 9.999291e-01 -3.053700e+01
9.999249e-01 -5.270541e-04 1.224362e-02 -1.160215e+01 5.266514e-04 9.999999e-01 3.613003e-05 6.561535e-01 -1.224365e-02 -2.967716e-05 9.999249e-01 -3.145214e+01
9.999296e-01 -4.187368e-04 -1.185692e-02 -1.185670e+01 4.185958e-04 9.999999e-01 -1.438340e-05 6.766224e-01 1.185691e-02 9.421181e-06 9.999296e-01 -3.236790e+01
9.999272e-01 -1.487089e-04 1.206465e-02 -1.192257e+01 1.467149e-04 1.000000e+00 1.661798e-04 6.811526e-01 -1.206469e-02 -1.643956e-04 9.999271e-01 -3.268630e+01
9.999156e-01 -1.145932e-04 -1.299144e-02 -1.189593e+01 1.143518e-04 1.000000e+00 -1.934198e-05 6.744774e-01 1.299143e-02 1.785684e-05 9.999155e-01 -3.248575e+01
9.999215e-01 -3.073513e-04 1.252405e-02 -1.190777e+01 3.058324e-04 9.999999e-01 1.232131e-04 6.741249e-01 -1.252411e-02 -1.193710e-04 9.999215e-01 -3.259901e+01
9.999024e-01 -1.243453e-05 -1.396891e-02 -1.188246e+01 1.277732e-05 1.000000e+00 2.443816e-05 6.689333e-01 1.396890e-02 -2.461215e-05 9.999023e-01 -3.248348e+01
9.999423e-01 -1.137808e-04 1.073701e-02 -1.183339e+01 1.115195e-04 1.000000e+00 2.112186e-04 6.596804e-01 -1.073705e-02 -2.100069e-04 9.999422e-01 -3.213847e+01
9.998274e-01 1.210798e-04 -1.858011e-02 -1.180951e+01 -1.200816e-04 1.000000e+00 5.483043e-05 6.512263e-01 1.858010e-02 -5.258768e-05 9.998273e-01 -3.173622e+01
9.999729e-01 -1.263990e-05 7.362173e-03 -1.179732e+01 1.057292e-05 1.000000e+00 2.808237e-04 6.440943e-01 -7.362194e-03 -2.807360e-04 9.999728e-01 -3.133636e+01
9.995458e-01 4.469099e-04 -3.013316e-02 -1.176574e+01 -4.400425e-04 9.999999e-01 2.345263e-04 6.388862e-01 3.013324e-02 -2.211576e-04 9.995458e-01 -3.101450e+01
9.999740e-01 -1.035739e-05 7.212327e-03 -1.173254e+01 7.151906e-06 9.999999e-01 4.445085e-04 6.335968e-01 -7.212353e-03 -4.444431e-04 9.999738e-01 -3.064418e+01
9.999518e-01 -1.544604e-04 -9.816474e-03 -1.167491e+01 1.525308e-04 1.000000e+00 -1.973455e-04 6.251720e-01 9.816482e-03 1.958410e-04 9.999517e-01 -3.036814e+01
9.999656e-01 -1.160433e-04 8.298431e-03 -1.163998e+01 1.130517e-04 9.999999e-01 3.610101e-04 6.213840e-01 -8.298495e-03 -3.600571e-04 9.999654e-01 -3.034847e+01
9.999555e-01 -1.739708e-04 -9.428293e-03 -1.159335e+01 1.721483e-04 1.000000e+00 -1.941502e-04 6.179117e-01 9.428305e-03 1.925209e-04 9.999554e-01 -3.039659e+01
9.999697e-01 -1.165957e-04 7.778591e-03 -1.150161e+01 1.134261e-04 9.999999e-01 4.079530e-04 6.124376e-01 -7.778660e-03 -4.070559e-04 9.999696e-01 -3.042537e+01
9.998486e-01 6.471705e-05 -1.739937e-02 -1.141130e+01 -6.588862e-05 1.000000e+00 -6.677722e-05 6.066493e-01 1.739934e-02 6.791595e-05 9.998485e-01 -3.034245e+01
9.999166e-01 -2.501399e-04 1.291279e-02 -1.131671e+01 2.458310e-04 9.999999e-01 3.352994e-04 6.008734e-01 -1.291290e-02 -3.320947e-04 9.999165e-01 -3.029882e+01
9.998987e-01 -3.826258e-05 -1.423614e-02 -1.122252e+01 3.652335e-05 1.000000e+00 -1.224510e-04 5.957291e-01 1.423612e-02 1.219211e-04 9.998986e-01 -3.035709e+01
9.999071e-01 -5.525516e-04 1.362022e-02 -1.125842e+01 5.501813e-04 9.999998e-01 1.777964e-04 6.011309e-01 -1.362034e-02 -1.702838e-04 9.999071e-01 -3.078197e+01
9.998812e-01 1.338054e-04 -1.541392e-02 -1.117636e+01 -1.329883e-04 1.000000e+00 5.401755e-05 5.987505e-01 1.541391e-02 -5.195875e-05 9.998811e-01 -3.099104e+01
9.999796e-01 -3.271987e-04 6.386437e-03 -1.103786e+01 3.253149e-04 9.999999e-01 2.960626e-04 5.934092e-01 -6.386558e-03 -2.939764e-04 9.999795e-01 -3.107476e+01
9.999460e-01 3.357636e-05 -1.038876e-02 -1.098075e+01 -3.507324e-05 1.000000e+00 -1.439361e-04 5.928288e-01 1.038873e-02 1.442953e-04 9.999459e-01 -3.129340e+01
9.999578e-01 -4.716445e-04 9.170039e-03 -1.093517e+01 4.689029e-04 9.999998e-01 3.011705e-04 5.923864e-01 -9.170204e-03 -2.968553e-04 9.999578e-01 -3.153773e+01
9.999381e-01 1.631004e-04 -1.112114e-02 -1.079660e+01 -1.629233e-04 1.000000e+00 1.679971e-05 5.855033e-01 1.112112e-02 -1.498416e-05 9.999381e-01 -3.159666e+01
9.999552e-01 -4.575017e-04 9.456300e-03 -1.067394e+01 4.551576e-04 9.999999e-01 2.500694e-04 5.788554e-01 -9.456438e-03 -2.457514e-04 9.999552e-01 -3.163199e+01
9.999408e-01 2.654130e-04 -1.087793e-02 -1.055863e+01 -2.649273e-04 1.000000e+00 4.606065e-05 5.687550e-01 1.087791e-02 -4.317339e-05 9.999407e-01 -3.144139e+01
9.999498e-01 -4.309922e-04 1.000808e-02 -1.043421e+01 4.286255e-04 9.999999e-01 2.386626e-04 5.578769e-01 -1.000820e-02 -2.343582e-04 9.999498e-01 -3.124378e+01
9.999453e-01 1.379170e-04 -1.045360e-02 -1.037058e+01 -1.392285e-04 1.000000e+00 -1.247674e-04 5.538044e-01 1.045355e-02 1.262188e-04 9.999453e-01 -3.130654e+01
9.999446e-01 -3.676612e-04 1.052000e-02 -1.033354e+01 3.645911e-04 9.999999e-01 2.937831e-04 5.488136e-01 -1.052014e-02 -2.899286e-04 9.999445e-01 -3.125646e+01
9.999455e-01 9.196368e-05 -1.043594e-02 -1.033245e+01 -9.429421e-05 1.000000e+00 -2.228617e-04 5.475674e-01 1.043590e-02 2.238363e-04 9.999454e-01 -3.134626e+01
9.999379e-01 -2.943206e-04 1.114330e-02 -1.029824e+01 2.896391e-04 9.999999e-01 4.217610e-04 5.423718e-01 -1.114345e-02 -4.185045e-04 9.999377e-01 -3.127936e+01
9.999388e-01 1.983140e-04 -1.106261e-02 -1.024469e+01 -2.012406e-04 9.999999e-01 -2.634689e-04 5.325721e-01 1.106253e-02 2.656818e-04 9.999387e-01 -3.098015e+01
9.999398e-01 -5.876123e-04 1.095316e-02 -1.028821e+01 5.841631e-04 9.999998e-01 3.181395e-04 5.352537e-01 -1.095337e-02 -3.117192e-04 9.999399e-01 -3.120820e+01
9.999419e-01 -2.394992e-04 -1.077365e-02 -1.049860e+01 2.364781e-04 9.999999e-01 -2.817163e-04 5.520120e-01 1.077370e-02 2.791550e-04 9.999418e-01 -3.197914e+01
9.999400e-01 -6.378814e-04 1.093780e-02 -1.070185e+01 6.343724e-04 9.999997e-01 3.243160e-04 5.686727e-01 -1.093803e-02 -3.173551e-04 9.999400e-01 -3.276420e+01
9.999392e-01 -5.433185e-05 -1.102752e-02 -1.086234e+01 5.139917e-05 1.000000e+00 -2.662596e-04 5.812502e-01 1.102751e-02 2.656794e-04 9.999391e-01 -3.337010e+01
9.999373e-01 -7.486728e-04 1.117361e-02 -1.107973e+01 7.454389e-04 9.999997e-01 2.936183e-04 5.982001e-01 -1.117385e-02 -2.852678e-04 9.999374e-01 -3.413554e+01
9.999417e-01 -2.135885e-04 -1.079496e-02 -1.134943e+01 2.106715e-04 9.999999e-01 -2.713899e-04 6.195964e-01 1.079499e-02 2.691028e-04 9.999416e-01 -3.507827e+01
9.999347e-01 -8.985534e-04 1.139225e-02 -1.167911e+01 8.956121e-04 9.999996e-01 2.633187e-04 6.458652e-01 -1.139251e-02 -2.530956e-04 9.999350e-01 -3.620552e+01
9.999410e-01 -1.673199e-04 -1.086541e-02 -1.196752e+01 1.649000e-04 1.000000e+00 -2.236404e-04 6.689449e-01 1.086542e-02 2.218384e-04 9.999408e-01 -3.722379e+01
9.999336e-01 -9.834804e-04 1.148413e-02 -1.233639e+01 9.814657e-04 9.999995e-01 1.810967e-04 6.982493e-01 -1.148433e-02 -1.698105e-04 9.999339e-01 -3.845292e+01
9.999416e-01 -1.402812e-04 -1.080664e-02 -1.261672e+01 1.393432e-04 1.000000e+00 -8.758501e-05 7.212839e-01 1.080662e-02 8.607700e-05 9.999415e-01 -3.949087e+01
9.999412e-01 -5.072548e-04 1.083226e-02 -1.276406e+01 5.057644e-04 9.999999e-01 1.403706e-04 7.326630e-01 -1.083235e-02 -1.348808e-04 9.999412e-01 -4.004952e+01
9.999492e-01 1.679480e-05 -1.008269e-02 -1.284474e+01 -1.658838e-05 1.000000e+00 2.051761e-05 7.388397e-01 1.008266e-02 -2.034634e-05 9.999491e-01 -4.042611e+01
9.999464e-01 -1.797702e-04 1.034841e-02 -1.280974e+01 1.779895e-04 1.000000e+00 1.730405e-04 7.314337e-01 -1.034847e-02 -1.711864e-04 9.999463e-01 -4.023066e+01
9.999335e-01 4.199603e-05 -1.152995e-02 -1.277133e+01 -4.089693e-05 1.000000e+00 9.552758e-05 7.187876e-01 1.152992e-02 -9.504667e-05 9.999334e-01 -3.970835e+01
9.999455e-01 -2.327912e-04 1.043485e-02 -1.272200e+01 2.305574e-04 1.000000e+00 2.153196e-04 7.041360e-01 -1.043493e-02 -2.128990e-04 9.999454e-01 -3.910300e+01
9.999321e-01 3.863596e-05 -1.165579e-02 -1.266560e+01 -3.803403e-05 1.000000e+00 5.182869e-05 6.900274e-01 1.165577e-02 -5.137878e-05 9.999320e-01 -3.854960e+01
9.999738e-01 -1.595262e-04 7.231410e-03 -1.262956e+01 1.575383e-04 9.999999e-01 2.755238e-04 6.780001e-01 -7.231480e-03 -2.743742e-04 9.999737e-01 -3.801063e+01
9.999609e-01 -1.242722e-05 -8.847039e-03 -1.258683e+01 1.268071e-05 1.000000e+00 2.854912e-05 6.663115e-01 8.847012e-03 -2.865704e-05 9.999608e-01 -3.752326e+01
9.999693e-01 -1.221929e-04 7.837698e-03 -1.254680e+01 1.207249e-04 1.000000e+00 1.878339e-04 6.551930e-01 -7.837747e-03 -1.868787e-04 9.999692e-01 -3.709225e+01
9.999496e-01 -1.482993e-05 -1.004298e-02 -1.251110e+01 1.586976e-05 1.000000e+00 1.034143e-04 6.436368e-01 1.004296e-02 -1.035652e-04 9.999495e-01 -3.660038e+01
9.999621e-01 -1.312645e-04 8.709197e-03 -1.247778e+01 1.297965e-04 1.000000e+00 1.691750e-04 6.326014e-01 -8.709245e-03 -1.680350e-04 9.999620e-01 -3.613541e+01
9.999545e-01 7.057290e-06 -9.537805e-03 -1.243627e+01 -6.251808e-06 1.000000e+00 8.443458e-05 6.208029e-01 9.537779e-03 -8.436786e-05 9.999544e-01 -3.566684e+01
9.999596e-01 -1.324406e-04 8.985245e-03 -1.239583e+01 1.311633e-04 1.000000e+00 1.428022e-04 6.082811e-01 -8.985290e-03 -1.416146e-04 9.999595e-01 -3.516137e+01
9.999359e-01 1.252904e-05 -1.131927e-02 -1.236995e+01 -1.102724e-05 1.000000e+00 1.326987e-04 5.978368e-01 1.131925e-02 -1.325621e-04 9.999358e-01 -3.470314e+01
9.999547e-01 -1.368909e-04 9.513624e-03 -1.234222e+01 1.354274e-04 1.000000e+00 1.545289e-04 5.875853e-01 -9.513672e-03 -1.532302e-04 9.999546e-01 -3.426107e+01
9.999493e-01 -1.770349e-05 -1.007162e-02 -1.232310e+01 1.871249e-05 1.000000e+00 1.000411e-04 5.791147e-01 1.007159e-02 -1.002211e-04 9.999492e-01 -3.393613e+01
9.999570e-01 -1.119783e-04 9.276746e-03 -1.228705e+01 1.105502e-04 1.000000e+00 1.545159e-04 5.667943e-01 -9.276790e-03 -1.534804e-04 9.999569e-01 -3.342492e+01
9.999556e-01 -1.374440e-05 -9.418787e-03 -1.224298e+01 1.448557e-05 1.000000e+00 7.857219e-05 5.543767e-01 9.418759e-03 -7.870173e-05 9.999555e-01 -3.294057e+01
9.999594e-01 -1.080847e-04 9.005388e-03 -1.220402e+01 1.068169e-04 1.000000e+00 1.413228e-04 5.432056e-01 -9.005430e-03 -1.403517e-04 9.999593e-01 -3.250750e+01
9.999580e-01 -7.282202e-06 -9.165128e-03 -1.215749e+01 8.062027e-06 1.000000e+00 8.499628e-05 5.316802e-01 9.165100e-03 -8.506315e-05 9.999579e-01 -3.208451e+01
9.999609e-01 -1.547569e-04 8.842772e-03 -1.211753e+01 1.538387e-04 1.000000e+00 1.045741e-04 5.217895e-01 -8.842816e-03 -1.032062e-04 9.999608e-01 -3.174188e+01
9.999589e-01 -2.740428e-04 -9.059079e-03 -1.214689e+01 2.739651e-04 1.000000e+00 -9.864802e-06 5.226695e-01 9.059054e-03 7.386024e-06 9.999589e-01 -3.189527e+01
9.999619e-01 -1.662890e-04 8.723451e-03 -1.215956e+01 1.651841e-04 1.000000e+00 1.274411e-04 5.217930e-01 -8.723499e-03 -1.259918e-04 9.999618e-01 -3.198824e+01
9.999572e-01 -1.495610e-04 -9.250387e-03 -1.214781e+01 1.499938e-04 1.000000e+00 4.603739e-05 5.158292e-01 9.250353e-03 -4.741938e-05 9.999571e-01 -3.181296e+01
9.999597e-01 -1.803783e-04 8.971185e-03 -1.213860e+01 1.790096e-04 1.000000e+00 1.534242e-04 5.100607e-01 -8.971240e-03 -1.518085e-04 9.999596e-01 -3.164697e+01
9.999535e-01 -7.583065e-05 -9.644789e-03 -1.211533e+01 7.616767e-05 1.000000e+00 3.452353e-05 5.027335e-01 9.644758e-03 -3.525297e-05 9.999534e-01 -3.140484e+01
9.999573e-01 -3.146862e-04 9.235691e-03 -1.212403e+01 3.138806e-04 9.999999e-01 8.874232e-05 5.007412e-01 -9.235747e-03 -8.583603e-05 9.999572e-01 -3.143268e+01
9.999506e-01 4.058192e-05 -9.939395e-03 -1.210774e+01 -3.927464e-05 1.000000e+00 1.316693e-04 4.931992e-01 9.939373e-03 -1.312688e-04 9.999505e-01 -3.116203e+01
9.999639e-01 -2.134497e-04 8.498175e-03 -1.207979e+01 2.126634e-04 1.000000e+00 9.350082e-05 4.815572e-01 -8.498222e-03 -9.168654e-05 9.999638e-01 -3.066230e+01
9.999481e-01 6.388384e-05 -1.018306e-02 -1.205400e+01 -6.212389e-05 1.000000e+00 1.730962e-04 4.706871e-01 1.018305e-02 -1.724509e-04 9.999480e-01 -3.018644e+01
9.999560e-01 -1.632575e-04 9.374719e-03 -1.202236e+01 1.628400e-04 1.000000e+00 4.535786e-05 4.598691e-01 -9.374754e-03 -4.382559e-05 9.999560e-01 -2.974974e+01
9.999404e-01 -5.165347e-07 -1.091644e-02 -1.199718e+01 2.630514e-06 1.000000e+00 1.935878e-04 4.481875e-01 1.091641e-02 -1.936013e-04 9.999403e-01 -2.923868e+01
9.999499e-01 -1.710793e-04 1.001065e-02 -1.196566e+01 1.708465e-04 1.000000e+00 2.415963e-05 4.379135e-01 -1.001068e-02 -2.244439e-05 9.999498e-01 -2.882937e+01
9.999394e-01 2.964594e-05 -1.101143e-02 -1.193895e+01 -2.758573e-05 1.000000e+00 1.872005e-04 4.269354e-01 1.101141e-02 -1.868816e-04 9.999393e-01 -2.838575e+01
9.999504e-01 -1.992671e-04 9.955207e-03 -1.190941e+01 1.983594e-04 1.000000e+00 9.222148e-05 4.147896e-01 -9.955254e-03 -9.023841e-05 9.999503e-01 -2.785649e+01
9.999415e-01 3.402891e-05 -1.081866e-02 -1.186833e+01 -3.259255e-05 1.000000e+00 1.328918e-04 4.020218e-01 1.081864e-02 -1.325276e-04 9.999414e-01 -2.734161e+01
9.999541e-01 -2.136720e-04 9.573667e-03 -1.183195e+01 2.126727e-04 1.000000e+00 1.054655e-04 3.893572e-01 -9.573718e-03 -1.034208e-04 9.999541e-01 -2.681263e+01
9.999403e-01 3.409301e-05 -1.092267e-02 -1.179833e+01 -3.246921e-05 1.000000e+00 1.487882e-04 3.770006e-01 1.092264e-02 -1.484208e-04 9.999402e-01 -2.628546e+01
9.999645e-01 -1.940252e-04 8.429007e-03 -1.176732e+01 1.930856e-04 1.000000e+00 1.123553e-04 3.650773e-01 -8.429058e-03 -1.107199e-04 9.999644e-01 -2.576600e+01
9.999599e-01 5.084818e-05 -8.957156e-03 -1.173144e+01 -4.929989e-05 1.000000e+00 1.730100e-04 3.553111e-01 8.957136e-03 -1.725575e-04 9.999598e-01 -2.538634e+01
9.999539e-01 -1.794579e-04 9.599124e-03 -1.169798e+01 1.794136e-04 1.000000e+00 5.538013e-06 3.467127e-01 -9.599154e-03 -3.811598e-06 9.999538e-01 -2.512324e+01
9.999593e-01 1.003763e-04 -9.019960e-03 -1.165252e+01 -9.879630e-05 1.000000e+00 1.755484e-04 3.364078e-01 9.019949e-03 -1.746462e-04 9.999592e-01 -2.477532e+01
9.999689e-01 -1.879013e-04 7.889388e-03 -1.161435e+01 1.879694e-04 1.000000e+00 -7.817953e-06 3.258960e-01 -7.889415e-03 9.304656e-06 9.999688e-01 -2.437379e+01
9.999414e-01 7.645811e-05 -1.082333e-02 -1.158876e+01 -7.340730e-05 1.000000e+00 2.822154e-04 3.156674e-01 1.082332e-02 -2.814003e-04 9.999413e-01 -2.391951e+01
9.999644e-01 -2.013657e-04 8.438772e-03 -1.156486e+01 2.019621e-04 1.000000e+00 -6.974764e-05 3.057791e-01 -8.438788e-03 7.145350e-05 9.999643e-01 -2.349296e+01
9.998869e-01 1.758214e-04 -1.503724e-02 -1.155190e+01 -1.704169e-04 9.999999e-01 3.606475e-04 2.961396e-01 1.503727e-02 -3.580400e-04 9.998868e-01 -2.301652e+01
9.999554e-01 -2.574932e-04 9.442250e-03 -1.153853e+01 2.577106e-04 1.000000e+00 -2.173920e-05 2.860575e-01 -9.442275e-03 2.417569e-05 9.999553e-01 -2.250975e+01
9.998486e-01 2.544878e-04 -1.739962e-02 -1.153053e+01 -2.483024e-04 9.999999e-01 3.576133e-04 2.764927e-01 1.739968e-02 -3.532347e-04 9.998485e-01 -2.200736e+01
9.999668e-01 -2.524053e-04 8.145474e-03 -1.152250e+01 2.522146e-04 1.000000e+00 2.452739e-05 2.673357e-01 -8.145512e-03 -2.246802e-05 9.999667e-01 -2.149984e+01
9.998607e-01 2.938593e-04 -1.669074e-02 -1.151119e+01 -2.896936e-04 9.999999e-01 2.519548e-04 2.597089e-01 1.669078e-02 -2.470803e-04 9.998606e-01 -2.110226e+01
9.999914e-01 -1.317739e-04 4.156251e-03 -1.151502e+01 1.314661e-04 1.000000e+00 7.449867e-05 2.531604e-01 -4.156295e-03 -7.394742e-05 9.999913e-01 -2.069728e+01
9.999253e-01 1.499401e-04 -1.221971e-02 -1.150647e+01 -1.466941e-04 1.000000e+00 2.664748e-04 2.453984e-01 1.221971e-02 -2.646581e-04 9.999252e-01 -2.027681e+01
9.999406e-01 -3.686904e-04 1.089615e-02 -1.150079e+01 3.698158e-04 9.999999e-01 -1.011856e-04 2.401823e-01 -1.089615e-02 1.052134e-04 9.999405e-01 -2.009308e+01
9.998775e-01 1.401997e-04 -1.565409e-02 -1.153001e+01 -1.355314e-04 9.999999e-01 2.992226e-04 2.382856e-01 1.565410e-02 -2.970601e-04 9.998773e-01 -2.002646e+01
9.999994e-01 1.026065e-04 1.058975e-03 -1.153737e+01 -1.027730e-04 1.000000e+00 1.579523e-04 2.318774e-01 -1.058995e-03 -1.580567e-04 9.999993e-01 -1.958532e+01
9.999301e-01 1.323211e-05 -1.182739e-02 -1.154163e+01 -1.057761e-05 1.000000e+00 2.244275e-04 2.251860e-01 1.182736e-02 -2.242824e-04 9.999299e-01 -1.917519e+01
1.000000e+00 1.166078e-04 -2.065149e-04 -1.153585e+01 -1.165809e-04 1.000000e+00 1.260986e-04 2.182780e-01 2.064903e-04 -1.260702e-04 9.999999e-01 -1.877410e+01
9.998463e-01 1.723052e-04 -1.753061e-02 -1.154065e+01 -1.665020e-04 9.999999e-01 3.324404e-04 2.117027e-01 1.753063e-02 -3.294660e-04 9.998462e-01 -1.830263e+01
9.999990e-01 5.593880e-05 1.376697e-03 -1.154822e+01 -5.601790e-05 1.000000e+00 5.813872e-05 2.067075e-01 -1.376736e-03 -5.821137e-05 9.999990e-01 -1.792642e+01
9.998199e-01 2.528628e-04 -1.897774e-02 -1.155781e+01 -2.469230e-04 9.999999e-01 3.152801e-04 2.024691e-01 1.897777e-02 -3.105329e-04 9.998198e-01 -1.758885e+01
9.999258e-01 -2.408855e-04 1.218233e-02 -1.152107e+01 2.395813e-04 1.000000e+00 1.086025e-04 1.933744e-01 -1.218240e-02 -1.056713e-04 9.999257e-01 -1.716525e+01
9.999131e-01 1.167807e-04 -1.318060e-02 -1.147183e+01 -1.151739e-04 1.000000e+00 1.225829e-04 1.826544e-01 1.318057e-02 -1.210497e-04 9.999130e-01 -1.676906e+01
9.999280e-01 -2.341923e-04 1.199687e-02 -1.141737e+01 2.329086e-04 1.000000e+00 1.084936e-04 1.721727e-01 -1.199694e-02 -1.056871e-04 9.999279e-01 -1.639983e+01
9.999163e-01 1.414235e-04 -1.293827e-02 -1.134832e+01 -1.393694e-04 1.000000e+00 1.595822e-04 1.618028e-01 1.293825e-02 -1.577611e-04 9.999162e-01 -1.607444e+01
9.999193e-01 -2.423276e-04 1.270165e-02 -1.127991e+01 2.417496e-04 1.000000e+00 4.713026e-05 1.525026e-01 -1.270170e-02 -4.405128e-05 9.999192e-01 -1.582679e+01
9.999174e-01 -8.202608e-05 -1.285593e-02 -1.129767e+01 8.211694e-05 1.000000e+00 6.455651e-06 1.532668e-01 1.285588e-02 -7.506221e-06 9.999173e-01 -1.598970e+01
9.999209e-01 -4.742828e-04 1.257110e-02 -1.138814e+01 4.736708e-04 9.999999e-01 5.174515e-05 1.608075e-01 -1.257117e-02 -4.578190e-05 9.999209e-01 -1.642339e+01
9.999130e-01 1.507837e-04 -1.319183e-02 -1.136554e+01 -1.495801e-04 1.000000e+00 9.214665e-05 1.574742e-01 1.319180e-02 -9.016078e-05 9.999129e-01 -1.643359e+01
9.999282e-01 -2.900298e-04 1.197994e-02 -1.130770e+01 2.882558e-04 9.999999e-01 1.499001e-04 1.462963e-01 -1.198002e-02 -1.464314e-04 9.999281e-01 -1.603472e+01
9.999151e-01 1.524730e-04 -1.302719e-02 -1.125079e+01 -1.516190e-04 1.000000e+00 6.645976e-05 1.353389e-01 1.302715e-02 -6.447429e-05 9.999150e-01 -1.565756e+01
9.999319e-01 -3.009404e-04 1.166241e-02 -1.119933e+01 2.991410e-04 9.999999e-01 1.561297e-04 1.242092e-01 -1.166250e-02 -1.526257e-04 9.999319e-01 -1.524744e+01
9.998865e-01 7.167120e-05 -1.506625e-02 -1.113731e+01 -7.010095e-05 1.000000e+00 1.046765e-04 1.102677e-01 1.506621e-02 -1.036037e-04 9.998864e-01 -1.468642e+01
9.999970e-01 -6.106028e-05 -2.456023e-03 -1.091851e+01 6.255016e-05 9.999998e-01 6.060639e-04 9.676467e-02 2.455939e-03 -6.062109e-04 9.999967e-01 -1.438210e+01
9.992025e-01 7.472847e-04 -3.992290e-02 -1.066497e+01 -7.354822e-04 9.999997e-01 3.102858e-04 9.186482e-02 3.992307e-02 -2.806710e-04 9.992026e-01 -1.444431e+01
9.978887e-01 1.815125e-03 -6.492097e-02 -1.079209e+01 -1.713371e-03 9.999972e-01 1.622978e-03 1.013361e-01 6.492368e-02 -1.508313e-03 9.978890e-01 -1.386464e+01
9.999856e-01 -4.660258e-04 5.345809e-03 -1.093029e+01 4.676143e-04 9.999998e-01 -2.955606e-04 1.063957e-01 -5.345734e-03 2.980610e-04 9.999856e-01 -1.331368e+01
9.999577e-01 1.626402e-04 -9.199086e-03 -1.092232e+01 -1.581614e-04 9.999999e-01 4.874029e-04 1.046659e-01 9.199100e-03 -4.859225e-04 9.999575e-01 -1.335357e+01
9.999582e-01 1.172113e-04 -9.136719e-03 -1.091633e+01 -1.175394e-04 1.000000e+00 -3.557130e-05 1.010989e-01 9.136649e-03 3.664864e-05 9.999582e-01 -1.310831e+01
9.999132e-01 3.092199e-04 -1.316916e-02 -1.090204e+01 -3.014141e-04 9.999998e-01 5.945713e-04 9.613805e-02 1.316928e-02 -5.905454e-04 9.999130e-01 -1.273696e+01
9.999596e-01 8.619753e-05 -8.983451e-03 -1.086046e+01 -8.631023e-05 1.000000e+00 -1.237734e-05 9.023167e-02 8.983381e-03 1.315713e-05 9.999596e-01 -1.237520e+01
9.999962e-01 2.980279e-05 -2.768120e-03 -1.076935e+01 -2.809724e-05 9.999998e-01 6.154463e-04 7.855266e-02 2.768068e-03 -6.153612e-04 9.999959e-01 -1.190290e+01
9.998326e-01 3.025083e-04 -1.829562e-02 -1.071513e+01 -3.031985e-04 1.000000e+00 -3.506855e-05 7.055502e-02 1.829554e-02 4.061486e-05 9.998325e-01 -1.145850e+01
9.998333e-01 4.964071e-04 -1.824916e-02 -1.076627e+01 -4.833989e-04 9.999996e-01 7.170983e-04 6.960883e-02 1.824943e-02 -7.081522e-04 9.998331e-01 -1.103500e+01
9.999640e-01 5.776737e-05 -8.485762e-03 -1.077820e+01 -5.824656e-05 1.000000e+00 -5.649213e-05 6.579678e-02 8.485683e-03 5.698934e-05 9.999639e-01 -1.061241e+01
9.996167e-01 7.096691e-04 -2.767613e-02 -1.071416e+01 -6.776744e-04 9.999991e-01 1.165320e-03 5.592311e-02 2.767685e-02 -1.146113e-03 9.996162e-01 -9.952878e+00
9.999855e-01 -3.795170e-04 5.363777e-03 -1.063095e+01 3.804749e-04 9.999999e-01 -1.770949e-04 4.522460e-02 -5.363789e-03 1.791382e-04 9.999855e-01 -9.354213e+00
9.996783e-01 7.383876e-04 -2.535225e-02 -1.055049e+01 -7.166733e-04 9.999994e-01 8.654826e-04 3.802286e-02 2.535279e-02 -8.470299e-04 9.996781e-01 -9.045951e+00
9.999509e-01 1.517497e-05 -9.907024e-03 -1.059146e+01 -1.681711e-05 1.000000e+00 -1.659409e-04 3.536694e-02 9.906938e-03 1.661044e-04 9.999508e-01 -8.546139e+00
9.994665e-01 9.414921e-04 -3.264753e-02 -1.065574e+01 -9.093880e-04 9.999991e-01 9.981064e-04 3.479297e-02 3.264836e-02 -9.678797e-04 9.994664e-01 -8.045265e+00
9.999574e-01 2.259215e-05 -9.226816e-03 -1.072919e+01 -2.434157e-05 1.000000e+00 -1.898026e-04 3.495011e-02 9.226724e-03 1.900241e-04 9.999573e-01 -7.571196e+00
9.995279e-01 8.656698e-04 -3.071253e-02 -1.079114e+01 -8.362763e-04 9.999992e-01 9.697908e-04 3.413398e-02 3.071326e-02 -9.436439e-04 9.995277e-01 -7.086473e+00
9.999265e-01 9.371448e-05 -1.212415e-02 -1.083589e+01 -9.518903e-05 1.000000e+00 -1.213004e-04 3.277107e-02 1.212404e-02 1.224504e-04 9.999264e-01 -6.586239e+00
9.991042e-01 1.132325e-03 -4.230117e-02 -1.086944e+01 -1.082229e-03 9.999987e-01 1.207061e-03 3.280704e-02 4.230239e-02 -1.160195e-03 9.991041e-01 -6.113166e+00
9.996361e-01 4.746066e-04 -2.696864e-02 -1.090929e+01 -4.714877e-04 9.999999e-01 1.218846e-04 3.534597e-02 2.696860e-02 -1.091202e-04 9.996362e-01 -5.643143e+00
9.999054e-01 4.533158e-04 -1.374644e-02 -1.086691e+01 -4.348247e-04 9.999990e-01 1.347862e-03 2.621677e-02 1.374694e-02 -1.341752e-03 9.999045e-01 -4.837889e+00
9.997309e-01 3.062098e-04 -2.319226e-02 -1.083409e+01 -3.130230e-04 9.999999e-01 -2.902949e-04 1.679045e-02 2.319208e-02 2.974811e-04 9.997309e-01 -4.081512e+00
9.996488e-01 7.643168e-04 -2.648641e-02 -1.084633e+01 -7.306647e-04 9.999989e-01 1.280058e-03 1.621256e-02 2.648726e-02 -1.260251e-03 9.996483e-01 -3.660825e+00
9.997168e-01 3.696047e-04 -2.379260e-02 -1.088478e+01 -3.769074e-04 9.999999e-01 -3.026122e-04 1.619044e-02 2.379238e-02 3.114986e-04 9.997168e-01 -3.191659e+00
9.992239e-01 1.019390e-03 -3.937662e-02 -1.090245e+01 -9.599949e-04 9.999984e-01 1.527157e-03 1.723001e-02 3.937801e-02 -1.488166e-03 9.992232e-01 -2.751225e+00
9.999394e-01 5.083860e-05 -1.100024e-02 -1.086653e+01 -5.608470e-05 9.999999e-01 -4.769787e-04 1.611085e-02 1.100012e-02 4.775710e-04 9.999393e-01 -2.407055e+00
9.996203e-01 7.356319e-04 -2.754300e-02 -1.082358e+01 -6.989173e-04 9.999989e-01 1.342447e-03 1.242386e-02 2.754385e-02 -1.322683e-03 9.996197e-01 -2.050156e+00
9.998940e-01 1.464856e-04 -1.455869e-02 -1.077392e+01 -1.526045e-04 9.999999e-01 -4.194747e-04 9.387481e-03 1.455853e-02 4.216560e-04 9.998939e-01 -1.709659e+00
9.969207e-01 2.071451e-03 -7.838868e-02 -1.083599e+01 -1.898741e-03 9.999956e-01 2.277675e-03 1.357233e-02 7.839296e-02 -2.121818e-03 9.969202e-01 -1.074607e+00
9.995946e-01 4.855932e-04 -2.846579e-02 -1.095457e+01 -4.949443e-04 9.999998e-01 -3.216203e-04 2.071473e-02 2.846553e-02 3.355824e-04 9.995947e-01 -3.079882e-01
9.988119e-01 1.239614e-03 -4.871555e-02 -1.102725e+01 -1.157333e-03 9.999979e-01 1.717076e-03 2.550594e-02 4.871748e-02 -1.658653e-03 9.988112e-01 1.983246e-01
9.999874e-01 -3.000378e-05 -5.014241e-03 -1.101449e+01 2.689814e-05 9.999998e-01 -6.203854e-04 2.533724e-02 5.014166e-03 6.202459e-04 9.999872e-01 5.545503e-01
9.987956e-01 1.213500e-03 -4.904923e-02 -1.098065e+01 -1.127343e-03 9.999978e-01 1.784075e-03 2.420710e-02 4.905119e-02 -1.726628e-03 9.987947e-01 9.246531e-01
9.999876e-01 -2.386803e-04 4.967394e-03 -1.093847e+01 2.425164e-04 9.999997e-01 -7.706750e-04 2.109107e-02 -4.967296e-03 7.718731e-04 9.999873e-01 1.323800e+00
9.987564e-01 1.233099e-03 -4.984011e-02 -1.091294e+01 -1.146223e-03 9.999978e-01 1.771546e-03 1.920082e-02 4.984209e-02 -1.712213e-03 9.987556e-01 1.683731e+00
9.999995e-01 -4.018419e-05 -9.177474e-04 -1.092163e+01 3.953602e-05 9.999997e-01 -7.116687e-04 1.862558e-02 9.176929e-04 7.116347e-04 9.999993e-01 2.103741e+00
9.993812e-01 8.194170e-04 -3.516264e-02 -1.085777e+01 -7.587773e-04 9.999982e-01 1.737720e-03 1.352057e-02 3.516392e-02 -1.709962e-03 9.993801e-01 2.522420e+00
9.999981e-01 -8.657930e-05 1.897844e-03 -1.077269e+01 8.809429e-05 9.999997e-01 -7.955585e-04 6.155400e-03 -1.897853e-03 7.957266e-04 9.999979e-01 2.981188e+00
