9.999736e-01 -1.530982e-04 -7.258339e-03 -1.491371e-02 1.515321e-04 1.000000e+00 -2.163241e-04 -1.376479e-02 7.258371e-03 2.152190e-04 9.999735e-01 7.049749e-01
9.999844e-01 1.624738e-04 -5.590237e-03 -3.544810e-02 -1.613837e-04 1.000000e+00 1.954563e-04 -2.760851e-02 5.590267e-03 -1.945507e-04 9.999843e-01 1.432523e+00
9.999979e-01 -4.174720e-04 2.008724e-03 -4.392258e-02 4.186215e-04 9.999997e-01 -5.718421e-04 -4.258453e-02 -2.008487e-03 5.726822e-04 9.999977e-01 2.188878e+00
9.999968e-01 8.939057e-05 -2.527046e-03 -4.772355e-02 -8.915338e-05 1.000000e+00 9.396381e-05 -5.652587e-02 2.527052e-03 -9.373785e-05 9.999967e-01 2.875875e+00
9.999070e-01 -9.195459e-04 1.360794e-02 -3.492548e-02 9.353601e-04 9.999989e-01 -1.155809e-03 -7.152760e-02 -1.360686e-02 1.168430e-03 9.999066e-01 3.588723e+00
9.997769e-01 -1.325526e-03 2.107888e-02 7.441038e-03 1.347288e-03 9.999986e-01 -1.018244e-03 -8.482888e-02 -2.107750e-02 1.046416e-03 9.997772e-01 4.176696e+00
9.999692e-01 3.055566e-04 -7.844132e-03 3.886040e-02 -3.066467e-04 9.999999e-01 -1.377696e-04 -9.939381e-02 7.844093e-03 1.401707e-04 9.999691e-01 4.833346e+00
9.999999e-01 -3.068375e-04 2.972539e-04 4.720267e-02 3.068494e-04 1.000000e+00 -3.999719e-05 -1.072901e-01 -2.972388e-04 4.008831e-05 9.999999e-01 5.178185e+00
9.993312e-01 1.886810e-03 -3.651802e-02 2.071413e-02 -1.846342e-03 9.999976e-01 1.141855e-03 -1.064080e-01 3.652009e-02 -1.073667e-03 9.993322e-01 5.215030e+00
9.999157e-01 -8.336979e-04 1.295554e-02 -2.086666e-02 8.409054e-04 9.999995e-01 -5.508843e-04 -1.072588e-01 -1.295507e-02 5.617323e-04 9.999158e-01 5.345073e+00
9.999658e-01 -5.277532e-04 8.252952e-03 5.584806e-04 5.355173e-04 9.999994e-01 -9.385834e-04 -1.178058e-01 -8.252453e-03 9.429708e-04 9.999654e-01 5.799753e+00
9.999071e-01 -9.417842e-04 1.360122e-02 4.453257e-02 9.510917e-04 9.999993e-01 -6.778666e-04 -1.321472e-01 -1.360057e-02 6.907394e-04 9.999072e-01 6.427504e+00
9.999996e-01 -5.849583e-05 8.726897e-04 5.186882e-02 5.878069e-05 9.999999e-01 -3.263631e-04 -1.402422e-01 -8.726680e-04 3.264140e-04 9.999995e-01 6.791410e+00
9.992520e-01 -2.367666e-03 3.859871e-02 7.688895e-02 2.442647e-03 9.999952e-01 -1.895539e-03 -1.483960e-01 -3.859404e-02 1.988403e-03 9.992529e-01 7.146170e+00
9.999910e-01 1.525862e-04 -4.232517e-03 1.250891e-01 -1.535495e-04 1.000000e+00 -2.272744e-04 -1.606325e-01 4.232492e-03 2.279214e-04 9.999909e-01 7.669232e+00
9.999114e-01 -9.051939e-04 1.327919e-02 1.509920e-01 9.153790e-04 9.999993e-01 -7.609399e-04 -1.769952e-01 -1.327848e-02 7.730271e-04 9.999114e-01 8.440728e+00
9.999972e-01 9.904351e-05 -2.367027e-03 1.741220e-01 -9.961634e-05 1.000000e+00 -2.419202e-04 -1.923690e-01 2.367015e-03 2.421543e-04 9.999971e-01 9.157251e+00
9.996415e-01 -1.587490e-03 2.672758e-02 1.946808e-01 1.624155e-03 9.999978e-01 -1.350136e-03 -2.022328e-01 -2.672536e-02 1.393060e-03 9.996417e-01 9.588952e+00
9.999108e-01 6.031383e-04 -1.334567e-02 2.251351e-01 -6.004025e-04 9.999998e-01 2.089930e-04 -2.158274e-01 1.334581e-02 -2.009628e-04 9.999108e-01 1.019027e+01
9.995603e-01 -1.665483e-03 2.960398e-02 2.617686e-01 1.709791e-03 9.999975e-01 -1.471465e-03 -2.303194e-01 -2.960144e-02 1.521433e-03 9.995605e-01 1.083554e+01
9.999981e-01 -3.393342e-04 1.926759e-03 3.130815e-01 3.403531e-04 9.999998e-01 -5.284182e-04 -2.426853e-01 -1.926559e-03 5.290713e-04 9.999979e-01 1.135980e+01
9.999664e-01 -4.973474e-04 8.182648e-03 3.450243e-01 5.016195e-04 9.999997e-01 -5.200284e-04 -2.595679e-01 -8.182366e-03 5.241138e-04 9.999663e-01 1.214857e+01
9.999776e-01 2.242085e-07 -6.695808e-03 3.383412e-01 -2.352361e-07 1.000000e+00 -1.679350e-06 -2.785642e-01 6.695829e-03 1.679066e-06 9.999775e-01 1.313232e+01
9.999680e-01 -4.807220e-04 7.989756e-03 3.286974e-01 4.844623e-04 9.999998e-01 -4.661861e-04 -2.970244e-01 -7.989509e-03 4.700400e-04 9.999679e-01 1.408779e+01
9.999799e-01 5.795934e-06 -6.336768e-03 3.247744e-01 -6.019195e-06 1.000000e+00 -3.525096e-05 -3.153350e-01 6.336790e-03 3.528647e-05 9.999798e-01 1.502522e+01
9.999731e-01 -3.846599e-04 7.318636e-03 3.295445e-01 3.875441e-04 9.999998e-01 -3.926422e-04 -3.322609e-01 -7.318462e-03 3.954660e-04 9.999730e-01 1.586413e+01
9.999851e-01 -4.889026e-06 -5.460847e-03 3.467291e-01 4.411717e-06 1.000000e+00 -8.746332e-05 -3.494957e-01 5.460869e-03 8.743590e-05 9.999850e-01 1.669493e+01
9.999856e-01 -3.889195e-05 5.363848e-03 3.144216e-01 3.909570e-05 1.000000e+00 -3.783616e-05 -3.529774e-01 -5.363825e-03 3.804327e-05 9.999855e-01 1.691309e+01
9.999815e-01 4.072982e-05 -6.086048e-03 2.531360e-01 -4.221602e-05 1.000000e+00 -2.441095e-04 -3.588276e-01 6.086060e-03 2.443599e-04 9.999814e-01 1.729540e+01
9.999893e-01 -1.876692e-04 4.623755e-03 2.684564e-01 1.878201e-04 1.000000e+00 -3.215778e-05 -3.703152e-01 -4.623727e-03 3.302377e-05 9.999892e-01 1.780405e+01
9.995666e-01 1.230201e-03 -2.941132e-02 3.966090e-01 -1.200240e-03 9.999987e-01 1.036313e-03 -3.703837e-01 2.941258e-02 -1.000565e-03 9.995668e-01 1.764011e+01
9.996225e-01 -1.206636e-03 2.744802e-02 4.123780e-01 1.244356e-03 9.999983e-01 -1.357190e-03 -3.815685e-01 -2.744631e-02 1.390831e-03 9.996222e-01 1.813477e+01
9.996504e-01 7.902216e-04 -2.642787e-02 4.054469e-01 -7.653832e-04 9.999993e-01 9.499506e-04 -3.993780e-01 2.642862e-02 -9.293931e-04 9.996502e-01 1.904734e+01
9.996299e-01 -1.271337e-03 2.717272e-02 3.909813e-01 1.310190e-03 9.999981e-01 -1.412089e-03 -4.187213e-01 -2.717086e-02 1.447165e-03 9.996297e-01 2.006451e+01
9.996424e-01 7.412218e-04 -2.673095e-02 3.749055e-01 -7.164200e-04 9.999993e-01 9.373841e-04 -4.389440e-01 2.673164e-02 -9.179004e-04 9.996421e-01 2.113748e+01
9.996363e-01 -1.250991e-03 2.693724e-02 3.594860e-01 1.290390e-03 9.999981e-01 -1.445277e-03 -4.594235e-01 -2.693537e-02 1.479509e-03 9.996360e-01 2.222607e+01
9.996407e-01 7.622400e-04 -2.679421e-02 3.394189e-01 -7.360545e-04 9.999992e-01 9.871205e-04 -4.786108e-01 2.679496e-02 -9.670461e-04 9.996404e-01 2.324522e+01
9.996339e-01 -1.235505e-03 2.702672e-02 3.146750e-01 1.274146e-03 9.999982e-01 -1.412560e-03 -4.967496e-01 -2.702490e-02 1.446477e-03 9.996336e-01 2.420707e+01
9.996414e-01 7.101759e-04 -2.676839e-02 2.916997e-01 -6.849368e-04 9.999993e-01 9.520150e-04 -5.166004e-01 2.676907e-02 -9.333413e-04 9.996411e-01 2.526888e+01
9.996271e-01 -1.254281e-03 2.727642e-02 2.722431e-01 1.294951e-03 9.999981e-01 -1.473414e-03 -5.378247e-01 -2.727450e-02 1.508183e-03 9.996267e-01 2.640787e+01
9.996341e-01 6.763350e-04 -2.704069e-02 2.466923e-01 -6.503640e-04 9.999993e-01 9.692147e-04 -5.589141e-01 2.704134e-02 -9.512763e-04 9.996338e-01 2.754948e+01
9.996224e-01 -1.267246e-03 2.745004e-02 2.223751e-01 1.308484e-03 9.999980e-01 -1.484392e-03 -5.802728e-01 -2.744808e-02 1.519747e-03 9.996220e-01 2.870339e+01
9.996282e-01 1.014433e-03 -2.724869e-02 1.537901e-01 -9.812436e-04 9.999988e-01 1.231356e-03 -5.908073e-01 2.724992e-02 -1.204164e-03 9.996278e-01 2.933279e+01
9.996119e-01 -1.320028e-03 2.782763e-02 6.307073e-02 1.360481e-03 9.999980e-01 -1.434797e-03 -6.005753e-01 -2.782566e-02 1.472097e-03 9.996116e-01 2.996260e+01
9.996294e-01 6.768095e-04 -2.721398e-02 2.373318e-02 -6.492183e-04 9.999993e-01 1.022670e-03 -6.202406e-01 2.721467e-02 -1.004626e-03 9.996290e-01 3.103886e+01
9.996315e-01 -1.050509e-03 2.712626e-02 1.567207e-02 1.088836e-03 9.999984e-01 -1.398189e-03 -6.363247e-01 -2.712473e-02 1.427207e-03 9.996309e-01 3.185197e+01
9.996172e-01 8.013122e-04 -2.765533e-02 3.495201e-03 -7.734450e-04 9.999992e-01 1.018330e-03 -6.506398e-01 2.765615e-02 -9.965534e-04 9.996169e-01 3.257596e+01
9.996098e-01 -1.347597e-03 2.789987e-02 -2.087507e-02 1.390120e-03 9.999979e-01 -1.504786e-03 -6.710568e-01 -2.789776e-02 1.542980e-03 9.996095e-01 3.367374e+01
9.996392e-01 8.010293e-04 -2.684765e-02 -3.459468e-02 -7.738093e-04 9.999992e-01 1.024231e-03 -6.917761e-01 2.684846e-02 -1.003089e-03 9.996389e-01 3.477168e+01
9.996185e-01 -1.261075e-03 2.759143e-02 -4.197043e-02 1.302092e-03 9.999981e-01 -1.468665e-03 -7.106871e-01 -2.758951e-02 1.504028e-03 9.996181e-01 3.575061e+01
9.996352e-01 7.312959e-04 -2.699919e-02 -4.992604e-02 -7.051818e-04 9.999993e-01 9.767149e-04 -7.313784e-01 2.699991e-02 -9.573222e-04 9.996349e-01 3.683856e+01
9.996134e-01 -9.873072e-04 2.778580e-02 7.871374e-03 1.026069e-03 9.999985e-01 -1.380789e-03 -7.478653e-01 -2.778437e-02 1.408762e-03 9.996128e-01 3.757251e+01
9.994678e-01 1.565623e-03 -3.258470e-02 1.144369e-01 -1.485859e-03 9.999958e-01 2.471960e-03 -7.288895e-01 3.258845e-02 -2.422231e-03 9.994658e-01 3.676250e+01
9.995311e-01 -1.503956e-03 3.058443e-02 1.495974e-01 1.589114e-03 9.999949e-01 -2.760223e-03 -7.407442e-01 -3.058010e-02 2.807528e-03 9.995283e-01 3.726278e+01
9.995693e-01 9.892628e-04 -2.933015e-02 1.464902e-01 -9.230761e-04 9.999970e-01 2.270051e-03 -7.622759e-01 2.933232e-02 -2.242002e-03 9.995671e-01 3.839186e+01
9.995092e-01 -1.589999e-03 3.128469e-02 1.426273e-01 1.676971e-03 9.999948e-01 -2.753977e-03 -7.843524e-01 -3.128013e-02 2.805086e-03 9.995066e-01 3.954802e+01
9.995403e-01 9.649023e-04 -3.030379e-02 1.261617e-01 -8.971618e-04 9.999971e-01 2.248886e-03 -8.071928e-01 3.030589e-02 -2.220668e-03 9.995381e-01 4.077520e+01
9.995109e-01 -1.549254e-03 3.123262e-02 1.144225e-01 1.637644e-03 9.999947e-01 -2.804672e-03 -8.305046e-01 -3.122809e-02 2.854445e-03 9.995081e-01 4.202489e+01
9.995365e-01 9.504944e-04 -3.042806e-02 1.043899e-01 -8.829799e-04 9.999971e-01 2.232171e-03 -8.545408e-01 3.043012e-02 -2.204273e-03 9.995344e-01 4.331696e+01
9.995057e-01 -1.673852e-03 3.139244e-02 8.349346e-02 1.765764e-03 9.999942e-01 -2.900348e-03 -8.816465e-01 -3.138738e-02 2.954343e-03 9.995028e-01 4.481016e+01
9.995351e-01 1.223838e-03 -3.046342e-02 1.214999e-01 -1.151592e-03 9.999965e-01 2.388972e-03 -9.039578e-01 3.046625e-02 -2.352783e-03 9.995329e-01 4.592084e+01
9.995255e-01 -1.407834e-03 3.077052e-02 2.898555e-01 1.495939e-03 9.999948e-01 -2.840427e-03 -9.250498e-01 -3.076634e-02 2.885107e-03 9.995223e-01 4.670512e+01
9.995492e-01 9.927327e-04 -3.000625e-02 3.250366e-01 -9.234235e-04 9.999969e-01 2.323578e-03 -9.467188e-01 3.000848e-02 -2.294826e-03 9.995469e-01 4.778149e+01
9.995192e-01 -1.587577e-03 3.096668e-02 3.354465e-01 1.680278e-03 9.999942e-01 -2.967791e-03 -9.725376e-01 -3.096177e-02 3.018393e-03 9.995159e-01 4.914737e+01
9.995729e-01 7.309886e-04 -2.921294e-02 3.132743e-01 -6.648705e-04 9.999972e-01 2.272950e-03 -1.002085e+00 2.921454e-02 -2.252560e-03 9.995705e-01 5.078647e+01
9.995190e-01 -1.634660e-03 3.097074e-02 2.846679e-01 1.729098e-03 9.999939e-01 -3.022709e-03 -1.032951e+00 -3.096559e-02 3.074803e-03 9.995156e-01 5.251414e+01
9.995858e-01 8.213836e-04 -2.876820e-02 2.752588e-01 -7.540721e-04 9.999970e-01 2.350540e-03 -1.061936e+00 2.877007e-02 -2.327877e-03 9.995832e-01 5.409698e+01
9.995426e-01 -1.530371e-03 3.020277e-02 2.766476e-01 1.622693e-03 9.999941e-01 -3.032476e-03 -1.089827e+00 -3.019793e-02 3.080095e-03 9.995391e-01 5.559866e+01
9.995953e-01 7.943262e-04 -2.843582e-02 2.738523e-01 -7.278898e-04 9.999970e-01 2.346620e-03 -1.117615e+00 2.843762e-02 -2.324976e-03 9.995928e-01 5.710155e+01
9.994876e-01 -1.563231e-03 3.196866e-02 2.682775e-01 1.664554e-03 9.999937e-01 -3.143052e-03 -1.144764e+00 -3.196353e-02 3.194651e-03 9.994838e-01 5.856885e+01
9.995739e-01 6.762518e-04 -2.918031e-02 2.519615e-01 -6.077907e-04 9.999970e-01 2.354926e-03 -1.174702e+00 2.918184e-02 -2.336191e-03 9.995713e-01 6.022053e+01
9.995376e-01 -1.396478e-03 3.037578e-02 2.416427e-01 1.489836e-03 9.999942e-01 -3.051002e-03 -1.202464e+00 -3.037132e-02 3.094842e-03 9.995338e-01 6.173528e+01
9.995511e-01 8.691399e-04 -2.994564e-02 2.435555e-01 -7.950330e-04 9.999966e-01 2.486513e-03 -1.225743e+00 2.994772e-02 -2.461593e-03 9.995483e-01 6.296256e+01
9.995285e-01 -1.437257e-03 3.067018e-02 2.368524e-01 1.532868e-03 9.999940e-01 -3.094086e-03 -1.250047e+00 -3.066553e-02 3.139637e-03 9.995247e-01 6.426597e+01
9.995540e-01 8.173561e-04 -2.985026e-02 2.267947e-01 -7.432463e-04 9.999966e-01 2.493706e-03 -1.275011e+00 2.985222e-02 -2.470413e-03 9.995512e-01 6.561360e+01
9.995204e-01 -1.387209e-03 3.093620e-02 2.222322e-01 1.483682e-03 9.999941e-01 -3.095728e-03 -1.299362e+00 -3.093170e-02 3.140138e-03 9.995165e-01 6.691546e+01
9.995524e-01 7.856310e-04 -2.990773e-02 2.184689e-01 -7.108326e-04 9.999966e-01 2.511499e-03 -1.323897e+00 2.990963e-02 -2.489120e-03 9.995494e-01 6.822645e+01
9.995232e-01 -1.370931e-03 3.084569e-02 2.122522e-01 1.467844e-03 9.999941e-01 -3.119409e-03 -1.348417e+00 -3.084121e-02 3.163194e-03 9.995192e-01 6.954102e+01
9.995518e-01 7.525353e-04 -2.992768e-02 2.026188e-01 -6.773871e-04 9.999966e-01 2.521029e-03 -1.373233e+00 2.992950e-02 -2.499631e-03 9.995488e-01 7.087915e+01
9.995315e-01 -1.368223e-03 3.057734e-02 1.910591e-01 1.465030e-03 9.999940e-01 -3.143795e-03 -1.398179e+00 -3.057283e-02 3.187114e-03 9.995274e-01 7.222852e+01
9.995510e-01 8.146008e-04 -2.995223e-02 1.891440e-01 -7.373940e-04 9.999964e-01 2.588597e-03 -1.421367e+00 2.995425e-02 -2.565353e-03 9.995479e-01 7.345672e+01
9.995397e-01 -1.295739e-03 3.031105e-02 1.896000e-01 1.391157e-03 9.999941e-01 -3.127062e-03 -1.443126e+00 -3.030680e-02 3.167785e-03 9.995355e-01 7.459580e+01
9.995448e-01 8.062021e-04 -3.015713e-02 1.897926e-01 -7.276504e-04 9.999963e-01 2.615610e-03 -1.464748e+00 3.015915e-02 -2.592481e-03 9.995416e-01 7.572735e+01
9.995306e-01 -1.327205e-03 3.060598e-02 1.914842e-01 1.424958e-03 9.999940e-01 -3.172301e-03 -1.487521e+00 -3.060156e-02 3.214419e-03 9.995264e-01 7.692431e+01
9.995466e-01 8.417709e-04 -3.009695e-02 1.914130e-01 -7.620354e-04 9.999962e-01 2.660636e-03 -1.509035e+00 3.009909e-02 -2.636500e-03 9.995433e-01 7.804937e+01
9.995295e-01 -1.344630e-03 3.064213e-02 1.895054e-01 1.443786e-03 9.999938e-01 -3.214028e-03 -1.531422e+00 -3.063759e-02 3.256751e-03 9.995252e-01 7.922963e+01
9.995529e-01 8.340711e-04 -2.988696e-02 1.826792e-01 -7.538453e-04 9.999961e-01 2.695450e-03 -1.553314e+00 2.988911e-02 -2.671720e-03 9.995496e-01 8.038798e+01
9.995355e-01 -1.275230e-03 3.044997e-02 1.855805e-01 1.373741e-03 9.999939e-01 -3.214486e-03 -1.574421e+00 -3.044566e-02 3.254818e-03 9.995310e-01 8.148383e+01
9.995489e-01 8.471713e-04 -3.002199e-02 1.861662e-01 -7.656276e-04 9.999960e-01 2.727501e-03 -1.594770e+00 3.002421e-02 -2.703290e-03 9.995454e-01 8.253837e+01
9.995131e-01 -1.287957e-03 3.117608e-02 1.859000e-01 1.389132e-03 9.999938e-01 -3.223821e-03 -1.615502e+00 -3.117171e-02 3.265553e-03 9.995086e-01 8.361546e+01
9.995423e-01 7.605381e-04 -3.024181e-02 1.837879e-01 -6.796771e-04 9.999962e-01 2.683981e-03 -1.638223e+00 3.024376e-02 -2.662203e-03 9.995389e-01 8.481534e+01
9.995240e-01 -1.243101e-03 3.082433e-02 1.772896e-01 1.342713e-03 9.999939e-01 -3.211103e-03 -1.659668e+00 -3.082013e-02 3.250957e-03 9.995196e-01 8.594635e+01
9.994465e-01 1.790246e-03 -3.321807e-02 6.303781e-02 -1.676661e-03 9.999927e-01 3.446909e-03 -1.648678e+00 3.322402e-02 -3.389311e-03 9.994421e-01 8.572105e+01
9.995358e-01 -1.104821e-03 3.044637e-02 -6.115672e-02 1.203567e-03 9.999941e-01 -3.225142e-03 -1.637742e+00 -3.044261e-02 3.260283e-03 9.995311e-01 8.551806e+01
9.995569e-01 6.566695e-04 -2.975841e-02 -6.202336e-02 -5.751303e-04 9.999961e-01 2.748489e-03 -1.657890e+00 2.976012e-02 -2.730162e-03 9.995532e-01 8.656181e+01
9.995371e-01 -1.090573e-03 3.040348e-02 -5.952266e-02 1.189780e-03 9.999940e-01 -3.245112e-03 -1.678295e+00 -3.039974e-02 3.279778e-03 9.995323e-01 8.761502e+01
9.995572e-01 6.336938e-04 -2.975043e-02 -6.265255e-02 -5.520387e-04 9.999961e-01 2.752776e-03 -1.698842e+00 2.975208e-02 -2.735139e-03 9.995535e-01 8.868680e+01
9.995381e-01 -1.100005e-03 3.037035e-02 -7.281478e-02 1.199909e-03 9.999939e-01 -3.271462e-03 -1.719901e+00 -3.036655e-02 3.306386e-03 9.995333e-01 8.980080e+01
9.995553e-01 6.297722e-04 -2.981252e-02 -7.937226e-02 -5.475669e-04 9.999960e-01 2.765462e-03 -1.740884e+00 2.981416e-02 -2.747914e-03 9.995516e-01 9.090504e+01
9.995427e-01 -1.079730e-03 3.022120e-02 -7.874415e-02 1.180140e-03 9.999938e-01 -3.304849e-03 -1.762250e+00 -3.021742e-02 3.338997e-03 9.995377e-01 9.202069e+01
9.995573e-01 6.136517e-04 -2.974759e-02 -7.873660e-02 -5.312759e-04 9.999960e-01 2.776955e-03 -1.783718e+00 2.974920e-02 -2.759927e-03 9.995535e-01 9.314329e+01
9.995374e-01 -1.114127e-03 3.039211e-02 -8.484627e-02 1.216327e-03 9.999937e-01 -3.344404e-03 -1.806311e+00 -3.038817e-02 3.379817e-03 9.995324e-01 9.434224e+01
9.995660e-01 5.839138e-04 -2.945234e-02 -9.114702e-02 -5.021217e-04 9.999960e-01 2.784391e-03 -1.829304e+00 2.945387e-02 -2.768400e-03 9.995622e-01 9.556578e+01
9.995413e-01 -1.104875e-03 3.026359e-02 -9.428535e-02 1.207609e-03 9.999936e-01 -3.376558e-03 -1.852719e+00 -3.025964e-02 3.411549e-03 9.995362e-01 9.681015e+01
9.995721e-01 5.203239e-04 -2.924514e-02 -9.421891e-02 -4.394005e-04 9.999961e-01 2.773401e-03 -1.877332e+00 2.924649e-02 -2.759371e-03 9.995683e-01 9.812020e+01
9.995384e-01 -1.101050e-03 3.035913e-02 -9.489114e-02 1.204564e-03 9.999935e-01 -3.391549e-03 -1.901935e+00 -3.035518e-02 3.426547e-03 9.995332e-01 9.943058e+01
9.995588e-01 5.614599e-04 -2.969647e-02 -8.322755e-02 -4.776655e-04 9.999959e-01 2.828684e-03 -1.925281e+00 2.969796e-02 -2.813257e-03 9.995549e-01 1.006455e+02
9.995356e-01 -1.039619e-03 3.045413e-02 -6.064280e-02 1.143597e-03 9.999936e-01 -3.397014e-03 -1.948012e+00 -3.045038e-02 3.430257e-03 9.995303e-01 1.018051e+02
9.995731e-01 5.475445e-04 -2.921219e-02 -4.367651e-02 -4.645188e-04 9.999958e-01 2.848839e-03 -1.970784e+00 2.921365e-02 -2.834060e-03 9.995691e-01 1.029761e+02
9.995286e-01 -1.021394e-03 3.068315e-02 -2.107995e-02 1.126637e-03 9.999935e-01 -3.412885e-03 -1.993513e+00 -3.067944e-02 3.445839e-03 9.995232e-01 1.041350e+02
9.995690e-01 5.080807e-04 -2.935237e-02 -4.037343e-03 -4.242076e-04 9.999958e-01 2.863581e-03 -2.016518e+00 2.935372e-02 -2.849902e-03 9.995649e-01 1.053192e+02
9.995499e-01 -9.933129e-04 2.998292e-02 2.728721e-02 1.097252e-03 9.999934e-01 -3.450334e-03 -2.039873e+00 -2.997928e-02 3.481673e-03 9.995444e-01 1.065023e+02
9.995827e-01 5.297042e-04 -2.888127e-02 5.889668e-02 -4.456901e-04 9.999957e-01 2.915273e-03 -2.062134e+00 2.888271e-02 -2.901191e-03 9.995785e-01 1.076183e+02
9.995431e-01 -9.944008e-04 3.021002e-02 8.027897e-02 1.099528e-03 9.999934e-01 -3.463459e-03 -2.084392e+00 -3.020635e-02 3.495087e-03 9.995375e-01 1.087506e+02
9.995711e-01 4.741562e-04 -2.928144e-02 9.520009e-02 -3.895709e-04 9.999957e-01 2.894304e-03 -2.107605e+00 2.928271e-02 -2.881662e-03 9.995669e-01 1.099519e+02
9.995423e-01 -9.418857e-04 3.023589e-02 1.088352e-01 1.046904e-03 9.999935e-01 -3.457647e-03 -2.129913e+00 -3.023241e-02 3.487712e-03 9.995367e-01 1.111017e+02
9.995690e-01 5.029688e-04 -2.935111e-02 1.274251e-01 -4.171173e-04 9.999956e-01 2.930997e-03 -2.151419e+00 2.935248e-02 -2.917498e-03 9.995648e-01 1.121953e+02
9.995552e-01 -9.177485e-04 2.980829e-02 1.455127e-01 1.021330e-03 9.999935e-01 -3.459841e-03 -2.172381e+00 -2.980490e-02 3.488739e-03 9.995495e-01 1.132576e+02
9.995565e-01 5.383883e-04 -2.977593e-02 1.676037e-01 -4.505235e-04 9.999955e-01 2.957459e-03 -2.192980e+00 2.977741e-02 -2.942740e-03 9.995521e-01 1.142911e+02
9.995749e-01 -8.093280e-04 2.914540e-02 2.092677e-01 9.099342e-04 9.999937e-01 -3.438748e-03 -2.213079e+00 -2.914240e-02 3.463799e-03 9.995692e-01 1.152542e+02
9.995793e-01 4.452625e-04 -2.900114e-02 2.494178e-01 -3.607781e-04 9.999957e-01 2.918269e-03 -2.234387e+00 2.900234e-02 -2.906585e-03 9.995750e-01 1.162964e+02
9.995737e-01 -8.374179e-04 2.918375e-02 2.669027e-01 9.386872e-04 9.999936e-01 -3.456503e-03 -2.255408e+00 -2.918065e-02 3.482417e-03 9.995680e-01 1.173632e+02
9.995824e-01 4.200051e-04 -2.889251e-02 2.693877e-01 -3.350886e-04 9.999956e-01 2.943789e-03 -2.275900e+00 2.889365e-02 -2.932886e-03 9.995781e-01 1.184241e+02
9.995701e-01 -8.470549e-04 2.930654e-02 2.700874e-01 9.491835e-04 9.999935e-01 -3.471076e-03 -2.296680e+00 -2.930339e-02 3.497394e-03 9.995643e-01 1.195044e+02
9.995827e-01 4.129388e-04 -2.888357e-02 2.769490e-01 -3.279342e-04 9.999956e-01 2.947646e-03 -2.317752e+00 2.888469e-02 -2.936951e-03 9.995783e-01 1.205926e+02
9.995666e-01 -9.191117e-04 2.942393e-02 2.742988e-01 1.023134e-03 9.999933e-01 -3.520395e-03 -2.340287e+00 -2.942048e-02 3.548966e-03 9.995607e-01 1.217832e+02
9.995828e-01 4.372335e-04 -2.888071e-02 2.674465e-01 -3.504792e-04 9.999954e-01 3.008836e-03 -2.361458e+00 2.888192e-02 -2.997466e-03 9.995782e-01 1.228984e+02
9.995949e-01 -3.199228e-04 2.845780e-02 1.488552e-01 4.120145e-04 9.999947e-01 -3.230247e-03 -2.364673e+00 -2.845659e-02 3.240656e-03 9.995897e-01 1.232544e+02
9.995687e-01 4.218724e-04 -2.936517e-02 4.338488e-02 -3.379486e-04 9.999958e-01 2.862803e-03 -2.371153e+00 2.936628e-02 -2.851652e-03 9.995646e-01 1.237585e+02
9.995528e-01 -8.795470e-04 2.988892e-02 3.779968e-02 9.809770e-04 9.999938e-01 -3.379042e-03 -2.391942e+00 -2.988574e-02 3.406843e-03 9.995474e-01 1.248484e+02
9.995662e-01 4.437110e-04 -2.945006e-02 3.342021e-02 -3.586572e-04 9.999958e-01 2.893250e-03 -2.411908e+00 2.945125e-02 -2.881440e-03 9.995620e-01 1.258880e+02
9.995558e-01 -8.241061e-04 2.979105e-02 3.065643e-02 9.242671e-04 9.999940e-01 -3.348478e-03 -2.430504e+00 -2.978809e-02 3.374517e-03 9.995504e-01 1.268420e+02
9.995701e-01 4.678791e-04 -2.931611e-02 2.674253e-02 -3.821288e-04 9.999956e-01 2.930520e-03 -2.448114e+00 2.931738e-02 -2.918065e-03 9.995658e-01 1.277388e+02
9.995790e-01 -5.541503e-04 2.900877e-02 1.462235e-01 6.492250e-04 9.999944e-01 -3.268100e-03 -2.462725e+00 -2.900677e-02 3.285549e-03 9.995737e-01 1.282419e+02
9.995635e-01 4.993111e-04 -2.953890e-02 2.674645e-01 -4.118982e-04 9.999955e-01 2.965218e-03 -2.478152e+00 2.954027e-02 -2.951764e-03 9.995591e-01 1.287838e+02
9.996596e-01 1.402855e-04 2.609046e-02 2.702921e-01 -8.584720e-05 9.999978e-01 -2.087595e-03 -2.458800e+00 -2.609067e-02 2.084637e-03 9.996573e-01 1.280934e+02
9.996039e-01 2.275646e-04 -2.814137e-02 2.743904e-01 -1.692229e-04 9.999978e-01 2.075489e-03 -2.458142e+00 2.814181e-02 -2.069913e-03 9.996017e-01 1.281084e+02
9.995932e-01 -6.600678e-04 2.851293e-02 2.798822e-01 7.343885e-04 9.999964e-01 -2.596138e-03 -2.478581e+00 -2.851109e-02 2.616013e-03 9.995900e-01 1.291602e+02
9.996149e-01 1.692899e-04 -2.774826e-02 2.805832e-01 -1.121891e-04 9.999979e-01 2.059317e-03 -2.500072e+00 2.774857e-02 -2.055419e-03 9.996127e-01 1.302826e+02
9.995554e-01 -7.004810e-04 2.980868e-02 2.809008e-01 7.807012e-04 9.999961e-01 -2.679585e-03 -2.522201e+00 -2.980666e-02 2.701657e-03 9.995519e-01 1.314420e+02
9.996415e-01 1.712566e-04 -2.677434e-02 3.026318e-01 -1.174152e-04 9.999980e-01 2.012446e-03 -2.544412e+00 2.677466e-02 -2.008589e-03 9.996394e-01 1.325648e+02
9.995604e-01 -6.992343e-04 2.963908e-02 3.229491e-01 7.793618e-04 9.999961e-01 -2.691943e-03 -2.566951e+00 -2.963706e-02 2.713851e-03 9.995569e-01 1.337098e+02
9.996314e-01 1.048129e-04 -2.714925e-02 3.231195e-01 -4.932482e-05 9.999979e-01 2.044433e-03 -2.589923e+00 2.714943e-02 -2.042348e-03 9.996292e-01 1.349192e+02
9.995472e-01 -6.240356e-04 3.008241e-02 3.254738e-01 7.056622e-04 9.999961e-01 -2.702858e-03 -2.611103e+00 -3.008058e-02 2.722854e-03 9.995437e-01 1.360181e+02
9.996009e-01 1.302452e-04 -2.824953e-02 3.256557e-01 -7.034979e-05 9.999977e-01 2.121165e-03 -2.631976e+00 2.824977e-02 -2.118340e-03 9.995986e-01 1.371027e+02
9.995870e-01 -6.137485e-04 2.873223e-02 3.222144e-01 6.913474e-04 9.999961e-01 -2.690871e-03 -2.654135e+00 -2.873045e-02 2.709615e-03 9.995834e-01 1.382703e+02
9.996459e-01 1.335038e-04 -2.660808e-02 3.244657e-01 -7.689089e-05 9.999977e-01 2.128623e-03 -2.674454e+00 2.660833e-02 -2.125832e-03 9.996436e-01 1.393182e+02
9.995586e-01 -6.192657e-04 2.970104e-02 3.309351e-01 7.015881e-04 9.999959e-01 -2.761326e-03 -2.694233e+00 -2.969918e-02 2.780937e-03 9.995549e-01 1.403198e+02
9.995960e-01 9.565253e-05 -2.842348e-02 3.246105e-01 -3.381736e-05 9.999976e-01 2.175922e-03 -2.715961e+00 2.842364e-02 -2.174090e-03 9.995935e-01 1.414659e+02
9.997198e-01 -2.270470e-04 2.366949e-02 3.332013e-01 2.828342e-04 9.999972e-01 -2.353561e-03 -2.730401e+00 -2.366887e-02 2.359587e-03 9.997170e-01 1.421552e+02
9.995486e-01 2.485427e-04 -3.004241e-02 3.319465e-01 -1.861470e-04 9.999978e-01 2.079658e-03 -2.743546e+00 3.004289e-02 -2.073135e-03 9.995464e-01 1.428009e+02
9.995097e-01 -7.570286e-04 3.130165e-02 3.226748e-01 8.411958e-04 9.999961e-01 -2.675794e-03 -2.765147e+00 -3.129948e-02 2.700804e-03 9.995063e-01 1.439442e+02
9.995504e-01 1.589919e-04 -2.998214e-02 3.084767e-01 -9.803261e-05 9.999979e-01 2.034602e-03 -2.788519e+00 2.998243e-02 -2.030757e-03 9.995483e-01 1.452015e+02
9.994868e-01 -7.123704e-04 3.202669e-02 3.002836e-01 7.993652e-04 9.999960e-01 -2.703569e-03 -2.810559e+00 -3.202461e-02 2.727774e-03 9.994833e-01 1.463673e+02
9.994216e-01 5.103663e-04 -3.400384e-02 2.912143e-01 -4.296032e-04 9.999971e-01 2.382341e-03 -2.825205e+00 3.400498e-02 -2.366364e-03 9.994188e-01 1.471027e+02
9.996040e-01 -5.803113e-04 2.813228e-02 2.852019e-01 6.548751e-04 9.999963e-01 -2.641295e-03 -2.839937e+00 -2.813062e-02 2.658663e-03 9.996006e-01 1.478401e+02
9.996045e-01 2.078862e-04 -2.812145e-02 2.881656e-01 -1.471690e-04 9.999977e-01 2.161111e-03 -2.858747e+00 2.812185e-02 -2.156127e-03 9.996021e-01 1.487947e+02
9.997558e-01 -4.183674e-04 2.209468e-02 2.827012e-01 4.708263e-04 9.999971e-01 -2.369083e-03 -2.874956e+00 -2.209360e-02 2.378898e-03 9.997530e-01 1.496213e+02
9.996199e-01 2.058816e-04 -2.756648e-02 2.682887e-01 -1.498617e-04 9.999979e-01 2.034181e-03 -2.892072e+00 2.756686e-02 -2.029286e-03 9.996178e-01 1.505230e+02
9.996126e-01 -6.562196e-04 2.782463e-02 2.614601e-01 7.281412e-04 9.999964e-01 -2.574729e-03 -2.913062e+00 -2.782281e-02 2.593983e-03 9.996094e-01 1.516251e+02
9.995883e-01 3.060961e-04 -2.869032e-02 2.582553e-01 -2.448255e-04 9.999977e-01 2.139026e-03 -2.931690e+00 2.869094e-02 -2.131131e-03 9.995860e-01 1.525832e+02
9.995823e-01 -6.656384e-04 2.889102e-02 2.504248e-01 7.413936e-04 9.999963e-01 -2.611434e-03 -2.950188e+00 -2.888915e-02 2.631754e-03 9.995791e-01 1.535403e+02
9.995899e-01 2.573189e-04 -2.863658e-02 2.417749e-01 -1.961712e-04 9.999977e-01 2.138042e-03 -2.969462e+00 2.863709e-02 -2.131557e-03 9.995875e-01 1.545443e+02
9.995882e-01 -6.605832e-04 2.868718e-02 2.346744e-01 7.367989e-04 9.999962e-01 -2.646262e-03 -2.989439e+00 -2.868530e-02 2.666300e-03 9.995848e-01 1.555870e+02
9.996094e-01 1.845724e-04 -2.794600e-02 2.313470e-01 -1.260273e-04 9.999978e-01 2.096636e-03 -3.010767e+00 2.794635e-02 -2.092304e-03 9.996071e-01 1.567049e+02
9.995779e-01 -6.576794e-04 2.904411e-02 2.292858e-01 7.351001e-04 9.999962e-01 -2.654992e-03 -3.032204e+00 -2.904223e-02 2.675212e-03 9.995745e-01 1.578283e+02
9.996021e-01 1.923675e-04 -2.820575e-02 2.241409e-01 -1.320421e-04 9.999977e-01 2.140561e-03 -3.052963e+00 2.820612e-02 -2.135994e-03 9.995997e-01 1.589162e+02
9.995933e-01 -6.334090e-04 2.850862e-02 2.180354e-01 7.097416e-04 9.999962e-01 -2.667453e-03 -3.073587e+00 -2.850680e-02 2.686592e-03 9.995899e-01 1.599960e+02
9.996039e-01 1.772514e-04 -2.814164e-02 2.088374e-01 -1.166433e-04 9.999977e-01 2.155258e-03 -3.094068e+00 2.814198e-02 -2.151132e-03 9.996015e-01 1.610742e+02
9.996115e-01 -6.218705e-04 2.786682e-02 1.994451e-01 6.968923e-04 9.999962e-01 -2.682489e-03 -3.114709e+00 -2.786502e-02 2.700857e-03 9.996079e-01 1.621590e+02
9.995969e-01 1.638737e-04 -2.839031e-02 1.871340e-01 -1.025396e-04 9.999977e-01 2.161781e-03 -3.135520e+00 2.839062e-02 -2.158008e-03 9.995945e-01 1.632587e+02
9.996178e-01 -5.609861e-04 2.764065e-02 1.842427e-01 6.347907e-04 9.999963e-01 -2.661406e-03 -3.155773e+00 -2.763902e-02 2.677925e-03 9.996143e-01 1.643124e+02
9.996287e-01 4.233360e-05 -2.724931e-02 1.823038e-01 1.451191e-05 9.999978e-01 2.085874e-03 -3.178395e+00 2.724937e-02 -2.085505e-03 9.996264e-01 1.655043e+02
9.996096e-01 -5.508056e-04 2.793403e-02 1.748892e-01 6.261958e-04 9.999962e-01 -2.690149e-03 -3.200662e+00 -2.793242e-02 2.706581e-03 9.996061e-01 1.666840e+02
9.996166e-01 -2.498323e-05 -2.768811e-02 1.608807e-01 8.299449e-05 9.999978e-01 2.093971e-03 -3.224250e+00 2.768802e-02 -2.095476e-03 9.996143e-01 1.679543e+02
9.995963e-01 -5.189970e-04 2.840881e-02 1.454075e-01 5.950975e-04 9.999963e-01 -2.670338e-03 -3.246506e+00 -2.840729e-02 2.686156e-03 9.995927e-01 1.691490e+02
9.996155e-01 -1.026273e-05 -2.772961e-02 1.302413e-01 6.950724e-05 9.999977e-01 2.135493e-03 -3.268053e+00 2.772954e-02 -2.136609e-03 9.996131e-01 1.703006e+02
9.995924e-01 -5.859350e-04 2.854439e-02 1.121707e-01 6.640794e-04 9.999961e-01 -2.728205e-03 -3.291368e+00 -2.854265e-02 2.746039e-03 9.995887e-01 1.715619e+02
9.996231e-01 -2.983584e-05 -2.745232e-02 9.718830e-02 8.890146e-05 9.999977e-01 2.150300e-03 -3.315000e+00 2.745221e-02 -2.151940e-03 9.996207e-01 1.728363e+02
9.996023e-01 -6.002805e-04 2.819522e-02 8.028868e-02 6.795125e-04 9.999958e-01 -2.800587e-03 -3.339994e+00 -2.819340e-02 2.818622e-03 9.995984e-01 1.741974e+02
9.996158e-01 -4.482345e-05 -2.771831e-02 6.027980e-02 1.052418e-04 9.999976e-01 2.178220e-03 -3.364611e+00 2.771817e-02 -2.180311e-03 9.996133e-01 1.755413e+02
9.995997e-01 -5.666162e-04 2.828653e-02 3.948436e-02 6.459642e-04 9.999959e-01 -2.796054e-03 -3.388560e+00 -2.828480e-02 2.813197e-03 9.995958e-01 1.768461e+02
9.996239e-01 -1.732697e-04 -2.742312e-02 1.492954e-02 2.315238e-04 9.999977e-01 2.121053e-03 -3.415501e+00 2.742272e-02 -2.126615e-03 9.996216e-01 1.783357e+02
9.995997e-01 -6.115672e-04 2.828550e-02 -1.206644e-02 6.930023e-04 9.999956e-01 -2.869289e-03 -3.444324e+00 -2.828360e-02 2.887731e-03 9.995957e-01 1.799415e+02
9.996172e-01 -1.277930e-04 -2.766767e-02 -4.106802e-02 1.883018e-04 9.999976e-01 2.184338e-03 -3.471285e+00 2.766735e-02 -2.188722e-03 9.996147e-01 1.814409e+02
9.996048e-01 -5.520660e-04 2.810492e-02 -7.526888e-02 6.317279e-04 9.999958e-01 -2.825604e-03 -3.496285e+00 -2.810321e-02 2.842232e-03 9.996009e-01 1.828308e+02
9.996052e-01 -7.355616e-05 -2.809541e-02 -1.064292e-01 1.365276e-04 9.999975e-01 2.239376e-03 -3.520120e+00 2.809520e-02 -2.242338e-03 9.996026e-01 1.841447e+02
9.995996e-01 -5.869125e-04 2.828835e-02 -1.300298e-01 6.697618e-04 9.999955e-01 -2.919311e-03 -3.546204e+00 -2.828648e-02 2.937078e-03 9.995954e-01 1.855816e+02
9.996195e-01 -1.339891e-04 -2.758195e-02 -1.508468e-01 1.962515e-04 9.999974e-01 2.254608e-03 -3.572676e+00 2.758160e-02 -2.259174e-03 9.996169e-01 1.870373e+02
9.996113e-01 -4.484787e-04 2.787440e-02 -1.749258e-01 5.281553e-04 9.999958e-01 -2.851072e-03 -3.595629e+00 -2.787297e-02 2.864675e-03 9.996073e-01 1.882886e+02
9.996163e-01 -2.453265e-04 -2.769934e-02 -2.023381e-01 3.064685e-04 9.999975e-01 2.203062e-03 -3.621705e+00 2.769876e-02 -2.210717e-03 9.996138e-01 1.897306e+02
9.996083e-01 -4.927708e-04 2.798184e-02 -2.247312e-01 5.755266e-04 9.999955e-01 -2.949461e-03 -3.650229e+00 -2.798023e-02 2.964399e-03 9.996040e-01 1.913114e+02
9.996165e-01 -2.121337e-04 -2.769222e-02 -2.355019e-01 2.747156e-04 9.999974e-01 2.256065e-03 -3.677815e+00 2.769170e-02 -2.262819e-03 9.996139e-01 1.928158e+02
9.996278e-01 -3.785999e-04 2.728021e-02 -2.421498e-01 4.590114e-04 9.999956e-01 -2.941366e-03 -3.704053e+00 -2.727895e-02 2.952782e-03 9.996234e-01 1.942314e+02
9.996337e-01 -2.439334e-04 -2.706464e-02 -2.442282e-01 3.057758e-04 9.999974e-01 2.280811e-03 -3.729816e+00 2.706404e-02 -2.288262e-03 9.996310e-01 1.956140e+02
9.996193e-01 -3.351126e-04 2.758837e-02 -2.428558e-01 4.157742e-04 9.999957e-01 -2.918023e-03 -3.754116e+00 -2.758725e-02 2.928371e-03 9.996150e-01 1.969038e+02
9.996290e-01 -1.312641e-04 -2.723690e-02 -2.402900e-01 1.961339e-04 9.999972e-01 2.378966e-03 -3.775209e+00 2.723654e-02 -2.383437e-03 9.996261e-01 1.980000e+02
9.996257e-01 -3.203311e-04 2.735579e-02 -2.289539e-01 4.013339e-04 9.999956e-01 -2.955600e-03 -3.797124e+00 -2.735469e-02 2.965461e-03 9.996213e-01 1.991314e+02
9.996336e-01 -2.154920e-04 -2.706598e-02 -2.066987e-01 2.786995e-04 9.999972e-01 2.331499e-03 -3.821590e+00 2.706543e-02 -2.338199e-03 9.996308e-01 2.003973e+02
9.996250e-01 -3.265346e-04 2.738229e-02 -1.763094e-01 4.087335e-04 9.999954e-01 -2.996306e-03 -3.847082e+00 -2.738116e-02 3.006362e-03 9.996204e-01 2.017114e+02
9.996300e-01 -1.269474e-04 -2.719999e-02 -1.015093e-01 1.920309e-04 9.999971e-01 2.390115e-03 -3.872547e+00 2.719963e-02 -2.394466e-03 9.996271e-01 2.029358e+02
9.996245e-01 -3.018341e-04 2.740155e-02 -4.722364e-04 3.847346e-04 9.999954e-01 -3.020124e-03 -3.899099e+00 -2.740049e-02 3.029520e-03 9.996198e-01 2.041720e+02
9.996369e-01 -1.714473e-04 -2.694499e-02 1.075406e-01 2.361486e-04 9.999971e-01 2.398006e-03 -3.925931e+00 2.694453e-02 -2.403510e-03 9.996339e-01 2.054123e+02
9.996186e-01 -3.039842e-04 2.761422e-02 1.524431e-01 3.872230e-04 9.999954e-01 -3.009000e-03 -3.949676e+00 -2.761315e-02 3.018533e-03 9.996140e-01 2.065928e+02
9.996338e-01 -1.492102e-04 -2.705970e-02 1.878528e-01 2.153275e-04 9.999970e-01 2.440420e-03 -3.972281e+00 2.705928e-02 -2.445366e-03 9.996307e-01 2.077220e+02
9.996230e-01 -3.900853e-04 2.745254e-02 2.141843e-01 4.752294e-04 9.999951e-01 -3.094997e-03 -3.997425e+00 -2.745118e-02 3.106864e-03 9.996182e-01 2.090214e+02
9.996374e-01 -2.329042e-04 -2.692456e-02 2.566754e-01 2.969541e-04 9.999971e-01 2.374825e-03 -4.025804e+00 2.692395e-02 -2.381972e-03 9.996345e-01 2.104868e+02
9.995563e-01 -2.165352e-04 2.978373e-02 4.089249e-01 3.100221e-04 9.999950e-01 -3.134229e-03 -4.054782e+00 -2.978287e-02 3.142060e-03 9.995514e-01 2.117646e+02
9.998635e-01 -5.182536e-04 -1.651608e-02 8.233148e-01 5.444007e-04 9.999986e-01 1.578559e-03 -4.095125e+00 1.651526e-02 -1.587348e-03 9.998623e-01 2.132038e+02
9.997213e-01 -2.022514e-04 2.360527e-02 1.392630e+00 2.714555e-04 9.999957e-01 -2.928485e-03 -4.148316e+00 -2.360455e-02 2.934064e-03 9.997170e-01 2.150702e+02
9.997596e-01 -4.145593e-04 -2.192106e-02 1.786514e+00 4.576038e-04 9.999980e-01 1.958543e-03 -4.192361e+00 2.192023e-02 -1.968117e-03 9.997577e-01 2.167618e+02
9.997507e-01 -1.888081e-04 2.232491e-02 1.998149e+00 2.519192e-04 9.999960e-01 -2.824082e-03 -4.230377e+00 -2.232426e-02 2.828989e-03 9.997467e-01 2.184671e+02
9.997555e-01 -4.577909e-04 -2.210679e-02 2.186222e+00 5.004232e-04 9.999980e-01 1.922886e-03 -4.269273e+00 2.210590e-02 -1.933492e-03 9.997537e-01 2.202727e+02
9.998223e-01 2.674617e-04 1.885156e-02 2.596756e+00 -2.215397e-04 9.999970e-01 -2.437932e-03 -4.301120e+00 -1.885213e-02 2.433309e-03 9.998192e-01 2.212054e+02
9.995680e-01 -5.491113e-05 -2.938896e-02 3.269068e+00 1.225740e-04 9.999973e-01 2.300460e-03 -4.336524e+00 2.938878e-02 -2.303082e-03 9.995653e-01 2.217856e+02
9.997649e-01 -1.113677e-04 2.168121e-02 3.915742e+00 1.758028e-04 9.999956e-01 -2.969976e-03 -4.386806e+00 -2.168076e-02 2.973076e-03 9.997604e-01 2.232261e+02
9.994466e-01 7.261657e-05 -3.326289e-02 4.717550e+00 1.390588e-05 9.999966e-01 2.600874e-03 -4.435218e+00 3.326299e-02 -2.599910e-03 9.994432e-01 2.242629e+02
9.998106e-01 1.770301e-04 1.946214e-02 5.665856e+00 -1.283470e-04 9.999969e-01 -2.502572e-03 -4.479428e+00 -1.946250e-02 2.499586e-03 9.998074e-01 2.247860e+02
9.995879e-01 -3.391322e-04 -2.870496e-02 6.428166e+00 3.937218e-04 9.999981e-01 1.896058e-03 -4.533036e+00 2.870428e-02 -1.906592e-03 9.995860e-01 2.261911e+02
9.996729e-01 -1.203063e-04 2.557374e-02 6.809348e+00 1.938129e-04 9.999959e-01 -2.871789e-03 -4.581661e+00 -2.557327e-02 2.875793e-03 9.996687e-01 2.281169e+02
9.996415e-01 -4.711199e-04 -2.676854e-02 7.119441e+00 5.219651e-04 9.999981e-01 1.892419e-03 -4.627634e+00 2.676762e-02 -1.905727e-03 9.996398e-01 2.300649e+02
9.996575e-01 -1.828547e-04 2.616970e-02 7.477472e+00 2.606838e-04 9.999956e-01 -2.970583e-03 -4.677954e+00 -2.616902e-02 2.976374e-03 9.996530e-01 2.321855e+02
9.996386e-01 -5.095146e-04 -2.687586e-02 7.727209e+00 5.616566e-04 9.999980e-01 1.932527e-03 -4.724373e+00 2.687484e-02 -1.946938e-03 9.996368e-01 2.342939e+02
9.996348e-01 -2.925156e-04 2.702262e-02 7.846425e+00 3.739690e-04 9.999954e-01 -3.009216e-03 -4.767960e+00 -2.702160e-02 3.018209e-03 9.996302e-01 2.365158e+02
9.996194e-01 -6.324626e-04 -2.757855e-02 8.140247e+00 6.799356e-04 9.999983e-01 1.711966e-03 -4.825210e+00 2.757744e-02 -1.730080e-03 9.996181e-01 2.391876e+02
9.997064e-01 1.548077e-04 2.422856e-02 8.472746e+00 -9.063117e-05 9.999965e-01 -2.649818e-03 -4.870650e+00 -2.422887e-02 2.646830e-03 9.997028e-01 2.410261e+02
9.994466e-01 -2.543569e-04 -3.326308e-02 8.966897e+00 3.302568e-04 9.999974e-01 2.276281e-03 -4.907947e+00 3.326243e-02 -2.286020e-03 9.994439e-01 2.420188e+02
9.996395e-01 2.197894e-05 2.684928e-02 9.432592e+00 5.737753e-05 9.999956e-01 -2.954808e-03 -4.952499e+00 -2.684921e-02 2.955269e-03 9.996350e-01 2.434925e+02
9.995245e-01 -5.037448e-04 -3.082968e-02 9.753387e+00 5.682393e-04 9.999977e-01 2.083179e-03 -4.997229e+00 3.082858e-02 -2.099722e-03 9.995224e-01 2.452976e+02
9.996270e-01 7.801055e-05 2.731034e-02 1.002051e+01 1.408599e-06 9.999958e-01 -2.907951e-03 -5.037691e+00 -2.731043e-02 2.906890e-03 9.996227e-01 2.469675e+02
9.995505e-01 -5.288707e-04 -2.997669e-02 1.029578e+01 5.911128e-04 9.999977e-01 2.067472e-03 -5.078410e+00 2.997555e-02 -2.084276e-03 9.995484e-01 2.486471e+02
9.996302e-01 5.290699e-05 2.719465e-02 1.065446e+01 3.032864e-05 9.999953e-01 -3.060271e-03 -5.126467e+00 -2.719467e-02 3.059950e-03 9.996254e-01 2.505925e+02
9.995682e-01 -5.450128e-04 -2.937850e-02 1.089325e+01 6.102098e-04 9.999974e-01 2.210233e-03 -5.166607e+00 2.937724e-02 -2.227220e-03 9.995658e-01 2.523194e+02
9.996670e-01 1.714081e-05 2.580652e-02 1.121707e+01 6.601274e-05 9.999948e-01 -3.221292e-03 -5.215521e+00 -2.580642e-02 3.221908e-03 9.996617e-01 2.543726e+02
9.995820e-01 -6.286921e-04 -2.890221e-02 1.153708e+01 6.914685e-04 9.999974e-01 2.162030e-03 -5.266151e+00 2.890079e-02 -2.181126e-03 9.995798e-01 2.565481e+02
9.997204e-01 1.716667e-04 2.364651e-02 1.186256e+01 -1.002620e-04 9.999954e-01 -3.020778e-03 -5.310924e+00 -2.364691e-02 3.017547e-03 9.997157e-01 2.583345e+02
9.995539e-01 -5.672835e-04 -2.986261e-02 1.218046e+01 6.353214e-04 9.999972e-01 2.268875e-03 -5.353041e+00 2.986126e-02 -2.286850e-03 9.995513e-01 2.599614e+02
9.996368e-01 4.816416e-05 2.695045e-02 1.242413e+01 3.891041e-05 9.999948e-01 -3.230341e-03 -5.397473e+00 -2.695045e-02 3.230201e-03 9.996315e-01 2.619236e+02
9.995483e-01 -4.206968e-04 -3.005155e-02 1.280169e+01 4.923617e-04 9.999971e-01 2.377322e-03 -5.441485e+00 3.005047e-02 -2.391059e-03 9.995454e-01 2.635844e+02
9.996714e-01 2.067992e-04 2.563490e-02 1.335918e+01 -1.270480e-04 9.999951e-01 -3.112589e-03 -5.487800e+00 -2.563540e-02 3.108294e-03 9.996664e-01 2.650090e+02
9.993755e-01 -2.518455e-04 -3.533595e-02 1.389545e+01 3.517714e-04 9.999960e-01 2.821653e-03 -5.522747e+00 3.533511e-02 -2.832336e-03 9.993714e-01 2.658024e+02
9.998909e-01 7.534115e-04 1.475524e-02 1.450740e+01 -7.177837e-04 9.999968e-01 -2.419675e-03 -5.554967e+00 -1.475701e-02 2.408805e-03 9.998881e-01 2.663053e+02
9.996021e-01 -7.606099e-04 -2.819835e-02 1.531070e+01 8.203929e-04 9.999974e-01 2.108540e-03 -5.602340e+00 2.819669e-02 -2.130850e-03 9.996000e-01 2.672527e+02
9.998352e-01 6.096023e-04 1.814565e-02 1.603543e+01 -5.605889e-04 9.999962e-01 -2.706038e-03 -5.654846e+00 -1.814722e-02 2.695405e-03 9.998316e-01 2.686632e+02
9.996989e-01 -9.858519e-04 -2.451820e-02 1.658361e+01 1.031370e-03 9.999978e-01 1.843874e-03 -5.707709e+00 2.451633e-02 -1.868622e-03 9.996976e-01 2.704718e+02
9.998282e-01 6.217401e-04 1.852622e-02 1.727602e+01 -5.696736e-04 9.999959e-01 -2.815537e-03 -5.768006e+00 -1.852788e-02 2.804484e-03 9.998243e-01 2.724404e+02
9.997323e-01 -1.061276e-03 -2.311203e-02 1.790254e+01 1.102433e-03 9.999978e-01 1.768074e-03 -5.827729e+00 2.311011e-02 -1.793095e-03 9.997312e-01 2.745166e+02
9.998625e-01 5.859330e-04 1.656969e-02 1.852776e+01 -5.389203e-04 9.999958e-01 -2.841564e-03 -5.889761e+00 -1.657127e-02 2.832228e-03 9.998586e-01 2.767079e+02
9.997237e-01 -1.071855e-03 -2.348108e-02 1.907721e+01 1.114947e-03 9.999977e-01 1.822127e-03 -5.947906e+00 2.347908e-02 -1.847820e-03 9.997225e-01 2.788146e+02
