9.999532e-01 -1.410242e-04 -9.668563e-03 3.897330e-03 1.389821e-04 1.000000e+00 -2.118827e-04 -1.796447e-02 9.668592e-03 2.105295e-04 9.999531e-01 9.184748e-01
9.999989e-01 1.412038e-05 1.456516e-03 2.520043e-02 -1.432348e-05 1.000000e+00 1.394488e-04 -3.172430e-02 -1.456516e-03 -1.394690e-04 9.999988e-01 1.561963e+00
9.992309e-01 1.600445e-03 -3.918031e-02 8.415733e-02 -1.555339e-03 9.999981e-01 1.181695e-03 -2.986543e-02 3.918212e-02 -1.119847e-03 9.992314e-01 1.446485e+00
9.999818e-01 -5.587785e-04 6.014323e-03 3.732247e-02 5.615172e-04 9.999997e-01 -4.536738e-04 -3.849197e-02 -6.014077e-03 4.570433e-04 9.999817e-01 1.971883e+00
9.994233e-01 1.150853e-03 -3.393706e-02 5.326685e-03 -1.119845e-03 9.999989e-01 9.326664e-04 -5.275175e-02 3.393809e-02 -8.941236e-04 9.994234e-01 2.756888e+00
9.999799e-01 -4.696509e-04 6.323551e-03 -1.540221e-02 4.726507e-04 9.999998e-01 -4.728911e-04 -6.552842e-02 -6.323342e-03 4.758711e-04 9.999798e-01 3.436879e+00
9.997077e-01 8.000186e-04 -2.416528e-02 2.344125e-02 -7.832945e-04 9.999994e-01 7.015286e-04 -7.883738e-02 2.416581e-02 -6.823942e-04 9.997076e-01 4.021465e+00
9.999998e-01 -1.254913e-04 5.828349e-04 8.672094e-02 1.255411e-04 1.000000e+00 -8.526114e-05 -8.689600e-02 -5.828426e-04 8.533509e-05 9.999997e-01 4.307492e+00
9.996547e-01 7.698986e-04 -2.626712e-02 6.756712e-02 -7.555508e-04 9.999996e-01 5.561451e-04 -9.806428e-02 2.626752e-02 -5.361060e-04 9.996547e-01 4.904288e+00
9.998033e-01 -1.081599e-03 1.980520e-02 4.568490e-02 1.098818e-03 9.999990e-01 -8.585204e-04 -1.159052e-01 -1.980428e-02 8.801146e-04 9.998034e-01 5.861272e+00
9.998105e-01 5.728815e-04 -1.945781e-02 3.510518e-02 -5.668144e-04 9.999998e-01 3.173129e-04 -1.362679e-01 1.945797e-02 -3.062231e-04 9.998105e-01 6.932096e+00
9.998218e-01 -9.805120e-04 1.885215e-02 2.967720e-02 9.950911e-04 9.999992e-01 -7.639647e-04 -1.547972e-01 -1.885141e-02 7.825889e-04 9.998219e-01 7.884295e+00
9.996051e-01 9.981284e-04 -2.808166e-02 5.840268e-02 -9.749223e-04 9.999992e-01 8.400556e-04 -1.654556e-01 2.808245e-02 -8.123458e-04 9.996052e-01 8.344001e+00
9.999994e-01 2.569438e-04 1.065434e-03 1.328258e-01 -2.573363e-04 9.999999e-01 3.683828e-04 -1.589304e-01 -1.065365e-03 -3.686560e-04 9.999993e-01 8.016940e+00
9.999786e-01 3.945465e-06 -6.534559e-03 1.197390e-01 -7.692500e-06 9.999998e-01 -5.734124e-04 -1.647359e-01 6.534530e-03 5.734513e-04 9.999784e-01 8.350041e+00
9.999692e-01 -5.331005e-04 7.824175e-03 1.174103e-01 5.331852e-04 9.999999e-01 -8.728747e-06 -1.851303e-01 -7.824195e-03 1.290096e-05 9.999693e-01 9.410216e+00
9.999625e-01 1.480225e-04 -8.662397e-03 1.156645e-01 -1.517629e-04 9.999999e-01 -4.311645e-04 -2.028847e-01 8.662307e-03 4.324637e-04 9.999623e-01 1.031049e+01
9.999715e-01 -4.860204e-04 7.530546e-03 1.019805e-01 4.861019e-04 9.999999e-01 -8.969152e-06 -2.193616e-01 -7.530566e-03 1.263018e-05 9.999715e-01 1.115778e+01
9.999363e-01 2.501280e-04 -1.128844e-02 8.555567e-02 -2.522236e-04 1.000000e+00 -1.842224e-04 -2.329284e-01 1.128837e-02 1.870585e-04 9.999362e-01 1.184803e+01
9.999425e-01 -7.291037e-04 1.070267e-02 7.308329e-02 7.328977e-04 9.999997e-01 -3.505544e-04 -2.529388e-01 -1.070244e-02 3.583788e-04 9.999426e-01 1.290258e+01
9.999721e-01 8.635737e-05 -7.474085e-03 6.772163e-02 -8.871284e-05 9.999999e-01 -3.148329e-04 -2.740546e-01 7.474031e-03 3.154877e-04 9.999719e-01 1.400862e+01
9.999652e-01 -4.755746e-04 8.325397e-03 7.391869e-02 4.768428e-04 9.999999e-01 -1.503331e-04 -2.909889e-01 -8.325350e-03 1.542983e-04 9.999652e-01 1.484924e+01
9.999608e-01 2.012313e-04 -8.846958e-03 8.143022e-02 -2.033632e-04 1.000000e+00 -2.400913e-04 -3.059400e-01 8.846883e-03 2.418815e-04 9.999607e-01 1.557044e+01
9.999627e-01 -6.408322e-04 8.608066e-03 7.123806e-02 6.429443e-04 9.999998e-01 -2.425964e-04 -3.242308e-01 -8.607935e-03 2.481223e-04 9.999628e-01 1.652202e+01
9.999598e-01 2.189754e-04 -8.968035e-03 5.297765e-02 -2.207592e-04 1.000000e+00 -1.979228e-04 -3.415291e-01 8.967965e-03 1.998950e-04 9.999597e-01 1.742631e+01
9.999619e-01 -7.313858e-04 8.701967e-03 3.524124e-02 7.342552e-04 9.999997e-01 -3.265416e-04 -3.615716e-01 -8.701752e-03 3.329190e-04 9.999620e-01 1.849364e+01
9.999666e-01 -1.679165e-05 -8.175645e-03 6.243655e-03 1.435177e-05 1.000000e+00 -2.984983e-04 -3.863382e-01 8.175624e-03 2.983713e-04 9.999664e-01 1.986029e+01
9.999620e-01 -5.734964e-04 8.696637e-03 -4.528575e-03 5.756469e-04 9.999998e-01 -2.447713e-04 -4.079849e-01 -8.696520e-03 2.497685e-04 9.999621e-01 2.100954e+01
9.999681e-01 1.620724e-03 -7.819335e-03 -6.323759e-01 -1.609939e-03 9.999977e-01 1.385456e-03 -3.576036e-01 7.821537e-03 -1.372823e-03 9.999684e-01 2.001636e+01
9.999434e-01 -4.291544e-04 1.062726e-02 -1.459772e+00 4.284926e-04 9.999999e-01 6.455877e-05 -2.869987e-01 -1.062731e-02 -6.000094e-05 9.999434e-01 1.854688e+01
9.998844e-01 2.979896e-03 -1.490660e-02 -2.488390e+00 -2.944996e-03 9.999929e-01 2.362674e-03 -1.886656e-01 1.491350e-02 -2.318501e-03 9.998860e-01 1.638085e+01
9.999561e-01 -1.103613e-03 9.302807e-03 -3.046923e+00 1.111732e-03 9.999990e-01 -8.675781e-04 -1.305064e-01 -9.301867e-03 8.778831e-04 9.999563e-01 1.505011e+01
9.998937e-01 4.233198e-03 -1.394948e-02 -4.276164e+00 -4.185014e-03 9.999852e-01 3.481538e-03 -1.591547e-02 1.396399e-02 -3.422788e-03 9.998965e-01 1.256555e+01
9.999976e-01 -3.968384e-04 -2.176262e-03 -5.447475e+00 3.962230e-04 9.999999e-01 -2.832635e-04 1.010130e-01 2.176346e-03 2.824018e-04 9.999975e-01 9.963416e+00
9.998756e-01 4.583072e-03 -1.509277e-02 -6.755939e+00 -4.524755e-03 9.999822e-01 3.895735e-03 2.325031e-01 1.511033e-02 -3.826958e-03 9.998784e-01 7.033867e+00
9.999971e-01 -2.951852e-04 -2.403944e-03 -8.046489e+00 2.943618e-04 9.999999e-01 -3.429955e-04 3.629463e-01 2.404013e-03 3.422886e-04 9.999970e-01 4.113785e+00
9.998989e-01 4.157570e-03 -1.359493e-02 -9.193537e+00 -4.111085e-03 9.999856e-01 3.445425e-03 4.777796e-01 1.360903e-02 -3.389184e-03 9.999016e-01 1.550241e+00
9.999545e-01 -4.924344e-04 -9.524839e-03 -1.010709e+01 4.864474e-04 9.999997e-01 -6.309239e-04 5.723918e-01 9.525111e-03 6.262642e-04 9.999543e-01 -5.927929e-01
9.997087e-01 3.639720e-03 -2.385834e-02 -1.062977e+01 -3.573690e-03 9.999897e-01 2.809607e-03 6.281410e-01 2.386828e-02 -2.723524e-03 9.997113e-01 -1.874635e+00
9.999093e-01 -2.673104e-03 1.319642e-02 -1.082777e+01 2.708940e-03 9.999927e-01 -2.698481e-03 6.378332e-01 -1.318915e-02 2.733987e-03 9.999092e-01 -1.901726e+00
9.998853e-01 3.191276e-03 -1.480613e-02 -1.112393e+01 -3.152105e-03 9.999915e-01 2.668172e-03 6.497190e-01 1.481448e-02 -2.621193e-03 9.998867e-01 -1.878488e+00
9.999009e-01 -3.263378e-03 1.369306e-02 -1.114769e+01 3.304781e-03 9.999900e-01 -3.002059e-03 6.390134e-01 -1.368316e-02 3.047017e-03 9.999016e-01 -1.321196e+00
9.994617e-01 4.197641e-03 -3.253867e-02 -1.116671e+01 -4.082879e-03 9.999852e-01 3.592587e-03 6.399612e-01 3.255322e-02 -3.457800e-03 9.994639e-01 -1.307863e+00
9.998249e-01 -3.846248e-03 1.831138e-02 -1.118394e+01 3.911625e-03 9.999861e-01 -3.535786e-03 6.281987e-01 -1.829757e-02 3.606797e-03 9.998260e-01 -7.021104e-01
9.997091e-01 3.813542e-03 -2.381544e-02 -1.114982e+01 -3.730286e-03 9.999868e-01 3.539274e-03 6.171097e-01 2.382858e-02 -3.449404e-03 9.997100e-01 -2.303930e-01
9.999781e-01 -3.214470e-03 5.783069e-03 -1.109958e+01 3.232885e-03 9.999897e-01 -3.177718e-03 6.076049e-01 -5.772840e-03 3.196347e-03 9.999781e-01 1.496323e-01
9.995368e-01 5.207571e-03 -2.998585e-02 -1.136971e+01 -5.064235e-03 9.999754e-01 4.854061e-03 6.385985e-01 3.001035e-02 -4.699955e-03 9.995384e-01 -5.819674e-01
9.999677e-01 -1.496188e-03 7.898445e-03 -1.239308e+01 1.509737e-03 9.999974e-01 -1.709623e-03 7.418121e-01 -7.895916e-03 1.721495e-03 9.999673e-01 -2.877324e+00
9.997580e-01 5.025709e-03 -2.141863e-02 -1.350332e+01 -4.926173e-03 9.999768e-01 4.697350e-03 8.520006e-01 2.144169e-02 -4.590698e-03 9.997595e-01 -5.327809e+00
9.999908e-01 -1.123446e-03 -4.131469e-03 -1.448517e+01 1.117579e-03 9.999984e-01 -1.422310e-03 9.564497e-01 4.133008e-03 1.417682e-03 9.999904e-01 -7.721000e+00
9.994127e-01 5.085206e-03 -3.388901e-02 -1.521300e+01 -4.939120e-03 9.999782e-01 4.393017e-03 1.036162e+00 3.391055e-02 -4.223052e-03 9.994159e-01 -9.570332e+00
9.998667e-01 -1.380870e-03 -1.626656e-02 -1.563519e+01 1.344850e-03 9.999966e-01 -2.225168e-03 1.081626e+00 1.626951e-02 2.202999e-03 9.998651e-01 -1.061702e+01
9.993046e-01 4.653572e-03 -3.699399e-02 -1.597132e+01 -4.477360e-03 9.999782e-01 4.844628e-03 1.120523e+00 3.701567e-02 -4.675621e-03 9.993037e-01 -1.152358e+01
9.998093e-01 -8.842931e-04 -1.950792e-02 -1.634310e+01 8.370052e-04 9.999967e-01 -2.432136e-03 1.163238e+00 1.950994e-02 2.415348e-03 9.998067e-01 -1.253194e+01
9.985727e-01 4.199637e-03 -5.324460e-02 -1.655504e+01 -3.940806e-03 9.999799e-01 4.965209e-03 1.184696e+00 5.326431e-02 -4.748292e-03 9.985691e-01 -1.295503e+01
9.998791e-01 -1.207242e-03 -1.550085e-02 -1.666007e+01 1.167307e-03 9.999960e-01 -2.585217e-03 1.195536e+00 1.550383e-02 2.566814e-03 9.998764e-01 -1.312235e+01
9.983597e-01 4.077781e-03 -5.710718e-02 -1.675379e+01 -3.779796e-03 9.999787e-01 5.325015e-03 1.205949e+00 5.712759e-02 -5.100424e-03 9.983538e-01 -1.327634e+01
9.997345e-01 -6.340625e-04 -2.303394e-02 -1.688738e+01 5.754072e-04 9.999966e-01 -2.553100e-03 1.218914e+00 2.303540e-02 2.539172e-03 9.997313e-01 -1.345817e+01
9.984347e-01 3.786591e-03 -5.580048e-02 -1.702345e+01 -3.496492e-03 9.999799e-01 5.295545e-03 1.230791e+00 5.581932e-02 -5.092147e-03 9.984278e-01 -1.358720e+01
9.998201e-01 -4.562937e-04 -1.896206e-02 -1.716434e+01 4.049190e-04 9.999962e-01 -2.713224e-03 1.243578e+00 1.896313e-02 2.705061e-03 9.998165e-01 -1.375517e+01
9.984336e-01 3.613637e-03 -5.583267e-02 -1.732131e+01 -3.318443e-03 9.999800e-01 5.378881e-03 1.258400e+00 5.585090e-02 -5.185174e-03 9.984256e-01 -1.398609e+01
9.997060e-01 -3.680380e-05 -2.424662e-02 -1.748209e+01 -2.700212e-05 9.999965e-01 -2.631318e-03 1.273086e+00 2.424653e-02 2.631202e-03 9.997025e-01 -1.419645e+01
9.986583e-01 3.423987e-03 -5.166917e-02 -1.767525e+01 -3.153234e-03 9.999809e-01 5.320697e-03 1.292055e+00 5.168630e-02 -5.150631e-03 9.986500e-01 -1.452565e+01
9.998265e-01 -8.216579e-05 -1.862372e-02 -1.785275e+01 2.431876e-05 9.999952e-01 -3.106457e-03 1.307398e+00 1.862378e-02 3.105468e-03 9.998217e-01 -1.476699e+01
9.999331e-01 2.879594e-03 -1.119697e-02 -1.840462e+01 -2.811199e-03 9.999773e-01 6.119063e-03 1.381608e+00 1.121424e-02 -6.087174e-03 9.999185e-01 -1.660887e+01
9.999663e-01 2.319367e-04 -8.205450e-03 -1.892088e+01 -2.690134e-04 9.999898e-01 -4.518089e-03 1.444346e+00 8.204218e-03 4.520147e-03 9.999561e-01 -1.814702e+01
9.992083e-01 1.518590e-03 -3.975455e-02 -1.899635e+01 -1.285241e-03 9.999818e-01 5.894583e-03 1.444426e+00 3.976268e-02 -5.838820e-03 9.991920e-01 -1.795859e+01
9.999553e-01 5.114184e-04 -9.435050e-03 -1.907024e+01 -5.535136e-04 9.999899e-01 -4.459835e-03 1.444913e+00 9.432574e-03 4.464861e-03 9.999455e-01 -1.778647e+01
9.993422e-01 1.195703e-03 -3.624335e-02 -1.912365e+01 -9.876058e-04 9.999829e-01 5.758950e-03 1.444751e+00 3.624952e-02 -5.719365e-03 9.993264e-01 -1.763103e+01
9.999687e-01 6.662381e-04 -7.881923e-03 -1.915506e+01 -7.014014e-04 9.999898e-01 -4.459741e-03 1.443850e+00 7.878773e-03 4.465132e-03 9.999590e-01 -1.748882e+01
9.995539e-01 8.116904e-04 -2.985193e-02 -1.916788e+01 -6.471142e-04 9.999845e-01 5.522244e-03 1.442784e+00 2.985585e-02 -5.500461e-03 9.995390e-01 -1.738382e+01
9.999991e-01 5.652976e-04 -1.163352e-03 -1.914810e+01 -5.707429e-04 9.999888e-01 -4.688465e-03 1.439378e+00 1.160592e-03 4.689127e-03 9.999883e-01 -1.724962e+01
9.994032e-01 8.269195e-04 -3.453312e-02 -1.916217e+01 -6.321191e-04 9.999838e-01 5.651432e-03 1.436786e+00 3.453713e-02 -5.626228e-03 9.993875e-01 -1.708619e+01
9.996968e-01 -4.140465e-04 2.461797e-02 -1.900898e+01 5.458137e-04 9.999856e-01 -5.345873e-03 1.427483e+00 -2.461549e-02 5.357691e-03 9.996826e-01 -1.687204e+01
9.997451e-01 2.878997e-04 -2.257053e-02 -1.888477e+01 -1.772983e-04 9.999880e-01 4.901984e-03 1.412235e+00 2.257158e-02 -4.896731e-03 9.997332e-01 -1.634818e+01
9.997268e-01 -5.022278e-04 2.336722e-02 -1.888718e+01 6.256265e-04 9.999859e-01 -5.273698e-03 1.397466e+00 -2.336434e-02 5.286879e-03 9.997130e-01 -1.562575e+01
9.997486e-01 2.241307e-04 -2.241867e-02 -1.889058e+01 -1.145114e-04 9.999880e-01 4.890685e-03 1.381512e+00 2.241941e-02 -4.886886e-03 9.997367e-01 -1.483204e+01
9.997269e-01 -4.905220e-04 2.336047e-02 -1.889438e+01 6.139724e-04 9.999859e-01 -5.277565e-03 1.365605e+00 -2.335765e-02 5.290469e-03 9.997131e-01 -1.403864e+01
9.997446e-01 1.796048e-04 -2.259732e-02 -1.890508e+01 -6.921672e-05 9.999881e-01 4.885572e-03 1.349125e+00 2.259784e-02 -4.882758e-03 9.997327e-01 -1.319972e+01
9.997288e-01 -5.211142e-04 2.327907e-02 -1.891972e+01 6.449046e-04 9.999857e-01 -5.310337e-03 1.331691e+00 -2.327606e-02 5.323912e-03 9.997149e-01 -1.229714e+01
9.997423e-01 1.715111e-04 -2.269626e-02 -1.893212e+01 -6.050872e-05 9.999880e-01 4.891252e-03 1.314307e+00 2.269673e-02 -4.888616e-03 9.997304e-01 -1.140086e+01
9.997327e-01 -5.168490e-04 2.311032e-02 -1.894982e+01 6.396112e-04 9.999857e-01 -5.304789e-03 1.297490e+00 -2.310734e-02 5.318156e-03 9.997188e-01 -1.052992e+01
9.997377e-01 2.084430e-04 -2.289739e-02 -1.896282e+01 -9.632221e-05 9.999880e-01 4.897536e-03 1.280773e+00 2.289804e-02 -4.894044e-03 9.997258e-01 -9.671462e+00
9.997298e-01 -4.521554e-04 2.323779e-02 -1.896577e+01 5.754369e-04 9.999858e-01 -5.298661e-03 1.264998e+00 -2.323516e-02 5.310604e-03 9.997159e-01 -8.884958e+00
9.997366e-01 1.697545e-04 -2.294582e-02 -1.896716e+01 -5.779433e-05 9.999881e-01 4.879782e-03 1.248231e+00 2.294628e-02 -4.877169e-03 9.997248e-01 -8.041748e+00
9.997289e-01 -4.763280e-04 2.327694e-02 -1.896775e+01 6.003420e-04 9.999857e-01 -5.320924e-03 1.230870e+00 -2.327417e-02 5.333458e-03 9.997149e-01 -7.164590e+00
9.997325e-01 1.862392e-04 -2.312327e-02 -1.896347e+01 -7.301415e-05 9.999880e-01 4.897213e-03 1.213887e+00 2.312380e-02 -4.894213e-03 9.997206e-01 -6.317760e+00
9.997951e-01 -2.930273e-04 2.023548e-02 -1.896667e+01 3.969179e-04 9.999868e-01 -5.130090e-03 1.200026e+00 -2.023381e-02 5.137074e-03 9.997820e-01 -5.642384e+00
9.988897e-01 1.241199e-03 -4.709202e-02 -1.899946e+01 -9.716600e-04 9.999830e-01 5.746069e-03 1.192962e+00 4.709826e-02 -5.693930e-03 9.988740e-01 -5.247025e+00
9.996577e-01 -5.198809e-04 2.615565e-02 -1.903494e+01 6.603596e-04 9.999854e-01 -5.362399e-03 1.183240e+00 -2.615257e-02 5.377838e-03 9.996435e-01 -4.718318e+00
9.984947e-01 1.549906e-03 -5.482587e-02 -1.907652e+01 -1.220516e-03 9.999810e-01 6.040847e-03 1.175933e+00 5.483410e-02 -5.964836e-03 9.984776e-01 -4.290663e+00
9.997197e-01 -3.608359e-04 2.367096e-02 -1.911682e+01 4.863840e-04 9.999858e-01 -5.298206e-03 1.167044e+00 -2.366880e-02 5.308236e-03 9.997057e-01 -3.779701e+00
9.982914e-01 1.668258e-03 -5.840623e-02 -1.915454e+01 -1.309510e-03 9.999800e-01 6.179985e-03 1.161227e+00 5.841529e-02 -6.092941e-03 9.982737e-01 -3.417240e+00
9.997613e-01 -8.864442e-06 2.184414e-02 -1.918805e+01 1.221022e-04 9.999866e-01 -5.182417e-03 1.157774e+00 -2.184389e-02 5.183850e-03 9.997479e-01 -3.171907e+00
9.988965e-01 7.649902e-04 -4.695895e-02 -1.917003e+01 -4.971305e-04 9.999835e-01 5.715480e-03 1.146708e+00 4.696246e-02 -5.685826e-03 9.988804e-01 -2.670345e+00
9.992794e-01 -5.538375e-04 3.795130e-02 -1.914544e+01 7.737801e-04 9.999830e-01 -5.780860e-03 1.131926e+00 -3.794754e-02 5.806062e-03 9.992628e-01 -1.988560e+00
9.991749e-01 5.255020e-04 -4.060852e-02 -1.915583e+01 -3.018838e-04 9.999848e-01 5.512549e-03 1.117548e+00 4.061071e-02 -5.495741e-03 9.991599e-01 -1.263082e+00
9.992288e-01 -5.915526e-04 3.925974e-02 -1.916403e+01 8.228047e-04 9.999824e-01 -5.874330e-03 1.101621e+00 -3.925566e-02 5.902105e-03 9.992117e-01 -4.566622e-01
9.991878e-01 4.141479e-04 -4.029233e-02 -1.917906e+01 -1.945267e-04 9.999851e-01 5.454394e-03 1.084127e+00 4.029390e-02 -5.442125e-03 9.991730e-01 4.513469e-01
9.992039e-01 -6.564090e-04 3.988825e-02 -1.919425e+01 8.934828e-04 9.999820e-01 -5.925829e-03 1.065138e+00 -3.988373e-02 5.956753e-03 9.991865e-01 1.447787e+00
9.991887e-01 4.134082e-04 -4.026842e-02 -1.921121e+01 -1.930367e-04 9.999850e-01 5.476228e-03 1.046771e+00 4.027000e-02 -5.464011e-03 9.991739e-01 2.412894e+00
9.992033e-01 -6.081230e-04 3.990265e-02 -1.923007e+01 8.447100e-04 9.999822e-01 -5.912427e-03 1.029349e+00 -3.989843e-02 5.941425e-03 9.991861e-01 3.325410e+00
9.991796e-01 4.081488e-04 -4.049496e-02 -1.924473e+01 -1.859975e-04 9.999849e-01 5.489447e-03 1.011796e+00 4.049650e-02 -5.477410e-03 9.991646e-01 4.237531e+00
9.992010e-01 -6.014473e-04 3.996170e-02 -1.926362e+01 8.390389e-04 9.999821e-01 -5.928893e-03 9.940564e-01 -3.995750e-02 5.957687e-03 9.991836e-01 5.167687e+00
9.990189e-01 6.780446e-04 -4.427797e-02 -1.931470e+01 -4.272687e-04 9.999838e-01 5.672825e-03 9.817755e-01 4.428101e-02 -5.648340e-03 9.990031e-01 5.866775e+00
9.990600e-01 -8.007510e-04 4.333882e-02 -1.933583e+01 1.065906e-03 9.999809e-01 -6.095343e-03 9.645593e-01 -4.333320e-02 6.135811e-03 9.990418e-01 6.769883e+00
9.990585e-01 5.502257e-04 -4.337837e-02 -1.935495e+01 -3.052918e-04 9.999840e-01 5.652807e-03 9.458676e-01 4.338069e-02 -5.634241e-03 9.990427e-01 7.757779e+00
9.990444e-01 -7.420738e-04 4.369956e-02 -1.937081e+01 1.009265e-03 9.999809e-01 -6.092449e-03 9.279808e-01 -4.369429e-02 6.130734e-03 9.990261e-01 8.691837e+00
9.990591e-01 5.483686e-04 -4.336396e-02 -1.938949e+01 -3.010824e-04 9.999837e-01 5.708833e-03 9.111331e-01 4.336629e-02 -5.690404e-03 9.990430e-01 9.567171e+00
9.990479e-01 -6.830248e-04 4.362074e-02 -1.940056e+01 9.507288e-04 9.999808e-01 -6.116549e-03 8.942215e-01 -4.361582e-02 6.152199e-03 9.990294e-01 1.043322e+01
9.990490e-01 4.633822e-04 -4.359814e-02 -1.941232e+01 -2.163295e-04 9.999839e-01 5.671069e-03 8.754268e-01 4.359998e-02 -5.656243e-03 9.990330e-01 1.141336e+01
9.990672e-01 -7.043211e-04 4.317506e-02 -1.942623e+01 9.718915e-04 9.999805e-01 -6.176576e-03 8.552453e-01 -4.316995e-02 6.212778e-03 9.990484e-01 1.247857e+01
9.990671e-01 4.804010e-04 -4.318147e-02 -1.944025e+01 -2.334049e-04 9.999836e-01 5.724747e-03 8.363734e-01 4.318342e-02 -5.709325e-03 9.990508e-01 1.346767e+01
9.990546e-01 -7.212902e-04 4.346538e-02 -1.945637e+01 9.919798e-04 9.999802e-01 -6.206376e-03 8.169432e-01 -4.346014e-02 6.243628e-03 9.990356e-01 1.449425e+01
9.990706e-01 4.577433e-04 -4.309862e-02 -1.947099e+01 -2.102176e-04 9.999835e-01 5.747529e-03 7.974876e-01 4.310045e-02 -5.733126e-03 9.990543e-01 1.551914e+01
9.990776e-01 -6.799089e-04 4.293455e-02 -1.948588e+01 9.483722e-04 9.999801e-01 -6.232706e-03 7.781068e-01 -4.292954e-02 6.267677e-03 9.990584e-01 1.653971e+01
9.990871e-01 4.564539e-04 -4.271434e-02 -1.949649e+01 -2.096768e-04 9.999833e-01 5.781615e-03 7.592050e-01 4.271618e-02 -5.767379e-03 9.990706e-01 1.752441e+01
9.990771e-01 -6.745672e-04 4.294631e-02 -1.951184e+01 9.437592e-04 9.999800e-01 -6.248053e-03 7.404407e-01 -4.294133e-02 6.282820e-03 9.990578e-01 1.850913e+01
9.991159e-01 4.699817e-04 -4.203744e-02 -1.952306e+01 -2.257511e-04 9.999831e-01 5.814323e-03 7.226967e-01 4.203937e-02 -5.799691e-03 9.990991e-01 1.942565e+01
9.991177e-01 -6.286237e-04 4.199115e-02 -1.953427e+01 8.918345e-04 9.999801e-01 -6.249718e-03 7.050244e-01 -4.198648e-02 6.281656e-03 9.990984e-01 2.033672e+01
9.991386e-01 3.849387e-04 -4.149412e-02 -1.955214e+01 -1.441946e-04 9.999831e-01 5.804647e-03 6.864528e-01 4.149557e-02 -5.793662e-03 9.991219e-01 2.131514e+01
9.990912e-01 -6.795984e-04 4.261720e-02 -1.957074e+01 9.483532e-04 9.999798e-01 -6.286265e-03 6.666525e-01 -4.261215e-02 6.320971e-03 9.990717e-01 2.236521e+01
9.991205e-01 3.987590e-04 -4.192687e-02 -1.959119e+01 -1.540857e-04 9.999829e-01 5.838713e-03 6.475740e-01 4.192839e-02 -5.827116e-03 9.991036e-01 2.337698e+01
9.990980e-01 -6.776535e-04 4.245630e-02 -1.961633e+01 9.466476e-04 9.999796e-01 -6.315916e-03 6.279274e-01 -4.245124e-02 6.350412e-03 9.990783e-01 2.443033e+01
9.991417e-01 2.453109e-04 -4.142024e-02 -1.963884e+01 -6.573287e-06 9.999834e-01 5.763753e-03 6.046443e-01 4.142087e-02 -5.758532e-03 9.991252e-01 2.569647e+01
9.991096e-01 -6.671472e-04 4.218225e-02 -1.966560e+01 9.354698e-04 9.999795e-01 -6.341522e-03 5.815492e-01 -4.217724e-02 6.375338e-03 9.990898e-01 2.695874e+01
9.991295e-01 3.339375e-04 -4.171269e-02 -1.969177e+01 -8.940234e-05 9.999828e-01 5.864019e-03 5.611246e-01 4.171385e-02 -5.855184e-03 9.991124e-01 2.806044e+01
9.991110e-01 -6.812484e-04 4.214959e-02 -1.972075e+01 9.511665e-04 9.999792e-01 -6.384000e-03 5.401753e-01 -4.214445e-02 6.418419e-03 9.990909e-01 2.919847e+01
9.991302e-01 3.223831e-04 -4.169624e-02 -1.974402e+01 -7.727920e-05 9.999827e-01 5.879723e-03 5.187836e-01 4.169733e-02 -5.871384e-03 9.991130e-01 3.035356e+01
9.990998e-01 -6.456420e-04 4.241570e-02 -1.976119e+01 9.189876e-04 9.999789e-01 -6.425170e-03 4.970971e-01 -4.241075e-02 6.458368e-03 9.990794e-01 3.151689e+01
9.991288e-01 2.334625e-04 -4.173154e-02 -1.977990e+01 1.128657e-05 9.999828e-01 5.864438e-03 4.738281e-01 4.173210e-02 -5.859798e-03 9.991116e-01 3.277730e+01
9.990241e-01 -6.615644e-04 4.416247e-02 -1.979215e+01 9.495017e-04 9.999784e-01 -6.499209e-03 4.506497e-01 -4.415731e-02 6.534801e-03 9.990032e-01 3.401824e+01
9.992469e-01 2.061039e-04 -3.879941e-02 -1.978794e+01 1.671165e-05 9.999835e-01 5.742260e-03 4.288361e-01 3.879986e-02 -5.738582e-03 9.992305e-01 3.514293e+01
9.990060e-01 -6.827904e-04 4.456821e-02 -1.977951e+01 9.767846e-04 9.999779e-01 -6.574968e-03 4.071383e-01 -4.456282e-02 6.611968e-03 9.989847e-01 3.625038e+01
9.991407e-01 2.821206e-04 -4.144441e-02 -1.978794e+01 -3.432011e-05 9.999821e-01 5.979616e-03 3.856563e-01 4.144527e-02 -5.973054e-03 9.991229e-01 3.737904e+01
9.990310e-01 -7.210553e-04 4.400373e-02 -1.980235e+01 1.012161e-03 9.999778e-01 -6.593463e-03 3.625699e-01 -4.399808e-02 6.631616e-03 9.990096e-01 3.861661e+01
9.991385e-01 2.843553e-04 -4.149852e-02 -1.981509e+01 -3.521292e-05 9.999820e-01 6.004170e-03 3.395297e-01 4.149939e-02 -5.997534e-03 9.991205e-01 3.984937e+01
9.990271e-01 -7.532509e-04 4.409210e-02 -1.983024e+01 1.046866e-03 9.999774e-01 -6.636340e-03 3.155433e-01 -4.408619e-02 6.676045e-03 9.990054e-01 4.114213e+01
9.991269e-01 2.616676e-04 -4.177599e-02 -1.985020e+01 -9.151773e-06 9.999817e-01 6.044517e-03 2.911770e-01 4.177672e-02 -6.038855e-03 9.991087e-01 4.246571e+01
9.990438e-01 -7.916406e-04 4.371251e-02 -1.987304e+01 1.086679e-03 9.999768e-01 -6.726070e-03 2.648020e-01 -4.370626e-02 6.767142e-03 9.990215e-01 4.391580e+01
9.991005e-01 2.907727e-04 -4.240150e-02 -1.989384e+01 -3.194487e-05 9.999814e-01 6.104683e-03 2.386741e-01 4.240239e-02 -6.097836e-03 9.990820e-01 4.534957e+01
9.990497e-01 -7.624624e-04 4.357778e-02 -1.991851e+01 1.057858e-03 9.999766e-01 -6.755829e-03 2.129082e-01 -4.357170e-02 6.795510e-03 9.990272e-01 4.676894e+01
9.991076e-01 2.800312e-04 -4.223449e-02 -1.994159e+01 -1.901234e-05 9.999809e-01 6.180424e-03 1.880767e-01 4.223532e-02 -6.174103e-03 9.990886e-01 4.812757e+01
9.990273e-01 -6.413602e-04 4.409012e-02 -1.994937e+01 9.378084e-04 9.999771e-01 -6.703236e-03 1.659926e-01 -4.408491e-02 6.738066e-03 9.990050e-01 4.929425e+01
9.990982e-01 2.814899e-04 -4.245577e-02 -1.995567e+01 -1.842931e-05 9.999808e-01 6.196291e-03 1.438368e-01 4.245661e-02 -6.189919e-03 9.990791e-01 5.046382e+01
9.990367e-01 -6.816961e-04 4.387524e-02 -1.996766e+01 9.797252e-04 9.999766e-01 -6.771407e-03 1.203695e-01 -4.386969e-02 6.807872e-03 9.990140e-01 5.172223e+01
9.990737e-01 2.552367e-04 -4.302976e-02 -1.998437e+01 1.195965e-05 9.999807e-01 6.209117e-03 9.664737e-02 4.303042e-02 -6.203878e-03 9.990545e-01 5.300497e+01
9.990502e-01 -6.603853e-04 4.356675e-02 -1.999439e+01 9.587973e-04 9.999762e-01 -6.828897e-03 7.214411e-02 -4.356129e-02 6.864185e-03 9.990271e-01 5.432468e+01
9.990841e-01 1.705974e-04 -4.278660e-02 -2.000154e+01 9.434799e-05 9.999808e-01 6.190071e-03 4.589480e-02 4.278674e-02 -6.188437e-03 9.990650e-01 5.574419e+01
9.990550e-01 -6.045602e-04 4.345812e-02 -2.001345e+01 9.021236e-04 9.999763e-01 -6.827746e-03 2.094440e-02 -4.345305e-02 6.860501e-03 9.990319e-01 5.709393e+01
9.990799e-01 1.938716e-04 -4.288531e-02 -2.002916e+01 7.570020e-05 9.999803e-01 6.284078e-03 -2.027811e-03 4.288559e-02 -6.281541e-03 9.990602e-01 5.833048e+01
9.990389e-01 -5.891360e-04 4.382737e-02 -2.003726e+01 8.916267e-04 9.999759e-01 -6.882540e-03 -2.583742e-02 -4.382235e-02 6.915006e-03 9.990154e-01 5.960451e+01
9.990730e-01 2.177337e-04 -4.304641e-02 -2.004703e+01 5.567569e-05 9.999798e-01 6.350116e-03 -4.824567e-02 4.304683e-02 -6.346624e-03 9.990529e-01 6.079751e+01
9.990332e-01 -5.302347e-04 4.395624e-02 -2.005571e+01 8.331768e-04 9.999760e-01 -6.873767e-03 -6.953559e-02 -4.395163e-02 6.903748e-03 9.990098e-01 6.192075e+01
9.990701e-01 2.888852e-04 -4.311254e-02 -2.005953e+01 -1.275435e-05 9.999795e-01 6.404936e-03 -8.931537e-02 4.311342e-02 -6.398428e-03 9.990497e-01 6.294666e+01
9.990474e-01 -5.178431e-04 4.363254e-02 -2.006718e+01 8.197844e-04 9.999758e-01 -6.902386e-03 -1.091166e-01 -4.362800e-02 6.931583e-03 9.990238e-01 6.398128e+01
9.990770e-01 2.137706e-04 -4.295284e-02 -2.007461e+01 6.150608e-05 9.999795e-01 6.407303e-03 -1.299474e-01 4.295323e-02 -6.404029e-03 9.990565e-01 6.507600e+01
9.990612e-01 -5.095357e-04 4.331673e-02 -2.008895e+01 8.107411e-04 9.999756e-01 -6.936173e-03 -1.509226e-01 -4.331223e-02 6.964783e-03 9.990373e-01 6.619147e+01
9.990779e-01 1.639423e-04 -4.293186e-02 -2.010511e+01 1.119526e-04 9.999794e-01 6.423773e-03 -1.725036e-01 4.293193e-02 -6.422654e-03 9.990573e-01 6.734571e+01
9.990558e-01 -5.172540e-04 4.344025e-02 -2.012076e+01 8.213313e-04 9.999753e-01 -6.982236e-03 -1.947786e-01 -4.343566e-02 7.011325e-03 9.990316e-01 6.854049e+01
9.990746e-01 1.761326e-04 -4.300822e-02 -2.013721e+01 1.021322e-04 9.999791e-01 6.467664e-03 -2.162968e-01 4.300837e-02 -6.466069e-03 9.990538e-01 6.969162e+01
9.990629e-01 -4.872002e-04 4.327814e-02 -2.015622e+01 7.913348e-04 9.999751e-01 -7.010483e-03 -2.377630e-01 -4.327374e-02 7.038164e-03 9.990384e-01 7.084496e+01
9.990859e-01 1.389511e-04 -4.274495e-02 -2.017545e+01 1.394446e-04 9.999788e-01 6.509808e-03 -2.588535e-01 4.274486e-02 -6.509816e-03 9.990648e-01 7.197484e+01
9.990797e-01 -3.549230e-04 4.288896e-02 -2.019689e+01 6.536409e-04 9.999756e-01 -6.950984e-03 -2.767695e-01 -4.288553e-02 6.972624e-03 9.990556e-01 7.291810e+01
9.990859e-01 1.429404e-04 -4.274587e-02 -2.021663e+01 1.361709e-04 9.999787e-01 6.526478e-03 -2.946348e-01 4.274580e-02 -6.526330e-03 9.990646e-01 7.385639e+01
9.990592e-01 -4.456259e-04 4.336379e-02 -2.024156e+01 7.510327e-04 9.999750e-01 -7.026755e-03 -3.148445e-01 -4.335967e-02 7.052715e-03 9.990346e-01 7.494270e+01
9.990915e-01 8.565717e-05 -4.261544e-02 -2.027034e+01 1.940892e-04 9.999785e-01 6.560165e-03 -3.352747e-01 4.261499e-02 -6.562474e-03 9.990700e-01 7.604680e+01
9.990560e-01 -3.598707e-04 4.343811e-02 -2.029846e+01 6.646814e-04 9.999753e-01 -7.002780e-03 -3.536854e-01 -4.343461e-02 7.025044e-03 9.990315e-01 7.703081e+01
9.990773e-01 5.632152e-04 -4.294248e-02 -2.050266e+01 -2.669381e-04 9.999761e-01 6.904724e-03 -3.543612e-01 4.294526e-02 -6.886888e-03 9.990537e-01 7.741423e+01
9.990685e-01 -2.573471e-04 4.314890e-02 -2.072522e+01 5.612790e-04 9.999751e-01 -7.031717e-03 -3.532884e-01 -4.314611e-02 7.049389e-03 9.990439e-01 7.774519e+01
9.991129e-01 8.244238e-05 -4.211103e-02 -2.074010e+01 1.973243e-04 9.999779e-01 6.639256e-03 -3.705053e-01 4.211056e-02 -6.641673e-03 9.990909e-01 7.863586e+01
9.990496e-01 -2.617098e-04 4.358555e-02 -2.074151e+01 5.700758e-04 9.999749e-01 -7.062574e-03 -3.883681e-01 -4.358270e-02 7.080712e-03 9.990247e-01 7.953988e+01
9.991095e-01 5.881028e-05 -4.219104e-02 -2.073988e+01 2.216364e-04 9.999779e-01 6.642265e-03 -4.063390e-01 4.219041e-02 -6.645699e-03 9.990875e-01 8.044210e+01
9.990667e-01 -2.912303e-04 4.319033e-02 -2.075006e+01 5.985408e-04 9.999746e-01 -7.102392e-03 -4.251870e-01 -4.318726e-02 7.121618e-03 9.990416e-01 8.142075e+01
9.991193e-01 8.027186e-05 -4.195740e-02 -2.075948e+01 2.003198e-04 9.999776e-01 6.683196e-03 -4.434496e-01 4.195691e-02 -6.685712e-03 9.990970e-01 8.236285e+01
9.990548e-01 -2.928237e-04 4.346580e-02 -2.076757e+01 6.027278e-04 9.999745e-01 -7.116793e-03 -4.616697e-01 -4.346270e-02 7.136268e-03 9.990295e-01 8.329910e+01
9.991240e-01 1.023637e-04 -4.184510e-02 -2.077442e+01 1.789414e-04 9.999774e-01 6.718639e-03 -4.791771e-01 4.184475e-02 -6.720239e-03 9.991015e-01 8.418861e+01
9.990709e-01 -3.082409e-04 4.309482e-02 -2.079279e+01 6.160889e-04 9.999744e-01 -7.130292e-03 -4.965995e-01 -4.309161e-02 7.150221e-03 9.990455e-01 8.509633e+01
9.990773e-01 1.493470e-04 -4.294711e-02 -2.084046e+01 1.410174e-04 9.999772e-01 6.757773e-03 -5.123596e-01 4.294704e-02 -6.757591e-03 9.990545e-01 8.596894e+01
9.990401e-01 -2.695287e-04 4.380203e-02 -2.088503e+01 5.809616e-04 9.999746e-01 -7.097326e-03 -5.273335e-01 -4.379909e-02 7.115964e-03 9.990150e-01 8.678760e+01
9.990991e-01 8.243888e-05 -4.243628e-02 -2.090561e+01 2.024574e-04 9.999775e-01 6.709070e-03 -5.446299e-01 4.243578e-02 -6.711614e-03 9.990766e-01 8.769156e+01
9.990471e-01 -2.623573e-04 4.364276e-02 -2.091976e+01 5.741233e-04 9.999744e-01 -7.131099e-03 -5.621955e-01 -4.363986e-02 7.149364e-03 9.990217e-01 8.859991e+01
9.991296e-01 1.146526e-04 -4.171085e-02 -2.093381e+01 1.688169e-04 9.999769e-01 6.792378e-03 -5.777645e-01 4.171058e-02 -6.793505e-03 9.991066e-01 8.938619e+01
9.990464e-01 -3.595063e-04 4.365906e-02 -2.094037e+01 6.771907e-04 9.999734e-01 -7.261798e-03 -5.966205e-01 -4.365538e-02 7.284442e-03 9.990201e-01 9.035315e+01
9.991134e-01 -2.075120e-05 -4.209803e-02 -2.095627e+01 3.059746e-04 9.999770e-01 6.768689e-03 -6.183868e-01 4.209683e-02 -6.775567e-03 9.990905e-01 9.151359e+01
9.990410e-01 -3.074389e-04 4.378139e-02 -2.097017e+01 6.260050e-04 9.999734e-01 -7.262653e-03 -6.392366e-01 -4.377808e-02 7.283099e-03 9.990147e-01 9.261543e+01
9.991189e-01 -1.159907e-04 -4.196761e-02 -2.098486e+01 3.989623e-04 9.999772e-01 6.734207e-03 -6.623383e-01 4.196579e-02 -6.745015e-03 9.990962e-01 9.385353e+01
9.990381e-01 -2.765742e-04 4.384841e-02 -2.099583e+01 5.973281e-04 9.999732e-01 -7.302017e-03 -6.855268e-01 -4.384531e-02 7.321189e-03 9.990115e-01 9.509145e+01
9.991090e-01 -8.595560e-05 -4.220197e-02 -2.100592e+01 3.714412e-04 9.999771e-01 6.756852e-03 -7.084729e-01 4.220033e-02 -6.766505e-03 9.990862e-01 9.631531e+01
9.990227e-01 -2.962622e-04 4.419651e-02 -2.101286e+01 6.218619e-04 9.999728e-01 -7.353411e-03 -7.321417e-01 -4.419322e-02 7.373712e-03 9.989958e-01 9.757671e+01
9.990973e-01 -1.261484e-04 -4.247979e-02 -2.102547e+01 4.149029e-04 9.999769e-01 6.788609e-03 -7.560507e-01 4.247786e-02 -6.800103e-03 9.990742e-01 9.886169e+01
9.990053e-01 -1.653857e-04 4.458872e-02 -2.103242e+01 4.905122e-04 9.999734e-01 -7.280721e-03 -7.762108e-01 -4.458642e-02 7.295354e-03 9.989789e-01 9.991019e+01
9.990976e-01 -5.678042e-05 -4.247241e-02 -2.102964e+01 3.468797e-04 9.999767e-01 6.822862e-03 -7.949945e-01 4.247094e-02 -6.831435e-03 9.990743e-01 1.008541e+02
9.990004e-01 -1.553935e-04 4.470039e-02 -2.102354e+01 4.821420e-04 9.999732e-01 -7.298944e-03 -8.135804e-01 -4.469816e-02 7.313203e-03 9.989737e-01 1.017807e+02
9.991191e-01 -1.035520e-04 -4.196180e-02 -2.101697e+01 3.886483e-04 9.999769e-01 6.785982e-03 -8.329245e-01 4.196003e-02 -6.796310e-03 9.990961e-01 1.027484e+02
9.990011e-01 -1.690836e-04 4.468401e-02 -2.101785e+01 4.965252e-04 9.999731e-01 -7.316826e-03 -8.523232e-01 -4.468166e-02 7.331707e-03 9.989743e-01 1.037360e+02
9.991003e-01 -6.675803e-05 -4.240758e-02 -2.101715e+01 3.572229e-04 9.999765e-01 6.841718e-03 -8.713161e-01 4.240604e-02 -6.850709e-03 9.990769e-01 1.046969e+02
9.990239e-01 -1.519103e-04 4.417123e-02 -2.102449e+01 4.734570e-04 9.999735e-01 -7.269066e-03 -8.893233e-01 -4.416905e-02 7.282888e-03 9.989975e-01 1.056180e+02
9.991105e-01 -7.667954e-05 -4.216641e-02 -2.103263e+01 3.654208e-04 9.999765e-01 6.839892e-03 -9.073638e-01 4.216480e-02 -6.849214e-03 9.990872e-01 1.065375e+02
9.989185e-01 -2.001870e-04 4.649308e-02 -2.101960e+01 5.484527e-04 9.999719e-01 -7.477953e-03 -9.252731e-01 -4.649037e-02 7.495368e-03 9.988906e-01 1.074048e+02
9.992256e-01 -2.267398e-04 -3.934581e-02 -2.098809e+01 4.889675e-04 9.999777e-01 6.655087e-03 -9.442710e-01 3.934334e-02 -6.669169e-03 9.992035e-01 1.083052e+02
9.989147e-01 -2.259138e-04 4.657586e-02 -2.095239e+01 5.760180e-04 9.999717e-01 -7.503464e-03 -9.629096e-01 -4.657294e-02 7.522153e-03 9.988865e-01 1.091744e+02
9.992076e-01 -1.772583e-04 -3.980014e-02 -2.091551e+01 4.461133e-04 9.999771e-01 6.746237e-03 -9.811433e-01 3.979794e-02 -6.758644e-03 9.991849e-01 1.100166e+02
9.984783e-01 -7.523489e-04 5.514026e-02 -2.087846e+01 1.189934e-03 9.999681e-01 -7.903349e-03 -9.963110e-01 -5.513265e-02 7.956939e-03 9.984473e-01 1.107008e+02
9.994537e-01 -5.558258e-04 -3.304246e-02 -2.081263e+01 7.646105e-04 9.999798e-01 6.306247e-03 -1.012471e+00 3.303819e-02 -6.328063e-03 9.994340e-01 1.113951e+02
9.981651e-01 -1.111536e-03 6.053912e-02 -2.076721e+01 1.602745e-03 9.999662e-01 -8.065863e-03 -1.025805e+00 -6.052820e-02 8.148096e-03 9.981332e-01 1.119778e+02
9.996807e-01 -9.033886e-04 -2.525066e-02 -2.070965e+01 1.053828e-03 9.999818e-01 5.944981e-03 -1.038263e+00 2.524474e-02 -5.969689e-03 9.996634e-01 1.124976e+02
9.989867e-01 -4.366639e-04 4.500295e-02 -2.062398e+01 7.764788e-04 9.999713e-01 -7.533629e-03 -1.056665e+00 -4.499846e-02 7.560943e-03 9.989584e-01 1.132805e+02
9.994554e-01 -2.749246e-04 -3.299643e-02 -2.056051e+01 4.873422e-04 9.999792e-01 6.429593e-03 -1.075837e+00 3.299388e-02 -6.442168e-03 9.994348e-01 1.141433e+02
9.987117e-01 -8.528290e-04 5.073584e-02 -2.047982e+01 1.251838e-03 9.999685e-01 -7.833072e-03 -1.093048e+00 -5.072766e-02 7.886498e-03 9.986813e-01 1.148689e+02
9.997637e-01 -8.542979e-04 -2.171756e-02 -2.039606e+01 9.849024e-04 9.999815e-01 6.003595e-03 -1.106381e+00 2.171193e-02 -6.023562e-03 9.997461e-01 1.153822e+02
9.990290e-01 -6.209235e-04 4.405245e-02 -2.030819e+01 9.581030e-04 9.999704e-01 -7.633233e-03 -1.121063e+00 -4.404650e-02 7.668032e-03 9.990000e-01 1.159560e+02
9.996354e-01 -4.324312e-04 -2.699588e-02 -2.022131e+01 6.040580e-04 9.999797e-01 6.349533e-03 -1.136347e+00 2.699249e-02 -6.363521e-03 9.996153e-01 1.165629e+02
9.990921e-01 -6.245508e-04 4.259607e-02 -2.016664e+01 9.470348e-04 9.999710e-01 -7.550867e-03 -1.149788e+00 -4.259022e-02 7.584356e-03 9.990638e-01 1.171200e+02
9.995406e-01 -1.200895e-04 -3.030592e-02 -2.011435e+01 3.181032e-04 9.999786e-01 6.528954e-03 -1.164552e+00 3.030439e-02 -6.535591e-03 9.995193e-01 1.177524e+02
9.993669e-01 -2.468649e-04 3.557639e-02 -2.007406e+01 5.042875e-04 9.999738e-01 -7.226838e-03 -1.181459e+00 -3.557377e-02 7.240207e-03 9.993408e-01 1.185127e+02
9.995522e-01 -1.281084e-04 -2.991971e-02 -2.004264e+01 3.232138e-04 9.999787e-01 6.516081e-03 -1.199022e+00 2.991813e-02 -6.522830e-03 9.995310e-01 1.193289e+02
9.993916e-01 -2.327284e-04 3.487398e-02 -2.001126e+01 4.843432e-04 9.999739e-01 -7.206554e-03 -1.216122e+00 -3.487149e-02 7.219065e-03 9.993657e-01 1.201170e+02
9.994870e-01 7.575622e-06 -3.202451e-02 -1.999559e+01 2.067704e-04 9.999776e-01 6.689742e-03 -1.232865e+00 3.202374e-02 -6.692928e-03 9.994647e-01 1.209151e+02
9.993964e-01 -2.513804e-04 3.473561e-02 -1.998132e+01 5.021681e-04 9.999739e-01 -7.211224e-03 -1.249570e+00 -3.473299e-02 7.224319e-03 9.993705e-01 1.217119e+02
9.994532e-01 6.387454e-05 -3.306292e-02 -1.997424e+01 1.604658e-04 9.999770e-01 6.782433e-03 -1.266530e+00 3.306249e-02 -6.784026e-03 9.994302e-01 1.225444e+02
9.994206e-01 -2.310011e-04 3.403321e-02 -1.997113e+01 4.774444e-04 9.999737e-01 -7.233166e-03 -1.283903e+00 -3.403074e-02 7.245229e-03 9.993945e-01 1.234140e+02
9.994593e-01 1.215503e-05 -3.287888e-02 -1.997083e+01 2.106382e-04 9.999770e-01 6.772585e-03 -1.302013e+00 3.287811e-02 -6.775844e-03 9.994364e-01 1.243332e+02
9.994501e-01 -5.749457e-05 3.315796e-02 -1.996454e+01 2.946905e-04 9.999744e-01 -7.148524e-03 -1.316580e+00 -3.315680e-02 7.154369e-03 9.994245e-01 1.250320e+02
9.994484e-01 -7.778173e-06 -3.320923e-02 -1.995766e+01 2.324485e-04 9.999771e-01 6.761320e-03 -1.331844e+00 3.320832e-02 -6.765306e-03 9.994255e-01 1.257705e+02
9.994341e-01 -7.417654e-05 3.363551e-02 -1.994422e+01 3.162808e-04 9.999741e-01 -7.192468e-03 -1.347638e+00 -3.363420e-02 7.199041e-03 9.994082e-01 1.265276e+02
9.994920e-01 -1.761892e-05 -3.186948e-02 -1.992852e+01 2.318582e-04 9.999774e-01 6.718587e-03 -1.362779e+00 3.186854e-02 -6.722560e-03 9.994694e-01 1.272377e+02
9.994338e-01 -1.014425e-04 3.364338e-02 -1.991557e+01 3.438162e-04 9.999740e-01 -7.198350e-03 -1.377905e+00 -3.364188e-02 7.205846e-03 9.994079e-01 1.279496e+02
9.994511e-01 3.891213e-05 -3.312818e-02 -1.990770e+01 1.874321e-04 9.999767e-01 6.829124e-03 -1.392322e+00 3.312757e-02 -6.831581e-03 9.994277e-01 1.286343e+02
9.995234e-01 -1.262030e-05 3.086833e-02 -1.989078e+01 2.326214e-04 9.999746e-01 -7.123341e-03 -1.406627e+00 -3.086756e-02 7.127131e-03 9.994980e-01 1.292995e+02
9.995433e-01 -8.140362e-05 -3.021578e-02 -1.987604e+01 2.838659e-04 9.999775e-01 6.696183e-03 -1.421973e+00 3.021445e-02 -6.701699e-03 9.995209e-01 1.300277e+02
9.995624e-01 2.852298e-05 2.957987e-02 -1.983869e+01 1.807638e-04 9.999750e-01 -7.072446e-03 -1.438596e+00 -2.957943e-02 7.074702e-03 9.995374e-01 1.307825e+02
9.992726e-01 1.270259e-04 -3.813253e-02 -1.975061e+01 1.422142e-04 9.999751e-01 7.057741e-03 -1.454807e+00 3.813237e-02 -7.058027e-03 9.992477e-01 1.314114e+02
9.999406e-01 1.090538e-03 1.083767e-02 -1.970645e+01 -1.021804e-03 9.999793e-01 -6.345197e-03 -1.461577e+00 -1.084446e-02 6.333750e-03 9.999211e-01 1.316712e+02
9.992551e-01 1.887568e-04 -3.858779e-02 -1.969000e+01 8.354383e-05 9.999751e-01 7.054812e-03 -1.463925e+00 3.858806e-02 -7.052778e-03 9.992303e-01 1.317677e+02
9.998918e-01 9.300453e-04 1.467693e-02 -1.966601e+01 -8.341497e-04 9.999783e-01 -6.538198e-03 -1.471404e+00 -1.468279e-02 6.525252e-03 9.998709e-01 1.320830e+02
9.995578e-01 -5.907257e-04 -2.972842e-02 -1.964553e+01 7.891564e-04 9.999775e-01 6.663348e-03 -1.484045e+00 2.972372e-02 -6.683858e-03 9.995358e-01 1.326502e+02
9.996957e-01 6.080970e-04 2.465878e-02 -1.963654e+01 -4.377952e-04 9.999760e-01 -6.910945e-03 -1.498828e+00 -2.466249e-02 6.898051e-03 9.996720e-01 1.333636e+02
9.996452e-01 -7.272032e-04 -2.662563e-02 -1.962258e+01 9.019946e-04 9.999781e-01 6.553200e-03 -1.514477e+00 2.662019e-02 -6.574888e-03 9.996240e-01 1.341112e+02
9.996540e-01 4.836458e-04 2.629860e-02 -1.962278e+01 -2.979435e-04 9.999750e-01 -7.064570e-03 -1.533052e+00 -2.630146e-02 7.054294e-03 9.996291e-01 1.350606e+02
9.996648e-01 -7.791179e-04 -2.587672e-02 -1.961852e+01 9.490213e-04 9.999781e-01 6.554080e-03 -1.552463e+00 2.587095e-02 -6.576437e-03 9.996436e-01 1.360524e+02
9.996601e-01 5.232514e-04 2.606138e-02 -1.961217e+01 -3.391459e-04 9.999750e-01 -7.068027e-03 -1.571453e+00 -2.606453e-02 7.056790e-03 9.996353e-01 1.370151e+02
9.996476e-01 -7.469385e-04 -2.653252e-02 -1.960440e+01 9.218205e-04 9.999779e-01 6.579454e-03 -1.589788e+00 2.652692e-02 -6.601590e-03 9.996263e-01 1.379353e+02
9.996626e-01 5.691050e-04 2.596473e-02 -1.959651e+01 -3.858339e-04 9.999750e-01 -7.062735e-03 -1.607333e+00 -2.596819e-02 7.050339e-03 9.996379e-01 1.388089e+02
9.996562e-01 -8.196338e-04 -2.620535e-02 -1.959218e+01 9.920321e-04 9.999779e-01 6.566262e-03 -1.625802e+00 2.619929e-02 -6.589998e-03 9.996350e-01 1.397439e+02
9.996643e-01 5.984822e-04 2.589854e-02 -1.958722e+01 -4.158439e-04 9.999750e-01 -7.056687e-03 -1.643802e+00 -2.590221e-02 7.043553e-03 9.996396e-01 1.406498e+02
9.996335e-01 -7.474387e-04 -2.706054e-02 -1.957454e+01 9.270918e-04 9.999776e-01 6.626841e-03 -1.660653e+00 2.705488e-02 -6.649496e-03 9.996118e-01 1.414747e+02
9.996695e-01 6.269423e-04 2.569747e-02 -1.955373e+01 -4.449181e-04 9.999748e-01 -7.088261e-03 -1.678240e+00 -2.570136e-02 7.074489e-03 9.996446e-01 1.423241e+02
9.996279e-01 -8.010914e-04 -2.726525e-02 -1.953643e+01 9.826887e-04 9.999774e-01 6.647493e-03 -1.696384e+00 2.725921e-02 -6.671809e-03 9.996061e-01 1.432149e+02
