9.999999e-01 -4.480995e-04 -3.108538e-04 -8.897260e-03 4.481674e-04 9.999999e-01 2.183042e-04 -2.765311e-03 3.107560e-04 -2.184430e-04 9.999998e-01 3.920510e-03
9.999915e-01 3.263531e-04 -4.110686e-03 3.370990e-02 -3.255462e-04 9.999999e-01 1.969402e-04 -1.586967e-02 4.110749e-03 -1.955998e-04 9.999914e-01 5.984137e-01
9.999998e-01 -4.659500e-04 -4.068382e-04 6.786917e-02 4.660207e-04 9.999999e-01 1.737924e-04 -2.836130e-02 4.067563e-04 -1.739813e-04 9.999998e-01 1.179841e+00
9.999941e-01 3.494025e-04 -3.423255e-03 9.235096e-02 -3.486817e-04 9.999999e-01 2.111463e-04 -4.033232e-02 3.423327e-03 -2.099509e-04 9.999940e-01 1.748697e+00
9.999998e-01 -4.879799e-04 2.977549e-04 1.175704e-01 4.879299e-04 9.999999e-01 1.679419e-04 -5.218415e-02 -2.978384e-04 -1.677959e-04 9.999998e-01 2.305626e+00
9.999994e-01 3.541369e-04 -1.013116e-03 1.556455e-01 -3.539549e-04 9.999999e-01 1.797990e-04 -6.579666e-02 1.013178e-03 -1.794396e-04 9.999994e-01 2.882514e+00
9.999992e-01 -4.820072e-04 1.162538e-03 1.941983e-01 4.818888e-04 9.999999e-01 1.021549e-04 -8.122604e-02 -1.162589e-03 -1.015939e-04 9.999992e-01 3.538466e+00
9.999982e-01 3.533929e-04 -1.875615e-03 2.189051e-01 -3.529806e-04 9.999999e-01 2.201683e-04 -9.643115e-02 1.875691e-03 -2.195051e-04 9.999981e-01 4.232325e+00
9.999993e-01 -5.138730e-04 1.048443e-03 2.420262e-01 5.137310e-04 9.999999e-01 1.357282e-04 -1.106061e-01 -1.048515e-03 -1.351887e-04 9.999993e-01 4.887998e+00
9.999980e-01 3.498955e-04 -1.980446e-03 2.720563e-01 -3.496117e-04 9.999999e-01 1.436791e-04 -1.228930e-01 1.980494e-03 -1.429856e-04 9.999979e-01 5.413258e+00
9.999995e-01 -5.198662e-04 8.447311e-04 3.000601e-01 5.197508e-04 9.999999e-01 1.368599e-04 -1.351581e-01 -8.448042e-04 -1.364200e-04 9.999995e-01 5.943808e+00
9.999985e-01 3.531170e-04 -1.668199e-03 3.350274e-01 -3.529107e-04 9.999999e-01 1.239628e-04 -1.468022e-01 1.668241e-03 -1.233730e-04 9.999985e-01 6.415284e+00
9.999982e-01 -4.661824e-04 1.843576e-03 3.729448e-01 4.658387e-04 9.999999e-01 1.868250e-04 -1.598365e-01 -1.843664e-03 -1.859649e-04 9.999982e-01 6.936492e+00
9.999981e-01 3.280333e-04 -1.945346e-03 4.121392e-01 -3.278647e-04 9.999999e-01 8.698214e-05 -1.735038e-01 1.945372e-03 -8.634323e-05 9.999980e-01 7.499657e+00
9.999997e-01 -4.918226e-04 6.540149e-04 4.465085e-01 4.916713e-04 9.999999e-01 2.315509e-04 -1.872170e-01 -6.541309e-04 -2.312283e-04 9.999997e-01 8.096543e+00
9.999927e-01 3.044163e-04 -3.799928e-03 4.688591e-01 -3.039488e-04 9.999999e-01 1.235944e-04 -2.000811e-01 3.799963e-03 -1.224375e-04 9.999927e-01 8.711186e+00
9.999979e-01 -6.323032e-04 1.937174e-03 4.938840e-01 6.322026e-04 9.999998e-01 5.257755e-05 -2.078267e-01 -1.937210e-03 -5.135174e-05 9.999980e-01 9.003193e+00
9.999954e-01 3.197221e-04 -3.013245e-03 5.101562e-01 -3.192449e-04 9.999999e-01 1.588512e-04 -2.153960e-01 3.013293e-03 -1.578874e-04 9.999953e-01 9.278718e+00
9.999967e-01 -5.141798e-04 2.522870e-03 5.415235e-01 5.140508e-04 9.999999e-01 5.179547e-05 -2.241300e-01 -2.522899e-03 -5.049736e-05 9.999967e-01 9.586779e+00
9.999970e-01 3.943339e-04 -2.437202e-03 5.860414e-01 -3.938169e-04 9.999999e-01 2.125929e-04 -2.376626e-01 2.437282e-03 -2.116314e-04 9.999969e-01 1.011848e+01
9.999825e-01 -5.263839e-04 5.895614e-03 6.370301e-01 5.261795e-04 9.999999e-01 3.622740e-05 -2.571430e-01 -5.895635e-03 -3.312351e-05 9.999825e-01 1.092953e+01
9.999828e-01 3.519797e-04 -5.858413e-03 6.743912e-01 -3.507989e-04 9.999999e-01 2.025792e-04 -2.757445e-01 5.858481e-03 -2.005195e-04 9.999827e-01 1.175634e+01
9.999833e-01 -8.296526e-04 5.713324e-03 6.314008e-01 8.302735e-04 9.999996e-01 -1.062930e-04 -2.744669e-01 -5.713236e-03 1.110360e-04 9.999836e-01 1.159996e+01
9.999783e-01 2.319320e-04 -6.581286e-03 5.853303e-01 -2.301702e-04 9.999999e-01 2.684565e-04 -2.752508e-01 6.581345e-03 -2.669347e-04 9.999782e-01 1.156725e+01
9.999851e-01 -4.936775e-04 5.431550e-03 5.950935e-01 4.935565e-04 9.999999e-01 2.361570e-05 -2.849542e-01 -5.431564e-03 -2.093338e-05 9.999851e-01 1.199658e+01
9.999720e-01 3.385437e-04 -7.475955e-03 6.214446e-01 -3.369231e-04 9.999999e-01 2.180303e-04 -2.974885e-01 7.476025e-03 -2.155042e-04 9.999719e-01 1.254488e+01
9.999940e-01 -5.632484e-04 3.420909e-03 6.337717e-01 5.626934e-04 9.999998e-01 1.632080e-04 -3.120916e-01 -3.421004e-03 -1.612809e-04 9.999940e-01 1.328151e+01
9.999817e-01 2.983834e-04 -6.049016e-03 6.574305e-01 -2.968147e-04 9.999999e-01 2.602233e-04 -3.290613e-01 6.049090e-03 -2.584218e-04 9.999816e-01 1.410557e+01
9.999915e-01 -5.713987e-04 4.075148e-03 6.799411e-01 5.706146e-04 9.999998e-01 1.935713e-04 -3.485353e-01 -4.075261e-03 -1.912430e-04 9.999916e-01 1.505811e+01
9.999927e-01 3.512170e-04 -3.800954e-03 7.126433e-01 -3.507125e-04 9.999999e-01 1.333993e-04 -3.688787e-01 3.800997e-03 -1.320639e-04 9.999927e-01 1.598722e+01
9.999939e-01 -5.771883e-04 3.452913e-03 7.421324e-01 5.763372e-04 9.999998e-01 2.475051e-04 -3.889360e-01 -3.453059e-03 -2.455122e-04 9.999939e-01 1.692757e+01
9.999979e-01 3.971362e-04 -2.034801e-03 7.845185e-01 -3.969810e-04 9.999999e-01 7.666586e-05 -4.095218e-01 2.034828e-03 -7.585647e-05 9.999978e-01 1.783905e+01
9.999950e-01 -5.824938e-04 3.116026e-03 8.237542e-01 5.818929e-04 9.999998e-01 1.937666e-04 -4.291595e-01 -3.116142e-03 -1.919510e-04 9.999950e-01 1.870775e+01
9.999924e-01 3.743605e-04 -3.887028e-03 8.495950e-01 -3.738577e-04 9.999999e-01 1.300601e-04 -4.470924e-01 3.887073e-03 -1.286044e-04 9.999923e-01 1.954505e+01
9.999987e-01 -5.641991e-04 1.529809e-03 8.683384e-01 5.637361e-04 9.999998e-01 3.030657e-04 -4.637353e-01 -1.529984e-03 -3.022013e-04 9.999987e-01 2.036045e+01
9.999995e-01 3.827470e-04 -8.863337e-04 9.005550e-01 -3.826793e-04 9.999999e-01 7.649073e-05 -4.835718e-01 8.863591e-04 -7.614993e-05 9.999995e-01 2.127814e+01
9.999910e-01 -5.466648e-04 4.201772e-03 9.514826e-01 5.456656e-04 9.999998e-01 2.389558e-04 -5.054678e-01 -4.201905e-03 -2.366593e-04 9.999910e-01 2.222656e+01
9.999922e-01 4.819422e-04 3.931306e-03 1.014482e+00 -4.818564e-04 9.999999e-01 -2.275951e-05 -5.280893e-01 -3.931319e-03 2.086664e-05 9.999922e-01 2.312588e+01
9.999793e-01 -4.544994e-04 6.424491e-03 1.076426e+00 4.532890e-04 9.999999e-01 1.898725e-04 -5.484570e-01 -6.424578e-03 -1.869548e-04 9.999792e-01 2.387127e+01
9.999993e-01 3.950800e-04 -1.126689e-03 1.128342e+00 -3.950815e-04 9.999999e-01 -1.084424e-06 -5.671588e-01 1.126687e-03 1.531228e-06 9.999993e-01 2.460432e+01
9.999989e-01 -5.397821e-04 1.346438e-03 1.160024e+00 5.394477e-04 9.999998e-01 2.487321e-04 -5.829870e-01 -1.346573e-03 -2.480038e-04 9.999990e-01 2.529867e+01
9.999954e-01 3.679087e-04 -3.024815e-03 1.181110e+00 -3.678384e-04 9.999999e-01 2.377112e-05 -5.941626e-01 3.024822e-03 -2.265665e-05 9.999953e-01 2.580217e+01
9.999967e-01 -5.255883e-04 2.516931e-03 1.196374e+00 5.250375e-04 9.999998e-01 2.195258e-04 -6.031485e-01 -2.517047e-03 -2.182019e-04 9.999967e-01 2.616374e+01
9.999963e-01 2.680208e-04 -2.694375e-03 1.200242e+00 -2.680829e-04 1.000000e+00 -2.269810e-05 -6.096620e-01 2.694367e-03 2.342210e-05 9.999963e-01 2.639994e+01
9.999953e-01 -6.116812e-04 2.991821e-03 1.199532e+00 6.109127e-04 9.999998e-01 2.577776e-04 -6.143900e-01 -2.991979e-03 -2.559469e-04 9.999954e-01 2.651501e+01
9.999957e-01 2.717513e-04 -2.933577e-03 1.209373e+00 -2.719848e-04 1.000000e+00 -7.920404e-05 -6.204793e-01 2.933554e-03 8.000339e-05 9.999956e-01 2.667651e+01
9.999940e-01 -4.245787e-04 3.428616e-03 1.237959e+00 4.231413e-04 9.999998e-01 4.199569e-04 -6.335256e-01 -3.428795e-03 -4.185018e-04 9.999939e-01 2.719827e+01
9.999980e-01 2.631876e-04 -1.969613e-03 1.278918e+00 -2.635181e-04 1.000000e+00 -1.675582e-04 -6.520140e-01 1.969568e-03 1.680787e-04 9.999979e-01 2.799337e+01
9.999959e-01 -4.292951e-04 2.818237e-03 1.322014e+00 4.281266e-04 9.999998e-01 4.152380e-04 -6.688916e-01 -2.818416e-03 -4.140279e-04 9.999958e-01 2.869944e+01
9.999944e-01 2.841782e-04 -3.331606e-03 1.356673e+00 -2.847656e-04 9.999999e-01 -1.758389e-04 -6.815362e-01 3.331555e-03 1.767886e-04 9.999943e-01 2.922310e+01
9.999980e-01 -3.323437e-04 -1.980520e-03 1.377549e+00 3.333130e-04 9.999998e-01 4.891208e-04 -6.916415e-01 1.980356e-03 -4.897780e-04 9.999978e-01 2.970028e+01
9.997881e-01 7.157174e-04 -2.057124e-02 1.357864e+00 -7.160799e-04 9.999997e-01 -1.025465e-05 -6.979053e-01 2.057123e-02 2.498513e-05 9.997883e-01 3.023373e+01
9.995928e-01 3.796743e-04 -2.853288e-02 1.247044e+00 -3.577087e-04 9.999996e-01 7.749293e-04 -6.961997e-01 2.853316e-02 -7.644052e-04 9.995925e-01 3.077069e+01
9.981911e-01 1.814241e-03 -6.009286e-02 1.010632e+00 -1.785064e-03 9.999983e-01 5.392064e-04 -6.847605e-01 6.009372e-02 -4.309593e-04 9.981925e-01 3.138264e+01
9.986154e-01 9.640304e-04 -5.259534e-02 6.845572e-01 -9.115330e-04 9.999991e-01 1.022111e-03 -6.674522e-01 5.259625e-02 -9.727517e-04 9.986153e-01 3.209225e+01
9.960572e-01 2.622056e-03 -8.867439e-02 2.658947e-01 -2.543144e-03 9.999963e-01 1.002869e-03 -6.441929e-01 8.867664e-02 -7.734010e-04 9.960601e-01 3.293015e+01
9.959395e-01 1.903123e-03 -9.000470e-02 -2.820115e-01 -1.777131e-03 9.999973e-01 1.479948e-03 -6.130939e-01 9.000722e-02 -1.313986e-03 9.959402e-01 3.397686e+01
9.962165e-01 2.634306e-03 -8.686617e-02 -8.364257e-01 -2.541815e-03 9.999961e-01 1.175340e-03 -5.821293e-01 8.686886e-02 -9.500926e-04 9.962192e-01 3.506653e+01
9.962365e-01 1.741680e-03 -8.665901e-02 -1.361788e+00 -1.640706e-03 9.999979e-01 1.236396e-03 -5.526624e-01 8.666090e-02 -1.089559e-03 9.962372e-01 3.612205e+01
9.951210e-01 2.965559e-03 -9.861718e-02 -1.932761e+00 -2.840075e-03 9.999950e-01 1.412784e-03 -5.198696e-01 9.862078e-02 -1.125809e-03 9.951244e-01 3.719688e+01
9.968668e-01 1.549079e-03 -7.908268e-02 -2.482586e+00 -1.472211e-03 9.999984e-01 1.030271e-03 -4.880863e-01 7.908406e-02 -9.106146e-04 9.968675e-01 3.819930e+01
9.997345e-01 1.004941e-03 -2.301694e-02 -2.800699e+00 -9.885722e-04 9.999993e-01 7.224532e-04 -4.718385e-01 2.301755e-02 -6.995057e-04 9.997348e-01 3.891394e+01
9.997347e-01 7.482942e-05 -2.303163e-02 -2.906808e+00 -7.454092e-05 1.000000e+00 1.331268e-05 -4.693346e-01 2.303153e-02 -1.159050e-05 9.997347e-01 3.935947e+01
9.996704e-01 1.064056e-03 -2.564701e-02 -3.027867e+00 -1.044679e-03 9.999992e-01 7.688270e-04 -4.659458e-01 2.564771e-02 -7.417790e-04 9.996707e-01 3.981037e+01
9.999264e-01 -1.913379e-04 -1.213068e-02 -3.099251e+00 1.927740e-04 1.000000e+00 1.170781e-04 -4.674268e-01 1.213056e-02 -1.194062e-04 9.999264e-01 4.037087e+01
9.995549e-01 1.105296e-03 -2.981134e-02 -3.195053e+00 -1.084169e-03 9.999991e-01 7.247810e-04 -4.673298e-01 2.981202e-02 -6.921363e-04 9.995552e-01 4.093214e+01
9.999815e-01 -3.101428e-04 -6.059985e-03 -3.273757e+00 3.096094e-04 9.999999e-01 -8.925736e-05 -4.676591e-01 6.059913e-03 8.738117e-05 9.999816e-01 4.139137e+01
9.997999e-01 7.944194e-04 -1.998673e-02 -3.316226e+00 -7.810683e-04 9.999995e-01 6.757024e-04 -4.709908e-01 1.998716e-02 -6.599546e-04 9.998000e-01 4.185949e+01
9.999864e-01 -6.050639e-04 5.162003e-03 -3.321434e+00 6.064628e-04 9.999998e-01 -2.690854e-04 -4.782644e-01 -5.161939e-03 2.722140e-04 9.999866e-01 4.234382e+01
9.999720e-01 4.980171e-04 -7.465472e-03 -3.292193e+00 -4.929647e-04 9.999996e-01 6.783536e-04 -4.895248e-01 7.465708e-03 -6.746527e-04 9.999719e-01 4.286040e+01
9.999070e-01 -5.354931e-04 1.362319e-02 -3.240063e+00 5.417672e-04 9.999997e-01 -4.567212e-04 -5.063112e-01 -1.362304e-02 4.640611e-04 9.999071e-01 4.349678e+01
9.999340e-01 7.070331e-05 -1.148324e-02 -3.327283e+00 -6.545722e-05 9.999999e-01 4.570595e-04 -5.014224e-01 1.148318e-02 -4.562760e-04 9.999339e-01 4.318192e+01
9.999226e-01 -1.395535e-03 1.235990e-02 -3.721189e+00 1.401527e-03 9.999989e-01 -4.760445e-04 -4.694904e-01 -1.235932e-02 4.933323e-04 9.999235e-01 4.182251e+01
9.999748e-01 1.149625e-03 6.994993e-03 -3.763710e+00 -1.157751e-03 9.999987e-01 1.158019e-03 -4.736050e-01 -6.993752e-03 -1.166087e-03 9.999748e-01 4.186272e+01
9.999796e-01 -1.291966e-03 6.247168e-03 -3.827512e+00 1.299186e-03 9.999985e-01 -1.151617e-03 -4.762142e-01 -6.245771e-03 1.159712e-03 9.999798e-01 4.185095e+01
9.999860e-01 -5.111049e-06 -5.278154e-03 -4.230147e+00 1.112308e-05 9.999994e-01 1.138632e-03 -4.441267e-01 5.278045e-03 -1.138673e-03 9.999854e-01 4.050234e+01
9.999783e-01 -1.353973e-03 6.435745e-03 -4.682803e+00 1.361598e-03 9.999984e-01 -1.180216e-03 -4.085376e-01 -6.434236e-03 1.188955e-03 9.999785e-01 3.904027e+01
9.999905e-01 -6.973266e-04 -4.283223e-03 -5.414947e+00 7.018556e-04 9.999992e-01 1.055479e-03 -3.503675e-01 4.282384e-03 -1.058473e-03 9.999902e-01 3.672135e+01
9.999708e-01 -1.979939e-03 7.378211e-03 -6.344894e+00 1.989209e-03 9.999972e-01 -1.248967e-03 -2.749868e-01 -7.375818e-03 1.263609e-03 9.999720e-01 3.371185e+01
9.999934e-01 -6.243089e-04 -3.553818e-03 -7.181305e+00 6.284567e-04 9.999991e-01 1.165454e-03 -2.058668e-01 3.552987e-03 -1.167677e-03 9.999930e-01 3.089326e+01
9.999737e-01 -1.953417e-03 6.982783e-03 -8.002328e+00 1.962269e-03 9.999973e-01 -1.260586e-03 -1.382881e-01 -6.980401e-03 1.274258e-03 9.999748e-01 2.813836e+01
9.999932e-01 -5.899632e-04 -3.632144e-03 -8.857006e+00 5.939878e-04 9.999992e-01 1.106325e-03 -6.855929e-02 3.631389e-03 -1.108472e-03 9.999927e-01 2.532985e+01
9.999735e-01 -2.255930e-03 6.907422e-03 -9.828543e+00 2.265005e-03 9.999966e-01 -1.305904e-03 1.061981e-02 -6.904552e-03 1.321518e-03 9.999752e-01 2.215840e+01
9.999887e-01 1.564897e-04 -4.748523e-03 -1.052970e+01 -1.506393e-04 9.999992e-01 1.231760e-03 6.686572e-02 4.748613e-03 -1.231028e-03 9.999879e-01 1.988062e+01
9.999752e-01 -2.030850e-03 6.742799e-03 -1.115534e+01 2.039753e-03 9.999971e-01 -1.313233e-03 1.169744e-01 -6.740212e-03 1.326957e-03 9.999764e-01 1.784585e+01
9.999890e-01 8.452294e-05 -4.669990e-03 -1.179517e+01 -7.881282e-05 9.999992e-01 1.222232e-03 1.687536e-01 4.669990e-03 -1.221848e-03 9.999883e-01 1.572973e+01
9.999782e-01 -1.831374e-03 6.331081e-03 -1.234428e+01 1.839425e-03 9.999975e-01 -1.265600e-03 2.130551e-01 -6.328847e-03 1.277221e-03 9.999791e-01 1.389736e+01
9.999874e-01 2.213097e-04 -4.999055e-03 -1.286493e+01 -2.152427e-04 9.999992e-01 1.213479e-03 2.549477e-01 4.999220e-03 -1.212384e-03 9.999867e-01 1.216866e+01
9.999770e-01 -1.951400e-03 6.482478e-03 -1.341871e+01 1.959721e-03 9.999973e-01 -1.276873e-03 2.997520e-01 -6.480068e-03 1.289551e-03 9.999781e-01 1.032027e+01
9.999864e-01 3.423143e-04 -5.198170e-03 -1.392068e+01 -3.358937e-04 9.999992e-01 1.235321e-03 3.405349e-01 5.198489e-03 -1.233555e-03 9.999857e-01 8.620679e+00
9.999749e-01 -2.154307e-03 6.747743e-03 -1.453058e+01 2.163436e-03 9.999968e-01 -1.345350e-03 3.898722e-01 -6.744923e-03 1.359919e-03 9.999763e-01 6.612075e+00
9.999880e-01 7.420713e-05 -4.884804e-03 -1.518173e+01 -6.810910e-05 9.999992e-01 1.247784e-03 4.439050e-01 4.884793e-03 -1.247433e-03 9.999872e-01 4.375668e+00
9.999795e-01 -1.794957e-03 6.143461e-03 -1.567033e+01 1.803012e-03 9.999975e-01 -1.305357e-03 4.852022e-01 -6.141203e-03 1.316410e-03 9.999802e-01 2.610550e+00
9.999860e-01 4.095954e-04 -5.258723e-03 -1.607407e+01 -4.028919e-04 9.999991e-01 1.275035e-03 5.186465e-01 5.259141e-03 -1.272895e-03 9.999853e-01 1.178828e+00
9.999804e-01 -1.697521e-03 6.011716e-03 -1.642609e+01 1.705281e-03 9.999977e-01 -1.285197e-03 5.479952e-01 -6.009621e-03 1.295428e-03 9.999811e-01 -1.031636e-01
9.999858e-01 4.464449e-04 -5.303872e-03 -1.679005e+01 -4.397650e-04 9.999991e-01 1.259799e-03 5.780074e-01 5.304330e-03 -1.257445e-03 9.999851e-01 -1.395620e+00
9.999771e-01 -2.004268e-03 6.459283e-03 -1.727218e+01 2.012855e-03 9.999971e-01 -1.322570e-03 6.175518e-01 -6.456713e-03 1.335545e-03 9.999782e-01 -3.051564e+00
9.999856e-01 4.652015e-04 -5.331907e-03 -1.773249e+01 -4.583172e-04 9.999991e-01 1.291537e-03 6.553907e-01 5.332403e-03 -1.289071e-03 9.999849e-01 -4.649864e+00
9.999807e-01 -1.675382e-03 5.976320e-03 -1.805295e+01 1.683085e-03 9.999978e-01 -1.283298e-03 6.820487e-01 -5.974257e-03 1.293336e-03 9.999813e-01 -5.827660e+00
9.999845e-01 6.176668e-04 -5.520218e-03 -1.832769e+01 -6.105064e-04 9.999990e-01 1.297958e-03 7.048965e-01 5.520914e-03 -1.294563e-03 9.999839e-01 -6.852742e+00
9.999799e-01 -1.753135e-03 6.086402e-03 -1.862340e+01 1.761047e-03 9.999976e-01 -1.294061e-03 7.296520e-01 -6.084219e-03 1.304758e-03 9.999806e-01 -7.957705e+00
9.999858e-01 4.674076e-04 -5.296932e-03 -1.898819e+01 -4.606840e-04 9.999991e-01 1.269691e-03 7.599996e-01 5.297421e-03 -1.267228e-03 9.999851e-01 -9.272188e+00
9.999789e-01 -1.868619e-03 6.218262e-03 -1.935911e+01 1.876653e-03 9.999974e-01 -1.285721e-03 7.914965e-01 -6.215943e-03 1.297368e-03 9.999798e-01 -1.065553e+01
9.999840e-01 7.140537e-04 -5.608009e-03 -1.963948e+01 -7.067032e-04 9.999989e-01 1.311801e-03 8.153596e-01 5.608839e-03 -1.307812e-03 9.999834e-01 -1.174133e+01
9.999828e-01 -1.519927e-03 5.660899e-03 -1.979586e+01 1.527037e-03 9.999981e-01 -1.251059e-03 8.288417e-01 -5.659086e-03 1.259687e-03 9.999831e-01 -1.241960e+01
9.999834e-01 8.105277e-04 -5.697362e-03 -1.992693e+01 -8.029963e-04 9.999988e-01 1.323280e-03 8.399944e-01 5.698328e-03 -1.318679e-03 9.999828e-01 -1.300032e+01
9.999838e-01 -1.372634e-03 5.506347e-03 -1.999379e+01 1.379545e-03 9.999983e-01 -1.250646e-03 8.455846e-01 -5.504721e-03 1.258227e-03 9.999840e-01 -1.336579e+01
9.999818e-01 9.858045e-04 -5.944296e-03 -2.000501e+01 -9.776727e-04 9.999986e-01 1.369987e-03 8.441456e-01 5.945538e-03 -1.364146e-03 9.999813e-01 -1.341934e+01
9.999846e-01 -1.267315e-03 5.396896e-03 -1.999407e+01 1.273852e-03 9.999985e-01 -1.206976e-03 8.383549e-01 -5.395458e-03 1.213837e-03 9.999847e-01 -1.324968e+01
9.999779e-01 1.093869e-03 -6.552046e-03 -1.996768e+01 -1.084904e-03 9.999985e-01 1.370959e-03 8.302119e-01 6.553436e-03 -1.363816e-03 9.999775e-01 -1.294678e+01
9.999801e-01 -1.457843e-03 6.125004e-03 -1.997700e+01 1.465553e-03 9.999981e-01 -1.253650e-03 8.287909e-01 -6.123265e-03 1.262606e-03 9.999804e-01 -1.300078e+01
9.999800e-01 9.029211e-04 -6.247560e-03 -2.005141e+01 -8.947157e-04 9.999987e-01 1.315304e-03 8.349759e-01 6.248640e-03 -1.309683e-03 9.999796e-01 -1.338375e+01
9.999802e-01 -1.557161e-03 6.087195e-03 -2.015375e+01 1.564766e-03 9.999980e-01 -1.243883e-03 8.439470e-01 -6.085345e-03 1.253389e-03 9.999807e-01 -1.388308e+01
9.999788e-01 1.143978e-03 -6.406826e-03 -2.017441e+01 -1.135363e-03 9.999984e-01 1.347331e-03 8.446951e-01 6.408258e-03 -1.340024e-03 9.999785e-01 -1.404953e+01
9.999802e-01 -1.505341e-03 6.096267e-03 -2.018965e+01 1.512975e-03 9.999981e-01 -1.246957e-03 8.446629e-01 -6.094478e-03 1.256160e-03 9.999806e-01 -1.417216e+01
9.999795e-01 1.082445e-03 -6.298325e-03 -2.022601e+01 -1.074099e-03 9.999985e-01 1.327599e-03 8.470532e-01 6.299653e-03 -1.320802e-03 9.999792e-01 -1.440121e+01
9.999796e-01 -1.690146e-03 6.157168e-03 -2.033169e+01 1.697867e-03 9.999978e-01 -1.248178e-03 8.556744e-01 -6.155145e-03 1.258612e-03 9.999802e-01 -1.487116e+01
9.999798e-01 1.028165e-03 -6.257686e-03 -2.045189e+01 -1.019856e-03 9.999986e-01 1.330077e-03 8.656500e-01 6.258945e-03 -1.323663e-03 9.999795e-01 -1.539912e+01
9.999801e-01 -1.619305e-03 6.096334e-03 -2.055490e+01 1.626958e-03 9.999979e-01 -1.249708e-03 8.738774e-01 -6.094398e-03 1.259606e-03 9.999806e-01 -1.584834e+01
9.999796e-01 1.062907e-03 -6.295821e-03 -2.064636e+01 -1.054511e-03 9.999986e-01 1.335930e-03 8.809681e-01 6.297132e-03 -1.329259e-03 9.999792e-01 -1.625012e+01
9.999800e-01 -1.599871e-03 6.113266e-03 -2.072315e+01 1.607612e-03 9.999979e-01 -1.260792e-03 8.870704e-01 -6.111336e-03 1.270600e-03 9.999805e-01 -1.662198e+01
9.999817e-01 8.184418e-04 -5.984498e-03 -2.089573e+01 -8.106439e-04 9.999988e-01 1.304497e-03 9.015076e-01 5.985458e-03 -1.299617e-03 9.999812e-01 -1.732177e+01
9.999808e-01 -1.648869e-03 5.971981e-03 -2.106621e+01 1.656277e-03 9.999979e-01 -1.234882e-03 9.158049e-01 -5.970031e-03 1.244755e-03 9.999814e-01 -1.802001e+01
9.999788e-01 1.052728e-03 -6.420623e-03 -2.115968e+01 -1.044263e-03 9.999986e-01 1.320896e-03 9.230177e-01 6.421905e-03 -1.314158e-03 9.999785e-01 -1.841733e+01
9.999809e-01 -1.587637e-03 5.972332e-03 -2.123702e+01 1.595062e-03 9.999980e-01 -1.237809e-03 9.282772e-01 -5.970455e-03 1.247316e-03 9.999814e-01 -1.872641e+01
9.999763e-01 1.171989e-03 -6.773736e-03 -2.124856e+01 -1.162486e-03 9.999983e-01 1.405950e-03 9.258475e-01 6.775273e-03 -1.398038e-03 9.999760e-01 -1.870631e+01
9.999822e-01 -1.373694e-03 5.793913e-03 -2.122113e+01 1.380868e-03 9.999983e-01 -1.233463e-03 9.175779e-01 -5.792308e-03 1.241447e-03 9.999824e-01 -1.841164e+01
9.999770e-01 1.100898e-03 -6.681421e-03 -2.119931e+01 -1.091648e-03 9.999984e-01 1.387223e-03 9.115534e-01 6.682838e-03 -1.379893e-03 9.999767e-01 -1.824341e+01
9.999787e-01 -1.521068e-03 6.340984e-03 -2.121712e+01 1.529249e-03 9.999980e-01 -1.284595e-03 9.123716e-01 -6.339117e-03 1.294270e-03 9.999790e-01 -1.842526e+01
9.999767e-01 1.042008e-03 -6.739893e-03 -2.122315e+01 -1.032610e-03 9.999985e-01 1.397010e-03 9.131409e-01 6.741239e-03 -1.390013e-03 9.999763e-01 -1.864110e+01
9.999774e-01 -1.349598e-03 6.571291e-03 -2.118728e+01 1.357772e-03 9.999983e-01 -1.238855e-03 9.067060e-01 -6.569707e-03 1.247755e-03 9.999776e-01 -1.852169e+01
9.999778e-01 1.224722e-03 -6.535264e-03 -2.113059e+01 -1.215061e-03 9.999982e-01 1.481315e-03 8.941532e-01 6.536967e-03 -1.473337e-03 9.999775e-01 -1.809006e+01
9.999750e-01 -1.350860e-03 6.934535e-03 -2.106907e+01 1.359750e-03 9.999983e-01 -1.276731e-03 8.799680e-01 -6.932898e-03 1.286133e-03 9.999751e-01 -1.757762e+01
9.999757e-01 1.210793e-03 -6.852896e-03 -2.100876e+01 -1.200698e-03 9.999982e-01 1.476205e-03 8.654475e-01 6.854571e-03 -1.467936e-03 9.999754e-01 -1.703753e+01
9.999769e-01 -1.364021e-03 6.644221e-03 -2.094672e+01 1.372417e-03 9.999983e-01 -1.258420e-03 8.518460e-01 -6.642593e-03 1.267515e-03 9.999771e-01 -1.654782e+01
9.999789e-01 1.212424e-03 -6.375791e-03 -2.088473e+01 -1.202972e-03 9.999982e-01 1.485209e-03 8.407487e-01 6.377480e-03 -1.477503e-03 9.999785e-01 -1.621655e+01
9.999785e-01 -1.340634e-03 6.417477e-03 -2.081864e+01 1.348638e-03 9.999983e-01 -1.242316e-03 8.277678e-01 -6.415900e-03 1.250950e-03 9.999786e-01 -1.578432e+01
9.999767e-01 1.186071e-03 -6.707697e-03 -2.075797e+01 -1.176470e-03 9.999983e-01 1.434218e-03 8.158688e-01 6.709287e-03 -1.426288e-03 9.999764e-01 -1.539429e+01
9.999802e-01 -1.382200e-03 6.126235e-03 -2.071048e+01 1.389838e-03 9.999983e-01 -1.241788e-03 8.047827e-01 -6.124608e-03 1.250283e-03 9.999804e-01 -1.501748e+01
9.999728e-01 1.179863e-03 -7.270737e-03 -2.066630e+01 -1.169545e-03 9.999983e-01 1.422443e-03 7.935488e-01 7.272303e-03 -1.413895e-03 9.999725e-01 -1.460915e+01
9.999798e-01 -1.336236e-03 6.212949e-03 -2.061999e+01 1.343701e-03 9.999984e-01 -1.196511e-03 7.815796e-01 -6.211440e-03 1.204841e-03 9.999799e-01 -1.415515e+01
9.999693e-01 1.157931e-03 -7.747432e-03 -2.058258e+01 -1.147074e-03 9.999984e-01 1.405046e-03 7.696898e-01 7.748946e-03 -1.396111e-03 9.999690e-01 -1.367068e+01
9.999699e-01 -1.596546e-03 7.582744e-03 -2.063733e+01 1.606636e-03 9.999978e-01 -1.324022e-03 7.730701e-01 -7.580713e-03 1.336171e-03 9.999703e-01 -1.391021e+01
9.999718e-01 7.745462e-04 -7.456366e-03 -2.083083e+01 -7.643816e-04 9.999988e-01 1.365223e-03 7.890967e-01 7.457314e-03 -1.359480e-03 9.999712e-01 -1.466985e+01
9.999687e-01 -1.692392e-03 7.723678e-03 -2.107093e+01 1.702796e-03 9.999977e-01 -1.339940e-03 8.086081e-01 -7.721492e-03 1.353056e-03 9.999692e-01 -1.555470e+01
9.999718e-01 7.662162e-04 -7.459697e-03 -2.132027e+01 -7.560226e-04 9.999988e-01 1.368459e-03 8.287615e-01 7.460636e-03 -1.362775e-03 9.999712e-01 -1.645929e+01
9.999692e-01 -1.657915e-03 7.660470e-03 -2.154055e+01 1.668132e-03 9.999977e-01 -1.326731e-03 8.467418e-01 -7.658352e-03 1.339475e-03 9.999697e-01 -1.728819e+01
9.999718e-01 7.725031e-04 -7.464148e-03 -2.176806e+01 -7.623422e-04 9.999988e-01 1.363268e-03 8.652568e-01 7.465092e-03 -1.357534e-03 9.999712e-01 -1.813334e+01
9.999684e-01 -1.746137e-03 7.748660e-03 -2.203274e+01 1.756660e-03 9.999975e-01 -1.350692e-03 8.868445e-01 -7.746383e-03 1.364267e-03 9.999690e-01 -1.909491e+01
9.999736e-01 6.253680e-04 -7.227276e-03 -2.235375e+01 -6.155808e-04 9.999989e-01 1.355535e-03 9.129779e-01 7.228016e-03 -1.351044e-03 9.999729e-01 -2.023084e+01
9.999700e-01 -1.595966e-03 7.568481e-03 -2.261221e+01 1.606066e-03 9.999978e-01 -1.327808e-03 9.338814e-01 -7.566445e-03 1.339929e-03 9.999704e-01 -2.116760e+01
9.999732e-01 6.955019e-04 -7.286997e-03 -2.285189e+01 -6.855694e-04 9.999988e-01 1.364638e-03 9.530926e-01 7.287838e-03 -1.359600e-03 9.999725e-01 -2.203472e+01
9.999689e-01 -1.687871e-03 7.703638e-03 -2.313704e+01 1.698374e-03 9.999976e-01 -1.356182e-03 9.759011e-01 -7.701431e-03 1.369229e-03 9.999694e-01 -2.303332e+01
9.999731e-01 7.103482e-04 -7.295796e-03 -2.341094e+01 -7.001922e-04 9.999988e-01 1.393669e-03 9.976041e-01 7.296677e-03 -1.388517e-03 9.999724e-01 -2.398853e+01
9.999660e-01 -1.896472e-03 8.012572e-03 -2.379962e+01 1.908008e-03 9.999972e-01 -1.431572e-03 1.028435e+00 -8.009934e-03 1.446817e-03 9.999668e-01 -2.527563e+01
9.999740e-01 5.607009e-04 -7.176003e-03 -2.417373e+01 -5.503294e-04 9.999988e-01 1.446346e-03 1.059208e+00 7.176705e-03 -1.442353e-03 9.999732e-01 -2.660692e+01
9.999713e-01 -1.447662e-03 7.430604e-03 -2.440476e+01 1.458173e-03 9.999979e-01 -1.408478e-03 1.077696e+00 -7.428649e-03 1.419279e-03 9.999714e-01 -2.744794e+01
9.999731e-01 6.231112e-04 -7.300352e-03 -2.460993e+01 -6.124947e-04 9.999988e-01 1.455538e-03 1.094233e+00 7.301151e-03 -1.451021e-03 9.999722e-01 -2.821594e+01
9.999702e-01 -1.546467e-03 7.551384e-03 -2.486598e+01 1.557384e-03 9.999978e-01 -1.439207e-03 1.114798e+00 -7.549242e-03 1.450931e-03 9.999704e-01 -2.912993e+01
9.999755e-01 4.030087e-04 -6.984477e-03 -2.518637e+01 -3.928938e-04 9.999989e-01 1.448603e-03 1.141007e+00 6.984953e-03 -1.445817e-03 9.999745e-01 -3.027462e+01
9.999721e-01 -1.418320e-03 7.331357e-03 -2.544339e+01 1.428767e-03 9.999980e-01 -1.419085e-03 1.162236e+00 -7.329429e-03 1.429527e-03 9.999721e-01 -3.123701e+01
9.999725e-01 6.719924e-04 -7.375125e-03 -2.562785e+01 -6.612168e-04 9.999987e-01 1.462548e-03 1.177038e+00 7.375999e-03 -1.457625e-03 9.999717e-01 -3.193026e+01
9.999690e-01 -1.644376e-03 7.698907e-03 -2.588935e+01 1.655563e-03 9.999976e-01 -1.446134e-03 1.198350e+00 -7.696610e-03 1.458842e-03 9.999693e-01 -3.288341e+01
9.999733e-01 6.190906e-04 -7.276146e-03 -2.616915e+01 -6.084149e-04 9.999987e-01 1.468447e-03 1.221122e+00 7.276946e-03 -1.463975e-03 9.999724e-01 -3.389299e+01
9.999673e-01 -1.757422e-03 7.887070e-03 -2.650213e+01 1.769130e-03 9.999973e-01 -1.476850e-03 1.248098e+00 -7.884553e-03 1.490762e-03 9.999678e-01 -3.505802e+01
9.999741e-01 5.447880e-04 -7.175753e-03 -2.685101e+01 -5.341728e-04 9.999988e-01 1.480216e-03 1.276553e+00 7.176451e-03 -1.476338e-03 9.999731e-01 -3.628756e+01
9.999684e-01 -1.673293e-03 7.762007e-03 -2.715846e+01 1.684773e-03 9.999975e-01 -1.471840e-03 1.301812e+00 -7.759625e-03 1.484878e-03 9.999687e-01 -3.740101e+01
9.999733e-01 6.073360e-04 -7.276066e-03 -2.743017e+01 -5.963921e-04 9.999987e-01 1.505240e-03 1.324346e+00 7.276871e-03 -1.500854e-03 9.999723e-01 -3.841799e+01
9.999711e-01 -1.443679e-03 7.453797e-03 -2.763011e+01 1.454627e-03 9.999979e-01 -1.462698e-03 1.340677e+00 -7.451769e-03 1.473505e-03 9.999711e-01 -3.918506e+01
9.999754e-01 4.211645e-04 -7.000757e-03 -2.790949e+01 -4.108736e-04 9.999988e-01 1.470365e-03 1.363593e+00 7.001268e-03 -1.467446e-03 9.999744e-01 -4.020265e+01
9.999699e-01 -1.575733e-03 7.596336e-03 -2.821435e+01 1.586936e-03 9.999977e-01 -1.468018e-03 1.389052e+00 -7.594105e-03 1.480035e-03 9.999700e-01 -4.133460e+01
9.999742e-01 5.481428e-04 -7.159411e-03 -2.849020e+01 -5.375031e-04 9.999987e-01 1.486983e-03 1.411664e+00 7.160117e-03 -1.483090e-03 9.999732e-01 -4.234280e+01
9.999700e-01 -1.520843e-03 7.589239e-03 -2.875576e+01 1.531983e-03 9.999978e-01 -1.461309e-03 1.432937e+00 -7.587099e-03 1.472899e-03 9.999701e-01 -4.328898e+01
9.999748e-01 4.780897e-04 -7.073538e-03 -2.904793e+01 -4.676944e-04 9.999988e-01 1.470192e-03 1.456691e+00 7.074132e-03 -1.466840e-03 9.999739e-01 -4.433488e+01
9.999681e-01 -1.699784e-03 7.802845e-03 -2.939479e+01 1.711369e-03 9.999974e-01 -1.477292e-03 1.485112e+00 -7.800413e-03 1.490606e-03 9.999684e-01 -4.556721e+01
9.999728e-01 7.014550e-04 -7.332006e-03 -2.966751e+01 -6.904033e-04 9.999986e-01 1.508767e-03 1.507054e+00 7.332954e-03 -1.503657e-03 9.999719e-01 -4.654170e+01
9.999668e-01 -1.803282e-03 7.941306e-03 -3.000103e+01 1.815403e-03 9.999972e-01 -1.518487e-03 1.533714e+00 -7.938645e-03 1.532860e-03 9.999673e-01 -4.768406e+01
9.999758e-01 4.151079e-04 -6.941191e-03 -3.042182e+01 -4.047371e-04 9.999988e-01 1.494389e-03 1.568008e+00 6.941703e-03 -1.491536e-03 9.999747e-01 -4.913576e+01
9.999669e-01 -1.821339e-03 7.919722e-03 -3.081495e+01 1.833389e-03 9.999972e-01 -1.513546e-03 1.600790e+00 -7.917042e-03 1.528023e-03 9.999674e-01 -5.055436e+01
9.999747e-01 5.413008e-04 -7.091324e-03 -3.116842e+01 -5.306152e-04 9.999987e-01 1.507612e-03 1.630247e+00 7.092031e-03 -1.503803e-03 9.999737e-01 -5.184060e+01
9.999649e-01 -1.991590e-03 8.134720e-03 -3.159882e+01 2.004386e-03 9.999968e-01 -1.564189e-03 1.666024e+00 -8.131678e-03 1.580447e-03 9.999656e-01 -5.336418e+01
9.999762e-01 3.917353e-04 -6.886499e-03 -3.206016e+01 -3.811055e-04 9.999987e-01 1.543732e-03 1.704330e+00 6.886996e-03 -1.541063e-03 9.999750e-01 -5.499849e+01
9.999681e-01 -1.710656e-03 7.794552e-03 -3.247018e+01 1.722965e-03 9.999973e-01 -1.571727e-03 1.737271e+00 -7.791942e-03 1.585115e-03 9.999683e-01 -5.638471e+01
9.999775e-01 2.999042e-04 -6.694476e-03 -3.290102e+01 -2.895060e-04 9.999988e-01 1.553013e-03 1.772156e+00 6.694834e-03 -1.551032e-03 9.999763e-01 -5.785529e+01
9.999694e-01 -1.640268e-03 7.641778e-03 -3.329401e+01 1.652370e-03 9.999974e-01 -1.576570e-03 1.804278e+00 -7.639272e-03 1.589156e-03 9.999695e-01 -5.923045e+01
9.999753e-01 4.737488e-04 -6.999270e-03 -3.362950e+01 -4.627481e-04 9.999987e-01 1.572115e-03 1.831708e+00 6.999905e-03 -1.568830e-03 9.999742e-01 -6.042050e+01
9.999684e-01 -1.716334e-03 7.759565e-03 -3.397807e+01 1.728661e-03 9.999973e-01 -1.581124e-03 1.860462e+00 -7.756930e-03 1.594495e-03 9.999686e-01 -6.167163e+01
9.999741e-01 5.645893e-04 -7.162850e-03 -3.428713e+01 -5.531525e-04 9.999986e-01 1.597450e-03 1.886050e+00 7.163642e-03 -1.593439e-03 9.999730e-01 -6.280434e+01
9.999698e-01 -1.603612e-03 7.604152e-03 -3.455999e+01 1.615760e-03 9.999974e-01 -1.590578e-03 1.908722e+00 -7.601681e-03 1.602825e-03 9.999698e-01 -6.382165e+01
9.999743e-01 5.426110e-04 -7.145049e-03 -3.484820e+01 -5.311235e-04 9.999986e-01 1.608434e-03 1.932335e+00 7.145812e-03 -1.604589e-03 9.999731e-01 -6.486796e+01
9.999700e-01 -1.567479e-03 7.575772e-03 -3.511662e+01 1.579566e-03 9.999975e-01 -1.588720e-03 1.954400e+00 -7.573363e-03 1.600647e-03 9.999700e-01 -6.585897e+01
9.999740e-01 5.741883e-04 -7.175937e-03 -3.538598e+01 -5.626765e-04 9.999986e-01 1.605015e-03 1.976395e+00 7.176749e-03 -1.600928e-03 9.999729e-01 -6.683974e+01
9.999704e-01 -1.523537e-03 7.529698e-03 -3.562481e+01 1.535438e-03 9.999976e-01 -1.573790e-03 1.995991e+00 -7.527382e-03 1.585313e-03 9.999704e-01 -6.773635e+01
9.999748e-01 5.190780e-04 -7.075727e-03 -3.592051e+01 -5.079259e-04 9.999986e-01 1.576659e-03 2.019650e+00 7.076436e-03 -1.573017e-03 9.999737e-01 -6.876544e+01
9.999710e-01 -1.477717e-03 7.470481e-03 -3.614800e+01 1.489175e-03 9.999977e-01 -1.527284e-03 2.038423e+00 -7.468307e-03 1.538373e-03 9.999709e-01 -6.963782e+01
9.999741e-01 5.509620e-04 -7.175019e-03 -3.639963e+01 -5.399077e-04 9.999987e-01 1.541364e-03 2.058918e+00 7.175759e-03 -1.537442e-03 9.999730e-01 -7.055615e+01
9.999684e-01 -1.670900e-03 7.760473e-03 -3.669999e+01 1.682831e-03 9.999974e-01 -1.530039e-03 2.083668e+00 -7.757996e-03 1.543059e-03 9.999687e-01 -7.165306e+01
9.999717e-01 7.651856e-04 -7.475477e-03 -3.691593e+01 -7.534212e-04 9.999985e-01 1.575300e-03 2.101583e+00 7.476571e-03 -1.569615e-03 9.999708e-01 -7.249019e+01
9.999697e-01 -1.583540e-03 7.618147e-03 -3.711536e+01 1.595299e-03 9.999975e-01 -1.536686e-03 2.117833e+00 -7.615794e-03 1.548802e-03 9.999698e-01 -7.325161e+01
9.999722e-01 7.248994e-04 -7.418767e-03 -3.732405e+01 -7.131664e-04 9.999985e-01 1.582909e-03 2.134904e+00 7.419803e-03 -1.577565e-03 9.999712e-01 -7.404730e+01
9.999689e-01 -1.647801e-03 7.704780e-03 -3.757094e+01 1.659867e-03 9.999974e-01 -1.558687e-03 2.154835e+00 -7.702292e-03 1.571437e-03 9.999691e-01 -7.494310e+01
9.999735e-01 6.257656e-04 -7.249975e-03 -3.787835e+01 -6.143535e-04 9.999986e-01 1.575030e-03 2.179075e+00 7.250850e-03 -1.570526e-03 9.999724e-01 -7.598603e+01
9.999676e-01 -1.713622e-03 7.857195e-03 -3.821583e+01 1.725958e-03 9.999973e-01 -1.562412e-03 2.205412e+00 -7.854596e-03 1.575931e-03 9.999679e-01 -7.710377e+01
9.999775e-01 3.533271e-04 -6.688864e-03 -3.870143e+01 -3.430322e-04 9.999988e-01 1.538898e-03 2.242642e+00 6.689300e-03 -1.536561e-03 9.999764e-01 -7.860070e+01
9.999575e-01 -1.802671e-03 9.041233e-03 -3.925047e+01 1.815493e-03 9.999974e-01 -1.409172e-03 2.283980e+00 -9.038769e-03 1.425536e-03 9.999581e-01 -8.023135e+01
9.999726e-01 5.633089e-04 -7.380568e-03 -3.970598e+01 -5.521109e-04 9.999987e-01 1.517978e-03 2.318203e+00 7.381314e-03 -1.513853e-03 9.999716e-01 -8.160072e+01
9.999499e-01 -1.963701e-03 9.808965e-03 -4.025998e+01 1.977699e-03 9.999970e-01 -1.416677e-03 2.359479e+00 -9.806254e-03 1.436014e-03 9.999508e-01 -8.321060e+01
9.999726e-01 4.258190e-04 -7.386088e-03 -4.085264e+01 -4.145802e-04 9.999988e-01 1.521869e-03 2.404246e+00 7.386627e-03 -1.518757e-03 9.999715e-01 -8.496631e+01
9.999449e-01 -2.018647e-03 1.029918e-02 -4.148579e+01 2.033298e-03 9.999969e-01 -1.411353e-03 2.451767e+00 -1.029639e-02 1.432226e-03 9.999459e-01 -8.680985e+01
9.999753e-01 3.980018e-04 -7.004737e-03 -4.213740e+01 -3.869130e-04 9.999987e-01 1.583045e-03 2.500588e+00 7.005259e-03 -1.580287e-03 9.999742e-01 -8.869627e+01
9.999336e-01 -1.727117e-03 1.138763e-02 -4.267983e+01 1.742448e-03 9.999976e-01 -1.335709e-03 2.540303e+00 -1.138539e-02 1.355472e-03 9.999342e-01 -9.022425e+01
9.999772e-01 4.367135e-04 -6.736052e-03 -4.322904e+01 -4.261110e-04 9.999987e-01 1.573990e-03 2.580137e+00 6.736631e-03 -1.571074e-03 9.999760e-01 -9.174541e+01
9.999510e-01 -1.683253e-03 9.748946e-03 -4.369215e+01 1.696739e-03 9.999976e-01 -1.374232e-03 2.614617e+00 -9.746709e-03 1.390716e-03 9.999515e-01 -9.311695e+01
9.999609e-01 3.735716e-04 -8.834389e-03 -4.411697e+01 -3.618095e-04 9.999990e-01 1.331909e-03 2.648729e+00 8.834778e-03 -1.328651e-03 9.999600e-01 -9.453997e+01
9.999500e-01 -1.738950e-03 9.845911e-03 -4.447692e+01 1.752014e-03 9.999976e-01 -1.317390e-03 2.678832e+00 -9.843696e-03 1.334584e-03 9.999506e-01 -9.586303e+01
9.999519e-01 9.746674e-04 -9.755551e-03 -4.462729e+01 -9.611944e-04 9.999986e-01 1.384687e-03 2.691776e+00 9.756787e-03 -1.375234e-03 9.999514e-01 -9.651993e+01
9.999515e-01 -1.627658e-03 9.703582e-03 -4.473386e+01 1.640599e-03 9.999978e-01 -1.324850e-03 2.701414e+00 -9.701504e-03 1.340715e-03 9.999520e-01 -9.705517e+01
9.999543e-01 8.213142e-04 -9.524514e-03 -4.489974e+01 -8.082870e-04 9.999987e-01 1.370535e-03 2.715887e+00 9.525528e-03 -1.362764e-03 9.999537e-01 -9.777228e+01
9.999488e-01 -1.797851e-03 9.954110e-03 -4.513383e+01 1.811384e-03 9.999974e-01 -1.349640e-03 2.735744e+00 -9.951758e-03 1.367612e-03 9.999495e-01 -9.869389e+01
9.999561e-01 6.394525e-04 -9.348460e-03 -4.542003e+01 -6.267451e-04 9.999989e-01 1.361145e-03 2.760368e+00 9.349221e-03 -1.355216e-03 9.999553e-01 -9.981375e+01
9.999543e-01 -1.419666e-03 9.445290e-03 -4.554817e+01 1.432106e-03 9.999981e-01 -1.309412e-03 2.772481e+00 -9.443512e-03 1.322888e-03 9.999545e-01 -1.004655e+02
9.999560e-01 7.505926e-04 -9.342039e-03 -4.566068e+01 -7.380974e-04 9.999988e-01 1.339869e-03 2.782923e+00 9.342935e-03 -1.332905e-03 9.999554e-01 -1.010440e+02
9.999560e-01 -1.524831e-03 9.245391e-03 -4.578914e+01 1.536874e-03 9.999980e-01 -1.294513e-03 2.795114e+00 -9.243498e-03 1.308675e-03 9.999564e-01 -1.016957e+02
9.999580e-01 6.875471e-04 -9.135764e-03 -4.595808e+01 -6.753099e-04 9.999989e-01 1.341433e-03 2.810008e+00 9.136576e-03 -1.335197e-03 9.999573e-01 -1.024351e+02
9.999541e-01 -1.643967e-03 9.431632e-03 -4.616621e+01 1.656393e-03 9.999978e-01 -1.308728e-03 2.828162e+00 -9.429559e-03 1.324300e-03 9.999546e-01 -1.033034e+02
9.999613e-01 5.338013e-04 -8.779687e-03 -4.648215e+01 -5.222365e-04 9.999990e-01 1.318344e-03 2.853777e+00 8.780283e-03 -1.313697e-03 9.999605e-01 -1.044181e+02
9.999513e-01 -1.758901e-03 9.701117e-03 -4.685495e+01 1.771804e-03 9.999976e-01 -1.320594e-03 2.883449e+00 -9.698870e-03 1.337729e-03 9.999520e-01 -1.056781e+02
9.999594e-01 6.150245e-04 -8.979597e-03 -4.714518e+01 -6.028574e-04 9.999989e-01 1.356511e-03 2.907625e+00 8.980322e-03 -1.351032e-03 9.999587e-01 -1.067661e+02
9.999490e-01 -1.550051e-03 9.975262e-03 -4.740537e+01 1.562856e-03 9.999980e-01 -1.274947e-03 2.928043e+00 -9.973364e-03 1.290483e-03 9.999494e-01 -1.076732e+02
9.999546e-01 6.372095e-04 -9.502690e-03 -4.761114e+01 -6.247689e-04 9.999989e-01 1.311030e-03 2.945645e+00 9.503416e-03 -1.305023e-03 9.999539e-01 -1.085144e+02
9.999466e-01 -1.726113e-03 1.018573e-02 -4.791637e+01 1.739501e-03 9.999976e-01 -1.304663e-03 2.970337e+00 -1.018355e-02 1.322322e-03 9.999472e-01 -1.095955e+02
9.999610e-01 4.099836e-04 -8.816920e-03 -4.837880e+01 -3.981350e-04 9.999990e-01 1.344407e-03 3.005645e+00 8.817364e-03 -1.340833e-03 9.999602e-01 -1.110234e+02
9.999489e-01 -1.692893e-03 9.957695e-03 -4.876576e+01 1.705993e-03 9.999977e-01 -1.306152e-03 3.036145e+00 -9.955561e-03 1.323084e-03 9.999495e-01 -1.123163e+02
9.999527e-01 8.365824e-04 -9.680838e-03 -4.895335e+01 -8.235253e-04 9.999987e-01 1.351608e-03 3.052067e+00 9.681857e-03 -1.343561e-03 9.999522e-01 -1.130860e+02
9.999494e-01 -1.629433e-03 9.924673e-03 -4.912564e+01 1.642506e-03 9.999978e-01 -1.308179e-03 3.066518e+00 -9.922619e-03 1.324425e-03 9.999498e-01 -1.137940e+02
9.999511e-01 8.946569e-04 -9.848362e-03 -4.924035e+01 -8.811959e-04 9.999987e-01 1.370034e-03 3.077425e+00 9.849475e-03 -1.361278e-03 9.999505e-01 -1.144011e+02
9.999514e-01 -1.519807e-03 9.735624e-03 -4.932917e+01 1.532793e-03 9.999979e-01 -1.325414e-03 3.085962e+00 -9.733689e-03 1.340283e-03 9.999517e-01 -1.149063e+02
9.999504e-01 9.740523e-04 -9.907631e-03 -4.936168e+01 -9.600857e-04 9.999985e-01 1.413289e-03 3.089527e+00 9.908893e-03 -1.403696e-03 9.999499e-01 -1.152340e+02
9.999507e-01 -1.585590e-03 9.801391e-03 -4.943494e+01 1.599026e-03 9.999978e-01 -1.362049e-03 3.096674e+00 -9.799309e-03 1.377665e-03 9.999510e-01 -1.156840e+02
9.999492e-01 1.004870e-03 -1.002735e-02 -4.947283e+01 -9.904904e-04 9.999985e-01 1.437876e-03 3.101335e+00 1.002868e-02 -1.427860e-03 9.999486e-01 -1.160676e+02
9.999503e-01 -1.504580e-03 9.846063e-03 -4.949296e+01 1.518060e-03 9.999979e-01 -1.360685e-03 3.104115e+00 -9.844095e-03 1.375576e-03 9.999505e-01 -1.163695e+02
9.999516e-01 8.433740e-04 -9.799842e-03 -4.960328e+01 -8.295258e-04 9.999987e-01 1.416019e-03 3.114024e+00 9.800924e-03 -1.407811e-03 9.999509e-01 -1.169181e+02
9.999523e-01 -1.319871e-03 9.675040e-03 -4.962531e+01 1.332876e-03 9.999982e-01 -1.336767e-03 3.116485e+00 -9.673358e-03 1.349610e-03 9.999523e-01 -1.172041e+02
9.999479e-01 8.988167e-04 -1.016187e-02 -4.961065e+01 -8.841203e-04 9.999986e-01 1.449591e-03 3.116044e+00 1.016306e-02 -1.440520e-03 9.999473e-01 -1.173913e+02
9.999504e-01 -1.506716e-03 9.838202e-03 -4.967372e+01 1.520546e-03 9.999979e-01 -1.397275e-03 3.123158e+00 -9.836175e-03 1.412176e-03 9.999506e-01 -1.178599e+02
9.999477e-01 7.794875e-04 -1.019593e-02 -4.976002e+01 -7.646790e-04 9.999986e-01 1.455173e-03 3.132878e+00 1.019695e-02 -1.447289e-03 9.999469e-01 -1.184479e+02
9.999501e-01 -1.475786e-03 9.873515e-03 -4.984755e+01 1.489796e-03 9.999979e-01 -1.410638e-03 3.142337e+00 -9.871512e-03 1.425289e-03 9.999502e-01 -1.190116e+02
9.999504e-01 6.933638e-04 -9.933694e-03 -4.998713e+01 -6.789185e-04 9.999987e-01 1.456390e-03 3.155318e+00 9.934591e-03 -1.449562e-03 9.999495e-01 -1.196905e+02
