9.999991e-01 -5.200369e-04 1.229546e-03 3.025765e-01 5.200390e-04 9.999999e-01 -1.309877e-06 -6.382915e-02 -1.229545e-03 1.949767e-06 9.999991e-01 1.451538e+00
9.999999e-01 -1.368157e-04 -5.035630e-04 8.830158e-01 1.371220e-04 9.999998e-01 6.082259e-04 -1.483918e-01 5.034799e-04 -6.082944e-04 9.999996e-01 3.502442e+00
9.999911e-01 -6.640456e-04 4.171161e-03 1.450871e+00 6.646520e-04 9.999998e-01 -1.439795e-04 -2.366500e-01 -4.171063e-03 1.467511e-04 9.999912e-01 5.630349e+00
9.999995e-01 -1.844804e-05 -1.013877e-03 1.793445e+00 1.857065e-05 1.000000e+00 1.209048e-04 -3.094411e-01 1.013876e-03 -1.209230e-04 9.999994e-01 7.310249e+00
9.999966e-01 -6.123690e-04 2.537289e-03 2.123925e+00 6.129455e-04 9.999998e-01 -2.264353e-04 -3.795678e-01 -2.537149e-03 2.279903e-04 9.999967e-01 8.923154e+00
9.999997e-01 -1.585032e-05 -8.163161e-04 2.475965e+00 1.603019e-05 1.000000e+00 2.203199e-04 -4.502011e-01 8.163138e-04 -2.203323e-04 9.999995e-01 1.056094e+01
9.999976e-01 -5.295197e-04 2.105480e-03 2.803467e+00 5.299359e-04 9.999998e-01 -1.970905e-04 -5.160232e-01 -2.105374e-03 1.982064e-04 9.999977e-01 1.207597e+01
9.999998e-01 -1.140826e-06 -6.299143e-04 3.093122e+00 1.247411e-06 1.000000e+00 1.691833e-04 -5.764822e-01 6.299156e-04 -1.691834e-04 9.999997e-01 1.345404e+01
9.999972e-01 -5.099723e-04 2.320520e-03 3.365832e+00 5.104087e-04 9.999999e-01 -1.874651e-04 -6.338286e-01 -2.320423e-03 1.886495e-04 9.999972e-01 1.475182e+01
9.999995e-01 3.632192e-05 -1.016036e-03 3.633177e+00 -3.617210e-05 1.000000e+00 1.474641e-04 -6.907290e-01 1.016043e-03 -1.474267e-04 9.999994e-01 1.603309e+01
9.999975e-01 -5.052647e-04 2.191104e-03 3.891459e+00 5.056830e-04 9.999999e-01 -1.903558e-04 -7.450912e-01 -2.191006e-03 1.914639e-04 9.999975e-01 1.725592e+01
9.999990e-01 5.163368e-05 -1.427080e-03 4.162820e+00 -5.136001e-05 1.000000e+00 1.917978e-04 -7.999508e-01 1.427092e-03 -1.917237e-04 9.999989e-01 1.849666e+01
9.999964e-01 -5.533248e-04 2.615391e-03 4.443943e+00 5.539832e-04 9.999998e-01 -2.510450e-04 -8.596261e-01 -2.615250e-03 2.524935e-04 9.999964e-01 1.984247e+01
9.999990e-01 1.880621e-05 -1.439221e-03 4.735251e+00 -1.851204e-05 1.000000e+00 2.044002e-04 -9.171627e-01 1.439227e-03 -2.043728e-04 9.999988e-01 2.115158e+01
9.999905e-01 -5.904267e-04 4.328113e-03 5.023437e+00 5.914308e-04 9.999998e-01 -2.307326e-04 -9.787606e-01 -4.327973e-03 2.332908e-04 9.999905e-01 2.254503e+01
9.999972e-01 7.001195e-05 -2.344742e-03 5.299204e+00 -6.950086e-05 1.000000e+00 2.180485e-04 -1.035059e+00 2.344760e-03 -2.178844e-04 9.999971e-01 2.382360e+01
9.999903e-01 -5.304094e-04 4.366436e-03 5.519845e+00 5.315762e-04 9.999998e-01 -2.660610e-04 -1.083344e+00 -4.366291e-03 2.683801e-04 9.999903e-01 2.489216e+01
9.999974e-01 8.447346e-05 -2.259835e-03 5.740449e+00 -8.385099e-05 1.000000e+00 2.755385e-04 -1.129844e+00 2.259861e-03 -2.753477e-04 9.999973e-01 2.592204e+01
9.999938e-01 -4.650404e-04 3.479069e-03 6.095587e+00 4.645227e-04 9.999999e-01 1.495863e-04 -1.178916e+00 -3.479135e-03 -1.479687e-04 9.999938e-01 2.706236e+01
9.999980e-01 1.712752e-04 -1.974262e-03 6.647728e+00 -1.695144e-04 9.999996e-01 8.920058e-04 -1.229368e+00 1.974418e-03 -8.916687e-04 9.999976e-01 2.831642e+01
9.999672e-01 -8.673701e-04 8.051337e-03 6.893675e+00 8.743598e-04 9.999992e-01 -8.646626e-04 -1.285703e+00 -8.050577e-03 8.716747e-04 9.999671e-01 2.959980e+01
9.999865e-01 1.641679e-04 5.196038e-03 7.019751e+00 -1.666780e-04 9.999999e-01 4.826517e-04 -1.331810e+00 -5.195953e-03 -4.835106e-04 9.999863e-01 3.065477e+01
9.999893e-01 -5.285470e-04 -4.589174e-03 7.239747e+00 5.262914e-04 9.999997e-01 -4.927027e-04 -1.374664e+00 4.589439e-03 4.902828e-04 9.999892e-01 3.159286e+01
9.999832e-01 1.257269e-04 5.788999e-03 7.460389e+00 -1.285912e-04 9.999999e-01 4.944121e-04 -1.419583e+00 -5.788931e-03 -4.951476e-04 9.999830e-01 3.258302e+01
9.999960e-01 -5.856540e-04 -2.762878e-03 7.671355e+00 5.845146e-04 9.999997e-01 -4.131862e-04 -1.461680e+00 2.763125e-03 4.115703e-04 9.999960e-01 3.351226e+01
9.999791e-01 1.198365e-04 6.469154e-03 7.961191e+00 -1.246647e-04 9.999997e-01 7.459424e-04 -1.507892e+00 -6.469057e-03 -7.467326e-04 9.999787e-01 3.456304e+01
9.999899e-01 -5.634647e-04 -4.458155e-03 8.173789e+00 5.600207e-04 9.999995e-01 -7.737251e-04 -1.553076e+00 4.458595e-03 7.712213e-04 9.999897e-01 3.555255e+01
9.999815e-01 -1.889274e-05 6.089714e-03 8.473031e+00 1.490896e-05 9.999998e-01 6.542265e-04 -1.616756e+00 -6.089718e-03 -6.541229e-04 9.999811e-01 3.699380e+01
9.999885e-01 -6.513558e-04 -4.756296e-03 8.842232e+00 6.476596e-04 9.999995e-01 -7.786199e-04 -1.692210e+00 4.756808e-03 7.755311e-04 9.999883e-01 3.873906e+01
9.999848e-01 -1.346303e-05 5.510046e-03 9.191744e+00 9.890086e-06 9.999998e-01 6.484691e-04 -1.760732e+00 -5.510047e-03 -6.484042e-04 9.999845e-01 4.032524e+01
9.999906e-01 -4.937911e-04 -4.312528e-03 9.485973e+00 4.909169e-04 9.999997e-01 -6.675058e-04 -1.817835e+00 4.312863e-03 6.653831e-04 9.999904e-01 4.162171e+01
9.999767e-01 -1.614887e-05 6.826671e-03 9.743421e+00 1.144690e-05 9.999998e-01 6.888024e-04 -1.870455e+00 -6.826674e-03 -6.887076e-04 9.999764e-01 4.280595e+01
9.999920e-01 -4.847835e-04 -3.976568e-03 9.980153e+00 4.821617e-04 9.999997e-01 -6.602495e-04 -1.919581e+00 3.976894e-03 6.583274e-04 9.999918e-01 4.390028e+01
9.999692e-01 -3.288616e-05 7.845997e-03 1.020592e+01 2.724156e-05 9.999997e-01 7.195304e-04 -1.968733e+00 -7.846011e-03 -7.192939e-04 9.999689e-01 4.499119e+01
9.999911e-01 -4.202519e-04 -4.200287e-03 1.039092e+01 4.172517e-04 9.999997e-01 -7.151200e-04 -2.014783e+00 4.200594e-03 7.133617e-04 9.999908e-01 4.599332e+01
9.999773e-01 -1.002361e-04 6.731178e-03 1.060625e+01 9.632004e-05 9.999998e-01 5.821022e-04 -2.067784e+00 -6.731226e-03 -5.814400e-04 9.999771e-01 4.716487e+01
9.999907e-01 -4.497913e-04 -4.281779e-03 1.081024e+01 4.464357e-04 9.999996e-01 -7.846210e-04 -2.121469e+00 4.282139e-03 7.827028e-04 9.999904e-01 4.835323e+01
9.999793e-01 -8.477677e-05 6.431340e-03 1.105631e+01 8.030916e-05 9.999998e-01 6.949155e-04 -2.175848e+00 -6.431389e-03 -6.943840e-04 9.999790e-01 4.956659e+01
9.999944e-01 -4.019321e-04 -3.315783e-03 1.125901e+01 3.998345e-04 9.999997e-01 -6.332325e-04 -2.215930e+00 3.316046e-03 6.319038e-04 9.999942e-01 5.045273e+01
9.999761e-01 -1.771575e-05 6.917909e-03 1.142978e+01 1.358196e-05 9.999998e-01 5.975957e-04 -2.254880e+00 -6.917909e-03 -5.974869e-04 9.999758e-01 5.128220e+01
9.999895e-01 -4.968969e-04 -4.559705e-03 1.169128e+01 4.942049e-04 9.999997e-01 -5.914961e-04 -2.307986e+00 4.560007e-03 5.892370e-04 9.999893e-01 5.247746e+01
9.999868e-01 -1.774144e-04 5.128131e-03 1.206810e+01 1.746687e-04 9.999998e-01 5.358701e-04 -2.375059e+00 -5.128215e-03 -5.349668e-04 9.999866e-01 5.405289e+01
9.995019e-01 7.046726e-04 -3.155052e-02 1.277452e+01 -7.638916e-04 9.999980e-01 -1.864942e-03 -2.423159e+00 3.154915e-02 1.888115e-03 9.995003e-01 5.526580e+01
9.997967e-01 -1.123568e-03 2.013228e-02 1.315702e+01 1.082320e-03 9.999973e-01 2.059645e-03 -2.455957e+00 -2.013453e-02 -2.037437e-03 9.997951e-01 5.604239e+01
9.998194e-01 6.610465e-04 -1.899155e-02 1.339155e+01 -7.004242e-04 9.999976e-01 -2.066856e-03 -2.502501e+00 1.899015e-02 2.079785e-03 9.998174e-01 5.707300e+01
9.998103e-01 -1.026766e-03 1.945167e-02 1.359467e+01 9.876469e-04 9.999975e-01 2.020578e-03 -2.545824e+00 -1.945369e-02 -2.000982e-03 9.998087e-01 5.801470e+01
9.998195e-01 5.486768e-04 -1.898906e-02 1.382407e+01 -5.890145e-04 9.999976e-01 -2.118735e-03 -2.594263e+00 1.898786e-02 2.129538e-03 9.998173e-01 5.908401e+01
9.997868e-01 -1.171714e-03 2.061591e-02 1.410931e+01 1.131555e-03 9.999974e-01 1.959544e-03 -2.658772e+00 -2.061814e-02 -1.935798e-03 9.997854e-01 6.053973e+01
9.998058e-01 1.740329e-04 -1.970755e-02 1.454865e+01 -2.197942e-04 9.999973e-01 -2.319874e-03 -2.754324e+00 1.970710e-02 2.323755e-03 9.998030e-01 6.276836e+01
9.998218e-01 -1.691373e-03 1.880374e-02 1.538160e+01 1.657787e-03 9.999970e-01 1.801584e-03 -2.903423e+00 -1.880672e-02 -1.770090e-03 9.998215e-01 6.637189e+01
9.996942e-01 1.570313e-04 -2.472712e-02 1.646483e+01 -2.164257e-04 9.999971e-01 -2.399336e-03 -3.072722e+00 2.472668e-02 2.403954e-03 9.996913e-01 7.050491e+01
9.998516e-01 -1.801826e-03 1.713191e-02 1.756715e+01 1.780112e-03 9.999976e-01 1.282660e-03 -3.253630e+00 -1.713417e-02 -1.251973e-03 9.998523e-01 7.491453e+01
9.996314e-01 1.513086e-04 -2.714785e-02 1.876980e+01 -2.148639e-04 9.999972e-01 -2.338180e-03 -3.432382e+00 2.714742e-02 2.343151e-03 9.996286e-01 7.930456e+01
9.998291e-01 -1.785339e-03 1.839893e-02 1.990612e+01 1.760323e-03 9.999975e-01 1.375741e-03 -3.609035e+00 -1.840133e-02 -1.343118e-03 9.998297e-01 8.370896e+01
9.994205e-01 9.598343e-04 -3.402627e-02 2.100496e+01 -1.021160e-03 9.999979e-01 -1.784983e-03 -3.733224e+00 3.402448e-02 1.818695e-03 9.994192e-01 8.680509e+01
9.997627e-01 -1.713713e-03 2.171825e-02 2.180491e+01 1.686282e-03 9.999978e-01 1.281299e-03 -3.831222e+00 -2.172040e-02 -1.244372e-03 9.997632e-01 8.925197e+01
9.993553e-01 2.171614e-03 -3.583604e-02 2.286405e+01 -2.165942e-03 9.999976e-01 1.970799e-04 -3.888890e+00 3.583638e-02 -1.193341e-04 9.993576e-01 9.060542e+01
9.997722e-01 -2.303316e-03 2.121856e-02 2.393729e+01 2.253336e-03 9.999946e-01 2.379107e-03 -3.924227e+00 -2.122393e-02 -2.330752e-03 9.997719e-01 9.128863e+01
9.992429e-01 2.274277e-03 -3.883938e-02 2.535745e+01 -2.236360e-03 9.999970e-01 1.019658e-03 -3.968161e+00 3.884158e-02 -9.320261e-04 9.992448e-01 9.212318e+01
9.997250e-01 -2.556249e-03 2.331075e-02 2.676150e+01 2.506977e-03 9.999946e-01 2.142696e-03 -4.011312e+00 -2.331610e-02 -2.083667e-03 9.997259e-01 9.290800e+01
9.991699e-01 2.690839e-03 -4.064764e-02 2.800798e+01 -2.678302e-03 9.999963e-01 3.629014e-04 -4.056666e+00 4.064846e-02 -2.537324e-04 9.991734e-01 9.390053e+01
9.997272e-01 -2.798617e-03 2.318679e-02 2.912926e+01 2.796824e-03 9.999961e-01 1.097875e-04 -4.154487e+00 -2.318701e-02 -4.490707e-05 9.997310e-01 9.626339e+01
9.993924e-01 1.242807e-03 -3.483294e-02 3.036478e+01 -1.283239e-03 9.999985e-01 -1.138423e-03 -4.322814e+00 3.483146e-02 1.182431e-03 9.993924e-01 1.004018e+02
9.995899e-01 -2.991916e-03 2.848093e-02 3.154042e+01 2.984325e-03 9.999955e-01 3.090081e-04 -4.502546e+00 -2.848174e-02 -2.238840e-04 9.995942e-01 1.048725e+02
9.994183e-01 1.386318e-03 -3.407545e-02 3.263707e+01 -1.419145e-03 9.999986e-01 -9.392086e-04 -4.669890e+00 3.407409e-02 9.870212e-04 9.994187e-01 1.090287e+02
9.994838e-01 -2.555130e-03 3.202481e-02 3.330237e+01 2.539366e-03 9.999966e-01 5.328840e-04 -4.783594e+00 -3.202608e-02 -4.512854e-04 9.994868e-01 1.117932e+02
9.994682e-01 1.304516e-03 -3.258103e-02 3.405132e+01 -1.328373e-03 9.999989e-01 -7.106225e-04 -4.911619e+00 3.258006e-02 7.535252e-04 9.994687e-01 1.148930e+02
9.995261e-01 -2.148357e-03 3.070651e-02 3.458549e+01 2.133109e-03 9.999976e-01 5.293124e-04 -4.999547e+00 -3.070758e-02 -4.635604e-04 9.995282e-01 1.170303e+02
9.995074e-01 1.616690e-03 -3.134389e-02 3.475316e+01 -1.649243e-03 9.999981e-01 -1.012760e-03 -5.055068e+00 3.134218e-02 1.063956e-03 9.995080e-01 1.182407e+02
9.995610e-01 -1.919145e-03 2.956601e-02 3.491022e+01 1.900333e-03 9.999980e-01 6.643784e-04 -5.097221e+00 -2.956723e-02 -6.079008e-04 9.995625e-01 1.191521e+02
9.995182e-01 1.760016e-03 -3.098836e-02 3.499788e+01 -1.781343e-03 9.999982e-01 -6.606413e-04 -5.115027e+00 3.098713e-02 7.155246e-04 9.995194e-01 1.194754e+02
9.995336e-01 -1.855566e-03 3.048131e-02 3.512756e+01 1.829077e-03 9.999979e-01 8.968841e-04 -5.128087e+00 -3.048293e-02 -8.407123e-04 9.995348e-01 1.197054e+02
9.994845e-01 1.778971e-03 -3.205454e-02 3.534489e+01 -1.792091e-03 9.999983e-01 -3.805964e-04 -5.144187e+00 3.205380e-02 4.378457e-04 9.994859e-01 1.200310e+02
9.994962e-01 -1.998787e-03 3.167497e-02 3.552196e+01 1.975635e-03 9.999978e-01 7.622230e-04 -5.158778e+00 -3.167644e-02 -6.992600e-04 9.994978e-01 1.203204e+02
9.995345e-01 1.798692e-03 -3.045618e-02 3.569826e+01 -1.809549e-03 9.999983e-01 -3.289253e-04 -5.174138e+00 3.045552e-02 3.838850e-04 9.995359e-01 1.206409e+02
9.995345e-01 -1.967175e-03 3.044372e-02 3.593158e+01 1.940743e-03 9.999977e-01 8.977572e-04 -5.191403e+00 -3.044543e-02 -8.382550e-04 9.995360e-01 1.210262e+02
9.995525e-01 1.583745e-03 -2.987105e-02 3.620611e+01 -1.593609e-03 9.999987e-01 -3.064360e-04 -5.210146e+00 2.987051e-02 3.539026e-04 9.995536e-01 1.214563e+02
9.996145e-01 -1.836068e-03 2.770242e-02 3.665724e+01 1.799589e-03 9.999975e-01 1.341674e-03 -5.234727e+00 -2.770483e-02 -1.291303e-03 9.996152e-01 1.220553e+02
9.995313e-01 1.569737e-03 -3.057244e-02 3.713314e+01 -1.579247e-03 9.999987e-01 -2.869052e-04 -5.259501e+00 3.057193e-02 3.350533e-04 9.995324e-01 1.226690e+02
9.995994e-01 -1.713548e-03 2.825174e-02 3.785490e+01 1.652440e-03 9.999962e-01 2.186191e-03 -5.295649e+00 -2.825540e-02 -2.138629e-03 9.995983e-01 1.235670e+02
9.994511e-01 1.316786e-03 -3.310289e-02 3.852132e+01 -1.343316e-03 9.999988e-01 -7.792278e-04 -5.326691e+00 3.310181e-02 8.232692e-04 9.994515e-01 1.243990e+02
9.995248e-01 -1.620852e-03 3.078223e-02 3.927320e+01 1.538553e-03 9.999952e-01 2.697096e-03 -5.363328e+00 -3.078647e-02 -2.648453e-03 9.995224e-01 1.253418e+02
9.994631e-01 1.263303e-03 -3.273947e-02 3.957258e+01 -1.331976e-03 9.999970e-01 -2.075850e-03 -5.381195e+00 3.273673e-02 2.118346e-03 9.994617e-01 1.257509e+02
9.995019e-01 -1.496839e-03 3.152360e-02 3.979054e+01 1.416562e-03 9.999957e-01 2.568743e-03 -5.397063e+00 -3.152733e-02 -2.522807e-03 9.994996e-01 1.260858e+02
9.994368e-01 1.310062e-03 -3.353041e-02 4.029694e+01 -1.353547e-03 9.999983e-01 -1.274200e-03 -5.424266e+00 3.352867e-02 1.318869e-03 9.994368e-01 1.267438e+02
9.994371e-01 -1.764518e-03 3.350292e-02 4.068940e+01 1.692370e-03 9.999962e-01 2.181734e-03 -5.447662e+00 -3.350666e-02 -2.123804e-03 9.994361e-01 1.273335e+02
9.995241e-01 1.511431e-03 -3.081195e-02 4.093969e+01 -1.558045e-03 9.999977e-01 -1.488907e-03 -5.466521e+00 3.080961e-02 1.536207e-03 9.995240e-01 1.277848e+02
9.995952e-01 -1.535578e-03 2.840957e-02 4.122048e+01 1.482187e-03 9.999971e-01 1.900291e-03 -5.485031e+00 -2.841242e-02 -1.857411e-03 9.995945e-01 1.281926e+02
9.995125e-01 1.384085e-03 -3.119119e-02 4.146929e+01 -1.427473e-03 9.999980e-01 -1.368810e-03 -5.500919e+00 3.118922e-02 1.412669e-03 9.995124e-01 1.285331e+02
9.995979e-01 -1.463011e-03 2.831827e-02 4.170213e+01 1.415466e-03 9.999976e-01 1.698917e-03 -5.516513e+00 -2.832070e-02 -1.658148e-03 9.995974e-01 1.288485e+02
9.995809e-01 1.177202e-03 -2.892495e-02 4.182837e+01 -1.223830e-03 9.999980e-01 -1.594368e-03 -5.528019e+00 2.892300e-02 1.629101e-03 9.995802e-01 1.290417e+02
9.997587e-01 -8.156007e-04 2.195013e-02 4.197689e+01 7.813733e-04 9.999985e-01 1.567863e-03 -5.539079e+00 -2.195139e-02 -1.550331e-03 9.997577e-01 1.292517e+02
9.995762e-01 1.052780e-03 -2.909175e-02 4.213046e+01 -1.094109e-03 9.999984e-01 -1.404762e-03 -5.549641e+00 2.909021e-02 1.435999e-03 9.995757e-01 1.294499e+02
9.999804e-01 -3.493070e-04 6.254685e-03 4.233520e+01 3.428946e-04 9.999994e-01 1.026296e-03 -5.558999e+00 -6.255058e-03 -1.024129e-03 9.999798e-01 1.296810e+02
9.998293e-01 2.135618e-04 -1.847356e-02 4.240096e+01 -2.272457e-04 9.999997e-01 -7.386454e-04 -5.565869e+00 1.847337e-02 7.427195e-04 9.998290e-01 1.297907e+02
9.998754e-01 -5.306112e-05 1.578621e-02 4.257238e+01 3.746435e-05 9.999995e-01 9.883090e-04 -5.579944e+00 -1.578628e-02 -9.875922e-04 9.998748e-01 1.300583e+02
9.998241e-01 8.450043e-05 -1.875612e-02 4.274759e+01 -9.666734e-05 9.999998e-01 -6.477966e-04 -5.592960e+00 1.875604e-02 6.494979e-04 9.998238e-01 1.303131e+02
9.998695e-01 -9.049265e-05 1.615752e-02 4.295940e+01 7.494768e-05 9.999995e-01 9.627079e-04 -5.608049e+00 -1.615762e-02 -9.613690e-04 9.998689e-01 1.306224e+02
9.998390e-01 7.312205e-05 -1.794094e-02 4.312542e+01 -8.798033e-05 9.999997e-01 -8.274031e-04 -5.621741e+00 1.794085e-02 8.288507e-04 9.998386e-01 1.308793e+02
9.998028e-01 -2.768242e-04 1.985696e-02 4.323521e+01 2.557912e-04 9.999994e-01 1.061773e-03 -5.635139e+00 -1.985726e-02 -1.056482e-03 9.998022e-01 1.311283e+02
9.998527e-01 -1.605333e-05 -1.716500e-02 4.336328e+01 -9.121011e-08 9.999996e-01 -9.405632e-04 -5.660376e+00 1.716499e-02 9.404285e-04 9.998521e-01 1.316375e+02
9.998550e-01 -7.439683e-06 1.702924e-02 4.352482e+01 -1.430094e-05 9.999992e-01 1.276558e-03 -5.679159e+00 -1.702926e-02 -1.276614e-03 9.998541e-01 1.320146e+02
9.998831e-01 -1.557051e-04 -1.529183e-02 4.368459e+01 1.404145e-04 9.999995e-01 -1.001006e-03 -5.701273e+00 1.529195e-02 9.987438e-04 9.998825e-01 1.324796e+02
9.998358e-01 -1.235650e-04 1.812241e-02 4.383282e+01 1.025234e-04 9.999993e-01 1.162018e-03 -5.725635e+00 -1.812256e-02 -1.159966e-03 9.998350e-01 1.329802e+02
9.998517e-01 -1.886594e-04 -1.722043e-02 4.400544e+01 1.687232e-04 9.999993e-01 -1.159166e-03 -5.761029e+00 1.722062e-02 1.156091e-03 9.998509e-01 1.337243e+02
9.998338e-01 -1.969932e-04 1.822764e-02 4.419754e+01 1.766093e-04 9.999994e-01 1.119914e-03 -5.800429e+00 -1.822787e-02 -1.116506e-03 9.998331e-01 1.345724e+02
9.998540e-01 -1.884840e-04 -1.708752e-02 4.440148e+01 1.696607e-04 9.999994e-01 -1.103036e-03 -5.840836e+00 1.708770e-02 1.099979e-03 9.998533e-01 1.354487e+02
9.998291e-01 -1.656101e-04 1.848529e-02 4.458537e+01 1.445843e-04 9.999993e-01 1.138780e-03 -5.877881e+00 -1.848549e-02 -1.135910e-03 9.998284e-01 1.362392e+02
9.998591e-01 -2.620964e-04 -1.678180e-02 4.478700e+01 2.426440e-04 9.999993e-01 -1.161175e-03 -5.920667e+00 1.678208e-02 1.156942e-03 9.998584e-01 1.371655e+02
9.998193e-01 -1.877785e-04 1.900950e-02 4.498253e+01 1.655911e-04 9.999993e-01 1.168760e-03 -5.962553e+00 -1.900972e-02 -1.165398e-03 9.998185e-01 1.380750e+02
9.998584e-01 -2.448614e-04 -1.682657e-02 4.519711e+01 2.265254e-04 9.999994e-01 -1.091619e-03 -6.005130e+00 1.682681e-02 1.087655e-03 9.998577e-01 1.390044e+02
9.998174e-01 -1.394661e-04 1.910789e-02 4.540421e+01 1.161193e-04 9.999992e-01 1.222960e-03 -6.044608e+00 -1.910806e-02 -1.220515e-03 9.998166e-01 1.398591e+02
9.998516e-01 -2.127777e-04 -1.722479e-02 4.560771e+01 1.944373e-04 9.999994e-01 -1.066450e-03 -6.082176e+00 1.722499e-02 1.062945e-03 9.998510e-01 1.406725e+02
9.998249e-01 -1.119849e-04 1.871021e-02 4.578140e+01 9.035971e-05 9.999993e-01 1.156651e-03 -6.114333e+00 -1.871035e-02 -1.154755e-03 9.998242e-01 1.413457e+02
9.998543e-01 -2.074708e-04 -1.706756e-02 4.595558e+01 1.896857e-04 9.999994e-01 -1.043667e-03 -6.147053e+00 1.706775e-02 1.040280e-03 9.998537e-01 1.420308e+02
9.997674e-01 -1.460019e-04 2.156630e-02 4.610012e+01 1.215519e-04 9.999993e-01 1.135033e-03 -6.176907e+00 -2.156647e-02 -1.132146e-03 9.997667e-01 1.426617e+02
9.998582e-01 -2.208074e-04 -1.683749e-02 4.623619e+01 2.024555e-04 9.999994e-01 -1.091652e-03 -6.206995e+00 1.683771e-02 1.088091e-03 9.998575e-01 1.432911e+02
9.998185e-01 -1.366989e-04 1.905075e-02 4.641577e+01 1.137390e-04 9.999993e-01 1.206285e-03 -6.242861e+00 -1.905092e-02 -1.203896e-03 9.998177e-01 1.440526e+02
9.998560e-01 -2.471737e-04 -1.696725e-02 4.660863e+01 2.285131e-04 9.999994e-01 -1.101748e-03 -6.280198e+00 1.696750e-02 1.097715e-03 9.998553e-01 1.448519e+02
9.998237e-01 -9.890709e-05 1.877399e-02 4.679066e+01 7.652137e-05 9.999993e-01 1.193107e-03 -6.315487e+00 -1.877411e-02 -1.191458e-03 9.998229e-01 1.456014e+02
9.998629e-01 -2.673832e-04 -1.655551e-02 4.698648e+01 2.500316e-04 9.999994e-01 -1.050164e-03 -6.351480e+00 1.655577e-02 1.045883e-03 9.998623e-01 1.463735e+02
9.997970e-01 -8.480551e-05 2.014661e-02 4.717303e+01 5.956867e-05 9.999992e-01 1.253268e-03 -6.388095e+00 -2.014672e-02 -1.251811e-03 9.997962e-01 1.471708e+02
9.998491e-01 -4.063741e-04 -1.736617e-02 4.741562e+01 3.861375e-04 9.999992e-01 -1.168640e-03 -6.436527e+00 1.736661e-02 1.161760e-03 9.998484e-01 1.482461e+02
9.998175e-01 -3.284949e-05 1.910273e-02 4.764922e+01 1.006120e-05 9.999993e-01 1.193041e-03 -6.484619e+00 -1.910277e-02 -1.192628e-03 9.998167e-01 1.493135e+02
9.998215e-01 -3.220708e-04 -1.889226e-02 4.786620e+01 2.999698e-04 9.999993e-01 -1.172673e-03 -6.526763e+00 1.889260e-02 1.166799e-03 9.998207e-01 1.502383e+02
9.998181e-01 -1.544767e-05 1.907204e-02 4.807389e+01 -7.155356e-06 9.999993e-01 1.185083e-03 -6.568161e+00 -1.907206e-02 -1.185001e-03 9.998173e-01 1.511410e+02
9.998283e-01 -3.451183e-04 -1.852873e-02 4.830284e+01 3.246778e-04 9.999993e-01 -1.106184e-03 -6.610225e+00 1.852909e-02 1.099981e-03 9.998276e-01 1.520674e+02
9.998036e-01 -1.432601e-05 1.981673e-02 4.851840e+01 -9.057805e-06 9.999993e-01 1.179925e-03 -6.650739e+00 -1.981675e-02 -1.179871e-03 9.998028e-01 1.529508e+02
9.998319e-01 -4.028068e-04 -1.832997e-02 4.875382e+01 3.821478e-04 9.999993e-01 -1.130562e-03 -6.697462e+00 1.833040e-02 1.123370e-03 9.998313e-01 1.539836e+02
9.998208e-01 2.569870e-07 1.892975e-02 4.899557e+01 -2.203734e-05 9.999993e-01 1.150392e-03 -6.745274e+00 -1.892975e-02 -1.150601e-03 9.998201e-01 1.550487e+02
9.998265e-01 -4.122184e-04 -1.862476e-02 4.924301e+01 3.905461e-04 9.999992e-01 -1.167264e-03 -6.795909e+00 1.862521e-02 1.159791e-03 9.998258e-01 1.561768e+02
9.998242e-01 -3.512736e-05 1.875062e-02 4.949970e+01 1.430737e-05 9.999994e-01 1.110508e-03 -6.848288e+00 -1.875067e-02 -1.110042e-03 9.998235e-01 1.573498e+02
9.998254e-01 -4.221727e-04 -1.868239e-02 4.976796e+01 4.011657e-04 9.999993e-01 -1.128171e-03 -6.899923e+00 1.868284e-02 1.120482e-03 9.998247e-01 1.585127e+02
9.998066e-01 -1.453173e-05 1.966731e-02 5.001801e+01 -8.229707e-06 9.999993e-01 1.157254e-03 -6.948819e+00 -1.966733e-02 -1.157189e-03 9.998058e-01 1.596053e+02
9.998267e-01 -4.689729e-04 -1.860826e-02 5.029865e+01 4.483850e-04 9.999993e-01 -1.110556e-03 -7.004188e+00 1.860875e-02 1.102022e-03 9.998261e-01 1.608584e+02
9.998145e-01 -2.565584e-05 1.926193e-02 5.060412e+01 3.289668e-06 9.999993e-01 1.161202e-03 -7.062542e+00 -1.926196e-02 -1.160921e-03 9.998137e-01 1.621913e+02
9.998282e-01 -4.492469e-04 -1.852778e-02 5.089390e+01 4.289964e-04 9.999993e-01 -1.096953e-03 -7.118214e+00 1.852825e-02 1.088819e-03 9.998276e-01 1.634579e+02
9.998125e-01 -2.821014e-05 1.936329e-02 5.118066e+01 6.666362e-06 9.999994e-01 1.112685e-03 -7.175421e+00 -1.936332e-02 -1.112345e-03 9.998118e-01 1.647541e+02
9.998194e-01 -4.452595e-04 -1.899818e-02 5.145502e+01 4.238446e-04 9.999993e-01 -1.131233e-03 -7.230520e+00 1.899865e-02 1.122979e-03 9.998188e-01 1.659995e+02
9.998142e-01 -6.989379e-05 1.927705e-02 5.174684e+01 4.927402e-05 9.999994e-01 1.070138e-03 -7.289420e+00 -1.927713e-02 -1.068987e-03 9.998135e-01 1.673372e+02
9.998244e-01 -4.478308e-04 -1.873664e-02 5.203878e+01 4.271407e-04 9.999993e-01 -1.108253e-03 -7.348779e+00 1.873711e-02 1.100057e-03 9.998237e-01 1.686872e+02
9.997984e-01 -7.980341e-05 2.007757e-02 5.232690e+01 5.766577e-05 9.999994e-01 1.103194e-03 -7.407953e+00 -2.007766e-02 -1.101811e-03 9.997977e-01 1.700331e+02
9.998222e-01 -2.941099e-04 -1.885365e-02 5.258163e+01 2.771441e-04 9.999996e-01 -9.024880e-04 -7.447752e+00 1.885389e-02 8.971051e-04 9.998217e-01 1.709273e+02
9.997866e-01 -2.603906e-05 2.065978e-02 5.279812e+01 2.260474e-06 9.999993e-01 1.150994e-03 -7.478162e+00 -2.065981e-02 -1.150699e-03 9.997858e-01 1.715823e+02
9.998106e-01 -2.911968e-04 -1.945877e-02 5.306861e+01 2.757641e-04 9.999996e-01 -7.957865e-04 -7.511301e+00 1.945898e-02 7.902725e-04 9.998102e-01 1.723183e+02
9.997755e-01 -3.486525e-05 2.118668e-02 5.330873e+01 1.144404e-05 9.999994e-01 1.105600e-03 -7.544865e+00 -2.118672e-02 -1.105107e-03 9.997748e-01 1.730536e+02
9.997943e-01 -2.494382e-04 -2.028052e-02 5.349363e+01 2.290727e-04 9.999995e-01 -1.006516e-03 -7.578836e+00 2.028075e-02 1.001666e-03 9.997937e-01 1.737734e+02
9.997978e-01 -5.944726e-05 2.010681e-02 5.371218e+01 3.775349e-05 9.999994e-01 1.079316e-03 -7.613908e+00 -2.010688e-02 -1.078336e-03 9.997972e-01 1.745343e+02
9.998164e-01 -3.094119e-04 -1.915992e-02 5.394513e+01 2.907165e-04 9.999995e-01 -9.785416e-04 -7.652272e+00 1.916020e-02 9.727947e-04 9.998159e-01 1.753698e+02
9.997917e-01 -1.093394e-04 2.041160e-02 5.422851e+01 8.582471e-05 9.999993e-01 1.152910e-03 -7.697348e+00 -2.041173e-02 -1.150915e-03 9.997909e-01 1.763839e+02
9.998221e-01 -1.879818e-04 -1.886018e-02 5.457907e+01 1.771042e-04 9.999998e-01 -5.784311e-04 -7.732971e+00 1.886027e-02 5.749909e-04 9.998219e-01 1.772259e+02
9.997871e-01 -1.948671e-05 2.063495e-02 5.495186e+01 -9.357715e-06 9.999990e-01 1.397757e-03 -7.761656e+00 -2.063497e-02 -1.397650e-03 9.997860e-01 1.779214e+02
9.998214e-01 -3.038808e-04 -1.889434e-02 5.533764e+01 2.901934e-04 9.999997e-01 -7.271633e-04 -7.799546e+00 1.889454e-02 7.215535e-04 9.998211e-01 1.788249e+02
9.998182e-01 2.485307e-04 1.906616e-02 5.558304e+01 -2.734544e-04 9.999991e-01 1.304636e-03 -7.817710e+00 -1.906583e-02 -1.309609e-03 9.998173e-01 1.792325e+02
9.998087e-01 -3.652154e-04 -1.955559e-02 5.596790e+01 3.579153e-04 9.999999e-01 -3.768051e-04 -7.842078e+00 1.955571e-02 3.697370e-04 9.998086e-01 1.798305e+02
9.998148e-01 2.696773e-04 1.924103e-02 5.620917e+01 -2.871601e-04 9.999995e-01 9.058759e-04 -7.859226e+00 -1.924079e-02 -9.112301e-04 9.998144e-01 1.802053e+02
9.998154e-01 -5.732179e-04 -1.920684e-02 5.649943e+01 5.671672e-04 9.999998e-01 -3.204863e-04 -7.878555e+00 1.920700e-02 3.095370e-04 9.998154e-01 1.806465e+02
9.997980e-01 4.195952e-04 2.009564e-02 5.668261e+01 -4.331940e-04 9.999997e-01 6.723711e-04 -7.895845e+00 -2.009537e-02 -6.809372e-04 9.997977e-01 1.810005e+02
9.998003e-01 -5.963117e-04 -1.997531e-02 5.685705e+01 5.867440e-04 9.999997e-01 -4.848418e-04 -7.918757e+00 1.997558e-02 4.730280e-04 9.998003e-01 1.814614e+02
9.997998e-01 4.075979e-04 2.000687e-02 5.706116e+01 -4.225562e-04 9.999996e-01 7.434486e-04 -7.943252e+00 -2.000658e-02 -7.517504e-04 9.997995e-01 1.819733e+02
9.997856e-01 -5.338072e-04 -2.069969e-02 5.730513e+01 5.279598e-04 9.999998e-01 -2.879616e-04 -7.961008e+00 2.069982e-02 2.769747e-04 9.997856e-01 1.823540e+02
9.997969e-01 4.723057e-04 2.014935e-02 5.750938e+01 -4.875804e-04 9.999996e-01 7.531838e-04 -7.977999e+00 -2.014900e-02 -7.628517e-04 9.997966e-01 1.826984e+02
9.997811e-01 -4.302005e-04 -2.091985e-02 5.775572e+01 4.255697e-04 9.999999e-01 -2.258204e-04 -7.996162e+00 2.091993e-02 2.168717e-04 9.997810e-01 1.830839e+02
9.997965e-01 4.222734e-04 2.017100e-02 5.800735e+01 -4.384955e-04 9.999996e-01 7.998284e-04 -8.014970e+00 -2.017067e-02 -8.085069e-04 9.997961e-01 1.834918e+02
9.997868e-01 -4.995714e-04 -2.064234e-02 5.824149e+01 4.933246e-04 9.999998e-01 -3.077258e-04 -8.033634e+00 2.064248e-02 2.974805e-04 9.997868e-01 1.838959e+02
9.997850e-01 3.211808e-04 2.073050e-02 5.841357e+01 -3.310216e-04 9.999998e-01 4.712872e-04 -8.057772e+00 -2.073036e-02 -4.780445e-04 9.997849e-01 1.843840e+02
9.997949e-01 -5.201473e-04 -2.024700e-02 5.859045e+01 5.146464e-04 9.999998e-01 -2.769081e-04 -8.082101e+00 2.024713e-02 2.664350e-04 9.997949e-01 1.848804e+02
9.997875e-01 3.313623e-04 2.061113e-02 5.876479e+01 -3.409723e-04 9.999998e-01 4.627569e-04 -8.106692e+00 -2.061098e-02 -4.696827e-04 9.997874e-01 1.853821e+02
9.998006e-01 -5.766122e-04 -1.996070e-02 5.897099e+01 5.713973e-04 9.999998e-01 -2.669728e-04 -8.136286e+00 1.996083e-02 2.555178e-04 9.998006e-01 1.860081e+02
9.997274e-01 2.375850e-05 2.334702e-02 5.927200e+01 -3.457784e-05 9.999999e-01 4.630234e-04 -8.186813e+00 -2.334702e-02 -4.637007e-04 9.997272e-01 1.871420e+02
9.997857e-01 -4.410655e-04 -2.069478e-02 5.959786e+01 4.410292e-04 9.999999e-01 -6.329362e-06 -8.233026e+00 2.069477e-02 -2.795151e-06 9.997857e-01 1.882105e+02
9.998161e-01 3.546143e-04 1.917440e-02 6.005987e+01 -3.745923e-04 9.999994e-01 1.038341e-03 -8.259311e+00 -1.917404e-02 -1.045329e-03 9.998155e-01 1.888228e+02
9.997304e-01 -5.847821e-04 -2.321260e-02 6.088593e+01 6.034198e-04 9.999995e-01 7.959084e-04 -8.297947e+00 2.321211e-02 -8.096967e-04 9.997301e-01 1.898330e+02
9.997502e-01 2.073316e-04 2.235103e-02 6.139544e+01 -2.145463e-04 9.999999e-01 3.204073e-04 -8.326688e+00 -2.235098e-02 -3.251183e-04 9.997500e-01 1.905506e+02
9.997166e-01 -7.760808e-05 -2.380504e-02 6.241534e+01 1.274405e-04 9.999978e-01 2.091835e-03 -8.375033e+00 2.380481e-02 -2.094271e-03 9.997143e-01 1.917326e+02
9.998577e-01 -4.385030e-04 1.686452e-02 6.330140e+01 4.437126e-04 9.999999e-01 -3.051488e-04 -8.413352e+00 -1.686440e-02 3.125931e-04 9.998576e-01 1.927140e+02
9.997812e-01 3.975783e-04 -2.091254e-02 6.419961e+01 -3.483245e-04 9.999972e-01 2.358806e-03 -8.454533e+00 2.091340e-02 -2.351001e-03 9.997784e-01 1.937330e+02
9.998219e-01 -1.077252e-03 1.884298e-02 6.483931e+01 1.097568e-03 9.999988e-01 -1.067881e-03 -8.485910e+00 -1.884183e-02 1.088378e-03 9.998218e-01 1.945180e+02
9.998002e-01 1.063014e-03 -1.995919e-02 6.514552e+01 -1.027964e-03 9.999979e-01 1.766244e-03 -8.507374e+00 1.996101e-02 -1.745369e-03 9.997991e-01 1.950108e+02
9.998222e-01 -1.073571e-03 1.882590e-02 6.542309e+01 1.095969e-03 9.999987e-01 -1.179473e-03 -8.528118e+00 -1.882462e-02 1.199901e-03 9.998220e-01 1.954644e+02
9.998132e-01 9.287573e-04 -1.930424e-02 6.570771e+01 -8.966726e-04 9.999982e-01 1.670625e-03 -8.555889e+00 1.930574e-02 -1.652999e-03 9.998122e-01 1.960889e+02
9.998370e-01 -1.007298e-03 1.802409e-02 6.604304e+01 1.024916e-03 9.999990e-01 -9.681883e-04 -8.576598e+00 -1.802311e-02 9.865089e-04 9.998370e-01 1.965430e+02
9.997984e-01 9.131116e-04 -2.005655e-02 6.636216e+01 -8.810781e-04 9.999983e-01 1.605918e-03 -8.596069e+00 2.005796e-02 -1.587918e-03 9.997975e-01 1.969687e+02
9.998236e-01 -9.364887e-04 1.875917e-02 6.674385e+01 9.517444e-04 9.999992e-01 -8.043015e-04 -8.619093e+00 -1.875842e-02 8.220189e-04 9.998236e-01 1.975011e+02
9.997673e-01 8.925050e-04 -2.155505e-02 6.729335e+01 -8.511170e-04 9.999978e-01 1.929188e-03 -8.648060e+00 2.155670e-02 -1.910388e-03 9.997657e-01 1.982240e+02
9.998119e-01 -8.953634e-04 1.937666e-02 6.794751e+01 9.049106e-04 9.999995e-01 -4.839285e-04 -8.682069e+00 -1.937623e-02 5.013772e-04 9.998120e-01 1.990812e+02
9.997455e-01 8.639502e-04 -2.254299e-02 6.866997e+01 -8.174941e-04 9.999975e-01 2.069892e-03 -8.718141e+00 2.254470e-02 -2.050930e-03 9.997436e-01 2.000237e+02
9.997642e-01 -9.827326e-04 2.169279e-02 6.902842e+01 1.012066e-03 9.999986e-01 -1.341242e-03 -8.740153e+00 -2.169146e-02 1.362886e-03 9.997637e-01 2.005370e+02
9.997721e-01 1.100217e-03 -2.132094e-02 6.922657e+01 -1.060542e-03 9.999977e-01 1.872013e-03 -8.757542e+00 2.132294e-02 -1.848969e-03 9.997708e-01 2.008762e+02
9.997850e-01 -1.006621e-03 2.070998e-02 6.949412e+01 1.032978e-03 9.999987e-01 -1.262029e-03 -8.776818e+00 -2.070870e-02 1.283157e-03 9.997846e-01 2.012806e+02
9.997589e-01 1.128598e-03 -2.192905e-02 6.979652e+01 -1.087037e-03 9.999976e-01 1.907076e-03 -8.796888e+00 2.193114e-02 -1.882773e-03 9.997576e-01 2.017168e+02
9.997534e-01 -1.158025e-03 2.217694e-02 7.011798e+01 1.184832e-03 9.999986e-01 -1.195643e-03 -8.818288e+00 -2.217554e-02 1.221630e-03 9.997532e-01 2.022135e+02
9.997530e-01 1.138714e-03 -2.219490e-02 7.046195e+01 -1.093204e-03 9.999973e-01 2.062471e-03 -8.839702e+00 2.219717e-02 -2.037691e-03 9.997514e-01 2.027310e+02
9.997594e-01 -1.299753e-03 2.189696e-02 7.081252e+01 1.328058e-03 9.999983e-01 -1.278148e-03 -8.861696e+00 -2.189528e-02 1.306927e-03 9.997593e-01 2.032602e+02
9.997831e-01 1.172164e-03 -2.079182e-02 7.111028e+01 -1.132191e-03 9.999975e-01 1.934180e-03 -8.884999e+00 2.079402e-02 -1.910214e-03 9.997819e-01 2.038040e+02
9.997666e-01 -1.351088e-03 2.156168e-02 7.139304e+01 1.381439e-03 9.999981e-01 -1.392759e-03 -8.913156e+00 -2.155977e-02 1.422227e-03 9.997665e-01 2.044357e+02
9.998028e-01 1.123264e-03 -1.982661e-02 7.169132e+01 -1.084502e-03 9.999975e-01 1.965693e-03 -8.944866e+00 1.982876e-02 -1.943797e-03 9.998014e-01 2.051556e+02
9.997644e-01 -1.374685e-03 2.166095e-02 7.198816e+01 1.405405e-03 9.999980e-01 -1.403019e-03 -8.977578e+00 -2.165899e-02 1.433137e-03 9.997643e-01 2.058961e+02
9.997919e-01 1.204381e-03 -2.036633e-02 7.223506e+01 -1.166661e-03 9.999976e-01 1.863869e-03 -9.006171e+00 2.036851e-02 -1.839714e-03 9.997907e-01 2.065271e+02
9.997606e-01 -1.384371e-03 2.183828e-02 7.243229e+01 1.418329e-03 9.999978e-01 -1.539546e-03 -9.032726e+00 -2.183612e-02 1.570158e-03 9.997602e-01 2.070883e+02
9.997868e-01 1.197915e-03 -2.061306e-02 7.263373e+01 -1.160259e-03 9.999976e-01 1.838616e-03 -9.060587e+00 2.061520e-02 -1.814301e-03 9.997857e-01 2.076787e+02
9.997657e-01 -1.405934e-03 2.160195e-02 7.284510e+01 1.440035e-03 9.999977e-01 -1.563091e-03 -9.090878e+00 -2.159972e-02 1.593839e-03 9.997653e-01 2.083247e+02
9.997897e-01 1.197452e-03 -2.047075e-02 7.306234e+01 -1.159283e-03 9.999976e-01 1.876287e-03 -9.120650e+00 2.047293e-02 -1.852154e-03 9.997886e-01 2.089637e+02
9.997233e-01 -1.708016e-03 2.346065e-02 7.348220e+01 1.739701e-03 9.999976e-01 -1.330167e-03 -9.173935e+00 -2.345834e-02 1.370620e-03 9.997238e-01 2.102054e+02
9.998239e-01 1.161307e-03 -1.873056e-02 7.406403e+01 -1.117120e-03 9.999966e-01 2.369393e-03 -9.238036e+00 1.873323e-02 -2.348045e-03 9.998217e-01 2.117897e+02
9.997470e-01 -1.547657e-03 2.243862e-02 7.458232e+01 1.578064e-03 9.999979e-01 -1.337434e-03 -9.290001e+00 -2.243652e-02 1.372512e-03 9.997472e-01 2.130893e+02
9.997094e-01 1.418469e-03 -2.406293e-02 7.536821e+01 -1.340642e-03 9.999938e-01 3.250104e-03 -9.329849e+00 2.406737e-02 -3.216893e-03 9.997051e-01 2.141497e+02
9.997186e-01 -1.464278e-03 2.367809e-02 7.598406e+01 1.504163e-03 9.999975e-01 -1.666715e-03 -9.364726e+00 -2.367561e-02 1.701869e-03 9.997181e-01 2.150732e+02
9.996755e-01 1.383884e-03 -2.543565e-02 7.667498e+01 -1.300078e-03 9.999937e-01 3.311056e-03 -9.401318e+00 2.544005e-02 -3.276905e-03 9.996709e-01 2.160422e+02
9.997314e-01 -1.529560e-03 2.312456e-02 7.741119e+01 1.566294e-03 9.999975e-01 -1.570445e-03 -9.439366e+00 -2.312212e-02 1.606250e-03 9.997313e-01 2.170661e+02
9.996966e-01 1.440789e-03 -2.459102e-02 7.792367e+01 -1.371928e-03 9.999951e-01 2.816851e-03 -9.468566e+00 2.459494e-02 -2.782252e-03 9.996935e-01 2.178215e+02
9.997139e-01 -1.549447e-03 2.386879e-02 7.835003e+01 1.591943e-03 9.999972e-01 -1.761470e-03 -9.494475e+00 -2.386601e-02 1.798972e-03 9.997134e-01 2.184723e+02
9.997408e-01 1.438421e-03 -2.272310e-02 7.861297e+01 -1.384781e-03 9.999962e-01 2.376130e-03 -9.515004e+00 2.272642e-02 -2.344039e-03 9.997389e-01 2.189402e+02
9.996918e-01 -1.571759e-03 2.477548e-02 7.884525e+01 1.616944e-03 9.999971e-01 -1.803858e-03 -9.533924e+00 -2.477259e-02 1.843371e-03 9.996913e-01 2.193699e+02
9.997430e-01 1.389942e-03 -2.262626e-02 7.911044e+01 -1.334999e-03 9.999961e-01 2.443199e-03 -9.555154e+00 2.262955e-02 -2.412357e-03 9.997409e-01 2.198609e+02
9.995607e-01 -1.788294e-03 2.958348e-02 7.933721e+01 1.847314e-03 9.999964e-01 -1.967798e-03 -9.584248e+00 -2.957987e-02 2.021591e-03 9.995603e-01 2.205326e+02
9.998316e-01 1.250960e-03 -1.831134e-02 7.949621e+01 -1.211273e-03 9.999969e-01 2.178243e-03 -9.613531e+00 1.831400e-02 -2.155687e-03 9.998299e-01 2.212214e+02
9.996770e-01 -1.545698e-03 2.536675e-02 7.966592e+01 1.591181e-03 9.999972e-01 -1.772876e-03 -9.637009e+00 -2.536395e-02 1.812675e-03 9.996765e-01 2.217674e+02
9.998804e-01 1.143141e-03 -1.542298e-02 7.983613e+01 -1.110926e-03 9.999972e-01 2.097183e-03 -9.661078e+00 1.542532e-02 -2.079791e-03 9.998788e-01 2.223350e+02
9.995624e-01 -1.548317e-03 2.954135e-02 7.995063e+01 1.606405e-03 9.999968e-01 -1.942688e-03 -9.684371e+00 -2.953826e-02 1.989302e-03 9.995616e-01 2.228853e+02
9.999718e-01 1.009871e-03 -7.439734e-03 7.999400e+01 -9.972623e-04 9.999981e-01 1.698287e-03 -9.707959e+00 7.441427e-03 -1.690812e-03 9.999708e-01 2.234737e+02
9.995745e-01 -1.521074e-03 2.913002e-02 8.002429e+01 1.578769e-03 9.999968e-01 -1.957706e-03 -9.731309e+00 -2.912696e-02 2.002870e-03 9.995736e-01 2.240362e+02
9.999067e-01 1.201861e-03 -1.360470e-02 8.001434e+01 -1.176311e-03 9.999975e-01 1.885884e-03 -9.746742e+00 1.360693e-02 -1.869696e-03 9.999056e-01 2.243832e+02
9.997060e-01 -1.386713e-03 2.420621e-02 8.001249e+01 1.433242e-03 9.999972e-01 -1.904955e-03 -9.759480e+00 -2.420351e-02 1.939096e-03 9.997051e-01 2.246496e+02
9.998895e-01 1.071250e-03 -1.482420e-02 8.012115e+01 -1.040325e-03 9.999973e-01 2.093708e-03 -9.784093e+00 1.482640e-02 -2.078047e-03 9.998878e-01 2.251827e+02
9.997236e-01 -1.362047e-03 2.347027e-02 8.021916e+01 1.405380e-03 9.999973e-01 -1.829892e-03 -9.805103e+00 -2.346771e-02 1.862379e-03 9.997228e-01 2.256321e+02
9.999466e-01 1.118176e-03 -1.027530e-02 8.017149e+01 -1.101735e-03 9.999981e-01 1.605514e-03 -9.817870e+00 1.027707e-02 -1.594100e-03 9.999458e-01 2.258914e+02
9.991171e-01 -1.765600e-03 4.197400e-02 8.011508e+01 1.862444e-03 9.999957e-01 -2.268245e-03 -9.839592e+00 -4.196981e-02 2.344425e-03 9.991160e-01 2.264662e+02
9.998671e-01 1.318345e-03 -1.624759e-02 8.015764e+01 -1.280758e-03 9.999965e-01 2.323597e-03 -9.860797e+00 1.625060e-02 -2.302471e-03 9.998652e-01 2.270355e+02
9.998674e-01 -1.118634e-03 1.624706e-02 8.025104e+01 1.153405e-03 9.999971e-01 -2.130911e-03 -9.873351e+00 -1.624462e-02 2.149375e-03 9.998656e-01 2.272314e+02
9.998627e-01 8.722288e-04 -1.654891e-02 8.036894e+01 -8.349800e-04 9.999971e-01 2.257627e-03 -9.884454e+00 1.655084e-02 -2.243491e-03 9.998604e-01 2.274043e+02
9.998354e-01 -7.020653e-04 1.812871e-02 8.049156e+01 7.376150e-04 9.999978e-01 -1.954358e-03 -9.897849e+00 -1.812730e-02 1.967416e-03 9.998337e-01 2.276428e+02
9.998333e-01 7.775136e-04 -1.824208e-02 8.060514e+01 -7.378654e-04 9.999974e-01 2.180095e-03 -9.910646e+00 1.824373e-02 -2.166263e-03 9.998311e-01 2.278285e+02
9.997895e-01 -1.000768e-03 2.049129e-02 8.086933e+01 1.036988e-03 9.999979e-01 -1.757085e-03 -9.941197e+00 -2.048948e-02 1.777972e-03 9.997884e-01 2.285014e+02
9.998337e-01 5.981655e-04 -1.822942e-02 8.122091e+01 -5.591233e-04 9.999975e-01 2.146755e-03 -9.992708e+00 1.823067e-02 -2.136197e-03 9.998314e-01 2.296938e+02
9.998000e-01 -9.724890e-04 1.997505e-02 8.156323e+01 1.007925e-03 9.999979e-01 -1.764028e-03 -1.004105e+01 -1.997329e-02 1.783817e-03 9.997988e-01 2.308096e+02
9.998239e-01 6.717418e-04 -1.875172e-02 8.190688e+01 -6.303745e-04 9.999974e-01 2.211900e-03 -1.008526e+01 1.875316e-02 -2.199681e-03 9.998216e-01 2.318307e+02
9.997948e-01 -9.943757e-04 2.023505e-02 8.221491e+01 1.032289e-03 9.999977e-01 -1.863304e-03 -1.012841e+01 -2.023314e-02 1.883818e-03 9.997934e-01 2.328093e+02
9.996511e-01 1.512660e-03 -2.636883e-02 8.251735e+01 -1.458188e-03 9.999968e-01 2.084901e-03 -1.015292e+01 2.637190e-02 -2.045715e-03 9.996500e-01 2.332994e+02
9.997281e-01 -1.576659e-03 2.326489e-02 8.267206e+01 1.620489e-03 9.999969e-01 -1.865210e-03 -1.016546e+01 -2.326187e-02 1.902412e-03 9.997275e-01 2.335128e+02
9.997111e-01 1.477292e-03 -2.399020e-02 8.299684e+01 -1.420450e-03 9.999961e-01 2.386299e-03 -1.019794e+01 2.399364e-02 -2.351524e-03 9.997092e-01 2.342501e+02
9.997296e-01 -1.609020e-03 2.319766e-02 8.330933e+01 1.654496e-03 9.999967e-01 -1.941324e-03 -1.023116e+01 -2.319446e-02 1.979188e-03 9.997289e-01 2.350009e+02
9.997008e-01 1.748440e-03 -2.439597e-02 8.357933e+01 -1.688862e-03 9.999955e-01 2.462515e-03 -1.024967e+01 2.440017e-02 -2.420568e-03 9.996992e-01 2.353458e+02
9.997210e-01 -1.584809e-03 2.356770e-02 8.374058e+01 1.641243e-03 9.999958e-01 -2.375388e-03 -1.026451e+01 -2.356384e-02 2.413414e-03 9.997193e-01 2.354080e+02
9.997350e-01 1.674141e-03 -2.295985e-02 8.396093e+01 -1.608975e-03 9.999946e-01 2.856466e-03 -1.028372e+01 2.296452e-02 -2.818759e-03 9.997322e-01 2.358069e+02
9.997420e-01 -1.554714e-03 2.266259e-02 8.418351e+01 1.608728e-03 9.999959e-01 -2.365388e-03 -1.030125e+01 -2.265881e-02 2.401244e-03 9.997403e-01 2.361538e+02
9.997055e-01 1.493903e-03 -2.422307e-02 8.437041e+01 -1.429922e-03 9.999954e-01 2.658443e-03 -1.031594e+01 2.422694e-02 -2.623014e-03 9.997029e-01 2.363949e+02
9.997264e-01 -1.498804e-03 2.334114e-02 8.464092e+01 1.548334e-03 9.999966e-01 -2.104059e-03 -1.033834e+01 -2.333790e-02 2.139632e-03 9.997252e-01 2.368867e+02
9.997501e-01 1.309471e-03 -2.231527e-02 8.489140e+01 -1.254120e-03 9.999961e-01 2.494210e-03 -1.036982e+01 2.231846e-02 -2.465592e-03 9.997478e-01 2.375796e+02
