9.999939e-01 9.437072e-04 -3.369687e-03 -1.052654e-01 -9.427481e-04 9.999995e-01 2.861927e-04 8.684463e-04 3.369956e-03 -2.830137e-04 9.999942e-01 1.932827e-01
9.999458e-01 7.023554e-04 -1.038881e-02 -2.439684e-01 -6.988130e-04 9.999997e-01 3.446111e-04 2.730149e-03 1.038905e-02 -3.373320e-04 9.999459e-01 4.343636e-01
9.999995e-01 7.063658e-04 6.812913e-04 -3.757544e-01 -7.064539e-04 9.999997e-01 1.291971e-04 4.358874e-03 -6.812025e-04 -1.296778e-04 9.999997e-01 6.520039e-01
9.999978e-01 4.072167e-05 -2.116572e-03 -4.746015e-01 -4.065385e-05 1.000000e+00 3.207252e-05 5.336086e-03 2.116571e-03 -3.198577e-05 9.999977e-01 8.222944e-01
9.999857e-01 2.739586e-04 5.334991e-03 -5.516452e-01 -2.744442e-04 1.000000e+00 9.028406e-05 5.861394e-03 -5.334968e-03 -9.174629e-05 9.999857e-01 9.527321e-01
9.999890e-01 2.409595e-04 -4.674888e-03 -6.319628e-01 -2.408348e-04 1.000000e+00 2.722590e-05 6.397141e-03 4.674892e-03 -2.609907e-05 9.999890e-01 1.082055e+00
9.999745e-01 2.227068e-05 7.135772e-03 -6.716045e-01 -2.322797e-05 1.000000e+00 1.340751e-04 5.714912e-03 -7.135771e-03 -1.342368e-04 9.999744e-01 1.165692e+00
9.999906e-01 1.250085e-04 -4.327008e-03 -6.967940e-01 -1.252227e-04 1.000000e+00 -4.923428e-05 4.853286e-03 4.327000e-03 4.977634e-05 9.999905e-01 1.243846e+00
9.999856e-01 3.793938e-04 5.360999e-03 -7.773039e-01 -3.802435e-04 9.999999e-01 1.574823e-04 5.442092e-03 -5.360941e-03 -1.595179e-04 9.999855e-01 1.371400e+00
9.999986e-01 -5.316458e-05 -1.691248e-03 -8.536411e-01 5.312732e-05 1.000000e+00 -2.208877e-05 5.778645e-03 1.691248e-03 2.199959e-05 9.999985e-01 1.512280e+00
9.999665e-01 1.514334e-04 8.187520e-03 -9.193320e-01 -1.518108e-04 1.000000e+00 4.547248e-05 5.715884e-03 -8.187513e-03 -4.671321e-05 9.999664e-01 1.641283e+00
9.999869e-01 1.896339e-04 -5.111347e-03 -9.917833e-01 -1.892598e-04 1.000000e+00 7.367449e-05 6.027079e-03 5.111360e-03 -7.270544e-05 9.999868e-01 1.762152e+00
9.999877e-01 -1.460130e-04 4.959522e-03 -8.578395e-01 1.458386e-04 1.000000e+00 3.553735e-05 8.268536e-03 -4.959528e-03 -3.481289e-05 9.999876e-01 1.426095e+00
9.999808e-01 6.731359e-05 -6.194862e-03 -7.160606e-01 -6.859852e-05 1.000000e+00 -2.072087e-04 1.175730e-02 6.194847e-03 2.076304e-04 9.999807e-01 1.033626e+00
9.999736e-01 -1.796829e-05 7.267742e-03 -6.355318e-01 1.589037e-05 1.000000e+00 2.859715e-04 1.297078e-02 -7.267747e-03 -2.858477e-04 9.999734e-01 8.186675e-01
9.999827e-01 -6.244460e-05 -5.887029e-03 -5.264444e-01 6.008044e-05 9.999999e-01 -4.017666e-04 1.389569e-02 5.887053e-03 4.014067e-04 9.999825e-01 6.073022e-01
9.999322e-01 1.955234e-04 1.164132e-02 -5.791888e-01 -2.002736e-04 9.999999e-01 4.068886e-04 1.344982e-02 -1.164124e-02 -4.091918e-04 9.999321e-01 7.066942e-01
9.999610e-01 1.058386e-04 -8.831825e-03 -6.360845e-01 -1.086298e-04 9.999999e-01 -3.155635e-04 1.320326e-02 8.831792e-03 3.165113e-04 9.999608e-01 8.091117e-01
9.999367e-01 1.573901e-05 1.125094e-02 -6.271188e-01 -2.098594e-05 9.999999e-01 4.662384e-04 1.163452e-02 -1.125093e-02 -4.664443e-04 9.999365e-01 8.827101e-01
9.998943e-01 -7.434040e-05 -1.454236e-02 -3.021180e-01 6.839780e-05 9.999999e-01 -4.091387e-04 1.678816e-02 1.454239e-02 4.081015e-04 9.998941e-01 1.839573e-01
9.999818e-01 -1.064253e-04 6.026683e-03 2.010623e-01 1.050160e-04 1.000000e+00 2.341601e-04 3.068137e-02 -6.026708e-03 -2.335222e-04 9.999817e-01 -1.219696e+00
9.998828e-01 -1.325219e-04 -1.531215e-02 7.255514e-01 1.224007e-04 9.999998e-01 -6.619272e-04 4.116601e-02 1.531224e-02 6.599760e-04 9.998824e-01 -2.395334e+00
9.999991e-01 -2.702046e-04 1.351133e-03 1.531096e+00 2.700495e-04 1.000000e+00 1.149883e-04 5.421557e-02 -1.351167e-03 -1.146227e-04 9.999990e-01 -3.984881e+00
1.000000e+00 1.002912e-04 1.415051e-04 1.974981e+00 -1.003086e-04 1.000000e+00 1.229248e-04 4.774424e-02 -1.414954e-04 -1.229384e-04 9.999999e-01 -4.065687e+00
9.999970e-01 -1.644436e-04 2.433911e-03 2.189142e+00 1.643898e-04 1.000000e+00 2.230165e-05 4.355302e-02 -2.433917e-03 -2.190082e-05 9.999969e-01 -4.059234e+00
9.999978e-01 2.063539e-04 2.091669e-03 2.227728e+00 -2.065564e-04 1.000000e+00 9.663161e-05 4.151963e-02 -2.091651e-03 -9.706277e-05 9.999977e-01 -4.011685e+00
9.999991e-01 -1.890493e-04 1.330967e-03 2.402758e+00 1.888958e-04 1.000000e+00 1.154677e-04 3.761892e-02 -1.330990e-03 -1.152155e-04 9.999990e-01 -3.995502e+00
9.999425e-01 -5.724229e-06 -1.072658e-02 2.965342e+00 4.321732e-06 1.000000e+00 -1.307751e-04 5.228760e-02 1.072658e-02 1.307219e-04 9.999424e-01 -5.524283e+00
9.999386e-01 -7.656381e-05 1.108289e-02 3.221385e+00 7.390749e-05 1.000000e+00 2.400893e-04 5.267737e-02 -1.108291e-02 -2.392548e-04 9.999385e-01 -5.870015e+00
9.999455e-01 -5.015171e-05 -1.044340e-02 3.437961e+00 4.549296e-05 9.999999e-01 -4.463348e-04 5.471495e-02 1.044342e-02 4.458360e-04 9.999453e-01 -6.257543e+00
9.999140e-01 -1.185730e-05 1.311588e-02 3.677270e+00 4.404488e-06 9.999998e-01 5.682593e-04 5.136881e-02 -1.311588e-02 -5.681520e-04 9.999137e-01 -6.358583e+00
9.999432e-01 -1.526710e-04 -1.065665e-02 3.915700e+00 1.467564e-04 9.999998e-01 -5.558013e-04 4.762461e-02 1.065673e-02 5.542064e-04 9.999430e-01 -6.413883e+00
9.999292e-01 9.244498e-05 1.189764e-02 4.105188e+00 -1.005147e-04 9.999998e-01 6.776680e-04 4.672233e-02 -1.189758e-02 -6.788152e-04 9.999289e-01 -6.613344e+00
9.999007e-01 -2.573305e-04 -1.408654e-02 4.478094e+00 2.464409e-04 9.999997e-01 -7.747810e-04 4.965125e-02 1.408674e-02 7.712333e-04 9.999004e-01 -7.204306e+00
9.998923e-01 1.097738e-04 1.467604e-02 4.797918e+00 -1.216044e-04 9.999997e-01 8.052320e-04 4.855717e-02 -1.467595e-02 -8.069292e-04 9.998919e-01 -7.512568e+00
9.998956e-01 -3.113802e-04 -1.444918e-02 5.220018e+00 2.997102e-04 9.999996e-01 -8.098195e-04 4.671307e-02 1.444943e-02 8.054051e-04 9.998952e-01 -7.880129e+00
9.999842e-01 4.615663e-05 5.615237e-03 5.825589e+00 -5.022278e-05 9.999997e-01 7.239930e-04 5.926098e-02 -5.615205e-03 -7.242629e-04 9.999839e-01 -9.313694e+00
9.997356e-01 -2.483208e-04 -2.299446e-02 6.624067e+00 2.169246e-04 9.999990e-01 -1.367863e-03 8.297336e-02 2.299477e-02 1.362514e-03 9.997346e-01 -1.156796e+01
9.999456e-01 2.130952e-05 1.043071e-02 7.309730e+00 -3.084948e-05 9.999996e-01 9.144468e-04 9.989839e-02 -1.043069e-02 -9.147182e-04 9.999451e-01 -1.330782e+01
9.997396e-01 -2.241666e-04 -2.281926e-02 7.960016e+00 1.938837e-04 9.999991e-01 -1.329279e-03 1.172313e-01 2.281953e-02 1.324509e-03 9.997386e-01 -1.504046e+01
9.998809e-01 -9.775539e-05 1.543312e-02 8.544888e+00 8.356719e-05 9.999996e-01 9.199796e-04 1.275326e-01 -1.543321e-02 -9.185798e-04 9.998804e-01 -1.628078e+01
9.998349e-01 -2.263520e-04 -1.816985e-02 9.182047e+00 2.103849e-04 9.999996e-01 -8.806779e-04 1.281014e-01 1.817003e-02 8.767104e-04 9.998344e-01 -1.702600e+01
9.998890e-01 -2.096880e-04 1.490055e-02 1.003945e+01 1.986439e-04 9.999997e-01 7.426633e-04 1.267092e-01 -1.490070e-02 -7.396205e-04 9.998886e-01 -1.786698e+01
9.998594e-01 -2.350125e-04 -1.676810e-02 1.088603e+01 2.223323e-04 9.999997e-01 -7.580693e-04 1.223050e-01 1.676827e-02 7.542351e-04 9.998590e-01 -1.851385e+01
9.999564e-01 -1.773329e-04 9.334693e-03 1.173083e+01 1.716266e-04 9.999998e-01 6.121052e-04 1.276648e-01 -9.334809e-03 -6.104760e-04 9.999561e-01 -1.974178e+01
9.996927e-01 -1.951964e-04 -2.478874e-02 1.269788e+01 1.689033e-04 9.999994e-01 -1.062777e-03 1.459860e-01 2.478892e-02 1.058264e-03 9.996920e-01 -2.185265e+01
9.999575e-01 -8.771734e-05 9.217258e-03 1.353764e+01 8.342467e-05 9.999999e-01 4.661088e-04 1.654654e-01 -9.217311e-03 -4.653197e-04 9.999573e-01 -2.389190e+01
9.996710e-01 -4.629637e-05 -2.564858e-02 1.427553e+01 2.257113e-05 9.999996e-01 -9.253024e-04 1.883829e-01 2.564859e-02 9.244194e-04 9.996705e-01 -2.604927e+01
9.999689e-01 -6.529670e-05 7.883121e-03 1.501900e+01 6.269769e-05 9.999999e-01 3.299446e-04 2.119691e-01 -7.883158e-03 -3.294398e-04 9.999688e-01 -2.823533e+01
9.997552e-01 -5.120145e-05 -2.212558e-02 1.568931e+01 3.347640e-05 9.999997e-01 -8.014828e-04 2.312417e-01 2.212560e-02 8.005461e-04 9.997548e-01 -3.009742e+01
9.999059e-01 -1.338844e-04 1.371866e-02 1.626896e+01 1.266025e-04 9.999999e-01 5.316704e-04 2.417286e-01 -1.371875e-02 -5.298834e-04 9.999057e-01 -3.134162e+01
9.998181e-01 -1.494242e-04 -1.907228e-02 1.686326e+01 1.366517e-04 9.999998e-01 -6.709926e-04 2.461264e-01 1.907236e-02 6.682645e-04 9.998178e-01 -3.222842e+01
9.999030e-01 -1.536912e-04 1.392392e-02 1.742397e+01 1.415538e-04 9.999996e-01 8.726801e-04 2.429658e-01 -1.392407e-02 -8.706243e-04 9.999026e-01 -3.259402e+01
9.997600e-01 1.100103e-04 -2.190904e-02 1.806366e+01 -1.174254e-04 9.999999e-01 -3.371680e-04 2.373580e-01 2.190898e-02 3.396600e-04 9.997598e-01 -3.288125e+01
9.999237e-01 -3.156788e-04 1.234579e-02 1.871642e+01 3.059620e-04 9.999996e-01 7.889376e-04 2.318038e-01 -1.234606e-02 -7.850997e-04 9.999234e-01 -3.317055e+01
9.998191e-01 1.065981e-04 -1.901764e-02 1.945466e+01 -1.142219e-04 9.999999e-01 -3.997944e-04 2.272072e-01 1.901758e-02 4.018947e-04 9.998190e-01 -3.362900e+01
9.999174e-01 -5.720639e-04 1.284094e-02 2.022089e+01 5.666852e-04 9.999998e-01 4.225113e-04 2.274632e-01 -1.284120e-02 -4.151993e-04 9.999174e-01 -3.442998e+01
9.998030e-01 2.948183e-04 -1.984808e-02 2.085524e+01 -3.060792e-04 9.999998e-01 -5.643251e-04 2.341454e-01 1.984789e-02 5.702894e-04 9.998027e-01 -3.549473e+01
9.999711e-01 -3.630767e-04 7.594572e-03 2.129139e+01 3.568277e-04 9.999996e-01 8.241597e-04 2.329035e-01 -7.594892e-03 -8.214255e-04 9.999707e-01 -3.583544e+01
9.988198e-01 3.114055e-03 -4.847035e-02 2.124713e+01 -3.069877e-03 9.999948e-01 9.858619e-04 2.345593e-01 4.847315e-02 -8.358998e-04 9.988240e-01 -3.543443e+01
9.998903e-01 -1.534322e-03 1.472956e-02 2.130234e+01 1.527618e-03 9.999987e-01 4.663470e-04 2.336290e-01 -1.473029e-02 -4.437941e-04 9.998913e-01 -3.507395e+01
9.983584e-01 5.767962e-03 -5.698379e-02 2.106651e+01 -5.690342e-03 9.999826e-01 1.524303e-03 2.402520e-01 5.699155e-02 -1.197543e-03 9.983738e-01 -3.450671e+01
9.995304e-01 -4.438268e-03 3.031979e-02 2.125491e+01 4.441521e-03 9.999901e-01 -3.993887e-05 2.373463e-01 -3.031935e-02 1.745870e-04 9.995402e-01 -3.428270e+01
9.960961e-01 8.357150e-03 -8.787940e-02 2.119953e+01 -8.127050e-03 9.999625e-01 2.975836e-03 2.403024e-01 8.790094e-02 -2.250017e-03 9.961266e-01 -3.375418e+01
9.995820e-01 -3.255556e-03 2.872567e-02 2.093424e+01 3.257863e-03 9.999947e-01 -3.351800e-05 2.475600e-01 -2.872545e-02 1.270895e-04 9.995872e-01 -3.307364e+01
9.982368e-01 5.570880e-03 -5.909580e-02 2.089746e+01 -5.482126e-03 9.999836e-01 1.663878e-03 2.488225e-01 5.910405e-02 -1.336972e-03 9.982508e-01 -3.272054e+01
9.996295e-01 -3.460952e-03 2.699833e-02 2.105539e+01 3.464518e-03 9.999940e-01 -8.527836e-05 2.476235e-01 -2.699793e-02 1.787843e-04 9.996354e-01 -3.246146e+01
9.986713e-01 5.036155e-03 -5.128566e-02 2.125413e+01 -4.969619e-03 9.999866e-01 1.424787e-03 2.454524e-01 5.129209e-02 -1.168022e-03 9.986829e-01 -3.228221e+01
9.995955e-01 -3.787197e-03 2.818561e-02 2.152492e+01 3.792848e-03 9.999928e-01 -1.470049e-04 2.418394e-01 -2.818491e-02 2.538506e-04 9.996026e-01 -3.213941e+01
9.994694e-01 4.208450e-03 -3.229891e-02 2.160810e+01 -4.189881e-03 9.999910e-01 6.425422e-04 2.393307e-01 3.230127e-02 -5.068713e-04 9.994780e-01 -3.199728e+01
9.996026e-01 -3.960785e-03 2.790788e-02 2.192492e+01 3.971350e-03 9.999921e-01 -3.231538e-04 2.408877e-01 -2.790643e-02 4.338588e-04 9.996104e-01 -3.244504e+01
9.995368e-01 3.816550e-03 -3.019302e-02 2.222865e+01 -3.810828e-03 9.999927e-01 2.470393e-04 2.445088e-01 3.019369e-02 -1.318632e-04 9.995440e-01 -3.300463e+01
9.991148e-01 -4.094297e-03 4.186676e-02 2.227936e+01 4.107531e-03 9.999915e-01 -2.300577e-04 2.417492e-01 -4.186552e-02 4.018245e-04 9.991231e-01 -3.293145e+01
9.996316e-01 3.650721e-03 -2.689495e-02 2.242136e+01 -3.645266e-03 9.999933e-01 2.518529e-04 2.373290e-01 2.689564e-02 -1.537196e-04 9.996381e-01 -3.285821e+01
9.994987e-01 -3.844278e-03 3.142607e-02 2.269354e+01 3.849535e-03 9.999926e-01 -1.067583e-04 2.322790e-01 -3.142549e-02 2.276821e-04 9.995060e-01 -3.287735e+01
9.995591e-01 3.832985e-03 -2.944350e-02 2.287370e+01 -3.826252e-03 9.999926e-01 2.849679e-04 2.301354e-01 2.944432e-02 -1.721827e-04 9.995663e-01 -3.297739e+01
9.995206e-01 -3.864959e-03 3.071868e-02 2.309068e+01 3.870615e-03 9.999925e-01 -1.246228e-04 2.289898e-01 -3.071803e-02 2.434647e-04 9.995280e-01 -3.317508e+01
9.995659e-01 3.801949e-03 -2.921529e-02 2.336911e+01 -3.797568e-03 9.999928e-01 2.054487e-04 2.274300e-01 2.921581e-02 -9.441117e-05 9.995730e-01 -3.342221e+01
9.994692e-01 -3.884651e-03 3.234402e-02 2.363523e+01 3.890641e-03 9.999924e-01 -1.222452e-04 2.261181e-01 -3.234336e-02 2.480208e-04 9.994767e-01 -3.368178e+01
9.999126e-01 3.131551e-03 -1.284636e-02 2.381562e+01 -3.136523e-03 9.999950e-01 -3.669461e-04 2.225806e-01 1.284510e-02 4.072082e-04 9.999173e-01 -3.373219e+01
9.989707e-01 -4.340981e-03 4.515211e-02 2.380478e+01 4.364735e-03 9.999904e-01 -4.275007e-04 2.211631e-01 -4.514987e-02 6.241391e-04 9.989799e-01 -3.363714e+01
9.999108e-01 3.137875e-03 -1.298452e-02 2.378303e+01 -3.143800e-03 9.999950e-01 -4.359873e-04 2.199582e-01 1.298304e-02 4.767703e-04 9.999155e-01 -3.353716e+01
9.993939e-01 -3.939974e-03 3.458862e-02 2.378443e+01 3.946550e-03 9.999922e-01 -1.218464e-04 2.186102e-01 -3.458791e-02 2.582796e-04 9.994015e-01 -3.345883e+01
9.996785e-01 3.805733e-03 -2.506800e-02 2.373644e+01 -3.805604e-03 9.999928e-01 5.282949e-05 2.179516e-01 2.506798e-02 4.258755e-05 9.996857e-01 -3.336975e+01
9.991996e-01 -4.141428e-03 3.978650e-02 2.370580e+01 4.152855e-03 9.999914e-01 -2.045697e-04 2.167636e-01 -3.978535e-02 3.696349e-04 9.992081e-01 -3.329089e+01
9.997294e-01 3.623256e-03 -2.297750e-02 2.369091e+01 -3.627019e-03 9.999934e-01 -1.220823e-04 2.152122e-01 2.297687e-02 2.053902e-04 9.997359e-01 -3.320405e+01
9.993493e-01 -3.963420e-03 3.585165e-02 2.369693e+01 3.965685e-03 9.999921e-01 7.947200e-06 2.133070e-01 -3.585144e-02 1.342356e-04 9.993570e-01 -3.311952e+01
9.997140e-01 3.675772e-03 -2.363002e-02 2.366562e+01 -3.680865e-03 9.999932e-01 -1.720540e-04 2.120859e-01 2.362919e-02 2.589848e-04 9.997207e-01 -3.303068e+01
9.993932e-01 -3.864151e-03 3.461557e-02 2.361564e+01 3.862885e-03 9.999925e-01 1.034661e-04 2.114108e-01 -3.461575e-02 3.031384e-05 9.994006e-01 -3.293912e+01
9.997564e-01 3.600448e-03 -2.177440e-02 2.356330e+01 -3.606374e-03 9.999935e-01 -2.329390e-04 2.106918e-01 2.177339e-02 3.114099e-04 9.997628e-01 -3.283451e+01
9.992519e-01 -4.060606e-03 3.845874e-02 2.351880e+01 4.063290e-03 9.999917e-01 8.359180e-06 2.096366e-01 -3.845849e-02 1.479173e-04 9.992601e-01 -3.272468e+01
9.995889e-01 3.901817e-03 -2.840377e-02 2.356791e+01 -3.899924e-03 9.999924e-01 1.220623e-04 2.069947e-01 2.840400e-02 -1.123853e-05 9.995964e-01 -3.262451e+01
9.993254e-01 -4.109673e-03 3.649327e-02 2.367329e+01 4.113803e-03 9.999915e-01 -3.807478e-05 2.034100e-01 -3.649284e-02 1.881764e-04 9.993338e-01 -3.254947e+01
9.997458e-01 3.738335e-03 -2.223425e-02 2.365871e+01 -3.743114e-03 9.999930e-01 -1.733466e-04 2.018083e-01 2.223341e-02 2.565289e-04 9.997527e-01 -3.246185e+01
9.993675e-01 -4.093988e-03 3.532467e-02 2.368048e+01 4.094683e-03 9.999916e-01 5.267251e-05 1.996559e-01 -3.532462e-02 9.200523e-05 9.993758e-01 -3.238537e+01
9.995795e-01 3.995186e-03 -2.872078e-02 2.369064e+01 -3.997989e-03 9.999920e-01 -4.019295e-05 1.981859e-01 2.872036e-02 1.550024e-04 9.995874e-01 -3.234084e+01
9.994059e-01 -3.961007e-03 3.423742e-02 2.368250e+01 3.956570e-03 9.999922e-01 1.973456e-04 1.968873e-01 -3.423796e-02 -6.176444e-05 9.994136e-01 -3.229521e+01
9.995386e-01 4.131011e-03 -3.009078e-02 2.363146e+01 -4.135446e-03 9.999914e-01 -8.515746e-05 1.965148e-01 3.009014e-02 2.095579e-04 9.995471e-01 -3.222609e+01
9.993459e-01 -4.012943e-03 3.593842e-02 2.357257e+01 4.007765e-03 9.999919e-01 2.161211e-04 1.963196e-01 -3.593903e-02 -7.194592e-05 9.993539e-01 -3.214272e+01
9.996427e-01 3.875612e-03 -2.644535e-02 2.354190e+01 -3.883698e-03 9.999924e-01 -2.543992e-04 1.952631e-01 2.644413e-02 3.570150e-04 9.996501e-01 -3.207349e+01
9.993932e-01 -3.987552e-03 3.460130e-02 2.355308e+01 3.979203e-03 9.999920e-01 3.101630e-04 1.935123e-01 -3.460229e-02 -1.722881e-04 9.994010e-01 -3.202027e+01
9.996351e-01 3.878623e-03 -2.673124e-02 2.356780e+01 -3.887159e-03 9.999924e-01 -2.673764e-04 1.916382e-01 2.672997e-02 3.711884e-04 9.996425e-01 -3.196331e+01
9.993993e-01 -3.909337e-03 3.443486e-02 2.353196e+01 3.900051e-03 9.999923e-01 3.368422e-04 1.907314e-01 -3.443594e-02 -2.023411e-04 9.994068e-01 -3.188433e+01
9.996030e-01 3.942732e-03 -2.789662e-02 2.348637e+01 -3.951722e-03 9.999922e-01 -2.671363e-04 1.901233e-01 2.789532e-02 3.772709e-04 9.996107e-01 -3.180570e+01
9.992420e-01 -4.107177e-03 3.871139e-02 2.343651e+01 4.099788e-03 9.999916e-01 2.702595e-04 1.894654e-01 -3.871220e-02 -1.113451e-04 9.992503e-01 -3.170783e+01
9.996061e-01 3.915577e-03 -2.778932e-02 2.338795e+01 -3.926253e-03 9.999922e-01 -3.296139e-04 1.887715e-01 2.778779e-02 4.385930e-04 9.996136e-01 -3.160743e+01
9.992643e-01 -4.066819e-03 3.813589e-02 2.333857e+01 4.057027e-03 9.999917e-01 3.341345e-04 1.881575e-01 -3.813696e-02 -1.791693e-04 9.992724e-01 -3.151377e+01
9.995946e-01 3.924057e-03 -2.820080e-02 2.328969e+01 -3.936093e-03 9.999922e-01 -3.713097e-04 1.875638e-01 2.819910e-02 4.821611e-04 9.996021e-01 -3.142892e+01
9.992343e-01 -4.089802e-03 3.891205e-02 2.323644e+01 4.078323e-03 9.999916e-01 3.743765e-04 1.869989e-01 -3.891327e-02 -2.153929e-04 9.992425e-01 -3.133372e+01
9.995683e-01 3.922703e-03 -2.911607e-02 2.318097e+01 -3.936197e-03 9.999922e-01 -4.061686e-04 1.865547e-01 2.911422e-02 5.206008e-04 9.995759e-01 -3.123944e+01
9.992240e-01 -4.074881e-03 3.917561e-02 2.313033e+01 4.062007e-03 9.999917e-01 4.082029e-04 1.859801e-01 -3.917697e-02 -2.487535e-04 9.992322e-01 -3.115148e+01
9.994285e-01 4.079786e-03 -3.355781e-02 2.314357e+01 -4.088496e-03 9.999916e-01 -1.909243e-04 1.843949e-01 3.355673e-02 3.280171e-04 9.994367e-01 -3.109690e+01
9.991054e-01 -4.174922e-03 4.208380e-02 2.312555e+01 4.164900e-03 9.999913e-01 3.258156e-04 1.831364e-01 -4.208481e-02 -1.502483e-04 9.991139e-01 -3.102412e+01
9.994793e-01 3.976020e-03 -3.202011e-02 2.306677e+01 -3.989742e-03 9.999920e-01 -3.646650e-04 1.826819e-01 3.201838e-02 4.922279e-04 9.994871e-01 -3.091925e+01
9.992871e-01 -3.872073e-03 3.755496e-02 2.300591e+01 3.856036e-03 9.999924e-01 4.994529e-04 1.825724e-01 -3.755663e-02 -3.542826e-04 9.992943e-01 -3.083417e+01
9.996170e-01 3.726347e-03 -2.742129e-02 2.295900e+01 -3.742467e-03 9.999929e-01 -5.365779e-04 1.818975e-01 2.741908e-02 6.389965e-04 9.996237e-01 -3.075271e+01
9.991658e-01 -4.016920e-03 4.063870e-02 2.292052e+01 4.002281e-03 9.999919e-01 4.415901e-04 1.808661e-01 -4.064015e-02 -2.785734e-04 9.991737e-01 -3.065847e+01
9.995804e-01 3.770574e-03 -2.871823e-02 2.287355e+01 -3.787546e-03 9.999927e-01 -5.366187e-04 1.800859e-01 2.871598e-02 6.451660e-04 9.995873e-01 -3.056269e+01
9.991629e-01 -4.014006e-03 4.070992e-02 2.282375e+01 3.998021e-03 9.999919e-01 4.740498e-04 1.793517e-01 -4.071150e-02 -3.108930e-04 9.991708e-01 -3.046593e+01
9.995519e-01 3.799289e-03 -2.969096e-02 2.277844e+01 -3.817459e-03 9.999926e-01 -5.553108e-04 1.785504e-01 2.968862e-02 6.684068e-04 9.995589e-01 -3.037547e+01
9.992722e-01 -3.850171e-03 3.795178e-02 2.273333e+01 3.830213e-03 9.999925e-01 5.985715e-04 1.777893e-01 -3.795381e-02 -4.527716e-04 9.992793e-01 -3.028611e+01
9.995358e-01 3.870527e-03 -3.021850e-02 2.267430e+01 -3.888348e-03 9.999923e-01 -5.309832e-04 1.774681e-01 3.021621e-02 6.482376e-04 9.995431e-01 -3.017732e+01
9.995070e-01 -3.401344e-03 3.121284e-02 2.259885e+01 3.379147e-03 9.999940e-01 7.638850e-04 1.777623e-01 -3.121526e-02 -6.580348e-04 9.995124e-01 -3.005203e+01
9.994837e-01 4.013435e-03 -3.187741e-02 2.251201e+01 -4.033669e-03 9.999917e-01 -5.704409e-04 1.784657e-01 3.187485e-02 6.987301e-04 9.994915e-01 -2.992853e+01
9.994323e-01 -3.593448e-03 3.349857e-02 2.243809e+01 3.569924e-03 9.999933e-01 7.620212e-04 1.789686e-01 -3.350109e-02 -6.420004e-04 9.994384e-01 -2.982471e+01
9.995494e-01 3.797935e-03 -2.977665e-02 2.237341e+01 -3.816664e-03 9.999926e-01 -5.721604e-04 1.791485e-01 2.977425e-02 6.855508e-04 9.995563e-01 -2.972527e+01
9.992829e-01 -3.811162e-03 3.767176e-02 2.230906e+01 3.787609e-03 9.999926e-01 6.965535e-04 1.790408e-01 -3.767414e-02 -5.533672e-04 9.992898e-01 -2.960522e+01
9.996017e-01 3.699030e-03 -2.797824e-02 2.225035e+01 -3.718996e-03 9.999929e-01 -6.616087e-04 1.786549e-01 2.797559e-02 7.653970e-04 9.996082e-01 -2.948425e+01
9.993112e-01 -3.724077e-03 3.692307e-02 2.218587e+01 3.697791e-03 9.999929e-01 7.801734e-04 1.784294e-01 -3.692572e-02 -6.431014e-04 9.993177e-01 -2.933489e+01
9.995908e-01 3.724636e-03 -2.836220e-02 2.211298e+01 -3.744530e-03 9.999928e-01 -6.483313e-04 1.784687e-01 2.835958e-02 7.542699e-04 9.995974e-01 -2.916118e+01
9.991456e-01 -3.930242e-03 4.114153e-02 2.204724e+01 3.903980e-03 9.999921e-01 7.186611e-04 1.781117e-01 -4.114403e-02 -5.574305e-04 9.991530e-01 -2.899027e+01
9.996243e-01 3.602187e-03 -2.717079e-02 2.198239e+01 -3.623912e-03 9.999932e-01 -7.503724e-04 1.777094e-01 2.716790e-02 8.485559e-04 9.996304e-01 -2.882027e+01
9.991318e-01 -3.952009e-03 4.147289e-02 2.192607e+01 3.926295e-03 9.999920e-01 7.014442e-04 1.770825e-01 -4.147533e-02 -5.379996e-04 9.991393e-01 -2.866841e+01
9.995183e-01 3.769291e-03 -3.080526e-02 2.186242e+01 -3.791479e-03 9.999926e-01 -6.618831e-04 1.768128e-01 3.080254e-02 7.783626e-04 9.995251e-01 -2.852139e+01
9.992580e-01 -3.750282e-03 3.833162e-02 2.178607e+01 3.720726e-03 9.999927e-01 8.423854e-04 1.771299e-01 -3.833450e-02 -6.991382e-04 9.992646e-01 -2.837230e+01
9.994651e-01 3.895753e-03 -3.247094e-02 2.170439e+01 -3.917606e-03 9.999921e-01 -6.094215e-04 1.776578e-01 3.246831e-02 7.363047e-04 9.994724e-01 -2.821419e+01
9.991095e-01 -3.971067e-03 4.200601e-02 2.163395e+01 3.942421e-03 9.999919e-01 7.647691e-04 1.776365e-01 -4.200871e-02 -5.984819e-04 9.991170e-01 -2.804776e+01
9.994577e-01 3.896939e-03 -3.269828e-02 2.156349e+01 -3.919707e-03 9.999921e-01 -6.322471e-04 1.776482e-01 3.269556e-02 7.600727e-04 9.994650e-01 -2.788635e+01
9.989599e-01 -4.151142e-03 4.540820e-02 2.149525e+01 4.122616e-03 9.999912e-01 7.218432e-04 1.774467e-01 -4.541079e-02 -5.338911e-04 9.989682e-01 -2.771364e+01
9.994013e-01 3.968382e-03 -3.437139e-02 2.142556e+01 -3.992180e-03 9.999918e-01 -6.237794e-04 1.773693e-01 3.436864e-02 7.606234e-04 9.994088e-01 -2.755002e+01
9.989740e-01 -4.131887e-03 4.509812e-02 2.135286e+01 4.101698e-03 9.999913e-01 7.619350e-04 1.773575e-01 -4.510087e-02 -5.761736e-04 9.989822e-01 -2.738134e+01
9.993463e-01 4.042257e-03 -3.592672e-02 2.127424e+01 -4.066819e-03 9.999915e-01 -6.106114e-04 1.776345e-01 3.592395e-02 7.563204e-04 9.993541e-01 -2.722062e+01
9.992373e-01 -3.746535e-03 3.886980e-02 2.120342e+01 3.715132e-03 9.999927e-01 8.800944e-04 1.779531e-01 -3.887280e-02 -7.350159e-04 9.992438e-01 -2.710785e+01
9.993500e-01 3.942785e-03 -3.583254e-02 2.116432e+01 -3.967041e-03 9.999919e-01 -6.058354e-04 1.773204e-01 3.582987e-02 7.475916e-04 9.993575e-01 -2.702417e+01
9.992433e-01 -3.779662e-03 3.871126e-02 2.113261e+01 3.748146e-03 9.999926e-01 8.866745e-04 1.766034e-01 -3.871432e-02 -7.409073e-04 9.992499e-01 -2.694869e+01
9.993130e-01 4.056092e-03 -3.683978e-02 2.107173e+01 -4.085505e-03 9.999914e-01 -7.231546e-04 1.766120e-01 3.683654e-02 8.731676e-04 9.993208e-01 -2.686880e+01
9.992633e-01 -3.642739e-03 3.820454e-02 2.099702e+01 3.609463e-03 9.999930e-01 9.399331e-04 1.770924e-01 -3.820769e-02 -8.013420e-04 9.992694e-01 -2.676375e+01
9.993577e-01 3.948653e-03 -3.561849e-02 2.094024e+01 -3.975809e-03 9.999919e-01 -6.916047e-04 1.768748e-01 3.561548e-02 8.327736e-04 9.993651e-01 -2.665700e+01
9.992601e-01 -3.695570e-03 3.828384e-02 2.088241e+01 3.661210e-03 9.999928e-01 9.675658e-04 1.766800e-01 -3.828713e-02 -8.266838e-04 9.992663e-01 -2.653993e+01
9.993389e-01 4.064504e-03 -3.612707e-02 2.080996e+01 -4.093410e-03 9.999914e-01 -7.261742e-04 1.770213e-01 3.612382e-02 8.735780e-04 9.993468e-01 -2.642479e+01
9.991739e-01 -3.915005e-03 4.044914e-02 2.075141e+01 3.879983e-03 9.999920e-01 9.442843e-04 1.769099e-01 -4.045250e-02 -7.865614e-04 9.991811e-01 -2.633019e+01
9.994021e-01 3.954317e-03 -3.434890e-02 2.070709e+01 -3.984142e-03 9.999917e-01 -7.999050e-04 1.762879e-01 3.434546e-02 9.362785e-04 9.994095e-01 -2.624249e+01
9.991779e-01 -3.930286e-03 4.034884e-02 2.066663e+01 3.894845e-03 9.999920e-01 9.569343e-04 1.755158e-01 -4.035226e-02 -7.989943e-04 9.991851e-01 -2.615311e+01
9.993804e-01 4.027807e-03 -3.496542e-02 2.061892e+01 -4.057619e-03 9.999915e-01 -7.816965e-04 1.749909e-01 3.496199e-02 9.230894e-04 9.993881e-01 -2.606417e+01
9.992967e-01 -3.884623e-03 3.729653e-02 2.058612e+01 3.848906e-03 9.999921e-01 1.029411e-03 1.742350e-01 -3.730022e-02 -8.851356e-04 9.993036e-01 -2.598779e+01
9.993722e-01 4.125810e-03 -3.518796e-02 2.053383e+01 -4.158738e-03 9.999910e-01 -8.626352e-04 1.740060e-01 3.518410e-02 1.008432e-03 9.993802e-01 -2.591775e+01
9.992064e-01 -4.012687e-03 3.962940e-02 2.049181e+01 3.971503e-03 9.999915e-01 1.117887e-03 1.733924e-01 -3.963353e-02 -9.596110e-04 9.992137e-01 -2.583677e+01
9.993214e-01 4.035776e-03 -3.661223e-02 2.060583e+01 -4.067315e-03 9.999914e-01 -7.869782e-04 1.710275e-01 3.660876e-02 9.353586e-04 9.993291e-01 -2.585312e+01
9.991019e-01 -4.071494e-03 4.217711e-02 2.061989e+01 4.029524e-03 9.999913e-01 1.080048e-03 1.692193e-01 -4.218112e-02 -9.091230e-04 9.991095e-01 -2.575352e+01
9.993134e-01 4.147337e-03 -3.681863e-02 2.057521e+01 -4.182141e-03 9.999909e-01 -8.683245e-04 1.685849e-01 3.681471e-02 1.021710e-03 9.993215e-01 -2.565540e+01
9.991843e-01 -3.966340e-03 4.018595e-02 2.052632e+01 3.923336e-03 9.999916e-01 1.148943e-03 1.681678e-01 -4.019016e-02 -9.903415e-04 9.991915e-01 -2.556305e+01
9.992999e-01 4.175353e-03 -3.717905e-02 2.046728e+01 -4.213786e-03 9.999907e-01 -9.554332e-04 1.682024e-01 3.717473e-02 1.111430e-03 9.993081e-01 -2.548641e+01
9.991738e-01 -3.992294e-03 4.044548e-02 2.041443e+01 3.947756e-03 9.999915e-01 1.180983e-03 1.679915e-01 -4.044984e-02 -1.020337e-03 9.991809e-01 -2.541163e+01
9.993212e-01 4.122715e-03 -3.660870e-02 2.038139e+01 -4.158862e-03 9.999909e-01 -9.112805e-04 1.671904e-01 3.660463e-02 1.062913e-03 9.993292e-01 -2.533735e+01
9.991532e-01 -4.012810e-03 4.094795e-02 2.032999e+01 3.969728e-03 9.999915e-01 1.133366e-03 1.668512e-01 -4.095213e-02 -9.698529e-04 9.991605e-01 -2.524698e+01
9.993824e-01 4.042500e-03 -3.490559e-02 2.027845e+01 -4.079380e-03 9.999912e-01 -9.853950e-04 1.664512e-01 3.490132e-02 1.127181e-03 9.993900e-01 -2.514909e+01
9.990881e-01 -4.093719e-03 4.249992e-02 2.023211e+01 4.050171e-03 9.999912e-01 1.110708e-03 1.658289e-01 -4.250407e-02 -9.375621e-04 9.990958e-01 -2.505160e+01
9.993504e-01 4.077039e-03 -3.580809e-02 2.018959e+01 -4.114970e-03 9.999910e-01 -9.856479e-04 1.650669e-01 3.580377e-02 1.132358e-03 9.993581e-01 -2.495263e+01
9.992252e-01 -3.904772e-03 3.916352e-02 2.013062e+01 3.861165e-03 9.999918e-01 1.189023e-03 1.651441e-01 -3.916783e-02 -1.036884e-03 9.992320e-01 -2.487752e+01
9.993364e-01 4.115883e-03 -3.619144e-02 2.007111e+01 -4.155451e-03 9.999908e-01 -1.018143e-03 1.652918e-01 3.618694e-02 1.167860e-03 9.993443e-01 -2.480851e+01
9.992165e-01 -3.908127e-03 3.938290e-02 2.000807e+01 3.862727e-03 9.999918e-01 1.228798e-03 1.655494e-01 -3.938736e-02 -1.075709e-03 9.992233e-01 -2.473183e+01
9.993372e-01 4.108033e-03 -3.617113e-02 1.994539e+01 -4.148287e-03 9.999909e-01 -1.037897e-03 1.657364e-01 3.616656e-02 1.187259e-03 9.993450e-01 -2.465273e+01
9.992026e-01 -3.939690e-03 3.973137e-02 1.990708e+01 3.890485e-03 9.999916e-01 1.315685e-03 1.650758e-01 -3.973620e-02 -1.160061e-03 9.992094e-01 -2.458362e+01
9.994166e-01 3.967310e-03 -3.392111e-02 1.987099e+01 -4.007837e-03 9.999913e-01 -1.126823e-03 1.641939e-01 3.391637e-02 1.262117e-03 9.994238e-01 -2.449022e+01
9.992682e-01 -3.843349e-03 3.805579e-02 1.981536e+01 3.795382e-03 9.999919e-01 1.332606e-03 1.639801e-01 -3.806058e-02 -1.187194e-03 9.992746e-01 -2.439714e+01
9.993886e-01 4.026419e-03 -3.473050e-02 1.975997e+01 -4.068603e-03 9.999911e-01 -1.144022e-03 1.638440e-01 3.472561e-02 1.284628e-03 9.993960e-01 -2.431997e+01
9.992339e-01 -3.902196e-03 3.894179e-02 1.970366e+01 3.852966e-03 9.999917e-01 1.339155e-03 1.636774e-01 -3.894667e-02 -1.188086e-03 9.992405e-01 -2.423876e+01
9.994679e-01 3.895069e-03 -3.238472e-02 1.965377e+01 -3.938323e-03 9.999914e-01 -1.271964e-03 1.632441e-01 3.237951e-02 1.398830e-03 9.994746e-01 -2.416191e+01
9.991156e-01 -4.056571e-03 4.185100e-02 1.961094e+01 4.007272e-03 9.999912e-01 1.261800e-03 1.624556e-01 -4.185572e-02 -1.092975e-03 9.991230e-01 -2.408400e+01
9.993216e-01 4.067180e-03 -3.660386e-02 1.957063e+01 -4.111809e-03 9.999909e-01 -1.144028e-03 1.618164e-01 3.659889e-02 1.293761e-03 9.993291e-01 -2.402788e+01
9.992010e-01 -4.055582e-03 3.976052e-02 1.960140e+01 4.003703e-03 9.999910e-01 1.384338e-03 1.602330e-01 -3.976575e-02 -1.224042e-03 9.992082e-01 -2.400742e+01
9.993276e-01 4.080717e-03 -3.643699e-02 1.963247e+01 -4.126097e-03 9.999908e-01 -1.170303e-03 1.583484e-01 3.643190e-02 1.319860e-03 9.993352e-01 -2.396671e+01
9.991740e-01 -3.972387e-03 4.044128e-02 1.959813e+01 3.919649e-03 9.999914e-01 1.383279e-03 1.576035e-01 -4.044640e-02 -1.223620e-03 9.991809e-01 -2.390791e+01
9.992946e-01 4.029114e-03 -3.733644e-02 1.959943e+01 -4.074976e-03 9.999910e-01 -1.152332e-03 1.568032e-01 3.733148e-02 1.303666e-03 9.993020e-01 -2.390701e+01
9.991856e-01 -3.999264e-03 4.015161e-02 1.960534e+01 3.947572e-03 9.999913e-01 1.366630e-03 1.554623e-01 -4.015670e-02 -1.207015e-03 9.991926e-01 -2.386729e+01
9.992788e-01 4.090785e-03 -3.775081e-02 1.960454e+01 -4.136653e-03 9.999908e-01 -1.136983e-03 1.541656e-01 3.774584e-02 1.292326e-03 9.992864e-01 -2.381381e+01
9.991714e-01 -4.109674e-03 4.049296e-02 1.968238e+01 4.055583e-03 9.999908e-01 1.417863e-03 1.517229e-01 -4.049839e-02 -1.252464e-03 9.991787e-01 -2.378421e+01
9.992871e-01 4.053947e-03 -3.753559e-02 1.983331e+01 -4.099817e-03 9.999909e-01 -1.145142e-03 1.483021e-01 3.753063e-02 1.298216e-03 9.992945e-01 -2.377310e+01
9.991599e-01 -4.106430e-03 4.077470e-02 1.997894e+01 4.051657e-03 9.999908e-01 1.425837e-03 1.447126e-01 -4.078015e-02 -1.259433e-03 9.991673e-01 -2.374801e+01
9.993328e-01 4.086535e-03 -3.629491e-02 2.002772e+01 -4.132804e-03 9.999907e-01 -1.199857e-03 1.423388e-01 3.628970e-02 1.349057e-03 9.993403e-01 -2.368626e+01
9.991017e-01 -4.123736e-03 4.217544e-02 2.003835e+01 4.067844e-03 9.999907e-01 1.410952e-03 1.406028e-01 -4.218084e-02 -1.238121e-03 9.991091e-01 -2.360624e+01
9.993104e-01 4.189768e-03 -3.689292e-02 1.998952e+01 -4.238300e-03 9.999903e-01 -1.237343e-03 1.400630e-01 3.688741e-02 1.392854e-03 9.993184e-01 -2.350680e+01
9.990839e-01 -4.113600e-03 4.259614e-02 1.994435e+01 4.056449e-03 9.999908e-01 1.428049e-03 1.394157e-01 -4.260159e-02 -1.253950e-03 9.990913e-01 -2.341676e+01
9.993354e-01 4.087457e-03 -3.622321e-02 1.993242e+01 -4.135726e-03 9.999907e-01 -1.257709e-03 1.380243e-01 3.621776e-02 1.406684e-03 9.993428e-01 -2.333390e+01
9.990742e-01 -4.082660e-03 4.282506e-02 1.988505e+01 4.025523e-03 9.999909e-01 1.420342e-03 1.373609e-01 -4.283044e-02 -1.246633e-03 9.990815e-01 -2.322796e+01
9.993202e-01 4.105062e-03 -3.663848e-02 1.982462e+01 -4.153718e-03 9.999906e-01 -1.251978e-03 1.371975e-01 3.663302e-02 1.403314e-03 9.993277e-01 -2.311474e+01
9.990393e-01 -4.095403e-03 4.363213e-02 1.977950e+01 4.037262e-03 9.999908e-01 1.420557e-03 1.365104e-01 -4.363752e-02 -1.243037e-03 9.990466e-01 -2.301370e+01
9.994611e-01 3.866110e-03 -3.259674e-02 1.974071e+01 -3.915396e-03 9.999913e-01 -1.448284e-03 1.355415e-01 3.259089e-02 1.575133e-03 9.994674e-01 -2.291020e+01
9.990473e-01 -4.104358e-03 4.344619e-02 1.969653e+01 4.047280e-03 9.999908e-01 1.401638e-03 1.347259e-01 -4.345151e-02 -1.224463e-03 9.990547e-01 -2.281888e+01
9.995323e-01 3.758163e-03 -3.034843e-02 1.964917e+01 -3.806194e-03 9.999916e-01 -1.525025e-03 1.339020e-01 3.034248e-02 1.639825e-03 9.995381e-01 -2.271164e+01
9.991504e-01 -3.977965e-03 4.101993e-02 1.960146e+01 3.919610e-03 9.999912e-01 1.502922e-03 1.331644e-01 -4.102551e-02 -1.340862e-03 9.991571e-01 -2.260518e+01
9.994389e-01 3.912821e-03 -3.326498e-02 1.955936e+01 -3.961492e-03 9.999912e-01 -1.397356e-03 1.324214e-01 3.325926e-02 1.528352e-03 9.994455e-01 -2.250741e+01
9.988960e-01 -4.247592e-03 4.678308e-02 1.952578e+01 4.189707e-03 9.999903e-01 1.335302e-03 1.312147e-01 -4.678826e-02 -1.137820e-03 9.989041e-01 -2.239882e+01
9.993752e-01 3.941198e-03 -3.512385e-02 1.947703e+01 -3.992796e-03 9.999911e-01 -1.399003e-03 1.305033e-01 3.511806e-02 1.538372e-03 9.993819e-01 -2.228729e+01
9.990843e-01 -3.992690e-03 4.259794e-02 1.942500e+01 3.931038e-03 9.999911e-01 1.530951e-03 1.301075e-01 -4.260363e-02 -1.362094e-03 9.990910e-01 -2.219122e+01
9.993653e-01 3.967061e-03 -3.540076e-02 1.938501e+01 -4.017596e-03 9.999910e-01 -1.356491e-03 1.293525e-01 3.539510e-02 1.497857e-03 9.993722e-01 -2.209363e+01
9.990471e-01 -4.069001e-03 4.345432e-02 1.935895e+01 4.007351e-03 9.999908e-01 1.505749e-03 1.281571e-01 -4.346001e-02 -1.330177e-03 9.990542e-01 -2.198898e+01
9.994025e-01 3.946717e-03 -3.433854e-02 1.933741e+01 -3.996637e-03 9.999911e-01 -1.385253e-03 1.268270e-01 3.433281e-02 1.521665e-03 9.994092e-01 -2.188617e+01
9.989694e-01 -4.146630e-03 4.519808e-02 1.931197e+01 4.084959e-03 9.999906e-01 1.456735e-03 1.254884e-01 -4.520365e-02 -1.270601e-03 9.989769e-01 -2.177663e+01
9.995367e-01 3.708300e-03 -3.021101e-02 1.926890e+01 -3.758887e-03 9.999916e-01 -1.617829e-03 1.245090e-01 3.020480e-02 1.730640e-03 9.995421e-01 -2.166271e+01
9.991126e-01 -3.968975e-03 4.193046e-02 1.923092e+01 3.906228e-03 9.999911e-01 1.578284e-03 1.235027e-01 -4.193630e-02 -1.413093e-03 9.991192e-01 -2.155656e+01
9.993543e-01 3.939086e-03 -3.571241e-02 1.921971e+01 -3.990778e-03 9.999911e-01 -1.376266e-03 1.222550e-01 3.570671e-02 1.517899e-03 9.993611e-01 -2.147520e+01
9.991764e-01 -3.979483e-03 4.038206e-02 1.926993e+01 3.916066e-03 9.999910e-01 1.649394e-03 1.199486e-01 -4.038821e-02 -1.489896e-03 9.991829e-01 -2.141658e+01
9.992935e-01 3.982890e-03 -3.737031e-02 1.930142e+01 -4.036743e-03 9.999909e-01 -1.365730e-03 1.181445e-01 3.736458e-02 1.515621e-03 9.993005e-01 -2.136581e+01
9.991604e-01 -4.006962e-03 4.077324e-02 1.936448e+01 3.941346e-03 9.999908e-01 1.689543e-03 1.157917e-01 -4.077959e-02 -1.527422e-03 9.991669e-01 -2.131803e+01
9.994034e-01 3.926266e-03 -3.431343e-02 1.936404e+01 -3.981448e-03 9.999909e-01 -1.539997e-03 1.142703e-01 3.430711e-02 1.675696e-03 9.994098e-01 -2.123655e+01
9.991679e-01 -3.926538e-03 4.059606e-02 1.934962e+01 3.858532e-03 9.999910e-01 1.753405e-03 1.130322e-01 -4.060254e-02 -1.595304e-03 9.991740e-01 -2.116049e+01
9.994024e-01 3.803607e-03 -3.435585e-02 1.941953e+01 -3.859195e-03 9.999913e-01 -1.551839e-03 1.102580e-01 3.434970e-02 1.683499e-03 9.994084e-01 -2.110304e+01
9.991412e-01 -3.964293e-03 4.124414e-02 1.953346e+01 3.896213e-03 9.999909e-01 1.730904e-03 1.067643e-01 -4.125058e-02 -1.568721e-03 9.991475e-01 -2.105425e+01
9.993001e-01 3.825550e-03 -3.721102e-02 1.973589e+01 -3.884952e-03 9.999913e-01 -1.524183e-03 1.029523e-01 3.720491e-02 1.667680e-03 9.993062e-01 -2.108899e+01
9.993316e-01 -4.025591e-03 3.633348e-02 2.015257e+01 3.966019e-03 9.999907e-01 1.711495e-03 1.020224e-01 -3.633999e-02 -1.566251e-03 9.993382e-01 -2.149564e+01
9.992215e-01 3.736019e-03 -3.927240e-02 2.071968e+01 -3.799937e-03 9.999916e-01 -1.553047e-03 1.021419e-01 3.926632e-02 1.701072e-03 9.992272e-01 -2.210231e+01
9.993368e-01 -4.058426e-03 3.618646e-02 2.132990e+01 3.999355e-03 9.999905e-01 1.704659e-03 1.017773e-01 -3.619299e-02 -1.558805e-03 9.993435e-01 -2.272235e+01
9.991813e-01 3.693017e-03 -4.028720e-02 2.200242e+01 -3.756646e-03 9.999918e-01 -1.503779e-03 1.014402e-01 4.028136e-02 1.653894e-03 9.991869e-01 -2.339743e+01
9.993101e-01 -4.113341e-03 3.690932e-02 2.255124e+01 4.052619e-03 9.999903e-01 1.719804e-03 9.883353e-02 -3.691598e-02 -1.569037e-03 9.993170e-01 -2.380732e+01
9.992822e-01 3.893535e-03 -3.768288e-02 2.288365e+01 -3.951225e-03 9.999911e-01 -1.456577e-03 9.543741e-02 3.767692e-02 1.604426e-03 9.992886e-01 -2.396068e+01
9.994067e-01 -4.156438e-03 3.418951e-02 2.339169e+01 4.097820e-03 9.999900e-01 1.784382e-03 9.138055e-02 -3.419654e-02 -1.643220e-03 9.994137e-01 -2.423665e+01
9.992454e-01 3.789562e-03 -3.865464e-02 2.404024e+01 -3.847946e-03 9.999916e-01 -1.436106e-03 8.783569e-02 3.864892e-02 1.583765e-03 9.992515e-01 -2.468614e+01
9.993545e-01 -4.158385e-03 3.568386e-02 2.464191e+01 4.100085e-03 9.999901e-01 1.706802e-03 8.510340e-02 -3.569056e-02 -1.559392e-03 9.993616e-01 -2.514613e+01
9.990462e-01 3.801869e-03 -4.350018e-02 2.529756e+01 -3.858551e-03 9.999918e-01 -1.219132e-03 7.955738e-02 4.349524e-02 1.385818e-03 9.990526e-01 -2.545874e+01
9.994570e-01 -4.045942e-03 3.270050e-02 2.592723e+01 3.986270e-03 9.999903e-01 1.889788e-03 7.265996e-02 -3.270778e-02 -1.758407e-03 9.994633e-01 -2.565361e+01
9.984026e-01 4.740554e-03 -5.630140e-02 2.648734e+01 -4.766407e-03 9.999886e-01 -3.249207e-04 6.556592e-02 5.629926e-02 5.927584e-04 9.984137e-01 -2.563998e+01
9.988703e-01 -4.828853e-03 4.727362e-02 2.708782e+01 4.784486e-03 9.999880e-01 1.051625e-03 5.926021e-02 -4.727809e-02 -8.242557e-04 9.988813e-01 -2.584973e+01
9.989325e-01 4.695809e-03 -4.595394e-02 2.739164e+01 -4.739236e-03 9.999884e-01 -8.361169e-04 5.602590e-02 4.594952e-02 1.053012e-03 9.989431e-01 -2.599398e+01
9.985149e-01 -4.824169e-03 5.426571e-02 2.737612e+01 4.776810e-03 9.999881e-01 1.002398e-03 5.468866e-02 -5.426986e-02 -7.416912e-04 9.985259e-01 -2.590704e+01
9.988013e-01 4.770159e-03 -4.871572e-02 2.738137e+01 -4.811735e-03 9.999882e-01 -7.362013e-04 5.378962e-02 4.871167e-02 9.697273e-04 9.988123e-01 -2.588809e+01
9.986805e-01 -4.807009e-03 5.112781e-02 2.743968e+01 4.760435e-03 9.999881e-01 1.032668e-03 5.286811e-02 -5.113212e-02 -7.879135e-04 9.986915e-01 -2.593873e+01
9.987990e-01 4.836350e-03 -4.875568e-02 2.749656e+01 -4.875058e-03 9.999879e-01 -6.750144e-04 5.090643e-02 4.875187e-02 9.118919e-04 9.988104e-01 -2.591422e+01
9.987916e-01 -4.935189e-03 4.889793e-02 2.767331e+01 4.897483e-03 9.999876e-01 8.909033e-04 5.167279e-02 -4.890168e-02 -6.503488e-04 9.988033e-01 -2.618232e+01
9.988646e-01 4.835829e-03 -4.739378e-02 2.787451e+01 -4.873031e-03 9.999879e-01 -6.694377e-04 5.000410e-02 4.739001e-02 8.996303e-04 9.988760e-01 -2.632407e+01
9.987524e-01 -4.911135e-03 4.969456e-02 2.803388e+01 4.866294e-03 9.999876e-01 1.023276e-03 4.856883e-02 -4.969892e-02 -7.801698e-04 9.987638e-01 -2.645930e+01
9.987729e-01 4.760800e-03 -4.929515e-02 2.827338e+01 -4.808134e-03 9.999881e-01 -8.416771e-04 4.956545e-02 4.929060e-02 1.077663e-03 9.987838e-01 -2.681815e+01
9.989227e-01 -4.916941e-03 4.614380e-02 2.861768e+01 4.874345e-03 9.999876e-01 1.035573e-03 5.477814e-02 -4.614827e-02 -8.095351e-04 9.989342e-01 -2.753507e+01
9.987469e-01 4.729555e-03 -4.982135e-02 2.905464e+01 -4.775758e-03 9.999883e-01 -8.083628e-04 5.870697e-02 4.981698e-02 1.045286e-03 9.987577e-01 -2.825298e+01
9.989369e-01 -4.965919e-03 4.582976e-02 2.950028e+01 4.927198e-03 9.999874e-01 9.578084e-04 6.101135e-02 -4.583389e-02 -7.309768e-04 9.989487e-01 -2.885655e+01
9.987278e-01 4.810406e-03 -5.019685e-02 2.991980e+01 -4.852115e-03 9.999880e-01 -7.090877e-04 6.664862e-02 5.019288e-02 9.517478e-04 9.987390e-01 -2.966227e+01
9.990304e-01 -5.032407e-03 4.373736e-02 3.042810e+01 5.006629e-03 9.999872e-01 6.989047e-04 7.317747e-02 -4.374027e-02 -4.792492e-04 9.990427e-01 -3.057974e+01
9.989573e-01 4.929709e-03 -4.538688e-02 3.071731e+01 -4.957411e-03 9.999876e-01 -4.978062e-04 7.586181e-02 4.538391e-02 7.222898e-04 9.989693e-01 -3.107035e+01
9.990441e-01 -5.040905e-03 4.342106e-02 3.102031e+01 5.017494e-03 9.999872e-01 6.481175e-04 7.901299e-02 -4.342373e-02 -4.296320e-04 9.990566e-01 -3.160062e+01
9.990304e-01 4.966151e-03 -4.374381e-02 3.122070e+01 -4.992858e-03 9.999874e-01 -5.013001e-04 8.070753e-02 4.374081e-02 7.192220e-04 9.990426e-01 -3.194192e+01
