9.992765e-01 -1.392161e-03 3.800773e-02 2.491874e-02 1.450979e-03 9.999978e-01 -1.519987e-03 -8.887485e-03 -3.800553e-02 1.574036e-03 9.992762e-01 3.885424e-01
9.999999e-01 4.168564e-05 -3.360010e-04 4.979021e-02 -4.167242e-05 1.000000e+00 3.929751e-05 -1.844846e-02 3.360103e-04 -3.928334e-05 9.999998e-01 8.107497e-01
9.995251e-01 -1.019497e-03 3.079716e-02 8.711565e-02 1.060886e-03 9.999986e-01 -1.327624e-03 -3.108800e-02 -3.079575e-02 1.359666e-03 9.995247e-01 1.370696e+00
9.999957e-01 -1.589072e-04 2.927218e-03 1.279832e-01 1.589714e-04 1.000000e+00 -2.171012e-05 -4.301355e-02 -2.927201e-03 2.217526e-05 9.999956e-01 1.885376e+00
9.993261e-01 -1.318065e-03 3.668159e-02 1.519800e-01 1.376265e-03 9.999978e-01 -1.561440e-03 -5.159686e-02 -3.667943e-02 1.610872e-03 9.993257e-01 2.260548e+00
9.999694e-01 -3.966270e-04 7.812079e-03 1.645793e-01 3.980297e-04 9.999999e-01 -1.779842e-04 -5.841424e-02 -7.811986e-03 1.810877e-04 9.999694e-01 2.576981e+00
9.997468e-01 -8.871462e-04 2.248366e-02 1.875770e-01 9.115983e-04 9.999990e-01 -1.077320e-03 -6.553647e-02 -2.248266e-02 1.097543e-03 9.997465e-01 2.848800e+00
9.999985e-01 6.193281e-06 -1.749007e-03 2.201453e-01 -5.746465e-06 1.000000e+00 2.554050e-04 -7.088262e-02 1.749036e-03 -2.553953e-04 9.999983e-01 3.038888e+00
9.999311e-01 4.353472e-04 -1.173079e-02 3.211783e-01 -4.333016e-04 9.999999e-01 1.769102e-04 -7.643365e-02 1.173089e-02 -1.718156e-04 9.999311e-01 3.116591e+00
9.998255e-01 9.356262e-04 -1.865612e-02 3.717384e-01 -9.188711e-04 9.999992e-01 9.066482e-04 -7.938994e-02 1.865698e-02 -8.893480e-04 9.998254e-01 3.177429e+00
9.987205e-01 -2.203212e-03 5.052141e-02 3.717229e-01 2.314625e-03 9.999950e-01 -2.146873e-03 -8.437158e-02 -5.051640e-02 2.261064e-03 9.987206e-01 3.396148e+00
9.997921e-01 1.040146e-03 -2.036171e-02 3.922766e-01 -1.021378e-03 9.999990e-01 9.320635e-04 -9.238152e-02 2.036269e-02 -9.110736e-04 9.997921e-01 3.727792e+00
9.995470e-01 -1.454164e-03 3.006259e-02 4.446064e-01 1.493776e-03 9.999980e-01 -1.295242e-03 -9.522089e-02 -3.006062e-02 1.339561e-03 9.995471e-01 3.777907e+00
9.999681e-01 -8.305649e-05 7.984934e-03 4.486717e-01 8.469614e-05 1.000000e+00 -2.049821e-04 -9.944797e-02 -7.984883e-03 2.056508e-04 9.999680e-01 3.966855e+00
9.996757e-01 -1.214823e-03 2.543480e-02 4.916158e-01 1.244207e-03 9.999986e-01 -1.139460e-03 -1.090757e-01 -2.543334e-02 1.170736e-03 9.996757e-01 4.356301e+00
9.998508e-01 1.243311e-03 -1.722819e-02 5.284889e-01 -1.231028e-03 9.999990e-01 7.235508e-04 -1.259039e-01 1.722911e-02 -7.022357e-04 9.998512e-01 5.129721e+00
9.997768e-01 -1.351853e-03 2.108473e-02 5.717612e-01 1.372008e-03 9.999986e-01 -9.414546e-04 -1.394630e-01 -2.108340e-02 9.701716e-04 9.997772e-01 5.666538e+00
9.999465e-01 9.489219e-04 -1.030299e-02 6.783651e-01 -9.434073e-04 9.999994e-01 5.400656e-04 -1.459932e-01 1.030354e-02 -5.303181e-04 9.999467e-01 5.803495e+00
9.994062e-01 -1.747855e-03 3.441183e-02 7.176897e-01 1.802447e-03 9.999972e-01 -1.555457e-03 -1.573187e-01 -3.440897e-02 1.616557e-03 9.994064e-01 6.280087e+00
9.999524e-01 8.680529e-04 -9.718551e-03 7.683578e-01 -8.624579e-04 9.999995e-01 5.798383e-04 -1.692915e-01 9.719092e-03 -5.714303e-04 9.999525e-01 6.763219e+00
9.992259e-01 -1.998092e-03 3.928855e-02 8.733642e-01 2.066331e-03 9.999964e-01 -1.696329e-03 -1.819837e-01 -3.928498e-02 1.776197e-03 9.992264e-01 7.202694e+00
9.995974e-01 1.825956e-03 -2.831571e-02 9.412484e-01 -1.791419e-03 9.999976e-01 1.245014e-03 -1.982702e-01 2.831796e-02 -1.193789e-03 9.995982e-01 7.889896e+00
9.996019e-01 -1.573579e-03 2.817151e-02 9.529932e-01 1.611814e-03 9.999978e-01 -1.334551e-03 -2.168287e-01 -2.816931e-02 1.379425e-03 9.996021e-01 8.795317e+00
9.996136e-01 1.775866e-03 -2.773860e-02 9.726704e-01 -1.742055e-03 9.999977e-01 1.243019e-03 -2.345408e-01 2.774079e-02 -1.194218e-03 9.996143e-01 9.631836e+00
9.996113e-01 -1.576952e-03 2.783589e-02 9.986911e-01 1.614504e-03 9.999978e-01 -1.326610e-03 -2.527882e-01 -2.783369e-02 1.371034e-03 9.996115e-01 1.048991e+01
9.996080e-01 1.657049e-03 -2.794741e-02 1.120661e+00 -1.621132e-03 9.999978e-01 1.307749e-03 -2.721437e-01 2.794957e-02 -1.261931e-03 9.996084e-01 1.123584e+01
9.995756e-01 -1.641042e-03 2.908356e-02 1.239289e+00 1.680619e-03 9.999977e-01 -1.336414e-03 -2.900363e-01 -2.908126e-02 1.384723e-03 9.995760e-01 1.190167e+01
9.996483e-01 1.337661e-03 -2.648531e-02 1.584275e+00 -1.302760e-03 9.999983e-01 1.334937e-03 -3.100066e-01 2.648710e-02 -1.299966e-03 9.996482e-01 1.231416e+01
9.996557e-01 -1.314133e-03 2.620740e-02 1.803180e+00 1.349373e-03 9.999982e-01 -1.327002e-03 -3.316704e-01 -2.620556e-02 1.361907e-03 9.996556e-01 1.303082e+01
9.995130e-01 1.521130e-03 -3.116731e-02 2.055860e+00 -1.473168e-03 9.999977e-01 1.561749e-03 -3.509684e-01 3.116966e-02 -1.515076e-03 9.995129e-01 1.353322e+01
9.999313e-01 -7.049388e-04 1.169905e-02 2.534597e+00 7.127987e-04 9.999995e-01 -6.676595e-04 -3.652164e-01 -1.169853e-02 6.759510e-04 9.999312e-01 1.350686e+01
9.998279e-01 9.410222e-04 -1.852738e-02 2.842583e+00 -9.232164e-04 9.999991e-01 9.695611e-04 -3.831650e-01 1.852832e-02 -9.522910e-04 9.998278e-01 1.386502e+01
9.998275e-01 -7.698162e-04 1.855617e-02 2.874006e+00 7.902161e-04 9.999991e-01 -1.092032e-03 -4.015563e-01 -1.855527e-02 1.106505e-03 9.998271e-01 1.472313e+01
9.998181e-01 1.037492e-03 -1.904574e-02 2.871978e+00 -1.019395e-03 9.999990e-01 9.598408e-04 -4.208001e-01 1.904676e-02 -9.402527e-04 9.998181e-01 1.569585e+01
9.998316e-01 -7.665997e-04 1.833354e-02 2.879689e+00 7.865628e-04 9.999991e-01 -1.081680e-03 -4.402804e-01 -1.833265e-02 1.095917e-03 9.998312e-01 1.666815e+01
9.998141e-01 1.041710e-03 -1.925293e-02 2.885577e+00 -1.023575e-03 9.999990e-01 9.517271e-04 -4.598498e-01 1.925394e-02 -9.318449e-04 9.998141e-01 1.765223e+01
9.998291e-01 -7.866727e-04 1.846922e-02 2.884465e+00 8.066283e-04 9.999991e-01 -1.073032e-03 -4.785050e-01 -1.846832e-02 1.087745e-03 9.998288e-01 1.858911e+01
9.998162e-01 1.022170e-03 -1.914675e-02 2.875449e+00 -1.004205e-03 9.999990e-01 9.478765e-04 -4.964460e-01 1.914774e-02 -9.284766e-04 9.998161e-01 1.949344e+01
9.998300e-01 -7.581263e-04 1.842511e-02 2.865609e+00 7.781648e-04 9.999991e-01 -1.080396e-03 -5.151068e-01 -1.842423e-02 1.094549e-03 9.998296e-01 2.044709e+01
9.998138e-01 1.078689e-03 -1.926374e-02 2.856516e+00 -1.060987e-03 9.999990e-01 9.291273e-04 -5.356864e-01 1.926477e-02 -9.085174e-04 9.998139e-01 2.152232e+01
9.998305e-01 -7.327658e-04 1.839780e-02 2.840991e+00 7.527934e-04 9.999991e-01 -1.081665e-03 -5.567672e-01 -1.839695e-02 1.095330e-03 9.998301e-01 2.264064e+01
9.998150e-01 1.092598e-03 -1.920455e-02 2.815493e+00 -1.075166e-03 9.999990e-01 9.179929e-04 -5.781942e-01 1.920558e-02 -8.971767e-04 9.998151e-01 2.379778e+01
9.998265e-01 -7.568353e-04 1.861320e-02 2.849854e+00 7.762218e-04 9.999992e-01 -1.034323e-03 -6.010744e-01 -1.861235e-02 1.048590e-03 9.998261e-01 2.493129e+01
9.998278e-01 8.223838e-04 -1.854055e-02 3.128795e+00 -8.035417e-04 9.999992e-01 1.023669e-03 -6.287043e-01 1.854142e-02 -1.008596e-03 9.998275e-01 2.591447e+01
9.998246e-01 -6.817806e-04 1.871540e-02 3.272440e+00 7.024284e-04 9.999992e-01 -1.096680e-03 -6.521472e-01 -1.871459e-02 1.109632e-03 9.998242e-01 2.688495e+01
9.998248e-01 8.950201e-04 -1.869495e-02 3.307779e+00 -8.770426e-04 9.999991e-01 9.697759e-04 -6.719201e-01 1.869585e-02 -9.532115e-04 9.998247e-01 2.782232e+01
9.998333e-01 -6.153980e-04 1.825034e-02 3.306765e+00 6.357116e-04 9.999992e-01 -1.107252e-03 -6.914534e-01 -1.824960e-02 1.118668e-03 9.998327e-01 2.880995e+01
9.998209e-01 9.334929e-04 -1.890300e-02 3.292065e+00 -9.156595e-04 9.999991e-01 9.520272e-04 -7.119107e-01 1.890392e-02 -9.345497e-04 9.998208e-01 2.988558e+01
9.998267e-01 -5.757391e-04 1.860746e-02 3.287443e+00 5.964610e-04 9.999992e-01 -1.108085e-03 -7.338854e-01 -1.860676e-02 1.118990e-03 9.998262e-01 3.103540e+01
9.998272e-01 8.583194e-04 -1.857088e-02 3.296989e+00 -8.406019e-04 9.999992e-01 9.618052e-04 -7.544169e-01 1.857174e-02 -9.460300e-04 9.998270e-01 3.206600e+01
9.998294e-01 -5.539396e-04 1.846435e-02 3.302665e+00 5.745199e-04 9.999992e-01 -1.109291e-03 -7.752144e-01 -1.846368e-02 1.119708e-03 9.998288e-01 3.312162e+01
9.998573e-01 6.686541e-04 -1.688150e-02 3.365711e+00 -6.520033e-04 9.999993e-01 9.917919e-04 -7.940970e-01 1.688220e-02 -9.806453e-04 9.998569e-01 3.394561e+01
9.997571e-01 -1.130704e-03 2.200941e-02 3.736443e+00 1.156207e-03 9.999987e-01 -1.146029e-03 -8.132123e-01 -2.200805e-02 1.171196e-03 9.997570e-01 3.428307e+01
9.997870e-01 1.115787e-03 -2.060608e-02 3.882692e+00 -1.093568e-03 9.999988e-01 1.089450e-03 -8.326180e-01 2.060731e-02 -1.066686e-03 9.997870e-01 3.499196e+01
9.997547e-01 -1.014993e-03 2.212293e-02 4.037979e+00 1.041050e-03 9.999988e-01 -1.166329e-03 -8.571246e-01 -2.212167e-02 1.189073e-03 9.997545e-01 3.599928e+01
9.998066e-01 9.830335e-04 -1.963908e-02 4.380242e+00 -9.605412e-04 9.999989e-01 1.154655e-03 -8.882915e-01 1.964024e-02 -1.135569e-03 9.998064e-01 3.708870e+01
9.998051e-01 -6.463303e-04 1.973042e-02 4.441749e+00 6.722389e-04 9.999989e-01 -1.306507e-03 -9.132387e-01 -1.972951e-02 1.319514e-03 9.998044e-01 3.830463e+01
9.997880e-01 1.040624e-03 -2.056544e-02 4.432881e+00 -1.017369e-03 9.999988e-01 1.141177e-03 -9.360833e-01 2.056665e-02 -1.120014e-03 9.997878e-01 3.952254e+01
9.998085e-01 -5.105557e-04 1.956083e-02 4.411724e+00 5.369910e-04 9.999989e-01 -1.346193e-03 -9.625639e-01 -1.956008e-02 1.356437e-03 9.998077e-01 4.099680e+01
9.997633e-01 1.423955e-03 -2.170930e-02 4.384044e+00 -1.401945e-03 9.999985e-01 1.029041e-03 -1.001430e+00 2.171078e-02 -9.983643e-04 9.997637e-01 4.327626e+01
9.997908e-01 -6.549076e-04 2.044340e-02 4.420492e+00 6.803112e-04 9.999990e-01 -1.235683e-03 -1.038266e+00 -2.044252e-02 1.249331e-03 9.997902e-01 4.530002e+01
9.997771e-01 9.666776e-04 -2.109089e-02 4.534334e+00 -9.426544e-04 9.999989e-01 1.148921e-03 -1.063732e+00 2.109202e-02 -1.128785e-03 9.997768e-01 4.645321e+01
9.997997e-01 -4.871931e-04 2.000756e-02 4.586238e+00 5.133231e-04 9.999990e-01 -1.300874e-03 -1.091287e+00 -2.000686e-02 1.310882e-03 9.997989e-01 4.785577e+01
9.997896e-01 1.081414e-03 -2.048303e-02 4.619042e+00 -1.059171e-03 9.999988e-01 1.096735e-03 -1.122427e+00 2.048424e-02 -1.074812e-03 9.997895e-01 4.951744e+01
9.997911e-01 -2.664434e-04 2.043470e-02 4.630806e+00 2.943630e-04 9.999990e-01 -1.363267e-03 -1.159799e+00 -2.043428e-02 1.368995e-03 9.997902e-01 5.161195e+01
9.997743e-01 1.346955e-03 -2.120042e-02 4.620420e+00 -1.326074e-03 9.999986e-01 9.989453e-04 -1.205187e+00 2.120178e-02 -9.706085e-04 9.997747e-01 5.425979e+01
9.998042e-01 -3.883741e-04 1.978472e-02 4.610638e+00 4.139900e-04 9.999991e-01 -1.290628e-03 -1.246669e+00 -1.978415e-02 1.298564e-03 9.998033e-01 5.666455e+01
9.997797e-01 9.572855e-04 -2.096865e-02 4.613762e+00 -9.347095e-04 9.999990e-01 1.086401e-03 -1.275739e+00 2.096971e-02 -1.066564e-03 9.997794e-01 5.825870e+01
9.998250e-01 -1.651565e-04 1.870587e-02 4.639896e+00 1.901349e-04 9.999991e-01 -1.333531e-03 -1.312608e+00 -1.870559e-02 1.336853e-03 9.998240e-01 6.031406e+01
9.997751e-01 1.129192e-03 -2.117902e-02 4.661601e+00 -1.107852e-03 9.999989e-01 1.019250e-03 -1.355165e+00 2.118019e-02 -9.955598e-04 9.997751e-01 6.273871e+01
9.998211e-01 1.133703e-05 1.891594e-02 4.649461e+00 1.462266e-05 9.999991e-01 -1.372210e-03 -1.401955e+00 -1.891590e-02 1.372239e-03 9.998200e-01 6.549627e+01
9.998027e-01 6.727411e-04 -1.985359e-02 4.637089e+00 -6.506410e-04 9.999992e-01 1.119566e-03 -1.434201e+00 1.985437e-02 -1.106430e-03 9.998022e-01 6.731910e+01
9.998216e-01 -2.921923e-04 1.888595e-02 4.656530e+00 3.161938e-04 9.999991e-01 -1.267871e-03 -1.457466e+00 -1.888552e-02 1.273614e-03 9.998207e-01 6.851223e+01
9.998034e-01 6.769517e-04 -1.981741e-02 4.667051e+00 -6.552217e-04 9.999992e-01 1.102960e-03 -1.480668e+00 1.981818e-02 -1.089760e-03 9.998029e-01 6.971777e+01
9.998227e-01 -2.268268e-04 1.882803e-02 4.664639e+00 2.510094e-04 9.999991e-01 -1.282017e-03 -1.505382e+00 -1.882768e-02 1.286514e-03 9.998218e-01 7.104427e+01
9.998027e-01 6.709701e-04 -1.985382e-02 4.680552e+00 -6.490813e-04 9.999992e-01 1.108893e-03 -1.530830e+00 1.985459e-02 -1.095789e-03 9.998022e-01 7.238201e+01
9.998216e-01 -2.460198e-04 1.888640e-02 4.705928e+00 2.700358e-04 9.999992e-01 -1.269038e-03 -1.555780e+00 -1.888603e-02 1.273910e-03 9.998207e-01 7.367008e+01
9.998046e-01 6.830205e-04 -1.975395e-02 4.708291e+00 -6.616587e-04 9.999992e-01 1.087883e-03 -1.580393e+00 1.975472e-02 -1.074602e-03 9.998042e-01 7.498059e+01
9.998257e-01 -2.568340e-04 1.866603e-02 4.709014e+00 2.803655e-04 9.999992e-01 -1.258029e-03 -1.604364e+00 -1.866565e-02 1.263041e-03 9.998249e-01 7.625543e+01
9.998033e-01 6.922656e-04 -1.982136e-02 4.710319e+00 -6.710486e-04 9.999992e-01 1.077020e-03 -1.628868e+00 1.982213e-02 -1.063509e-03 9.998029e-01 7.756280e+01
9.998215e-01 -2.710585e-04 1.888974e-02 4.711906e+00 2.945842e-04 9.999992e-01 -1.242627e-03 -1.652803e+00 -1.888934e-02 1.247968e-03 9.998207e-01 7.883129e+01
9.998043e-01 6.365772e-04 -1.977075e-02 4.725104e+00 -6.150981e-04 9.999992e-01 1.092446e-03 -1.675481e+00 1.977147e-02 -1.080074e-03 9.998038e-01 7.999681e+01
9.998228e-01 -2.867304e-04 1.882107e-02 4.739051e+00 3.099816e-04 9.999992e-01 -1.232455e-03 -1.697497e+00 -1.882066e-02 1.238068e-03 9.998220e-01 8.112001e+01
9.998068e-01 6.558929e-04 -1.964313e-02 4.743848e+00 -6.349418e-04 9.999992e-01 1.072775e-03 -1.720072e+00 1.964386e-02 -1.060098e-03 9.998064e-01 8.229544e+01
9.998206e-01 -3.075330e-04 1.893878e-02 4.751451e+00 3.306668e-04 9.999992e-01 -1.218357e-03 -1.741944e+00 -1.893835e-02 1.224399e-03 9.998198e-01 8.341938e+01
9.998094e-01 6.710993e-04 -1.951208e-02 4.759622e+00 -6.505900e-04 9.999992e-01 1.057410e-03 -1.764521e+00 1.951281e-02 -1.044516e-03 9.998090e-01 8.458659e+01
9.998218e-01 -3.168193e-04 1.887662e-02 4.768692e+00 3.396237e-04 9.999992e-01 -1.204862e-03 -1.786659e+00 -1.887619e-02 1.211056e-03 9.998210e-01 8.572395e+01
9.998081e-01 5.810918e-04 -1.958196e-02 4.790910e+00 -5.600217e-04 9.999993e-01 1.081437e-03 -1.806391e+00 1.958262e-02 -1.070265e-03 9.998076e-01 8.668505e+01
9.998236e-01 -2.928265e-04 1.878205e-02 4.811649e+00 3.156120e-04 9.999992e-01 -1.210178e-03 -1.826707e+00 -1.878164e-02 1.215890e-03 9.998228e-01 8.768711e+01
9.998118e-01 6.104193e-04 -1.939149e-02 4.830190e+00 -5.897951e-04 9.999993e-01 1.069242e-03 -1.848075e+00 1.939217e-02 -1.057606e-03 9.998113e-01 8.875760e+01
9.998226e-01 -2.613199e-04 1.883121e-02 4.853562e+00 2.842049e-04 9.999992e-01 -1.212580e-03 -1.870507e+00 -1.883084e-02 1.217715e-03 9.998218e-01 8.988602e+01
9.998066e-01 6.114951e-04 -1.965806e-02 4.873748e+00 -5.906569e-04 9.999993e-01 1.065794e-03 -1.892934e+00 1.965874e-02 -1.053979e-03 9.998061e-01 9.102250e+01
9.998295e-01 -5.693914e-04 1.845405e-02 4.920409e+00 5.905741e-04 9.999992e-01 -1.142406e-03 -1.903055e+00 -1.845334e-02 1.153108e-03 9.998290e-01 9.139005e+01
9.998004e-01 5.890987e-04 -1.996911e-02 4.969338e+00 -5.677331e-04 9.999993e-01 1.075556e-03 -1.913170e+00 1.996977e-02 -1.064007e-03 9.997999e-01 9.175756e+01
9.998142e-01 -2.833273e-04 1.927518e-02 4.994998e+00 3.065364e-04 9.999992e-01 -1.201124e-03 -1.934277e+00 -1.927479e-02 1.206807e-03 9.998134e-01 9.279830e+01
9.997997e-01 6.405810e-04 -2.000292e-02 5.010790e+00 -6.196906e-04 9.999993e-01 1.050523e-03 -1.956863e+00 2.000362e-02 -1.037919e-03 9.997993e-01 9.395202e+01
9.998147e-01 -2.973289e-04 1.924851e-02 5.015238e+00 3.204624e-04 9.999992e-01 -1.198738e-03 -1.978414e+00 -1.924810e-02 1.204682e-03 9.998139e-01 9.506226e+01
9.997990e-01 6.019690e-04 -2.004132e-02 5.014320e+00 -5.809667e-04 9.999993e-01 1.053730e-03 -1.998611e+00 2.004198e-02 -1.041877e-03 9.997985e-01 9.609804e+01
9.998160e-01 -2.497601e-04 1.918238e-02 5.010981e+00 2.729953e-04 9.999992e-01 -1.208643e-03 -2.020086e+00 -1.918202e-02 1.213655e-03 9.998152e-01 9.721972e+01
9.998005e-01 6.218722e-04 -1.996634e-02 5.008563e+00 -6.011196e-04 9.999993e-01 1.045334e-03 -2.042468e+00 1.996701e-02 -1.033126e-03 9.998000e-01 9.839581e+01
9.998169e-01 -2.574468e-04 1.913247e-02 5.010721e+00 2.804587e-04 9.999992e-01 -1.200068e-03 -2.064599e+00 -1.913211e-02 1.205212e-03 9.998161e-01 9.954843e+01
9.997991e-01 6.657595e-04 -2.003488e-02 5.003339e+00 -6.454355e-04 9.999993e-01 1.020856e-03 -2.087901e+00 2.003558e-02 -1.007722e-03 9.997987e-01 1.007944e+02
9.998153e-01 -2.470579e-04 1.921611e-02 4.992467e+00 2.701169e-04 9.999992e-01 -1.197375e-03 -2.111311e+00 -1.921576e-02 1.202342e-03 9.998145e-01 1.020530e+02
9.998006e-01 6.634744e-04 -1.996002e-02 4.989778e+00 -6.433017e-04 9.999993e-01 1.017031e-03 -2.135110e+00 1.996072e-02 -1.003990e-03 9.998002e-01 1.033199e+02
9.998203e-01 -1.866286e-04 1.895344e-02 4.989348e+00 2.094737e-04 9.999993e-01 -1.203324e-03 -2.160742e+00 -1.895316e-02 1.207076e-03 9.998195e-01 1.047015e+02
9.998025e-01 6.568157e-04 -1.986051e-02 4.983005e+00 -6.368721e-04 9.999993e-01 1.010461e-03 -2.186170e+00 1.986120e-02 -9.976154e-04 9.998022e-01 1.060795e+02
9.998153e-01 -2.793828e-04 1.921889e-02 4.999370e+00 3.016347e-04 9.999993e-01 -1.154901e-03 -2.209324e+00 -1.921852e-02 1.160482e-03 9.998145e-01 1.072672e+02
9.998035e-01 6.209402e-04 -1.981089e-02 5.030990e+00 -6.009389e-04 9.999993e-01 1.015522e-03 -2.231971e+00 1.981155e-02 -1.003420e-03 9.998031e-01 1.083947e+02
9.998148e-01 -2.723958e-04 1.924328e-02 5.064570e+00 2.946111e-04 9.999993e-01 -1.151595e-03 -2.254755e+00 -1.924292e-02 1.157049e-03 9.998141e-01 1.095273e+02
9.998121e-01 6.190226e-04 -1.937583e-02 5.093983e+00 -5.998127e-04 9.999993e-01 9.972054e-04 -2.277806e+00 1.937648e-02 -9.853984e-04 9.998117e-01 1.106824e+02
9.998229e-01 -2.738681e-04 1.881756e-02 5.127024e+00 2.952168e-04 9.999993e-01 -1.131719e-03 -2.300439e+00 -1.881720e-02 1.137072e-03 9.998222e-01 1.118058e+02
9.998093e-01 6.125143e-04 -1.951681e-02 5.194122e+00 -5.926785e-04 9.999993e-01 1.022083e-03 -2.324077e+00 1.951746e-02 -1.010323e-03 9.998089e-01 1.129293e+02
9.998180e-01 -3.004809e-04 1.907723e-02 5.292562e+00 3.217130e-04 9.999993e-01 -1.109871e-03 -2.348655e+00 -1.907684e-02 1.115804e-03 9.998173e-01 1.140524e+02
9.998103e-01 5.953257e-04 -1.946642e-02 5.360172e+00 -5.760753e-04 9.999993e-01 9.944635e-04 -2.371429e+00 1.946704e-02 -9.830631e-04 9.998099e-01 1.151205e+02
9.998273e-01 -2.093991e-04 1.858135e-02 5.381891e+00 2.307852e-04 9.999993e-01 -1.148786e-03 -2.394992e+00 -1.858106e-02 1.152874e-03 9.998266e-01 1.163276e+02
9.998097e-01 5.616081e-04 -1.950036e-02 5.405114e+00 -5.421766e-04 9.999994e-01 1.001713e-03 -2.417593e+00 1.950095e-02 -9.909522e-04 9.998093e-01 1.174710e+02
9.998227e-01 -2.583997e-04 1.882725e-02 5.452829e+00 2.794261e-04 9.999993e-01 -1.114161e-03 -2.439369e+00 -1.882691e-02 1.119222e-03 9.998220e-01 1.185132e+02
9.998090e-01 5.292316e-04 -1.953805e-02 5.529857e+00 -5.092845e-04 9.999993e-01 1.025866e-03 -2.461419e+00 1.953862e-02 -1.015722e-03 9.998085e-01 1.195180e+02
9.998281e-01 -2.284945e-04 1.853922e-02 5.589215e+00 2.494264e-04 9.999993e-01 -1.126729e-03 -2.483361e+00 -1.853891e-02 1.131157e-03 9.998274e-01 1.205527e+02
9.998091e-01 5.090747e-04 -1.952949e-02 5.634166e+00 -4.893271e-04 9.999994e-01 1.015908e-03 -2.504266e+00 1.953003e-02 -1.006160e-03 9.998087e-01 1.215483e+02
9.998268e-01 -1.927369e-04 1.861006e-02 5.663987e+00 2.140831e-04 9.999993e-01 -1.145012e-03 -2.525735e+00 -1.860979e-02 1.148796e-03 9.998261e-01 1.226073e+02
9.998070e-01 4.827944e-04 -1.963821e-02 5.705789e+00 -4.627672e-04 9.999994e-01 1.024310e-03 -2.546922e+00 1.963873e-02 -1.015027e-03 9.998065e-01 1.236278e+02
9.998266e-01 -1.832554e-04 1.861843e-02 5.734517e+00 2.047200e-04 9.999993e-01 -1.150942e-03 -2.567779e+00 -1.861816e-02 1.154552e-03 9.998259e-01 1.246508e+02
9.998095e-01 5.183600e-04 -1.951105e-02 5.752179e+00 -4.988442e-04 9.999994e-01 1.005068e-03 -2.589698e+00 1.951160e-02 -9.951461e-04 9.998090e-01 1.257615e+02
9.998281e-01 -1.573068e-04 1.854257e-02 5.767276e+00 1.787166e-04 9.999993e-01 -1.152951e-03 -2.612104e+00 -1.854234e-02 1.156065e-03 9.998273e-01 1.269089e+02
9.998091e-01 5.532733e-04 -1.953007e-02 5.775518e+00 -5.342213e-04 9.999994e-01 9.806930e-04 -2.635621e+00 1.953064e-02 -9.700748e-04 9.998087e-01 1.281392e+02
9.998272e-01 -1.545959e-04 1.859137e-02 5.774532e+00 1.758980e-04 9.999993e-01 -1.144150e-03 -2.658814e+00 -1.859114e-02 1.147220e-03 9.998264e-01 1.293662e+02
9.998110e-01 3.350830e-04 -1.943805e-02 5.811550e+00 -3.147198e-04 9.999994e-01 1.050616e-03 -2.676331e+00 1.943843e-02 -1.044302e-03 9.998104e-01 1.301614e+02
9.998316e-01 -7.045066e-05 1.834886e-02 5.842422e+00 9.206825e-05 9.999993e-01 -1.177276e-03 -2.696080e+00 -1.834873e-02 1.178764e-03 9.998309e-01 1.311116e+02
9.998147e-01 4.062740e-04 -1.924391e-02 5.861785e+00 -3.864766e-04 9.999994e-01 1.032443e-03 -2.717979e+00 1.924435e-02 -1.024816e-03 9.998142e-01 1.322178e+02
9.998318e-01 -7.900350e-05 1.834201e-02 5.884492e+00 1.004781e-04 9.999993e-01 -1.169845e-03 -2.739653e+00 -1.834187e-02 1.171489e-03 9.998310e-01 1.333020e+02
9.998157e-01 3.487821e-04 -1.919368e-02 5.909913e+00 -3.287377e-04 9.999994e-01 1.047438e-03 -2.759690e+00 1.919407e-02 -1.040938e-03 9.998151e-01 1.342777e+02
9.998320e-01 -1.186399e-04 1.832999e-02 5.932740e+00 1.399631e-04 9.999993e-01 -1.161990e-03 -2.778245e+00 -1.832980e-02 1.164358e-03 9.998312e-01 1.351636e+02
9.998267e-01 3.103550e-04 -1.861523e-02 6.060349e+00 -2.900055e-04 9.999994e-01 1.095825e-03 -2.801252e+00 1.861560e-02 -1.090239e-03 9.998260e-01 1.361349e+02
9.998116e-01 -3.665026e-04 1.940867e-02 6.404635e+00 3.874172e-04 9.999993e-01 -1.073818e-03 -2.828037e+00 -1.940823e-02 1.081132e-03 9.998110e-01 1.369504e+02
9.998171e-01 1.435436e-04 -1.912364e-02 6.844399e+00 -1.226000e-04 9.999994e-01 1.096311e-03 -2.849726e+00 1.912382e-02 -1.093769e-03 9.998164e-01 1.373201e+02
9.998345e-01 -1.232989e-04 1.819113e-02 7.059340e+00 1.435363e-04 9.999994e-01 -1.111160e-03 -2.869828e+00 -1.819094e-02 1.113585e-03 9.998338e-01 1.379474e+02
9.998256e-01 4.097468e-04 -1.867097e-02 7.090210e+00 -3.915583e-04 9.999994e-01 9.777703e-04 -2.890875e+00 1.867140e-02 -9.702915e-04 9.998251e-01 1.389744e+02
9.998372e-01 -3.265834e-05 1.804469e-02 7.101578e+00 5.327101e-05 9.999993e-01 -1.141806e-03 -2.913874e+00 -1.804460e-02 1.142579e-03 9.998364e-01 1.401627e+02
9.998267e-01 4.246497e-04 -1.861052e-02 7.103202e+00 -4.067828e-04 9.999995e-01 9.637910e-04 -2.937204e+00 1.861096e-02 -9.560561e-04 9.998262e-01 1.413896e+02
9.998376e-01 -1.940942e-05 1.801900e-02 7.126651e+00 3.963496e-05 9.999994e-01 -1.122074e-03 -2.961720e+00 -1.801893e-02 1.122604e-03 9.998369e-01 1.426489e+02
9.998263e-01 4.318556e-04 -1.863225e-02 7.141046e+00 -4.143185e-04 9.999995e-01 9.450434e-04 -2.986270e+00 1.863268e-02 -9.371621e-04 9.998259e-01 1.439287e+02
9.998386e-01 -2.892000e-05 1.796813e-02 7.141503e+00 4.899919e-05 9.999994e-01 -1.117023e-03 -3.009769e+00 -1.796805e-02 1.117721e-03 9.998378e-01 1.451702e+02
9.998205e-01 3.991310e-04 -1.894040e-02 7.147520e+00 -3.812192e-04 9.999995e-01 9.492635e-04 -3.032434e+00 1.894081e-02 -9.418752e-04 9.998201e-01 1.463512e+02
9.998367e-01 -4.167885e-05 1.806927e-02 7.149265e+00 6.173575e-05 9.999994e-01 -1.109418e-03 -3.054366e+00 -1.806918e-02 1.110349e-03 9.998360e-01 1.474927e+02
9.998150e-01 4.228106e-04 -1.923041e-02 7.149235e+00 -4.048393e-04 9.999995e-01 9.383808e-04 -3.077078e+00 1.923083e-02 -9.304245e-04 9.998145e-01 1.486901e+02
9.998225e-01 -1.038265e-04 1.884110e-02 7.169976e+00 1.241529e-04 9.999994e-01 -1.077643e-03 -3.098578e+00 -1.884094e-02 1.079788e-03 9.998218e-01 1.497642e+02
9.998199e-01 3.736480e-04 -1.897544e-02 7.191789e+00 -3.560977e-04 9.999995e-01 9.282372e-04 -3.119137e+00 1.897581e-02 -9.213155e-04 9.998194e-01 1.507764e+02
9.998318e-01 -1.820665e-05 1.833910e-02 7.191180e+00 3.829876e-05 9.999994e-01 -1.095212e-03 -3.140913e+00 -1.833903e-02 1.095727e-03 9.998311e-01 1.519106e+02
9.997778e-01 1.955883e-04 -2.107751e-02 7.231940e+00 -1.729999e-04 9.999994e-01 1.073474e-03 -3.157800e+00 2.107774e-02 -1.069592e-03 9.997772e-01 1.526542e+02
9.998710e-01 1.100755e-04 1.606001e-02 7.317647e+00 -9.481626e-05 9.999995e-01 -9.508689e-04 -3.174368e+00 -1.606007e-02 9.492209e-04 9.998705e-01 1.532916e+02
9.998688e-01 1.990719e-04 -1.619683e-02 7.313460e+00 -1.865622e-04 9.999997e-01 7.738240e-04 -3.194716e+00 1.619702e-02 -7.707033e-04 9.998684e-01 1.543395e+02
9.998802e-01 2.310950e-04 1.547791e-02 7.297687e+00 -2.160655e-04 9.999995e-01 -9.726665e-04 -3.218549e+00 -1.547809e-02 9.692031e-04 9.998796e-01 1.556344e+02
9.998700e-01 1.524909e-04 -1.612056e-02 7.293081e+00 -1.398280e-04 9.999997e-01 7.866062e-04 -3.241412e+00 1.612071e-02 -7.842525e-04 9.998696e-01 1.568467e+02
9.998859e-01 1.230232e-04 1.510660e-02 7.306253e+00 -1.090605e-04 9.999996e-01 -9.250653e-04 -3.261303e+00 -1.510667e-02 9.233096e-04 9.998854e-01 1.578381e+02
9.998686e-01 1.552470e-04 -1.621145e-02 7.324265e+00 -1.424862e-04 9.999997e-01 7.882696e-04 -3.281620e+00 1.621161e-02 -7.858587e-04 9.998682e-01 1.588479e+02
9.998896e-01 1.335959e-04 1.486078e-02 7.342471e+00 -1.199737e-04 9.999996e-01 -9.175075e-04 -3.302160e+00 -1.486086e-02 9.156206e-04 9.998891e-01 1.598735e+02
9.998527e-01 1.024446e-04 -1.716253e-02 7.365656e+00 -8.838962e-05 9.999997e-01 8.196571e-04 -3.320904e+00 1.716264e-02 -8.180220e-04 9.998523e-01 1.607696e+02
9.998916e-01 1.287856e-04 1.472397e-02 7.383261e+00 -1.153674e-04 9.999996e-01 -9.121302e-04 -3.339176e+00 -1.472405e-02 9.103300e-04 9.998911e-01 1.616449e+02
9.998450e-01 7.672821e-05 -1.760540e-02 7.406992e+00 -6.155977e-05 9.999996e-01 8.620880e-04 -3.356619e+00 1.760550e-02 -8.608732e-04 9.998445e-01 1.624531e+02
9.999473e-01 3.530033e-04 1.025920e-02 7.478250e+00 -3.463386e-04 9.999997e-01 -6.513565e-04 -3.372923e+00 -1.025939e-02 6.477664e-04 9.999471e-01 1.630960e+02
9.999361e-01 -7.114896e-05 -1.130591e-02 7.480276e+00 7.681873e-05 9.999999e-01 5.010085e-04 -3.392920e+00 1.130591e-02 -5.018476e-04 9.999359e-01 1.641157e+02
9.999436e-01 3.270153e-04 1.061339e-02 7.486302e+00 -3.201770e-04 9.999997e-01 -6.459536e-04 -3.412178e+00 -1.061356e-02 6.425164e-04 9.999434e-01 1.650789e+02
9.999325e-01 -4.480393e-05 -1.161647e-02 7.491537e+00 5.055359e-05 9.999999e-01 4.946200e-04 -3.432293e+00 1.161648e-02 -4.951765e-04 9.999323e-01 1.661000e+02
9.999436e-01 3.679472e-04 1.060991e-02 7.493250e+00 -3.609920e-04 9.999997e-01 -6.574010e-04 -3.453540e+00 -1.061012e-02 6.535312e-04 9.999434e-01 1.671996e+02
9.999376e-01 -8.586522e-05 -1.116823e-02 7.500592e+00 9.147043e-05 9.999999e-01 5.013318e-04 -3.473806e+00 1.116822e-02 -5.023248e-04 9.999374e-01 1.682233e+02
9.999435e-01 3.939903e-04 1.062659e-02 7.503037e+00 -3.869343e-04 9.999997e-01 -6.659970e-04 -3.494682e+00 -1.062682e-02 6.618448e-04 9.999432e-01 1.692938e+02
9.999341e-01 -1.051536e-04 -1.147562e-02 7.507394e+00 1.110079e-04 9.999999e-01 5.094651e-04 -3.514975e+00 1.147559e-02 -5.107082e-04 9.999339e-01 1.703269e+02
9.999434e-01 3.963417e-04 1.063156e-02 7.510897e+00 -3.892779e-04 9.999997e-01 -6.664311e-04 -3.535252e+00 -1.063179e-02 6.622521e-04 9.999432e-01 1.713598e+02
9.999335e-01 -8.315972e-05 -1.153572e-02 7.515280e+00 8.893972e-05 9.999999e-01 5.004951e-04 -3.556370e+00 1.153571e-02 -5.014905e-04 9.999332e-01 1.724456e+02
9.999506e-01 3.958755e-04 9.935081e-03 7.512638e+00 -3.894847e-04 9.999997e-01 -6.451336e-04 -3.577239e+00 -9.935300e-03 6.412295e-04 9.999503e-01 1.735321e+02
9.999344e-01 -6.109583e-05 -1.145406e-02 7.513193e+00 6.668795e-05 9.999999e-01 4.877950e-04 -3.599011e+00 1.145406e-02 -4.885296e-04 9.999342e-01 1.746699e+02
9.999511e-01 4.218053e-04 9.875102e-03 7.512870e+00 -4.154208e-04 9.999997e-01 -6.485231e-04 -3.621513e+00 -9.875339e-03 6.443863e-04 9.999509e-01 1.758561e+02
9.999410e-01 -5.633549e-05 -1.086482e-02 7.512410e+00 6.142751e-05 9.999999e-01 4.682893e-04 -3.644168e+00 1.086483e-02 -4.689318e-04 9.999408e-01 1.770497e+02
9.999675e-01 8.832481e-04 8.010139e-03 7.506721e+00 -8.771573e-04 9.999993e-01 -7.638047e-04 -3.680984e+00 -8.010774e-03 7.567510e-04 9.999675e-01 1.791649e+02
9.999469e-01 -1.413954e-04 -1.030060e-02 7.506186e+00 1.465228e-04 9.999999e-01 4.969698e-04 -3.716214e+00 1.030056e-02 -4.984555e-04 9.999467e-01 1.811685e+02
9.999516e-01 4.492057e-04 9.830038e-03 7.492727e+00 -4.426507e-04 9.999997e-01 -6.689553e-04 -3.736528e+00 -9.830302e-03 6.645689e-04 9.999514e-01 1.822317e+02
9.999467e-01 -3.947748e-05 -1.032457e-02 7.469532e+00 4.423732e-05 9.999999e-01 4.607424e-04 -3.759925e+00 1.032458e-02 -4.611773e-04 9.999465e-01 1.835082e+02
9.999518e-01 4.459913e-04 9.809511e-03 7.451839e+00 -4.395721e-04 9.999997e-01 -6.564785e-04 -3.783414e+00 -9.809768e-03 6.521321e-04 9.999516e-01 1.847808e+02
9.999421e-01 -4.173891e-05 -1.076229e-02 7.441338e+00 4.669884e-05 9.999999e-01 4.605627e-04 -3.806952e+00 1.076230e-02 -4.610415e-04 9.999419e-01 1.860478e+02
9.999530e-01 4.676942e-04 9.682901e-03 7.430319e+00 -4.613699e-04 9.999997e-01 -6.553087e-04 -3.831135e+00 -9.683172e-03 6.508076e-04 9.999528e-01 1.873582e+02
9.999451e-01 -8.217078e-05 -1.047666e-02 7.417421e+00 8.704537e-05 9.999999e-01 4.647755e-04 -3.854071e+00 1.047665e-02 -4.656648e-04 9.999449e-01 1.885897e+02
9.999530e-01 4.871891e-04 9.677907e-03 7.404326e+00 -4.808359e-04 9.999997e-01 -6.587311e-04 -3.877545e+00 -9.678192e-03 6.540439e-04 9.999529e-01 1.898562e+02
9.999417e-01 -4.786621e-05 -1.079813e-02 7.389760e+00 5.277289e-05 9.999999e-01 4.540674e-04 -3.902050e+00 1.079814e-02 -4.546137e-04 9.999415e-01 1.911950e+02
9.999546e-01 4.609680e-04 9.512400e-03 7.374291e+00 -4.548589e-04 9.999997e-01 -6.443322e-04 -3.925564e+00 -9.512661e-03 6.399733e-04 9.999545e-01 1.924732e+02
9.999432e-01 -8.682395e-05 -1.065794e-02 7.358264e+00 9.172200e-05 9.999999e-01 4.590314e-04 -3.947874e+00 1.065793e-02 -4.599858e-04 9.999430e-01 1.936752e+02
9.999682e-01 3.327715e-04 7.968269e-03 7.348546e+00 -3.284202e-04 9.999998e-01 -5.473226e-04 -3.966965e+00 -7.968418e-03 5.446854e-04 9.999680e-01 1.946630e+02
9.999119e-01 3.598005e-05 -1.327569e-02 7.336551e+00 -2.896776e-05 9.999999e-01 5.283575e-04 -3.985360e+00 1.327574e-02 -5.279292e-04 9.999116e-01 1.956301e+02
9.999237e-01 3.393618e-04 1.234523e-02 7.328145e+00 -3.306683e-04 9.999997e-01 -7.061960e-04 -4.007886e+00 -1.234544e-02 7.020571e-04 9.999234e-01 1.968285e+02
9.999142e-01 2.913350e-05 -1.309832e-02 7.316527e+00 -2.225834e-05 9.999999e-01 5.249943e-04 -4.030323e+00 1.309836e-02 -5.246607e-04 9.999140e-01 1.980248e+02
9.999270e-01 3.656494e-04 1.207848e-02 7.301107e+00 -3.571197e-04 9.999997e-01 -7.082948e-04 -4.053219e+00 -1.207870e-02 7.039267e-04 9.999267e-01 1.992607e+02
9.999097e-01 7.469115e-05 -1.343976e-02 7.287300e+00 -6.785416e-05 9.999999e-01 5.091306e-04 -4.077638e+00 1.343983e-02 -5.081756e-04 9.999095e-01 2.005939e+02
9.999280e-01 3.187123e-04 1.199827e-02 7.289522e+00 -3.106282e-04 9.999997e-01 -6.755940e-04 -4.101148e+00 -1.199845e-02 6.718153e-04 9.999277e-01 2.018403e+02
9.999055e-01 7.207275e-05 -1.374694e-02 7.293005e+00 -6.509503e-05 9.999999e-01 5.079929e-04 -4.124736e+00 1.374700e-02 -5.070530e-04 9.999053e-01 2.030900e+02
9.999205e-01 3.061998e-04 1.260351e-02 7.298033e+00 -2.976951e-04 9.999997e-01 -6.766214e-04 -4.147718e+00 -1.260368e-02 6.728126e-04 9.999202e-01 2.042951e+02
9.999097e-01 5.077782e-05 -1.343515e-02 7.304402e+00 -4.395562e-05 9.999999e-01 5.080433e-04 -4.170283e+00 1.343521e-02 -5.074099e-04 9.999095e-01 2.054674e+02
9.999217e-01 3.333950e-04 1.250745e-02 7.305994e+00 -3.248878e-04 9.999997e-01 -6.821580e-04 -4.193472e+00 -1.250764e-02 6.780381e-04 9.999214e-01 2.066898e+02
9.999084e-01 1.625940e-05 -1.353376e-02 7.329265e+00 -9.134522e-06 9.999999e-01 5.264752e-04 -4.216278e+00 1.353380e-02 -5.263064e-04 9.999082e-01 2.078479e+02
9.999234e-01 3.502653e-04 1.237133e-02 7.367817e+00 -3.419160e-04 9.999997e-01 -6.769591e-04 -4.240059e+00 -1.237154e-02 6.726742e-04 9.999231e-01 2.090402e+02
9.999094e-01 3.002820e-05 -1.346046e-02 7.424957e+00 -2.277108e-05 9.999999e-01 5.392572e-04 -4.264991e+00 1.346051e-02 -5.389049e-04 9.999092e-01 2.102691e+02
9.999241e-01 2.598680e-04 1.231409e-02 7.555597e+00 -2.523592e-04 9.999998e-01 -6.112886e-04 -4.290351e+00 -1.231422e-02 6.081316e-04 9.999239e-01 2.113836e+02
9.999108e-01 -1.682076e-05 -1.335824e-02 7.722408e+00 2.431684e-05 9.999998e-01 5.609572e-04 -4.316090e+00 1.335825e-02 -5.612350e-04 9.999105e-01 2.124476e+02
9.999233e-01 2.527019e-04 1.238375e-02 7.872784e+00 -2.450903e-04 9.999998e-01 -6.161243e-04 -4.340889e+00 -1.238388e-02 6.130389e-04 9.999230e-01 2.134852e+02
9.999110e-01 9.100021e-05 -1.333898e-02 7.911125e+00 -8.485482e-05 9.999999e-01 4.612360e-04 -4.364218e+00 1.333905e-02 -4.600661e-04 9.999108e-01 2.146466e+02
9.999222e-01 2.894468e-04 1.246862e-02 7.933052e+00 -2.816829e-04 9.999998e-01 -6.243876e-04 -4.388084e+00 -1.246876e-02 6.208238e-04 9.999220e-01 2.158729e+02
9.999092e-01 9.441975e-05 -1.347292e-02 7.957898e+00 -8.826495e-05 9.999999e-01 4.573828e-04 -4.412106e+00 1.347299e-02 -4.561552e-04 9.999090e-01 2.171046e+02
9.999267e-01 2.646869e-04 1.210352e-02 8.008538e+00 -2.575105e-04 9.999998e-01 -5.944429e-04 -4.436391e+00 -1.210364e-02 5.912794e-04 9.999265e-01 2.183088e+02
9.999110e-01 1.573320e-06 -1.333800e-02 8.280673e+00 5.858777e-06 9.999998e-01 5.571345e-04 -4.469156e+00 1.333803e-02 -5.571662e-04 9.999108e-01 2.195966e+02
9.999272e-01 1.930157e-04 1.206789e-02 8.835021e+00 -1.871627e-04 9.999999e-01 -4.860927e-04 -4.513693e+00 -1.206795e-02 4.837956e-04 9.999270e-01 2.210890e+02
9.999130e-01 6.871427e-05 -1.318809e-02 9.247317e+00 -6.228035e-05 9.999999e-01 4.882297e-04 -4.554195e+00 1.318816e-02 -4.873689e-04 9.999128e-01 2.225942e+02
9.999278e-01 1.904872e-05 1.201719e-02 9.536640e+00 -1.331080e-05 9.999999e-01 -4.775180e-04 -4.582892e+00 -1.201716e-02 4.773205e-04 9.999276e-01 2.235881e+02
9.999116e-01 6.536151e-05 -1.329422e-02 9.864678e+00 -5.851465e-05 9.999999e-01 5.153760e-04 -4.612116e+00 1.329428e-02 -5.145556e-04 9.999114e-01 2.245526e+02
9.999348e-01 2.456318e-04 1.141932e-02 1.006216e+01 -2.393986e-04 9.999998e-01 -5.471745e-04 -4.640845e+00 -1.141942e-02 5.444020e-04 9.999346e-01 2.257308e+02
9.998674e-01 -1.317391e-05 -1.628185e-02 1.054077e+01 2.664755e-05 9.999997e-01 8.272780e-04 -4.673198e+00 1.628186e-02 -8.276053e-04 9.998670e-01 2.265786e+02
9.999518e-01 4.195048e-04 9.814058e-03 1.116448e+01 -4.153102e-04 9.999998e-01 -4.294002e-04 -4.714939e+00 -9.814209e-03 4.253006e-04 9.999517e-01 2.277137e+02
9.998765e-01 2.912345e-04 -1.570977e-02 1.161833e+01 -2.825843e-04 9.999998e-01 5.528126e-04 -4.764685e+00 1.570996e-02 -5.483080e-04 9.998763e-01 2.296585e+02
9.999667e-01 2.487117e-04 8.155131e-03 1.232665e+01 -2.472448e-04 1.000000e+00 -1.808375e-04 -4.820185e+00 -8.155149e-03 1.788122e-04 9.999666e-01 2.314380e+02
9.998381e-01 3.804397e-04 -1.799187e-02 1.323150e+01 -3.655788e-04 9.999996e-01 8.292382e-04 -4.877614e+00 1.799220e-02 -8.225293e-04 9.998377e-01 2.329715e+02
9.999686e-01 2.543771e-04 7.922685e-03 1.435711e+01 -2.531779e-04 1.000000e+00 -1.523162e-04 -4.945355e+00 -7.922698e-03 1.503027e-04 9.999685e-01 2.347441e+02
9.998611e-01 1.775871e-04 -1.666817e-02 1.542000e+01 -1.647160e-04 9.999997e-01 7.735430e-04 -5.006180e+00 1.666833e-02 -7.706927e-04 9.998607e-01 2.362085e+02
9.999774e-01 3.029640e-04 6.716858e-03 1.660953e+01 -3.027737e-04 1.000000e+00 -2.930764e-05 -5.069963e+00 -6.716844e-03 2.727065e-05 9.999773e-01 2.376283e+02
9.998488e-01 3.886677e-04 -1.738681e-02 1.767650e+01 -3.758358e-04 9.999997e-01 7.412730e-04 -5.133751e+00 1.738711e-02 -7.346288e-04 9.998485e-01 2.392624e+02
9.999648e-01 2.212745e-04 8.392687e-03 1.850235e+01 -2.196948e-04 1.000000e+00 -1.891126e-04 -5.189165e+00 -8.392707e-03 1.872596e-04 9.999647e-01 2.408248e+02
9.998287e-01 5.037980e-04 -1.849908e-02 1.937665e+01 -4.889593e-04 9.999996e-01 8.066294e-04 -5.248719e+00 1.849950e-02 -7.974483e-04 9.998285e-01 2.425463e+02
9.999576e-01 2.508700e-04 9.201222e-03 2.034000e+01 -2.482166e-04 9.999999e-01 -2.894818e-04 -5.316527e+00 -9.201275e-03 2.871832e-04 9.999575e-01 2.446308e+02
9.998215e-01 4.380421e-04 -1.888953e-02 2.127543e+01 -4.217303e-04 9.999995e-01 8.674997e-04 -5.377033e+00 1.888992e-02 -8.593809e-04 9.998211e-01 2.463197e+02
9.999598e-01 2.806777e-04 8.960694e-03 2.199017e+01 -2.779932e-04 9.999999e-01 -3.008086e-04 -5.426209e+00 -8.960760e-03 2.983032e-04 9.999597e-01 2.477217e+02
9.998311e-01 3.763242e-04 -1.837515e-02 2.276128e+01 -3.608731e-04 9.999996e-01 8.441655e-04 -5.477090e+00 1.837547e-02 -8.373940e-04 9.998307e-01 2.491288e+02
9.999369e-01 2.379659e-04 1.123086e-02 2.343791e+01 -2.323637e-04 9.999998e-01 -5.001116e-04 -5.532168e+00 -1.123096e-02 4.974682e-04 9.999367e-01 2.509599e+02
9.998193e-01 3.425684e-04 -1.900602e-02 2.408215e+01 -3.250274e-04 9.999995e-01 9.259878e-04 -5.581925e+00 1.900634e-02 -9.196452e-04 9.998188e-01 2.525182e+02
9.999328e-01 4.044599e-04 1.158798e-02 2.472435e+01 -3.973081e-04 9.999997e-01 -6.194539e-04 -5.638916e+00 -1.158822e-02 6.148062e-04 9.999326e-01 2.545306e+02
9.998221e-01 2.155509e-04 -1.886161e-02 2.548158e+01 -1.982266e-04 9.999996e-01 9.203497e-04 -5.700161e+00 1.886181e-02 -9.164491e-04 9.998216e-01 2.565993e+02
9.999567e-01 4.937714e-04 9.294005e-03 2.645422e+01 -4.903052e-04 9.999998e-01 -3.752130e-04 -5.766548e+00 -9.294176e-03 3.706379e-04 9.999566e-01 2.585713e+02
9.997909e-01 2.697062e-04 -2.044928e-02 2.764617e+01 -2.481427e-04 9.999994e-01 1.057006e-03 -5.840356e+00 2.044956e-02 -1.051712e-03 9.997902e-01 2.605918e+02
9.999690e-01 5.092000e-04 7.860589e-03 2.890527e+01 -5.074646e-04 9.999998e-01 -2.227533e-04 -5.912171e+00 -7.860691e-03 2.187556e-04 9.999690e-01 2.623613e+02
9.997497e-01 3.790525e-04 -2.237017e-02 3.003433e+01 -3.536761e-04 9.999993e-01 1.138325e-03 -5.976347e+00 2.237060e-02 -1.130130e-03 9.997490e-01 2.638832e+02
9.999711e-01 4.984778e-04 7.588602e-03 3.109954e+01 -4.971460e-04 9.999999e-01 -1.773742e-04 -6.035850e+00 -7.588682e-03 1.735948e-04 9.999711e-01 2.652234e+02
9.997727e-01 3.218707e-04 -2.131774e-02 3.228140e+01 -2.990782e-04 9.999994e-01 1.072356e-03 -6.103189e+00 2.131808e-02 -1.065739e-03 9.997721e-01 2.668412e+02
9.999633e-01 3.367797e-04 8.555392e-03 3.360961e+01 -3.355874e-04 9.999999e-01 -1.407849e-04 -6.171242e+00 -8.555435e-03 1.379072e-04 9.999633e-01 2.682567e+02
9.997753e-01 2.748093e-04 -2.119634e-02 3.502328e+01 -2.518030e-04 9.999994e-01 1.088048e-03 -6.239754e+00 2.119662e-02 -1.082467e-03 9.997746e-01 2.695591e+02
9.999772e-01 4.890294e-04 6.740510e-03 3.639395e+01 -4.888448e-04 9.999999e-01 -2.903057e-05 -6.304386e+00 -6.740522e-03 2.573359e-05 9.999772e-01 2.706991e+02
9.998342e-01 1.242749e-04 -1.820669e-02 3.739542e+01 -1.094405e-04 9.999997e-01 8.157655e-04 -6.356607e+00 1.820679e-02 -8.136388e-04 9.998338e-01 2.717504e+02
9.999962e-01 8.147535e-04 2.634032e-03 3.853916e+01 -8.152508e-04 9.999997e-01 1.877481e-04 -6.417718e+00 -2.633879e-03 -1.898958e-04 9.999964e-01 2.730823e+02
9.996840e-01 6.477029e-04 -2.513027e-02 3.991760e+01 -6.174349e-04 9.999991e-01 1.212184e-03 -6.489116e+00 2.513103e-02 -1.196285e-03 9.996834e-01 2.746103e+02
9.999616e-01 4.386478e-04 8.750186e-03 4.120343e+01 -4.370155e-04 9.999999e-01 -1.884583e-04 -6.562974e+00 -8.750272e-03 1.846263e-04 9.999616e-01 2.764571e+02
9.997590e-01 3.681882e-04 -2.195120e-02 4.257641e+01 -3.454670e-04 9.999994e-01 1.038859e-03 -6.639744e+00 2.195156e-02 -1.031026e-03 9.997584e-01 2.783425e+02
9.999691e-01 4.245338e-04 7.849288e-03 4.408033e+01 -4.240996e-04 9.999999e-01 -5.697600e-05 -6.719428e+00 -7.849319e-03 5.364470e-05 9.999691e-01 2.801565e+02
9.997822e-01 4.130579e-04 -2.086568e-02 4.550698e+01 -3.946474e-04 9.999995e-01 8.864448e-04 -6.802354e+00 2.086602e-02 -8.780177e-04 9.997818e-01 2.823097e+02
9.999817e-01 5.631199e-04 6.021935e-03 4.688105e+01 -5.633462e-04 9.999998e-01 3.587844e-05 -6.883951e+00 -6.021924e-03 -3.927071e-05 9.999818e-01 2.844627e+02
9.998041e-01 3.081073e-04 -1.978833e-02 4.827206e+01 -2.917628e-04 9.999996e-01 8.288490e-04 -6.964874e+00 1.978856e-02 -8.229135e-04 9.998037e-01 2.865504e+02
