9.094435e-01 2.289961e-03 -4.158213e-01 -4.093700e-01 -1.292208e-03 9.999956e-01 2.680867e-03 1.001643e-02 4.158255e-01 -1.900769e-03 9.094423e-01 1.594289e+00
9.966835e-01 -2.108044e-04 8.137563e-02 -8.264375e-01 2.545224e-04 9.999998e-01 -5.268594e-04 1.994224e-02 -8.137557e-02 5.458247e-04 9.966833e-01 2.939143e+00
9.448164e-01 1.413898e-03 -3.275972e-01 -1.072079e+00 -8.185398e-04 9.999978e-01 1.955219e-03 2.567051e-02 3.275991e-01 -1.579171e-03 9.448154e-01 3.897570e+00
9.918813e-01 -5.068379e-04 1.271658e-01 -1.241994e+00 6.074604e-04 9.999995e-01 -7.524843e-04 2.965211e-02 -1.271655e-01 8.236241e-04 9.918811e-01 4.698876e+00
9.614913e-01 9.283348e-04 -2.748336e-01 -1.302990e+00 -4.787279e-04 9.999984e-01 1.702995e-03 3.090166e-02 2.748347e-01 -1.505844e-03 9.614903e-01 5.322256e+00
9.841672e-01 -8.428673e-04 1.772401e-01 -1.263412e+00 1.068767e-03 9.999987e-01 -1.179068e-03 2.954912e-02 -1.772390e-01 1.349829e-03 9.841669e-01 5.758132e+00
9.474254e-01 1.574722e-03 -3.199728e-01 -1.293430e+00 -7.847568e-04 9.999963e-01 2.597775e-03 2.876951e-02 3.199756e-01 -2.210097e-03 9.474232e-01 6.356192e+00
9.802237e-01 -6.265949e-04 1.978915e-01 -1.455581e+00 1.014216e-03 9.999978e-01 -1.857403e-03 3.244227e-02 -1.978900e-01 2.021376e-03 9.802221e-01 6.913237e+00
9.658154e-01 7.191324e-04 -2.592296e-01 -1.353008e+00 -7.786450e-05 9.999969e-01 2.484002e-03 2.871794e-02 2.592304e-01 -2.378902e-03 9.658125e-01 7.230966e+00
9.752479e-01 -8.142811e-04 2.211123e-01 -1.104152e+00 1.429075e-03 9.999955e-01 -2.620494e-03 2.222865e-02 -2.211092e-01 2.871618e-03 9.752448e-01 7.434551e+00
9.699716e-01 8.672613e-04 -2.432163e-01 -8.702271e-01 -1.866275e-04 9.999960e-01 2.821495e-03 1.568784e-02 2.432177e-01 -2.691379e-03 9.699679e-01 7.605463e+00
9.770512e-01 -3.660893e-04 2.130041e-01 -8.994685e-01 9.024741e-04 9.999967e-01 -2.420958e-03 1.435716e-02 -2.130026e-01 2.557632e-03 9.770483e-01 7.838476e+00
9.783676e-01 1.199541e-03 -2.068701e-01 -9.636259e-01 -6.174234e-04 9.999957e-01 2.878463e-03 1.576074e-02 2.068725e-01 -2.688468e-03 9.783642e-01 8.027441e+00
9.738198e-01 -2.758978e-04 2.273208e-01 -1.006429e+00 9.594378e-04 9.999953e-01 -2.896443e-03 1.808826e-02 -2.273190e-01 3.038715e-03 9.738156e-01 8.148142e+00
9.827749e-01 9.502889e-04 -1.848039e-01 -9.213459e-01 -6.354044e-04 9.999982e-01 1.763096e-03 1.951824e-02 1.848051e-01 -1.615300e-03 9.827738e-01 8.196781e+00
9.760916e-01 -3.093734e-04 2.173589e-01 -8.640167e-01 8.510217e-04 9.999968e-01 -2.398345e-03 2.038651e-02 -2.173576e-01 2.525983e-03 9.760888e-01 8.277683e+00
9.850362e-01 1.003429e-03 -1.723443e-01 -8.372765e-01 -8.033343e-04 9.999989e-01 1.230758e-03 2.307075e-02 1.723453e-01 -1.073890e-03 9.850360e-01 8.353285e+00
9.739106e-01 2.176285e-05 2.269317e-01 -7.734233e-01 5.779489e-04 9.999965e-01 -2.576248e-03 2.622997e-02 -2.269311e-01 2.640191e-03 9.739072e-01 8.395002e+00
9.758679e-01 6.697425e-04 -2.183605e-01 -7.850738e-01 -8.945664e-05 9.999964e-01 2.667341e-03 2.695626e-02 2.183614e-01 -2.583438e-03 9.758645e-01 8.531201e+00
9.800308e-01 -6.888127e-04 1.988440e-01 -4.901679e-01 1.311854e-03 9.999946e-01 -3.001586e-03 2.024198e-02 -1.988410e-01 3.202502e-03 9.800265e-01 8.574494e+00
9.838897e-01 4.792823e-04 -1.787758e-01 -5.537519e-02 -1.551125e-04 9.999983e-01 1.827246e-03 1.255546e-02 1.787763e-01 -1.770077e-03 9.838881e-01 8.519319e+00
9.780426e-01 2.577395e-04 2.084045e-01 -9.194732e-02 2.676772e-04 9.999969e-01 -2.492930e-03 1.541175e-02 -2.084046e-01 2.493977e-03 9.780395e-01 8.593742e+00
9.828674e-01 3.493324e-04 -1.843134e-01 -9.661420e-02 3.925063e-05 9.999978e-01 2.104619e-03 1.670726e-02 1.843136e-01 -2.075795e-03 9.828652e-01 8.685798e+00
9.771993e-01 3.512656e-04 2.123237e-01 -1.070005e-01 2.080306e-04 9.999966e-01 -2.611819e-03 1.864558e-02 -2.123240e-01 2.596438e-03 9.771958e-01 8.781062e+00
9.848599e-01 4.336453e-04 -1.733516e-01 -1.303391e-01 -1.621539e-04 9.999987e-01 1.580289e-03 2.214634e-02 1.733520e-01 -1.528253e-03 9.848587e-01 8.848827e+00
9.757261e-01 4.266300e-04 2.189938e-01 -4.504338e-02 1.912175e-04 9.999961e-01 -2.800095e-03 2.354953e-02 -2.189943e-01 2.774002e-03 9.757222e-01 8.890915e+00
9.852737e-01 -1.003129e-05 -1.709846e-01 2.038309e-01 1.403039e-04 9.999997e-01 7.498115e-04 2.193246e-02 1.709845e-01 -7.627591e-04 9.852734e-01 8.870235e+00
9.784366e-01 4.808263e-04 2.065464e-01 4.976050e-01 5.440965e-05 9.999967e-01 -2.585670e-03 1.867079e-02 -2.065471e-01 2.541152e-03 9.784333e-01 8.828129e+00
9.815374e-01 -6.042751e-04 -1.912691e-01 8.059972e-01 9.121344e-04 9.999984e-01 1.521521e-03 1.294194e-02 1.912678e-01 -1.667892e-03 9.815364e-01 8.813353e+00
9.776332e-01 8.333230e-04 2.103151e-01 1.126062e+00 -2.530100e-04 9.999961e-01 -2.786147e-03 7.081652e-03 -2.103167e-01 2.670618e-03 9.776296e-01 8.803420e+00
9.821813e-01 -9.431110e-04 -1.879336e-01 1.523109e+00 1.152841e-03 9.999988e-01 1.006679e-03 9.447431e-04 1.879323e-01 -1.205399e-03 9.821812e-01 8.724432e+00
9.793559e-01 7.095782e-04 2.021422e-01 2.017321e+00 -1.458313e-04 9.999961e-01 -2.803742e-03 -6.830305e-03 -2.021435e-01 2.716383e-03 9.793521e-01 8.539438e+00
9.830509e-01 -9.670415e-04 -1.833301e-01 2.450845e+00 1.188853e-03 9.999987e-01 1.099998e-03 -1.356285e-02 1.833287e-01 -1.299307e-03 9.830507e-01 8.417883e+00
9.790697e-01 8.727625e-04 2.035231e-01 2.982422e+00 -1.785047e-04 9.999941e-01 -3.429532e-03 -2.043406e-02 -2.035250e-01 3.321421e-03 9.790641e-01 8.164730e+00
9.813223e-01 -7.026419e-04 -1.923693e-01 3.212766e+00 1.161140e-03 9.999967e-01 2.270700e-03 -2.433831e-02 1.923670e-01 -2.451656e-03 9.813199e-01 8.134189e+00
9.806790e-01 1.061113e-03 1.956209e-01 3.189025e+00 -6.156406e-04 9.999971e-01 -2.338013e-03 -2.532548e-02 -1.956229e-01 2.172407e-03 9.806767e-01 8.262985e+00
9.810604e-01 -8.160413e-04 -1.937001e-01 3.240184e+00 1.245055e-03 9.999970e-01 2.093110e-03 -2.793894e-02 1.936977e-01 -2.294635e-03 9.810585e-01 8.346254e+00
9.807991e-01 1.076361e-03 1.950178e-01 3.321947e+00 -5.893624e-04 9.999966e-01 -2.555209e-03 -3.074602e-02 -1.950200e-01 2.391210e-03 9.807963e-01 8.401689e+00
9.806792e-01 -1.325450e-03 -1.956181e-01 3.599812e+00 1.709870e-03 9.999969e-01 1.796301e-03 -3.694614e-02 1.956151e-01 -2.096077e-03 9.806784e-01 8.400404e+00
9.816105e-01 1.243188e-03 1.908907e-01 3.772413e+00 -8.143662e-04 9.999970e-01 -2.324861e-03 -4.122608e-02 -1.908931e-01 2.126652e-03 9.816085e-01 8.451308e+00
9.833503e-01 -7.782129e-04 -1.817185e-01 3.727853e+00 1.209454e-03 9.999967e-01 2.262326e-03 -4.068188e-02 1.817161e-01 -2.444439e-03 9.833479e-01 8.587268e+00
9.804739e-01 1.328628e-03 1.966447e-01 3.710763e+00 -8.112613e-04 9.999960e-01 -2.711500e-03 -4.030859e-02 -1.966476e-01 2.499024e-03 9.804710e-01 8.706420e+00
9.807145e-01 -1.672357e-03 -1.954387e-01 4.076625e+00 2.046412e-03 9.999964e-01 1.712022e-03 -4.844642e-02 1.954350e-01 -2.078953e-03 9.807144e-01 8.710647e+00
9.831704e-01 -2.634741e-04 1.826904e-01 5.092030e+00 9.401546e-04 9.999930e-01 -3.617376e-03 -6.491551e-02 -1.826883e-01 3.728254e-03 9.831638e-01 8.442353e+00
9.802196e-01 -1.519971e-03 -1.979068e-01 6.080223e+00 2.004096e-03 9.999955e-01 2.245960e-03 -8.117296e-02 1.979024e-01 -2.598158e-03 9.802182e-01 8.282999e+00
9.808146e-01 1.953858e-03 1.949330e-01 5.999896e+00 -1.533475e-03 9.999962e-01 -2.307442e-03 -8.113818e-02 -1.949368e-01 1.964248e-03 9.808138e-01 8.457110e+00
9.788599e-01 -1.514187e-03 -2.045263e-01 5.937021e+00 2.000146e-03 9.999956e-01 2.169322e-03 -8.152753e-02 2.045221e-01 -2.532545e-03 9.788586e-01 8.624019e+00
9.796139e-01 1.856327e-03 2.008807e-01 5.914746e+00 -1.424859e-03 9.999964e-01 -2.292450e-03 -8.290425e-02 -2.008843e-01 1.959489e-03 9.796130e-01 8.778514e+00
9.803925e-01 -1.490097e-03 -1.970489e-01 5.927859e+00 1.941695e-03 9.999959e-01 2.098631e-03 -8.504179e-02 1.970449e-01 -2.440091e-03 9.803914e-01 8.924661e+00
9.806417e-01 1.447490e-03 1.958050e-01 6.128303e+00 -9.292043e-04 9.999958e-01 -2.738784e-03 -9.037694e-02 -1.958082e-01 2.503823e-03 9.806390e-01 8.975215e+00
9.806522e-01 -2.517230e-03 -1.957419e-01 6.673861e+00 2.731144e-03 9.999959e-01 8.229378e-04 -9.818880e-02 1.957389e-01 -1.341615e-03 9.806551e-01 8.652439e+00
9.805552e-01 2.393401e-03 1.962285e-01 6.883459e+00 -2.084282e-03 9.999962e-01 -1.781793e-03 -1.035732e-01 -1.962321e-01 1.338150e-03 9.805565e-01 8.694928e+00
9.806675e-01 -2.455199e-03 -1.956660e-01 7.021222e+00 2.741828e-03 9.999955e-01 1.194047e-03 -1.084245e-01 1.956620e-01 -1.707446e-03 9.806698e-01 8.801432e+00
9.818783e-01 2.298151e-03 1.894981e-01 7.178904e+00 -1.981311e-03 9.999963e-01 -1.861423e-03 -1.127229e-01 -1.895018e-01 1.452236e-03 9.818793e-01 8.869230e+00
9.774244e-01 -4.474234e-03 -2.112381e-01 7.997313e+00 4.630469e-03 9.999892e-01 2.449749e-04 -1.260808e-01 2.112347e-01 -1.217576e-03 9.774345e-01 8.630120e+00
9.829351e-01 1.117377e-03 1.839490e-01 9.526933e+00 -4.221450e-04 9.999926e-01 -3.818599e-03 -1.460590e-01 -1.839520e-01 3.675782e-03 9.829283e-01 7.974408e+00
9.799039e-01 -1.931495e-03 -1.994607e-01 1.006615e+01 2.570948e-03 9.999924e-01 2.946955e-03 -1.555469e-01 1.994534e-01 -3.400536e-03 9.799013e-01 7.936235e+00
9.819643e-01 2.607510e-03 1.890482e-01 9.983779e+00 -2.024756e-03 9.999926e-01 -3.275634e-03 -1.552532e-01 -1.890555e-01 2.833779e-03 9.819623e-01 8.079592e+00
9.816687e-01 -1.990420e-03 -1.905849e-01 9.905195e+00 2.605075e-03 9.999922e-01 2.974610e-03 -1.549286e-01 1.905774e-01 -3.416570e-03 9.816662e-01 8.210928e+00
9.827656e-01 2.636228e-03 1.848370e-01 9.820316e+00 -2.073538e-03 9.999926e-01 -3.237482e-03 -1.547098e-01 -1.848443e-01 2.798419e-03 9.827638e-01 8.355593e+00
9.853807e-01 -1.907982e-03 -1.703563e-01 9.769136e+00 2.503018e-03 9.999915e-01 3.278190e-03 -1.541895e-01 1.703485e-01 -3.656670e-03 9.853770e-01 8.620238e+00
9.860041e-01 2.310119e-03 1.667050e-01 9.734013e+00 -1.798722e-03 9.999932e-01 -3.218594e-03 -1.557603e-01 -1.667114e-01 2.873690e-03 9.860015e-01 8.866116e+00
9.838574e-01 -1.682140e-03 -1.789459e-01 9.648867e+00 2.245063e-03 9.999931e-01 2.943311e-03 -1.554629e-01 1.789396e-01 -3.297544e-03 9.838545e-01 9.006609e+00
9.855190e-01 1.678945e-03 1.695566e-01 9.850240e+00 -1.130231e-03 9.999938e-01 -3.332634e-03 -1.612996e-01 -1.695613e-01 3.092736e-03 9.855147e-01 9.143134e+00
9.842443e-01 -2.211363e-03 -1.768000e-01 1.030731e+01 2.725927e-03 9.999927e-01 2.667596e-03 -1.714073e-01 1.767927e-01 -3.107510e-03 9.842431e-01 9.219524e+00
9.840877e-01 2.181542e-03 1.776699e-01 1.076160e+01 -1.483841e-03 9.999907e-01 -4.059730e-03 -1.817236e-01 -1.776772e-01 3.731496e-03 9.840817e-01 9.244107e+00
9.912298e-01 -1.088282e-03 -1.321450e-01 1.072438e+01 1.576541e-03 9.999923e-01 3.590305e-03 -1.790969e-01 1.321400e-01 -3.767149e-03 9.912238e-01 9.641962e+00
9.807477e-01 2.755913e-03 1.952593e-01 1.063553e+01 -1.949439e-03 9.999888e-01 -4.322324e-03 -1.726644e-01 -1.952691e-01 3.858463e-03 9.807421e-01 1.010541e+01
9.829970e-01 -1.730769e-03 -1.836133e-01 1.055437e+01 2.547079e-03 9.999879e-01 4.210064e-03 -1.708814e-01 1.836037e-01 -4.606158e-03 9.829895e-01 1.032151e+01
9.731260e-01 2.793466e-03 2.302561e-01 1.045788e+01 -1.913832e-03 9.999900e-01 -4.043490e-03 -1.673480e-01 -2.302652e-01 3.494154e-03 9.731216e-01 1.096440e+01
9.803408e-01 -7.492199e-04 -1.973104e-01 1.034120e+01 1.672332e-03 9.999884e-01 4.511898e-03 -1.638999e-01 1.973046e-01 -4.753166e-03 9.803306e-01 1.154452e+01
9.805692e-01 1.613171e-03 1.961668e-01 1.026609e+01 -7.423239e-04 9.999895e-01 -4.512758e-03 -1.636307e-01 -1.961722e-01 4.279452e-03 9.805601e-01 1.170775e+01
9.805563e-01 -6.455698e-04 -1.962368e-01 1.018194e+01 1.564421e-03 9.999885e-01 4.527389e-03 -1.627042e-01 1.962316e-01 -4.746357e-03 9.805460e-01 1.186258e+01
9.804529e-01 1.501883e-03 1.967479e-01 1.009726e+01 -6.290666e-04 9.999897e-01 -4.498637e-03 -1.616504e-01 -1.967528e-01 4.286934e-03 9.804437e-01 1.202536e+01
9.800329e-01 -5.592338e-04 -1.988344e-01 1.000423e+01 1.487743e-03 9.999887e-01 4.520394e-03 -1.607790e-01 1.988295e-01 -4.725949e-03 9.800226e-01 1.218659e+01
9.811110e-01 9.225394e-04 1.934433e-01 1.023641e+01 4.099675e-05 9.999876e-01 -4.976912e-03 -1.668898e-01 -1.934456e-01 4.890833e-03 9.810988e-01 1.228992e+01
9.798631e-01 -7.843985e-04 -1.996689e-01 1.056035e+01 1.743681e-03 9.999878e-01 4.628563e-03 -1.748126e-01 1.996628e-01 -4.883517e-03 9.798524e-01 1.241172e+01
9.798218e-01 1.685465e-03 1.998656e-01 1.048786e+01 -7.676505e-04 9.999888e-01 -4.669562e-03 -1.743870e-01 -1.998713e-01 4.421912e-03 9.798121e-01 1.256141e+01
9.798426e-01 -7.937931e-04 -1.997695e-01 1.044686e+01 1.736872e-03 9.999882e-01 4.545628e-03 -1.750744e-01 1.997634e-01 -4.800974e-03 9.798323e-01 1.270579e+01
9.799404e-01 1.687425e-03 1.992835e-01 1.037104e+01 -7.863760e-04 9.999891e-01 -4.600506e-03 -1.746823e-01 -1.992892e-01 4.351510e-03 9.799310e-01 1.284457e+01
9.799882e-01 -8.223902e-04 -1.990537e-01 1.032182e+01 1.746570e-03 9.999885e-01 4.467324e-03 -1.750441e-01 1.990477e-01 -4.725587e-03 9.799783e-01 1.298053e+01
9.801476e-01 1.708192e-03 1.982616e-01 1.025832e+01 -8.138075e-04 9.999891e-01 -4.592527e-03 -1.748155e-01 -1.982674e-01 4.340007e-03 9.801383e-01 1.309952e+01
9.802601e-01 -1.012028e-03 -1.977097e-01 1.028709e+01 1.890289e-03 9.999892e-01 4.253498e-03 -1.763303e-01 1.977031e-01 -4.543263e-03 9.802513e-01 1.318285e+01
9.800653e-01 1.526617e-03 1.986697e-01 1.056221e+01 -4.451104e-04 9.999848e-01 -5.488287e-03 -1.815144e-01 -1.986751e-01 5.290450e-03 9.800511e-01 1.313158e+01
9.802991e-01 -6.355436e-04 -1.975177e-01 1.063099e+01 1.716380e-03 9.999845e-01 5.300954e-03 -1.849884e-01 1.975112e-01 -5.535536e-03 9.802849e-01 1.326683e+01
9.799627e-01 1.593771e-03 1.991747e-01 1.063520e+01 -5.361213e-04 9.999855e-01 -5.363978e-03 -1.873189e-01 -1.991804e-01 5.149717e-03 9.799492e-01 1.343623e+01
9.803569e-01 -6.340313e-04 -1.972304e-01 1.066752e+01 1.701291e-03 9.999848e-01 5.241842e-03 -1.901077e-01 1.972240e-01 -5.474423e-03 9.803431e-01 1.358342e+01
9.802706e-01 1.471741e-03 1.976545e-01 1.077285e+01 -3.779887e-04 9.999844e-01 -5.571270e-03 -1.939528e-01 -1.976597e-01 5.386641e-03 9.802558e-01 1.369445e+01
9.803883e-01 -4.948454e-04 -1.970750e-01 1.078949e+01 1.581034e-03 9.999844e-01 5.354255e-03 -1.956799e-01 1.970692e-01 -5.560831e-03 9.803737e-01 1.380189e+01
9.802778e-01 1.513050e-03 1.976184e-01 1.073460e+01 -4.491972e-04 9.999852e-01 -5.428082e-03 -1.958529e-01 -1.976238e-01 5.232259e-03 9.802639e-01 1.393335e+01
9.805619e-01 -5.765922e-04 -1.962092e-01 1.077900e+01 1.652020e-03 9.999845e-01 5.317409e-03 -1.987188e-01 1.962030e-01 -5.538190e-03 9.805476e-01 1.407116e+01
9.803329e-01 1.518624e-03 1.973448e-01 1.080102e+01 -4.444270e-04 9.999848e-01 -5.487421e-03 -2.010154e-01 -1.973503e-01 5.291794e-03 9.803187e-01 1.419818e+01
9.804243e-01 -4.940794e-04 -1.968958e-01 1.075976e+01 1.581628e-03 9.999844e-01 5.366262e-03 -2.015468e-01 1.968900e-01 -5.572629e-03 9.804097e-01 1.431507e+01
9.809283e-01 1.455326e-03 1.943642e-01 1.074106e+01 -3.917756e-04 9.999847e-01 -5.510270e-03 -2.025132e-01 -1.943693e-01 5.329033e-03 9.809139e-01 1.441327e+01
9.805926e-01 -4.279059e-04 -1.960561e-01 1.068791e+01 1.510020e-03 9.999844e-01 5.369971e-03 -2.027095e-01 1.960507e-01 -5.561802e-03 9.805779e-01 1.451850e+01
9.805177e-01 1.226218e-03 1.964265e-01 1.078805e+01 -1.156203e-04 9.999839e-01 -5.665379e-03 -2.064501e-01 -1.964303e-01 5.532294e-03 9.805021e-01 1.460883e+01
9.809449e-01 -3.642500e-04 -1.942859e-01 1.089279e+01 1.445450e-03 9.999842e-01 5.423257e-03 -2.105390e-01 1.942808e-01 -5.600746e-03 9.809299e-01 1.472093e+01
9.801131e-01 1.400381e-03 1.984346e-01 1.081598e+01 -3.281536e-04 9.999852e-01 -5.436209e-03 -2.091734e-01 -1.984394e-01 5.262983e-03 9.800990e-01 1.485136e+01
9.805996e-01 -3.492770e-04 -1.960212e-01 1.074490e+01 1.431219e-03 9.999845e-01 5.377893e-03 -2.081302e-01 1.960162e-01 -5.554108e-03 9.805849e-01 1.495192e+01
9.814855e-01 1.433042e-03 1.915310e-01 1.065016e+01 -4.247484e-04 9.999858e-01 -5.305335e-03 -2.079260e-01 -1.915360e-01 5.125757e-03 9.814721e-01 1.513140e+01
9.771793e-01 -7.454752e-05 -2.124158e-01 1.052682e+01 1.286039e-03 9.999837e-01 5.565236e-03 -2.076881e-01 2.124118e-01 -5.711409e-03 9.771635e-01 1.538661e+01
9.891728e-01 1.791615e-03 1.467445e-01 1.032050e+01 -1.082972e-03 9.999874e-01 -4.908845e-03 -2.056695e-01 -1.467515e-01 4.696776e-03 9.891622e-01 1.583739e+01
9.829339e-01 -6.647121e-04 -1.839578e-01 1.013243e+01 1.618516e-03 9.999860e-01 5.034802e-03 -2.032719e-01 1.839518e-01 -5.246616e-03 9.829212e-01 1.617084e+01
9.862697e-01 1.391591e-03 1.651362e-01 1.011360e+01 -6.476221e-04 9.999894e-01 -4.558940e-03 -2.060361e-01 -1.651409e-01 4.389399e-03 9.862602e-01 1.648000e+01
9.691027e-01 -6.632395e-04 -2.466566e-01 1.019485e+01 2.058215e-03 9.999833e-01 5.397759e-03 -2.109123e-01 2.466488e-01 -5.738655e-03 9.690879e-01 1.702914e+01
9.878659e-01 2.164854e-03 1.552936e-01 1.005923e+01 -1.405674e-03 9.999865e-01 -4.998316e-03 -2.088661e-01 -1.553025e-01 4.719375e-03 9.878556e-01 1.756019e+01
9.838733e-01 -1.327252e-03 -1.788616e-01 9.972091e+00 2.253000e-03 9.999851e-01 4.972753e-03 -2.086674e-01 1.788523e-01 -5.295533e-03 9.838616e-01 1.782591e+01
9.849941e-01 1.950873e-03 1.725766e-01 9.999304e+00 -1.118358e-03 9.999873e-01 -4.921122e-03 -2.120419e-01 -1.725841e-01 4.654274e-03 9.849837e-01 1.803867e+01
9.825629e-01 -1.507018e-03 -1.859241e-01 1.009089e+01 2.444513e-03 9.999854e-01 4.813207e-03 -2.164023e-01 1.859141e-01 -5.183772e-03 9.825523e-01 1.825633e+01
9.761903e-01 2.856332e-03 2.168966e-01 1.008456e+01 -1.627607e-03 9.999816e-01 -5.843447e-03 -2.151785e-01 -2.169094e-01 5.351294e-03 9.761770e-01 1.839979e+01
9.826245e-01 -1.462839e-03 -1.855988e-01 1.004753e+01 2.380865e-03 9.999860e-01 4.723507e-03 -2.125558e-01 1.855892e-01 -5.083319e-03 9.826142e-01 1.853144e+01
9.775184e-01 2.654339e-03 2.108330e-01 1.001632e+01 -1.547619e-03 9.999841e-01 -5.414094e-03 -2.114120e-01 -2.108441e-01 4.966088e-03 9.775070e-01 1.871595e+01
9.836003e-01 -1.352260e-03 -1.803570e-01 9.978967e+00 2.181414e-03 9.999879e-01 4.399029e-03 -2.090216e-01 1.803487e-01 -4.720319e-03 9.835913e-01 1.886289e+01
9.786855e-01 2.472115e-03 2.053496e-01 9.926296e+00 -1.448088e-03 9.999858e-01 -5.136882e-03 -2.065722e-01 -2.053594e-01 4.730028e-03 9.786751e-01 1.899974e+01
9.840605e-01 -1.281485e-03 -1.778293e-01 9.867834e+00 2.080774e-03 9.999886e-01 4.308272e-03 -2.035589e-01 1.778216e-01 -4.609623e-03 9.840519e-01 1.913590e+01
9.773381e-01 2.565338e-03 2.116685e-01 9.804537e+00 -1.473355e-03 9.999848e-01 -5.316481e-03 -1.996465e-01 -2.116791e-01 4.884137e-03 9.773270e-01 1.927379e+01
9.841253e-01 -1.220336e-03 -1.774708e-01 9.740211e+00 2.013209e-03 9.999888e-01 4.287623e-03 -1.956046e-01 1.774635e-01 -4.576844e-03 9.841167e-01 1.940487e+01
9.779318e-01 2.446113e-03 2.089096e-01 9.673338e+00 -1.401911e-03 9.999858e-01 -5.146265e-03 -1.920294e-01 -2.089193e-01 4.739824e-03 9.779213e-01 1.955320e+01
9.829166e-01 -1.168229e-03 -1.840477e-01 9.603820e+00 2.050482e-03 9.999873e-01 4.603367e-03 -1.893397e-01 1.840399e-01 -4.902113e-03 9.829065e-01 1.972812e+01
9.756335e-01 2.617096e-03 2.193910e-01 9.540848e+00 -1.405196e-03 9.999829e-01 -5.679788e-03 -1.851239e-01 -2.194022e-01 5.233104e-03 9.756204e-01 1.984862e+01
9.823090e-01 -1.238401e-03 -1.872629e-01 9.471192e+00 2.145080e-03 9.999869e-01 4.639186e-03 -1.809876e-01 1.872546e-01 -4.958809e-03 9.822988e-01 1.996935e+01
9.745591e-01 2.742758e-03 2.241137e-01 9.406630e+00 -1.490855e-03 9.999823e-01 -5.755037e-03 -1.766233e-01 -2.241256e-01 5.274503e-03 9.745459e-01 2.010028e+01
9.825568e-01 -1.263106e-03 -1.859584e-01 9.341940e+00 2.130325e-03 9.999878e-01 4.463771e-03 -1.720170e-01 1.859504e-01 -4.782061e-03 9.825474e-01 2.021228e+01
9.759938e-01 2.607939e-03 2.177827e-01 9.275299e+00 -1.458484e-03 9.999841e-01 -5.438573e-03 -1.682225e-01 -2.177936e-01 4.990380e-03 9.759820e-01 2.034100e+01
9.794585e-01 -1.308665e-03 -2.016414e-01 9.202885e+00 2.367997e-03 9.999846e-01 5.012416e-03 -1.662214e-01 2.016317e-01 -5.386940e-03 9.794465e-01 2.050127e+01
9.769186e-01 2.485845e-03 2.135973e-01 9.129917e+00 -1.376708e-03 9.999848e-01 -5.341246e-03 -1.644397e-01 -2.136074e-01 4.923902e-03 9.769071e-01 2.064688e+01
9.774309e-01 -1.255696e-03 -2.112516e-01 9.050873e+00 2.398929e-03 9.999838e-01 5.155517e-03 -1.634399e-01 2.112417e-01 -5.545940e-03 9.774180e-01 2.078234e+01
9.707995e-01 2.784741e-03 2.398759e-01 9.019822e+00 -1.323130e-03 9.999796e-01 -6.254026e-03 -1.607093e-01 -2.398886e-01 5.754018e-03 9.707833e-01 2.086912e+01
9.762015e-01 -1.292891e-03 -2.168615e-01 8.965422e+00 2.457144e-03 9.999840e-01 5.099100e-03 -1.576176e-01 2.168513e-01 -5.510610e-03 9.761890e-01 2.094345e+01
9.740555e-01 2.464717e-03 2.262956e-01 8.896014e+00 -1.238702e-03 9.999838e-01 -5.559598e-03 -1.555791e-01 -2.263058e-01 5.135044e-03 9.740427e-01 2.103875e+01
9.778441e-01 -1.275723e-03 -2.093306e-01 8.919874e+00 2.315517e-03 9.999862e-01 4.722242e-03 -1.556309e-01 2.093216e-01 -5.102326e-03 9.778334e-01 2.110282e+01
9.709216e-01 2.650951e-03 2.393830e-01 9.025178e+00 -1.180960e-03 9.999796e-01 -6.283975e-03 -1.564758e-01 -2.393948e-01 5.818544e-03 9.709048e-01 2.114017e+01
9.749101e-01 -1.283385e-03 -2.225950e-01 9.042275e+00 2.512990e-03 9.999831e-01 5.240801e-03 -1.564213e-01 2.225845e-01 -5.668690e-03 9.748968e-01 2.119876e+01
9.705552e-01 2.683771e-03 2.408637e-01 8.994442e+00 -1.256547e-03 9.999807e-01 -6.078836e-03 -1.543857e-01 -2.408755e-01 5.597188e-03 9.705398e-01 2.128228e+01
9.761373e-01 -1.511984e-03 -2.171487e-01 9.157434e+00 2.609373e-03 9.999852e-01 4.766989e-03 -1.569356e-01 2.171382e-01 -5.219859e-03 9.761268e-01 2.130577e+01
9.701697e-01 2.786260e-03 2.424107e-01 9.433099e+00 -1.141815e-03 9.999754e-01 -6.923941e-03 -1.607714e-01 -2.424241e-01 6.440609e-03 9.701489e-01 2.126697e+01
9.754519e-01 -1.147541e-03 -2.202095e-01 9.393644e+00 2.494473e-03 9.999798e-01 5.838626e-03 -1.584732e-01 2.201983e-01 -6.244606e-03 9.754350e-01 2.134391e+01
9.715715e-01 2.624601e-03 2.367315e-01 9.327777e+00 -1.139367e-03 9.999788e-01 -6.410510e-03 -1.561763e-01 -2.367434e-01 5.958544e-03 9.715539e-01 2.146276e+01
9.775192e-01 -1.010334e-03 -2.108441e-01 9.260744e+00 2.206538e-03 9.999828e-01 5.438226e-03 -1.525550e-01 2.108349e-01 -5.781207e-03 9.775045e-01 2.156481e+01
9.720572e-01 2.512064e-03 2.347305e-01 9.203347e+00 -1.091239e-03 9.999803e-01 -6.182701e-03 -1.497280e-01 -2.347415e-01 5.753791e-03 9.720407e-01 2.170459e+01
9.776167e-01 -1.006075e-03 -2.103915e-01 9.191756e+00 2.150780e-03 9.999841e-01 5.212093e-03 -1.486475e-01 2.103828e-01 -5.547936e-03 9.776032e-01 2.184799e+01
9.760468e-01 2.062219e-03 2.175509e-01 9.138428e+00 -9.348308e-04 9.999856e-01 -5.284973e-03 -1.486355e-01 -2.175587e-01 4.955007e-03 9.760346e-01 2.204896e+01
9.772881e-01 -8.361160e-04 -2.119133e-01 9.089495e+00 2.026670e-03 9.999834e-01 5.400975e-03 -1.493702e-01 2.119052e-01 -5.707788e-03 9.772735e-01 2.229150e+01
9.720062e-01 2.293724e-03 2.349438e-01 9.052523e+00 -9.183523e-04 9.999818e-01 -5.963292e-03 -1.476420e-01 -2.349533e-01 5.580595e-03 9.719906e-01 2.245249e+01
9.764082e-01 -8.466410e-04 -2.159312e-01 8.998553e+00 2.049562e-03 9.999836e-01 5.346994e-03 -1.454339e-01 2.159231e-01 -5.663415e-03 9.763939e-01 2.258168e+01
9.740059e-01 2.044326e-03 2.265134e-01 8.931123e+00 -8.297601e-04 9.999848e-01 -5.457089e-03 -1.438012e-01 -2.265211e-01 5.127284e-03 9.739927e-01 2.273973e+01
9.779633e-01 -7.303331e-04 -2.087757e-01 8.866439e+00 1.810265e-03 9.999860e-01 4.981661e-03 -1.412986e-01 2.087691e-01 -5.249822e-03 9.779508e-01 2.286459e+01
9.719644e-01 2.158671e-03 2.351181e-01 8.802290e+00 -8.225196e-04 9.999830e-01 -5.780816e-03 -1.378659e-01 -2.351266e-01 5.425357e-03 9.719495e-01 2.299236e+01
9.774256e-01 -6.775007e-04 -2.112790e-01 8.742156e+00 1.799301e-03 9.999853e-01 5.117369e-03 -1.348725e-01 2.112724e-01 -5.382003e-03 9.774123e-01 2.312063e+01
9.747228e-01 1.830373e-03 2.234101e-01 8.668807e+00 -6.565392e-04 9.999856e-01 -5.328334e-03 -1.326481e-01 -2.234167e-01 5.046970e-03 9.747099e-01 2.326723e+01
9.769481e-01 -5.855279e-04 -2.134760e-01 8.593217e+00 1.742426e-03 9.999848e-01 5.231227e-03 -1.305400e-01 2.134696e-01 -5.482605e-03 9.769342e-01 2.340252e+01
9.693332e-01 2.197824e-03 2.457402e-01 8.543444e+00 -7.028926e-04 9.999807e-01 -6.170926e-03 -1.268623e-01 -2.457491e-01 5.808953e-03 9.693160e-01 2.350304e+01
9.754189e-01 -6.225493e-04 -2.203578e-01 8.499332e+00 1.823123e-03 9.999846e-01 5.244965e-03 -1.240494e-01 2.203511e-01 -5.517779e-03 9.754049e-01 2.361454e+01
9.739649e-01 1.721233e-03 2.266923e-01 8.515029e+00 -5.323375e-04 9.999858e-01 -5.305564e-03 -1.260187e-01 -2.266982e-01 5.046755e-03 9.739519e-01 2.379404e+01
9.763639e-01 -5.461787e-04 -2.161325e-01 8.525577e+00 1.682963e-03 9.999857e-01 5.075652e-03 -1.272694e-01 2.161266e-01 -5.319428e-03 9.763508e-01 2.396117e+01
9.728280e-01 1.669778e-03 2.315229e-01 8.673733e+00 -3.631963e-04 9.999838e-01 -5.685935e-03 -1.316525e-01 -2.315287e-01 5.447347e-03 9.728127e-01 2.410961e+01
9.780771e-01 -6.413104e-04 -2.082421e-01 8.889384e+00 1.649105e-03 9.999878e-01 4.665959e-03 -1.364605e-01 2.082365e-01 -4.907083e-03 9.780661e-01 2.420435e+01
9.729511e-01 1.605791e-03 2.310055e-01 9.160045e+00 -2.834181e-04 9.999834e-01 -5.757492e-03 -1.424074e-01 -2.310110e-01 5.536286e-03 9.729353e-01 2.428362e+01
9.793996e-01 -6.772000e-04 -2.019307e-01 9.422892e+00 1.547420e-03 9.999902e-01 4.151672e-03 -1.473042e-01 2.019258e-01 -4.378619e-03 9.793909e-01 2.434093e+01
9.766619e-01 1.603072e-03 2.147766e-01 9.387331e+00 -6.638754e-04 9.999899e-01 -4.444963e-03 -1.465159e-01 -2.147816e-01 4.198639e-03 9.766530e-01 2.449369e+01
9.767668e-01 -5.968301e-04 -2.143042e-01 9.311805e+00 1.579647e-03 9.999890e-01 4.414863e-03 -1.458610e-01 2.142992e-01 -4.650819e-03 9.767569e-01 2.463899e+01
9.758310e-01 1.508352e-03 2.185211e-01 9.238741e+00 -5.513540e-04 9.999900e-01 -4.440344e-03 -1.447879e-01 -2.185257e-01 4.212541e-03 9.758220e-01 2.479139e+01
9.790748e-01 -4.281584e-04 -2.035003e-01 9.165110e+00 1.331424e-03 9.999899e-01 4.301762e-03 -1.422313e-01 2.034963e-01 -4.482693e-03 9.790654e-01 2.494049e+01
9.719360e-01 1.807346e-03 2.352384e-01 9.157666e+00 -6.016879e-04 9.999863e-01 -5.196937e-03 -1.402012e-01 -2.352446e-01 4.909549e-03 9.719237e-01 2.505799e+01
9.749496e-01 -5.264461e-04 -2.224251e-01 9.094331e+00 1.672878e-03 9.999863e-01 4.965863e-03 -1.383646e-01 2.224194e-01 -5.213558e-03 9.749370e-01 2.520258e+01
9.738645e-01 1.618038e-03 2.271240e-01 9.012989e+00 -5.088236e-04 9.999877e-01 -4.942204e-03 -1.370664e-01 -2.271292e-01 4.697470e-03 9.738532e-01 2.537859e+01
9.766538e-01 -4.052150e-04 -2.148190e-01 8.949078e+00 1.492018e-03 9.999869e-01 4.897032e-03 -1.355237e-01 2.148142e-01 -5.103221e-03 9.766415e-01 2.555030e+01
9.762153e-01 1.415446e-03 2.167988e-01 8.865287e+00 -3.941503e-04 9.999886e-01 -4.753970e-03 -1.348621e-01 -2.168031e-01 4.555445e-03 9.762046e-01 2.574932e+01
9.803711e-01 -2.363638e-04 -1.971609e-01 8.834672e+00 1.147568e-03 9.999892e-01 4.507393e-03 -1.339398e-01 1.971576e-01 -4.645175e-03 9.803607e-01 2.592020e+01
9.778762e-01 1.164640e-03 2.091813e-01 8.803132e+00 -2.108096e-04 9.999895e-01 -4.582066e-03 -1.338064e-01 -2.091845e-01 4.436594e-03 9.778660e-01 2.610025e+01
9.772128e-01 -5.536382e-05 -2.122618e-01 8.709677e+00 1.109398e-03 9.999876e-01 4.846635e-03 -1.337197e-01 2.122588e-01 -4.971678e-03 9.772007e-01 2.632341e+01
9.805958e-01 9.944284e-04 1.960379e-01 8.633463e+00 -1.471637e-04 9.999906e-01 -4.336463e-03 -1.349117e-01 -1.960404e-01 4.223466e-03 9.805866e-01 2.661404e+01
9.791148e-01 -1.536338e-04 -2.033079e-01 8.588855e+00 1.125572e-03 9.999885e-01 4.665005e-03 -1.364451e-01 2.033048e-01 -4.796415e-03 9.791037e-01 2.688457e+01
9.784815e-01 1.055053e-03 2.063320e-01 8.525875e+00 -1.445961e-04 9.999902e-01 -4.427613e-03 -1.366215e-01 -2.063347e-01 4.302501e-03 9.784719e-01 2.709676e+01
9.799140e-01 -1.138833e-04 -1.994206e-01 8.477660e+00 1.065360e-03 9.999886e-01 4.663908e-03 -1.368128e-01 1.994178e-01 -4.782684e-03 9.799028e-01 2.730833e+01
9.772284e-01 9.316877e-04 2.121881e-01 8.710599e+00 2.130907e-04 9.999855e-01 -5.372181e-03 -1.426571e-01 -2.121901e-01 5.295062e-03 9.772140e-01 2.740224e+01
9.759454e-01 -2.809923e-04 -2.180150e-01 8.889735e+00 1.446734e-03 9.999855e-01 5.187465e-03 -1.479911e-01 2.180103e-01 -5.378094e-03 9.759315e-01 2.750927e+01
9.767066e-01 9.278485e-04 2.145770e-01 9.106299e+00 2.545108e-04 9.999849e-01 -5.482494e-03 -1.544458e-01 -2.145789e-01 5.409399e-03 9.766916e-01 2.762438e+01
9.766557e-01 -1.362244e-04 -2.148109e-01 9.280744e+00 1.265346e-03 9.999861e-01 5.118850e-03 -1.592572e-01 2.148071e-01 -5.271165e-03 9.766422e-01 2.771134e+01
9.764623e-01 1.195395e-03 2.156846e-01 9.217737e+00 -1.492728e-04 9.999881e-01 -4.866467e-03 -1.598911e-01 -2.156879e-01 4.719724e-03 9.764509e-01 2.793562e+01
9.753462e-01 -5.314980e-05 -2.206803e-01 9.125799e+00 1.208952e-03 9.999863e-01 5.102393e-03 -1.597741e-01 2.206770e-01 -5.243393e-03 9.753327e-01 2.814714e+01
9.768380e-01 1.185549e-03 2.139769e-01 9.040261e+00 -1.209051e-04 9.999875e-01 -4.988525e-03 -1.597277e-01 -2.139802e-01 4.847109e-03 9.768259e-01 2.832740e+01
9.767510e-01 -6.959720e-05 -2.143769e-01 8.976575e+00 1.203395e-03 9.999860e-01 5.158305e-03 -1.601459e-01 2.143735e-01 -5.296361e-03 9.767373e-01 2.850979e+01
9.758689e-01 1.107756e-03 2.183543e-01 8.924314e+00 -3.181276e-05 9.999878e-01 -4.930964e-03 -1.607047e-01 -2.183572e-01 4.805027e-03 9.758570e-01 2.872266e+01
9.762930e-01 7.573742e-05 -2.164532e-01 8.849356e+00 1.076902e-03 9.999859e-01 5.207166e-03 -1.606586e-01 2.164505e-01 -5.316820e-03 9.762790e-01 2.894426e+01
9.747728e-01 1.028971e-03 2.231969e-01 8.791534e+00 7.898868e-05 9.999877e-01 -4.955062e-03 -1.607660e-01 -2.231992e-01 4.847688e-03 9.747607e-01 2.915926e+01
9.759700e-01 1.774478e-04 -2.179047e-01 8.718691e+00 9.816244e-04 9.999859e-01 5.210908e-03 -1.603087e-01 2.179025e-01 -5.299592e-03 9.759560e-01 2.936526e+01
9.740474e-01 9.484070e-04 2.263419e-01 8.669425e+00 1.928805e-04 9.999874e-01 -5.020148e-03 -1.605100e-01 -2.263439e-01 4.933518e-03 9.740349e-01 2.957155e+01
9.746904e-01 1.390841e-04 -2.235590e-01 8.683480e+00 1.032062e-03 9.999864e-01 5.121795e-03 -1.629907e-01 2.235567e-01 -5.222892e-03 9.746768e-01 2.974502e+01
9.745937e-01 9.142436e-04 2.239783e-01 8.625080e+00 1.926727e-04 9.999879e-01 -4.920165e-03 -1.636672e-01 -2.239802e-01 4.838315e-03 9.745816e-01 2.993298e+01
9.737901e-01 1.883601e-04 -2.274486e-01 8.563139e+00 1.030198e-03 9.999857e-01 5.238784e-03 -1.646070e-01 2.274463e-01 -5.335794e-03 9.737759e-01 3.014096e+01
9.737319e-01 9.014378e-04 2.276958e-01 8.530395e+00 2.267280e-04 9.999878e-01 -4.928502e-03 -1.663251e-01 -2.276975e-01 4.850663e-03 9.737197e-01 3.035925e+01
9.733237e-01 2.451831e-04 -2.294360e-01 8.471250e+00 9.740033e-04 9.999860e-01 5.200580e-03 -1.670271e-01 2.294340e-01 -5.285321e-03 9.733098e-01 3.056285e+01
9.761484e-01 1.107897e-03 2.171013e-01 8.342793e+00 -2.404183e-05 9.999875e-01 -4.994974e-03 -1.661692e-01 -2.171042e-01 4.870615e-03 9.761362e-01 3.078853e+01
9.726748e-01 2.336507e-04 -2.321716e-01 8.229350e+00 1.003678e-03 9.999859e-01 5.211231e-03 -1.656775e-01 2.321695e-01 -5.301859e-03 9.726608e-01 3.101595e+01
9.770686e-01 1.051971e-03 2.129223e-01 8.134267e+00 1.055451e-05 9.999876e-01 -4.989006e-03 -1.654924e-01 -2.129249e-01 4.876848e-03 9.770563e-01 3.122895e+01
9.721725e-01 2.938886e-05 -2.342661e-01 8.079244e+00 1.203415e-03 9.999862e-01 5.119459e-03 -1.659065e-01 2.342630e-01 -5.258918e-03 9.721589e-01 3.142925e+01
9.732909e-01 1.051610e-03 2.295730e-01 8.048622e+00 8.769302e-05 9.999877e-01 -4.952445e-03 -1.672695e-01 -2.295754e-01 4.840300e-03 9.732787e-01 3.162059e+01
9.727499e-01 9.262798e-05 -2.318569e-01 8.016415e+00 1.158789e-03 9.999855e-01 5.261170e-03 -1.693269e-01 2.318540e-01 -5.386477e-03 9.727356e-01 3.185346e+01
9.728706e-01 7.069211e-04 2.313489e-01 8.192521e+00 5.183727e-04 9.999862e-01 -5.235473e-03 -1.763889e-01 -2.313494e-01 5.213362e-03 9.728567e-01 3.205854e+01
9.772858e-01 -4.992537e-04 -2.119249e-01 8.785862e+00 1.264920e-03 9.999932e-01 3.477354e-03 -1.877519e-01 2.119217e-01 -3.666438e-03 9.772797e-01 3.201448e+01
9.723541e-01 1.211439e-03 2.335082e-01 9.343522e+00 1.142276e-04 9.999840e-01 -5.663569e-03 -1.977269e-01 -2.335114e-01 5.533666e-03 9.723382e-01 3.197006e+01
9.744391e-01 -3.692964e-04 -2.246514e-01 9.644772e+00 1.539993e-03 9.999861e-01 5.035973e-03 -2.056852e-01 2.246463e-01 -5.253212e-03 9.744261e-01 3.207772e+01
9.725287e-01 1.303545e-03 2.327791e-01 1.003706e+01 2.180889e-04 9.999788e-01 -6.510957e-03 -2.137212e-01 -2.327827e-01 6.382858e-03 9.725077e-01 3.206574e+01
9.771739e-01 -4.733391e-04 -2.124404e-01 1.043735e+01 1.555536e-03 9.999867e-01 4.927012e-03 -2.209980e-01 2.124352e-01 -5.145008e-03 9.771615e-01 3.203737e+01
9.744751e-01 1.353545e-03 2.244914e-01 1.085673e+01 1.395077e-04 9.999780e-01 -6.634830e-03 -2.288213e-01 -2.244955e-01 6.496793e-03 9.744534e-01 3.199929e+01
9.751868e-01 4.404696e-05 -2.213836e-01 1.089644e+01 1.451069e-03 9.999772e-01 6.590866e-03 -2.318062e-01 2.213788e-01 -6.748570e-03 9.751644e-01 3.216798e+01
9.751079e-01 1.389528e-03 2.217265e-01 1.085593e+01 8.035647e-05 9.999781e-01 -6.620112e-03 -2.323092e-01 -2.217308e-01 6.473140e-03 9.750863e-01 3.231916e+01
9.753457e-01 3.379273e-04 -2.206821e-01 1.080829e+01 1.303914e-03 9.999725e-01 7.294137e-03 -2.341820e-01 2.206784e-01 -7.402057e-03 9.753184e-01 3.276760e+01
9.770283e-01 1.124765e-03 2.131066e-01 1.071765e+01 1.931483e-04 9.999810e-01 -6.163372e-03 -2.371678e-01 -2.131095e-01 6.062949e-03 9.770094e-01 3.337369e+01
9.649217e-01 -1.571566e-04 -2.625379e-01 1.094952e+01 2.035350e-03 9.999742e-01 6.882058e-03 -2.456591e-01 2.625300e-01 -7.175005e-03 9.648970e-01 3.386084e+01
9.748515e-01 7.581975e-04 2.228540e-01 1.141255e+01 7.547251e-04 9.999772e-01 -6.703607e-03 -2.580295e-01 -2.228540e-01 6.703214e-03 9.748287e-01 3.429343e+01
9.731737e-01 1.015668e-03 -2.300695e-01 1.144960e+01 8.330938e-04 9.999681e-01 7.938387e-03 -2.648099e-01 2.300702e-01 -7.917100e-03 9.731417e-01 3.488892e+01
9.756430e-01 5.808532e-04 2.193636e-01 1.135946e+01 8.165216e-04 9.999800e-01 -6.279416e-03 -2.686635e-01 -2.193629e-01 6.305582e-03 9.756229e-01 3.562820e+01
9.699470e-01 1.553338e-03 -2.433114e-01 1.132953e+01 6.727229e-04 9.999587e-01 9.065665e-03 -2.777914e-01 2.433154e-01 -8.956897e-03 9.699058e-01 3.675278e+01
9.749880e-01 -2.696994e-05 2.222575e-01 1.146246e+01 1.403351e-03 9.999808e-01 -6.034805e-03 -2.923811e-01 -2.222531e-01 6.195767e-03 9.749692e-01 3.810530e+01
9.721176e-01 2.073258e-03 -2.344848e-01 1.152894e+01 -6.666473e-05 9.999633e-01 8.565057e-03 -3.034513e-01 2.344939e-01 -8.310611e-03 9.720820e-01 3.920618e+01
9.743489e-01 -5.601462e-04 2.250419e-01 1.164246e+01 1.925107e-03 9.999811e-01 -5.845978e-03 -3.176778e-01 -2.250344e-01 6.129253e-03 9.743314e-01 4.039666e+01
9.682904e-01 2.735475e-03 -2.498122e-01 1.175158e+01 -3.091085e-04 9.999524e-01 9.751477e-03 -3.340443e-01 2.498269e-01 -9.365043e-03 9.682451e-01 4.192455e+01
9.763110e-01 -1.463948e-03 2.163669e-01 1.196457e+01 2.806962e-03 9.999787e-01 -5.899931e-03 -3.524478e-01 -2.163537e-01 6.367502e-03 9.762942e-01 4.351608e+01
9.674059e-01 2.045902e-03 -2.532226e-01 1.277653e+01 2.322989e-04 9.999598e-01 8.966602e-03 -3.820824e-01 2.532307e-01 -8.733166e-03 9.673664e-01 4.488123e+01
9.753211e-01 -1.302463e-03 2.207874e-01 1.347337e+01 2.921861e-03 9.999712e-01 -7.008219e-03 -4.062095e-01 -2.207720e-01 7.480375e-03 9.752967e-01 4.597705e+01
9.713168e-01 3.424462e-03 -2.377643e-01 1.374928e+01 -1.069977e-03 9.999491e-01 1.003095e-02 -4.237453e-01 2.377865e-01 -9.488823e-03 9.712710e-01 4.721893e+01
9.750077e-01 -1.634587e-03 2.221648e-01 1.398516e+01 3.247672e-03 9.999710e-01 -6.895623e-03 -4.410008e-01 -2.221472e-01 7.444806e-03 9.749846e-01 4.852223e+01
9.710800e-01 3.967263e-03 -2.387212e-01 1.408666e+01 -1.577568e-03 9.999467e-01 1.020063e-02 -4.542791e-01 2.387489e-01 -9.529023e-03 9.710345e-01 4.977673e+01
9.752741e-01 -2.105242e-03 2.209885e-01 1.419184e+01 3.732692e-03 9.999689e-01 -6.947060e-03 -4.669778e-01 -2.209671e-01 7.600172e-03 9.752516e-01 5.099836e+01
9.725091e-01 4.292199e-03 -2.328251e-01 1.442892e+01 -2.026532e-03 9.999482e-01 9.969525e-03 -4.835227e-01 2.328558e-01 -9.223625e-03 9.724674e-01 5.216966e+01
9.756965e-01 -2.621052e-03 2.191107e-01 1.471185e+01 4.222773e-03 9.999677e-01 -6.842096e-03 -5.017973e-01 -2.190857e-01 7.601066e-03 9.756759e-01 5.339928e+01
9.719835e-01 4.672471e-03 -2.350026e-01 1.492914e+01 -2.382281e-03 9.999469e-01 1.002833e-02 -5.174588e-01 2.350369e-01 -9.187532e-03 9.719429e-01 5.455095e+01
9.754287e-01 -2.946510e-03 2.202954e-01 1.507538e+01 4.590291e-03 9.999653e-01 -6.950177e-03 -5.310373e-01 -2.202674e-01 7.790626e-03 9.754083e-01 5.566109e+01
9.725187e-01 5.222099e-03 -2.327663e-01 1.530851e+01 -2.868948e-03 9.999413e-01 1.044690e-02 -5.488442e-01 2.328071e-01 -9.492008e-03 9.724765e-01 5.695660e+01
9.760604e-01 -3.671085e-03 2.174687e-01 1.580444e+01 5.349809e-03 9.999603e-01 -7.131123e-03 -5.730108e-01 -2.174339e-01 8.123826e-03 9.760412e-01 5.827438e+01
9.698706e-01 5.608217e-03 -2.435560e-01 1.621103e+01 -3.009091e-03 9.999345e-01 1.104230e-02 -5.942287e-01 2.436019e-01 -9.976720e-03 9.698239e-01 5.966284e+01
9.759459e-01 -3.965240e-03 2.179766e-01 1.649273e+01 5.608932e-03 9.999603e-01 -6.922438e-03 -6.136947e-01 -2.179406e-01 7.978545e-03 9.759294e-01 6.113869e+01
9.700774e-01 6.101709e-03 -2.427190e-01 1.678943e+01 -3.496454e-03 9.999316e-01 1.116295e-02 -6.334259e-01 2.427704e-01 -9.980264e-03 9.700323e-01 6.259790e+01
9.737061e-01 -4.467121e-03 2.277638e-01 1.729658e+01 6.366235e-03 9.999508e-01 -7.604094e-03 -6.580744e-01 -2.277187e-01 8.854156e-03 9.736866e-01 6.392726e+01
9.704045e-01 6.380047e-03 -2.414008e-01 1.792705e+01 -3.774557e-03 9.999295e-01 1.125410e-02 -6.856267e-01 2.414555e-01 -1.000984e-02 9.703602e-01 6.523427e+01
9.744719e-01 -4.901893e-03 2.244559e-01 1.857408e+01 6.775222e-03 9.999483e-01 -7.576637e-03 -7.139078e-01 -2.244072e-01 8.903964e-03 9.744547e-01 6.664142e+01
9.663070e-01 5.169820e-03 -2.573404e-01 1.991772e+01 -2.347951e-03 9.999337e-01 1.127158e-02 -7.575070e-01 2.573816e-01 -1.028758e-02 9.662550e-01 6.805558e+01
9.762483e-01 -5.764088e-03 2.165780e-01 2.173586e+01 7.912090e-03 9.999277e-01 -9.052118e-03 -8.082238e-01 -2.165102e-01 1.055070e-02 9.762233e-01 6.930141e+01
9.702368e-01 6.898729e-03 -2.420597e-01 2.289910e+01 -3.900105e-03 9.999096e-01 1.286491e-02 -8.478770e-01 2.421265e-01 -1.153795e-02 9.701760e-01 7.070451e+01
9.781792e-01 -5.081965e-03 2.077006e-01 2.317989e+01 6.947038e-03 9.999418e-01 -8.251178e-03 -8.673063e-01 -2.076467e-01 9.514041e-03 9.781576e-01 7.228176e+01
9.713504e-01 7.894771e-03 -2.375204e-01 2.329138e+01 -4.822884e-03 9.998971e-01 1.351145e-02 -8.834093e-01 2.376025e-01 -1.197881e-02 9.712885e-01 7.393708e+01
9.756678e-01 -5.457595e-03 2.191859e-01 2.350577e+01 7.557026e-03 9.999332e-01 -8.741039e-03 -9.024889e-01 -2.191236e-01 1.018475e-02 9.756439e-01 7.554780e+01
9.604538e-01 8.823530e-03 -2.782994e-01 2.350081e+01 -4.937077e-03 9.998803e-01 1.466276e-02 -9.156333e-01 2.783954e-01 -1.270891e-02 9.603824e-01 7.715788e+01
9.761767e-01 -5.414914e-03 2.169092e-01 2.327962e+01 7.456691e-03 9.999353e-01 -8.595665e-03 -9.249754e-01 -2.168487e-01 1.000832e-02 9.761539e-01 7.907914e+01
9.673212e-01 8.697387e-03 -2.534050e-01 2.325474e+01 -5.170948e-03 9.998804e-01 1.457894e-02 -9.378044e-01 2.535013e-01 -1.279217e-02 9.672504e-01 8.089736e+01
9.739554e-01 -5.798550e-03 2.266652e-01 2.334234e+01 8.044081e-03 9.999273e-01 -8.984357e-03 -9.536158e-01 -2.265968e-01 1.057368e-02 9.739312e-01 8.265021e+01
9.716284e-01 8.499509e-03 -2.363600e-01 2.385305e+01 -5.591407e-03 9.999002e-01 1.297127e-02 -9.773506e-01 2.364465e-01 -1.128166e-02 9.715789e-01 8.401488e+01
9.740824e-01 -6.346186e-03 2.261044e-01 2.443486e+01 8.625125e-03 9.999215e-01 -9.092655e-03 -1.002945e+00 -2.260290e-01 1.080718e-02 9.740606e-01 8.537107e+01
