9.999983e-01 3.873895e-04 -1.805121e-03 6.134278e-02 -3.881944e-04 9.999998e-01 -4.456268e-04 -1.213808e-02 1.804948e-03 4.463273e-04 9.999982e-01 4.328815e-01
9.999995e-01 -2.623317e-04 9.653368e-04 1.048749e-01 2.620263e-04 9.999999e-01 3.165470e-04 -1.640557e-02 -9.654200e-04 -3.162935e-04 9.999994e-01 5.054351e-01
9.999994e-01 3.655698e-04 -1.000901e-03 1.144123e-01 -3.658226e-04 9.999999e-01 -2.523239e-04 -1.500527e-02 1.000808e-03 2.526903e-04 9.999994e-01 3.104634e-01
9.999996e-01 -1.272575e-04 8.857946e-04 1.839355e-01 1.273619e-04 1.000000e+00 -1.177595e-04 -2.448571e-02 -8.857799e-04 1.178727e-04 9.999995e-01 5.922235e-01
9.999999e-01 4.492844e-04 -1.262142e-04 2.525041e-01 -4.493291e-04 9.999998e-01 -3.544980e-04 -3.625672e-02 1.260547e-04 3.545550e-04 9.999998e-01 9.776992e-01
1.000000e+00 -1.594647e-04 1.826261e-04 3.163483e-01 1.594728e-04 1.000000e+00 -4.447980e-05 -4.705902e-02 -1.826192e-04 4.450923e-05 9.999999e-01 1.336975e+00
9.999980e-01 2.409692e-04 1.970902e-03 2.961073e-01 -2.409644e-04 1.000000e+00 -2.684437e-06 -4.595268e-02 -1.970903e-03 2.209813e-06 9.999980e-01 1.199583e+00
9.999905e-01 2.036861e-05 4.354552e-03 3.757429e-01 -1.751225e-05 9.999998e-01 -6.559816e-04 -5.699319e-02 -4.354564e-03 6.558994e-04 9.999902e-01 1.496495e+00
9.999998e-01 1.781721e-04 -5.335611e-04 4.623843e-01 -1.781656e-04 1.000000e+00 1.231212e-05 -6.947446e-02 5.335644e-04 -1.221689e-05 9.999998e-01 1.876709e+00
9.999963e-01 -1.889092e-04 2.707758e-03 3.966627e-01 1.890772e-04 1.000000e+00 -6.180459e-05 -6.278221e-02 -2.707745e-03 6.231650e-05 9.999962e-01 1.502642e+00
1.000000e+00 1.839596e-04 -2.025611e-04 3.314304e-01 -1.839535e-04 1.000000e+00 2.979513e-05 -5.533095e-02 2.025682e-04 -2.975771e-05 9.999999e-01 1.071413e+00
9.999975e-01 -1.149292e-04 2.234180e-03 3.618828e-01 1.158350e-04 9.999999e-01 -4.052825e-04 -5.985672e-02 -2.234131e-03 4.055404e-04 9.999973e-01 1.145985e+00
1.000000e+00 -2.167008e-05 -3.392214e-05 2.582217e-01 2.168847e-05 9.999999e-01 5.419318e-04 -4.645029e-02 3.391236e-05 -5.419324e-04 9.999998e-01 4.139179e-01
9.999958e-01 1.019501e-04 2.892247e-03 2.378938e-01 -1.000318e-04 9.999998e-01 -6.634130e-04 -4.206512e-02 -2.892312e-03 6.631211e-04 9.999955e-01 8.655649e-02
9.999971e-01 1.300224e-05 2.409028e-03 2.620051e-01 -1.356772e-05 1.000000e+00 2.347236e-04 -4.252190e-02 -2.409022e-03 -2.347555e-04 9.999970e-01 -4.393414e-02
9.999948e-01 -4.004143e-04 3.186237e-03 8.241370e-02 4.011338e-04 9.999999e-01 -2.251732e-04 -2.591245e-02 -3.186143e-03 2.264503e-04 9.999948e-01 -8.396384e-01
9.999978e-01 -1.226266e-04 2.097991e-03 -1.475866e-01 1.219376e-04 9.999999e-01 3.285139e-04 -3.496902e-04 -2.098027e-03 -3.282573e-04 9.999976e-01 -2.118788e+00
9.999843e-01 -6.569907e-04 5.568921e-03 -4.519544e-01 6.591635e-04 9.999997e-01 -3.883314e-04 2.851147e-02 -5.568659e-03 3.919962e-04 9.999843e-01 -3.477252e+00
9.999950e-01 -7.700233e-04 3.074652e-03 -1.006700e+00 7.680749e-04 9.999995e-01 6.348233e-04 7.981282e-02 -3.075133e-03 -6.324584e-04 9.999950e-01 -5.841318e+00
9.999728e-01 -1.714718e-03 7.173249e-03 -1.951368e+00 1.715765e-03 9.999985e-01 -1.398032e-04 1.607030e-01 -7.172992e-03 1.521072e-04 9.999742e-01 -9.453058e+00
9.999745e-01 -1.320284e-03 7.016456e-03 -3.157042e+00 1.314377e-03 9.999988e-01 8.463484e-04 2.638255e-01 -7.017557e-03 -8.371044e-04 9.999749e-01 -1.404388e+01
9.999790e-01 -1.498148e-03 6.306657e-03 -4.275190e+00 1.498597e-03 9.999989e-01 -6.645858e-05 3.625949e-01 -6.306541e-03 7.590858e-05 9.999800e-01 -1.850299e+01
9.999915e-01 -1.310077e-03 3.901344e-03 -5.380635e+00 1.306674e-03 9.999988e-01 8.746244e-04 4.577401e-01 -3.902474e-03 -8.695189e-04 9.999919e-01 -2.276855e+01
9.999908e-01 -1.144601e-03 4.128863e-03 -6.362827e+00 1.144695e-03 9.999993e-01 -2.041075e-05 5.445905e-01 -4.128826e-03 2.513726e-05 9.999914e-01 -2.672100e+01
9.999939e-01 -1.062618e-03 3.322609e-03 -7.220296e+00 1.060376e-03 9.999992e-01 6.767384e-04 6.190594e-01 -3.323314e-03 -6.732106e-04 9.999942e-01 -3.009562e+01
9.999935e-01 -1.634289e-03 3.212895e-03 -8.251490e+00 1.633767e-03 9.999987e-01 1.650333e-04 7.046324e-01 -3.213147e-03 -1.597826e-04 9.999947e-01 -3.389007e+01
9.999933e-01 -1.059992e-03 3.495937e-03 -9.314273e+00 1.057257e-03 9.999991e-01 7.838589e-04 7.945141e-01 -3.496752e-03 -7.801570e-04 9.999935e-01 -3.791241e+01
9.999849e-01 -1.303040e-03 5.346559e-03 -1.024817e+01 1.303414e-03 9.999991e-01 -6.655416e-05 8.757721e-01 -5.346454e-03 7.352258e-05 9.999856e-01 -4.158990e+01
9.999997e-01 -5.447164e-04 5.362907e-04 -1.097043e+01 5.443366e-04 9.999996e-01 7.081350e-04 9.403412e-01 -5.366616e-04 -7.078421e-04 9.999995e-01 -4.456367e+01
9.999949e-01 -1.364561e-03 2.881994e-03 -1.168208e+01 1.364548e-03 9.999991e-01 6.315776e-06 1.002016e+00 -2.881985e-03 -2.382371e-06 9.999957e-01 -4.737202e+01
9.999988e-01 -8.342844e-04 1.325742e-03 -1.253869e+01 8.331272e-04 9.999993e-01 8.731727e-04 1.076219e+00 -1.326454e-03 -8.720662e-04 9.999986e-01 -5.074347e+01
9.999926e-01 -1.439178e-03 3.572092e-03 -1.343898e+01 1.439042e-03 9.999990e-01 4.057994e-05 1.154808e+00 -3.572131e-03 -3.543835e-05 9.999935e-01 -5.432274e+01
9.999999e-01 -3.762202e-04 1.393028e-04 -1.416111e+01 3.761143e-04 9.999996e-01 7.589219e-04 1.219662e+00 -1.395721e-04 -7.588685e-04 9.999996e-01 -5.732239e+01
9.999903e-01 -1.781990e-03 4.039587e-03 -1.499093e+01 1.781704e-03 9.999984e-01 7.445019e-05 1.290976e+00 -4.039697e-03 -6.725109e-05 9.999917e-01 -6.055288e+01
9.999998e-01 -1.046722e-04 -6.920746e-04 -1.573414e+01 1.052010e-04 9.999997e-01 7.641572e-04 1.356756e+00 6.920114e-04 -7.642287e-04 9.999994e-01 -6.357995e+01
9.999951e-01 -1.377344e-03 2.807776e-03 -1.630926e+01 1.377439e-03 9.999991e-01 -3.214386e-05 1.408817e+00 -2.807712e-03 3.601239e-05 9.999960e-01 -6.600911e+01
9.999978e-01 3.973976e-04 -2.041144e-03 -1.669653e+01 -3.960582e-04 9.999997e-01 6.566205e-04 1.446870e+00 2.041421e-03 -6.558095e-04 9.999976e-01 -6.785213e+01
9.999939e-01 -1.657580e-03 3.088902e-03 -1.718713e+01 1.657408e-03 9.999986e-01 5.837990e-05 1.492200e+00 -3.088978e-03 -5.325871e-05 9.999951e-01 -6.999211e+01
9.999959e-01 7.187690e-04 -2.761934e-03 -1.754486e+01 -7.173178e-04 9.999996e-01 5.264140e-04 1.525930e+00 2.762328e-03 -5.244294e-04 9.999959e-01 -7.161518e+01
9.999956e-01 -1.199295e-03 2.703404e-03 -1.773965e+01 1.199460e-03 9.999993e-01 -5.929005e-05 1.545713e+00 -2.703314e-03 6.253377e-05 9.999962e-01 -7.263398e+01
9.999971e-01 4.727558e-04 -2.377123e-03 -1.799878e+01 -4.716673e-04 9.999998e-01 4.584871e-04 1.569097e+00 2.377357e-03 -4.573631e-04 9.999970e-01 -7.377196e+01
9.999940e-01 -1.466261e-03 3.126788e-03 -1.838684e+01 1.465757e-03 9.999989e-01 1.633488e-04 1.605137e+00 -3.127007e-03 -1.587632e-04 9.999950e-01 -7.549877e+01
9.999938e-01 1.492236e-03 -3.195226e-03 -1.840798e+01 -1.492399e-03 9.999989e-01 -4.864944e-05 1.609798e+00 3.195167e-03 5.341917e-05 9.999948e-01 -7.583494e+01
9.999976e-01 -9.662844e-04 -1.949832e-03 -1.839773e+01 9.658496e-04 9.999995e-01 -2.238718e-04 1.599434e+00 1.950064e-03 2.219895e-04 9.999980e-01 -7.536471e+01
9.999995e-01 9.337637e-04 -3.837364e-04 -1.846237e+01 -9.336306e-04 9.999995e-01 3.471977e-04 1.603082e+00 3.840772e-04 -3.468378e-04 9.999998e-01 -7.554876e+01
9.999996e-01 -9.056391e-04 -1.790375e-04 -1.847713e+01 9.055915e-04 9.999996e-01 -2.652233e-04 1.604163e+00 1.792943e-04 2.650625e-04 9.999998e-01 -7.569505e+01
9.999998e-01 5.391119e-04 1.860355e-04 -1.860993e+01 -5.392125e-04 9.999997e-01 5.406463e-04 1.616044e+00 -1.857273e-04 -5.407451e-04 9.999997e-01 -7.631988e+01
9.999991e-01 -1.351778e-03 1.124063e-04 -1.890390e+01 1.351787e-03 9.999991e-01 -8.390543e-05 1.642598e+00 -1.122760e-04 8.405881e-05 9.999999e-01 -7.760530e+01
9.999999e-01 1.307428e-04 4.866780e-04 -1.933617e+01 -1.310338e-04 9.999998e-01 5.977618e-04 1.679810e+00 -4.865830e-04 -5.978240e-04 9.999996e-01 -7.933301e+01
9.999994e-01 -1.102379e-03 1.955077e-04 -1.971396e+01 1.102380e-03 9.999994e-01 -4.815903e-06 1.716097e+00 -1.954854e-04 5.033032e-06 9.999999e-01 -8.109005e+01
9.999998e-01 -2.221810e-04 5.118086e-04 -2.019082e+01 2.218697e-04 9.999998e-01 6.079835e-04 1.758296e+00 -5.119267e-04 -6.078681e-04 9.999996e-01 -8.305347e+01
9.999992e-01 -1.218216e-03 3.922266e-04 -2.073813e+01 1.218165e-03 9.999992e-01 1.295067e-04 1.806371e+00 -3.923671e-04 -1.290271e-04 9.999998e-01 -8.528236e+01
9.999999e-01 1.738590e-04 4.435201e-04 -2.114966e+01 -1.740798e-04 9.999999e-01 4.976791e-04 1.843847e+00 -4.434165e-04 -4.977545e-04 9.999997e-01 -8.707058e+01
9.999989e-01 -1.257595e-03 8.130453e-04 -2.159043e+01 1.257461e-03 9.999992e-01 1.639941e-04 1.884513e+00 -8.132337e-04 -1.629697e-04 9.999996e-01 -8.901372e+01
9.999989e-01 9.003161e-04 -1.149876e-03 -2.177703e+01 -8.999178e-04 9.999995e-01 3.469698e-04 1.903567e+00 1.150205e-03 -3.459328e-04 9.999992e-01 -8.996871e+01
9.998410e-01 3.035632e-04 -1.783082e-02 -2.179355e+01 -3.037179e-04 1.000000e+00 -5.956749e-06 1.893660e+00 1.783083e-02 1.137327e-05 9.998409e-01 -8.935304e+01
9.999014e-01 -4.563634e-06 1.404210e-02 -2.178885e+01 4.717434e-06 1.000000e+00 -1.092771e-05 1.888978e+00 -1.404209e-02 1.099480e-05 9.999013e-01 -8.913942e+01
9.998871e-01 2.314214e-04 -1.502449e-02 -2.174935e+01 -2.334105e-04 1.000000e+00 -1.306246e-04 1.882009e+00 1.502447e-02 1.341186e-04 9.998870e-01 -8.892094e+01
9.998906e-01 -3.055495e-04 1.479132e-02 -2.178426e+01 3.003782e-04 9.999999e-01 3.518285e-04 1.886526e+00 -1.479141e-02 -3.473451e-04 9.998904e-01 -8.924186e+01
9.998899e-01 9.117796e-05 -1.484070e-02 -2.186186e+01 -9.284252e-05 1.000000e+00 -1.114631e-04 1.894484e+00 1.484071e-02 1.128306e-04 9.998898e-01 -8.970240e+01
9.998892e-01 -5.040038e-04 1.487406e-02 -2.200432e+01 4.974127e-04 9.999998e-01 4.468152e-04 1.908666e+00 -1.487427e-02 -4.393652e-04 9.998892e-01 -9.045579e+01
9.998999e-01 -1.150979e-04 -1.414674e-02 -2.223502e+01 1.145419e-04 1.000000e+00 -4.010653e-05 1.931254e+00 1.414676e-02 3.848414e-05 9.998998e-01 -9.159283e+01
9.998940e-01 -4.646280e-04 1.455066e-02 -2.245522e+01 4.578998e-04 9.999998e-01 4.657203e-04 1.953074e+00 -1.455086e-02 -4.590062e-04 9.998939e-01 -9.270235e+01
9.998838e-01 4.521511e-04 -1.523823e-02 -2.248820e+01 -4.558527e-04 9.999999e-01 -2.394277e-04 1.957505e+00 1.523814e-02 2.463483e-04 9.998838e-01 -9.302383e+01
9.998769e-01 -1.051233e-03 1.565604e-02 -2.268635e+01 1.042999e-03 9.999993e-01 5.340815e-04 1.975583e+00 -1.565657e-02 -5.176844e-04 9.998772e-01 -9.391984e+01
9.998997e-01 -1.682507e-04 -1.416501e-02 -2.313535e+01 1.691324e-04 1.000000e+00 6.105762e-05 2.015398e+00 1.416501e-02 -6.344510e-05 9.998996e-01 -9.578956e+01
9.998851e-01 -8.416668e-04 1.513625e-02 -2.353457e+01 8.333781e-04 9.999995e-01 5.538945e-04 2.051529e+00 -1.513669e-02 -5.412144e-04 9.998852e-01 -9.751582e+01
9.998884e-01 3.630049e-04 -1.493297e-02 -2.372893e+01 -3.647819e-04 9.999999e-01 -1.162657e-04 2.071931e+00 1.493295e-02 1.217023e-04 9.998884e-01 -9.857232e+01
9.998979e-01 -1.241633e-04 1.429164e-02 -2.369392e+01 1.241530e-04 1.000000e+00 1.598710e-06 2.067422e+00 -1.429162e-02 1.780432e-07 9.998978e-01 -9.849710e+01
9.998708e-01 5.324710e-04 -1.606700e-02 -2.364590e+01 -5.389057e-04 9.999998e-01 -3.961514e-04 2.055897e+00 1.606680e-02 4.047610e-04 9.998707e-01 -9.806317e+01
9.998618e-01 -9.141013e-04 1.659943e-02 -2.377661e+01 9.052477e-04 9.999994e-01 5.408660e-04 2.066469e+00 -1.659990e-02 -5.257624e-04 9.998620e-01 -9.858044e+01
9.998720e-01 3.016741e-04 -1.599449e-02 -2.399481e+01 -3.040874e-04 9.999999e-01 -1.484378e-04 2.089206e+00 1.599446e-02 1.532848e-04 9.998720e-01 -9.973744e+01
9.998716e-01 -5.357152e-04 1.601432e-02 -2.407738e+01 5.287404e-04 9.999998e-01 4.397600e-04 2.101013e+00 -1.601454e-02 -4.312339e-04 9.998716e-01 -1.004254e+02
9.998667e-01 5.682401e-04 -1.631634e-02 -2.408892e+01 -5.740655e-04 9.999998e-01 -3.523384e-04 2.102644e+00 1.631615e-02 3.616604e-04 9.998667e-01 -1.006079e+02
9.998860e-01 -2.888909e-04 1.509377e-02 -2.405507e+01 2.862441e-04 9.999999e-01 1.775080e-04 2.095309e+00 -1.509381e-02 -1.731650e-04 9.998860e-01 -1.003611e+02
9.998529e-01 6.845979e-04 -1.713600e-02 -2.401608e+01 -6.925447e-04 9.999997e-01 -4.578115e-04 2.084953e+00 1.713570e-02 4.696138e-04 9.998530e-01 -9.995907e+01
9.998765e-01 -4.836505e-04 1.570972e-02 -2.399296e+01 4.783777e-04 9.999998e-01 3.393855e-04 2.078950e+00 -1.570987e-02 -3.318262e-04 9.998764e-01 -9.974683e+01
9.998743e-01 5.147318e-04 -1.584932e-02 -2.399578e+01 -5.194896e-04 9.999998e-01 -2.960618e-04 2.078705e+00 1.584918e-02 3.042604e-04 9.998742e-01 -9.983292e+01
9.998823e-01 -3.389674e-04 1.533889e-02 -2.396704e+01 3.353570e-04 9.999999e-01 2.379374e-04 2.074891e+00 -1.533895e-02 -2.327632e-04 9.998822e-01 -9.978217e+01
9.998765e-01 4.810269e-04 -1.570709e-02 -2.394092e+01 -4.862207e-04 9.999998e-01 -3.268338e-04 2.070605e+00 1.570695e-02 3.344328e-04 9.998765e-01 -9.969825e+01
9.998749e-01 -8.454963e-04 1.579488e-02 -2.406209e+01 8.365603e-04 9.999995e-01 5.723382e-04 2.081355e+00 -1.579534e-02 -5.590510e-04 9.998750e-01 -1.002661e+02
9.998752e-01 2.056792e-04 -1.579408e-02 -2.429122e+01 -2.078365e-04 1.000000e+00 -1.349395e-04 2.102551e+00 1.579407e-02 1.382076e-04 9.998752e-01 -1.013221e+02
9.998666e-01 -1.283497e-03 1.628151e-02 -2.467558e+01 1.273047e-03 9.999990e-01 6.521632e-04 2.135699e+00 -1.628232e-02 -6.313468e-04 9.998671e-01 -1.028792e+02
9.998887e-01 2.487091e-04 -1.491802e-02 -2.507894e+01 -2.495873e-04 1.000000e+00 -5.699590e-05 2.172167e+00 1.491802e-02 6.071527e-05 9.998886e-01 -1.046206e+02
9.998740e-01 -9.380561e-04 1.584900e-02 -2.536130e+01 9.293349e-04 9.999994e-01 5.576199e-04 2.199372e+00 -1.584950e-02 -5.428182e-04 9.998741e-01 -1.059820e+02
9.998721e-01 5.892264e-04 -1.598170e-02 -2.548263e+01 -5.927704e-04 9.999998e-01 -2.170053e-04 2.211169e+00 1.598158e-02 2.264535e-04 9.998722e-01 -1.066277e+02
9.998716e-01 -1.154101e-03 1.598110e-02 -2.567925e+01 1.144685e-03 9.999992e-01 5.983731e-04 2.229032e+00 -1.598177e-02 -5.800005e-04 9.998720e-01 -1.075303e+02
9.998712e-01 6.448382e-04 -1.603704e-02 -2.586160e+01 -6.480829e-04 9.999998e-01 -1.971184e-04 2.246026e+00 1.603693e-02 2.074888e-04 9.998713e-01 -1.084030e+02
9.998716e-01 -1.154543e-03 1.598402e-02 -2.604454e+01 1.145143e-03 9.999992e-01 5.972130e-04 2.263032e+00 -1.598468e-02 -5.788298e-04 9.998720e-01 -1.092769e+02
9.998696e-01 8.182887e-04 -1.612837e-02 -2.616985e+01 -8.221026e-04 9.999996e-01 -2.298324e-04 2.275073e+00 1.612819e-02 2.430642e-04 9.998698e-01 -1.099350e+02
9.998715e-01 -1.174095e-03 1.598506e-02 -2.628904e+01 1.165491e-03 9.999992e-01 5.475737e-04 2.286007e+00 -1.598567e-02 -5.288703e-04 9.998720e-01 -1.105329e+02
9.998699e-01 5.744958e-04 -1.611687e-02 -2.650084e+01 -5.767590e-04 9.999998e-01 -1.357689e-04 2.304766e+00 1.611680e-02 1.450494e-04 9.998700e-01 -1.114705e+02
9.998704e-01 -1.330310e-03 1.604101e-02 -2.677405e+01 1.320727e-03 9.999989e-01 6.079719e-04 2.328832e+00 -1.604179e-02 -5.867046e-04 9.998711e-01 -1.126404e+02
9.998722e-01 7.259823e-04 -1.597243e-02 -2.699816e+01 -7.285651e-04 9.999997e-01 -1.558742e-04 2.350867e+00 1.597233e-02 1.674939e-04 9.998723e-01 -1.137559e+02
9.998680e-01 -1.352607e-03 1.619254e-02 -2.721198e+01 1.343778e-03 9.999989e-01 5.561155e-04 2.371898e+00 -1.619326e-02 -5.342802e-04 9.998686e-01 -1.148187e+02
9.998719e-01 6.935571e-04 -1.598968e-02 -2.744611e+01 -6.953171e-04 9.999998e-01 -1.044942e-04 2.395769e+00 1.598962e-02 1.156015e-04 9.998721e-01 -1.160267e+02
9.998751e-01 -8.828586e-04 1.577703e-02 -2.752884e+01 8.756858e-04 9.999995e-01 4.615238e-04 2.405613e+00 -1.577741e-02 -4.476476e-04 9.998753e-01 -1.166026e+02
9.998760e-01 6.815068e-04 -1.573407e-02 -2.760779e+01 -6.856683e-04 9.999997e-01 -2.590803e-04 2.412439e+00 1.573391e-02 2.698394e-04 9.998761e-01 -1.169890e+02
9.998782e-01 -7.722821e-04 1.559091e-02 -2.764963e+01 7.648876e-04 9.999996e-01 4.802249e-04 2.418246e+00 -1.559126e-02 -4.682382e-04 9.998782e-01 -1.173738e+02
9.998670e-01 1.016178e-03 -1.627548e-02 -2.756259e+01 -1.029006e-03 9.999992e-01 -7.798210e-04 2.409137e+00 1.627469e-02 7.964677e-04 9.998671e-01 -1.171423e+02
9.998961e-01 -7.042582e-04 1.439759e-02 -2.746154e+01 6.989725e-04 9.999997e-01 3.721428e-04 2.396356e+00 -1.439783e-02 -3.620379e-04 9.998962e-01 -1.167479e+02
9.998412e-01 1.153111e-03 -1.778473e-02 -2.740809e+01 -1.167962e-03 9.999990e-01 -8.246370e-04 2.383447e+00 1.778377e-02 8.452807e-04 9.998414e-01 -1.162470e+02
9.998715e-01 -7.118118e-04 1.601580e-02 -2.735232e+01 7.064974e-04 9.999997e-01 3.374658e-04 2.370318e+00 -1.601602e-02 -3.261046e-04 9.998716e-01 -1.157522e+02
9.998255e-01 1.057329e-03 -1.865196e-02 -2.729597e+01 -1.068584e-03 9.999993e-01 -5.934174e-04 2.359893e+00 1.865133e-02 6.132477e-04 9.998258e-01 -1.153714e+02
9.998880e-01 -6.101594e-04 1.495274e-02 -2.723008e+01 6.065263e-04 9.999998e-01 2.474963e-04 2.347225e+00 -1.495287e-02 -2.383968e-04 9.998881e-01 -1.148990e+02
9.998599e-01 8.255685e-04 -1.671555e-02 -2.709761e+01 -8.340093e-04 9.999995e-01 -4.979916e-04 2.338028e+00 1.671514e-02 5.118654e-04 9.998601e-01 -1.147039e+02
9.998668e-01 -8.095044e-04 1.630332e-02 -2.702876e+01 7.998331e-04 9.999995e-01 5.997151e-04 2.341806e+00 -1.630378e-02 -5.865927e-04 9.998668e-01 -1.151196e+02
9.998577e-01 9.957208e-04 -1.683835e-02 -2.695912e+01 -1.007341e-03 9.999993e-01 -6.816495e-04 2.338241e+00 1.683767e-02 6.985171e-04 9.998579e-01 -1.151434e+02
9.998829e-01 -7.182085e-04 1.528793e-02 -2.681573e+01 7.133171e-04 9.999997e-01 3.253999e-04 2.325803e+00 -1.528814e-02 -3.144540e-04 9.998830e-01 -1.148304e+02
9.998563e-01 9.454840e-04 -1.692759e-02 -2.662648e+01 -9.543187e-04 9.999994e-01 -5.138282e-04 2.316816e+00 1.692710e-02 5.299112e-04 9.998565e-01 -1.147461e+02
9.998752e-01 -7.971150e-04 1.577695e-02 -2.646603e+01 7.877500e-04 9.999995e-01 5.997826e-04 2.315305e+00 -1.577740e-02 -5.872769e-04 9.998753e-01 -1.149931e+02
9.998690e-01 7.373814e-04 -1.616912e-02 -2.642214e+01 -7.446768e-04 9.999996e-01 -4.451631e-04 2.319774e+00 1.616880e-02 4.571481e-04 9.998691e-01 -1.154151e+02
9.998793e-01 -5.450770e-04 1.552805e-02 -2.632366e+01 5.402307e-04 9.999998e-01 3.162806e-04 2.314855e+00 -1.552821e-02 -3.078511e-04 9.998793e-01 -1.154069e+02
9.998604e-01 7.115830e-04 -1.669599e-02 -2.619981e+01 -7.191145e-04 9.999996e-01 -4.450860e-04 2.307864e+00 1.669568e-02 4.570327e-04 9.998604e-01 -1.153299e+02
9.998746e-01 -5.855612e-04 1.582743e-02 -2.605708e+01 5.780067e-04 9.999997e-01 4.818618e-04 2.307208e+00 -1.582770e-02 -4.726504e-04 9.998745e-01 -1.155993e+02
9.998630e-01 6.796098e-04 -1.653818e-02 -2.594349e+01 -6.862355e-04 9.999997e-01 -3.949499e-04 2.308490e+00 1.653791e-02 4.062475e-04 9.998631e-01 -1.159367e+02
9.998765e-01 -5.688225e-04 1.570738e-02 -2.580943e+01 5.614413e-04 9.999997e-01 4.743174e-04 2.309497e+00 -1.570764e-02 -4.654375e-04 9.998764e-01 -1.162889e+02
9.998610e-01 6.979300e-04 -1.665606e-02 -2.568192e+01 -7.043475e-04 9.999997e-01 -3.794260e-04 2.309094e+00 1.665580e-02 3.911075e-04 9.998611e-01 -1.165484e+02
9.998769e-01 -5.816353e-04 1.567759e-02 -2.555739e+01 5.740810e-04 9.999997e-01 4.863414e-04 2.308784e+00 -1.567785e-02 -4.772787e-04 9.998769e-01 -1.168091e+02
9.998588e-01 7.953954e-04 -1.678243e-02 -2.536880e+01 -8.078769e-04 9.999994e-01 -7.369526e-04 2.301847e+00 1.678185e-02 7.504093e-04 9.998588e-01 -1.168397e+02
9.998724e-01 -6.294414e-04 1.596339e-02 -2.520122e+01 6.210868e-04 9.999997e-01 5.283051e-04 2.296158e+00 -1.596371e-02 -5.183205e-04 9.998723e-01 -1.169039e+02
9.998637e-01 7.091883e-04 -1.649429e-02 -2.508824e+01 -7.194115e-04 9.999996e-01 -6.138720e-04 2.294376e+00 1.649386e-02 6.256571e-04 9.998637e-01 -1.170742e+02
9.998662e-01 -4.738630e-04 1.634904e-02 -2.494976e+01 4.692744e-04 9.999998e-01 2.844925e-04 2.287237e+00 -1.634916e-02 -2.767797e-04 9.998662e-01 -1.170206e+02
9.998701e-01 6.559323e-04 -1.610176e-02 -2.483518e+01 -6.666102e-04 9.999996e-01 -6.577850e-04 2.277532e+00 1.610134e-02 6.684356e-04 9.998700e-01 -1.168013e+02
9.998638e-01 -5.519012e-04 1.649715e-02 -2.475372e+01 5.436301e-04 9.999997e-01 5.058350e-04 2.276256e+00 -1.649741e-02 -4.967953e-04 9.998637e-01 -1.169541e+02
9.998670e-01 7.786061e-04 -1.629255e-02 -2.465118e+01 -7.947146e-04 9.999992e-01 -9.822414e-04 2.264668e+00 1.629178e-02 9.950611e-04 9.998667e-01 -1.166338e+02
9.998585e-01 -8.604576e-04 1.679946e-02 -2.467340e+01 8.445322e-04 9.999992e-01 9.550360e-04 2.266844e+00 -1.680026e-02 -9.407108e-04 9.998583e-01 -1.168255e+02
9.998804e-01 -1.148203e-04 -1.546243e-02 -2.501262e+01 1.064718e-04 9.999998e-01 -5.407312e-04 2.296230e+00 1.546250e-02 5.390226e-04 9.998802e-01 -1.182168e+02
9.998473e-01 -1.057917e-03 1.744056e-02 -2.545416e+01 1.039174e-03 9.999989e-01 1.083714e-03 2.334529e+00 -1.744167e-02 -1.065423e-03 9.998472e-01 -1.200116e+02
9.998626e-01 3.442515e-04 -1.657562e-02 -2.574083e+01 -3.536957e-04 9.999998e-01 -5.668216e-04 2.360883e+00 1.657543e-02 5.726090e-04 9.998624e-01 -1.213157e+02
9.998232e-01 -2.230728e-03 1.867001e-02 -2.640238e+01 2.210668e-03 9.999970e-01 1.095009e-03 2.413264e+00 -1.867239e-02 -1.053540e-03 9.998250e-01 -1.236286e+02
9.998719e-01 6.880823e-04 -1.599102e-02 -2.703841e+01 -6.919917e-04 9.999997e-01 -2.389314e-04 2.469548e+00 1.599086e-02 2.499691e-04 9.998720e-01 -1.262536e+02
9.998273e-01 -2.406887e-03 1.842763e-02 -2.767976e+01 2.390046e-03 9.999967e-01 9.358605e-04 2.523311e+00 -1.842981e-02 -8.916533e-04 9.998297e-01 -1.286900e+02
9.998587e-01 1.336942e-03 -1.675594e-02 -2.811765e+01 -1.341409e-03 9.999991e-01 -2.553427e-04 2.563833e+00 1.675560e-02 2.777860e-04 9.998595e-01 -1.306358e+02
9.998362e-01 -3.056462e-03 1.783781e-02 -2.873008e+01 3.040674e-03 9.999950e-01 9.121165e-04 2.614576e+00 -1.784049e-02 -8.577253e-04 9.998404e-01 -1.329233e+02
9.998705e-01 1.408613e-03 -1.603207e-02 -2.939264e+01 -1.408476e-03 9.999990e-01 1.986194e-05 2.672666e+00 1.603209e-02 2.724321e-06 9.998714e-01 -1.356075e+02
9.998390e-01 -2.637384e-03 1.774701e-02 -2.987337e+01 2.626197e-03 9.999963e-01 6.536484e-04 2.715276e+00 -1.774866e-02 -6.069331e-04 9.998422e-01 -1.376131e+02
9.998549e-01 1.822905e-03 -1.693540e-02 -3.018966e+01 -1.824881e-03 9.999983e-01 -1.012265e-04 2.744597e+00 1.693520e-02 1.321199e-04 9.998565e-01 -1.390450e+02
9.998570e-01 -1.656260e-03 1.682918e-02 -3.015929e+01 1.654061e-03 9.999986e-01 1.446150e-04 2.746669e+00 -1.682939e-02 -1.167548e-04 9.998583e-01 -1.393147e+02
9.998783e-01 2.123965e-03 -1.545682e-02 -3.008038e+01 -2.138435e-03 9.999973e-01 -9.196796e-04 2.729132e+00 1.545483e-02 9.526240e-04 9.998800e-01 -1.386874e+02
9.998035e-01 -1.857955e-03 1.973740e-02 -3.000457e+01 1.851204e-03 9.999982e-01 3.602863e-04 2.715484e+00 -1.973802e-02 -3.236747e-04 9.998050e-01 -1.382331e+02
9.998567e-01 2.115422e-03 -1.679434e-02 -2.993891e+01 -2.129033e-03 9.999974e-01 -7.925916e-04 2.706042e+00 1.679264e-02 8.282366e-04 9.998586e-01 -1.379844e+02
9.998567e-01 -1.589317e-03 1.685511e-02 -2.988063e+01 1.586862e-03 9.999987e-01 1.589914e-04 2.690195e+00 -1.685532e-02 -1.322191e-04 9.998578e-01 -1.373819e+02
9.998875e-01 1.950052e-03 -1.486889e-02 -2.981302e+01 -1.960884e-03 9.999978e-01 -7.139290e-04 2.676144e+00 1.486748e-02 7.430076e-04 9.998891e-01 -1.368871e+02
9.998413e-01 -1.698056e-03 1.773514e-02 -2.976761e+01 1.690285e-03 9.999985e-01 4.531370e-04 2.672489e+00 -1.773587e-02 -4.230850e-04 9.998425e-01 -1.369051e+02
9.998530e-01 2.161948e-03 -1.700877e-02 -2.969960e+01 -2.180705e-03 9.999970e-01 -1.084265e-03 2.656506e+00 1.700639e-02 1.121199e-03 9.998547e-01 -1.363212e+02
9.998463e-01 -1.821547e-03 1.743892e-02 -2.963058e+01 1.811099e-03 9.999982e-01 6.148563e-04 2.643718e+00 -1.743999e-02 -5.831756e-04 9.998476e-01 -1.358824e+02
9.998628e-01 2.149428e-03 -1.642308e-02 -2.955187e+01 -2.168373e-03 9.999970e-01 -1.135840e-03 2.630202e+00 1.642060e-02 1.171298e-03 9.998644e-01 -1.354364e+02
9.998491e-01 -1.707751e-03 1.728649e-02 -2.948265e+01 1.698346e-03 9.999984e-01 5.587449e-04 2.614883e+00 -1.728740e-02 -5.292997e-04 9.998503e-01 -1.348852e+02
9.998511e-01 2.136291e-03 -1.712550e-02 -2.942279e+01 -2.154499e-03 9.999971e-01 -1.044807e-03 2.600766e+00 1.712324e-02 1.081551e-03 9.998527e-01 -1.343653e+02
9.998242e-01 -2.405455e-03 1.859714e-02 -2.951441e+01 2.385909e-03 9.999966e-01 1.073159e-03 2.606744e+00 -1.859964e-02 -1.028597e-03 9.998264e-01 -1.346746e+02
9.998502e-01 2.570355e-03 -1.711551e-02 -2.948940e+01 -2.590407e-03 9.999960e-01 -1.149500e-03 2.606749e+00 1.711250e-02 1.193666e-03 9.998528e-01 -1.348400e+02
9.998265e-01 -2.357711e-03 1.847828e-02 -2.939335e+01 2.345539e-03 9.999970e-01 6.803480e-04 2.596061e+00 -1.847981e-02 -6.368861e-04 9.998289e-01 -1.345620e+02
9.998633e-01 2.413660e-03 -1.635596e-02 -2.937356e+01 -2.427848e-03 9.999967e-01 -8.476375e-04 2.596293e+00 1.635388e-02 8.872338e-04 9.998658e-01 -1.347177e+02
9.998262e-01 -2.585808e-03 1.846110e-02 -2.943432e+01 2.569482e-03 9.999963e-01 9.079932e-04 2.602752e+00 -1.846336e-02 -8.603977e-04 9.998291e-01 -1.351097e+02
9.998477e-01 2.592395e-03 -1.725857e-02 -2.945864e+01 -2.607101e-03 9.999963e-01 -8.296721e-04 2.606054e+00 1.725637e-02 8.745429e-04 9.998506e-01 -1.353736e+02
9.998614e-01 -2.324293e-03 1.648404e-02 -2.941858e+01 2.314331e-03 9.999971e-01 6.233773e-04 2.597941e+00 -1.648542e-02 -5.851392e-04 9.998638e-01 -1.351097e+02
9.998770e-01 1.806658e-03 -1.558130e-02 -2.960070e+01 -1.813138e-03 9.999983e-01 -4.017911e-04 2.612619e+00 1.558056e-02 4.299950e-04 9.998784e-01 -1.358186e+02
9.998671e-01 -2.210974e-03 1.615197e-02 -2.976681e+01 2.198414e-03 9.999973e-01 7.953187e-04 2.629393e+00 -1.615367e-02 -7.597019e-04 9.998691e-01 -1.366959e+02
9.998612e-01 2.294002e-03 -1.650303e-02 -2.977066e+01 -2.306351e-03 9.999971e-01 -7.292354e-04 2.629438e+00 1.650132e-02 7.671983e-04 9.998635e-01 -1.368061e+02
9.998875e-01 -1.905984e-03 1.488013e-02 -2.972560e+01 1.900299e-03 9.999981e-01 3.961728e-04 2.618553e+00 -1.488084e-02 -3.678493e-04 9.998891e-01 -1.363965e+02
9.998699e-01 2.236160e-03 -1.597392e-02 -2.967506e+01 -2.248107e-03 9.999972e-01 -7.300130e-04 2.608055e+00 1.597225e-02 7.658314e-04 9.998720e-01 -1.360195e+02
9.998866e-01 -1.893739e-03 1.493844e-02 -2.962223e+01 1.888185e-03 9.999981e-01 3.859160e-04 2.597299e+00 -1.493913e-02 -3.576635e-04 9.998882e-01 -1.356379e+02
9.998854e-01 2.204408e-03 -1.497829e-02 -2.953557e+01 -2.217286e-03 9.999972e-01 -8.432463e-04 2.585887e+00 1.497641e-02 8.763630e-04 9.998874e-01 -1.352981e+02
9.998811e-01 -1.698125e-03 1.532751e-02 -2.947213e+01 1.695164e-03 9.999985e-01 2.061592e-04 2.569732e+00 -1.532782e-02 -1.801499e-04 9.998824e-01 -1.346941e+02
9.998696e-01 2.114200e-03 -1.600821e-02 -2.941916e+01 -2.125758e-03 9.999975e-01 -7.050302e-04 2.556781e+00 1.600670e-02 7.389699e-04 9.998715e-01 -1.342039e+02
9.998806e-01 -1.670784e-03 1.535990e-02 -2.936653e+01 1.667508e-03 9.999986e-01 2.261023e-04 2.543464e+00 -1.536024e-02 -2.004605e-04 9.998819e-01 -1.337016e+02
9.998616e-01 2.096513e-03 -1.650628e-02 -2.931931e+01 -2.107610e-03 9.999976e-01 -6.549337e-04 2.531006e+00 1.650488e-02 6.896339e-04 9.998634e-01 -1.332258e+02
9.998757e-01 -1.671948e-03 1.567996e-02 -2.926826e+01 1.669012e-03 9.999986e-01 2.002859e-04 2.518379e+00 -1.568026e-02 -1.740890e-04 9.998769e-01 -1.327514e+02
9.998546e-01 2.093719e-03 -1.692554e-02 -2.922132e+01 -2.104574e-03 9.999976e-01 -6.235490e-04 2.506160e+00 1.692421e-02 6.590813e-04 9.998565e-01 -1.322874e+02
9.998716e-01 -1.661858e-03 1.593941e-02 -2.916870e+01 1.659586e-03 9.999986e-01 1.556980e-04 2.493407e+00 -1.593963e-02 -1.292233e-04 9.998728e-01 -1.318078e+02
9.998798e-01 1.810988e-03 -1.539582e-02 -2.910975e+01 -1.818033e-03 9.999982e-01 -4.435681e-04 2.486414e+00 1.539501e-02 4.715067e-04 9.998813e-01 -1.316443e+02
9.998608e-01 -1.542435e-03 1.661225e-02 -2.905811e+01 1.539159e-03 9.999988e-01 2.099287e-04 2.482212e+00 -1.661254e-02 -1.843288e-04 9.998619e-01 -1.316397e+02
9.998682e-01 1.994864e-03 -1.611147e-02 -2.898754e+01 -2.008828e-03 9.999976e-01 -8.505637e-04 2.466554e+00 1.610975e-02 8.828185e-04 9.998697e-01 -1.310761e+02
9.998607e-01 -1.540296e-03 1.661746e-02 -2.891969e+01 1.536402e-03 9.999988e-01 2.471248e-04 2.451388e+00 -1.661781e-02 -2.215576e-04 9.998618e-01 -1.305320e+02
9.998725e-01 1.504533e-03 -1.589576e-02 -2.892628e+01 -1.509944e-03 9.999988e-01 -3.283672e-04 2.450327e+00 1.589526e-02 3.523288e-04 9.998735e-01 -1.305670e+02
9.998654e-01 -1.818306e-03 1.630472e-02 -2.905765e+01 1.807165e-03 9.999981e-01 6.980366e-04 2.464057e+00 -1.630594e-02 -6.684756e-04 9.998667e-01 -1.313171e+02
9.998719e-01 1.594062e-03 -1.592445e-02 -2.913831e+01 -1.602324e-03 9.999986e-01 -5.060723e-04 2.471143e+00 1.592364e-02 5.315254e-04 9.998730e-01 -1.317159e+02
9.998752e-01 -1.507682e-03 1.572302e-02 -2.913839e+01 1.498410e-03 9.999987e-01 6.014668e-04 2.471767e+00 -1.572390e-02 -5.778305e-04 9.998761e-01 -1.318580e+02
9.998422e-01 1.884530e-03 -1.766279e-02 -2.909735e+01 -1.900481e-03 9.999978e-01 -8.863211e-04 2.461415e+00 1.766110e-02 9.197508e-04 9.998435e-01 -1.314618e+02
9.998737e-01 -1.569682e-03 1.581437e-02 -2.906494e+01 1.559022e-03 9.999985e-01 6.863621e-04 2.452428e+00 -1.581540e-02 -6.616188e-04 9.998746e-01 -1.311148e+02
9.998473e-01 1.825770e-03 -1.737717e-02 -2.904758e+01 -1.839253e-03 9.999980e-01 -7.599572e-04 2.446753e+00 1.737576e-02 7.918039e-04 9.998486e-01 -1.309252e+02
9.998742e-01 -1.594776e-03 1.577955e-02 -2.903177e+01 1.585484e-03 9.999986e-01 6.013476e-04 2.439826e+00 -1.578047e-02 -5.762521e-04 9.998752e-01 -1.306525e+02
9.998384e-01 2.044739e-03 -1.785843e-02 -2.899336e+01 -2.062724e-03 9.999974e-01 -9.887173e-04 2.428034e+00 1.785637e-02 1.025396e-03 9.998399e-01 -1.301836e+02
9.998796e-01 -1.584941e-03 1.543527e-02 -2.895857e+01 1.575331e-03 9.999986e-01 6.347666e-04 2.416384e+00 -1.543624e-02 -6.103729e-04 9.998806e-01 -1.297050e+02
9.998414e-01 1.836566e-03 -1.771598e-02 -2.894470e+01 -1.848948e-03 9.999981e-01 -6.825497e-04 2.409707e+00 1.771471e-02 7.151990e-04 9.998427e-01 -1.294316e+02
9.998847e-01 -1.422358e-03 1.512159e-02 -2.891822e+01 1.415303e-03 9.999989e-01 4.772715e-04 2.400227e+00 -1.512223e-02 -4.558132e-04 9.998854e-01 -1.290452e+02
9.998526e-01 1.769516e-03 -1.707830e-02 -2.888481e+01 -1.782231e-03 9.999981e-01 -7.293422e-04 2.390721e+00 1.707699e-02 7.596737e-04 9.998538e-01 -1.286643e+02
9.998562e-01 -1.889474e-03 1.685526e-02 -2.893327e+01 1.873311e-03 9.999978e-01 9.746837e-04 2.395280e+00 -1.685705e-02 -9.429669e-04 9.998574e-01 -1.289675e+02
9.998397e-01 1.962104e-03 -1.779498e-02 -2.893930e+01 -1.977803e-03 9.999977e-01 -8.646591e-04 2.394228e+00 1.779326e-02 8.997171e-04 9.998412e-01 -1.289959e+02
9.998732e-01 -1.724609e-03 1.583317e-02 -2.892821e+01 1.711580e-03 9.999982e-01 8.363965e-04 2.388414e+00 -1.583457e-02 -8.091891e-04 9.998742e-01 -1.287658e+02
9.998479e-01 1.702025e-03 -1.735605e-02 -2.897079e+01 -1.713600e-03 9.999983e-01 -6.520386e-04 2.389956e+00 1.735492e-02 6.816823e-04 9.998491e-01 -1.288778e+02
9.998645e-01 -1.731424e-03 1.637122e-02 -2.900270e+01 1.718104e-03 9.999982e-01 8.276381e-04 2.392098e+00 -1.637261e-02 -7.993969e-04 9.998655e-01 -1.290566e+02
9.998290e-01 1.967993e-03 -1.838739e-02 -2.898924e+01 -1.983957e-03 9.999977e-01 -8.499770e-04 2.387258e+00 1.838569e-02 8.863131e-04 9.998305e-01 -1.288908e+02
9.998334e-01 -2.609157e-03 1.806767e-02 -2.920804e+01 2.587530e-03 9.999959e-01 1.220223e-03 2.404594e+00 -1.807077e-02 -1.173267e-03 9.998359e-01 -1.297100e+02
9.998255e-01 2.179742e-03 -1.855181e-02 -2.937050e+01 -2.194090e-03 9.999973e-01 -7.530823e-04 2.419528e+00 1.855013e-02 7.936569e-04 9.998275e-01 -1.304867e+02
9.998326e-01 -2.323288e-03 1.814884e-02 -2.942288e+01 2.304373e-03 9.999968e-01 1.063044e-03 2.425276e+00 -1.815124e-02 -1.021042e-03 9.998346e-01 -1.308539e+02
9.998353e-01 1.828248e-03 -1.805385e-02 -2.958924e+01 -1.841577e-03 9.999980e-01 -7.216835e-04 2.439741e+00 1.805250e-02 7.548139e-04 9.998367e-01 -1.315882e+02
9.998255e-01 -2.500568e-03 1.851517e-02 -2.984367e+01 2.478358e-03 9.999962e-01 1.222377e-03 2.462954e+00 -1.851814e-02 -1.176274e-03 9.998277e-01 -1.327405e+02
9.998256e-01 2.151396e-03 -1.855355e-02 -2.995680e+01 -2.168266e-03 9.999973e-01 -8.891606e-04 2.473680e+00 1.855160e-02 9.292363e-04 9.998274e-01 -1.333309e+02
9.998257e-01 -2.570475e-03 1.849071e-02 -3.008910e+01 2.547768e-03 9.999960e-01 1.251482e-03 2.486570e+00 -1.849384e-02 -1.204152e-03 9.998281e-01 -1.340265e+02
9.998317e-01 1.449856e-03 -1.828657e-02 -3.047712e+01 -1.463202e-03 9.999987e-01 -7.164505e-04 2.519139e+00 1.828552e-02 7.430887e-04 9.998324e-01 -1.355423e+02
9.998014e-01 -2.862861e-03 1.972030e-02 -3.101362e+01 2.834939e-03 9.999949e-01 1.443686e-03 2.564867e+00 -1.972432e-02 -1.387492e-03 9.998044e-01 -1.376536e+02
9.998084e-01 2.737643e-03 -1.938257e-02 -3.109098e+01 -2.759259e-03 9.999956e-01 -1.088566e-03 2.575030e+00 1.937952e-02 1.141841e-03 9.998114e-01 -1.382581e+02
9.998174e-01 -2.449384e-03 1.895315e-02 -3.101985e+01 2.435554e-03 9.999968e-01 7.527430e-04 2.563826e+00 -1.895492e-02 -7.064422e-04 9.998200e-01 -1.378946e+02
9.998335e-01 2.055105e-03 -1.813231e-02 -3.115001e+01 -2.066431e-03 9.999977e-01 -6.059038e-04 2.574482e+00 1.813104e-02 6.432740e-04 9.998353e-01 -1.384237e+02
9.998309e-01 -1.869859e-03 1.829571e-02 -3.112486e+01 1.859817e-03 9.999981e-01 5.658385e-04 2.573641e+00 -1.829672e-02 -5.317143e-04 9.998324e-01 -1.385383e+02
9.998182e-01 2.298927e-03 -1.893066e-02 -3.106796e+01 -2.321573e-03 9.999966e-01 -1.174374e-03 2.559465e+00 1.892791e-02 1.218111e-03 9.998200e-01 -1.380079e+02
9.993694e-01 -1.776513e-03 3.546331e-02 -3.098558e+01 1.780139e-03 9.999984e-01 -7.067776e-05 2.534655e+00 -3.546311e-02 1.337645e-04 9.993709e-01 -1.370971e+02
9.997401e-01 2.011709e-03 -2.270855e-02 -3.089031e+01 -2.029093e-03 9.999977e-01 -7.425204e-04 2.515486e+00 2.270701e-02 7.884069e-04 9.997418e-01 -1.364007e+02
9.998987e-01 -1.563784e-03 1.414727e-02 -3.088815e+01 1.551413e-03 9.999984e-01 8.853650e-04 2.510678e+00 -1.414861e-02 -8.633254e-04 9.998994e-01 -1.361646e+02
9.997298e-01 2.307075e-03 -2.313174e-02 -3.088935e+01 -2.331468e-03 9.999968e-01 -1.027625e-03 2.500121e+00 2.312931e-02 1.081280e-03 9.997318e-01 -1.356102e+02
9.995176e-01 -2.941636e-03 3.091738e-02 -3.112257e+01 2.908137e-03 9.999951e-01 1.128408e-03 2.515652e+00 -3.092054e-02 -1.037950e-03 9.995212e-01 -1.362755e+02
9.996501e-01 2.572938e-03 -2.632529e-02 -3.124852e+01 -2.595679e-03 9.999963e-01 -8.297105e-04 2.525624e+00 2.632307e-02 8.977539e-04 9.996530e-01 -1.367935e+02
9.995323e-01 -2.349924e-03 3.049192e-02 -3.125353e+01 2.329804e-03 9.999970e-01 6.953554e-04 2.516919e+00 -3.049345e-02 -6.239884e-04 9.995347e-01 -1.364150e+02
9.999025e-01 2.130163e-03 -1.379821e-02 -3.132920e+01 -2.140941e-03 9.999974e-01 -7.663244e-04 2.514277e+00 1.379656e-02 7.957925e-04 9.999044e-01 -1.362776e+02
9.997355e-01 -2.351305e-03 2.287585e-02 -3.144432e+01 2.332117e-03 9.999969e-01 8.654452e-04 2.519393e+00 -2.287780e-02 -8.118655e-04 9.997378e-01 -1.365012e+02
9.997912e-01 2.284658e-03 -2.030388e-02 -3.150118e+01 -2.302679e-03 9.999970e-01 -8.641836e-04 2.517979e+00 2.030187e-02 9.107581e-04 9.997934e-01 -1.364354e+02
9.999818e-01 -1.337076e-03 5.879375e-03 -3.152930e+01 1.330574e-03 9.999985e-01 1.109524e-03 2.508353e+00 -5.880832e-03 -1.101679e-03 9.999820e-01 -1.358632e+02
9.999467e-01 1.839408e-03 -1.015611e-02 -3.157783e+01 -1.852109e-03 9.999975e-01 -1.241287e-03 2.501870e+00 1.015382e-02 1.260032e-03 9.999476e-01 -1.354551e+02
9.997295e-01 -1.721521e-03 2.319286e-02 -3.160073e+01 1.700154e-03 9.999981e-01 9.409543e-04 2.492935e+00 -2.319442e-02 -9.012668e-04 9.997305e-01 -1.350827e+02
9.998780e-01 1.971745e-03 -1.549281e-02 -3.159533e+01 -1.994578e-03 9.999969e-01 -1.458501e-03 2.480800e+00 1.548990e-02 1.489226e-03 9.998788e-01 -1.345777e+02
9.997523e-01 -1.703485e-03 2.219170e-02 -3.156236e+01 1.678562e-03 9.999979e-01 1.141616e-03 2.467886e+00 -2.219358e-02 -1.104082e-03 9.997530e-01 -1.340811e+02
9.991486e-01 3.033912e-03 -4.114540e-02 -3.158874e+01 -3.069529e-03 9.999950e-01 -8.024841e-04 2.456602e+00 4.114278e-02 9.280995e-04 9.991527e-01 -1.333973e+02
9.998849e-01 -2.288747e-04 -1.516875e-02 -3.171774e+01 2.749602e-04 9.999954e-01 3.036179e-03 2.451219e+00 1.516800e-02 -3.039998e-03 9.998802e-01 -1.326548e+02
9.998521e-01 2.203295e-03 -1.705488e-02 -3.179142e+01 -2.238370e-03 9.999954e-01 -2.037771e-03 2.442721e+00 1.705032e-02 2.075647e-03 9.998524e-01 -1.319262e+02
9.998230e-01 -1.783328e-04 -1.881469e-02 -3.186393e+01 2.371084e-04 9.999951e-01 3.121737e-03 2.433547e+00 1.881405e-02 -3.125644e-03 9.998180e-01 -1.311874e+02
9.987407e-01 3.605369e-03 -5.004064e-02 -3.204196e+01 -3.612563e-03 9.999935e-01 -5.333578e-05 2.432228e+00 5.004012e-02 2.340459e-04 9.987471e-01 -1.305031e+02
9.997819e-01 -2.540012e-04 -2.088276e-02 -3.222855e+01 3.197046e-04 9.999950e-01 3.143013e-03 2.431258e+00 2.088185e-02 -3.149001e-03 9.997769e-01 -1.298116e+02
9.988776e-01 3.748523e-03 -4.721726e-02 -3.239289e+01 -3.762223e-03 9.999929e-01 -2.012876e-04 2.428020e+00 4.721615e-02 3.787064e-04 9.988845e-01 -1.290405e+02
9.999361e-01 -7.819020e-04 -1.127804e-02 -3.252172e+01 8.107021e-04 9.999964e-01 2.549266e-03 2.423119e+00 1.127599e-02 -2.558243e-03 9.999331e-01 -1.282764e+02
9.994501e-01 3.144214e-03 -3.300995e-02 -3.260613e+01 -3.170416e-03 9.999947e-01 -7.414594e-04 2.417666e+00 3.300742e-02 8.457101e-04 9.994547e-01 -1.276413e+02
9.997268e-01 -3.392225e-04 -2.337318e-02 -3.272971e+01 4.096719e-04 9.999954e-01 3.009369e-03 2.412925e+00 2.337202e-02 -3.018118e-03 9.997222e-01 -1.269417e+02
9.991528e-01 3.593453e-03 -4.099691e-02 -3.287993e+01 -3.603796e-03 9.999935e-01 -1.784006e-04 2.410370e+00 4.099596e-02 3.259975e-04 9.991592e-01 -1.262548e+02
9.998186e-01 -5.869674e-04 -1.903464e-02 -3.300886e+01 6.368806e-04 9.999964e-01 2.616233e-03 2.406001e+00 1.903300e-02 -2.627877e-03 9.998153e-01 -1.255249e+02
9.991784e-01 3.527277e-03 -4.037363e-02 -3.314605e+01 -3.527857e-03 9.999938e-01 5.685768e-05 2.403981e+00 4.037353e-02 8.562525e-05 9.991846e-01 -1.249170e+02
9.999717e-01 -1.191991e-03 -7.428760e-03 -3.325922e+01 1.206338e-03 9.999974e-01 1.926922e-03 2.399838e+00 7.426392e-03 -1.935825e-03 9.999705e-01 -1.243158e+02
9.987555e-01 3.918056e-03 -4.972024e-02 -3.341020e+01 -3.885966e-03 9.999922e-01 7.420358e-04 2.399067e+00 4.972270e-02 -5.478971e-04 9.987628e-01 -1.237717e+02
9.994621e-01 -5.040455e-05 -3.279366e-02 -3.364403e+01 1.458653e-04 9.999958e-01 2.908523e-03 2.400713e+00 3.279331e-02 -2.911737e-03 9.994578e-01 -1.230835e+02
9.999679e-01 2.428531e-03 -7.640320e-03 -3.373336e+01 -2.440601e-03 9.999958e-01 -1.570998e-03 2.392097e+00 7.636406e-03 1.589599e-03 9.999695e-01 -1.223026e+02
9.995002e-01 -3.700160e-04 -3.161066e-02 -3.382114e+01 4.629610e-04 9.999956e-01 2.932990e-03 2.385131e+00 3.160937e-02 -2.946154e-03 9.994959e-01 -1.216371e+02
9.997197e-01 3.029054e-03 -2.347876e-02 -3.396636e+01 -3.039749e-03 9.999953e-01 -4.199076e-04 2.384117e+00 2.347731e-02 4.911637e-04 9.997242e-01 -1.211066e+02
9.990795e-01 1.521109e-04 -4.289668e-02 -3.414372e+01 -1.306075e-05 9.999947e-01 3.241730e-03 2.383302e+00 4.289687e-02 -3.238181e-03 9.990742e-01 -1.204769e+02
9.992100e-01 3.813895e-03 -3.955697e-02 -3.435424e+01 -3.791481e-03 9.999926e-01 6.415713e-04 2.386367e+00 3.955904e-02 -4.910806e-04 9.992170e-01 -1.198768e+02
9.994436e-01 -3.180608e-04 -3.335299e-02 -3.452515e+01 4.038438e-04 9.999966e-01 2.565196e-03 2.386853e+00 3.335198e-02 -2.577234e-03 9.994403e-01 -1.192630e+02
9.993307e-01 3.713290e-03 -3.639138e-02 -3.468785e+01 -3.692096e-03 9.999930e-01 6.495189e-04 2.387188e+00 3.639344e-02 -5.147195e-04 9.993373e-01 -1.186791e+02
9.999665e-01 -1.365044e-03 -8.071966e-03 -3.475481e+01 1.374208e-03 9.999984e-01 1.129399e-03 2.381889e+00 8.070320e-03 -1.140449e-03 9.999667e-01 -1.180709e+02
9.999624e-01 2.534995e-03 -8.287197e-03 -3.475857e+01 -2.542204e-03 9.999964e-01 -8.598142e-04 2.371145e+00 8.284895e-03 8.808539e-04 9.999652e-01 -1.174721e+02
