9.996295e-01 -1.077155e-03 -2.719788e-02 6.153671e-01 1.101009e-03 9.999990e-01 8.620597e-04 -2.826623e-02 2.719692e-02 -8.916849e-04 9.996296e-01 8.467031e-01
9.996998e-01 6.751018e-04 2.449056e-02 8.994742e-01 -6.523216e-04 9.999993e-01 -9.381392e-04 -5.043422e-02 -2.449118e-02 9.218824e-04 9.996995e-01 1.356804e+00
9.998366e-01 -9.180204e-04 -1.805147e-02 1.057374e+00 9.227353e-04 9.999995e-01 2.528644e-04 -7.061195e-02 1.805123e-02 -2.694793e-04 9.998369e-01 1.822214e+00
9.994625e-01 4.952965e-04 3.277955e-02 1.207510e+00 -4.459675e-04 9.999988e-01 -1.512164e-03 -9.263864e-02 -3.278026e-02 1.496733e-03 9.994614e-01 2.367459e+00
9.998352e-01 -1.014640e-03 -1.812767e-02 1.455200e+00 1.019785e-03 9.999994e-01 2.746084e-04 -1.194007e-01 1.812738e-02 -2.930493e-04 9.998355e-01 3.024651e+00
9.989769e-01 6.481598e-04 4.521928e-02 1.537607e+00 -5.527431e-04 9.999976e-01 -2.122559e-03 -1.371445e-01 -4.522054e-02 2.095393e-03 9.989747e-01 3.543336e+00
9.996170e-01 -9.999039e-04 -2.765629e-02 1.685057e+00 1.021025e-03 9.999992e-01 7.495839e-04 -1.580701e-01 2.765552e-02 -7.775346e-04 9.996171e-01 4.067580e+00
9.990577e-01 6.758470e-04 4.339614e-02 1.844107e+00 -5.908569e-04 9.999979e-01 -1.971266e-03 -1.785909e-01 -4.339737e-02 1.943767e-03 9.990559e-01 4.582985e+00
9.998716e-01 -1.155117e-03 -1.598105e-02 1.934660e+00 1.158378e-03 9.999993e-01 1.948102e-04 -1.976766e-01 1.598082e-02 -2.132976e-04 9.998722e-01 5.134968e+00
9.993187e-01 7.184343e-04 3.689999e-02 2.075488e+00 -6.587946e-04 9.999985e-01 -1.628384e-03 -2.175876e-01 -3.690109e-02 1.602964e-03 9.993175e-01 5.670057e+00
9.998220e-01 -1.126845e-03 -1.883181e-02 2.182903e+00 1.132438e-03 9.999993e-01 2.863771e-04 -2.369177e-01 1.883148e-02 -3.076526e-04 9.998225e-01 6.181733e+00
9.996547e-01 8.171972e-04 2.626562e-02 2.412430e+00 -7.882247e-04 9.999991e-01 -1.113391e-03 -2.609026e-01 -2.626649e-02 1.092302e-03 9.996543e-01 6.745906e+00
9.999954e-01 -1.391204e-03 -2.681086e-03 2.539390e+00 1.389735e-03 9.999989e-01 -5.497433e-04 -2.829703e-01 2.681864e-03 5.460138e-04 9.999962e-01 7.344959e+00
9.998018e-01 8.930716e-04 1.988947e-02 2.720672e+00 -8.758202e-04 9.999992e-01 -8.760547e-04 -3.071484e-01 -1.989022e-02 8.584605e-04 9.998017e-01 7.959630e+00
9.999986e-01 -1.588242e-03 4.238269e-04 2.939444e+00 1.588539e-03 9.999985e-01 -7.006397e-04 -3.343638e-01 -4.226935e-04 7.013108e-04 9.999996e-01 8.665449e+00
9.998885e-01 1.064927e-03 1.489194e-02 3.194920e+00 -1.056524e-03 9.999993e-01 -5.721315e-04 -3.611104e-01 -1.489252e-02 5.563327e-04 9.998888e-01 9.352871e+00
9.999753e-01 -1.540247e-03 -6.859467e-03 3.416931e+00 1.539034e-03 9.999988e-01 -1.820702e-04 -3.851208e-01 6.859762e-03 1.715074e-04 9.999764e-01 9.932446e+00
9.999008e-01 1.184736e-03 1.403748e-02 3.642790e+00 -1.177537e-03 9.999992e-01 -5.210846e-04 -4.086709e-01 -1.403806e-02 5.045018e-04 9.999012e-01 1.050859e+01
9.999841e-01 -1.595689e-03 -5.410844e-03 3.859071e+00 1.594601e-03 9.999987e-01 -2.054658e-04 -4.325042e-01 5.411189e-03 1.968329e-04 9.999852e-01 1.109680e+01
9.999511e-01 1.283919e-03 9.805559e-03 4.065370e+00 -1.280860e-03 9.999991e-01 -3.182204e-04 -4.550320e-01 -9.805935e-03 3.056437e-04 9.999518e-01 1.163421e+01
9.999850e-01 -1.693607e-03 -5.211936e-03 4.298870e+00 1.692373e-03 9.999985e-01 -2.412503e-04 -4.796829e-01 5.212361e-03 2.324245e-04 9.999863e-01 1.222454e+01
9.999145e-01 1.291315e-03 1.301590e-02 4.510553e+00 -1.285001e-03 9.999991e-01 -4.934538e-04 -5.039678e-01 -1.301650e-02 4.766845e-04 9.999151e-01 1.283812e+01
9.999233e-01 -1.761911e-03 -1.225540e-02 4.775924e+00 1.763141e-03 9.999984e-01 8.956271e-05 -5.306411e-01 1.225525e-02 -1.111656e-04 9.999248e-01 1.346775e+01
9.998929e-01 1.251257e-03 1.458291e-02 5.029684e+00 -1.242400e-03 9.999990e-01 -6.163864e-04 -5.581625e-01 -1.458365e-02 5.982007e-04 9.998934e-01 1.412445e+01
9.998807e-01 -1.742189e-03 -1.534816e-02 5.321290e+00 1.746612e-03 9.999984e-01 2.747369e-04 -5.861971e-01 1.534768e-02 -3.015133e-04 9.998821e-01 1.478654e+01
9.998924e-01 9.894793e-04 1.463684e-02 5.604416e+00 -9.759486e-04 9.999991e-01 -9.315189e-04 -6.234126e-01 -1.463773e-02 9.171319e-04 9.998923e-01 1.567441e+01
9.998759e-01 -1.664118e-03 -1.566636e-02 5.849112e+00 1.671572e-03 9.999985e-01 4.626679e-04 -6.547268e-01 1.566560e-02 -4.887999e-04 9.998771e-01 1.641266e+01
9.998732e-01 1.182956e-03 1.588064e-02 6.051043e+00 -1.166805e-03 9.999988e-01 -1.026257e-03 -6.841260e-01 -1.588181e-02 1.007595e-03 9.998733e-01 1.708587e+01
9.998388e-01 -1.684471e-03 -1.787451e-02 6.264869e+00 1.696022e-03 9.999984e-01 6.310370e-04 -7.112820e-01 1.787344e-02 -6.612530e-04 9.998399e-01 1.771801e+01
9.998645e-01 1.066486e-03 1.642568e-02 6.510920e+00 -1.047095e-03 9.999987e-01 -1.189093e-03 -7.437408e-01 -1.642691e-02 1.171731e-03 9.998643e-01 1.848306e+01
9.998339e-01 -1.743022e-03 -1.814100e-02 6.817048e+00 1.756578e-03 9.999982e-01 7.313228e-04 -7.769593e-01 1.813972e-02 -7.630697e-04 9.998351e-01 1.927232e+01
9.998597e-01 1.083355e-03 1.671733e-02 7.099890e+00 -1.062683e-03 9.999987e-01 -1.245347e-03 -8.107205e-01 -1.671863e-02 1.227405e-03 9.998594e-01 2.007036e+01
9.998093e-01 -1.873096e-03 -1.944001e-02 7.395516e+00 1.886705e-03 9.999980e-01 6.817342e-04 -8.469773e-01 1.943872e-02 -7.182841e-04 9.998107e-01 2.093938e+01
9.998630e-01 1.280852e-03 1.650508e-02 7.728539e+00 -1.264951e-03 9.999987e-01 -9.737979e-04 -8.775612e-01 -1.650628e-02 9.527840e-04 9.998632e-01 2.166607e+01
9.998430e-01 -2.065105e-03 -1.759873e-02 8.017225e+00 2.071248e-03 9.999978e-01 3.308125e-04 -9.144994e-01 1.759803e-02 -3.672143e-04 9.998450e-01 2.255734e+01
9.998775e-01 1.179532e-03 1.560818e-02 8.374736e+00 -1.164323e-03 9.999988e-01 -9.834840e-04 -9.534756e-01 -1.560930e-02 9.651881e-04 9.998776e-01 2.350156e+01
9.998606e-01 -2.020458e-03 -1.657570e-02 8.734332e+00 2.029703e-03 9.999978e-01 5.408904e-04 -9.892204e-01 1.657459e-02 -5.744613e-04 9.998624e-01 2.438901e+01
9.998776e-01 1.285503e-03 1.559080e-02 9.015022e+00 -1.267372e-03 9.999985e-01 -1.172771e-03 -1.024959e+00 -1.559226e-02 1.152865e-03 9.998777e-01 2.524497e+01
9.998603e-01 -1.978107e-03 -1.659791e-02 9.271000e+00 1.987461e-03 9.999979e-01 5.470470e-04 -1.059901e+00 1.659682e-02 -5.799610e-04 9.998620e-01 2.607638e+01
9.998802e-01 1.564199e-03 1.539997e-02 9.450468e+00 -1.549348e-03 9.999983e-01 -9.761821e-04 -1.087143e+00 -1.540145e-02 9.522025e-04 9.998808e-01 2.670548e+01
9.998302e-01 -1.963601e-03 -1.832221e-02 9.658548e+00 1.975679e-03 9.999978e-01 6.410860e-04 -1.113456e+00 1.832093e-02 -6.771788e-04 9.998318e-01 2.730993e+01
9.998972e-01 1.417720e-03 1.426853e-02 9.981369e+00 -1.406912e-03 9.999987e-01 -7.674996e-04 -1.139192e+00 -1.426958e-02 7.473433e-04 9.998978e-01 2.789971e+01
9.998207e-01 -2.167676e-03 -1.880972e-02 1.036306e+01 2.180030e-03 9.999974e-01 6.362666e-04 -1.168722e+00 1.880832e-02 -6.771612e-04 9.998228e-01 2.859930e+01
9.998697e-01 1.358472e-03 1.608529e-02 1.061457e+01 -1.338469e-03 9.999983e-01 -1.254223e-03 -1.205850e+00 -1.608694e-02 1.232527e-03 9.998697e-01 2.949072e+01
9.998422e-01 -1.833767e-03 -1.767154e-02 1.078940e+01 1.847964e-03 9.999980e-01 7.870915e-04 -1.233660e+00 1.767009e-02 -8.196266e-04 9.998434e-01 3.012696e+01
9.998747e-01 1.476569e-03 1.575898e-02 1.095191e+01 -1.458807e-03 9.999983e-01 -1.138552e-03 -1.258262e+00 -1.576062e-02 1.115417e-03 9.998751e-01 3.068206e+01
9.998435e-01 -1.798717e-03 -1.759859e-02 1.109327e+01 1.812490e-03 9.999981e-01 7.666718e-04 -1.282667e+00 1.759719e-02 -7.984522e-04 9.998447e-01 3.122710e+01
9.998672e-01 1.477727e-03 1.623258e-02 1.123683e+01 -1.458983e-03 9.999983e-01 -1.166483e-03 -1.307639e+00 -1.623425e-02 1.142641e-03 9.998675e-01 3.178270e+01
9.998287e-01 -2.135816e-03 -1.838625e-02 1.142696e+01 2.146157e-03 9.999975e-01 5.426974e-04 -1.342002e+00 1.838507e-02 -5.820674e-04 9.998307e-01 3.257821e+01
9.998523e-01 1.389436e-03 1.713042e-02 1.167854e+01 -1.367697e-03 9.999982e-01 -1.280618e-03 -1.380051e+00 -1.713215e-02 1.256997e-03 9.998523e-01 3.347861e+01
9.998455e-01 -2.237578e-03 -1.743593e-02 1.194705e+01 2.244884e-03 9.999974e-01 3.994288e-04 -1.422712e+00 1.743501e-02 -4.385121e-04 9.998478e-01 3.448698e+01
9.998508e-01 1.474693e-03 1.721081e-02 1.220913e+01 -1.454433e-03 9.999982e-01 -1.189616e-03 -1.460993e+00 -1.721251e-02 1.164403e-03 9.998511e-01 3.539063e+01
9.998246e-01 -2.219485e-03 -1.859541e-02 1.242718e+01 2.228507e-03 9.999974e-01 4.644462e-04 -1.497854e+00 1.859435e-02 -5.058082e-04 9.998269e-01 3.626076e+01
9.998536e-01 1.528843e-03 1.704350e-02 1.264040e+01 -1.509588e-03 9.999982e-01 -1.142500e-03 -1.532835e+00 -1.704519e-02 1.116600e-03 9.998540e-01 3.708775e+01
9.998311e-01 -2.667257e-03 -1.818219e-02 1.295387e+01 2.669773e-03 9.999964e-01 1.140451e-04 -1.582930e+00 1.818184e-02 -1.625718e-04 9.998346e-01 3.830880e+01
9.997597e-01 1.390527e-03 2.187826e-02 1.328262e+01 -1.355184e-03 9.999978e-01 -1.630167e-03 -1.643136e+00 -2.188046e-02 1.600123e-03 9.997592e-01 3.976497e+01
9.997098e-01 -2.944503e-03 -2.390925e-02 1.364945e+01 2.951910e-03 9.999956e-01 2.744883e-04 -1.705319e+00 2.390835e-02 -3.449905e-04 9.997140e-01 4.128986e+01
9.997052e-01 1.741996e-03 2.421910e-02 1.398613e+01 -1.706306e-03 9.999974e-01 -1.494184e-03 -1.757636e+00 -2.422161e-02 1.452414e-03 9.997055e-01 4.255231e+01
9.996830e-01 -2.602179e-03 -2.504098e-02 1.423282e+01 2.618750e-03 9.999964e-01 6.289787e-04 -1.799357e+00 2.503927e-02 -6.943596e-04 9.996861e-01 4.355560e+01
9.997330e-01 2.019127e-03 2.301679e-02 1.441314e+01 -1.991970e-03 9.999973e-01 -1.202735e-03 -1.830294e+00 -2.301914e-02 1.156561e-03 9.997343e-01 4.427771e+01
9.996936e-01 -2.528883e-03 -2.462231e-02 1.462994e+01 2.544008e-03 9.999966e-01 5.829596e-04 -1.863226e+00 2.462078e-02 -6.454247e-04 9.996966e-01 4.504258e+01
9.997283e-01 1.661868e-03 2.325192e-02 1.493964e+01 -1.628672e-03 9.999976e-01 -1.446503e-03 -1.906783e+00 -2.325425e-02 1.408236e-03 9.997285e-01 4.609029e+01
9.996811e-01 -2.221602e-03 -2.515285e-02 1.514045e+01 2.245321e-03 9.999971e-01 9.147541e-04 -1.937226e+00 2.515076e-02 -9.709431e-04 9.996831e-01 4.679878e+01
9.996936e-01 1.835516e-03 2.468435e-02 1.531357e+01 -1.800477e-03 9.999973e-01 -1.441618e-03 -1.964908e+00 -2.468691e-02 1.396728e-03 9.996942e-01 4.742922e+01
9.996503e-01 -2.333470e-03 -2.634070e-02 1.555501e+01 2.357923e-03 9.999968e-01 8.973002e-04 -1.996245e+00 2.633854e-02 -9.591003e-04 9.996525e-01 4.815898e+01
9.996721e-01 1.325322e-03 2.557390e-02 1.587131e+01 -1.277785e-03 9.999974e-01 -1.875058e-03 -2.043277e+00 -2.557629e-02 1.841761e-03 9.996711e-01 4.931078e+01
9.996026e-01 -2.567131e-03 -2.807201e-02 1.625667e+01 2.592130e-03 9.999963e-01 8.541417e-04 -2.093410e+00 2.806973e-02 -9.265733e-04 9.996054e-01 5.054966e+01
9.996349e-01 1.347726e-03 2.698484e-02 1.663858e+01 -1.299250e-03 9.999975e-01 -1.813870e-03 -2.142792e+00 -2.698720e-02 1.778143e-03 9.996341e-01 5.179683e+01
9.995882e-01 -2.656822e-03 -2.857144e-02 1.694591e+01 2.678124e-03 9.999962e-01 7.072941e-04 -2.194200e+00 2.856947e-02 -7.835257e-04 9.995914e-01 5.307273e+01
9.996329e-01 1.450876e-03 2.705576e-02 1.721986e+01 -1.401408e-03 9.999973e-01 -1.847211e-03 -2.245158e+00 -2.705835e-02 1.808611e-03 9.996321e-01 5.433229e+01
9.995958e-01 -3.084354e-03 -2.826063e-02 1.766720e+01 3.095001e-03 9.999952e-01 3.329673e-04 -2.311989e+00 2.825948e-02 -4.203047e-04 9.996004e-01 5.600141e+01
9.996189e-01 1.637155e-03 2.755824e-02 1.816382e+01 -1.597368e-03 9.999977e-01 -1.465675e-03 -2.368078e+00 -2.756056e-02 1.421090e-03 9.996190e-01 5.741039e+01
9.995894e-01 -3.010808e-03 -2.849469e-02 1.863429e+01 3.028509e-03 9.999952e-01 5.780546e-04 -2.419484e+00 2.849283e-02 -6.641191e-04 9.995937e-01 5.872834e+01
9.996073e-01 1.511908e-03 2.797968e-02 1.907918e+01 -1.459599e-03 9.999971e-01 -1.889857e-03 -2.478260e+00 -2.798244e-02 1.848270e-03 9.996066e-01 6.021217e+01
9.995902e-01 -3.139178e-03 -2.845238e-02 1.958176e+01 3.156967e-03 9.999948e-01 5.802832e-04 -2.541257e+00 2.845043e-02 -6.698744e-04 9.995949e-01 6.181164e+01
9.995507e-01 1.411894e-03 2.994095e-02 2.008815e+01 -1.348559e-03 9.999968e-01 -2.135375e-03 -2.609154e+00 -2.994385e-02 2.094033e-03 9.995493e-01 6.352831e+01
9.995356e-01 -2.916468e-03 -3.033222e-02 2.047868e+01 2.942588e-03 9.999953e-01 8.164992e-04 -2.669413e+00 3.032972e-02 -9.053813e-04 9.995394e-01 6.503153e+01
9.995754e-01 1.442095e-03 2.910075e-02 2.090071e+01 -1.380412e-03 9.999968e-01 -2.139598e-03 -2.729301e+00 -2.910373e-02 2.098512e-03 9.995741e-01 6.652153e+01
9.995441e-01 -2.894677e-03 -3.005222e-02 2.133061e+01 2.922694e-03 9.999953e-01 8.883633e-04 -2.788614e+00 3.004953e-02 -9.757981e-04 9.995478e-01 6.799840e+01
9.995570e-01 1.422011e-03 2.972757e-02 2.177167e+01 -1.357848e-03 9.999967e-01 -2.178421e-03 -2.847443e+00 -2.973055e-02 2.137084e-03 9.995556e-01 6.946102e+01
9.995012e-01 -2.385928e-03 -3.149164e-02 2.217557e+01 2.433785e-03 9.999959e-01 1.481418e-03 -2.889231e+00 3.148800e-02 -1.557330e-03 9.995028e-01 7.048802e+01
9.995502e-01 1.942496e-03 2.992838e-02 2.249628e+01 -1.890859e-03 9.999967e-01 -1.753550e-03 -2.917169e+00 -2.993167e-02 1.696164e-03 9.995504e-01 7.114555e+01
9.993151e-01 -2.299074e-03 -3.693376e-02 2.296382e+01 2.370104e-03 9.999954e-01 1.879489e-03 -2.948087e+00 3.692929e-02 -1.965745e-03 9.993158e-01 7.186244e+01
9.994811e-01 1.378451e-03 3.218032e-02 2.355106e+01 -1.315490e-03 9.999972e-01 -1.977566e-03 -2.991612e+00 -3.218294e-02 1.934201e-03 9.994800e-01 7.290092e+01
9.995168e-01 -2.346711e-03 -3.099401e-02 2.398347e+01 2.391167e-03 9.999962e-01 1.397336e-03 -3.030417e+00 3.099063e-02 -1.470779e-03 9.995185e-01 7.388032e+01
9.995987e-01 1.750869e-03 2.827185e-02 2.433129e+01 -1.701672e-03 9.999970e-01 -1.764111e-03 -3.063077e+00 -2.827484e-02 1.715287e-03 9.995986e-01 7.466139e+01
9.995679e-01 -2.621252e-03 -2.927760e-02 2.471492e+01 2.658327e-03 9.999957e-01 1.227453e-03 -3.100799e+00 2.927428e-02 -1.304759e-03 9.995705e-01 7.559062e+01
9.996197e-01 1.978382e-03 2.750417e-02 2.503088e+01 -1.933046e-03 9.999967e-01 -1.674794e-03 -3.133078e+00 -2.750738e-02 1.620984e-03 9.996202e-01 7.637390e+01
9.995909e-01 -2.835623e-03 -2.846145e-02 2.540011e+01 2.866054e-03 9.999954e-01 1.028428e-03 -3.172465e+00 2.845842e-02 -1.109586e-03 9.995943e-01 7.733445e+01
9.996288e-01 2.155533e-03 2.715920e-02 2.573394e+01 -2.115912e-03 9.999967e-01 -1.487470e-03 -3.205140e+00 -2.716230e-02 1.429444e-03 9.996299e-01 7.813018e+01
9.995875e-01 -2.761702e-03 -2.858812e-02 2.601795e+01 2.792363e-03 9.999956e-01 1.032619e-03 -3.235732e+00 2.858516e-02 -1.112028e-03 9.995906e-01 7.886282e+01
9.996373e-01 2.211062e-03 2.683975e-02 2.628099e+01 -2.172493e-03 9.999966e-01 -1.466088e-03 -3.264988e+00 -2.684289e-02 1.407240e-03 9.996386e-01 7.956065e+01
9.995785e-01 -2.951950e-03 -2.887939e-02 2.665164e+01 2.981306e-03 9.999951e-01 9.734893e-04 -3.301022e+00 2.887639e-02 -1.059184e-03 9.995823e-01 8.043736e+01
9.996147e-01 2.252511e-03 2.766384e-02 2.699149e+01 -2.214729e-03 9.999966e-01 -1.396306e-03 -3.333351e+00 -2.766688e-02 1.334493e-03 9.996162e-01 8.122877e+01
9.995735e-01 -2.691076e-03 -2.907897e-02 2.720468e+01 2.720170e-03 9.999958e-01 9.609895e-04 -3.360219e+00 2.907627e-02 -1.039686e-03 9.995766e-01 8.184382e+01
9.995837e-01 2.289548e-03 2.876087e-02 2.743527e+01 -2.248648e-03 9.999964e-01 -1.454320e-03 -3.388095e+00 -2.876408e-02 1.389034e-03 9.995852e-01 8.248235e+01
9.995993e-01 -2.841901e-03 -2.816173e-02 2.772116e+01 2.865018e-03 9.999956e-01 7.805120e-04 -3.422396e+00 2.815940e-02 -8.608904e-04 9.996030e-01 8.328966e+01
9.995608e-01 1.828611e-03 2.957937e-02 2.812423e+01 -1.776932e-03 9.999968e-01 -1.773315e-03 -3.471178e+00 -2.958250e-02 1.719969e-03 9.995608e-01 8.449117e+01
9.996156e-01 -2.690626e-03 -2.759512e-02 2.845910e+01 2.719081e-03 9.999958e-01 9.936788e-04 -3.510591e+00 2.759234e-02 -1.068338e-03 9.996186e-01 8.545065e+01
9.995081e-01 2.348757e-03 3.127318e-02 2.864655e+01 -2.296191e-03 9.999959e-01 -1.716659e-03 -3.536739e+00 -3.127707e-02 1.643998e-03 9.995093e-01 8.605309e+01
9.995714e-01 -2.823582e-03 -2.913823e-02 2.884985e+01 2.852669e-03 9.999955e-01 9.566930e-04 -3.567787e+00 2.913541e-02 -1.039412e-03 9.995748e-01 8.677018e+01
9.994682e-01 2.294481e-03 3.252913e-02 2.906016e+01 -2.235600e-03 9.999958e-01 -1.846339e-03 -3.600616e+00 -3.253322e-02 1.772628e-03 9.994690e-01 8.753720e+01
9.996156e-01 -2.970481e-03 -2.756378e-02 2.930740e+01 2.991833e-03 9.999953e-01 7.333773e-04 -3.639797e+00 2.756149e-02 -8.155694e-04 9.996197e-01 8.846646e+01
9.995932e-01 2.030787e-03 2.844860e-02 2.961321e+01 -1.980409e-03 9.999964e-01 -1.798883e-03 -3.686553e+00 -2.845213e-02 1.741804e-03 9.995935e-01 8.959482e+01
9.995755e-01 -3.262711e-03 -2.895151e-02 2.995623e+01 3.283088e-03 9.999944e-01 6.562856e-04 -3.738265e+00 2.894923e-02 -7.510652e-04 9.995805e-01 9.086925e+01
9.995884e-01 2.333731e-03 2.859442e-02 3.024932e+01 -2.288775e-03 9.999961e-01 -1.604786e-03 -3.780893e+00 -2.859804e-02 1.538671e-03 9.995897e-01 9.189784e+01
9.995501e-01 -2.917910e-03 -2.985130e-02 3.054234e+01 2.953066e-03 9.999950e-01 1.133634e-03 -3.812110e+00 2.984786e-02 -1.221285e-03 9.995536e-01 9.263391e+01
9.996286e-01 2.657401e-03 2.712058e-02 3.080203e+01 -2.623228e-03 9.999957e-01 -1.295497e-03 -3.834350e+00 -2.712389e-02 1.223864e-03 9.996312e-01 9.312606e+01
9.995745e-01 -3.034415e-03 -2.901218e-02 3.105692e+01 3.065711e-03 9.999948e-01 1.034269e-03 -3.859246e+00 2.900890e-02 -1.122779e-03 9.995784e-01 9.369808e+01
9.996317e-01 2.588570e-03 2.701511e-02 3.133821e+01 -2.552897e-03 9.999958e-01 -1.354882e-03 -3.885691e+00 -2.701848e-02 1.285408e-03 9.996340e-01 9.430973e+01
9.996703e-01 -3.034116e-03 -2.549846e-02 3.163585e+01 3.055015e-03 9.999950e-01 7.806421e-04 -3.912118e+00 2.549598e-02 -8.582910e-04 9.996745e-01 9.492939e+01
9.996309e-01 2.686894e-03 2.703584e-02 3.189434e+01 -2.654619e-03 9.999957e-01 -1.229614e-03 -3.935114e+00 -2.703901e-02 1.157382e-03 9.996336e-01 9.547193e+01
9.995836e-01 -3.054685e-03 -2.869218e-02 3.218342e+01 3.084641e-03 9.999947e-01 9.997922e-04 -3.959956e+00 2.868900e-02 -1.087889e-03 9.995877e-01 9.604448e+01
9.995869e-01 2.558457e-03 2.862500e-02 3.248586e+01 -2.517740e-03 9.999958e-01 -1.458342e-03 -3.988272e+00 -2.862859e-02 1.385661e-03 9.995891e-01 9.671446e+01
9.997593e-01 -3.173697e-03 -2.170734e-02 3.284617e+01 3.186258e-03 9.999948e-01 5.440206e-04 -4.019961e+00 2.170552e-02 -6.130632e-04 9.997641e-01 9.747540e+01
9.995886e-01 2.470925e-03 2.857506e-02 3.317044e+01 -2.437277e-03 9.999963e-01 -1.212289e-03 -4.049449e+00 -2.857793e-02 1.142137e-03 9.995908e-01 9.822570e+01
9.996413e-01 -3.124420e-03 -2.659983e-02 3.346718e+01 3.138390e-03 9.999950e-01 4.834199e-04 -4.083093e+00 2.659820e-02 -5.667356e-04 9.996459e-01 9.903239e+01
9.994649e-01 2.450288e-03 3.261646e-02 3.382464e+01 -2.406488e-03 9.999961e-01 -1.382065e-03 -4.115508e+00 -3.261970e-02 1.302826e-03 9.994669e-01 9.981988e+01
9.995788e-01 -3.014985e-03 -2.886495e-02 3.420695e+01 3.032132e-03 9.999953e-01 5.502397e-04 -4.147546e+00 2.886318e-02 -6.375389e-04 9.995831e-01 1.005983e+02
9.995030e-01 2.291166e-03 3.143991e-02 3.456778e+01 -2.259642e-03 9.999969e-01 -1.038141e-03 -4.178303e+00 -3.144217e-02 9.665736e-04 9.995050e-01 1.013574e+02
9.996379e-01 -3.032612e-03 -2.673887e-02 3.499725e+01 3.038973e-03 9.999954e-01 1.972384e-04 -4.215531e+00 2.673817e-02 -2.784345e-04 9.996423e-01 1.022783e+02
9.994955e-01 2.250677e-03 3.168168e-02 3.537394e+01 -2.221603e-03 9.999971e-01 -9.528319e-04 -4.248409e+00 -3.168371e-02 8.819582e-04 9.994975e-01 1.031133e+02
9.994954e-01 -2.686526e-03 -3.165008e-02 3.565400e+01 2.705157e-03 9.999962e-01 5.458165e-04 -4.274429e+00 3.164851e-02 -6.311684e-04 9.994988e-01 1.037215e+02
9.995061e-01 2.183963e-03 3.135059e-02 3.594835e+01 -2.155248e-03 9.999972e-01 -9.496727e-04 -4.302253e+00 -3.135255e-02 8.816264e-04 9.995079e-01 1.043824e+02
9.994332e-01 -2.662850e-03 -3.355904e-02 3.623516e+01 2.686576e-03 9.999962e-01 6.618968e-04 -4.328881e+00 3.355717e-02 -7.516895e-04 9.994364e-01 1.050031e+02
9.994923e-01 1.969874e-03 3.179971e-02 3.658169e+01 -1.932856e-03 9.999974e-01 -1.194767e-03 -4.364694e+00 -3.180196e-02 1.132687e-03 9.994934e-01 1.058706e+02
9.996438e-01 -3.391557e-03 -2.647241e-02 3.724672e+01 3.383756e-03 9.999942e-01 -3.394993e-04 -4.431600e+00 2.647343e-02 2.497930e-04 9.996494e-01 1.075470e+02
9.995321e-01 1.053592e-03 3.056976e-02 3.824225e+01 -1.014899e-03 9.999987e-01 -1.281200e-03 -4.521039e+00 -3.057104e-02 1.249566e-03 9.995317e-01 1.098706e+02
9.995743e-01 -2.888607e-03 -2.903129e-02 3.899353e+01 2.897442e-03 9.999958e-01 2.621990e-04 -4.589772e+00 2.903043e-02 -3.462133e-04 9.995784e-01 1.116489e+02
9.995259e-01 1.859843e-03 3.073300e-02 3.940052e+01 -1.828494e-03 9.999978e-01 -1.048107e-03 -4.631819e+00 -3.073486e-02 9.914057e-04 9.995270e-01 1.126990e+02
9.995473e-01 -2.335096e-03 -2.999549e-02 3.985229e+01 2.348610e-03 9.999972e-01 4.152645e-04 -4.668721e+00 2.999446e-02 -4.855338e-04 9.995498e-01 1.135727e+02
9.994590e-01 1.438315e-03 3.285769e-02 4.044049e+01 -1.404104e-03 9.999984e-01 -1.064231e-03 -4.713583e+00 -3.285914e-02 1.017510e-03 9.994594e-01 1.147066e+02
9.995636e-01 -2.510674e-03 -2.943200e-02 4.103102e+01 2.521839e-03 9.999968e-01 3.421898e-04 -4.760431e+00 2.943107e-02 -4.162730e-04 9.995666e-01 1.159013e+02
9.995567e-01 1.691730e-03 2.972371e-02 4.144398e+01 -1.668044e-03 9.999983e-01 -8.216277e-04 -4.796376e+00 -2.972503e-02 7.716733e-04 9.995577e-01 1.167964e+02
9.994409e-01 -2.659710e-03 -3.333007e-02 4.203743e+01 2.668048e-03 9.999964e-01 2.056365e-04 -4.848982e+00 3.332943e-02 -2.944575e-04 9.994443e-01 1.180880e+02
9.995698e-01 1.397858e-03 2.929746e-02 4.270155e+01 -1.381668e-03 9.999989e-01 -5.728174e-04 -4.898943e+00 -2.929821e-02 5.320817e-04 9.995705e-01 1.193271e+02
9.995138e-01 -2.516519e-03 -3.107819e-02 4.319634e+01 2.525311e-03 9.999968e-01 2.435960e-04 -4.940004e+00 3.107750e-02 -3.219696e-04 9.995168e-01 1.203647e+02
9.995786e-01 2.223742e-03 2.894156e-02 4.340520e+01 -2.212005e-03 9.999975e-01 -4.375445e-04 -4.960672e+00 -2.894244e-02 3.733313e-04 9.995809e-01 1.208217e+02
9.994980e-01 -3.220047e-03 -3.151747e-02 4.383347e+01 3.211899e-03 9.999948e-01 -3.091903e-04 -5.006578e+00 3.151832e-02 2.077941e-04 9.995031e-01 1.219512e+02
9.994647e-01 1.253492e-03 3.269011e-02 4.442006e+01 -1.210613e-03 9.999984e-01 -1.331413e-03 -5.080922e+00 -3.269171e-02 1.291115e-03 9.994646e-01 1.238516e+02
9.994426e-01 -3.607687e-03 -3.318830e-02 4.495680e+01 3.590497e-03 9.999934e-01 -5.775714e-04 -5.163286e+00 3.319018e-02 4.580766e-04 9.994489e-01 1.259569e+02
9.994625e-01 1.801744e-03 3.273199e-02 4.546381e+01 -1.769653e-03 9.999979e-01 -1.009339e-03 -5.231212e+00 -3.273372e-02 9.508619e-04 9.994636e-01 1.276722e+02
9.994484e-01 -3.316069e-03 -3.304458e-02 4.589226e+01 3.310626e-03 9.999945e-01 -2.194805e-04 -5.288663e+00 3.304514e-02 1.099505e-04 9.994538e-01 1.291153e+02
9.994656e-01 1.876704e-03 3.263444e-02 4.631569e+01 -1.841260e-03 9.999977e-01 -1.116076e-03 -5.347288e+00 -3.263644e-02 1.055380e-03 9.994666e-01 1.305768e+02
9.994900e-01 -3.351291e-03 -3.175546e-02 4.675842e+01 3.347957e-03 9.999944e-01 -1.581832e-04 -5.405758e+00 3.175583e-02 5.177565e-05 9.994956e-01 1.320349e+02
9.994882e-01 1.827335e-03 3.193607e-02 4.720228e+01 -1.788234e-03 9.999976e-01 -1.252831e-03 -5.466876e+00 -3.193826e-02 1.195070e-03 9.994890e-01 1.335660e+02
9.994878e-01 -3.062417e-03 -3.185430e-02 4.758146e+01 3.070954e-03 9.999953e-01 2.190344e-04 -5.515641e+00 3.185350e-02 -3.167565e-04 9.994924e-01 1.347769e+02
9.994940e-01 1.813224e-03 3.175720e-02 4.799025e+01 -1.772103e-03 9.999976e-01 -1.322916e-03 -5.567002e+00 -3.175950e-02 1.265959e-03 9.994946e-01 1.360683e+02
9.994889e-01 -3.178201e-03 -3.180913e-02 4.843171e+01 3.186457e-03 9.999949e-01 2.088123e-04 -5.621494e+00 3.180832e-02 -3.100754e-04 9.994938e-01 1.374326e+02
9.994740e-01 1.965367e-03 3.237047e-02 4.882567e+01 -1.921181e-03 9.999972e-01 -1.396008e-03 -5.674343e+00 -3.237310e-02 1.333073e-03 9.994749e-01 1.387425e+02
9.995112e-01 -3.263610e-03 -3.109278e-02 4.922228e+01 3.269747e-03 9.999946e-01 1.464954e-04 -5.729738e+00 3.109216e-02 -2.481011e-04 9.995164e-01 1.401115e+02
9.995058e-01 1.807001e-03 3.138362e-02 4.967088e+01 -1.760722e-03 9.999973e-01 -1.502177e-03 -5.789674e+00 -3.138623e-02 1.446165e-03 9.995062e-01 1.416119e+02
9.995073e-01 -3.381838e-03 -3.120319e-02 5.012866e+01 3.387265e-03 9.999943e-01 1.210440e-04 -5.852332e+00 3.120262e-02 -2.266898e-04 9.995130e-01 1.431838e+02
9.995050e-01 1.733114e-03 3.141267e-02 5.057738e+01 -1.682798e-03 9.999973e-01 -1.628102e-03 -5.916878e+00 -3.141539e-02 1.574423e-03 9.995051e-01 1.448108e+02
9.994995e-01 -3.437366e-03 -3.144580e-02 5.099850e+01 3.443216e-03 9.999941e-01 1.318343e-04 -5.982331e+00 3.144518e-02 -2.400553e-04 9.995054e-01 1.464535e+02
9.995197e-01 1.672835e-03 3.094612e-02 5.143976e+01 -1.619808e-03 9.999972e-01 -1.738468e-03 -6.050735e+00 -3.094892e-02 1.687493e-03 9.995194e-01 1.481763e+02
9.995019e-01 -3.433077e-03 -3.137209e-02 5.190617e+01 3.442944e-03 9.999940e-01 2.604594e-04 -6.117562e+00 3.137103e-02 -3.683547e-04 9.995076e-01 1.498560e+02
9.995240e-01 1.830543e-03 3.079683e-02 5.233736e+01 -1.779019e-03 9.999970e-01 -1.700317e-03 -6.180811e+00 -3.079983e-02 1.644707e-03 9.995241e-01 1.514436e+02
9.994997e-01 -3.641019e-03 -3.141665e-02 5.277783e+01 3.647846e-03 9.999933e-01 1.599409e-04 -6.248306e+00 3.141588e-02 -2.744769e-04 9.995063e-01 1.531359e+02
9.994874e-01 2.173807e-03 3.194071e-02 5.318819e+01 -2.123076e-03 9.999964e-01 -1.622068e-03 -6.308711e+00 -3.194410e-02 1.553411e-03 9.994884e-01 1.546407e+02
9.995001e-01 -3.645182e-03 -3.140319e-02 5.362324e+01 3.655102e-03 9.999933e-01 2.584311e-04 -6.368968e+00 3.140206e-02 -3.730970e-04 9.995067e-01 1.561435e+02
9.994843e-01 2.084653e-03 3.204384e-02 5.407686e+01 -2.029888e-03 9.999964e-01 -1.741476e-03 -6.431812e+00 -3.204734e-02 1.675520e-03 9.994848e-01 1.577225e+02
9.995059e-01 -3.689607e-03 -3.121587e-02 5.448778e+01 3.699414e-03 9.999931e-01 2.563629e-04 -6.493940e+00 3.121473e-02 -3.717301e-04 9.995125e-01 1.592887e+02
9.995249e-01 2.010762e-03 3.075614e-02 5.488188e+01 -1.955512e-03 9.999964e-01 -1.826346e-03 -6.559014e+00 -3.075968e-02 1.765321e-03 9.995252e-01 1.609322e+02
9.995036e-01 -3.809963e-03 -3.127197e-02 5.533443e+01 3.819223e-03 9.999927e-01 2.363324e-04 -6.626055e+00 3.127087e-02 -3.556636e-04 9.995108e-01 1.626228e+02
9.994874e-01 2.360402e-03 3.192672e-02 5.572476e+01 -2.309252e-03 9.999960e-01 -1.638827e-03 -6.683454e+00 -3.193044e-02 1.564247e-03 9.994888e-01 1.640662e+02
9.994331e-01 -3.550433e-03 -3.347944e-02 5.610980e+01 3.573413e-03 9.999934e-01 6.265493e-04 -6.731323e+00 3.347702e-02 -7.458441e-04 9.994391e-01 1.652515e+02
9.994125e-01 2.219816e-03 3.419985e-02 5.653645e+01 -2.156448e-03 9.999959e-01 -1.889618e-03 -6.787562e+00 -3.420388e-02 1.814744e-03 9.994131e-01 1.666513e+02
9.994311e-01 -3.682554e-03 -3.352396e-02 5.693214e+01 3.702097e-03 9.999930e-01 5.208383e-04 -6.846546e+00 3.352183e-02 -6.446653e-04 9.994377e-01 1.681253e+02
9.994308e-01 2.321060e-03 3.365619e-02 5.730222e+01 -2.259328e-03 9.999957e-01 -1.872059e-03 -6.902608e+00 -3.366037e-02 1.794938e-03 9.994316e-01 1.695225e+02
9.994045e-01 -3.887746e-03 -3.428572e-02 5.769439e+01 3.905681e-03 9.999923e-01 4.560849e-04 -6.963425e+00 3.428370e-02 -5.897370e-04 9.994119e-01 1.710509e+02
9.994041e-01 2.066443e-03 3.445630e-02 5.814098e+01 -1.991927e-03 9.999956e-01 -2.196774e-03 -7.034019e+00 -3.446066e-02 2.126816e-03 9.994037e-01 1.728307e+02
9.994093e-01 -3.956415e-03 -3.413863e-02 5.856503e+01 3.974333e-03 9.999920e-01 4.569549e-04 -7.105429e+00 3.413657e-02 -5.923783e-04 9.994169e-01 1.746342e+02
9.994157e-01 2.155794e-03 3.411173e-02 5.897661e+01 -2.080550e-03 9.999953e-01 -2.241122e-03 -7.175854e+00 -3.411638e-02 2.168826e-03 9.994154e-01 1.764083e+02
9.993935e-01 -4.034755e-03 -3.458859e-02 5.937421e+01 4.055251e-03 9.999916e-01 5.223741e-04 -7.246382e+00 3.458621e-02 -6.623380e-04 9.994014e-01 1.781859e+02
9.992757e-01 2.414832e-03 3.797671e-02 5.980120e+01 -2.326545e-03 9.999945e-01 -2.368758e-03 -7.316836e+00 -3.798220e-02 2.278673e-03 9.992757e-01 1.799161e+02
9.995921e-01 -4.003524e-03 -2.827555e-02 6.041540e+01 4.023452e-03 9.999917e-01 6.478651e-04 -7.382898e+00 2.827274e-02 -7.613819e-04 9.995999e-01 1.815632e+02
9.994243e-01 2.337789e-03 3.384643e-02 6.106706e+01 -2.262808e-03 9.999949e-01 -2.253395e-03 -7.455064e+00 -3.385151e-02 2.175494e-03 9.994244e-01 1.833901e+02
9.994185e-01 -3.829917e-03 -3.388094e-02 6.148721e+01 3.862992e-03 9.999921e-01 9.107470e-04 -7.514737e+00 3.387720e-02 -1.041115e-03 9.994254e-01 1.848638e+02
9.994704e-01 2.672864e-03 3.243228e-02 6.179912e+01 -2.607382e-03 9.999945e-01 -2.061143e-03 -7.565245e+00 -3.243759e-02 1.975472e-03 9.994717e-01 1.861097e+02
9.994014e-01 -4.063269e-03 -3.435653e-02 6.213383e+01 4.093097e-03 9.999913e-01 7.978395e-04 -7.621504e+00 3.435301e-02 -9.380028e-04 9.994092e-01 1.875026e+02
9.994614e-01 2.590365e-03 3.271474e-02 6.251191e+01 -2.519647e-03 9.999944e-01 -2.202636e-03 -7.681333e+00 -3.272024e-02 2.119004e-03 9.994622e-01 1.889942e+02
9.994359e-01 -4.381005e-03 -3.329808e-02 6.294312e+01 4.403748e-03 9.999901e-01 6.096299e-04 -7.749073e+00 3.329510e-02 -7.559389e-04 9.994452e-01 1.907066e+02
9.994646e-01 2.600760e-03 3.261409e-02 6.336553e+01 -2.527701e-03 9.999942e-01 -2.281091e-03 -7.817292e+00 -3.261981e-02 2.197414e-03 9.994653e-01 1.924278e+02
9.994403e-01 -4.067856e-03 -3.320339e-02 6.376273e+01 4.102003e-03 9.999911e-01 9.603079e-04 -7.874933e+00 3.319921e-02 -1.095988e-03 9.994481e-01 1.938703e+02
9.994631e-01 2.769544e-03 3.264736e-02 6.413247e+01 -2.698123e-03 9.999939e-01 -2.231457e-03 -7.929641e+00 -3.265331e-02 2.142156e-03 9.994643e-01 1.952319e+02
9.994367e-01 -4.048342e-03 -3.331445e-02 6.446453e+01 4.084326e-03 9.999911e-01 1.012075e-03 -7.982362e+00 3.331008e-02 -1.147589e-03 9.994443e-01 1.965341e+02
9.994814e-01 2.933075e-03 3.206680e-02 6.480598e+01 -2.866554e-03 9.999936e-01 -2.120189e-03 -8.031216e+00 -3.207279e-02 2.027151e-03 9.994834e-01 1.977321e+02
9.994605e-01 -4.273121e-03 -3.256328e-02 6.528333e+01 4.303277e-03 9.999904e-01 8.559674e-04 -8.090594e+00 3.255933e-02 -9.956518e-04 9.994692e-01 1.991971e+02
9.994998e-01 3.325727e-03 3.144939e-02 6.560664e+01 -3.270578e-03 9.999930e-01 -1.804793e-03 -8.133835e+00 -3.145515e-02 1.701015e-03 9.995036e-01 2.002555e+02
9.994683e-01 -4.210666e-03 -3.233224e-02 6.586642e+01 4.241397e-03 9.999906e-01 8.819081e-04 -8.176113e+00 3.232825e-02 -1.018591e-03 9.994767e-01 2.012741e+02
9.995270e-01 3.513031e-03 3.055258e-02 6.606210e+01 -3.462927e-03 9.999926e-01 -1.692631e-03 -8.212272e+00 -3.055828e-02 1.586011e-03 9.995316e-01 2.021254e+02
9.994622e-01 -4.908864e-03 -3.242157e-02 6.640483e+01 4.923603e-03 9.999878e-01 3.746983e-04 -8.269410e+00 3.241936e-02 -5.341455e-04 9.994741e-01 2.035459e+02
9.994793e-01 2.993844e-03 3.212596e-02 6.685238e+01 -2.925356e-03 9.999933e-01 -2.178619e-03 -8.341359e+00 -3.213225e-02 2.083487e-03 9.994814e-01 2.053696e+02
9.993968e-01 -4.468784e-03 -3.443842e-02 6.724876e+01 4.505408e-03 9.999894e-01 9.858726e-04 -8.396191e+00 3.443367e-02 -1.140455e-03 9.994062e-01 2.067454e+02
9.994960e-01 3.448793e-03 3.155691e-02 6.756995e+01 -3.391814e-03 9.999925e-01 -1.858897e-03 -8.439054e+00 -3.156307e-02 1.750907e-03 9.995001e-01 2.078024e+02
9.993901e-01 -4.615077e-03 -3.461273e-02 6.789078e+01 4.649706e-03 9.999888e-01 9.199587e-04 -8.486136e+00 3.460812e-02 -1.080355e-03 9.994003e-01 2.089700e+02
9.995267e-01 2.820069e-03 3.063228e-02 6.838905e+01 -2.748935e-03 9.999934e-01 -2.363995e-03 -8.553601e+00 -3.063873e-02 2.278652e-03 9.995278e-01 2.106832e+02
9.993922e-01 -5.354643e-03 -3.444707e-02 6.910133e+01 5.377997e-03 9.999854e-01 5.852961e-04 -8.641370e+00 3.444345e-02 -7.702152e-04 9.994063e-01 2.129569e+02
9.995315e-01 3.166310e-03 3.044417e-02 6.975243e+01 -3.102571e-03 9.999929e-01 -2.140591e-03 -8.717997e+00 -3.045071e-02 2.045114e-03 9.995341e-01 2.149284e+02
9.993363e-01 -4.529955e-03 -3.614546e-02 7.028897e+01 4.582263e-03 9.999886e-01 1.364379e-03 -8.771498e+00 3.613888e-02 -1.529120e-03 9.993455e-01 2.162721e+02
9.995815e-01 2.381448e-03 2.883010e-02 7.121097e+01 -2.319142e-03 9.999949e-01 -2.194361e-03 -8.848440e+00 -2.883516e-02 2.126563e-03 9.995818e-01 2.182715e+02
9.991851e-01 -5.488766e-03 -3.998669e-02 7.259588e+01 5.537494e-03 9.999841e-01 1.107904e-03 -8.959140e+00 3.997999e-02 -1.328447e-03 9.991995e-01 2.211589e+02
9.994068e-01 2.996167e-03 3.430916e-02 7.346895e+01 -2.924542e-03 9.999934e-01 -2.137592e-03 -9.037803e+00 -3.431533e-02 2.035966e-03 9.994089e-01 2.232343e+02
9.992607e-01 -5.260936e-03 -3.808331e-02 7.407573e+01 5.280732e-03 9.999860e-01 4.191927e-04 -9.119261e+00 3.808059e-02 -6.200099e-04 9.992744e-01 2.253290e+02
9.994334e-01 2.237153e-03 3.358482e-02 7.499510e+01 -2.152221e-03 9.999944e-01 -2.564794e-03 -9.224133e+00 -3.359036e-02 2.491040e-03 9.994325e-01 2.280460e+02
9.991729e-01 -4.537436e-03 -4.040940e-02 7.583252e+01 4.604785e-03 9.999882e-01 1.573692e-03 -9.300697e+00 4.040180e-02 -1.758487e-03 9.991819e-01 2.300427e+02
9.995508e-01 1.652403e-03 2.992366e-02 7.686803e+01 -1.547651e-03 9.999926e-01 -3.523446e-03 -9.414225e+00 -2.992924e-02 3.475532e-03 9.995459e-01 2.329980e+02
9.976184e-01 -6.451571e-03 -6.867283e-02 8.087275e+01 6.618869e-03 9.999757e-01 2.208879e-03 -9.647320e+00 6.865692e-02 -2.658175e-03 9.976367e-01 2.395218e+02
9.988122e-01 -9.421258e-04 4.871640e-02 8.439936e+01 1.117054e-03 9.999930e-01 -3.563640e-03 -9.850869e+00 -4.871270e-02 3.613806e-03 9.988062e-01 2.451828e+02
9.983100e-01 -1.311306e-03 -5.809791e-02 8.603739e+01 1.537953e-03 9.999914e-01 3.856558e-03 -9.951704e+00 5.809235e-02 -3.939413e-03 9.983033e-01 2.477513e+02
9.987883e-01 -7.389417e-04 4.920706e-02 8.761198e+01 9.547243e-04 9.999900e-01 -4.361836e-03 -1.005274e+01 -4.920334e-02 4.403509e-03 9.987790e-01 2.503887e+02
9.979982e-01 -1.364488e-03 -6.322793e-02 8.943380e+01 1.581915e-03 9.999930e-01 3.388837e-03 -1.016881e+01 6.322286e-02 -3.482094e-03 9.979933e-01 2.534063e+02
9.990024e-01 -1.536672e-03 4.463068e-02 9.191631e+01 1.775555e-03 9.999843e-01 -5.313298e-03 -1.032235e+01 -4.462181e-02 5.387221e-03 9.989893e-01 2.574455e+02
9.977183e-01 -2.068883e-03 -6.748340e-02 9.503246e+01 2.267106e-03 9.999933e-01 2.860908e-03 -1.051232e+01 6.747703e-02 -3.007393e-03 9.977162e-01 2.624219e+02
9.991305e-01 -1.730490e-03 4.165646e-02 9.845454e+01 1.977568e-03 9.999807e-01 -5.890851e-03 -1.071960e+01 -4.164547e-02 5.968086e-03 9.991145e-01 2.678485e+02
9.977606e-01 -2.944233e-03 -6.682158e-02 1.020528e+02 3.154018e-03 9.999904e-01 3.034208e-03 -1.093993e+01 6.681200e-02 -3.238191e-03 9.977602e-01 2.736464e+02
9.991233e-01 -1.515817e-03 4.183695e-02 1.056841e+02 1.776980e-03 9.999792e-01 -6.205960e-03 -1.116394e+01 -4.182668e-02 6.274841e-03 9.991051e-01 2.795736e+02
9.977407e-01 -3.228175e-03 -6.710522e-02 1.090300e+02 3.476196e-03 9.999876e-01 3.579574e-03 -1.137016e+01 6.709282e-02 -3.804780e-03 9.977394e-01 2.850261e+02
9.990678e-01 -6.742002e-04 4.316417e-02 1.121350e+02 9.461279e-04 9.999798e-01 -6.279772e-03 -1.156166e+01 -4.315908e-02 6.314735e-03 9.990482e-01 2.900916e+02
9.977681e-01 -3.383868e-03 -6.668786e-02 1.150066e+02 3.663260e-03 9.999850e-01 4.067726e-03 -1.173798e+01 6.667308e-02 -4.302964e-03 9.977655e-01 2.947508e+02
9.990575e-01 7.798651e-04 4.339925e-02 1.179080e+02 -4.858551e-04 9.999769e-01 -6.784733e-03 -1.191306e+01 -4.340355e-02 6.757230e-03 9.990347e-01 2.993514e+02
9.976418e-01 -5.002895e-03 -6.845292e-02 1.210118e+02 5.305441e-03 9.999769e-01 4.238695e-03 -1.210098e+01 6.843011e-02 -4.591895e-03 9.976452e-01 3.042895e+02
9.990506e-01 1.321320e-03 4.354504e-02 1.241593e+02 -1.007540e-03 9.999734e-01 -7.227110e-03 -1.229353e+01 -4.355346e-02 7.176352e-03 9.990252e-01 3.094049e+02
9.976021e-01 -5.498608e-03 -6.899165e-02 1.273870e+02 5.812110e-03 9.999737e-01 4.344173e-03 -1.249071e+01 6.896592e-02 -4.734766e-03 9.976077e-01 3.146359e+02
9.990706e-01 1.240305e-03 4.308615e-02 1.307274e+02 -9.214089e-04 9.999720e-01 -7.420518e-03 -1.269561e+01 -4.309418e-02 7.373898e-03 9.990437e-01 3.200633e+02
9.977756e-01 -5.202223e-03 -6.645947e-02 1.337615e+02 5.527552e-03 9.999736e-01 4.712249e-03 -1.288273e+01 6.643317e-02 -5.069148e-03 9.977779e-01 3.250255e+02
9.991191e-01 1.846501e-03 4.192441e-02 1.368528e+02 -1.527569e-03 9.999697e-01 -7.638161e-03 -1.307170e+01 -4.193727e-02 7.567367e-03 9.990915e-01 3.300254e+02
9.976915e-01 -6.170817e-03 -6.762766e-02 1.401351e+02 6.506473e-03 9.999676e-01 4.744219e-03 -1.327218e+01 6.759616e-02 -5.173308e-03 9.976993e-01 3.353269e+02
9.991262e-01 2.232353e-03 4.173610e-02 1.434877e+02 -1.901580e-03 9.999665e-01 -7.963489e-03 -1.347729e+01 -4.175251e-02 7.877142e-03 9.990968e-01 3.407565e+02
9.976710e-01 -6.502361e-03 -6.789968e-02 1.467778e+02 6.855061e-03 9.999642e-01 4.962790e-03 -1.367760e+01 6.786494e-02 -5.416712e-03 9.976797e-01 3.460662e+02
9.991116e-01 2.866482e-03 4.204406e-02 1.499204e+02 -2.536437e-03 9.999656e-01 -7.901356e-03 -1.386852e+01 -4.206530e-02 7.787671e-03 9.990844e-01 3.511101e+02
9.977224e-01 -6.616419e-03 -6.712914e-02 1.529949e+02 6.974179e-03 9.999627e-01 5.096544e-03 -1.405489e+01 6.709287e-02 -5.553131e-03 9.977312e-01 3.560372e+02
9.990760e-01 3.491638e-03 4.283656e-02 1.560620e+02 -3.146018e-03 9.999620e-01 -8.133253e-03 -1.424044e+01 -4.286338e-02 7.990949e-03 9.990489e-01 3.609193e+02
9.976302e-01 -7.440457e-03 -6.840022e-02 1.591460e+02 7.822585e-03 9.999552e-01 5.320566e-03 -1.442714e+01 6.835752e-02 -5.843048e-03 9.976437e-01 3.658298e+02
9.989521e-01 4.408431e-03 4.555564e-02 1.619592e+02 -4.043918e-03 9.999591e-01 -8.090711e-03 -1.459803e+01 -4.558949e-02 7.897985e-03 9.989289e-01 3.703309e+02
9.975086e-01 -7.798559e-03 -7.011195e-02 1.649919e+02 8.179100e-03 9.999533e-01 5.142262e-03 -1.477929e+01 7.006853e-02 -5.702928e-03 9.975258e-01 3.750297e+02
9.989712e-01 4.533334e-03 4.512114e-02 1.679722e+02 -4.177418e-03 9.999594e-01 -7.979338e-03 -1.495889e+01 -4.515554e-02 7.782615e-03 9.989496e-01 3.797393e+02
9.976195e-01 -8.372089e-03 -6.844929e-02 1.707661e+02 8.761044e-03 9.999471e-01 5.384266e-03 -1.512782e+01 6.840053e-02 -5.971160e-03 9.976400e-01 3.841636e+02
9.988133e-01 5.538233e-03 4.838793e-02 1.732866e+02 -5.156407e-03 9.999546e-01 -8.012367e-03 -1.528310e+01 -4.843017e-02 7.753326e-03 9.987964e-01 3.882709e+02
9.974757e-01 -8.674292e-03 -7.047665e-02 1.759957e+02 9.070581e-03 9.999448e-01 5.304996e-03 -1.544888e+01 7.042668e-02 -5.930893e-03 9.974992e-01 3.926585e+02
9.988866e-01 5.318692e-03 4.687521e-02 1.789516e+02 -4.937622e-03 9.999538e-01 -8.241707e-03 -1.562874e+01 -4.691695e-02 8.001054e-03 9.988667e-01 3.974075e+02
9.972861e-01 -8.858522e-03 -7.308799e-02 1.822011e+02 9.253780e-03 9.999443e-01 5.071230e-03 -1.582546e+01 7.303894e-02 -5.733832e-03 9.973125e-01 4.026287e+02
9.990470e-01 5.147184e-03 4.334217e-02 1.857370e+02 -4.787869e-03 9.999533e-01 -8.390136e-03 -1.603553e+01 -4.338340e-02 8.174599e-03 9.990250e-01 4.081886e+02
9.972479e-01 -8.926597e-03 -7.360009e-02 1.892130e+02 9.333424e-03 9.999430e-01 5.185571e-03 -1.623971e+01 7.354953e-02 -5.858265e-03 9.972743e-01 4.135405e+02
9.990884e-01 5.296385e-03 4.235949e-02 1.927518e+02 -4.944127e-03 9.999524e-01 -8.416599e-03 -1.644747e+01 -4.240212e-02 8.199472e-03 9.990669e-01 4.189763e+02
9.972672e-01 -9.323827e-03 -7.328838e-02 1.964638e+02 9.713618e-03 9.999405e-01 4.964090e-03 -1.666677e+01 7.323766e-02 -5.662444e-03 9.972984e-01 4.247594e+02
9.991277e-01 5.384371e-03 4.140950e-02 2.002068e+02 -5.038487e-03 9.999516e-01 -8.452856e-03 -1.688761e+01 -4.145308e-02 8.236818e-03 9.991064e-01 4.305757e+02
9.974337e-01 -9.270458e-03 -7.099257e-02 2.037785e+02 9.655753e-03 9.999404e-01 5.086156e-03 -1.709859e+01 7.094112e-02 -5.758614e-03 9.974638e-01 4.361358e+02
9.991089e-01 5.776007e-03 4.180816e-02 2.072553e+02 -5.427915e-03 9.999497e-01 -8.434964e-03 -1.730445e+01 -4.185485e-02 8.200494e-03 9.990900e-01 4.415578e+02
