9.988674e-01 8.351321e-05 -4.758019e-02 -5.386823e-02 -4.188494e-05 9.999996e-01 8.759037e-04 -1.752004e-03 4.758024e-02 -8.729182e-04 9.988669e-01 3.803977e-01
9.985137e-01 4.129665e-05 -5.450077e-02 -1.103833e-01 -3.419051e-05 1.000000e+00 1.313177e-04 -2.518152e-03 5.450076e-02 -1.292584e-04 9.985136e-01 9.428917e-01
9.996374e-01 9.863856e-05 -2.692534e-02 -2.125188e-01 -9.006145e-05 9.999999e-01 3.197609e-04 -1.051844e-03 2.692534e-02 -3.172193e-04 9.996373e-01 1.391689e+00
9.999444e-01 -2.748594e-05 -1.054121e-02 -3.040408e-01 2.819373e-05 1.000000e+00 6.698579e-05 -8.815821e-04 1.054118e-02 -6.727852e-05 9.999443e-01 1.680995e+00
9.999482e-01 -3.030582e-04 -1.017007e-02 -2.216592e-01 3.063987e-04 9.999999e-01 3.268982e-04 -5.181428e-03 1.016994e-02 -3.299966e-04 9.999481e-01 1.932984e+00
9.999202e-01 -3.893462e-04 -1.262952e-02 1.351390e-02 3.863213e-04 9.999999e-01 -2.419606e-04 -1.182129e-02 1.262958e-02 2.370630e-04 9.999201e-01 2.121698e+00
9.997120e-01 1.710423e-04 -2.399608e-02 1.755650e-02 -1.594940e-04 9.999999e-01 4.831634e-04 -1.320689e-02 2.399612e-02 -4.791962e-04 9.997118e-01 2.340155e+00
9.999872e-01 -4.009590e-04 -5.043439e-03 2.215769e-02 3.996988e-04 9.999999e-01 -2.509144e-04 -1.483193e-02 5.043502e-03 2.488961e-04 9.999872e-01 2.553452e+00
9.997736e-01 3.523228e-04 -2.127639e-02 -2.530952e-02 -3.418013e-04 9.999998e-01 4.981400e-04 -1.531651e-02 2.127653e-02 -4.907541e-04 9.997734e-01 2.749085e+00
9.999920e-01 -3.110556e-04 3.976126e-03 -1.157288e-01 3.115354e-04 9.999999e-01 -1.199963e-04 -1.545628e-02 -3.976129e-03 1.212350e-04 9.999920e-01 2.986780e+00
9.999526e-01 2.080232e-04 -9.731329e-03 -1.568338e-01 -2.017651e-04 9.999998e-01 6.440383e-04 -1.735937e-02 9.731420e-03 -6.420434e-04 9.999523e-01 3.247557e+00
9.999744e-01 -2.305772e-04 -7.156716e-03 -2.052953e-01 2.284715e-04 9.999999e-01 -2.950801e-04 -1.822911e-02 7.156740e-03 2.934384e-04 9.999743e-01 3.452291e+00
9.993511e-01 -2.359027e-05 -3.601931e-02 -1.657014e-01 4.705104e-05 9.999998e-01 6.504845e-04 -2.087116e-02 3.601924e-02 -6.517561e-04 9.993508e-01 3.718452e+00
9.999970e-01 -2.527346e-04 -2.425538e-03 -1.352487e-01 2.510707e-04 9.999997e-01 -6.864320e-04 -2.218662e-02 2.425660e-03 6.858220e-04 9.999967e-01 3.950684e+00
9.998482e-01 3.063086e-04 -1.742200e-02 -2.078329e-01 -2.891435e-04 9.999995e-01 9.877509e-04 -2.252634e-02 1.742224e-02 -9.825625e-04 9.998476e-01 4.150671e+00
9.999950e-01 -3.487733e-04 -3.138582e-03 -2.495809e-01 3.467181e-04 9.999997e-01 -6.554546e-04 -2.358472e-02 3.138756e-03 6.543643e-04 9.999948e-01 4.365827e+00
9.987320e-01 4.099803e-04 -5.034045e-02 -2.892812e-01 -3.467110e-04 9.999991e-01 1.265548e-03 -2.467281e-02 5.034086e-02 -1.246489e-03 9.987312e-01 4.681898e+00
9.999940e-01 -1.392314e-04 -3.468281e-03 -4.066890e-01 1.357292e-04 9.999995e-01 -1.010117e-03 -2.306838e-02 3.468357e-03 1.009641e-03 9.999934e-01 4.985304e+00
9.998744e-01 1.854270e-05 -1.584894e-02 -4.358371e-01 -8.020717e-07 9.999994e-01 1.119339e-03 -2.377290e-02 1.584888e-02 -1.119185e-03 9.998737e-01 5.140732e+00
9.999059e-01 -8.589319e-05 -1.371426e-02 -4.615702e-01 7.369012e-05 9.999996e-01 -8.903457e-04 -2.452945e-02 1.371426e-02 8.892525e-04 9.999055e-01 5.323220e+00
9.999384e-01 8.471266e-05 -1.109861e-02 -5.464228e-01 -7.157195e-05 9.999993e-01 1.184348e-03 -2.435568e-02 1.109864e-02 -1.183480e-03 9.999376e-01 5.541685e+00
9.999773e-01 -1.386961e-04 6.729778e-03 -5.936690e-01 1.434909e-04 9.999997e-01 -7.119218e-04 -2.540585e-02 -6.729745e-03 7.128726e-04 9.999770e-01 5.755297e+00
9.998741e-01 -2.299820e-06 -1.586830e-02 -6.017800e-01 1.671480e-05 9.999996e-01 9.082511e-04 -2.707361e-02 1.586822e-02 -9.084007e-04 9.998736e-01 5.911918e+00
9.998638e-01 -2.414527e-04 1.649933e-02 -5.038909e-01 2.554266e-04 9.999996e-01 -8.447976e-04 -3.128121e-02 -1.649919e-02 8.488982e-04 9.998634e-01 6.054803e+00
9.998109e-01 4.517242e-05 -1.944439e-02 -4.615301e-01 -2.577947e-05 9.999995e-01 9.975796e-04 -3.409316e-02 1.944436e-02 -9.968885e-04 9.998104e-01 6.199242e+00
9.999534e-01 1.205497e-05 9.656374e-03 -5.318993e-01 -3.439623e-06 9.999996e-01 -8.921500e-04 -3.404214e-02 -9.656450e-03 8.920765e-04 9.999529e-01 6.333493e+00
9.999320e-01 -1.524354e-04 -1.165682e-02 -5.302617e-01 1.633736e-04 9.999995e-01 9.373651e-04 -3.563938e-02 1.165660e-02 -9.392046e-04 9.999315e-01 6.452061e+00
9.999832e-01 -2.145477e-04 5.791092e-03 -4.171452e-01 2.199682e-04 9.999995e-01 -9.352878e-04 -3.953860e-02 -5.790959e-03 9.365472e-04 9.999827e-01 6.555402e+00
9.997558e-01 1.875668e-04 -2.209704e-02 -4.590644e-01 -1.592299e-04 9.999992e-01 1.284116e-03 -4.080520e-02 2.209719e-02 -1.280282e-03 9.997549e-01 6.758789e+00
9.999177e-01 -3.661520e-04 1.281961e-02 -4.381462e-01 3.794601e-04 9.999994e-01 -1.035637e-03 -4.345827e-02 -1.281929e-02 1.040417e-03 9.999172e-01 6.944647e+00
9.996566e-01 2.637346e-04 -2.620357e-02 -4.691857e-01 -2.319324e-04 9.999992e-01 1.216670e-03 -4.441523e-02 2.620379e-02 -1.210173e-03 9.996558e-01 7.113765e+00
9.999493e-01 -1.118949e-04 1.006739e-02 -5.520325e-01 1.210328e-04 9.999996e-01 -9.070018e-04 -4.465465e-02 -1.006736e-02 9.081757e-04 9.999488e-01 7.300278e+00
9.994758e-01 1.878030e-04 -3.237420e-02 -6.260469e-01 -1.524232e-04 9.999994e-01 1.095286e-03 -4.464698e-02 3.237431e-02 -1.089776e-03 9.994751e-01 7.475528e+00
9.999972e-01 2.878619e-05 -2.362548e-03 -7.328990e-01 -3.052023e-05 9.999997e-01 -7.342354e-04 -4.424273e-02 2.362448e-03 7.343068e-04 9.999969e-01 7.726835e+00
9.995177e-01 1.036330e-04 -3.105283e-02 -8.392838e-01 -7.231348e-05 9.999995e-01 1.009690e-03 -4.356765e-02 3.105284e-02 -1.006956e-03 9.995172e-01 7.966531e+00
9.997901e-01 -6.106871e-05 2.048920e-02 -9.273409e-01 7.079018e-05 9.999999e-01 -4.737054e-04 -4.449386e-02 -2.048925e-02 4.750578e-04 9.997899e-01 8.236593e+00
9.999670e-01 1.624669e-04 -8.125988e-03 -9.444678e-01 -1.554585e-04 9.999996e-01 8.630028e-04 -4.541985e-02 8.126045e-03 -8.617096e-04 9.999665e-01 8.495491e+00
9.996555e-01 -4.976539e-04 2.624283e-02 -6.392251e-01 5.361137e-04 9.999988e-01 -1.458490e-03 -5.223321e-02 -2.624215e-02 1.472058e-03 9.996545e-01 8.572591e+00
9.999999e-01 2.234367e-04 3.259662e-04 -2.560724e-01 -2.234314e-04 1.000000e+00 -1.437234e-05 -5.940723e-02 -3.260465e-04 1.430083e-05 9.999999e-01 8.600454e+00
9.999810e-01 -3.537770e-04 6.153440e-03 -1.647220e-01 3.532149e-04 9.999999e-01 9.253385e-05 -6.349727e-02 -6.153549e-03 -9.035725e-05 9.999810e-01 8.780822e+00
9.999930e-01 2.442387e-04 -3.734324e-03 -1.408376e-01 -2.435341e-04 1.000000e+00 1.889627e-04 -6.693418e-02 3.734293e-03 -1.880506e-04 9.999929e-01 8.988299e+00
9.999939e-01 -5.128424e-04 3.443556e-03 -4.877475e-02 5.130436e-04 9.999999e-01 -5.734396e-05 -7.139683e-02 -3.443602e-03 5.911171e-05 9.999940e-01 9.146184e+00
9.999932e-01 -1.156753e-04 -3.684686e-03 2.752613e-01 1.148315e-04 1.000000e+00 -2.293983e-04 -8.009563e-02 3.684636e-03 2.289750e-04 9.999931e-01 9.235791e+00
9.999808e-01 -7.041513e-04 6.157290e-03 7.879451e-01 7.086928e-04 9.999995e-01 -7.353230e-04 -9.117297e-02 -6.156845e-03 7.396739e-04 9.999807e-01 9.217908e+00
9.999545e-01 -2.554171e-04 -9.537250e-03 1.224997e+00 2.556099e-04 1.000000e+00 1.893132e-05 -9.976858e-02 9.537168e-03 -2.136694e-05 9.999544e-01 9.171228e+00
9.999762e-01 -5.057904e-04 6.881814e-03 1.590768e+00 5.097392e-04 9.999997e-01 -5.719634e-04 -1.076991e-01 -6.881599e-03 5.754590e-04 9.999761e-01 9.167815e+00
9.998676e-01 -6.947584e-04 -1.625838e-02 2.040955e+00 6.927539e-04 9.999998e-01 -1.289610e-04 -1.155223e-01 1.625839e-02 1.176822e-04 9.998677e-01 9.063730e+00
9.999571e-01 -5.100788e-05 -9.258964e-03 2.304870e+00 5.025097e-05 1.000000e+00 -8.205101e-05 -1.213512e-01 9.258889e-03 8.158352e-05 9.999571e-01 9.125725e+00
9.988664e-01 -2.088490e-04 -4.760171e-02 2.362997e+00 2.319991e-04 9.999999e-01 4.807914e-04 -1.239290e-01 4.760152e-02 -4.912886e-04 9.988662e-01 9.375180e+00
9.977767e-01 4.606297e-04 -6.664343e-02 2.293846e+00 -4.414270e-04 9.999999e-01 3.028554e-04 -1.237846e-01 6.664347e-02 -2.727625e-04 9.977767e-01 9.830242e+00
9.928195e-01 7.453679e-04 -1.196198e-01 1.945179e+00 -5.781629e-04 9.999988e-01 1.432495e-03 -1.190876e-01 1.196207e-01 -1.353048e-03 9.928187e-01 1.075198e+01
9.969479e-01 9.546968e-04 -7.806372e-02 1.413115e+00 -9.030266e-04 9.999993e-01 6.971830e-04 -1.117928e-01 7.806423e-02 -6.245603e-04 9.969481e-01 1.189869e+01
9.909058e-01 8.612869e-04 -1.345540e-01 8.295628e-01 -6.511680e-04 9.999985e-01 1.605588e-03 -1.040947e-01 1.345551e-01 -1.503368e-03 9.909049e-01 1.316850e+01
9.934561e-01 1.293456e-03 -1.142068e-01 1.489892e-01 -1.213444e-03 9.999990e-01 7.700949e-04 -9.318891e-02 1.142076e-01 -6.264710e-04 9.934567e-01 1.453014e+01
9.912011e-01 7.550046e-04 -1.323621e-01 -5.442919e-01 -5.544216e-04 9.999986e-01 1.552248e-03 -8.272015e-02 1.323630e-01 -1.465205e-03 9.912002e-01 1.590358e+01
9.983228e-01 8.573080e-04 -5.788522e-02 -1.056695e+00 -8.372141e-04 9.999996e-01 3.713600e-04 -7.419905e-02 5.788544e-02 -3.222743e-04 9.983232e-01 1.696922e+01
9.965373e-01 1.419310e-04 -8.314516e-02 -1.439917e+00 -5.691552e-05 9.999995e-01 1.024846e-03 -6.940610e-02 8.314520e-02 -1.016565e-03 9.965369e-01 1.782016e+01
9.990622e-01 6.664095e-04 -4.329129e-02 -1.780795e+00 -6.327076e-04 9.999995e-01 7.921561e-04 -6.758715e-02 4.329175e-02 -7.640222e-04 9.990622e-01 1.875678e+01
9.964857e-01 1.806147e-04 -8.376198e-02 -2.287573e+00 -8.399732e-05 9.999993e-01 1.156980e-03 -6.610488e-02 8.376210e-02 -1.145878e-03 9.964851e-01 2.001926e+01
9.943537e-01 1.604991e-03 -1.061036e-01 -2.967508e+00 -1.432679e-03 9.999975e-01 1.700190e-03 -6.122645e-02 1.061060e-01 -1.538577e-03 9.943536e-01 2.159736e+01
9.838414e-01 9.588793e-04 -1.790388e-01 -3.793472e+00 -7.300036e-04 9.999988e-01 1.344229e-03 -5.002410e-02 1.790399e-01 -1.191809e-03 9.838411e-01 2.335459e+01
9.954439e-01 1.161079e-03 -9.534069e-02 -4.468742e+00 -1.000673e-03 9.999980e-01 1.730235e-03 -4.097036e-02 9.534255e-02 -1.626948e-03 9.954432e-01 2.496970e+01
9.784552e-01 1.076383e-03 -2.064558e-01 -5.073589e+00 -9.327160e-04 9.999993e-01 7.931972e-04 -2.970313e-02 2.064565e-01 -5.835436e-04 9.784556e-01 2.641733e+01
9.972855e-01 5.906001e-04 -7.362868e-02 -5.580870e+00 -4.505002e-04 9.999981e-01 1.919377e-03 -2.206254e-02 7.362975e-02 -1.880997e-03 9.972839e-01 2.778723e+01
9.502076e-01 1.601464e-03 -3.116131e-01 -6.041215e+00 -1.439946e-03 9.999987e-01 7.484083e-04 -1.153635e-02 3.116140e-01 -2.624373e-04 9.502087e-01 2.931006e+01
9.972094e-01 1.722325e-04 -7.465439e-02 -6.525346e+00 -1.886760e-05 9.999979e-01 2.055032e-03 -8.827869e-04 7.465469e-02 -2.047889e-03 9.972073e-01 3.087368e+01
9.452338e-01 2.200128e-03 -3.263864e-01 -6.972544e+00 -2.025321e-03 9.999976e-01 8.754070e-04 9.232422e-03 3.263876e-01 -1.664265e-04 9.452359e-01 3.241547e+01
9.999970e-01 -1.001375e-03 -2.213212e-03 -7.336068e+00 1.003177e-03 9.999992e-01 8.133854e-04 1.876161e-02 2.212458e-03 -8.156026e-04 9.999971e-01 3.367399e+01
9.675835e-01 2.254309e-03 -2.525412e-01 -7.584434e+00 -2.010549e-03 9.999972e-01 1.223283e-03 2.363391e-02 2.525433e-01 -6.758809e-04 9.675853e-01 3.468428e+01
9.918338e-01 -2.095259e-03 1.275202e-01 -7.677144e+00 2.195996e-03 9.999974e-01 -6.493897e-04 2.620615e-02 -1.275185e-01 9.241214e-04 9.918357e-01 3.523813e+01
9.867167e-01 2.826021e-04 -1.624504e-01 -7.109968e+00 -2.710948e-04 1.000000e+00 9.300345e-05 1.640382e-02 1.624505e-01 -4.772779e-05 9.867166e-01 3.516609e+01
9.927181e-01 -2.744372e-03 1.204291e-01 -6.255271e+00 3.062730e-03 9.999923e-01 -2.458515e-03 7.401094e-03 -1.204214e-01 2.809455e-03 9.927188e-01 3.468064e+01
9.925676e-01 3.812027e-04 -1.216937e-01 -5.485300e+00 -3.661400e-04 9.999999e-01 1.461374e-04 2.617282e-04 1.216938e-01 -1.004941e-04 9.925676e-01 3.388163e+01
9.921188e-01 -2.215542e-03 1.252810e-01 -4.683777e+00 2.602211e-03 9.999923e-01 -2.922855e-03 -7.661193e-03 -1.252735e-01 3.225827e-03 9.921169e-01 3.310556e+01
9.935475e-01 5.817855e-04 -1.134152e-01 -3.935627e+00 -5.408947e-04 9.999998e-01 3.913118e-04 -1.519832e-02 1.134155e-01 -3.274415e-04 9.935475e-01 3.246449e+01
9.923388e-01 -1.912269e-03 1.235313e-01 -3.219856e+00 2.305989e-03 9.999927e-01 -3.044311e-03 -2.208037e-02 -1.235246e-01 3.305849e-03 9.923359e-01 3.181823e+01
9.941701e-01 4.483402e-05 -1.078230e-01 -2.349060e+00 -4.687962e-05 1.000000e+00 -1.643850e-05 -3.078931e-02 1.078230e-01 2.139639e-05 9.941700e-01 3.108398e+01
9.914533e-01 -1.604991e-03 1.304522e-01 -1.248318e+00 2.164128e-03 9.999891e-01 -4.144494e-03 -4.222852e-02 -1.304441e-01 4.391386e-03 9.914458e-01 3.025280e+01
9.940827e-01 -6.563062e-04 -1.086242e-01 -4.009936e-02 6.106409e-04 9.999997e-01 -4.536637e-04 -5.350665e-02 1.086245e-01 3.846470e-04 9.940827e-01 2.928417e+01
9.938104e-01 -1.161158e-03 1.110831e-01 9.027539e-01 1.496007e-03 9.999946e-01 -2.931104e-03 -6.397799e-02 -1.110791e-01 3.079141e-03 9.938067e-01 2.851126e+01
9.945969e-01 -9.420671e-04 -1.038081e-01 1.860033e+00 9.192144e-04 9.999995e-01 -2.679879e-04 -7.456028e-02 1.038083e-01 1.711154e-04 9.945972e-01 2.775754e+01
9.926754e-01 -6.909044e-04 1.208101e-01 2.884456e+00 1.138985e-03 9.999927e-01 -3.639952e-03 -8.502975e-02 -1.208067e-01 3.750889e-03 9.926689e-01 2.694920e+01
9.952568e-01 -8.648204e-04 -9.727886e-02 3.853076e+00 8.588742e-04 9.999996e-01 -1.030075e-04 -9.571309e-02 9.727895e-02 1.896515e-05 9.952571e-01 2.632999e+01
9.931432e-01 2.185637e-04 1.169041e-01 4.528193e+00 1.049081e-04 9.999962e-01 -2.760819e-03 -1.042967e-01 -1.169043e-01 2.754149e-03 9.931393e-01 2.600423e+01
9.940066e-01 -1.128440e-03 -1.093142e-01 5.075560e+00 1.231425e-03 9.999989e-01 8.745890e-04 -1.121480e-01 1.093131e-01 -1.003963e-03 9.940068e-01 2.570896e+01
9.938721e-01 1.314182e-04 1.105364e-01 5.588649e+00 1.897624e-04 9.999958e-01 -2.895125e-03 -1.181846e-01 -1.105363e-01 2.898355e-03 9.938678e-01 2.528034e+01
9.939374e-01 -1.651868e-03 -1.099349e-01 6.149358e+00 1.753357e-03 9.999981e-01 8.265014e-04 -1.238474e-01 1.099334e-01 -1.014250e-03 9.939383e-01 2.472853e+01
9.938181e-01 1.058948e-03 1.110152e-01 6.467981e+00 -8.188166e-04 9.999972e-01 -2.208613e-03 -1.281813e-01 -1.110172e-01 2.104054e-03 9.938162e-01 2.451097e+01
9.939786e-01 -1.474520e-03 -1.095645e-01 6.714872e+00 1.628067e-03 9.999978e-01 1.311973e-03 -1.330047e-01 1.095624e-01 -1.482456e-03 9.939787e-01 2.443782e+01
9.935496e-01 1.311168e-03 1.133906e-01 6.909421e+00 -1.097622e-03 9.999975e-01 -1.945691e-03 -1.381764e-01 -1.133928e-01 1.808676e-03 9.935485e-01 2.447367e+01
9.939954e-01 -1.401742e-03 -1.094130e-01 7.058042e+00 1.561916e-03 9.999978e-01 1.378237e-03 -1.421430e-01 1.094109e-01 -1.540860e-03 9.939953e-01 2.451273e+01
9.941708e-01 8.151724e-04 1.078131e-01 7.327390e+00 -5.801129e-04 9.999974e-01 -2.211589e-03 -1.470916e-01 -1.078146e-01 2.136149e-03 9.941686e-01 2.444640e+01
9.938452e-01 -2.276021e-03 -1.107543e-01 7.826910e+00 2.355842e-03 9.999971e-01 5.898412e-04 -1.527567e-01 1.107526e-01 -8.471354e-04 9.938475e-01 2.410026e+01
9.940118e-01 1.126742e-03 1.092665e-01 8.281915e+00 -8.721192e-04 9.999968e-01 -2.378047e-03 -1.575436e-01 -1.092688e-01 2.268509e-03 9.940095e-01 2.373457e+01
9.939037e-01 -2.002539e-03 -1.102332e-01 8.632416e+00 2.134246e-03 9.999971e-01 1.076812e-03 -1.620337e-01 1.102308e-01 -1.305518e-03 9.939051e-01 2.351727e+01
9.939096e-01 1.504424e-03 1.101886e-01 8.833086e+00 -1.279500e-03 9.999970e-01 -2.111935e-03 -1.646622e-01 -1.101914e-01 1.958080e-03 9.939084e-01 2.338483e+01
9.939154e-01 -2.237998e-03 -1.101235e-01 9.047353e+00 2.365507e-03 9.999967e-01 1.027231e-03 -1.669611e-01 1.101209e-01 -1.281484e-03 9.939173e-01 2.318618e+01
9.939457e-01 1.784178e-03 1.098582e-01 9.237294e+00 -1.573743e-03 9.999968e-01 -2.002190e-03 -1.696213e-01 -1.098614e-01 1.817174e-03 9.939452e-01 2.308273e+01
9.939902e-01 -1.860237e-03 -1.094535e-01 9.293566e+00 2.049347e-03 9.999966e-01 1.615287e-03 -1.717483e-01 1.094501e-01 -1.829893e-03 9.939905e-01 2.313541e+01
9.938965e-01 1.813907e-03 1.103012e-01 9.351297e+00 -1.595571e-03 9.999966e-01 -2.067682e-03 -1.738684e-01 -1.103045e-01 1.879063e-03 9.938960e-01 2.318167e+01
9.939475e-01 -2.246590e-03 -1.098335e-01 9.509921e+00 2.389356e-03 9.999965e-01 1.168239e-03 -1.764766e-01 1.098305e-01 -1.423605e-03 9.939492e-01 2.310543e+01
9.939063e-01 1.885040e-03 1.102121e-01 9.685093e+00 -1.654649e-03 9.999963e-01 -2.181849e-03 -1.791184e-01 -1.102158e-01 1.986185e-03 9.939056e-01 2.301564e+01
9.939715e-01 -2.242439e-03 -1.096157e-01 9.843842e+00 2.398771e-03 9.999963e-01 1.294326e-03 -1.819373e-01 1.096124e-01 -1.549472e-03 9.939731e-01 2.296143e+01
9.938999e-01 2.044469e-03 1.102666e-01 9.972255e+00 -1.823225e-03 9.999961e-01 -2.107232e-03 -1.844880e-01 -1.102705e-01 1.893331e-03 9.938997e-01 2.294118e+01
9.939699e-01 -2.153846e-03 -1.096324e-01 1.005904e+01 2.345976e-03 9.999959e-01 1.623523e-03 -1.872042e-01 1.096285e-01 -1.870934e-03 9.939708e-01 2.299064e+01
9.938328e-01 2.256084e-03 1.108657e-01 1.004231e+01 -2.055430e-03 9.999960e-01 -1.924137e-03 -1.880607e-01 -1.108695e-01 1.684388e-03 9.938334e-01 2.307328e+01
9.940314e-01 -2.133599e-03 -1.090730e-01 9.982824e+00 2.335996e-03 9.999958e-01 1.727854e-03 -1.875888e-01 1.090689e-01 -1.972341e-03 9.940321e-01 2.315792e+01
9.936241e-01 2.261610e-03 1.127213e-01 9.925136e+00 -2.056152e-03 9.999960e-01 -1.938926e-03 -1.868452e-01 -1.127252e-01 1.694785e-03 9.936247e-01 2.323375e+01
9.941053e-01 -2.143177e-03 -1.083978e-01 9.876207e+00 2.340477e-03 9.999958e-01 1.692942e-03 -1.863569e-01 1.083938e-01 -1.936671e-03 9.941061e-01 2.330371e+01
9.936139e-01 2.257278e-03 1.128108e-01 9.833764e+00 -2.045142e-03 9.999959e-01 -1.996144e-03 -1.860521e-01 -1.128148e-01 1.752677e-03 9.936144e-01 2.336911e+01
9.938876e-01 -2.178366e-03 -1.103749e-01 9.803140e+00 2.382360e-03 9.999957e-01 1.716332e-03 -1.864607e-01 1.103708e-01 -1.968800e-03 9.938884e-01 2.344017e+01
9.937157e-01 2.207098e-03 1.119115e-01 9.821502e+00 -1.983271e-03 9.999958e-01 -2.111311e-03 -1.880054e-01 -1.119156e-01 1.876086e-03 9.937158e-01 2.350103e+01
9.939021e-01 -2.296297e-03 -1.102420e-01 9.896418e+00 2.474808e-03 9.999958e-01 1.482449e-03 -1.902535e-01 1.102382e-01 -1.746243e-03 9.939036e-01 2.351742e+01
9.935390e-01 2.389402e-03 1.134664e-01 9.836956e+00 -2.211811e-03 9.999961e-01 -1.690998e-03 -1.895287e-01 -1.134700e-01 1.429100e-03 9.935403e-01 2.359626e+01
9.938948e-01 -2.284726e-03 -1.103084e-01 9.782713e+00 2.462429e-03 9.999959e-01 1.474752e-03 -1.890420e-01 1.103046e-01 -1.737380e-03 9.938962e-01 2.367146e+01
9.934780e-01 2.374007e-03 1.139991e-01 9.737300e+00 -2.184506e-03 9.999960e-01 -1.787190e-03 -1.887351e-01 -1.140029e-01 1.526496e-03 9.934792e-01 2.373578e+01
9.939192e-01 -2.287016e-03 -1.100885e-01 9.699838e+00 2.466841e-03 9.999958e-01 1.497276e-03 -1.886710e-01 1.100846e-01 -1.759748e-03 9.939206e-01 2.379917e+01
9.931652e-01 2.394835e-03 1.166922e-01 9.655996e+00 -2.191687e-03 9.999959e-01 -1.869164e-03 -1.880240e-01 -1.166961e-01 1.600630e-03 9.931663e-01 2.386347e+01
9.944980e-01 -2.216704e-03 -1.047318e-01 9.608315e+00 2.375974e-03 9.999962e-01 1.395987e-03 -1.866700e-01 1.047283e-01 -1.637152e-03 9.944994e-01 2.393614e+01
9.928824e-01 2.449548e-03 1.190733e-01 9.577864e+00 -2.230140e-03 9.999956e-01 -1.975838e-03 -1.857304e-01 -1.190776e-01 1.696219e-03 9.928834e-01 2.401706e+01
9.939618e-01 -2.279898e-03 -1.097026e-01 9.540184e+00 2.458988e-03 9.999959e-01 1.497233e-03 -1.849732e-01 1.096988e-01 -1.757956e-03 9.939632e-01 2.408051e+01
9.935289e-01 2.354565e-03 1.135548e-01 9.490304e+00 -2.164922e-03 9.999960e-01 -1.793343e-03 -1.843826e-01 -1.135585e-01 1.535895e-03 9.935300e-01 2.414253e+01
9.935998e-01 -2.235125e-03 -1.129353e-01 9.431042e+00 2.430626e-03 9.999958e-01 1.593406e-03 -1.842136e-01 1.129313e-01 -1.857717e-03 9.936010e-01 2.423265e+01
9.935717e-01 2.365844e-03 1.131794e-01 9.365077e+00 -2.180019e-03 9.999961e-01 -1.765589e-03 -1.838676e-01 -1.131831e-01 1.507500e-03 9.935729e-01 2.433849e+01
9.936486e-01 -2.221420e-03 -1.125053e-01 9.328726e+00 2.411406e-03 9.999959e-01 1.552616e-03 -1.843011e-01 1.125014e-01 -1.814057e-03 9.936498e-01 2.445078e+01
9.935574e-01 2.352477e-03 1.133055e-01 9.280419e+00 -2.164357e-03 9.999961e-01 -1.783263e-03 -1.843509e-01 -1.133092e-01 1.526535e-03 9.935585e-01 2.455032e+01
9.937045e-01 -2.220078e-03 -1.120106e-01 9.218618e+00 2.413676e-03 9.999958e-01 1.592792e-03 -1.839679e-01 1.120066e-01 -1.853128e-03 9.937056e-01 2.464477e+01
9.935322e-01 2.324939e-03 1.135265e-01 9.159134e+00 -2.134135e-03 9.999961e-01 -1.802199e-03 -1.836447e-01 -1.135302e-01 1.548256e-03 9.935332e-01 2.473516e+01
9.936493e-01 -2.203822e-03 -1.124998e-01 9.095095e+00 2.401776e-03 9.999958e-01 1.624078e-03 -1.832390e-01 1.124957e-01 -1.883969e-03 9.936503e-01 2.483399e+01
9.936129e-01 2.360986e-03 1.128180e-01 9.022910e+00 -2.173499e-03 9.999960e-01 -1.784812e-03 -1.825851e-01 -1.128218e-01 1.528196e-03 9.936140e-01 2.494442e+01
9.938351e-01 -2.184908e-03 -1.108470e-01 8.954659e+00 2.388299e-03 9.999957e-01 1.702123e-03 -1.817748e-01 1.108429e-01 -1.956371e-03 9.938359e-01 2.506169e+01
9.933399e-01 2.329292e-03 1.151969e-01 8.898347e+00 -2.143787e-03 9.999962e-01 -1.734191e-03 -1.814652e-01 -1.152004e-01 1.475678e-03 9.933411e-01 2.522460e+01
9.943927e-01 -2.132628e-03 -1.057287e-01 8.865428e+00 2.316998e-03 9.999960e-01 1.620983e-03 -1.814038e-01 1.057249e-01 -1.856872e-03 9.943936e-01 2.539216e+01
9.937956e-01 2.245894e-03 1.111989e-01 8.812241e+00 -2.062221e-03 9.999963e-01 -1.766728e-03 -1.807311e-01 -1.112024e-01 1.526444e-03 9.937965e-01 2.551335e+01
9.939898e-01 -2.105249e-03 -1.094523e-01 8.744371e+00 2.296859e-03 9.999960e-01 1.624563e-03 -1.798968e-01 1.094485e-01 -1.866202e-03 9.939906e-01 2.561609e+01
9.938974e-01 2.245350e-03 1.102859e-01 8.674332e+00 -2.064009e-03 9.999963e-01 -1.758411e-03 -1.792347e-01 -1.102894e-01 1.520043e-03 9.938983e-01 2.573168e+01
9.940256e-01 -2.080818e-03 -1.091277e-01 8.604972e+00 2.272183e-03 9.999961e-01 1.629247e-03 -1.785233e-01 1.091239e-01 -1.867477e-03 9.940263e-01 2.584374e+01
9.939048e-01 2.217680e-03 1.102190e-01 8.535682e+00 -2.033553e-03 9.999963e-01 -1.782930e-03 -1.777771e-01 -1.102225e-01 1.547921e-03 9.939056e-01 2.595084e+01
9.941111e-01 -2.052061e-03 -1.083459e-01 8.470084e+00 2.252023e-03 9.999960e-01 1.723240e-03 -1.771431e-01 1.083420e-01 -1.957095e-03 9.941117e-01 2.607032e+01
9.935106e-01 2.187513e-03 1.137186e-01 8.433153e+00 -2.000692e-03 9.999965e-01 -1.756930e-03 -1.774866e-01 -1.137220e-01 1.518007e-03 9.935114e-01 2.624396e+01
9.941787e-01 -2.036227e-03 -1.077240e-01 8.397247e+00 2.231393e-03 9.999961e-01 1.691192e-03 -1.777003e-01 1.077202e-01 -1.921727e-03 9.941793e-01 2.641102e+01
9.940018e-01 2.150059e-03 1.093421e-01 8.325877e+00 -1.969291e-03 9.999965e-01 -1.761181e-03 -1.768866e-01 -1.093455e-01 1.535285e-03 9.940025e-01 2.653954e+01
9.941196e-01 -1.991610e-03 -1.082693e-01 8.256340e+00 2.182281e-03 9.999963e-01 1.642607e-03 -1.761861e-01 1.082657e-01 -1.869227e-03 9.941202e-01 2.664739e+01
9.939837e-01 2.105114e-03 1.095078e-01 8.196090e+00 -1.916687e-03 9.999965e-01 -1.825896e-03 -1.758539e-01 -1.095112e-01 1.605013e-03 9.939842e-01 2.673981e+01
9.941100e-01 -1.981547e-03 -1.083578e-01 8.145225e+00 2.173164e-03 9.999963e-01 1.650299e-03 -1.758568e-01 1.083542e-01 -1.876064e-03 9.941105e-01 2.683189e+01
9.940582e-01 2.121864e-03 1.088295e-01 8.078403e+00 -1.937236e-03 9.999965e-01 -1.802176e-03 -1.754042e-01 -1.088329e-01 1.580634e-03 9.940587e-01 2.693297e+01
9.941154e-01 -1.967165e-03 -1.083082e-01 8.007797e+00 2.160081e-03 9.999963e-01 1.663861e-03 -1.747218e-01 1.083046e-01 -1.888030e-03 9.941159e-01 2.703678e+01
9.939757e-01 2.125348e-03 1.095801e-01 7.937976e+00 -1.946087e-03 9.999966e-01 -1.742806e-03 -1.740527e-01 -1.095834e-01 1.519048e-03 9.939763e-01 2.715559e+01
9.941583e-01 -1.978008e-03 -1.079134e-01 7.889983e+00 2.169604e-03 9.999963e-01 1.658064e-03 -1.742019e-01 1.079097e-01 -1.882513e-03 9.941588e-01 2.728730e+01
9.940287e-01 2.093451e-03 1.090992e-01 7.830468e+00 -1.904199e-03 9.999965e-01 -1.838825e-03 -1.739211e-01 -1.091027e-01 1.620092e-03 9.940291e-01 2.738865e+01
9.941653e-01 -1.949310e-03 -1.078500e-01 7.766165e+00 2.143169e-03 9.999963e-01 1.681589e-03 -1.733416e-01 1.078464e-01 -1.902924e-03 9.941657e-01 2.748435e+01
9.939944e-01 2.082891e-03 1.094110e-01 7.708988e+00 -1.889230e-03 9.999965e-01 -1.873655e-03 -1.729604e-01 -1.094144e-01 1.655694e-03 9.939947e-01 2.757806e+01
9.941727e-01 -1.971907e-03 -1.077813e-01 7.673718e+00 2.160319e-03 9.999963e-01 1.631341e-03 -1.731032e-01 1.077778e-01 -1.854683e-03 9.941732e-01 2.766334e+01
9.939616e-01 2.078546e-03 1.097084e-01 7.614082e+00 -1.889834e-03 9.999966e-01 -1.824067e-03 -1.725687e-01 -1.097117e-01 1.605716e-03 9.939621e-01 2.774790e+01
9.939787e-01 -2.293901e-03 -1.095494e-01 7.727420e+00 2.449621e-03 9.999962e-01 1.286881e-03 -1.758492e-01 1.095461e-01 -1.547493e-03 9.939804e-01 2.779089e+01
9.939777e-01 2.183358e-03 1.095605e-01 7.843781e+00 -1.988320e-03 9.999962e-01 -1.889391e-03 -1.788493e-01 -1.095642e-01 1.660165e-03 9.939782e-01 2.782630e+01
9.941716e-01 -2.044532e-03 -1.077894e-01 7.781345e+00 2.241698e-03 9.999960e-01 1.708025e-03 -1.781991e-01 1.077855e-01 -1.939707e-03 9.941722e-01 2.791579e+01
9.937203e-01 2.191684e-03 1.118709e-01 7.744542e+00 -1.999215e-03 9.999963e-01 -1.832599e-03 -1.783475e-01 -1.118745e-01 1.597431e-03 9.937210e-01 2.803667e+01
9.942244e-01 -2.059284e-03 -1.073013e-01 7.722527e+00 2.249940e-03 9.999961e-01 1.655780e-03 -1.789570e-01 1.072975e-01 -1.887645e-03 9.942251e-01 2.816312e+01
9.940158e-01 2.159666e-03 1.092151e-01 7.663169e+00 -1.969690e-03 9.999964e-01 -1.847305e-03 -1.784583e-01 -1.092187e-01 1.621125e-03 9.940163e-01 2.825324e+01
9.941758e-01 -2.014909e-03 -1.077519e-01 7.599285e+00 2.207813e-03 9.999962e-01 1.670974e-03 -1.778227e-01 1.077481e-01 -1.899143e-03 9.941763e-01 2.834309e+01
9.939417e-01 2.141132e-03 1.098875e-01 7.536805e+00 -1.949034e-03 9.999964e-01 -1.855501e-03 -1.770715e-01 -1.098910e-01 1.630080e-03 9.939422e-01 2.842818e+01
9.942353e-01 -2.028285e-03 -1.072013e-01 7.477076e+00 2.220258e-03 9.999961e-01 1.671428e-03 -1.763452e-01 1.071975e-01 -1.899813e-03 9.942358e-01 2.850692e+01
9.940062e-01 2.127158e-03 1.093030e-01 7.421868e+00 -1.932354e-03 9.999964e-01 -1.888115e-03 -1.759251e-01 -1.093066e-01 1.665580e-03 9.940066e-01 2.858740e+01
9.941872e-01 -1.986386e-03 -1.076472e-01 7.366176e+00 2.180555e-03 9.999962e-01 1.686062e-03 -1.755158e-01 1.076434e-01 -1.910997e-03 9.941876e-01 2.867589e+01
9.940066e-01 2.119125e-03 1.092994e-01 7.322456e+00 -1.922748e-03 9.999963e-01 -1.902041e-03 -1.754512e-01 -1.093030e-01 1.680481e-03 9.940070e-01 2.876301e+01
9.942223e-01 -1.978580e-03 -1.073225e-01 7.284250e+00 2.174074e-03 9.999962e-01 1.704570e-03 -1.754610e-01 1.073188e-01 -1.928054e-03 9.942227e-01 2.885605e+01
9.936622e-01 2.117406e-03 1.123874e-01 7.261539e+00 -1.914468e-03 9.999963e-01 -1.913581e-03 -1.757780e-01 -1.123910e-01 1.686286e-03 9.936625e-01 2.897138e+01
9.939222e-01 -2.020418e-03 -1.100662e-01 7.220948e+00 2.218076e-03 9.999961e-01 1.673385e-03 -1.756577e-01 1.100625e-01 -1.907356e-03 9.939228e-01 2.905490e+01
9.937072e-01 2.138624e-03 1.119880e-01 7.161524e+00 -1.940658e-03 9.999964e-01 -1.876709e-03 -1.751227e-01 -1.119916e-01 1.647563e-03 9.937077e-01 2.914023e+01
9.938659e-01 -2.009051e-03 -1.105737e-01 7.104190e+00 2.205860e-03 9.999962e-01 1.657567e-03 -1.747067e-01 1.105700e-01 -1.891315e-03 9.938665e-01 2.922970e+01
9.936736e-01 2.148046e-03 1.122864e-01 7.041372e+00 -1.952933e-03 9.999964e-01 -1.847583e-03 -1.740624e-01 -1.122899e-01 1.616601e-03 9.936741e-01 2.931672e+01
9.939053e-01 -2.067871e-03 -1.102181e-01 6.999805e+00 2.260336e-03 9.999961e-01 1.621288e-03 -1.741511e-01 1.102144e-01 -1.860543e-03 9.939060e-01 2.939152e+01
9.936535e-01 2.175293e-03 1.124635e-01 6.975707e+00 -1.982804e-03 9.999964e-01 -1.823380e-03 -1.747176e-01 -1.124670e-01 1.588810e-03 9.936541e-01 2.948483e+01
9.939312e-01 -2.073566e-03 -1.099842e-01 6.928890e+00 2.264846e-03 9.999961e-01 1.614241e-03 -1.745461e-01 1.099805e-01 -1.853547e-03 9.939319e-01 2.957505e+01
9.937358e-01 2.168597e-03 1.117338e-01 6.873374e+00 -1.974680e-03 9.999963e-01 -1.846151e-03 -1.742512e-01 -1.117374e-01 1.613942e-03 9.937364e-01 2.965434e+01
9.939192e-01 -2.048568e-03 -1.100927e-01 6.815126e+00 2.243166e-03 9.999961e-01 1.643733e-03 -1.738861e-01 1.100890e-01 -1.880699e-03 9.939199e-01 2.973449e+01
9.937324e-01 2.146704e-03 1.117648e-01 6.767108e+00 -1.949891e-03 9.999964e-01 -1.870223e-03 -1.739154e-01 -1.117684e-01 1.640567e-03 9.937328e-01 2.981016e+01
9.938273e-01 -2.013890e-03 -1.109196e-01 6.714710e+00 2.211752e-03 9.999962e-01 1.660804e-03 -1.739463e-01 1.109158e-01 -1.895885e-03 9.938279e-01 2.988735e+01
9.936476e-01 2.128704e-03 1.125159e-01 6.661403e+00 -1.929133e-03 9.999964e-01 -1.882548e-03 -1.738367e-01 -1.125195e-01 1.653526e-03 9.936481e-01 2.996248e+01
9.939108e-01 -2.029747e-03 -1.101685e-01 6.611082e+00 2.228774e-03 9.999961e-01 1.683434e-03 -1.736681e-01 1.101647e-01 -1.918729e-03 9.939114e-01 3.003610e+01
9.936926e-01 2.062315e-03 1.121197e-01 6.611148e+00 -1.846024e-03 9.999962e-01 -2.032873e-03 -1.747415e-01 -1.121234e-01 1.813070e-03 9.936925e-01 3.009273e+01
9.938470e-01 -2.007135e-03 -1.107433e-01 6.602987e+00 2.214907e-03 9.999960e-01 1.753145e-03 -1.756878e-01 1.107394e-01 -1.987650e-03 9.938474e-01 3.015579e+01
9.937003e-01 1.940650e-03 1.120531e-01 6.668576e+00 -1.684954e-03 9.999958e-01 -2.376562e-03 -1.775061e-01 -1.120572e-01 2.172780e-03 9.936993e-01 3.016359e+01
9.938434e-01 -1.918619e-03 -1.107770e-01 6.691901e+00 2.148418e-03 9.999958e-01 1.955085e-03 -1.788049e-01 1.107729e-01 -2.181049e-03 9.938433e-01 3.020131e+01
9.936489e-01 2.003464e-03 1.125069e-01 6.683866e+00 -1.761610e-03 9.999959e-01 -2.249046e-03 -1.797053e-01 -1.125109e-01 2.036563e-03 9.936483e-01 3.026524e+01
9.938018e-01 -1.987472e-03 -1.111486e-01 6.709725e+00 2.205833e-03 9.999959e-01 1.841629e-03 -1.811430e-01 1.111445e-01 -2.075395e-03 9.938020e-01 3.031530e+01
9.932454e-01 1.954962e-03 1.160164e-01 6.823768e+00 -1.698519e-03 9.999959e-01 -2.309218e-03 -1.846283e-01 -1.160204e-01 2.096558e-03 9.932445e-01 3.036488e+01
9.949860e-01 -1.745975e-03 -9.999892e-02 6.880077e+00 1.921378e-03 9.999968e-01 1.657747e-03 -1.861623e-01 9.999576e-02 -1.841577e-03 9.949861e-01 3.044208e+01
9.941363e-01 1.878617e-03 1.081179e-01 6.849303e+00 -1.675390e-03 9.999967e-01 -1.970473e-03 -1.858777e-01 -1.081212e-01 1.777773e-03 9.941360e-01 3.051347e+01
9.945605e-01 -1.761102e-03 -1.041456e-01 6.796901e+00 1.957725e-03 9.999965e-01 1.785743e-03 -1.852425e-01 1.041422e-01 -1.979924e-03 9.945604e-01 3.058158e+01
9.935437e-01 1.935714e-03 1.134339e-01 6.751204e+00 -1.700117e-03 9.999962e-01 -2.173638e-03 -1.842094e-01 -1.134376e-01 1.966748e-03 9.935431e-01 3.064016e+01
9.946348e-01 -1.745991e-03 -1.034335e-01 6.726202e+00 1.942028e-03 9.999965e-01 1.794594e-03 -1.838315e-01 1.034300e-01 -1.985842e-03 9.946347e-01 3.070152e+01
9.942322e-01 1.846065e-03 1.072327e-01 6.689667e+00 -1.637894e-03 9.999966e-01 -2.029325e-03 -1.838134e-01 -1.072361e-01 1.841978e-03 9.942318e-01 3.076415e+01
9.947287e-01 -1.729097e-03 -1.025274e-01 6.664096e+00 1.927674e-03 9.999965e-01 1.837745e-03 -1.841237e-01 1.025239e-01 -2.025703e-03 9.947284e-01 3.085194e+01
9.939829e-01 1.876677e-03 1.095191e-01 6.623725e+00 -1.662185e-03 9.999965e-01 -2.049737e-03 -1.836760e-01 -1.095225e-01 1.855357e-03 9.939825e-01 3.094469e+01
9.943489e-01 -1.762987e-03 -1.061464e-01 6.581414e+00 1.968598e-03 9.999964e-01 1.832288e-03 -1.834942e-01 1.061428e-01 -2.030899e-03 9.943487e-01 3.101556e+01
9.940580e-01 1.870827e-03 1.088351e-01 6.526855e+00 -1.661877e-03 9.999966e-01 -2.010535e-03 -1.830119e-01 -1.088385e-01 1.817711e-03 9.940577e-01 3.108977e+01
9.944791e-01 -1.745415e-03 -1.049203e-01 6.470223e+00 1.948473e-03 9.999964e-01 1.832866e-03 -1.821968e-01 1.049168e-01 -2.027188e-03 9.944788e-01 3.115740e+01
9.925848e-01 2.011156e-03 1.215373e-01 6.497723e+00 -1.734084e-03 9.999957e-01 -2.385441e-03 -1.827110e-01 -1.215415e-01 2.156991e-03 9.925839e-01 3.123863e+01
9.940096e-01 -1.889019e-03 -1.092760e-01 6.622210e+00 2.087344e-03 9.999964e-01 1.700513e-03 -1.860613e-01 1.092724e-01 -1.918429e-03 9.940099e-01 3.131512e+01
9.938526e-01 1.995977e-03 1.106934e-01 6.595824e+00 -1.790539e-03 9.999965e-01 -1.955275e-03 -1.865938e-01 -1.106968e-01 1.745049e-03 9.938526e-01 3.139576e+01
9.940797e-01 -1.872623e-03 -1.086369e-01 6.540439e+00 2.076091e-03 9.999963e-01 1.759822e-03 -1.861742e-01 1.086333e-01 -1.974949e-03 9.940798e-01 3.147596e+01
9.938270e-01 1.987271e-03 1.109231e-01 6.486777e+00 -1.780714e-03 9.999965e-01 -1.961181e-03 -1.857946e-01 -1.109266e-01 1.751546e-03 9.938270e-01 3.155310e+01
9.940161e-01 -1.871265e-03 -1.092179e-01 6.448914e+00 2.074769e-03 9.999963e-01 1.749653e-03 -1.859874e-01 1.092143e-01 -1.965791e-03 9.940162e-01 3.162891e+01
9.937705e-01 1.991244e-03 1.114279e-01 6.394290e+00 -1.784831e-03 9.999965e-01 -1.952140e-03 -1.855839e-01 -1.114313e-01 1.741093e-03 9.937705e-01 3.170743e+01
9.939918e-01 -2.068404e-03 -1.094353e-01 6.429069e+00 2.238126e-03 9.999965e-01 1.428058e-03 -1.869117e-01 1.094320e-01 -1.664413e-03 9.939928e-01 3.173423e+01
9.938841e-01 1.900493e-03 1.104115e-01 6.543324e+00 -1.668488e-03 9.999962e-01 -2.193614e-03 -1.893855e-01 -1.104152e-01 1.995972e-03 9.938835e-01 3.172340e+01
9.939949e-01 -2.069027e-03 -1.094067e-01 6.661334e+00 2.244218e-03 9.999964e-01 1.478146e-03 -1.918966e-01 1.094033e-01 -1.714808e-03 9.939959e-01 3.172549e+01
9.938457e-01 2.056637e-03 1.107540e-01 6.699330e+00 -1.856879e-03 9.999965e-01 -1.906713e-03 -1.934695e-01 -1.107575e-01 1.689316e-03 9.938459e-01 3.178019e+01
9.939666e-01 -2.027966e-03 -1.096640e-01 6.710127e+00 2.212384e-03 9.999963e-01 1.559991e-03 -1.945550e-01 1.096605e-01 -1.793204e-03 9.939674e-01 3.184420e+01
9.938082e-01 2.010749e-03 1.110907e-01 6.752420e+00 -1.800888e-03 9.999964e-01 -1.989381e-03 -1.962068e-01 -1.110943e-01 1.776994e-03 9.938082e-01 3.189440e+01
9.939079e-01 -2.260961e-03 -1.101903e-01 6.879899e+00 2.411195e-03 9.999963e-01 1.230153e-03 -1.987887e-01 1.101872e-01 -1.488355e-03 9.939097e-01 3.188117e+01
9.939766e-01 1.479615e-03 1.095828e-01 7.231975e+00 -1.167523e-03 9.999951e-01 -2.912096e-03 -2.029989e-01 -1.095865e-01 2.766608e-03 9.939733e-01 3.162046e+01
9.939424e-01 -2.110729e-03 -1.098815e-01 7.535641e+00 2.298720e-03 9.999961e-01 1.584174e-03 -2.066106e-01 1.098778e-01 -1.827171e-03 9.939433e-01 3.143719e+01
9.937947e-01 2.234915e-03 1.112075e-01 7.493051e+00 -2.043519e-03 9.999962e-01 -1.835003e-03 -2.066918e-01 -1.112112e-01 1.596355e-03 9.937954e-01 3.151609e+01
9.939401e-01 -2.144698e-03 -1.099016e-01 7.473214e+00 2.331838e-03 9.999960e-01 1.574271e-03 -2.072821e-01 1.098979e-01 -1.821010e-03 9.939411e-01 3.159920e+01
9.938600e-01 2.221575e-03 1.106221e-01 7.459004e+00 -2.027530e-03 9.999962e-01 -1.866568e-03 -2.080828e-01 -1.106258e-01 1.630811e-03 9.938607e-01 3.168252e+01
9.940214e-01 -2.190481e-03 -1.091632e-01 7.462630e+00 2.374056e-03 9.999960e-01 1.551689e-03 -2.091634e-01 1.091594e-01 -1.801578e-03 9.940225e-01 3.175139e+01
9.938933e-01 2.110788e-03 1.103250e-01 7.535196e+00 -1.892146e-03 9.999960e-01 -2.086444e-03 -2.113155e-01 -1.103289e-01 1.864945e-03 9.938933e-01 3.178273e+01
9.938991e-01 -2.848145e-03 -1.102566e-01 7.784273e+00 2.957053e-03 9.999953e-01 8.242307e-04 -2.146557e-01 1.102538e-01 -1.145243e-03 9.939027e-01 3.160800e+01
9.940211e-01 1.588121e-03 1.091766e-01 8.184402e+00 -1.296615e-03 9.999954e-01 -2.740961e-03 -2.173031e-01 -1.091804e-01 2.583006e-03 9.940185e-01 3.114258e+01
9.939281e-01 -2.686842e-03 -1.099987e-01 8.532282e+00 2.839009e-03 9.999952e-01 1.226729e-03 -2.202765e-01 1.099950e-01 -1.531575e-03 9.939309e-01 3.080821e+01
9.940678e-01 1.802694e-03 1.087467e-01 8.882235e+00 -1.509360e-03 9.999950e-01 -2.779633e-03 -2.241646e-01 -1.087511e-01 2.598999e-03 9.940655e-01 3.054435e+01
9.939490e-01 -2.377922e-03 -1.098168e-01 9.170512e+00 2.578156e-03 9.999953e-01 1.681361e-03 -2.286352e-01 1.098123e-01 -1.954319e-03 9.939503e-01 3.044779e+01
9.939612e-01 1.999088e-03 1.097140e-01 9.393644e+00 -1.703929e-03 9.999947e-01 -2.783930e-03 -2.322965e-01 -1.097190e-01 2.580166e-03 9.939592e-01 3.036337e+01
9.938371e-01 -3.264859e-03 -1.108023e-01 9.752188e+00 3.413681e-03 9.999935e-01 1.153424e-03 -2.351251e-01 1.107979e-01 -1.524567e-03 9.938417e-01 2.997100e+01
9.940219e-01 1.922250e-03 1.091636e-01 1.016434e+01 -1.585468e-03 9.999937e-01 -3.171810e-03 -2.374493e-01 -1.091690e-01 2.979765e-03 9.940186e-01 2.945991e+01
9.939611e-01 -2.819798e-03 -1.096966e-01 1.047426e+01 3.018043e-03 9.999941e-01 1.641189e-03 -2.402225e-01 1.096913e-01 -1.962354e-03 9.939637e-01 2.916547e+01
9.941932e-01 1.309914e-03 1.076016e-01 1.094152e+01 -8.939008e-04 9.999919e-01 -3.914355e-03 -2.427046e-01 -1.076058e-01 3.795432e-03 9.941863e-01 2.855087e+01
9.938382e-01 -3.604862e-03 -1.107816e-01 1.150756e+01 3.792186e-03 9.999917e-01 1.480246e-03 -2.441181e-01 1.107754e-01 -1.891238e-03 9.938436e-01 2.770813e+01
9.941587e-01 1.679191e-03 1.079153e-01 1.203925e+01 -1.248404e-03 9.999910e-01 -4.059303e-03 -2.459496e-01 -1.079211e-01 3.900861e-03 9.941517e-01 2.692737e+01
9.938733e-01 -3.775778e-03 -1.104605e-01 1.257035e+01 3.994246e-03 9.999905e-01 1.756549e-03 -2.473251e-01 1.104529e-01 -2.187003e-03 9.938789e-01 2.615608e+01
9.939563e-01 2.903421e-03 1.097375e-01 1.296177e+01 -2.499128e-03 9.999896e-01 -3.821519e-03 -2.506252e-01 -1.097474e-01 3.524166e-03 9.939532e-01 2.578684e+01
9.939249e-01 -3.622991e-03 -1.100004e-01 1.327694e+01 3.884338e-03 9.999901e-01 2.161641e-03 -2.537208e-01 1.099916e-01 -2.575797e-03 9.939291e-01 2.552864e+01
9.939904e-01 2.825046e-03 1.094307e-01 1.362982e+01 -2.389011e-03 9.999887e-01 -4.115457e-03 -2.566627e-01 -1.094411e-01 3.829284e-03 9.939858e-01 2.517361e+01
9.938487e-01 -4.327385e-03 -1.106615e-01 1.409990e+01 4.553778e-03 9.999880e-01 1.793126e-03 -2.593328e-01 1.106524e-01 -2.286034e-03 9.938565e-01 2.460845e+01
9.939510e-01 3.108513e-03 1.097799e-01 1.449480e+01 -2.683223e-03 9.999883e-01 -4.021511e-03 -2.610615e-01 -1.097911e-01 3.702611e-03 9.939477e-01 2.406709e+01
9.938252e-01 -4.591288e-03 -1.108617e-01 1.492294e+01 4.829463e-03 9.999866e-01 1.879924e-03 -2.632171e-01 1.108516e-01 -2.403728e-03 9.938340e-01 2.350865e+01
9.938287e-01 4.047559e-03 1.108520e-01 1.522066e+01 -3.658275e-03 9.999864e-01 -3.714884e-03 -2.658759e-01 -1.108655e-01 3.286421e-03 9.938299e-01 2.325173e+01
9.937439e-01 -5.145442e-03 -1.115637e-01 1.558651e+01 5.373160e-03 9.999840e-01 1.740533e-03 -2.693782e-01 1.115530e-01 -2.329104e-03 9.937557e-01 2.288826e+01
9.939184e-01 3.643799e-03 1.100589e-01 1.615069e+01 -3.158270e-03 9.999845e-01 -4.585517e-03 -2.727547e-01 -1.100738e-01 4.210023e-03 9.939144e-01 2.222515e+01
9.936895e-01 -5.488258e-03 -1.120310e-01 1.669100e+01 5.749562e-03 9.999815e-01 2.009428e-03 -2.758062e-01 1.120180e-01 -2.640888e-03 9.937026e-01 2.154283e+01
9.940199e-01 3.325018e-03 1.091483e-01 1.727668e+01 -2.797169e-03 9.999836e-01 -4.988802e-03 -2.768218e-01 -1.091630e-01 4.653651e-03 9.940129e-01 2.062135e+01
9.938136e-01 -5.196447e-03 -1.109396e-01 1.777383e+01 5.516495e-03 9.999815e-01 2.578089e-03 -2.780346e-01 1.109242e-01 -3.174149e-03 9.938237e-01 1.987802e+01
9.940523e-01 3.443292e-03 1.088496e-01 1.828075e+01 -2.883747e-03 9.999818e-01 -5.297504e-03 -2.794676e-01 -1.088658e-01 4.952089e-03 9.940440e-01 1.909529e+01
9.938448e-01 -5.272294e-03 -1.106556e-01 1.877676e+01 5.625512e-03 9.999800e-01 2.880034e-03 -2.802994e-01 1.106383e-01 -3.484813e-03 9.938545e-01 1.833901e+01
9.939093e-01 4.406735e-03 1.101132e-01 1.911294e+01 -3.883945e-03 9.999801e-01 -4.961760e-03 -2.823167e-01 -1.101329e-01 4.503853e-03 9.939066e-01 1.790937e+01
9.937836e-01 -5.784146e-03 -1.111786e-01 1.950111e+01 6.137839e-03 9.999771e-01 2.839261e-03 -2.837481e-01 1.111597e-01 -3.504020e-03 9.937963e-01 1.734715e+01
