9.999944e-01 -2.090556e-03 -2.605871e-03 4.856893e-01 2.086377e-03 9.999965e-01 -1.605274e-03 -7.683180e-02 2.609217e-03 1.599828e-03 9.999952e-01 1.951342e+00
9.999975e-01 -3.098394e-04 2.228671e-03 1.059344e+00 3.105525e-04 9.999999e-01 -3.196277e-04 -1.622765e-01 -2.228572e-03 3.203192e-04 9.999974e-01 4.128696e+00
9.999952e-01 -2.128612e-03 -2.253625e-03 1.629739e+00 2.124924e-03 9.999964e-01 -1.637705e-03 -2.475782e-01 2.257103e-03 1.632908e-03 9.999960e-01 6.308644e+00
9.999974e-01 -5.420490e-05 2.267923e-03 2.124200e+00 5.461485e-05 1.000000e+00 -1.806901e-04 -3.262152e-01 -2.267913e-03 1.808132e-04 9.999973e-01 8.307357e+00
9.999943e-01 -2.099104e-03 -2.662687e-03 2.605495e+00 2.094779e-03 9.999965e-01 -1.625886e-03 -4.054568e-01 2.666090e-03 1.620299e-03 9.999950e-01 1.030926e+01
9.999982e-01 2.973206e-05 1.918755e-03 3.084897e+00 -2.958971e-05 1.000000e+00 -7.420609e-05 -4.816232e-01 -1.918758e-03 7.414858e-05 9.999981e-01 1.223288e+01
9.999954e-01 -2.027396e-03 -2.248237e-03 3.567106e+00 2.023886e-03 9.999967e-01 -1.562588e-03 -5.549962e-01 2.251397e-03 1.558029e-03 9.999962e-01 1.408557e+01
9.999968e-01 1.308408e-04 2.538896e-03 4.044483e+00 -1.307296e-04 1.000000e+00 -4.398858e-05 -6.264827e-01 -2.538902e-03 4.365560e-05 9.999967e-01 1.588478e+01
9.999969e-01 -1.874073e-03 -1.629980e-03 4.490839e+00 1.871655e-03 9.999971e-01 -1.483367e-03 -6.940411e-01 1.632755e-03 1.480311e-03 9.999975e-01 1.757886e+01
9.999972e-01 2.515156e-04 2.334551e-03 4.900171e+00 -2.516285e-04 1.000000e+00 4.807669e-05 -7.580316e-01 -2.334539e-03 -4.866521e-05 9.999972e-01 1.917059e+01
9.999969e-01 -1.977949e-03 -1.484768e-03 5.336960e+00 1.975598e-03 9.999968e-01 -1.583151e-03 -8.260891e-01 1.487895e-03 1.580212e-03 9.999975e-01 2.086547e+01
9.999952e-01 2.825502e-04 3.072743e-03 5.781090e+00 -2.826806e-04 1.000000e+00 4.201385e-05 -8.943876e-01 -3.072731e-03 -4.288378e-05 9.999952e-01 2.256663e+01
9.999936e-01 -1.990581e-03 -2.984521e-03 6.253521e+00 1.986180e-03 9.999969e-01 -1.476799e-03 -9.610129e-01 2.987451e-03 1.470860e-03 9.999944e-01 2.423417e+01
9.999933e-01 3.852901e-04 3.650156e-03 6.750296e+00 -3.856600e-04 9.999999e-01 1.006308e-04 -1.026253e+00 -3.650117e-03 -1.020396e-04 9.999932e-01 2.586362e+01
9.999946e-01 -2.107526e-03 -2.514945e-03 7.290765e+00 2.103739e-03 9.999967e-01 -1.507466e-03 -1.094072e+00 2.518113e-03 1.502165e-03 9.999956e-01 2.757145e+01
9.999906e-01 4.731846e-04 4.320131e-03 7.760817e+00 -4.735717e-04 9.999999e-01 8.858019e-05 -1.158463e+00 -4.320089e-03 -9.062733e-05 9.999906e-01 2.918227e+01
9.999942e-01 -1.759200e-03 -2.907863e-03 8.130932e+00 1.755371e-03 9.999976e-01 -1.318847e-03 -1.213688e+00 2.910176e-03 1.313733e-03 9.999948e-01 3.053870e+01
9.999920e-01 3.378617e-04 3.973481e-03 8.527036e+00 -3.378309e-04 9.999999e-01 -8.419964e-06 -1.272579e+00 -3.973483e-03 7.075189e-06 9.999920e-01 3.199793e+01
9.999873e-01 -1.947419e-03 -4.643590e-03 9.046211e+00 1.941570e-03 9.999973e-01 -1.263780e-03 -1.336969e+00 4.646040e-03 1.254746e-03 9.999883e-01 3.361585e+01
9.999880e-01 -1.100515e-04 4.894169e-03 9.649275e+00 1.116609e-04 9.999999e-01 -3.285580e-04 -1.414015e+00 -4.894132e-03 3.290979e-04 9.999879e-01 3.557363e+01
9.999981e-01 -1.572269e-03 1.172812e-03 1.007562e+01 1.573894e-03 9.999978e-01 -1.385419e-03 -1.479789e+00 -1.170630e-03 1.387260e-03 9.999983e-01 3.719111e+01
9.999724e-01 5.232975e-04 7.405349e-03 1.037355e+01 -5.226038e-04 9.999999e-01 -9.560160e-05 -1.529258e+00 -7.405396e-03 9.172595e-05 9.999725e-01 3.838962e+01
9.999924e-01 -1.854692e-03 -3.440831e-03 1.074997e+01 1.850087e-03 9.999974e-01 -1.340929e-03 -1.589254e+00 3.443311e-03 1.334550e-03 9.999931e-01 3.984779e+01
9.999843e-01 5.033672e-04 5.584807e-03 1.113090e+01 -5.032820e-04 9.999999e-01 -1.664607e-05 -1.649480e+00 -5.584812e-03 1.383185e-05 9.999843e-01 4.131392e+01
9.999826e-01 -2.101514e-03 -5.511997e-03 1.155660e+01 2.093928e-03 9.999969e-01 -1.381709e-03 -1.713701e+00 5.514886e-03 1.370140e-03 9.999838e-01 4.290149e+01
9.999795e-01 7.823850e-04 6.355501e-03 1.196372e+01 -7.835594e-04 9.999997e-01 1.823162e-04 -1.769777e+00 -6.355354e-03 -1.872959e-04 9.999797e-01 4.427315e+01
9.999894e-01 -1.989779e-03 -4.158820e-03 1.232186e+01 1.983978e-03 9.999971e-01 -1.398574e-03 -1.825546e+00 4.161593e-03 1.390305e-03 9.999903e-01 4.563146e+01
9.999905e-01 -3.291238e-04 4.345686e-03 1.286983e+01 3.320270e-04 9.999997e-01 -6.673454e-04 -1.920193e+00 -4.345462e-03 6.687781e-04 9.999902e-01 4.798011e+01
9.999729e-01 -3.094519e-03 -6.685067e-03 1.364423e+01 3.081705e-03 9.999934e-01 -1.926311e-03 -2.041169e+00 6.690987e-03 1.905653e-03 9.999757e-01 5.097827e+01
9.999760e-01 -1.302073e-04 6.930678e-03 1.439794e+01 1.349378e-04 9.999998e-01 -6.820751e-04 -2.157070e+00 -6.930585e-03 6.829896e-04 9.999757e-01 5.381895e+01
9.999763e-01 -2.506002e-03 -6.413837e-03 1.501919e+01 2.496759e-03 9.999958e-01 -1.448672e-03 -2.250617e+00 6.417444e-03 1.432620e-03 9.999783e-01 5.612228e+01
9.999773e-01 6.436030e-04 6.700473e-03 1.552525e+01 -6.425519e-04 9.999998e-01 -1.590103e-04 -2.322007e+00 -6.700571e-03 1.546966e-04 9.999774e-01 5.790693e+01
9.999752e-01 -2.120902e-03 -6.715113e-03 1.604083e+01 2.114909e-03 9.999974e-01 -8.994976e-04 -2.379565e+00 6.717006e-03 8.852686e-04 9.999769e-01 5.935642e+01
9.999771e-01 8.544587e-04 6.707950e-03 1.654289e+01 -8.547184e-04 9.999996e-01 3.586205e-05 -2.431254e+00 -6.707914e-03 -4.159956e-05 9.999774e-01 6.065037e+01
9.999784e-01 -2.449529e-03 -6.101000e-03 1.702976e+01 2.441608e-03 9.999962e-01 -1.305388e-03 -2.495559e+00 6.104177e-03 1.290458e-03 9.999804e-01 6.227591e+01
9.999895e-01 9.639596e-04 4.470927e-03 1.748775e+01 -9.645540e-04 9.999995e-01 1.307938e-04 -2.553944e+00 -4.470796e-03 -1.351100e-04 9.999899e-01 6.371604e+01
9.999903e-01 -2.418990e-03 -3.685807e-03 1.789636e+01 2.413770e-03 9.999961e-01 -1.420086e-03 -2.614088e+00 3.689231e-03 1.411170e-03 9.999921e-01 6.520853e+01
9.999946e-01 9.514476e-04 3.136210e-03 1.835191e+01 -9.520603e-04 9.999995e-01 1.939231e-04 -2.673767e+00 -3.136022e-03 -1.969134e-04 9.999950e-01 6.669291e+01
9.999959e-01 -2.319518e-03 -1.679584e-03 1.879670e+01 2.317421e-03 9.999965e-01 -1.249535e-03 -2.731206e+00 1.682480e-03 1.245632e-03 9.999977e-01 6.810830e+01
9.999991e-01 3.416854e-04 1.279612e-03 1.928897e+01 -3.411403e-04 9.999999e-01 -4.261127e-04 -2.808396e+00 -1.279754e-03 4.256701e-04 9.999990e-01 6.998772e+01
9.999808e-01 -3.285426e-03 -5.258369e-03 1.998068e+01 3.276638e-03 9.999932e-01 -1.679166e-03 -2.913370e+00 5.263852e-03 1.661898e-03 9.999847e-01 7.260656e+01
9.999951e-01 6.033158e-04 3.060245e-03 2.064003e+01 -6.025673e-04 9.999998e-01 -2.454800e-04 -3.005640e+00 -3.060390e-03 2.436287e-04 9.999952e-01 7.486092e+01
9.999675e-01 -3.789402e-03 -7.112814e-03 2.151674e+01 3.776413e-03 9.999912e-01 -1.838636e-03 -3.117481e+00 7.119720e-03 1.811709e-03 9.999729e-01 7.758278e+01
9.999945e-01 9.958545e-05 3.308553e-03 2.250154e+01 -9.845650e-05 9.999999e-01 -3.413687e-04 -3.234981e+00 -3.308585e-03 3.410346e-04 9.999944e-01 8.044212e+01
9.999707e-01 -3.054071e-03 -7.021656e-03 2.321812e+01 3.042273e-03 9.999939e-01 -1.690235e-03 -3.335374e+00 7.026776e-03 1.668816e-03 9.999738e-01 8.291446e+01
9.999961e-01 1.902892e-05 2.774970e-03 2.406222e+01 -1.844738e-05 1.000000e+00 -2.095844e-04 -3.438918e+00 -2.774974e-03 2.095254e-04 9.999960e-01 8.543348e+01
9.999778e-01 -3.002800e-03 -5.948735e-03 2.487066e+01 2.993096e-03 9.999942e-01 -1.639394e-03 -3.536820e+00 5.953624e-03 1.621545e-03 9.999809e-01 8.780331e+01
9.999999e-01 4.097665e-04 -1.558739e-05 2.550047e+01 -4.097657e-04 9.999999e-01 5.219755e-05 -3.624374e+00 1.560840e-05 -5.219843e-05 9.999999e-01 8.997469e+01
9.999898e-01 -2.006263e-03 -4.055800e-03 2.591886e+01 2.002215e-03 9.999975e-01 -1.002029e-03 -3.680899e+00 4.057800e-03 9.938904e-04 9.999912e-01 9.133888e+01
9.999877e-01 1.624342e-03 -4.676420e-03 2.623936e+01 -1.617987e-03 9.999978e-01 1.362327e-03 -3.699936e+00 4.678621e-03 -1.354751e-03 9.999880e-01 9.175508e+01
9.997718e-01 -1.879662e-03 -2.127714e-02 2.652846e+01 1.858399e-03 9.999978e-01 -1.019021e-03 -3.705887e+00 2.127900e-02 9.792403e-04 9.997730e-01 9.187858e+01
9.999816e-01 9.830991e-04 5.978983e-03 2.691926e+01 -9.922001e-04 9.999984e-01 1.519363e-03 -3.727759e+00 -5.977485e-03 -1.525275e-03 9.999809e-01 9.250798e+01
9.996870e-01 -2.088719e-03 -2.492926e-02 2.744778e+01 2.066353e-03 9.999974e-01 -9.228945e-04 -3.756422e+00 2.493111e-02 8.710859e-04 9.996887e-01 9.336289e+01
9.999928e-01 4.084175e-04 -3.778951e-03 2.812805e+01 -4.022289e-04 9.999986e-01 1.638371e-03 -3.788445e+00 3.779604e-03 -1.636847e-03 9.999914e-01 9.436700e+01
9.996391e-01 -2.002887e-03 -2.678872e-02 2.879302e+01 1.979935e-03 9.999976e-01 -8.832452e-04 -3.818003e+00 2.679041e-02 8.298795e-04 9.996406e-01 9.531348e+01
9.999334e-01 2.433249e-06 -1.153908e-02 2.945329e+01 2.057896e-05 9.999980e-01 1.994213e-03 -3.846369e+00 1.153905e-02 -1.994325e-03 9.999313e-01 9.631060e+01
9.990205e-01 -2.226408e-03 -4.419316e-02 3.026836e+01 2.183760e-03 9.999971e-01 -1.013294e-03 -3.871237e+00 4.419526e-02 9.157876e-04 9.990224e-01 9.736741e+01
9.999834e-01 -7.669023e-04 -5.708651e-03 3.127484e+01 7.796610e-04 9.999972e-01 2.233236e-03 -3.909759e+00 5.706895e-03 -2.237656e-03 9.999811e-01 9.872971e+01
9.983078e-01 -2.163404e-03 -5.811033e-02 3.234925e+01 2.122194e-03 9.999975e-01 -7.708491e-04 -3.945830e+00 5.811182e-02 6.462170e-04 9.983098e-01 1.001471e+02
9.999458e-01 -6.373321e-04 -1.039506e-02 3.331102e+01 6.584196e-04 9.999977e-01 2.025433e-03 -3.972411e+00 1.039371e-02 -2.032173e-03 9.999438e-01 1.013364e+02
9.987141e-01 -1.454270e-03 -5.067496e-02 3.411945e+01 1.414023e-03 9.999987e-01 -8.300331e-04 -3.994278e+00 5.067605e-02 7.573044e-04 9.987148e-01 1.023170e+02
9.999642e-01 1.482465e-04 8.462486e-03 3.471107e+01 -1.622089e-04 9.999986e-01 1.649072e-03 -4.013507e+00 -8.462280e-03 -1.650392e-03 9.999627e-01 1.030470e+02
9.992550e-01 -7.672526e-04 -3.858471e-02 3.513162e+01 7.247752e-04 9.999991e-01 -1.114825e-03 -4.025689e+00 3.858548e-02 1.086024e-03 9.992546e-01 1.034454e+02
9.999349e-01 2.977882e-04 1.140862e-02 3.549967e+01 -3.169470e-04 9.999985e-01 1.677408e-03 -4.035796e+00 -1.140816e-02 -1.680920e-03 9.999334e-01 1.037418e+02
9.996096e-01 -8.332848e-04 -2.792649e-02 3.593357e+01 8.001075e-04 9.999990e-01 -1.199123e-03 -4.051594e+00 2.792741e-02 1.176305e-03 9.996092e-01 1.039685e+02
9.999268e-01 7.024221e-04 1.208000e-02 3.628925e+01 -7.240066e-04 9.999981e-01 1.782372e-03 -4.065841e+00 -1.207879e-02 -1.790993e-03 9.999254e-01 1.042584e+02
9.982036e-01 6.556588e-05 -5.991359e-02 3.660152e+01 -1.325780e-04 9.999994e-01 -1.114478e-03 -4.067530e+00 5.991342e-02 1.120414e-03 9.982029e-01 1.039179e+02
9.997158e-01 2.537176e-04 2.383857e-02 3.674053e+01 -3.056317e-04 9.999976e-01 2.174033e-03 -4.070317e+00 -2.383802e-02 -2.180707e-03 9.997134e-01 1.036110e+02
9.980019e-01 3.239276e-04 -6.318289e-02 3.672103e+01 -3.641807e-04 9.999997e-01 -6.255457e-04 -4.071417e+00 6.318261e-02 6.473007e-04 9.980017e-01 1.035047e+02
9.994431e-01 3.049569e-04 3.336682e-02 3.674295e+01 -3.521518e-04 9.999989e-01 1.408495e-03 -4.074648e+00 -3.336642e-02 -1.419466e-03 9.994421e-01 1.034700e+02
9.988762e-01 2.929190e-05 -4.739440e-02 3.675993e+01 -7.070966e-05 9.999996e-01 -8.721804e-04 -4.082611e+00 4.739429e-02 8.745465e-04 9.988758e-01 1.036118e+02
9.988464e-01 -5.413347e-05 4.801939e-02 3.685893e+01 2.538914e-05 9.999998e-01 5.991634e-04 -4.098343e+00 -4.801949e-02 -5.972579e-04 9.988461e-01 1.039308e+02
9.988736e-01 8.514075e-05 -4.744920e-02 3.695885e+01 -1.236202e-04 9.999997e-01 -8.079883e-04 -4.111142e+00 4.744904e-02 8.129389e-04 9.988732e-01 1.041899e+02
9.989152e-01 -1.611406e-04 4.656481e-02 3.720504e+01 1.345637e-04 9.999998e-01 5.738381e-04 -4.132184e+00 -4.656496e-02 -5.669547e-04 9.989150e-01 1.046509e+02
9.989068e-01 -3.512289e-04 -4.674524e-02 3.749235e+01 3.155130e-04 9.999997e-01 -7.713902e-04 -4.156638e+00 4.674542e-02 7.557931e-04 9.989065e-01 1.052247e+02
9.987846e-01 -1.205274e-04 4.928800e-02 3.777676e+01 1.078008e-04 1.000000e+00 2.608237e-04 -4.184211e+00 -4.928810e-02 -2.551984e-04 9.987845e-01 1.058793e+02
9.987647e-01 -1.924249e-04 -4.968979e-02 3.802498e+01 1.688818e-04 9.999999e-01 -4.779608e-04 -4.206089e+00 4.968981e-02 4.689736e-04 9.987645e-01 1.063770e+02
9.987897e-01 -2.322954e-04 4.918395e-02 3.830126e+01 2.215469e-04 1.000000e+00 2.239428e-04 -4.231678e+00 -4.918407e-02 -2.127802e-04 9.987896e-01 1.069722e+02
9.987610e-01 -5.487121e-04 -4.976176e-02 3.868188e+01 5.174169e-04 9.999997e-01 -6.417436e-04 -4.267256e+00 4.976202e-02 6.151958e-04 9.987608e-01 1.078372e+02
9.988389e-01 -3.156462e-04 4.817426e-02 3.919004e+01 3.030585e-04 9.999999e-01 2.685536e-04 -4.310554e+00 -4.817442e-02 -2.536472e-04 9.988388e-01 1.088875e+02
9.987027e-01 -6.688470e-04 -5.091567e-02 3.967676e+01 6.394961e-04 9.999996e-01 -5.927127e-04 -4.351393e+00 5.091598e-02 5.593784e-04 9.987027e-01 1.098972e+02
9.986550e-01 -1.352433e-04 5.184750e-02 4.009508e+01 1.314616e-04 1.000000e+00 7.630821e-05 -4.388684e+00 -5.184758e-02 -6.939464e-05 9.986549e-01 1.108145e+02
9.986436e-01 -7.491829e-04 -5.206051e-02 4.050638e+01 7.269314e-04 9.999996e-01 -4.463138e-04 -4.424435e+00 5.206076e-02 4.078590e-04 9.986437e-01 1.117021e+02
9.986779e-01 2.383019e-04 5.140409e-02 4.082423e+01 -2.413508e-04 1.000000e+00 5.306390e-05 -4.454398e+00 -5.140415e-02 -6.540521e-05 9.986778e-01 1.124064e+02
9.986434e-01 -1.158457e-03 -5.205695e-02 4.125581e+01 1.133447e-03 9.999992e-01 -5.099225e-04 -4.493342e+00 5.205743e-02 4.502218e-04 9.986439e-01 1.133696e+02
9.986688e-01 5.015656e-04 5.157760e-02 4.161736e+01 -5.087080e-04 9.999999e-01 1.253100e-04 -4.525070e+00 -5.157760e-02 -1.513862e-04 9.986689e-01 1.141409e+02
9.986072e-01 -1.169227e-03 -5.274794e-02 4.198918e+01 1.145590e-03 9.999992e-01 -4.783138e-04 -4.557691e+00 5.274839e-02 4.172150e-04 9.986077e-01 1.149307e+02
9.986931e-01 7.106757e-04 5.110400e-02 4.229873e+01 -7.232993e-04 9.999997e-01 2.284796e-04 -4.583618e+00 -5.110390e-02 -2.651496e-04 9.986932e-01 1.155419e+02
9.985419e-01 -7.637137e-04 -5.397562e-02 4.253213e+01 7.498950e-04 9.999997e-01 -2.762335e-04 -4.602804e+00 5.397574e-02 2.353495e-04 9.985421e-01 1.159538e+02
9.987203e-01 7.901991e-04 5.056731e-02 4.273070e+01 -8.081683e-04 9.999996e-01 3.348630e-04 -4.618980e+00 -5.056709e-02 -3.753064e-04 9.987205e-01 1.162832e+02
9.986965e-01 -8.323856e-04 -5.103603e-02 4.290586e+01 8.163966e-04 9.999996e-01 -3.340967e-04 -4.635024e+00 5.103621e-02 2.919905e-04 9.986967e-01 1.166093e+02
9.984920e-01 7.936415e-04 5.489079e-02 4.302509e+01 -7.881197e-04 9.999997e-01 -1.222824e-04 -4.649780e+00 -5.489094e-02 7.883239e-05 9.984923e-01 1.169543e+02
9.985090e-01 -9.920538e-04 -5.457840e-02 4.321533e+01 9.840861e-04 9.999995e-01 -1.728254e-04 -4.668788e+00 5.457847e-02 1.188527e-04 9.985094e-01 1.173695e+02
9.985020e-01 7.099666e-04 5.471030e-02 4.342851e+01 -7.048721e-04 9.999997e-01 -1.124555e-04 -4.688968e+00 -5.471044e-02 7.371816e-05 9.985022e-01 1.178245e+02
9.984276e-01 -9.631695e-04 -5.604851e-02 4.367369e+01 9.592794e-04 9.999995e-01 -9.627536e-05 -4.711213e+00 5.604851e-02 4.235262e-05 9.984280e-01 1.183205e+02
9.985182e-01 5.141145e-04 5.441521e-02 4.399453e+01 -5.042623e-04 9.999999e-01 -1.948274e-04 -4.738905e+00 -5.441537e-02 1.670941e-04 9.985183e-01 1.189716e+02
9.984022e-01 -9.189870e-04 -5.649924e-02 4.432715e+01 9.169047e-04 9.999996e-01 -6.274204e-05 -4.766767e+00 5.649921e-02 1.083219e-05 9.984026e-01 1.196287e+02
9.984650e-01 5.714431e-04 5.538379e-02 4.461406e+01 -5.600265e-04 9.999998e-01 -2.216973e-04 -4.791218e+00 -5.538397e-02 1.903354e-04 9.984650e-01 1.202010e+02
9.984088e-01 -9.639922e-04 -5.638135e-02 4.487875e+01 9.634930e-04 9.999995e-01 -3.600300e-05 -4.815123e+00 5.638129e-02 -1.838251e-05 9.984092e-01 1.207508e+02
9.984058e-01 3.715456e-04 5.644204e-02 4.520307e+01 -3.506329e-04 9.999999e-01 -3.804599e-04 -4.845356e+00 -5.644225e-02 3.600578e-04 9.984057e-01 1.214737e+02
9.984075e-01 -1.121226e-03 -5.640132e-02 4.556772e+01 1.114322e-03 9.999994e-01 -1.538198e-04 -4.882435e+00 5.640139e-02 9.072045e-05 9.984081e-01 1.223744e+02
9.984092e-01 2.105293e-04 5.638280e-02 4.596875e+01 -1.798385e-04 9.999998e-01 -5.494417e-04 -4.924707e+00 -5.638298e-02 5.384227e-04 9.984090e-01 1.234116e+02
9.983752e-01 -1.230629e-03 -5.696853e-02 4.640426e+01 1.227953e-03 9.999992e-01 -8.194218e-05 -4.968308e+00 5.696852e-02 1.184911e-05 9.983759e-01 1.244850e+02
9.983415e-01 3.124952e-04 5.756887e-02 4.677045e+01 -2.748049e-04 9.999997e-01 -6.626552e-04 -5.009678e+00 -5.756913e-02 6.457307e-04 9.983412e-01 1.255093e+02
9.984342e-01 -1.113127e-03 -5.592776e-02 4.705311e+01 1.102816e-03 9.999994e-01 -2.152029e-04 -5.051635e+00 5.592790e-02 1.531826e-04 9.984347e-01 1.265032e+02
9.983047e-01 2.391072e-04 5.820409e-02 4.736535e+01 -1.885656e-04 9.999996e-01 -8.738824e-04 -5.098608e+00 -5.820435e-02 8.614203e-04 9.983042e-01 1.276212e+02
9.984313e-01 -1.153424e-03 -5.597810e-02 4.769823e+01 1.152718e-03 9.999993e-01 -4.487529e-05 -5.143579e+00 5.597804e-02 -1.972746e-05 9.984319e-01 1.287026e+02
9.982921e-01 3.908902e-04 5.841843e-02 4.799097e+01 -3.367958e-04 9.999995e-01 -9.358666e-04 -5.186672e+00 -5.841884e-02 9.145877e-04 9.982917e-01 1.297292e+02
9.983776e-01 -1.339288e-03 -5.692482e-02 4.830501e+01 1.336996e-03 9.999991e-01 -7.830709e-05 -5.233969e+00 5.692481e-02 2.066261e-06 9.983784e-01 1.308676e+02
9.983492e-01 2.971577e-04 5.743462e-02 4.870126e+01 -2.402636e-04 9.999995e-01 -9.975331e-04 -5.284970e+00 -5.743495e-02 9.820815e-04 9.983487e-01 1.321093e+02
9.984037e-01 -1.431685e-03 -5.646302e-02 4.911838e+01 1.433027e-03 9.999990e-01 -1.668287e-05 -5.336708e+00 5.646291e-02 -6.426239e-05 9.984046e-01 1.333756e+02
9.983572e-01 2.794922e-04 5.729519e-02 4.956837e+01 -2.171209e-04 9.999994e-01 -1.094861e-03 -5.390791e+00 -5.729553e-02 1.080617e-03 9.983566e-01 1.347065e+02
9.984039e-01 -1.312732e-03 -5.646076e-02 4.993828e+01 1.329062e-03 9.999991e-01 2.517228e-04 -5.436595e+00 5.646031e-02 -3.263667e-04 9.984047e-01 1.358270e+02
9.984040e-01 6.002252e-04 5.647101e-02 5.022419e+01 -5.400015e-04 9.999993e-01 -1.081750e-03 -5.476380e+00 -5.647169e-02 1.049524e-03 9.984036e-01 1.367666e+02
9.984706e-01 -1.448498e-03 -5.526666e-02 5.053790e+01 1.461895e-03 9.999989e-01 2.020213e-04 -5.519713e+00 5.526624e-02 -2.825121e-04 9.984715e-01 1.378001e+02
9.984164e-01 5.598269e-04 5.625328e-02 5.089643e+01 -4.961615e-04 9.999992e-01 -1.145766e-03 -5.565238e+00 -5.625395e-02 1.116035e-03 9.984158e-01 1.388995e+02
9.984601e-01 -1.592361e-03 -5.545202e-02 5.127684e+01 1.604189e-03 9.999987e-01 1.688285e-04 -5.614035e+00 5.545161e-02 -2.575299e-04 9.984613e-01 1.400841e+02
9.983716e-01 6.200447e-04 5.704101e-02 5.164513e+01 -5.494890e-04 9.999991e-01 -1.252649e-03 -5.663245e+00 -5.704180e-02 1.219260e-03 9.983710e-01 1.412758e+02
9.984476e-01 -1.650293e-03 -5.567467e-02 5.200254e+01 1.665673e-03 9.999986e-01 2.298954e-04 -5.712055e+00 5.567414e-02 -3.222802e-04 9.984489e-01 1.424542e+02
9.983428e-01 8.082614e-04 5.754138e-02 5.234599e+01 -7.374271e-04 9.999989e-01 -1.252283e-03 -5.757567e+00 -5.754240e-02 1.207769e-03 9.983422e-01 1.435478e+02
9.984122e-01 -1.755470e-03 -5.630274e-02 5.270066e+01 1.775833e-03 9.999984e-01 3.116807e-04 -5.803805e+00 5.630203e-02 -4.111761e-04 9.984136e-01 1.446642e+02
9.983962e-01 7.911332e-04 5.660754e-02 5.309281e+01 -7.187201e-04 9.999989e-01 -1.299605e-03 -5.851608e+00 -5.660857e-02 1.256830e-03 9.983956e-01 1.458269e+02
9.984148e-01 -2.044671e-03 -5.624746e-02 5.350846e+01 2.055705e-03 9.999979e-01 1.383597e-04 -5.906897e+00 5.624699e-02 -2.537747e-04 9.984168e-01 1.471956e+02
9.983988e-01 7.849221e-04 5.656082e-02 5.391162e+01 -7.057991e-04 9.999987e-01 -1.418910e-03 -5.963371e+00 -5.656193e-02 1.376711e-03 9.983981e-01 1.485926e+02
9.983898e-01 -2.013134e-03 -5.668963e-02 5.428263e+01 2.032674e-03 9.999979e-01 2.870622e-04 -6.016443e+00 5.668886e-02 -4.018378e-04 9.983917e-01 1.498939e+02
9.983890e-01 9.937759e-04 5.673003e-02 5.463969e+01 -9.179651e-04 9.999987e-01 -1.362433e-03 -6.064836e+00 -5.673138e-02 1.308156e-03 9.983885e-01 1.510735e+02
9.983632e-01 -2.168368e-03 -5.715124e-02 5.504157e+01 2.188008e-03 9.999976e-01 2.811140e-04 -6.117420e+00 5.715042e-02 -4.057075e-04 9.983654e-01 1.523620e+02
9.983297e-01 9.847596e-04 5.776553e-02 5.545469e+01 -9.002055e-04 9.999985e-01 -1.489796e-03 -6.171477e+00 -5.776698e-02 1.435300e-03 9.983290e-01 1.536967e+02
9.983764e-01 -2.353547e-03 -5.691269e-02 5.587066e+01 2.369919e-03 9.999972e-01 2.202138e-04 -6.229651e+00 5.691194e-02 -3.547412e-04 9.983791e-01 1.551354e+02
9.983861e-01 8.715430e-04 5.678314e-02 5.630384e+01 -7.782135e-04 9.999983e-01 -1.665753e-03 -6.292437e+00 -5.678456e-02 1.618869e-03 9.983851e-01 1.566994e+02
9.983792e-01 -2.615698e-03 -5.685227e-02 5.674291e+01 2.627332e-03 9.999965e-01 1.299296e-04 -6.360967e+00 5.685167e-02 -2.790953e-04 9.983825e-01 1.584123e+02
9.983837e-01 9.252353e-04 5.682513e-02 5.718542e+01 -8.233671e-04 9.999980e-01 -1.816097e-03 -6.431206e+00 -5.682676e-02 1.766367e-03 9.983824e-01 1.601647e+02
9.983692e-01 -2.594597e-03 -5.702727e-02 5.763245e+01 2.619139e-03 9.999965e-01 3.556502e-04 -6.497119e+00 5.702608e-02 -5.044392e-04 9.983725e-01 1.618062e+02
9.983736e-01 1.019700e-03 5.700160e-02 5.809737e+01 -9.131481e-04 9.999978e-01 -1.895345e-03 -6.563004e+00 -5.700347e-02 1.840205e-03 9.983722e-01 1.634510e+02
9.983462e-01 -2.974770e-03 -5.741074e-02 5.859904e+01 2.993554e-03 9.999955e-01 2.412338e-04 -6.637815e+00 5.740970e-02 -4.127038e-04 9.983505e-01 1.653395e+02
9.984073e-01 8.660340e-04 5.641025e-02 5.913165e+01 -7.445543e-04 9.999974e-01 -2.174537e-03 -6.719061e+00 -5.641205e-02 2.129066e-03 9.984052e-01 1.674010e+02
9.983524e-01 -2.966173e-03 -5.730281e-02 5.964663e+01 2.996273e-03 9.999954e-01 4.394274e-04 -6.796637e+00 5.730117e-02 -6.104053e-04 9.983567e-01 1.693635e+02
9.983786e-01 1.132394e-03 5.691035e-02 6.013729e+01 -1.009313e-03 9.999971e-01 -2.191467e-03 -6.869892e+00 -5.691274e-02 2.130466e-03 9.983768e-01 1.712116e+02
9.983567e-01 -3.088956e-03 -5.722214e-02 6.062363e+01 3.122468e-03 9.999950e-01 4.962869e-04 -6.944508e+00 5.722025e-02 -6.741527e-04 9.983613e-01 1.730934e+02
9.983503e-01 1.318620e-03 5.740129e-02 6.109272e+01 -1.189588e-03 9.999967e-01 -2.282070e-03 -7.017102e+00 -5.740418e-02 2.210015e-03 9.983485e-01 1.749196e+02
9.983458e-01 -3.346536e-03 -5.739714e-02 6.158400e+01 3.379792e-03 9.999942e-01 4.823833e-04 -7.094470e+00 5.739512e-02 -6.755830e-04 9.983512e-01 1.768712e+02
9.983158e-01 1.395617e-03 5.799636e-02 6.208242e+01 -1.254875e-03 9.999962e-01 -2.463148e-03 -7.172710e+00 -5.799965e-02 2.386214e-03 9.983137e-01 1.788431e+02
9.983785e-01 -2.781130e-03 -5.685656e-02 6.248343e+01 2.847308e-03 9.999954e-01 1.083021e-03 -7.231756e+00 5.685321e-02 -1.243161e-03 9.983817e-01 1.802956e+02
9.984340e-01 1.854873e-03 5.591160e-02 6.282049e+01 -1.737556e-03 9.999962e-01 -2.146862e-03 -7.278636e+00 -5.591543e-02 2.046343e-03 9.984333e-01 1.814262e+02
9.983722e-01 -2.803499e-03 -5.696483e-02 6.317232e+01 2.876724e-03 9.999951e-01 1.203530e-03 -7.324432e+00 5.696110e-02 -1.365451e-03 9.983754e-01 1.825321e+02
9.983877e-01 1.833979e-03 5.673281e-02 6.352765e+01 -1.704601e-03 9.999958e-01 -2.328848e-03 -7.373296e+00 -5.673691e-02 2.228379e-03 9.983866e-01 1.837150e+02
9.983990e-01 -2.759783e-03 -5.649520e-02 6.383531e+01 2.836519e-03 9.999952e-01 1.278177e-03 -7.420099e+00 5.649133e-02 -1.436388e-03 9.984020e-01 1.848447e+02
9.984606e-01 1.813440e-03 5.543497e-02 6.415149e+01 -1.683750e-03 9.999957e-01 -2.386167e-03 -7.467865e+00 -5.543913e-02 2.289148e-03 9.984594e-01 1.860013e+02
9.984754e-01 -2.751595e-03 -5.512994e-02 6.451026e+01 2.827036e-03 9.999952e-01 1.290531e-03 -7.516995e+00 5.512605e-02 -1.444425e-03 9.984783e-01 1.871841e+02
9.983809e-01 1.629003e-03 5.685886e-02 6.494376e+01 -1.484486e-03 9.999956e-01 -2.583885e-03 -7.573740e+00 -5.686289e-02 2.495287e-03 9.983788e-01 1.885811e+02
9.984492e-01 -2.706385e-03 -5.560416e-02 6.545664e+01 2.790994e-03 9.999951e-01 1.444082e-03 -7.629798e+00 5.559991e-02 -1.597041e-03 9.984518e-01 1.899575e+02
9.984891e-01 9.609381e-04 5.494088e-02 6.620163e+01 -8.161503e-04 9.999961e-01 -2.657775e-03 -7.700987e+00 -5.494329e-02 2.608912e-03 9.984860e-01 1.917724e+02
9.985037e-01 -2.228812e-03 -5.463930e-02 6.675942e+01 2.337905e-03 9.999954e-01 1.932815e-03 -7.752439e+00 5.463467e-02 -2.057672e-03 9.985042e-01 1.930832e+02
9.986269e-01 1.041516e-03 5.237462e-02 6.734596e+01 -8.961239e-04 9.999957e-01 -2.799481e-03 -7.808858e+00 -5.237738e-02 2.748695e-03 9.986235e-01 1.945079e+02
9.985486e-01 -2.362534e-03 -5.380557e-02 6.790418e+01 2.479839e-03 9.999947e-01 2.113568e-03 -7.860377e+00 5.380022e-02 -2.243938e-03 9.985491e-01 1.958044e+02
9.986676e-01 1.479459e-03 5.158328e-02 6.837490e+01 -1.333206e-03 9.999950e-01 -2.869633e-03 -7.907717e+00 -5.158733e-02 2.797030e-03 9.986645e-01 1.969759e+02
9.985881e-01 -2.703031e-03 -5.305112e-02 6.889033e+01 2.818718e-03 9.999938e-01 2.106021e-03 -7.958677e+00 5.304503e-02 -2.252592e-03 9.985895e-01 1.982547e+02
9.986200e-01 2.056389e-03 5.247779e-02 6.925035e+01 -1.916195e-03 9.999945e-01 -2.721716e-03 -7.994899e+00 -5.248316e-02 2.617395e-03 9.986183e-01 1.991379e+02
9.985724e-01 -2.818541e-03 -5.334074e-02 6.962568e+01 2.931340e-03 9.999936e-01 2.036611e-03 -8.035042e+00 5.333459e-02 -2.190071e-03 9.985742e-01 2.001170e+02
9.986457e-01 1.928531e-03 5.199033e-02 7.005680e+01 -1.783513e-03 9.999944e-01 -2.835643e-03 -8.080105e+00 -5.199558e-02 2.739070e-03 9.986435e-01 2.012255e+02
9.985952e-01 -2.697713e-03 -5.291900e-02 7.045472e+01 2.820621e-03 9.999935e-01 2.248070e-03 -8.119546e+00 5.291252e-02 -2.394185e-03 9.985962e-01 2.021970e+02
9.986710e-01 2.116003e-03 5.149402e-02 7.083679e+01 -1.972342e-03 9.999940e-01 -2.840568e-03 -8.156230e+00 -5.149979e-02 2.735222e-03 9.986692e-01 2.030794e+02
9.986169e-01 -2.873885e-03 -5.249785e-02 7.128497e+01 2.999970e-03 9.999928e-01 2.323128e-03 -8.195254e+00 5.249072e-02 -2.477415e-03 9.986183e-01 2.040452e+02
9.986762e-01 2.028413e-03 5.139685e-02 7.173595e+01 -1.876164e-03 9.999937e-01 -3.010376e-03 -8.238324e+00 -5.140271e-02 2.909954e-03 9.986737e-01 2.051128e+02
9.986277e-01 -2.904293e-03 -5.229065e-02 7.215915e+01 3.031148e-03 9.999927e-01 2.346877e-03 -8.280738e+00 5.228338e-02 -2.502165e-03 9.986291e-01 2.061653e+02
9.986763e-01 2.166899e-03 5.139017e-02 7.252362e+01 -2.007762e-03 9.999930e-01 -3.148128e-03 -8.321932e+00 -5.139671e-02 3.040773e-03 9.986736e-01 2.071641e+02
9.986502e-01 -2.929412e-03 -5.185779e-02 7.289167e+01 3.057716e-03 9.999925e-01 2.395049e-03 -8.362992e+00 5.185031e-02 -2.550390e-03 9.986515e-01 2.081634e+02
9.986952e-01 2.210026e-03 5.101961e-02 7.326774e+01 -2.052156e-03 9.999929e-01 -3.146534e-03 -8.403438e+00 -5.102627e-02 3.037720e-03 9.986926e-01 2.091470e+02
9.986449e-01 -3.061610e-03 -5.195219e-02 7.367513e+01 3.190720e-03 9.999920e-01 2.402481e-03 -8.446790e+00 5.194435e-02 -2.564999e-03 9.986466e-01 2.102155e+02
9.986977e-01 2.045275e-03 5.097702e-02 7.411181e+01 -1.875839e-03 9.999926e-01 -3.371463e-03 -8.496227e+00 -5.098361e-02 3.271440e-03 9.986940e-01 2.114403e+02
9.986390e-01 -3.132098e-03 -5.206100e-02 7.455411e+01 3.260909e-03 9.999918e-01 2.389531e-03 -8.547300e+00 5.205302e-02 -2.556053e-03 9.986410e-01 2.126990e+02
9.987802e-01 1.694711e-03 4.934758e-02 7.519068e+01 -1.520756e-03 9.999925e-01 -3.562510e-03 -8.612854e+00 -4.935332e-02 3.483111e-03 9.987752e-01 2.143508e+02
9.984510e-01 -3.977306e-03 -5.549524e-02 7.617211e+01 4.116153e-03 9.999887e-01 2.387960e-03 -8.699759e+00 5.548504e-02 -2.612696e-03 9.984560e-01 2.165776e+02
9.985904e-01 1.752422e-03 5.304795e-02 7.698962e+01 -1.553175e-03 9.999916e-01 -3.797039e-03 -8.780878e+00 -5.305423e-02 3.709286e-03 9.985847e-01 2.186770e+02
9.983826e-01 -3.520939e-03 -5.674233e-02 7.765382e+01 3.661619e-03 9.999905e-01 2.375560e-03 -8.856582e+00 5.673335e-02 -2.579495e-03 9.983859e-01 2.205858e+02
9.986694e-01 1.251834e-03 5.155455e-02 7.855368e+01 -1.052184e-03 9.999918e-01 -3.899634e-03 -8.943984e+00 -5.155909e-02 3.840192e-03 9.986625e-01 2.228088e+02
9.984078e-01 -3.633435e-03 -5.629048e-02 7.948739e+01 3.781419e-03 9.999897e-01 2.522707e-03 -9.032554e+00 5.628066e-02 -2.731557e-03 9.984112e-01 2.250659e+02
9.986645e-01 1.205100e-03 5.165031e-02 8.043135e+01 -9.983315e-04 9.999914e-01 -4.028921e-03 -9.122517e+00 -5.165479e-02 3.971969e-03 9.986570e-01 2.273839e+02
9.984944e-01 -2.649704e-03 -5.479027e-02 8.104546e+01 2.825546e-03 9.999911e-01 3.132215e-03 -9.182419e+00 5.478141e-02 -3.282319e-03 9.984929e-01 2.288983e+02
9.986940e-01 1.217072e-03 5.107656e-02 8.168575e+01 -1.012345e-03 9.999914e-01 -4.033985e-03 -9.242386e+00 -5.108110e-02 3.977001e-03 9.986865e-01 2.304223e+02
9.986003e-01 -2.837906e-03 -5.281522e-02 8.228115e+01 2.989626e-03 9.999916e-01 2.793935e-03 -9.309469e+00 5.280677e-02 -2.947930e-03 9.986003e-01 2.321145e+02
9.987146e-01 1.546050e-03 5.066199e-02 8.284524e+01 -1.352089e-03 9.999916e-01 -3.862642e-03 -9.367871e+00 -5.066761e-02 3.789170e-03 9.987083e-01 2.335725e+02
9.985892e-01 -2.292299e-03 -5.305062e-02 8.330214e+01 2.475042e-03 9.999912e-01 3.379334e-03 -9.408028e+00 5.304234e-02 -3.505878e-03 9.985860e-01 2.345544e+02
9.988057e-01 1.319838e-03 4.884013e-02 8.393597e+01 -1.128411e-03 9.999916e-01 -3.946898e-03 -9.458835e+00 -4.884500e-02 3.887064e-03 9.987987e-01 2.358168e+02
9.986290e-01 -2.966751e-03 -5.226101e-02 8.477034e+01 3.129462e-03 9.999905e-01 3.031944e-03 -9.529498e+00 5.225144e-02 -3.191344e-03 9.986288e-01 2.376154e+02
9.987459e-01 1.151259e-03 5.005221e-02 8.563991e+01 -9.475579e-04 9.999912e-01 -4.093387e-03 -9.604720e+00 -5.005655e-02 4.040818e-03 9.987381e-01 2.395584e+02
9.985505e-01 -2.336774e-03 -5.377257e-02 8.633724e+01 2.524017e-03 9.999910e-01 3.414558e-03 -9.663356e+00 5.376403e-02 -3.545339e-03 9.985473e-01 2.410319e+02
9.985692e-01 9.420478e-04 5.346646e-02 8.697318e+01 -7.113070e-04 9.999904e-01 -4.334552e-03 -9.722395e+00 -5.347010e-02 4.290311e-03 9.985602e-01 2.425445e+02
9.985092e-01 -1.767877e-03 -5.455462e-02 8.747222e+01 1.976117e-03 9.999910e-01 3.763459e-03 -9.766546e+00 5.454740e-02 -3.865663e-03 9.985036e-01 2.436394e+02
9.985203e-01 1.035763e-03 5.436947e-02 8.796192e+01 -7.981825e-04 9.999900e-01 -4.391345e-03 -9.808981e+00 -5.437355e-02 4.341443e-03 9.985111e-01 2.446956e+02
9.984751e-01 -1.902754e-03 -5.517080e-02 8.850549e+01 2.118821e-03 9.999903e-01 3.858168e-03 -9.854395e+00 5.516285e-02 -3.969190e-03 9.984694e-01 2.458352e+02
9.983674e-01 1.078501e-03 5.710784e-02 8.905527e+01 -8.099082e-04 9.999885e-01 -4.726257e-03 -9.902415e+00 -5.711236e-02 4.672281e-03 9.983567e-01 2.470421e+02
9.983438e-01 -2.107083e-03 -5.749044e-02 8.962348e+01 2.342531e-03 9.999891e-01 4.028410e-03 -9.952627e+00 5.748125e-02 -4.156419e-03 9.983378e-01 2.483146e+02
9.982693e-01 9.998343e-04 5.879866e-02 9.023414e+01 -7.071856e-04 9.999873e-01 -4.997795e-03 -1.000862e+01 -5.880298e-02 4.947556e-03 9.982573e-01 2.497387e+02
9.983340e-01 -2.066851e-03 -5.766253e-02 9.068956e+01 2.295540e-03 9.999898e-01 3.900098e-03 -1.006428e+01 5.765381e-02 -4.025976e-03 9.983284e-01 2.511204e+02
9.983355e-01 9.041871e-04 5.766617e-02 9.116623e+01 -6.021624e-04 9.999860e-01 -5.254695e-03 -1.012583e+01 -5.767019e-02 5.211216e-03 9.983220e-01 2.526501e+02
9.983441e-01 -2.255246e-03 -5.747976e-02 9.168240e+01 2.484541e-03 9.999892e-01 3.918063e-03 -1.019047e+01 5.747023e-02 -4.054395e-03 9.983389e-01 2.542599e+02
9.982732e-01 1.259738e-03 5.872750e-02 9.214433e+01 -9.627404e-04 9.999866e-01 -5.085294e-03 -1.024488e+01 -5.873320e-02 5.019966e-03 9.982610e-01 2.556047e+02
9.983521e-01 -2.486841e-03 -5.733124e-02 9.264114e+01 2.710040e-03 9.999890e-01 3.815788e-03 -1.030555e+01 5.732105e-02 -3.964878e-03 9.983478e-01 2.571067e+02
9.982175e-01 1.656926e-03 5.965720e-02 9.304808e+01 -1.363427e-03 9.999868e-01 -4.960202e-03 -1.035540e+01 -5.966470e-02 4.870014e-03 9.982065e-01 2.583280e+02
9.982501e-01 -2.328134e-03 -5.908674e-02 9.343062e+01 2.576220e-03 9.999882e-01 4.122916e-03 -1.039901e+01 5.907637e-02 -4.267930e-03 9.982443e-01 2.593888e+02
9.982162e-01 1.543596e-03 5.968206e-02 9.385295e+01 -1.240527e-03 9.999861e-01 -5.114841e-03 -1.044765e+01 -5.968920e-02 5.031671e-03 9.982042e-01 2.605876e+02
9.982818e-01 -2.466089e-03 -5.854326e-02 9.428774e+01 2.709627e-03 9.999880e-01 4.081009e-03 -1.049862e+01 5.853242e-02 -4.232636e-03 9.982764e-01 2.618392e+02
9.978829e-01 1.696476e-03 6.501397e-02 9.477179e+01 -1.337086e-03 9.999836e-01 -5.571061e-03 -1.055476e+01 -6.502242e-02 5.472329e-03 9.978687e-01 2.632294e+02
9.980948e-01 -3.565681e-03 -6.159616e-02 9.550772e+01 3.798938e-03 9.999860e-01 3.670241e-03 -1.064146e+01 6.158214e-02 -3.897257e-03 9.980943e-01 2.654071e+02
9.971504e-01 2.413346e-03 7.540033e-02 9.607458e+01 -1.975906e-03 9.999808e-01 -5.875678e-03 -1.070837e+01 -7.541314e-02 5.709942e-03 9.971359e-01 2.671294e+02
9.973192e-01 -4.069609e-03 -7.306073e-02 9.683013e+01 4.378548e-03 9.999821e-01 4.068906e-03 -1.079227e+01 7.304279e-02 -4.377907e-03 9.973191e-01 2.692399e+02
9.968842e-01 2.681394e-03 7.883299e-02 9.756390e+01 -2.216770e-03 9.999797e-01 -5.980755e-03 -1.086870e+01 -7.884750e-02 5.787357e-03 9.968698e-01 2.711790e+02
9.970223e-01 -4.803179e-03 -7.696399e-02 9.846143e+01 5.132951e-03 9.999785e-01 4.087558e-03 -1.096216e+01 7.694262e-02 -4.470448e-03 9.970254e-01 2.735732e+02
9.969195e-01 2.927946e-03 7.837614e-02 9.930171e+01 -2.452752e-03 9.999780e-01 -6.158633e-03 -1.105300e+01 -7.839253e-02 5.947415e-03 9.969047e-01 2.758830e+02
9.970191e-01 -4.704487e-03 -7.701124e-02 1.000700e+02 5.059363e-03 9.999775e-01 4.413700e-03 -1.113724e+01 7.698867e-02 -4.790180e-03 9.970204e-01 2.780180e+02
9.969929e-01 3.346130e-03 7.742020e-02 1.007212e+02 -2.892077e-03 9.999780e-01 -5.976213e-03 -1.120726e+01 -7.743856e-02 5.734328e-03 9.969806e-01 2.797891e+02
9.969428e-01 -4.494561e-03 -7.800540e-02 1.012970e+02 4.879684e-03 9.999768e-01 4.747261e-03 -1.126870e+01 7.798218e-02 -5.113398e-03 9.969416e-01 2.813369e+02
9.969931e-01 3.426999e-03 7.741446e-02 1.018806e+02 -2.963522e-03 9.999770e-01 -6.101091e-03 -1.133031e+01 -7.743366e-02 5.853317e-03 9.969802e-01 2.828872e+02
9.970453e-01 -4.497174e-03 -7.668428e-02 1.024149e+02 4.882131e-03 9.999764e-01 4.833347e-03 -1.138945e+01 7.666067e-02 -5.193458e-03 9.970436e-01 2.843664e+02
9.968962e-01 3.665906e-03 7.864106e-02 1.029240e+02 -3.185656e-03 9.999755e-01 -6.231502e-03 -1.144649e+01 -7.866205e-02 5.961628e-03 9.968834e-01 2.857856e+02
9.971061e-01 -4.392892e-03 -7.589542e-02 1.033535e+02 4.790008e-03 9.999758e-01 5.051228e-03 -1.149395e+01 7.587132e-02 -5.400160e-03 9.971029e-01 2.869662e+02
9.969817e-01 3.810272e-03 7.754279e-02 1.038339e+02 -3.333638e-03 9.999748e-01 -6.275294e-03 -1.154289e+01 -7.756481e-02 5.997845e-03 9.969692e-01 2.881726e+02
9.975646e-01 -4.714664e-03 -6.958922e-02 1.043887e+02 5.055281e-03 9.999761e-01 4.719443e-03 -1.159803e+01 6.956524e-02 -5.059752e-03 9.975645e-01 2.895701e+02
9.958788e-01 3.996268e-03 9.060595e-02 1.049244e+02 -3.349320e-03 9.999678e-01 -7.291206e-03 -1.165775e+01 -9.063224e-02 6.957679e-03 9.958600e-01 2.911359e+02
9.964937e-01 -4.349257e-03 -8.355414e-02 1.054520e+02 4.853234e-03 9.999712e-01 5.829617e-03 -1.170565e+01 8.352632e-02 -6.214694e-03 9.964861e-01 2.923449e+02
9.966763e-01 4.337351e-03 8.134798e-02 1.059362e+02 -3.803454e-03 9.999702e-01 -6.716989e-03 -1.174102e+01 -8.137476e-02 6.385251e-03 9.966630e-01 2.931688e+02
9.965834e-01 -4.672910e-03 -8.246045e-02 1.063993e+02 5.166581e-03 9.999700e-01 5.774437e-03 -1.178133e+01 8.243093e-02 -6.180756e-03 9.965775e-01 2.941517e+02
9.968150e-01 4.553588e-03 7.961865e-02 1.067389e+02 -4.059415e-03 9.999715e-01 -6.367563e-03 -1.181092e+01 -7.964545e-02 6.024067e-03 9.968050e-01 2.948486e+02
9.967935e-01 -5.207291e-03 -7.984759e-02 1.071983e+02 5.636911e-03 9.999708e-01 5.156084e-03 -1.186065e+01 7.981834e-02 -5.589655e-03 9.967937e-01 2.960635e+02
9.967942e-01 4.804826e-03 7.986364e-02 1.077212e+02 -4.313043e-03 9.999707e-01 -6.329203e-03 -1.190613e+01 -7.989177e-02 5.964448e-03 9.967856e-01 2.971840e+02
9.965395e-01 -4.973264e-03 -8.297117e-02 1.082856e+02 5.449313e-03 9.999700e-01 5.512098e-03 -1.194430e+01 8.294119e-02 -5.945169e-03 9.965366e-01 2.978323e+02
9.968041e-01 4.684094e-03 7.974751e-02 1.087676e+02 -4.200705e-03 9.999718e-01 -6.228234e-03 -1.198063e+01 -7.977450e-02 5.873324e-03 9.967955e-01 2.985214e+02
9.965476e-01 -4.783186e-03 -8.288592e-02 1.092187e+02 5.252459e-03 9.999714e-01 5.444594e-03 -1.201417e+01 8.285743e-02 -5.861161e-03 9.965441e-01 2.991972e+02
9.968250e-01 4.091124e-03 7.951862e-02 1.097560e+02 -3.648647e-03 9.999770e-01 -5.709000e-03 -1.204750e+01 -7.954022e-02 5.400728e-03 9.968169e-01 2.988708e+02
9.963376e-01 -5.723913e-03 -8.531458e-02 1.103895e+02 6.256803e-03 9.999625e-01 5.980142e-03 -1.207842e+01 8.527708e-02 -6.492046e-03 9.963360e-01 2.974861e+02
9.964685e-01 4.290263e-03 8.385715e-02 1.110971e+02 -3.790933e-03 9.999741e-01 -6.112914e-03 -1.212287e+01 -8.388128e-02 5.773420e-03 9.964589e-01 2.972457e+02
9.963633e-01 -5.467877e-03 -8.503031e-02 1.116260e+02 6.026609e-03 9.999619e-01 6.315723e-03 -1.215779e+01 8.499247e-02 -6.805209e-03 9.963583e-01 2.967807e+02
9.967610e-01 4.935040e-03 8.026876e-02 1.121676e+02 -4.389762e-03 9.999661e-01 -6.968256e-03 -1.219842e+01 -8.030050e-02 6.593316e-03 9.967488e-01 2.977267e+02
9.968344e-01 -6.256996e-03 -7.925920e-02 1.127782e+02 6.689538e-03 9.999641e-01 5.193005e-03 -1.226966e+01 7.922379e-02 -5.706783e-03 9.968404e-01 2.995203e+02
9.967605e-01 4.967364e-03 8.027373e-02 1.134099e+02 -4.399340e-03 9.999640e-01 -7.251456e-03 -1.234564e+01 -8.030694e-02 6.874803e-03 9.967464e-01 3.014298e+02
9.967987e-01 -6.138690e-03 -7.971564e-02 1.139595e+02 6.610171e-03 9.999622e-01 5.652038e-03 -1.241029e+01 7.967786e-02 -6.160888e-03 9.968015e-01 3.030548e+02
9.968641e-01 5.374936e-03 7.894952e-02 1.144215e+02 -4.821331e-03 9.999624e-01 -7.201135e-03 -1.246645e+01 -7.898534e-02 6.797901e-03 9.968525e-01 3.044433e+02
9.965344e-01 -5.136411e-03 -8.302241e-02 1.148890e+02 5.696846e-03 9.999625e-01 6.514971e-03 -1.249391e+01 8.298577e-02 -6.965369e-03 9.965263e-01 3.047574e+02
9.969289e-01 4.755389e-03 7.816727e-02 1.153616e+02 -4.233118e-03 9.999676e-01 -6.845847e-03 -1.252443e+01 -7.819737e-02 6.493922e-03 9.969167e-01 3.051346e+02
9.965747e-01 -5.039270e-03 -8.254380e-02 1.159819e+02 5.543935e-03 9.999673e-01 5.885899e-03 -1.256314e+01 8.251137e-02 -6.323365e-03 9.965700e-01 3.059283e+02
9.969196e-01 4.197662e-03 7.831755e-02 1.165221e+02 -3.659768e-03 9.999687e-01 -7.010441e-03 -1.261733e+01 -7.834461e-02 6.702212e-03 9.969037e-01 3.072827e+02
9.965468e-01 -4.286595e-03 -8.292270e-02 1.171976e+02 4.818320e-03 9.999691e-01 6.213291e-03 -1.265524e+01 8.289343e-02 -6.591393e-03 9.965365e-01 3.078137e+02
9.968434e-01 2.804431e-03 7.934297e-02 1.179070e+02 -2.312013e-03 9.999775e-01 -6.297439e-03 -1.269177e+01 -7.935892e-02 6.094110e-03 9.968274e-01 3.071236e+02
9.964395e-01 -3.468345e-03 -8.423939e-02 1.184827e+02 3.987698e-03 9.999741e-01 5.997774e-03 -1.273071e+01 8.421633e-02 -6.312350e-03 9.964274e-01 3.078927e+02
9.968239e-01 3.258204e-03 7.957003e-02 1.190970e+02 -2.722255e-03 9.999729e-01 -6.843165e-03 -1.277045e+01 -7.959025e-02 6.604811e-03 9.968057e-01 3.087680e+02
9.965413e-01 -4.000167e-03 -8.300207e-02 1.196673e+02 4.584090e-03 9.999661e-01 6.845716e-03 -1.280418e+01 8.297179e-02 -7.202538e-03 9.965258e-01 3.090267e+02
9.968365e-01 3.596280e-03 7.939728e-02 1.201201e+02 -2.994038e-03 9.999658e-01 -7.702966e-03 -1.284821e+01 -7.942234e-02 7.440871e-03 9.968132e-01 3.101003e+02
9.967406e-01 -4.074108e-03 -8.056997e-02 1.205995e+02 4.628522e-03 9.999669e-01 6.695639e-03 -1.289630e+01 8.053995e-02 -7.046744e-03 9.967264e-01 3.112744e+02
