9.999986e-01 3.200523e-04 -1.620626e-03 1.804605e-03 -3.202928e-04 9.999999e-01 -1.481543e-04 -2.153314e-02 1.620578e-03 1.486736e-04 9.999986e-01 1.120739e+00
1.000000e+00 -8.017934e-05 1.192941e-05 4.560389e-02 8.017874e-05 1.000000e+00 5.154163e-05 -4.163346e-02 -1.193381e-05 -5.154022e-05 9.999999e-01 2.070194e+00
9.999989e-01 2.918730e-04 -1.436503e-03 1.287991e-01 -2.920587e-04 9.999999e-01 -1.291009e-04 -6.224340e-02 1.436465e-03 1.295207e-04 9.999989e-01 2.965594e+00
9.999981e-01 3.918312e-06 -1.935956e-03 1.300289e-01 -3.831200e-06 1.000000e+00 4.499056e-05 -8.185096e-02 1.935955e-03 -4.498262e-05 9.999980e-01 3.975010e+00
9.999998e-01 2.678574e-04 -5.853899e-04 1.418198e-01 -2.679508e-04 1.000000e+00 -1.595170e-04 -1.016943e-01 5.853461e-04 1.596743e-04 9.999997e-01 4.972846e+00
9.999989e-01 -4.689071e-05 -1.471527e-03 1.666777e-01 4.697529e-05 1.000000e+00 5.743093e-05 -1.206598e-01 1.471523e-03 -5.749957e-05 9.999988e-01 5.878212e+00
1.000000e+00 2.383786e-04 -1.825265e-05 2.113122e-01 -2.383812e-04 1.000000e+00 -1.419555e-04 -1.393360e-01 1.821745e-05 1.419602e-04 9.999999e-01 6.724878e+00
9.999996e-01 -1.787091e-05 -8.733359e-04 2.589515e-01 1.789486e-05 1.000000e+00 2.739027e-05 -1.592777e-01 8.733339e-04 -2.740549e-05 9.999995e-01 7.655014e+00
9.999998e-01 2.952134e-04 -5.951693e-04 2.679862e-01 -2.953113e-04 9.999999e-01 -1.643671e-04 -1.796096e-01 5.951192e-04 1.645432e-04 9.999997e-01 8.685226e+00
9.999999e-01 -4.702427e-06 -4.713107e-04 2.673695e-01 4.707784e-06 1.000000e+00 1.131969e-05 -2.000702e-01 4.713089e-04 -1.132154e-05 9.999998e-01 9.739517e+00
9.999999e-01 2.764483e-04 -2.593718e-04 2.643872e-01 -2.764913e-04 9.999999e-01 -1.658857e-04 -2.196782e-01 2.593241e-04 1.659578e-04 9.999999e-01 1.074204e+01
1.000000e+00 -3.202435e-05 -2.989816e-04 2.691982e-01 3.203147e-05 1.000000e+00 2.373714e-05 -2.387673e-01 2.989790e-04 -2.374638e-05 9.999999e-01 1.169453e+01
9.999998e-01 2.623838e-04 -5.939616e-04 2.965311e-01 -2.624748e-04 1.000000e+00 -1.532366e-04 -2.582038e-01 5.939194e-04 1.533928e-04 9.999997e-01 1.262998e+01
9.999997e-01 -1.457888e-04 7.442883e-04 3.407648e-01 1.457592e-04 1.000000e+00 3.988317e-05 -2.756901e-01 -7.442960e-04 -3.977436e-05 9.999996e-01 1.340666e+01
9.999984e-01 2.595958e-04 1.775587e-03 3.887598e-01 -2.592296e-04 9.999999e-01 -2.064597e-04 -2.937251e-01 -1.775642e-03 2.059994e-04 9.999983e-01 1.421012e+01
1.000000e+00 -1.590505e-04 2.315755e-04 4.238519e-01 1.590369e-04 1.000000e+00 5.884876e-05 -3.103105e-01 -2.315863e-04 -5.881165e-05 9.999999e-01 1.494834e+01
9.999997e-01 2.851162e-04 7.178396e-04 4.373975e-01 -2.849737e-04 9.999999e-01 -1.986523e-04 -3.262879e-01 -7.178976e-04 1.984479e-04 9.999996e-01 1.568713e+01
9.999987e-01 -1.365098e-04 -1.582037e-03 4.366218e-01 1.366254e-04 1.000000e+00 7.293601e-05 -3.422649e-01 1.582026e-03 -7.315181e-05 9.999986e-01 1.645496e+01
9.999999e-01 2.876763e-04 3.934973e-04 4.296532e-01 -2.875998e-04 9.999999e-01 -1.943511e-04 -3.580615e-01 -3.935548e-04 1.942382e-04 9.999998e-01 1.722573e+01
9.999977e-01 -1.267779e-05 -2.142561e-03 4.358970e-01 1.279868e-05 1.000000e+00 5.640375e-05 -3.783945e-01 2.142558e-03 -5.643081e-05 9.999976e-01 1.826151e+01
9.999939e-01 3.151285e-04 3.470361e-03 4.492887e-01 -3.143216e-04 9.999999e-01 -2.330454e-04 -3.994803e-01 -3.470436e-03 2.319534e-04 9.999939e-01 1.931649e+01
9.999981e-01 -2.082799e-04 -1.932237e-03 4.747312e-01 2.084334e-04 1.000000e+00 7.919675e-05 -4.159955e-01 1.932219e-03 -7.959915e-05 9.999980e-01 2.006666e+01
9.999994e-01 3.278372e-04 1.070159e-03 4.913390e-01 -3.276371e-04 9.999999e-01 -1.870652e-04 -4.315263e-01 -1.070222e-03 1.867147e-04 9.999993e-01 2.077491e+01
9.999982e-01 -2.080004e-04 -1.908130e-03 5.200492e-01 2.081762e-04 1.000000e+00 9.191703e-05 -4.476399e-01 1.908109e-03 -9.231392e-05 9.999981e-01 2.149396e+01
9.999993e-01 3.153652e-04 1.134520e-03 5.548528e-01 -3.151497e-04 9.999999e-01 -1.901080e-04 -4.637439e-01 -1.134582e-03 1.897505e-04 9.999992e-01 2.220282e+01
9.999975e-01 -1.070769e-04 -2.251874e-03 5.454656e-01 1.071873e-04 1.000000e+00 4.889053e-05 -4.813222e-01 2.251867e-03 -4.913163e-05 9.999974e-01 2.308902e+01
9.999992e-01 3.481220e-04 1.214736e-03 5.433220e-01 -3.478915e-04 9.999999e-01 -1.899447e-04 -5.002411e-01 -1.214804e-03 1.895221e-04 9.999991e-01 2.404640e+01
9.999974e-01 -1.678557e-04 -2.265254e-03 5.345474e-01 1.679895e-04 1.000000e+00 5.887563e-05 -5.170468e-01 2.265242e-03 -5.925589e-05 9.999973e-01 2.487962e+01
9.999922e-01 -1.676067e-04 3.942139e-03 1.635189e-02 1.677006e-04 1.000000e+00 -2.349232e-05 -4.858579e-01 -3.942136e-03 2.415336e-05 9.999921e-01 2.445359e+01
9.999995e-01 -2.875159e-04 -9.425027e-04 -7.908758e-01 2.875446e-04 1.000000e+00 3.022059e-05 -4.217079e-01 9.424924e-04 -3.049146e-05 9.999995e-01 2.324884e+01
9.999941e-01 -1.788285e-04 3.430331e-03 -1.843274e+00 1.786994e-04 1.000000e+00 3.792311e-05 -3.266026e-01 -3.430339e-03 -3.730975e-05 9.999940e-01 2.131053e+01
9.999991e-01 -2.887303e-04 -1.290379e-03 -2.989006e+00 2.889214e-04 9.999999e-01 1.478620e-04 -2.272664e-01 1.290335e-03 -1.482346e-04 9.999991e-01 1.933991e+01
9.999994e-01 -7.011749e-05 -1.101737e-03 -3.917471e+00 7.034090e-05 1.000000e+00 2.027167e-04 -1.464243e-01 1.101721e-03 -2.027938e-04 9.999993e-01 1.771452e+01
9.999998e-01 -1.539067e-04 -6.494011e-04 -4.471943e+00 1.539331e-04 1.000000e+00 4.049982e-05 -1.015500e-01 6.493933e-04 -4.059956e-05 9.999997e-01 1.685179e+01
9.999946e-01 -2.017292e-04 -3.291550e-03 -5.220618e+00 2.025308e-04 9.999999e-01 2.431814e-04 -2.941492e-02 3.291499e-03 -2.438465e-04 9.999945e-01 1.528962e+01
9.999984e-01 -2.569304e-04 1.780220e-03 -6.241891e+00 2.567924e-04 1.000000e+00 7.779829e-05 6.250477e-02 -1.780242e-03 -7.734074e-05 9.999983e-01 1.341600e+01
9.999983e-01 -2.129097e-04 -1.835330e-03 -7.476570e+00 2.133874e-04 9.999999e-01 2.600854e-04 1.698450e-01 1.835273e-03 -2.604762e-04 9.999982e-01 1.128250e+01
9.999989e-01 -1.563118e-04 -1.495302e-03 -8.284211e+00 1.563974e-04 1.000000e+00 5.710920e-05 2.420398e-01 1.495290e-03 -5.734266e-05 9.999988e-01 9.787723e+00
9.999897e-01 -9.400215e-05 -4.536603e-03 -8.782634e+00 9.525930e-05 1.000000e+00 2.768933e-04 2.852888e-01 4.536574e-03 -2.773223e-04 9.999896e-01 8.892068e+00
9.999945e-01 -1.436313e-04 3.308262e-03 -9.288850e+00 1.435424e-04 1.000000e+00 2.710759e-05 3.177665e-01 -3.308269e-03 -2.663216e-05 9.999944e-01 8.402756e+00
9.999907e-01 2.935024e-04 -4.308141e-03 -9.434579e+00 -2.940423e-04 9.999999e-01 -1.246937e-04 3.067463e-01 4.308101e-03 1.259597e-04 9.999906e-01 9.222848e+00
9.999959e-01 1.319610e-04 2.869090e-03 -9.425947e+00 -1.318297e-04 1.000000e+00 -4.593882e-05 2.815285e-01 -2.869100e-03 4.556077e-05 9.999958e-01 1.056476e+01
9.999901e-01 1.418198e-04 -4.452848e-03 -9.345965e+00 -1.420007e-04 1.000000e+00 -4.032289e-05 2.593003e-01 4.452839e-03 4.095517e-05 9.999900e-01 1.156928e+01
9.999946e-01 2.088380e-04 3.270705e-03 -9.351252e+00 -2.084058e-04 1.000000e+00 -1.324604e-04 2.371690e-01 -3.270736e-03 1.317784e-04 9.999945e-01 1.273870e+01
9.999927e-01 1.066756e-04 -3.820297e-03 -9.357865e+00 -1.068119e-04 1.000000e+00 -3.546530e-05 2.160911e-01 3.820290e-03 3.587343e-05 9.999926e-01 1.383938e+01
9.999987e-01 3.000794e-04 1.577899e-03 -9.378647e+00 -2.998467e-04 9.999999e-01 -1.477020e-04 1.928159e-01 -1.577948e-03 1.472290e-04 9.999986e-01 1.511942e+01
9.999822e-01 -1.032587e-04 -5.957426e-03 -9.402592e+00 1.038152e-04 1.000000e+00 9.310567e-05 1.757014e-01 5.957412e-03 -9.372218e-05 9.999822e-01 1.599771e+01
9.999322e-01 4.736064e-04 -1.163143e-02 -9.575472e+00 -4.662742e-04 9.999997e-01 6.330741e-04 1.925600e-01 1.163172e-02 -6.276074e-04 9.999321e-01 1.561213e+01
9.999953e-01 -3.411124e-04 -3.044272e-03 -1.015302e+01 3.413008e-04 9.999999e-01 6.134484e-05 2.500673e-01 3.044244e-03 -6.238312e-05 9.999953e-01 1.434138e+01
9.999131e-01 5.602851e-04 -1.317304e-02 -1.064050e+01 -5.514557e-04 9.999996e-01 6.738815e-04 3.000643e-01 1.317340e-02 -6.665580e-04 9.999129e-01 1.320926e+01
9.998968e-01 1.425117e-04 -1.436455e-02 -1.102951e+01 -1.360502e-04 9.999999e-01 4.507973e-04 3.450269e-01 1.436460e-02 -4.487959e-04 9.998966e-01 1.211449e+01
9.995603e-01 1.440110e-03 -2.961707e-02 -1.118098e+01 -1.402639e-03 9.999982e-01 1.285905e-03 3.642336e-01 2.961886e-02 -1.243796e-03 9.995604e-01 1.163167e+01
9.997037e-01 8.552056e-04 -2.432769e-02 -1.122200e+01 -8.373810e-04 9.999994e-01 7.428606e-04 3.746383e-01 2.432829e-02 -7.222679e-04 9.997037e-01 1.134314e+01
9.991334e-01 2.012774e-03 -4.157325e-02 -1.115870e+01 -1.939963e-03 9.999965e-01 1.791636e-03 3.806867e-01 4.157668e-02 -1.709432e-03 9.991338e-01 1.110736e+01
9.996004e-01 1.146695e-03 -2.824327e-02 -1.107611e+01 -1.123771e-03 9.999990e-01 8.275203e-04 3.829011e-01 2.824416e-02 -7.954494e-04 9.996006e-01 1.101391e+01
9.996374e-01 1.140714e-03 -2.690097e-02 -1.114949e+01 -1.106126e-03 9.999985e-01 1.300587e-03 3.947246e-01 2.690237e-02 -1.270358e-03 9.996372e-01 1.071386e+01
9.997119e-01 8.667794e-04 -2.398605e-02 -1.129413e+01 -8.487984e-04 9.999994e-01 7.597977e-04 4.133096e-01 2.398665e-02 -7.392178e-04 9.997119e-01 1.025013e+01
9.990344e-01 2.039152e-03 -4.388765e-02 -1.129095e+01 -1.957677e-03 9.999963e-01 1.899340e-03 4.221326e-01 4.389131e-02 -1.811586e-03 9.990346e-01 9.987927e+00
9.996096e-01 1.169444e-03 -2.791669e-02 -1.125746e+01 -1.145135e-03 9.999990e-01 8.867067e-04 4.274379e-01 2.791764e-02 -8.543902e-04 9.996098e-01 9.840341e+00
9.992120e-01 1.827088e-03 -3.964861e-02 -1.123447e+01 -1.760707e-03 9.999970e-01 1.709071e-03 4.344553e-01 3.965155e-02 -1.637913e-03 9.992121e-01 9.627079e+00
9.998416e-01 6.330466e-04 -1.778597e-02 -1.131333e+01 -6.231817e-04 9.999996e-01 5.601339e-04 4.494138e-01 1.778625e-02 -5.489591e-04 9.998416e-01 9.226275e+00
9.993285e-01 1.568555e-03 -3.660695e-02 -1.148730e+01 -1.511936e-03 9.999976e-01 1.574292e-03 4.683777e-01 3.660927e-02 -1.517885e-03 9.993284e-01 8.798689e+00
9.999445e-01 2.820509e-04 -1.053268e-02 -1.169055e+01 -2.797103e-04 9.999999e-01 2.236057e-04 4.886651e-01 1.053267e-02 -2.206449e-04 9.999444e-01 8.362901e+00
9.993278e-01 1.543214e-03 -3.662761e-02 -1.188501e+01 -1.485530e-03 9.999976e-01 1.601999e-03 5.078941e-01 3.662992e-02 -1.546508e-03 9.993276e-01 7.943676e+00
9.998443e-01 -1.010782e-03 1.761555e-02 -1.216299e+01 1.024245e-03 9.999992e-01 -7.552355e-04 5.387883e-01 -1.761485e-02 7.731630e-04 9.998445e-01 7.210102e+00
9.994289e-01 1.253466e-03 -3.376773e-02 -1.234583e+01 -1.209914e-03 9.999984e-01 1.310121e-03 5.571765e-01 3.376924e-02 -1.268514e-03 9.994288e-01 6.761906e+00
9.999068e-01 8.281607e-04 -1.362285e-02 -1.237090e+01 -8.234504e-04 9.999996e-01 3.512790e-04 5.553193e-01 1.362306e-02 -3.400261e-04 9.999071e-01 6.912900e+00
9.994160e-01 1.281579e-03 -3.414509e-02 -1.236923e+01 -1.236816e-03 9.999983e-01 1.332003e-03 5.532579e-01 3.414666e-02 -1.288992e-03 9.994159e-01 7.029372e+00
9.999115e-01 8.146628e-04 -1.328049e-02 -1.235926e+01 -8.098263e-04 9.999996e-01 3.694437e-04 5.509273e-01 1.328070e-02 -3.586537e-04 9.999117e-01 7.146716e+00
9.994225e-01 1.277819e-03 -3.395624e-02 -1.234268e+01 -1.233798e-03 9.999984e-01 1.317304e-03 5.485437e-01 3.395778e-02 -1.274646e-03 9.994224e-01 7.252386e+00
9.999939e-01 3.231468e-04 -3.458663e-03 -1.236795e+01 -3.228886e-04 9.999999e-01 7.476471e-05 5.521324e-01 3.458596e-03 -7.364504e-05 9.999939e-01 7.171330e+00
9.997757e-01 6.117990e-04 -2.117108e-02 -1.242441e+01 -5.943966e-04 9.999995e-01 8.282014e-04 5.572080e-01 2.117148e-02 -8.154292e-04 9.997755e-01 7.044070e+00
9.999900e-01 5.301850e-04 -4.435295e-03 -1.238980e+01 -5.300687e-04 9.999999e-01 2.702550e-05 5.525230e-01 4.435216e-03 -2.467179e-05 9.999901e-01 7.192562e+00
9.998748e-01 -9.178356e-04 1.579389e-02 -1.229102e+01 9.262290e-04 9.999994e-01 -5.240189e-04 5.383143e-01 -1.579349e-02 5.385846e-04 9.998751e-01 7.697133e+00
9.999992e-01 3.468161e-04 -1.210461e-03 -1.217479e+01 -3.469043e-04 9.999999e-01 -7.395453e-05 5.223841e-01 1.210343e-03 7.437681e-05 9.999992e-01 8.272336e+00
9.999882e-01 -4.224648e-04 4.835510e-03 -1.215145e+01 4.230773e-04 9.999999e-01 -1.253182e-04 5.104890e-01 -4.835549e-03 1.273649e-04 9.999882e-01 8.773689e+00
9.999891e-01 5.107962e-04 -4.637038e-03 -1.214233e+01 -5.107683e-04 9.999999e-01 6.846874e-06 4.960032e-01 4.636949e-03 -4.475948e-06 9.999892e-01 9.430930e+00
9.999882e-01 -4.550133e-04 4.821632e-03 -1.212373e+01 4.555718e-04 9.999999e-01 -1.144204e-04 4.819538e-01 -4.821671e-03 1.166181e-04 9.999883e-01 1.004056e+01
9.999912e-01 5.703988e-04 -4.138855e-03 -1.214470e+01 -5.704764e-04 9.999998e-01 -1.795460e-05 4.684036e-01 4.138753e-03 2.031794e-05 9.999914e-01 1.071474e+01
9.999918e-01 -4.301834e-04 4.020893e-03 -1.218790e+01 4.306351e-04 9.999999e-01 -1.110896e-04 4.546323e-01 -4.020936e-03 1.128226e-04 9.999918e-01 1.143909e+01
9.999961e-01 5.641117e-04 -2.728902e-03 -1.217558e+01 -5.642000e-04 9.999998e-01 -3.213702e-05 4.389294e-01 2.728792e-03 3.367888e-05 9.999962e-01 1.216591e+01
9.999945e-01 -4.438126e-04 3.281245e-03 -1.216511e+01 4.441343e-04 9.999999e-01 -9.683315e-05 4.234700e-01 -3.281293e-03 9.829230e-05 9.999945e-01 1.287939e+01
9.999928e-01 5.439553e-04 -3.760208e-03 -1.215781e+01 -5.439859e-04 9.999999e-01 -7.530460e-06 4.087869e-01 3.760112e-03 9.578221e-06 9.999929e-01 1.354789e+01
9.999963e-01 -4.632386e-04 2.668976e-03 -1.214217e+01 4.634468e-04 9.999999e-01 -7.680279e-05 3.943509e-01 -2.669032e-03 7.804178e-05 9.999964e-01 1.418424e+01
9.999924e-01 5.655648e-04 -3.843495e-03 -1.213453e+01 -5.656072e-04 9.999998e-01 -1.032303e-05 3.795765e-01 3.843397e-03 1.249915e-05 9.999925e-01 1.485927e+01
9.999954e-01 -4.398595e-04 3.002293e-03 -1.212652e+01 4.401326e-04 9.999999e-01 -8.979701e-05 3.642507e-01 -3.002345e-03 9.112033e-05 9.999954e-01 1.556835e+01
9.999518e-01 7.795759e-04 -9.788435e-03 -1.210707e+01 -7.771653e-04 9.999997e-01 2.499210e-04 3.497552e-01 9.788535e-03 -2.422995e-04 9.999520e-01 1.619266e+01
9.999771e-01 -1.237701e-04 -6.763995e-03 -1.210468e+01 1.259621e-04 9.999999e-01 3.234097e-04 3.392674e-01 6.763862e-03 -3.242520e-04 9.999770e-01 1.661437e+01
9.997323e-01 1.405183e-03 -2.309123e-02 -1.209046e+01 -1.388177e-03 9.999988e-01 7.524223e-04 3.329412e-01 2.309217e-02 -7.201639e-04 9.997330e-01 1.684683e+01
9.999226e-01 1.362104e-04 -1.243440e-02 -1.204174e+01 -1.298481e-04 9.999999e-01 5.123507e-04 3.270494e-01 1.243437e-02 -5.106942e-04 9.999225e-01 1.702160e+01
9.996207e-01 1.632948e-03 -2.749042e-02 -1.205454e+01 -1.609175e-03 9.999983e-01 8.868020e-04 3.233540e-01 2.749173e-02 -8.422266e-04 9.996216e-01 1.721382e+01
9.999053e-01 1.869393e-04 -1.375951e-02 -1.207312e+01 -1.798184e-04 9.999998e-01 5.186383e-04 3.192426e-01 1.375950e-02 -5.161128e-04 9.999051e-01 1.743925e+01
9.997163e-01 1.477504e-03 -2.377168e-02 -1.207616e+01 -1.459461e-03 9.999986e-01 7.762565e-04 3.136041e-01 2.377269e-02 -7.413403e-04 9.997171e-01 1.769794e+01
9.999021e-01 2.004607e-04 -1.398721e-02 -1.208538e+01 -1.932567e-04 9.999998e-01 5.162614e-04 3.088677e-01 1.398721e-02 -5.135056e-04 9.999020e-01 1.792569e+01
9.998112e-01 1.309098e-03 -1.938458e-02 -1.210139e+01 -1.297499e-03 9.999990e-01 6.108418e-04 3.009755e-01 1.938526e-02 -5.855730e-04 9.998119e-01 1.830937e+01
9.999623e-01 -7.865963e-04 8.639449e-03 -1.209497e+01 7.894981e-04 9.999996e-01 -3.322539e-04 2.868392e-01 -8.639284e-03 3.390643e-04 9.999626e-01 1.895291e+01
9.999446e-01 9.182287e-04 -1.048000e-02 -1.209931e+01 -9.155443e-04 9.999995e-01 2.607735e-04 2.716544e-01 1.048013e-02 -2.511621e-04 9.999450e-01 1.967728e+01
9.999559e-01 -7.726638e-04 9.349911e-03 -1.210792e+01 7.761040e-04 9.999996e-01 -3.641130e-04 2.561983e-01 -9.349725e-03 3.713556e-04 9.999562e-01 2.042680e+01
9.999427e-01 9.307453e-04 -1.066067e-02 -1.212047e+01 -9.280293e-04 9.999995e-01 2.595511e-04 2.404709e-01 1.066081e-02 -2.496409e-04 9.999431e-01 2.120215e+01
9.999462e-01 -7.593433e-04 1.034470e-02 -1.213620e+01 7.633495e-04 9.999996e-01 -3.831522e-04 2.246888e-01 -1.034450e-02 3.910303e-04 9.999464e-01 2.198098e+01
9.999459e-01 8.945681e-04 -1.035500e-02 -1.216578e+01 -8.919033e-04 9.999996e-01 2.617817e-04 2.106244e-01 1.035513e-02 -2.525300e-04 9.999463e-01 2.269389e+01
9.999511e-01 -7.435446e-04 9.857189e-03 -1.218097e+01 7.473386e-04 9.999996e-01 -3.810344e-04 1.954254e-01 -9.857001e-03 3.883845e-04 9.999513e-01 2.343690e+01
9.999428e-01 9.297255e-04 -1.064847e-02 -1.219941e+01 -9.271021e-04 9.999995e-01 2.511385e-04 1.791477e-01 1.064860e-02 -2.412500e-04 9.999432e-01 2.425684e+01
9.999510e-01 -7.648000e-04 9.866829e-03 -1.221537e+01 7.685373e-04 9.999996e-01 -3.748148e-04 1.635288e-01 -9.866638e-03 3.823815e-04 9.999512e-01 2.502951e+01
9.999442e-01 9.264802e-04 -1.051454e-02 -1.223080e+01 -9.238956e-04 9.999995e-01 2.505051e-04 1.478313e-01 1.051466e-02 -2.407749e-04 9.999446e-01 2.580652e+01
9.999500e-01 -7.030407e-04 9.967114e-03 -1.224931e+01 7.069782e-04 9.999997e-01 -3.913570e-04 1.303754e-01 -9.966935e-03 3.983859e-04 9.999502e-01 2.669909e+01
9.999513e-01 9.068821e-04 -9.820908e-03 -1.226652e+01 -9.043557e-04 9.999996e-01 2.615117e-04 1.139995e-01 9.821042e-03 -2.526155e-04 9.999517e-01 2.751796e+01
9.999423e-01 -7.398658e-04 1.071605e-02 -1.228214e+01 7.441688e-04 9.999996e-01 -3.974055e-04 9.846077e-02 -1.071585e-02 4.053590e-04 9.999424e-01 2.828954e+01
9.999963e-01 5.276852e-04 -2.661410e-03 -1.230738e+01 -5.276645e-04 9.999999e-01 7.849842e-06 8.805233e-02 2.661314e-03 -6.443639e-06 9.999964e-01 2.882531e+01
9.999767e-01 -5.539947e-04 6.790896e-03 -1.233348e+01 5.556807e-04 9.999998e-01 -2.461413e-04 7.658215e-02 -6.790858e-03 2.499110e-04 9.999769e-01 2.941097e+01
9.999880e-01 7.069221e-04 -4.846165e-03 -1.232348e+01 -7.066044e-04 9.999997e-01 6.691817e-05 6.027491e-02 4.846111e-03 -6.349123e-05 9.999882e-01 3.018039e+01
9.999879e-01 -4.796603e-04 4.880772e-03 -1.233423e+01 4.806607e-04 9.999999e-01 -2.034661e-04 4.305506e-02 -4.880773e-03 2.058115e-04 9.999880e-01 3.104134e+01
9.999950e-01 6.526150e-04 -3.071034e-03 -1.232534e+01 -6.525370e-04 9.999998e-01 2.591068e-05 2.618779e-02 3.070951e-03 -2.390481e-05 9.999952e-01 3.184712e+01
9.999786e-01 -5.340015e-04 6.513943e-03 -1.230238e+01 5.355721e-04 9.999998e-01 -2.391364e-04 9.354006e-03 -6.513913e-03 2.426218e-04 9.999787e-01 3.262670e+01
9.999859e-01 7.219224e-04 -5.259527e-03 -1.230093e+01 -7.215050e-04 9.999997e-01 8.097091e-05 -7.592318e-03 5.259485e-03 -7.717325e-05 9.999861e-01 3.344919e+01
9.999796e-01 -5.256697e-04 6.357841e-03 -1.230295e+01 5.271808e-04 9.999998e-01 -2.357670e-04 -2.477071e-02 -6.357815e-03 2.391157e-04 9.999797e-01 3.429033e+01
9.999940e-01 6.546619e-04 -3.379267e-03 -1.229086e+01 -6.545720e-04 9.999998e-01 2.724404e-05 -4.111084e-02 3.379185e-03 -2.503020e-05 9.999942e-01 3.506147e+01
9.999723e-01 -5.684239e-04 7.420634e-03 -1.228312e+01 5.704556e-04 9.999998e-01 -2.714745e-04 -5.686890e-02 -7.420577e-03 2.757019e-04 9.999724e-01 3.581347e+01
9.999998e-01 3.907166e-04 4.742477e-04 -1.230590e+01 -3.906514e-04 9.999999e-01 -1.345137e-04 -6.781850e-02 -4.743990e-04 1.343301e-04 9.999998e-01 3.637323e+01
9.999329e-01 -6.992535e-04 1.155807e-02 -1.230219e+01 7.045618e-04 9.999996e-01 -4.550769e-04 -8.034209e-02 -1.155784e-02 4.631915e-04 9.999330e-01 3.697905e+01
9.999737e-01 7.718434e-04 -7.210722e-03 -1.229908e+01 -7.704269e-04 9.999997e-01 1.990214e-04 -9.560982e-02 7.210775e-03 -1.934592e-04 9.999739e-01 3.771593e+01
9.999581e-01 -5.823643e-04 9.127065e-03 -1.229939e+01 5.858904e-04 9.999998e-01 -3.835005e-04 -1.126623e-01 -9.126938e-03 3.888337e-04 9.999582e-01 3.854872e+01
9.999555e-01 7.897411e-04 -9.395202e-03 -1.231753e+01 -7.875163e-04 9.999997e-01 2.403598e-04 -1.296115e-01 9.395291e-03 -2.329486e-04 9.999558e-01 3.940620e+01
9.999619e-01 -5.087782e-04 8.709743e-03 -1.233474e+01 5.122905e-04 9.999998e-01 -4.008681e-04 -1.490941e-01 -8.709636e-03 4.053164e-04 9.999619e-01 4.042622e+01
9.999560e-01 8.451251e-04 -9.334233e-03 -1.234566e+01 -8.430237e-04 9.999996e-01 2.289238e-04 -1.706224e-01 9.334325e-03 -2.210432e-04 9.999564e-01 4.156308e+01
9.999604e-01 -5.189810e-04 8.874675e-03 -1.235920e+01 5.225292e-04 9.999998e-01 -3.973361e-04 -1.916774e-01 -8.874566e-03 4.019593e-04 9.999605e-01 4.267316e+01
9.999584e-01 8.092413e-04 -9.078370e-03 -1.237649e+01 -8.071158e-04 9.999996e-01 2.376481e-04 -2.115693e-01 9.078461e-03 -2.303094e-04 9.999587e-01 4.371433e+01
9.999616e-01 -5.241977e-04 8.740889e-03 -1.239256e+01 5.276660e-04 9.999998e-01 -3.943453e-04 -2.312109e-01 -8.740779e-03 3.989440e-04 9.999617e-01 4.473808e+01
9.999566e-01 8.203691e-04 -9.271722e-03 -1.239989e+01 -8.182171e-04 9.999996e-01 2.357592e-04 -2.515811e-01 9.271814e-03 -2.281612e-04 9.999569e-01 4.579452e+01
9.999616e-01 -5.016142e-04 8.740946e-03 -1.240257e+01 5.051097e-04 9.999998e-01 -3.975525e-04 -2.727240e-01 -8.740844e-03 4.019538e-04 9.999617e-01 4.689103e+01
9.999537e-01 8.482927e-04 -9.583878e-03 -1.240900e+01 -8.461283e-04 9.999996e-01 2.297572e-04 -2.946738e-01 9.583971e-03 -2.216360e-04 9.999540e-01 4.804845e+01
9.999583e-01 -5.177388e-04 9.110303e-03 -1.241123e+01 5.213271e-04 9.999998e-01 -3.913637e-04 -3.162857e-01 -9.110197e-03 3.960983e-04 9.999584e-01 4.917383e+01
9.999634e-01 8.315829e-04 -8.516094e-03 -1.240936e+01 -8.297628e-04 9.999996e-01 2.171218e-04 -3.375263e-01 8.516173e-03 -2.100461e-04 9.999637e-01 5.026364e+01
9.999367e-01 -5.887040e-04 1.122912e-02 -1.239074e+01 5.935203e-04 9.999997e-01 -4.254767e-04 -3.576578e-01 -1.122896e-02 4.321159e-04 9.999368e-01 5.125345e+01
9.999411e-01 8.889364e-04 -1.081508e-02 -1.238866e+01 -8.862481e-04 9.999996e-01 2.532523e-04 -3.786343e-01 1.081520e-02 -2.436513e-04 9.999414e-01 5.232688e+01
9.999464e-01 -5.204349e-04 1.033374e-02 -1.239540e+01 5.248786e-04 9.999998e-01 -4.271952e-04 -4.012517e-01 -1.033361e-02 4.325976e-04 9.999465e-01 5.352381e+01
9.999411e-01 9.111098e-04 -1.080680e-02 -1.240163e+01 -9.085025e-04 9.999996e-01 2.460657e-04 -4.247215e-01 1.080692e-02 -2.362320e-04 9.999415e-01 5.477442e+01
9.999429e-01 -5.608427e-04 1.066381e-02 -1.240643e+01 5.652942e-04 9.999998e-01 -4.143258e-04 -4.469404e-01 -1.066367e-02 4.203317e-04 9.999430e-01 5.593950e+01
9.999389e-01 9.200539e-04 -1.101383e-02 -1.241449e+01 -9.174854e-04 9.999996e-01 2.381584e-04 -4.693847e-01 1.101394e-02 -2.280376e-04 9.999393e-01 5.712627e+01
9.999470e-01 -4.905127e-04 1.028367e-02 -1.243542e+01 4.949806e-04 9.999998e-01 -4.318288e-04 -4.935306e-01 -1.028355e-02 4.368973e-04 9.999470e-01 5.844884e+01
9.999382e-01 9.139888e-04 -1.107766e-02 -1.245216e+01 -9.114161e-04 9.999996e-01 2.372019e-04 -5.176538e-01 1.107777e-02 -2.270897e-04 9.999386e-01 5.976401e+01
9.999477e-01 -4.887059e-04 1.021428e-02 -1.247360e+01 4.931185e-04 9.999998e-01 -4.293864e-04 -5.415371e-01 -1.021417e-02 4.344019e-04 9.999477e-01 6.107191e+01
9.999429e-01 8.527167e-04 -1.064890e-02 -1.249370e+01 -8.500588e-04 9.999996e-01 2.540291e-04 -5.637005e-01 1.064902e-02 -2.449614e-04 9.999432e-01 6.226412e+01
9.999454e-01 -5.293787e-04 1.043117e-02 -1.250436e+01 5.337546e-04 9.999998e-01 -4.166264e-04 -5.848422e-01 -1.043104e-02 4.221724e-04 9.999454e-01 6.337225e+01
9.999428e-01 8.392759e-04 -1.066277e-02 -1.251167e+01 -8.366189e-04 9.999996e-01 2.535615e-04 -6.056297e-01 1.066288e-02 -2.446253e-04 9.999431e-01 6.445153e+01
9.999486e-01 -4.735784e-04 1.012501e-02 -1.252442e+01 4.779137e-04 9.999998e-01 -4.256701e-04 -6.279545e-01 -1.012490e-02 4.304881e-04 9.999486e-01 6.564120e+01
9.999410e-01 8.215874e-04 -1.082569e-02 -1.253971e+01 -8.188668e-04 9.999996e-01 2.556641e-04 -6.496756e-01 1.082580e-02 -2.467833e-04 9.999413e-01 6.679872e+01
9.999496e-01 -4.534819e-04 1.002980e-02 -1.254727e+01 4.577440e-04 9.999998e-01 -4.225703e-04 -6.721919e-01 -1.002970e-02 4.271411e-04 9.999496e-01 6.799367e+01
9.999401e-01 8.702213e-04 -1.090627e-02 -1.255602e+01 -8.676966e-04 9.999996e-01 2.361520e-04 -6.963282e-01 1.090637e-02 -2.266736e-04 9.999404e-01 6.929449e+01
9.999493e-01 -4.586285e-04 1.005858e-02 -1.256834e+01 4.628195e-04 9.999998e-01 -4.142467e-04 -7.201431e-01 -1.005849e-02 4.188820e-04 9.999493e-01 7.058025e+01
9.999408e-01 8.357485e-04 -1.084812e-02 -1.258191e+01 -8.331821e-04 9.999996e-01 2.410263e-04 -7.428917e-01 1.084822e-02 -2.319728e-04 9.999411e-01 7.180062e+01
9.999480e-01 -4.569659e-04 1.017968e-02 -1.259428e+01 4.611959e-04 9.999998e-01 -4.131187e-04 -7.656840e-01 -1.017959e-02 4.177929e-04 9.999480e-01 7.302025e+01
9.999411e-01 7.998333e-04 -1.082378e-02 -1.261237e+01 -7.972094e-04 9.999997e-01 2.466729e-04 -7.871250e-01 1.082387e-02 -2.380287e-04 9.999413e-01 7.416316e+01
9.999484e-01 -4.864357e-04 1.014669e-02 -1.263115e+01 4.905175e-04 9.999998e-01 -3.997233e-04 -8.075665e-01 -1.014659e-02 4.046807e-04 9.999484e-01 7.524626e+01
9.999405e-01 6.490711e-04 -1.088113e-02 -1.264587e+01 -6.460022e-04 9.999998e-01 2.854866e-04 -8.232867e-01 1.088122e-02 -2.784397e-04 9.999407e-01 7.602034e+01
9.999514e-01 -4.631093e-04 9.847661e-03 -1.265352e+01 4.670674e-04 9.999998e-01 -3.995670e-04 -8.399011e-01 -9.847573e-03 4.041479e-04 9.999514e-01 7.684076e+01
9.999439e-01 7.326308e-04 -1.056644e-02 -1.266965e+01 -7.299860e-04 9.999997e-01 2.540961e-04 -8.590165e-01 1.056652e-02 -2.463678e-04 9.999441e-01 7.783472e+01
9.999543e-01 -5.119635e-04 9.541983e-03 -1.268454e+01 5.156683e-04 9.999998e-01 -3.857392e-04 -8.765298e-01 -9.541882e-03 3.906428e-04 9.999543e-01 7.872812e+01
9.999421e-01 7.560708e-04 -1.073125e-02 -1.270088e+01 -7.534509e-04 9.999997e-01 2.481212e-04 -8.947375e-01 1.073134e-02 -2.400207e-04 9.999423e-01 7.966946e+01
9.999535e-01 -5.146152e-04 9.626356e-03 -1.272028e+01 5.183444e-04 9.999998e-01 -3.848421e-04 -9.126974e-01 -9.626255e-03 3.898147e-04 9.999535e-01 8.059926e+01
9.999444e-01 6.904954e-04 -1.051624e-02 -1.276606e+01 -6.876553e-04 9.999997e-01 2.736249e-04 -9.273200e-01 1.051632e-02 -2.663775e-04 9.999446e-01 8.137963e+01
9.999516e-01 -5.014541e-04 9.818414e-03 -1.280904e+01 5.053232e-04 9.999998e-01 -3.915265e-04 -9.423932e-01 -9.818314e-03 3.964697e-04 9.999517e-01 8.218019e+01
9.999479e-01 6.929707e-04 -1.018218e-02 -1.286414e+01 -6.903339e-04 9.999997e-01 2.624214e-04 -9.571055e-01 1.018226e-02 -2.553780e-04 9.999481e-01 8.298836e+01
9.999532e-01 -5.267495e-04 9.659111e-03 -1.290575e+01 5.304603e-04 9.999998e-01 -3.815522e-04 -9.715136e-01 -9.659007e-03 3.866588e-04 9.999532e-01 8.374742e+01
9.999451e-01 6.537764e-04 -1.045631e-02 -1.296128e+01 -6.508021e-04 9.999997e-01 2.877923e-04 -9.840432e-01 1.045640e-02 -2.809709e-04 9.999452e-01 8.443506e+01
9.999479e-01 -5.109075e-04 1.018800e-02 -1.302467e+01 5.150987e-04 9.999998e-01 -4.087048e-04 -9.970739e-01 -1.018789e-02 4.139320e-04 9.999480e-01 8.517236e+01
9.999481e-01 6.272373e-04 -1.016301e-02 -1.309592e+01 -6.243180e-04 9.999998e-01 2.903655e-04 -1.009043e+00 1.016309e-02 -2.840050e-04 9.999483e-01 8.586820e+01
9.999489e-01 -6.044707e-04 1.008977e-02 -1.323150e+01 6.079060e-04 9.999998e-01 -3.373573e-04 -1.015030e+00 -1.008966e-02 3.434743e-04 9.999490e-01 8.637772e+01
9.999451e-01 4.957657e-04 -1.046114e-02 -1.345900e+01 -4.916010e-04 9.999998e-01 4.006324e-04 -1.008425e+00 1.046123e-02 -3.954672e-04 9.999451e-01 8.645088e+01
9.999507e-01 -6.218375e-04 9.906078e-03 -1.367689e+01 6.252144e-04 9.999997e-01 -3.377410e-04 -1.002036e+00 -9.905965e-03 3.439185e-04 9.999508e-01 8.651443e+01
9.999477e-01 7.412647e-04 -1.019302e-02 -1.370124e+01 -7.391184e-04 9.999997e-01 2.142882e-04 -1.015992e+00 1.019308e-02 -2.067426e-04 9.999480e-01 8.721306e+01
9.999451e-01 -5.806848e-04 1.045906e-02 -1.369744e+01 5.842627e-04 9.999998e-01 -3.389835e-04 -1.032758e+00 -1.045896e-02 3.450764e-04 9.999452e-01 8.801681e+01
9.999477e-01 7.532092e-04 -1.019781e-02 -1.369381e+01 -7.511698e-04 9.999997e-01 2.037748e-04 -1.050134e+00 1.019786e-02 -1.961034e-04 9.999479e-01 8.885876e+01
9.999524e-01 -6.031562e-04 9.736017e-03 -1.369685e+01 6.063019e-04 9.999998e-01 -3.200967e-04 -1.065854e+00 -9.735921e-03 3.259850e-04 9.999525e-01 8.961265e+01
9.999470e-01 7.625714e-04 -1.025991e-02 -1.370397e+01 -7.606048e-04 9.999997e-01 1.955304e-04 -1.081688e+00 1.025996e-02 -1.877158e-04 9.999473e-01 9.038235e+01
9.999504e-01 -5.515647e-04 9.944651e-03 -1.371274e+01 5.549021e-04 9.999998e-01 -3.327890e-04 -1.099170e+00 -9.944564e-03 3.382913e-04 9.999504e-01 9.125723e+01
9.999456e-01 7.546143e-04 -1.040375e-02 -1.372155e+01 -7.525701e-04 9.999997e-01 2.003519e-04 -1.116363e+00 1.040380e-02 -1.925110e-04 9.999458e-01 9.211469e+01
9.999457e-01 -5.478897e-04 1.039846e-02 -1.372758e+01 5.512906e-04 9.999998e-01 -3.241577e-04 -1.133162e+00 -1.039838e-02 3.298732e-04 9.999458e-01 9.294079e+01
9.999420e-01 7.213032e-04 -1.074007e-02 -1.373620e+01 -7.192969e-04 9.999997e-01 1.906264e-04 -1.149388e+00 1.074011e-02 -1.828897e-04 9.999422e-01 9.373723e+01
9.999479e-01 -5.926609e-04 1.018932e-02 -1.375672e+01 5.958943e-04 9.999998e-01 -3.142666e-04 -1.163786e+00 -1.018923e-02 3.203225e-04 9.999480e-01 9.445080e+01
9.999438e-01 7.578015e-04 -1.056889e-02 -1.377060e+01 -7.559407e-04 9.999997e-01 1.800190e-04 -1.179671e+00 1.056893e-02 -1.720190e-04 9.999441e-01 9.523774e+01
9.999488e-01 -6.121894e-04 1.009382e-02 -1.378690e+01 6.153105e-04 9.999998e-01 -3.060649e-04 -1.194770e+00 -1.009373e-02 3.122605e-04 9.999490e-01 9.598213e+01
9.999503e-01 7.890469e-04 -9.930792e-03 -1.379312e+01 -7.872866e-04 9.999997e-01 1.811356e-04 -1.211107e+00 9.930833e-03 -1.733079e-04 9.999506e-01 9.677819e+01
9.999473e-01 -6.167989e-04 1.024485e-02 -1.379755e+01 6.199835e-04 9.999998e-01 -3.076479e-04 -1.227537e+00 -1.024475e-02 3.139837e-04 9.999474e-01 9.757679e+01
9.999506e-01 8.439177e-04 -9.900757e-03 -1.380330e+01 -8.423168e-04 9.999996e-01 1.658332e-04 -1.245677e+00 9.900794e-03 -1.574851e-04 9.999509e-01 9.848453e+01
9.999466e-01 -5.963705e-04 1.030859e-02 -1.380845e+01 5.995390e-04 9.999998e-01 -3.042483e-04 -1.264220e+00 -1.030851e-02 3.104129e-04 9.999468e-01 9.941667e+01
9.999499e-01 8.371554e-04 -9.968567e-03 -1.381214e+01 -8.356054e-04 9.999996e-01 1.596158e-04 -1.282860e+00 9.968598e-03 -1.512777e-04 9.999502e-01 1.003527e+02
9.999540e-01 -6.552738e-04 9.567094e-03 -1.382572e+01 6.580730e-04 9.999997e-01 -2.894086e-04 -1.299206e+00 -9.567001e-03 2.956915e-04 9.999541e-01 1.011646e+02
9.999502e-01 8.369125e-04 -9.939123e-03 -1.384081e+01 -8.354113e-04 9.999996e-01 1.551648e-04 -1.315557e+00 9.939150e-03 -1.468536e-04 9.999505e-01 1.019810e+02
9.999480e-01 -5.910457e-04 1.018052e-02 -1.384643e+01 5.941140e-04 9.999998e-01 -2.983428e-04 -1.334305e+00 -1.018044e-02 3.043759e-04 9.999481e-01 1.029270e+02
9.999579e-01 8.253041e-04 -9.130595e-03 -1.384822e+01 -8.239974e-04 9.999996e-01 1.468488e-04 -1.352838e+00 9.130614e-03 -1.393188e-04 9.999582e-01 1.038507e+02
9.999503e-01 -6.271083e-04 9.950453e-03 -1.385392e+01 6.299683e-04 9.999998e-01 -2.842649e-04 -1.370128e+00 -9.950371e-03 2.905194e-04 9.999504e-01 1.047030e+02
9.999594e-01 8.252134e-04 -8.973474e-03 -1.384869e+01 -8.240086e-04 9.999997e-01 1.379383e-04 -1.388235e+00 8.973485e-03 -1.305383e-04 9.999597e-01 1.055876e+02
9.999459e-01 -6.434491e-04 1.037914e-02 -1.383556e+01 6.464340e-04 9.999998e-01 -2.842186e-04 -1.406241e+00 -1.037905e-02 2.909129e-04 9.999460e-01 1.064514e+02
9.999586e-01 8.481717e-04 -9.056019e-03 -1.382314e+01 -8.470148e-04 9.999996e-01 1.315630e-04 -1.424848e+00 9.056028e-03 -1.238868e-04 9.999589e-01 1.073547e+02
9.999534e-01 -6.655302e-04 9.622542e-03 -1.382537e+01 6.680932e-04 9.999997e-01 -2.631163e-04 -1.441763e+00 -9.622463e-03 2.695330e-04 9.999536e-01 1.081778e+02
9.999572e-01 8.029103e-04 -9.215543e-03 -1.382490e+01 -8.017664e-04 9.999997e-01 1.278049e-04 -1.458048e+00 9.215544e-03 -1.204106e-04 9.999575e-01 1.089597e+02
9.999466e-01 -6.432483e-04 1.031301e-02 -1.380675e+01 6.459230e-04 9.999998e-01 -2.560080e-04 -1.475335e+00 -1.031295e-02 2.626559e-04 9.999467e-01 1.097709e+02
9.999678e-01 7.264383e-04 -7.992679e-03 -1.379912e+01 -7.256163e-04 9.999997e-01 1.057337e-04 -1.490644e+00 7.992655e-03 -9.993058e-05 9.999680e-01 1.104926e+02
9.999314e-01 -6.863335e-04 1.168632e-02 -1.379298e+01 6.898909e-04 9.999997e-01 -3.003668e-04 -1.505565e+00 -1.168621e-02 3.084086e-04 9.999316e-01 1.112010e+02
9.999774e-01 6.942616e-04 -6.675280e-03 -1.377039e+01 -6.938945e-04 9.999998e-01 5.729357e-05 -1.521294e+00 6.675219e-03 -5.266030e-05 9.999777e-01 1.119231e+02
9.998741e-01 -9.417337e-04 1.583757e-02 -1.374236e+01 9.491430e-04 9.999994e-01 -4.603100e-04 -1.535028e+00 -1.583723e-02 4.752843e-04 9.998744e-01 1.125370e+02
9.999959e-01 2.163520e-04 2.825246e-03 -1.372666e+01 -2.154231e-04 9.999999e-01 -3.290569e-04 -1.545240e+00 -2.825415e-03 3.284470e-04 9.999959e-01 1.129999e+02
9.997741e-01 -1.133109e-03 2.122034e-02 -1.368550e+01 1.146767e-03 9.999991e-01 -6.314379e-04 -1.556629e+00 -2.121970e-02 6.556302e-04 9.997746e-01 1.134823e+02
9.999861e-01 1.638205e-04 5.264763e-03 -1.362562e+01 -1.614245e-04 9.999999e-01 -4.555215e-04 -1.569621e+00 -5.264934e-03 4.546653e-04 9.999860e-01 1.140196e+02
9.998241e-01 -1.032352e-03 1.872303e-02 -1.356287e+01 1.041879e-03 9.999993e-01 -4.991235e-04 -1.583226e+00 -1.872260e-02 5.185429e-04 9.998245e-01 1.145828e+02
9.999299e-01 -1.745461e-04 1.183426e-02 -1.350438e+01 1.829848e-04 9.999997e-01 -7.119903e-04 -1.594126e+00 -1.183423e-02 7.141059e-04 9.999297e-01 1.150124e+02
9.999027e-01 -8.416791e-04 1.392485e-02 -1.344739e+01 8.464094e-04 9.999996e-01 -3.338163e-04 -1.605298e+00 -1.392466e-02 3.455700e-04 9.999029e-01 1.154524e+02
9.999510e-01 -9.720945e-05 9.899939e-03 -1.337103e+01 1.035237e-04 9.999998e-01 -6.373002e-04 -1.618016e+00 -9.899969e-03 6.382937e-04 9.999507e-01 1.159377e+02
9.999332e-01 -7.960397e-04 1.152598e-02 -1.328155e+01 7.980645e-04 9.999997e-01 -1.710703e-04 -1.631215e+00 -1.152593e-02 1.802573e-04 9.999335e-01 1.164202e+02
9.998915e-01 -3.065172e-04 1.472587e-02 -1.315780e+01 3.188521e-04 9.999996e-01 -8.352959e-04 -1.644491e+00 -1.472571e-02 8.399006e-04 9.998911e-01 1.168542e+02
9.999934e-01 -4.468678e-04 3.600642e-03 -1.303864e+01 4.464441e-04 9.999999e-01 1.184741e-04 -1.659383e+00 -3.600786e-03 -1.168660e-04 9.999934e-01 1.173728e+02
9.999581e-01 -8.194445e-05 9.151605e-03 -1.292888e+01 8.751934e-05 9.999998e-01 -6.087749e-04 -1.674524e+00 -9.151644e-03 6.095502e-04 9.999579e-01 1.179084e+02
9.999999e-01 -3.038111e-04 -2.432239e-04 -1.282938e+01 3.038712e-04 9.999999e-01 2.473142e-04 -1.689076e+00 2.430581e-04 -2.473882e-04 9.999999e-01 1.184199e+02
9.999930e-01 2.988585e-04 3.712457e-03 -1.277321e+01 -2.973220e-04 9.999999e-01 -4.144442e-04 -1.704560e+00 -3.712670e-03 4.133374e-04 9.999930e-01 1.190517e+02
9.999990e-01 -2.222783e-04 -1.365211e-03 -1.273430e+01 2.226495e-04 9.999999e-01 2.717915e-04 -1.720870e+00 1.365060e-03 -2.720953e-04 9.999990e-01 1.197634e+02
9.999963e-01 3.530015e-04 2.681134e-03 -1.271052e+01 -3.519132e-04 9.999999e-01 -4.064189e-04 -1.738089e+00 -2.681367e-03 4.054737e-04 9.999963e-01 1.205579e+02
9.999982e-01 -2.525536e-04 -1.884005e-03 -1.268288e+01 2.530776e-04 9.999999e-01 2.779661e-04 -1.754510e+00 1.883844e-03 -2.784426e-04 9.999981e-01 1.212969e+02
9.999959e-01 3.170567e-04 2.847850e-03 -1.264638e+01 -3.159213e-04 9.999999e-01 -3.991458e-04 -1.770279e+00 -2.848067e-03 3.982443e-04 9.999958e-01 1.219792e+02
9.999979e-01 -2.305084e-04 -2.034021e-03 -1.261252e+01 2.310749e-04 9.999999e-01 2.783554e-04 -1.786503e+00 2.033866e-03 -2.788250e-04 9.999978e-01 1.226948e+02
9.999971e-01 3.660542e-04 2.353559e-03 -1.259034e+01 -3.651040e-04 9.999999e-01 -4.041859e-04 -1.803466e+00 -2.353797e-03 4.033253e-04 9.999971e-01 1.234788e+02
9.999966e-01 -2.057399e-04 -2.575652e-03 -1.258061e+01 2.064422e-04 9.999999e-01 2.724517e-04 -1.820565e+00 2.575505e-03 -2.729827e-04 9.999966e-01 1.242945e+02
9.999972e-01 3.751453e-04 2.307821e-03 -1.256716e+01 -3.742205e-04 9.999998e-01 -4.012186e-04 -1.838004e+00 -2.308061e-03 4.003536e-04 9.999972e-01 1.251254e+02
9.999960e-01 -2.624891e-04 -2.821561e-03 -1.254417e+01 2.633156e-04 9.999999e-01 2.926040e-04 -1.853806e+00 2.821394e-03 -2.933460e-04 9.999959e-01 1.258373e+02
9.999979e-01 3.459007e-04 1.980784e-03 -1.250803e+01 -3.451520e-04 9.999999e-01 -3.783612e-04 -1.869000e+00 -1.981005e-03 3.776765e-04 9.999979e-01 1.264780e+02
9.999956e-01 -2.734043e-04 -2.941190e-03 -1.248499e+01 2.742602e-04 9.999999e-01 2.906583e-04 -1.883242e+00 2.941020e-03 -2.914640e-04 9.999956e-01 1.270855e+02
9.999979e-01 3.674476e-04 2.026430e-03 -1.246606e+01 -3.666697e-04 9.999999e-01 -3.843202e-04 -1.898188e+00 -2.026661e-03 3.835760e-04 9.999978e-01 1.277478e+02
9.999981e-01 -2.748783e-04 -1.940871e-03 -1.245540e+01 2.753973e-04 9.999999e-01 2.672140e-04 -1.913146e+00 1.940707e-03 -2.677483e-04 9.999980e-01 1.284265e+02
9.999989e-01 4.117156e-04 1.435857e-03 -1.244649e+01 -4.111632e-04 9.999998e-01 -3.850653e-04 -1.929019e+00 -1.436105e-03 3.844742e-04 9.999988e-01 1.291681e+02
9.999940e-01 -2.857020e-04 -3.455960e-03 -1.242658e+01 2.868118e-04 9.999999e-01 3.206948e-04 -1.944377e+00 3.455778e-03 -3.216844e-04 9.999939e-01 1.298471e+02
9.999994e-01 3.991210e-04 1.026698e-03 -1.239780e+01 -3.987761e-04 9.999999e-01 -3.362101e-04 -1.958650e+00 -1.026923e-03 3.358002e-04 9.999993e-01 1.304342e+02
9.999849e-01 -1.900375e-04 -5.484269e-03 -1.236871e+01 1.922802e-04 9.999999e-01 4.084477e-04 -1.973220e+00 5.484100e-03 -4.094964e-04 9.999848e-01 1.310378e+02
9.999463e-01 7.839658e-04 -1.032673e-02 -1.232111e+01 -7.823238e-04 9.999997e-01 1.630601e-04 -1.983388e+00 1.032676e-02 -1.549729e-04 9.999466e-01 1.313669e+02
9.997668e-01 5.971169e-04 -2.158345e-02 -1.220563e+01 -5.766877e-04 9.999994e-01 9.527427e-04 -1.986909e+00 2.158392e-02 -9.400740e-04 9.997665e-01 1.313516e+02
9.999659e-01 6.625084e-04 -8.233726e-03 -1.212191e+01 -6.614577e-04 9.999998e-01 1.303580e-04 -1.987696e+00 8.233716e-03 -1.249076e-04 9.999660e-01 1.312656e+02
9.997927e-01 5.422620e-04 -2.035370e-02 -1.205767e+01 -5.240582e-04 9.999995e-01 8.997047e-04 -1.991214e+00 2.035408e-02 -8.888520e-04 9.997924e-01 1.313070e+02
9.999414e-01 -8.458607e-05 1.081809e-02 -1.200930e+01 9.109921e-05 9.999998e-01 -6.015829e-04 -2.004952e+00 -1.081813e-02 6.025329e-04 9.999412e-01 1.318228e+02
9.999011e-01 2.895784e-04 -1.405759e-02 -1.198172e+01 -2.813619e-04 9.999998e-01 5.864785e-04 -2.021479e+00 1.405766e-02 -5.824656e-04 9.999010e-01 1.325530e+02
9.999436e-01 -7.989585e-05 1.062070e-02 -1.196105e+01 8.633949e-05 9.999998e-01 -6.062650e-04 -2.037919e+00 -1.062074e-02 6.071475e-04 9.999433e-01 1.332963e+02
9.999311e-01 3.018931e-04 -1.173286e-02 -1.195938e+01 -2.963172e-04 9.999998e-01 4.769951e-04 -2.055962e+00 1.173291e-02 -4.734859e-04 9.999310e-01 1.341918e+02
9.999395e-01 -6.437879e-05 1.099463e-02 -1.195203e+01 7.107007e-05 9.999998e-01 -6.082234e-04 -2.074671e+00 -1.099469e-02 6.089677e-04 9.999393e-01 1.351172e+02
9.999234e-01 3.210771e-04 -1.237308e-02 -1.193186e+01 -3.150664e-04 9.999998e-01 4.877568e-04 -2.094521e+00 1.237314e-02 -4.838215e-04 9.999233e-01 1.360957e+02
9.999410e-01 -7.679822e-05 1.085861e-02 -1.191027e+01 8.330625e-05 9.999998e-01 -5.989124e-04 -2.113994e+00 -1.085865e-02 5.997813e-04 9.999408e-01 1.370481e+02
9.999263e-01 2.815669e-04 -1.213482e-02 -1.189217e+01 -2.756403e-04 9.999998e-01 4.900924e-04 -2.132104e+00 1.213486e-02 -4.867118e-04 9.999262e-01 1.379184e+02
9.999443e-01 -1.053759e-04 1.054920e-02 -1.186756e+01 1.114651e-04 9.999998e-01 -5.766549e-04 -2.149222e+00 -1.054924e-02 5.777982e-04 9.999441e-01 1.387067e+02
9.999313e-01 2.595301e-04 -1.171834e-02 -1.185844e+01 -2.539874e-04 9.999999e-01 4.745096e-04 -2.165341e+00 1.171836e-02 -4.715011e-04 9.999312e-01 1.394670e+02
9.999597e-01 -2.596424e-05 8.975796e-03 -1.183712e+01 3.095816e-05 9.999998e-01 -5.562681e-04 -2.183729e+00 -8.975876e-03 5.565232e-04 9.999595e-01 1.403429e+02
9.999245e-01 2.377527e-04 -1.228423e-02 -1.179606e+01 -2.314047e-04 9.999998e-01 5.182035e-04 -2.200730e+00 1.228425e-02 -5.153222e-04 9.999243e-01 1.410804e+02
9.999630e-01 1.308818e-05 8.594442e-03 -1.173511e+01 -8.715517e-06 9.999999e-01 -5.088496e-04 -2.218435e+00 -8.594543e-03 5.087554e-04 9.999629e-01 1.418157e+02
