9.999898e-01 -7.794076e-04 4.439879e-03 -3.304990e-01 7.781053e-04 9.999997e-01 2.950285e-04 2.923306e-02 -4.440107e-03 -2.915703e-04 9.999900e-01 -1.392868e+00
9.999951e-01 1.294354e-03 -2.859945e-03 -2.719980e-01 -1.297073e-03 9.999987e-01 -9.491036e-04 1.239494e-02 2.858713e-03 9.528089e-04 9.999954e-01 -7.495761e-01
9.999974e-01 -7.236853e-04 2.158054e-03 -2.222225e-01 7.230872e-04 9.999997e-01 2.778999e-04 -3.336849e-03 -2.158254e-03 -2.763383e-04 9.999975e-01 -1.216050e-01
9.999991e-01 1.232293e-03 4.301570e-04 -1.553219e-01 -1.231876e-03 9.999988e-01 -9.672518e-04 -2.062851e-02 -4.313476e-04 9.667214e-04 9.999993e-01 5.219482e-01
9.999971e-01 -7.639010e-04 2.298297e-03 -8.467010e-02 7.631916e-04 9.999997e-01 3.095185e-04 -3.730305e-02 -2.298532e-03 -3.077634e-04 9.999972e-01 1.129790e+00
9.999956e-01 9.697254e-04 2.789385e-03 -2.008226e-02 -9.673259e-04 9.999992e-01 -8.614260e-04 -4.799361e-02 -2.790216e-03 8.587242e-04 9.999956e-01 1.443838e+00
9.999998e-01 -5.564053e-04 -1.472833e-04 5.845014e-02 5.564292e-04 9.999998e-01 1.617004e-04 -6.364518e-02 1.471952e-04 -1.617823e-04 9.999999e-01 1.979712e+00
9.999994e-01 1.116873e-03 1.369224e-04 1.184328e-01 -1.116747e-03 9.999990e-01 -9.164176e-04 -8.065571e-02 -1.379439e-04 9.162642e-04 9.999995e-01 2.632960e+00
9.999995e-01 -4.687679e-04 -8.719668e-04 1.721189e-01 4.688431e-04 9.999999e-01 8.594016e-05 -9.854902e-02 8.719282e-04 -8.634898e-05 9.999995e-01 3.349290e+00
9.999992e-01 1.087560e-03 7.100189e-04 2.306639e-01 -1.086911e-03 9.999990e-01 -9.133713e-04 -1.165797e-01 -7.110097e-04 9.125986e-04 9.999992e-01 4.059641e+00
9.999996e-01 -5.072987e-04 -7.047636e-04 2.948562e-01 5.073732e-04 9.999999e-01 1.055119e-04 -1.340076e-01 7.047118e-04 -1.058696e-04 9.999996e-01 4.728865e+00
9.999992e-01 9.477624e-04 7.828807e-04 3.615547e-01 -9.471620e-04 9.999993e-01 -7.669341e-04 -1.488261e-01 -7.836052e-04 7.661917e-04 9.999993e-01 5.261579e+00
9.999991e-01 -5.984242e-04 -1.233136e-03 4.242638e-01 5.987577e-04 9.999998e-01 2.700529e-04 -1.608636e-01 1.232976e-03 -2.707913e-04 9.999991e-01 5.676733e+00
9.999994e-01 1.112498e-03 -2.382364e-04 4.692694e-01 -1.112702e-03 9.999990e-01 -8.571903e-04 -1.749033e-01 2.372842e-04 8.574544e-04 9.999995e-01 6.234869e+00
9.999993e-01 -5.777625e-04 -1.076365e-03 5.142704e-01 5.780357e-04 9.999998e-01 2.535034e-04 -1.894420e-01 1.076220e-03 -2.541258e-04 9.999993e-01 6.815645e+00
9.999978e-01 1.142973e-03 -1.781255e-03 5.490190e-01 -1.144387e-03 9.999990e-01 -7.930628e-04 -2.031220e-01 1.780348e-03 7.950989e-04 9.999980e-01 7.391610e+00
9.999991e-01 -1.048171e-03 8.739666e-04 5.370884e-01 1.047616e-03 9.999992e-01 6.352921e-04 -2.059272e-01 -8.746307e-04 -6.343765e-04 9.999993e-01 7.481605e+00
9.999972e-01 1.338559e-03 -1.936269e-03 5.597790e-01 -1.340130e-03 9.999988e-01 -8.099461e-04 -2.110927e-01 1.935183e-03 8.125382e-04 9.999977e-01 7.610056e+00
9.999965e-01 -1.396931e-03 2.256621e-03 5.219591e-01 1.395247e-03 9.999987e-01 7.476466e-04 -2.094377e-01 -2.257662e-03 -7.444960e-04 9.999971e-01 7.474600e+00
9.999986e-01 1.276533e-03 -1.126729e-03 4.478047e-01 -1.277252e-03 9.999990e-01 -6.373191e-04 -1.994368e-01 1.125915e-03 6.387567e-04 9.999991e-01 6.904303e+00
9.999982e-01 -8.447811e-04 1.685850e-03 5.143488e-01 8.447736e-04 9.999996e-01 5.195444e-06 -2.137086e-01 -1.685852e-03 -3.771857e-06 9.999985e-01 7.404465e+00
9.999968e-01 1.371819e-03 -2.134607e-03 5.765773e-01 -1.373405e-03 9.999988e-01 -7.414738e-04 -2.297689e-01 2.133589e-03 7.444025e-04 9.999973e-01 8.017234e+00
9.999979e-01 -1.206880e-03 1.670471e-03 6.138900e-01 1.206071e-03 9.999992e-01 4.853119e-04 -2.366605e-01 -1.671054e-03 -4.832968e-04 9.999984e-01 8.230409e+00
9.999987e-01 1.071174e-03 -1.241064e-03 5.444468e-01 -1.071653e-03 9.999994e-01 -3.848462e-04 -2.294576e-01 1.240652e-03 3.861750e-04 9.999991e-01 7.820260e+00
9.999988e-01 -9.213208e-04 1.259699e-03 5.467516e-01 9.208485e-04 9.999995e-01 3.754429e-04 -2.283425e-01 -1.260043e-03 -3.742831e-04 9.999990e-01 7.642283e+00
9.999934e-01 1.391498e-03 -3.364282e-03 5.897579e-01 -1.394408e-03 9.999987e-01 -8.629759e-04 -2.410858e-01 3.363078e-03 8.676607e-04 9.999939e-01 8.142594e+00
9.999991e-01 -8.168503e-04 1.042299e-03 6.299672e-01 8.166102e-04 9.999996e-01 2.307320e-04 -2.558229e-01 -1.042487e-03 -2.298814e-04 9.999993e-01 8.751645e+00
9.999893e-01 1.470453e-03 -4.386378e-03 6.642769e-01 -1.474427e-03 9.999985e-01 -9.027913e-04 -2.714993e-01 4.385044e-03 9.092482e-04 9.999899e-01 9.424538e+00
9.999951e-01 -7.822841e-04 3.044613e-03 7.128436e-01 7.822435e-04 9.999997e-01 1.453830e-05 -2.902281e-01 -3.044623e-03 -1.215754e-05 9.999953e-01 1.019396e+01
9.999871e-01 1.432912e-03 -4.882205e-03 7.551214e-01 -1.436867e-03 9.999986e-01 -8.066587e-04 -3.072561e-01 4.881043e-03 8.136624e-04 9.999877e-01 1.090565e+01
9.999923e-01 -8.468142e-04 3.842477e-03 8.036995e-01 8.465772e-04 9.999996e-01 6.331441e-05 -3.236368e-01 -3.842529e-03 -6.006206e-05 9.999925e-01 1.156123e+01
9.999852e-01 1.346489e-03 -5.265682e-03 8.498230e-01 -1.350056e-03 9.999989e-01 -6.739401e-04 -3.377955e-01 5.264768e-03 6.810379e-04 9.999858e-01 1.212345e+01
9.999933e-01 -8.264996e-04 3.554975e-03 8.943644e-01 8.262540e-04 9.999997e-01 7.056459e-05 -3.520275e-01 -3.555033e-03 -6.762803e-05 9.999936e-01 1.269312e+01
9.999831e-01 1.391025e-03 -5.642863e-03 9.367345e-01 -1.395084e-03 9.999988e-01 -7.153838e-04 -3.669487e-01 5.641860e-03 7.232427e-04 9.999837e-01 1.330184e+01
9.999919e-01 -8.076866e-04 3.938959e-03 9.822340e-01 8.076189e-04 9.999997e-01 1.878140e-05 -3.827241e-01 -3.938974e-03 -1.560142e-05 9.999921e-01 1.394104e+01
9.999841e-01 1.397276e-03 -5.460578e-03 1.029051e+00 -1.401235e-03 9.999988e-01 -7.211737e-04 -3.986761e-01 5.459562e-03 7.288124e-04 9.999847e-01 1.458618e+01
9.999867e-01 -9.034675e-04 5.080624e-03 1.088721e+00 9.031071e-04 9.999996e-01 7.323349e-05 -4.136705e-01 -5.080689e-03 -6.864566e-05 9.999870e-01 1.515391e+01
9.999888e-01 1.347027e-03 -4.538841e-03 1.156573e+00 -1.350183e-03 9.999988e-01 -6.922213e-04 -4.284495e-01 4.537903e-03 6.983403e-04 9.999894e-01 1.568142e+01
9.999819e-01 -1.267611e-03 5.876757e-03 1.196348e+00 1.264890e-03 9.999991e-01 4.667682e-04 -4.339009e-01 -5.877344e-03 -4.593279e-04 9.999825e-01 1.579705e+01
9.999819e-01 1.598380e-03 -5.806187e-03 1.269011e+00 -1.603677e-03 9.999983e-01 -9.078437e-04 -4.451542e-01 5.804725e-03 9.171369e-04 9.999826e-01 1.615060e+01
9.999795e-01 -1.044127e-03 6.322427e-03 1.331456e+00 1.042778e-03 9.999994e-01 2.166653e-04 -4.621566e-01 -6.322651e-03 -2.100697e-04 9.999799e-01 1.680109e+01
9.999747e-01 1.525307e-03 -6.943049e-03 1.382231e+00 -1.530556e-03 9.999985e-01 -7.507656e-04 -4.760777e-01 6.941893e-03 7.613717e-04 9.999755e-01 1.734176e+01
9.999817e-01 -1.001459e-03 5.963789e-03 1.430696e+00 1.000502e-03 9.999995e-01 1.633842e-04 -4.906365e-01 -5.963950e-03 -1.574162e-04 9.999821e-01 1.791291e+01
9.999740e-01 1.398769e-03 -7.073133e-03 1.477946e+00 -1.402896e-03 9.999988e-01 -5.784757e-04 -5.022825e-01 7.072315e-03 5.883817e-04 9.999747e-01 1.836041e+01
9.999761e-01 -1.246436e-03 6.806661e-03 1.483062e+00 1.242763e-03 9.999991e-01 5.437316e-04 -5.034103e-01 -6.807333e-03 -5.352614e-04 9.999766e-01 1.831115e+01
9.999765e-01 1.428969e-03 -6.700065e-03 1.536483e+00 -1.434350e-03 9.999987e-01 -7.984768e-04 -5.107271e-01 6.698914e-03 8.080664e-04 9.999771e-01 1.850022e+01
9.999816e-01 -1.170086e-03 5.950483e-03 1.584464e+00 1.167112e-03 9.999992e-01 5.032674e-04 -5.196577e-01 -5.951068e-03 -4.963152e-04 9.999821e-01 1.879418e+01
9.999666e-01 1.629882e-03 -8.005645e-03 1.627069e+00 -1.637847e-03 9.999982e-01 -9.885655e-04 -5.321401e-01 8.004017e-03 1.001643e-03 9.999674e-01 1.928042e+01
9.999883e-01 -9.761118e-04 4.748028e-03 1.670441e+00 9.750306e-04 9.999995e-01 2.300207e-04 -5.486887e-01 -4.748252e-03 -2.253906e-04 9.999886e-01 1.996785e+01
9.999603e-01 1.613107e-03 -8.759230e-03 1.717020e+00 -1.621448e-03 9.999982e-01 -9.452190e-04 -5.649916e-01 8.757688e-03 9.593821e-04 9.999611e-01 2.064430e+01
9.999362e-01 -8.354562e-06 -1.129544e-02 1.708706e+00 1.770461e-05 9.999997e-01 8.276730e-04 -5.817548e-01 1.129543e-02 -8.278223e-04 9.999358e-01 2.156552e+01
9.998229e-01 2.158709e-03 -1.869527e-02 1.670127e+00 -2.169037e-03 9.999975e-01 -5.321862e-04 -5.985857e-01 1.869407e-02 5.726405e-04 9.998250e-01 2.259963e+01
9.996762e-01 5.684131e-04 -2.543778e-02 1.603312e+00 -5.287173e-04 9.999986e-01 1.567206e-03 -6.135635e-01 2.543863e-02 -1.553252e-03 9.996751e-01 2.364951e+01
9.994613e-01 2.791211e-03 -3.270032e-02 1.507512e+00 -2.781052e-03 9.999961e-01 3.561494e-04 -6.249018e-01 3.270116e-02 -2.650181e-04 9.994650e-01 2.466230e+01
9.997145e-01 3.920191e-04 -2.389213e-02 1.418254e+00 -3.549075e-04 9.999987e-01 1.557525e-03 -6.348511e-01 2.389268e-02 -1.548603e-03 9.997132e-01 2.559042e+01
9.994445e-01 2.912309e-03 -3.320008e-02 1.320391e+00 -2.903978e-03 9.999957e-01 2.991516e-04 -6.465136e-01 3.320078e-02 -2.025747e-04 9.994486e-01 2.660382e+01
9.986564e-01 1.648640e-03 -5.179495e-02 1.149960e+00 -1.505129e-03 9.999949e-01 2.809638e-03 -6.551837e-01 5.179928e-02 -2.727906e-03 9.986537e-01 2.775260e+01
9.994062e-01 3.037142e-03 -3.432350e-02 9.804619e-01 -3.021541e-03 9.999953e-01 5.063941e-04 -6.629925e-01 3.432484e-02 -4.023846e-04 9.994106e-01 2.887524e+01
9.987592e-01 1.471972e-03 -4.977892e-02 8.191544e-01 -1.340909e-03 9.999955e-01 2.666217e-03 -6.701735e-01 4.978257e-02 -2.596161e-03 9.987566e-01 2.995843e+01
9.999633e-01 1.891509e-03 -8.358393e-03 7.336900e-01 -1.896785e-03 9.999980e-01 -6.233535e-04 -6.802764e-01 8.357141e-03 6.391838e-04 9.999648e-01 3.090261e+01
9.994451e-01 7.291157e-04 -3.330020e-02 6.938441e-01 -6.765885e-04 9.999985e-01 1.588632e-03 -6.955057e-01 3.330125e-02 -1.565221e-03 9.994440e-01 3.190531e+01
9.999707e-01 1.882611e-03 -7.422105e-03 6.509784e-01 -1.886990e-03 9.999980e-01 -5.829174e-04 -7.102220e-01 7.420930e-03 5.969049e-04 9.999722e-01 3.288958e+01
9.995985e-01 4.552383e-04 -2.833144e-02 6.240066e-01 -4.194342e-04 9.999991e-01 1.269697e-03 -7.259704e-01 2.833193e-02 -1.257305e-03 9.995977e-01 3.386240e+01
9.999763e-01 1.879382e-03 -6.617215e-03 5.960493e-01 -1.883143e-03 9.999981e-01 -5.620715e-04 -7.415056e-01 6.616077e-03 5.745185e-04 9.999779e-01 3.482701e+01
9.999583e-01 -5.789500e-04 -9.117238e-03 6.208983e-01 5.818831e-04 9.999998e-01 3.190952e-04 -7.585365e-01 9.116982e-03 -3.243879e-04 9.999583e-01 3.568650e+01
9.999954e-01 1.583549e-03 -2.599869e-03 6.501671e-01 -1.585165e-03 9.999986e-01 -6.195983e-04 -7.732698e-01 2.598814e-03 6.237157e-04 9.999963e-01 3.640023e+01
9.999751e-01 -7.781825e-04 -7.015110e-03 6.727619e-01 7.821799e-04 9.999995e-01 5.671585e-04 -7.844166e-01 7.014594e-03 -5.726324e-04 9.999751e-01 3.692983e+01
9.999982e-01 1.205925e-03 1.481841e-03 7.061989e-01 -1.205118e-03 9.999991e-01 -5.456171e-04 -7.915321e-01 -1.482569e-03 5.438293e-04 9.999987e-01 3.723760e+01
9.999967e-01 -1.002766e-03 -2.371311e-03 7.619873e-01 1.003685e-03 9.999994e-01 3.868833e-04 -7.975538e-01 2.370850e-03 -3.892630e-04 9.999970e-01 3.737413e+01
9.999969e-01 9.429434e-04 2.309879e-03 7.479700e-01 -9.423031e-04 9.999995e-01 -2.784152e-04 -7.928223e-01 -2.310212e-03 2.762367e-04 9.999972e-01 3.703376e+01
9.999973e-01 -2.210231e-03 -6.312505e-04 3.172764e-01 2.210625e-03 9.999974e-01 6.246763e-04 -7.557035e-01 6.297969e-04 -6.260709e-04 9.999995e-01 3.532765e+01
9.999890e-01 -1.712781e-04 4.690609e-03 -6.277895e-01 1.694067e-04 9.999999e-01 3.993113e-04 -6.732450e-01 -4.690748e-03 -3.985130e-04 9.999888e-01 3.157723e+01
9.999955e-01 -2.546315e-03 -1.605263e-03 -1.663680e+00 2.547396e-03 9.999965e-01 6.714179e-04 -5.863439e-01 1.603477e-03 -6.755045e-04 9.999984e-01 2.770482e+01
9.999744e-01 1.556244e-04 7.155002e-03 -2.637897e+00 -1.578896e-04 9.999999e-01 3.159998e-04 -4.998660e-01 -7.155023e-03 -3.171218e-04 9.999743e-01 2.375051e+01
9.999942e-01 -3.199257e-03 -1.151572e-03 -3.815411e+00 3.200167e-03 9.999946e-01 7.889190e-04 -3.999034e-01 1.148971e-03 -7.925997e-04 9.999989e-01 1.928894e+01
9.999734e-01 1.772157e-04 7.289160e-03 -5.001908e+00 -1.794965e-04 9.999999e-01 3.122497e-04 -2.998711e-01 -7.289174e-03 -3.135497e-04 9.999733e-01 1.483162e+01
9.999848e-01 -3.982632e-03 3.804568e-03 -6.502710e+00 3.979366e-03 9.999917e-01 8.656749e-04 -1.742737e-01 -3.808053e-03 -8.505216e-04 9.999923e-01 9.285099e+00
9.999746e-01 -3.542067e-05 7.123809e-03 -8.092365e+00 3.260185e-05 9.999999e-01 3.958364e-04 -4.074724e-02 -7.123891e-03 -3.955936e-04 9.999745e-01 3.384117e+00
9.999564e-01 -4.649912e-03 8.092786e-03 -9.947172e+00 4.642283e-03 9.999888e-01 9.612792e-04 1.140188e-01 -8.097232e-03 -9.236674e-04 9.999667e-01 -3.414262e+00
9.999279e-01 -7.045039e-04 1.198348e-02 -1.207886e+01 6.993402e-04 9.999997e-01 4.351285e-04 2.917983e-01 -1.198384e-02 -4.267155e-04 9.999280e-01 -1.120277e+01
9.999712e-01 -4.631134e-03 6.006825e-03 -1.420492e+01 4.624533e-03 9.999887e-01 1.112461e-03 4.688684e-01 -6.011973e-03 -1.084649e-03 9.999813e-01 -1.896192e+01
9.998977e-01 -7.800841e-04 1.428140e-02 -1.635998e+01 7.760736e-04 9.999997e-01 2.864010e-04 6.484352e-01 -1.428168e-02 -2.752866e-04 9.998979e-01 -2.682607e+01
9.999909e-01 -4.111995e-03 1.105867e-03 -1.832149e+01 4.110600e-03 9.999908e-01 1.260939e-03 8.126923e-01 -1.111103e-03 -1.256380e-03 9.999985e-01 -3.405374e+01
9.999585e-01 -1.250058e-04 9.110694e-03 -2.001033e+01 1.234449e-04 1.000000e+00 1.719796e-04 9.543547e-01 -9.110776e-03 -1.708456e-04 9.999584e-01 -4.031294e+01
9.999867e-01 -4.420312e-03 2.655958e-03 -2.179709e+01 4.417060e-03 9.999895e-01 1.229195e-03 1.102752e+00 -2.661423e-03 -1.217445e-03 9.999956e-01 -4.682365e+01
9.999678e-01 -1.296430e-04 8.026561e-03 -2.360404e+01 1.271999e-04 9.999999e-01 3.050083e-04 1.254901e+00 -8.026659e-03 -3.039747e-04 9.999676e-01 -5.354368e+01
9.999902e-01 -4.106887e-03 1.634874e-03 -2.530840e+01 4.104839e-03 9.999908e-01 1.254770e-03 1.398704e+00 -1.640069e-03 -1.248044e-03 9.999978e-01 -5.991496e+01
9.999946e-01 1.754733e-03 2.774193e-03 -2.628004e+01 -1.754339e-03 9.999985e-01 -1.440176e-04 1.484150e+00 -2.774499e-03 1.391532e-04 9.999961e-01 -6.382421e+01
9.999929e-01 -3.440944e-03 -1.544241e-03 -2.695628e+01 3.442584e-03 9.999935e-01 1.059670e-03 1.541928e+00 1.540527e-03 -1.064975e-03 9.999982e-01 -6.646611e+01
9.999945e-01 1.889525e-03 2.727492e-03 -2.758284e+01 -1.889022e-03 9.999982e-01 -1.866486e-04 1.595771e+00 -2.727897e-03 1.814987e-04 9.999962e-01 -6.894214e+01
9.999915e-01 -3.674998e-03 -1.884502e-03 -2.826509e+01 3.676930e-03 9.999927e-01 1.022188e-03 1.653522e+00 1.880675e-03 -1.029105e-03 9.999976e-01 -7.156145e+01
9.999943e-01 2.030555e-03 2.691138e-03 -2.890403e+01 -2.030087e-03 9.999979e-01 -1.762072e-04 1.709582e+00 -2.691547e-03 1.707466e-04 9.999963e-01 -7.413849e+01
9.999919e-01 -3.600528e-03 -1.793289e-03 -2.952972e+01 3.602428e-03 9.999930e-01 1.057206e-03 1.764856e+00 1.789413e-03 -1.063654e-03 9.999977e-01 -7.669388e+01
9.999944e-01 2.430987e-03 2.286442e-03 -2.999256e+01 -2.430173e-03 9.999970e-01 -3.581354e-04 1.807037e+00 -2.287362e-03 3.525808e-04 9.999972e-01 -7.868672e+01
9.999923e-01 -3.277381e-03 -2.154669e-03 -3.031687e+01 3.279362e-03 9.999942e-01 9.156197e-04 1.838048e+00 2.151599e-03 -9.226745e-04 9.999972e-01 -8.019556e+01
9.999941e-01 2.506405e-03 2.341671e-03 -3.060094e+01 -2.505421e-03 9.999968e-01 -4.223285e-04 1.866014e+00 -2.342779e-03 4.164632e-04 9.999971e-01 -8.157093e+01
9.999921e-01 -3.249394e-03 -2.301454e-03 -3.088057e+01 3.251555e-03 9.999943e-01 9.353000e-04 1.893023e+00 2.298345e-03 -9.427716e-04 9.999968e-01 -8.290447e+01
9.999944e-01 2.603337e-03 2.079698e-03 -3.112466e+01 -2.602352e-03 9.999965e-01 -4.751087e-04 1.915304e+00 -2.080985e-03 4.696981e-04 9.999976e-01 -8.400657e+01
9.999926e-01 -3.012326e-03 -2.397905e-03 -3.128708e+01 3.014432e-03 9.999951e-01 8.749395e-04 1.930698e+00 2.395201e-03 -8.821570e-04 9.999967e-01 -8.481210e+01
9.999935e-01 2.940982e-03 2.099115e-03 -3.133129e+01 -2.939671e-03 9.999955e-01 -6.265525e-04 1.935284e+00 -2.101005e-03 6.203820e-04 9.999975e-01 -8.512863e+01
9.999924e-01 -3.253560e-03 -2.161853e-03 -3.145101e+01 3.255518e-03 9.999943e-01 9.021390e-04 1.946034e+00 2.158849e-03 -9.091656e-04 9.999972e-01 -8.570844e+01
9.999938e-01 2.761632e-03 2.168515e-03 -3.163658e+01 -2.760518e-03 9.999961e-01 -5.159686e-04 1.963614e+00 -2.169988e-03 5.099835e-04 9.999974e-01 -8.661014e+01
9.999918e-01 -3.409219e-03 -2.179043e-03 -3.187943e+01 3.411298e-03 9.999937e-01 9.504585e-04 1.985857e+00 2.175732e-03 -9.578796e-04 9.999971e-01 -8.770881e+01
9.999931e-01 3.114070e-03 2.010359e-03 -3.201065e+01 -3.112961e-03 9.999950e-01 -5.537258e-04 1.999633e+00 -2.012130e-03 5.474683e-04 9.999977e-01 -8.845781e+01
9.999924e-01 -2.984518e-03 -2.504356e-03 -3.200032e+01 2.985986e-03 9.999954e-01 5.820896e-04 1.998555e+00 2.502550e-03 -5.895585e-04 9.999966e-01 -8.852177e+01
9.999929e-01 3.101046e-03 2.113817e-03 -3.199165e+01 -3.099807e-03 9.999950e-01 -5.883287e-04 1.996345e+00 -2.115688e-03 5.817765e-04 9.999975e-01 -8.852160e+01
9.999899e-01 -2.801856e-03 -3.519581e-03 -3.195585e+01 2.803186e-03 9.999960e-01 3.725002e-04 1.988048e+00 3.518466e-03 -3.823579e-04 9.999936e-01 -8.822404e+01
9.999936e-01 3.152409e-03 1.708644e-03 -3.191822e+01 -3.151367e-03 9.999948e-01 -6.114001e-04 1.978952e+00 -1.710620e-03 6.060159e-04 9.999983e-01 -8.787885e+01
9.999875e-01 -2.726271e-03 -4.189520e-03 -3.188097e+01 2.727365e-03 9.999962e-01 2.550682e-04 1.968176e+00 4.188751e-03 -2.664869e-04 9.999911e-01 -8.745234e+01
9.999924e-01 3.148133e-03 2.290256e-03 -3.184019e+01 -3.146643e-03 9.999948e-01 -6.530190e-04 1.956872e+00 -2.292358e-03 6.458117e-04 9.999971e-01 -8.700842e+01
9.999864e-01 -2.743382e-03 -4.425163e-03 -3.180307e+01 2.744883e-03 9.999962e-01 3.329080e-04 1.946589e+00 4.424175e-03 -3.450457e-04 9.999901e-01 -8.660227e+01
9.999901e-01 3.005832e-03 3.270982e-03 -3.176406e+01 -3.004056e-03 9.999953e-01 -5.472350e-04 1.938493e+00 -3.272670e-03 5.374076e-04 9.999944e-01 -8.631362e+01
9.999873e-01 -2.825168e-03 -4.169758e-03 -3.174256e+01 2.827308e-03 9.999959e-01 5.069455e-04 1.934087e+00 4.168250e-03 -5.187239e-04 9.999911e-01 -8.620474e+01
9.999911e-01 3.104487e-03 2.858660e-03 -3.170166e+01 -3.102565e-03 9.999950e-01 -6.758074e-04 1.926140e+00 -2.860801e-03 6.669363e-04 9.999956e-01 -8.592750e+01
9.999877e-01 -2.832005e-03 -4.058748e-03 -3.165952e+01 2.834008e-03 9.999959e-01 4.876684e-04 1.918018e+00 4.057292e-03 -4.991607e-04 9.999916e-01 -8.564455e+01
9.999897e-01 2.955112e-03 3.442809e-03 -3.164151e+01 -2.953300e-03 9.999955e-01 -5.308922e-04 1.913852e+00 -3.444421e-03 5.207233e-04 9.999938e-01 -8.553780e+01
9.999870e-01 -2.760003e-03 -4.279436e-03 -3.161211e+01 2.761976e-03 9.999961e-01 4.550355e-04 1.908590e+00 4.278105e-03 -4.668450e-04 9.999906e-01 -8.539734e+01
9.999891e-01 2.844836e-03 3.686507e-03 -3.160833e+01 -2.843325e-03 9.999959e-01 -4.146488e-04 1.906571e+00 -3.687730e-03 4.041665e-04 9.999930e-01 -8.539123e+01
9.999881e-01 -2.852528e-03 -3.960614e-03 -3.162840e+01 2.854708e-03 9.999958e-01 5.445919e-04 1.908339e+00 3.958985e-03 -5.558875e-04 9.999919e-01 -8.557136e+01
9.999891e-01 2.733077e-03 3.785535e-03 -3.168572e+01 -2.731857e-03 9.999962e-01 -3.269129e-04 1.913598e+00 -3.786472e-03 3.165720e-04 9.999927e-01 -8.590712e+01
9.999883e-01 -2.696108e-03 -4.012748e-03 -3.169633e+01 2.697799e-03 9.999963e-01 4.156976e-04 1.914632e+00 4.011554e-03 -4.265139e-04 9.999918e-01 -8.605848e+01
9.999888e-01 2.606072e-03 3.944238e-03 -3.174288e+01 -2.605088e-03 9.999966e-01 -2.542222e-04 1.918965e+00 -3.944946e-03 2.439485e-04 9.999921e-01 -8.634986e+01
9.999874e-01 -2.941225e-03 -4.069658e-03 -3.187668e+01 2.943650e-03 9.999955e-01 5.897718e-04 1.931860e+00 4.067846e-03 -6.017396e-04 9.999915e-01 -8.703914e+01
9.999891e-01 2.716654e-03 3.801149e-03 -3.197573e+01 -2.715644e-03 9.999963e-01 -2.704737e-04 1.941375e+00 -3.801928e-03 2.601524e-04 9.999926e-01 -8.757491e+01
9.999876e-01 -2.954735e-03 -4.002539e-03 -3.207582e+01 2.956918e-03 9.999955e-01 5.393966e-04 1.949913e+00 4.000869e-03 -5.512207e-04 9.999918e-01 -8.804718e+01
9.999893e-01 2.721110e-03 3.746025e-03 -3.217502e+01 -2.720229e-03 9.999963e-01 -2.398174e-04 1.959053e+00 -3.746722e-03 2.296291e-04 9.999929e-01 -8.855686e+01
9.999879e-01 -2.932779e-03 -3.936914e-03 -3.226388e+01 2.934805e-03 9.999956e-01 5.085183e-04 1.967169e+00 3.935346e-03 -5.200617e-04 9.999920e-01 -8.902103e+01
9.999890e-01 2.687968e-03 3.830341e-03 -3.235993e+01 -2.687046e-03 9.999964e-01 -2.452414e-04 1.976345e+00 -3.831045e-03 2.349508e-04 9.999925e-01 -8.953688e+01
9.999877e-01 -3.130050e-03 -3.842205e-03 -3.252162e+01 3.132355e-03 9.999949e-01 5.935998e-04 1.991641e+00 3.840269e-03 -6.056231e-04 9.999924e-01 -9.033412e+01
9.999890e-01 2.614945e-03 3.898147e-03 -3.271286e+01 -2.614147e-03 9.999966e-01 -2.095656e-04 2.009970e+00 -3.898741e-03 1.993774e-04 9.999923e-01 -9.127002e+01
9.999885e-01 -2.938811e-03 -3.778526e-03 -3.284255e+01 2.940870e-03 9.999955e-01 5.392278e-04 2.024585e+00 3.776866e-03 -5.503290e-04 9.999926e-01 -9.205525e+01
9.999876e-01 2.902148e-03 4.056140e-03 -3.287365e+01 -2.900406e-03 9.999957e-01 -4.349463e-04 2.030909e+00 -4.057443e-03 4.231810e-04 9.999916e-01 -9.247350e+01
9.999886e-01 -2.963567e-03 -3.742419e-03 -3.290732e+01 2.965441e-03 9.999955e-01 4.949627e-04 2.036362e+00 3.740877e-03 -5.060503e-04 9.999928e-01 -9.283152e+01
9.999878e-01 3.054917e-03 3.887970e-03 -3.289249e+01 -3.052749e-03 9.999952e-01 -5.632041e-04 2.035817e+00 -3.889730e-03 5.513328e-04 9.999922e-01 -9.293683e+01
9.999883e-01 -3.059548e-03 -3.736982e-03 -3.291909e+01 3.061897e-03 9.999951e-01 6.226136e-04 2.039613e+00 3.735001e-03 -6.340439e-04 9.999927e-01 -9.321724e+01
9.999870e-01 3.018929e-03 4.105649e-03 -3.295350e+01 -3.016681e-03 9.999953e-01 -5.534011e-04 2.045013e+00 -4.107359e-03 5.410131e-04 9.999913e-01 -9.357417e+01
9.999879e-01 -3.098510e-03 -3.806973e-03 -3.299739e+01 3.101192e-03 9.999949e-01 6.984709e-04 2.052719e+00 3.804732e-03 -7.102639e-04 9.999924e-01 -9.405326e+01
9.999877e-01 2.893896e-03 4.019222e-03 -3.307987e+01 -2.892021e-03 9.999957e-01 -4.718637e-04 2.063457e+00 -4.020628e-03 4.602388e-04 9.999917e-01 -9.465772e+01
9.999878e-01 -2.957329e-03 -3.952713e-03 -3.312260e+01 2.959831e-03 9.999954e-01 6.267789e-04 2.070339e+00 3.950783e-03 -6.384658e-04 9.999919e-01 -9.509728e+01
9.999882e-01 3.050093e-03 3.784618e-03 -3.312800e+01 -3.047618e-03 9.999951e-01 -6.590449e-04 2.070056e+00 -3.786669e-03 6.475077e-04 9.999925e-01 -9.518386e+01
9.999852e-01 -2.742078e-03 -4.689688e-03 -3.308921e+01 2.743994e-03 9.999962e-01 4.019015e-04 2.062835e+00 4.688509e-03 -4.147593e-04 9.999888e-01 -9.497218e+01
9.999891e-01 3.086506e-03 3.501794e-03 -3.304122e+01 -3.083780e-03 9.999949e-01 -7.831051e-04 2.052381e+00 -3.504252e-03 7.723024e-04 9.999935e-01 -9.459109e+01
9.999885e-01 -3.475964e-03 -3.311818e-03 -3.318711e+01 3.479293e-03 9.999934e-01 9.997007e-04 2.064364e+00 3.308263e-03 -1.011207e-03 9.999939e-01 -9.519560e+01
9.999908e-01 2.748942e-03 3.303366e-03 -3.345988e+01 -2.747212e-03 9.999961e-01 -5.275843e-04 2.089159e+00 -3.304862e-03 5.185090e-04 9.999943e-01 -9.640906e+01
9.999887e-01 -3.352389e-03 -3.374316e-03 -3.368238e+01 3.355580e-03 9.999939e-01 9.400489e-04 2.109359e+00 3.371086e-03 -9.513561e-04 9.999938e-01 -9.741738e+01
9.999907e-01 2.851447e-03 3.230642e-03 -3.387066e+01 -2.849685e-03 9.999958e-01 -5.494237e-04 2.126493e+00 -3.232254e-03 5.402170e-04 9.999945e-01 -9.829185e+01
9.999883e-01 -3.382749e-03 -3.446374e-03 -3.406807e+01 3.385992e-03 9.999938e-01 9.353453e-04 2.144016e+00 3.443130e-03 -9.469988e-04 9.999935e-01 -9.917473e+01
9.999903e-01 2.964044e-03 3.268226e-03 -3.422837e+01 -2.962228e-03 9.999955e-01 -5.598670e-04 2.159083e+00 -3.269929e-03 5.501852e-04 9.999944e-01 -9.996373e+01
9.999879e-01 -3.477920e-03 -3.469320e-03 -3.441604e+01 3.481158e-03 9.999935e-01 9.270176e-04 2.175892e+00 3.466015e-03 -9.390786e-04 9.999935e-01 -1.008161e+02
9.999899e-01 2.971644e-03 3.365101e-03 -3.461082e+01 -2.969894e-03 9.999955e-01 -5.245376e-04 2.193717e+00 -3.366703e-03 5.145432e-04 9.999941e-01 -1.017226e+02
9.999877e-01 -3.521718e-03 -3.501897e-03 -3.481565e+01 3.524958e-03 9.999934e-01 9.189476e-04 2.212086e+00 3.498579e-03 -9.312751e-04 9.999934e-01 -1.026472e+02
9.999908e-01 2.354192e-03 3.576241e-03 -3.523325e+01 -2.352741e-03 9.999971e-01 -4.092552e-04 2.246600e+00 -3.577253e-03 4.008426e-04 9.999934e-01 -1.042390e+02
9.999901e-01 -3.611410e-03 -2.608293e-03 -3.573958e+01 3.614429e-03 9.999928e-01 1.152878e-03 2.290603e+00 2.604052e-03 -1.162289e-03 9.999958e-01 -1.062905e+02
9.999903e-01 2.431706e-03 3.658955e-03 -3.619294e+01 -2.429588e-03 9.999969e-01 -5.825224e-04 2.327310e+00 -3.660418e-03 5.736323e-04 9.999930e-01 -1.079789e+02
9.999899e-01 -3.213079e-03 -3.136599e-03 -3.651126e+01 3.216552e-03 9.999942e-01 1.102132e-03 2.353955e+00 3.132981e-03 -1.112204e-03 9.999944e-01 -1.092488e+02
9.999926e-01 1.914963e-03 3.342374e-03 -3.697588e+01 -1.913089e-03 9.999980e-01 -5.631480e-04 2.392378e+00 -3.343504e-03 5.567550e-04 9.999942e-01 -1.110073e+02
9.999921e-01 -2.852972e-03 -2.780646e-03 -3.735803e+01 2.856291e-03 9.999952e-01 1.189632e-03 2.426368e+00 2.777180e-03 -1.197559e-03 9.999953e-01 -1.126329e+02
9.999937e-01 2.276429e-03 2.714270e-03 -3.757762e+01 -2.274358e-03 9.999971e-01 -7.650989e-04 2.446039e+00 -2.716062e-03 7.589265e-04 9.999959e-01 -1.136169e+02
9.999917e-01 -2.892743e-03 -2.877501e-03 -3.780459e+01 2.896122e-03 9.999951e-01 1.170179e-03 2.465720e+00 2.874043e-03 -1.178497e-03 9.999951e-01 -1.145893e+02
9.999938e-01 2.215514e-03 2.718061e-03 -3.805869e+01 -2.213547e-03 9.999973e-01 -7.257557e-04 2.487730e+00 -2.719720e-03 7.197403e-04 9.999960e-01 -1.156656e+02
9.999920e-01 -2.799482e-03 -2.868904e-03 -3.828377e+01 2.802816e-03 9.999954e-01 1.157913e-03 2.507500e+00 2.865591e-03 -1.165939e-03 9.999951e-01 -1.166485e+02
9.999942e-01 1.983505e-03 2.754247e-03 -3.858110e+01 -1.981545e-03 9.999978e-01 -7.133306e-04 2.532569e+00 -2.755714e-03 7.078746e-04 9.999959e-01 -1.178438e+02
9.999922e-01 -2.968432e-03 -2.585465e-03 -3.896249e+01 2.971794e-03 9.999947e-01 1.296620e-03 2.565378e+00 2.581544e-03 -1.304287e-03 9.999957e-01 -1.193920e+02
9.999932e-01 2.323053e-03 2.855043e-03 -3.922421e+01 -2.320774e-03 9.999970e-01 -8.008113e-04 2.589209e+00 -2.856953e-03 7.941860e-04 9.999955e-01 -1.205698e+02
9.999911e-01 -3.151072e-03 -2.793415e-03 -3.952082e+01 3.154513e-03 9.999943e-01 1.227357e-03 2.614352e+00 2.789473e-03 -1.236152e-03 9.999953e-01 -1.217703e+02
9.999930e-01 2.334461e-03 2.916186e-03 -3.983612e+01 -2.332404e-03 9.999970e-01 -7.076433e-04 2.642134e+00 -2.917888e-03 7.008427e-04 9.999954e-01 -1.231070e+02
9.999916e-01 -2.918411e-03 -2.877996e-03 -4.006182e+01 2.921730e-03 9.999951e-01 1.148943e-03 2.662886e+00 2.874570e-03 -1.157336e-03 9.999951e-01 -1.241469e+02
9.999929e-01 2.427566e-03 2.864417e-03 -4.024780e+01 -2.425397e-03 9.999968e-01 -7.599772e-04 2.680120e+00 -2.866311e-03 7.530307e-04 9.999955e-01 -1.250302e+02
9.999916e-01 -2.904252e-03 -2.883988e-03 -4.043257e+01 2.907625e-03 9.999951e-01 1.165220e-03 2.697578e+00 2.880532e-03 -1.173590e-03 9.999951e-01 -1.259291e+02
9.999929e-01 2.382972e-03 2.909398e-03 -4.062653e+01 -2.380694e-03 9.999969e-01 -7.852736e-04 2.715348e+00 -2.911319e-03 7.783480e-04 9.999954e-01 -1.268317e+02
9.999917e-01 -2.913117e-03 -2.860018e-03 -4.082790e+01 2.916525e-03 9.999950e-01 1.187697e-03 2.734136e+00 2.856485e-03 -1.196022e-03 9.999951e-01 -1.277849e+02
9.999937e-01 1.866260e-03 3.020457e-03 -4.120301e+01 -1.864130e-03 9.999980e-01 -7.070771e-04 2.765645e+00 -3.021829e-03 7.014486e-04 9.999951e-01 -1.292557e+02
9.999928e-01 -2.925537e-03 -2.394757e-03 -4.162508e+01 2.928792e-03 9.999948e-01 1.356103e-03 2.802384e+00 2.390719e-03 -1.363100e-03 9.999961e-01 -1.309873e+02
9.999943e-01 2.121225e-03 2.617096e-03 -4.193727e+01 -2.119044e-03 9.999974e-01 -8.352633e-04 2.830376e+00 -2.618919e-03 8.297195e-04 9.999961e-01 -1.323397e+02
9.999926e-01 -3.011213e-03 -2.376262e-03 -4.228270e+01 3.014539e-03 9.999945e-01 1.396221e-03 2.861172e+00 2.371987e-03 -1.403367e-03 9.999961e-01 -1.338158e+02
9.999942e-01 2.164602e-03 2.628476e-03 -4.261293e+01 -2.162374e-03 9.999973e-01 -8.494915e-04 2.890764e+00 -2.630366e-03 8.438096e-04 9.999961e-01 -1.352401e+02
9.999926e-01 -3.028367e-03 -2.362510e-03 -4.295224e+01 3.031719e-03 9.999944e-01 1.415437e-03 2.921248e+00 2.358152e-03 -1.422582e-03 9.999961e-01 -1.367061e+02
9.999931e-01 1.295872e-03 3.471384e-03 -4.362591e+01 -1.293917e-03 9.999990e-01 -5.648572e-04 2.978801e+00 -3.472170e-03 5.603687e-04 9.999937e-01 -1.393302e+02
9.999930e-01 -2.860798e-03 -2.419467e-03 -4.424782e+01 2.864234e-03 9.999949e-01 1.417049e-03 3.032900e+00 2.415342e-03 -1.423962e-03 9.999960e-01 -1.418229e+02
9.999933e-01 9.140116e-04 3.552191e-03 -4.498171e+01 -9.119613e-04 9.999994e-01 -5.780981e-04 3.095094e+00 -3.552775e-03 5.748620e-04 9.999934e-01 -1.446336e+02
9.999927e-01 -2.857540e-03 -2.522510e-03 -4.572327e+01 2.861282e-03 9.999948e-01 1.480335e-03 3.158896e+00 2.518209e-03 -1.487534e-03 9.999956e-01 -1.475328e+02
9.999928e-01 1.368177e-03 3.545694e-03 -4.632489e+01 -1.365973e-03 9.999989e-01 -6.233025e-04 3.211817e+00 -3.546600e-03 6.184622e-04 9.999934e-01 -1.499857e+02
9.999916e-01 -3.238022e-03 -2.525944e-03 -4.703152e+01 3.241680e-03 9.999937e-01 1.444272e-03 3.271030e+00 2.521194e-03 -1.452441e-03 9.999957e-01 -1.526592e+02
9.999907e-01 1.062476e-03 4.176599e-03 -4.786517e+01 -1.060381e-03 9.999993e-01 -5.033889e-04 3.341365e+00 -4.177188e-03 4.989632e-04 9.999911e-01 -1.558227e+02
9.999924e-01 -3.348466e-03 -1.983760e-03 -4.876732e+01 3.351634e-03 9.999931e-01 1.594439e-03 3.418244e+00 1.978350e-03 -1.601068e-03 9.999967e-01 -1.592936e+02
9.999915e-01 8.093024e-04 4.044369e-03 -4.975433e+01 -8.073336e-04 9.999996e-01 -4.877646e-04 3.500951e+00 -4.044819e-03 4.845035e-04 9.999916e-01 -1.629895e+02
9.999925e-01 -3.410703e-03 -1.810203e-03 -5.078469e+01 3.413809e-03 9.999927e-01 1.713967e-03 3.588517e+00 1.804288e-03 -1.720125e-03 9.999968e-01 -1.669214e+02
9.999924e-01 1.643696e-03 3.526792e-03 -5.151673e+01 -1.641226e-03 9.999984e-01 -7.025276e-04 3.653006e+00 -3.527997e-03 6.967425e-04 9.999934e-01 -1.698964e+02
9.999895e-01 -3.183967e-03 -3.295989e-03 -5.207249e+01 3.188358e-03 9.999940e-01 1.327230e-03 3.699108e+00 3.291687e-03 -1.337716e-03 9.999936e-01 -1.719854e+02
9.999893e-01 1.394678e-03 4.414667e-03 -5.277955e+01 -1.392870e-03 9.999989e-01 -4.118614e-04 3.759666e+00 -4.415293e-03 4.057166e-04 9.999901e-01 -1.747474e+02
9.999895e-01 -3.168058e-03 -3.303138e-03 -5.346699e+01 3.172240e-03 9.999942e-01 1.260737e-03 3.817452e+00 3.299068e-03 -1.271193e-03 9.999937e-01 -1.773690e+02
9.999884e-01 1.119068e-03 4.688859e-03 -5.425974e+01 -1.117552e-03 9.999993e-01 -3.252705e-04 3.884527e+00 -4.689276e-03 3.200357e-04 9.999889e-01 -1.803972e+02
9.999910e-01 -2.515705e-03 -3.402436e-03 -5.480689e+01 2.519364e-03 9.999963e-01 1.070550e-03 3.932426e+00 3.399674e-03 -1.079103e-03 9.999935e-01 -1.826210e+02
9.999895e-01 8.283463e-04 4.501678e-03 -5.543688e+01 -8.268249e-04 9.999996e-01 -3.391774e-04 3.986011e+00 -4.502013e-03 3.354610e-04 9.999897e-01 -1.850602e+02
9.999921e-01 -1.934942e-03 -3.481699e-03 -5.590915e+01 1.938782e-03 9.999975e-01 1.098971e-03 4.028985e+00 3.479508e-03 -1.105703e-03 9.999932e-01 -1.871047e+02
9.999930e-01 1.392317e-03 3.480928e-03 -5.612053e+01 -1.389992e-03 9.999988e-01 -6.693654e-04 4.048429e+00 -3.481912e-03 6.645316e-04 9.999936e-01 -1.880863e+02
9.999915e-01 -2.121018e-03 -3.530951e-03 -5.638821e+01 2.124923e-03 9.999971e-01 1.101886e-03 4.071339e+00 3.528548e-03 -1.109370e-03 9.999931e-01 -1.891960e+02
9.999925e-01 1.555591e-03 3.550635e-03 -5.660198e+01 -1.553161e-03 9.999986e-01 -6.862073e-04 4.091039e+00 -3.551754e-03 6.806969e-04 9.999934e-01 -1.901875e+02
9.999916e-01 -1.973338e-03 -3.592952e-03 -5.675837e+01 1.977105e-03 9.999975e-01 1.044599e-03 4.105921e+00 3.590826e-03 -1.051684e-03 9.999929e-01 -1.909687e+02
9.999924e-01 1.530453e-03 3.574546e-03 -5.692752e+01 -1.528087e-03 9.999986e-01 -6.637526e-04 4.122224e+00 -3.575612e-03 6.582950e-04 9.999933e-01 -1.918171e+02
9.999915e-01 -1.963065e-03 -3.615516e-03 -5.709128e+01 1.966808e-03 9.999975e-01 1.031230e-03 4.137606e+00 3.613426e-03 -1.038322e-03 9.999928e-01 -1.926199e+02
9.999932e-01 1.341311e-03 3.445238e-03 -5.732090e+01 -1.339127e-03 9.999989e-01 -6.352148e-04 4.156759e+00 -3.446142e-03 6.306066e-04 9.999938e-01 -1.935607e+02
9.999923e-01 -1.965319e-03 -3.396867e-03 -5.756796e+01 1.969053e-03 9.999975e-01 1.095543e-03 4.178317e+00 3.394649e-03 -1.102213e-03 9.999935e-01 -1.946221e+02
9.999910e-01 4.076421e-04 4.232257e-03 -5.814680e+01 -4.056050e-04 9.999998e-01 -4.814371e-04 4.223980e+00 -4.232509e-03 4.797260e-04 9.999908e-01 -1.966630e+02
9.999953e-01 -2.146669e-03 -2.187277e-03 -5.884768e+01 2.149549e-03 9.999968e-01 1.313944e-03 4.280339e+00 2.184394e-03 -1.318630e-03 9.999967e-01 -1.991906e+02
9.999940e-01 9.058142e-04 3.341783e-03 -5.934415e+01 -9.035204e-04 9.999994e-01 -6.869137e-04 4.319334e+00 -3.342459e-03 6.839003e-04 9.999941e-01 -2.009591e+02
9.999947e-01 -2.830219e-03 -1.604640e-03 -6.008265e+01 2.832596e-03 9.999949e-01 1.478980e-03 4.379474e+00 1.600391e-03 -1.483507e-03 9.999975e-01 -2.036422e+02
9.999864e-01 3.886095e-04 5.208468e-03 -6.103585e+01 -3.859150e-04 9.999998e-01 -5.177094e-04 4.456614e+00 -5.208723e-03 5.157026e-04 9.999862e-01 -2.070624e+02
9.999945e-01 -3.325862e-03 -4.827844e-05 -6.221768e+01 3.325940e-03 9.999931e-01 1.641616e-03 4.549958e+00 4.276365e-05 -1.641757e-03 9.999986e-01 -2.111335e+02
9.999903e-01 6.584391e-04 4.359209e-03 -6.330227e+01 -6.561257e-04 9.999996e-01 -5.313388e-04 4.636325e+00 -4.359612e-03 5.284841e-04 9.999903e-01 -2.149278e+02
9.999959e-01 -2.832573e-03 -4.967836e-04 -6.420164e+01 2.833342e-03 9.999948e-01 1.546189e-03 4.708901e+00 4.923474e-04 -1.547579e-03 9.999986e-01 -2.181560e+02
9.999909e-01 3.161532e-04 4.253288e-03 -6.520543e+01 -3.139317e-04 9.999998e-01 -5.221726e-04 4.789518e+00 -4.253506e-03 5.208437e-04 9.999907e-01 -2.217107e+02
9.999957e-01 -2.902653e-03 -3.486173e-04 -6.624932e+01 2.903228e-03 9.999944e-01 1.650369e-03 4.874434e+00 3.437716e-04 -1.651363e-03 9.999985e-01 -2.254731e+02
9.999943e-01 2.849783e-04 3.374255e-03 -6.728288e+01 -2.832335e-04 9.999998e-01 -5.165518e-04 4.960656e+00 -3.374455e-03 5.156046e-04 9.999941e-01 -2.293148e+02
9.999956e-01 -2.725020e-03 -1.136936e-03 -6.823401e+01 2.726881e-03 9.999949e-01 1.635819e-03 5.042362e+00 1.132420e-03 -1.638901e-03 9.999979e-01 -2.329993e+02
9.999962e-01 8.411359e-04 2.608996e-03 -6.897442e+01 -8.393530e-04 9.999994e-01 -6.830451e-04 5.106172e+00 -2.609622e-03 6.808644e-04 9.999963e-01 -2.359117e+02
9.999959e-01 -2.750223e-03 -7.979287e-04 -6.971962e+01 2.751466e-03 9.999950e-01 1.556656e-03 5.168334e+00 7.935911e-04 -1.558834e-03 9.999984e-01 -2.387154e+02
9.999927e-01 2.950400e-04 3.799657e-03 -7.066715e+01 -2.928671e-04 9.999998e-01 -5.715062e-04 5.246812e+00 -3.799877e-03 5.704013e-04 9.999925e-01 -2.422133e+02
9.999958e-01 -2.615013e-03 -1.211549e-03 -7.158037e+01 2.616976e-03 9.999953e-01 1.619299e-03 5.323767e+00 1.207257e-03 -1.622450e-03 9.999979e-01 -2.456690e+02
9.999960e-01 5.858446e-04 2.763717e-03 -7.237780e+01 -5.841376e-04 9.999996e-01 -6.171318e-04 5.392610e+00 -2.764130e-03 6.155273e-04 9.999959e-01 -2.488001e+02
9.999970e-01 -2.455064e-03 7.758979e-06 -7.313729e+01 2.455052e-03 9.999957e-01 1.577798e-03 5.459993e+00 -1.168414e-05 -1.577762e-03 9.999987e-01 -2.519102e+02
9.999977e-01 5.445686e-04 2.047034e-03 -7.384487e+01 -5.428840e-04 9.999995e-01 -8.216269e-04 5.520316e+00 -2.047532e-03 8.205264e-04 9.999975e-01 -2.546427e+02
9.999986e-01 -1.577721e-03 -5.162963e-04 -7.430620e+01 1.578539e-03 9.999975e-01 1.580269e-03 5.564633e+00 5.137505e-04 -1.581069e-03 9.999985e-01 -2.567922e+02
9.999992e-01 1.150276e-04 1.247855e-03 -7.482954e+01 -1.137289e-04 9.999995e-01 -1.037892e-03 5.606878e+00 -1.248025e-03 1.037762e-03 9.999986e-01 -2.586990e+02
9.999980e-01 -1.733035e-03 9.411848e-04 -7.549987e+01 1.731213e-03 9.999966e-01 1.936650e-03 5.664287e+00 -9.445889e-04 -1.935004e-03 9.999976e-01 -2.613413e+02
9.999999e-01 1.918405e-04 4.330297e-04 -7.609727e+01 -1.913407e-04 9.999993e-01 -1.145494e-03 5.716361e+00 -4.333001e-04 1.145424e-03 9.999992e-01 -2.637449e+02
9.999977e-01 -1.812075e-03 1.110243e-03 -7.674102e+01 1.809837e-03 9.999963e-01 2.017045e-03 5.772812e+00 -1.113945e-03 -2.015018e-03 9.999973e-01 -2.663475e+02
9.999996e-01 6.236695e-04 -6.848195e-04 -7.717641e+01 -6.246474e-04 9.999988e-01 -1.433974e-03 5.811193e+00 6.838737e-04 1.434415e-03 9.999986e-01 -2.681429e+02
9.999968e-01 -1.880506e-03 1.666512e-03 -7.766154e+01 1.876962e-03 9.999960e-01 2.128377e-03 5.855568e+00 -1.670558e-03 -2.125229e-03 9.999963e-01 -2.702324e+02
9.999996e-01 7.313974e-04 -4.056249e-04 -7.810898e+01 -7.320016e-04 9.999986e-01 -1.500464e-03 5.897177e+00 4.044764e-04 1.500774e-03 9.999987e-01 -2.722079e+02
9.999939e-01 -2.694196e-03 2.208929e-03 -7.882989e+01 2.689221e-03 9.999938e-01 2.253651e-03 5.957367e+00 -2.215038e-03 -2.247684e-03 9.999949e-01 -2.749163e+02
9.999993e-01 8.281739e-04 8.731588e-04 -7.956574e+01 -8.268483e-04 9.999985e-01 -1.513231e-03 6.015062e+00 -8.744607e-04 1.512521e-03 9.999984e-01 -2.774686e+02
9.999952e-01 -2.735357e-03 1.482384e-03 -8.030985e+01 2.731857e-03 9.999935e-01 2.360390e-03 6.077450e+00 -1.488880e-03 -2.356315e-03 9.999960e-01 -2.802801e+02
9.999984e-01 1.776947e-03 -9.934207e-06 -8.071154e+01 -1.776957e-03 9.999969e-01 -1.722644e-03 6.116025e+00 6.823442e-06 1.722673e-03 9.999984e-01 -2.821596e+02
9.999969e-01 -2.253252e-03 1.074665e-03 -8.088844e+01 2.251106e-03 9.999955e-01 1.997427e-03 6.133580e+00 -1.079210e-03 -1.994988e-03 9.999973e-01 -2.830585e+02
9.999990e-01 1.384260e-03 -2.716488e-04 -8.120158e+01 -1.384673e-03 9.999979e-01 -1.537208e-03 6.163887e+00 2.694708e-04 1.537596e-03 9.999987e-01 -2.845241e+02
9.999980e-01 -1.926320e-03 5.810492e-04 -8.140906e+01 1.925174e-03 9.999962e-01 1.973633e-03 6.188494e+00 -5.848983e-04 -1.972496e-03 9.999978e-01 -2.858065e+02
9.999985e-01 1.687149e-03 -4.001801e-04 -8.151074e+01 -1.687811e-03 9.999972e-01 -1.669778e-03 6.201187e+00 3.973124e-04 1.670465e-03 9.999984e-01 -2.865120e+02
9.999974e-01 -2.216997e-03 5.864154e-04 -8.169012e+01 2.215806e-03 9.999955e-01 2.029128e-03 6.220503e+00 -5.909607e-04 -2.027809e-03 9.999977e-01 -2.875062e+02
9.999991e-01 1.304594e-03 -8.178996e-05 -8.201472e+01 -1.304712e-03 9.999980e-01 -1.508774e-03 6.253360e+00 7.977207e-05 1.508893e-03 9.999988e-01 -2.891093e+02
9.999977e-01 -2.056717e-03 5.432998e-04 -8.229749e+01 2.055617e-03 9.999958e-01 2.025586e-03 6.282527e+00 -5.475130e-04 -2.024450e-03 9.999977e-01 -2.905563e+02
9.999989e-01 8.414392e-04 1.180037e-03 -8.275486e+01 -8.396871e-04 9.999985e-01 -1.481258e-03 6.320947e+00 -1.181331e-03 1.480280e-03 9.999981e-01 -2.923353e+02
9.999986e-01 -1.588511e-03 -5.095989e-04 -8.303833e+01 1.589500e-03 9.999969e-01 1.938012e-03 6.348988e+00 5.064697e-04 -1.938805e-03 9.999979e-01 -2.937177e+02
9.999992e-01 1.109295e-03 5.613429e-04 -8.318357e+01 -1.108408e-03 9.999982e-01 -1.570288e-03 6.369189e+00 -5.631329e-04 1.569679e-03 9.999985e-01 -2.948134e+02
9.999984e-01 -1.727460e-03 -4.135972e-04 -8.338753e+01 1.728282e-03 9.999965e-01 1.987258e-03 6.393239e+00 4.101138e-04 -1.987955e-03 9.999978e-01 -2.960609e+02
9.999992e-01 1.199898e-03 4.959097e-04 -8.357482e+01 -1.199114e-03 9.999980e-01 -1.570801e-03 6.414408e+00 -4.978426e-04 1.570220e-03 9.999986e-01 -2.971637e+02
9.999984e-01 -1.734924e-03 -4.158712e-04 -8.376396e+01 1.735741e-03 9.999966e-01 1.963890e-03 6.433518e+00 4.124135e-04 -1.964594e-03 9.999979e-01 -2.981455e+02
9.999993e-01 1.085670e-03 5.330698e-04 -8.400944e+01 -1.084867e-03 9.999983e-01 -1.497182e-03 6.456801e+00 -5.347434e-04 1.496617e-03 9.999986e-01 -2.993052e+02
